	JE_Soil_50	JE_Soil_51	JE_Soil_52	JE_Soil_54	JE_Soil_56	JE_Soil_57	JE_Soil_58	JE_Soil_59	JE_Soil_60	JE_Soil_62	JE_Soil_63	JE_Soil_64	JE_Soil_66	JE_Soil_67	JE_Soil_68	JE_Soil_70	JE_Soil_71	JE_Soil_72	JE_Soil_74	JE_Soil_75	JE_Soil_76	JE_Soil_78	JE_Soil_80	JE_Soil_82	JE_Soil_83	JE_Soil_84	JE_Soil_86	JE_Soil_87	JE_Soil_88	JE_Soil_91	JE_Soil_92	JE_Soil_95	JE_Soil_96	JE_Soil_227	JE_Soil_228	JE_Soil_229	JE_Soil_231	JE_Soil_232	JE_Soil_233	JE_Soil_234	JE_Soil_235	JE_Soil_236	JE_Soil_239	JE_Soil_240	JE_Soil_241	JE_Soil_244	JE_Soil_248	JE_Soil_249	JE_Soil_250	JE_Soil_252	JE_Soil_253	JE_Soil_254	JE_Soil_256	JE_Soil_257	JE_Soil_258	JE_Soil_260	JE_Soil_262	JE_Soil_264	JE_Soil_265	JE_Soil_266	JE_Soil_268	JE_Soil_269	JE_Soil_270	JE_Soil_272	JE_TC_4	JE_TC_5	JE_TC_6	JE_TC_7	JE_TC_8	JE_TC_9	JE_TC_10	JE_TC_11	JE_TC_12	JE_TC_13	JE_TC_14	JE_TC_15	JE_TC_16	JE_TC_17	JE_TC_18	JE_TC_19	JE_TC_20	JE_TC_21	JE_TC_22	JE_TC_23	JE_TC_24	JE_TC_25	JE_TC_26	JE_TC_27	JE_TC_28	JE_TC_29	JE_TC_30	JE_TC_31	JE_TC_32	JE_TC_33	JE_TC_34	JE_TC_35	JE_TC_36	JE_TC_37	JE_TC_38	JE_TC_40	JE_TC_41	JE_TC_42	JE_TC_43	JE_TC_44	JE_TC_45	JE_TC_46	JE_TC_47	JE_TC_48	JE_TC_49	JE_TC_50	JE_TC_51	JE_TC_52	JE_TC_53	JE_TC_54	JE_TC_55	JE_TC_56	JE_TC_57	JE_TC_58	JE_TC_59	JE_TC_60	JE_TC_61	JE_TC_62	JE_TC_63	JE_TC_64	JE_TC_65	JE_TC_66	JE_TC_67	JE_TC_68	JE_TC_69	JE_TC_70	JE_TC_71	JE_TC_72	JE_TC_73	JE_TC_74	JE_TC_75	JE_TC_76	JE_TC_77	JE_TC_78	JE_TC_79	JE_TC_80	JE_TC_81	JE_TC_82	JE_TC_83
JE_Soil_50	0	1.04819	1.2511	0.411019	1.24077	0.618635	0.474196	1.03767	1.32879	0.652753	1.08683	1.25807	0.554821	1.08386	1.24004	0.521404	1.05654	1.29621	0.41546	0.995316	1.23631	0.513377	1.28141	0.533089	0.935749	1.32428	0.734004	0.885754	1.31897	0.948768	1.30299	0.901729	1.30258	0.779845	1.17194	0.630991	0.717821	1.22662	0.57438	0.588966	0.844732	1.24365	0.945884	1.23776	0.626725	1.22341	1.30684	0.615967	0.529994	1.23638	0.611437	0.631863	1.21534	0.580258	0.492171	1.25552	0.646665	1.24245	0.64064	0.626752	1.23073	0.607994	0.599444	1.32424	1.40133	1.39696	1.40904	0.940026	0.914284	0.872373	0.934766	0.89881	0.956606	1.17198	1.13114	1.07403	1.33803	1.36565	1.3341	0.811986	0.856615	0.875634	0.973545	0.910234	0.914915	1.1384	1.22187	1.22268	1.35031	1.33883	1.3662	0.828947	0.879934	0.967261	1.03194	1.08249	1.12955	1.21964	1.21753	1.34067	1.3319	0.826063	0.944146	0.832143	0.969349	1.15069	1.36461	0.992114	0.957342	0.949427	1.17999	1.19201	1.09507	1.31776	1.32333	1.29036	0.834934	0.810568	0.917249	0.92769	0.912769	0.91305	1.23959	1.17495	1.16605	1.32424	1.31432	1.3164	0.887715	0.850865	0.846386	0.91803	0.942502	0.959838	1.18557	1.21556	1.25383	1.27362	1.26736	1.26866	0.771934	0.780415	0.824702
JE_Soil_51	1.04819	0	1.04057	1.03868	0.990058	1.09967	1.04258	0.918659	1.17233	1.06151	0.925788	1.04147	1.02448	0.855499	1.02629	1.00382	0.904405	1.11819	1.09854	0.915395	1.02602	1.04596	1.05791	1.06924	0.917368	1.16353	1.01598	0.899548	1.14074	0.890025	1.14558	0.89644	1.09935	0.936603	0.98426	1.10871	0.953649	1.01174	1.14018	1.08488	0.897836	1.00285	0.907047	1.02652	1.1186	1.01666	1.11997	1.13076	1.03359	1.04239	1.10939	1.04729	1.02568	1.11044	1.03984	1.00601	1.05379	1.05008	1.12634	1.02704	1.01778	1.11453	1.03195	1.17894	1.37052	1.36305	1.37817	1.17248	1.17599	1.16013	1.16551	1.16581	1.14833	1.1725	1.07659	1.18944	1.29888	1.31722	1.30537	1.17391	1.16334	1.17643	1.16981	1.16127	1.14276	1.21238	1.23144	1.19875	1.32861	1.2841	1.33169	1.18505	1.18691	1.19361	1.15565	1.1404	1.1408	1.17914	1.19096	1.30918	1.25424	1.14097	1.15947	1.16946	1.18076	1.17439	1.32777	1.16931	1.12543	1.14232	1.2104	1.17195	1.15476	1.288	1.27405	1.25415	1.17974	1.18537	1.20346	1.12833	1.11007	1.15586	1.1492	1.15183	1.14824	1.24443	1.23955	1.23667	1.17589	1.1666	1.18284	1.1339	1.1074	1.0819	1.11635	1.14642	1.14411	1.18482	1.19916	1.14647	1.14949	1.15205	1.17988
JE_Soil_52	1.2511	1.04057	0	1.25797	0.608947	1.32427	1.25433	1.03295	0.811703	1.2694	0.998638	0.826709	1.23572	0.947551	0.799213	1.23496	0.923272	0.793715	1.28796	0.995413	0.567069	1.26807	0.680145	1.28863	1.02901	0.832187	1.25068	1.01737	0.852837	0.956938	0.841702	1.0526	0.902616	1.0777	0.825673	1.32426	1.11377	0.776097	1.33183	1.29152	1.0064	0.765049	0.985684	0.821866	1.31401	0.812597	0.886146	1.32197	1.19977	0.763898	1.31423	1.20883	0.935837	1.32469	1.23561	0.833339	1.20368	0.86863	1.32459	1.23631	0.893244	1.31005	1.23884	1.08479	1.23936	1.25055	1.23459	1.33105	1.33189	1.33015	1.34706	1.34116	1.3549	1.32875	1.25893	1.35551	1.25791	1.22826	1.25856	1.34288	1.33428	1.33957	1.34447	1.34909	1.33424	1.32375	1.33038	1.31142	1.27163	1.27178	1.26387	1.3395	1.34814	1.34847	1.33065	1.33927	1.33657	1.30027	1.31703	1.25737	1.23269	1.33572	1.32912	1.33915	1.34832	1.32101	1.26034	1.33898	1.33832	1.33901	1.3391	1.30074	1.28938	1.3322	1.26481	1.23733	1.34496	1.34648	1.3566	1.32532	1.32389	1.331	1.25294	1.25349	1.24478	1.2264	1.20587	1.18723	1.35005	1.33798	1.34645	1.31921	1.31336	1.31334	1.25038	1.27639	1.30041	1.24607	1.26835	1.21415	1.32991	1.33153	1.34947
JE_Soil_54	0.411019	1.03868	1.25797	0	1.2462	0.578299	0.369753	1.02441	1.33021	0.543104	1.07294	1.26566	0.532714	1.08261	1.23218	0.460675	1.04946	1.30027	0.393139	0.999158	1.24065	0.424781	1.28721	0.471531	0.91905	1.31632	0.648613	0.850268	1.31458	0.915477	1.30159	0.873908	1.30077	0.720853	1.16004	0.60378	0.681737	1.21597	0.484954	0.558629	0.815687	1.23125	0.916785	1.22468	0.547829	1.20728	1.30914	0.613148	0.50072	1.24101	0.556454	0.581545	1.22408	0.495689	0.434498	1.2428	0.587039	1.23163	0.595466	0.564128	1.21321	0.508725	0.567869	1.3334	1.40024	1.39516	1.40919	0.902494	0.865123	0.845376	0.934388	0.899789	0.961102	1.176	1.1307	1.08441	1.3504	1.36468	1.33851	0.773739	0.849903	0.836434	0.974232	0.908907	0.918979	1.14071	1.22815	1.22973	1.353	1.35031	1.3685	0.767619	0.838239	0.940781	1.03162	1.09421	1.14312	1.22485	1.23323	1.34747	1.33931	0.799234	0.909203	0.796719	0.985621	1.16493	1.3678	0.995924	0.969323	0.948624	1.19239	1.2026	1.10694	1.3305	1.32808	1.2953	0.821776	0.781662	0.890865	0.926367	0.909959	0.908068	1.25279	1.18322	1.18153	1.32723	1.31744	1.31987	0.86916	0.799612	0.787102	0.91151	0.959288	0.957449	1.21767	1.24195	1.27969	1.30498	1.29038	1.28407	0.698648	0.711635	0.794498
JE_Soil_56	1.24077	0.990058	0.608947	1.2462	0	1.31471	1.24042	0.953489	0.914827	1.25826	0.921795	0.748152	1.22656	0.822078	0.55753	1.21624	0.764794	0.77887	1.27425	0.958414	0.593696	1.25518	0.599428	1.27934	0.972953	0.8307	1.23416	0.918065	0.787418	0.926361	0.844622	0.976185	0.829534	1.01214	0.722931	1.31094	1.05342	0.593899	1.32638	1.27437	0.957776	0.712519	0.924158	0.715904	1.30585	0.698341	0.776568	1.30688	1.17714	0.671916	1.30553	1.20499	0.761324	1.31415	1.21032	0.720857	1.1924	0.816169	1.3136	1.21725	0.74264	1.30464	1.21181	1.05483	1.27215	1.28	1.27236	1.32251	1.32429	1.32044	1.326	1.32011	1.33309	1.30241	1.23458	1.33528	1.26278	1.23627	1.25128	1.33093	1.3163	1.32663	1.32484	1.32793	1.30964	1.29628	1.2973	1.27012	1.26246	1.26066	1.25528	1.33235	1.33202	1.32791	1.32005	1.32241	1.31389	1.28498	1.27524	1.2467	1.21691	1.32107	1.31662	1.32518	1.3166	1.28605	1.2506	1.31047	1.31126	1.31215	1.30579	1.25535	1.24357	1.30777	1.22962	1.20884	1.32869	1.33007	1.3391	1.29073	1.28571	1.29692	1.16437	1.15918	1.16803	1.13497	1.12961	1.09462	1.32714	1.32201	1.33109	1.29279	1.28344	1.2887	1.2094	1.21761	1.2522	1.20218	1.19365	1.13021	1.32215	1.32115	1.33628
JE_Soil_57	0.618635	1.09967	1.32427	0.578299	1.31471	0	0.57885	1.09246	1.35862	0.673021	1.13847	1.31516	0.674884	1.15862	1.30747	0.661374	1.15396	1.34474	0.598359	1.04598	1.30093	0.555264	1.33001	0.513006	0.961407	1.35221	0.728582	0.967228	1.35107	0.998897	1.33909	0.956759	1.3362	0.852725	1.26346	0.557843	0.782064	1.29002	0.478771	0.560913	0.947824	1.29721	1.02878	1.29744	0.591519	1.28058	1.35269	0.71129	0.688783	1.30184	0.567563	0.799001	1.29396	0.463998	0.653752	1.30564	0.798252	1.30566	0.65154	0.734414	1.28387	0.628747	0.716081	1.36133	1.40228	1.39928	1.41076	0.992866	0.955765	0.921423	1.00313	0.980484	1.00219	1.21494	1.17576	1.11503	1.37458	1.38314	1.36425	0.853415	0.930938	0.902998	1.04456	0.978808	1.0052	1.18887	1.24713	1.27284	1.37505	1.36801	1.38463	0.839426	0.918822	1.00129	1.09032	1.1309	1.17919	1.2569	1.27359	1.36667	1.36166	0.866451	0.98638	0.87527	1.03137	1.20435	1.37988	1.05561	0.989478	0.988819	1.23036	1.22277	1.13966	1.35489	1.34508	1.31149	0.873915	0.83898	0.912247	0.979008	0.96818	0.969195	1.28542	1.22831	1.22531	1.35222	1.34707	1.35002	0.912737	0.861895	0.865298	0.982085	0.993775	0.987183	1.24895	1.26783	1.29805	1.32712	1.30946	1.30687	0.784431	0.75955	0.802928
JE_Soil_58	0.474196	1.04258	1.25433	0.369753	1.24042	0.57885	0	1.01749	1.32519	0.519322	1.07139	1.26282	0.531773	1.10347	1.23289	0.433285	1.04588	1.29254	0.440507	1.02687	1.22732	0.420341	1.28212	0.450689	0.910863	1.31599	0.609314	0.825887	1.31468	0.904264	1.29738	0.843079	1.29233	0.705984	1.15788	0.636779	0.649772	1.22124	0.516365	0.516371	0.778869	1.22607	0.885093	1.22149	0.585075	1.1989	1.30703	0.659983	0.493051	1.23813	0.574882	0.601175	1.21614	0.487892	0.44135	1.23418	0.581403	1.22904	0.607324	0.570437	1.20712	0.550402	0.594838	1.32786	1.40129	1.39659	1.41028	0.914136	0.884603	0.86228	0.951956	0.916704	0.981714	1.19396	1.13574	1.09211	1.36398	1.37318	1.35039	0.789408	0.857724	0.846791	0.991634	0.93311	0.940194	1.15053	1.24612	1.2473	1.36395	1.36006	1.37573	0.783407	0.849271	0.954968	1.03734	1.10841	1.15802	1.23062	1.25334	1.35798	1.34852	0.798857	0.913325	0.806909	1.00176	1.18009	1.37389	1.01532	0.97715	0.962522	1.21576	1.22057	1.11569	1.34881	1.33724	1.30106	0.829002	0.793525	0.891355	0.927319	0.928606	0.921427	1.25606	1.19494	1.19964	1.33497	1.32593	1.3305	0.881866	0.803242	0.799293	0.922084	0.963099	0.965779	1.22031	1.25717	1.29361	1.30823	1.31112	1.30287	0.72999	0.713769	0.79334
JE_Soil_59	1.03767	0.918659	1.03295	1.02441	0.953489	1.09246	1.01749	0	1.15876	1.02615	0.824657	1.01029	1.01035	0.897395	0.949236	0.987199	0.8236	1.08672	1.06375	0.909369	0.985199	1.03445	1.03889	1.04736	0.851911	1.09501	1.00268	0.822208	1.10306	0.840326	1.10083	0.847339	1.09263	0.869626	0.913287	1.09655	0.872759	0.930288	1.11621	1.04081	0.837856	0.945978	0.847346	0.939135	1.09619	0.959898	1.08568	1.11404	0.984869	0.983347	1.08783	1.05404	0.991792	1.09086	0.993158	0.964538	1.0163	1.00765	1.09486	1.00133	0.956499	1.09055	1.01506	1.17277	1.37978	1.36987	1.38991	1.16066	1.16552	1.13673	1.13981	1.14815	1.14899	1.19423	1.11799	1.19451	1.31365	1.32803	1.30619	1.14506	1.13459	1.13515	1.16796	1.14408	1.13433	1.20393	1.22755	1.20983	1.31075	1.28035	1.32852	1.14638	1.14824	1.14532	1.17132	1.18624	1.19543	1.21399	1.22549	1.29911	1.27841	1.10937	1.1506	1.13853	1.13275	1.16706	1.32929	1.1561	1.1243	1.13437	1.22243	1.17288	1.1124	1.28769	1.26992	1.23916	1.13624	1.14234	1.1488	1.1209	1.10494	1.12221	1.16389	1.13604	1.1337	1.2288	1.2111	1.20991	1.1384	1.12656	1.13854	1.12932	1.11228	1.1284	1.15982	1.17228	1.23672	1.20989	1.20659	1.18998	1.11917	1.11312	1.14261
JE_Soil_60	1.32879	1.17233	0.811703	1.33021	0.914827	1.35862	1.32519	1.15876	0	1.33436	1.08531	0.945971	1.30996	1.07598	1.01411	1.30919	1.12021	0.813509	1.34573	1.20102	0.960218	1.33403	0.881579	1.34273	1.14378	0.612558	1.2924	1.14961	0.714002	1.07738	0.903902	1.18937	0.940275	1.22756	1.10673	1.35829	1.23198	1.05602	1.37166	1.33533	1.15082	0.864185	1.12528	0.99376	1.35451	1.00009	0.918316	1.35712	1.29008	1.00362	1.35905	1.30888	1.10291	1.36403	1.31399	0.930636	1.28437	1.00249	1.36623	1.29876	1.06819	1.35809	1.30883	1.13774	1.18819	1.20097	1.18148	1.36533	1.36859	1.36667	1.3686	1.36645	1.3745	1.34667	1.30853	1.37032	1.24572	1.20109	1.24602	1.37294	1.36499	1.3745	1.3649	1.36958	1.35843	1.34346	1.33281	1.33307	1.26416	1.26908	1.25901	1.37467	1.37449	1.37543	1.35502	1.35423	1.3517	1.3246	1.33416	1.25201	1.22814	1.36609	1.36506	1.37448	1.3672	1.34162	1.25123	1.359	1.35773	1.35875	1.35369	1.31262	1.32826	1.33997	1.27252	1.26944	1.37902	1.37623	1.38127	1.35167	1.34005	1.35559	1.28263	1.29046	1.27587	1.23664	1.22597	1.19481	1.37813	1.37041	1.37396	1.34905	1.34637	1.33697	1.29354	1.31245	1.31496	1.27299	1.2881	1.26169	1.37165	1.37017	1.37822
JE_Soil_62	0.652753	1.06151	1.2694	0.543104	1.25826	0.673021	0.519322	1.02615	1.33436	0	1.04772	1.28381	0.528797	1.08869	1.24501	0.519923	1.04988	1.30594	0.602835	1.0405	1.25285	0.585173	1.2956	0.546048	0.905352	1.3188	0.473039	0.820449	1.31904	0.8679	1.30527	0.817264	1.30322	0.731126	1.20139	0.659956	0.729353	1.2326	0.650114	0.58919	0.807989	1.24084	0.876732	1.23521	0.596358	1.22187	1.31322	0.698153	0.601298	1.2567	0.604236	0.726672	1.24275	0.588333	0.564105	1.25273	0.60564	1.24963	0.576881	0.541386	1.22439	0.593345	0.620527	1.33977	1.39836	1.39209	1.40886	0.859667	0.848407	0.844579	0.887156	0.898683	0.925747	1.15735	1.12826	1.05547	1.32944	1.36469	1.32818	0.763697	0.83404	0.782566	0.955894	0.890023	0.899881	1.12186	1.21913	1.23655	1.35458	1.3469	1.36799	0.740145	0.771504	0.884501	1.02676	1.07458	1.12299	1.2178	1.23545	1.34172	1.33289	0.759013	0.876253	0.762097	0.946417	1.14262	1.36701	0.965951	0.946835	0.925629	1.19516	1.19689	1.09552	1.33188	1.32496	1.28729	0.780161	0.745848	0.795847	0.879195	0.868118	0.853349	1.24577	1.16983	1.17061	1.3219	1.31433	1.31506	0.807075	0.716351	0.72835	0.863211	0.920567	0.925984	1.21032	1.24954	1.28917	1.30463	1.30137	1.29278	0.696796	0.681712	0.719702
JE_Soil_63	1.08683	0.925788	0.998638	1.07294	0.921795	1.13847	1.07139	0.824657	1.08531	1.04772	0	0.87934	1.04102	0.874414	0.924311	1.03602	0.841134	1.02801	1.11141	0.974146	0.993137	1.08766	0.991279	1.08565	0.90209	1.05479	1.02192	0.84545	1.02786	0.81762	1.0308	0.843646	0.961894	0.931101	0.928196	1.13099	0.955275	0.932218	1.15532	1.09043	0.866414	0.925377	0.876119	0.920746	1.12394	0.935696	0.988478	1.14002	1.0352	0.973437	1.11928	1.09194	0.933332	1.12469	1.06424	0.948324	1.04171	0.942871	1.11753	1.03461	0.938963	1.11214	1.06382	1.07436	1.35701	1.35357	1.36782	1.15415	1.16669	1.15273	1.14599	1.16369	1.15325	1.19091	1.1436	1.193	1.27937	1.31621	1.28947	1.15977	1.15312	1.15125	1.17431	1.1541	1.14958	1.20372	1.19979	1.21989	1.31022	1.28119	1.32238	1.1615	1.1591	1.16337	1.17815	1.17969	1.17896	1.20839	1.20864	1.29187	1.26178	1.11991	1.15226	1.14929	1.17016	1.18643	1.32696	1.16609	1.14827	1.15183	1.2231	1.19055	1.14499	1.29178	1.27054	1.23935	1.15697	1.15727	1.1639	1.12822	1.11325	1.13908	1.15934	1.13303	1.13628	1.21169	1.20661	1.19294	1.15708	1.13214	1.15089	1.14134	1.13604	1.13182	1.17051	1.17091	1.22828	1.19185	1.206	1.20162	1.14233	1.13664	1.15303
JE_Soil_64	1.25807	1.04147	0.826709	1.26566	0.748152	1.31516	1.26282	1.01029	0.945971	1.28381	0.87934	0	1.23639	0.922711	0.739257	1.22981	0.867519	0.882843	1.29561	1.0609	0.847238	1.27197	0.793834	1.29686	1.02803	0.894646	1.23881	0.971626	0.812071	0.968269	0.908157	1.00042	0.853157	1.07993	0.803445	1.32722	1.11264	0.805578	1.34128	1.30896	0.982543	0.784373	0.947452	0.729989	1.31486	0.79249	0.865212	1.3134	1.2193	0.775716	1.31209	1.21626	0.786492	1.33037	1.23955	0.772774	1.20771	0.74613	1.32277	1.22344	0.795468	1.31229	1.2217	0.896088	1.3091	1.31788	1.31039	1.31766	1.32935	1.32095	1.33699	1.33092	1.34527	1.31674	1.23307	1.34918	1.30762	1.29598	1.29579	1.34134	1.31845	1.33758	1.32966	1.33637	1.31619	1.31613	1.27631	1.29544	1.31365	1.30039	1.30343	1.34211	1.34499	1.34564	1.31095	1.31085	1.30876	1.28303	1.29381	1.29136	1.25855	1.31888	1.31026	1.33551	1.33597	1.31175	1.30869	1.31997	1.312	1.31203	1.32004	1.2737	1.2559	1.33562	1.28387	1.23854	1.34632	1.34212	1.35356	1.30149	1.31463	1.32448	1.21387	1.23453	1.23364	1.22324	1.2167	1.19083	1.34642	1.33128	1.34397	1.30054	1.27725	1.27455	1.21194	1.22549	1.22913	1.17998	1.22637	1.18111	1.33527	1.32866	1.34626
JE_Soil_66	0.554821	1.02448	1.23572	0.532714	1.22656	0.674884	0.531773	1.01035	1.30996	0.528797	1.04102	1.23639	0	1.02478	1.21869	0.42913	1.00863	1.27632	0.624906	0.960645	1.22644	0.585545	1.26641	0.554347	0.872029	1.31038	0.586493	0.801323	1.30292	0.868834	1.28655	0.817747	1.28922	0.769694	1.16076	0.599415	0.72688	1.20971	0.711927	0.61439	0.800656	1.22336	0.86425	1.20772	0.590224	1.19805	1.2932	0.664165	0.604102	1.21809	0.582567	0.735283	1.21196	0.655318	0.530458	1.23646	0.593462	1.2197	0.582412	0.515741	1.20044	0.60262	0.533214	1.31092	1.39767	1.39112	1.40725	0.875859	0.877675	0.855997	0.861467	0.886745	0.899679	1.12759	1.09257	1.03912	1.32192	1.35682	1.32039	0.786864	0.84218	0.811035	0.929369	0.874232	0.87049	1.09008	1.18489	1.20149	1.34297	1.33119	1.36	0.792125	0.792887	0.887127	1.00246	1.03109	1.07841	1.18903	1.18637	1.3303	1.31925	0.77231	0.903655	0.795283	0.915304	1.11357	1.35598	0.921574	0.910635	0.904015	1.15146	1.16132	1.07264	1.30085	1.31158	1.27852	0.801407	0.764739	0.816787	0.864886	0.843145	0.829275	1.22182	1.14825	1.14444	1.31216	1.30386	1.30506	0.800078	0.748789	0.756497	0.82923	0.899476	0.908321	1.17247	1.20459	1.24274	1.26903	1.24673	1.25345	0.744949	0.743143	0.748369
JE_Soil_67	1.08386	0.855499	0.947551	1.08261	0.822078	1.15862	1.10347	0.897395	1.07598	1.08869	0.874414	0.922711	1.02478	0	0.790176	1.03374	0.756304	0.92057	1.14618	0.919722	0.933392	1.11638	0.920383	1.10693	0.860774	1.03457	1.06673	0.834439	0.986275	0.764071	0.977392	0.854947	0.980289	0.956157	0.891588	1.12847	0.948528	0.868499	1.19561	1.12721	0.885145	0.90873	0.849789	0.877964	1.15606	0.824165	0.98444	1.16591	1.05705	0.904735	1.14926	1.11001	0.899824	1.16017	1.06028	0.902674	1.06061	0.92216	1.1584	1.03898	0.874307	1.15796	1.0438	1.09276	1.35512	1.35096	1.36273	1.20831	1.22009	1.20862	1.1895	1.19089	1.18364	1.18875	1.13457	1.2056	1.26871	1.30807	1.29465	1.21446	1.20285	1.20939	1.19228	1.1888	1.17899	1.2221	1.23726	1.21734	1.32914	1.29336	1.31895	1.21725	1.21295	1.21195	1.2	1.16614	1.16665	1.22349	1.1939	1.30475	1.2707	1.19423	1.2083	1.21012	1.18888	1.18753	1.31356	1.17493	1.17742	1.17602	1.21534	1.19261	1.17763	1.27507	1.29135	1.2655	1.20686	1.21092	1.21988	1.16659	1.11865	1.15918	1.16884	1.14532	1.1441	1.23197	1.23614	1.22264	1.18485	1.19715	1.20087	1.15013	1.14401	1.11536	1.16623	1.16504	1.16997	1.21135	1.19117	1.13605	1.18555	1.19986	1.20392
JE_Soil_68	1.24004	1.02629	0.799213	1.23218	0.55753	1.30747	1.23289	0.949236	1.01411	1.24501	0.924311	0.739257	1.21869	0.790176	0	1.20527	0.742893	0.798352	1.2657	0.978112	0.745766	1.2424	0.765856	1.26701	0.961064	0.875768	1.22072	0.884289	0.827309	0.8917	0.831924	0.929616	0.835188	0.994372	0.702109	1.30042	1.0537	0.629269	1.31424	1.26808	0.941988	0.707532	0.903027	0.651604	1.29085	0.586962	0.817788	1.29378	1.17645	0.697927	1.28554	1.20125	0.735664	1.30233	1.19671	0.714337	1.18054	0.767057	1.2931	1.20465	0.614869	1.28599	1.1981	1.06196	1.32657	1.32933	1.33191	1.30593	1.31413	1.30946	1.31671	1.31312	1.32651	1.30855	1.22938	1.33544	1.31192	1.29919	1.30229	1.31782	1.30633	1.31107	1.3175	1.32055	1.30342	1.29802	1.30345	1.27629	1.30533	1.2984	1.29906	1.31601	1.31778	1.3149	1.31654	1.32496	1.31759	1.29121	1.28672	1.29605	1.26506	1.3039	1.30453	1.30846	1.31149	1.29033	1.3023	1.30537	1.30618	1.30533	1.3045	1.2566	1.23387	1.32541	1.25551	1.24016	1.31437	1.31589	1.32422	1.28423	1.28427	1.28722	1.17126	1.1627	1.17156	1.15791	1.15012	1.11274	1.31412	1.30485	1.31491	1.28957	1.27925	1.28543	1.22453	1.21872	1.26301	1.22634	1.20712	1.14727	1.30345	1.30249	1.32156
JE_Soil_70	0.521404	1.00382	1.23496	0.460675	1.21624	0.661374	0.433285	0.987199	1.30919	0.519923	1.03602	1.22981	0.42913	1.03374	1.20527	0	1.0003	1.26904	0.580762	0.953387	1.20838	0.514058	1.25139	0.531082	0.861672	1.30215	0.575097	0.771265	1.29591	0.854325	1.27786	0.785996	1.27264	0.732116	1.14038	0.630817	0.667631	1.20095	0.661755	0.605829	0.75598	1.207	0.844958	1.20155	0.605807	1.17855	1.29054	0.69519	0.567219	1.21564	0.619326	0.668764	1.19113	0.603557	0.497422	1.21506	0.588695	1.20632	0.637324	0.524666	1.18273	0.589561	0.536421	1.29817	1.39801	1.39249	1.40832	0.870186	0.862912	0.839583	0.90661	0.877301	0.949918	1.15595	1.09792	1.06163	1.34655	1.36145	1.3384	0.791324	0.832218	0.836463	0.933149	0.892171	0.889596	1.10138	1.21341	1.20693	1.34904	1.33721	1.363	0.785932	0.811965	0.913027	0.982757	1.04477	1.09833	1.18701	1.2044	1.33892	1.32697	0.793697	0.872699	0.809669	0.96311	1.13733	1.36085	0.945854	0.936995	0.904526	1.16713	1.17161	1.06742	1.31854	1.31544	1.27544	0.84536	0.803124	0.872376	0.876844	0.862475	0.864191	1.21441	1.15631	1.15951	1.31299	1.30189	1.30999	0.854412	0.777287	0.763269	0.839558	0.900596	0.899008	1.17026	1.1958	1.23906	1.26332	1.25583	1.25381	0.747986	0.730744	0.812742
JE_Soil_71	1.05654	0.904405	0.923272	1.04946	0.764794	1.15396	1.04588	0.8236	1.12021	1.04988	0.841134	0.867519	1.00863	0.756304	0.742893	1.0003	0	0.975745	1.1089	0.889973	0.904814	1.07779	0.943791	1.09974	0.844613	1.06138	1.04238	0.758375	1.02863	0.804798	1.04469	0.81134	1.00839	0.838774	0.771725	1.14163	0.875626	0.779598	1.17148	1.09146	0.768646	0.824449	0.729954	0.79399	1.13927	0.780581	0.96649	1.1515	1.00539	0.808689	1.13487	1.04883	0.841321	1.15053	1.01793	0.837803	1.00965	0.853812	1.1452	1.02142	0.79416	1.13688	1.02153	1.11228	1.38219	1.3725	1.3894	1.20717	1.21416	1.19581	1.18748	1.19683	1.19309	1.20901	1.14988	1.21817	1.29397	1.33472	1.3059	1.20141	1.18937	1.19981	1.20226	1.19365	1.18213	1.21467	1.23954	1.22741	1.32729	1.28092	1.33584	1.20396	1.2021	1.20712	1.20939	1.21001	1.20015	1.22544	1.21578	1.30701	1.28189	1.17802	1.20712	1.20029	1.19774	1.2029	1.32947	1.18687	1.1759	1.18286	1.22836	1.19278	1.17117	1.29551	1.27801	1.25619	1.20112	1.19833	1.20972	1.15112	1.12759	1.15735	1.13763	1.11124	1.12726	1.20489	1.19823	1.18134	1.19648	1.17981	1.19389	1.15782	1.15487	1.15372	1.159	1.1763	1.21946	1.21178	1.20385	1.16854	1.18309	1.18106	1.19397
JE_Soil_72	1.29621	1.11819	0.793715	1.30027	0.77887	1.34474	1.29254	1.08672	0.813509	1.30594	1.02801	0.882843	1.27632	0.92057	0.798352	1.26904	0.975745	0	1.31706	1.11968	0.813398	1.29957	0.790119	1.31398	1.08292	0.787091	1.25984	1.05754	0.751453	0.927937	0.635183	1.0336	0.731125	1.16529	0.987791	1.33707	1.16451	0.937804	1.35239	1.31748	1.0955	0.860955	1.05118	0.911459	1.33397	0.819416	0.787072	1.33409	1.24679	0.89803	1.33713	1.26387	1.00197	1.33694	1.26744	0.88638	1.24649	0.947154	1.34099	1.25185	0.896955	1.33549	1.25753	1.0049	1.20899	1.22035	1.20426	1.34483	1.35046	1.34752	1.35326	1.35211	1.363	1.34002	1.28454	1.36231	1.24672	1.2108	1.25362	1.35622	1.34461	1.35497	1.35022	1.35503	1.34137	1.33223	1.33094	1.31816	1.25814	1.25999	1.24642	1.35581	1.35792	1.35949	1.34343	1.3438	1.33422	1.31633	1.31637	1.25321	1.23958	1.34678	1.34123	1.35352	1.35352	1.32999	1.24644	1.34259	1.34331	1.34696	1.35003	1.30384	1.31786	1.33604	1.27199	1.26257	1.36025	1.35733	1.36401	1.3281	1.32949	1.33973	1.26764	1.28233	1.28382	1.23804	1.23356	1.22579	1.36071	1.35052	1.35518	1.32825	1.32132	1.32105	1.29198	1.30273	1.31006	1.2616	1.28118	1.25982	1.35195	1.34749	1.35856
JE_Soil_74	0.41546	1.09854	1.28796	0.393139	1.27425	0.598359	0.440507	1.06375	1.34573	0.602835	1.11141	1.29561	0.624906	1.14618	1.2657	0.580762	1.1089	1.31706	0	1.05627	1.26255	0.460141	1.30345	0.465299	0.963582	1.32953	0.67806	0.913351	1.3267	0.967346	1.31427	0.910399	1.31198	0.777997	1.20611	0.629832	0.728857	1.24686	0.467583	0.548688	0.878553	1.26202	0.973081	1.2573	0.568024	1.23955	1.32314	0.548515	0.498481	1.26962	0.542195	0.615837	1.25415	0.490596	0.482002	1.27023	0.619156	1.266	0.555683	0.606715	1.2455	0.518531	0.633118	1.34471	1.40104	1.39593	1.40946	0.909596	0.867578	0.840748	0.923632	0.894327	0.956594	1.20112	1.16431	1.08708	1.36549	1.37224	1.35294	0.747823	0.825465	0.816082	0.98481	0.900373	0.91435	1.16578	1.24888	1.25402	1.36383	1.36455	1.37547	0.752235	0.829293	0.938312	1.04945	1.12119	1.17434	1.24881	1.26196	1.35893	1.35411	0.780992	0.916054	0.755799	0.969866	1.17904	1.37627	1.00928	0.973092	0.965389	1.22093	1.22792	1.12084	1.35126	1.33898	1.30367	0.767462	0.740549	0.864962	0.927623	0.93926	0.916616	1.27307	1.21224	1.20789	1.33887	1.33204	1.33354	0.852116	0.789658	0.789507	0.93715	0.968249	0.993581	1.24152	1.26911	1.30716	1.32254	1.31182	1.31002	0.688854	0.697163	0.766919
JE_Soil_75	0.995316	0.915395	0.995413	0.999158	0.958414	1.04598	1.02687	0.909369	1.20102	1.0405	0.974146	1.0609	0.960645	0.919722	0.978112	0.953387	0.889973	1.11968	1.05627	0	0.954891	1.00852	1.03475	1.0277	0.806162	1.15123	1.01685	0.819272	1.13397	0.873202	1.14217	0.832444	1.10069	0.833565	0.929624	1.00305	0.864208	0.922108	1.10604	1.02392	0.858226	0.973678	0.878468	0.973975	1.05776	0.984349	1.10964	1.0881	0.959099	0.976979	1.05501	1.03249	1.01778	1.05838	0.946377	1.00495	1.00202	1.02737	1.07677	0.965934	1.01135	1.07445	0.913156	1.20662	1.39116	1.38364	1.40044	1.18989	1.19197	1.16576	1.17279	1.16593	1.18182	1.22196	1.1644	1.22922	1.35036	1.35216	1.32711	1.16339	1.17102	1.16277	1.18568	1.17707	1.16738	1.22509	1.25967	1.23202	1.34264	1.33365	1.34287	1.16839	1.17349	1.15768	1.19408	1.20459	1.21622	1.25621	1.23501	1.33039	1.31144	1.15626	1.18436	1.15593	1.1695	1.19758	1.34137	1.16967	1.1566	1.15228	1.22436	1.17642	1.13483	1.31032	1.27749	1.23339	1.16014	1.16821	1.179	1.13501	1.10376	1.12502	1.19401	1.14616	1.15112	1.25103	1.24041	1.22782	1.13459	1.15072	1.15517	1.11846	1.12073	1.09608	1.16001	1.1353	1.2013	1.24571	1.16607	1.12327	1.12994	1.13249	1.16269
JE_Soil_76	1.23631	1.02602	0.567069	1.24065	0.593696	1.30093	1.22732	0.985199	0.960218	1.25285	0.993137	0.847238	1.22644	0.933392	0.745766	1.20838	0.904814	0.813398	1.26255	0.954891	0	1.23403	0.605282	1.26418	0.991196	0.834419	1.20789	0.937496	0.828529	0.922771	0.800932	0.976368	0.849388	1.05732	0.798694	1.30461	1.08365	0.74759	1.30862	1.27187	1.007	0.807097	0.993286	0.81795	1.29094	0.789274	0.913678	1.29464	1.18255	0.737673	1.29212	1.18661	0.848117	1.29721	1.20404	0.805556	1.19426	0.858739	1.30341	1.21225	0.821044	1.28606	1.20696	1.0727	1.26623	1.28053	1.26629	1.312	1.31338	1.3124	1.33417	1.32231	1.34545	1.33027	1.23567	1.35135	1.28067	1.25237	1.27552	1.32393	1.31094	1.31821	1.33278	1.3374	1.32257	1.32184	1.32236	1.30413	1.28586	1.28715	1.2757	1.3214	1.32919	1.33339	1.31554	1.33256	1.33699	1.30345	1.31096	1.27609	1.25064	1.31536	1.30495	1.3147	1.33632	1.32092	1.27808	1.3221	1.32636	1.32172	1.33544	1.29766	1.26655	1.33816	1.27331	1.2396	1.3281	1.32704	1.34002	1.30512	1.31212	1.32009	1.2392	1.2462	1.24593	1.22371	1.21498	1.19535	1.33296	1.31736	1.32772	1.29311	1.2877	1.29622	1.24547	1.25566	1.29082	1.24633	1.25296	1.20047	1.31036	1.30468	1.33105
JE_Soil_78	0.513377	1.04596	1.26807	0.424781	1.25518	0.555264	0.420341	1.03445	1.33403	0.585173	1.08766	1.27197	0.585545	1.11638	1.2424	0.514058	1.07779	1.29957	0.460141	1.00852	1.23403	0	1.28213	0.408572	0.914444	1.31558	0.630278	0.838892	1.3151	0.917875	1.29522	0.822939	1.28637	0.719263	1.15595	0.615086	0.677266	1.22062	0.513478	0.542073	0.806609	1.22921	0.923676	1.22366	0.548877	1.20273	1.31072	0.665664	0.555334	1.24364	0.529527	0.625482	1.22809	0.484608	0.504111	1.23741	0.641057	1.22806	0.585169	0.596229	1.21093	0.531672	0.607741	1.3317	1.39971	1.39569	1.40845	0.916363	0.883134	0.861776	0.969701	0.936449	0.990235	1.20297	1.14488	1.10811	1.36794	1.37475	1.35546	0.794392	0.862754	0.829994	1.01255	0.949385	0.956946	1.17366	1.25683	1.25886	1.36679	1.36338	1.37709	0.778835	0.861246	0.95973	1.05182	1.12101	1.1704	1.23666	1.26222	1.36003	1.35138	0.788892	0.913536	0.789746	1.00476	1.17987	1.37577	1.02692	0.990327	0.9726	1.22405	1.215	1.12187	1.35277	1.33696	1.29991	0.820328	0.783134	0.884703	0.944059	0.939929	0.93461	1.26461	1.20768	1.20435	1.33643	1.32989	1.33404	0.870112	0.808149	0.80842	0.935479	0.957419	0.969102	1.22284	1.24419	1.28808	1.30943	1.3001	1.2955	0.711938	0.703071	0.759291
JE_Soil_80	1.28141	1.05791	0.680145	1.28721	0.599428	1.33001	1.28212	1.03889	0.881579	1.2956	0.991279	0.793834	1.26641	0.920383	0.765856	1.25139	0.943791	0.790119	1.30345	1.03475	0.605282	1.28213	0	1.30467	1.03053	0.833262	1.24869	0.983732	0.733199	0.95259	0.799433	1.007	0.795151	1.10865	0.881937	1.32956	1.12192	0.766575	1.34048	1.30876	1.04246	0.825013	1.00315	0.865153	1.32377	0.781578	0.810825	1.32247	1.2221	0.77273	1.32631	1.2297	0.864111	1.3276	1.25233	0.778411	1.22535	0.867461	1.33228	1.24343	0.843799	1.32307	1.24306	0.989708	1.2706	1.28442	1.2703	1.32966	1.33547	1.32809	1.34722	1.33838	1.35964	1.34172	1.26582	1.36304	1.29414	1.26803	1.29123	1.34496	1.32961	1.34373	1.3439	1.35061	1.33361	1.33152	1.33679	1.31561	1.299	1.29837	1.29076	1.34684	1.34939	1.35122	1.32739	1.33435	1.33778	1.30768	1.32161	1.28614	1.26179	1.33304	1.32391	1.34075	1.34779	1.33207	1.28659	1.33497	1.33619	1.33303	1.34266	1.29653	1.28175	1.34262	1.28581	1.23346	1.35071	1.34913	1.35897	1.31751	1.32604	1.33516	1.24168	1.25247	1.25341	1.22267	1.22111	1.19917	1.35387	1.33994	1.34951	1.31134	1.30616	1.30275	1.2479	1.25934	1.27943	1.24374	1.24469	1.20842	1.34196	1.3346	1.35136
JE_Soil_82	0.533089	1.06924	1.28863	0.471531	1.27934	0.513006	0.450689	1.04736	1.34273	0.546048	1.08565	1.29686	0.554347	1.10693	1.26701	0.531082	1.09974	1.31398	0.465299	1.0277	1.26418	0.408572	1.30467	0	0.906048	1.32372	0.592597	0.876187	1.32522	0.91621	1.30837	0.86217	1.31057	0.760529	1.21395	0.562646	0.710378	1.25316	0.497763	0.462719	0.855327	1.25907	0.956928	1.25664	0.514778	1.23649	1.32547	0.637815	0.580969	1.2734	0.476489	0.71099	1.25516	0.454768	0.525119	1.27262	0.647773	1.26842	0.527438	0.620408	1.24358	0.519599	0.634179	1.34309	1.39814	1.39392	1.40765	0.881131	0.853746	0.82804	0.920994	0.897602	0.939832	1.18978	1.15497	1.07212	1.36099	1.37045	1.35173	0.744029	0.827047	0.772898	0.981943	0.901504	0.91804	1.16024	1.25294	1.25523	1.36306	1.36215	1.37601	0.727912	0.803428	0.914601	1.0302	1.09916	1.15193	1.23139	1.25564	1.35791	1.35025	0.733185	0.89305	0.744768	0.960943	1.16248	1.37415	0.994454	0.950532	0.938515	1.21313	1.21485	1.11669	1.34488	1.33549	1.29927	0.747775	0.712545	0.812458	0.912727	0.904055	0.900216	1.26952	1.20595	1.20513	1.33791	1.33116	1.3339	0.795762	0.74279	0.751083	0.914891	0.936044	0.956402	1.23256	1.2557	1.29082	1.31809	1.30263	1.29625	0.654524	0.657563	0.67824
JE_Soil_83	0.935749	0.917368	1.02901	0.91905	0.972953	0.961407	0.910863	0.851911	1.14378	0.905352	0.90209	1.02803	0.872029	0.860774	0.961064	0.861672	0.844613	1.08292	0.963582	0.806162	0.991196	0.914444	1.03053	0.906048	0	1.08903	0.864064	0.704373	1.06778	0.734086	1.09241	0.724794	1.07698	0.762729	0.95195	0.970032	0.785369	0.940438	1.00142	0.888175	0.741436	0.951069	0.779459	0.950362	0.978943	0.938843	1.06882	1.01952	0.865138	1.00714	0.957453	0.969269	0.99822	0.961349	0.876073	0.979897	0.90802	1.00338	0.978609	0.877785	1.00668	0.987444	0.874561	1.16031	1.37989	1.36755	1.38722	1.11721	1.117	1.09523	1.10701	1.11336	1.11567	1.1896	1.13965	1.15407	1.33989	1.34617	1.3299	1.07425	1.0882	1.06566	1.13854	1.1109	1.10834	1.1911	1.24164	1.23485	1.34492	1.32919	1.34414	1.07323	1.08634	1.09513	1.15244	1.16469	1.18668	1.23261	1.22921	1.33023	1.30538	1.06056	1.11978	1.06563	1.11433	1.16221	1.34552	1.1235	1.08761	1.0952	1.23051	1.18987	1.13863	1.3224	1.29447	1.26102	1.05937	1.06335	1.0772	1.06695	1.05887	1.07213	1.1866	1.16028	1.16867	1.24714	1.25272	1.24025	1.05269	1.0516	1.06338	1.08272	1.05611	1.0652	1.17724	1.18387	1.22725	1.24208	1.21824	1.18212	1.02279	1.032	1.05135
JE_Soil_84	1.32428	1.16353	0.832187	1.31632	0.8307	1.35221	1.31599	1.09501	0.612558	1.3188	1.05479	0.894646	1.31038	1.03457	0.875768	1.30215	1.06138	0.787091	1.32953	1.15123	0.834419	1.31558	0.833262	1.32372	1.08903	0	1.2899	1.10043	0.666224	1.03905	0.815682	1.12922	0.878265	1.1882	1.03484	1.34769	1.2079	0.96159	1.35543	1.32629	1.13855	0.791528	1.13751	0.918797	1.34031	0.945598	0.913537	1.34343	1.27672	0.936519	1.33953	1.29924	1.02893	1.3472	1.29371	0.837651	1.27831	0.960196	1.34686	1.29724	0.991623	1.33846	1.29387	1.12315	1.22231	1.23236	1.2116	1.35593	1.35899	1.35804	1.36316	1.36096	1.37052	1.3496	1.3176	1.36947	1.26119	1.22256	1.26035	1.36205	1.35588	1.35819	1.36552	1.36614	1.35715	1.34586	1.33512	1.33368	1.2703	1.27318	1.26569	1.36114	1.3631	1.36193	1.36117	1.36335	1.36307	1.33422	1.33736	1.26671	1.24289	1.35534	1.35326	1.35698	1.36113	1.34394	1.26895	1.35755	1.35853	1.3573	1.35818	1.3164	1.32142	1.34299	1.27787	1.26565	1.36286	1.36106	1.36664	1.34851	1.34605	1.35107	1.28342	1.28589	1.27491	1.2364	1.22535	1.19896	1.36251	1.3568	1.36006	1.34725	1.34321	1.34643	1.31258	1.30914	1.33041	1.28554	1.28251	1.25248	1.35317	1.35336	1.36206
JE_Soil_86	0.734004	1.01598	1.25068	0.648613	1.23416	0.728582	0.609314	1.00268	1.2924	0.473039	1.02192	1.23881	0.586493	1.06673	1.22072	0.575097	1.04238	1.25984	0.67806	1.01685	1.20789	0.630278	1.24869	0.592597	0.864064	1.2899	0	0.760499	1.26942	0.809134	1.25548	0.74674	1.25761	0.745062	1.17922	0.721837	0.747041	1.2128	0.743996	0.644015	0.806776	1.21581	0.852381	1.20358	0.654656	1.1837	1.2842	0.758709	0.672821	1.22858	0.66132	0.767521	1.20483	0.66779	0.633204	1.21148	0.666621	1.21097	0.650466	0.572555	1.18631	0.661637	0.64049	1.3057	1.39058	1.38713	1.40201	0.842822	0.83915	0.836319	0.905282	0.904659	0.944897	1.17317	1.1111	1.07362	1.35101	1.359	1.34001	0.771618	0.825121	0.781007	0.974319	0.907186	0.907068	1.1383	1.21827	1.24019	1.34961	1.34686	1.36277	0.75395	0.779924	0.893973	1.018	1.07538	1.13155	1.21317	1.24148	1.34207	1.3313	0.75976	0.852928	0.760334	0.959264	1.14324	1.36019	0.964294	0.949391	0.923845	1.20373	1.20134	1.09054	1.33594	1.32109	1.27939	0.79267	0.765583	0.803272	0.875275	0.891268	0.873176	1.23484	1.18805	1.18406	1.31667	1.30984	1.31535	0.814515	0.733202	0.746205	0.86311	0.904183	0.913053	1.20163	1.2372	1.26518	1.28949	1.2926	1.28083	0.717603	0.706613	0.766231
JE_Soil_87	0.885754	0.899548	1.01737	0.850268	0.918065	0.967228	0.825887	0.822208	1.14961	0.820449	0.84545	0.971626	0.801323	0.834439	0.884289	0.771265	0.758375	1.05754	0.913351	0.819272	0.937496	0.838892	0.983732	0.876187	0.704373	1.10043	0.760499	0	1.03675	0.666728	1.07819	0.581956	1.02883	0.687206	0.853854	0.956471	0.700042	0.89561	0.99379	0.897335	0.641326	0.928634	0.642384	0.873249	0.940071	0.868677	1.05996	0.989157	0.812572	0.926623	0.940333	0.870846	0.916265	0.948704	0.794132	0.90537	0.810803	0.906897	0.946137	0.794651	0.901541	0.941108	0.796078	1.14574	1.38578	1.3802	1.39784	1.045	1.04952	1.04043	1.06877	1.06517	1.083	1.18444	1.10032	1.14768	1.32745	1.34654	1.32112	1.0278	1.03353	1.02049	1.0929	1.07453	1.06556	1.18146	1.21788	1.22236	1.33922	1.32222	1.34354	1.02359	1.03107	1.06285	1.1099	1.13029	1.1495	1.21324	1.20844	1.32459	1.29816	1.00345	1.04083	1.0182	1.09052	1.16195	1.34553	1.08192	1.06671	1.05464	1.21143	1.1752	1.09929	1.31926	1.28573	1.24582	1.03289	1.02221	1.04879	1.01885	1.01907	1.02381	1.16145	1.13268	1.13458	1.24151	1.24203	1.22543	1.0387	0.996778	1.00805	1.00585	1.01415	1.02226	1.14106	1.16365	1.21903	1.22453	1.22159	1.17994	0.995112	0.99195	1.02166
JE_Soil_88	1.31897	1.14074	0.852837	1.31458	0.787418	1.35107	1.31468	1.10306	0.714002	1.31904	1.02786	0.812071	1.30292	0.986275	0.827309	1.29591	1.02863	0.751453	1.3267	1.13397	0.828529	1.3151	0.733199	1.32522	1.06778	0.666224	1.26942	1.03675	0	1.02004	0.823433	1.08536	0.840802	1.17545	1.00078	1.34073	1.18712	0.90575	1.35304	1.32373	1.12813	0.835902	1.09111	0.830535	1.33494	0.870131	0.848	1.33367	1.2656	0.843885	1.33759	1.28616	0.951763	1.34349	1.28	0.809536	1.25948	0.863291	1.34355	1.27872	0.953528	1.33496	1.27496	1.07162	1.23426	1.24934	1.22561	1.35037	1.35371	1.35439	1.35931	1.35545	1.36617	1.35061	1.29525	1.36443	1.27512	1.23814	1.27419	1.35971	1.35043	1.35543	1.35895	1.36198	1.34777	1.34201	1.34016	1.32663	1.28946	1.28806	1.28012	1.35756	1.35735	1.35808	1.3541	1.35358	1.35069	1.33555	1.33567	1.27677	1.24378	1.34955	1.3473	1.35396	1.3562	1.34061	1.2744	1.34992	1.35181	1.35526	1.3565	1.30628	1.31904	1.34426	1.28095	1.26658	1.36062	1.35709	1.36231	1.33743	1.33731	1.34424	1.26729	1.27289	1.2619	1.21171	1.22421	1.1831	1.3588	1.34955	1.35502	1.34001	1.33158	1.33483	1.29607	1.29971	1.30932	1.28004	1.26364	1.23695	1.35224	1.35056	1.35673
JE_Soil_91	0.948768	0.890025	0.956938	0.915477	0.926361	0.998897	0.904264	0.840326	1.07738	0.8679	0.81762	0.968269	0.868834	0.764071	0.8917	0.854325	0.804798	0.927937	0.967346	0.873202	0.922771	0.917875	0.95259	0.91621	0.734086	1.03905	0.809134	0.666728	1.02004	0	0.920811	0.6207	0.962774	0.801558	0.954281	0.98553	0.81633	0.957981	1.01466	0.947999	0.748137	0.936369	0.757739	0.95502	0.969973	0.888331	1.02636	1.02658	0.88989	0.981189	0.969102	0.951897	0.981541	0.977017	0.896041	0.960921	0.896319	0.977368	0.974339	0.871198	0.943113	0.969732	0.895313	1.11198	1.34493	1.34248	1.35149	1.05268	1.06195	1.05237	1.07596	1.07956	1.0964	1.18343	1.10993	1.15864	1.30588	1.30533	1.29955	1.04673	1.05504	1.03128	1.10324	1.08002	1.07403	1.17681	1.23122	1.21888	1.31744	1.31035	1.32217	1.03481	1.04527	1.06424	1.10754	1.12936	1.14944	1.20199	1.21799	1.30305	1.27732	1.02336	1.05135	1.0386	1.11609	1.18131	1.32328	1.09769	1.07818	1.06267	1.22006	1.18551	1.11525	1.3169	1.2832	1.23835	1.04938	1.04515	1.06017	1.04115	1.04027	1.05249	1.16839	1.15343	1.15594	1.23588	1.24313	1.23401	1.05377	1.00314	1.01759	1.03358	1.05106	1.0364	1.15012	1.19343	1.21313	1.21671	1.24084	1.19472	1.00649	1.00512	1.03791
JE_Soil_92	1.30299	1.14558	0.841702	1.30159	0.844622	1.33909	1.29738	1.10083	0.903902	1.30527	1.0308	0.908157	1.28655	0.977392	0.831924	1.27786	1.04469	0.635183	1.31427	1.14217	0.800932	1.29522	0.799433	1.30837	1.09241	0.815682	1.25548	1.07819	0.823433	0.920811	0	1.02314	0.686258	1.18232	0.996648	1.33434	1.18847	0.967074	1.34377	1.31932	1.1235	0.916163	1.1169	0.97828	1.32443	0.841978	0.841915	1.32532	1.26247	0.963153	1.32778	1.26674	0.98508	1.33477	1.27531	0.930865	1.2669	0.950391	1.33643	1.27063	0.915085	1.32519	1.26982	1.01346	1.22567	1.24015	1.21905	1.33169	1.3363	1.3336	1.35408	1.34262	1.36326	1.34433	1.28515	1.36578	1.25696	1.22903	1.25384	1.34684	1.3304	1.34002	1.34819	1.35378	1.34011	1.33286	1.30376	1.32635	1.27023	1.27865	1.26093	1.34621	1.35038	1.35392	1.33313	1.33994	1.33947	1.3095	1.32005	1.26776	1.24827	1.33407	1.32626	1.34104	1.35659	1.34311	1.26894	1.34297	1.34194	1.33909	1.34712	1.31976	1.30807	1.34288	1.28623	1.2648	1.35193	1.34604	1.35883	1.32815	1.33773	1.34578	1.28506	1.30112	1.30016	1.26717	1.2586	1.25193	1.35557	1.34045	1.34804	1.31669	1.31601	1.31807	1.28899	1.30212	1.31263	1.2368	1.28838	1.26122	1.33969	1.33664	1.35091
JE_Soil_95	0.901729	0.89644	1.0526	0.873908	0.976185	0.956759	0.843079	0.847339	1.18937	0.817264	0.843646	1.00042	0.817747	0.854947	0.929616	0.785996	0.81134	1.0336	0.910399	0.832444	0.976368	0.822939	1.007	0.86217	0.724794	1.12922	0.74674	0.581956	1.08536	0.6207	1.02314	0	0.986192	0.727794	0.929669	0.945009	0.745082	0.951283	0.974217	0.88025	0.683664	0.970586	0.692321	0.954687	0.93071	0.924657	1.05931	0.971393	0.820158	0.977847	0.926498	0.888446	0.950491	0.924913	0.830966	0.95201	0.832416	0.967575	0.923903	0.790445	0.944525	0.927484	0.822065	1.10692	1.38077	1.37528	1.38964	1.0181	1.03073	1.01445	1.05363	1.04633	1.07795	1.19404	1.09458	1.14958	1.3371	1.34174	1.32076	1.00195	1.01004	0.993641	1.08113	1.05513	1.04618	1.17505	1.2258	1.22802	1.32662	1.32494	1.33676	1.00055	1.00683	1.04374	1.08748	1.12694	1.15592	1.20112	1.2209	1.31863	1.29629	0.97062	1.00524	0.993288	1.07893	1.16221	1.33887	1.06821	1.05701	1.04562	1.21283	1.1853	1.10154	1.31771	1.2855	1.24041	1.0073	1.00017	1.01811	1.00578	1.01981	1.02126	1.17195	1.15125	1.15847	1.25083	1.25024	1.24523	1.01093	0.966574	0.983187	0.998191	1.00725	1.00392	1.15003	1.18076	1.2262	1.21042	1.22829	1.20443	0.970062	0.964454	0.999434
