	JE_TC_4	JE_TC_5	JE_TC_6	JE_TC_7	JE_TC_8	JE_TC_9	JE_TC_10	JE_TC_11	JE_TC_12	JE_TC_13	JE_TC_14	JE_TC_15	JE_TC_16	JE_TC_17	JE_TC_18	JE_TC_19	JE_TC_20	JE_TC_21	JE_TC_22	JE_TC_23	JE_TC_24	JE_TC_25	JE_TC_26	JE_TC_27	JE_TC_28	JE_TC_29	JE_TC_30	JE_TC_31	JE_TC_32	JE_TC_33	JE_TC_34	JE_TC_35	JE_TC_36	JE_TC_37	JE_TC_38	JE_TC_40	JE_TC_41	JE_TC_42	JE_TC_43	JE_TC_44	JE_TC_45	JE_TC_46	JE_TC_47	JE_TC_48	JE_TC_49	JE_TC_50	JE_TC_51	JE_TC_52	JE_TC_53	JE_TC_54	JE_TC_55	JE_TC_56	JE_TC_57	JE_TC_58	JE_TC_59	JE_TC_60	JE_TC_61	JE_TC_62	JE_TC_63	JE_TC_64	JE_TC_65	JE_TC_66	JE_TC_67	JE_TC_68	JE_TC_69	JE_TC_70	JE_TC_71	JE_TC_72	JE_TC_73	JE_TC_74	JE_TC_75	JE_TC_76	JE_TC_77	JE_TC_78	JE_TC_79	JE_TC_80	JE_TC_81	JE_TC_82	JE_TC_83
JE_TC_4	0	0.361071	0.302177	1.39889	1.39989	1.39945	1.38673	1.40058	1.40142	1.31998	1.36146	1.3783	0.738507	0.562	0.78357	1.40078	1.39987	1.40066	1.40111	1.39912	1.3963	1.32011	1.28254	1.31144	0.839189	0.866656	0.764362	1.40117	1.40113	1.40021	1.40052	1.39853	1.39229	1.31458	1.33368	0.833672	0.861989	1.39859	1.39979	1.39863	1.39722	1.35018	0.764256	1.39691	1.39999	1.39879	1.36658	1.33522	1.34224	1.23633	1.07733	1.01811	1.40179	1.39953	1.4004	1.39843	1.39089	1.39695	1.34397	1.33397	1.2801	1.16069	1.09868	1.07943	1.40014	1.39975	1.40079	1.39324	1.39759	1.39608	1.36952	1.38697	1.39179	1.22627	1.28588	1.28312	1.399	1.40019	1.399
JE_TC_5	0.361071	0	0.453388	1.39671	1.39762	1.39745	1.38282	1.3984	1.39854	1.3105	1.35492	1.37092	0.761344	0.618723	0.786538	1.39897	1.39796	1.39895	1.39788	1.39685	1.39466	1.31084	1.27391	1.30698	0.833709	0.850036	0.747446	1.39845	1.39865	1.39709	1.39669	1.39263	1.38647	1.30633	1.3228	0.838559	0.870423	1.39586	1.39827	1.39558	1.39398	1.33876	0.763574	1.39361	1.39581	1.39525	1.36162	1.32624	1.33079	1.23407	1.08369	1.01772	1.40052	1.39728	1.39838	1.39618	1.3855	1.39316	1.33763	1.32485	1.27664	1.15792	1.09282	1.07629	1.39817	1.39711	1.39914	1.3909	1.39428	1.39323	1.3663	1.38243	1.38677	1.22196	1.28341	1.2794	1.39659	1.39615	1.39502
JE_TC_6	0.302177	0.453388	0	1.40972	1.40988	1.40972	1.39776	1.41036	1.40932	1.33327	1.37731	1.38501	0.759274	0.564849	0.808217	1.41063	1.41012	1.41047	1.40957	1.40846	1.40668	1.33184	1.29889	1.32837	0.871315	0.89766	0.797162	1.41098	1.41077	1.40981	1.40901	1.40647	1.40083	1.33065	1.34445	0.86226	0.880395	1.4096	1.41012	1.4088	1.40713	1.35937	0.781928	1.4074	1.40812	1.40763	1.37937	1.34837	1.35448	1.2495	1.08692	1.03456	1.41082	1.40943	1.40999	1.40821	1.40296	1.40717	1.35874	1.34994	1.29723	1.17392	1.11893	1.09722	1.40963	1.41047	1.41091	1.40485	1.40867	1.40682	1.38266	1.39667	1.39926	1.24092	1.29763	1.29909	1.40952	1.41054	1.40822
JE_TC_7	1.39889	1.39671	1.40972	0	0.383513	0.468325	0.814061	0.651261	0.892454	1.14401	1.10612	1.03861	1.34518	1.36	1.33784	0.591102	0.540374	0.622002	0.820593	0.780903	0.748789	1.07158	1.20272	1.20976	1.34443	1.34485	1.36777	0.598447	0.572098	0.771814	0.850014	0.988907	1.07048	1.15716	1.20273	1.33813	1.32634	0.617973	0.402318	0.652847	0.897308	1.14809	1.3597	0.827675	0.917988	0.843147	1.16115	1.19376	1.06394	1.32431	1.32041	1.28128	0.762093	0.715664	0.78037	0.83444	0.869907	0.854511	1.23875	1.19435	1.19822	1.32736	1.31498	1.32093	0.813813	0.632215	0.600134	0.758252	0.872676	0.926539	1.19284	1.23656	1.26309	1.27427	1.2989	1.30788	0.67759	0.658462	0.805356
JE_TC_8	1.39989	1.39762	1.40988	0.383513	0	0.433253	0.837276	0.680489	0.908211	1.16328	1.13011	1.05638	1.35273	1.36607	1.34665	0.535508	0.5663	0.606124	0.852937	0.795938	0.777192	1.10286	1.21798	1.22497	1.35359	1.35207	1.37209	0.531846	0.563527	0.793833	0.899934	1.02938	1.10323	1.19466	1.22844	1.34632	1.33849	0.605087	0.496658	0.637862	0.91334	1.16265	1.36914	0.863365	0.93758	0.868496	1.1828	1.21442	1.0878	1.33868	1.32994	1.29533	0.748417	0.694304	0.780686	0.855773	0.877516	0.860772	1.25895	1.20411	1.20889	1.33599	1.32542	1.33109	0.810779	0.622199	0.575193	0.79795	0.911713	0.947638	1.21565	1.26392	1.28969	1.29708	1.31683	1.31967	0.606692	0.624445	0.789157
JE_TC_9	1.39945	1.39745	1.40972	0.468325	0.433253	0	0.74365	0.548579	0.794747	1.11033	1.09682	0.978496	1.34127	1.35638	1.32742	0.446147	0.427901	0.566125	0.734996	0.677098	0.68169	1.02901	1.18124	1.18563	1.33603	1.3321	1.35994	0.552162	0.533927	0.724489	0.803091	0.961823	1.045	1.13336	1.17966	1.32657	1.32451	0.561083	0.54022	0.635997	0.823502	1.12166	1.35406	0.753703	0.828505	0.729543	1.12567	1.16588	1.00581	1.3169	1.31202	1.26218	0.666496	0.627321	0.714069	0.745893	0.796963	0.788366	1.20335	1.16171	1.16694	1.3147	1.30748	1.31488	0.747049	0.590297	0.540339	0.719483	0.81331	0.866117	1.16196	1.20843	1.25161	1.25442	1.27737	1.28664	0.596479	0.609235	0.771056
JE_TC_10	1.38673	1.38282	1.39776	0.814061	0.837276	0.74365	0	0.618649	0.527988	0.905967	1.08823	0.770097	1.28238	1.298	1.27574	0.645065	0.680506	0.735959	0.637099	0.477217	0.524988	0.906538	1.0726	1.07086	1.2837	1.26826	1.30364	0.787946	0.600625	0.612971	0.870324	0.912256	0.936031	1.12403	1.08192	1.26865	1.27272	0.714109	0.874224	0.782084	0.619436	1.01184	1.30371	0.63698	0.64474	0.662214	1.02698	1.04681	0.938139	1.2465	1.23127	1.21121	0.65042	0.666488	0.569211	0.667514	0.681203	0.630634	1.16907	1.07052	1.05025	1.25392	1.2421	1.24039	0.62296	0.630124	0.648237	0.749997	0.841968	0.906104	1.16121	1.19375	1.25025	1.24509	1.21368	1.23925	0.768011	0.799172	0.828426
JE_TC_11	1.40058	1.3984	1.41036	0.651261	0.680489	0.548579	0.618649	0	0.674327	1.0505	1.05379	0.862396	1.3099	1.34237	1.28678	0.577929	0.514121	0.711412	0.552252	0.56033	0.54544	0.908605	1.13337	1.12723	1.31183	1.31574	1.34137	0.738971	0.603324	0.659869	0.729036	0.905132	0.974753	1.09076	1.12216	1.30688	1.2967	0.682674	0.657617	0.759009	0.702863	1.06097	1.32975	0.604869	0.756992	0.683044	1.02664	1.11545	0.964143	1.25437	1.2853	1.24871	0.706833	0.717201	0.749051	0.704634	0.745152	0.746552	1.18268	1.11614	1.11782	1.29052	1.28435	1.28966	0.758213	0.681526	0.64038	0.676662	0.804544	0.85738	1.14002	1.18925	1.24599	1.23279	1.23088	1.2677	0.742776	0.762305	0.868793
JE_TC_12	1.40142	1.39854	1.40932	0.892454	0.908211	0.794747	0.527988	0.674327	0	0.946377	1.07955	0.660341	1.25564	1.32096	1.27231	0.718397	0.760615	0.790534	0.640128	0.543697	0.60411	0.918054	1.07989	1.07377	1.30208	1.28913	1.32368	0.85682	0.71054	0.672965	0.839479	0.85624	0.881348	1.08453	1.05937	1.28163	1.26784	0.794387	0.940857	0.851351	0.653193	1.00629	1.32405	0.676504	0.631971	0.646886	1.01331	1.04179	0.948254	1.23988	1.24947	1.23584	0.698645	0.749614	0.662262	0.706497	0.722582	0.71661	1.17874	1.09078	1.0804	1.27803	1.27542	1.2685	0.67897	0.737407	0.752842	0.789659	0.851506	0.913571	1.16603	1.19019	1.25801	1.24013	1.22728	1.26669	0.814833	0.8668	0.874238
JE_TC_13	1.31998	1.3105	1.33327	1.14401	1.16328	1.11033	0.905967	1.0505	0.946377	0	1.10357	0.95835	1.12162	1.16247	1.10877	1.1063	1.10211	1.12966	1.00738	0.988505	0.991778	0.924491	0.936013	0.954277	1.15751	1.13101	1.19253	1.15502	1.09562	1.05014	1.0783	1.02422	0.987964	1.08269	0.953079	1.13293	1.14378	1.12052	1.16227	1.15081	0.998245	0.993854	1.21128	1.00426	0.975141	0.98307	1.00854	0.991614	1.00415	1.12541	1.11103	1.11334	1.1145	1.12134	1.08883	1.05321	0.972344	1.01368	1.11261	1.00129	0.990035	1.16559	1.12244	1.11766	1.07767	1.1116	1.1128	1.05029	1.07375	1.08127	1.10823	1.15247	1.21423	1.14667	1.1486	1.15622	1.14081	1.16598	1.1688
JE_TC_14	1.36146	1.35492	1.37731	1.10612	1.13011	1.09682	1.08823	1.05379	1.07955	1.10357	0	1.11406	1.24479	1.2967	1.22842	1.11968	1.08896	1.134	1.06025	1.08298	1.05667	1.0689	1.14479	1.10069	1.26523	1.26005	1.28788	1.15075	1.1145	1.10449	1.05556	1.06733	1.06885	1.086	1.11866	1.2446	1.21961	1.11384	1.09629	1.12983	1.10052	1.13108	1.28507	1.03376	1.05591	1.0441	1.10736	1.13101	1.06094	1.21776	1.24197	1.20325	1.14046	1.14471	1.14953	1.06319	1.06237	1.08889	1.13332	1.13074	1.1335	1.23488	1.2278	1.23122	1.1328	1.11863	1.12387	1.03552	1.05485	1.04931	1.09829	1.14082	1.16171	1.13783	1.18491	1.18124	1.13542	1.13133	1.17295
JE_TC_15	1.3783	1.37092	1.38501	1.03861	1.05638	0.978496	0.770097	0.862396	0.660341	0.95835	1.11406	0	1.21827	1.29287	1.24512	0.954667	0.947844	0.995732	0.81875	0.808662	0.833786	0.929345	1.09797	1.10381	1.27092	1.26684	1.30301	1.0335	0.933356	0.887106	0.943752	0.955688	0.947771	1.10104	1.06643	1.25437	1.24574	0.986409	1.07031	1.03692	0.863329	1.04577	1.30884	0.843518	0.834127	0.845068	1.05182	1.08579	1.02149	1.23229	1.24503	1.24139	0.93189	0.970705	0.911252	0.875463	0.869611	0.895949	1.18877	1.11209	1.10722	1.27214	1.26564	1.25898	0.919735	0.955471	0.953656	0.937509	0.982394	1.02936	1.17822	1.21173	1.26859	1.2388	1.24899	1.27446	1.01014	1.04423	1.05086
JE_TC_16	0.738507	0.761344	0.759274	1.34518	1.35273	1.34127	1.28238	1.3099	1.25564	1.12162	1.24479	1.21827	0	0.610219	0.636955	1.34529	1.33764	1.34564	1.29756	1.31131	1.30198	1.17922	1.0988	1.16811	0.741997	0.749396	0.746188	1.35548	1.33433	1.31571	1.31616	1.2768	1.24673	1.19573	1.15942	0.712811	0.785129	1.34678	1.34739	1.34659	1.28231	1.19712	0.806403	1.29019	1.31012	1.29212	1.21021	1.21951	1.2307	1.06722	1.00365	0.964997	1.33125	1.34281	1.34513	1.30515	1.25984	1.29126	1.23321	1.17489	1.15948	1.09217	1.01454	0.986884	1.31085	1.34234	1.34498	1.29695	1.31761	1.30173	1.27103	1.28828	1.32266	1.13064	1.20015	1.22235	1.34795	1.362	1.34334
JE_TC_17	0.562	0.618723	0.564849	1.36	1.36607	1.35638	1.298	1.34237	1.32096	1.16247	1.2967	1.29287	0.610219	0	0.607623	1.35846	1.34992	1.35929	1.33317	1.3253	1.32491	1.2182	1.15079	1.18532	0.639457	0.657394	0.631041	1.36723	1.35306	1.33659	1.34214	1.32916	1.30919	1.21423	1.21504	0.629966	0.707974	1.35932	1.36214	1.35967	1.31797	1.24958	0.697958	1.32742	1.31708	1.32045	1.27376	1.22261	1.25145	1.13314	0.933597	0.898977	1.35335	1.35582	1.35411	1.33359	1.30803	1.31584	1.23353	1.21517	1.17965	1.05088	0.965562	0.945291	1.3409	1.35638	1.35819	1.34061	1.34325	1.34724	1.29157	1.30935	1.33145	1.13703	1.20538	1.20026	1.36409	1.37407	1.37173
JE_TC_18	0.78357	0.786538	0.808217	1.33784	1.34665	1.32742	1.27574	1.28678	1.27231	1.10877	1.22842	1.24512	0.636955	0.607623	0	1.33071	1.32135	1.33706	1.27855	1.29148	1.28861	1.1121	1.05842	1.12252	0.635407	0.718658	0.702717	1.34702	1.31983	1.293	1.29697	1.29495	1.26807	1.15578	1.15294	0.684464	0.725475	1.33452	1.34058	1.33866	1.27329	1.17742	0.749044	1.26451	1.28724	1.28298	1.19022	1.17316	1.20007	1.06391	0.921719	0.886688	1.32366	1.33175	1.32725	1.29346	1.26123	1.27922	1.18873	1.15584	1.1354	1.04689	0.95826	0.941413	1.30786	1.32925	1.33242	1.29194	1.30111	1.30544	1.22723	1.25716	1.31255	1.1119	1.16469	1.18553	1.34215	1.35374	1.34268
JE_TC_19	1.40078	1.39897	1.41063	0.591102	0.535508	0.446147	0.645065	0.577929	0.718397	1.1063	1.11968	0.954667	1.34529	1.35846	1.33071	0	0.47825	0.544539	0.739704	0.595701	0.619364	1.04033	1.18369	1.18851	1.33796	1.34359	1.36158	0.456422	0.432154	0.668829	0.862213	0.993279	1.06107	1.17642	1.19901	1.33609	1.33119	0.480055	0.658758	0.56275	0.774908	1.11045	1.36105	0.771431	0.783798	0.727048	1.14629	1.16657	1.02939	1.33016	1.31173	1.27377	0.556102	0.49675	0.585598	0.731442	0.767734	0.728829	1.23862	1.16996	1.16767	1.32144	1.31473	1.31679	0.634816	0.479591	0.444101	0.738736	0.825882	0.876961	1.20989	1.24754	1.29465	1.30375	1.29377	1.30358	0.501088	0.538435	0.693867
JE_TC_20	1.39987	1.39796	1.41012	0.540374	0.5663	0.427901	0.680506	0.514121	0.760615	1.10211	1.08896	0.947844	1.33764	1.34992	1.32135	0.47825	0	0.58884	0.712891	0.633236	0.612913	1.01808	1.17435	1.17358	1.33076	1.32462	1.35318	0.634803	0.550132	0.710697	0.797194	0.940391	1.02853	1.12689	1.16752	1.32035	1.31953	0.577106	0.550765	0.626602	0.770111	1.10325	1.34944	0.71743	0.785913	0.711575	1.11545	1.1497	0.995069	1.30506	1.30383	1.26133	0.609517	0.600632	0.686918	0.70828	0.783144	0.767228	1.18869	1.15091	1.155	1.30395	1.29794	1.30581	0.71612	0.600164	0.582664	0.689303	0.776308	0.854913	1.14661	1.19808	1.23999	1.23575	1.26331	1.27375	0.634778	0.649672	0.779484
JE_TC_21	1.40066	1.39895	1.41047	0.622002	0.606124	0.566125	0.735959	0.711412	0.790534	1.12966	1.134	0.995732	1.34564	1.35929	1.33706	0.544539	0.58884	0	0.828197	0.738111	0.748113	1.0763	1.2038	1.21948	1.34531	1.34256	1.36846	0.561793	0.523311	0.649702	0.927942	1.03652	1.09799	1.19628	1.2275	1.34249	1.33365	0.566075	0.706311	0.483599	0.777809	1.0747	1.35968	0.834419	0.866857	0.824822	1.17342	1.18917	1.0649	1.33147	1.31199	1.27727	0.47415	0.541272	0.604231	0.79321	0.827912	0.797143	1.25641	1.18557	1.18275	1.32682	1.31421	1.31692	0.579753	0.532035	0.555846	0.806705	0.894522	0.945118	1.22245	1.26313	1.30756	1.30254	1.30447	1.31287	0.485496	0.585248	0.591764
JE_TC_22	1.40111	1.39788	1.40957	0.820593	0.852937	0.734996	0.637099	0.552252	0.640128	1.00738	1.06025	0.81875	1.29756	1.33317	1.27855	0.739704	0.712891	0.828197	0	0.568763	0.56368	0.804079	1.1039	1.08591	1.30444	1.29909	1.33436	0.874084	0.723594	0.697989	0.639744	0.792482	0.834105	0.975816	1.04493	1.29348	1.26459	0.796679	0.848229	0.892167	0.732431	1.04744	1.32782	0.552077	0.67001	0.639348	0.993968	1.04122	0.932584	1.24556	1.25692	1.23093	0.807878	0.82252	0.797705	0.709326	0.744763	0.765686	1.13993	1.09554	1.09794	1.28152	1.27745	1.28454	0.809164	0.784393	0.763424	0.72377	0.822193	0.865492	1.10731	1.15051	1.20688	1.21067	1.20964	1.24935	0.862666	0.890673	0.944492
JE_TC_23	1.39912	1.39685	1.40846	0.780903	0.795938	0.677098	0.477217	0.56033	0.543697	0.988505	1.08298	0.808662	1.31131	1.3253	1.29148	0.595701	0.633236	0.738111	0.568763	0	0.409908	0.899186	1.08698	1.06785	1.29624	1.28725	1.32655	0.754657	0.609881	0.670476	0.782423	0.84138	0.884024	1.06886	1.06978	1.28792	1.2725	0.696372	0.842117	0.773963	0.676241	1.04518	1.32324	0.609389	0.605633	0.610012	1.02395	1.04534	0.938138	1.25283	1.25244	1.23789	0.665405	0.657818	0.621723	0.667124	0.688512	0.658854	1.15482	1.09638	1.0765	1.27517	1.26956	1.27223	0.67178	0.644922	0.636032	0.739332	0.808948	0.877448	1.13523	1.16993	1.23648	1.23228	1.22036	1.25186	0.741821	0.774269	0.842981
JE_TC_24	1.3963	1.39466	1.40668	0.748789	0.777192	0.68169	0.524988	0.54544	0.60411	0.991778	1.05667	0.833786	1.30198	1.32491	1.28861	0.619364	0.612913	0.748113	0.56368	0.409908	0	0.893647	1.09206	1.01917	1.3045	1.29146	1.31959	0.764334	0.620845	0.692856	0.742653	0.826469	0.868678	1.04603	1.05383	1.28937	1.26722	0.685385	0.809195	0.767408	0.688732	1.04125	1.31713	0.598235	0.646567	0.645572	1.0073	1.03088	0.924275	1.23437	1.2465	1.22591	0.699492	0.687848	0.674092	0.683452	0.701882	0.684508	1.13779	1.08121	1.06617	1.26325	1.25916	1.26414	0.700986	0.665506	0.658482	0.724219	0.813467	0.873745	1.11979	1.15628	1.22321	1.20882	1.19842	1.23674	0.758747	0.786149	0.858771
JE_TC_25	1.32011	1.31084	1.33184	1.07158	1.10286	1.02901	0.906538	0.908605	0.918054	0.924491	1.0689	0.929345	1.17922	1.2182	1.1121	1.04033	1.01808	1.0763	0.804079	0.899186	0.893647	0	0.985174	0.95388	1.11195	1.15107	1.18711	1.10549	1.01762	0.961071	0.909269	0.987542	0.958632	0.946442	0.939288	1.13201	1.12218	1.05288	1.08201	1.11185	0.969444	1.02876	1.18682	0.833411	0.926282	0.904826	0.903635	0.986344	0.95752	1.10532	1.12424	1.11544	1.06638	1.06942	1.04262	0.965362	0.926473	0.963847	1.06731	1.01125	1.02434	1.1577	1.14297	1.15135	1.03409	1.04215	1.03628	0.968172	1.01907	1.04436	1.10375	1.11819	1.22009	1.14631	1.1286	1.19422	1.09781	1.1098	1.13196
JE_TC_26	1.28254	1.27391	1.29889	1.20272	1.21798	1.18124	1.0726	1.13337	1.07989	0.936013	1.14479	1.09797	1.0988	1.15079	1.05842	1.18369	1.17435	1.2038	1.1039	1.08698	1.09206	0.985174	0	0.972524	1.09186	1.04373	1.10261	1.21838	1.17096	1.13884	1.15708	1.11995	1.08998	1.10319	1.01478	1.06687	1.07531	1.18452	1.21265	1.21283	1.09524	1.08087	1.15444	1.07949	1.08626	1.08938	1.02665	1.03128	1.02756	1.09894	1.0826	1.07265	1.18685	1.18793	1.1707	1.1148	1.05506	1.08737	1.0835	1.00264	1.02976	1.10692	1.0801	1.08525	1.15353	1.18024	1.17911	1.12492	1.14815	1.1509	1.1433	1.16202	1.23604	1.12234	1.12821	1.16512	1.21225	1.22827	1.23229
JE_TC_27	1.31144	1.30698	1.32837	1.20976	1.22497	1.18563	1.07086	1.12723	1.07377	0.954277	1.10069	1.10381	1.16811	1.18532	1.12252	1.18851	1.17358	1.21948	1.08591	1.06785	1.01917	0.95388	0.972524	0	1.13632	1.11143	1.10453	1.23509	1.18431	1.14492	1.10729	1.096	1.04154	1.0321	0.946626	1.10077	1.1029	1.19243	1.21821	1.2282	1.10205	1.06921	1.16874	1.04308	1.04967	1.06076	0.93286	0.948988	1.00969	1.03681	1.04829	1.0985	1.20407	1.20925	1.18734	1.10011	1.02624	1.07436	1.02091	0.978682	0.964716	1.08875	1.08641	1.08877	1.16348	1.19651	1.19532	1.12052	1.12643	1.13342	1.11157	1.07822	1.19295	1.10873	1.04325	1.1192	1.2265	1.23995	1.25209
JE_TC_28	0.839189	0.833709	0.871315	1.34443	1.35359	1.33603	1.2837	1.31183	1.30208	1.15751	1.26523	1.27092	0.741997	0.639457	0.635407	1.33796	1.33076	1.34531	1.30444	1.29624	1.3045	1.11195	1.09186	1.13632	0	0.609053	0.576911	1.35299	1.33122	1.30697	1.30825	1.3185	1.30251	1.12214	1.15594	0.524097	0.676339	1.3447	1.34166	1.34543	1.29218	1.18969	0.662532	1.27573	1.30133	1.29903	1.18815	1.16367	1.1945	1.05048	0.889462	0.849444	1.33088	1.3369	1.33584	1.30532	1.28501	1.2936	1.15211	1.15266	1.14204	0.998301	0.878776	0.884177	1.32085	1.33675	1.34073	1.3194	1.32422	1.33617	1.24366	1.24699	1.30687	1.10266	1.14945	1.17138	1.35065	1.36332	1.35873
JE_TC_29	0.866656	0.850036	0.89766	1.34485	1.35207	1.3321	1.26826	1.31574	1.28913	1.13101	1.26005	1.26684	0.749396	0.657394	0.718658	1.34359	1.32462	1.34256	1.29909	1.28725	1.29146	1.15107	1.04373	1.11143	0.609053	0	0.555576	1.35382	1.33583	1.31512	1.31327	1.29001	1.26718	1.13489	1.15162	0.596076	0.671129	1.33716	1.34911	1.34755	1.27976	1.18742	0.704095	1.28715	1.27742	1.29006	1.19647	1.14712	1.18741	1.06686	0.899213	0.860558	1.33618	1.33517	1.33715	1.3045	1.25904	1.28261	1.14368	1.11938	1.1292	1.00284	0.867458	0.905444	1.32298	1.33988	1.34263	1.31573	1.3163	1.31971	1.2438	1.24904	1.27711	1.08146	1.15932	1.15655	1.34969	1.35798	1.35458
JE_TC_30	0.764362	0.747446	0.797162	1.36777	1.37209	1.35994	1.30364	1.34137	1.32368	1.19253	1.28788	1.30301	0.746188	0.631041	0.702717	1.36158	1.35318	1.36846	1.33436	1.32655	1.31959	1.18711	1.10261	1.10453	0.576911	0.555576	0	1.37415	1.35469	1.33465	1.33905	1.33608	1.31351	1.15657	1.17838	0.619378	0.685104	1.36493	1.36588	1.3665	1.30631	1.20492	0.563095	1.31201	1.3119	1.31467	1.21712	1.16037	1.20458	1.07441	0.863536	0.825728	1.35248	1.35984	1.35719	1.32051	1.29145	1.30514	1.15281	1.15161	1.14969	0.973432	0.873799	0.890948	1.33535	1.36078	1.36275	1.33647	1.33782	1.34214	1.25991	1.2579	1.29133	1.09174	1.14224	1.14755	1.36873	1.37838	1.37515
JE_TC_31	1.40117	1.39845	1.41098	0.598447	0.531846	0.552162	0.787946	0.738971	0.85682	1.15502	1.15075	1.0335	1.35548	1.36723	1.34702	0.456422	0.634803	0.561793	0.874084	0.754657	0.764334	1.10549	1.21838	1.23509	1.35299	1.35382	1.37415	0	0.521045	0.770588	0.960947	1.05496	1.12475	1.22139	1.24205	1.35075	1.34503	0.548186	0.684108	0.528069	0.884392	1.15606	1.37244	0.882626	0.905846	0.842128	1.19146	1.21502	1.089	1.34691	1.33104	1.29242	0.660917	0.564077	0.660468	0.840919	0.842919	0.800378	1.27573	1.20465	1.20036	1.33928	1.32938	1.33132	0.709238	0.503072	0.454528	0.823704	0.905697	0.947472	1.2452	1.28233	1.3239	1.32761	1.3263	1.3303	0.459166	0.443054	0.650788
JE_TC_32	1.40113	1.39865	1.41077	0.572098	0.563527	0.533927	0.600625	0.603324	0.71054	1.09562	1.1145	0.933356	1.33433	1.35306	1.31983	0.432154	0.550132	0.523311	0.723594	0.609881	0.620845	1.01762	1.17096	1.18431	1.33122	1.33583	1.35469	0.521045	0	0.597414	0.877331	0.996915	1.05808	1.17761	1.19835	1.33117	1.32306	0.529833	0.665369	0.594531	0.722309	1.09301	1.3508	0.723106	0.792994	0.737733	1.1292	1.16651	1.02567	1.31508	1.30875	1.26816	0.567506	0.537836	0.537851	0.707075	0.743718	0.689449	1.24025	1.15811	1.15654	1.31253	1.30583	1.30663	0.601637	0.42286	0.405907	0.714445	0.844909	0.897081	1.21594	1.25401	1.3003	1.30397	1.2934	1.31077	0.560912	0.566952	0.677
JE_TC_33	1.40021	1.39709	1.40981	0.771814	0.793833	0.724489	0.612971	0.659869	0.672965	1.05014	1.10449	0.887106	1.31571	1.33659	1.293	0.668829	0.710697	0.649702	0.697989	0.670476	0.692856	0.961071	1.13884	1.14492	1.30697	1.31512	1.33465	0.770588	0.597414	0	0.856107	0.980861	1.02141	1.15031	1.1583	1.31005	1.30226	0.74236	0.821371	0.746527	0.657045	1.00307	1.31851	0.699733	0.784386	0.754489	1.07483	1.11169	0.999495	1.27212	1.27135	1.23252	0.635711	0.715537	0.627938	0.743287	0.772293	0.741105	1.21236	1.12248	1.12499	1.28011	1.27252	1.27781	0.609407	0.64756	0.654159	0.766838	0.885671	0.933693	1.19791	1.22986	1.28881	1.2849	1.24159	1.27393	0.717185	0.785072	0.808862
JE_TC_34	1.40052	1.39669	1.40901	0.850014	0.899934	0.803091	0.870324	0.729036	0.839479	1.0783	1.05556	0.943752	1.31616	1.34214	1.29697	0.862213	0.797194	0.927942	0.639744	0.782423	0.742653	0.909269	1.15708	1.10729	1.30825	1.31327	1.33905	0.960947	0.877331	0.856107	0	0.754465	0.793153	0.803823	1.04714	1.29534	1.24777	0.88222	0.847611	0.978984	0.924454	1.10425	1.32424	0.740677	0.781701	0.740931	1.05343	1.0582	0.950717	1.25937	1.26972	1.20928	0.953907	0.952814	0.960514	0.852908	0.887023	0.931151	1.12941	1.13688	1.15491	1.28569	1.28044	1.29123	0.9595	0.914029	0.895289	0.799975	0.845395	0.887312	1.05233	1.10798	1.14839	1.15249	1.20353	1.21899	0.96231	0.973547	1.04455
JE_TC_35	1.39853	1.39263	1.40647	0.988907	1.02938	0.961823	0.912256	0.905132	0.85624	1.02422	1.06733	0.955688	1.2768	1.32916	1.29495	0.993279	0.940391	1.03652	0.792482	0.84138	0.826469	0.987542	1.11995	1.096	1.3185	1.29001	1.33608	1.05496	0.996915	0.980861	0.754465	0	0.618795	0.942335	0.896999	1.27324	1.23649	0.997047	1.00187	1.05824	0.967101	1.09364	1.33052	0.839545	0.741102	0.765517	1.05135	0.971448	0.966046	1.2447	1.22429	1.22545	1.03769	1.03105	1.02377	0.925751	0.881276	0.922449	1.12618	1.12038	1.10051	1.28381	1.27897	1.28005	0.998277	1.01208	0.997532	0.84153	0.876455	0.896813	1.0564	1.04665	1.11391	1.13913	1.13921	1.16666	1.04771	1.06314	1.08759
JE_TC_36	1.39229	1.38647	1.40083	1.07048	1.10323	1.045	0.936031	0.974753	0.881348	0.987964	1.06885	0.947771	1.24673	1.30919	1.26807	1.06107	1.02853	1.09799	0.834105	0.884024	0.868678	0.958632	1.08998	1.04154	1.30251	1.26718	1.31351	1.12475	1.05808	1.02141	0.793153	0.618795	0	0.892704	0.874029	1.25565	1.1796	1.06215	1.08405	1.12394	0.992304	1.08721	1.31567	0.884426	0.763909	0.82435	1.0246	0.936384	0.97027	1.20879	1.18578	1.20791	1.09031	1.09168	1.05408	0.942464	0.914267	0.94812	1.09268	1.09643	1.06629	1.24976	1.25471	1.24848	1.02158	1.07293	1.06912	0.933658	0.939879	0.93077	1.06403	1.03434	1.08998	1.13445	1.11053	1.12598	1.11318	1.13006	1.13136
JE_TC_37	1.31458	1.30633	1.33065	1.15716	1.19466	1.13336	1.12403	1.09076	1.08453	1.08269	1.086	1.10104	1.19573	1.21423	1.15578	1.17642	1.12689	1.19628	0.975816	1.06886	1.04603	0.946442	1.10319	1.0321	1.12214	1.13489	1.15657	1.22139	1.17761	1.15031	0.803823	0.942335	0.892704	0	0.938555	1.09538	1.02549	1.16771	1.1565	1.20942	1.14367	1.12695	1.17982	0.997732	0.993713	0.979875	1.04289	0.995499	0.983686	1.15442	1.10779	1.06878	1.19819	1.20244	1.20723	1.08324	1.0953	1.13552	0.998694	1.09066	1.13007	1.14655	1.12264	1.15237	1.19474	1.18605	1.19213	1.07797	1.06575	1.07331	1.03919	1.05343	1.10183	1.03395	1.11689	1.10583	1.21482	1.22246	1.23998
JE_TC_38	1.33368	1.3228	1.34445	1.20273	1.22844	1.17966	1.08192	1.12216	1.05937	0.953079	1.11866	1.06643	1.15942	1.21504	1.15294	1.19901	1.16752	1.2275	1.04493	1.06978	1.05383	0.939288	1.01478	0.946626	1.15594	1.15162	1.17838	1.24205	1.19835	1.1583	1.04714	0.896999	0.874029	0.938555	0	1.06501	1.0664	1.19561	1.20689	1.23285	1.10102	1.06103	1.20159	1.02956	0.988261	0.999854	0.981295	0.896253	0.983305	1.12691	1.04429	1.08919	1.20968	1.21159	1.20617	1.09807	1.03154	1.07605	1.01417	0.98624	0.979277	1.11602	1.09948	1.09254	1.16219	1.20613	1.20038	1.06098	1.07516	1.07735	1.07414	1.04078	1.13241	1.08855	1.04642	1.06741	1.22842	1.24744	1.25037
JE_TC_40	0.833672	0.838559	0.86226	1.33813	1.34632	1.32657	1.26865	1.30688	1.28163	1.13293	1.2446	1.25437	0.712811	0.629966	0.684464	1.33609	1.32035	1.34249	1.29348	1.28792	1.28937	1.13201	1.06687	1.10077	0.524097	0.596076	0.619378	1.35075	1.33117	1.31005	1.29534	1.27324	1.25565	1.09538	1.06501	0	0.6365	1.33341	1.33879	1.3419	1.27332	1.18418	0.678268	1.26681	1.27759	1.27662	1.16793	1.13552	1.16937	1.04516	0.856688	0.82334	1.33128	1.33153	1.33289	1.28119	1.2583	1.2719	1.09283	1.09933	1.10381	0.933817	0.832442	0.835779	1.3145	1.33325	1.33727	1.29151	1.30069	1.29936	1.21737	1.22878	1.26528	1.04209	1.12062	1.10873	1.34919	1.35965	1.35342
JE_TC_41	0.861989	0.870423	0.880395	1.32634	1.33849	1.32451	1.27272	1.2967	1.26784	1.14378	1.21961	1.24574	0.785129	0.707974	0.725475	1.33119	1.31953	1.33365	1.26459	1.2725	1.26722	1.12218	1.07531	1.1029	0.676339	0.671129	0.685104	1.34503	1.32306	1.30226	1.24777	1.23649	1.1796	1.02549	1.0664	0.6365	0	1.33139	1.32648	1.33245	1.27223	1.17004	0.710429	1.25588	1.23658	1.24299	1.17208	1.08519	1.11467	1.07123	0.808701	0.789671	1.32421	1.32887	1.32567	1.27789	1.24714	1.2697	1.0798	1.09019	1.09155	0.934954	0.833682	0.852902	1.30971	1.32958	1.33267	1.29088	1.27279	1.27717	1.18532	1.17098	1.23351	1.02804	1.08796	1.09192	1.33877	1.34743	1.342
JE_TC_42	1.39859	1.39586	1.4096	0.617973	0.605087	0.561083	0.714109	0.682674	0.794387	1.12052	1.11384	0.986409	1.34678	1.35932	1.33452	0.480055	0.577106	0.566075	0.796679	0.696372	0.685385	1.05288	1.18452	1.19243	1.3447	1.33716	1.36493	0.548186	0.529833	0.74236	0.88222	0.997047	1.06215	1.16771	1.19561	1.33341	1.33139	0	0.694208	0.613908	0.817907	1.12085	1.36377	0.803647	0.816589	0.773102	1.14709	1.16578	1.03184	1.32492	1.31629	1.26979	0.617879	0.536425	0.624412	0.753763	0.792877	0.772424	1.2144	1.16192	1.16217	1.31411	1.30784	1.31249	0.663793	0.518212	0.531764	0.768986	0.825009	0.878449	1.18018	1.22375	1.25167	1.26568	1.28307	1.28517	0.567199	0.591054	0.637214
JE_TC_43	1.39979	1.39827	1.41012	0.402318	0.496658	0.54022	0.874224	0.657617	0.940857	1.16227	1.09629	1.07031	1.34739	1.36214	1.34058	0.658758	0.550765	0.706311	0.848229	0.842117	0.809195	1.08201	1.21265	1.21821	1.34166	1.34911	1.36588	0.684108	0.665369	0.821371	0.847611	1.00187	1.08405	1.1565	1.20689	1.33879	1.32648	0.694208	0	0.715153	0.941342	1.16321	1.36232	0.855695	0.946121	0.859052	1.16847	1.19885	1.06542	1.32689	1.32098	1.27696	0.825658	0.787185	0.855433	0.847679	0.895534	0.892212	1.23202	1.1982	1.2068	1.32564	1.31272	1.32247	0.879074	0.701601	0.667267	0.752282	0.854598	0.899623	1.17955	1.22419	1.24636	1.26063	1.29416	1.29595	0.733658	0.710857	0.87511
JE_TC_44	1.39863	1.39558	1.4088	0.652847	0.637862	0.635997	0.782084	0.759009	0.851351	1.15081	1.12983	1.03692	1.34659	1.35967	1.33866	0.56275	0.626602	0.483599	0.892167	0.773963	0.767408	1.11185	1.21283	1.2282	1.34543	1.34755	1.3665	0.528069	0.594531	0.746527	0.978984	1.05824	1.12394	1.20942	1.23285	1.3419	1.33245	0.613908	0.715153	0	0.844175	1.10605	1.36291	0.888545	0.911276	0.864766	1.19321	1.19821	1.07378	1.33632	1.30961	1.27605	0.541649	0.551544	0.65936	0.846335	0.877036	0.828181	1.26175	1.19753	1.19466	1.32632	1.3133	1.31655	0.642342	0.575758	0.597837	0.849647	0.911484	0.962919	1.23328	1.26238	1.30819	1.31127	1.3014	1.30859	0.493816	0.562504	0.639173
JE_TC_45	1.39722	1.39398	1.40713	0.897308	0.91334	0.823502	0.619436	0.702863	0.653193	0.998245	1.10052	0.863329	1.28231	1.31797	1.27329	0.774908	0.770111	0.777809	0.732431	0.676241	0.688732	0.969444	1.09524	1.10205	1.29218	1.27976	1.30631	0.884392	0.722309	0.657045	0.924454	0.967101	0.992304	1.14367	1.10102	1.27332	1.27223	0.817907	0.941342	0.844175	0	0.827824	1.26559	0.696367	0.749756	0.764769	0.99755	1.06008	0.969871	1.19506	1.23643	1.21911	0.692806	0.764513	0.686947	0.755304	0.717885	0.684304	1.17279	1.04999	1.0226	1.24741	1.22781	1.22479	0.6605	0.765175	0.78808	0.805266	0.865825	0.908964	1.13998	1.14797	1.24039	1.19655	1.14996	1.22558	0.830481	0.881826	0.859313
JE_TC_46	1.35018	1.33876	1.35937	1.14809	1.16265	1.12166	1.01184	1.06097	1.00629	0.993854	1.13108	1.04577	1.19712	1.24958	1.17742	1.11045	1.10325	1.0747	1.04744	1.04518	1.04125	1.02876	1.08087	1.06921	1.18969	1.18742	1.20492	1.15606	1.09301	1.00307	1.10425	1.09364	1.08721	1.12695	1.06103	1.18418	1.17004	1.12085	1.16321	1.10605	0.827824	0	1.14253	1.01517	1.02774	1.03657	1.02326	1.03055	1.04805	1.11137	1.10935	1.1413	1.0363	1.09831	1.06905	1.06414	0.985206	0.995128	1.1412	1.0209	1.00981	1.17187	1.11997	1.11942	0.986814	1.1009	1.11044	1.0529	1.06976	1.07145	1.12121	1.11016	1.21837	1.12085	1.07933	1.1561	1.08987	1.1573	1.12913
JE_TC_47	0.764256	0.763574	0.781928	1.3597	1.36914	1.35406	1.30371	1.32975	1.32405	1.21128	1.28507	1.30884	0.806403	0.697958	0.749044	1.36105	1.34944	1.35968	1.32782	1.32324	1.31713	1.18682	1.15444	1.16874	0.662532	0.704095	0.563095	1.37244	1.3508	1.31851	1.32424	1.33052	1.31567	1.17982	1.20159	0.678268	0.710429	1.36377	1.36232	1.36291	1.26559	1.14253	0	1.3003	1.31574	1.31551	1.21295	1.18651	1.22051	1.06426	0.915423	0.847199	1.35228	1.35549	1.34414	1.31938	1.28841	1.30475	1.17347	1.15241	1.15368	0.991084	0.883011	0.915763	1.32545	1.35634	1.35991	1.31403	1.32697	1.3309	1.2614	1.2535	1.28322	1.09145	1.13276	1.1593	1.36657	1.37473	1.3686
JE_TC_48	1.39691	1.39361	1.4074	0.827675	0.863365	0.753703	0.63698	0.604869	0.676504	1.00426	1.03376	0.843518	1.29019	1.32742	1.26451	0.771431	0.71743	0.834419	0.552077	0.609389	0.598235	0.833411	1.07949	1.04308	1.27573	1.28715	1.31201	0.882626	0.723106	0.699733	0.740677	0.839545	0.884426	0.997732	1.02956	1.26681	1.25588	0.803647	0.855695	0.888545	0.696367	1.01517	1.3003	0	0.687508	0.612125	0.844183	1.0309	0.902379	1.12997	1.22636	1.21162	0.800409	0.819395	0.764277	0.670416	0.666215	0.696174	1.07977	1.03885	1.02883	1.23629	1.22695	1.23976	0.7688	0.765475	0.754097	0.682173	0.780666	0.830751	1.05601	1.09646	1.18052	1.15094	1.14112	1.21082	0.86605	0.886917	0.931079
JE_TC_49	1.39999	1.39581	1.40812	0.917988	0.93758	0.828505	0.64474	0.756992	0.631971	0.975141	1.05591	0.834127	1.31012	1.31708	1.28724	0.783798	0.785913	0.866857	0.67001	0.605633	0.646567	0.926282	1.08626	1.04967	1.30133	1.27742	1.3119	0.905846	0.792994	0.784386	0.781701	0.741102	0.763909	0.993713	0.988261	1.27759	1.23658	0.816589	0.946121	0.911276	0.749756	1.02774	1.31574	0.687508	0	0.559954	1.00495	0.837258	0.86765	1.24418	1.1405	1.18538	0.795624	0.815395	0.72424	0.681715	0.68932	0.705562	1.07495	1.04109	1.0156	1.23627	1.22462	1.23108	0.751265	0.80375	0.809809	0.778402	0.718146	0.787393	1.0472	1.04096	1.11424	1.15177	1.13225	1.13805	0.877542	0.895401	0.912318
JE_TC_50	1.39879	1.39525	1.40763	0.843147	0.868496	0.729543	0.662214	0.683044	0.646886	0.98307	1.0441	0.845068	1.29212	1.32045	1.28298	0.727048	0.711575	0.824822	0.639348	0.610012	0.645572	0.904826	1.08938	1.06076	1.29903	1.29006	1.31467	0.842128	0.737733	0.754489	0.740931	0.765517	0.82435	0.979875	0.999854	1.27662	1.24299	0.773102	0.859052	0.864766	0.764769	1.03657	1.31551	0.612125	0.559954	0	0.977914	0.969322	0.774462	1.23688	1.22075	1.15595	0.792716	0.785817	0.753989	0.651388	0.654936	0.671184	1.07091	1.03947	1.03016	1.24804	1.24527	1.24492	0.762848	0.756829	0.732624	0.675726	0.678472	0.700658	1.03988	1.03642	1.1043	1.15036	1.13725	1.13952	0.82747	0.840424	0.904183
JE_TC_51	1.36658	1.36162	1.37937	1.16115	1.1828	1.12567	1.02698	1.02664	1.01331	1.00854	1.10736	1.05182	1.21021	1.27376	1.19022	1.14629	1.11545	1.17342	0.993968	1.02395	1.0073	0.903635	1.02665	0.93286	1.18815	1.19647	1.21712	1.19146	1.1292	1.07483	1.05343	1.05135	1.0246	1.04289	0.981295	1.16793	1.17208	1.14709	1.16847	1.19321	0.99755	1.02326	1.21295	0.844183	1.00495	0.977914	0	0.959475	0.969713	0.629969	1.09903	1.14509	1.14659	1.15878	1.14181	1.02351	0.924108	0.983732	1.01263	0.923742	0.911553	1.10655	1.09307	1.10517	1.10249	1.14647	1.1388	1.02299	1.05851	1.06096	1.0465	1.04673	1.17887	1.06153	0.974196	1.14881	1.17524	1.1951	1.20538
JE_TC_52	1.33522	1.32624	1.34837	1.19376	1.21442	1.16588	1.04681	1.11545	1.04179	0.991614	1.13101	1.08579	1.21951	1.22261	1.17316	1.16657	1.1497	1.18917	1.04122	1.04534	1.03088	0.986344	1.03128	0.948988	1.16367	1.14712	1.16037	1.21502	1.16651	1.11169	1.0582	0.971448	0.936384	0.995499	0.896253	1.13552	1.08519	1.16578	1.19885	1.19821	1.06008	1.03055	1.18651	1.0309	0.837258	0.969322	0.959475	0	0.904111	1.09829	0.815204	1.0309	1.16556	1.17679	1.14565	1.04945	0.972346	1.01831	0.910013	0.855727	0.874823	0.992934	0.995353	0.996702	1.10678	1.17269	1.17512	1.0637	1.02727	1.03027	1.02371	0.950082	1.09551	1.06284	0.914188	0.988644	1.19331	1.21275	1.21043
JE_TC_53	1.34224	1.33079	1.35448	1.06394	1.0878	1.00581	0.938139	0.964143	0.948254	1.00415	1.06094	1.02149	1.2307	1.25145	1.20007	1.02939	0.995069	1.0649	0.932584	0.938138	0.924275	0.95752	1.02756	1.00969	1.1945	1.18741	1.20458	1.089	1.02567	0.999495	0.950717	0.966046	0.97027	0.983686	0.983305	1.16937	1.11467	1.03184	1.06542	1.07378	0.969871	1.04805	1.22051	0.902379	0.86765	0.774462	0.969713	0.904111	0	1.15612	1.06989	0.907056	1.04338	1.04703	1.03721	0.9183	0.899205	0.905691	0.971269	0.905647	0.924336	1.0846	1.07253	1.06363	1.01911	1.03026	1.03227	0.942482	0.929987	0.936705	1.00155	0.985815	1.09686	1.06364	1.01895	1.01516	1.07469	1.07402	1.118
JE_TC_54	1.23633	1.23407	1.2495	1.32431	1.33868	1.3169	1.2465	1.25437	1.23988	1.12541	1.21776	1.23229	1.06722	1.13314	1.06391	1.33016	1.30506	1.33147	1.24556	1.25283	1.23437	1.10532	1.09894	1.03681	1.05048	1.06686	1.07441	1.34691	1.31508	1.27212	1.25937	1.2447	1.20879	1.15442	1.12691	1.04516	1.07123	1.32492	1.32689	1.33632	1.19506	1.11137	1.06426	1.12997	1.24418	1.23688	0.629969	1.09829	1.15612	0	1.05215	1.0959	1.31481	1.32517	1.31667	1.24974	1.1683	1.20994	1.10123	1.06657	1.03835	1.06969	1.0343	1.04804	1.27821	1.32691	1.32727	1.25535	1.25632	1.25303	1.15855	1.1423	1.25097	1.05941	0.989051	1.18632	1.33396	1.35079	1.34012
JE_TC_55	1.07733	1.08369	1.08692	1.32041	1.32994	1.31202	1.23127	1.2853	1.24947	1.11103	1.24197	1.24503	1.00365	0.933597	0.921719	1.31173	1.30383	1.31199	1.25692	1.25244	1.2465	1.12424	1.0826	1.04829	0.889462	0.899213	0.863536	1.33104	1.30875	1.27135	1.26972	1.22429	1.18578	1.10779	1.04429	0.856688	0.808701	1.31629	1.32098	1.30961	1.23643	1.10935	0.915423	1.22636	1.1405	1.22075	1.09903	0.815204	1.06989	1.05215	0	0.841706	1.29543	1.30933	1.2873	1.25142	1.20893	1.19482	0.999045	0.954611	0.960164	0.832446	0.741032	0.744201	1.24627	1.30962	1.31485	1.27023	1.24057	1.24879	1.14707	1.09984	1.22414	1.04334	0.960776	1.01669	1.31183	1.3311	1.32655
JE_TC_56	1.01811	1.01772	1.03456	1.28128	1.29533	1.26218	1.21121	1.24871	1.23584	1.11334	1.20325	1.24139	0.964997	0.898977	0.886688	1.27377	1.26133	1.27727	1.23093	1.23789	1.22591	1.11544	1.07265	1.0985	0.849444	0.860558	0.825728	1.29242	1.26816	1.23252	1.20928	1.22545	1.20791	1.06878	1.08919	0.82334	0.789671	1.26979	1.27696	1.27605	1.21911	1.1413	0.847199	1.21162	1.18538	1.15595	1.14509	1.0309	0.907056	1.0959	0.841706	0	1.26505	1.27639	1.26213	1.20653	1.19702	1.18703	1.02965	1.01542	1.02937	0.92299	0.83623	0.849596	1.24283	1.26102	1.27893	1.22346	1.20132	1.19813	1.13492	1.11611	1.18403	1.04547	1.03504	0.989796	1.28559	1.29099	1.29629
JE_TC_57	1.40179	1.40052	1.41082	0.762093	0.748417	0.666496	0.65042	0.706833	0.698645	1.1145	1.14046	0.93189	1.33125	1.35335	1.32366	0.556102	0.609517	0.47415	0.807878	0.665405	0.699492	1.06638	1.18685	1.20407	1.33088	1.33618	1.35248	0.660917	0.567506	0.635711	0.953907	1.03769	1.09031	1.19819	1.20968	1.33128	1.32421	0.617879	0.825658	0.541649	0.692806	1.0363	1.35228	0.800409	0.795624	0.792716	1.14659	1.16556	1.04338	1.31481	1.29543	1.26505	0	0.483794	0.521513	0.742541	0.796145	0.74832	1.2413	1.1613	1.1584	1.30853	1.29796	1.29999	0.497977	0.565795	0.618356	0.825263	0.883395	0.946503	1.22576	1.25907	1.31285	1.30754	1.28901	1.30235	0.529389	0.653601	0.598482
JE_TC_58	1.39953	1.39728	1.40943	0.715664	0.694304	0.627321	0.666488	0.717201	0.749614	1.12134	1.14471	0.970705	1.34281	1.35582	1.33175	0.49675	0.600632	0.541272	0.82252	0.657818	0.687848	1.06942	1.18793	1.20925	1.3369	1.33517	1.35984	0.564077	0.537836	0.715537	0.952814	1.03105	1.09168	1.20244	1.21159	1.33153	1.32887	0.536425	0.787185	0.551544	0.764513	1.09831	1.35549	0.819395	0.815395	0.785817	1.15878	1.17679	1.04703	1.32517	1.30933	1.27639	0.483794	0	0.528515	0.767083	0.789053	0.734664	1.24464	1.17313	1.16566	1.31515	1.3069	1.30989	0.589328	0.488349	0.528641	0.801601	0.871597	0.930853	1.22553	1.25919	1.30822	1.30353	1.2933	1.30836	0.518988	0.558635	0.553338
JE_TC_59	1.4004	1.39838	1.40999	0.78037	0.780686	0.714069	0.569211	0.749051	0.662262	1.08883	1.14953	0.911252	1.34513	1.35411	1.32725	0.585598	0.686918	0.604231	0.797705	0.621723	0.674092	1.04262	1.1707	1.18734	1.33584	1.33715	1.35719	0.660468	0.537851	0.627938	0.960514	1.02377	1.05408	1.20723	1.20617	1.33289	1.32567	0.624412	0.855433	0.65936	0.686947	1.06905	1.34414	0.764277	0.72424	0.753989	1.14181	1.14565	1.03721	1.31667	1.2873	1.26213	0.521513	0.528515	0	0.694653	0.751812	0.68458	1.24233	1.15682	1.14205	1.30503	1.30046	1.29941	0.480143	0.496167	0.563562	0.809239	0.849427	0.933045	1.2298	1.25589	1.30933	1.31328	1.27831	1.29704	0.628776	0.660661	0.640706
JE_TC_60	1.39843	1.39618	1.40821	0.83444	0.855773	0.745893	0.667514	0.704634	0.706497	1.05321	1.06319	0.875463	1.30515	1.33359	1.29346	0.731442	0.70828	0.79321	0.709326	0.667124	0.683452	0.965362	1.1148	1.10011	1.30532	1.3045	1.32051	0.840919	0.707075	0.743287	0.852908	0.925751	0.942464	1.08324	1.09807	1.28119	1.27789	0.753763	0.847679	0.846335	0.755304	1.06414	1.31938	0.670416	0.681715	0.651388	1.02351	1.04945	0.9183	1.24974	1.25142	1.20653	0.742541	0.767083	0.694653	0	0.663151	0.645193	1.01307	1.03176	1.04022	1.21255	1.23518	1.23842	0.728212	0.726744	0.729207	0.682727	0.749939	0.778223	1.05059	1.09992	1.16639	1.17145	1.17536	1.18529	0.819316	0.819017	0.870041
JE_TC_61	1.39089	1.3855	1.40296	0.869907	0.877516	0.796963	0.681203	0.745152	0.722582	0.972344	1.06237	0.869611	1.25984	1.30803	1.26123	0.767734	0.783144	0.827912	0.744763	0.688512	0.701882	0.926473	1.05506	1.02624	1.28501	1.25904	1.29145	0.842919	0.743718	0.772293	0.887023	0.881276	0.914267	1.0953	1.03154	1.2583	1.24714	0.792877	0.895534	0.877036	0.717885	0.985206	1.28841	0.666215	0.68932	0.654936	0.924108	0.972346	0.899205	1.1683	1.20893	1.19702	0.796145	0.789053	0.751812	0.663151	0	0.566974	1.06655	0.883981	0.899532	1.20115	1.17287	1.18311	0.736517	0.749428	0.730497	0.686634	0.749251	0.764252	1.03813	1.03986	1.1549	1.15736	1.09298	1.14671	0.815292	0.831114	0.863461
JE_TC_62	1.39695	1.39316	1.40717	0.854511	0.860772	0.788366	0.630634	0.746552	0.71661	1.01368	1.08889	0.895949	1.29126	1.31584	1.27922	0.728829	0.767228	0.797143	0.765686	0.658854	0.684508	0.963847	1.08737	1.07436	1.2936	1.28261	1.30514	0.800378	0.689449	0.741105	0.931151	0.922449	0.94812	1.13552	1.07605	1.2719	1.2697	0.772424	0.892212	0.828181	0.684304	0.995128	1.30475	0.696174	0.705562	0.671184	0.983732	1.01831	0.905691	1.20994	1.19482	1.18703	0.74832	0.734664	0.68458	0.645193	0.566974	0	1.10544	0.986484	0.86772	1.21864	1.21312	1.18993	0.670483	0.69265	0.674422	0.705814	0.771162	0.79685	1.09018	1.06939	1.20658	1.18845	1.11233	1.1745	0.781397	0.791472	0.844532
JE_TC_63	1.34397	1.33763	1.35874	1.23875	1.25895	1.20335	1.16907	1.18268	1.17874	1.11261	1.13332	1.18877	1.23321	1.23353	1.18873	1.23862	1.18869	1.25641	1.13993	1.15482	1.13779	1.06731	1.0835	1.02091	1.15211	1.14368	1.15281	1.27573	1.24025	1.21236	1.12941	1.12618	1.09268	0.998694	1.01417	1.09283	1.0798	1.2144	1.23202	1.26175	1.17279	1.1412	1.17347	1.07977	1.07495	1.07091	1.01263	0.910013	0.971269	1.10123	0.999045	1.02965	1.2413	1.24464	1.24233	1.01307	1.06655	1.10544	0	0.769952	0.892531	0.674289	0.849471	0.87771	1.22455	1.23845	1.24329	1.11825	1.07293	1.07355	0.894333	0.895504	1.01046	0.911121	0.892426	0.921599	1.26854	1.26635	1.28074
