	JE_Soil_50	JE_Soil_51	JE_Soil_52	JE_Soil_54	JE_Soil_56	JE_Soil_57	JE_Soil_58	JE_Soil_59	JE_Soil_60	JE_Soil_62	JE_Soil_63	JE_Soil_64	JE_Soil_66	JE_Soil_67	JE_Soil_68	JE_Soil_70	JE_Soil_71	JE_Soil_72	JE_Soil_74	JE_Soil_75	JE_Soil_76	JE_Soil_78	JE_Soil_80	JE_Soil_82	JE_Soil_83	JE_Soil_84	JE_Soil_86	JE_Soil_87	JE_Soil_88	JE_Soil_91	JE_Soil_92	JE_Soil_95	JE_Soil_96	JE_Soil_227	JE_Soil_228	JE_Soil_229	JE_Soil_231	JE_Soil_232	JE_Soil_233	JE_Soil_234	JE_Soil_235	JE_Soil_236	JE_Soil_239	JE_Soil_240	JE_Soil_241	JE_Soil_244	JE_Soil_248	JE_Soil_249	JE_Soil_250	JE_Soil_252	JE_Soil_253	JE_Soil_254	JE_Soil_256	JE_Soil_257	JE_Soil_258	JE_Soil_260	JE_Soil_262	JE_Soil_264	JE_Soil_265	JE_Soil_266	JE_Soil_268	JE_Soil_269	JE_Soil_270	JE_Soil_272	JE_TC_4	JE_TC_5	JE_TC_6	JE_TC_7	JE_TC_8	JE_TC_9	JE_TC_10	JE_TC_11	JE_TC_12	JE_TC_13	JE_TC_14	JE_TC_15	JE_TC_16	JE_TC_17	JE_TC_18	JE_TC_19	JE_TC_20	JE_TC_21	JE_TC_22	JE_TC_23	JE_TC_24	JE_TC_25	JE_TC_26	JE_TC_27	JE_TC_28	JE_TC_29	JE_TC_30	JE_TC_31	JE_TC_32	JE_TC_33	JE_TC_34	JE_TC_35	JE_TC_36	JE_TC_37	JE_TC_38	JE_TC_40	JE_TC_41	JE_TC_42	JE_TC_43	JE_TC_44	JE_TC_45	JE_TC_46	JE_TC_47	JE_TC_48	JE_TC_49	JE_TC_50	JE_TC_51	JE_TC_52	JE_TC_53	JE_TC_54	JE_TC_55	JE_TC_56	JE_TC_57	JE_TC_58	JE_TC_59	JE_TC_60	JE_TC_61	JE_TC_62	JE_TC_63	JE_TC_64	JE_TC_65	JE_TC_66	JE_TC_67	JE_TC_68	JE_TC_69	JE_TC_70	JE_TC_71	JE_TC_72	JE_TC_73	JE_TC_74	JE_TC_75	JE_TC_76	JE_TC_77	JE_TC_78	JE_TC_79	JE_TC_80	JE_TC_81	JE_TC_82	JE_TC_83
JE_Soil_50	7.81642e+08	1.72e+08	4.64144e+07	5.81675e+08	5.59008e+07	3.8348e+08	4.87585e+08	1.52535e+08	1.71224e+07	3.31004e+08	1.33221e+08	6.88653e+07	4.42346e+08	1.25498e+08	6.37891e+07	4.24454e+08	1.51514e+08	2.23826e+07	6.92238e+08	1.7319e+08	4.76851e+07	5.20367e+08	3.92532e+07	4.63328e+08	1.92407e+08	1.45013e+07	2.90776e+08	2.2038e+08	2.37181e+07	1.43536e+08	2.37208e+07	2.16546e+08	3.61113e+07	3.47196e+08	1.30618e+08	4.42945e+08	3.79105e+08	7.77705e+07	4.70415e+08	3.98201e+08	3.10066e+08	5.63869e+07	2.20204e+08	7.23549e+07	5.02036e+08	6.87524e+07	3.40309e+07	7.63989e+08	5.42273e+08	7.48084e+07	5.3409e+08	7.05305e+08	1.08368e+08	4.30995e+08	5.46769e+08	5.93782e+07	5.63735e+08	8.10129e+07	5.26382e+08	4.71646e+08	7.92125e+07	5.51591e+08	5.33002e+08	3.82443e+07	2.0843e+06	2.27099e+06	1.10266e+06	3.43673e+08	3.69422e+08	3.79868e+08	3.08987e+08	3.73473e+08	2.60385e+08	1.13899e+08	1.83449e+08	1.81703e+08	1.56881e+07	9.51779e+06	1.65606e+07	4.0475e+08	4.36491e+08	3.64696e+08	2.58899e+08	3.6121e+08	4.07488e+08	1.46809e+08	9.07285e+07	1.0008e+08	1.12233e+07	1.52e+07	8.57319e+06	3.73594e+08	3.33767e+08	2.20243e+08	2.29742e+08	2.06724e+08	1.49739e+08	7.64685e+07	9.99463e+07	1.5618e+07	1.77483e+07	3.99782e+08	3.2521e+08	4.7839e+08	3.0519e+08	1.51492e+08	1.05758e+07	2.57525e+08	2.5701e+08	2.37994e+08	1.43476e+08	1.23243e+08	1.874e+08	4.583e+07	2.84506e+07	3.24798e+07	4.29686e+08	4.42907e+08	2.748e+08	2.67296e+08	2.55781e+08	2.8424e+08	6.95201e+07	1.1085e+08	1.47625e+08	3.24499e+07	2.74909e+07	2.96399e+07	3.29645e+08	3.24241e+08	3.10417e+08	2.60781e+08	2.77015e+08	2.18781e+08	1.09895e+08	1.08813e+08	7.41651e+07	6.08281e+07	8.82762e+07	6.44606e+07	4.13468e+08	3.90817e+08	3.88014e+08
JE_Soil_51	1.72e+08	1.86365e+08	4.78149e+07	1.42885e+08	6.04489e+07	9.15505e+07	1.22456e+08	9.32634e+07	2.23234e+07	8.96683e+07	9.08005e+07	7.37654e+07	1.21317e+08	9.41644e+07	6.37854e+07	1.19014e+08	9.89587e+07	2.56157e+07	1.46719e+08	9.73611e+07	4.67763e+07	1.32568e+08	4.71584e+07	1.12962e+08	9.67967e+07	1.85787e+07	9.40351e+07	1.05429e+08	3.10852e+07	7.69705e+07	2.63534e+07	1.06585e+08	4.60118e+07	1.36759e+08	1.04971e+08	1.04071e+08	1.35968e+08	7.48446e+07	9.6274e+07	9.68032e+07	1.40511e+08	6.0387e+07	1.14524e+08	7.14427e+07	1.14201e+08	6.44659e+07	4.24096e+07	1.66058e+08	1.43503e+08	7.07835e+07	1.23368e+08	1.94316e+08	9.5922e+07	9.7036e+07	1.39544e+08	6.76102e+07	1.54792e+08	7.77897e+07	1.18256e+08	1.35439e+08	7.6842e+07	1.25192e+08	1.48331e+08	4.62395e+07	3.41321e+06	3.24852e+06	3.70818e+06	9.39962e+07	9.56163e+07	9.79242e+07	8.59515e+07	9.80388e+07	7.98485e+07	5.55085e+07	1.04546e+08	6.13417e+07	1.14317e+07	9.12016e+06	1.08713e+07	9.16815e+07	1.08846e+08	8.89503e+07	7.58778e+07	9.80824e+07	1.18756e+08	5.39782e+07	4.22487e+07	5.44753e+07	7.28326e+06	1.25556e+07	7.10556e+06	8.27688e+07	7.86152e+07	5.81239e+07	7.9713e+07	8.52513e+07	7.05368e+07	4.44169e+07	5.48377e+07	1.07671e+07	1.63661e+07	1.0344e+08	9.39133e+07	1.12974e+08	8.51385e+07	6.79414e+07	8.87943e+06	7.83323e+07	8.4946e+07	7.35283e+07	6.16756e+07	6.51062e+07	7.61612e+07	2.89649e+07	2.1039e+07	2.02218e+07	9.79437e+07	9.57984e+07	6.38886e+07	8.32645e+07	8.21756e+07	7.90141e+07	4.97616e+07	5.88273e+07	7.67236e+07	2.90292e+07	2.2828e+07	2.55031e+07	8.19834e+07	7.9289e+07	7.09535e+07	7.85967e+07	9.41352e+07	8.2148e+07	6.80433e+07	6.97408e+07	5.84811e+07	4.68599e+07	6.15165e+07	5.52605e+07	9.75836e+07	9.23011e+07	8.72584e+07
JE_Soil_52	4.64144e+07	4.78149e+07	5.83273e+07	3.62311e+07	5.40262e+07	1.59531e+07	3.20131e+07	4.21086e+07	2.67712e+07	2.23264e+07	4.45666e+07	5.93551e+07	3.37752e+07	4.57846e+07	5.13091e+07	3.18613e+07	5.37465e+07	2.61895e+07	3.53042e+07	4.73011e+07	4.63669e+07	3.2089e+07	4.6048e+07	2.50377e+07	4.39943e+07	2.10294e+07	2.36897e+07	4.77947e+07	3.16755e+07	3.86546e+07	2.76909e+07	4.44582e+07	3.85505e+07	5.71418e+07	7.50708e+07	1.86071e+07	5.29764e+07	5.99379e+07	1.74078e+07	2.18441e+07	6.49969e+07	4.8067e+07	5.59694e+07	5.59461e+07	2.33271e+07	4.99953e+07	3.8651e+07	3.25046e+07	4.8302e+07	6.14072e+07	2.44764e+07	6.4841e+07	6.36384e+07	1.73552e+07	4.02144e+07	4.99833e+07	5.36572e+07	6.04038e+07	2.22052e+07	3.78006e+07	5.35999e+07	2.62259e+07	4.12907e+07	3.49052e+07	7.28223e+06	5.57811e+06	9.80731e+06	1.92003e+07	1.95988e+07	1.93214e+07	1.38981e+07	1.7226e+07	1.07688e+07	1.16424e+07	2.88701e+07	9.5341e+06	8.53613e+06	9.46322e+06	8.54836e+06	1.622e+07	2.06871e+07	1.66053e+07	1.29317e+07	1.51585e+07	2.10396e+07	1.41081e+07	1.12469e+07	1.51656e+07	6.64577e+06	7.65451e+06	7.06322e+06	1.59932e+07	1.35757e+07	1.02668e+07	1.53944e+07	1.40705e+07	1.20646e+07	1.26069e+07	1.40009e+07	8.82404e+06	1.03052e+07	1.78897e+07	1.8707e+07	2.06558e+07	1.4312e+07	1.56089e+07	8.62476e+06	1.43453e+07	1.35357e+07	1.22526e+07	1.33393e+07	1.79101e+07	2.15743e+07	1.07012e+07	1.25029e+07	1.24226e+07	1.7215e+07	1.68466e+07	1.03431e+07	1.56061e+07	1.48086e+07	1.52083e+07	1.76266e+07	2.09578e+07	2.83731e+07	1.78428e+07	1.50401e+07	1.79e+07	1.31774e+07	1.45631e+07	1.23584e+07	1.59853e+07	1.87249e+07	1.52436e+07	2.20464e+07	2.10994e+07	1.46271e+07	1.96686e+07	2.39596e+07	2.3711e+07	1.86088e+07	1.74247e+07	1.43683e+07
JE_Soil_54	5.81675e+08	1.42885e+08	3.62311e+07	5.16424e+08	4.4105e+07	3.21009e+08	4.16002e+08	1.27656e+08	1.3694e+07	2.91464e+08	1.12252e+08	5.3405e+07	3.6466e+08	1.02342e+08	5.40285e+07	3.56916e+08	1.25233e+08	1.75934e+07	5.68228e+08	1.39705e+08	3.78763e+07	4.43215e+08	3.0578e+07	3.90181e+08	1.60702e+08	1.27922e+07	2.55447e+08	1.8821e+08	2.01343e+07	1.23254e+08	1.95124e+07	1.83341e+08	2.98076e+07	3.00161e+08	1.10871e+08	3.6759e+08	3.18629e+08	6.65355e+07	4.04056e+08	3.30485e+08	2.61479e+08	4.89344e+07	1.87766e+08	6.28607e+07	4.31597e+08	6.02375e+07	2.7091e+07	6.2232e+08	4.48512e+08	5.93253e+07	4.51267e+08	5.95159e+08	8.4492e+07	3.6949e+08	4.57942e+08	5.18843e+07	4.79529e+08	6.97148e+07	4.42889e+08	4.01157e+08	7.00677e+07	4.78834e+08	4.42973e+08	2.80129e+07	1.83687e+06	2.03676e+06	870371	2.96652e+08	3.22842e+08	3.20325e+08	2.51311e+08	3.03121e+08	2.09966e+08	9.11878e+07	1.49316e+08	1.43785e+08	1.07294e+07	7.8885e+06	1.2741e+07	3.43875e+08	3.58002e+08	3.12568e+08	2.10173e+08	2.94207e+08	3.29096e+08	1.18438e+08	7.1507e+07	7.8562e+07	8.74615e+06	1.05165e+07	6.64056e+06	3.26317e+08	2.87152e+08	1.87517e+08	1.86872e+08	1.62857e+08	1.16531e+08	6.06096e+07	7.52027e+07	1.15508e+07	1.31628e+07	3.35708e+08	2.79782e+08	4.06009e+08	2.40625e+08	1.17128e+08	8.05199e+06	2.07762e+08	2.04455e+08	1.93717e+08	1.10973e+08	9.57886e+07	1.47354e+08	3.24837e+07	2.19545e+07	2.53929e+07	3.55105e+08	3.72345e+08	2.32562e+08	2.17733e+08	2.08819e+08	2.32836e+08	5.24948e+07	8.72681e+07	1.13184e+08	2.55286e+07	2.16724e+07	2.32667e+07	2.75152e+08	2.81025e+08	2.71351e+08	2.14156e+08	2.187e+08	1.78586e+08	7.77322e+07	7.74657e+07	5.10534e+07	3.88602e+07	6.1022e+07	4.71159e+07	3.61875e+08	3.41104e+08	3.27076e+08
JE_Soil_56	5.59008e+07	6.04489e+07	5.40262e+07	4.4105e+07	7.54149e+07	1.99995e+07	3.93615e+07	5.59814e+07	2.63998e+07	2.72257e+07	5.81339e+07	7.3834e+07	4.02367e+07	6.25492e+07	7.23964e+07	3.97305e+07	7.53612e+07	3.02872e+07	4.42749e+07	5.76381e+07	5.17522e+07	3.95155e+07	5.58781e+07	3.04724e+07	5.59904e+07	2.39575e+07	2.94743e+07	6.51711e+07	3.90545e+07	4.62879e+07	3.13668e+07	5.93388e+07	4.85168e+07	7.559e+07	9.56645e+07	2.41726e+07	7.06118e+07	8.03261e+07	2.10608e+07	2.81315e+07	8.10565e+07	5.76549e+07	7.09133e+07	7.14414e+07	2.85986e+07	6.41745e+07	5.05413e+07	4.27694e+07	6.01926e+07	7.63356e+07	3.01555e+07	7.50008e+07	9.14262e+07	2.19733e+07	5.17048e+07	6.44457e+07	6.40034e+07	7.35583e+07	2.82301e+07	4.72464e+07	7.34387e+07	3.13093e+07	5.36347e+07	4.27813e+07	6.8108e+06	5.25872e+06	8.93269e+06	2.39982e+07	2.42735e+07	2.44228e+07	2.06e+07	2.50398e+07	1.66145e+07	1.71529e+07	3.76287e+07	1.44713e+07	9.42114e+06	1.03279e+07	1.01469e+07	2.14387e+07	2.86268e+07	2.20508e+07	1.87091e+07	2.26612e+07	3.10024e+07	2.07041e+07	1.76194e+07	2.38072e+07	8.01501e+06	9.34435e+06	8.46287e+06	1.98751e+07	1.90925e+07	1.52103e+07	1.96483e+07	1.94786e+07	1.75797e+07	1.61668e+07	2.24178e+07	1.06735e+07	1.26609e+07	2.401e+07	2.42855e+07	2.77171e+07	2.38318e+07	2.40928e+07	1.03897e+07	2.22616e+07	2.06741e+07	1.87248e+07	2.16301e+07	2.80342e+07	3.29662e+07	1.56538e+07	1.73344e+07	1.62251e+07	2.40309e+07	2.36537e+07	1.52362e+07	2.43404e+07	2.36233e+07	2.40726e+07	3.00194e+07	3.64786e+07	4.55225e+07	2.91214e+07	2.26817e+07	2.76379e+07	2.01661e+07	1.99134e+07	1.71419e+07	2.30085e+07	2.73061e+07	2.13719e+07	3.08577e+07	3.34759e+07	2.32581e+07	2.77371e+07	4.00507e+07	3.70503e+07	2.30411e+07	2.22171e+07	1.95742e+07
JE_Soil_57	3.8348e+08	9.15505e+07	1.59531e+07	3.21009e+08	1.99995e+07	2.87715e+08	2.77454e+08	8.08447e+07	6.83421e+06	1.97393e+08	6.9483e+07	2.70696e+07	2.44957e+08	6.06725e+07	2.43212e+07	2.32848e+08	6.95251e+07	8.13786e+06	3.77367e+08	9.4308e+07	1.88709e+07	3.07571e+08	1.53719e+07	2.84545e+08	1.11681e+08	6.1275e+06	1.77372e+08	1.17098e+08	9.65188e+06	7.93532e+07	9.84867e+06	1.20059e+08	1.54993e+07	1.92638e+08	5.1054e+07	2.83326e+08	2.15077e+08	3.1987e+07	3.0261e+08	2.46304e+08	1.61095e+08	2.394e+07	1.13814e+08	2.97055e+07	3.12715e+08	2.98486e+07	1.2029e+07	4.27329e+08	2.91962e+08	2.93885e+07	3.34342e+08	3.63982e+08	4.0944e+07	2.80573e+08	2.96784e+08	2.51094e+07	2.94662e+08	3.18022e+07	3.16528e+08	2.60058e+08	3.48258e+07	3.29384e+08	2.93132e+08	1.38227e+07	1.17185e+06	1.19375e+06	446323	1.89432e+08	2.09194e+08	2.14101e+08	1.65412e+08	1.97414e+08	1.44975e+08	5.77923e+07	9.5399e+07	9.85503e+07	5.01721e+06	3.71783e+06	6.33557e+06	2.32926e+08	2.37034e+08	2.12531e+08	1.35681e+08	1.94915e+08	2.10371e+08	7.42107e+07	4.82744e+07	4.56706e+07	4.20997e+06	5.7125e+06	3.22652e+06	2.23643e+08	1.90942e+08	1.25213e+08	1.20917e+08	1.09193e+08	7.64693e+07	3.80389e+07	4.42777e+07	6.18423e+06	6.94941e+06	2.29966e+08	1.82795e+08	2.73896e+08	1.63492e+08	7.47267e+07	4.46576e+06	1.3624e+08	1.46926e+08	1.34357e+08	6.96549e+07	6.51803e+07	9.95517e+07	1.73356e+07	1.32345e+07	1.64715e+07	2.47364e+08	2.59336e+08	1.68039e+08	1.48243e+08	1.41322e+08	1.56825e+08	3.16456e+07	5.33316e+07	6.97432e+07	1.37031e+07	1.13453e+07	1.19467e+07	1.92563e+08	1.93806e+08	1.83582e+08	1.41576e+08	1.53057e+08	1.26184e+08	4.93668e+07	4.96115e+07	3.31308e+07	2.33155e+07	3.88036e+07	2.92511e+07	2.47378e+08	2.42588e+08	2.41731e+08
JE_Soil_58	4.87585e+08	1.22456e+08	3.20131e+07	4.16002e+08	3.93615e+07	2.77454e+08	3.8609e+08	1.12017e+08	1.25252e+07	2.55749e+08	9.74391e+07	4.70108e+07	3.15487e+08	8.36168e+07	4.6546e+07	3.12834e+08	1.09186e+08	1.61976e+07	4.80806e+08	1.14025e+08	3.5089e+07	3.84017e+08	2.74475e+07	3.41018e+08	1.40753e+08	1.10975e+07	2.27786e+08	1.67944e+08	1.73933e+07	1.08443e+08	1.74754e+07	1.65314e+08	2.76047e+07	2.63254e+08	9.65972e+07	3.09882e+08	2.83141e+08	5.61121e+07	3.43141e+08	2.93445e+08	2.36033e+08	4.34234e+07	1.70348e+08	5.52008e+07	3.63918e+08	5.40205e+07	2.38763e+07	5.18334e+08	3.89496e+08	5.20932e+07	3.85376e+08	5.07416e+08	7.58776e+07	3.20877e+08	3.94648e+08	4.69646e+07	4.16275e+08	6.1075e+07	3.79625e+08	3.45385e+08	6.22758e+07	4.03529e+08	3.75857e+08	2.58308e+07	1.46887e+06	1.63038e+06	588639	2.51925e+08	2.71543e+08	2.70749e+08	2.10907e+08	2.55329e+08	1.74793e+08	7.34062e+07	1.27064e+08	1.21794e+08	7.33772e+06	5.66711e+06	9.32753e+06	2.92135e+08	3.06311e+08	2.66639e+08	1.7581e+08	2.44725e+08	2.7484e+08	9.91107e+07	5.62372e+07	6.1869e+07	6.23418e+06	7.7336e+06	4.84543e+06	2.77253e+08	2.44723e+08	1.58226e+08	1.59534e+08	1.35328e+08	9.5775e+07	5.09221e+07	5.82381e+07	8.44607e+06	1.00151e+07	2.90399e+08	2.40365e+08	3.46854e+08	2.0157e+08	9.56761e+07	6.06223e+06	1.72689e+08	1.74242e+08	1.63454e+08	8.66159e+07	7.63104e+07	1.2421e+08	2.20905e+07	1.702e+07	2.09372e+07	3.04277e+08	3.17618e+08	2.00939e+08	1.87973e+08	1.75274e+08	1.97136e+08	4.4524e+07	7.1949e+07	9.08767e+07	2.01646e+07	1.71486e+07	1.79204e+07	2.33658e+08	2.41949e+08	2.31337e+08	1.82099e+08	1.87816e+08	1.52131e+08	6.63758e+07	6.14113e+07	3.97815e+07	3.26399e+07	4.42658e+07	3.50978e+07	3.03628e+08	2.94336e+08	2.83186e+08
JE_Soil_59	1.52535e+08	9.32634e+07	4.21086e+07	1.27656e+08	5.59814e+07	8.08447e+07	1.12017e+08	1.39686e+08	2.03043e+07	8.41945e+07	9.0787e+07	6.83259e+07	1.08207e+08	7.68022e+07	6.41023e+07	1.06472e+08	9.57944e+07	2.42297e+07	1.3907e+08	8.50884e+07	4.40071e+07	1.17806e+08	4.26761e+07	1.03085e+08	9.21802e+07	1.99364e+07	8.36704e+07	1.01482e+08	3.01684e+07	7.1382e+07	2.61512e+07	9.888e+07	4.05763e+07	1.31157e+08	1.02748e+08	9.32349e+07	1.33662e+08	7.52949e+07	8.97908e+07	9.33482e+07	1.32256e+08	5.8108e+07	1.07971e+08	7.308e+07	1.05423e+08	6.22911e+07	4.04406e+07	1.51247e+08	1.37354e+08	6.93056e+07	1.13384e+08	1.65588e+08	8.9034e+07	8.87315e+07	1.3329e+08	6.33755e+07	1.45706e+08	7.39002e+07	1.12169e+08	1.23727e+08	7.48742e+07	1.1595e+08	1.33169e+08	4.09842e+07	2.33666e+06	2.4434e+06	2.17379e+06	8.49668e+07	8.60695e+07	9.1745e+07	8.12856e+07	9.02872e+07	6.89751e+07	4.41029e+07	8.07323e+07	5.20117e+07	8.67625e+06	7.04398e+06	9.34383e+06	8.79132e+07	1.03861e+08	8.89372e+07	6.61396e+07	9.00806e+07	1.05659e+08	4.8531e+07	3.73011e+07	4.49268e+07	7.57134e+06	1.11682e+07	6.38034e+06	8.25018e+07	7.84544e+07	6.02021e+07	6.52251e+07	6.25547e+07	4.99103e+07	3.31932e+07	4.06636e+07	1.01782e+07	1.21373e+07	9.86721e+07	8.38474e+07	1.08848e+08	8.72238e+07	6.0445e+07	7.55617e+06	7.11079e+07	7.37984e+07	6.53162e+07	5.04747e+07	5.61694e+07	7.54369e+07	2.51348e+07	1.87215e+07	1.90397e+07	9.88411e+07	9.69035e+07	6.82036e+07	7.37441e+07	7.21975e+07	7.63039e+07	4.0927e+07	5.3663e+07	6.96559e+07	2.72838e+07	2.27358e+07	2.51509e+07	8.09521e+07	7.8508e+07	7.1942e+07	6.90322e+07	8.03557e+07	6.23083e+07	5.11754e+07	5.50982e+07	3.44763e+07	3.6484e+07	5.15639e+07	4.07488e+07	9.30454e+07	9.03844e+07	8.63026e+07
JE_Soil_60	1.71224e+07	2.23234e+07	2.67712e+07	1.3694e+07	2.63998e+07	6.83421e+06	1.25252e+07	2.03043e+07	2.7326e+07	8.63041e+06	2.50094e+07	3.41028e+07	1.38818e+07	2.39486e+07	2.5066e+07	1.31356e+07	2.38864e+07	1.75096e+07	1.33866e+07	1.78873e+07	2.0383e+07	1.23476e+07	2.5069e+07	9.94995e+06	2.21337e+07	1.78872e+07	1.22673e+07	2.29985e+07	2.53866e+07	2.04792e+07	1.73601e+07	1.99704e+07	2.48415e+07	2.29988e+07	3.02136e+07	8.01585e+06	2.30221e+07	2.59717e+07	6.24308e+06	9.76841e+06	3.04475e+07	2.9144e+07	2.73317e+07	2.92704e+07	9.65497e+06	2.5539e+07	2.5191e+07	1.39473e+07	1.97993e+07	2.9458e+07	9.39475e+06	2.36293e+07	3.03611e+07	6.75463e+06	1.59027e+07	2.97143e+07	2.33483e+07	3.30297e+07	8.26015e+06	1.71867e+07	2.62147e+07	9.84306e+06	1.74303e+07	2.04762e+07	6.31871e+06	4.88194e+06	8.52305e+06	7.8217e+06	7.53417e+06	7.57882e+06	6.5113e+06	7.77893e+06	4.96967e+06	6.33947e+06	1.36986e+07	4.90571e+06	6.26961e+06	7.3472e+06	6.29268e+06	6.49364e+06	8.81834e+06	6.12356e+06	6.30551e+06	7.1628e+06	1.0134e+07	7.60712e+06	7.48157e+06	8.25923e+06	4.77371e+06	5.33325e+06	4.98161e+06	5.86804e+06	5.64013e+06	4.18558e+06	7.53035e+06	7.74937e+06	6.68492e+06	6.84725e+06	7.94364e+06	6.23376e+06	7.21793e+06	7.5897e+06	7.49371e+06	7.57948e+06	7.03734e+06	8.38339e+06	6.23177e+06	7.25936e+06	6.94414e+06	6.22972e+06	7.39645e+06	1.10234e+07	1.03143e+07	6.64952e+06	8.13938e+06	7.04386e+06	6.06101e+06	6.53632e+06	4.08447e+06	7.5884e+06	8.37188e+06	7.39862e+06	9.95369e+06	1.11982e+07	1.60424e+07	1.15916e+07	9.37269e+06	1.18773e+07	5.12465e+06	5.79473e+06	5.075e+06	7.58748e+06	8.72624e+06	8.05882e+06	1.1295e+07	1.08063e+07	8.77839e+06	1.14212e+07	1.42838e+07	1.25966e+07	6.52791e+06	6.44323e+06	5.52472e+06
JE_Soil_62	3.31004e+08	8.96683e+07	2.23264e+07	2.91464e+08	2.72257e+07	1.97393e+08	2.55749e+08	8.41945e+07	8.63041e+06	2.26337e+08	7.89969e+07	3.12465e+07	2.41999e+08	6.66727e+07	3.3409e+07	2.28609e+08	8.28267e+07	1.10909e+07	3.33609e+08	8.47018e+07	2.34194e+07	2.67298e+08	1.89652e+07	2.47291e+08	1.0869e+08	8.26195e+06	1.902e+08	1.29461e+08	1.27541e+07	8.75558e+07	1.25126e+07	1.30781e+08	1.93251e+07	1.96712e+08	6.24457e+07	2.32791e+08	2.01709e+08	4.06073e+07	2.39081e+08	2.14243e+08	1.74727e+08	3.08097e+07	1.32007e+08	3.9461e+07	2.76395e+08	3.72737e+07	1.72652e+07	3.83715e+08	2.78112e+08	3.5929e+07	2.88949e+08	3.48996e+08	5.08017e+07	2.30609e+08	2.81506e+08	3.2481e+07	3.13206e+08	4.18848e+07	2.97086e+08	2.69547e+08	4.39929e+07	3.00022e+08	2.8232e+08	1.71247e+07	1.37822e+06	1.56452e+06	613935	2.08894e+08	2.18621e+08	2.12286e+08	1.79077e+08	2.0101e+08	1.47619e+08	6.46257e+07	9.96067e+07	1.02344e+08	9.36453e+06	5.22091e+06	9.5495e+06	2.30162e+08	2.41962e+08	2.20806e+08	1.43826e+08	2.00409e+08	2.2442e+08	8.31943e+07	4.9465e+07	5.02176e+07	5.64414e+06	7.32474e+06	4.44377e+06	2.22373e+08	2.05843e+08	1.3558e+08	1.25037e+08	1.13532e+08	8.22206e+07	4.15077e+07	4.92144e+07	8.28805e+06	9.43899e+06	2.3248e+08	1.9451e+08	2.79414e+08	1.71031e+08	8.37516e+07	5.41978e+06	1.45567e+08	1.40855e+08	1.3327e+08	7.26268e+07	6.49829e+07	1.00719e+08	2.11604e+07	1.50436e+07	1.78901e+07	2.4692e+08	2.56211e+08	1.74416e+08	1.54897e+08	1.47019e+08	1.66783e+08	3.61691e+07	6.08065e+07	7.81156e+07	1.79e+07	1.47924e+07	1.61598e+07	1.9739e+08	2.03304e+08	1.91228e+08	1.52171e+08	1.54545e+08	1.24697e+08	5.32353e+07	4.91654e+07	3.15287e+07	2.58072e+07	3.69631e+07	2.91984e+07	2.3998e+08	2.32124e+08	2.34449e+08
JE_Soil_63	1.33221e+08	9.08005e+07	4.45666e+07	1.12252e+08	5.81339e+07	6.9483e+07	9.74391e+07	9.0787e+07	2.50094e+07	7.89969e+07	1.3547e+08	8.42881e+07	9.97148e+07	7.8212e+07	6.581e+07	9.47529e+07	9.22541e+07	2.74781e+07	1.20606e+08	7.50791e+07	4.26768e+07	1.01927e+08	4.64394e+07	9.23372e+07	8.45083e+07	2.17527e+07	7.91713e+07	9.70135e+07	3.57879e+07	7.23419e+07	3.0631e+07	9.78507e+07	5.32728e+07	1.17666e+08	9.88029e+07	8.29846e+07	1.15595e+08	7.3915e+07	7.80063e+07	8.13229e+07	1.25361e+08	5.92205e+07	1.02216e+08	7.41703e+07	9.58073e+07	6.3953e+07	4.96021e+07	1.37452e+08	1.21913e+08	6.95329e+07	1.0217e+08	1.48153e+08	9.73891e+07	7.92946e+07	1.12325e+08	6.42215e+07	1.35733e+08	8.21154e+07	1.03549e+08	1.13569e+08	7.59944e+07	1.07487e+08	1.17432e+08	5.46516e+07	3.79196e+06	3.27176e+06	4.05417e+06	8.56064e+07	8.44012e+07	8.56741e+07	7.84359e+07	8.42293e+07	6.69457e+07	4.40321e+07	7.33669e+07	5.15423e+07	1.13136e+07	7.85402e+06	1.05614e+07	8.23152e+07	9.61971e+07	8.30519e+07	6.36115e+07	8.57551e+07	9.89706e+07	4.78367e+07	4.17537e+07	4.22269e+07	7.49292e+06	1.09328e+07	6.7188e+06	7.71137e+07	7.44215e+07	5.56965e+07	6.25933e+07	6.32126e+07	5.25188e+07	3.35319e+07	4.33423e+07	1.06255e+07	1.33337e+07	9.42039e+07	8.2105e+07	1.03442e+08	7.5573e+07	5.52736e+07	7.63893e+06	6.75783e+07	6.72969e+07	6.07228e+07	4.95472e+07	5.16159e+07	6.71233e+07	2.39889e+07	1.83626e+07	1.8731e+07	9.08106e+07	9.07151e+07	6.37184e+07	7.10146e+07	6.94168e+07	7.12733e+07	4.09644e+07	5.33569e+07	6.8035e+07	2.91587e+07	2.28468e+07	2.6652e+07	7.48672e+07	7.59819e+07	6.80012e+07	6.54229e+07	7.35926e+07	6.07066e+07	4.84812e+07	5.45399e+07	3.54523e+07	3.88327e+07	5.09133e+07	3.82158e+07	8.5211e+07	8.28203e+07	8.20636e+07
JE_Soil_64	6.88653e+07	7.37654e+07	5.93551e+07	5.3405e+07	7.3834e+07	2.70696e+07	4.70108e+07	6.83259e+07	3.41028e+07	3.12465e+07	8.42881e+07	1.39389e+08	5.20304e+07	7.37614e+07	8.46928e+07	5.05695e+07	9.03148e+07	3.60703e+07	5.14127e+07	6.33653e+07	5.47563e+07	4.83531e+07	6.3426e+07	3.62812e+07	6.81554e+07	2.98274e+07	3.9104e+07	8.08517e+07	5.15783e+07	5.85534e+07	3.89528e+07	7.6981e+07	6.3961e+07	8.78274e+07	1.19239e+08	2.78497e+07	8.21673e+07	8.9566e+07	2.39042e+07	2.91567e+07	1.05307e+08	7.27336e+07	9.27402e+07	9.57963e+07	3.57661e+07	7.9149e+07	6.15534e+07	5.47405e+07	6.83751e+07	9.37093e+07	3.86148e+07	9.68858e+07	1.20887e+08	2.51798e+07	6.08853e+07	8.30257e+07	8.14856e+07	1.08208e+08	3.49985e+07	6.23579e+07	9.42406e+07	3.97047e+07	6.96176e+07	7.84613e+07	6.94502e+06	5.20392e+06	9.01358e+06	3.42913e+07	3.12024e+07	3.30276e+07	2.46137e+07	3.02492e+07	1.9283e+07	2.04372e+07	5.15585e+07	1.62907e+07	9.16645e+06	9.54004e+06	1.01935e+07	2.56002e+07	3.80942e+07	2.63336e+07	2.41075e+07	2.78811e+07	3.96048e+07	2.35811e+07	2.80361e+07	2.6931e+07	7.35927e+06	9.5566e+06	8.16444e+06	2.38812e+07	2.1963e+07	1.65355e+07	2.9196e+07	2.96893e+07	2.50747e+07	2.22949e+07	2.6587e+07	1.08208e+07	1.37952e+07	3.33858e+07	3.50869e+07	3.34373e+07	2.61531e+07	2.64354e+07	9.30887e+06	2.75882e+07	2.79133e+07	2.54842e+07	2.56762e+07	3.39433e+07	4.17721e+07	1.58733e+07	1.69816e+07	1.90815e+07	2.61017e+07	2.76739e+07	1.68139e+07	3.03258e+07	2.51545e+07	2.52921e+07	3.33547e+07	3.59642e+07	4.65497e+07	2.80135e+07	2.2133e+07	2.72701e+07	2.14966e+07	2.44314e+07	1.97851e+07	2.93662e+07	3.87896e+07	3.21619e+07	4.14705e+07	4.38188e+07	3.58086e+07	4.1303e+07	4.69538e+07	4.21705e+07	2.69922e+07	2.78419e+07	2.32877e+07
JE_Soil_66	4.42346e+08	1.21317e+08	3.37752e+07	3.6466e+08	4.02367e+07	2.44957e+08	3.15487e+08	1.08207e+08	1.38818e+07	2.41999e+08	9.97148e+07	5.20304e+07	3.49692e+08	9.66126e+07	4.75115e+07	2.98312e+08	1.1269e+08	1.7366e+07	4.07803e+08	1.23624e+08	3.35403e+07	3.32159e+08	2.90563e+07	3.05729e+08	1.41879e+08	1.11412e+07	2.20416e+08	1.64679e+08	1.84294e+07	1.08689e+08	1.81004e+07	1.62463e+08	2.69103e+07	2.34852e+08	9.1001e+07	3.03456e+08	2.51335e+08	5.63456e+07	2.81311e+08	2.61413e+08	2.19084e+08	4.18784e+07	1.66978e+08	5.59941e+07	3.45075e+08	5.15975e+07	2.55255e+07	4.9155e+08	3.44975e+08	5.48018e+07	3.64807e+08	4.30085e+08	7.36214e+07	2.72204e+08	3.57569e+08	4.41676e+07	3.9279e+08	6.08406e+07	3.67852e+08	3.40363e+08	6.10236e+07	3.70412e+08	3.72807e+08	2.9224e+07	1.788e+06	2.02868e+06	991422	2.53864e+08	2.61019e+08	2.59885e+08	2.30832e+08	2.54317e+08	1.91126e+08	8.8598e+07	1.37309e+08	1.32127e+08	1.26372e+07	7.49964e+06	1.29078e+07	2.78834e+08	2.97607e+08	2.65484e+08	1.87003e+08	2.5485e+08	2.91144e+08	1.13215e+08	7.13348e+07	7.37502e+07	8.34657e+06	1.11657e+07	6.46013e+06	2.61246e+08	2.49766e+08	1.67879e+08	1.63523e+08	1.56409e+08	1.15775e+08	5.85042e+07	7.65263e+07	1.18752e+07	1.36323e+07	2.84836e+08	2.32202e+08	3.34658e+08	2.23739e+08	1.13927e+08	8.27792e+06	1.95142e+08	1.85748e+08	1.71382e+08	1.0647e+08	9.27119e+07	1.32959e+08	3.58064e+07	2.13976e+07	2.3697e+07	2.99504e+08	3.1217e+08	2.11439e+08	1.9645e+08	1.89008e+08	2.13911e+08	5.08883e+07	8.15677e+07	1.06438e+08	2.45105e+07	2.02356e+07	2.20309e+07	2.47398e+08	2.44626e+08	2.30933e+08	1.97814e+08	1.98495e+08	1.59391e+08	7.7323e+07	7.64791e+07	5.2817e+07	4.19407e+07	6.68189e+07	4.73504e+07	2.84617e+08	2.72076e+08	2.8314e+08
JE_Soil_67	1.25498e+08	9.41644e+07	4.57846e+07	1.02342e+08	6.25492e+07	6.06725e+07	8.36168e+07	7.68022e+07	2.39486e+07	6.66727e+07	7.8212e+07	7.37614e+07	9.66126e+07	1.18345e+08	7.38569e+07	8.90125e+07	9.52662e+07	3.13834e+07	1.01154e+08	7.70548e+07	4.44173e+07	8.78856e+07	4.91871e+07	8.13996e+07	8.38359e+07	2.12991e+07	6.67506e+07	9.19793e+07	3.6419e+07	7.19159e+07	3.19052e+07	9.0094e+07	4.81366e+07	1.05388e+08	9.77506e+07	7.81754e+07	1.09318e+08	7.60939e+07	6.25294e+07	6.83646e+07	1.14093e+08	5.68285e+07	9.90598e+07	7.39535e+07	8.06459e+07	7.02078e+07	4.67219e+07	1.1752e+08	1.08335e+08	7.29576e+07	8.68017e+07	1.31647e+08	9.59783e+07	6.59407e+07	1.06003e+08	6.4633e+07	1.21351e+08	7.94181e+07	8.47969e+07	1.05113e+08	7.84747e+07	8.67715e+07	1.15093e+08	4.86719e+07	3.65872e+06	3.18669e+06	4.19777e+06	6.46842e+07	6.31482e+07	6.43317e+07	6.24627e+07	7.09178e+07	5.5939e+07	4.15195e+07	7.06117e+07	4.56502e+07	1.13645e+07	7.92651e+06	9.47934e+06	6.16815e+07	7.41976e+07	6.18345e+07	5.53823e+07	7.03978e+07	8.31677e+07	4.10947e+07	3.26679e+07	3.99469e+07	5.76869e+06	9.32554e+06	6.50619e+06	5.73902e+07	5.60253e+07	4.27667e+07	5.35345e+07	6.21705e+07	5.141e+07	2.92076e+07	4.31712e+07	8.92797e+06	1.1772e+07	6.77457e+07	6.16407e+07	7.62516e+07	6.5691e+07	5.14331e+07	8.19642e+06	6.11206e+07	5.66424e+07	5.20079e+07	4.80471e+07	4.78359e+07	5.58333e+07	2.53251e+07	1.47907e+07	1.50357e+07	6.97432e+07	6.84835e+07	4.72396e+07	5.83368e+07	6.38544e+07	6.22339e+07	3.69968e+07	4.79206e+07	6.19894e+07	2.47139e+07	1.85221e+07	2.18126e+07	6.30918e+07	5.60433e+07	5.24974e+07	5.93805e+07	6.70216e+07	5.96601e+07	4.60318e+07	5.20868e+07	4.25665e+07	3.33596e+07	5.06866e+07	4.55638e+07	6.81146e+07	6.12607e+07	6.29816e+07
JE_Soil_68	6.37891e+07	6.37854e+07	5.13091e+07	5.40285e+07	7.23964e+07	2.43212e+07	4.6546e+07	6.41023e+07	2.5066e+07	3.3409e+07	6.581e+07	8.46928e+07	4.75115e+07	7.38569e+07	9.74306e+07	4.74606e+07	8.76566e+07	3.36661e+07	5.32299e+07	6.32023e+07	5.15505e+07	4.82911e+07	5.47168e+07	3.76292e+07	6.50295e+07	2.56321e+07	3.58191e+07	7.79724e+07	4.23186e+07	5.55157e+07	3.62424e+07	7.31632e+07	5.475e+07	8.90586e+07	1.10919e+08	3.01573e+07	8.02059e+07	8.89031e+07	2.71251e+07	3.33338e+07	9.46837e+07	6.58433e+07	8.3318e+07	8.60027e+07	3.68024e+07	7.98474e+07	5.47442e+07	5.42834e+07	6.85983e+07	8.47688e+07	4.02834e+07	8.66455e+07	1.06728e+08	2.78047e+07	6.2367e+07	7.37139e+07	7.62897e+07	8.84825e+07	3.83355e+07	5.68616e+07	9.34682e+07	4.13564e+07	6.47516e+07	4.77989e+07	4.8727e+06	3.8494e+06	6.02161e+06	3.20145e+07	3.05943e+07	3.08839e+07	2.57913e+07	3.04963e+07	2.0368e+07	1.84667e+07	4.39209e+07	1.64153e+07	7.36589e+06	7.76861e+06	8.07384e+06	2.80695e+07	3.57204e+07	2.93477e+07	2.29497e+07	2.78837e+07	3.72482e+07	2.32017e+07	1.90159e+07	2.59622e+07	6.64109e+06	8.12344e+06	7.08399e+06	2.69383e+07	2.53279e+07	1.97995e+07	2.31355e+07	2.1544e+07	1.92701e+07	1.75306e+07	2.34745e+07	8.71616e+06	1.10778e+07	3.21212e+07	3.08846e+07	3.71946e+07	2.84508e+07	2.65126e+07	8.23461e+06	2.64966e+07	2.46126e+07	2.26489e+07	2.48666e+07	3.16293e+07	3.94555e+07	1.49393e+07	1.71052e+07	1.58156e+07	3.17219e+07	3.12558e+07	2.06366e+07	2.9052e+07	2.71374e+07	2.95177e+07	3.32693e+07	4.09457e+07	5.10713e+07	3.06547e+07	2.41161e+07	2.98475e+07	2.62243e+07	2.6678e+07	2.31384e+07	2.68136e+07	3.19803e+07	2.48955e+07	3.26697e+07	3.7851e+07	2.47712e+07	2.81918e+07	4.29632e+07	3.9849e+07	3.12951e+07	3.01097e+07	2.63103e+07
JE_Soil_70	4.24454e+08	1.19014e+08	3.18613e+07	3.56916e+08	3.97305e+07	2.32848e+08	3.12834e+08	1.06472e+08	1.31356e+07	2.28609e+08	9.47529e+07	5.05695e+07	2.98312e+08	8.90125e+07	4.74606e+07	3.08715e+08	1.07685e+08	1.7131e+07	3.95837e+08	1.17653e+08	3.43086e+07	3.26896e+08	2.99074e+07	2.91544e+08	1.35239e+08	1.12636e+07	2.08755e+08	1.60116e+08	1.83592e+07	1.04173e+08	1.81057e+07	1.58486e+08	2.84619e+07	2.2951e+08	9.16488e+07	2.78409e+08	2.49409e+08	5.50252e+07	2.76516e+08	2.47201e+08	2.16383e+08	4.24558e+07	1.61019e+08	5.40564e+07	3.20568e+08	5.24586e+07	2.44869e+07	4.49358e+08	3.32698e+08	5.20837e+07	3.33648e+08	4.29963e+08	7.56911e+07	2.6637e+08	3.42604e+08	4.61207e+07	3.70322e+08	6.07858e+07	3.3169e+08	3.18087e+08	6.16659e+07	3.51344e+08	3.49584e+08	3.07048e+07	1.64515e+06	1.79385e+06	788727	2.40443e+08	2.50374e+08	2.49547e+08	2.03124e+08	2.42233e+08	1.65564e+08	7.5844e+07	1.27136e+08	1.17765e+08	8.78328e+06	6.48931e+06	9.86481e+06	2.60652e+08	2.83241e+08	2.41659e+08	1.74617e+08	2.33313e+08	2.6615e+08	1.03128e+08	5.93349e+07	6.76613e+07	7.18962e+06	9.75208e+06	5.74073e+06	2.4721e+08	2.29437e+08	1.51674e+08	1.59682e+08	1.42505e+08	1.03143e+08	5.54213e+07	6.66726e+07	1.00426e+07	1.18008e+07	2.61242e+08	2.28312e+08	3.09131e+08	1.93979e+08	9.95113e+07	7.13952e+06	1.76128e+08	1.67266e+08	1.60902e+08	9.46452e+07	8.38999e+07	1.26567e+08	2.85788e+07	1.93757e+07	2.27456e+07	2.66408e+08	2.80837e+08	1.84669e+08	1.81511e+08	1.73047e+08	1.91932e+08	4.95158e+07	7.45514e+07	9.49767e+07	2.28502e+07	1.93378e+07	1.98007e+07	2.17085e+08	2.22902e+08	2.15416e+08	1.83422e+08	1.86187e+08	1.51907e+08	7.32545e+07	7.46217e+07	5.06216e+07	4.08692e+07	5.9574e+07	4.43964e+07	2.66582e+08	2.58865e+08	2.47468e+08
JE_Soil_71	1.51514e+08	9.89587e+07	5.37465e+07	1.25233e+08	7.53612e+07	6.95251e+07	1.09186e+08	9.57944e+07	2.38864e+07	8.28267e+07	9.22541e+07	9.03148e+07	1.1269e+08	9.52662e+07	8.76566e+07	1.07685e+08	1.50429e+08	3.21707e+07	1.28017e+08	9.09268e+07	5.24081e+07	1.10217e+08	5.33563e+07	9.36533e+07	9.65886e+07	2.25619e+07	7.97401e+07	1.13338e+08	3.76487e+07	7.74224e+07	3.12853e+07	1.07391e+08	5.13524e+07	1.41875e+08	1.2844e+08	8.4512e+07	1.38145e+08	9.58815e+07	7.75543e+07	8.54573e+07	1.49004e+08	7.20409e+07	1.28229e+08	9.29014e+07	9.62047e+07	8.33464e+07	5.44653e+07	1.39401e+08	1.36886e+08	9.37123e+07	1.02598e+08	1.73954e+08	1.17469e+08	7.68766e+07	1.31521e+08	7.98114e+07	1.53311e+08	9.89927e+07	1.00022e+08	1.23167e+08	9.80504e+07	1.05011e+08	1.36316e+08	5.19442e+07	2.2568e+06	2.38754e+06	2.30286e+06	7.32977e+07	7.3203e+07	7.66721e+07	7.09994e+07	7.80059e+07	6.07045e+07	4.29345e+07	7.57022e+07	4.85981e+07	1.06886e+07	6.75828e+06	9.72218e+06	7.37171e+07	8.85292e+07	7.27079e+07	5.98605e+07	7.78047e+07	9.2624e+07	4.79862e+07	3.63865e+07	4.28979e+07	6.64136e+06	1.15424e+07	6.07179e+06	6.87216e+07	6.62939e+07	4.9278e+07	5.79183e+07	5.86778e+07	5.07684e+07	3.26176e+07	4.42066e+07	9.86572e+06	1.22886e+07	8.14947e+07	6.98614e+07	8.97694e+07	7.13914e+07	5.43765e+07	7.82524e+06	6.57726e+07	6.42324e+07	5.71026e+07	5.08735e+07	5.38936e+07	6.45082e+07	2.45434e+07	1.83945e+07	1.79499e+07	8.06302e+07	8.15986e+07	5.58294e+07	6.9461e+07	7.00601e+07	7.06179e+07	4.64488e+07	6.00634e+07	7.37573e+07	3.16766e+07	2.49662e+07	2.9426e+07	6.78269e+07	6.77802e+07	6.09607e+07	6.51934e+07	7.28329e+07	5.95181e+07	5.32621e+07	5.63145e+07	3.9001e+07	3.75381e+07	5.41579e+07	4.59477e+07	7.75482e+07	7.4585e+07	7.40818e+07
JE_Soil_72	2.23826e+07	2.56157e+07	2.61895e+07	1.75934e+07	3.02872e+07	8.13786e+06	1.61976e+07	2.42297e+07	1.75096e+07	1.10909e+07	2.74781e+07	3.60703e+07	1.7366e+07	3.13834e+07	3.36661e+07	1.7131e+07	3.21707e+07	2.50606e+07	1.79987e+07	2.29293e+07	2.42351e+07	1.66946e+07	2.70091e+07	1.3222e+07	2.53485e+07	1.45543e+07	1.47082e+07	2.86221e+07	2.34162e+07	2.66147e+07	2.24373e+07	3.04364e+07	3.12422e+07	2.86797e+07	3.82334e+07	1.0509e+07	2.944e+07	3.14976e+07	8.62603e+06	1.13968e+07	3.45213e+07	2.8034e+07	3.19279e+07	3.23721e+07	1.23334e+07	3.24987e+07	2.87924e+07	1.85871e+07	2.51629e+07	3.39166e+07	1.24723e+07	3.17649e+07	3.69589e+07	9.86324e+06	2.19226e+07	3.0474e+07	2.8477e+07	3.50609e+07	1.19616e+07	2.27457e+07	3.49396e+07	1.31143e+07	2.43513e+07	2.75199e+07	5.53814e+06	4.28184e+06	7.42808e+06	1.05517e+07	1.00155e+07	1.01112e+07	8.28645e+06	9.6376e+06	6.11223e+06	6.65247e+06	1.59544e+07	5.53938e+06	5.97071e+06	6.74058e+06	5.77039e+06	8.68518e+06	1.18534e+07	8.68646e+06	7.79412e+06	9.04884e+06	1.25937e+07	8.40714e+06	7.32462e+06	9.31267e+06	4.74432e+06	5.40872e+06	5.13354e+06	8.24361e+06	7.60843e+06	5.62374e+06	8.58712e+06	8.67971e+06	8.14059e+06	7.14063e+06	9.23731e+06	5.92814e+06	6.51535e+06	1.01146e+07	1.05627e+07	1.10041e+07	8.65781e+06	9.27574e+06	6.13208e+06	8.9638e+06	8.30376e+06	7.20313e+06	7.50076e+06	1.14313e+07	1.103e+07	6.696e+06	7.82223e+06	7.04746e+06	8.84201e+06	9.30972e+06	5.92301e+06	9.92008e+06	9.12437e+06	8.95087e+06	1.05586e+07	1.13943e+07	1.45227e+07	1.10189e+07	8.63884e+06	9.88431e+06	7.23113e+06	8.01172e+06	7.07925e+06	9.51288e+06	1.13378e+07	9.25416e+06	1.09497e+07	1.12966e+07	8.8058e+06	1.17698e+07	1.43922e+07	1.22024e+07	9.0809e+06	9.27059e+06	8.12334e+06
JE_Soil_74	6.92238e+08	1.46719e+08	3.53042e+07	5.68228e+08	4.42749e+07	3.77367e+08	4.80806e+08	1.3907e+08	1.33866e+07	3.33609e+08	1.20606e+08	5.14127e+07	4.07803e+08	1.01154e+08	5.32299e+07	3.95837e+08	1.28017e+08	1.79987e+07	7.34342e+08	1.47069e+08	3.97925e+07	5.1943e+08	3.19919e+07	4.66805e+08	1.77726e+08	1.32599e+07	2.97077e+08	2.04882e+08	2.11839e+07	1.34622e+08	2.0745e+07	2.07113e+08	3.21639e+07	3.37223e+08	1.10185e+08	4.29725e+08	3.63504e+08	6.7763e+07	4.8634e+08	3.96663e+08	2.86922e+08	4.91052e+07	2.0336e+08	6.2826e+07	5.07842e+08	6.13755e+07	2.81451e+07	7.76403e+08	5.35519e+08	5.96949e+07	5.43108e+08	6.92171e+08	8.57892e+07	4.41866e+08	5.32954e+08	5.25069e+07	5.5844e+08	6.83577e+07	5.42829e+08	4.64183e+08	7.09933e+07	5.67691e+08	5.03554e+08	2.88476e+07	2.06579e+06	2.33182e+06	982410	3.49907e+08	3.83669e+08	3.84296e+08	3.04994e+08	3.64437e+08	2.52389e+08	9.82118e+07	1.59021e+08	1.70252e+08	9.82103e+06	7.99149e+06	1.23609e+07	4.21598e+08	4.40585e+08	3.82366e+08	2.45682e+08	3.55446e+08	3.95318e+08	1.29548e+08	7.63639e+07	8.20948e+07	8.61829e+06	9.7974e+06	6.72792e+06	3.9557e+08	3.46356e+08	2.24539e+08	2.14001e+08	1.79739e+08	1.24456e+08	6.37023e+07	7.62571e+07	1.14549e+07	1.26622e+07	4.08798e+08	3.30075e+08	5.06681e+08	2.95532e+08	1.32486e+08	7.87282e+06	2.41167e+08	2.42122e+08	2.24263e+08	1.16568e+08	1.01529e+08	1.68689e+08	2.93498e+07	2.29579e+07	2.82361e+07	4.51043e+08	4.64014e+08	2.87778e+08	2.5911e+08	2.37497e+08	2.73965e+08	5.51493e+07	9.20075e+07	1.20889e+08	2.64798e+07	2.20609e+07	2.3844e+07	3.35844e+08	3.39008e+08	3.22689e+08	2.4502e+08	2.5662e+08	1.991e+08	8.21819e+07	7.86042e+07	4.89454e+07	3.91425e+07	6.06486e+07	4.54125e+07	4.35402e+08	4.12308e+08	4.02297e+08
JE_Soil_75	1.7319e+08	9.73611e+07	4.73011e+07	1.39705e+08	5.76381e+07	9.4308e+07	1.14025e+08	8.50884e+07	1.78873e+07	8.47018e+07	7.50791e+07	6.33653e+07	1.23624e+08	7.70548e+07	6.32023e+07	1.17653e+08	9.09268e+07	2.29293e+07	1.47069e+08	1.50666e+08	4.83146e+07	1.29318e+08	4.47348e+07	1.11897e+08	1.01434e+08	1.74403e+07	8.43973e+07	1.05779e+08	2.85654e+07	7.09067e+07	2.39641e+07	1.04697e+08	4.12168e+07	1.42941e+08	1.03954e+08	1.20662e+08	1.4048e+08	7.92425e+07	9.60486e+07	1.00636e+08	1.337e+08	5.74447e+07	1.07436e+08	7.1373e+07	1.20839e+08	6.18417e+07	3.93096e+07	1.68899e+08	1.49588e+08	7.28476e+07	1.27897e+08	1.8067e+08	8.77157e+07	1.00094e+08	1.50821e+08	6.09223e+07	1.55833e+08	7.36217e+07	1.22208e+08	1.3747e+08	7.00261e+07	1.25599e+08	1.66328e+08	3.70759e+07	1.63125e+06	1.75813e+06	1.28464e+06	7.89557e+07	8.06991e+07	8.62867e+07	7.52314e+07	8.81105e+07	6.35725e+07	4.04558e+07	7.20055e+07	4.60889e+07	5.79882e+06	5.31348e+06	7.88559e+06	8.5694e+07	9.51517e+07	8.41255e+07	6.41846e+07	8.3186e+07	9.80307e+07	4.56983e+07	3.24636e+07	4.19439e+07	5.50312e+06	7.11873e+06	5.54591e+06	7.93189e+07	7.44714e+07	5.99377e+07	6.19342e+07	6.01569e+07	4.72829e+07	2.76415e+07	4.02465e+07	7.78666e+06	9.65636e+06	8.8327e+07	7.69286e+07	1.06633e+08	7.98944e+07	5.56744e+07	6.76129e+06	7.03377e+07	6.89706e+07	6.39401e+07	5.19318e+07	5.75579e+07	7.31678e+07	2.16161e+07	1.84763e+07	2.03811e+07	9.47046e+07	9.19861e+07	6.35138e+07	7.33085e+07	7.52312e+07	7.85708e+07	3.78266e+07	5.39188e+07	6.83149e+07	2.51488e+07	2.04309e+07	2.39932e+07	8.51083e+07	7.53984e+07	7.0665e+07	7.41105e+07	8.13907e+07	7.11126e+07	5.31131e+07	6.50268e+07	4.23759e+07	3.16752e+07	6.3014e+07	5.35029e+07	9.35025e+07	8.85061e+07	8.36568e+07
JE_Soil_76	4.76851e+07	4.67763e+07	4.63669e+07	3.78763e+07	5.17522e+07	1.88709e+07	3.5089e+07	4.40071e+07	2.0383e+07	2.34194e+07	4.26768e+07	5.47563e+07	3.35403e+07	4.44173e+07	5.15505e+07	3.43086e+07	5.24081e+07	2.42351e+07	3.97925e+07	4.83146e+07	5.23356e+07	3.7001e+07	4.6349e+07	2.80782e+07	4.5056e+07	1.98634e+07	2.78568e+07	5.25991e+07	3.09681e+07	3.87842e+07	2.75902e+07	4.94152e+07	3.93899e+07	5.6935e+07	7.34745e+07	2.13215e+07	5.45539e+07	5.85403e+07	2.09545e+07	2.3831e+07	6.14922e+07	4.34036e+07	5.22412e+07	5.32516e+07	2.69538e+07	4.86785e+07	3.51185e+07	3.95106e+07	4.91021e+07	5.97848e+07	2.8081e+07	6.74902e+07	6.86722e+07	2.1272e+07	4.42912e+07	4.89977e+07	5.29095e+07	5.80021e+07	2.58015e+07	4.02803e+07	5.59998e+07	3.0295e+07	4.56667e+07	3.41116e+07	5.89692e+06	4.36435e+06	7.7418e+06	2.21977e+07	2.25841e+07	2.20238e+07	1.56168e+07	2.03877e+07	1.17848e+07	1.08387e+07	3.11699e+07	9.65734e+06	6.96733e+06	7.873e+06	7.26065e+06	1.93122e+07	2.51048e+07	2.00734e+07	1.42423e+07	1.68632e+07	2.27412e+07	1.36367e+07	1.16386e+07	1.53442e+07	5.69677e+06	6.50532e+06	6.19123e+06	1.8695e+07	1.64353e+07	1.18895e+07	1.71233e+07	1.44865e+07	1.13686e+07	1.16219e+07	1.40591e+07	7.41232e+06	8.8562e+06	2.11844e+07	2.25529e+07	2.57107e+07	1.59566e+07	1.47979e+07	7.27577e+06	1.65356e+07	1.47778e+07	1.41854e+07	1.32342e+07	1.74049e+07	2.39691e+07	9.42054e+06	1.12046e+07	1.16265e+07	2.01531e+07	2.03934e+07	1.25407e+07	1.80083e+07	1.5788e+07	1.62294e+07	1.80265e+07	2.06964e+07	2.6705e+07	1.71259e+07	1.36714e+07	1.63998e+07	1.57107e+07	1.73956e+07	1.48398e+07	1.91187e+07	2.2041e+07	1.67842e+07	2.14701e+07	2.28151e+07	1.49694e+07	1.86032e+07	2.49471e+07	2.38703e+07	2.15611e+07	2.1651e+07	1.73665e+07
JE_Soil_78	5.20367e+08	1.32568e+08	3.2089e+07	4.43215e+08	3.95155e+07	3.07571e+08	3.84017e+08	1.17806e+08	1.23476e+07	2.67298e+08	1.01927e+08	4.83531e+07	3.32159e+08	8.78856e+07	4.82911e+07	3.26896e+08	1.10217e+08	1.66946e+07	5.1943e+08	1.29318e+08	3.7001e+07	4.59568e+08	2.99422e+07	3.79549e+08	1.52706e+08	1.21559e+07	2.44553e+08	1.80219e+08	1.88995e+07	1.15831e+08	1.94034e+07	1.85054e+08	3.1519e+07	2.83594e+08	1.06103e+08	3.43844e+08	3.01767e+08	6.14021e+07	3.75014e+08	3.15129e+08	2.49388e+08	4.6641e+07	1.75191e+08	5.95971e+07	4.06871e+08	5.79746e+07	2.51871e+07	5.62788e+08	4.09153e+08	5.51699e+07	4.33066e+08	5.43525e+08	7.81441e+07	3.50716e+08	4.16415e+08	5.03807e+07	4.34234e+08	6.69607e+07	4.20885e+08	3.70049e+08	6.67899e+07	4.45514e+08	4.06201e+08	2.69666e+07	1.79778e+06	1.86827e+06	941592	2.73891e+08	2.9689e+08	2.95596e+08	2.22928e+08	2.69779e+08	1.87609e+08	7.70748e+07	1.34556e+08	1.27086e+08	7.38639e+06	5.95003e+06	9.38533e+06	3.16897e+08	3.31902e+08	2.97293e+08	1.83904e+08	2.59755e+08	2.91316e+08	9.95353e+07	5.76765e+07	6.3097e+07	6.4239e+06	7.92948e+06	5.10194e+06	3.04045e+08	2.6272e+08	1.71181e+08	1.68357e+08	1.42266e+08	9.99193e+07	5.38503e+07	6.02304e+07	8.88618e+06	1.04623e+07	3.20511e+08	2.62155e+08	3.86111e+08	2.18587e+08	1.04473e+08	6.3098e+06	1.83804e+08	1.85386e+08	1.75091e+08	9.08348e+07	8.54704e+07	1.33037e+08	2.26734e+07	1.86342e+07	2.3066e+07	3.35589e+08	3.50669e+08	2.21377e+08	1.99446e+08	1.8767e+08	2.10506e+08	4.60981e+07	7.42988e+07	9.71437e+07	2.16079e+07	1.78954e+07	1.8749e+07	2.59219e+08	2.62429e+08	2.49672e+08	1.94373e+08	2.06994e+08	1.64978e+08	7.15399e+07	7.21887e+07	4.52998e+07	3.52251e+07	5.32406e+07	4.07166e+07	3.37141e+08	3.24391e+08	3.20877e+08
