	JE_Lundberg_1	JE_Lundberg_2	JE_Lundberg_3	JE_Lundberg_4	JE_Lundberg_5	JE_Lundberg_6	JE_Lundberg_7	JE_Lundberg_8	JE_Lundberg_9	JE_Lundberg_10	JE_Lundberg_11	JE_Lundberg_12	JE_Lundberg_13	JE_Lundberg_15	JE_Lundberg_16	JE_Lundberg_17	JE_Lundberg_18	JE_Lundberg_19	JE_Lundberg_20	JE_Lundberg_21	JE_Lundberg_22	JE_Lundberg_23	JE_Lundberg_24	JE_Lundberg_25	JE_Lundberg_26	JE_Lundberg_27	JE_Lundberg_28	JE_Lundberg_29	JE_Lundberg_30	JE_Lundberg_31	JE_Lundberg_32	JE_Lundberg_33	JE_Lundberg_34	JE_Lundberg_35	JE_Lundberg_36	JE_Lundberg_37	JE_Lundberg_38	JE_Lundberg_39	JE_Lundberg_40	JE_Lundberg_41	JE_Lundberg_42	JE_Lundberg_43	JE_Lundberg_44	JE_Lundberg_45	JE_Lundberg_46	JE_Lundberg_47	JE_Lundberg_48	JE_Lundberg_49	JE_Lundberg_50	JE_Lundberg_51	JE_Lundberg_52	JE_Lundberg_53	JE_Lundberg_54	JE_Lundberg_55	JE_Lundberg_56	JE_Lundberg_57	JE_Lundberg_58	JE_Lundberg_59	JE_Lundberg_60	JE_Lundberg_61	JE_Lundberg_62	JE_Lundberg_63	JE_Lundberg_64	JE_Lundberg_65	JE_Lundberg_66	JE_Lundberg_67	JE_Lundberg_68	JE_Lundberg_69	JE_Lundberg_70	JE_Lundberg_71	JE_Lundberg_72	JE_Lundberg_73	JE_Lundberg_74	JE_Lundberg_75	JE_Lundberg_76	JE_Lundberg_77	JE_Lundberg_78	JE_Lundberg_79	JE_Lundberg_80	JE_Lundberg_81	JE_Lundberg_82	JE_Lundberg_84	JE_Lundberg_85	JE_Lundberg_86	JE_Lundberg_87	JE_Lundberg_88	JE_Lundberg_89	JE_Lundberg_90	JE_Lundberg_91	JE_Lundberg_92	JE_Lundberg_93	JE_Lundberg_94	JE_Lundberg_95	JE_Lundberg_96	JE_Lundberg_97	JE_Lundberg_98	JE_Lundberg_99	JE_Lundberg_100	JE_Lundberg_101	JE_Lundberg_102	JE_Lundberg_103	JE_Lundberg_104	JE_Lundberg_105	JE_Lundberg_106	JE_Lundberg_107	JE_Lundberg_108	JE_Lundberg_109	JE_Lundberg_110	JE_Lundberg_111	JE_Lundberg_112	JE_Lundberg_113	JE_Lundberg_114	JE_Lundberg_115	JE_Lundberg_116	JE_Lundberg_117	JE_Lundberg_118	JE_Lundberg_119	JE_Lundberg_120	JE_Lundberg_121	JE_Lundberg_122	JE_Lundberg_123	JE_Lundberg_124	JE_Lundberg_125	JE_Lundberg_126	JE_Lundberg_127	JE_Lundberg_128	JE_Lundberg_129	JE_Lundberg_130	JE_Lundberg_131	JE_Lundberg_132	JE_Lundberg_133	JE_Lundberg_134	JE_Lundberg_135	JE_Lundberg_136	JE_Lundberg_137	JE_Lundberg_138	JE_Lundberg_139	JE_Lundberg_140	JE_Lundberg_141	JE_Lundberg_142	JE_Lundberg_143	JE_Lundberg_144	JE_Lundberg_145	JE_Lundberg_146	JE_Lundberg_147	JE_Lundberg_148	JE_Lundberg_149	JE_Lundberg_150	JE_Lundberg_151	JE_Lundberg_152	JE_Lundberg_153	JE_Lundberg_154	JE_Lundberg_155	JE_Lundberg_156	JE_Lundberg_157	JE_Lundberg_158	JE_Lundberg_159	JE_Lundberg_160	JE_Lundberg_161	JE_Lundberg_162	JE_Lundberg_163	JE_Lundberg_164	JE_Lundberg_165	JE_Lundberg_166	JE_Lundberg_167	JE_Lundberg_168	JE_Lundberg_169	JE_Lundberg_170	JE_Lundberg_171	JE_Lundberg_172	JE_Lundberg_173	JE_Lundberg_174	JE_Lundberg_175	JE_Lundberg_176	JE_Lundberg_177	JE_Lundberg_178	JE_Lundberg_180	JE_Lundberg_181	JE_Lundberg_182	JE_Lundberg_183	JE_Lundberg_186	JE_Lundberg_187	JE_Lundberg_188	JE_Lundberg_189	JE_Lundberg_190	JE_Lundberg_191	JE_Lundberg_192
JE_Lundberg_1	0	0.985557	1.21768	0.790127	1.09875	1.28113	0.699624	1.03104	1.25593	0.763322	1.12358	1.26913	0.702174	1.29078	0.70971	1.04918	1.26625	0.662684	1.06332	1.28842	0.689388	0.792294	1.26232	0.828029	1.08739	1.27263	0.852362	1.0484	1.23767	0.831173	1.01352	1.21432	0.917097	1.13604	1.24326	0.848281	1.02387	1.27368	0.973051	1.11819	1.24081	0.860321	1.03781	1.2204	0.861849	1.00765	1.2721	1.11228	1.24082	1.33172	1.17627	1.26916	1.35434	1.19825	1.24515	1.36217	1.12079	1.24554	1.30449	1.12385	1.27793	1.35247	1.12938	1.29437	1.35273	1.17091	1.15766	1.34539	1.12658	1.29222	1.35446	1.13557	1.29467	1.33011	1.14346	1.12594	1.31732	1.12892	1.2478	1.3315	1.14115	1.32247	1.13567	1.28647	1.34043	1.09205	1.23683	1.33497	1.15757	1.28852	1.33169	1.1299	1.26144	1.32853	1.29498	1.32862	1.37394	1.25296	1.32178	1.37109	1.33424	1.34257	1.37205	1.28022	1.33433	1.37575	1.31149	1.33712	1.37857	1.30807	1.36458	1.37517	1.32699	1.34886	1.38422	1.31373	1.35036	1.39572	1.23775	1.25727	1.36581	1.22703	1.30809	1.35387	1.22313	1.27037	1.35818	1.21657	1.28063	1.34678	1.2502	1.31239	1.35884	1.19948	1.30376	1.36325	1.23398	1.24501	1.34919	1.24621	1.31398	1.35934	1.23409	1.31417	1.34446	1.23653	1.27135	1.35281	1.30717	1.3599	1.38955	1.26807	1.3206	1.3742	1.2829	1.30748	1.38291	1.27561	1.30341	1.38327	1.24516	1.30958	1.36658	1.24978	1.29852	1.37952	1.17332	1.2578	1.36519	1.1511	1.2361	1.34057	1.18639	1.25233	1.3617	1.17227	1.36223	1.15019	1.18645	1.35636	1.36493	1.09737	1.15037	1.33921	1.14068	1.24052	1.34906
JE_Lundberg_2	0.985557	0	1.01889	0.904398	0.875621	1.06397	0.918876	0.861361	1.0449	0.914006	0.945986	1.09699	0.972007	1.13001	0.943796	0.888682	1.07418	1.02783	0.977715	1.16604	0.946825	0.990646	1.10726	1.03048	0.952837	1.09249	1.08261	0.914022	1.08448	1.09518	0.925184	1.02583	1.04857	1.0006	1.11903	1.06565	0.954886	1.14496	1.06831	1.04103	1.12483	1.05492	0.927467	1.02836	1.05234	0.983839	1.14786	1.17193	1.17558	1.26972	1.20906	1.21699	1.29826	1.20158	1.2165	1.33375	1.1583	1.15674	1.21496	1.18017	1.21119	1.29483	1.19129	1.23318	1.2859	1.2191	1.1755	1.28905	1.1859	1.25432	1.31035	1.19974	1.21572	1.26252	1.18819	1.17384	1.24094	1.19674	1.17512	1.25792	1.18443	1.23755	1.18607	1.21585	1.26923	1.16618	1.16554	1.26181	1.20353	1.22222	1.25066	1.19356	1.2095	1.25519	1.31048	1.2876	1.34039	1.27432	1.28439	1.33133	1.34971	1.3073	1.34198	1.3026	1.28774	1.34504	1.32689	1.30782	1.34022	1.32638	1.33711	1.34861	1.3398	1.32535	1.36089	1.33036	1.3353	1.39095	1.29016	1.24754	1.3396	1.26863	1.27752	1.30908	1.28346	1.2517	1.31323	1.28083	1.26084	1.29206	1.2831	1.28232	1.30636	1.2628	1.27441	1.31862	1.27532	1.22958	1.29426	1.28047	1.29193	1.32127	1.25062	1.26767	1.28494	1.26303	1.24564	1.28293	1.32066	1.32982	1.35929	1.29467	1.29024	1.33733	1.29598	1.2833	1.35548	1.29848	1.28091	1.35713	1.26518	1.2809	1.31767	1.28244	1.28311	1.34956	1.23486	1.23591	1.31382	1.22463	1.21706	1.28421	1.25706	1.23939	1.32256	1.23256	1.31685	1.21236	1.19111	1.31447	1.32515	1.20582	1.15214	1.27983	1.21785	1.20898	1.30229
JE_Lundberg_3	1.21768	1.01889	0	1.20521	0.997773	0.783878	1.15679	0.944226	0.766186	1.22369	1.00818	0.770377	1.22474	0.813138	1.21479	1.03598	0.722741	1.23362	1.12745	1.03604	1.22332	1.23367	0.771026	1.27006	1.16455	1.03136	1.29254	1.14214	1.08208	1.29349	1.16962	1.06603	1.26521	1.1664	1.13768	1.27984	1.18625	1.09619	1.24006	1.15806	1.07035	1.25628	1.13392	1.00225	1.26381	1.19712	1.09989	1.27358	1.24962	1.27404	1.3001	1.23981	1.23215	1.29233	1.26987	1.27686	1.28751	1.23106	1.17847	1.30123	1.25988	1.23565	1.29656	1.24374	1.20033	1.30818	1.25025	1.16226	1.30249	1.2745	1.2008	1.31214	1.27484	1.26225	1.31156	1.29756	1.22798	1.29837	1.24255	1.22322	1.295	1.22736	1.3069	1.24685	1.2252	1.29424	1.23861	1.23117	1.31328	1.27126	1.23017	1.31045	1.24396	1.20417	1.34814	1.33256	1.31933	1.33658	1.32617	1.30022	1.37489	1.34172	1.35304	1.35402	1.32412	1.30057	1.36314	1.34254	1.32093	1.36658	1.35408	1.32552	1.36804	1.35102	1.32125	1.36477	1.34336	1.30336	1.34865	1.32215	1.32071	1.33547	1.32291	1.27433	1.34876	1.317	1.29417	1.34954	1.32483	1.2529	1.35062	1.33332	1.30506	1.34504	1.32005	1.26142	1.3481	1.32301	1.28419	1.34969	1.33185	1.30973	1.32835	1.30159	1.27874	1.34566	1.31798	1.2782	1.36125	1.34511	1.33037	1.35641	1.3404	1.31299	1.35765	1.33382	1.32993	1.35643	1.33096	1.34591	1.33961	1.32153	1.31115	1.35274	1.32691	1.34411	1.32476	1.30237	1.28281	1.32155	1.28705	1.24897	1.33642	1.30742	1.28891	1.32371	1.2912	1.31284	1.28327	1.28128	1.28365	1.3203	1.27699	1.2728	1.31813	1.2925	1.29563
JE_Lundberg_4	0.790127	0.904398	1.20521	0	0.864209	1.17187	0.523636	0.86437	1.19066	0.478643	0.942219	1.20376	0.601804	1.24367	0.422042	0.835588	1.21827	0.646212	0.901373	1.23135	0.565769	0.604449	1.23486	0.648014	0.848482	1.18034	0.739276	0.797221	1.1458	0.793676	0.780301	1.10776	0.783524	0.972673	1.17709	0.741235	0.788274	1.20585	0.876904	1.00461	1.18595	0.774195	0.850729	1.14932	0.750382	0.819161	1.2017	1.05253	1.16454	1.3037	1.12869	1.21614	1.3225	1.11987	1.18105	1.3416	1.04529	1.18824	1.28741	1.03836	1.21255	1.33141	1.06346	1.24391	1.33071	1.11129	1.07462	1.33474	1.05268	1.25475	1.34656	1.05735	1.20958	1.27853	1.03671	1.03525	1.26478	1.05896	1.1596	1.29273	1.04491	1.25656	1.05034	1.22067	1.3103	1.00365	1.14519	1.29667	1.07791	1.21038	1.27556	1.06035	1.2021	1.29926	1.27598	1.29957	1.36394	1.20729	1.29878	1.35516	1.31765	1.31651	1.35852	1.25597	1.31117	1.3684	1.29071	1.31328	1.36292	1.28522	1.34443	1.36379	1.30987	1.329	1.37834	1.29902	1.34297	1.39706	1.24508	1.23375	1.35791	1.21554	1.2885	1.34206	1.2252	1.23878	1.34047	1.22388	1.25317	1.32964	1.23401	1.28396	1.32428	1.19616	1.28195	1.35197	1.21911	1.1892	1.31721	1.23476	1.29598	1.34751	1.19305	1.25835	1.3012	1.20018	1.21443	1.2934	1.28327	1.32024	1.36768	1.24238	1.28076	1.35415	1.25403	1.2705	1.36858	1.25034	1.26356	1.36658	1.20625	1.26046	1.32874	1.21873	1.25975	1.35809	1.1605	1.21042	1.33953	1.13715	1.19495	1.3159	1.1795	1.21388	1.33503	1.14988	1.32712	1.12406	1.1511	1.32951	1.34285	1.11086	1.09643	1.29883	1.14931	1.19858	1.31136
JE_Lundberg_5	1.09875	0.875621	0.997773	0.864209	0	0.824936	0.926338	0.777259	0.933726	0.993261	0.860432	1.00294	1.02559	1.07082	0.977276	0.823532	1.00837	1.07331	0.974374	1.13572	1.00519	1.0367	1.0381	1.07982	0.982793	1.06169	1.13305	0.975571	1.09962	1.16251	0.998744	1.0662	1.11735	1.05207	1.16459	1.12327	1.0124	1.15475	1.15068	1.11372	1.16217	1.11386	1.00107	1.05065	1.12362	1.03431	1.14067	1.1712	1.14569	1.22597	1.22124	1.20318	1.26511	1.19176	1.20082	1.32144	1.16958	1.14386	1.20522	1.19069	1.19311	1.26769	1.19785	1.20245	1.24615	1.2432	1.17291	1.26784	1.19776	1.24342	1.28663	1.2237	1.19912	1.23988	1.21086	1.20849	1.22296	1.22663	1.19193	1.25501	1.21532	1.18662	1.21224	1.21967	1.25615	1.19869	1.17388	1.24865	1.23307	1.20326	1.21923	1.22695	1.2277	1.25716	1.30912	1.28097	1.335	1.26719	1.27246	1.30344	1.349	1.30162	1.33856	1.30429	1.28701	1.33481	1.32431	1.29761	1.3232	1.32508	1.32651	1.33349	1.33757	1.31726	1.34629	1.33597	1.32228	1.37375	1.31223	1.27132	1.34405	1.29378	1.29499	1.31331	1.30668	1.27687	1.32203	1.31003	1.28231	1.30182	1.30211	1.29182	1.28853	1.28913	1.29609	1.32708	1.29552	1.23088	1.28286	1.301	1.293	1.31912	1.26214	1.26389	1.27392	1.28299	1.25348	1.24739	1.32803	1.30317	1.33323	1.31136	1.28814	1.31976	1.30843	1.28132	1.3445	1.31221	1.28024	1.34954	1.2659	1.26201	1.2861	1.28602	1.27383	1.33683	1.27125	1.24902	1.31074	1.26566	1.25425	1.28689	1.28929	1.24854	1.3051	1.25953	1.30369	1.24435	1.22889	1.30278	1.3127	1.24726	1.16522	1.26492	1.261	1.21399	1.26739
JE_Lundberg_6	1.28113	1.06397	0.783878	1.17187	0.824936	0	1.1645	0.969862	0.703069	1.25256	0.964837	0.706934	1.25588	0.770109	1.22762	1.0175	0.597305	1.25342	1.13726	1.02885	1.23842	1.26282	0.82893	1.28802	1.18074	1.01139	1.31552	1.14079	1.06444	1.32777	1.18448	1.06286	1.29782	1.19447	1.13731	1.30073	1.20051	1.08359	1.30884	1.22677	1.14181	1.28871	1.15442	0.991458	1.30517	1.22846	1.07035	1.30151	1.26301	1.25113	1.32485	1.2687	1.239	1.30165	1.28287	1.28723	1.31481	1.24178	1.17233	1.32812	1.2829	1.24676	1.32498	1.27202	1.21528	1.34078	1.28717	1.19635	1.33127	1.29845	1.22862	1.34139	1.28272	1.27378	1.34124	1.33933	1.2406	1.3396	1.28442	1.24788	1.33243	1.20539	1.34339	1.28126	1.24339	1.3268	1.27164	1.25484	1.34398	1.26688	1.21671	1.3454	1.28578	1.23907	1.3548	1.33261	1.32997	1.3428	1.32875	1.29032	1.37838	1.34271	1.35886	1.36006	1.32912	1.29836	1.36566	1.33856	1.31794	1.36684	1.35484	1.32205	1.37227	1.34995	1.32389	1.37142	1.34481	1.29994	1.3623	1.33866	1.33593	1.3575	1.33939	1.28874	1.36378	1.3338	1.30801	1.37004	1.34045	1.27804	1.36059	1.33608	1.28839	1.35787	1.33871	1.26561	1.35749	1.31975	1.28529	1.36018	1.32733	1.30875	1.32481	1.28966	1.27077	1.3459	1.30713	1.23293	1.3655	1.32926	1.30729	1.36516	1.33252	1.30084	1.3592	1.32466	1.32551	1.36201	1.32315	1.34059	1.32831	1.30263	1.27524	1.34326	1.31828	1.33044	1.33622	1.30589	1.28517	1.3406	1.31164	1.26312	1.35417	1.30447	1.27386	1.34083	1.28601	1.32816	1.29213	1.28774	1.29488	1.33381	1.26971	1.26635	1.337	1.28157	1.25687
JE_Lundberg_7	0.699624	0.918876	1.15679	0.523636	0.926338	1.1645	0	0.80783	1.12129	0.575998	0.970661	1.16298	0.616978	1.2205	0.503814	0.8587	1.1648	0.601777	0.956638	1.23218	0.642482	0.650756	1.16062	0.665	0.907387	1.17614	0.765258	0.861556	1.15226	0.763204	0.809793	1.10044	0.829209	1.0015	1.18099	0.754086	0.838098	1.2001	0.880202	1.01144	1.1739	0.765955	0.872989	1.12025	0.764248	0.843688	1.19999	1.03833	1.17319	1.31608	1.12107	1.21471	1.32109	1.12024	1.18544	1.34575	1.04179	1.18536	1.28005	1.02825	1.19554	1.30765	1.04108	1.22423	1.30834	1.09105	1.06176	1.30597	1.04477	1.22994	1.32057	1.0497	1.22719	1.28317	1.0511	1.03832	1.25915	1.04244	1.15846	1.28164	1.05093	1.26297	1.04936	1.21228	1.29165	0.996459	1.13447	1.28447	1.06952	1.22239	1.28188	1.05198	1.19417	1.28128	1.25547	1.28574	1.35061	1.18951	1.28508	1.34187	1.30147	1.2995	1.34731	1.2416	1.29414	1.35067	1.27333	1.29632	1.34724	1.26876	1.33542	1.34886	1.28899	1.30996	1.36462	1.28266	1.3225	1.39017	1.21856	1.21643	1.35322	1.19737	1.27984	1.33732	1.1988	1.23354	1.34162	1.20294	1.24056	1.31856	1.21366	1.27287	1.31364	1.17062	1.26592	1.3416	1.1919	1.17901	1.31229	1.21731	1.28463	1.33807	1.16418	1.25389	1.29513	1.17559	1.20049	1.29025	1.25513	1.31719	1.36226	1.21454	1.26133	1.34228	1.22816	1.2482	1.35329	1.22237	1.23838	1.35551	1.17955	1.24697	1.32051	1.19096	1.2372	1.34794	1.12129	1.19942	1.33093	1.10454	1.17743	1.29963	1.14272	1.19734	1.33164	1.12111	1.32878	1.09813	1.12117	1.31992	1.33244	1.0705	1.07218	1.29239	1.1163	1.19593	1.32917
JE_Lundberg_8	1.03104	0.861361	0.944226	0.86437	0.777259	0.969862	0.80783	0	0.814977	0.883427	0.866971	0.964188	0.924332	1.05752	0.888665	0.774293	0.943965	0.969049	0.977102	1.13162	0.956537	0.940086	0.927268	0.994881	0.928998	1.05119	1.04024	0.891799	1.05528	1.06269	0.890038	0.995381	1.03267	0.995899	1.12961	1.0293	0.937455	1.13073	1.06912	1.04544	1.10032	1.02623	0.910207	0.985986	1.02867	0.973686	1.1225	1.13281	1.15162	1.28937	1.19282	1.18893	1.26556	1.18124	1.19193	1.31441	1.13169	1.15153	1.22922	1.13304	1.1523	1.23738	1.13676	1.16334	1.22521	1.18436	1.11586	1.24382	1.14268	1.20123	1.26697	1.16603	1.20943	1.24538	1.15662	1.14534	1.19958	1.15979	1.13514	1.22938	1.15298	1.22102	1.15415	1.18758	1.23264	1.12947	1.11105	1.22039	1.17622	1.22248	1.2444	1.16314	1.18633	1.22606	1.2641	1.2485	1.30764	1.21833	1.24723	1.29539	1.31504	1.27048	1.30841	1.26564	1.25211	1.32234	1.28418	1.27248	1.30881	1.29117	1.3078	1.31289	1.29777	1.28795	1.33063	1.29731	1.30403	1.37385	1.25933	1.22361	1.32333	1.24911	1.26916	1.30394	1.26872	1.24733	1.31587	1.26007	1.25418	1.28478	1.25855	1.26988	1.28519	1.24374	1.26082	1.29856	1.25082	1.21013	1.27182	1.25885	1.28023	1.304	1.22706	1.2456	1.26306	1.24941	1.23737	1.26574	1.29236	1.30372	1.3294	1.26534	1.27083	1.30618	1.26976	1.25869	1.32444	1.2659	1.2491	1.32889	1.2392	1.24954	1.28475	1.25749	1.25279	1.32355	1.21899	1.20299	1.2841	1.20819	1.20669	1.2558	1.24438	1.23464	1.31493	1.20929	1.30473	1.20167	1.18215	1.28722	1.2909	1.20622	1.15734	1.26128	1.22866	1.22751	1.3219
JE_Lundberg_9	1.25593	1.0449	0.766186	1.19066	0.933726	0.703069	1.12129	0.814977	0	1.19456	0.976605	0.719298	1.19993	0.843141	1.19471	0.955408	0.638808	1.21211	1.12532	0.996461	1.22361	1.22541	0.700636	1.25252	1.13136	0.967903	1.27706	1.10261	1.02498	1.29017	1.14745	1.00835	1.25997	1.15731	1.13868	1.26346	1.16032	1.06436	1.27387	1.20565	1.12631	1.2602	1.13473	0.990673	1.26848	1.2131	1.09497	1.25305	1.23306	1.28851	1.28789	1.23295	1.22056	1.28095	1.2638	1.2919	1.2663	1.21777	1.18293	1.25848	1.20566	1.19799	1.25245	1.20079	1.16224	1.28291	1.22079	1.16182	1.26142	1.24282	1.18878	1.29071	1.26499	1.2579	1.2875	1.27991	1.19323	1.28845	1.22728	1.21299	1.27831	1.22202	1.28605	1.23692	1.21652	1.27207	1.20477	1.21022	1.29611	1.27144	1.2369	1.28839	1.24311	1.20595	1.31197	1.29921	1.30507	1.29334	1.28999	1.27316	1.35142	1.31614	1.32281	1.32234	1.29773	1.29996	1.33316	1.31616	1.28659	1.34241	1.33713	1.30495	1.33668	1.32103	1.30404	1.3416	1.32305	1.31627	1.32549	1.30819	1.32706	1.32664	1.3123	1.27209	1.33586	1.30519	1.29328	1.32627	1.3071	1.27312	1.32834	1.31418	1.29445	1.3214	1.30359	1.27338	1.33147	1.30676	1.28477	1.33179	1.32016	1.30397	1.30908	1.28654	1.26639	1.32669	1.30126	1.26144	1.33739	1.32563	1.31188	1.32861	1.316	1.29897	1.33159	1.30615	1.3136	1.328	1.29803	1.32394	1.31462	1.29628	1.28016	1.32561	1.30292	1.32537	1.30821	1.27477	1.27062	1.31007	1.27966	1.24075	1.32867	1.29728	1.29013	1.29924	1.28657	1.3076	1.2767	1.27118	1.26473	1.31925	1.28018	1.2613	1.32499	1.3022	1.31952
JE_Lundberg_10	0.763322	0.914006	1.22369	0.478643	0.993261	1.25256	0.575998	0.883427	1.19456	0	0.972822	1.21637	0.58476	1.24958	0.450202	0.884824	1.22599	0.675862	0.902994	1.22	0.576149	0.618451	1.23667	0.655968	0.848503	1.17651	0.726667	0.79069	1.13336	0.781724	0.777892	1.10354	0.75977	0.968837	1.16228	0.697273	0.777349	1.20207	0.859915	1.00222	1.18106	0.768049	0.848473	1.15499	0.729266	0.847392	1.22075	1.03889	1.17714	1.34288	1.12474	1.21709	1.33397	1.13697	1.18763	1.34474	1.02536	1.21358	1.3183	1.01894	1.20895	1.33351	1.04094	1.24059	1.33255	1.07493	1.05629	1.33147	1.02569	1.25042	1.345	1.05014	1.24111	1.30086	1.02399	1.01481	1.27531	1.04865	1.15521	1.29495	1.0254	1.29442	1.03406	1.21904	1.31937	0.98417	1.13806	1.30169	1.06791	1.24342	1.30795	1.03957	1.20246	1.30607	1.27613	1.3035	1.36479	1.20861	1.30013	1.35891	1.323	1.31998	1.3568	1.25799	1.31289	1.37192	1.29746	1.31884	1.37042	1.29274	1.35115	1.36848	1.30709	1.32912	1.37815	1.29743	1.34191	1.39834	1.2331	1.21784	1.35647	1.20901	1.28421	1.34352	1.21972	1.23507	1.34246	1.19825	1.24823	1.33651	1.22953	1.2859	1.3428	1.18415	1.27346	1.35416	1.21462	1.20384	1.33566	1.22134	1.29712	1.35165	1.19204	1.26577	1.31371	1.19204	1.21653	1.3295	1.28798	1.34276	1.37996	1.23892	1.29211	1.36838	1.25078	1.27537	1.3767	1.24492	1.26692	1.3741	1.21136	1.27634	1.34964	1.22056	1.27469	1.37287	1.15658	1.2166	1.34762	1.1246	1.18834	1.31919	1.17335	1.21393	1.35033	1.13874	1.34337	1.12125	1.14423	1.34226	1.35086	1.10744	1.11798	1.31842	1.14184	1.2263	1.34172
JE_Lundberg_11	1.12358	0.945986	1.00818	0.942219	0.860432	0.964837	0.970661	0.866971	0.976605	0.972822	0	0.885298	1.02216	0.981022	0.999152	0.858387	0.999162	1.09789	0.881463	0.986171	0.980879	1.08747	0.9777	1.07778	0.970987	0.988564	1.12555	0.992243	1.02	1.16022	1.00981	1.01924	1.09678	1.01648	1.08897	1.10467	1.00212	1.0419	1.12811	1.0739	1.0859	1.11832	1.00117	0.992066	1.12421	1.06258	1.07955	1.18624	1.18323	1.25486	1.21573	1.20979	1.26675	1.19493	1.20868	1.31197	1.19343	1.17517	1.212	1.22328	1.23494	1.27052	1.21517	1.22517	1.26189	1.22586	1.17661	1.25599	1.22375	1.24748	1.26819	1.21978	1.21502	1.24064	1.21397	1.21616	1.23364	1.22128	1.19982	1.25799	1.20933	1.19616	1.22007	1.22435	1.24877	1.20101	1.20057	1.25122	1.22409	1.20054	1.20825	1.22063	1.19643	1.25168	1.30531	1.28109	1.31875	1.27644	1.29554	1.32947	1.34446	1.29688	1.32651	1.30244	1.29848	1.33966	1.32361	1.29514	1.3292	1.3195	1.33074	1.33598	1.32957	1.31302	1.34567	1.31939	1.32851	1.37226	1.29461	1.25482	1.33213	1.27223	1.28148	1.29612	1.28647	1.25661	1.30653	1.28731	1.26264	1.29428	1.28144	1.2665	1.26891	1.26983	1.28305	1.31812	1.27149	1.20984	1.26378	1.27443	1.27377	1.30414	1.22814	1.22574	1.24031	1.25596	1.23469	1.23582	1.3102	1.29472	1.33386	1.29649	1.28189	1.3135	1.28967	1.26603	1.33815	1.29091	1.26858	1.34696	1.24265	1.24049	1.26682	1.26962	1.26298	1.32629	1.25768	1.23306	1.2828	1.25038	1.22606	1.28164	1.27262	1.23721	1.31463	1.25602	1.27545	1.22915	1.21823	1.27595	1.30553	1.24001	1.17436	1.26578	1.25252	1.21557	1.26261
JE_Lundberg_12	1.26913	1.09699	0.770377	1.20376	1.00294	0.706934	1.16298	0.964188	0.719298	1.21637	0.885298	0	1.23048	0.689385	1.21084	1.00311	0.592452	1.22544	1.17126	1.00643	1.24197	1.23894	0.656412	1.26037	1.13566	0.969137	1.28318	1.14503	1.05746	1.29059	1.16105	1.02193	1.27491	1.19104	1.11002	1.27307	1.18779	1.04448	1.28649	1.20928	1.13383	1.26415	1.14832	0.95561	1.275	1.20969	1.06337	1.2658	1.23726	1.25895	1.30195	1.23868	1.17809	1.29267	1.26221	1.26243	1.28975	1.22816	1.13934	1.28903	1.24232	1.18241	1.28538	1.22181	1.14117	1.29897	1.22541	1.07959	1.28962	1.25598	1.1353	1.30981	1.26711	1.23915	1.3098	1.30716	1.19134	1.30636	1.24374	1.19947	1.29718	1.17206	1.31336	1.23926	1.18813	1.29214	1.22701	1.1991	1.31227	1.24966	1.18565	1.31261	1.24084	1.17906	1.33191	1.31512	1.28547	1.31941	1.3097	1.25808	1.36342	1.3225	1.33282	1.34193	1.30489	1.25837	1.35182	1.32963	1.29026	1.35464	1.3446	1.29565	1.35082	1.32749	1.27739	1.3522	1.3232	1.24507	1.3427	1.32458	1.31756	1.34013	1.32883	1.27472	1.34558	1.32267	1.29599	1.34746	1.32619	1.26004	1.34409	1.32675	1.28214	1.33799	1.32568	1.23369	1.33837	1.31326	1.26259	1.34447	1.32648	1.28884	1.31448	1.27639	1.24856	1.33308	1.29705	1.22881	1.35106	1.3276	1.3038	1.34787	1.33035	1.28239	1.34788	1.31958	1.31215	1.34547	1.31878	1.32462	1.32032	1.29369	1.26063	1.33386	1.30963	1.32059	1.31239	1.27774	1.24709	1.31513	1.28251	1.2208	1.33393	1.29506	1.2605	1.31306	1.24352	1.30874	1.27123	1.22955	1.23957	1.31514	1.26573	1.23198	1.3255	1.2821	1.25261
JE_Lundberg_13	0.702174	0.972007	1.22474	0.601804	1.02559	1.25588	0.616978	0.924332	1.19993	0.58476	1.02216	1.23048	0	1.22348	0.573568	0.907753	1.23535	0.629754	0.923059	1.21087	0.637883	0.657411	1.23851	0.719362	0.92048	1.18315	0.794899	0.873162	1.14785	0.822017	0.86274	1.12894	0.852312	1.03086	1.18038	0.780591	0.853811	1.20777	0.940269	1.04733	1.19595	0.825626	0.896103	1.16168	0.82786	0.903314	1.23297	1.06885	1.18389	1.34232	1.15765	1.22798	1.33591	1.16607	1.20475	1.35587	1.0798	1.21898	1.31618	1.05757	1.20746	1.32744	1.08789	1.24476	1.32638	1.12279	1.0824	1.33241	1.06867	1.24213	1.3441	1.10564	1.25486	1.30718	1.09623	1.07552	1.27439	1.09782	1.17851	1.29376	1.10283	1.29528	1.07386	1.23278	1.31869	1.05456	1.15888	1.30692	1.12108	1.26266	1.31372	1.10374	1.22143	1.30938	1.28168	1.29815	1.36141	1.21906	1.2983	1.35561	1.32975	1.32334	1.35861	1.27653	1.30904	1.37246	1.30084	1.32161	1.37218	1.29824	1.34993	1.36521	1.31423	1.3298	1.37783	1.30788	1.33976	1.39795	1.24271	1.24431	1.36258	1.2281	1.2945	1.34143	1.23629	1.25679	1.34253	1.22339	1.2611	1.34078	1.24812	1.29873	1.34903	1.20852	1.28871	1.35747	1.23265	1.22987	1.34814	1.24777	1.30447	1.35723	1.21231	1.28971	1.32722	1.21981	1.24559	1.34255	1.29163	1.34722	1.38429	1.25696	1.30061	1.37186	1.26378	1.28462	1.38104	1.26092	1.28333	1.37847	1.2247	1.28669	1.35363	1.22865	1.27741	1.37463	1.15668	1.22366	1.34674	1.14039	1.20382	1.32483	1.18805	1.23254	1.35863	1.16549	1.35121	1.14006	1.15526	1.34685	1.35708	1.11494	1.12731	1.32658	1.16383	1.23938	1.34949
JE_Lundberg_15	1.29078	1.13001	0.813138	1.24367	1.07082	0.770109	1.2205	1.05752	0.843141	1.24958	0.981022	0.689385	1.22348	0	1.24972	1.07191	0.677365	1.26374	1.0715	0.864127	1.24399	1.26538	0.756363	1.28976	1.18101	1.01108	1.30878	1.17454	1.06721	1.32578	1.20046	1.07156	1.30018	1.19945	1.12454	1.30047	1.21238	1.03683	1.32068	1.23716	1.14472	1.29572	1.1606	1.00435	1.30831	1.24307	1.08808	1.30316	1.27772	1.2908	1.3275	1.26646	1.22508	1.32151	1.29349	1.27909	1.32601	1.26852	1.19053	1.32717	1.27524	1.21352	1.32726	1.26647	1.18738	1.3297	1.27463	1.12428	1.32981	1.287	1.17414	1.33835	1.30435	1.27903	1.33961	1.33489	1.22854	1.33169	1.27707	1.22209	1.32763	1.21932	1.33967	1.26533	1.20949	1.32506	1.27069	1.23865	1.34028	1.29334	1.22927	1.33854	1.27018	1.20704	1.34039	1.29177	1.29773	1.34982	1.30911	1.27928	1.38096	1.3486	1.35608	1.36111	1.3245	1.27199	1.3717	1.34993	1.31466	1.37468	1.36344	1.31935	1.37518	1.35349	1.29964	1.36037	1.34061	1.25729	1.36119	1.34841	1.32545	1.35976	1.34448	1.27602	1.36195	1.33652	1.2891	1.36492	1.33471	1.26112	1.36435	1.34426	1.2992	1.36173	1.33995	1.23374	1.36344	1.34172	1.29311	1.36478	1.33944	1.30513	1.34031	1.30913	1.28037	1.35794	1.32305	1.25775	1.37019	1.34655	1.30943	1.37265	1.3491	1.30245	1.36744	1.33673	1.31783	1.36749	1.34069	1.33378	1.3491	1.3225	1.29041	1.35735	1.33624	1.33854	1.33474	1.31087	1.2631	1.33931	1.30476	1.23896	1.35377	1.31762	1.26398	1.34121	1.27108	1.33514	1.29964	1.25442	1.27393	1.34093	1.29511	1.26273	1.341	1.30347	1.2842
JE_Lundberg_16	0.70971	0.943796	1.21479	0.422042	0.977276	1.22762	0.503814	0.888665	1.19471	0.450202	0.999152	1.21084	0.573568	1.24972	0	0.831973	1.21231	0.528935	0.924058	1.22501	0.508812	0.560182	1.22739	0.551723	0.858581	1.18738	0.645239	0.792996	1.13321	0.666639	0.744705	1.08634	0.714039	0.964414	1.16114	0.625598	0.77377	1.20051	0.800458	0.975053	1.16472	0.658752	0.833191	1.1382	0.637742	0.787817	1.1929	1.01592	1.15604	1.32282	1.112	1.20888	1.32659	1.11374	1.17462	1.34026	1.01488	1.18972	1.29406	0.995779	1.19103	1.32359	1.0203	1.22851	1.32369	1.07361	1.0413	1.32203	1.00485	1.23266	1.33599	1.01457	1.22291	1.28136	1.0036	0.99146	1.26081	1.01037	1.1447	1.28314	1.00487	1.26324	1.01214	1.20531	1.30492	0.951447	1.12262	1.29003	1.03928	1.216	1.28184	1.01719	1.19017	1.29141	1.26016	1.29167	1.35648	1.18679	1.28835	1.35177	1.31074	1.31022	1.3506	1.24551	1.29703	1.3647	1.28057	1.30781	1.36399	1.27382	1.3426	1.36068	1.29488	1.31936	1.37433	1.28692	1.33412	1.39586	1.21507	1.21438	1.35296	1.18966	1.27533	1.33463	1.19472	1.22299	1.33772	1.18747	1.23846	1.32937	1.21555	1.27758	1.33143	1.16614	1.26836	1.34635	1.19452	1.19305	1.3271	1.2119	1.28629	1.34321	1.17377	1.25874	1.30386	1.17631	1.20833	1.31425	1.27145	1.32887	1.37263	1.22336	1.27795	1.36087	1.24227	1.26245	1.36975	1.23143	1.25292	1.36689	1.18774	1.2579	1.33776	1.19848	1.2545	1.36296	1.1217	1.20333	1.33687	1.09624	1.17771	1.31094	1.14703	1.2083	1.34139	1.11232	1.33097	1.09301	1.12577	1.33239	1.34361	1.06779	1.08718	1.30528	1.11544	1.20274	1.32459
JE_Lundberg_17	1.04918	0.888682	1.03598	0.835588	0.823532	1.0175	0.8587	0.774293	0.955408	0.884824	0.858387	1.00311	0.907753	1.07191	0.831973	0	0.97258	0.948004	0.932757	1.10895	0.917959	0.884992	0.959668	0.966761	0.902151	1.05915	1.03229	0.840592	1.041	1.05379	0.820232	0.95814	1.0321	0.983362	1.13301	1.02167	0.894432	1.10019	1.06794	0.994777	1.09045	1.01321	0.877361	0.987431	1.01361	0.917656	1.0862	1.12594	1.09328	1.26288	1.20022	1.1541	1.24638	1.16818	1.17924	1.31262	1.13254	1.11868	1.20481	1.13045	1.07954	1.18322	1.1502	1.1072	1.18426	1.18309	1.08971	1.22643	1.13812	1.13189	1.23508	1.17272	1.18362	1.21672	1.16154	1.15242	1.16721	1.16907	1.09351	1.19549	1.16015	1.16648	1.16145	1.15411	1.21365	1.13851	1.07996	1.20039	1.17421	1.18641	1.20769	1.17562	1.1593	1.21564	1.27803	1.22237	1.2865	1.23629	1.24226	1.29008	1.33093	1.25562	1.28955	1.28648	1.24379	1.33358	1.30424	1.2681	1.30878	1.30502	1.30532	1.3127	1.31067	1.26793	1.32795	1.30846	1.30049	1.37795	1.27897	1.24765	1.34192	1.26563	1.27256	1.29412	1.27881	1.25255	1.31016	1.27538	1.25467	1.2872	1.27446	1.2563	1.26234	1.25474	1.269	1.31059	1.26072	1.21481	1.29428	1.27532	1.27356	1.30129	1.24144	1.25756	1.27867	1.25562	1.24206	1.28348	1.30358	1.30484	1.34026	1.28415	1.27364	1.31673	1.28437	1.25933	1.33115	1.28259	1.25951	1.33912	1.24634	1.25967	1.29928	1.2632	1.26197	1.33684	1.221	1.18655	1.25578	1.21433	1.18811	1.25544	1.25068	1.23834	1.31683	1.21799	1.29746	1.2079	1.17136	1.27783	1.29876	1.21262	1.15211	1.26535	1.23384	1.21605	1.30002
JE_Lundberg_18	1.26625	1.07418	0.722741	1.21827	1.00837	0.597305	1.1648	0.943965	0.638808	1.22599	0.999162	0.592452	1.23535	0.677365	1.21231	0.97258	0	1.2097	1.18111	1.02849	1.25608	1.23572	0.625163	1.27491	1.16581	0.9918	1.2912	1.10671	1.03131	1.29404	1.14303	0.998897	1.28367	1.18956	1.12749	1.28482	1.18763	1.05002	1.30253	1.21762	1.11102	1.26737	1.12156	0.917029	1.27727	1.22073	1.05504	1.27412	1.24032	1.28956	1.31199	1.23999	1.21068	1.30094	1.27392	1.27486	1.29053	1.23317	1.17214	1.28612	1.22168	1.1793	1.28347	1.2149	1.15554	1.30488	1.22866	1.11205	1.28594	1.24792	1.15382	1.31125	1.2741	1.25561	1.31039	1.30127	1.19066	1.3064	1.23552	1.19282	1.29722	1.20151	1.30821	1.23395	1.19632	1.29001	1.21878	1.20168	1.31556	1.2748	1.22474	1.31213	1.24611	1.1777	1.34009	1.31425	1.29042	1.32474	1.31248	1.27217	1.36909	1.32727	1.3343	1.34852	1.30202	1.27719	1.35704	1.33009	1.30323	1.36125	1.34838	1.30715	1.35787	1.33125	1.29376	1.36036	1.32637	1.2777	1.35309	1.33423	1.32284	1.3507	1.33751	1.28959	1.35694	1.33396	1.30837	1.35719	1.33659	1.26875	1.3558	1.33344	1.29282	1.34863	1.3297	1.24054	1.35117	1.32737	1.29155	1.35615	1.33611	1.29667	1.33569	1.30239	1.28025	1.35013	1.32154	1.27125	1.36237	1.34215	1.31299	1.35702	1.33874	1.29842	1.35842	1.33076	1.31663	1.35562	1.32618	1.3301	1.34277	1.31968	1.29871	1.35136	1.32744	1.33558	1.32052	1.28425	1.24921	1.3211	1.28526	1.2289	1.34254	1.31085	1.2707	1.31931	1.27609	1.3224	1.27736	1.25898	1.26337	1.3261	1.284	1.25612	1.33312	1.30409	1.3027
JE_Lundberg_19	0.662684	1.02783	1.23362	0.646212	1.07331	1.25342	0.601777	0.969049	1.21211	0.675862	1.09789	1.22544	0.629754	1.26374	0.528935	0.948004	1.2097	0	1.02755	1.26539	0.647958	0.55944	1.20585	0.650198	0.990334	1.24175	0.681414	0.925321	1.18979	0.681689	0.865605	1.14342	0.844629	1.08598	1.23243	0.714038	0.896727	1.24687	0.932002	1.07337	1.22611	0.717274	0.944188	1.18034	0.757189	0.90279	1.24638	1.03851	1.18078	1.34806	1.14038	1.23019	1.33339	1.16018	1.20864	1.35668	1.07109	1.22031	1.31665	1.00528	1.18618	1.31312	1.04142	1.22651	1.31741	1.09312	1.06706	1.31358	1.01747	1.21957	1.32598	1.0591	1.26294	1.31218	1.06593	1.0486	1.27334	1.05397	1.17586	1.29594	1.06289	1.29379	1.06142	1.23038	1.30992	1.00475	1.14934	1.30087	1.08362	1.26397	1.31546	1.06336	1.21955	1.29953	1.27098	1.30231	1.35995	1.20462	1.29638	1.35512	1.31861	1.3185	1.35608	1.26421	1.30561	1.36725	1.29039	1.31657	1.36738	1.2851	1.34825	1.36037	1.29751	1.32321	1.3735	1.2982	1.33306	1.3956	1.23582	1.25136	1.36661	1.22708	1.3062	1.35439	1.2223	1.26567	1.35904	1.21892	1.27183	1.34423	1.24609	1.3077	1.35215	1.19538	1.29736	1.35866	1.22174	1.23809	1.34737	1.24594	1.31216	1.35625	1.21363	1.295	1.33216	1.21296	1.24871	1.33965	1.28334	1.34728	1.38283	1.23964	1.29814	1.3671	1.26226	1.28612	1.37509	1.25104	1.2765	1.37322	1.21682	1.28735	1.35438	1.21972	1.27273	1.36959	1.14464	1.22246	1.34345	1.12734	1.20606	1.32145	1.17085	1.24359	1.35522	1.13772	1.35389	1.12864	1.16448	1.34455	1.35058	1.0761	1.1303	1.3241	1.14653	1.24066	1.36057
JE_Lundberg_20	1.06332	0.977715	1.12745	0.901373	0.974374	1.13726	0.956638	0.977102	1.12532	0.902994	0.881463	1.17126	0.923059	1.0715	0.924058	0.932757	1.18111	1.02755	0	0.779827	0.781909	0.970146	1.19911	1.01936	0.933417	1.00784	1.08533	0.940374	0.957098	1.11949	0.993031	1.02225	1.04415	0.974311	1.05388	1.03841	0.885879	1.00551	1.06334	0.953222	1.05024	1.07251	0.933545	1.05413	1.06338	0.989897	1.04168	1.19517	1.20864	1.28121	1.22011	1.22625	1.30957	1.19206	1.2039	1.29086	1.19228	1.22477	1.27967	1.23295	1.2893	1.34756	1.23559	1.2959	1.33446	1.22628	1.19635	1.32899	1.23558	1.30674	1.34601	1.21738	1.23129	1.25459	1.20429	1.20484	1.27625	1.21402	1.20858	1.27852	1.19884	1.24182	1.20999	1.23067	1.30621	1.1953	1.21338	1.28775	1.21799	1.21801	1.24898	1.21404	1.22804	1.28261	1.30728	1.2762	1.35466	1.29629	1.30449	1.36144	1.35791	1.33062	1.35956	1.31586	1.31868	1.36	1.33704	1.32498	1.36188	1.33212	1.34813	1.36808	1.35103	1.34365	1.37758	1.31673	1.34547	1.39131	1.2916	1.25681	1.3219	1.26501	1.26048	1.26748	1.28565	1.24109	1.26888	1.28036	1.24203	1.29977	1.28644	1.26959	1.30099	1.27193	1.26155	1.32021	1.29174	1.25575	1.30206	1.27542	1.26528	1.32856	1.23807	1.23113	1.25388	1.25713	1.24334	1.29197	1.33177	1.31893	1.35924	1.31581	1.29902	1.35273	1.30927	1.29418	1.36711	1.30998	1.29508	1.3679	1.25631	1.26459	1.3133	1.28694	1.29543	1.35898	1.26482	1.2696	1.34294	1.24789	1.24175	1.31192	1.27135	1.25829	1.33477	1.26306	1.2892	1.22939	1.22463	1.32634	1.35202	1.23487	1.19165	1.30699	1.23748	1.21877	1.26778
JE_Lundberg_21	1.28842	1.16604	1.03604	1.23135	1.13572	1.02885	1.23218	1.13162	0.996461	1.22	0.986171	1.00643	1.21087	0.864127	1.22501	1.10895	1.02849	1.26539	0.779827	0	1.12847	1.26383	1.05205	1.2598	1.12253	0.93236	1.29538	1.15981	0.938946	1.32025	1.21556	1.03991	1.26244	1.11722	1.04318	1.25932	1.10068	0.903847	1.26976	1.10551	1.07963	1.28272	1.13822	1.04257	1.28809	1.20437	0.973695	1.29107	1.28527	1.30011	1.29962	1.27219	1.28897	1.283	1.27036	1.27469	1.31201	1.28917	1.27379	1.33547	1.32363	1.32068	1.33169	1.32653	1.30212	1.31002	1.29213	1.26354	1.33582	1.33342	1.29358	1.32527	1.28985	1.26947	1.32353	1.32752	1.28382	1.32403	1.2885	1.27161	1.31379	1.24004	1.33039	1.27523	1.29125	1.32256	1.29077	1.27776	1.32207	1.26923	1.24142	1.32438	1.28378	1.27223	1.33614	1.29749	1.34244	1.34941	1.33441	1.34766	1.37836	1.35726	1.36592	1.35363	1.33769	1.33893	1.36846	1.35447	1.35512	1.36886	1.36894	1.3607	1.37571	1.36767	1.35849	1.34018	1.35005	1.35081	1.3309	1.31707	1.30847	1.31684	1.25837	1.18239	1.33389	1.2717	1.20021	1.3255	1.25875	1.25869	1.33039	1.28265	1.28495	1.32513	1.26512	1.26487	1.34708	1.32589	1.28543	1.32688	1.27983	1.31275	1.30467	1.26815	1.26251	1.32269	1.29873	1.29673	1.36488	1.34452	1.35104	1.36618	1.34028	1.34444	1.35309	1.32431	1.35903	1.35436	1.33257	1.3639	1.31111	1.29473	1.30197	1.34293	1.33652	1.36047	1.32912	1.31878	1.32557	1.33086	1.30187	1.30057	1.33847	1.31037	1.32424	1.33601	1.27041	1.31545	1.30374	1.30938	1.33804	1.33453	1.29403	1.31269	1.32694	1.27556	1.25858
JE_Lundberg_22	0.689388	0.946825	1.22332	0.565769	1.00519	1.23842	0.642482	0.956537	1.22361	0.576149	0.980879	1.24197	0.637883	1.24399	0.508812	0.917959	1.25608	0.647958	0.781909	1.12847	0	0.679688	1.26102	0.719814	0.918146	1.17664	0.774667	0.880759	1.12075	0.787347	0.862945	1.09646	0.76843	0.963505	1.14018	0.735904	0.834722	1.16133	0.822123	0.96231	1.14868	0.765262	0.883354	1.1474	0.742811	0.845902	1.15868	1.08205	1.19573	1.3093	1.14153	1.23303	1.33395	1.15073	1.19969	1.33704	1.08351	1.21438	1.29592	1.1032	1.25888	1.35151	1.11255	1.28162	1.35058	1.13829	1.11362	1.34301	1.10106	1.2821	1.35659	1.08862	1.24174	1.28873	1.08053	1.06868	1.2879	1.08078	1.18996	1.30414	1.07042	1.26571	1.0868	1.23452	1.32449	1.0388	1.1799	1.30819	1.10086	1.22057	1.27932	1.07955	1.21511	1.30652	1.28605	1.30615	1.36805	1.23832	1.30867	1.36652	1.33412	1.32825	1.35987	1.27334	1.31629	1.37158	1.30917	1.32337	1.37177	1.30081	1.35396	1.37166	1.32371	1.33889	1.38465	1.30358	1.34576	1.40085	1.22707	1.22095	1.35101	1.20058	1.274	1.32604	1.20201	1.22135	1.32826	1.19511	1.24018	1.33035	1.23045	1.27836	1.3322	1.18585	1.27211	1.3502	1.21465	1.21478	1.32984	1.21798	1.2827	1.34488	1.18727	1.25537	1.29925	1.1934	1.22107	1.31785	1.29376	1.33144	1.37458	1.24959	1.28997	1.36464	1.26392	1.27763	1.37442	1.25463	1.27098	1.37258	1.20311	1.2634	1.33783	1.22379	1.27148	1.36429	1.15227	1.22601	1.3527	1.121	1.19645	1.32213	1.16933	1.22148	1.34165	1.14949	1.33121	1.11003	1.14797	1.34329	1.35859	1.07699	1.09567	1.31352	1.11211	1.19674	1.31043
JE_Lundberg_23	0.792294	0.990646	1.23367	0.604449	1.0367	1.26282	0.650756	0.940086	1.22541	0.618451	1.08747	1.23894	0.657411	1.26538	0.560182	0.884992	1.23572	0.55944	0.970146	1.26383	0.679688	0	1.21756	0.737034	0.944676	1.2442	0.826257	0.88366	1.19659	0.841726	0.823111	1.1555	0.917807	1.07516	1.23757	0.829898	0.859167	1.25623	0.980369	1.05845	1.22919	0.842558	0.90523	1.1994	0.838382	0.8753	1.26531	1.07102	1.17365	1.34896	1.18372	1.2244	1.33389	1.17388	1.20917	1.3551	1.07813	1.22064	1.31945	1.03862	1.17332	1.30845	1.08244	1.21829	1.30928	1.12627	1.06841	1.32287	1.05532	1.20027	1.33245	1.10561	1.26276	1.30409	1.10141	1.09165	1.27096	1.10244	1.16293	1.28638	1.09615	1.28711	1.11307	1.222	1.30605	1.05269	1.14057	1.29557	1.12482	1.26347	1.31037	1.11267	1.22765	1.30119	1.28835	1.2978	1.34833	1.24024	1.29426	1.34976	1.33601	1.31531	1.3479	1.28821	1.2973	1.36116	1.31148	1.31388	1.36106	1.30933	1.34402	1.35742	1.31804	1.31887	1.36804	1.31524	1.3274	1.39254	1.2701	1.2603	1.35889	1.25973	1.30082	1.34066	1.26259	1.27504	1.3501	1.25482	1.28002	1.3444	1.27799	1.30591	1.33885	1.23726	1.29745	1.3556	1.25777	1.25287	1.345	1.27443	1.30869	1.3453	1.24653	1.3029	1.33172	1.24622	1.26537	1.34582	1.30838	1.34893	1.37779	1.27672	1.30737	1.36436	1.29058	1.29591	1.37062	1.28294	1.29139	1.37225	1.25361	1.30208	1.35462	1.26082	1.29078	1.37244	1.19626	1.23326	1.33858	1.1789	1.21834	1.32724	1.21817	1.2592	1.36209	1.18797	1.35384	1.18175	1.19036	1.34945	1.35787	1.15083	1.16116	1.3311	1.19519	1.25664	1.36446
JE_Lundberg_24	1.26232	1.10726	0.771026	1.23486	1.0381	0.82893	1.16062	0.927268	0.700636	1.23667	0.9777	0.656412	1.23851	0.756363	1.22739	0.959668	0.625163	1.20585	1.19911	1.05205	1.26102	1.21756	0	1.28259	1.17534	1.04975	1.2982	1.17815	1.10441	1.30179	1.16879	1.07914	1.30441	1.21365	1.20037	1.29721	1.21133	1.10093	1.31934	1.24347	1.17424	1.28261	1.16985	1.01058	1.2931	1.24055	1.13487	1.25825	1.20893	1.26185	1.30944	1.20372	1.18041	1.30149	1.26243	1.29179	1.29021	1.19882	1.13971	1.27592	1.14874	1.10886	1.27856	1.15172	1.09606	1.29703	1.20568	1.04417	1.27484	1.16971	1.07311	1.31567	1.28134	1.25439	1.32036	1.31605	1.18425	1.31224	1.22317	1.19716	1.3055	1.20026	1.3229	1.23249	1.18276	1.30101	1.21016	1.19829	1.32086	1.28586	1.22647	1.31852	1.24138	1.18574	1.33049	1.28991	1.26021	1.32488	1.293	1.26779	1.3656	1.30637	1.30559	1.34527	1.29024	1.27201	1.35378	1.31698	1.28803	1.35848	1.33764	1.30079	1.35134	1.31222	1.273	1.35466	1.30667	1.26934	1.34746	1.33302	1.33189	1.35259	1.34181	1.3041	1.35559	1.33955	1.32791	1.3549	1.34052	1.29111	1.35428	1.33363	1.29903	1.34861	1.33732	1.28286	1.3462	1.32907	1.29013	1.3521	1.33665	1.29481	1.3405	1.31857	1.29887	1.35493	1.33349	1.30057	1.35802	1.34164	1.33865	1.35416	1.33814	1.30531	1.35614	1.33002	1.32722	1.35317	1.32899	1.34072	1.34458	1.32615	1.30553	1.35183	1.32466	1.33671	1.31905	1.26732	1.24327	1.3253	1.2711	1.24084	1.34644	1.32248	1.3129	1.32315	1.29061	1.32854	1.28841	1.25253	1.2628	1.33031	1.29008	1.26995	1.33976	1.31213	1.33423
JE_Lundberg_25	0.828029	1.03048	1.27006	0.648014	1.07982	1.28802	0.665	0.994881	1.25252	0.655968	1.07778	1.26037	0.719362	1.28976	0.551723	0.966761	1.27491	0.650198	1.01936	1.2598	0.719814	0.737034	1.28259	0	0.78781	1.12601	0.442884	0.75588	1.09041	0.512984	0.730506	1.07625	0.638552	0.941363	1.12161	0.436172	0.691272	1.16057	0.765344	0.951138	1.15006	0.516676	0.815943	1.1322	0.546318	0.770564	1.1923	1.02843	1.17973	1.34428	1.10857	1.22805	1.33575	1.12278	1.19196	1.34425	1.04011	1.20921	1.31868	0.998072	1.20246	1.33185	1.02628	1.23841	1.33559	1.07164	1.06904	1.34091	1.02023	1.24623	1.35404	0.952337	1.21934	1.2762	0.949754	0.939187	1.25096	0.948276	1.11893	1.2736	0.953823	1.26776	0.974155	1.19622	1.3003	0.891206	1.10416	1.28345	0.984728	1.21105	1.28424	0.956942	1.17116	1.28744	1.25285	1.29652	1.36234	1.16737	1.29727	1.35827	1.29974	1.3083	1.35493	1.2461	1.3039	1.37144	1.27244	1.31266	1.36881	1.25998	1.34453	1.36046	1.27764	1.31948	1.38156	1.27719	1.33684	1.40145	1.20933	1.21691	1.35399	1.18448	1.28362	1.34692	1.19194	1.23107	1.34446	1.18622	1.24084	1.33654	1.20966	1.28273	1.33868	1.16032	1.27116	1.35466	1.1882	1.20218	1.34053	1.21097	1.29315	1.35539	1.1368	1.2444	1.2943	1.12935	1.18446	1.30945	1.24129	1.32252	1.36886	1.18644	1.2629	1.3537	1.2	1.23895	1.36546	1.18923	1.22614	1.35821	1.14797	1.23901	1.33378	1.15466	1.23176	1.35652	1.08553	1.18001	1.33054	1.05561	1.14856	1.29976	1.10425	1.1737	1.33438	1.06098	1.32639	1.04494	1.08846	1.32536	1.33807	1.02277	1.06122	1.29952	1.08171	1.18356	1.32435
