	ERR605614	ERR605616	ERR605611	ERR605613	ERR605615	ERR605612	ERR613390	ERR613393	ERR613394	ERR613392	ERR613391	ERR613389	ERR613390	ERR613393	ERR613394	ERR613392	ERR613391	ERR613389	ERR617527	ERR617525	ERR617524	ERR617523	ERR617526	ERR617528	ERR636768	ERR636766	ERR636765	ERR636763	ERR636764	ERR636767	ERR608837	ERR608839	ERR608836	ERR608838	ERR608840	ERR608835	ERR609045	ERR609050	ERR609049	ERR609047	ERR609048	ERR609046	ERR629948	ERR629951	ERR629949	ERR629950	ERR629946	ERR629947	ERR626547	ERR626548	ERR626549	ERR626551	ERR626546	ERR626550	ERR613664	ERR613662	ERR613659	ERR613661	ERR613663	ERR613660	ERR612105	ERR612101	ERR612103	ERR612104	ERR612102	ERR612106	ERR618412	ERR618414	ERR618416	ERR618415	ERR618413	ERR618411	ERR621977	ERR621974	ERR621978	ERR621975	ERR621976	ERR621973	ERR612533	ERR612531	ERR612532	ERR612534	ERR612530	ERR612529	ERR612610	ERR612607	ERR612608	ERR612612	ERR612611	ERR612609	ERR618274	ERR618277	ERR618273	ERR618278	ERR618276	ERR618275
ERR605614	3.69651e+08	2.64203e+08	2.92573e+08	2.67194e+08	2.67858e+08	2.7148e+08	2.6416e+08	2.69733e+08	2.21104e+08	2.6837e+08	2.95369e+08	3.06774e+08	2.6416e+08	2.69733e+08	2.21104e+08	2.6837e+08	2.95369e+08	3.06774e+08	2.75304e+08	2.39247e+08	2.3849e+08	2.34483e+08	2.70236e+08	2.55228e+08	2.2346e+08	2.19608e+08	2.27838e+08	2.08712e+08	2.26219e+08	2.21035e+08	3.12893e+08	2.3195e+08	3.1195e+08	2.31182e+08	2.34716e+08	2.95048e+08	1.4013e+08	2.24166e+08	2.22249e+08	2.44816e+08	2.29576e+08	2.17328e+08	1.88029e+08	1.61383e+08	1.63616e+08	1.60323e+08	1.91304e+08	1.6217e+08	1.67882e+08	1.56795e+08	1.59728e+08	1.59016e+08	1.48259e+08	1.61044e+08	1.42985e+08	1.79038e+08	1.92537e+08	1.81214e+08	1.76924e+08	1.90929e+08	1.7255e+08	1.71593e+08	1.62051e+08	1.45505e+08	1.61313e+08	1.27065e+08	1.45415e+08	1.62627e+08	1.70588e+08	1.68299e+08	1.60727e+08	1.77531e+08	1.14863e+08	1.24284e+08	1.02721e+08	1.24541e+08	1.0092e+08	1.2958e+08	1.66325e+08	1.90536e+08	1.66631e+08	1.65045e+08	1.524e+08	2.06535e+08	1.59433e+08	1.95283e+08	1.45819e+08	1.57633e+08	1.59774e+08	1.82749e+08	1.17375e+08	1.19809e+08	1.19523e+08	1.22032e+08	1.2558e+08	1.24449e+08
ERR605616	2.64203e+08	3.92204e+08	3.02755e+08	2.76428e+08	2.78816e+08	2.8132e+08	2.73142e+08	2.77554e+08	2.28642e+08	2.7622e+08	3.05676e+08	3.16774e+08	2.73142e+08	2.77554e+08	2.28642e+08	2.7622e+08	3.05676e+08	3.16774e+08	2.83009e+08	2.46147e+08	2.45346e+08	2.42102e+08	2.78036e+08	2.63329e+08	2.31211e+08	2.27208e+08	2.36119e+08	2.16238e+08	2.33931e+08	2.28574e+08	3.23084e+08	2.37878e+08	3.21458e+08	2.37102e+08	2.40772e+08	3.04633e+08	1.45894e+08	2.3253e+08	2.30424e+08	2.53062e+08	2.37589e+08	2.25324e+08	1.94763e+08	1.68236e+08	1.70593e+08	1.6717e+08	1.98036e+08	1.68483e+08	1.74068e+08	1.63004e+08	1.65595e+08	1.64846e+08	1.54118e+08	1.67143e+08	1.48213e+08	1.85101e+08	1.99931e+08	1.8834e+08	1.82844e+08	1.9863e+08	1.78946e+08	1.778e+08	1.67904e+08	1.50784e+08	1.67345e+08	1.31631e+08	1.5146e+08	1.68329e+08	1.76628e+08	1.74319e+08	1.66974e+08	1.84291e+08	1.16998e+08	1.26263e+08	1.04735e+08	1.26489e+08	1.02646e+08	1.31496e+08	1.71592e+08	1.97194e+08	1.71912e+08	1.70126e+08	1.57367e+08	2.12939e+08	1.64536e+08	2.0153e+08	1.50583e+08	1.62652e+08	1.64943e+08	1.89189e+08	1.21963e+08	1.24529e+08	1.2454e+08	1.26872e+08	1.30288e+08	1.29152e+08
ERR605611	2.92573e+08	3.02755e+08	4.73658e+08	3.07783e+08	3.0715e+08	3.13124e+08	3.04234e+08	3.1033e+08	2.53665e+08	3.08883e+08	3.40965e+08	3.54085e+08	3.04234e+08	3.1033e+08	2.53665e+08	3.08883e+08	3.40965e+08	3.54085e+08	3.19395e+08	2.77375e+08	2.76638e+08	2.72028e+08	3.13556e+08	2.9629e+08	2.59389e+08	2.54745e+08	2.6443e+08	2.42126e+08	2.62586e+08	2.56419e+08	3.61143e+08	2.65935e+08	3.6007e+08	2.65161e+08	2.69305e+08	3.40288e+08	1.61948e+08	2.60215e+08	2.57783e+08	2.84139e+08	2.66364e+08	2.52078e+08	2.2168e+08	1.90289e+08	1.92995e+08	1.8918e+08	2.25529e+08	1.9128e+08	1.96855e+08	1.84006e+08	1.87132e+08	1.86474e+08	1.73996e+08	1.88798e+08	1.6422e+08	2.06527e+08	2.22704e+08	2.0932e+08	2.04e+08	2.20778e+08	1.98756e+08	1.97656e+08	1.86387e+08	1.67241e+08	1.85692e+08	1.45514e+08	1.71674e+08	1.91648e+08	2.00881e+08	1.98348e+08	1.89475e+08	2.09409e+08	1.3412e+08	1.45105e+08	1.20098e+08	1.45368e+08	1.178e+08	1.51217e+08	1.9289e+08	2.21295e+08	1.93145e+08	1.9131e+08	1.76421e+08	2.40076e+08	1.84669e+08	2.26829e+08	1.68661e+08	1.8252e+08	1.85094e+08	2.12177e+08	1.38486e+08	1.41301e+08	1.41108e+08	1.43978e+08	1.48094e+08	1.46838e+08
ERR605613	2.67194e+08	2.76428e+08	3.07783e+08	4.02277e+08	2.80363e+08	2.85536e+08	2.7744e+08	2.8264e+08	2.32016e+08	2.81308e+08	3.10336e+08	3.22098e+08	2.7744e+08	2.8264e+08	2.32016e+08	2.81308e+08	3.10336e+08	3.22098e+08	2.88403e+08	2.50632e+08	2.49894e+08	2.45874e+08	2.83065e+08	2.67736e+08	2.34666e+08	2.30709e+08	2.39451e+08	2.19217e+08	2.37629e+08	2.32186e+08	3.28376e+08	2.42571e+08	3.27434e+08	2.41923e+08	2.45671e+08	3.09714e+08	1.47392e+08	2.35769e+08	2.3354e+08	2.57237e+08	2.41288e+08	2.28553e+08	1.98769e+08	1.70915e+08	1.73345e+08	1.69932e+08	2.0213e+08	1.71578e+08	1.77234e+08	1.65691e+08	1.68652e+08	1.67892e+08	1.56653e+08	1.69992e+08	1.49983e+08	1.87933e+08	2.02464e+08	1.90685e+08	1.8578e+08	2.01019e+08	1.81164e+08	1.80178e+08	1.70068e+08	1.52695e+08	1.69391e+08	1.33185e+08	1.53952e+08	1.71883e+08	1.80066e+08	1.77827e+08	1.70048e+08	1.87684e+08	1.20311e+08	1.30177e+08	1.07785e+08	1.30405e+08	1.05686e+08	1.35732e+08	1.74745e+08	2.0046e+08	1.74979e+08	1.73253e+08	1.60112e+08	2.17074e+08	1.67433e+08	2.05156e+08	1.53148e+08	1.65564e+08	1.67786e+08	1.92269e+08	1.24098e+08	1.26582e+08	1.26556e+08	1.28992e+08	1.32795e+08	1.31543e+08
ERR605615	2.67858e+08	2.78816e+08	3.0715e+08	2.80363e+08	4.02435e+08	2.85157e+08	2.76839e+08	2.81142e+08	2.31802e+08	2.79752e+08	3.09799e+08	3.21065e+08	2.76839e+08	2.81142e+08	2.31802e+08	2.79752e+08	3.09799e+08	3.21065e+08	2.87005e+08	2.49409e+08	2.48673e+08	2.4545e+08	2.81735e+08	2.66914e+08	2.34406e+08	2.30404e+08	2.39392e+08	2.19107e+08	2.37123e+08	2.31824e+08	3.27315e+08	2.40711e+08	3.2563e+08	2.39921e+08	2.43651e+08	3.08795e+08	1.48164e+08	2.36147e+08	2.33894e+08	2.56763e+08	2.41018e+08	2.28628e+08	1.97817e+08	1.71146e+08	1.73433e+08	1.70055e+08	2.01325e+08	1.71209e+08	1.76604e+08	1.65378e+08	1.67999e+08	1.67297e+08	1.56383e+08	1.69561e+08	1.50357e+08	1.87784e+08	2.02925e+08	1.91294e+08	1.85621e+08	2.01789e+08	1.81469e+08	1.80355e+08	1.70317e+08	1.52996e+08	1.69873e+08	1.33394e+08	1.54038e+08	1.71009e+08	1.79304e+08	1.77015e+08	1.69719e+08	1.87238e+08	1.18621e+08	1.28067e+08	1.06249e+08	1.28356e+08	1.04137e+08	1.3347e+08	1.7417e+08	2.00248e+08	1.74363e+08	1.727e+08	1.59712e+08	2.16152e+08	1.67091e+08	2.04577e+08	1.52818e+08	1.64984e+08	1.6737e+08	1.92084e+08	1.2394e+08	1.26471e+08	1.26655e+08	1.28987e+08	1.32448e+08	1.31242e+08
ERR605612	2.7148e+08	2.8132e+08	3.13124e+08	2.85536e+08	2.85157e+08	4.14038e+08	2.81738e+08	2.86999e+08	2.35418e+08	2.8577e+08	3.15525e+08	3.2737e+08	2.81738e+08	2.86999e+08	2.35418e+08	2.8577e+08	3.15525e+08	3.2737e+08	2.93844e+08	2.553e+08	2.54446e+08	2.5059e+08	2.8842e+08	2.72751e+08	2.3912e+08	2.34978e+08	2.43857e+08	2.23248e+08	2.42071e+08	2.36476e+08	3.3384e+08	2.46307e+08	3.32715e+08	2.4558e+08	2.49321e+08	3.14757e+08	1.50001e+08	2.40124e+08	2.37954e+08	2.61809e+08	2.45526e+08	2.32566e+08	2.02538e+08	1.74166e+08	1.76712e+08	1.73223e+08	2.06117e+08	1.74871e+08	1.80749e+08	1.68917e+08	1.71826e+08	1.71184e+08	1.5968e+08	1.7338e+08	1.52524e+08	1.91205e+08	2.06172e+08	1.93894e+08	1.88822e+08	2.04699e+08	1.84526e+08	1.83495e+08	1.7307e+08	1.55328e+08	1.72485e+08	1.35563e+08	1.57043e+08	1.75106e+08	1.83676e+08	1.81222e+08	1.73368e+08	1.91494e+08	1.22586e+08	1.32492e+08	1.09672e+08	1.32762e+08	1.07603e+08	1.38166e+08	1.77769e+08	2.04082e+08	1.78102e+08	1.76255e+08	1.62852e+08	2.21035e+08	1.7029e+08	2.08721e+08	1.55709e+08	1.68365e+08	1.70699e+08	1.95607e+08	1.26729e+08	1.29294e+08	1.29154e+08	1.31725e+08	1.35364e+08	1.34302e+08
ERR613390	2.6416e+08	2.73142e+08	3.04234e+08	2.7744e+08	2.76839e+08	2.81738e+08	5.01175e+08	3.66968e+08	2.9991e+08	3.65567e+08	4.02298e+08	4.17495e+08	5.01175e+08	3.66968e+08	2.9991e+08	3.65567e+08	4.02298e+08	4.17495e+08	3.31586e+08	2.87943e+08	2.8714e+08	2.82095e+08	3.25386e+08	3.07348e+08	2.66601e+08	2.61665e+08	2.71808e+08	2.48739e+08	2.69923e+08	2.6361e+08	3.72988e+08	2.75852e+08	3.71747e+08	2.74914e+08	2.79056e+08	3.51611e+08	1.56887e+08	2.5526e+08	2.5273e+08	2.79332e+08	2.61545e+08	2.47156e+08	2.37567e+08	2.03926e+08	2.06966e+08	2.02711e+08	2.41816e+08	2.04994e+08	2.07572e+08	1.9375e+08	1.97583e+08	1.96672e+08	1.83449e+08	1.9927e+08	1.6908e+08	2.12879e+08	2.29312e+08	2.15325e+08	2.10228e+08	2.2732e+08	2.02856e+08	2.01372e+08	1.90179e+08	1.70554e+08	1.89193e+08	1.48422e+08	1.85641e+08	2.07541e+08	2.17656e+08	2.14847e+08	2.05094e+08	2.2645e+08	1.46498e+08	1.58517e+08	1.31494e+08	1.58911e+08	1.28868e+08	1.65163e+08	2.04645e+08	2.34844e+08	2.04903e+08	2.02749e+08	1.87002e+08	2.5487e+08	1.94903e+08	2.39332e+08	1.77904e+08	1.92967e+08	1.95456e+08	2.23969e+08	1.48756e+08	1.5162e+08	1.51451e+08	1.54368e+08	1.59095e+08	1.57576e+08
ERR613393	2.69733e+08	2.77554e+08	3.1033e+08	2.8264e+08	2.81142e+08	2.86999e+08	3.66968e+08	5.21704e+08	3.07388e+08	3.77116e+08	4.11033e+08	4.2698e+08	3.66968e+08	5.21704e+08	3.07388e+08	3.77116e+08	4.11033e+08	4.2698e+08	3.42125e+08	2.97219e+08	2.96178e+08	2.90189e+08	3.35818e+08	3.16392e+08	2.73243e+08	2.681e+08	2.78127e+08	2.54559e+08	2.76736e+08	2.70016e+08	3.82213e+08	2.83724e+08	3.81686e+08	2.827e+08	2.86987e+08	3.60026e+08	1.59479e+08	2.61255e+08	2.58654e+08	2.86687e+08	2.68094e+08	2.52947e+08	2.44854e+08	2.0927e+08	2.12165e+08	2.07945e+08	2.49033e+08	2.10877e+08	2.13359e+08	1.98881e+08	2.03182e+08	2.02107e+08	1.883e+08	2.04766e+08	1.72313e+08	2.17852e+08	2.34022e+08	2.19228e+08	2.15054e+08	2.31579e+08	2.06957e+08	2.05687e+08	1.9406e+08	1.73981e+08	1.92766e+08	1.5119e+08	1.9051e+08	2.14244e+08	2.2459e+08	2.21614e+08	2.10789e+08	2.32851e+08	1.53378e+08	1.66343e+08	1.37604e+08	1.66667e+08	1.34821e+08	1.73181e+08	2.105e+08	2.41145e+08	2.10935e+08	2.0866e+08	1.9208e+08	2.62677e+08	2.0035e+08	2.46284e+08	1.8251e+08	1.98289e+08	2.00825e+08	2.29741e+08	1.53027e+08	1.55865e+08	1.55388e+08	1.58685e+08	1.63839e+08	1.62283e+08
ERR613394	2.21104e+08	2.28642e+08	2.53665e+08	2.32016e+08	2.31802e+08	2.35418e+08	2.9991e+08	3.07388e+08	3.66451e+08	3.06263e+08	3.35034e+08	3.46942e+08	2.9991e+08	3.07388e+08	3.66451e+08	3.06263e+08	3.35034e+08	3.46942e+08	2.73866e+08	2.38156e+08	2.37557e+08	2.33611e+08	2.68955e+08	2.54258e+08	2.20541e+08	2.16554e+08	2.24821e+08	2.06084e+08	2.23163e+08	2.18084e+08	3.10513e+08	2.3127e+08	3.09367e+08	2.30283e+08	2.33758e+08	2.93135e+08	1.30593e+08	2.10937e+08	2.08967e+08	2.30466e+08	2.16073e+08	2.04444e+08	1.92723e+08	1.65873e+08	1.68089e+08	1.64767e+08	1.96079e+08	1.66416e+08	1.68782e+08	1.57645e+08	1.60588e+08	1.59844e+08	1.49187e+08	1.62001e+08	1.41249e+08	1.76834e+08	1.90229e+08	1.78871e+08	1.74712e+08	1.88729e+08	1.6886e+08	1.67544e+08	1.58567e+08	1.42533e+08	1.57648e+08	1.24483e+08	1.50899e+08	1.68666e+08	1.76898e+08	1.74511e+08	1.66603e+08	1.83913e+08	1.19699e+08	1.29458e+08	1.0745e+08	1.29676e+08	1.053e+08	1.34787e+08	1.69391e+08	1.94053e+08	1.69518e+08	1.67727e+08	1.54974e+08	2.10172e+08	1.61693e+08	1.97648e+08	1.47751e+08	1.59993e+08	1.62042e+08	1.85286e+08	1.2095e+08	1.23242e+08	1.23087e+08	1.25512e+08	1.29343e+08	1.27883e+08
ERR613392	2.6837e+08	2.7622e+08	3.08883e+08	2.81308e+08	2.79752e+08	2.8577e+08	3.65567e+08	3.77116e+08	3.06263e+08	5.18423e+08	4.09535e+08	4.25406e+08	3.65567e+08	3.77116e+08	3.06263e+08	5.18423e+08	4.09535e+08	4.25406e+08	3.40848e+08	2.96018e+08	2.95078e+08	2.88941e+08	3.34501e+08	3.14992e+08	2.72166e+08	2.6695e+08	2.77013e+08	2.53464e+08	2.75612e+08	2.68889e+08	3.80946e+08	2.82997e+08	3.80393e+08	2.81986e+08	2.86295e+08	3.58805e+08	1.58794e+08	2.60035e+08	2.57526e+08	2.85411e+08	2.67155e+08	2.51855e+08	2.43778e+08	2.08026e+08	2.11152e+08	2.06798e+08	2.47963e+08	2.09868e+08	2.12258e+08	1.97858e+08	2.02143e+08	2.01191e+08	1.87417e+08	2.0378e+08	1.71563e+08	2.16917e+08	2.33104e+08	2.18276e+08	2.14343e+08	2.30525e+08	2.06105e+08	2.04792e+08	1.93263e+08	1.73353e+08	1.92043e+08	1.50635e+08	1.89565e+08	2.13238e+08	2.2351e+08	2.20618e+08	2.09818e+08	2.31946e+08	1.52946e+08	1.65947e+08	1.37239e+08	1.66184e+08	1.34434e+08	1.72787e+08	2.09669e+08	2.40133e+08	2.09866e+08	2.07804e+08	1.9137e+08	2.6164e+08	1.99609e+08	2.45268e+08	1.81802e+08	1.97623e+08	2.00056e+08	2.28817e+08	1.52466e+08	1.55193e+08	1.54688e+08	1.5791e+08	1.6304e+08	1.61488e+08
ERR613391	2.95369e+08	3.05676e+08	3.40965e+08	3.10336e+08	3.09799e+08	3.15525e+08	4.02298e+08	4.11033e+08	3.35034e+08	4.09535e+08	6.13148e+08	4.68262e+08	4.02298e+08	4.11033e+08	3.35034e+08	4.09535e+08	6.13148e+08	4.68262e+08	3.73507e+08	3.24178e+08	3.23217e+08	3.17502e+08	3.66585e+08	3.46031e+08	3.00042e+08	2.94481e+08	3.05948e+08	2.79746e+08	3.03651e+08	2.96422e+08	4.18621e+08	3.08433e+08	4.17339e+08	3.07266e+08	3.12077e+08	3.94385e+08	1.76466e+08	2.87758e+08	2.85096e+08	3.14849e+08	2.94753e+08	2.78755e+08	2.70897e+08	2.32738e+08	2.35981e+08	2.3132e+08	2.7575e+08	2.33831e+08	2.36217e+08	2.20561e+08	2.24767e+08	2.23639e+08	2.08724e+08	2.26617e+08	1.89659e+08	2.39428e+08	2.58171e+08	2.42106e+08	2.36473e+08	2.56003e+08	2.2775e+08	2.26232e+08	2.13451e+08	1.91153e+08	2.1231e+08	1.65986e+08	2.11738e+08	2.36818e+08	2.48383e+08	2.44921e+08	2.33872e+08	2.58298e+08	1.66515e+08	1.80203e+08	1.49353e+08	1.80589e+08	1.46267e+08	1.87508e+08	2.30955e+08	2.65494e+08	2.31173e+08	2.28818e+08	2.10944e+08	2.88055e+08	2.19678e+08	2.70251e+08	2.00269e+08	2.17311e+08	2.20258e+08	2.5276e+08	1.69744e+08	1.7304e+08	1.72764e+08	1.76092e+08	1.81539e+08	1.79782e+08
ERR613389	3.06774e+08	3.16774e+08	3.54085e+08	3.22098e+08	3.21065e+08	3.2737e+08	4.17495e+08	4.2698e+08	3.46942e+08	4.25406e+08	4.68262e+08	6.55612e+08	4.17495e+08	4.2698e+08	3.46942e+08	4.25406e+08	4.68262e+08	6.55612e+08	3.90111e+08	3.38562e+08	3.3745e+08	3.31115e+08	3.8295e+08	3.61182e+08	3.12247e+08	3.06293e+08	3.18292e+08	2.91008e+08	3.16232e+08	3.08609e+08	4.35701e+08	3.21286e+08	4.3466e+08	3.20058e+08	3.25161e+08	4.10182e+08	1.8306e+08	2.99428e+08	2.9647e+08	3.28302e+08	3.07041e+08	2.89924e+08	2.84478e+08	2.43774e+08	2.47283e+08	2.42225e+08	2.89421e+08	2.45342e+08	2.47435e+08	2.30712e+08	2.35436e+08	2.34323e+08	2.18364e+08	2.3741e+08	1.97184e+08	2.49691e+08	2.68942e+08	2.51986e+08	2.4656e+08	2.66381e+08	2.37261e+08	2.35659e+08	2.22273e+08	1.99003e+08	2.20861e+08	1.72631e+08	2.21862e+08	2.48645e+08	2.60622e+08	2.57184e+08	2.45148e+08	2.71014e+08	1.7559e+08	1.90249e+08	1.57471e+08	1.90603e+08	1.54354e+08	1.98034e+08	2.41641e+08	2.77593e+08	2.41974e+08	2.39554e+08	2.20585e+08	3.01975e+08	2.2999e+08	2.83109e+08	2.09335e+08	2.27398e+08	2.30508e+08	2.64359e+08	1.78222e+08	1.81552e+08	1.81063e+08	1.84821e+08	1.90711e+08	1.88663e+08
ERR613390	2.6416e+08	2.73142e+08	3.04234e+08	2.7744e+08	2.76839e+08	2.81738e+08	5.01175e+08	3.66968e+08	2.9991e+08	3.65567e+08	4.02298e+08	4.17495e+08	5.01175e+08	3.66968e+08	2.9991e+08	3.65567e+08	4.02298e+08	4.17495e+08	3.31586e+08	2.87943e+08	2.8714e+08	2.82095e+08	3.25386e+08	3.07348e+08	2.66601e+08	2.61665e+08	2.71808e+08	2.48739e+08	2.69923e+08	2.6361e+08	3.72988e+08	2.75852e+08	3.71747e+08	2.74914e+08	2.79056e+08	3.51611e+08	1.56887e+08	2.5526e+08	2.5273e+08	2.79332e+08	2.61545e+08	2.47156e+08	2.37567e+08	2.03926e+08	2.06966e+08	2.02711e+08	2.41816e+08	2.04994e+08	2.07572e+08	1.9375e+08	1.97583e+08	1.96672e+08	1.83449e+08	1.9927e+08	1.6908e+08	2.12879e+08	2.29312e+08	2.15325e+08	2.10228e+08	2.2732e+08	2.02856e+08	2.01372e+08	1.90179e+08	1.70554e+08	1.89193e+08	1.48422e+08	1.85641e+08	2.07541e+08	2.17656e+08	2.14847e+08	2.05094e+08	2.2645e+08	1.46498e+08	1.58517e+08	1.31494e+08	1.58911e+08	1.28868e+08	1.65163e+08	2.04645e+08	2.34844e+08	2.04903e+08	2.02749e+08	1.87002e+08	2.5487e+08	1.94903e+08	2.39332e+08	1.77904e+08	1.92967e+08	1.95456e+08	2.23969e+08	1.48756e+08	1.5162e+08	1.51451e+08	1.54368e+08	1.59095e+08	1.57576e+08
ERR613393	2.69733e+08	2.77554e+08	3.1033e+08	2.8264e+08	2.81142e+08	2.86999e+08	3.66968e+08	5.21704e+08	3.07388e+08	3.77116e+08	4.11033e+08	4.2698e+08	3.66968e+08	5.21704e+08	3.07388e+08	3.77116e+08	4.11033e+08	4.2698e+08	3.42125e+08	2.97219e+08	2.96178e+08	2.90189e+08	3.35818e+08	3.16392e+08	2.73243e+08	2.681e+08	2.78127e+08	2.54559e+08	2.76736e+08	2.70016e+08	3.82213e+08	2.83724e+08	3.81686e+08	2.827e+08	2.86987e+08	3.60026e+08	1.59479e+08	2.61255e+08	2.58654e+08	2.86687e+08	2.68094e+08	2.52947e+08	2.44854e+08	2.0927e+08	2.12165e+08	2.07945e+08	2.49033e+08	2.10877e+08	2.13359e+08	1.98881e+08	2.03182e+08	2.02107e+08	1.883e+08	2.04766e+08	1.72313e+08	2.17852e+08	2.34022e+08	2.19228e+08	2.15054e+08	2.31579e+08	2.06957e+08	2.05687e+08	1.9406e+08	1.73981e+08	1.92766e+08	1.5119e+08	1.9051e+08	2.14244e+08	2.2459e+08	2.21614e+08	2.10789e+08	2.32851e+08	1.53378e+08	1.66343e+08	1.37604e+08	1.66667e+08	1.34821e+08	1.73181e+08	2.105e+08	2.41145e+08	2.10935e+08	2.0866e+08	1.9208e+08	2.62677e+08	2.0035e+08	2.46284e+08	1.8251e+08	1.98289e+08	2.00825e+08	2.29741e+08	1.53027e+08	1.55865e+08	1.55388e+08	1.58685e+08	1.63839e+08	1.62283e+08
ERR613394	2.21104e+08	2.28642e+08	2.53665e+08	2.32016e+08	2.31802e+08	2.35418e+08	2.9991e+08	3.07388e+08	3.66451e+08	3.06263e+08	3.35034e+08	3.46942e+08	2.9991e+08	3.07388e+08	3.66451e+08	3.06263e+08	3.35034e+08	3.46942e+08	2.73866e+08	2.38156e+08	2.37557e+08	2.33611e+08	2.68955e+08	2.54258e+08	2.20541e+08	2.16554e+08	2.24821e+08	2.06084e+08	2.23163e+08	2.18084e+08	3.10513e+08	2.3127e+08	3.09367e+08	2.30283e+08	2.33758e+08	2.93135e+08	1.30593e+08	2.10937e+08	2.08967e+08	2.30466e+08	2.16073e+08	2.04444e+08	1.92723e+08	1.65873e+08	1.68089e+08	1.64767e+08	1.96079e+08	1.66416e+08	1.68782e+08	1.57645e+08	1.60588e+08	1.59844e+08	1.49187e+08	1.62001e+08	1.41249e+08	1.76834e+08	1.90229e+08	1.78871e+08	1.74712e+08	1.88729e+08	1.6886e+08	1.67544e+08	1.58567e+08	1.42533e+08	1.57648e+08	1.24483e+08	1.50899e+08	1.68666e+08	1.76898e+08	1.74511e+08	1.66603e+08	1.83913e+08	1.19699e+08	1.29458e+08	1.0745e+08	1.29676e+08	1.053e+08	1.34787e+08	1.69391e+08	1.94053e+08	1.69518e+08	1.67727e+08	1.54974e+08	2.10172e+08	1.61693e+08	1.97648e+08	1.47751e+08	1.59993e+08	1.62042e+08	1.85286e+08	1.2095e+08	1.23242e+08	1.23087e+08	1.25512e+08	1.29343e+08	1.27883e+08
ERR613392	2.6837e+08	2.7622e+08	3.08883e+08	2.81308e+08	2.79752e+08	2.8577e+08	3.65567e+08	3.77116e+08	3.06263e+08	5.18423e+08	4.09535e+08	4.25406e+08	3.65567e+08	3.77116e+08	3.06263e+08	5.18423e+08	4.09535e+08	4.25406e+08	3.40848e+08	2.96018e+08	2.95078e+08	2.88941e+08	3.34501e+08	3.14992e+08	2.72166e+08	2.6695e+08	2.77013e+08	2.53464e+08	2.75612e+08	2.68889e+08	3.80946e+08	2.82997e+08	3.80393e+08	2.81986e+08	2.86295e+08	3.58805e+08	1.58794e+08	2.60035e+08	2.57526e+08	2.85411e+08	2.67155e+08	2.51855e+08	2.43778e+08	2.08026e+08	2.11152e+08	2.06798e+08	2.47963e+08	2.09868e+08	2.12258e+08	1.97858e+08	2.02143e+08	2.01191e+08	1.87417e+08	2.0378e+08	1.71563e+08	2.16917e+08	2.33104e+08	2.18276e+08	2.14343e+08	2.30525e+08	2.06105e+08	2.04792e+08	1.93263e+08	1.73353e+08	1.92043e+08	1.50635e+08	1.89565e+08	2.13238e+08	2.2351e+08	2.20618e+08	2.09818e+08	2.31946e+08	1.52946e+08	1.65947e+08	1.37239e+08	1.66184e+08	1.34434e+08	1.72787e+08	2.09669e+08	2.40133e+08	2.09866e+08	2.07804e+08	1.9137e+08	2.6164e+08	1.99609e+08	2.45268e+08	1.81802e+08	1.97623e+08	2.00056e+08	2.28817e+08	1.52466e+08	1.55193e+08	1.54688e+08	1.5791e+08	1.6304e+08	1.61488e+08
ERR613391	2.95369e+08	3.05676e+08	3.40965e+08	3.10336e+08	3.09799e+08	3.15525e+08	4.02298e+08	4.11033e+08	3.35034e+08	4.09535e+08	6.13148e+08	4.68262e+08	4.02298e+08	4.11033e+08	3.35034e+08	4.09535e+08	6.13148e+08	4.68262e+08	3.73507e+08	3.24178e+08	3.23217e+08	3.17502e+08	3.66585e+08	3.46031e+08	3.00042e+08	2.94481e+08	3.05948e+08	2.79746e+08	3.03651e+08	2.96422e+08	4.18621e+08	3.08433e+08	4.17339e+08	3.07266e+08	3.12077e+08	3.94385e+08	1.76466e+08	2.87758e+08	2.85096e+08	3.14849e+08	2.94753e+08	2.78755e+08	2.70897e+08	2.32738e+08	2.35981e+08	2.3132e+08	2.7575e+08	2.33831e+08	2.36217e+08	2.20561e+08	2.24767e+08	2.23639e+08	2.08724e+08	2.26617e+08	1.89659e+08	2.39428e+08	2.58171e+08	2.42106e+08	2.36473e+08	2.56003e+08	2.2775e+08	2.26232e+08	2.13451e+08	1.91153e+08	2.1231e+08	1.65986e+08	2.11738e+08	2.36818e+08	2.48383e+08	2.44921e+08	2.33872e+08	2.58298e+08	1.66515e+08	1.80203e+08	1.49353e+08	1.80589e+08	1.46267e+08	1.87508e+08	2.30955e+08	2.65494e+08	2.31173e+08	2.28818e+08	2.10944e+08	2.88055e+08	2.19678e+08	2.70251e+08	2.00269e+08	2.17311e+08	2.20258e+08	2.5276e+08	1.69744e+08	1.7304e+08	1.72764e+08	1.76092e+08	1.81539e+08	1.79782e+08
ERR613389	3.06774e+08	3.16774e+08	3.54085e+08	3.22098e+08	3.21065e+08	3.2737e+08	4.17495e+08	4.2698e+08	3.46942e+08	4.25406e+08	4.68262e+08	6.55612e+08	4.17495e+08	4.2698e+08	3.46942e+08	4.25406e+08	4.68262e+08	6.55612e+08	3.90111e+08	3.38562e+08	3.3745e+08	3.31115e+08	3.8295e+08	3.61182e+08	3.12247e+08	3.06293e+08	3.18292e+08	2.91008e+08	3.16232e+08	3.08609e+08	4.35701e+08	3.21286e+08	4.3466e+08	3.20058e+08	3.25161e+08	4.10182e+08	1.8306e+08	2.99428e+08	2.9647e+08	3.28302e+08	3.07041e+08	2.89924e+08	2.84478e+08	2.43774e+08	2.47283e+08	2.42225e+08	2.89421e+08	2.45342e+08	2.47435e+08	2.30712e+08	2.35436e+08	2.34323e+08	2.18364e+08	2.3741e+08	1.97184e+08	2.49691e+08	2.68942e+08	2.51986e+08	2.4656e+08	2.66381e+08	2.37261e+08	2.35659e+08	2.22273e+08	1.99003e+08	2.20861e+08	1.72631e+08	2.21862e+08	2.48645e+08	2.60622e+08	2.57184e+08	2.45148e+08	2.71014e+08	1.7559e+08	1.90249e+08	1.57471e+08	1.90603e+08	1.54354e+08	1.98034e+08	2.41641e+08	2.77593e+08	2.41974e+08	2.39554e+08	2.20585e+08	3.01975e+08	2.2999e+08	2.83109e+08	2.09335e+08	2.27398e+08	2.30508e+08	2.64359e+08	1.78222e+08	1.81552e+08	1.81063e+08	1.84821e+08	1.90711e+08	1.88663e+08
ERR617527	2.75304e+08	2.83009e+08	3.19395e+08	2.88403e+08	2.87005e+08	2.93844e+08	3.31586e+08	3.42125e+08	2.73866e+08	3.40848e+08	3.73507e+08	3.90111e+08	3.31586e+08	3.42125e+08	2.73866e+08	3.40848e+08	3.73507e+08	3.90111e+08	6.58307e+08	4.21797e+08	4.20563e+08	4.10817e+08	4.76921e+08	4.48407e+08	3.28215e+08	3.21836e+08	3.33925e+08	3.05118e+08	3.32577e+08	3.24032e+08	4.06068e+08	2.96372e+08	4.05589e+08	2.95288e+08	3.00189e+08	3.80919e+08	1.86195e+08	3.03859e+08	3.00803e+08	3.34102e+08	3.12426e+08	2.94549e+08	2.87426e+08	2.4552e+08	2.49054e+08	2.44068e+08	2.92235e+08	2.47383e+08	2.38071e+08	2.2153e+08	2.26955e+08	2.25924e+08	2.09865e+08	2.28534e+08	1.72174e+08	2.21107e+08	2.38311e+08	2.2259e+08	2.18478e+08	2.35515e+08	2.09956e+08	2.08648e+08	1.96238e+08	1.7496e+08	1.94727e+08	1.50802e+08	2.19506e+08	2.47013e+08	2.58853e+08	2.55528e+08	2.43244e+08	2.68378e+08	1.78401e+08	1.94165e+08	1.60224e+08	1.9432e+08	1.57059e+08	2.01856e+08	2.25872e+08	2.59736e+08	2.26242e+08	2.24034e+08	2.05718e+08	2.84405e+08	2.13572e+08	2.64678e+08	1.93464e+08	2.10834e+08	2.13634e+08	2.45451e+08	1.77057e+08	1.80602e+08	1.79704e+08	1.84015e+08	1.89975e+08	1.87988e+08
ERR617525	2.39247e+08	2.46147e+08	2.77375e+08	2.50632e+08	2.49409e+08	2.553e+08	2.87943e+08	2.97219e+08	2.38156e+08	2.96018e+08	3.24178e+08	3.38562e+08	2.87943e+08	2.97219e+08	2.38156e+08	2.96018e+08	3.24178e+08	3.38562e+08	4.21797e+08	5.19299e+08	3.68134e+08	3.59789e+08	4.14305e+08	3.90084e+08	2.85877e+08	2.80508e+08	2.90932e+08	2.66167e+08	2.8982e+08	2.82335e+08	3.51709e+08	2.56837e+08	3.51078e+08	2.55889e+08	2.60137e+08	3.29822e+08	1.6254e+08	2.64516e+08	2.61869e+08	2.90555e+08	2.71857e+08	2.56314e+08	2.48285e+08	2.1231e+08	2.15321e+08	2.10903e+08	2.52546e+08	2.13986e+08	2.05869e+08	1.9169e+08	1.96351e+08	1.95283e+08	1.81677e+08	1.97637e+08	1.48703e+08	1.90954e+08	2.05944e+08	1.9223e+08	1.88551e+08	2.03514e+08	1.81158e+08	1.80232e+08	1.69406e+08	1.51019e+08	1.6817e+08	1.30065e+08	1.89871e+08	2.13321e+08	2.23693e+08	2.20851e+08	2.10221e+08	2.32008e+08	1.54056e+08	1.67518e+08	1.3833e+08	1.67655e+08	1.3576e+08	1.74082e+08	1.94919e+08	2.24175e+08	1.95332e+08	1.93344e+08	1.7752e+08	2.45227e+08	1.84354e+08	2.28594e+08	1.67138e+08	1.8195e+08	1.8456e+08	2.11874e+08	1.53234e+08	1.56275e+08	1.55549e+08	1.5911e+08	1.64147e+08	1.62594e+08
ERR617524	2.3849e+08	2.45346e+08	2.76638e+08	2.49894e+08	2.48673e+08	2.54446e+08	2.8714e+08	2.96178e+08	2.37557e+08	2.95078e+08	3.23217e+08	3.3745e+08	2.8714e+08	2.96178e+08	2.37557e+08	2.95078e+08	3.23217e+08	3.3745e+08	4.20563e+08	3.68134e+08	5.15458e+08	3.58397e+08	4.13056e+08	3.88807e+08	2.8502e+08	2.79513e+08	2.90138e+08	2.65295e+08	2.88836e+08	2.8139e+08	3.50852e+08	2.56207e+08	3.50296e+08	2.55154e+08	2.59473e+08	3.2908e+08	1.61974e+08	2.6346e+08	2.6088e+08	2.89439e+08	2.70811e+08	2.55466e+08	2.47131e+08	2.11323e+08	2.14318e+08	2.10005e+08	2.51326e+08	2.12992e+08	2.05108e+08	1.90826e+08	1.95622e+08	1.94508e+08	1.80926e+08	1.96981e+08	1.48225e+08	1.90325e+08	2.05379e+08	1.91627e+08	1.87914e+08	2.02836e+08	1.80656e+08	1.79623e+08	1.68928e+08	1.50585e+08	1.67609e+08	1.2976e+08	1.89023e+08	2.1268e+08	2.22735e+08	2.19991e+08	2.09322e+08	2.31089e+08	1.53481e+08	1.67067e+08	1.37965e+08	1.67052e+08	1.35255e+08	1.73466e+08	1.944e+08	2.23524e+08	1.94695e+08	1.92794e+08	1.76976e+08	2.4464e+08	1.83909e+08	2.27818e+08	1.6667e+08	1.81534e+08	1.8402e+08	2.11323e+08	1.52568e+08	1.55588e+08	1.54986e+08	1.58514e+08	1.63648e+08	1.6183e+08
ERR617523	2.34483e+08	2.42102e+08	2.72028e+08	2.45874e+08	2.4545e+08	2.5059e+08	2.82095e+08	2.90189e+08	2.33611e+08	2.88941e+08	3.17502e+08	3.31115e+08	2.82095e+08	2.90189e+08	2.33611e+08	2.88941e+08	3.17502e+08	3.31115e+08	4.10817e+08	3.59789e+08	3.58397e+08	4.97437e+08	4.03239e+08	3.80399e+08	2.79714e+08	2.74789e+08	2.85049e+08	2.6072e+08	2.83426e+08	2.76411e+08	3.43684e+08	2.50364e+08	3.42633e+08	2.49334e+08	2.53412e+08	3.22438e+08	1.6001e+08	2.5903e+08	2.56664e+08	2.84067e+08	2.65974e+08	2.51247e+08	2.41966e+08	2.07653e+08	2.10608e+08	2.0632e+08	2.45977e+08	2.08681e+08	2.00632e+08	1.87175e+08	1.91334e+08	1.90407e+08	1.77174e+08	1.92589e+08	1.45817e+08	1.86705e+08	2.01797e+08	1.88654e+08	1.84316e+08	1.99597e+08	1.77566e+08	1.76494e+08	1.65903e+08	1.48016e+08	1.64847e+08	1.27605e+08	1.85577e+08	2.0787e+08	2.17789e+08	2.15068e+08	2.05163e+08	2.26422e+08	1.47977e+08	1.60619e+08	1.32975e+08	1.60781e+08	1.30252e+08	1.66826e+08	1.90256e+08	2.19046e+08	1.90599e+08	1.88581e+08	1.73373e+08	2.3898e+08	1.8001e+08	2.22797e+08	1.63338e+08	1.77674e+08	1.80245e+08	2.07291e+08	1.49404e+08	1.52425e+08	1.52107e+08	1.55311e+08	1.60054e+08	1.58415e+08
ERR617526	2.70236e+08	2.78036e+08	3.13556e+08	2.83065e+08	2.81735e+08	2.8842e+08	3.25386e+08	3.35818e+08	2.68955e+08	3.34501e+08	3.66585e+08	3.8295e+08	3.25386e+08	3.35818e+08	2.68955e+08	3.34501e+08	3.66585e+08	3.8295e+08	4.76921e+08	4.14305e+08	4.13056e+08	4.03239e+08	6.37131e+08	4.40451e+08	3.22126e+08	3.161e+08	3.27911e+08	2.99631e+08	3.26606e+08	3.18152e+08	3.98568e+08	2.90865e+08	3.97941e+08	2.89681e+08	2.94574e+08	3.73735e+08	1.83007e+08	2.98486e+08	2.95546e+08	3.28203e+08	3.06855e+08	2.89332e+08	2.82e+08	2.40973e+08	2.44404e+08	2.39341e+08	2.86615e+08	2.42727e+08	2.33704e+08	2.17444e+08	2.22764e+08	2.21631e+08	2.06136e+08	2.24275e+08	1.68947e+08	2.17051e+08	2.33958e+08	2.18386e+08	2.14315e+08	2.30955e+08	2.06053e+08	2.04838e+08	1.926e+08	1.71698e+08	1.91163e+08	1.47926e+08	2.15356e+08	2.42256e+08	2.54094e+08	2.50766e+08	2.38596e+08	2.63465e+08	1.74778e+08	1.90131e+08	1.56927e+08	1.90322e+08	1.53862e+08	1.97616e+08	2.21581e+08	2.54735e+08	2.21942e+08	2.19667e+08	2.01795e+08	2.78851e+08	2.09536e+08	2.59733e+08	1.89842e+08	2.0684e+08	2.09732e+08	2.40906e+08	1.73879e+08	1.77216e+08	1.76425e+08	1.80649e+08	1.86361e+08	1.84441e+08
ERR617528	2.55228e+08	2.63329e+08	2.9629e+08	2.67736e+08	2.66914e+08	2.72751e+08	3.07348e+08	3.16392e+08	2.54258e+08	3.14992e+08	3.46031e+08	3.61182e+08	3.07348e+08	3.16392e+08	2.54258e+08	3.14992e+08	3.46031e+08	3.61182e+08	4.48407e+08	3.90084e+08	3.88807e+08	3.80399e+08	4.40451e+08	5.7326e+08	3.04236e+08	2.98437e+08	3.09898e+08	2.83111e+08	3.08154e+08	3.00472e+08	3.74938e+08	2.7318e+08	3.73944e+08	2.72037e+08	2.76509e+08	3.51741e+08	1.73661e+08	2.82071e+08	2.79207e+08	3.0942e+08	2.8951e+08	2.73499e+08	2.64157e+08	2.26516e+08	2.2957e+08	2.24969e+08	2.68519e+08	2.27747e+08	2.1914e+08	2.04147e+08	2.08907e+08	2.0769e+08	1.93355e+08	2.10262e+08	1.59231e+08	2.04085e+08	2.20407e+08	2.05878e+08	2.01504e+08	2.17841e+08	1.93792e+08	1.927e+08	1.81185e+08	1.61604e+08	1.80029e+08	1.3937e+08	2.02365e+08	2.26997e+08	2.37984e+08	2.34972e+08	2.2399e+08	2.47121e+08	1.62114e+08	1.7613e+08	1.45714e+08	1.76453e+08	1.42726e+08	1.83106e+08	2.07958e+08	2.3938e+08	2.08377e+08	2.06156e+08	1.89409e+08	2.61418e+08	1.96667e+08	2.43526e+08	1.78423e+08	1.94155e+08	1.96943e+08	2.26344e+08	1.63087e+08	1.66271e+08	1.65751e+08	1.69591e+08	1.74718e+08	1.72916e+08
ERR636768	2.2346e+08	2.31211e+08	2.59389e+08	2.34666e+08	2.34406e+08	2.3912e+08	2.66601e+08	2.73243e+08	2.20541e+08	2.72166e+08	3.00042e+08	3.12247e+08	2.66601e+08	2.73243e+08	2.20541e+08	2.72166e+08	3.00042e+08	3.12247e+08	3.28215e+08	2.85877e+08	2.8502e+08	2.79714e+08	3.22126e+08	3.04236e+08	4.23248e+08	2.91601e+08	3.01042e+08	2.76423e+08	2.99296e+08	2.93488e+08	3.21316e+08	2.33895e+08	3.20446e+08	2.32861e+08	2.3689e+08	3.0211e+08	1.55671e+08	2.49804e+08	2.47257e+08	2.72796e+08	2.55811e+08	2.42201e+08	2.1267e+08	1.82431e+08	1.84956e+08	1.81243e+08	2.16255e+08	1.83434e+08	1.88495e+08	1.7613e+08	1.7956e+08	1.78793e+08	1.66684e+08	1.8095e+08	1.29e+08	1.66635e+08	1.81071e+08	1.68727e+08	1.64397e+08	1.79581e+08	1.60498e+08	1.59802e+08	1.49603e+08	1.32529e+08	1.4898e+08	1.13426e+08	1.63099e+08	1.82399e+08	1.91365e+08	1.88912e+08	1.80401e+08	1.991e+08	1.22425e+08	1.33208e+08	1.10083e+08	1.3342e+08	1.07622e+08	1.38394e+08	1.60897e+08	1.8662e+08	1.61161e+08	1.59435e+08	1.46058e+08	2.03868e+08	1.52252e+08	1.89717e+08	1.37526e+08	1.49923e+08	1.52286e+08	1.76326e+08	1.31297e+08	1.33839e+08	1.3372e+08	1.36523e+08	1.40565e+08	1.3912e+08
ERR636766	2.19608e+08	2.27208e+08	2.54745e+08	2.30709e+08	2.30404e+08	2.34978e+08	2.61665e+08	2.681e+08	2.16554e+08	2.6695e+08	2.94481e+08	3.06293e+08	2.61665e+08	2.681e+08	2.16554e+08	2.6695e+08	2.94481e+08	3.06293e+08	3.21836e+08	2.80508e+08	2.79513e+08	2.74789e+08	3.161e+08	2.98437e+08	2.91601e+08	4.10224e+08	2.95763e+08	2.71555e+08	2.93748e+08	2.88287e+08	3.1518e+08	2.29429e+08	3.14266e+08	2.28489e+08	2.32314e+08	2.9652e+08	1.53109e+08	2.4549e+08	2.42786e+08	2.67902e+08	2.51185e+08	2.37952e+08	2.07993e+08	1.7865e+08	1.81236e+08	1.77524e+08	2.116e+08	1.79464e+08	1.84859e+08	1.72761e+08	1.7583e+08	1.75218e+08	1.63432e+08	1.77388e+08	1.26393e+08	1.63308e+08	1.77449e+08	1.65594e+08	1.6106e+08	1.7601e+08	1.57367e+08	1.56586e+08	1.4667e+08	1.29935e+08	1.46132e+08	1.11157e+08	1.59659e+08	1.78707e+08	1.87385e+08	1.84808e+08	1.76567e+08	1.94986e+08	1.19658e+08	1.29984e+08	1.07563e+08	1.30241e+08	1.05138e+08	1.35166e+08	1.57685e+08	1.82753e+08	1.57988e+08	1.56108e+08	1.43133e+08	1.99635e+08	1.49099e+08	1.85643e+08	1.34583e+08	1.46826e+08	1.49134e+08	1.72599e+08	1.28529e+08	1.31107e+08	1.3087e+08	1.33686e+08	1.37575e+08	1.36324e+08
ERR636765	2.27838e+08	2.36119e+08	2.6443e+08	2.39451e+08	2.39392e+08	2.43857e+08	2.71808e+08	2.78127e+08	2.24821e+08	2.77013e+08	3.05948e+08	3.18292e+08	2.71808e+08	2.78127e+08	2.24821e+08	2.77013e+08	3.05948e+08	3.18292e+08	3.33925e+08	2.90932e+08	2.90138e+08	2.85049e+08	3.27911e+08	3.09898e+08	3.01042e+08	2.95763e+08	4.37293e+08	2.82313e+08	3.05613e+08	2.97712e+08	3.27902e+08	2.38132e+08	3.26887e+08	2.37178e+08	2.41167e+08	3.08434e+08	1.59171e+08	2.55026e+08	2.52267e+08	2.78373e+08	2.61049e+08	2.47229e+08	2.17093e+08	1.86762e+08	1.8946e+08	1.85582e+08	2.20843e+08	1.87435e+08	1.92712e+08	1.80122e+08	1.83384e+08	1.82574e+08	1.70346e+08	1.84733e+08	1.3199e+08	1.70276e+08	1.85102e+08	1.72901e+08	1.68027e+08	1.83827e+08	1.63917e+08	1.63005e+08	1.52782e+08	1.35344e+08	1.52318e+08	1.15865e+08	1.67012e+08	1.86326e+08	1.95462e+08	1.9303e+08	1.84615e+08	2.03563e+08	1.24107e+08	1.34831e+08	1.11623e+08	1.35199e+08	1.09082e+08	1.40106e+08	1.64317e+08	1.90827e+08	1.6468e+08	1.62819e+08	1.49245e+08	2.08249e+08	1.55434e+08	1.93732e+08	1.40564e+08	1.53145e+08	1.55541e+08	1.80371e+08	1.34284e+08	1.37071e+08	1.36889e+08	1.39662e+08	1.43724e+08	1.42237e+08
ERR636763	2.08712e+08	2.16238e+08	2.42126e+08	2.19217e+08	2.19107e+08	2.23248e+08	2.48739e+08	2.54559e+08	2.06084e+08	2.53464e+08	2.79746e+08	2.91008e+08	2.48739e+08	2.54559e+08	2.06084e+08	2.53464e+08	2.79746e+08	2.91008e+08	3.05118e+08	2.66167e+08	2.65295e+08	2.6072e+08	2.99631e+08	2.83111e+08	2.76423e+08	2.71555e+08	2.82313e+08	3.76553e+08	2.80396e+08	2.73293e+08	2.99258e+08	2.17991e+08	2.98547e+08	2.17091e+08	2.20712e+08	2.81798e+08	1.4604e+08	2.33352e+08	2.30884e+08	2.54767e+08	2.39054e+08	2.26417e+08	1.96398e+08	1.68794e+08	1.71131e+08	1.67761e+08	1.9971e+08	1.69472e+08	1.75456e+08	1.63916e+08	1.66882e+08	1.66163e+08	1.55124e+08	1.68297e+08	1.20071e+08	1.54817e+08	1.68232e+08	1.57017e+08	1.52769e+08	1.67005e+08	1.49538e+08	1.48715e+08	1.39346e+08	1.23393e+08	1.38799e+08	1.05642e+08	1.50917e+08	1.68666e+08	1.76789e+08	1.74547e+08	1.66851e+08	1.84004e+08	1.12703e+08	1.22431e+08	1.01259e+08	1.22674e+08	9.89649e+07	1.27208e+08	1.48695e+08	1.72625e+08	1.48877e+08	1.47387e+08	1.35028e+08	1.88439e+08	1.40763e+08	1.75308e+08	1.27204e+08	1.38626e+08	1.40841e+08	1.63196e+08	1.21384e+08	1.23885e+08	1.23668e+08	1.26312e+08	1.30034e+08	1.28718e+08
ERR636764	2.26219e+08	2.33931e+08	2.62586e+08	2.37629e+08	2.37123e+08	2.42071e+08	2.69923e+08	2.76736e+08	2.23163e+08	2.75612e+08	3.03651e+08	3.16232e+08	2.69923e+08	2.76736e+08	2.23163e+08	2.75612e+08	3.03651e+08	3.16232e+08	3.32577e+08	2.8982e+08	2.88836e+08	2.83426e+08	3.26606e+08	3.08154e+08	2.99296e+08	2.93748e+08	3.05613e+08	2.80396e+08	4.32825e+08	2.95771e+08	3.2574e+08	2.37139e+08	3.25135e+08	2.36328e+08	2.4014e+08	3.06518e+08	1.57491e+08	2.52991e+08	2.50151e+08	2.76548e+08	2.59209e+08	2.45374e+08	2.15693e+08	1.85044e+08	1.8755e+08	1.83734e+08	2.19316e+08	1.85908e+08	1.91489e+08	1.78755e+08	1.82173e+08	1.8133e+08	1.69116e+08	1.83662e+08	1.30845e+08	1.69097e+08	1.83581e+08	1.71174e+08	1.6683e+08	1.81974e+08	1.62705e+08	1.61922e+08	1.51813e+08	1.34384e+08	1.51109e+08	1.1498e+08	1.65513e+08	1.85194e+08	1.94262e+08	1.91824e+08	1.82983e+08	2.02037e+08	1.24401e+08	1.35274e+08	1.11903e+08	1.35609e+08	1.09422e+08	1.40689e+08	1.63402e+08	1.8932e+08	1.6364e+08	1.61872e+08	1.48371e+08	2.06996e+08	1.54542e+08	1.92623e+08	1.39708e+08	1.52282e+08	1.54591e+08	1.78918e+08	1.33184e+08	1.35794e+08	1.35563e+08	1.38478e+08	1.42662e+08	1.41214e+08
ERR636767	2.21035e+08	2.28574e+08	2.56419e+08	2.32186e+08	2.31824e+08	2.36476e+08	2.6361e+08	2.70016e+08	2.18084e+08	2.68889e+08	2.96422e+08	3.08609e+08	2.6361e+08	2.70016e+08	2.18084e+08	2.68889e+08	2.96422e+08	3.08609e+08	3.24032e+08	2.82335e+08	2.8139e+08	2.76411e+08	3.18152e+08	3.00472e+08	2.93488e+08	2.88287e+08	2.97712e+08	2.73293e+08	2.95771e+08	4.14948e+08	3.17393e+08	2.31055e+08	3.16663e+08	2.3001e+08	2.33963e+08	2.98579e+08	1.53896e+08	2.46903e+08	2.44295e+08	2.6959e+08	2.52794e+08	2.39288e+08	2.0933e+08	1.7977e+08	1.82421e+08	1.78577e+08	2.12936e+08	1.80637e+08	1.8629e+08	1.73905e+08	1.77266e+08	1.76465e+08	1.64609e+08	1.78725e+08	1.27438e+08	1.64604e+08	1.78767e+08	1.66778e+08	1.62332e+08	1.77203e+08	1.58504e+08	1.57762e+08	1.47741e+08	1.30802e+08	1.4727e+08	1.11987e+08	1.60833e+08	1.79792e+08	1.88651e+08	1.86223e+08	1.7774e+08	1.96147e+08	1.20486e+08	1.30969e+08	1.08377e+08	1.31276e+08	1.0598e+08	1.36202e+08	1.58555e+08	1.83971e+08	1.58909e+08	1.57057e+08	1.43968e+08	2.00842e+08	1.50046e+08	1.87017e+08	1.35526e+08	1.47737e+08	1.50053e+08	1.73742e+08	1.29339e+08	1.31932e+08	1.31828e+08	1.34509e+08	1.38509e+08	1.37139e+08
ERR608837	3.12893e+08	3.23084e+08	3.61143e+08	3.28376e+08	3.27315e+08	3.3384e+08	3.72988e+08	3.82213e+08	3.10513e+08	3.80946e+08	4.18621e+08	4.35701e+08	3.72988e+08	3.82213e+08	3.10513e+08	3.80946e+08	4.18621e+08	4.35701e+08	4.06068e+08	3.51709e+08	3.50852e+08	3.43684e+08	3.98568e+08	3.74938e+08	3.21316e+08	3.1518e+08	3.27902e+08	2.99258e+08	3.2574e+08	3.17393e+08	6.69892e+08	3.66567e+08	4.96733e+08	3.65189e+08	3.71021e+08	4.68913e+08	1.95924e+08	3.19857e+08	3.16653e+08	3.50884e+08	3.28228e+08	3.10023e+08	2.95988e+08	2.53477e+08	2.57177e+08	2.51783e+08	3.00868e+08	2.54922e+08	2.55572e+08	2.38562e+08	2.43327e+08	2.42258e+08	2.25619e+08	2.45284e+08	1.9832e+08	2.50932e+08	2.70492e+08	2.53676e+08	2.48005e+08	2.68261e+08	2.41749e+08	2.40252e+08	2.26636e+08	2.02658e+08	2.25259e+08	1.75897e+08	2.30079e+08	2.57837e+08	2.70515e+08	2.66841e+08	2.54392e+08	2.80871e+08	1.82579e+08	1.98072e+08	1.63923e+08	1.9837e+08	1.6053e+08	2.06237e+08	2.44314e+08	2.80649e+08	2.44812e+08	2.42306e+08	2.23022e+08	3.05768e+08	2.32278e+08	2.86258e+08	2.11452e+08	2.2982e+08	2.32858e+08	2.66926e+08	1.85331e+08	1.89124e+08	1.88545e+08	1.92472e+08	1.98665e+08	1.9659e+08
ERR608839	2.3195e+08	2.37878e+08	2.65935e+08	2.42571e+08	2.40711e+08	2.46307e+08	2.75852e+08	2.83724e+08	2.3127e+08	2.82997e+08	3.08433e+08	3.21286e+08	2.75852e+08	2.83724e+08	2.3127e+08	2.82997e+08	3.08433e+08	3.21286e+08	2.96372e+08	2.56837e+08	2.56207e+08	2.50364e+08	2.90865e+08	2.7318e+08	2.33895e+08	2.29429e+08	2.38132e+08	2.17991e+08	2.37139e+08	2.31055e+08	3.66567e+08	3.97238e+08	3.66295e+08	2.74668e+08	2.78831e+08	3.45879e+08	1.42436e+08	2.32391e+08	2.30117e+08	2.55649e+08	2.39302e+08	2.25659e+08	2.09583e+08	1.78395e+08	1.81144e+08	1.77317e+08	2.13101e+08	1.80126e+08	1.81755e+08	1.69211e+08	1.73078e+08	1.72403e+08	1.60255e+08	1.74399e+08	1.45545e+08	1.83308e+08	1.9657e+08	1.84313e+08	1.81148e+08	1.94449e+08	1.76685e+08	1.75661e+08	1.66061e+08	1.49026e+08	1.64884e+08	1.29896e+08	1.61965e+08	1.82738e+08	1.91732e+08	1.89169e+08	1.7951e+08	1.98493e+08	1.33855e+08	1.45608e+08	1.20319e+08	1.45749e+08	1.17979e+08	1.51614e+08	1.78046e+08	2.03385e+08	1.78557e+08	1.76861e+08	1.62937e+08	2.2204e+08	1.69879e+08	2.08613e+08	1.54942e+08	1.68235e+08	1.70147e+08	1.94022e+08	1.3096e+08	1.33539e+08	1.32755e+08	1.35844e+08	1.4055e+08	1.39016e+08
ERR608836	3.1195e+08	3.21458e+08	3.6007e+08	3.27434e+08	3.2563e+08	3.32715e+08	3.71747e+08	3.81686e+08	3.09367e+08	3.80393e+08	4.17339e+08	4.3466e+08	3.71747e+08	3.81686e+08	3.09367e+08	3.80393e+08	4.17339e+08	4.3466e+08	4.05589e+08	3.51078e+08	3.50296e+08	3.42633e+08	3.97941e+08	3.73944e+08	3.20446e+08	3.14266e+08	3.26887e+08	2.98547e+08	3.25135e+08	3.16663e+08	4.96733e+08	3.66295e+08	6.67196e+08	3.64764e+08	3.70682e+08	4.6774e+08	1.94716e+08	3.1849e+08	3.15485e+08	3.50086e+08	3.2724e+08	3.09011e+08	2.94631e+08	2.51782e+08	2.55663e+08	2.50207e+08	2.99597e+08	2.5373e+08	2.54955e+08	2.37697e+08	2.42699e+08	2.41705e+08	2.24844e+08	2.44528e+08	1.97396e+08	2.50041e+08	2.69384e+08	2.52452e+08	2.47156e+08	2.66803e+08	2.40813e+08	2.39395e+08	2.25809e+08	2.01941e+08	2.24471e+08	1.75226e+08	2.28488e+08	2.56694e+08	2.69402e+08	2.65742e+08	2.53079e+08	2.79622e+08	1.83043e+08	1.99057e+08	1.64444e+08	1.99326e+08	1.6114e+08	2.07201e+08	2.43462e+08	2.7938e+08	2.43934e+08	2.41498e+08	2.22244e+08	3.04863e+08	2.31441e+08	2.85573e+08	2.10771e+08	2.29029e+08	2.31975e+08	2.65709e+08	1.84507e+08	1.88205e+08	1.87286e+08	1.91491e+08	1.97616e+08	1.9554e+08
