	ERR621996	ERR621991	ERR621992	ERR621994	ERR621995	ERR621993	ERR608197	ERR608201	ERR608199	ERR608198	ERR608200	ERR608202	ERR613458	ERR613455	ERR613460	ERR613456	ERR613457	ERR613459	ERR605614	ERR605616	ERR605611	ERR605613	ERR605615	ERR605612	ERR605614	ERR605616	ERR605611	ERR605613	ERR605615	ERR605612	ERR614838	ERR614836	ERR614840	ERR614839	ERR614837	ERR614835	ERR618550	ERR618553	ERR618552	ERR618554	ERR618551	ERR618549	ERR613969	ERR613971	ERR613967	ERR613970	ERR613966	ERR613968	ERR605970	ERR605975	ERR605971	ERR605974	ERR605972	ERR605973	ERR630460	ERR630458	ERR630462	ERR630461	ERR630463	ERR630459	ERR613007	ERR613006	ERR613008	ERR613005	ERR613010	ERR613009	ERR608087	ERR608088	ERR608091	ERR608092	ERR608089	ERR608090	ERR607393	ERR607392	ERR607395	ERR607394	ERR607396	ERR607391	ERR630268	ERR630269	ERR630267	ERR630270	ERR630266	ERR630271	ERR626749	ERR626748	ERR626752	ERR626751	ERR626747	ERR626750	ERR616444	ERR616447	ERR616449	ERR616445	ERR616448	ERR616446
ERR621996	4.20067e+08	3.44534e+08	3.12532e+08	3.13316e+08	2.91204e+08	3.10946e+08	1.94697e+08	2.90084e+08	3.07554e+08	2.77163e+08	2.92355e+08	2.92769e+08	2.456e+08	2.91033e+08	2.39257e+08	2.89612e+08	2.88597e+08	2.41243e+08	2.16182e+08	2.2324e+08	2.51851e+08	2.27216e+08	2.26248e+08	2.31578e+08	2.16182e+08	2.2324e+08	2.51851e+08	2.27216e+08	2.26248e+08	2.31578e+08	1.90867e+08	1.53112e+08	1.90787e+08	1.88717e+08	1.49007e+08	1.47331e+08	2.138e+08	1.99337e+08	2.15702e+08	1.98965e+08	2.19789e+08	2.3119e+08	2.56914e+08	2.95546e+08	2.67875e+08	2.57632e+08	2.9765e+08	2.26836e+08	1.54478e+08	1.61661e+08	2.21313e+08	1.64214e+08	2.25476e+08	1.69074e+08	2.51237e+08	2.58594e+08	2.61401e+08	2.66856e+08	2.6727e+08	2.35277e+08	2.06862e+08	2.06344e+08	1.25007e+08	2.29853e+08	1.28031e+08	1.32577e+08	1.50885e+08	1.55363e+08	1.72947e+08	1.75542e+08	1.51487e+08	1.73202e+08	2.19551e+08	2.05027e+08	2.08106e+08	2.09079e+08	2.08872e+08	1.4282e+08	1.91556e+08	1.6937e+08	2.03598e+08	1.81301e+08	2.3798e+08	1.63317e+08	2.1234e+08	2.09718e+08	2.01759e+08	2.04818e+08	2.21166e+08	2.03496e+08	1.60575e+08	2.05693e+08	2.07513e+08	9.79922e+07	2.08151e+08	1.63545e+08
ERR621991	3.44534e+08	5.84425e+08	3.7832e+08	3.77191e+08	3.50173e+08	3.76348e+08	2.33738e+08	3.50066e+08	3.71559e+08	3.34177e+08	3.52809e+08	3.53456e+08	2.96114e+08	3.51802e+08	2.88624e+08	3.49688e+08	3.48635e+08	2.90895e+08	2.61857e+08	2.7028e+08	3.05572e+08	2.75323e+08	2.74014e+08	2.80744e+08	2.61857e+08	2.7028e+08	3.05572e+08	2.75323e+08	2.74014e+08	2.80744e+08	2.33032e+08	1.8701e+08	2.33051e+08	2.30696e+08	1.81873e+08	1.79825e+08	2.58238e+08	2.40683e+08	2.60473e+08	2.40452e+08	2.65503e+08	2.7951e+08	3.10288e+08	3.57233e+08	3.23539e+08	3.11242e+08	3.60045e+08	2.73534e+08	1.86861e+08	1.95885e+08	2.68692e+08	1.99183e+08	2.73813e+08	2.05115e+08	3.03116e+08	3.11945e+08	3.15363e+08	3.21803e+08	3.22403e+08	2.83593e+08	2.53079e+08	2.52217e+08	1.52606e+08	2.80824e+08	1.56359e+08	1.61885e+08	1.83876e+08	1.89147e+08	2.10626e+08	2.13672e+08	1.84571e+08	2.10934e+08	2.68818e+08	2.50757e+08	2.54617e+08	2.55744e+08	2.5565e+08	1.74502e+08	2.34202e+08	2.06959e+08	2.48917e+08	2.21549e+08	2.91044e+08	1.99371e+08	2.59686e+08	2.56512e+08	2.46557e+08	2.50392e+08	2.70586e+08	2.48775e+08	1.96027e+08	2.51238e+08	2.53581e+08	1.19427e+08	2.54298e+08	1.99769e+08
ERR621992	3.12532e+08	3.7832e+08	4.91292e+08	3.4165e+08	3.17485e+08	3.41335e+08	2.13092e+08	3.17718e+08	3.36945e+08	3.03615e+08	3.20033e+08	3.20654e+08	2.68754e+08	3.19268e+08	2.62016e+08	3.17472e+08	3.16438e+08	2.6415e+08	2.37342e+08	2.45252e+08	2.76695e+08	2.49309e+08	2.48577e+08	2.54344e+08	2.37342e+08	2.45252e+08	2.76695e+08	2.49309e+08	2.48577e+08	2.54344e+08	2.10228e+08	1.68781e+08	2.10092e+08	2.07808e+08	1.64049e+08	1.62337e+08	2.34296e+08	2.18068e+08	2.35991e+08	2.17802e+08	2.40576e+08	2.53194e+08	2.81058e+08	3.23557e+08	2.93193e+08	2.81878e+08	3.26207e+08	2.48325e+08	1.69615e+08	1.77382e+08	2.43017e+08	1.80296e+08	2.47518e+08	1.85576e+08	2.74962e+08	2.8299e+08	2.85995e+08	2.91839e+08	2.92564e+08	2.57361e+08	2.28025e+08	2.27297e+08	1.37485e+08	2.52998e+08	1.40937e+08	1.45975e+08	1.66091e+08	1.70849e+08	1.9008e+08	1.92909e+08	1.66663e+08	1.90402e+08	2.4163e+08	2.25898e+08	2.29162e+08	2.30151e+08	2.3018e+08	1.57346e+08	2.1108e+08	1.86738e+08	2.24529e+08	1.99647e+08	2.6253e+08	1.8007e+08	2.33805e+08	2.30999e+08	2.22071e+08	2.25503e+08	2.43613e+08	2.24066e+08	1.76828e+08	2.26698e+08	2.28802e+08	1.07756e+08	2.29378e+08	1.801e+08
ERR621994	3.13316e+08	3.77191e+08	3.4165e+08	4.89526e+08	3.18159e+08	3.40201e+08	2.12177e+08	3.16972e+08	3.36238e+08	3.02765e+08	3.19372e+08	3.19803e+08	2.68299e+08	3.182e+08	2.61493e+08	3.16487e+08	3.15377e+08	2.63621e+08	2.36934e+08	2.44346e+08	2.76045e+08	2.48744e+08	2.47634e+08	2.53556e+08	2.36934e+08	2.44346e+08	2.76045e+08	2.48744e+08	2.47634e+08	2.53556e+08	2.09664e+08	1.6829e+08	2.09674e+08	2.07285e+08	1.63656e+08	1.61716e+08	2.33695e+08	2.18132e+08	2.36002e+08	2.17823e+08	2.40319e+08	2.52776e+08	2.8105e+08	3.234e+08	2.93089e+08	2.81902e+08	3.25962e+08	2.47822e+08	1.68955e+08	1.77031e+08	2.42701e+08	1.80018e+08	2.47198e+08	1.85336e+08	2.74473e+08	2.82522e+08	2.8575e+08	2.91616e+08	2.92267e+08	2.56832e+08	2.27309e+08	2.26612e+08	1.37205e+08	2.52425e+08	1.40461e+08	1.45523e+08	1.65616e+08	1.70439e+08	1.89808e+08	1.92648e+08	1.66359e+08	1.90116e+08	2.4117e+08	2.25301e+08	2.28587e+08	2.29667e+08	2.29489e+08	1.56679e+08	2.10297e+08	1.85854e+08	2.23476e+08	1.99022e+08	2.61263e+08	1.79098e+08	2.33263e+08	2.3025e+08	2.21634e+08	2.25029e+08	2.4298e+08	2.2364e+08	1.76207e+08	2.25795e+08	2.27848e+08	1.07544e+08	2.28464e+08	1.79637e+08
ERR621995	2.91204e+08	3.50173e+08	3.17485e+08	3.18159e+08	4.31452e+08	3.16011e+08	1.9743e+08	2.94383e+08	3.12016e+08	2.81135e+08	2.96507e+08	2.96877e+08	2.49366e+08	2.95711e+08	2.43121e+08	2.94121e+08	2.93004e+08	2.45042e+08	2.19892e+08	2.27004e+08	2.56179e+08	2.3103e+08	2.30002e+08	2.35394e+08	2.19892e+08	2.27004e+08	2.56179e+08	2.3103e+08	2.30002e+08	2.35394e+08	1.9414e+08	1.55686e+08	1.9405e+08	1.91893e+08	1.51581e+08	1.4984e+08	2.16994e+08	2.0229e+08	2.18868e+08	2.0197e+08	2.2301e+08	2.34665e+08	2.60931e+08	3.00104e+08	2.71863e+08	2.61628e+08	3.02304e+08	2.30218e+08	1.56984e+08	1.64426e+08	2.25062e+08	1.66948e+08	2.2926e+08	1.72015e+08	2.54802e+08	2.62436e+08	2.65325e+08	2.70618e+08	2.71188e+08	2.38707e+08	2.1049e+08	2.09887e+08	1.27135e+08	2.3376e+08	1.30227e+08	1.34772e+08	1.53331e+08	1.57794e+08	1.75645e+08	1.78278e+08	1.53945e+08	1.75958e+08	2.23115e+08	2.08431e+08	2.1151e+08	2.12405e+08	2.12369e+08	1.45091e+08	1.94716e+08	1.72176e+08	2.06953e+08	1.84289e+08	2.41974e+08	1.6601e+08	2.15765e+08	2.13287e+08	2.05121e+08	2.08213e+08	2.24875e+08	2.06944e+08	1.63053e+08	2.08913e+08	2.10952e+08	9.95134e+07	2.11439e+08	1.66247e+08
ERR621993	3.10946e+08	3.76348e+08	3.41335e+08	3.40201e+08	3.16011e+08	4.86421e+08	2.12249e+08	3.16134e+08	3.35049e+08	3.02041e+08	3.18402e+08	3.18979e+08	2.67174e+08	3.17215e+08	2.60603e+08	3.15396e+08	3.14393e+08	2.6268e+08	2.35957e+08	2.43652e+08	2.75046e+08	2.47964e+08	2.47016e+08	2.5266e+08	2.35957e+08	2.43652e+08	2.75046e+08	2.47964e+08	2.47016e+08	2.5266e+08	2.08602e+08	1.67324e+08	2.08552e+08	2.06276e+08	1.62804e+08	1.61096e+08	2.33041e+08	2.17072e+08	2.34915e+08	2.1675e+08	2.39458e+08	2.51924e+08	2.79636e+08	3.2184e+08	2.91675e+08	2.80573e+08	3.2433e+08	2.46941e+08	1.68208e+08	1.76073e+08	2.41268e+08	1.78889e+08	2.45843e+08	1.84247e+08	2.73645e+08	2.81618e+08	2.84718e+08	2.90597e+08	2.91082e+08	2.56259e+08	2.26339e+08	2.25564e+08	1.36698e+08	2.51095e+08	1.4003e+08	1.44872e+08	1.65011e+08	1.69783e+08	1.88863e+08	1.91656e+08	1.6566e+08	1.89208e+08	2.4e+08	2.24342e+08	2.2768e+08	2.28698e+08	2.28547e+08	1.56365e+08	2.09499e+08	1.85106e+08	2.22636e+08	1.98269e+08	2.60165e+08	1.78547e+08	2.32206e+08	2.29413e+08	2.2054e+08	2.23903e+08	2.41766e+08	2.22455e+08	1.7559e+08	2.25046e+08	2.27106e+08	1.07009e+08	2.27659e+08	1.78746e+08
ERR608197	1.94697e+08	2.33738e+08	2.13092e+08	2.12177e+08	1.9743e+08	2.12249e+08	2.90779e+08	2.71631e+08	2.87082e+08	2.61502e+08	2.73204e+08	2.73983e+08	1.95629e+08	2.32524e+08	1.90696e+08	2.31211e+08	2.3051e+08	1.92237e+08	1.72119e+08	1.79659e+08	2.0049e+08	1.81562e+08	1.8248e+08	1.85025e+08	1.72119e+08	1.79659e+08	2.0049e+08	1.81562e+08	1.8248e+08	1.85025e+08	1.29385e+08	1.03809e+08	1.29378e+08	1.2799e+08	1.00525e+08	1.00123e+08	1.78648e+08	1.64767e+08	1.78277e+08	1.64713e+08	1.83029e+08	1.9214e+08	2.13703e+08	2.46056e+08	2.2374e+08	2.14507e+08	2.47162e+08	1.91868e+08	1.11374e+08	1.14414e+08	1.56692e+08	1.16331e+08	1.59402e+08	1.19701e+08	2.15995e+08	2.22165e+08	2.24496e+08	2.28723e+08	2.29632e+08	2.04089e+08	1.42902e+08	1.42417e+08	8.56961e+07	1.57936e+08	8.81879e+07	9.11863e+07	1.04947e+08	1.07675e+08	1.19387e+08	1.21313e+08	1.04717e+08	1.19882e+08	1.5291e+08	1.43807e+08	1.45526e+08	1.46189e+08	1.46168e+08	1.01956e+08	1.32573e+08	1.1714e+08	1.4128e+08	1.25286e+08	1.64961e+08	1.1364e+08	1.4933e+08	1.47859e+08	1.41165e+08	1.43495e+08	1.55696e+08	1.42598e+08	1.11898e+08	1.45058e+08	1.46384e+08	6.75343e+07	1.46433e+08	1.13914e+08
ERR608201	2.90084e+08	3.50066e+08	3.17718e+08	3.16972e+08	2.94383e+08	3.16134e+08	2.71631e+08	5.58258e+08	4.2429e+08	3.83614e+08	4.05042e+08	4.06163e+08	2.89299e+08	3.4416e+08	2.81965e+08	3.42283e+08	3.41169e+08	2.84232e+08	2.56411e+08	2.66269e+08	2.9913e+08	2.69906e+08	2.70084e+08	2.75215e+08	2.56411e+08	2.66269e+08	2.9913e+08	2.69906e+08	2.70084e+08	2.75215e+08	1.99717e+08	1.59648e+08	1.99634e+08	1.97354e+08	1.54946e+08	1.53617e+08	2.63319e+08	2.44433e+08	2.64338e+08	2.44141e+08	2.70287e+08	2.84253e+08	3.18973e+08	3.67374e+08	3.32911e+08	3.20071e+08	3.6948e+08	2.8328e+08	1.66583e+08	1.73127e+08	2.38063e+08	1.76037e+08	2.42348e+08	1.81123e+08	3.16494e+08	3.26135e+08	3.29542e+08	3.36251e+08	3.37423e+08	2.9753e+08	2.19359e+08	2.18563e+08	1.31292e+08	2.4316e+08	1.34964e+08	1.39527e+08	1.60637e+08	1.65004e+08	1.83722e+08	1.86475e+08	1.60646e+08	1.84295e+08	2.36739e+08	2.218e+08	2.24697e+08	2.2568e+08	2.25764e+08	1.55138e+08	2.03573e+08	1.79678e+08	2.16833e+08	1.92454e+08	2.53841e+08	1.73737e+08	2.30758e+08	2.2836e+08	2.18416e+08	2.2206e+08	2.40638e+08	2.20744e+08	1.72459e+08	2.22656e+08	2.2487e+08	1.04087e+08	2.25014e+08	1.75499e+08
ERR608199	3.07554e+08	3.71559e+08	3.36945e+08	3.36238e+08	3.12016e+08	3.35049e+08	2.87082e+08	4.2429e+08	6.18068e+08	4.06926e+08	4.27525e+08	4.28446e+08	3.06368e+08	3.64236e+08	2.98532e+08	3.62302e+08	3.61088e+08	3.00916e+08	2.71335e+08	2.81175e+08	3.16787e+08	2.85634e+08	2.85181e+08	2.91236e+08	2.71335e+08	2.81175e+08	3.16787e+08	2.85634e+08	2.85181e+08	2.91236e+08	2.13076e+08	1.70223e+08	2.13032e+08	2.10629e+08	1.65187e+08	1.63739e+08	2.7882e+08	2.59127e+08	2.80479e+08	2.58967e+08	2.86536e+08	3.01312e+08	3.38623e+08	3.89881e+08	3.53114e+08	3.39776e+08	3.92376e+08	2.99692e+08	1.76511e+08	1.83728e+08	2.53135e+08	1.86894e+08	2.5781e+08	1.92508e+08	3.34795e+08	3.44811e+08	3.48745e+08	3.55906e+08	3.57081e+08	3.14348e+08	2.33439e+08	2.32824e+08	1.3979e+08	2.59261e+08	1.43656e+08	1.48555e+08	1.71064e+08	1.7569e+08	1.95743e+08	1.98896e+08	1.71156e+08	1.96344e+08	2.52912e+08	2.36535e+08	2.39886e+08	2.41124e+08	2.40913e+08	1.6503e+08	2.16867e+08	1.91517e+08	2.30966e+08	2.05056e+08	2.70535e+08	1.8491e+08	2.46228e+08	2.43568e+08	2.33284e+08	2.3701e+08	2.56746e+08	2.35527e+08	1.83997e+08	2.37152e+08	2.39402e+08	1.11242e+08	2.39722e+08	1.87459e+08
ERR608198	2.77163e+08	3.34177e+08	3.03615e+08	3.02765e+08	2.81135e+08	3.02041e+08	2.61502e+08	3.83614e+08	4.06926e+08	5.16803e+08	3.86259e+08	3.87132e+08	2.76792e+08	3.29007e+08	2.69617e+08	3.27345e+08	3.2622e+08	2.71945e+08	2.44776e+08	2.54263e+08	2.85451e+08	2.57823e+08	2.58061e+08	2.62756e+08	2.44776e+08	2.54263e+08	2.85451e+08	2.57823e+08	2.58061e+08	2.62756e+08	1.89791e+08	1.51848e+08	1.89826e+08	1.87718e+08	1.47338e+08	1.46233e+08	2.51954e+08	2.3369e+08	2.52982e+08	2.33482e+08	2.58692e+08	2.71931e+08	3.048e+08	3.50874e+08	3.18362e+08	3.05844e+08	3.52953e+08	2.70855e+08	1.59153e+08	1.65098e+08	2.27055e+08	1.67908e+08	2.31311e+08	1.72885e+08	3.0302e+08	3.12091e+08	3.15423e+08	3.21652e+08	3.22809e+08	2.85007e+08	2.08493e+08	2.07936e+08	1.24957e+08	2.31156e+08	1.28363e+08	1.32818e+08	1.52834e+08	1.57037e+08	1.74788e+08	1.77518e+08	1.5285e+08	1.7532e+08	2.25009e+08	2.10826e+08	2.13533e+08	2.14599e+08	2.14555e+08	1.47766e+08	1.93543e+08	1.70893e+08	2.06115e+08	1.82989e+08	2.41184e+08	1.65299e+08	2.19176e+08	2.16945e+08	2.07553e+08	2.11057e+08	2.28686e+08	2.09704e+08	1.64126e+08	2.11836e+08	2.13906e+08	9.92052e+07	2.14138e+08	1.67059e+08
ERR608200	2.92355e+08	3.52809e+08	3.20033e+08	3.19372e+08	2.96507e+08	3.18402e+08	2.73204e+08	4.05042e+08	4.27525e+08	3.86259e+08	5.65384e+08	4.08918e+08	2.91514e+08	3.46409e+08	2.84107e+08	3.44656e+08	3.43454e+08	2.86234e+08	2.57917e+08	2.67504e+08	3.00708e+08	2.71486e+08	2.71215e+08	2.76584e+08	2.57917e+08	2.67504e+08	3.00708e+08	2.71486e+08	2.71215e+08	2.76584e+08	2.01107e+08	1.60742e+08	2.01257e+08	1.98816e+08	1.56066e+08	1.54657e+08	2.65395e+08	2.46582e+08	2.66975e+08	2.46366e+08	2.72508e+08	2.86745e+08	3.21893e+08	3.70467e+08	3.35741e+08	3.23045e+08	3.72793e+08	2.85166e+08	1.67745e+08	1.74312e+08	2.4007e+08	1.77205e+08	2.44339e+08	1.82603e+08	3.18988e+08	3.28379e+08	3.32326e+08	3.38915e+08	3.40036e+08	2.99536e+08	2.20666e+08	2.19962e+08	1.321e+08	2.44855e+08	1.35714e+08	1.40539e+08	1.61502e+08	1.66154e+08	1.84949e+08	1.8795e+08	1.61757e+08	1.85576e+08	2.3867e+08	2.23337e+08	2.26373e+08	2.27471e+08	2.27467e+08	1.56009e+08	2.04735e+08	1.80814e+08	2.1807e+08	1.93525e+08	2.5534e+08	1.74712e+08	2.32195e+08	2.29824e+08	2.20048e+08	2.23741e+08	2.42221e+08	2.22324e+08	1.73926e+08	2.24172e+08	2.26385e+08	1.0527e+08	2.26599e+08	1.77226e+08
ERR608202	2.92769e+08	3.53456e+08	3.20654e+08	3.19803e+08	2.96877e+08	3.18979e+08	2.73983e+08	4.06163e+08	4.28446e+08	3.87132e+08	4.08918e+08	5.67364e+08	2.91992e+08	3.47288e+08	2.84562e+08	3.45459e+08	3.44155e+08	2.86766e+08	2.58701e+08	2.68523e+08	3.01976e+08	2.72429e+08	2.72307e+08	2.77642e+08	2.58701e+08	2.68523e+08	3.01976e+08	2.72429e+08	2.72307e+08	2.77642e+08	2.01626e+08	1.61219e+08	2.01537e+08	1.99442e+08	1.56486e+08	1.55152e+08	2.65759e+08	2.4651e+08	2.66882e+08	2.46326e+08	2.72709e+08	2.86887e+08	3.21954e+08	3.70925e+08	3.36094e+08	3.2323e+08	3.72979e+08	2.85765e+08	1.68091e+08	1.74743e+08	2.40342e+08	1.77718e+08	2.44806e+08	1.82977e+08	3.19539e+08	3.28984e+08	3.32615e+08	3.39444e+08	3.40545e+08	3.00209e+08	2.21492e+08	2.20691e+08	1.32615e+08	2.45506e+08	1.36235e+08	1.4099e+08	1.62138e+08	1.6661e+08	1.85573e+08	1.88424e+08	1.6221e+08	1.86106e+08	2.39166e+08	2.24076e+08	2.27062e+08	2.28133e+08	2.28065e+08	1.56585e+08	2.05534e+08	1.81467e+08	2.18909e+08	1.94299e+08	2.56217e+08	1.75348e+08	2.33009e+08	2.30631e+08	2.20684e+08	2.24257e+08	2.43058e+08	2.22854e+08	1.74156e+08	2.24832e+08	2.2709e+08	1.05253e+08	2.27244e+08	1.77448e+08
ERR613458	2.456e+08	2.96114e+08	2.68754e+08	2.68299e+08	2.49366e+08	2.67174e+08	1.95629e+08	2.89299e+08	3.06368e+08	2.76792e+08	2.91514e+08	2.91992e+08	4.06456e+08	3.29311e+08	2.72054e+08	3.27941e+08	3.26328e+08	2.74356e+08	2.24243e+08	2.31454e+08	2.59677e+08	2.35408e+08	2.34724e+08	2.3954e+08	2.24243e+08	2.31454e+08	2.59677e+08	2.35408e+08	2.34724e+08	2.3954e+08	1.70551e+08	1.36386e+08	1.70536e+08	1.68682e+08	1.3246e+08	1.31194e+08	2.0843e+08	1.93325e+08	2.09308e+08	1.93484e+08	2.14058e+08	2.2517e+08	2.55656e+08	2.94056e+08	2.67101e+08	2.56696e+08	2.95939e+08	2.26557e+08	1.61323e+08	1.6688e+08	2.25253e+08	1.69464e+08	2.29206e+08	1.74165e+08	2.48527e+08	2.56053e+08	2.58866e+08	2.64108e+08	2.6469e+08	2.33266e+08	1.92319e+08	1.91695e+08	1.17536e+08	2.13017e+08	1.20529e+08	1.24558e+08	1.36594e+08	1.40612e+08	1.5657e+08	1.58814e+08	1.36763e+08	1.56927e+08	2.01541e+08	1.88382e+08	1.91086e+08	1.91963e+08	1.91892e+08	1.31387e+08	1.73448e+08	1.53334e+08	1.84646e+08	1.64194e+08	2.16278e+08	1.47915e+08	1.92215e+08	1.90179e+08	1.82335e+08	1.85194e+08	2.00518e+08	1.83888e+08	1.46087e+08	1.88148e+08	1.89817e+08	8.84023e+07	1.90215e+08	1.48792e+08
ERR613455	2.91033e+08	3.51802e+08	3.19268e+08	3.182e+08	2.95711e+08	3.17215e+08	2.32524e+08	3.4416e+08	3.64236e+08	3.29007e+08	3.46409e+08	3.47288e+08	3.29311e+08	5.48224e+08	3.20826e+08	3.9046e+08	3.8869e+08	3.23597e+08	2.65911e+08	2.75568e+08	3.08524e+08	2.7955e+08	2.7942e+08	2.84566e+08	2.65911e+08	2.75568e+08	3.08524e+08	2.7955e+08	2.7942e+08	2.84566e+08	2.05676e+08	1.64691e+08	2.05678e+08	2.03363e+08	1.59889e+08	1.58562e+08	2.48159e+08	2.29323e+08	2.48589e+08	2.29685e+08	2.54804e+08	2.67938e+08	3.02311e+08	3.48469e+08	3.16224e+08	3.03319e+08	3.50465e+08	2.68513e+08	1.91503e+08	1.978e+08	2.6737e+08	2.01054e+08	2.71935e+08	2.06374e+08	2.94964e+08	3.0385e+08	3.07058e+08	3.13297e+08	3.14149e+08	2.77001e+08	2.32592e+08	2.31765e+08	1.42138e+08	2.57169e+08	1.4592e+08	1.50691e+08	1.64379e+08	1.69017e+08	1.87944e+08	1.90667e+08	1.6449e+08	1.88356e+08	2.4264e+08	2.27324e+08	2.30324e+08	2.31495e+08	2.3128e+08	1.59202e+08	2.10133e+08	1.85561e+08	2.23621e+08	1.98726e+08	2.61665e+08	1.7924e+08	2.31937e+08	2.296e+08	2.19747e+08	2.2333e+08	2.41904e+08	2.21783e+08	1.76198e+08	2.27413e+08	2.2944e+08	1.06558e+08	2.30034e+08	1.79504e+08
ERR613460	2.39257e+08	2.88624e+08	2.62016e+08	2.61493e+08	2.43121e+08	2.60603e+08	1.90696e+08	2.81965e+08	2.98532e+08	2.69617e+08	2.84107e+08	2.84562e+08	2.72054e+08	3.20826e+08	3.89619e+08	3.1949e+08	3.18026e+08	2.67505e+08	2.18667e+08	2.25773e+08	2.53115e+08	2.29466e+08	2.28812e+08	2.33405e+08	2.18667e+08	2.25773e+08	2.53115e+08	2.29466e+08	2.28812e+08	2.33405e+08	1.66578e+08	1.33164e+08	1.66681e+08	1.64725e+08	1.29542e+08	1.28173e+08	2.03131e+08	1.88518e+08	2.04077e+08	1.88584e+08	2.08684e+08	2.1942e+08	2.49425e+08	2.86881e+08	2.60392e+08	2.50369e+08	2.88587e+08	2.21002e+08	1.57486e+08	1.63058e+08	2.1986e+08	1.65607e+08	2.23908e+08	1.7019e+08	2.42063e+08	2.49349e+08	2.52121e+08	2.57281e+08	2.57782e+08	2.27391e+08	1.87793e+08	1.8722e+08	1.1487e+08	2.08044e+08	1.17716e+08	1.21611e+08	1.33299e+08	1.37152e+08	1.52784e+08	1.54939e+08	1.33444e+08	1.53032e+08	1.96733e+08	1.84071e+08	1.86703e+08	1.87628e+08	1.87309e+08	1.28313e+08	1.69577e+08	1.49732e+08	1.80444e+08	1.60366e+08	2.11279e+08	1.44547e+08	1.87765e+08	1.85656e+08	1.78168e+08	1.80972e+08	1.95907e+08	1.79724e+08	1.42701e+08	1.83765e+08	1.8533e+08	8.64645e+07	1.85853e+08	1.45238e+08
ERR613456	2.89612e+08	3.49688e+08	3.17472e+08	3.16487e+08	2.94121e+08	3.15396e+08	2.31211e+08	3.42283e+08	3.62302e+08	3.27345e+08	3.44656e+08	3.45459e+08	3.27941e+08	3.9046e+08	3.1949e+08	5.44195e+08	3.86969e+08	3.22191e+08	2.64923e+08	2.74479e+08	3.07404e+08	2.7859e+08	2.78258e+08	2.83549e+08	2.64923e+08	2.74479e+08	3.07404e+08	2.7859e+08	2.78258e+08	2.83549e+08	2.04397e+08	1.63573e+08	2.04477e+08	2.02114e+08	1.58865e+08	1.57619e+08	2.47112e+08	2.28473e+08	2.47504e+08	2.2858e+08	2.53723e+08	2.66696e+08	3.00874e+08	3.46843e+08	3.14575e+08	3.01893e+08	3.48874e+08	2.67057e+08	1.90892e+08	1.97243e+08	2.66338e+08	2.00361e+08	2.71102e+08	2.05775e+08	2.93416e+08	3.0237e+08	3.0558e+08	3.11607e+08	3.12586e+08	2.75561e+08	2.31478e+08	2.3088e+08	1.41728e+08	2.55973e+08	1.45381e+08	1.50161e+08	1.63293e+08	1.68062e+08	1.86828e+08	1.89569e+08	1.63447e+08	1.87272e+08	2.41159e+08	2.2588e+08	2.29006e+08	2.30114e+08	2.29918e+08	1.58216e+08	2.08694e+08	1.84252e+08	2.22016e+08	1.97291e+08	2.60035e+08	1.78109e+08	2.30382e+08	2.28189e+08	2.18393e+08	2.21935e+08	2.40409e+08	2.20529e+08	1.75105e+08	2.25967e+08	2.28108e+08	1.05925e+08	2.28508e+08	1.78317e+08
ERR613457	2.88597e+08	3.48635e+08	3.16438e+08	3.15377e+08	2.93004e+08	3.14393e+08	2.3051e+08	3.41169e+08	3.61088e+08	3.2622e+08	3.43454e+08	3.44155e+08	3.26328e+08	3.8869e+08	3.18026e+08	3.86969e+08	5.39694e+08	3.2078e+08	2.63889e+08	2.73256e+08	3.06058e+08	2.77382e+08	2.77185e+08	2.82319e+08	2.63889e+08	2.73256e+08	3.06058e+08	2.77382e+08	2.77185e+08	2.82319e+08	2.03401e+08	1.62728e+08	2.03368e+08	2.01171e+08	1.58194e+08	1.56812e+08	2.45963e+08	2.27547e+08	2.46387e+08	2.27677e+08	2.52579e+08	2.65726e+08	2.99627e+08	3.455e+08	3.1346e+08	3.00801e+08	3.4756e+08	2.66035e+08	1.89842e+08	1.96141e+08	2.65064e+08	1.99298e+08	2.69567e+08	2.04639e+08	2.92327e+08	3.01144e+08	3.04438e+08	3.10553e+08	3.11429e+08	2.74568e+08	2.30479e+08	2.29525e+08	1.4105e+08	2.54675e+08	1.44649e+08	1.49322e+08	1.62663e+08	1.67371e+08	1.86111e+08	1.88781e+08	1.62793e+08	1.86521e+08	2.40064e+08	2.24893e+08	2.27922e+08	2.29085e+08	2.28714e+08	1.5739e+08	2.07732e+08	1.83391e+08	2.21085e+08	1.96377e+08	2.58797e+08	1.77234e+08	2.2918e+08	2.27005e+08	2.1738e+08	2.20783e+08	2.39244e+08	2.19455e+08	1.74258e+08	2.2497e+08	2.26952e+08	1.05408e+08	2.27484e+08	1.77578e+08
ERR613459	2.41243e+08	2.90895e+08	2.6415e+08	2.63621e+08	2.45042e+08	2.6268e+08	1.92237e+08	2.84232e+08	3.00916e+08	2.71945e+08	2.86234e+08	2.86766e+08	2.74356e+08	3.23597e+08	2.67505e+08	3.22191e+08	3.2078e+08	3.94685e+08	2.20611e+08	2.27702e+08	2.55219e+08	2.31516e+08	2.30682e+08	2.35417e+08	2.20611e+08	2.27702e+08	2.55219e+08	2.31516e+08	2.30682e+08	2.35417e+08	1.67733e+08	1.3407e+08	1.67811e+08	1.6583e+08	1.30316e+08	1.28997e+08	2.04845e+08	1.90096e+08	2.05944e+08	1.90367e+08	2.10548e+08	2.21394e+08	2.51389e+08	2.89044e+08	2.62438e+08	2.52292e+08	2.9074e+08	2.226e+08	1.58795e+08	1.64318e+08	2.21898e+08	1.66902e+08	2.25578e+08	1.71582e+08	2.44158e+08	2.5153e+08	2.54255e+08	2.59434e+08	2.60065e+08	2.29173e+08	1.8929e+08	1.88592e+08	1.15653e+08	2.09589e+08	1.18638e+08	1.22535e+08	1.34363e+08	1.38226e+08	1.53902e+08	1.56176e+08	1.34517e+08	1.54259e+08	1.98082e+08	1.85275e+08	1.87888e+08	1.88698e+08	1.88562e+08	1.29169e+08	1.70693e+08	1.50618e+08	1.81508e+08	1.6147e+08	2.12649e+08	1.45369e+08	1.8893e+08	1.86855e+08	1.79196e+08	1.81926e+08	1.97083e+08	1.80835e+08	1.43628e+08	1.84842e+08	1.86542e+08	8.70564e+07	1.87029e+08	1.46259e+08
ERR605614	2.16182e+08	2.61857e+08	2.37342e+08	2.36934e+08	2.19892e+08	2.35957e+08	1.72119e+08	2.56411e+08	2.71335e+08	2.44776e+08	2.57917e+08	2.58701e+08	2.24243e+08	2.65911e+08	2.18667e+08	2.64923e+08	2.63889e+08	2.20611e+08	3.751e+08	2.67613e+08	2.96033e+08	2.70748e+08	2.71291e+08	2.74962e+08	3.751e+08	2.67613e+08	2.96033e+08	2.70748e+08	2.71291e+08	2.74962e+08	1.44134e+08	1.15056e+08	1.44096e+08	1.42373e+08	1.11791e+08	1.10795e+08	1.935e+08	1.77627e+08	1.92652e+08	1.7943e+08	1.98405e+08	2.08472e+08	2.26683e+08	2.61274e+08	2.36986e+08	2.2743e+08	2.62983e+08	2.00331e+08	1.8116e+08	1.84775e+08	2.41897e+08	1.87659e+08	2.45534e+08	1.92119e+08	2.15975e+08	2.22474e+08	2.24728e+08	2.29304e+08	2.29828e+08	2.0264e+08	1.92453e+08	1.92125e+08	1.24913e+08	2.11014e+08	1.27523e+08	1.31075e+08	1.17635e+08	1.20974e+08	1.34691e+08	1.36867e+08	1.17952e+08	1.35024e+08	1.71398e+08	1.6033e+08	1.62605e+08	1.63342e+08	1.63292e+08	1.11595e+08	1.47414e+08	1.30209e+08	1.56778e+08	1.39374e+08	1.83795e+08	1.25527e+08	1.68202e+08	1.66354e+08	1.59457e+08	1.62102e+08	1.75368e+08	1.6098e+08	1.23828e+08	1.59808e+08	1.61266e+08	7.48224e+07	1.61522e+08	1.26294e+08
ERR605616	2.2324e+08	2.7028e+08	2.45252e+08	2.44346e+08	2.27004e+08	2.43652e+08	1.79659e+08	2.66269e+08	2.81175e+08	2.54263e+08	2.67504e+08	2.68523e+08	2.31454e+08	2.75568e+08	2.25773e+08	2.74479e+08	2.73256e+08	2.27702e+08	2.67613e+08	3.96887e+08	3.05808e+08	2.79612e+08	2.81932e+08	2.84425e+08	2.67613e+08	3.96887e+08	3.05808e+08	2.79612e+08	2.81932e+08	2.84425e+08	1.49225e+08	1.19428e+08	1.49252e+08	1.4753e+08	1.15897e+08	1.15135e+08	1.99816e+08	1.82557e+08	1.98079e+08	1.84297e+08	2.04651e+08	2.15082e+08	2.32779e+08	2.69259e+08	2.43911e+08	2.3345e+08	2.70779e+08	2.07173e+08	1.86863e+08	1.89771e+08	2.4856e+08	1.93003e+08	2.51957e+08	1.97288e+08	2.23366e+08	2.30111e+08	2.31936e+08	2.36778e+08	2.37616e+08	2.1001e+08	1.99197e+08	1.98773e+08	1.28834e+08	2.17867e+08	1.3168e+08	1.35316e+08	1.22161e+08	1.25486e+08	1.39366e+08	1.41581e+08	1.22282e+08	1.39817e+08	1.77017e+08	1.66064e+08	1.68237e+08	1.69107e+08	1.69154e+08	1.16559e+08	1.53334e+08	1.3545e+08	1.63401e+08	1.44905e+08	1.91109e+08	1.31117e+08	1.74127e+08	1.7253e+08	1.64632e+08	1.67568e+08	1.81643e+08	1.66468e+08	1.28418e+08	1.66443e+08	1.68106e+08	7.73747e+07	1.68204e+08	1.30872e+08
ERR605611	2.51851e+08	3.05572e+08	2.76695e+08	2.76045e+08	2.56179e+08	2.75046e+08	2.0049e+08	2.9913e+08	3.16787e+08	2.85451e+08	3.00708e+08	3.01976e+08	2.59677e+08	3.08524e+08	2.53115e+08	3.07404e+08	3.06058e+08	2.55219e+08	2.96033e+08	3.05808e+08	4.78767e+08	3.11011e+08	3.1021e+08	3.16249e+08	2.96033e+08	3.05808e+08	4.78767e+08	3.11011e+08	3.1021e+08	3.16249e+08	1.69986e+08	1.35925e+08	1.69933e+08	1.68133e+08	1.32031e+08	1.30821e+08	2.2379e+08	2.05392e+08	2.22844e+08	2.07205e+08	2.2945e+08	2.41262e+08	2.6357e+08	3.04378e+08	2.7575e+08	2.64506e+08	3.06296e+08	2.33327e+08	2.05763e+08	2.0998e+08	2.76746e+08	2.1343e+08	2.80794e+08	2.18563e+08	2.51879e+08	2.59428e+08	2.61787e+08	2.6727e+08	2.67969e+08	2.36255e+08	2.22317e+08	2.21813e+08	1.42684e+08	2.43906e+08	1.45832e+08	1.50072e+08	1.38557e+08	1.42445e+08	1.58474e+08	1.60994e+08	1.38853e+08	1.58919e+08	2.02331e+08	1.89281e+08	1.91914e+08	1.92879e+08	1.92864e+08	1.32e+08	1.74212e+08	1.5385e+08	1.85429e+08	1.64631e+08	2.17303e+08	1.48465e+08	1.98609e+08	1.96638e+08	1.88128e+08	1.91317e+08	2.07316e+08	1.90009e+08	1.46287e+08	1.88787e+08	1.90836e+08	8.8215e+07	1.90996e+08	1.49158e+08
ERR605613	2.27216e+08	2.75323e+08	2.49309e+08	2.48744e+08	2.3103e+08	2.47964e+08	1.81562e+08	2.69906e+08	2.85634e+08	2.57823e+08	2.71486e+08	2.72429e+08	2.35408e+08	2.7955e+08	2.29466e+08	2.7859e+08	2.77382e+08	2.31516e+08	2.70748e+08	2.79612e+08	3.11011e+08	4.07344e+08	2.83565e+08	2.88781e+08	2.70748e+08	2.79612e+08	3.11011e+08	4.07344e+08	2.83565e+08	2.88781e+08	1.52232e+08	1.21799e+08	1.52188e+08	1.50522e+08	1.18154e+08	1.17187e+08	2.03003e+08	1.86031e+08	2.01744e+08	1.87712e+08	2.0808e+08	2.18574e+08	2.37635e+08	2.74652e+08	2.489e+08	2.38761e+08	2.76237e+08	2.10816e+08	1.8962e+08	1.92899e+08	2.53097e+08	1.95997e+08	2.56868e+08	2.00667e+08	2.27179e+08	2.34069e+08	2.36186e+08	2.41085e+08	2.41779e+08	2.13307e+08	2.02006e+08	2.01591e+08	1.30626e+08	2.21456e+08	1.33389e+08	1.37127e+08	1.24342e+08	1.27665e+08	1.41993e+08	1.44331e+08	1.24479e+08	1.42447e+08	1.81006e+08	1.69471e+08	1.71663e+08	1.72613e+08	1.72526e+08	1.18379e+08	1.55983e+08	1.37764e+08	1.66202e+08	1.47345e+08	1.94445e+08	1.33114e+08	1.77548e+08	1.75845e+08	1.6817e+08	1.7119e+08	1.85365e+08	1.69928e+08	1.30931e+08	1.69118e+08	1.7085e+08	7.90324e+07	1.70938e+08	1.33501e+08
ERR605615	2.26248e+08	2.74014e+08	2.48577e+08	2.47634e+08	2.30002e+08	2.47016e+08	1.8248e+08	2.70084e+08	2.85181e+08	2.58061e+08	2.71215e+08	2.72307e+08	2.34724e+08	2.7942e+08	2.28812e+08	2.78258e+08	2.77185e+08	2.30682e+08	2.71291e+08	2.81932e+08	3.1021e+08	2.83565e+08	4.07187e+08	2.88272e+08	2.71291e+08	2.81932e+08	3.1021e+08	2.83565e+08	4.07187e+08	2.88272e+08	1.51602e+08	1.21412e+08	1.51662e+08	1.49953e+08	1.17706e+08	1.17038e+08	2.02644e+08	1.84895e+08	2.00676e+08	1.86643e+08	2.07421e+08	2.18107e+08	2.35772e+08	2.7293e+08	2.47315e+08	2.36656e+08	2.74491e+08	2.10155e+08	1.89581e+08	1.92432e+08	2.5198e+08	1.95619e+08	2.55451e+08	1.99976e+08	2.26529e+08	2.33576e+08	2.3547e+08	2.40246e+08	2.41043e+08	2.13139e+08	2.02081e+08	2.01619e+08	1.30576e+08	2.20974e+08	1.3354e+08	1.37172e+08	1.23959e+08	1.27325e+08	1.41302e+08	1.43571e+08	1.23949e+08	1.41945e+08	1.80026e+08	1.68921e+08	1.71021e+08	1.71831e+08	1.7184e+08	1.18688e+08	1.55925e+08	1.37762e+08	1.66058e+08	1.47427e+08	1.94241e+08	1.33448e+08	1.76978e+08	1.75303e+08	1.67345e+08	1.70417e+08	1.8457e+08	1.69172e+08	1.30554e+08	1.69401e+08	1.70998e+08	7.85877e+07	1.71112e+08	1.33201e+08
ERR605612	2.31578e+08	2.80744e+08	2.54344e+08	2.53556e+08	2.35394e+08	2.5266e+08	1.85025e+08	2.75215e+08	2.91236e+08	2.62756e+08	2.76584e+08	2.77642e+08	2.3954e+08	2.84566e+08	2.33405e+08	2.83549e+08	2.82319e+08	2.35417e+08	2.74962e+08	2.84425e+08	3.16249e+08	2.88781e+08	2.88272e+08	4.18934e+08	2.74962e+08	2.84425e+08	3.16249e+08	2.88781e+08	2.88272e+08	4.18934e+08	1.55255e+08	1.24171e+08	1.55212e+08	1.53437e+08	1.20615e+08	1.19538e+08	2.06526e+08	1.89275e+08	2.05298e+08	1.90953e+08	2.11824e+08	2.22527e+08	2.41998e+08	2.7966e+08	2.53466e+08	2.42897e+08	2.81383e+08	2.14755e+08	1.91868e+08	1.95363e+08	2.5641e+08	1.98636e+08	2.60269e+08	2.03188e+08	2.31348e+08	2.38388e+08	2.40528e+08	2.45485e+08	2.46232e+08	2.17283e+08	2.05564e+08	2.05057e+08	1.32613e+08	2.25308e+08	1.35598e+08	1.39349e+08	1.26896e+08	1.30333e+08	1.44918e+08	1.47224e+08	1.27105e+08	1.45307e+08	1.84389e+08	1.72711e+08	1.75099e+08	1.75931e+08	1.7594e+08	1.2072e+08	1.59143e+08	1.40494e+08	1.69508e+08	1.50435e+08	1.98361e+08	1.35809e+08	1.81186e+08	1.79445e+08	1.71663e+08	1.74648e+08	1.89192e+08	1.73458e+08	1.33561e+08	1.72508e+08	1.74346e+08	8.05208e+07	1.74554e+08	1.36255e+08
ERR605614	2.16182e+08	2.61857e+08	2.37342e+08	2.36934e+08	2.19892e+08	2.35957e+08	1.72119e+08	2.56411e+08	2.71335e+08	2.44776e+08	2.57917e+08	2.58701e+08	2.24243e+08	2.65911e+08	2.18667e+08	2.64923e+08	2.63889e+08	2.20611e+08	3.751e+08	2.67613e+08	2.96033e+08	2.70748e+08	2.71291e+08	2.74962e+08	3.751e+08	2.67613e+08	2.96033e+08	2.70748e+08	2.71291e+08	2.74962e+08	1.44134e+08	1.15056e+08	1.44096e+08	1.42373e+08	1.11791e+08	1.10795e+08	1.935e+08	1.77627e+08	1.92652e+08	1.7943e+08	1.98405e+08	2.08472e+08	2.26683e+08	2.61274e+08	2.36986e+08	2.2743e+08	2.62983e+08	2.00331e+08	1.8116e+08	1.84775e+08	2.41897e+08	1.87659e+08	2.45534e+08	1.92119e+08	2.15975e+08	2.22474e+08	2.24728e+08	2.29304e+08	2.29828e+08	2.0264e+08	1.92453e+08	1.92125e+08	1.24913e+08	2.11014e+08	1.27523e+08	1.31075e+08	1.17635e+08	1.20974e+08	1.34691e+08	1.36867e+08	1.17952e+08	1.35024e+08	1.71398e+08	1.6033e+08	1.62605e+08	1.63342e+08	1.63292e+08	1.11595e+08	1.47414e+08	1.30209e+08	1.56778e+08	1.39374e+08	1.83795e+08	1.25527e+08	1.68202e+08	1.66354e+08	1.59457e+08	1.62102e+08	1.75368e+08	1.6098e+08	1.23828e+08	1.59808e+08	1.61266e+08	7.48224e+07	1.61522e+08	1.26294e+08
ERR605616	2.2324e+08	2.7028e+08	2.45252e+08	2.44346e+08	2.27004e+08	2.43652e+08	1.79659e+08	2.66269e+08	2.81175e+08	2.54263e+08	2.67504e+08	2.68523e+08	2.31454e+08	2.75568e+08	2.25773e+08	2.74479e+08	2.73256e+08	2.27702e+08	2.67613e+08	3.96887e+08	3.05808e+08	2.79612e+08	2.81932e+08	2.84425e+08	2.67613e+08	3.96887e+08	3.05808e+08	2.79612e+08	2.81932e+08	2.84425e+08	1.49225e+08	1.19428e+08	1.49252e+08	1.4753e+08	1.15897e+08	1.15135e+08	1.99816e+08	1.82557e+08	1.98079e+08	1.84297e+08	2.04651e+08	2.15082e+08	2.32779e+08	2.69259e+08	2.43911e+08	2.3345e+08	2.70779e+08	2.07173e+08	1.86863e+08	1.89771e+08	2.4856e+08	1.93003e+08	2.51957e+08	1.97288e+08	2.23366e+08	2.30111e+08	2.31936e+08	2.36778e+08	2.37616e+08	2.1001e+08	1.99197e+08	1.98773e+08	1.28834e+08	2.17867e+08	1.3168e+08	1.35316e+08	1.22161e+08	1.25486e+08	1.39366e+08	1.41581e+08	1.22282e+08	1.39817e+08	1.77017e+08	1.66064e+08	1.68237e+08	1.69107e+08	1.69154e+08	1.16559e+08	1.53334e+08	1.3545e+08	1.63401e+08	1.44905e+08	1.91109e+08	1.31117e+08	1.74127e+08	1.7253e+08	1.64632e+08	1.67568e+08	1.81643e+08	1.66468e+08	1.28418e+08	1.66443e+08	1.68106e+08	7.73747e+07	1.68204e+08	1.30872e+08
ERR605611	2.51851e+08	3.05572e+08	2.76695e+08	2.76045e+08	2.56179e+08	2.75046e+08	2.0049e+08	2.9913e+08	3.16787e+08	2.85451e+08	3.00708e+08	3.01976e+08	2.59677e+08	3.08524e+08	2.53115e+08	3.07404e+08	3.06058e+08	2.55219e+08	2.96033e+08	3.05808e+08	4.78767e+08	3.11011e+08	3.1021e+08	3.16249e+08	2.96033e+08	3.05808e+08	4.78767e+08	3.11011e+08	3.1021e+08	3.16249e+08	1.69986e+08	1.35925e+08	1.69933e+08	1.68133e+08	1.32031e+08	1.30821e+08	2.2379e+08	2.05392e+08	2.22844e+08	2.07205e+08	2.2945e+08	2.41262e+08	2.6357e+08	3.04378e+08	2.7575e+08	2.64506e+08	3.06296e+08	2.33327e+08	2.05763e+08	2.0998e+08	2.76746e+08	2.1343e+08	2.80794e+08	2.18563e+08	2.51879e+08	2.59428e+08	2.61787e+08	2.6727e+08	2.67969e+08	2.36255e+08	2.22317e+08	2.21813e+08	1.42684e+08	2.43906e+08	1.45832e+08	1.50072e+08	1.38557e+08	1.42445e+08	1.58474e+08	1.60994e+08	1.38853e+08	1.58919e+08	2.02331e+08	1.89281e+08	1.91914e+08	1.92879e+08	1.92864e+08	1.32e+08	1.74212e+08	1.5385e+08	1.85429e+08	1.64631e+08	2.17303e+08	1.48465e+08	1.98609e+08	1.96638e+08	1.88128e+08	1.91317e+08	2.07316e+08	1.90009e+08	1.46287e+08	1.88787e+08	1.90836e+08	8.8215e+07	1.90996e+08	1.49158e+08
ERR605613	2.27216e+08	2.75323e+08	2.49309e+08	2.48744e+08	2.3103e+08	2.47964e+08	1.81562e+08	2.69906e+08	2.85634e+08	2.57823e+08	2.71486e+08	2.72429e+08	2.35408e+08	2.7955e+08	2.29466e+08	2.7859e+08	2.77382e+08	2.31516e+08	2.70748e+08	2.79612e+08	3.11011e+08	4.07344e+08	2.83565e+08	2.88781e+08	2.70748e+08	2.79612e+08	3.11011e+08	4.07344e+08	2.83565e+08	2.88781e+08	1.52232e+08	1.21799e+08	1.52188e+08	1.50522e+08	1.18154e+08	1.17187e+08	2.03003e+08	1.86031e+08	2.01744e+08	1.87712e+08	2.0808e+08	2.18574e+08	2.37635e+08	2.74652e+08	2.489e+08	2.38761e+08	2.76237e+08	2.10816e+08	1.8962e+08	1.92899e+08	2.53097e+08	1.95997e+08	2.56868e+08	2.00667e+08	2.27179e+08	2.34069e+08	2.36186e+08	2.41085e+08	2.41779e+08	2.13307e+08	2.02006e+08	2.01591e+08	1.30626e+08	2.21456e+08	1.33389e+08	1.37127e+08	1.24342e+08	1.27665e+08	1.41993e+08	1.44331e+08	1.24479e+08	1.42447e+08	1.81006e+08	1.69471e+08	1.71663e+08	1.72613e+08	1.72526e+08	1.18379e+08	1.55983e+08	1.37764e+08	1.66202e+08	1.47345e+08	1.94445e+08	1.33114e+08	1.77548e+08	1.75845e+08	1.6817e+08	1.7119e+08	1.85365e+08	1.69928e+08	1.30931e+08	1.69118e+08	1.7085e+08	7.90324e+07	1.70938e+08	1.33501e+08
ERR605615	2.26248e+08	2.74014e+08	2.48577e+08	2.47634e+08	2.30002e+08	2.47016e+08	1.8248e+08	2.70084e+08	2.85181e+08	2.58061e+08	2.71215e+08	2.72307e+08	2.34724e+08	2.7942e+08	2.28812e+08	2.78258e+08	2.77185e+08	2.30682e+08	2.71291e+08	2.81932e+08	3.1021e+08	2.83565e+08	4.07187e+08	2.88272e+08	2.71291e+08	2.81932e+08	3.1021e+08	2.83565e+08	4.07187e+08	2.88272e+08	1.51602e+08	1.21412e+08	1.51662e+08	1.49953e+08	1.17706e+08	1.17038e+08	2.02644e+08	1.84895e+08	2.00676e+08	1.86643e+08	2.07421e+08	2.18107e+08	2.35772e+08	2.7293e+08	2.47315e+08	2.36656e+08	2.74491e+08	2.10155e+08	1.89581e+08	1.92432e+08	2.5198e+08	1.95619e+08	2.55451e+08	1.99976e+08	2.26529e+08	2.33576e+08	2.3547e+08	2.40246e+08	2.41043e+08	2.13139e+08	2.02081e+08	2.01619e+08	1.30576e+08	2.20974e+08	1.3354e+08	1.37172e+08	1.23959e+08	1.27325e+08	1.41302e+08	1.43571e+08	1.23949e+08	1.41945e+08	1.80026e+08	1.68921e+08	1.71021e+08	1.71831e+08	1.7184e+08	1.18688e+08	1.55925e+08	1.37762e+08	1.66058e+08	1.47427e+08	1.94241e+08	1.33448e+08	1.76978e+08	1.75303e+08	1.67345e+08	1.70417e+08	1.8457e+08	1.69172e+08	1.30554e+08	1.69401e+08	1.70998e+08	7.85877e+07	1.71112e+08	1.33201e+08
ERR605612	2.31578e+08	2.80744e+08	2.54344e+08	2.53556e+08	2.35394e+08	2.5266e+08	1.85025e+08	2.75215e+08	2.91236e+08	2.62756e+08	2.76584e+08	2.77642e+08	2.3954e+08	2.84566e+08	2.33405e+08	2.83549e+08	2.82319e+08	2.35417e+08	2.74962e+08	2.84425e+08	3.16249e+08	2.88781e+08	2.88272e+08	4.18934e+08	2.74962e+08	2.84425e+08	3.16249e+08	2.88781e+08	2.88272e+08	4.18934e+08	1.55255e+08	1.24171e+08	1.55212e+08	1.53437e+08	1.20615e+08	1.19538e+08	2.06526e+08	1.89275e+08	2.05298e+08	1.90953e+08	2.11824e+08	2.22527e+08	2.41998e+08	2.7966e+08	2.53466e+08	2.42897e+08	2.81383e+08	2.14755e+08	1.91868e+08	1.95363e+08	2.5641e+08	1.98636e+08	2.60269e+08	2.03188e+08	2.31348e+08	2.38388e+08	2.40528e+08	2.45485e+08	2.46232e+08	2.17283e+08	2.05564e+08	2.05057e+08	1.32613e+08	2.25308e+08	1.35598e+08	1.39349e+08	1.26896e+08	1.30333e+08	1.44918e+08	1.47224e+08	1.27105e+08	1.45307e+08	1.84389e+08	1.72711e+08	1.75099e+08	1.75931e+08	1.7594e+08	1.2072e+08	1.59143e+08	1.40494e+08	1.69508e+08	1.50435e+08	1.98361e+08	1.35809e+08	1.81186e+08	1.79445e+08	1.71663e+08	1.74648e+08	1.89192e+08	1.73458e+08	1.33561e+08	1.72508e+08	1.74346e+08	8.05208e+07	1.74554e+08	1.36255e+08
ERR614838	1.90867e+08	2.33032e+08	2.10228e+08	2.09664e+08	1.9414e+08	2.08602e+08	1.29385e+08	1.99717e+08	2.13076e+08	1.89791e+08	2.01107e+08	2.01626e+08	1.70551e+08	2.05676e+08	1.66578e+08	2.04397e+08	2.03401e+08	1.67733e+08	1.44134e+08	1.49225e+08	1.69986e+08	1.52232e+08	1.51602e+08	1.55255e+08	1.44134e+08	1.49225e+08	1.69986e+08	1.52232e+08	1.51602e+08	1.55255e+08	4.84458e+08	2.89881e+08	3.55342e+08	3.51422e+08	2.81618e+08	2.80625e+08	1.509e+08	1.40747e+08	1.52448e+08	1.4048e+08	1.55676e+08	1.63971e+08	1.79271e+08	2.07678e+08	1.8704e+08	1.79795e+08	2.0962e+08	1.56923e+08	1.45558e+08	1.52608e+08	2.10019e+08	1.5498e+08	2.14059e+08	1.601e+08	1.75856e+08	1.81316e+08	1.82882e+08	1.8687e+08	1.87598e+08	1.6423e+08	2.5288e+08	2.51875e+08	1.54185e+08	2.79176e+08	1.57601e+08	1.62898e+08	1.72783e+08	1.7746e+08	1.97301e+08	1.99801e+08	1.72964e+08	1.96938e+08	2.81152e+08	2.63633e+08	2.67759e+08	2.69351e+08	2.68517e+08	1.85807e+08	2.59416e+08	2.30379e+08	2.75393e+08	2.46113e+08	3.18676e+08	2.23114e+08	2.65291e+08	2.62327e+08	2.51742e+08	2.56171e+08	2.76085e+08	2.54483e+08	2.04283e+08	2.60835e+08	2.62965e+08	1.24451e+08	2.63656e+08	2.07409e+08
ERR614836	1.53112e+08	1.8701e+08	1.68781e+08	1.6829e+08	1.55686e+08	1.67324e+08	1.03809e+08	1.59648e+08	1.70223e+08	1.51848e+08	1.60742e+08	1.61219e+08	1.36386e+08	1.64691e+08	1.33164e+08	1.63573e+08	1.62728e+08	1.3407e+08	1.15056e+08	1.19428e+08	1.35925e+08	1.21799e+08	1.21412e+08	1.24171e+08	1.15056e+08	1.19428e+08	1.35925e+08	1.21799e+08	1.21412e+08	1.24171e+08	2.89881e+08	3.42469e+08	2.8982e+08	2.86878e+08	2.32441e+08	2.31899e+08	1.20901e+08	1.1253e+08	1.21945e+08	1.12407e+08	1.2465e+08	1.31284e+08	1.42853e+08	1.65614e+08	1.49206e+08	1.43284e+08	1.6715e+08	1.25408e+08	1.17421e+08	1.22701e+08	1.68493e+08	1.24784e+08	1.71793e+08	1.28681e+08	1.40775e+08	1.45085e+08	1.46096e+08	1.49336e+08	1.49933e+08	1.31401e+08	2.03615e+08	2.0292e+08	1.24709e+08	2.24497e+08	1.27411e+08	1.31607e+08	1.39527e+08	1.43282e+08	1.5898e+08	1.60957e+08	1.39608e+08	1.58803e+08	2.25714e+08	2.11935e+08	2.15046e+08	2.16357e+08	2.15753e+08	1.50148e+08	2.0937e+08	1.86265e+08	2.22263e+08	1.98724e+08	2.56842e+08	1.80489e+08	2.13266e+08	2.11159e+08	2.02399e+08	2.06008e+08	2.21863e+08	2.04678e+08	1.64097e+08	2.09403e+08	2.11312e+08	1.00161e+08	2.11885e+08	1.66658e+08
ERR614840	1.90787e+08	2.33051e+08	2.10092e+08	2.09674e+08	1.9405e+08	2.08552e+08	1.29378e+08	1.99634e+08	2.13032e+08	1.89826e+08	2.01257e+08	2.01537e+08	1.70536e+08	2.05678e+08	1.66681e+08	2.04477e+08	2.03368e+08	1.67811e+08	1.44096e+08	1.49252e+08	1.69933e+08	1.52188e+08	1.51662e+08	1.55212e+08	1.44096e+08	1.49252e+08	1.69933e+08	1.52188e+08	1.51662e+08	1.55212e+08	3.55342e+08	2.8982e+08	4.84344e+08	3.51518e+08	2.81614e+08	2.80642e+08	1.50958e+08	1.40732e+08	1.52418e+08	1.40569e+08	1.55649e+08	1.64025e+08	1.79122e+08	2.07644e+08	1.87e+08	1.79744e+08	2.09616e+08	1.56883e+08	1.4541e+08	1.52315e+08	2.09785e+08	1.54803e+08	2.13858e+08	1.5987e+08	1.75837e+08	1.81335e+08	1.82824e+08	1.86903e+08	1.87514e+08	1.64082e+08	2.52815e+08	2.51976e+08	1.54229e+08	2.79333e+08	1.57505e+08	1.62938e+08	1.72793e+08	1.77547e+08	1.97373e+08	1.99918e+08	1.72916e+08	1.9712e+08	2.80765e+08	2.63308e+08	2.67285e+08	2.689e+08	2.68084e+08	1.85571e+08	2.59343e+08	2.30349e+08	2.75417e+08	2.46082e+08	3.18736e+08	2.23084e+08	2.65448e+08	2.6257e+08	2.51883e+08	2.56264e+08	2.76166e+08	2.54608e+08	2.04012e+08	2.60612e+08	2.62929e+08	1.24307e+08	2.63509e+08	2.07323e+08
