	ERR636724	ERR636725	ERR636721	ERR636726	ERR636722	ERR636723	ERR635317	ERR635320	ERR635318	ERR635319	ERR635316	ERR635321	ERR613969	ERR613971	ERR613967	ERR613970	ERR613966	ERR613968	ERR618517	ERR618518	ERR618514	ERR618515	ERR618513	ERR618516	ERR607266	ERR607264	ERR607265	ERR607268	ERR607263	ERR607267	ERR635348	ERR635350	ERR635349	ERR635351	ERR635346	ERR635347	ERR617515	ERR617512	ERR617514	ERR617511	ERR617516	ERR617513	ERR636636	ERR636632	ERR636631	ERR636634	ERR636633	ERR636635	ERR611343	ERR611344	ERR611346	ERR611341	ERR611345	ERR611342	ERR621926	ERR621925	ERR621927	ERR621930	ERR621928	ERR621929	ERR616786	ERR616781	ERR616782	ERR616783	ERR616785	ERR616784	ERR638206	ERR638203	ERR638201	ERR638205	ERR638202	ERR638204	ERR626673	ERR626671	ERR626669	ERR626672	ERR626670	ERR626668	ERR607599	ERR607601	ERR607598	ERR607597	ERR607600	ERR607602	ERR607473	ERR607472	ERR607471	ERR607469	ERR607470	ERR607474	ERR607473	ERR607472	ERR607471	ERR607469	ERR607470	ERR607474
ERR636724	0	0.764845	0.788063	0.762469	0.778314	0.776127	1.07669	1.08507	1.07188	1.08446	1.08108	1.08511	0.870995	0.853151	0.862837	0.869993	0.852703	0.880227	0.869718	0.868837	0.885731	0.873206	0.863621	0.872997	0.903497	0.880202	0.876747	0.903288	0.888922	0.903156	1.08273	1.0669	1.06765	1.06718	1.06914	1.08235	0.879189	0.897664	0.881832	0.897116	0.885223	0.898193	0.912211	0.938805	0.917485	0.933297	0.916529	0.908927	1.06403	1.07138	1.06896	1.0682	1.0666	1.07093	1.11895	1.11095	1.11989	1.10694	1.10787	1.10891	1.02391	1.01917	1.01684	1.0131	1.0246	1.02346	1.08057	1.10339	1.10078	1.0771	1.09858	1.07722	1.08391	1.08482	1.08235	1.08353	1.10076	1.07467	1.0373	1.02363	1.0379	1.02374	1.02418	1.02307	1.05403	1.05589	1.0246	1.06167	1.02934	1.05839	1.05403	1.05589	1.0246	1.06167	1.02934	1.05839
ERR636725	0.764845	0	0.787641	0.761844	0.777611	0.776044	1.07669	1.08486	1.07182	1.08434	1.0811	1.08474	0.870855	0.852646	0.862974	0.869972	0.852774	0.879873	0.869497	0.868195	0.885021	0.872718	0.863239	0.87254	0.903738	0.880006	0.876935	0.902794	0.888587	0.903083	1.08278	1.0667	1.06758	1.06708	1.06913	1.08229	0.878774	0.897245	0.881564	0.896711	0.885496	0.898146	0.911576	0.938246	0.917182	0.933026	0.916104	0.908401	1.06355	1.07102	1.0688	1.06813	1.06631	1.07046	1.11909	1.11074	1.11996	1.10714	1.10809	1.10896	1.02421	1.01948	1.01739	1.01347	1.0249	1.02369	1.08044	1.10349	1.10089	1.07702	1.09872	1.07684	1.08373	1.08486	1.08225	1.0834	1.10097	1.0744	1.0374	1.02309	1.03764	1.02373	1.02374	1.02321	1.05424	1.05634	1.02492	1.06168	1.02934	1.05874	1.05424	1.05634	1.02492	1.06168	1.02934	1.05874
ERR636721	0.788063	0.787641	0	0.785647	0.794031	0.79258	1.09107	1.09921	1.0865	1.09863	1.09558	1.0994	0.885443	0.869524	0.878015	0.884686	0.869253	0.893998	0.884454	0.883372	0.89936	0.887655	0.878991	0.88766	0.916977	0.895384	0.89306	0.916638	0.903311	0.916486	1.09681	1.08172	1.08242	1.08201	1.08371	1.09643	0.894703	0.911676	0.896948	0.911276	0.900495	0.912447	0.930591	0.955003	0.935558	0.950035	0.934637	0.927836	1.07822	1.08611	1.08343	1.08268	1.08115	1.085	1.13088	1.12292	1.13149	1.11957	1.12013	1.12133	1.03532	1.03078	1.02881	1.02481	1.03599	1.03483	1.09529	1.11652	1.11427	1.09181	1.11254	1.09203	1.09761	1.09847	1.09632	1.09738	1.11415	1.08864	1.04848	1.03525	1.04899	1.03542	1.03623	1.03513	1.06518	1.06666	1.03706	1.07254	1.04104	1.06924	1.06518	1.06666	1.03706	1.07254	1.04104	1.06924
ERR636726	0.762469	0.761844	0.785647	0	0.774635	0.773425	1.07499	1.08339	1.06997	1.08259	1.0795	1.0834	0.86869	0.850416	0.8606	0.867913	0.850341	0.878138	0.867644	0.866228	0.883576	0.871348	0.861374	0.871002	0.901884	0.878078	0.874699	0.901332	0.88668	0.900978	1.08111	1.06469	1.06573	1.0652	1.06708	1.08084	0.876877	0.895334	0.879471	0.894659	0.883202	0.896191	0.909104	0.936155	0.914728	0.93031	0.913476	0.905789	1.06186	1.06953	1.06693	1.06618	1.06455	1.06877	1.11723	1.10929	1.11832	1.10547	1.10619	1.10716	1.02291	1.01829	1.01563	1.01178	1.02372	1.02238	1.07891	1.10189	1.09913	1.07532	1.09715	1.07526	1.08216	1.08288	1.08034	1.08162	1.09933	1.07251	1.03584	1.02191	1.03673	1.02231	1.02253	1.02183	1.05263	1.05471	1.02336	1.06039	1.02788	1.05739	1.05263	1.05471	1.02336	1.06039	1.02788	1.05739
ERR636722	0.778314	0.777611	0.794031	0.774635	0	0.783002	1.08374	1.09284	1.0789	1.09215	1.08876	1.09281	0.876612	0.859623	0.869129	0.875694	0.859436	0.886841	0.876901	0.87576	0.893345	0.881266	0.871372	0.880135	0.908505	0.885755	0.883796	0.90781	0.894985	0.907538	1.08992	1.07401	1.07498	1.07427	1.07644	1.08969	0.885447	0.904048	0.888015	0.903958	0.892615	0.904483	0.920691	0.946569	0.92501	0.941109	0.924057	0.917445	1.07003	1.07898	1.07584	1.07456	1.0735	1.07674	1.12365	1.11519	1.12425	1.11178	1.11248	1.11366	1.03099	1.02594	1.02306	1.01908	1.03151	1.03017	1.08846	1.10982	1.10768	1.08429	1.10561	1.08437	1.08967	1.09037	1.08864	1.08932	1.10746	1.08054	1.04264	1.02891	1.04334	1.02918	1.02967	1.02854	1.05927	1.06101	1.03032	1.06782	1.0351	1.06373	1.05927	1.06101	1.03032	1.06782	1.0351	1.06373
ERR636723	0.776127	0.776044	0.79258	0.773425	0.783002	0	1.08231	1.09066	1.07771	1.08989	1.08683	1.09051	0.876931	0.85965	0.869107	0.876364	0.859636	0.885874	0.876091	0.874885	0.891058	0.879526	0.869673	0.87882	0.909484	0.886153	0.882842	0.908923	0.894501	0.908405	1.08844	1.07249	1.07329	1.07311	1.07475	1.08797	0.886229	0.903871	0.888813	0.903265	0.892009	0.904686	0.92022	0.945939	0.925577	0.940512	0.924545	0.916818	1.06936	1.07652	1.07433	1.07363	1.07201	1.07629	1.12325	1.11499	1.12425	1.1118	1.11262	1.11372	1.02785	1.02311	1.02119	1.01711	1.02831	1.02712	1.08629	1.10842	1.10624	1.08288	1.10413	1.08294	1.08934	1.09033	1.08763	1.08906	1.10601	1.08017	1.04123	1.02778	1.04187	1.02802	1.02836	1.02754	1.05774	1.05969	1.02897	1.06556	1.03346	1.06217	1.05774	1.05969	1.02897	1.06556	1.03346	1.06217
ERR635317	1.07669	1.07669	1.09107	1.07499	1.08374	1.08231	0	0.79763	0.779515	0.797663	0.791875	0.798449	1.08565	1.07402	1.0814	1.08594	1.07283	1.09427	1.09435	1.09394	1.10579	1.09744	1.09003	1.09716	1.08839	1.06978	1.06833	1.08633	1.07755	1.08725	0.913529	0.894792	0.894692	0.895126	0.89597	0.912109	1.08783	1.10076	1.08934	1.10127	1.09361	1.10067	1.01536	1.03501	1.01899	1.03224	1.0178	1.0124	0.893377	0.900839	0.89792	0.898323	0.894486	0.901698	0.976638	0.965786	0.977421	0.95963	0.961946	0.963048	0.985691	0.981066	0.974571	0.969746	0.986205	0.985198	0.908888	0.939045	0.935947	0.904857	0.932599	0.904858	0.925854	0.927848	0.924306	0.927507	0.948545	0.91507	0.983741	0.968736	0.985714	0.969354	0.967922	0.967873	0.997168	0.999503	0.967544	1.00741	0.973029	1.00298	0.997168	0.999503	0.967544	1.00741	0.973029	1.00298
ERR635320	1.08507	1.08486	1.09921	1.08339	1.09284	1.09066	0.79763	0	0.790836	0.798396	0.799394	0.799443	1.09545	1.08354	1.09072	1.09558	1.08248	1.1017	1.10255	1.10194	1.1118	1.10426	1.09728	1.10487	1.09779	1.07977	1.07737	1.09603	1.0866	1.09729	0.919954	0.902572	0.902372	0.902811	0.903331	0.917235	1.09742	1.10945	1.09864	1.10865	1.10183	1.10922	1.02169	1.0406	1.02592	1.03805	1.0253	1.01895	0.904513	0.906263	0.906429	0.90832	0.902999	0.912322	0.984767	0.975381	0.986073	0.969844	0.972355	0.972886	0.991202	0.987587	0.983465	0.978449	0.991007	0.990265	0.912723	0.945189	0.941593	0.911963	0.938212	0.912142	0.934502	0.936618	0.932505	0.936231	0.953892	0.924278	0.992496	0.978136	0.993404	0.978335	0.977259	0.977675	1.00533	1.0079	0.978217	1.01281	0.982095	1.01038	1.00533	1.0079	0.978217	1.01281	0.982095	1.01038
ERR635318	1.07188	1.07182	1.0865	1.06997	1.0789	1.07771	0.779515	0.790836	0	0.790812	0.78515	0.792203	1.08061	1.06907	1.07647	1.08103	1.06741	1.0897	1.09002	1.08926	1.10112	1.09299	1.08527	1.0925	1.08339	1.06444	1.06317	1.08114	1.07246	1.08233	0.908632	0.889446	0.889153	0.889663	0.89089	0.907475	1.08311	1.09637	1.08434	1.09663	1.08877	1.09574	1.01139	1.03186	1.01489	1.02884	1.01416	1.00859	0.887701	0.895539	0.892498	0.892661	0.888815	0.896328	0.971085	0.960155	0.972086	0.953771	0.956015	0.957434	0.980232	0.975767	0.969038	0.963998	0.980571	0.979887	0.903538	0.935008	0.931893	0.899734	0.928125	0.89955	0.921195	0.923855	0.919857	0.923071	0.945205	0.91075	0.977974	0.962593	0.979658	0.963323	0.961395	0.961699	0.991956	0.994536	0.96166	1.0033	0.967536	0.997812	0.991956	0.994536	0.96166	1.0033	0.967536	0.997812
ERR635319	1.08446	1.08434	1.09863	1.08259	1.09215	1.08989	0.797663	0.798396	0.790812	0	0.799757	0.799662	1.09516	1.08303	1.09032	1.09533	1.08202	1.10161	1.10224	1.10159	1.11145	1.10402	1.09703	1.10467	1.09676	1.07901	1.07666	1.09555	1.08587	1.09655	0.919536	0.901971	0.902129	0.902474	0.903337	0.916868	1.09689	1.10898	1.09785	1.10813	1.10132	1.10878	1.02104	1.03999	1.02531	1.0374	1.02428	1.01819	0.904327	0.90583	0.906167	0.907697	0.902722	0.912045	0.984464	0.974971	0.985654	0.96923	0.971659	0.972716	0.991099	0.987437	0.983005	0.977958	0.990782	0.990363	0.9126	0.944753	0.941282	0.911787	0.937618	0.911612	0.934048	0.936601	0.932261	0.936229	0.953677	0.923978	0.992762	0.978836	0.993757	0.978764	0.977583	0.977889	1.00513	1.008	0.978204	1.01299	0.982282	1.01036	1.00513	1.008	0.978204	1.01299	0.982282	1.01036
ERR635316	1.08108	1.0811	1.09558	1.0795	1.08876	1.08683	0.791875	0.799394	0.78515	0.799757	0	0.800441	1.09228	1.07993	1.08746	1.09248	1.07882	1.09898	1.09891	1.0984	1.10851	1.1007	1.09367	1.10135	1.0937	1.0756	1.07327	1.09242	1.08259	1.09344	0.917257	0.89925	0.89932	0.899475	0.90039	0.91506	1.09352	1.10593	1.09493	1.10532	1.09825	1.10593	1.01942	1.03836	1.02356	1.036	1.02224	1.01649	0.900766	0.903891	0.903433	0.905109	0.900248	0.90916	0.982875	0.973176	0.984161	0.966908	0.969799	0.970648	0.98785	0.983432	0.979221	0.97408	0.988384	0.987342	0.910569	0.943063	0.939285	0.909209	0.935829	0.908957	0.931459	0.934049	0.929776	0.933138	0.951777	0.921355	0.989051	0.974567	0.99023	0.97491	0.973616	0.973997	1.00131	1.00406	0.973467	1.0093	0.977731	1.00676	1.00131	1.00406	0.973467	1.0093	0.977731	1.00676
ERR635321	1.08511	1.08474	1.0994	1.0834	1.09281	1.09051	0.798449	0.799443	0.792203	0.799662	0.800441	0	1.09527	1.08343	1.0907	1.0958	1.08261	1.10192	1.10225	1.10197	1.1119	1.10455	1.09756	1.10498	1.09729	1.07966	1.07717	1.09617	1.08643	1.09726	0.920165	0.902444	0.902468	0.902631	0.903442	0.917147	1.09735	1.10942	1.09866	1.10876	1.10186	1.10939	1.02176	1.03998	1.02603	1.0381	1.02498	1.01878	0.904947	0.906431	0.906764	0.908527	0.903366	0.912672	0.985125	0.975836	0.98612	0.970009	0.972086	0.973309	0.991534	0.987832	0.983619	0.978651	0.991692	0.990824	0.913126	0.945268	0.941775	0.912113	0.938438	0.912246	0.934291	0.936738	0.932189	0.935987	0.953776	0.924154	0.99326	0.978998	0.993832	0.97912	0.977799	0.978178	1.00511	1.00808	0.978242	1.01305	0.982233	1.01088	1.00511	1.00808	0.978242	1.01305	0.982233	1.01088
ERR613969	0.870995	0.870855	0.885443	0.86869	0.876612	0.876931	1.08565	1.09545	1.08061	1.09516	1.09228	1.09527	0	0.763098	0.775503	0.77573	0.763336	0.799457	0.869107	0.868128	0.890688	0.877333	0.867923	0.872847	0.884083	0.86246	0.863256	0.880603	0.872885	0.881002	1.08758	1.07213	1.0727	1.07207	1.07481	1.08862	0.86721	0.885918	0.869726	0.889926	0.877185	0.886692	0.899634	0.928317	0.904815	0.920067	0.904132	0.897288	1.06685	1.07901	1.07376	1.07199	1.07177	1.07386	1.11501	1.10602	1.11545	1.10218	1.10283	1.10403	1.04931	1.04515	1.04006	1.03614	1.05035	1.04933	1.08666	1.10617	1.10466	1.08037	1.1024	1.0808	1.08879	1.08932	1.08852	1.08869	1.10827	1.08024	1.04737	1.03316	1.04879	1.03454	1.0341	1.03272	1.06948	1.07144	1.04099	1.08116	1.04667	1.0741	1.06948	1.07144	1.04099	1.08116	1.04667	1.0741
ERR613971	0.853151	0.852646	0.869524	0.850416	0.859623	0.85965	1.07402	1.08354	1.06907	1.08303	1.07993	1.08343	0.763098	0	0.758157	0.762728	0.745362	0.783957	0.855819	0.854274	0.876477	0.863007	0.852836	0.859243	0.870347	0.846349	0.846516	0.867596	0.857102	0.867918	1.07664	1.0604	1.06108	1.06064	1.06292	1.07753	0.85474	0.875003	0.857667	0.87792	0.864709	0.875708	0.886438	0.91732	0.892857	0.908733	0.891801	0.88435	1.05524	1.06623	1.06167	1.06002	1.05956	1.06241	1.10576	1.09671	1.10651	1.093	1.09373	1.09477	1.03405	1.02942	1.02506	1.02056	1.03467	1.03386	1.07483	1.09602	1.09411	1.06941	1.09205	1.06956	1.07829	1.07892	1.07721	1.07786	1.09761	1.06897	1.0345	1.01981	1.03596	1.02082	1.0205	1.01934	1.05752	1.05949	1.02793	1.06825	1.03346	1.06205	1.05752	1.05949	1.02793	1.06825	1.03346	1.06205
ERR613967	0.862837	0.862974	0.878015	0.8606	0.869129	0.869107	1.0814	1.09072	1.07647	1.09032	1.08746	1.0907	0.775503	0.758157	0	0.774912	0.755829	0.791133	0.864129	0.862563	0.883701	0.870974	0.86113	0.867215	0.880082	0.857489	0.85741	0.877338	0.867428	0.877893	1.08415	1.06837	1.06886	1.06845	1.07076	1.08464	0.86431	0.883065	0.866856	0.885795	0.872861	0.883696	0.895991	0.924916	0.901855	0.917039	0.900909	0.893751	1.06367	1.07408	1.06987	1.0685	1.06811	1.07048	1.11253	1.10417	1.11361	1.10036	1.10119	1.10218	1.04137	1.03711	1.03299	1.02876	1.04182	1.04105	1.08189	1.10287	1.10097	1.07662	1.09848	1.07676	1.08639	1.08702	1.08525	1.08587	1.10478	1.07732	1.04177	1.02747	1.04287	1.0286	1.02808	1.02712	1.06426	1.06587	1.03522	1.07441	1.04058	1.0686	1.06426	1.06587	1.03522	1.07441	1.04058	1.0686
ERR613970	0.869993	0.869972	0.884686	0.867913	0.875694	0.876364	1.08594	1.09558	1.08103	1.09533	1.09248	1.0958	0.77573	0.762728	0.774912	0	0.763078	0.799257	0.868741	0.867432	0.89027	0.876655	0.867186	0.872005	0.883227	0.861812	0.862696	0.880351	0.872156	0.880326	1.08793	1.07231	1.07271	1.07217	1.07499	1.08898	0.866348	0.885317	0.869076	0.889376	0.876363	0.886048	0.8993	0.92849	0.905017	0.920127	0.904051	0.897308	1.06691	1.07914	1.07414	1.07201	1.07187	1.07417	1.11485	1.10604	1.11573	1.10213	1.10297	1.10401	1.04915	1.04486	1.03979	1.03579	1.04968	1.0489	1.08701	1.10651	1.10465	1.08061	1.10238	1.08082	1.08891	1.08955	1.08862	1.08863	1.10866	1.08041	1.04719	1.03349	1.04886	1.03431	1.03401	1.03295	1.06901	1.07099	1.04019	1.08033	1.04613	1.07373	1.06901	1.07099	1.04019	1.08033	1.04613	1.07373
ERR613966	0.852703	0.852774	0.869253	0.850341	0.859436	0.859636	1.07283	1.08248	1.06741	1.08202	1.07882	1.08261	0.763336	0.745362	0.755829	0.763078	0	0.781459	0.855661	0.854602	0.87715	0.863328	0.852908	0.85952	0.870197	0.846025	0.846113	0.867238	0.856981	0.867732	1.07537	1.05902	1.05959	1.05919	1.0618	1.07623	0.854469	0.874621	0.857182	0.878143	0.864459	0.875524	0.886268	0.916784	0.8924	0.908737	0.891488	0.883919	1.05402	1.06547	1.06063	1.05927	1.05866	1.06123	1.10483	1.0956	1.10571	1.09164	1.09241	1.09375	1.03342	1.02855	1.02417	1.01967	1.03422	1.03307	1.0736	1.09473	1.09266	1.06762	1.09022	1.06796	1.07664	1.07764	1.07616	1.07657	1.0966	1.06758	1.03278	1.01835	1.03433	1.01917	1.01916	1.01813	1.05625	1.05838	1.02616	1.06756	1.03223	1.06118	1.05625	1.05838	1.02616	1.06756	1.03223	1.06118
ERR613968	0.880227	0.879873	0.893998	0.878138	0.886841	0.885874	1.09427	1.1017	1.0897	1.10161	1.09898	1.10192	0.799457	0.783957	0.791133	0.799257	0.781459	0	0.879643	0.878662	0.89598	0.88502	0.876396	0.882427	0.900241	0.880668	0.878757	0.899447	0.887981	0.899243	1.09643	1.0816	1.08196	1.08184	1.08386	1.09664	0.882492	0.898787	0.884574	0.900123	0.888812	0.899101	0.912559	0.938171	0.918923	0.931357	0.917762	0.910231	1.07876	1.08591	1.08349	1.0828	1.08133	1.08511	1.12498	1.11717	1.12605	1.11384	1.11485	1.11569	1.05346	1.0495	1.04651	1.04268	1.0541	1.05315	1.09349	1.11434	1.11208	1.08974	1.11019	1.0898	1.10031	1.10102	1.09893	1.09983	1.11641	1.09183	1.05589	1.04277	1.05647	1.04373	1.04361	1.04288	1.07684	1.07869	1.05014	1.08505	1.05456	1.08125	1.07684	1.07869	1.05014	1.08505	1.05456	1.08125
ERR618517	0.869718	0.869497	0.884454	0.867644	0.876901	0.876091	1.09435	1.10255	1.09002	1.10224	1.09891	1.10225	0.869107	0.855819	0.864129	0.868741	0.855661	0.879643	0	0.820301	0.844731	0.830895	0.821948	0.82524	0.916553	0.89641	0.894446	0.915639	0.904157	0.915805	1.09651	1.08151	1.08211	1.08179	1.08367	1.09626	0.878954	0.895159	0.881103	0.895775	0.885118	0.896148	0.923071	0.947807	0.92862	0.942149	0.928173	0.920921	1.07879	1.08678	1.08397	1.0833	1.08165	1.08547	1.1294	1.12128	1.12998	1.11794	1.11873	1.11947	1.05386	1.05011	1.0464	1.04302	1.05466	1.05377	1.09686	1.11744	1.11524	1.09295	1.11335	1.09323	1.09901	1.09962	1.09768	1.09851	1.11501	1.0903	1.06256	1.0497	1.06334	1.05046	1.05058	1.04957	1.07741	1.07921	1.05082	1.08559	1.05543	1.08132	1.07741	1.07921	1.05082	1.08559	1.05543	1.08132
ERR618518	0.868837	0.868195	0.883372	0.866228	0.87576	0.874885	1.09394	1.10194	1.08926	1.10159	1.0984	1.10197	0.868128	0.854274	0.862563	0.867432	0.854602	0.878662	0.820301	0	0.843904	0.83051	0.820903	0.823883	0.915652	0.895619	0.893763	0.914671	0.902914	0.915257	1.0956	1.08077	1.08127	1.08097	1.08297	1.09567	0.878241	0.894752	0.88024	0.895691	0.884247	0.895486	0.922394	0.947795	0.92785	0.941524	0.927674	0.920325	1.07811	1.08597	1.08312	1.08211	1.08079	1.08441	1.12829	1.12081	1.12913	1.11715	1.11774	1.11875	1.05229	1.04823	1.04477	1.04136	1.05276	1.05215	1.09617	1.11663	1.11457	1.09206	1.1125	1.09236	1.09867	1.09903	1.09736	1.0982	1.11451	1.08978	1.06132	1.04824	1.06175	1.04875	1.04899	1.04812	1.07678	1.07853	1.04975	1.08452	1.05431	1.08059	1.07678	1.07853	1.04975	1.08452	1.05431	1.08059
ERR618514	0.885731	0.885021	0.89936	0.883576	0.893345	0.891058	1.10579	1.1118	1.10112	1.11145	1.10851	1.1119	0.890688	0.876477	0.883701	0.89027	0.87715	0.89598	0.844731	0.843904	0	0.844745	0.836986	0.847547	0.937682	0.918965	0.915087	0.937943	0.924654	0.937806	1.10751	1.09343	1.09405	1.09365	1.09525	1.1065	0.898761	0.913369	0.89985	0.911397	0.901777	0.913606	0.939599	0.962179	0.945926	0.956945	0.945501	0.937527	1.09239	1.09652	1.09573	1.09577	1.0936	1.09819	1.14024	1.13392	1.14159	1.13063	1.13163	1.1322	1.06231	1.05855	1.05705	1.05336	1.06269	1.06171	1.10579	1.12717	1.12475	1.10386	1.12294	1.10392	1.11172	1.11242	1.11015	1.11122	1.12537	1.1033	1.0742	1.06192	1.07409	1.0624	1.06254	1.06209	1.08827	1.09006	1.06329	1.09343	1.06659	1.092	1.08827	1.09006	1.06329	1.09343	1.06659	1.092
ERR618515	0.873206	0.872718	0.887655	0.871348	0.881266	0.879526	1.09744	1.10426	1.09299	1.10402	1.1007	1.10455	0.877333	0.863007	0.870974	0.876655	0.863328	0.88502	0.830895	0.83051	0.844745	0	0.823349	0.834698	0.923543	0.903688	0.900619	0.923458	0.910276	0.92357	1.099	1.0846	1.08508	1.08487	1.08635	1.09837	0.885968	0.901559	0.8881	0.900964	0.890807	0.902627	0.928993	0.952867	0.93508	0.947479	0.93476	0.926666	1.08292	1.08852	1.08691	1.08681	1.08469	1.08933	1.13319	1.12596	1.13386	1.12251	1.12323	1.12425	1.05374	1.04981	1.0477	1.04434	1.05472	1.05362	1.09858	1.11971	1.11742	1.09574	1.11542	1.09578	1.10281	1.10372	1.10137	1.10259	1.11803	1.09418	1.06469	1.0523	1.06517	1.05256	1.05315	1.0523	1.07996	1.0817	1.05366	1.08596	1.0576	1.08363	1.07996	1.0817	1.05366	1.08596	1.0576	1.08363
ERR618513	0.863621	0.863239	0.878991	0.861374	0.871372	0.869673	1.09003	1.09728	1.08527	1.09703	1.09367	1.09756	0.867923	0.852836	0.86113	0.867186	0.852908	0.876396	0.821948	0.820903	0.836986	0.823349	0	0.825738	0.914491	0.893747	0.89057	0.914337	0.90095	0.914494	1.09177	1.07656	1.07747	1.07705	1.0786	1.0913	0.877985	0.894636	0.879969	0.893977	0.883097	0.895135	0.9205	0.945211	0.926258	0.939837	0.925674	0.917759	1.07441	1.0808	1.07883	1.07843	1.07662	1.08122	1.12613	1.1183	1.12705	1.11512	1.11604	1.11668	1.04619	1.0421	1.03969	1.03581	1.04676	1.04561	1.09124	1.1128	1.11072	1.0879	1.10846	1.08828	1.09562	1.0964	1.09402	1.09514	1.11109	1.08657	1.05646	1.04365	1.05725	1.04381	1.04424	1.0437	1.07242	1.07425	1.04547	1.0793	1.04965	1.07635	1.07242	1.07425	1.04547	1.0793	1.04965	1.07635
ERR618516	0.872997	0.87254	0.88766	0.871002	0.880135	0.87882	1.09716	1.10487	1.0925	1.10467	1.10135	1.10498	0.872847	0.859243	0.867215	0.872005	0.85952	0.882427	0.82524	0.823883	0.847547	0.834698	0.825738	0	0.920402	0.900896	0.898761	0.919449	0.90807	0.919795	1.09881	1.08381	1.08463	1.0842	1.08613	1.09866	0.882516	0.898603	0.884867	0.899486	0.888547	0.899129	0.926771	0.951468	0.93242	0.945247	0.931743	0.924521	1.08153	1.0892	1.08635	1.08562	1.08433	1.08807	1.13097	1.1235	1.13178	1.11991	1.12064	1.12183	1.05585	1.05203	1.04861	1.04482	1.05659	1.05547	1.09905	1.11929	1.11737	1.09523	1.11539	1.09553	1.1015	1.10206	1.10004	1.10091	1.11745	1.09273	1.06432	1.05151	1.06516	1.05207	1.0525	1.05174	1.07982	1.08147	1.05302	1.0873	1.05766	1.08358	1.07982	1.08147	1.05302	1.0873	1.05766	1.08358
ERR607266	0.903497	0.903738	0.916977	0.901884	0.908505	0.909484	1.08839	1.09779	1.08339	1.09676	1.0937	1.09729	0.884083	0.870347	0.880082	0.883227	0.870197	0.900241	0.916553	0.915652	0.937682	0.923543	0.914491	0.920402	0	0.768217	0.769369	0.786758	0.778895	0.787817	1.08672	1.07069	1.07143	1.0709	1.07336	1.08718	0.909092	0.927425	0.912224	0.931114	0.919228	0.928419	0.940271	0.966704	0.944893	0.959524	0.94427	0.937583	1.06749	1.07843	1.07395	1.07238	1.0717	1.07419	1.11367	1.10442	1.11433	1.10085	1.10138	1.10266	1.0418	1.03758	1.03296	1.02911	1.04248	1.04138	1.08701	1.10769	1.10543	1.08156	1.10332	1.08144	1.08714	1.08789	1.08616	1.08698	1.10608	1.07848	1.05106	1.03736	1.05231	1.038	1.03792	1.03686	1.0653	1.06721	1.03613	1.07605	1.04172	1.06954	1.0653	1.06721	1.03613	1.07605	1.04172	1.06954
ERR607264	0.880202	0.880006	0.895384	0.878078	0.885755	0.886153	1.06978	1.07977	1.06444	1.07901	1.0756	1.07966	0.86246	0.846349	0.857489	0.861812	0.846025	0.880668	0.89641	0.895619	0.918965	0.903688	0.893747	0.900896	0.768217	0	0.737476	0.76358	0.750219	0.764783	1.06889	1.05176	1.05282	1.05176	1.05473	1.06968	0.888342	0.90871	0.891714	0.912901	0.899204	0.909769	0.918684	0.947443	0.923632	0.940327	0.922492	0.915985	1.04787	1.0598	1.05489	1.05309	1.05252	1.05534	1.09739	1.08774	1.09816	1.08393	1.08427	1.0853	1.02206	1.01734	1.01272	1.00832	1.02313	1.02192	1.06902	1.09072	1.08862	1.06304	1.08618	1.06327	1.06852	1.06941	1.06808	1.06818	1.08897	1.05922	1.03223	1.01766	1.03354	1.01821	1.01786	1.01678	1.04828	1.05008	1.01713	1.05935	1.02296	1.05263	1.04828	1.05008	1.01713	1.05935	1.02296	1.05263
ERR607265	0.876747	0.876935	0.89306	0.874699	0.883796	0.882842	1.06833	1.07737	1.06317	1.07666	1.07327	1.07717	0.863256	0.846516	0.85741	0.862696	0.846113	0.878757	0.894446	0.893763	0.915087	0.900619	0.89057	0.898761	0.769369	0.737476	0	0.765936	0.749411	0.766666	1.06758	1.05081	1.05161	1.05089	1.05343	1.06761	0.888224	0.908346	0.891971	0.911304	0.898491	0.909477	0.917763	0.946147	0.923578	0.939276	0.922706	0.914567	1.04791	1.05723	1.05378	1.05273	1.05122	1.05502	1.09782	1.08877	1.09882	1.08489	1.08542	1.08645	1.01789	1.01313	1.00974	1.00534	1.01838	1.01759	1.06678	1.08979	1.08725	1.06203	1.0848	1.06202	1.06878	1.06963	1.06755	1.0684	1.08766	1.05923	1.03002	1.01566	1.03115	1.01582	1.01603	1.01481	1.04588	1.04814	1.01523	1.05567	1.02051	1.05033	1.04588	1.04814	1.01523	1.05567	1.02051	1.05033
ERR607268	0.903288	0.902794	0.916638	0.901332	0.90781	0.908923	1.08633	1.09603	1.08114	1.09555	1.09242	1.09617	0.880603	0.867596	0.877338	0.880351	0.867238	0.899447	0.915639	0.914671	0.937943	0.923458	0.914337	0.919449	0.786758	0.76358	0.765936	0	0.775947	0.783071	1.08442	1.06833	1.06891	1.0681	1.07125	1.08512	0.906215	0.924901	0.909259	0.92979	0.917393	0.925632	0.936989	0.964138	0.941444	0.95702	0.94083	0.934854	1.06429	1.0772	1.0716	1.06951	1.06956	1.07149	1.111	1.10141	1.11168	1.09776	1.09809	1.09929	1.0419	1.03753	1.03224	1.02813	1.04265	1.04165	1.08551	1.10555	1.10369	1.07913	1.10128	1.07936	1.0839	1.08446	1.08355	1.08354	1.10416	1.07502	1.04913	1.03548	1.05075	1.036	1.03567	1.03481	1.06422	1.06627	1.03472	1.07631	1.04078	1.06862	1.06422	1.06627	1.03472	1.07631	1.04078	1.06862
ERR607263	0.888922	0.888587	0.903311	0.88668	0.894985	0.894501	1.07755	1.0866	1.07246	1.08587	1.08259	1.08643	0.872885	0.857102	0.867428	0.872156	0.856981	0.887981	0.904157	0.902914	0.924654	0.910276	0.90095	0.90807	0.778895	0.750219	0.749411	0.775947	0	0.77643	1.07642	1.05996	1.06084	1.06003	1.06265	1.07665	0.897671	0.916989	0.901175	0.920247	0.907536	0.91829	0.928051	0.955419	0.93356	0.949233	0.933052	0.925427	1.05729	1.06723	1.06328	1.06174	1.06083	1.06435	1.10522	1.09629	1.10613	1.09251	1.09352	1.09445	1.02782	1.02362	1.01957	1.01545	1.02869	1.02765	1.07609	1.09791	1.09561	1.07092	1.09342	1.0711	1.07722	1.07831	1.07637	1.07702	1.09605	1.06826	1.03887	1.02502	1.03975	1.02518	1.0253	1.02435	1.05472	1.05638	1.02447	1.06412	1.02955	1.05879	1.05472	1.05638	1.02447	1.06412	1.02955	1.05879
ERR607267	0.903156	0.903083	0.916486	0.900978	0.907538	0.908405	1.08725	1.09729	1.08233	1.09655	1.09344	1.09726	0.881002	0.867918	0.877893	0.880326	0.867732	0.899243	0.915805	0.915257	0.937806	0.92357	0.914494	0.919795	0.787817	0.764783	0.766666	0.783071	0.77643	0	1.08552	1.06954	1.07005	1.06928	1.07236	1.08651	0.906745	0.925847	0.909793	0.930654	0.917882	0.926475	0.938223	0.965087	0.942729	0.958033	0.942019	0.9361	1.06616	1.07883	1.07327	1.0712	1.07113	1.07306	1.11214	1.10283	1.11284	1.09908	1.09949	1.10087	1.0416	1.03721	1.0322	1.02821	1.04255	1.04148	1.08671	1.10652	1.10457	1.08033	1.10243	1.08028	1.08512	1.08611	1.08474	1.08491	1.10532	1.07655	1.04936	1.03586	1.05102	1.03637	1.03598	1.03489	1.06444	1.0663	1.0347	1.0761	1.04069	1.0688	1.06444	1.0663	1.0347	1.0761	1.04069	1.0688
ERR635348	1.08273	1.08278	1.09681	1.08111	1.08992	1.08844	0.913529	0.919954	0.908632	0.919536	0.917257	0.920165	1.08758	1.07664	1.08415	1.08793	1.07537	1.09643	1.09651	1.0956	1.10751	1.099	1.09177	1.09881	1.08672	1.06889	1.06758	1.08442	1.07642	1.08552	0	0.807901	0.808145	0.807478	0.80828	0.826959	1.09031	1.10296	1.09198	1.10354	1.09592	1.10264	1.02607	1.0447	1.02969	1.04213	1.0282	1.0238	0.904448	0.911805	0.908701	0.908713	0.905971	0.91198	0.963195	0.952626	0.963917	0.946482	0.948126	0.949356	0.982639	0.977764	0.970554	0.965978	0.98312	0.981908	0.916699	0.947643	0.943889	0.912279	0.939958	0.912143	0.931762	0.933994	0.930361	0.933403	0.955168	0.920849	0.989641	0.974985	0.992369	0.975768	0.974927	0.973915	1.00096	1.00379	0.971126	1.01075	0.977395	1.00701	1.00096	1.00379	0.971126	1.01075	0.977395	1.00701
ERR635350	1.0669	1.0667	1.08172	1.06469	1.07401	1.07249	0.894792	0.902572	0.889446	0.901971	0.89925	0.902444	1.07213	1.0604	1.06837	1.07231	1.05902	1.0816	1.08151	1.08077	1.09343	1.0846	1.07656	1.08381	1.07069	1.05176	1.05081	1.06833	1.05996	1.06954	0.807901	0	0.780633	0.779828	0.786735	0.807904	1.07522	1.08864	1.07644	1.0892	1.08131	1.08814	1.01101	1.03153	1.01508	1.02847	1.01368	1.00866	0.883787	0.892801	0.88967	0.888617	0.885963	0.892302	0.945826	0.934821	0.946961	0.927748	0.929905	0.931114	0.96376	0.95855	0.950662	0.945726	0.964508	0.963015	0.897111	0.930439	0.926053	0.892179	0.922207	0.892235	0.913795	0.91556	0.912334	0.914747	0.938839	0.901867	0.972472	0.956409	0.974993	0.957194	0.956124	0.955193	0.983335	0.986698	0.951365	0.994376	0.957848	0.990157	0.983335	0.986698	0.951365	0.994376	0.957848	0.990157
ERR635349	1.06765	1.06758	1.08242	1.06573	1.07498	1.07329	0.894692	0.902372	0.889153	0.902129	0.89932	0.902468	1.0727	1.06108	1.06886	1.07271	1.05959	1.08196	1.08211	1.08127	1.09405	1.08508	1.07747	1.08463	1.07143	1.05282	1.05161	1.06891	1.06084	1.07005	0.808145	0.780633	0	0.779668	0.786986	0.808093	1.07544	1.08898	1.07659	1.08984	1.08175	1.08852	1.0115	1.03175	1.01519	1.02872	1.01408	1.00887	0.883435	0.892297	0.889062	0.888417	0.885703	0.891836	0.945598	0.934736	0.94727	0.927843	0.930176	0.930895	0.964208	0.958906	0.951392	0.946219	0.964933	0.963698	0.897761	0.93039	0.926783	0.892498	0.922627	0.892386	0.914585	0.91681	0.913196	0.915409	0.93969	0.902471	0.973075	0.957129	0.975989	0.95809	0.956961	0.955709	0.984409	0.987632	0.952212	0.995665	0.959006	0.990951	0.984409	0.987632	0.952212	0.995665	0.959006	0.990951
ERR635351	1.06718	1.06708	1.08201	1.0652	1.07427	1.07311	0.895126	0.902811	0.889663	0.902474	0.899475	0.902631	1.07207	1.06064	1.06845	1.07217	1.05919	1.08184	1.08179	1.08097	1.09365	1.08487	1.07705	1.0842	1.0709	1.05176	1.05089	1.0681	1.06003	1.06928	0.807478	0.779828	0.779668	0	0.786043	0.807096	1.07503	1.08839	1.07631	1.08912	1.08088	1.08776	1.01139	1.03172	1.01485	1.02851	1.0135	1.00897	0.883234	0.892555	0.888908	0.887974	0.885231	0.891725	0.94501	0.93386	0.946185	0.926686	0.929291	0.930071	0.964072	0.958698	0.951122	0.945763	0.965021	0.963233	0.897613	0.930009	0.926295	0.892109	0.922338	0.891946	0.913413	0.915886	0.912388	0.914461	0.939307	0.902016	0.972767	0.956205	0.974727	0.95713	0.955912	0.95471	0.983574	0.98649	0.951105	0.994996	0.957673	0.989829	0.983574	0.98649	0.951105	0.994996	0.957673	0.989829
ERR635346	1.06914	1.06913	1.08371	1.06708	1.07644	1.07475	0.89597	0.903331	0.89089	0.903337	0.90039	0.903442	1.07481	1.06292	1.07076	1.07499	1.0618	1.08386	1.08367	1.08297	1.09525	1.08635	1.0786	1.08613	1.07336	1.05473	1.05343	1.07125	1.06265	1.07236	0.80828	0.786735	0.786986	0.786043	0	0.807921	1.07741	1.0906	1.07872	1.09113	1.08317	1.09016	1.0127	1.03288	1.01622	1.02975	1.01513	1.01012	0.886015	0.894114	0.891209	0.890496	0.887669	0.89441	0.948954	0.938019	0.950302	0.931169	0.933199	0.93431	0.965985	0.960981	0.953803	0.948648	0.966831	0.965288	0.899414	0.932137	0.928154	0.894414	0.924306	0.894249	0.916962	0.918767	0.915358	0.917809	0.941479	0.905196	0.975572	0.959547	0.977942	0.9603	0.959265	0.958251	0.986507	0.989365	0.954797	0.997095	0.960946	0.992773	0.986507	0.989365	0.954797	0.997095	0.960946	0.992773
ERR635347	1.08235	1.08229	1.09643	1.08084	1.08969	1.08797	0.912109	0.917235	0.907475	0.916868	0.91506	0.917147	1.08862	1.07753	1.08464	1.08898	1.07623	1.09664	1.09626	1.09567	1.1065	1.09837	1.0913	1.09866	1.08718	1.06968	1.06761	1.08512	1.07665	1.08651	0.826959	0.807904	0.808093	0.807096	0.807921	0	1.09145	1.10362	1.09241	1.10389	1.09635	1.10343	1.02522	1.04381	1.02895	1.04121	1.02801	1.02294	0.904889	0.909824	0.90831	0.908733	0.905278	0.912645	0.963739	0.95419	0.964549	0.948031	0.949734	0.950271	0.980942	0.97654	0.970161	0.965585	0.981446	0.98016	0.915078	0.946811	0.942629	0.912174	0.938843	0.911548	0.93272	0.934872	0.931182	0.934123	0.954695	0.921784	0.990215	0.975456	0.991937	0.976284	0.975461	0.974618	1.0017	1.00425	0.97215	1.00997	0.977558	1.0075	1.0017	1.00425	0.97215	1.00997	0.977558	1.0075
ERR617515	0.879189	0.878774	0.894703	0.876877	0.885447	0.886229	1.08783	1.09742	1.08311	1.09689	1.09352	1.09735	0.86721	0.85474	0.86431	0.866348	0.854469	0.882492	0.878954	0.878241	0.898761	0.885968	0.877985	0.882516	0.909092	0.888342	0.888224	0.906215	0.897671	0.906745	1.09031	1.07522	1.07544	1.07503	1.07741	1.09145	0	0.835973	0.814562	0.83957	0.822248	0.836101	0.915279	0.94164	0.920304	0.934914	0.919619	0.913308	1.06972	1.08049	1.07592	1.07452	1.07388	1.07651	1.11949	1.11102	1.12012	1.10679	1.10773	1.10884	1.06311	1.05864	1.05358	1.04997	1.06362	1.06309	1.09084	1.11084	1.1091	1.08521	1.10681	1.0855	1.08666	1.08741	1.08587	1.08643	1.10572	1.07813	1.0637	1.0504	1.06501	1.05133	1.05096	1.04993	1.07711	1.07935	1.04928	1.08799	1.05485	1.0814	1.07711	1.07935	1.04928	1.08799	1.05485	1.0814
ERR617512	0.897664	0.897245	0.911676	0.895334	0.904048	0.903871	1.10076	1.10945	1.09637	1.10898	1.10593	1.10942	0.885918	0.875003	0.883065	0.885317	0.874621	0.898787	0.895159	0.894752	0.913369	0.901559	0.894636	0.898603	0.927425	0.90871	0.908346	0.924901	0.916989	0.925847	1.10296	1.08864	1.08898	1.08839	1.0906	1.10362	0.835973	0	0.838417	0.854543	0.844539	0.851012	0.931289	0.954783	0.936348	0.948885	0.935551	0.929411	1.08379	1.09323	1.08936	1.08835	1.08732	1.09042	1.13082	1.123	1.13134	1.11893	1.11981	1.12137	1.07629	1.07238	1.06805	1.06447	1.07662	1.07633	1.10307	1.12249	1.12091	1.09806	1.11876	1.09843	1.10029	1.10081	1.0993	1.09978	1.11784	1.0919	1.07786	1.0652	1.07892	1.06595	1.06557	1.0648	1.08977	1.09183	1.06354	1.09986	1.06837	1.09397	1.08977	1.09183	1.06354	1.09986	1.06837	1.09397
ERR617514	0.881832	0.881564	0.896948	0.879471	0.888015	0.888813	1.08934	1.09864	1.08434	1.09785	1.09493	1.09866	0.869726	0.857667	0.866856	0.869076	0.857182	0.884574	0.881103	0.88024	0.89985	0.8881	0.879969	0.884867	0.912224	0.891714	0.891971	0.909259	0.901175	0.909793	1.09198	1.07644	1.07659	1.07631	1.07872	1.09241	0.814562	0.838417	0	0.842476	0.824794	0.838919	0.916826	0.942796	0.921931	0.936072	0.921048	0.914801	1.0712	1.08194	1.07768	1.07591	1.07533	1.07812	1.12063	1.11215	1.12142	1.10819	1.10877	1.10995	1.06519	1.06077	1.05591	1.05215	1.06563	1.06491	1.0917	1.11189	1.11003	1.08632	1.10788	1.08664	1.08811	1.08892	1.08736	1.08801	1.10684	1.0794	1.06604	1.05276	1.06732	1.05352	1.05284	1.05214	1.07942	1.08126	1.05138	1.08985	1.05685	1.08331	1.07942	1.08126	1.05138	1.08985	1.05685	1.08331
ERR617511	0.897116	0.896711	0.911276	0.894659	0.903958	0.903265	1.10127	1.10865	1.09663	1.10813	1.10532	1.10876	0.889926	0.87792	0.885795	0.889376	0.878143	0.900123	0.895775	0.895691	0.911397	0.900964	0.893977	0.899486	0.931114	0.912901	0.911304	0.92979	0.920247	0.930654	1.10354	1.0892	1.08984	1.08912	1.09113	1.10389	0.83957	0.854543	0.842476	0	0.847295	0.854719	0.933103	0.956175	0.938914	0.950458	0.938261	0.930829	1.08544	1.09261	1.09034	1.08966	1.08784	1.09195	1.1329	1.12532	1.13375	1.1217	1.12262	1.12355	1.07401	1.0703	1.06708	1.06366	1.07441	1.07394	1.1026	1.1233	1.12101	1.09905	1.11949	1.09919	1.10236	1.10302	1.10109	1.10201	1.11818	1.09349	1.0781	1.06572	1.07862	1.06608	1.06595	1.06519	1.0901	1.0927	1.0647	1.09859	1.06898	1.0942	1.0901	1.0927	1.0647	1.09859	1.06898	1.0942
ERR617516	0.885223	0.885496	0.900495	0.883202	0.892615	0.892009	1.09361	1.10183	1.08877	1.10132	1.09825	1.10186	0.877185	0.864709	0.872861	0.876363	0.864459	0.888812	0.885118	0.884247	0.901777	0.890807	0.883097	0.888547	0.919228	0.899204	0.898491	0.917393	0.907536	0.917882	1.09592	1.08131	1.08175	1.08088	1.08317	1.09635	0.822248	0.844539	0.824794	0.847295	0	0.844567	0.921376	0.946037	0.927272	0.940099	0.926362	0.919003	1.07642	1.0848	1.08184	1.0809	1.07951	1.08323	1.12544	1.11722	1.1261	1.11367	1.11423	1.11547	1.06678	1.06258	1.05851	1.05479	1.06696	1.06652	1.09549	1.1162	1.114	1.09111	1.11203	1.09116	1.09393	1.09456	1.09266	1.09366	1.11125	1.08534	1.06961	1.05665	1.07043	1.05759	1.05697	1.05629	1.0826	1.08486	1.0557	1.09167	1.06083	1.0867	1.0826	1.08486	1.0557	1.09167	1.06083	1.0867
ERR617513	0.898193	0.898146	0.912447	0.896191	0.904483	0.904686	1.10067	1.10922	1.09574	1.10878	1.10593	1.10939	0.886692	0.875708	0.883696	0.886048	0.875524	0.899101	0.896148	0.895486	0.913606	0.902627	0.895135	0.899129	0.928419	0.909769	0.909477	0.925632	0.91829	0.926475	1.10264	1.08814	1.08852	1.08776	1.09016	1.10343	0.836101	0.851012	0.838919	0.854719	0.844567	0	0.930964	0.954582	0.935859	0.948415	0.934965	0.928919	1.08306	1.09257	1.08881	1.08775	1.0869	1.08976	1.13063	1.12256	1.13123	1.11914	1.11957	1.12093	1.0772	1.07325	1.06879	1.06512	1.07771	1.07733	1.10278	1.12214	1.12058	1.09825	1.11855	1.09795	1.09989	1.10079	1.09919	1.1002	1.1177	1.09168	1.07878	1.06586	1.07963	1.06635	1.06609	1.06533	1.09061	1.09271	1.06443	1.10077	1.06923	1.09443	1.09061	1.09271	1.06443	1.10077	1.06923	1.09443
ERR636636	0.912211	0.911576	0.930591	0.909104	0.920691	0.92022	1.01536	1.02169	1.01139	1.02104	1.01942	1.02176	0.899634	0.886438	0.895991	0.8993	0.886268	0.912559	0.923071	0.922394	0.939599	0.928993	0.9205	0.926771	0.940271	0.918684	0.917763	0.936989	0.928051	0.938223	1.02607	1.01101	1.0115	1.01139	1.0127	1.02522	0.915279	0.931289	0.916826	0.933103	0.921376	0.930964	0	0.81084	0.78469	0.800109	0.78393	0.771947	1.01018	1.01783	1.01497	1.01409	1.01234	1.01693	1.07891	1.0705	1.08013	1.06671	1.06746	1.0687	1.07632	1.07158	1.06672	1.06281	1.07668	1.07581	1.03168	1.0574	1.05439	1.02875	1.05164	1.02888	1.03528	1.03708	1.03348	1.03575	1.0549	1.02581	1.07018	1.05683	1.07173	1.05786	1.05687	1.05683	1.08981	1.09239	1.06421	1.09987	1.06949	1.09453	1.08981	1.09239	1.06421	1.09987	1.06949	1.09453
ERR636632	0.938805	0.938246	0.955003	0.936155	0.946569	0.945939	1.03501	1.0406	1.03186	1.03999	1.03836	1.03998	0.928317	0.91732	0.924916	0.92849	0.916784	0.938171	0.947807	0.947795	0.962179	0.952867	0.945211	0.951468	0.966704	0.947443	0.946147	0.964138	0.955419	0.965087	1.0447	1.03153	1.03175	1.03172	1.03288	1.04381	0.94164	0.954783	0.942796	0.956175	0.946037	0.954582	0.81084	0	0.813707	0.830793	0.813695	0.807835	1.03211	1.03729	1.03575	1.03547	1.03316	1.03791	1.09678	1.08936	1.09804	1.08601	1.08651	1.08762	1.09506	1.0909	1.08654	1.08322	1.09533	1.09463	1.05042	1.07491	1.07185	1.04819	1.06912	1.04837	1.05426	1.05613	1.05267	1.05569	1.07188	1.04607	1.09047	1.07794	1.09116	1.07867	1.07806	1.07771	1.10787	1.11016	1.08443	1.11627	1.08888	1.11218	1.10787	1.11016	1.08443	1.11627	1.08888	1.11218
ERR636631	0.917485	0.917182	0.935558	0.914728	0.92501	0.925577	1.01899	1.02592	1.01489	1.02531	1.02356	1.02603	0.904815	0.892857	0.901855	0.905017	0.8924	0.918923	0.92862	0.92785	0.945926	0.93508	0.926258	0.93242	0.944893	0.923632	0.923578	0.941444	0.93356	0.942729	1.02969	1.01508	1.01519	1.01485	1.01622	1.02895	0.920304	0.936348	0.921931	0.938914	0.927272	0.935859	0.78469	0.813707	0	0.807973	0.786669	0.781127	1.01313	1.02192	1.01837	1.01714	1.01567	1.01934	1.08172	1.07296	1.08305	1.06918	1.06961	1.07143	1.08158	1.07646	1.0709	1.06715	1.08179	1.08072	1.03581	1.06043	1.05814	1.03197	1.05495	1.03242	1.03778	1.0396	1.03624	1.03871	1.05793	1.02845	1.07428	1.0611	1.07593	1.06176	1.06108	1.06057	1.09356	1.09604	1.06837	1.10461	1.07357	1.09849	1.09356	1.09604	1.06837	1.10461	1.07357	1.09849
ERR636634	0.933297	0.933026	0.950035	0.93031	0.941109	0.940512	1.03224	1.03805	1.02884	1.0374	1.036	1.0381	0.920067	0.908733	0.917039	0.920127	0.908737	0.931357	0.942149	0.941524	0.956945	0.947479	0.939837	0.945247	0.959524	0.940327	0.939276	0.95702	0.949233	0.958033	1.04213	1.02847	1.02872	1.02851	1.02975	1.04121	0.934914	0.948885	0.936072	0.950458	0.940099	0.948415	0.800109	0.830793	0.807973	0	0.807833	0.797065	1.02787	1.03486	1.0323	1.03187	1.02981	1.03391	1.09316	1.08558	1.09464	1.08154	1.08238	1.08338	1.09281	1.08833	1.08347	1.07996	1.09298	1.09227	1.04788	1.07209	1.0691	1.04507	1.0667	1.04542	1.05059	1.05259	1.04934	1.05159	1.06936	1.04188	1.08696	1.07411	1.08828	1.07522	1.07421	1.07358	1.10489	1.10721	1.08107	1.11432	1.08581	1.10917	1.10489	1.10721	1.08107	1.11432	1.08581	1.10917
ERR636633	0.916529	0.916104	0.934637	0.913476	0.924057	0.924545	1.0178	1.0253	1.01416	1.02428	1.02224	1.02498	0.904132	0.891801	0.900909	0.904051	0.891488	0.917762	0.928173	0.927674	0.945501	0.93476	0.925674	0.931743	0.94427	0.922492	0.922706	0.94083	0.933052	0.942019	1.0282	1.01368	1.01408	1.0135	1.01513	1.02801	0.919619	0.935551	0.921048	0.938261	0.926362	0.934965	0.78393	0.813695	0.786669	0.807833	0	0.780699	1.0119	1.02099	1.01774	1.01609	1.01496	1.01845	1.08063	1.07232	1.08231	1.06851	1.06888	1.07056	1.08042	1.07541	1.07025	1.06621	1.0807	1.07998	1.03519	1.05939	1.05714	1.03096	1.05378	1.03123	1.03678	1.03867	1.03528	1.0378	1.05754	1.02763	1.07296	1.05972	1.07513	1.06059	1.06	1.05939	1.09277	1.09487	1.06718	1.10351	1.07254	1.09739	1.09277	1.09487	1.06718	1.10351	1.07254	1.09739
ERR636635	0.908927	0.908401	0.927836	0.905789	0.917445	0.916818	1.0124	1.01895	1.00859	1.01819	1.01649	1.01878	0.897288	0.88435	0.893751	0.897308	0.883919	0.910231	0.920921	0.920325	0.937527	0.926666	0.917759	0.924521	0.937583	0.915985	0.914567	0.934854	0.925427	0.9361	1.0238	1.00866	1.00887	1.00897	1.01012	1.02294	0.913308	0.929411	0.914801	0.930829	0.919003	0.928919	0.771947	0.807835	0.781127	0.797065	0.780699	0	1.00762	1.01488	1.01241	1.0116	1.00952	1.01408	1.07661	1.06847	1.07802	1.06426	1.06487	1.06643	1.07358	1.06883	1.06384	1.05991	1.07371	1.07283	1.02924	1.05542	1.05253	1.02621	1.04965	1.02655	1.03297	1.03487	1.03118	1.03393	1.053	1.02339	1.06766	1.05401	1.06895	1.05485	1.05396	1.05359	1.08731	1.08995	1.0616	1.09726	1.06685	1.09176	1.08731	1.08995	1.0616	1.09726	1.06685	1.09176
