	ERR617222	ERR617226	ERR617224	ERR617225	ERR617221	ERR617223	ERR613986	ERR613985	ERR613989	ERR613984	ERR613987	ERR613988	ERR617222	ERR617226	ERR617224	ERR617225	ERR617221	ERR617223	ERR636720	ERR636718	ERR636716	ERR636719	ERR636717	ERR636715	ERR607764	ERR607768	ERR607763	ERR607766	ERR607765	ERR607767	ERR608582	ERR608584	ERR608580	ERR608583	ERR608579	ERR608581	ERR613633	ERR613630	ERR613634	ERR613629	ERR613631	ERR613632	ERR613505	ERR613504	ERR613503	ERR613507	ERR613506	ERR613508	ERR621967	ERR621969	ERR621968	ERR621972	ERR621970	ERR621971	ERR616484	ERR616483	ERR616482	ERR616485	ERR616480	ERR616481	ERR616633	ERR616629	ERR616631	ERR616628	ERR616630	ERR616632	ERR618293	ERR618292	ERR618295	ERR618296	ERR618291	ERR618294	ERR626708	ERR626706	ERR626707	ERR626709	ERR626704	ERR626705	ERR632057	ERR632055	ERR632060	ERR632059	ERR632058	ERR632056	ERR618308	ERR618307	ERR618305	ERR618306	ERR618303	ERR618304	ERR616222	ERR616226	ERR616223	ERR616225	ERR616227	ERR616224
ERR617222	6.77843e+09	6.07247e+09	6.9587e+09	7.02108e+09	6.22012e+09	6.52333e+09	6.19925e+09	7.00292e+09	6.97897e+09	7.33531e+09	6.94672e+09	6.97509e+09	6.77843e+09	6.07247e+09	6.9587e+09	7.02108e+09	6.22012e+09	6.52333e+09	6.88997e+09	6.88432e+09	6.82095e+09	6.88722e+09	6.78464e+09	6.49104e+09	7.10826e+09	7.07229e+09	6.79676e+09	7.01053e+09	7.08909e+09	7.03096e+09	6.61918e+09	6.64057e+09	6.4125e+09	6.59455e+09	4.99687e+09	6.68265e+09	6.35973e+09	6.74235e+09	5.51116e+09	6.84972e+09	6.52187e+09	6.39336e+09	6.56825e+09	6.58349e+09	6.60201e+09	5.92586e+09	5.9896e+09	5.90624e+09	5.18688e+09	5.08016e+09	5.06318e+09	4.59639e+09	4.52402e+09	4.90077e+09	6.97884e+09	6.89958e+09	6.09982e+09	6.93649e+09	6.06296e+09	4.36593e+09	6.79062e+09	6.14027e+09	6.78542e+09	6.04429e+09	5.81866e+09	6.77606e+09	5.58536e+09	5.39116e+09	5.36367e+09	5.2509e+09	5.42809e+09	5.49012e+09	6.34045e+09	5.89835e+09	6.27103e+09	6.29313e+09	6.93301e+09	6.51652e+09	6.84271e+09	6.39468e+09	6.20294e+09	6.22609e+09	6.2365e+09	6.66238e+09	5.82559e+09	5.90827e+09	6.14616e+09	6.11713e+09	5.94652e+09	5.9294e+09	6.14479e+09	6.89358e+09	6.48823e+09	6.89346e+09	7.01518e+09	5.95329e+09
ERR617226	6.07247e+09	5.92394e+09	6.44901e+09	6.50611e+09	5.80441e+09	6.05611e+09	5.8483e+09	6.54635e+09	6.52001e+09	6.83689e+09	6.49007e+09	6.5153e+09	6.07247e+09	5.92394e+09	6.44901e+09	6.50611e+09	5.80441e+09	6.05611e+09	6.45131e+09	6.44776e+09	6.38353e+09	6.45e+09	6.3676e+09	6.0974e+09	6.64253e+09	6.61612e+09	6.37474e+09	6.5633e+09	6.64033e+09	6.58055e+09	6.19351e+09	6.21533e+09	6.00813e+09	6.17081e+09	4.73666e+09	6.24065e+09	5.97596e+09	6.34165e+09	5.21461e+09	6.42773e+09	6.14292e+09	6.00722e+09	6.17604e+09	6.189e+09	6.20672e+09	5.57478e+09	5.63526e+09	5.55883e+09	4.80803e+09	4.71425e+09	4.69684e+09	4.2835e+09	4.21569e+09	4.55927e+09	6.54123e+09	6.47408e+09	5.72796e+09	6.50623e+09	5.69778e+09	4.12891e+09	6.35795e+09	5.75382e+09	6.35325e+09	5.66885e+09	5.45503e+09	6.34499e+09	5.22644e+09	5.05088e+09	5.03007e+09	4.92893e+09	5.09953e+09	5.13955e+09	5.93213e+09	5.5547e+09	5.86999e+09	5.88962e+09	6.46802e+09	6.09666e+09	6.42764e+09	6.04209e+09	5.876e+09	5.89715e+09	5.90666e+09	6.26601e+09	5.45639e+09	5.52969e+09	5.73758e+09	5.71082e+09	5.57393e+09	5.54433e+09	5.70766e+09	6.3952e+09	6.01418e+09	6.39127e+09	6.50175e+09	5.52152e+09
ERR617224	6.9587e+09	6.44901e+09	7.68836e+09	7.49713e+09	6.607e+09	6.94114e+09	6.60181e+09	7.48013e+09	7.45428e+09	7.84714e+09	7.41874e+09	7.44994e+09	6.9587e+09	6.44901e+09	7.68836e+09	7.49713e+09	6.607e+09	6.94114e+09	7.35687e+09	7.34972e+09	7.28047e+09	7.35308e+09	7.2403e+09	6.91877e+09	7.59783e+09	7.55894e+09	7.25558e+09	7.49072e+09	7.57631e+09	7.51417e+09	7.063e+09	7.08676e+09	6.83593e+09	7.03602e+09	5.2946e+09	7.1323e+09	6.77812e+09	7.19689e+09	5.85774e+09	7.3143e+09	6.95616e+09	6.81402e+09	7.00564e+09	7.02267e+09	7.04197e+09	6.30357e+09	6.37397e+09	6.28206e+09	5.50441e+09	5.38848e+09	5.3703e+09	4.86437e+09	4.78622e+09	5.1937e+09	7.45979e+09	7.37234e+09	6.49776e+09	7.41283e+09	6.45677e+09	4.61619e+09	7.25265e+09	6.54154e+09	7.2464e+09	6.43553e+09	6.18957e+09	7.23627e+09	5.9263e+09	5.71559e+09	5.68685e+09	5.5645e+09	5.75663e+09	5.82376e+09	6.76051e+09	6.27932e+09	6.68506e+09	6.70927e+09	7.40879e+09	6.95243e+09	7.30294e+09	6.8146e+09	6.60595e+09	6.63058e+09	6.64253e+09	7.10456e+09	6.18763e+09	6.27839e+09	6.5389e+09	6.50674e+09	6.32089e+09	6.30116e+09	6.5448e+09	7.36615e+09	6.92147e+09	7.366e+09	7.50024e+09	6.33622e+09
ERR617225	7.02108e+09	6.50611e+09	7.49713e+09	7.83117e+09	6.66565e+09	7.00404e+09	6.66391e+09	7.55346e+09	7.52651e+09	7.92584e+09	7.49074e+09	7.52278e+09	7.02108e+09	6.50611e+09	7.49713e+09	7.83117e+09	6.66565e+09	7.00404e+09	7.42788e+09	7.4221e+09	7.35023e+09	7.42478e+09	7.3107e+09	6.98404e+09	7.6725e+09	7.63353e+09	7.326e+09	7.56398e+09	7.65153e+09	7.58764e+09	7.13444e+09	7.15812e+09	6.90359e+09	7.10652e+09	5.34329e+09	7.20384e+09	6.8424e+09	7.26928e+09	5.91071e+09	7.38725e+09	7.02444e+09	6.87903e+09	7.07494e+09	7.09155e+09	7.11155e+09	6.36133e+09	6.4327e+09	6.34071e+09	5.55365e+09	5.43666e+09	5.41796e+09	4.90626e+09	4.82696e+09	5.23886e+09	7.53846e+09	7.45029e+09	6.56096e+09	7.49122e+09	6.51976e+09	4.65519e+09	7.32822e+09	6.60639e+09	7.32241e+09	6.49903e+09	6.24956e+09	7.31118e+09	5.98326e+09	5.76985e+09	5.74045e+09	5.61708e+09	5.81239e+09	5.87862e+09	6.82721e+09	6.34099e+09	6.75056e+09	6.77534e+09	7.48551e+09	7.02237e+09	7.37424e+09	6.87959e+09	6.6686e+09	6.6938e+09	6.70556e+09	7.17331e+09	6.24721e+09	6.3392e+09	6.60225e+09	6.56966e+09	6.38203e+09	6.36229e+09	6.60722e+09	7.44059e+09	6.98928e+09	7.44085e+09	7.57667e+09	6.3959e+09
ERR617221	6.22012e+09	5.80441e+09	6.607e+09	6.66565e+09	6.15304e+09	6.20504e+09	5.9352e+09	6.67415e+09	6.65025e+09	6.97997e+09	6.62024e+09	6.64665e+09	6.22012e+09	5.80441e+09	6.607e+09	6.66565e+09	6.15304e+09	6.20504e+09	6.57229e+09	6.56753e+09	6.50581e+09	6.57021e+09	6.47725e+09	6.20272e+09	6.7721e+09	6.74217e+09	6.48764e+09	6.68516e+09	6.75979e+09	6.7041e+09	6.31303e+09	6.33399e+09	6.11971e+09	6.28972e+09	4.79684e+09	6.36793e+09	6.07918e+09	6.44281e+09	5.28666e+09	6.53924e+09	6.23676e+09	6.11062e+09	6.27702e+09	6.29126e+09	6.30843e+09	5.67065e+09	5.73192e+09	5.65325e+09	4.94202e+09	4.84303e+09	4.82692e+09	4.39213e+09	4.323e+09	4.67747e+09	6.65494e+09	6.58205e+09	5.83032e+09	6.61626e+09	5.79596e+09	4.19424e+09	6.47448e+09	5.86246e+09	6.46939e+09	5.7734e+09	5.55994e+09	6.46056e+09	5.33414e+09	5.15274e+09	5.12792e+09	5.02206e+09	5.19322e+09	5.24471e+09	6.0504e+09	5.64527e+09	5.98648e+09	6.00653e+09	6.60239e+09	6.21686e+09	6.53472e+09	6.12359e+09	5.94507e+09	5.96696e+09	5.97686e+09	6.36698e+09	5.56267e+09	5.63986e+09	5.86038e+09	5.83205e+09	5.68039e+09	5.65802e+09	5.85153e+09	6.55193e+09	6.17049e+09	6.55019e+09	6.66358e+09	5.66868e+09
ERR617223	6.52333e+09	6.05611e+09	6.94114e+09	7.00404e+09	6.20504e+09	6.74584e+09	6.17424e+09	6.97677e+09	6.95351e+09	7.3092e+09	6.9215e+09	6.94988e+09	6.52333e+09	6.05611e+09	6.94114e+09	7.00404e+09	6.20504e+09	6.74584e+09	6.86417e+09	6.85818e+09	6.79524e+09	6.86142e+09	6.7584e+09	6.46558e+09	7.08138e+09	7.04497e+09	6.76985e+09	6.98252e+09	7.06102e+09	7.00423e+09	6.5965e+09	6.61765e+09	6.3896e+09	6.57165e+09	4.97681e+09	6.65952e+09	6.33624e+09	6.71563e+09	5.48982e+09	6.82368e+09	6.49538e+09	6.36969e+09	6.54317e+09	6.55871e+09	6.57628e+09	5.9046e+09	5.96866e+09	5.88531e+09	5.17903e+09	5.07276e+09	5.05651e+09	4.59043e+09	4.51812e+09	4.89414e+09	6.95352e+09	6.87308e+09	6.0784e+09	6.91037e+09	6.0407e+09	4.35161e+09	6.76837e+09	6.12042e+09	6.76321e+09	6.02436e+09	5.80131e+09	6.75316e+09	5.57178e+09	5.37756e+09	5.34995e+09	5.23689e+09	5.41323e+09	5.47634e+09	6.31765e+09	5.87639e+09	6.24892e+09	6.27107e+09	6.90871e+09	6.49312e+09	6.81721e+09	6.36764e+09	6.17768e+09	6.20117e+09	6.21161e+09	6.63586e+09	5.80874e+09	5.89128e+09	6.13009e+09	6.09938e+09	5.92866e+09	5.91293e+09	6.13153e+09	6.87743e+09	6.47479e+09	6.87746e+09	6.99868e+09	5.94264e+09
ERR613986	6.19925e+09	5.8483e+09	6.60181e+09	6.66391e+09	5.9352e+09	6.17424e+09	7.33995e+09	7.7993e+09	7.77073e+09	8.06643e+09	7.74408e+09	7.76573e+09	6.19925e+09	5.8483e+09	6.60181e+09	6.66391e+09	5.9352e+09	6.17424e+09	7.61549e+09	7.61206e+09	7.55496e+09	7.6137e+09	7.54248e+09	7.28431e+09	7.81372e+09	7.78931e+09	7.57171e+09	7.7414e+09	7.81087e+09	7.75636e+09	7.22097e+09	7.24665e+09	7.00082e+09	7.18971e+09	5.49533e+09	7.26911e+09	7.1741e+09	7.55367e+09	6.32632e+09	7.63342e+09	7.36938e+09	7.20756e+09	7.26782e+09	7.28428e+09	7.30447e+09	6.52543e+09	6.60831e+09	6.50844e+09	5.33653e+09	5.23225e+09	5.20255e+09	4.74093e+09	4.66156e+09	5.05919e+09	7.71442e+09	7.65211e+09	6.81849e+09	7.68338e+09	6.78259e+09	4.82344e+09	7.48778e+09	6.77543e+09	7.48248e+09	6.67157e+09	6.38974e+09	7.47595e+09	5.55014e+09	5.3651e+09	5.3473e+09	5.24045e+09	5.43285e+09	5.46152e+09	7.16767e+09	6.77967e+09	7.10217e+09	7.12377e+09	7.69082e+09	7.33963e+09	7.54994e+09	7.19175e+09	7.00505e+09	7.03128e+09	7.03964e+09	7.39651e+09	5.95582e+09	6.03401e+09	6.25779e+09	6.2315e+09	6.1011e+09	6.04489e+09	6.50921e+09	7.3395e+09	6.86661e+09	7.32718e+09	7.45493e+09	6.26373e+09
ERR613985	7.00292e+09	6.54635e+09	7.48013e+09	7.55346e+09	6.67415e+09	6.97677e+09	7.7993e+09	8.88217e+09	8.60564e+09	8.98183e+09	8.57199e+09	8.6003e+09	7.00292e+09	6.54635e+09	7.48013e+09	7.55346e+09	6.67415e+09	6.97677e+09	8.40796e+09	8.40274e+09	8.33479e+09	8.40512e+09	8.30878e+09	7.99186e+09	8.65872e+09	8.62491e+09	8.34701e+09	8.56313e+09	8.64677e+09	8.58269e+09	8.00135e+09	8.03033e+09	7.74409e+09	7.96665e+09	6.00529e+09	8.06527e+09	7.86775e+09	8.31901e+09	6.86563e+09	8.42564e+09	8.0888e+09	7.90719e+09	8.01009e+09	8.02939e+09	8.0528e+09	7.1627e+09	7.25473e+09	7.14137e+09	5.9387e+09	5.81649e+09	5.78624e+09	5.24873e+09	5.15968e+09	5.61208e+09	8.55059e+09	8.47032e+09	7.49495e+09	8.50907e+09	7.45095e+09	5.24824e+09	8.29065e+09	7.4693e+09	8.28399e+09	7.34776e+09	7.03576e+09	8.27568e+09	6.23773e+09	6.02012e+09	5.99753e+09	5.87163e+09	6.08786e+09	6.13349e+09	7.88305e+09	7.40201e+09	7.80361e+09	7.83015e+09	8.52543e+09	8.08748e+09	8.31875e+09	7.86418e+09	7.63832e+09	7.66959e+09	7.67979e+09	8.1281e+09	6.65536e+09	6.74838e+09	7.01635e+09	6.98563e+09	6.81721e+09	6.76504e+09	7.23623e+09	8.18975e+09	7.65418e+09	8.17885e+09	8.32857e+09	6.96824e+09
ERR613989	6.97897e+09	6.52001e+09	7.45428e+09	7.52651e+09	6.65025e+09	6.95351e+09	7.77073e+09	8.60564e+09	8.81832e+09	8.94644e+09	8.5456e+09	8.57256e+09	6.97897e+09	6.52001e+09	7.45428e+09	7.52651e+09	6.65025e+09	6.95351e+09	8.37793e+09	8.37249e+09	8.30603e+09	8.37467e+09	8.27723e+09	7.96419e+09	8.62618e+09	8.59194e+09	8.31526e+09	8.53043e+09	8.61165e+09	8.55053e+09	7.97297e+09	8.00155e+09	7.71645e+09	7.93865e+09	5.98335e+09	8.03754e+09	7.84189e+09	8.28541e+09	6.8433e+09	8.39267e+09	8.05731e+09	7.88089e+09	7.97918e+09	7.99794e+09	8.02095e+09	7.13845e+09	7.23034e+09	7.11717e+09	5.93288e+09	5.81071e+09	5.78071e+09	5.24328e+09	5.15471e+09	5.60632e+09	8.51677e+09	8.43553e+09	7.47026e+09	8.47496e+09	7.4261e+09	5.23386e+09	8.26171e+09	7.44628e+09	8.25511e+09	7.32476e+09	7.01477e+09	8.24638e+09	6.21431e+09	5.99761e+09	5.97382e+09	5.84914e+09	6.0629e+09	6.11056e+09	7.86037e+09	7.37927e+09	7.78179e+09	7.80755e+09	8.49663e+09	8.06221e+09	8.28775e+09	7.83277e+09	7.60907e+09	7.63977e+09	7.65011e+09	8.09755e+09	6.63019e+09	6.72338e+09	6.99105e+09	6.95996e+09	6.79015e+09	6.74062e+09	7.2216e+09	8.17104e+09	7.63927e+09	8.16074e+09	8.30961e+09	6.9566e+09
ERR613984	7.33531e+09	6.83689e+09	7.84714e+09	7.92584e+09	6.97997e+09	7.3092e+09	8.06643e+09	8.98183e+09	8.94644e+09	9.62876e+09	8.90998e+09	8.94054e+09	7.33531e+09	6.83689e+09	7.84714e+09	7.92584e+09	6.97997e+09	7.3092e+09	8.73109e+09	8.72543e+09	8.65154e+09	8.72766e+09	8.62111e+09	8.27693e+09	9.00649e+09	8.9691e+09	8.66368e+09	8.9011e+09	8.992e+09	8.92307e+09	8.32883e+09	8.35902e+09	8.05563e+09	8.29269e+09	6.21832e+09	8.39959e+09	8.15279e+09	8.6372e+09	7.08814e+09	8.75393e+09	8.38743e+09	8.19483e+09	8.31983e+09	8.34017e+09	8.36503e+09	7.42561e+09	7.52214e+09	7.4026e+09	6.19184e+09	6.06228e+09	6.03175e+09	5.46114e+09	5.36755e+09	5.84413e+09	8.90439e+09	8.81605e+09	7.77736e+09	8.85918e+09	7.72968e+09	5.42411e+09	8.62808e+09	7.75861e+09	8.6215e+09	7.62974e+09	7.30407e+09	8.61221e+09	6.52916e+09	6.29702e+09	6.27273e+09	6.13939e+09	6.36667e+09	6.41812e+09	8.17814e+09	7.65987e+09	8.09306e+09	8.12139e+09	8.87434e+09	8.39752e+09	8.63553e+09	8.14115e+09	7.90135e+09	7.93376e+09	7.94534e+09	8.42763e+09	6.94969e+09	7.04971e+09	7.33648e+09	7.30337e+09	7.11962e+09	7.06801e+09	7.54182e+09	8.552e+09	7.98757e+09	8.54121e+09	8.70189e+09	7.26367e+09
ERR613987	6.94672e+09	6.49007e+09	7.41874e+09	7.49074e+09	6.62024e+09	6.9215e+09	7.74408e+09	8.57199e+09	8.5456e+09	8.90998e+09	8.75078e+09	8.53992e+09	6.94672e+09	6.49007e+09	7.41874e+09	7.49074e+09	6.62024e+09	6.9215e+09	8.34532e+09	8.34009e+09	8.2745e+09	8.34267e+09	8.24554e+09	7.9354e+09	8.59194e+09	8.55817e+09	8.28344e+09	8.49666e+09	8.57716e+09	8.51696e+09	7.94058e+09	7.9683e+09	7.68483e+09	7.90576e+09	5.96067e+09	8.00467e+09	7.81377e+09	8.25346e+09	6.82086e+09	8.36032e+09	8.02691e+09	7.85261e+09	7.94689e+09	7.96594e+09	7.98873e+09	7.11172e+09	7.20228e+09	7.09013e+09	5.91063e+09	5.78942e+09	5.7595e+09	5.2247e+09	5.13628e+09	5.58571e+09	8.48053e+09	8.40019e+09	7.44175e+09	8.43967e+09	7.39802e+09	5.21611e+09	8.22735e+09	7.41723e+09	8.22083e+09	7.2967e+09	6.98834e+09	8.21246e+09	6.18473e+09	5.96942e+09	5.94571e+09	5.82118e+09	6.03384e+09	6.08163e+09	7.83167e+09	7.35323e+09	7.75369e+09	7.77939e+09	8.46264e+09	8.03188e+09	8.25562e+09	7.80462e+09	7.58172e+09	7.61231e+09	7.62261e+09	8.06712e+09	6.6002e+09	6.69303e+09	6.95916e+09	6.92809e+09	6.75943e+09	6.70976e+09	7.19346e+09	8.13687e+09	7.60856e+09	8.1265e+09	8.27447e+09	6.9301e+09
ERR613988	6.97509e+09	6.5153e+09	7.44994e+09	7.52278e+09	6.64665e+09	6.94988e+09	7.76573e+09	8.6003e+09	8.57256e+09	8.94054e+09	8.53992e+09	8.80756e+09	6.97509e+09	6.5153e+09	7.44994e+09	7.52278e+09	6.64665e+09	6.94988e+09	8.37264e+09	8.36768e+09	8.30084e+09	8.37013e+09	8.27208e+09	7.95936e+09	8.62004e+09	8.58615e+09	8.31006e+09	8.52504e+09	8.60568e+09	8.54461e+09	7.96642e+09	7.99468e+09	7.71016e+09	7.93134e+09	5.97821e+09	8.03079e+09	7.83699e+09	8.27957e+09	6.83926e+09	8.38768e+09	8.05174e+09	7.87595e+09	7.97237e+09	7.99169e+09	8.01454e+09	7.13291e+09	7.22454e+09	7.11169e+09	5.92928e+09	5.807e+09	5.77737e+09	5.24017e+09	5.15172e+09	5.60263e+09	8.50961e+09	8.42885e+09	7.46438e+09	8.46814e+09	7.42098e+09	5.23024e+09	8.25548e+09	7.44108e+09	8.24895e+09	7.31989e+09	7.01039e+09	8.24023e+09	6.20813e+09	5.99138e+09	5.96792e+09	5.84281e+09	6.05686e+09	6.10458e+09	7.85482e+09	7.37356e+09	7.77609e+09	7.80159e+09	8.48956e+09	8.05571e+09	8.28212e+09	7.82781e+09	7.60409e+09	7.63465e+09	7.64514e+09	8.09238e+09	6.6242e+09	6.71776e+09	6.98502e+09	6.95416e+09	6.78398e+09	6.73458e+09	7.21687e+09	8.16477e+09	7.63438e+09	8.15441e+09	8.30396e+09	6.95262e+09
ERR617222	6.77843e+09	6.07247e+09	6.9587e+09	7.02108e+09	6.22012e+09	6.52333e+09	6.19925e+09	7.00292e+09	6.97897e+09	7.33531e+09	6.94672e+09	6.97509e+09	6.77843e+09	6.07247e+09	6.9587e+09	7.02108e+09	6.22012e+09	6.52333e+09	6.88997e+09	6.88432e+09	6.82095e+09	6.88722e+09	6.78464e+09	6.49104e+09	7.10826e+09	7.07229e+09	6.79676e+09	7.01053e+09	7.08909e+09	7.03096e+09	6.61918e+09	6.64057e+09	6.4125e+09	6.59455e+09	4.99687e+09	6.68265e+09	6.35973e+09	6.74235e+09	5.51116e+09	6.84972e+09	6.52187e+09	6.39336e+09	6.56825e+09	6.58349e+09	6.60201e+09	5.92586e+09	5.9896e+09	5.90624e+09	5.18688e+09	5.08016e+09	5.06318e+09	4.59639e+09	4.52402e+09	4.90077e+09	6.97884e+09	6.89958e+09	6.09982e+09	6.93649e+09	6.06296e+09	4.36593e+09	6.79062e+09	6.14027e+09	6.78542e+09	6.04429e+09	5.81866e+09	6.77606e+09	5.58536e+09	5.39116e+09	5.36367e+09	5.2509e+09	5.42809e+09	5.49012e+09	6.34045e+09	5.89835e+09	6.27103e+09	6.29313e+09	6.93301e+09	6.51652e+09	6.84271e+09	6.39468e+09	6.20294e+09	6.22609e+09	6.2365e+09	6.66238e+09	5.82559e+09	5.90827e+09	6.14616e+09	6.11713e+09	5.94652e+09	5.9294e+09	6.14479e+09	6.89358e+09	6.48823e+09	6.89346e+09	7.01518e+09	5.95329e+09
ERR617226	6.07247e+09	5.92394e+09	6.44901e+09	6.50611e+09	5.80441e+09	6.05611e+09	5.8483e+09	6.54635e+09	6.52001e+09	6.83689e+09	6.49007e+09	6.5153e+09	6.07247e+09	5.92394e+09	6.44901e+09	6.50611e+09	5.80441e+09	6.05611e+09	6.45131e+09	6.44776e+09	6.38353e+09	6.45e+09	6.3676e+09	6.0974e+09	6.64253e+09	6.61612e+09	6.37474e+09	6.5633e+09	6.64033e+09	6.58055e+09	6.19351e+09	6.21533e+09	6.00813e+09	6.17081e+09	4.73666e+09	6.24065e+09	5.97596e+09	6.34165e+09	5.21461e+09	6.42773e+09	6.14292e+09	6.00722e+09	6.17604e+09	6.189e+09	6.20672e+09	5.57478e+09	5.63526e+09	5.55883e+09	4.80803e+09	4.71425e+09	4.69684e+09	4.2835e+09	4.21569e+09	4.55927e+09	6.54123e+09	6.47408e+09	5.72796e+09	6.50623e+09	5.69778e+09	4.12891e+09	6.35795e+09	5.75382e+09	6.35325e+09	5.66885e+09	5.45503e+09	6.34499e+09	5.22644e+09	5.05088e+09	5.03007e+09	4.92893e+09	5.09953e+09	5.13955e+09	5.93213e+09	5.5547e+09	5.86999e+09	5.88962e+09	6.46802e+09	6.09666e+09	6.42764e+09	6.04209e+09	5.876e+09	5.89715e+09	5.90666e+09	6.26601e+09	5.45639e+09	5.52969e+09	5.73758e+09	5.71082e+09	5.57393e+09	5.54433e+09	5.70766e+09	6.3952e+09	6.01418e+09	6.39127e+09	6.50175e+09	5.52152e+09
ERR617224	6.9587e+09	6.44901e+09	7.68836e+09	7.49713e+09	6.607e+09	6.94114e+09	6.60181e+09	7.48013e+09	7.45428e+09	7.84714e+09	7.41874e+09	7.44994e+09	6.9587e+09	6.44901e+09	7.68836e+09	7.49713e+09	6.607e+09	6.94114e+09	7.35687e+09	7.34972e+09	7.28047e+09	7.35308e+09	7.2403e+09	6.91877e+09	7.59783e+09	7.55894e+09	7.25558e+09	7.49072e+09	7.57631e+09	7.51417e+09	7.063e+09	7.08676e+09	6.83593e+09	7.03602e+09	5.2946e+09	7.1323e+09	6.77812e+09	7.19689e+09	5.85774e+09	7.3143e+09	6.95616e+09	6.81402e+09	7.00564e+09	7.02267e+09	7.04197e+09	6.30357e+09	6.37397e+09	6.28206e+09	5.50441e+09	5.38848e+09	5.3703e+09	4.86437e+09	4.78622e+09	5.1937e+09	7.45979e+09	7.37234e+09	6.49776e+09	7.41283e+09	6.45677e+09	4.61619e+09	7.25265e+09	6.54154e+09	7.2464e+09	6.43553e+09	6.18957e+09	7.23627e+09	5.9263e+09	5.71559e+09	5.68685e+09	5.5645e+09	5.75663e+09	5.82376e+09	6.76051e+09	6.27932e+09	6.68506e+09	6.70927e+09	7.40879e+09	6.95243e+09	7.30294e+09	6.8146e+09	6.60595e+09	6.63058e+09	6.64253e+09	7.10456e+09	6.18763e+09	6.27839e+09	6.5389e+09	6.50674e+09	6.32089e+09	6.30116e+09	6.5448e+09	7.36615e+09	6.92147e+09	7.366e+09	7.50024e+09	6.33622e+09
ERR617225	7.02108e+09	6.50611e+09	7.49713e+09	7.83117e+09	6.66565e+09	7.00404e+09	6.66391e+09	7.55346e+09	7.52651e+09	7.92584e+09	7.49074e+09	7.52278e+09	7.02108e+09	6.50611e+09	7.49713e+09	7.83117e+09	6.66565e+09	7.00404e+09	7.42788e+09	7.4221e+09	7.35023e+09	7.42478e+09	7.3107e+09	6.98404e+09	7.6725e+09	7.63353e+09	7.326e+09	7.56398e+09	7.65153e+09	7.58764e+09	7.13444e+09	7.15812e+09	6.90359e+09	7.10652e+09	5.34329e+09	7.20384e+09	6.8424e+09	7.26928e+09	5.91071e+09	7.38725e+09	7.02444e+09	6.87903e+09	7.07494e+09	7.09155e+09	7.11155e+09	6.36133e+09	6.4327e+09	6.34071e+09	5.55365e+09	5.43666e+09	5.41796e+09	4.90626e+09	4.82696e+09	5.23886e+09	7.53846e+09	7.45029e+09	6.56096e+09	7.49122e+09	6.51976e+09	4.65519e+09	7.32822e+09	6.60639e+09	7.32241e+09	6.49903e+09	6.24956e+09	7.31118e+09	5.98326e+09	5.76985e+09	5.74045e+09	5.61708e+09	5.81239e+09	5.87862e+09	6.82721e+09	6.34099e+09	6.75056e+09	6.77534e+09	7.48551e+09	7.02237e+09	7.37424e+09	6.87959e+09	6.6686e+09	6.6938e+09	6.70556e+09	7.17331e+09	6.24721e+09	6.3392e+09	6.60225e+09	6.56966e+09	6.38203e+09	6.36229e+09	6.60722e+09	7.44059e+09	6.98928e+09	7.44085e+09	7.57667e+09	6.3959e+09
ERR617221	6.22012e+09	5.80441e+09	6.607e+09	6.66565e+09	6.15304e+09	6.20504e+09	5.9352e+09	6.67415e+09	6.65025e+09	6.97997e+09	6.62024e+09	6.64665e+09	6.22012e+09	5.80441e+09	6.607e+09	6.66565e+09	6.15304e+09	6.20504e+09	6.57229e+09	6.56753e+09	6.50581e+09	6.57021e+09	6.47725e+09	6.20272e+09	6.7721e+09	6.74217e+09	6.48764e+09	6.68516e+09	6.75979e+09	6.7041e+09	6.31303e+09	6.33399e+09	6.11971e+09	6.28972e+09	4.79684e+09	6.36793e+09	6.07918e+09	6.44281e+09	5.28666e+09	6.53924e+09	6.23676e+09	6.11062e+09	6.27702e+09	6.29126e+09	6.30843e+09	5.67065e+09	5.73192e+09	5.65325e+09	4.94202e+09	4.84303e+09	4.82692e+09	4.39213e+09	4.323e+09	4.67747e+09	6.65494e+09	6.58205e+09	5.83032e+09	6.61626e+09	5.79596e+09	4.19424e+09	6.47448e+09	5.86246e+09	6.46939e+09	5.7734e+09	5.55994e+09	6.46056e+09	5.33414e+09	5.15274e+09	5.12792e+09	5.02206e+09	5.19322e+09	5.24471e+09	6.0504e+09	5.64527e+09	5.98648e+09	6.00653e+09	6.60239e+09	6.21686e+09	6.53472e+09	6.12359e+09	5.94507e+09	5.96696e+09	5.97686e+09	6.36698e+09	5.56267e+09	5.63986e+09	5.86038e+09	5.83205e+09	5.68039e+09	5.65802e+09	5.85153e+09	6.55193e+09	6.17049e+09	6.55019e+09	6.66358e+09	5.66868e+09
ERR617223	6.52333e+09	6.05611e+09	6.94114e+09	7.00404e+09	6.20504e+09	6.74584e+09	6.17424e+09	6.97677e+09	6.95351e+09	7.3092e+09	6.9215e+09	6.94988e+09	6.52333e+09	6.05611e+09	6.94114e+09	7.00404e+09	6.20504e+09	6.74584e+09	6.86417e+09	6.85818e+09	6.79524e+09	6.86142e+09	6.7584e+09	6.46558e+09	7.08138e+09	7.04497e+09	6.76985e+09	6.98252e+09	7.06102e+09	7.00423e+09	6.5965e+09	6.61765e+09	6.3896e+09	6.57165e+09	4.97681e+09	6.65952e+09	6.33624e+09	6.71563e+09	5.48982e+09	6.82368e+09	6.49538e+09	6.36969e+09	6.54317e+09	6.55871e+09	6.57628e+09	5.9046e+09	5.96866e+09	5.88531e+09	5.17903e+09	5.07276e+09	5.05651e+09	4.59043e+09	4.51812e+09	4.89414e+09	6.95352e+09	6.87308e+09	6.0784e+09	6.91037e+09	6.0407e+09	4.35161e+09	6.76837e+09	6.12042e+09	6.76321e+09	6.02436e+09	5.80131e+09	6.75316e+09	5.57178e+09	5.37756e+09	5.34995e+09	5.23689e+09	5.41323e+09	5.47634e+09	6.31765e+09	5.87639e+09	6.24892e+09	6.27107e+09	6.90871e+09	6.49312e+09	6.81721e+09	6.36764e+09	6.17768e+09	6.20117e+09	6.21161e+09	6.63586e+09	5.80874e+09	5.89128e+09	6.13009e+09	6.09938e+09	5.92866e+09	5.91293e+09	6.13153e+09	6.87743e+09	6.47479e+09	6.87746e+09	6.99868e+09	5.94264e+09
ERR636720	6.88997e+09	6.45131e+09	7.35687e+09	7.42788e+09	6.57229e+09	6.86417e+09	7.61549e+09	8.40796e+09	8.37793e+09	8.73109e+09	8.34532e+09	8.37264e+09	6.88997e+09	6.45131e+09	7.35687e+09	7.42788e+09	6.57229e+09	6.86417e+09	8.61855e+09	8.37486e+09	8.3027e+09	8.37742e+09	8.27905e+09	7.96547e+09	8.57994e+09	8.548e+09	8.27555e+09	8.48866e+09	8.5701e+09	8.50734e+09	7.84546e+09	7.87465e+09	7.59434e+09	7.81223e+09	5.89689e+09	7.90595e+09	7.71927e+09	8.15705e+09	6.74781e+09	8.2575e+09	7.93498e+09	7.75736e+09	7.87676e+09	7.89611e+09	7.91796e+09	7.04755e+09	7.13816e+09	7.02674e+09	5.79729e+09	5.67937e+09	5.64832e+09	5.12684e+09	5.03931e+09	5.48128e+09	8.38397e+09	8.30669e+09	7.35305e+09	8.34504e+09	7.31092e+09	5.14994e+09	8.11599e+09	7.31264e+09	8.10979e+09	7.19445e+09	6.88719e+09	8.10177e+09	6.0958e+09	5.88327e+09	5.86227e+09	5.74026e+09	5.95267e+09	5.99461e+09	7.73226e+09	7.26771e+09	7.65556e+09	7.68089e+09	8.35414e+09	7.93099e+09	8.19737e+09	7.75965e+09	7.53827e+09	7.56897e+09	7.57842e+09	8.01285e+09	6.51121e+09	6.60139e+09	6.86206e+09	6.8326e+09	6.67103e+09	6.61791e+09	7.07122e+09	8.00309e+09	7.47857e+09	7.99076e+09	8.13722e+09	6.80752e+09
ERR636718	6.88432e+09	6.44776e+09	7.34972e+09	7.4221e+09	6.56753e+09	6.85818e+09	7.61206e+09	8.40274e+09	8.37249e+09	8.72543e+09	8.34009e+09	8.36768e+09	6.88432e+09	6.44776e+09	7.34972e+09	7.4221e+09	6.56753e+09	6.85818e+09	8.37486e+09	8.61114e+09	8.29774e+09	8.37326e+09	8.2752e+09	7.96162e+09	8.57514e+09	8.54355e+09	8.27273e+09	8.4841e+09	8.56579e+09	8.50277e+09	7.84186e+09	7.87075e+09	7.59116e+09	7.80805e+09	5.89524e+09	7.90194e+09	7.71598e+09	8.15338e+09	6.74515e+09	8.25378e+09	7.93163e+09	7.7539e+09	7.87348e+09	7.89263e+09	7.91421e+09	7.04384e+09	7.13474e+09	7.02358e+09	5.7921e+09	5.67433e+09	5.64338e+09	5.12201e+09	5.03462e+09	5.47592e+09	8.38017e+09	8.30293e+09	7.34922e+09	8.34127e+09	7.30697e+09	5.14724e+09	8.11219e+09	7.30871e+09	8.10565e+09	7.19086e+09	6.88338e+09	8.09765e+09	6.09186e+09	5.87956e+09	5.85847e+09	5.73652e+09	5.94907e+09	5.9903e+09	7.72855e+09	7.26461e+09	7.65218e+09	7.67694e+09	8.35052e+09	7.92727e+09	8.19394e+09	7.7574e+09	7.53602e+09	7.56683e+09	7.57591e+09	8.00993e+09	6.50764e+09	6.59816e+09	6.85782e+09	6.82809e+09	6.66738e+09	6.61412e+09	7.06482e+09	7.99631e+09	7.47205e+09	7.98405e+09	8.1305e+09	6.80079e+09
ERR636716	6.82095e+09	6.38353e+09	7.28047e+09	7.35023e+09	6.50581e+09	6.79524e+09	7.55496e+09	8.33479e+09	8.30603e+09	8.65154e+09	8.2745e+09	8.30084e+09	6.82095e+09	6.38353e+09	7.28047e+09	7.35023e+09	6.50581e+09	6.79524e+09	8.3027e+09	8.29774e+09	8.46813e+09	8.3002e+09	8.20904e+09	7.90287e+09	8.50428e+09	8.46968e+09	8.20536e+09	8.41151e+09	8.49189e+09	8.42977e+09	7.77225e+09	7.80018e+09	7.52517e+09	7.73886e+09	5.84575e+09	7.8341e+09	7.65551e+09	8.07948e+09	6.69584e+09	8.17984e+09	7.86457e+09	7.69279e+09	7.80512e+09	7.82468e+09	7.84597e+09	6.98795e+09	7.07775e+09	6.96705e+09	5.74707e+09	5.63092e+09	5.60019e+09	5.0826e+09	4.99653e+09	5.43356e+09	8.30218e+09	8.22486e+09	7.28974e+09	8.26307e+09	7.248e+09	5.11008e+09	8.03869e+09	7.24891e+09	8.03276e+09	7.1318e+09	6.82759e+09	8.02523e+09	6.0299e+09	5.82006e+09	5.79881e+09	5.67804e+09	5.88646e+09	5.9303e+09	7.66915e+09	7.20872e+09	7.59342e+09	7.61848e+09	8.27908e+09	7.86431e+09	8.12463e+09	7.69128e+09	7.47401e+09	7.50404e+09	7.51314e+09	7.94405e+09	6.44497e+09	6.53468e+09	6.79172e+09	6.76297e+09	6.60114e+09	6.55057e+09	7.00745e+09	7.9269e+09	7.40974e+09	7.91502e+09	8.0595e+09	6.74759e+09
ERR636719	6.88722e+09	6.45e+09	7.35308e+09	7.42478e+09	6.57021e+09	6.86142e+09	7.6137e+09	8.40512e+09	8.37467e+09	8.72766e+09	8.34267e+09	8.37013e+09	6.88722e+09	6.45e+09	7.35308e+09	7.42478e+09	6.57021e+09	6.86142e+09	8.37742e+09	8.37326e+09	8.3002e+09	8.61558e+09	8.27746e+09	7.96375e+09	8.5775e+09	8.54556e+09	8.27433e+09	8.48684e+09	8.56735e+09	8.50554e+09	7.84269e+09	7.87185e+09	7.59167e+09	7.80901e+09	5.89523e+09	7.90273e+09	7.71701e+09	8.15503e+09	6.74608e+09	8.25504e+09	7.93284e+09	7.75529e+09	7.87472e+09	7.89406e+09	7.91569e+09	7.04592e+09	7.13597e+09	7.02441e+09	5.7938e+09	5.67646e+09	5.64521e+09	5.12393e+09	5.0362e+09	5.47772e+09	8.38156e+09	8.3042e+09	7.35023e+09	8.34267e+09	7.30804e+09	5.14797e+09	8.11347e+09	7.30986e+09	8.10681e+09	7.19235e+09	6.8845e+09	8.09914e+09	6.09231e+09	5.88013e+09	5.85873e+09	5.73707e+09	5.94946e+09	5.99099e+09	7.72991e+09	7.26584e+09	7.65313e+09	7.67779e+09	8.3512e+09	7.92841e+09	8.19538e+09	7.75912e+09	7.53759e+09	7.56829e+09	7.57814e+09	8.01167e+09	6.50826e+09	6.59861e+09	6.85858e+09	6.82903e+09	6.66856e+09	6.6148e+09	7.06705e+09	7.99871e+09	7.47432e+09	7.98669e+09	8.13265e+09	6.80322e+09
ERR636717	6.78464e+09	6.3676e+09	7.2403e+09	7.3107e+09	6.47725e+09	6.7584e+09	7.54248e+09	8.30878e+09	8.27723e+09	8.62111e+09	8.24554e+09	8.27208e+09	6.78464e+09	6.3676e+09	7.2403e+09	7.3107e+09	6.47725e+09	6.7584e+09	8.27905e+09	8.2752e+09	8.20904e+09	8.27746e+09	8.42557e+09	7.88348e+09	8.47824e+09	8.4469e+09	8.18601e+09	8.38991e+09	8.47264e+09	8.40738e+09	7.75019e+09	7.77865e+09	7.50517e+09	7.71682e+09	5.84102e+09	7.8082e+09	7.63601e+09	8.0666e+09	6.68553e+09	8.16243e+09	7.85304e+09	7.67339e+09	7.79199e+09	7.81095e+09	7.83233e+09	6.97253e+09	7.06213e+09	6.95166e+09	5.705e+09	5.59057e+09	5.55955e+09	5.05054e+09	4.96397e+09	5.39779e+09	8.28631e+09	8.21147e+09	7.27095e+09	8.24867e+09	7.23075e+09	5.09819e+09	8.01748e+09	7.22643e+09	8.0113e+09	7.11069e+09	6.80506e+09	8.00374e+09	6.00947e+09	5.80153e+09	5.78226e+09	5.66304e+09	5.87268e+09	5.91028e+09	7.64179e+09	7.19251e+09	7.56697e+09	7.59135e+09	8.25017e+09	7.83827e+09	8.10799e+09	7.68486e+09	7.46978e+09	7.5e+09	7.50921e+09	7.92869e+09	6.4248e+09	6.51287e+09	6.7662e+09	6.73688e+09	6.58228e+09	6.52727e+09	6.96635e+09	7.88298e+09	7.36436e+09	7.87061e+09	8.01399e+09	6.70348e+09
ERR636715	6.49104e+09	6.0974e+09	6.91877e+09	6.98404e+09	6.20272e+09	6.46558e+09	7.28431e+09	7.99186e+09	7.96419e+09	8.27693e+09	7.9354e+09	7.95936e+09	6.49104e+09	6.0974e+09	6.91877e+09	6.98404e+09	6.20272e+09	6.46558e+09	7.96547e+09	7.96162e+09	7.90287e+09	7.96375e+09	7.88348e+09	7.81589e+09	8.14709e+09	8.11657e+09	7.87888e+09	8.06438e+09	8.1382e+09	8.08064e+09	7.45085e+09	7.47813e+09	7.21922e+09	7.41906e+09	5.63701e+09	7.50603e+09	7.36734e+09	7.76014e+09	6.47023e+09	7.85035e+09	7.56495e+09	7.40154e+09	7.49657e+09	7.51481e+09	7.53473e+09	6.72427e+09	6.80998e+09	6.7045e+09	5.50112e+09	5.39187e+09	5.3616e+09	4.87632e+09	4.79392e+09	5.20806e+09	7.95462e+09	7.88539e+09	7.00908e+09	7.92001e+09	6.97109e+09	4.93349e+09	7.70788e+09	6.96315e+09	7.70203e+09	6.85347e+09	6.56171e+09	7.6948e+09	5.74866e+09	5.55275e+09	5.53294e+09	5.4201e+09	5.61794e+09	5.65588e+09	7.37315e+09	6.95032e+09	7.30315e+09	7.32542e+09	7.93304e+09	7.55375e+09	7.80367e+09	7.41047e+09	7.20841e+09	7.23615e+09	7.24438e+09	7.63957e+09	6.15933e+09	6.24228e+09	6.48106e+09	6.45448e+09	6.3074e+09	6.25615e+09	6.7078e+09	7.57483e+09	7.08448e+09	7.56279e+09	7.69776e+09	6.45766e+09
ERR607764	7.10826e+09	6.64253e+09	7.59783e+09	7.6725e+09	6.7721e+09	7.08138e+09	7.81372e+09	8.65872e+09	8.62618e+09	9.00649e+09	8.59194e+09	8.62004e+09	7.10826e+09	6.64253e+09	7.59783e+09	7.6725e+09	6.7721e+09	7.08138e+09	8.57994e+09	8.57514e+09	8.50428e+09	8.5775e+09	8.47824e+09	8.14709e+09	9.21437e+09	8.91089e+09	8.6163e+09	8.84569e+09	8.93999e+09	8.86615e+09	8.06888e+09	8.09908e+09	7.80641e+09	8.03405e+09	6.03725e+09	8.13529e+09	7.93856e+09	8.40259e+09	6.92024e+09	8.50983e+09	8.16889e+09	7.9785e+09	8.13059e+09	8.15065e+09	8.17456e+09	7.25971e+09	7.3536e+09	7.23774e+09	5.94088e+09	5.81856e+09	5.78695e+09	5.24306e+09	5.15319e+09	5.60966e+09	8.64123e+09	8.5584e+09	7.54929e+09	8.59997e+09	7.5053e+09	5.26599e+09	8.32861e+09	7.48954e+09	8.32154e+09	7.36607e+09	7.04796e+09	8.31391e+09	6.28039e+09	6.05749e+09	6.03519e+09	5.90815e+09	6.12915e+09	6.1734e+09	7.93156e+09	7.44112e+09	7.85074e+09	7.87893e+09	8.59883e+09	8.14378e+09	8.45175e+09	7.98389e+09	7.75132e+09	7.78343e+09	7.79362e+09	8.25446e+09	6.71253e+09	6.8081e+09	7.08292e+09	7.05191e+09	6.87953e+09	6.82439e+09	7.25871e+09	8.23435e+09	7.68678e+09	8.22306e+09	8.37759e+09	6.98581e+09
ERR607768	7.07229e+09	6.61612e+09	7.55894e+09	7.63353e+09	6.74217e+09	7.04497e+09	7.78931e+09	8.62491e+09	8.59194e+09	8.9691e+09	8.55817e+09	8.58615e+09	7.07229e+09	6.61612e+09	7.55894e+09	7.63353e+09	6.74217e+09	7.04497e+09	8.548e+09	8.54355e+09	8.46968e+09	8.54556e+09	8.4469e+09	8.11657e+09	8.91089e+09	9.1395e+09	8.58098e+09	8.81448e+09	8.90249e+09	8.83499e+09	8.03701e+09	8.0666e+09	7.77528e+09	8.00212e+09	6.01692e+09	8.09989e+09	7.91194e+09	8.37727e+09	6.90085e+09	8.48249e+09	8.14288e+09	7.95196e+09	8.10166e+09	8.12138e+09	8.14554e+09	7.23394e+09	7.32758e+09	7.21255e+09	5.91414e+09	5.79221e+09	5.76093e+09	5.22168e+09	5.13187e+09	5.58628e+09	8.60912e+09	8.52709e+09	7.52142e+09	8.56892e+09	7.47783e+09	5.24878e+09	8.29683e+09	7.4604e+09	8.28989e+09	7.33863e+09	7.02082e+09	8.2825e+09	6.25261e+09	6.03179e+09	6.00963e+09	5.88399e+09	6.10571e+09	6.14615e+09	7.90041e+09	7.41591e+09	7.82038e+09	7.84789e+09	8.56192e+09	8.11138e+09	8.42236e+09	7.96092e+09	7.72934e+09	7.76184e+09	7.77146e+09	8.22605e+09	6.68412e+09	6.77868e+09	7.05062e+09	7.0194e+09	6.85192e+09	6.79442e+09	7.22703e+09	8.19736e+09	7.65146e+09	8.18541e+09	8.33918e+09	6.95364e+09
ERR607763	6.79676e+09	6.37474e+09	7.25558e+09	7.326e+09	6.48764e+09	6.76985e+09	7.57171e+09	8.34701e+09	8.31526e+09	8.66368e+09	8.28344e+09	8.31006e+09	6.79676e+09	6.37474e+09	7.25558e+09	7.326e+09	6.48764e+09	6.76985e+09	8.27555e+09	8.27273e+09	8.20536e+09	8.27433e+09	8.18601e+09	7.87888e+09	8.6163e+09	8.58098e+09	8.55451e+09	8.52197e+09	8.60969e+09	8.54043e+09	7.77202e+09	7.80072e+09	7.52407e+09	7.73831e+09	5.84572e+09	7.8309e+09	7.67701e+09	8.11318e+09	6.71686e+09	8.2105e+09	7.89761e+09	7.71509e+09	7.84595e+09	7.86489e+09	7.88755e+09	7.01588e+09	7.10617e+09	6.99526e+09	5.70664e+09	5.59106e+09	5.56012e+09	5.04668e+09	4.9602e+09	5.39552e+09	8.3221e+09	8.24703e+09	7.2924e+09	8.28552e+09	7.25191e+09	5.1047e+09	8.02514e+09	7.22842e+09	8.01906e+09	7.11206e+09	6.80486e+09	8.0115e+09	6.01628e+09	5.80705e+09	5.78658e+09	5.66676e+09	5.87876e+09	5.91605e+09	7.66091e+09	7.20657e+09	7.58583e+09	7.61111e+09	8.28091e+09	7.86112e+09	8.15909e+09	7.72928e+09	7.51032e+09	7.54074e+09	7.55046e+09	7.97662e+09	6.44518e+09	6.5344e+09	6.7905e+09	6.76198e+09	6.60486e+09	6.54831e+09	6.97671e+09	7.90372e+09	7.37994e+09	7.89085e+09	8.03721e+09	6.71251e+09
ERR607766	7.01053e+09	6.5633e+09	7.49072e+09	7.56398e+09	6.68516e+09	6.98252e+09	7.7414e+09	8.56313e+09	8.53043e+09	8.9011e+09	8.49666e+09	8.52504e+09	7.01053e+09	6.5633e+09	7.49072e+09	7.56398e+09	6.68516e+09	6.98252e+09	8.48866e+09	8.4841e+09	8.41151e+09	8.48684e+09	8.38991e+09	8.06438e+09	8.84569e+09	8.81448e+09	8.52197e+09	9.00741e+09	8.83828e+09	8.7707e+09	7.97967e+09	8.00901e+09	7.72072e+09	7.94492e+09	5.98085e+09	8.04148e+09	7.86063e+09	8.32054e+09	6.86074e+09	8.42348e+09	8.09008e+09	7.89967e+09	8.04676e+09	8.06628e+09	8.09012e+09	7.18635e+09	7.27935e+09	7.16465e+09	5.86659e+09	5.74642e+09	5.71505e+09	5.1822e+09	5.09312e+09	5.54282e+09	8.54713e+09	8.46738e+09	7.47256e+09	8.50818e+09	7.4291e+09	5.21783e+09	8.23849e+09	7.41049e+09	8.2318e+09	7.28922e+09	6.97459e+09	8.22421e+09	6.20141e+09	5.98289e+09	5.96142e+09	5.83703e+09	6.05675e+09	6.09626e+09	7.84846e+09	7.37107e+09	7.76918e+09	7.79648e+09	8.50073e+09	8.05693e+09	8.36461e+09	7.91104e+09	7.68197e+09	7.7142e+09	7.72379e+09	8.17147e+09	6.63184e+09	6.725e+09	6.99348e+09	6.96301e+09	6.79849e+09	6.74055e+09	7.17094e+09	8.1318e+09	7.59069e+09	8.11962e+09	8.27123e+09	6.89951e+09
ERR607765	7.08909e+09	6.64033e+09	7.57631e+09	7.65153e+09	6.75979e+09	7.06102e+09	7.81087e+09	8.64677e+09	8.61165e+09	8.992e+09	8.57716e+09	8.60568e+09	7.08909e+09	6.64033e+09	7.57631e+09	7.65153e+09	6.75979e+09	7.06102e+09	8.5701e+09	8.56579e+09	8.49189e+09	8.56735e+09	8.47264e+09	8.1382e+09	8.93999e+09	8.90249e+09	8.60969e+09	8.83828e+09	9.19928e+09	8.85795e+09	8.05953e+09	8.09019e+09	7.79854e+09	8.02511e+09	6.0387e+09	8.12219e+09	7.93121e+09	8.40324e+09	6.91882e+09	8.50643e+09	8.1691e+09	7.97185e+09	8.12948e+09	8.14901e+09	8.17406e+09	7.25429e+09	7.34888e+09	7.2328e+09	5.91203e+09	5.79074e+09	5.75901e+09	5.22073e+09	5.13049e+09	5.58527e+09	8.6379e+09	8.55605e+09	7.54134e+09	8.59806e+09	7.49813e+09	5.26036e+09	8.31922e+09	7.4781e+09	8.31268e+09	7.35617e+09	7.03572e+09	8.30507e+09	6.27302e+09	6.05079e+09	6.03046e+09	5.90441e+09	6.12786e+09	6.16606e+09	7.91604e+09	7.43439e+09	7.83554e+09	7.86347e+09	8.58332e+09	8.12983e+09	8.44775e+09	7.98704e+09	7.75569e+09	7.78893e+09	7.79862e+09	8.2509e+09	6.70521e+09	6.79955e+09	7.07113e+09	7.03968e+09	6.87423e+09	6.81444e+09	7.23172e+09	8.20753e+09	7.65741e+09	8.1948e+09	8.34978e+09	6.95611e+09
ERR607767	7.03096e+09	6.58055e+09	7.51417e+09	7.58764e+09	6.7041e+09	7.00423e+09	7.75636e+09	8.58269e+09	8.55053e+09	8.92307e+09	8.51696e+09	8.54461e+09	7.03096e+09	6.58055e+09	7.51417e+09	7.58764e+09	6.7041e+09	7.00423e+09	8.50734e+09	8.50277e+09	8.42977e+09	8.50554e+09	8.40738e+09	8.08064e+09	8.86615e+09	8.83499e+09	8.54043e+09	8.7707e+09	8.85795e+09	9.04886e+09	7.99587e+09	8.02573e+09	7.73606e+09	7.9616e+09	5.9899e+09	8.05844e+09	7.87588e+09	8.33689e+09	6.87287e+09	8.44164e+09	8.10559e+09	7.91579e+09	8.0626e+09	8.08192e+09	8.10558e+09	7.19997e+09	7.29337e+09	7.17876e+09	5.8812e+09	5.76112e+09	5.72978e+09	5.1949e+09	5.10546e+09	5.55655e+09	8.56524e+09	8.48445e+09	7.48579e+09	8.52537e+09	7.44225e+09	5.22593e+09	8.25521e+09	7.42413e+09	8.24842e+09	7.3032e+09	6.98676e+09	8.2406e+09	6.21601e+09	5.99648e+09	5.97464e+09	5.84971e+09	6.06977e+09	6.10996e+09	7.86369e+09	7.38338e+09	7.78447e+09	7.81132e+09	8.51936e+09	8.07336e+09	8.38209e+09	7.92559e+09	7.69624e+09	7.72817e+09	7.7378e+09	8.18771e+09	6.64624e+09	6.74025e+09	7.00996e+09	6.97908e+09	6.81356e+09	6.75578e+09	7.18789e+09	8.15252e+09	7.60982e+09	8.14021e+09	8.29325e+09	6.91644e+09
ERR608582	6.61918e+09	6.19351e+09	7.063e+09	7.13444e+09	6.31303e+09	6.5965e+09	7.22097e+09	8.00135e+09	7.97297e+09	8.32883e+09	7.94058e+09	7.96642e+09	6.61918e+09	6.19351e+09	7.063e+09	7.13444e+09	6.31303e+09	6.5965e+09	7.84546e+09	7.84186e+09	7.77225e+09	7.84269e+09	7.75019e+09	7.45085e+09	8.06888e+09	8.03701e+09	7.77202e+09	7.97967e+09	8.05953e+09	7.99587e+09	8.57612e+09	8.35483e+09	8.06152e+09	8.29409e+09	6.25102e+09	8.38925e+09	7.41477e+09	7.84502e+09	6.48564e+09	7.94624e+09	7.62408e+09	7.45305e+09	7.70059e+09	7.71456e+09	7.73628e+09	6.89824e+09	6.98517e+09	6.87789e+09	6.22775e+09	6.0996e+09	6.07142e+09	5.50407e+09	5.41147e+09	5.88272e+09	8.78837e+09	8.70329e+09	7.7076e+09	8.74503e+09	7.65829e+09	5.40888e+09	8.51024e+09	7.6889e+09	8.50472e+09	7.56562e+09	7.25298e+09	8.49522e+09	6.66053e+09	6.43033e+09	6.40415e+09	6.27016e+09	6.49877e+09	6.55006e+09	8.0609e+09	7.55621e+09	7.97392e+09	8.00298e+09	8.73455e+09	8.26954e+09	7.77904e+09	7.35336e+09	7.14729e+09	7.17614e+09	7.18591e+09	7.59941e+09	6.98531e+09	7.08408e+09	7.3618e+09	7.32857e+09	7.15077e+09	7.10321e+09	7.51698e+09	8.47298e+09	7.94257e+09	8.46087e+09	8.61303e+09	7.24986e+09
ERR608584	6.64057e+09	6.21533e+09	7.08676e+09	7.15812e+09	6.33399e+09	6.61765e+09	7.24665e+09	8.03033e+09	8.00155e+09	8.35902e+09	7.9683e+09	7.99468e+09	6.64057e+09	6.21533e+09	7.08676e+09	7.15812e+09	6.33399e+09	6.61765e+09	7.87465e+09	7.87075e+09	7.80018e+09	7.87185e+09	7.77865e+09	7.47813e+09	8.09908e+09	8.0666e+09	7.80072e+09	8.00901e+09	8.09019e+09	8.02573e+09	8.35483e+09	8.63466e+09	8.08863e+09	8.32334e+09	6.27038e+09	8.41718e+09	7.44031e+09	7.87425e+09	6.50712e+09	7.97556e+09	7.6527e+09	7.47897e+09	7.72868e+09	7.74241e+09	7.76457e+09	6.92109e+09	7.0081e+09	6.9008e+09	6.24076e+09	6.11257e+09	6.08435e+09	5.51554e+09	5.4229e+09	5.89573e+09	8.82101e+09	8.7353e+09	7.73295e+09	8.77796e+09	7.68413e+09	5.42412e+09	8.53977e+09	7.71347e+09	8.53423e+09	7.58951e+09	7.27456e+09	8.52481e+09	6.68087e+09	6.44987e+09	6.42374e+09	6.28933e+09	6.51982e+09	6.56958e+09	8.08744e+09	7.58086e+09	7.9993e+09	8.02948e+09	8.76473e+09	8.29718e+09	7.80766e+09	7.38139e+09	7.17432e+09	7.20381e+09	7.21383e+09	7.62789e+09	7.00731e+09	7.10602e+09	7.3854e+09	7.35227e+09	7.17438e+09	7.12584e+09	7.53826e+09	8.49984e+09	7.96551e+09	8.48749e+09	8.63995e+09	7.26865e+09
ERR608580	6.4125e+09	6.00813e+09	6.83593e+09	6.90359e+09	6.11971e+09	6.3896e+09	7.00082e+09	7.74409e+09	7.71645e+09	8.05563e+09	7.68483e+09	7.71016e+09	6.4125e+09	6.00813e+09	6.83593e+09	6.90359e+09	6.11971e+09	6.3896e+09	7.59434e+09	7.59116e+09	7.52517e+09	7.59167e+09	7.50517e+09	7.21922e+09	7.80641e+09	7.77528e+09	7.52407e+09	7.72072e+09	7.79854e+09	7.73606e+09	8.06152e+09	8.08863e+09	8.05205e+09	8.03152e+09	6.08565e+09	8.12462e+09	7.18491e+09	7.59644e+09	6.29625e+09	7.69277e+09	7.3875e+09	7.22167e+09	7.46331e+09	7.4772e+09	7.49764e+09	6.69606e+09	6.77866e+09	6.67678e+09	6.04276e+09	5.92007e+09	5.89301e+09	5.35006e+09	5.26136e+09	5.71353e+09	8.50126e+09	8.42117e+09	7.47538e+09	8.46071e+09	7.42901e+09	5.27002e+09	8.23354e+09	7.45537e+09	8.22824e+09	7.33758e+09	7.03747e+09	8.22021e+09	6.46416e+09	6.24505e+09	6.22038e+09	6.09216e+09	6.31165e+09	6.36008e+09	7.80971e+09	7.33094e+09	7.72638e+09	7.75402e+09	8.4481e+09	8.00838e+09	7.53139e+09	7.12637e+09	6.9286e+09	6.95652e+09	6.96612e+09	7.36117e+09	6.78016e+09	6.87329e+09	7.13689e+09	7.10576e+09	6.93806e+09	6.89206e+09	7.28209e+09	8.19039e+09	7.68532e+09	8.17914e+09	8.32276e+09	7.02622e+09
