	ERR617111	ERR617107	ERR617108	ERR617109	ERR617112	ERR617110	ERR630993	ERR630990	ERR630995	ERR630991	ERR630992	ERR630994	ERR617527	ERR617525	ERR617524	ERR617523	ERR617526	ERR617528	ERR637059	ERR637060	ERR637062	ERR637057	ERR637061	ERR637058	ERR608153	ERR608149	ERR608151	ERR608154	ERR608152	ERR608150	ERR626888	ERR626889	ERR626886	ERR626887	ERR626885	ERR626890	ERR607805	ERR607808	ERR607806	ERR607810	ERR607809	ERR607807	ERR605534	ERR605535	ERR605538	ERR605536	ERR605533	ERR605537	ERR617071	ERR617070	ERR617073	ERR617069	ERR617074	ERR617072	ERR630219	ERR630222	ERR630223	ERR630218	ERR630221	ERR630220	ERR616181	ERR616184	ERR616182	ERR616179	ERR616180	ERR616183	ERR616804	ERR616801	ERR616799	ERR616803	ERR616802	ERR616800	ERR631301	ERR631297	ERR631302	ERR631298	ERR631300	ERR631299	ERR638283	ERR638279	ERR638284	ERR638280	ERR638281	ERR638282	ERR616804	ERR616801	ERR616799	ERR616803	ERR616802	ERR616800	ERR611351	ERR611350	ERR611352	ERR611348	ERR611349	ERR611347
ERR617111	2.72813e+08	1.91016e+08	1.98884e+08	2.02491e+08	1.73321e+08	1.73067e+08	1.3816e+08	1.46176e+08	1.30834e+08	1.37191e+08	1.50929e+08	1.40123e+08	2.28028e+08	1.98772e+08	1.98086e+08	1.95039e+08	2.24072e+08	2.11707e+08	2.3005e+08	2.15887e+08	2.20361e+08	2.09891e+08	2.16472e+08	2.27369e+08	2.02977e+08	1.3917e+08	1.97406e+08	1.78991e+08	1.9874e+08	1.77035e+08	1.40483e+08	1.38364e+08	1.77184e+08	1.79077e+08	1.97021e+08	2.01576e+08	2.0652e+08	1.81492e+08	2.2585e+08	1.86252e+08	1.84328e+08	2.2895e+08	1.48468e+08	1.39978e+08	1.47933e+08	1.47981e+08	1.58322e+08	1.50989e+08	1.44689e+08	1.41193e+08	1.23586e+08	1.35762e+08	1.26783e+08	1.25938e+08	1.58292e+08	1.77121e+08	1.681e+08	1.82907e+08	1.77078e+08	1.48528e+08	1.2227e+08	1.67282e+08	1.61691e+08	1.2936e+08	1.42532e+08	1.62594e+08	1.50554e+08	1.79456e+08	1.59439e+08	1.50564e+08	1.52962e+08	1.69108e+08	1.66549e+08	1.69704e+08	1.66083e+08	1.6413e+08	1.67349e+08	1.93074e+08	1.57453e+08	1.11822e+08	1.4823e+08	1.1529e+08	1.08545e+08	1.57202e+08	1.50554e+08	1.79456e+08	1.59439e+08	1.50564e+08	1.52962e+08	1.69108e+08	1.60074e+08	1.47099e+08	1.6025e+08	1.44294e+08	1.55541e+08	1.49908e+08
ERR617107	1.91016e+08	3.35493e+08	2.26736e+08	2.30822e+08	1.94485e+08	1.94434e+08	1.57341e+08	1.66465e+08	1.49103e+08	1.56545e+08	1.72148e+08	1.59657e+08	2.60403e+08	2.26806e+08	2.25968e+08	2.2207e+08	2.55895e+08	2.4139e+08	2.61491e+08	2.45533e+08	2.50655e+08	2.38821e+08	2.46198e+08	2.58855e+08	2.31344e+08	1.57723e+08	2.24957e+08	2.03588e+08	2.26583e+08	2.01498e+08	1.60072e+08	1.57703e+08	2.01617e+08	2.04048e+08	2.24562e+08	2.2962e+08	2.35103e+08	2.06451e+08	2.57559e+08	2.12421e+08	2.10027e+08	2.60539e+08	1.68563e+08	1.5885e+08	1.68156e+08	1.68299e+08	1.80005e+08	1.71398e+08	1.65672e+08	1.61688e+08	1.40682e+08	1.55207e+08	1.44296e+08	1.43421e+08	1.79427e+08	2.00856e+08	1.9034e+08	2.07593e+08	2.00914e+08	1.68405e+08	1.41193e+08	1.92244e+08	1.85826e+08	1.48902e+08	1.63971e+08	1.86745e+08	1.704e+08	2.04082e+08	1.80812e+08	1.70462e+08	1.73121e+08	1.92159e+08	1.90026e+08	1.93682e+08	1.89614e+08	1.87658e+08	1.9081e+08	2.20514e+08	1.8013e+08	1.27906e+08	1.69198e+08	1.31754e+08	1.2409e+08	1.79912e+08	1.704e+08	2.04082e+08	1.80812e+08	1.70462e+08	1.73121e+08	1.92159e+08	1.8297e+08	1.67554e+08	1.83087e+08	1.65202e+08	1.78178e+08	1.71459e+08
ERR617108	1.98884e+08	2.26736e+08	3.61323e+08	2.4148e+08	2.02324e+08	2.0248e+08	1.64686e+08	1.74357e+08	1.5618e+08	1.64265e+08	1.80575e+08	1.66956e+08	2.73814e+08	2.3833e+08	2.37415e+08	2.32859e+08	2.68975e+08	2.53056e+08	2.72896e+08	2.56393e+08	2.61852e+08	2.49104e+08	2.57158e+08	2.70611e+08	2.42564e+08	1.64444e+08	2.35488e+08	2.13079e+08	2.3761e+08	2.11038e+08	1.68457e+08	1.65945e+08	2.11563e+08	2.14295e+08	2.35751e+08	2.41325e+08	2.46277e+08	2.16496e+08	2.7018e+08	2.23018e+08	2.20654e+08	2.72581e+08	1.76879e+08	1.66667e+08	1.7668e+08	1.76759e+08	1.89177e+08	1.8001e+08	1.73784e+08	1.69493e+08	1.46681e+08	1.62229e+08	1.50337e+08	1.49532e+08	1.8637e+08	2.09039e+08	1.9756e+08	2.15848e+08	2.08824e+08	1.75134e+08	1.4968e+08	2.0328e+08	1.96539e+08	1.57581e+08	1.73603e+08	1.97461e+08	1.77202e+08	2.12999e+08	1.87951e+08	1.77162e+08	1.79925e+08	2.00593e+08	1.99104e+08	2.03164e+08	1.98847e+08	1.9677e+08	1.99917e+08	2.31261e+08	1.88685e+08	1.33691e+08	1.76389e+08	1.3785e+08	1.29851e+08	1.88383e+08	1.77202e+08	2.12999e+08	1.87951e+08	1.77162e+08	1.79925e+08	2.00593e+08	1.91257e+08	1.74503e+08	1.91438e+08	1.73198e+08	1.86967e+08	1.79688e+08
ERR617109	2.02491e+08	2.30822e+08	2.4148e+08	3.72518e+08	2.05992e+08	2.06161e+08	1.67636e+08	1.77665e+08	1.59012e+08	1.67363e+08	1.84024e+08	1.70107e+08	2.79264e+08	2.43084e+08	2.42195e+08	2.37224e+08	2.74244e+08	2.58198e+08	2.77965e+08	2.61207e+08	2.66647e+08	2.53745e+08	2.61883e+08	2.75447e+08	2.47117e+08	1.67356e+08	2.40038e+08	2.17099e+08	2.42134e+08	2.14902e+08	1.72062e+08	1.69382e+08	2.16001e+08	2.18533e+08	2.40575e+08	2.46238e+08	2.50575e+08	2.20371e+08	2.74949e+08	2.2692e+08	2.24506e+08	2.7752e+08	1.80388e+08	1.70043e+08	1.80077e+08	1.80388e+08	1.92899e+08	1.83606e+08	1.77722e+08	1.73098e+08	1.49941e+08	1.65697e+08	1.53605e+08	1.52908e+08	1.90083e+08	2.13201e+08	2.01264e+08	2.20125e+08	2.12827e+08	1.78459e+08	1.52906e+08	2.07647e+08	2.00732e+08	1.6095e+08	1.77293e+08	2.0167e+08	1.80465e+08	2.16901e+08	1.91315e+08	1.8044e+08	1.83227e+08	2.04238e+08	2.03093e+08	2.071e+08	2.0273e+08	2.00648e+08	2.03911e+08	2.35893e+08	1.92704e+08	1.36487e+08	1.80207e+08	1.40865e+08	1.32652e+08	1.9228e+08	1.80465e+08	2.16901e+08	1.91315e+08	1.8044e+08	1.83227e+08	2.04238e+08	1.95186e+08	1.78076e+08	1.95408e+08	1.76827e+08	1.90837e+08	1.83348e+08
ERR617112	1.73321e+08	1.94485e+08	2.02324e+08	2.05992e+08	2.81538e+08	1.76332e+08	1.40552e+08	1.48698e+08	1.33188e+08	1.39334e+08	1.53456e+08	1.42548e+08	2.31963e+08	2.02101e+08	2.01463e+08	1.98358e+08	2.27839e+08	2.15456e+08	2.34406e+08	2.19855e+08	2.24421e+08	2.13883e+08	2.2045e+08	2.31378e+08	2.06238e+08	1.41662e+08	2.00735e+08	1.81993e+08	2.01834e+08	1.8001e+08	1.4262e+08	1.40569e+08	1.80177e+08	1.81978e+08	2.00326e+08	2.04847e+08	2.10215e+08	1.84532e+08	2.29803e+08	1.89278e+08	1.87318e+08	2.32987e+08	1.50759e+08	1.42019e+08	1.50166e+08	1.50168e+08	1.6086e+08	1.53053e+08	1.47609e+08	1.4398e+08	1.26089e+08	1.38562e+08	1.29441e+08	1.28606e+08	1.61545e+08	1.8062e+08	1.71386e+08	1.86566e+08	1.80592e+08	1.5149e+08	1.24304e+08	1.70175e+08	1.64573e+08	1.31567e+08	1.448e+08	1.65516e+08	1.53374e+08	1.82565e+08	1.62488e+08	1.53223e+08	1.5563e+08	1.72015e+08	1.69422e+08	1.72608e+08	1.68958e+08	1.66859e+08	1.70146e+08	1.9646e+08	1.60596e+08	1.14121e+08	1.5139e+08	1.17592e+08	1.10623e+08	1.60421e+08	1.53374e+08	1.82565e+08	1.62488e+08	1.53223e+08	1.5563e+08	1.72015e+08	1.63072e+08	1.49903e+08	1.63178e+08	1.46747e+08	1.58339e+08	1.52529e+08
ERR617110	1.73067e+08	1.94434e+08	2.0248e+08	2.06161e+08	1.76332e+08	2.81042e+08	1.40643e+08	1.48754e+08	1.33286e+08	1.39688e+08	1.53578e+08	1.42566e+08	2.3218e+08	2.02336e+08	2.01566e+08	1.98424e+08	2.2818e+08	2.1559e+08	2.34299e+08	2.19759e+08	2.24276e+08	2.13845e+08	2.20412e+08	2.31498e+08	2.06453e+08	1.41617e+08	2.00889e+08	1.8227e+08	2.02284e+08	1.80161e+08	1.43036e+08	1.40878e+08	1.8037e+08	1.82254e+08	2.00621e+08	2.05105e+08	2.10303e+08	1.84699e+08	2.30123e+08	1.89613e+08	1.87715e+08	2.331e+08	1.50932e+08	1.42223e+08	1.50446e+08	1.50603e+08	1.61108e+08	1.53435e+08	1.47971e+08	1.44298e+08	1.2622e+08	1.38646e+08	1.29453e+08	1.28627e+08	1.61228e+08	1.80235e+08	1.70981e+08	1.86218e+08	1.8021e+08	1.51133e+08	1.24872e+08	1.70854e+08	1.65135e+08	1.32183e+08	1.454e+08	1.66121e+08	1.53214e+08	1.82712e+08	1.62236e+08	1.53214e+08	1.55635e+08	1.72106e+08	1.69559e+08	1.72721e+08	1.69167e+08	1.67028e+08	1.702e+08	1.96518e+08	1.60741e+08	1.14221e+08	1.51298e+08	1.17687e+08	1.10737e+08	1.60499e+08	1.53214e+08	1.82712e+08	1.62236e+08	1.53214e+08	1.55635e+08	1.72106e+08	1.63333e+08	1.4991e+08	1.63415e+08	1.47179e+08	1.58643e+08	1.52815e+08
ERR630993	1.3816e+08	1.57341e+08	1.64686e+08	1.67636e+08	1.40552e+08	1.40643e+08	2.67736e+08	1.78372e+08	1.61483e+08	1.68665e+08	1.84248e+08	1.7208e+08	2.55396e+08	2.23385e+08	2.22679e+08	2.18382e+08	2.50844e+08	2.36764e+08	2.12474e+08	1.99634e+08	2.03852e+08	1.94173e+08	2.00225e+08	2.10401e+08	1.84457e+08	1.25499e+08	1.79201e+08	1.62139e+08	1.81082e+08	1.60798e+08	1.49992e+08	1.47647e+08	1.86644e+08	1.88919e+08	2.06639e+08	2.12058e+08	1.88665e+08	1.6581e+08	2.07011e+08	1.71176e+08	1.69366e+08	2.08781e+08	1.41954e+08	1.34341e+08	1.4206e+08	1.42232e+08	1.51334e+08	1.4457e+08	1.29549e+08	1.26407e+08	1.09406e+08	1.20987e+08	1.12045e+08	1.115e+08	1.72589e+08	1.92882e+08	1.82472e+08	1.9854e+08	1.92766e+08	1.62272e+08	1.15719e+08	1.56785e+08	1.51675e+08	1.21489e+08	1.33795e+08	1.52248e+08	1.46403e+08	1.75138e+08	1.55214e+08	1.46213e+08	1.48687e+08	1.65028e+08	1.5972e+08	1.62515e+08	1.59376e+08	1.57636e+08	1.60492e+08	1.85473e+08	1.43598e+08	1.01717e+08	1.34113e+08	1.04758e+08	9.86125e+07	1.43266e+08	1.46403e+08	1.75138e+08	1.55214e+08	1.46213e+08	1.48687e+08	1.65028e+08	1.47311e+08	1.34707e+08	1.47422e+08	1.33607e+08	1.44022e+08	1.38426e+08
ERR630990	1.46176e+08	1.66465e+08	1.74357e+08	1.77665e+08	1.48698e+08	1.48754e+08	1.78372e+08	2.94601e+08	1.69628e+08	1.78279e+08	1.95019e+08	1.80883e+08	2.71231e+08	2.37246e+08	2.36307e+08	2.31593e+08	2.66448e+08	2.51195e+08	2.24914e+08	2.11333e+08	2.15849e+08	2.05455e+08	2.11862e+08	2.22835e+08	1.95776e+08	1.32655e+08	1.8997e+08	1.71654e+08	1.91948e+08	1.70296e+08	1.58787e+08	1.56281e+08	1.97747e+08	2.0016e+08	2.19028e+08	2.24825e+08	1.99882e+08	1.75545e+08	2.19464e+08	1.81477e+08	1.79331e+08	2.21106e+08	1.50609e+08	1.42293e+08	1.50626e+08	1.50905e+08	1.60665e+08	1.53382e+08	1.38315e+08	1.34956e+08	1.16684e+08	1.29112e+08	1.19424e+08	1.1898e+08	1.8274e+08	2.0423e+08	1.92987e+08	2.10393e+08	2.04071e+08	1.71682e+08	1.24151e+08	1.67898e+08	1.62445e+08	1.30237e+08	1.43309e+08	1.62995e+08	1.54858e+08	1.85488e+08	1.64143e+08	1.54813e+08	1.5725e+08	1.74783e+08	1.69851e+08	1.72903e+08	1.69483e+08	1.67657e+08	1.70545e+08	1.9737e+08	1.53048e+08	1.08353e+08	1.42839e+08	1.1154e+08	1.05172e+08	1.5262e+08	1.54858e+08	1.85488e+08	1.64143e+08	1.54813e+08	1.5725e+08	1.74783e+08	1.57277e+08	1.43498e+08	1.57267e+08	1.426e+08	1.53839e+08	1.47751e+08
ERR630995	1.30834e+08	1.49103e+08	1.5618e+08	1.59012e+08	1.33188e+08	1.33286e+08	1.61483e+08	1.69628e+08	2.46723e+08	1.60634e+08	1.75516e+08	1.63863e+08	2.42688e+08	2.12411e+08	2.11778e+08	2.07507e+08	2.3843e+08	2.25017e+08	2.01239e+08	1.89191e+08	1.93119e+08	1.83997e+08	1.8966e+08	1.99423e+08	1.75148e+08	1.19064e+08	1.6992e+08	1.53879e+08	1.71859e+08	1.5263e+08	1.42736e+08	1.40585e+08	1.77415e+08	1.79625e+08	1.96393e+08	2.01469e+08	1.79188e+08	1.57635e+08	1.96596e+08	1.62667e+08	1.61083e+08	1.98119e+08	1.34949e+08	1.27773e+08	1.35016e+08	1.35206e+08	1.43823e+08	1.37448e+08	1.22511e+08	1.19509e+08	1.03321e+08	1.14324e+08	1.05759e+08	1.05374e+08	1.63546e+08	1.82712e+08	1.72818e+08	1.8805e+08	1.82461e+08	1.53759e+08	1.09851e+08	1.4871e+08	1.43824e+08	1.15276e+08	1.26892e+08	1.44417e+08	1.38814e+08	1.65983e+08	1.47119e+08	1.38613e+08	1.40994e+08	1.56504e+08	1.51521e+08	1.54184e+08	1.51249e+08	1.4955e+08	1.52159e+08	1.76039e+08	1.35744e+08	9.61414e+07	1.26692e+08	9.90295e+07	9.32549e+07	1.35511e+08	1.38814e+08	1.65983e+08	1.47119e+08	1.38613e+08	1.40994e+08	1.56504e+08	1.39098e+08	1.27137e+08	1.3924e+08	1.26292e+08	1.36147e+08	1.30783e+08
ERR630991	1.37191e+08	1.56545e+08	1.64265e+08	1.67363e+08	1.39334e+08	1.39688e+08	1.68665e+08	1.78279e+08	1.60634e+08	2.68693e+08	1.8464e+08	1.71165e+08	2.56483e+08	2.24472e+08	2.23564e+08	2.18607e+08	2.5199e+08	2.37305e+08	2.11435e+08	1.98774e+08	2.02965e+08	1.93248e+08	1.99319e+08	2.09644e+08	1.84928e+08	1.24802e+08	1.79367e+08	1.62123e+08	1.81429e+08	1.60776e+08	1.50409e+08	1.48036e+08	1.86811e+08	1.89155e+08	2.06921e+08	2.12312e+08	1.88803e+08	1.66005e+08	2.07393e+08	1.71708e+08	1.6993e+08	2.08665e+08	1.42104e+08	1.34335e+08	1.42254e+08	1.42486e+08	1.51609e+08	1.4478e+08	1.30423e+08	1.27103e+08	1.09361e+08	1.21365e+08	1.11919e+08	1.11626e+08	1.7126e+08	1.91501e+08	1.8064e+08	1.97207e+08	1.91183e+08	1.61029e+08	1.18166e+08	1.59263e+08	1.54054e+08	1.23618e+08	1.36114e+08	1.54537e+08	1.45484e+08	1.74574e+08	1.54161e+08	1.45305e+08	1.47797e+08	1.64567e+08	1.60171e+08	1.63095e+08	1.60101e+08	1.58422e+08	1.60909e+08	1.86297e+08	1.43978e+08	1.01887e+08	1.34079e+08	1.0502e+08	9.89494e+07	1.43714e+08	1.45484e+08	1.74574e+08	1.54161e+08	1.45305e+08	1.47797e+08	1.64567e+08	1.47561e+08	1.34334e+08	1.47669e+08	1.34195e+08	1.44757e+08	1.3889e+08
ERR630992	1.50929e+08	1.72148e+08	1.80575e+08	1.84024e+08	1.53456e+08	1.53578e+08	1.84248e+08	1.95019e+08	1.75516e+08	1.8464e+08	3.12163e+08	1.87058e+08	2.81748e+08	2.461e+08	2.45405e+08	2.39885e+08	2.76669e+08	2.60426e+08	2.32573e+08	2.18586e+08	2.23322e+08	2.12488e+08	2.19283e+08	2.30589e+08	2.03161e+08	1.36986e+08	1.96994e+08	1.77982e+08	1.993e+08	1.76539e+08	1.64567e+08	1.61968e+08	2.0482e+08	2.07398e+08	2.2705e+08	2.33143e+08	2.07381e+08	1.82185e+08	2.27936e+08	1.88343e+08	1.86475e+08	2.29266e+08	1.56033e+08	1.47556e+08	1.56189e+08	1.56372e+08	1.66492e+08	1.58964e+08	1.44016e+08	1.40447e+08	1.20919e+08	1.34055e+08	1.2377e+08	1.2346e+08	1.88848e+08	2.11202e+08	1.994e+08	2.17711e+08	2.11057e+08	1.77488e+08	1.30282e+08	1.75758e+08	1.70031e+08	1.36361e+08	1.50233e+08	1.70545e+08	1.59949e+08	1.91841e+08	1.69553e+08	1.59769e+08	1.62423e+08	1.8078e+08	1.76537e+08	1.7976e+08	1.76238e+08	1.74542e+08	1.7729e+08	2.05367e+08	1.59131e+08	1.12551e+08	1.48129e+08	1.16001e+08	1.09295e+08	1.5881e+08	1.59949e+08	1.91841e+08	1.69553e+08	1.59769e+08	1.62423e+08	1.8078e+08	1.63335e+08	1.48733e+08	1.63413e+08	1.4838e+08	1.60134e+08	1.53731e+08
ERR630994	1.40123e+08	1.59657e+08	1.66956e+08	1.70107e+08	1.42548e+08	1.42566e+08	1.7208e+08	1.80883e+08	1.63863e+08	1.71165e+08	1.87058e+08	2.74464e+08	2.59288e+08	2.26699e+08	2.26011e+08	2.21707e+08	2.54724e+08	2.40448e+08	2.15721e+08	2.02649e+08	2.06963e+08	1.97036e+08	2.03316e+08	2.13555e+08	1.87217e+08	1.27384e+08	1.81857e+08	1.64583e+08	1.83816e+08	1.6316e+08	1.52091e+08	1.49658e+08	1.89473e+08	1.91741e+08	2.09715e+08	2.15278e+08	1.91596e+08	1.68309e+08	2.10043e+08	1.73658e+08	1.71846e+08	2.11939e+08	1.44151e+08	1.36382e+08	1.44186e+08	1.44342e+08	1.5366e+08	1.46793e+08	1.31861e+08	1.287e+08	1.11285e+08	1.23124e+08	1.14062e+08	1.13614e+08	1.75462e+08	1.96081e+08	1.85373e+08	2.01904e+08	1.95915e+08	1.6489e+08	1.17733e+08	1.59488e+08	1.54308e+08	1.23553e+08	1.36002e+08	1.54905e+08	1.48562e+08	1.77797e+08	1.57651e+08	1.48464e+08	1.51008e+08	1.67528e+08	1.62113e+08	1.64892e+08	1.61722e+08	1.59852e+08	1.62756e+08	1.88296e+08	1.46016e+08	1.03376e+08	1.36393e+08	1.06543e+08	1.00272e+08	1.45812e+08	1.48562e+08	1.77797e+08	1.57651e+08	1.48464e+08	1.51008e+08	1.67528e+08	1.49727e+08	1.36941e+08	1.49896e+08	1.35741e+08	1.46495e+08	1.40842e+08
ERR617527	2.28028e+08	2.60403e+08	2.73814e+08	2.79264e+08	2.31963e+08	2.3218e+08	2.55396e+08	2.71231e+08	2.42688e+08	2.56483e+08	2.81748e+08	2.59288e+08	6.48715e+08	4.10176e+08	4.09031e+08	3.99059e+08	4.64239e+08	4.35733e+08	3.49131e+08	3.27941e+08	3.35625e+08	3.1839e+08	3.29237e+08	3.46614e+08	3.06581e+08	2.03395e+08	2.9676e+08	2.66942e+08	3.00345e+08	2.64851e+08	2.48517e+08	2.44371e+08	3.0959e+08	3.14095e+08	3.44478e+08	3.53605e+08	3.25719e+08	2.8689e+08	3.58473e+08	2.96677e+08	2.93645e+08	3.59838e+08	2.51666e+08	2.37684e+08	2.51529e+08	2.5203e+08	2.68288e+08	2.55906e+08	2.32216e+08	2.26423e+08	1.9435e+08	2.15731e+08	1.98673e+08	1.98294e+08	2.83542e+08	3.18453e+08	2.9992e+08	3.28245e+08	3.17997e+08	2.66861e+08	2.1261e+08	2.86183e+08	2.7673e+08	2.22154e+08	2.44674e+08	2.77526e+08	2.33773e+08	2.82896e+08	2.48867e+08	2.33513e+08	2.37674e+08	2.66071e+08	2.77174e+08	2.82336e+08	2.76735e+08	2.74417e+08	2.78406e+08	3.23155e+08	2.54579e+08	1.80129e+08	2.36463e+08	1.85561e+08	1.74719e+08	2.53968e+08	2.33773e+08	2.82896e+08	2.48867e+08	2.33513e+08	2.37674e+08	2.66071e+08	2.5488e+08	2.31186e+08	2.55213e+08	2.31617e+08	2.50365e+08	2.39917e+08
ERR617525	1.98772e+08	2.26806e+08	2.3833e+08	2.43084e+08	2.02101e+08	2.02336e+08	2.23385e+08	2.37246e+08	2.12411e+08	2.24472e+08	2.461e+08	2.26699e+08	4.10176e+08	5.11657e+08	3.57761e+08	3.4925e+08	4.02867e+08	3.78704e+08	3.0372e+08	2.85287e+08	2.91941e+08	2.77042e+08	2.86358e+08	3.01512e+08	2.66398e+08	1.77333e+08	2.57901e+08	2.32354e+08	2.61044e+08	2.30409e+08	2.1745e+08	2.14085e+08	2.70583e+08	2.74281e+08	3.00673e+08	3.08433e+08	2.82665e+08	2.4906e+08	3.107e+08	2.57481e+08	2.5485e+08	3.12228e+08	2.18853e+08	2.06807e+08	2.18808e+08	2.19133e+08	2.33299e+08	2.22503e+08	2.00954e+08	1.95803e+08	1.68518e+08	1.86749e+08	1.72302e+08	1.71829e+08	2.46842e+08	2.76775e+08	2.60956e+08	2.85537e+08	2.76522e+08	2.32283e+08	1.83529e+08	2.47037e+08	2.39018e+08	1.91821e+08	2.1113e+08	2.39609e+08	2.03526e+08	2.46079e+08	2.16629e+08	2.034e+08	2.07015e+08	2.3152e+08	2.40413e+08	2.44998e+08	2.40088e+08	2.38072e+08	2.41408e+08	2.80151e+08	2.20454e+08	1.56201e+08	2.04914e+08	1.60906e+08	1.51567e+08	2.20061e+08	2.03526e+08	2.46079e+08	2.16629e+08	2.034e+08	2.07015e+08	2.3152e+08	2.20705e+08	2.00315e+08	2.20901e+08	2.00384e+08	2.16522e+08	2.07673e+08
ERR617524	1.98086e+08	2.25968e+08	2.37415e+08	2.42195e+08	2.01463e+08	2.01566e+08	2.22679e+08	2.36307e+08	2.11778e+08	2.23564e+08	2.45405e+08	2.26011e+08	4.09031e+08	3.57761e+08	5.07909e+08	3.47895e+08	4.01661e+08	3.77458e+08	3.02688e+08	2.84247e+08	2.90872e+08	2.76015e+08	2.85307e+08	3.00404e+08	2.65403e+08	1.76609e+08	2.57004e+08	2.31566e+08	2.60205e+08	2.29623e+08	2.16708e+08	2.13247e+08	2.69537e+08	2.73259e+08	2.99508e+08	3.07438e+08	2.81729e+08	2.48504e+08	3.09858e+08	2.5679e+08	2.54157e+08	3.11341e+08	2.18162e+08	2.06235e+08	2.18214e+08	2.18352e+08	2.32611e+08	2.21797e+08	2.0005e+08	1.95098e+08	1.67837e+08	1.85986e+08	1.71547e+08	1.71103e+08	2.45902e+08	2.75714e+08	2.60045e+08	2.84279e+08	2.75344e+08	2.31403e+08	1.82796e+08	2.46032e+08	2.37954e+08	1.91222e+08	2.10464e+08	2.38687e+08	2.0299e+08	2.45294e+08	2.159e+08	2.02743e+08	2.06296e+08	2.30779e+08	2.39328e+08	2.43988e+08	2.39047e+08	2.37102e+08	2.40437e+08	2.79112e+08	2.19521e+08	1.55425e+08	2.03947e+08	1.60127e+08	1.50982e+08	2.19105e+08	2.0299e+08	2.45294e+08	2.159e+08	2.02743e+08	2.06296e+08	2.30779e+08	2.19824e+08	1.9944e+08	2.1989e+08	1.99507e+08	2.15644e+08	2.06787e+08
ERR617523	1.95039e+08	2.2207e+08	2.32859e+08	2.37224e+08	1.98358e+08	1.98424e+08	2.18382e+08	2.31593e+08	2.07507e+08	2.18607e+08	2.39885e+08	2.21707e+08	3.99059e+08	3.4925e+08	3.47895e+08	4.89542e+08	3.91695e+08	3.68932e+08	2.9755e+08	2.79152e+08	2.85555e+08	2.71075e+08	2.80187e+08	2.94774e+08	2.5936e+08	1.73633e+08	2.51358e+08	2.26596e+08	2.54173e+08	2.24718e+08	2.11511e+08	2.08215e+08	2.63785e+08	2.67265e+08	2.92908e+08	3.00537e+08	2.76204e+08	2.43334e+08	3.03209e+08	2.51181e+08	2.48636e+08	3.0545e+08	2.13722e+08	2.02088e+08	2.13471e+08	2.13782e+08	2.27597e+08	2.1714e+08	1.95422e+08	1.90682e+08	1.64715e+08	1.82298e+08	1.68595e+08	1.68032e+08	2.42399e+08	2.7178e+08	2.56603e+08	2.80184e+08	2.71429e+08	2.28051e+08	1.76194e+08	2.37946e+08	2.30179e+08	1.84903e+08	2.03165e+08	2.31166e+08	1.99651e+08	2.40527e+08	2.12494e+08	1.99465e+08	2.03014e+08	2.26239e+08	2.33501e+08	2.37909e+08	2.33098e+08	2.30837e+08	2.3456e+08	2.71898e+08	2.14979e+08	1.52358e+08	2.00392e+08	1.56897e+08	1.47841e+08	2.14494e+08	1.99651e+08	2.40527e+08	2.12494e+08	1.99465e+08	2.03014e+08	2.26239e+08	2.15161e+08	1.95976e+08	2.15192e+08	1.95018e+08	2.10461e+08	2.02112e+08
ERR617526	2.24072e+08	2.55895e+08	2.68975e+08	2.74244e+08	2.27839e+08	2.2818e+08	2.50844e+08	2.66448e+08	2.3843e+08	2.5199e+08	2.76669e+08	2.54724e+08	4.64239e+08	4.02867e+08	4.01661e+08	3.91695e+08	6.27893e+08	4.27997e+08	3.43137e+08	3.21894e+08	3.296e+08	3.12751e+08	3.2323e+08	3.40565e+08	3.01054e+08	1.99609e+08	2.91392e+08	2.62202e+08	2.94971e+08	2.60065e+08	2.44176e+08	2.40037e+08	3.04169e+08	3.08362e+08	3.38448e+08	3.47268e+08	3.19669e+08	2.81612e+08	3.51727e+08	2.9119e+08	2.88297e+08	3.53472e+08	2.46947e+08	2.33384e+08	2.46976e+08	2.47345e+08	2.63372e+08	2.51085e+08	2.27698e+08	2.22154e+08	1.90815e+08	2.1175e+08	1.95001e+08	1.94562e+08	2.78627e+08	3.12854e+08	2.94759e+08	3.22695e+08	3.1232e+08	2.62127e+08	2.08336e+08	2.80315e+08	2.71261e+08	2.17774e+08	2.39786e+08	2.72009e+08	2.29758e+08	2.77669e+08	2.44569e+08	2.29396e+08	2.33427e+08	2.61319e+08	2.71921e+08	2.76963e+08	2.71435e+08	2.69195e+08	2.73142e+08	3.16944e+08	2.49936e+08	1.76761e+08	2.32087e+08	1.82135e+08	1.7157e+08	2.49325e+08	2.29758e+08	2.77669e+08	2.44569e+08	2.29396e+08	2.33427e+08	2.61319e+08	2.50185e+08	2.26851e+08	2.505e+08	2.2721e+08	2.45694e+08	2.3546e+08
ERR617528	2.11707e+08	2.4139e+08	2.53056e+08	2.58198e+08	2.15456e+08	2.1559e+08	2.36764e+08	2.51195e+08	2.25017e+08	2.37305e+08	2.60426e+08	2.40448e+08	4.35733e+08	3.78704e+08	3.77458e+08	3.68932e+08	4.27997e+08	5.63829e+08	3.23512e+08	3.03411e+08	3.1048e+08	2.94725e+08	3.04576e+08	3.20494e+08	2.82541e+08	1.88596e+08	2.73742e+08	2.46508e+08	2.76843e+08	2.44588e+08	2.29582e+08	2.26049e+08	2.86554e+08	2.90569e+08	3.18564e+08	3.26814e+08	3.00852e+08	2.65067e+08	3.3054e+08	2.73589e+08	2.70906e+08	3.32744e+08	2.32889e+08	2.20109e+08	2.328e+08	2.33087e+08	2.48112e+08	2.36731e+08	2.13384e+08	2.08177e+08	1.79556e+08	1.98779e+08	1.8372e+08	1.83079e+08	2.63473e+08	2.95491e+08	2.78683e+08	3.04555e+08	2.95107e+08	2.4777e+08	1.93096e+08	2.60501e+08	2.52158e+08	2.02234e+08	2.22565e+08	2.52984e+08	2.16956e+08	2.61675e+08	2.30873e+08	2.16646e+08	2.20617e+08	2.46349e+08	2.54957e+08	2.59613e+08	2.54525e+08	2.522e+08	2.56072e+08	2.97115e+08	2.34306e+08	1.6606e+08	2.18307e+08	1.7112e+08	1.61132e+08	2.33904e+08	2.16956e+08	2.61675e+08	2.30873e+08	2.16646e+08	2.20617e+08	2.46349e+08	2.34892e+08	2.1363e+08	2.34981e+08	2.12798e+08	2.29853e+08	2.20663e+08
ERR637059	2.3005e+08	2.61491e+08	2.72896e+08	2.77965e+08	2.34406e+08	2.34299e+08	2.12474e+08	2.24914e+08	2.01239e+08	2.11435e+08	2.32573e+08	2.15721e+08	3.49131e+08	3.0372e+08	3.02688e+08	2.9755e+08	3.43137e+08	3.23512e+08	5.36108e+08	3.53122e+08	3.6034e+08	3.44161e+08	3.54044e+08	3.73019e+08	2.95596e+08	2.00264e+08	2.87411e+08	2.5929e+08	2.89381e+08	2.56999e+08	2.14749e+08	2.11459e+08	2.71692e+08	2.74527e+08	3.02394e+08	3.09451e+08	3.0291e+08	2.6481e+08	3.32506e+08	2.72568e+08	2.69595e+08	3.36803e+08	2.17691e+08	2.04996e+08	2.16922e+08	2.17317e+08	2.32373e+08	2.21112e+08	2.18219e+08	2.1287e+08	1.85205e+08	2.04312e+08	1.89856e+08	1.88636e+08	2.44264e+08	2.73681e+08	2.59168e+08	2.82601e+08	2.73317e+08	2.2907e+08	1.86424e+08	2.54083e+08	2.4547e+08	1.96749e+08	2.16565e+08	2.46902e+08	2.27504e+08	2.71635e+08	2.41512e+08	2.27315e+08	2.31156e+08	2.55978e+08	2.43575e+08	2.48299e+08	2.42952e+08	2.40036e+08	2.44561e+08	2.83953e+08	2.38765e+08	1.6914e+08	2.2405e+08	1.74472e+08	1.64162e+08	2.38369e+08	2.27504e+08	2.71635e+08	2.41512e+08	2.27315e+08	2.31156e+08	2.55978e+08	2.49246e+08	2.28443e+08	2.49229e+08	2.25564e+08	2.43212e+08	2.34007e+08
ERR637060	2.15887e+08	2.45533e+08	2.56393e+08	2.61207e+08	2.19855e+08	2.19759e+08	1.99634e+08	2.11333e+08	1.89191e+08	1.98774e+08	2.18586e+08	2.02649e+08	3.27941e+08	2.85287e+08	2.84247e+08	2.79152e+08	3.21894e+08	3.03411e+08	3.53122e+08	4.79245e+08	3.398e+08	3.22411e+08	3.33857e+08	3.49522e+08	2.78029e+08	1.88238e+08	2.70522e+08	2.43833e+08	2.72374e+08	2.41696e+08	2.02134e+08	1.99182e+08	2.55286e+08	2.5799e+08	2.84231e+08	2.90799e+08	2.8468e+08	2.49211e+08	3.12579e+08	2.56658e+08	2.53689e+08	3.16301e+08	2.04962e+08	1.92918e+08	2.04178e+08	2.04456e+08	2.18803e+08	2.08012e+08	2.04029e+08	1.98932e+08	1.72831e+08	1.90732e+08	1.77111e+08	1.75955e+08	2.28787e+08	2.56409e+08	2.42553e+08	2.64684e+08	2.56191e+08	2.1472e+08	1.75075e+08	2.38249e+08	2.304e+08	1.84725e+08	2.0333e+08	2.31646e+08	2.13783e+08	2.55281e+08	2.268e+08	2.13635e+08	2.17175e+08	2.405e+08	2.2861e+08	2.33125e+08	2.28143e+08	2.25511e+08	2.29571e+08	2.66462e+08	2.23025e+08	1.58017e+08	2.09132e+08	1.62987e+08	1.53345e+08	2.22809e+08	2.13783e+08	2.55281e+08	2.268e+08	2.13635e+08	2.17175e+08	2.405e+08	2.33717e+08	2.14044e+08	2.33834e+08	2.11677e+08	2.28043e+08	2.19548e+08
ERR637062	2.20361e+08	2.50655e+08	2.61852e+08	2.66647e+08	2.24421e+08	2.24276e+08	2.03852e+08	2.15849e+08	1.93119e+08	2.02965e+08	2.23322e+08	2.06963e+08	3.35625e+08	2.91941e+08	2.90872e+08	2.85555e+08	3.296e+08	3.1048e+08	3.6034e+08	3.398e+08	4.96921e+08	3.28946e+08	3.40823e+08	3.56702e+08	2.84024e+08	1.92067e+08	2.76173e+08	2.48903e+08	2.78173e+08	2.46695e+08	2.06891e+08	2.03695e+08	2.6115e+08	2.64016e+08	2.9084e+08	2.97689e+08	2.90575e+08	2.54474e+08	3.19273e+08	2.62077e+08	2.59057e+08	3.22976e+08	2.09631e+08	1.97389e+08	2.08872e+08	2.09196e+08	2.23946e+08	2.12929e+08	2.08791e+08	2.03649e+08	1.76735e+08	1.95315e+08	1.81096e+08	1.80141e+08	2.33624e+08	2.61796e+08	2.477e+08	2.70407e+08	2.61542e+08	2.19218e+08	1.79621e+08	2.44357e+08	2.36234e+08	1.89382e+08	2.08581e+08	2.37471e+08	2.1793e+08	2.60385e+08	2.31367e+08	2.17773e+08	2.21317e+08	2.45339e+08	2.33842e+08	2.38529e+08	2.33358e+08	2.30655e+08	2.34814e+08	2.72696e+08	2.28319e+08	1.61689e+08	2.14103e+08	1.6682e+08	1.56985e+08	2.27919e+08	2.1793e+08	2.60385e+08	2.31367e+08	2.17773e+08	2.21317e+08	2.45339e+08	2.38851e+08	2.18578e+08	2.38913e+08	2.16335e+08	2.3329e+08	2.24369e+08
ERR637057	2.09891e+08	2.38821e+08	2.49104e+08	2.53745e+08	2.13883e+08	2.13845e+08	1.94173e+08	2.05455e+08	1.83997e+08	1.93248e+08	2.12488e+08	1.97036e+08	3.1839e+08	2.77042e+08	2.76015e+08	2.71075e+08	3.12751e+08	2.94725e+08	3.44161e+08	3.22411e+08	3.28946e+08	4.57632e+08	3.23302e+08	3.40517e+08	2.70269e+08	1.83303e+08	2.62863e+08	2.37052e+08	2.64588e+08	2.3488e+08	1.96319e+08	1.93303e+08	2.47932e+08	2.50637e+08	2.75919e+08	2.82525e+08	2.767e+08	2.42096e+08	3.03777e+08	2.49346e+08	2.46661e+08	3.0753e+08	1.99266e+08	1.8776e+08	1.98511e+08	1.9884e+08	2.12733e+08	2.02412e+08	1.98082e+08	1.93322e+08	1.67746e+08	1.85148e+08	1.72016e+08	1.70976e+08	2.2319e+08	2.49876e+08	2.36657e+08	2.57967e+08	2.49641e+08	2.09364e+08	1.69614e+08	2.31028e+08	2.23229e+08	1.78912e+08	1.97059e+08	2.24307e+08	2.08142e+08	2.48211e+08	2.20753e+08	2.0805e+08	2.11291e+08	2.34248e+08	2.2222e+08	2.26526e+08	2.21687e+08	2.19044e+08	2.23083e+08	2.58985e+08	2.16645e+08	1.53487e+08	2.02981e+08	1.58266e+08	1.48873e+08	2.16296e+08	2.08142e+08	2.48211e+08	2.20753e+08	2.0805e+08	2.11291e+08	2.34248e+08	2.27175e+08	2.08288e+08	2.27254e+08	2.05774e+08	2.21776e+08	2.13456e+08
ERR637061	2.16472e+08	2.46198e+08	2.57158e+08	2.61883e+08	2.2045e+08	2.20412e+08	2.00225e+08	2.11862e+08	1.8966e+08	1.99319e+08	2.19283e+08	2.03316e+08	3.29237e+08	2.86358e+08	2.85307e+08	2.80187e+08	3.2323e+08	3.04576e+08	3.54044e+08	3.33857e+08	3.40823e+08	3.23302e+08	4.8192e+08	3.50353e+08	2.79127e+08	1.88738e+08	2.71338e+08	2.44626e+08	2.73259e+08	2.42392e+08	2.02953e+08	1.99893e+08	2.56166e+08	2.59e+08	2.85312e+08	2.92006e+08	2.85602e+08	2.50032e+08	3.137e+08	2.57404e+08	2.54441e+08	3.17262e+08	2.05832e+08	1.93729e+08	2.05026e+08	2.05416e+08	2.19663e+08	2.09127e+08	2.0481e+08	1.99706e+08	1.73277e+08	1.91466e+08	1.77648e+08	1.76666e+08	2.29535e+08	2.57063e+08	2.43158e+08	2.65484e+08	2.56773e+08	2.15333e+08	1.75889e+08	2.39313e+08	2.31335e+08	1.85451e+08	2.04251e+08	2.32478e+08	2.14171e+08	2.55806e+08	2.27505e+08	2.13992e+08	2.1767e+08	2.41382e+08	2.29287e+08	2.34022e+08	2.2891e+08	2.26228e+08	2.30369e+08	2.67407e+08	2.23835e+08	1.5843e+08	2.09719e+08	1.63488e+08	1.53814e+08	2.23502e+08	2.14171e+08	2.55806e+08	2.27505e+08	2.13992e+08	2.1767e+08	2.41382e+08	2.3428e+08	2.14591e+08	2.34449e+08	2.12394e+08	2.28889e+08	2.20183e+08
ERR637058	2.27369e+08	2.58855e+08	2.70611e+08	2.75447e+08	2.31378e+08	2.31498e+08	2.10401e+08	2.22835e+08	1.99423e+08	2.09644e+08	2.30589e+08	2.13555e+08	3.46614e+08	3.01512e+08	3.00404e+08	2.94774e+08	3.40565e+08	3.20494e+08	3.73019e+08	3.49522e+08	3.56702e+08	3.40517e+08	3.50353e+08	5.2662e+08	2.93516e+08	1.98179e+08	2.85257e+08	2.57197e+08	2.87444e+08	2.54858e+08	2.1343e+08	2.10175e+08	2.69411e+08	2.72289e+08	3.00088e+08	3.06942e+08	3.0015e+08	2.62703e+08	3.29854e+08	2.70705e+08	2.67519e+08	3.33519e+08	2.16436e+08	2.03912e+08	2.15682e+08	2.16186e+08	2.31194e+08	2.19861e+08	2.16263e+08	2.10824e+08	1.82698e+08	2.01879e+08	1.87266e+08	1.86247e+08	2.41071e+08	2.70183e+08	2.55424e+08	2.79064e+08	2.69847e+08	2.26192e+08	1.86235e+08	2.53008e+08	2.44597e+08	1.95985e+08	2.15886e+08	2.45842e+08	2.24705e+08	2.68869e+08	2.38451e+08	2.24488e+08	2.28256e+08	2.5334e+08	2.41561e+08	2.46347e+08	2.41302e+08	2.38332e+08	2.4265e+08	2.81878e+08	2.363e+08	1.67323e+08	2.2116e+08	1.72634e+08	1.62395e+08	2.35924e+08	2.24705e+08	2.68869e+08	2.38451e+08	2.24488e+08	2.28256e+08	2.5334e+08	2.46772e+08	2.25773e+08	2.469e+08	2.23801e+08	2.4129e+08	2.31944e+08
ERR608153	2.02977e+08	2.31344e+08	2.42564e+08	2.47117e+08	2.06238e+08	2.06453e+08	1.84457e+08	1.95776e+08	1.75148e+08	1.84928e+08	2.03161e+08	1.87217e+08	3.06581e+08	2.66398e+08	2.65403e+08	2.5936e+08	3.01054e+08	2.82541e+08	2.95596e+08	2.78029e+08	2.84024e+08	2.70269e+08	2.79127e+08	2.93516e+08	4.25761e+08	1.93915e+08	2.80284e+08	2.54017e+08	2.8416e+08	2.50817e+08	1.86849e+08	1.84035e+08	2.3424e+08	2.3735e+08	2.61434e+08	2.67907e+08	2.74173e+08	2.4119e+08	3.01598e+08	2.49101e+08	2.46459e+08	3.03504e+08	1.92833e+08	1.81688e+08	1.92664e+08	1.92883e+08	2.06238e+08	1.96322e+08	1.89623e+08	1.84793e+08	1.59033e+08	1.76406e+08	1.62747e+08	1.62126e+08	2.07549e+08	2.32689e+08	2.19438e+08	2.40065e+08	2.32285e+08	1.94923e+08	1.68809e+08	2.27749e+08	2.20261e+08	1.76725e+08	1.94938e+08	2.21025e+08	1.96232e+08	2.35765e+08	2.07805e+08	1.9601e+08	1.99129e+08	2.22132e+08	2.23183e+08	2.2759e+08	2.22804e+08	2.20829e+08	2.23846e+08	2.59439e+08	2.06794e+08	1.46204e+08	1.92458e+08	1.50778e+08	1.4213e+08	2.06418e+08	1.96232e+08	2.35765e+08	2.07805e+08	1.9601e+08	1.99129e+08	2.22132e+08	2.12898e+08	1.93702e+08	2.13078e+08	1.93538e+08	2.0879e+08	2.00564e+08
ERR608149	1.3917e+08	1.57723e+08	1.64444e+08	1.67356e+08	1.41662e+08	1.41617e+08	1.25499e+08	1.32655e+08	1.19064e+08	1.24802e+08	1.36986e+08	1.27384e+08	2.03395e+08	1.77333e+08	1.76609e+08	1.73633e+08	1.99609e+08	1.88596e+08	2.00264e+08	1.88238e+08	1.92067e+08	1.83303e+08	1.88738e+08	1.98179e+08	1.93915e+08	2.23053e+08	1.89141e+08	1.71243e+08	1.90091e+08	1.70033e+08	1.24972e+08	1.23156e+08	1.56915e+08	1.58859e+08	1.7442e+08	1.78682e+08	1.84884e+08	1.62726e+08	2.02198e+08	1.6725e+08	1.6559e+08	2.04312e+08	1.29418e+08	1.22201e+08	1.29102e+08	1.29137e+08	1.38035e+08	1.3165e+08	1.24696e+08	1.21742e+08	1.05936e+08	1.16708e+08	1.08536e+08	1.07964e+08	1.40892e+08	1.57388e+08	1.49228e+08	1.62301e+08	1.57377e+08	1.32292e+08	1.08062e+08	1.46822e+08	1.41931e+08	1.13844e+08	1.25271e+08	1.42744e+08	1.34245e+08	1.59592e+08	1.41962e+08	1.3402e+08	1.36124e+08	1.50744e+08	1.48781e+08	1.51508e+08	1.48439e+08	1.4667e+08	1.49292e+08	1.72442e+08	1.36829e+08	9.72183e+07	1.28291e+08	1.0021e+08	9.4376e+07	1.3666e+08	1.34245e+08	1.59592e+08	1.41962e+08	1.3402e+08	1.36124e+08	1.50744e+08	1.41059e+08	1.29359e+08	1.41097e+08	1.27568e+08	1.37434e+08	1.32355e+08
ERR608151	1.97406e+08	2.24957e+08	2.35488e+08	2.40038e+08	2.00735e+08	2.00889e+08	1.79201e+08	1.8997e+08	1.6992e+08	1.79367e+08	1.96994e+08	1.81857e+08	2.9676e+08	2.57901e+08	2.57004e+08	2.51358e+08	2.91392e+08	2.73742e+08	2.87411e+08	2.70522e+08	2.76173e+08	2.62863e+08	2.71338e+08	2.85257e+08	2.80284e+08	1.89141e+08	4.04731e+08	2.45584e+08	2.74806e+08	2.44321e+08	1.81191e+08	1.78496e+08	2.27369e+08	2.30312e+08	2.53465e+08	2.59767e+08	2.65947e+08	2.33891e+08	2.92334e+08	2.41442e+08	2.38724e+08	2.94318e+08	1.8701e+08	1.76219e+08	1.86876e+08	1.8695e+08	2.00086e+08	1.90355e+08	1.8399e+08	1.79486e+08	1.54652e+08	1.71289e+08	1.58375e+08	1.57736e+08	2.02036e+08	2.26427e+08	2.13722e+08	2.33914e+08	2.26266e+08	1.89917e+08	1.63025e+08	2.20166e+08	2.12955e+08	1.70972e+08	1.8836e+08	2.13654e+08	1.91061e+08	2.29153e+08	2.0244e+08	1.90937e+08	1.93864e+08	2.16156e+08	2.16464e+08	2.20758e+08	2.16145e+08	2.14159e+08	2.17423e+08	2.51789e+08	2.00721e+08	1.41955e+08	1.87041e+08	1.4643e+08	1.38079e+08	2.00308e+08	1.91061e+08	2.29153e+08	2.0244e+08	1.90937e+08	1.93864e+08	2.16156e+08	2.07175e+08	1.88813e+08	2.0732e+08	1.88336e+08	2.0309e+08	1.9504e+08
ERR608154	1.78991e+08	2.03588e+08	2.13079e+08	2.17099e+08	1.81993e+08	1.8227e+08	1.62139e+08	1.71654e+08	1.53879e+08	1.62123e+08	1.77982e+08	1.64583e+08	2.66942e+08	2.32354e+08	2.31566e+08	2.26596e+08	2.62202e+08	2.46508e+08	2.5929e+08	2.43833e+08	2.48903e+08	2.37052e+08	2.44626e+08	2.57197e+08	2.54017e+08	1.71243e+08	2.45584e+08	3.40605e+08	2.49008e+08	2.20288e+08	1.63439e+08	1.61079e+08	2.04876e+08	2.07472e+08	2.28245e+08	2.33832e+08	2.40418e+08	2.11658e+08	2.63943e+08	2.18231e+08	2.15848e+08	2.66016e+08	1.68941e+08	1.59251e+08	1.68727e+08	1.68917e+08	1.80616e+08	1.72146e+08	1.64619e+08	1.60595e+08	1.38702e+08	1.53386e+08	1.4191e+08	1.41411e+08	1.82044e+08	2.03928e+08	1.92461e+08	2.10414e+08	2.03594e+08	1.70959e+08	1.45227e+08	1.96333e+08	1.8993e+08	1.52399e+08	1.67987e+08	1.90656e+08	1.72896e+08	2.06869e+08	1.82938e+08	1.72759e+08	1.75457e+08	1.95134e+08	1.94823e+08	1.98767e+08	1.94666e+08	1.92765e+08	1.95648e+08	2.2627e+08	1.796e+08	1.2719e+08	1.67639e+08	1.31192e+08	1.23604e+08	1.79362e+08	1.72896e+08	2.06869e+08	1.82938e+08	1.72759e+08	1.75457e+08	1.95134e+08	1.85349e+08	1.69121e+08	1.85503e+08	1.68372e+08	1.81469e+08	1.74487e+08
ERR608152	1.9874e+08	2.26583e+08	2.3761e+08	2.42134e+08	2.01834e+08	2.02284e+08	1.81082e+08	1.91948e+08	1.71859e+08	1.81429e+08	1.993e+08	1.83816e+08	3.00345e+08	2.61044e+08	2.60205e+08	2.54173e+08	2.94971e+08	2.76843e+08	2.89381e+08	2.72374e+08	2.78173e+08	2.64588e+08	2.73259e+08	2.87444e+08	2.8416e+08	1.90091e+08	2.74806e+08	2.49008e+08	4.11392e+08	2.45908e+08	1.83299e+08	1.80531e+08	2.29466e+08	2.32522e+08	2.56023e+08	2.62499e+08	2.68819e+08	2.36615e+08	2.95695e+08	2.44381e+08	2.41827e+08	2.97378e+08	1.88946e+08	1.77969e+08	1.88746e+08	1.8902e+08	2.02173e+08	1.92367e+08	1.8551e+08	1.80707e+08	1.55365e+08	1.7239e+08	1.59037e+08	1.58536e+08	2.02938e+08	2.27723e+08	2.14521e+08	2.34931e+08	2.27234e+08	1.90715e+08	1.65372e+08	2.22911e+08	2.15531e+08	1.73086e+08	1.90895e+08	2.16288e+08	1.92048e+08	2.31033e+08	2.03519e+08	1.91946e+08	1.94941e+08	2.17534e+08	2.18693e+08	2.23054e+08	2.18425e+08	2.1654e+08	2.19556e+08	2.54351e+08	2.0215e+08	1.42947e+08	1.8808e+08	1.47436e+08	1.38917e+08	2.01776e+08	1.92048e+08	2.31033e+08	2.03519e+08	1.91946e+08	1.94941e+08	2.17534e+08	2.08145e+08	1.89269e+08	2.08377e+08	1.8948e+08	2.04335e+08	1.96201e+08
ERR608150	1.77035e+08	2.01498e+08	2.11038e+08	2.14902e+08	1.8001e+08	1.80161e+08	1.60798e+08	1.70296e+08	1.5263e+08	1.60776e+08	1.76539e+08	1.6316e+08	2.64851e+08	2.30409e+08	2.29623e+08	2.24718e+08	2.60065e+08	2.44588e+08	2.56999e+08	2.41696e+08	2.46695e+08	2.3488e+08	2.42392e+08	2.54858e+08	2.50817e+08	1.70033e+08	2.44321e+08	2.20288e+08	2.45908e+08	3.35741e+08	1.62011e+08	1.59587e+08	2.03142e+08	2.05706e+08	2.26219e+08	2.31783e+08	2.38124e+08	2.09681e+08	2.61424e+08	2.16138e+08	2.13872e+08	2.63368e+08	1.67168e+08	1.57663e+08	1.67134e+08	1.67282e+08	1.78831e+08	1.70331e+08	1.63316e+08	1.5939e+08	1.37391e+08	1.52176e+08	1.40755e+08	1.40208e+08	1.8038e+08	2.02261e+08	1.9066e+08	2.08498e+08	2.01819e+08	1.69458e+08	1.44292e+08	1.95016e+08	1.88572e+08	1.51341e+08	1.6687e+08	1.89335e+08	1.71173e+08	2.05147e+08	1.81323e+08	1.71044e+08	1.73669e+08	1.93459e+08	1.93051e+08	1.96668e+08	1.92755e+08	1.90824e+08	1.93854e+08	2.24073e+08	1.78328e+08	1.26389e+08	1.66477e+08	1.30282e+08	1.22716e+08	1.78035e+08	1.71173e+08	2.05147e+08	1.81323e+08	1.71044e+08	1.73669e+08	1.93459e+08	1.83789e+08	1.67603e+08	1.83992e+08	1.66965e+08	1.8007e+08	1.73057e+08
ERR626888	1.40483e+08	1.60072e+08	1.68457e+08	1.72062e+08	1.4262e+08	1.43036e+08	1.49992e+08	1.58787e+08	1.42736e+08	1.50409e+08	1.64567e+08	1.52091e+08	2.48517e+08	2.1745e+08	2.16708e+08	2.11511e+08	2.44176e+08	2.29582e+08	2.14749e+08	2.02134e+08	2.06891e+08	1.96319e+08	2.02953e+08	2.1343e+08	1.86849e+08	1.24972e+08	1.81191e+08	1.63439e+08	1.83299e+08	1.62011e+08	2.75189e+08	1.70881e+08	2.13598e+08	2.1647e+08	2.37192e+08	2.42912e+08	1.91171e+08	1.68209e+08	2.10606e+08	1.73899e+08	1.71918e+08	2.11331e+08	1.47921e+08	1.39555e+08	1.48117e+08	1.48493e+08	1.58056e+08	1.50746e+08	1.41694e+08	1.3809e+08	1.1833e+08	1.31351e+08	1.20933e+08	1.2077e+08	1.63761e+08	1.83423e+08	1.72455e+08	1.89082e+08	1.83046e+08	1.54251e+08	1.26291e+08	1.69841e+08	1.6443e+08	1.32193e+08	1.45723e+08	1.64999e+08	1.5192e+08	1.83588e+08	1.61274e+08	1.51788e+08	1.54425e+08	1.72696e+08	1.65711e+08	1.6914e+08	1.65694e+08	1.64366e+08	1.66598e+08	1.9303e+08	1.527e+08	1.08254e+08	1.41783e+08	1.11695e+08	1.05336e+08	1.52354e+08	1.5192e+08	1.83588e+08	1.61274e+08	1.51788e+08	1.54425e+08	1.72696e+08	1.55667e+08	1.41008e+08	1.55871e+08	1.41983e+08	1.53317e+08	1.47001e+08
ERR626889	1.38364e+08	1.57703e+08	1.65945e+08	1.69382e+08	1.40569e+08	1.40878e+08	1.47647e+08	1.56281e+08	1.40585e+08	1.48036e+08	1.61968e+08	1.49658e+08	2.44371e+08	2.14085e+08	2.13247e+08	2.08215e+08	2.40037e+08	2.26049e+08	2.11459e+08	1.99182e+08	2.03695e+08	1.93303e+08	1.99893e+08	2.10175e+08	1.84035e+08	1.23156e+08	1.78496e+08	1.61079e+08	1.80531e+08	1.59587e+08	1.70881e+08	2.68025e+08	2.10273e+08	2.13034e+08	2.33312e+08	2.38988e+08	1.88224e+08	1.65676e+08	2.07227e+08	1.71229e+08	1.69328e+08	2.08188e+08	1.45727e+08	1.37428e+08	1.45853e+08	1.46147e+08	1.55606e+08	1.48423e+08	1.39518e+08	1.35872e+08	1.16558e+08	1.29322e+08	1.19225e+08	1.18944e+08	1.61212e+08	1.80501e+08	1.69903e+08	1.86059e+08	1.80203e+08	1.51885e+08	1.24146e+08	1.67016e+08	1.61729e+08	1.30012e+08	1.43284e+08	1.62232e+08	1.49836e+08	1.808e+08	1.58888e+08	1.49662e+08	1.52271e+08	1.70042e+08	1.63285e+08	1.66608e+08	1.63272e+08	1.619e+08	1.63988e+08	1.89935e+08	1.50298e+08	1.06645e+08	1.39656e+08	1.0997e+08	1.03691e+08	1.49925e+08	1.49836e+08	1.808e+08	1.58888e+08	1.49662e+08	1.52271e+08	1.70042e+08	1.53429e+08	1.3893e+08	1.53589e+08	1.39872e+08	1.50884e+08	1.4479e+08
ERR626886	1.77184e+08	2.01617e+08	2.11563e+08	2.16001e+08	1.80177e+08	1.8037e+08	1.86644e+08	1.97747e+08	1.77415e+08	1.86811e+08	2.0482e+08	1.89473e+08	3.0959e+08	2.70583e+08	2.69537e+08	2.63785e+08	3.04169e+08	2.86554e+08	2.71692e+08	2.55286e+08	2.6115e+08	2.47932e+08	2.56166e+08	2.69411e+08	2.3424e+08	1.56915e+08	2.27369e+08	2.04876e+08	2.29466e+08	2.03142e+08	2.13598e+08	2.10273e+08	3.95527e+08	2.69991e+08	2.96146e+08	3.02427e+08	2.40144e+08	2.10537e+08	2.64211e+08	2.17393e+08	2.14895e+08	2.66148e+08	1.84052e+08	1.73626e+08	1.83977e+08	1.84302e+08	1.96619e+08	1.87247e+08	1.795e+08	1.74931e+08	1.5088e+08	1.66954e+08	1.54292e+08	1.53788e+08	2.07224e+08	2.32159e+08	2.18922e+08	2.39406e+08	2.31833e+08	1.94947e+08	1.57713e+08	2.13224e+08	2.06387e+08	1.65712e+08	1.82485e+08	2.07144e+08	1.92217e+08	2.31302e+08	2.04093e+08	1.92054e+08	1.95287e+08	2.17544e+08	2.08187e+08	2.12355e+08	2.08025e+08	2.05957e+08	2.09274e+08	2.4263e+08	1.93745e+08	1.3742e+08	1.80617e+08	1.41622e+08	1.3345e+08	1.93203e+08	1.92217e+08	2.31302e+08	2.04093e+08	1.92054e+08	1.95287e+08	2.17544e+08	1.98028e+08	1.80084e+08	1.98261e+08	1.80114e+08	1.9429e+08	1.86579e+08
