	ERR637065	ERR637067	ERR637068	ERR637066	ERR637063	ERR637064	ERR614003	ERR614005	ERR614004	ERR614006	ERR614007	ERR614002	ERR629858	ERR629860	ERR629856	ERR629861	ERR629859	ERR629857	ERR636802	ERR636800	ERR636804	ERR636803	ERR636801	ERR636799	ERR608275	ERR608278	ERR608276	ERR608280	ERR608279	ERR608277	ERR608947	ERR608948	ERR608946	ERR608943	ERR608944	ERR608945	ERR636863	ERR636864	ERR636860	ERR636862	ERR636861	ERR636859	ERR621924	ERR621920	ERR621922	ERR621923	ERR621919	ERR621921	ERR616815	ERR616811	ERR616812	ERR616813	ERR616814	ERR616816	ERR609235	ERR609240	ERR609238	ERR609237	ERR609239	ERR609236	ERR613341	ERR613345	ERR613346	ERR613343	ERR613342	ERR613344	ERR608496	ERR608497	ERR608498	ERR608499	ERR608495	ERR608500	ERR626749	ERR626748	ERR626752	ERR626751	ERR626747	ERR626750	ERR616815	ERR616811	ERR616812	ERR616813	ERR616814	ERR616816	ERR616722	ERR616721	ERR616720	ERR616719	ERR616723	ERR616718	ERR612283	ERR612284	ERR612281	ERR612282	ERR612286	ERR612285
ERR637065	7.33295e+09	7.03716e+09	7.07537e+09	7.02458e+09	6.81205e+09	7.1238e+09	6.53474e+09	6.72694e+09	6.55087e+09	6.75473e+09	6.80075e+09	6.20428e+09	6.95495e+09	6.27857e+09	7.0179e+09	6.35305e+09	6.25425e+09	6.42579e+09	6.01211e+09	7.35888e+09	5.98357e+09	6.08959e+09	7.34291e+09	7.18954e+09	5.3965e+09	6.70769e+09	6.27322e+09	6.32462e+09	6.81298e+09	6.73881e+09	6.49916e+09	6.54705e+09	6.47399e+09	7.52388e+09	7.74557e+09	7.75779e+09	7.06721e+09	7.10123e+09	7.8387e+09	7.17865e+09	7.78977e+09	7.3785e+09	5.91449e+09	6.34775e+09	6.30097e+09	5.99117e+09	6.73361e+09	6.31728e+09	6.16643e+09	6.36159e+09	6.60997e+09	6.83055e+09	6.2253e+09	6.18698e+09	6.50495e+09	6.64272e+09	5.60514e+09	6.24754e+09	6.6583e+09	6.48519e+09	7.26373e+09	6.48117e+09	5.50961e+09	6.88657e+09	6.49695e+09	6.37656e+09	6.73243e+09	7.04831e+09	7.39614e+09	7.17689e+09	5.56586e+09	7.16894e+09	6.26418e+09	6.26102e+09	6.06666e+09	6.14245e+09	6.44796e+09	6.11361e+09	6.16643e+09	6.36159e+09	6.60997e+09	6.83055e+09	6.2253e+09	6.18698e+09	6.65725e+09	6.68947e+09	6.05527e+09	6.3779e+09	6.71191e+09	6.28624e+09	4.9285e+09	6.51124e+09	5.51399e+09	4.9719e+09	6.65811e+09	6.42472e+09
ERR637067	7.03716e+09	7.1338e+09	6.98236e+09	6.93211e+09	6.7197e+09	7.02576e+09	6.45186e+09	6.63712e+09	6.46547e+09	6.66416e+09	6.70904e+09	6.12739e+09	6.86311e+09	6.19599e+09	6.925e+09	6.26854e+09	6.17282e+09	6.34301e+09	5.94135e+09	7.25595e+09	5.9132e+09	6.01651e+09	7.23874e+09	7.09008e+09	5.32793e+09	6.62105e+09	6.1932e+09	6.24264e+09	6.72347e+09	6.65006e+09	6.42194e+09	6.46863e+09	6.39638e+09	7.41965e+09	7.63725e+09	7.64735e+09	6.97225e+09	7.00537e+09	7.72685e+09	7.081e+09	7.6767e+09	7.27766e+09	5.84161e+09	6.26593e+09	6.22075e+09	5.91666e+09	6.6459e+09	6.23607e+09	6.08484e+09	6.27832e+09	6.52351e+09	6.73886e+09	6.14243e+09	6.10552e+09	6.41516e+09	6.54947e+09	5.53362e+09	6.15965e+09	6.56454e+09	6.3954e+09	7.15773e+09	6.39448e+09	5.43773e+09	6.78815e+09	6.40671e+09	6.29265e+09	6.64077e+09	6.95194e+09	7.29226e+09	7.07746e+09	5.49157e+09	7.07002e+09	6.17468e+09	6.17094e+09	5.98233e+09	6.05623e+09	6.35558e+09	6.02803e+09	6.08484e+09	6.27832e+09	6.52351e+09	6.73886e+09	6.14243e+09	6.10552e+09	6.56442e+09	6.59632e+09	5.97622e+09	6.29193e+09	6.61795e+09	6.20182e+09	4.89071e+09	6.44225e+09	5.46971e+09	4.93424e+09	6.58605e+09	6.35689e+09
ERR637068	7.07537e+09	6.98236e+09	7.21129e+09	6.9698e+09	6.75438e+09	7.06451e+09	6.48629e+09	6.67206e+09	6.49891e+09	6.69914e+09	6.74488e+09	6.15808e+09	6.9059e+09	6.23163e+09	6.9689e+09	6.30493e+09	6.20849e+09	6.38105e+09	5.97193e+09	7.29934e+09	5.94378e+09	6.04793e+09	7.28132e+09	7.13068e+09	5.3569e+09	6.66159e+09	6.2297e+09	6.27969e+09	6.76528e+09	6.69113e+09	6.45883e+09	6.50574e+09	6.43314e+09	7.46495e+09	7.68546e+09	7.69532e+09	7.01338e+09	7.04609e+09	7.77688e+09	7.12317e+09	7.72538e+09	7.32215e+09	5.87492e+09	6.30249e+09	6.25808e+09	5.95109e+09	6.68652e+09	6.27249e+09	6.11741e+09	6.31157e+09	6.55993e+09	6.77717e+09	6.17494e+09	6.13777e+09	6.45464e+09	6.58933e+09	5.56632e+09	6.19618e+09	6.60487e+09	6.43485e+09	7.20107e+09	6.43104e+09	5.46585e+09	6.82697e+09	6.44214e+09	6.32874e+09	6.68322e+09	6.9976e+09	7.34057e+09	7.12348e+09	5.52285e+09	7.11594e+09	6.21655e+09	6.21314e+09	6.02321e+09	6.09711e+09	6.39972e+09	6.06905e+09	6.11741e+09	6.31157e+09	6.55993e+09	6.77717e+09	6.17494e+09	6.13777e+09	6.60687e+09	6.63933e+09	6.0147e+09	6.33246e+09	6.66156e+09	6.24149e+09	4.92589e+09	6.48854e+09	5.51079e+09	4.97002e+09	6.63371e+09	6.40204e+09
ERR637066	7.02458e+09	6.93211e+09	6.9698e+09	7.10758e+09	6.70838e+09	7.01296e+09	6.4417e+09	6.62677e+09	6.45544e+09	6.65313e+09	6.6985e+09	6.11809e+09	6.84835e+09	6.18409e+09	6.90945e+09	6.25681e+09	6.16063e+09	6.32988e+09	5.93119e+09	7.24227e+09	5.90307e+09	6.00669e+09	7.22495e+09	7.0769e+09	5.31704e+09	6.60503e+09	6.17877e+09	6.22848e+09	6.70743e+09	6.63482e+09	6.40917e+09	6.4555e+09	6.38371e+09	7.40449e+09	7.62079e+09	7.63075e+09	6.95827e+09	6.99108e+09	7.70966e+09	7.06681e+09	7.65964e+09	7.26217e+09	5.82858e+09	6.25205e+09	6.20687e+09	5.90392e+09	6.63114e+09	6.22203e+09	6.07364e+09	6.2666e+09	6.51046e+09	6.72539e+09	6.13111e+09	6.09427e+09	6.40039e+09	6.5343e+09	5.52083e+09	6.14653e+09	6.54961e+09	6.38111e+09	7.14411e+09	6.38195e+09	5.42876e+09	6.77566e+09	6.39534e+09	6.2804e+09	6.62439e+09	6.9345e+09	7.27372e+09	7.05982e+09	5.47955e+09	7.05224e+09	6.15766e+09	6.15471e+09	5.96607e+09	6.03914e+09	6.33856e+09	6.01159e+09	6.07364e+09	6.2666e+09	6.51046e+09	6.72539e+09	6.13111e+09	6.09427e+09	6.54788e+09	6.58009e+09	5.96125e+09	6.27613e+09	6.6018e+09	6.18627e+09	4.87092e+09	6.41957e+09	5.44722e+09	4.91441e+09	6.56299e+09	6.33464e+09
ERR637063	6.81205e+09	6.7197e+09	6.75438e+09	6.70838e+09	6.69229e+09	6.80008e+09	6.25632e+09	6.43293e+09	6.27063e+09	6.45882e+09	6.50117e+09	5.94913e+09	6.63414e+09	6.00482e+09	6.69204e+09	6.07439e+09	5.98215e+09	6.14165e+09	5.7663e+09	7.0126e+09	5.7392e+09	5.83916e+09	6.99737e+09	6.85828e+09	5.1651e+09	6.39495e+09	5.98915e+09	6.03595e+09	6.49304e+09	6.42396e+09	6.21668e+09	6.26013e+09	6.19213e+09	7.1659e+09	7.36815e+09	7.37822e+09	6.74351e+09	6.77524e+09	7.45286e+09	6.84704e+09	7.40742e+09	7.03125e+09	5.65864e+09	6.06387e+09	6.02023e+09	5.72991e+09	6.42334e+09	6.03562e+09	5.89717e+09	6.08153e+09	6.31454e+09	6.51828e+09	5.95198e+09	5.91729e+09	6.19643e+09	6.32603e+09	5.35177e+09	5.95656e+09	6.34051e+09	6.17849e+09	6.91504e+09	6.18753e+09	5.27666e+09	6.5658e+09	6.20251e+09	6.09043e+09	6.41074e+09	6.70582e+09	7.03004e+09	6.82538e+09	5.31787e+09	6.81785e+09	5.95085e+09	5.94864e+09	5.76683e+09	5.8373e+09	6.12278e+09	5.81037e+09	5.89717e+09	6.08153e+09	6.31454e+09	6.51828e+09	5.95198e+09	5.91729e+09	6.33106e+09	6.36122e+09	5.76829e+09	6.07069e+09	6.38219e+09	5.98548e+09	4.7003e+09	6.19313e+09	5.25056e+09	4.74197e+09	6.32974e+09	6.11188e+09
ERR637064	7.1238e+09	7.02576e+09	7.06451e+09	7.01296e+09	6.80008e+09	7.30801e+09	6.53148e+09	6.71752e+09	6.54259e+09	6.7451e+09	6.7915e+09	6.19837e+09	6.95664e+09	6.27005e+09	7.01953e+09	6.34446e+09	6.24678e+09	6.42321e+09	6.01207e+09	7.35706e+09	5.98331e+09	6.08841e+09	7.33712e+09	7.18482e+09	5.38824e+09	6.70972e+09	6.27194e+09	6.32217e+09	6.81372e+09	6.73857e+09	6.50562e+09	6.55379e+09	6.47996e+09	7.52195e+09	7.74683e+09	7.75498e+09	7.06366e+09	7.09753e+09	7.84048e+09	7.17524e+09	7.78568e+09	7.37746e+09	5.91576e+09	6.34731e+09	6.3027e+09	5.9919e+09	6.73492e+09	6.31671e+09	6.15117e+09	6.34809e+09	6.60161e+09	6.82169e+09	6.21006e+09	6.17242e+09	6.49956e+09	6.6343e+09	5.60353e+09	6.23642e+09	6.65024e+09	6.4784e+09	7.25266e+09	6.47428e+09	5.49784e+09	6.87284e+09	6.48366e+09	6.37084e+09	6.73268e+09	7.05177e+09	7.39634e+09	7.17715e+09	5.55684e+09	7.16837e+09	6.26455e+09	6.26e+09	6.07013e+09	6.14471e+09	6.44908e+09	6.11581e+09	6.15117e+09	6.34809e+09	6.60161e+09	6.82169e+09	6.21006e+09	6.17242e+09	6.65539e+09	6.68852e+09	6.0603e+09	6.38071e+09	6.71053e+09	6.28896e+09	4.9657e+09	6.54253e+09	5.55815e+09	5.01075e+09	6.68849e+09	6.45444e+09
ERR614003	6.53474e+09	6.45186e+09	6.48629e+09	6.4417e+09	6.25632e+09	6.53148e+09	6.42191e+09	6.41455e+09	6.25723e+09	6.43895e+09	6.48156e+09	5.94089e+09	6.44165e+09	5.82416e+09	6.49874e+09	5.88987e+09	5.80271e+09	5.96258e+09	5.73974e+09	6.96066e+09	5.71237e+09	5.81045e+09	6.93977e+09	6.8045e+09	4.90271e+09	6.10606e+09	5.7079e+09	5.75307e+09	6.20178e+09	6.13237e+09	6.06455e+09	6.10722e+09	6.04153e+09	6.96525e+09	7.1637e+09	7.16753e+09	6.65948e+09	6.68753e+09	7.35603e+09	6.75997e+09	7.30249e+09	6.94166e+09	5.64419e+09	6.04273e+09	6.0036e+09	5.71469e+09	6.40302e+09	6.01575e+09	5.60207e+09	5.78199e+09	6.01226e+09	6.21065e+09	5.6551e+09	5.62183e+09	5.87476e+09	5.99756e+09	5.06071e+09	5.63519e+09	6.01227e+09	5.8556e+09	6.59161e+09	5.89616e+09	5.00831e+09	6.25338e+09	5.90394e+09	5.803e+09	6.07339e+09	6.36355e+09	6.67668e+09	6.47715e+09	5.00555e+09	6.46976e+09	5.62127e+09	5.61811e+09	5.44605e+09	5.51365e+09	5.78989e+09	5.48813e+09	5.60207e+09	5.78199e+09	6.01226e+09	6.21065e+09	5.6551e+09	5.62183e+09	6.00443e+09	6.03473e+09	5.46392e+09	5.75496e+09	6.05561e+09	5.67131e+09	4.48581e+09	5.92968e+09	5.02519e+09	4.52687e+09	6.06235e+09	5.84887e+09
ERR614005	6.72694e+09	6.63712e+09	6.67206e+09	6.62677e+09	6.43293e+09	6.71752e+09	6.41455e+09	6.78006e+09	6.42946e+09	6.62497e+09	6.66879e+09	6.09612e+09	6.6173e+09	5.9838e+09	6.67577e+09	6.0526e+09	5.96046e+09	6.12175e+09	5.88309e+09	7.16292e+09	5.8558e+09	5.95725e+09	7.14448e+09	7.00226e+09	5.02927e+09	6.26474e+09	5.85457e+09	5.90247e+09	6.36495e+09	6.29421e+09	6.21679e+09	6.26095e+09	6.19327e+09	7.16712e+09	7.37125e+09	7.37935e+09	6.84644e+09	6.87654e+09	7.57305e+09	6.95183e+09	7.52235e+09	7.13904e+09	5.78768e+09	6.20247e+09	6.1604e+09	5.86095e+09	6.57583e+09	6.17506e+09	5.75378e+09	5.93927e+09	6.17333e+09	6.37931e+09	5.80915e+09	5.77429e+09	6.03365e+09	6.16344e+09	5.18719e+09	5.7914e+09	6.17908e+09	6.01484e+09	6.78334e+09	6.05319e+09	5.14101e+09	6.43173e+09	6.06799e+09	5.95542e+09	6.23548e+09	6.5348e+09	6.86248e+09	6.65485e+09	5.13885e+09	6.6474e+09	5.77745e+09	5.77458e+09	5.59398e+09	5.66446e+09	5.95093e+09	5.63817e+09	5.75378e+09	5.93927e+09	6.17333e+09	6.37931e+09	5.80915e+09	5.77429e+09	6.16901e+09	6.20007e+09	5.60378e+09	5.90724e+09	6.22179e+09	5.82105e+09	4.55764e+09	6.056e+09	5.11053e+09	4.5994e+09	6.19552e+09	5.97413e+09
ERR614004	6.55087e+09	6.46547e+09	6.49891e+09	6.45544e+09	6.27063e+09	6.54259e+09	6.25723e+09	6.42946e+09	6.44455e+09	6.45371e+09	6.49548e+09	5.95161e+09	6.44218e+09	5.83366e+09	6.49919e+09	5.8995e+09	5.8115e+09	5.96621e+09	5.74386e+09	6.96633e+09	5.71685e+09	5.8156e+09	6.94927e+09	6.81396e+09	4.90883e+09	6.10249e+09	5.70739e+09	5.75353e+09	6.19957e+09	6.13166e+09	6.06055e+09	6.10306e+09	6.03815e+09	6.97066e+09	7.16472e+09	7.17269e+09	6.66564e+09	6.6942e+09	7.35735e+09	6.76632e+09	7.30932e+09	6.94504e+09	5.64393e+09	6.04434e+09	6.00327e+09	5.71483e+09	6.40296e+09	6.01732e+09	5.61626e+09	5.79459e+09	6.02024e+09	6.21838e+09	5.66924e+09	5.63543e+09	5.8773e+09	6.00302e+09	5.05933e+09	5.64328e+09	6.01739e+09	5.85955e+09	6.60206e+09	5.90241e+09	5.01975e+09	6.26612e+09	5.91549e+09	5.80836e+09	6.0711e+09	6.35839e+09	6.67481e+09	6.47482e+09	5.01134e+09	6.46801e+09	5.61666e+09	5.61462e+09	5.43974e+09	5.50831e+09	5.78502e+09	5.48265e+09	5.61626e+09	5.79459e+09	6.02024e+09	6.21838e+09	5.66924e+09	5.63543e+09	6.00356e+09	6.03354e+09	5.45688e+09	5.74951e+09	6.05381e+09	5.66636e+09	4.44819e+09	5.89815e+09	4.98231e+09	4.48855e+09	6.03161e+09	5.81865e+09
ERR614006	6.75473e+09	6.66416e+09	6.69914e+09	6.65313e+09	6.45882e+09	6.7451e+09	6.43895e+09	6.62497e+09	6.45371e+09	6.83377e+09	6.69504e+09	6.11818e+09	6.64413e+09	6.00697e+09	6.70382e+09	6.07629e+09	5.98388e+09	6.14519e+09	5.90372e+09	7.19325e+09	5.87654e+09	5.97917e+09	7.17489e+09	7.03098e+09	5.04652e+09	6.2895e+09	5.87646e+09	5.92497e+09	6.38956e+09	6.31844e+09	6.2403e+09	6.28445e+09	6.21622e+09	7.19745e+09	7.40304e+09	7.41108e+09	6.87452e+09	6.90516e+09	7.60599e+09	6.98079e+09	7.55543e+09	7.16852e+09	5.8105e+09	6.22723e+09	6.185e+09	5.88443e+09	6.60271e+09	6.19983e+09	5.774e+09	5.9608e+09	6.19654e+09	6.40321e+09	5.82939e+09	5.7944e+09	6.0576e+09	6.18864e+09	5.20655e+09	5.81468e+09	6.20396e+09	6.03907e+09	6.81123e+09	6.07646e+09	5.1591e+09	6.45693e+09	6.09136e+09	5.97773e+09	6.26052e+09	6.56142e+09	6.89162e+09	6.68236e+09	5.1579e+09	6.6751e+09	5.80218e+09	5.79911e+09	5.61776e+09	5.68871e+09	5.97654e+09	5.6621e+09	5.774e+09	5.9608e+09	6.19654e+09	6.40321e+09	5.82939e+09	5.7944e+09	6.19454e+09	6.22555e+09	5.62604e+09	5.93158e+09	6.24729e+09	5.84477e+09	4.57397e+09	6.07954e+09	5.12884e+09	4.61564e+09	6.21921e+09	5.99731e+09
ERR614007	6.80075e+09	6.70904e+09	6.74488e+09	6.6985e+09	6.50117e+09	6.7915e+09	6.48156e+09	6.66879e+09	6.49548e+09	6.69504e+09	6.9247e+09	6.1564e+09	6.69472e+09	6.04825e+09	6.75478e+09	6.11827e+09	6.02523e+09	6.18962e+09	5.94211e+09	7.2469e+09	5.91493e+09	6.01796e+09	7.22843e+09	7.08244e+09	5.08165e+09	6.33829e+09	5.92097e+09	5.96973e+09	6.43986e+09	6.36716e+09	6.28678e+09	6.33102e+09	6.2619e+09	7.25267e+09	7.46181e+09	7.46951e+09	6.92505e+09	6.95568e+09	7.66779e+09	7.03302e+09	7.61545e+09	7.22431e+09	5.85195e+09	6.27272e+09	6.23054e+09	5.92614e+09	6.65247e+09	6.24518e+09	5.8127e+09	6.00067e+09	6.24009e+09	6.44931e+09	5.86887e+09	5.83328e+09	6.10367e+09	6.23556e+09	5.24579e+09	5.85712e+09	6.25102e+09	6.08396e+09	6.86164e+09	6.11967e+09	5.19273e+09	6.50329e+09	6.13338e+09	6.0203e+09	6.31131e+09	6.61552e+09	6.94842e+09	6.73689e+09	5.19632e+09	6.7295e+09	5.85131e+09	5.84781e+09	5.66569e+09	5.73733e+09	6.02755e+09	5.71016e+09	5.8127e+09	6.00067e+09	6.24009e+09	6.44931e+09	5.86887e+09	5.83328e+09	6.2447e+09	6.27674e+09	5.67217e+09	5.98034e+09	6.29847e+09	5.8925e+09	4.61851e+09	6.13538e+09	5.17986e+09	4.66046e+09	6.27636e+09	6.05183e+09
ERR614002	6.20428e+09	6.12739e+09	6.15808e+09	6.11809e+09	5.94913e+09	6.19837e+09	5.94089e+09	6.09612e+09	5.95161e+09	6.11818e+09	6.1564e+09	5.82142e+09	6.10219e+09	5.5387e+09	6.15469e+09	5.60026e+09	5.51833e+09	5.66242e+09	5.46764e+09	6.58665e+09	5.44205e+09	5.53329e+09	6.56948e+09	6.44697e+09	4.67362e+09	5.78817e+09	5.42001e+09	5.46276e+09	5.87745e+09	5.81385e+09	5.75594e+09	5.79551e+09	5.73511e+09	6.59032e+09	6.76773e+09	6.77344e+09	6.31246e+09	6.33863e+09	6.94475e+09	6.40417e+09	6.89905e+09	6.56893e+09	5.36036e+09	5.73201e+09	5.69399e+09	5.42626e+09	6.0638e+09	5.7075e+09	5.33807e+09	5.50459e+09	5.71549e+09	5.89832e+09	5.38766e+09	5.35674e+09	5.57092e+09	5.68709e+09	4.8079e+09	5.352e+09	5.70089e+09	5.55402e+09	6.24656e+09	5.60142e+09	4.77821e+09	5.9373e+09	5.61235e+09	5.51458e+09	5.75405e+09	6.02112e+09	6.31476e+09	6.12933e+09	4.76565e+09	6.12189e+09	5.31578e+09	5.31353e+09	5.15125e+09	5.215e+09	5.47235e+09	5.1907e+09	5.33807e+09	5.50459e+09	5.71549e+09	5.89832e+09	5.38766e+09	5.35674e+09	5.68388e+09	5.71229e+09	5.17578e+09	5.44881e+09	5.73169e+09	5.37153e+09	4.22948e+09	5.58884e+09	4.72969e+09	4.26696e+09	5.71262e+09	5.51422e+09
ERR629858	6.95495e+09	6.86311e+09	6.9059e+09	6.84835e+09	6.63414e+09	6.95664e+09	6.44165e+09	6.6173e+09	6.44218e+09	6.64413e+09	6.69472e+09	6.10219e+09	7.29933e+09	6.35853e+09	7.16524e+09	6.43477e+09	6.33843e+09	6.54036e+09	5.94921e+09	7.31544e+09	5.92114e+09	6.02422e+09	7.28779e+09	7.12437e+09	5.39314e+09	6.7556e+09	6.30309e+09	6.35622e+09	6.85513e+09	6.77636e+09	6.49178e+09	6.54126e+09	6.46641e+09	7.49397e+09	7.74175e+09	7.74366e+09	7.03711e+09	7.06859e+09	7.86461e+09	7.1492e+09	7.79303e+09	7.37345e+09	5.93356e+09	6.3669e+09	6.32938e+09	6.01273e+09	6.76853e+09	6.3398e+09	6.08597e+09	6.27738e+09	6.54984e+09	6.7743e+09	6.14491e+09	6.10681e+09	6.53449e+09	6.65708e+09	5.63933e+09	6.24671e+09	6.67344e+09	6.50594e+09	7.20374e+09	6.43283e+09	5.43356e+09	6.81073e+09	6.41213e+09	6.331e+09	6.78369e+09	7.11715e+09	7.45617e+09	7.23554e+09	5.57171e+09	7.22312e+09	6.39786e+09	6.38807e+09	6.20775e+09	6.27907e+09	6.58845e+09	6.25056e+09	6.08597e+09	6.27738e+09	6.54984e+09	6.7743e+09	6.14491e+09	6.10681e+09	6.74453e+09	6.78106e+09	6.15349e+09	6.4711e+09	6.80201e+09	6.37956e+09	5.18464e+09	6.75179e+09	5.81141e+09	5.23142e+09	6.90223e+09	6.66013e+09
ERR629860	6.27857e+09	6.19599e+09	6.23163e+09	6.18409e+09	6.00482e+09	6.27005e+09	5.82416e+09	5.9838e+09	5.83366e+09	6.00697e+09	6.04825e+09	5.5387e+09	6.35853e+09	5.93744e+09	6.415e+09	5.82756e+09	5.74321e+09	5.89983e+09	5.39232e+09	6.5515e+09	5.36922e+09	5.45818e+09	6.53509e+09	6.39856e+09	4.89925e+09	6.05156e+09	5.6718e+09	5.71775e+09	6.13789e+09	6.07162e+09	5.83946e+09	5.8814e+09	5.81855e+09	6.70362e+09	6.90078e+09	6.90938e+09	6.32308e+09	6.35162e+09	7.00139e+09	6.41797e+09	6.95241e+09	6.59817e+09	5.3542e+09	5.73013e+09	5.69288e+09	5.42227e+09	6.06739e+09	5.70629e+09	5.51946e+09	5.68216e+09	5.90454e+09	6.09444e+09	5.57119e+09	5.53699e+09	5.86148e+09	5.97411e+09	5.08497e+09	5.62786e+09	5.98675e+09	5.84147e+09	6.45402e+09	5.78971e+09	4.94062e+09	6.12706e+09	5.78638e+09	5.70171e+09	6.06309e+09	6.34046e+09	6.63487e+09	6.44756e+09	5.04193e+09	6.43866e+09	5.70437e+09	5.70044e+09	5.53569e+09	5.59911e+09	5.86597e+09	5.57508e+09	5.51946e+09	5.68216e+09	5.90454e+09	6.09444e+09	5.57119e+09	5.53699e+09	6.02144e+09	6.05205e+09	5.5025e+09	5.77994e+09	6.07021e+09	5.70256e+09	4.57699e+09	5.95406e+09	5.10634e+09	4.61631e+09	6.08312e+09	5.87815e+09
ERR629856	7.0179e+09	6.925e+09	6.9689e+09	6.90945e+09	6.69204e+09	7.01953e+09	6.49874e+09	6.67577e+09	6.49919e+09	6.70382e+09	6.75478e+09	6.15469e+09	7.16524e+09	6.415e+09	7.44244e+09	6.49202e+09	6.39449e+09	6.6005e+09	6.00183e+09	7.38762e+09	5.97331e+09	6.07749e+09	7.35935e+09	7.19283e+09	5.44158e+09	6.82441e+09	6.36492e+09	6.41833e+09	6.92517e+09	6.84447e+09	6.55309e+09	6.60356e+09	6.52826e+09	7.57006e+09	7.82261e+09	7.82479e+09	7.10508e+09	7.13745e+09	7.94809e+09	7.21951e+09	7.87531e+09	7.44803e+09	5.99072e+09	6.43008e+09	6.39201e+09	6.07066e+09	6.83723e+09	6.40205e+09	6.14022e+09	6.33413e+09	6.61114e+09	6.83916e+09	6.19998e+09	6.16157e+09	6.6009e+09	6.72522e+09	5.69451e+09	6.30814e+09	6.74178e+09	6.57168e+09	7.2753e+09	6.49413e+09	5.48117e+09	6.87574e+09	6.4719e+09	6.39198e+09	6.85414e+09	7.19305e+09	7.5362e+09	7.31284e+09	5.624e+09	7.29895e+09	6.46749e+09	6.45709e+09	6.27515e+09	6.34674e+09	6.66101e+09	6.31851e+09	6.14022e+09	6.33413e+09	6.61114e+09	6.83916e+09	6.19998e+09	6.16157e+09	6.81541e+09	6.85298e+09	6.21716e+09	6.53901e+09	6.87419e+09	6.44561e+09	5.24957e+09	6.83511e+09	5.88638e+09	5.29694e+09	6.98768e+09	6.74183e+09
ERR629861	6.35305e+09	6.26854e+09	6.30493e+09	6.25681e+09	6.07439e+09	6.34446e+09	5.88987e+09	6.0526e+09	5.8995e+09	6.07629e+09	6.11827e+09	5.60026e+09	6.43477e+09	5.82756e+09	6.49202e+09	6.07112e+09	5.80799e+09	5.96782e+09	5.45154e+09	6.63098e+09	5.42788e+09	5.51853e+09	6.61399e+09	6.47471e+09	4.95252e+09	6.12263e+09	5.73725e+09	5.78401e+09	6.2105e+09	6.14375e+09	5.90416e+09	5.94715e+09	5.8829e+09	6.78421e+09	6.9853e+09	6.99349e+09	6.39591e+09	6.42482e+09	7.0871e+09	6.49309e+09	7.03742e+09	6.67654e+09	5.41251e+09	5.79476e+09	5.75669e+09	5.4814e+09	6.13696e+09	5.77041e+09	5.5835e+09	5.74859e+09	5.97447e+09	6.16834e+09	5.63586e+09	5.60153e+09	5.9299e+09	6.04433e+09	5.14128e+09	5.69382e+09	6.05742e+09	5.90994e+09	6.53333e+09	5.85773e+09	4.99584e+09	6.20085e+09	5.85471e+09	5.76827e+09	6.13541e+09	6.41772e+09	6.71638e+09	6.52615e+09	5.09911e+09	6.51668e+09	5.77175e+09	5.76824e+09	5.60082e+09	5.66487e+09	5.93537e+09	5.63995e+09	5.5835e+09	5.74859e+09	5.97447e+09	6.16834e+09	5.63586e+09	5.60153e+09	6.09327e+09	6.1248e+09	5.56614e+09	5.84841e+09	6.14283e+09	5.76995e+09	4.62541e+09	6.02441e+09	5.16224e+09	4.66561e+09	6.15576e+09	5.94745e+09
ERR629859	6.25425e+09	6.17282e+09	6.20849e+09	6.16063e+09	5.98215e+09	6.24678e+09	5.80271e+09	5.96046e+09	5.8115e+09	5.98388e+09	6.02523e+09	5.51833e+09	6.33843e+09	5.74321e+09	6.39449e+09	5.80799e+09	5.89984e+09	5.88178e+09	5.37416e+09	6.52782e+09	5.35143e+09	5.44054e+09	6.51111e+09	6.37474e+09	4.88322e+09	6.03241e+09	5.65375e+09	5.70011e+09	6.11833e+09	6.05224e+09	5.8208e+09	5.86242e+09	5.8e+09	6.67879e+09	6.87616e+09	6.88392e+09	6.30042e+09	6.32827e+09	6.97646e+09	6.39474e+09	6.92693e+09	6.57478e+09	5.33717e+09	5.71097e+09	5.67488e+09	5.4049e+09	6.04739e+09	5.68702e+09	5.50013e+09	5.66259e+09	5.88338e+09	6.0728e+09	5.55138e+09	5.51753e+09	5.84196e+09	5.95313e+09	5.06933e+09	5.60803e+09	5.96604e+09	5.82206e+09	6.42946e+09	5.769e+09	4.92333e+09	6.10376e+09	5.76517e+09	5.68199e+09	6.04295e+09	6.31972e+09	6.61196e+09	6.42608e+09	5.02523e+09	6.41674e+09	5.68688e+09	5.68305e+09	5.51941e+09	5.5819e+09	5.84778e+09	5.55811e+09	5.50013e+09	5.66259e+09	5.88338e+09	6.0728e+09	5.55138e+09	5.51753e+09	6.00229e+09	6.03304e+09	5.48684e+09	5.76296e+09	6.05141e+09	5.68575e+09	4.57228e+09	5.94091e+09	5.10105e+09	4.61226e+09	6.0699e+09	5.86556e+09
ERR629857	6.42579e+09	6.34301e+09	6.38105e+09	6.32988e+09	6.14165e+09	6.42321e+09	5.96258e+09	6.12175e+09	5.96621e+09	6.14519e+09	6.18962e+09	5.66242e+09	6.54036e+09	5.89983e+09	6.6005e+09	5.96782e+09	5.88178e+09	6.23815e+09	5.52196e+09	6.72948e+09	5.49776e+09	5.58913e+09	6.7083e+09	6.56454e+09	5.01599e+09	6.22744e+09	5.82824e+09	5.87587e+09	6.31592e+09	6.24637e+09	5.99967e+09	6.04392e+09	5.97731e+09	6.88928e+09	7.10172e+09	7.10685e+09	6.4882e+09	6.5168e+09	7.20832e+09	6.58711e+09	7.15039e+09	6.78185e+09	5.49436e+09	5.8833e+09	5.84772e+09	5.56532e+09	6.23767e+09	5.85889e+09	5.64511e+09	5.81355e+09	6.05295e+09	6.25228e+09	5.69784e+09	5.66338e+09	6.02641e+09	6.13878e+09	5.22478e+09	5.77378e+09	6.15238e+09	6.00278e+09	6.62501e+09	5.93994e+09	5.04892e+09	6.28067e+09	5.92571e+09	5.84924e+09	6.24391e+09	6.53644e+09	6.83843e+09	6.64365e+09	5.16869e+09	6.6332e+09	5.88527e+09	5.87897e+09	5.71403e+09	5.77801e+09	6.05383e+09	5.75252e+09	5.64511e+09	5.81355e+09	6.05295e+09	6.25228e+09	5.69784e+09	5.66338e+09	6.20426e+09	6.23719e+09	5.67306e+09	5.95767e+09	6.25604e+09	5.87696e+09	4.76954e+09	6.18281e+09	5.32644e+09	4.811e+09	6.31633e+09	6.10284e+09
ERR636802	6.01211e+09	5.94135e+09	5.97193e+09	5.93119e+09	5.7663e+09	6.01207e+09	5.73974e+09	5.88309e+09	5.74386e+09	5.90372e+09	5.94211e+09	5.46764e+09	5.94921e+09	5.39232e+09	6.00183e+09	5.45154e+09	5.37416e+09	5.52196e+09	5.5326e+09	6.45675e+09	5.34576e+09	5.43477e+09	6.43654e+09	6.31476e+09	4.5713e+09	5.66849e+09	5.30681e+09	5.34941e+09	5.75371e+09	5.68896e+09	5.6393e+09	5.67733e+09	5.6185e+09	6.42839e+09	6.60817e+09	6.60884e+09	6.14648e+09	6.17045e+09	6.76903e+09	6.23485e+09	6.71771e+09	6.40001e+09	5.23321e+09	5.59133e+09	5.55637e+09	5.29728e+09	5.91328e+09	5.567e+09	5.18446e+09	5.34113e+09	5.55351e+09	5.72986e+09	5.23097e+09	5.20132e+09	5.43696e+09	5.54451e+09	4.70465e+09	5.21417e+09	5.55752e+09	5.41753e+09	6.05883e+09	5.4452e+09	4.63976e+09	5.75625e+09	5.44325e+09	5.36246e+09	5.64475e+09	5.90794e+09	6.18715e+09	6.00911e+09	4.66831e+09	5.99993e+09	5.22296e+09	5.2182e+09	5.06714e+09	5.12657e+09	5.37591e+09	5.10409e+09	5.18446e+09	5.34113e+09	5.55351e+09	5.72986e+09	5.23097e+09	5.20132e+09	5.5802e+09	5.60823e+09	5.09344e+09	5.35628e+09	5.62652e+09	5.28038e+09	4.238e+09	5.53164e+09	4.73902e+09	4.27639e+09	5.65228e+09	5.45818e+09
ERR636800	7.35888e+09	7.25595e+09	7.29934e+09	7.24227e+09	7.0126e+09	7.35706e+09	6.96066e+09	7.16292e+09	6.96633e+09	7.19325e+09	7.2469e+09	6.58665e+09	7.31544e+09	6.5515e+09	7.38762e+09	6.63098e+09	6.52782e+09	6.72948e+09	6.45675e+09	8.21776e+09	6.42377e+09	6.54088e+09	7.95979e+09	7.781e+09	5.50923e+09	6.95013e+09	6.46676e+09	6.52307e+09	7.06245e+09	6.97636e+09	6.86007e+09	6.91227e+09	6.83243e+09	7.95803e+09	8.21962e+09	8.22197e+09	7.55175e+09	7.58529e+09	8.44951e+09	7.67545e+09	8.37448e+09	7.9123e+09	6.36098e+09	6.83516e+09	6.79219e+09	6.44547e+09	7.27492e+09	6.8042e+09	6.26983e+09	6.47995e+09	6.76111e+09	7.0004e+09	6.33259e+09	6.29306e+09	6.68009e+09	6.82087e+09	5.721e+09	6.38547e+09	6.83867e+09	6.65238e+09	7.4781e+09	6.63888e+09	5.58736e+09	7.05789e+09	6.63764e+09	6.5274e+09	6.95363e+09	7.31031e+09	7.68311e+09	7.44128e+09	5.66624e+09	7.42962e+09	6.4877e+09	6.47745e+09	6.28056e+09	6.35904e+09	6.68915e+09	6.32823e+09	6.26983e+09	6.47995e+09	6.76111e+09	7.0004e+09	6.33259e+09	6.29306e+09	6.90021e+09	6.9378e+09	6.26163e+09	6.60735e+09	6.9607e+09	6.50519e+09	5.18987e+09	6.85672e+09	5.84932e+09	5.23959e+09	7.0192e+09	6.75769e+09
ERR636804	5.98357e+09	5.9132e+09	5.94378e+09	5.90307e+09	5.7392e+09	5.98331e+09	5.71237e+09	5.8558e+09	5.71685e+09	5.87654e+09	5.91493e+09	5.44205e+09	5.92114e+09	5.36922e+09	5.97331e+09	5.42788e+09	5.35143e+09	5.49776e+09	5.34576e+09	6.42377e+09	5.4803e+09	5.40856e+09	6.40414e+09	6.28335e+09	4.55229e+09	5.64095e+09	5.28131e+09	5.32394e+09	5.72579e+09	5.66116e+09	5.61194e+09	5.64967e+09	5.59123e+09	6.39599e+09	6.57447e+09	6.57601e+09	6.1161e+09	6.13995e+09	6.73418e+09	6.20373e+09	6.68346e+09	6.36792e+09	5.20834e+09	5.56463e+09	5.52976e+09	5.27161e+09	5.88329e+09	5.54017e+09	5.16177e+09	5.31717e+09	5.52725e+09	5.70252e+09	5.20778e+09	5.17915e+09	5.41083e+09	5.51879e+09	4.68371e+09	5.19127e+09	5.53181e+09	5.39282e+09	6.02884e+09	5.41909e+09	4.61975e+09	5.72915e+09	5.41788e+09	5.33719e+09	5.61662e+09	5.87714e+09	6.1552e+09	5.97849e+09	4.6478e+09	5.96997e+09	5.19799e+09	5.1936e+09	5.04272e+09	5.10196e+09	5.34969e+09	5.07977e+09	5.16177e+09	5.31717e+09	5.52725e+09	5.70252e+09	5.20778e+09	5.17915e+09	5.55229e+09	5.57997e+09	5.06877e+09	5.32873e+09	5.59806e+09	5.25386e+09	4.21507e+09	5.50095e+09	4.71145e+09	4.25286e+09	5.62014e+09	5.42819e+09
ERR636803	6.08959e+09	6.01651e+09	6.04793e+09	6.00669e+09	5.83916e+09	6.08841e+09	5.81045e+09	5.95725e+09	5.8156e+09	5.97917e+09	6.01796e+09	5.53329e+09	6.02422e+09	5.45818e+09	6.07749e+09	5.51853e+09	5.44054e+09	5.58913e+09	5.43477e+09	6.54088e+09	5.40856e+09	5.66333e+09	6.52074e+09	6.39696e+09	4.62497e+09	5.73903e+09	5.37035e+09	5.41438e+09	5.82533e+09	5.75969e+09	5.70779e+09	5.74697e+09	5.6871e+09	6.51275e+09	6.69553e+09	6.69743e+09	6.22563e+09	6.2502e+09	6.85943e+09	6.31563e+09	6.80761e+09	6.4841e+09	5.29576e+09	5.66043e+09	5.62519e+09	5.36139e+09	5.98784e+09	5.63613e+09	5.24728e+09	5.40694e+09	5.62198e+09	5.80198e+09	5.29539e+09	5.26522e+09	5.50413e+09	5.61453e+09	4.75934e+09	5.27902e+09	5.62802e+09	5.48543e+09	6.13812e+09	5.51312e+09	4.69553e+09	5.83089e+09	5.51167e+09	5.42934e+09	5.7149e+09	5.98192e+09	6.26703e+09	6.08552e+09	4.72462e+09	6.07622e+09	5.2879e+09	5.28343e+09	5.1292e+09	5.19008e+09	5.44317e+09	5.16701e+09	5.24728e+09	5.40694e+09	5.62198e+09	5.80198e+09	5.29539e+09	5.26522e+09	5.64955e+09	5.6783e+09	5.15482e+09	5.42088e+09	5.69652e+09	5.34388e+09	4.28246e+09	5.59738e+09	4.79017e+09	4.32085e+09	5.71999e+09	5.52229e+09
ERR636801	7.34291e+09	7.23874e+09	7.28132e+09	7.22495e+09	6.99737e+09	7.33712e+09	6.93977e+09	7.14448e+09	6.94927e+09	7.17489e+09	7.22843e+09	6.56948e+09	7.28779e+09	6.53509e+09	7.35935e+09	6.61399e+09	6.51111e+09	6.7083e+09	6.43654e+09	7.95979e+09	6.40414e+09	6.52074e+09	8.16192e+09	7.75563e+09	5.49624e+09	6.92401e+09	6.44546e+09	6.5021e+09	7.03569e+09	6.95103e+09	6.83259e+09	6.88401e+09	6.80488e+09	7.92915e+09	8.18651e+09	8.19216e+09	7.52768e+09	7.56244e+09	8.41393e+09	7.65118e+09	8.34466e+09	7.88323e+09	6.33967e+09	6.81174e+09	6.76775e+09	6.42323e+09	7.24734e+09	6.78131e+09	6.25918e+09	6.46766e+09	6.74385e+09	6.98219e+09	6.32187e+09	6.28186e+09	6.65877e+09	6.80088e+09	5.70178e+09	6.36908e+09	6.81803e+09	6.63216e+09	7.45594e+09	6.61906e+09	5.57648e+09	7.04102e+09	6.62212e+09	6.50789e+09	6.92687e+09	7.27869e+09	7.65146e+09	7.41106e+09	5.65217e+09	7.40057e+09	6.46153e+09	6.45241e+09	6.25331e+09	6.33198e+09	6.66163e+09	6.30159e+09	6.25918e+09	6.46766e+09	6.74385e+09	6.98219e+09	6.32187e+09	6.28186e+09	6.87388e+09	6.9113e+09	6.23404e+09	6.57947e+09	6.93422e+09	6.4787e+09	5.14542e+09	6.80657e+09	5.79569e+09	5.19443e+09	6.96774e+09	6.70942e+09
ERR636799	7.18954e+09	7.09008e+09	7.13068e+09	7.0769e+09	6.85828e+09	7.18482e+09	6.8045e+09	7.00226e+09	6.81396e+09	7.03098e+09	7.08244e+09	6.44697e+09	7.12437e+09	6.39856e+09	7.19283e+09	6.47471e+09	6.37474e+09	6.56454e+09	6.31476e+09	7.781e+09	6.28335e+09	6.39696e+09	7.75563e+09	7.80213e+09	5.38265e+09	6.76637e+09	6.30375e+09	6.35758e+09	6.87535e+09	6.79345e+09	6.69101e+09	6.74042e+09	6.66388e+09	7.74818e+09	7.99275e+09	7.99758e+09	7.36212e+09	7.39523e+09	8.20885e+09	7.48088e+09	8.14236e+09	7.70326e+09	6.20417e+09	6.66166e+09	6.61842e+09	6.28531e+09	7.08179e+09	6.63204e+09	6.13121e+09	6.33422e+09	6.60203e+09	6.83177e+09	6.19193e+09	6.15364e+09	6.50377e+09	6.64204e+09	5.57526e+09	6.22506e+09	6.65879e+09	6.47848e+09	7.28663e+09	6.47785e+09	5.46599e+09	6.88661e+09	6.48146e+09	6.3697e+09	6.76355e+09	7.10311e+09	7.4639e+09	7.23154e+09	5.52854e+09	7.22098e+09	6.29411e+09	6.28654e+09	6.09315e+09	6.16973e+09	6.4877e+09	6.13992e+09	6.13121e+09	6.33422e+09	6.60203e+09	6.83177e+09	6.19193e+09	6.15364e+09	6.70519e+09	6.74095e+09	6.08537e+09	6.42022e+09	6.76322e+09	6.32274e+09	5.01433e+09	6.63273e+09	5.64325e+09	5.06198e+09	6.7888e+09	6.53869e+09
ERR608275	5.3965e+09	5.32793e+09	5.3569e+09	5.31704e+09	5.1651e+09	5.38824e+09	4.90271e+09	5.02927e+09	4.90883e+09	5.04652e+09	5.08165e+09	4.67362e+09	5.39314e+09	4.89925e+09	5.44158e+09	4.95252e+09	4.88322e+09	5.01599e+09	4.5713e+09	5.50923e+09	4.55229e+09	4.62497e+09	5.49624e+09	5.38265e+09	4.81993e+09	5.66592e+09	5.33564e+09	5.37631e+09	5.73828e+09	5.68301e+09	5.02931e+09	5.06596e+09	5.01221e+09	5.74414e+09	5.91392e+09	5.92216e+09	5.34956e+09	5.37381e+09	5.9096e+09	5.42633e+09	5.86804e+09	5.57754e+09	4.57934e+09	4.88706e+09	4.85456e+09	4.63667e+09	5.15974e+09	4.86642e+09	5.1193e+09	5.25731e+09	5.44897e+09	5.61217e+09	5.16317e+09	5.13542e+09	5.45907e+09	5.55166e+09	4.79835e+09	5.25582e+09	5.56267e+09	5.44067e+09	5.92377e+09	5.35489e+09	4.61215e+09	5.64232e+09	5.34753e+09	5.28046e+09	5.66856e+09	5.90336e+09	6.15181e+09	5.99433e+09	4.78844e+09	5.98711e+09	5.37895e+09	5.37275e+09	5.23168e+09	5.28693e+09	5.51512e+09	5.26447e+09	5.1193e+09	5.25731e+09	5.44897e+09	5.61217e+09	5.16317e+09	5.13542e+09	5.63249e+09	5.65761e+09	5.19076e+09	5.42609e+09	5.67189e+09	5.3598e+09	4.38976e+09	5.59143e+09	4.85962e+09	4.42432e+09	5.70384e+09	5.52463e+09
ERR608278	6.70769e+09	6.62105e+09	6.66159e+09	6.60503e+09	6.39495e+09	6.70972e+09	6.10606e+09	6.26474e+09	6.10249e+09	6.2895e+09	6.33829e+09	5.78817e+09	6.7556e+09	6.05156e+09	6.82441e+09	6.12263e+09	6.03241e+09	6.22744e+09	5.66849e+09	6.95013e+09	5.64095e+09	5.73903e+09	6.92401e+09	6.76637e+09	5.66592e+09	7.33568e+09	6.62916e+09	6.68757e+09	7.20966e+09	7.12379e+09	6.27766e+09	6.32723e+09	6.25416e+09	7.23304e+09	7.48093e+09	7.48291e+09	6.71306e+09	6.74263e+09	7.50278e+09	6.81672e+09	7.43023e+09	7.03311e+09	5.6892e+09	6.10251e+09	6.06523e+09	5.76592e+09	6.48132e+09	6.07425e+09	6.28909e+09	6.48098e+09	6.76455e+09	6.99696e+09	6.34798e+09	6.31018e+09	6.81454e+09	6.93396e+09	5.90302e+09	6.50573e+09	6.9506e+09	6.78152e+09	7.44114e+09	6.65866e+09	5.61831e+09	7.03519e+09	6.62505e+09	6.55643e+09	7.12823e+09	7.4709e+09	7.81082e+09	7.58946e+09	5.86074e+09	7.57561e+09	6.74373e+09	6.72886e+09	6.54796e+09	6.62142e+09	6.93667e+09	6.59088e+09	6.28909e+09	6.48098e+09	6.76455e+09	6.99696e+09	6.34798e+09	6.31018e+09	7.08331e+09	7.1211e+09	6.48292e+09	6.80472e+09	7.14064e+09	6.71106e+09	5.54534e+09	7.14685e+09	6.20524e+09	5.59387e+09	7.30127e+09	7.04983e+09
ERR608276	6.27322e+09	6.1932e+09	6.2297e+09	6.17877e+09	5.98915e+09	6.27194e+09	5.7079e+09	5.85457e+09	5.70739e+09	5.87646e+09	5.92097e+09	5.42001e+09	6.30309e+09	5.6718e+09	6.36492e+09	5.73725e+09	5.65375e+09	5.82824e+09	5.30681e+09	6.46676e+09	5.28131e+09	5.37035e+09	6.44546e+09	6.30375e+09	5.33564e+09	6.62916e+09	6.40719e+09	6.25416e+09	6.71894e+09	6.64639e+09	5.86352e+09	5.90842e+09	5.84231e+09	6.73436e+09	6.95374e+09	6.95854e+09	6.25827e+09	6.28495e+09	6.96539e+09	6.35177e+09	6.90366e+09	6.54522e+09	5.32079e+09	5.69764e+09	5.66208e+09	5.39027e+09	6.03995e+09	5.67167e+09	5.90634e+09	6.07998e+09	6.33299e+09	6.5412e+09	5.95978e+09	5.92654e+09	6.36571e+09	6.47558e+09	5.54207e+09	6.09373e+09	6.49066e+09	6.33845e+09	6.93591e+09	6.22854e+09	5.28788e+09	6.57346e+09	6.20276e+09	6.13548e+09	6.64239e+09	6.94523e+09	7.2524e+09	7.05405e+09	5.5089e+09	7.04291e+09	6.28785e+09	6.27607e+09	6.10849e+09	6.17579e+09	6.46072e+09	6.14856e+09	5.90634e+09	6.07998e+09	6.33299e+09	6.5412e+09	5.95978e+09	5.92654e+09	6.59841e+09	6.63144e+09	6.05405e+09	6.34558e+09	6.64954e+09	6.26123e+09	5.16017e+09	6.62241e+09	5.75262e+09	5.20345e+09	6.7613e+09	6.53596e+09
ERR608280	6.32462e+09	6.24264e+09	6.27969e+09	6.22848e+09	6.03595e+09	6.32217e+09	5.75307e+09	5.90247e+09	5.75353e+09	5.92497e+09	5.96973e+09	5.46276e+09	6.35622e+09	5.71775e+09	6.41833e+09	5.78401e+09	5.70011e+09	5.87587e+09	5.34941e+09	6.52307e+09	5.32394e+09	5.41438e+09	6.5021e+09	6.35758e+09	5.37631e+09	6.68757e+09	6.25416e+09	6.51423e+09	6.77881e+09	6.70265e+09	5.91074e+09	5.95677e+09	5.88942e+09	6.79251e+09	7.01487e+09	7.01987e+09	6.31203e+09	6.33965e+09	7.02888e+09	6.40683e+09	6.96712e+09	6.6031e+09	5.3647e+09	5.74614e+09	5.71021e+09	5.43574e+09	6.09252e+09	5.72028e+09	5.95468e+09	6.12818e+09	6.38392e+09	6.59565e+09	6.00921e+09	5.97394e+09	6.41986e+09	6.53202e+09	5.58536e+09	6.14419e+09	6.54656e+09	6.39184e+09	6.99517e+09	6.28038e+09	5.32897e+09	6.62922e+09	6.25393e+09	6.18607e+09	6.70003e+09	7.00747e+09	7.31939e+09	7.11876e+09	5.55305e+09	7.10666e+09	6.34345e+09	6.33224e+09	6.16311e+09	6.23086e+09	6.51879e+09	6.20288e+09	5.95468e+09	6.12818e+09	6.38392e+09	6.59565e+09	6.00921e+09	5.97394e+09	6.65798e+09	6.69178e+09	6.10535e+09	6.40046e+09	6.70981e+09	6.31579e+09	5.20693e+09	6.68403e+09	5.80559e+09	5.25104e+09	6.82551e+09	6.5966e+09
ERR608279	6.81298e+09	6.72347e+09	6.76528e+09	6.70743e+09	6.49304e+09	6.81372e+09	6.20178e+09	6.36495e+09	6.19957e+09	6.38956e+09	6.43986e+09	5.87745e+09	6.85513e+09	6.13789e+09	6.92517e+09	6.2105e+09	6.11833e+09	6.31592e+09	5.75371e+09	7.06245e+09	5.72579e+09	5.82533e+09	7.03569e+09	6.87535e+09	5.73828e+09	7.20966e+09	6.71894e+09	6.77881e+09	7.54181e+09	7.22408e+09	6.36977e+09	6.42001e+09	6.34541e+09	7.3472e+09	7.59895e+09	7.60209e+09	6.81839e+09	6.84864e+09	7.62355e+09	6.92425e+09	7.55068e+09	7.14485e+09	5.77138e+09	6.19295e+09	6.15438e+09	5.84934e+09	6.58016e+09	6.16421e+09	6.37799e+09	6.57394e+09	6.86223e+09	7.09993e+09	6.43792e+09	6.40012e+09	6.90903e+09	7.03158e+09	5.97797e+09	6.5955e+09	7.04876e+09	6.87611e+09	7.55418e+09	6.75327e+09	5.69404e+09	7.13947e+09	6.72051e+09	6.64908e+09	7.22844e+09	7.57847e+09	7.92683e+09	7.69977e+09	5.93647e+09	7.68659e+09	6.83438e+09	6.82008e+09	6.63387e+09	6.7093e+09	7.03164e+09	6.6784e+09	6.37799e+09	6.57394e+09	6.86223e+09	7.09993e+09	6.43792e+09	6.40012e+09	7.18179e+09	7.21944e+09	6.56753e+09	6.89672e+09	7.23938e+09	6.80036e+09	5.60613e+09	7.24137e+09	6.27796e+09	5.65527e+09	7.39918e+09	7.14268e+09
ERR608277	6.73881e+09	6.65006e+09	6.69113e+09	6.63482e+09	6.42396e+09	6.73857e+09	6.13237e+09	6.29421e+09	6.13166e+09	6.31844e+09	6.36716e+09	5.81385e+09	6.77636e+09	6.07162e+09	6.84447e+09	6.14375e+09	6.05224e+09	6.24637e+09	5.68896e+09	6.97636e+09	5.66116e+09	5.75969e+09	6.95103e+09	6.79345e+09	5.68301e+09	7.12379e+09	6.64639e+09	6.70265e+09	7.22408e+09	7.36876e+09	6.29466e+09	6.3443e+09	6.27089e+09	7.25883e+09	7.50505e+09	7.50904e+09	6.73794e+09	6.76769e+09	7.52802e+09	6.84259e+09	7.45721e+09	7.05851e+09	5.70577e+09	6.1219e+09	6.08207e+09	5.78248e+09	6.50229e+09	6.0927e+09	6.31445e+09	6.50766e+09	6.79013e+09	7.02398e+09	6.37365e+09	6.33675e+09	6.83414e+09	6.95608e+09	5.918e+09	6.52754e+09	6.97255e+09	6.80283e+09	7.46818e+09	6.67964e+09	5.63737e+09	7.06207e+09	6.64954e+09	6.57687e+09	7.14373e+09	7.48611e+09	7.82836e+09	7.606e+09	5.87718e+09	7.59296e+09	6.75574e+09	6.74219e+09	6.55755e+09	6.63256e+09	6.94973e+09	6.60177e+09	6.31445e+09	6.50766e+09	6.79013e+09	7.02398e+09	6.37365e+09	6.33675e+09	7.09734e+09	7.13477e+09	6.4925e+09	6.81511e+09	7.15439e+09	6.72162e+09	5.53531e+09	7.1445e+09	6.19294e+09	5.58346e+09	7.29976e+09	7.04774e+09
ERR608947	6.49916e+09	6.42194e+09	6.45883e+09	6.40917e+09	6.21668e+09	6.50562e+09	6.06455e+09	6.21679e+09	6.06055e+09	6.2403e+09	6.28678e+09	5.75594e+09	6.49178e+09	5.83946e+09	6.55309e+09	5.90416e+09	5.8208e+09	5.99967e+09	5.6393e+09	6.86007e+09	5.61194e+09	5.70779e+09	6.83259e+09	6.69101e+09	5.02931e+09	6.27766e+09	5.86352e+09	5.91074e+09	6.36977e+09	6.29466e+09	6.37871e+09	6.22673e+09	6.15759e+09	7.07466e+09	7.29939e+09	7.29692e+09	6.59842e+09	6.62482e+09	7.33139e+09	6.69699e+09	7.26274e+09	6.89655e+09	5.60811e+09	6.00345e+09	5.9696e+09	5.67957e+09	6.36706e+09	5.97762e+09	5.67293e+09	5.84727e+09	6.09636e+09	6.29788e+09	5.72476e+09	5.69257e+09	6.04538e+09	6.1583e+09	5.2349e+09	5.78164e+09	6.17338e+09	6.01987e+09	6.70042e+09	6.01538e+09	5.0986e+09	6.34913e+09	5.99545e+09	5.92414e+09	6.28997e+09	6.59347e+09	6.90028e+09	6.69918e+09	5.17497e+09	6.68774e+09	5.88073e+09	5.87135e+09	5.71014e+09	5.77569e+09	6.0536e+09	5.74914e+09	5.67293e+09	5.84727e+09	6.09636e+09	6.29788e+09	5.72476e+09	5.69257e+09	6.24314e+09	6.27626e+09	5.70935e+09	5.99861e+09	6.29601e+09	5.91349e+09	4.86044e+09	6.28907e+09	5.44166e+09	4.90361e+09	6.42454e+09	6.20334e+09
ERR608948	6.54705e+09	6.46863e+09	6.50574e+09	6.4555e+09	6.26013e+09	6.55379e+09	6.10722e+09	6.26095e+09	6.10306e+09	6.28445e+09	6.33102e+09	5.79551e+09	6.54126e+09	5.8814e+09	6.60356e+09	5.94715e+09	5.86242e+09	6.04392e+09	5.67733e+09	6.91227e+09	5.64967e+09	5.74697e+09	6.88401e+09	6.74042e+09	5.06596e+09	6.32723e+09	5.90842e+09	5.95677e+09	6.42001e+09	6.3443e+09	6.22673e+09	6.47424e+09	6.20302e+09	7.13089e+09	7.35878e+09	7.35593e+09	6.64809e+09	6.67484e+09	7.39003e+09	6.74773e+09	7.32065e+09	6.95028e+09	5.65004e+09	6.05075e+09	6.01578e+09	5.72308e+09	6.41822e+09	6.02354e+09	5.71485e+09	5.8902e+09	6.14205e+09	6.34619e+09	5.76682e+09	5.73472e+09	6.09281e+09	6.20641e+09	5.27391e+09	5.82588e+09	6.22176e+09	6.06698e+09	6.7544e+09	6.06259e+09	5.13625e+09	6.3998e+09	6.04174e+09	5.96953e+09	6.34013e+09	6.647e+09	6.95711e+09	6.75473e+09	5.21315e+09	6.74214e+09	5.92955e+09	5.92008e+09	5.75722e+09	5.82382e+09	6.10468e+09	5.79698e+09	5.71485e+09	5.8902e+09	6.14205e+09	6.34619e+09	5.76682e+09	5.73472e+09	6.29421e+09	6.32757e+09	5.75502e+09	6.04689e+09	6.34751e+09	5.96011e+09	4.90002e+09	6.34408e+09	5.48788e+09	4.94393e+09	6.48124e+09	6.25812e+09
ERR608946	6.47399e+09	6.39638e+09	6.43314e+09	6.38371e+09	6.19213e+09	6.47996e+09	6.04153e+09	6.19327e+09	6.03815e+09	6.21622e+09	6.2619e+09	5.73511e+09	6.46641e+09	5.81855e+09	6.52826e+09	5.8829e+09	5.8e+09	5.97731e+09	5.6185e+09	6.83243e+09	5.59123e+09	5.6871e+09	6.80488e+09	6.66388e+09	5.01221e+09	6.25416e+09	5.84231e+09	5.88942e+09	6.34541e+09	6.27089e+09	6.15759e+09	6.20302e+09	6.33181e+09	7.04622e+09	7.26928e+09	7.267e+09	6.57276e+09	6.59878e+09	7.30167e+09	6.67012e+09	7.23346e+09	6.86988e+09	5.58855e+09	5.98267e+09	5.9488e+09	5.66009e+09	6.34344e+09	5.95669e+09	5.65189e+09	5.82465e+09	6.07283e+09	6.2733e+09	5.70264e+09	5.67117e+09	6.02231e+09	6.13445e+09	5.21591e+09	5.75986e+09	6.14952e+09	5.9971e+09	6.67476e+09	5.99359e+09	5.08143e+09	6.32569e+09	5.9734e+09	5.9022e+09	6.26574e+09	6.56771e+09	6.87315e+09	6.67349e+09	5.15622e+09	6.66149e+09	5.85884e+09	5.84998e+09	5.69019e+09	5.75516e+09	6.03143e+09	5.72846e+09	5.65189e+09	5.82465e+09	6.07283e+09	6.2733e+09	5.70264e+09	5.67117e+09	6.21985e+09	6.2526e+09	5.6891e+09	5.97608e+09	6.2724e+09	5.89134e+09	4.84274e+09	6.26409e+09	5.42044e+09	4.88551e+09	6.3989e+09	6.17967e+09
