	ERR617222	ERR617226	ERR617224	ERR617225	ERR617221	ERR617223	ERR613986	ERR613985	ERR613989	ERR613984	ERR613987	ERR613988	ERR617222	ERR617226	ERR617224	ERR617225	ERR617221	ERR617223	ERR636720	ERR636718	ERR636716	ERR636719	ERR636717	ERR636715	ERR607764	ERR607768	ERR607763	ERR607766	ERR607765	ERR607767	ERR608582	ERR608584	ERR608580	ERR608583	ERR608579	ERR608581	ERR613633	ERR613630	ERR613634	ERR613629	ERR613631	ERR613632	ERR613505	ERR613504	ERR613503	ERR613507	ERR613506	ERR613508	ERR621967	ERR621969	ERR621968	ERR621972	ERR621970	ERR621971	ERR616484	ERR616483	ERR616482	ERR616485	ERR616480	ERR616481	ERR616633	ERR616629	ERR616631	ERR616628	ERR616630	ERR616632	ERR618293	ERR618292	ERR618295	ERR618296	ERR618291	ERR618294	ERR626708	ERR626706	ERR626707	ERR626709	ERR626704	ERR626705	ERR632057	ERR632055	ERR632060	ERR632059	ERR632058	ERR632056	ERR618308	ERR618307	ERR618305	ERR618306	ERR618303	ERR618304	ERR616222	ERR616226	ERR616223	ERR616225	ERR616227	ERR616224
ERR617222	0	0.80171	0.771682	0.769797	0.793717	0.784096	0.928601	0.900792	0.901231	0.890693	0.902115	0.90139	0	0.80171	0.771682	0.769797	0.793717	0.784096	0.897743	0.898696	0.899362	0.89856	0.90117	0.909031	0.895858	0.897167	0.904915	0.897965	0.896864	0.898395	1.06336	1.0626	1.0668	1.06335	1.10221	1.06007	0.978056	0.968936	1.00832	0.964566	0.976367	0.976531	0.977075	0.975847	0.975825	0.992907	0.991488	0.99324	1.13833	1.13951	1.14046	1.14769	1.14993	1.1409	1.07939	1.08136	1.09765	1.08075	1.09813	1.13608	1.06328	1.07649	1.06279	1.07863	1.08373	1.06327	1.09129	1.09516	1.09502	1.0975	1.09518	1.09236	1.08542	1.09643	1.08658	1.08625	1.07159	1.08091	0.874063	0.890469	0.895537	0.895635	0.894863	0.879362	1.08375	1.08153	1.07758	1.07748	1.0819	1.08177	1.08615	1.07054	1.07985	1.07089	1.06883	1.09211
ERR617226	0.80171	0	0.787316	0.785507	0.806178	0.803118	0.930319	0.908622	0.910363	0.900227	0.911084	0.910726	0.80171	0	0.787316	0.785507	0.806178	0.803118	0.903832	0.904061	0.906876	0.904357	0.904967	0.913588	0.904895	0.904927	0.910955	0.905555	0.902662	0.905666	1.0707	1.06955	1.07337	1.07037	1.10349	1.06898	0.98547	0.972453	1.01186	0.970226	0.979844	0.984143	0.982365	0.981452	0.981301	1.00086	0.99914	1.00073	1.15402	1.15452	1.15579	1.16137	1.16358	1.15528	1.08495	1.086	1.1044	1.08548	1.10444	1.14275	1.06918	1.08378	1.06888	1.0856	1.09131	1.06928	1.09796	1.10136	1.10099	1.10278	1.0993	1.09897	1.09399	1.10109	1.09527	1.09469	1.08021	1.08858	0.875632	0.887334	0.891048	0.890881	0.890063	0.880192	1.09008	1.08854	1.08556	1.08559	1.0871	1.08921	1.10186	1.08554	1.09614	1.08648	1.08416	1.1098
ERR617224	0.771682	0.787316	0	0.751635	0.783088	0.772199	0.918704	0.888789	0.889184	0.877769	0.89005	0.889218	0.771682	0.787316	0	0.751635	0.783088	0.772199	0.886848	0.888081	0.888537	0.888142	0.891027	0.89898	0.883854	0.885295	0.893491	0.886395	0.88512	0.886075	1.05503	1.05443	1.05887	1.05515	1.09548	1.05189	0.968163	0.959265	1.00029	0.953905	0.966658	0.966838	0.967217	0.965836	0.965898	0.983217	0.981663	0.984031	1.13063	1.13203	1.13298	1.1407	1.14273	1.13365	1.07179	1.07346	1.09016	1.07306	1.09079	1.1294	1.05499	1.06885	1.0548	1.07124	1.07611	1.05508	1.0838	1.08759	1.08775	1.09022	1.08776	1.0848	1.07745	1.08909	1.07864	1.07816	1.06352	1.07293	0.863994	0.881164	0.886658	0.887222	0.886277	0.869475	1.07575	1.07386	1.06973	1.06934	1.07423	1.07392	1.07773	1.0617	1.07103	1.06189	1.05958	1.08352
ERR617225	0.769797	0.785507	0.751635	0	0.781124	0.770557	0.916726	0.886807	0.887416	0.875872	0.888012	0.887028	0.769797	0.785507	0.751635	0	0.781124	0.770557	0.88453	0.885482	0.886673	0.885612	0.888424	0.896631	0.881605	0.882481	0.89112	0.884458	0.882995	0.884132	1.05325	1.05291	1.0571	1.05355	1.09382	1.05015	0.966387	0.956784	0.998059	0.951805	0.964677	0.965015	0.964649	0.96352	0.963576	0.981377	0.979681	0.981705	1.13035	1.13136	1.13238	1.13999	1.14208	1.13334	1.07037	1.07221	1.08882	1.0717	1.08929	1.12855	1.05338	1.06713	1.05288	1.06973	1.07455	1.05342	1.08218	1.08613	1.08622	1.08884	1.08624	1.0834	1.0759	1.0871	1.07712	1.07673	1.06165	1.07125	0.861473	0.879141	0.884048	0.88442	0.883777	0.866696	1.07435	1.0724	1.06822	1.06804	1.07288	1.07264	1.0769	1.0609	1.07025	1.06096	1.05877	1.08278
ERR617221	0.793717	0.806178	0.783088	0.781124	0	0.794505	0.931905	0.906537	0.907827	0.897328	0.908626	0.907763	0.793717	0.806178	0.783088	0.781124	0	0.794505	0.902338	0.902994	0.904411	0.903181	0.904986	0.912909	0.902098	0.902493	0.90975	0.903726	0.901885	0.903523	1.06851	1.0678	1.07201	1.06847	1.10499	1.06637	0.983324	0.973148	1.01205	0.969198	0.980154	0.981778	0.981017	0.980278	0.980202	0.997936	0.996191	0.998273	1.14661	1.14767	1.14857	1.15494	1.15743	1.1486	1.08401	1.08546	1.10251	1.08501	1.10289	1.14058	1.06816	1.08191	1.06803	1.08397	1.08902	1.06805	1.09632	1.10003	1.09958	1.10198	1.09888	1.09744	1.09099	1.1003	1.09222	1.09195	1.07724	1.08603	0.877441	0.891989	0.896247	0.896449	0.895647	0.88234	1.0887	1.08706	1.08329	1.08318	1.08649	1.08745	1.09448	1.07892	1.08848	1.07953	1.07735	1.10106
ERR617223	0.784096	0.803118	0.772199	0.770557	0.794505	0	0.92946	0.901297	0.901481	0.89114	0.902362	0.901045	0.784096	0.803118	0.772199	0.770557	0.794505	0	0.897799	0.898703	0.899752	0.898997	0.901223	0.909145	0.895736	0.89738	0.905094	0.898819	0.897447	0.898241	1.06418	1.06351	1.06762	1.06405	1.10318	1.06088	0.978577	0.970078	1.00913	0.964997	0.977087	0.976913	0.977396	0.976116	0.97653	0.993516	0.991509	0.993731	1.13815	1.13943	1.14027	1.14765	1.14959	1.14076	1.08043	1.08225	1.09815	1.08158	1.09888	1.13668	1.06354	1.07708	1.06337	1.07932	1.08402	1.06379	1.09207	1.09596	1.09596	1.09845	1.09629	1.09311	1.08557	1.09678	1.08676	1.08636	1.07193	1.08103	0.87505	0.892241	0.896733	0.896754	0.896172	0.880558	1.08458	1.08271	1.07828	1.07828	1.08299	1.08258	1.08613	1.07059	1.07945	1.07087	1.06885	1.09172
ERR613986	0.928601	0.930319	0.918704	0.916726	0.931905	0.92946	0	0.782296	0.786261	0.776338	0.787129	0.78709	0.928601	0.930319	0.918704	0.916726	0.931905	0.92946	0.882347	0.883399	0.88452	0.883306	0.882466	0.889624	0.877113	0.876835	0.881016	0.877465	0.875213	0.877393	1.06043	1.05911	1.06313	1.06035	1.09354	1.05873	0.937715	0.924669	0.964582	0.922793	0.931798	0.937212	0.953218	0.952965	0.952995	0.973997	0.971326	0.974561	1.15376	1.15455	1.15596	1.16128	1.16349	1.1551	1.08864	1.08967	1.10737	1.08926	1.10756	1.14479	1.04432	1.0593	1.04333	1.0611	1.06655	1.04377	1.09975	1.10304	1.10246	1.10454	1.10084	1.10095	1.06893	1.07473	1.0699	1.06951	1.05703	1.06398	0.886946	0.894023	0.898741	0.89783	0.897661	0.890138	1.09349	1.09192	1.08922	1.08908	1.09074	1.09255	1.10421	1.08835	1.09887	1.08924	1.08731	1.11195
ERR613985	0.900792	0.908622	0.888789	0.886807	0.906537	0.901297	0.782296	0	0.757101	0.743774	0.758149	0.75736	0.900792	0.908622	0.888789	0.886807	0.906537	0.901297	0.862198	0.863391	0.863842	0.863253	0.864019	0.871895	0.854184	0.854416	0.860666	0.85571	0.853648	0.855307	1.04076	1.03976	1.04432	1.04063	1.0787	1.03824	0.91667	0.904002	0.948304	0.900269	0.911708	0.9161	0.931945	0.931567	0.931614	0.952693	0.95018	0.953669	1.13177	1.13296	1.13403	1.14076	1.1432	1.13407	1.06757	1.06925	1.08709	1.06871	1.08772	1.12697	1.02745	1.04248	1.02666	1.04525	1.05068	1.02712	1.07903	1.0827	1.08247	1.08501	1.08167	1.08023	1.05241	1.06103	1.05345	1.05284	1.03885	1.04732	0.867416	0.87881	0.8848	0.883586	0.883709	0.871717	1.07234	1.07069	1.06712	1.06702	1.06995	1.07109	1.0789	1.06241	1.07289	1.06349	1.06097	1.08617
ERR613989	0.901231	0.910363	0.889184	0.887416	0.907827	0.901481	0.786261	0.757101	0	0.747579	0.755386	0.755495	0.901231	0.910363	0.889184	0.887416	0.907827	0.901481	0.863614	0.864729	0.865234	0.865033	0.866094	0.873683	0.855645	0.855742	0.862341	0.857323	0.855704	0.856649	1.04242	1.04149	1.04597	1.0421	1.08122	1.03976	0.916893	0.905459	0.949035	0.901627	0.91321	0.916289	0.933596	0.933403	0.933711	0.95384	0.951546	0.955194	1.1302	1.13137	1.13249	1.13969	1.14173	1.13267	1.06977	1.07164	1.08877	1.07086	1.08916	1.12836	1.02859	1.04354	1.02802	1.04611	1.05153	1.02841	1.08056	1.08437	1.08444	1.08654	1.08351	1.08178	1.05321	1.0624	1.05415	1.05377	1.03991	1.04825	0.869506	0.881689	0.887489	0.886325	0.886439	0.873717	1.07432	1.07242	1.06867	1.06847	1.07191	1.07264	1.07868	1.06244	1.07236	1.06289	1.06071	1.08508
ERR613984	0.890693	0.900227	0.877769	0.875872	0.897328	0.89114	0.776338	0.743774	0.747579	0	0.748703	0.748194	0.890693	0.900227	0.877769	0.875872	0.897328	0.89114	0.855233	0.85648	0.857047	0.856653	0.85764	0.866562	0.845641	0.846383	0.8534	0.847704	0.845602	0.847357	1.03261	1.03189	1.03633	1.03255	1.07262	1.02981	0.908838	0.896264	0.942155	0.892292	0.90415	0.907849	0.924304	0.923557	0.923751	0.945018	0.942933	0.946509	1.12283	1.12402	1.12508	1.13224	1.13464	1.12515	1.05866	1.06028	1.07836	1.05967	1.07888	1.1194	1.02052	1.03607	1.0197	1.03853	1.04412	1.02029	1.0705	1.07408	1.07379	1.07608	1.07325	1.07146	1.04599	1.05541	1.04708	1.04655	1.03168	1.0407	0.860103	0.872903	0.879053	0.878355	0.878109	0.86444	1.06367	1.06145	1.0579	1.05764	1.06127	1.06203	1.06906	1.05212	1.06237	1.05293	1.05041	1.07571
ERR613987	0.902115	0.911084	0.89005	0.888012	0.908626	0.902362	0.787129	0.758149	0.755386	0.748703	0	0.756239	0.902115	0.911084	0.89005	0.888012	0.908626	0.902362	0.864562	0.865981	0.866287	0.865698	0.867061	0.874678	0.856596	0.856954	0.863586	0.858364	0.856684	0.857838	1.04367	1.04301	1.04732	1.04349	1.08244	1.04114	0.918389	0.906958	0.950405	0.903107	0.914451	0.917537	0.935081	0.93459	0.934564	0.954811	0.952844	0.956042	1.13094	1.13215	1.13327	1.14008	1.14238	1.13353	1.07129	1.07313	1.09021	1.07215	1.09057	1.12939	1.03018	1.04473	1.02933	1.04731	1.05257	1.02972	1.08225	1.08581	1.08577	1.08804	1.08515	1.08339	1.05397	1.0635	1.05537	1.05472	1.0412	1.04933	0.870465	0.882508	0.888639	0.887193	0.887411	0.874946	1.07563	1.07384	1.06989	1.06997	1.07352	1.07419	1.07966	1.0637	1.07351	1.06435	1.06218	1.0862
ERR613988	0.90139	0.910726	0.889218	0.887028	0.907763	0.901045	0.78709	0.75736	0.755495	0.748194	0.756239	0	0.90139	0.910726	0.889218	0.887028	0.907763	0.901045	0.863669	0.864496	0.865284	0.864903	0.865952	0.87382	0.855663	0.855855	0.862283	0.856893	0.855612	0.856579	1.04271	1.04164	1.0462	1.04267	1.08156	1.04005	0.917676	0.90648	0.949777	0.902179	0.913732	0.917015	0.934346	0.934051	0.934022	0.954197	0.951976	0.955551	1.1305	1.13152	1.13235	1.13962	1.14192	1.13294	1.06977	1.07165	1.08887	1.071	1.08923	1.12828	1.02881	1.04375	1.028	1.04628	1.05177	1.02866	1.08096	1.08461	1.0844	1.08684	1.08401	1.08208	1.05314	1.0628	1.05448	1.05409	1.04036	1.04871	0.869827	0.882274	0.887872	0.886765	0.887046	0.873868	1.07431	1.07242	1.06889	1.0685	1.07209	1.07266	1.07872	1.06261	1.07242	1.06344	1.06055	1.08539
ERR617222	0	0.80171	0.771682	0.769797	0.793717	0.784096	0.928601	0.900792	0.901231	0.890693	0.902115	0.90139	0	0.80171	0.771682	0.769797	0.793717	0.784096	0.897743	0.898696	0.899362	0.89856	0.90117	0.909031	0.895858	0.897167	0.904915	0.897965	0.896864	0.898395	1.06336	1.0626	1.0668	1.06335	1.10221	1.06007	0.978056	0.968936	1.00832	0.964566	0.976367	0.976531	0.977075	0.975847	0.975825	0.992907	0.991488	0.99324	1.13833	1.13951	1.14046	1.14769	1.14993	1.1409	1.07939	1.08136	1.09765	1.08075	1.09813	1.13608	1.06328	1.07649	1.06279	1.07863	1.08373	1.06327	1.09129	1.09516	1.09502	1.0975	1.09518	1.09236	1.08542	1.09643	1.08658	1.08625	1.07159	1.08091	0.874063	0.890469	0.895537	0.895635	0.894863	0.879362	1.08375	1.08153	1.07758	1.07748	1.0819	1.08177	1.08615	1.07054	1.07985	1.07089	1.06883	1.09211
ERR617226	0.80171	0	0.787316	0.785507	0.806178	0.803118	0.930319	0.908622	0.910363	0.900227	0.911084	0.910726	0.80171	0	0.787316	0.785507	0.806178	0.803118	0.903832	0.904061	0.906876	0.904357	0.904967	0.913588	0.904895	0.904927	0.910955	0.905555	0.902662	0.905666	1.0707	1.06955	1.07337	1.07037	1.10349	1.06898	0.98547	0.972453	1.01186	0.970226	0.979844	0.984143	0.982365	0.981452	0.981301	1.00086	0.99914	1.00073	1.15402	1.15452	1.15579	1.16137	1.16358	1.15528	1.08495	1.086	1.1044	1.08548	1.10444	1.14275	1.06918	1.08378	1.06888	1.0856	1.09131	1.06928	1.09796	1.10136	1.10099	1.10278	1.0993	1.09897	1.09399	1.10109	1.09527	1.09469	1.08021	1.08858	0.875632	0.887334	0.891048	0.890881	0.890063	0.880192	1.09008	1.08854	1.08556	1.08559	1.0871	1.08921	1.10186	1.08554	1.09614	1.08648	1.08416	1.1098
ERR617224	0.771682	0.787316	0	0.751635	0.783088	0.772199	0.918704	0.888789	0.889184	0.877769	0.89005	0.889218	0.771682	0.787316	0	0.751635	0.783088	0.772199	0.886848	0.888081	0.888537	0.888142	0.891027	0.89898	0.883854	0.885295	0.893491	0.886395	0.88512	0.886075	1.05503	1.05443	1.05887	1.05515	1.09548	1.05189	0.968163	0.959265	1.00029	0.953905	0.966658	0.966838	0.967217	0.965836	0.965898	0.983217	0.981663	0.984031	1.13063	1.13203	1.13298	1.1407	1.14273	1.13365	1.07179	1.07346	1.09016	1.07306	1.09079	1.1294	1.05499	1.06885	1.0548	1.07124	1.07611	1.05508	1.0838	1.08759	1.08775	1.09022	1.08776	1.0848	1.07745	1.08909	1.07864	1.07816	1.06352	1.07293	0.863994	0.881164	0.886658	0.887222	0.886277	0.869475	1.07575	1.07386	1.06973	1.06934	1.07423	1.07392	1.07773	1.0617	1.07103	1.06189	1.05958	1.08352
ERR617225	0.769797	0.785507	0.751635	0	0.781124	0.770557	0.916726	0.886807	0.887416	0.875872	0.888012	0.887028	0.769797	0.785507	0.751635	0	0.781124	0.770557	0.88453	0.885482	0.886673	0.885612	0.888424	0.896631	0.881605	0.882481	0.89112	0.884458	0.882995	0.884132	1.05325	1.05291	1.0571	1.05355	1.09382	1.05015	0.966387	0.956784	0.998059	0.951805	0.964677	0.965015	0.964649	0.96352	0.963576	0.981377	0.979681	0.981705	1.13035	1.13136	1.13238	1.13999	1.14208	1.13334	1.07037	1.07221	1.08882	1.0717	1.08929	1.12855	1.05338	1.06713	1.05288	1.06973	1.07455	1.05342	1.08218	1.08613	1.08622	1.08884	1.08624	1.0834	1.0759	1.0871	1.07712	1.07673	1.06165	1.07125	0.861473	0.879141	0.884048	0.88442	0.883777	0.866696	1.07435	1.0724	1.06822	1.06804	1.07288	1.07264	1.0769	1.0609	1.07025	1.06096	1.05877	1.08278
ERR617221	0.793717	0.806178	0.783088	0.781124	0	0.794505	0.931905	0.906537	0.907827	0.897328	0.908626	0.907763	0.793717	0.806178	0.783088	0.781124	0	0.794505	0.902338	0.902994	0.904411	0.903181	0.904986	0.912909	0.902098	0.902493	0.90975	0.903726	0.901885	0.903523	1.06851	1.0678	1.07201	1.06847	1.10499	1.06637	0.983324	0.973148	1.01205	0.969198	0.980154	0.981778	0.981017	0.980278	0.980202	0.997936	0.996191	0.998273	1.14661	1.14767	1.14857	1.15494	1.15743	1.1486	1.08401	1.08546	1.10251	1.08501	1.10289	1.14058	1.06816	1.08191	1.06803	1.08397	1.08902	1.06805	1.09632	1.10003	1.09958	1.10198	1.09888	1.09744	1.09099	1.1003	1.09222	1.09195	1.07724	1.08603	0.877441	0.891989	0.896247	0.896449	0.895647	0.88234	1.0887	1.08706	1.08329	1.08318	1.08649	1.08745	1.09448	1.07892	1.08848	1.07953	1.07735	1.10106
ERR617223	0.784096	0.803118	0.772199	0.770557	0.794505	0	0.92946	0.901297	0.901481	0.89114	0.902362	0.901045	0.784096	0.803118	0.772199	0.770557	0.794505	0	0.897799	0.898703	0.899752	0.898997	0.901223	0.909145	0.895736	0.89738	0.905094	0.898819	0.897447	0.898241	1.06418	1.06351	1.06762	1.06405	1.10318	1.06088	0.978577	0.970078	1.00913	0.964997	0.977087	0.976913	0.977396	0.976116	0.97653	0.993516	0.991509	0.993731	1.13815	1.13943	1.14027	1.14765	1.14959	1.14076	1.08043	1.08225	1.09815	1.08158	1.09888	1.13668	1.06354	1.07708	1.06337	1.07932	1.08402	1.06379	1.09207	1.09596	1.09596	1.09845	1.09629	1.09311	1.08557	1.09678	1.08676	1.08636	1.07193	1.08103	0.87505	0.892241	0.896733	0.896754	0.896172	0.880558	1.08458	1.08271	1.07828	1.07828	1.08299	1.08258	1.08613	1.07059	1.07945	1.07087	1.06885	1.09172
ERR636720	0.897743	0.903832	0.886848	0.88453	0.902338	0.897799	0.882347	0.862198	0.863614	0.855233	0.864562	0.863669	0.897743	0.903832	0.886848	0.88453	0.902338	0.897799	0	0.77083	0.775611	0.769987	0.775369	0.784335	0.817134	0.817045	0.824252	0.818289	0.815775	0.8182	1.04908	1.04799	1.05259	1.04888	1.08583	1.04731	0.957948	0.945969	0.986661	0.943096	0.952794	0.956587	0.949292	0.948546	0.948718	0.969117	0.966518	0.969679	1.14494	1.14552	1.14686	1.15291	1.15516	1.1464	1.07614	1.07754	1.09539	1.0769	1.09597	1.13472	1.04081	1.05612	1.04014	1.05845	1.06362	1.04033	1.08821	1.09194	1.09132	1.09372	1.09017	1.08941	1.06063	1.0686	1.06167	1.06117	1.04811	1.05567	0.878427	0.889578	0.894347	0.894183	0.893983	0.882263	1.08048	1.07863	1.07551	1.07509	1.07782	1.07913	1.09283	1.07671	1.08691	1.07777	1.0754	1.10013
ERR636718	0.898696	0.904061	0.888081	0.885482	0.902994	0.898703	0.883399	0.863391	0.864729	0.85648	0.865981	0.864496	0.898696	0.904061	0.888081	0.885482	0.902994	0.898703	0.77083	0	0.777248	0.771463	0.776234	0.785515	0.818179	0.817909	0.824219	0.819113	0.81728	0.819005	1.04967	1.04835	1.0527	1.0494	1.08602	1.04796	0.958501	0.946487	0.987021	0.943665	0.953537	0.957312	0.949598	0.949191	0.949425	0.969896	0.967161	0.970094	1.14566	1.14641	1.14783	1.15365	1.15621	1.14756	1.07634	1.07779	1.09566	1.07732	1.09608	1.13497	1.04078	1.05657	1.04039	1.05826	1.06414	1.04083	1.08857	1.09205	1.09172	1.09392	1.09036	1.08964	1.061	1.06891	1.0622	1.06171	1.0484	1.05606	0.878387	0.889348	0.894621	0.894002	0.894435	0.882595	1.08067	1.07882	1.0758	1.07563	1.07789	1.07934	1.09383	1.07756	1.08766	1.07869	1.07605	1.10115
ERR636716	0.899362	0.906876	0.888537	0.886673	0.904411	0.899752	0.88452	0.863842	0.865234	0.857047	0.866287	0.865284	0.899362	0.906876	0.888537	0.886673	0.904411	0.899752	0.775611	0.777248	0	0.776367	0.775249	0.7841	0.819584	0.819906	0.826172	0.821028	0.818781	0.820923	1.05112	1.0501	1.05448	1.05091	1.08784	1.04908	0.95961	0.948462	0.988141	0.945409	0.955006	0.958055	0.951517	0.951173	0.951294	0.971349	0.968561	0.971845	1.14601	1.14656	1.14778	1.15432	1.15635	1.14789	1.0782	1.07976	1.09728	1.07912	1.09756	1.13602	1.04254	1.05751	1.04168	1.05945	1.0649	1.04221	1.09048	1.0939	1.09361	1.09587	1.0926	1.09129	1.06158	1.06965	1.06255	1.06197	1.04914	1.05666	0.880575	0.892042	0.897164	0.896788	0.896748	0.884669	1.08239	1.08057	1.07756	1.07705	1.0801	1.08127	1.09446	1.07849	1.0885	1.07953	1.07716	1.10144
ERR636719	0.89856	0.904357	0.888142	0.885612	0.903181	0.898997	0.883306	0.863253	0.865033	0.856653	0.865698	0.864903	0.89856	0.904357	0.888142	0.885612	0.903181	0.898997	0.769987	0.771463	0.776367	0	0.775764	0.784766	0.817968	0.817459	0.823744	0.818634	0.816845	0.818443	1.04956	1.04825	1.05292	1.0494	1.08615	1.04776	0.95857	0.946674	0.987175	0.943803	0.953496	0.957484	0.94967	0.949135	0.949565	0.969454	0.967029	0.970341	1.14582	1.14642	1.14788	1.15376	1.15599	1.14748	1.07659	1.07788	1.09597	1.07732	1.09641	1.13541	1.04099	1.0564	1.04045	1.05852	1.06401	1.04074	1.08897	1.09245	1.09198	1.09435	1.09082	1.09004	1.06092	1.06883	1.06213	1.0616	1.0482	1.05601	0.878284	0.889453	0.894491	0.893971	0.894123	0.882676	1.0811	1.07923	1.07619	1.07594	1.0783	1.07976	1.09376	1.07746	1.08783	1.07852	1.07606	1.10083
ERR636717	0.90117	0.904967	0.891027	0.888424	0.904986	0.901223	0.882466	0.864019	0.866094	0.85764	0.867061	0.865952	0.90117	0.904967	0.891027	0.888424	0.904986	0.901223	0.775369	0.776234	0.775249	0.775764	0	0.783176	0.819876	0.819824	0.825596	0.8205	0.817848	0.821041	1.05064	1.04966	1.05404	1.05063	1.08584	1.04927	0.95996	0.947389	0.987608	0.94479	0.954104	0.958472	0.950227	0.94999	0.950061	0.970977	0.968156	0.971507	1.14951	1.15004	1.15131	1.15701	1.15947	1.15078	1.07745	1.0788	1.09701	1.07838	1.09743	1.13627	1.04196	1.05728	1.04127	1.0592	1.06494	1.04158	1.09	1.09344	1.0928	1.09522	1.09124	1.0911	1.06226	1.06944	1.06347	1.06279	1.04966	1.05699	0.878515	0.888645	0.893558	0.892763	0.893064	0.882634	1.08222	1.08055	1.07757	1.07757	1.07911	1.08132	1.09695	1.08072	1.09127	1.08178	1.07941	1.10469
ERR636715	0.909031	0.913588	0.89898	0.896631	0.912909	0.909145	0.889624	0.871895	0.873683	0.866562	0.874678	0.87382	0.909031	0.913588	0.89898	0.896631	0.912909	0.909145	0.784335	0.785515	0.7841	0.784766	0.783176	0	0.828859	0.828771	0.833565	0.829538	0.827505	0.829737	1.05923	1.058	1.06249	1.05906	1.09358	1.05778	0.966837	0.955967	0.994129	0.95318	0.961708	0.965865	0.958673	0.958398	0.958503	0.97815	0.975397	0.97884	1.15533	1.15596	1.15707	1.16284	1.16524	1.15685	1.08724	1.08868	1.10602	1.08807	1.10629	1.14364	1.04905	1.06399	1.0484	1.0657	1.07126	1.04873	1.09928	1.10267	1.10227	1.10444	1.10103	1.10006	1.06817	1.07542	1.06944	1.06887	1.05649	1.06339	0.886448	0.896139	0.901002	0.90055	0.900726	0.889895	1.09168	1.08987	1.08712	1.08679	1.08908	1.09047	1.10493	1.08938	1.09936	1.09036	1.08793	1.11208
ERR607764	0.895858	0.904895	0.883854	0.881605	0.902098	0.895736	0.877113	0.854184	0.855645	0.845641	0.856596	0.855663	0.895858	0.904895	0.883854	0.881605	0.902098	0.895736	0.817134	0.818179	0.819584	0.817968	0.819876	0.828859	0	0.742492	0.749545	0.744426	0.739166	0.74438	1.02589	1.02487	1.02979	1.02581	1.06621	1.02337	0.945557	0.933355	0.976458	0.93004	0.94065	0.944433	0.928247	0.927674	0.927882	0.949133	0.946757	0.950029	1.13043	1.13099	1.13261	1.13909	1.14137	1.13245	1.05553	1.05718	1.0764	1.056	1.07691	1.11806	1.02734	1.04291	1.02644	1.04533	1.05092	1.02674	1.07202	1.0759	1.0759	1.07796	1.07463	1.07364	1.04006	1.04908	1.04119	1.04064	1.02559	1.03468	0.873474	0.886738	0.891992	0.891241	0.891913	0.878323	1.06082	1.05893	1.05518	1.05487	1.05813	1.05937	1.07393	1.05709	1.06731	1.05787	1.05526	1.08181
ERR607768	0.897167	0.904927	0.885295	0.882481	0.902493	0.89738	0.876835	0.854416	0.855742	0.846383	0.856954	0.855855	0.897167	0.904927	0.885295	0.882481	0.902493	0.89738	0.817045	0.817909	0.819906	0.817459	0.819824	0.828771	0.742492	0	0.752062	0.74123	0.741502	0.740497	1.02673	1.02572	1.03021	1.02632	1.0665	1.0243	0.945912	0.933202	0.97648	0.930136	0.940937	0.944952	0.928871	0.928272	0.928483	0.950114	0.947577	0.950553	1.13177	1.13227	1.13363	1.14021	1.14262	1.13356	1.05635	1.05781	1.0774	1.0567	1.07773	1.11894	1.02766	1.04356	1.02701	1.04589	1.05149	1.02696	1.07294	1.07665	1.0766	1.07859	1.07481	1.07445	1.04096	1.04983	1.04222	1.04161	1.02664	1.03546	0.873487	0.88577	0.891482	0.890772	0.890964	0.878394	1.06181	1.05988	1.05621	1.05597	1.05896	1.06026	1.07574	1.05857	1.06914	1.05933	1.0567	1.08314
ERR607763	0.904915	0.910955	0.893491	0.89112	0.90975	0.905094	0.881016	0.860666	0.862341	0.8534	0.863586	0.862283	0.904915	0.910955	0.893491	0.89112	0.90975	0.905094	0.824252	0.824219	0.826172	0.823744	0.825596	0.833565	0.749545	0.752062	0	0.753558	0.747717	0.752821	1.03276	1.032	1.03637	1.03267	1.07107	1.03091	0.95164	0.939053	0.981074	0.935893	0.946325	0.950261	0.93458	0.934069	0.934295	0.955856	0.953165	0.956308	1.13884	1.13932	1.14054	1.14665	1.14913	1.14056	1.06329	1.06467	1.08395	1.06349	1.08417	1.12436	1.03253	1.04833	1.03178	1.05044	1.05604	1.03198	1.07954	1.08317	1.08292	1.08494	1.0812	1.08092	1.0459	1.05387	1.04719	1.0463	1.03188	1.04012	0.878999	0.890673	0.895762	0.894713	0.895389	0.883591	1.0683	1.06667	1.06346	1.06309	1.06581	1.06743	1.08364	1.06681	1.07764	1.06796	1.06504	1.09129
ERR607766	0.897965	0.905555	0.886395	0.884458	0.903726	0.898819	0.877465	0.85571	0.857323	0.847704	0.858364	0.856893	0.897965	0.905555	0.886395	0.884458	0.903726	0.898819	0.818289	0.819113	0.821028	0.818634	0.8205	0.829538	0.744426	0.74123	0.753558	0	0.743281	0.742783	1.02798	1.02702	1.03166	1.02783	1.06736	1.02577	0.947387	0.934237	0.977728	0.931096	0.942016	0.946153	0.929667	0.929282	0.929267	0.951186	0.948412	0.951897	1.13374	1.13421	1.13561	1.14189	1.14408	1.13528	1.05772	1.05906	1.07834	1.05777	1.07888	1.11997	1.02864	1.04448	1.02789	1.04704	1.05245	1.02823	1.07427	1.0783	1.07791	1.08008	1.07621	1.07583	1.04198	1.05042	1.04353	1.04248	1.02762	1.03657	0.874132	0.886293	0.891826	0.890689	0.891107	0.879025	1.06309	1.06146	1.05778	1.05756	1.06003	1.06182	1.07749	1.06048	1.0711	1.06141	1.05878	1.08543
ERR607765	0.896864	0.902662	0.88512	0.882995	0.901885	0.897447	0.875213	0.853648	0.855704	0.845602	0.856684	0.855612	0.896864	0.902662	0.88512	0.882995	0.901885	0.897447	0.815775	0.81728	0.818781	0.816845	0.817848	0.827505	0.739166	0.741502	0.747717	0.743281	0	0.743055	1.02505	1.02357	1.02834	1.02431	1.06369	1.02284	0.945343	0.931229	0.975238	0.928637	0.93905	0.944093	0.926744	0.926305	0.926149	0.949128	0.946132	0.94942	1.13298	1.13345	1.13513	1.14089	1.14334	1.13439	1.05384	1.05501	1.07521	1.05387	1.07547	1.11705	1.02636	1.04244	1.02541	1.04468	1.0506	1.02586	1.07094	1.07475	1.07437	1.07628	1.07227	1.07231	1.04019	1.04815	1.04155	1.04062	1.02546	1.03443	0.871401	0.883087	0.888562	0.88735	0.888228	0.876352	1.05946	1.05767	1.05442	1.05449	1.05645	1.05834	1.07603	1.05861	1.06953	1.0597	1.0567	1.08428
ERR607767	0.898395	0.905666	0.886075	0.884132	0.903523	0.898241	0.877393	0.855307	0.856649	0.847357	0.857838	0.856579	0.898395	0.905666	0.886075	0.884132	0.903523	0.898241	0.8182	0.819005	0.820923	0.818443	0.821041	0.829737	0.74438	0.740497	0.752821	0.742783	0.743055	0	1.02799	1.02703	1.0316	1.02745	1.06715	1.02564	0.946919	0.934149	0.977312	0.930737	0.941817	0.945803	0.929493	0.929017	0.929181	0.951151	0.94823	0.951301	1.13322	1.13344	1.13461	1.1411	1.14366	1.13477	1.05749	1.05875	1.07853	1.0578	1.07895	1.12	1.02857	1.04466	1.028	1.04688	1.05249	1.0283	1.07369	1.07775	1.07735	1.07958	1.07573	1.0754	1.04182	1.05043	1.04293	1.04246	1.02751	1.03613	0.874731	0.88689	0.892118	0.891392	0.89196	0.879716	1.06296	1.06097	1.05749	1.05714	1.0598	1.06175	1.0769	1.05981	1.07063	1.06072	1.05805	1.08482
ERR608582	1.06336	1.0707	1.05503	1.05325	1.06851	1.06418	1.06043	1.04076	1.04242	1.03261	1.04367	1.04271	1.06336	1.0707	1.05503	1.05325	1.06851	1.06418	1.04908	1.04967	1.05112	1.04956	1.05064	1.05923	1.02589	1.02673	1.03276	1.02798	1.02505	1.02799	0	0.783218	0.792352	0.783991	0.844864	0.784648	1.06918	1.05719	1.09267	1.0552	1.06366	1.06863	1.02799	1.02803	1.02758	1.04605	1.04414	1.0465	0.987107	0.987365	0.989157	0.9947	0.998699	0.987367	0.880364	0.882343	0.908664	0.881004	0.909462	0.968437	0.886362	0.906681	0.886635	0.909314	0.917465	0.886711	0.893864	0.89947	0.89877	0.902097	0.897921	0.895723	0.8764	0.88962	0.878279	0.877582	0.858374	0.870229	1.04312	1.0524	1.05692	1.05631	1.05625	1.0477	0.903947	0.902179	0.896283	0.896583	0.901266	0.90293	0.929571	0.90745	0.921534	0.908624	0.904701	0.939915
ERR608584	1.0626	1.06955	1.05443	1.05291	1.0678	1.06351	1.05911	1.03976	1.04149	1.03189	1.04301	1.04164	1.0626	1.06955	1.05443	1.05291	1.0678	1.06351	1.04799	1.04835	1.0501	1.04825	1.04966	1.058	1.02487	1.02572	1.032	1.02702	1.02357	1.02703	0.783218	0	0.79239	0.783628	0.844637	0.784765	1.06819	1.05617	1.09149	1.05406	1.06239	1.0676	1.02697	1.02704	1.02666	1.04523	1.04356	1.04552	0.987725	0.98809	0.990229	0.996021	0.999494	0.988257	0.880284	0.88237	0.90875	0.880605	0.909534	0.968715	0.886147	0.906223	0.886127	0.90935	0.917073	0.886277	0.893719	0.899335	0.898686	0.902243	0.897382	0.895975	0.875771	0.889215	0.878016	0.87665	0.857821	0.870011	1.04181	1.05069	1.05556	1.05495	1.05472	1.04632	0.903932	0.901942	0.896268	0.896025	0.901003	0.902523	0.929845	0.90757	0.921765	0.908739	0.905268	0.940556
ERR608580	1.0668	1.07337	1.05887	1.0571	1.07201	1.06762	1.06313	1.04432	1.04597	1.03633	1.04732	1.0462	1.0668	1.07337	1.05887	1.0571	1.07201	1.06762	1.05259	1.0527	1.05448	1.05292	1.05404	1.06249	1.02979	1.03021	1.03637	1.03166	1.02834	1.0316	0.792352	0.79239	0	0.792641	0.845613	0.787536	1.07235	1.06028	1.09532	1.05853	1.06664	1.07166	1.03137	1.03122	1.03086	1.04929	1.04739	1.04935	0.992092	0.992503	0.99467	0.999645	1.00354	0.99242	0.886192	0.887935	0.913848	0.886572	0.91465	0.972713	0.892199	0.911866	0.892657	0.914345	0.922483	0.892411	0.898629	0.903935	0.903164	0.906381	0.9023	0.900595	0.881238	0.893982	0.883735	0.882535	0.863904	0.875213	1.04641	1.0551	1.05973	1.05928	1.05927	1.05051	0.90913	0.907264	0.901705	0.901725	0.90591	0.907472	0.935105	0.913734	0.927416	0.914677	0.911058	0.945424
ERR608583	1.06335	1.07037	1.05515	1.05355	1.06847	1.06405	1.06035	1.04063	1.0421	1.03255	1.04349	1.04267	1.06335	1.07037	1.05515	1.05355	1.06847	1.06405	1.04888	1.0494	1.05091	1.0494	1.05063	1.05906	1.02581	1.02632	1.03267	1.02783	1.02431	1.02745	0.783991	0.783628	0.792641	0	0.845223	0.785169	1.06907	1.05686	1.09245	1.05493	1.06358	1.0683	1.02787	1.02766	1.02702	1.04574	1.04375	1.04615	0.988584	0.988991	0.990722	0.996254	1.00019	0.988995	0.881671	0.883608	0.91019	0.88206	0.910972	0.969762	0.886603	0.906846	0.886977	0.910035	0.917509	0.886984	0.89524	0.900641	0.899849	0.903115	0.898835	0.897101	0.876029	0.88941	0.878006	0.877023	0.858321	0.869922	1.04288	1.05204	1.05646	1.05628	1.05602	1.04747	0.904715	0.902719	0.897153	0.897091	0.901682	0.903372	0.930442	0.908876	0.922693	0.909866	0.905755	0.940864
ERR608579	1.10221	1.10349	1.09548	1.09382	1.10499	1.10318	1.09354	1.0787	1.08122	1.07262	1.08244	1.08156	1.10221	1.10349	1.09548	1.09382	1.10499	1.10318	1.08583	1.08602	1.08784	1.08615	1.08584	1.09358	1.06621	1.0665	1.07107	1.06736	1.06369	1.06715	0.844864	0.844637	0.845613	0.845223	0	0.842899	1.10448	1.09181	1.1232	1.09134	1.09715	1.10385	1.06386	1.06392	1.06339	1.0811	1.07936	1.08109	1.03505	1.03488	1.03657	1.03849	1.04216	1.03324	0.932138	0.93278	0.956724	0.932481	0.956975	1.007	0.938432	0.955115	0.938488	0.957314	0.965136	0.938501	0.943705	0.947399	0.946359	0.948398	0.944271	0.945204	0.927182	0.932927	0.928861	0.92803	0.913237	0.92117	1.07846	1.0843	1.08825	1.08779	1.08774	1.08194	0.954115	0.952895	0.949955	0.949812	0.950872	0.953612	0.984288	0.965272	0.978678	0.966863	0.963626	0.995211
ERR608581	1.06007	1.06898	1.05189	1.05015	1.06637	1.06088	1.05873	1.03824	1.03976	1.02981	1.04114	1.04005	1.06007	1.06898	1.05189	1.05015	1.06637	1.06088	1.04731	1.04796	1.04908	1.04776	1.04927	1.05778	1.02337	1.0243	1.03091	1.02577	1.02284	1.02564	0.784648	0.784765	0.787536	0.785169	0.842899	0	1.06708	1.05552	1.09106	1.05329	1.06211	1.06627	1.02638	1.02623	1.02577	1.04387	1.04196	1.04445	0.983834	0.984282	0.98622	0.992495	0.996209	0.984943	0.880084	0.882236	0.907703	0.880798	0.909047	0.967596	0.884905	0.904747	0.885377	0.907558	0.91551	0.885353	0.893319	0.898837	0.898378	0.901944	0.898094	0.895189	0.873728	0.887993	0.87612	0.874483	0.855704	0.867645	1.04156	1.05095	1.0559	1.05531	1.05558	1.04608	0.902943	0.901051	0.894759	0.895011	0.900736	0.901518	0.92601	0.904631	0.91834	0.905548	0.901861	0.936109
ERR613633	0.978056	0.98547	0.968163	0.966387	0.983324	0.978577	0.937715	0.91667	0.916893	0.908838	0.918389	0.917676	0.978056	0.98547	0.968163	0.966387	0.983324	0.978577	0.957948	0.958501	0.95961	0.95857	0.95996	0.966837	0.945557	0.945912	0.95164	0.947387	0.945343	0.946919	1.06918	1.06819	1.07235	1.06907	1.10448	1.06708	0	0.742951	0.77465	0.740087	0.746878	0.747713	0.862045	0.862307	0.861779	0.877697	0.874804	0.87837	1.15144	1.15233	1.15358	1.15931	1.16189	1.15347	1.09736	1.09892	1.11519	1.09831	1.11561	1.15138	1.05893	1.07276	1.0585	1.07523	1.07994	1.0588	1.1045	1.10791	1.10774	1.10978	1.10687	1.10553	1.07905	1.08676	1.07984	1.07926	1.06717	1.07449	0.937751	0.948633	0.953082	0.952642	0.952847	0.941904	1.09725	1.09583	1.0925	1.09229	1.0954	1.09631	1.10765	1.09254	1.10206	1.09322	1.09119	1.11413
ERR613630	0.968936	0.972453	0.959265	0.956784	0.973148	0.970078	0.924669	0.904002	0.905459	0.896264	0.906958	0.90648	0.968936	0.972453	0.959265	0.956784	0.973148	0.970078	0.945969	0.946487	0.948462	0.946674	0.947389	0.955967	0.933355	0.933202	0.939053	0.934237	0.931229	0.934149	1.05719	1.05617	1.06028	1.05686	1.09181	1.05552	0.742951	0	0.769338	0.723212	0.731186	0.742055	0.85215	0.852901	0.851848	0.872235	0.868803	0.87195	1.14759	1.14832	1.14963	1.15482	1.15762	1.14885	1.08416	1.08543	1.10354	1.0851	1.10382	1.14188	1.04791	1.0632	1.04758	1.06534	1.0709	1.04796	1.09284	1.09594	1.09536	1.09733	1.09344	1.09361	1.0705	1.07678	1.07132	1.07082	1.0573	1.06465	0.923878	0.933137	0.938233	0.937539	0.937275	0.928577	1.08541	1.08399	1.08063	1.08115	1.08229	1.08433	1.10071	1.08443	1.09508	1.08547	1.08311	1.1085
ERR613634	1.00832	1.01186	1.00029	0.998059	1.01205	1.00913	0.964582	0.948304	0.949035	0.942155	0.950405	0.949777	1.00832	1.01186	1.00029	0.998059	1.01205	1.00913	0.986661	0.987021	0.988141	0.987175	0.987608	0.994129	0.976458	0.97648	0.981074	0.977728	0.975238	0.977312	1.09267	1.09149	1.09532	1.09245	1.1232	1.09106	0.77465	0.769338	0	0.768329	0.771868	0.774214	0.881619	0.882453	0.882115	0.895372	0.892545	0.895645	1.17298	1.17346	1.17506	1.17974	1.18216	1.1744	1.11879	1.11999	1.13547	1.11955	1.13591	1.1696	1.08171	1.09479	1.08131	1.09669	1.10138	1.08152	1.12647	1.12929	1.12873	1.13048	1.1275	1.12709	1.10107	1.1069	1.10197	1.10117	1.09033	1.0964	0.966562	0.974315	0.977799	0.977254	0.977373	0.969532	1.11953	1.1184	1.11538	1.11546	1.11711	1.11874	1.13207	1.11775	1.12679	1.1185	1.11642	1.13852
ERR613629	0.964566	0.970226	0.953905	0.951805	0.969198	0.964997	0.922793	0.900269	0.901627	0.892292	0.903107	0.902179	0.964566	0.970226	0.953905	0.951805	0.969198	0.964997	0.943096	0.943665	0.945409	0.943803	0.94479	0.95318	0.93004	0.930136	0.935893	0.931096	0.928637	0.930737	1.0552	1.05406	1.05853	1.05493	1.09134	1.05329	0.740087	0.723212	0.768329	0	0.730166	0.739391	0.850837	0.851278	0.850326	0.87037	0.866869	0.870443	1.14326	1.14404	1.14544	1.15103	1.15355	1.14454	1.08247	1.0838	1.10134	1.08325	1.10185	1.13995	1.04603	1.06141	1.04553	1.06343	1.06868	1.04603	1.0903	1.09389	1.09349	1.09575	1.09184	1.09157	1.06788	1.07507	1.06888	1.06842	1.05463	1.06259	0.921803	0.932377	0.937269	0.936736	0.936561	0.926501	1.08311	1.08131	1.07799	1.07833	1.08017	1.08213	1.09641	1.08019	1.09052	1.08126	1.0789	1.10384
ERR613631	0.976367	0.979844	0.966658	0.964677	0.980154	0.977087	0.931798	0.911708	0.91321	0.90415	0.914451	0.913732	0.976367	0.979844	0.966658	0.964677	0.980154	0.977087	0.952794	0.953537	0.955006	0.953496	0.954104	0.961708	0.94065	0.940937	0.946325	0.942016	0.93905	0.941817	1.06366	1.06239	1.06664	1.06358	1.09715	1.06211	0.746878	0.731186	0.771868	0.730166	0	0.745887	0.857757	0.858311	0.857362	0.876512	0.873	0.876437	1.15273	1.15347	1.15464	1.15997	1.16253	1.15405	1.09034	1.09156	1.10896	1.09107	1.10965	1.14658	1.05388	1.06865	1.05346	1.07055	1.07599	1.05365	1.09886	1.10194	1.10151	1.10358	1.0999	1.0998	1.07556	1.08159	1.0764	1.07588	1.06286	1.07034	0.931254	0.94038	0.944859	0.94431	0.944301	0.935605	1.09183	1.09007	1.08715	1.08701	1.08873	1.09081	1.10645	1.09079	1.10118	1.09184	1.08942	1.11438
ERR613632	0.976531	0.984143	0.966838	0.965015	0.981778	0.976913	0.937212	0.9161	0.916289	0.907849	0.917537	0.917015	0.976531	0.984143	0.966838	0.965015	0.981778	0.976913	0.956587	0.957312	0.958055	0.957484	0.958472	0.965865	0.944433	0.944952	0.950261	0.946153	0.944093	0.945803	1.06863	1.0676	1.07166	1.0683	1.10385	1.06627	0.747713	0.742055	0.774214	0.739391	0.745887	0	0.861377	0.861823	0.860883	0.877565	0.874111	0.877665	1.15077	1.15174	1.15274	1.15852	1.16111	1.15273	1.09646	1.09788	1.11389	1.09726	1.11461	1.15082	1.05839	1.07209	1.05777	1.07452	1.07952	1.05817	1.10373	1.10699	1.10656	1.10877	1.10594	1.10442	1.07819	1.08585	1.07919	1.0787	1.06621	1.07365	0.937559	0.948238	0.952643	0.952174	0.95231	0.941535	1.09634	1.09484	1.09125	1.09152	1.09425	1.09535	1.10667	1.09114	1.10087	1.0922	1.09007	1.11332
ERR613505	0.977075	0.982365	0.967217	0.964649	0.981017	0.977396	0.953218	0.931945	0.933596	0.924304	0.935081	0.934346	0.977075	0.982365	0.967217	0.964649	0.981017	0.977396	0.949292	0.949598	0.951517	0.94967	0.950227	0.958673	0.928247	0.928871	0.93458	0.929667	0.926744	0.929493	1.02799	1.02697	1.03137	1.02787	1.06386	1.02638	0.862045	0.85215	0.881619	0.850837	0.857757	0.861377	0	0.749845	0.749274	0.773775	0.770973	0.77418	1.12045	1.1209	1.12216	1.12764	1.13009	1.12135	1.05495	1.05612	1.075	1.05519	1.07536	1.11552	1.03013	1.04512	1.0294	1.04731	1.05278	1.02993	1.07067	1.074	1.07354	1.07577	1.07219	1.07201	1.03939	1.04636	1.0409	1.04015	1.02585	1.03399	0.934895	0.944495	0.948862	0.948797	0.949054	0.939467	1.0583	1.057	1.05314	1.05348	1.05592	1.05799	1.07235	1.05555	1.06655	1.05676	1.05425	1.08048
ERR613504	0.975847	0.981452	0.965836	0.96352	0.980278	0.976116	0.952965	0.931567	0.933403	0.923557	0.93459	0.934051	0.975847	0.981452	0.965836	0.96352	0.980278	0.976116	0.948546	0.949191	0.951173	0.949135	0.94999	0.958398	0.927674	0.928272	0.934069	0.929282	0.926305	0.929017	1.02803	1.02704	1.03122	1.02766	1.06392	1.02623	0.862307	0.852901	0.882453	0.851278	0.858311	0.861823	0.749845	0	0.749288	0.773377	0.770363	0.773838	1.11982	1.1201	1.12136	1.12688	1.12951	1.12088	1.05433	1.05594	1.07453	1.05487	1.07482	1.11539	1.03032	1.04522	1.02977	1.04741	1.05283	1.03012	1.07007	1.07379	1.07301	1.07527	1.07138	1.07147	1.03952	1.0466	1.04098	1.04028	1.02621	1.0342	0.934345	0.944305	0.949097	0.948689	0.94881	0.939115	1.05799	1.05641	1.05265	1.05275	1.05521	1.05722	1.07167	1.05516	1.06599	1.05621	1.05367	1.07997
ERR613503	0.975825	0.981301	0.965898	0.963576	0.980202	0.97653	0.952995	0.931614	0.933711	0.923751	0.934564	0.934022	0.975825	0.981301	0.965898	0.963576	0.980202	0.97653	0.948718	0.949425	0.951294	0.949565	0.950061	0.958503	0.927882	0.928483	0.934295	0.929267	0.926149	0.929181	1.02758	1.02666	1.03086	1.02702	1.06339	1.02577	0.861779	0.851848	0.882115	0.850326	0.857362	0.860883	0.749274	0.749288	0	0.773466	0.770266	0.773585	1.11994	1.12063	1.12176	1.12717	1.12978	1.12098	1.0538	1.0551	1.07391	1.05409	1.07426	1.11496	1.02965	1.04471	1.02906	1.04685	1.05253	1.02945	1.06987	1.07325	1.07275	1.07504	1.07099	1.0711	1.03926	1.046	1.04085	1.03994	1.02574	1.03391	0.934025	0.943863	0.948674	0.948008	0.947998	0.938662	1.05722	1.0559	1.05232	1.05256	1.05474	1.05697	1.07153	1.05481	1.06579	1.056	1.05353	1.07962
ERR613507	0.992907	1.00086	0.983217	0.981377	0.997936	0.993516	0.973997	0.952693	0.95384	0.945018	0.954811	0.954197	0.992907	1.00086	0.983217	0.981377	0.997936	0.993516	0.969117	0.969896	0.971349	0.969454	0.970977	0.97815	0.949133	0.950114	0.955856	0.951186	0.949128	0.951151	1.04605	1.04523	1.04929	1.04574	1.0811	1.04387	0.877697	0.872235	0.895372	0.87037	0.876512	0.877565	0.773775	0.773377	0.773466	0	0.784836	0.787532	1.12832	1.12884	1.13003	1.13559	1.13802	1.12971	1.07236	1.07359	1.09039	1.07283	1.09066	1.1283	1.04793	1.06119	1.04742	1.06355	1.06861	1.0477	1.08634	1.08955	1.08925	1.09135	1.0883	1.0875	1.05509	1.06322	1.05637	1.056	1.04283	1.05073	0.95686	0.967007	0.97141	0.970969	0.971189	0.961209	1.07449	1.07292	1.06933	1.0695	1.0727	1.0738	1.08373	1.06861	1.07819	1.06918	1.06702	1.09072
ERR613506	0.991488	0.99914	0.981663	0.979681	0.996191	0.991509	0.971326	0.95018	0.951546	0.942933	0.952844	0.951976	0.991488	0.99914	0.981663	0.979681	0.996191	0.991509	0.966518	0.967161	0.968561	0.967029	0.968156	0.975397	0.946757	0.947577	0.953165	0.948412	0.946132	0.94823	1.04414	1.04356	1.04739	1.04375	1.07936	1.04196	0.874804	0.868803	0.892545	0.866869	0.873	0.874111	0.770973	0.770363	0.770266	0.784836	0	0.785462	1.12785	1.12861	1.12986	1.13533	1.13781	1.12934	1.07091	1.07228	1.08929	1.07145	1.08951	1.12734	1.04603	1.05927	1.04527	1.06167	1.06656	1.04561	1.0853	1.08851	1.08821	1.09018	1.0874	1.08638	1.05316	1.06095	1.05427	1.05385	1.04093	1.04871	0.954552	0.964336	0.968792	0.968111	0.968411	0.958731	1.07345	1.07208	1.06818	1.06832	1.07139	1.07254	1.08308	1.06777	1.07742	1.06845	1.0662	1.08991
ERR613508	0.99324	1.00073	0.984031	0.981705	0.998273	0.993731	0.974561	0.953669	0.955194	0.946509	0.956042	0.955551	0.99324	1.00073	0.984031	0.981705	0.998273	0.993731	0.969679	0.970094	0.971845	0.970341	0.971507	0.97884	0.950029	0.950553	0.956308	0.951897	0.94942	0.951301	1.0465	1.04552	1.04935	1.04615	1.08109	1.04445	0.87837	0.87195	0.895645	0.870443	0.876437	0.877665	0.77418	0.773838	0.773585	0.787532	0.785462	0	1.12928	1.1299	1.13123	1.13659	1.13932	1.13063	1.07285	1.07403	1.09126	1.07331	1.09143	1.12897	1.04848	1.06206	1.04793	1.06409	1.06904	1.0483	1.08696	1.09034	1.08982	1.09237	1.08918	1.08824	1.0554	1.06282	1.05678	1.05616	1.04337	1.0508	0.957151	0.967293	0.971567	0.970869	0.97112	0.961423	1.07527	1.07384	1.07008	1.07013	1.07329	1.0746	1.08472	1.06971	1.07928	1.07055	1.06804	1.0916
