	ERR605614	ERR605616	ERR605611	ERR605613	ERR605615	ERR605612	ERR613390	ERR613393	ERR613394	ERR613392	ERR613391	ERR613389	ERR613390	ERR613393	ERR613394	ERR613392	ERR613391	ERR613389	ERR617527	ERR617525	ERR617524	ERR617523	ERR617526	ERR617528	ERR636768	ERR636766	ERR636765	ERR636763	ERR636764	ERR636767	ERR608837	ERR608839	ERR608836	ERR608838	ERR608840	ERR608835	ERR609045	ERR609050	ERR609049	ERR609047	ERR609048	ERR609046	ERR629948	ERR629951	ERR629949	ERR629950	ERR629946	ERR629947	ERR626547	ERR626548	ERR626549	ERR626551	ERR626546	ERR626550	ERR613664	ERR613662	ERR613659	ERR613661	ERR613663	ERR613660	ERR612105	ERR612101	ERR612103	ERR612104	ERR612102	ERR612106	ERR618412	ERR618414	ERR618416	ERR618415	ERR618413	ERR618411	ERR621977	ERR621974	ERR621978	ERR621975	ERR621976	ERR621973	ERR612533	ERR612531	ERR612532	ERR612534	ERR612530	ERR612529	ERR612610	ERR612607	ERR612608	ERR612612	ERR612611	ERR612609	ERR618274	ERR618277	ERR618273	ERR618278	ERR618276	ERR618275
ERR605614	0	0.253711	0.258187	0.248807	0.256472	0.250617	0.334912	0.351748	0.336402	0.35364	0.35193	0.35995	0.334912	0.351748	0.336402	0.35364	0.35193	0.35995	0.480745	0.478629	0.479036	0.467923	0.479444	0.472251	0.327837	0.325972	0.328807	0.324251	0.330305	0.32623	0.360422	0.345919	0.362823	0.345545	0.345317	0.347998	0.388142	0.322487	0.321119	0.329511	0.323593	0.323805	0.462357	0.446087	0.445652	0.445801	0.465355	0.449486	0.436242	0.432133	0.43603	0.436418	0.43455	0.435586	0.459855	0.441885	0.437738	0.433615	0.443453	0.435987	0.387445	0.386894	0.386644	0.394161	0.386004	0.411182	0.53616	0.54413	0.544805	0.543363	0.53725	0.536935	0.574484	0.577263	0.580663	0.576761	0.583911	0.577437	0.429824	0.433518	0.431934	0.431555	0.429114	0.4486	0.427583	0.435235	0.428381	0.428606	0.426027	0.424345	0.566014	0.564055	0.559397	0.561228	0.561826	0.564107
ERR605616	0.253711	0	0.259714	0.25096	0.245117	0.251318	0.344827	0.366546	0.348292	0.368863	0.359138	0.36849	0.344827	0.366546	0.348292	0.368863	0.359138	0.36849	0.493941	0.493708	0.494079	0.48046	0.492703	0.484791	0.332137	0.33024	0.331489	0.328525	0.335772	0.330528	0.366228	0.364376	0.370538	0.363988	0.363735	0.354727	0.388224	0.325867	0.324532	0.336347	0.330031	0.328325	0.46737	0.447635	0.447298	0.447241	0.470088	0.454349	0.444708	0.439878	0.445048	0.445336	0.443424	0.444301	0.467267	0.451136	0.442953	0.437527	0.453139	0.438909	0.391438	0.392125	0.392158	0.400688	0.390573	0.418344	0.544629	0.555077	0.555285	0.55396	0.546173	0.545579	0.595522	0.598483	0.602233	0.597956	0.605637	0.598654	0.440663	0.439896	0.443256	0.442948	0.440248	0.456507	0.438875	0.443958	0.439653	0.440277	0.436799	0.431301	0.577281	0.574892	0.56863	0.571773	0.573386	0.575801
ERR605611	0.258187	0.259714	0	0.252002	0.25978	0.248982	0.326587	0.341535	0.343894	0.343855	0.333703	0.339243	0.326587	0.341535	0.343894	0.343855	0.333703	0.339243	0.463388	0.466518	0.467315	0.456833	0.462863	0.458037	0.321066	0.321132	0.321285	0.324268	0.322819	0.32073	0.336591	0.346003	0.339433	0.3453	0.344273	0.328527	0.406086	0.31559	0.31532	0.315942	0.315928	0.31957	0.444855	0.434962	0.434043	0.434979	0.446988	0.437819	0.429247	0.428349	0.431266	0.431643	0.432618	0.430455	0.467277	0.439859	0.432053	0.431468	0.442102	0.43078	0.392293	0.391293	0.395631	0.409138	0.395177	0.431833	0.525619	0.530465	0.529864	0.528651	0.523926	0.520566	0.579652	0.580133	0.588379	0.579425	0.592212	0.579438	0.428383	0.423914	0.430452	0.430416	0.431637	0.434901	0.429883	0.425825	0.434577	0.431227	0.427972	0.418621	0.560384	0.55822	0.55329	0.555186	0.55477	0.556941
ERR605613	0.248807	0.25096	0.252002	0	0.252263	0.246512	0.335341	0.354428	0.341953	0.356658	0.349504	0.357273	0.335341	0.354428	0.341953	0.356658	0.349504	0.357273	0.481475	0.481295	0.481756	0.469982	0.480473	0.473666	0.324592	0.322843	0.324705	0.322081	0.326935	0.323144	0.354993	0.350637	0.357891	0.350183	0.349767	0.343623	0.391655	0.320467	0.319384	0.326164	0.321866	0.322423	0.458491	0.442499	0.442028	0.442358	0.461293	0.447183	0.435755	0.432322	0.436089	0.436524	0.435465	0.435608	0.46428	0.444336	0.437994	0.433725	0.446094	0.435553	0.387992	0.387741	0.388969	0.398659	0.387741	0.417533	0.536497	0.544683	0.544996	0.543623	0.537132	0.535963	0.583986	0.586094	0.590928	0.585575	0.594406	0.586072	0.432402	0.432326	0.434782	0.434441	0.43276	0.446828	0.431284	0.434671	0.432889	0.432486	0.429362	0.424278	0.568519	0.566436	0.561202	0.563533	0.564116	0.56663
ERR605615	0.256472	0.245117	0.25978	0.252263	0	0.251996	0.346256	0.368572	0.350954	0.371095	0.359442	0.368896	0.346256	0.368572	0.350954	0.371095	0.359442	0.368896	0.494167	0.494667	0.49505	0.481169	0.493168	0.485321	0.332987	0.331124	0.331768	0.329917	0.336508	0.331307	0.365459	0.366957	0.370143	0.366422	0.366099	0.35443	0.389479	0.326037	0.324644	0.336464	0.330433	0.328853	0.467104	0.447192	0.446991	0.446899	0.469732	0.454457	0.445739	0.441232	0.446262	0.446785	0.444979	0.445536	0.469028	0.452532	0.443505	0.438179	0.454617	0.439267	0.393256	0.394104	0.394538	0.403533	0.392737	0.42176	0.544963	0.555568	0.555628	0.554398	0.546379	0.545489	0.598611	0.601584	0.60563	0.600994	0.609101	0.601507	0.442154	0.440519	0.444946	0.444702	0.442202	0.456913	0.440799	0.44487	0.442069	0.442534	0.438726	0.432217	0.578349	0.575803	0.56927	0.572561	0.574186	0.576674
ERR605612	0.250617	0.251318	0.248982	0.246512	0.251996	0	0.332336	0.350007	0.341287	0.352334	0.344639	0.35231	0.332336	0.350007	0.341287	0.352334	0.344639	0.35231	0.477162	0.477583	0.47845	0.466488	0.476346	0.469838	0.32436	0.323104	0.324935	0.324063	0.32728	0.323138	0.350606	0.349698	0.35375	0.349272	0.348603	0.340188	0.394746	0.318339	0.317417	0.323806	0.320472	0.321573	0.454701	0.43985	0.439242	0.43973	0.45709	0.444	0.433412	0.430592	0.434389	0.434768	0.434037	0.433718	0.463081	0.441681	0.434224	0.431568	0.443599	0.43182	0.38786	0.38698	0.389212	0.399801	0.388142	0.419566	0.532734	0.540431	0.540507	0.539277	0.533023	0.531233	0.581088	0.583028	0.588525	0.582395	0.592038	0.582733	0.430271	0.429325	0.432524	0.432422	0.431199	0.443483	0.429765	0.432032	0.432209	0.431173	0.427931	0.422009	0.56557	0.563452	0.557947	0.560495	0.560924	0.563171
ERR613390	0.334912	0.344827	0.326587	0.335341	0.346256	0.332336	0	0.255189	0.27274	0.256222	0.256082	0.261377	0	0.255189	0.27274	0.256222	0.256082	0.261377	0.415399	0.417249	0.418575	0.411401	0.414643	0.411256	0.35489	0.357395	0.355442	0.363897	0.355019	0.355527	0.326423	0.325725	0.327783	0.326345	0.324685	0.320626	0.433871	0.339432	0.339706	0.336716	0.33849	0.344368	0.432628	0.429065	0.427815	0.429157	0.434042	0.426528	0.422728	0.423895	0.424345	0.42466	0.426307	0.423965	0.46248	0.430876	0.427436	0.43059	0.432552	0.42845	0.416292	0.414638	0.419253	0.431579	0.419621	0.452336	0.486796	0.486507	0.486536	0.485421	0.483189	0.479525	0.539321	0.537984	0.549348	0.537133	0.553587	0.536937	0.421629	0.420577	0.422397	0.422594	0.42605	0.42749	0.417342	0.414499	0.424404	0.418739	0.416441	0.410781	0.522462	0.520821	0.517796	0.518187	0.515874	0.51729
ERR613393	0.351748	0.366546	0.341535	0.354428	0.368572	0.350007	0.255189	0	0.280788	0.246823	0.25634	0.258162	0.255189	0	0.280788	0.246823	0.25634	0.258162	0.404514	0.407026	0.40877	0.405719	0.403938	0.40322	0.366633	0.370234	0.368827	0.378669	0.365976	0.368059	0.326763	0.324734	0.326155	0.325985	0.323786	0.323416	0.453166	0.350927	0.351539	0.343483	0.348413	0.35658	0.432392	0.435844	0.43442	0.436395	0.433551	0.429723	0.425285	0.428858	0.427253	0.427612	0.430999	0.42693	0.46991	0.433968	0.432502	0.439041	0.435613	0.435634	0.428509	0.425952	0.431889	0.444843	0.433125	0.466357	0.484653	0.478785	0.478655	0.47754	0.478758	0.4735	0.527743	0.524604	0.539043	0.523878	0.54335	0.522979	0.423991	0.423111	0.423927	0.424322	0.430523	0.425829	0.420749	0.41496	0.430478	0.422205	0.420344	0.415025	0.518784	0.517776	0.51625	0.515642	0.511392	0.51234
ERR613394	0.336402	0.348292	0.343894	0.341953	0.350954	0.341287	0.27274	0.280788	0	0.280602	0.294263	0.304867	0.27274	0.280788	0	0.280602	0.294263	0.304867	0.432124	0.423924	0.424203	0.415176	0.430002	0.421439	0.369991	0.370787	0.371273	0.372585	0.371754	0.369657	0.362196	0.3279	0.364116	0.328817	0.328912	0.350915	0.402277	0.348838	0.347557	0.357191	0.350647	0.349009	0.458566	0.442662	0.442901	0.442292	0.461249	0.442479	0.43721	0.432338	0.434794	0.434676	0.430938	0.434969	0.445075	0.430397	0.432849	0.430155	0.431403	0.432376	0.419442	0.418935	0.417077	0.419954	0.417807	0.430902	0.48992	0.496184	0.498686	0.497107	0.491451	0.494323	0.53049	0.534095	0.535897	0.533608	0.539053	0.534477	0.429157	0.438965	0.430052	0.429643	0.427002	0.45164	0.419425	0.434303	0.419822	0.420068	0.419026	0.424561	0.516325	0.515095	0.511989	0.513092	0.512743	0.514349
ERR613392	0.35364	0.368863	0.343855	0.356658	0.371095	0.352334	0.256222	0.246823	0.280602	0	0.257335	0.259117	0.256222	0.246823	0.280602	0	0.257335	0.259117	0.403926	0.406052	0.407723	0.404878	0.4031	0.402727	0.368269	0.371861	0.370519	0.380191	0.367501	0.369666	0.327889	0.324181	0.32704	0.32527	0.323307	0.324145	0.453686	0.352352	0.3529	0.345094	0.349508	0.357865	0.4334	0.437219	0.435575	0.437559	0.43455	0.430608	0.42593	0.429424	0.427749	0.428176	0.431556	0.427521	0.470456	0.434403	0.433274	0.439901	0.435998	0.436639	0.429715	0.427102	0.432967	0.445607	0.43426	0.466864	0.484445	0.478376	0.478371	0.47715	0.478614	0.47354	0.526384	0.523259	0.537604	0.522573	0.542022	0.521658	0.424284	0.4238	0.424172	0.424667	0.43064	0.426425	0.420995	0.415397	0.430522	0.422308	0.420789	0.415588	0.518374	0.517446	0.516094	0.515385	0.511108	0.512014
ERR613391	0.35193	0.359138	0.333703	0.349504	0.359442	0.344639	0.256082	0.25634	0.294263	0.257335	0	0.248801	0.256082	0.25634	0.294263	0.257335	0	0.248801	0.409666	0.417712	0.419137	0.413686	0.409799	0.40926	0.361429	0.365097	0.361332	0.374067	0.36076	0.362986	0.316485	0.33836	0.317873	0.339187	0.336486	0.315339	0.456149	0.347343	0.348245	0.33886	0.345673	0.353552	0.425491	0.429241	0.427692	0.429913	0.426082	0.425967	0.425805	0.430033	0.429337	0.430013	0.434323	0.428547	0.478313	0.439016	0.432596	0.439003	0.44124	0.434297	0.427304	0.425838	0.433258	0.449961	0.433818	0.474461	0.488361	0.483551	0.482105	0.481523	0.481305	0.474109	0.549508	0.545948	0.562045	0.545197	0.566774	0.543999	0.42697	0.418852	0.427894	0.428482	0.435551	0.42174	0.426698	0.413184	0.437716	0.428578	0.425526	0.412968	0.528047	0.526104	0.523304	0.523267	0.519953	0.521546
ERR613389	0.35995	0.36849	0.339243	0.357273	0.368896	0.35231	0.261377	0.258162	0.304867	0.259117	0.248801	0	0.261377	0.258162	0.304867	0.259117	0.248801	0	0.405157	0.415305	0.416995	0.41318	0.405333	0.407012	0.364632	0.368894	0.365057	0.378908	0.363255	0.366599	0.313154	0.339967	0.313493	0.340811	0.337858	0.313929	0.466104	0.35235	0.353711	0.340036	0.34899	0.358926	0.422486	0.430781	0.428885	0.431634	0.422805	0.426317	0.425653	0.431798	0.429958	0.430656	0.436449	0.42931	0.484266	0.441851	0.435592	0.443162	0.444048	0.43809	0.432404	0.430463	0.43893	0.456814	0.439993	0.482638	0.488379	0.48069	0.478749	0.478159	0.479562	0.471051	0.54924	0.544539	0.562776	0.543784	0.567459	0.541997	0.42867	0.41912	0.429271	0.430058	0.438537	0.418809	0.42942	0.411916	0.441734	0.431393	0.42838	0.414589	0.528489	0.526781	0.524633	0.523807	0.519661	0.521363
ERR613390	0.334912	0.344827	0.326587	0.335341	0.346256	0.332336	0	0.255189	0.27274	0.256222	0.256082	0.261377	0	0.255189	0.27274	0.256222	0.256082	0.261377	0.415399	0.417249	0.418575	0.411401	0.414643	0.411256	0.35489	0.357395	0.355442	0.363897	0.355019	0.355527	0.326423	0.325725	0.327783	0.326345	0.324685	0.320626	0.433871	0.339432	0.339706	0.336716	0.33849	0.344368	0.432628	0.429065	0.427815	0.429157	0.434042	0.426528	0.422728	0.423895	0.424345	0.42466	0.426307	0.423965	0.46248	0.430876	0.427436	0.43059	0.432552	0.42845	0.416292	0.414638	0.419253	0.431579	0.419621	0.452336	0.486796	0.486507	0.486536	0.485421	0.483189	0.479525	0.539321	0.537984	0.549348	0.537133	0.553587	0.536937	0.421629	0.420577	0.422397	0.422594	0.42605	0.42749	0.417342	0.414499	0.424404	0.418739	0.416441	0.410781	0.522462	0.520821	0.517796	0.518187	0.515874	0.51729
ERR613393	0.351748	0.366546	0.341535	0.354428	0.368572	0.350007	0.255189	0	0.280788	0.246823	0.25634	0.258162	0.255189	0	0.280788	0.246823	0.25634	0.258162	0.404514	0.407026	0.40877	0.405719	0.403938	0.40322	0.366633	0.370234	0.368827	0.378669	0.365976	0.368059	0.326763	0.324734	0.326155	0.325985	0.323786	0.323416	0.453166	0.350927	0.351539	0.343483	0.348413	0.35658	0.432392	0.435844	0.43442	0.436395	0.433551	0.429723	0.425285	0.428858	0.427253	0.427612	0.430999	0.42693	0.46991	0.433968	0.432502	0.439041	0.435613	0.435634	0.428509	0.425952	0.431889	0.444843	0.433125	0.466357	0.484653	0.478785	0.478655	0.47754	0.478758	0.4735	0.527743	0.524604	0.539043	0.523878	0.54335	0.522979	0.423991	0.423111	0.423927	0.424322	0.430523	0.425829	0.420749	0.41496	0.430478	0.422205	0.420344	0.415025	0.518784	0.517776	0.51625	0.515642	0.511392	0.51234
ERR613394	0.336402	0.348292	0.343894	0.341953	0.350954	0.341287	0.27274	0.280788	0	0.280602	0.294263	0.304867	0.27274	0.280788	0	0.280602	0.294263	0.304867	0.432124	0.423924	0.424203	0.415176	0.430002	0.421439	0.369991	0.370787	0.371273	0.372585	0.371754	0.369657	0.362196	0.3279	0.364116	0.328817	0.328912	0.350915	0.402277	0.348838	0.347557	0.357191	0.350647	0.349009	0.458566	0.442662	0.442901	0.442292	0.461249	0.442479	0.43721	0.432338	0.434794	0.434676	0.430938	0.434969	0.445075	0.430397	0.432849	0.430155	0.431403	0.432376	0.419442	0.418935	0.417077	0.419954	0.417807	0.430902	0.48992	0.496184	0.498686	0.497107	0.491451	0.494323	0.53049	0.534095	0.535897	0.533608	0.539053	0.534477	0.429157	0.438965	0.430052	0.429643	0.427002	0.45164	0.419425	0.434303	0.419822	0.420068	0.419026	0.424561	0.516325	0.515095	0.511989	0.513092	0.512743	0.514349
ERR613392	0.35364	0.368863	0.343855	0.356658	0.371095	0.352334	0.256222	0.246823	0.280602	0	0.257335	0.259117	0.256222	0.246823	0.280602	0	0.257335	0.259117	0.403926	0.406052	0.407723	0.404878	0.4031	0.402727	0.368269	0.371861	0.370519	0.380191	0.367501	0.369666	0.327889	0.324181	0.32704	0.32527	0.323307	0.324145	0.453686	0.352352	0.3529	0.345094	0.349508	0.357865	0.4334	0.437219	0.435575	0.437559	0.43455	0.430608	0.42593	0.429424	0.427749	0.428176	0.431556	0.427521	0.470456	0.434403	0.433274	0.439901	0.435998	0.436639	0.429715	0.427102	0.432967	0.445607	0.43426	0.466864	0.484445	0.478376	0.478371	0.47715	0.478614	0.47354	0.526384	0.523259	0.537604	0.522573	0.542022	0.521658	0.424284	0.4238	0.424172	0.424667	0.43064	0.426425	0.420995	0.415397	0.430522	0.422308	0.420789	0.415588	0.518374	0.517446	0.516094	0.515385	0.511108	0.512014
ERR613391	0.35193	0.359138	0.333703	0.349504	0.359442	0.344639	0.256082	0.25634	0.294263	0.257335	0	0.248801	0.256082	0.25634	0.294263	0.257335	0	0.248801	0.409666	0.417712	0.419137	0.413686	0.409799	0.40926	0.361429	0.365097	0.361332	0.374067	0.36076	0.362986	0.316485	0.33836	0.317873	0.339187	0.336486	0.315339	0.456149	0.347343	0.348245	0.33886	0.345673	0.353552	0.425491	0.429241	0.427692	0.429913	0.426082	0.425967	0.425805	0.430033	0.429337	0.430013	0.434323	0.428547	0.478313	0.439016	0.432596	0.439003	0.44124	0.434297	0.427304	0.425838	0.433258	0.449961	0.433818	0.474461	0.488361	0.483551	0.482105	0.481523	0.481305	0.474109	0.549508	0.545948	0.562045	0.545197	0.566774	0.543999	0.42697	0.418852	0.427894	0.428482	0.435551	0.42174	0.426698	0.413184	0.437716	0.428578	0.425526	0.412968	0.528047	0.526104	0.523304	0.523267	0.519953	0.521546
ERR613389	0.35995	0.36849	0.339243	0.357273	0.368896	0.35231	0.261377	0.258162	0.304867	0.259117	0.248801	0	0.261377	0.258162	0.304867	0.259117	0.248801	0	0.405157	0.415305	0.416995	0.41318	0.405333	0.407012	0.364632	0.368894	0.365057	0.378908	0.363255	0.366599	0.313154	0.339967	0.313493	0.340811	0.337858	0.313929	0.466104	0.35235	0.353711	0.340036	0.34899	0.358926	0.422486	0.430781	0.428885	0.431634	0.422805	0.426317	0.425653	0.431798	0.429958	0.430656	0.436449	0.42931	0.484266	0.441851	0.435592	0.443162	0.444048	0.43809	0.432404	0.430463	0.43893	0.456814	0.439993	0.482638	0.488379	0.48069	0.478749	0.478159	0.479562	0.471051	0.54924	0.544539	0.562776	0.543784	0.567459	0.541997	0.42867	0.41912	0.429271	0.430058	0.438537	0.418809	0.42942	0.411916	0.441734	0.431393	0.42838	0.414589	0.528489	0.526781	0.524633	0.523807	0.519661	0.521363
ERR617527	0.480745	0.493941	0.463388	0.481475	0.494167	0.477162	0.415399	0.404514	0.432124	0.403926	0.409666	0.405157	0.415399	0.404514	0.432124	0.403926	0.409666	0.405157	0	0.280624	0.280385	0.28683	0.268764	0.274724	0.42631	0.432036	0.426751	0.44413	0.422673	0.429688	0.390478	0.395436	0.387584	0.395339	0.393669	0.393471	0.499388	0.416922	0.418505	0.404101	0.41062	0.418877	0.504829	0.517102	0.515932	0.51737	0.504665	0.510149	0.517784	0.524232	0.520354	0.520389	0.526106	0.521129	0.56719	0.535056	0.536326	0.542778	0.535933	0.540611	0.557352	0.555516	0.561194	0.573018	0.564159	0.589102	0.526534	0.513011	0.511813	0.51177	0.515957	0.510361	0.581268	0.577452	0.592313	0.576287	0.595249	0.574932	0.535811	0.530517	0.53443	0.535229	0.543538	0.523652	0.53989	0.525994	0.550184	0.541256	0.540652	0.533588	0.558817	0.557115	0.559109	0.554519	0.549454	0.550667
ERR617525	0.478629	0.493708	0.466518	0.481295	0.494667	0.477583	0.417249	0.407026	0.423924	0.406052	0.417712	0.415305	0.417249	0.407026	0.423924	0.406052	0.417712	0.415305	0.280624	0	0.274352	0.27799	0.278758	0.276785	0.429922	0.434749	0.430742	0.445027	0.426981	0.432685	0.405093	0.391808	0.402849	0.391187	0.390627	0.40493	0.482875	0.417204	0.418491	0.409613	0.412157	0.418129	0.512686	0.519241	0.518648	0.519366	0.51319	0.512383	0.518664	0.522312	0.51935	0.519125	0.522421	0.520343	0.554336	0.529515	0.534089	0.538661	0.529849	0.538402	0.556121	0.554148	0.558117	0.566865	0.561077	0.57928	0.518077	0.508686	0.509298	0.508892	0.511437	0.509854	0.56958	0.568572	0.577461	0.56737	0.580137	0.567181	0.5349	0.534373	0.533405	0.533964	0.539838	0.530642	0.536303	0.529814	0.544113	0.537361	0.537634	0.535194	0.545068	0.543699	0.545917	0.541647	0.537496	0.537955
ERR617524	0.479036	0.494079	0.467315	0.481756	0.49505	0.47845	0.418575	0.40877	0.424203	0.407723	0.419137	0.416995	0.418575	0.40877	0.424203	0.407723	0.419137	0.416995	0.280385	0.274352	0	0.278121	0.27857	0.276454	0.430073	0.434986	0.431019	0.4449	0.42715	0.433104	0.406037	0.391682	0.403575	0.391337	0.390748	0.405514	0.481376	0.417468	0.418628	0.410123	0.412344	0.417769	0.51418	0.520257	0.519738	0.520269	0.514631	0.513513	0.51944	0.523381	0.520012	0.52002	0.522838	0.521117	0.554811	0.530296	0.535065	0.539262	0.530589	0.539329	0.556795	0.554967	0.558673	0.567194	0.561692	0.579293	0.51871	0.509433	0.510163	0.509635	0.511978	0.510674	0.570595	0.569676	0.578392	0.568679	0.580961	0.568466	0.535935	0.535655	0.534419	0.534974	0.540728	0.531756	0.537384	0.531128	0.54484	0.538409	0.538498	0.536344	0.545294	0.543781	0.546185	0.541903	0.537458	0.538418
ERR617523	0.467923	0.48046	0.456833	0.469982	0.481169	0.466488	0.411401	0.405719	0.415176	0.404878	0.413686	0.41318	0.411401	0.405719	0.415176	0.404878	0.413686	0.41318	0.28683	0.27799	0.278121	0	0.285	0.278742	0.420355	0.424348	0.42042	0.433891	0.418132	0.42273	0.402573	0.388906	0.401661	0.388335	0.388124	0.401128	0.464946	0.406579	0.407234	0.40219	0.402789	0.406448	0.510059	0.512205	0.511917	0.512115	0.510817	0.507505	0.515121	0.517346	0.515464	0.515235	0.517255	0.516237	0.546484	0.524393	0.527818	0.530856	0.524706	0.531149	0.547782	0.546403	0.549733	0.557582	0.552442	0.569341	0.514802	0.509078	0.510046	0.509537	0.509726	0.509375	0.574681	0.57538	0.581859	0.574163	0.58445	0.574389	0.531298	0.530856	0.53024	0.530741	0.535281	0.529567	0.532374	0.527878	0.538802	0.533265	0.533278	0.530832	0.542774	0.540886	0.541869	0.538675	0.535561	0.536583
ERR617526	0.479444	0.492703	0.462863	0.480473	0.493168	0.476346	0.414643	0.403938	0.430002	0.4031	0.409799	0.405333	0.414643	0.403938	0.430002	0.4031	0.409799	0.405333	0.268764	0.278758	0.27857	0.285	0	0.273395	0.425838	0.431342	0.426335	0.443283	0.422356	0.429131	0.391405	0.394035	0.388673	0.393739	0.392499	0.393982	0.496497	0.415777	0.417396	0.403853	0.409695	0.417825	0.505303	0.516677	0.515686	0.517027	0.505163	0.50981	0.517231	0.523433	0.519465	0.519601	0.524834	0.520289	0.565265	0.533935	0.535534	0.541964	0.534681	0.539959	0.556579	0.554764	0.560164	0.571588	0.563098	0.587237	0.525131	0.511984	0.510937	0.510845	0.515055	0.509709	0.579845	0.576352	0.590463	0.575218	0.593426	0.573982	0.535489	0.530826	0.533971	0.534768	0.542676	0.524406	0.538971	0.526003	0.548921	0.54021	0.539659	0.533439	0.55681	0.555155	0.55712	0.552665	0.547668	0.548755
ERR617528	0.472251	0.484791	0.458037	0.473666	0.485321	0.469838	0.411256	0.40322	0.421439	0.402727	0.40926	0.407012	0.411256	0.40322	0.421439	0.402727	0.40926	0.407012	0.274724	0.276785	0.276454	0.278742	0.273395	0	0.420748	0.425645	0.420801	0.436479	0.417997	0.423721	0.394461	0.390754	0.392909	0.390394	0.389393	0.395014	0.479617	0.408601	0.410028	0.400469	0.403847	0.409695	0.506648	0.513229	0.512535	0.513378	0.506894	0.50772	0.515556	0.51981	0.517125	0.517095	0.520767	0.517965	0.556042	0.528745	0.530714	0.535623	0.529366	0.534455	0.551362	0.550028	0.55427	0.564299	0.557053	0.578426	0.519817	0.510397	0.510204	0.509958	0.511846	0.508881	0.579669	0.578372	0.588607	0.577138	0.591515	0.576647	0.532982	0.529799	0.531867	0.53239	0.538958	0.526129	0.535698	0.526477	0.544027	0.536738	0.53645	0.531477	0.550513	0.548617	0.550124	0.545985	0.542233	0.54336
ERR636768	0.327837	0.332137	0.321066	0.324592	0.332987	0.32436	0.35489	0.366633	0.369991	0.368269	0.361429	0.364632	0.35489	0.366633	0.369991	0.368269	0.361429	0.364632	0.42631	0.429922	0.430073	0.420355	0.425838	0.420748	0	0.232585	0.235198	0.236574	0.23434	0.232355	0.336867	0.34331	0.338773	0.342645	0.341508	0.326879	0.395134	0.302401	0.303113	0.299953	0.299822	0.304045	0.454934	0.448292	0.447901	0.449062	0.456615	0.450846	0.443307	0.444522	0.446433	0.446929	0.449677	0.446009	0.517108	0.485818	0.478276	0.479136	0.487855	0.478396	0.427577	0.427234	0.431401	0.44652	0.432409	0.470502	0.546602	0.546898	0.546062	0.544906	0.541901	0.537697	0.606751	0.606344	0.615504	0.605692	0.618975	0.605421	0.468467	0.462011	0.470078	0.470374	0.474122	0.468982	0.474479	0.4665	0.481192	0.476373	0.473149	0.462741	0.582135	0.580028	0.576475	0.576281	0.575184	0.578066
ERR636766	0.325972	0.33024	0.321132	0.322843	0.331124	0.323104	0.357395	0.370234	0.370787	0.371861	0.365097	0.368894	0.357395	0.370234	0.370787	0.371861	0.365097	0.368894	0.432036	0.434749	0.434986	0.424348	0.431342	0.425645	0.232585	0	0.235306	0.234762	0.235144	0.232393	0.341298	0.345374	0.34343	0.344484	0.343651	0.330455	0.39195	0.303359	0.304091	0.302554	0.301382	0.304796	0.458031	0.449728	0.449366	0.450502	0.459716	0.452831	0.444894	0.445531	0.447916	0.44811	0.450644	0.447208	0.517289	0.487083	0.479628	0.479752	0.489227	0.479454	0.427034	0.426643	0.430516	0.444975	0.43131	0.468683	0.549737	0.550781	0.550136	0.549069	0.545513	0.541736	0.60923	0.609265	0.617728	0.608649	0.621156	0.60837	0.469664	0.464024	0.471587	0.47175	0.474906	0.471678	0.475663	0.468984	0.482046	0.477482	0.474421	0.464404	0.584845	0.582707	0.579037	0.579016	0.578113	0.581013
ERR636765	0.328807	0.331489	0.321285	0.324705	0.331768	0.324935	0.355442	0.368827	0.371273	0.370519	0.361332	0.365057	0.355442	0.368827	0.371273	0.370519	0.361332	0.365057	0.426751	0.430742	0.431019	0.42042	0.426335	0.420801	0.235198	0.235306	0	0.237007	0.234356	0.23519	0.336473	0.346771	0.33904	0.345957	0.344857	0.32675	0.394047	0.302456	0.303036	0.299988	0.300007	0.303721	0.454626	0.446791	0.44638	0.447723	0.456227	0.450331	0.444019	0.444886	0.447383	0.447699	0.450448	0.446819	0.517284	0.486007	0.478139	0.478178	0.488211	0.477791	0.429016	0.429082	0.433181	0.448517	0.433762	0.472633	0.545665	0.546642	0.545683	0.544513	0.54094	0.536957	0.611387	0.611216	0.6201	0.610386	0.623682	0.610129	0.469794	0.462317	0.471575	0.471813	0.475457	0.469708	0.47597	0.467341	0.482457	0.477789	0.474534	0.463013	0.582277	0.579789	0.576075	0.575975	0.575228	0.578145
ERR636763	0.324251	0.328525	0.324268	0.322081	0.329917	0.324063	0.363897	0.378669	0.372585	0.380191	0.374067	0.378908	0.363897	0.378669	0.372585	0.380191	0.374067	0.378908	0.44413	0.445027	0.4449	0.433891	0.443283	0.436479	0.236574	0.234762	0.237007	0	0.237239	0.235648	0.351097	0.349212	0.353313	0.34834	0.347933	0.338329	0.383907	0.305807	0.306176	0.307415	0.303932	0.305031	0.464352	0.453117	0.453189	0.453834	0.466524	0.456984	0.447497	0.446913	0.449885	0.450239	0.451344	0.44938	0.51728	0.489848	0.483392	0.481918	0.49195	0.482759	0.424594	0.424865	0.42694	0.440508	0.427652	0.463013	0.555473	0.55809	0.55783	0.556599	0.552209	0.54985	0.613051	0.613797	0.62067	0.613252	0.623899	0.613234	0.472212	0.467893	0.4742	0.474266	0.476293	0.477225	0.477364	0.473272	0.482354	0.47909	0.476031	0.467234	0.589169	0.587117	0.583351	0.583334	0.582826	0.586072
ERR636764	0.330305	0.335772	0.322819	0.326935	0.336508	0.32728	0.355019	0.365976	0.371754	0.367501	0.36076	0.363255	0.355019	0.365976	0.371754	0.367501	0.36076	0.363255	0.422673	0.426981	0.42715	0.418132	0.422356	0.417997	0.23434	0.235144	0.234356	0.237239	0	0.234737	0.334274	0.342131	0.335661	0.341363	0.340233	0.324525	0.398484	0.303752	0.30458	0.299176	0.300104	0.305056	0.453257	0.447959	0.447523	0.448939	0.454912	0.449993	0.441827	0.443922	0.445438	0.445858	0.449129	0.445106	0.518111	0.485624	0.478666	0.479531	0.48788	0.479084	0.429069	0.428579	0.43309	0.44877	0.433953	0.473287	0.545216	0.544618	0.543622	0.542457	0.540036	0.535436	0.60606	0.605182	0.615097	0.604508	0.61858	0.604127	0.468173	0.461338	0.469765	0.469909	0.474091	0.467403	0.474772	0.465428	0.481504	0.476419	0.473406	0.462456	0.581096	0.578937	0.575831	0.575252	0.573777	0.576717
ERR636767	0.32623	0.330528	0.32073	0.323144	0.331307	0.323138	0.355527	0.368059	0.369657	0.369666	0.362986	0.366599	0.355527	0.368059	0.369657	0.369666	0.362986	0.366599	0.429688	0.432685	0.433104	0.42273	0.429131	0.423721	0.232355	0.232393	0.23519	0.235648	0.234737	0	0.339021	0.344003	0.341057	0.343286	0.3424	0.328458	0.393107	0.302669	0.303225	0.301256	0.300407	0.304236	0.456428	0.448815	0.448316	0.449591	0.458191	0.451545	0.44338	0.444355	0.446488	0.446906	0.449449	0.445875	0.516455	0.485905	0.478469	0.478832	0.488042	0.478374	0.426252	0.426008	0.429914	0.444763	0.430708	0.468621	0.547811	0.54868	0.547965	0.546761	0.543557	0.539622	0.607331	0.607212	0.615812	0.606543	0.619328	0.606215	0.468655	0.462561	0.47026	0.470572	0.474004	0.470184	0.474399	0.467191	0.480748	0.476217	0.473109	0.462958	0.583169	0.581025	0.577268	0.577258	0.576279	0.579177
ERR608837	0.360422	0.366228	0.336591	0.354993	0.365459	0.350606	0.326423	0.326763	0.362196	0.327889	0.316485	0.313154	0.326423	0.326763	0.362196	0.327889	0.316485	0.313154	0.390478	0.405093	0.406037	0.402573	0.391405	0.394461	0.336867	0.341298	0.336473	0.351097	0.334274	0.339021	0	0.290569	0.242567	0.290676	0.287579	0.244071	0.446182	0.321513	0.323538	0.304652	0.315141	0.327518	0.407073	0.415685	0.41403	0.416946	0.407296	0.413093	0.409517	0.416672	0.415228	0.415667	0.423084	0.414498	0.490284	0.447101	0.439451	0.445855	0.449491	0.441656	0.421352	0.420355	0.428961	0.449316	0.430712	0.477209	0.486551	0.477701	0.474794	0.474454	0.475915	0.467047	0.554463	0.549928	0.568242	0.549023	0.572724	0.547129	0.433171	0.42103	0.433606	0.434478	0.443908	0.419241	0.44039	0.420228	0.45305	0.442149	0.439334	0.423537	0.527068	0.524494	0.523057	0.521016	0.516991	0.519556
ERR608839	0.345919	0.364376	0.346003	0.350637	0.366957	0.349698	0.325725	0.324734	0.3279	0.324181	0.33836	0.339967	0.325725	0.324734	0.3279	0.324181	0.33836	0.339967	0.395436	0.391808	0.391682	0.388906	0.394035	0.390754	0.34331	0.345374	0.346771	0.349212	0.342131	0.344003	0.290569	0	0.288613	0.250855	0.250624	0.27923	0.403929	0.3199	0.319968	0.316194	0.314012	0.319659	0.432873	0.427887	0.427305	0.427907	0.43504	0.422928	0.410485	0.411127	0.40979	0.409874	0.410729	0.410688	0.458243	0.43327	0.436998	0.43821	0.43419	0.43989	0.412987	0.410924	0.412721	0.42084	0.415113	0.437202	0.478215	0.475792	0.47692	0.47577	0.475029	0.475076	0.512928	0.51306	0.520399	0.512504	0.523407	0.512743	0.427093	0.433517	0.426999	0.426911	0.429366	0.438091	0.426503	0.430411	0.431346	0.426885	0.426939	0.428819	0.503694	0.502745	0.502755	0.500452	0.497234	0.499302
ERR608836	0.362823	0.370538	0.339433	0.357891	0.370143	0.35375	0.327783	0.326155	0.364116	0.32704	0.317873	0.313493	0.327783	0.326155	0.364116	0.32704	0.317873	0.313493	0.387584	0.402849	0.403575	0.401661	0.388673	0.392909	0.338773	0.34343	0.33904	0.353313	0.335661	0.341057	0.242567	0.288613	0	0.288952	0.285363	0.245164	0.450225	0.324747	0.326626	0.306249	0.317419	0.33026	0.408094	0.418799	0.416904	0.419885	0.408221	0.414933	0.409684	0.417913	0.415621	0.416155	0.424008	0.415069	0.492004	0.448355	0.441464	0.448374	0.450575	0.444156	0.42384	0.422188	0.431149	0.451424	0.433059	0.47934	0.487582	0.477355	0.474467	0.474188	0.476562	0.467248	0.550881	0.545417	0.564861	0.544734	0.569277	0.542662	0.433601	0.422104	0.434017	0.434841	0.444467	0.418994	0.441188	0.420255	0.454045	0.442887	0.440186	0.424982	0.527232	0.525075	0.524147	0.521584	0.51712	0.519725
ERR608838	0.345545	0.363988	0.3453	0.350183	0.366422	0.349272	0.326345	0.325985	0.328817	0.32527	0.339187	0.340811	0.326345	0.325985	0.328817	0.32527	0.339187	0.340811	0.395339	0.391187	0.391337	0.388335	0.393739	0.390394	0.342645	0.344484	0.345957	0.34834	0.341363	0.343286	0.290676	0.250855	0.288952	0	0.251153	0.279652	0.401872	0.319598	0.319475	0.315923	0.313647	0.319148	0.433732	0.428529	0.428001	0.428547	0.436059	0.423758	0.411449	0.411824	0.410691	0.410943	0.41118	0.411534	0.458104	0.433764	0.4376	0.438546	0.434623	0.440425	0.41314	0.411316	0.412911	0.420727	0.415364	0.43686	0.478616	0.476332	0.477583	0.476288	0.475607	0.475747	0.513548	0.514274	0.521044	0.513658	0.524039	0.513801	0.427773	0.433936	0.42773	0.427518	0.429868	0.438646	0.427318	0.431489	0.432163	0.427797	0.427761	0.429586	0.503902	0.502827	0.503004	0.50079	0.497516	0.499612
ERR608840	0.345317	0.363735	0.344273	0.349767	0.366099	0.348603	0.324685	0.323786	0.328912	0.323307	0.336486	0.337858	0.324685	0.323786	0.328912	0.323307	0.336486	0.337858	0.393669	0.390627	0.390748	0.388124	0.392499	0.389393	0.341508	0.343651	0.344857	0.347933	0.340233	0.3424	0.287579	0.250624	0.285363	0.251153	0	0.276807	0.405075	0.318718	0.318844	0.314318	0.312833	0.319105	0.430962	0.426761	0.426233	0.426874	0.433262	0.421943	0.409735	0.410429	0.40937	0.409394	0.410414	0.410326	0.458468	0.432481	0.435941	0.437303	0.433515	0.438766	0.412459	0.410508	0.412506	0.421375	0.415034	0.438377	0.477713	0.474758	0.475731	0.474652	0.474062	0.473863	0.513556	0.513678	0.521601	0.513004	0.524513	0.513007	0.426481	0.431989	0.426297	0.426306	0.428997	0.436146	0.426412	0.429186	0.4319	0.427019	0.426731	0.427759	0.503696	0.502561	0.50277	0.50044	0.497144	0.499184
ERR608835	0.347998	0.354727	0.328527	0.343623	0.35443	0.340188	0.320626	0.323416	0.350915	0.324145	0.315339	0.313929	0.320626	0.323416	0.350915	0.324145	0.315339	0.313929	0.393471	0.40493	0.405514	0.401128	0.393982	0.395014	0.326879	0.330455	0.32675	0.338329	0.324525	0.328458	0.244071	0.27923	0.245164	0.279652	0.276807	0	0.430546	0.311578	0.313199	0.297714	0.305485	0.315922	0.408991	0.413057	0.411836	0.414039	0.409674	0.411257	0.406102	0.411644	0.41086	0.411329	0.417145	0.41029	0.482764	0.442902	0.436264	0.441062	0.444992	0.437931	0.412228	0.41134	0.418505	0.437404	0.420349	0.464214	0.486764	0.480099	0.478209	0.477572	0.477697	0.470807	0.551668	0.548215	0.564333	0.547395	0.568427	0.545953	0.428994	0.41962	0.429875	0.43041	0.438373	0.420264	0.435574	0.41946	0.446569	0.437219	0.43437	0.420926	0.525536	0.523149	0.521595	0.519659	0.516202	0.51902
ERR609045	0.388142	0.388224	0.406086	0.391655	0.389479	0.394746	0.433871	0.453166	0.402277	0.453686	0.456149	0.466104	0.433871	0.453166	0.402277	0.453686	0.456149	0.466104	0.499388	0.482875	0.481376	0.464946	0.496497	0.479617	0.395134	0.39195	0.394047	0.383907	0.398484	0.393107	0.446182	0.403929	0.450225	0.401872	0.405075	0.430546	0	0.347066	0.344174	0.372483	0.353896	0.336662	0.515001	0.479112	0.482119	0.478235	0.51854	0.487924	0.486401	0.473243	0.480879	0.480088	0.469443	0.481444	0.471529	0.488992	0.492991	0.47871	0.488657	0.488216	0.457734	0.460188	0.450965	0.443296	0.450956	0.437323	0.528606	0.549397	0.554279	0.552699	0.538613	0.550492	0.602409	0.614361	0.599914	0.613723	0.600545	0.617128	0.498273	0.510609	0.500211	0.499201	0.488163	0.52961	0.493893	0.518006	0.484039	0.493841	0.492847	0.502406	0.544122	0.541436	0.536633	0.53911	0.544582	0.547869
ERR609050	0.322487	0.325867	0.31559	0.320467	0.326037	0.318339	0.339432	0.350927	0.348838	0.352352	0.347343	0.35235	0.339432	0.350927	0.348838	0.352352	0.347343	0.35235	0.416922	0.417204	0.417468	0.406579	0.415777	0.408601	0.302401	0.303359	0.302456	0.305807	0.303752	0.302669	0.321513	0.3199	0.324747	0.319598	0.318718	0.311578	0.347066	0	0.245686	0.251066	0.247158	0.249067	0.41957	0.405337	0.405567	0.405456	0.421632	0.408189	0.406157	0.404526	0.407567	0.40733	0.407394	0.406973	0.464293	0.438296	0.432934	0.431777	0.439903	0.431633	0.399707	0.399302	0.401502	0.413403	0.402302	0.43417	0.486421	0.491099	0.491479	0.490407	0.484402	0.483453	0.563154	0.564948	0.571013	0.563953	0.574563	0.564394	0.430792	0.428582	0.432237	0.432461	0.433996	0.439249	0.43498	0.434117	0.43986	0.436678	0.433831	0.427301	0.521429	0.519004	0.514846	0.515334	0.515243	0.517836
ERR609049	0.321119	0.324532	0.31532	0.319384	0.324644	0.317417	0.339706	0.351539	0.347557	0.3529	0.348245	0.353711	0.339706	0.351539	0.347557	0.3529	0.348245	0.353711	0.418505	0.418491	0.418628	0.407234	0.417396	0.410028	0.303113	0.304091	0.303036	0.306176	0.30458	0.303225	0.323538	0.319968	0.326626	0.319475	0.318844	0.313199	0.344174	0.245686	0	0.252667	0.247754	0.248766	0.42047	0.405122	0.405543	0.405332	0.422624	0.408114	0.406021	0.404111	0.407266	0.407123	0.406655	0.406869	0.462015	0.437156	0.431842	0.430382	0.438842	0.430441	0.398359	0.398108	0.400151	0.411357	0.400963	0.431617	0.485982	0.491101	0.491682	0.490727	0.484442	0.483905	0.562767	0.564626	0.570562	0.563788	0.573939	0.564453	0.430352	0.428714	0.431735	0.431942	0.433128	0.439751	0.433953	0.434233	0.4384	0.435661	0.43293	0.426883	0.520412	0.518217	0.514017	0.514631	0.514715	0.517213
ERR609047	0.329511	0.336347	0.315942	0.326164	0.336464	0.323806	0.336716	0.343483	0.357191	0.345094	0.33886	0.340036	0.336716	0.343483	0.357191	0.345094	0.33886	0.340036	0.404101	0.409613	0.410123	0.40219	0.403853	0.400469	0.299953	0.302554	0.299988	0.307415	0.299176	0.301256	0.304652	0.316194	0.306249	0.315923	0.314318	0.297714	0.372483	0.251066	0.252667	0	0.246984	0.254127	0.409626	0.40461	0.404257	0.405319	0.411046	0.404731	0.40161	0.40391	0.405004	0.405099	0.408086	0.404356	0.474822	0.44069	0.434913	0.436713	0.442518	0.435544	0.404156	0.403062	0.408119	0.424037	0.409296	0.448494	0.485946	0.485139	0.484297	0.483517	0.480544	0.476545	0.561698	0.560747	0.571618	0.559989	0.575318	0.55964	0.428773	0.422794	0.429861	0.430403	0.434892	0.42873	0.43511	0.426611	0.443048	0.437064	0.434158	0.424046	0.522826	0.520687	0.517826	0.517041	0.515331	0.517975
ERR609048	0.323593	0.330031	0.315928	0.321866	0.330433	0.320472	0.33849	0.348413	0.350647	0.349508	0.345673	0.34899	0.33849	0.348413	0.350647	0.349508	0.345673	0.34899	0.41062	0.412157	0.412344	0.402789	0.409695	0.403847	0.299822	0.301382	0.300007	0.303932	0.300104	0.300407	0.315141	0.314012	0.317419	0.313647	0.312833	0.305485	0.353896	0.247158	0.247754	0.246984	0	0.249453	0.41693	0.40555	0.405551	0.406043	0.418835	0.40735	0.403358	0.402915	0.405079	0.405036	0.40575	0.404635	0.466837	0.43858	0.434228	0.433432	0.44033	0.433957	0.40015	0.399851	0.402435	0.415131	0.403699	0.436861	0.4858	0.48833	0.488498	0.487594	0.482598	0.481229	0.559293	0.560209	0.567532	0.559473	0.571019	0.559594	0.428788	0.42662	0.430135	0.430311	0.432785	0.435302	0.433378	0.431045	0.4392	0.435264	0.432487	0.42575	0.52021	0.517981	0.51488	0.514398	0.513781	0.516583
ERR609046	0.323805	0.328325	0.31957	0.322423	0.328853	0.321573	0.344368	0.35658	0.349009	0.357865	0.353552	0.358926	0.344368	0.35658	0.349009	0.357865	0.353552	0.358926	0.418877	0.418129	0.417769	0.406448	0.417825	0.409695	0.304045	0.304796	0.303721	0.305031	0.305056	0.304236	0.327518	0.319659	0.33026	0.319148	0.319105	0.315922	0.336662	0.249067	0.248766	0.254127	0.249453	0	0.424102	0.407488	0.40823	0.407798	0.426274	0.411023	0.408864	0.405889	0.409392	0.409425	0.408062	0.40919	0.463033	0.439367	0.43557	0.432989	0.440836	0.434144	0.400836	0.401003	0.401818	0.412333	0.40278	0.431397	0.486941	0.492478	0.493354	0.49235	0.485545	0.486115	0.563663	0.566042	0.570648	0.565371	0.574092	0.565948	0.432695	0.431908	0.434206	0.434326	0.434832	0.443009	0.436433	0.437697	0.440211	0.43804	0.43552	0.43031	0.519853	0.517749	0.513941	0.514256	0.514266	0.517258
ERR629948	0.462357	0.46737	0.444855	0.458491	0.467104	0.454701	0.432628	0.432392	0.458566	0.4334	0.425491	0.422486	0.432628	0.432392	0.458566	0.4334	0.425491	0.422486	0.504829	0.512686	0.51418	0.510059	0.505303	0.506648	0.454934	0.458031	0.454626	0.464352	0.453257	0.456428	0.407073	0.432873	0.408094	0.433732	0.430962	0.408991	0.515001	0.41957	0.42047	0.409626	0.41693	0.424102	0	0.259975	0.257531	0.261692	0.238481	0.251327	0.313062	0.323133	0.31951	0.320352	0.330564	0.318675	0.418048	0.36016	0.349387	0.361987	0.36219	0.353856	0.369711	0.366521	0.38012	0.404158	0.381772	0.437601	0.365175	0.353643	0.34918	0.348924	0.351245	0.338631	0.484198	0.47621	0.500956	0.47506	0.507256	0.473092	0.336895	0.320345	0.337545	0.339078	0.351852	0.317856	0.35518	0.325958	0.371965	0.356771	0.353109	0.33246	0.412819	0.409606	0.40712	0.405727	0.399661	0.402285
ERR629951	0.446087	0.447635	0.434962	0.442499	0.447192	0.43985	0.429065	0.435844	0.442662	0.437219	0.429241	0.430781	0.429065	0.435844	0.442662	0.437219	0.429241	0.430781	0.517102	0.519241	0.520257	0.512205	0.516677	0.513229	0.448292	0.449728	0.446791	0.453117	0.447959	0.448815	0.415685	0.427887	0.418799	0.428529	0.426761	0.413057	0.479112	0.405337	0.405122	0.40461	0.40555	0.407488	0.259975	0	0.244241	0.244758	0.262535	0.247449	0.310046	0.30929	0.311227	0.311333	0.31389	0.310371	0.385293	0.343883	0.335545	0.338599	0.345364	0.335794	0.345181	0.344261	0.352304	0.370401	0.353087	0.399222	0.356214	0.361031	0.359803	0.359295	0.351742	0.350217	0.483157	0.481962	0.495227	0.480692	0.500776	0.480822	0.329068	0.322087	0.331003	0.331719	0.336548	0.332687	0.342709	0.332896	0.35206	0.34397	0.340451	0.328115	0.398104	0.394139	0.389333	0.38981	0.388849	0.392015
ERR629949	0.445652	0.447298	0.434043	0.442028	0.446991	0.439242	0.427815	0.43442	0.442901	0.435575	0.427692	0.428885	0.427815	0.43442	0.442901	0.435575	0.427692	0.428885	0.515932	0.518648	0.519738	0.511917	0.515686	0.512535	0.447901	0.449366	0.44638	0.453189	0.447523	0.448316	0.41403	0.427305	0.416904	0.428001	0.426233	0.411836	0.482119	0.405567	0.405543	0.404257	0.405551	0.40823	0.257531	0.244241	0	0.244878	0.259895	0.24717	0.309044	0.309307	0.310773	0.31089	0.314133	0.309875	0.38757	0.344482	0.335516	0.339445	0.34596	0.336069	0.345405	0.344472	0.353079	0.371731	0.354006	0.40125	0.3573	0.361098	0.359474	0.358928	0.352127	0.349562	0.482932	0.481114	0.495411	0.479979	0.501229	0.479719	0.328766	0.321182	0.330533	0.331271	0.336862	0.330868	0.3424	0.33109	0.352586	0.343772	0.340336	0.327074	0.400149	0.396433	0.391666	0.39212	0.39063	0.393825
