	ERR613666	ERR613669	ERR613667	ERR613668	ERR613670	ERR613665	ERR630233	ERR630231	ERR630235	ERR630232	ERR630230	ERR630234	ERR637059	ERR637060	ERR637062	ERR637057	ERR637061	ERR637058	ERR608597	ERR608601	ERR608599	ERR608598	ERR608600	ERR608602	ERR608395	ERR608398	ERR608397	ERR608396	ERR608400	ERR608399	ERR636894	ERR636891	ERR636890	ERR636893	ERR636889	ERR636892	ERR630233	ERR630231	ERR630235	ERR630232	ERR630230	ERR630234	ERR636863	ERR636864	ERR636860	ERR636862	ERR636861	ERR636859	ERR612182	ERR612183	ERR612181	ERR612180	ERR612179	ERR612184	ERR616711	ERR616707	ERR616706	ERR616708	ERR616709	ERR616710	ERR605475	ERR605476	ERR605478	ERR605477	ERR605473	ERR605474	ERR616804	ERR616801	ERR616799	ERR616803	ERR616802	ERR616800	ERR617501	ERR617499	ERR617504	ERR617500	ERR617502	ERR617503	ERR612966	ERR612964	ERR612967	ERR612968	ERR612963	ERR612965	ERR616153	ERR616148	ERR616152	ERR616150	ERR616151	ERR616149	ERR638269	ERR638267	ERR638268	ERR638272	ERR638271	ERR638270
ERR613666	0	0.266743	0.256666	0.265509	0.305839	0.253644	0.48273	0.485671	0.485223	0.486291	0.482285	0.482636	0.36243	0.353506	0.356097	0.350599	0.353605	0.363034	0.893709	0.878847	0.876283	0.879955	0.880068	0.878093	0.40286	0.375546	0.371329	0.377371	0.376321	0.373256	0.319841	0.330303	0.335773	0.320559	0.323701	0.320205	0.48273	0.485671	0.485223	0.486291	0.482285	0.482636	0.321183	0.321724	0.354966	0.323366	0.347134	0.332107	0.480877	0.504691	0.478373	0.476459	0.478512	0.484213	0.578845	0.595718	0.596123	0.6061	0.579931	0.577459	0.485767	0.490287	0.489544	0.489788	0.491766	0.487907	0.340549	0.333811	0.336041	0.340502	0.339281	0.333488	0.589846	0.584329	0.605936	0.589932	0.602092	0.598152	0.515691	0.518821	0.517446	0.517058	0.510131	0.504796	0.533588	0.549575	0.531385	0.566747	0.534535	0.546958	0.501267	0.497932	0.495219	0.482553	0.486712	0.485833
ERR613669	0.266743	0	0.263272	0.256973	0.287286	0.265117	0.495108	0.493949	0.498026	0.492505	0.493594	0.494186	0.382661	0.372643	0.375231	0.368741	0.372609	0.381167	0.884311	0.870124	0.867318	0.87073	0.870935	0.869302	0.388877	0.367079	0.3643	0.366312	0.365589	0.366423	0.332925	0.346634	0.349569	0.33312	0.336336	0.333456	0.495108	0.493949	0.498026	0.492505	0.493594	0.494186	0.330887	0.332356	0.368653	0.33433	0.363199	0.342945	0.474071	0.491298	0.471986	0.471334	0.47283	0.475968	0.575324	0.586524	0.586749	0.594861	0.576357	0.574114	0.488171	0.493196	0.492533	0.493967	0.49819	0.49313	0.356565	0.349054	0.354252	0.357045	0.356291	0.347756	0.579855	0.575646	0.59279	0.580133	0.589206	0.585909	0.512379	0.513175	0.513209	0.513443	0.516359	0.508901	0.529247	0.536555	0.526722	0.550771	0.529108	0.536411	0.497036	0.494743	0.492761	0.490434	0.492596	0.492093
ERR613667	0.256666	0.263272	0	0.2622	0.295403	0.258718	0.484426	0.484251	0.485451	0.48451	0.483532	0.484164	0.370908	0.36165	0.364847	0.357517	0.361898	0.371372	0.888089	0.874731	0.872126	0.875307	0.875601	0.873883	0.396746	0.377152	0.373033	0.375979	0.375289	0.375143	0.321963	0.337291	0.342976	0.322234	0.328035	0.322687	0.484426	0.484251	0.485451	0.48451	0.483532	0.484164	0.32583	0.326561	0.364518	0.328598	0.356916	0.339359	0.479448	0.500526	0.47693	0.475064	0.478106	0.482149	0.580167	0.594342	0.594728	0.604432	0.581132	0.578791	0.488981	0.494394	0.493672	0.494414	0.497765	0.493332	0.340858	0.338665	0.338708	0.340816	0.340173	0.336463	0.591695	0.585599	0.605593	0.591617	0.602175	0.598438	0.517294	0.517731	0.518457	0.518496	0.514889	0.508507	0.537567	0.550236	0.535086	0.566986	0.538277	0.549253	0.500506	0.496905	0.494565	0.485572	0.490288	0.489441
ERR613668	0.265509	0.256973	0.2622	0	0.288096	0.264455	0.494571	0.493724	0.497354	0.492435	0.493209	0.493567	0.380888	0.370963	0.373415	0.367114	0.370925	0.379324	0.884921	0.870555	0.867835	0.871213	0.871402	0.86976	0.389463	0.367092	0.364421	0.366462	0.365728	0.366673	0.331558	0.3448	0.34813	0.331641	0.334751	0.331843	0.494571	0.493724	0.497354	0.492435	0.493209	0.493567	0.329883	0.331242	0.367255	0.333372	0.361649	0.341947	0.474522	0.492229	0.472618	0.471803	0.473415	0.476673	0.575423	0.586986	0.587176	0.595374	0.576489	0.574252	0.488363	0.493406	0.492681	0.494	0.49821	0.493421	0.355204	0.347564	0.352875	0.355658	0.354783	0.346484	0.580454	0.575856	0.593395	0.580537	0.589945	0.586415	0.512626	0.513467	0.513536	0.513696	0.515896	0.508757	0.529634	0.537475	0.527243	0.551887	0.529756	0.537272	0.497346	0.494922	0.4929	0.489803	0.492422	0.491884
ERR613670	0.305839	0.287286	0.295403	0.288096	0	0.311286	0.517513	0.505027	0.513642	0.501376	0.514555	0.516369	0.432754	0.421263	0.425275	0.416492	0.422005	0.433035	0.863331	0.857732	0.857041	0.857385	0.858831	0.857271	0.376463	0.398726	0.395019	0.384218	0.384176	0.399356	0.371839	0.397739	0.403712	0.37161	0.382865	0.373824	0.517513	0.505027	0.513642	0.501376	0.514555	0.516369	0.377889	0.379591	0.427468	0.383323	0.420435	0.396595	0.487349	0.488788	0.484815	0.484355	0.48988	0.485915	0.589867	0.591824	0.590397	0.596228	0.590857	0.588692	0.51467	0.523705	0.523151	0.525214	0.532167	0.524108	0.379508	0.391036	0.382931	0.379579	0.380357	0.385386	0.597783	0.589853	0.599496	0.59788	0.600106	0.598347	0.534278	0.523344	0.53227	0.534136	0.551169	0.538794	0.560012	0.55326	0.556131	0.565136	0.558305	0.558639	0.50714	0.505009	0.505152	0.512983	0.52328	0.522387
ERR613665	0.253644	0.265117	0.258718	0.264455	0.311286	0	0.482484	0.487833	0.487245	0.488183	0.482126	0.48229	0.356849	0.348415	0.350244	0.34595	0.34833	0.356297	0.896567	0.880118	0.877094	0.881337	0.881205	0.879211	0.404449	0.368069	0.364614	0.372918	0.371708	0.366075	0.31896	0.324943	0.328429	0.319497	0.319552	0.318773	0.482484	0.487833	0.487245	0.488183	0.482126	0.48229	0.316219	0.316914	0.345108	0.318028	0.338707	0.32472	0.47808	0.503242	0.476143	0.474369	0.475014	0.481892	0.5741	0.59136	0.592266	0.602102	0.575174	0.572914	0.481556	0.484797	0.484107	0.484404	0.486042	0.482929	0.344539	0.331193	0.338981	0.344704	0.343253	0.332375	0.581841	0.577572	0.599833	0.581982	0.595067	0.590835	0.510101	0.515575	0.512359	0.511866	0.503829	0.499637	0.52521	0.542202	0.523364	0.558875	0.526337	0.538817	0.498664	0.495615	0.492642	0.480736	0.481946	0.481486
ERR630233	0.48273	0.495108	0.484426	0.494571	0.517513	0.482484	0	0.255145	0.242241	0.264056	0.236124	0.234745	0.428182	0.421853	0.42487	0.419131	0.422328	0.429443	0.940892	0.928343	0.925347	0.928676	0.929036	0.927732	0.516311	0.491942	0.488344	0.494397	0.495876	0.488987	0.449661	0.459275	0.46366	0.44985	0.453947	0.449912	0	0.255145	0.242241	0.264056	0.236124	0.234745	0.469974	0.468918	0.489359	0.469713	0.482898	0.475772	0.385571	0.418601	0.384863	0.38004	0.383187	0.391857	0.470661	0.489209	0.49017	0.503264	0.471797	0.469124	0.39901	0.405279	0.4035	0.403787	0.408014	0.403169	0.426398	0.423817	0.419706	0.425977	0.42556	0.420667	0.482204	0.472536	0.50007	0.481971	0.494083	0.490143	0.401148	0.400763	0.402854	0.403682	0.396397	0.387475	0.447175	0.46544	0.444499	0.487237	0.448565	0.463216	0.367734	0.362065	0.358743	0.340754	0.3477	0.346634
ERR630231	0.485671	0.493949	0.484251	0.493724	0.505027	0.487833	0.255145	0	0.242884	0.240014	0.249216	0.253209	0.450669	0.440903	0.445455	0.436562	0.44176	0.452251	0.926907	0.918568	0.916508	0.918285	0.919335	0.918122	0.505734	0.499074	0.495138	0.495625	0.497345	0.496967	0.454365	0.475839	0.481692	0.454099	0.464343	0.455964	0.255145	0	0.242884	0.240014	0.249216	0.253209	0.479671	0.478972	0.512089	0.481075	0.504758	0.49087	0.386411	0.405264	0.385125	0.380258	0.387878	0.389208	0.488553	0.497277	0.496434	0.506757	0.489341	0.486995	0.423338	0.433715	0.431987	0.43305	0.440266	0.43199	0.420493	0.432631	0.418849	0.419873	0.420482	0.425394	0.506741	0.49441	0.51221	0.506458	0.510394	0.50856	0.423361	0.411314	0.422392	0.424688	0.431708	0.417338	0.469134	0.474211	0.465098	0.494351	0.468977	0.476992	0.368909	0.364146	0.362551	0.357186	0.373512	0.372038
ERR630235	0.485223	0.498026	0.485451	0.497354	0.513642	0.487245	0.242241	0.242884	0	0.251479	0.240661	0.241921	0.440088	0.432375	0.436563	0.428546	0.433198	0.44256	0.934754	0.92514	0.922753	0.925036	0.925933	0.924639	0.515094	0.502601	0.498373	0.501123	0.502715	0.499793	0.45169	0.468456	0.474598	0.451569	0.46001	0.452598	0.242241	0.242884	0	0.251479	0.240661	0.241921	0.477136	0.476023	0.504044	0.477511	0.496054	0.486334	0.393504	0.420181	0.392384	0.386797	0.393935	0.398395	0.486855	0.501058	0.501027	0.513421	0.487868	0.485145	0.417629	0.426657	0.424807	0.425309	0.430958	0.424233	0.420613	0.428733	0.41711	0.4201	0.420307	0.422825	0.505663	0.493667	0.516761	0.505375	0.513436	0.510617	0.420547	0.412847	0.420712	0.422412	0.420288	0.40857	0.469277	0.482562	0.465908	0.504242	0.470095	0.482903	0.375875	0.369496	0.36717	0.352613	0.366631	0.365091
ERR630232	0.486291	0.492505	0.48451	0.492435	0.501376	0.488183	0.264056	0.240014	0.251479	0	0.25626	0.26179	0.455067	0.444253	0.448888	0.440154	0.445149	0.455932	0.923119	0.91521	0.913329	0.914882	0.916032	0.914763	0.500579	0.496227	0.492108	0.491533	0.493906	0.494622	0.45656	0.479073	0.484429	0.456216	0.466784	0.458189	0.264056	0.240014	0.251479	0	0.25626	0.26179	0.481147	0.480796	0.515185	0.48309	0.508161	0.492989	0.382449	0.397383	0.381249	0.376651	0.384364	0.384726	0.487415	0.492779	0.491834	0.500725	0.488236	0.486048	0.424489	0.435651	0.433758	0.435453	0.442714	0.433823	0.423301	0.435341	0.421264	0.422847	0.42364	0.427789	0.503639	0.491283	0.506399	0.503437	0.505123	0.503758	0.422585	0.408783	0.421185	0.423649	0.435252	0.420274	0.467581	0.46776	0.46331	0.486814	0.467079	0.472048	0.364663	0.36064	0.359608	0.359818	0.375922	0.374822
ERR630230	0.482285	0.493594	0.483532	0.493209	0.514555	0.482126	0.236124	0.249216	0.240661	0.25626	0	0.235727	0.431133	0.423656	0.426991	0.420867	0.424147	0.431959	0.938732	0.926476	0.923522	0.926769	0.927127	0.92578	0.514176	0.491629	0.487942	0.493348	0.495009	0.488916	0.448943	0.460796	0.464986	0.448964	0.454057	0.449431	0.236124	0.249216	0.240661	0.25626	0	0.235727	0.470309	0.469471	0.4917	0.470331	0.485498	0.476747	0.383928	0.414808	0.383288	0.378141	0.381767	0.389704	0.4734	0.489784	0.490473	0.502708	0.474436	0.471832	0.401698	0.408804	0.40709	0.407617	0.412142	0.406565	0.424246	0.423477	0.418131	0.423812	0.423671	0.419643	0.485386	0.475692	0.501412	0.485231	0.495702	0.492149	0.403923	0.401638	0.405233	0.406218	0.401723	0.3919	0.448877	0.464333	0.446003	0.485577	0.450019	0.462911	0.366271	0.361139	0.358076	0.343108	0.350369	0.349427
ERR630234	0.482636	0.494186	0.484164	0.493567	0.516369	0.48229	0.234745	0.253209	0.241921	0.26179	0.235727	0	0.42917	0.422423	0.425619	0.419653	0.422844	0.430181	0.940134	0.927561	0.924512	0.927867	0.928254	0.926946	0.515437	0.491076	0.487518	0.493424	0.494877	0.488234	0.449317	0.459623	0.463902	0.44943	0.453701	0.449561	0.234745	0.253209	0.241921	0.26179	0.235727	0	0.469657	0.468779	0.489971	0.469595	0.483625	0.475753	0.383959	0.416285	0.383169	0.378526	0.381721	0.390016	0.470632	0.488078	0.489179	0.501905	0.471634	0.469036	0.399297	0.40571	0.403884	0.404193	0.408745	0.403745	0.425987	0.423679	0.419577	0.425612	0.425189	0.420355	0.481582	0.472154	0.499031	0.481426	0.493043	0.489074	0.400634	0.400022	0.402247	0.403019	0.396748	0.38776	0.446159	0.463381	0.443407	0.484751	0.447461	0.46153	0.366212	0.36085	0.357596	0.340945	0.347375	0.346502
ERR637059	0.36243	0.382661	0.370908	0.380888	0.432754	0.356849	0.428182	0.450669	0.440088	0.455067	0.431133	0.42917	0	0.237239	0.236651	0.238014	0.236973	0.236077	0.924283	0.90451	0.90031	0.905993	0.905118	0.903586	0.422911	0.35394	0.351359	0.371744	0.370677	0.349088	0.321912	0.29994	0.301949	0.323032	0.310306	0.31905	0.428182	0.450669	0.440088	0.455067	0.431133	0.42917	0.315525	0.313886	0.31182	0.312394	0.305549	0.310179	0.463049	0.498166	0.462171	0.459449	0.458181	0.469691	0.520435	0.545787	0.547769	0.56105	0.521516	0.518736	0.453476	0.453242	0.452727	0.451581	0.450865	0.451115	0.339113	0.299509	0.323908	0.339494	0.335185	0.308511	0.52322	0.519572	0.551433	0.523004	0.542864	0.536803	0.461426	0.47344	0.465345	0.463932	0.440584	0.442024	0.470234	0.501266	0.469609	0.520682	0.47318	0.493241	0.451737	0.446766	0.442528	0.419315	0.414009	0.413823
ERR637060	0.353506	0.372643	0.36165	0.370963	0.421263	0.348415	0.421853	0.440903	0.432375	0.444253	0.423656	0.422423	0.237239	0	0.232939	0.234223	0.232473	0.23684	0.919237	0.899825	0.895726	0.901334	0.900541	0.89889	0.413887	0.347927	0.345202	0.364168	0.363324	0.343356	0.309073	0.294703	0.296594	0.310079	0.300121	0.306751	0.421853	0.440903	0.432375	0.444253	0.423656	0.422423	0.308061	0.306869	0.311686	0.30558	0.305686	0.305457	0.456379	0.489963	0.455234	0.452812	0.451762	0.462412	0.519963	0.543384	0.545378	0.55789	0.521017	0.518362	0.452916	0.453365	0.452873	0.452134	0.451796	0.451203	0.323739	0.288337	0.309268	0.324242	0.320381	0.295371	0.52447	0.520331	0.55052	0.523979	0.542343	0.536545	0.459592	0.470055	0.463057	0.461786	0.441995	0.44224	0.468581	0.496428	0.467398	0.515446	0.471182	0.489578	0.445196	0.440378	0.436404	0.415198	0.410747	0.410466
ERR637062	0.356097	0.375231	0.364847	0.373415	0.425275	0.350244	0.42487	0.445455	0.436563	0.448888	0.426991	0.425619	0.236651	0.232939	0	0.235431	0.23244	0.235472	0.921391	0.901441	0.89729	0.903007	0.902162	0.900534	0.417135	0.347709	0.345064	0.365343	0.364379	0.343257	0.313422	0.295719	0.2967	0.31464	0.302776	0.3109	0.42487	0.445455	0.436563	0.448888	0.426991	0.425619	0.309614	0.307873	0.309042	0.306932	0.303793	0.305039	0.457397	0.491747	0.456455	0.454166	0.45234	0.463661	0.518964	0.543181	0.545265	0.557841	0.520029	0.51738	0.451702	0.451648	0.451301	0.45029	0.449748	0.449585	0.330591	0.291854	0.315389	0.331066	0.32701	0.300218	0.521632	0.518091	0.548971	0.521241	0.540321	0.534334	0.458832	0.470655	0.462556	0.461248	0.44023	0.441164	0.46584	0.494899	0.46493	0.513886	0.468394	0.487377	0.446926	0.442278	0.438091	0.416424	0.410805	0.410664
ERR637057	0.350599	0.368741	0.357517	0.367114	0.416492	0.34595	0.419131	0.436562	0.428546	0.440154	0.420867	0.419653	0.238014	0.234223	0.235431	0	0.234264	0.237696	0.916726	0.897918	0.89384	0.899162	0.898578	0.897005	0.410023	0.347367	0.344591	0.362198	0.361587	0.342969	0.303988	0.292843	0.295733	0.304959	0.296354	0.302058	0.419131	0.436562	0.428546	0.440154	0.420867	0.419653	0.30603	0.304556	0.313335	0.303868	0.306688	0.304345	0.455383	0.488222	0.454005	0.451696	0.451226	0.461239	0.521119	0.543678	0.545549	0.558044	0.522105	0.519466	0.453978	0.454983	0.454501	0.453841	0.454206	0.453273	0.317094	0.284249	0.303525	0.317417	0.314056	0.289937	0.526802	0.522608	0.551937	0.526356	0.54411	0.538607	0.460737	0.469765	0.463904	0.462984	0.443965	0.443568	0.471023	0.497702	0.469877	0.516875	0.473515	0.491451	0.443863	0.438857	0.435024	0.414853	0.411084	0.410744
ERR637061	0.353605	0.372609	0.361898	0.370925	0.422005	0.34833	0.422328	0.44176	0.433198	0.445149	0.424147	0.422844	0.236973	0.232473	0.23244	0.234264	0	0.236187	0.919747	0.90014	0.896009	0.901616	0.900869	0.899197	0.414613	0.347367	0.344876	0.363917	0.363211	0.342824	0.309946	0.29468	0.296361	0.311092	0.300516	0.307807	0.422328	0.44176	0.433198	0.445149	0.424147	0.422844	0.308276	0.306823	0.310763	0.305844	0.304931	0.305059	0.455915	0.489777	0.45488	0.452504	0.451153	0.462041	0.519204	0.542962	0.544853	0.55738	0.520295	0.517713	0.451837	0.452308	0.451805	0.450916	0.450633	0.450006	0.325498	0.289127	0.310822	0.325959	0.321927	0.296292	0.523245	0.519347	0.54963	0.522816	0.541329	0.535552	0.458803	0.469609	0.462279	0.461102	0.44104	0.441485	0.467179	0.495378	0.466173	0.514349	0.469797	0.48818	0.445046	0.440271	0.436233	0.414996	0.410266	0.41002
ERR637058	0.363034	0.381167	0.371372	0.379324	0.433035	0.356297	0.429443	0.452251	0.44256	0.455932	0.431959	0.430181	0.236077	0.23684	0.235472	0.237696	0.236187	0	0.924824	0.904338	0.899838	0.905816	0.904842	0.903331	0.423597	0.350023	0.348136	0.369494	0.368799	0.345504	0.320816	0.298416	0.298045	0.322112	0.307798	0.318118	0.429443	0.452251	0.44256	0.455932	0.431959	0.430181	0.313772	0.312237	0.307287	0.310645	0.303333	0.306949	0.461158	0.4965	0.460344	0.458139	0.45577	0.467729	0.519605	0.544297	0.5466	0.559338	0.52059	0.517963	0.452176	0.451304	0.450841	0.450035	0.449042	0.449594	0.340961	0.298456	0.325346	0.341538	0.337175	0.307815	0.519866	0.517196	0.549148	0.519392	0.539613	0.533419	0.459214	0.472434	0.463364	0.461842	0.438558	0.440921	0.465191	0.495889	0.464705	0.514608	0.468214	0.487746	0.450843	0.446239	0.441845	0.420419	0.412395	0.412511
ERR608597	0.893709	0.884311	0.888089	0.884921	0.863331	0.896567	0.940892	0.926907	0.934754	0.923119	0.938732	0.940134	0.924283	0.919237	0.921391	0.916726	0.919747	0.924824	0	0.340054	0.353681	0.329453	0.342655	0.342223	0.859554	0.894887	0.893556	0.881759	0.882728	0.896215	0.89473	0.909629	0.912646	0.894314	0.901471	0.896093	0.940892	0.926907	0.934754	0.923119	0.938732	0.940134	0.899476	0.90016	0.923385	0.902264	0.920258	0.908732	0.929365	0.916201	0.928367	0.928482	0.932699	0.92609	0.958636	0.948876	0.946888	0.946936	0.958892	0.95805	0.953962	0.959555	0.959439	0.960833	0.965018	0.960275	0.893648	0.905077	0.897193	0.893665	0.894455	0.900929	0.959661	0.953916	0.950384	0.959374	0.953849	0.954702	0.947555	0.933964	0.944585	0.946324	0.96458	0.955999	0.958884	0.942683	0.956179	0.944417	0.956711	0.95012	0.922746	0.922899	0.924177	0.937727	0.946255	0.945856
ERR608601	0.878847	0.870124	0.874731	0.870555	0.857732	0.880118	0.928343	0.918568	0.92514	0.91521	0.926476	0.927561	0.90451	0.899825	0.901441	0.897918	0.90014	0.904338	0.340054	0	0.275737	0.277792	0.274454	0.272675	0.855542	0.876447	0.875583	0.86736	0.868098	0.877655	0.878654	0.889972	0.891819	0.878321	0.883218	0.879658	0.928343	0.918568	0.92514	0.91521	0.926476	0.927561	0.880355	0.881086	0.900396	0.882819	0.898258	0.887779	0.916275	0.90818	0.915542	0.915641	0.918312	0.913885	0.944729	0.938361	0.937044	0.93744	0.945097	0.94424	0.937255	0.9415	0.941432	0.942649	0.946149	0.942174	0.882009	0.887938	0.884118	0.882062	0.882461	0.885234	0.943449	0.939512	0.937914	0.943327	0.939723	0.940161	0.931291	0.922132	0.929249	0.930441	0.945385	0.938528	0.938021	0.925238	0.935727	0.927307	0.9362	0.930864	0.911176	0.911594	0.912086	0.923438	0.928852	0.928658
ERR608599	0.876283	0.867318	0.872126	0.867835	0.857041	0.877094	0.925347	0.916508	0.922753	0.913329	0.923522	0.924512	0.90031	0.895726	0.89729	0.89384	0.896009	0.899838	0.353681	0.275737	0	0.279083	0.274208	0.27442	0.855336	0.873127	0.872405	0.864954	0.865781	0.874335	0.874954	0.885671	0.887139	0.874602	0.879042	0.875892	0.925347	0.916508	0.922753	0.913329	0.923522	0.924512	0.876371	0.877099	0.895495	0.878758	0.89368	0.883322	0.91386	0.906982	0.913229	0.913445	0.915658	0.911759	0.942757	0.936689	0.935582	0.936074	0.943105	0.942296	0.934386	0.938265	0.938251	0.939483	0.942797	0.939034	0.879501	0.884206	0.881284	0.879692	0.880049	0.881636	0.940874	0.937267	0.936126	0.940682	0.937489	0.937723	0.928294	0.920011	0.926504	0.927699	0.941518	0.935079	0.934445	0.922521	0.93232	0.924529	0.932688	0.927722	0.909146	0.909671	0.909947	0.921094	0.925265	0.925132
ERR608598	0.879955	0.87073	0.875307	0.871213	0.857385	0.881337	0.928676	0.918285	0.925036	0.914882	0.926769	0.927867	0.905993	0.901334	0.903007	0.899162	0.901616	0.905816	0.329453	0.277792	0.279083	0	0.277853	0.277649	0.854914	0.877709	0.876867	0.868072	0.86891	0.878985	0.879402	0.891224	0.893214	0.879005	0.884168	0.880434	0.928676	0.918285	0.925036	0.914882	0.926769	0.927867	0.88168	0.882395	0.902342	0.884193	0.900022	0.889265	0.916701	0.907961	0.915969	0.916188	0.919058	0.914245	0.945779	0.938648	0.937222	0.937664	0.946153	0.945312	0.93874	0.943233	0.943132	0.944466	0.948032	0.944023	0.882458	0.889008	0.884734	0.882592	0.883049	0.885964	0.94458	0.940403	0.93851	0.944392	0.940515	0.940932	0.932529	0.922549	0.930267	0.931637	0.946866	0.939861	0.940045	0.926784	0.937735	0.928707	0.938173	0.932689	0.911544	0.912007	0.912477	0.924573	0.930039	0.929798
ERR608600	0.880068	0.870935	0.875601	0.871402	0.858831	0.881205	0.929036	0.919335	0.925933	0.916032	0.927127	0.928254	0.905118	0.900541	0.902162	0.898578	0.900869	0.904842	0.342655	0.274454	0.274208	0.277853	0	0.273483	0.857144	0.877241	0.876584	0.868509	0.869286	0.878474	0.879025	0.890316	0.892021	0.878667	0.883517	0.880017	0.929036	0.919335	0.925933	0.916032	0.927127	0.928254	0.880822	0.881476	0.900637	0.883245	0.898615	0.888106	0.916908	0.909082	0.916294	0.916482	0.918985	0.914618	0.946189	0.939582	0.93839	0.938857	0.94654	0.945755	0.938448	0.942591	0.942521	0.943839	0.947279	0.943417	0.882918	0.888649	0.88501	0.883047	0.883467	0.885872	0.944646	0.940869	0.939384	0.94451	0.940959	0.941305	0.932265	0.923188	0.930291	0.931441	0.946001	0.939332	0.93882	0.92626	0.936595	0.928195	0.937013	0.931838	0.912407	0.912884	0.913239	0.924847	0.929589	0.929392
ERR608602	0.878093	0.869302	0.873883	0.86976	0.857271	0.879211	0.927732	0.918122	0.924639	0.914763	0.92578	0.926946	0.903586	0.89889	0.900534	0.897005	0.899197	0.903331	0.342223	0.272675	0.27442	0.277649	0.273483	0	0.855571	0.875853	0.874977	0.867005	0.8677	0.877081	0.877673	0.888884	0.890668	0.877283	0.882134	0.878597	0.927732	0.918122	0.924639	0.914763	0.92578	0.926946	0.879419	0.880185	0.899477	0.881901	0.897337	0.886814	0.915742	0.908009	0.915125	0.915188	0.917762	0.91348	0.944684	0.938473	0.937213	0.937688	0.945011	0.944217	0.936838	0.940936	0.940904	0.94217	0.945556	0.941625	0.881193	0.887025	0.883276	0.881233	0.881667	0.884332	0.94339	0.939522	0.938146	0.943215	0.939842	0.940141	0.930899	0.922047	0.929014	0.930134	0.944811	0.938038	0.937413	0.924992	0.935178	0.926994	0.935611	0.930392	0.910955	0.911471	0.911871	0.922931	0.928217	0.928005
ERR608395	0.40286	0.388877	0.396746	0.389463	0.376463	0.404449	0.516311	0.505734	0.515094	0.500579	0.514176	0.515437	0.422911	0.413887	0.417135	0.410023	0.414613	0.423597	0.859554	0.855542	0.855336	0.854914	0.857144	0.855571	0	0.321853	0.317139	0.295909	0.297796	0.323448	0.402881	0.417398	0.421921	0.403011	0.408294	0.404119	0.516311	0.505734	0.515094	0.500579	0.514176	0.515437	0.387777	0.388883	0.43186	0.392937	0.425539	0.403343	0.481949	0.474627	0.479566	0.480242	0.485579	0.479126	0.535299	0.527724	0.52498	0.529096	0.536057	0.533854	0.51796	0.526964	0.526746	0.529252	0.536268	0.528034	0.389938	0.389166	0.388979	0.390498	0.389694	0.387036	0.524247	0.513571	0.516004	0.523464	0.519669	0.519658	0.504494	0.48712	0.50044	0.502855	0.533637	0.518686	0.517208	0.495999	0.512044	0.504834	0.513703	0.506302	0.463861	0.463053	0.46477	0.485032	0.49804	0.497201
ERR608398	0.375546	0.367079	0.377152	0.367092	0.398726	0.368069	0.491942	0.499074	0.502601	0.496227	0.491629	0.491076	0.35394	0.347927	0.347709	0.347367	0.347367	0.350023	0.894887	0.876447	0.873127	0.877709	0.877241	0.875853	0.321853	0	0.260058	0.269336	0.267824	0.258773	0.364867	0.35517	0.352255	0.365574	0.355766	0.363671	0.491942	0.499074	0.502601	0.496227	0.491629	0.491076	0.330151	0.331124	0.348003	0.332631	0.347727	0.332601	0.459783	0.474581	0.45895	0.459792	0.45739	0.461258	0.50966	0.517892	0.518723	0.526141	0.510719	0.508397	0.476645	0.478978	0.479018	0.480458	0.483913	0.480083	0.377357	0.340067	0.367031	0.378087	0.374981	0.347983	0.488351	0.486104	0.503657	0.488114	0.497872	0.493849	0.465423	0.469487	0.465914	0.466221	0.477236	0.471092	0.457661	0.458349	0.455015	0.469195	0.456319	0.458282	0.449085	0.44885	0.447266	0.453938	0.450137	0.450355
ERR608397	0.371329	0.3643	0.373033	0.364421	0.395019	0.364614	0.488344	0.495138	0.498373	0.492108	0.487942	0.487518	0.351359	0.345202	0.345064	0.344591	0.344876	0.348136	0.893556	0.875583	0.872405	0.876867	0.876584	0.874977	0.317139	0.260058	0	0.267008	0.267564	0.259731	0.361564	0.352919	0.350961	0.361949	0.353263	0.360363	0.488344	0.495138	0.498373	0.492108	0.487942	0.487518	0.328587	0.329394	0.348311	0.330992	0.346955	0.331803	0.458453	0.473031	0.45725	0.457871	0.456059	0.459854	0.509129	0.517713	0.518145	0.525686	0.510124	0.507862	0.474966	0.477861	0.477848	0.479296	0.482694	0.478444	0.371661	0.335976	0.361243	0.372243	0.369139	0.343363	0.489916	0.4869	0.504278	0.489607	0.499151	0.495328	0.465085	0.467851	0.465562	0.46572	0.476995	0.470331	0.459365	0.459686	0.456422	0.471287	0.457832	0.459977	0.447103	0.446697	0.444997	0.450839	0.448754	0.448901
ERR608396	0.377371	0.366312	0.375979	0.366462	0.384218	0.372918	0.494397	0.495625	0.501123	0.491533	0.493348	0.493424	0.371744	0.364168	0.365343	0.362198	0.363917	0.369494	0.881759	0.86736	0.864954	0.868072	0.868509	0.867005	0.295909	0.269336	0.267008	0	0.264833	0.269961	0.370473	0.37017	0.370307	0.370569	0.36646	0.370033	0.494397	0.495625	0.501123	0.491533	0.493348	0.493424	0.342551	0.343727	0.372139	0.346108	0.369298	0.350433	0.460183	0.467159	0.458709	0.459708	0.460103	0.460083	0.511599	0.514	0.513535	0.519797	0.512401	0.510261	0.484561	0.489338	0.489374	0.491144	0.49613	0.490428	0.374248	0.348932	0.366795	0.37496	0.372691	0.3533	0.493323	0.487758	0.499664	0.492609	0.497411	0.494939	0.471846	0.467738	0.470636	0.471599	0.491361	0.481441	0.471797	0.463013	0.46812	0.473374	0.469558	0.467276	0.445682	0.445546	0.445085	0.457334	0.460038	0.459987
ERR608400	0.376321	0.365589	0.375289	0.365728	0.384176	0.371708	0.495876	0.497345	0.502715	0.493906	0.495009	0.494877	0.370677	0.363324	0.364379	0.361587	0.363211	0.368799	0.882728	0.868098	0.865781	0.86891	0.869286	0.8677	0.297796	0.267824	0.267564	0.264833	0	0.268684	0.369907	0.368837	0.369237	0.370166	0.365892	0.369423	0.495876	0.497345	0.502715	0.493906	0.495009	0.494877	0.341016	0.341974	0.370267	0.34472	0.367174	0.348769	0.461551	0.469337	0.460199	0.461114	0.461568	0.461623	0.512524	0.516177	0.515736	0.521989	0.513616	0.51142	0.484965	0.489668	0.489677	0.491392	0.496485	0.490794	0.373448	0.348115	0.366495	0.374229	0.371618	0.352844	0.49483	0.489603	0.502037	0.494409	0.499984	0.497318	0.473105	0.469702	0.471855	0.472759	0.491942	0.482197	0.472658	0.465102	0.468739	0.475818	0.470279	0.468953	0.447929	0.447462	0.447099	0.458064	0.460977	0.460863
ERR608399	0.373256	0.366423	0.375143	0.366673	0.399356	0.366075	0.488987	0.496967	0.499793	0.494622	0.488916	0.488234	0.349088	0.343356	0.343257	0.342969	0.342824	0.345504	0.896215	0.877655	0.874335	0.878985	0.878474	0.877081	0.323448	0.258773	0.259731	0.269961	0.268684	0	0.362201	0.351288	0.348592	0.362707	0.352681	0.360724	0.488987	0.496967	0.499793	0.494622	0.488916	0.488234	0.327325	0.328043	0.344178	0.329367	0.343543	0.329052	0.459811	0.475659	0.459006	0.459459	0.4574	0.461529	0.509058	0.518662	0.519564	0.527254	0.510198	0.508044	0.474884	0.476998	0.477155	0.478355	0.481504	0.47787	0.37452	0.336593	0.363873	0.375167	0.371941	0.344695	0.489058	0.486931	0.505212	0.488709	0.499187	0.495251	0.464673	0.469154	0.465387	0.465458	0.474834	0.469066	0.457365	0.459886	0.454578	0.471272	0.456363	0.459452	0.448751	0.448441	0.446444	0.451475	0.447865	0.447968
ERR636894	0.319841	0.332925	0.321963	0.331558	0.371839	0.31896	0.449661	0.454365	0.45169	0.45656	0.448943	0.449317	0.321912	0.309073	0.313422	0.303988	0.309946	0.320816	0.89473	0.878654	0.874954	0.879402	0.879025	0.877673	0.402881	0.364867	0.361564	0.370473	0.369907	0.362201	0	0.253733	0.260327	0.232368	0.238809	0.232349	0.449661	0.454365	0.45169	0.45656	0.448943	0.449317	0.280898	0.280661	0.317761	0.281533	0.309309	0.292162	0.491025	0.517609	0.489275	0.486897	0.488459	0.4952	0.571664	0.589689	0.591117	0.602167	0.572545	0.570331	0.506753	0.509772	0.508928	0.508792	0.510499	0.508033	0.289405	0.284837	0.285452	0.289758	0.288437	0.281247	0.585574	0.580532	0.604776	0.585113	0.598749	0.594173	0.513482	0.518073	0.51592	0.515397	0.501309	0.49887	0.518019	0.538608	0.51648	0.556499	0.519844	0.534941	0.484467	0.479557	0.476078	0.460336	0.460029	0.459572
ERR636891	0.330303	0.346634	0.337291	0.3448	0.397739	0.324943	0.459275	0.475839	0.468456	0.479073	0.460796	0.459623	0.29994	0.294703	0.295719	0.292843	0.29468	0.298416	0.909629	0.889972	0.885671	0.891224	0.890316	0.888884	0.417398	0.35517	0.352919	0.37017	0.368837	0.351288	0.253733	0	0.239165	0.254866	0.241308	0.250939	0.459275	0.475839	0.468456	0.479073	0.460796	0.459623	0.277821	0.277114	0.285547	0.275239	0.279526	0.276024	0.494734	0.526694	0.49338	0.491678	0.49019	0.500383	0.559668	0.582772	0.584884	0.596963	0.560564	0.558169	0.495292	0.495011	0.494258	0.493523	0.493092	0.493326	0.324956	0.294284	0.314016	0.325248	0.321863	0.299746	0.564051	0.561396	0.590558	0.563619	0.582337	0.576312	0.502512	0.514273	0.50636	0.504922	0.483013	0.484716	0.5005	0.529507	0.500102	0.547361	0.50337	0.52206	0.488395	0.483629	0.479471	0.459213	0.452906	0.452832
ERR636890	0.335773	0.349569	0.342976	0.34813	0.403712	0.328429	0.46366	0.481692	0.474598	0.484429	0.464986	0.463902	0.301949	0.296594	0.2967	0.295733	0.296361	0.298045	0.912646	0.891819	0.887139	0.893214	0.892021	0.890668	0.421921	0.352255	0.350961	0.370307	0.369237	0.348592	0.260327	0.239165	0	0.261065	0.244435	0.256999	0.46366	0.481692	0.474598	0.484429	0.464986	0.463902	0.27948	0.278987	0.279951	0.276846	0.277204	0.274554	0.49473	0.527306	0.493758	0.492278	0.489502	0.500452	0.558762	0.581535	0.584133	0.595765	0.559641	0.557404	0.494666	0.493517	0.492758	0.492124	0.491417	0.492118	0.334389	0.298461	0.322501	0.334758	0.331356	0.305041	0.559204	0.558209	0.587686	0.558897	0.578198	0.571943	0.500762	0.514369	0.505017	0.503212	0.480639	0.483756	0.494968	0.52443	0.494972	0.541515	0.497876	0.516401	0.489336	0.485087	0.480845	0.462002	0.452314	0.452685
ERR636893	0.320559	0.33312	0.322234	0.331641	0.37161	0.319497	0.44985	0.454099	0.451569	0.456216	0.448964	0.44943	0.323032	0.310079	0.31464	0.304959	0.311092	0.322112	0.894314	0.878321	0.874602	0.879005	0.878667	0.877283	0.403011	0.365574	0.361949	0.370569	0.370166	0.362707	0.232368	0.254866	0.261065	0	0.239239	0.2328	0.44985	0.454099	0.451569	0.456216	0.448964	0.44943	0.281339	0.281186	0.318704	0.282115	0.310204	0.292857	0.490855	0.517344	0.48908	0.486836	0.488327	0.494878	0.572075	0.589872	0.591249	0.602267	0.572929	0.570806	0.507436	0.510451	0.509678	0.509496	0.511232	0.508887	0.289487	0.285349	0.285847	0.289647	0.288356	0.28153	0.585925	0.580753	0.605116	0.585496	0.599086	0.594367	0.513879	0.518416	0.516363	0.515797	0.501868	0.49945	0.517871	0.538211	0.516345	0.556132	0.519745	0.534697	0.484468	0.479524	0.47602	0.460668	0.460369	0.459943
ERR636889	0.323701	0.336336	0.328035	0.334751	0.382865	0.319552	0.453947	0.464343	0.46001	0.466784	0.454057	0.453701	0.310306	0.300121	0.302776	0.296354	0.300516	0.307798	0.901471	0.883218	0.879042	0.884168	0.883517	0.882134	0.408294	0.355766	0.353263	0.36646	0.365892	0.352681	0.238809	0.241308	0.244435	0.239239	0	0.237262	0.453947	0.464343	0.46001	0.466784	0.454057	0.453701	0.27549	0.275197	0.29853	0.274813	0.292086	0.27997	0.490494	0.519679	0.488944	0.487289	0.48691	0.495318	0.56446	0.584487	0.586351	0.597523	0.565452	0.563282	0.500551	0.501884	0.500856	0.500733	0.501454	0.500408	0.305094	0.285662	0.297751	0.305634	0.303158	0.28671	0.572558	0.569243	0.595744	0.572117	0.588155	0.582811	0.506185	0.514754	0.509484	0.508376	0.49121	0.490937	0.505839	0.529968	0.504736	0.547373	0.508095	0.524427	0.48435	0.479633	0.475893	0.459108	0.454498	0.454472
ERR636892	0.320205	0.333456	0.322687	0.331843	0.373824	0.318773	0.449912	0.455964	0.452598	0.458189	0.449431	0.449561	0.31905	0.306751	0.3109	0.302058	0.307807	0.318118	0.896093	0.879658	0.875892	0.880434	0.880017	0.878597	0.404119	0.363671	0.360363	0.370033	0.369423	0.360724	0.232349	0.250939	0.256999	0.2328	0.237262	0	0.449912	0.455964	0.452598	0.458189	0.449431	0.449561	0.279811	0.279571	0.314058	0.279908	0.305657	0.289952	0.491006	0.518263	0.489413	0.487145	0.488263	0.495293	0.570375	0.588873	0.590401	0.601533	0.571387	0.569107	0.505572	0.508207	0.507373	0.507186	0.508719	0.506576	0.292218	0.284806	0.287271	0.292414	0.291082	0.282052	0.583525	0.578668	0.603447	0.583019	0.597192	0.592308	0.512216	0.51757	0.514752	0.514149	0.499295	0.497231	0.516272	0.537708	0.514862	0.555459	0.518323	0.533628	0.484514	0.479525	0.476035	0.460062	0.458955	0.458495
ERR630233	0.48273	0.495108	0.484426	0.494571	0.517513	0.482484	0	0.255145	0.242241	0.264056	0.236124	0.234745	0.428182	0.421853	0.42487	0.419131	0.422328	0.429443	0.940892	0.928343	0.925347	0.928676	0.929036	0.927732	0.516311	0.491942	0.488344	0.494397	0.495876	0.488987	0.449661	0.459275	0.46366	0.44985	0.453947	0.449912	0	0.255145	0.242241	0.264056	0.236124	0.234745	0.469974	0.468918	0.489359	0.469713	0.482898	0.475772	0.385571	0.418601	0.384863	0.38004	0.383187	0.391857	0.470661	0.489209	0.49017	0.503264	0.471797	0.469124	0.39901	0.405279	0.4035	0.403787	0.408014	0.403169	0.426398	0.423817	0.419706	0.425977	0.42556	0.420667	0.482204	0.472536	0.50007	0.481971	0.494083	0.490143	0.401148	0.400763	0.402854	0.403682	0.396397	0.387475	0.447175	0.46544	0.444499	0.487237	0.448565	0.463216	0.367734	0.362065	0.358743	0.340754	0.3477	0.346634
ERR630231	0.485671	0.493949	0.484251	0.493724	0.505027	0.487833	0.255145	0	0.242884	0.240014	0.249216	0.253209	0.450669	0.440903	0.445455	0.436562	0.44176	0.452251	0.926907	0.918568	0.916508	0.918285	0.919335	0.918122	0.505734	0.499074	0.495138	0.495625	0.497345	0.496967	0.454365	0.475839	0.481692	0.454099	0.464343	0.455964	0.255145	0	0.242884	0.240014	0.249216	0.253209	0.479671	0.478972	0.512089	0.481075	0.504758	0.49087	0.386411	0.405264	0.385125	0.380258	0.387878	0.389208	0.488553	0.497277	0.496434	0.506757	0.489341	0.486995	0.423338	0.433715	0.431987	0.43305	0.440266	0.43199	0.420493	0.432631	0.418849	0.419873	0.420482	0.425394	0.506741	0.49441	0.51221	0.506458	0.510394	0.50856	0.423361	0.411314	0.422392	0.424688	0.431708	0.417338	0.469134	0.474211	0.465098	0.494351	0.468977	0.476992	0.368909	0.364146	0.362551	0.357186	0.373512	0.372038
ERR630235	0.485223	0.498026	0.485451	0.497354	0.513642	0.487245	0.242241	0.242884	0	0.251479	0.240661	0.241921	0.440088	0.432375	0.436563	0.428546	0.433198	0.44256	0.934754	0.92514	0.922753	0.925036	0.925933	0.924639	0.515094	0.502601	0.498373	0.501123	0.502715	0.499793	0.45169	0.468456	0.474598	0.451569	0.46001	0.452598	0.242241	0.242884	0	0.251479	0.240661	0.241921	0.477136	0.476023	0.504044	0.477511	0.496054	0.486334	0.393504	0.420181	0.392384	0.386797	0.393935	0.398395	0.486855	0.501058	0.501027	0.513421	0.487868	0.485145	0.417629	0.426657	0.424807	0.425309	0.430958	0.424233	0.420613	0.428733	0.41711	0.4201	0.420307	0.422825	0.505663	0.493667	0.516761	0.505375	0.513436	0.510617	0.420547	0.412847	0.420712	0.422412	0.420288	0.40857	0.469277	0.482562	0.465908	0.504242	0.470095	0.482903	0.375875	0.369496	0.36717	0.352613	0.366631	0.365091
ERR630232	0.486291	0.492505	0.48451	0.492435	0.501376	0.488183	0.264056	0.240014	0.251479	0	0.25626	0.26179	0.455067	0.444253	0.448888	0.440154	0.445149	0.455932	0.923119	0.91521	0.913329	0.914882	0.916032	0.914763	0.500579	0.496227	0.492108	0.491533	0.493906	0.494622	0.45656	0.479073	0.484429	0.456216	0.466784	0.458189	0.264056	0.240014	0.251479	0	0.25626	0.26179	0.481147	0.480796	0.515185	0.48309	0.508161	0.492989	0.382449	0.397383	0.381249	0.376651	0.384364	0.384726	0.487415	0.492779	0.491834	0.500725	0.488236	0.486048	0.424489	0.435651	0.433758	0.435453	0.442714	0.433823	0.423301	0.435341	0.421264	0.422847	0.42364	0.427789	0.503639	0.491283	0.506399	0.503437	0.505123	0.503758	0.422585	0.408783	0.421185	0.423649	0.435252	0.420274	0.467581	0.46776	0.46331	0.486814	0.467079	0.472048	0.364663	0.36064	0.359608	0.359818	0.375922	0.374822
ERR630230	0.482285	0.493594	0.483532	0.493209	0.514555	0.482126	0.236124	0.249216	0.240661	0.25626	0	0.235727	0.431133	0.423656	0.426991	0.420867	0.424147	0.431959	0.938732	0.926476	0.923522	0.926769	0.927127	0.92578	0.514176	0.491629	0.487942	0.493348	0.495009	0.488916	0.448943	0.460796	0.464986	0.448964	0.454057	0.449431	0.236124	0.249216	0.240661	0.25626	0	0.235727	0.470309	0.469471	0.4917	0.470331	0.485498	0.476747	0.383928	0.414808	0.383288	0.378141	0.381767	0.389704	0.4734	0.489784	0.490473	0.502708	0.474436	0.471832	0.401698	0.408804	0.40709	0.407617	0.412142	0.406565	0.424246	0.423477	0.418131	0.423812	0.423671	0.419643	0.485386	0.475692	0.501412	0.485231	0.495702	0.492149	0.403923	0.401638	0.405233	0.406218	0.401723	0.3919	0.448877	0.464333	0.446003	0.485577	0.450019	0.462911	0.366271	0.361139	0.358076	0.343108	0.350369	0.349427
ERR630234	0.482636	0.494186	0.484164	0.493567	0.516369	0.48229	0.234745	0.253209	0.241921	0.26179	0.235727	0	0.42917	0.422423	0.425619	0.419653	0.422844	0.430181	0.940134	0.927561	0.924512	0.927867	0.928254	0.926946	0.515437	0.491076	0.487518	0.493424	0.494877	0.488234	0.449317	0.459623	0.463902	0.44943	0.453701	0.449561	0.234745	0.253209	0.241921	0.26179	0.235727	0	0.469657	0.468779	0.489971	0.469595	0.483625	0.475753	0.383959	0.416285	0.383169	0.378526	0.381721	0.390016	0.470632	0.488078	0.489179	0.501905	0.471634	0.469036	0.399297	0.40571	0.403884	0.404193	0.408745	0.403745	0.425987	0.423679	0.419577	0.425612	0.425189	0.420355	0.481582	0.472154	0.499031	0.481426	0.493043	0.489074	0.400634	0.400022	0.402247	0.403019	0.396748	0.38776	0.446159	0.463381	0.443407	0.484751	0.447461	0.46153	0.366212	0.36085	0.357596	0.340945	0.347375	0.346502
ERR636863	0.321183	0.330887	0.32583	0.329883	0.377889	0.316219	0.469974	0.479671	0.477136	0.481147	0.470309	0.469657	0.315525	0.308061	0.309614	0.30603	0.308276	0.313772	0.899476	0.880355	0.876371	0.88168	0.880822	0.879419	0.387777	0.330151	0.328587	0.342551	0.341016	0.327325	0.280898	0.277821	0.27948	0.281339	0.27549	0.279811	0.469974	0.479671	0.477136	0.481147	0.470309	0.469657	0	0.243841	0.268291	0.244092	0.262992	0.248539	0.489655	0.517846	0.488408	0.486978	0.486107	0.494218	0.555897	0.575826	0.577696	0.58885	0.556673	0.554634	0.498051	0.498779	0.498097	0.497974	0.498586	0.497592	0.322784	0.29726	0.314703	0.323034	0.320629	0.301498	0.557895	0.555132	0.5817	0.557689	0.574383	0.568815	0.500808	0.510821	0.504032	0.502935	0.4883	0.48794	0.494342	0.518081	0.493442	0.53503	0.496279	0.512095	0.483035	0.479307	0.475557	0.460615	0.455859	0.455907
ERR636864	0.321724	0.332356	0.326561	0.331242	0.379591	0.316914	0.468918	0.478972	0.476023	0.480796	0.469471	0.468779	0.313886	0.306869	0.307873	0.304556	0.306823	0.312237	0.90016	0.881086	0.877099	0.882395	0.881476	0.880185	0.388883	0.331124	0.329394	0.343727	0.341974	0.328043	0.280661	0.277114	0.278987	0.281186	0.275197	0.279571	0.468918	0.478972	0.476023	0.480796	0.469471	0.468779	0.243841	0	0.267326	0.243788	0.261733	0.248269	0.490026	0.518318	0.488585	0.487236	0.486392	0.494461	0.555775	0.575955	0.577888	0.589123	0.556626	0.554544	0.497812	0.498567	0.497883	0.497668	0.498236	0.49727	0.322205	0.296169	0.313828	0.322205	0.319797	0.300419	0.558406	0.555351	0.582039	0.557989	0.574811	0.569107	0.500862	0.510801	0.504181	0.502988	0.48791	0.487581	0.494992	0.519434	0.493947	0.53624	0.496996	0.513158	0.483112	0.4792	0.475611	0.459943	0.455486	0.455461
ERR636860	0.354966	0.368653	0.364518	0.367255	0.427468	0.345108	0.489359	0.512089	0.504044	0.515185	0.4917	0.489971	0.31182	0.311686	0.309042	0.313335	0.310763	0.307287	0.923385	0.900396	0.895495	0.902342	0.900637	0.899477	0.43186	0.348003	0.348311	0.372139	0.370267	0.344178	0.317761	0.285547	0.279951	0.318704	0.29853	0.314058	0.489359	0.512089	0.504044	0.515185	0.4917	0.489971	0.268291	0.267326	0	0.263292	0.244746	0.25204	0.510288	0.544854	0.509808	0.508838	0.50405	0.516381	0.561212	0.586686	0.589556	0.601635	0.562185	0.559951	0.50136	0.497762	0.497097	0.4961	0.493573	0.496455	0.369723	0.322652	0.356329	0.370151	0.366245	0.334191	0.553074	0.554292	0.586486	0.553013	0.575662	0.568419	0.506097	0.524995	0.511141	0.508979	0.481941	0.48839	0.490832	0.526144	0.491599	0.542112	0.494304	0.515003	0.505151	0.501717	0.497121	0.476645	0.462995	0.463627
