	ERR613340	ERR613338	ERR613339	ERR613335	ERR613336	ERR613337	ERR613666	ERR613669	ERR613667	ERR613668	ERR613670	ERR613665	ERR636636	ERR636632	ERR636631	ERR636634	ERR636633	ERR636635	ERR629929	ERR629932	ERR629933	ERR629928	ERR629931	ERR629930	ERR613666	ERR613669	ERR613667	ERR613668	ERR613670	ERR613665	ERR637031	ERR637027	ERR637030	ERR637029	ERR637028	ERR637032	ERR621924	ERR621920	ERR621922	ERR621923	ERR621919	ERR621921	ERR608871	ERR608872	ERR608875	ERR608873	ERR608876	ERR608874	ERR605970	ERR605975	ERR605971	ERR605974	ERR605972	ERR605973	ERR614947	ERR614946	ERR614948	ERR614945	ERR614944	ERR614943	ERR630460	ERR630458	ERR630462	ERR630461	ERR630463	ERR630459	ERR622016	ERR622015	ERR622019	ERR622020	ERR622018	ERR622017	ERR609235	ERR609240	ERR609238	ERR609237	ERR609239	ERR609236	ERR630219	ERR630222	ERR630223	ERR630218	ERR630221	ERR630220	ERR626685	ERR626684	ERR626683	ERR626682	ERR626681	ERR626680	ERR630533	ERR630535	ERR630534	ERR630537	ERR630536	ERR630532
ERR613340	3.84076e+09	4.44494e+09	4.46963e+09	4.91408e+09	4.46485e+09	4.74613e+09	4.63919e+09	4.35048e+09	4.50406e+09	4.37093e+09	3.73784e+09	4.70651e+09	5.1597e+09	4.66501e+09	5.0745e+09	4.75765e+09	5.09498e+09	5.21347e+09	4.46148e+09	4.31672e+09	4.37449e+09	4.87338e+09	4.39653e+09	4.83356e+09	4.63919e+09	4.35048e+09	4.50406e+09	4.37093e+09	3.73784e+09	4.70651e+09	5.40087e+09	5.24808e+09	5.0192e+09	5.26387e+09	4.86393e+09	5.34494e+09	4.26833e+09	4.54245e+09	4.5117e+09	4.31817e+09	4.77903e+09	4.52571e+09	3.57442e+09	4.38619e+09	3.83116e+09	4.60267e+09	3.78536e+09	3.87584e+09	3.77461e+09	3.86619e+09	4.61814e+09	3.90851e+09	4.65686e+09	3.96079e+09	4.69922e+09	4.72107e+09	4.76928e+09	4.16297e+09	4.26541e+09	4.1907e+09	5.06704e+09	5.13712e+09	5.14473e+09	5.19263e+09	5.20108e+09	4.91759e+09	4.58838e+09	4.81583e+09	4.89285e+09	4.93291e+09	4.9155e+09	4.57315e+09	4.63126e+09	4.71834e+09	4.06304e+09	4.47143e+09	4.72668e+09	4.62053e+09	4.67396e+09	4.9245e+09	4.78668e+09	4.99749e+09	4.91728e+09	4.5262e+09	4.35034e+09	4.44206e+09	4.38584e+09	4.42898e+09	4.83391e+09	5.09197e+09	4.17162e+09	3.97902e+09	4.4924e+09	4.01104e+09	4.0344e+09	4.34782e+09
ERR613338	4.44494e+09	5.6306e+09	5.48784e+09	6.07368e+09	5.46199e+09	5.83909e+09	5.70765e+09	5.33874e+09	5.52407e+09	5.36397e+09	4.5171e+09	5.80718e+09	6.42473e+09	5.7502e+09	6.3162e+09	5.87893e+09	6.34289e+09	6.4972e+09	5.51165e+09	5.30297e+09	5.37934e+09	6.06783e+09	5.40966e+09	6.01338e+09	5.70765e+09	5.33874e+09	5.52407e+09	5.36397e+09	4.5171e+09	5.80718e+09	6.74145e+09	6.54e+09	6.21813e+09	6.56063e+09	6.00236e+09	6.66558e+09	5.2471e+09	5.61074e+09	5.57329e+09	5.31385e+09	5.93332e+09	5.58554e+09	4.31072e+09	5.40484e+09	4.67785e+09	5.70133e+09	4.61679e+09	4.73547e+09	4.59048e+09	4.74142e+09	5.74726e+09	4.79688e+09	5.80039e+09	4.86954e+09	5.83351e+09	5.86302e+09	5.9273e+09	5.12729e+09	5.25522e+09	5.15386e+09	6.2956e+09	6.38852e+09	6.40081e+09	6.46728e+09	6.47691e+09	6.08333e+09	5.66375e+09	5.9736e+09	6.07135e+09	6.12518e+09	6.10392e+09	5.63974e+09	5.73878e+09	5.84694e+09	4.99339e+09	5.50892e+09	5.86015e+09	5.72124e+09	5.73554e+09	6.07664e+09	5.87512e+09	6.1783e+09	6.06423e+09	5.5431e+09	5.36149e+09	5.48357e+09	5.40877e+09	5.44811e+09	5.99889e+09	6.34608e+09	5.17286e+09	4.90064e+09	5.5954e+09	4.94639e+09	4.97231e+09	5.39816e+09
ERR613339	4.46963e+09	5.48784e+09	5.69497e+09	6.11104e+09	5.49493e+09	5.87498e+09	5.74089e+09	5.36788e+09	5.55571e+09	5.3934e+09	4.54058e+09	5.84099e+09	6.465e+09	5.78477e+09	6.35494e+09	5.91448e+09	6.38219e+09	6.53789e+09	5.54539e+09	5.33576e+09	5.41259e+09	6.10551e+09	5.44323e+09	6.05032e+09	5.74089e+09	5.36788e+09	5.55571e+09	5.3934e+09	4.54058e+09	5.84099e+09	6.78381e+09	6.58073e+09	6.25705e+09	6.60146e+09	6.03926e+09	6.70782e+09	5.27427e+09	5.64187e+09	5.60363e+09	5.34136e+09	5.96683e+09	5.61601e+09	4.33357e+09	5.43454e+09	4.70139e+09	5.73325e+09	4.64037e+09	4.75976e+09	4.61599e+09	4.76712e+09	5.7808e+09	4.82334e+09	5.8348e+09	4.89611e+09	5.86918e+09	5.89954e+09	5.96396e+09	5.15792e+09	5.2873e+09	5.18517e+09	6.33403e+09	6.42721e+09	6.43992e+09	6.50738e+09	6.51645e+09	6.12046e+09	5.6998e+09	6.01227e+09	6.11089e+09	6.16494e+09	6.1436e+09	5.67515e+09	5.77457e+09	5.88394e+09	5.0229e+09	5.54333e+09	5.89696e+09	5.75638e+09	5.77012e+09	6.11387e+09	5.91152e+09	6.21581e+09	6.10114e+09	5.57626e+09	5.39428e+09	5.51719e+09	5.44185e+09	5.48263e+09	6.03754e+09	6.38778e+09	5.20217e+09	4.92894e+09	5.62822e+09	4.97488e+09	5.00149e+09	5.42923e+09
ERR613335	4.91408e+09	6.07368e+09	6.11104e+09	7.03639e+09	6.09514e+09	6.54469e+09	6.40137e+09	5.95547e+09	6.18484e+09	5.98534e+09	5.0048e+09	6.51553e+09	7.25256e+09	6.44505e+09	7.11969e+09	6.59749e+09	7.1528e+09	7.34063e+09	6.1679e+09	5.93171e+09	6.02061e+09	6.82335e+09	6.05554e+09	6.75893e+09	6.40137e+09	5.95547e+09	6.18484e+09	5.98534e+09	5.0048e+09	6.51553e+09	7.63841e+09	7.39445e+09	7.01154e+09	7.41978e+09	6.75487e+09	7.54733e+09	5.8479e+09	6.27563e+09	6.23063e+09	5.9252e+09	6.65743e+09	6.24593e+09	4.79215e+09	6.05347e+09	5.2008e+09	6.39907e+09	5.1292e+09	5.26857e+09	5.07907e+09	5.2425e+09	6.41793e+09	5.30715e+09	6.48134e+09	5.39155e+09	6.56148e+09	6.59671e+09	6.67202e+09	5.73042e+09	5.8851e+09	5.76545e+09	7.0968e+09	7.20882e+09	7.22036e+09	7.30031e+09	7.31252e+09	6.84631e+09	6.34054e+09	6.70882e+09	6.82825e+09	6.89325e+09	6.8669e+09	6.31142e+09	6.43775e+09	6.56764e+09	5.56234e+09	6.17526e+09	6.58231e+09	6.41736e+09	6.45325e+09	6.85976e+09	6.62642e+09	6.98036e+09	6.84614e+09	6.22433e+09	5.97959e+09	6.12287e+09	6.03518e+09	6.0865e+09	6.73748e+09	7.15454e+09	5.77953e+09	5.46686e+09	6.27807e+09	5.51937e+09	5.55127e+09	6.04616e+09
ERR613336	4.46485e+09	5.46199e+09	5.49493e+09	6.09514e+09	5.66542e+09	5.86473e+09	5.72995e+09	5.34727e+09	5.54773e+09	5.37308e+09	4.53107e+09	5.82338e+09	6.43694e+09	5.76719e+09	6.32556e+09	5.89332e+09	6.35313e+09	6.51016e+09	5.50832e+09	5.31041e+09	5.38663e+09	6.06211e+09	5.41659e+09	6.00902e+09	5.72995e+09	5.34727e+09	5.54773e+09	5.37308e+09	4.53107e+09	5.82338e+09	6.75858e+09	6.55546e+09	6.24138e+09	6.57649e+09	6.03008e+09	6.68307e+09	5.24532e+09	5.61181e+09	5.57045e+09	5.31152e+09	5.93183e+09	5.58565e+09	4.32225e+09	5.40252e+09	4.66918e+09	5.69465e+09	4.6084e+09	4.72759e+09	4.58294e+09	4.71379e+09	5.71714e+09	4.7701e+09	5.77002e+09	4.84059e+09	5.82919e+09	5.85936e+09	5.92393e+09	5.11941e+09	5.25336e+09	5.15203e+09	6.30922e+09	6.40231e+09	6.41095e+09	6.47608e+09	6.48876e+09	6.1028e+09	5.67758e+09	5.98513e+09	6.08527e+09	6.13899e+09	6.11615e+09	5.65315e+09	5.73534e+09	5.849e+09	4.98435e+09	5.51572e+09	5.86111e+09	5.72132e+09	5.77445e+09	6.11254e+09	5.92239e+09	6.21274e+09	6.1024e+09	5.57883e+09	5.36127e+09	5.48267e+09	5.40828e+09	5.45985e+09	6.00622e+09	6.35405e+09	5.14073e+09	4.87997e+09	5.56449e+09	4.92353e+09	4.95276e+09	5.37024e+09
ERR613337	4.74613e+09	5.83909e+09	5.87498e+09	6.54469e+09	5.86473e+09	6.48499e+09	6.14347e+09	5.71914e+09	5.93994e+09	5.7468e+09	4.82288e+09	6.24757e+09	6.93292e+09	6.18373e+09	6.80724e+09	6.32395e+09	6.83788e+09	7.01457e+09	5.91313e+09	5.69412e+09	5.77755e+09	6.52558e+09	5.81055e+09	6.46563e+09	6.14347e+09	5.71914e+09	5.93994e+09	5.7468e+09	4.82288e+09	6.24757e+09	7.29147e+09	7.06317e+09	6.71169e+09	7.0866e+09	6.47558e+09	7.20679e+09	5.60908e+09	6.01346e+09	5.96905e+09	5.68213e+09	6.36911e+09	5.98558e+09	4.61182e+09	5.79629e+09	4.99027e+09	6.11861e+09	4.92319e+09	5.0543e+09	4.88815e+09	5.03588e+09	6.14051e+09	5.09725e+09	6.19947e+09	5.17435e+09	6.27515e+09	6.30784e+09	6.37869e+09	5.49226e+09	5.63954e+09	5.52809e+09	6.78701e+09	6.89184e+09	6.90122e+09	6.97459e+09	6.98756e+09	6.55732e+09	6.08557e+09	6.42835e+09	6.54049e+09	6.60123e+09	6.57573e+09	6.05871e+09	6.16414e+09	6.28904e+09	5.33685e+09	5.92207e+09	6.30251e+09	6.1471e+09	6.19403e+09	6.57098e+09	6.35849e+09	6.68291e+09	6.55926e+09	5.97682e+09	5.73842e+09	5.87297e+09	5.79068e+09	5.84697e+09	6.45243e+09	6.84142e+09	5.52241e+09	5.23438e+09	5.99101e+09	5.28212e+09	5.3137e+09	5.77524e+09
ERR613666	4.63919e+09	5.70765e+09	5.74089e+09	6.40137e+09	5.72995e+09	6.14347e+09	6.58214e+09	5.92698e+09	6.15633e+09	5.95617e+09	4.99408e+09	6.4793e+09	6.93721e+09	6.18127e+09	6.81192e+09	6.32306e+09	6.84021e+09	7.02025e+09	5.73002e+09	5.51302e+09	5.59597e+09	6.34472e+09	5.62945e+09	6.2849e+09	6.58214e+09	5.92698e+09	6.15633e+09	5.95617e+09	4.99408e+09	6.4793e+09	7.3459e+09	7.1133e+09	6.75492e+09	7.13701e+09	6.5134e+09	7.25951e+09	5.78035e+09	6.19527e+09	6.15139e+09	5.85503e+09	6.5664e+09	6.16778e+09	4.66991e+09	5.87558e+09	5.0576e+09	6.20591e+09	4.98795e+09	5.12278e+09	4.75483e+09	4.90469e+09	6.00762e+09	4.96608e+09	6.06558e+09	5.04398e+09	6.09897e+09	6.1326e+09	6.20345e+09	5.31336e+09	5.46097e+09	5.34865e+09	6.81718e+09	6.92297e+09	6.93376e+09	7.00831e+09	7.01974e+09	6.58058e+09	5.95967e+09	6.3034e+09	6.41694e+09	6.47639e+09	6.45112e+09	5.93417e+09	5.98406e+09	6.10869e+09	5.15689e+09	5.74032e+09	6.1228e+09	5.966e+09	6.29189e+09	6.68345e+09	6.46141e+09	6.79811e+09	6.67172e+09	6.07244e+09	5.55609e+09	5.69138e+09	5.60992e+09	5.66366e+09	6.27023e+09	6.66082e+09	5.3362e+09	5.04837e+09	5.80586e+09	5.09562e+09	5.12852e+09	5.58886e+09
ERR613669	4.35048e+09	5.33874e+09	5.36788e+09	5.95547e+09	5.34727e+09	5.71914e+09	5.92698e+09	5.73805e+09	5.73784e+09	5.57402e+09	4.6898e+09	6.031e+09	6.4447e+09	5.75971e+09	6.33493e+09	5.89103e+09	6.36064e+09	6.51871e+09	5.35291e+09	5.14626e+09	5.22279e+09	5.91329e+09	5.25361e+09	5.85939e+09	5.92698e+09	5.73805e+09	5.73784e+09	5.57402e+09	4.6898e+09	6.031e+09	6.80681e+09	6.60129e+09	6.27365e+09	6.62253e+09	6.05159e+09	6.73009e+09	5.42073e+09	5.79333e+09	5.7577e+09	5.48867e+09	6.12951e+09	5.77063e+09	4.37531e+09	5.48908e+09	4.74812e+09	5.79359e+09	4.68465e+09	4.80735e+09	4.47028e+09	4.6182e+09	5.62872e+09	4.67417e+09	5.68156e+09	4.74892e+09	5.68548e+09	5.71593e+09	5.78025e+09	4.97219e+09	5.10266e+09	4.99897e+09	6.33757e+09	6.43248e+09	6.44648e+09	6.51398e+09	6.52223e+09	6.1206e+09	5.56096e+09	5.87302e+09	5.9749e+09	6.02864e+09	6.00639e+09	5.53889e+09	5.58326e+09	5.69076e+09	4.83336e+09	5.35259e+09	5.70462e+09	5.56322e+09	5.84216e+09	6.19932e+09	5.98811e+09	6.30211e+09	6.1867e+09	5.6465e+09	5.20086e+09	5.32424e+09	5.25054e+09	5.28805e+09	5.84448e+09	6.19666e+09	5.00791e+09	4.73608e+09	5.43503e+09	4.78145e+09	4.80863e+09	5.23454e+09
ERR613667	4.50406e+09	5.52407e+09	5.55571e+09	6.18484e+09	5.54773e+09	5.93994e+09	6.15633e+09	5.73784e+09	6.15699e+09	5.76582e+09	4.846e+09	6.25814e+09	6.69089e+09	5.97492e+09	6.57154e+09	6.1101e+09	6.59928e+09	6.76929e+09	5.53697e+09	5.33132e+09	5.41061e+09	6.12187e+09	5.44228e+09	6.06578e+09	6.15633e+09	5.73784e+09	6.15699e+09	5.76582e+09	4.846e+09	6.25814e+09	7.07748e+09	6.85775e+09	6.52034e+09	6.88031e+09	6.29145e+09	6.99641e+09	5.59432e+09	5.98802e+09	5.94631e+09	5.66559e+09	6.33872e+09	5.9622e+09	4.52675e+09	5.67693e+09	4.89659e+09	5.99199e+09	4.82945e+09	4.95833e+09	4.60848e+09	4.74618e+09	5.80058e+09	4.80485e+09	5.85547e+09	4.88022e+09	5.88688e+09	5.91854e+09	5.98641e+09	5.1357e+09	5.27773e+09	5.17064e+09	6.57875e+09	6.6794e+09	6.69094e+09	6.76009e+09	6.77118e+09	6.35676e+09	5.76329e+09	6.0894e+09	6.19802e+09	6.25464e+09	6.23028e+09	5.73857e+09	5.779e+09	5.89714e+09	4.9885e+09	5.54708e+09	5.91106e+09	5.76111e+09	6.08281e+09	6.45452e+09	6.24524e+09	6.56204e+09	6.44368e+09	5.87388e+09	5.3751e+09	5.50489e+09	5.42695e+09	5.47863e+09	6.05674e+09	6.42801e+09	5.15275e+09	4.8792e+09	5.60057e+09	4.92395e+09	4.95584e+09	5.39461e+09
ERR613668	4.37093e+09	5.36397e+09	5.3934e+09	5.98534e+09	5.37308e+09	5.7468e+09	5.95617e+09	5.57402e+09	5.76582e+09	5.79077e+09	4.71015e+09	6.05974e+09	6.47691e+09	5.78691e+09	6.36621e+09	5.91904e+09	6.39232e+09	6.5513e+09	5.37723e+09	5.17009e+09	5.24674e+09	5.94099e+09	5.27739e+09	5.88652e+09	5.95617e+09	5.57402e+09	5.76582e+09	5.79077e+09	4.71015e+09	6.05974e+09	6.8427e+09	6.63491e+09	6.30508e+09	6.65653e+09	6.08168e+09	6.76543e+09	5.44494e+09	5.81997e+09	5.7841e+09	5.51331e+09	6.1576e+09	5.79664e+09	4.39568e+09	5.51615e+09	4.77035e+09	5.82255e+09	4.7064e+09	4.82945e+09	4.48986e+09	4.63813e+09	5.65341e+09	4.69391e+09	5.70624e+09	4.76915e+09	5.71249e+09	5.74225e+09	5.80781e+09	4.99397e+09	5.12569e+09	5.02157e+09	6.36985e+09	6.46547e+09	6.47908e+09	6.54703e+09	6.55551e+09	6.15131e+09	5.58668e+09	5.90053e+09	6.00223e+09	6.05678e+09	6.03476e+09	5.56369e+09	5.60874e+09	5.71777e+09	4.85424e+09	5.37702e+09	5.73191e+09	5.58901e+09	5.87177e+09	6.23153e+09	6.01942e+09	6.33459e+09	6.21886e+09	5.67405e+09	5.22373e+09	5.34799e+09	5.27308e+09	5.3123e+09	5.8716e+09	6.22609e+09	5.02965e+09	4.75655e+09	5.45927e+09	4.80229e+09	4.82966e+09	5.25773e+09
ERR613670	3.73784e+09	4.5171e+09	4.54058e+09	5.0048e+09	4.53107e+09	4.82288e+09	4.99408e+09	4.6898e+09	4.846e+09	4.71015e+09	4.17012e+09	5.0705e+09	5.37975e+09	4.84821e+09	5.29163e+09	4.94892e+09	5.31182e+09	5.43781e+09	4.51103e+09	4.35361e+09	4.41387e+09	4.95031e+09	4.43762e+09	4.90832e+09	4.99408e+09	4.6898e+09	4.846e+09	4.71015e+09	4.17012e+09	5.0705e+09	5.66616e+09	5.50334e+09	5.25249e+09	5.52011e+09	5.08182e+09	5.60619e+09	4.57922e+09	4.87257e+09	4.84212e+09	4.63218e+09	5.1331e+09	4.85428e+09	3.74155e+09	4.61955e+09	4.03112e+09	4.85683e+09	3.98126e+09	4.07837e+09	3.82288e+09	3.93166e+09	4.72828e+09	3.9762e+09	4.76965e+09	4.03371e+09	4.77058e+09	4.79424e+09	4.84539e+09	4.20376e+09	4.3098e+09	4.22919e+09	5.29796e+09	5.37247e+09	5.38228e+09	5.43361e+09	5.44197e+09	5.13246e+09	4.69266e+09	4.93466e+09	5.01536e+09	5.05754e+09	5.03977e+09	4.67497e+09	4.69384e+09	4.78177e+09	4.09702e+09	4.51648e+09	4.79298e+09	4.68038e+09	4.92319e+09	5.20005e+09	5.04173e+09	5.27931e+09	5.19095e+09	4.76777e+09	4.39313e+09	4.49072e+09	4.43168e+09	4.46959e+09	4.90305e+09	5.17881e+09	4.21701e+09	4.00832e+09	4.55619e+09	4.04256e+09	4.06617e+09	4.39997e+09
ERR613665	4.70651e+09	5.80718e+09	5.84099e+09	6.51553e+09	5.82338e+09	6.24757e+09	6.4793e+09	6.031e+09	6.25814e+09	6.05974e+09	5.0705e+09	6.80909e+09	7.07329e+09	6.29077e+09	6.94643e+09	6.43928e+09	6.97542e+09	7.15897e+09	5.84281e+09	5.61507e+09	5.69994e+09	6.47593e+09	5.7346e+09	6.41394e+09	6.4793e+09	6.031e+09	6.25814e+09	6.05974e+09	5.0705e+09	6.80909e+09	7.49162e+09	7.25321e+09	6.87977e+09	7.27741e+09	6.62756e+09	7.40222e+09	5.88646e+09	6.31092e+09	6.26832e+09	5.96305e+09	6.69544e+09	6.28276e+09	4.7451e+09	5.98869e+09	5.1523e+09	6.33096e+09	5.08012e+09	5.21822e+09	4.83877e+09	5.00096e+09	6.13476e+09	5.06323e+09	6.19423e+09	5.14508e+09	6.22332e+09	6.25765e+09	6.33038e+09	5.41854e+09	5.56748e+09	5.45116e+09	6.94888e+09	7.05785e+09	7.07018e+09	7.1474e+09	7.1579e+09	6.70208e+09	6.06646e+09	6.42232e+09	6.53758e+09	6.5992e+09	6.57386e+09	6.03984e+09	6.10347e+09	6.22802e+09	5.25713e+09	5.84748e+09	6.24357e+09	6.08244e+09	6.39413e+09	6.79892e+09	6.56436e+09	6.91803e+09	6.78615e+09	6.17087e+09	5.66191e+09	5.8006e+09	5.71706e+09	5.76535e+09	6.39228e+09	6.79431e+09	5.455e+09	5.15333e+09	5.9367e+09	5.20279e+09	5.23445e+09	5.71174e+09
ERR636636	5.1597e+09	6.42473e+09	6.465e+09	7.25256e+09	6.43694e+09	6.93292e+09	6.93721e+09	6.4447e+09	6.69089e+09	6.47691e+09	5.37975e+09	7.07329e+09	8.43736e+09	7.21112e+09	8.0358e+09	7.40211e+09	8.07574e+09	8.30475e+09	6.74653e+09	6.47127e+09	6.57202e+09	7.5052e+09	6.61226e+09	7.43e+09	6.93721e+09	6.4447e+09	6.69089e+09	6.47691e+09	5.37975e+09	7.07329e+09	8.46892e+09	8.18522e+09	7.72878e+09	8.21547e+09	7.41989e+09	8.36242e+09	6.33199e+09	6.80625e+09	6.76277e+09	6.41785e+09	7.24628e+09	6.77591e+09	5.1954e+09	6.62719e+09	5.66766e+09	7.02789e+09	5.58656e+09	5.74321e+09	5.38415e+09	5.58574e+09	6.8978e+09	5.65703e+09	6.96924e+09	5.755e+09	7.21317e+09	7.2554e+09	7.34071e+09	6.25967e+09	6.43513e+09	6.29672e+09	7.84542e+09	7.97719e+09	7.99708e+09	8.09242e+09	8.10212e+09	7.5458e+09	6.83723e+09	7.26342e+09	7.40157e+09	7.47632e+09	7.44684e+09	6.80526e+09	7.00084e+09	7.14287e+09	6.01521e+09	6.69258e+09	7.16171e+09	6.97285e+09	7.03379e+09	7.50782e+09	7.22912e+09	7.64803e+09	7.49044e+09	6.7757e+09	6.47033e+09	6.6342e+09	6.53696e+09	6.57759e+09	7.32908e+09	7.81442e+09	6.34192e+09	5.97267e+09	6.9131e+09	6.03481e+09	6.06869e+09	6.64259e+09
ERR636632	4.66501e+09	5.7502e+09	5.78477e+09	6.44505e+09	5.76719e+09	6.18373e+09	6.18127e+09	5.75971e+09	5.97492e+09	5.78691e+09	4.84821e+09	6.29077e+09	7.21112e+09	6.61592e+09	7.08501e+09	6.57825e+09	7.11688e+09	7.29438e+09	5.97315e+09	5.74581e+09	5.83183e+09	6.60662e+09	5.86546e+09	6.54522e+09	6.18127e+09	5.75971e+09	5.97492e+09	5.78691e+09	4.84821e+09	6.29077e+09	7.41888e+09	7.19701e+09	6.83917e+09	7.22006e+09	6.59637e+09	7.33533e+09	5.64242e+09	6.0449e+09	6.00443e+09	5.71554e+09	6.40713e+09	6.01828e+09	4.65546e+09	5.86983e+09	5.05237e+09	6.20248e+09	4.98345e+09	5.117e+09	4.80981e+09	4.96981e+09	6.07607e+09	5.0314e+09	6.13432e+09	5.11219e+09	6.33558e+09	6.37112e+09	6.443e+09	5.5319e+09	5.68213e+09	5.56684e+09	6.92734e+09	7.03335e+09	7.04696e+09	7.12168e+09	7.13094e+09	6.68767e+09	6.07994e+09	6.43203e+09	6.54725e+09	6.60854e+09	6.58376e+09	6.05399e+09	6.17505e+09	6.29801e+09	5.33805e+09	5.92274e+09	6.31291e+09	6.15486e+09	6.27368e+09	6.65914e+09	6.43517e+09	6.77168e+09	6.64631e+09	6.0565e+09	5.76856e+09	5.9072e+09	5.82452e+09	5.87006e+09	6.49325e+09	6.8879e+09	5.56409e+09	5.26232e+09	6.04159e+09	5.31329e+09	5.34323e+09	5.81919e+09
ERR636631	5.0745e+09	6.3162e+09	6.35494e+09	7.11969e+09	6.32556e+09	6.80724e+09	6.81192e+09	6.33493e+09	6.57154e+09	6.36621e+09	5.29163e+09	6.94643e+09	8.0358e+09	7.08501e+09	8.10996e+09	7.26791e+09	7.92518e+09	8.13716e+09	6.62181e+09	6.34975e+09	6.4485e+09	7.36434e+09	6.48793e+09	7.29068e+09	6.81192e+09	6.33493e+09	6.57154e+09	6.36621e+09	5.29163e+09	6.94643e+09	8.29133e+09	8.02465e+09	7.58024e+09	8.05334e+09	7.28188e+09	8.18917e+09	6.22257e+09	6.68473e+09	6.64343e+09	6.30706e+09	7.11359e+09	6.65464e+09	5.09961e+09	6.50271e+09	5.56681e+09	6.89456e+09	5.48763e+09	5.6404e+09	5.28938e+09	5.4899e+09	6.77057e+09	5.55903e+09	6.84067e+09	5.65596e+09	7.06867e+09	7.10976e+09	7.19306e+09	6.14088e+09	6.31e+09	6.17423e+09	7.6975e+09	7.82405e+09	7.84194e+09	7.93389e+09	7.94241e+09	7.40286e+09	6.71629e+09	7.13214e+09	7.26473e+09	7.33749e+09	7.30976e+09	6.68476e+09	6.86722e+09	7.00359e+09	5.90744e+09	6.56377e+09	7.02224e+09	6.8392e+09	6.90375e+09	7.36288e+09	7.08909e+09	7.49993e+09	7.34566e+09	6.65463e+09	6.36283e+09	6.52265e+09	6.42707e+09	6.46374e+09	7.19896e+09	7.66907e+09	6.21848e+09	5.85493e+09	6.77387e+09	5.91697e+09	5.94816e+09	6.50974e+09
ERR636634	4.75765e+09	5.87893e+09	5.91448e+09	6.59749e+09	5.89332e+09	6.32395e+09	6.32306e+09	5.89103e+09	6.1101e+09	5.91904e+09	4.94892e+09	6.43928e+09	7.40211e+09	6.57825e+09	7.26791e+09	6.93603e+09	7.30079e+09	7.48857e+09	6.11976e+09	5.88169e+09	5.97096e+09	6.77711e+09	6.00619e+09	6.71334e+09	6.32306e+09	5.89103e+09	6.1101e+09	5.91904e+09	4.94892e+09	6.43928e+09	7.61519e+09	7.38306e+09	7.00803e+09	7.40792e+09	6.75102e+09	7.52805e+09	5.77685e+09	6.19194e+09	6.15212e+09	5.85242e+09	6.56959e+09	6.1649e+09	4.75692e+09	6.01573e+09	5.17185e+09	6.36156e+09	5.10058e+09	5.23903e+09	4.91948e+09	5.08949e+09	6.23507e+09	5.15257e+09	6.29542e+09	5.23759e+09	6.50119e+09	6.53785e+09	6.61198e+09	5.66989e+09	5.82399e+09	5.70391e+09	7.10233e+09	7.21287e+09	7.22911e+09	7.30808e+09	7.31672e+09	6.85088e+09	6.22297e+09	6.58926e+09	6.70833e+09	6.77208e+09	6.74687e+09	6.19592e+09	6.33073e+09	6.4564e+09	5.46648e+09	6.06599e+09	6.47227e+09	6.3078e+09	6.41527e+09	6.81788e+09	6.58221e+09	6.9351e+09	6.80356e+09	6.19173e+09	5.90579e+09	6.04921e+09	5.96358e+09	6.00592e+09	6.65427e+09	7.06528e+09	5.71216e+09	5.39664e+09	6.20612e+09	5.45003e+09	5.48013e+09	5.9748e+09
ERR636633	5.09498e+09	6.34289e+09	6.38219e+09	7.1528e+09	6.35313e+09	6.83788e+09	6.84021e+09	6.36064e+09	6.59928e+09	6.39232e+09	5.31182e+09	6.97542e+09	8.07574e+09	7.11688e+09	7.92518e+09	7.30079e+09	8.19174e+09	8.17806e+09	6.6533e+09	6.38006e+09	6.47931e+09	7.40053e+09	6.51893e+09	7.32697e+09	6.84021e+09	6.36064e+09	6.59928e+09	6.39232e+09	5.31182e+09	6.97542e+09	8.33499e+09	8.06515e+09	7.61649e+09	8.09429e+09	7.31557e+09	8.23149e+09	6.24763e+09	6.71205e+09	6.67062e+09	6.33182e+09	7.14359e+09	6.68197e+09	5.12053e+09	6.53153e+09	5.58981e+09	6.92535e+09	5.51005e+09	5.66388e+09	5.31114e+09	5.5119e+09	6.80013e+09	5.58112e+09	6.87089e+09	5.67862e+09	7.10443e+09	7.14556e+09	7.22905e+09	6.17031e+09	6.34082e+09	6.20363e+09	7.73459e+09	7.86137e+09	7.88015e+09	7.97293e+09	7.98174e+09	7.43784e+09	6.74761e+09	7.16658e+09	7.30078e+09	7.37417e+09	7.34575e+09	6.71614e+09	6.90018e+09	7.03778e+09	5.93439e+09	6.59539e+09	7.05632e+09	6.87178e+09	6.93518e+09	7.39864e+09	7.12288e+09	7.53604e+09	7.38097e+09	6.68416e+09	6.39211e+09	6.55348e+09	6.45725e+09	6.49337e+09	7.23399e+09	7.70824e+09	6.25007e+09	5.88412e+09	6.80978e+09	5.94691e+09	5.97823e+09	6.54301e+09
ERR636635	5.21347e+09	6.4972e+09	6.53789e+09	7.34063e+09	6.51016e+09	7.01457e+09	7.02025e+09	6.51871e+09	6.76929e+09	6.5513e+09	5.43781e+09	7.15897e+09	8.30475e+09	7.29438e+09	8.13716e+09	7.48857e+09	8.17806e+09	8.65299e+09	6.83334e+09	6.55319e+09	6.65567e+09	7.60619e+09	6.69658e+09	7.52937e+09	7.02025e+09	6.51871e+09	6.76929e+09	6.5513e+09	5.43781e+09	7.15897e+09	8.58545e+09	8.29288e+09	7.82335e+09	8.32366e+09	7.50782e+09	8.47523e+09	6.40582e+09	6.8881e+09	6.84463e+09	6.49337e+09	7.33713e+09	6.85772e+09	5.25471e+09	6.70991e+09	5.73408e+09	7.11699e+09	5.6512e+09	5.81057e+09	5.44836e+09	5.65471e+09	6.98964e+09	5.72654e+09	7.06163e+09	5.82632e+09	7.31438e+09	7.35662e+09	7.44392e+09	6.34323e+09	6.52176e+09	6.38058e+09	7.94361e+09	8.07878e+09	8.09874e+09	8.19636e+09	8.20691e+09	7.63785e+09	6.92219e+09	7.35662e+09	7.49717e+09	7.57372e+09	7.54371e+09	6.889e+09	7.09475e+09	7.23918e+09	6.09115e+09	6.78086e+09	7.25862e+09	7.0659e+09	7.11687e+09	7.6005e+09	7.31641e+09	7.74424e+09	7.58307e+09	6.85354e+09	6.546e+09	6.71243e+09	6.61333e+09	6.65476e+09	7.41945e+09	7.91549e+09	6.43094e+09	6.05459e+09	7.01391e+09	6.11862e+09	6.15291e+09	6.73838e+09
ERR629929	4.46148e+09	5.51165e+09	5.54539e+09	6.1679e+09	5.50832e+09	5.91313e+09	5.73002e+09	5.35291e+09	5.53697e+09	5.37723e+09	4.51103e+09	5.84281e+09	6.74653e+09	5.97315e+09	6.62181e+09	6.11976e+09	6.6533e+09	6.83334e+09	6.4798e+09	6.02791e+09	6.11426e+09	6.92872e+09	6.15075e+09	6.86215e+09	5.73002e+09	5.35291e+09	5.53697e+09	5.37723e+09	4.51103e+09	5.84281e+09	6.99056e+09	6.75798e+09	6.38564e+09	6.78328e+09	6.14228e+09	6.90087e+09	5.2625e+09	5.63839e+09	5.60138e+09	5.33255e+09	5.9809e+09	5.61271e+09	4.43199e+09	5.58886e+09	4.82774e+09	5.90414e+09	4.76317e+09	4.88797e+09	4.97138e+09	5.16897e+09	6.28804e+09	5.22982e+09	6.35108e+09	5.31206e+09	6.63684e+09	6.6717e+09	6.74335e+09	5.82951e+09	5.97518e+09	5.85598e+09	6.52472e+09	6.62702e+09	6.63818e+09	6.71365e+09	6.72599e+09	6.28836e+09	6.21091e+09	6.58042e+09	6.69605e+09	6.75939e+09	6.73668e+09	6.18306e+09	6.44149e+09	6.55409e+09	5.60344e+09	6.16738e+09	6.5684e+09	6.41291e+09	5.80451e+09	6.16766e+09	5.9453e+09	6.28147e+09	6.15189e+09	5.60296e+09	5.91214e+09	6.05027e+09	5.96761e+09	5.99138e+09	6.62802e+09	7.03884e+09	5.92424e+09	5.59546e+09	6.40889e+09	5.65175e+09	5.67647e+09	6.17776e+09
ERR629932	4.31672e+09	5.30297e+09	5.33576e+09	5.93171e+09	5.31041e+09	5.69412e+09	5.51302e+09	5.14626e+09	5.33132e+09	5.17009e+09	4.35361e+09	5.61507e+09	6.47127e+09	5.74581e+09	6.34975e+09	5.88169e+09	6.38006e+09	6.55319e+09	6.02791e+09	5.99504e+09	5.88459e+09	6.63032e+09	5.91846e+09	6.57004e+09	5.51302e+09	5.14626e+09	5.33132e+09	5.17009e+09	4.35361e+09	5.61507e+09	6.70228e+09	6.48012e+09	6.13552e+09	6.50491e+09	5.90909e+09	6.61849e+09	5.05256e+09	5.4097e+09	5.37247e+09	5.11962e+09	5.73073e+09	5.385e+09	4.28244e+09	5.36732e+09	4.64471e+09	5.66123e+09	4.58411e+09	4.70175e+09	4.79196e+09	4.96464e+09	6.01313e+09	5.02156e+09	6.07191e+09	5.09777e+09	6.36305e+09	6.39597e+09	6.46315e+09	5.60226e+09	5.74381e+09	5.63323e+09	6.26166e+09	6.35871e+09	6.36772e+09	6.43797e+09	6.45095e+09	6.04359e+09	5.97012e+09	6.31583e+09	6.42647e+09	6.48639e+09	6.46383e+09	5.94536e+09	6.17829e+09	6.28781e+09	5.3861e+09	5.93013e+09	6.30001e+09	6.15405e+09	5.59325e+09	5.93384e+09	5.73262e+09	6.03963e+09	5.92015e+09	5.40046e+09	5.68006e+09	5.80992e+09	5.73229e+09	5.76553e+09	6.35619e+09	6.74147e+09	5.67172e+09	5.37401e+09	6.1284e+09	5.42395e+09	5.45032e+09	5.91477e+09
ERR629933	4.37449e+09	5.37934e+09	5.41259e+09	6.02061e+09	5.38663e+09	5.77755e+09	5.59597e+09	5.22279e+09	5.41061e+09	5.24674e+09	4.41387e+09	5.69994e+09	6.57202e+09	5.83183e+09	6.4485e+09	5.97096e+09	6.47931e+09	6.65567e+09	6.11426e+09	5.88459e+09	6.16099e+09	6.73048e+09	6.00186e+09	6.66801e+09	5.59597e+09	5.22279e+09	5.41061e+09	5.24674e+09	4.41387e+09	5.69994e+09	6.80766e+09	6.5812e+09	6.2302e+09	6.60633e+09	5.99896e+09	6.72221e+09	5.12798e+09	5.49191e+09	5.45406e+09	5.19568e+09	5.81961e+09	5.46725e+09	4.34007e+09	5.44605e+09	4.7084e+09	5.74587e+09	4.64591e+09	4.76688e+09	4.85286e+09	5.02918e+09	6.10005e+09	5.08745e+09	6.16015e+09	5.16503e+09	6.45611e+09	6.49002e+09	6.55829e+09	5.67862e+09	5.8232e+09	5.71046e+09	6.35814e+09	6.45666e+09	6.46674e+09	6.53857e+09	6.55192e+09	6.13528e+09	6.05674e+09	6.40967e+09	6.52318e+09	6.58399e+09	6.56116e+09	6.03193e+09	6.26762e+09	6.37953e+09	5.45886e+09	6.01448e+09	6.39298e+09	6.24275e+09	5.67755e+09	6.02517e+09	5.81923e+09	6.13314e+09	6.01132e+09	5.48083e+09	5.76141e+09	5.89362e+09	5.81461e+09	5.8484e+09	6.4525e+09	6.84601e+09	5.74937e+09	5.44504e+09	6.21548e+09	5.49658e+09	5.52334e+09	5.9974e+09
ERR629928	4.87338e+09	6.06783e+09	6.10551e+09	6.82335e+09	6.06211e+09	6.52558e+09	6.34472e+09	5.91329e+09	6.12187e+09	5.94099e+09	4.95031e+09	6.47593e+09	7.5052e+09	6.60662e+09	7.36434e+09	6.77711e+09	7.40053e+09	7.60619e+09	6.92872e+09	6.63032e+09	6.73048e+09	7.93051e+09	6.77391e+09	7.61866e+09	6.34472e+09	5.91329e+09	6.12187e+09	5.94099e+09	4.95031e+09	6.47593e+09	7.79386e+09	7.52682e+09	7.08964e+09	7.55634e+09	6.80576e+09	7.69049e+09	5.816e+09	6.24731e+09	6.20759e+09	5.89643e+09	6.64625e+09	6.21827e+09	4.85062e+09	6.17681e+09	5.30349e+09	6.54607e+09	5.22916e+09	5.37174e+09	5.42535e+09	5.65623e+09	6.95585e+09	5.72466e+09	7.03108e+09	5.822e+09	7.35161e+09	7.39276e+09	7.47791e+09	6.40942e+09	6.57623e+09	6.43716e+09	7.25204e+09	7.37011e+09	7.38412e+09	7.47298e+09	7.4847e+09	6.97152e+09	6.85421e+09	7.28712e+09	7.42025e+09	7.49552e+09	7.47023e+09	6.82186e+09	7.12297e+09	7.25073e+09	6.14832e+09	6.79511e+09	7.26802e+09	7.08657e+09	6.42829e+09	6.85193e+09	6.59102e+09	6.98543e+09	6.83423e+09	6.19884e+09	6.50726e+09	6.66846e+09	6.57147e+09	6.59191e+09	7.34026e+09	7.82456e+09	6.53342e+09	6.14451e+09	7.10143e+09	6.21095e+09	6.23784e+09	6.82754e+09
ERR629931	4.39653e+09	5.40966e+09	5.44323e+09	6.05554e+09	5.41659e+09	5.81055e+09	5.62945e+09	5.25361e+09	5.44228e+09	5.27739e+09	4.43762e+09	5.7346e+09	6.61226e+09	5.86546e+09	6.48793e+09	6.00619e+09	6.51893e+09	6.69658e+09	6.15075e+09	5.91846e+09	6.00186e+09	6.77391e+09	6.23381e+09	6.71059e+09	5.62945e+09	5.25361e+09	5.44228e+09	5.27739e+09	4.43762e+09	5.7346e+09	6.85007e+09	6.62231e+09	6.26753e+09	6.64715e+09	6.0338e+09	6.7635e+09	5.15746e+09	5.52503e+09	5.48691e+09	5.22603e+09	5.85589e+09	5.49955e+09	4.36094e+09	5.47656e+09	4.73373e+09	5.78002e+09	4.67077e+09	4.7925e+09	4.8796e+09	5.05858e+09	6.13965e+09	5.11729e+09	6.20019e+09	5.19639e+09	6.4954e+09	6.52994e+09	6.59901e+09	5.71142e+09	5.85643e+09	5.74212e+09	6.39674e+09	6.4964e+09	6.50604e+09	6.57801e+09	6.59129e+09	6.17157e+09	6.09347e+09	6.45045e+09	6.56393e+09	6.62502e+09	6.60247e+09	6.06755e+09	6.30621e+09	6.41818e+09	5.49039e+09	6.04879e+09	6.43199e+09	6.28077e+09	5.7103e+09	6.06095e+09	5.85287e+09	6.1698e+09	6.04702e+09	5.51263e+09	5.79511e+09	5.9293e+09	5.84848e+09	5.88211e+09	6.49175e+09	6.88835e+09	5.78375e+09	5.47555e+09	6.254e+09	5.52741e+09	5.55407e+09	6.03314e+09
ERR629930	4.83356e+09	6.01338e+09	6.05032e+09	6.75893e+09	6.00902e+09	6.46563e+09	6.2849e+09	5.85939e+09	6.06578e+09	5.88652e+09	4.90832e+09	6.41394e+09	7.43e+09	6.54522e+09	7.29068e+09	6.71334e+09	7.32697e+09	7.52937e+09	6.86215e+09	6.57004e+09	6.66801e+09	7.61866e+09	6.71059e+09	7.7706e+09	6.2849e+09	5.85939e+09	6.06578e+09	5.88652e+09	4.90832e+09	6.41394e+09	7.7125e+09	7.44995e+09	7.02037e+09	7.47892e+09	6.74089e+09	7.61065e+09	5.76053e+09	6.18667e+09	6.14627e+09	5.84012e+09	6.57922e+09	6.15795e+09	4.80824e+09	6.11692e+09	5.25472e+09	6.4808e+09	5.18135e+09	5.32253e+09	5.37734e+09	5.60373e+09	6.88457e+09	5.67208e+09	6.95814e+09	5.76754e+09	7.27804e+09	7.319e+09	7.40245e+09	6.34941e+09	6.51514e+09	6.37747e+09	7.18007e+09	7.29613e+09	7.30976e+09	7.39677e+09	7.40887e+09	6.9036e+09	6.7919e+09	7.21805e+09	7.35012e+09	7.4236e+09	7.39889e+09	6.76048e+09	7.05264e+09	7.17911e+09	6.09232e+09	6.73109e+09	7.19546e+09	7.01735e+09	6.36845e+09	6.78551e+09	6.52924e+09	6.91633e+09	6.76743e+09	6.14186e+09	6.44865e+09	6.60715e+09	6.51252e+09	6.53342e+09	7.26975e+09	7.74656e+09	6.46858e+09	6.08609e+09	7.027e+09	6.15118e+09	6.17784e+09	6.75741e+09
ERR613666	4.63919e+09	5.70765e+09	5.74089e+09	6.40137e+09	5.72995e+09	6.14347e+09	6.58214e+09	5.92698e+09	6.15633e+09	5.95617e+09	4.99408e+09	6.4793e+09	6.93721e+09	6.18127e+09	6.81192e+09	6.32306e+09	6.84021e+09	7.02025e+09	5.73002e+09	5.51302e+09	5.59597e+09	6.34472e+09	5.62945e+09	6.2849e+09	6.58214e+09	5.92698e+09	6.15633e+09	5.95617e+09	4.99408e+09	6.4793e+09	7.3459e+09	7.1133e+09	6.75492e+09	7.13701e+09	6.5134e+09	7.25951e+09	5.78035e+09	6.19527e+09	6.15139e+09	5.85503e+09	6.5664e+09	6.16778e+09	4.66991e+09	5.87558e+09	5.0576e+09	6.20591e+09	4.98795e+09	5.12278e+09	4.75483e+09	4.90469e+09	6.00762e+09	4.96608e+09	6.06558e+09	5.04398e+09	6.09897e+09	6.1326e+09	6.20345e+09	5.31336e+09	5.46097e+09	5.34865e+09	6.81718e+09	6.92297e+09	6.93376e+09	7.00831e+09	7.01974e+09	6.58058e+09	5.95967e+09	6.3034e+09	6.41694e+09	6.47639e+09	6.45112e+09	5.93417e+09	5.98406e+09	6.10869e+09	5.15689e+09	5.74032e+09	6.1228e+09	5.966e+09	6.29189e+09	6.68345e+09	6.46141e+09	6.79811e+09	6.67172e+09	6.07244e+09	5.55609e+09	5.69138e+09	5.60992e+09	5.66366e+09	6.27023e+09	6.66082e+09	5.3362e+09	5.04837e+09	5.80586e+09	5.09562e+09	5.12852e+09	5.58886e+09
ERR613669	4.35048e+09	5.33874e+09	5.36788e+09	5.95547e+09	5.34727e+09	5.71914e+09	5.92698e+09	5.73805e+09	5.73784e+09	5.57402e+09	4.6898e+09	6.031e+09	6.4447e+09	5.75971e+09	6.33493e+09	5.89103e+09	6.36064e+09	6.51871e+09	5.35291e+09	5.14626e+09	5.22279e+09	5.91329e+09	5.25361e+09	5.85939e+09	5.92698e+09	5.73805e+09	5.73784e+09	5.57402e+09	4.6898e+09	6.031e+09	6.80681e+09	6.60129e+09	6.27365e+09	6.62253e+09	6.05159e+09	6.73009e+09	5.42073e+09	5.79333e+09	5.7577e+09	5.48867e+09	6.12951e+09	5.77063e+09	4.37531e+09	5.48908e+09	4.74812e+09	5.79359e+09	4.68465e+09	4.80735e+09	4.47028e+09	4.6182e+09	5.62872e+09	4.67417e+09	5.68156e+09	4.74892e+09	5.68548e+09	5.71593e+09	5.78025e+09	4.97219e+09	5.10266e+09	4.99897e+09	6.33757e+09	6.43248e+09	6.44648e+09	6.51398e+09	6.52223e+09	6.1206e+09	5.56096e+09	5.87302e+09	5.9749e+09	6.02864e+09	6.00639e+09	5.53889e+09	5.58326e+09	5.69076e+09	4.83336e+09	5.35259e+09	5.70462e+09	5.56322e+09	5.84216e+09	6.19932e+09	5.98811e+09	6.30211e+09	6.1867e+09	5.6465e+09	5.20086e+09	5.32424e+09	5.25054e+09	5.28805e+09	5.84448e+09	6.19666e+09	5.00791e+09	4.73608e+09	5.43503e+09	4.78145e+09	4.80863e+09	5.23454e+09
ERR613667	4.50406e+09	5.52407e+09	5.55571e+09	6.18484e+09	5.54773e+09	5.93994e+09	6.15633e+09	5.73784e+09	6.15699e+09	5.76582e+09	4.846e+09	6.25814e+09	6.69089e+09	5.97492e+09	6.57154e+09	6.1101e+09	6.59928e+09	6.76929e+09	5.53697e+09	5.33132e+09	5.41061e+09	6.12187e+09	5.44228e+09	6.06578e+09	6.15633e+09	5.73784e+09	6.15699e+09	5.76582e+09	4.846e+09	6.25814e+09	7.07748e+09	6.85775e+09	6.52034e+09	6.88031e+09	6.29145e+09	6.99641e+09	5.59432e+09	5.98802e+09	5.94631e+09	5.66559e+09	6.33872e+09	5.9622e+09	4.52675e+09	5.67693e+09	4.89659e+09	5.99199e+09	4.82945e+09	4.95833e+09	4.60848e+09	4.74618e+09	5.80058e+09	4.80485e+09	5.85547e+09	4.88022e+09	5.88688e+09	5.91854e+09	5.98641e+09	5.1357e+09	5.27773e+09	5.17064e+09	6.57875e+09	6.6794e+09	6.69094e+09	6.76009e+09	6.77118e+09	6.35676e+09	5.76329e+09	6.0894e+09	6.19802e+09	6.25464e+09	6.23028e+09	5.73857e+09	5.779e+09	5.89714e+09	4.9885e+09	5.54708e+09	5.91106e+09	5.76111e+09	6.08281e+09	6.45452e+09	6.24524e+09	6.56204e+09	6.44368e+09	5.87388e+09	5.3751e+09	5.50489e+09	5.42695e+09	5.47863e+09	6.05674e+09	6.42801e+09	5.15275e+09	4.8792e+09	5.60057e+09	4.92395e+09	4.95584e+09	5.39461e+09
ERR613668	4.37093e+09	5.36397e+09	5.3934e+09	5.98534e+09	5.37308e+09	5.7468e+09	5.95617e+09	5.57402e+09	5.76582e+09	5.79077e+09	4.71015e+09	6.05974e+09	6.47691e+09	5.78691e+09	6.36621e+09	5.91904e+09	6.39232e+09	6.5513e+09	5.37723e+09	5.17009e+09	5.24674e+09	5.94099e+09	5.27739e+09	5.88652e+09	5.95617e+09	5.57402e+09	5.76582e+09	5.79077e+09	4.71015e+09	6.05974e+09	6.8427e+09	6.63491e+09	6.30508e+09	6.65653e+09	6.08168e+09	6.76543e+09	5.44494e+09	5.81997e+09	5.7841e+09	5.51331e+09	6.1576e+09	5.79664e+09	4.39568e+09	5.51615e+09	4.77035e+09	5.82255e+09	4.7064e+09	4.82945e+09	4.48986e+09	4.63813e+09	5.65341e+09	4.69391e+09	5.70624e+09	4.76915e+09	5.71249e+09	5.74225e+09	5.80781e+09	4.99397e+09	5.12569e+09	5.02157e+09	6.36985e+09	6.46547e+09	6.47908e+09	6.54703e+09	6.55551e+09	6.15131e+09	5.58668e+09	5.90053e+09	6.00223e+09	6.05678e+09	6.03476e+09	5.56369e+09	5.60874e+09	5.71777e+09	4.85424e+09	5.37702e+09	5.73191e+09	5.58901e+09	5.87177e+09	6.23153e+09	6.01942e+09	6.33459e+09	6.21886e+09	5.67405e+09	5.22373e+09	5.34799e+09	5.27308e+09	5.3123e+09	5.8716e+09	6.22609e+09	5.02965e+09	4.75655e+09	5.45927e+09	4.80229e+09	4.82966e+09	5.25773e+09
ERR613670	3.73784e+09	4.5171e+09	4.54058e+09	5.0048e+09	4.53107e+09	4.82288e+09	4.99408e+09	4.6898e+09	4.846e+09	4.71015e+09	4.17012e+09	5.0705e+09	5.37975e+09	4.84821e+09	5.29163e+09	4.94892e+09	5.31182e+09	5.43781e+09	4.51103e+09	4.35361e+09	4.41387e+09	4.95031e+09	4.43762e+09	4.90832e+09	4.99408e+09	4.6898e+09	4.846e+09	4.71015e+09	4.17012e+09	5.0705e+09	5.66616e+09	5.50334e+09	5.25249e+09	5.52011e+09	5.08182e+09	5.60619e+09	4.57922e+09	4.87257e+09	4.84212e+09	4.63218e+09	5.1331e+09	4.85428e+09	3.74155e+09	4.61955e+09	4.03112e+09	4.85683e+09	3.98126e+09	4.07837e+09	3.82288e+09	3.93166e+09	4.72828e+09	3.9762e+09	4.76965e+09	4.03371e+09	4.77058e+09	4.79424e+09	4.84539e+09	4.20376e+09	4.3098e+09	4.22919e+09	5.29796e+09	5.37247e+09	5.38228e+09	5.43361e+09	5.44197e+09	5.13246e+09	4.69266e+09	4.93466e+09	5.01536e+09	5.05754e+09	5.03977e+09	4.67497e+09	4.69384e+09	4.78177e+09	4.09702e+09	4.51648e+09	4.79298e+09	4.68038e+09	4.92319e+09	5.20005e+09	5.04173e+09	5.27931e+09	5.19095e+09	4.76777e+09	4.39313e+09	4.49072e+09	4.43168e+09	4.46959e+09	4.90305e+09	5.17881e+09	4.21701e+09	4.00832e+09	4.55619e+09	4.04256e+09	4.06617e+09	4.39997e+09
ERR613665	4.70651e+09	5.80718e+09	5.84099e+09	6.51553e+09	5.82338e+09	6.24757e+09	6.4793e+09	6.031e+09	6.25814e+09	6.05974e+09	5.0705e+09	6.80909e+09	7.07329e+09	6.29077e+09	6.94643e+09	6.43928e+09	6.97542e+09	7.15897e+09	5.84281e+09	5.61507e+09	5.69994e+09	6.47593e+09	5.7346e+09	6.41394e+09	6.4793e+09	6.031e+09	6.25814e+09	6.05974e+09	5.0705e+09	6.80909e+09	7.49162e+09	7.25321e+09	6.87977e+09	7.27741e+09	6.62756e+09	7.40222e+09	5.88646e+09	6.31092e+09	6.26832e+09	5.96305e+09	6.69544e+09	6.28276e+09	4.7451e+09	5.98869e+09	5.1523e+09	6.33096e+09	5.08012e+09	5.21822e+09	4.83877e+09	5.00096e+09	6.13476e+09	5.06323e+09	6.19423e+09	5.14508e+09	6.22332e+09	6.25765e+09	6.33038e+09	5.41854e+09	5.56748e+09	5.45116e+09	6.94888e+09	7.05785e+09	7.07018e+09	7.1474e+09	7.1579e+09	6.70208e+09	6.06646e+09	6.42232e+09	6.53758e+09	6.5992e+09	6.57386e+09	6.03984e+09	6.10347e+09	6.22802e+09	5.25713e+09	5.84748e+09	6.24357e+09	6.08244e+09	6.39413e+09	6.79892e+09	6.56436e+09	6.91803e+09	6.78615e+09	6.17087e+09	5.66191e+09	5.8006e+09	5.71706e+09	5.76535e+09	6.39228e+09	6.79431e+09	5.455e+09	5.15333e+09	5.9367e+09	5.20279e+09	5.23445e+09	5.71174e+09
ERR637031	5.40087e+09	6.74145e+09	6.78381e+09	7.63841e+09	6.75858e+09	7.29147e+09	7.3459e+09	6.80681e+09	7.07748e+09	6.8427e+09	5.66616e+09	7.49162e+09	8.46892e+09	7.41888e+09	8.29133e+09	7.61519e+09	8.33499e+09	8.58545e+09	6.99056e+09	6.70228e+09	6.80766e+09	7.79386e+09	6.85007e+09	7.7125e+09	7.3459e+09	6.80681e+09	7.07748e+09	6.8427e+09	5.66616e+09	7.49162e+09	9.387e+09	8.77784e+09	8.26161e+09	8.81337e+09	7.91398e+09	8.99153e+09	6.70269e+09	7.21936e+09	7.16933e+09	6.79474e+09	7.69905e+09	7.18554e+09	5.49897e+09	7.03868e+09	5.99903e+09	7.47122e+09	5.91075e+09	6.08006e+09	5.60829e+09	5.81739e+09	7.22094e+09	5.8924e+09	7.29562e+09	5.99581e+09	7.50898e+09	7.55136e+09	7.64424e+09	6.49473e+09	6.68204e+09	6.53501e+09	8.26219e+09	8.40792e+09	8.42835e+09	8.53329e+09	8.54618e+09	7.93891e+09	7.06886e+09	7.52183e+09	7.66981e+09	7.75101e+09	7.71821e+09	7.0335e+09	7.3224e+09	7.47724e+09	6.26658e+09	6.99753e+09	7.49764e+09	7.29271e+09	7.46321e+09	7.9877e+09	7.68425e+09	8.14502e+09	7.97104e+09	7.17763e+09	6.72143e+09	6.8953e+09	6.7916e+09	6.83966e+09	7.64029e+09	8.16771e+09	6.60688e+09	6.21588e+09	7.21866e+09	6.2811e+09	6.31888e+09	6.93045e+09
ERR637027	5.24808e+09	6.54e+09	6.58073e+09	7.39445e+09	6.55546e+09	7.06317e+09	7.1133e+09	6.60129e+09	6.85775e+09	6.63491e+09	5.50334e+09	7.25321e+09	8.18522e+09	7.19701e+09	8.02465e+09	7.38306e+09	8.06515e+09	8.29288e+09	6.75798e+09	6.48012e+09	6.5812e+09	7.52682e+09	6.62231e+09	7.44995e+09	7.1133e+09	6.60129e+09	6.85775e+09	6.63491e+09	5.50334e+09	7.25321e+09	8.77784e+09	8.72037e+09	7.98668e+09	8.50729e+09	7.66366e+09	8.66156e+09	6.49097e+09	6.98315e+09	6.93674e+09	6.57906e+09	7.44035e+09	6.95082e+09	5.32109e+09	6.79854e+09	5.80471e+09	7.21228e+09	5.72029e+09	5.88219e+09	5.42825e+09	5.62848e+09	6.96943e+09	5.70014e+09	7.04093e+09	5.7999e+09	7.23481e+09	7.27563e+09	7.36418e+09	6.2692e+09	6.44639e+09	6.30542e+09	7.98995e+09	8.1267e+09	8.14448e+09	8.24337e+09	8.25451e+09	7.68097e+09	6.84752e+09	7.27998e+09	7.4194e+09	7.49596e+09	7.46589e+09	6.81494e+09	7.06892e+09	7.21496e+09	6.06186e+09	6.75762e+09	7.23511e+09	7.04112e+09	7.22749e+09	7.72417e+09	7.43388e+09	7.87239e+09	7.70747e+09	6.95789e+09	6.52277e+09	6.68971e+09	6.59037e+09	6.63413e+09	7.40162e+09	7.90084e+09	6.36438e+09	5.9902e+09	6.94468e+09	6.05252e+09	6.08752e+09	6.66997e+09
ERR637030	5.0192e+09	6.21813e+09	6.25705e+09	7.01154e+09	6.24138e+09	6.71169e+09	6.75492e+09	6.27365e+09	6.52034e+09	6.30508e+09	5.25249e+09	6.87977e+09	7.72878e+09	6.83917e+09	7.58024e+09	7.00803e+09	7.61649e+09	7.82335e+09	6.38564e+09	6.13552e+09	6.2302e+09	7.08964e+09	6.26753e+09	7.02037e+09	6.75492e+09	6.27365e+09	6.52034e+09	6.30508e+09	5.25249e+09	6.87977e+09	8.26161e+09	7.98668e+09	7.78565e+09	8.01572e+09	7.27277e+09	8.15998e+09	6.15583e+09	6.6127e+09	6.56644e+09	6.23725e+09	7.02767e+09	6.58213e+09	5.06338e+09	6.42656e+09	5.5031e+09	6.80356e+09	5.42502e+09	5.57541e+09	5.14676e+09	5.31957e+09	6.55663e+09	5.38747e+09	6.62146e+09	5.478e+09	6.80692e+09	6.84483e+09	6.9258e+09	5.9135e+09	6.08055e+09	5.95235e+09	7.55201e+09	7.67624e+09	7.69328e+09	7.78035e+09	7.79155e+09	7.27795e+09	6.49091e+09	6.88513e+09	7.01573e+09	7.0851e+09	7.05654e+09	6.46179e+09	6.66559e+09	6.80549e+09	5.72956e+09	6.38648e+09	6.82278e+09	6.64262e+09	6.87589e+09	7.32652e+09	7.06909e+09	7.45791e+09	7.31233e+09	6.62406e+09	6.18753e+09	6.34242e+09	6.25018e+09	6.30175e+09	7.00453e+09	7.45876e+09	5.97169e+09	5.63706e+09	6.50496e+09	5.69257e+09	5.72715e+09	6.25635e+09
