	ERR617111	ERR617107	ERR617108	ERR617109	ERR617112	ERR617110	ERR630993	ERR630990	ERR630995	ERR630991	ERR630992	ERR630994	ERR617527	ERR617525	ERR617524	ERR617523	ERR617526	ERR617528	ERR637059	ERR637060	ERR637062	ERR637057	ERR637061	ERR637058	ERR608153	ERR608149	ERR608151	ERR608154	ERR608152	ERR608150	ERR626888	ERR626889	ERR626886	ERR626887	ERR626885	ERR626890	ERR607805	ERR607808	ERR607806	ERR607810	ERR607809	ERR607807	ERR605534	ERR605535	ERR605538	ERR605536	ERR605533	ERR605537	ERR617071	ERR617070	ERR617073	ERR617069	ERR617074	ERR617072	ERR630219	ERR630222	ERR630223	ERR630218	ERR630221	ERR630220	ERR616181	ERR616184	ERR616182	ERR616179	ERR616180	ERR616183	ERR616804	ERR616801	ERR616799	ERR616803	ERR616802	ERR616800	ERR631301	ERR631297	ERR631302	ERR631298	ERR631300	ERR631299	ERR638283	ERR638279	ERR638284	ERR638280	ERR638281	ERR638282	ERR616804	ERR616801	ERR616799	ERR616803	ERR616802	ERR616800	ERR611351	ERR611350	ERR611352	ERR611348	ERR611349	ERR611347
ERR617111	0	0.858618	0.856201	0.854185	0.865576	0.865999	0.988729	0.98426	0.995697	0.993263	0.982662	0.987848	0.957041	0.967443	0.967323	0.965715	0.957713	0.95938	0.892706	0.897712	0.896112	0.901085	0.897765	0.894581	0.899369	0.933627	0.901022	0.908645	0.901961	0.911088	0.987204	0.988244	0.959801	0.960024	0.950914	0.949501	0.936131	0.951159	0.92873	0.950919	0.951744	0.925138	1.02269	1.02913	1.02653	1.02717	1.017	1.02329	1.08711	1.08883	1.09509	1.08949	1.09301	1.09362	1.00248	0.990503	0.995609	0.98753	0.990554	1.01031	1.12791	1.10182	1.10428	1.11936	1.11413	1.10267	0.957392	0.941557	0.953239	0.957179	0.955269	0.947529	1.00172	1.0005	1.00252	1.00569	1.00128	0.990668	1.08272	1.10521	1.08468	1.10259	1.10749	1.08285	0.957392	0.941557	0.953239	0.957179	0.955269	0.947529	1.07182	1.07492	1.07147	1.08001	1.07547	1.07773
ERR617107	0.858618	0	0.835195	0.83316	0.856955	0.856497	0.974696	0.970055	0.981581	0.97837	0.967524	0.973507	0.940017	0.951394	0.95141	0.950825	0.9407	0.943382	0.875694	0.880528	0.878758	0.883744	0.880582	0.876541	0.880777	0.920252	0.882625	0.891895	0.883289	0.894	0.972814	0.973747	0.945014	0.94445	0.934752	0.933625	0.920048	0.936203	0.911195	0.934379	0.935812	0.908805	1.01152	1.01841	1.01493	1.01535	1.00493	1.01222	1.0748	1.07655	1.08536	1.07789	1.08327	1.08367	0.991417	0.978812	0.984882	0.97528	0.978581	0.999373	1.1145	1.08879	1.09135	1.10662	1.10132	1.0899	0.945648	0.926353	0.940186	0.945252	0.943468	0.933066	0.987253	0.985831	0.98776	0.990319	0.98714	0.975165	1.07057	1.09408	1.0735	1.09167	1.09664	1.07054	0.945648	0.926353	0.940186	0.945252	0.943468	0.933066	1.05955	1.0642	1.05937	1.06742	1.06245	1.06545
ERR617108	0.856201	0.835195	0	0.826799	0.855159	0.85393	0.970065	0.964976	0.976641	0.97243	0.961588	0.969366	0.932136	0.944145	0.944245	0.944808	0.933054	0.937386	0.871728	0.876197	0.874111	0.88023	0.876059	0.871358	0.873572	0.917334	0.876588	0.886129	0.876019	0.88779	0.965166	0.966181	0.938472	0.937395	0.927735	0.925912	0.914143	0.929895	0.904231	0.927319	0.928365	0.903539	1.00614	1.01319	1.00896	1.00959	0.99866	1.00641	1.07055	1.0726	1.08359	1.0751	1.08177	1.0819	0.990968	0.977295	0.984807	0.974253	0.977763	0.998324	1.10716	1.08169	1.08423	1.09967	1.09408	1.08284	0.944443	0.922835	0.939216	0.944394	0.942606	0.929499	0.982242	0.980199	0.982292	0.984962	0.982151	0.969471	1.06683	1.09144	1.0717	1.08864	1.09361	1.06696	0.944443	0.922835	0.939216	0.944394	0.942606	0.929499	1.05655	1.06275	1.05624	1.06329	1.05788	1.06145
ERR617109	0.854185	0.83316	0.826799	0	0.853142	0.85187	0.9687	0.963013	0.975184	0.970566	0.959534	0.967479	0.929424	0.941496	0.941489	0.942859	0.930538	0.934468	0.869483	0.873835	0.87206	0.877996	0.873977	0.869606	0.871199	0.91588	0.873853	0.883765	0.873475	0.885815	0.961877	0.963274	0.935177	0.934798	0.92465	0.922878	0.912836	0.928374	0.902762	0.926033	0.927107	0.901765	1.00397	1.01087	1.00712	1.00712	0.996532	1.00419	1.06769	1.0703	1.08101	1.07277	1.07936	1.07918	0.988665	0.974902	0.983066	0.97189	0.975765	0.996535	1.10503	1.07938	1.082	1.09754	1.09195	1.0806	0.942685	0.921028	0.937734	0.942584	0.940874	0.927814	0.979818	0.97811	0.980135	0.982729	0.979757	0.966961	1.06446	1.08942	1.06925	1.08624	1.09136	1.06484	0.942685	0.921028	0.937734	0.942584	0.940874	0.927814	1.05441	1.06069	1.05402	1.06104	1.0557	1.05942
ERR617112	0.865576	0.856955	0.855159	0.853142	0	0.863864	0.987991	0.983542	0.994638	0.993385	0.982207	0.987115	0.956264	0.966966	0.966683	0.96509	0.957187	0.958359	0.890668	0.896065	0.894428	0.899035	0.896118	0.893418	0.899238	0.932414	0.900372	0.90807	0.902156	0.910498	0.987539	0.988212	0.959232	0.959839	0.9504	0.949295	0.934933	0.950658	0.927743	0.950703	0.951542	0.924063	1.02289	1.02971	1.02688	1.02767	1.01692	1.02429	1.08551	1.08741	1.09351	1.08774	1.09116	1.0917	1.00019	0.988534	0.993774	0.985415	0.988537	1.00836	1.12766	1.10132	1.1036	1.11897	1.11412	1.10193	0.955793	0.940706	0.951401	0.956179	0.954385	0.946771	1.00104	0.999889	1.00181	1.00532	1.00086	0.989821	1.08118	1.10359	1.08265	1.10115	1.10636	1.08111	0.955793	0.940706	0.951401	0.956179	0.954385	0.946771	1.0707	1.07369	1.07053	1.07958	1.07465	1.07711
ERR617110	0.865999	0.856497	0.85393	0.85187	0.863864	0	0.9872	0.982884	0.993816	0.991636	0.981321	0.98659	0.955232	0.965837	0.965913	0.964416	0.955837	0.95751	0.890378	0.895766	0.894269	0.898567	0.895645	0.892472	0.89796	0.932069	0.899284	0.906511	0.900104	0.909387	0.985565	0.986613	0.958133	0.958489	0.949038	0.948054	0.934148	0.949627	0.926346	0.949172	0.949813	0.923214	1.02194	1.02865	1.02561	1.02593	1.01577	1.02272	1.08424	1.08625	1.09281	1.08718	1.0908	1.09131	1.00073	0.989181	0.994528	0.985927	0.989175	1.00908	1.1259	1.09958	1.10207	1.11711	1.1124	1.10031	0.955886	0.939706	0.951786	0.95571	0.953862	0.94595	1.0002	0.999119	1.00076	1.00439	1.00026	0.989214	1.08049	1.10296	1.08254	1.10055	1.10569	1.08058	0.955886	0.939706	0.951786	0.95571	0.953862	0.94595	1.06971	1.07332	1.0696	1.0781	1.07355	1.07604
ERR630993	0.988729	0.974696	0.970065	0.9687	0.987991	0.9872	0	0.854258	0.862203	0.861577	0.851677	0.854639	0.879975	0.890453	0.890107	0.890829	0.88114	0.883878	0.937204	0.940938	0.939276	0.94369	0.940838	0.937729	0.952539	0.986356	0.954587	0.962373	0.953284	0.962994	0.945956	0.947453	0.923523	0.922844	0.916462	0.912979	0.981735	0.994938	0.973439	0.991685	0.992545	0.973048	1.03882	1.0433	1.04056	1.04078	1.03354	1.03876	1.12272	1.12426	1.13332	1.12634	1.13206	1.13202	0.951239	0.938065	0.945866	0.936552	0.938335	0.95917	1.14222	1.12089	1.12289	1.13658	1.13185	1.12198	0.967742	0.950297	0.963098	0.968288	0.965896	0.956166	1.01749	1.017	1.01795	1.02057	1.01705	1.00613	1.11266	1.13365	1.11711	1.13165	1.13608	1.11301	0.967742	0.950297	0.963098	0.968288	0.965896	0.956166	1.09967	1.10422	1.09948	1.10493	1.10078	1.10382
ERR630990	0.98426	0.970055	0.964976	0.963013	0.983542	0.982884	0.854258	0	0.861186	0.855968	0.844884	0.85309	0.871281	0.88196	0.882162	0.88336	0.872334	0.875968	0.931725	0.935486	0.933655	0.93856	0.935656	0.931942	0.945739	0.982354	0.94852	0.957195	0.947245	0.957618	0.940556	0.942164	0.917276	0.916578	0.909811	0.906111	0.976444	0.990211	0.967657	0.986193	0.987724	0.967843	1.03374	1.03903	1.03578	1.03573	1.02807	1.03368	1.11684	1.11843	1.12803	1.12069	1.12694	1.12653	0.94582	0.932435	0.941032	0.930401	0.932815	0.954319	1.13527	1.11394	1.11595	1.12971	1.12512	1.11515	0.963134	0.944711	0.958547	0.963122	0.961345	0.950662	1.01093	1.01022	1.0114	1.01401	1.01085	0.999002	1.10714	1.12875	1.11193	1.12686	1.13084	1.10768	0.963134	0.944711	0.958547	0.963122	0.961345	0.950662	1.09325	1.09872	1.09335	1.09875	1.09421	1.0976
ERR630995	0.995697	0.981581	0.976641	0.975184	0.994638	0.993816	0.862203	0.861186	0	0.867313	0.85739	0.860584	0.886995	0.896843	0.896381	0.897684	0.887944	0.890725	0.94517	0.948479	0.947058	0.951231	0.948657	0.945252	0.958746	0.99243	0.961539	0.968689	0.959756	0.969211	0.95101	0.952158	0.929589	0.928758	0.922731	0.919536	0.987319	0.999822	0.979205	0.996833	0.997254	0.979243	1.04311	1.04732	1.04493	1.04507	1.03803	1.043	1.12761	1.12921	1.13843	1.13141	1.13736	1.13693	0.958618	0.945917	0.953664	0.944509	0.946636	0.966425	1.1456	1.12484	1.1269	1.14017	1.13566	1.12589	0.974469	0.957622	0.970095	0.975083	0.972602	0.963011	1.02305	1.02254	1.02333	1.02606	1.02291	1.01164	1.11787	1.13849	1.12246	1.13648	1.14071	1.11802	0.974469	0.957622	0.970095	0.975083	0.972602	0.963011	1.10554	1.11015	1.10526	1.11032	1.10623	1.1094
ERR630991	0.993263	0.97837	0.97243	0.970566	0.993385	0.991636	0.861577	0.855968	0.867313	0	0.851424	0.859891	0.878258	0.888367	0.888625	0.891341	0.879208	0.883535	0.941183	0.944534	0.942916	0.947526	0.944562	0.940935	0.9521	0.990163	0.955076	0.963423	0.95321	0.964064	0.945374	0.946958	0.924078	0.923178	0.916728	0.913355	0.98229	0.995246	0.973406	0.99101	0.991757	0.974313	1.03915	1.0441	1.04074	1.04078	1.03352	1.03891	1.12109	1.12305	1.13401	1.1259	1.13299	1.13223	0.956673	0.94338	0.95274	0.941625	0.944269	0.964465	1.13633	1.11623	1.11831	1.13167	1.12691	1.1176	0.972155	0.953179	0.967849	0.972655	0.970171	0.95876	1.017	1.01616	1.01664	1.01907	1.01667	1.00482	1.11236	1.13369	1.1178	1.13142	1.13557	1.11255	0.972155	0.953179	0.967849	0.972655	0.970171	0.95876	1.09971	1.10583	1.09952	1.10401	1.0996	1.10327
ERR630992	0.982662	0.967524	0.961588	0.959534	0.982207	0.981321	0.851677	0.844884	0.85739	0.851424	0	0.849633	0.864757	0.876599	0.876001	0.879038	0.866114	0.870915	0.928961	0.932594	0.930571	0.935741	0.93235	0.92874	0.940987	0.980676	0.94423	0.953066	0.942182	0.953609	0.936502	0.938136	0.913347	0.912398	0.905263	0.901282	0.972197	0.985978	0.962719	0.981904	0.98244	0.963818	1.03083	1.03575	1.03249	1.03275	1.025	1.0306	1.11296	1.11474	1.12586	1.11782	1.12473	1.12392	0.943518	0.929624	0.938814	0.927193	0.929955	0.951854	1.12916	1.10815	1.11025	1.12421	1.1191	1.10955	0.96124	0.941931	0.95658	0.961697	0.959429	0.947897	1.00623	1.00536	1.00648	1.00856	1.00605	0.993557	1.10362	1.12582	1.10938	1.12351	1.12779	1.10388	0.96124	0.941931	0.95658	0.961697	0.959429	0.947897	1.08998	1.09623	1.08988	1.09484	1.09009	1.09369
ERR630994	0.987848	0.973507	0.969366	0.967479	0.987115	0.98659	0.854639	0.85309	0.860584	0.859891	0.849633	0	0.878081	0.888877	0.888445	0.888996	0.879091	0.88178	0.935552	0.939408	0.937645	0.942378	0.939106	0.936249	0.951135	0.985052	0.953271	0.960947	0.951806	0.961781	0.945084	0.946799	0.921885	0.921337	0.91496	0.911274	0.980142	0.993639	0.972285	0.990664	0.991457	0.971635	1.03751	1.04213	1.03947	1.03976	1.03225	1.03749	1.12098	1.12243	1.13186	1.12468	1.13033	1.12999	0.94887	0.935643	0.943895	0.933911	0.936063	0.95714	1.14074	1.11933	1.1213	1.13519	1.13059	1.12036	0.966515	0.948759	0.961328	0.966709	0.964189	0.954675	1.01632	1.016	1.0169	1.01984	1.01629	1.0048	1.11118	1.13246	1.11561	1.13022	1.13474	1.11122	0.966515	0.948759	0.961328	0.966709	0.964189	0.954675	1.09828	1.10279	1.09795	1.10372	1.09913	1.10209
ERR617527	0.957041	0.940017	0.932136	0.929424	0.956264	0.955232	0.879975	0.871281	0.886995	0.878258	0.864757	0.878081	0	0.759004	0.758177	0.764024	0.73838	0.747694	0.903306	0.907576	0.904289	0.911756	0.906823	0.902197	0.912844	0.964677	0.917437	0.929634	0.915001	0.930044	0.907542	0.909889	0.881833	0.879454	0.870387	0.866268	0.92235	0.936598	0.910613	0.931729	0.932531	0.91317	0.975297	0.981801	0.978086	0.977947	0.968895	0.976051	1.07165	1.07379	1.08782	1.07806	1.08702	1.08585	0.918774	0.901117	0.9126	0.89854	0.901962	0.92682	1.08595	1.06207	1.06474	1.08076	1.07489	1.06398	0.953451	0.928283	0.946212	0.953911	0.950912	0.935635	0.9615	0.960306	0.961717	0.963389	0.9612	0.945742	1.06402	1.08938	1.07151	1.08691	1.09207	1.06448	0.953451	0.928283	0.946212	0.953911	0.950912	0.935635	1.05881	1.06736	1.05836	1.06409	1.05814	1.0629
ERR617525	0.967443	0.951394	0.944145	0.941496	0.966966	0.965837	0.890453	0.88196	0.896843	0.888367	0.876599	0.888877	0.759004	0	0.772275	0.777388	0.760565	0.768014	0.916616	0.920738	0.917629	0.924629	0.920135	0.915583	0.926535	0.974757	0.930875	0.941711	0.928462	0.94243	0.91706	0.918578	0.892768	0.891045	0.88257	0.879046	0.936471	0.949978	0.925951	0.945456	0.946227	0.927728	0.986424	0.992444	0.988948	0.989077	0.980246	0.987242	1.08177	1.0841	1.09667	1.08784	1.09582	1.09499	0.93111	0.915093	0.925482	0.912046	0.915581	0.93899	1.09648	1.07352	1.07584	1.09139	1.08598	1.07528	0.964651	0.940793	0.957738	0.964823	0.961938	0.947709	0.974466	0.973079	0.974551	0.976175	0.974343	0.959578	1.07414	1.09815	1.0811	1.09577	1.10061	1.07434	0.964651	0.940793	0.957738	0.964823	0.961938	0.947709	1.06913	1.07713	1.06886	1.07458	1.06899	1.07322
ERR617524	0.967323	0.95141	0.944245	0.941489	0.966683	0.965913	0.890107	0.882162	0.896381	0.888625	0.876001	0.888445	0.758177	0.772275	0	0.777578	0.759931	0.767665	0.916446	0.920723	0.917625	0.924654	0.920134	0.915586	0.926574	0.974981	0.930759	0.941546	0.928182	0.942277	0.916896	0.918733	0.8929	0.891085	0.882712	0.878735	0.936256	0.949143	0.925357	0.944878	0.94567	0.927218	0.986155	0.991979	0.988453	0.989021	0.979864	0.986984	1.08209	1.08408	1.09681	1.08799	1.09608	1.09519	0.931197	0.915198	0.925371	0.912519	0.915956	0.939061	1.0966	1.07368	1.07615	1.09119	1.08578	1.07535	0.964075	0.940508	0.957565	0.964578	0.96183	0.947434	0.974922	0.973325	0.974913	0.976393	0.974534	0.959602	1.07436	1.09862	1.0815	1.0962	1.10068	1.0746	0.964075	0.940508	0.957565	0.964578	0.96183	0.947434	1.06926	1.07741	1.06922	1.07486	1.06914	1.07346
ERR617523	0.965715	0.950825	0.944808	0.942859	0.96509	0.964416	0.890829	0.88336	0.897684	0.891341	0.879038	0.888996	0.764024	0.777388	0.777578	0	0.766163	0.771716	0.915624	0.920516	0.917645	0.924431	0.919941	0.915907	0.929408	0.974214	0.933064	0.94348	0.931259	0.944146	0.920581	0.922152	0.895019	0.893622	0.885376	0.881718	0.937089	0.95065	0.927375	0.94702	0.947739	0.927639	0.987272	0.992948	0.990291	0.990433	0.981651	0.988436	1.08399	1.08577	1.09694	1.0886	1.09569	1.09508	0.928712	0.912621	0.922212	0.910013	0.913352	0.936775	1.1032	1.07953	1.08188	1.09676	1.09209	1.08063	0.963056	0.941226	0.956141	0.963403	0.960499	0.94828	0.978261	0.976991	0.978546	0.980845	0.977928	0.963943	1.07534	1.09916	1.08118	1.09691	1.10161	1.07573	0.963056	0.941226	0.956141	0.963403	0.960499	0.94828	1.07047	1.07706	1.07049	1.07656	1.0715	1.07521
ERR617526	0.957713	0.9407	0.933054	0.930538	0.957187	0.955837	0.88114	0.872334	0.887944	0.879208	0.866114	0.879091	0.73838	0.760565	0.759931	0.766163	0	0.749235	0.903966	0.909064	0.905465	0.912751	0.908186	0.903046	0.914044	0.966049	0.918659	0.930613	0.916105	0.931216	0.90839	0.910908	0.882771	0.880923	0.871348	0.867545	0.923865	0.937949	0.912335	0.933157	0.933783	0.91415	0.976701	0.982827	0.979126	0.979253	0.970088	0.977501	1.07297	1.07486	1.08859	1.07896	1.0879	1.08687	0.919511	0.902056	0.913268	0.899031	0.903081	0.927794	1.08745	1.06388	1.06622	1.08215	1.0764	1.06551	0.954029	0.929713	0.94686	0.954754	0.951901	0.936662	0.963073	0.961931	0.963406	0.965001	0.962751	0.947548	1.06487	1.09034	1.07245	1.08779	1.09276	1.06534	0.954029	0.929713	0.94686	0.954754	0.951901	0.936662	1.05976	1.06841	1.05932	1.06527	1.05919	1.0639
ERR617528	0.95938	0.943382	0.937386	0.934468	0.958359	0.95751	0.883878	0.875968	0.890725	0.883535	0.870915	0.88178	0.747694	0.768014	0.767665	0.771716	0.749235	0	0.907277	0.912485	0.909323	0.916285	0.911814	0.907565	0.920145	0.967668	0.924079	0.935402	0.92215	0.935778	0.913413	0.91489	0.886792	0.88481	0.876116	0.872472	0.928098	0.941951	0.917621	0.938288	0.938827	0.918345	0.979262	0.985317	0.981936	0.982198	0.973282	0.980192	1.07734	1.07922	1.0912	1.08258	1.09006	1.0895	0.920836	0.904211	0.914718	0.901704	0.904965	0.929337	1.09566	1.07173	1.07389	1.08979	1.08439	1.07301	0.956036	0.933068	0.949079	0.956673	0.95341	0.939754	0.968932	0.967958	0.969206	0.97126	0.968677	0.953771	1.06922	1.09353	1.07537	1.09099	1.09604	1.06939	0.956036	0.933068	0.949079	0.956673	0.95341	0.939754	1.06356	1.07091	1.0635	1.06999	1.06446	1.06839
ERR637059	0.892706	0.875694	0.871728	0.869483	0.890668	0.890378	0.937204	0.931725	0.94517	0.941183	0.928961	0.935552	0.903306	0.916616	0.916446	0.915624	0.903966	0.907277	0	0.7789	0.776993	0.781246	0.779057	0.771971	0.873254	0.917468	0.875201	0.886811	0.876136	0.887961	0.939042	0.940379	0.905522	0.90594	0.894578	0.892792	0.907914	0.927348	0.897444	0.92525	0.926496	0.894068	1.00102	1.00849	1.00509	1.00505	0.994428	1.00228	1.05817	1.06023	1.06956	1.0617	1.06757	1.06815	0.95114	0.936437	0.943691	0.933013	0.937147	0.960528	1.09927	1.07162	1.07455	1.09064	1.08519	1.07266	0.912214	0.893141	0.905947	0.912548	0.909774	0.899922	0.97996	0.978426	0.980684	0.984193	0.979886	0.965081	1.05101	1.07703	1.05457	1.07393	1.07959	1.05118	0.912214	0.893141	0.905947	0.912548	0.909774	0.899922	1.02691	1.03169	1.02704	1.03463	1.02921	1.03262
ERR637060	0.897712	0.880528	0.876197	0.873835	0.896065	0.895766	0.940938	0.935486	0.948479	0.944534	0.932594	0.939408	0.907576	0.920738	0.920723	0.920516	0.909064	0.912485	0.7789	0	0.77935	0.789366	0.781415	0.780077	0.876925	0.921155	0.878358	0.890489	0.879293	0.891579	0.941699	0.942598	0.909556	0.909868	0.898503	0.896883	0.911785	0.930194	0.901243	0.927765	0.929411	0.898569	1.00311	1.01075	1.00729	1.00747	0.996511	1.00476	1.06278	1.065	1.07475	1.06688	1.07293	1.07354	0.95651	0.941871	0.949635	0.938681	0.942286	0.965335	1.10168	1.0749	1.07741	1.09323	1.08783	1.0757	0.916127	0.897179	0.910341	0.916371	0.913829	0.904071	0.983833	0.982133	0.98428	0.987508	0.983681	0.969218	1.05614	1.08166	1.05993	1.07863	1.08423	1.05601	0.916127	0.897179	0.910341	0.916371	0.913829	0.904071	1.03069	1.03577	1.03056	1.03797	1.033	1.03609
ERR637062	0.896112	0.878758	0.874111	0.87206	0.894428	0.894269	0.939276	0.933655	0.947058	0.942916	0.930571	0.937645	0.904289	0.917629	0.917625	0.917645	0.905465	0.909323	0.776993	0.77935	0	0.787653	0.77915	0.778087	0.874657	0.919883	0.87656	0.888812	0.877224	0.889978	0.93864	0.940057	0.906578	0.906649	0.895252	0.89333	0.910252	0.92849	0.899208	0.926051	0.927676	0.896723	1.00091	1.00842	1.00502	1.00511	0.993913	1.00216	1.06074	1.06283	1.07308	1.06459	1.07129	1.0714	0.95491	0.940281	0.947959	0.936721	0.94077	0.96388	1.09899	1.07205	1.07471	1.09072	1.08504	1.07305	0.915429	0.896053	0.909164	0.915688	0.91333	0.902884	0.981455	0.979591	0.981918	0.985192	0.981324	0.966461	1.05389	1.07978	1.05769	1.07663	1.08219	1.05409	0.915429	0.896053	0.909164	0.915688	0.91333	0.902884	1.02904	1.03449	1.02902	1.03634	1.0309	1.03447
ERR637057	0.901085	0.883744	0.88023	0.877996	0.899035	0.898567	0.94369	0.93856	0.951231	0.947526	0.935741	0.942378	0.911756	0.924629	0.924654	0.924431	0.912751	0.916285	0.781246	0.789366	0.787653	0	0.789387	0.782768	0.880583	0.923331	0.882286	0.893949	0.883408	0.895299	0.945295	0.946636	0.913504	0.913614	0.902862	0.900724	0.915204	0.933771	0.904844	0.931327	0.932465	0.901905	1.00563	1.0127	1.00976	1.0098	0.999057	1.00683	1.06543	1.06724	1.0774	1.06955	1.07534	1.07575	0.957469	0.943482	0.950521	0.940245	0.94395	0.966542	1.10474	1.07791	1.08072	1.09649	1.09091	1.07925	0.918442	0.900502	0.912874	0.918528	0.916619	0.906199	0.986591	0.985095	0.987219	0.990617	0.986604	0.972152	1.05862	1.08395	1.06272	1.08107	1.0867	1.05876	0.918442	0.900502	0.912874	0.918528	0.916619	0.906199	1.0331	1.03764	1.03304	1.04028	1.03516	1.03834
ERR637061	0.897765	0.880582	0.876059	0.873977	0.896118	0.895645	0.940838	0.935656	0.948657	0.944562	0.93235	0.939106	0.906823	0.920135	0.920134	0.919941	0.908186	0.911814	0.779057	0.781415	0.77915	0.789387	0	0.780442	0.876111	0.921235	0.878199	0.890173	0.878971	0.891515	0.940953	0.942138	0.909132	0.909146	0.897831	0.895977	0.911496	0.929886	0.900718	0.927692	0.929301	0.898404	1.00239	1.01007	1.00662	1.00654	0.995935	1.00349	1.06236	1.06455	1.07483	1.06645	1.07284	1.07305	0.956236	0.942009	0.949803	0.938542	0.942587	0.965298	1.10102	1.07424	1.07691	1.09281	1.08718	1.07538	0.916741	0.897665	0.910135	0.917076	0.914151	0.903496	0.983744	0.981576	0.983979	0.987305	0.98332	0.968802	1.05579	1.08172	1.05992	1.07852	1.08413	1.05587	0.916741	0.897665	0.910135	0.917076	0.914151	0.903496	1.03086	1.03587	1.03063	1.0377	1.03259	1.03604
ERR637058	0.894581	0.876541	0.871358	0.869606	0.893418	0.892472	0.937729	0.931942	0.945252	0.940935	0.92874	0.936249	0.902197	0.915583	0.915586	0.915907	0.903046	0.907565	0.771971	0.780077	0.778087	0.782768	0.780442	0	0.871928	0.918437	0.874207	0.886246	0.874577	0.887575	0.937391	0.938691	0.905199	0.905456	0.893723	0.89226	0.908061	0.92677	0.896829	0.923969	0.925756	0.894651	0.999452	1.00671	1.00351	1.00321	0.992468	1.00066	1.0582	1.06053	1.07143	1.06295	1.0695	1.06968	0.953568	0.938789	0.94698	0.935226	0.939442	0.962605	1.0964	1.06975	1.07243	1.08876	1.08299	1.07082	0.914417	0.894019	0.90843	0.914834	0.91215	0.900865	0.979627	0.977873	0.979564	0.983246	0.979311	0.964198	1.05163	1.07776	1.05627	1.07458	1.08032	1.05176	0.914417	0.894019	0.90843	0.914834	0.91215	0.900865	1.02739	1.03297	1.02725	1.03414	1.02876	1.03258
ERR608153	0.899369	0.880777	0.873572	0.871199	0.899238	0.89796	0.952539	0.945739	0.958746	0.9521	0.940987	0.951135	0.912844	0.926535	0.926574	0.929408	0.914044	0.920145	0.873254	0.876925	0.874657	0.880583	0.876111	0.871928	0	0.861101	0.805977	0.816035	0.801284	0.820494	0.953024	0.954159	0.926491	0.925153	0.914385	0.9118	0.897708	0.9137	0.885502	0.909338	0.910442	0.886525	1.00401	1.01114	1.00674	1.00703	0.996498	1.0041	1.06848	1.07086	1.08404	1.07442	1.08281	1.08236	0.977568	0.963595	0.972575	0.960904	0.964476	0.98552	1.09345	1.0693	1.07184	1.08769	1.08137	1.07087	0.932545	0.910504	0.928118	0.933043	0.931008	0.917109	0.96489	0.963098	0.965171	0.967099	0.965409	0.950996	1.06293	1.08868	1.06966	1.08579	1.09054	1.06315	0.932545	0.910504	0.928118	0.933043	0.931008	0.917109	1.04584	1.05346	1.04557	1.0512	1.04585	1.04976
ERR608149	0.933627	0.920252	0.917334	0.91588	0.932414	0.932069	0.986356	0.982354	0.99243	0.990163	0.980676	0.985052	0.964677	0.974757	0.974981	0.974214	0.966049	0.967668	0.917468	0.921155	0.919883	0.923331	0.921235	0.918437	0.861101	0	0.860806	0.870316	0.863104	0.870246	0.995568	0.996304	0.971298	0.970596	0.962898	0.960813	0.942071	0.955994	0.934764	0.954884	0.955467	0.933189	1.03933	1.04479	1.04247	1.0431	1.03385	1.03978	1.10461	1.10606	1.11395	1.10773	1.11245	1.11254	1.01021	0.999352	1.0048	0.997165	0.999314	1.01753	1.13517	1.11224	1.11456	1.12824	1.12362	1.11296	0.965207	0.951254	0.961955	0.965965	0.964223	0.955733	1.0077	1.0068	1.00824	1.01143	1.00793	0.996945	1.0975	1.11869	1.10082	1.11628	1.12082	1.09749	0.965207	0.951254	0.961955	0.965965	0.964223	0.955733	1.08188	1.08565	1.08186	1.08857	1.08438	1.08686
ERR608151	0.901022	0.882625	0.876588	0.873853	0.900372	0.899284	0.954587	0.94852	0.961539	0.955076	0.94423	0.953271	0.917437	0.930875	0.930759	0.933064	0.918659	0.924079	0.875201	0.878358	0.87656	0.882286	0.878199	0.874207	0.805977	0.860806	0	0.82287	0.808127	0.821231	0.956114	0.957134	0.929218	0.928092	0.917951	0.915324	0.901108	0.917127	0.889511	0.913126	0.914637	0.890209	1.00664	1.01366	1.00927	1.00991	0.998992	1.00683	1.07042	1.07237	1.08503	1.07603	1.08354	1.08317	0.978419	0.964677	0.973151	0.961256	0.964989	0.985881	1.09694	1.0727	1.07516	1.09059	1.08481	1.07427	0.933379	0.912504	0.928625	0.933585	0.931903	0.918334	0.967783	0.965955	0.967936	0.970028	0.967497	0.953638	1.06475	1.09023	1.07094	1.08727	1.09187	1.06507	0.933379	0.912504	0.928625	0.933585	0.931903	0.918334	1.04668	1.05356	1.04646	1.05201	1.04686	1.05087
ERR608154	0.908645	0.891895	0.886129	0.883765	0.90807	0.906511	0.962373	0.957195	0.968689	0.963423	0.953066	0.960947	0.929634	0.941711	0.941546	0.94348	0.930613	0.935402	0.886811	0.890489	0.888812	0.893949	0.890173	0.886246	0.816035	0.870316	0.82287	0	0.818277	0.834956	0.965564	0.966313	0.940018	0.939085	0.929469	0.927156	0.910656	0.925644	0.900174	0.922476	0.923737	0.900153	1.01408	1.02078	1.01691	1.0172	1.00698	1.01376	1.08022	1.0821	1.09347	1.08533	1.09236	1.09181	0.987852	0.974734	0.983036	0.972075	0.975537	0.9956	1.10739	1.0837	1.08601	1.10108	1.09531	1.08495	0.941544	0.922637	0.937729	0.941829	0.940016	0.928316	0.978111	0.976125	0.977906	0.980245	0.977939	0.965234	1.07472	1.09887	1.08006	1.09602	1.10078	1.07474	0.941544	0.922637	0.937729	0.941829	0.940016	0.928316	1.05732	1.06349	1.05706	1.06278	1.05802	1.06139
ERR608152	0.901961	0.883289	0.876019	0.873475	0.902156	0.900104	0.953284	0.947245	0.959756	0.95321	0.942182	0.951806	0.915001	0.928462	0.928182	0.931259	0.916105	0.92215	0.876136	0.879293	0.877224	0.883408	0.878971	0.874577	0.801284	0.863104	0.808127	0.818277	0	0.822589	0.954175	0.955332	0.928593	0.927239	0.916763	0.913862	0.899405	0.914962	0.887283	0.910603	0.911602	0.888726	1.00559	1.01284	1.00839	1.00853	0.997881	1.00567	1.07039	1.07292	1.08638	1.07672	1.08506	1.08435	0.980389	0.966036	0.975542	0.96339	0.96714	0.987943	1.0947	1.07102	1.07363	1.08906	1.08282	1.07265	0.935194	0.912497	0.930365	0.935328	0.93349	0.919469	0.966635	0.964746	0.966655	0.968444	0.966616	0.952514	1.06519	1.09068	1.07199	1.08776	1.09265	1.06542	0.935194	0.912497	0.930365	0.935328	0.93349	0.919469	1.04818	1.05598	1.04779	1.05291	1.04775	1.05182
ERR608150	0.911088	0.894	0.88779	0.885815	0.910498	0.909387	0.962994	0.957618	0.969211	0.964064	0.953609	0.961781	0.930044	0.94243	0.942277	0.944146	0.931216	0.935778	0.887961	0.891579	0.889978	0.895299	0.891515	0.887575	0.820494	0.870246	0.821231	0.834956	0.822589	0	0.966438	0.967477	0.940793	0.939891	0.930522	0.928145	0.912195	0.926996	0.901757	0.923997	0.92498	0.902008	1.01569	1.0221	1.018	1.0184	1.00832	1.01539	1.08051	1.08223	1.09432	1.0856	1.09272	1.09231	0.988882	0.975281	0.984195	0.973133	0.976377	0.996423	1.10714	1.08353	1.086	1.10099	1.09512	1.08486	0.943209	0.92336	0.938729	0.943472	0.941821	0.92919	0.979148	0.977957	0.97933	0.981796	0.979016	0.966649	1.07469	1.09855	1.07997	1.09594	1.10079	1.07484	0.943209	0.92336	0.938729	0.943472	0.941821	0.92919	1.05785	1.06423	1.05747	1.06327	1.05825	1.06181
ERR626888	0.987204	0.972814	0.965166	0.961877	0.987539	0.985565	0.945956	0.940556	0.95101	0.945374	0.936502	0.945084	0.907542	0.91706	0.916896	0.920581	0.90839	0.913413	0.939042	0.941699	0.93864	0.945295	0.940953	0.937391	0.953024	0.995568	0.956114	0.965564	0.954175	0.966438	0	0.86116	0.839726	0.837923	0.828572	0.825851	0.982014	0.994614	0.971548	0.99063	0.991916	0.973907	1.02642	1.03248	1.02795	1.02758	1.01984	1.02604	1.09645	1.09859	1.11203	1.10309	1.11137	1.11011	0.987442	0.974378	0.984676	0.972216	0.975408	0.993674	1.1187	1.09793	1.09984	1.11352	1.108	1.09896	0.954726	0.930495	0.949146	0.955044	0.952305	0.937709	1.00635	1.00431	1.00582	1.00711	1.00565	0.993008	1.09579	1.11785	1.10262	1.1151	1.11921	1.09615	0.954726	0.930495	0.949146	0.955044	0.952305	0.937709	1.08435	1.09267	1.08394	1.08781	1.08273	1.08689
ERR626889	0.988244	0.973747	0.966181	0.963274	0.988212	0.986613	0.947453	0.942164	0.952158	0.946958	0.938136	0.946799	0.909889	0.918578	0.918733	0.922152	0.910908	0.91489	0.940379	0.942598	0.940057	0.946636	0.942138	0.938691	0.954159	0.996304	0.957134	0.966313	0.955332	0.967477	0.86116	0	0.841649	0.840092	0.831182	0.828316	0.983251	0.995621	0.973168	0.991804	0.992936	0.974875	1.02722	1.03346	1.02897	1.02884	1.02099	1.02712	1.09728	1.09968	1.11268	1.10394	1.11173	1.11082	0.988735	0.975922	0.985573	0.973802	0.976729	0.994828	1.12002	1.09922	1.10105	1.11469	1.10928	1.1003	0.955079	0.93178	0.950138	0.955564	0.952797	0.93908	1.00712	1.00524	1.00657	1.00805	1.00692	0.994523	1.09676	1.11845	1.1033	1.1159	1.12006	1.0972	0.955079	0.93178	0.950138	0.955564	0.952797	0.93908	1.08484	1.09328	1.08453	1.08848	1.0838	1.08763
ERR626886	0.959801	0.945014	0.938472	0.935177	0.959232	0.958133	0.923523	0.917276	0.929589	0.924078	0.913347	0.921885	0.881833	0.892768	0.8929	0.895019	0.882771	0.886792	0.905522	0.909556	0.906578	0.913504	0.909132	0.905199	0.926491	0.971298	0.929218	0.940018	0.928593	0.940793	0.839726	0.841649	0	0.806067	0.795049	0.79455	0.956478	0.971991	0.945979	0.968407	0.969834	0.946264	1.00881	1.01525	1.01127	1.01125	1.00198	1.00925	1.07564	1.07795	1.08999	1.08151	1.08905	1.08841	0.958203	0.943847	0.953378	0.941283	0.944584	0.965672	1.10468	1.08072	1.08283	1.09784	1.09236	1.08182	0.92262	0.898935	0.9164	0.922955	0.920297	0.906886	0.982565	0.980718	0.982345	0.984749	0.981876	0.967954	1.07431	1.09792	1.08013	1.09538	1.10011	1.07491	0.92262	0.898935	0.9164	0.922955	0.920297	0.906886	1.06088	1.06833	1.06048	1.06576	1.0607	1.06456
ERR626887	0.960024	0.94445	0.937395	0.934798	0.959839	0.958489	0.922844	0.916578	0.928758	0.923178	0.912398	0.921337	0.879454	0.891045	0.891085	0.893622	0.880923	0.88481	0.90594	0.909868	0.906649	0.913614	0.909146	0.905456	0.925153	0.970596	0.928092	0.939085	0.927239	0.939891	0.837923	0.840092	0.806067	0	0.792953	0.792538	0.955686	0.971022	0.944722	0.9672	0.9684	0.945845	1.00816	1.01502	1.01031	1.01033	1.00137	1.00811	1.07497	1.07705	1.08971	1.081	1.08889	1.08806	0.958462	0.943743	0.953952	0.941198	0.944775	0.966068	1.10256	1.07881	1.08094	1.0962	1.09069	1.08005	0.92302	0.898405	0.916921	0.923573	0.920659	0.906651	0.980834	0.97892	0.980598	0.982531	0.980417	0.966376	1.07389	1.09755	1.07994	1.09494	1.09943	1.07405	0.92302	0.898405	0.916921	0.923573	0.920659	0.906651	1.05998	1.06816	1.05971	1.06512	1.05987	1.06373
ERR626885	0.950914	0.934752	0.927735	0.92465	0.9504	0.949038	0.916462	0.909811	0.922731	0.916728	0.905263	0.91496	0.870387	0.88257	0.882712	0.885376	0.871348	0.876116	0.894578	0.898503	0.895252	0.902862	0.897831	0.893723	0.914385	0.962898	0.917951	0.929469	0.916763	0.930522	0.828572	0.831182	0.795049	0.792953	0	0.780354	0.946866	0.962813	0.935161	0.958989	0.960243	0.936223	1.00085	1.00812	1.00334	1.00337	0.993544	1.00141	1.06597	1.06835	1.08162	1.07234	1.0806	1.07974	0.949651	0.934756	0.945168	0.931863	0.935754	0.9573	1.09452	1.07011	1.07237	1.08794	1.08187	1.07128	0.913015	0.887063	0.906315	0.913389	0.910122	0.895677	0.97147	0.969075	0.971311	0.973172	0.970877	0.955862	1.06505	1.08991	1.07116	1.08712	1.09179	1.06552	0.913015	0.887063	0.906315	0.913389	0.910122	0.895677	1.05071	1.05892	1.05013	1.05564	1.05021	1.05435
ERR626890	0.949501	0.933625	0.925912	0.922878	0.949295	0.948054	0.912979	0.906111	0.919536	0.913355	0.901282	0.911274	0.866268	0.879046	0.878735	0.881718	0.867545	0.872472	0.892792	0.896883	0.89333	0.900724	0.895977	0.89226	0.9118	0.960813	0.915324	0.927156	0.913862	0.928145	0.825851	0.828316	0.79455	0.792538	0.780354	0	0.944804	0.960429	0.932744	0.956595	0.958008	0.933529	0.999423	1.00677	1.00176	1.00171	0.991911	0.999669	1.06528	1.06748	1.08111	1.07161	1.07995	1.07925	0.948174	0.932518	0.943208	0.929443	0.933228	0.955846	1.09346	1.06886	1.07102	1.08686	1.0808	1.07026	0.91127	0.884877	0.904614	0.911853	0.908514	0.89387	0.96877	0.966822	0.968576	0.970676	0.968308	0.95351	1.06408	1.08911	1.07064	1.08626	1.09116	1.06451	0.91127	0.884877	0.904614	0.911853	0.908514	0.89387	1.04974	1.05828	1.04946	1.05539	1.04938	1.05359
ERR607805	0.936131	0.920048	0.914143	0.912836	0.934933	0.934148	0.981735	0.976444	0.987319	0.98229	0.972197	0.980142	0.92235	0.936471	0.936256	0.937089	0.923865	0.928098	0.907914	0.911785	0.910252	0.915204	0.911496	0.908061	0.897708	0.942071	0.901108	0.910656	0.899405	0.912195	0.982014	0.983251	0.956478	0.955686	0.946866	0.944804	0	0.772461	0.747297	0.769382	0.771124	0.745575	0.921544	0.925292	0.924327	0.924536	0.917624	0.921964	1.08025	1.08234	1.09363	1.08552	1.09253	1.09185	1.00886	0.995986	1.00316	0.993644	0.996595	1.01608	1.1023	1.07897	1.08119	1.09636	1.09104	1.08024	0.962275	0.943453	0.957987	0.962655	0.961136	0.949088	0.994737	0.993444	0.995166	0.996636	0.994684	0.982025	1.0781	1.10236	1.08393	1.09965	1.10441	1.07821	0.962275	0.943453	0.957987	0.962655	0.961136	0.949088	1.06444	1.0704	1.06403	1.07018	1.06505	1.06869
ERR607808	0.951159	0.936203	0.929895	0.928374	0.950658	0.949627	0.994938	0.990211	0.999822	0.995246	0.985978	0.993639	0.936598	0.949978	0.949143	0.95065	0.937949	0.941951	0.927348	0.930194	0.92849	0.933771	0.929886	0.92677	0.9137	0.955994	0.917127	0.925644	0.914962	0.926996	0.994614	0.995621	0.971991	0.971022	0.962813	0.960429	0.772461	0	0.765481	0.779402	0.780683	0.765102	0.927124	0.930632	0.930079	0.930007	0.924318	0.927724	1.09308	1.09516	1.10661	1.09854	1.1056	1.1046	1.02538	1.01306	1.02078	1.01082	1.01401	1.03175	1.11196	1.08984	1.09208	1.10668	1.10131	1.09152	0.978374	0.959399	0.974357	0.978365	0.977372	0.965018	1.00858	1.00753	1.00873	1.01046	1.00853	0.997189	1.09145	1.11422	1.09706	1.11179	1.11626	1.09145	0.978374	0.959399	0.974357	0.978365	0.977372	0.965018	1.07834	1.08481	1.07815	1.08335	1.07849	1.08216
ERR607806	0.92873	0.911195	0.904231	0.902762	0.927743	0.926346	0.973439	0.967657	0.979205	0.973406	0.962719	0.972285	0.910613	0.925951	0.925357	0.927375	0.912335	0.917621	0.897444	0.901243	0.899208	0.904844	0.900718	0.896829	0.885502	0.934764	0.889511	0.900174	0.887283	0.901757	0.971548	0.973168	0.945979	0.944722	0.935161	0.932744	0.747297	0.765481	0	0.761146	0.763166	0.736177	0.917382	0.921928	0.920746	0.920795	0.913058	0.91778	1.07088	1.07311	1.08592	1.07677	1.08472	1.08376	1.00171	0.988291	0.996418	0.985355	0.988832	1.00922	1.08988	1.06649	1.06874	1.08443	1.07862	1.06806	0.954832	0.934149	0.950199	0.955217	0.95345	0.940075	0.984113	0.982759	0.984719	0.98593	0.984169	0.970956	1.06929	1.09465	1.07631	1.09193	1.09677	1.06948	0.954832	0.934149	0.950199	0.955217	0.95345	0.940075	1.0548	1.062	1.0546	1.06029	1.055	1.05901
ERR607810	0.950919	0.934379	0.927319	0.926033	0.950703	0.949172	0.991685	0.986193	0.996833	0.99101	0.981904	0.990664	0.931729	0.945456	0.944878	0.94702	0.933157	0.938288	0.92525	0.927765	0.926051	0.931327	0.927692	0.923969	0.909338	0.954884	0.913126	0.922476	0.910603	0.923997	0.99063	0.991804	0.968407	0.9672	0.958989	0.956595	0.769382	0.779402	0.761146	0	0.77665	0.761902	0.926444	0.929319	0.928778	0.928736	0.92285	0.926527	1.09043	1.093	1.10541	1.0966	1.10455	1.10363	1.02408	1.01138	1.01933	1.00894	1.01227	1.0305	1.10619	1.08516	1.08731	1.10183	1.0963	1.08693	0.977499	0.957323	0.973261	0.977694	0.976273	0.962599	1.00533	1.00422	1.00546	1.00641	1.00524	0.99337	1.08886	1.11233	1.09569	1.10973	1.11432	1.08902	0.977499	0.957323	0.973261	0.977694	0.976273	0.962599	1.07635	1.08402	1.07625	1.08113	1.07586	1.07986
ERR607809	0.951744	0.935812	0.928365	0.927107	0.951542	0.949813	0.992545	0.987724	0.997254	0.991757	0.98244	0.991457	0.932531	0.946227	0.94567	0.947739	0.933783	0.938827	0.926496	0.929411	0.927676	0.932465	0.929301	0.925756	0.910442	0.955467	0.914637	0.923737	0.911602	0.92498	0.991916	0.992936	0.969834	0.9684	0.960243	0.958008	0.771124	0.780683	0.763166	0.77665	0	0.763639	0.927484	0.930027	0.929573	0.929391	0.923997	0.927254	1.09118	1.09325	1.10607	1.09708	1.10492	1.10404	1.02493	1.01267	1.02075	1.01035	1.01331	1.03129	1.107	1.08573	1.08792	1.10263	1.09696	1.08737	0.977874	0.95844	0.973931	0.978543	0.976924	0.963725	1.00511	1.00439	1.00572	1.00682	1.00554	0.993537	1.08925	1.1126	1.09601	1.11008	1.11463	1.08935	0.977874	0.95844	0.973931	0.978543	0.976924	0.963725	1.07683	1.08398	1.07681	1.08139	1.07632	1.08041
ERR607807	0.925138	0.908805	0.903539	0.901765	0.924063	0.923214	0.973048	0.967843	0.979243	0.974313	0.963818	0.971635	0.91317	0.927728	0.927218	0.927639	0.91415	0.918345	0.894068	0.898569	0.896723	0.901905	0.898404	0.894651	0.886525	0.933189	0.890209	0.900153	0.888726	0.902008	0.973907	0.974875	0.946264	0.945845	0.936223	0.933529	0.745575	0.765102	0.736177	0.761902	0.763639	0	0.917867	0.922433	0.921366	0.921354	0.913881	0.918245	1.07071	1.07296	1.08423	1.07556	1.08282	1.08214	0.99774	0.984558	0.99165	0.981488	0.985008	1.00558	1.09517	1.07044	1.07296	1.08904	1.08319	1.072	0.951382	0.932286	0.946634	0.951521	0.949967	0.938177	0.984841	0.983171	0.985073	0.987068	0.98464	0.971761	1.06868	1.09348	1.07396	1.09068	1.09584	1.06866	0.951382	0.932286	0.946634	0.951521	0.949967	0.938177	1.05352	1.05945	1.05355	1.05998	1.05472	1.05827
ERR605534	1.02269	1.01152	1.00614	1.00397	1.02289	1.02194	1.03882	1.03374	1.04311	1.03915	1.03083	1.03751	0.975297	0.986424	0.986155	0.987272	0.976701	0.979262	1.00102	1.00311	1.00091	1.00563	1.00239	0.999452	1.00401	1.03933	1.00664	1.01408	1.00559	1.01569	1.02642	1.02722	1.00881	1.00816	1.00085	0.999423	0.921544	0.927124	0.917382	0.926444	0.927484	0.917867	0	0.782734	0.777509	0.777556	0.77037	0.775739	1.14752	1.14963	1.16029	1.15319	1.15976	1.15865	1.03658	1.02539	1.03317	1.02353	1.02582	1.04239	1.17289	1.15509	1.15687	1.16823	1.16367	1.15602	1.0379	1.01979	1.03426	1.03833	1.03644	1.02523	1.06507	1.06362	1.06527	1.06633	1.06495	1.0549	1.14716	1.16574	1.15195	1.16338	1.16707	1.1471	1.0379	1.01979	1.03426	1.03833	1.03644	1.02523	1.13386	1.14126	1.13363	1.13763	1.13346	1.13627
ERR605535	1.02913	1.01841	1.01319	1.01087	1.02971	1.02865	1.0433	1.03903	1.04732	1.0441	1.03575	1.04213	0.981801	0.992444	0.991979	0.992948	0.982827	0.985317	1.00849	1.01075	1.00842	1.0127	1.01007	1.00671	1.01114	1.04479	1.01366	1.02078	1.01284	1.0221	1.03248	1.03346	1.01525	1.01502	1.00812	1.00677	0.925292	0.930632	0.921928	0.929319	0.930027	0.922433	0.782734	0	0.782848	0.782413	0.777327	0.781176	1.15318	1.15547	1.16548	1.15877	1.16486	1.16408	1.04264	1.03099	1.03889	1.03023	1.03172	1.04807	1.17798	1.16087	1.16251	1.17348	1.16928	1.16182	1.04434	1.02656	1.04091	1.04471	1.0428	1.0317	1.07205	1.0706	1.07194	1.07333	1.07168	1.06215	1.15271	1.17036	1.15747	1.16855	1.17186	1.1528	1.04434	1.02656	1.04091	1.04471	1.0428	1.0317	1.13979	1.14697	1.13966	1.1436	1.13935	1.14256
ERR605538	1.02653	1.01493	1.00896	1.00712	1.02688	1.02561	1.04056	1.03578	1.04493	1.04074	1.03249	1.03947	0.978086	0.988948	0.988453	0.990291	0.979126	0.981936	1.00509	1.00729	1.00502	1.00976	1.00662	1.00351	1.00674	1.04247	1.00927	1.01691	1.00839	1.018	1.02795	1.02897	1.01127	1.01031	1.00334	1.00176	0.924327	0.930079	0.920746	0.928778	0.929573	0.921366	0.777509	0.782848	0	0.771659	0.770449	0.770396	1.15067	1.15299	1.16359	1.15673	1.16359	1.16219	1.04027	1.02905	1.03725	1.02794	1.02953	1.04585	1.17448	1.1574	1.15917	1.17038	1.16589	1.15838	1.04157	1.02304	1.03848	1.042	1.04013	1.0281	1.06762	1.0663	1.06784	1.06869	1.06768	1.05761	1.15074	1.16914	1.15576	1.16689	1.17048	1.15074	1.04157	1.02304	1.03848	1.042	1.04013	1.0281	1.13745	1.1452	1.13706	1.14105	1.13656	1.13984
ERR605536	1.02717	1.01535	1.00959	1.00712	1.02767	1.02593	1.04078	1.03573	1.04507	1.04078	1.03275	1.03976	0.977947	0.989077	0.989021	0.990433	0.979253	0.982198	1.00505	1.00747	1.00511	1.0098	1.00654	1.00321	1.00703	1.0431	1.00991	1.0172	1.00853	1.0184	1.02758	1.02884	1.01125	1.01033	1.00337	1.00171	0.924536	0.930007	0.920795	0.928736	0.929391	0.921354	0.777556	0.782413	0.771659	0	0.770317	0.769969	1.15044	1.15266	1.16349	1.1564	1.16301	1.16194	1.0406	1.02918	1.03763	1.02788	1.02946	1.04614	1.1738	1.15677	1.15866	1.16985	1.16538	1.15772	1.04185	1.02305	1.03823	1.04191	1.04042	1.02841	1.06806	1.06654	1.06798	1.06898	1.06778	1.05768	1.15042	1.16844	1.15556	1.16655	1.16994	1.15049	1.04185	1.02305	1.03823	1.04191	1.04042	1.02841	1.13708	1.14489	1.13662	1.14043	1.13601	1.13915
ERR605533	1.017	1.00493	0.99866	0.996532	1.01692	1.01577	1.03354	1.02807	1.03803	1.03352	1.025	1.03225	0.968895	0.980246	0.979864	0.981651	0.970088	0.973282	0.994428	0.996511	0.993913	0.999057	0.995935	0.992468	0.996498	1.03385	0.998992	1.00698	0.997881	1.00832	1.01984	1.02099	1.00198	1.00137	0.993544	0.991911	0.917624	0.924318	0.913058	0.92285	0.923997	0.913881	0.77037	0.777327	0.770449	0.770317	0	0.768841	1.14297	1.14489	1.15624	1.14882	1.15559	1.15458	1.03178	1.01979	1.02816	1.01802	1.01986	1.03686	1.16793	1.14995	1.15182	1.16337	1.15885	1.15088	1.03225	1.01316	1.02817	1.03222	1.03058	1.01855	1.0589	1.05709	1.05896	1.05984	1.05868	1.04829	1.1429	1.1617	1.14794	1.1596	1.16301	1.14297	1.03225	1.01316	1.02817	1.03222	1.03058	1.01855	1.12887	1.13695	1.12862	1.13244	1.12797	1.13148
