	ERR613905	ERR613903	ERR613907	ERR613906	ERR613904	ERR613902	ERR622160	ERR622155	ERR622159	ERR622158	ERR622157	ERR622156	ERR618718	ERR618722	ERR618721	ERR618720	ERR618719	ERR618717	ERR637059	ERR637060	ERR637062	ERR637057	ERR637061	ERR637058	ERR608679	ERR608678	ERR608677	ERR608682	ERR608681	ERR608680	ERR617294	ERR617291	ERR617293	ERR617292	ERR617289	ERR617290	ERR608871	ERR608872	ERR608875	ERR608873	ERR608876	ERR608874	ERR613447	ERR613446	ERR613443	ERR613448	ERR613445	ERR613444	ERR605963	ERR605958	ERR605962	ERR605960	ERR605961	ERR605959	ERR605982	ERR605987	ERR605985	ERR605986	ERR605983	ERR605984	ERR612724	ERR612723	ERR612727	ERR612726	ERR612725	ERR612728	ERR630097	ERR630096	ERR630098	ERR630099	ERR630100	ERR630101	ERR606039	ERR606037	ERR606036	ERR606038	ERR606040	ERR606041	ERR605542	ERR605543	ERR605539	ERR605540	ERR605541	ERR605544	ERR617863	ERR617861	ERR617864	ERR617866	ERR617862	ERR617865	ERR605542	ERR605543	ERR605539	ERR605540	ERR605541	ERR605544
ERR613905	8.34116e+09	8.284e+09	8.69976e+09	8.13143e+09	7.60174e+09	8.68293e+09	6.11792e+09	5.81125e+09	6.26098e+09	6.33472e+09	7.53205e+09	7.16362e+09	7.66198e+09	7.98175e+09	7.88657e+09	7.84103e+09	7.68374e+09	8.01418e+09	8.36972e+09	8.17594e+09	8.26379e+09	8.09187e+09	8.19883e+09	8.38956e+09	7.83369e+09	7.39096e+09	6.37812e+09	7.45762e+09	7.65311e+09	7.69607e+09	6.33973e+09	5.68294e+09	6.31211e+09	6.34111e+09	5.61052e+09	5.6529e+09	5.19293e+09	6.63303e+09	5.67737e+09	7.03801e+09	5.59564e+09	5.75237e+09	7.00789e+09	6.87505e+09	8.00283e+09	5.88571e+09	7.58211e+09	7.14472e+09	6.04235e+09	5.81092e+09	6.10602e+09	7.47882e+09	6.2109e+09	7.39753e+09	4.6816e+09	5.05247e+09	5.23871e+09	5.09522e+09	6.07483e+09	6.14792e+09	6.12303e+09	8.08115e+09	7.10033e+09	7.14288e+09	7.58098e+09	6.97155e+09	5.75311e+09	6.36065e+09	6.10798e+09	5.3174e+09	6.03406e+09	6.23367e+09	6.16083e+09	7.29057e+09	5.81199e+09	7.36763e+09	6.05983e+09	6.01022e+09	6.73529e+09	6.78596e+09	7.0624e+09	6.78495e+09	6.53522e+09	6.71109e+09	4.53831e+09	5.97056e+09	6.50833e+09	6.54031e+09	3.59401e+09	6.58136e+09	6.73529e+09	6.78596e+09	7.0624e+09	6.78495e+09	6.53522e+09	6.71109e+09
ERR613903	8.284e+09	8.71153e+09	8.90412e+09	8.30349e+09	7.76495e+09	8.88775e+09	6.23634e+09	5.92942e+09	6.38271e+09	6.45856e+09	7.69629e+09	7.31605e+09	7.84372e+09	8.17077e+09	8.07328e+09	8.02641e+09	7.8659e+09	8.20659e+09	8.57793e+09	8.37318e+09	8.46381e+09	8.28496e+09	8.3969e+09	8.59439e+09	8.00261e+09	7.54307e+09	6.50285e+09	7.6114e+09	7.81323e+09	7.85668e+09	6.46154e+09	5.78896e+09	6.43326e+09	6.4632e+09	5.71813e+09	5.7575e+09	5.30169e+09	6.77799e+09	5.79235e+09	7.19309e+09	5.70811e+09	5.86906e+09	7.15338e+09	7.01531e+09	8.18848e+09	6.00213e+09	7.75278e+09	7.29955e+09	6.16451e+09	5.93213e+09	6.22968e+09	7.64381e+09	6.33717e+09	7.56066e+09	4.78351e+09	5.1602e+09	5.35145e+09	5.20436e+09	6.21525e+09	6.29006e+09	6.25349e+09	8.27295e+09	7.25873e+09	7.30152e+09	7.75692e+09	7.12596e+09	5.88093e+09	6.50617e+09	6.24594e+09	5.43725e+09	6.17522e+09	6.3818e+09	6.28962e+09	7.45512e+09	5.93693e+09	7.53347e+09	6.18661e+09	6.13529e+09	6.88421e+09	6.93725e+09	7.2223e+09	6.93766e+09	6.67956e+09	6.85975e+09	4.62985e+09	6.09789e+09	6.65389e+09	6.68758e+09	3.66953e+09	6.72979e+09	6.88421e+09	6.93725e+09	7.2223e+09	6.93766e+09	6.67956e+09	6.85975e+09
ERR613907	8.69976e+09	8.90412e+09	9.66052e+09	8.722e+09	8.12402e+09	9.37091e+09	6.49102e+09	6.16115e+09	6.64492e+09	6.72565e+09	8.04811e+09	7.63599e+09	8.27763e+09	8.63953e+09	8.53247e+09	8.48077e+09	8.30493e+09	8.67442e+09	9.0243e+09	8.79496e+09	8.89706e+09	8.696e+09	8.82217e+09	9.04204e+09	8.38511e+09	7.88273e+09	6.76727e+09	7.9574e+09	8.1784e+09	8.22641e+09	6.77627e+09	6.05754e+09	6.74551e+09	6.77784e+09	5.9792e+09	6.02354e+09	5.53819e+09	7.11163e+09	6.0634e+09	7.55832e+09	5.97343e+09	6.14499e+09	7.48551e+09	7.33793e+09	8.60356e+09	6.25516e+09	8.12749e+09	7.63731e+09	6.47663e+09	6.21688e+09	6.54576e+09	8.06445e+09	6.66124e+09	7.97465e+09	5.05823e+09	5.4749e+09	5.68285e+09	5.5219e+09	6.62427e+09	6.70687e+09	6.54168e+09	8.70883e+09	7.61305e+09	7.66001e+09	8.14784e+09	7.47104e+09	6.17772e+09	6.8485e+09	6.57045e+09	5.70076e+09	6.48746e+09	6.70848e+09	6.63287e+09	7.8915e+09	6.24329e+09	7.97644e+09	6.52172e+09	6.46714e+09	7.21614e+09	7.2726e+09	7.57785e+09	7.27309e+09	6.99593e+09	7.19018e+09	4.8784e+09	6.45521e+09	7.05277e+09	7.0886e+09	3.85306e+09	7.13357e+09	7.21614e+09	7.2726e+09	7.57785e+09	7.27309e+09	6.99593e+09	7.19018e+09
ERR613906	8.13143e+09	8.30349e+09	8.722e+09	8.3793e+09	7.6181e+09	8.70444e+09	6.13026e+09	5.82325e+09	6.27399e+09	6.34785e+09	7.54975e+09	7.17964e+09	7.68069e+09	8.00226e+09	7.90653e+09	7.86097e+09	7.70354e+09	8.03462e+09	8.39145e+09	8.19647e+09	8.28524e+09	8.11182e+09	8.22021e+09	8.41081e+09	7.85191e+09	7.40694e+09	6.39082e+09	7.47383e+09	7.6704e+09	7.7133e+09	6.35334e+09	5.69477e+09	6.32589e+09	6.3551e+09	5.62207e+09	5.66458e+09	5.20348e+09	6.64868e+09	5.68997e+09	7.05512e+09	5.60771e+09	5.76489e+09	7.02239e+09	6.88859e+09	8.02046e+09	5.89633e+09	7.59822e+09	7.15921e+09	6.0552e+09	5.8228e+09	6.11878e+09	7.49619e+09	6.22467e+09	7.41506e+09	4.69232e+09	5.06483e+09	5.2515e+09	5.10742e+09	6.09154e+09	6.16435e+09	6.13628e+09	8.10036e+09	7.11605e+09	7.15852e+09	7.59833e+09	6.98702e+09	5.7654e+09	6.37509e+09	6.12171e+09	5.3289e+09	6.0475e+09	6.24854e+09	6.17548e+09	7.30917e+09	5.82535e+09	7.38622e+09	6.07403e+09	6.02455e+09	6.75026e+09	6.8013e+09	7.07823e+09	6.80044e+09	6.54961e+09	6.72591e+09	4.54833e+09	5.98433e+09	6.52368e+09	6.55618e+09	3.60151e+09	6.59716e+09	6.75026e+09	6.8013e+09	7.07823e+09	6.80044e+09	6.54961e+09	6.72591e+09
ERR613904	7.60174e+09	7.76495e+09	8.12402e+09	7.6181e+09	7.38142e+09	8.10934e+09	5.81557e+09	5.5516e+09	5.94933e+09	6.01745e+09	7.1135e+09	6.78849e+09	7.16914e+09	7.44264e+09	7.36101e+09	7.31944e+09	7.18296e+09	7.48196e+09	7.86713e+09	7.69309e+09	7.76808e+09	7.62015e+09	7.71281e+09	7.8752e+09	7.37279e+09	6.98154e+09	6.07114e+09	7.04161e+09	7.20881e+09	7.24533e+09	5.95301e+09	5.35586e+09	5.92884e+09	5.95649e+09	5.30244e+09	5.32735e+09	4.93162e+09	6.24598e+09	5.3601e+09	6.60947e+09	5.28428e+09	5.42974e+09	6.61704e+09	6.49463e+09	7.52635e+09	5.59718e+09	7.15508e+09	6.75843e+09	5.67356e+09	5.48517e+09	5.73323e+09	6.98254e+09	5.8246e+09	6.91061e+09	4.35871e+09	4.67259e+09	4.83445e+09	4.71125e+09	5.58488e+09	5.64725e+09	5.78847e+09	7.57447e+09	6.69017e+09	6.7288e+09	7.13378e+09	6.57077e+09	5.42389e+09	5.97675e+09	5.74482e+09	5.03551e+09	5.69889e+09	5.88308e+09	5.75629e+09	6.78272e+09	5.4635e+09	6.85062e+09	5.66876e+09	5.6226e+09	6.35536e+09	6.40353e+09	6.65831e+09	6.40644e+09	6.1768e+09	6.33257e+09	4.2399e+09	5.53732e+09	6.03639e+09	6.06745e+09	3.39019e+09	6.10591e+09	6.35536e+09	6.40353e+09	6.65831e+09	6.40644e+09	6.1768e+09	6.33257e+09
ERR613902	8.68293e+09	8.88775e+09	9.37091e+09	8.70444e+09	8.10934e+09	9.61909e+09	6.47888e+09	6.14894e+09	6.63222e+09	6.71274e+09	8.03263e+09	7.62087e+09	8.25656e+09	8.61719e+09	8.5103e+09	8.45877e+09	8.28288e+09	8.65217e+09	9.00323e+09	8.77549e+09	8.87697e+09	8.6773e+09	8.80201e+09	9.02287e+09	8.3695e+09	7.86884e+09	6.7553e+09	7.94247e+09	8.16381e+09	8.21196e+09	6.76232e+09	6.04527e+09	6.73175e+09	6.76328e+09	5.96608e+09	6.01153e+09	5.52523e+09	7.09557e+09	6.05033e+09	7.54162e+09	5.96065e+09	6.13167e+09	7.46982e+09	7.32256e+09	8.58397e+09	6.24221e+09	8.10907e+09	7.62115e+09	6.46349e+09	6.20545e+09	6.53201e+09	8.04808e+09	6.64831e+09	7.95833e+09	5.04679e+09	5.46164e+09	5.66889e+09	5.50807e+09	6.60717e+09	6.68974e+09	6.53021e+09	8.69089e+09	7.59777e+09	7.64389e+09	8.1307e+09	7.45639e+09	6.16425e+09	6.83305e+09	6.55598e+09	5.68806e+09	6.47288e+09	6.69287e+09	6.61825e+09	7.87395e+09	6.23016e+09	7.95853e+09	6.50749e+09	6.45285e+09	7.20263e+09	7.25862e+09	7.56266e+09	7.25836e+09	6.98271e+09	7.17645e+09	4.86884e+09	6.44265e+09	7.03719e+09	7.07248e+09	3.84511e+09	7.1179e+09	7.20263e+09	7.25862e+09	7.56266e+09	7.25836e+09	6.98271e+09	7.17645e+09
ERR622160	6.11792e+09	6.23634e+09	6.49102e+09	6.13026e+09	5.81557e+09	6.47888e+09	5.06898e+09	4.70193e+09	5.01705e+09	5.06979e+09	5.89731e+09	5.65613e+09	5.8218e+09	6.02354e+09	5.96314e+09	5.93202e+09	5.83067e+09	6.05621e+09	6.35374e+09	6.22885e+09	6.28163e+09	6.17772e+09	6.24221e+09	6.35978e+09	5.98288e+09	5.70099e+09	5.02715e+09	5.74401e+09	5.86507e+09	5.89114e+09	4.9184e+09	4.46209e+09	4.90079e+09	4.92207e+09	4.42487e+09	4.44104e+09	4.14077e+09	5.15521e+09	4.47313e+09	5.43028e+09	4.41646e+09	4.52752e+09	5.42681e+09	5.33463e+09	6.09916e+09	4.65596e+09	5.82713e+09	5.53477e+09	4.66484e+09	4.53078e+09	4.71175e+09	5.66075e+09	4.78048e+09	5.60671e+09	3.57045e+09	3.79844e+09	3.92067e+09	3.82867e+09	4.48769e+09	4.53478e+09	4.79325e+09	6.14325e+09	5.48414e+09	5.51247e+09	5.81853e+09	5.39337e+09	4.47662e+09	4.90054e+09	4.72312e+09	4.17871e+09	4.69266e+09	4.83418e+09	4.71544e+09	5.49078e+09	4.50118e+09	5.54136e+09	4.64762e+09	4.61283e+09	5.22177e+09	5.25821e+09	5.4514e+09	5.26027e+09	5.0874e+09	5.20471e+09	3.48696e+09	4.49484e+09	4.88062e+09	4.90515e+09	2.81437e+09	4.93465e+09	5.22177e+09	5.25821e+09	5.4514e+09	5.26027e+09	5.0874e+09	5.20471e+09
ERR622155	5.81125e+09	5.92942e+09	6.16115e+09	5.82325e+09	5.5516e+09	6.14894e+09	4.70193e+09	4.69384e+09	4.80017e+09	4.85036e+09	5.63194e+09	5.41555e+09	5.51317e+09	5.69392e+09	5.63835e+09	5.60886e+09	5.51955e+09	5.7287e+09	6.0605e+09	5.94222e+09	5.9884e+09	5.89772e+09	5.95335e+09	6.05819e+09	5.69675e+09	5.4372e+09	4.82688e+09	5.47781e+09	5.58322e+09	5.60638e+09	4.65315e+09	4.22852e+09	4.6372e+09	4.65792e+09	4.20886e+09	4.20881e+09	3.97743e+09	4.90372e+09	4.25279e+09	5.15476e+09	4.19916e+09	4.30512e+09	5.16295e+09	5.07602e+09	5.80874e+09	4.46275e+09	5.55942e+09	5.28486e+09	4.39931e+09	4.30397e+09	4.44466e+09	5.33255e+09	4.50641e+09	5.28342e+09	3.33679e+09	3.52361e+09	3.63389e+09	3.55217e+09	4.15892e+09	4.20122e+09	4.56776e+09	5.83689e+09	5.2204e+09	5.24637e+09	5.54063e+09	5.13475e+09	4.24671e+09	4.63868e+09	4.47293e+09	3.98852e+09	4.47244e+09	4.6051e+09	4.42147e+09	5.14538e+09	4.24974e+09	5.19029e+09	4.36143e+09	4.32689e+09	4.96784e+09	5.00422e+09	5.18647e+09	5.00829e+09	4.84794e+09	4.95258e+09	3.26834e+09	4.20143e+09	4.57316e+09	4.59706e+09	2.67202e+09	4.62443e+09	4.96784e+09	5.00422e+09	5.18647e+09	5.00829e+09	4.84794e+09	4.95258e+09
ERR622159	6.26098e+09	6.38271e+09	6.64492e+09	6.27399e+09	5.94933e+09	6.63222e+09	5.01705e+09	4.80017e+09	5.28458e+09	5.17862e+09	6.03283e+09	5.78393e+09	5.9545e+09	6.16313e+09	6.10057e+09	6.0686e+09	5.96403e+09	6.19615e+09	6.50329e+09	6.37436e+09	6.42918e+09	6.32217e+09	6.38835e+09	6.50981e+09	6.12213e+09	5.83124e+09	5.13585e+09	5.87534e+09	6.00015e+09	6.02746e+09	5.02497e+09	4.55477e+09	5.00652e+09	5.02871e+09	4.51577e+09	4.53277e+09	4.22433e+09	5.26885e+09	4.56554e+09	5.55216e+09	4.50715e+09	4.62224e+09	5.5472e+09	5.45316e+09	6.24096e+09	4.75279e+09	5.95996e+09	5.65814e+09	4.76198e+09	4.62355e+09	4.81016e+09	5.78761e+09	4.88098e+09	5.73233e+09	3.64033e+09	3.87616e+09	4.00186e+09	3.90655e+09	4.58396e+09	4.63263e+09	4.89377e+09	6.28533e+09	5.6053e+09	5.63528e+09	5.95014e+09	5.51193e+09	4.56812e+09	5.00446e+09	4.8215e+09	4.2613e+09	4.78979e+09	4.93584e+09	4.81322e+09	5.61221e+09	4.59195e+09	5.66364e+09	4.7442e+09	4.70771e+09	5.33615e+09	5.37353e+09	5.57259e+09	5.37513e+09	5.19746e+09	5.31834e+09	3.55653e+09	4.59069e+09	4.98612e+09	5.01147e+09	2.86725e+09	5.04162e+09	5.33615e+09	5.37353e+09	5.57259e+09	5.37513e+09	5.19746e+09	5.31834e+09
ERR622158	6.33472e+09	6.45856e+09	6.72565e+09	6.34785e+09	6.01745e+09	6.71274e+09	5.06979e+09	4.85036e+09	5.17862e+09	5.39691e+09	6.10203e+09	5.84946e+09	6.02205e+09	6.23417e+09	6.17092e+09	6.13867e+09	6.03131e+09	6.26776e+09	6.58169e+09	6.45054e+09	6.50605e+09	6.39751e+09	6.46528e+09	6.58841e+09	6.19331e+09	5.89708e+09	5.19109e+09	5.9422e+09	6.06933e+09	6.09691e+09	5.07823e+09	4.6011e+09	5.05949e+09	5.08153e+09	4.5616e+09	4.57877e+09	4.26645e+09	5.32631e+09	4.61246e+09	5.61382e+09	4.55292e+09	4.66955e+09	5.6087e+09	5.51224e+09	6.31432e+09	4.80149e+09	6.02869e+09	5.72159e+09	4.81232e+09	4.67179e+09	4.86182e+09	5.85385e+09	4.93373e+09	5.7979e+09	3.67728e+09	3.91625e+09	4.04359e+09	3.94757e+09	4.63378e+09	4.68336e+09	4.94722e+09	6.36169e+09	5.67028e+09	5.70022e+09	6.02125e+09	5.57525e+09	4.61641e+09	5.05893e+09	4.87391e+09	4.30545e+09	4.84154e+09	4.99004e+09	4.86511e+09	5.67541e+09	4.64051e+09	5.72841e+09	4.79438e+09	4.75746e+09	5.39564e+09	5.4339e+09	5.63615e+09	5.43547e+09	5.2548e+09	5.37732e+09	3.59272e+09	4.64051e+09	5.04182e+09	5.06698e+09	2.89514e+09	5.09828e+09	5.39564e+09	5.4339e+09	5.63615e+09	5.43547e+09	5.2548e+09	5.37732e+09
ERR622157	7.53205e+09	7.69629e+09	8.04811e+09	7.54975e+09	7.1135e+09	8.03263e+09	5.89731e+09	5.63194e+09	6.03283e+09	6.10203e+09	7.43575e+09	6.89168e+09	7.16427e+09	7.43824e+09	7.35638e+09	7.31467e+09	7.17859e+09	7.47823e+09	7.85943e+09	7.68745e+09	7.76033e+09	7.61709e+09	7.7062e+09	7.86896e+09	7.34683e+09	6.95708e+09	6.05087e+09	7.01492e+09	7.18383e+09	7.22014e+09	5.95115e+09	5.35415e+09	5.92711e+09	5.95517e+09	5.30159e+09	5.32722e+09	4.95211e+09	6.27129e+09	5.37955e+09	6.63635e+09	5.30419e+09	5.44997e+09	6.59949e+09	6.47778e+09	7.51125e+09	5.58332e+09	7.13749e+09	6.74296e+09	5.6428e+09	5.4618e+09	5.70257e+09	6.95176e+09	5.79572e+09	6.87965e+09	4.32261e+09	4.62861e+09	4.7919e+09	4.66724e+09	5.53341e+09	5.59651e+09	5.79351e+09	7.58528e+09	6.69672e+09	6.73465e+09	7.1423e+09	6.57744e+09	5.4092e+09	5.96354e+09	5.73245e+09	5.02311e+09	5.68566e+09	5.87007e+09	5.72549e+09	6.747e+09	5.43718e+09	6.81439e+09	5.63548e+09	5.5894e+09	6.35424e+09	6.40195e+09	6.65622e+09	6.40351e+09	6.17579e+09	6.33134e+09	4.20641e+09	5.49253e+09	5.98795e+09	6.01839e+09	3.36127e+09	6.05599e+09	6.35424e+09	6.40195e+09	6.65622e+09	6.40351e+09	6.17579e+09	6.33134e+09
ERR622156	7.16362e+09	7.31605e+09	7.63599e+09	7.17964e+09	6.78849e+09	7.62087e+09	5.65613e+09	5.41555e+09	5.78393e+09	5.84946e+09	6.89168e+09	6.78465e+09	6.8017e+09	7.05144e+09	6.97638e+09	6.93767e+09	6.81338e+09	7.09165e+09	7.47267e+09	7.31473e+09	7.38077e+09	7.25152e+09	7.33167e+09	7.47867e+09	6.99857e+09	6.64321e+09	5.80684e+09	6.69655e+09	6.84847e+09	6.88102e+09	5.67485e+09	5.11781e+09	5.65293e+09	5.67945e+09	5.07415e+09	5.09196e+09	4.75056e+09	5.9817e+09	5.14267e+09	6.31909e+09	5.07258e+09	5.20945e+09	6.29994e+09	6.18588e+09	7.14775e+09	5.35597e+09	6.80592e+09	6.44035e+09	5.37397e+09	5.21544e+09	5.43049e+09	6.59622e+09	5.51586e+09	6.52982e+09	4.0964e+09	4.37119e+09	4.52066e+09	4.40764e+09	5.20804e+09	5.26525e+09	5.53482e+09	7.20552e+09	6.38321e+09	6.41766e+09	6.80045e+09	6.27074e+09	5.15832e+09	5.67448e+09	5.45818e+09	4.80202e+09	5.42496e+09	5.59805e+09	5.43682e+09	6.38837e+09	5.17907e+09	6.4506e+09	5.35517e+09	5.31115e+09	6.06075e+09	6.10651e+09	6.34512e+09	6.10916e+09	5.89686e+09	6.03967e+09	3.99712e+09	5.1987e+09	5.66573e+09	5.69485e+09	3.21031e+09	5.73017e+09	6.06075e+09	6.10651e+09	6.34512e+09	6.10916e+09	5.89686e+09	6.03967e+09
ERR618718	7.66198e+09	7.84372e+09	8.27763e+09	7.68069e+09	7.16914e+09	8.25656e+09	5.8218e+09	5.51317e+09	5.9545e+09	6.02205e+09	7.16427e+09	6.8017e+09	7.96482e+09	8.01989e+09	7.92851e+09	7.88165e+09	7.72571e+09	8.05388e+09	8.03521e+09	7.81607e+09	7.90995e+09	7.727e+09	7.84049e+09	8.04348e+09	7.41168e+09	6.97822e+09	6.0169e+09	7.04365e+09	7.23362e+09	7.27644e+09	6.18784e+09	5.55588e+09	6.16065e+09	6.19061e+09	5.4848e+09	5.52488e+09	5.0939e+09	6.49946e+09	5.57488e+09	6.88886e+09	5.49536e+09	5.64712e+09	6.73466e+09	6.60693e+09	7.69603e+09	5.65661e+09	7.28154e+09	6.85233e+09	5.91453e+09	5.67307e+09	5.97427e+09	7.29343e+09	6.07334e+09	7.21574e+09	4.79122e+09	5.16758e+09	5.35501e+09	5.21047e+09	6.21854e+09	6.29365e+09	5.91181e+09	7.7806e+09	6.83444e+09	6.87575e+09	7.29727e+09	6.71124e+09	5.71919e+09	6.31739e+09	6.07202e+09	5.28476e+09	5.99186e+09	6.18801e+09	6.13958e+09	7.25602e+09	5.78922e+09	7.32741e+09	6.04374e+09	5.99492e+09	6.51079e+09	6.55848e+09	6.82346e+09	6.55936e+09	6.31688e+09	6.48881e+09	4.54959e+09	5.97719e+09	6.51772e+09	6.5513e+09	3.61373e+09	6.59196e+09	6.51079e+09	6.55848e+09	6.82346e+09	6.55936e+09	6.31688e+09	6.48881e+09
ERR618722	7.98175e+09	8.17077e+09	8.63953e+09	8.00226e+09	7.44264e+09	8.61719e+09	6.02354e+09	5.69392e+09	6.16313e+09	6.23417e+09	7.43824e+09	7.05144e+09	8.01989e+09	8.65585e+09	8.27568e+09	8.22561e+09	8.05019e+09	8.39909e+09	8.36042e+09	8.12778e+09	8.22903e+09	8.03208e+09	8.15396e+09	8.3729e+09	7.70627e+09	7.24408e+09	6.22264e+09	7.3128e+09	7.51819e+09	7.56458e+09	6.43447e+09	5.7641e+09	6.40512e+09	6.43667e+09	5.68325e+09	5.73177e+09	5.26636e+09	6.74873e+09	5.77819e+09	7.16467e+09	5.69434e+09	5.85423e+09	6.9884e+09	6.85303e+09	8.00349e+09	5.84732e+09	7.55887e+09	7.1033e+09	6.13948e+09	5.87474e+09	6.20277e+09	7.60068e+09	6.30983e+09	7.51787e+09	4.97804e+09	5.38751e+09	5.58989e+09	5.43301e+09	6.50772e+09	6.5888e+09	6.12398e+09	8.10374e+09	7.09703e+09	7.14045e+09	7.5843e+09	6.96724e+09	5.92356e+09	6.55662e+09	6.29722e+09	5.4621e+09	6.20412e+09	6.41017e+09	6.3846e+09	7.56757e+09	6.00109e+09	7.6439e+09	6.28014e+09	6.22819e+09	6.75413e+09	6.80451e+09	7.08334e+09	6.80174e+09	6.54617e+09	6.7315e+09	4.72245e+09	6.23029e+09	6.79789e+09	6.83291e+09	3.73508e+09	6.87461e+09	6.75413e+09	6.80451e+09	7.08334e+09	6.80174e+09	6.54617e+09	6.7315e+09
ERR618721	7.88657e+09	8.07328e+09	8.53247e+09	7.90653e+09	7.36101e+09	8.5103e+09	5.96314e+09	5.63835e+09	6.10057e+09	6.17092e+09	7.35638e+09	6.97638e+09	7.92851e+09	8.27568e+09	8.45038e+09	8.12867e+09	7.95581e+09	8.29955e+09	8.26378e+09	8.0348e+09	8.13395e+09	7.94116e+09	8.06055e+09	8.27521e+09	7.6188e+09	7.16417e+09	6.16004e+09	7.2322e+09	7.43383e+09	7.47877e+09	6.36192e+09	5.70253e+09	6.3335e+09	6.36426e+09	5.62464e+09	5.67073e+09	5.21526e+09	6.67526e+09	5.71885e+09	7.08378e+09	5.63683e+09	5.79388e+09	6.91374e+09	6.78041e+09	7.91367e+09	5.79107e+09	7.47739e+09	7.02959e+09	6.07593e+09	5.81773e+09	6.13831e+09	7.51329e+09	6.24276e+09	7.43157e+09	4.92644e+09	5.32575e+09	5.5235e+09	5.37051e+09	6.42632e+09	6.50542e+09	6.06178e+09	8.00817e+09	7.01942e+09	7.06287e+09	7.5001e+09	6.89138e+09	5.86446e+09	6.4871e+09	6.23216e+09	5.41082e+09	6.14205e+09	6.34562e+09	6.315e+09	7.47964e+09	5.94106e+09	7.55398e+09	6.21372e+09	6.16263e+09	6.68322e+09	6.73254e+09	7.00747e+09	6.73099e+09	6.47937e+09	6.66089e+09	4.67451e+09	6.1598e+09	6.71917e+09	6.75379e+09	3.70152e+09	6.79509e+09	6.68322e+09	6.73254e+09	7.00747e+09	6.73099e+09	6.47937e+09	6.66089e+09
ERR618720	7.84103e+09	8.02641e+09	8.48077e+09	7.86097e+09	7.31944e+09	8.45877e+09	5.93202e+09	5.60886e+09	6.0686e+09	6.13867e+09	7.31467e+09	6.93767e+09	7.88165e+09	8.22561e+09	8.12867e+09	8.35017e+09	7.90894e+09	8.2492e+09	8.21475e+09	7.98766e+09	8.08578e+09	7.89465e+09	8.01299e+09	8.2261e+09	7.57519e+09	7.12461e+09	6.128e+09	7.19237e+09	7.3917e+09	7.4369e+09	6.32829e+09	5.67371e+09	6.30046e+09	6.33116e+09	5.5963e+09	5.64304e+09	5.18805e+09	6.6377e+09	5.68919e+09	7.0431e+09	5.60738e+09	5.76302e+09	6.87566e+09	6.74404e+09	7.86672e+09	5.76141e+09	7.43404e+09	6.99001e+09	6.04452e+09	5.78805e+09	6.10677e+09	7.47003e+09	6.21037e+09	7.38926e+09	4.90341e+09	5.29973e+09	5.49604e+09	5.34427e+09	6.3914e+09	6.4698e+09	6.02993e+09	7.96069e+09	6.98083e+09	7.02342e+09	7.45608e+09	6.85404e+09	5.83516e+09	6.45344e+09	6.20044e+09	5.38444e+09	6.11097e+09	6.31262e+09	6.2835e+09	7.43717e+09	5.91204e+09	7.51162e+09	6.18253e+09	6.13164e+09	6.64688e+09	6.69565e+09	6.96806e+09	6.69428e+09	6.44514e+09	6.62435e+09	4.65171e+09	6.12649e+09	6.68171e+09	6.71651e+09	3.68404e+09	6.7573e+09	6.64688e+09	6.69565e+09	6.96806e+09	6.69428e+09	6.44514e+09	6.62435e+09
ERR618719	7.68374e+09	7.8659e+09	8.30493e+09	7.70354e+09	7.18296e+09	8.28288e+09	5.83067e+09	5.51955e+09	5.96403e+09	6.03131e+09	7.17859e+09	6.81338e+09	7.72571e+09	8.05019e+09	7.95581e+09	7.90894e+09	8.01651e+09	8.08059e+09	8.05348e+09	7.83323e+09	7.92797e+09	7.74344e+09	7.85804e+09	8.06269e+09	7.4286e+09	6.9922e+09	6.02448e+09	7.05788e+09	7.25027e+09	7.29319e+09	6.20976e+09	5.57299e+09	6.18243e+09	6.21191e+09	5.50022e+09	5.542e+09	5.10581e+09	6.51811e+09	5.59039e+09	6.91026e+09	5.51061e+09	5.6631e+09	6.7469e+09	6.61833e+09	7.71257e+09	5.66425e+09	7.29346e+09	6.86183e+09	5.92865e+09	5.68371e+09	5.98925e+09	7.3136e+09	6.0898e+09	7.23544e+09	4.81256e+09	5.19338e+09	5.38406e+09	5.23671e+09	6.25291e+09	6.32855e+09	5.92172e+09	7.79909e+09	6.84821e+09	6.88925e+09	7.31195e+09	6.72505e+09	5.73076e+09	6.33202e+09	6.08585e+09	5.29361e+09	6.00294e+09	6.19969e+09	6.15839e+09	7.28014e+09	5.80274e+09	7.35125e+09	6.06099e+09	6.01196e+09	6.52095e+09	6.56926e+09	6.8351e+09	6.56931e+09	6.32587e+09	6.50003e+09	4.56729e+09	6.00437e+09	6.54582e+09	6.57993e+09	3.62469e+09	6.61974e+09	6.52095e+09	6.56926e+09	6.8351e+09	6.56931e+09	6.32587e+09	6.50003e+09
ERR618717	8.01418e+09	8.20659e+09	8.67442e+09	8.03462e+09	7.48196e+09	8.65217e+09	6.05621e+09	5.7287e+09	6.19615e+09	6.26776e+09	7.47823e+09	7.09165e+09	8.05388e+09	8.39909e+09	8.29955e+09	8.2492e+09	8.08059e+09	8.71603e+09	8.40611e+09	8.17287e+09	8.27395e+09	8.07621e+09	8.19871e+09	8.41783e+09	7.74541e+09	7.28218e+09	6.25975e+09	7.3505e+09	7.55613e+09	7.60174e+09	6.44946e+09	5.7788e+09	6.42063e+09	6.45242e+09	5.70257e+09	5.74613e+09	5.28767e+09	6.7748e+09	5.79693e+09	7.19115e+09	5.7128e+09	5.87341e+09	7.02335e+09	6.88735e+09	8.04566e+09	5.8785e+09	7.60182e+09	7.14473e+09	6.16576e+09	5.90426e+09	6.22894e+09	7.63453e+09	6.33539e+09	7.5507e+09	4.98485e+09	5.39087e+09	5.59093e+09	5.43609e+09	6.50985e+09	6.5909e+09	6.15662e+09	8.1449e+09	7.13506e+09	7.17898e+09	7.62655e+09	7.00391e+09	5.95203e+09	6.58818e+09	6.32729e+09	5.49043e+09	6.23691e+09	6.44486e+09	6.40763e+09	7.59662e+09	6.02811e+09	7.67321e+09	6.30449e+09	6.25243e+09	6.79125e+09	6.84245e+09	7.12508e+09	6.84311e+09	6.58417e+09	6.76869e+09	4.73346e+09	6.24206e+09	6.81331e+09	6.84949e+09	3.74746e+09	6.89165e+09	6.79125e+09	6.84245e+09	7.12508e+09	6.84311e+09	6.58417e+09	6.76869e+09
ERR637059	8.36972e+09	8.57793e+09	9.0243e+09	8.39145e+09	7.86713e+09	9.00323e+09	6.35374e+09	6.0605e+09	6.50329e+09	6.58169e+09	7.85943e+09	7.47267e+09	8.03521e+09	8.36042e+09	8.26378e+09	8.21475e+09	8.05348e+09	8.40611e+09	9.1584e+09	8.67498e+09	8.76799e+09	8.58247e+09	8.6983e+09	8.90848e+09	8.16337e+09	7.68969e+09	6.63325e+09	7.75993e+09	7.96154e+09	8.00624e+09	6.55948e+09	5.87729e+09	6.53196e+09	6.56344e+09	5.81951e+09	5.84367e+09	5.43182e+09	6.93624e+09	5.91327e+09	7.35751e+09	5.8269e+09	5.99321e+09	7.30245e+09	7.15886e+09	8.39208e+09	6.13007e+09	7.9418e+09	7.4711e+09	6.30916e+09	6.09182e+09	6.3773e+09	7.82766e+09	6.48272e+09	7.74378e+09	4.91209e+09	5.27796e+09	5.46824e+09	5.32297e+09	6.35647e+09	6.43181e+09	6.42602e+09	8.50874e+09	7.46312e+09	7.50635e+09	7.98512e+09	7.32361e+09	6.07216e+09	6.71634e+09	6.44757e+09	5.6266e+09	6.39468e+09	6.60789e+09	6.4393e+09	7.63925e+09	6.09924e+09	7.71678e+09	6.33745e+09	6.2839e+09	7.08326e+09	7.14095e+09	7.43576e+09	7.14406e+09	6.87827e+09	7.0579e+09	4.72716e+09	6.2156e+09	6.79713e+09	6.83433e+09	3.76821e+09	6.8776e+09	7.08326e+09	7.14095e+09	7.43576e+09	7.14406e+09	6.87827e+09	7.0579e+09
ERR637060	8.17594e+09	8.37318e+09	8.79496e+09	8.19647e+09	7.69309e+09	8.77549e+09	6.22885e+09	5.94222e+09	6.37436e+09	6.45054e+09	7.68745e+09	7.31473e+09	7.81607e+09	8.12778e+09	8.0348e+09	7.98766e+09	7.83323e+09	8.17287e+09	8.67498e+09	8.69984e+09	8.55333e+09	8.37255e+09	8.48696e+09	8.68098e+09	7.97951e+09	7.52493e+09	6.50155e+09	7.5926e+09	7.78657e+09	7.82963e+09	6.40716e+09	5.74482e+09	6.38017e+09	6.41112e+09	5.68935e+09	5.71333e+09	5.30806e+09	6.7673e+09	5.77705e+09	7.17497e+09	5.6939e+09	5.8548e+09	7.13799e+09	7.00008e+09	8.18532e+09	6.00151e+09	7.75325e+09	7.30109e+09	6.16016e+09	5.9487e+09	6.22542e+09	7.62467e+09	6.32789e+09	7.54368e+09	4.77554e+09	5.12926e+09	5.31291e+09	5.17265e+09	6.16266e+09	6.23494e+09	6.28171e+09	8.29342e+09	7.28668e+09	7.32874e+09	7.78958e+09	7.15225e+09	5.91996e+09	6.54352e+09	6.28345e+09	5.48802e+09	6.2302e+09	6.43649e+09	6.27463e+09	7.42838e+09	5.94516e+09	7.50328e+09	6.17581e+09	6.1243e+09	6.91713e+09	6.97269e+09	7.25828e+09	6.97642e+09	6.71833e+09	6.89265e+09	4.6056e+09	6.04463e+09	6.60375e+09	6.6399e+09	3.67326e+09	6.68188e+09	6.91713e+09	6.97269e+09	7.25828e+09	6.97642e+09	6.71833e+09	6.89265e+09
ERR637062	8.26379e+09	8.46381e+09	8.89706e+09	8.28524e+09	7.76808e+09	8.87697e+09	6.28163e+09	5.9884e+09	6.42918e+09	6.50605e+09	7.76033e+09	7.38077e+09	7.90995e+09	8.22903e+09	8.13395e+09	8.08578e+09	7.92797e+09	8.27395e+09	8.76799e+09	8.55333e+09	8.88484e+09	8.45863e+09	8.57678e+09	8.77571e+09	8.0609e+09	7.59701e+09	6.55622e+09	7.66531e+09	7.86408e+09	7.90795e+09	6.47658e+09	5.80471e+09	6.4489e+09	6.48015e+09	5.74603e+09	5.77179e+09	5.35764e+09	6.83904e+09	5.83607e+09	7.2539e+09	5.75131e+09	5.91474e+09	7.21029e+09	7.06989e+09	8.27353e+09	6.05492e+09	7.83251e+09	7.37286e+09	6.2291e+09	6.01067e+09	6.29547e+09	7.71773e+09	6.40035e+09	7.63531e+09	4.83867e+09	5.20278e+09	5.39057e+09	5.24726e+09	6.25739e+09	6.33137e+09	6.34346e+09	8.3867e+09	7.36226e+09	7.4053e+09	7.87273e+09	7.22604e+09	5.98448e+09	6.6181e+09	6.35412e+09	5.54374e+09	6.2968e+09	6.50629e+09	6.35248e+09	7.52633e+09	6.01376e+09	7.60287e+09	6.25199e+09	6.19963e+09	6.98922e+09	7.04505e+09	7.33536e+09	7.04877e+09	6.78631e+09	6.96401e+09	4.66147e+09	6.12453e+09	6.69243e+09	6.72916e+09	3.71319e+09	6.77169e+09	6.98922e+09	7.04505e+09	7.33536e+09	7.04877e+09	6.78631e+09	6.96401e+09
ERR637057	8.09187e+09	8.28496e+09	8.696e+09	8.11182e+09	7.62015e+09	8.6773e+09	6.17772e+09	5.89772e+09	6.32217e+09	6.39751e+09	7.61709e+09	7.25152e+09	7.727e+09	8.03208e+09	7.94116e+09	7.89465e+09	7.74344e+09	8.07621e+09	8.58247e+09	8.37255e+09	8.45863e+09	8.51849e+09	8.39443e+09	8.58823e+09	7.90023e+09	7.45524e+09	6.44842e+09	7.52074e+09	7.71034e+09	7.75228e+09	6.3426e+09	5.6902e+09	6.31632e+09	6.34656e+09	5.63582e+09	5.65908e+09	5.26247e+09	6.69983e+09	5.72269e+09	7.10085e+09	5.63999e+09	5.7988e+09	7.07015e+09	6.93362e+09	8.10065e+09	5.95129e+09	7.67774e+09	7.23283e+09	6.08848e+09	5.88569e+09	6.15332e+09	7.53071e+09	6.25398e+09	7.45195e+09	4.71505e+09	5.05774e+09	5.23814e+09	5.10093e+09	6.07292e+09	6.14288e+09	6.22077e+09	8.20265e+09	7.21217e+09	7.25322e+09	7.70811e+09	7.0796e+09	5.85649e+09	6.47005e+09	6.21353e+09	5.43274e+09	6.16436e+09	6.36756e+09	6.19748e+09	7.33248e+09	5.87841e+09	7.40562e+09	6.10003e+09	6.04875e+09	6.8466e+09	6.90084e+09	7.18166e+09	6.90339e+09	6.65097e+09	6.82172e+09	4.55078e+09	5.96564e+09	6.51649e+09	6.55147e+09	3.63403e+09	6.59282e+09	6.8466e+09	6.90084e+09	7.18166e+09	6.90339e+09	6.65097e+09	6.82172e+09
ERR637061	8.19883e+09	8.3969e+09	8.82217e+09	8.22021e+09	7.71281e+09	8.80201e+09	6.24221e+09	5.95335e+09	6.38835e+09	6.46528e+09	7.7062e+09	7.33167e+09	7.84049e+09	8.15396e+09	8.06055e+09	8.01299e+09	7.85804e+09	8.19871e+09	8.6983e+09	8.48696e+09	8.57678e+09	8.39443e+09	8.74554e+09	8.70514e+09	8.0013e+09	7.54366e+09	6.51532e+09	7.61122e+09	7.80671e+09	7.85021e+09	6.42556e+09	5.76095e+09	6.39854e+09	6.42932e+09	5.70447e+09	5.72897e+09	5.32066e+09	6.78569e+09	5.79256e+09	7.19527e+09	5.70848e+09	5.87042e+09	7.15824e+09	7.01931e+09	8.20878e+09	6.01597e+09	7.77405e+09	7.31986e+09	6.17948e+09	5.96514e+09	6.24553e+09	7.65024e+09	6.34858e+09	7.56899e+09	4.79364e+09	5.15065e+09	5.33561e+09	5.19443e+09	6.18988e+09	6.26206e+09	6.29917e+09	8.3194e+09	7.30774e+09	7.3501e+09	7.81233e+09	7.17283e+09	5.93778e+09	6.56421e+09	6.30314e+09	5.50308e+09	6.24797e+09	6.45504e+09	6.29697e+09	7.45595e+09	5.96463e+09	7.53154e+09	6.19734e+09	6.1458e+09	6.93708e+09	6.9924e+09	7.27998e+09	6.99652e+09	6.73689e+09	6.91197e+09	4.62164e+09	6.06691e+09	6.62851e+09	6.66421e+09	3.68416e+09	6.70641e+09	6.93708e+09	6.9924e+09	7.27998e+09	6.99652e+09	6.73689e+09	6.91197e+09
ERR637058	8.38956e+09	8.59439e+09	9.04204e+09	8.41081e+09	7.8752e+09	9.02287e+09	6.35978e+09	6.05819e+09	6.50981e+09	6.58841e+09	7.86896e+09	7.47867e+09	8.04348e+09	8.3729e+09	8.27521e+09	8.2261e+09	8.06269e+09	8.41783e+09	8.90848e+09	8.68098e+09	8.77571e+09	8.58823e+09	8.70514e+09	9.16929e+09	8.1786e+09	7.70138e+09	6.63636e+09	7.77081e+09	7.97705e+09	8.02174e+09	6.57431e+09	5.88773e+09	6.54645e+09	6.57784e+09	5.82548e+09	5.8552e+09	5.42927e+09	6.94286e+09	5.92001e+09	7.3681e+09	5.8334e+09	6.00001e+09	7.31188e+09	7.16889e+09	8.40017e+09	6.13165e+09	7.94604e+09	7.47573e+09	6.32237e+09	6.09626e+09	6.38989e+09	7.84689e+09	6.49837e+09	7.76196e+09	4.92343e+09	5.29869e+09	5.49228e+09	5.3433e+09	6.38414e+09	6.46088e+09	6.43213e+09	8.52206e+09	7.47062e+09	7.51372e+09	7.99191e+09	7.33138e+09	6.07476e+09	6.72294e+09	6.45369e+09	5.62295e+09	6.39061e+09	6.60473e+09	6.45567e+09	7.65964e+09	6.10613e+09	7.73897e+09	6.35185e+09	6.298e+09	7.09026e+09	7.14668e+09	7.44204e+09	7.14888e+09	6.88232e+09	7.06437e+09	4.73784e+09	6.23511e+09	6.81482e+09	6.85126e+09	3.76777e+09	6.8949e+09	7.09026e+09	7.14668e+09	7.44204e+09	7.14888e+09	6.88232e+09	7.06437e+09
ERR608679	7.83369e+09	8.00261e+09	8.38511e+09	7.85191e+09	7.37279e+09	8.3695e+09	5.98288e+09	5.69675e+09	6.12213e+09	6.19331e+09	7.34683e+09	6.99857e+09	7.41168e+09	7.70627e+09	7.6188e+09	7.57519e+09	7.4286e+09	7.74541e+09	8.16337e+09	7.97951e+09	8.0609e+09	7.90023e+09	8.0013e+09	8.1786e+09	7.91437e+09	7.26641e+09	6.28737e+09	7.32819e+09	7.51431e+09	7.55458e+09	6.13798e+09	5.51179e+09	6.11167e+09	6.14077e+09	5.4504e+09	5.48278e+09	5.06199e+09	6.44462e+09	5.52057e+09	6.83006e+09	5.44172e+09	5.59269e+09	6.83758e+09	6.70887e+09	7.79749e+09	5.75902e+09	7.39774e+09	6.97919e+09	5.8954e+09	5.68656e+09	5.95709e+09	7.27525e+09	6.05595e+09	7.19809e+09	4.53565e+09	4.87648e+09	5.05013e+09	4.91671e+09	5.83997e+09	5.90758e+09	5.99141e+09	7.87101e+09	6.9342e+09	6.97418e+09	7.39846e+09	6.80924e+09	5.6234e+09	6.20834e+09	5.96505e+09	5.20865e+09	5.90198e+09	6.09526e+09	5.98573e+09	7.06598e+09	5.66592e+09	7.13855e+09	5.89068e+09	5.84341e+09	6.59158e+09	6.64141e+09	6.909e+09	6.64309e+09	6.40182e+09	6.56833e+09	4.40342e+09	5.7642e+09	6.28379e+09	6.31521e+09	3.50471e+09	6.35499e+09	6.59158e+09	6.64141e+09	6.909e+09	6.64309e+09	6.40182e+09	6.56833e+09
ERR608678	7.39096e+09	7.54307e+09	7.88273e+09	7.40694e+09	6.98154e+09	7.86884e+09	5.70099e+09	5.4372e+09	5.83124e+09	5.89708e+09	6.95708e+09	6.64321e+09	6.97822e+09	7.24408e+09	7.16417e+09	7.12461e+09	6.9922e+09	7.28218e+09	7.68969e+09	7.52493e+09	7.59701e+09	7.45524e+09	7.54366e+09	7.70138e+09	7.26641e+09	7.08625e+09	5.9902e+09	6.94148e+09	7.10726e+09	7.14324e+09	5.8153e+09	5.23596e+09	5.79129e+09	5.81883e+09	5.18251e+09	5.20884e+09	4.81771e+09	6.09908e+09	5.24028e+09	6.4521e+09	5.16756e+09	5.30783e+09	6.48073e+09	6.36254e+09	7.35732e+09	5.48673e+09	6.99788e+09	6.61569e+09	5.57282e+09	5.38837e+09	5.63112e+09	6.84518e+09	5.72123e+09	6.77509e+09	4.26856e+09	4.57319e+09	4.73097e+09	4.61054e+09	5.45292e+09	5.51393e+09	5.68123e+09	7.41168e+09	6.55625e+09	6.59318e+09	6.98413e+09	6.44051e+09	5.32212e+09	5.86105e+09	5.63586e+09	4.94078e+09	5.58563e+09	5.76439e+09	5.64386e+09	6.63672e+09	5.35751e+09	6.70353e+09	5.55728e+09	5.51321e+09	6.23725e+09	6.28386e+09	6.53067e+09	6.28511e+09	6.06375e+09	6.21549e+09	4.15648e+09	5.41464e+09	5.89588e+09	5.92567e+09	3.32261e+09	5.96234e+09	6.23725e+09	6.28386e+09	6.53067e+09	6.28511e+09	6.06375e+09	6.21549e+09
ERR608677	6.37812e+09	6.50285e+09	6.76727e+09	6.39082e+09	6.07114e+09	6.7553e+09	5.02715e+09	4.82688e+09	5.13585e+09	5.19109e+09	6.05087e+09	5.80684e+09	6.0169e+09	6.22264e+09	6.16004e+09	6.128e+09	6.02448e+09	6.25975e+09	6.63325e+09	6.50155e+09	6.55622e+09	6.44842e+09	6.51532e+09	6.63636e+09	6.28737e+09	5.9902e+09	5.44591e+09	6.03526e+09	6.15957e+09	6.18717e+09	5.06392e+09	4.58852e+09	5.04545e+09	5.06806e+09	4.55617e+09	4.56599e+09	4.26005e+09	5.30755e+09	4.59217e+09	5.59217e+09	4.53216e+09	4.64882e+09	5.64905e+09	5.55261e+09	6.36095e+09	4.84725e+09	6.07909e+09	5.77236e+09	4.84351e+09	4.71323e+09	4.89289e+09	5.88868e+09	4.96273e+09	5.83366e+09	3.68189e+09	3.91076e+09	4.03522e+09	3.94186e+09	4.62401e+09	4.67228e+09	4.97024e+09	6.38546e+09	5.69565e+09	5.72605e+09	6.04903e+09	5.59949e+09	4.64371e+09	5.08486e+09	4.89921e+09	4.34025e+09	4.87857e+09	5.02687e+09	4.87794e+09	5.6925e+09	4.66601e+09	5.74446e+09	4.80985e+09	4.7732e+09	5.4305e+09	5.46997e+09	5.67395e+09	5.47403e+09	5.29255e+09	5.41307e+09	3.60375e+09	4.64527e+09	5.05185e+09	5.07806e+09	2.92024e+09	5.10916e+09	5.4305e+09	5.46997e+09	5.67395e+09	5.47403e+09	5.29255e+09	5.41307e+09
ERR608682	7.45762e+09	7.6114e+09	7.9574e+09	7.47383e+09	7.04161e+09	7.94247e+09	5.74401e+09	5.47781e+09	5.87534e+09	5.9422e+09	7.01492e+09	6.69655e+09	7.04365e+09	7.3128e+09	7.2322e+09	7.19237e+09	7.05788e+09	7.3505e+09	7.75993e+09	7.5926e+09	7.66531e+09	7.52074e+09	7.61122e+09	7.77081e+09	7.32819e+09	6.94148e+09	6.03526e+09	7.20467e+09	7.16922e+09	7.20637e+09	5.86444e+09	5.27914e+09	5.84026e+09	5.86801e+09	5.22488e+09	5.2513e+09	4.85636e+09	6.15098e+09	5.28332e+09	6.50848e+09	5.20985e+09	5.35165e+09	6.5359e+09	6.41568e+09	7.42282e+09	5.52944e+09	7.05869e+09	6.67144e+09	5.62072e+09	5.43271e+09	5.67955e+09	6.90721e+09	5.76998e+09	6.83594e+09	4.30657e+09	4.61695e+09	4.77631e+09	4.65481e+09	5.50805e+09	5.56944e+09	5.72608e+09	7.4778e+09	6.61127e+09	6.6487e+09	7.04474e+09	6.49397e+09	5.36486e+09	5.90965e+09	5.68237e+09	4.97988e+09	5.6318e+09	5.81237e+09	5.69349e+09	6.69913e+09	5.40255e+09	6.76624e+09	5.60612e+09	5.56203e+09	6.28875e+09	6.33571e+09	6.58502e+09	6.3371e+09	6.1123e+09	6.2669e+09	4.1924e+09	5.46548e+09	5.95197e+09	5.98245e+09	3.35058e+09	6.0189e+09	6.28875e+09	6.33571e+09	6.58502e+09	6.3371e+09	6.1123e+09	6.2669e+09
ERR608681	7.65311e+09	7.81323e+09	8.1784e+09	7.6704e+09	7.20881e+09	8.16381e+09	5.86507e+09	5.58322e+09	6.00015e+09	6.06933e+09	7.18383e+09	6.84847e+09	7.23362e+09	7.51819e+09	7.43383e+09	7.3917e+09	7.25027e+09	7.55613e+09	7.96154e+09	7.78657e+09	7.86408e+09	7.71034e+09	7.80671e+09	7.97705e+09	7.51431e+09	7.10726e+09	6.15957e+09	7.16922e+09	7.55998e+09	7.38739e+09	6.01136e+09	5.40327e+09	5.9859e+09	6.01442e+09	5.34237e+09	5.37482e+09	4.95843e+09	6.30307e+09	5.40674e+09	6.67647e+09	5.33054e+09	5.47692e+09	6.69009e+09	6.56597e+09	7.61311e+09	5.64368e+09	7.2292e+09	6.82665e+09	5.76368e+09	5.56163e+09	5.82371e+09	7.10137e+09	5.91962e+09	7.02612e+09	4.42508e+09	4.75393e+09	4.92172e+09	4.79308e+09	5.68534e+09	5.751e+09	5.85781e+09	7.67576e+09	6.77267e+09	6.81085e+09	7.22021e+09	6.65162e+09	5.49427e+09	6.06126e+09	5.82526e+09	5.09143e+09	5.764e+09	5.95125e+09	5.84661e+09	6.8924e+09	5.5373e+09	6.96333e+09	5.75416e+09	5.70863e+09	6.44052e+09	6.4885e+09	6.74703e+09	6.48931e+09	6.25653e+09	6.41806e+09	4.30314e+09	5.62521e+09	6.12679e+09	6.15766e+09	3.42637e+09	6.1957e+09	6.44052e+09	6.4885e+09	6.74703e+09	6.48931e+09	6.25653e+09	6.41806e+09
ERR608680	7.69607e+09	7.85668e+09	8.22641e+09	7.7133e+09	7.24533e+09	8.21196e+09	5.89114e+09	5.60638e+09	6.02746e+09	6.09691e+09	7.22014e+09	6.88102e+09	7.27644e+09	7.56458e+09	7.47877e+09	7.4369e+09	7.29319e+09	7.60174e+09	8.00624e+09	7.82963e+09	7.90795e+09	7.75228e+09	7.85021e+09	8.02174e+09	7.55458e+09	7.14324e+09	6.18717e+09	7.20637e+09	7.38739e+09	7.6408e+09	6.04326e+09	5.43037e+09	6.01765e+09	6.04615e+09	5.3684e+09	5.40163e+09	4.9807e+09	6.33539e+09	5.43312e+09	6.71258e+09	5.35665e+09	5.50438e+09	6.7246e+09	6.59936e+09	7.65446e+09	5.66944e+09	7.26675e+09	6.8602e+09	5.79665e+09	5.59121e+09	5.85669e+09	7.14393e+09	5.95448e+09	7.06804e+09	4.45561e+09	4.78889e+09	4.95943e+09	4.82857e+09	5.7296e+09	5.79604e+09	5.88964e+09	7.72279e+09	6.8108e+09	6.84989e+09	7.26249e+09	6.68941e+09	5.52546e+09	6.09676e+09	5.85907e+09	5.11859e+09	5.79648e+09	5.98474e+09	5.88332e+09	6.93793e+09	5.56993e+09	7.00928e+09	5.78998e+09	5.744e+09	6.47541e+09	6.52411e+09	6.7842e+09	6.5245e+09	6.28978e+09	6.45245e+09	4.33007e+09	5.66322e+09	6.16866e+09	6.19946e+09	3.44596e+09	6.23825e+09	6.47541e+09	6.52411e+09	6.7842e+09	6.5245e+09	6.28978e+09	6.45245e+09
ERR617294	6.33973e+09	6.46154e+09	6.77627e+09	6.35334e+09	5.95301e+09	6.76232e+09	4.9184e+09	4.65315e+09	5.02497e+09	5.07823e+09	5.95115e+09	5.67485e+09	6.18784e+09	6.43447e+09	6.36192e+09	6.32829e+09	6.20976e+09	6.44946e+09	6.55948e+09	6.40716e+09	6.47658e+09	6.3426e+09	6.42556e+09	6.57431e+09	6.13798e+09	5.8153e+09	5.06392e+09	5.86444e+09	6.01136e+09	6.04326e+09	5.55589e+09	4.84697e+09	5.34264e+09	5.36462e+09	4.77454e+09	4.82119e+09	4.34541e+09	5.47165e+09	4.75257e+09	5.77743e+09	4.69086e+09	4.81022e+09	5.58827e+09	5.4908e+09	6.29358e+09	4.74432e+09	5.98397e+09	5.66442e+09	4.85149e+09	4.65457e+09	4.90008e+09	5.91825e+09	4.97954e+09	5.85844e+09	3.88409e+09	4.18212e+09	4.33093e+09	4.21648e+09	4.99266e+09	5.05018e+09	4.84725e+09	6.28251e+09	5.56344e+09	5.59491e+09	5.91033e+09	5.47043e+09	4.64676e+09	5.10768e+09	4.9187e+09	4.29784e+09	4.84543e+09	4.99562e+09	5.00821e+09	5.86244e+09	4.7247e+09	5.9197e+09	4.92928e+09	4.8927e+09	5.29995e+09	5.33492e+09	5.53758e+09	5.3317e+09	5.14588e+09	5.28215e+09	3.73273e+09	4.87598e+09	5.29065e+09	5.31391e+09	2.95707e+09	5.34608e+09	5.29995e+09	5.33492e+09	5.53758e+09	5.3317e+09	5.14588e+09	5.28215e+09
ERR617291	5.68294e+09	5.78896e+09	6.05754e+09	5.69477e+09	5.35586e+09	6.04527e+09	4.46209e+09	4.22852e+09	4.55477e+09	4.6011e+09	5.35415e+09	5.11781e+09	5.55588e+09	5.7641e+09	5.70253e+09	5.67371e+09	5.57299e+09	5.7788e+09	5.87729e+09	5.74482e+09	5.80471e+09	5.6902e+09	5.76095e+09	5.88773e+09	5.51179e+09	5.23596e+09	4.58852e+09	5.27914e+09	5.40327e+09	5.43037e+09	4.84697e+09	4.57245e+09	4.82855e+09	4.84732e+09	4.34533e+09	4.38406e+09	3.96262e+09	4.93909e+09	4.3195e+09	5.20033e+09	4.26605e+09	4.36917e+09	5.03932e+09	4.95557e+09	5.64576e+09	4.30949e+09	5.381e+09	5.10601e+09	4.40051e+09	4.22969e+09	4.44216e+09	5.31955e+09	4.51005e+09	5.2685e+09	3.54379e+09	3.80177e+09	3.9301e+09	3.8316e+09	4.50581e+09	4.55558e+09	4.39666e+09	5.63307e+09	5.01636e+09	5.04347e+09	5.3156e+09	4.93558e+09	4.22167e+09	4.61989e+09	4.45731e+09	3.91624e+09	4.39487e+09	4.52507e+09	4.53368e+09	5.26895e+09	4.29033e+09	5.31786e+09	4.46604e+09	4.4342e+09	4.78797e+09	4.81777e+09	4.99308e+09	4.81569e+09	4.65542e+09	4.77242e+09	3.40432e+09	4.41186e+09	4.7751e+09	4.79612e+09	2.71186e+09	4.8237e+09	4.78797e+09	4.81777e+09	4.99308e+09	4.81569e+09	4.65542e+09	4.77242e+09
ERR617293	6.31211e+09	6.43326e+09	6.74551e+09	6.32589e+09	5.92884e+09	6.73175e+09	4.90079e+09	4.6372e+09	5.00652e+09	5.05949e+09	5.92711e+09	5.65293e+09	6.16065e+09	6.40512e+09	6.3335e+09	6.30046e+09	6.18243e+09	6.42063e+09	6.53196e+09	6.38017e+09	6.4489e+09	6.31632e+09	6.39854e+09	6.54645e+09	6.11167e+09	5.79129e+09	5.04545e+09	5.84026e+09	5.9859e+09	6.01765e+09	5.34264e+09	4.82855e+09	5.51097e+09	5.34292e+09	4.75721e+09	4.80302e+09	4.33101e+09	5.45012e+09	4.736e+09	5.75431e+09	4.67387e+09	4.79308e+09	5.56523e+09	5.46867e+09	6.26597e+09	4.72683e+09	5.95844e+09	5.6411e+09	4.83278e+09	4.63806e+09	4.88073e+09	5.89354e+09	4.9602e+09	5.83378e+09	3.86946e+09	4.16497e+09	4.31282e+09	4.19912e+09	4.97056e+09	5.02772e+09	4.82971e+09	6.25595e+09	5.54219e+09	5.57308e+09	5.88697e+09	5.44893e+09	4.62788e+09	5.08594e+09	4.89875e+09	4.28182e+09	4.82649e+09	4.97511e+09	4.98682e+09	5.83512e+09	4.70576e+09	5.8921e+09	4.90867e+09	4.87204e+09	5.27941e+09	5.31431e+09	5.51638e+09	5.31148e+09	5.12719e+09	5.26205e+09	3.71828e+09	4.85551e+09	5.26834e+09	5.29158e+09	2.94738e+09	5.3229e+09	5.27941e+09	5.31431e+09	5.51638e+09	5.31148e+09	5.12719e+09	5.26205e+09
