	ERR630047	ERR630042	ERR630044	ERR630046	ERR630045	ERR630043	ERR618509	ERR618511	ERR618507	ERR618510	ERR618508	ERR618512	ERR617061	ERR617062	ERR617059	ERR617058	ERR617057	ERR617060	ERR636821	ERR636819	ERR636818	ERR636817	ERR636820	ERR636822	ERR637038	ERR637037	ERR637036	ERR637033	ERR637034	ERR637035	ERR629867	ERR629863	ERR629866	ERR629865	ERR629862	ERR629864	ERR613849	ERR613851	ERR613848	ERR613852	ERR613853	ERR613850	ERR607710	ERR607709	ERR607705	ERR607708	ERR607706	ERR607707	ERR616189	ERR616185	ERR616190	ERR616186	ERR616187	ERR616188	ERR617457	ERR617460	ERR617459	ERR617462	ERR617458	ERR617461	ERR617200	ERR617202	ERR617198	ERR617201	ERR617199	ERR617197	ERR617468	ERR617466	ERR617467	ERR617464	ERR617465	ERR617463	ERR618690	ERR618687	ERR618689	ERR618688	ERR618692	ERR618691	ERR605559	ERR605557	ERR605562	ERR605561	ERR605558	ERR605560	ERR616703	ERR616700	ERR616702	ERR616701	ERR616704	ERR616705	ERR616703	ERR616700	ERR616702	ERR616701	ERR616704	ERR616705
ERR630047	0	0.258781	0.262015	0.247345	0.268975	0.263239	0.347614	0.357814	0.349318	0.358467	0.346914	0.358501	0.40366	0.398225	0.431635	0.428247	0.411632	0.403696	0.330712	0.365549	0.37931	0.35105	0.333458	0.330906	0.302948	0.301234	0.299176	0.294511	0.307238	0.29863	0.390374	0.406109	0.390727	0.391781	0.417586	0.415092	0.381488	0.386332	0.400866	0.385308	0.40076	0.355203	0.312075	0.310548	0.319102	0.310303	0.319121	0.311715	0.657243	0.668957	0.65521	0.664605	0.68839	0.662763	0.576927	0.582852	0.587347	0.576378	0.587523	0.583326	0.598962	0.576871	0.589532	0.595314	0.593812	0.583215	0.585178	0.594341	0.593867	0.596798	0.597887	0.585328	0.594069	0.59136	0.593539	0.591815	0.594916	0.593526	0.570691	0.565957	0.572568	0.569759	0.568096	0.572416	0.539138	0.562711	0.576271	0.561624	0.537637	0.539325	0.539138	0.562711	0.576271	0.561624	0.537637	0.539325
ERR630042	0.258781	0	0.248344	0.26257	0.285296	0.257979	0.332351	0.336521	0.331267	0.337479	0.334633	0.337679	0.383841	0.380772	0.403866	0.401141	0.38793	0.383523	0.315664	0.345962	0.355972	0.33099	0.317843	0.316175	0.28873	0.28739	0.286476	0.284481	0.291282	0.287941	0.372486	0.380866	0.372906	0.37297	0.389176	0.387065	0.359776	0.361502	0.378213	0.360734	0.378404	0.338282	0.309599	0.309717	0.317605	0.309734	0.311889	0.310753	0.630354	0.640414	0.627564	0.635127	0.658586	0.635533	0.557377	0.560844	0.564743	0.556188	0.565101	0.561473	0.574367	0.56081	0.565944	0.570952	0.56939	0.560881	0.564677	0.571945	0.571571	0.574079	0.574884	0.565347	0.573685	0.570778	0.574174	0.573151	0.573794	0.573028	0.549816	0.542262	0.549752	0.546916	0.545748	0.549482	0.522123	0.545003	0.557195	0.543599	0.520765	0.522254	0.522123	0.545003	0.557195	0.543599	0.520765	0.522254
ERR630044	0.262015	0.248344	0	0.263316	0.280214	0.255273	0.334611	0.341367	0.336326	0.34107	0.334002	0.343051	0.389383	0.387052	0.412762	0.409668	0.396125	0.3896	0.324118	0.358051	0.368187	0.341385	0.326797	0.324487	0.298198	0.296572	0.295416	0.292234	0.301107	0.297531	0.375108	0.383821	0.375027	0.375643	0.39597	0.393327	0.369108	0.369825	0.389212	0.369223	0.389403	0.344188	0.314043	0.313773	0.317202	0.313374	0.31439	0.313094	0.628932	0.638729	0.626658	0.63434	0.656834	0.633991	0.55925	0.564438	0.567144	0.559034	0.567218	0.565138	0.576031	0.56191	0.569916	0.572936	0.573512	0.564176	0.568357	0.576264	0.576057	0.576619	0.57752	0.56769	0.57433	0.571971	0.574537	0.573298	0.574964	0.57384	0.548065	0.542231	0.548648	0.546155	0.544839	0.548363	0.523055	0.543019	0.554481	0.541881	0.521598	0.523172	0.523055	0.543019	0.554481	0.541881	0.521598	0.523172
ERR630046	0.247345	0.26257	0.263316	0	0.261984	0.260471	0.349503	0.361967	0.353979	0.361853	0.346238	0.363207	0.408866	0.403967	0.439813	0.436051	0.419146	0.40911	0.337918	0.376262	0.390123	0.360139	0.341268	0.338574	0.311241	0.309067	0.306817	0.301196	0.315557	0.307278	0.393682	0.409332	0.393668	0.395272	0.423989	0.421305	0.389547	0.393097	0.410522	0.392325	0.410392	0.359856	0.315516	0.313819	0.317924	0.31338	0.320748	0.313262	0.656919	0.668654	0.655483	0.664965	0.687823	0.662556	0.57926	0.586807	0.590128	0.579567	0.590046	0.587615	0.601421	0.578567	0.594132	0.59818	0.598543	0.587048	0.589384	0.599089	0.598719	0.59993	0.601128	0.588358	0.595878	0.593506	0.595008	0.593303	0.597044	0.595253	0.569739	0.566584	0.572257	0.569721	0.568047	0.572205	0.540739	0.561684	0.574771	0.56094	0.539083	0.540926	0.540739	0.561684	0.574771	0.56094	0.539083	0.540926
ERR630045	0.268975	0.285296	0.280214	0.261984	0	0.266386	0.363866	0.381865	0.374975	0.379538	0.353991	0.384242	0.42824	0.424964	0.465354	0.460609	0.443707	0.429452	0.365549	0.408982	0.422458	0.39051	0.36964	0.366335	0.34253	0.339877	0.337645	0.329735	0.347125	0.339228	0.409753	0.425299	0.408571	0.411843	0.446827	0.443405	0.416882	0.417955	0.440196	0.417189	0.440223	0.381252	0.337233	0.334853	0.328411	0.333856	0.337863	0.33008	0.656261	0.66767	0.656251	0.666131	0.686192	0.661563	0.5869	0.598927	0.598777	0.589565	0.598394	0.600091	0.60866	0.58445	0.607398	0.606636	0.612185	0.598477	0.601689	0.612832	0.613031	0.60927	0.610579	0.59746	0.600599	0.598991	0.599007	0.596998	0.602708	0.600285	0.569409	0.571087	0.573679	0.571979	0.570051	0.573934	0.547165	0.560281	0.571412	0.560504	0.545151	0.547078	0.547165	0.560281	0.571412	0.560504	0.545151	0.547078
ERR630043	0.263239	0.257979	0.255273	0.260471	0.266386	0	0.340926	0.353149	0.348437	0.351716	0.335807	0.355361	0.399658	0.39769	0.430418	0.42672	0.411847	0.400655	0.339041	0.377774	0.389187	0.359696	0.342556	0.339759	0.314695	0.312817	0.311275	0.30571	0.318341	0.313082	0.38393	0.394039	0.383123	0.385036	0.412621	0.40937	0.386519	0.386612	0.408522	0.385882	0.408639	0.355535	0.322113	0.321054	0.318334	0.320033	0.321073	0.317421	0.632242	0.642658	0.631097	0.639772	0.660646	0.637316	0.565357	0.574108	0.57457	0.566612	0.574632	0.575211	0.583613	0.565591	0.580853	0.581224	0.584633	0.573391	0.577719	0.587113	0.587238	0.584756	0.585638	0.574892	0.579624	0.577669	0.578941	0.577357	0.581023	0.579144	0.549623	0.547287	0.551705	0.549589	0.548136	0.551543	0.527425	0.543521	0.554391	0.543131	0.525906	0.527424	0.527425	0.543521	0.554391	0.543131	0.525906	0.527424
ERR618509	0.347614	0.332351	0.334611	0.349503	0.363866	0.340926	0	0.255162	0.254014	0.254459	0.25745	0.256579	0.315343	0.315073	0.338165	0.334304	0.322404	0.315491	0.317455	0.342655	0.34989	0.327916	0.318899	0.317912	0.323501	0.322838	0.323059	0.321788	0.323402	0.323804	0.343004	0.347052	0.34332	0.343833	0.358185	0.35568	0.330832	0.330098	0.349349	0.32937	0.349466	0.312149	0.324587	0.325756	0.331517	0.325527	0.325217	0.327021	0.572705	0.582429	0.569653	0.577488	0.599619	0.577273	0.508664	0.513231	0.515071	0.508019	0.514874	0.513953	0.523438	0.51317	0.519192	0.520667	0.522915	0.514013	0.517022	0.524637	0.524933	0.523327	0.524474	0.516188	0.527319	0.526057	0.527923	0.527844	0.526888	0.526735	0.506691	0.499559	0.505234	0.502603	0.502642	0.505269	0.475982	0.495396	0.507402	0.493626	0.474798	0.476323	0.475982	0.495396	0.507402	0.493626	0.474798	0.476323
ERR618511	0.357814	0.336521	0.341367	0.361967	0.381865	0.353149	0.255162	0	0.250571	0.24799	0.268772	0.24736	0.307941	0.307794	0.318554	0.315838	0.307727	0.306837	0.310218	0.327002	0.331775	0.31468	0.310829	0.310505	0.317721	0.318129	0.318849	0.319864	0.316601	0.319227	0.341867	0.342928	0.343322	0.342484	0.345572	0.344049	0.31677	0.315614	0.331454	0.315229	0.331533	0.307546	0.32763	0.329927	0.340553	0.329837	0.329605	0.333587	0.569078	0.57829	0.564664	0.571384	0.595059	0.573586	0.505054	0.504449	0.508665	0.502144	0.508888	0.5048	0.517284	0.512502	0.509142	0.514018	0.512101	0.506659	0.508952	0.51429	0.5143	0.515995	0.517055	0.511011	0.524752	0.523459	0.526848	0.527514	0.523417	0.523982	0.509833	0.498715	0.506271	0.503343	0.503724	0.505954	0.474878	0.498454	0.510853	0.49579	0.474001	0.475098	0.474878	0.498454	0.510853	0.49579	0.474001	0.475098
ERR618507	0.349318	0.331267	0.336326	0.353979	0.374975	0.348437	0.254014	0.250571	0	0.252065	0.26624	0.250737	0.309361	0.307876	0.322991	0.319991	0.30953	0.308542	0.309048	0.326923	0.332872	0.315071	0.309492	0.308947	0.314088	0.313991	0.31469	0.315925	0.3136	0.314655	0.342731	0.345943	0.344035	0.34323	0.348612	0.347099	0.317848	0.31853	0.332807	0.317884	0.332852	0.306904	0.323102	0.324929	0.336856	0.325004	0.325869	0.328805	0.576453	0.586009	0.572362	0.579187	0.603585	0.581099	0.50778	0.508342	0.512905	0.505284	0.512973	0.508607	0.522084	0.514592	0.513243	0.518521	0.516609	0.509826	0.512361	0.518195	0.518225	0.520542	0.521494	0.514067	0.528504	0.5261	0.529837	0.530086	0.527303	0.527565	0.512218	0.501337	0.509428	0.506275	0.506059	0.509198	0.47704	0.50158	0.514493	0.499166	0.475807	0.47716	0.47704	0.50158	0.514493	0.499166	0.475807	0.47716
ERR618510	0.358467	0.337479	0.34107	0.361853	0.379538	0.351716	0.254459	0.24799	0.252065	0	0.266354	0.248927	0.310005	0.310185	0.323283	0.319902	0.311896	0.309405	0.312784	0.331565	0.336854	0.318355	0.313554	0.313167	0.32076	0.320877	0.321583	0.321964	0.319635	0.322264	0.34238	0.343001	0.343361	0.342937	0.348524	0.346636	0.320412	0.318675	0.336297	0.318352	0.336672	0.308949	0.328176	0.330181	0.339165	0.330072	0.329268	0.333251	0.567147	0.57634	0.563112	0.569912	0.592856	0.571553	0.50503	0.505803	0.508996	0.502788	0.509083	0.5063	0.51729	0.512199	0.510611	0.514187	0.513764	0.50747	0.510291	0.515944	0.516158	0.516531	0.517605	0.5114	0.52412	0.522906	0.526091	0.526654	0.522841	0.523411	0.507773	0.497884	0.504615	0.501685	0.502331	0.504316	0.474648	0.496219	0.508113	0.493944	0.473583	0.474721	0.474648	0.496219	0.508113	0.493944	0.473583	0.474721
ERR618508	0.346914	0.334633	0.334002	0.346238	0.353991	0.335807	0.25745	0.268772	0.26624	0.266354	0	0.271426	0.328335	0.328722	0.35896	0.354421	0.341321	0.329599	0.330203	0.361436	0.369738	0.344679	0.33258	0.330946	0.335589	0.334493	0.334205	0.331311	0.336286	0.335356	0.350041	0.355829	0.349701	0.351144	0.373124	0.369838	0.348181	0.346683	0.369041	0.346278	0.369413	0.32246	0.329174	0.329595	0.330075	0.328758	0.327789	0.32823	0.57405	0.58377	0.572385	0.580788	0.601047	0.578796	0.513877	0.522321	0.521444	0.515146	0.521146	0.52333	0.529216	0.51587	0.529388	0.527425	0.5333	0.522262	0.526107	0.53532	0.536038	0.530819	0.532107	0.522597	0.529702	0.528836	0.529757	0.52895	0.530501	0.5293	0.50384	0.50045	0.504205	0.502065	0.501644	0.504183	0.478924	0.493007	0.503766	0.492099	0.477655	0.478929	0.478924	0.493007	0.503766	0.492099	0.477655	0.478929
ERR618512	0.358501	0.337679	0.343051	0.363207	0.384242	0.355361	0.256579	0.24736	0.250737	0.248927	0.271426	0	0.30619	0.305662	0.315785	0.313072	0.305072	0.305386	0.310151	0.324909	0.329606	0.31357	0.310324	0.310351	0.31768	0.317962	0.318898	0.320506	0.316146	0.319044	0.341792	0.342862	0.343551	0.342291	0.34436	0.343002	0.315404	0.314666	0.329192	0.314083	0.32926	0.307606	0.328792	0.331133	0.343167	0.331235	0.331341	0.335413	0.570186	0.579481	0.565567	0.572225	0.596178	0.574513	0.504773	0.503573	0.508137	0.501432	0.508484	0.503754	0.517226	0.512476	0.507845	0.513697	0.511004	0.505743	0.508143	0.513019	0.512999	0.515601	0.516545	0.510676	0.524872	0.523258	0.527067	0.527591	0.523261	0.524022	0.511217	0.499593	0.507414	0.504418	0.504942	0.507158	0.475542	0.499833	0.512508	0.497253	0.474597	0.475784	0.475542	0.499833	0.512508	0.497253	0.474597	0.475784
ERR617061	0.40366	0.383841	0.389383	0.408866	0.42824	0.399658	0.315343	0.307941	0.309361	0.310005	0.328335	0.30619	0	0.253632	0.273199	0.270594	0.262316	0.25332	0.359412	0.350708	0.355259	0.352564	0.357712	0.35869	0.368182	0.370503	0.372067	0.378267	0.368166	0.368263	0.350796	0.350753	0.352553	0.350465	0.350367	0.350639	0.347155	0.349748	0.35092	0.350215	0.349854	0.349197	0.391913	0.394575	0.413366	0.395509	0.400055	0.401908	0.543885	0.55444	0.53931	0.546909	0.57299	0.548594	0.47839	0.479749	0.482837	0.476252	0.48354	0.480386	0.486534	0.476577	0.477675	0.482941	0.480273	0.473547	0.482333	0.488829	0.488851	0.489497	0.489678	0.483337	0.495081	0.492605	0.496737	0.49731	0.493725	0.493942	0.487165	0.475083	0.482741	0.479919	0.480144	0.482492	0.46448	0.489601	0.502424	0.487877	0.463621	0.464729	0.46448	0.489601	0.502424	0.487877	0.463621	0.464729
ERR617062	0.398225	0.380772	0.387052	0.403967	0.424964	0.39769	0.315073	0.307794	0.307876	0.310185	0.328722	0.305662	0.253632	0	0.273304	0.270547	0.261206	0.252683	0.356628	0.347334	0.352516	0.34986	0.35492	0.355855	0.364556	0.366688	0.368175	0.374496	0.364653	0.364034	0.350958	0.352246	0.352987	0.350809	0.350853	0.351063	0.345145	0.349168	0.348678	0.349215	0.347536	0.347436	0.387973	0.390588	0.410535	0.391613	0.397236	0.398526	0.550498	0.561535	0.545782	0.553844	0.580538	0.555473	0.481666	0.482488	0.486535	0.478961	0.487177	0.482868	0.491286	0.479445	0.480255	0.48702	0.483152	0.476212	0.484477	0.490891	0.49095	0.492964	0.493397	0.486304	0.499243	0.496218	0.500912	0.501234	0.497848	0.497994	0.491821	0.478955	0.487422	0.484362	0.484366	0.487353	0.466842	0.493887	0.507183	0.491943	0.46587	0.467047	0.466842	0.493887	0.507183	0.491943	0.46587	0.467047
ERR617059	0.431635	0.403866	0.412762	0.439813	0.465354	0.430418	0.338165	0.318554	0.322991	0.323283	0.35896	0.315785	0.273199	0.273304	0	0.249233	0.253338	0.269785	0.36352	0.337771	0.335206	0.345769	0.359992	0.362494	0.374768	0.37801	0.380431	0.389724	0.372183	0.376634	0.366524	0.360339	0.36953	0.365094	0.342098	0.343977	0.337794	0.340675	0.331876	0.341077	0.330917	0.358984	0.409232	0.412898	0.436402	0.414517	0.417567	0.423233	0.549529	0.558022	0.541881	0.546441	0.574658	0.553796	0.483449	0.472828	0.482276	0.47618	0.483395	0.472247	0.486887	0.491767	0.467815	0.48136	0.468865	0.470689	0.477291	0.477263	0.476437	0.486365	0.486506	0.48533	0.504111	0.500707	0.50819	0.509893	0.500664	0.502784	0.505239	0.486222	0.497522	0.493952	0.495249	0.497078	0.47586	0.506863	0.520056	0.50331	0.475417	0.476199	0.47586	0.506863	0.520056	0.50331	0.475417	0.476199
ERR617058	0.428247	0.401141	0.409668	0.436051	0.460609	0.42672	0.334304	0.315838	0.319991	0.319902	0.354421	0.313072	0.270594	0.270547	0.249233	0	0.252513	0.267243	0.361794	0.338462	0.336347	0.345168	0.358556	0.360931	0.37306	0.376296	0.378477	0.387507	0.370549	0.374848	0.363465	0.357685	0.366148	0.361922	0.341564	0.343066	0.33685	0.339578	0.332242	0.340009	0.331544	0.356624	0.406023	0.409767	0.432681	0.411284	0.414201	0.420262	0.546889	0.555172	0.539534	0.544197	0.57185	0.551182	0.480909	0.471454	0.480343	0.474259	0.481109	0.471012	0.484566	0.48883	0.466984	0.479513	0.468804	0.4694	0.475946	0.476658	0.476069	0.484466	0.485098	0.483247	0.500891	0.497801	0.504635	0.506513	0.497578	0.499615	0.501607	0.483513	0.494374	0.490887	0.492157	0.493931	0.473354	0.502809	0.515731	0.499357	0.472858	0.473582	0.473354	0.502809	0.515731	0.499357	0.472858	0.473582
ERR617057	0.411632	0.38793	0.396125	0.419146	0.443707	0.411847	0.322404	0.307727	0.30953	0.311896	0.341321	0.305072	0.262316	0.261206	0.253338	0.252513	0	0.259479	0.353794	0.335521	0.336427	0.340981	0.350861	0.352792	0.362951	0.365979	0.367929	0.376238	0.361717	0.364055	0.355294	0.352834	0.357959	0.354197	0.340761	0.341784	0.334445	0.338145	0.332442	0.338306	0.331649	0.347884	0.393289	0.396664	0.419471	0.398003	0.402232	0.40666	0.54994	0.559295	0.543513	0.54919	0.576937	0.554681	0.480242	0.474379	0.482171	0.47525	0.483004	0.474192	0.486992	0.4859	0.47107	0.482014	0.473157	0.470595	0.477955	0.480768	0.480231	0.487419	0.487732	0.483421	0.500372	0.496867	0.503392	0.504628	0.497755	0.499177	0.497733	0.480866	0.491603	0.488223	0.488395	0.49119	0.46974	0.499288	0.512733	0.496109	0.46905	0.470024	0.46974	0.499288	0.512733	0.496109	0.46905	0.470024
ERR617060	0.403696	0.383523	0.3896	0.40911	0.429452	0.400655	0.315491	0.306837	0.308542	0.309405	0.329599	0.305386	0.25332	0.252683	0.269785	0.267243	0.259479	0	0.35806	0.347952	0.352275	0.350481	0.35624	0.357064	0.366857	0.369192	0.370816	0.377221	0.366666	0.366891	0.350562	0.350159	0.352599	0.350143	0.348307	0.348727	0.344433	0.347433	0.347715	0.347685	0.346534	0.347757	0.391158	0.393787	0.41311	0.395065	0.39945	0.40164	0.545239	0.555899	0.540219	0.548052	0.574422	0.5501	0.478948	0.47931	0.482905	0.476091	0.483948	0.479643	0.487161	0.477929	0.476873	0.483238	0.479341	0.473206	0.481568	0.487656	0.487715	0.489187	0.489595	0.483512	0.496354	0.493623	0.498225	0.498927	0.494823	0.495173	0.489136	0.476144	0.48423	0.481367	0.481561	0.484124	0.465099	0.491304	0.504319	0.489406	0.464273	0.465525	0.465099	0.491304	0.504319	0.489406	0.464273	0.465525
ERR636821	0.330712	0.315664	0.324118	0.337918	0.365549	0.339041	0.317455	0.310218	0.309048	0.312784	0.330203	0.310151	0.359412	0.356628	0.36352	0.361794	0.353794	0.35806	0	0.259764	0.267101	0.243848	0.235905	0.235753	0.282786	0.283034	0.283335	0.284236	0.282745	0.284542	0.335066	0.339456	0.337046	0.335481	0.336954	0.335493	0.292225	0.294611	0.308185	0.293466	0.30861	0.286141	0.271713	0.27397	0.294822	0.274654	0.277802	0.281562	0.590399	0.600137	0.585907	0.592701	0.616921	0.595032	0.523971	0.521666	0.528071	0.520327	0.52854	0.521661	0.537819	0.53268	0.526232	0.534042	0.529086	0.524873	0.524735	0.529653	0.528904	0.534748	0.535304	0.528517	0.546024	0.544303	0.54813	0.548945	0.544348	0.545301	0.531527	0.519814	0.52851	0.525593	0.525863	0.527788	0.488951	0.516205	0.528895	0.51291	0.48798	0.489364	0.488951	0.516205	0.528895	0.51291	0.48798	0.489364
ERR636819	0.365549	0.345962	0.358051	0.376262	0.408982	0.377774	0.342655	0.327002	0.326923	0.331565	0.361436	0.324909	0.350708	0.347334	0.337771	0.338462	0.335521	0.347952	0.259764	0	0.242275	0.244181	0.255532	0.258103	0.302224	0.3048	0.306664	0.314699	0.30086	0.303674	0.345262	0.345667	0.348492	0.344651	0.327171	0.32794	0.293806	0.300394	0.293679	0.299633	0.293018	0.311766	0.317597	0.321515	0.353237	0.323489	0.330563	0.335136	0.583374	0.592964	0.576823	0.582228	0.609875	0.587977	0.511213	0.501598	0.512437	0.50416	0.513474	0.50079	0.521307	0.520579	0.501165	0.515703	0.502922	0.503221	0.504338	0.505838	0.504506	0.517021	0.516938	0.512889	0.532711	0.529834	0.536106	0.537608	0.52944	0.531542	0.535476	0.518261	0.529426	0.526069	0.526611	0.528738	0.487714	0.521519	0.53522	0.51733	0.487032	0.488166	0.487714	0.521519	0.53522	0.51733	0.487032	0.488166
ERR636818	0.37931	0.355972	0.368187	0.390123	0.422458	0.389187	0.34989	0.331775	0.332872	0.336854	0.369738	0.329606	0.355259	0.352516	0.335206	0.336347	0.336427	0.352275	0.267101	0.242275	0	0.247296	0.262292	0.265566	0.309959	0.312916	0.314936	0.324065	0.307528	0.312525	0.351811	0.349473	0.355012	0.350702	0.327139	0.328269	0.29461	0.300379	0.291702	0.299655	0.291081	0.318287	0.329299	0.333706	0.364835	0.335429	0.340844	0.347222	0.580521	0.589334	0.573362	0.577761	0.605364	0.584866	0.511364	0.499165	0.510919	0.503411	0.511846	0.498193	0.519356	0.522957	0.498043	0.513618	0.499365	0.501802	0.502653	0.50235	0.500857	0.514773	0.514758	0.51234	0.533414	0.530571	0.537361	0.539158	0.529627	0.532172	0.537732	0.519326	0.530858	0.527629	0.528356	0.530077	0.490004	0.523891	0.537192	0.519417	0.489476	0.490465	0.490004	0.523891	0.537192	0.519417	0.489476	0.490465
ERR636817	0.35105	0.33099	0.341385	0.360139	0.39051	0.359696	0.327916	0.31468	0.315071	0.318355	0.344679	0.31357	0.352564	0.34986	0.345769	0.345168	0.340981	0.350481	0.243848	0.244181	0.247296	0	0.241446	0.242918	0.289694	0.29143	0.292734	0.297738	0.288408	0.292345	0.338509	0.339085	0.341275	0.3382	0.327279	0.326947	0.287135	0.290766	0.294806	0.289595	0.2947	0.295777	0.294605	0.298315	0.324419	0.299431	0.303592	0.309063	0.583304	0.592692	0.577467	0.583207	0.608973	0.587867	0.515749	0.508836	0.517602	0.510038	0.518277	0.508388	0.526832	0.525961	0.510783	0.52196	0.512998	0.511807	0.512086	0.514703	0.513746	0.522849	0.523171	0.518614	0.538059	0.535929	0.540987	0.542395	0.535251	0.537105	0.532395	0.517277	0.527265	0.52427	0.52482	0.526619	0.486827	0.517293	0.530466	0.513527	0.48606	0.487143	0.486827	0.517293	0.530466	0.513527	0.48606	0.487143
ERR636820	0.333458	0.317843	0.326797	0.341268	0.36964	0.342556	0.318899	0.310829	0.309492	0.313554	0.33258	0.310324	0.357712	0.35492	0.359992	0.358556	0.350861	0.35624	0.235905	0.255532	0.262292	0.241446	0	0.235863	0.282414	0.283201	0.283691	0.285444	0.282436	0.2844	0.336068	0.339778	0.337968	0.336347	0.335145	0.334024	0.290867	0.29397	0.304946	0.29275	0.305324	0.288143	0.275117	0.277752	0.300463	0.278715	0.282609	0.286413	0.590059	0.599741	0.5853	0.591888	0.616567	0.59468	0.522676	0.51951	0.526546	0.518559	0.526959	0.51932	0.535972	0.531501	0.523358	0.531902	0.526098	0.522448	0.522335	0.526916	0.526114	0.532731	0.533157	0.526882	0.54456	0.542576	0.546685	0.547599	0.542528	0.543714	0.532301	0.519678	0.528747	0.525969	0.526095	0.528027	0.488776	0.516922	0.529871	0.513575	0.487958	0.489249	0.488776	0.516922	0.529871	0.513575	0.487958	0.489249
ERR636822	0.330906	0.316175	0.324487	0.338574	0.366335	0.339759	0.317912	0.310505	0.308947	0.313167	0.330946	0.310351	0.35869	0.355855	0.362494	0.360931	0.352792	0.357064	0.235753	0.258103	0.265566	0.242918	0.235863	0	0.282336	0.282985	0.28339	0.284575	0.282518	0.284135	0.335937	0.339967	0.337664	0.33612	0.337006	0.335576	0.292185	0.29506	0.30742	0.293945	0.307737	0.287033	0.272615	0.275099	0.296787	0.275992	0.279368	0.283247	0.590792	0.600588	0.586233	0.593012	0.617439	0.595455	0.523644	0.521021	0.527642	0.519749	0.528162	0.520956	0.537383	0.532114	0.525331	0.533382	0.528148	0.523968	0.524001	0.52888	0.528147	0.534217	0.534698	0.527999	0.545668	0.543687	0.547742	0.548378	0.54374	0.544753	0.531888	0.519916	0.528691	0.525867	0.526032	0.528055	0.488999	0.516847	0.529611	0.513508	0.488084	0.489458	0.488999	0.516847	0.529611	0.513508	0.488084	0.489458
ERR637038	0.302948	0.28873	0.298198	0.311241	0.34253	0.314695	0.323501	0.317721	0.314088	0.32076	0.335589	0.31768	0.368182	0.364556	0.374768	0.37306	0.362951	0.366857	0.282786	0.302224	0.309959	0.289694	0.282414	0.282336	0	0.232772	0.232822	0.23695	0.23499	0.235128	0.363253	0.368659	0.36485	0.363233	0.365107	0.364106	0.321773	0.32626	0.334972	0.324896	0.335042	0.31626	0.290036	0.292096	0.314166	0.292735	0.298091	0.300175	0.620883	0.630836	0.616564	0.623261	0.647929	0.625822	0.54644	0.543952	0.551248	0.542492	0.551866	0.54388	0.562356	0.555174	0.54929	0.558253	0.552234	0.547415	0.548431	0.55316	0.552291	0.55947	0.559922	0.55235	0.567837	0.565305	0.56972	0.570179	0.566156	0.567153	0.553594	0.541271	0.550702	0.547824	0.547282	0.550083	0.511977	0.540693	0.553859	0.537578	0.511073	0.512425	0.511977	0.540693	0.553859	0.537578	0.511073	0.512425
ERR637037	0.301234	0.28739	0.296572	0.309067	0.339877	0.312817	0.322838	0.318129	0.313991	0.320877	0.334493	0.317962	0.370503	0.366688	0.37801	0.376296	0.365979	0.369192	0.283034	0.3048	0.312916	0.29143	0.283201	0.282985	0.232772	0	0.232508	0.235475	0.23484	0.235017	0.364606	0.370466	0.366195	0.364848	0.367745	0.36664	0.323652	0.32809	0.337884	0.326782	0.337981	0.316938	0.288125	0.290329	0.311181	0.290903	0.295968	0.297668	0.623015	0.633044	0.618858	0.625492	0.650106	0.628017	0.548707	0.546577	0.553652	0.544971	0.55424	0.54663	0.564759	0.55716	0.552036	0.560782	0.555062	0.550072	0.550945	0.555802	0.555123	0.561889	0.562457	0.554744	0.569882	0.567533	0.571788	0.572062	0.56829	0.569191	0.554681	0.542677	0.551955	0.549163	0.548515	0.551469	0.513521	0.541827	0.554882	0.53887	0.512548	0.514005	0.513521	0.541827	0.554882	0.53887	0.512548	0.514005
ERR637036	0.299176	0.286476	0.295416	0.306817	0.337645	0.311275	0.323059	0.318849	0.31469	0.321583	0.334205	0.318898	0.372067	0.368175	0.380431	0.378477	0.367929	0.370816	0.283335	0.306664	0.314936	0.292734	0.283691	0.28339	0.232822	0.232508	0	0.234971	0.234977	0.234722	0.365224	0.371507	0.366543	0.365466	0.369513	0.36829	0.324778	0.329285	0.339405	0.327935	0.339407	0.316996	0.286791	0.289001	0.309267	0.289241	0.29459	0.296053	0.624685	0.634754	0.62062	0.627416	0.651814	0.629756	0.549934	0.548142	0.555247	0.546374	0.555879	0.54833	0.566664	0.558568	0.554142	0.562659	0.557206	0.552001	0.552599	0.557733	0.557006	0.563621	0.564125	0.556274	0.571211	0.568861	0.572942	0.573192	0.569748	0.570454	0.555645	0.544038	0.553178	0.550342	0.549742	0.552583	0.514362	0.542432	0.555398	0.539461	0.513418	0.514814	0.514362	0.542432	0.555398	0.539461	0.513418	0.514814
ERR637033	0.294511	0.284481	0.292234	0.301196	0.329735	0.30571	0.321788	0.319864	0.315925	0.321964	0.331311	0.320506	0.378267	0.374496	0.389724	0.387507	0.376238	0.377221	0.284236	0.314699	0.324065	0.297738	0.285444	0.284575	0.23695	0.235475	0.234971	0	0.236857	0.236239	0.367131	0.374387	0.368314	0.367996	0.375808	0.374214	0.329704	0.333256	0.347292	0.331911	0.347574	0.316737	0.280954	0.282004	0.298864	0.282423	0.286523	0.287525	0.629065	0.639145	0.625565	0.632669	0.656135	0.634044	0.555522	0.555269	0.561394	0.552663	0.561842	0.555468	0.573245	0.563771	0.562111	0.569631	0.565533	0.559576	0.559626	0.565403	0.564796	0.570147	0.570845	0.562459	0.576895	0.57495	0.578297	0.578506	0.575808	0.576282	0.557561	0.547486	0.555753	0.553079	0.552626	0.555265	0.51769	0.544038	0.55672	0.541301	0.51665	0.518214	0.51769	0.544038	0.55672	0.541301	0.51665	0.518214
ERR637034	0.307238	0.291282	0.301107	0.315557	0.347125	0.318341	0.323402	0.316601	0.3136	0.319635	0.336286	0.316146	0.368166	0.364653	0.372183	0.370549	0.361717	0.366666	0.282745	0.30086	0.307528	0.288408	0.282436	0.282518	0.23499	0.23484	0.234977	0.236857	0	0.234963	0.363845	0.368574	0.365684	0.364202	0.363808	0.362856	0.320551	0.325069	0.333273	0.3238	0.333616	0.317192	0.29182	0.294061	0.316405	0.294886	0.299497	0.302687	0.620267	0.629908	0.615707	0.622116	0.646654	0.625065	0.545884	0.542392	0.550091	0.541627	0.550764	0.542342	0.561233	0.555389	0.547667	0.557094	0.550514	0.546543	0.547159	0.551322	0.550648	0.558057	0.558664	0.551619	0.566966	0.564653	0.568991	0.569664	0.565145	0.56626	0.554107	0.541681	0.550893	0.548025	0.547958	0.550337	0.512262	0.540699	0.553725	0.537398	0.511293	0.512692	0.512262	0.540699	0.553725	0.537398	0.511293	0.512692
ERR637035	0.29863	0.287941	0.297531	0.307278	0.339228	0.313082	0.323804	0.319227	0.314655	0.322264	0.335356	0.319044	0.368263	0.364034	0.376634	0.374848	0.364055	0.366891	0.284542	0.303674	0.312525	0.292345	0.2844	0.284135	0.235128	0.235017	0.234722	0.236239	0.234963	0	0.364175	0.371014	0.365646	0.364355	0.368229	0.367061	0.324713	0.330407	0.337864	0.329183	0.338073	0.318562	0.289887	0.29184	0.314981	0.292603	0.299649	0.30042	0.624742	0.635077	0.620541	0.627606	0.652429	0.629747	0.547306	0.54532	0.552837	0.543517	0.553428	0.545311	0.564381	0.555177	0.550698	0.560087	0.553832	0.548561	0.549362	0.554599	0.553732	0.561046	0.561576	0.553383	0.568326	0.56583	0.569957	0.570185	0.566703	0.567471	0.555332	0.543563	0.552807	0.549832	0.549258	0.55218	0.513036	0.542031	0.555544	0.539043	0.512124	0.513531	0.513036	0.542031	0.555544	0.539043	0.512124	0.513531
ERR629867	0.390374	0.372486	0.375108	0.393682	0.409753	0.38393	0.343004	0.341867	0.342731	0.34238	0.350041	0.341792	0.350796	0.350958	0.366524	0.363465	0.355294	0.350562	0.335066	0.345262	0.351811	0.338509	0.336068	0.335937	0.363253	0.364606	0.365224	0.367131	0.363845	0.364175	0	0.253038	0.249987	0.249342	0.265877	0.263409	0.320914	0.321449	0.334229	0.322113	0.334157	0.311099	0.352357	0.354001	0.367187	0.354874	0.356667	0.359924	0.518852	0.529004	0.516175	0.524713	0.546935	0.523602	0.459595	0.466123	0.465934	0.460364	0.46584	0.467572	0.469958	0.460126	0.469275	0.46797	0.472573	0.463092	0.468097	0.477104	0.47731	0.472144	0.473247	0.465421	0.470859	0.47027	0.47197	0.471709	0.470887	0.470294	0.457743	0.450928	0.456054	0.453747	0.453479	0.455746	0.429554	0.447332	0.458363	0.446002	0.428758	0.429861	0.429554	0.447332	0.458363	0.446002	0.428758	0.429861
ERR629863	0.406109	0.380866	0.383821	0.409332	0.425299	0.394039	0.347052	0.342928	0.345943	0.343001	0.355829	0.342862	0.350753	0.352246	0.360339	0.357685	0.352834	0.350159	0.339456	0.345667	0.349473	0.339085	0.339778	0.339967	0.368659	0.370466	0.371507	0.374387	0.368574	0.371014	0.253038	0	0.253796	0.252813	0.257846	0.255817	0.319379	0.317954	0.331299	0.318774	0.33145	0.314147	0.362604	0.36495	0.377412	0.365828	0.365019	0.370359	0.505699	0.514587	0.502622	0.509887	0.531549	0.5101	0.453029	0.457739	0.456754	0.453316	0.457052	0.459134	0.459448	0.455994	0.459633	0.457639	0.462173	0.454768	0.460669	0.468302	0.468467	0.462897	0.463858	0.458362	0.463511	0.463202	0.465405	0.465521	0.462909	0.462863	0.451142	0.4427	0.448198	0.445915	0.446246	0.447774	0.425017	0.441994	0.451778	0.440379	0.424706	0.425429	0.425017	0.441994	0.451778	0.440379	0.424706	0.425429
ERR629866	0.390727	0.372906	0.375027	0.393668	0.408571	0.383123	0.34332	0.343322	0.344035	0.343361	0.349701	0.343551	0.352553	0.352987	0.36953	0.366148	0.357959	0.352599	0.337046	0.348492	0.355012	0.341275	0.337968	0.337664	0.36485	0.366195	0.366543	0.368314	0.365684	0.365646	0.249987	0.253796	0	0.250456	0.268971	0.266212	0.323593	0.32373	0.337331	0.324479	0.337381	0.312378	0.352881	0.354642	0.366992	0.355309	0.356676	0.359881	0.517867	0.527834	0.515466	0.524095	0.545697	0.52246	0.459811	0.467288	0.466235	0.460934	0.466099	0.468641	0.469946	0.460121	0.470457	0.467901	0.473607	0.46383	0.469219	0.478515	0.478688	0.472864	0.473983	0.466037	0.470235	0.469779	0.4711	0.470871	0.470301	0.469687	0.455925	0.449998	0.454643	0.452564	0.452268	0.454268	0.42915	0.445753	0.456262	0.444421	0.428469	0.429521	0.42915	0.445753	0.456262	0.444421	0.428469	0.429521
ERR629865	0.391781	0.37297	0.375643	0.395272	0.411843	0.385036	0.343833	0.342484	0.34323	0.342937	0.351144	0.342291	0.350465	0.350809	0.365094	0.361922	0.354197	0.350143	0.335481	0.344651	0.350702	0.3382	0.336347	0.33612	0.363233	0.364848	0.365466	0.367996	0.364202	0.364355	0.249342	0.252813	0.250456	0	0.264709	0.26187	0.32009	0.320583	0.332756	0.321377	0.332671	0.31131	0.353537	0.355452	0.36913	0.356237	0.358037	0.361207	0.517615	0.527603	0.514778	0.523005	0.545335	0.522277	0.458583	0.464735	0.464641	0.459223	0.464502	0.466096	0.468372	0.4595	0.467459	0.466043	0.470515	0.461412	0.466977	0.47551	0.475697	0.470927	0.471867	0.464277	0.46968	0.469016	0.470913	0.470584	0.469712	0.469019	0.456572	0.449212	0.454534	0.452297	0.451955	0.454106	0.428737	0.446816	0.457895	0.445372	0.428081	0.429145	0.428737	0.446816	0.457895	0.445372	0.428081	0.429145
ERR629862	0.417586	0.389176	0.39597	0.423989	0.446827	0.412621	0.358185	0.345572	0.348612	0.348524	0.373124	0.34436	0.350367	0.350853	0.342098	0.341564	0.340761	0.348307	0.336954	0.327171	0.327139	0.327279	0.335145	0.337006	0.365107	0.367745	0.369513	0.375808	0.363808	0.368229	0.265877	0.257846	0.268971	0.264709	0	0.243963	0.305625	0.307006	0.308515	0.307799	0.308505	0.318412	0.371577	0.374911	0.394856	0.376327	0.376919	0.383964	0.513348	0.521835	0.507588	0.513043	0.538431	0.517769	0.453022	0.448537	0.453633	0.449232	0.454399	0.44924	0.457913	0.461236	0.448143	0.454244	0.449692	0.447622	0.45212	0.455522	0.455154	0.457973	0.458639	0.455832	0.467782	0.46603	0.471318	0.472401	0.465491	0.466784	0.466095	0.450872	0.460009	0.457055	0.457652	0.459281	0.430706	0.456535	0.468154	0.453375	0.430316	0.431064	0.430706	0.456535	0.468154	0.453375	0.430316	0.431064
ERR629864	0.415092	0.387065	0.393327	0.421305	0.443405	0.40937	0.35568	0.344049	0.347099	0.346636	0.369838	0.343002	0.350639	0.351063	0.343977	0.343066	0.341784	0.348727	0.335493	0.32794	0.328269	0.326947	0.334024	0.335576	0.364106	0.36664	0.36829	0.374214	0.362856	0.367061	0.263409	0.255817	0.266212	0.26187	0.243963	0	0.305934	0.306781	0.310056	0.307645	0.310056	0.316724	0.368739	0.372063	0.391207	0.373467	0.373524	0.380672	0.512198	0.520456	0.506731	0.512204	0.537055	0.516548	0.452737	0.449137	0.453756	0.449225	0.454164	0.449767	0.45768	0.460726	0.449208	0.454218	0.450987	0.448235	0.452726	0.456493	0.456064	0.45805	0.45867	0.455689	0.467115	0.465292	0.470426	0.47137	0.464855	0.466159	0.463738	0.449263	0.458035	0.455172	0.455757	0.457376	0.42956	0.454113	0.465701	0.451123	0.4292	0.429994	0.42956	0.454113	0.465701	0.451123	0.4292	0.429994
ERR613849	0.381488	0.359776	0.369108	0.389547	0.416882	0.386519	0.330832	0.31677	0.317848	0.320412	0.348181	0.315404	0.347155	0.345145	0.337794	0.33685	0.334445	0.344433	0.292225	0.293806	0.29461	0.287135	0.290867	0.292185	0.321773	0.323652	0.324778	0.329704	0.320551	0.324713	0.320914	0.319379	0.323593	0.32009	0.305625	0.305934	0	0.237779	0.240692	0.237269	0.241772	0.250898	0.321458	0.324689	0.347334	0.325885	0.327699	0.333954	0.544385	0.553083	0.538114	0.543485	0.569211	0.548459	0.479859	0.472487	0.480567	0.473926	0.481139	0.472286	0.494103	0.495995	0.480051	0.489788	0.482212	0.481131	0.477505	0.479908	0.478955	0.486599	0.487086	0.483587	0.508813	0.507223	0.512097	0.513558	0.506296	0.508155	0.499885	0.484701	0.494628	0.491621	0.492429	0.49385	0.453046	0.483728	0.496468	0.479491	0.452605	0.453631	0.453046	0.483728	0.496468	0.479491	0.452605	0.453631
ERR613851	0.386332	0.361502	0.369825	0.393097	0.417955	0.386612	0.330098	0.315614	0.31853	0.318675	0.346683	0.314666	0.349748	0.349168	0.340675	0.339578	0.338145	0.347433	0.294611	0.300394	0.300379	0.290766	0.29397	0.29506	0.32626	0.32809	0.329285	0.333256	0.325069	0.330407	0.321449	0.317954	0.32373	0.320583	0.307006	0.306781	0.237779	0	0.247331	0.234601	0.247857	0.250645	0.323574	0.326857	0.345065	0.327624	0.326647	0.334259	0.538009	0.545994	0.531811	0.536539	0.56125	0.541752	0.48037	0.473368	0.480122	0.474903	0.480767	0.473191	0.493729	0.497591	0.48175	0.489643	0.483746	0.48288	0.479152	0.481016	0.480234	0.486219	0.486736	0.484381	0.509749	0.508632	0.513004	0.514964	0.5073	0.508963	0.497381	0.482942	0.492042	0.489065	0.490375	0.491348	0.452716	0.480949	0.492848	0.476799	0.452319	0.453253	0.452716	0.480949	0.492848	0.476799	0.452319	0.453253
ERR613848	0.400866	0.378213	0.389212	0.410522	0.440196	0.408522	0.349349	0.331454	0.332807	0.336297	0.369041	0.329192	0.35092	0.348678	0.331876	0.332242	0.332442	0.347715	0.308185	0.293679	0.291702	0.294806	0.304946	0.30742	0.334972	0.337884	0.339405	0.347292	0.333273	0.337864	0.334229	0.331299	0.337331	0.332756	0.308515	0.310056	0.240692	0.247331	0	0.247035	0.235977	0.271862	0.345789	0.349763	0.37744	0.35127	0.355247	0.361628	0.545166	0.553677	0.537575	0.541959	0.569506	0.54931	0.477227	0.46522	0.476235	0.469409	0.477254	0.464442	0.490068	0.495068	0.470859	0.484696	0.472469	0.474303	0.470366	0.470227	0.469008	0.481148	0.481389	0.479382	0.507253	0.504904	0.511331	0.513211	0.503962	0.50638	0.507016	0.488727	0.500285	0.496772	0.497753	0.499425	0.456847	0.491244	0.504722	0.486586	0.456605	0.457632	0.456847	0.491244	0.504722	0.486586	0.456605	0.457632
ERR613852	0.385308	0.360734	0.369223	0.392325	0.417189	0.385882	0.32937	0.315229	0.317884	0.318352	0.346278	0.314083	0.350215	0.349215	0.341077	0.340009	0.338306	0.347685	0.293466	0.299633	0.299655	0.289595	0.29275	0.293945	0.324896	0.326782	0.327935	0.331911	0.3238	0.329183	0.322113	0.318774	0.324479	0.321377	0.307799	0.307645	0.237269	0.234601	0.247035	0	0.247379	0.24999	0.322333	0.325395	0.343908	0.326254	0.325056	0.332812	0.539063	0.547171	0.532933	0.537821	0.562486	0.543079	0.481113	0.474135	0.480924	0.475723	0.481606	0.473999	0.494362	0.498306	0.482568	0.49045	0.484584	0.483632	0.479925	0.481855	0.481263	0.487243	0.487772	0.485137	0.510604	0.509537	0.514055	0.515768	0.508257	0.509991	0.497996	0.483442	0.49257	0.489607	0.49097	0.491933	0.453322	0.481583	0.493537	0.477407	0.452796	0.453926	0.453322	0.481583	0.493537	0.477407	0.452796	0.453926
ERR613853	0.40076	0.378404	0.389403	0.410392	0.440223	0.408639	0.349466	0.331533	0.332852	0.336672	0.369413	0.32926	0.349854	0.347536	0.330917	0.331544	0.331649	0.346534	0.30861	0.293018	0.291081	0.2947	0.305324	0.307737	0.335042	0.337981	0.339407	0.347574	0.333616	0.338073	0.334157	0.33145	0.337381	0.332671	0.308505	0.310056	0.241772	0.247857	0.235977	0.247379	0	0.273519	0.346334	0.350211	0.378231	0.351903	0.356179	0.362233	0.546043	0.554519	0.538459	0.542877	0.570787	0.550186	0.477968	0.465718	0.477036	0.469976	0.477989	0.465149	0.490496	0.495031	0.47102	0.484977	0.47255	0.4743	0.4708	0.470627	0.469345	0.481532	0.481779	0.479746	0.507374	0.505031	0.511503	0.513404	0.504101	0.506486	0.507956	0.489427	0.501107	0.497686	0.49849	0.500396	0.457439	0.492238	0.505726	0.487516	0.45719	0.458206	0.457439	0.492238	0.505726	0.487516	0.45719	0.458206
ERR613850	0.355203	0.338282	0.344188	0.359856	0.381252	0.355535	0.312149	0.307546	0.306904	0.308949	0.32246	0.307606	0.349197	0.347436	0.358984	0.356624	0.347884	0.347757	0.286141	0.311766	0.318287	0.295777	0.288143	0.287033	0.31626	0.316938	0.316996	0.316737	0.317192	0.318562	0.311099	0.314147	0.312378	0.31131	0.318412	0.316724	0.250898	0.250645	0.271862	0.24999	0.273519	0	0.296908	0.298246	0.310011	0.298356	0.297855	0.301815	0.548316	0.557996	0.544624	0.551897	0.575037	0.552707	0.487918	0.489498	0.492369	0.485993	0.492905	0.490088	0.505909	0.499249	0.499605	0.503088	0.502743	0.496089	0.493649	0.500265	0.50008	0.500736	0.501388	0.494449	0.514872	0.513999	0.516684	0.516962	0.514513	0.514502	0.491491	0.482442	0.489518	0.486903	0.487003	0.48907	0.452338	0.476274	0.488231	0.473577	0.451354	0.452903	0.452338	0.476274	0.488231	0.473577	0.451354	0.452903
ERR607710	0.312075	0.309599	0.314043	0.315516	0.337233	0.322113	0.324587	0.32763	0.323102	0.328176	0.329174	0.328792	0.391913	0.387973	0.409232	0.406023	0.393289	0.391158	0.271713	0.317597	0.329299	0.294605	0.275117	0.272615	0.290036	0.288125	0.286791	0.280954	0.29182	0.289887	0.352357	0.362604	0.352881	0.353537	0.371577	0.368739	0.321458	0.323574	0.345789	0.322333	0.346334	0.296908	0	0.231043	0.244747	0.231049	0.235956	0.235285	0.620251	0.630565	0.617961	0.62615	0.647583	0.625099	0.552938	0.556537	0.560372	0.551667	0.560326	0.557136	0.571031	0.558873	0.56446	0.568266	0.568344	0.559936	0.558379	0.566396	0.566028	0.567979	0.568784	0.558991	0.571249	0.57019	0.571959	0.571839	0.571092	0.570893	0.544378	0.537792	0.544424	0.54207	0.541373	0.5439	0.507888	0.530407	0.542351	0.527821	0.506799	0.508307	0.507888	0.530407	0.542351	0.527821	0.506799	0.508307
ERR607709	0.310548	0.309717	0.313773	0.313819	0.334853	0.321054	0.325756	0.329927	0.324929	0.330181	0.329595	0.331133	0.394575	0.390588	0.412898	0.409767	0.396664	0.393787	0.27397	0.321515	0.333706	0.298315	0.277752	0.275099	0.292096	0.290329	0.289001	0.282004	0.294061	0.29184	0.354001	0.36495	0.354642	0.355452	0.374911	0.372063	0.324689	0.326857	0.349763	0.325395	0.350211	0.298246	0.231043	0	0.243094	0.230806	0.235655	0.234091	0.622069	0.632476	0.61999	0.628479	0.649683	0.627007	0.554911	0.559245	0.562696	0.554016	0.562642	0.559899	0.573547	0.56062	0.567497	0.571055	0.57152	0.56271	0.561082	0.569412	0.569003	0.570467	0.571322	0.561302	0.573476	0.57246	0.574049	0.57377	0.573456	0.573091	0.5447	0.538891	0.545175	0.542844	0.542253	0.544638	0.509133	0.53112	0.542993	0.528573	0.508084	0.50949	0.509133	0.53112	0.542993	0.528573	0.508084	0.50949
ERR607705	0.319102	0.317605	0.317202	0.317924	0.328411	0.318334	0.331517	0.340553	0.336856	0.339165	0.330075	0.343167	0.413366	0.410535	0.436402	0.432681	0.419471	0.41311	0.294822	0.353237	0.364835	0.324419	0.300463	0.296787	0.314166	0.311181	0.309267	0.298864	0.316405	0.314981	0.367187	0.377412	0.366992	0.36913	0.394856	0.391207	0.347334	0.345065	0.37744	0.343908	0.378231	0.310011	0.244747	0.243094	0	0.241552	0.236162	0.235014	0.625963	0.635756	0.625055	0.633503	0.652162	0.630603	0.567812	0.575284	0.576013	0.568695	0.575744	0.576282	0.587177	0.573562	0.585278	0.585408	0.589442	0.579443	0.577625	0.58676	0.586748	0.584584	0.585733	0.575624	0.586924	0.586534	0.586976	0.58652	0.587569	0.586866	0.547655	0.54524	0.549426	0.547569	0.547096	0.549264	0.518405	0.534358	0.54456	0.533003	0.517138	0.518773	0.518405	0.534358	0.54456	0.533003	0.517138	0.518773
