	ERR622581	ERR622579	ERR622577	ERR622578	ERR622582	ERR622580	ERR636667	ERR636669	ERR636668	ERR636672	ERR636670	ERR636671	ERR612782	ERR612777	ERR612778	ERR612781	ERR612780	ERR612779	ERR629704	ERR629705	ERR629708	ERR629706	ERR629707	ERR629709	ERR617140	ERR617142	ERR617137	ERR617139	ERR617141	ERR617138	ERR608950	ERR608951	ERR608952	ERR608954	ERR608949	ERR608953	ERR636667	ERR636669	ERR636668	ERR636672	ERR636670	ERR636671	ERR609045	ERR609050	ERR609049	ERR609047	ERR609048	ERR609046	ERR631287	ERR631288	ERR631289	ERR631285	ERR631286	ERR631290	ERR605491	ERR605493	ERR605492	ERR605495	ERR605496	ERR605494	ERR607875	ERR607880	ERR607876	ERR607877	ERR607879	ERR607878	ERR605542	ERR605543	ERR605539	ERR605540	ERR605541	ERR605544	ERR614530	ERR614526	ERR614529	ERR614527	ERR614525	ERR614528	ERR618351	ERR618352	ERR618355	ERR618356	ERR618354	ERR618353	ERR616612	ERR616611	ERR616613	ERR616610	ERR616614	ERR616615	ERR618173	ERR618174	ERR618172	ERR618170	ERR618171	ERR618169
ERR622581	0	0.289744	0.279259	0.269651	0.256702	0.256993	0.373484	0.372222	0.375119	0.377067	0.376364	0.378061	0.372662	0.362213	0.394511	0.371395	0.371318	0.367825	0.353031	0.345343	0.357544	0.3458	0.358126	0.359762	0.375631	0.372368	0.367385	0.375472	0.372469	0.375202	0.380639	0.383287	0.373117	0.373064	0.397531	0.372838	0.373484	0.372222	0.375119	0.377067	0.376364	0.378061	0.419894	0.359352	0.358715	0.364257	0.360911	0.36153	0.471953	0.46165	0.461499	0.462803	0.463647	0.461378	0.450848	0.444105	0.446619	0.446836	0.445882	0.446494	0.491949	0.48374	0.490811	0.494424	0.482933	0.483184	0.463496	0.4649	0.464608	0.464097	0.46512	0.46391	0.453252	0.453046	0.453003	0.45538	0.45404	0.452451	0.563277	0.563408	0.555008	0.555146	0.557003	0.562624	0.457107	0.458256	0.457886	0.456805	0.45783	0.458521	0.459589	0.460578	0.460345	0.459	0.458915	0.457425
ERR622579	0.289744	0	0.335195	0.32004	0.294523	0.288075	0.416659	0.423888	0.426145	0.416061	0.416702	0.416243	0.403399	0.408689	0.401694	0.403799	0.402102	0.406343	0.404107	0.380861	0.412129	0.379462	0.413013	0.415726	0.381433	0.382704	0.393467	0.405871	0.383808	0.406057	0.423365	0.430782	0.396391	0.392505	0.418793	0.394174	0.416659	0.423888	0.426145	0.416061	0.416702	0.416243	0.410579	0.397872	0.396321	0.409241	0.400079	0.396166	0.505843	0.483044	0.482557	0.487062	0.484795	0.482021	0.48411	0.468312	0.475596	0.476354	0.473652	0.474297	0.48188	0.48296	0.48216	0.484099	0.481323	0.481832	0.482335	0.484766	0.489524	0.484584	0.480778	0.482341	0.48559	0.461593	0.486754	0.457596	0.460566	0.486204	0.554653	0.552444	0.553712	0.553139	0.555188	0.551747	0.467835	0.477828	0.485103	0.474264	0.485122	0.486593	0.472776	0.470971	0.476783	0.474216	0.479782	0.474817
ERR622577	0.279259	0.335195	0	0.252885	0.273921	0.281704	0.368301	0.357065	0.355575	0.381173	0.378121	0.382213	0.387318	0.359896	0.426783	0.385322	0.386042	0.377229	0.342356	0.358025	0.343235	0.357137	0.343211	0.343029	0.388023	0.397994	0.368469	0.365076	0.381041	0.366131	0.381399	0.374406	0.391341	0.394771	0.425991	0.392169	0.368301	0.357065	0.355575	0.381173	0.378121	0.382213	0.466889	0.366592	0.367537	0.358794	0.365186	0.37302	0.457199	0.460806	0.461631	0.457954	0.459648	0.461025	0.439748	0.444112	0.44082	0.440824	0.44132	0.441422	0.506701	0.488371	0.503889	0.507126	0.488474	0.488929	0.470052	0.470631	0.465315	0.469877	0.475893	0.470712	0.457837	0.473432	0.451051	0.478221	0.476096	0.450515	0.563236	0.565468	0.550965	0.551809	0.553243	0.5648	0.466048	0.461909	0.45676	0.462622	0.457115	0.456884	0.465535	0.469555	0.461712	0.462323	0.456017	0.461835
ERR622578	0.269651	0.32004	0.252885	0	0.26564	0.271866	0.367984	0.359525	0.35902	0.378708	0.376277	0.379724	0.382036	0.359093	0.417112	0.380461	0.380638	0.373407	0.343565	0.353209	0.34567	0.352205	0.345815	0.346027	0.382072	0.3901	0.365708	0.365006	0.376074	0.366037	0.380283	0.375745	0.385395	0.387964	0.418725	0.385824	0.367984	0.359525	0.35902	0.378708	0.376277	0.379724	0.455348	0.363144	0.363692	0.358373	0.362661	0.368859	0.458992	0.458606	0.459083	0.456652	0.45805	0.458598	0.440531	0.442172	0.440108	0.440351	0.440511	0.440681	0.500547	0.48466	0.498361	0.501498	0.484399	0.484983	0.466582	0.46741	0.463164	0.466492	0.471413	0.467134	0.455589	0.46684	0.450331	0.470878	0.469167	0.449827	0.55986	0.561697	0.548939	0.54972	0.551143	0.56108	0.461414	0.459047	0.455131	0.459148	0.455538	0.455469	0.4622	0.465717	0.459718	0.459618	0.454937	0.458874
ERR622582	0.256702	0.294523	0.273921	0.26564	0	0.257311	0.370445	0.367776	0.370542	0.375184	0.374047	0.376207	0.372115	0.359149	0.396526	0.370684	0.37084	0.366192	0.34913	0.343953	0.352942	0.34443	0.353542	0.354799	0.376275	0.37399	0.36602	0.373091	0.372594	0.372715	0.377833	0.379438	0.373146	0.373699	0.398227	0.373091	0.370445	0.367776	0.370542	0.375184	0.374047	0.376207	0.423919	0.35784	0.357502	0.36135	0.35893	0.360446	0.469699	0.461327	0.461503	0.461859	0.463165	0.46107	0.449413	0.44389	0.445541	0.445776	0.445167	0.445577	0.494582	0.484944	0.493056	0.496938	0.48439	0.484751	0.463958	0.465302	0.464425	0.464553	0.466266	0.464265	0.452838	0.455375	0.451749	0.458304	0.456697	0.451208	0.564771	0.565184	0.555654	0.556008	0.557842	0.564515	0.458319	0.458332	0.45717	0.457299	0.457037	0.457576	0.460107	0.461576	0.460407	0.459379	0.458549	0.457628
ERR622580	0.256993	0.288075	0.281704	0.271866	0.257311	0	0.37488	0.374176	0.377439	0.378245	0.377591	0.379093	0.372847	0.363491	0.393563	0.371865	0.371653	0.368405	0.354855	0.345879	0.359317	0.346256	0.360001	0.361517	0.376146	0.37243	0.368429	0.377219	0.373243	0.376829	0.381365	0.384512	0.373131	0.373245	0.397154	0.372943	0.37488	0.374176	0.377439	0.378245	0.377591	0.379093	0.418464	0.360578	0.359757	0.366042	0.362209	0.362509	0.474061	0.463241	0.463202	0.464663	0.465419	0.462996	0.452721	0.445505	0.448081	0.448597	0.447306	0.448059	0.492436	0.484807	0.491435	0.495181	0.484077	0.484403	0.464402	0.465668	0.465836	0.465158	0.465629	0.464524	0.454808	0.4537	0.454579	0.455857	0.45477	0.453957	0.56442	0.564389	0.556317	0.556418	0.558263	0.563743	0.458251	0.459675	0.459433	0.458051	0.459259	0.46017	0.460755	0.461797	0.461921	0.460508	0.460616	0.458696
ERR636667	0.373484	0.416659	0.368301	0.367984	0.370445	0.37488	0	0.242691	0.245315	0.23931	0.237778	0.239858	0.312121	0.300091	0.354882	0.310542	0.312418	0.306028	0.276246	0.286464	0.279546	0.285735	0.27977	0.281893	0.412625	0.414332	0.393009	0.395478	0.406333	0.3925	0.302225	0.302113	0.319366	0.324562	0.34174	0.321553	0	0.242691	0.245315	0.23931	0.237778	0.239858	0.405264	0.29775	0.298987	0.289949	0.293166	0.300951	0.431082	0.434964	0.436469	0.435197	0.439486	0.43589	0.475408	0.479695	0.476725	0.475819	0.477624	0.478004	0.545714	0.529327	0.541941	0.54744	0.528483	0.528926	0.476264	0.476177	0.47194	0.476687	0.480209	0.477219	0.413042	0.437527	0.406529	0.447914	0.441276	0.407011	0.605833	0.607826	0.593849	0.594846	0.595725	0.607816	0.457382	0.446273	0.440238	0.449661	0.44064	0.439708	0.483462	0.48609	0.480638	0.481884	0.476341	0.477963
ERR636669	0.372222	0.423888	0.357065	0.359525	0.367776	0.374176	0.242691	0	0.239517	0.253498	0.250267	0.254715	0.330286	0.306492	0.379953	0.327881	0.330457	0.319418	0.276219	0.298282	0.275589	0.297912	0.275222	0.275747	0.412894	0.415249	0.387778	0.387493	0.404684	0.384941	0.308884	0.303722	0.334664	0.340405	0.358515	0.336884	0.242691	0	0.239517	0.253498	0.250267	0.254715	0.423152	0.305597	0.306958	0.292871	0.300351	0.310398	0.42897	0.438649	0.440198	0.437317	0.442185	0.439589	0.467575	0.474794	0.470598	0.469348	0.471592	0.471946	0.543125	0.524084	0.539157	0.544801	0.523581	0.523979	0.478929	0.478555	0.4727	0.478865	0.483888	0.479817	0.416277	0.44633	0.408722	0.457609	0.450559	0.409191	0.602042	0.604586	0.587978	0.589165	0.590094	0.604437	0.461897	0.449192	0.441253	0.453163	0.44159	0.440413	0.479271	0.482951	0.475309	0.477155	0.469836	0.473087
ERR636668	0.375119	0.426145	0.355575	0.35902	0.370542	0.377439	0.245315	0.239517	0	0.258936	0.255257	0.259972	0.336504	0.310538	0.387233	0.334146	0.33668	0.325891	0.279068	0.304808	0.27888	0.303472	0.278196	0.278726	0.410921	0.418797	0.387206	0.383736	0.402957	0.381724	0.313594	0.306005	0.339409	0.345466	0.367629	0.341951	0.245315	0.239517	0	0.258936	0.255257	0.259972	0.432738	0.311576	0.313416	0.296394	0.305337	0.316959	0.427732	0.439053	0.440554	0.437076	0.441386	0.43991	0.468524	0.476637	0.472042	0.470607	0.472825	0.473128	0.54289	0.522153	0.538549	0.543802	0.521724	0.522123	0.481672	0.481429	0.475269	0.482021	0.487442	0.482554	0.422189	0.451243	0.412254	0.462045	0.455581	0.412839	0.596745	0.59971	0.582933	0.584179	0.584883	0.599572	0.463044	0.450505	0.443107	0.454924	0.443731	0.442355	0.480391	0.484449	0.47555	0.477808	0.46986	0.475015
ERR636672	0.377067	0.416061	0.381173	0.378708	0.375184	0.378245	0.23931	0.253498	0.258936	0	0.234433	0.234555	0.302607	0.300001	0.33872	0.301404	0.302998	0.29911	0.282288	0.281817	0.286717	0.281826	0.287316	0.289995	0.420788	0.416863	0.402986	0.409809	0.41578	0.406145	0.301462	0.306085	0.313421	0.317751	0.329107	0.315236	0.23931	0.253498	0.258936	0	0.234433	0.234555	0.39061	0.295215	0.295524	0.293204	0.29218	0.297235	0.437968	0.437355	0.438925	0.43922	0.443773	0.438547	0.48129	0.483199	0.481434	0.480778	0.482657	0.483071	0.550662	0.537553	0.547378	0.55345	0.536505	0.536869	0.475289	0.475122	0.471866	0.475358	0.477604	0.47607	0.409493	0.431599	0.406088	0.441961	0.434951	0.406303	0.616613	0.618082	0.6055	0.60648	0.607409	0.618047	0.458362	0.447586	0.442211	0.450725	0.442413	0.441787	0.488838	0.490546	0.487353	0.488091	0.484179	0.482741
ERR636670	0.376364	0.416702	0.378121	0.376277	0.374047	0.377591	0.237778	0.250267	0.255257	0.234433	0	0.234598	0.304285	0.29905	0.342238	0.302773	0.304404	0.299813	0.280028	0.282355	0.284159	0.282031	0.284553	0.287073	0.419278	0.416527	0.400826	0.406904	0.41381	0.403295	0.300945	0.304477	0.314865	0.319353	0.331578	0.316607	0.237778	0.250267	0.255257	0.234433	0	0.234598	0.393973	0.295517	0.296295	0.2922	0.292163	0.297935	0.437118	0.437803	0.439345	0.439293	0.443762	0.438812	0.480296	0.482835	0.48073	0.480198	0.481885	0.482322	0.550628	0.536737	0.547185	0.553122	0.535697	0.5362	0.47599	0.475893	0.4723	0.476154	0.478617	0.476864	0.410399	0.433481	0.406327	0.443814	0.436986	0.406745	0.6157	0.617261	0.604295	0.60527	0.606161	0.617148	0.45925	0.44821	0.442568	0.451377	0.442785	0.442042	0.488259	0.490129	0.486433	0.487313	0.482994	0.482185
ERR636671	0.378061	0.416243	0.382213	0.379724	0.376207	0.379093	0.239858	0.254715	0.259972	0.234555	0.234598	0	0.302292	0.300508	0.337786	0.301079	0.30264	0.298891	0.283228	0.282193	0.287802	0.281858	0.288481	0.291361	0.420802	0.417185	0.403491	0.410119	0.415621	0.40648	0.301339	0.306328	0.31265	0.316953	0.328768	0.314363	0.239858	0.254715	0.259972	0.234555	0.234598	0	0.390365	0.295814	0.296253	0.293965	0.292685	0.297771	0.438745	0.437931	0.439405	0.439708	0.444321	0.439008	0.482828	0.484653	0.482906	0.482386	0.484023	0.484476	0.551666	0.538637	0.548362	0.554314	0.53747	0.537916	0.476176	0.476109	0.472806	0.476362	0.478559	0.476984	0.410467	0.432428	0.407018	0.442387	0.435544	0.40744	0.617188	0.618587	0.606167	0.607037	0.608039	0.618546	0.459056	0.448405	0.443214	0.451513	0.443445	0.442941	0.489961	0.491585	0.488593	0.489202	0.485322	0.483945
ERR612782	0.372662	0.403399	0.387318	0.382036	0.372115	0.372847	0.312121	0.330286	0.336504	0.302607	0.304285	0.302292	0	0.256036	0.268015	0.239757	0.240148	0.24333	0.331381	0.319197	0.337499	0.319537	0.338646	0.341444	0.433283	0.424158	0.418941	0.429278	0.42976	0.425316	0.317096	0.327088	0.318434	0.321194	0.326394	0.31922	0.312121	0.330286	0.336504	0.302607	0.304285	0.302292	0.393081	0.325631	0.324952	0.329909	0.324627	0.325293	0.467799	0.461371	0.462979	0.465058	0.468831	0.462535	0.487598	0.485837	0.485851	0.485829	0.487048	0.487482	0.571904	0.562777	0.569168	0.575112	0.561295	0.561949	0.462907	0.463012	0.461538	0.463505	0.463309	0.463696	0.429402	0.445389	0.429514	0.454298	0.448228	0.429596	0.642505	0.643384	0.63298	0.633827	0.634749	0.643092	0.464606	0.456217	0.452043	0.457796	0.452126	0.452032	0.512409	0.513346	0.512493	0.512323	0.510244	0.506207
ERR612777	0.362213	0.408689	0.359896	0.359093	0.359149	0.363491	0.300091	0.306492	0.310538	0.300001	0.29905	0.300508	0.256036	0	0.307451	0.254084	0.256724	0.245201	0.312897	0.32052	0.314925	0.320324	0.315543	0.316385	0.421599	0.418479	0.400211	0.40542	0.415548	0.40154	0.307738	0.308643	0.326229	0.331121	0.341883	0.327984	0.300091	0.306492	0.310538	0.300001	0.29905	0.300508	0.416353	0.320423	0.320976	0.314533	0.316902	0.322643	0.452979	0.456989	0.458446	0.457823	0.462352	0.458137	0.471097	0.474241	0.472203	0.471359	0.473158	0.473595	0.56389	0.548898	0.560404	0.566175	0.54809	0.548596	0.46132	0.461132	0.456743	0.461842	0.464499	0.462282	0.426495	0.452336	0.421933	0.463048	0.456054	0.422102	0.630376	0.632281	0.618498	0.61961	0.62047	0.631975	0.463008	0.451348	0.445066	0.45435	0.445131	0.444285	0.499925	0.502376	0.497423	0.498489	0.493517	0.493073
ERR612778	0.394511	0.401694	0.426783	0.417112	0.396526	0.393563	0.354882	0.379953	0.387233	0.33872	0.342238	0.337786	0.268015	0.307451	0	0.270527	0.268614	0.281538	0.375816	0.345908	0.384749	0.345563	0.386403	0.390174	0.45369	0.439094	0.448543	0.463607	0.453386	0.459503	0.355363	0.372652	0.335614	0.334464	0.332884	0.334653	0.354882	0.379953	0.387233	0.33872	0.342238	0.337786	0.372112	0.355651	0.353484	0.369476	0.357067	0.351582	0.49817	0.479541	0.480716	0.486202	0.488056	0.480305	0.513265	0.50431	0.507796	0.508631	0.508553	0.509328	0.580125	0.577955	0.578164	0.583986	0.575851	0.576751	0.475256	0.476216	0.479	0.476622	0.47198	0.475771	0.449135	0.44731	0.453854	0.452207	0.447705	0.453958	0.65437	0.653819	0.648517	0.648738	0.649875	0.653622	0.475173	0.472841	0.473323	0.472172	0.473173	0.474343	0.529832	0.528625	0.532713	0.531163	0.53292	0.524994
ERR612781	0.371395	0.403799	0.385322	0.380461	0.370684	0.371865	0.310542	0.327881	0.334146	0.301404	0.302773	0.301079	0.239757	0.254084	0.270527	0	0.240698	0.242163	0.3292	0.31821	0.33495	0.318422	0.335958	0.338437	0.433103	0.423254	0.417758	0.428063	0.429309	0.424047	0.315944	0.325454	0.318605	0.321534	0.326489	0.319563	0.310542	0.327881	0.334146	0.301404	0.302773	0.301079	0.393322	0.323867	0.322962	0.3278	0.323096	0.323882	0.466558	0.460944	0.462412	0.464401	0.468318	0.462103	0.486255	0.484615	0.484435	0.484454	0.485672	0.48626	0.57145	0.562014	0.568508	0.574522	0.5606	0.561124	0.462419	0.462461	0.460765	0.463033	0.462952	0.46328	0.427705	0.444731	0.427886	0.454025	0.447578	0.427905	0.642265	0.64315	0.632552	0.63343	0.63437	0.642936	0.464416	0.455741	0.451214	0.457345	0.451087	0.451044	0.511209	0.512059	0.511019	0.510918	0.508712	0.504757
ERR612780	0.371318	0.402102	0.386042	0.380638	0.37084	0.371653	0.312418	0.330457	0.33668	0.302998	0.304404	0.30264	0.240148	0.256724	0.268614	0.240698	0	0.243849	0.331512	0.319351	0.337294	0.319727	0.338479	0.341224	0.432628	0.422893	0.418199	0.428664	0.42913	0.424489	0.31735	0.32762	0.31823	0.32097	0.326528	0.319268	0.312418	0.330457	0.33668	0.302998	0.304404	0.30264	0.392553	0.325042	0.324166	0.329632	0.324428	0.324952	0.46716	0.46062	0.462019	0.464165	0.467855	0.461688	0.486442	0.484663	0.484622	0.484746	0.485932	0.486359	0.570422	0.561424	0.567704	0.57361	0.560025	0.560662	0.462126	0.462337	0.460872	0.462709	0.462543	0.462817	0.428306	0.444309	0.428788	0.453018	0.447087	0.428825	0.640753	0.641675	0.631228	0.632116	0.633014	0.641366	0.463658	0.455493	0.451237	0.456954	0.451236	0.451204	0.511356	0.512172	0.51151	0.511024	0.509122	0.505027
ERR612779	0.367825	0.406343	0.377229	0.373407	0.366192	0.368405	0.306028	0.319418	0.325891	0.29911	0.299813	0.298891	0.24333	0.245201	0.281538	0.242163	0.243849	0	0.322495	0.31725	0.326467	0.318074	0.327412	0.329359	0.431338	0.421097	0.412834	0.422304	0.426737	0.418096	0.310971	0.318227	0.320434	0.324	0.328409	0.321642	0.306028	0.319418	0.325891	0.29911	0.299813	0.298891	0.399142	0.320538	0.320346	0.321959	0.319668	0.321349	0.462519	0.460471	0.462058	0.462906	0.467561	0.461726	0.480476	0.480478	0.479614	0.479444	0.480913	0.481509	0.570178	0.559298	0.567226	0.573235	0.558198	0.558677	0.461233	0.461133	0.458468	0.461451	0.462225	0.462046	0.424862	0.446397	0.424442	0.456473	0.449639	0.424456	0.641701	0.642933	0.630956	0.631923	0.632934	0.642586	0.464372	0.454216	0.448446	0.456392	0.448543	0.448085	0.507729	0.509121	0.506967	0.507045	0.50397	0.500552
ERR629704	0.353031	0.404107	0.342356	0.343565	0.34913	0.354855	0.276246	0.276219	0.279068	0.282288	0.280028	0.283228	0.331381	0.312897	0.375816	0.3292	0.331512	0.322495	0	0.252685	0.235581	0.252539	0.235797	0.236962	0.410623	0.410748	0.387594	0.390147	0.403845	0.387329	0.318215	0.316579	0.337442	0.342821	0.359402	0.339266	0.276246	0.276219	0.279068	0.282288	0.280028	0.283228	0.411681	0.297142	0.297933	0.288611	0.293579	0.301766	0.414043	0.418228	0.419576	0.417868	0.422352	0.419374	0.449194	0.453644	0.450428	0.44999	0.451728	0.451969	0.518267	0.50177	0.514937	0.5204	0.501177	0.501378	0.458785	0.458905	0.453781	0.458799	0.462913	0.459878	0.393459	0.419627	0.38755	0.430291	0.423458	0.387616	0.58585	0.587832	0.572861	0.574208	0.575154	0.587725	0.437581	0.426652	0.419863	0.429738	0.420014	0.419511	0.454437	0.457482	0.451261	0.452511	0.446506	0.447902
ERR629705	0.345343	0.380861	0.358025	0.353209	0.343953	0.345879	0.286464	0.298282	0.304808	0.281817	0.282355	0.282193	0.319197	0.32052	0.345908	0.31821	0.319351	0.31725	0.252685	0	0.260648	0.239572	0.261626	0.265212	0.408202	0.399059	0.392807	0.402763	0.404298	0.399636	0.321529	0.329734	0.321993	0.324694	0.335315	0.322946	0.286464	0.298282	0.304808	0.281817	0.282355	0.282193	0.374799	0.292789	0.292165	0.297982	0.292759	0.293492	0.428326	0.419421	0.420344	0.422349	0.425945	0.420331	0.461498	0.458822	0.458985	0.459011	0.460013	0.460285	0.514498	0.505685	0.512294	0.517983	0.504564	0.504855	0.456634	0.457358	0.455759	0.456784	0.457555	0.45757	0.390646	0.403878	0.391555	0.412341	0.406065	0.39169	0.590055	0.590572	0.580136	0.580939	0.582193	0.590253	0.433214	0.426511	0.42283	0.427648	0.422829	0.423222	0.456689	0.457677	0.457148	0.456682	0.455068	0.451047
ERR629708	0.357544	0.412129	0.343235	0.34567	0.352942	0.359317	0.279546	0.275589	0.27888	0.286717	0.284159	0.287802	0.337499	0.314925	0.384749	0.33495	0.337294	0.326467	0.235581	0.260648	0	0.261248	0.233116	0.234275	0.414961	0.413651	0.389179	0.390935	0.407368	0.388261	0.320454	0.317211	0.343837	0.349697	0.364956	0.345924	0.279546	0.275589	0.27888	0.286717	0.284159	0.287802	0.418926	0.300843	0.302221	0.290887	0.297289	0.30661	0.415355	0.422302	0.423745	0.4214	0.426452	0.423629	0.448887	0.454501	0.450923	0.450182	0.452118	0.452552	0.521933	0.504491	0.518318	0.523963	0.503845	0.504124	0.461837	0.461585	0.456194	0.461625	0.466362	0.462972	0.395142	0.425196	0.389433	0.436558	0.42925	0.389523	0.589746	0.592143	0.575811	0.577207	0.578074	0.591788	0.44246	0.430352	0.422055	0.433765	0.422231	0.421453	0.456317	0.459811	0.453116	0.454443	0.4476	0.449349
ERR629706	0.3458	0.379462	0.357137	0.352205	0.34443	0.346256	0.285735	0.297912	0.303472	0.281826	0.282031	0.281858	0.319537	0.320324	0.345563	0.318422	0.319727	0.318074	0.252539	0.239572	0.261248	0	0.262373	0.265913	0.405648	0.400317	0.391562	0.40059	0.401583	0.39719	0.321889	0.329295	0.321837	0.324608	0.337602	0.322495	0.285735	0.297912	0.303472	0.281826	0.282031	0.281858	0.376909	0.294273	0.293758	0.298266	0.293281	0.294797	0.427524	0.418841	0.419816	0.421747	0.424741	0.419482	0.462192	0.459994	0.459852	0.460043	0.461012	0.461214	0.513866	0.504284	0.511527	0.517139	0.503162	0.503539	0.457603	0.45854	0.456551	0.457925	0.458731	0.458469	0.39384	0.405444	0.392569	0.413345	0.407798	0.392505	0.587281	0.587835	0.577703	0.578464	0.579601	0.5875	0.432647	0.426395	0.423761	0.427731	0.423809	0.424132	0.457124	0.458012	0.456938	0.456674	0.455016	0.451884
ERR629707	0.358126	0.413013	0.343211	0.345815	0.353542	0.360001	0.27977	0.275222	0.278196	0.287316	0.284553	0.288481	0.338646	0.315543	0.386403	0.335958	0.338479	0.327412	0.235797	0.261626	0.233116	0.262373	0	0.234301	0.414656	0.413896	0.388657	0.390014	0.406889	0.387281	0.320798	0.317042	0.344296	0.350462	0.366128	0.346416	0.27977	0.275222	0.278196	0.287316	0.284553	0.288481	0.420302	0.301604	0.302954	0.290932	0.297888	0.307068	0.414886	0.422188	0.423515	0.421175	0.426104	0.423336	0.448879	0.45472	0.451064	0.450075	0.452228	0.452633	0.521641	0.50377	0.517914	0.5235	0.503293	0.50334	0.462082	0.462049	0.456434	0.462152	0.466825	0.463281	0.395366	0.425657	0.389508	0.437159	0.429643	0.389623	0.588825	0.591104	0.574685	0.576037	0.576937	0.590904	0.442371	0.430149	0.421941	0.433532	0.42209	0.421333	0.455916	0.459439	0.452477	0.453924	0.446893	0.449021
ERR629709	0.359762	0.415726	0.343029	0.346027	0.354799	0.361517	0.281893	0.275747	0.278726	0.289995	0.287073	0.291361	0.341444	0.316385	0.390174	0.338437	0.341224	0.329359	0.236962	0.265212	0.234275	0.265913	0.234301	0	0.416352	0.415649	0.389605	0.390814	0.408364	0.388007	0.321821	0.317248	0.347091	0.353141	0.368623	0.349437	0.281893	0.275747	0.278726	0.289995	0.287073	0.291361	0.423864	0.304207	0.305564	0.292844	0.300405	0.310019	0.416294	0.424906	0.426406	0.423476	0.428925	0.426154	0.448976	0.455484	0.451351	0.450644	0.452844	0.453236	0.524274	0.50595	0.520519	0.526136	0.505544	0.50577	0.464155	0.463813	0.457794	0.46372	0.468864	0.465172	0.397395	0.429024	0.391025	0.440503	0.433152	0.39137	0.591069	0.593473	0.576632	0.578168	0.579006	0.593271	0.445429	0.432873	0.424135	0.436361	0.424184	0.423418	0.457873	0.461696	0.45429	0.455614	0.448594	0.450618
ERR617140	0.375631	0.381433	0.388023	0.382072	0.376275	0.376146	0.412625	0.412894	0.410921	0.420788	0.419278	0.420802	0.433283	0.421599	0.45369	0.433103	0.432628	0.431338	0.410623	0.408202	0.414961	0.405648	0.414656	0.416352	0	0.290672	0.278442	0.284462	0.268104	0.28475	0.384488	0.384535	0.370184	0.369493	0.405652	0.369777	0.412625	0.412894	0.410921	0.420788	0.419278	0.420802	0.455057	0.409822	0.410117	0.410775	0.408047	0.409524	0.515593	0.50815	0.507727	0.5083	0.507403	0.506993	0.522616	0.51847	0.52034	0.519648	0.518428	0.518751	0.522123	0.510807	0.520086	0.522891	0.509974	0.50984	0.542698	0.544311	0.543708	0.545142	0.546228	0.54296	0.516329	0.509804	0.510218	0.510706	0.510909	0.510217	0.569942	0.570427	0.563247	0.563067	0.564326	0.570057	0.513539	0.51559	0.518656	0.51541	0.518884	0.51943	0.500226	0.501407	0.499008	0.499427	0.499249	0.502053
ERR617142	0.372368	0.382704	0.397994	0.3901	0.37399	0.37243	0.414332	0.415249	0.418797	0.416863	0.416527	0.417185	0.424158	0.418479	0.439094	0.423254	0.422893	0.421097	0.410748	0.399059	0.413651	0.400317	0.413896	0.415649	0.290672	0	0.289649	0.307701	0.290389	0.306484	0.377103	0.38352	0.360119	0.358881	0.377394	0.360085	0.414332	0.415249	0.418797	0.416863	0.416527	0.417185	0.424931	0.399744	0.399221	0.409906	0.403188	0.399139	0.523411	0.513248	0.513108	0.514978	0.516298	0.512735	0.523784	0.517469	0.519827	0.519857	0.519135	0.51968	0.531209	0.525969	0.530507	0.534675	0.525039	0.524897	0.539932	0.540738	0.541003	0.540621	0.540798	0.540007	0.502873	0.500782	0.505527	0.502667	0.500805	0.504977	0.59529	0.595417	0.586285	0.586307	0.587938	0.594452	0.517069	0.517777	0.517236	0.516486	0.517146	0.518032	0.5031	0.503186	0.504791	0.503691	0.504871	0.501484
ERR617137	0.367385	0.393467	0.368469	0.365708	0.36602	0.368429	0.393009	0.387778	0.387206	0.402986	0.400826	0.403491	0.418941	0.400211	0.448543	0.417758	0.418199	0.412834	0.387594	0.392807	0.389179	0.391562	0.388657	0.389605	0.278442	0.289649	0	0.269236	0.273046	0.2692	0.36035	0.357658	0.358964	0.360894	0.392843	0.360002	0.393009	0.387778	0.387206	0.402986	0.400826	0.403491	0.459295	0.391669	0.392732	0.390006	0.390695	0.394131	0.501583	0.50081	0.500829	0.499725	0.500612	0.500124	0.508066	0.50848	0.507749	0.507083	0.507006	0.507258	0.533807	0.519025	0.531305	0.535115	0.518603	0.518281	0.535051	0.535928	0.532911	0.53601	0.5395	0.535471	0.499873	0.506748	0.49473	0.510599	0.5085	0.494366	0.583406	0.584959	0.57232	0.57255	0.573666	0.584307	0.511221	0.508601	0.506593	0.509352	0.506973	0.507259	0.498675	0.501131	0.496066	0.496596	0.493367	0.496768
ERR617139	0.375472	0.405871	0.365076	0.365006	0.373091	0.377219	0.395478	0.387493	0.383736	0.409809	0.406904	0.410119	0.429278	0.40542	0.463607	0.428063	0.428664	0.422304	0.390147	0.402763	0.390935	0.40059	0.390014	0.390814	0.284462	0.307701	0.269236	0	0.276974	0.264069	0.368537	0.361244	0.371902	0.374463	0.412349	0.372819	0.395478	0.387493	0.383736	0.409809	0.406904	0.410119	0.481125	0.400588	0.402201	0.393425	0.397549	0.403877	0.498309	0.50166	0.501746	0.499263	0.49968	0.500915	0.508735	0.512132	0.510338	0.508838	0.509087	0.509288	0.537672	0.519259	0.534707	0.537919	0.519051	0.518852	0.540267	0.541194	0.537255	0.54193	0.546243	0.540641	0.507776	0.516918	0.499067	0.521112	0.519184	0.499035	0.577938	0.580317	0.565751	0.566329	0.567015	0.579754	0.514707	0.511235	0.509112	0.512612	0.509482	0.509457	0.502275	0.505928	0.497708	0.499236	0.493685	0.501538
ERR617141	0.372469	0.383808	0.381041	0.376074	0.372594	0.373243	0.406333	0.404684	0.402957	0.41578	0.41381	0.415621	0.42976	0.415548	0.453386	0.429309	0.42913	0.426737	0.403845	0.404298	0.407368	0.401583	0.406889	0.408364	0.268104	0.290389	0.273046	0.276974	0	0.277452	0.377996	0.376582	0.367227	0.367425	0.404013	0.367305	0.406333	0.404684	0.402957	0.41578	0.41381	0.415621	0.458367	0.404941	0.405776	0.404501	0.403034	0.405613	0.510629	0.505143	0.505158	0.505176	0.50447	0.504262	0.518549	0.515713	0.516816	0.516031	0.515077	0.515522	0.524808	0.511986	0.522566	0.525479	0.51122	0.511012	0.540829	0.542334	0.540912	0.542981	0.544873	0.541105	0.512653	0.509562	0.506132	0.511231	0.510907	0.506266	0.571583	0.572528	0.563626	0.56365	0.56487	0.572126	0.51243	0.5132	0.51514	0.513392	0.515529	0.516085	0.499607	0.501294	0.497556	0.498201	0.497002	0.500768
ERR617138	0.375202	0.406057	0.366131	0.366037	0.372715	0.376829	0.3925	0.384941	0.381724	0.406145	0.403295	0.40648	0.425316	0.40154	0.459503	0.424047	0.424489	0.418096	0.387329	0.399636	0.388261	0.39719	0.387281	0.388007	0.28475	0.306484	0.2692	0.264069	0.277452	0	0.364262	0.357449	0.368058	0.370843	0.406502	0.369284	0.3925	0.384941	0.381724	0.406145	0.403295	0.40648	0.476334	0.397699	0.398979	0.390552	0.394177	0.400283	0.49744	0.500824	0.500771	0.498409	0.499236	0.500043	0.508064	0.511311	0.509547	0.50826	0.508321	0.50861	0.538463	0.520122	0.535421	0.538963	0.519871	0.519763	0.538986	0.539666	0.535845	0.540556	0.544591	0.539281	0.505075	0.514446	0.496383	0.518954	0.516785	0.496265	0.580463	0.582866	0.568359	0.5689	0.56971	0.582326	0.513495	0.509581	0.507704	0.511015	0.508093	0.508065	0.501803	0.505188	0.497337	0.498716	0.493567	0.500714
ERR608950	0.380639	0.423365	0.381399	0.380283	0.377833	0.381365	0.302225	0.308884	0.313594	0.301462	0.300945	0.301339	0.317096	0.307738	0.355363	0.315944	0.31735	0.310971	0.318215	0.321529	0.320454	0.321889	0.320798	0.321821	0.384488	0.377103	0.36035	0.368537	0.377996	0.364262	0	0.244486	0.262003	0.268428	0.28065	0.264644	0.302225	0.308884	0.313594	0.301462	0.300945	0.301339	0.409804	0.319305	0.320172	0.317444	0.318244	0.321602	0.477198	0.481995	0.483309	0.482219	0.487165	0.483172	0.508315	0.513046	0.510007	0.509474	0.511422	0.511917	0.583452	0.568335	0.580197	0.586197	0.567644	0.567681	0.514101	0.513502	0.508679	0.513503	0.517221	0.514926	0.448378	0.476093	0.445752	0.486816	0.479259	0.445307	0.646389	0.648581	0.633139	0.634177	0.635154	0.648185	0.499808	0.487572	0.479753	0.490782	0.479924	0.479298	0.519497	0.522077	0.516908	0.517829	0.512347	0.512085
ERR608951	0.383287	0.430782	0.374406	0.375745	0.379438	0.384512	0.302113	0.303722	0.306005	0.306085	0.304477	0.306328	0.327088	0.308643	0.372652	0.325454	0.32762	0.318227	0.316579	0.329734	0.317211	0.329295	0.317042	0.317248	0.384535	0.38352	0.357658	0.361244	0.376582	0.357449	0.244486	0	0.274517	0.282062	0.299874	0.277561	0.302113	0.303722	0.306005	0.306085	0.304477	0.306328	0.428168	0.325536	0.327027	0.317666	0.322545	0.329248	0.474541	0.484017	0.485412	0.482761	0.4879	0.485119	0.506101	0.513198	0.509111	0.508139	0.510481	0.510767	0.584398	0.566366	0.58076	0.586381	0.56595	0.566025	0.51742	0.516851	0.51094	0.517116	0.521931	0.518357	0.453993	0.484376	0.4482	0.495685	0.488274	0.448112	0.64318	0.645951	0.629218	0.630432	0.631219	0.645648	0.503056	0.490058	0.481577	0.493871	0.481842	0.480925	0.520052	0.52345	0.516145	0.517582	0.510575	0.512813
ERR608952	0.373117	0.396391	0.391341	0.385395	0.373146	0.373131	0.319366	0.334664	0.339409	0.313421	0.314865	0.31265	0.318434	0.326229	0.335614	0.318605	0.31823	0.320434	0.337442	0.321993	0.343837	0.321837	0.344296	0.347091	0.370184	0.360119	0.358964	0.371902	0.367227	0.368058	0.262003	0.274517	0	0.25041	0.267586	0.249092	0.319366	0.334664	0.339409	0.313421	0.314865	0.31265	0.381572	0.324941	0.324469	0.333075	0.32564	0.323799	0.485882	0.4791	0.479726	0.481774	0.484503	0.479615	0.515401	0.513977	0.513872	0.513538	0.51441	0.514871	0.568477	0.558502	0.566072	0.571599	0.557277	0.557423	0.511342	0.511725	0.509894	0.511792	0.5127	0.511973	0.453032	0.464324	0.453118	0.471681	0.466386	0.452991	0.632728	0.633691	0.622619	0.623189	0.624177	0.633372	0.49146	0.484871	0.481714	0.486191	0.481823	0.48187	0.514366	0.515403	0.513803	0.513667	0.511529	0.509137
ERR608954	0.373064	0.392505	0.394771	0.387964	0.373699	0.373245	0.324562	0.340405	0.345466	0.317751	0.319353	0.316953	0.321194	0.331121	0.334464	0.321534	0.32097	0.324	0.342821	0.324694	0.349697	0.324608	0.350462	0.353141	0.369493	0.358881	0.360894	0.374463	0.367425	0.370843	0.268428	0.282062	0.25041	0	0.267615	0.250664	0.324562	0.340405	0.345466	0.317751	0.319353	0.316953	0.376945	0.328368	0.327621	0.338071	0.329875	0.326779	0.488855	0.480214	0.480964	0.483256	0.485705	0.480632	0.51717	0.514589	0.515069	0.514823	0.515302	0.515917	0.565705	0.55674	0.563426	0.568954	0.555539	0.555758	0.51155	0.51207	0.510794	0.5121	0.512369	0.512221	0.454694	0.462996	0.455385	0.469532	0.464518	0.455239	0.630836	0.631715	0.621685	0.622035	0.623015	0.631415	0.491181	0.485387	0.483196	0.486471	0.483335	0.483736	0.513648	0.514455	0.513747	0.5135	0.511974	0.508806
ERR608949	0.397531	0.418793	0.425991	0.418725	0.398227	0.397154	0.34174	0.358515	0.367629	0.329107	0.331578	0.328768	0.326394	0.341883	0.332884	0.326489	0.326528	0.328409	0.359402	0.335315	0.364956	0.337602	0.366128	0.368623	0.405652	0.377394	0.392843	0.412349	0.404013	0.406502	0.28065	0.299874	0.267586	0.267615	0	0.26815	0.34174	0.358515	0.367629	0.329107	0.331578	0.328768	0.360076	0.337764	0.336552	0.353556	0.342172	0.333781	0.507637	0.498506	0.499405	0.502932	0.507481	0.499247	0.532904	0.528868	0.529891	0.53039	0.53139	0.532216	0.589275	0.583778	0.58758	0.594312	0.582589	0.582592	0.52252	0.522165	0.521515	0.521463	0.52055	0.522629	0.455684	0.467492	0.462116	0.475984	0.468727	0.461786	0.666117	0.666666	0.655743	0.656468	0.657613	0.666221	0.507783	0.500077	0.496133	0.500777	0.495899	0.496524	0.530916	0.530574	0.532804	0.53165	0.53178	0.523672
ERR608953	0.372838	0.394174	0.392169	0.385824	0.373091	0.372943	0.321553	0.336884	0.341951	0.315236	0.316607	0.314363	0.31922	0.327984	0.334653	0.319563	0.319268	0.321642	0.339266	0.322946	0.345924	0.322495	0.346416	0.349437	0.369777	0.360085	0.360002	0.372819	0.367305	0.369284	0.264644	0.277561	0.249092	0.250664	0.26815	0	0.321553	0.336884	0.341951	0.315236	0.316607	0.314363	0.380157	0.326118	0.325716	0.335005	0.327191	0.324804	0.486764	0.478902	0.479769	0.481716	0.484357	0.479435	0.515549	0.513528	0.513538	0.513368	0.514097	0.514669	0.566645	0.557044	0.564261	0.569756	0.555842	0.556025	0.51083	0.51109	0.509563	0.511302	0.511912	0.511545	0.453084	0.463118	0.453562	0.470169	0.465067	0.453287	0.631507	0.632437	0.62175	0.622311	0.623373	0.632195	0.490695	0.484462	0.48166	0.485799	0.481705	0.482182	0.513684	0.514565	0.513304	0.513107	0.511187	0.508461
ERR636667	0.373484	0.416659	0.368301	0.367984	0.370445	0.37488	0	0.242691	0.245315	0.23931	0.237778	0.239858	0.312121	0.300091	0.354882	0.310542	0.312418	0.306028	0.276246	0.286464	0.279546	0.285735	0.27977	0.281893	0.412625	0.414332	0.393009	0.395478	0.406333	0.3925	0.302225	0.302113	0.319366	0.324562	0.34174	0.321553	0	0.242691	0.245315	0.23931	0.237778	0.239858	0.405264	0.29775	0.298987	0.289949	0.293166	0.300951	0.431082	0.434964	0.436469	0.435197	0.439486	0.43589	0.475408	0.479695	0.476725	0.475819	0.477624	0.478004	0.545714	0.529327	0.541941	0.54744	0.528483	0.528926	0.476264	0.476177	0.47194	0.476687	0.480209	0.477219	0.413042	0.437527	0.406529	0.447914	0.441276	0.407011	0.605833	0.607826	0.593849	0.594846	0.595725	0.607816	0.457382	0.446273	0.440238	0.449661	0.44064	0.439708	0.483462	0.48609	0.480638	0.481884	0.476341	0.477963
ERR636669	0.372222	0.423888	0.357065	0.359525	0.367776	0.374176	0.242691	0	0.239517	0.253498	0.250267	0.254715	0.330286	0.306492	0.379953	0.327881	0.330457	0.319418	0.276219	0.298282	0.275589	0.297912	0.275222	0.275747	0.412894	0.415249	0.387778	0.387493	0.404684	0.384941	0.308884	0.303722	0.334664	0.340405	0.358515	0.336884	0.242691	0	0.239517	0.253498	0.250267	0.254715	0.423152	0.305597	0.306958	0.292871	0.300351	0.310398	0.42897	0.438649	0.440198	0.437317	0.442185	0.439589	0.467575	0.474794	0.470598	0.469348	0.471592	0.471946	0.543125	0.524084	0.539157	0.544801	0.523581	0.523979	0.478929	0.478555	0.4727	0.478865	0.483888	0.479817	0.416277	0.44633	0.408722	0.457609	0.450559	0.409191	0.602042	0.604586	0.587978	0.589165	0.590094	0.604437	0.461897	0.449192	0.441253	0.453163	0.44159	0.440413	0.479271	0.482951	0.475309	0.477155	0.469836	0.473087
ERR636668	0.375119	0.426145	0.355575	0.35902	0.370542	0.377439	0.245315	0.239517	0	0.258936	0.255257	0.259972	0.336504	0.310538	0.387233	0.334146	0.33668	0.325891	0.279068	0.304808	0.27888	0.303472	0.278196	0.278726	0.410921	0.418797	0.387206	0.383736	0.402957	0.381724	0.313594	0.306005	0.339409	0.345466	0.367629	0.341951	0.245315	0.239517	0	0.258936	0.255257	0.259972	0.432738	0.311576	0.313416	0.296394	0.305337	0.316959	0.427732	0.439053	0.440554	0.437076	0.441386	0.43991	0.468524	0.476637	0.472042	0.470607	0.472825	0.473128	0.54289	0.522153	0.538549	0.543802	0.521724	0.522123	0.481672	0.481429	0.475269	0.482021	0.487442	0.482554	0.422189	0.451243	0.412254	0.462045	0.455581	0.412839	0.596745	0.59971	0.582933	0.584179	0.584883	0.599572	0.463044	0.450505	0.443107	0.454924	0.443731	0.442355	0.480391	0.484449	0.47555	0.477808	0.46986	0.475015
ERR636672	0.377067	0.416061	0.381173	0.378708	0.375184	0.378245	0.23931	0.253498	0.258936	0	0.234433	0.234555	0.302607	0.300001	0.33872	0.301404	0.302998	0.29911	0.282288	0.281817	0.286717	0.281826	0.287316	0.289995	0.420788	0.416863	0.402986	0.409809	0.41578	0.406145	0.301462	0.306085	0.313421	0.317751	0.329107	0.315236	0.23931	0.253498	0.258936	0	0.234433	0.234555	0.39061	0.295215	0.295524	0.293204	0.29218	0.297235	0.437968	0.437355	0.438925	0.43922	0.443773	0.438547	0.48129	0.483199	0.481434	0.480778	0.482657	0.483071	0.550662	0.537553	0.547378	0.55345	0.536505	0.536869	0.475289	0.475122	0.471866	0.475358	0.477604	0.47607	0.409493	0.431599	0.406088	0.441961	0.434951	0.406303	0.616613	0.618082	0.6055	0.60648	0.607409	0.618047	0.458362	0.447586	0.442211	0.450725	0.442413	0.441787	0.488838	0.490546	0.487353	0.488091	0.484179	0.482741
ERR636670	0.376364	0.416702	0.378121	0.376277	0.374047	0.377591	0.237778	0.250267	0.255257	0.234433	0	0.234598	0.304285	0.29905	0.342238	0.302773	0.304404	0.299813	0.280028	0.282355	0.284159	0.282031	0.284553	0.287073	0.419278	0.416527	0.400826	0.406904	0.41381	0.403295	0.300945	0.304477	0.314865	0.319353	0.331578	0.316607	0.237778	0.250267	0.255257	0.234433	0	0.234598	0.393973	0.295517	0.296295	0.2922	0.292163	0.297935	0.437118	0.437803	0.439345	0.439293	0.443762	0.438812	0.480296	0.482835	0.48073	0.480198	0.481885	0.482322	0.550628	0.536737	0.547185	0.553122	0.535697	0.5362	0.47599	0.475893	0.4723	0.476154	0.478617	0.476864	0.410399	0.433481	0.406327	0.443814	0.436986	0.406745	0.6157	0.617261	0.604295	0.60527	0.606161	0.617148	0.45925	0.44821	0.442568	0.451377	0.442785	0.442042	0.488259	0.490129	0.486433	0.487313	0.482994	0.482185
ERR636671	0.378061	0.416243	0.382213	0.379724	0.376207	0.379093	0.239858	0.254715	0.259972	0.234555	0.234598	0	0.302292	0.300508	0.337786	0.301079	0.30264	0.298891	0.283228	0.282193	0.287802	0.281858	0.288481	0.291361	0.420802	0.417185	0.403491	0.410119	0.415621	0.40648	0.301339	0.306328	0.31265	0.316953	0.328768	0.314363	0.239858	0.254715	0.259972	0.234555	0.234598	0	0.390365	0.295814	0.296253	0.293965	0.292685	0.297771	0.438745	0.437931	0.439405	0.439708	0.444321	0.439008	0.482828	0.484653	0.482906	0.482386	0.484023	0.484476	0.551666	0.538637	0.548362	0.554314	0.53747	0.537916	0.476176	0.476109	0.472806	0.476362	0.478559	0.476984	0.410467	0.432428	0.407018	0.442387	0.435544	0.40744	0.617188	0.618587	0.606167	0.607037	0.608039	0.618546	0.459056	0.448405	0.443214	0.451513	0.443445	0.442941	0.489961	0.491585	0.488593	0.489202	0.485322	0.483945
ERR609045	0.419894	0.410579	0.466889	0.455348	0.423919	0.418464	0.405264	0.423152	0.432738	0.39061	0.393973	0.390365	0.393081	0.416353	0.372112	0.393322	0.392553	0.399142	0.411681	0.374799	0.418926	0.376909	0.420302	0.423864	0.455057	0.424931	0.459295	0.481125	0.458367	0.476334	0.409804	0.428168	0.381572	0.376945	0.360076	0.380157	0.405264	0.423152	0.432738	0.39061	0.393973	0.390365	0	0.347066	0.344174	0.372483	0.353896	0.336662	0.516742	0.491037	0.490632	0.499336	0.501548	0.490806	0.530756	0.514449	0.521905	0.522889	0.521685	0.522501	0.533634	0.541567	0.534284	0.540465	0.539717	0.539809	0.505696	0.506607	0.5129	0.506392	0.499174	0.505163	0.455532	0.433196	0.467276	0.43342	0.430653	0.467123	0.636312	0.634062	0.632685	0.632495	0.634415	0.63332	0.482182	0.485625	0.490734	0.483014	0.490292	0.491827	0.498135	0.493329	0.506139	0.50318	0.511841	0.495787
ERR609050	0.359352	0.397872	0.366592	0.363144	0.35784	0.360578	0.29775	0.305597	0.311576	0.295215	0.295517	0.295814	0.325631	0.320423	0.355651	0.323867	0.325042	0.320538	0.297142	0.292789	0.300843	0.294273	0.301604	0.304207	0.409822	0.399744	0.391669	0.400588	0.404941	0.397699	0.319305	0.325536	0.324941	0.328368	0.337764	0.326118	0.29775	0.305597	0.311576	0.295215	0.295517	0.295814	0.347066	0	0.245686	0.251066	0.247158	0.249067	0.4262	0.420574	0.421573	0.422655	0.427184	0.421366	0.453283	0.452194	0.451632	0.45154	0.452965	0.453255	0.513561	0.502853	0.511079	0.517027	0.501804	0.502038	0.452395	0.452382	0.449803	0.451868	0.454115	0.452853	0.388229	0.406662	0.389066	0.415813	0.409356	0.389216	0.594312	0.595494	0.583585	0.58439	0.585599	0.595122	0.43227	0.423967	0.418585	0.425268	0.418608	0.418414	0.452314	0.45346	0.452201	0.451935	0.449578	0.445869
ERR609049	0.358715	0.396321	0.367537	0.363692	0.357502	0.359757	0.298987	0.306958	0.313416	0.295524	0.296295	0.296253	0.324952	0.320976	0.353484	0.322962	0.324166	0.320346	0.297933	0.292165	0.302221	0.293758	0.302954	0.305564	0.410117	0.399221	0.392732	0.402201	0.405776	0.398979	0.320172	0.327027	0.324469	0.327621	0.336552	0.325716	0.298987	0.306958	0.313416	0.295524	0.296295	0.296253	0.344174	0.245686	0	0.252667	0.247754	0.248766	0.426877	0.420301	0.421137	0.422706	0.427171	0.421327	0.453343	0.451672	0.45139	0.451446	0.452558	0.452922	0.512918	0.502691	0.510369	0.516294	0.501442	0.50176	0.451482	0.451464	0.449038	0.450979	0.452958	0.451987	0.387202	0.405105	0.388987	0.41394	0.407122	0.388926	0.594429	0.595484	0.583688	0.58466	0.585959	0.59518	0.431315	0.423057	0.417771	0.424383	0.417935	0.41781	0.451849	0.453059	0.451951	0.451629	0.449518	0.445324
