	ERR622581	ERR622579	ERR622577	ERR622578	ERR622582	ERR622580	ERR636667	ERR636669	ERR636668	ERR636672	ERR636670	ERR636671	ERR612782	ERR612777	ERR612778	ERR612781	ERR612780	ERR612779	ERR629704	ERR629705	ERR629708	ERR629706	ERR629707	ERR629709	ERR617140	ERR617142	ERR617137	ERR617139	ERR617141	ERR617138	ERR608950	ERR608951	ERR608952	ERR608954	ERR608949	ERR608953	ERR636667	ERR636669	ERR636668	ERR636672	ERR636670	ERR636671	ERR609045	ERR609050	ERR609049	ERR609047	ERR609048	ERR609046	ERR631287	ERR631288	ERR631289	ERR631285	ERR631286	ERR631290	ERR605491	ERR605493	ERR605492	ERR605495	ERR605496	ERR605494	ERR607875	ERR607880	ERR607876	ERR607877	ERR607879	ERR607878	ERR605542	ERR605543	ERR605539	ERR605540	ERR605541	ERR605544	ERR614530	ERR614526	ERR614529	ERR614527	ERR614525	ERR614528	ERR618351	ERR618352	ERR618355	ERR618356	ERR618354	ERR618353	ERR616612	ERR616611	ERR616613	ERR616610	ERR616614	ERR616615	ERR618173	ERR618174	ERR618172	ERR618170	ERR618171	ERR618169
ERR622581	0	0.818258	0.770075	0.774838	0.780302	0.785077	0.925271	0.915901	0.916257	0.930331	0.92869	0.931309	0.878451	0.863476	0.900526	0.876725	0.877386	0.870528	0.907622	0.923209	0.904023	0.923999	0.903817	0.902298	0.974305	0.975352	0.960742	0.954224	0.969619	0.955125	0.928821	0.922097	0.945486	0.949197	0.955351	0.947704	0.925271	0.915901	0.916257	0.930331	0.92869	0.931309	0.985971	0.932786	0.931754	0.923781	0.928616	0.934763	1.10527	1.11769	1.11763	1.11479	1.11731	1.11799	1.04798	1.05249	1.05041	1.05041	1.05048	1.0506	1.11911	1.10822	1.11792	1.11917	1.10931	1.10918	1.08227	1.08239	1.07939	1.08131	1.08454	1.08257	1.0678	1.088	1.06535	1.09256	1.09057	1.06528	1.14074	1.14211	1.13162	1.13244	1.13297	1.14122	1.0745	1.07058	1.06525	1.07154	1.0655	1.06454	1.08352	1.08628	1.08062	1.08153	1.07724	1.08126
ERR622579	0.818258	0	0.804639	0.807573	0.816095	0.819664	0.958136	0.950846	0.950698	0.962926	0.961741	0.963608	0.903395	0.89251	0.919496	0.902051	0.902259	0.898256	0.944616	0.957904	0.941871	0.9582	0.941695	0.940657	1.00552	1.00925	0.994561	0.987994	1.00149	0.989155	0.964007	0.958066	0.978029	0.981508	0.989264	0.97985	0.958136	0.950846	0.950698	0.962926	0.961741	0.963608	1.01403	0.965102	0.964048	0.955907	0.960963	0.966171	1.12611	1.1373	1.1376	1.13485	1.13684	1.13786	1.06517	1.06849	1.06697	1.06714	1.06674	1.06694	1.13879	1.1284	1.13767	1.13851	1.12939	1.1296	1.09618	1.09662	1.09413	1.09563	1.09827	1.09667	1.09437	1.11189	1.09097	1.1159	1.11423	1.09085	1.15623	1.15755	1.14861	1.14911	1.14963	1.15666	1.08599	1.08319	1.07929	1.08396	1.07995	1.07891	1.10742	1.10995	1.10442	1.10533	1.10136	1.10538
ERR622577	0.770075	0.804639	0	0.748111	0.765818	0.772089	0.901286	0.890812	0.889734	0.908208	0.906208	0.909507	0.867173	0.847764	0.894785	0.865441	0.866108	0.858257	0.884607	0.903485	0.880676	0.903966	0.880208	0.878473	0.951279	0.956579	0.936976	0.928238	0.946158	0.929478	0.907349	0.899301	0.925906	0.930402	0.939756	0.928307	0.901286	0.890812	0.889734	0.908208	0.906208	0.909507	0.974718	0.911501	0.911414	0.900976	0.907348	0.914733	1.08316	1.09651	1.09701	1.09331	1.09574	1.09725	1.03283	1.03931	1.0363	1.03612	1.03643	1.03628	1.09913	1.0863	1.09783	1.09893	1.08755	1.08785	1.07136	1.0716	1.06771	1.07049	1.07488	1.07184	1.04767	1.06881	1.04395	1.07353	1.07149	1.04396	1.12162	1.12315	1.11234	1.11291	1.1134	1.12216	1.0641	1.05928	1.05323	1.06046	1.0536	1.0525	1.06294	1.06591	1.05934	1.06071	1.05553	1.06097
ERR622578	0.774838	0.807573	0.748111	0	0.77051	0.776773	0.908079	0.898171	0.897369	0.914975	0.913167	0.915865	0.870414	0.85247	0.896482	0.868444	0.8692	0.861733	0.891237	0.909479	0.887663	0.909755	0.88735	0.885787	0.958176	0.962917	0.9446	0.936111	0.953342	0.937399	0.91432	0.906359	0.932295	0.936724	0.945493	0.934429	0.908079	0.898171	0.897369	0.914975	0.913167	0.915865	0.978809	0.917208	0.917051	0.907044	0.913553	0.920441	1.08938	1.10232	1.10242	1.09916	1.10157	1.10296	1.03709	1.04326	1.04027	1.04009	1.04037	1.04019	1.10441	1.09208	1.10298	1.10423	1.09313	1.09333	1.07463	1.0747	1.07103	1.07371	1.07765	1.07494	1.05288	1.07363	1.04932	1.07822	1.07633	1.0493	1.12639	1.12806	1.11751	1.11818	1.11848	1.12711	1.0668	1.06222	1.05641	1.06331	1.05671	1.05553	1.06834	1.07132	1.06499	1.06593	1.06126	1.0661
ERR622582	0.780302	0.816095	0.765818	0.77051	0	0.782167	0.921527	0.911836	0.91259	0.926462	0.924839	0.927757	0.876302	0.860797	0.898642	0.874461	0.875303	0.868173	0.903306	0.91959	0.899592	0.919751	0.899842	0.897849	0.971204	0.972381	0.957283	0.951051	0.966392	0.95163	0.925283	0.918727	0.942447	0.946493	0.952132	0.944866	0.921527	0.911836	0.91259	0.926462	0.924839	0.927757	0.983759	0.929054	0.928764	0.92049	0.925567	0.931582	1.10331	1.11555	1.11578	1.11283	1.11529	1.11603	1.04647	1.05104	1.04876	1.04863	1.04911	1.04879	1.11682	1.10569	1.11551	1.11692	1.10703	1.10696	1.08084	1.08103	1.07773	1.0799	1.08319	1.081	1.06582	1.08621	1.06308	1.09094	1.08864	1.06308	1.1387	1.14002	1.12965	1.13043	1.13075	1.13933	1.0736	1.06938	1.06409	1.07021	1.06431	1.0632	1.08147	1.08399	1.07859	1.07938	1.07517	1.07903
ERR622580	0.785077	0.819664	0.772089	0.776773	0.782167	0	0.926976	0.917271	0.918297	0.931695	0.930342	0.932857	0.879427	0.864957	0.901393	0.877881	0.878407	0.871885	0.908989	0.924688	0.905715	0.924955	0.905427	0.903411	0.976149	0.977041	0.96227	0.956402	0.971635	0.957197	0.930471	0.924406	0.947778	0.951398	0.957123	0.949915	0.926976	0.917271	0.918297	0.931695	0.930342	0.932857	0.98774	0.934354	0.933885	0.925914	0.930786	0.936665	1.10629	1.11819	1.11854	1.11549	1.11813	1.11892	1.04836	1.0528	1.05058	1.05086	1.05066	1.05068	1.11971	1.1089	1.11851	1.11976	1.10986	1.10985	1.08214	1.0824	1.07941	1.08136	1.08432	1.08232	1.06894	1.08869	1.06607	1.09362	1.09143	1.06607	1.14131	1.14253	1.1325	1.13298	1.13356	1.14184	1.07491	1.0709	1.06556	1.07157	1.06559	1.06507	1.08435	1.0872	1.08164	1.08251	1.07826	1.08203
ERR636667	0.925271	0.958136	0.901286	0.908079	0.921527	0.926976	0	0.768569	0.767941	0.788917	0.786095	0.790256	0.934108	0.912999	0.965971	0.931962	0.933632	0.925294	0.854024	0.873031	0.849827	0.873636	0.84956	0.848225	0.941134	0.946889	0.927324	0.919407	0.937115	0.919639	0.881497	0.87355	0.901058	0.905002	0.914361	0.903191	0	0.768569	0.767941	0.788917	0.786095	0.790256	0.950713	0.889538	0.890765	0.879407	0.885432	0.892162	1.08121	1.09519	1.09536	1.0924	1.09439	1.09568	1.09211	1.10132	1.09725	1.09657	1.09721	1.09728	1.09681	1.08335	1.09497	1.09624	1.08438	1.08456	1.14456	1.14418	1.13948	1.14361	1.14897	1.14509	1.03857	1.05998	1.03429	1.06571	1.06299	1.03415	1.11615	1.11757	1.10755	1.10828	1.10852	1.11688	1.12206	1.11422	1.10655	1.11687	1.10703	1.10574	1.05692	1.06014	1.05372	1.05504	1.05	1.05521
ERR636669	0.915901	0.950846	0.890812	0.898171	0.911836	0.917271	0.768569	0	0.756005	0.778906	0.776401	0.78064	0.927619	0.9049	0.96104	0.925257	0.927216	0.917696	0.843553	0.86417	0.839008	0.864624	0.838592	0.836703	0.932347	0.936738	0.91703	0.909034	0.927319	0.909567	0.871695	0.863987	0.893058	0.897296	0.90616	0.895228	0.768569	0	0.756005	0.778906	0.776401	0.78064	0.943451	0.880082	0.88129	0.86944	0.876077	0.882987	1.07105	1.08544	1.0853	1.0825	1.0847	1.08562	1.08088	1.09041	1.08593	1.08545	1.08643	1.08622	1.0868	1.07322	1.085	1.08677	1.07463	1.07473	1.13571	1.13515	1.13001	1.13449	1.14009	1.13612	1.02907	1.05165	1.02515	1.05747	1.05451	1.02521	1.10937	1.11086	1.09999	1.10062	1.10103	1.11014	1.11299	1.10461	1.0967	1.10727	1.09703	1.09556	1.04771	1.05095	1.04413	1.04576	1.04056	1.0454
ERR636668	0.916257	0.950698	0.889734	0.897369	0.91259	0.918297	0.767941	0.756005	0	0.779073	0.775992	0.780166	0.928259	0.905433	0.962376	0.925987	0.927897	0.919316	0.843984	0.865301	0.839667	0.865511	0.839079	0.837488	0.930835	0.938621	0.917027	0.907542	0.926281	0.908063	0.873237	0.86502	0.894051	0.898519	0.909396	0.896101	0.767941	0.756005	0	0.779073	0.775992	0.780166	0.947109	0.881304	0.882885	0.869789	0.876736	0.884659	1.0695	1.084	1.084	1.08094	1.08308	1.08443	1.08125	1.0909	1.08634	1.08574	1.08661	1.08645	1.086	1.07151	1.0839	1.08546	1.07296	1.07306	1.1357	1.13512	1.13	1.13457	1.14032	1.1361	1.0307	1.05213	1.0252	1.05784	1.05537	1.02534	1.10596	1.10767	1.09744	1.09783	1.09812	1.10709	1.11204	1.10393	1.09628	1.1069	1.0969	1.09526	1.0478	1.05132	1.04401	1.04591	1.04034	1.04641
ERR636672	0.930331	0.962926	0.908208	0.914975	0.926462	0.931695	0.788917	0.778906	0.779073	0	0.790573	0.794381	0.937195	0.9176	0.968016	0.935016	0.936752	0.92858	0.860505	0.87832	0.856491	0.878778	0.856057	0.854713	0.948056	0.95184	0.933799	0.927602	0.944197	0.927927	0.885352	0.878559	0.904505	0.909006	0.916449	0.906928	0.788917	0.778906	0.779073	0	0.790573	0.794381	0.952093	0.894373	0.895382	0.884671	0.890414	0.896748	1.08777	1.10103	1.10145	1.09856	1.10053	1.10155	1.09651	1.10553	1.10117	1.10088	1.10172	1.10173	1.10173	1.08915	1.10006	1.10192	1.09035	1.09031	1.1487	1.14793	1.1431	1.14713	1.15247	1.14889	1.04203	1.06359	1.03854	1.06936	1.06651	1.03848	1.12354	1.12477	1.11488	1.11536	1.11586	1.12432	1.127	1.11934	1.11154	1.12174	1.11176	1.11056	1.06202	1.06512	1.05866	1.06031	1.05542	1.05978
ERR636670	0.92869	0.961741	0.906208	0.913167	0.924839	0.930342	0.786095	0.776401	0.775992	0.790573	0	0.791782	0.935521	0.915448	0.966866	0.933633	0.935075	0.92691	0.857368	0.875675	0.853506	0.876147	0.852968	0.851747	0.945684	0.949897	0.931473	0.925293	0.941825	0.925211	0.883084	0.875877	0.903153	0.907122	0.914846	0.905187	0.786095	0.776401	0.775992	0.790573	0	0.791782	0.950132	0.891617	0.892754	0.882043	0.887476	0.894021	1.08615	1.09976	1.09963	1.097	1.09913	1.10029	1.09551	1.10436	1.10023	1.09995	1.10048	1.10051	1.10054	1.08767	1.09881	1.10037	1.08908	1.08911	1.14768	1.14707	1.14242	1.14648	1.15159	1.14802	1.04033	1.0621	1.03682	1.06755	1.06499	1.03663	1.12246	1.12379	1.11371	1.11424	1.11459	1.123	1.126	1.11785	1.11041	1.12054	1.11073	1.10939	1.05977	1.06284	1.05679	1.05814	1.05321	1.05762
ERR636671	0.931309	0.963608	0.909507	0.915865	0.927757	0.932857	0.790256	0.78064	0.780166	0.794381	0.791782	0	0.937772	0.918132	0.96826	0.935667	0.937467	0.929247	0.861141	0.879297	0.857618	0.879695	0.856904	0.855807	0.948889	0.952667	0.934767	0.928012	0.944722	0.928375	0.885571	0.878952	0.905332	0.909615	0.916931	0.907488	0.790256	0.78064	0.780166	0.794381	0.791782	0	0.952722	0.895123	0.89624	0.885833	0.891294	0.897663	1.08808	1.10161	1.1014	1.09871	1.101	1.10194	1.09719	1.10593	1.10203	1.10134	1.1022	1.10216	1.10211	1.08976	1.10028	1.10214	1.09106	1.09108	1.14897	1.14838	1.14345	1.14782	1.15317	1.14933	1.04215	1.06369	1.03855	1.06921	1.06633	1.03838	1.12375	1.1252	1.11518	1.11576	1.11618	1.12445	1.12757	1.11963	1.11221	1.12218	1.11254	1.11134	1.06188	1.06497	1.05876	1.06006	1.05543	1.05988
ERR612782	0.878451	0.903395	0.867173	0.870414	0.876302	0.879427	0.934108	0.927619	0.928259	0.937195	0.935521	0.937772	0	0.76074	0.797488	0.769817	0.770711	0.766917	0.941109	0.955895	0.938533	0.95676	0.938277	0.936865	0.971199	0.972211	0.957888	0.953556	0.967488	0.954141	0.917241	0.912156	0.932892	0.936773	0.940747	0.934514	0.934108	0.927619	0.928259	0.937195	0.935521	0.937772	0.986325	0.939174	0.937616	0.930467	0.93412	0.940048	1.12171	1.13247	1.13265	1.13038	1.13273	1.13295	1.04771	1.05044	1.05034	1.04923	1.04906	1.04936	1.13509	1.125	1.13383	1.13529	1.12568	1.12583	1.0463	1.0462	1.04472	1.04599	1.04738	1.04651	1.07126	1.09021	1.06909	1.09521	1.09274	1.06895	1.15262	1.15397	1.14506	1.1457	1.14598	1.1531	1.06727	1.06281	1.05886	1.06356	1.05908	1.05807	1.09225	1.0947	1.08988	1.09053	1.08688	1.08951
ERR612777	0.863476	0.89251	0.847764	0.85247	0.860797	0.864957	0.912999	0.9049	0.905433	0.9176	0.915448	0.918132	0.76074	0	0.789301	0.759975	0.761178	0.749061	0.919606	0.936834	0.915803	0.937728	0.91618	0.913911	0.950376	0.952873	0.936412	0.930613	0.946166	0.930848	0.895911	0.889501	0.913791	0.918046	0.922817	0.915905	0.912999	0.9049	0.905433	0.9176	0.915448	0.918132	0.973253	0.920237	0.919187	0.910274	0.915615	0.9218	1.10295	1.11488	1.11482	1.11254	1.11509	1.11522	1.03371	1.03769	1.03677	1.03539	1.03585	1.03595	1.11831	1.10718	1.11688	1.11825	1.10801	1.10802	1.0335	1.03355	1.03141	1.03331	1.03529	1.03392	1.05406	1.0742	1.05101	1.07935	1.07685	1.05115	1.13761	1.13913	1.12958	1.13022	1.13083	1.13851	1.05734	1.05164	1.04729	1.05323	1.04763	1.0463	1.07504	1.07766	1.07234	1.07337	1.06906	1.0722
ERR612778	0.900526	0.919496	0.894785	0.896482	0.898642	0.901393	0.965971	0.96104	0.962376	0.968016	0.966866	0.96826	0.797488	0.789301	0	0.797776	0.797942	0.791086	0.974079	0.985897	0.971745	0.986791	0.972186	0.970778	1.00247	1.00227	0.991093	0.9881	0.999625	0.988478	0.950042	0.946395	0.963399	0.966821	0.9692	0.965008	0.965971	0.96104	0.962376	0.968016	0.966866	0.96826	1.00611	0.966974	0.965345	0.959308	0.962726	0.967082	1.14562	1.15498	1.15506	1.15332	1.15539	1.15542	1.0655	1.06629	1.06701	1.06611	1.06596	1.06626	1.15664	1.14814	1.15579	1.15707	1.14862	1.14854	1.06322	1.06338	1.06242	1.06302	1.06381	1.06317	1.09601	1.11341	1.09457	1.11793	1.11566	1.09432	1.1725	1.17337	1.16595	1.16646	1.16712	1.17307	1.07916	1.07612	1.07347	1.07661	1.07392	1.0732	1.11634	1.11855	1.11468	1.11503	1.11205	1.11396
ERR612781	0.876725	0.902051	0.865441	0.868444	0.874461	0.877881	0.931962	0.925257	0.925987	0.935016	0.933633	0.935667	0.769817	0.759975	0.797776	0	0.770375	0.766127	0.939036	0.954132	0.936415	0.954913	0.936182	0.934549	0.969156	0.969872	0.955921	0.95159	0.965322	0.951571	0.915334	0.909624	0.930989	0.934806	0.938587	0.932809	0.931962	0.925257	0.925987	0.935016	0.933633	0.935667	0.98406	0.936806	0.935585	0.928113	0.93222	0.93787	1.11978	1.13063	1.13052	1.12856	1.13103	1.13113	1.04663	1.04931	1.04879	1.04789	1.048	1.04809	1.13324	1.12322	1.13202	1.13332	1.12389	1.12374	1.04581	1.04561	1.04389	1.04541	1.04682	1.04589	1.06943	1.0885	1.06731	1.09341	1.09093	1.06703	1.15092	1.15207	1.14323	1.14389	1.14442	1.15146	1.06634	1.06198	1.05768	1.06272	1.05789	1.05685	1.09029	1.09293	1.08815	1.08894	1.08509	1.08765
ERR612780	0.877386	0.902259	0.866108	0.8692	0.875303	0.878407	0.933632	0.927216	0.927897	0.936752	0.935075	0.937467	0.770711	0.761178	0.797942	0.770375	0	0.767418	0.941091	0.955474	0.938069	0.956588	0.938128	0.936677	0.971038	0.971653	0.958141	0.953995	0.96778	0.95376	0.916706	0.911954	0.932502	0.936042	0.939889	0.934341	0.933632	0.927216	0.927897	0.936752	0.935075	0.937467	0.985824	0.938566	0.937107	0.930005	0.934202	0.939814	1.12165	1.13237	1.13227	1.13018	1.13246	1.13255	1.04792	1.05072	1.05026	1.04935	1.04961	1.04935	1.13494	1.12511	1.13388	1.13525	1.12577	1.12582	1.04708	1.0473	1.04561	1.04669	1.04819	1.04719	1.07043	1.08983	1.06878	1.0947	1.09253	1.06856	1.15204	1.15312	1.14434	1.14506	1.14558	1.15248	1.06763	1.06311	1.05903	1.06406	1.05949	1.05841	1.09187	1.09433	1.08958	1.09027	1.08655	1.08915
ERR612779	0.870528	0.898256	0.858257	0.861733	0.868173	0.871885	0.925294	0.917696	0.919316	0.92858	0.92691	0.929247	0.766917	0.749061	0.791086	0.766127	0.767418	0	0.931693	0.947034	0.928128	0.947659	0.92818	0.926503	0.962781	0.962375	0.948621	0.944399	0.959077	0.944743	0.907311	0.901837	0.924312	0.928428	0.93108	0.926365	0.925294	0.917696	0.919316	0.92858	0.92691	0.929247	0.978566	0.929699	0.928761	0.921129	0.925776	0.930968	1.1149	1.12593	1.12614	1.12354	1.12637	1.12656	1.04116	1.04411	1.04345	1.04262	1.04262	1.04292	1.12849	1.11846	1.12713	1.12852	1.11921	1.11897	1.03956	1.03964	1.03765	1.03884	1.04047	1.03967	1.06267	1.08249	1.06087	1.08781	1.08539	1.06069	1.14822	1.14959	1.14036	1.14098	1.14162	1.14886	1.06337	1.05816	1.05376	1.05928	1.05419	1.05287	1.08459	1.08722	1.08232	1.08309	1.07944	1.08149
ERR629704	0.907622	0.944616	0.884607	0.891237	0.903306	0.908989	0.854024	0.843553	0.843984	0.860505	0.857368	0.861141	0.941109	0.919606	0.974079	0.939036	0.941091	0.931693	0	0.790326	0.763689	0.790397	0.763119	0.760823	0.955747	0.958417	0.940351	0.933497	0.951223	0.934048	0.898258	0.890865	0.919174	0.923098	0.929443	0.921106	0.854024	0.843553	0.843984	0.860505	0.857368	0.861141	0.959051	0.894825	0.896099	0.884668	0.891206	0.898045	1.07375	1.08714	1.08725	1.08395	1.08691	1.08783	1.08168	1.09062	1.08605	1.08628	1.08715	1.08701	1.08882	1.07622	1.08732	1.08866	1.07796	1.07755	1.13715	1.13666	1.13155	1.13573	1.14118	1.13751	1.02531	1.04778	1.02215	1.05349	1.05071	1.0222	1.11355	1.11484	1.10445	1.10498	1.10568	1.11429	1.11465	1.1068	1.09875	1.10923	1.0991	1.0978	1.04497	1.04773	1.04152	1.04306	1.03811	1.04171
ERR629705	0.923209	0.957904	0.903485	0.909479	0.91959	0.924688	0.873031	0.86417	0.865301	0.87832	0.875675	0.879297	0.955895	0.936834	0.985897	0.954132	0.955474	0.947034	0.790326	0	0.788174	0.809743	0.787588	0.78546	0.973933	0.974134	0.958598	0.953479	0.969643	0.953707	0.914921	0.908491	0.933861	0.937661	0.94306	0.936052	0.873031	0.86417	0.865301	0.87832	0.875675	0.879297	0.970498	0.912319	0.913223	0.903889	0.909031	0.915088	1.08979	1.10219	1.10259	1.0994	1.10223	1.10291	1.09639	1.10474	1.10044	1.1007	1.10159	1.10152	1.10302	1.09185	1.10158	1.10306	1.0931	1.09281	1.14933	1.1488	1.14383	1.14766	1.15289	1.14955	1.03965	1.06137	1.03738	1.06746	1.06428	1.03728	1.12677	1.12804	1.11821	1.11859	1.11929	1.12725	1.12823	1.1207	1.1125	1.12276	1.11303	1.11182	1.05947	1.06226	1.05693	1.05787	1.0534	1.05649
ERR629708	0.904023	0.941871	0.880676	0.887663	0.899592	0.905715	0.849827	0.839008	0.839667	0.856491	0.853506	0.857618	0.938533	0.915803	0.971745	0.936415	0.938069	0.928128	0.763689	0.788174	0	0.788905	0.754258	0.754896	0.951854	0.953565	0.935574	0.928828	0.947327	0.92943	0.894201	0.887432	0.915663	0.920102	0.925789	0.917908	0.849827	0.839008	0.839667	0.856491	0.853506	0.857618	0.955501	0.890008	0.891669	0.880438	0.88663	0.893647	1.06888	1.08236	1.08273	1.07959	1.08258	1.08306	1.07676	1.08556	1.0812	1.08133	1.08205	1.08207	1.08438	1.07183	1.08253	1.08422	1.07334	1.07293	1.13291	1.13235	1.12748	1.13146	1.13691	1.13355	1.02026	1.04366	1.01734	1.04942	1.04662	1.01767	1.11069	1.11203	1.10116	1.10168	1.10208	1.1113	1.11018	1.10225	1.09387	1.10469	1.09414	1.09258	1.0401	1.04315	1.03711	1.03836	1.03324	1.03677
ERR629706	0.923999	0.9582	0.903966	0.909755	0.919751	0.924955	0.873636	0.864624	0.865511	0.878778	0.876147	0.879695	0.95676	0.937728	0.986791	0.954913	0.956588	0.947659	0.790397	0.809743	0.788905	0	0.787843	0.785911	0.974503	0.97613	0.959629	0.954045	0.970072	0.954362	0.916264	0.910442	0.935642	0.939603	0.944583	0.937601	0.873636	0.864624	0.865511	0.878778	0.876147	0.879695	0.971649	0.913506	0.914337	0.904561	0.909701	0.915619	1.09039	1.10315	1.10311	1.1002	1.10286	1.10351	1.09794	1.1063	1.10193	1.10219	1.10292	1.1028	1.10361	1.09227	1.10253	1.10402	1.09355	1.0936	1.15006	1.14956	1.14486	1.14857	1.15378	1.15051	1.04112	1.06236	1.03841	1.06814	1.06522	1.03817	1.12677	1.12788	1.11836	1.11895	1.11928	1.1274	1.12887	1.12158	1.11371	1.12365	1.11398	1.11271	1.06112	1.06365	1.05825	1.05903	1.05459	1.05793
ERR629707	0.903817	0.941695	0.880208	0.88735	0.899842	0.905427	0.84956	0.838592	0.839079	0.856057	0.852968	0.856904	0.938277	0.91618	0.972186	0.936182	0.938128	0.92818	0.763119	0.787588	0.754258	0.787843	0	0.754034	0.951574	0.953457	0.93532	0.9285	0.946614	0.928916	0.893435	0.886804	0.91511	0.91958	0.92556	0.917235	0.84956	0.838592	0.839079	0.856057	0.852968	0.856904	0.955146	0.889882	0.891047	0.879308	0.886306	0.892821	1.06865	1.08247	1.08231	1.07936	1.08212	1.08273	1.07685	1.08596	1.0814	1.08128	1.08239	1.08216	1.08426	1.07158	1.08253	1.08411	1.07297	1.07232	1.13322	1.13254	1.12738	1.13172	1.13733	1.13367	1.0206	1.04352	1.01746	1.04954	1.04648	1.01744	1.11043	1.11182	1.10093	1.10133	1.10182	1.11104	1.11031	1.10209	1.09371	1.10434	1.09394	1.09271	1.04018	1.04297	1.03661	1.03834	1.03319	1.03691
ERR629709	0.902298	0.940657	0.878473	0.885787	0.897849	0.903411	0.848225	0.836703	0.837488	0.854713	0.851747	0.855807	0.936865	0.913911	0.970778	0.934549	0.936677	0.926503	0.760823	0.78546	0.754896	0.785911	0.754034	0	0.950092	0.951773	0.93349	0.927226	0.945214	0.927565	0.891716	0.884763	0.91333	0.917709	0.923236	0.915661	0.848225	0.836703	0.837488	0.854713	0.851747	0.855807	0.953406	0.888082	0.88924	0.878069	0.88487	0.891438	1.06773	1.08129	1.08147	1.07812	1.08137	1.08189	1.07497	1.08408	1.07945	1.07954	1.08057	1.0804	1.08307	1.07037	1.0813	1.08306	1.07184	1.07174	1.13192	1.13129	1.12594	1.13009	1.13582	1.13224	1.01881	1.04226	1.01581	1.04806	1.04512	1.01572	1.10992	1.11135	1.10046	1.10089	1.10144	1.11066	1.10906	1.10109	1.09243	1.10322	1.09266	1.09153	1.03853	1.04149	1.03558	1.03638	1.03177	1.03538
ERR617140	0.974305	1.00552	0.951279	0.958176	0.971204	0.976149	0.941134	0.932347	0.930835	0.948056	0.945684	0.948889	0.971199	0.950376	1.00247	0.969156	0.971038	0.962781	0.955747	0.973933	0.951854	0.974503	0.951574	0.950092	0	0.792424	0.774932	0.768392	0.778441	0.769385	0.897178	0.88904	0.913305	0.918091	0.926298	0.915312	0.941134	0.932347	0.930835	0.948056	0.945684	0.948889	1.01518	0.963095	0.963596	0.953822	0.958951	0.965971	1.10435	1.11656	1.11705	1.11395	1.11631	1.11713	1.1132	1.12224	1.11777	1.11766	1.11798	1.11801	1.12311	1.11122	1.12146	1.12364	1.11265	1.11187	1.16342	1.16327	1.15828	1.16241	1.1675	1.16393	1.08036	1.09923	1.0759	1.10335	1.10124	1.07568	1.13389	1.13571	1.12562	1.12574	1.12585	1.13501	1.14237	1.135	1.12794	1.13691	1.12831	1.12736	1.09141	1.09417	1.0878	1.08974	1.08508	1.09009
ERR617142	0.975352	1.00925	0.956579	0.962917	0.972381	0.977041	0.946889	0.936738	0.938621	0.95184	0.949897	0.952667	0.972211	0.952873	1.00227	0.969872	0.971653	0.962375	0.958417	0.974134	0.953565	0.97613	0.953457	0.951773	0.792424	0	0.778602	0.77768	0.788041	0.778251	0.896082	0.890406	0.913052	0.917475	0.91832	0.915022	0.946889	0.936738	0.938621	0.95184	0.949897	0.952667	1.00836	0.961701	0.962275	0.956117	0.960098	0.964907	1.11095	1.12263	1.12283	1.11991	1.12375	1.12314	1.11415	1.12257	1.11819	1.11842	1.11901	1.11904	1.12702	1.11786	1.12609	1.12817	1.11888	1.11819	1.16513	1.1645	1.15954	1.16314	1.16825	1.16542	1.07856	1.1003	1.07782	1.1047	1.10165	1.07744	1.14474	1.14649	1.13536	1.13556	1.13602	1.14525	1.14659	1.13898	1.13027	1.14066	1.13061	1.1298	1.09251	1.09514	1.0905	1.09175	1.08713	1.08989
ERR617137	0.960742	0.994561	0.936976	0.9446	0.957283	0.96227	0.927324	0.91703	0.917027	0.933799	0.931473	0.934767	0.957888	0.936412	0.991093	0.955921	0.958141	0.948621	0.940351	0.958598	0.935574	0.959629	0.93532	0.93349	0.774932	0.778602	0	0.752988	0.770198	0.754008	0.878639	0.870602	0.897104	0.901934	0.907993	0.899284	0.927324	0.91703	0.917027	0.933799	0.931473	0.934767	1.00064	0.946644	0.947227	0.937755	0.943271	0.949726	1.09425	1.10708	1.10731	1.10418	1.10708	1.10747	1.10048	1.1099	1.10528	1.10518	1.10578	1.10581	1.11261	1.10112	1.11135	1.11307	1.10266	1.1019	1.15386	1.15345	1.14827	1.15237	1.15751	1.15419	1.06502	1.0861	1.06227	1.09101	1.08824	1.06191	1.12919	1.13089	1.12002	1.11995	1.12018	1.1299	1.13332	1.12545	1.11709	1.12759	1.1177	1.11674	1.0781	1.08123	1.07523	1.07664	1.07206	1.07608
ERR617139	0.954224	0.987994	0.928238	0.936111	0.951051	0.956402	0.919407	0.909034	0.907542	0.927602	0.925293	0.928012	0.953556	0.930613	0.9881	0.95159	0.953995	0.944399	0.933497	0.953479	0.928828	0.954045	0.9285	0.927226	0.768392	0.77768	0.752988	0	0.763051	0.745019	0.874171	0.865242	0.893064	0.897542	0.907147	0.894855	0.919407	0.909034	0.907542	0.927602	0.925293	0.928012	0.999411	0.941237	0.941614	0.930943	0.9369	0.944629	1.08538	1.09869	1.0987	1.0957	1.0982	1.09907	1.09481	1.10462	1.09998	1.0996	1.10015	1.10016	1.10595	1.09344	1.10462	1.10609	1.09451	1.09401	1.14864	1.14833	1.14321	1.14767	1.15291	1.14896	1.06033	1.0807	1.05616	1.08531	1.0828	1.05575	1.11922	1.12139	1.11019	1.11041	1.11039	1.12043	1.12642	1.11842	1.11088	1.12079	1.11137	1.11043	1.07203	1.07524	1.06839	1.07024	1.06518	1.07075
ERR617141	0.969619	1.00149	0.946158	0.953342	0.966392	0.971635	0.937115	0.927319	0.926281	0.944197	0.941825	0.944722	0.967488	0.946166	0.999625	0.965322	0.96778	0.959077	0.951223	0.969643	0.947327	0.970072	0.946614	0.945214	0.778441	0.788041	0.770198	0.763051	0	0.764052	0.892236	0.884301	0.909327	0.913922	0.922706	0.911605	0.937115	0.927319	0.926281	0.944197	0.941825	0.944722	1.01171	0.958201	0.959048	0.948725	0.954261	0.961439	1.09935	1.11181	1.1122	1.10944	1.11188	1.11225	1.10822	1.11728	1.11276	1.11246	1.11312	1.1132	1.11869	1.10647	1.11703	1.11859	1.10782	1.10688	1.15925	1.15928	1.15411	1.15849	1.16359	1.1597	1.07546	1.09475	1.07115	1.09903	1.0966	1.07092	1.1301	1.13208	1.12141	1.12184	1.12177	1.13116	1.13803	1.13075	1.12325	1.13284	1.12386	1.12297	1.08643	1.08941	1.08299	1.08486	1.08018	1.08523
ERR617138	0.955125	0.989155	0.929478	0.937399	0.95163	0.957197	0.919639	0.909567	0.908063	0.927927	0.925211	0.928375	0.954141	0.930848	0.988478	0.951571	0.95376	0.944743	0.934048	0.953707	0.92943	0.954362	0.928916	0.927565	0.769385	0.778251	0.754008	0.745019	0.764052	0	0.873756	0.865057	0.893157	0.897886	0.906356	0.894971	0.919639	0.909567	0.908063	0.927927	0.925211	0.928375	0.99941	0.942323	0.942626	0.931615	0.937759	0.945231	1.08623	1.09968	1.09956	1.09662	1.09936	1.09996	1.09549	1.10521	1.10056	1.10027	1.10072	1.10076	1.10683	1.09422	1.10518	1.1071	1.09546	1.09494	1.14913	1.14886	1.14372	1.14811	1.15347	1.1496	1.0608	1.08113	1.05641	1.08581	1.08341	1.05644	1.12032	1.1222	1.11107	1.11144	1.11152	1.12138	1.12721	1.1192	1.11143	1.12144	1.11208	1.11097	1.07275	1.07586	1.069	1.07087	1.06596	1.07129
ERR608950	0.928821	0.964007	0.907349	0.91432	0.925283	0.930471	0.881497	0.871695	0.873237	0.885352	0.883084	0.885571	0.917241	0.895911	0.950042	0.915334	0.916706	0.907311	0.898258	0.914921	0.894201	0.916264	0.893435	0.891716	0.897178	0.896082	0.878639	0.874171	0.892236	0.873756	0	0.768767	0.80236	0.808059	0.809677	0.805047	0.881497	0.871695	0.873237	0.885352	0.883084	0.885571	0.960582	0.906026	0.905744	0.897446	0.902521	0.90873	1.10123	1.11356	1.11383	1.11119	1.11422	1.11399	1.10386	1.11252	1.10842	1.10849	1.109	1.1092	1.11739	1.10669	1.11626	1.11807	1.10776	1.1074	1.15395	1.15312	1.14826	1.15197	1.15725	1.15425	1.04785	1.07048	1.04615	1.07626	1.07295	1.04571	1.13784	1.13916	1.12862	1.12905	1.12968	1.13829	1.13618	1.12797	1.11958	1.13012	1.11996	1.1187	1.07218	1.07507	1.06973	1.07068	1.06627	1.06906
ERR608951	0.922097	0.958066	0.899301	0.906359	0.918727	0.924406	0.87355	0.863987	0.86502	0.878559	0.875877	0.878952	0.912156	0.889501	0.946395	0.909624	0.911954	0.901837	0.890865	0.908491	0.887432	0.910442	0.886804	0.884763	0.88904	0.890406	0.870602	0.865242	0.884301	0.865057	0.768767	0	0.796184	0.801992	0.80575	0.79893	0.87355	0.863987	0.86502	0.878559	0.875877	0.878952	0.957428	0.899476	0.899389	0.889789	0.895705	0.902165	1.09451	1.10774	1.10785	1.10488	1.10798	1.10806	1.09851	1.10726	1.10308	1.10293	1.10394	1.10368	1.11181	1.10017	1.11025	1.11191	1.10126	1.101	1.14927	1.14862	1.14373	1.14751	1.15299	1.14973	1.04306	1.06536	1.04034	1.07102	1.06808	1.04003	1.13184	1.13325	1.12279	1.12316	1.12361	1.13251	1.13089	1.12265	1.11434	1.12485	1.11477	1.11341	1.06673	1.06965	1.06401	1.06507	1.06046	1.06388
ERR608952	0.945486	0.978029	0.925906	0.932295	0.942447	0.947778	0.901058	0.893058	0.894051	0.904505	0.903153	0.905332	0.932892	0.913791	0.963399	0.930989	0.932502	0.924312	0.919174	0.933861	0.915663	0.935642	0.91511	0.91333	0.913305	0.913052	0.897104	0.893064	0.909327	0.893157	0.80236	0.796184	0	0.82271	0.831525	0.820197	0.901058	0.893058	0.894051	0.904505	0.903153	0.905332	0.977457	0.926652	0.92661	0.918954	0.923568	0.929106	1.11668	1.12839	1.12866	1.12627	1.12885	1.12881	1.12027	1.1283	1.1242	1.12423	1.1251	1.12505	1.13236	1.12206	1.13135	1.13288	1.12297	1.12267	1.16715	1.1665	1.1618	1.16554	1.17047	1.16731	1.06694	1.08755	1.06464	1.0928	1.09011	1.0644	1.14799	1.1494	1.13983	1.13988	1.14045	1.14844	1.15014	1.14255	1.13479	1.14446	1.13508	1.13381	1.08912	1.0919	1.08673	1.08797	1.08349	1.08654
ERR608954	0.949197	0.981508	0.930402	0.936724	0.946493	0.951398	0.905002	0.897296	0.898519	0.909006	0.907122	0.909615	0.936773	0.918046	0.966821	0.934806	0.936042	0.928428	0.923098	0.937661	0.920102	0.939603	0.91958	0.917709	0.918091	0.917475	0.901934	0.897542	0.913922	0.897886	0.808059	0.801992	0.82271	0	0.836609	0.825009	0.905002	0.897296	0.898519	0.909006	0.907122	0.909615	0.98064	0.931281	0.931132	0.923972	0.928449	0.933532	1.11873	1.1306	1.13057	1.12814	1.13088	1.1309	1.12219	1.13045	1.12631	1.12646	1.12706	1.12727	1.13397	1.12369	1.13306	1.13434	1.12481	1.12445	1.16891	1.16821	1.16377	1.16719	1.17205	1.16928	1.07049	1.09086	1.06865	1.09622	1.09345	1.06818	1.14925	1.1507	1.14133	1.14164	1.14192	1.14998	1.15168	1.14444	1.13677	1.14646	1.13703	1.13582	1.09242	1.09523	1.09003	1.09132	1.0865	1.08971
ERR608949	0.955351	0.989264	0.939756	0.945493	0.952132	0.957123	0.914361	0.90616	0.909396	0.916449	0.914846	0.916931	0.940747	0.922817	0.9692	0.938587	0.939889	0.93108	0.929443	0.94306	0.925789	0.944583	0.92556	0.923236	0.926298	0.91832	0.907993	0.907147	0.922706	0.906356	0.809677	0.80575	0.831525	0.836609	0	0.833858	0.914361	0.90616	0.909396	0.916449	0.914846	0.916931	0.977892	0.934348	0.933979	0.929416	0.933062	0.936519	1.12564	1.13665	1.13696	1.1347	1.13838	1.13745	1.1254	1.13276	1.12911	1.12955	1.1305	1.13058	1.1395	1.13076	1.13863	1.14049	1.13169	1.13136	1.17218	1.17128	1.1668	1.16991	1.17465	1.17234	1.06934	1.09135	1.06934	1.09698	1.0936	1.069	1.16084	1.16199	1.15219	1.15255	1.15317	1.16116	1.15641	1.14872	1.14043	1.15034	1.14044	1.13984	1.09397	1.09623	1.09255	1.09277	1.08918	1.09023
ERR608953	0.947704	0.97985	0.928307	0.934429	0.944866	0.949915	0.903191	0.895228	0.896101	0.906928	0.905187	0.907488	0.934514	0.915905	0.965008	0.932809	0.934341	0.926365	0.921106	0.936052	0.917908	0.937601	0.917235	0.915661	0.915312	0.915022	0.899284	0.894855	0.911605	0.894971	0.805047	0.79893	0.820197	0.825009	0.833858	0	0.903191	0.895228	0.896101	0.906928	0.905187	0.907488	0.978818	0.928636	0.928868	0.921089	0.925539	0.931278	1.11744	1.12941	1.1294	1.12709	1.12962	1.12955	1.12107	1.12901	1.12519	1.12503	1.12588	1.12577	1.13274	1.12237	1.13147	1.13314	1.1235	1.12319	1.16772	1.1671	1.16264	1.1663	1.1712	1.16802	1.06836	1.08905	1.0663	1.09408	1.09148	1.06589	1.14857	1.14977	1.14025	1.1408	1.14101	1.14895	1.15072	1.14305	1.13549	1.14525	1.13574	1.1346	1.09061	1.09349	1.08826	1.08926	1.0849	1.08787
ERR636667	0.925271	0.958136	0.901286	0.908079	0.921527	0.926976	0	0.768569	0.767941	0.788917	0.786095	0.790256	0.934108	0.912999	0.965971	0.931962	0.933632	0.925294	0.854024	0.873031	0.849827	0.873636	0.84956	0.848225	0.941134	0.946889	0.927324	0.919407	0.937115	0.919639	0.881497	0.87355	0.901058	0.905002	0.914361	0.903191	0	0.768569	0.767941	0.788917	0.786095	0.790256	0.950713	0.889538	0.890765	0.879407	0.885432	0.892162	1.08121	1.09519	1.09536	1.0924	1.09439	1.09568	1.09211	1.10132	1.09725	1.09657	1.09721	1.09728	1.09681	1.08335	1.09497	1.09624	1.08438	1.08456	1.14456	1.14418	1.13948	1.14361	1.14897	1.14509	1.03857	1.05998	1.03429	1.06571	1.06299	1.03415	1.11615	1.11757	1.10755	1.10828	1.10852	1.11688	1.12206	1.11422	1.10655	1.11687	1.10703	1.10574	1.05692	1.06014	1.05372	1.05504	1.05	1.05521
ERR636669	0.915901	0.950846	0.890812	0.898171	0.911836	0.917271	0.768569	0	0.756005	0.778906	0.776401	0.78064	0.927619	0.9049	0.96104	0.925257	0.927216	0.917696	0.843553	0.86417	0.839008	0.864624	0.838592	0.836703	0.932347	0.936738	0.91703	0.909034	0.927319	0.909567	0.871695	0.863987	0.893058	0.897296	0.90616	0.895228	0.768569	0	0.756005	0.778906	0.776401	0.78064	0.943451	0.880082	0.88129	0.86944	0.876077	0.882987	1.07105	1.08544	1.0853	1.0825	1.0847	1.08562	1.08088	1.09041	1.08593	1.08545	1.08643	1.08622	1.0868	1.07322	1.085	1.08677	1.07463	1.07473	1.13571	1.13515	1.13001	1.13449	1.14009	1.13612	1.02907	1.05165	1.02515	1.05747	1.05451	1.02521	1.10937	1.11086	1.09999	1.10062	1.10103	1.11014	1.11299	1.10461	1.0967	1.10727	1.09703	1.09556	1.04771	1.05095	1.04413	1.04576	1.04056	1.0454
ERR636668	0.916257	0.950698	0.889734	0.897369	0.91259	0.918297	0.767941	0.756005	0	0.779073	0.775992	0.780166	0.928259	0.905433	0.962376	0.925987	0.927897	0.919316	0.843984	0.865301	0.839667	0.865511	0.839079	0.837488	0.930835	0.938621	0.917027	0.907542	0.926281	0.908063	0.873237	0.86502	0.894051	0.898519	0.909396	0.896101	0.767941	0.756005	0	0.779073	0.775992	0.780166	0.947109	0.881304	0.882885	0.869789	0.876736	0.884659	1.0695	1.084	1.084	1.08094	1.08308	1.08443	1.08125	1.0909	1.08634	1.08574	1.08661	1.08645	1.086	1.07151	1.0839	1.08546	1.07296	1.07306	1.1357	1.13512	1.13	1.13457	1.14032	1.1361	1.0307	1.05213	1.0252	1.05784	1.05537	1.02534	1.10596	1.10767	1.09744	1.09783	1.09812	1.10709	1.11204	1.10393	1.09628	1.1069	1.0969	1.09526	1.0478	1.05132	1.04401	1.04591	1.04034	1.04641
ERR636672	0.930331	0.962926	0.908208	0.914975	0.926462	0.931695	0.788917	0.778906	0.779073	0	0.790573	0.794381	0.937195	0.9176	0.968016	0.935016	0.936752	0.92858	0.860505	0.87832	0.856491	0.878778	0.856057	0.854713	0.948056	0.95184	0.933799	0.927602	0.944197	0.927927	0.885352	0.878559	0.904505	0.909006	0.916449	0.906928	0.788917	0.778906	0.779073	0	0.790573	0.794381	0.952093	0.894373	0.895382	0.884671	0.890414	0.896748	1.08777	1.10103	1.10145	1.09856	1.10053	1.10155	1.09651	1.10553	1.10117	1.10088	1.10172	1.10173	1.10173	1.08915	1.10006	1.10192	1.09035	1.09031	1.1487	1.14793	1.1431	1.14713	1.15247	1.14889	1.04203	1.06359	1.03854	1.06936	1.06651	1.03848	1.12354	1.12477	1.11488	1.11536	1.11586	1.12432	1.127	1.11934	1.11154	1.12174	1.11176	1.11056	1.06202	1.06512	1.05866	1.06031	1.05542	1.05978
ERR636670	0.92869	0.961741	0.906208	0.913167	0.924839	0.930342	0.786095	0.776401	0.775992	0.790573	0	0.791782	0.935521	0.915448	0.966866	0.933633	0.935075	0.92691	0.857368	0.875675	0.853506	0.876147	0.852968	0.851747	0.945684	0.949897	0.931473	0.925293	0.941825	0.925211	0.883084	0.875877	0.903153	0.907122	0.914846	0.905187	0.786095	0.776401	0.775992	0.790573	0	0.791782	0.950132	0.891617	0.892754	0.882043	0.887476	0.894021	1.08615	1.09976	1.09963	1.097	1.09913	1.10029	1.09551	1.10436	1.10023	1.09995	1.10048	1.10051	1.10054	1.08767	1.09881	1.10037	1.08908	1.08911	1.14768	1.14707	1.14242	1.14648	1.15159	1.14802	1.04033	1.0621	1.03682	1.06755	1.06499	1.03663	1.12246	1.12379	1.11371	1.11424	1.11459	1.123	1.126	1.11785	1.11041	1.12054	1.11073	1.10939	1.05977	1.06284	1.05679	1.05814	1.05321	1.05762
ERR636671	0.931309	0.963608	0.909507	0.915865	0.927757	0.932857	0.790256	0.78064	0.780166	0.794381	0.791782	0	0.937772	0.918132	0.96826	0.935667	0.937467	0.929247	0.861141	0.879297	0.857618	0.879695	0.856904	0.855807	0.948889	0.952667	0.934767	0.928012	0.944722	0.928375	0.885571	0.878952	0.905332	0.909615	0.916931	0.907488	0.790256	0.78064	0.780166	0.794381	0.791782	0	0.952722	0.895123	0.89624	0.885833	0.891294	0.897663	1.08808	1.10161	1.1014	1.09871	1.101	1.10194	1.09719	1.10593	1.10203	1.10134	1.1022	1.10216	1.10211	1.08976	1.10028	1.10214	1.09106	1.09108	1.14897	1.14838	1.14345	1.14782	1.15317	1.14933	1.04215	1.06369	1.03855	1.06921	1.06633	1.03838	1.12375	1.1252	1.11518	1.11576	1.11618	1.12445	1.12757	1.11963	1.11221	1.12218	1.11254	1.11134	1.06188	1.06497	1.05876	1.06006	1.05543	1.05988
ERR609045	0.985971	1.01403	0.974718	0.978809	0.983759	0.98774	0.950713	0.943451	0.947109	0.952093	0.950132	0.952722	0.986325	0.973253	1.00611	0.98406	0.985824	0.978566	0.959051	0.970498	0.955501	0.971649	0.955146	0.953406	1.01518	1.00836	1.00064	0.999411	1.01171	0.99941	0.960582	0.957428	0.977457	0.98064	0.977892	0.978818	0.950713	0.943451	0.947109	0.952093	0.950132	0.952722	0	0.867992	0.868802	0.862708	0.867761	0.867015	1.1269	1.13774	1.13749	1.13547	1.13911	1.13838	1.11558	1.12166	1.11847	1.11899	1.11998	1.12019	1.13519	1.12696	1.13415	1.13646	1.12779	1.12752	1.16214	1.16106	1.15718	1.15982	1.16405	1.16201	1.0795	1.10046	1.07974	1.10604	1.10224	1.07971	1.17712	1.17854	1.16872	1.16915	1.1698	1.17775	1.14178	1.13523	1.12816	1.13682	1.12819	1.12715	1.09723	1.0994	1.09572	1.09624	1.09303	1.09359
ERR609050	0.932786	0.965102	0.911501	0.917208	0.929054	0.934354	0.889538	0.880082	0.881304	0.894373	0.891617	0.895123	0.939174	0.920237	0.966974	0.936806	0.938566	0.929699	0.894825	0.912319	0.890008	0.913506	0.889882	0.888082	0.963095	0.961701	0.946644	0.941237	0.958201	0.942323	0.906026	0.899476	0.926652	0.931281	0.934348	0.928636	0.889538	0.880082	0.881304	0.894373	0.891617	0.895123	0.867992	0	0.79816	0.791364	0.794993	0.804702	1.07692	1.09035	1.09031	1.08703	1.09054	1.09077	1.06986	1.07801	1.07369	1.07387	1.07483	1.07494	1.08985	1.0781	1.0883	1.09027	1.07953	1.07909	1.12455	1.1238	1.11906	1.1225	1.12797	1.12452	1.02827	1.05199	1.0264	1.0581	1.05455	1.02633	1.13275	1.13456	1.12348	1.12404	1.12466	1.13389	1.10091	1.09328	1.08489	1.09528	1.08514	1.08372	1.04738	1.05009	1.04422	1.04541	1.04044	1.04387
ERR609049	0.931754	0.964048	0.911414	0.917051	0.928764	0.933885	0.890765	0.88129	0.882885	0.895382	0.892754	0.89624	0.937616	0.919187	0.965345	0.935585	0.937107	0.928761	0.896099	0.913223	0.891669	0.914337	0.891047	0.88924	0.963596	0.962275	0.947227	0.941614	0.959048	0.942626	0.905744	0.899389	0.92661	0.931132	0.933979	0.928868	0.890765	0.88129	0.882885	0.895382	0.892754	0.89624	0.868802	0.79816	0	0.792281	0.796095	0.805698	1.07834	1.09178	1.09185	1.08861	1.09226	1.09241	1.07014	1.07829	1.0741	1.07424	1.07516	1.07518	1.09153	1.07985	1.08976	1.09149	1.08109	1.0807	1.1246	1.12398	1.11904	1.12252	1.12785	1.12473	1.02914	1.05285	1.02771	1.05896	1.05538	1.02764	1.1342	1.13625	1.12514	1.12575	1.12618	1.13539	1.10082	1.09342	1.08496	1.0952	1.085	1.08372	1.04817	1.0512	1.04548	1.04656	1.04148	1.04465
ERR609047	0.923781	0.955907	0.900976	0.907044	0.92049	0.925914	0.879407	0.86944	0.869789	0.884671	0.882043	0.885833	0.930467	0.910274	0.959308	0.928113	0.930005	0.921129	0.884668	0.903889	0.880438	0.904561	0.879308	0.878069	0.953822	0.956117	0.937755	0.930943	0.948725	0.931615	0.897446	0.889789	0.918954	0.923972	0.929416	0.921089	0.879407	0.86944	0.869789	0.884671	0.882043	0.885833	0.862708	0.791364	0.792281	0	0.786583	0.791748	1.06791	1.08191	1.08205	1.07873	1.08183	1.08245	1.06275	1.07107	1.06675	1.06689	1.06751	1.06748	1.08254	1.06958	1.08069	1.08235	1.07091	1.07051	1.11798	1.11759	1.11267	1.1165	1.12175	1.11829	1.02207	1.04493	1.01873	1.05118	1.04808	1.0188	1.12393	1.12595	1.11485	1.11565	1.11602	1.1255	1.09299	1.08514	1.07713	1.08745	1.07758	1.07645	1.03976	1.04265	1.03655	1.03794	1.03274	1.03677
ERR609048	0.928616	0.960963	0.907348	0.913553	0.925567	0.930786	0.885432	0.876077	0.876736	0.890414	0.887476	0.891294	0.93412	0.915615	0.962726	0.93222	0.934202	0.925776	0.891206	0.909031	0.88663	0.909701	0.886306	0.88487	0.958951	0.960098	0.943271	0.9369	0.954261	0.937759	0.902521	0.895705	0.923568	0.928449	0.933062	0.925539	0.885432	0.876077	0.876736	0.890414	0.887476	0.891294	0.867761	0.794993	0.796095	0.786583	0	0.80166	1.07504	1.08869	1.08854	1.08547	1.08844	1.089	1.06888	1.07711	1.07297	1.07328	1.07372	1.07383	1.08884	1.07627	1.08691	1.08878	1.07768	1.07715	1.12323	1.12281	1.1181	1.12152	1.12688	1.12368	1.02807	1.05112	1.02544	1.0569	1.05416	1.0253	1.12951	1.13147	1.12049	1.12109	1.12158	1.13064	1.09861	1.09104	1.08328	1.09299	1.08365	1.08224	1.04596	1.04909	1.04319	1.04468	1.03948	1.04317
ERR609046	0.934763	0.966171	0.914733	0.920441	0.931582	0.936665	0.892162	0.882987	0.884659	0.896748	0.894021	0.897663	0.940048	0.9218	0.967082	0.93787	0.939814	0.930968	0.898045	0.915088	0.893647	0.915619	0.892821	0.891438	0.965971	0.964907	0.949726	0.944629	0.961439	0.945231	0.90873	0.902165	0.929106	0.933532	0.936519	0.931278	0.892162	0.882987	0.884659	0.896748	0.894021	0.897663	0.867015	0.804702	0.805698	0.791748	0.80166	0	1.0805	1.09371	1.0937	1.09073	1.09431	1.09419	1.0733	1.08127	1.07732	1.07744	1.07817	1.07826	1.0933	1.08191	1.09183	1.09364	1.08317	1.08282	1.12719	1.12646	1.12192	1.12518	1.13044	1.12736	1.0325	1.05541	1.03063	1.06165	1.05839	1.03057	1.1359	1.13761	1.12684	1.12765	1.12791	1.13684	1.1031	1.09588	1.08772	1.09759	1.08806	1.08667	1.05119	1.05382	1.04823	1.04932	1.04457	1.04776
