	ERR612548	ERR612552	ERR612547	ERR612549	ERR612551	ERR612550	ERR617184	ERR617183	ERR617182	ERR617181	ERR617179	ERR617180	ERR613176	ERR613175	ERR613177	ERR613174	ERR613178	ERR613173	ERR636926	ERR636927	ERR636925	ERR636930	ERR636928	ERR636929	ERR613176	ERR613175	ERR613177	ERR613174	ERR613178	ERR613173	ERR613986	ERR613985	ERR613989	ERR613984	ERR613987	ERR613988	ERR607365	ERR607363	ERR607366	ERR607364	ERR607362	ERR607361	ERR613666	ERR613669	ERR613667	ERR613668	ERR613670	ERR613665	ERR618690	ERR618687	ERR618689	ERR618688	ERR618692	ERR618691	ERR607462	ERR607460	ERR607461	ERR607459	ERR607457	ERR607458	ERR630080	ERR630081	ERR630078	ERR630082	ERR630079	ERR630083	ERR613264	ERR613267	ERR613268	ERR613263	ERR613266	ERR613265	ERR638283	ERR638279	ERR638284	ERR638280	ERR638281	ERR638282	ERR630174	ERR630175	ERR630173	ERR630172	ERR630170	ERR630171	ERR616703	ERR616700	ERR616702	ERR616701	ERR616704	ERR616705	ERR617320	ERR617323	ERR617319	ERR617324	ERR617321	ERR617322
ERR612548	0	0.264523	0.295831	0.281241	0.264622	0.265218	0.450621	0.41819	0.419396	0.433313	0.440331	0.432802	0.395022	0.376063	0.388184	0.378385	0.386507	0.380971	0.372633	0.375229	0.371693	0.380484	0.379951	0.37975	0.395022	0.376063	0.388184	0.378385	0.386507	0.380971	0.422711	0.409187	0.407875	0.412047	0.408085	0.407984	0.376652	0.391991	0.376695	0.376852	0.388374	0.38429	0.356697	0.344732	0.35882	0.344975	0.380795	0.349483	0.555065	0.554135	0.557598	0.558274	0.553515	0.553883	0.517515	0.519648	0.519736	0.531614	0.531737	0.528811	0.463645	0.48197	0.465116	0.476407	0.463318	0.476286	0.509884	0.516288	0.517067	0.509833	0.523333	0.508794	0.521193	0.520293	0.524264	0.519761	0.520973	0.521513	0.531202	0.532392	0.531436	0.529331	0.532451	0.529406	0.526234	0.540568	0.548307	0.538685	0.526019	0.52736	0.524808	0.518369	0.528406	0.51837	0.524579	0.517888
ERR612552	0.264523	0	0.280685	0.270531	0.258789	0.259505	0.459833	0.420489	0.421919	0.439096	0.448615	0.439008	0.407002	0.377065	0.398861	0.377311	0.396935	0.37628	0.370802	0.374573	0.374699	0.377285	0.376509	0.376262	0.407002	0.377065	0.398861	0.377311	0.396935	0.37628	0.424554	0.404508	0.402811	0.404739	0.403431	0.403157	0.374864	0.385636	0.374376	0.375896	0.381178	0.380272	0.360358	0.351047	0.364402	0.351427	0.394255	0.351427	0.556724	0.555503	0.559698	0.561012	0.55456	0.555458	0.520807	0.523271	0.52323	0.537651	0.537811	0.534273	0.462394	0.488202	0.46269	0.478658	0.463877	0.478053	0.509527	0.52273	0.523486	0.507531	0.530947	0.50962	0.518428	0.523843	0.523137	0.522758	0.524834	0.518937	0.528595	0.531888	0.529021	0.53007	0.529218	0.529293	0.52757	0.545606	0.553939	0.542972	0.527278	0.528601	0.52888	0.519952	0.533429	0.519696	0.528485	0.519282
ERR612547	0.295831	0.280685	0	0.256496	0.276851	0.278734	0.494624	0.442004	0.44425	0.470675	0.48324	0.470489	0.445666	0.38644	0.435015	0.378782	0.433627	0.369833	0.376003	0.381131	0.39392	0.374767	0.373375	0.372525	0.445666	0.38644	0.435015	0.378782	0.433627	0.369833	0.431257	0.393799	0.392913	0.385961	0.394085	0.393261	0.380796	0.370505	0.379549	0.384252	0.365333	0.375234	0.376979	0.380667	0.386771	0.380413	0.438925	0.365262	0.568823	0.56615	0.573102	0.574916	0.565068	0.567121	0.538424	0.541408	0.541491	0.562041	0.561883	0.557289	0.461398	0.507761	0.457632	0.485589	0.469038	0.482955	0.510741	0.546958	0.547965	0.504012	0.557408	0.515844	0.512659	0.538583	0.52188	0.535581	0.540796	0.513348	0.524501	0.532649	0.52495	0.536977	0.522394	0.533202	0.53978	0.568186	0.579081	0.564335	0.539608	0.540654	0.548818	0.532001	0.552616	0.531316	0.547614	0.53115
ERR612549	0.281241	0.270531	0.256496	0	0.266713	0.268401	0.479445	0.435224	0.437845	0.461184	0.47088	0.460858	0.425641	0.374229	0.415915	0.369367	0.414313	0.364755	0.368225	0.37112	0.381231	0.367551	0.366413	0.365957	0.425641	0.374229	0.415915	0.369367	0.414313	0.364755	0.419209	0.390213	0.389641	0.386128	0.390873	0.390157	0.375264	0.368053	0.374232	0.376789	0.365403	0.370202	0.359595	0.362988	0.36841	0.362549	0.417203	0.350276	0.563433	0.560877	0.566978	0.568141	0.560487	0.561939	0.529464	0.532331	0.532472	0.550845	0.550296	0.546343	0.453588	0.491469	0.450971	0.472148	0.458239	0.470352	0.503638	0.532662	0.533711	0.499771	0.54239	0.506874	0.50875	0.528086	0.514634	0.525747	0.530531	0.509207	0.520965	0.526098	0.521038	0.530231	0.51961	0.526814	0.532438	0.558969	0.570017	0.555897	0.532105	0.533317	0.538859	0.524549	0.541278	0.523901	0.537682	0.523663
ERR612551	0.264622	0.258789	0.276851	0.266713	0	0.25852	0.461322	0.422335	0.423922	0.441982	0.451054	0.441528	0.407186	0.375043	0.398955	0.374962	0.397363	0.374111	0.369331	0.372736	0.373937	0.37471	0.373962	0.373475	0.407186	0.375043	0.398955	0.374962	0.397363	0.374111	0.422233	0.401737	0.400225	0.401664	0.400964	0.400538	0.373728	0.381989	0.373284	0.374585	0.377977	0.377597	0.357739	0.350739	0.362829	0.350775	0.39517	0.34919	0.557636	0.55635	0.560943	0.561996	0.555392	0.556299	0.521563	0.523999	0.523993	0.538946	0.538891	0.535449	0.460344	0.487045	0.460524	0.476454	0.462121	0.475715	0.507989	0.522815	0.523645	0.506007	0.530984	0.508154	0.516588	0.523506	0.521096	0.52224	0.524674	0.517013	0.527201	0.530576	0.527618	0.529675	0.527642	0.528466	0.527956	0.547052	0.555799	0.544371	0.527695	0.52886	0.529531	0.52004	0.533468	0.519625	0.529035	0.519292
ERR612550	0.265218	0.259505	0.278734	0.268401	0.25852	0	0.461682	0.42205	0.423651	0.441229	0.45054	0.440902	0.408623	0.377162	0.400246	0.377222	0.398638	0.376196	0.370972	0.374568	0.375119	0.377082	0.376181	0.375877	0.408623	0.377162	0.400246	0.377222	0.398638	0.376196	0.42471	0.404236	0.402591	0.404102	0.403244	0.402943	0.374997	0.384327	0.374314	0.375756	0.380038	0.379562	0.360615	0.352403	0.365301	0.352705	0.396579	0.351706	0.557585	0.55622	0.56077	0.561929	0.55542	0.556196	0.521848	0.524318	0.524344	0.539127	0.53916	0.535638	0.461899	0.488628	0.4619	0.478343	0.463609	0.477664	0.509601	0.524125	0.524879	0.507424	0.532442	0.50992	0.518018	0.52449	0.522836	0.523159	0.525521	0.518481	0.528074	0.531734	0.528546	0.530276	0.528659	0.529337	0.528304	0.54714	0.555703	0.544529	0.52802	0.529285	0.530095	0.520705	0.534291	0.520311	0.529609	0.519957
ERR617184	0.450621	0.459833	0.494624	0.479445	0.461322	0.461682	0	0.326426	0.327005	0.316956	0.30501	0.315424	0.414681	0.436342	0.41444	0.444525	0.413176	0.452073	0.447121	0.444434	0.430646	0.454829	0.455132	0.455585	0.414681	0.436342	0.41444	0.444525	0.413176	0.452073	0.460539	0.457976	0.458425	0.463333	0.458803	0.458358	0.46192	0.486983	0.462017	0.456194	0.487642	0.474622	0.471949	0.461041	0.47047	0.461152	0.460765	0.470186	0.475158	0.478411	0.473293	0.472512	0.478237	0.475755	0.474989	0.474593	0.475318	0.471101	0.47011	0.470731	0.484793	0.470259	0.489434	0.483372	0.476932	0.485435	0.542382	0.524588	0.524372	0.546543	0.525566	0.538047	0.532428	0.497648	0.524863	0.500557	0.495834	0.531794	0.524094	0.515371	0.524321	0.500377	0.530025	0.506625	0.483986	0.47443	0.476432	0.476541	0.483881	0.484448	0.499652	0.509844	0.50148	0.510505	0.500929	0.509419
ERR617183	0.41819	0.420489	0.442004	0.435224	0.422335	0.42205	0.326426	0	0.279532	0.293109	0.307061	0.293422	0.422065	0.408829	0.415561	0.410327	0.413691	0.408223	0.408714	0.412331	0.40531	0.417895	0.417063	0.417202	0.422065	0.408829	0.415561	0.410327	0.413691	0.408223	0.442557	0.412956	0.412079	0.410637	0.412918	0.411861	0.423984	0.446493	0.423362	0.423445	0.441689	0.437503	0.4605	0.448016	0.462609	0.448102	0.471251	0.452086	0.451797	0.453439	0.453635	0.455392	0.451296	0.451852	0.457153	0.458174	0.458333	0.465662	0.467286	0.464618	0.455086	0.475834	0.456618	0.474387	0.456174	0.474335	0.518124	0.522652	0.522297	0.515738	0.528068	0.518784	0.499538	0.484415	0.503294	0.484683	0.481919	0.499577	0.490165	0.490911	0.491661	0.475032	0.494286	0.481032	0.461753	0.462042	0.465573	0.461158	0.461895	0.462046	0.486207	0.486652	0.494997	0.486844	0.487629	0.486148
ERR617182	0.419396	0.421919	0.44425	0.437845	0.423922	0.423651	0.327005	0.279532	0	0.29269	0.306738	0.293037	0.423106	0.411401	0.417054	0.41334	0.415164	0.411228	0.410731	0.41481	0.407223	0.421008	0.419872	0.419937	0.423106	0.411401	0.417054	0.41334	0.415164	0.411228	0.445384	0.415921	0.414988	0.413727	0.415688	0.414816	0.425889	0.449741	0.425378	0.425438	0.444596	0.440274	0.462819	0.44931	0.464488	0.449358	0.471964	0.454063	0.453302	0.455084	0.454951	0.456836	0.45269	0.453309	0.458817	0.459701	0.45985	0.46673	0.468537	0.465975	0.457815	0.478089	0.459583	0.477302	0.45911	0.477432	0.520462	0.524077	0.523696	0.517929	0.529414	0.521009	0.502291	0.486405	0.506386	0.486655	0.483869	0.502479	0.49324	0.493995	0.494615	0.47745	0.497177	0.483975	0.463232	0.462555	0.46578	0.461807	0.463666	0.463862	0.487131	0.488257	0.496369	0.488305	0.488703	0.487478
ERR617181	0.433313	0.439096	0.470675	0.461184	0.441982	0.441229	0.316956	0.293109	0.29269	0	0.295958	0.288397	0.426561	0.431091	0.422197	0.436238	0.42042	0.437857	0.431972	0.434744	0.421147	0.444675	0.443917	0.44428	0.426561	0.431091	0.422197	0.436238	0.42042	0.437857	0.463148	0.444012	0.442941	0.445378	0.443303	0.442808	0.445201	0.476008	0.44488	0.443427	0.471311	0.463335	0.477091	0.459362	0.476671	0.459721	0.472657	0.46996	0.461082	0.464431	0.461984	0.462918	0.461914	0.461683	0.466672	0.467037	0.467103	0.468324	0.470549	0.468917	0.478695	0.48708	0.482097	0.493638	0.47671	0.494585	0.537446	0.530269	0.529699	0.537216	0.534103	0.535611	0.523314	0.49626	0.524531	0.497674	0.492643	0.523334	0.51345	0.511685	0.514918	0.492027	0.518606	0.499962	0.474171	0.464936	0.465212	0.465534	0.474625	0.474725	0.493212	0.499583	0.502748	0.500077	0.494928	0.499134
ERR617179	0.440331	0.448615	0.48324	0.47088	0.451054	0.45054	0.30501	0.307061	0.306738	0.295958	0	0.295864	0.417914	0.433201	0.415701	0.439989	0.414065	0.444917	0.438892	0.439501	0.424325	0.450307	0.450149	0.450427	0.417914	0.433201	0.415701	0.439989	0.414065	0.444917	0.461865	0.451691	0.451201	0.455464	0.45153	0.45099	0.453226	0.483059	0.453215	0.449882	0.480583	0.469923	0.474029	0.458572	0.472614	0.458782	0.464436	0.469282	0.465831	0.469426	0.465425	0.46535	0.468442	0.466761	0.468487	0.468395	0.468908	0.466668	0.467893	0.467233	0.480848	0.477586	0.485189	0.488338	0.476029	0.489993	0.539705	0.525709	0.525345	0.541809	0.52793	0.53648	0.528327	0.495675	0.525715	0.4978	0.492546	0.528077	0.518781	0.513457	0.519699	0.494731	0.524337	0.502582	0.478457	0.46691	0.467341	0.468218	0.478637	0.478928	0.494154	0.503089	0.49982	0.503742	0.495822	0.502718
ERR617180	0.432802	0.439008	0.470489	0.460858	0.441528	0.440902	0.315424	0.293422	0.293037	0.288397	0.295864	0	0.422718	0.428878	0.418924	0.434209	0.417063	0.435943	0.430594	0.433157	0.419278	0.442428	0.442052	0.442255	0.422718	0.428878	0.418924	0.434209	0.417063	0.435943	0.46058	0.442363	0.44145	0.443911	0.441698	0.441287	0.443821	0.474163	0.443697	0.442422	0.469907	0.461653	0.474882	0.457725	0.474103	0.458044	0.470347	0.467895	0.460106	0.463615	0.460678	0.461534	0.46116	0.460781	0.465706	0.465572	0.465948	0.467192	0.469059	0.467665	0.476992	0.483612	0.480509	0.490536	0.474898	0.491433	0.535637	0.52756	0.527082	0.535576	0.530945	0.533596	0.521629	0.494315	0.522696	0.49579	0.490857	0.521663	0.512008	0.509678	0.513252	0.490114	0.517079	0.498268	0.47351	0.463819	0.464397	0.464281	0.474097	0.473904	0.491769	0.498292	0.500649	0.498788	0.49381	0.497817
ERR613176	0.395022	0.407002	0.445666	0.425641	0.407186	0.408623	0.414681	0.422065	0.423106	0.426561	0.417914	0.422718	0	0.300445	0.260701	0.316915	0.260885	0.335557	0.370692	0.365206	0.350222	0.379582	0.380697	0.381572	0	0.300445	0.260701	0.316915	0.260885	0.335557	0.350649	0.382856	0.382159	0.402234	0.381108	0.381981	0.403301	0.427931	0.404696	0.398297	0.431411	0.410967	0.349608	0.33917	0.342704	0.338818	0.336512	0.352647	0.520781	0.522007	0.519517	0.518171	0.523075	0.520672	0.44976	0.450297	0.4517	0.451413	0.449002	0.449257	0.411631	0.379211	0.420596	0.39555	0.397803	0.399343	0.445529	0.410047	0.411361	0.45789	0.410343	0.435395	0.468731	0.432045	0.458302	0.434217	0.432478	0.468524	0.487541	0.476016	0.486617	0.470559	0.493095	0.473199	0.472937	0.473941	0.48044	0.474756	0.471776	0.473304	0.438962	0.445871	0.434071	0.446367	0.438901	0.445363
ERR613175	0.376063	0.377065	0.38644	0.374229	0.375043	0.377162	0.436342	0.408829	0.411401	0.431091	0.433201	0.428878	0.300445	0	0.28801	0.247809	0.288676	0.255265	0.325055	0.322186	0.328101	0.325259	0.325656	0.32573	0.300445	0	0.28801	0.247809	0.288676	0.255265	0.307391	0.311045	0.310821	0.322963	0.310485	0.310594	0.369449	0.369819	0.369436	0.367771	0.372395	0.36354	0.326415	0.334203	0.330561	0.332888	0.375167	0.322904	0.505386	0.50379	0.506564	0.506497	0.505094	0.50463	0.440229	0.442237	0.443148	0.457942	0.455807	0.453234	0.361368	0.379116	0.364232	0.364723	0.358111	0.364817	0.403323	0.41613	0.418211	0.408774	0.425087	0.401739	0.417607	0.417222	0.414491	0.415717	0.419883	0.41776	0.442693	0.439389	0.441805	0.442765	0.444419	0.440734	0.453118	0.475574	0.487066	0.473298	0.45219	0.453631	0.435282	0.425513	0.43204	0.425021	0.433474	0.424289
ERR613177	0.388184	0.398861	0.435015	0.415915	0.398955	0.400246	0.41444	0.415561	0.417054	0.422197	0.415701	0.418924	0.260701	0.28801	0	0.303339	0.257749	0.320904	0.360431	0.355283	0.342265	0.368919	0.370219	0.370875	0.260701	0.28801	0	0.303339	0.257749	0.320904	0.341968	0.371003	0.370082	0.389572	0.368983	0.369925	0.394985	0.417652	0.395773	0.390388	0.420781	0.401645	0.342676	0.334236	0.337475	0.333558	0.339166	0.344551	0.516088	0.516759	0.515039	0.513861	0.517952	0.515829	0.444762	0.445293	0.446447	0.448872	0.446594	0.446266	0.401327	0.37624	0.409667	0.388751	0.388908	0.391788	0.436993	0.407622	0.4091	0.448578	0.410176	0.427905	0.45972	0.427136	0.450268	0.428925	0.427774	0.459555	0.478902	0.468644	0.477936	0.46373	0.48393	0.46586	0.467119	0.47129	0.478557	0.471523	0.465937	0.467672	0.43487	0.439789	0.430872	0.439932	0.434746	0.439217
ERR613174	0.378385	0.377311	0.378782	0.369367	0.374962	0.377222	0.444525	0.410327	0.41334	0.436238	0.439989	0.434209	0.316915	0.247809	0.303339	0	0.303625	0.247165	0.32346	0.32166	0.332389	0.32085	0.321016	0.321203	0.316915	0.247809	0.303339	0	0.303625	0.247165	0.307683	0.302112	0.302203	0.310895	0.302067	0.301971	0.368576	0.362434	0.368209	0.368054	0.364605	0.359286	0.330868	0.342033	0.336709	0.340526	0.388394	0.325598	0.505514	0.503452	0.507347	0.507384	0.504744	0.504726	0.444145	0.446311	0.447313	0.46457	0.462541	0.459478	0.359313	0.387694	0.36039	0.367407	0.359218	0.366211	0.401425	0.424866	0.426835	0.404936	0.434943	0.402731	0.413225	0.421474	0.412476	0.419446	0.424807	0.413351	0.438843	0.437457	0.437843	0.442788	0.4397	0.439905	0.454701	0.480801	0.493083	0.477866	0.453828	0.455457	0.44148	0.428526	0.438357	0.427605	0.439289	0.427102
ERR613178	0.386507	0.396935	0.433627	0.414313	0.397363	0.398638	0.413176	0.413691	0.415164	0.42042	0.414065	0.417063	0.260885	0.288676	0.257749	0.303625	0	0.321274	0.360162	0.35571	0.342008	0.369282	0.370362	0.371174	0.260885	0.288676	0.257749	0.303625	0	0.321274	0.342735	0.371145	0.370433	0.389655	0.369151	0.370166	0.394497	0.417893	0.395448	0.389579	0.420738	0.401583	0.343486	0.334106	0.337962	0.333458	0.338929	0.345067	0.515092	0.515892	0.514068	0.512947	0.51686	0.514889	0.443893	0.444482	0.445737	0.447901	0.445822	0.445718	0.401789	0.376886	0.409994	0.389482	0.388968	0.392829	0.437524	0.407979	0.409255	0.448928	0.410492	0.42818	0.460217	0.427092	0.450864	0.428964	0.42759	0.459979	0.478746	0.468674	0.477768	0.463301	0.483866	0.465603	0.466179	0.470129	0.477033	0.470546	0.465242	0.466956	0.434433	0.439517	0.43049	0.439691	0.43424	0.438742
ERR613173	0.380971	0.37628	0.369833	0.364755	0.374111	0.376196	0.452073	0.408223	0.411228	0.437857	0.444917	0.435943	0.335557	0.255265	0.320904	0.247165	0.321274	0	0.325415	0.325871	0.339708	0.321518	0.321272	0.321279	0.335557	0.255265	0.320904	0.247165	0.321274	0	0.316273	0.297867	0.297852	0.302132	0.29786	0.297521	0.369038	0.359002	0.368246	0.370161	0.359701	0.358516	0.341914	0.353118	0.34925	0.351853	0.404779	0.33427	0.503522	0.501087	0.505986	0.506819	0.501732	0.502649	0.447652	0.449972	0.45086	0.470842	0.469193	0.465447	0.360756	0.400959	0.359858	0.375947	0.364561	0.374039	0.403988	0.436877	0.438828	0.403872	0.447821	0.407737	0.410742	0.427586	0.414058	0.424685	0.430951	0.411288	0.435712	0.437514	0.435129	0.443329	0.435557	0.44003	0.455871	0.484343	0.497106	0.480923	0.455041	0.45635	0.447647	0.431677	0.446579	0.430831	0.445666	0.430501
ERR636926	0.372633	0.370802	0.376003	0.368225	0.369331	0.370972	0.447121	0.408714	0.410731	0.431972	0.438892	0.430594	0.370692	0.325055	0.360431	0.32346	0.360162	0.325415	0	0.245982	0.255047	0.249344	0.249331	0.249366	0.370692	0.325055	0.360431	0.32346	0.360162	0.325415	0.302198	0.301629	0.299588	0.314024	0.298732	0.299232	0.311321	0.316552	0.311495	0.31239	0.314849	0.307996	0.332886	0.336775	0.336653	0.335979	0.383947	0.325771	0.537355	0.535791	0.539869	0.540883	0.535476	0.536527	0.473175	0.475038	0.475915	0.493996	0.493035	0.489342	0.374709	0.399253	0.377173	0.383793	0.374475	0.383331	0.453235	0.474964	0.477167	0.454463	0.484556	0.45457	0.443224	0.45192	0.445166	0.449843	0.454939	0.443619	0.473504	0.475163	0.473299	0.479026	0.474428	0.477127	0.485282	0.509813	0.521355	0.506817	0.484519	0.485786	0.465328	0.45207	0.464666	0.451156	0.463851	0.450801
ERR636927	0.375229	0.374573	0.381131	0.37112	0.372736	0.374568	0.444434	0.412331	0.41481	0.434744	0.439501	0.433157	0.365206	0.322186	0.355283	0.32166	0.35571	0.325871	0.245982	0	0.253452	0.247631	0.248082	0.248426	0.365206	0.322186	0.355283	0.32166	0.35571	0.325871	0.295816	0.301103	0.299824	0.315486	0.29913	0.299615	0.313435	0.315983	0.313992	0.313214	0.317208	0.307767	0.327336	0.33405	0.331061	0.333261	0.379127	0.322289	0.538165	0.536434	0.540261	0.54098	0.536617	0.53735	0.472206	0.473931	0.475084	0.492456	0.490603	0.487442	0.372142	0.390881	0.374917	0.376003	0.37016	0.375871	0.451095	0.470642	0.472716	0.4535	0.479707	0.451608	0.441297	0.448874	0.441037	0.446705	0.452328	0.441656	0.472473	0.472303	0.472016	0.477893	0.473711	0.475261	0.484691	0.509631	0.521704	0.506894	0.483876	0.485061	0.463908	0.45116	0.46128	0.450454	0.462128	0.449841
ERR636925	0.371693	0.374699	0.39392	0.381231	0.373937	0.375119	0.430646	0.40531	0.407223	0.421147	0.424325	0.419278	0.350222	0.328101	0.342265	0.332389	0.342008	0.339708	0.255047	0.253452	0	0.265848	0.266295	0.266864	0.350222	0.328101	0.342265	0.332389	0.342008	0.339708	0.305972	0.321271	0.31934	0.338577	0.318223	0.318886	0.315059	0.334734	0.316286	0.313936	0.334573	0.319305	0.330464	0.327694	0.33065	0.327168	0.362031	0.326237	0.535993	0.535469	0.537786	0.538143	0.535249	0.535558	0.467285	0.468673	0.469756	0.483571	0.482305	0.479376	0.383737	0.387998	0.389248	0.383734	0.377996	0.3852	0.459509	0.465283	0.467273	0.463849	0.472939	0.457098	0.45362	0.447081	0.451589	0.445849	0.44921	0.453967	0.481453	0.479314	0.481085	0.480065	0.48419	0.479771	0.483625	0.501238	0.511353	0.499457	0.482735	0.483826	0.4569	0.449307	0.455708	0.449007	0.455683	0.448335
ERR636930	0.380484	0.377285	0.374767	0.367551	0.37471	0.377082	0.454829	0.417895	0.421008	0.444675	0.450307	0.442428	0.379582	0.325259	0.368919	0.32085	0.369282	0.321518	0.249344	0.247631	0.265848	0	0.242629	0.242295	0.379582	0.325259	0.368919	0.32085	0.369282	0.321518	0.29686	0.292761	0.291925	0.303651	0.291512	0.29163	0.31702	0.307555	0.317262	0.317849	0.309882	0.305172	0.332882	0.3444	0.33848	0.343298	0.394593	0.327078	0.540207	0.538006	0.54263	0.543464	0.53814	0.53919	0.478614	0.480645	0.48186	0.501372	0.499393	0.495669	0.371653	0.400339	0.372114	0.378692	0.372919	0.37712	0.450312	0.478563	0.480938	0.450821	0.488337	0.453141	0.437892	0.455133	0.439599	0.452316	0.45934	0.438241	0.470544	0.471318	0.469759	0.479847	0.470637	0.476011	0.488397	0.516818	0.529927	0.513561	0.487712	0.488733	0.472494	0.457152	0.469839	0.456237	0.470775	0.455532
ERR636928	0.379951	0.376509	0.373375	0.366413	0.373962	0.376181	0.455132	0.417063	0.419872	0.443917	0.450149	0.442052	0.380697	0.325656	0.370219	0.321016	0.370362	0.321272	0.249331	0.248082	0.266295	0.242629	0	0.242365	0.380697	0.325656	0.370219	0.321016	0.370362	0.321272	0.298358	0.292353	0.291572	0.302786	0.291407	0.291372	0.317148	0.307196	0.317162	0.317834	0.309192	0.305308	0.334013	0.345579	0.339868	0.344359	0.395978	0.327617	0.539816	0.537666	0.542432	0.543321	0.537712	0.538953	0.479105	0.481059	0.482299	0.502096	0.50019	0.496414	0.372278	0.401938	0.372367	0.379677	0.373619	0.378359	0.450592	0.479609	0.481951	0.450906	0.489517	0.453803	0.437954	0.455694	0.440106	0.453056	0.459831	0.43838	0.470378	0.471657	0.469762	0.480025	0.470345	0.476217	0.488682	0.517339	0.530301	0.513996	0.48776	0.489061	0.473037	0.457347	0.470632	0.456486	0.471301	0.455932
ERR636929	0.37975	0.376262	0.372525	0.365957	0.373475	0.375877	0.455585	0.417202	0.419937	0.44428	0.450427	0.442255	0.381572	0.32573	0.370875	0.321203	0.371174	0.321279	0.249366	0.248426	0.266864	0.242295	0.242365	0	0.381572	0.32573	0.370875	0.321203	0.371174	0.321279	0.298975	0.292732	0.291741	0.302679	0.291625	0.291548	0.31719	0.306771	0.317108	0.318058	0.308842	0.304872	0.334155	0.345784	0.34014	0.344616	0.396556	0.327886	0.539976	0.537827	0.542561	0.543596	0.53771	0.539026	0.479502	0.481595	0.482807	0.502616	0.500656	0.497004	0.37217	0.402507	0.3725	0.38005	0.373855	0.3785	0.451225	0.480465	0.482714	0.451363	0.490396	0.454423	0.438274	0.456474	0.440365	0.453592	0.460542	0.438696	0.470552	0.471941	0.469841	0.480352	0.470628	0.476449	0.488789	0.517687	0.530671	0.51438	0.488101	0.489211	0.473807	0.458117	0.471438	0.45717	0.471907	0.456571
ERR613176	0.395022	0.407002	0.445666	0.425641	0.407186	0.408623	0.414681	0.422065	0.423106	0.426561	0.417914	0.422718	0	0.300445	0.260701	0.316915	0.260885	0.335557	0.370692	0.365206	0.350222	0.379582	0.380697	0.381572	0	0.300445	0.260701	0.316915	0.260885	0.335557	0.350649	0.382856	0.382159	0.402234	0.381108	0.381981	0.403301	0.427931	0.404696	0.398297	0.431411	0.410967	0.349608	0.33917	0.342704	0.338818	0.336512	0.352647	0.520781	0.522007	0.519517	0.518171	0.523075	0.520672	0.44976	0.450297	0.4517	0.451413	0.449002	0.449257	0.411631	0.379211	0.420596	0.39555	0.397803	0.399343	0.445529	0.410047	0.411361	0.45789	0.410343	0.435395	0.468731	0.432045	0.458302	0.434217	0.432478	0.468524	0.487541	0.476016	0.486617	0.470559	0.493095	0.473199	0.472937	0.473941	0.48044	0.474756	0.471776	0.473304	0.438962	0.445871	0.434071	0.446367	0.438901	0.445363
ERR613175	0.376063	0.377065	0.38644	0.374229	0.375043	0.377162	0.436342	0.408829	0.411401	0.431091	0.433201	0.428878	0.300445	0	0.28801	0.247809	0.288676	0.255265	0.325055	0.322186	0.328101	0.325259	0.325656	0.32573	0.300445	0	0.28801	0.247809	0.288676	0.255265	0.307391	0.311045	0.310821	0.322963	0.310485	0.310594	0.369449	0.369819	0.369436	0.367771	0.372395	0.36354	0.326415	0.334203	0.330561	0.332888	0.375167	0.322904	0.505386	0.50379	0.506564	0.506497	0.505094	0.50463	0.440229	0.442237	0.443148	0.457942	0.455807	0.453234	0.361368	0.379116	0.364232	0.364723	0.358111	0.364817	0.403323	0.41613	0.418211	0.408774	0.425087	0.401739	0.417607	0.417222	0.414491	0.415717	0.419883	0.41776	0.442693	0.439389	0.441805	0.442765	0.444419	0.440734	0.453118	0.475574	0.487066	0.473298	0.45219	0.453631	0.435282	0.425513	0.43204	0.425021	0.433474	0.424289
ERR613177	0.388184	0.398861	0.435015	0.415915	0.398955	0.400246	0.41444	0.415561	0.417054	0.422197	0.415701	0.418924	0.260701	0.28801	0	0.303339	0.257749	0.320904	0.360431	0.355283	0.342265	0.368919	0.370219	0.370875	0.260701	0.28801	0	0.303339	0.257749	0.320904	0.341968	0.371003	0.370082	0.389572	0.368983	0.369925	0.394985	0.417652	0.395773	0.390388	0.420781	0.401645	0.342676	0.334236	0.337475	0.333558	0.339166	0.344551	0.516088	0.516759	0.515039	0.513861	0.517952	0.515829	0.444762	0.445293	0.446447	0.448872	0.446594	0.446266	0.401327	0.37624	0.409667	0.388751	0.388908	0.391788	0.436993	0.407622	0.4091	0.448578	0.410176	0.427905	0.45972	0.427136	0.450268	0.428925	0.427774	0.459555	0.478902	0.468644	0.477936	0.46373	0.48393	0.46586	0.467119	0.47129	0.478557	0.471523	0.465937	0.467672	0.43487	0.439789	0.430872	0.439932	0.434746	0.439217
ERR613174	0.378385	0.377311	0.378782	0.369367	0.374962	0.377222	0.444525	0.410327	0.41334	0.436238	0.439989	0.434209	0.316915	0.247809	0.303339	0	0.303625	0.247165	0.32346	0.32166	0.332389	0.32085	0.321016	0.321203	0.316915	0.247809	0.303339	0	0.303625	0.247165	0.307683	0.302112	0.302203	0.310895	0.302067	0.301971	0.368576	0.362434	0.368209	0.368054	0.364605	0.359286	0.330868	0.342033	0.336709	0.340526	0.388394	0.325598	0.505514	0.503452	0.507347	0.507384	0.504744	0.504726	0.444145	0.446311	0.447313	0.46457	0.462541	0.459478	0.359313	0.387694	0.36039	0.367407	0.359218	0.366211	0.401425	0.424866	0.426835	0.404936	0.434943	0.402731	0.413225	0.421474	0.412476	0.419446	0.424807	0.413351	0.438843	0.437457	0.437843	0.442788	0.4397	0.439905	0.454701	0.480801	0.493083	0.477866	0.453828	0.455457	0.44148	0.428526	0.438357	0.427605	0.439289	0.427102
ERR613178	0.386507	0.396935	0.433627	0.414313	0.397363	0.398638	0.413176	0.413691	0.415164	0.42042	0.414065	0.417063	0.260885	0.288676	0.257749	0.303625	0	0.321274	0.360162	0.35571	0.342008	0.369282	0.370362	0.371174	0.260885	0.288676	0.257749	0.303625	0	0.321274	0.342735	0.371145	0.370433	0.389655	0.369151	0.370166	0.394497	0.417893	0.395448	0.389579	0.420738	0.401583	0.343486	0.334106	0.337962	0.333458	0.338929	0.345067	0.515092	0.515892	0.514068	0.512947	0.51686	0.514889	0.443893	0.444482	0.445737	0.447901	0.445822	0.445718	0.401789	0.376886	0.409994	0.389482	0.388968	0.392829	0.437524	0.407979	0.409255	0.448928	0.410492	0.42818	0.460217	0.427092	0.450864	0.428964	0.42759	0.459979	0.478746	0.468674	0.477768	0.463301	0.483866	0.465603	0.466179	0.470129	0.477033	0.470546	0.465242	0.466956	0.434433	0.439517	0.43049	0.439691	0.43424	0.438742
ERR613173	0.380971	0.37628	0.369833	0.364755	0.374111	0.376196	0.452073	0.408223	0.411228	0.437857	0.444917	0.435943	0.335557	0.255265	0.320904	0.247165	0.321274	0	0.325415	0.325871	0.339708	0.321518	0.321272	0.321279	0.335557	0.255265	0.320904	0.247165	0.321274	0	0.316273	0.297867	0.297852	0.302132	0.29786	0.297521	0.369038	0.359002	0.368246	0.370161	0.359701	0.358516	0.341914	0.353118	0.34925	0.351853	0.404779	0.33427	0.503522	0.501087	0.505986	0.506819	0.501732	0.502649	0.447652	0.449972	0.45086	0.470842	0.469193	0.465447	0.360756	0.400959	0.359858	0.375947	0.364561	0.374039	0.403988	0.436877	0.438828	0.403872	0.447821	0.407737	0.410742	0.427586	0.414058	0.424685	0.430951	0.411288	0.435712	0.437514	0.435129	0.443329	0.435557	0.44003	0.455871	0.484343	0.497106	0.480923	0.455041	0.45635	0.447647	0.431677	0.446579	0.430831	0.445666	0.430501
ERR613986	0.422711	0.424554	0.431257	0.419209	0.422233	0.42471	0.460539	0.442557	0.445384	0.463148	0.461865	0.46058	0.350649	0.307391	0.341968	0.307683	0.342735	0.316273	0.302198	0.295816	0.305972	0.29686	0.298358	0.298975	0.350649	0.307391	0.341968	0.307683	0.342735	0.316273	0	0.261004	0.261237	0.284568	0.259717	0.261355	0.362728	0.356417	0.363301	0.360485	0.362863	0.350601	0.337433	0.352653	0.340573	0.351031	0.389182	0.336674	0.543207	0.541736	0.54417	0.543737	0.543262	0.542694	0.460385	0.461888	0.463184	0.478265	0.474866	0.472559	0.353079	0.361638	0.35675	0.345128	0.348127	0.345417	0.42135	0.436861	0.439603	0.428418	0.444719	0.420492	0.417883	0.421206	0.411746	0.419974	0.42583	0.418123	0.461318	0.455782	0.459751	0.464126	0.462569	0.460661	0.47703	0.501386	0.513555	0.499069	0.475948	0.477384	0.442334	0.431278	0.434334	0.430881	0.439747	0.429941
ERR613985	0.409187	0.404508	0.393799	0.390213	0.401737	0.404236	0.457976	0.412956	0.415921	0.444012	0.451691	0.442363	0.382856	0.311045	0.371003	0.302112	0.371145	0.297867	0.301629	0.301103	0.321271	0.292761	0.292353	0.292732	0.382856	0.311045	0.371003	0.302112	0.371145	0.297867	0.261004	0	0.235085	0.239892	0.235385	0.235127	0.354903	0.337642	0.35453	0.356641	0.339632	0.340205	0.357843	0.372792	0.365687	0.371221	0.424512	0.351025	0.517441	0.51487	0.520225	0.52126	0.515028	0.516478	0.456671	0.459163	0.460149	0.482046	0.480318	0.475852	0.352203	0.396703	0.350069	0.366729	0.357953	0.364067	0.422332	0.460765	0.462908	0.421152	0.471212	0.427859	0.405833	0.430731	0.409695	0.427499	0.434952	0.406374	0.440456	0.44301	0.439739	0.451545	0.439475	0.447544	0.464297	0.495691	0.509062	0.491979	0.463555	0.464529	0.452555	0.434256	0.450043	0.433359	0.450171	0.432896
ERR613989	0.407875	0.402811	0.392913	0.389641	0.400225	0.402591	0.458425	0.412079	0.414988	0.442941	0.451201	0.44145	0.382159	0.310821	0.370082	0.302203	0.370433	0.297852	0.299588	0.299824	0.31934	0.291925	0.291572	0.291741	0.382159	0.310821	0.370082	0.302203	0.370433	0.297852	0.261237	0.235085	0	0.241272	0.233211	0.233563	0.353049	0.337525	0.352587	0.355029	0.338803	0.3395	0.357729	0.371339	0.365495	0.369899	0.423442	0.350423	0.517454	0.515268	0.520663	0.521802	0.515013	0.516572	0.455946	0.458357	0.459468	0.481116	0.479651	0.475259	0.352665	0.397189	0.350767	0.36785	0.358245	0.365389	0.422065	0.459624	0.461898	0.420707	0.470113	0.427345	0.405763	0.429916	0.410192	0.426806	0.433998	0.406483	0.440766	0.44391	0.440349	0.451637	0.44003	0.447906	0.463708	0.494638	0.507691	0.490873	0.463281	0.464272	0.450687	0.432474	0.448768	0.431456	0.448366	0.431081
ERR613984	0.412047	0.404739	0.385961	0.386128	0.401664	0.404102	0.463333	0.410637	0.413727	0.445378	0.455464	0.443911	0.402234	0.322963	0.389572	0.310895	0.389655	0.302132	0.314024	0.315486	0.338577	0.303651	0.302786	0.302679	0.402234	0.322963	0.389572	0.310895	0.389655	0.302132	0.284568	0.239892	0.241272	0	0.242231	0.241469	0.362335	0.339607	0.361613	0.365279	0.340368	0.34635	0.374082	0.389354	0.38329	0.387822	0.444166	0.365499	0.512149	0.509194	0.515839	0.517256	0.509163	0.511133	0.461265	0.463985	0.464847	0.488772	0.487323	0.482384	0.361075	0.416121	0.356472	0.382223	0.370248	0.378754	0.429298	0.475147	0.477184	0.425096	0.486493	0.436971	0.408165	0.440812	0.415243	0.437005	0.444894	0.408755	0.43791	0.443425	0.43753	0.452563	0.435736	0.447851	0.465	0.499356	0.513009	0.49505	0.46449	0.465414	0.462475	0.44191	0.461635	0.440986	0.460274	0.440621
ERR613987	0.408085	0.403431	0.394085	0.390873	0.400964	0.403244	0.458803	0.412918	0.415688	0.443303	0.45153	0.441698	0.381108	0.310485	0.368983	0.302067	0.369151	0.29786	0.298732	0.29913	0.318223	0.291512	0.291407	0.291625	0.381108	0.310485	0.368983	0.302067	0.369151	0.29786	0.259717	0.235385	0.233211	0.242231	0	0.233437	0.352669	0.338254	0.352441	0.354783	0.339411	0.339632	0.357114	0.370463	0.364657	0.368959	0.422149	0.349848	0.518757	0.516629	0.521841	0.522924	0.516393	0.517897	0.455887	0.458312	0.459229	0.480911	0.479566	0.475107	0.352416	0.39626	0.350752	0.36739	0.35784	0.364912	0.421842	0.458745	0.460956	0.420717	0.469281	0.427042	0.406283	0.42956	0.410633	0.426612	0.433631	0.407117	0.441902	0.444979	0.441421	0.452341	0.441196	0.448701	0.464368	0.494819	0.507825	0.490994	0.463725	0.464801	0.449876	0.431911	0.448047	0.431062	0.447618	0.430557
ERR613988	0.407984	0.403157	0.393261	0.390157	0.400538	0.402943	0.458358	0.411861	0.414816	0.442808	0.45099	0.441287	0.381981	0.310594	0.369925	0.301971	0.370166	0.297521	0.299232	0.299615	0.318886	0.29163	0.291372	0.291548	0.381981	0.310594	0.369925	0.301971	0.370166	0.297521	0.261355	0.235127	0.233563	0.241469	0.233437	0	0.352777	0.337509	0.352457	0.354888	0.338799	0.339485	0.35804	0.371594	0.365632	0.370116	0.423593	0.350639	0.518035	0.515939	0.521204	0.522376	0.515689	0.517262	0.456189	0.458572	0.459517	0.481501	0.480013	0.475537	0.352364	0.39707	0.350634	0.367583	0.358142	0.365243	0.422551	0.460011	0.462217	0.421167	0.470656	0.427807	0.406203	0.430348	0.410637	0.427111	0.434126	0.406848	0.441428	0.444454	0.440983	0.452242	0.440655	0.44844	0.464348	0.495165	0.508159	0.491322	0.463706	0.464773	0.450811	0.432553	0.448895	0.43164	0.448469	0.431295
ERR607365	0.376652	0.374864	0.380796	0.375264	0.373728	0.374997	0.46192	0.423984	0.425889	0.445201	0.453226	0.443821	0.403301	0.369449	0.394985	0.368576	0.394497	0.369038	0.311321	0.313435	0.315059	0.31702	0.317148	0.31719	0.403301	0.369449	0.394985	0.368576	0.394497	0.369038	0.362728	0.354903	0.353049	0.362335	0.352669	0.352777	0	0.272475	0.253986	0.255583	0.268021	0.259797	0.356141	0.35471	0.359107	0.353948	0.396663	0.348907	0.560217	0.559386	0.563473	0.56477	0.557933	0.559554	0.507813	0.509573	0.510451	0.527675	0.52715	0.523326	0.421229	0.440139	0.423381	0.430276	0.420873	0.430186	0.501866	0.521991	0.52351	0.501009	0.530544	0.503707	0.487281	0.495765	0.491462	0.493484	0.497873	0.487821	0.509925	0.512545	0.510044	0.515031	0.510975	0.513407	0.514935	0.537146	0.547806	0.534179	0.514576	0.51538	0.504631	0.492322	0.506124	0.491534	0.503258	0.491027
ERR607363	0.391991	0.385636	0.370505	0.368053	0.381989	0.384327	0.486983	0.446493	0.449741	0.476008	0.483059	0.474163	0.427931	0.369819	0.417652	0.362434	0.417893	0.359002	0.316552	0.315983	0.334734	0.307555	0.307196	0.306771	0.427931	0.369819	0.417652	0.362434	0.417893	0.359002	0.356417	0.337642	0.337525	0.339607	0.338254	0.337509	0.272475	0	0.271486	0.273943	0.249237	0.252428	0.357789	0.372225	0.365541	0.370685	0.424892	0.35084	0.570861	0.56818	0.574076	0.575283	0.567909	0.569734	0.522167	0.52445	0.525616	0.546894	0.544959	0.540797	0.413054	0.447334	0.411068	0.422988	0.416945	0.421097	0.495764	0.53271	0.534937	0.49319	0.542728	0.501345	0.476239	0.504516	0.481135	0.500956	0.508828	0.476752	0.504061	0.507543	0.503495	0.519204	0.502721	0.513503	0.524343	0.556647	0.570321	0.552904	0.523807	0.524922	0.521257	0.503019	0.519323	0.501692	0.518981	0.50141
ERR607366	0.376695	0.374376	0.379549	0.374232	0.373284	0.374314	0.462017	0.423362	0.425378	0.44488	0.453215	0.443697	0.404696	0.369436	0.395773	0.368209	0.395448	0.368246	0.311495	0.313992	0.316286	0.317262	0.317162	0.317108	0.404696	0.369436	0.395773	0.368209	0.395448	0.368246	0.363301	0.35453	0.352587	0.361613	0.352441	0.352457	0.253986	0.271486	0	0.255416	0.266567	0.25931	0.356968	0.355832	0.360083	0.355016	0.398319	0.349529	0.559846	0.558758	0.56282	0.564191	0.557597	0.559103	0.507969	0.509634	0.510697	0.527991	0.527511	0.523602	0.420874	0.440744	0.422666	0.430377	0.420482	0.430232	0.501956	0.522713	0.524514	0.501001	0.531468	0.504003	0.487068	0.49626	0.491429	0.493925	0.498323	0.487619	0.509476	0.51215	0.509512	0.514787	0.510345	0.513061	0.514951	0.537334	0.548001	0.534333	0.514421	0.515256	0.505375	0.492834	0.506739	0.491875	0.503928	0.491445
ERR607364	0.376852	0.375896	0.384252	0.376789	0.374585	0.375756	0.456194	0.423445	0.425438	0.443427	0.449882	0.442422	0.398297	0.367771	0.390388	0.368054	0.389579	0.370161	0.31239	0.313214	0.313936	0.317849	0.317834	0.318058	0.398297	0.367771	0.390388	0.368054	0.389579	0.370161	0.360485	0.356641	0.355029	0.365279	0.354783	0.354888	0.255583	0.273943	0.255416	0	0.271596	0.260798	0.352573	0.351613	0.355393	0.351021	0.391239	0.34628	0.55878	0.55779	0.561594	0.562643	0.556812	0.558035	0.505764	0.507362	0.508365	0.524741	0.523832	0.520312	0.419865	0.434435	0.422376	0.42608	0.417914	0.426278	0.501071	0.518803	0.520361	0.501153	0.526997	0.502139	0.487239	0.493269	0.489226	0.491351	0.495527	0.487594	0.509203	0.510532	0.508941	0.513408	0.510453	0.511556	0.513145	0.535241	0.545957	0.532667	0.512423	0.513359	0.502986	0.491546	0.503256	0.49074	0.501362	0.490118
ERR607362	0.388374	0.381178	0.365333	0.365403	0.377977	0.380038	0.487642	0.441689	0.444596	0.471311	0.480583	0.469907	0.431411	0.372395	0.420781	0.364605	0.420738	0.359701	0.314849	0.317208	0.334573	0.309882	0.309192	0.308842	0.431411	0.372395	0.420781	0.364605	0.420738	0.359701	0.362863	0.339632	0.338803	0.340368	0.339411	0.338799	0.268021	0.249237	0.266567	0.271596	0	0.25278	0.363218	0.374219	0.371046	0.37284	0.428266	0.3547	0.569369	0.56669	0.573013	0.574477	0.566018	0.568231	0.521722	0.523942	0.525053	0.546622	0.545384	0.541053	0.41569	0.453972	0.41378	0.430206	0.420898	0.428387	0.49856	0.536156	0.538138	0.494708	0.546434	0.504405	0.47834	0.506425	0.485408	0.502832	0.51013	0.479058	0.504905	0.51033	0.504763	0.519729	0.503505	0.514845	0.523941	0.555296	0.568356	0.551388	0.523504	0.524493	0.520962	0.502321	0.520703	0.501089	0.518974	0.500716
ERR607361	0.38429	0.380272	0.375234	0.370202	0.377597	0.379562	0.474622	0.437503	0.440274	0.463335	0.469923	0.461653	0.410967	0.36354	0.401645	0.359286	0.401583	0.358516	0.307996	0.307767	0.319305	0.305172	0.305308	0.304872	0.410967	0.36354	0.401645	0.359286	0.401583	0.358516	0.350601	0.340205	0.3395	0.34635	0.339632	0.339485	0.259797	0.252428	0.25931	0.260798	0.25278	0	0.349801	0.358715	0.355142	0.357439	0.406857	0.3433	0.566151	0.564075	0.569074	0.570213	0.563708	0.565276	0.513436	0.51539	0.516578	0.536085	0.534327	0.530479	0.411002	0.436238	0.411171	0.418179	0.412123	0.417331	0.493524	0.522287	0.524309	0.492357	0.531639	0.496949	0.476923	0.495769	0.480359	0.492924	0.499665	0.477314	0.503764	0.506008	0.503287	0.514531	0.503561	0.510371	0.518279	0.546483	0.559421	0.543241	0.517552	0.5187	0.510322	0.494644	0.508847	0.493451	0.508339	0.492923
ERR613666	0.356697	0.360358	0.376979	0.359595	0.357739	0.360615	0.471949	0.4605	0.462819	0.477091	0.474029	0.474882	0.349608	0.326415	0.342676	0.330868	0.343486	0.341914	0.332886	0.327336	0.330464	0.332882	0.334013	0.334155	0.349608	0.326415	0.342676	0.330868	0.343486	0.341914	0.337433	0.357843	0.357729	0.374082	0.357114	0.35804	0.356141	0.357789	0.356968	0.352573	0.363218	0.349801	0	0.266743	0.256666	0.265509	0.305839	0.253644	0.57466	0.572538	0.575462	0.574727	0.574578	0.573741	0.504336	0.505916	0.506851	0.519479	0.516923	0.51461	0.405188	0.406497	0.408783	0.39889	0.399258	0.399565	0.460443	0.467141	0.469565	0.467464	0.474656	0.457672	0.479866	0.479431	0.473944	0.478705	0.483189	0.479796	0.509038	0.504346	0.507525	0.510295	0.509892	0.507711	0.521966	0.543837	0.55494	0.542029	0.520611	0.522523	0.495752	0.487313	0.488889	0.487035	0.493783	0.486425
ERR613669	0.344732	0.351047	0.380667	0.362988	0.350739	0.352403	0.461041	0.448016	0.44931	0.459362	0.458572	0.457725	0.33917	0.334203	0.334236	0.342033	0.334106	0.353118	0.336775	0.33405	0.327694	0.3444	0.345579	0.345784	0.33917	0.334203	0.334236	0.342033	0.334106	0.353118	0.352653	0.372792	0.371339	0.389354	0.370463	0.371594	0.35471	0.372225	0.355832	0.351613	0.374219	0.358715	0.266743	0	0.263272	0.256973	0.287286	0.265117	0.568937	0.567973	0.569767	0.569768	0.568683	0.568022	0.499723	0.501229	0.501965	0.512175	0.510609	0.508471	0.417971	0.414255	0.423235	0.414546	0.410864	0.416133	0.469225	0.464395	0.466156	0.476286	0.470887	0.464465	0.49039	0.480113	0.486262	0.480096	0.482297	0.49055	0.515601	0.511791	0.51485	0.512283	0.517836	0.511793	0.519276	0.534415	0.543126	0.532965	0.518408	0.519956	0.490475	0.485918	0.487279	0.48586	0.489252	0.485224
ERR613667	0.35882	0.364402	0.386771	0.36841	0.362829	0.365301	0.47047	0.462609	0.464488	0.476671	0.472614	0.474103	0.342704	0.330561	0.337475	0.336709	0.337962	0.34925	0.336653	0.331061	0.33065	0.33848	0.339868	0.34014	0.342704	0.330561	0.337475	0.336709	0.337962	0.34925	0.340573	0.365687	0.365495	0.38329	0.364657	0.365632	0.359107	0.365541	0.360083	0.355393	0.371046	0.355142	0.256666	0.263272	0	0.2622	0.295403	0.258718	0.576302	0.574581	0.576673	0.575982	0.57643	0.575392	0.504427	0.506004	0.506872	0.518173	0.515261	0.513448	0.411043	0.405068	0.415793	0.402038	0.403536	0.40306	0.463518	0.463444	0.465858	0.471448	0.470326	0.459522	0.484336	0.479052	0.478256	0.478715	0.482532	0.484434	0.513639	0.507828	0.51213	0.513057	0.51525	0.510954	0.523372	0.542219	0.552806	0.540576	0.522025	0.523997	0.494246	0.487755	0.487703	0.487723	0.492695	0.486912
