	ERR630047	ERR630042	ERR630044	ERR630046	ERR630045	ERR630043	ERR618509	ERR618511	ERR618507	ERR618510	ERR618508	ERR618512	ERR617061	ERR617062	ERR617059	ERR617058	ERR617057	ERR617060	ERR636821	ERR636819	ERR636818	ERR636817	ERR636820	ERR636822	ERR637038	ERR637037	ERR637036	ERR637033	ERR637034	ERR637035	ERR629867	ERR629863	ERR629866	ERR629865	ERR629862	ERR629864	ERR613849	ERR613851	ERR613848	ERR613852	ERR613853	ERR613850	ERR607710	ERR607709	ERR607705	ERR607708	ERR607706	ERR607707	ERR616189	ERR616185	ERR616190	ERR616186	ERR616187	ERR616188	ERR617457	ERR617460	ERR617459	ERR617462	ERR617458	ERR617461	ERR617200	ERR617202	ERR617198	ERR617201	ERR617199	ERR617197	ERR617468	ERR617466	ERR617467	ERR617464	ERR617465	ERR617463	ERR618690	ERR618687	ERR618689	ERR618688	ERR618692	ERR618691	ERR605559	ERR605557	ERR605562	ERR605561	ERR605558	ERR605560	ERR616703	ERR616700	ERR616702	ERR616701	ERR616704	ERR616705	ERR616703	ERR616700	ERR616702	ERR616701	ERR616704	ERR616705
ERR630047	3.72146e+08	2.5391e+08	2.40596e+08	2.4278e+08	2.0916e+08	2.2188e+08	1.98479e+08	2.14363e+08	2.17378e+08	2.07313e+08	1.81337e+08	2.18912e+08	2.33504e+08	2.41279e+08	2.69674e+08	2.63704e+08	2.5885e+08	2.38042e+08	2.46775e+08	2.97613e+08	3.01179e+08	2.69167e+08	2.53028e+08	2.4932e+08	2.68147e+08	2.65134e+08	2.63571e+08	2.51845e+08	2.68931e+08	2.71132e+08	1.93242e+08	1.90138e+08	1.90063e+08	1.94487e+08	2.21068e+08	2.17464e+08	2.40929e+08	2.28973e+08	2.66462e+08	2.29588e+08	2.67436e+08	2.07198e+08	2.17072e+08	2.14122e+08	1.83825e+08	2.119e+08	1.99104e+08	2.00031e+08	1.09889e+08	1.0628e+08	1.16299e+08	1.16583e+08	9.96656e+07	1.08312e+08	1.51956e+08	1.73791e+08	1.54406e+08	1.63851e+08	1.53502e+08	1.76884e+08	1.52371e+08	1.49743e+08	1.88283e+08	1.60013e+08	1.90103e+08	1.76902e+08	1.7554e+08	1.85272e+08	1.8845e+08	1.59003e+08	1.59319e+08	1.57879e+08	1.56315e+08	1.62688e+08	1.53583e+08	1.52244e+08	1.61574e+08	1.57938e+08	1.0608e+08	1.21156e+08	1.11768e+08	1.13944e+08	1.13947e+08	1.11844e+08	1.45698e+08	1.17276e+08	1.08692e+08	1.20347e+08	1.45673e+08	1.45287e+08	1.45698e+08	1.17276e+08	1.08692e+08	1.20347e+08	1.45673e+08	1.45287e+08
ERR630042	2.5391e+08	3.70702e+08	2.41403e+08	2.39877e+08	2.065e+08	2.21923e+08	1.98381e+08	2.15165e+08	2.17739e+08	2.07947e+08	1.80949e+08	2.19509e+08	2.3291e+08	2.40247e+08	2.71366e+08	2.64994e+08	2.59147e+08	2.37538e+08	2.46737e+08	2.98239e+08	3.02787e+08	2.70049e+08	2.53179e+08	2.49281e+08	2.69139e+08	2.65944e+08	2.64489e+08	2.52519e+08	2.70082e+08	2.71321e+08	1.93937e+08	1.91724e+08	1.90717e+08	1.95249e+08	2.23941e+08	2.20078e+08	2.42147e+08	2.3081e+08	2.68024e+08	2.31305e+08	2.69033e+08	2.07482e+08	2.15713e+08	2.1259e+08	1.8291e+08	2.10406e+08	1.98712e+08	1.98928e+08	1.11691e+08	1.08384e+08	1.18296e+08	1.19128e+08	1.02141e+08	1.10065e+08	1.52129e+08	1.74843e+08	1.55385e+08	1.64308e+08	1.54384e+08	1.78081e+08	1.53666e+08	1.49183e+08	1.89702e+08	1.6132e+08	1.91795e+08	1.77742e+08	1.76292e+08	1.86617e+08	1.89914e+08	1.60062e+08	1.60455e+08	1.58192e+08	1.56459e+08	1.62752e+08	1.53465e+08	1.51891e+08	1.61858e+08	1.58011e+08	1.06966e+08	1.22372e+08	1.12937e+08	1.15141e+08	1.15113e+08	1.13117e+08	1.45859e+08	1.17476e+08	1.09119e+08	1.20696e+08	1.45806e+08	1.45463e+08	1.45859e+08	1.17476e+08	1.09119e+08	1.20696e+08	1.45806e+08	1.45463e+08
ERR630044	2.40596e+08	2.41403e+08	3.39114e+08	2.27444e+08	1.95895e+08	2.10569e+08	1.87344e+08	2.03149e+08	2.05552e+08	1.96465e+08	1.70963e+08	2.07389e+08	2.20072e+08	2.27033e+08	2.56253e+08	2.5023e+08	2.44763e+08	2.24481e+08	2.33282e+08	2.81819e+08	2.86071e+08	2.55187e+08	2.39262e+08	2.35744e+08	2.55078e+08	2.522e+08	2.50644e+08	2.39556e+08	2.56027e+08	2.57411e+08	1.83034e+08	1.81014e+08	1.80086e+08	1.84378e+08	2.11326e+08	2.07693e+08	2.28776e+08	2.17859e+08	2.53127e+08	2.18489e+08	2.54128e+08	1.95972e+08	2.04096e+08	2.01191e+08	1.73182e+08	1.99148e+08	1.88086e+08	1.88213e+08	1.05623e+08	1.0252e+08	1.11776e+08	1.12585e+08	9.6579e+07	1.0411e+08	1.43778e+08	1.65373e+08	1.46782e+08	1.55362e+08	1.45925e+08	1.68393e+08	1.45239e+08	1.41086e+08	1.79506e+08	1.52546e+08	1.81444e+08	1.68155e+08	1.6674e+08	1.7665e+08	1.79554e+08	1.51327e+08	1.51781e+08	1.49616e+08	1.47808e+08	1.53771e+08	1.45057e+08	1.4355e+08	1.52871e+08	1.49401e+08	1.01143e+08	1.15772e+08	1.06827e+08	1.08835e+08	1.08906e+08	1.06853e+08	1.38007e+08	1.11074e+08	1.0319e+08	1.14099e+08	1.37884e+08	1.37526e+08	1.38007e+08	1.11074e+08	1.0319e+08	1.14099e+08	1.37884e+08	1.37526e+08
ERR630046	2.4278e+08	2.39877e+08	2.27444e+08	3.3754e+08	1.97795e+08	2.09844e+08	1.86675e+08	2.01831e+08	2.04581e+08	1.95033e+08	1.70731e+08	2.06041e+08	2.19812e+08	2.27048e+08	2.53697e+08	2.48154e+08	2.43562e+08	2.24109e+08	2.32409e+08	2.80285e+08	2.8352e+08	2.53434e+08	2.38335e+08	2.34787e+08	2.53283e+08	2.50523e+08	2.49151e+08	2.38013e+08	2.54037e+08	2.56042e+08	1.81609e+08	1.78656e+08	1.78624e+08	1.82794e+08	2.07752e+08	2.04179e+08	2.2687e+08	2.15647e+08	2.5076e+08	2.16083e+08	2.51661e+08	1.95203e+08	2.04727e+08	2.01839e+08	1.73412e+08	1.99787e+08	1.878e+08	1.88612e+08	1.03031e+08	9.96004e+07	1.08966e+08	1.09257e+08	9.33682e+07	1.01339e+08	1.42275e+08	1.62889e+08	1.44625e+08	1.53518e+08	1.43858e+08	1.65716e+08	1.42774e+08	1.40419e+08	1.76501e+08	1.49946e+08	1.78129e+08	1.65776e+08	1.64463e+08	1.73627e+08	1.76625e+08	1.48985e+08	1.49293e+08	1.47877e+08	1.46625e+08	1.52466e+08	1.44122e+08	1.42828e+08	1.51547e+08	1.48209e+08	9.95106e+07	1.13475e+08	1.0471e+08	1.0679e+08	1.06836e+08	1.04806e+08	1.36621e+08	1.09998e+08	1.01878e+08	1.12808e+08	1.36558e+08	1.36228e+08	1.36621e+08	1.09998e+08	1.01878e+08	1.12808e+08	1.36558e+08	1.36228e+08
ERR630045	2.0916e+08	2.065e+08	1.95895e+08	1.97795e+08	2.62668e+08	1.81063e+08	1.59754e+08	1.72558e+08	1.74851e+08	1.66834e+08	1.46158e+08	1.76084e+08	1.87932e+08	1.94078e+08	2.16555e+08	2.11692e+08	2.07902e+08	1.91532e+08	1.99517e+08	2.40041e+08	2.42701e+08	2.1726e+08	2.0459e+08	2.0166e+08	2.17487e+08	2.15116e+08	2.13877e+08	2.04681e+08	2.18009e+08	2.19859e+08	1.54712e+08	1.52061e+08	1.52142e+08	1.55666e+08	1.76674e+08	1.73708e+08	1.93985e+08	1.84494e+08	2.14158e+08	1.84935e+08	2.15013e+08	1.67193e+08	1.76248e+08	1.73826e+08	1.49603e+08	1.72036e+08	1.61706e+08	1.62622e+08	8.70372e+07	8.408e+07	9.20204e+07	9.22185e+07	7.87546e+07	8.56531e+07	1.20325e+08	1.37537e+08	1.22151e+08	1.29809e+08	1.21476e+08	1.40034e+08	1.20565e+08	1.18664e+08	1.48999e+08	1.26571e+08	1.50406e+08	1.40024e+08	1.39004e+08	1.46564e+08	1.49018e+08	1.25868e+08	1.26092e+08	1.24917e+08	1.24267e+08	1.293e+08	1.2208e+08	1.21131e+08	1.2848e+08	1.25558e+08	8.40097e+07	9.58855e+07	8.84546e+07	9.02448e+07	9.03527e+07	8.8551e+07	1.15732e+08	9.31392e+07	8.62442e+07	9.55777e+07	1.15671e+08	1.15415e+08	1.15732e+08	9.31392e+07	8.62442e+07	9.55777e+07	1.15671e+08	1.15415e+08
ERR630043	2.2188e+08	2.21923e+08	2.10569e+08	2.09844e+08	1.81063e+08	2.93368e+08	1.71193e+08	1.85523e+08	1.87713e+08	1.79287e+08	1.56309e+08	1.89227e+08	2.01453e+08	2.07718e+08	2.33567e+08	2.28182e+08	2.2351e+08	2.05229e+08	2.13514e+08	2.57589e+08	2.61291e+08	2.33347e+08	2.19059e+08	2.15757e+08	2.34033e+08	2.31364e+08	2.29964e+08	2.19855e+08	2.34752e+08	2.36183e+08	1.66601e+08	1.64538e+08	1.63739e+08	1.67735e+08	1.91637e+08	1.88471e+08	2.08586e+08	1.98499e+08	2.30604e+08	1.99198e+08	2.31501e+08	1.7907e+08	1.87358e+08	1.84588e+08	1.59004e+08	1.82744e+08	1.72459e+08	1.72822e+08	9.5463e+07	9.24495e+07	1.01012e+08	1.01545e+08	8.70371e+07	9.39752e+07	1.30462e+08	1.49702e+08	1.32946e+08	1.40831e+08	1.32149e+08	1.52295e+08	1.31325e+08	1.28136e+08	1.62255e+08	1.37957e+08	1.64015e+08	1.52136e+08	1.51024e+08	1.59653e+08	1.62499e+08	1.36953e+08	1.37334e+08	1.35545e+08	1.34133e+08	1.39577e+08	1.31714e+08	1.30481e+08	1.38712e+08	1.35658e+08	9.14583e+07	1.04704e+08	9.65584e+07	9.84033e+07	9.85321e+07	9.66807e+07	1.25036e+08	1.00698e+08	9.35492e+07	1.03414e+08	1.25025e+08	1.24769e+08	1.25036e+08	1.00698e+08	9.35492e+07	1.03414e+08	1.25025e+08	1.24769e+08
ERR618509	1.98479e+08	1.98381e+08	1.87344e+08	1.86675e+08	1.59754e+08	1.71193e+08	3.47509e+08	2.47656e+08	2.50352e+08	2.39773e+08	2.0886e+08	2.5252e+08	2.58274e+08	2.65408e+08	3.0052e+08	2.9389e+08	2.86453e+08	2.6319e+08	2.33566e+08	2.82138e+08	2.87194e+08	2.55833e+08	2.39374e+08	2.35899e+08	2.28295e+08	2.25495e+08	2.23779e+08	2.13283e+08	2.2974e+08	2.30488e+08	2.03906e+08	2.01989e+08	2.00352e+08	2.0488e+08	2.34962e+08	2.30963e+08	2.50812e+08	2.39895e+08	2.76843e+08	2.40329e+08	2.78065e+08	2.14986e+08	2.01869e+08	1.98951e+08	1.71464e+08	1.96914e+08	1.86522e+08	1.85957e+08	1.24075e+08	1.20872e+08	1.31169e+08	1.32322e+08	1.14742e+08	1.22533e+08	1.64263e+08	1.88951e+08	1.68138e+08	1.77235e+08	1.67322e+08	1.92383e+08	1.66769e+08	1.60606e+08	2.04654e+08	1.74721e+08	2.06954e+08	1.9136e+08	1.91033e+08	2.0235e+08	2.05797e+08	1.74337e+08	1.74797e+08	1.71637e+08	1.64883e+08	1.70828e+08	1.61769e+08	1.59999e+08	1.70614e+08	1.66633e+08	1.16444e+08	1.32618e+08	1.22849e+08	1.24996e+08	1.24924e+08	1.23002e+08	1.55256e+08	1.26348e+08	1.17727e+08	1.29716e+08	1.55178e+08	1.54857e+08	1.55256e+08	1.26348e+08	1.17727e+08	1.29716e+08	1.55178e+08	1.54857e+08
ERR618511	2.14363e+08	2.15165e+08	2.03149e+08	2.01831e+08	1.72558e+08	1.85523e+08	2.47656e+08	3.99953e+08	2.71052e+08	2.62148e+08	2.25393e+08	2.76043e+08	2.80655e+08	2.88167e+08	3.27793e+08	3.20331e+08	3.11696e+08	2.8619e+08	2.5439e+08	3.07435e+08	3.13452e+08	2.7891e+08	2.60584e+08	2.56801e+08	2.48527e+08	2.45073e+08	2.43389e+08	2.31838e+08	2.49991e+08	2.5057e+08	2.21532e+08	2.19972e+08	2.17593e+08	2.2261e+08	2.56175e+08	2.51815e+08	2.73455e+08	2.6198e+08	3.02242e+08	2.62415e+08	3.03486e+08	2.33859e+08	2.18795e+08	2.15601e+08	1.85783e+08	2.13327e+08	2.02264e+08	2.01407e+08	1.3615e+08	1.32775e+08	1.43923e+08	1.45424e+08	1.26301e+08	1.3451e+08	1.78797e+08	2.06189e+08	1.83464e+08	1.9313e+08	1.8251e+08	2.09828e+08	1.82156e+08	1.74347e+08	2.23416e+08	1.90722e+08	2.2625e+08	2.08537e+08	2.08212e+08	2.21127e+08	2.24874e+08	1.90334e+08	1.90792e+08	1.87004e+08	1.79403e+08	1.85591e+08	1.75796e+08	1.73591e+08	1.85582e+08	1.81279e+08	1.26792e+08	1.44659e+08	1.33963e+08	1.36287e+08	1.3617e+08	1.34162e+08	1.69028e+08	1.37491e+08	1.28245e+08	1.41225e+08	1.6882e+08	1.68514e+08	1.69028e+08	1.37491e+08	1.28245e+08	1.41225e+08	1.6882e+08	1.68514e+08
ERR618507	2.17378e+08	2.17739e+08	2.05552e+08	2.04581e+08	1.74851e+08	1.87713e+08	2.50352e+08	2.71052e+08	4.05979e+08	2.62388e+08	2.28321e+08	2.76567e+08	2.82672e+08	2.90344e+08	3.29298e+08	3.21922e+08	3.13697e+08	2.88191e+08	2.55703e+08	3.08971e+08	3.1493e+08	2.80095e+08	2.62011e+08	2.58211e+08	2.50564e+08	2.47346e+08	2.45515e+08	2.33904e+08	2.51949e+08	2.53003e+08	2.22938e+08	2.21278e+08	2.19196e+08	2.24187e+08	2.57455e+08	2.53199e+08	2.74599e+08	2.62427e+08	3.03486e+08	2.63066e+08	3.04665e+08	2.35082e+08	2.20617e+08	2.17491e+08	1.87151e+08	2.15011e+08	2.03856e+08	2.03217e+08	1.36337e+08	1.32769e+08	1.44017e+08	1.45388e+08	1.26018e+08	1.34589e+08	1.80338e+08	2.07599e+08	1.84678e+08	1.94734e+08	1.83764e+08	2.11307e+08	1.83113e+08	1.76108e+08	2.24874e+08	1.91884e+08	2.27393e+08	2.10246e+08	2.09572e+08	2.22252e+08	2.2598e+08	1.91356e+08	1.91841e+08	1.88414e+08	1.81164e+08	1.87771e+08	1.77686e+08	1.75806e+08	1.87427e+08	1.83217e+08	1.27752e+08	1.45658e+08	1.34737e+08	1.372e+08	1.37179e+08	1.34995e+08	1.70666e+08	1.3871e+08	1.29264e+08	1.42389e+08	1.70565e+08	1.70241e+08	1.70666e+08	1.3871e+08	1.29264e+08	1.42389e+08	1.70565e+08	1.70241e+08
ERR618510	2.07313e+08	2.07947e+08	1.96465e+08	1.95033e+08	1.66834e+08	1.79287e+08	2.39773e+08	2.62148e+08	2.62388e+08	3.78759e+08	2.18347e+08	2.67284e+08	2.71418e+08	2.78622e+08	3.17018e+08	3.09939e+08	3.01256e+08	2.76689e+08	2.46129e+08	2.97519e+08	3.03254e+08	2.69825e+08	2.52205e+08	2.48343e+08	2.4017e+08	2.37024e+08	2.35156e+08	2.24022e+08	2.41512e+08	2.42037e+08	2.14366e+08	2.13009e+08	2.10646e+08	2.15474e+08	2.47894e+08	2.43727e+08	2.64819e+08	2.53544e+08	2.92615e+08	2.54065e+08	2.9366e+08	2.2654e+08	2.11761e+08	2.0869e+08	1.79853e+08	2.06517e+08	1.95813e+08	1.94935e+08	1.31486e+08	1.28173e+08	1.3913e+08	1.40515e+08	1.22109e+08	1.29978e+08	1.72854e+08	1.99336e+08	1.77301e+08	1.86727e+08	1.76443e+08	2.02804e+08	1.75984e+08	1.68591e+08	2.16004e+08	1.84407e+08	2.18668e+08	2.01651e+08	2.01381e+08	2.13847e+08	2.17432e+08	1.84004e+08	1.84574e+08	1.80794e+08	1.73504e+08	1.79461e+08	1.69953e+08	1.67883e+08	1.79489e+08	1.75299e+08	1.22575e+08	1.39696e+08	1.29507e+08	1.31764e+08	1.31504e+08	1.29689e+08	1.63327e+08	1.32915e+08	1.23967e+08	1.36569e+08	1.63202e+08	1.62956e+08	1.63327e+08	1.32915e+08	1.23967e+08	1.36569e+08	1.63202e+08	1.62956e+08
ERR618508	1.81337e+08	1.80949e+08	1.70963e+08	1.70731e+08	1.46158e+08	1.56309e+08	2.0886e+08	2.25393e+08	2.28321e+08	2.18347e+08	2.98249e+08	2.29925e+08	2.35402e+08	2.41923e+08	2.73178e+08	2.67045e+08	2.60623e+08	2.4e+08	2.12609e+08	2.56508e+08	2.6081e+08	2.32545e+08	2.17685e+08	2.14596e+08	2.08017e+08	2.05297e+08	2.0389e+08	1.94305e+08	2.09083e+08	2.10079e+08	1.85398e+08	1.83448e+08	1.82116e+08	1.86279e+08	2.12883e+08	2.0952e+08	2.27964e+08	2.17748e+08	2.51437e+08	2.18072e+08	2.52467e+08	1.95722e+08	1.84262e+08	1.81723e+08	1.56561e+08	1.79788e+08	1.70155e+08	1.69891e+08	1.12194e+08	1.0915e+08	1.1851e+08	1.1946e+08	1.03482e+08	1.10679e+08	1.48996e+08	1.70905e+08	1.52331e+08	1.60681e+08	1.5161e+08	1.7405e+08	1.5087e+08	1.45875e+08	1.85202e+08	1.58087e+08	1.87203e+08	1.73346e+08	1.72863e+08	1.83006e+08	1.86025e+08	1.57629e+08	1.58053e+08	1.55535e+08	1.49971e+08	1.55284e+08	1.46999e+08	1.45576e+08	1.54959e+08	1.51476e+08	1.05768e+08	1.2051e+08	1.11474e+08	1.13468e+08	1.13395e+08	1.11643e+08	1.41254e+08	1.14908e+08	1.07053e+08	1.17905e+08	1.4119e+08	1.40838e+08	1.41254e+08	1.14908e+08	1.07053e+08	1.17905e+08	1.4119e+08	1.40838e+08
ERR618512	2.18912e+08	2.19509e+08	2.07389e+08	2.06041e+08	1.76084e+08	1.89227e+08	2.5252e+08	2.76043e+08	2.76567e+08	2.67284e+08	2.29925e+08	4.14197e+08	2.86506e+08	2.94145e+08	3.34426e+08	3.26731e+08	3.18123e+08	2.91882e+08	2.59298e+08	3.13569e+08	3.19682e+08	2.84391e+08	2.65744e+08	2.617e+08	2.53424e+08	2.50064e+08	2.48245e+08	2.36573e+08	2.55035e+08	2.55521e+08	2.25963e+08	2.2451e+08	2.21997e+08	2.2718e+08	2.61377e+08	2.57137e+08	2.79075e+08	2.67249e+08	3.08385e+08	2.67731e+08	3.09616e+08	2.38704e+08	2.23195e+08	2.20021e+08	1.89431e+08	2.17546e+08	2.06212e+08	2.05371e+08	1.38979e+08	1.35469e+08	1.46873e+08	1.48475e+08	1.28961e+08	1.3735e+08	1.82494e+08	2.10582e+08	1.87459e+08	1.97183e+08	1.86412e+08	2.1441e+08	1.85934e+08	1.78138e+08	2.28389e+08	1.94826e+08	2.30939e+08	2.12965e+08	2.12632e+08	2.25971e+08	2.29662e+08	1.94427e+08	1.94898e+08	1.90929e+08	1.83282e+08	1.89652e+08	1.79529e+08	1.77476e+08	1.89628e+08	1.85193e+08	1.29487e+08	1.4771e+08	1.36864e+08	1.39235e+08	1.38957e+08	1.36981e+08	1.72588e+08	1.40438e+08	1.30981e+08	1.4414e+08	1.72342e+08	1.72021e+08	1.72588e+08	1.40438e+08	1.30981e+08	1.4414e+08	1.72342e+08	1.72021e+08
ERR617061	2.33504e+08	2.3291e+08	2.20072e+08	2.19812e+08	1.87932e+08	2.01453e+08	2.58274e+08	2.80655e+08	2.82672e+08	2.71418e+08	2.35402e+08	2.86506e+08	4.90637e+08	3.5823e+08	4.00044e+08	3.91577e+08	3.82397e+08	3.55113e+08	2.71467e+08	3.29487e+08	3.34723e+08	2.9769e+08	2.78126e+08	2.74146e+08	2.68179e+08	2.64522e+08	2.6262e+08	2.50192e+08	2.69574e+08	2.70805e+08	2.4176e+08	2.39221e+08	2.37598e+08	2.43136e+08	2.78391e+08	2.73403e+08	2.94362e+08	2.81015e+08	3.25388e+08	2.81393e+08	3.27023e+08	2.51941e+08	2.34264e+08	2.31087e+08	1.98076e+08	2.28331e+08	2.15702e+08	2.15643e+08	1.49281e+08	1.44916e+08	1.5765e+08	1.58923e+08	1.37103e+08	1.47301e+08	1.98511e+08	2.27637e+08	2.02709e+08	2.14002e+08	2.0163e+08	2.31707e+08	2.00805e+08	1.94746e+08	2.4708e+08	2.10557e+08	2.50032e+08	2.31347e+08	2.29845e+08	2.43293e+08	2.47565e+08	2.09559e+08	2.10239e+08	2.06674e+08	1.94296e+08	2.01425e+08	1.90616e+08	1.88463e+08	2.00909e+08	1.96456e+08	1.5729e+08	1.77721e+08	1.64505e+08	1.66528e+08	1.66504e+08	1.63625e+08	1.84434e+08	1.49356e+08	1.3897e+08	1.53208e+08	1.8429e+08	1.83868e+08	1.84434e+08	1.49356e+08	1.3897e+08	1.53208e+08	1.8429e+08	1.83868e+08
ERR617062	2.41279e+08	2.40247e+08	2.27033e+08	2.27048e+08	1.94078e+08	2.07718e+08	2.65408e+08	2.88167e+08	2.90344e+08	2.78622e+08	2.41923e+08	2.94145e+08	3.5823e+08	5.13447e+08	4.10182e+08	4.01609e+08	3.92467e+08	3.64609e+08	2.79076e+08	3.38854e+08	3.44055e+08	3.05979e+08	2.8579e+08	2.81802e+08	2.76338e+08	2.72426e+08	2.70679e+08	2.57737e+08	2.77613e+08	2.79089e+08	2.48606e+08	2.45597e+08	2.44121e+08	2.49858e+08	2.85718e+08	2.8051e+08	3.02126e+08	2.88294e+08	3.33906e+08	2.88652e+08	3.35646e+08	2.58662e+08	2.41241e+08	2.37901e+08	2.03878e+08	2.35184e+08	2.21904e+08	2.21918e+08	1.52992e+08	1.48546e+08	1.61736e+08	1.62698e+08	1.40258e+08	1.50859e+08	2.03785e+08	2.33721e+08	2.08278e+08	2.1985e+08	2.07049e+08	2.37982e+08	2.0616e+08	2.00389e+08	2.53901e+08	2.16269e+08	2.56645e+08	2.3792e+08	2.36164e+08	2.49843e+08	2.54024e+08	2.15123e+08	2.15736e+08	2.12383e+08	1.99851e+08	2.07302e+08	1.96062e+08	1.93938e+08	2.06606e+08	2.02053e+08	1.60959e+08	1.82102e+08	1.68522e+08	1.70633e+08	1.70608e+08	1.67604e+08	1.89741e+08	1.53492e+08	1.42781e+08	1.57571e+08	1.89677e+08	1.89221e+08	1.89741e+08	1.53492e+08	1.42781e+08	1.57571e+08	1.89677e+08	1.89221e+08
ERR617059	2.69674e+08	2.71366e+08	2.56253e+08	2.53697e+08	2.16555e+08	2.33567e+08	3.0052e+08	3.27793e+08	3.29298e+08	3.17018e+08	2.73178e+08	3.34426e+08	4.00044e+08	4.10182e+08	6.35202e+08	4.5647e+08	4.43637e+08	4.07097e+08	3.18455e+08	3.87512e+08	3.95385e+08	3.50369e+08	3.26304e+08	3.21547e+08	3.13636e+08	3.09265e+08	3.0695e+08	2.92229e+08	3.15758e+08	3.16027e+08	2.82963e+08	2.81403e+08	2.7798e+08	2.84628e+08	3.28696e+08	3.2291e+08	3.46445e+08	3.3156e+08	3.83753e+08	3.32078e+08	3.85608e+08	2.94804e+08	2.72384e+08	2.68694e+08	2.30163e+08	2.65514e+08	2.5136e+08	2.50433e+08	1.78657e+08	1.74243e+08	1.89134e+08	1.91414e+08	1.659e+08	1.76677e+08	2.34259e+08	2.70672e+08	2.40589e+08	2.53308e+08	2.39298e+08	2.75417e+08	2.38659e+08	2.28054e+08	2.9374e+08	2.50442e+08	2.97589e+08	2.73895e+08	2.72764e+08	2.89833e+08	2.9488e+08	2.49185e+08	2.50004e+08	2.44507e+08	2.28964e+08	2.37133e+08	2.24298e+08	2.21324e+08	2.37077e+08	2.31422e+08	1.82587e+08	2.07117e+08	1.91659e+08	1.94162e+08	1.93899e+08	1.90906e+08	2.17417e+08	1.76338e+08	1.64301e+08	1.81178e+08	2.17087e+08	2.16664e+08	2.17417e+08	1.76338e+08	1.64301e+08	1.81178e+08	2.17087e+08	2.16664e+08
ERR617058	2.63704e+08	2.64994e+08	2.5023e+08	2.48154e+08	2.11692e+08	2.28182e+08	2.9389e+08	3.20331e+08	3.21922e+08	3.09939e+08	2.67045e+08	3.26731e+08	3.91577e+08	4.01609e+08	4.5647e+08	6.11378e+08	4.34174e+08	3.98642e+08	3.10968e+08	3.78345e+08	3.86059e+08	3.42266e+08	3.18708e+08	3.14079e+08	3.06447e+08	3.02184e+08	2.99874e+08	2.85454e+08	3.08435e+08	3.087e+08	2.76394e+08	2.74805e+08	2.71675e+08	2.78127e+08	3.20988e+08	3.15262e+08	3.38483e+08	3.23945e+08	3.748e+08	3.24232e+08	3.76499e+08	2.87825e+08	2.66338e+08	2.62496e+08	2.25147e+08	2.59414e+08	2.45809e+08	2.44644e+08	1.74215e+08	1.69949e+08	1.84336e+08	1.86374e+08	1.61633e+08	1.72095e+08	2.28611e+08	2.64114e+08	2.34681e+08	2.47097e+08	2.33473e+08	2.68848e+08	2.32954e+08	2.22515e+08	2.86635e+08	2.44248e+08	2.90173e+08	2.67073e+08	2.66022e+08	2.82944e+08	2.87729e+08	2.43104e+08	2.43786e+08	2.38611e+08	2.23336e+08	2.31248e+08	2.18844e+08	2.15975e+08	2.31109e+08	2.25715e+08	1.78502e+08	2.02215e+08	1.87323e+08	1.89687e+08	1.89316e+08	1.86417e+08	2.11856e+08	1.71915e+08	1.60259e+08	1.76796e+08	2.11666e+08	2.11212e+08	2.11856e+08	1.71915e+08	1.60259e+08	1.76796e+08	2.11666e+08	2.11212e+08
ERR617057	2.5885e+08	2.59147e+08	2.44763e+08	2.43562e+08	2.07902e+08	2.2351e+08	2.86453e+08	3.11696e+08	3.13697e+08	3.01256e+08	2.60623e+08	3.18123e+08	3.82397e+08	3.92467e+08	4.43637e+08	4.34174e+08	5.8292e+08	3.89262e+08	3.02339e+08	3.67628e+08	3.74169e+08	3.31996e+08	3.09809e+08	3.05308e+08	2.98734e+08	2.94629e+08	2.92558e+08	2.78444e+08	3.00375e+08	3.01368e+08	2.69128e+08	2.66733e+08	2.64304e+08	2.7073e+08	3.11057e+08	3.055e+08	3.28202e+08	3.13548e+08	3.63194e+08	3.14037e+08	3.64981e+08	2.80024e+08	2.60171e+08	2.56482e+08	2.19756e+08	2.53631e+08	2.39703e+08	2.39114e+08	1.6769e+08	1.63202e+08	1.77267e+08	1.78981e+08	1.5478e+08	1.65516e+08	2.21878e+08	2.55511e+08	2.27231e+08	2.39503e+08	2.25829e+08	2.59989e+08	2.25351e+08	2.16612e+08	2.77256e+08	2.36238e+08	2.80475e+08	2.59073e+08	2.57571e+08	2.73278e+08	2.77941e+08	2.34912e+08	2.35636e+08	2.31265e+08	2.17226e+08	2.25292e+08	2.13085e+08	2.10409e+08	2.24822e+08	2.19541e+08	1.73689e+08	1.96641e+08	1.81974e+08	1.84297e+08	1.84358e+08	1.81214e+08	2.06148e+08	1.66978e+08	1.55567e+08	1.71759e+08	2.05917e+08	2.05518e+08	2.06148e+08	1.66978e+08	1.55567e+08	1.71759e+08	2.05917e+08	2.05518e+08
ERR617060	2.38042e+08	2.37538e+08	2.24481e+08	2.24109e+08	1.91532e+08	2.05229e+08	2.6319e+08	2.8619e+08	2.88191e+08	2.76689e+08	2.4e+08	2.91882e+08	3.55113e+08	3.64609e+08	4.07097e+08	3.98642e+08	3.89262e+08	5.05706e+08	2.76683e+08	3.36224e+08	3.41434e+08	3.03527e+08	2.8341e+08	2.7953e+08	2.73468e+08	2.69751e+08	2.67789e+08	2.55021e+08	2.74808e+08	2.76205e+08	2.46416e+08	2.43931e+08	2.42192e+08	2.47844e+08	2.83864e+08	2.78886e+08	3.00203e+08	2.86446e+08	3.31662e+08	2.86909e+08	3.33371e+08	2.56918e+08	2.38778e+08	2.35531e+08	2.01811e+08	2.32687e+08	2.19827e+08	2.19757e+08	1.52376e+08	1.48011e+08	1.61115e+08	1.62253e+08	1.39997e+08	1.50329e+08	2.02293e+08	2.32149e+08	2.06829e+08	2.18303e+08	2.05599e+08	2.36342e+08	2.04861e+08	1.98614e+08	2.52157e+08	2.14845e+08	2.55281e+08	2.36097e+08	2.34611e+08	2.48465e+08	2.52577e+08	2.13856e+08	2.14571e+08	2.10924e+08	1.98165e+08	2.05438e+08	1.94455e+08	1.92209e+08	2.04925e+08	2.00316e+08	1.59957e+08	1.80833e+08	1.67486e+08	1.69486e+08	1.69439e+08	1.66515e+08	1.88166e+08	1.52432e+08	1.41731e+08	1.56526e+08	1.88063e+08	1.87636e+08	1.88166e+08	1.52432e+08	1.41731e+08	1.56526e+08	1.88063e+08	1.87636e+08
ERR636821	2.46775e+08	2.46737e+08	2.33282e+08	2.32409e+08	1.99517e+08	2.13514e+08	2.33566e+08	2.5439e+08	2.55703e+08	2.46129e+08	2.12609e+08	2.59298e+08	2.71467e+08	2.79076e+08	3.18455e+08	3.10968e+08	3.02339e+08	2.76683e+08	4.55552e+08	3.84971e+08	3.91954e+08	3.50149e+08	3.28665e+08	3.23505e+08	2.80875e+08	2.77462e+08	2.75608e+08	2.62475e+08	2.82412e+08	2.83114e+08	2.45368e+08	2.43382e+08	2.40884e+08	2.4656e+08	2.82982e+08	2.78217e+08	3.0432e+08	2.91777e+08	3.35791e+08	2.92391e+08	3.3691e+08	2.61054e+08	2.63035e+08	2.59284e+08	2.23791e+08	2.56522e+08	2.43101e+08	2.42505e+08	1.45511e+08	1.42074e+08	1.54124e+08	1.55785e+08	1.35224e+08	1.43927e+08	1.8838e+08	2.17376e+08	1.9348e+08	2.03456e+08	1.92337e+08	2.21426e+08	1.91602e+08	1.83078e+08	2.35309e+08	2.00863e+08	2.38328e+08	2.19491e+08	2.21013e+08	2.34931e+08	2.39146e+08	2.02181e+08	2.02797e+08	1.98565e+08	1.88729e+08	1.95415e+08	1.84945e+08	1.82614e+08	1.95286e+08	1.90565e+08	1.31749e+08	1.5038e+08	1.39283e+08	1.4187e+08	1.4152e+08	1.39477e+08	1.78418e+08	1.44902e+08	1.3498e+08	1.48932e+08	1.78217e+08	1.77883e+08	1.78418e+08	1.44902e+08	1.3498e+08	1.48932e+08	1.78217e+08	1.77883e+08
ERR636819	2.97613e+08	2.98239e+08	2.81819e+08	2.80285e+08	2.40041e+08	2.57589e+08	2.82138e+08	3.07435e+08	3.08971e+08	2.97519e+08	2.56508e+08	3.13569e+08	3.29487e+08	3.38854e+08	3.87512e+08	3.78345e+08	3.67628e+08	3.36224e+08	3.84971e+08	6.37021e+08	4.75677e+08	4.23637e+08	3.9477e+08	3.888e+08	3.40033e+08	3.35758e+08	3.33295e+08	3.17e+08	3.41728e+08	3.42382e+08	2.96885e+08	2.94886e+08	2.9147e+08	2.9841e+08	3.43626e+08	3.37764e+08	3.67526e+08	3.52233e+08	4.06578e+08	3.52878e+08	4.07976e+08	3.14138e+08	3.14905e+08	3.10275e+08	2.6693e+08	3.0679e+08	2.90542e+08	2.89726e+08	1.79242e+08	1.74999e+08	1.89818e+08	1.92087e+08	1.66478e+08	1.77264e+08	2.32287e+08	2.68413e+08	2.38808e+08	2.51075e+08	2.3743e+08	2.73446e+08	2.36147e+08	2.25914e+08	2.90509e+08	2.47726e+08	2.94239e+08	2.71022e+08	2.72586e+08	2.89872e+08	2.9492e+08	2.49034e+08	2.50213e+08	2.44622e+08	2.31226e+08	2.39647e+08	2.26548e+08	2.23734e+08	2.39445e+08	2.33657e+08	1.62444e+08	1.85608e+08	1.72007e+08	1.75026e+08	1.74561e+08	1.72052e+08	2.18518e+08	1.77091e+08	1.65136e+08	1.82027e+08	2.18176e+08	2.17851e+08	2.18518e+08	1.77091e+08	1.65136e+08	1.82027e+08	2.18176e+08	2.17851e+08
ERR636818	3.01179e+08	3.02787e+08	2.86071e+08	2.8352e+08	2.42701e+08	2.61291e+08	2.87194e+08	3.13452e+08	3.1493e+08	3.03254e+08	2.6081e+08	3.19682e+08	3.34723e+08	3.44055e+08	3.95385e+08	3.86059e+08	3.74169e+08	3.41434e+08	3.91954e+08	4.75677e+08	6.59734e+08	4.31762e+08	4.02147e+08	3.95679e+08	3.46136e+08	3.41554e+08	3.39058e+08	3.22465e+08	3.481e+08	3.48254e+08	3.0214e+08	3.00789e+08	2.96837e+08	3.03938e+08	3.51172e+08	3.45137e+08	3.75201e+08	3.59839e+08	4.15006e+08	3.60473e+08	4.16781e+08	3.19792e+08	3.19666e+08	3.14833e+08	2.71077e+08	3.11359e+08	2.95322e+08	2.94162e+08	1.8452e+08	1.80344e+08	1.95399e+08	1.98074e+08	1.72021e+08	1.82445e+08	2.37411e+08	2.75177e+08	2.44509e+08	2.56751e+08	2.43087e+08	2.80315e+08	2.42365e+08	2.30226e+08	2.97846e+08	2.54037e+08	3.01822e+08	2.77155e+08	2.79029e+08	2.97337e+08	3.02625e+08	2.5539e+08	2.56384e+08	2.50201e+08	2.36108e+08	2.44373e+08	2.3112e+08	2.28128e+08	2.44599e+08	2.38499e+08	1.66118e+08	1.90042e+08	1.75853e+08	1.79001e+08	1.78586e+08	1.7621e+08	2.23013e+08	1.80986e+08	1.6893e+08	1.86173e+08	2.22694e+08	2.22457e+08	2.23013e+08	1.80986e+08	1.6893e+08	1.86173e+08	2.22694e+08	2.22457e+08
ERR636817	2.69167e+08	2.70049e+08	2.55187e+08	2.53434e+08	2.1726e+08	2.33347e+08	2.55833e+08	2.7891e+08	2.80095e+08	2.69825e+08	2.32545e+08	2.84391e+08	2.9769e+08	3.05979e+08	3.50369e+08	3.42266e+08	3.31996e+08	3.03527e+08	3.50149e+08	4.23637e+08	4.31762e+08	5.35821e+08	3.59005e+08	3.53419e+08	3.08061e+08	3.04114e+08	3.02009e+08	2.87413e+08	3.09653e+08	3.10145e+08	2.69066e+08	2.67501e+08	2.64167e+08	2.70586e+08	3.11526e+08	3.06287e+08	3.34119e+08	3.20539e+08	3.69113e+08	3.21065e+08	3.70474e+08	2.85735e+08	2.86544e+08	2.82309e+08	2.43482e+08	2.7934e+08	2.64973e+08	2.63902e+08	1.61591e+08	1.57783e+08	1.71083e+08	1.73318e+08	1.50438e+08	1.598e+08	2.08386e+08	2.41059e+08	2.14486e+08	2.2532e+08	2.13299e+08	2.45537e+08	2.12283e+08	2.02515e+08	2.61086e+08	2.22795e+08	2.64488e+08	2.43162e+08	2.44816e+08	2.60749e+08	2.65222e+08	2.24251e+08	2.24926e+08	2.19824e+08	2.08087e+08	2.15303e+08	2.03817e+08	2.01176e+08	2.15428e+08	2.1022e+08	1.4588e+08	1.66693e+08	1.54363e+08	1.57077e+08	1.56681e+08	1.54549e+08	1.96869e+08	1.59827e+08	1.48944e+08	1.64276e+08	1.96513e+08	1.96316e+08	1.96869e+08	1.59827e+08	1.48944e+08	1.64276e+08	1.96513e+08	1.96316e+08
ERR636820	2.53028e+08	2.53179e+08	2.39262e+08	2.38335e+08	2.0459e+08	2.19059e+08	2.39374e+08	2.60584e+08	2.62011e+08	2.52205e+08	2.17685e+08	2.65744e+08	2.78126e+08	2.8579e+08	3.26304e+08	3.18708e+08	3.09809e+08	2.8341e+08	3.28665e+08	3.9477e+08	4.02147e+08	3.59005e+08	4.75616e+08	3.31697e+08	2.88359e+08	2.84663e+08	2.8269e+08	2.69216e+08	2.89712e+08	2.9035e+08	2.51459e+08	2.49602e+08	2.47013e+08	2.5267e+08	2.90252e+08	2.85384e+08	3.12114e+08	2.99252e+08	3.44545e+08	2.99858e+08	3.45654e+08	2.67644e+08	2.69575e+08	2.65826e+08	2.29232e+08	2.62827e+08	2.49204e+08	2.48469e+08	1.4943e+08	1.45877e+08	1.58242e+08	1.59995e+08	1.3879e+08	1.47798e+08	1.93457e+08	2.23277e+08	1.98603e+08	2.09079e+08	1.97605e+08	2.27442e+08	1.96757e+08	1.8804e+08	2.41677e+08	2.06354e+08	2.44893e+08	2.25468e+08	2.27156e+08	2.4139e+08	2.4559e+08	2.07629e+08	2.08261e+08	2.03891e+08	1.93921e+08	2.00851e+08	1.90165e+08	1.87736e+08	2.00862e+08	1.95998e+08	1.35265e+08	1.54518e+08	1.43174e+08	1.45568e+08	1.45355e+08	1.43388e+08	1.8327e+08	1.48874e+08	1.38708e+08	1.53012e+08	1.83039e+08	1.82788e+08	1.8327e+08	1.48874e+08	1.38708e+08	1.53012e+08	1.83039e+08	1.82788e+08
ERR636822	2.4932e+08	2.49281e+08	2.35744e+08	2.34787e+08	2.0166e+08	2.15757e+08	2.35899e+08	2.56801e+08	2.58211e+08	2.48343e+08	2.14596e+08	2.617e+08	2.74146e+08	2.81802e+08	3.21547e+08	3.14079e+08	3.05308e+08	2.7953e+08	3.23505e+08	3.888e+08	3.95679e+08	3.53419e+08	3.31697e+08	4.62994e+08	2.8388e+08	2.80322e+08	2.78258e+08	2.65153e+08	2.85206e+08	2.86003e+08	2.47457e+08	2.45681e+08	2.43286e+08	2.48901e+08	2.85561e+08	2.80891e+08	3.07354e+08	2.94472e+08	3.3908e+08	2.95141e+08	3.40271e+08	2.63642e+08	2.65574e+08	2.61831e+08	2.25934e+08	2.58911e+08	2.45518e+08	2.44715e+08	1.46838e+08	1.43262e+08	1.55463e+08	1.57162e+08	1.36338e+08	1.45167e+08	1.90325e+08	2.19762e+08	1.95539e+08	2.0572e+08	1.94432e+08	2.23634e+08	1.93486e+08	1.85204e+08	2.37688e+08	2.02938e+08	2.40798e+08	2.21814e+08	2.23269e+08	2.37299e+08	2.41558e+08	2.042e+08	2.04791e+08	2.00514e+08	1.90787e+08	1.97691e+08	1.86962e+08	1.84712e+08	1.9752e+08	1.92853e+08	1.33072e+08	1.51952e+08	1.40671e+08	1.43194e+08	1.42986e+08	1.40976e+08	1.80369e+08	1.46397e+08	1.36566e+08	1.50474e+08	1.80035e+08	1.79783e+08	1.80369e+08	1.46397e+08	1.36566e+08	1.50474e+08	1.80035e+08	1.79783e+08
ERR637038	2.68147e+08	2.69139e+08	2.55078e+08	2.53283e+08	2.17487e+08	2.34033e+08	2.28295e+08	2.48527e+08	2.50564e+08	2.4017e+08	2.08017e+08	2.53424e+08	2.68179e+08	2.76338e+08	3.13636e+08	3.06447e+08	2.98734e+08	2.73468e+08	2.80875e+08	3.40033e+08	3.46136e+08	3.08061e+08	2.88359e+08	2.8388e+08	4.61876e+08	3.252e+08	3.23195e+08	3.07773e+08	3.29252e+08	3.30303e+08	2.23526e+08	2.21582e+08	2.19794e+08	2.25144e+08	2.59196e+08	2.54695e+08	2.78983e+08	2.66393e+08	3.0926e+08	2.67056e+08	3.10356e+08	2.37784e+08	2.45488e+08	2.41873e+08	2.07904e+08	2.39299e+08	2.26272e+08	2.25934e+08	1.3052e+08	1.27014e+08	1.38384e+08	1.39637e+08	1.20122e+08	1.2888e+08	1.75306e+08	2.02351e+08	1.79655e+08	1.89518e+08	1.78554e+08	2.06213e+08	1.7759e+08	1.71169e+08	2.19316e+08	1.86342e+08	2.21889e+08	2.04889e+08	2.03841e+08	2.16502e+08	2.20387e+08	1.8548e+08	1.86049e+08	1.8277e+08	1.78689e+08	1.85733e+08	1.75314e+08	1.7334e+08	1.85051e+08	1.8057e+08	1.22601e+08	1.40436e+08	1.29726e+08	1.32136e+08	1.32038e+08	1.29846e+08	1.6862e+08	1.35819e+08	1.26298e+08	1.3961e+08	1.68332e+08	1.68009e+08	1.6862e+08	1.35819e+08	1.26298e+08	1.3961e+08	1.68332e+08	1.68009e+08
ERR637037	2.65134e+08	2.65944e+08	2.522e+08	2.50523e+08	2.15116e+08	2.31364e+08	2.25495e+08	2.45073e+08	2.47346e+08	2.37024e+08	2.05297e+08	2.50064e+08	2.64522e+08	2.72426e+08	3.09265e+08	3.02184e+08	2.94629e+08	2.69751e+08	2.77462e+08	3.35758e+08	3.41554e+08	3.04114e+08	2.84663e+08	2.80322e+08	3.252e+08	4.52489e+08	3.19428e+08	3.04237e+08	3.25472e+08	3.26433e+08	2.20545e+08	2.18561e+08	2.16764e+08	2.22028e+08	2.55588e+08	2.50992e+08	2.75262e+08	2.62728e+08	3.05082e+08	2.63382e+08	3.06024e+08	2.34743e+08	2.42538e+08	2.38823e+08	2.05518e+08	2.36336e+08	2.23542e+08	2.23375e+08	1.28477e+08	1.24894e+08	1.36154e+08	1.37463e+08	1.18331e+08	1.26966e+08	1.72769e+08	1.99447e+08	1.76991e+08	1.86803e+08	1.76019e+08	2.03142e+08	1.75161e+08	1.68731e+08	2.16254e+08	1.83585e+08	2.18742e+08	2.01918e+08	2.00917e+08	2.1339e+08	2.17002e+08	1.82836e+08	1.83276e+08	1.8012e+08	1.764e+08	1.83185e+08	1.72951e+08	1.71052e+08	1.82549e+08	1.78207e+08	1.20782e+08	1.38408e+08	1.27704e+08	1.30211e+08	1.30131e+08	1.27957e+08	1.66326e+08	1.33995e+08	1.24526e+08	1.37693e+08	1.65992e+08	1.65732e+08	1.66326e+08	1.33995e+08	1.24526e+08	1.37693e+08	1.65992e+08	1.65732e+08
ERR637036	2.63571e+08	2.64489e+08	2.50644e+08	2.49151e+08	2.13877e+08	2.29964e+08	2.23779e+08	2.43389e+08	2.45515e+08	2.35156e+08	2.0389e+08	2.48245e+08	2.6262e+08	2.70679e+08	3.0695e+08	2.99874e+08	2.92558e+08	2.67789e+08	2.75608e+08	3.33295e+08	3.39058e+08	3.02009e+08	2.8269e+08	2.78258e+08	3.23195e+08	3.19428e+08	4.47136e+08	3.02272e+08	3.23392e+08	3.24319e+08	2.19046e+08	2.16937e+08	2.15302e+08	2.20487e+08	2.53649e+08	2.49349e+08	2.73478e+08	2.60985e+08	3.02888e+08	2.61631e+08	3.04122e+08	2.33277e+08	2.40962e+08	2.37372e+08	2.0421e+08	2.34847e+08	2.22032e+08	2.21887e+08	1.27485e+08	1.23972e+08	1.35116e+08	1.36393e+08	1.17307e+08	1.25752e+08	1.71435e+08	1.98007e+08	1.75647e+08	1.85401e+08	1.74616e+08	2.01488e+08	1.73662e+08	1.67408e+08	2.14491e+08	1.82186e+08	2.17013e+08	2.0036e+08	1.99306e+08	2.11775e+08	2.15297e+08	1.81405e+08	1.81948e+08	1.78778e+08	1.75036e+08	1.8178e+08	1.71497e+08	1.69696e+08	1.81131e+08	1.76799e+08	1.19745e+08	1.37199e+08	1.26659e+08	1.29123e+08	1.29035e+08	1.26872e+08	1.65134e+08	1.33026e+08	1.23657e+08	1.36689e+08	1.64815e+08	1.64557e+08	1.65134e+08	1.33026e+08	1.23657e+08	1.36689e+08	1.64815e+08	1.64557e+08
ERR637033	2.51845e+08	2.52519e+08	2.39556e+08	2.38013e+08	2.04681e+08	2.19855e+08	2.13283e+08	2.31838e+08	2.33904e+08	2.24022e+08	1.94305e+08	2.36573e+08	2.50192e+08	2.57737e+08	2.92229e+08	2.85454e+08	2.78444e+08	2.55021e+08	2.62475e+08	3.17e+08	3.22465e+08	2.87413e+08	2.69216e+08	2.65153e+08	3.07773e+08	3.04237e+08	3.02272e+08	4.13282e+08	3.09897e+08	3.10929e+08	2.0852e+08	2.0636e+08	2.04846e+08	2.09782e+08	2.41193e+08	2.36892e+08	2.60034e+08	2.48206e+08	2.88015e+08	2.48884e+08	2.89117e+08	2.22134e+08	2.29915e+08	2.26632e+08	1.95083e+08	2.24256e+08	2.11988e+08	2.11801e+08	1.20664e+08	1.17222e+08	1.27738e+08	1.28942e+08	1.10897e+08	1.19016e+08	1.62515e+08	1.87284e+08	1.66372e+08	1.75629e+08	1.65356e+08	1.90841e+08	1.6449e+08	1.58717e+08	2.03209e+08	1.72477e+08	2.05413e+08	1.89751e+08	1.88954e+08	2.00664e+08	2.04095e+08	1.71884e+08	1.72344e+08	1.69403e+08	1.6622e+08	1.72643e+08	1.6301e+08	1.61237e+08	1.71976e+08	1.67905e+08	1.13644e+08	1.30099e+08	1.20174e+08	1.22414e+08	1.22321e+08	1.20279e+08	1.57012e+08	1.26425e+08	1.17613e+08	1.29881e+08	1.56702e+08	1.56318e+08	1.57012e+08	1.26425e+08	1.17613e+08	1.29881e+08	1.56702e+08	1.56318e+08
ERR637034	2.68931e+08	2.70082e+08	2.56027e+08	2.54037e+08	2.18009e+08	2.34752e+08	2.2974e+08	2.49991e+08	2.51949e+08	2.41512e+08	2.09083e+08	2.55035e+08	2.69574e+08	2.77613e+08	3.15758e+08	3.08435e+08	3.00375e+08	2.74808e+08	2.82412e+08	3.41728e+08	3.481e+08	3.09653e+08	2.89712e+08	2.85206e+08	3.29252e+08	3.25472e+08	3.23392e+08	3.09897e+08	4.66196e+08	3.32432e+08	2.2516e+08	2.23179e+08	2.21305e+08	2.26619e+08	2.61083e+08	2.56617e+08	2.80829e+08	2.68055e+08	3.10989e+08	2.68655e+08	3.12161e+08	2.39152e+08	2.46468e+08	2.42906e+08	2.08757e+08	2.40171e+08	2.27268e+08	2.26817e+08	1.3183e+08	1.28244e+08	1.39777e+08	1.41104e+08	1.21463e+08	1.30119e+08	1.76732e+08	2.04342e+08	1.81326e+08	1.91256e+08	1.80206e+08	2.08096e+08	1.79357e+08	1.72484e+08	2.21453e+08	1.88086e+08	2.24248e+08	2.06837e+08	2.05708e+08	2.18825e+08	2.22589e+08	1.87366e+08	1.87896e+08	1.84413e+08	1.80241e+08	1.87127e+08	1.76661e+08	1.7457e+08	1.86465e+08	1.82041e+08	1.23702e+08	1.41676e+08	1.30839e+08	1.33276e+08	1.33222e+08	1.30954e+08	1.6992e+08	1.37004e+08	1.27394e+08	1.40805e+08	1.69675e+08	1.69423e+08	1.6992e+08	1.37004e+08	1.27394e+08	1.40805e+08	1.69675e+08	1.69423e+08
ERR637035	2.71132e+08	2.71321e+08	2.57411e+08	2.56042e+08	2.19859e+08	2.36183e+08	2.30488e+08	2.5057e+08	2.53003e+08	2.42037e+08	2.10079e+08	2.55521e+08	2.70805e+08	2.79089e+08	3.16027e+08	3.087e+08	3.01368e+08	2.76205e+08	2.83114e+08	3.42382e+08	3.48254e+08	3.10145e+08	2.9035e+08	2.86003e+08	3.30303e+08	3.26433e+08	3.24319e+08	3.10929e+08	3.32432e+08	4.68346e+08	2.2563e+08	2.23204e+08	2.21716e+08	2.27152e+08	2.60856e+08	2.56301e+08	2.81105e+08	2.68023e+08	3.11322e+08	2.68618e+08	3.12431e+08	2.39952e+08	2.47773e+08	2.44116e+08	2.09786e+08	2.41574e+08	2.28055e+08	2.28105e+08	1.31388e+08	1.27716e+08	1.39273e+08	1.40394e+08	1.20705e+08	1.29702e+08	1.77507e+08	2.04578e+08	1.81612e+08	1.91876e+08	1.80499e+08	2.08386e+08	1.79435e+08	1.73478e+08	2.21637e+08	1.88193e+08	2.23975e+08	2.0719e+08	2.06193e+08	2.18767e+08	2.22704e+08	1.87515e+08	1.88176e+08	1.84981e+08	1.8096e+08	1.88045e+08	1.77488e+08	1.75531e+08	1.87276e+08	1.82772e+08	1.2403e+08	1.41896e+08	1.30995e+08	1.33538e+08	1.33474e+08	1.31196e+08	1.70467e+08	1.37375e+08	1.27604e+08	1.41057e+08	1.70281e+08	1.69959e+08	1.70467e+08	1.37375e+08	1.27604e+08	1.41057e+08	1.70281e+08	1.69959e+08
ERR629867	1.93242e+08	1.93937e+08	1.83034e+08	1.81609e+08	1.54712e+08	1.66601e+08	2.03906e+08	2.21532e+08	2.22938e+08	2.14366e+08	1.85398e+08	2.25963e+08	2.4176e+08	2.48606e+08	2.82963e+08	2.76394e+08	2.69128e+08	2.46416e+08	2.45368e+08	2.96885e+08	3.0214e+08	2.69066e+08	2.51459e+08	2.47457e+08	2.23526e+08	2.20545e+08	2.19046e+08	2.0852e+08	2.2516e+08	2.2563e+08	3.75058e+08	2.50125e+08	2.48548e+08	2.54116e+08	2.90578e+08	2.85302e+08	2.71043e+08	2.59466e+08	2.99497e+08	2.59892e+08	3.00612e+08	2.31934e+08	2.11637e+08	2.08649e+08	1.79461e+08	2.0627e+08	1.95448e+08	1.94751e+08	1.36853e+08	1.33384e+08	1.44699e+08	1.46192e+08	1.26845e+08	1.35231e+08	1.76337e+08	2.03261e+08	1.80912e+08	1.90424e+08	1.79926e+08	2.069e+08	1.79263e+08	1.72057e+08	2.20179e+08	1.87842e+08	2.22809e+08	2.05617e+08	2.07352e+08	2.20124e+08	2.238e+08	1.89634e+08	1.90232e+08	1.86434e+08	1.73761e+08	1.79956e+08	1.70231e+08	1.68166e+08	1.79722e+08	1.75646e+08	1.253e+08	1.43128e+08	1.32599e+08	1.34906e+08	1.34633e+08	1.32811e+08	1.67112e+08	1.35907e+08	1.26847e+08	1.39569e+08	1.66857e+08	1.66589e+08	1.67112e+08	1.35907e+08	1.26847e+08	1.39569e+08	1.66857e+08	1.66589e+08
ERR629863	1.90138e+08	1.91724e+08	1.81014e+08	1.78656e+08	1.52061e+08	1.64538e+08	2.01989e+08	2.19972e+08	2.21278e+08	2.13009e+08	1.83448e+08	2.2451e+08	2.39221e+08	2.45597e+08	2.81403e+08	2.74805e+08	2.66733e+08	2.43931e+08	2.43382e+08	2.94886e+08	3.00789e+08	2.67501e+08	2.49602e+08	2.45681e+08	2.21582e+08	2.18561e+08	2.16937e+08	2.0636e+08	2.23179e+08	2.23204e+08	2.50125e+08	3.71225e+08	2.4592e+08	2.51566e+08	2.90344e+08	2.85012e+08	2.69696e+08	2.58669e+08	2.98168e+08	2.5902e+08	2.99166e+08	2.30147e+08	2.09279e+08	2.0621e+08	1.77611e+08	2.03921e+08	1.93628e+08	1.92689e+08	1.37335e+08	1.3403e+08	1.45195e+08	1.46932e+08	1.27749e+08	1.35748e+08	1.75476e+08	2.02827e+08	1.80545e+08	1.89811e+08	1.79707e+08	2.06498e+08	1.79251e+08	1.70856e+08	2.2008e+08	1.87664e+08	2.22811e+08	2.04982e+08	2.06822e+08	2.20156e+08	2.23836e+08	1.89519e+08	1.90204e+08	1.85796e+08	1.72985e+08	1.79056e+08	1.69435e+08	1.67315e+08	1.79032e+08	1.74924e+08	1.25191e+08	1.42994e+08	1.32671e+08	1.34813e+08	1.34509e+08	1.32743e+08	1.66413e+08	1.35435e+08	1.26504e+08	1.39103e+08	1.66042e+08	1.65798e+08	1.66413e+08	1.35435e+08	1.26504e+08	1.39103e+08	1.66042e+08	1.65798e+08
ERR629866	1.90063e+08	1.90717e+08	1.80086e+08	1.78624e+08	1.52142e+08	1.63739e+08	2.00352e+08	2.17593e+08	2.19196e+08	2.10646e+08	1.82116e+08	2.21997e+08	2.37598e+08	2.44121e+08	2.7798e+08	2.71675e+08	2.64304e+08	2.42192e+08	2.40884e+08	2.9147e+08	2.96837e+08	2.64167e+08	2.47013e+08	2.43286e+08	2.19794e+08	2.16764e+08	2.15302e+08	2.04846e+08	2.21305e+08	2.21716e+08	2.48548e+08	2.4592e+08	3.64474e+08	2.49961e+08	2.85613e+08	2.8054e+08	2.66258e+08	2.55135e+08	2.94278e+08	2.55531e+08	2.95492e+08	2.28001e+08	2.07974e+08	2.04994e+08	1.76313e+08	2.02778e+08	1.92113e+08	1.91535e+08	1.34459e+08	1.30989e+08	1.42137e+08	1.43571e+08	1.24605e+08	1.32916e+08	1.73203e+08	1.99532e+08	1.77642e+08	1.86961e+08	1.76815e+08	2.03236e+08	1.76185e+08	1.69012e+08	2.16333e+08	1.84576e+08	2.19006e+08	2.02097e+08	2.03567e+08	2.16172e+08	2.19802e+08	1.86392e+08	1.86836e+08	1.83076e+08	1.70847e+08	1.76915e+08	1.67383e+08	1.65365e+08	1.76648e+08	1.72596e+08	1.23195e+08	1.40709e+08	1.30404e+08	1.32619e+08	1.32344e+08	1.30543e+08	1.64242e+08	1.33605e+08	1.24689e+08	1.37253e+08	1.63917e+08	1.63833e+08	1.64242e+08	1.33605e+08	1.24689e+08	1.37253e+08	1.63917e+08	1.63833e+08
