	ERR618694	ERR618693	ERR618695	ERR618696	ERR618698	ERR618697	ERR613693	ERR613692	ERR613694	ERR613691	ERR613689	ERR613690	ERR607756	ERR607753	ERR607755	ERR607758	ERR607757	ERR607754	ERR626533	ERR626529	ERR626531	ERR626532	ERR626530	ERR626528	ERR621996	ERR621991	ERR621992	ERR621994	ERR621995	ERR621993	ERR618509	ERR618511	ERR618507	ERR618510	ERR618508	ERR618512	ERR609030	ERR609032	ERR609031	ERR609027	ERR609028	ERR609029	ERR612555	ERR612554	ERR612553	ERR612557	ERR612558	ERR612556	ERR638212	ERR638208	ERR638211	ERR638209	ERR638210	ERR638207	ERR629832	ERR629835	ERR629833	ERR629830	ERR629834	ERR629831	ERR617256	ERR617257	ERR617255	ERR617253	ERR617254	ERR617258	ERR617488	ERR617489	ERR617492	ERR617490	ERR617487	ERR617491	ERR616833	ERR616831	ERR616832	ERR616829	ERR616830	ERR616834	ERR616833	ERR616831	ERR616832	ERR616829	ERR616830	ERR616834	ERR638212	ERR638208	ERR638211	ERR638209	ERR638210	ERR638207	ERR616222	ERR616226	ERR616223	ERR616225	ERR616227	ERR616224
ERR618694	0	0.804849	0.811622	0.809945	0.806478	0.808431	0.929869	0.92664	0.953581	0.920144	0.914292	0.916406	0.918436	0.912906	0.902057	0.920403	0.920872	0.901963	1.08466	1.07862	1.08489	1.08341	1.09239	1.06908	0.9224	0.907218	0.913766	0.91474	0.921073	0.91483	0.92496	0.917805	0.916457	0.92132	0.935197	0.915519	0.944904	0.948534	0.946561	0.951366	0.924454	0.918371	0.896576	0.919997	0.887828	0.919377	0.922958	0.921498	1.09532	1.10565	1.0819	1.108	1.08335	1.10835	1.05133	1.06125	1.05963	1.04987	1.06115	1.0606	1.06486	1.06487	1.08101	1.08526	1.08085	1.08416	1.05962	1.05908	1.05156	1.04837	1.05952	1.04727	1.08776	1.06852	1.08833	1.07524	1.07657	1.0864	1.08776	1.06852	1.08833	1.07524	1.07657	1.0864	1.09532	1.10565	1.0819	1.108	1.08335	1.10835	1.07743	1.0608	1.07166	1.06223	1.05963	1.08593
ERR618693	0.804849	0	0.803964	0.801569	0.797003	0.799823	0.922413	0.919472	0.947837	0.913642	0.906971	0.909619	0.91248	0.906284	0.895132	0.914469	0.915418	0.894877	1.0776	1.07173	1.07788	1.07633	1.0864	1.06192	0.915993	0.899424	0.906731	0.907111	0.91446	0.90795	0.919097	0.91102	0.910366	0.91483	0.929844	0.908358	0.939338	0.942795	0.940966	0.947062	0.918034	0.911294	0.890299	0.914308	0.880581	0.913654	0.917421	0.915672	1.09061	1.10072	1.07593	1.10274	1.07718	1.10298	1.04357	1.0543	1.05274	1.04214	1.0544	1.05338	1.0577	1.05786	1.07464	1.07898	1.07405	1.07842	1.05234	1.05187	1.04427	1.04085	1.05245	1.03995	1.08196	1.06172	1.08273	1.06876	1.06999	1.08102	1.08196	1.06172	1.08273	1.06876	1.06999	1.08102	1.09061	1.10072	1.07593	1.10274	1.07718	1.10298	1.07	1.05307	1.06378	1.0545	1.05167	1.0783
ERR618695	0.811622	0.803964	0	0.808653	0.804529	0.806998	0.928797	0.92584	0.9531	0.919899	0.913741	0.916083	0.918213	0.912233	0.901262	0.920134	0.921033	0.901195	1.08319	1.07756	1.0838	1.08211	1.09141	1.06772	0.921971	0.906468	0.913224	0.913744	0.920589	0.913991	0.92469	0.917111	0.916595	0.920643	0.935518	0.914733	0.944636	0.947479	0.945842	0.951468	0.923877	0.917494	0.896196	0.919678	0.886876	0.918919	0.922474	0.920819	1.09574	1.10549	1.08145	1.10783	1.08307	1.10805	1.05018	1.05997	1.05876	1.04875	1.05984	1.05913	1.06342	1.06366	1.08025	1.08449	1.07951	1.08364	1.05841	1.05781	1.05031	1.04692	1.05851	1.04583	1.08756	1.06792	1.08826	1.07464	1.07572	1.08634	1.08756	1.06792	1.08826	1.07464	1.07572	1.08634	1.09574	1.10549	1.08145	1.10783	1.08307	1.10805	1.07575	1.05903	1.07003	1.06029	1.05763	1.08401
ERR618696	0.809945	0.801569	0.808653	0	0.79466	0.797646	0.924328	0.921241	0.949434	0.916234	0.909784	0.912608	0.913282	0.907375	0.895542	0.915581	0.916088	0.895453	1.079	1.07351	1.07938	1.07814	1.08838	1.06358	0.917171	0.901589	0.908775	0.908717	0.915931	0.909572	0.921171	0.911845	0.912585	0.916113	0.932446	0.909774	0.940118	0.943619	0.941978	0.949088	0.919427	0.912756	0.892216	0.915847	0.882278	0.914662	0.918508	0.916943	1.09384	1.10295	1.07843	1.10549	1.08001	1.10554	1.04606	1.05713	1.05538	1.04463	1.05688	1.05561	1.05977	1.0598	1.0765	1.08116	1.07618	1.08113	1.05416	1.0536	1.04615	1.04266	1.05462	1.04131	1.08473	1.06426	1.08564	1.07187	1.07241	1.08354	1.08473	1.06426	1.08564	1.07187	1.07241	1.08354	1.09384	1.10295	1.07843	1.10549	1.08001	1.10554	1.07087	1.05392	1.06469	1.05501	1.05254	1.07878
ERR618698	0.806478	0.797003	0.804529	0.79466	0	0.792934	0.921451	0.918484	0.94748	0.91393	0.90697	0.909895	0.910761	0.90404	0.89296	0.912727	0.913784	0.892165	1.07603	1.07065	1.07646	1.07493	1.08577	1.06049	0.91397	0.897656	0.905358	0.905146	0.912482	0.906278	0.918288	0.908841	0.9098	0.91279	0.929663	0.906452	0.937332	0.940889	0.93904	0.946912	0.916707	0.909367	0.889907	0.913933	0.879128	0.912518	0.916057	0.914442	1.09142	1.1005	1.07573	1.10285	1.07706	1.10319	1.04229	1.05376	1.05239	1.04089	1.0539	1.05249	1.05656	1.05658	1.07347	1.07859	1.07324	1.07839	1.05036	1.05018	1.04267	1.03857	1.05134	1.03746	1.08246	1.06166	1.08366	1.06926	1.06978	1.08136	1.08246	1.06166	1.08366	1.06926	1.06978	1.08136	1.09142	1.1005	1.07573	1.10285	1.07706	1.10319	1.0672	1.05038	1.06073	1.05111	1.04887	1.075
ERR618697	0.808431	0.799823	0.806998	0.797646	0.792934	0	0.923695	0.920665	0.949003	0.915418	0.908945	0.91143	0.912641	0.906005	0.895222	0.914545	0.915564	0.894406	1.07865	1.07312	1.079	1.07755	1.08772	1.0631	0.916454	0.900305	0.907783	0.907936	0.914889	0.908691	0.919587	0.911055	0.911669	0.915221	0.931221	0.908678	0.939329	0.943132	0.941036	0.948511	0.919133	0.91209	0.891418	0.915208	0.881086	0.913916	0.917723	0.916176	1.09315	1.10255	1.07806	1.1048	1.07951	1.10526	1.04537	1.05622	1.05482	1.0439	1.05643	1.05498	1.05928	1.05932	1.07578	1.0808	1.07543	1.0803	1.05339	1.05333	1.04567	1.04182	1.05403	1.04097	1.08402	1.06413	1.08501	1.07149	1.07202	1.08311	1.08402	1.06413	1.08501	1.07149	1.07202	1.08311	1.09315	1.10255	1.07806	1.1048	1.07951	1.10526	1.07053	1.05358	1.0642	1.05459	1.05217	1.07818
ERR613693	0.929869	0.922413	0.928797	0.924328	0.921451	0.923695	0	0.828868	0.861182	0.823766	0.816719	0.819287	0.922887	0.918291	0.909268	0.92406	0.925339	0.908546	1.08597	1.08052	1.0861	1.08483	1.09463	1.07084	0.911282	0.896106	0.902824	0.903366	0.91002	0.903401	0.935152	0.927504	0.926792	0.930707	0.945111	0.925578	0.95349	0.956619	0.954976	0.962012	0.933949	0.927588	0.885023	0.906508	0.877829	0.906441	0.909466	0.907965	1.09871	1.10707	1.08404	1.1096	1.08547	1.10982	1.05236	1.06258	1.06101	1.05083	1.06253	1.06156	1.0644	1.06452	1.08002	1.08505	1.08009	1.08457	1.06044	1.0599	1.05296	1.04967	1.06062	1.04876	1.08454	1.06537	1.08588	1.07271	1.07337	1.08392	1.08454	1.06537	1.08588	1.07271	1.07337	1.08392	1.09871	1.10707	1.08404	1.1096	1.08547	1.10982	1.07024	1.05474	1.06464	1.05555	1.05299	1.07833
ERR613692	0.92664	0.919472	0.92584	0.921241	0.918484	0.920665	0.828868	0	0.858952	0.820316	0.813045	0.816352	0.920677	0.915849	0.906598	0.921768	0.92291	0.906169	1.0835	1.07828	1.08405	1.08267	1.09254	1.06864	0.908042	0.893238	0.899765	0.900512	0.906904	0.900299	0.932904	0.925078	0.924504	0.928361	0.943104	0.923676	0.951152	0.95473	0.952524	0.960096	0.931359	0.924921	0.881823	0.90361	0.87456	0.903542	0.906784	0.904598	1.09616	1.10493	1.08162	1.10749	1.0832	1.10754	1.05035	1.06058	1.05919	1.04839	1.06058	1.05933	1.06175	1.06235	1.0776	1.08247	1.07776	1.08181	1.05745	1.05708	1.05035	1.04713	1.0582	1.04599	1.08249	1.06304	1.08358	1.07028	1.07085	1.08116	1.08249	1.06304	1.08358	1.07028	1.07085	1.08116	1.09616	1.10493	1.08162	1.10749	1.0832	1.10754	1.06807	1.05232	1.06251	1.05346	1.05062	1.07622
ERR613694	0.953581	0.947837	0.9531	0.949434	0.94748	0.949003	0.861182	0.858952	0	0.851992	0.846436	0.847836	0.946771	0.943287	0.934918	0.94738	0.948711	0.93554	1.1049	1.09963	1.10504	1.10372	1.11193	1.09108	0.937604	0.924134	0.930231	0.930998	0.936799	0.930374	0.959211	0.953097	0.951913	0.956043	0.967745	0.951764	0.97674	0.979909	0.978002	0.982022	0.958676	0.953182	0.908867	0.928914	0.903637	0.928822	0.932028	0.93009	1.11334	1.12212	1.10123	1.12463	1.10262	1.12473	1.07287	1.08109	1.07952	1.07144	1.08096	1.08067	1.08443	1.08434	1.09874	1.10242	1.0985	1.10037	1.08057	1.07999	1.07317	1.07115	1.08004	1.07014	1.10035	1.08397	1.1016	1.08988	1.0912	1.09974	1.10035	1.08397	1.1016	1.08988	1.0912	1.09974	1.11334	1.12212	1.10123	1.12463	1.10262	1.12473	1.09147	1.07657	1.08654	1.07783	1.07512	1.09945
ERR613691	0.920144	0.913642	0.919899	0.916234	0.91393	0.915418	0.823766	0.820316	0.851992	0	0.800257	0.802072	0.913923	0.909882	0.89996	0.914789	0.916324	0.900898	1.08168	1.0755	1.08212	1.08052	1.08872	1.0663	0.902636	0.88694	0.893564	0.894769	0.901353	0.894127	0.925508	0.919078	0.917356	0.922813	0.935266	0.917344	0.945619	0.949177	0.947116	0.950742	0.924155	0.918212	0.872074	0.894826	0.865974	0.895242	0.899042	0.897022	1.08998	1.10014	1.07685	1.1028	1.07865	1.10275	1.04763	1.05593	1.05444	1.04592	1.05594	1.05619	1.05892	1.05918	1.07512	1.07888	1.07455	1.07659	1.05499	1.05461	1.0466	1.04469	1.05419	1.04341	1.07641	1.05838	1.07773	1.06486	1.06672	1.07566	1.07641	1.05838	1.07773	1.06486	1.06672	1.07566	1.08998	1.10014	1.07685	1.1028	1.07865	1.10275	1.06813	1.05176	1.06296	1.05308	1.05038	1.07734
ERR613689	0.914292	0.906971	0.913741	0.909784	0.90697	0.908945	0.816719	0.813045	0.846436	0.800257	0	0.794494	0.90942	0.904408	0.894221	0.910319	0.911494	0.894778	1.07581	1.06973	1.0763	1.07457	1.08362	1.0599	0.895892	0.879116	0.887206	0.887619	0.894501	0.887563	0.920381	0.913093	0.911516	0.917057	0.930724	0.911564	0.940421	0.943846	0.941728	0.947386	0.918533	0.912162	0.865618	0.889453	0.858825	0.889412	0.893546	0.891475	1.08613	1.09611	1.07233	1.09845	1.07378	1.099	1.04133	1.05095	1.04918	1.03958	1.05104	1.0504	1.05263	1.05306	1.06947	1.07326	1.06917	1.07198	1.04865	1.04823	1.0406	1.03809	1.04856	1.0371	1.0721	1.05278	1.07303	1.06006	1.06139	1.07134	1.0721	1.05278	1.07303	1.06006	1.06139	1.07134	1.08613	1.09611	1.07233	1.09845	1.07378	1.099	1.06141	1.04476	1.05557	1.04597	1.0433	1.07033
ERR613690	0.916406	0.909619	0.916083	0.912608	0.909895	0.91143	0.819287	0.816352	0.847836	0.802072	0.794494	0	0.911195	0.90704	0.896374	0.911951	0.913109	0.897283	1.07797	1.07194	1.07863	1.07712	1.08504	1.06229	0.898101	0.881589	0.888481	0.889695	0.896433	0.889362	0.921564	0.915183	0.912949	0.918436	0.931444	0.913296	0.941658	0.9455	0.94336	0.946872	0.919818	0.913931	0.868729	0.892832	0.862661	0.892743	0.897355	0.894499	1.08619	1.09674	1.07335	1.09913	1.07471	1.09957	1.04391	1.05241	1.05095	1.04201	1.05221	1.05236	1.05431	1.05475	1.07092	1.07461	1.07061	1.07219	1.05119	1.05066	1.04258	1.04101	1.05024	1.03988	1.07221	1.05409	1.07353	1.06051	1.06258	1.07153	1.07221	1.05409	1.07353	1.06051	1.06258	1.07153	1.08619	1.09674	1.07335	1.09913	1.07471	1.09957	1.06477	1.04778	1.05891	1.04911	1.04656	1.07407
ERR607756	0.918436	0.91248	0.918213	0.913282	0.910761	0.912641	0.922887	0.920677	0.946771	0.913923	0.90942	0.911195	0	0.797343	0.789033	0.801062	0.80175	0.788638	1.12086	1.11649	1.12124	1.11973	1.12955	1.1077	0.89563	0.88323	0.888251	0.887937	0.894257	0.888549	0.92468	0.916665	0.916836	0.919649	0.934765	0.915356	0.898791	0.902346	0.900433	0.907072	0.880991	0.875143	0.900022	0.917964	0.892343	0.917847	0.92068	0.919746	1.13307	1.14016	1.11874	1.14212	1.12014	1.14272	1.07872	1.08825	1.08657	1.07699	1.08777	1.08698	1.10481	1.10503	1.11881	1.12352	1.11881	1.12338	1.10082	1.10073	1.09432	1.09052	1.10169	1.08971	1.12675	1.10884	1.12762	1.11543	1.11596	1.12553	1.12675	1.10884	1.12762	1.11543	1.11596	1.12553	1.13307	1.14016	1.11874	1.14212	1.12014	1.14272	1.10891	1.09519	1.1039	1.09597	1.09382	1.11473
ERR607753	0.912906	0.906284	0.912233	0.907375	0.90404	0.906005	0.918291	0.915849	0.943287	0.909882	0.904408	0.90704	0.797343	0	0.781064	0.798694	0.799542	0.779856	1.11411	1.10966	1.11428	1.11306	1.1234	1.10076	0.890809	0.877364	0.883437	0.882693	0.88964	0.883436	0.92062	0.911366	0.912499	0.914706	0.931445	0.910263	0.89446	0.898361	0.896045	0.904843	0.876667	0.869589	0.89571	0.914231	0.886718	0.913751	0.916566	0.915566	1.12799	1.13501	1.11329	1.13725	1.11465	1.13778	1.07196	1.08278	1.08115	1.07021	1.08257	1.08116	1.09761	1.09801	1.11221	1.11731	1.11219	1.11802	1.09319	1.09318	1.08715	1.08301	1.09467	1.0821	1.12132	1.1025	1.12218	1.10956	1.10969	1.12011	1.12132	1.1025	1.12218	1.10956	1.10969	1.12011	1.12799	1.13501	1.11329	1.13725	1.11465	1.13778	1.10077	1.08673	1.0953	1.0874	1.08534	1.10644
ERR607755	0.902057	0.895132	0.901262	0.895542	0.89296	0.895222	0.909268	0.906598	0.934918	0.89996	0.894221	0.896374	0.789033	0.781064	0	0.791136	0.792444	0.76905	1.10417	1.09918	1.10477	1.10321	1.11342	1.09012	0.881369	0.866178	0.873132	0.872333	0.879905	0.873467	0.910432	0.901367	0.901828	0.904783	0.921686	0.899769	0.885922	0.890209	0.887925	0.895998	0.866285	0.858996	0.886224	0.906654	0.877071	0.90642	0.909413	0.908371	1.11752	1.12539	1.10242	1.12739	1.10422	1.12797	1.06367	1.07397	1.0725	1.06197	1.07376	1.07256	1.08709	1.08749	1.10221	1.10721	1.10213	1.10729	1.08264	1.0825	1.07608	1.07198	1.0843	1.07113	1.11072	1.0916	1.11158	1.09856	1.09898	1.10945	1.11072	1.0916	1.11158	1.09856	1.09898	1.10945	1.11752	1.12539	1.10242	1.12739	1.10422	1.12797	1.09168	1.07691	1.0863	1.07797	1.07547	1.09819
ERR607758	0.920403	0.914469	0.920134	0.915581	0.912727	0.914545	0.92406	0.921768	0.94738	0.914789	0.910319	0.911951	0.801062	0.798694	0.791136	0	0.803377	0.791033	1.12254	1.11824	1.12302	1.12181	1.13095	1.10955	0.89747	0.885104	0.890473	0.88988	0.896151	0.890737	0.926858	0.918548	0.918547	0.921604	0.936312	0.917401	0.900383	0.903937	0.902233	0.908248	0.883179	0.87698	0.901671	0.919336	0.894251	0.919279	0.921953	0.92127	1.1344	1.1415	1.12018	1.1436	1.12211	1.14421	1.0805	1.08959	1.08811	1.07898	1.08904	1.08877	1.10661	1.10703	1.12079	1.1252	1.12059	1.12522	1.10267	1.10265	1.09654	1.09272	1.10373	1.09189	1.12827	1.1107	1.12914	1.1171	1.11749	1.12744	1.12827	1.1107	1.12914	1.1171	1.11749	1.12744	1.1344	1.1415	1.12018	1.1436	1.12211	1.14421	1.1112	1.09742	1.10616	1.09805	1.09624	1.11731
ERR607757	0.920872	0.915418	0.921033	0.916088	0.913784	0.915564	0.925339	0.92291	0.948711	0.916324	0.911494	0.913109	0.80175	0.799542	0.792444	0.803377	0	0.792194	1.12312	1.1187	1.12375	1.12257	1.13161	1.11035	0.898225	0.885997	0.891138	0.890407	0.896715	0.891061	0.927228	0.919153	0.919084	0.922417	0.936679	0.918073	0.900638	0.904439	0.902851	0.909167	0.884048	0.877908	0.902595	0.919888	0.894944	0.919884	0.922684	0.921558	1.13536	1.14234	1.12129	1.14455	1.12309	1.14482	1.08079	1.09009	1.08843	1.07942	1.08986	1.08909	1.10779	1.10799	1.12157	1.12606	1.12145	1.12621	1.10338	1.10341	1.09729	1.09354	1.10452	1.09298	1.12923	1.11169	1.12998	1.11795	1.11842	1.12815	1.12923	1.11169	1.12998	1.11795	1.11842	1.12815	1.13536	1.14234	1.12129	1.14455	1.12309	1.14482	1.11197	1.09809	1.10685	1.09873	1.09673	1.1178
ERR607754	0.901963	0.894877	0.901195	0.895453	0.892165	0.894406	0.908546	0.906169	0.93554	0.900898	0.894778	0.897283	0.788638	0.779856	0.76905	0.791033	0.792194	0	1.10181	1.09755	1.10243	1.10098	1.11268	1.0882	0.880355	0.864551	0.871953	0.87083	0.878671	0.872298	0.91117	0.900765	0.901795	0.904136	0.922458	0.899521	0.88542	0.889713	0.88762	0.898041	0.866473	0.858119	0.8874	0.907406	0.876926	0.907021	0.909594	0.908855	1.11855	1.12526	1.10204	1.12711	1.10388	1.12811	1.06151	1.07357	1.07178	1.05998	1.0734	1.07113	1.08557	1.08563	1.10072	1.10639	1.10081	1.10796	1.08039	1.08022	1.0743	1.06954	1.08253	1.06844	1.111	1.091	1.11212	1.09858	1.09828	1.11	1.111	1.091	1.11212	1.09858	1.09828	1.11	1.11855	1.12526	1.10204	1.12711	1.10388	1.12811	1.08804	1.07356	1.08212	1.0739	1.07179	1.0938
ERR626533	1.08466	1.0776	1.08319	1.079	1.07603	1.07865	1.08597	1.0835	1.1049	1.08168	1.07581	1.07797	1.12086	1.11411	1.10417	1.12254	1.12312	1.10181	0	0.829419	0.834716	0.832232	0.857647	0.814051	1.05181	1.03619	1.04468	1.04423	1.05064	1.04549	1.10313	1.09565	1.09619	1.09864	1.11067	1.09425	1.11973	1.12213	1.12021	1.12896	1.10335	1.09685	1.10197	1.11855	1.09265	1.11734	1.11925	1.11772	0.946816	0.952526	0.920943	0.955773	0.92236	0.956117	0.994588	1.00996	1.00895	0.993497	1.01034	1.00696	0.920366	0.920153	0.939811	0.94846	0.939896	0.951699	0.901802	0.901867	0.894547	0.888577	0.904846	0.886746	0.932986	0.907156	0.93455	0.917045	0.91464	0.931775	0.932986	0.907156	0.93455	0.917045	0.91464	0.931775	0.946816	0.952526	0.920943	0.955773	0.92236	0.956117	0.930861	0.911255	0.922346	0.911518	0.908604	0.938122
ERR626529	1.07862	1.07173	1.07756	1.07351	1.07065	1.07312	1.08052	1.07828	1.09963	1.0755	1.06973	1.07194	1.11649	1.10966	1.09918	1.11824	1.1187	1.09755	0.829419	0	0.831159	0.828834	0.847082	0.803182	1.04676	1.03097	1.03927	1.03898	1.04535	1.04015	1.09763	1.09065	1.09063	1.09317	1.10553	1.08901	1.11499	1.11734	1.11551	1.12331	1.09824	1.09183	1.09636	1.11363	1.08761	1.11284	1.11458	1.11297	0.93724	0.944606	0.912504	0.948025	0.913782	0.948387	0.988995	1.00382	1.00273	0.98818	1.00436	1.00134	0.912782	0.912124	0.932091	0.940661	0.932395	0.942618	0.895929	0.895634	0.887816	0.882081	0.898284	0.881072	0.923062	0.897432	0.924804	0.907042	0.905887	0.922144	0.923062	0.897432	0.924804	0.907042	0.905887	0.922144	0.93724	0.944606	0.912504	0.948025	0.913782	0.948387	0.926372	0.905786	0.917917	0.906	0.903099	0.935059
ERR626531	1.08489	1.07788	1.0838	1.07938	1.07646	1.079	1.0861	1.08405	1.10504	1.08212	1.0763	1.07863	1.12124	1.11428	1.10477	1.12302	1.12375	1.10243	0.834716	0.831159	0	0.834207	0.859271	0.815858	1.05205	1.03683	1.04521	1.04463	1.05092	1.04616	1.10334	1.09604	1.09655	1.09848	1.11129	1.09441	1.12031	1.1227	1.12078	1.12938	1.1038	1.09721	1.10233	1.11893	1.09299	1.11815	1.11951	1.11784	0.948218	0.953853	0.921975	0.957496	0.9238	0.957675	0.994821	1.01028	1.00915	0.993944	1.01078	1.00756	0.921702	0.920932	0.940572	0.949078	0.940427	0.952608	0.903137	0.902985	0.895581	0.889357	0.905968	0.888084	0.934175	0.908154	0.93558	0.918582	0.916006	0.932887	0.934175	0.908154	0.93558	0.918582	0.916006	0.932887	0.948218	0.953853	0.921975	0.957496	0.9238	0.957675	0.931541	0.912632	0.923877	0.912108	0.909507	0.939478
ERR626532	1.08341	1.07633	1.08211	1.07814	1.07493	1.07755	1.08483	1.08267	1.10372	1.08052	1.07457	1.07712	1.11973	1.11306	1.10321	1.12181	1.12257	1.10098	0.832232	0.828834	0.834207	0	0.856585	0.81289	1.05086	1.03525	1.04349	1.04316	1.04943	1.04442	1.10184	1.09471	1.09498	1.09728	1.10997	1.09308	1.11893	1.12136	1.11955	1.12804	1.10239	1.09601	1.10089	1.11785	1.0917	1.11665	1.11856	1.11662	0.945894	0.95182	0.920401	0.955136	0.921469	0.955665	0.993653	1.00883	1.00832	0.992347	1.00937	1.00609	0.919201	0.918852	0.938208	0.947206	0.938218	0.950535	0.900891	0.900584	0.893302	0.887583	0.904224	0.886016	0.931638	0.905836	0.93353	0.915867	0.913564	0.930506	0.931638	0.905836	0.93353	0.915867	0.913564	0.930506	0.945894	0.95182	0.920401	0.955136	0.921469	0.955665	0.929444	0.909799	0.92067	0.909579	0.906834	0.937106
ERR626530	1.09239	1.0864	1.09141	1.08838	1.08577	1.08772	1.09463	1.09254	1.11193	1.08872	1.08362	1.08504	1.12955	1.1234	1.11342	1.13095	1.13161	1.11268	0.857647	0.847082	0.859271	0.856585	0	0.833127	1.06242	1.04789	1.05497	1.05531	1.06135	1.05625	1.11038	1.10495	1.10417	1.10743	1.11756	1.10321	1.12794	1.13027	1.12844	1.13406	1.11128	1.10598	1.10911	1.12578	1.10191	1.12524	1.12702	1.1253	0.9527	0.960952	0.932582	0.964476	0.932957	0.964081	1.00888	1.02047	1.01948	1.00806	1.02088	1.01945	0.936585	0.936238	0.954572	0.960597	0.954108	0.960026	0.919908	0.919798	0.911526	0.908295	0.92017	0.907025	0.9402	0.918412	0.941255	0.926305	0.926233	0.939126	0.9402	0.918412	0.941255	0.926305	0.926233	0.939126	0.9527	0.960952	0.932582	0.964476	0.932957	0.964081	0.950518	0.931009	0.943243	0.931643	0.928982	0.959928
ERR626528	1.06908	1.06192	1.06772	1.06358	1.06049	1.0631	1.07084	1.06864	1.09108	1.0663	1.0599	1.06229	1.1077	1.10076	1.09012	1.10955	1.11035	1.0882	0.814051	0.803182	0.815858	0.81289	0.833127	0	1.03701	1.02049	1.02919	1.02873	1.03571	1.03026	1.08849	1.08116	1.0814	1.08405	1.0969	1.07932	1.10648	1.10922	1.10723	1.11588	1.08933	1.08262	1.0872	1.10504	1.07776	1.1039	1.10574	1.10399	0.926457	0.933808	0.899749	0.937722	0.901349	0.937733	0.978018	0.993766	0.99273	0.976787	0.994308	0.990806	0.89977	0.8991	0.920381	0.929555	0.920401	0.932361	0.881402	0.881643	0.873123	0.866797	0.88433	0.865138	0.911728	0.884044	0.913025	0.894814	0.892982	0.91071	0.911728	0.884044	0.913025	0.894814	0.892982	0.91071	0.926457	0.933808	0.899749	0.937722	0.901349	0.937733	0.912793	0.891605	0.903934	0.891644	0.888046	0.921352
ERR621996	0.9224	0.915993	0.921971	0.917171	0.91397	0.916454	0.911282	0.908042	0.937604	0.902636	0.895892	0.898101	0.89563	0.890809	0.881369	0.89747	0.898225	0.880355	1.05181	1.04676	1.05205	1.05086	1.06242	1.03701	0	0.773912	0.783098	0.779376	0.788007	0.783187	0.918156	0.90857	0.90915	0.912727	0.928689	0.906891	0.912855	0.917051	0.914945	0.924063	0.893376	0.885997	0.89395	0.915788	0.884049	0.914083	0.918219	0.916852	1.07622	1.08334	1.05764	1.08582	1.05937	1.08638	1.02789	1.04035	1.03862	1.0264	1.03987	1.03811	1.03992	1.03994	1.05608	1.0619	1.05614	1.06279	1.02406	1.02417	1.0171	1.01274	1.02613	1.01188	1.05989	1.03818	1.06078	1.04641	1.04611	1.05843	1.05989	1.03818	1.06078	1.04641	1.04611	1.05843	1.07622	1.08334	1.05764	1.08582	1.05937	1.08638	1.04064	1.0243	1.03439	1.02519	1.02234	1.0479
ERR621991	0.907218	0.899424	0.906468	0.901589	0.897656	0.900305	0.896106	0.893238	0.924134	0.88694	0.879116	0.881589	0.88323	0.877364	0.866178	0.885104	0.885997	0.864551	1.03619	1.03097	1.03683	1.03525	1.04789	1.02049	0.773912	0	0.760157	0.761301	0.771363	0.760387	0.903792	0.893076	0.893358	0.897694	0.914625	0.891444	0.898747	0.903196	0.900882	0.911069	0.877029	0.868404	0.878653	0.902504	0.867689	0.900514	0.904893	0.90352	1.06237	1.06974	1.04277	1.0723	1.04459	1.07309	1.01263	1.02617	1.02427	1.01111	1.02608	1.02361	1.02377	1.02391	1.04109	1.04756	1.04125	1.04854	1.00701	1.00675	0.999452	0.99475	1.00879	0.993782	1.04497	1.02142	1.04587	1.0306	1.03039	1.04341	1.04497	1.02142	1.04587	1.0306	1.03039	1.04341	1.06237	1.06974	1.04277	1.0723	1.04459	1.07309	1.02472	1.00772	1.01813	1.00845	1.00555	1.03251
ERR621992	0.913766	0.906731	0.913224	0.908775	0.905358	0.907783	0.902824	0.899765	0.930231	0.893564	0.887206	0.888481	0.888251	0.883437	0.873132	0.890473	0.891138	0.871953	1.04468	1.03927	1.04521	1.04349	1.05497	1.02919	0.783098	0.760157	0	0.772148	0.781114	0.770122	0.909887	0.900187	0.900281	0.904749	0.920496	0.898908	0.90521	0.909319	0.907398	0.915816	0.884622	0.876715	0.884901	0.908082	0.875172	0.906515	0.910968	0.909112	1.06842	1.07627	1.05004	1.07871	1.05207	1.07941	1.02086	1.03307	1.03125	1.01934	1.03263	1.03108	1.03206	1.03246	1.04887	1.05448	1.04891	1.05508	1.01616	1.01585	1.00846	1.00436	1.01722	1.00328	1.05174	1.02954	1.05268	1.03822	1.03794	1.05007	1.05174	1.02954	1.05268	1.03822	1.03794	1.05007	1.06842	1.07627	1.05004	1.07871	1.05207	1.07941	1.03345	1.01698	1.02725	1.0177	1.01495	1.04158
ERR621994	0.91474	0.907111	0.913744	0.908717	0.905146	0.907936	0.903366	0.900512	0.930998	0.894769	0.887619	0.889695	0.887937	0.882693	0.872333	0.88988	0.890407	0.87083	1.04423	1.03898	1.04463	1.04316	1.05531	1.02873	0.779376	0.761301	0.772148	0	0.7777	0.771459	0.910576	0.900292	0.901037	0.904515	0.921664	0.898462	0.904938	0.909244	0.906551	0.91673	0.88436	0.876342	0.885826	0.908533	0.875329	0.906971	0.91119	0.909682	1.07035	1.07718	1.05076	1.07967	1.0526	1.0806	1.02021	1.03284	1.03133	1.01822	1.03245	1.03058	1.03203	1.03246	1.04882	1.05529	1.0489	1.05634	1.0157	1.01545	1.00874	1.0038	1.01781	1.0026	1.05332	1.03059	1.05422	1.0392	1.03887	1.05187	1.05332	1.03059	1.05422	1.0392	1.03887	1.05187	1.07035	1.07718	1.05076	1.07967	1.0526	1.0806	1.0321	1.01593	1.0262	1.01665	1.01393	1.03948
ERR621995	0.921073	0.91446	0.920589	0.915931	0.912482	0.914889	0.91002	0.906904	0.936799	0.901353	0.894501	0.896433	0.894257	0.88964	0.879905	0.896151	0.896715	0.878671	1.05064	1.04535	1.05092	1.04943	1.06135	1.03571	0.788007	0.771363	0.781114	0.7777	0	0.780769	0.917569	0.907592	0.908098	0.91192	0.928184	0.906241	0.912222	0.915724	0.913978	0.923091	0.892399	0.884482	0.892562	0.914133	0.882932	0.912711	0.916959	0.915274	1.0751	1.08251	1.05653	1.08481	1.0583	1.08556	1.02668	1.03873	1.03704	1.02505	1.03868	1.03688	1.0387	1.03884	1.05513	1.06103	1.05505	1.06197	1.02287	1.02287	1.01568	1.01149	1.02478	1.01041	1.05846	1.03655	1.05951	1.04502	1.04486	1.0571	1.05846	1.03655	1.05951	1.04502	1.04486	1.0571	1.0751	1.08251	1.05653	1.08481	1.0583	1.08556	1.03928	1.02311	1.03296	1.02424	1.02117	1.04672
ERR621993	0.91483	0.90795	0.913991	0.909572	0.906278	0.908691	0.903401	0.900299	0.930374	0.894127	0.887563	0.889362	0.888549	0.883436	0.873467	0.890737	0.891061	0.872298	1.04549	1.04015	1.04616	1.04442	1.05625	1.03026	0.783187	0.760387	0.770122	0.771459	0.780769	0	0.910422	0.900412	0.901028	0.904459	0.920981	0.898523	0.905846	0.909986	0.907837	0.916444	0.884983	0.876864	0.885592	0.908369	0.875557	0.906752	0.9111	0.909485	1.0696	1.0768	1.05081	1.0794	1.05294	1.08014	1.02096	1.03312	1.03169	1.01934	1.03296	1.03113	1.03293	1.03306	1.0494	1.05545	1.04954	1.05598	1.01675	1.01681	1.00935	1.00504	1.01844	1.00411	1.0531	1.03105	1.05416	1.03947	1.03948	1.0515	1.0531	1.03105	1.05416	1.03947	1.03948	1.0515	1.0696	1.0768	1.05081	1.0794	1.05294	1.08014	1.03385	1.01715	1.02752	1.01803	1.01531	1.04171
ERR618509	0.92496	0.919097	0.92469	0.921171	0.918288	0.919587	0.935152	0.932904	0.959211	0.925508	0.920381	0.921564	0.92468	0.92062	0.910432	0.926858	0.927228	0.91117	1.10313	1.09763	1.10334	1.10184	1.11038	1.08849	0.918156	0.903792	0.909887	0.910576	0.917569	0.910422	0	0.820083	0.817058	0.824385	0.839028	0.818502	0.905502	0.909601	0.907926	0.912402	0.884891	0.879274	0.913735	0.935569	0.906105	0.935279	0.939072	0.937322	1.11442	1.12362	1.10153	1.12602	1.10264	1.126	1.06602	1.07448	1.07317	1.06436	1.07456	1.07414	1.08724	1.08746	1.1027	1.10619	1.10204	1.10507	1.08268	1.08238	1.07482	1.07231	1.08263	1.07136	1.107	1.08926	1.10771	1.09549	1.09656	1.10601	1.107	1.08926	1.10771	1.09549	1.09656	1.10601	1.11442	1.12362	1.10153	1.12602	1.10264	1.126	1.09602	1.0804	1.09067	1.08157	1.07927	1.10354
ERR618511	0.917805	0.91102	0.917111	0.911845	0.908841	0.911055	0.927504	0.925078	0.953097	0.919078	0.913093	0.915183	0.916665	0.911366	0.901367	0.918548	0.919153	0.900765	1.09565	1.09065	1.09604	1.09471	1.10495	1.08116	0.90857	0.893076	0.900187	0.900292	0.907592	0.900412	0.820083	0	0.809314	0.808833	0.834103	0.80291	0.897018	0.901232	0.899425	0.907002	0.876398	0.869473	0.906108	0.928307	0.897003	0.9268	0.931149	0.929079	1.11066	1.11898	1.09617	1.12154	1.0975	1.12187	1.05848	1.06902	1.06754	1.05691	1.06859	1.06754	1.08033	1.08043	1.0956	1.10043	1.09541	1.10053	1.07478	1.07461	1.06816	1.06396	1.07587	1.06324	1.10277	1.08335	1.10364	1.09044	1.09079	1.10168	1.10277	1.08335	1.10364	1.09044	1.09079	1.10168	1.11066	1.11898	1.09617	1.12154	1.0975	1.12187	1.08692	1.07139	1.08142	1.07219	1.07002	1.09377
ERR618507	0.916457	0.910366	0.916595	0.912585	0.9098	0.911669	0.926792	0.924504	0.951913	0.917356	0.911516	0.912949	0.916836	0.912499	0.901828	0.918547	0.919084	0.901795	1.09619	1.09063	1.09655	1.09498	1.10417	1.0814	0.90915	0.893358	0.900281	0.901037	0.908098	0.901028	0.817058	0.809314	0	0.813799	0.829574	0.807194	0.898083	0.901858	0.900224	0.905535	0.876554	0.870163	0.905395	0.927929	0.897416	0.927537	0.931919	0.930151	1.10869	1.11793	1.09496	1.12007	1.09626	1.12022	1.05847	1.068	1.06656	1.05677	1.06771	1.06718	1.08005	1.08039	1.09591	1.09989	1.09541	1.0991	1.07532	1.07521	1.06766	1.06438	1.07547	1.06402	1.10082	1.0822	1.10138	1.08843	1.08969	1.09968	1.10082	1.0822	1.10138	1.08843	1.08969	1.09968	1.10869	1.11793	1.09496	1.12007	1.09626	1.12022	1.08909	1.07366	1.0839	1.07455	1.07222	1.09698
ERR618510	0.92132	0.91483	0.920643	0.916113	0.91279	0.915221	0.930707	0.928361	0.956043	0.922813	0.917057	0.918436	0.919649	0.914706	0.904783	0.921604	0.922417	0.904136	1.09864	1.09317	1.09848	1.09728	1.10743	1.08405	0.912727	0.897694	0.904749	0.904515	0.91192	0.904459	0.824385	0.808833	0.813799	0	0.837736	0.807235	0.900112	0.903929	0.902689	0.910179	0.880065	0.873473	0.909852	0.93138	0.900866	0.930368	0.934248	0.932404	1.11344	1.12164	1.09866	1.12385	1.10009	1.12411	1.06123	1.07151	1.07	1.05951	1.07119	1.07021	1.08293	1.08292	1.09824	1.10285	1.09774	1.10285	1.07794	1.07767	1.07079	1.06713	1.07864	1.06613	1.10525	1.0862	1.10623	1.09316	1.09345	1.1042	1.10525	1.0862	1.10623	1.09316	1.09345	1.1042	1.11344	1.12164	1.09866	1.12385	1.10009	1.12411	1.08962	1.07417	1.08411	1.07496	1.07308	1.09669
ERR618508	0.935197	0.929844	0.935518	0.932446	0.929663	0.931221	0.945111	0.943104	0.967745	0.935266	0.930724	0.931444	0.934765	0.931445	0.921686	0.936312	0.936679	0.922458	1.11067	1.10553	1.11129	1.10997	1.11756	1.0969	0.928689	0.914625	0.920496	0.921664	0.928184	0.920981	0.839028	0.834103	0.829574	0.837736	0	0.832176	0.915834	0.920162	0.918149	0.920698	0.896359	0.891375	0.923682	0.944271	0.916626	0.944437	0.948391	0.946531	1.12085	1.13028	1.10869	1.13225	1.10999	1.13259	1.07497	1.08295	1.08129	1.07325	1.08244	1.08256	1.09596	1.096	1.11066	1.1142	1.11035	1.11215	1.09149	1.09118	1.08389	1.08156	1.09083	1.08097	1.1134	1.09688	1.11436	1.10253	1.10412	1.11253	1.1134	1.09688	1.11436	1.10253	1.10412	1.11253	1.12085	1.13028	1.10869	1.13225	1.10999	1.13259	1.106	1.09091	1.10075	1.09171	1.08953	1.11364
ERR618512	0.915519	0.908358	0.914733	0.909774	0.906452	0.908678	0.925578	0.923676	0.951764	0.917344	0.911564	0.913296	0.915356	0.910263	0.899769	0.917401	0.918073	0.899521	1.09425	1.08901	1.09441	1.09308	1.10321	1.07932	0.906891	0.891444	0.898908	0.898462	0.906241	0.898523	0.818502	0.80291	0.807194	0.807235	0.832176	0	0.895327	0.900035	0.897569	0.905331	0.874521	0.867408	0.904845	0.927142	0.895493	0.926313	0.93022	0.928341	1.10898	1.11765	1.09444	1.11998	1.09614	1.12012	1.0566	1.0671	1.06564	1.05504	1.06684	1.06597	1.07842	1.0788	1.094	1.09908	1.09387	1.09894	1.07331	1.07316	1.06595	1.06218	1.07406	1.06136	1.10093	1.08143	1.10191	1.08866	1.08902	1.0999	1.10093	1.08143	1.10191	1.08866	1.08902	1.0999	1.10898	1.11765	1.09444	1.11998	1.09614	1.12012	1.08565	1.07005	1.08004	1.07081	1.06874	1.09262
ERR609030	0.944904	0.939338	0.944636	0.940118	0.937332	0.939329	0.95349	0.951152	0.97674	0.945619	0.940421	0.941658	0.898791	0.89446	0.885922	0.900383	0.900638	0.88542	1.11973	1.11499	1.12031	1.11893	1.12794	1.10648	0.912855	0.898747	0.90521	0.904938	0.912222	0.905846	0.905502	0.897018	0.898083	0.900112	0.915834	0.895327	0	0.826443	0.824331	0.835639	0.806507	0.800239	0.936988	0.956628	0.92888	0.955145	0.958965	0.958015	1.13128	1.13923	1.11821	1.1415	1.11948	1.14175	1.08222	1.09158	1.0902	1.08084	1.09146	1.09052	1.10459	1.10466	1.11885	1.12305	1.11855	1.12281	1.1009	1.10104	1.09453	1.09117	1.10167	1.09024	1.12484	1.10741	1.12591	1.11386	1.11445	1.12411	1.12484	1.10741	1.12591	1.11386	1.11445	1.12411	1.13128	1.13923	1.11821	1.1415	1.11948	1.14175	1.11209	1.09739	1.10688	1.09843	1.09665	1.11878
ERR609032	0.948534	0.942795	0.947479	0.943619	0.940889	0.943132	0.956619	0.95473	0.979909	0.949177	0.943846	0.9455	0.902346	0.898361	0.890209	0.903937	0.904439	0.889713	1.12213	1.11734	1.1227	1.12136	1.13027	1.10922	0.917051	0.903196	0.909319	0.909244	0.915724	0.909986	0.909601	0.901232	0.901858	0.903929	0.920162	0.900035	0.826443	0	0.829437	0.840199	0.812157	0.805946	0.940738	0.959808	0.93253	0.958526	0.962561	0.960985	1.13337	1.14151	1.12037	1.14353	1.12185	1.14389	1.08535	1.09439	1.09317	1.08374	1.09404	1.0933	1.10689	1.10704	1.12079	1.12512	1.12074	1.12479	1.10333	1.1036	1.09707	1.09365	1.104	1.09296	1.12744	1.11001	1.1285	1.11658	1.11729	1.12646	1.12744	1.11001	1.1285	1.11658	1.11729	1.12646	1.13337	1.14151	1.12037	1.14353	1.12185	1.14389	1.11408	1.09993	1.10923	1.10116	1.09905	1.1208
ERR609031	0.946561	0.940966	0.945842	0.941978	0.93904	0.941036	0.954976	0.952524	0.978002	0.947116	0.941728	0.94336	0.900433	0.896045	0.887925	0.902233	0.902851	0.88762	1.12021	1.11551	1.12078	1.11955	1.12844	1.10723	0.914945	0.900882	0.907398	0.906551	0.913978	0.907837	0.907926	0.899425	0.900224	0.902689	0.918149	0.897569	0.824331	0.829437	0	0.838322	0.809498	0.803452	0.938804	0.95844	0.930808	0.956844	0.961005	0.959332	1.13194	1.13983	1.11886	1.14187	1.12002	1.14229	1.08314	1.09239	1.09129	1.08183	1.09218	1.09132	1.10529	1.10546	1.11956	1.12368	1.11931	1.12358	1.10168	1.10178	1.0954	1.0917	1.10244	1.09113	1.12588	1.10855	1.12688	1.11477	1.1154	1.12494	1.12588	1.10855	1.12688	1.11477	1.1154	1.12494	1.13194	1.13983	1.11886	1.14187	1.12002	1.14229	1.11279	1.09837	1.1074	1.0992	1.09715	1.11937
ERR609027	0.951366	0.947062	0.951468	0.949088	0.946912	0.948511	0.962012	0.960096	0.982022	0.950742	0.947386	0.946872	0.907072	0.904843	0.895998	0.908248	0.909167	0.898041	1.12896	1.12331	1.12938	1.12804	1.13406	1.11588	0.924063	0.911069	0.915816	0.91673	0.923091	0.916444	0.912402	0.907002	0.905535	0.910179	0.920698	0.905331	0.835639	0.840199	0.838322	0	0.813205	0.809597	0.942839	0.962575	0.937367	0.962024	0.966783	0.965378	1.13302	1.1429	1.12319	1.14551	1.12427	1.14497	1.09172	1.09748	1.09617	1.09019	1.09734	1.09836	1.11295	1.11307	1.12721	1.12926	1.12615	1.12626	1.11016	1.11034	1.10257	1.10082	1.1088	1.10049	1.12786	1.11345	1.12876	1.11815	1.12014	1.12724	1.12786	1.11345	1.12876	1.11815	1.12014	1.12724	1.13302	1.1429	1.12319	1.14551	1.12427	1.14497	1.12466	1.10992	1.12021	1.11128	1.10922	1.13297
ERR609028	0.924454	0.918034	0.923877	0.919427	0.916707	0.919133	0.933949	0.931359	0.958676	0.924155	0.918533	0.919818	0.880991	0.876667	0.866285	0.883179	0.884048	0.866473	1.10335	1.09824	1.1038	1.10239	1.11128	1.08933	0.893376	0.877029	0.884622	0.88436	0.892399	0.884983	0.884891	0.876398	0.876554	0.880065	0.896359	0.874521	0.806507	0.812157	0.809498	0.813205	0	0.77243	0.916466	0.93807	0.907273	0.936928	0.941489	0.939699	1.11443	1.12341	1.10072	1.1257	1.10236	1.12582	1.06483	1.07409	1.07263	1.06331	1.07402	1.07326	1.08671	1.08712	1.10238	1.10646	1.10187	1.10586	1.08368	1.08348	1.07639	1.07277	1.08379	1.07204	1.10782	1.08987	1.10906	1.09651	1.09726	1.10724	1.10782	1.08987	1.10906	1.09651	1.09726	1.10724	1.11443	1.12341	1.10072	1.1257	1.10236	1.12582	1.09633	1.08083	1.09105	1.0819	1.07948	1.10385
ERR609029	0.918371	0.911294	0.917494	0.912756	0.909367	0.91209	0.927588	0.924921	0.953182	0.918212	0.912162	0.913931	0.875143	0.869589	0.858996	0.87698	0.877908	0.858119	1.09685	1.09183	1.09721	1.09601	1.10598	1.08262	0.885997	0.868404	0.876715	0.876342	0.884482	0.876864	0.879274	0.869473	0.870163	0.873473	0.891375	0.867408	0.800239	0.805946	0.803452	0.809597	0.77243	0	0.909761	0.931876	0.899786	0.93089	0.935196	0.933197	1.11029	1.1188	1.0953	1.12112	1.09709	1.12144	1.05779	1.06835	1.06679	1.05621	1.06818	1.06688	1.08037	1.08048	1.09641	1.10103	1.096	1.10111	1.07651	1.07658	1.06937	1.06557	1.07746	1.06467	1.10326	1.0841	1.10442	1.09105	1.09156	1.10244	1.10326	1.0841	1.10442	1.09105	1.09156	1.10244	1.11029	1.1188	1.0953	1.12112	1.09709	1.12144	1.08875	1.07335	1.08339	1.07428	1.07193	1.09603
ERR612555	0.896576	0.890299	0.896196	0.892216	0.889907	0.891418	0.885023	0.881823	0.908867	0.872074	0.865618	0.868729	0.900022	0.89571	0.886224	0.901671	0.902595	0.8874	1.10197	1.09636	1.10233	1.10089	1.10911	1.0872	0.89395	0.878653	0.884901	0.885826	0.892562	0.885592	0.913735	0.906108	0.905395	0.909852	0.923682	0.904845	0.936988	0.940738	0.938804	0.942839	0.916466	0.909761	0	0.797455	0.761104	0.800191	0.806513	0.802637	1.11361	1.12319	1.10093	1.12563	1.10223	1.12527	1.06483	1.07324	1.07172	1.06336	1.07303	1.07328	1.0813	1.08142	1.09667	1.10006	1.09615	1.09871	1.07822	1.07795	1.07042	1.068	1.07803	1.06693	1.10739	1.0899	1.10806	1.09611	1.09727	1.10629	1.10739	1.0899	1.10806	1.09611	1.09727	1.10629	1.11361	1.12319	1.10093	1.12563	1.10223	1.12527	1.08888	1.07355	1.08385	1.07426	1.07231	1.09705
ERR612554	0.919997	0.914308	0.919678	0.915847	0.913933	0.915208	0.906508	0.90361	0.928914	0.894826	0.889453	0.892832	0.917964	0.914231	0.906654	0.919336	0.919888	0.907406	1.11855	1.11363	1.11893	1.11785	1.12578	1.10504	0.915788	0.902504	0.908082	0.908533	0.914133	0.908369	0.935569	0.928307	0.927929	0.93138	0.944271	0.927142	0.956628	0.959808	0.95844	0.962575	0.93807	0.931876	0.797455	0	0.792345	0.825508	0.830662	0.827482	1.13089	1.13941	1.11862	1.14129	1.11987	1.14149	1.08198	1.09039	1.08891	1.0803	1.09005	1.08978	1.0993	1.09957	1.11388	1.11738	1.11361	1.11665	1.09688	1.09669	1.08982	1.08716	1.09744	1.08656	1.12544	1.10866	1.12584	1.11454	1.11563	1.1242	1.12544	1.10866	1.12584	1.11454	1.11563	1.1242	1.13089	1.13941	1.11862	1.14129	1.11987	1.14149	1.10593	1.09148	1.10105	1.0924	1.09021	1.11318
ERR612553	0.887828	0.880581	0.886876	0.882278	0.879128	0.881086	0.877829	0.87456	0.903637	0.865974	0.858825	0.862661	0.892343	0.886718	0.877071	0.894251	0.894944	0.876926	1.09265	1.08761	1.09299	1.0917	1.10191	1.07776	0.884049	0.867689	0.875172	0.875329	0.882932	0.875557	0.906105	0.897003	0.897416	0.900866	0.916626	0.895493	0.92888	0.93253	0.930808	0.937367	0.907273	0.899786	0.761104	0.792345	0	0.794899	0.800725	0.796988	1.10873	1.11738	1.09407	1.11941	1.09551	1.11989	1.05589	1.06612	1.06471	1.05414	1.06617	1.06509	1.07201	1.07234	1.08809	1.09291	1.08781	1.09298	1.06854	1.06813	1.06114	1.05741	1.06946	1.05658	1.10174	1.08262	1.10268	1.08931	1.08991	1.10067	1.10174	1.08262	1.10268	1.08931	1.08991	1.10067	1.10873	1.11738	1.09407	1.11941	1.09551	1.11989	1.07801	1.06249	1.0725	1.06336	1.06111	1.08546
ERR612557	0.919377	0.913654	0.918919	0.914662	0.912518	0.913916	0.906441	0.903542	0.928822	0.895242	0.889412	0.892743	0.917847	0.913751	0.90642	0.919279	0.919884	0.907021	1.11734	1.11284	1.11815	1.11665	1.12524	1.1039	0.914083	0.900514	0.906515	0.906971	0.912711	0.906752	0.935279	0.9268	0.927537	0.930368	0.944437	0.926313	0.955145	0.958526	0.956844	0.962024	0.936928	0.93089	0.800191	0.825508	0.794899	0	0.82709	0.824091	1.13069	1.1389	1.11783	1.14073	1.11897	1.14108	1.08068	1.08941	1.08793	1.07918	1.08933	1.08867	1.09822	1.09815	1.1125	1.11654	1.11221	1.11576	1.09557	1.09529	1.08863	1.08572	1.09604	1.0849	1.12483	1.10787	1.12561	1.11375	1.11451	1.12374	1.12483	1.10787	1.12561	1.11375	1.11451	1.12374	1.13069	1.1389	1.11783	1.14073	1.11897	1.14108	1.10364	1.08945	1.09879	1.09028	1.0882	1.11084
ERR612558	0.922958	0.917421	0.922474	0.918508	0.916057	0.917723	0.909466	0.906784	0.932028	0.899042	0.893546	0.897355	0.92068	0.916566	0.909413	0.921953	0.922684	0.909594	1.11925	1.11458	1.11951	1.11856	1.12702	1.10574	0.918219	0.904893	0.910968	0.91119	0.916959	0.9111	0.939072	0.931149	0.931919	0.934248	0.948391	0.93022	0.958965	0.962561	0.961005	0.966783	0.941489	0.935196	0.806513	0.830662	0.800725	0.82709	0	0.828747	1.13349	1.1411	1.12005	1.14299	1.1216	1.14345	1.08304	1.09241	1.09066	1.08163	1.09177	1.0914	1.10045	1.10037	1.11458	1.11863	1.11426	1.1183	1.09785	1.09759	1.09128	1.08798	1.0985	1.08709	1.12724	1.11011	1.12808	1.11672	1.11696	1.12642	1.12724	1.11011	1.12808	1.11672	1.11696	1.12642	1.13349	1.1411	1.12005	1.14299	1.1216	1.14345	1.10544	1.09135	1.10061	1.09221	1.09009	1.11208
ERR612556	0.921498	0.915672	0.920819	0.916943	0.914442	0.916176	0.907965	0.904598	0.93009	0.897022	0.891475	0.894499	0.919746	0.915566	0.908371	0.92127	0.921558	0.908855	1.11772	1.11297	1.11784	1.11662	1.1253	1.10399	0.916852	0.90352	0.909112	0.909682	0.915274	0.909485	0.937322	0.929079	0.930151	0.932404	0.946531	0.928341	0.958015	0.960985	0.959332	0.965378	0.939699	0.933197	0.802637	0.827482	0.796988	0.824091	0.828747	0	1.13175	1.13963	1.11901	1.14151	1.11984	1.14187	1.0813	1.09018	1.08866	1.0798	1.08995	1.08936	1.099	1.09943	1.11305	1.11737	1.11299	1.11693	1.09622	1.09602	1.08952	1.08646	1.09693	1.08552	1.12553	1.10853	1.12653	1.11487	1.11551	1.12484	1.12553	1.10853	1.12653	1.11487	1.11551	1.12484	1.13175	1.13963	1.11901	1.14151	1.11984	1.14187	1.10424	1.09001	1.09916	1.09082	1.08863	1.1111
