	ERR613340	ERR613338	ERR613339	ERR613335	ERR613336	ERR613337	ERR636787	ERR636789	ERR636788	ERR636790	ERR636792	ERR636791	ERR636821	ERR636819	ERR636818	ERR636817	ERR636820	ERR636822	ERR613108	ERR613109	ERR613111	ERR613112	ERR613110	ERR613107	ERR636787	ERR636789	ERR636788	ERR636790	ERR636792	ERR636791	ERR622160	ERR622155	ERR622159	ERR622158	ERR622157	ERR622156	ERR613997	ERR613999	ERR613998	ERR613996	ERR614001	ERR614000	ERR612225	ERR612224	ERR612221	ERR612223	ERR612226	ERR612222	ERR638244	ERR638245	ERR638246	ERR638247	ERR638248	ERR638243	ERR613788	ERR613791	ERR613790	ERR613793	ERR613792	ERR613789	ERR612190	ERR612185	ERR612187	ERR612186	ERR612188	ERR612189	ERR613773	ERR613774	ERR613775	ERR613771	ERR613770	ERR613772	ERR617457	ERR617460	ERR617459	ERR617462	ERR617458	ERR617461	ERR605559	ERR605557	ERR605562	ERR605561	ERR605558	ERR605560	ERR607780	ERR607779	ERR607776	ERR607775	ERR607778	ERR607777	ERR616267	ERR616266	ERR616270	ERR616269	ERR616268	ERR616265
ERR613340	3.84076e+09	4.44494e+09	4.46963e+09	4.91408e+09	4.46485e+09	4.74613e+09	4.93916e+09	5.08152e+09	5.08645e+09	5.16961e+09	5.21283e+09	5.18223e+09	5.04148e+09	5.4108e+09	5.45343e+09	5.22949e+09	5.08718e+09	5.05942e+09	5.04693e+09	5.03369e+09	3.85173e+09	3.78568e+09	3.69281e+09	5.25912e+09	4.93916e+09	5.08152e+09	5.08645e+09	5.16961e+09	5.21283e+09	5.18223e+09	4.15548e+09	4.00123e+09	4.23782e+09	4.27928e+09	4.93886e+09	4.75146e+09	4.97948e+09	4.94137e+09	4.54457e+09	5.1472e+09	4.95657e+09	4.95193e+09	4.31661e+09	4.84586e+09	5.38184e+09	5.27689e+09	4.78743e+09	5.27071e+09	4.3065e+09	4.21146e+09	5.05563e+09	5.05714e+09	4.88299e+09	4.24458e+09	5.20738e+09	4.89827e+09	4.38713e+09	4.92079e+09	4.91358e+09	4.97635e+09	4.62613e+09	4.88315e+09	4.77872e+09	4.783e+09	4.7343e+09	4.20613e+09	4.71546e+09	4.73292e+09	4.72101e+09	4.77451e+09	5.03259e+09	4.19629e+09	4.36805e+09	4.69813e+09	4.41933e+09	4.54185e+09	4.40155e+09	4.74112e+09	3.89897e+09	4.19312e+09	4.0086e+09	4.05422e+09	4.05392e+09	4.01203e+09	5.22914e+09	5.28535e+09	4.81948e+09	5.21427e+09	4.86266e+09	5.22699e+09	4.16004e+09	4.53648e+09	4.98477e+09	4.9322e+09	4.91241e+09	4.313e+09
ERR613338	4.44494e+09	5.6306e+09	5.48784e+09	6.07368e+09	5.46199e+09	5.83909e+09	6.10934e+09	6.30258e+09	6.31732e+09	6.42122e+09	6.48112e+09	6.43879e+09	6.24667e+09	6.75695e+09	6.82535e+09	6.5112e+09	6.30947e+09	6.27084e+09	6.26635e+09	6.24996e+09	4.66245e+09	4.57253e+09	4.45335e+09	6.55975e+09	6.10934e+09	6.30258e+09	6.31732e+09	6.42122e+09	6.48112e+09	6.43879e+09	5.06324e+09	4.82869e+09	5.17235e+09	5.22702e+09	6.10773e+09	5.84686e+09	6.18203e+09	6.135e+09	5.58197e+09	6.4149e+09	6.15483e+09	6.14926e+09	5.2679e+09	5.9786e+09	6.71807e+09	6.56522e+09	5.90101e+09	6.55594e+09	5.31063e+09	5.18995e+09	6.30651e+09	6.30918e+09	6.06091e+09	5.22725e+09	6.50466e+09	6.0957e+09	5.39673e+09	6.12475e+09	6.11609e+09	6.19322e+09	5.71226e+09	6.06309e+09	5.91383e+09	5.91846e+09	5.85713e+09	5.15251e+09	5.85868e+09	5.88268e+09	5.86486e+09	5.93007e+09	6.27783e+09	5.14515e+09	5.4129e+09	5.86328e+09	5.49516e+09	5.64605e+09	5.46984e+09	5.92007e+09	4.78094e+09	5.1781e+09	4.93254e+09	4.99236e+09	4.98973e+09	4.9382e+09	6.51618e+09	6.59169e+09	5.95679e+09	6.5036e+09	6.01818e+09	6.52025e+09	5.16124e+09	5.65589e+09	6.24578e+09	6.17219e+09	6.14868e+09	5.354e+09
ERR613339	4.46963e+09	5.48784e+09	5.69497e+09	6.11104e+09	5.49493e+09	5.87498e+09	6.14576e+09	6.3402e+09	6.35456e+09	6.45954e+09	6.51966e+09	6.4767e+09	6.28461e+09	6.79859e+09	6.86698e+09	6.5506e+09	6.34815e+09	6.30931e+09	6.30433e+09	6.28733e+09	4.68622e+09	4.59595e+09	4.47645e+09	6.60009e+09	6.14576e+09	6.3402e+09	6.35456e+09	6.45954e+09	6.51966e+09	6.4767e+09	5.09181e+09	4.85661e+09	5.20169e+09	5.25728e+09	6.14538e+09	5.88234e+09	6.21946e+09	6.17193e+09	5.61518e+09	6.45364e+09	6.19198e+09	6.18655e+09	5.29878e+09	6.01612e+09	6.76008e+09	6.60653e+09	5.9373e+09	6.59737e+09	5.34266e+09	5.22081e+09	6.34595e+09	6.34887e+09	6.09912e+09	5.25836e+09	6.54679e+09	6.13414e+09	5.43059e+09	6.16266e+09	6.15438e+09	6.23263e+09	5.74829e+09	6.10246e+09	5.95233e+09	5.95679e+09	5.89494e+09	5.18382e+09	5.89499e+09	5.9189e+09	5.90058e+09	5.9675e+09	6.31797e+09	5.17669e+09	5.44491e+09	5.89811e+09	5.52749e+09	5.67983e+09	5.50178e+09	5.95484e+09	4.80839e+09	5.20762e+09	4.95991e+09	5.02117e+09	5.01831e+09	4.9659e+09	6.55921e+09	6.63548e+09	5.99673e+09	6.54701e+09	6.05819e+09	6.56322e+09	5.18993e+09	5.68899e+09	6.28414e+09	6.20973e+09	6.18646e+09	5.3845e+09
ERR613335	4.91408e+09	6.07368e+09	6.11104e+09	7.03639e+09	6.09514e+09	6.54469e+09	6.88605e+09	7.1177e+09	7.13317e+09	7.26107e+09	7.33233e+09	7.28216e+09	7.04317e+09	7.65139e+09	7.72982e+09	7.35544e+09	7.11852e+09	7.07249e+09	7.05737e+09	7.03516e+09	5.16358e+09	5.06081e+09	4.92271e+09	7.4087e+09	6.88605e+09	7.1177e+09	7.13317e+09	7.26107e+09	7.33233e+09	7.28216e+09	5.63601e+09	5.38238e+09	5.76268e+09	5.82767e+09	6.8744e+09	6.56528e+09	6.96648e+09	6.90731e+09	6.25481e+09	7.24295e+09	6.93124e+09	6.92473e+09	5.87171e+09	6.7188e+09	7.60381e+09	7.42368e+09	6.6249e+09	7.41376e+09	5.94017e+09	5.79558e+09	7.1116e+09	7.11456e+09	6.82387e+09	5.8426e+09	7.34541e+09	6.85431e+09	6.03842e+09	6.88842e+09	6.87948e+09	6.97341e+09	6.3944e+09	6.8127e+09	6.6367e+09	6.64333e+09	6.56694e+09	5.73298e+09	6.56498e+09	6.59314e+09	6.57253e+09	6.6532e+09	7.06769e+09	5.73561e+09	6.06692e+09	6.59396e+09	6.15919e+09	6.3403e+09	6.13001e+09	6.66097e+09	5.30911e+09	5.7689e+09	5.48125e+09	5.55219e+09	5.54933e+09	5.48861e+09	7.36726e+09	7.45843e+09	6.69813e+09	7.35019e+09	6.77049e+09	7.37044e+09	5.73256e+09	6.31202e+09	7.01188e+09	6.92466e+09	6.89537e+09	5.95887e+09
ERR613336	4.46485e+09	5.46199e+09	5.49493e+09	6.09514e+09	5.66542e+09	5.86473e+09	6.13359e+09	6.32611e+09	6.33652e+09	6.44433e+09	6.50291e+09	6.46141e+09	6.26786e+09	6.76878e+09	6.83046e+09	6.52346e+09	6.33026e+09	6.29254e+09	6.28054e+09	6.26147e+09	4.6698e+09	4.58228e+09	4.45999e+09	6.56861e+09	6.13359e+09	6.32611e+09	6.33652e+09	6.44433e+09	6.50291e+09	6.46141e+09	5.0798e+09	4.8656e+09	5.19018e+09	5.24486e+09	6.13003e+09	5.87437e+09	6.19849e+09	6.14787e+09	5.60881e+09	6.42625e+09	6.16773e+09	6.16204e+09	5.29271e+09	6.0046e+09	6.73237e+09	6.58519e+09	5.92638e+09	6.57906e+09	5.30557e+09	5.18191e+09	6.30388e+09	6.3056e+09	6.06635e+09	5.22264e+09	6.50934e+09	6.09437e+09	5.40653e+09	6.12374e+09	6.11517e+09	6.19738e+09	5.72425e+09	6.07371e+09	5.92841e+09	5.93558e+09	5.86952e+09	5.16099e+09	5.85079e+09	5.87506e+09	5.85736e+09	5.92807e+09	6.27655e+09	5.15155e+09	5.39588e+09	5.83834e+09	5.46859e+09	5.62621e+09	5.44387e+09	5.89503e+09	4.76733e+09	5.15845e+09	4.91232e+09	4.97311e+09	4.97258e+09	4.91857e+09	6.53396e+09	6.60963e+09	5.97975e+09	6.51781e+09	6.03877e+09	6.53496e+09	5.12239e+09	5.6209e+09	6.21722e+09	6.1447e+09	6.11912e+09	5.32148e+09
ERR613337	4.74613e+09	5.83909e+09	5.87498e+09	6.54469e+09	5.86473e+09	6.48499e+09	6.59218e+09	6.80752e+09	6.81832e+09	6.93942e+09	7.00529e+09	6.9591e+09	6.73863e+09	7.30104e+09	7.36933e+09	7.02554e+09	6.80803e+09	6.76609e+09	6.75375e+09	6.73398e+09	4.97339e+09	4.87674e+09	4.74412e+09	7.07706e+09	6.59218e+09	6.80752e+09	6.81832e+09	6.93942e+09	7.00529e+09	6.9591e+09	5.42261e+09	5.18953e+09	5.54269e+09	5.60365e+09	6.58442e+09	6.29938e+09	6.66344e+09	6.60709e+09	6.00565e+09	6.91871e+09	6.62926e+09	6.62287e+09	5.65146e+09	6.44478e+09	7.26245e+09	7.09757e+09	6.35684e+09	7.08965e+09	5.6927e+09	5.55622e+09	6.79521e+09	6.7972e+09	6.53286e+09	5.60176e+09	7.01833e+09	6.55739e+09	5.79783e+09	6.59041e+09	6.58045e+09	6.67146e+09	6.13698e+09	6.52674e+09	6.36532e+09	6.37287e+09	6.2991e+09	5.5137e+09	6.28533e+09	6.3117e+09	6.29368e+09	6.37106e+09	6.75819e+09	5.51353e+09	5.80218e+09	6.29207e+09	5.88468e+09	6.05808e+09	5.85682e+09	6.3549e+09	5.09821e+09	5.52967e+09	5.25935e+09	5.32583e+09	5.32495e+09	5.26533e+09	7.04578e+09	7.13067e+09	6.42564e+09	7.02692e+09	6.49104e+09	7.04573e+09	5.48571e+09	6.0344e+09	6.69495e+09	6.61458e+09	6.58576e+09	5.70345e+09
ERR636787	4.93916e+09	6.10934e+09	6.14576e+09	6.88605e+09	6.13359e+09	6.59218e+09	7.60185e+09	7.6452e+09	7.66483e+09	7.79907e+09	7.87725e+09	7.82447e+09	7.43053e+09	8.07022e+09	8.15572e+09	7.76412e+09	7.51253e+09	7.46234e+09	7.15687e+09	7.13306e+09	5.20451e+09	5.10135e+09	4.96363e+09	7.52721e+09	7.60185e+09	7.6452e+09	7.66483e+09	7.79907e+09	7.87725e+09	7.82447e+09	5.86889e+09	5.61104e+09	6.00479e+09	6.07499e+09	7.1916e+09	6.86274e+09	7.38553e+09	7.32102e+09	6.61009e+09	7.68054e+09	7.34726e+09	7.33837e+09	6.03177e+09	6.9247e+09	7.85742e+09	7.67095e+09	6.82443e+09	7.6542e+09	5.91693e+09	5.76277e+09	7.14894e+09	7.1508e+09	6.84072e+09	5.81502e+09	7.43758e+09	6.91374e+09	6.05478e+09	6.95235e+09	6.94081e+09	7.04159e+09	6.36461e+09	6.80168e+09	6.6185e+09	6.62366e+09	6.54485e+09	5.67953e+09	6.61231e+09	6.64293e+09	6.62037e+09	6.70802e+09	7.14534e+09	5.7432e+09	6.03706e+09	6.59037e+09	6.13411e+09	6.32406e+09	6.10359e+09	6.65985e+09	5.22289e+09	5.69534e+09	5.40103e+09	5.47273e+09	5.46851e+09	5.40849e+09	7.4754e+09	7.57112e+09	6.76746e+09	7.45775e+09	6.84427e+09	7.4802e+09	5.69968e+09	6.30162e+09	7.03508e+09	6.94276e+09	6.91221e+09	5.93355e+09
ERR636789	5.08152e+09	6.30258e+09	6.3402e+09	7.1177e+09	6.32611e+09	6.80752e+09	7.6452e+09	8.14296e+09	7.93676e+09	8.0855e+09	8.1707e+09	8.11255e+09	7.68577e+09	8.38135e+09	8.47202e+09	8.04698e+09	7.77429e+09	7.72103e+09	7.41273e+09	7.38745e+09	5.36551e+09	5.25734e+09	5.11377e+09	7.80544e+09	7.6452e+09	8.14296e+09	7.93676e+09	8.0855e+09	8.1707e+09	8.11255e+09	6.04316e+09	5.77187e+09	6.18417e+09	6.25693e+09	7.43046e+09	7.08139e+09	7.638e+09	7.56863e+09	6.81317e+09	7.95697e+09	7.5965e+09	7.58752e+09	6.21051e+09	7.15017e+09	8.15287e+09	7.95043e+09	7.04444e+09	7.93454e+09	6.13111e+09	5.9703e+09	7.42448e+09	7.42662e+09	7.10085e+09	6.02394e+09	7.71686e+09	7.16478e+09	6.26314e+09	7.20469e+09	7.19289e+09	7.29835e+09	6.57363e+09	7.03418e+09	6.84031e+09	6.84555e+09	6.76249e+09	5.85795e+09	6.84282e+09	6.87429e+09	6.85093e+09	6.94221e+09	7.40241e+09	5.93116e+09	6.27387e+09	6.85727e+09	6.37692e+09	6.57701e+09	6.34415e+09	6.93081e+09	5.40909e+09	5.9055e+09	5.59659e+09	5.67128e+09	5.66812e+09	5.60488e+09	7.74859e+09	7.85293e+09	6.99318e+09	7.72886e+09	7.07529e+09	7.75262e+09	5.89766e+09	6.52782e+09	7.29839e+09	7.20092e+09	7.16844e+09	6.1405e+09
ERR636788	5.08645e+09	6.31732e+09	6.35456e+09	7.13317e+09	6.33652e+09	6.81832e+09	7.66483e+09	7.93676e+09	8.18643e+09	8.10558e+09	8.19144e+09	8.13274e+09	7.70838e+09	8.40855e+09	8.50669e+09	8.07442e+09	7.79769e+09	7.74304e+09	7.43135e+09	7.40646e+09	5.37549e+09	5.26662e+09	5.12354e+09	7.83002e+09	7.66483e+09	7.93676e+09	8.18643e+09	8.10558e+09	8.19144e+09	8.13274e+09	6.05703e+09	5.77696e+09	6.19859e+09	6.27161e+09	7.4512e+09	7.09748e+09	7.66492e+09	7.59671e+09	6.82961e+09	7.98721e+09	7.62486e+09	7.61594e+09	6.22366e+09	7.16692e+09	8.17835e+09	7.97148e+09	7.06101e+09	7.95414e+09	6.14807e+09	5.98781e+09	7.44749e+09	7.45041e+09	7.11469e+09	6.0401e+09	7.74227e+09	7.18905e+09	6.27572e+09	7.22873e+09	7.21721e+09	7.32056e+09	6.59186e+09	7.05593e+09	6.85883e+09	6.8632e+09	6.78176e+09	5.87338e+09	6.86831e+09	6.90057e+09	6.87605e+09	6.96632e+09	7.43044e+09	5.94448e+09	6.29458e+09	6.88619e+09	6.403e+09	6.59981e+09	6.3698e+09	6.96021e+09	5.42468e+09	5.92466e+09	5.61441e+09	5.68907e+09	5.68492e+09	5.6227e+09	7.76928e+09	7.87329e+09	7.00916e+09	7.75398e+09	7.09235e+09	7.77794e+09	5.93189e+09	6.56351e+09	7.33527e+09	7.23571e+09	7.20464e+09	6.17267e+09
ERR636790	5.16961e+09	6.42122e+09	6.45954e+09	7.26107e+09	6.44433e+09	6.93942e+09	7.79907e+09	8.0855e+09	8.10558e+09	8.50226e+09	8.35639e+09	8.29482e+09	7.8456e+09	8.57575e+09	8.67076e+09	8.22326e+09	7.93851e+09	7.88191e+09	7.57399e+09	7.54815e+09	5.46688e+09	5.35607e+09	5.20933e+09	7.98252e+09	7.79907e+09	8.0855e+09	8.10558e+09	8.50226e+09	8.35639e+09	8.29482e+09	6.15095e+09	5.87197e+09	6.29525e+09	6.37012e+09	7.579e+09	7.21723e+09	7.79601e+09	7.72418e+09	6.93929e+09	8.13035e+09	7.75329e+09	7.74348e+09	6.32091e+09	7.28923e+09	8.33792e+09	8.12596e+09	7.18034e+09	8.10861e+09	6.26496e+09	6.09947e+09	7.59729e+09	7.59984e+09	7.26062e+09	6.15437e+09	7.88899e+09	7.31962e+09	6.38979e+09	7.36052e+09	7.34859e+09	7.45598e+09	6.70173e+09	7.17585e+09	6.97658e+09	6.98087e+09	6.89665e+09	5.96702e+09	6.98456e+09	7.0172e+09	6.99215e+09	7.08583e+09	7.56074e+09	6.04521e+09	6.42381e+09	7.0287e+09	6.53104e+09	6.73687e+09	6.49762e+09	7.10444e+09	5.52246e+09	6.03312e+09	5.71545e+09	5.7924e+09	5.78855e+09	5.72388e+09	7.91492e+09	8.02405e+09	7.12993e+09	7.89433e+09	7.21506e+09	7.91908e+09	6.02285e+09	6.66992e+09	7.46369e+09	7.36215e+09	7.32951e+09	6.27067e+09
ERR636792	5.21283e+09	6.48112e+09	6.51966e+09	7.33233e+09	6.50291e+09	7.00529e+09	7.87725e+09	8.1707e+09	8.19144e+09	8.35639e+09	8.69147e+09	8.38598e+09	7.92505e+09	8.67405e+09	8.77218e+09	8.31228e+09	8.01998e+09	7.96216e+09	7.65392e+09	7.62798e+09	5.51749e+09	5.40479e+09	5.25665e+09	8.071e+09	7.87725e+09	8.1707e+09	8.19144e+09	8.35639e+09	8.69147e+09	8.38598e+09	6.20409e+09	5.92053e+09	6.35014e+09	6.4258e+09	7.653e+09	7.28439e+09	7.87466e+09	7.80197e+09	7.00151e+09	8.21712e+09	7.83161e+09	7.82214e+09	6.37524e+09	7.35787e+09	8.42949e+09	8.21205e+09	7.247e+09	8.19476e+09	6.33139e+09	6.1633e+09	7.68437e+09	7.6871e+09	7.3406e+09	6.21888e+09	7.97592e+09	7.3976e+09	6.45301e+09	7.43918e+09	7.42709e+09	7.53532e+09	6.76541e+09	7.24712e+09	7.04399e+09	7.04851e+09	6.96301e+09	6.02082e+09	7.05626e+09	7.08931e+09	7.06406e+09	7.15766e+09	7.64054e+09	6.10146e+09	6.49848e+09	7.11452e+09	6.60888e+09	6.81718e+09	6.57476e+09	7.19179e+09	5.57854e+09	6.09764e+09	5.77551e+09	5.85351e+09	5.84911e+09	5.7842e+09	7.99827e+09	8.11001e+09	7.1983e+09	7.9775e+09	7.28455e+09	8.00282e+09	6.08687e+09	6.74337e+09	7.54902e+09	7.44566e+09	7.41222e+09	6.33713e+09
ERR636791	5.18223e+09	6.43879e+09	6.4767e+09	7.28216e+09	6.46141e+09	6.9591e+09	7.82447e+09	8.11255e+09	8.13274e+09	8.29482e+09	8.38598e+09	8.56261e+09	7.86992e+09	8.60555e+09	8.70147e+09	8.25013e+09	7.96324e+09	7.90643e+09	7.59777e+09	7.57195e+09	5.48166e+09	5.37038e+09	5.22347e+09	8.00878e+09	7.82447e+09	8.11255e+09	8.13274e+09	8.29482e+09	8.38598e+09	8.56261e+09	6.16644e+09	5.8869e+09	6.31133e+09	6.38681e+09	7.60123e+09	7.23775e+09	7.81996e+09	7.74812e+09	6.95864e+09	8.15683e+09	7.77696e+09	7.76772e+09	6.33642e+09	7.30863e+09	8.36404e+09	8.15077e+09	7.19923e+09	8.13353e+09	6.28254e+09	6.11616e+09	7.62126e+09	7.62429e+09	7.2825e+09	6.17099e+09	7.91327e+09	7.34111e+09	6.40687e+09	7.3823e+09	7.37015e+09	7.47792e+09	6.719e+09	7.19584e+09	6.99516e+09	6.99955e+09	6.91509e+09	5.98172e+09	7.00387e+09	7.03677e+09	7.01224e+09	7.10533e+09	7.583e+09	6.06003e+09	6.44443e+09	7.05262e+09	6.55265e+09	6.75933e+09	6.51926e+09	7.12928e+09	5.53666e+09	6.04967e+09	5.73097e+09	5.80834e+09	5.80396e+09	5.73975e+09	7.93831e+09	8.04834e+09	7.14865e+09	7.91735e+09	7.23448e+09	7.94233e+09	6.04027e+09	6.69018e+09	7.48763e+09	7.38562e+09	7.35305e+09	6.28875e+09
ERR636821	5.04148e+09	6.24667e+09	6.28461e+09	7.04317e+09	6.26786e+09	6.73863e+09	7.43053e+09	7.68577e+09	7.70838e+09	7.8456e+09	7.92505e+09	7.86992e+09	7.83514e+09	8.29336e+09	8.38512e+09	7.96868e+09	7.70357e+09	7.65092e+09	7.32697e+09	7.30191e+09	5.32114e+09	5.21438e+09	5.07256e+09	7.71004e+09	7.43053e+09	7.68577e+09	7.70838e+09	7.8456e+09	7.92505e+09	7.86992e+09	5.96884e+09	5.69711e+09	6.10696e+09	6.17807e+09	7.32418e+09	6.9828e+09	7.47397e+09	7.40918e+09	6.67657e+09	7.78011e+09	7.43704e+09	7.42777e+09	6.14196e+09	7.05842e+09	8.02334e+09	7.82757e+09	6.95613e+09	7.81053e+09	6.10906e+09	5.95198e+09	7.37413e+09	7.37634e+09	7.05246e+09	6.00398e+09	7.65452e+09	7.11753e+09	6.23125e+09	7.15653e+09	7.14601e+09	7.24661e+09	6.54657e+09	6.99463e+09	6.80527e+09	6.80927e+09	6.73091e+09	5.84504e+09	6.81234e+09	6.8432e+09	6.81912e+09	6.90748e+09	7.35754e+09	5.91295e+09	6.24734e+09	6.82074e+09	6.35147e+09	6.54345e+09	6.31983e+09	6.89332e+09	5.3938e+09	5.88028e+09	5.57836e+09	5.65216e+09	5.64756e+09	5.58643e+09	7.68111e+09	7.77954e+09	6.95008e+09	7.66448e+09	7.03169e+09	7.68714e+09	5.90492e+09	6.52232e+09	7.27436e+09	7.17832e+09	7.14833e+09	6.14119e+09
ERR636819	5.4108e+09	6.75695e+09	6.79859e+09	7.65139e+09	6.76878e+09	7.30104e+09	8.07022e+09	8.38135e+09	8.40855e+09	8.57575e+09	8.67405e+09	8.60555e+09	8.29336e+09	9.40211e+09	9.24564e+09	8.7285e+09	8.39695e+09	8.33356e+09	8.00631e+09	7.97962e+09	5.74689e+09	5.62641e+09	5.4724e+09	8.45675e+09	8.07022e+09	8.38135e+09	8.40855e+09	8.57575e+09	8.67405e+09	8.60555e+09	6.42393e+09	6.11051e+09	6.57577e+09	6.65512e+09	7.95203e+09	7.55319e+09	8.13231e+09	8.05759e+09	7.19935e+09	8.50402e+09	8.0902e+09	8.0797e+09	6.60858e+09	7.64749e+09	8.80591e+09	8.56492e+09	7.53128e+09	8.54521e+09	6.69004e+09	6.51584e+09	8.1243e+09	8.12816e+09	7.75039e+09	6.57121e+09	8.40893e+09	7.79683e+09	6.7859e+09	7.84054e+09	7.82884e+09	7.93849e+09	7.10879e+09	7.6209e+09	7.40136e+09	7.40345e+09	7.31703e+09	6.32442e+09	7.44036e+09	7.47549e+09	7.44759e+09	7.54251e+09	8.05685e+09	6.41564e+09	6.89598e+09	7.56051e+09	7.02342e+09	7.23662e+09	6.98617e+09	7.64449e+09	5.8941e+09	6.4475e+09	6.10732e+09	6.18981e+09	6.18374e+09	6.11604e+09	8.41038e+09	8.52963e+09	7.55178e+09	8.39221e+09	7.64584e+09	8.41855e+09	6.4659e+09	7.15985e+09	8.01201e+09	7.89933e+09	7.86715e+09	6.7235e+09
ERR636818	5.45343e+09	6.82535e+09	6.86698e+09	7.72982e+09	6.83046e+09	7.36933e+09	8.15572e+09	8.47202e+09	8.50669e+09	8.67076e+09	8.77218e+09	8.70147e+09	8.38512e+09	9.24564e+09	9.64988e+09	8.83578e+09	8.49148e+09	8.42558e+09	8.09556e+09	8.06851e+09	5.80064e+09	5.6776e+09	5.52257e+09	8.55974e+09	8.15572e+09	8.47202e+09	8.50669e+09	8.67076e+09	8.77218e+09	8.70147e+09	6.48352e+09	6.15589e+09	6.63766e+09	6.71767e+09	8.03641e+09	7.62625e+09	8.22806e+09	8.15367e+09	7.26891e+09	8.61119e+09	8.18786e+09	8.17708e+09	6.66946e+09	7.72539e+09	8.91391e+09	8.66295e+09	7.6071e+09	8.6408e+09	6.76735e+09	6.59217e+09	8.22693e+09	8.23296e+09	7.83767e+09	6.6462e+09	8.5151e+09	7.89357e+09	6.85597e+09	7.93748e+09	7.92633e+09	8.03413e+09	7.18733e+09	7.71045e+09	7.48364e+09	7.48432e+09	7.3989e+09	6.39054e+09	7.53416e+09	7.57036e+09	7.54063e+09	7.63482e+09	8.16065e+09	6.48095e+09	6.98563e+09	7.67016e+09	7.12172e+09	7.33453e+09	7.08443e+09	7.75605e+09	5.96282e+09	6.52774e+09	6.18181e+09	6.26486e+09	6.258e+09	6.191e+09	8.50703e+09	8.62828e+09	7.62868e+09	8.49278e+09	7.72591e+09	8.52008e+09	6.56404e+09	7.26784e+09	8.1327e+09	8.01609e+09	7.98535e+09	6.82133e+09
ERR636817	5.22949e+09	6.5112e+09	6.5506e+09	7.35544e+09	6.52346e+09	7.02554e+09	7.76412e+09	8.04698e+09	8.07442e+09	8.22326e+09	8.31228e+09	8.25013e+09	7.96868e+09	8.7285e+09	8.83578e+09	8.60879e+09	8.06396e+09	8.00561e+09	7.67737e+09	7.65169e+09	5.54083e+09	5.42645e+09	5.2794e+09	8.09717e+09	7.76412e+09	8.04698e+09	8.07442e+09	8.22326e+09	8.31228e+09	8.25013e+09	6.20505e+09	5.90751e+09	6.35107e+09	6.4263e+09	7.65135e+09	7.27794e+09	7.82034e+09	7.75131e+09	6.94828e+09	8.1605e+09	7.78213e+09	7.77242e+09	6.38322e+09	7.36284e+09	8.42799e+09	8.20833e+09	7.25384e+09	8.18807e+09	6.4077e+09	6.24223e+09	7.7596e+09	7.76355e+09	7.40762e+09	6.29521e+09	8.04404e+09	7.46968e+09	6.51442e+09	7.51079e+09	7.50009e+09	7.60343e+09	6.83649e+09	7.31836e+09	7.11228e+09	7.11434e+09	7.0325e+09	6.09189e+09	7.14062e+09	7.1739e+09	7.14746e+09	7.23817e+09	7.72165e+09	6.17094e+09	6.58096e+09	7.20426e+09	6.7e+09	6.90095e+09	6.66587e+09	7.28281e+09	5.65078e+09	6.17313e+09	5.85175e+09	5.92941e+09	5.92358e+09	5.85993e+09	8.05431e+09	8.16269e+09	7.2579e+09	8.03876e+09	7.34638e+09	8.06394e+09	6.20561e+09	6.86135e+09	7.66333e+09	7.55835e+09	7.52825e+09	6.45074e+09
ERR636820	5.08718e+09	6.30947e+09	6.34815e+09	7.11852e+09	6.33026e+09	6.80803e+09	7.51253e+09	7.77429e+09	7.79769e+09	7.93851e+09	8.01998e+09	7.96324e+09	7.70357e+09	8.39695e+09	8.49148e+09	8.06396e+09	8.014e+09	7.73754e+09	7.4108e+09	7.38547e+09	5.3733e+09	5.26506e+09	5.12161e+09	7.8022e+09	7.51253e+09	7.77429e+09	7.79769e+09	7.93851e+09	8.01998e+09	7.96324e+09	6.0254e+09	5.74907e+09	6.16577e+09	6.23808e+09	7.40324e+09	7.05505e+09	7.55805e+09	7.49196e+09	6.74384e+09	7.87204e+09	7.52053e+09	7.51124e+09	6.1999e+09	7.13131e+09	8.12008e+09	7.91918e+09	7.02762e+09	7.90183e+09	6.17737e+09	6.0185e+09	7.4636e+09	7.46599e+09	7.13551e+09	6.07086e+09	7.74624e+09	7.20042e+09	6.29823e+09	7.23991e+09	7.22895e+09	7.33091e+09	6.61443e+09	7.07013e+09	6.87752e+09	6.88102e+09	6.80142e+09	5.90224e+09	6.88822e+09	6.92023e+09	6.89517e+09	6.98493e+09	7.44209e+09	5.97335e+09	6.32321e+09	6.90711e+09	6.42955e+09	6.62474e+09	6.39776e+09	6.98139e+09	5.4524e+09	5.9475e+09	5.64084e+09	5.71499e+09	5.71084e+09	5.649e+09	7.77012e+09	7.87118e+09	7.02311e+09	7.7529e+09	7.1062e+09	7.77619e+09	5.97086e+09	6.59699e+09	7.36055e+09	7.26287e+09	7.23247e+09	6.20942e+09
ERR636822	5.05942e+09	6.27084e+09	6.30931e+09	7.07249e+09	6.29254e+09	6.76609e+09	7.46234e+09	7.72103e+09	7.74304e+09	7.88191e+09	7.96216e+09	7.90643e+09	7.65092e+09	8.33356e+09	8.42558e+09	8.00561e+09	7.73754e+09	7.90423e+09	7.35957e+09	7.33503e+09	5.34124e+09	5.23398e+09	5.09154e+09	7.746e+09	7.46234e+09	7.72103e+09	7.74304e+09	7.88191e+09	7.96216e+09	7.90643e+09	5.99095e+09	5.71808e+09	6.13e+09	6.20165e+09	7.35476e+09	7.01118e+09	7.50694e+09	7.44106e+09	6.70306e+09	7.81571e+09	7.46935e+09	7.46023e+09	6.16446e+09	7.08673e+09	8.06086e+09	7.86333e+09	6.98401e+09	7.84672e+09	6.13521e+09	5.97706e+09	7.40823e+09	7.41064e+09	7.08526e+09	6.02925e+09	7.68998e+09	7.14915e+09	6.25743e+09	7.18853e+09	7.17826e+09	7.27939e+09	6.57243e+09	7.02388e+09	6.83353e+09	6.83766e+09	6.75795e+09	5.8663e+09	6.84089e+09	6.87174e+09	6.84792e+09	6.93648e+09	7.38958e+09	5.93609e+09	6.27607e+09	6.85341e+09	6.38109e+09	6.57452e+09	6.34911e+09	6.9266e+09	5.41632e+09	5.90578e+09	5.60227e+09	5.67607e+09	5.67182e+09	5.61009e+09	7.71679e+09	7.81607e+09	6.9787e+09	7.69956e+09	7.06083e+09	7.72216e+09	5.92811e+09	6.54939e+09	7.30582e+09	7.20899e+09	7.17894e+09	6.16562e+09
ERR613108	5.04693e+09	6.26635e+09	6.30433e+09	7.05737e+09	6.28054e+09	6.75375e+09	7.15687e+09	7.41273e+09	7.43135e+09	7.57399e+09	7.65392e+09	7.59777e+09	7.32697e+09	8.00631e+09	8.09556e+09	7.67737e+09	7.4108e+09	7.35957e+09	7.71723e+09	7.45912e+09	5.44145e+09	5.32988e+09	5.1854e+09	7.87362e+09	7.15687e+09	7.41273e+09	7.43135e+09	7.57399e+09	7.65392e+09	7.59777e+09	5.83255e+09	5.55372e+09	5.96391e+09	6.03325e+09	7.14874e+09	6.81007e+09	7.27219e+09	7.21007e+09	6.49216e+09	7.5813e+09	7.23529e+09	7.22947e+09	6.08292e+09	6.98845e+09	7.97164e+09	7.76995e+09	6.88803e+09	7.75659e+09	6.23617e+09	6.08366e+09	7.48513e+09	7.48944e+09	7.16753e+09	6.1321e+09	7.70714e+09	7.18511e+09	6.30809e+09	7.22086e+09	7.21224e+09	7.30776e+09	6.68678e+09	7.13575e+09	6.94454e+09	6.94911e+09	6.87111e+09	5.98707e+09	6.86818e+09	6.89811e+09	6.87431e+09	6.95679e+09	7.3994e+09	5.97565e+09	6.40795e+09	6.98045e+09	6.51355e+09	6.70408e+09	6.48174e+09	7.05252e+09	5.58551e+09	6.07861e+09	5.77192e+09	5.84616e+09	5.84251e+09	5.77868e+09	7.69702e+09	7.79786e+09	6.96961e+09	7.67988e+09	7.0474e+09	7.70249e+09	6.02477e+09	6.63725e+09	7.37917e+09	7.2844e+09	7.25542e+09	6.25777e+09
ERR613109	5.03369e+09	6.24996e+09	6.28733e+09	7.03516e+09	6.26147e+09	6.73398e+09	7.13306e+09	7.38745e+09	7.40646e+09	7.54815e+09	7.62798e+09	7.57195e+09	7.30191e+09	7.97962e+09	8.06851e+09	7.65169e+09	7.38547e+09	7.33503e+09	7.45912e+09	7.66932e+09	5.42772e+09	5.3159e+09	5.17278e+09	7.8474e+09	7.13306e+09	7.38745e+09	7.40646e+09	7.54815e+09	7.62798e+09	7.57195e+09	5.81551e+09	5.53667e+09	5.94644e+09	6.01572e+09	7.1247e+09	6.7892e+09	7.24909e+09	7.18752e+09	6.47241e+09	7.55651e+09	7.2128e+09	7.20706e+09	6.06506e+09	6.96672e+09	7.94604e+09	7.74483e+09	6.86686e+09	7.73193e+09	6.22113e+09	6.06932e+09	7.46492e+09	7.46904e+09	7.14983e+09	6.1175e+09	7.68423e+09	7.16446e+09	6.29066e+09	7.20079e+09	7.19105e+09	7.28674e+09	6.66753e+09	7.11422e+09	6.92467e+09	6.92878e+09	6.85109e+09	5.97119e+09	6.8504e+09	6.88064e+09	6.85697e+09	6.93827e+09	7.37961e+09	5.9607e+09	6.39227e+09	6.96282e+09	6.49829e+09	6.68753e+09	6.46627e+09	7.03501e+09	5.57335e+09	6.06499e+09	5.75951e+09	5.83329e+09	5.82984e+09	5.76613e+09	7.67352e+09	7.77401e+09	6.94945e+09	7.65645e+09	7.02643e+09	7.67887e+09	6.00982e+09	6.61959e+09	7.35932e+09	7.26416e+09	7.23556e+09	6.24194e+09
ERR613111	3.85173e+09	4.66245e+09	4.68622e+09	5.16358e+09	4.6698e+09	4.97339e+09	5.20451e+09	5.36551e+09	5.37549e+09	5.46688e+09	5.51749e+09	5.48166e+09	5.32114e+09	5.74689e+09	5.80064e+09	5.54083e+09	5.3733e+09	5.34124e+09	5.44145e+09	5.42772e+09	4.28916e+09	4.06456e+09	3.96679e+09	5.68203e+09	5.20451e+09	5.36551e+09	5.37549e+09	5.46688e+09	5.51749e+09	5.48166e+09	4.36096e+09	4.1706e+09	4.44844e+09	4.49269e+09	5.2118e+09	4.99777e+09	5.27764e+09	5.23856e+09	4.7815e+09	5.47181e+09	5.25474e+09	5.25045e+09	4.53425e+09	5.11502e+09	5.72776e+09	5.60537e+09	5.05148e+09	5.5964e+09	4.61205e+09	4.51243e+09	5.41342e+09	5.41595e+09	5.21478e+09	4.54428e+09	5.55174e+09	5.22233e+09	4.65895e+09	5.24527e+09	5.23856e+09	5.30032e+09	4.92316e+09	5.20583e+09	5.08787e+09	5.08963e+09	5.04076e+09	4.47276e+09	5.02234e+09	5.04138e+09	5.02678e+09	5.07913e+09	5.35925e+09	4.44696e+09	4.71175e+09	5.07721e+09	4.77628e+09	4.90169e+09	4.75686e+09	5.12286e+09	4.19785e+09	4.52034e+09	4.31991e+09	4.36838e+09	4.36625e+09	4.32365e+09	5.54624e+09	5.60943e+09	5.08934e+09	5.53454e+09	5.1375e+09	5.5485e+09	4.47077e+09	4.86961e+09	5.3455e+09	5.28612e+09	5.26762e+09	4.62649e+09
ERR613112	3.78568e+09	4.57253e+09	4.59595e+09	5.06081e+09	4.58228e+09	4.87674e+09	5.10135e+09	5.25734e+09	5.26662e+09	5.35607e+09	5.40479e+09	5.37038e+09	5.21438e+09	5.62641e+09	5.6776e+09	5.42645e+09	5.26506e+09	5.23398e+09	5.32988e+09	5.3159e+09	4.06456e+09	4.1366e+09	3.89555e+09	5.56286e+09	5.10135e+09	5.25734e+09	5.26662e+09	5.35607e+09	5.40479e+09	5.37038e+09	4.28071e+09	4.0983e+09	4.36596e+09	4.40975e+09	5.1079e+09	4.90085e+09	5.17212e+09	5.13405e+09	4.69152e+09	5.36021e+09	5.14987e+09	5.14546e+09	4.45044e+09	5.01455e+09	5.60736e+09	5.48881e+09	4.9524e+09	5.48063e+09	4.51825e+09	4.4206e+09	5.29785e+09	5.29999e+09	5.1057e+09	4.4528e+09	5.43447e+09	5.1132e+09	4.56664e+09	5.13579e+09	5.12964e+09	5.18986e+09	4.82527e+09	5.09928e+09	4.98553e+09	4.9872e+09	4.93938e+09	4.38704e+09	4.9188e+09	4.93728e+09	4.92303e+09	4.97412e+09	5.24668e+09	4.36055e+09	4.61213e+09	4.96622e+09	4.67398e+09	4.79694e+09	4.65514e+09	5.01209e+09	4.11461e+09	4.42787e+09	4.23282e+09	4.28004e+09	4.27838e+09	4.23623e+09	5.43015e+09	5.49148e+09	4.98683e+09	5.41816e+09	5.0341e+09	5.43177e+09	4.379e+09	4.76774e+09	5.23166e+09	5.17335e+09	5.15514e+09	4.53112e+09
ERR613110	3.69281e+09	4.45335e+09	4.47645e+09	4.92271e+09	4.45999e+09	4.74412e+09	4.96363e+09	5.11377e+09	5.12354e+09	5.20933e+09	5.25665e+09	5.22347e+09	5.07256e+09	5.4724e+09	5.52257e+09	5.2794e+09	5.12161e+09	5.09154e+09	5.1854e+09	5.17278e+09	3.96679e+09	3.89555e+09	3.94479e+09	5.41158e+09	4.96363e+09	5.11377e+09	5.12354e+09	5.20933e+09	5.25665e+09	5.22347e+09	4.1713e+09	3.9923e+09	4.25381e+09	4.29542e+09	4.96991e+09	4.76904e+09	5.03109e+09	4.99487e+09	4.56435e+09	5.21335e+09	5.0101e+09	5.00574e+09	4.33239e+09	4.87695e+09	5.45177e+09	5.33695e+09	4.81719e+09	5.32769e+09	4.4034e+09	4.30987e+09	5.1558e+09	5.15852e+09	4.96888e+09	4.34036e+09	5.2852e+09	4.97643e+09	4.44566e+09	4.99722e+09	4.99198e+09	5.04908e+09	4.69671e+09	4.96108e+09	4.85079e+09	4.85198e+09	4.80682e+09	4.27427e+09	4.78871e+09	4.80683e+09	4.79305e+09	4.84101e+09	5.10424e+09	4.24685e+09	4.49705e+09	4.84084e+09	4.55873e+09	4.6764e+09	4.5398e+09	4.88441e+09	4.01484e+09	4.31743e+09	4.12969e+09	4.1753e+09	4.1729e+09	4.1333e+09	5.27909e+09	5.3382e+09	4.8502e+09	5.26823e+09	4.89571e+09	5.28161e+09	4.27334e+09	4.64725e+09	5.0939e+09	5.03751e+09	5.02061e+09	4.41867e+09
ERR613107	5.25912e+09	6.55975e+09	6.60009e+09	7.4087e+09	6.56861e+09	7.07706e+09	7.52721e+09	7.80544e+09	7.83002e+09	7.98252e+09	8.071e+09	8.00878e+09	7.71004e+09	8.45675e+09	8.55974e+09	8.09717e+09	7.8022e+09	7.746e+09	7.87362e+09	7.8474e+09	5.68203e+09	5.56286e+09	5.41158e+09	8.56149e+09	7.52721e+09	7.80544e+09	7.83002e+09	7.98252e+09	8.071e+09	8.00878e+09	6.10004e+09	5.79805e+09	6.24064e+09	6.31444e+09	7.51485e+09	7.14556e+09	7.65688e+09	7.59146e+09	6.80496e+09	7.99678e+09	7.6192e+09	7.61272e+09	6.36044e+09	7.33615e+09	8.41619e+09	8.19138e+09	7.22773e+09	8.17518e+09	6.55882e+09	6.39583e+09	7.90578e+09	7.91102e+09	7.55412e+09	6.44563e+09	8.13858e+09	7.57425e+09	6.62127e+09	7.61245e+09	7.60322e+09	7.70398e+09	7.01965e+09	7.50682e+09	7.29696e+09	7.30026e+09	7.21807e+09	6.26838e+09	7.23315e+09	7.26556e+09	7.23903e+09	7.32582e+09	7.80679e+09	6.26398e+09	6.75734e+09	7.38381e+09	6.87796e+09	7.07917e+09	6.84346e+09	7.46213e+09	5.85739e+09	6.38813e+09	6.0599e+09	6.13887e+09	6.13319e+09	6.06749e+09	8.12012e+09	8.23009e+09	7.32576e+09	8.10456e+09	7.41168e+09	8.12975e+09	6.34519e+09	6.99985e+09	7.79799e+09	7.69333e+09	7.66384e+09	6.58996e+09
ERR636787	4.93916e+09	6.10934e+09	6.14576e+09	6.88605e+09	6.13359e+09	6.59218e+09	7.60185e+09	7.6452e+09	7.66483e+09	7.79907e+09	7.87725e+09	7.82447e+09	7.43053e+09	8.07022e+09	8.15572e+09	7.76412e+09	7.51253e+09	7.46234e+09	7.15687e+09	7.13306e+09	5.20451e+09	5.10135e+09	4.96363e+09	7.52721e+09	7.60185e+09	7.6452e+09	7.66483e+09	7.79907e+09	7.87725e+09	7.82447e+09	5.86889e+09	5.61104e+09	6.00479e+09	6.07499e+09	7.1916e+09	6.86274e+09	7.38553e+09	7.32102e+09	6.61009e+09	7.68054e+09	7.34726e+09	7.33837e+09	6.03177e+09	6.9247e+09	7.85742e+09	7.67095e+09	6.82443e+09	7.6542e+09	5.91693e+09	5.76277e+09	7.14894e+09	7.1508e+09	6.84072e+09	5.81502e+09	7.43758e+09	6.91374e+09	6.05478e+09	6.95235e+09	6.94081e+09	7.04159e+09	6.36461e+09	6.80168e+09	6.6185e+09	6.62366e+09	6.54485e+09	5.67953e+09	6.61231e+09	6.64293e+09	6.62037e+09	6.70802e+09	7.14534e+09	5.7432e+09	6.03706e+09	6.59037e+09	6.13411e+09	6.32406e+09	6.10359e+09	6.65985e+09	5.22289e+09	5.69534e+09	5.40103e+09	5.47273e+09	5.46851e+09	5.40849e+09	7.4754e+09	7.57112e+09	6.76746e+09	7.45775e+09	6.84427e+09	7.4802e+09	5.69968e+09	6.30162e+09	7.03508e+09	6.94276e+09	6.91221e+09	5.93355e+09
ERR636789	5.08152e+09	6.30258e+09	6.3402e+09	7.1177e+09	6.32611e+09	6.80752e+09	7.6452e+09	8.14296e+09	7.93676e+09	8.0855e+09	8.1707e+09	8.11255e+09	7.68577e+09	8.38135e+09	8.47202e+09	8.04698e+09	7.77429e+09	7.72103e+09	7.41273e+09	7.38745e+09	5.36551e+09	5.25734e+09	5.11377e+09	7.80544e+09	7.6452e+09	8.14296e+09	7.93676e+09	8.0855e+09	8.1707e+09	8.11255e+09	6.04316e+09	5.77187e+09	6.18417e+09	6.25693e+09	7.43046e+09	7.08139e+09	7.638e+09	7.56863e+09	6.81317e+09	7.95697e+09	7.5965e+09	7.58752e+09	6.21051e+09	7.15017e+09	8.15287e+09	7.95043e+09	7.04444e+09	7.93454e+09	6.13111e+09	5.9703e+09	7.42448e+09	7.42662e+09	7.10085e+09	6.02394e+09	7.71686e+09	7.16478e+09	6.26314e+09	7.20469e+09	7.19289e+09	7.29835e+09	6.57363e+09	7.03418e+09	6.84031e+09	6.84555e+09	6.76249e+09	5.85795e+09	6.84282e+09	6.87429e+09	6.85093e+09	6.94221e+09	7.40241e+09	5.93116e+09	6.27387e+09	6.85727e+09	6.37692e+09	6.57701e+09	6.34415e+09	6.93081e+09	5.40909e+09	5.9055e+09	5.59659e+09	5.67128e+09	5.66812e+09	5.60488e+09	7.74859e+09	7.85293e+09	6.99318e+09	7.72886e+09	7.07529e+09	7.75262e+09	5.89766e+09	6.52782e+09	7.29839e+09	7.20092e+09	7.16844e+09	6.1405e+09
ERR636788	5.08645e+09	6.31732e+09	6.35456e+09	7.13317e+09	6.33652e+09	6.81832e+09	7.66483e+09	7.93676e+09	8.18643e+09	8.10558e+09	8.19144e+09	8.13274e+09	7.70838e+09	8.40855e+09	8.50669e+09	8.07442e+09	7.79769e+09	7.74304e+09	7.43135e+09	7.40646e+09	5.37549e+09	5.26662e+09	5.12354e+09	7.83002e+09	7.66483e+09	7.93676e+09	8.18643e+09	8.10558e+09	8.19144e+09	8.13274e+09	6.05703e+09	5.77696e+09	6.19859e+09	6.27161e+09	7.4512e+09	7.09748e+09	7.66492e+09	7.59671e+09	6.82961e+09	7.98721e+09	7.62486e+09	7.61594e+09	6.22366e+09	7.16692e+09	8.17835e+09	7.97148e+09	7.06101e+09	7.95414e+09	6.14807e+09	5.98781e+09	7.44749e+09	7.45041e+09	7.11469e+09	6.0401e+09	7.74227e+09	7.18905e+09	6.27572e+09	7.22873e+09	7.21721e+09	7.32056e+09	6.59186e+09	7.05593e+09	6.85883e+09	6.8632e+09	6.78176e+09	5.87338e+09	6.86831e+09	6.90057e+09	6.87605e+09	6.96632e+09	7.43044e+09	5.94448e+09	6.29458e+09	6.88619e+09	6.403e+09	6.59981e+09	6.3698e+09	6.96021e+09	5.42468e+09	5.92466e+09	5.61441e+09	5.68907e+09	5.68492e+09	5.6227e+09	7.76928e+09	7.87329e+09	7.00916e+09	7.75398e+09	7.09235e+09	7.77794e+09	5.93189e+09	6.56351e+09	7.33527e+09	7.23571e+09	7.20464e+09	6.17267e+09
ERR636790	5.16961e+09	6.42122e+09	6.45954e+09	7.26107e+09	6.44433e+09	6.93942e+09	7.79907e+09	8.0855e+09	8.10558e+09	8.50226e+09	8.35639e+09	8.29482e+09	7.8456e+09	8.57575e+09	8.67076e+09	8.22326e+09	7.93851e+09	7.88191e+09	7.57399e+09	7.54815e+09	5.46688e+09	5.35607e+09	5.20933e+09	7.98252e+09	7.79907e+09	8.0855e+09	8.10558e+09	8.50226e+09	8.35639e+09	8.29482e+09	6.15095e+09	5.87197e+09	6.29525e+09	6.37012e+09	7.579e+09	7.21723e+09	7.79601e+09	7.72418e+09	6.93929e+09	8.13035e+09	7.75329e+09	7.74348e+09	6.32091e+09	7.28923e+09	8.33792e+09	8.12596e+09	7.18034e+09	8.10861e+09	6.26496e+09	6.09947e+09	7.59729e+09	7.59984e+09	7.26062e+09	6.15437e+09	7.88899e+09	7.31962e+09	6.38979e+09	7.36052e+09	7.34859e+09	7.45598e+09	6.70173e+09	7.17585e+09	6.97658e+09	6.98087e+09	6.89665e+09	5.96702e+09	6.98456e+09	7.0172e+09	6.99215e+09	7.08583e+09	7.56074e+09	6.04521e+09	6.42381e+09	7.0287e+09	6.53104e+09	6.73687e+09	6.49762e+09	7.10444e+09	5.52246e+09	6.03312e+09	5.71545e+09	5.7924e+09	5.78855e+09	5.72388e+09	7.91492e+09	8.02405e+09	7.12993e+09	7.89433e+09	7.21506e+09	7.91908e+09	6.02285e+09	6.66992e+09	7.46369e+09	7.36215e+09	7.32951e+09	6.27067e+09
ERR636792	5.21283e+09	6.48112e+09	6.51966e+09	7.33233e+09	6.50291e+09	7.00529e+09	7.87725e+09	8.1707e+09	8.19144e+09	8.35639e+09	8.69147e+09	8.38598e+09	7.92505e+09	8.67405e+09	8.77218e+09	8.31228e+09	8.01998e+09	7.96216e+09	7.65392e+09	7.62798e+09	5.51749e+09	5.40479e+09	5.25665e+09	8.071e+09	7.87725e+09	8.1707e+09	8.19144e+09	8.35639e+09	8.69147e+09	8.38598e+09	6.20409e+09	5.92053e+09	6.35014e+09	6.4258e+09	7.653e+09	7.28439e+09	7.87466e+09	7.80197e+09	7.00151e+09	8.21712e+09	7.83161e+09	7.82214e+09	6.37524e+09	7.35787e+09	8.42949e+09	8.21205e+09	7.247e+09	8.19476e+09	6.33139e+09	6.1633e+09	7.68437e+09	7.6871e+09	7.3406e+09	6.21888e+09	7.97592e+09	7.3976e+09	6.45301e+09	7.43918e+09	7.42709e+09	7.53532e+09	6.76541e+09	7.24712e+09	7.04399e+09	7.04851e+09	6.96301e+09	6.02082e+09	7.05626e+09	7.08931e+09	7.06406e+09	7.15766e+09	7.64054e+09	6.10146e+09	6.49848e+09	7.11452e+09	6.60888e+09	6.81718e+09	6.57476e+09	7.19179e+09	5.57854e+09	6.09764e+09	5.77551e+09	5.85351e+09	5.84911e+09	5.7842e+09	7.99827e+09	8.11001e+09	7.1983e+09	7.9775e+09	7.28455e+09	8.00282e+09	6.08687e+09	6.74337e+09	7.54902e+09	7.44566e+09	7.41222e+09	6.33713e+09
ERR636791	5.18223e+09	6.43879e+09	6.4767e+09	7.28216e+09	6.46141e+09	6.9591e+09	7.82447e+09	8.11255e+09	8.13274e+09	8.29482e+09	8.38598e+09	8.56261e+09	7.86992e+09	8.60555e+09	8.70147e+09	8.25013e+09	7.96324e+09	7.90643e+09	7.59777e+09	7.57195e+09	5.48166e+09	5.37038e+09	5.22347e+09	8.00878e+09	7.82447e+09	8.11255e+09	8.13274e+09	8.29482e+09	8.38598e+09	8.56261e+09	6.16644e+09	5.8869e+09	6.31133e+09	6.38681e+09	7.60123e+09	7.23775e+09	7.81996e+09	7.74812e+09	6.95864e+09	8.15683e+09	7.77696e+09	7.76772e+09	6.33642e+09	7.30863e+09	8.36404e+09	8.15077e+09	7.19923e+09	8.13353e+09	6.28254e+09	6.11616e+09	7.62126e+09	7.62429e+09	7.2825e+09	6.17099e+09	7.91327e+09	7.34111e+09	6.40687e+09	7.3823e+09	7.37015e+09	7.47792e+09	6.719e+09	7.19584e+09	6.99516e+09	6.99955e+09	6.91509e+09	5.98172e+09	7.00387e+09	7.03677e+09	7.01224e+09	7.10533e+09	7.583e+09	6.06003e+09	6.44443e+09	7.05262e+09	6.55265e+09	6.75933e+09	6.51926e+09	7.12928e+09	5.53666e+09	6.04967e+09	5.73097e+09	5.80834e+09	5.80396e+09	5.73975e+09	7.93831e+09	8.04834e+09	7.14865e+09	7.91735e+09	7.23448e+09	7.94233e+09	6.04027e+09	6.69018e+09	7.48763e+09	7.38562e+09	7.35305e+09	6.28875e+09
ERR622160	4.15548e+09	5.06324e+09	5.09181e+09	5.63601e+09	5.0798e+09	5.42261e+09	5.86889e+09	6.04316e+09	6.05703e+09	6.15095e+09	6.20409e+09	6.16644e+09	5.96884e+09	6.42393e+09	6.48352e+09	6.20505e+09	6.0254e+09	5.99095e+09	5.83255e+09	5.81551e+09	4.36096e+09	4.28071e+09	4.1713e+09	6.10004e+09	5.86889e+09	6.04316e+09	6.05703e+09	6.15095e+09	6.20409e+09	6.16644e+09	5.06898e+09	4.70193e+09	5.01705e+09	5.06979e+09	5.89731e+09	5.65613e+09	5.9333e+09	5.88729e+09	5.37738e+09	6.14401e+09	5.90708e+09	5.90152e+09	4.99898e+09	5.65991e+09	6.32609e+09	6.19239e+09	5.5876e+09	6.18207e+09	4.95064e+09	4.83561e+09	5.87528e+09	5.87683e+09	5.65209e+09	4.87472e+09	6.08559e+09	5.70283e+09	5.06314e+09	5.73139e+09	5.72289e+09	5.79795e+09	5.31252e+09	5.63494e+09	5.501e+09	5.50514e+09	5.44687e+09	4.79415e+09	5.48061e+09	5.50238e+09	5.48729e+09	5.55264e+09	5.87288e+09	4.82925e+09	5.02832e+09	5.44074e+09	5.09925e+09	5.24344e+09	5.0769e+09	5.49284e+09	4.41866e+09	4.77723e+09	4.55398e+09	4.60935e+09	4.60642e+09	4.55848e+09	6.11075e+09	6.17805e+09	5.60418e+09	6.0987e+09	5.66047e+09	6.11398e+09	4.78846e+09	5.24606e+09	5.7922e+09	5.72516e+09	5.70191e+09	4.96928e+09
ERR622155	4.00123e+09	4.82869e+09	4.85661e+09	5.38238e+09	4.8656e+09	5.18953e+09	5.61104e+09	5.77187e+09	5.77696e+09	5.87197e+09	5.92053e+09	5.8869e+09	5.69711e+09	6.11051e+09	6.15589e+09	5.90751e+09	5.74907e+09	5.71808e+09	5.55372e+09	5.53667e+09	4.1706e+09	4.0983e+09	3.9923e+09	5.79805e+09	5.61104e+09	5.77187e+09	5.77696e+09	5.87197e+09	5.92053e+09	5.8869e+09	4.70193e+09	4.69384e+09	4.80017e+09	4.85036e+09	5.63194e+09	5.41555e+09	5.65227e+09	5.60421e+09	5.14826e+09	5.84256e+09	5.62284e+09	5.6166e+09	4.79147e+09	5.4119e+09	6.01939e+09	5.90448e+09	5.34321e+09	5.89707e+09	4.70059e+09	4.58587e+09	5.57229e+09	5.57225e+09	5.37663e+09	4.62926e+09	5.77663e+09	5.41071e+09	4.82925e+09	5.43927e+09	5.42976e+09	5.50844e+09	5.05945e+09	5.3588e+09	5.24076e+09	5.24685e+09	5.18676e+09	4.56969e+09	5.19373e+09	5.21418e+09	5.20133e+09	5.26963e+09	5.56783e+09	4.60505e+09	4.75468e+09	5.13067e+09	4.80784e+09	4.95414e+09	4.78794e+09	5.17983e+09	4.18364e+09	4.51436e+09	4.30485e+09	4.35669e+09	4.35679e+09	4.30869e+09	5.8205e+09	5.8838e+09	5.35505e+09	5.80186e+09	5.40343e+09	5.81642e+09	4.49484e+09	4.93079e+09	5.4542e+09	5.39444e+09	5.36949e+09	4.67481e+09
ERR622159	4.23782e+09	5.17235e+09	5.20169e+09	5.76268e+09	5.19018e+09	5.54269e+09	6.00479e+09	6.18417e+09	6.19859e+09	6.29525e+09	6.35014e+09	6.31133e+09	6.10696e+09	6.57577e+09	6.63766e+09	6.35107e+09	6.16577e+09	6.13e+09	5.96391e+09	5.94644e+09	4.44844e+09	4.36596e+09	4.25381e+09	6.24064e+09	6.00479e+09	6.18417e+09	6.19859e+09	6.29525e+09	6.35014e+09	6.31133e+09	5.01705e+09	4.80017e+09	5.28458e+09	5.17862e+09	6.03283e+09	5.78393e+09	6.0705e+09	6.02367e+09	5.49765e+09	6.28785e+09	6.04396e+09	6.03785e+09	5.1068e+09	5.78828e+09	6.47441e+09	6.3365e+09	5.71373e+09	6.32586e+09	5.05662e+09	4.93797e+09	6.01004e+09	6.01126e+09	5.7784e+09	4.97815e+09	6.22622e+09	5.83156e+09	5.17153e+09	5.86126e+09	5.8524e+09	5.92934e+09	5.4305e+09	5.76203e+09	5.62406e+09	5.62872e+09	5.56826e+09	4.89535e+09	5.60376e+09	5.6264e+09	5.61017e+09	5.67808e+09	6.00772e+09	4.93174e+09	5.1362e+09	5.56121e+09	5.20928e+09	5.35779e+09	5.18616e+09	5.61454e+09	4.50801e+09	4.8777e+09	4.6471e+09	4.70448e+09	4.70136e+09	4.65266e+09	6.25242e+09	6.32165e+09	5.73047e+09	6.23983e+09	5.78835e+09	6.25593e+09	4.89066e+09	5.36128e+09	5.92398e+09	5.85455e+09	5.83174e+09	5.07644e+09
