	ERR617222	ERR617226	ERR617224	ERR617225	ERR617221	ERR617223	ERR613986	ERR613985	ERR613989	ERR613984	ERR613987	ERR613988	ERR617222	ERR617226	ERR617224	ERR617225	ERR617221	ERR617223	ERR636720	ERR636718	ERR636716	ERR636719	ERR636717	ERR636715	ERR607764	ERR607768	ERR607763	ERR607766	ERR607765	ERR607767	ERR608582	ERR608584	ERR608580	ERR608583	ERR608579	ERR608581	ERR613633	ERR613630	ERR613634	ERR613629	ERR613631	ERR613632	ERR613505	ERR613504	ERR613503	ERR613507	ERR613506	ERR613508	ERR621967	ERR621969	ERR621968	ERR621972	ERR621970	ERR621971	ERR616484	ERR616483	ERR616482	ERR616485	ERR616480	ERR616481	ERR616633	ERR616629	ERR616631	ERR616628	ERR616630	ERR616632	ERR618293	ERR618292	ERR618295	ERR618296	ERR618291	ERR618294	ERR626708	ERR626706	ERR626707	ERR626709	ERR626704	ERR626705	ERR632057	ERR632055	ERR632060	ERR632059	ERR632058	ERR632056	ERR618308	ERR618307	ERR618305	ERR618306	ERR618303	ERR618304	ERR616222	ERR616226	ERR616223	ERR616225	ERR616227	ERR616224
ERR617222	0	0.288837	0.268581	0.269572	0.271514	0.26575	0.492184	0.44155	0.44118	0.429034	0.442786	0.441068	0	0.288837	0.268581	0.269572	0.271514	0.26575	0.443986	0.444779	0.446547	0.444448	0.452185	0.465218	0.448492	0.450481	0.463542	0.453444	0.452244	0.452227	0.513519	0.513816	0.513847	0.513404	0.543791	0.510833	0.491006	0.486247	0.526586	0.478326	0.497015	0.490132	0.476772	0.476113	0.476564	0.472018	0.473838	0.473209	0.572237	0.572996	0.574268	0.583232	0.58619	0.575069	0.540082	0.542636	0.544438	0.542001	0.544451	0.568599	0.528812	0.529631	0.529233	0.529775	0.527299	0.529697	0.508527	0.513636	0.514667	0.518093	0.517157	0.510637	0.551952	0.57078	0.552977	0.553239	0.536187	0.547324	0.441002	0.472481	0.480204	0.480417	0.47949	0.449342	0.486927	0.485571	0.481966	0.481817	0.488653	0.485056	0.516237	0.518455	0.516581	0.517902	0.519052	0.518489
ERR617226	0.288837	0	0.298031	0.29927	0.277817	0.28979	0.47559	0.441649	0.442515	0.435319	0.444057	0.442742	0.288837	0	0.298031	0.29927	0.277817	0.28979	0.440747	0.440995	0.444334	0.440811	0.44429	0.455878	0.44928	0.449088	0.457193	0.45056	0.448301	0.449904	0.511991	0.511794	0.510052	0.511779	0.521408	0.512631	0.481705	0.475019	0.506349	0.471249	0.483537	0.480913	0.46583	0.465576	0.465942	0.459971	0.46167	0.460324	0.584437	0.583622	0.585362	0.587661	0.59071	0.582061	0.535925	0.536748	0.53738	0.536715	0.536153	0.551198	0.526307	0.52577	0.526685	0.524476	0.522633	0.527023	0.506894	0.509946	0.509309	0.511193	0.508806	0.508265	0.550714	0.559863	0.551005	0.551543	0.539449	0.546124	0.431051	0.451891	0.455016	0.455504	0.454632	0.437063	0.483472	0.483474	0.484559	0.484301	0.483817	0.484646	0.526879	0.53106	0.530586	0.531491	0.533188	0.531494
ERR617224	0.268581	0.298031	0	0.26002	0.280711	0.268998	0.4923	0.435486	0.435185	0.419449	0.437123	0.435126	0.268581	0.298031	0	0.26002	0.280711	0.268998	0.438695	0.439811	0.442051	0.439403	0.44815	0.463616	0.441151	0.443299	0.459	0.446916	0.445254	0.445239	0.510263	0.510338	0.512218	0.510318	0.551713	0.507175	0.489691	0.482128	0.529832	0.473401	0.494386	0.488798	0.473998	0.473128	0.473703	0.474256	0.475302	0.475625	0.577413	0.578876	0.580175	0.592122	0.595467	0.582158	0.534246	0.537424	0.544096	0.536557	0.544528	0.57914	0.524158	0.529106	0.524741	0.530198	0.529229	0.525243	0.514863	0.521242	0.522136	0.526319	0.524157	0.517365	0.550156	0.571352	0.551513	0.551626	0.530733	0.544565	0.436652	0.471314	0.480266	0.480485	0.479319	0.446774	0.491764	0.489582	0.483869	0.484076	0.492111	0.488982	0.516093	0.512867	0.513791	0.51231	0.512533	0.51956
ERR617225	0.269572	0.29927	0.26002	0	0.281958	0.269644	0.492015	0.434334	0.434266	0.417757	0.436179	0.434028	0.269572	0.29927	0.26002	0	0.281958	0.269644	0.437863	0.438582	0.441368	0.438369	0.447199	0.463257	0.439966	0.442041	0.45811	0.445847	0.443882	0.44417	0.508792	0.508944	0.51112	0.509006	0.551788	0.505838	0.489268	0.480647	0.530157	0.472045	0.49338	0.488271	0.472797	0.472079	0.472519	0.474407	0.475357	0.475457	0.57784	0.579307	0.580702	0.592996	0.596469	0.582934	0.532174	0.535325	0.543349	0.53445	0.543736	0.580274	0.522241	0.528029	0.522712	0.529198	0.528507	0.52344	0.514251	0.520834	0.521841	0.525987	0.523437	0.517073	0.549206	0.570515	0.550669	0.550708	0.528948	0.543302	0.435586	0.470768	0.479829	0.479956	0.478872	0.445909	0.491082	0.488798	0.483067	0.483306	0.491351	0.488168	0.515607	0.511421	0.512867	0.510769	0.510941	0.519271
ERR617221	0.271514	0.277817	0.280711	0.281958	0	0.271575	0.483385	0.440909	0.440867	0.431682	0.442253	0.440725	0.271514	0.277817	0.280711	0.281958	0	0.271575	0.441553	0.442155	0.444327	0.441849	0.448122	0.459491	0.448588	0.449289	0.459957	0.451708	0.450584	0.450644	0.51175	0.511899	0.511027	0.511588	0.53179	0.510562	0.485082	0.48085	0.515285	0.474579	0.490434	0.484402	0.471064	0.470492	0.471107	0.463686	0.465453	0.464438	0.572177	0.572123	0.573375	0.579025	0.582001	0.572499	0.538694	0.54061	0.539381	0.540213	0.539155	0.556202	0.52763	0.526207	0.528085	0.525622	0.522507	0.528526	0.504434	0.508246	0.508807	0.511625	0.510117	0.506062	0.54953	0.564058	0.54996	0.550492	0.536925	0.545262	0.43617	0.462803	0.469101	0.469416	0.468487	0.443193	0.482892	0.482093	0.480523	0.480575	0.483915	0.482223	0.517078	0.522495	0.51961	0.522357	0.524052	0.519469
ERR617223	0.26575	0.28979	0.268998	0.269644	0.271575	0	0.495088	0.444262	0.443719	0.431474	0.445277	0.443538	0.26575	0.28979	0.268998	0.269644	0.271575	0	0.4467	0.447592	0.44929	0.44716	0.455082	0.468122	0.451248	0.453383	0.466528	0.456585	0.455325	0.454992	0.515244	0.515582	0.515816	0.515207	0.546312	0.512627	0.493312	0.489069	0.528983	0.480907	0.499932	0.492458	0.479396	0.478639	0.479334	0.474243	0.475878	0.475344	0.570927	0.571604	0.572677	0.581648	0.584627	0.573533	0.542015	0.544888	0.546167	0.544141	0.546429	0.569887	0.530227	0.530974	0.530641	0.531221	0.528237	0.531277	0.50857	0.513833	0.514921	0.518531	0.517713	0.510813	0.553781	0.572709	0.55469	0.554921	0.537942	0.549166	0.443701	0.475902	0.483269	0.483352	0.482413	0.452487	0.487807	0.486422	0.482348	0.482725	0.489729	0.48573	0.515818	0.518348	0.516018	0.517757	0.518959	0.517452
ERR613986	0.492184	0.47559	0.4923	0.492015	0.483385	0.495088	0	0.261004	0.261237	0.284568	0.259717	0.261355	0.492184	0.47559	0.4923	0.492015	0.483385	0.495088	0.29158	0.291651	0.288862	0.291789	0.285974	0.27666	0.315846	0.312974	0.298186	0.309581	0.314477	0.310703	0.423957	0.423638	0.422739	0.425119	0.44589	0.426768	0.30539	0.31828	0.315649	0.321167	0.310645	0.305804	0.339158	0.338327	0.339115	0.345447	0.342839	0.345241	0.588498	0.587746	0.59225	0.595613	0.599871	0.586489	0.430464	0.426878	0.412297	0.428693	0.410575	0.468897	0.420744	0.420311	0.421179	0.41984	0.427563	0.420701	0.580593	0.58277	0.581087	0.582483	0.577567	0.580783	0.397784	0.388207	0.395085	0.396602	0.417638	0.399369	0.292558	0.28236	0.282391	0.282741	0.282675	0.285749	0.517686	0.518191	0.520001	0.51899	0.513315	0.520664	0.48511	0.478244	0.487176	0.480701	0.482365	0.499613
ERR613985	0.44155	0.441649	0.435486	0.434334	0.440909	0.444262	0.261004	0	0.235085	0.239892	0.235385	0.235127	0.44155	0.441649	0.435486	0.434334	0.440909	0.444262	0.279358	0.280017	0.279144	0.27993	0.281222	0.285734	0.292887	0.292343	0.291284	0.292046	0.294713	0.29209	0.408005	0.407526	0.410587	0.409241	0.459013	0.408012	0.314789	0.314821	0.353844	0.310988	0.317337	0.31414	0.333866	0.332606	0.333004	0.351317	0.348366	0.352114	0.571934	0.572697	0.576677	0.586685	0.591351	0.574518	0.414176	0.413356	0.413993	0.414171	0.413626	0.489135	0.406375	0.415636	0.407041	0.417258	0.425528	0.406838	0.548687	0.553496	0.55236	0.555427	0.550008	0.55006	0.398301	0.405689	0.397805	0.398486	0.400459	0.395496	0.28722	0.301934	0.310788	0.31004	0.309543	0.289209	0.490509	0.489548	0.486949	0.486172	0.485951	0.49102	0.465468	0.450872	0.462465	0.452827	0.452927	0.479423
ERR613989	0.44118	0.442515	0.435185	0.434266	0.440867	0.443719	0.261237	0.235085	0	0.241272	0.233211	0.233563	0.44118	0.442515	0.435185	0.434266	0.440867	0.443719	0.279258	0.280016	0.278625	0.280003	0.281894	0.285269	0.293401	0.293069	0.291953	0.292762	0.296212	0.292573	0.407885	0.407488	0.410516	0.409047	0.459117	0.407645	0.313839	0.316149	0.352918	0.311949	0.318216	0.313307	0.334598	0.333509	0.334011	0.350741	0.34772	0.351549	0.568074	0.568864	0.572826	0.583044	0.587646	0.570752	0.414963	0.414482	0.413311	0.415073	0.413038	0.48758	0.406124	0.414489	0.406783	0.416225	0.424201	0.406701	0.548927	0.553707	0.552901	0.555777	0.55078	0.550274	0.396619	0.404488	0.395932	0.396825	0.399948	0.394381	0.287641	0.303179	0.311492	0.310924	0.310358	0.289736	0.490835	0.489734	0.486959	0.486309	0.486622	0.491038	0.462423	0.448233	0.459252	0.450059	0.450286	0.475834
ERR613984	0.429034	0.435319	0.419449	0.417757	0.431682	0.431474	0.284568	0.239892	0.241272	0	0.242231	0.241469	0.429034	0.435319	0.419449	0.417757	0.431682	0.431474	0.288296	0.289024	0.289457	0.289031	0.29276	0.302979	0.296054	0.296317	0.301345	0.297386	0.298597	0.296838	0.408547	0.408061	0.412616	0.409785	0.469575	0.407425	0.328833	0.323211	0.375497	0.317436	0.329354	0.327802	0.340619	0.33929	0.339499	0.362614	0.359378	0.363696	0.569899	0.571184	0.57494	0.587648	0.592546	0.574283	0.413758	0.414128	0.421349	0.414244	0.421559	0.502218	0.407411	0.42077	0.407986	0.423108	0.43173	0.407951	0.540386	0.546373	0.545379	0.54892	0.543119	0.54226	0.406533	0.419245	0.406793	0.407231	0.401019	0.401812	0.296991	0.319517	0.33003	0.329302	0.328468	0.30267	0.485237	0.483514	0.479156	0.478613	0.480376	0.48478	0.463532	0.444991	0.458036	0.446839	0.445938	0.477261
ERR613987	0.442786	0.444057	0.437123	0.436179	0.442253	0.445277	0.259717	0.235385	0.233211	0.242231	0	0.233437	0.442786	0.444057	0.437123	0.436179	0.442253	0.445277	0.279448	0.280124	0.278483	0.279951	0.281863	0.284517	0.293832	0.293376	0.291919	0.293159	0.296755	0.292863	0.408392	0.408204	0.411099	0.409733	0.459027	0.408215	0.313071	0.316206	0.351426	0.312001	0.318021	0.312548	0.335191	0.333974	0.334524	0.350492	0.347838	0.351446	0.567944	0.568607	0.57258	0.582623	0.587277	0.570514	0.415885	0.41526	0.413265	0.415794	0.412913	0.486771	0.406854	0.414632	0.407497	0.416211	0.424052	0.407327	0.550358	0.555031	0.554236	0.557216	0.552255	0.551659	0.396185	0.403783	0.395403	0.396288	0.400324	0.394202	0.287775	0.302408	0.310745	0.310174	0.309613	0.28947	0.492067	0.490956	0.488272	0.487655	0.487869	0.492366	0.462537	0.448925	0.459611	0.450777	0.451069	0.47578
ERR613988	0.441068	0.442742	0.435126	0.434028	0.440725	0.443538	0.261355	0.235127	0.233563	0.241469	0.233437	0	0.441068	0.442742	0.435126	0.434028	0.440725	0.443538	0.27933	0.279892	0.278676	0.279772	0.281936	0.285257	0.293731	0.293275	0.292001	0.292831	0.296481	0.292839	0.408358	0.408046	0.410972	0.409744	0.459603	0.408162	0.313879	0.316431	0.352864	0.311898	0.318454	0.313357	0.335284	0.333994	0.334545	0.351183	0.348236	0.351976	0.568069	0.568907	0.57278	0.583018	0.587604	0.570822	0.415471	0.414882	0.413704	0.415501	0.413213	0.487726	0.406451	0.414685	0.40709	0.416345	0.42423	0.407007	0.54952	0.554363	0.553479	0.556496	0.551374	0.550842	0.396841	0.404859	0.396216	0.397179	0.400456	0.394837	0.287872	0.303249	0.311627	0.311106	0.310479	0.289828	0.491359	0.49014	0.487416	0.486713	0.487164	0.491548	0.462509	0.448547	0.459311	0.450389	0.450425	0.475763
ERR617222	0	0.288837	0.268581	0.269572	0.271514	0.26575	0.492184	0.44155	0.44118	0.429034	0.442786	0.441068	0	0.288837	0.268581	0.269572	0.271514	0.26575	0.443986	0.444779	0.446547	0.444448	0.452185	0.465218	0.448492	0.450481	0.463542	0.453444	0.452244	0.452227	0.513519	0.513816	0.513847	0.513404	0.543791	0.510833	0.491006	0.486247	0.526586	0.478326	0.497015	0.490132	0.476772	0.476113	0.476564	0.472018	0.473838	0.473209	0.572237	0.572996	0.574268	0.583232	0.58619	0.575069	0.540082	0.542636	0.544438	0.542001	0.544451	0.568599	0.528812	0.529631	0.529233	0.529775	0.527299	0.529697	0.508527	0.513636	0.514667	0.518093	0.517157	0.510637	0.551952	0.57078	0.552977	0.553239	0.536187	0.547324	0.441002	0.472481	0.480204	0.480417	0.47949	0.449342	0.486927	0.485571	0.481966	0.481817	0.488653	0.485056	0.516237	0.518455	0.516581	0.517902	0.519052	0.518489
ERR617226	0.288837	0	0.298031	0.29927	0.277817	0.28979	0.47559	0.441649	0.442515	0.435319	0.444057	0.442742	0.288837	0	0.298031	0.29927	0.277817	0.28979	0.440747	0.440995	0.444334	0.440811	0.44429	0.455878	0.44928	0.449088	0.457193	0.45056	0.448301	0.449904	0.511991	0.511794	0.510052	0.511779	0.521408	0.512631	0.481705	0.475019	0.506349	0.471249	0.483537	0.480913	0.46583	0.465576	0.465942	0.459971	0.46167	0.460324	0.584437	0.583622	0.585362	0.587661	0.59071	0.582061	0.535925	0.536748	0.53738	0.536715	0.536153	0.551198	0.526307	0.52577	0.526685	0.524476	0.522633	0.527023	0.506894	0.509946	0.509309	0.511193	0.508806	0.508265	0.550714	0.559863	0.551005	0.551543	0.539449	0.546124	0.431051	0.451891	0.455016	0.455504	0.454632	0.437063	0.483472	0.483474	0.484559	0.484301	0.483817	0.484646	0.526879	0.53106	0.530586	0.531491	0.533188	0.531494
ERR617224	0.268581	0.298031	0	0.26002	0.280711	0.268998	0.4923	0.435486	0.435185	0.419449	0.437123	0.435126	0.268581	0.298031	0	0.26002	0.280711	0.268998	0.438695	0.439811	0.442051	0.439403	0.44815	0.463616	0.441151	0.443299	0.459	0.446916	0.445254	0.445239	0.510263	0.510338	0.512218	0.510318	0.551713	0.507175	0.489691	0.482128	0.529832	0.473401	0.494386	0.488798	0.473998	0.473128	0.473703	0.474256	0.475302	0.475625	0.577413	0.578876	0.580175	0.592122	0.595467	0.582158	0.534246	0.537424	0.544096	0.536557	0.544528	0.57914	0.524158	0.529106	0.524741	0.530198	0.529229	0.525243	0.514863	0.521242	0.522136	0.526319	0.524157	0.517365	0.550156	0.571352	0.551513	0.551626	0.530733	0.544565	0.436652	0.471314	0.480266	0.480485	0.479319	0.446774	0.491764	0.489582	0.483869	0.484076	0.492111	0.488982	0.516093	0.512867	0.513791	0.51231	0.512533	0.51956
ERR617225	0.269572	0.29927	0.26002	0	0.281958	0.269644	0.492015	0.434334	0.434266	0.417757	0.436179	0.434028	0.269572	0.29927	0.26002	0	0.281958	0.269644	0.437863	0.438582	0.441368	0.438369	0.447199	0.463257	0.439966	0.442041	0.45811	0.445847	0.443882	0.44417	0.508792	0.508944	0.51112	0.509006	0.551788	0.505838	0.489268	0.480647	0.530157	0.472045	0.49338	0.488271	0.472797	0.472079	0.472519	0.474407	0.475357	0.475457	0.57784	0.579307	0.580702	0.592996	0.596469	0.582934	0.532174	0.535325	0.543349	0.53445	0.543736	0.580274	0.522241	0.528029	0.522712	0.529198	0.528507	0.52344	0.514251	0.520834	0.521841	0.525987	0.523437	0.517073	0.549206	0.570515	0.550669	0.550708	0.528948	0.543302	0.435586	0.470768	0.479829	0.479956	0.478872	0.445909	0.491082	0.488798	0.483067	0.483306	0.491351	0.488168	0.515607	0.511421	0.512867	0.510769	0.510941	0.519271
ERR617221	0.271514	0.277817	0.280711	0.281958	0	0.271575	0.483385	0.440909	0.440867	0.431682	0.442253	0.440725	0.271514	0.277817	0.280711	0.281958	0	0.271575	0.441553	0.442155	0.444327	0.441849	0.448122	0.459491	0.448588	0.449289	0.459957	0.451708	0.450584	0.450644	0.51175	0.511899	0.511027	0.511588	0.53179	0.510562	0.485082	0.48085	0.515285	0.474579	0.490434	0.484402	0.471064	0.470492	0.471107	0.463686	0.465453	0.464438	0.572177	0.572123	0.573375	0.579025	0.582001	0.572499	0.538694	0.54061	0.539381	0.540213	0.539155	0.556202	0.52763	0.526207	0.528085	0.525622	0.522507	0.528526	0.504434	0.508246	0.508807	0.511625	0.510117	0.506062	0.54953	0.564058	0.54996	0.550492	0.536925	0.545262	0.43617	0.462803	0.469101	0.469416	0.468487	0.443193	0.482892	0.482093	0.480523	0.480575	0.483915	0.482223	0.517078	0.522495	0.51961	0.522357	0.524052	0.519469
ERR617223	0.26575	0.28979	0.268998	0.269644	0.271575	0	0.495088	0.444262	0.443719	0.431474	0.445277	0.443538	0.26575	0.28979	0.268998	0.269644	0.271575	0	0.4467	0.447592	0.44929	0.44716	0.455082	0.468122	0.451248	0.453383	0.466528	0.456585	0.455325	0.454992	0.515244	0.515582	0.515816	0.515207	0.546312	0.512627	0.493312	0.489069	0.528983	0.480907	0.499932	0.492458	0.479396	0.478639	0.479334	0.474243	0.475878	0.475344	0.570927	0.571604	0.572677	0.581648	0.584627	0.573533	0.542015	0.544888	0.546167	0.544141	0.546429	0.569887	0.530227	0.530974	0.530641	0.531221	0.528237	0.531277	0.50857	0.513833	0.514921	0.518531	0.517713	0.510813	0.553781	0.572709	0.55469	0.554921	0.537942	0.549166	0.443701	0.475902	0.483269	0.483352	0.482413	0.452487	0.487807	0.486422	0.482348	0.482725	0.489729	0.48573	0.515818	0.518348	0.516018	0.517757	0.518959	0.517452
ERR636720	0.443986	0.440747	0.438695	0.437863	0.441553	0.4467	0.29158	0.279358	0.279258	0.288296	0.279448	0.27933	0.443986	0.440747	0.438695	0.437863	0.441553	0.4467	0	0.236038	0.237191	0.235841	0.23855	0.242809	0.272776	0.271539	0.269112	0.270427	0.27393	0.270774	0.418213	0.417533	0.420399	0.419191	0.465105	0.418822	0.326584	0.328375	0.359738	0.326162	0.329452	0.326188	0.338694	0.337322	0.338127	0.354356	0.351408	0.355077	0.58494	0.585337	0.589573	0.598415	0.603102	0.586716	0.424216	0.423051	0.422823	0.423753	0.422164	0.495992	0.420155	0.428864	0.420712	0.430193	0.438698	0.420486	0.560816	0.565451	0.564073	0.566784	0.561258	0.561977	0.407983	0.412954	0.407145	0.408009	0.412271	0.405767	0.285994	0.296558	0.304973	0.304272	0.304024	0.286598	0.502573	0.501859	0.499716	0.498815	0.497767	0.503226	0.480495	0.46646	0.477876	0.468735	0.468787	0.494394
ERR636718	0.444779	0.440995	0.439811	0.438582	0.442155	0.447592	0.291651	0.280017	0.280016	0.289024	0.280124	0.279892	0.444779	0.440995	0.439811	0.438582	0.442155	0.447592	0.236038	0	0.237876	0.236117	0.238694	0.243025	0.273233	0.271864	0.268794	0.270812	0.274191	0.271158	0.418276	0.417675	0.420375	0.419421	0.464819	0.418992	0.326576	0.328433	0.359643	0.326224	0.329431	0.326238	0.338656	0.337355	0.338249	0.354612	0.351541	0.355132	0.585598	0.585984	0.590196	0.599117	0.603783	0.587489	0.424267	0.4231	0.423021	0.4238	0.4224	0.496158	0.420239	0.429092	0.420889	0.430338	0.438953	0.420656	0.561141	0.565748	0.564399	0.567114	0.56152	0.562411	0.408097	0.412949	0.407171	0.408201	0.412279	0.405856	0.285956	0.296108	0.304562	0.30381	0.303716	0.28638	0.50278	0.501962	0.500044	0.499217	0.497973	0.503476	0.48137	0.467257	0.478696	0.469512	0.469541	0.495385
ERR636716	0.446547	0.444334	0.442051	0.441368	0.444327	0.44929	0.288862	0.279144	0.278625	0.289457	0.278483	0.278676	0.446547	0.444334	0.442051	0.441368	0.444327	0.44929	0.237191	0.237876	0	0.237718	0.237282	0.239131	0.272969	0.272959	0.268088	0.271588	0.27521	0.272038	0.419461	0.419056	0.42115	0.420568	0.464928	0.419532	0.325105	0.330532	0.356937	0.328035	0.329769	0.324896	0.339618	0.338119	0.339046	0.353532	0.350597	0.354359	0.584794	0.585001	0.589229	0.598228	0.602726	0.586634	0.426355	0.425404	0.422487	0.426038	0.421818	0.494161	0.421815	0.428757	0.422314	0.430072	0.438468	0.421975	0.563908	0.56841	0.567164	0.569874	0.564818	0.564937	0.406616	0.411504	0.405669	0.406559	0.412763	0.404954	0.286363	0.296711	0.304213	0.303684	0.303548	0.285996	0.505036	0.504209	0.502334	0.501333	0.500797	0.505691	0.480967	0.467914	0.478696	0.4701	0.470291	0.494465
ERR636719	0.444448	0.440811	0.439403	0.438369	0.441849	0.44716	0.291789	0.27993	0.280003	0.289031	0.279951	0.279772	0.444448	0.440811	0.439403	0.438369	0.441849	0.44716	0.235841	0.236117	0.237718	0	0.238632	0.242988	0.273174	0.271944	0.269024	0.270578	0.274454	0.270916	0.418609	0.417934	0.420786	0.419715	0.465315	0.419333	0.326933	0.32859	0.359955	0.326531	0.329735	0.326464	0.338935	0.33757	0.338447	0.354511	0.351767	0.355498	0.585549	0.585817	0.590104	0.598958	0.603705	0.587389	0.424464	0.423327	0.423277	0.423994	0.422641	0.496366	0.420455	0.429305	0.421136	0.430446	0.439149	0.420817	0.561416	0.565988	0.564718	0.567352	0.56181	0.562625	0.40828	0.413144	0.407473	0.408532	0.412671	0.406114	0.28623	0.296225	0.304716	0.304015	0.3036	0.286515	0.50306	0.502294	0.500303	0.499429	0.498116	0.503745	0.481263	0.467178	0.478611	0.469374	0.469526	0.49521
ERR636717	0.452185	0.44429	0.44815	0.447199	0.448122	0.455082	0.285974	0.281222	0.281894	0.29276	0.281863	0.281936	0.452185	0.44429	0.44815	0.447199	0.448122	0.455082	0.23855	0.238694	0.237282	0.238632	0	0.238874	0.27489	0.273572	0.267514	0.271772	0.274336	0.272537	0.420162	0.419588	0.421456	0.421287	0.461633	0.42125	0.325194	0.327877	0.354361	0.32691	0.326736	0.324911	0.337291	0.33598	0.336874	0.352707	0.349765	0.353542	0.591582	0.591569	0.595858	0.603423	0.608146	0.592358	0.425062	0.423494	0.42262	0.42438	0.421522	0.493822	0.42208	0.429997	0.422648	0.431009	0.440085	0.422325	0.565209	0.569397	0.567663	0.57006	0.564557	0.566218	0.408986	0.410906	0.407856	0.408915	0.414925	0.406756	0.284789	0.291227	0.298022	0.29739	0.297201	0.284029	0.506097	0.505632	0.504493	0.503673	0.501393	0.507487	0.487101	0.473649	0.48534	0.475934	0.476191	0.501569
ERR636715	0.465218	0.455878	0.463616	0.463257	0.459491	0.468122	0.27666	0.285734	0.285269	0.302979	0.284517	0.285257	0.465218	0.455878	0.463616	0.463257	0.459491	0.468122	0.242809	0.243025	0.239131	0.242988	0.238874	0	0.28277	0.281661	0.269973	0.278824	0.283695	0.279789	0.424118	0.423573	0.424231	0.425144	0.457733	0.425362	0.320089	0.331249	0.341336	0.331014	0.32621	0.320547	0.340338	0.339039	0.34016	0.349228	0.346531	0.349931	0.589954	0.589658	0.594055	0.600085	0.604512	0.589883	0.432044	0.429811	0.420728	0.430974	0.419387	0.485343	0.425998	0.429062	0.426533	0.429508	0.437735	0.426202	0.575218	0.578524	0.577188	0.5792	0.574544	0.57566	0.404998	0.403466	0.403173	0.404637	0.418523	0.40544	0.287134	0.287262	0.291732	0.291732	0.291835	0.282642	0.514013	0.513958	0.513892	0.512698	0.510189	0.515755	0.487577	0.47797	0.487498	0.480267	0.481191	0.501225
ERR607764	0.448492	0.44928	0.441151	0.439966	0.448588	0.451248	0.315846	0.292887	0.293401	0.296054	0.293832	0.293731	0.448492	0.44928	0.441151	0.439966	0.448588	0.451248	0.272776	0.273233	0.272969	0.273174	0.27489	0.28277	0	0.24076	0.242945	0.241022	0.240757	0.240961	0.429687	0.428979	0.432928	0.430805	0.483625	0.429186	0.341871	0.33903	0.380354	0.335657	0.341744	0.34123	0.343408	0.342029	0.342365	0.364155	0.361105	0.365043	0.597442	0.598176	0.602238	0.61325	0.617865	0.600963	0.431016	0.430655	0.437766	0.43084	0.437333	0.515208	0.4362	0.448478	0.436908	0.450392	0.459419	0.436542	0.566178	0.571704	0.570512	0.573534	0.567525	0.567978	0.425458	0.43411	0.425245	0.425467	0.422237	0.421133	0.295427	0.312026	0.321821	0.320955	0.320543	0.298754	0.507706	0.506345	0.502759	0.502014	0.502399	0.507887	0.493622	0.475777	0.488773	0.47768	0.476888	0.507609
ERR607768	0.450481	0.449088	0.443299	0.442041	0.449289	0.453383	0.312974	0.292343	0.293069	0.296317	0.293376	0.293275	0.450481	0.449088	0.443299	0.442041	0.449289	0.453383	0.271539	0.271864	0.272959	0.271944	0.273572	0.281661	0.24076	0	0.243061	0.238816	0.241259	0.238699	0.42943	0.428851	0.432753	0.430601	0.482336	0.429782	0.33988	0.336067	0.377234	0.333226	0.339283	0.33916	0.341992	0.340702	0.340924	0.362813	0.359719	0.363525	0.598035	0.598806	0.602817	0.61326	0.617951	0.601096	0.430266	0.429784	0.436977	0.429866	0.43648	0.51385	0.435669	0.448116	0.436351	0.4497	0.458988	0.435933	0.566702	0.571957	0.570753	0.573561	0.567159	0.568487	0.425151	0.432677	0.424809	0.425187	0.422715	0.420933	0.293494	0.308352	0.318148	0.317086	0.316874	0.296726	0.507987	0.506778	0.503613	0.502955	0.502298	0.508438	0.494147	0.476564	0.48972	0.478624	0.477847	0.50853
ERR607763	0.463542	0.457193	0.459	0.45811	0.459957	0.466528	0.298186	0.291284	0.291953	0.301345	0.291919	0.292001	0.463542	0.457193	0.459	0.45811	0.459957	0.466528	0.269112	0.268794	0.268088	0.269024	0.267514	0.269973	0.242945	0.243061	0	0.241542	0.24274	0.24207	0.430387	0.429787	0.43227	0.431546	0.474548	0.431255	0.331645	0.333128	0.361986	0.331855	0.332285	0.331181	0.33922	0.337975	0.338458	0.356396	0.353438	0.357079	0.601648	0.601908	0.606071	0.614601	0.619194	0.603368	0.43202	0.430461	0.432497	0.431043	0.431478	0.504896	0.436126	0.445121	0.436645	0.446259	0.455403	0.436332	0.574704	0.579057	0.577659	0.580129	0.574208	0.575917	0.420218	0.423256	0.419146	0.419932	0.423358	0.417156	0.289169	0.29718	0.304927	0.304296	0.303922	0.289273	0.513652	0.51297	0.511368	0.510334	0.508596	0.514929	0.497996	0.482846	0.495176	0.485184	0.484843	0.51231
ERR607766	0.453444	0.45056	0.446916	0.445847	0.451708	0.456585	0.309581	0.292046	0.292762	0.297386	0.293159	0.292831	0.453444	0.45056	0.446916	0.445847	0.451708	0.456585	0.270427	0.270812	0.271588	0.270578	0.271772	0.278824	0.241022	0.238816	0.241542	0	0.241096	0.238796	0.429177	0.42861	0.432258	0.430379	0.480009	0.429693	0.33773	0.334705	0.373645	0.332379	0.337125	0.337261	0.340668	0.339393	0.339671	0.36106	0.357958	0.361938	0.599124	0.599706	0.60379	0.61367	0.618346	0.601818	0.430156	0.42925	0.435399	0.429516	0.43494	0.511536	0.435205	0.446975	0.435838	0.448653	0.457676	0.435483	0.568096	0.573213	0.571891	0.574629	0.568299	0.569772	0.423688	0.430124	0.423282	0.423671	0.422486	0.419755	0.292192	0.305266	0.314749	0.313703	0.313477	0.294717	0.508967	0.507931	0.505098	0.504319	0.503253	0.509602	0.495056	0.477959	0.490966	0.480084	0.479516	0.509446
ERR607765	0.452244	0.448301	0.445254	0.443882	0.450584	0.455325	0.314477	0.294713	0.296212	0.298597	0.296755	0.296481	0.452244	0.448301	0.445254	0.443882	0.450584	0.455325	0.27393	0.274191	0.27521	0.274454	0.274336	0.283695	0.240757	0.241259	0.24274	0.241096	0	0.241385	0.430404	0.429569	0.433325	0.431422	0.481687	0.430858	0.342165	0.336527	0.378854	0.334475	0.339409	0.341269	0.341529	0.340323	0.340272	0.363969	0.360647	0.364693	0.602972	0.603593	0.607666	0.617791	0.622546	0.605759	0.430102	0.429506	0.438248	0.42958	0.437615	0.515629	0.43684	0.449898	0.437417	0.451439	0.461202	0.437048	0.566702	0.572124	0.570459	0.573263	0.566624	0.568526	0.427885	0.434288	0.42763	0.427906	0.424356	0.423066	0.294308	0.308301	0.317717	0.316413	0.316185	0.29751	0.508172	0.507097	0.504227	0.503607	0.502314	0.508982	0.498759	0.480303	0.494155	0.482514	0.481515	0.513471
ERR607767	0.452227	0.449904	0.445239	0.44417	0.450644	0.454992	0.310703	0.29209	0.292573	0.296838	0.292863	0.292839	0.452227	0.449904	0.445239	0.44417	0.450644	0.454992	0.270774	0.271158	0.272038	0.270916	0.272537	0.279789	0.240961	0.238699	0.24207	0.238796	0.241385	0	0.429743	0.429055	0.432908	0.430796	0.48145	0.430091	0.338727	0.335641	0.374959	0.332783	0.338188	0.337978	0.341579	0.34039	0.340742	0.362099	0.358926	0.362784	0.59886	0.599351	0.603413	0.613468	0.618182	0.601577	0.430533	0.429846	0.43649	0.430101	0.436036	0.512801	0.435763	0.447893	0.436416	0.449413	0.458754	0.436114	0.568014	0.573253	0.572007	0.574812	0.568518	0.569845	0.424454	0.431444	0.42399	0.424515	0.422715	0.420315	0.292872	0.306691	0.316075	0.315171	0.314939	0.295721	0.509183	0.507984	0.504997	0.504303	0.503395	0.509668	0.494941	0.477497	0.49057	0.479648	0.478844	0.50918
ERR608582	0.513519	0.511991	0.510263	0.508792	0.51175	0.515244	0.423957	0.408005	0.407885	0.408547	0.408392	0.408358	0.513519	0.511991	0.510263	0.508792	0.51175	0.515244	0.418213	0.418276	0.419461	0.418609	0.420162	0.424118	0.429687	0.42943	0.430387	0.429177	0.430404	0.429743	0	0.241293	0.244523	0.241692	0.32332	0.243084	0.420535	0.419184	0.444575	0.416244	0.422089	0.419748	0.390289	0.390643	0.391209	0.400933	0.398962	0.401553	0.463308	0.464313	0.468435	0.482636	0.488416	0.467526	0.29573	0.29549	0.293678	0.295967	0.294867	0.391493	0.288493	0.292852	0.288961	0.294473	0.302907	0.289038	0.392191	0.398694	0.397717	0.402172	0.394821	0.393979	0.289477	0.305302	0.291149	0.291316	0.286194	0.285613	0.418552	0.428468	0.432955	0.43256	0.432158	0.42024	0.347436	0.345551	0.342941	0.342139	0.34223	0.347151	0.338683	0.329044	0.337338	0.33214	0.333182	0.354587
ERR608584	0.513816	0.511794	0.510338	0.508944	0.511899	0.515582	0.423638	0.407526	0.407488	0.408061	0.408204	0.408046	0.513816	0.511794	0.510338	0.508944	0.511899	0.515582	0.417533	0.417675	0.419056	0.417934	0.419588	0.423573	0.428979	0.428851	0.429787	0.42861	0.429569	0.429055	0.241293	0	0.244699	0.241215	0.324223	0.243393	0.420456	0.418491	0.444765	0.415625	0.421342	0.419595	0.38972	0.390167	0.390624	0.401147	0.399246	0.401726	0.465832	0.466759	0.470847	0.485042	0.490737	0.469791	0.29474	0.294617	0.294062	0.294812	0.294976	0.392877	0.288288	0.293541	0.288755	0.295284	0.304258	0.288791	0.393022	0.399542	0.398521	0.402968	0.395213	0.394975	0.289859	0.305752	0.291884	0.291633	0.286037	0.285827	0.417961	0.427614	0.432172	0.431623	0.431157	0.419505	0.348131	0.346389	0.343493	0.342612	0.342518	0.347749	0.340279	0.329724	0.338783	0.332878	0.333976	0.356731
ERR608580	0.513847	0.510052	0.512218	0.51112	0.511027	0.515816	0.422739	0.410587	0.410516	0.412616	0.411099	0.410972	0.513847	0.510052	0.512218	0.51112	0.511027	0.515816	0.420399	0.420375	0.42115	0.420786	0.421456	0.424231	0.432928	0.432753	0.43227	0.432258	0.433325	0.432908	0.244523	0.244699	0	0.244255	0.309149	0.245168	0.420458	0.420642	0.440718	0.418193	0.422076	0.419767	0.389744	0.389989	0.39075	0.396821	0.395443	0.397285	0.460652	0.461123	0.465185	0.476828	0.482242	0.463029	0.301133	0.30006	0.290614	0.300851	0.291171	0.37821	0.293516	0.290606	0.293963	0.291461	0.298577	0.293577	0.388401	0.39336	0.392087	0.395881	0.389377	0.389038	0.289906	0.301336	0.291178	0.291566	0.292215	0.287495	0.420346	0.428102	0.432007	0.431627	0.431185	0.420942	0.342753	0.341934	0.341564	0.340338	0.338549	0.34347	0.339289	0.335848	0.341218	0.338716	0.34089	0.354073
ERR608583	0.513404	0.511779	0.510318	0.509006	0.511588	0.515207	0.425119	0.409241	0.409047	0.409785	0.409733	0.409744	0.513404	0.511779	0.510318	0.509006	0.511588	0.515207	0.419191	0.419421	0.420568	0.419715	0.421287	0.425144	0.430805	0.430601	0.431546	0.430379	0.431422	0.430796	0.241692	0.241215	0.244255	0	0.322183	0.243214	0.421563	0.420167	0.445106	0.417214	0.422914	0.420614	0.390856	0.391268	0.391714	0.400813	0.399069	0.401491	0.46299	0.463972	0.467986	0.481992	0.487528	0.466982	0.29675	0.296472	0.293622	0.296717	0.294764	0.390237	0.289197	0.292591	0.28956	0.294209	0.302157	0.289555	0.391258	0.397448	0.396472	0.400728	0.393499	0.392828	0.290054	0.305521	0.291758	0.291811	0.287297	0.286375	0.419714	0.429395	0.433852	0.433387	0.432971	0.421284	0.346564	0.344909	0.342246	0.341464	0.341025	0.345987	0.338098	0.329408	0.337266	0.332398	0.333515	0.354065
ERR608579	0.543791	0.521408	0.551713	0.551788	0.53179	0.546312	0.44589	0.459013	0.459117	0.469575	0.459027	0.459603	0.543791	0.521408	0.551713	0.551788	0.53179	0.546312	0.465105	0.464819	0.464928	0.465315	0.461633	0.457733	0.483625	0.482336	0.474548	0.480009	0.481687	0.48145	0.32332	0.324223	0.309149	0.322183	0	0.329574	0.450081	0.457527	0.442122	0.459799	0.451971	0.450261	0.423544	0.424325	0.425407	0.410398	0.411152	0.40996	0.480139	0.475911	0.479401	0.469029	0.472244	0.468337	0.37908	0.373973	0.333186	0.376605	0.329554	0.317885	0.368199	0.336572	0.368038	0.331652	0.327498	0.367578	0.407727	0.402719	0.399787	0.39772	0.397024	0.404122	0.349372	0.329674	0.346633	0.348123	0.376246	0.354188	0.462045	0.454909	0.452674	0.453236	0.452811	0.457507	0.36513	0.369849	0.383895	0.380283	0.366799	0.373673	0.39494	0.417665	0.411173	0.420517	0.42603	0.402603
ERR608581	0.510833	0.512631	0.507175	0.505838	0.510562	0.512627	0.426768	0.408012	0.407645	0.407425	0.408215	0.408162	0.510833	0.512631	0.507175	0.505838	0.510562	0.512627	0.418822	0.418992	0.419532	0.419333	0.42125	0.425362	0.429186	0.429782	0.431255	0.429693	0.430858	0.430091	0.243084	0.243393	0.245168	0.243214	0.329574	0	0.422183	0.421515	0.448229	0.417686	0.424444	0.421396	0.392149	0.392264	0.392758	0.402646	0.400917	0.403699	0.461292	0.462567	0.466537	0.48245	0.488056	0.466651	0.297246	0.297891	0.296044	0.297619	0.297677	0.395472	0.289566	0.293927	0.28993	0.296343	0.304621	0.29003	0.392246	0.399107	0.398695	0.403332	0.396487	0.39423	0.289781	0.309269	0.292049	0.2917	0.284741	0.286025	0.420237	0.431757	0.437072	0.436687	0.436265	0.422123	0.347894	0.345977	0.341782	0.341165	0.343307	0.346779	0.335979	0.325583	0.333711	0.32833	0.329466	0.351202
ERR613633	0.491006	0.481705	0.489691	0.489268	0.485082	0.493312	0.30539	0.314789	0.313839	0.328833	0.313071	0.313879	0.491006	0.481705	0.489691	0.489268	0.485082	0.493312	0.326584	0.326576	0.325105	0.326933	0.325194	0.320089	0.341871	0.33988	0.331645	0.33773	0.342165	0.338727	0.420535	0.420456	0.420458	0.421563	0.450081	0.422183	0	0.258664	0.271082	0.258358	0.253372	0.245171	0.307881	0.307561	0.308362	0.315736	0.312925	0.316115	0.570623	0.570455	0.574627	0.579655	0.584272	0.569945	0.432666	0.430379	0.416782	0.431763	0.41569	0.474243	0.421816	0.421508	0.422229	0.421289	0.428014	0.421813	0.563782	0.566554	0.565551	0.567196	0.562521	0.564475	0.402116	0.398149	0.400057	0.4011	0.418056	0.403551	0.318796	0.318747	0.320996	0.321018	0.321079	0.315444	0.504222	0.50423	0.504534	0.503976	0.500332	0.50611	0.475788	0.469636	0.477009	0.471827	0.473292	0.489106
ERR613630	0.486247	0.475019	0.482128	0.480647	0.48085	0.489069	0.31828	0.314821	0.316149	0.323211	0.316206	0.316431	0.486247	0.475019	0.482128	0.480647	0.48085	0.489069	0.328375	0.328433	0.330532	0.32859	0.327877	0.331249	0.33903	0.336067	0.333128	0.334705	0.336527	0.335641	0.419184	0.418491	0.420642	0.420167	0.457527	0.421515	0.258664	0	0.296077	0.248606	0.250875	0.257171	0.30714	0.307238	0.306758	0.328852	0.324884	0.32867	0.583713	0.583789	0.587898	0.594952	0.599886	0.584127	0.424369	0.422401	0.422194	0.423648	0.42123	0.490847	0.418917	0.427004	0.419496	0.427391	0.436272	0.418996	0.556467	0.559921	0.558348	0.560432	0.553419	0.557545	0.410651	0.409413	0.409695	0.410111	0.416001	0.40787	0.318969	0.322095	0.327861	0.327353	0.326859	0.319696	0.499469	0.499111	0.49858	0.498134	0.493025	0.501184	0.484016	0.471209	0.482882	0.473978	0.473964	0.499421
ERR613634	0.526586	0.506349	0.529832	0.530157	0.515285	0.528983	0.315649	0.353844	0.352918	0.375497	0.351426	0.352864	0.526586	0.506349	0.529832	0.530157	0.515285	0.528983	0.359738	0.359643	0.356937	0.359955	0.354361	0.341336	0.380354	0.377234	0.361986	0.373645	0.378854	0.374959	0.444575	0.444765	0.440718	0.445106	0.442122	0.448229	0.271082	0.296077	0	0.301535	0.282385	0.272674	0.332091	0.332475	0.333709	0.320827	0.31962	0.320129	0.577245	0.575404	0.579984	0.577794	0.581959	0.571774	0.461074	0.457161	0.4279	0.459216	0.425883	0.4557	0.447688	0.435506	0.448081	0.432951	0.436774	0.447354	0.586473	0.58675	0.58547	0.585676	0.581908	0.586043	0.420704	0.402309	0.416926	0.418293	0.449093	0.425999	0.349333	0.332178	0.326324	0.327376	0.327793	0.340331	0.525219	0.526851	0.530704	0.529996	0.522088	0.529016	0.494031	0.498306	0.500493	0.500586	0.503731	0.50576
ERR613629	0.478326	0.471249	0.473401	0.472045	0.474579	0.480907	0.321167	0.310988	0.311949	0.317436	0.312001	0.311898	0.478326	0.471249	0.473401	0.472045	0.474579	0.480907	0.326162	0.326224	0.328035	0.326531	0.32691	0.331014	0.335657	0.333226	0.331855	0.332379	0.334475	0.332783	0.416244	0.415625	0.418193	0.417214	0.459799	0.417686	0.258358	0.248606	0.301535	0	0.253221	0.257061	0.307341	0.307067	0.306889	0.328989	0.325055	0.329362	0.577775	0.578173	0.582257	0.590402	0.595274	0.578959	0.422501	0.421237	0.421537	0.422077	0.420971	0.492361	0.416333	0.424979	0.416856	0.425666	0.434216	0.416547	0.551568	0.555534	0.554171	0.556726	0.550026	0.552922	0.408308	0.41052	0.40769	0.408023	0.412097	0.40563	0.318454	0.326166	0.33277	0.332233	0.331843	0.320116	0.495302	0.494503	0.493052	0.492685	0.489203	0.49627	0.478113	0.464955	0.476227	0.467429	0.46736	0.493013
ERR613631	0.497015	0.483537	0.494386	0.49338	0.490434	0.499932	0.310645	0.317337	0.318216	0.329354	0.318021	0.318454	0.497015	0.483537	0.494386	0.49338	0.490434	0.499932	0.329452	0.329431	0.329769	0.329735	0.326736	0.32621	0.341744	0.339283	0.332285	0.337125	0.339409	0.338188	0.422089	0.421342	0.422076	0.422914	0.451971	0.424444	0.253372	0.250875	0.282385	0.253221	0	0.252305	0.307542	0.307308	0.30735	0.324256	0.320476	0.324126	0.586239	0.585964	0.590206	0.595489	0.600167	0.585515	0.428067	0.425589	0.419895	0.426864	0.418571	0.483159	0.421842	0.426035	0.422354	0.426019	0.434614	0.421813	0.563735	0.566362	0.564643	0.56629	0.560135	0.564437	0.408228	0.403305	0.40668	0.407209	0.41872	0.407076	0.319488	0.317996	0.32143	0.320988	0.320973	0.317567	0.50531	0.505323	0.506146	0.505315	0.499814	0.507706	0.487381	0.477196	0.487722	0.479913	0.480362	0.502594
ERR613632	0.490132	0.480913	0.488798	0.488271	0.484402	0.492458	0.305804	0.31414	0.313307	0.327802	0.312548	0.313357	0.490132	0.480913	0.488798	0.488271	0.484402	0.492458	0.326188	0.326238	0.324896	0.326464	0.324911	0.320547	0.34123	0.33916	0.331181	0.337261	0.341269	0.337978	0.419748	0.419595	0.419767	0.420614	0.450261	0.421396	0.245171	0.257171	0.272674	0.257061	0.252305	0	0.307178	0.306625	0.307339	0.316192	0.313003	0.316182	0.57105	0.570746	0.575082	0.580327	0.584842	0.570424	0.431149	0.42893	0.41638	0.430428	0.415179	0.474943	0.420728	0.421047	0.421217	0.420845	0.427793	0.420776	0.562703	0.565285	0.564233	0.566131	0.561241	0.563234	0.401824	0.398095	0.399751	0.400704	0.416947	0.402898	0.318586	0.318887	0.321176	0.321317	0.321312	0.315482	0.50308	0.503077	0.503321	0.502717	0.498985	0.504995	0.47548	0.468813	0.476665	0.471126	0.472437	0.488959
ERR613505	0.476772	0.46583	0.473998	0.472797	0.471064	0.479396	0.339158	0.333866	0.334598	0.340619	0.335191	0.335284	0.476772	0.46583	0.473998	0.472797	0.471064	0.479396	0.338694	0.338656	0.339618	0.338935	0.337291	0.340338	0.343408	0.341992	0.33922	0.340668	0.341529	0.341579	0.390289	0.38972	0.389744	0.390856	0.423544	0.392149	0.307881	0.30714	0.332091	0.307341	0.307542	0.307178	0	0.248389	0.248539	0.267285	0.263771	0.26772	0.5473	0.54703	0.55139	0.557664	0.562495	0.546879	0.402886	0.400877	0.39476	0.401852	0.393433	0.458447	0.399912	0.402066	0.400225	0.401754	0.409235	0.399974	0.519442	0.522792	0.521016	0.522917	0.516965	0.520512	0.390111	0.388146	0.389189	0.38949	0.396942	0.388403	0.331846	0.336614	0.34014	0.340045	0.339936	0.33211	0.462051	0.462195	0.462173	0.461743	0.457055	0.464555	0.452014	0.444128	0.452821	0.44657	0.447787	0.466619
ERR613504	0.476113	0.465576	0.473128	0.472079	0.470492	0.478639	0.338327	0.332606	0.333509	0.33929	0.333974	0.333994	0.476113	0.465576	0.473128	0.472079	0.470492	0.478639	0.337322	0.337355	0.338119	0.33757	0.33598	0.339039	0.342029	0.340702	0.337975	0.339393	0.340323	0.34039	0.390643	0.390167	0.389989	0.391268	0.424325	0.392264	0.307561	0.307238	0.332475	0.307067	0.307308	0.306625	0.248389	0	0.248356	0.267299	0.263574	0.268144	0.5479	0.547553	0.552115	0.558579	0.563339	0.547775	0.402963	0.401189	0.394927	0.402038	0.393857	0.459282	0.400204	0.402512	0.400833	0.402116	0.409697	0.400501	0.520033	0.523422	0.521676	0.523457	0.517602	0.520998	0.390012	0.388388	0.389047	0.389392	0.396762	0.388319	0.330627	0.335853	0.339828	0.339677	0.339462	0.330878	0.462827	0.462813	0.462833	0.462246	0.457788	0.46515	0.45266	0.444654	0.45344	0.44717	0.448066	0.467361
ERR613503	0.476564	0.465942	0.473703	0.472519	0.471107	0.479334	0.339115	0.333004	0.334011	0.339499	0.334524	0.334545	0.476564	0.465942	0.473703	0.472519	0.471107	0.479334	0.338127	0.338249	0.339046	0.338447	0.336874	0.34016	0.342365	0.340924	0.338458	0.339671	0.340272	0.340742	0.391209	0.390624	0.39075	0.391714	0.425407	0.392758	0.308362	0.306758	0.333709	0.306889	0.30735	0.307339	0.248539	0.248356	0	0.268357	0.26474	0.268862	0.549213	0.548958	0.553349	0.560004	0.564755	0.549043	0.402755	0.400833	0.395752	0.401813	0.394622	0.460817	0.400518	0.403327	0.400995	0.402965	0.410741	0.400614	0.520273	0.523626	0.522136	0.523832	0.51773	0.52138	0.390927	0.389349	0.390077	0.390401	0.397117	0.38909	0.331105	0.336554	0.340289	0.3401	0.33984	0.331457	0.462928	0.463042	0.462938	0.46248	0.457923	0.46539	0.453719	0.445089	0.45414	0.447614	0.448606	0.46829
