	ERR613340	ERR613338	ERR613339	ERR613335	ERR613336	ERR613337	ERR613666	ERR613669	ERR613667	ERR613668	ERR613670	ERR613665	ERR636636	ERR636632	ERR636631	ERR636634	ERR636633	ERR636635	ERR629929	ERR629932	ERR629933	ERR629928	ERR629931	ERR629930	ERR613666	ERR613669	ERR613667	ERR613668	ERR613670	ERR613665	ERR637031	ERR637027	ERR637030	ERR637029	ERR637028	ERR637032	ERR621924	ERR621920	ERR621922	ERR621923	ERR621919	ERR621921	ERR608871	ERR608872	ERR608875	ERR608873	ERR608876	ERR608874	ERR605970	ERR605975	ERR605971	ERR605974	ERR605972	ERR605973	ERR614947	ERR614946	ERR614948	ERR614945	ERR614944	ERR614943	ERR630460	ERR630458	ERR630462	ERR630461	ERR630463	ERR630459	ERR622016	ERR622015	ERR622019	ERR622020	ERR622018	ERR622017	ERR609235	ERR609240	ERR609238	ERR609237	ERR609239	ERR609236	ERR630219	ERR630222	ERR630223	ERR630218	ERR630221	ERR630220	ERR626685	ERR626684	ERR626683	ERR626682	ERR626681	ERR626680	ERR630533	ERR630535	ERR630534	ERR630537	ERR630536	ERR630532
ERR613340	1.91104e+08	1.47193e+08	1.48218e+08	1.74827e+08	1.47477e+08	1.63528e+08	1.35281e+08	1.21429e+08	1.2874e+08	1.22586e+08	9.66349e+07	1.38731e+08	1.43535e+08	1.13148e+08	1.36347e+08	1.18816e+08	1.37683e+08	1.47332e+08	1.02426e+08	9.72181e+07	9.90752e+07	1.20089e+08	1.00007e+08	1.18083e+08	1.35281e+08	1.21429e+08	1.2874e+08	1.22586e+08	9.66349e+07	1.38731e+08	1.79554e+08	1.64103e+08	1.47246e+08	1.65707e+08	1.35977e+08	1.74321e+08	1.28954e+08	1.42e+08	1.41221e+08	1.31064e+08	1.56129e+08	1.4166e+08	9.78235e+07	1.31532e+08	1.06678e+08	1.41957e+08	1.04465e+08	1.08431e+08	1.10798e+08	1.13768e+08	1.5218e+08	1.15509e+08	1.55066e+08	1.18726e+08	1.28152e+08	1.2924e+08	1.31437e+08	1.03601e+08	1.08455e+08	1.04954e+08	1.48033e+08	1.52507e+08	1.53886e+08	1.56982e+08	1.57483e+08	1.39418e+08	1.07928e+08	1.1998e+08	1.24418e+08	1.26971e+08	1.25728e+08	1.0746e+08	1.25027e+08	1.29143e+08	9.94774e+07	1.17213e+08	1.2966e+08	1.23771e+08	1.29207e+08	1.44133e+08	1.36811e+08	1.48719e+08	1.44072e+08	1.2121e+08	9.74385e+07	1.00907e+08	9.90174e+07	9.95876e+07	1.18108e+08	1.33448e+08	1.14707e+08	1.05502e+08	1.31376e+08	1.06838e+08	1.07799e+08	1.2328e+08
ERR613338	1.47193e+08	2.97306e+08	1.94996e+08	2.30135e+08	1.93036e+08	2.14339e+08	1.78331e+08	1.60759e+08	1.69451e+08	1.62135e+08	1.26819e+08	1.83566e+08	1.92389e+08	1.51118e+08	1.83302e+08	1.59046e+08	1.85098e+08	1.97648e+08	1.37458e+08	1.29937e+08	1.32418e+08	1.61853e+08	1.33683e+08	1.59089e+08	1.78331e+08	1.60759e+08	1.69451e+08	1.62135e+08	1.26819e+08	1.83566e+08	2.39203e+08	2.191e+08	1.95808e+08	2.21114e+08	1.80357e+08	2.32159e+08	1.71031e+08	1.88573e+08	1.87891e+08	1.73972e+08	2.07965e+08	1.879e+08	1.27785e+08	1.74065e+08	1.41009e+08	1.88574e+08	1.38033e+08	1.43419e+08	1.44631e+08	1.49947e+08	2.02106e+08	1.52276e+08	2.05916e+08	1.56657e+08	1.71307e+08	1.72762e+08	1.75937e+08	1.38438e+08	1.44596e+08	1.3977e+08	1.97112e+08	2.02909e+08	2.05071e+08	2.09192e+08	2.09659e+08	1.84903e+08	1.44807e+08	1.61328e+08	1.67082e+08	1.70497e+08	1.68946e+08	1.44072e+08	1.66945e+08	1.72092e+08	1.32946e+08	1.55557e+08	1.72852e+08	1.6502e+08	1.69646e+08	1.89529e+08	1.7911e+08	1.95784e+08	1.89405e+08	1.59116e+08	1.31042e+08	1.35823e+08	1.33152e+08	1.33065e+08	1.58651e+08	1.79552e+08	1.55701e+08	1.42251e+08	1.7831e+08	1.44305e+08	1.45459e+08	1.66938e+08
ERR613339	1.48218e+08	1.94996e+08	3.0095e+08	2.31748e+08	1.94414e+08	2.15819e+08	1.79632e+08	1.6194e+08	1.70767e+08	1.63332e+08	1.27716e+08	1.84885e+08	1.93675e+08	1.51982e+08	1.84312e+08	1.60095e+08	1.86323e+08	1.98956e+08	1.38655e+08	1.30998e+08	1.33566e+08	1.63183e+08	1.34806e+08	1.60394e+08	1.79632e+08	1.6194e+08	1.70767e+08	1.63332e+08	1.27716e+08	1.84885e+08	2.41073e+08	2.20819e+08	1.97337e+08	2.22861e+08	1.81806e+08	2.34124e+08	1.72255e+08	1.89968e+08	1.89076e+08	1.7508e+08	2.09473e+08	1.89299e+08	1.28798e+08	1.75427e+08	1.42032e+08	1.90095e+08	1.39195e+08	1.44495e+08	1.45782e+08	1.50978e+08	2.03562e+08	1.53316e+08	2.07546e+08	1.57739e+08	1.72867e+08	1.74219e+08	1.77249e+08	1.39561e+08	1.45875e+08	1.40947e+08	1.98405e+08	2.04225e+08	2.06258e+08	2.10569e+08	2.11092e+08	1.86118e+08	1.46033e+08	1.6272e+08	1.68487e+08	1.71907e+08	1.70294e+08	1.45089e+08	1.68269e+08	1.73591e+08	1.33985e+08	1.56915e+08	1.74217e+08	1.66333e+08	1.70993e+08	1.91162e+08	1.80547e+08	1.97325e+08	1.9096e+08	1.60309e+08	1.32109e+08	1.36851e+08	1.3418e+08	1.34257e+08	1.59927e+08	1.8096e+08	1.56834e+08	1.43339e+08	1.79696e+08	1.45379e+08	1.46536e+08	1.68051e+08
ERR613335	1.74827e+08	2.30135e+08	2.31748e+08	4.05119e+08	2.31457e+08	2.57448e+08	2.16633e+08	1.94678e+08	2.05817e+08	1.96337e+08	1.53831e+08	2.22652e+08	2.32112e+08	1.81992e+08	2.20929e+08	1.9154e+08	2.2305e+08	2.38539e+08	1.66852e+08	1.57893e+08	1.60889e+08	1.96423e+08	1.62391e+08	1.92977e+08	2.16633e+08	1.94678e+08	2.05817e+08	1.96337e+08	1.53831e+08	2.22652e+08	2.89752e+08	2.65043e+08	2.37006e+08	2.67525e+08	2.18152e+08	2.81105e+08	2.06338e+08	2.27736e+08	2.2657e+08	2.09703e+08	2.51176e+08	2.26849e+08	1.54845e+08	2.10594e+08	1.70281e+08	2.28189e+08	1.66731e+08	1.73185e+08	1.74013e+08	1.79766e+08	2.4283e+08	1.8263e+08	2.47522e+08	1.87767e+08	2.08355e+08	2.10161e+08	2.13907e+08	1.68101e+08	1.75935e+08	1.69893e+08	2.37612e+08	2.44638e+08	2.46958e+08	2.52042e+08	2.52742e+08	2.22878e+08	1.7641e+08	1.96411e+08	2.03558e+08	2.07536e+08	2.05731e+08	1.7538e+08	2.02081e+08	2.08432e+08	1.60693e+08	1.88702e+08	2.0939e+08	1.99945e+08	2.05798e+08	2.30158e+08	2.17798e+08	2.37717e+08	2.3001e+08	1.93018e+08	1.58491e+08	1.64184e+08	1.60971e+08	1.61331e+08	1.9217e+08	2.17307e+08	1.87961e+08	1.72016e+08	2.15609e+08	1.74449e+08	1.75992e+08	2.01846e+08
ERR613336	1.47477e+08	1.93036e+08	1.94414e+08	2.31457e+08	3.00236e+08	2.15939e+08	1.79368e+08	1.60995e+08	1.70626e+08	1.62539e+08	1.27467e+08	1.84186e+08	1.91882e+08	1.50862e+08	1.82583e+08	1.58659e+08	1.84381e+08	1.97159e+08	1.37748e+08	1.30582e+08	1.33065e+08	1.62022e+08	1.34354e+08	1.59149e+08	1.79368e+08	1.60995e+08	1.70626e+08	1.62539e+08	1.27467e+08	1.84186e+08	2.40045e+08	2.19621e+08	1.96604e+08	2.21735e+08	1.81257e+08	2.32967e+08	1.71216e+08	1.88911e+08	1.87886e+08	1.73933e+08	2.08045e+08	1.88233e+08	1.28939e+08	1.74829e+08	1.41458e+08	1.89048e+08	1.38362e+08	1.43792e+08	1.45308e+08	1.49728e+08	2.01692e+08	1.52082e+08	2.05633e+08	1.56351e+08	1.72281e+08	1.73709e+08	1.76928e+08	1.39137e+08	1.45577e+08	1.40716e+08	1.97516e+08	2.03378e+08	2.05119e+08	2.09144e+08	2.10034e+08	1.85621e+08	1.45217e+08	1.61611e+08	1.67521e+08	1.7083e+08	1.69258e+08	1.44352e+08	1.67677e+08	1.7317e+08	1.33377e+08	1.56856e+08	1.73895e+08	1.65915e+08	1.71374e+08	1.91179e+08	1.81288e+08	1.97527e+08	1.91242e+08	1.6054e+08	1.31137e+08	1.35831e+08	1.33184e+08	1.33797e+08	1.58954e+08	1.79831e+08	1.54744e+08	1.42e+08	1.77341e+08	1.43835e+08	1.45211e+08	1.66068e+08
ERR613337	1.63528e+08	2.14339e+08	2.15819e+08	2.57448e+08	2.15939e+08	3.59856e+08	2.00542e+08	1.79791e+08	1.90453e+08	1.81412e+08	1.42267e+08	2.05872e+08	2.14518e+08	1.68322e+08	2.03883e+08	1.76945e+08	2.06014e+08	2.20354e+08	1.54572e+08	1.46447e+08	1.49364e+08	1.81625e+08	1.50643e+08	1.78434e+08	2.00542e+08	1.79791e+08	1.90453e+08	1.81412e+08	1.42267e+08	2.05872e+08	2.68166e+08	2.4511e+08	2.19407e+08	2.47519e+08	2.02302e+08	2.60216e+08	1.90774e+08	2.10549e+08	2.09436e+08	1.93875e+08	2.3204e+08	2.0981e+08	1.43941e+08	1.95202e+08	1.57822e+08	2.11173e+08	1.54454e+08	1.60485e+08	1.61492e+08	1.66426e+08	2.24517e+08	1.69095e+08	2.28872e+08	1.73813e+08	1.93112e+08	1.94568e+08	1.98128e+08	1.55859e+08	1.63134e+08	1.57641e+08	2.20144e+08	2.26704e+08	2.28667e+08	2.33183e+08	2.34071e+08	2.06788e+08	1.62843e+08	1.81254e+08	1.87744e+08	1.91537e+08	1.89776e+08	1.61842e+08	1.87667e+08	1.93795e+08	1.49088e+08	1.75501e+08	1.94529e+08	1.85705e+08	1.91344e+08	2.13671e+08	2.02476e+08	2.20741e+08	2.13765e+08	1.79246e+08	1.46687e+08	1.52025e+08	1.48971e+08	1.49787e+08	1.77911e+08	2.01199e+08	1.73237e+08	1.59037e+08	1.98725e+08	1.61072e+08	1.62583e+08	1.86207e+08
ERR613666	1.35281e+08	1.78331e+08	1.79632e+08	2.16633e+08	1.79368e+08	2.00542e+08	4.26614e+08	2.70972e+08	2.86799e+08	2.73396e+08	2.21085e+08	3.07185e+08	2.28969e+08	1.79971e+08	2.1774e+08	1.89147e+08	2.19914e+08	2.35397e+08	1.4246e+08	1.3488e+08	1.37542e+08	1.67832e+08	1.38827e+08	1.64929e+08	4.26614e+08	2.70972e+08	2.86799e+08	2.73396e+08	2.21085e+08	3.07185e+08	2.94745e+08	2.69505e+08	2.41656e+08	2.72273e+08	2.23225e+08	2.86083e+08	2.45459e+08	2.70695e+08	2.68982e+08	2.48922e+08	2.9671e+08	2.69675e+08	1.66269e+08	2.24253e+08	1.82595e+08	2.42659e+08	1.78573e+08	1.85501e+08	1.85317e+08	1.89058e+08	2.47407e+08	1.91838e+08	2.51048e+08	1.96564e+08	1.82396e+08	1.84032e+08	1.87284e+08	1.46306e+08	1.53312e+08	1.48071e+08	2.39303e+08	2.46379e+08	2.48654e+08	2.53642e+08	2.5461e+08	2.24518e+08	1.81715e+08	1.99046e+08	2.06145e+08	2.09767e+08	2.07746e+08	1.80364e+08	1.74512e+08	1.80102e+08	1.37499e+08	1.62929e+08	1.81129e+08	1.72557e+08	2.19234e+08	2.44943e+08	2.32013e+08	2.5256e+08	2.44937e+08	2.0613e+08	1.35951e+08	1.40986e+08	1.38252e+08	1.38806e+08	1.65145e+08	1.87095e+08	1.62089e+08	1.48537e+08	1.86478e+08	1.50621e+08	1.52022e+08	1.74375e+08
ERR613669	1.21429e+08	1.60759e+08	1.6194e+08	1.94678e+08	1.60995e+08	1.79791e+08	2.70972e+08	3.61166e+08	2.59657e+08	2.5021e+08	2.02307e+08	2.7806e+08	2.0665e+08	1.62436e+08	1.96764e+08	1.71027e+08	1.98859e+08	2.12283e+08	1.27727e+08	1.20632e+08	1.22973e+08	1.50725e+08	1.24178e+08	1.48218e+08	2.70972e+08	3.61166e+08	2.59657e+08	2.5021e+08	2.02307e+08	2.7806e+08	2.64018e+08	2.41846e+08	2.16828e+08	2.44399e+08	1.99885e+08	2.56439e+08	2.23372e+08	2.45807e+08	2.44567e+08	2.26412e+08	2.69545e+08	2.45142e+08	1.48627e+08	2.01066e+08	1.6415e+08	2.17857e+08	1.60581e+08	1.66857e+08	1.69302e+08	1.73305e+08	2.26027e+08	1.75947e+08	2.29213e+08	1.80285e+08	1.63379e+08	1.64977e+08	1.67823e+08	1.31021e+08	1.37199e+08	1.32303e+08	2.15164e+08	2.21301e+08	2.23857e+08	2.28335e+08	2.28937e+08	2.0176e+08	1.65649e+08	1.81415e+08	1.87827e+08	1.91175e+08	1.895e+08	1.64698e+08	1.55836e+08	1.60391e+08	1.23012e+08	1.44975e+08	1.61541e+08	1.53743e+08	1.95546e+08	2.18576e+08	2.0654e+08	2.2535e+08	2.18485e+08	1.841e+08	1.22292e+08	1.26715e+08	1.24352e+08	1.24156e+08	1.48188e+08	1.67999e+08	1.4721e+08	1.34145e+08	1.69088e+08	1.36311e+08	1.37172e+08	1.57983e+08
ERR613667	1.2874e+08	1.69451e+08	1.70767e+08	2.05817e+08	1.70626e+08	1.90453e+08	2.86799e+08	2.59657e+08	3.94317e+08	2.61788e+08	2.12e+08	2.93388e+08	2.17352e+08	1.70891e+08	2.06715e+08	1.79763e+08	2.08856e+08	2.23391e+08	1.35102e+08	1.27841e+08	1.30384e+08	1.59137e+08	1.31622e+08	1.56336e+08	2.86799e+08	2.59657e+08	3.94317e+08	2.61788e+08	2.12e+08	2.93388e+08	2.79442e+08	2.55564e+08	2.29308e+08	2.5808e+08	2.11563e+08	2.71218e+08	2.34093e+08	2.57874e+08	2.56111e+08	2.37316e+08	2.82513e+08	2.57068e+08	1.57799e+08	2.1252e+08	1.7324e+08	2.29982e+08	1.69362e+08	1.75935e+08	1.78733e+08	1.81827e+08	2.37702e+08	1.84698e+08	2.41215e+08	1.89241e+08	1.73077e+08	1.74585e+08	1.77806e+08	1.38716e+08	1.4544e+08	1.40394e+08	2.27302e+08	2.33919e+08	2.36264e+08	2.40927e+08	2.41673e+08	2.13365e+08	1.73945e+08	1.90425e+08	1.97218e+08	2.00608e+08	1.98776e+08	1.72638e+08	1.65495e+08	1.70663e+08	1.30521e+08	1.54476e+08	1.71732e+08	1.6351e+08	2.07797e+08	2.32095e+08	2.1988e+08	2.39336e+08	2.32143e+08	1.95563e+08	1.29119e+08	1.33851e+08	1.3123e+08	1.3156e+08	1.56694e+08	1.77534e+08	1.53914e+08	1.40911e+08	1.7693e+08	1.4298e+08	1.44258e+08	1.65599e+08
ERR613668	1.22586e+08	1.62135e+08	1.63332e+08	1.96337e+08	1.62539e+08	1.81412e+08	2.73396e+08	2.5021e+08	2.61788e+08	3.66082e+08	2.03953e+08	2.80243e+08	2.08412e+08	1.63821e+08	1.98505e+08	1.72394e+08	2.00583e+08	2.14131e+08	1.286e+08	1.21521e+08	1.23772e+08	1.51849e+08	1.25061e+08	1.49182e+08	2.73396e+08	2.5021e+08	2.61788e+08	3.66082e+08	2.03953e+08	2.80243e+08	2.6652e+08	2.44186e+08	2.19013e+08	2.46688e+08	2.01873e+08	2.58945e+08	2.2524e+08	2.47983e+08	2.46754e+08	2.28344e+08	2.71681e+08	2.47275e+08	1.5009e+08	2.03268e+08	1.65852e+08	2.20205e+08	1.6224e+08	1.68593e+08	1.70601e+08	1.74495e+08	2.27521e+08	1.7714e+08	2.30985e+08	1.81567e+08	1.64553e+08	1.66049e+08	1.69033e+08	1.3203e+08	1.38133e+08	1.3332e+08	2.17212e+08	2.23346e+08	2.25862e+08	2.30476e+08	2.31088e+08	2.03544e+08	1.66643e+08	1.82598e+08	1.88964e+08	1.92285e+08	1.90675e+08	1.65546e+08	1.57045e+08	1.61833e+08	1.23962e+08	1.46176e+08	1.62766e+08	1.55004e+08	1.97661e+08	2.2096e+08	2.0874e+08	2.2759e+08	2.20836e+08	1.85986e+08	1.23307e+08	1.27825e+08	1.25287e+08	1.25151e+08	1.49324e+08	1.69439e+08	1.48055e+08	1.34987e+08	1.70098e+08	1.37078e+08	1.38137e+08	1.58877e+08
ERR613670	9.66349e+07	1.26819e+08	1.27716e+08	1.53831e+08	1.27467e+08	1.42267e+08	2.21085e+08	2.02307e+08	2.12e+08	2.03953e+08	2.55399e+08	2.26076e+08	1.62e+08	1.27786e+08	1.54174e+08	1.34346e+08	1.55837e+08	1.66554e+08	9.93356e+07	9.40256e+07	9.5782e+07	1.16992e+08	9.67258e+07	1.14992e+08	2.21085e+08	2.02307e+08	2.12e+08	2.03953e+08	2.55399e+08	2.26076e+08	2.07634e+08	1.90002e+08	1.70751e+08	1.91985e+08	1.5768e+08	2.01738e+08	1.79537e+08	1.97533e+08	1.96264e+08	1.81824e+08	2.15917e+08	1.96892e+08	1.18302e+08	1.58785e+08	1.29917e+08	1.71754e+08	1.26993e+08	1.31939e+08	1.39877e+08	1.42475e+08	1.83441e+08	1.44496e+08	1.86001e+08	1.47818e+08	1.28101e+08	1.29245e+08	1.31584e+08	1.02821e+08	1.07748e+08	1.04028e+08	1.69569e+08	1.74625e+08	1.76364e+08	1.79666e+08	1.80366e+08	1.59338e+08	1.34913e+08	1.47061e+08	1.52026e+08	1.54614e+08	1.53238e+08	1.34055e+08	1.21823e+08	1.25595e+08	9.61654e+07	1.13634e+08	1.26407e+08	1.20416e+08	1.5529e+08	1.73288e+08	1.64169e+08	1.78493e+08	1.73237e+08	1.46272e+08	9.52768e+07	9.87824e+07	9.67375e+07	9.69299e+07	1.15438e+08	1.30706e+08	1.13643e+08	1.03947e+08	1.30563e+08	1.05426e+08	1.06357e+08	1.22071e+08
ERR613665	1.38731e+08	1.83566e+08	1.84885e+08	2.22652e+08	1.84186e+08	2.05872e+08	3.07185e+08	2.7806e+08	2.93388e+08	2.80243e+08	2.26076e+08	4.45005e+08	2.36295e+08	1.8541e+08	2.24883e+08	1.95244e+08	2.27305e+08	2.42865e+08	1.4732e+08	1.3926e+08	1.41933e+08	1.73766e+08	1.43333e+08	1.70652e+08	3.07185e+08	2.7806e+08	2.93388e+08	2.80243e+08	2.26076e+08	4.45005e+08	3.02952e+08	2.77249e+08	2.48357e+08	2.80041e+08	2.29055e+08	2.94079e+08	2.52326e+08	2.78081e+08	2.76493e+08	2.55787e+08	3.05179e+08	2.77135e+08	1.70231e+08	2.30323e+08	1.87727e+08	2.49477e+08	1.83463e+08	1.90718e+08	1.89749e+08	1.94056e+08	2.54563e+08	1.97123e+08	2.58248e+08	2.01964e+08	1.88204e+08	1.89769e+08	1.93423e+08	1.50936e+08	1.58112e+08	1.52577e+08	2.46322e+08	2.53593e+08	2.55925e+08	2.61142e+08	2.61929e+08	2.30848e+08	1.86779e+08	2.0509e+08	2.1217e+08	2.15897e+08	2.13998e+08	1.85491e+08	1.79987e+08	1.85578e+08	1.42068e+08	1.67659e+08	1.86728e+08	1.7775e+08	2.24311e+08	2.509e+08	2.37302e+08	2.58668e+08	2.50837e+08	2.11018e+08	1.40621e+08	1.45817e+08	1.42927e+08	1.43156e+08	1.7058e+08	1.93423e+08	1.68554e+08	1.5405e+08	1.93771e+08	1.56222e+08	1.57601e+08	1.81061e+08
ERR636636	1.43535e+08	1.92389e+08	1.93675e+08	2.32112e+08	1.91882e+08	2.14518e+08	2.28969e+08	2.0665e+08	2.17352e+08	2.08412e+08	1.62e+08	2.36295e+08	4.9036e+08	2.70748e+08	3.2675e+08	2.8554e+08	3.30103e+08	3.52912e+08	2.00747e+08	1.89377e+08	1.93548e+08	2.36731e+08	1.95171e+08	2.32653e+08	2.28969e+08	2.0665e+08	2.17352e+08	2.08412e+08	1.62e+08	2.36295e+08	3.25907e+08	2.97582e+08	2.66034e+08	3.00811e+08	2.44001e+08	3.16662e+08	2.2136e+08	2.44125e+08	2.43593e+08	2.25539e+08	2.69317e+08	2.43528e+08	1.65111e+08	2.25967e+08	1.83277e+08	2.45539e+08	1.79554e+08	1.86359e+08	1.59983e+08	1.68139e+08	2.29908e+08	1.70879e+08	2.34049e+08	1.75973e+08	2.47326e+08	2.49538e+08	2.53776e+08	1.98715e+08	2.08031e+08	2.00868e+08	2.72375e+08	2.80606e+08	2.83858e+08	2.90072e+08	2.90429e+08	2.55422e+08	2.01837e+08	2.24829e+08	2.33378e+08	2.37928e+08	2.35833e+08	2.00383e+08	2.13322e+08	2.20178e+08	1.69145e+08	1.97905e+08	2.21045e+08	2.10994e+08	2.15425e+08	2.41879e+08	2.28072e+08	2.49795e+08	2.41559e+08	2.02651e+08	1.62486e+08	1.6877e+08	1.65093e+08	1.64318e+08	1.96781e+08	2.23113e+08	2.25445e+08	2.06237e+08	2.587e+08	2.09139e+08	2.10825e+08	2.42042e+08
ERR636632	1.13148e+08	1.51118e+08	1.51982e+08	1.81992e+08	1.50862e+08	1.68322e+08	1.79971e+08	1.62436e+08	1.70891e+08	1.63821e+08	1.27786e+08	1.8541e+08	2.70748e+08	3.29602e+08	2.59159e+08	2.25802e+08	2.61597e+08	2.77888e+08	1.57159e+08	1.48514e+08	1.51768e+08	1.85146e+08	1.52981e+08	1.81995e+08	1.79971e+08	1.62436e+08	1.70891e+08	1.63821e+08	1.27786e+08	1.8541e+08	2.55814e+08	2.33811e+08	2.09297e+08	2.36256e+08	1.92516e+08	2.4848e+08	1.74163e+08	1.91692e+08	1.91328e+08	1.77231e+08	2.11144e+08	1.91254e+08	1.29513e+08	1.76422e+08	1.43305e+08	1.91452e+08	1.40246e+08	1.45663e+08	1.26052e+08	1.32195e+08	1.80066e+08	1.3421e+08	1.83127e+08	1.38227e+08	1.93698e+08	1.95484e+08	1.98829e+08	1.55762e+08	1.63251e+08	1.57597e+08	2.14813e+08	2.21136e+08	2.23479e+08	2.28245e+08	2.28685e+08	2.01751e+08	1.58158e+08	1.75763e+08	1.82582e+08	1.86144e+08	1.845e+08	1.56932e+08	1.66356e+08	1.71804e+08	1.31963e+08	1.54717e+08	1.72529e+08	1.64648e+08	1.68803e+08	1.89259e+08	1.78835e+08	1.95314e+08	1.89051e+08	1.58754e+08	1.2652e+08	1.31334e+08	1.28465e+08	1.28007e+08	1.52991e+08	1.73423e+08	1.75947e+08	1.61386e+08	2.01956e+08	1.63559e+08	1.64802e+08	1.89084e+08
ERR636631	1.36347e+08	1.83302e+08	1.84312e+08	2.20929e+08	1.82583e+08	2.03883e+08	2.1774e+08	1.96764e+08	2.06715e+08	1.98505e+08	1.54174e+08	2.24883e+08	3.2675e+08	2.59159e+08	4.52242e+08	2.71736e+08	3.16076e+08	3.35505e+08	1.91234e+08	1.80023e+08	1.84044e+08	2.2561e+08	1.85493e+08	2.21677e+08	2.1774e+08	1.96764e+08	2.06715e+08	1.98505e+08	1.54174e+08	2.24883e+08	3.09882e+08	2.83519e+08	2.53065e+08	2.86552e+08	2.32114e+08	3.0121e+08	2.10818e+08	2.32275e+08	2.32117e+08	2.14724e+08	2.56477e+08	2.31878e+08	1.56366e+08	2.14511e+08	1.74013e+08	2.33239e+08	1.70371e+08	1.77053e+08	1.5216e+08	1.6032e+08	2.19076e+08	1.62772e+08	2.23054e+08	1.67824e+08	2.35216e+08	2.37397e+08	2.41435e+08	1.89042e+08	1.97813e+08	1.91001e+08	2.59259e+08	2.67046e+08	2.70083e+08	2.7581e+08	2.76327e+08	2.42974e+08	1.92364e+08	2.14122e+08	2.223e+08	2.26555e+08	2.24765e+08	1.90853e+08	2.02696e+08	2.08975e+08	1.60721e+08	1.87787e+08	2.09859e+08	2.00349e+08	2.04241e+08	2.29401e+08	2.16119e+08	2.3694e+08	2.29021e+08	1.92269e+08	1.54658e+08	1.60617e+08	1.57101e+08	1.56001e+08	1.87042e+08	2.12256e+08	2.1468e+08	1.96178e+08	2.46393e+08	1.9893e+08	2.00432e+08	2.30439e+08
ERR636634	1.18816e+08	1.59046e+08	1.60095e+08	1.9154e+08	1.58659e+08	1.76945e+08	1.89147e+08	1.71027e+08	1.79763e+08	1.72394e+08	1.34346e+08	1.95244e+08	2.8554e+08	2.25802e+08	2.71736e+08	3.57561e+08	2.74337e+08	2.9307e+08	1.65136e+08	1.55707e+08	1.59154e+08	1.94491e+08	1.60471e+08	1.91144e+08	1.89147e+08	1.71027e+08	1.79763e+08	1.72394e+08	1.34346e+08	1.95244e+08	2.68754e+08	2.45572e+08	2.19815e+08	2.48322e+08	2.01878e+08	2.61243e+08	1.83307e+08	2.01668e+08	2.0153e+08	1.86593e+08	2.2251e+08	2.01455e+08	1.36043e+08	1.85803e+08	1.50821e+08	2.01807e+08	1.47642e+08	1.53319e+08	1.32425e+08	1.39101e+08	1.89775e+08	1.41369e+08	1.92934e+08	1.45463e+08	2.03292e+08	2.05189e+08	2.08609e+08	1.63438e+08	1.71106e+08	1.65123e+08	2.25964e+08	2.32631e+08	2.35467e+08	2.40552e+08	2.40839e+08	2.12172e+08	1.66055e+08	1.84694e+08	1.91874e+08	1.9556e+08	1.93955e+08	1.64825e+08	1.74632e+08	1.80235e+08	1.3849e+08	1.62071e+08	1.81024e+08	1.72624e+08	1.77352e+08	1.99012e+08	1.87781e+08	2.05376e+08	1.98796e+08	1.66896e+08	1.33171e+08	1.38285e+08	1.35233e+08	1.34611e+08	1.61003e+08	1.82608e+08	1.85268e+08	1.69664e+08	2.12413e+08	1.72025e+08	1.73365e+08	1.98895e+08
ERR636633	1.37683e+08	1.85098e+08	1.86323e+08	2.2305e+08	1.84381e+08	2.06014e+08	2.19914e+08	1.98859e+08	2.08856e+08	2.00583e+08	1.55837e+08	2.27305e+08	3.30103e+08	2.61597e+08	3.16076e+08	2.74337e+08	4.60717e+08	3.38833e+08	1.93363e+08	1.82196e+08	1.86198e+08	2.28214e+08	1.87847e+08	2.24373e+08	2.19914e+08	1.98859e+08	2.08856e+08	2.00583e+08	1.55837e+08	2.27305e+08	3.13495e+08	2.86643e+08	2.55928e+08	2.89856e+08	2.34661e+08	3.04674e+08	2.13272e+08	2.34969e+08	2.34716e+08	2.17324e+08	2.59534e+08	2.34482e+08	1.5824e+08	2.17202e+08	1.76055e+08	2.36058e+08	1.72501e+08	1.79151e+08	1.53645e+08	1.61905e+08	2.21332e+08	1.64389e+08	2.25422e+08	1.69493e+08	2.3829e+08	2.40425e+08	2.44368e+08	1.91452e+08	2.00274e+08	1.93212e+08	2.6209e+08	2.69654e+08	2.72931e+08	2.78803e+08	2.79186e+08	2.4552e+08	1.94494e+08	2.16756e+08	2.24988e+08	2.29229e+08	2.27387e+08	1.9303e+08	2.05137e+08	2.11567e+08	1.6258e+08	1.90167e+08	2.12507e+08	2.02737e+08	2.06684e+08	2.32243e+08	2.1865e+08	2.39772e+08	2.3171e+08	1.94565e+08	1.56646e+08	1.62711e+08	1.59054e+08	1.57929e+08	1.8952e+08	2.14988e+08	2.17513e+08	1.98757e+08	2.49645e+08	2.01608e+08	2.0318e+08	2.33408e+08
ERR636635	1.47332e+08	1.97648e+08	1.98956e+08	2.38539e+08	1.97159e+08	2.20354e+08	2.35397e+08	2.12283e+08	2.23391e+08	2.14131e+08	1.66554e+08	2.42865e+08	3.52912e+08	2.77888e+08	3.35505e+08	2.9307e+08	3.38833e+08	5.12893e+08	2.06412e+08	1.94726e+08	1.99023e+08	2.43363e+08	2.00607e+08	2.39184e+08	2.35397e+08	2.12283e+08	2.23391e+08	2.14131e+08	1.66554e+08	2.42865e+08	3.34728e+08	3.0549e+08	2.73101e+08	3.09017e+08	2.50437e+08	3.25254e+08	2.27463e+08	2.50674e+08	2.50259e+08	2.31712e+08	2.76717e+08	2.50231e+08	1.69491e+08	2.32078e+08	1.88174e+08	2.52081e+08	1.84176e+08	1.91411e+08	1.64092e+08	1.72697e+08	2.36047e+08	1.75345e+08	2.40169e+08	1.80675e+08	2.54577e+08	2.56701e+08	2.60986e+08	2.04426e+08	2.14031e+08	2.0659e+08	2.79782e+08	2.88357e+08	2.9172e+08	2.98134e+08	2.98484e+08	2.62379e+08	2.07742e+08	2.31198e+08	2.40078e+08	2.44628e+08	2.42672e+08	2.06066e+08	2.19609e+08	2.26664e+08	1.73969e+08	2.03861e+08	2.27661e+08	2.17185e+08	2.21303e+08	2.48468e+08	2.3437e+08	2.56592e+08	2.48066e+08	2.08053e+08	1.67078e+08	1.73522e+08	1.69775e+08	1.6901e+08	2.02294e+08	2.29552e+08	2.31613e+08	2.12055e+08	2.65849e+08	2.15004e+08	2.16791e+08	2.48805e+08
ERR629929	1.02426e+08	1.37458e+08	1.38655e+08	1.66852e+08	1.37748e+08	1.54572e+08	1.4246e+08	1.27727e+08	1.35102e+08	1.286e+08	9.93356e+07	1.4732e+08	2.00747e+08	1.57159e+08	1.91234e+08	1.65136e+08	1.93363e+08	2.06412e+08	3.69779e+08	2.37082e+08	2.41758e+08	2.95145e+08	2.43824e+08	2.8961e+08	1.4246e+08	1.27727e+08	1.35102e+08	1.286e+08	9.93356e+07	1.4732e+08	2.0918e+08	1.90295e+08	1.68772e+08	1.92689e+08	1.54449e+08	2.03112e+08	1.36813e+08	1.51404e+08	1.50917e+08	1.39534e+08	1.68024e+08	1.51078e+08	1.08901e+08	1.50962e+08	1.20774e+08	1.64129e+08	1.1848e+08	1.23044e+08	1.52518e+08	1.60141e+08	2.19264e+08	1.63121e+08	2.23726e+08	1.67623e+08	2.68724e+08	2.71189e+08	2.75862e+08	2.17162e+08	2.27079e+08	2.19484e+08	1.70282e+08	1.75585e+08	1.76698e+08	1.80824e+08	1.81387e+08	1.59099e+08	2.20356e+08	2.45188e+08	2.54352e+08	2.59522e+08	2.57421e+08	2.19092e+08	2.30191e+08	2.37297e+08	1.83685e+08	2.13867e+08	2.3801e+08	2.27659e+08	1.3959e+08	1.56745e+08	1.47696e+08	1.62681e+08	1.56501e+08	1.30718e+08	1.86488e+08	1.93714e+08	1.89466e+08	1.88924e+08	2.24755e+08	2.53266e+08	2.29894e+08	2.11243e+08	2.63503e+08	2.13687e+08	2.15574e+08	2.4688e+08
ERR629932	9.72181e+07	1.29937e+08	1.30998e+08	1.57893e+08	1.30582e+08	1.46447e+08	1.3488e+08	1.20632e+08	1.27841e+08	1.21521e+08	9.40256e+07	1.3926e+08	1.89377e+08	1.48514e+08	1.80023e+08	1.55707e+08	1.82196e+08	1.94726e+08	2.37082e+08	3.37074e+08	2.29652e+08	2.77594e+08	2.31488e+08	2.72742e+08	1.3488e+08	1.20632e+08	1.27841e+08	1.21521e+08	9.40256e+07	1.3926e+08	1.97918e+08	1.79697e+08	1.59674e+08	1.82082e+08	1.46368e+08	1.92223e+08	1.2916e+08	1.42989e+08	1.42454e+08	1.31659e+08	1.58398e+08	1.4259e+08	1.03441e+08	1.429e+08	1.14183e+08	1.55159e+08	1.11973e+08	1.16325e+08	1.44443e+08	1.50976e+08	2.06495e+08	1.53647e+08	2.10602e+08	1.57936e+08	2.54371e+08	2.56581e+08	2.61047e+08	2.05447e+08	2.15229e+08	2.0799e+08	1.60903e+08	1.65839e+08	1.66871e+08	1.70612e+08	1.71216e+08	1.50513e+08	2.08027e+08	2.31167e+08	2.40037e+08	2.45019e+08	2.42869e+08	2.06967e+08	2.1749e+08	2.24363e+08	1.73323e+08	2.02505e+08	2.24985e+08	2.15424e+08	1.324e+08	1.4873e+08	1.4063e+08	1.54477e+08	1.48622e+08	1.24019e+08	1.7601e+08	1.82734e+08	1.78783e+08	1.78877e+08	2.12017e+08	2.38974e+08	2.16113e+08	1.99325e+08	2.47956e+08	2.01449e+08	2.03522e+08	2.32553e+08
ERR629933	9.90752e+07	1.32418e+08	1.33566e+08	1.60889e+08	1.33065e+08	1.49364e+08	1.37542e+08	1.22973e+08	1.30384e+08	1.23772e+08	9.5782e+07	1.41933e+08	1.93548e+08	1.51768e+08	1.84044e+08	1.59154e+08	1.86198e+08	1.99023e+08	2.41758e+08	2.29652e+08	3.48005e+08	2.83205e+08	2.36039e+08	2.78157e+08	1.37542e+08	1.22973e+08	1.30384e+08	1.23772e+08	9.5782e+07	1.41933e+08	2.01783e+08	1.83352e+08	1.62923e+08	1.85728e+08	1.49257e+08	1.96107e+08	1.31641e+08	1.45784e+08	1.45161e+08	1.34312e+08	1.61591e+08	1.455e+08	1.05582e+08	1.45698e+08	1.16439e+08	1.58256e+08	1.1424e+08	1.1861e+08	1.47092e+08	1.53757e+08	2.10319e+08	1.56478e+08	2.14761e+08	1.60815e+08	2.59363e+08	2.61564e+08	2.66052e+08	2.09542e+08	2.19353e+08	2.12041e+08	1.64139e+08	1.69196e+08	1.70375e+08	1.74109e+08	1.74734e+08	1.53541e+08	2.12122e+08	2.35766e+08	2.44893e+08	2.49723e+08	2.47615e+08	2.10806e+08	2.21819e+08	2.28959e+08	1.76938e+08	2.06646e+08	2.29576e+08	2.1959e+08	1.35078e+08	1.51568e+08	1.4324e+08	1.57483e+08	1.51488e+08	1.26407e+08	1.79361e+08	1.8607e+08	1.82132e+08	1.82204e+08	2.16165e+08	2.43478e+08	2.205e+08	2.03335e+08	2.5299e+08	2.05612e+08	2.07512e+08	2.37223e+08
ERR629928	1.20089e+08	1.61853e+08	1.63183e+08	1.96423e+08	1.62022e+08	1.81625e+08	1.67832e+08	1.50725e+08	1.59137e+08	1.51849e+08	1.16992e+08	1.73766e+08	2.36731e+08	1.85146e+08	2.2561e+08	1.94491e+08	2.28214e+08	2.43363e+08	2.95145e+08	2.77594e+08	2.83205e+08	4.87335e+08	2.85626e+08	3.40966e+08	1.67832e+08	1.50725e+08	1.59137e+08	1.51849e+08	1.16992e+08	1.73766e+08	2.4671e+08	2.2457e+08	1.98999e+08	2.27457e+08	1.81973e+08	2.39689e+08	1.61606e+08	1.78792e+08	1.78355e+08	1.64765e+08	1.98502e+08	1.78282e+08	1.27931e+08	1.77988e+08	1.42467e+08	1.93967e+08	1.39757e+08	1.451e+08	1.78868e+08	1.88551e+08	2.58576e+08	1.91722e+08	2.63967e+08	1.97394e+08	3.15684e+08	3.18536e+08	3.24366e+08	2.5488e+08	2.66395e+08	2.57235e+08	2.00947e+08	2.0706e+08	2.08618e+08	2.13429e+08	2.13913e+08	1.8731e+08	2.59064e+08	2.88426e+08	2.99197e+08	3.05547e+08	3.03185e+08	2.57478e+08	2.70819e+08	2.78901e+08	2.15911e+08	2.50888e+08	2.79756e+08	2.67574e+08	1.64257e+08	1.8455e+08	1.73788e+08	1.91772e+08	1.84297e+08	1.5398e+08	2.19002e+08	2.27441e+08	2.22317e+08	2.21219e+08	2.64096e+08	2.97978e+08	2.70686e+08	2.48034e+08	3.10604e+08	2.5113e+08	2.53057e+08	2.90616e+08
ERR629931	1.00007e+08	1.33683e+08	1.34806e+08	1.62391e+08	1.34354e+08	1.50643e+08	1.38827e+08	1.24178e+08	1.31622e+08	1.25061e+08	9.67258e+07	1.43333e+08	1.95171e+08	1.52981e+08	1.85493e+08	1.60471e+08	1.87847e+08	2.00607e+08	2.43824e+08	2.31488e+08	2.36039e+08	2.85626e+08	3.53177e+08	2.80524e+08	1.38827e+08	1.24178e+08	1.31622e+08	1.25061e+08	9.67258e+07	1.43333e+08	2.03809e+08	1.85128e+08	1.64482e+08	1.87525e+08	1.50696e+08	1.97867e+08	1.32949e+08	1.47216e+08	1.4666e+08	1.3566e+08	1.6328e+08	1.46822e+08	1.06454e+08	1.46904e+08	1.1755e+08	1.59666e+08	1.15157e+08	1.1968e+08	1.48429e+08	1.55192e+08	2.12448e+08	1.58075e+08	2.16713e+08	1.62411e+08	2.61477e+08	2.63894e+08	2.68387e+08	2.11258e+08	2.21217e+08	2.13777e+08	1.65663e+08	1.70813e+08	1.71947e+08	1.75725e+08	1.76334e+08	1.54955e+08	2.13886e+08	2.37746e+08	2.46734e+08	2.51742e+08	2.49805e+08	2.12557e+08	2.23744e+08	2.30852e+08	1.78456e+08	2.08357e+08	2.31629e+08	2.21404e+08	1.36337e+08	1.53054e+08	1.44643e+08	1.58885e+08	1.52916e+08	1.27662e+08	1.80902e+08	1.87846e+08	1.83673e+08	1.83782e+08	2.18013e+08	2.4564e+08	2.22093e+08	2.04627e+08	2.54748e+08	2.06971e+08	2.08767e+08	2.3887e+08
ERR629930	1.18083e+08	1.59089e+08	1.60394e+08	1.92977e+08	1.59149e+08	1.78434e+08	1.64929e+08	1.48218e+08	1.56336e+08	1.49182e+08	1.14992e+08	1.70652e+08	2.32653e+08	1.81995e+08	2.21677e+08	1.91144e+08	2.24373e+08	2.39184e+08	2.8961e+08	2.72742e+08	2.78157e+08	3.40966e+08	2.80524e+08	4.72119e+08	1.64929e+08	1.48218e+08	1.56336e+08	1.49182e+08	1.14992e+08	1.70652e+08	2.42233e+08	2.20561e+08	1.95502e+08	2.234e+08	1.78779e+08	2.35226e+08	1.5871e+08	1.75755e+08	1.75193e+08	1.61977e+08	1.95072e+08	1.75243e+08	1.25752e+08	1.74857e+08	1.40029e+08	1.90554e+08	1.37293e+08	1.42522e+08	1.75405e+08	1.84719e+08	2.53595e+08	1.87943e+08	2.58645e+08	1.93567e+08	3.09972e+08	3.12914e+08	3.18511e+08	2.50174e+08	2.61684e+08	2.52687e+08	1.97554e+08	2.03565e+08	2.05004e+08	2.09776e+08	2.10292e+08	1.84056e+08	2.54324e+08	2.83111e+08	2.93836e+08	2.99823e+08	2.97565e+08	2.52788e+08	2.65575e+08	2.73541e+08	2.11652e+08	2.46101e+08	2.74472e+08	2.62348e+08	1.61366e+08	1.81451e+08	1.70777e+08	1.88485e+08	1.81136e+08	1.51183e+08	2.15018e+08	2.23546e+08	2.18444e+08	2.174e+08	2.5931e+08	2.92462e+08	2.65945e+08	2.43714e+08	3.05104e+08	2.46717e+08	2.48558e+08	2.85371e+08
ERR613666	1.35281e+08	1.78331e+08	1.79632e+08	2.16633e+08	1.79368e+08	2.00542e+08	4.26614e+08	2.70972e+08	2.86799e+08	2.73396e+08	2.21085e+08	3.07185e+08	2.28969e+08	1.79971e+08	2.1774e+08	1.89147e+08	2.19914e+08	2.35397e+08	1.4246e+08	1.3488e+08	1.37542e+08	1.67832e+08	1.38827e+08	1.64929e+08	4.26614e+08	2.70972e+08	2.86799e+08	2.73396e+08	2.21085e+08	3.07185e+08	2.94745e+08	2.69505e+08	2.41656e+08	2.72273e+08	2.23225e+08	2.86083e+08	2.45459e+08	2.70695e+08	2.68982e+08	2.48922e+08	2.9671e+08	2.69675e+08	1.66269e+08	2.24253e+08	1.82595e+08	2.42659e+08	1.78573e+08	1.85501e+08	1.85317e+08	1.89058e+08	2.47407e+08	1.91838e+08	2.51048e+08	1.96564e+08	1.82396e+08	1.84032e+08	1.87284e+08	1.46306e+08	1.53312e+08	1.48071e+08	2.39303e+08	2.46379e+08	2.48654e+08	2.53642e+08	2.5461e+08	2.24518e+08	1.81715e+08	1.99046e+08	2.06145e+08	2.09767e+08	2.07746e+08	1.80364e+08	1.74512e+08	1.80102e+08	1.37499e+08	1.62929e+08	1.81129e+08	1.72557e+08	2.19234e+08	2.44943e+08	2.32013e+08	2.5256e+08	2.44937e+08	2.0613e+08	1.35951e+08	1.40986e+08	1.38252e+08	1.38806e+08	1.65145e+08	1.87095e+08	1.62089e+08	1.48537e+08	1.86478e+08	1.50621e+08	1.52022e+08	1.74375e+08
ERR613669	1.21429e+08	1.60759e+08	1.6194e+08	1.94678e+08	1.60995e+08	1.79791e+08	2.70972e+08	3.61166e+08	2.59657e+08	2.5021e+08	2.02307e+08	2.7806e+08	2.0665e+08	1.62436e+08	1.96764e+08	1.71027e+08	1.98859e+08	2.12283e+08	1.27727e+08	1.20632e+08	1.22973e+08	1.50725e+08	1.24178e+08	1.48218e+08	2.70972e+08	3.61166e+08	2.59657e+08	2.5021e+08	2.02307e+08	2.7806e+08	2.64018e+08	2.41846e+08	2.16828e+08	2.44399e+08	1.99885e+08	2.56439e+08	2.23372e+08	2.45807e+08	2.44567e+08	2.26412e+08	2.69545e+08	2.45142e+08	1.48627e+08	2.01066e+08	1.6415e+08	2.17857e+08	1.60581e+08	1.66857e+08	1.69302e+08	1.73305e+08	2.26027e+08	1.75947e+08	2.29213e+08	1.80285e+08	1.63379e+08	1.64977e+08	1.67823e+08	1.31021e+08	1.37199e+08	1.32303e+08	2.15164e+08	2.21301e+08	2.23857e+08	2.28335e+08	2.28937e+08	2.0176e+08	1.65649e+08	1.81415e+08	1.87827e+08	1.91175e+08	1.895e+08	1.64698e+08	1.55836e+08	1.60391e+08	1.23012e+08	1.44975e+08	1.61541e+08	1.53743e+08	1.95546e+08	2.18576e+08	2.0654e+08	2.2535e+08	2.18485e+08	1.841e+08	1.22292e+08	1.26715e+08	1.24352e+08	1.24156e+08	1.48188e+08	1.67999e+08	1.4721e+08	1.34145e+08	1.69088e+08	1.36311e+08	1.37172e+08	1.57983e+08
ERR613667	1.2874e+08	1.69451e+08	1.70767e+08	2.05817e+08	1.70626e+08	1.90453e+08	2.86799e+08	2.59657e+08	3.94317e+08	2.61788e+08	2.12e+08	2.93388e+08	2.17352e+08	1.70891e+08	2.06715e+08	1.79763e+08	2.08856e+08	2.23391e+08	1.35102e+08	1.27841e+08	1.30384e+08	1.59137e+08	1.31622e+08	1.56336e+08	2.86799e+08	2.59657e+08	3.94317e+08	2.61788e+08	2.12e+08	2.93388e+08	2.79442e+08	2.55564e+08	2.29308e+08	2.5808e+08	2.11563e+08	2.71218e+08	2.34093e+08	2.57874e+08	2.56111e+08	2.37316e+08	2.82513e+08	2.57068e+08	1.57799e+08	2.1252e+08	1.7324e+08	2.29982e+08	1.69362e+08	1.75935e+08	1.78733e+08	1.81827e+08	2.37702e+08	1.84698e+08	2.41215e+08	1.89241e+08	1.73077e+08	1.74585e+08	1.77806e+08	1.38716e+08	1.4544e+08	1.40394e+08	2.27302e+08	2.33919e+08	2.36264e+08	2.40927e+08	2.41673e+08	2.13365e+08	1.73945e+08	1.90425e+08	1.97218e+08	2.00608e+08	1.98776e+08	1.72638e+08	1.65495e+08	1.70663e+08	1.30521e+08	1.54476e+08	1.71732e+08	1.6351e+08	2.07797e+08	2.32095e+08	2.1988e+08	2.39336e+08	2.32143e+08	1.95563e+08	1.29119e+08	1.33851e+08	1.3123e+08	1.3156e+08	1.56694e+08	1.77534e+08	1.53914e+08	1.40911e+08	1.7693e+08	1.4298e+08	1.44258e+08	1.65599e+08
ERR613668	1.22586e+08	1.62135e+08	1.63332e+08	1.96337e+08	1.62539e+08	1.81412e+08	2.73396e+08	2.5021e+08	2.61788e+08	3.66082e+08	2.03953e+08	2.80243e+08	2.08412e+08	1.63821e+08	1.98505e+08	1.72394e+08	2.00583e+08	2.14131e+08	1.286e+08	1.21521e+08	1.23772e+08	1.51849e+08	1.25061e+08	1.49182e+08	2.73396e+08	2.5021e+08	2.61788e+08	3.66082e+08	2.03953e+08	2.80243e+08	2.6652e+08	2.44186e+08	2.19013e+08	2.46688e+08	2.01873e+08	2.58945e+08	2.2524e+08	2.47983e+08	2.46754e+08	2.28344e+08	2.71681e+08	2.47275e+08	1.5009e+08	2.03268e+08	1.65852e+08	2.20205e+08	1.6224e+08	1.68593e+08	1.70601e+08	1.74495e+08	2.27521e+08	1.7714e+08	2.30985e+08	1.81567e+08	1.64553e+08	1.66049e+08	1.69033e+08	1.3203e+08	1.38133e+08	1.3332e+08	2.17212e+08	2.23346e+08	2.25862e+08	2.30476e+08	2.31088e+08	2.03544e+08	1.66643e+08	1.82598e+08	1.88964e+08	1.92285e+08	1.90675e+08	1.65546e+08	1.57045e+08	1.61833e+08	1.23962e+08	1.46176e+08	1.62766e+08	1.55004e+08	1.97661e+08	2.2096e+08	2.0874e+08	2.2759e+08	2.20836e+08	1.85986e+08	1.23307e+08	1.27825e+08	1.25287e+08	1.25151e+08	1.49324e+08	1.69439e+08	1.48055e+08	1.34987e+08	1.70098e+08	1.37078e+08	1.38137e+08	1.58877e+08
ERR613670	9.66349e+07	1.26819e+08	1.27716e+08	1.53831e+08	1.27467e+08	1.42267e+08	2.21085e+08	2.02307e+08	2.12e+08	2.03953e+08	2.55399e+08	2.26076e+08	1.62e+08	1.27786e+08	1.54174e+08	1.34346e+08	1.55837e+08	1.66554e+08	9.93356e+07	9.40256e+07	9.5782e+07	1.16992e+08	9.67258e+07	1.14992e+08	2.21085e+08	2.02307e+08	2.12e+08	2.03953e+08	2.55399e+08	2.26076e+08	2.07634e+08	1.90002e+08	1.70751e+08	1.91985e+08	1.5768e+08	2.01738e+08	1.79537e+08	1.97533e+08	1.96264e+08	1.81824e+08	2.15917e+08	1.96892e+08	1.18302e+08	1.58785e+08	1.29917e+08	1.71754e+08	1.26993e+08	1.31939e+08	1.39877e+08	1.42475e+08	1.83441e+08	1.44496e+08	1.86001e+08	1.47818e+08	1.28101e+08	1.29245e+08	1.31584e+08	1.02821e+08	1.07748e+08	1.04028e+08	1.69569e+08	1.74625e+08	1.76364e+08	1.79666e+08	1.80366e+08	1.59338e+08	1.34913e+08	1.47061e+08	1.52026e+08	1.54614e+08	1.53238e+08	1.34055e+08	1.21823e+08	1.25595e+08	9.61654e+07	1.13634e+08	1.26407e+08	1.20416e+08	1.5529e+08	1.73288e+08	1.64169e+08	1.78493e+08	1.73237e+08	1.46272e+08	9.52768e+07	9.87824e+07	9.67375e+07	9.69299e+07	1.15438e+08	1.30706e+08	1.13643e+08	1.03947e+08	1.30563e+08	1.05426e+08	1.06357e+08	1.22071e+08
ERR613665	1.38731e+08	1.83566e+08	1.84885e+08	2.22652e+08	1.84186e+08	2.05872e+08	3.07185e+08	2.7806e+08	2.93388e+08	2.80243e+08	2.26076e+08	4.45005e+08	2.36295e+08	1.8541e+08	2.24883e+08	1.95244e+08	2.27305e+08	2.42865e+08	1.4732e+08	1.3926e+08	1.41933e+08	1.73766e+08	1.43333e+08	1.70652e+08	3.07185e+08	2.7806e+08	2.93388e+08	2.80243e+08	2.26076e+08	4.45005e+08	3.02952e+08	2.77249e+08	2.48357e+08	2.80041e+08	2.29055e+08	2.94079e+08	2.52326e+08	2.78081e+08	2.76493e+08	2.55787e+08	3.05179e+08	2.77135e+08	1.70231e+08	2.30323e+08	1.87727e+08	2.49477e+08	1.83463e+08	1.90718e+08	1.89749e+08	1.94056e+08	2.54563e+08	1.97123e+08	2.58248e+08	2.01964e+08	1.88204e+08	1.89769e+08	1.93423e+08	1.50936e+08	1.58112e+08	1.52577e+08	2.46322e+08	2.53593e+08	2.55925e+08	2.61142e+08	2.61929e+08	2.30848e+08	1.86779e+08	2.0509e+08	2.1217e+08	2.15897e+08	2.13998e+08	1.85491e+08	1.79987e+08	1.85578e+08	1.42068e+08	1.67659e+08	1.86728e+08	1.7775e+08	2.24311e+08	2.509e+08	2.37302e+08	2.58668e+08	2.50837e+08	2.11018e+08	1.40621e+08	1.45817e+08	1.42927e+08	1.43156e+08	1.7058e+08	1.93423e+08	1.68554e+08	1.5405e+08	1.93771e+08	1.56222e+08	1.57601e+08	1.81061e+08
ERR637031	1.79554e+08	2.39203e+08	2.41073e+08	2.89752e+08	2.40045e+08	2.68166e+08	2.94745e+08	2.64018e+08	2.79442e+08	2.6652e+08	2.07634e+08	3.02952e+08	3.25907e+08	2.55814e+08	3.09882e+08	2.68754e+08	3.13495e+08	3.34728e+08	2.0918e+08	1.97918e+08	2.01783e+08	2.4671e+08	2.03809e+08	2.42233e+08	2.94745e+08	2.64018e+08	2.79442e+08	2.6652e+08	2.07634e+08	3.02952e+08	6.27501e+08	4.16152e+08	3.74118e+08	4.2046e+08	3.4342e+08	4.43155e+08	2.81134e+08	3.10877e+08	3.08974e+08	2.86119e+08	3.42382e+08	3.09841e+08	2.12969e+08	2.90774e+08	2.34907e+08	3.15344e+08	2.29627e+08	2.38897e+08	1.85586e+08	1.94003e+08	2.66231e+08	1.97191e+08	2.71382e+08	2.02896e+08	2.60045e+08	2.62013e+08	2.66795e+08	2.08567e+08	2.18323e+08	2.10985e+08	3.26459e+08	3.36226e+08	3.39759e+08	3.46703e+08	3.47806e+08	3.06342e+08	2.10499e+08	2.34733e+08	2.43406e+08	2.48473e+08	2.46201e+08	2.08806e+08	2.53854e+08	2.61858e+08	2.00489e+08	2.36529e+08	2.63038e+08	2.50822e+08	2.85541e+08	3.20046e+08	3.02731e+08	3.30498e+08	3.20123e+08	2.68112e+08	1.95798e+08	2.03078e+08	1.98885e+08	1.99249e+08	2.37734e+08	2.69522e+08	2.37769e+08	2.1731e+08	2.7308e+08	2.20399e+08	2.22419e+08	2.55488e+08
ERR637027	1.64103e+08	2.191e+08	2.20819e+08	2.65043e+08	2.19621e+08	2.4511e+08	2.69505e+08	2.41846e+08	2.55564e+08	2.44186e+08	1.90002e+08	2.77249e+08	2.97582e+08	2.33811e+08	2.83519e+08	2.45572e+08	2.86643e+08	3.0549e+08	1.90295e+08	1.79697e+08	1.83352e+08	2.2457e+08	1.85128e+08	2.20561e+08	2.69505e+08	2.41846e+08	2.55564e+08	2.44186e+08	1.90002e+08	2.77249e+08	4.16152e+08	5.37835e+08	3.41602e+08	3.86094e+08	3.15437e+08	4.04051e+08	2.57676e+08	2.84566e+08	2.83013e+08	2.62193e+08	3.13665e+08	2.83594e+08	1.94284e+08	2.65659e+08	2.14741e+08	2.88236e+08	2.0983e+08	2.18259e+08	1.69822e+08	1.77816e+08	2.44029e+08	1.80594e+08	2.48639e+08	1.86002e+08	2.36325e+08	2.38252e+08	2.4261e+08	1.89674e+08	1.98474e+08	1.91524e+08	2.99447e+08	3.08365e+08	3.11362e+08	3.17836e+08	3.18813e+08	2.80692e+08	1.9146e+08	2.13751e+08	2.21452e+08	2.26087e+08	2.24204e+08	1.90166e+08	2.31752e+08	2.38891e+08	1.83143e+08	2.15674e+08	2.40047e+08	2.29015e+08	2.60906e+08	2.92426e+08	2.76303e+08	3.01909e+08	2.92248e+08	2.45212e+08	1.79235e+08	1.86075e+08	1.82247e+08	1.82203e+08	2.17643e+08	2.46789e+08	2.17145e+08	1.98225e+08	2.49512e+08	2.01058e+08	2.0269e+08	2.33181e+08
ERR637030	1.47246e+08	1.95808e+08	1.97337e+08	2.37006e+08	1.96604e+08	2.19407e+08	2.41656e+08	2.16828e+08	2.29308e+08	2.19013e+08	1.70751e+08	2.48357e+08	2.66034e+08	2.09297e+08	2.53065e+08	2.19815e+08	2.55928e+08	2.73101e+08	1.68772e+08	1.59674e+08	1.62923e+08	1.98999e+08	1.64482e+08	1.95502e+08	2.41656e+08	2.16828e+08	2.29308e+08	2.19013e+08	1.70751e+08	2.48357e+08	3.74118e+08	3.41602e+08	4.45416e+08	3.45006e+08	2.82768e+08	3.63392e+08	2.3115e+08	2.55136e+08	2.53712e+08	2.35184e+08	2.80812e+08	2.54429e+08	1.74567e+08	2.37647e+08	1.92324e+08	2.57488e+08	1.8789e+08	1.95418e+08	1.5192e+08	1.58452e+08	2.17206e+08	1.61034e+08	2.21337e+08	1.65749e+08	2.09636e+08	2.11447e+08	2.15269e+08	1.68333e+08	1.76282e+08	1.70191e+08	2.68715e+08	2.76777e+08	2.79653e+08	2.8536e+08	2.86168e+08	2.52267e+08	1.69919e+08	1.89392e+08	1.9653e+08	2.00373e+08	1.98723e+08	1.68673e+08	2.06241e+08	2.12914e+08	1.63055e+08	1.92357e+08	2.13798e+08	2.03921e+08	2.3448e+08	2.62468e+08	2.48538e+08	2.70885e+08	2.62326e+08	2.2037e+08	1.59697e+08	1.6559e+08	1.62257e+08	1.62532e+08	1.93763e+08	2.19593e+08	1.91932e+08	1.75485e+08	2.20451e+08	1.77919e+08	1.79435e+08	2.0623e+08
