	ERR617222	ERR617226	ERR617224	ERR617225	ERR617221	ERR617223	ERR613986	ERR613985	ERR613989	ERR613984	ERR613987	ERR613988	ERR617222	ERR617226	ERR617224	ERR617225	ERR617221	ERR617223	ERR636720	ERR636718	ERR636716	ERR636719	ERR636717	ERR636715	ERR607764	ERR607768	ERR607763	ERR607766	ERR607765	ERR607767	ERR608582	ERR608584	ERR608580	ERR608583	ERR608579	ERR608581	ERR613633	ERR613630	ERR613634	ERR613629	ERR613631	ERR613632	ERR613505	ERR613504	ERR613503	ERR613507	ERR613506	ERR613508	ERR621967	ERR621969	ERR621968	ERR621972	ERR621970	ERR621971	ERR616484	ERR616483	ERR616482	ERR616485	ERR616480	ERR616481	ERR616633	ERR616629	ERR616631	ERR616628	ERR616630	ERR616632	ERR618293	ERR618292	ERR618295	ERR618296	ERR618291	ERR618294	ERR626708	ERR626706	ERR626707	ERR626709	ERR626704	ERR626705	ERR632057	ERR632055	ERR632060	ERR632059	ERR632058	ERR632056	ERR618308	ERR618307	ERR618305	ERR618306	ERR618303	ERR618304	ERR616222	ERR616226	ERR616223	ERR616225	ERR616227	ERR616224
ERR617222	4.57625e+08	2.86141e+08	3.50031e+08	3.55396e+08	2.93879e+08	3.14695e+08	2.31909e+08	2.90066e+08	2.8694e+08	3.18187e+08	2.84541e+08	2.86453e+08	4.57625e+08	2.86141e+08	3.50031e+08	3.55396e+08	2.93879e+08	3.14695e+08	2.81209e+08	2.80752e+08	2.74634e+08	2.80793e+08	2.75026e+08	2.52151e+08	3.08979e+08	3.06621e+08	2.8453e+08	3.02283e+08	3.10343e+08	3.03219e+08	2.02498e+08	2.03542e+08	1.91853e+08	2.01465e+08	1.30528e+08	2.06485e+08	2.43074e+08	2.73463e+08	1.92818e+08	2.80279e+08	2.58365e+08	2.45507e+08	2.54093e+08	2.5473e+08	2.56176e+08	2.13656e+08	2.17518e+08	2.12827e+08	1.36908e+08	1.32101e+08	1.31907e+08	1.13248e+08	1.10643e+08	1.24979e+08	2.15095e+08	2.1036e+08	1.6296e+08	2.12912e+08	1.6156e+08	9.72374e+07	2.09783e+08	1.74462e+08	2.09946e+08	1.69353e+08	1.58418e+08	2.09514e+08	1.7214e+08	1.6356e+08	1.63286e+08	1.58921e+08	1.66884e+08	1.68287e+08	1.77753e+08	1.55504e+08	1.73764e+08	1.75505e+08	2.15296e+08	1.88144e+08	2.89395e+08	2.60691e+08	2.4832e+08	2.49527e+08	2.50181e+08	2.76186e+08	1.75748e+08	1.79805e+08	1.90264e+08	1.89622e+08	1.81856e+08	1.79934e+08	1.75444e+08	2.16705e+08	1.9331e+08	2.169e+08	2.24045e+08	1.6625e+08
ERR617226	2.86141e+08	3.88493e+08	3.16913e+08	3.21769e+08	2.66833e+08	2.83632e+08	2.13075e+08	2.64074e+08	2.60697e+08	2.89021e+08	2.58575e+08	2.60171e+08	2.86141e+08	3.88493e+08	3.16913e+08	3.21769e+08	2.66833e+08	2.83632e+08	2.56719e+08	2.5658e+08	2.50158e+08	2.56448e+08	2.51939e+08	2.30682e+08	2.80816e+08	2.79207e+08	2.59725e+08	2.75321e+08	2.83447e+08	2.76307e+08	1.83216e+08	1.84345e+08	1.73885e+08	1.82425e+08	1.19835e+08	1.86131e+08	2.20838e+08	2.50341e+08	1.76365e+08	2.55598e+08	2.36504e+08	2.22978e+08	2.31793e+08	2.32244e+08	2.3362e+08	1.93779e+08	1.97414e+08	1.93202e+08	1.197e+08	1.1574e+08	1.1542e+08	9.95194e+07	9.71904e+07	1.09708e+08	1.95327e+08	1.91474e+08	1.47338e+08	1.93757e+08	1.4625e+08	8.76742e+07	1.90492e+08	1.57737e+08	1.90552e+08	1.53226e+08	1.43049e+08	1.90194e+08	1.55744e+08	1.48133e+08	1.47984e+08	1.44288e+08	1.52026e+08	1.52275e+08	1.60055e+08	1.4144e+08	1.56397e+08	1.58077e+08	1.94049e+08	1.69885e+08	2.66049e+08	2.41303e+08	2.30328e+08	2.31538e+08	2.32158e+08	2.54168e+08	1.5923e+08	1.62634e+08	1.71694e+08	1.71056e+08	1.65281e+08	1.62561e+08	1.54874e+08	1.92105e+08	1.7054e+08	1.91967e+08	1.98483e+08	1.45788e+08
ERR617224	3.50031e+08	3.16913e+08	5.42893e+08	3.94693e+08	3.24005e+08	3.47342e+08	2.56651e+08	3.21645e+08	3.18207e+08	3.53129e+08	3.15568e+08	3.17727e+08	3.50031e+08	3.16913e+08	5.42893e+08	3.94693e+08	3.24005e+08	3.47342e+08	3.11276e+08	3.10655e+08	3.03988e+08	3.1061e+08	3.04139e+08	2.78892e+08	3.42539e+08	3.3988e+08	3.15297e+08	3.34936e+08	3.43938e+08	3.36349e+08	2.25036e+08	2.26094e+08	2.13049e+08	2.23817e+08	1.44848e+08	2.29334e+08	2.69638e+08	3.03086e+08	2.13461e+08	3.11113e+08	2.8648e+08	2.72217e+08	2.81829e+08	2.82596e+08	2.84156e+08	2.37106e+08	2.41434e+08	2.35973e+08	1.52817e+08	1.47369e+08	1.47167e+08	1.26238e+08	1.23444e+08	1.39339e+08	2.38867e+08	2.33818e+08	1.81151e+08	2.36518e+08	1.7953e+08	1.08171e+08	2.33106e+08	1.93724e+08	2.33112e+08	1.87963e+08	1.75988e+08	2.32756e+08	1.91265e+08	1.81824e+08	1.81372e+08	1.7656e+08	1.85449e+08	1.87036e+08	1.97668e+08	1.7278e+08	1.93233e+08	1.95239e+08	2.39244e+08	2.09161e+08	3.19668e+08	2.87819e+08	2.74039e+08	2.75184e+08	2.75969e+08	3.05058e+08	1.95428e+08	1.99738e+08	2.11394e+08	2.10832e+08	2.02026e+08	1.99981e+08	1.95338e+08	2.41241e+08	2.1534e+08	2.41561e+08	2.49632e+08	1.8527e+08
ERR617225	3.55396e+08	3.21769e+08	3.94693e+08	5.57356e+08	3.29019e+08	3.52574e+08	2.60864e+08	3.26849e+08	3.23254e+08	3.58769e+08	3.20703e+08	3.22967e+08	3.55396e+08	3.21769e+08	3.94693e+08	5.57356e+08	3.29019e+08	3.52574e+08	3.16462e+08	3.15964e+08	3.08852e+08	3.15886e+08	3.09347e+08	2.83582e+08	3.48203e+08	3.45786e+08	3.20594e+08	3.40327e+08	3.49566e+08	3.41764e+08	2.28979e+08	2.29915e+08	2.16789e+08	2.27643e+08	1.47432e+08	2.33324e+08	2.74089e+08	3.08448e+08	2.17249e+08	3.16387e+08	2.91312e+08	2.76731e+08	2.86889e+08	2.87534e+08	2.89125e+08	2.41083e+08	2.45546e+08	2.40155e+08	1.54976e+08	1.49636e+08	1.49398e+08	1.28205e+08	1.25344e+08	1.41322e+08	2.42896e+08	2.37661e+08	1.84205e+08	2.40473e+08	1.82641e+08	1.0989e+08	2.37097e+08	1.97128e+08	2.37275e+08	1.91169e+08	1.79027e+08	2.36765e+08	1.94624e+08	1.84944e+08	1.8452e+08	1.79557e+08	1.8866e+08	1.90213e+08	2.01081e+08	1.75994e+08	1.96555e+08	1.9855e+08	2.43517e+08	2.12827e+08	3.25022e+08	2.92476e+08	2.78722e+08	2.79967e+08	2.80639e+08	3.10293e+08	1.9872e+08	2.0313e+08	2.14998e+08	2.14316e+08	2.054e+08	2.03284e+08	1.98344e+08	2.4491e+08	2.18622e+08	2.45312e+08	2.53427e+08	1.88087e+08
ERR617221	2.93879e+08	2.66833e+08	3.24005e+08	3.29019e+08	4.02196e+08	2.91521e+08	2.16236e+08	2.69556e+08	2.66299e+08	2.95362e+08	2.64101e+08	2.65938e+08	2.93879e+08	2.66833e+08	3.24005e+08	3.29019e+08	4.02196e+08	2.91521e+08	2.61802e+08	2.61491e+08	2.55497e+08	2.61401e+08	2.56337e+08	2.34965e+08	2.86948e+08	2.85146e+08	2.64761e+08	2.80921e+08	2.88744e+08	2.82061e+08	1.87444e+08	1.8839e+08	1.77532e+08	1.86498e+08	1.21411e+08	1.90618e+08	2.25621e+08	2.54391e+08	1.79379e+08	2.60556e+08	2.40499e+08	2.27899e+08	2.36449e+08	2.36829e+08	2.38198e+08	1.98322e+08	2.02045e+08	1.97548e+08	1.24901e+08	1.20547e+08	1.20378e+08	1.03572e+08	1.01076e+08	1.14209e+08	1.99235e+08	1.951e+08	1.50716e+08	1.97387e+08	1.49462e+08	8.98419e+07	1.94314e+08	1.61284e+08	1.94294e+08	1.56576e+08	1.46445e+08	1.94112e+08	1.59185e+08	1.51284e+08	1.51162e+08	1.47138e+08	1.54865e+08	1.55591e+08	1.64184e+08	1.44229e+08	1.6046e+08	1.6204e+08	1.98959e+08	1.74028e+08	2.70004e+08	2.43845e+08	2.32549e+08	2.33643e+08	2.34266e+08	2.57812e+08	1.62613e+08	1.6613e+08	1.75742e+08	1.75154e+08	1.6844e+08	1.66181e+08	1.60833e+08	1.98873e+08	1.77162e+08	1.98913e+08	2.05562e+08	1.52069e+08
ERR617223	3.14695e+08	2.83632e+08	3.47342e+08	3.52574e+08	2.91521e+08	4.51136e+08	2.29936e+08	2.87781e+08	2.8479e+08	3.15714e+08	2.8241e+08	2.84564e+08	3.14695e+08	2.83632e+08	3.47342e+08	3.52574e+08	2.91521e+08	4.51136e+08	2.79184e+08	2.78751e+08	2.72519e+08	2.78611e+08	2.73047e+08	2.50313e+08	3.06836e+08	3.04341e+08	2.82428e+08	2.99745e+08	3.07866e+08	3.01132e+08	2.00655e+08	2.01643e+08	1.90101e+08	1.99687e+08	1.29247e+08	2.04617e+08	2.41109e+08	2.7095e+08	1.9113e+08	2.78068e+08	2.56182e+08	2.43586e+08	2.52134e+08	2.52791e+08	2.54019e+08	2.11883e+08	2.15962e+08	2.11109e+08	1.3601e+08	1.31199e+08	1.31053e+08	1.12458e+08	1.09982e+08	1.24145e+08	2.12992e+08	2.08379e+08	1.61573e+08	2.10945e+08	1.60078e+08	9.63597e+07	2.0816e+08	1.72961e+08	2.08154e+08	1.67848e+08	1.5717e+08	2.07757e+08	1.70553e+08	1.62037e+08	1.61707e+08	1.57376e+08	1.65194e+08	1.6675e+08	1.7642e+08	1.54248e+08	1.72444e+08	1.74206e+08	2.13581e+08	1.86747e+08	2.86934e+08	2.58158e+08	2.46112e+08	2.47336e+08	2.47915e+08	2.7375e+08	1.74116e+08	1.77974e+08	1.8857e+08	1.87882e+08	1.8005e+08	1.78274e+08	1.74206e+08	2.15134e+08	1.92138e+08	2.15366e+08	2.22442e+08	1.65242e+08
ERR613986	2.31909e+08	2.13075e+08	2.56651e+08	2.60864e+08	2.16236e+08	2.29936e+08	3.63186e+08	3.01768e+08	2.97377e+08	3.28242e+08	2.94995e+08	2.96664e+08	2.31909e+08	2.13075e+08	2.56651e+08	2.60864e+08	2.16236e+08	2.29936e+08	2.56268e+08	2.55829e+08	2.50099e+08	2.55849e+08	2.51891e+08	2.31312e+08	2.82896e+08	2.814e+08	2.62636e+08	2.77502e+08	2.85344e+08	2.78572e+08	1.81689e+08	1.82867e+08	1.72465e+08	1.8079e+08	1.19104e+08	1.84548e+08	2.32584e+08	2.62861e+08	1.86848e+08	2.68094e+08	2.48869e+08	2.34441e+08	2.36334e+08	2.36488e+08	2.37808e+08	1.97318e+08	2.01319e+08	1.96475e+08	1.15841e+08	1.11898e+08	1.1153e+08	9.6253e+07	9.40036e+07	1.06139e+08	1.87017e+08	1.83334e+08	1.41258e+08	1.85464e+08	1.40158e+08	8.41983e+07	1.95478e+08	1.62206e+08	1.95838e+08	1.57636e+08	1.47442e+08	1.95469e+08	1.49841e+08	1.42553e+08	1.42493e+08	1.38816e+08	1.46363e+08	1.46422e+08	1.65201e+08	1.46711e+08	1.61595e+08	1.63232e+08	1.98781e+08	1.74931e+08	2.53078e+08	2.31019e+08	2.20157e+08	2.21563e+08	2.21944e+08	2.42219e+08	1.52545e+08	1.55823e+08	1.64401e+08	1.63865e+08	1.58258e+08	1.55768e+08	1.48761e+08	1.84358e+08	1.63655e+08	1.84248e+08	1.90318e+08	1.40082e+08
ERR613985	2.90066e+08	2.64074e+08	3.21645e+08	3.26849e+08	2.69556e+08	2.87781e+08	3.01768e+08	5.20583e+08	3.67626e+08	4.06905e+08	3.64637e+08	3.6699e+08	2.90066e+08	2.64074e+08	3.21645e+08	3.26849e+08	2.69556e+08	2.87781e+08	3.15643e+08	3.15065e+08	3.08318e+08	3.15107e+08	3.09529e+08	2.84092e+08	3.49619e+08	3.47524e+08	3.23545e+08	3.42421e+08	3.51947e+08	3.43891e+08	2.27797e+08	2.29059e+08	2.15892e+08	2.26691e+08	1.48312e+08	2.31746e+08	2.88155e+08	3.25095e+08	2.30214e+08	3.32448e+08	3.07705e+08	2.90472e+08	2.93344e+08	2.93589e+08	2.95221e+08	2.45461e+08	2.50296e+08	2.44251e+08	1.49111e+08	1.43886e+08	1.43633e+08	1.23595e+08	1.20696e+08	1.36264e+08	2.36391e+08	2.31398e+08	1.78851e+08	2.34154e+08	1.77252e+08	1.06727e+08	2.43029e+08	2.02022e+08	2.43341e+08	1.95937e+08	1.83402e+08	2.42883e+08	1.89639e+08	1.8036e+08	1.80098e+08	1.75306e+08	1.84534e+08	1.85354e+08	2.05867e+08	1.81733e+08	2.01368e+08	2.03502e+08	2.48257e+08	2.1792e+08	3.11551e+08	2.82797e+08	2.69077e+08	2.70901e+08	2.7125e+08	2.97786e+08	1.93031e+08	1.97164e+08	2.08354e+08	2.0765e+08	1.99977e+08	1.97229e+08	1.90705e+08	2.35821e+08	2.09888e+08	2.35625e+08	2.43623e+08	1.80161e+08
ERR613989	2.8694e+08	2.60697e+08	3.18207e+08	3.23254e+08	2.66299e+08	2.8479e+08	2.97377e+08	3.67626e+08	5.10103e+08	4.01209e+08	3.62007e+08	3.63996e+08	2.8694e+08	2.60697e+08	3.18207e+08	3.23254e+08	2.66299e+08	2.8479e+08	3.11842e+08	3.11303e+08	3.04613e+08	3.11154e+08	3.0552e+08	2.8051e+08	3.45402e+08	3.43394e+08	3.19537e+08	3.38218e+08	3.47423e+08	3.39796e+08	2.24642e+08	2.25855e+08	2.12899e+08	2.23648e+08	1.45854e+08	2.28612e+08	2.85139e+08	3.21089e+08	2.27598e+08	3.28408e+08	3.03878e+08	2.87448e+08	2.89587e+08	2.8974e+08	2.91224e+08	2.42491e+08	2.47178e+08	2.41134e+08	1.48331e+08	1.43147e+08	1.42876e+08	1.22771e+08	1.20051e+08	1.35483e+08	2.32722e+08	2.27691e+08	1.76252e+08	2.30537e+08	1.74787e+08	1.05193e+08	2.39972e+08	1.99493e+08	2.40164e+08	1.93567e+08	1.81186e+08	2.39751e+08	1.86976e+08	1.77753e+08	1.77355e+08	1.72834e+08	1.81787e+08	1.82742e+08	2.03401e+08	1.79294e+08	1.99003e+08	2.01e+08	2.45157e+08	2.15248e+08	3.07502e+08	2.78781e+08	2.65312e+08	2.67095e+08	2.67442e+08	2.93944e+08	1.90124e+08	1.94321e+08	2.05452e+08	2.04812e+08	1.96982e+08	1.94476e+08	1.88881e+08	2.33422e+08	2.0804e+08	2.33582e+08	2.41313e+08	1.7885e+08
ERR613984	3.18187e+08	2.89021e+08	3.53129e+08	3.58769e+08	2.95362e+08	3.15714e+08	3.28242e+08	4.06905e+08	4.01209e+08	6.0777e+08	3.97925e+08	4.00369e+08	3.18187e+08	2.89021e+08	3.53129e+08	3.58769e+08	2.95362e+08	3.15714e+08	3.44298e+08	3.43654e+08	3.36245e+08	3.43553e+08	3.37376e+08	3.09257e+08	3.82082e+08	3.79539e+08	3.53047e+08	3.73965e+08	3.84368e+08	3.7554e+08	2.50668e+08	2.51888e+08	2.37532e+08	2.49416e+08	1.62757e+08	2.55134e+08	3.1519e+08	3.55402e+08	2.51374e+08	3.63528e+08	3.36379e+08	3.17925e+08	3.20932e+08	3.21387e+08	3.23096e+08	2.68756e+08	2.73827e+08	2.67205e+08	1.65628e+08	1.5985e+08	1.59591e+08	1.37246e+08	1.34077e+08	1.5139e+08	2.61042e+08	2.55603e+08	1.9771e+08	2.58676e+08	1.96014e+08	1.18002e+08	2.66537e+08	2.21468e+08	2.66889e+08	2.14974e+08	2.01205e+08	2.66321e+08	2.09397e+08	1.99256e+08	1.98992e+08	1.93864e+08	2.03744e+08	2.04811e+08	2.25799e+08	1.99033e+08	2.20847e+08	2.2314e+08	2.72565e+08	2.39066e+08	3.4004e+08	3.08138e+08	2.93159e+08	2.94922e+08	2.95458e+08	3.25037e+08	2.13116e+08	2.17949e+08	2.3025e+08	2.29555e+08	2.20748e+08	2.17938e+08	2.11267e+08	2.61173e+08	2.32784e+08	2.61137e+08	2.69948e+08	2.00029e+08
ERR613987	2.84541e+08	2.58575e+08	3.15568e+08	3.20703e+08	2.64101e+08	2.8241e+08	2.94995e+08	3.64637e+08	3.62007e+08	3.97925e+08	5.0296e+08	3.61154e+08	2.84541e+08	2.58575e+08	3.15568e+08	3.20703e+08	2.64101e+08	2.8241e+08	3.09246e+08	3.08581e+08	3.02032e+08	3.08684e+08	3.02966e+08	2.78147e+08	3.42534e+08	3.40423e+08	3.1675e+08	3.35367e+08	3.44525e+08	3.36865e+08	2.22427e+08	2.23491e+08	2.1074e+08	2.21375e+08	1.4437e+08	2.26297e+08	2.82466e+08	3.18099e+08	2.25464e+08	3.25367e+08	3.01156e+08	2.84865e+08	2.86845e+08	2.87139e+08	2.8877e+08	2.40378e+08	2.44886e+08	2.39083e+08	1.46948e+08	1.41794e+08	1.41521e+08	1.21754e+08	1.18956e+08	1.34166e+08	2.30207e+08	2.25242e+08	1.74338e+08	2.28176e+08	1.72901e+08	1.04118e+08	2.37455e+08	1.9755e+08	2.37797e+08	1.91674e+08	1.79472e+08	2.37387e+08	1.84849e+08	1.75838e+08	1.75492e+08	1.70936e+08	1.79737e+08	1.80697e+08	2.01607e+08	1.77556e+08	1.97033e+08	1.99137e+08	2.42724e+08	2.13201e+08	3.04931e+08	2.76494e+08	2.63004e+08	2.64881e+08	2.65185e+08	2.91372e+08	1.88157e+08	1.92265e+08	2.03392e+08	2.02612e+08	1.94801e+08	1.92351e+08	1.87079e+08	2.31069e+08	2.05977e+08	2.31113e+08	2.38764e+08	1.77069e+08
ERR613988	2.86453e+08	2.60171e+08	3.17727e+08	3.22967e+08	2.65938e+08	2.84564e+08	2.96664e+08	3.6699e+08	3.63996e+08	4.00369e+08	3.61154e+08	5.0862e+08	2.86453e+08	2.60171e+08	3.17727e+08	3.22967e+08	2.65938e+08	2.84564e+08	3.11364e+08	3.1095e+08	3.04149e+08	3.10757e+08	3.05135e+08	2.80048e+08	3.44891e+08	3.42842e+08	3.19098e+08	3.37922e+08	3.4696e+08	3.39333e+08	2.24165e+08	2.25447e+08	2.12475e+08	2.23033e+08	1.45513e+08	2.2813e+08	2.84372e+08	3.20119e+08	2.26976e+08	3.27655e+08	3.03187e+08	2.867e+08	2.88806e+08	2.89008e+08	2.90651e+08	2.41987e+08	2.46633e+08	2.40632e+08	1.47973e+08	1.42871e+08	1.42728e+08	1.22619e+08	1.19803e+08	1.35171e+08	2.32382e+08	2.27351e+08	1.75948e+08	2.30123e+08	1.74498e+08	1.05066e+08	2.39504e+08	1.99106e+08	2.39828e+08	1.9321e+08	1.80818e+08	2.3927e+08	1.86512e+08	1.77383e+08	1.77117e+08	1.72444e+08	1.81286e+08	1.82331e+08	2.03137e+08	1.78858e+08	1.98556e+08	2.00554e+08	2.4455e+08	2.14709e+08	3.06916e+08	2.7814e+08	2.64777e+08	2.66534e+08	2.66816e+08	2.93454e+08	1.89851e+08	1.94035e+08	2.05043e+08	2.04498e+08	1.96604e+08	1.94179e+08	1.88586e+08	2.32987e+08	2.07705e+08	2.3293e+08	2.41052e+08	1.78443e+08
ERR617222	4.57625e+08	2.86141e+08	3.50031e+08	3.55396e+08	2.93879e+08	3.14695e+08	2.31909e+08	2.90066e+08	2.8694e+08	3.18187e+08	2.84541e+08	2.86453e+08	4.57625e+08	2.86141e+08	3.50031e+08	3.55396e+08	2.93879e+08	3.14695e+08	2.81209e+08	2.80752e+08	2.74634e+08	2.80793e+08	2.75026e+08	2.52151e+08	3.08979e+08	3.06621e+08	2.8453e+08	3.02283e+08	3.10343e+08	3.03219e+08	2.02498e+08	2.03542e+08	1.91853e+08	2.01465e+08	1.30528e+08	2.06485e+08	2.43074e+08	2.73463e+08	1.92818e+08	2.80279e+08	2.58365e+08	2.45507e+08	2.54093e+08	2.5473e+08	2.56176e+08	2.13656e+08	2.17518e+08	2.12827e+08	1.36908e+08	1.32101e+08	1.31907e+08	1.13248e+08	1.10643e+08	1.24979e+08	2.15095e+08	2.1036e+08	1.6296e+08	2.12912e+08	1.6156e+08	9.72374e+07	2.09783e+08	1.74462e+08	2.09946e+08	1.69353e+08	1.58418e+08	2.09514e+08	1.7214e+08	1.6356e+08	1.63286e+08	1.58921e+08	1.66884e+08	1.68287e+08	1.77753e+08	1.55504e+08	1.73764e+08	1.75505e+08	2.15296e+08	1.88144e+08	2.89395e+08	2.60691e+08	2.4832e+08	2.49527e+08	2.50181e+08	2.76186e+08	1.75748e+08	1.79805e+08	1.90264e+08	1.89622e+08	1.81856e+08	1.79934e+08	1.75444e+08	2.16705e+08	1.9331e+08	2.169e+08	2.24045e+08	1.6625e+08
ERR617226	2.86141e+08	3.88493e+08	3.16913e+08	3.21769e+08	2.66833e+08	2.83632e+08	2.13075e+08	2.64074e+08	2.60697e+08	2.89021e+08	2.58575e+08	2.60171e+08	2.86141e+08	3.88493e+08	3.16913e+08	3.21769e+08	2.66833e+08	2.83632e+08	2.56719e+08	2.5658e+08	2.50158e+08	2.56448e+08	2.51939e+08	2.30682e+08	2.80816e+08	2.79207e+08	2.59725e+08	2.75321e+08	2.83447e+08	2.76307e+08	1.83216e+08	1.84345e+08	1.73885e+08	1.82425e+08	1.19835e+08	1.86131e+08	2.20838e+08	2.50341e+08	1.76365e+08	2.55598e+08	2.36504e+08	2.22978e+08	2.31793e+08	2.32244e+08	2.3362e+08	1.93779e+08	1.97414e+08	1.93202e+08	1.197e+08	1.1574e+08	1.1542e+08	9.95194e+07	9.71904e+07	1.09708e+08	1.95327e+08	1.91474e+08	1.47338e+08	1.93757e+08	1.4625e+08	8.76742e+07	1.90492e+08	1.57737e+08	1.90552e+08	1.53226e+08	1.43049e+08	1.90194e+08	1.55744e+08	1.48133e+08	1.47984e+08	1.44288e+08	1.52026e+08	1.52275e+08	1.60055e+08	1.4144e+08	1.56397e+08	1.58077e+08	1.94049e+08	1.69885e+08	2.66049e+08	2.41303e+08	2.30328e+08	2.31538e+08	2.32158e+08	2.54168e+08	1.5923e+08	1.62634e+08	1.71694e+08	1.71056e+08	1.65281e+08	1.62561e+08	1.54874e+08	1.92105e+08	1.7054e+08	1.91967e+08	1.98483e+08	1.45788e+08
ERR617224	3.50031e+08	3.16913e+08	5.42893e+08	3.94693e+08	3.24005e+08	3.47342e+08	2.56651e+08	3.21645e+08	3.18207e+08	3.53129e+08	3.15568e+08	3.17727e+08	3.50031e+08	3.16913e+08	5.42893e+08	3.94693e+08	3.24005e+08	3.47342e+08	3.11276e+08	3.10655e+08	3.03988e+08	3.1061e+08	3.04139e+08	2.78892e+08	3.42539e+08	3.3988e+08	3.15297e+08	3.34936e+08	3.43938e+08	3.36349e+08	2.25036e+08	2.26094e+08	2.13049e+08	2.23817e+08	1.44848e+08	2.29334e+08	2.69638e+08	3.03086e+08	2.13461e+08	3.11113e+08	2.8648e+08	2.72217e+08	2.81829e+08	2.82596e+08	2.84156e+08	2.37106e+08	2.41434e+08	2.35973e+08	1.52817e+08	1.47369e+08	1.47167e+08	1.26238e+08	1.23444e+08	1.39339e+08	2.38867e+08	2.33818e+08	1.81151e+08	2.36518e+08	1.7953e+08	1.08171e+08	2.33106e+08	1.93724e+08	2.33112e+08	1.87963e+08	1.75988e+08	2.32756e+08	1.91265e+08	1.81824e+08	1.81372e+08	1.7656e+08	1.85449e+08	1.87036e+08	1.97668e+08	1.7278e+08	1.93233e+08	1.95239e+08	2.39244e+08	2.09161e+08	3.19668e+08	2.87819e+08	2.74039e+08	2.75184e+08	2.75969e+08	3.05058e+08	1.95428e+08	1.99738e+08	2.11394e+08	2.10832e+08	2.02026e+08	1.99981e+08	1.95338e+08	2.41241e+08	2.1534e+08	2.41561e+08	2.49632e+08	1.8527e+08
ERR617225	3.55396e+08	3.21769e+08	3.94693e+08	5.57356e+08	3.29019e+08	3.52574e+08	2.60864e+08	3.26849e+08	3.23254e+08	3.58769e+08	3.20703e+08	3.22967e+08	3.55396e+08	3.21769e+08	3.94693e+08	5.57356e+08	3.29019e+08	3.52574e+08	3.16462e+08	3.15964e+08	3.08852e+08	3.15886e+08	3.09347e+08	2.83582e+08	3.48203e+08	3.45786e+08	3.20594e+08	3.40327e+08	3.49566e+08	3.41764e+08	2.28979e+08	2.29915e+08	2.16789e+08	2.27643e+08	1.47432e+08	2.33324e+08	2.74089e+08	3.08448e+08	2.17249e+08	3.16387e+08	2.91312e+08	2.76731e+08	2.86889e+08	2.87534e+08	2.89125e+08	2.41083e+08	2.45546e+08	2.40155e+08	1.54976e+08	1.49636e+08	1.49398e+08	1.28205e+08	1.25344e+08	1.41322e+08	2.42896e+08	2.37661e+08	1.84205e+08	2.40473e+08	1.82641e+08	1.0989e+08	2.37097e+08	1.97128e+08	2.37275e+08	1.91169e+08	1.79027e+08	2.36765e+08	1.94624e+08	1.84944e+08	1.8452e+08	1.79557e+08	1.8866e+08	1.90213e+08	2.01081e+08	1.75994e+08	1.96555e+08	1.9855e+08	2.43517e+08	2.12827e+08	3.25022e+08	2.92476e+08	2.78722e+08	2.79967e+08	2.80639e+08	3.10293e+08	1.9872e+08	2.0313e+08	2.14998e+08	2.14316e+08	2.054e+08	2.03284e+08	1.98344e+08	2.4491e+08	2.18622e+08	2.45312e+08	2.53427e+08	1.88087e+08
ERR617221	2.93879e+08	2.66833e+08	3.24005e+08	3.29019e+08	4.02196e+08	2.91521e+08	2.16236e+08	2.69556e+08	2.66299e+08	2.95362e+08	2.64101e+08	2.65938e+08	2.93879e+08	2.66833e+08	3.24005e+08	3.29019e+08	4.02196e+08	2.91521e+08	2.61802e+08	2.61491e+08	2.55497e+08	2.61401e+08	2.56337e+08	2.34965e+08	2.86948e+08	2.85146e+08	2.64761e+08	2.80921e+08	2.88744e+08	2.82061e+08	1.87444e+08	1.8839e+08	1.77532e+08	1.86498e+08	1.21411e+08	1.90618e+08	2.25621e+08	2.54391e+08	1.79379e+08	2.60556e+08	2.40499e+08	2.27899e+08	2.36449e+08	2.36829e+08	2.38198e+08	1.98322e+08	2.02045e+08	1.97548e+08	1.24901e+08	1.20547e+08	1.20378e+08	1.03572e+08	1.01076e+08	1.14209e+08	1.99235e+08	1.951e+08	1.50716e+08	1.97387e+08	1.49462e+08	8.98419e+07	1.94314e+08	1.61284e+08	1.94294e+08	1.56576e+08	1.46445e+08	1.94112e+08	1.59185e+08	1.51284e+08	1.51162e+08	1.47138e+08	1.54865e+08	1.55591e+08	1.64184e+08	1.44229e+08	1.6046e+08	1.6204e+08	1.98959e+08	1.74028e+08	2.70004e+08	2.43845e+08	2.32549e+08	2.33643e+08	2.34266e+08	2.57812e+08	1.62613e+08	1.6613e+08	1.75742e+08	1.75154e+08	1.6844e+08	1.66181e+08	1.60833e+08	1.98873e+08	1.77162e+08	1.98913e+08	2.05562e+08	1.52069e+08
ERR617223	3.14695e+08	2.83632e+08	3.47342e+08	3.52574e+08	2.91521e+08	4.51136e+08	2.29936e+08	2.87781e+08	2.8479e+08	3.15714e+08	2.8241e+08	2.84564e+08	3.14695e+08	2.83632e+08	3.47342e+08	3.52574e+08	2.91521e+08	4.51136e+08	2.79184e+08	2.78751e+08	2.72519e+08	2.78611e+08	2.73047e+08	2.50313e+08	3.06836e+08	3.04341e+08	2.82428e+08	2.99745e+08	3.07866e+08	3.01132e+08	2.00655e+08	2.01643e+08	1.90101e+08	1.99687e+08	1.29247e+08	2.04617e+08	2.41109e+08	2.7095e+08	1.9113e+08	2.78068e+08	2.56182e+08	2.43586e+08	2.52134e+08	2.52791e+08	2.54019e+08	2.11883e+08	2.15962e+08	2.11109e+08	1.3601e+08	1.31199e+08	1.31053e+08	1.12458e+08	1.09982e+08	1.24145e+08	2.12992e+08	2.08379e+08	1.61573e+08	2.10945e+08	1.60078e+08	9.63597e+07	2.0816e+08	1.72961e+08	2.08154e+08	1.67848e+08	1.5717e+08	2.07757e+08	1.70553e+08	1.62037e+08	1.61707e+08	1.57376e+08	1.65194e+08	1.6675e+08	1.7642e+08	1.54248e+08	1.72444e+08	1.74206e+08	2.13581e+08	1.86747e+08	2.86934e+08	2.58158e+08	2.46112e+08	2.47336e+08	2.47915e+08	2.7375e+08	1.74116e+08	1.77974e+08	1.8857e+08	1.87882e+08	1.8005e+08	1.78274e+08	1.74206e+08	2.15134e+08	1.92138e+08	2.15366e+08	2.22442e+08	1.65242e+08
ERR636720	2.81209e+08	2.56719e+08	3.11276e+08	3.16462e+08	2.61802e+08	2.79184e+08	2.56268e+08	3.15643e+08	3.11842e+08	3.44298e+08	3.09246e+08	3.11364e+08	2.81209e+08	2.56719e+08	3.11276e+08	3.16462e+08	2.61802e+08	2.79184e+08	4.84794e+08	3.40702e+08	3.31858e+08	3.40996e+08	3.33332e+08	3.0622e+08	3.53833e+08	3.5186e+08	3.27437e+08	3.46768e+08	3.56525e+08	3.48107e+08	2.15657e+08	2.16912e+08	2.04367e+08	2.14651e+08	1.40482e+08	2.19052e+08	2.5952e+08	2.93128e+08	2.0718e+08	2.99525e+08	2.77477e+08	2.62e+08	2.74917e+08	2.75329e+08	2.76799e+08	2.30028e+08	2.34645e+08	2.2905e+08	1.37892e+08	1.33308e+08	1.32927e+08	1.14514e+08	1.11851e+08	1.26319e+08	2.23248e+08	2.18664e+08	1.6877e+08	2.21332e+08	1.67278e+08	1.0052e+08	2.2766e+08	1.88841e+08	2.27911e+08	1.83296e+08	1.71583e+08	2.2761e+08	1.78648e+08	1.69824e+08	1.69756e+08	1.65272e+08	1.74116e+08	1.74593e+08	1.94795e+08	1.7214e+08	1.9053e+08	1.92501e+08	2.34546e+08	2.06207e+08	2.96018e+08	2.6867e+08	2.56039e+08	2.57384e+08	2.57838e+08	2.83082e+08	1.82438e+08	1.86462e+08	1.96868e+08	1.96362e+08	1.89168e+08	1.86471e+08	1.77373e+08	2.19586e+08	1.95317e+08	2.19376e+08	2.26811e+08	1.67387e+08
ERR636718	2.80752e+08	2.5658e+08	3.10655e+08	3.15964e+08	2.61491e+08	2.78751e+08	2.55829e+08	3.15065e+08	3.11303e+08	3.43654e+08	3.08581e+08	3.1095e+08	2.80752e+08	2.5658e+08	3.10655e+08	3.15964e+08	2.61491e+08	2.78751e+08	3.40702e+08	4.84609e+08	3.31192e+08	3.4038e+08	3.32948e+08	3.05752e+08	3.53311e+08	3.5142e+08	3.27388e+08	3.4635e+08	3.558e+08	3.47695e+08	2.1532e+08	2.1669e+08	2.04271e+08	2.14348e+08	1.40384e+08	2.18679e+08	2.59216e+08	2.92812e+08	2.06997e+08	2.99178e+08	2.77065e+08	2.61615e+08	2.74719e+08	2.74971e+08	2.76408e+08	2.29657e+08	2.34327e+08	2.28832e+08	1.37537e+08	1.32887e+08	1.32469e+08	1.14201e+08	1.11422e+08	1.25804e+08	2.23093e+08	2.18484e+08	1.68617e+08	2.21051e+08	1.67197e+08	1.00419e+08	2.27633e+08	1.88602e+08	2.27735e+08	1.83342e+08	1.71329e+08	2.2731e+08	1.78442e+08	1.69743e+08	1.69545e+08	1.65152e+08	1.73995e+08	1.74454e+08	1.94583e+08	1.71974e+08	1.90247e+08	1.92214e+08	2.34343e+08	2.05974e+08	2.95979e+08	2.6871e+08	2.55886e+08	2.57405e+08	2.57616e+08	2.82892e+08	1.82313e+08	1.86335e+08	1.96687e+08	1.96056e+08	1.89093e+08	1.86334e+08	1.76859e+08	2.19066e+08	1.94892e+08	2.18815e+08	2.26393e+08	1.66882e+08
ERR636716	2.74634e+08	2.50158e+08	3.03988e+08	3.08852e+08	2.55497e+08	2.72519e+08	2.50099e+08	3.08318e+08	3.04613e+08	3.36245e+08	3.02032e+08	3.04149e+08	2.74634e+08	2.50158e+08	3.03988e+08	3.08852e+08	2.55497e+08	2.72519e+08	3.31858e+08	3.31192e+08	4.64652e+08	3.31497e+08	3.26377e+08	2.99871e+08	3.45362e+08	3.43263e+08	3.19794e+08	3.38342e+08	3.47755e+08	3.39655e+08	2.10123e+08	2.11318e+08	1.99183e+08	2.09146e+08	1.36799e+08	2.13568e+08	2.53323e+08	2.85748e+08	2.02253e+08	2.92083e+08	2.70602e+08	2.55836e+08	2.68109e+08	2.68326e+08	2.69782e+08	2.2428e+08	2.28867e+08	2.23351e+08	1.34518e+08	1.30055e+08	1.29733e+08	1.11564e+08	1.0905e+08	1.23051e+08	2.17411e+08	2.12853e+08	1.64372e+08	2.1545e+08	1.63051e+08	9.80021e+07	2.22005e+08	1.84265e+08	2.22344e+08	1.79016e+08	1.67451e+08	2.21885e+08	1.73835e+08	1.65377e+08	1.65167e+08	1.60853e+08	1.69347e+08	1.70067e+08	1.9027e+08	1.68088e+08	1.86131e+08	1.88095e+08	2.2907e+08	2.01402e+08	2.88912e+08	2.62075e+08	2.4961e+08	2.51001e+08	2.51384e+08	2.76174e+08	1.77724e+08	1.81632e+08	1.91726e+08	1.91282e+08	1.84106e+08	1.81548e+08	1.7288e+08	2.13994e+08	1.90411e+08	2.13797e+08	2.21052e+08	1.63275e+08
ERR636719	2.80793e+08	2.56448e+08	3.1061e+08	3.15886e+08	2.61401e+08	2.78611e+08	2.55849e+08	3.15107e+08	3.11154e+08	3.43553e+08	3.08684e+08	3.10757e+08	2.80793e+08	2.56448e+08	3.1061e+08	3.15886e+08	2.61401e+08	2.78611e+08	3.40996e+08	3.4038e+08	3.31497e+08	4.84552e+08	3.33103e+08	3.05994e+08	3.53382e+08	3.51594e+08	3.27563e+08	3.46534e+08	3.55969e+08	3.47915e+08	2.1536e+08	2.16726e+08	2.04155e+08	2.14336e+08	1.40327e+08	2.18765e+08	2.59169e+08	2.92702e+08	2.06924e+08	2.99091e+08	2.77068e+08	2.61521e+08	2.74669e+08	2.74981e+08	2.76325e+08	2.2983e+08	2.3437e+08	2.28715e+08	1.37457e+08	1.32871e+08	1.32437e+08	1.1415e+08	1.115e+08	1.2583e+08	2.22933e+08	2.18419e+08	1.6846e+08	2.21036e+08	1.67033e+08	1.00274e+08	2.27512e+08	1.88669e+08	2.27693e+08	1.83218e+08	1.71375e+08	2.27343e+08	1.78237e+08	1.69546e+08	1.69414e+08	1.64947e+08	1.7377e+08	1.74258e+08	1.94613e+08	1.72e+08	1.90268e+08	1.92252e+08	2.34439e+08	2.05987e+08	2.96005e+08	2.68653e+08	2.5592e+08	2.57401e+08	2.5772e+08	2.82842e+08	1.82101e+08	1.86125e+08	1.96477e+08	1.95888e+08	1.88884e+08	1.8612e+08	1.76882e+08	2.19104e+08	1.9479e+08	2.18898e+08	2.26372e+08	1.67018e+08
ERR636717	2.75026e+08	2.51939e+08	3.04139e+08	3.09347e+08	2.56337e+08	2.73047e+08	2.51891e+08	3.09529e+08	3.0552e+08	3.37376e+08	3.02966e+08	3.05135e+08	2.75026e+08	2.51939e+08	3.04139e+08	3.09347e+08	2.56337e+08	2.73047e+08	3.33332e+08	3.32948e+08	3.26377e+08	3.33103e+08	4.68536e+08	3.01437e+08	3.46677e+08	3.4473e+08	3.2136e+08	3.39976e+08	3.49606e+08	3.41022e+08	2.11237e+08	2.12415e+08	2.00222e+08	2.10156e+08	1.38102e+08	2.14363e+08	2.54222e+08	2.87471e+08	2.03306e+08	2.93612e+08	2.72161e+08	2.56713e+08	2.69831e+08	2.69999e+08	2.71487e+08	2.25369e+08	2.29992e+08	2.24423e+08	1.33498e+08	1.29076e+08	1.28726e+08	1.10987e+08	1.08311e+08	1.22359e+08	2.1874e+08	2.1427e+08	1.65179e+08	2.16761e+08	1.63791e+08	9.83313e+07	2.23228e+08	1.85135e+08	2.23481e+08	1.79871e+08	1.68133e+08	2.23127e+08	1.74785e+08	1.66276e+08	1.6622e+08	1.61813e+08	1.7068e+08	1.70866e+08	1.90746e+08	1.68875e+08	1.86484e+08	1.88503e+08	2.29749e+08	2.02084e+08	2.90976e+08	2.6449e+08	2.52005e+08	2.53567e+08	2.53825e+08	2.78146e+08	1.78542e+08	1.82399e+08	1.92521e+08	1.91822e+08	1.85352e+08	1.82281e+08	1.72419e+08	2.13648e+08	1.89789e+08	2.13439e+08	2.20695e+08	1.62463e+08
ERR636715	2.52151e+08	2.30682e+08	2.78892e+08	2.83582e+08	2.34965e+08	2.50313e+08	2.31312e+08	2.84092e+08	2.8051e+08	3.09257e+08	2.78147e+08	2.80048e+08	2.52151e+08	2.30682e+08	2.78892e+08	2.83582e+08	2.34965e+08	2.50313e+08	3.0622e+08	3.05752e+08	2.99871e+08	3.05994e+08	3.01437e+08	4.03446e+08	3.18109e+08	3.16336e+08	2.95213e+08	3.11932e+08	3.20542e+08	3.13023e+08	1.92052e+08	1.93252e+08	1.82058e+08	1.91146e+08	1.25519e+08	1.94951e+08	2.33005e+08	2.62806e+08	1.86277e+08	2.68537e+08	2.49174e+08	2.35081e+08	2.46708e+08	2.46881e+08	2.48226e+08	2.06364e+08	2.10593e+08	2.05431e+08	1.2143e+08	1.17361e+08	1.17094e+08	1.00884e+08	9.84516e+07	1.11187e+08	1.9785e+08	1.93741e+08	1.49459e+08	1.96097e+08	1.48258e+08	8.90817e+07	2.03784e+08	1.69023e+08	2.04003e+08	1.64283e+08	1.53587e+08	2.03671e+08	1.58134e+08	1.50406e+08	1.50266e+08	1.46347e+08	1.54179e+08	1.54705e+08	1.74447e+08	1.54359e+08	1.70511e+08	1.72316e+08	2.09779e+08	1.84636e+08	2.66931e+08	2.42719e+08	2.31247e+08	2.32564e+08	2.32843e+08	2.55383e+08	1.61568e+08	1.65145e+08	1.74246e+08	1.73768e+08	1.67543e+08	1.65098e+08	1.56469e+08	1.93774e+08	1.72255e+08	1.93612e+08	2.00261e+08	1.47589e+08
ERR607764	3.08979e+08	2.80816e+08	3.42539e+08	3.48203e+08	2.86948e+08	3.06836e+08	2.82896e+08	3.49619e+08	3.45402e+08	3.82082e+08	3.42534e+08	3.44891e+08	3.08979e+08	2.80816e+08	3.42539e+08	3.48203e+08	2.86948e+08	3.06836e+08	3.53833e+08	3.53311e+08	3.45362e+08	3.53382e+08	3.46677e+08	3.18109e+08	5.8197e+08	4.19156e+08	3.90697e+08	4.129e+08	4.25495e+08	4.14468e+08	2.48924e+08	2.50292e+08	2.35832e+08	2.47688e+08	1.61834e+08	2.53175e+08	2.90539e+08	3.28055e+08	2.31426e+08	3.35401e+08	3.10419e+08	2.93174e+08	3.12044e+08	3.12401e+08	3.14055e+08	2.61138e+08	2.66209e+08	2.59891e+08	1.58321e+08	1.53082e+08	1.52551e+08	1.31392e+08	1.28381e+08	1.44814e+08	2.57369e+08	2.5199e+08	1.94444e+08	2.55368e+08	1.92781e+08	1.15934e+08	2.57021e+08	2.1339e+08	2.57411e+08	2.07127e+08	1.93805e+08	2.57016e+08	2.04127e+08	1.94079e+08	1.93679e+08	1.8879e+08	1.98678e+08	1.9932e+08	2.23969e+08	1.97691e+08	2.1905e+08	2.21329e+08	2.70292e+08	2.37125e+08	3.26624e+08	2.95597e+08	2.81513e+08	2.83237e+08	2.8337e+08	3.1192e+08	2.09996e+08	2.1458e+08	2.2678e+08	2.26123e+08	2.17656e+08	2.1464e+08	2.04214e+08	2.52567e+08	2.25037e+08	2.52543e+08	2.61147e+08	1.92679e+08
ERR607768	3.06621e+08	2.79207e+08	3.3988e+08	3.45786e+08	2.85146e+08	3.04341e+08	2.814e+08	3.47524e+08	3.43394e+08	3.79539e+08	3.40423e+08	3.42842e+08	3.06621e+08	2.79207e+08	3.3988e+08	3.45786e+08	2.85146e+08	3.04341e+08	3.5186e+08	3.5142e+08	3.43263e+08	3.51594e+08	3.4473e+08	3.16336e+08	4.19156e+08	5.75374e+08	3.87456e+08	4.11902e+08	4.2207e+08	4.13756e+08	2.47059e+08	2.48414e+08	2.34275e+08	2.46008e+08	1.60798e+08	2.51235e+08	2.88713e+08	3.26273e+08	2.30102e+08	3.33442e+08	3.08505e+08	2.9125e+08	3.09955e+08	3.10323e+08	3.11965e+08	2.59214e+08	2.64323e+08	2.5818e+08	1.56759e+08	1.51598e+08	1.51195e+08	1.30167e+08	1.27131e+08	1.4349e+08	2.55406e+08	2.50182e+08	1.92846e+08	2.53493e+08	1.91281e+08	1.14975e+08	2.55382e+08	2.11862e+08	2.5563e+08	2.05685e+08	1.92445e+08	2.55433e+08	2.02495e+08	1.92604e+08	1.92234e+08	1.87411e+08	1.97461e+08	1.97776e+08	2.22244e+08	1.96224e+08	2.17299e+08	2.19587e+08	2.68143e+08	2.35369e+08	3.24762e+08	2.94333e+08	2.80124e+08	2.81822e+08	2.82156e+08	3.10116e+08	2.08302e+08	2.12871e+08	2.24935e+08	2.24248e+08	2.15986e+08	2.12961e+08	2.02121e+08	2.5024e+08	2.22743e+08	2.50228e+08	2.58776e+08	1.90922e+08
ERR607763	2.8453e+08	2.59725e+08	3.15297e+08	3.20594e+08	2.64761e+08	2.82428e+08	2.62636e+08	3.23545e+08	3.19537e+08	3.53047e+08	3.1675e+08	3.19098e+08	2.8453e+08	2.59725e+08	3.15297e+08	3.20594e+08	2.64761e+08	2.82428e+08	3.27437e+08	3.27388e+08	3.19794e+08	3.27563e+08	3.2136e+08	2.95213e+08	3.90697e+08	3.87456e+08	5.07238e+08	3.81832e+08	3.93762e+08	3.8356e+08	2.28927e+08	2.30059e+08	2.16985e+08	2.27792e+08	1.49267e+08	2.32519e+08	2.68414e+08	3.03374e+08	2.14192e+08	3.10114e+08	2.8702e+08	2.70976e+08	2.88302e+08	2.88607e+08	2.90124e+08	2.40955e+08	2.45788e+08	2.39985e+08	1.43901e+08	1.39164e+08	1.38837e+08	1.19647e+08	1.16799e+08	1.31724e+08	2.35817e+08	2.31018e+08	1.78013e+08	2.34129e+08	1.76619e+08	1.06197e+08	2.37233e+08	1.96742e+08	2.37522e+08	1.9109e+08	1.78756e+08	2.37212e+08	1.86944e+08	1.77812e+08	1.77565e+08	1.73076e+08	1.82376e+08	1.82636e+08	2.0632e+08	1.82495e+08	2.01709e+08	2.03968e+08	2.48894e+08	2.18688e+08	3.02545e+08	2.74376e+08	2.61346e+08	2.63067e+08	2.63187e+08	2.89004e+08	1.9248e+08	1.96578e+08	2.0753e+08	2.0696e+08	1.9944e+08	1.9647e+08	1.85934e+08	2.30279e+08	2.04686e+08	2.3003e+08	2.38103e+08	1.75418e+08
ERR607766	3.02283e+08	2.75321e+08	3.34936e+08	3.40327e+08	2.80921e+08	2.99745e+08	2.77502e+08	3.42421e+08	3.38218e+08	3.73965e+08	3.35367e+08	3.37922e+08	3.02283e+08	2.75321e+08	3.34936e+08	3.40327e+08	2.80921e+08	2.99745e+08	3.46768e+08	3.4635e+08	3.38342e+08	3.46534e+08	3.39976e+08	3.11932e+08	4.129e+08	4.11902e+08	3.81832e+08	5.60551e+08	4.15839e+08	4.07437e+08	2.43197e+08	2.44501e+08	2.30502e+08	2.42027e+08	1.58378e+08	2.47189e+08	2.8425e+08	3.21492e+08	2.26589e+08	3.28601e+08	3.0395e+08	2.86884e+08	3.05538e+08	3.05795e+08	3.07526e+08	2.55378e+08	2.60522e+08	2.54239e+08	1.53768e+08	1.48716e+08	1.48297e+08	1.27777e+08	1.24878e+08	1.40856e+08	2.51264e+08	2.46197e+08	1.89884e+08	2.49561e+08	1.88244e+08	1.13134e+08	2.51531e+08	2.08674e+08	2.51833e+08	2.02478e+08	1.8952e+08	2.51425e+08	1.99197e+08	1.89306e+08	1.89104e+08	1.84272e+08	1.94203e+08	1.94527e+08	2.18851e+08	1.93413e+08	2.13837e+08	2.1631e+08	2.64102e+08	2.31742e+08	3.20259e+08	2.90295e+08	2.76351e+08	2.78203e+08	2.78439e+08	3.05819e+08	2.04959e+08	2.09308e+08	2.21189e+08	2.20502e+08	2.12638e+08	2.09407e+08	1.9861e+08	2.45862e+08	2.18779e+08	2.45746e+08	2.54149e+08	1.87313e+08
ERR607765	3.10343e+08	2.83447e+08	3.43938e+08	3.49566e+08	2.88744e+08	3.07866e+08	2.85344e+08	3.51947e+08	3.47423e+08	3.84368e+08	3.44525e+08	3.4696e+08	3.10343e+08	2.83447e+08	3.43938e+08	3.49566e+08	2.88744e+08	3.07866e+08	3.56525e+08	3.558e+08	3.47755e+08	3.55969e+08	3.49606e+08	3.20542e+08	4.25495e+08	4.2207e+08	3.93762e+08	4.15839e+08	5.88895e+08	4.17495e+08	2.50858e+08	2.52484e+08	2.37983e+08	2.49965e+08	1.63808e+08	2.54968e+08	2.9237e+08	3.3116e+08	2.33329e+08	3.38166e+08	3.13102e+08	2.95084e+08	3.14664e+08	3.14954e+08	3.16809e+08	2.62689e+08	2.68075e+08	2.61708e+08	1.57989e+08	1.52797e+08	1.52229e+08	1.31399e+08	1.2831e+08	1.44781e+08	2.59934e+08	2.54806e+08	1.96195e+08	2.58188e+08	1.94643e+08	1.16973e+08	2.59095e+08	2.14888e+08	2.59514e+08	2.08671e+08	1.95103e+08	2.59037e+08	2.05896e+08	1.95801e+08	1.95591e+08	1.90732e+08	2.01056e+08	2.01178e+08	2.25233e+08	1.99296e+08	2.20171e+08	2.22651e+08	2.71971e+08	2.38664e+08	3.29522e+08	2.98934e+08	2.84618e+08	2.86552e+08	2.86604e+08	3.14653e+08	2.11937e+08	2.16507e+08	2.28538e+08	2.2767e+08	2.19831e+08	2.16448e+08	2.04332e+08	2.53139e+08	2.25124e+08	2.52924e+08	2.61797e+08	1.92575e+08
ERR607767	3.03219e+08	2.76307e+08	3.36349e+08	3.41764e+08	2.82061e+08	3.01132e+08	2.78572e+08	3.43891e+08	3.39796e+08	3.7554e+08	3.36865e+08	3.39333e+08	3.03219e+08	2.76307e+08	3.36349e+08	3.41764e+08	2.82061e+08	3.01132e+08	3.48107e+08	3.47695e+08	3.39655e+08	3.47915e+08	3.41022e+08	3.13023e+08	4.14468e+08	4.13756e+08	3.8356e+08	4.07437e+08	4.17495e+08	5.64762e+08	2.44103e+08	2.45414e+08	2.31393e+08	2.43132e+08	1.59054e+08	2.48185e+08	2.85545e+08	3.22744e+08	2.27616e+08	3.30028e+08	3.05193e+08	2.88132e+08	3.06771e+08	3.07074e+08	3.08722e+08	2.56351e+08	2.6158e+08	2.55456e+08	1.54596e+08	1.49638e+08	1.49326e+08	1.2859e+08	1.25522e+08	1.41611e+08	2.52347e+08	2.47306e+08	1.90506e+08	2.50481e+08	1.88914e+08	1.13546e+08	2.52512e+08	2.0937e+08	2.52719e+08	2.03316e+08	1.90215e+08	2.52329e+08	2.0024e+08	1.90283e+08	1.90088e+08	1.85203e+08	1.95174e+08	1.95473e+08	2.19753e+08	1.94134e+08	2.14936e+08	2.17134e+08	2.65158e+08	2.32838e+08	3.21187e+08	2.91129e+08	2.77267e+08	2.78956e+08	2.7913e+08	3.06661e+08	2.05792e+08	2.10345e+08	2.22172e+08	2.21553e+08	2.13556e+08	2.10226e+08	1.99655e+08	2.47181e+08	2.19858e+08	2.47077e+08	2.55549e+08	1.88317e+08
ERR608582	2.02498e+08	1.83216e+08	2.25036e+08	2.28979e+08	1.87444e+08	2.00655e+08	1.81689e+08	2.27797e+08	2.24642e+08	2.50668e+08	2.22427e+08	2.24165e+08	2.02498e+08	1.83216e+08	2.25036e+08	2.28979e+08	1.87444e+08	2.00655e+08	2.15657e+08	2.1532e+08	2.10123e+08	2.1536e+08	2.11237e+08	1.92052e+08	2.48924e+08	2.47059e+08	2.28927e+08	2.43197e+08	2.50858e+08	2.44103e+08	4.74344e+08	3.29931e+08	3.10953e+08	3.2688e+08	2.17704e+08	3.32118e+08	2.03227e+08	2.315e+08	1.6093e+08	2.36518e+08	2.1829e+08	2.04957e+08	2.33429e+08	2.33459e+08	2.35005e+08	1.94281e+08	1.98116e+08	1.93453e+08	2.03004e+08	1.96533e+08	1.96172e+08	1.70646e+08	1.66657e+08	1.86777e+08	3.21297e+08	3.14932e+08	2.4502e+08	3.18863e+08	2.4294e+08	1.48239e+08	2.98314e+08	2.48733e+08	2.98066e+08	2.41794e+08	2.26292e+08	2.97772e+08	2.6015e+08	2.47702e+08	2.47453e+08	2.41267e+08	2.53345e+08	2.5436e+08	2.71266e+08	2.39823e+08	2.65281e+08	2.6797e+08	3.25098e+08	2.86234e+08	2.17371e+08	1.96234e+08	1.8632e+08	1.87527e+08	1.87829e+08	2.06829e+08	2.56394e+08	2.615e+08	2.76345e+08	2.75217e+08	2.65108e+08	2.61553e+08	2.47348e+08	3.03972e+08	2.7159e+08	3.03963e+08	3.14254e+08	2.34101e+08
ERR608584	2.03542e+08	1.84345e+08	2.26094e+08	2.29915e+08	1.8839e+08	2.01643e+08	1.82867e+08	2.29059e+08	2.25855e+08	2.51888e+08	2.23491e+08	2.25447e+08	2.03542e+08	1.84345e+08	2.26094e+08	2.29915e+08	1.8839e+08	2.01643e+08	2.16912e+08	2.1669e+08	2.11318e+08	2.16726e+08	2.12415e+08	1.93252e+08	2.50292e+08	2.48414e+08	2.30059e+08	2.44501e+08	2.52484e+08	2.45414e+08	3.29931e+08	4.77453e+08	3.11956e+08	3.28084e+08	2.18481e+08	3.33161e+08	2.04398e+08	2.32821e+08	1.61972e+08	2.37933e+08	2.19684e+08	2.06155e+08	2.34712e+08	2.34727e+08	2.36246e+08	1.95286e+08	1.99027e+08	1.94524e+08	2.03425e+08	1.96901e+08	1.96405e+08	1.70759e+08	1.66937e+08	1.87067e+08	3.22385e+08	3.1595e+08	2.45789e+08	3.2009e+08	2.43707e+08	1.48648e+08	2.99384e+08	2.49722e+08	2.99263e+08	2.42571e+08	2.27173e+08	2.98936e+08	2.61057e+08	2.48563e+08	2.48295e+08	2.42002e+08	2.5438e+08	2.55096e+08	2.72397e+08	2.40751e+08	2.66249e+08	2.69204e+08	3.26407e+08	2.87258e+08	2.18736e+08	1.97671e+08	1.8754e+08	1.88752e+08	1.8913e+08	2.0817e+08	2.57239e+08	2.6245e+08	2.77255e+08	2.76349e+08	2.66081e+08	2.62571e+08	2.48046e+08	3.0491e+08	2.72378e+08	3.04903e+08	3.15009e+08	2.34614e+08
ERR608580	1.91853e+08	1.73885e+08	2.13049e+08	2.16789e+08	1.77532e+08	1.90101e+08	1.72465e+08	2.15892e+08	2.12899e+08	2.37532e+08	2.1074e+08	2.12475e+08	1.91853e+08	1.73885e+08	2.13049e+08	2.16789e+08	1.77532e+08	1.90101e+08	2.04367e+08	2.04271e+08	1.99183e+08	2.04155e+08	2.00222e+08	1.82058e+08	2.35832e+08	2.34275e+08	2.16985e+08	2.30502e+08	2.37983e+08	2.31393e+08	3.10953e+08	3.11956e+08	4.33046e+08	3.09252e+08	2.07806e+08	3.16291e+08	1.9264e+08	2.19553e+08	1.52655e+08	2.24191e+08	2.07048e+08	1.94352e+08	2.2139e+08	2.21508e+08	2.22934e+08	1.84241e+08	1.8788e+08	1.83622e+08	1.921e+08	1.8592e+08	1.85431e+08	1.61457e+08	1.57696e+08	1.7672e+08	3.04411e+08	2.98471e+08	2.32228e+08	3.02217e+08	2.3025e+08	1.40532e+08	2.82595e+08	2.35756e+08	2.82281e+08	2.29221e+08	2.14493e+08	2.82137e+08	2.468e+08	2.35074e+08	2.34866e+08	2.29019e+08	2.40467e+08	2.41259e+08	2.574e+08	2.2767e+08	2.51486e+08	2.54224e+08	3.08282e+08	2.71575e+08	2.06128e+08	1.863e+08	1.76826e+08	1.77904e+08	1.78169e+08	1.96327e+08	2.43033e+08	2.47919e+08	2.6189e+08	2.60931e+08	2.51515e+08	2.48173e+08	2.34189e+08	2.87613e+08	2.57046e+08	2.87701e+08	2.97329e+08	2.21597e+08
