	ERR613340	ERR613338	ERR613339	ERR613335	ERR613336	ERR613337	ERR636787	ERR636789	ERR636788	ERR636790	ERR636792	ERR636791	ERR636821	ERR636819	ERR636818	ERR636817	ERR636820	ERR636822	ERR613108	ERR613109	ERR613111	ERR613112	ERR613110	ERR613107	ERR636787	ERR636789	ERR636788	ERR636790	ERR636792	ERR636791	ERR622160	ERR622155	ERR622159	ERR622158	ERR622157	ERR622156	ERR613997	ERR613999	ERR613998	ERR613996	ERR614001	ERR614000	ERR612225	ERR612224	ERR612221	ERR612223	ERR612226	ERR612222	ERR638244	ERR638245	ERR638246	ERR638247	ERR638248	ERR638243	ERR613788	ERR613791	ERR613790	ERR613793	ERR613792	ERR613789	ERR612190	ERR612185	ERR612187	ERR612186	ERR612188	ERR612189	ERR613773	ERR613774	ERR613775	ERR613771	ERR613770	ERR613772	ERR617457	ERR617460	ERR617459	ERR617462	ERR617458	ERR617461	ERR605559	ERR605557	ERR605562	ERR605561	ERR605558	ERR605560	ERR607780	ERR607779	ERR607776	ERR607775	ERR607778	ERR607777	ERR616267	ERR616266	ERR616270	ERR616269	ERR616268	ERR616265
ERR613340	0	0.879873	0.87925	0.86647	0.881943	0.872292	0.993239	0.98654	0.988365	0.983236	0.982175	0.983587	0.960596	0.951332	0.952477	0.956806	0.958306	0.959825	0.942216	0.942839	0.994783	0.99809	1.00293	0.935765	0.993239	0.98654	0.988365	0.983236	0.982175	0.983587	1.00062	1.00285	0.998187	0.997081	0.978158	0.982118	1.02369	1.02648	1.03957	1.01785	1.02628	1.02617	1.00995	0.992214	0.977561	0.979176	0.994609	0.978461	1.11518	1.11825	1.09857	1.09889	1.10055	1.11672	1.07279	1.0819	1.09182	1.08071	1.08155	1.07822	1.08332	1.0753	1.07769	1.07717	1.07962	1.09746	1.11897	1.11858	1.11858	1.11635	1.11016	1.12968	1.11487	1.10807	1.1153	1.10973	1.11548	1.10762	1.13187	1.12397	1.1288	1.12677	1.12661	1.12774	1.1077	1.10599	1.11964	1.10972	1.11958	1.10911	1.09714	1.08361	1.06917	1.06925	1.07063	1.08756
ERR613338	0.879873	0	0.839285	0.824989	0.846239	0.834717	0.962385	0.955052	0.954963	0.951122	0.949829	0.951602	0.927275	0.914379	0.913258	0.920648	0.924333	0.925851	0.902518	0.903039	0.964747	0.968728	0.973994	0.893051	0.962385	0.955052	0.954963	0.951122	0.949829	0.951602	0.974282	0.982938	0.971025	0.969873	0.946613	0.953615	0.988393	0.990665	1.00873	0.980735	0.990315	0.990071	0.982918	0.962459	0.943483	0.946865	0.964645	0.946697	1.08991	1.0923	1.07059	1.07079	1.07464	1.09175	1.04202	1.05182	1.06589	1.05067	1.05169	1.04865	1.05521	1.04587	1.05002	1.04935	1.05136	1.07142	1.08993	1.08937	1.08967	1.08823	1.08031	1.10546	1.08858	1.07922	1.08709	1.08229	1.08775	1.0784	1.10644	1.09661	1.10175	1.10034	1.09964	1.10095	1.08034	1.07858	1.09457	1.08179	1.09376	1.08102	1.06419	1.04938	1.03427	1.03512	1.03605	1.05473
ERR613339	0.87925	0.839285	0	0.824298	0.845458	0.834092	0.962071	0.954508	0.954903	0.950939	0.949312	0.951375	0.927076	0.914087	0.913345	0.920448	0.924153	0.925446	0.901268	0.90222	0.964269	0.967729	0.97268	0.891881	0.962071	0.954508	0.954903	0.950939	0.949312	0.951375	0.974078	0.98257	0.970995	0.969761	0.946648	0.953101	0.987806	0.990155	1.00841	0.980231	0.989723	0.989886	0.982729	0.961786	0.942488	0.946217	0.964412	0.946173	1.08862	1.09156	1.06978	1.06999	1.07357	1.09061	1.04099	1.05109	1.06479	1.04999	1.05091	1.04766	1.0543	1.04491	1.04867	1.04833	1.05029	1.07034	1.08931	1.08861	1.08875	1.0874	1.07945	1.10439	1.08757	1.07826	1.08643	1.08165	1.08686	1.07773	1.10577	1.09603	1.10139	1.09939	1.09894	1.10013	1.07957	1.07782	1.0938	1.08095	1.09283	1.08024	1.06323	1.04848	1.03356	1.0341	1.0351	1.05404
ERR613335	0.86647	0.824989	0.824298	0	0.82433	0.810949	0.943307	0.935251	0.936169	0.931112	0.929457	0.931082	0.907751	0.893546	0.893306	0.901068	0.90495	0.906792	0.87762	0.878898	0.944514	0.948747	0.954798	0.867811	0.943307	0.935251	0.936169	0.931112	0.929457	0.931082	0.959614	0.967125	0.956689	0.955046	0.929121	0.936457	0.968419	0.971358	0.989527	0.960478	0.971111	0.97101	0.96605	0.943215	0.922176	0.925841	0.945954	0.925187	1.07502	1.07799	1.05453	1.05484	1.05809	1.07683	1.02418	1.03504	1.04891	1.03389	1.03462	1.03106	1.03692	1.02681	1.03058	1.02996	1.03245	1.05372	1.07556	1.07525	1.07528	1.07324	1.06502	1.09072	1.07262	1.0628	1.0713	1.06604	1.07227	1.06202	1.0905	1.08034	1.08654	1.08433	1.08407	1.08536	1.06468	1.06272	1.07959	1.06598	1.07861	1.06539	1.05102	1.03513	1.0186	1.01941	1.02053	1.04104
ERR613336	0.881943	0.846239	0.845458	0.82433	0	0.832711	0.963273	0.955584	0.95677	0.951747	0.950483	0.952032	0.929204	0.916926	0.9173	0.924073	0.926407	0.927659	0.902583	0.903811	0.964953	0.968467	0.974051	0.894506	0.963273	0.955584	0.95677	0.951747	0.950483	0.952032	0.975971	0.980959	0.973091	0.971795	0.948566	0.954567	0.989888	0.993326	1.00886	0.98305	0.992919	0.992846	0.983181	0.962774	0.944501	0.947298	0.965031	0.94672	1.09019	1.09336	1.07138	1.07192	1.07427	1.09201	1.04255	1.0523	1.06424	1.05137	1.0522	1.04865	1.05534	1.04607	1.04915	1.04868	1.05098	1.07148	1.09259	1.09233	1.09239	1.08998	1.0826	1.10558	1.08898	1.0809	1.08887	1.08324	1.08921	1.08005	1.10749	1.09864	1.10404	1.10196	1.10156	1.10276	1.08166	1.07969	1.09525	1.08368	1.09496	1.08261	1.06939	1.0543	1.03842	1.03923	1.04002	1.05934
ERR613337	0.872292	0.834717	0.834092	0.810949	0.832711	0	0.952985	0.945125	0.946422	0.941185	0.939652	0.941036	0.918871	0.905334	0.905983	0.913	0.916261	0.917596	0.889999	0.890857	0.954472	0.958738	0.964252	0.881139	0.952985	0.945125	0.946422	0.941185	0.939652	0.941036	0.967679	0.972979	0.965021	0.963214	0.938754	0.94492	0.979314	0.982854	0.998609	0.971715	0.981923	0.981989	0.973948	0.952422	0.932278	0.935361	0.954662	0.934475	1.08167	1.08438	1.0618	1.06241	1.06449	1.08337	1.03233	1.04302	1.05492	1.04174	1.04261	1.03899	1.0451	1.03591	1.03888	1.03812	1.04074	1.0621	1.08364	1.08295	1.08308	1.08057	1.07317	1.09659	1.07937	1.07099	1.07907	1.07343	1.07976	1.07049	1.09832	1.08871	1.09423	1.09244	1.09188	1.09349	1.07147	1.06952	1.08592	1.07371	1.08536	1.07275	1.06121	1.04529	1.02883	1.0292	1.03053	1.05069
ERR636787	0.993239	0.962385	0.962071	0.943307	0.963273	0.952985	0	0.783516	0.783689	0.779809	0.77753	0.778405	0.857036	0.843384	0.843272	0.850424	0.854548	0.855571	0.956889	0.957772	1.0125	1.01571	1.02014	0.9486	0	0.783516	0.783689	0.779809	0.77753	0.778405	0.927452	0.933973	0.92378	0.92096	0.896357	0.903014	0.879048	0.882435	0.901889	0.872349	0.882078	0.882092	0.944603	0.921919	0.902683	0.905354	0.924231	0.905596	1.12421	1.12705	1.10432	1.10446	1.10795	1.12563	1.06063	1.07121	1.08415	1.07012	1.07069	1.06699	1.08837	1.07973	1.08303	1.08261	1.08462	1.10402	1.11709	1.11645	1.11698	1.11472	1.10733	1.13134	1.11197	1.10298	1.11096	1.10618	1.11113	1.10208	1.14216	1.13324	1.13796	1.136	1.13612	1.13713	1.10016	1.09814	1.11453	1.10172	1.11385	1.10066	1.09362	1.07888	1.06286	1.06363	1.06444	1.08453
ERR636789	0.98654	0.955052	0.954508	0.935251	0.955584	0.945125	0.783516	0	0.774577	0.769008	0.767219	0.768457	0.849272	0.833653	0.833672	0.841777	0.846622	0.847608	0.94915	0.950199	1.00689	1.01027	1.01544	0.940912	0.783516	0	0.774577	0.769008	0.767219	0.768457	0.92253	0.929386	0.918878	0.916146	0.890009	0.897322	0.872224	0.875515	0.895683	0.864234	0.875046	0.87429	0.938487	0.914809	0.893209	0.896435	0.916974	0.896846	1.11625	1.1192	1.09596	1.09592	1.09924	1.11785	1.05339	1.06422	1.07736	1.06299	1.06396	1.06003	1.08202	1.07308	1.07648	1.07631	1.07846	1.09817	1.10925	1.10874	1.10883	1.10651	1.09914	1.12348	1.10369	1.0947	1.10301	1.09753	1.10341	1.09368	1.13487	1.12595	1.13068	1.12881	1.12873	1.12989	1.0917	1.08931	1.10652	1.09299	1.10537	1.09192	1.0881	1.07271	1.05637	1.05696	1.05815	1.07881
ERR636788	0.988365	0.954963	0.954903	0.936169	0.95677	0.946422	0.783689	0.774577	0	0.770107	0.767808	0.769464	0.848513	0.833189	0.831925	0.840826	0.845782	0.846873	0.949536	0.950614	1.00759	1.01121	1.01605	0.940844	0.783689	0.774577	0	0.770107	0.767808	0.769464	0.922382	0.931251	0.918734	0.916035	0.889828	0.897404	0.871375	0.874123	0.896094	0.862987	0.873513	0.873447	0.938852	0.915531	0.893389	0.896935	0.917386	0.897733	1.11662	1.11939	1.09624	1.09592	1.10041	1.11832	1.05339	1.06362	1.07835	1.06278	1.06356	1.05986	1.08212	1.07315	1.07667	1.07644	1.07835	1.09808	1.10875	1.10805	1.10848	1.10633	1.09858	1.12426	1.10404	1.09431	1.10251	1.09777	1.10329	1.09327	1.13485	1.12547	1.13027	1.12858	1.12845	1.12948	1.09179	1.08949	1.10684	1.09267	1.10575	1.09169	1.08526	1.07044	1.0544	1.05536	1.05621	1.07642
ERR636790	0.983236	0.951122	0.950939	0.931112	0.951747	0.941185	0.779809	0.769008	0.770107	0	0.756228	0.758344	0.843193	0.827326	0.827406	0.835992	0.84032	0.842034	0.944166	0.945317	1.00327	1.00671	1.01156	0.935925	0.779809	0.769008	0.770107	0	0.756228	0.758344	0.919113	0.926355	0.915553	0.912732	0.885769	0.893347	0.866247	0.869628	0.890449	0.857799	0.868964	0.86927	0.934709	0.910588	0.887457	0.890846	0.91291	0.891439	1.11175	1.11504	1.09097	1.09126	1.0946	1.11357	1.04945	1.06018	1.07394	1.05937	1.06011	1.05633	1.07852	1.06951	1.07255	1.07263	1.07458	1.09443	1.10502	1.10442	1.10501	1.10228	1.09455	1.11949	1.09907	1.08963	1.0985	1.09295	1.09871	1.0889	1.13075	1.12177	1.12657	1.12481	1.12475	1.12594	1.08666	1.08467	1.10214	1.08814	1.10117	1.08734	1.08435	1.06888	1.05226	1.05298	1.05404	1.07488
ERR636792	0.982175	0.949829	0.949312	0.929457	0.950483	0.939652	0.77753	0.767219	0.767808	0.756228	0	0.755315	0.841399	0.824432	0.82498	0.833594	0.83864	0.839908	0.942799	0.94392	1.00215	1.00542	1.01042	0.934206	0.77753	0.767219	0.767808	0.756228	0	0.755315	0.918655	0.925336	0.914617	0.912079	0.884637	0.892272	0.864147	0.867224	0.888962	0.855325	0.866956	0.866525	0.933541	0.90866	0.885449	0.889	0.91123	0.889141	1.10972	1.11317	1.08882	1.08897	1.09247	1.11144	1.04788	1.05874	1.0729	1.05787	1.05861	1.0549	1.07708	1.0682	1.07141	1.07125	1.07342	1.09335	1.10266	1.10209	1.10249	1.10018	1.09227	1.11752	1.09711	1.08745	1.09636	1.09082	1.0965	1.08662	1.12868	1.11953	1.12431	1.12257	1.12264	1.12355	1.08455	1.08224	1.10024	1.08618	1.099	1.08516	1.08275	1.06723	1.05053	1.05099	1.05256	1.07327
ERR636791	0.983587	0.951602	0.951375	0.931082	0.952032	0.941036	0.778405	0.768457	0.769464	0.758344	0.755315	0	0.842922	0.826595	0.827216	0.835581	0.840229	0.841619	0.943398	0.94419	1.00243	1.00565	1.01059	0.934819	0.778405	0.768457	0.769464	0.758344	0.755315	0	0.919245	0.925456	0.91549	0.912709	0.885258	0.89305	0.864999	0.8683	0.889382	0.856832	0.867985	0.867641	0.934823	0.910183	0.887363	0.89058	0.912573	0.890708	1.11098	1.11421	1.09046	1.09022	1.09387	1.11306	1.04925	1.06012	1.07395	1.05892	1.05988	1.05602	1.07777	1.06881	1.07191	1.07166	1.07385	1.09374	1.10438	1.10381	1.10404	1.10165	1.09385	1.1189	1.09824	1.08865	1.09745	1.09203	1.09803	1.08795	1.12967	1.12056	1.1256	1.12379	1.12374	1.12464	1.08604	1.08374	1.10144	1.0875	1.10046	1.08667	1.08413	1.06868	1.05194	1.0527	1.05387	1.07483
ERR636821	0.960596	0.927275	0.927076	0.907751	0.929204	0.918871	0.857036	0.849272	0.848513	0.843193	0.841399	0.842922	0	0.763659	0.763035	0.772456	0.776529	0.778676	0.931955	0.933031	0.992398	0.996893	1.00082	0.923015	0.857036	0.849272	0.848513	0.843193	0.841399	0.842922	0.91316	0.922271	0.909972	0.907577	0.881059	0.888818	0.908799	0.911712	0.932826	0.900728	0.910994	0.910904	0.946441	0.922808	0.902496	0.905995	0.925203	0.906417	1.10371	1.10739	1.0828	1.08284	1.08781	1.10599	1.04657	1.05726	1.07196	1.05621	1.05693	1.05363	1.07491	1.06541	1.0695	1.06927	1.07123	1.09206	1.09651	1.09571	1.09626	1.09431	1.08599	1.11287	1.09396	1.08361	1.0922	1.08766	1.09274	1.08259	1.12984	1.12038	1.12519	1.1231	1.12305	1.12436	1.08513	1.08286	1.1006	1.08604	1.09913	1.08503	1.07556	1.06053	1.04438	1.04556	1.0462	1.06699
ERR636819	0.951332	0.914379	0.914087	0.893546	0.916926	0.905334	0.843384	0.833653	0.833189	0.827326	0.824432	0.826595	0.763659	0	0.736783	0.74933	0.760229	0.761845	0.917348	0.918414	0.982113	0.987039	0.991195	0.90717	0.843384	0.833653	0.833189	0.827326	0.824432	0.826595	0.904879	0.915323	0.901307	0.898821	0.868893	0.878087	0.894031	0.896876	0.920532	0.884377	0.896035	0.895752	0.936435	0.91051	0.885219	0.890136	0.912882	0.890469	1.08734	1.09069	1.06477	1.06506	1.06986	1.08946	1.0313	1.04241	1.05859	1.04138	1.04221	1.03903	1.06204	1.05191	1.05601	1.05598	1.05793	1.07996	1.07914	1.07857	1.07905	1.07687	1.06813	1.09674	1.07679	1.06558	1.07459	1.06997	1.07512	1.06446	1.1146	1.10449	1.10925	1.10743	1.10751	1.10876	1.06691	1.06461	1.08337	1.06802	1.08196	1.06704	1.06086	1.04502	1.02803	1.02932	1.03033	1.05225
ERR636818	0.952477	0.913258	0.913345	0.893306	0.9173	0.905983	0.843272	0.833672	0.831925	0.827406	0.82498	0.827216	0.763035	0.736783	0	0.747746	0.759149	0.761707	0.917238	0.918184	0.982622	0.987404	0.991765	0.905825	0.843272	0.833672	0.831925	0.827406	0.82498	0.827216	0.905329	0.918068	0.90136	0.899117	0.868579	0.878576	0.891964	0.894654	0.920459	0.881728	0.893497	0.8934	0.935748	0.909677	0.883952	0.889079	0.912291	0.890331	1.08603	1.08942	1.06332	1.06305	1.06956	1.08836	1.02992	1.04082	1.0583	1.03957	1.04027	1.03765	1.06069	1.05037	1.05486	1.05506	1.05638	1.07873	1.07656	1.07571	1.07627	1.07462	1.0654	1.0958	1.07535	1.06292	1.07247	1.06827	1.07304	1.06187	1.11284	1.10221	1.10755	1.10559	1.10553	1.10642	1.0651	1.06308	1.08213	1.06567	1.08032	1.06447	1.05601	1.04049	1.02417	1.02557	1.02614	1.04799
ERR636817	0.956806	0.920648	0.920448	0.901068	0.924073	0.913	0.850424	0.841777	0.840826	0.835992	0.833594	0.835581	0.772456	0.74933	0.747746	0	0.769239	0.771286	0.925324	0.926223	0.987787	0.992533	0.996713	0.915029	0.850424	0.841777	0.840826	0.835992	0.833594	0.835581	0.909594	0.92048	0.906107	0.903524	0.875023	0.88381	0.900988	0.903678	0.927011	0.891922	0.902739	0.902446	0.941801	0.916835	0.893888	0.898185	0.919188	0.899378	1.09612	1.09953	1.07444	1.07438	1.07979	1.09844	1.03913	1.04991	1.06616	1.04883	1.04968	1.04676	1.06884	1.05896	1.06319	1.06317	1.06503	1.08613	1.08784	1.08719	1.08756	1.08545	1.07716	1.10568	1.08609	1.07468	1.08349	1.07925	1.08398	1.07369	1.1223	1.11229	1.11726	1.11544	1.11546	1.11643	1.07654	1.07444	1.09263	1.0773	1.09109	1.07622	1.06652	1.05151	1.0353	1.03647	1.03723	1.05844
ERR636820	0.958306	0.924333	0.924153	0.90495	0.926407	0.916261	0.854548	0.846622	0.845782	0.84032	0.83864	0.840229	0.776529	0.760229	0.759149	0.769239	0	0.775407	0.929831	0.930588	0.990712	0.994847	0.99925	0.920473	0.854548	0.846622	0.845782	0.84032	0.83864	0.840229	0.911432	0.920439	0.907845	0.905401	0.878412	0.88591	0.905898	0.908938	0.930217	0.897851	0.908189	0.908053	0.944184	0.920951	0.899041	0.903073	0.923142	0.903689	1.10214	1.10545	1.0806	1.0806	1.08552	1.10382	1.04416	1.05494	1.06998	1.0539	1.05469	1.05134	1.07271	1.0633	1.06677	1.06696	1.06868	1.09	1.09431	1.09369	1.09426	1.09218	1.0839	1.11102	1.09198	1.08156	1.0904	1.0854	1.09064	1.08052	1.12818	1.11838	1.1231	1.12165	1.12125	1.12219	1.08289	1.08073	1.0986	1.08401	1.09733	1.08302	1.07334	1.05838	1.04216	1.04327	1.04408	1.06489
ERR636822	0.959825	0.925851	0.925446	0.906792	0.927659	0.917596	0.855571	0.847608	0.846873	0.842034	0.839908	0.841619	0.778676	0.761845	0.761707	0.771286	0.775407	0	0.930634	0.931546	0.991255	0.99579	1.00002	0.921491	0.855571	0.847608	0.846873	0.842034	0.839908	0.841619	0.912437	0.921167	0.909129	0.906655	0.879699	0.88748	0.907023	0.909862	0.931379	0.898618	0.909053	0.909166	0.945158	0.921385	0.900209	0.904254	0.923846	0.904624	1.10318	1.1066	1.08219	1.08183	1.08679	1.1053	1.04541	1.05589	1.07095	1.05482	1.05557	1.05224	1.07383	1.06444	1.06801	1.06782	1.06995	1.09121	1.09559	1.09522	1.09565	1.09361	1.08538	1.11205	1.0931	1.08254	1.0912	1.08649	1.09169	1.08185	1.12911	1.1195	1.12446	1.12265	1.12223	1.12338	1.08415	1.08201	1.09958	1.08519	1.09837	1.08429	1.07485	1.05968	1.04355	1.04478	1.04547	1.06622
ERR613108	0.942216	0.902518	0.901268	0.87762	0.902583	0.889999	0.956889	0.94915	0.949536	0.944166	0.942799	0.943398	0.931955	0.917348	0.917238	0.925324	0.929831	0.930634	0	0.7565	0.816455	0.820478	0.826074	0.747321	0.956889	0.94915	0.949536	0.944166	0.942799	0.943398	0.981524	0.990871	0.979341	0.976676	0.950777	0.958545	0.959131	0.96189	0.980781	0.95086	0.961416	0.961324	0.977646	0.954158	0.932304	0.936021	0.957059	0.936307	1.07909	1.08183	1.05884	1.05912	1.06332	1.08102	1.03341	1.04354	1.05748	1.04226	1.04307	1.04024	0.994862	0.988648	0.990886	0.989911	0.991648	1.00667	1.08075	1.0799	1.08027	1.0783	1.07054	1.09583	1.07722	1.06734	1.07596	1.07094	1.07672	1.06693	1.04831	1.04126	1.04697	1.04703	1.0463	1.04887	1.0698	1.06776	1.08467	1.07139	1.08354	1.07027	1.05523	1.04059	1.02484	1.0258	1.02677	1.04634
ERR613109	0.942839	0.903039	0.90222	0.878898	0.903811	0.890857	0.957772	0.950199	0.950614	0.945317	0.94392	0.94419	0.933031	0.918414	0.918184	0.926223	0.930588	0.931546	0.7565	0	0.816449	0.821214	0.8261	0.748847	0.957772	0.950199	0.950614	0.945317	0.94392	0.94419	0.982173	0.991634	0.979824	0.977293	0.951847	0.959089	0.96064	0.96325	0.981833	0.952385	0.962482	0.962958	0.978259	0.95477	0.933457	0.936896	0.957996	0.936875	1.07824	1.0812	1.05828	1.05852	1.06256	1.08027	1.0338	1.04416	1.05811	1.04274	1.044	1.04081	0.995106	0.988709	0.990651	0.990174	0.991643	1.00652	1.08022	1.07961	1.08002	1.07798	1.07002	1.09552	1.077	1.06734	1.07567	1.07078	1.07651	1.06661	1.04817	1.04093	1.04651	1.04676	1.0459	1.04842	1.06937	1.0674	1.08389	1.07083	1.08321	1.06983	1.05602	1.04097	1.02503	1.02602	1.02702	1.04687
ERR613111	0.994783	0.964747	0.964269	0.944514	0.964953	0.954472	1.0125	1.00689	1.00759	1.00327	1.00215	1.00243	0.992398	0.982113	0.982622	0.987787	0.990712	0.991255	0.816455	0.816449	0	0.844239	0.846867	0.813521	1.0125	1.00689	1.00759	1.00327	1.00215	1.00243	1.03154	1.03807	1.02941	1.02726	1.00788	1.0136	1.01959	1.02154	1.03564	1.01324	1.02105	1.02148	1.02978	1.01229	0.996654	0.998389	1.01466	0.998532	1.12234	1.12468	1.10619	1.10617	1.10927	1.12419	1.08604	1.09439	1.10535	1.09341	1.09396	1.0915	1.02502	1.02237	1.02303	1.02243	1.02315	1.0316	1.12532	1.12535	1.12517	1.12352	1.11722	1.1375	1.12256	1.11504	1.12183	1.11738	1.12232	1.11451	1.07282	1.06882	1.07343	1.07484	1.07421	1.0768	1.11678	1.11503	1.1285	1.11829	1.12799	1.1174	1.10313	1.09074	1.07781	1.07826	1.07922	1.09523
ERR613112	0.99809	0.968728	0.967729	0.948747	0.968467	0.958738	1.01571	1.01027	1.01121	1.00671	1.00542	1.00565	0.996893	0.987039	0.987404	0.992533	0.994847	0.99579	0.820478	0.821214	0.844239	0	0.84939	0.818696	1.01571	1.01027	1.01121	1.00671	1.00542	1.00565	1.03496	1.04111	1.0328	1.0314	1.01215	1.01728	1.02356	1.0255	1.03934	1.01728	1.02479	1.0252	1.03376	1.01614	1.00089	1.00282	1.01844	1.00295	1.12533	1.12787	1.10967	1.10967	1.11267	1.12702	1.08946	1.09774	1.10828	1.09652	1.09724	1.09467	1.02666	1.02422	1.02435	1.02417	1.02499	1.03268	1.12897	1.12849	1.12871	1.12694	1.12058	1.14078	1.12585	1.11869	1.12525	1.12092	1.12602	1.11809	1.07471	1.07082	1.0754	1.07699	1.07621	1.0786	1.11997	1.11826	1.13172	1.12145	1.13119	1.1209	1.10633	1.09454	1.08131	1.08218	1.08277	1.09866
ERR613110	1.00293	0.973994	0.97268	0.954798	0.974051	0.964252	1.02014	1.01544	1.01605	1.01156	1.01042	1.01059	1.00082	0.991195	0.991765	0.996713	0.99925	1.00002	0.826074	0.8261	0.846867	0.84939	0	0.824177	1.02014	1.01544	1.01605	1.01156	1.01042	1.01059	1.03852	1.04495	1.0368	1.03503	1.01617	1.02133	1.02818	1.03001	1.04405	1.02205	1.02939	1.02978	1.03836	1.02122	1.00601	1.00801	1.02346	1.00855	1.12912	1.1313	1.11333	1.11351	1.11671	1.13067	1.0936	1.10159	1.11268	1.10058	1.10129	1.09879	1.02924	1.02727	1.02739	1.02727	1.02735	1.03469	1.13228	1.13198	1.13223	1.13068	1.12459	1.1445	1.12968	1.12211	1.12871	1.12479	1.12953	1.12165	1.077	1.07338	1.07804	1.07937	1.07885	1.08108	1.12407	1.12247	1.13526	1.12544	1.13483	1.12446	1.10928	1.09739	1.08492	1.08574	1.08641	1.10186
ERR613107	0.935765	0.893051	0.891881	0.867811	0.894506	0.881139	0.9486	0.940912	0.940844	0.935925	0.934206	0.934819	0.923015	0.90717	0.905825	0.915029	0.920473	0.921491	0.747321	0.748847	0.813521	0.818696	0.824177	0	0.9486	0.940912	0.940844	0.935925	0.934206	0.934819	0.974723	0.985474	0.972353	0.969464	0.942376	0.950921	0.949666	0.951959	0.973049	0.940577	0.951284	0.951235	0.970068	0.945642	0.922215	0.926507	0.948524	0.926749	1.07011	1.07307	1.04905	1.04907	1.05456	1.07232	1.02401	1.03437	1.05044	1.03315	1.03404	1.03137	0.989859	0.982885	0.985521	0.985517	0.986576	1.00259	1.07063	1.07003	1.07036	1.06855	1.06006	1.08776	1.06833	1.05714	1.06609	1.06119	1.06684	1.0565	1.04313	1.03551	1.0411	1.0412	1.04072	1.04261	1.06007	1.05814	1.07547	1.06119	1.07409	1.06043	1.04434	1.02963	1.01356	1.01481	1.01542	1.03541
ERR636787	0.993239	0.962385	0.962071	0.943307	0.963273	0.952985	0	0.783516	0.783689	0.779809	0.77753	0.778405	0.857036	0.843384	0.843272	0.850424	0.854548	0.855571	0.956889	0.957772	1.0125	1.01571	1.02014	0.9486	0	0.783516	0.783689	0.779809	0.77753	0.778405	0.927452	0.933973	0.92378	0.92096	0.896357	0.903014	0.879048	0.882435	0.901889	0.872349	0.882078	0.882092	0.944603	0.921919	0.902683	0.905354	0.924231	0.905596	1.12421	1.12705	1.10432	1.10446	1.10795	1.12563	1.06063	1.07121	1.08415	1.07012	1.07069	1.06699	1.08837	1.07973	1.08303	1.08261	1.08462	1.10402	1.11709	1.11645	1.11698	1.11472	1.10733	1.13134	1.11197	1.10298	1.11096	1.10618	1.11113	1.10208	1.14216	1.13324	1.13796	1.136	1.13612	1.13713	1.10016	1.09814	1.11453	1.10172	1.11385	1.10066	1.09362	1.07888	1.06286	1.06363	1.06444	1.08453
ERR636789	0.98654	0.955052	0.954508	0.935251	0.955584	0.945125	0.783516	0	0.774577	0.769008	0.767219	0.768457	0.849272	0.833653	0.833672	0.841777	0.846622	0.847608	0.94915	0.950199	1.00689	1.01027	1.01544	0.940912	0.783516	0	0.774577	0.769008	0.767219	0.768457	0.92253	0.929386	0.918878	0.916146	0.890009	0.897322	0.872224	0.875515	0.895683	0.864234	0.875046	0.87429	0.938487	0.914809	0.893209	0.896435	0.916974	0.896846	1.11625	1.1192	1.09596	1.09592	1.09924	1.11785	1.05339	1.06422	1.07736	1.06299	1.06396	1.06003	1.08202	1.07308	1.07648	1.07631	1.07846	1.09817	1.10925	1.10874	1.10883	1.10651	1.09914	1.12348	1.10369	1.0947	1.10301	1.09753	1.10341	1.09368	1.13487	1.12595	1.13068	1.12881	1.12873	1.12989	1.0917	1.08931	1.10652	1.09299	1.10537	1.09192	1.0881	1.07271	1.05637	1.05696	1.05815	1.07881
ERR636788	0.988365	0.954963	0.954903	0.936169	0.95677	0.946422	0.783689	0.774577	0	0.770107	0.767808	0.769464	0.848513	0.833189	0.831925	0.840826	0.845782	0.846873	0.949536	0.950614	1.00759	1.01121	1.01605	0.940844	0.783689	0.774577	0	0.770107	0.767808	0.769464	0.922382	0.931251	0.918734	0.916035	0.889828	0.897404	0.871375	0.874123	0.896094	0.862987	0.873513	0.873447	0.938852	0.915531	0.893389	0.896935	0.917386	0.897733	1.11662	1.11939	1.09624	1.09592	1.10041	1.11832	1.05339	1.06362	1.07835	1.06278	1.06356	1.05986	1.08212	1.07315	1.07667	1.07644	1.07835	1.09808	1.10875	1.10805	1.10848	1.10633	1.09858	1.12426	1.10404	1.09431	1.10251	1.09777	1.10329	1.09327	1.13485	1.12547	1.13027	1.12858	1.12845	1.12948	1.09179	1.08949	1.10684	1.09267	1.10575	1.09169	1.08526	1.07044	1.0544	1.05536	1.05621	1.07642
ERR636790	0.983236	0.951122	0.950939	0.931112	0.951747	0.941185	0.779809	0.769008	0.770107	0	0.756228	0.758344	0.843193	0.827326	0.827406	0.835992	0.84032	0.842034	0.944166	0.945317	1.00327	1.00671	1.01156	0.935925	0.779809	0.769008	0.770107	0	0.756228	0.758344	0.919113	0.926355	0.915553	0.912732	0.885769	0.893347	0.866247	0.869628	0.890449	0.857799	0.868964	0.86927	0.934709	0.910588	0.887457	0.890846	0.91291	0.891439	1.11175	1.11504	1.09097	1.09126	1.0946	1.11357	1.04945	1.06018	1.07394	1.05937	1.06011	1.05633	1.07852	1.06951	1.07255	1.07263	1.07458	1.09443	1.10502	1.10442	1.10501	1.10228	1.09455	1.11949	1.09907	1.08963	1.0985	1.09295	1.09871	1.0889	1.13075	1.12177	1.12657	1.12481	1.12475	1.12594	1.08666	1.08467	1.10214	1.08814	1.10117	1.08734	1.08435	1.06888	1.05226	1.05298	1.05404	1.07488
ERR636792	0.982175	0.949829	0.949312	0.929457	0.950483	0.939652	0.77753	0.767219	0.767808	0.756228	0	0.755315	0.841399	0.824432	0.82498	0.833594	0.83864	0.839908	0.942799	0.94392	1.00215	1.00542	1.01042	0.934206	0.77753	0.767219	0.767808	0.756228	0	0.755315	0.918655	0.925336	0.914617	0.912079	0.884637	0.892272	0.864147	0.867224	0.888962	0.855325	0.866956	0.866525	0.933541	0.90866	0.885449	0.889	0.91123	0.889141	1.10972	1.11317	1.08882	1.08897	1.09247	1.11144	1.04788	1.05874	1.0729	1.05787	1.05861	1.0549	1.07708	1.0682	1.07141	1.07125	1.07342	1.09335	1.10266	1.10209	1.10249	1.10018	1.09227	1.11752	1.09711	1.08745	1.09636	1.09082	1.0965	1.08662	1.12868	1.11953	1.12431	1.12257	1.12264	1.12355	1.08455	1.08224	1.10024	1.08618	1.099	1.08516	1.08275	1.06723	1.05053	1.05099	1.05256	1.07327
ERR636791	0.983587	0.951602	0.951375	0.931082	0.952032	0.941036	0.778405	0.768457	0.769464	0.758344	0.755315	0	0.842922	0.826595	0.827216	0.835581	0.840229	0.841619	0.943398	0.94419	1.00243	1.00565	1.01059	0.934819	0.778405	0.768457	0.769464	0.758344	0.755315	0	0.919245	0.925456	0.91549	0.912709	0.885258	0.89305	0.864999	0.8683	0.889382	0.856832	0.867985	0.867641	0.934823	0.910183	0.887363	0.89058	0.912573	0.890708	1.11098	1.11421	1.09046	1.09022	1.09387	1.11306	1.04925	1.06012	1.07395	1.05892	1.05988	1.05602	1.07777	1.06881	1.07191	1.07166	1.07385	1.09374	1.10438	1.10381	1.10404	1.10165	1.09385	1.1189	1.09824	1.08865	1.09745	1.09203	1.09803	1.08795	1.12967	1.12056	1.1256	1.12379	1.12374	1.12464	1.08604	1.08374	1.10144	1.0875	1.10046	1.08667	1.08413	1.06868	1.05194	1.0527	1.05387	1.07483
ERR622160	1.00062	0.974282	0.974078	0.959614	0.975971	0.967679	0.927452	0.92253	0.922382	0.919113	0.918655	0.919245	0.91316	0.904879	0.905329	0.909594	0.911432	0.912437	0.981524	0.982173	1.03154	1.03496	1.03852	0.974723	0.927452	0.92253	0.922382	0.919113	0.918655	0.919245	0	0.887166	0.871449	0.86913	0.849091	0.855542	0.9435	0.946413	0.961264	0.937591	0.945563	0.945236	0.992154	0.974054	0.959442	0.961684	0.975646	0.961847	1.13151	1.13396	1.11285	1.11289	1.11654	1.13306	1.07397	1.08306	1.09565	1.0822	1.0831	1.07963	1.10126	1.09287	1.0959	1.09578	1.09802	1.11655	1.1283	1.12784	1.12815	1.12626	1.1193	1.14175	1.12085	1.1122	1.11952	1.11507	1.11982	1.11141	1.15328	1.14474	1.14877	1.14757	1.14702	1.14853	1.11323	1.11124	1.12672	1.11428	1.1259	1.11359	1.10581	1.09263	1.07884	1.07945	1.08004	1.09798
ERR622155	1.00285	0.982938	0.98257	0.967125	0.980959	0.972979	0.933973	0.929386	0.931251	0.926355	0.925336	0.925456	0.922271	0.915323	0.918068	0.92048	0.920439	0.921167	0.990871	0.991634	1.03807	1.04111	1.04495	0.985474	0.933973	0.929386	0.931251	0.926355	0.925336	0.925456	0.887166	0	0.885334	0.882624	0.857739	0.861411	0.954491	0.958295	0.968214	0.949357	0.957823	0.957548	0.997819	0.981147	0.96839	0.969037	0.982598	0.968124	1.1375	1.14069	1.12036	1.12041	1.12164	1.13938	1.08156	1.09111	1.10004	1.09021	1.09092	1.08633	1.10784	1.10024	1.10197	1.10125	1.10416	1.12268	1.13794	1.13765	1.13771	1.13467	1.12903	1.14719	1.12733	1.12105	1.1277	1.1222	1.12807	1.12022	1.16055	1.15321	1.15739	1.15589	1.15491	1.15687	1.12059	1.11854	1.13288	1.12267	1.13264	1.1221	1.12028	1.10656	1.09196	1.09206	1.0932	1.11062
ERR622159	0.998187	0.971025	0.970995	0.956689	0.973091	0.965021	0.92378	0.918878	0.918734	0.915553	0.914617	0.91549	0.909972	0.901307	0.90136	0.906107	0.907845	0.909129	0.979341	0.979824	1.02941	1.0328	1.0368	0.972353	0.92378	0.918878	0.918734	0.915553	0.914617	0.91549	0.871449	0.885334	0	0.866422	0.845651	0.852697	0.940086	0.942745	0.958436	0.933883	0.941892	0.941419	0.989372	0.970931	0.955899	0.958143	0.972197	0.958252	1.12894	1.13162	1.11019	1.1102	1.11395	1.13085	1.07158	1.08111	1.09375	1.07997	1.08083	1.07761	1.09925	1.09094	1.09389	1.0935	1.09563	1.11479	1.12572	1.12536	1.1256	1.12358	1.11654	1.13943	1.11839	1.10971	1.11717	1.11265	1.11726	1.10906	1.15104	1.14266	1.14675	1.14523	1.14495	1.14614	1.11057	1.10841	1.12419	1.11172	1.12312	1.1109	1.10345	1.09021	1.07635	1.07702	1.07763	1.09556
ERR622158	0.997081	0.969873	0.969761	0.955046	0.971795	0.963214	0.92096	0.916146	0.916035	0.912732	0.912079	0.912709	0.907577	0.898821	0.899117	0.903524	0.905401	0.906655	0.976676	0.977293	1.02726	1.0314	1.03503	0.969464	0.92096	0.916146	0.916035	0.912732	0.912079	0.912709	0.86913	0.882624	0.866422	0	0.843061	0.850144	0.9372	0.93992	0.955571	0.930973	0.939211	0.938613	0.987392	0.969143	0.953542	0.956155	0.970331	0.956286	1.12769	1.13041	1.10884	1.10894	1.11266	1.12951	1.06969	1.07916	1.09191	1.07814	1.07916	1.07551	1.0973	1.08899	1.09195	1.09148	1.09381	1.11312	1.12444	1.12424	1.12446	1.12214	1.11543	1.13823	1.1171	1.10825	1.1156	1.11113	1.11615	1.10736	1.14971	1.14098	1.14542	1.14387	1.14366	1.14481	1.10936	1.10716	1.12302	1.11033	1.1219	1.10928	1.10177	1.08865	1.07433	1.07511	1.07557	1.09368
ERR622157	0.978158	0.946613	0.946648	0.929121	0.948566	0.938754	0.896357	0.890009	0.889828	0.885769	0.884637	0.885258	0.881059	0.868893	0.868579	0.875023	0.878412	0.879699	0.950777	0.951847	1.00788	1.01215	1.01617	0.942376	0.896357	0.890009	0.889828	0.885769	0.884637	0.885258	0.849091	0.857739	0.845651	0.843061	0	0.818032	0.908935	0.911991	0.930929	0.900948	0.911426	0.910622	0.965376	0.944145	0.924971	0.928612	0.946197	0.928341	1.1066	1.1096	1.08592	1.08591	1.09014	1.10832	1.04498	1.05573	1.07001	1.05458	1.05542	1.05192	1.0757	1.0664	1.06983	1.06961	1.07188	1.09262	1.10331	1.10285	1.10306	1.10084	1.09297	1.11807	1.09477	1.08513	1.0934	1.08853	1.09347	1.08406	1.13068	1.12118	1.12612	1.12422	1.124	1.12534	1.08639	1.08427	1.10139	1.08756	1.1003	1.08659	1.0802	1.06582	1.05097	1.05172	1.05236	1.0717
ERR622156	0.982118	0.953615	0.953101	0.936457	0.954567	0.94492	0.903014	0.897322	0.897404	0.893347	0.892272	0.89305	0.888818	0.878087	0.878576	0.88381	0.88591	0.88748	0.958545	0.959089	1.0136	1.01728	1.02133	0.950921	0.903014	0.897322	0.897404	0.893347	0.892272	0.89305	0.855542	0.861411	0.852697	0.850144	0.818032	0	0.918071	0.921581	0.937817	0.911655	0.920661	0.92001	0.971626	0.950885	0.933506	0.93641	0.952565	0.936129	1.11382	1.11696	1.09421	1.0945	1.09763	1.11615	1.05303	1.06344	1.0763	1.06247	1.06334	1.05937	1.08255	1.07383	1.07674	1.07647	1.07891	1.09926	1.11155	1.1112	1.11151	1.10903	1.10196	1.12497	1.10272	1.09406	1.1019	1.09653	1.10218	1.09287	1.13804	1.12931	1.13376	1.13224	1.13193	1.13315	1.09479	1.09235	1.10911	1.09616	1.10807	1.09526	1.08944	1.07493	1.05996	1.06042	1.06122	1.08052
ERR613997	1.02369	0.988393	0.987806	0.968419	0.989888	0.979314	0.879048	0.872224	0.871375	0.866247	0.864147	0.864999	0.908799	0.894031	0.891964	0.900988	0.905898	0.907023	0.959131	0.96064	1.01959	1.02356	1.02818	0.949666	0.879048	0.872224	0.871375	0.866247	0.864147	0.864999	0.9435	0.954491	0.940086	0.9372	0.908935	0.918071	0	0.794729	0.818594	0.780678	0.794295	0.794479	0.95304	0.92933	0.90825	0.912638	0.931924	0.913196	1.11342	1.11612	1.09304	1.09298	1.09841	1.11491	1.04718	1.05739	1.07299	1.0566	1.0573	1.0544	1.07694	1.06776	1.07151	1.07132	1.07301	1.09302	1.10526	1.10473	1.10523	1.10335	1.09547	1.12152	1.10318	1.09246	1.10108	1.09659	1.10153	1.09192	1.13549	1.12607	1.13062	1.12903	1.12914	1.12995	1.09129	1.08908	1.10617	1.09208	1.10447	1.09115	1.07862	1.06477	1.04969	1.05032	1.05113	1.07079
ERR613999	1.02648	0.990665	0.990155	0.971358	0.993326	0.982854	0.882435	0.875515	0.874123	0.869628	0.867224	0.8683	0.911712	0.896876	0.894654	0.903678	0.908938	0.909862	0.96189	0.96325	1.02154	1.0255	1.03001	0.951959	0.882435	0.875515	0.874123	0.869628	0.867224	0.8683	0.946413	0.958295	0.942745	0.93992	0.911991	0.921581	0.794729	0	0.823839	0.785566	0.792827	0.79316	0.955026	0.931582	0.910644	0.915123	0.933744	0.916103	1.1154	1.11821	1.0952	1.0952	1.10125	1.11699	1.04945	1.05941	1.07551	1.05852	1.05911	1.05644	1.07877	1.07016	1.07347	1.07348	1.07517	1.09457	1.10661	1.106	1.10662	1.10492	1.09731	1.12388	1.10501	1.09432	1.10253	1.09865	1.10281	1.09361	1.13697	1.12751	1.13208	1.13028	1.13049	1.13117	1.09319	1.09105	1.10802	1.09397	1.10616	1.09289	1.07824	1.06476	1.04971	1.05053	1.05161	1.07101
ERR613998	1.03957	1.00873	1.00841	0.989527	1.00886	0.998609	0.901889	0.895683	0.896094	0.890449	0.888962	0.889382	0.932826	0.920532	0.920459	0.927011	0.930217	0.931379	0.980781	0.981833	1.03564	1.03934	1.04405	0.973049	0.901889	0.895683	0.896094	0.890449	0.888962	0.889382	0.961264	0.968214	0.958436	0.955571	0.930929	0.937817	0.818594	0.823839	0	0.812039	0.823082	0.823429	0.970754	0.950285	0.933212	0.93584	0.952194	0.935713	1.12972	1.13238	1.11155	1.11162	1.11502	1.13117	1.06511	1.0749	1.08709	1.07409	1.07458	1.07127	1.0917	1.08412	1.08649	1.08608	1.08846	1.10735	1.12393	1.12343	1.12375	1.12133	1.11484	1.13677	1.12	1.11182	1.11926	1.11445	1.11949	1.11096	1.15071	1.1426	1.147	1.14523	1.14476	1.14615	1.10934	1.10737	1.12273	1.11065	1.12144	1.10987	1.09874	1.08501	1.07002	1.07044	1.07137	1.09029
ERR613996	1.01785	0.980735	0.980231	0.960478	0.98305	0.971715	0.872349	0.864234	0.862987	0.857799	0.855325	0.856832	0.900728	0.884377	0.881728	0.891922	0.897851	0.898618	0.95086	0.952385	1.01324	1.01728	1.02205	0.940577	0.872349	0.864234	0.862987	0.857799	0.855325	0.856832	0.937591	0.949357	0.933883	0.930973	0.900948	0.911655	0.780678	0.785566	0.812039	0	0.784687	0.7847	0.946713	0.922217	0.898627	0.903423	0.923933	0.903992	1.10565	1.1083	1.08461	1.08449	1.09062	1.10713	1.03948	1.04967	1.06614	1.04873	1.04958	1.0469	1.06973	1.06065	1.0644	1.06444	1.06586	1.08654	1.09663	1.09602	1.09674	1.095	1.08671	1.11416	1.09439	1.08342	1.09211	1.08785	1.09246	1.08232	1.12789	1.11838	1.12283	1.1209	1.12103	1.12181	1.08229	1.08016	1.09791	1.0832	1.09624	1.08198	1.07001	1.0562	1.04058	1.04161	1.04227	1.06272
ERR614001	1.02628	0.990315	0.989723	0.971111	0.992919	0.981923	0.882078	0.875046	0.873513	0.868964	0.866956	0.867985	0.910994	0.896035	0.893497	0.902739	0.908189	0.909053	0.961416	0.962482	1.02105	1.02479	1.02939	0.951284	0.882078	0.875046	0.873513	0.868964	0.866956	0.867985	0.945563	0.957823	0.941892	0.939211	0.911426	0.920661	0.794295	0.792827	0.823082	0.784687	0	0.792359	0.954811	0.93123	0.910428	0.91464	0.933415	0.915734	1.11494	1.11772	1.09484	1.09474	1.10088	1.1168	1.04883	1.05885	1.075	1.05818	1.05867	1.05601	1.07821	1.06953	1.07292	1.07305	1.07453	1.09448	1.10599	1.1056	1.10615	1.10448	1.0967	1.12316	1.10467	1.09382	1.10229	1.09819	1.10255	1.09299	1.13664	1.12732	1.1317	1.1298	1.13012	1.13084	1.09277	1.09086	1.10782	1.09355	1.10572	1.09253	1.07816	1.06445	1.04947	1.05024	1.05101	1.07071
ERR614000	1.02617	0.990071	0.989886	0.97101	0.992846	0.981989	0.882092	0.87429	0.873447	0.86927	0.866525	0.867641	0.910904	0.895752	0.8934	0.902446	0.908053	0.909166	0.961324	0.962958	1.02148	1.0252	1.02978	0.951235	0.882092	0.87429	0.873447	0.86927	0.866525	0.867641	0.945236	0.957548	0.941419	0.938613	0.910622	0.92001	0.794479	0.79316	0.823429	0.7847	0.792359	0	0.95483	0.931095	0.910034	0.914288	0.933297	0.915589	1.1148	1.11742	1.09472	1.09431	1.10051	1.11657	1.04877	1.05851	1.07468	1.05801	1.05856	1.05584	1.07794	1.06922	1.07287	1.07291	1.07451	1.09431	1.10561	1.10521	1.10582	1.10434	1.09645	1.12308	1.10429	1.09347	1.10201	1.09776	1.10216	1.0926	1.13612	1.1271	1.13134	1.12978	1.13001	1.1304	1.09225	1.09037	1.10726	1.0932	1.10527	1.09187	1.07788	1.06472	1.04963	1.05043	1.05118	1.07067
ERR612225	1.00995	0.982918	0.982729	0.96605	0.983181	0.973948	0.944603	0.938487	0.938852	0.934709	0.933541	0.934823	0.946441	0.936435	0.935748	0.941801	0.944184	0.945158	0.977646	0.978259	1.02978	1.03376	1.03836	0.970068	0.944603	0.938487	0.938852	0.934709	0.933541	0.934823	0.992154	0.997819	0.989372	0.987392	0.965376	0.971626	0.95304	0.955026	0.970754	0.946713	0.954811	0.95483	0	0.830293	0.812741	0.815504	0.833007	0.815867	1.09577	1.09879	1.07589	1.0759	1.08043	1.09765	1.04067	1.0505	1.06448	1.04932	1.05026	1.04691	1.05671	1.04785	1.05118	1.05099	1.05244	1.07309	1.09538	1.09508	1.09525	1.09327	1.0858	1.11033	1.08577	1.07625	1.08445	1.07973	1.08499	1.07511	1.1169	1.10715	1.11205	1.11018	1.1101	1.111	1.07169	1.06993	1.08688	1.07382	1.0851	1.07274	1.06702	1.05232	1.0364	1.03674	1.03781	1.05795
ERR612224	0.992214	0.962459	0.961786	0.943215	0.962774	0.952422	0.921919	0.914809	0.915531	0.910588	0.90866	0.910183	0.922808	0.91051	0.909677	0.916835	0.920951	0.921385	0.954158	0.95477	1.01229	1.01614	1.02122	0.945642	0.921919	0.914809	0.915531	0.910588	0.90866	0.910183	0.974054	0.981147	0.970931	0.969143	0.944145	0.950885	0.92933	0.931582	0.950285	0.922217	0.93123	0.931095	0.830293	0	0.777437	0.781372	0.804179	0.781878	1.07593	1.07905	1.05431	1.05427	1.05908	1.07819	1.01758	1.02849	1.04347	1.02715	1.02816	1.02439	1.0359	1.02621	1.02975	1.02956	1.03144	1.05376	1.07512	1.07433	1.0749	1.07283	1.06489	1.09135	1.06481	1.05403	1.06346	1.05786	1.06348	1.05296	1.09732	1.08697	1.09238	1.09041	1.09046	1.09103	1.04991	1.04774	1.06642	1.05213	1.06412	1.05114	1.04698	1.03122	1.01426	1.01496	1.01621	1.03745
ERR612221	0.977561	0.943483	0.942488	0.922176	0.944501	0.932278	0.902683	0.893209	0.893389	0.887457	0.885449	0.887363	0.902496	0.885219	0.883952	0.893888	0.899041	0.900209	0.932304	0.933457	0.996654	1.00089	1.00601	0.922215	0.902683	0.893209	0.893389	0.887457	0.885449	0.887363	0.959442	0.96839	0.955899	0.953542	0.924971	0.933506	0.90825	0.910644	0.933212	0.898627	0.910428	0.910034	0.812741	0.777437	0	0.745217	0.781272	0.746507	1.05198	1.05525	1.02796	1.02795	1.0333	1.05414	0.994567	1.00611	1.02369	1.00487	1.00583	1.00258	1.0162	1.00485	1.00958	1.00934	1.01113	1.03569	1.05047	1.04962	1.05014	1.0477	1.03885	1.06862	1.03927	1.02709	1.03719	1.03131	1.03748	1.02578	1.07462	1.06312	1.06879	1.06683	1.06663	1.06735	1.02349	1.021	1.04162	1.0251	1.03969	1.02427	1.02554	1.00854	0.990342	0.991653	0.992633	1.01613
ERR612223	0.979176	0.946865	0.946217	0.925841	0.947298	0.935361	0.905354	0.896435	0.896935	0.890846	0.889	0.89058	0.905995	0.890136	0.889079	0.898185	0.903073	0.904254	0.936021	0.936896	0.998389	1.00282	1.00801	0.926507	0.905354	0.896435	0.896935	0.890846	0.889	0.89058	0.961684	0.969037	0.958143	0.956155	0.928612	0.93641	0.912638	0.915123	0.93584	0.903423	0.91464	0.914288	0.815504	0.781372	0.745217	0	0.785179	0.751065	1.05723	1.06058	1.03379	1.03396	1.03869	1.05934	0.999993	1.01151	1.0276	1.01023	1.01108	1.0076	1.02069	1.01006	1.01391	1.01353	1.01557	1.03969	1.05638	1.05606	1.05633	1.05393	1.04539	1.07352	1.04445	1.0333	1.04313	1.03713	1.04347	1.03204	1.08014	1.06891	1.07446	1.07243	1.07228	1.07339	1.02957	1.02674	1.04692	1.03132	1.04491	1.03036	1.03242	1.0152	0.996772	0.997725	0.999146	1.02218
ERR612226	0.994609	0.964645	0.964412	0.945954	0.965031	0.954662	0.924231	0.916974	0.917386	0.91291	0.91123	0.912573	0.925203	0.912882	0.912291	0.919188	0.923142	0.923846	0.957059	0.957996	1.01466	1.01844	1.02346	0.948524	0.924231	0.916974	0.917386	0.91291	0.91123	0.912573	0.975646	0.982598	0.972197	0.970331	0.946197	0.952565	0.931924	0.933744	0.952194	0.923933	0.933415	0.933297	0.833007	0.804179	0.781272	0.785179	0	0.785726	1.07826	1.08121	1.05651	1.05683	1.06167	1.08007	1.02025	1.0306	1.04604	1.02944	1.03055	1.02708	1.03839	1.02878	1.03247	1.03232	1.03406	1.05604	1.07709	1.0766	1.07669	1.07511	1.06687	1.09311	1.067	1.05648	1.06547	1.0603	1.06563	1.05529	1.10012	1.08964	1.09454	1.09297	1.09275	1.09357	1.05216	1.05022	1.06857	1.05424	1.06653	1.05334	1.04901	1.03317	1.01628	1.017	1.01799	1.03953
ERR612222	0.978461	0.946697	0.946173	0.925187	0.94672	0.934475	0.905596	0.896846	0.897733	0.891439	0.889141	0.890708	0.906417	0.890469	0.890331	0.899378	0.903689	0.904624	0.936307	0.936875	0.998532	1.00295	1.00855	0.926749	0.905596	0.896846	0.897733	0.891439	0.889141	0.890708	0.961847	0.968124	0.958252	0.956286	0.928341	0.936129	0.913196	0.916103	0.935713	0.903992	0.915734	0.915589	0.815867	0.781878	0.746507	0.751065	0.785726	0	1.05656	1.05984	1.03327	1.03324	1.03777	1.05859	0.9993	1.01096	1.02642	1.00977	1.01078	1.00684	1.02016	1.00909	1.01316	1.01296	1.01522	1.03924	1.05606	1.05558	1.0559	1.05338	1.04482	1.07241	1.0437	1.03331	1.04263	1.03656	1.04301	1.0319	1.07925	1.06829	1.07391	1.07182	1.07175	1.0729	1.02849	1.02612	1.04585	1.03057	1.04406	1.02989	1.03353	1.0162	0.997798	0.998558	0.999837	1.02297
