	ERR621996	ERR621991	ERR621992	ERR621994	ERR621995	ERR621993	ERR608197	ERR608201	ERR608199	ERR608198	ERR608200	ERR608202	ERR613458	ERR613455	ERR613460	ERR613456	ERR613457	ERR613459	ERR605614	ERR605616	ERR605611	ERR605613	ERR605615	ERR605612	ERR605614	ERR605616	ERR605611	ERR605613	ERR605615	ERR605612	ERR614838	ERR614836	ERR614840	ERR614839	ERR614837	ERR614835	ERR618550	ERR618553	ERR618552	ERR618554	ERR618551	ERR618549	ERR613969	ERR613971	ERR613967	ERR613970	ERR613966	ERR613968	ERR605970	ERR605975	ERR605971	ERR605974	ERR605972	ERR605973	ERR630460	ERR630458	ERR630462	ERR630461	ERR630463	ERR630459	ERR613007	ERR613006	ERR613008	ERR613005	ERR613010	ERR613009	ERR608087	ERR608088	ERR608091	ERR608092	ERR608089	ERR608090	ERR607393	ERR607392	ERR607395	ERR607394	ERR607396	ERR607391	ERR630268	ERR630269	ERR630267	ERR630270	ERR630266	ERR630271	ERR626749	ERR626748	ERR626752	ERR626751	ERR626747	ERR626750	ERR616444	ERR616447	ERR616449	ERR616445	ERR616448	ERR616446
ERR621996	0	0.263828	0.249588	0.247556	0.243666	0.248787	0.385058	0.345431	0.350651	0.345352	0.346356	0.345615	0.316521	0.32565	0.316603	0.324389	0.324429	0.316118	0.323303	0.335212	0.318717	0.324776	0.337238	0.322317	0.323303	0.335212	0.318717	0.324776	0.337238	0.322317	0.420543	0.427669	0.420202	0.420041	0.428093	0.430157	0.35848	0.373315	0.364653	0.373752	0.358395	0.35316	0.332069	0.333623	0.3275	0.331472	0.334089	0.331395	0.458538	0.458101	0.423465	0.454675	0.424064	0.451253	0.331932	0.333381	0.334891	0.335511	0.335185	0.335344	0.436372	0.435942	0.493444	0.435774	0.487834	0.48334	0.486456	0.4843	0.472906	0.471888	0.489076	0.47335	0.507007	0.504806	0.50666	0.505721	0.505802	0.533311	0.406687	0.407377	0.409537	0.405109	0.418787	0.413535	0.487358	0.483933	0.491426	0.488553	0.484713	0.488671	0.472886	0.455896	0.455946	0.543329	0.455895	0.470592
ERR621991	0.263828	0	0.249378	0.250139	0.260289	0.250993	0.415464	0.343346	0.341996	0.348738	0.344051	0.342316	0.335157	0.32442	0.337264	0.323776	0.324033	0.336482	0.354094	0.361946	0.332145	0.350494	0.362113	0.345058	0.354094	0.361946	0.332145	0.350494	0.362113	0.345058	0.424902	0.445244	0.42448	0.425133	0.446413	0.449844	0.373713	0.390527	0.377198	0.39095	0.371711	0.362367	0.338426	0.326323	0.331228	0.337591	0.326007	0.35136	0.481413	0.47492	0.423545	0.470698	0.422651	0.466127	0.33797	0.336446	0.337373	0.335417	0.335193	0.348526	0.433947	0.433823	0.512759	0.427324	0.50714	0.501192	0.49585	0.492541	0.475992	0.474417	0.497503	0.476573	0.488903	0.490629	0.491399	0.490506	0.490463	0.535237	0.412196	0.422091	0.410962	0.414799	0.408462	0.431195	0.475365	0.472712	0.481513	0.477767	0.470309	0.478376	0.476511	0.448273	0.447856	0.56102	0.447316	0.473075
ERR621992	0.249588	0.249378	0	0.244522	0.247612	0.243712	0.39531	0.339449	0.342036	0.341827	0.340608	0.339212	0.320291	0.318633	0.321406	0.317969	0.318162	0.320884	0.333058	0.341924	0.319313	0.331448	0.343024	0.327395	0.333058	0.341924	0.319313	0.331448	0.343024	0.327395	0.418974	0.432734	0.418592	0.418933	0.433873	0.43627	0.362795	0.380367	0.36909	0.380844	0.362226	0.35501	0.332409	0.326546	0.325889	0.331719	0.326794	0.33716	0.467926	0.465398	0.422189	0.461555	0.422138	0.457735	0.330706	0.330692	0.332067	0.33165	0.330897	0.337097	0.432672	0.432565	0.501542	0.429783	0.495697	0.490555	0.489872	0.487231	0.473674	0.472332	0.492304	0.474019	0.498271	0.497446	0.498938	0.498016	0.497952	0.532861	0.404358	0.409243	0.405096	0.404844	0.40936	0.416636	0.48076	0.477404	0.486055	0.482529	0.476873	0.482866	0.472913	0.449666	0.449378	0.551212	0.449236	0.470101
ERR621994	0.247556	0.250139	0.244522	0	0.245874	0.244174	0.397179	0.341025	0.34306	0.343295	0.341504	0.340669	0.321986	0.322116	0.32278	0.321058	0.321328	0.322186	0.335005	0.345603	0.32211	0.334359	0.347006	0.330515	0.335005	0.345603	0.32211	0.334359	0.347006	0.330515	0.419949	0.433628	0.419603	0.419845	0.434482	0.437299	0.362405	0.377907	0.366668	0.378237	0.361215	0.354231	0.330306	0.32583	0.324686	0.32955	0.325922	0.337319	0.467687	0.464102	0.420754	0.460138	0.420675	0.455971	0.330852	0.331032	0.331835	0.331301	0.331175	0.338166	0.43306	0.432766	0.500648	0.429362	0.495211	0.489905	0.489005	0.4862	0.472081	0.470715	0.490992	0.472553	0.497032	0.496566	0.497956	0.497082	0.497214	0.533001	0.407239	0.412175	0.408316	0.407478	0.412137	0.419961	0.479954	0.477032	0.484732	0.481595	0.476291	0.481889	0.472335	0.450502	0.450267	0.549932	0.449932	0.469674
ERR621995	0.243666	0.260289	0.247612	0.245874	0	0.246945	0.387602	0.344396	0.349	0.344704	0.3453	0.344501	0.316781	0.324231	0.316894	0.323273	0.323181	0.31676	0.324568	0.336113	0.318146	0.325489	0.338035	0.322907	0.324568	0.336113	0.318146	0.325489	0.338035	0.322907	0.420107	0.428544	0.419637	0.419696	0.428973	0.431227	0.359666	0.374685	0.365614	0.375282	0.359577	0.353778	0.331806	0.332199	0.327185	0.331043	0.332575	0.33272	0.460141	0.459294	0.422977	0.455793	0.423368	0.452147	0.331759	0.333003	0.33447	0.335004	0.334523	0.335776	0.435608	0.43525	0.494878	0.434628	0.489359	0.484758	0.487338	0.484998	0.473203	0.472098	0.489762	0.473623	0.505683	0.503742	0.505573	0.504677	0.504753	0.533723	0.406281	0.407772	0.40894	0.405115	0.417213	0.414358	0.486418	0.482997	0.490702	0.487595	0.483557	0.487822	0.473223	0.455194	0.455197	0.54514	0.455113	0.470856
ERR621993	0.248787	0.250993	0.243712	0.244174	0.246945	0	0.393006	0.339579	0.342452	0.341272	0.340625	0.339408	0.320623	0.320119	0.321569	0.319309	0.319303	0.321117	0.333321	0.342544	0.320456	0.332025	0.34363	0.328598	0.333321	0.342544	0.320456	0.332025	0.34363	0.328598	0.420189	0.433528	0.419792	0.419982	0.434495	0.436784	0.362308	0.379061	0.367969	0.379451	0.361185	0.354441	0.332147	0.327205	0.325999	0.331369	0.327566	0.337132	0.468132	0.466095	0.423643	0.462298	0.423711	0.458388	0.330647	0.330545	0.331584	0.331233	0.330726	0.336494	0.433433	0.433306	0.500549	0.430541	0.494957	0.489949	0.490053	0.487584	0.474124	0.472789	0.49269	0.474341	0.499347	0.498212	0.49994	0.498955	0.499014	0.532846	0.405714	0.410387	0.406528	0.405919	0.411334	0.417534	0.481564	0.478369	0.486608	0.483365	0.478278	0.483714	0.473397	0.450611	0.450448	0.550945	0.450304	0.470759
ERR608197	0.385058	0.415464	0.39531	0.397179	0.387602	0.393006	0	0.318188	0.336296	0.304519	0.321116	0.32133	0.337011	0.358712	0.335274	0.358094	0.35712	0.335838	0.357031	0.354291	0.36683	0.356368	0.355221	0.35939	0.357031	0.354291	0.36683	0.356368	0.355221	0.35939	0.48133	0.471439	0.480913	0.479248	0.476136	0.469559	0.352499	0.375961	0.372564	0.375002	0.357103	0.361603	0.367406	0.377953	0.360857	0.367527	0.380623	0.334811	0.513954	0.535513	0.524718	0.53283	0.527232	0.532603	0.338745	0.342823	0.346036	0.351221	0.350335	0.321936	0.516837	0.516937	0.543368	0.524614	0.537504	0.536353	0.54788	0.547831	0.54568	0.545599	0.554556	0.545658	0.589588	0.581601	0.585514	0.58479	0.584745	0.580718	0.455738	0.445081	0.461732	0.450563	0.4851	0.441262	0.56262	0.558698	0.567657	0.565361	0.563919	0.56499	0.533597	0.521502	0.522816	0.586004	0.524187	0.53467
ERR608201	0.345431	0.343346	0.339449	0.341025	0.344396	0.339579	0.318188	0	0.246023	0.244535	0.24259	0.241514	0.313735	0.304364	0.3162	0.304191	0.303818	0.315553	0.353148	0.354715	0.33555	0.347587	0.354338	0.344686	0.353148	0.354715	0.33555	0.347587	0.354338	0.344686	0.453834	0.472071	0.453096	0.453362	0.475886	0.475575	0.338099	0.363087	0.347965	0.362985	0.337053	0.328851	0.312812	0.300716	0.30181	0.312505	0.301919	0.316045	0.527487	0.530553	0.485944	0.526581	0.486384	0.522874	0.289955	0.288369	0.290097	0.289568	0.289001	0.294963	0.484685	0.484993	0.558182	0.479965	0.552251	0.547482	0.543182	0.54029	0.526602	0.525083	0.546716	0.526616	0.537738	0.537131	0.538875	0.538059	0.53796	0.572824	0.432133	0.438332	0.431937	0.433671	0.435966	0.443296	0.521021	0.51814	0.528355	0.524874	0.516893	0.525078	0.517817	0.486457	0.486398	0.599178	0.486572	0.51569
ERR608199	0.350651	0.341996	0.342036	0.34306	0.349	0.342452	0.336296	0.246023	0	0.249258	0.24496	0.244923	0.32324	0.308622	0.326317	0.308544	0.30843	0.325292	0.366169	0.369551	0.344798	0.359946	0.369099	0.356994	0.366169	0.369551	0.344798	0.359946	0.369099	0.356994	0.458603	0.480596	0.457747	0.458492	0.484284	0.484891	0.344765	0.367827	0.351355	0.367499	0.342201	0.3327	0.313683	0.298045	0.302928	0.31326	0.29818	0.324908	0.53456	0.53554	0.486201	0.53163	0.485972	0.526825	0.295301	0.292713	0.293211	0.291506	0.291374	0.304198	0.485659	0.485631	0.563631	0.478033	0.558112	0.552925	0.54599	0.542683	0.52724	0.525361	0.549044	0.527058	0.531335	0.532577	0.533988	0.533032	0.533226	0.574255	0.438472	0.447647	0.437018	0.441116	0.436543	0.454046	0.517347	0.515147	0.524677	0.521297	0.512803	0.521621	0.518973	0.486782	0.486463	0.603098	0.48611	0.516357
ERR608198	0.345352	0.348738	0.341827	0.343295	0.344704	0.341272	0.304519	0.244535	0.249258	0	0.245014	0.245093	0.309571	0.304921	0.311576	0.304648	0.304076	0.310836	0.348188	0.349953	0.334292	0.342934	0.349704	0.341513	0.348188	0.349953	0.334292	0.342934	0.349704	0.341513	0.453273	0.46902	0.452523	0.452616	0.47321	0.472005	0.33477	0.360233	0.345831	0.359577	0.333748	0.327336	0.313266	0.304695	0.302483	0.31306	0.305911	0.312155	0.525527	0.531527	0.489551	0.527583	0.49006	0.523923	0.288366	0.287629	0.289235	0.289792	0.289097	0.290237	0.487027	0.487232	0.556184	0.483252	0.550305	0.545925	0.54389	0.541169	0.528686	0.527189	0.547842	0.5287	0.544207	0.542742	0.544977	0.544093	0.544044	0.574257	0.430724	0.434716	0.431485	0.43112	0.438709	0.438514	0.525915	0.523051	0.53307	0.529653	0.522646	0.529769	0.518751	0.489981	0.490037	0.597656	0.490195	0.517065
ERR608200	0.346356	0.344051	0.340608	0.341504	0.3453	0.340625	0.321116	0.24259	0.24496	0.245014	0	0.242412	0.315437	0.306393	0.3182	0.306146	0.305839	0.317182	0.356402	0.359381	0.339144	0.350775	0.359129	0.348811	0.356402	0.359381	0.339144	0.350775	0.359129	0.348811	0.45529	0.474166	0.454476	0.454867	0.478127	0.477981	0.338177	0.361977	0.346388	0.361445	0.336396	0.328197	0.310679	0.299034	0.300476	0.310415	0.299749	0.316679	0.529337	0.532708	0.486641	0.528819	0.486875	0.524384	0.290717	0.289144	0.289476	0.289149	0.288943	0.296343	0.485937	0.486113	0.559875	0.48012	0.55416	0.549151	0.544652	0.54154	0.527392	0.525642	0.547999	0.52735	0.537427	0.537455	0.539148	0.53835	0.538368	0.57452	0.434912	0.44138	0.434614	0.436408	0.437931	0.446627	0.521453	0.519008	0.528563	0.525281	0.517549	0.525429	0.518234	0.488005	0.487846	0.599773	0.487693	0.516149
ERR608202	0.345615	0.342316	0.339212	0.340669	0.344501	0.339408	0.32133	0.241514	0.244923	0.245093	0.242412	0	0.315072	0.304611	0.317514	0.30453	0.304278	0.316951	0.355346	0.357287	0.337026	0.349578	0.356847	0.346695	0.355346	0.357287	0.337026	0.349578	0.356847	0.346695	0.454383	0.473221	0.453656	0.453917	0.477165	0.47696	0.338607	0.363198	0.347724	0.362894	0.337133	0.328807	0.312206	0.299357	0.301444	0.311931	0.300712	0.317071	0.527921	0.530454	0.485132	0.526635	0.485353	0.522549	0.29047	0.288748	0.289946	0.289229	0.288427	0.296208	0.484183	0.48456	0.558611	0.478966	0.552704	0.547837	0.543131	0.540064	0.526025	0.52445	0.546447	0.525939	0.535648	0.535328	0.536906	0.536031	0.536099	0.572224	0.433497	0.440314	0.433034	0.435307	0.436226	0.445533	0.519672	0.516864	0.526967	0.523562	0.515408	0.52367	0.517444	0.485879	0.485674	0.599475	0.485742	0.515127
ERR613458	0.316521	0.335157	0.320291	0.321986	0.316781	0.320623	0.337011	0.313735	0.32324	0.309571	0.315437	0.315072	0	0.259247	0.243836	0.258237	0.257729	0.243241	0.305062	0.312105	0.303625	0.303798	0.313699	0.304051	0.305062	0.312105	0.303625	0.303798	0.313699	0.304051	0.429428	0.433209	0.428631	0.42809	0.435573	0.434996	0.34479	0.366566	0.357426	0.366535	0.346532	0.34253	0.322224	0.325067	0.314394	0.321747	0.326393	0.310912	0.467684	0.476497	0.444821	0.472966	0.446062	0.470668	0.310959	0.313014	0.31587	0.318154	0.31736	0.308096	0.459479	0.459261	0.513533	0.460628	0.507005	0.503749	0.508547	0.506857	0.497993	0.497207	0.512816	0.498149	0.531495	0.527644	0.530535	0.529592	0.529468	0.548779	0.405139	0.402405	0.409299	0.402555	0.42399	0.405453	0.510824	0.506456	0.515781	0.512685	0.508224	0.512641	0.491861	0.472982	0.473209	0.560495	0.473564	0.490322
ERR613455	0.32565	0.32442	0.318633	0.322116	0.324231	0.320119	0.358712	0.304364	0.308622	0.304921	0.306393	0.304611	0.259247	0	0.262968	0.242741	0.242544	0.261611	0.327922	0.327392	0.309003	0.320399	0.326752	0.317635	0.327922	0.327392	0.309003	0.320399	0.326752	0.317635	0.431741	0.447166	0.430849	0.431122	0.451065	0.450404	0.360026	0.387123	0.373065	0.386423	0.360561	0.352974	0.331047	0.318316	0.318181	0.330641	0.319185	0.328291	0.488539	0.495227	0.45119	0.491046	0.451787	0.488173	0.312638	0.311391	0.314504	0.314485	0.312752	0.315225	0.457118	0.456954	0.528642	0.454367	0.521875	0.517409	0.517751	0.515537	0.503517	0.502278	0.522229	0.50352	0.521037	0.518814	0.521378	0.520524	0.520358	0.549056	0.403316	0.408599	0.403035	0.404593	0.409341	0.412916	0.503354	0.499398	0.510891	0.506825	0.499297	0.507273	0.496563	0.466371	0.466176	0.576789	0.466656	0.494416
ERR613460	0.316603	0.337264	0.321406	0.32278	0.316894	0.321569	0.335274	0.3162	0.326317	0.311576	0.3182	0.317514	0.243836	0.262968	0	0.261856	0.261236	0.24346	0.303655	0.311261	0.304132	0.303678	0.312999	0.303797	0.303655	0.311261	0.304132	0.303678	0.312999	0.303797	0.429095	0.431275	0.428246	0.427633	0.4334	0.432798	0.343263	0.364037	0.355632	0.364368	0.345236	0.341718	0.322218	0.327073	0.315198	0.322028	0.328697	0.309769	0.464184	0.473037	0.443234	0.469432	0.444545	0.467292	0.31179	0.314426	0.317321	0.319588	0.31909	0.308275	0.459185	0.459019	0.510674	0.460891	0.504331	0.501036	0.506403	0.504872	0.496438	0.495919	0.510693	0.496762	0.531724	0.527352	0.530242	0.529476	0.529321	0.547334	0.405284	0.401831	0.409702	0.402666	0.425336	0.404624	0.510634	0.506352	0.515301	0.51229	0.508352	0.512359	0.490407	0.472789	0.4729	0.557575	0.47336	0.489015
ERR613456	0.324389	0.323776	0.317969	0.321058	0.323273	0.319309	0.358094	0.304191	0.308544	0.304648	0.306146	0.30453	0.258237	0.242741	0.261856	0	0.242763	0.260527	0.326699	0.326642	0.308094	0.319565	0.326284	0.316684	0.326699	0.326642	0.308094	0.319565	0.326284	0.316684	0.431242	0.446543	0.430259	0.430671	0.450359	0.449543	0.358412	0.385127	0.371288	0.384678	0.35883	0.351227	0.329574	0.317486	0.317147	0.329198	0.318396	0.327149	0.487168	0.493667	0.449748	0.489524	0.450132	0.486671	0.311968	0.310679	0.313692	0.313918	0.312197	0.314539	0.456445	0.456343	0.527828	0.453817	0.521143	0.516692	0.517001	0.51471	0.502596	0.501468	0.521381	0.502718	0.52064	0.518322	0.52075	0.519972	0.519723	0.548703	0.403716	0.408879	0.40368	0.404825	0.409964	0.413201	0.502956	0.498816	0.510197	0.506277	0.498864	0.506531	0.495966	0.465937	0.46569	0.57589	0.466314	0.493679
ERR613457	0.324429	0.324033	0.318162	0.321328	0.323181	0.319303	0.35712	0.303818	0.30843	0.304076	0.305839	0.304278	0.257729	0.242544	0.261236	0.242763	0	0.260038	0.325947	0.326013	0.307784	0.31898	0.325299	0.316006	0.325947	0.326013	0.307784	0.31898	0.325299	0.316006	0.431061	0.446027	0.430126	0.430331	0.449831	0.448984	0.358349	0.385301	0.371332	0.384733	0.359024	0.351457	0.329272	0.317334	0.316827	0.328916	0.318352	0.326691	0.486999	0.493522	0.449953	0.489525	0.450658	0.486586	0.311472	0.310565	0.31355	0.313637	0.311957	0.314089	0.456524	0.456562	0.527395	0.454148	0.520817	0.516406	0.516888	0.514656	0.502711	0.501515	0.521326	0.502733	0.521098	0.518803	0.521267	0.52044	0.520274	0.548898	0.403029	0.407983	0.403102	0.403993	0.409713	0.412227	0.503369	0.49914	0.510576	0.506635	0.499308	0.507032	0.495948	0.466092	0.466003	0.575594	0.466454	0.493741
ERR613459	0.316118	0.336482	0.320884	0.322186	0.31676	0.321117	0.335838	0.315553	0.325292	0.310836	0.317182	0.316951	0.243241	0.261611	0.24346	0.260527	0.260038	0	0.303877	0.311667	0.304063	0.303775	0.313536	0.304108	0.303877	0.311667	0.304063	0.303775	0.313536	0.304108	0.429329	0.431932	0.428494	0.427961	0.434211	0.433651	0.343212	0.364142	0.355427	0.364275	0.345246	0.341355	0.321404	0.325842	0.314402	0.321051	0.327385	0.309626	0.464685	0.473512	0.443002	0.470016	0.44444	0.467736	0.31151	0.313968	0.316678	0.318967	0.318407	0.308366	0.458839	0.458662	0.511088	0.460426	0.504547	0.501446	0.50647	0.505002	0.496355	0.495646	0.510729	0.49655	0.531276	0.527095	0.529955	0.529269	0.529049	0.547657	0.405574	0.40255	0.409979	0.402903	0.425232	0.405421	0.510443	0.506094	0.515088	0.512182	0.507913	0.511942	0.490555	0.472666	0.472834	0.557967	0.473325	0.489053
ERR605614	0.323303	0.354094	0.333058	0.335005	0.324568	0.333321	0.357031	0.353148	0.366169	0.348188	0.356402	0.355346	0.305062	0.327922	0.303655	0.326699	0.325947	0.303877	0	0.253711	0.258187	0.248807	0.256472	0.250617	0	0.253711	0.258187	0.248807	0.256472	0.250617	0.448704	0.445338	0.448186	0.447238	0.447215	0.445638	0.376105	0.396841	0.390897	0.396575	0.37959	0.376579	0.355687	0.362675	0.34881	0.355639	0.363697	0.338319	0.456979	0.469876	0.449176	0.466558	0.450915	0.46579	0.346791	0.350667	0.353975	0.357418	0.356279	0.341128	0.475234	0.475148	0.51529	0.479705	0.508575	0.506515	0.529326	0.528812	0.523017	0.522595	0.533614	0.523453	0.569532	0.564289	0.567224	0.566436	0.566202	0.576932	0.421355	0.412385	0.428375	0.416527	0.450514	0.412745	0.543	0.537959	0.547135	0.544016	0.54106	0.543883	0.518794	0.505084	0.505669	0.575988	0.506258	0.517483
ERR605616	0.335212	0.361946	0.341924	0.345603	0.336113	0.342544	0.354291	0.354715	0.369551	0.349953	0.359381	0.357287	0.312105	0.327392	0.311261	0.326642	0.326013	0.311667	0.253711	0	0.259714	0.25096	0.245117	0.251318	0.253711	0	0.259714	0.25096	0.245117	0.251318	0.453281	0.451119	0.452866	0.451756	0.454836	0.450681	0.387975	0.415103	0.40736	0.414456	0.392421	0.389403	0.370998	0.37217	0.360717	0.370975	0.373584	0.349455	0.468581	0.48536	0.464496	0.4817	0.466358	0.482367	0.35329	0.35613	0.360901	0.364263	0.361894	0.345518	0.482743	0.482712	0.526365	0.487933	0.518695	0.516929	0.541397	0.541101	0.536114	0.53592	0.546939	0.536541	0.580697	0.574716	0.577854	0.577031	0.57653	0.584017	0.420325	0.411198	0.426532	0.416011	0.450072	0.408687	0.55302	0.54753	0.55906	0.555096	0.550986	0.555113	0.529642	0.510176	0.510686	0.589411	0.512046	0.528468
ERR605611	0.318717	0.332145	0.319313	0.32211	0.318146	0.320456	0.36683	0.33555	0.344798	0.334292	0.339144	0.337026	0.303625	0.309003	0.304132	0.308094	0.307784	0.304063	0.258187	0.259714	0	0.252002	0.25978	0.248982	0.258187	0.259714	0	0.252002	0.25978	0.248982	0.441817	0.448094	0.441156	0.440666	0.4509	0.449793	0.375676	0.400137	0.390205	0.399724	0.377837	0.372026	0.348065	0.344315	0.33792	0.34762	0.345095	0.338669	0.466861	0.476078	0.442728	0.472059	0.44398	0.470374	0.335427	0.336948	0.341097	0.342574	0.341058	0.335205	0.465199	0.465195	0.521436	0.466388	0.514549	0.511344	0.527893	0.526439	0.51759	0.516712	0.531853	0.517787	0.551988	0.548478	0.550826	0.549971	0.54976	0.569542	0.412297	0.410154	0.416672	0.410714	0.431776	0.412533	0.527931	0.523344	0.533856	0.530105	0.524728	0.530244	0.51352	0.491693	0.491844	0.581665	0.492488	0.511335
ERR605613	0.324776	0.350494	0.331448	0.334359	0.325489	0.332025	0.356368	0.347587	0.359946	0.342934	0.350775	0.349578	0.303798	0.320399	0.303678	0.319565	0.31898	0.303775	0.248807	0.25096	0.252002	0	0.252263	0.246512	0.248807	0.25096	0.252002	0	0.252263	0.246512	0.446764	0.44617	0.446115	0.4454	0.449141	0.446687	0.379093	0.403232	0.395858	0.402875	0.382735	0.379053	0.357597	0.359903	0.348269	0.357072	0.360706	0.340403	0.463413	0.477999	0.453374	0.474357	0.455016	0.473633	0.343853	0.346764	0.3511	0.354221	0.352449	0.338784	0.474994	0.47496	0.520728	0.478732	0.513499	0.511262	0.533096	0.532328	0.526225	0.525682	0.537764	0.526542	0.569389	0.564328	0.567346	0.566419	0.566281	0.577662	0.415954	0.408369	0.422251	0.411987	0.443722	0.408037	0.542874	0.537627	0.548171	0.544335	0.540525	0.544407	0.521028	0.503682	0.503972	0.581772	0.505034	0.519603
ERR605615	0.337238	0.362113	0.343024	0.347006	0.338035	0.34363	0.355221	0.354338	0.369099	0.349704	0.359129	0.356847	0.313699	0.326752	0.312999	0.326284	0.325299	0.313536	0.256472	0.245117	0.25978	0.252263	0	0.251996	0.256472	0.245117	0.25978	0.252263	0	0.251996	0.453932	0.452336	0.453254	0.452336	0.45651	0.452132	0.389862	0.417866	0.40969	0.417339	0.394363	0.390934	0.372611	0.372491	0.361834	0.372443	0.373766	0.351014	0.470584	0.487918	0.465867	0.484164	0.4678	0.484935	0.3539	0.356432	0.361199	0.364591	0.362243	0.346223	0.483187	0.483138	0.528335	0.488269	0.520425	0.518708	0.542977	0.542692	0.537613	0.53728	0.548557	0.537807	0.580603	0.574771	0.577894	0.577093	0.576712	0.583928	0.42005	0.41146	0.425957	0.4161	0.449163	0.408757	0.553207	0.547431	0.559466	0.555504	0.550928	0.555487	0.530414	0.50989	0.510399	0.591525	0.511707	0.52932
ERR605612	0.322317	0.345058	0.327395	0.330515	0.322907	0.328598	0.35939	0.344686	0.356994	0.341513	0.348811	0.346695	0.304051	0.317635	0.303797	0.316684	0.316006	0.304108	0.250617	0.251318	0.248982	0.246512	0.251996	0	0.250617	0.251318	0.248982	0.246512	0.251996	0	0.444999	0.445823	0.444441	0.44349	0.448456	0.446492	0.37781	0.402386	0.394377	0.402043	0.381247	0.376934	0.355387	0.356137	0.345861	0.355039	0.357146	0.339388	0.462761	0.475107	0.449273	0.471347	0.45072	0.470875	0.341742	0.344452	0.348814	0.351564	0.349944	0.337894	0.471619	0.471503	0.519609	0.475111	0.512383	0.509841	0.53046	0.529747	0.522931	0.52245	0.534963	0.523276	0.564325	0.559488	0.562304	0.561448	0.561117	0.57442	0.414799	0.408567	0.420792	0.411527	0.440785	0.408911	0.538504	0.533377	0.543958	0.540347	0.535799	0.540267	0.518263	0.499584	0.499907	0.581009	0.500719	0.516533
ERR605614	0.323303	0.354094	0.333058	0.335005	0.324568	0.333321	0.357031	0.353148	0.366169	0.348188	0.356402	0.355346	0.305062	0.327922	0.303655	0.326699	0.325947	0.303877	0	0.253711	0.258187	0.248807	0.256472	0.250617	0	0.253711	0.258187	0.248807	0.256472	0.250617	0.448704	0.445338	0.448186	0.447238	0.447215	0.445638	0.376105	0.396841	0.390897	0.396575	0.37959	0.376579	0.355687	0.362675	0.34881	0.355639	0.363697	0.338319	0.456979	0.469876	0.449176	0.466558	0.450915	0.46579	0.346791	0.350667	0.353975	0.357418	0.356279	0.341128	0.475234	0.475148	0.51529	0.479705	0.508575	0.506515	0.529326	0.528812	0.523017	0.522595	0.533614	0.523453	0.569532	0.564289	0.567224	0.566436	0.566202	0.576932	0.421355	0.412385	0.428375	0.416527	0.450514	0.412745	0.543	0.537959	0.547135	0.544016	0.54106	0.543883	0.518794	0.505084	0.505669	0.575988	0.506258	0.517483
ERR605616	0.335212	0.361946	0.341924	0.345603	0.336113	0.342544	0.354291	0.354715	0.369551	0.349953	0.359381	0.357287	0.312105	0.327392	0.311261	0.326642	0.326013	0.311667	0.253711	0	0.259714	0.25096	0.245117	0.251318	0.253711	0	0.259714	0.25096	0.245117	0.251318	0.453281	0.451119	0.452866	0.451756	0.454836	0.450681	0.387975	0.415103	0.40736	0.414456	0.392421	0.389403	0.370998	0.37217	0.360717	0.370975	0.373584	0.349455	0.468581	0.48536	0.464496	0.4817	0.466358	0.482367	0.35329	0.35613	0.360901	0.364263	0.361894	0.345518	0.482743	0.482712	0.526365	0.487933	0.518695	0.516929	0.541397	0.541101	0.536114	0.53592	0.546939	0.536541	0.580697	0.574716	0.577854	0.577031	0.57653	0.584017	0.420325	0.411198	0.426532	0.416011	0.450072	0.408687	0.55302	0.54753	0.55906	0.555096	0.550986	0.555113	0.529642	0.510176	0.510686	0.589411	0.512046	0.528468
ERR605611	0.318717	0.332145	0.319313	0.32211	0.318146	0.320456	0.36683	0.33555	0.344798	0.334292	0.339144	0.337026	0.303625	0.309003	0.304132	0.308094	0.307784	0.304063	0.258187	0.259714	0	0.252002	0.25978	0.248982	0.258187	0.259714	0	0.252002	0.25978	0.248982	0.441817	0.448094	0.441156	0.440666	0.4509	0.449793	0.375676	0.400137	0.390205	0.399724	0.377837	0.372026	0.348065	0.344315	0.33792	0.34762	0.345095	0.338669	0.466861	0.476078	0.442728	0.472059	0.44398	0.470374	0.335427	0.336948	0.341097	0.342574	0.341058	0.335205	0.465199	0.465195	0.521436	0.466388	0.514549	0.511344	0.527893	0.526439	0.51759	0.516712	0.531853	0.517787	0.551988	0.548478	0.550826	0.549971	0.54976	0.569542	0.412297	0.410154	0.416672	0.410714	0.431776	0.412533	0.527931	0.523344	0.533856	0.530105	0.524728	0.530244	0.51352	0.491693	0.491844	0.581665	0.492488	0.511335
ERR605613	0.324776	0.350494	0.331448	0.334359	0.325489	0.332025	0.356368	0.347587	0.359946	0.342934	0.350775	0.349578	0.303798	0.320399	0.303678	0.319565	0.31898	0.303775	0.248807	0.25096	0.252002	0	0.252263	0.246512	0.248807	0.25096	0.252002	0	0.252263	0.246512	0.446764	0.44617	0.446115	0.4454	0.449141	0.446687	0.379093	0.403232	0.395858	0.402875	0.382735	0.379053	0.357597	0.359903	0.348269	0.357072	0.360706	0.340403	0.463413	0.477999	0.453374	0.474357	0.455016	0.473633	0.343853	0.346764	0.3511	0.354221	0.352449	0.338784	0.474994	0.47496	0.520728	0.478732	0.513499	0.511262	0.533096	0.532328	0.526225	0.525682	0.537764	0.526542	0.569389	0.564328	0.567346	0.566419	0.566281	0.577662	0.415954	0.408369	0.422251	0.411987	0.443722	0.408037	0.542874	0.537627	0.548171	0.544335	0.540525	0.544407	0.521028	0.503682	0.503972	0.581772	0.505034	0.519603
ERR605615	0.337238	0.362113	0.343024	0.347006	0.338035	0.34363	0.355221	0.354338	0.369099	0.349704	0.359129	0.356847	0.313699	0.326752	0.312999	0.326284	0.325299	0.313536	0.256472	0.245117	0.25978	0.252263	0	0.251996	0.256472	0.245117	0.25978	0.252263	0	0.251996	0.453932	0.452336	0.453254	0.452336	0.45651	0.452132	0.389862	0.417866	0.40969	0.417339	0.394363	0.390934	0.372611	0.372491	0.361834	0.372443	0.373766	0.351014	0.470584	0.487918	0.465867	0.484164	0.4678	0.484935	0.3539	0.356432	0.361199	0.364591	0.362243	0.346223	0.483187	0.483138	0.528335	0.488269	0.520425	0.518708	0.542977	0.542692	0.537613	0.53728	0.548557	0.537807	0.580603	0.574771	0.577894	0.577093	0.576712	0.583928	0.42005	0.41146	0.425957	0.4161	0.449163	0.408757	0.553207	0.547431	0.559466	0.555504	0.550928	0.555487	0.530414	0.50989	0.510399	0.591525	0.511707	0.52932
ERR605612	0.322317	0.345058	0.327395	0.330515	0.322907	0.328598	0.35939	0.344686	0.356994	0.341513	0.348811	0.346695	0.304051	0.317635	0.303797	0.316684	0.316006	0.304108	0.250617	0.251318	0.248982	0.246512	0.251996	0	0.250617	0.251318	0.248982	0.246512	0.251996	0	0.444999	0.445823	0.444441	0.44349	0.448456	0.446492	0.37781	0.402386	0.394377	0.402043	0.381247	0.376934	0.355387	0.356137	0.345861	0.355039	0.357146	0.339388	0.462761	0.475107	0.449273	0.471347	0.45072	0.470875	0.341742	0.344452	0.348814	0.351564	0.349944	0.337894	0.471619	0.471503	0.519609	0.475111	0.512383	0.509841	0.53046	0.529747	0.522931	0.52245	0.534963	0.523276	0.564325	0.559488	0.562304	0.561448	0.561117	0.57442	0.414799	0.408567	0.420792	0.411527	0.440785	0.408911	0.538504	0.533377	0.543958	0.540347	0.535799	0.540267	0.518263	0.499584	0.499907	0.581009	0.500719	0.516533
ERR614838	0.420543	0.424902	0.418974	0.419949	0.420107	0.420189	0.48133	0.453834	0.458603	0.453273	0.45529	0.454383	0.429428	0.431741	0.429095	0.431242	0.431061	0.429329	0.448704	0.453281	0.441817	0.446764	0.453932	0.444999	0.448704	0.453281	0.441817	0.446764	0.453932	0.444999	0	0.254972	0.229706	0.229833	0.259732	0.261874	0.461692	0.476493	0.468873	0.476326	0.462065	0.457688	0.438308	0.436836	0.433401	0.438134	0.436796	0.437196	0.463442	0.462835	0.424682	0.458899	0.424261	0.455656	0.429893	0.430787	0.433139	0.434003	0.432691	0.431377	0.367467	0.367835	0.441285	0.36903	0.434088	0.428444	0.428739	0.426402	0.412088	0.411128	0.432013	0.412988	0.438755	0.434866	0.437309	0.436043	0.4359	0.468187	0.314235	0.319556	0.315579	0.314313	0.32579	0.328933	0.415193	0.411581	0.420534	0.417061	0.413042	0.417609	0.39925	0.376005	0.376398	0.491826	0.376495	0.396353
ERR614836	0.427669	0.445244	0.432734	0.433628	0.428544	0.433528	0.471439	0.472071	0.480596	0.46902	0.474166	0.473221	0.433209	0.447166	0.431275	0.446543	0.446027	0.431932	0.445338	0.451119	0.448094	0.44617	0.452336	0.445823	0.445338	0.451119	0.448094	0.44617	0.452336	0.445823	0.254972	0	0.254716	0.252905	0.238446	0.237441	0.457743	0.469494	0.466879	0.469717	0.460678	0.460035	0.447389	0.455942	0.445772	0.44739	0.456833	0.434923	0.430844	0.436613	0.424777	0.433753	0.426016	0.43306	0.442608	0.445548	0.448398	0.450852	0.449459	0.438429	0.37861	0.378256	0.409304	0.390223	0.402581	0.39922	0.405218	0.405235	0.400807	0.401344	0.40957	0.401805	0.45465	0.445573	0.449523	0.448455	0.448139	0.451425	0.329774	0.322029	0.335928	0.324542	0.359398	0.326466	0.425985	0.421193	0.428067	0.426052	0.427581	0.425686	0.390453	0.388242	0.389397	0.456358	0.390313	0.389328
ERR614840	0.420202	0.42448	0.418592	0.419603	0.419637	0.419792	0.480913	0.453096	0.457747	0.452523	0.454476	0.453656	0.428631	0.430849	0.428246	0.430259	0.430126	0.428494	0.448186	0.452866	0.441156	0.446115	0.453254	0.444441	0.448186	0.452866	0.441156	0.446115	0.453254	0.444441	0.229706	0.254716	0	0.229679	0.259935	0.262014	0.461108	0.475933	0.468226	0.475811	0.461593	0.457017	0.43815	0.436377	0.433118	0.437856	0.436359	0.436924	0.463619	0.463368	0.425159	0.459484	0.424603	0.456173	0.428926	0.429752	0.432074	0.432951	0.431762	0.430466	0.367691	0.367887	0.441528	0.368918	0.43447	0.428538	0.428967	0.426584	0.412156	0.411061	0.432204	0.412886	0.43895	0.435191	0.43786	0.436417	0.436406	0.468487	0.313317	0.318811	0.314633	0.313304	0.324998	0.32805	0.415317	0.411674	0.420765	0.417442	0.413237	0.417848	0.399426	0.376258	0.376551	0.492039	0.376621	0.396372
ERR614839	0.420041	0.425133	0.418933	0.419845	0.419696	0.419982	0.479248	0.453362	0.458492	0.452616	0.454867	0.453917	0.42809	0.431122	0.427633	0.430671	0.430331	0.427961	0.447238	0.451756	0.440666	0.4454	0.452336	0.44349	0.447238	0.451756	0.440666	0.4454	0.452336	0.44349	0.229833	0.252905	0.229679	0	0.257965	0.259843	0.460483	0.475185	0.467789	0.475167	0.460948	0.456697	0.437678	0.436682	0.433017	0.437668	0.436845	0.435931	0.461973	0.461992	0.424844	0.458057	0.4247	0.45488	0.428946	0.429924	0.432492	0.433347	0.432156	0.430118	0.368089	0.368304	0.43996	0.370131	0.432842	0.427038	0.428013	0.425447	0.411468	0.410818	0.431099	0.412577	0.439998	0.435823	0.438379	0.437176	0.437032	0.467461	0.313236	0.317882	0.315089	0.312809	0.326361	0.326837	0.416248	0.412551	0.421436	0.418086	0.414238	0.418512	0.398639	0.376302	0.376916	0.490269	0.37698	0.395896
ERR614837	0.428093	0.446413	0.433873	0.434482	0.428973	0.434495	0.476136	0.475886	0.484284	0.47321	0.478127	0.477165	0.435573	0.451065	0.4334	0.450359	0.449831	0.434211	0.447215	0.454836	0.4509	0.449141	0.45651	0.448456	0.447215	0.454836	0.4509	0.449141	0.45651	0.448456	0.259732	0.238446	0.259935	0.257965	0	0.239343	0.457429	0.466625	0.464881	0.466733	0.459988	0.459591	0.447149	0.457492	0.446495	0.447214	0.458416	0.435407	0.424978	0.428372	0.419353	0.425742	0.420709	0.424927	0.445564	0.448647	0.451506	0.453599	0.452504	0.441841	0.377672	0.377385	0.403529	0.389884	0.397132	0.393625	0.398369	0.398334	0.394703	0.395216	0.401956	0.395474	0.450436	0.441459	0.445188	0.444204	0.44395	0.447497	0.335545	0.327743	0.342108	0.330041	0.364783	0.333244	0.42278	0.418028	0.423705	0.421934	0.42416	0.421541	0.385948	0.387818	0.388973	0.448682	0.389837	0.384526
ERR614835	0.430157	0.449844	0.43627	0.437299	0.431227	0.436784	0.469559	0.475575	0.484891	0.472005	0.477981	0.47696	0.434996	0.450404	0.432798	0.449543	0.448984	0.433651	0.445638	0.450681	0.449793	0.446687	0.452132	0.446492	0.445638	0.450681	0.449793	0.446687	0.452132	0.446492	0.261874	0.237441	0.262014	0.259843	0.239343	0	0.458954	0.47032	0.468327	0.470452	0.461913	0.462093	0.450929	0.460328	0.449319	0.450867	0.461552	0.436141	0.428053	0.435847	0.428474	0.433107	0.429985	0.432848	0.445883	0.448976	0.452035	0.454514	0.453051	0.440572	0.382582	0.382532	0.406416	0.395998	0.399492	0.396839	0.405081	0.405705	0.403508	0.404115	0.409857	0.404213	0.460166	0.450355	0.454174	0.453225	0.453051	0.450841	0.33427	0.324329	0.340999	0.328001	0.366224	0.327325	0.430722	0.42574	0.432651	0.430534	0.432765	0.430095	0.392232	0.392382	0.393673	0.452916	0.394709	0.391467
ERR618550	0.35848	0.373713	0.362795	0.362405	0.359666	0.362308	0.352499	0.338099	0.344765	0.33477	0.338177	0.338607	0.34479	0.360026	0.343263	0.358412	0.358349	0.343212	0.376105	0.387975	0.375676	0.379093	0.389862	0.37781	0.376105	0.387975	0.375676	0.379093	0.389862	0.37781	0.461692	0.457743	0.461108	0.460483	0.457429	0.458954	0	0.266595	0.26212	0.266241	0.256712	0.257789	0.3259	0.340042	0.327356	0.325993	0.342423	0.316306	0.469594	0.470992	0.45297	0.468318	0.454774	0.466219	0.304751	0.308196	0.308695	0.310456	0.310654	0.302208	0.46223	0.461684	0.495398	0.466754	0.491593	0.487923	0.486761	0.485018	0.477355	0.476858	0.489321	0.477896	0.502326	0.497998	0.500277	0.499832	0.499704	0.519089	0.455491	0.456127	0.457238	0.454487	0.464668	0.461434	0.49107	0.488239	0.492988	0.491669	0.490918	0.491216	0.47078	0.464876	0.465128	0.531715	0.465265	0.469533
ERR618553	0.373315	0.390527	0.380367	0.377907	0.374685	0.379061	0.375961	0.363087	0.367827	0.360233	0.361977	0.363198	0.366566	0.387123	0.364037	0.385127	0.385301	0.364142	0.396841	0.415103	0.400137	0.403232	0.417866	0.402386	0.396841	0.415103	0.400137	0.403232	0.417866	0.402386	0.476493	0.469494	0.475933	0.475185	0.466625	0.47032	0.266595	0	0.260461	0.258923	0.265558	0.269436	0.334506	0.355618	0.341271	0.334437	0.358038	0.330148	0.468738	0.463997	0.453165	0.461888	0.455238	0.459084	0.3276	0.332023	0.330374	0.331882	0.333744	0.326804	0.471091	0.470603	0.49154	0.475825	0.489565	0.485612	0.480894	0.479007	0.471532	0.471174	0.481932	0.472288	0.498654	0.494976	0.49665	0.496187	0.496429	0.516724	0.477353	0.477731	0.479619	0.47581	0.485472	0.484902	0.490641	0.489005	0.489645	0.489635	0.491556	0.488927	0.46847	0.472184	0.472611	0.520669	0.47205	0.467245
ERR618552	0.364653	0.377198	0.36909	0.366668	0.365614	0.367969	0.372564	0.347965	0.351355	0.345831	0.346388	0.347724	0.357426	0.373065	0.355632	0.371288	0.371332	0.355427	0.390897	0.40736	0.390205	0.395858	0.40969	0.394377	0.390897	0.40736	0.390205	0.395858	0.40969	0.394377	0.468873	0.466879	0.468226	0.467789	0.464881	0.468327	0.26212	0.260461	0	0.260193	0.259698	0.260753	0.32425	0.340695	0.329009	0.323916	0.342972	0.323365	0.475117	0.470282	0.451124	0.467803	0.452636	0.464561	0.313374	0.316757	0.314862	0.315809	0.31759	0.314931	0.465721	0.465407	0.498872	0.468474	0.49624	0.492099	0.486985	0.484464	0.474957	0.474372	0.488163	0.475656	0.49605	0.49339	0.494952	0.494528	0.494534	0.520828	0.46848	0.470634	0.469859	0.467656	0.473873	0.478064	0.488283	0.486605	0.488504	0.48805	0.488051	0.487454	0.47017	0.466917	0.46725	0.53072	0.466562	0.468523
ERR618554	0.373752	0.39095	0.380844	0.378237	0.375282	0.379451	0.375002	0.362985	0.367499	0.359577	0.361445	0.362894	0.366535	0.386423	0.364368	0.384678	0.384733	0.364275	0.396575	0.414456	0.399724	0.402875	0.417339	0.402043	0.396575	0.414456	0.399724	0.402875	0.417339	0.402043	0.476326	0.469717	0.475811	0.475167	0.466733	0.470452	0.266241	0.258923	0.260193	0	0.265347	0.269259	0.33467	0.355701	0.341517	0.334824	0.357899	0.33017	0.468523	0.464406	0.453851	0.462467	0.455909	0.459517	0.327025	0.331314	0.329881	0.331379	0.33319	0.32617	0.470877	0.470448	0.491119	0.475876	0.489203	0.485202	0.481342	0.479418	0.472016	0.471735	0.482559	0.472733	0.499087	0.495314	0.496965	0.496579	0.496798	0.516773	0.476841	0.477538	0.479168	0.475479	0.485038	0.484483	0.490875	0.489385	0.489661	0.489865	0.492041	0.489142	0.468584	0.472529	0.472853	0.520812	0.472405	0.467399
ERR618551	0.358395	0.371711	0.362226	0.361215	0.359577	0.361185	0.357103	0.337053	0.342201	0.333748	0.336396	0.337133	0.346532	0.360561	0.345236	0.35883	0.359024	0.345246	0.37959	0.392421	0.377837	0.382735	0.394363	0.381247	0.37959	0.392421	0.377837	0.382735	0.394363	0.381247	0.462065	0.460678	0.461593	0.460948	0.459988	0.461913	0.256712	0.265558	0.259698	0.265347	0	0.256187	0.323133	0.336199	0.325032	0.323068	0.338623	0.317648	0.474078	0.473949	0.453107	0.470926	0.454832	0.468098	0.303615	0.306641	0.306106	0.307292	0.308422	0.302531	0.462254	0.461914	0.498473	0.465561	0.495047	0.490864	0.489281	0.486989	0.478009	0.477371	0.491512	0.478652	0.500169	0.496755	0.49885	0.498226	0.498344	0.521081	0.457499	0.459119	0.458756	0.456678	0.464576	0.465089	0.490087	0.48787	0.491947	0.490931	0.489989	0.490489	0.471716	0.464332	0.464677	0.534609	0.464613	0.470323
ERR618549	0.35316	0.362367	0.35501	0.354231	0.353778	0.354441	0.361603	0.328851	0.3327	0.327336	0.328197	0.328807	0.34253	0.352974	0.341718	0.351227	0.351457	0.341355	0.376579	0.389403	0.372026	0.379053	0.390934	0.376934	0.376579	0.389403	0.372026	0.379053	0.390934	0.376934	0.457688	0.460035	0.457017	0.456697	0.459591	0.462093	0.257789	0.269436	0.260753	0.269259	0.256187	0	0.317109	0.326814	0.317868	0.316803	0.329325	0.315722	0.479387	0.477274	0.450349	0.474222	0.451525	0.470773	0.295703	0.298422	0.298148	0.298607	0.29967	0.297755	0.46003	0.459552	0.505405	0.461187	0.501381	0.496955	0.493572	0.491234	0.480248	0.479427	0.495653	0.480953	0.497815	0.495681	0.49721	0.496784	0.496697	0.525583	0.452628	0.455855	0.453582	0.452629	0.457539	0.462773	0.488938	0.486496	0.491347	0.489924	0.487367	0.489535	0.474065	0.462385	0.462526	0.542277	0.462348	0.471835
ERR613969	0.332069	0.338426	0.332409	0.330306	0.331806	0.332147	0.367406	0.312812	0.313683	0.313266	0.310679	0.312206	0.322224	0.331047	0.322218	0.329574	0.329272	0.321404	0.355687	0.370998	0.348065	0.357597	0.372611	0.355387	0.355687	0.370998	0.348065	0.357597	0.372611	0.355387	0.438308	0.447389	0.43815	0.437678	0.447149	0.450929	0.3259	0.334506	0.32425	0.33467	0.323133	0.317109	0	0.254209	0.248027	0.245526	0.255459	0.262378	0.48353	0.47864	0.4401	0.474832	0.440688	0.470122	0.303992	0.305637	0.303207	0.302756	0.304739	0.310979	0.456225	0.456043	0.514743	0.452253	0.510536	0.505869	0.496792	0.493997	0.480092	0.478413	0.498486	0.480254	0.498484	0.499147	0.500294	0.49922	0.499718	0.536917	0.434981	0.438329	0.437014	0.434708	0.441044	0.446258	0.487756	0.485871	0.490572	0.488767	0.484537	0.488679	0.473695	0.457613	0.457427	0.547646	0.456425	0.470971
ERR613971	0.333623	0.326323	0.326546	0.32583	0.332199	0.327205	0.377953	0.300716	0.298045	0.304695	0.299034	0.299357	0.325067	0.318316	0.327073	0.317486	0.317334	0.325842	0.362675	0.37217	0.344315	0.359903	0.372491	0.356137	0.362675	0.37217	0.344315	0.359903	0.372491	0.356137	0.436836	0.455942	0.436377	0.436682	0.457492	0.460328	0.340042	0.355618	0.340695	0.355701	0.336199	0.326814	0.254209	0	0.248501	0.253982	0.242997	0.277869	0.502066	0.497342	0.448397	0.493142	0.448049	0.488153	0.299871	0.298824	0.296628	0.294529	0.295624	0.311127	0.456071	0.456037	0.530484	0.448326	0.525328	0.520099	0.51016	0.506682	0.490369	0.488342	0.511977	0.490457	0.497841	0.499899	0.500748	0.499496	0.499833	0.544611	0.428	0.436035	0.427812	0.429929	0.426974	0.444306	0.487637	0.486077	0.493113	0.490541	0.483097	0.490445	0.482784	0.455844	0.455342	0.566362	0.454629	0.479699
ERR613967	0.3275	0.331228	0.325889	0.324686	0.327185	0.325999	0.360857	0.30181	0.302928	0.302483	0.300476	0.301444	0.314394	0.318181	0.315198	0.317147	0.316827	0.314402	0.34881	0.360717	0.33792	0.348269	0.361834	0.345861	0.34881	0.360717	0.33792	0.348269	0.361834	0.345861	0.433401	0.445772	0.433118	0.433017	0.446495	0.449319	0.327356	0.341271	0.329009	0.341517	0.325032	0.317868	0.248027	0.248501	0	0.248026	0.248643	0.261727	0.488613	0.486093	0.444239	0.482104	0.444789	0.477686	0.295769	0.296671	0.295036	0.294697	0.295745	0.302749	0.454528	0.454447	0.519062	0.449984	0.514178	0.509479	0.501769	0.498923	0.484764	0.483034	0.503869	0.484809	0.501841	0.502088	0.503516	0.502457	0.502593	0.539968	0.425223	0.429181	0.426888	0.425393	0.431007	0.436669	0.489452	0.487304	0.49361	0.49124	0.48582	0.491392	0.477345	0.456564	0.456244	0.554661	0.455495	0.474727
