	ERR618694	ERR618693	ERR618695	ERR618696	ERR618698	ERR618697	ERR613693	ERR613692	ERR613694	ERR613691	ERR613689	ERR613690	ERR607756	ERR607753	ERR607755	ERR607758	ERR607757	ERR607754	ERR626533	ERR626529	ERR626531	ERR626532	ERR626530	ERR626528	ERR621996	ERR621991	ERR621992	ERR621994	ERR621995	ERR621993	ERR618509	ERR618511	ERR618507	ERR618510	ERR618508	ERR618512	ERR609030	ERR609032	ERR609031	ERR609027	ERR609028	ERR609029	ERR612555	ERR612554	ERR612553	ERR612557	ERR612558	ERR612556	ERR638212	ERR638208	ERR638211	ERR638209	ERR638210	ERR638207	ERR629832	ERR629835	ERR629833	ERR629830	ERR629834	ERR629831	ERR617256	ERR617257	ERR617255	ERR617253	ERR617254	ERR617258	ERR617488	ERR617489	ERR617492	ERR617490	ERR617487	ERR617491	ERR616833	ERR616831	ERR616832	ERR616829	ERR616830	ERR616834	ERR616833	ERR616831	ERR616832	ERR616829	ERR616830	ERR616834	ERR638212	ERR638208	ERR638211	ERR638209	ERR638210	ERR638207	ERR616222	ERR616226	ERR616223	ERR616225	ERR616227	ERR616224
ERR618694	5.73459e+09	5.78126e+09	5.54888e+09	5.70434e+09	5.8304e+09	5.73533e+09	5.48164e+09	5.57867e+09	4.74244e+09	5.80525e+09	6.04496e+09	5.97407e+09	5.70014e+09	5.92361e+09	6.21771e+09	5.65653e+09	5.63209e+09	6.28839e+09	5.50093e+09	5.71071e+09	5.45702e+09	5.52861e+09	5.08277e+09	6.13451e+09	6.00611e+09	6.65087e+09	6.3305e+09	6.31071e+09	6.06369e+09	6.30347e+09	5.54602e+09	5.85872e+09	5.88844e+09	5.74465e+09	5.20641e+09	5.92791e+09	5.20148e+09	5.06632e+09	5.14756e+09	4.94897e+09	5.91795e+09	6.19165e+09	6.06955e+09	5.31988e+09	6.32548e+09	5.26689e+09	5.15973e+09	5.23333e+09	5.35167e+09	5.08549e+09	5.89241e+09	5.01157e+09	5.86547e+09	5.00081e+09	5.79078e+09	5.31525e+09	5.33494e+09	5.84739e+09	5.27185e+09	5.34701e+09	5.62135e+09	5.62861e+09	4.92491e+09	4.71265e+09	4.93937e+09	4.71474e+09	5.70183e+09	5.71716e+09	5.99837e+09	6.23094e+09	5.63005e+09	6.27671e+09	5.73399e+09	6.43454e+09	5.70281e+09	6.17925e+09	6.17352e+09	5.75864e+09	5.73399e+09	6.43454e+09	5.70281e+09	6.17925e+09	6.17352e+09	5.75864e+09	5.35167e+09	5.08549e+09	5.89241e+09	5.01157e+09	5.86547e+09	5.00081e+09	5.799e+09	6.4749e+09	6.10075e+09	6.46866e+09	6.57671e+09	5.61337e+09
ERR618693	5.78126e+09	6.28837e+09	5.81e+09	5.97816e+09	6.1155e+09	6.01129e+09	5.73607e+09	5.83882e+09	4.94764e+09	6.07737e+09	6.33722e+09	6.25947e+09	5.9683e+09	6.20896e+09	6.52463e+09	5.92156e+09	5.89503e+09	6.60255e+09	5.76929e+09	5.99218e+09	5.72286e+09	5.79916e+09	5.31801e+09	6.4469e+09	6.30019e+09	6.99447e+09	6.64808e+09	6.62828e+09	6.36167e+09	6.61865e+09	5.80513e+09	6.14177e+09	6.17218e+09	6.0198e+09	5.44216e+09	6.21583e+09	5.43986e+09	5.29571e+09	5.38224e+09	5.16639e+09	6.20456e+09	6.50024e+09	6.36125e+09	5.56122e+09	6.63918e+09	5.50578e+09	5.3917e+09	5.47022e+09	5.59774e+09	5.31637e+09	6.17919e+09	5.23858e+09	6.15014e+09	5.22583e+09	6.08161e+09	5.56548e+09	5.58752e+09	6.14266e+09	5.51978e+09	5.6033e+09	5.9051e+09	5.91251e+09	5.16011e+09	4.93261e+09	5.17435e+09	4.92987e+09	5.98942e+09	6.00679e+09	6.30618e+09	6.55892e+09	5.91035e+09	6.60769e+09	6.00884e+09	6.76359e+09	5.97466e+09	6.48754e+09	6.48311e+09	6.03453e+09	6.00884e+09	6.76359e+09	5.97466e+09	6.48754e+09	6.48311e+09	6.03453e+09	5.59774e+09	5.31637e+09	6.17919e+09	5.23858e+09	6.15014e+09	5.22583e+09	6.09568e+09	6.81924e+09	6.42083e+09	6.81367e+09	6.92907e+09	5.89956e+09
ERR618695	5.54888e+09	5.81e+09	5.79013e+09	5.73387e+09	5.86259e+09	5.76443e+09	5.50043e+09	5.59788e+09	4.75573e+09	5.82335e+09	6.06573e+09	5.99327e+09	5.7196e+09	5.94684e+09	6.24382e+09	5.67566e+09	5.65028e+09	6.31601e+09	5.52484e+09	5.7348e+09	5.4816e+09	5.55316e+09	5.10109e+09	6.1623e+09	6.03063e+09	6.68042e+09	6.35681e+09	6.33826e+09	6.08874e+09	6.33055e+09	5.56786e+09	5.88341e+09	5.91107e+09	5.76911e+09	5.22374e+09	5.95345e+09	5.22202e+09	5.08604e+09	5.168e+09	4.96558e+09	5.94275e+09	6.21935e+09	6.09048e+09	5.33626e+09	6.35168e+09	5.28333e+09	5.17578e+09	5.24966e+09	5.36456e+09	5.09918e+09	5.9124e+09	5.02438e+09	5.8851e+09	5.01365e+09	5.82082e+09	5.33962e+09	5.35945e+09	5.87797e+09	5.29588e+09	5.37328e+09	5.6537e+09	5.66044e+09	4.95176e+09	4.73731e+09	4.96636e+09	4.73658e+09	5.73567e+09	5.75111e+09	6.03313e+09	6.26885e+09	5.66198e+09	6.31543e+09	5.75167e+09	6.46009e+09	5.71936e+09	6.20152e+09	6.19686e+09	5.77617e+09	5.75167e+09	6.46009e+09	5.71936e+09	6.20152e+09	6.19686e+09	5.77617e+09	5.36456e+09	5.09918e+09	5.9124e+09	5.02438e+09	5.8851e+09	5.01365e+09	5.82882e+09	6.50852e+09	6.133e+09	6.5034e+09	6.61208e+09	5.64301e+09
ERR618696	5.70434e+09	5.97816e+09	5.73387e+09	6.12696e+09	6.04093e+09	5.93826e+09	5.65191e+09	5.75304e+09	4.87638e+09	5.98241e+09	6.23753e+09	6.15949e+09	5.87896e+09	6.11756e+09	6.42722e+09	5.83279e+09	5.80689e+09	6.50473e+09	5.68864e+09	5.90567e+09	5.64401e+09	5.71815e+09	5.24246e+09	6.35131e+09	6.20714e+09	6.88662e+09	6.54685e+09	6.52927e+09	6.26781e+09	6.51968e+09	5.72134e+09	6.05506e+09	6.0804e+09	5.93569e+09	5.36362e+09	6.12806e+09	5.36717e+09	5.22534e+09	5.31046e+09	5.09295e+09	6.11497e+09	6.40648e+09	6.26369e+09	5.47952e+09	6.53877e+09	5.42624e+09	5.31414e+09	5.39104e+09	5.50553e+09	5.23375e+09	6.08097e+09	5.15736e+09	6.05193e+09	5.1449e+09	5.99792e+09	5.49029e+09	5.51178e+09	6.05807e+09	5.44514e+09	5.52911e+09	5.82793e+09	5.83469e+09	5.09705e+09	4.87073e+09	5.11114e+09	4.86631e+09	5.91447e+09	5.93149e+09	6.22329e+09	6.4717e+09	5.83398e+09	6.52015e+09	5.91101e+09	6.65416e+09	5.87705e+09	6.38091e+09	6.37952e+09	5.93672e+09	5.91101e+09	6.65416e+09	5.87705e+09	6.38091e+09	6.37952e+09	5.93672e+09	5.50553e+09	5.23375e+09	6.08097e+09	5.15736e+09	6.05193e+09	5.1449e+09	6.01214e+09	6.72096e+09	6.33079e+09	6.71619e+09	6.82874e+09	5.82123e+09
ERR618698	5.8304e+09	6.1155e+09	5.86259e+09	6.04093e+09	6.41084e+09	6.07431e+09	5.77717e+09	5.88119e+09	4.97736e+09	6.11742e+09	6.38234e+09	6.30102e+09	6.01476e+09	6.26236e+09	6.58186e+09	5.9671e+09	5.94028e+09	6.66359e+09	5.82035e+09	6.04459e+09	5.77381e+09	5.8506e+09	5.35758e+09	6.50614e+09	6.35396e+09	7.05837e+09	6.70558e+09	6.68856e+09	6.41701e+09	6.67769e+09	5.85117e+09	6.19761e+09	6.22175e+09	6.07406e+09	5.48098e+09	6.27266e+09	5.48573e+09	5.34002e+09	5.4273e+09	5.20249e+09	6.25792e+09	6.56071e+09	6.41003e+09	5.60061e+09	6.69676e+09	5.54597e+09	5.43117e+09	5.5101e+09	5.62915e+09	5.34965e+09	6.22498e+09	5.27055e+09	6.19483e+09	5.25759e+09	6.14031e+09	5.61289e+09	5.63451e+09	6.20223e+09	5.56597e+09	5.65349e+09	5.96381e+09	5.97103e+09	5.20956e+09	4.97481e+09	5.22358e+09	4.96901e+09	6.05544e+09	6.0732e+09	6.3746e+09	6.63357e+09	5.97045e+09	6.68401e+09	6.04791e+09	6.81815e+09	6.01252e+09	6.53426e+09	6.53398e+09	6.07428e+09	6.04791e+09	6.81815e+09	6.01252e+09	6.53426e+09	6.53398e+09	6.07428e+09	5.62915e+09	5.34965e+09	6.22498e+09	5.27055e+09	6.19483e+09	5.25759e+09	6.15711e+09	6.89073e+09	6.48762e+09	6.88663e+09	7.00315e+09	5.96048e+09
ERR618697	5.73533e+09	6.01129e+09	5.76443e+09	5.93826e+09	6.07431e+09	6.1936e+09	5.68405e+09	5.78622e+09	4.90318e+09	6.01843e+09	6.27524e+09	6.19723e+09	5.91587e+09	6.15615e+09	6.46796e+09	5.86949e+09	5.84312e+09	6.54638e+09	5.72064e+09	5.93939e+09	5.67436e+09	5.74982e+09	5.27124e+09	6.3891e+09	6.24423e+09	6.92963e+09	6.58686e+09	6.56882e+09	6.30596e+09	6.55942e+09	5.75493e+09	6.09096e+09	6.11653e+09	5.9705e+09	5.39409e+09	6.16444e+09	5.39734e+09	5.25439e+09	5.34027e+09	5.12203e+09	6.15111e+09	6.44527e+09	6.30271e+09	5.51178e+09	6.58046e+09	5.45803e+09	5.34548e+09	5.42306e+09	5.53912e+09	5.2642e+09	6.11816e+09	5.1867e+09	6.08888e+09	5.17392e+09	6.03153e+09	5.52019e+09	5.54115e+09	6.0917e+09	5.47438e+09	5.55849e+09	5.85807e+09	5.86462e+09	5.12206e+09	4.8934e+09	5.13573e+09	4.88975e+09	5.94557e+09	5.96245e+09	6.25706e+09	6.50813e+09	5.86479e+09	6.55636e+09	5.94725e+09	6.69637e+09	5.91334e+09	6.42098e+09	6.41927e+09	5.97306e+09	5.94725e+09	6.69637e+09	5.91334e+09	6.42098e+09	6.41927e+09	5.97306e+09	5.53912e+09	5.2642e+09	6.11816e+09	5.1867e+09	6.08888e+09	5.17392e+09	6.04447e+09	6.75979e+09	6.36602e+09	6.75483e+09	6.86906e+09	5.8517e+09
ERR613693	5.48164e+09	5.73607e+09	5.50043e+09	5.65191e+09	5.77717e+09	5.68405e+09	6.12452e+09	6.03709e+09	5.13708e+09	6.29695e+09	6.53396e+09	6.47131e+09	6.17179e+09	6.37467e+09	6.64286e+09	6.13378e+09	6.10859e+09	6.70698e+09	5.80761e+09	6.04027e+09	5.75578e+09	5.83689e+09	5.37531e+09	6.4878e+09	6.4379e+09	7.06407e+09	6.75948e+09	6.73512e+09	6.4975e+09	6.7314e+09	5.86477e+09	6.18393e+09	6.22608e+09	6.06294e+09	5.51271e+09	6.25229e+09	5.47877e+09	5.33517e+09	5.42389e+09	5.24516e+09	6.25723e+09	6.53347e+09	6.51149e+09	5.75801e+09	6.74765e+09	5.69417e+09	5.5798e+09	5.66187e+09	5.83291e+09	5.53992e+09	6.35602e+09	5.45475e+09	6.33003e+09	5.44821e+09	5.85519e+09	5.37969e+09	5.39916e+09	5.91143e+09	5.33289e+09	5.40045e+09	5.5922e+09	5.6015e+09	4.88827e+09	4.68804e+09	4.90817e+09	4.69647e+09	5.69932e+09	5.71495e+09	6.00925e+09	6.24339e+09	5.63898e+09	6.29499e+09	6.19717e+09	6.86496e+09	6.1666e+09	6.62963e+09	6.62099e+09	6.21937e+09	6.19717e+09	6.86496e+09	6.1666e+09	6.62963e+09	6.62099e+09	6.21937e+09	5.83291e+09	5.53992e+09	6.35602e+09	5.45475e+09	6.33003e+09	5.44821e+09	6.06875e+09	6.78868e+09	6.38636e+09	6.77976e+09	6.89235e+09	5.85666e+09
ERR613692	5.57867e+09	5.83882e+09	5.59788e+09	5.75304e+09	5.88119e+09	5.78622e+09	6.03709e+09	6.34095e+09	5.22126e+09	6.41219e+09	6.6558e+09	6.59021e+09	6.28607e+09	6.49521e+09	6.77044e+09	6.24739e+09	6.22103e+09	6.83567e+09	5.91076e+09	6.14962e+09	5.85751e+09	5.9403e+09	5.46716e+09	6.60908e+09	6.55762e+09	7.20071e+09	6.8885e+09	6.8631e+09	6.61877e+09	6.85936e+09	5.96945e+09	6.29768e+09	6.34043e+09	6.17334e+09	5.60891e+09	6.36743e+09	5.57533e+09	5.42765e+09	5.51871e+09	5.33535e+09	6.37332e+09	6.65813e+09	6.63388e+09	5.8595e+09	6.8762e+09	5.79449e+09	5.67677e+09	5.76143e+09	5.93733e+09	5.63586e+09	6.47453e+09	5.5484e+09	6.44817e+09	5.54198e+09	5.95963e+09	5.47143e+09	5.49182e+09	6.01713e+09	5.42375e+09	5.49288e+09	5.6924e+09	5.70146e+09	4.97213e+09	4.76689e+09	4.99227e+09	4.77552e+09	5.80321e+09	5.81877e+09	6.11972e+09	6.35992e+09	5.74056e+09	6.41339e+09	6.31126e+09	6.99712e+09	6.27933e+09	6.75577e+09	6.74648e+09	6.3345e+09	6.31126e+09	6.99712e+09	6.27933e+09	6.75577e+09	6.74648e+09	6.3345e+09	5.93733e+09	5.63586e+09	6.47453e+09	5.5484e+09	6.44817e+09	5.54198e+09	6.17766e+09	6.91812e+09	6.50374e+09	6.90875e+09	7.02414e+09	5.96058e+09
ERR613694	4.74244e+09	4.94764e+09	4.75573e+09	4.87638e+09	4.97736e+09	4.90318e+09	5.13708e+09	5.22126e+09	4.65328e+09	5.43953e+09	5.62563e+09	5.5786e+09	5.33198e+09	5.49212e+09	5.70866e+09	5.30198e+09	5.28128e+09	5.75592e+09	5.01478e+09	5.20633e+09	4.97319e+09	5.03837e+09	4.67024e+09	5.56846e+09	5.53826e+09	6.03968e+09	5.79717e+09	5.77591e+09	5.58581e+09	5.77495e+09	5.07536e+09	5.33031e+09	5.36764e+09	5.2318e+09	4.78964e+09	5.38571e+09	4.75454e+09	4.63647e+09	4.70973e+09	4.57282e+09	5.39096e+09	5.61115e+09	5.60793e+09	4.99839e+09	5.79194e+09	4.94531e+09	4.85106e+09	4.9185e+09	5.06403e+09	4.81966e+09	5.47826e+09	4.74751e+09	5.45869e+09	4.74507e+09	5.03986e+09	4.66151e+09	4.67726e+09	5.08503e+09	4.62357e+09	4.67191e+09	4.80726e+09	4.81568e+09	4.22427e+09	4.06303e+09	4.24319e+09	4.07888e+09	4.89849e+09	4.91085e+09	5.15502e+09	5.34179e+09	4.85413e+09	5.38427e+09	5.35547e+09	5.88594e+09	5.33067e+09	5.70132e+09	5.68988e+09	5.37313e+09	5.35547e+09	5.88594e+09	5.33067e+09	5.70132e+09	5.68988e+09	5.37313e+09	5.06403e+09	4.81966e+09	5.47826e+09	4.74751e+09	5.45869e+09	4.74507e+09	5.21626e+09	5.80275e+09	5.47235e+09	5.79422e+09	5.88544e+09	5.03996e+09
ERR613691	5.80525e+09	6.07737e+09	5.82335e+09	5.98241e+09	6.11742e+09	6.01843e+09	6.29695e+09	6.41219e+09	5.43953e+09	6.92862e+09	6.9709e+09	6.90759e+09	6.58137e+09	6.79589e+09	7.08998e+09	6.54119e+09	6.513e+09	7.15306e+09	6.15236e+09	6.41037e+09	6.09507e+09	6.18372e+09	5.69331e+09	6.90063e+09	6.84892e+09	7.53568e+09	7.20431e+09	7.17362e+09	6.91445e+09	7.17289e+09	6.23711e+09	6.57828e+09	6.63137e+09	6.44431e+09	5.85746e+09	6.65286e+09	5.81069e+09	5.65401e+09	5.75083e+09	5.5787e+09	6.66724e+09	6.9656e+09	6.95059e+09	6.11992e+09	7.20068e+09	6.04629e+09	5.91926e+09	6.00942e+09	6.23101e+09	5.89743e+09	6.78617e+09	5.80128e+09	6.75918e+09	5.79861e+09	6.20067e+09	5.69802e+09	5.71856e+09	6.26117e+09	5.64734e+09	5.70999e+09	5.91199e+09	5.92191e+09	5.1507e+09	4.94367e+09	5.17407e+09	4.96377e+09	6.02522e+09	6.04099e+09	6.36652e+09	6.61655e+09	5.96704e+09	6.67275e+09	6.62061e+09	7.3375e+09	6.5872e+09	7.08907e+09	7.07101e+09	6.64426e+09	6.62061e+09	7.3375e+09	6.5872e+09	7.08907e+09	7.07101e+09	6.64426e+09	6.23101e+09	5.89743e+09	6.78617e+09	5.80128e+09	6.75918e+09	5.79861e+09	6.41804e+09	7.21267e+09	6.7627e+09	7.20096e+09	7.32498e+09	6.18082e+09
ERR613689	6.04496e+09	6.33722e+09	6.06573e+09	6.23753e+09	6.38234e+09	6.27524e+09	6.53396e+09	6.6558e+09	5.62563e+09	6.9709e+09	7.47352e+09	7.17858e+09	6.82675e+09	7.05959e+09	7.37489e+09	6.78262e+09	6.75313e+09	7.44609e+09	6.39855e+09	6.66854e+09	6.33849e+09	6.43143e+09	5.90661e+09	7.18855e+09	7.12622e+09	7.86485e+09	7.50546e+09	7.47552e+09	7.19602e+09	7.47166e+09	6.47268e+09	6.83832e+09	6.89235e+09	6.6975e+09	6.07056e+09	6.91765e+09	6.02909e+09	5.86403e+09	5.96591e+09	5.77282e+09	6.93002e+09	7.25037e+09	7.22222e+09	6.33876e+09	7.495e+09	6.26347e+09	6.12959e+09	6.2252e+09	6.45141e+09	6.10257e+09	7.04855e+09	6.0031e+09	7.01954e+09	5.99774e+09	6.47336e+09	5.93082e+09	5.95318e+09	6.53869e+09	5.87717e+09	5.9509e+09	6.1835e+09	6.19362e+09	5.37892e+09	5.15515e+09	5.40078e+09	5.1695e+09	6.29948e+09	6.31752e+09	6.65766e+09	6.92656e+09	6.23292e+09	6.98568e+09	6.87024e+09	7.64372e+09	6.83454e+09	7.37379e+09	7.35739e+09	6.89565e+09	6.87024e+09	7.64372e+09	6.83454e+09	7.37379e+09	7.35739e+09	6.89565e+09	6.45141e+09	6.10257e+09	7.04855e+09	6.0031e+09	7.01954e+09	5.99774e+09	6.69606e+09	7.53617e+09	7.06324e+09	7.52466e+09	7.65627e+09	6.44909e+09
ERR613690	5.97407e+09	6.25947e+09	5.99327e+09	6.15949e+09	6.30102e+09	6.19723e+09	6.47131e+09	6.59021e+09	5.5786e+09	6.90759e+09	7.17858e+09	7.33352e+09	6.76391e+09	6.98902e+09	7.2987e+09	6.7215e+09	6.69249e+09	7.36574e+09	6.32626e+09	6.59475e+09	6.26671e+09	6.35883e+09	5.84712e+09	7.106e+09	7.05026e+09	7.77412e+09	7.42369e+09	7.39166e+09	7.11859e+09	7.3896e+09	6.41049e+09	6.76676e+09	6.82303e+09	6.6283e+09	6.0159e+09	6.84535e+09	5.96882e+09	5.80535e+09	5.90615e+09	5.7252e+09	6.85942e+09	7.17141e+09	7.15288e+09	6.28211e+09	7.41565e+09	6.20716e+09	6.07436e+09	6.1687e+09	6.40346e+09	6.05356e+09	6.98206e+09	5.95445e+09	6.95449e+09	5.951e+09	6.39082e+09	5.86362e+09	5.88532e+09	6.45473e+09	5.81132e+09	5.87908e+09	6.0993e+09	6.10913e+09	5.30673e+09	5.0913e+09	5.3293e+09	5.11136e+09	6.21164e+09	6.22891e+09	6.56691e+09	6.82738e+09	6.15057e+09	6.88634e+09	6.81176e+09	7.56389e+09	6.77699e+09	7.30302e+09	7.28324e+09	6.83633e+09	6.81176e+09	7.56389e+09	6.77699e+09	7.30302e+09	7.28324e+09	6.83633e+09	6.40346e+09	6.05356e+09	6.98206e+09	5.95445e+09	6.95449e+09	5.951e+09	6.61109e+09	7.44074e+09	6.97206e+09	7.42839e+09	7.55814e+09	6.36515e+09
ERR607756	5.70014e+09	5.9683e+09	5.7196e+09	5.87896e+09	6.01476e+09	5.91587e+09	6.17179e+09	6.28607e+09	5.33198e+09	6.58137e+09	6.82675e+09	6.76391e+09	6.94869e+09	6.97711e+09	7.25551e+09	6.72612e+09	6.69755e+09	7.323e+09	6.05273e+09	6.31037e+09	5.99545e+09	6.08447e+09	5.58499e+09	6.8018e+09	6.79162e+09	7.46267e+09	7.13959e+09	7.11282e+09	6.85575e+09	7.10966e+09	6.27383e+09	6.62123e+09	6.6716e+09	6.48827e+09	5.88836e+09	6.69515e+09	5.88118e+09	5.72338e+09	5.82183e+09	5.64452e+09	6.75117e+09	7.0573e+09	6.92871e+09	6.10687e+09	7.1805e+09	6.03294e+09	5.90836e+09	5.99572e+09	6.18208e+09	5.85443e+09	6.74275e+09	5.75634e+09	6.7142e+09	5.75623e+09	5.99986e+09	5.49872e+09	5.5181e+09	6.05885e+09	5.44848e+09	5.51316e+09	5.66056e+09	5.67002e+09	4.92082e+09	4.71448e+09	4.94473e+09	4.72367e+09	5.80141e+09	5.81589e+09	6.13201e+09	6.38204e+09	5.73845e+09	6.43828e+09	6.53702e+09	7.23879e+09	6.5041e+09	6.99786e+09	6.98887e+09	6.56108e+09	6.53702e+09	7.23879e+09	6.5041e+09	6.99786e+09	6.98887e+09	6.56108e+09	6.18208e+09	5.85443e+09	6.74275e+09	5.75634e+09	6.7142e+09	5.75623e+09	6.28119e+09	7.07476e+09	6.62546e+09	7.06422e+09	7.18617e+09	6.04957e+09
ERR607753	5.92361e+09	6.20896e+09	5.94684e+09	6.11756e+09	6.26236e+09	6.15615e+09	6.37467e+09	6.49521e+09	5.49212e+09	6.79589e+09	7.05959e+09	6.98902e+09	6.97711e+09	7.40875e+09	7.51101e+09	6.93466e+09	6.9038e+09	7.58735e+09	6.26817e+09	6.53538e+09	6.20951e+09	6.30165e+09	5.77157e+09	7.05239e+09	7.03127e+09	7.74649e+09	7.40007e+09	7.37364e+09	7.09935e+09	7.36848e+09	6.48037e+09	6.85059e+09	6.89832e+09	6.71159e+09	6.07373e+09	6.92876e+09	6.07529e+09	5.91e+09	6.01269e+09	5.8149e+09	6.98346e+09	7.31068e+09	7.16094e+09	6.29409e+09	7.43546e+09	6.21902e+09	6.08941e+09	6.1804e+09	6.36244e+09	6.025e+09	6.96314e+09	5.92423e+09	6.93207e+09	5.9218e+09	6.24705e+09	5.70997e+09	5.73053e+09	6.30994e+09	5.65714e+09	5.73152e+09	5.91287e+09	5.92154e+09	5.13414e+09	4.91171e+09	5.15737e+09	4.91544e+09	6.05793e+09	6.07425e+09	6.40238e+09	6.66971e+09	5.98589e+09	6.72858e+09	6.74495e+09	7.49912e+09	6.70958e+09	7.23673e+09	7.23061e+09	6.7703e+09	6.74495e+09	7.49912e+09	6.70958e+09	7.23673e+09	7.23061e+09	6.7703e+09	6.36244e+09	6.025e+09	6.96314e+09	5.92423e+09	6.93207e+09	5.9218e+09	6.52889e+09	7.36162e+09	6.89283e+09	7.35096e+09	7.47981e+09	6.29069e+09
ERR607755	6.21771e+09	6.52463e+09	6.24382e+09	6.42722e+09	6.58186e+09	6.46796e+09	6.64286e+09	6.77044e+09	5.70866e+09	7.08998e+09	7.37489e+09	7.2987e+09	7.25551e+09	7.51101e+09	8.06528e+09	7.20839e+09	7.1751e+09	7.92679e+09	6.53636e+09	6.8191e+09	6.47448e+09	6.57204e+09	6.01058e+09	7.36996e+09	7.3426e+09	8.12078e+09	7.7414e+09	7.71341e+09	7.41617e+09	7.70802e+09	6.75535e+09	7.15002e+09	7.20072e+09	7.00201e+09	6.32452e+09	7.23422e+09	6.32919e+09	6.15363e+09	6.2619e+09	6.05153e+09	7.29232e+09	7.64382e+09	7.4725e+09	6.54193e+09	7.77e+09	6.46255e+09	6.3254e+09	6.42113e+09	6.61354e+09	6.25302e+09	7.25664e+09	6.1476e+09	7.22345e+09	6.14454e+09	6.56608e+09	5.99252e+09	6.01436e+09	6.63392e+09	5.93633e+09	6.01656e+09	6.23728e+09	6.24626e+09	5.40493e+09	5.16718e+09	5.4278e+09	5.17286e+09	6.37995e+09	6.39805e+09	6.74913e+09	7.03616e+09	6.30157e+09	7.0984e+09	7.03121e+09	7.84905e+09	6.99305e+09	7.56269e+09	7.55279e+09	7.05824e+09	7.03121e+09	7.84905e+09	6.99305e+09	7.56269e+09	7.55279e+09	7.05824e+09	6.61354e+09	6.25302e+09	7.25664e+09	6.1476e+09	7.22345e+09	6.14454e+09	6.82767e+09	7.7157e+09	7.21569e+09	7.70445e+09	7.84317e+09	6.57554e+09
ERR607758	5.65653e+09	5.92156e+09	5.67566e+09	5.83279e+09	5.9671e+09	5.86949e+09	6.13378e+09	6.24739e+09	5.30198e+09	6.54119e+09	6.78262e+09	6.7215e+09	6.72612e+09	6.93466e+09	7.20839e+09	6.86742e+09	6.65926e+09	7.27427e+09	6.01317e+09	6.26869e+09	5.95626e+09	6.04429e+09	5.55103e+09	6.75561e+09	6.74619e+09	7.40883e+09	7.09003e+09	7.06337e+09	6.80957e+09	7.0604e+09	6.23468e+09	6.57808e+09	6.6288e+09	6.44718e+09	5.85373e+09	6.65151e+09	5.84388e+09	5.68729e+09	5.78464e+09	5.61105e+09	6.70576e+09	7.00824e+09	6.88489e+09	6.07173e+09	7.13278e+09	5.99802e+09	5.87397e+09	5.96084e+09	6.15025e+09	5.82432e+09	6.70381e+09	5.7264e+09	6.67534e+09	5.72697e+09	5.95348e+09	5.45946e+09	5.47799e+09	6.01202e+09	5.40895e+09	5.47218e+09	5.61377e+09	5.62313e+09	4.88165e+09	4.67839e+09	4.90562e+09	4.68817e+09	5.75363e+09	5.76773e+09	6.08088e+09	6.32722e+09	5.69231e+09	6.38296e+09	6.49983e+09	7.19132e+09	6.46669e+09	6.95443e+09	6.9449e+09	6.52279e+09	6.49983e+09	7.19132e+09	6.46669e+09	6.95443e+09	6.9449e+09	6.52279e+09	6.15025e+09	5.82432e+09	6.70381e+09	5.7264e+09	6.67534e+09	5.72697e+09	6.23553e+09	7.02257e+09	6.57658e+09	7.01161e+09	7.13243e+09	6.00502e+09
ERR607757	5.63209e+09	5.89503e+09	5.65028e+09	5.80689e+09	5.94028e+09	5.84312e+09	6.10859e+09	6.22103e+09	5.28128e+09	6.513e+09	6.75313e+09	6.69249e+09	6.69755e+09	6.9038e+09	7.1751e+09	6.65926e+09	6.80884e+09	7.24069e+09	5.98927e+09	6.24345e+09	5.93255e+09	6.02039e+09	5.52948e+09	6.72745e+09	6.71899e+09	7.37689e+09	7.06076e+09	7.03426e+09	6.78231e+09	7.03137e+09	6.20851e+09	6.54995e+09	6.60008e+09	6.4192e+09	5.82963e+09	6.62258e+09	5.81915e+09	5.66383e+09	5.76064e+09	5.58764e+09	6.67587e+09	6.97692e+09	6.85563e+09	6.04789e+09	7.10147e+09	5.97492e+09	5.85176e+09	5.93815e+09	6.12454e+09	5.80132e+09	6.67404e+09	5.70388e+09	6.64603e+09	5.70421e+09	5.92669e+09	5.4345e+09	5.45343e+09	5.98416e+09	5.38466e+09	5.44784e+09	5.58784e+09	5.5977e+09	4.85981e+09	4.65758e+09	4.88395e+09	4.66725e+09	5.72764e+09	5.74208e+09	6.05316e+09	6.29827e+09	5.66673e+09	6.35353e+09	6.47213e+09	7.15823e+09	6.43943e+09	6.9233e+09	6.91376e+09	6.49505e+09	6.47213e+09	7.15823e+09	6.43943e+09	6.9233e+09	6.91376e+09	6.49505e+09	6.12454e+09	5.80132e+09	6.67404e+09	5.70388e+09	6.64603e+09	5.70421e+09	6.21198e+09	6.99381e+09	6.55109e+09	6.98345e+09	7.10331e+09	5.98315e+09
ERR607754	6.28839e+09	6.60255e+09	6.31601e+09	6.50473e+09	6.66359e+09	6.54638e+09	6.70698e+09	6.83567e+09	5.75592e+09	7.15306e+09	7.44609e+09	7.36574e+09	7.323e+09	7.58735e+09	7.92679e+09	7.27427e+09	7.24069e+09	8.242e+09	6.61347e+09	6.89762e+09	6.55063e+09	6.64928e+09	6.07138e+09	7.45876e+09	7.42378e+09	8.21875e+09	7.82933e+09	7.80273e+09	7.49844e+09	7.79467e+09	6.81726e+09	7.2231e+09	7.2706e+09	7.07271e+09	6.37879e+09	7.30777e+09	6.39003e+09	6.21178e+09	6.32158e+09	6.09768e+09	7.36398e+09	7.72587e+09	7.54351e+09	6.59968e+09	7.85304e+09	6.52059e+09	6.38197e+09	6.47884e+09	6.66214e+09	6.30431e+09	7.32481e+09	6.19853e+09	7.29033e+09	6.19322e+09	6.64995e+09	6.05709e+09	6.0804e+09	6.71927e+09	6.00054e+09	6.08709e+09	6.32433e+09	6.33329e+09	5.47804e+09	5.23149e+09	5.5002e+09	5.22894e+09	6.47197e+09	6.49071e+09	6.84401e+09	7.14111e+09	6.38698e+09	7.20483e+09	7.09008e+09	7.93145e+09	7.05054e+09	7.63485e+09	7.62928e+09	7.11809e+09	7.09008e+09	7.93145e+09	7.05054e+09	7.63485e+09	7.62928e+09	7.11809e+09	6.66214e+09	6.30431e+09	7.32481e+09	6.19853e+09	7.29033e+09	6.19322e+09	6.92143e+09	7.82121e+09	7.31806e+09	7.81243e+09	7.95289e+09	6.66993e+09
ERR626533	5.50093e+09	5.76929e+09	5.52484e+09	5.68864e+09	5.82035e+09	5.72064e+09	5.80761e+09	5.91076e+09	5.01478e+09	6.15236e+09	6.39855e+09	6.32626e+09	6.05273e+09	6.26817e+09	6.53636e+09	6.01317e+09	5.98927e+09	6.61347e+09	6.52281e+09	6.57112e+09	6.27761e+09	6.36274e+09	5.82611e+09	7.06316e+09	6.40502e+09	7.05957e+09	6.73633e+09	6.71742e+09	6.46656e+09	6.70419e+09	5.77834e+09	6.10701e+09	6.13915e+09	5.98721e+09	5.42437e+09	6.17545e+09	5.35588e+09	5.21469e+09	5.30097e+09	5.09533e+09	6.1112e+09	6.39188e+09	6.36256e+09	5.6117e+09	6.61912e+09	5.55653e+09	5.44462e+09	5.52565e+09	6.15106e+09	5.855e+09	6.76047e+09	5.76966e+09	6.72951e+09	5.75435e+09	6.32786e+09	5.78806e+09	5.81064e+09	6.38908e+09	5.73955e+09	5.82998e+09	6.15286e+09	6.16067e+09	5.39072e+09	5.15439e+09	5.40823e+09	5.13843e+09	6.28897e+09	6.30683e+09	6.6107e+09	6.87458e+09	6.20544e+09	6.9305e+09	6.56957e+09	7.32755e+09	6.53221e+09	7.05368e+09	7.05887e+09	6.59487e+09	6.56957e+09	7.32755e+09	6.53221e+09	7.05368e+09	7.05887e+09	6.59487e+09	6.15106e+09	5.855e+09	6.76047e+09	5.76966e+09	6.72951e+09	5.75435e+09	6.60592e+09	7.36477e+09	6.95085e+09	7.35782e+09	7.47727e+09	6.39625e+09
ERR626529	5.71071e+09	5.99218e+09	5.7348e+09	5.90567e+09	6.04459e+09	5.93939e+09	6.04027e+09	6.14962e+09	5.20633e+09	6.41037e+09	6.66854e+09	6.59475e+09	6.31037e+09	6.53538e+09	6.8191e+09	6.26869e+09	6.24345e+09	6.89762e+09	6.57112e+09	7.03319e+09	6.5143e+09	6.60474e+09	6.04399e+09	7.35474e+09	6.6692e+09	7.36178e+09	7.02076e+09	6.99908e+09	6.73426e+09	6.98697e+09	6.01744e+09	6.36313e+09	6.39903e+09	6.23576e+09	5.64432e+09	6.4354e+09	5.57045e+09	5.42132e+09	5.51301e+09	5.30511e+09	6.37294e+09	6.66824e+09	6.63613e+09	5.84056e+09	6.90408e+09	5.78149e+09	5.66268e+09	5.74834e+09	6.40842e+09	6.08837e+09	7.04578e+09	5.99737e+09	7.01377e+09	5.9826e+09	6.5724e+09	6.00457e+09	6.02819e+09	6.63727e+09	5.95269e+09	6.04624e+09	6.38568e+09	6.39392e+09	5.58144e+09	5.33528e+09	5.59974e+09	5.32388e+09	6.52422e+09	6.54366e+09	6.86751e+09	7.14487e+09	6.43781e+09	7.20348e+09	6.84932e+09	7.64795e+09	6.81028e+09	7.36037e+09	7.36238e+09	6.87575e+09	6.84932e+09	7.64795e+09	6.81028e+09	7.36037e+09	7.36238e+09	6.87575e+09	6.40842e+09	6.08837e+09	7.04578e+09	5.99737e+09	7.01377e+09	5.9826e+09	6.85774e+09	7.66749e+09	7.22338e+09	7.6598e+09	7.78688e+09	6.63196e+09
ERR626531	5.45702e+09	5.72286e+09	5.4816e+09	5.64401e+09	5.77381e+09	5.67436e+09	5.75578e+09	5.85751e+09	4.97319e+09	6.09507e+09	6.33849e+09	6.26671e+09	5.99545e+09	6.20951e+09	6.47448e+09	5.95626e+09	5.93255e+09	6.55063e+09	6.27761e+09	6.5143e+09	6.4127e+09	6.30851e+09	5.77703e+09	6.99818e+09	6.34629e+09	6.99172e+09	6.67263e+09	6.65474e+09	6.40677e+09	6.64177e+09	5.72509e+09	6.05037e+09	6.08047e+09	5.9322e+09	5.37467e+09	6.11797e+09	5.30894e+09	5.16977e+09	5.25496e+09	5.05067e+09	6.05411e+09	6.33109e+09	6.30244e+09	5.56056e+09	6.55634e+09	5.50648e+09	5.39566e+09	5.47602e+09	6.09497e+09	5.80448e+09	6.69953e+09	5.71952e+09	6.66847e+09	5.70396e+09	6.27763e+09	5.74297e+09	5.76589e+09	6.33773e+09	5.69518e+09	5.78513e+09	6.10484e+09	6.11318e+09	5.3522e+09	5.11782e+09	5.36949e+09	5.10088e+09	6.23878e+09	6.25734e+09	6.55699e+09	6.81747e+09	6.1554e+09	6.87221e+09	6.51033e+09	7.25952e+09	6.47326e+09	6.98846e+09	6.99423e+09	6.53515e+09	6.51033e+09	7.25952e+09	6.47326e+09	6.98846e+09	6.99423e+09	6.53515e+09	6.09497e+09	5.80448e+09	6.69953e+09	5.71952e+09	6.66847e+09	5.70396e+09	6.54973e+09	7.29751e+09	6.88915e+09	7.29114e+09	7.4088e+09	6.34331e+09
ERR626532	5.52861e+09	5.79916e+09	5.55316e+09	5.71815e+09	5.8506e+09	5.74982e+09	5.83689e+09	5.9403e+09	5.03837e+09	6.18372e+09	6.43143e+09	6.35883e+09	6.08447e+09	6.30165e+09	6.57204e+09	6.04429e+09	6.02039e+09	6.64928e+09	6.36274e+09	6.60474e+09	6.30851e+09	6.58728e+09	5.85291e+09	7.10048e+09	6.43745e+09	7.09634e+09	6.77111e+09	6.75245e+09	6.49957e+09	6.73937e+09	5.80805e+09	6.13901e+09	6.17054e+09	6.01879e+09	5.45089e+09	6.20865e+09	5.38285e+09	5.24061e+09	5.32748e+09	5.1211e+09	6.14359e+09	6.42614e+09	6.39666e+09	5.64035e+09	6.6556e+09	5.58493e+09	5.47207e+09	5.55384e+09	6.18083e+09	5.88287e+09	6.79549e+09	5.79652e+09	6.76432e+09	5.78097e+09	6.36036e+09	5.81572e+09	5.83851e+09	6.42241e+09	5.76674e+09	5.85845e+09	6.18582e+09	6.19356e+09	5.41869e+09	5.17964e+09	5.4359e+09	5.16297e+09	6.32177e+09	6.34024e+09	6.64587e+09	6.91172e+09	6.23614e+09	6.96765e+09	6.60339e+09	7.36768e+09	6.56592e+09	7.09161e+09	7.09707e+09	6.62884e+09	6.60339e+09	7.36768e+09	6.56592e+09	7.09161e+09	7.09707e+09	6.62884e+09	6.18083e+09	5.88287e+09	6.79549e+09	5.79652e+09	6.76432e+09	5.78097e+09	6.64036e+09	7.40503e+09	6.98773e+09	7.39869e+09	7.51878e+09	6.42883e+09
ERR626530	5.08277e+09	5.31801e+09	5.10109e+09	5.24246e+09	5.35758e+09	5.27124e+09	5.37531e+09	5.46716e+09	4.67024e+09	5.69331e+09	5.90661e+09	5.84712e+09	5.58499e+09	5.77157e+09	6.01058e+09	5.55103e+09	5.52948e+09	6.07138e+09	5.82611e+09	6.04399e+09	5.77703e+09	5.85291e+09	5.56626e+09	6.47283e+09	5.89713e+09	6.47173e+09	6.1915e+09	6.17052e+09	5.95149e+09	6.16233e+09	5.33646e+09	5.62203e+09	5.65543e+09	5.51497e+09	5.02362e+09	5.68233e+09	4.94903e+09	4.82299e+09	4.90052e+09	4.73126e+09	5.62518e+09	5.86798e+09	5.86744e+09	5.19706e+09	6.08454e+09	5.14564e+09	5.04399e+09	5.1175e+09	5.71372e+09	5.44096e+09	6.23488e+09	5.36228e+09	6.20953e+09	5.35162e+09	5.81012e+09	5.35167e+09	5.37029e+09	5.86271e+09	5.30761e+09	5.37836e+09	5.63902e+09	5.64706e+09	4.96435e+09	4.76326e+09	4.98266e+09	4.76369e+09	5.75602e+09	5.77161e+09	6.04533e+09	6.26923e+09	5.6915e+09	6.31761e+09	6.07938e+09	6.72702e+09	6.04751e+09	6.49565e+09	6.49271e+09	6.10087e+09	6.07938e+09	6.72702e+09	6.04751e+09	6.49565e+09	6.49271e+09	6.10087e+09	5.71372e+09	5.44096e+09	6.23488e+09	5.36228e+09	6.20953e+09	5.35162e+09	6.04974e+09	6.7201e+09	6.34898e+09	6.7117e+09	6.81652e+09	5.85706e+09
ERR626528	6.13451e+09	6.4469e+09	6.1623e+09	6.35131e+09	6.50614e+09	6.3891e+09	6.4878e+09	6.60908e+09	5.56846e+09	6.90063e+09	7.18855e+09	7.106e+09	6.8018e+09	7.05239e+09	7.36996e+09	6.75561e+09	6.72745e+09	7.45876e+09	7.06316e+09	7.35474e+09	6.99818e+09	7.10048e+09	6.47283e+09	8.17675e+09	7.19089e+09	7.96878e+09	7.58484e+09	7.56127e+09	7.26358e+09	7.5471e+09	6.47694e+09	6.86191e+09	6.90199e+09	6.7198e+09	6.06428e+09	6.94349e+09	5.98752e+09	5.82241e+09	5.92338e+09	5.69713e+09	6.87981e+09	7.21287e+09	7.16246e+09	6.27552e+09	7.46245e+09	6.20847e+09	6.07687e+09	6.17191e+09	6.88368e+09	6.52602e+09	7.59651e+09	6.42391e+09	7.56003e+09	6.40841e+09	7.08364e+09	6.4456e+09	6.47119e+09	7.15632e+09	6.38755e+09	6.49174e+09	6.88776e+09	6.89653e+09	5.98935e+09	5.71545e+09	6.00928e+09	5.7025e+09	7.04299e+09	7.06537e+09	7.42819e+09	7.74347e+09	6.94435e+09	7.80954e+09	7.37705e+09	8.28085e+09	7.33315e+09	7.95376e+09	7.95542e+09	7.40666e+09	7.37705e+09	8.28085e+09	7.33315e+09	7.95376e+09	7.95542e+09	7.40666e+09	6.88368e+09	6.52602e+09	7.59651e+09	6.42391e+09	7.56003e+09	6.40841e+09	7.39277e+09	8.31075e+09	7.80686e+09	8.30214e+09	8.44743e+09	7.14005e+09
ERR621996	6.00611e+09	6.30019e+09	6.03063e+09	6.20714e+09	6.35396e+09	6.24423e+09	6.4379e+09	6.55762e+09	5.53826e+09	6.84892e+09	7.12622e+09	7.05026e+09	6.79162e+09	7.03127e+09	7.3426e+09	6.74619e+09	6.71899e+09	7.42378e+09	6.40502e+09	6.6692e+09	6.34629e+09	6.43745e+09	5.89713e+09	7.19089e+09	7.4709e+09	7.99463e+09	7.6271e+09	7.60571e+09	7.32015e+09	7.59615e+09	6.43573e+09	6.80941e+09	6.85326e+09	6.66927e+09	6.03164e+09	6.88783e+09	6.01246e+09	5.84811e+09	5.94903e+09	5.73673e+09	6.90367e+09	7.23012e+09	7.18406e+09	6.30903e+09	7.46847e+09	6.23733e+09	6.10748e+09	6.20048e+09	6.3911e+09	6.06087e+09	7.00961e+09	5.96248e+09	6.97869e+09	5.95485e+09	6.46528e+09	5.90449e+09	5.92813e+09	6.53111e+09	5.85207e+09	5.93539e+09	6.1858e+09	6.19652e+09	5.3827e+09	5.14859e+09	5.40247e+09	5.14799e+09	6.33098e+09	6.35097e+09	6.68566e+09	6.96242e+09	6.25265e+09	7.02348e+09	6.81615e+09	7.60647e+09	6.78029e+09	7.32557e+09	7.32045e+09	6.84373e+09	6.81615e+09	7.60647e+09	6.78029e+09	7.32557e+09	7.32045e+09	6.84373e+09	6.3911e+09	6.06087e+09	7.00961e+09	5.96248e+09	6.97869e+09	5.95485e+09	6.72125e+09	7.55722e+09	7.09135e+09	7.54991e+09	7.68098e+09	6.48282e+09
ERR621991	6.65087e+09	6.99447e+09	6.68042e+09	6.88662e+09	7.05837e+09	6.92963e+09	7.06407e+09	7.20071e+09	6.03968e+09	7.53568e+09	7.86485e+09	7.77412e+09	7.46267e+09	7.74649e+09	8.12078e+09	7.40883e+09	7.37689e+09	8.21875e+09	7.05957e+09	7.36178e+09	6.99172e+09	7.09634e+09	6.47173e+09	7.96878e+09	7.99463e+09	9.18315e+09	8.45653e+09	8.42676e+09	8.08073e+09	8.41697e+09	7.07908e+09	7.5126e+09	7.56267e+09	7.35248e+09	6.61728e+09	7.60453e+09	6.60665e+09	6.41866e+09	6.53352e+09	6.287e+09	7.62634e+09	8.01094e+09	7.9241e+09	6.89863e+09	8.26629e+09	6.8174e+09	6.66913e+09	6.77549e+09	7.00895e+09	6.62782e+09	7.73224e+09	6.51785e+09	7.69571e+09	6.50639e+09	7.19882e+09	6.54067e+09	6.56881e+09	7.27639e+09	6.48074e+09	6.58194e+09	6.91371e+09	6.92473e+09	5.9852e+09	5.71277e+09	6.00468e+09	5.70882e+09	7.06709e+09	7.09246e+09	7.47829e+09	7.80611e+09	6.9729e+09	7.87583e+09	7.51202e+09	8.45318e+09	7.46924e+09	8.11521e+09	8.10683e+09	7.54431e+09	7.51202e+09	8.45318e+09	7.46924e+09	8.11521e+09	8.10683e+09	7.54431e+09	7.00895e+09	6.62782e+09	7.73224e+09	6.51785e+09	7.69571e+09	6.50639e+09	7.44956e+09	8.42343e+09	7.88172e+09	8.41538e+09	8.57057e+09	7.17829e+09
ERR621992	6.3305e+09	6.64808e+09	6.35681e+09	6.54685e+09	6.70558e+09	6.58686e+09	6.75948e+09	6.8885e+09	5.79717e+09	7.20431e+09	7.50546e+09	7.42369e+09	7.13959e+09	7.40007e+09	7.7414e+09	7.09003e+09	7.06076e+09	7.82933e+09	6.73633e+09	7.02076e+09	6.67263e+09	6.77111e+09	6.1915e+09	7.58484e+09	7.6271e+09	8.45653e+09	8.29527e+09	8.02052e+09	7.70575e+09	8.0146e+09	6.76626e+09	7.16789e+09	7.21629e+09	7.01783e+09	6.33365e+09	7.25303e+09	6.31593e+09	6.13947e+09	6.24785e+09	6.02208e+09	7.27289e+09	7.62728e+09	7.56649e+09	6.61465e+09	7.87687e+09	6.53727e+09	6.39743e+09	6.49735e+09	6.71618e+09	6.35793e+09	7.38334e+09	6.25308e+09	7.34989e+09	6.24431e+09	6.83064e+09	6.22596e+09	6.25104e+09	6.90205e+09	6.1698e+09	6.26019e+09	6.545e+09	6.55534e+09	5.68087e+09	5.42938e+09	5.7006e+09	5.43e+09	6.69351e+09	6.71648e+09	7.077e+09	7.37711e+09	6.60959e+09	7.44258e+09	7.17868e+09	8.03917e+09	7.13934e+09	7.73208e+09	7.72418e+09	7.20796e+09	7.17868e+09	8.03917e+09	7.13934e+09	7.73208e+09	7.72418e+09	7.20796e+09	6.71618e+09	6.35793e+09	7.38334e+09	6.25308e+09	7.34989e+09	6.24431e+09	7.08473e+09	7.98975e+09	7.4843e+09	7.98177e+09	8.12449e+09	6.82743e+09
ERR621994	6.31071e+09	6.62828e+09	6.33826e+09	6.52927e+09	6.68856e+09	6.56882e+09	6.73512e+09	6.8631e+09	5.77591e+09	7.17362e+09	7.47552e+09	7.39166e+09	7.11282e+09	7.37364e+09	7.71341e+09	7.06337e+09	7.03426e+09	7.80273e+09	6.71742e+09	6.99908e+09	6.65474e+09	6.75245e+09	6.17052e+09	7.56127e+09	7.60571e+09	8.42676e+09	8.02052e+09	8.2402e+09	7.68353e+09	7.98703e+09	6.74156e+09	7.14455e+09	7.18985e+09	6.99486e+09	6.30922e+09	7.22931e+09	6.2959e+09	6.12015e+09	6.22807e+09	5.99861e+09	7.24731e+09	7.60162e+09	7.53613e+09	6.59039e+09	7.84827e+09	6.51472e+09	6.37569e+09	6.47505e+09	6.68406e+09	6.33157e+09	7.35339e+09	6.22737e+09	7.31961e+09	6.21811e+09	6.81224e+09	6.20587e+09	6.23109e+09	6.88387e+09	6.14956e+09	6.24185e+09	6.52874e+09	6.53909e+09	5.66753e+09	5.41443e+09	5.68747e+09	5.41121e+09	6.67931e+09	6.70176e+09	7.05927e+09	7.36019e+09	6.5923e+09	7.42594e+09	7.14486e+09	8.00503e+09	7.10586e+09	7.69757e+09	7.69258e+09	7.17458e+09	7.14486e+09	8.00503e+09	7.10586e+09	7.69757e+09	7.69258e+09	7.17458e+09	6.68406e+09	6.33157e+09	7.35339e+09	6.22737e+09	7.31961e+09	6.21811e+09	7.06939e+09	7.96888e+09	7.46722e+09	7.96148e+09	8.10325e+09	6.81586e+09
ERR621995	6.06369e+09	6.36167e+09	6.08874e+09	6.26781e+09	6.41701e+09	6.30596e+09	6.4975e+09	6.61877e+09	5.58581e+09	6.91445e+09	7.19602e+09	7.11859e+09	6.85575e+09	7.09935e+09	7.41617e+09	6.80957e+09	6.78231e+09	7.49844e+09	6.46656e+09	6.73426e+09	6.40677e+09	6.49957e+09	5.95149e+09	7.26358e+09	7.32015e+09	8.08073e+09	7.70575e+09	7.68353e+09	7.61804e+09	7.6742e+09	6.4946e+09	6.8742e+09	6.91846e+09	6.73239e+09	6.08515e+09	6.95371e+09	6.06741e+09	5.90113e+09	6.00397e+09	5.78797e+09	6.97058e+09	7.30326e+09	7.2547e+09	6.36588e+09	7.5441e+09	6.2932e+09	6.16167e+09	6.2562e+09	6.45083e+09	6.11614e+09	7.0787e+09	6.01613e+09	7.04712e+09	6.00854e+09	6.53142e+09	5.96263e+09	5.98673e+09	6.59867e+09	5.90928e+09	5.99415e+09	6.25032e+09	6.2606e+09	5.43614e+09	5.19864e+09	5.45625e+09	5.19773e+09	6.3966e+09	6.41725e+09	6.75654e+09	7.03719e+09	6.31687e+09	7.09938e+09	6.88265e+09	7.68553e+09	6.84533e+09	7.39966e+09	7.39413e+09	6.90975e+09	6.88265e+09	7.68553e+09	6.84533e+09	7.39966e+09	7.39413e+09	6.90975e+09	6.45083e+09	6.11614e+09	7.0787e+09	6.01613e+09	7.04712e+09	6.00854e+09	6.78934e+09	7.63787e+09	7.165e+09	7.62992e+09	7.7635e+09	6.54712e+09
ERR621993	6.30347e+09	6.61865e+09	6.33055e+09	6.51968e+09	6.67769e+09	6.55942e+09	6.7314e+09	6.85936e+09	5.77495e+09	7.17289e+09	7.47166e+09	7.3896e+09	7.10966e+09	7.36848e+09	7.70802e+09	7.0604e+09	7.03137e+09	7.79467e+09	6.70419e+09	6.98697e+09	6.64177e+09	6.73937e+09	6.16233e+09	7.5471e+09	7.59615e+09	8.41697e+09	8.0146e+09	7.98703e+09	7.6742e+09	8.22469e+09	6.7386e+09	7.13854e+09	7.18501e+09	6.98968e+09	6.30833e+09	7.22327e+09	6.29118e+09	6.11591e+09	6.22361e+09	5.99988e+09	7.24316e+09	7.59499e+09	7.53462e+09	6.58821e+09	7.84294e+09	6.51223e+09	6.37248e+09	6.47194e+09	6.68601e+09	6.33053e+09	7.34952e+09	6.22537e+09	7.31575e+09	6.21748e+09	6.79801e+09	6.19767e+09	6.2222e+09	6.8691e+09	6.14147e+09	6.23114e+09	6.51348e+09	6.52379e+09	5.65405e+09	5.40429e+09	5.67402e+09	5.40513e+09	6.66302e+09	6.68481e+09	7.04423e+09	7.3421e+09	6.57867e+09	7.40697e+09	7.14516e+09	7.99884e+09	7.10566e+09	7.69419e+09	7.68651e+09	7.17379e+09	7.14516e+09	7.99884e+09	7.10566e+09	7.69419e+09	7.68651e+09	7.17379e+09	6.68601e+09	6.33053e+09	7.34952e+09	6.22537e+09	7.31575e+09	6.21748e+09	7.05054e+09	7.95005e+09	7.44779e+09	7.94229e+09	8.08371e+09	6.79522e+09
ERR618509	5.54602e+09	5.80513e+09	5.56786e+09	5.72134e+09	5.85117e+09	5.75493e+09	5.86477e+09	5.96945e+09	5.07536e+09	6.23711e+09	6.47268e+09	6.41049e+09	6.27383e+09	6.48037e+09	6.75535e+09	6.23468e+09	6.20851e+09	6.81726e+09	5.77834e+09	6.01744e+09	5.72509e+09	5.80805e+09	5.33646e+09	6.47694e+09	6.43573e+09	7.07908e+09	6.76626e+09	6.74156e+09	6.4946e+09	6.7386e+09	6.30958e+09	6.44174e+09	6.48649e+09	6.31489e+09	5.73859e+09	6.51421e+09	5.63781e+09	5.48854e+09	5.5803e+09	5.40427e+09	6.44808e+09	6.73439e+09	6.56219e+09	5.78606e+09	6.80449e+09	5.71959e+09	5.60324e+09	5.68363e+09	5.81644e+09	5.51301e+09	6.3463e+09	5.42455e+09	6.32014e+09	5.42266e+09	5.83191e+09	5.34872e+09	5.3676e+09	5.88988e+09	5.30091e+09	5.36609e+09	5.55383e+09	5.56249e+09	4.83111e+09	4.62906e+09	4.85358e+09	4.64127e+09	5.66955e+09	5.68379e+09	5.99037e+09	6.22919e+09	5.60829e+09	6.28208e+09	6.17038e+09	6.84754e+09	6.13844e+09	6.60978e+09	6.59956e+09	6.19388e+09	6.17038e+09	6.84754e+09	6.13844e+09	6.60978e+09	6.59956e+09	6.19388e+09	5.81644e+09	5.51301e+09	6.3463e+09	5.42455e+09	6.32014e+09	5.42266e+09	6.0244e+09	6.76607e+09	6.34895e+09	6.75643e+09	6.87135e+09	5.8077e+09
ERR618511	5.85872e+09	6.14177e+09	5.88341e+09	6.05506e+09	6.19761e+09	6.09096e+09	6.18393e+09	6.29768e+09	5.33031e+09	6.57828e+09	6.83832e+09	6.76676e+09	6.62123e+09	6.85059e+09	7.15002e+09	6.57808e+09	6.54995e+09	7.2231e+09	6.10701e+09	6.36313e+09	6.05037e+09	6.13901e+09	5.62203e+09	6.86191e+09	6.80941e+09	7.5126e+09	7.16789e+09	7.14455e+09	6.8742e+09	7.13854e+09	6.44174e+09	7.02672e+09	6.85134e+09	6.6753e+09	6.03728e+09	6.89096e+09	5.94291e+09	5.78123e+09	5.88091e+09	5.67638e+09	6.81405e+09	7.13136e+09	6.93276e+09	6.09243e+09	7.20314e+09	6.02416e+09	5.89901e+09	5.98656e+09	6.11617e+09	5.79626e+09	6.70032e+09	5.70286e+09	6.67135e+09	5.69728e+09	6.17668e+09	5.64386e+09	5.6645e+09	6.24023e+09	5.59228e+09	5.66923e+09	5.88846e+09	5.89791e+09	5.11078e+09	4.88758e+09	5.13281e+09	4.89335e+09	6.01614e+09	6.03267e+09	6.35826e+09	6.62257e+09	5.943e+09	6.68011e+09	6.50447e+09	7.25085e+09	6.46933e+09	6.98536e+09	6.97982e+09	6.53033e+09	6.50447e+09	7.25085e+09	6.46933e+09	6.98536e+09	6.97982e+09	6.53033e+09	6.11617e+09	5.79626e+09	6.70032e+09	5.70286e+09	6.67135e+09	5.69728e+09	6.38895e+09	7.19147e+09	6.74277e+09	7.18326e+09	7.30771e+09	6.15921e+09
ERR618507	5.88844e+09	6.17218e+09	5.91107e+09	6.0804e+09	6.22175e+09	6.11653e+09	6.22608e+09	6.34043e+09	5.36764e+09	6.63137e+09	6.89235e+09	6.82303e+09	6.6716e+09	6.89832e+09	7.20072e+09	6.6288e+09	6.60008e+09	7.2706e+09	6.13915e+09	6.39903e+09	6.08047e+09	6.17054e+09	5.65543e+09	6.90199e+09	6.85326e+09	7.56267e+09	7.21629e+09	7.18985e+09	6.91846e+09	7.18501e+09	6.48649e+09	6.85134e+09	7.12037e+09	6.71257e+09	6.08165e+09	6.93071e+09	5.97624e+09	5.81335e+09	5.91347e+09	5.7187e+09	6.8594e+09	7.17672e+09	6.98608e+09	6.13721e+09	7.25385e+09	6.06555e+09	5.9388e+09	6.02698e+09	6.17414e+09	5.84388e+09	6.75479e+09	5.74898e+09	6.72608e+09	5.7451e+09	6.20367e+09	5.67309e+09	5.69366e+09	6.26775e+09	5.6216e+09	5.69478e+09	5.90892e+09	5.9184e+09	5.1261e+09	4.90686e+09	5.14896e+09	4.91634e+09	6.03292e+09	6.04945e+09	6.38053e+09	6.64401e+09	5.96479e+09	6.70137e+09	6.56095e+09	7.30717e+09	6.52574e+09	7.04494e+09	7.03404e+09	6.58636e+09	6.56095e+09	7.30717e+09	6.52574e+09	7.04494e+09	7.03404e+09	6.58636e+09	6.17414e+09	5.84388e+09	6.75479e+09	5.74898e+09	6.72608e+09	5.7451e+09	6.41184e+09	7.22278e+09	6.76683e+09	7.21277e+09	7.33899e+09	6.17646e+09
