	ERR617111	ERR617107	ERR617108	ERR617109	ERR617112	ERR617110	ERR630993	ERR630990	ERR630995	ERR630991	ERR630992	ERR630994	ERR617527	ERR617525	ERR617524	ERR617523	ERR617526	ERR617528	ERR637059	ERR637060	ERR637062	ERR637057	ERR637061	ERR637058	ERR608153	ERR608149	ERR608151	ERR608154	ERR608152	ERR608150	ERR626888	ERR626889	ERR626886	ERR626887	ERR626885	ERR626890	ERR607805	ERR607808	ERR607806	ERR607810	ERR607809	ERR607807	ERR605534	ERR605535	ERR605538	ERR605536	ERR605533	ERR605537	ERR617071	ERR617070	ERR617073	ERR617069	ERR617074	ERR617072	ERR630219	ERR630222	ERR630223	ERR630218	ERR630221	ERR630220	ERR616181	ERR616184	ERR616182	ERR616179	ERR616180	ERR616183	ERR616804	ERR616801	ERR616799	ERR616803	ERR616802	ERR616800	ERR631301	ERR631297	ERR631302	ERR631298	ERR631300	ERR631299	ERR638283	ERR638279	ERR638284	ERR638280	ERR638281	ERR638282	ERR616804	ERR616801	ERR616799	ERR616803	ERR616802	ERR616800	ERR611351	ERR611350	ERR611352	ERR611348	ERR611349	ERR611347
ERR617111	4.43931e+09	4.65107e+09	4.77719e+09	4.84008e+09	4.31978e+09	4.323e+09	4.21027e+09	4.40549e+09	4.05746e+09	4.22463e+09	4.50314e+09	4.25605e+09	5.37157e+09	4.97942e+09	4.96158e+09	4.90801e+09	5.32271e+09	5.14364e+09	5.8198e+09	5.6743e+09	5.73394e+09	5.61539e+09	5.68909e+09	5.8168e+09	5.35492e+09	4.19977e+09	5.27785e+09	4.96524e+09	5.29149e+09	4.95063e+09	4.29796e+09	4.24789e+09	4.94956e+09	4.97556e+09	5.27553e+09	5.32696e+09	5.29385e+09	4.88484e+09	5.5723e+09	4.96959e+09	4.93633e+09	5.5996e+09	4.40706e+09	4.23875e+09	4.3754e+09	4.38295e+09	4.5742e+09	4.42992e+09	4.7217e+09	4.6497e+09	4.25581e+09	4.52506e+09	4.31304e+09	4.30461e+09	4.88938e+09	5.19065e+09	5.0093e+09	5.28495e+09	5.18107e+09	4.72373e+09	4.58235e+09	5.40836e+09	5.32067e+09	4.72893e+09	4.975e+09	5.34051e+09	4.77532e+09	5.22993e+09	4.92052e+09	4.77433e+09	4.81579e+09	5.0912e+09	5.02105e+09	5.09017e+09	5.01559e+09	4.99489e+09	5.0281e+09	5.46833e+09	5.52842e+09	4.63586e+09	5.36315e+09	4.71103e+09	4.56759e+09	5.51948e+09	4.77532e+09	5.22993e+09	4.92052e+09	4.77433e+09	4.81579e+09	5.0912e+09	5.46945e+09	5.2429e+09	5.47359e+09	5.25047e+09	5.42077e+09	5.33789e+09
ERR617107	4.65107e+09	5.30085e+09	5.25591e+09	5.32752e+09	4.70821e+09	4.71474e+09	4.6127e+09	4.83524e+09	4.4409e+09	4.63508e+09	4.95048e+09	4.6641e+09	5.9468e+09	5.49588e+09	5.47658e+09	5.41011e+09	5.89077e+09	5.68125e+09	6.44449e+09	6.27962e+09	6.34903e+09	6.21162e+09	6.29756e+09	6.44667e+09	5.92008e+09	4.58884e+09	5.83156e+09	5.46865e+09	5.84818e+09	5.45363e+09	4.71922e+09	4.66185e+09	5.45724e+09	5.48884e+09	5.83342e+09	5.8908e+09	5.84585e+09	5.37797e+09	6.16959e+09	5.48018e+09	5.44146e+09	6.19429e+09	4.83355e+09	4.64131e+09	4.79805e+09	4.80767e+09	5.02599e+09	4.85946e+09	5.20688e+09	5.12478e+09	4.66249e+09	4.97877e+09	4.72508e+09	4.71837e+09	5.37534e+09	5.72351e+09	5.50948e+09	5.83236e+09	5.71104e+09	5.19052e+09	5.06404e+09	5.99684e+09	5.89685e+09	5.22637e+09	5.50763e+09	5.91806e+09	5.2375e+09	5.76901e+09	5.40909e+09	5.23617e+09	5.28282e+09	5.60976e+09	5.54172e+09	5.62116e+09	5.53607e+09	5.51518e+09	5.54934e+09	6.0556e+09	6.12475e+09	5.10198e+09	5.92476e+09	5.18929e+09	5.02653e+09	6.11459e+09	5.2375e+09	5.76901e+09	5.40909e+09	5.23617e+09	5.28282e+09	5.60976e+09	6.05345e+09	5.78528e+09	6.0584e+09	5.80994e+09	6.00544e+09	5.90785e+09
ERR617108	4.77719e+09	5.25591e+09	5.62908e+09	5.49878e+09	4.8352e+09	4.844e+09	4.74859e+09	4.98401e+09	4.57172e+09	4.77942e+09	5.10792e+09	4.80213e+09	6.16301e+09	5.69014e+09	5.66972e+09	5.59239e+09	6.10463e+09	5.87966e+09	6.64856e+09	6.47711e+09	6.55123e+09	6.40509e+09	6.49649e+09	6.65644e+09	6.11879e+09	4.71278e+09	6.02371e+09	5.64026e+09	6.04353e+09	5.626e+09	4.87569e+09	4.81491e+09	5.63961e+09	5.67468e+09	6.03558e+09	6.09755e+09	6.035e+09	5.54952e+09	6.37951e+09	5.66081e+09	5.62021e+09	6.39755e+09	4.98114e+09	4.78087e+09	4.94734e+09	4.95784e+09	5.18473e+09	5.01063e+09	5.37848e+09	5.29226e+09	4.79706e+09	5.13157e+09	4.86006e+09	4.85619e+09	5.52407e+09	5.8914e+09	5.65946e+09	6.00559e+09	5.87669e+09	5.33321e+09	5.24414e+09	6.21293e+09	6.10874e+09	5.4091e+09	5.70483e+09	6.12926e+09	5.37589e+09	5.94218e+09	5.55491e+09	5.3738e+09	5.42222e+09	5.77397e+09	5.72531e+09	5.81073e+09	5.72094e+09	5.70249e+09	5.73429e+09	6.26558e+09	6.32022e+09	5.24963e+09	6.10069e+09	5.34136e+09	5.17271e+09	6.30892e+09	5.37589e+09	5.94218e+09	5.55491e+09	5.3738e+09	5.42222e+09	5.77397e+09	6.23985e+09	5.94872e+09	6.2455e+09	5.99018e+09	6.19729e+09	6.09194e+09
ERR617109	4.84008e+09	5.32752e+09	5.49878e+09	5.78696e+09	4.89875e+09	4.90815e+09	4.80637e+09	5.04634e+09	4.62674e+09	4.83903e+09	5.17287e+09	4.86088e+09	6.25619e+09	5.77425e+09	5.75264e+09	5.67276e+09	6.19591e+09	5.96595e+09	6.74364e+09	6.56847e+09	6.64445e+09	6.49395e+09	6.58794e+09	6.75182e+09	6.20524e+09	4.76809e+09	6.10819e+09	5.71673e+09	6.12909e+09	5.70082e+09	4.94384e+09	4.88182e+09	5.72286e+09	5.75802e+09	6.12755e+09	6.1895e+09	6.1199e+09	5.62507e+09	6.47245e+09	5.73897e+09	5.69716e+09	6.49076e+09	5.05078e+09	4.84543e+09	5.01574e+09	5.02667e+09	5.25893e+09	5.08135e+09	5.46324e+09	5.37437e+09	4.87033e+09	5.21046e+09	4.93413e+09	4.93052e+09	5.59252e+09	5.96699e+09	5.72856e+09	6.08347e+09	5.95138e+09	5.39737e+09	5.32292e+09	6.31258e+09	6.20563e+09	5.49087e+09	5.7937e+09	6.22644e+09	5.4418e+09	6.02059e+09	5.62316e+09	5.43979e+09	5.48929e+09	5.8477e+09	5.80696e+09	5.89453e+09	5.80231e+09	5.78461e+09	5.81534e+09	6.35835e+09	6.41256e+09	5.32021e+09	6.18873e+09	5.41341e+09	5.24304e+09	6.40034e+09	5.4418e+09	6.02059e+09	5.62316e+09	5.43979e+09	5.48929e+09	5.8477e+09	6.33025e+09	6.03183e+09	6.33631e+09	6.07561e+09	6.28748e+09	6.17927e+09
ERR617112	4.31978e+09	4.70821e+09	4.8352e+09	4.89875e+09	4.54829e+09	4.37543e+09	4.25977e+09	4.45775e+09	4.1045e+09	4.27303e+09	4.55732e+09	4.30706e+09	5.43841e+09	5.03803e+09	5.01992e+09	4.96709e+09	5.38807e+09	5.20681e+09	5.90344e+09	5.75482e+09	5.8154e+09	5.69523e+09	5.7701e+09	5.89934e+09	5.42396e+09	4.25217e+09	5.34617e+09	5.02862e+09	5.35942e+09	5.01315e+09	4.34383e+09	4.29312e+09	5.00946e+09	5.03551e+09	5.34091e+09	5.39358e+09	5.36324e+09	4.94487e+09	5.64664e+09	5.03102e+09	4.99623e+09	5.67586e+09	4.45743e+09	4.28618e+09	4.42463e+09	4.43216e+09	4.62742e+09	4.47999e+09	4.77792e+09	4.70497e+09	4.30789e+09	4.58031e+09	4.36707e+09	4.3576e+09	4.95923e+09	5.26549e+09	5.08248e+09	5.36142e+09	5.25604e+09	4.78962e+09	4.63315e+09	5.47564e+09	5.38615e+09	4.78309e+09	5.03304e+09	5.40664e+09	4.84253e+09	5.30284e+09	4.99047e+09	4.8416e+09	4.8834e+09	5.16173e+09	5.08446e+09	5.15361e+09	5.07856e+09	5.05568e+09	5.09109e+09	5.53974e+09	5.60589e+09	4.69698e+09	5.44003e+09	4.77409e+09	4.62667e+09	5.59777e+09	4.84253e+09	5.30284e+09	4.99047e+09	4.8416e+09	4.8834e+09	5.16173e+09	5.54721e+09	5.31912e+09	5.55102e+09	5.32294e+09	5.49618e+09	5.412e+09
ERR617110	4.323e+09	4.71474e+09	4.844e+09	4.90815e+09	4.37543e+09	4.55406e+09	4.26498e+09	4.46382e+09	4.10986e+09	4.28062e+09	4.56385e+09	4.31181e+09	5.44901e+09	5.04919e+09	5.0315e+09	4.97583e+09	5.39895e+09	5.21662e+09	5.9066e+09	5.75766e+09	5.81864e+09	5.69829e+09	5.77315e+09	5.9042e+09	5.43212e+09	4.25453e+09	5.35374e+09	5.03536e+09	5.36741e+09	5.02017e+09	4.35605e+09	4.30533e+09	5.02004e+09	5.04698e+09	5.35281e+09	5.40495e+09	5.37011e+09	4.95314e+09	5.6554e+09	5.04004e+09	5.00591e+09	5.68145e+09	4.46557e+09	4.29392e+09	4.43307e+09	4.44147e+09	4.63628e+09	4.48897e+09	4.79112e+09	4.71736e+09	4.31584e+09	4.59049e+09	4.37447e+09	4.36581e+09	4.95699e+09	5.26388e+09	5.07825e+09	5.36029e+09	5.25399e+09	4.78754e+09	4.65012e+09	5.49027e+09	5.40054e+09	4.79833e+09	5.04898e+09	5.42073e+09	4.84042e+09	5.3054e+09	4.98865e+09	4.83956e+09	4.88168e+09	5.16352e+09	5.0933e+09	5.16315e+09	5.08798e+09	5.06656e+09	5.09998e+09	5.54898e+09	5.61237e+09	4.70277e+09	5.44331e+09	4.77966e+09	4.63323e+09	5.60352e+09	4.84042e+09	5.3054e+09	4.98865e+09	4.83956e+09	4.88168e+09	5.16352e+09	5.55214e+09	5.3207e+09	5.55658e+09	5.32955e+09	5.50307e+09	5.41837e+09
ERR630993	4.21027e+09	4.6127e+09	4.74859e+09	4.80637e+09	4.25977e+09	4.26498e+09	4.70846e+09	4.75095e+09	4.37725e+09	4.55621e+09	4.86005e+09	4.59183e+09	5.61369e+09	5.19062e+09	5.17359e+09	5.11444e+09	5.56161e+09	5.36815e+09	6.04666e+09	5.91515e+09	5.97243e+09	5.8616e+09	5.93018e+09	6.05327e+09	5.57474e+09	4.36161e+09	5.49373e+09	5.16229e+09	5.50924e+09	5.15368e+09	4.4539e+09	4.40114e+09	5.14411e+09	5.16862e+09	5.48555e+09	5.54358e+09	5.44759e+09	5.00656e+09	5.74228e+09	5.10319e+09	5.06696e+09	5.76834e+09	4.44367e+09	4.27613e+09	4.41451e+09	4.42316e+09	4.61319e+09	4.4688e+09	4.57465e+09	4.50126e+09	4.08558e+09	4.37016e+09	4.14111e+09	4.13549e+09	5.27639e+09	5.59319e+09	5.40299e+09	5.68246e+09	5.5823e+09	5.10592e+09	4.64093e+09	5.51705e+09	5.42367e+09	4.79622e+09	5.05527e+09	5.44499e+09	5.11647e+09	5.55915e+09	5.25637e+09	5.11421e+09	5.15267e+09	5.42814e+09	5.18765e+09	5.25143e+09	5.18078e+09	5.15088e+09	5.19459e+09	5.66065e+09	5.69316e+09	4.74998e+09	5.51082e+09	4.82972e+09	4.67406e+09	5.68331e+09	5.11647e+09	5.55915e+09	5.25637e+09	5.11421e+09	5.15267e+09	5.42814e+09	5.65987e+09	5.43284e+09	5.66411e+09	5.46362e+09	5.6265e+09	5.5444e+09
ERR630990	4.40549e+09	4.83524e+09	4.98401e+09	5.04634e+09	4.45775e+09	4.46382e+09	4.75095e+09	5.15744e+09	4.57489e+09	4.77136e+09	5.09649e+09	4.80452e+09	5.91314e+09	5.46084e+09	5.44194e+09	5.37531e+09	5.85738e+09	5.64706e+09	6.36173e+09	6.22096e+09	6.28271e+09	6.16312e+09	6.23725e+09	6.3705e+09	5.86395e+09	4.55904e+09	5.77673e+09	5.42017e+09	5.79386e+09	5.41127e+09	4.67127e+09	4.61428e+09	5.40673e+09	5.43356e+09	5.7739e+09	5.83516e+09	5.7249e+09	5.25559e+09	6.04345e+09	5.36122e+09	5.32178e+09	6.06781e+09	4.6603e+09	4.48049e+09	4.62936e+09	4.63922e+09	4.84208e+09	4.68719e+09	4.81024e+09	4.73105e+09	4.285e+09	4.58903e+09	4.34295e+09	4.33825e+09	5.5326e+09	5.87236e+09	5.66566e+09	5.96952e+09	5.86022e+09	5.35077e+09	4.88299e+09	5.81739e+09	5.7178e+09	5.04701e+09	5.3251e+09	5.7389e+09	5.36172e+09	5.83974e+09	5.51118e+09	5.35914e+09	5.39986e+09	5.69825e+09	5.453e+09	5.52295e+09	5.44595e+09	5.41693e+09	5.46051e+09	5.96047e+09	5.99058e+09	4.98079e+09	5.79204e+09	5.06633e+09	4.90106e+09	5.97928e+09	5.36172e+09	5.83974e+09	5.51118e+09	5.35914e+09	5.39986e+09	5.69825e+09	5.95443e+09	5.7072e+09	5.95915e+09	5.74534e+09	5.92093e+09	5.83189e+09
ERR630995	4.05746e+09	4.4409e+09	4.57172e+09	4.62674e+09	4.1045e+09	4.10986e+09	4.37725e+09	4.57489e+09	4.37999e+09	4.3917e+09	4.67976e+09	4.42438e+09	5.39471e+09	4.99446e+09	4.97867e+09	4.92082e+09	5.3456e+09	5.16125e+09	5.79391e+09	5.66954e+09	5.72374e+09	5.61896e+09	5.68376e+09	5.80114e+09	5.35188e+09	4.20104e+09	5.27429e+09	4.96151e+09	5.29037e+09	4.95335e+09	4.2948e+09	4.24505e+09	4.94714e+09	4.97062e+09	5.26971e+09	5.32514e+09	5.23169e+09	4.81628e+09	5.51122e+09	4.90824e+09	4.87397e+09	5.53472e+09	4.28171e+09	4.12299e+09	4.25539e+09	4.26317e+09	4.44332e+09	4.30639e+09	4.40654e+09	4.33633e+09	3.93781e+09	4.21044e+09	3.98993e+09	3.98512e+09	5.06256e+09	5.36259e+09	5.18141e+09	5.44774e+09	5.35239e+09	4.90232e+09	4.47334e+09	5.30105e+09	5.21294e+09	4.61987e+09	4.86478e+09	5.23261e+09	4.90999e+09	5.33178e+09	5.04255e+09	4.90738e+09	4.94416e+09	5.20751e+09	4.98802e+09	5.04878e+09	4.9819e+09	4.95406e+09	4.99454e+09	5.43528e+09	5.46055e+09	4.56823e+09	5.28659e+09	4.64375e+09	4.49648e+09	5.45102e+09	4.90999e+09	5.33178e+09	5.04255e+09	4.90738e+09	4.94416e+09	5.20751e+09	5.42728e+09	5.21017e+09	5.4314e+09	5.24212e+09	5.39649e+09	5.31859e+09
ERR630991	4.22463e+09	4.63508e+09	4.77942e+09	4.83903e+09	4.27303e+09	4.28062e+09	4.55621e+09	4.77136e+09	4.3917e+09	4.75079e+09	4.8863e+09	4.6057e+09	5.66184e+09	5.2368e+09	5.21871e+09	5.15141e+09	5.60938e+09	5.40851e+09	6.05745e+09	5.92556e+09	5.9848e+09	5.871e+09	5.94131e+09	6.06894e+09	5.6034e+09	4.36761e+09	5.52e+09	5.18416e+09	5.53876e+09	5.17588e+09	4.49395e+09	4.43982e+09	5.18086e+09	5.20653e+09	5.52674e+09	5.58323e+09	5.47162e+09	5.03351e+09	5.77282e+09	5.13529e+09	5.09882e+09	5.79134e+09	4.47303e+09	4.30344e+09	4.44534e+09	4.45431e+09	4.64526e+09	4.49922e+09	4.62018e+09	4.54437e+09	4.11334e+09	4.40622e+09	4.1675e+09	4.16418e+09	5.27054e+09	5.59059e+09	5.39163e+09	5.68241e+09	5.5782e+09	5.10144e+09	4.69857e+09	5.57143e+09	5.47765e+09	4.84918e+09	5.11176e+09	5.49655e+09	5.10773e+09	5.56523e+09	5.24911e+09	5.1049e+09	5.14356e+09	5.43079e+09	5.22084e+09	5.2878e+09	5.21499e+09	5.19061e+09	5.22807e+09	5.69843e+09	5.71213e+09	4.76402e+09	5.51942e+09	4.84504e+09	4.69092e+09	5.70146e+09	5.10773e+09	5.56523e+09	5.24911e+09	5.1049e+09	5.14356e+09	5.43079e+09	5.67313e+09	5.43463e+09	5.67783e+09	5.48017e+09	5.64602e+09	5.56057e+09
ERR630992	4.50314e+09	4.95048e+09	5.10792e+09	5.17287e+09	4.55732e+09	4.56385e+09	4.86005e+09	5.09649e+09	4.67976e+09	4.8863e+09	5.40933e+09	4.91495e+09	6.07806e+09	5.60748e+09	5.58861e+09	5.51515e+09	6.01996e+09	5.79895e+09	6.52404e+09	6.3787e+09	6.4438e+09	6.31831e+09	6.39583e+09	6.53665e+09	6.01838e+09	4.65846e+09	5.92628e+09	5.55444e+09	5.94629e+09	5.54646e+09	4.78763e+09	4.7285e+09	5.54587e+09	5.57459e+09	5.92776e+09	5.99133e+09	5.87288e+09	5.38793e+09	6.20553e+09	5.50008e+09	5.45959e+09	6.2266e+09	4.77138e+09	4.58586e+09	4.74048e+09	4.75032e+09	4.96024e+09	4.79993e+09	4.93725e+09	4.85511e+09	4.38795e+09	4.7051e+09	4.44693e+09	4.44366e+09	5.65994e+09	6.01275e+09	5.795e+09	6.11441e+09	5.9999e+09	5.47333e+09	5.01693e+09	5.97982e+09	5.87652e+09	5.1837e+09	5.47261e+09	5.89849e+09	5.47994e+09	5.9811e+09	5.63606e+09	5.47744e+09	5.51992e+09	5.83365e+09	5.59568e+09	5.66877e+09	5.58861e+09	5.56093e+09	5.60304e+09	6.12384e+09	6.14406e+09	5.09837e+09	5.93281e+09	5.18743e+09	5.01699e+09	6.13281e+09	5.47994e+09	5.9811e+09	5.63606e+09	5.47744e+09	5.51992e+09	5.83365e+09	6.10371e+09	5.84263e+09	6.10808e+09	5.88971e+09	6.07273e+09	5.97893e+09
ERR630994	4.25605e+09	4.6641e+09	4.80213e+09	4.86088e+09	4.30706e+09	4.31181e+09	4.59183e+09	4.80452e+09	4.42438e+09	4.6057e+09	4.91495e+09	4.81108e+09	5.68098e+09	5.25121e+09	5.23381e+09	5.17357e+09	5.62789e+09	5.43154e+09	6.12142e+09	5.98749e+09	6.04584e+09	5.9329e+09	6.00226e+09	6.128e+09	5.64011e+09	4.40876e+09	5.55845e+09	5.222e+09	5.57368e+09	5.21282e+09	4.50148e+09	4.44745e+09	5.20287e+09	5.22755e+09	5.55023e+09	5.60883e+09	5.51121e+09	5.06365e+09	5.81085e+09	5.16189e+09	5.12509e+09	5.83768e+09	4.49342e+09	4.32324e+09	4.46361e+09	4.47272e+09	4.6658e+09	4.51902e+09	4.62853e+09	4.55368e+09	4.13263e+09	4.42063e+09	4.18911e+09	4.18321e+09	5.33925e+09	5.66099e+09	5.46812e+09	5.75198e+09	5.65015e+09	5.1659e+09	4.69404e+09	5.5842e+09	5.48908e+09	4.85149e+09	5.11465e+09	5.51106e+09	5.17629e+09	5.62575e+09	5.31844e+09	5.17416e+09	5.21289e+09	5.49268e+09	5.24765e+09	5.31226e+09	5.24071e+09	5.21055e+09	5.25496e+09	5.72837e+09	5.76303e+09	4.80411e+09	5.57825e+09	4.8858e+09	4.72717e+09	5.75318e+09	5.17629e+09	5.62575e+09	5.31844e+09	5.17416e+09	5.21289e+09	5.49268e+09	5.73034e+09	5.50003e+09	5.73464e+09	5.53056e+09	5.69577e+09	5.613e+09
ERR617527	5.37157e+09	5.9468e+09	6.16301e+09	6.25619e+09	5.43841e+09	5.44901e+09	5.61369e+09	5.91314e+09	5.39471e+09	5.66184e+09	6.07806e+09	5.68098e+09	7.86432e+09	6.93414e+09	6.90859e+09	6.78707e+09	7.49942e+09	7.18366e+09	7.76732e+09	7.55086e+09	7.64907e+09	7.46052e+09	7.57687e+09	7.78673e+09	7.13344e+09	5.3736e+09	7.00655e+09	6.51967e+09	7.03976e+09	6.50332e+09	5.68948e+09	5.61286e+09	6.64253e+09	6.69186e+09	7.15284e+09	7.23808e+09	7.00961e+09	6.40194e+09	7.46064e+09	6.55131e+09	6.49956e+09	7.4702e+09	5.75416e+09	5.50695e+09	5.717e+09	5.73116e+09	6.00838e+09	5.7938e+09	6.08581e+09	5.97787e+09	5.35804e+09	5.77144e+09	5.43286e+09	5.43109e+09	6.54104e+09	7.01733e+09	6.71356e+09	7.16095e+09	6.99777e+09	6.30424e+09	6.01077e+09	7.23663e+09	7.10066e+09	6.20782e+09	6.58746e+09	7.12536e+09	6.23358e+09	6.93927e+09	6.44895e+09	6.23053e+09	6.28951e+09	6.72683e+09	6.67509e+09	6.7814e+09	6.66944e+09	6.65005e+09	6.68622e+09	7.37279e+09	7.28551e+09	5.93685e+09	6.98893e+09	6.04864e+09	5.84154e+09	7.26959e+09	6.23358e+09	6.93927e+09	6.44895e+09	6.23053e+09	6.28951e+09	6.72683e+09	7.1689e+09	6.79206e+09	7.17631e+09	6.86405e+09	7.12655e+09	6.98914e+09
ERR617525	4.97942e+09	5.49588e+09	5.69014e+09	5.77425e+09	5.03803e+09	5.04919e+09	5.19062e+09	5.46084e+09	4.99446e+09	5.2368e+09	5.60748e+09	5.25121e+09	6.93414e+09	6.62546e+09	6.35218e+09	6.24581e+09	6.8639e+09	6.58971e+09	7.0936e+09	6.90312e+09	6.98973e+09	6.82332e+09	6.92602e+09	7.11049e+09	6.542e+09	4.97248e+09	6.42938e+09	6.00063e+09	6.45955e+09	5.98518e+09	5.27371e+09	5.20478e+09	6.11905e+09	6.16206e+09	6.56853e+09	6.6421e+09	6.43029e+09	5.8954e+09	6.82719e+09	6.02745e+09	5.9816e+09	6.83545e+09	5.32784e+09	5.10639e+09	5.29509e+09	5.30749e+09	5.55454e+09	5.36387e+09	5.61431e+09	5.51642e+09	4.95877e+09	5.33052e+09	5.02511e+09	5.02432e+09	6.00382e+09	6.42672e+09	6.15331e+09	6.55421e+09	6.40885e+09	5.79232e+09	5.54414e+09	6.62935e+09	6.50975e+09	5.71984e+09	6.05633e+09	6.53128e+09	5.72739e+09	6.362e+09	5.92035e+09	5.72521e+09	5.7781e+09	6.17164e+09	6.13671e+09	6.23279e+09	6.13276e+09	6.1163e+09	6.1471e+09	6.75086e+09	6.66265e+09	5.46795e+09	6.4011e+09	5.56756e+09	5.38487e+09	6.64827e+09	5.72739e+09	6.362e+09	5.92035e+09	5.72521e+09	5.7781e+09	6.17164e+09	6.55869e+09	6.22183e+09	6.56517e+09	6.28743e+09	6.52087e+09	6.3993e+09
ERR617524	4.96158e+09	5.47658e+09	5.66972e+09	5.75264e+09	5.01992e+09	5.0315e+09	5.17359e+09	5.44194e+09	4.97867e+09	5.21871e+09	5.58861e+09	5.23381e+09	6.90859e+09	6.35218e+09	6.5758e+09	6.22213e+09	6.8385e+09	6.5656e+09	7.06339e+09	6.87431e+09	6.96036e+09	6.79554e+09	6.89709e+09	7.08065e+09	6.51479e+09	4.95609e+09	6.40384e+09	5.97723e+09	6.43333e+09	5.96193e+09	5.25268e+09	5.18448e+09	6.09327e+09	6.13629e+09	6.53998e+09	6.61408e+09	6.40601e+09	5.87345e+09	6.7997e+09	6.00529e+09	5.95931e+09	6.80753e+09	5.30726e+09	5.08776e+09	5.27559e+09	5.28693e+09	5.53299e+09	5.34329e+09	5.59015e+09	5.49398e+09	4.93769e+09	5.30784e+09	5.00336e+09	5.00284e+09	5.98158e+09	6.4024e+09	6.13125e+09	6.52924e+09	6.38498e+09	5.77173e+09	5.51954e+09	6.59745e+09	6.47836e+09	5.69445e+09	6.02844e+09	6.49969e+09	5.70449e+09	6.33591e+09	5.89682e+09	5.70204e+09	5.75441e+09	6.14753e+09	6.11181e+09	6.20658e+09	6.10785e+09	6.09161e+09	6.12248e+09	6.72273e+09	6.63408e+09	5.44623e+09	6.37214e+09	5.54535e+09	5.36276e+09	6.6195e+09	5.70449e+09	6.33591e+09	5.89682e+09	5.70204e+09	5.75441e+09	6.14753e+09	6.52837e+09	6.19332e+09	6.53514e+09	6.25847e+09	6.49079e+09	6.36986e+09
ERR617523	4.90801e+09	5.41011e+09	5.59239e+09	5.67276e+09	4.96709e+09	4.97583e+09	5.11444e+09	5.37531e+09	4.92082e+09	5.15141e+09	5.51515e+09	5.17357e+09	6.78707e+09	6.24581e+09	6.22213e+09	6.37073e+09	6.71833e+09	6.45814e+09	6.98174e+09	6.79557e+09	6.87802e+09	6.71919e+09	6.8173e+09	6.99295e+09	6.42459e+09	4.90795e+09	6.31812e+09	5.90294e+09	6.34405e+09	5.88746e+09	5.17359e+09	5.10662e+09	6.0042e+09	6.04429e+09	6.43893e+09	6.51123e+09	6.32057e+09	5.79494e+09	6.70148e+09	5.91966e+09	5.87494e+09	6.71735e+09	5.23488e+09	5.02003e+09	5.20139e+09	5.21304e+09	5.45399e+09	5.2683e+09	5.50261e+09	5.40896e+09	4.87444e+09	5.23358e+09	4.94086e+09	4.93789e+09	5.93009e+09	6.34091e+09	6.08212e+09	6.46472e+09	6.32503e+09	5.72194e+09	5.42081e+09	6.48322e+09	6.36671e+09	5.59713e+09	5.92169e+09	6.39009e+09	5.66078e+09	6.26976e+09	5.84875e+09	5.65835e+09	5.71023e+09	6.08607e+09	6.02429e+09	6.11546e+09	6.01922e+09	5.99857e+09	6.03464e+09	6.61962e+09	6.55262e+09	5.38755e+09	6.30587e+09	5.48474e+09	5.30315e+09	6.53958e+09	5.66078e+09	6.26976e+09	5.84875e+09	5.65835e+09	5.71023e+09	6.08607e+09	6.4544e+09	6.13594e+09	6.4606e+09	6.18673e+09	6.41131e+09	6.29612e+09
ERR617526	5.32271e+09	5.89077e+09	6.10463e+09	6.19591e+09	5.38807e+09	5.39895e+09	5.56161e+09	5.85738e+09	5.3456e+09	5.60938e+09	6.01996e+09	5.62789e+09	7.49942e+09	6.8639e+09	6.8385e+09	6.71833e+09	7.69743e+09	7.10972e+09	7.68423e+09	7.47074e+09	7.56721e+09	7.38152e+09	7.4962e+09	7.70276e+09	7.0608e+09	5.3243e+09	6.93566e+09	6.45655e+09	6.96851e+09	6.44042e+09	5.63779e+09	5.56174e+09	6.57768e+09	6.62574e+09	7.08075e+09	7.16386e+09	6.9374e+09	6.33833e+09	7.38133e+09	6.48541e+09	6.43475e+09	7.39101e+09	5.70079e+09	5.45689e+09	5.66428e+09	5.67788e+09	5.95145e+09	5.74016e+09	6.02485e+09	5.91816e+09	5.3068e+09	5.71465e+09	5.38019e+09	5.37884e+09	6.47597e+09	6.94497e+09	6.64568e+09	7.08721e+09	6.92581e+09	6.24201e+09	5.95126e+09	7.15855e+09	7.0249e+09	6.14595e+09	6.51945e+09	7.04911e+09	6.17175e+09	6.86719e+09	6.38399e+09	6.1689e+09	6.22674e+09	6.65809e+09	6.60798e+09	6.71334e+09	6.60242e+09	6.58354e+09	6.61913e+09	7.29471e+09	7.20771e+09	5.87908e+09	6.91573e+09	5.98921e+09	5.78558e+09	7.19214e+09	6.17175e+09	6.86719e+09	6.38399e+09	6.1689e+09	6.22674e+09	6.65809e+09	7.0919e+09	6.72031e+09	7.09913e+09	6.79129e+09	7.05009e+09	6.91456e+09
ERR617528	5.14364e+09	5.68125e+09	5.87966e+09	5.96595e+09	5.20681e+09	5.21662e+09	5.36815e+09	5.64706e+09	5.16125e+09	5.40851e+09	5.79895e+09	5.43154e+09	7.18366e+09	6.58971e+09	6.5656e+09	6.45814e+09	7.10972e+09	7.08667e+09	7.37695e+09	7.17523e+09	7.26542e+09	7.09211e+09	7.19911e+09	7.39019e+09	6.7793e+09	5.14436e+09	6.66275e+09	6.21283e+09	6.69211e+09	6.19714e+09	5.43168e+09	5.36056e+09	6.32506e+09	6.36982e+09	6.7961e+09	6.87563e+09	6.66664e+09	6.09977e+09	7.08103e+09	6.2356e+09	6.18757e+09	7.09645e+09	5.49806e+09	5.26753e+09	5.46268e+09	5.47511e+09	5.73465e+09	5.53516e+09	5.79177e+09	5.69104e+09	5.11676e+09	5.50101e+09	5.18813e+09	5.18443e+09	6.24274e+09	6.68577e+09	6.40553e+09	6.81916e+09	6.6685e+09	6.01869e+09	5.70728e+09	6.85218e+09	6.72598e+09	5.89565e+09	6.24612e+09	6.75015e+09	5.95164e+09	6.6074e+09	6.15271e+09	5.94899e+09	6.00452e+09	6.40974e+09	6.34898e+09	6.44679e+09	6.34355e+09	6.3224e+09	6.35982e+09	6.99412e+09	6.91892e+09	5.66312e+09	6.64919e+09	5.76692e+09	5.57366e+09	6.90437e+09	5.95164e+09	6.6074e+09	6.15271e+09	5.94899e+09	6.00452e+09	6.40974e+09	6.81097e+09	6.46533e+09	6.81795e+09	6.52289e+09	6.76621e+09	6.64097e+09
ERR637059	5.8198e+09	6.44449e+09	6.64856e+09	6.74364e+09	5.90344e+09	5.9066e+09	6.04666e+09	6.36173e+09	5.79391e+09	6.05745e+09	6.52404e+09	6.12142e+09	7.76732e+09	7.0936e+09	7.06339e+09	6.98174e+09	7.68423e+09	7.37695e+09	9.1584e+09	8.67498e+09	8.76799e+09	8.58247e+09	8.6983e+09	8.90848e+09	7.9449e+09	5.99405e+09	7.81507e+09	7.26284e+09	7.83249e+09	7.24783e+09	6.03101e+09	5.95084e+09	7.1342e+09	7.16952e+09	7.69325e+09	7.78022e+09	7.76948e+09	7.04086e+09	8.25358e+09	7.1926e+09	7.13556e+09	8.31221e+09	6.10649e+09	5.83938e+09	6.05076e+09	6.06653e+09	6.37331e+09	6.13998e+09	6.56712e+09	6.45391e+09	5.83073e+09	6.26026e+09	5.92067e+09	5.90714e+09	7.37113e+09	7.88148e+09	7.59103e+09	8.03378e+09	7.86524e+09	7.09031e+09	6.55085e+09	7.95658e+09	7.80392e+09	6.79996e+09	7.21084e+09	7.84098e+09	7.25719e+09	7.95461e+09	7.48542e+09	7.25453e+09	7.31634e+09	7.74522e+09	7.30102e+09	7.40801e+09	7.28944e+09	7.23968e+09	7.31169e+09	8.07917e+09	8.36804e+09	6.81277e+09	8.07734e+09	6.94205e+09	6.69069e+09	8.35144e+09	7.25719e+09	7.95461e+09	7.48542e+09	7.25453e+09	7.31634e+09	7.74522e+09	8.34888e+09	7.99173e+09	8.35358e+09	8.01768e+09	8.28541e+09	8.15347e+09
ERR637060	5.6743e+09	6.27962e+09	6.47711e+09	6.56847e+09	5.75482e+09	5.75766e+09	5.91515e+09	6.22096e+09	5.66954e+09	5.92556e+09	6.3787e+09	5.98749e+09	7.55086e+09	6.90312e+09	6.87431e+09	6.79557e+09	7.47074e+09	7.17523e+09	8.67498e+09	8.69984e+09	8.55333e+09	8.37255e+09	8.48696e+09	8.68098e+09	7.75986e+09	5.86913e+09	7.63569e+09	7.1004e+09	7.65179e+09	7.08658e+09	5.89281e+09	5.81503e+09	6.95939e+09	6.99267e+09	7.49816e+09	7.58201e+09	7.58023e+09	6.87667e+09	8.04693e+09	7.02397e+09	6.96815e+09	8.10155e+09	5.95607e+09	5.69758e+09	5.90135e+09	5.91631e+09	6.21363e+09	5.98748e+09	6.37968e+09	6.27054e+09	5.66762e+09	6.08353e+09	5.75369e+09	5.74118e+09	7.2075e+09	7.69818e+09	7.41816e+09	7.84434e+09	7.68281e+09	6.93779e+09	6.40013e+09	7.7565e+09	7.61026e+09	6.64143e+09	7.03766e+09	7.64548e+09	7.11141e+09	7.77956e+09	7.33131e+09	7.10856e+09	7.16748e+09	7.58028e+09	7.12902e+09	7.23144e+09	7.11766e+09	7.06881e+09	7.13962e+09	7.87931e+09	8.16298e+09	6.66117e+09	7.88282e+09	6.78643e+09	6.54257e+09	8.14645e+09	7.11141e+09	7.77956e+09	7.33131e+09	7.10856e+09	7.16748e+09	7.58028e+09	8.15088e+09	7.80803e+09	8.15571e+09	7.83864e+09	8.09362e+09	7.96763e+09
ERR637062	5.73394e+09	6.34903e+09	6.55123e+09	6.64445e+09	5.8154e+09	5.81864e+09	5.97243e+09	6.28271e+09	5.72374e+09	5.9848e+09	6.4438e+09	6.04584e+09	7.64907e+09	6.98973e+09	6.96036e+09	6.87802e+09	7.56721e+09	7.26542e+09	8.76799e+09	8.55333e+09	8.88484e+09	8.45863e+09	8.57678e+09	8.77571e+09	7.84297e+09	5.92149e+09	7.71572e+09	7.17192e+09	7.73349e+09	7.15781e+09	5.95972e+09	5.88019e+09	7.04061e+09	7.07567e+09	7.59e+09	7.67476e+09	7.66118e+09	6.94851e+09	8.13717e+09	7.09854e+09	7.04204e+09	8.19097e+09	6.02454e+09	5.76118e+09	5.96919e+09	5.98446e+09	6.28715e+09	6.05671e+09	6.4617e+09	6.351e+09	5.73561e+09	6.15952e+09	5.82272e+09	5.8105e+09	7.27224e+09	7.77098e+09	7.48443e+09	7.92057e+09	7.75506e+09	6.9991e+09	6.47533e+09	7.85235e+09	7.7032e+09	6.71878e+09	7.12257e+09	7.73882e+09	7.16962e+09	7.85347e+09	7.39397e+09	7.16679e+09	7.2269e+09	7.64889e+09	7.20726e+09	7.3121e+09	7.19641e+09	7.14846e+09	7.2177e+09	7.971e+09	8.24988e+09	6.72493e+09	7.96322e+09	6.8519e+09	6.60593e+09	8.23292e+09	7.16962e+09	7.85347e+09	7.39397e+09	7.16679e+09	7.2269e+09	7.64889e+09	8.23479e+09	7.88273e+09	8.23968e+09	7.91649e+09	8.17733e+09	8.04802e+09
ERR637057	5.61539e+09	6.21162e+09	6.40509e+09	6.49395e+09	5.69523e+09	5.69829e+09	5.8616e+09	6.16312e+09	5.61896e+09	5.871e+09	6.31831e+09	5.9329e+09	7.46052e+09	6.82332e+09	6.79554e+09	6.71919e+09	7.38152e+09	7.09211e+09	8.58247e+09	8.37255e+09	8.45863e+09	8.51849e+09	8.39443e+09	8.58823e+09	7.67971e+09	5.81947e+09	7.55749e+09	7.03117e+09	7.57299e+09	7.01833e+09	5.83141e+09	5.75482e+09	6.88392e+09	6.91641e+09	7.4128e+09	7.49625e+09	7.50097e+09	6.80597e+09	7.95837e+09	6.95106e+09	6.89638e+09	8.01371e+09	5.89212e+09	5.63903e+09	5.83895e+09	5.85341e+09	6.14535e+09	5.92366e+09	6.29809e+09	6.19162e+09	5.59858e+09	6.0074e+09	5.68413e+09	5.67129e+09	7.14689e+09	7.6289e+09	7.35514e+09	7.77221e+09	7.61404e+09	6.87966e+09	6.32415e+09	7.6617e+09	7.51734e+09	6.56315e+09	6.95278e+09	7.55255e+09	7.05271e+09	7.70745e+09	7.2679e+09	7.05033e+09	7.10738e+09	7.51333e+09	7.05415e+09	7.15371e+09	7.04296e+09	6.99364e+09	7.06386e+09	7.79202e+09	8.07581e+09	6.59724e+09	7.80054e+09	6.72046e+09	6.47975e+09	8.05952e+09	7.05271e+09	7.70745e+09	7.2679e+09	7.05033e+09	7.10738e+09	7.51333e+09	8.06451e+09	7.73066e+09	8.06958e+09	7.75868e+09	8.00817e+09	7.88509e+09
ERR637061	5.68909e+09	6.29756e+09	6.49649e+09	6.58794e+09	5.7701e+09	5.77315e+09	5.93018e+09	6.23725e+09	5.68376e+09	5.94131e+09	6.39583e+09	6.00226e+09	7.57687e+09	6.92602e+09	6.89709e+09	6.8173e+09	7.4962e+09	7.19911e+09	8.6983e+09	8.48696e+09	8.57678e+09	8.39443e+09	8.74554e+09	8.70514e+09	7.78185e+09	5.88258e+09	7.65654e+09	7.11921e+09	7.67372e+09	7.10569e+09	5.91135e+09	5.83333e+09	6.98097e+09	7.01541e+09	7.52304e+09	7.60721e+09	7.6015e+09	6.89565e+09	8.07098e+09	7.0433e+09	6.98756e+09	8.12466e+09	5.97544e+09	5.71523e+09	5.9205e+09	5.93597e+09	6.23428e+09	6.00698e+09	6.40177e+09	6.29244e+09	5.68538e+09	6.10392e+09	5.77203e+09	5.75953e+09	7.22419e+09	7.71699e+09	7.43435e+09	7.86411e+09	7.70159e+09	6.95366e+09	6.42119e+09	7.78298e+09	7.63536e+09	6.66277e+09	7.06112e+09	7.67038e+09	7.12577e+09	7.79811e+09	7.34681e+09	7.123e+09	7.18252e+09	7.598e+09	7.14966e+09	7.25327e+09	7.13917e+09	7.0904e+09	7.16022e+09	7.90359e+09	8.18585e+09	6.6783e+09	7.90393e+09	6.80428e+09	6.5601e+09	8.16943e+09	7.12577e+09	7.79811e+09	7.34681e+09	7.123e+09	7.18252e+09	7.598e+09	8.17305e+09	7.82805e+09	8.17819e+09	7.86019e+09	8.11649e+09	7.98961e+09
ERR637058	5.8168e+09	6.44667e+09	6.65644e+09	6.75182e+09	5.89934e+09	5.9042e+09	6.05327e+09	6.3705e+09	5.80114e+09	6.06894e+09	6.53665e+09	6.128e+09	7.78673e+09	7.11049e+09	7.08065e+09	6.99295e+09	7.70276e+09	7.39019e+09	8.90848e+09	8.68098e+09	8.77571e+09	8.58823e+09	8.70514e+09	9.16929e+09	7.96254e+09	5.99657e+09	7.83119e+09	7.27368e+09	7.85037e+09	7.25975e+09	6.04795e+09	5.96696e+09	7.14944e+09	7.18537e+09	7.71189e+09	7.79832e+09	7.77977e+09	7.05237e+09	8.26909e+09	7.20716e+09	7.14988e+09	8.32044e+09	6.11645e+09	5.8487e+09	6.06181e+09	6.07778e+09	6.38575e+09	6.1508e+09	6.57671e+09	6.46313e+09	5.82937e+09	6.26459e+09	5.91841e+09	5.90646e+09	7.36944e+09	7.88123e+09	7.58516e+09	8.03475e+09	7.86423e+09	7.09085e+09	6.57837e+09	7.98248e+09	7.82981e+09	6.82446e+09	7.2376e+09	7.86577e+09	7.25666e+09	7.96196e+09	7.48618e+09	7.25348e+09	7.3155e+09	7.75157e+09	7.31719e+09	7.42567e+09	7.30677e+09	7.25974e+09	7.3281e+09	8.09958e+09	8.37779e+09	6.81857e+09	8.07935e+09	6.94822e+09	6.69726e+09	8.36042e+09	7.25666e+09	7.96196e+09	7.48618e+09	7.25348e+09	7.3155e+09	7.75157e+09	8.35706e+09	7.99165e+09	8.36221e+09	8.03042e+09	8.30048e+09	8.16559e+09
ERR608153	5.35492e+09	5.92008e+09	6.11879e+09	6.20524e+09	5.42396e+09	5.43212e+09	5.57474e+09	5.86395e+09	5.35188e+09	5.6034e+09	6.01838e+09	5.64011e+09	7.13344e+09	6.542e+09	6.51479e+09	6.42459e+09	7.0608e+09	6.7793e+09	7.9449e+09	7.75986e+09	7.84297e+09	7.67971e+09	7.78185e+09	7.96254e+09	7.56729e+09	5.56263e+09	7.2214e+09	6.72916e+09	7.24713e+09	6.71543e+09	5.60135e+09	5.52819e+09	6.56829e+09	6.60456e+09	7.06661e+09	7.14241e+09	7.11575e+09	6.48466e+09	7.55169e+09	6.62769e+09	6.57726e+09	7.57933e+09	5.63253e+09	5.39303e+09	5.58797e+09	5.60193e+09	5.87415e+09	5.66526e+09	6.01745e+09	5.91337e+09	5.33275e+09	5.72622e+09	5.40694e+09	5.40188e+09	6.6685e+09	7.10982e+09	6.83919e+09	7.24097e+09	7.09184e+09	6.43205e+09	6.10158e+09	7.33614e+09	7.20223e+09	6.31393e+09	6.68422e+09	7.23106e+09	6.56512e+09	7.19568e+09	6.76233e+09	6.56203e+09	6.61536e+09	7.00955e+09	6.73696e+09	6.83547e+09	6.72931e+09	6.69566e+09	6.74593e+09	7.42466e+09	7.56642e+09	6.21571e+09	7.2956e+09	6.3302e+09	6.11344e+09	7.5503e+09	6.56512e+09	7.19568e+09	6.76233e+09	6.56203e+09	6.61536e+09	7.00955e+09	7.51575e+09	7.18301e+09	7.52133e+09	7.24577e+09	7.479e+09	7.35901e+09
ERR608149	4.19977e+09	4.58884e+09	4.71278e+09	4.76809e+09	4.25217e+09	4.25453e+09	4.36161e+09	4.55904e+09	4.20104e+09	4.36761e+09	4.65846e+09	4.40876e+09	5.3736e+09	4.97248e+09	4.95609e+09	4.90795e+09	5.3243e+09	5.14436e+09	5.99405e+09	5.86913e+09	5.92149e+09	5.81947e+09	5.88258e+09	5.99657e+09	5.56263e+09	4.53442e+09	5.48727e+09	5.1627e+09	5.49737e+09	5.15461e+09	4.33942e+09	4.28918e+09	5.01803e+09	5.03959e+09	5.3485e+09	5.40189e+09	5.41703e+09	4.9814e+09	5.69954e+09	5.07103e+09	5.03587e+09	5.7317e+09	4.36944e+09	4.20557e+09	4.33635e+09	4.34417e+09	4.53233e+09	4.39042e+09	4.57876e+09	4.50884e+09	4.11843e+09	4.38763e+09	4.17468e+09	4.16513e+09	5.15005e+09	5.44335e+09	5.27365e+09	5.5295e+09	5.43459e+09	4.98356e+09	4.64103e+09	5.49851e+09	5.40746e+09	4.79807e+09	5.0472e+09	5.43043e+09	5.08834e+09	5.49887e+09	5.22216e+09	5.08643e+09	5.12285e+09	5.3786e+09	5.13914e+09	5.2001e+09	5.1314e+09	5.09953e+09	5.14464e+09	5.59728e+09	5.71251e+09	4.79915e+09	5.54783e+09	4.87614e+09	4.72251e+09	5.70291e+09	5.08834e+09	5.49887e+09	5.22216e+09	5.08643e+09	5.12285e+09	5.3786e+09	5.68462e+09	5.47832e+09	5.68845e+09	5.49446e+09	5.6469e+09	5.57223e+09
ERR608151	5.27785e+09	5.83156e+09	6.02371e+09	6.10819e+09	5.34617e+09	5.35374e+09	5.49373e+09	5.77673e+09	5.27429e+09	5.52e+09	5.92628e+09	5.55845e+09	7.00655e+09	6.42938e+09	6.40384e+09	6.31812e+09	6.93566e+09	6.66275e+09	7.81507e+09	7.63569e+09	7.71572e+09	7.55749e+09	7.65654e+09	7.83119e+09	7.2214e+09	5.48727e+09	7.32611e+09	6.62364e+09	7.12774e+09	6.6145e+09	5.5167e+09	5.44516e+09	6.46474e+09	6.49899e+09	6.94965e+09	7.02332e+09	7.00049e+09	6.38387e+09	7.42376e+09	6.52206e+09	6.47169e+09	7.45283e+09	5.54808e+09	5.31291e+09	5.50336e+09	5.51575e+09	5.78308e+09	5.57848e+09	5.91772e+09	5.8162e+09	5.25007e+09	5.63452e+09	5.32354e+09	5.318e+09	6.57174e+09	7.0015e+09	6.73915e+09	7.13079e+09	6.98537e+09	6.34058e+09	5.99903e+09	7.20627e+09	7.07587e+09	6.20869e+09	6.57039e+09	7.10467e+09	6.47219e+09	7.08631e+09	6.66658e+09	6.46961e+09	6.52127e+09	6.90604e+09	6.62888e+09	6.7243e+09	6.62081e+09	6.58685e+09	6.63807e+09	7.29864e+09	7.44251e+09	6.12379e+09	7.18133e+09	6.2353e+09	6.02299e+09	7.42676e+09	6.47219e+09	7.08631e+09	6.66658e+09	6.46961e+09	6.52127e+09	6.90604e+09	7.39615e+09	7.07351e+09	7.40156e+09	7.13236e+09	7.35873e+09	7.24266e+09
ERR608154	4.96524e+09	5.46865e+09	5.64026e+09	5.71673e+09	5.02862e+09	5.03536e+09	5.16229e+09	5.42017e+09	4.96151e+09	5.18416e+09	5.55444e+09	5.222e+09	6.51967e+09	6.00063e+09	5.97723e+09	5.90294e+09	6.45655e+09	6.21283e+09	7.26284e+09	7.1004e+09	7.17192e+09	7.03117e+09	7.11921e+09	7.27368e+09	6.72916e+09	5.1627e+09	6.62364e+09	6.39347e+09	6.64441e+09	6.18317e+09	5.17715e+09	5.11205e+09	6.03979e+09	6.0702e+09	6.47511e+09	6.54305e+09	6.53105e+09	5.97248e+09	6.90885e+09	6.09581e+09	6.05036e+09	6.93857e+09	5.20574e+09	4.99274e+09	5.16549e+09	5.17695e+09	5.41941e+09	5.23441e+09	5.52313e+09	5.43007e+09	4.91952e+09	5.26739e+09	4.98684e+09	4.98139e+09	6.14439e+09	6.53143e+09	6.29619e+09	6.6455e+09	6.51692e+09	5.9331e+09	5.60136e+09	6.69749e+09	6.58032e+09	5.79479e+09	6.12065e+09	6.60697e+09	6.05615e+09	6.60853e+09	6.22987e+09	6.05349e+09	6.10077e+09	6.44565e+09	6.19009e+09	6.27492e+09	6.182e+09	6.14871e+09	6.19746e+09	6.7901e+09	6.91716e+09	5.72938e+09	6.68777e+09	5.83038e+09	5.63649e+09	6.90356e+09	6.05615e+09	6.60853e+09	6.22987e+09	6.05349e+09	6.10077e+09	6.44565e+09	6.87632e+09	6.59064e+09	6.88181e+09	6.6357e+09	6.8391e+09	6.73591e+09
ERR608152	5.29149e+09	5.84818e+09	6.04353e+09	6.12909e+09	5.35942e+09	5.36741e+09	5.50924e+09	5.79386e+09	5.29037e+09	5.53876e+09	5.94629e+09	5.57368e+09	7.03976e+09	6.45955e+09	6.43333e+09	6.34405e+09	6.96851e+09	6.69211e+09	7.83249e+09	7.65179e+09	7.73349e+09	7.57299e+09	7.67372e+09	7.85037e+09	7.24713e+09	5.49737e+09	7.12774e+09	6.64441e+09	7.37219e+09	6.63138e+09	5.53818e+09	5.46533e+09	6.48652e+09	6.52253e+09	6.97528e+09	7.04981e+09	7.02316e+09	6.4049e+09	7.45132e+09	6.54589e+09	6.49579e+09	7.47719e+09	5.566e+09	5.32992e+09	5.52223e+09	5.53574e+09	5.80349e+09	5.59819e+09	5.94069e+09	5.838e+09	5.26566e+09	5.65351e+09	5.33862e+09	5.33417e+09	6.58025e+09	7.01264e+09	6.74635e+09	7.14123e+09	6.99489e+09	6.34868e+09	6.02725e+09	7.23834e+09	7.10676e+09	6.23577e+09	6.59929e+09	7.13576e+09	6.47778e+09	7.09868e+09	6.67211e+09	6.47514e+09	6.52756e+09	6.91606e+09	6.65196e+09	6.74835e+09	6.64467e+09	6.61217e+09	6.66094e+09	7.32608e+09	7.46013e+09	6.13557e+09	7.19417e+09	6.24851e+09	6.03585e+09	7.44447e+09	6.47778e+09	7.09868e+09	6.67211e+09	6.47514e+09	6.52756e+09	6.91606e+09	7.40962e+09	7.08245e+09	7.41522e+09	7.14613e+09	7.37497e+09	7.25675e+09
ERR608150	4.95063e+09	5.45363e+09	5.626e+09	5.70082e+09	5.01315e+09	5.02017e+09	5.15368e+09	5.41127e+09	4.95335e+09	5.17588e+09	5.54646e+09	5.21282e+09	6.50332e+09	5.98518e+09	5.96193e+09	5.88746e+09	6.44042e+09	6.19714e+09	7.24783e+09	7.08658e+09	7.15781e+09	7.01833e+09	7.10569e+09	7.25975e+09	6.71543e+09	5.15461e+09	6.6145e+09	6.18317e+09	6.63138e+09	6.37007e+09	5.16662e+09	5.101e+09	6.02776e+09	6.05808e+09	6.46248e+09	6.52894e+09	6.51768e+09	5.96058e+09	6.89434e+09	6.08373e+09	6.03832e+09	6.92294e+09	5.19233e+09	4.97976e+09	5.15199e+09	5.16302e+09	5.40496e+09	5.2202e+09	5.50673e+09	5.4153e+09	4.9032e+09	5.25222e+09	4.97092e+09	4.96498e+09	6.13552e+09	6.52157e+09	6.28676e+09	6.6356e+09	6.50661e+09	5.92586e+09	5.59285e+09	6.684e+09	6.56693e+09	5.7847e+09	6.11e+09	6.59361e+09	6.04763e+09	6.59915e+09	6.22254e+09	6.04511e+09	6.09209e+09	6.43744e+09	6.17771e+09	6.26217e+09	6.17e+09	6.13735e+09	6.18608e+09	6.77712e+09	6.90626e+09	5.72144e+09	6.67662e+09	5.82248e+09	5.62937e+09	6.89285e+09	6.04763e+09	6.59915e+09	6.22254e+09	6.04511e+09	6.09209e+09	6.43744e+09	6.86479e+09	6.57931e+09	6.87029e+09	6.62711e+09	6.82886e+09	6.72646e+09
ERR626888	4.29796e+09	4.71922e+09	4.87569e+09	4.94384e+09	4.34383e+09	4.35605e+09	4.4539e+09	4.67127e+09	4.2948e+09	4.49395e+09	4.78763e+09	4.50148e+09	5.68948e+09	5.27371e+09	5.25268e+09	5.17359e+09	5.63779e+09	5.43168e+09	6.03101e+09	5.89281e+09	5.95972e+09	5.83141e+09	5.91135e+09	6.04795e+09	5.60135e+09	4.33942e+09	5.5167e+09	5.17715e+09	5.53818e+09	5.16662e+09	4.80699e+09	4.57838e+09	5.31647e+09	5.34824e+09	5.67413e+09	5.72819e+09	5.48844e+09	5.06778e+09	5.79898e+09	5.17106e+09	5.13423e+09	5.80254e+09	4.5775e+09	4.397e+09	4.5485e+09	4.55952e+09	4.75815e+09	4.60409e+09	4.84161e+09	4.76083e+09	4.30519e+09	4.60999e+09	4.35818e+09	4.3592e+09	5.12403e+09	5.44853e+09	5.23112e+09	5.54695e+09	5.43262e+09	4.95917e+09	4.8448e+09	5.69953e+09	5.60722e+09	4.98718e+09	5.25322e+09	5.62356e+09	5.00683e+09	5.51005e+09	5.15796e+09	5.00396e+09	5.04622e+09	5.36102e+09	5.2667e+09	5.34462e+09	5.26435e+09	5.25336e+09	5.27466e+09	5.74687e+09	5.74028e+09	4.79706e+09	5.53789e+09	4.87724e+09	4.73156e+09	5.72862e+09	5.00683e+09	5.51005e+09	5.15796e+09	5.00396e+09	5.04622e+09	5.36102e+09	5.68403e+09	5.41819e+09	5.68942e+09	5.48442e+09	5.66219e+09	5.56902e+09
ERR626889	4.24789e+09	4.66185e+09	4.81491e+09	4.88182e+09	4.29312e+09	4.30533e+09	4.40114e+09	4.61428e+09	4.24505e+09	4.43982e+09	4.7285e+09	4.44745e+09	5.61286e+09	5.20478e+09	5.18448e+09	5.10662e+09	5.56174e+09	5.36056e+09	5.95084e+09	5.81503e+09	5.88019e+09	5.75482e+09	5.83333e+09	5.96696e+09	5.52819e+09	4.28918e+09	5.44516e+09	5.11205e+09	5.46533e+09	5.101e+09	4.57838e+09	4.69067e+09	5.24739e+09	5.27795e+09	5.59808e+09	5.6515e+09	5.41688e+09	5.0041e+09	5.72153e+09	5.10475e+09	5.0688e+09	5.72581e+09	4.52129e+09	4.34356e+09	4.4928e+09	4.5035e+09	4.69836e+09	4.54707e+09	4.7799e+09	4.70072e+09	4.25349e+09	4.55257e+09	4.30573e+09	4.30681e+09	5.06096e+09	5.37976e+09	5.1671e+09	5.4762e+09	5.36391e+09	4.89895e+09	4.78301e+09	5.6231e+09	5.53275e+09	4.92332e+09	5.18507e+09	5.54898e+09	4.94654e+09	5.43982e+09	5.09469e+09	4.944e+09	4.98513e+09	5.29392e+09	5.19916e+09	5.27496e+09	5.1969e+09	5.18493e+09	5.20627e+09	5.66918e+09	5.66513e+09	4.73907e+09	5.4678e+09	4.81815e+09	4.67423e+09	5.65407e+09	4.94654e+09	5.43982e+09	5.09469e+09	4.944e+09	4.98513e+09	5.29392e+09	5.6116e+09	5.35032e+09	5.61671e+09	5.41465e+09	5.58874e+09	5.49731e+09
ERR626886	4.94956e+09	5.45724e+09	5.63961e+09	5.72286e+09	5.00946e+09	5.02004e+09	5.14411e+09	5.40673e+09	4.94714e+09	5.18086e+09	5.54587e+09	5.20287e+09	6.64253e+09	6.11905e+09	6.09327e+09	6.0042e+09	6.57768e+09	6.32506e+09	7.1342e+09	6.95939e+09	7.04061e+09	6.88392e+09	6.98097e+09	7.14944e+09	6.56829e+09	5.01803e+09	6.46474e+09	6.03979e+09	6.48652e+09	6.02776e+09	5.31647e+09	5.24739e+09	6.39916e+09	6.22167e+09	6.63359e+09	6.70013e+09	6.42795e+09	5.89148e+09	6.81306e+09	6.01611e+09	5.97044e+09	6.82751e+09	5.26693e+09	5.04668e+09	5.22721e+09	5.24017e+09	5.48657e+09	5.29668e+09	5.60275e+09	5.50512e+09	4.96874e+09	5.33039e+09	5.03657e+09	5.03353e+09	6.02387e+09	6.42221e+09	6.16675e+09	6.54448e+09	6.40452e+09	5.81699e+09	5.59459e+09	6.67397e+09	6.55715e+09	5.77933e+09	6.10901e+09	6.57998e+09	5.88411e+09	6.48468e+09	6.06754e+09	5.88175e+09	5.93224e+09	6.30335e+09	6.14131e+09	6.2352e+09	6.13741e+09	6.11654e+09	6.15081e+09	6.74342e+09	6.77468e+09	5.59875e+09	6.53372e+09	5.69791e+09	5.51362e+09	6.76121e+09	5.88411e+09	6.48468e+09	6.06754e+09	5.88175e+09	5.93224e+09	6.30335e+09	6.71178e+09	6.39682e+09	6.71758e+09	6.45944e+09	6.67677e+09	6.56533e+09
