	ERR613340	ERR613338	ERR613339	ERR613335	ERR613336	ERR613337	ERR636787	ERR636789	ERR636788	ERR636790	ERR636792	ERR636791	ERR636821	ERR636819	ERR636818	ERR636817	ERR636820	ERR636822	ERR613108	ERR613109	ERR613111	ERR613112	ERR613110	ERR613107	ERR636787	ERR636789	ERR636788	ERR636790	ERR636792	ERR636791	ERR622160	ERR622155	ERR622159	ERR622158	ERR622157	ERR622156	ERR613997	ERR613999	ERR613998	ERR613996	ERR614001	ERR614000	ERR612225	ERR612224	ERR612221	ERR612223	ERR612226	ERR612222	ERR638244	ERR638245	ERR638246	ERR638247	ERR638248	ERR638243	ERR613788	ERR613791	ERR613790	ERR613793	ERR613792	ERR613789	ERR612190	ERR612185	ERR612187	ERR612186	ERR612188	ERR612189	ERR613773	ERR613774	ERR613775	ERR613771	ERR613770	ERR613772	ERR617457	ERR617460	ERR617459	ERR617462	ERR617458	ERR617461	ERR605559	ERR605557	ERR605562	ERR605561	ERR605558	ERR605560	ERR607780	ERR607779	ERR607776	ERR607775	ERR607778	ERR607777	ERR616267	ERR616266	ERR616270	ERR616269	ERR616268	ERR616265
ERR613340	1.86338e+08	1.4254e+08	1.43558e+08	1.69816e+08	1.42868e+08	1.58709e+08	1.39587e+08	1.51405e+08	1.50821e+08	1.59883e+08	1.63628e+08	1.60862e+08	1.54826e+08	1.86664e+08	1.89584e+08	1.69242e+08	1.58881e+08	1.56324e+08	1.6702e+08	1.66117e+08	1.06976e+08	1.04076e+08	1.00625e+08	1.82323e+08	1.39587e+08	1.51405e+08	1.50821e+08	1.59883e+08	1.63628e+08	1.60862e+08	1.04111e+08	9.94218e+07	1.06705e+08	1.08416e+08	1.40251e+08	1.30308e+08	1.30625e+08	1.27866e+08	1.0599e+08	1.4277e+08	1.28539e+08	1.2855e+08	1.09318e+08	1.36051e+08	1.77735e+08	1.69364e+08	1.32784e+08	1.68795e+08	9.87461e+07	9.46639e+07	1.31692e+08	1.31822e+08	1.23284e+08	9.61636e+07	1.37685e+08	1.21334e+08	9.93689e+07	1.2252e+08	1.22316e+08	1.24957e+08	1.11591e+08	1.24657e+08	1.19277e+08	1.19143e+08	1.16895e+08	9.40343e+07	1.00017e+08	1.00557e+08	1.00158e+08	1.01831e+08	1.13719e+08	8.03635e+07	1.10732e+08	1.2707e+08	1.12992e+08	1.19546e+08	1.12351e+08	1.293e+08	8.17888e+07	9.3315e+07	8.61879e+07	8.78221e+07	8.77298e+07	8.6341e+07	1.2469e+08	1.28463e+08	1.00389e+08	1.22469e+08	1.02605e+08	1.23495e+08	9.98422e+07	1.15926e+08	1.38868e+08	1.35758e+08	1.35082e+08	1.05882e+08
ERR613338	1.4254e+08	2.90252e+08	1.89199e+08	2.23845e+08	1.87311e+08	2.08333e+08	1.84586e+08	2.00215e+08	2.00178e+08	2.11542e+08	2.16545e+08	2.12802e+08	2.04518e+08	2.47638e+08	2.52456e+08	2.24446e+08	2.1002e+08	2.0669e+08	2.22177e+08	2.21034e+08	1.41291e+08	1.37366e+08	1.32813e+08	2.4336e+08	1.84586e+08	2.00215e+08	2.00178e+08	2.11542e+08	2.16545e+08	2.12802e+08	1.36705e+08	1.29019e+08	1.40272e+08	1.4251e+08	1.8523e+08	1.71299e+08	1.7519e+08	1.71767e+08	1.41373e+08	1.91899e+08	1.72716e+08	1.7277e+08	1.43936e+08	1.79526e+08	2.3573e+08	2.24011e+08	1.75348e+08	2.23023e+08	1.32319e+08	1.27189e+08	1.7694e+08	1.77181e+08	1.64861e+08	1.28808e+08	1.85009e+08	1.6315e+08	1.32609e+08	1.6468e+08	1.64371e+08	1.67669e+08	1.49403e+08	1.67093e+08	1.59317e+08	1.59172e+08	1.56423e+08	1.25694e+08	1.35536e+08	1.36309e+08	1.35664e+08	1.37546e+08	1.54023e+08	1.078e+08	1.48772e+08	1.71549e+08	1.52609e+08	1.60878e+08	1.51555e+08	1.74703e+08	1.10161e+08	1.2607e+08	1.16511e+08	1.18441e+08	1.18489e+08	1.16592e+08	1.6767e+08	1.72689e+08	1.34607e+08	1.65023e+08	1.37864e+08	1.66445e+08	1.35753e+08	1.57476e+08	1.88164e+08	1.83641e+08	1.82977e+08	1.43519e+08
ERR613339	1.43558e+08	1.89199e+08	2.93887e+08	2.25437e+08	1.88674e+08	2.09801e+08	1.85842e+08	2.01657e+08	2.01448e+08	2.1293e+08	2.18091e+08	2.14215e+08	2.05861e+08	2.49298e+08	2.53998e+08	2.25919e+08	2.11392e+08	2.08117e+08	2.23989e+08	2.22691e+08	1.42295e+08	1.38475e+08	1.33967e+08	2.45305e+08	1.85842e+08	2.01657e+08	2.01448e+08	2.1293e+08	2.18091e+08	2.14215e+08	1.37611e+08	1.29915e+08	1.41155e+08	1.43429e+08	1.86375e+08	1.72523e+08	1.76483e+08	1.7301e+08	1.42348e+08	1.9328e+08	1.73993e+08	1.73911e+08	1.44887e+08	1.80864e+08	2.37602e+08	2.2566e+08	1.76517e+08	2.24617e+08	1.33607e+08	1.28242e+08	1.78404e+08	1.78645e+08	1.66341e+08	1.3001e+08	1.86599e+08	1.64453e+08	1.33798e+08	1.65971e+08	1.657e+08	1.69102e+08	1.50661e+08	1.68509e+08	1.60816e+08	1.6055e+08	1.57795e+08	1.2682e+08	1.36607e+08	1.37441e+08	1.36844e+08	1.3871e+08	1.5533e+08	1.08802e+08	1.50107e+08	1.73051e+08	1.53831e+08	1.62151e+08	1.52863e+08	1.76097e+08	1.11061e+08	1.27056e+08	1.17357e+08	1.19495e+08	1.19463e+08	1.17589e+08	1.69055e+08	1.74105e+08	1.35732e+08	1.66419e+08	1.39075e+08	1.67824e+08	1.36922e+08	1.5879e+08	1.89638e+08	1.85206e+08	1.8451e+08	1.44653e+08
ERR613335	1.69816e+08	2.23845e+08	2.25437e+08	3.96671e+08	2.25215e+08	2.50858e+08	2.23093e+08	2.42111e+08	2.41659e+08	2.55803e+08	2.61976e+08	2.57554e+08	2.46601e+08	2.98865e+08	3.04254e+08	2.70506e+08	2.53119e+08	2.49013e+08	2.69444e+08	2.6778e+08	1.71141e+08	1.66381e+08	1.60731e+08	2.95012e+08	2.23093e+08	2.42111e+08	2.41659e+08	2.55803e+08	2.61976e+08	2.57554e+08	1.64127e+08	1.55326e+08	1.6827e+08	1.71087e+08	2.22976e+08	2.06208e+08	2.12627e+08	2.08269e+08	1.71723e+08	2.32834e+08	2.09372e+08	2.09377e+08	1.73617e+08	2.1704e+08	2.85447e+08	2.7122e+08	2.11833e+08	2.70232e+08	1.60828e+08	1.54414e+08	2.15116e+08	2.15359e+08	2.00776e+08	1.5661e+08	2.25003e+08	1.98205e+08	1.61469e+08	2.0003e+08	1.99809e+08	2.03973e+08	1.82195e+08	2.03851e+08	1.9464e+08	1.94426e+08	1.90916e+08	1.53425e+08	1.64518e+08	1.65339e+08	1.64674e+08	1.67183e+08	1.87147e+08	1.31265e+08	1.81281e+08	2.08993e+08	1.85838e+08	1.95992e+08	1.8443e+08	2.12788e+08	1.34598e+08	1.53922e+08	1.41971e+08	1.44598e+08	1.44472e+08	1.42197e+08	2.03919e+08	2.1007e+08	1.63754e+08	2.00816e+08	1.67766e+08	2.02436e+08	1.63797e+08	1.90177e+08	2.27575e+08	2.22146e+08	2.21277e+08	1.73204e+08
ERR613336	1.42868e+08	1.87311e+08	1.88674e+08	2.25215e+08	2.93333e+08	2.09973e+08	1.85267e+08	2.01086e+08	2.00598e+08	2.12431e+08	2.17444e+08	2.13768e+08	2.04954e+08	2.4795e+08	2.52182e+08	2.24397e+08	2.10424e+08	2.07175e+08	2.23331e+08	2.21942e+08	1.41986e+08	1.38159e+08	1.33502e+08	2.44119e+08	1.85267e+08	2.01086e+08	2.00598e+08	2.12431e+08	2.17444e+08	2.13768e+08	1.36998e+08	1.30189e+08	1.40479e+08	1.42759e+08	1.85586e+08	1.71918e+08	1.75608e+08	1.71781e+08	1.42081e+08	1.92069e+08	1.7275e+08	1.72747e+08	1.44626e+08	1.80374e+08	2.36567e+08	2.25029e+08	1.76154e+08	2.24194e+08	1.32923e+08	1.27496e+08	1.77523e+08	1.77613e+08	1.65891e+08	1.29396e+08	1.85762e+08	1.63829e+08	1.33851e+08	1.65278e+08	1.65043e+08	1.68555e+08	1.50145e+08	1.679e+08	1.60484e+08	1.60265e+08	1.57388e+08	1.26338e+08	1.35276e+08	1.35944e+08	1.35385e+08	1.3763e+08	1.53915e+08	1.08332e+08	1.49402e+08	1.71711e+08	1.52691e+08	1.61327e+08	1.51768e+08	1.74885e+08	1.10412e+08	1.26027e+08	1.16373e+08	1.1853e+08	1.18481e+08	1.16617e+08	1.67981e+08	1.73106e+08	1.35071e+08	1.65078e+08	1.38138e+08	1.66634e+08	1.34727e+08	1.56486e+08	1.8741e+08	1.82916e+08	1.8231e+08	1.42696e+08
ERR613337	1.58709e+08	2.08333e+08	2.09801e+08	2.50858e+08	2.09973e+08	3.52165e+08	2.0673e+08	2.24361e+08	2.23787e+08	2.37014e+08	2.42702e+08	2.38685e+08	2.28342e+08	2.7663e+08	2.81238e+08	2.50236e+08	2.34338e+08	2.30701e+08	2.49361e+08	2.47961e+08	1.58502e+08	1.54053e+08	1.48921e+08	2.72773e+08	2.0673e+08	2.24361e+08	2.23787e+08	2.37014e+08	2.42702e+08	2.38685e+08	1.52419e+08	1.44792e+08	1.56209e+08	1.58882e+08	2.0677e+08	1.91542e+08	1.96342e+08	1.92065e+08	1.58942e+08	2.14963e+08	1.93336e+08	1.93281e+08	1.61238e+08	2.01288e+08	2.64574e+08	2.5159e+08	1.96607e+08	2.50777e+08	1.48964e+08	1.43092e+08	1.99175e+08	1.99257e+08	1.8626e+08	1.45082e+08	2.08266e+08	1.83421e+08	1.5e+08	1.8518e+08	1.84903e+08	1.88822e+08	1.68508e+08	1.88265e+08	1.80036e+08	1.79904e+08	1.76578e+08	1.41682e+08	1.51806e+08	1.52722e+08	1.52065e+08	1.54592e+08	1.72789e+08	1.21723e+08	1.67891e+08	1.92969e+08	1.7167e+08	1.81292e+08	1.70482e+08	1.96344e+08	1.24144e+08	1.41871e+08	1.31032e+08	1.33327e+08	1.33324e+08	1.31096e+08	1.88922e+08	1.9464e+08	1.51759e+08	1.85593e+08	1.55313e+08	1.87271e+08	1.50625e+08	1.75112e+08	2.09764e+08	2.04944e+08	2.0403e+08	1.59601e+08
ERR636787	1.39587e+08	1.84586e+08	1.85842e+08	2.23093e+08	1.85267e+08	2.0673e+08	4.07212e+08	3.02158e+08	3.01996e+08	3.18395e+08	3.26025e+08	3.21063e+08	2.68872e+08	3.24767e+08	3.30554e+08	2.9454e+08	2.75717e+08	2.71638e+08	2.40718e+08	2.39296e+08	1.52577e+08	1.48415e+08	1.43543e+08	2.63728e+08	4.07212e+08	3.02158e+08	3.01996e+08	3.18395e+08	3.26025e+08	3.21063e+08	1.75646e+08	1.66692e+08	1.80217e+08	1.83534e+08	2.37806e+08	2.20375e+08	2.48922e+08	2.43944e+08	2.02242e+08	2.71272e+08	2.45251e+08	2.45207e+08	1.82666e+08	2.27772e+08	2.98164e+08	2.83821e+08	2.22519e+08	2.82383e+08	1.42071e+08	1.36251e+08	1.9157e+08	1.91856e+08	1.78476e+08	1.38384e+08	2.09754e+08	1.84347e+08	1.49932e+08	1.8608e+08	1.85907e+08	1.9004e+08	1.62773e+08	1.82197e+08	1.73899e+08	1.73664e+08	1.70563e+08	1.36487e+08	1.48687e+08	1.49595e+08	1.4877e+08	1.51265e+08	1.69489e+08	1.18185e+08	1.65085e+08	1.90585e+08	1.69172e+08	1.78532e+08	1.68216e+08	1.94165e+08	1.16974e+08	1.34027e+08	1.23765e+08	1.26115e+08	1.25873e+08	1.23908e+08	1.88294e+08	1.94132e+08	1.50673e+08	1.85212e+08	1.54282e+08	1.86988e+08	1.49025e+08	1.73495e+08	2.08509e+08	2.03499e+08	2.02783e+08	1.57784e+08
ERR636789	1.51405e+08	2.00215e+08	2.01657e+08	2.42111e+08	2.01086e+08	2.24361e+08	3.02158e+08	4.66785e+08	3.26645e+08	3.44987e+08	3.53043e+08	3.47541e+08	2.90881e+08	3.52116e+08	3.58328e+08	3.18964e+08	2.98332e+08	2.9394e+08	2.61232e+08	2.59622e+08	1.65256e+08	1.60709e+08	1.55218e+08	2.86089e+08	3.02158e+08	4.66785e+08	3.26645e+08	3.44987e+08	3.53043e+08	3.47541e+08	1.89558e+08	1.79822e+08	1.9447e+08	1.9801e+08	2.57021e+08	2.37986e+08	2.69104e+08	2.63781e+08	2.18567e+08	2.93741e+08	2.65234e+08	2.65475e+08	1.97605e+08	2.46633e+08	3.23812e+08	3.08011e+08	2.41018e+08	3.06375e+08	1.55794e+08	1.49402e+08	2.09942e+08	2.10356e+08	1.95842e+08	1.51687e+08	2.28503e+08	2.00828e+08	1.63382e+08	2.0277e+08	2.02394e+08	2.06959e+08	1.7722e+08	1.98416e+08	1.89367e+08	1.88987e+08	1.8557e+08	1.48541e+08	1.62884e+08	1.63814e+08	1.63124e+08	1.65852e+08	1.85701e+08	1.29649e+08	1.81001e+08	2.08786e+08	1.85285e+08	1.95837e+08	1.84121e+08	2.12768e+08	1.28226e+08	1.46802e+08	1.35615e+08	1.38126e+08	1.37944e+08	1.35742e+08	2.06335e+08	2.12907e+08	1.65106e+08	2.03133e+08	1.69278e+08	2.05064e+08	1.61944e+08	1.88702e+08	2.26768e+08	2.21423e+08	2.20452e+08	1.7147e+08
ERR636788	1.50821e+08	2.00178e+08	2.01448e+08	2.41659e+08	2.00598e+08	2.23787e+08	3.01996e+08	3.26645e+08	4.66466e+08	3.44455e+08	3.52696e+08	3.47041e+08	2.91075e+08	3.52204e+08	3.59004e+08	3.1925e+08	2.9856e+08	2.94125e+08	2.60968e+08	2.59346e+08	1.64961e+08	1.60344e+08	1.54966e+08	2.86024e+08	3.01996e+08	3.26645e+08	4.66466e+08	3.44455e+08	3.52696e+08	3.47041e+08	1.89538e+08	1.79212e+08	1.94448e+08	1.97977e+08	2.57002e+08	2.37875e+08	2.69334e+08	2.64211e+08	2.18358e+08	2.94145e+08	2.65719e+08	2.65701e+08	1.97417e+08	2.46269e+08	3.23615e+08	3.07675e+08	2.40779e+08	3.05863e+08	1.5557e+08	1.49267e+08	2.09704e+08	2.10288e+08	1.95138e+08	1.51424e+08	2.28424e+08	2.01055e+08	1.62908e+08	2.02806e+08	2.02521e+08	2.06975e+08	1.77111e+08	1.98315e+08	1.89213e+08	1.88861e+08	1.85557e+08	1.48524e+08	1.63064e+08	1.64081e+08	1.63229e+08	1.6588e+08	1.85923e+08	1.29296e+08	1.80758e+08	2.08936e+08	1.85484e+08	1.9564e+08	1.84122e+08	2.12931e+08	1.2819e+08	1.46967e+08	1.35742e+08	1.38176e+08	1.38018e+08	1.35868e+08	2.0621e+08	2.12728e+08	1.64898e+08	2.03239e+08	1.69034e+08	2.0512e+08	1.6311e+08	1.89718e+08	2.27754e+08	2.22198e+08	2.21407e+08	1.72466e+08
ERR636790	1.59883e+08	2.11542e+08	2.1293e+08	2.55803e+08	2.12431e+08	2.37014e+08	3.18395e+08	3.44987e+08	3.44455e+08	5.13993e+08	3.7486e+08	3.68687e+08	3.07692e+08	3.72468e+08	3.79011e+08	3.3722e+08	3.15648e+08	3.10713e+08	2.76477e+08	2.74732e+08	1.7469e+08	1.69876e+08	1.64201e+08	3.02729e+08	3.18395e+08	3.44987e+08	3.44455e+08	5.13993e+08	3.7486e+08	3.68687e+08	2.00002e+08	1.89631e+08	2.05144e+08	2.089e+08	2.71386e+08	2.51218e+08	2.84752e+08	2.79104e+08	2.31143e+08	3.10963e+08	2.80715e+08	2.8055e+08	2.08668e+08	2.60519e+08	3.42687e+08	3.2591e+08	2.54535e+08	3.24095e+08	1.65655e+08	1.58726e+08	2.2331e+08	2.23555e+08	2.0815e+08	1.612e+08	2.42013e+08	2.12821e+08	1.72947e+08	2.14654e+08	2.14383e+08	2.19116e+08	1.87659e+08	2.10084e+08	2.00712e+08	2.00174e+08	1.96669e+08	1.57482e+08	1.73006e+08	1.74028e+08	1.73052e+08	1.76133e+08	1.97342e+08	1.37696e+08	1.92402e+08	2.22119e+08	1.96893e+08	2.08095e+08	1.95763e+08	2.26168e+08	1.36319e+08	1.56022e+08	1.44136e+08	1.46739e+08	1.4654e+08	1.44195e+08	2.19457e+08	2.26181e+08	1.75414e+08	2.15957e+08	1.79745e+08	2.17845e+08	1.7163e+08	1.99927e+08	2.40291e+08	2.34563e+08	2.33614e+08	1.81751e+08
ERR636792	1.63628e+08	2.16545e+08	2.18091e+08	2.61976e+08	2.17444e+08	2.42702e+08	3.26025e+08	3.53043e+08	3.52696e+08	3.7486e+08	5.36183e+08	3.77773e+08	3.15001e+08	3.81805e+08	3.88285e+08	3.45482e+08	3.23093e+08	3.18228e+08	2.83039e+08	2.81269e+08	1.78823e+08	1.73963e+08	1.68103e+08	3.10078e+08	3.26025e+08	3.53043e+08	3.52696e+08	3.7486e+08	5.36183e+08	3.77773e+08	2.04423e+08	1.94001e+08	2.09834e+08	2.13579e+08	2.7764e+08	2.56993e+08	2.9168e+08	2.86022e+08	2.36597e+08	3.18669e+08	2.87513e+08	2.87639e+08	2.13538e+08	2.6688e+08	3.51034e+08	3.33777e+08	2.60655e+08	3.3214e+08	1.70196e+08	1.63008e+08	2.29402e+08	2.29738e+08	2.13831e+08	1.65671e+08	2.48085e+08	2.18122e+08	1.77107e+08	2.20032e+08	2.19756e+08	2.24556e+08	1.92381e+08	2.15275e+08	2.05587e+08	2.05166e+08	2.01465e+08	1.61315e+08	1.7788e+08	1.78916e+08	1.78012e+08	1.80952e+08	2.0281e+08	1.41469e+08	1.9758e+08	2.28187e+08	2.0229e+08	2.13763e+08	2.01172e+08	2.32401e+08	1.40134e+08	1.60431e+08	1.48238e+08	1.50903e+08	1.50636e+08	1.48357e+08	2.25398e+08	2.32492e+08	1.80114e+08	2.21724e+08	1.84699e+08	2.23784e+08	1.76033e+08	2.05034e+08	2.46424e+08	2.40694e+08	2.39438e+08	1.86397e+08
ERR636791	1.60862e+08	2.12802e+08	2.14215e+08	2.57554e+08	2.13768e+08	2.38685e+08	3.21063e+08	3.47541e+08	3.47041e+08	3.68687e+08	3.77773e+08	5.21004e+08	3.09894e+08	3.75344e+08	3.81678e+08	3.39692e+08	3.17831e+08	3.12994e+08	2.7872e+08	2.77132e+08	1.76174e+08	1.71402e+08	1.65649e+08	3.05347e+08	3.21063e+08	3.47541e+08	3.47041e+08	3.68687e+08	3.77773e+08	5.21004e+08	2.0132e+08	1.91198e+08	2.06559e+08	2.10327e+08	2.73434e+08	2.53038e+08	2.87184e+08	2.81522e+08	2.3308e+08	3.13487e+08	2.83009e+08	2.83099e+08	2.10047e+08	2.62455e+08	3.45064e+08	3.28254e+08	2.564e+08	3.2665e+08	1.67159e+08	1.60194e+08	2.25137e+08	2.25708e+08	2.09979e+08	1.62537e+08	2.43768e+08	2.14299e+08	1.74118e+08	2.16349e+08	2.15958e+08	2.20766e+08	1.893e+08	2.11882e+08	2.024e+08	2.02032e+08	1.98372e+08	1.5885e+08	1.74496e+08	1.75516e+08	1.74706e+08	1.77642e+08	1.99063e+08	1.38877e+08	1.94159e+08	2.24217e+08	1.98806e+08	2.10033e+08	1.97469e+08	2.28281e+08	1.37708e+08	1.57658e+08	1.45549e+08	1.48198e+08	1.47993e+08	1.45756e+08	2.21313e+08	2.28277e+08	1.76952e+08	2.17798e+08	1.81326e+08	2.19715e+08	1.729e+08	2.01384e+08	2.42108e+08	2.36312e+08	2.35294e+08	1.83012e+08
ERR636821	1.54826e+08	2.04518e+08	2.05861e+08	2.46601e+08	2.04954e+08	2.28342e+08	2.68872e+08	2.90881e+08	2.91075e+08	3.07692e+08	3.15001e+08	3.09894e+08	4.43417e+08	3.7259e+08	3.79428e+08	3.37815e+08	3.16548e+08	3.11549e+08	2.62102e+08	2.60497e+08	1.65797e+08	1.6093e+08	1.55885e+08	2.87181e+08	2.68872e+08	2.90881e+08	2.91075e+08	3.07692e+08	3.15001e+08	3.09894e+08	1.87518e+08	1.77296e+08	1.92211e+08	1.95589e+08	2.53792e+08	2.34901e+08	2.48495e+08	2.4361e+08	2.00946e+08	2.71578e+08	2.45063e+08	2.45058e+08	1.90016e+08	2.37343e+08	3.11225e+08	2.95878e+08	2.31836e+08	2.94298e+08	1.57453e+08	1.50741e+08	2.11964e+08	2.12336e+08	1.969e+08	1.53041e+08	2.26293e+08	1.99066e+08	1.61443e+08	2.00891e+08	2.00652e+08	2.04825e+08	1.7592e+08	1.97126e+08	1.87854e+08	1.87504e+08	1.84222e+08	1.47212e+08	1.64554e+08	1.6561e+08	1.64708e+08	1.6724e+08	1.87557e+08	1.30426e+08	1.81237e+08	2.09627e+08	1.86059e+08	1.9605e+08	1.84828e+08	2.136e+08	1.26974e+08	1.45523e+08	1.34444e+08	1.37009e+08	1.36816e+08	1.34581e+08	2.0466e+08	2.11085e+08	1.63631e+08	2.01706e+08	1.67899e+08	2.03576e+08	1.63085e+08	1.89546e+08	2.27315e+08	2.2167e+08	2.21005e+08	1.72191e+08
ERR636819	1.86664e+08	2.47638e+08	2.49298e+08	2.98865e+08	2.4795e+08	2.7663e+08	3.24767e+08	3.52116e+08	3.52204e+08	3.72468e+08	3.81805e+08	3.75344e+08	3.7259e+08	6.23846e+08	4.62549e+08	4.10741e+08	3.822e+08	3.76412e+08	3.18309e+08	3.16387e+08	2.00591e+08	1.94593e+08	1.88451e+08	3.49239e+08	3.24767e+08	3.52116e+08	3.52204e+08	3.72468e+08	3.81805e+08	3.75344e+08	2.25293e+08	2.12632e+08	2.31041e+08	2.35113e+08	3.06268e+08	2.8299e+08	3.01432e+08	2.95586e+08	2.43156e+08	3.30037e+08	2.97392e+08	2.9747e+08	2.29229e+08	2.87046e+08	3.78771e+08	3.59428e+08	2.80431e+08	3.57564e+08	1.95326e+08	1.87277e+08	2.63179e+08	2.63485e+08	2.44629e+08	1.90008e+08	2.77826e+08	2.44464e+08	1.97902e+08	2.46669e+08	2.46326e+08	2.51295e+08	2.15459e+08	2.41543e+08	2.3028e+08	2.29733e+08	2.25769e+08	1.80299e+08	2.04429e+08	2.05592e+08	2.04525e+08	2.07731e+08	2.329e+08	1.61941e+08	2.24939e+08	2.60311e+08	2.31125e+08	2.434e+08	2.2962e+08	2.65269e+08	1.57732e+08	1.80802e+08	1.67208e+08	1.70201e+08	1.69897e+08	1.67187e+08	2.54329e+08	2.62228e+08	2.03344e+08	2.50567e+08	2.08572e+08	2.52833e+08	2.00647e+08	2.3321e+08	2.79677e+08	2.727e+08	2.71678e+08	2.11647e+08
ERR636818	1.89584e+08	2.52456e+08	2.53998e+08	3.04254e+08	2.52182e+08	2.81238e+08	3.30554e+08	3.58328e+08	3.59004e+08	3.79011e+08	3.88285e+08	3.81678e+08	3.79428e+08	4.62549e+08	6.46085e+08	4.18687e+08	3.89401e+08	3.83119e+08	3.23989e+08	3.22094e+08	2.03937e+08	1.97891e+08	1.91567e+08	3.56145e+08	3.30554e+08	3.58328e+08	3.59004e+08	3.79011e+08	3.88285e+08	3.81678e+08	2.29115e+08	2.15452e+08	2.35104e+08	2.3916e+08	3.11816e+08	2.87788e+08	3.077e+08	3.0181e+08	2.47481e+08	3.37158e+08	3.03794e+08	3.03789e+08	2.33546e+08	2.92496e+08	3.86173e+08	3.66348e+08	2.8565e+08	3.63956e+08	1.99469e+08	1.91241e+08	2.68778e+08	2.69466e+08	2.49138e+08	1.9393e+08	2.83593e+08	2.49684e+08	2.01539e+08	2.52057e+08	2.51786e+08	2.56527e+08	2.19985e+08	2.46704e+08	2.34996e+08	2.34306e+08	2.30616e+08	1.84069e+08	2.09423e+08	2.10766e+08	2.09633e+08	2.12617e+08	2.3862e+08	1.6523e+08	2.29761e+08	2.66647e+08	2.36477e+08	2.48752e+08	2.34913e+08	2.71671e+08	1.61348e+08	1.85187e+08	1.70994e+08	1.74119e+08	1.73879e+08	1.71288e+08	2.59982e+08	2.67866e+08	2.0761e+08	2.5648e+08	2.13163e+08	2.58938e+08	2.0659e+08	2.39804e+08	2.87003e+08	2.7979e+08	2.7902e+08	2.17547e+08
ERR636817	1.69242e+08	2.24446e+08	2.25919e+08	2.70506e+08	2.24397e+08	2.50236e+08	2.9454e+08	3.18964e+08	3.1925e+08	3.3722e+08	3.45482e+08	3.39692e+08	3.37815e+08	4.10741e+08	4.18687e+08	5.22753e+08	3.46474e+08	3.41053e+08	2.87683e+08	2.86012e+08	1.81638e+08	1.76241e+08	1.70648e+08	3.15802e+08	2.9454e+08	3.18964e+08	3.1925e+08	3.3722e+08	3.45482e+08	3.39692e+08	2.04739e+08	1.93057e+08	2.09949e+08	2.13692e+08	2.7795e+08	2.56922e+08	2.7306e+08	2.67807e+08	2.20272e+08	2.9879e+08	2.69489e+08	2.69566e+08	2.07952e+08	2.60168e+08	3.4233e+08	3.25098e+08	2.54164e+08	3.2299e+08	1.74607e+08	1.67338e+08	2.35157e+08	2.35638e+08	2.18341e+08	1.69729e+08	2.49919e+08	2.19939e+08	1.77845e+08	2.2196e+08	2.21633e+08	2.26006e+08	1.93956e+08	2.17426e+08	2.07175e+08	2.06678e+08	2.03131e+08	1.62401e+08	1.82911e+08	1.83999e+08	1.83092e+08	1.85957e+08	2.0839e+08	1.4458e+08	2.00981e+08	2.3292e+08	2.06762e+08	2.17611e+08	2.05435e+08	2.37299e+08	1.41106e+08	1.61839e+08	1.49514e+08	1.52215e+08	1.51968e+08	1.49655e+08	2.27235e+08	2.3422e+08	1.81605e+08	2.24054e+08	1.86359e+08	2.26156e+08	1.81142e+08	2.10281e+08	2.51941e+08	2.45706e+08	2.44912e+08	1.90905e+08
ERR636820	1.58881e+08	2.1002e+08	2.11392e+08	2.53119e+08	2.10424e+08	2.34338e+08	2.75717e+08	2.98332e+08	2.9856e+08	3.15648e+08	3.23093e+08	3.17831e+08	3.16548e+08	3.822e+08	3.89401e+08	3.46474e+08	4.63162e+08	3.1957e+08	2.6881e+08	2.67307e+08	1.70006e+08	1.6514e+08	1.59819e+08	2.94703e+08	2.75717e+08	2.98332e+08	2.9856e+08	3.15648e+08	3.23093e+08	3.17831e+08	1.92166e+08	1.81732e+08	1.97092e+08	2.00566e+08	2.60369e+08	2.41098e+08	2.55106e+08	2.5005e+08	2.06255e+08	2.78767e+08	2.51552e+08	2.51564e+08	1.9495e+08	2.43293e+08	3.19749e+08	3.0375e+08	2.3773e+08	3.02039e+08	1.61632e+08	1.54916e+08	2.17874e+08	2.18284e+08	2.02467e+08	1.57377e+08	2.32562e+08	2.04579e+08	1.65818e+08	2.06447e+08	2.06168e+08	2.10472e+08	1.80798e+08	2.02513e+08	1.933e+08	1.92737e+08	1.89483e+08	1.51292e+08	1.69194e+08	1.70195e+08	1.69258e+08	1.71915e+08	1.9275e+08	1.34018e+08	1.86224e+08	2.15394e+08	1.91081e+08	2.01568e+08	1.89976e+08	2.19486e+08	1.30444e+08	1.49621e+08	1.38284e+08	1.40643e+08	1.40593e+08	1.38456e+08	2.10403e+08	2.16931e+08	1.68167e+08	2.07256e+08	1.72455e+08	2.09166e+08	1.67621e+08	1.94724e+08	2.33507e+08	2.27747e+08	2.26973e+08	1.76898e+08
ERR636822	1.56324e+08	2.0669e+08	2.08117e+08	2.49013e+08	2.07175e+08	2.30701e+08	2.71638e+08	2.9394e+08	2.94125e+08	3.10713e+08	3.18228e+08	3.12994e+08	3.11549e+08	3.76412e+08	3.83119e+08	3.41053e+08	3.1957e+08	4.50799e+08	2.64849e+08	2.633e+08	1.67544e+08	1.62618e+08	1.57431e+08	2.90271e+08	2.71638e+08	2.9394e+08	2.94125e+08	3.10713e+08	3.18228e+08	3.12994e+08	1.89287e+08	1.79082e+08	1.94058e+08	1.97491e+08	2.56397e+08	2.37314e+08	2.51243e+08	2.46337e+08	2.03096e+08	2.74704e+08	2.4784e+08	2.47757e+08	1.92012e+08	2.39857e+08	3.14896e+08	2.99129e+08	2.3427e+08	2.97555e+08	1.58992e+08	1.52332e+08	2.14061e+08	2.14664e+08	1.99074e+08	1.54611e+08	2.28782e+08	2.01376e+08	1.63193e+08	2.03229e+08	2.0297e+08	2.07203e+08	1.77867e+08	1.99231e+08	1.90115e+08	1.89738e+08	1.86347e+08	1.48777e+08	1.66337e+08	1.67206e+08	1.66352e+08	1.68952e+08	1.89421e+08	1.31823e+08	1.83162e+08	2.11958e+08	1.88109e+08	1.98289e+08	1.86889e+08	2.15785e+08	1.2832e+08	1.47119e+08	1.35862e+08	1.38332e+08	1.38294e+08	1.36102e+08	2.06888e+08	2.13307e+08	1.65453e+08	2.03835e+08	1.6965e+08	2.05668e+08	1.64733e+08	1.91509e+08	2.29638e+08	2.23909e+08	2.23211e+08	1.73948e+08
ERR613108	1.6702e+08	2.22177e+08	2.23989e+08	2.69444e+08	2.23331e+08	2.49361e+08	2.40718e+08	2.61232e+08	2.60968e+08	2.76477e+08	2.83039e+08	2.7872e+08	2.62102e+08	3.18309e+08	3.23989e+08	2.87683e+08	2.6881e+08	2.64849e+08	4.84071e+08	3.4405e+08	2.27539e+08	2.21722e+08	2.14956e+08	3.76759e+08	2.40718e+08	2.61232e+08	2.60968e+08	2.76477e+08	2.83039e+08	2.7872e+08	1.74164e+08	1.64093e+08	1.7837e+08	1.81739e+08	2.37497e+08	2.19306e+08	2.38846e+08	2.34058e+08	1.92903e+08	2.61597e+08	2.3539e+08	2.35391e+08	1.8774e+08	2.35278e+08	3.10177e+08	2.94644e+08	2.29535e+08	2.9312e+08	1.75817e+08	1.68888e+08	2.352e+08	2.35483e+08	2.19e+08	1.7114e+08	2.43594e+08	2.14788e+08	1.74792e+08	2.16847e+08	2.16555e+08	2.20754e+08	2.19866e+08	2.4351e+08	2.33411e+08	2.33279e+08	2.29551e+08	1.87956e+08	1.79327e+08	1.8048e+08	1.79596e+08	1.82314e+08	2.03923e+08	1.43009e+08	1.9793e+08	2.28306e+08	2.02884e+08	2.13888e+08	2.01443e+08	2.3225e+08	1.65235e+08	1.86964e+08	1.72991e+08	1.75145e+08	1.75168e+08	1.71968e+08	2.22427e+08	2.29204e+08	1.78513e+08	2.18867e+08	1.82967e+08	2.20932e+08	1.79151e+08	2.0752e+08	2.4807e+08	2.42064e+08	2.41183e+08	1.89023e+08
ERR613109	1.66117e+08	2.21034e+08	2.22691e+08	2.6778e+08	2.21942e+08	2.47961e+08	2.39296e+08	2.59622e+08	2.59346e+08	2.74732e+08	2.81269e+08	2.77132e+08	2.60497e+08	3.16387e+08	3.22094e+08	2.86012e+08	2.67307e+08	2.633e+08	3.4405e+08	4.79861e+08	2.2655e+08	2.20555e+08	2.14012e+08	3.74523e+08	2.39296e+08	2.59622e+08	2.59346e+08	2.74732e+08	2.81269e+08	2.77132e+08	1.73192e+08	1.63136e+08	1.77432e+08	1.80738e+08	2.36024e+08	2.18139e+08	2.37167e+08	2.3247e+08	1.9168e+08	2.59767e+08	2.33918e+08	2.33681e+08	1.86707e+08	2.34002e+08	3.08238e+08	2.92932e+08	2.28156e+08	2.91567e+08	1.75435e+08	1.68431e+08	2.34486e+08	2.34793e+08	2.18453e+08	1.70729e+08	2.42322e+08	2.13547e+08	1.73766e+08	2.15668e+08	2.15154e+08	2.19509e+08	2.18803e+08	2.4242e+08	2.325e+08	2.32144e+08	2.28553e+08	1.87193e+08	1.78793e+08	1.7983e+08	1.78927e+08	1.8167e+08	2.03302e+08	1.42508e+08	1.97175e+08	2.27315e+08	2.02147e+08	2.13039e+08	2.00674e+08	2.3142e+08	1.64567e+08	1.8629e+08	1.72423e+08	1.74488e+08	1.74566e+08	1.71398e+08	2.21695e+08	2.28407e+08	1.78098e+08	2.18218e+08	1.82325e+08	2.20211e+08	1.78035e+08	2.06441e+08	2.46886e+08	2.40895e+08	2.4e+08	1.87973e+08
ERR613111	1.06976e+08	1.41291e+08	1.42295e+08	1.71141e+08	1.41986e+08	1.58502e+08	1.52577e+08	1.65256e+08	1.64961e+08	1.7469e+08	1.78823e+08	1.76174e+08	1.65797e+08	2.00591e+08	2.03937e+08	1.81638e+08	1.70006e+08	1.67544e+08	2.27539e+08	2.2655e+08	2.40626e+08	1.51664e+08	1.47553e+08	2.46592e+08	1.52577e+08	1.65256e+08	1.64961e+08	1.7469e+08	1.78823e+08	1.76174e+08	1.10867e+08	1.04812e+08	1.13608e+08	1.15717e+08	1.50359e+08	1.39092e+08	1.49745e+08	1.46855e+08	1.21513e+08	1.63818e+08	1.47722e+08	1.47561e+08	1.19099e+08	1.48479e+08	1.94683e+08	1.85437e+08	1.44878e+08	1.84513e+08	1.09834e+08	1.05505e+08	1.46481e+08	1.46768e+08	1.36675e+08	1.06845e+08	1.5119e+08	1.33364e+08	1.08766e+08	1.34608e+08	1.34474e+08	1.37112e+08	1.45667e+08	1.60299e+08	1.54101e+08	1.53922e+08	1.51741e+08	1.25691e+08	1.1149e+08	1.1195e+08	1.11569e+08	1.13255e+08	1.26583e+08	8.9085e+07	1.2297e+08	1.41503e+08	1.25923e+08	1.32835e+08	1.25086e+08	1.44021e+08	1.09775e+08	1.2345e+08	1.14395e+08	1.15422e+08	1.15427e+08	1.13244e+08	1.37989e+08	1.42207e+08	1.11032e+08	1.35714e+08	1.13647e+08	1.36972e+08	1.11581e+08	1.29261e+08	1.5439e+08	1.50787e+08	1.50185e+08	1.17857e+08
ERR613112	1.04076e+08	1.37366e+08	1.38475e+08	1.66381e+08	1.38159e+08	1.54053e+08	1.48415e+08	1.60709e+08	1.60344e+08	1.69876e+08	1.73963e+08	1.71402e+08	1.6093e+08	1.94593e+08	1.97891e+08	1.76241e+08	1.6514e+08	1.62618e+08	2.21722e+08	2.20555e+08	1.51664e+08	2.30754e+08	1.44012e+08	2.39956e+08	1.48415e+08	1.60709e+08	1.60344e+08	1.69876e+08	1.73963e+08	1.71402e+08	1.07749e+08	1.01936e+08	1.10426e+08	1.12297e+08	1.45952e+08	1.35163e+08	1.45402e+08	1.42593e+08	1.18007e+08	1.5907e+08	1.43504e+08	1.43354e+08	1.15611e+08	1.44236e+08	1.89045e+08	1.79988e+08	1.40751e+08	1.79097e+08	1.06583e+08	1.02307e+08	1.42023e+08	1.42287e+08	1.32526e+08	1.03726e+08	1.46713e+08	1.29403e+08	1.05625e+08	1.30704e+08	1.30509e+08	1.33118e+08	1.42145e+08	1.56353e+08	1.5048e+08	1.50167e+08	1.48006e+08	1.22793e+08	1.07956e+08	1.08572e+08	1.08068e+08	1.09748e+08	1.22717e+08	8.63154e+07	1.19219e+08	1.37077e+08	1.22033e+08	1.2871e+08	1.21116e+08	1.39547e+08	1.06988e+08	1.20286e+08	1.11466e+08	1.1241e+08	1.1246e+08	1.10386e+08	1.33848e+08	1.37932e+08	1.07643e+08	1.31647e+08	1.10184e+08	1.32733e+08	1.08279e+08	1.25283e+08	1.49826e+08	1.4617e+08	1.45719e+08	1.14328e+08
ERR613110	1.00625e+08	1.32813e+08	1.33967e+08	1.60731e+08	1.33502e+08	1.48921e+08	1.43543e+08	1.55218e+08	1.54966e+08	1.64201e+08	1.68103e+08	1.65649e+08	1.55885e+08	1.88451e+08	1.91567e+08	1.70648e+08	1.59819e+08	1.57431e+08	2.14956e+08	2.14012e+08	1.47553e+08	1.44012e+08	2.19929e+08	2.32674e+08	1.43543e+08	1.55218e+08	1.54966e+08	1.64201e+08	1.68103e+08	1.65649e+08	1.04355e+08	9.86453e+07	1.06848e+08	1.08753e+08	1.41295e+08	1.30827e+08	1.40539e+08	1.37847e+08	1.13979e+08	1.53727e+08	1.38703e+08	1.38563e+08	1.11712e+08	1.39307e+08	1.8266e+08	1.73873e+08	1.35946e+08	1.72863e+08	1.0284e+08	9.88142e+07	1.37181e+08	1.37368e+08	1.27854e+08	1.00121e+08	1.4164e+08	1.24986e+08	1.01809e+08	1.26172e+08	1.25987e+08	1.28496e+08	1.37992e+08	1.51637e+08	1.45944e+08	1.45625e+08	1.43757e+08	1.19344e+08	1.04307e+08	1.04844e+08	1.04349e+08	1.05904e+08	1.18356e+08	8.32411e+07	1.15014e+08	1.32452e+08	1.17871e+08	1.24187e+08	1.16964e+08	1.34789e+08	1.03839e+08	1.16674e+08	1.08084e+08	1.09072e+08	1.09048e+08	1.07075e+08	1.29061e+08	1.32965e+08	1.03916e+08	1.26969e+08	1.06338e+08	1.28189e+08	1.04819e+08	1.21358e+08	1.4489e+08	1.41371e+08	1.40903e+08	1.10621e+08
ERR613107	1.82323e+08	2.4336e+08	2.45305e+08	2.95012e+08	2.44119e+08	2.72773e+08	2.63728e+08	2.86089e+08	2.86024e+08	3.02729e+08	3.10078e+08	3.05347e+08	2.87181e+08	3.49239e+08	3.56145e+08	3.15802e+08	2.94703e+08	2.90271e+08	3.76759e+08	3.74523e+08	2.46592e+08	2.39956e+08	2.32674e+08	5.64472e+08	2.63728e+08	2.86089e+08	2.86024e+08	3.02729e+08	3.10078e+08	3.05347e+08	1.90486e+08	1.79054e+08	1.95138e+08	1.98885e+08	2.60185e+08	2.40008e+08	2.62234e+08	2.57219e+08	2.1134e+08	2.87501e+08	2.58768e+08	2.58749e+08	2.05599e+08	2.57839e+08	3.40489e+08	3.23191e+08	2.51583e+08	3.21546e+08	1.94244e+08	1.86524e+08	2.59945e+08	2.60418e+08	2.41537e+08	1.88972e+08	2.68507e+08	2.36792e+08	1.91929e+08	2.39008e+08	2.38662e+08	2.43156e+08	2.39758e+08	2.65878e+08	2.54675e+08	2.54052e+08	2.50329e+08	2.0465e+08	1.98715e+08	1.99852e+08	1.98897e+08	2.01794e+08	2.25967e+08	1.57833e+08	2.18588e+08	2.52747e+08	2.24582e+08	2.36596e+08	2.2301e+08	2.57246e+08	1.80575e+08	2.04529e+08	1.89339e+08	1.91679e+08	1.91593e+08	1.884e+08	2.46005e+08	2.53391e+08	1.97418e+08	2.42377e+08	2.02458e+08	2.44428e+08	1.98448e+08	2.29637e+08	2.74367e+08	2.67578e+08	2.66826e+08	2.09252e+08
ERR636787	1.39587e+08	1.84586e+08	1.85842e+08	2.23093e+08	1.85267e+08	2.0673e+08	4.07212e+08	3.02158e+08	3.01996e+08	3.18395e+08	3.26025e+08	3.21063e+08	2.68872e+08	3.24767e+08	3.30554e+08	2.9454e+08	2.75717e+08	2.71638e+08	2.40718e+08	2.39296e+08	1.52577e+08	1.48415e+08	1.43543e+08	2.63728e+08	4.07212e+08	3.02158e+08	3.01996e+08	3.18395e+08	3.26025e+08	3.21063e+08	1.75646e+08	1.66692e+08	1.80217e+08	1.83534e+08	2.37806e+08	2.20375e+08	2.48922e+08	2.43944e+08	2.02242e+08	2.71272e+08	2.45251e+08	2.45207e+08	1.82666e+08	2.27772e+08	2.98164e+08	2.83821e+08	2.22519e+08	2.82383e+08	1.42071e+08	1.36251e+08	1.9157e+08	1.91856e+08	1.78476e+08	1.38384e+08	2.09754e+08	1.84347e+08	1.49932e+08	1.8608e+08	1.85907e+08	1.9004e+08	1.62773e+08	1.82197e+08	1.73899e+08	1.73664e+08	1.70563e+08	1.36487e+08	1.48687e+08	1.49595e+08	1.4877e+08	1.51265e+08	1.69489e+08	1.18185e+08	1.65085e+08	1.90585e+08	1.69172e+08	1.78532e+08	1.68216e+08	1.94165e+08	1.16974e+08	1.34027e+08	1.23765e+08	1.26115e+08	1.25873e+08	1.23908e+08	1.88294e+08	1.94132e+08	1.50673e+08	1.85212e+08	1.54282e+08	1.86988e+08	1.49025e+08	1.73495e+08	2.08509e+08	2.03499e+08	2.02783e+08	1.57784e+08
ERR636789	1.51405e+08	2.00215e+08	2.01657e+08	2.42111e+08	2.01086e+08	2.24361e+08	3.02158e+08	4.66785e+08	3.26645e+08	3.44987e+08	3.53043e+08	3.47541e+08	2.90881e+08	3.52116e+08	3.58328e+08	3.18964e+08	2.98332e+08	2.9394e+08	2.61232e+08	2.59622e+08	1.65256e+08	1.60709e+08	1.55218e+08	2.86089e+08	3.02158e+08	4.66785e+08	3.26645e+08	3.44987e+08	3.53043e+08	3.47541e+08	1.89558e+08	1.79822e+08	1.9447e+08	1.9801e+08	2.57021e+08	2.37986e+08	2.69104e+08	2.63781e+08	2.18567e+08	2.93741e+08	2.65234e+08	2.65475e+08	1.97605e+08	2.46633e+08	3.23812e+08	3.08011e+08	2.41018e+08	3.06375e+08	1.55794e+08	1.49402e+08	2.09942e+08	2.10356e+08	1.95842e+08	1.51687e+08	2.28503e+08	2.00828e+08	1.63382e+08	2.0277e+08	2.02394e+08	2.06959e+08	1.7722e+08	1.98416e+08	1.89367e+08	1.88987e+08	1.8557e+08	1.48541e+08	1.62884e+08	1.63814e+08	1.63124e+08	1.65852e+08	1.85701e+08	1.29649e+08	1.81001e+08	2.08786e+08	1.85285e+08	1.95837e+08	1.84121e+08	2.12768e+08	1.28226e+08	1.46802e+08	1.35615e+08	1.38126e+08	1.37944e+08	1.35742e+08	2.06335e+08	2.12907e+08	1.65106e+08	2.03133e+08	1.69278e+08	2.05064e+08	1.61944e+08	1.88702e+08	2.26768e+08	2.21423e+08	2.20452e+08	1.7147e+08
ERR636788	1.50821e+08	2.00178e+08	2.01448e+08	2.41659e+08	2.00598e+08	2.23787e+08	3.01996e+08	3.26645e+08	4.66466e+08	3.44455e+08	3.52696e+08	3.47041e+08	2.91075e+08	3.52204e+08	3.59004e+08	3.1925e+08	2.9856e+08	2.94125e+08	2.60968e+08	2.59346e+08	1.64961e+08	1.60344e+08	1.54966e+08	2.86024e+08	3.01996e+08	3.26645e+08	4.66466e+08	3.44455e+08	3.52696e+08	3.47041e+08	1.89538e+08	1.79212e+08	1.94448e+08	1.97977e+08	2.57002e+08	2.37875e+08	2.69334e+08	2.64211e+08	2.18358e+08	2.94145e+08	2.65719e+08	2.65701e+08	1.97417e+08	2.46269e+08	3.23615e+08	3.07675e+08	2.40779e+08	3.05863e+08	1.5557e+08	1.49267e+08	2.09704e+08	2.10288e+08	1.95138e+08	1.51424e+08	2.28424e+08	2.01055e+08	1.62908e+08	2.02806e+08	2.02521e+08	2.06975e+08	1.77111e+08	1.98315e+08	1.89213e+08	1.88861e+08	1.85557e+08	1.48524e+08	1.63064e+08	1.64081e+08	1.63229e+08	1.6588e+08	1.85923e+08	1.29296e+08	1.80758e+08	2.08936e+08	1.85484e+08	1.9564e+08	1.84122e+08	2.12931e+08	1.2819e+08	1.46967e+08	1.35742e+08	1.38176e+08	1.38018e+08	1.35868e+08	2.0621e+08	2.12728e+08	1.64898e+08	2.03239e+08	1.69034e+08	2.0512e+08	1.6311e+08	1.89718e+08	2.27754e+08	2.22198e+08	2.21407e+08	1.72466e+08
ERR636790	1.59883e+08	2.11542e+08	2.1293e+08	2.55803e+08	2.12431e+08	2.37014e+08	3.18395e+08	3.44987e+08	3.44455e+08	5.13993e+08	3.7486e+08	3.68687e+08	3.07692e+08	3.72468e+08	3.79011e+08	3.3722e+08	3.15648e+08	3.10713e+08	2.76477e+08	2.74732e+08	1.7469e+08	1.69876e+08	1.64201e+08	3.02729e+08	3.18395e+08	3.44987e+08	3.44455e+08	5.13993e+08	3.7486e+08	3.68687e+08	2.00002e+08	1.89631e+08	2.05144e+08	2.089e+08	2.71386e+08	2.51218e+08	2.84752e+08	2.79104e+08	2.31143e+08	3.10963e+08	2.80715e+08	2.8055e+08	2.08668e+08	2.60519e+08	3.42687e+08	3.2591e+08	2.54535e+08	3.24095e+08	1.65655e+08	1.58726e+08	2.2331e+08	2.23555e+08	2.0815e+08	1.612e+08	2.42013e+08	2.12821e+08	1.72947e+08	2.14654e+08	2.14383e+08	2.19116e+08	1.87659e+08	2.10084e+08	2.00712e+08	2.00174e+08	1.96669e+08	1.57482e+08	1.73006e+08	1.74028e+08	1.73052e+08	1.76133e+08	1.97342e+08	1.37696e+08	1.92402e+08	2.22119e+08	1.96893e+08	2.08095e+08	1.95763e+08	2.26168e+08	1.36319e+08	1.56022e+08	1.44136e+08	1.46739e+08	1.4654e+08	1.44195e+08	2.19457e+08	2.26181e+08	1.75414e+08	2.15957e+08	1.79745e+08	2.17845e+08	1.7163e+08	1.99927e+08	2.40291e+08	2.34563e+08	2.33614e+08	1.81751e+08
ERR636792	1.63628e+08	2.16545e+08	2.18091e+08	2.61976e+08	2.17444e+08	2.42702e+08	3.26025e+08	3.53043e+08	3.52696e+08	3.7486e+08	5.36183e+08	3.77773e+08	3.15001e+08	3.81805e+08	3.88285e+08	3.45482e+08	3.23093e+08	3.18228e+08	2.83039e+08	2.81269e+08	1.78823e+08	1.73963e+08	1.68103e+08	3.10078e+08	3.26025e+08	3.53043e+08	3.52696e+08	3.7486e+08	5.36183e+08	3.77773e+08	2.04423e+08	1.94001e+08	2.09834e+08	2.13579e+08	2.7764e+08	2.56993e+08	2.9168e+08	2.86022e+08	2.36597e+08	3.18669e+08	2.87513e+08	2.87639e+08	2.13538e+08	2.6688e+08	3.51034e+08	3.33777e+08	2.60655e+08	3.3214e+08	1.70196e+08	1.63008e+08	2.29402e+08	2.29738e+08	2.13831e+08	1.65671e+08	2.48085e+08	2.18122e+08	1.77107e+08	2.20032e+08	2.19756e+08	2.24556e+08	1.92381e+08	2.15275e+08	2.05587e+08	2.05166e+08	2.01465e+08	1.61315e+08	1.7788e+08	1.78916e+08	1.78012e+08	1.80952e+08	2.0281e+08	1.41469e+08	1.9758e+08	2.28187e+08	2.0229e+08	2.13763e+08	2.01172e+08	2.32401e+08	1.40134e+08	1.60431e+08	1.48238e+08	1.50903e+08	1.50636e+08	1.48357e+08	2.25398e+08	2.32492e+08	1.80114e+08	2.21724e+08	1.84699e+08	2.23784e+08	1.76033e+08	2.05034e+08	2.46424e+08	2.40694e+08	2.39438e+08	1.86397e+08
ERR636791	1.60862e+08	2.12802e+08	2.14215e+08	2.57554e+08	2.13768e+08	2.38685e+08	3.21063e+08	3.47541e+08	3.47041e+08	3.68687e+08	3.77773e+08	5.21004e+08	3.09894e+08	3.75344e+08	3.81678e+08	3.39692e+08	3.17831e+08	3.12994e+08	2.7872e+08	2.77132e+08	1.76174e+08	1.71402e+08	1.65649e+08	3.05347e+08	3.21063e+08	3.47541e+08	3.47041e+08	3.68687e+08	3.77773e+08	5.21004e+08	2.0132e+08	1.91198e+08	2.06559e+08	2.10327e+08	2.73434e+08	2.53038e+08	2.87184e+08	2.81522e+08	2.3308e+08	3.13487e+08	2.83009e+08	2.83099e+08	2.10047e+08	2.62455e+08	3.45064e+08	3.28254e+08	2.564e+08	3.2665e+08	1.67159e+08	1.60194e+08	2.25137e+08	2.25708e+08	2.09979e+08	1.62537e+08	2.43768e+08	2.14299e+08	1.74118e+08	2.16349e+08	2.15958e+08	2.20766e+08	1.893e+08	2.11882e+08	2.024e+08	2.02032e+08	1.98372e+08	1.5885e+08	1.74496e+08	1.75516e+08	1.74706e+08	1.77642e+08	1.99063e+08	1.38877e+08	1.94159e+08	2.24217e+08	1.98806e+08	2.10033e+08	1.97469e+08	2.28281e+08	1.37708e+08	1.57658e+08	1.45549e+08	1.48198e+08	1.47993e+08	1.45756e+08	2.21313e+08	2.28277e+08	1.76952e+08	2.17798e+08	1.81326e+08	2.19715e+08	1.729e+08	2.01384e+08	2.42108e+08	2.36312e+08	2.35294e+08	1.83012e+08
ERR622160	1.04111e+08	1.36705e+08	1.37611e+08	1.64127e+08	1.36998e+08	1.52419e+08	1.75646e+08	1.89558e+08	1.89538e+08	2.00002e+08	2.04423e+08	2.0132e+08	1.87518e+08	2.25293e+08	2.29115e+08	2.04739e+08	1.92166e+08	1.89287e+08	1.74164e+08	1.73192e+08	1.10867e+08	1.07749e+08	1.04355e+08	1.90486e+08	1.75646e+08	1.89558e+08	1.89538e+08	2.00002e+08	2.04423e+08	2.0132e+08	2.33257e+08	1.35697e+08	1.47572e+08	1.50096e+08	1.92392e+08	1.78544e+08	1.70364e+08	1.6694e+08	1.38796e+08	1.85744e+08	1.67992e+08	1.68059e+08	1.26756e+08	1.57572e+08	2.05539e+08	1.95669e+08	1.54055e+08	1.94693e+08	1.0512e+08	1.00914e+08	1.41475e+08	1.41727e+08	1.31737e+08	1.02338e+08	1.53588e+08	1.35343e+08	1.10025e+08	1.36548e+08	1.36299e+08	1.393e+08	1.1893e+08	1.33174e+08	1.27152e+08	1.2688e+08	1.24506e+08	9.96187e+07	1.08768e+08	1.0938e+08	1.08844e+08	1.10573e+08	1.23856e+08	8.65081e+07	1.217e+08	1.4048e+08	1.24843e+08	1.31683e+08	1.24087e+08	1.4309e+08	8.52828e+07	9.7726e+07	9.03862e+07	9.18963e+07	9.19244e+07	9.03215e+07	1.37289e+08	1.41574e+08	1.09926e+08	1.35217e+08	1.12619e+08	1.36383e+08	1.09028e+08	1.26619e+08	1.51603e+08	1.48007e+08	1.47554e+08	1.15163e+08
ERR622155	9.94218e+07	1.29019e+08	1.29915e+08	1.55326e+08	1.30189e+08	1.44792e+08	1.66692e+08	1.79822e+08	1.79212e+08	1.89631e+08	1.94001e+08	1.91198e+08	1.77296e+08	2.12632e+08	2.15452e+08	1.93057e+08	1.81732e+08	1.79082e+08	1.64093e+08	1.63136e+08	1.04812e+08	1.01936e+08	9.86453e+07	1.79054e+08	1.66692e+08	1.79822e+08	1.79212e+08	1.89631e+08	1.94001e+08	1.91198e+08	1.35697e+08	2.14629e+08	1.38773e+08	1.41244e+08	1.82421e+08	1.69906e+08	1.60348e+08	1.56853e+08	1.31479e+08	1.74643e+08	1.57745e+08	1.57796e+08	1.2024e+08	1.49155e+08	1.94011e+08	1.85215e+08	1.45856e+08	1.84652e+08	9.89337e+07	9.47255e+07	1.3272e+08	1.32949e+08	1.24453e+08	9.61976e+07	1.44481e+08	1.2708e+08	1.04268e+08	1.28234e+08	1.28055e+08	1.31297e+08	1.11977e+08	1.25182e+08	1.19931e+08	1.19881e+08	1.17396e+08	9.38193e+07	1.01197e+08	1.01719e+08	1.01298e+08	1.03309e+08	1.15329e+08	8.14985e+07	1.14453e+08	1.31265e+08	1.16806e+08	1.23653e+08	1.16072e+08	1.3373e+08	7.97512e+07	9.10961e+07	8.41687e+07	8.56769e+07	8.58347e+07	8.41942e+07	1.28848e+08	1.32915e+08	1.03433e+08	1.26495e+08	1.05781e+08	1.27547e+08	1.00248e+08	1.16842e+08	1.40472e+08	1.37316e+08	1.36683e+08	1.06587e+08
ERR622159	1.06705e+08	1.40272e+08	1.41155e+08	1.6827e+08	1.40479e+08	1.56209e+08	1.80217e+08	1.9447e+08	1.94448e+08	2.05144e+08	2.09834e+08	2.06559e+08	1.92211e+08	2.31041e+08	2.35104e+08	2.09949e+08	1.97092e+08	1.94058e+08	1.7837e+08	1.77432e+08	1.13608e+08	1.10426e+08	1.06848e+08	1.95138e+08	1.80217e+08	1.9447e+08	1.94448e+08	2.05144e+08	2.09834e+08	2.06559e+08	1.47572e+08	1.38773e+08	2.42653e+08	1.53667e+08	1.97123e+08	1.82803e+08	1.74768e+08	1.71338e+08	1.42278e+08	1.9062e+08	1.72416e+08	1.72526e+08	1.29986e+08	1.61642e+08	2.10956e+08	2.00833e+08	1.58134e+08	1.99851e+08	1.08084e+08	1.0369e+08	1.45419e+08	1.45689e+08	1.35394e+08	1.05105e+08	1.57599e+08	1.38748e+08	1.12802e+08	1.40083e+08	1.39843e+08	1.42819e+08	1.21982e+08	1.36543e+08	1.30403e+08	1.3022e+08	1.27828e+08	1.02136e+08	1.11824e+08	1.12419e+08	1.11892e+08	1.13709e+08	1.27369e+08	8.8903e+07	1.25047e+08	1.44322e+08	1.2823e+08	1.35268e+08	1.27533e+08	1.46941e+08	8.76523e+07	1.00362e+08	9.28166e+07	9.44645e+07	9.44066e+07	9.28663e+07	1.41117e+08	1.45584e+08	1.12991e+08	1.38947e+08	1.15842e+08	1.40201e+08	1.11947e+08	1.29989e+08	1.5562e+08	1.51904e+08	1.51433e+08	1.18245e+08
