	ERR617032	ERR617029	ERR617028	ERR617030	ERR617031	ERR617027	ERR609044	ERR609041	ERR609043	ERR609040	ERR609039	ERR609042	ERR609044	ERR609041	ERR609043	ERR609040	ERR609039	ERR609042	ERR613552	ERR613556	ERR613554	ERR613551	ERR613553	ERR613555	ERR605614	ERR605616	ERR605611	ERR605613	ERR605615	ERR605612	ERR636926	ERR636927	ERR636925	ERR636930	ERR636928	ERR636929	ERR608374	ERR608375	ERR608373	ERR608376	ERR608372	ERR608371	ERR626884	ERR626883	ERR626881	ERR626880	ERR626882	ERR626879	ERR608535	ERR608532	ERR608533	ERR608536	ERR608531	ERR608534	ERR618702	ERR618699	ERR618701	ERR618703	ERR618700	ERR618704	ERR612951	ERR612954	ERR612952	ERR612955	ERR612953	ERR612956	ERR616711	ERR616707	ERR616706	ERR616708	ERR616709	ERR616710	ERR616551	ERR616548	ERR616552	ERR616550	ERR616553	ERR616549	ERR616690	ERR616689	ERR616693	ERR616688	ERR616691	ERR616692	ERR605559	ERR605557	ERR605562	ERR605561	ERR605558	ERR605560	ERR605521	ERR605522	ERR605523	ERR605526	ERR605524	ERR605525
ERR617032	0	0.781695	0.783398	0.788169	0.789813	0.783388	0.972305	0.930498	0.974888	0.936367	0.935059	0.975317	0.972305	0.930498	0.974888	0.936367	0.935059	0.975317	0.900634	0.91271	0.911309	0.899391	0.900352	0.912595	0.922937	0.91471	0.910178	0.917942	0.914365	0.91551	0.938772	0.93552	0.949926	0.926975	0.926477	0.926294	0.9477	0.94941	0.924476	0.948925	0.928645	0.933852	0.866231	0.904758	0.873395	0.873477	0.904693	0.865276	1.08841	1.1006	1.09738	1.08773	1.11759	1.08851	1.10021	1.09103	1.09314	1.09988	1.09295	1.10197	1.09715	1.11425	1.12282	1.1167	1.10159	1.1158	1.17291	1.187	1.18749	1.19439	1.17359	1.17162	0.994393	1.01295	0.992855	1.01175	0.993937	1.05995	1.10028	1.09165	1.07255	1.09306	1.0716	1.07239	1.08182	1.07514	1.08101	1.08113	1.07954	1.08338	1.06141	1.06309	1.06673	1.06543	1.06492	1.06405
ERR617029	0.781695	0	0.76046	0.782101	0.78448	0.7659	0.949564	0.908956	0.951891	0.913021	0.914577	0.952276	0.949564	0.908956	0.951891	0.913021	0.914577	0.952276	0.885052	0.897198	0.89576	0.884391	0.885539	0.896541	0.910016	0.907394	0.896753	0.906343	0.907206	0.903911	0.913213	0.912694	0.926883	0.903905	0.903105	0.902816	0.92368	0.923563	0.901631	0.922727	0.902868	0.91072	0.839239	0.877719	0.846633	0.84853	0.876925	0.837628	1.06813	1.08105	1.07659	1.06744	1.10391	1.06818	1.08556	1.07667	1.07893	1.08486	1.07942	1.08699	1.0765	1.0941	1.10553	1.09711	1.08273	1.09584	1.16123	1.17547	1.176	1.18269	1.16189	1.16005	0.979865	0.996856	0.977608	0.995548	0.978934	1.04552	1.0855	1.07725	1.05824	1.07883	1.05774	1.05844	1.07074	1.06263	1.06861	1.06835	1.06769	1.0705	1.04906	1.05195	1.05658	1.05345	1.05309	1.05229
ERR617028	0.783398	0.76046	0	0.784426	0.786691	0.768253	0.951055	0.911435	0.953713	0.914995	0.916203	0.95385	0.951055	0.911435	0.953713	0.914995	0.916203	0.95385	0.887159	0.898288	0.897068	0.886255	0.887319	0.898174	0.911917	0.909018	0.898459	0.908226	0.908908	0.90596	0.915456	0.914966	0.928616	0.905634	0.905084	0.904686	0.926164	0.926153	0.904482	0.925274	0.905821	0.91336	0.842065	0.880896	0.849952	0.850945	0.879899	0.840641	1.07143	1.0841	1.0795	1.07068	1.10631	1.07121	1.08831	1.07947	1.08195	1.08779	1.08259	1.0899	1.07988	1.09723	1.10842	1.10047	1.08601	1.09911	1.16352	1.17729	1.17818	1.18479	1.16432	1.16227	0.982505	0.999234	0.980489	0.998103	0.981811	1.04753	1.08822	1.07995	1.06143	1.08165	1.06077	1.06151	1.07367	1.06585	1.07167	1.07146	1.07062	1.07344	1.05211	1.0552	1.05917	1.05649	1.05612	1.05516
ERR617030	0.788169	0.782101	0.784426	0	0.7927	0.78511	0.969451	0.927951	0.971665	0.933225	0.932467	0.972266	0.969451	0.927951	0.971665	0.933225	0.932467	0.972266	0.901973	0.914778	0.913252	0.901486	0.90197	0.914236	0.925177	0.917652	0.911864	0.920208	0.91715	0.917619	0.935508	0.93269	0.947017	0.923752	0.923313	0.923464	0.944256	0.946491	0.921869	0.945843	0.925684	0.931125	0.863516	0.901317	0.870444	0.870887	0.901134	0.862122	1.08637	1.09832	1.09506	1.08552	1.11625	1.08625	1.099	1.08983	1.09216	1.09852	1.09183	1.10076	1.09491	1.11203	1.12088	1.11448	1.09945	1.11329	1.17158	1.18595	1.18633	1.19328	1.17233	1.17033	0.992762	1.01073	0.991236	1.00966	0.992041	1.05785	1.10017	1.09196	1.07215	1.09281	1.07175	1.07228	1.08359	1.07673	1.08252	1.08225	1.08096	1.08446	1.06319	1.0653	1.06908	1.06733	1.06716	1.06608
ERR617031	0.789813	0.78448	0.786691	0.7927	0	0.787505	0.972381	0.93159	0.974755	0.936732	0.93575	0.974899	0.972381	0.93159	0.974755	0.936732	0.93575	0.974899	0.903595	0.915431	0.914004	0.902616	0.903553	0.915733	0.925835	0.918432	0.913342	0.921093	0.917992	0.918497	0.939228	0.936378	0.950657	0.927799	0.927406	0.926895	0.947675	0.949367	0.925029	0.948326	0.928706	0.934302	0.867222	0.904478	0.874273	0.874295	0.904475	0.865789	1.08844	1.10071	1.0973	1.08732	1.11815	1.08846	1.10117	1.09194	1.09395	1.10055	1.094	1.10299	1.09735	1.11436	1.12298	1.11675	1.10165	1.11579	1.17324	1.18752	1.18795	1.19476	1.17416	1.172	0.99535	1.01328	0.994	1.01248	0.994947	1.06008	1.10149	1.09296	1.07391	1.09428	1.07326	1.07384	1.08396	1.07731	1.08288	1.08283	1.0813	1.08509	1.06373	1.06567	1.06966	1.06758	1.06741	1.06629
ERR617027	0.783388	0.7659	0.768253	0.78511	0.787505	0	0.958499	0.917453	0.960817	0.922163	0.922746	0.961558	0.958499	0.917453	0.960817	0.922163	0.922746	0.961558	0.890928	0.903191	0.901478	0.890306	0.890866	0.902697	0.915713	0.910216	0.902105	0.911478	0.910017	0.908499	0.923315	0.921822	0.936147	0.912612	0.912081	0.911831	0.933872	0.934026	0.910573	0.933371	0.913635	0.920089	0.850077	0.888412	0.857328	0.85813	0.888334	0.848508	1.07634	1.08845	1.08489	1.07532	1.10893	1.07611	1.09122	1.08209	1.08446	1.09074	1.08479	1.09298	1.08526	1.10303	1.11295	1.10591	1.091	1.10453	1.16607	1.18039	1.18074	1.18753	1.16703	1.16496	0.985437	1.00254	0.983493	1.00171	0.984662	1.05063	1.09198	1.08336	1.0642	1.08491	1.06382	1.06435	1.07584	1.06844	1.07439	1.07414	1.07305	1.07618	1.05483	1.05729	1.06123	1.05913	1.05869	1.0577
ERR609044	0.972305	0.949564	0.951055	0.969451	0.972381	0.958499	0	0.763327	0.786147	0.760171	0.770841	0.787518	0	0.763327	0.786147	0.760171	0.770841	0.787518	0.968974	0.979773	0.978235	0.968592	0.969758	0.979394	1.00241	1.00387	0.988445	0.999174	1.00395	0.997858	0.932905	0.934865	0.943834	0.927791	0.926999	0.926793	0.952613	0.950503	0.939128	0.949559	0.936076	0.944508	0.940404	0.965412	0.945759	0.947896	0.963663	0.938864	1.11073	1.12067	1.11611	1.11002	1.14248	1.11028	1.13797	1.1319	1.13378	1.13764	1.13494	1.13911	1.12049	1.13465	1.14661	1.13756	1.12757	1.1361	1.02927	1.03778	1.03956	1.04369	1.02951	1.02965	1.02314	1.03364	1.01985	1.03301	1.02217	1.07523	1.14368	1.1371	1.1235	1.13971	1.1238	1.12379	1.15856	1.14976	1.15388	1.1526	1.15253	1.15311	1.14042	1.14513	1.15117	1.14585	1.14527	1.14472
ERR609041	0.930498	0.908956	0.911435	0.927951	0.93159	0.917453	0.763327	0	0.764701	0.720176	0.729569	0.766264	0.763327	0	0.764701	0.720176	0.729569	0.766264	0.92744	0.943034	0.940799	0.926704	0.928129	0.942277	0.966732	0.964361	0.94898	0.96139	0.963571	0.959004	0.897365	0.897451	0.910343	0.887956	0.887189	0.887196	0.918063	0.91689	0.898442	0.915856	0.898207	0.906515	0.900248	0.933653	0.907286	0.908649	0.931504	0.898409	1.08576	1.09738	1.09256	1.08516	1.11949	1.08537	1.10908	1.10131	1.10351	1.1089	1.10445	1.1107	1.09419	1.11065	1.12209	1.11346	1.10071	1.11208	1.01904	1.03005	1.03162	1.03693	1.01905	1.01862	0.983635	0.998334	0.980473	0.997794	0.982825	1.04724	1.11782	1.11043	1.0937	1.11292	1.09426	1.09386	1.13411	1.1245	1.12944	1.12784	1.12728	1.1284	1.11357	1.11831	1.12483	1.11989	1.11943	1.11842
ERR609043	0.974888	0.951891	0.953713	0.971665	0.974755	0.960817	0.786147	0.764701	0	0.761773	0.771838	0.788192	0.786147	0.764701	0	0.761773	0.771838	0.788192	0.970284	0.98061	0.978666	0.969576	0.970705	0.980049	1.00352	1.00539	0.990054	1.0004	1.00509	0.999168	0.934588	0.936565	0.945818	0.929615	0.928693	0.928725	0.954507	0.952284	0.940924	0.951321	0.938439	0.946178	0.943391	0.968393	0.948775	0.950788	0.966631	0.942338	1.11287	1.12273	1.1181	1.11244	1.14419	1.11233	1.13983	1.13384	1.13575	1.13983	1.13686	1.14094	1.12271	1.1365	1.14824	1.13928	1.12957	1.13792	1.02912	1.03722	1.03916	1.04291	1.02913	1.02919	1.02438	1.0354	1.02169	1.03478	1.02398	1.07633	1.14546	1.13893	1.12538	1.14161	1.12572	1.12546	1.16061	1.15159	1.15557	1.15445	1.15431	1.15498	1.14258	1.14685	1.15291	1.14767	1.14722	1.14644
ERR609040	0.936367	0.913021	0.914995	0.933225	0.936732	0.922163	0.760171	0.720176	0.761773	0	0.729409	0.762964	0.760171	0.720176	0.761773	0	0.729409	0.762964	0.931238	0.946341	0.944205	0.930623	0.93204	0.94528	0.969283	0.968479	0.952404	0.964751	0.967912	0.962343	0.899647	0.901061	0.913174	0.89221	0.890798	0.890724	0.920181	0.918365	0.901735	0.91724	0.899881	0.909048	0.903319	0.935743	0.909836	0.911296	0.933634	0.901378	1.08708	1.0987	1.09353	1.08655	1.12186	1.08662	1.11163	1.10408	1.10622	1.11116	1.10715	1.11307	1.09514	1.11124	1.1233	1.11434	1.10216	1.11311	1.01294	1.02347	1.02539	1.03045	1.01311	1.01297	0.987557	1.00185	0.984259	1.00081	0.986884	1.04987	1.11937	1.11186	1.09603	1.11485	1.0964	1.09616	1.1357	1.12612	1.13084	1.12924	1.1288	1.12998	1.11539	1.12028	1.12667	1.12133	1.12102	1.12004
ERR609039	0.935059	0.914577	0.916203	0.932467	0.93575	0.922746	0.770841	0.729569	0.771838	0.729409	0	0.773054	0.770841	0.729569	0.771838	0.729409	0	0.773054	0.93336	0.948322	0.945829	0.932792	0.933921	0.947725	0.971519	0.969169	0.95451	0.966737	0.968698	0.964324	0.902919	0.90332	0.915496	0.894359	0.893314	0.893502	0.923396	0.922063	0.904726	0.921235	0.90388	0.911942	0.907188	0.939429	0.913798	0.915302	0.93749	0.905367	1.09103	1.10213	1.09772	1.09027	1.12337	1.09063	1.11453	1.10715	1.1093	1.11445	1.10995	1.11624	1.1001	1.11605	1.12713	1.11921	1.10651	1.11782	1.02589	1.03638	1.03831	1.04344	1.02615	1.02582	0.990023	1.00415	0.98699	1.00345	0.989238	1.05191	1.12336	1.11586	1.09979	1.11824	1.10024	1.09953	1.13916	1.12978	1.13445	1.13287	1.13244	1.13386	1.11908	1.12348	1.12993	1.12512	1.12457	1.12364
ERR609042	0.975317	0.952276	0.95385	0.972266	0.974899	0.961558	0.787518	0.766264	0.788192	0.762964	0.773054	0	0.787518	0.766264	0.788192	0.762964	0.773054	0	0.971517	0.982094	0.98022	0.971073	0.971991	0.981285	1.00458	1.00643	0.991135	1.00156	1.00645	1.00018	0.935775	0.937203	0.946465	0.930597	0.92917	0.929409	0.955812	0.953782	0.942216	0.95279	0.939776	0.947759	0.943734	0.968705	0.948888	0.951068	0.966529	0.942028	1.11273	1.12269	1.11801	1.11231	1.14401	1.11203	1.13992	1.1337	1.13576	1.1397	1.13691	1.14099	1.1225	1.13639	1.14838	1.13933	1.12919	1.13798	1.02879	1.03679	1.03868	1.04267	1.02856	1.02886	1.02589	1.03653	1.02246	1.03565	1.02507	1.07759	1.14545	1.13888	1.12534	1.14155	1.1259	1.12557	1.16066	1.15176	1.15559	1.15446	1.15426	1.15507	1.14241	1.14713	1.15277	1.14784	1.1473	1.14654
ERR609044	0.972305	0.949564	0.951055	0.969451	0.972381	0.958499	0	0.763327	0.786147	0.760171	0.770841	0.787518	0	0.763327	0.786147	0.760171	0.770841	0.787518	0.968974	0.979773	0.978235	0.968592	0.969758	0.979394	1.00241	1.00387	0.988445	0.999174	1.00395	0.997858	0.932905	0.934865	0.943834	0.927791	0.926999	0.926793	0.952613	0.950503	0.939128	0.949559	0.936076	0.944508	0.940404	0.965412	0.945759	0.947896	0.963663	0.938864	1.11073	1.12067	1.11611	1.11002	1.14248	1.11028	1.13797	1.1319	1.13378	1.13764	1.13494	1.13911	1.12049	1.13465	1.14661	1.13756	1.12757	1.1361	1.02927	1.03778	1.03956	1.04369	1.02951	1.02965	1.02314	1.03364	1.01985	1.03301	1.02217	1.07523	1.14368	1.1371	1.1235	1.13971	1.1238	1.12379	1.15856	1.14976	1.15388	1.1526	1.15253	1.15311	1.14042	1.14513	1.15117	1.14585	1.14527	1.14472
ERR609041	0.930498	0.908956	0.911435	0.927951	0.93159	0.917453	0.763327	0	0.764701	0.720176	0.729569	0.766264	0.763327	0	0.764701	0.720176	0.729569	0.766264	0.92744	0.943034	0.940799	0.926704	0.928129	0.942277	0.966732	0.964361	0.94898	0.96139	0.963571	0.959004	0.897365	0.897451	0.910343	0.887956	0.887189	0.887196	0.918063	0.91689	0.898442	0.915856	0.898207	0.906515	0.900248	0.933653	0.907286	0.908649	0.931504	0.898409	1.08576	1.09738	1.09256	1.08516	1.11949	1.08537	1.10908	1.10131	1.10351	1.1089	1.10445	1.1107	1.09419	1.11065	1.12209	1.11346	1.10071	1.11208	1.01904	1.03005	1.03162	1.03693	1.01905	1.01862	0.983635	0.998334	0.980473	0.997794	0.982825	1.04724	1.11782	1.11043	1.0937	1.11292	1.09426	1.09386	1.13411	1.1245	1.12944	1.12784	1.12728	1.1284	1.11357	1.11831	1.12483	1.11989	1.11943	1.11842
ERR609043	0.974888	0.951891	0.953713	0.971665	0.974755	0.960817	0.786147	0.764701	0	0.761773	0.771838	0.788192	0.786147	0.764701	0	0.761773	0.771838	0.788192	0.970284	0.98061	0.978666	0.969576	0.970705	0.980049	1.00352	1.00539	0.990054	1.0004	1.00509	0.999168	0.934588	0.936565	0.945818	0.929615	0.928693	0.928725	0.954507	0.952284	0.940924	0.951321	0.938439	0.946178	0.943391	0.968393	0.948775	0.950788	0.966631	0.942338	1.11287	1.12273	1.1181	1.11244	1.14419	1.11233	1.13983	1.13384	1.13575	1.13983	1.13686	1.14094	1.12271	1.1365	1.14824	1.13928	1.12957	1.13792	1.02912	1.03722	1.03916	1.04291	1.02913	1.02919	1.02438	1.0354	1.02169	1.03478	1.02398	1.07633	1.14546	1.13893	1.12538	1.14161	1.12572	1.12546	1.16061	1.15159	1.15557	1.15445	1.15431	1.15498	1.14258	1.14685	1.15291	1.14767	1.14722	1.14644
ERR609040	0.936367	0.913021	0.914995	0.933225	0.936732	0.922163	0.760171	0.720176	0.761773	0	0.729409	0.762964	0.760171	0.720176	0.761773	0	0.729409	0.762964	0.931238	0.946341	0.944205	0.930623	0.93204	0.94528	0.969283	0.968479	0.952404	0.964751	0.967912	0.962343	0.899647	0.901061	0.913174	0.89221	0.890798	0.890724	0.920181	0.918365	0.901735	0.91724	0.899881	0.909048	0.903319	0.935743	0.909836	0.911296	0.933634	0.901378	1.08708	1.0987	1.09353	1.08655	1.12186	1.08662	1.11163	1.10408	1.10622	1.11116	1.10715	1.11307	1.09514	1.11124	1.1233	1.11434	1.10216	1.11311	1.01294	1.02347	1.02539	1.03045	1.01311	1.01297	0.987557	1.00185	0.984259	1.00081	0.986884	1.04987	1.11937	1.11186	1.09603	1.11485	1.0964	1.09616	1.1357	1.12612	1.13084	1.12924	1.1288	1.12998	1.11539	1.12028	1.12667	1.12133	1.12102	1.12004
ERR609039	0.935059	0.914577	0.916203	0.932467	0.93575	0.922746	0.770841	0.729569	0.771838	0.729409	0	0.773054	0.770841	0.729569	0.771838	0.729409	0	0.773054	0.93336	0.948322	0.945829	0.932792	0.933921	0.947725	0.971519	0.969169	0.95451	0.966737	0.968698	0.964324	0.902919	0.90332	0.915496	0.894359	0.893314	0.893502	0.923396	0.922063	0.904726	0.921235	0.90388	0.911942	0.907188	0.939429	0.913798	0.915302	0.93749	0.905367	1.09103	1.10213	1.09772	1.09027	1.12337	1.09063	1.11453	1.10715	1.1093	1.11445	1.10995	1.11624	1.1001	1.11605	1.12713	1.11921	1.10651	1.11782	1.02589	1.03638	1.03831	1.04344	1.02615	1.02582	0.990023	1.00415	0.98699	1.00345	0.989238	1.05191	1.12336	1.11586	1.09979	1.11824	1.10024	1.09953	1.13916	1.12978	1.13445	1.13287	1.13244	1.13386	1.11908	1.12348	1.12993	1.12512	1.12457	1.12364
ERR609042	0.975317	0.952276	0.95385	0.972266	0.974899	0.961558	0.787518	0.766264	0.788192	0.762964	0.773054	0	0.787518	0.766264	0.788192	0.762964	0.773054	0	0.971517	0.982094	0.98022	0.971073	0.971991	0.981285	1.00458	1.00643	0.991135	1.00156	1.00645	1.00018	0.935775	0.937203	0.946465	0.930597	0.92917	0.929409	0.955812	0.953782	0.942216	0.95279	0.939776	0.947759	0.943734	0.968705	0.948888	0.951068	0.966529	0.942028	1.11273	1.12269	1.11801	1.11231	1.14401	1.11203	1.13992	1.1337	1.13576	1.1397	1.13691	1.14099	1.1225	1.13639	1.14838	1.13933	1.12919	1.13798	1.02879	1.03679	1.03868	1.04267	1.02856	1.02886	1.02589	1.03653	1.02246	1.03565	1.02507	1.07759	1.14545	1.13888	1.12534	1.14155	1.1259	1.12557	1.16066	1.15176	1.15559	1.15446	1.15426	1.15507	1.14241	1.14713	1.15277	1.14784	1.1473	1.14654
ERR613552	0.900634	0.885052	0.887159	0.901973	0.903595	0.890928	0.968974	0.92744	0.970284	0.931238	0.93336	0.971517	0.968974	0.92744	0.970284	0.931238	0.93336	0.971517	0	0.737565	0.734739	0.715101	0.715962	0.737044	0.868873	0.865192	0.854672	0.863542	0.864531	0.861694	0.934709	0.934082	0.947481	0.925428	0.924181	0.923912	0.941963	0.941559	0.920556	0.940885	0.921954	0.929025	0.926731	0.964507	0.934596	0.935566	0.963522	0.924347	1.05615	1.06961	1.06455	1.05468	1.09062	1.05633	1.07541	1.06671	1.06909	1.07511	1.0695	1.07701	1.0469	1.06582	1.0771	1.06872	1.0532	1.0674	1.15309	1.16713	1.16789	1.17485	1.15384	1.1517	0.979859	0.996187	0.97689	0.995505	0.978453	1.0479	1.0762	1.06717	1.04757	1.06929	1.04719	1.04791	1.05472	1.04657	1.05211	1.05163	1.05173	1.05419	1.01221	1.01554	1.02028	1.01675	1.01676	1.01554
ERR613556	0.91271	0.897198	0.898288	0.914778	0.915431	0.903191	0.979773	0.943034	0.98061	0.946341	0.948322	0.982094	0.979773	0.943034	0.98061	0.946341	0.948322	0.982094	0.737565	0	0.74601	0.736734	0.737903	0.747435	0.877486	0.876106	0.86626	0.873478	0.876409	0.871879	0.948393	0.948114	0.959736	0.940486	0.938986	0.938714	0.95547	0.954906	0.937368	0.954509	0.938164	0.944456	0.941878	0.97674	0.94944	0.950539	0.975878	0.939951	1.07151	1.08367	1.0789	1.07011	1.10454	1.07155	1.09211	1.08455	1.0866	1.09203	1.0874	1.09376	1.06323	1.08056	1.0916	1.08292	1.06962	1.08186	1.16507	1.17823	1.17901	1.18553	1.16599	1.1639	0.997649	1.01079	0.994978	1.01097	0.996411	1.05986	1.0894	1.08092	1.06301	1.08271	1.06232	1.06325	1.06336	1.05616	1.06141	1.06182	1.06166	1.06359	1.02285	1.02582	1.02958	1.02642	1.0266	1.02543
ERR613554	0.911309	0.89576	0.897068	0.913252	0.914004	0.901478	0.978235	0.940799	0.978666	0.944205	0.945829	0.98022	0.978235	0.940799	0.978666	0.944205	0.945829	0.98022	0.734739	0.74601	0	0.734458	0.735146	0.745472	0.876136	0.874974	0.864906	0.872369	0.874987	0.871088	0.946491	0.94626	0.958115	0.938695	0.937287	0.936973	0.953951	0.953053	0.935391	0.952521	0.936028	0.942382	0.940075	0.975077	0.947419	0.948621	0.974275	0.9379	1.06949	1.08187	1.07706	1.06827	1.10294	1.06963	1.09	1.08206	1.08435	1.0899	1.08508	1.09144	1.06058	1.07813	1.08963	1.08102	1.06741	1.07994	1.16359	1.17668	1.17737	1.18391	1.16423	1.16242	0.99561	1.00925	0.992858	1.00897	0.994457	1.05838	1.08747	1.07894	1.06086	1.08091	1.0604	1.06124	1.0623	1.05491	1.06007	1.06026	1.06034	1.06219	1.02173	1.02462	1.02854	1.02548	1.02538	1.02435
ERR613551	0.899391	0.884391	0.886255	0.901486	0.902616	0.890306	0.968592	0.926704	0.969576	0.930623	0.932792	0.971073	0.968592	0.926704	0.969576	0.930623	0.932792	0.971073	0.715101	0.736734	0.734458	0	0.715269	0.73654	0.868572	0.864324	0.853963	0.863057	0.863888	0.861371	0.934048	0.933076	0.946641	0.924352	0.923214	0.922905	0.941009	0.940796	0.919278	0.940283	0.92125	0.927904	0.925875	0.963442	0.933913	0.934327	0.962569	0.923446	1.05574	1.06882	1.0643	1.05419	1.08989	1.05592	1.07471	1.06595	1.06846	1.07436	1.06899	1.07661	1.04655	1.06548	1.0767	1.06851	1.05313	1.0671	1.15253	1.16668	1.16759	1.17458	1.15322	1.15124	0.979045	0.995082	0.976093	0.995047	0.977424	1.04733	1.07629	1.06702	1.04719	1.06895	1.04703	1.04759	1.05442	1.04628	1.05211	1.05178	1.05127	1.0537	1.01229	1.01575	1.02032	1.01688	1.01682	1.01571
ERR613553	0.900352	0.885539	0.887319	0.90197	0.903553	0.890866	0.969758	0.928129	0.970705	0.93204	0.933921	0.971991	0.969758	0.928129	0.970705	0.93204	0.933921	0.971991	0.715962	0.737903	0.735146	0.715269	0	0.737237	0.869656	0.865295	0.855204	0.864305	0.864805	0.862077	0.935027	0.934341	0.947538	0.925527	0.924541	0.92412	0.942508	0.941865	0.920631	0.941479	0.92252	0.929382	0.927127	0.964795	0.935142	0.935728	0.963882	0.924514	1.05646	1.0694	1.06489	1.0548	1.09074	1.05636	1.0753	1.06648	1.069	1.07506	1.06928	1.07698	1.0467	1.06551	1.07684	1.06835	1.05305	1.06712	1.15308	1.16723	1.16794	1.1749	1.15373	1.15144	0.980213	0.996327	0.977436	0.995965	0.978822	1.04833	1.07636	1.0674	1.04756	1.069	1.04719	1.04776	1.05441	1.04652	1.05227	1.05193	1.05149	1.05364	1.01181	1.01537	1.01999	1.01689	1.0166	1.01532
ERR613555	0.912595	0.896541	0.898174	0.914236	0.915733	0.902697	0.979394	0.942277	0.980049	0.94528	0.947725	0.981285	0.979394	0.942277	0.980049	0.94528	0.947725	0.981285	0.737044	0.747435	0.745472	0.73654	0.737237	0	0.87658	0.875581	0.865821	0.873128	0.875854	0.871836	0.947896	0.947792	0.959989	0.940054	0.93904	0.938692	0.955029	0.953907	0.936723	0.953618	0.936974	0.943618	0.941308	0.976052	0.94878	0.950249	0.975653	0.939703	1.07112	1.08316	1.07838	1.06977	1.10432	1.07115	1.09178	1.08396	1.0864	1.0916	1.08697	1.09324	1.06277	1.08016	1.09156	1.0828	1.0694	1.08152	1.1651	1.17782	1.17883	1.18504	1.16582	1.16369	0.99693	1.0106	0.994138	1.01038	0.996077	1.05929	1.089	1.08059	1.06272	1.08235	1.0622	1.06293	1.06321	1.05595	1.06113	1.06136	1.06137	1.06312	1.02265	1.0258	1.02937	1.02644	1.02625	1.02528
ERR605614	0.922937	0.910016	0.911917	0.925177	0.925835	0.915713	1.00241	0.966732	1.00352	0.969283	0.971519	1.00458	1.00241	0.966732	1.00352	0.969283	0.971519	1.00458	0.868873	0.877486	0.876136	0.868572	0.869656	0.87658	0	0.776321	0.770146	0.777533	0.775692	0.776313	0.951666	0.951421	0.962396	0.944148	0.943555	0.943289	0.960601	0.96003	0.944143	0.960051	0.944799	0.950151	0.956521	0.99005	0.963316	0.964608	0.989727	0.95446	1.11334	1.12404	1.11988	1.11235	1.14304	1.11303	1.13046	1.12278	1.12514	1.13009	1.12545	1.13176	1.10488	1.12123	1.13168	1.124	1.11085	1.12286	1.19423	1.20669	1.20731	1.21317	1.19523	1.19338	1.01201	1.02534	1.01013	1.02441	1.01113	1.0697	1.12092	1.11326	1.09677	1.11479	1.09585	1.0966	1.08809	1.08245	1.08712	1.08808	1.08732	1.08998	1.04603	1.04799	1.05056	1.04921	1.04844	1.0479
ERR605616	0.91471	0.907394	0.909018	0.917652	0.918432	0.910216	1.00387	0.964361	1.00539	0.968479	0.969169	1.00643	1.00387	0.964361	1.00539	0.968479	0.969169	1.00643	0.865192	0.876106	0.874974	0.864324	0.865295	0.875581	0.776321	0	0.766392	0.774074	0.766581	0.771458	0.951602	0.949502	0.96173	0.942224	0.942056	0.941657	0.96018	0.960344	0.940989	0.960329	0.943568	0.947927	0.954916	0.991252	0.961893	0.962149	0.990452	0.952566	1.11316	1.12415	1.12085	1.11217	1.14111	1.113	1.12727	1.11919	1.12115	1.12665	1.12113	1.12896	1.10451	1.12118	1.13051	1.12367	1.10927	1.12292	1.19221	1.20531	1.20589	1.21199	1.19301	1.19112	1.005	1.02024	1.00369	1.02005	1.00425	1.06684	1.11958	1.11189	1.09392	1.11324	1.09338	1.09361	1.08767	1.08203	1.08726	1.0879	1.08657	1.08983	1.04523	1.04718	1.04956	1.04873	1.04829	1.04711
ERR605611	0.910178	0.896753	0.898459	0.911864	0.913342	0.902105	0.988445	0.94898	0.990054	0.952404	0.95451	0.991135	0.988445	0.94898	0.990054	0.952404	0.95451	0.991135	0.854672	0.86626	0.864906	0.853963	0.855204	0.865821	0.770146	0.766392	0	0.762873	0.765097	0.760472	0.935663	0.934792	0.947265	0.927619	0.926991	0.926141	0.944575	0.944123	0.925532	0.943837	0.926749	0.932461	0.938651	0.974794	0.945855	0.94713	0.974244	0.93569	1.09999	1.11167	1.10742	1.0992	1.13134	1.09969	1.11587	1.10786	1.11014	1.11553	1.11033	1.11752	1.0897	1.107	1.11795	1.10993	1.09562	1.10881	1.18363	1.19675	1.19746	1.20343	1.18451	1.18246	0.993996	1.00883	0.991874	1.008	0.993155	1.05669	1.10931	1.1013	1.08337	1.10304	1.08306	1.08351	1.0804	1.07356	1.07909	1.07954	1.07842	1.08104	1.03688	1.03959	1.04291	1.04137	1.04061	1.03957
ERR605613	0.917942	0.906343	0.908226	0.920208	0.921093	0.911478	0.999174	0.96139	1.0004	0.964751	0.966737	1.00156	0.999174	0.96139	1.0004	0.964751	0.966737	1.00156	0.863542	0.873478	0.872369	0.863057	0.864305	0.873128	0.777533	0.774074	0.762873	0	0.773086	0.76948	0.948374	0.947556	0.958985	0.940245	0.939864	0.939388	0.956294	0.955768	0.938569	0.955581	0.939561	0.944753	0.95244	0.987746	0.959449	0.96021	0.987069	0.950066	1.10898	1.11983	1.11624	1.10801	1.13836	1.1088	1.12572	1.1178	1.12014	1.1254	1.12048	1.12743	1.10086	1.11761	1.12779	1.1203	1.10638	1.11916	1.19089	1.20362	1.2042	1.21007	1.1919	1.18992	1.00537	1.01919	1.00332	1.01855	1.00456	1.06505	1.11731	1.10947	1.09252	1.11118	1.09189	1.09228	1.08606	1.08019	1.08523	1.08572	1.08491	1.08727	1.04338	1.04545	1.04806	1.04688	1.04656	1.04557
ERR605615	0.914365	0.907206	0.908908	0.91715	0.917992	0.910017	1.00395	0.963571	1.00509	0.967912	0.968698	1.00645	1.00395	0.963571	1.00509	0.967912	0.968698	1.00645	0.864531	0.876409	0.874987	0.863888	0.864805	0.875854	0.775692	0.766581	0.765097	0.773086	0	0.770981	0.951356	0.949243	0.961753	0.941493	0.941392	0.940801	0.95964	0.960212	0.940497	0.960377	0.94317	0.947505	0.954698	0.990881	0.961503	0.961625	0.990541	0.951978	1.11238	1.1235	1.12028	1.11156	1.14029	1.11254	1.12615	1.11792	1.11999	1.12557	1.11978	1.12793	1.10383	1.12058	1.12963	1.12319	1.10851	1.1222	1.19129	1.20451	1.20508	1.21119	1.19226	1.19024	1.00376	1.01953	1.0022	1.01864	1.00301	1.06607	1.11877	1.11091	1.09276	1.11206	1.09217	1.09243	1.08716	1.08175	1.08705	1.08741	1.08618	1.08947	1.04452	1.04598	1.04873	1.04782	1.04747	1.04606
ERR605612	0.91551	0.903911	0.90596	0.917619	0.918497	0.908499	0.997858	0.959004	0.999168	0.962343	0.964324	1.00018	0.997858	0.959004	0.999168	0.962343	0.964324	1.00018	0.861694	0.871879	0.871088	0.861371	0.862077	0.871836	0.776313	0.771458	0.760472	0.76948	0.770981	0	0.946052	0.944792	0.956743	0.937585	0.937433	0.936566	0.954523	0.954216	0.936528	0.954549	0.93754	0.942674	0.949533	0.985305	0.956387	0.9574	0.984713	0.946895	1.10848	1.11957	1.11585	1.10749	1.13811	1.10833	1.12381	1.11538	1.1181	1.1232	1.11811	1.12543	1.09887	1.11576	1.12592	1.11834	1.10423	1.11754	1.18949	1.20237	1.20309	1.20898	1.19049	1.18839	1.00237	1.01672	1.00068	1.01606	1.00175	1.06343	1.11574	1.10834	1.09081	1.10962	1.09006	1.09044	1.08497	1.07883	1.08415	1.08459	1.08351	1.08659	1.04255	1.04421	1.04733	1.046	1.0457	1.04457
ERR636926	0.938772	0.913213	0.915456	0.935508	0.939228	0.923315	0.932905	0.897365	0.934588	0.899647	0.902919	0.935775	0.932905	0.897365	0.934588	0.899647	0.902919	0.935775	0.934709	0.948393	0.946491	0.934048	0.935027	0.947896	0.951666	0.951602	0.935663	0.948374	0.951356	0.946052	0	0.788035	0.802465	0.78063	0.779914	0.779475	0.924896	0.922959	0.908032	0.922348	0.906599	0.914707	0.883936	0.918333	0.891968	0.893661	0.916954	0.881764	1.0799	1.09122	1.08655	1.07889	1.11512	1.07955	1.10449	1.09662	1.09922	1.10435	1.10004	1.10611	1.08971	1.10598	1.11894	1.10945	1.09693	1.10776	1.17328	1.18619	1.18718	1.19312	1.17404	1.17208	0.982869	0.996349	0.979757	0.99525	0.982036	1.04448	1.11581	1.10828	1.09198	1.11098	1.09232	1.09222	1.12921	1.11939	1.12386	1.12238	1.12239	1.12333	1.10894	1.11431	1.12096	1.11553	1.11498	1.11394
ERR636927	0.93552	0.912694	0.914966	0.93269	0.936378	0.921822	0.934865	0.897451	0.936565	0.901061	0.90332	0.937203	0.934865	0.897451	0.936565	0.901061	0.90332	0.937203	0.934082	0.948114	0.94626	0.933076	0.934341	0.947792	0.951421	0.949502	0.934792	0.947556	0.949243	0.944792	0.788035	0	0.802768	0.780027	0.779751	0.77914	0.925797	0.925048	0.908224	0.924231	0.908164	0.915455	0.885136	0.920166	0.892743	0.894061	0.918638	0.88302	1.0812	1.09271	1.08816	1.08036	1.1147	1.08106	1.10449	1.09644	1.09897	1.10446	1.09982	1.10615	1.09226	1.10852	1.12057	1.1116	1.09858	1.1104	1.17372	1.18699	1.18769	1.19396	1.17442	1.17244	0.981162	0.995449	0.978733	0.994461	0.980759	1.0441	1.11665	1.10918	1.09222	1.11183	1.09265	1.09254	1.12998	1.1203	1.12531	1.12339	1.12318	1.12447	1.10978	1.11464	1.12145	1.11628	1.11591	1.11487
ERR636925	0.949926	0.926883	0.928616	0.947017	0.950657	0.936147	0.943834	0.910343	0.945818	0.913174	0.915496	0.946465	0.943834	0.910343	0.945818	0.913174	0.915496	0.946465	0.947481	0.959736	0.958115	0.946641	0.947538	0.959989	0.962396	0.96173	0.947265	0.958985	0.961753	0.956743	0.802465	0.802768	0	0.796696	0.795669	0.795238	0.938265	0.936869	0.922652	0.93661	0.921989	0.928651	0.900146	0.932181	0.906972	0.908245	0.930573	0.898076	1.09015	1.10094	1.09657	1.08962	1.12255	1.08984	1.11487	1.10742	1.10976	1.11484	1.11047	1.11627	1.10167	1.11757	1.12926	1.12042	1.10839	1.11927	1.1813	1.19362	1.19484	1.2005	1.1819	1.18032	0.994511	1.00745	0.991833	1.00652	0.993999	1.05335	1.12606	1.11926	1.10285	1.12143	1.10336	1.10319	1.13906	1.12949	1.13416	1.1327	1.13257	1.13367	1.11959	1.12448	1.13078	1.12589	1.12535	1.12411
ERR636930	0.926975	0.903905	0.905634	0.923752	0.927799	0.912612	0.927791	0.887956	0.929615	0.89221	0.894359	0.930597	0.927791	0.887956	0.929615	0.89221	0.894359	0.930597	0.925428	0.940486	0.938695	0.924352	0.925527	0.940054	0.944148	0.942224	0.927619	0.940245	0.941493	0.937585	0.78063	0.780027	0.796696	0	0.76648	0.765481	0.917616	0.916507	0.898743	0.915848	0.899069	0.906222	0.875539	0.91274	0.883585	0.884982	0.911193	0.873562	1.07467	1.08639	1.08196	1.07394	1.10898	1.07455	1.09803	1.08944	1.09187	1.0977	1.09282	1.09945	1.08516	1.10234	1.11432	1.10562	1.09212	1.10418	1.16857	1.18203	1.18306	1.18944	1.16938	1.16742	0.972109	0.986958	0.969459	0.986186	0.971516	1.03727	1.11035	1.10242	1.08528	1.1051	1.08588	1.08529	1.12423	1.11433	1.11913	1.11743	1.11723	1.11855	1.10377	1.10879	1.11551	1.1102	1.10983	1.10871
ERR636928	0.926477	0.903105	0.905084	0.923313	0.927406	0.912081	0.926999	0.887189	0.928693	0.890798	0.893314	0.92917	0.926999	0.887189	0.928693	0.890798	0.893314	0.92917	0.924181	0.938986	0.937287	0.923214	0.924541	0.93904	0.943555	0.942056	0.926991	0.939864	0.941392	0.937433	0.779914	0.779751	0.795669	0.76648	0	0.765107	0.91681	0.915169	0.897824	0.9153	0.897871	0.905327	0.874868	0.91194	0.882689	0.884357	0.9102	0.872403	1.07421	1.08562	1.08114	1.07314	1.10883	1.07368	1.09731	1.089	1.09136	1.09704	1.0923	1.09897	1.08438	1.10145	1.11349	1.10465	1.091	1.10331	1.16811	1.1816	1.18242	1.1888	1.16889	1.16709	0.97165	0.986633	0.968942	0.985861	0.971226	1.03687	1.10998	1.10203	1.08474	1.10489	1.08527	1.08508	1.12359	1.11357	1.11872	1.1168	1.11646	1.11807	1.10309	1.10827	1.11499	1.10967	1.10915	1.10816
ERR636929	0.926294	0.902816	0.904686	0.923464	0.926895	0.911831	0.926793	0.887196	0.928725	0.890724	0.893502	0.929409	0.926793	0.887196	0.928725	0.890724	0.893502	0.929409	0.923912	0.938714	0.936973	0.922905	0.92412	0.938692	0.943289	0.941657	0.926141	0.939388	0.940801	0.936566	0.779475	0.77914	0.795238	0.765481	0.765107	0	0.916318	0.915091	0.897762	0.914673	0.897605	0.905015	0.874595	0.911717	0.882349	0.883943	0.909969	0.872464	1.07343	1.0856	1.08084	1.07283	1.10841	1.07355	1.0964	1.0883	1.09075	1.09656	1.0916	1.09834	1.084	1.10117	1.11333	1.10434	1.09074	1.10288	1.16772	1.18149	1.18218	1.18853	1.16869	1.16671	0.971254	0.986064	0.968641	0.985334	0.970539	1.03642	1.10946	1.10128	1.08434	1.10401	1.08473	1.08435	1.12308	1.11345	1.11826	1.11659	1.11625	1.1175	1.10268	1.10799	1.11446	1.10934	1.10889	1.10761
ERR608374	0.9477	0.92368	0.926164	0.944256	0.947675	0.933872	0.952613	0.918063	0.954507	0.920181	0.923396	0.955812	0.952613	0.918063	0.954507	0.920181	0.923396	0.955812	0.941963	0.95547	0.953951	0.941009	0.942508	0.955029	0.960601	0.96018	0.944575	0.956294	0.95964	0.954523	0.924896	0.925797	0.938265	0.917616	0.91681	0.916318	0	0.81386	0.799624	0.812846	0.797129	0.806347	0.913495	0.946731	0.920114	0.922542	0.945126	0.911137	1.06699	1.07841	1.07315	1.0661	1.10328	1.06644	1.10232	1.09469	1.09687	1.10202	1.09826	1.10346	1.08592	1.10239	1.1158	1.10609	1.09334	1.1045	1.171	1.18428	1.185	1.19125	1.17181	1.16987	0.959151	0.972402	0.956517	0.971785	0.958741	1.02361	1.11133	1.10385	1.08667	1.10655	1.08731	1.0873	1.12683	1.11636	1.12106	1.11938	1.11933	1.12046	1.10717	1.11226	1.11928	1.11362	1.11334	1.11182
ERR608375	0.94941	0.923563	0.926153	0.946491	0.949367	0.934026	0.950503	0.91689	0.952284	0.918365	0.922063	0.953782	0.950503	0.91689	0.952284	0.918365	0.922063	0.953782	0.941559	0.954906	0.953053	0.940796	0.941865	0.953907	0.96003	0.960344	0.944123	0.955768	0.960212	0.954216	0.922959	0.925048	0.936869	0.916507	0.915169	0.915091	0.81386	0	0.797277	0.809086	0.793713	0.804248	0.911896	0.945156	0.919123	0.921803	0.94395	0.909872	1.06434	1.0762	1.07028	1.06353	1.10239	1.06393	1.10113	1.09358	1.09581	1.10073	1.09754	1.1024	1.08339	1.09987	1.11398	1.10339	1.09117	1.102	1.16984	1.18279	1.18367	1.1898	1.1708	1.16873	0.958992	0.9714	0.956012	0.970575	0.958164	1.02283	1.10904	1.10164	1.08577	1.10466	1.08607	1.0859	1.1255	1.11496	1.11969	1.11829	1.1182	1.11894	1.10625	1.11131	1.1182	1.11251	1.11209	1.11104
ERR608373	0.924476	0.901631	0.904482	0.921869	0.925029	0.910573	0.939128	0.898442	0.940924	0.901735	0.904726	0.942216	0.939128	0.898442	0.940924	0.901735	0.904726	0.942216	0.920556	0.937368	0.935391	0.919278	0.920631	0.936723	0.944143	0.940989	0.925532	0.938569	0.940497	0.936528	0.908032	0.908224	0.922652	0.898743	0.897824	0.897762	0.799624	0.797277	0	0.796416	0.770836	0.781318	0.89216	0.930055	0.899782	0.901747	0.928414	0.889894	1.0505	1.06329	1.05765	1.04954	1.08829	1.05007	1.08327	1.07426	1.07674	1.08286	1.07798	1.08467	1.06894	1.08677	1.10001	1.09036	1.07605	1.08889	1.15737	1.17169	1.1725	1.17909	1.15821	1.15603	0.93887	0.955442	0.936024	0.954767	0.938554	1.0109	1.094	1.08592	1.06756	1.08877	1.0681	1.06789	1.11042	1.09973	1.1049	1.10301	1.103	1.10431	1.0898	1.09494	1.10214	1.0966	1.09635	1.09483
ERR608376	0.948925	0.922727	0.925274	0.945843	0.948326	0.933371	0.949559	0.915856	0.951321	0.91724	0.921235	0.95279	0.949559	0.915856	0.951321	0.91724	0.921235	0.95279	0.940885	0.954509	0.952521	0.940283	0.941479	0.953618	0.960051	0.960329	0.943837	0.955581	0.960377	0.954549	0.922348	0.924231	0.93661	0.915848	0.9153	0.914673	0.812846	0.809086	0.796416	0	0.792886	0.803171	0.910915	0.944194	0.917783	0.920467	0.942539	0.909002	1.06369	1.07548	1.06956	1.06308	1.10199	1.06288	1.10034	1.09261	1.09488	1.10017	1.09659	1.10137	1.08237	1.09894	1.1128	1.10246	1.09046	1.10112	1.16931	1.18235	1.18333	1.18939	1.17012	1.16838	0.958367	0.971307	0.956017	0.970603	0.958453	1.02263	1.10836	1.10108	1.08468	1.10393	1.08514	1.08507	1.12492	1.11415	1.119	1.11751	1.1176	1.11837	1.10502	1.11023	1.11722	1.11142	1.1111	1.10996
ERR608372	0.928645	0.902868	0.905821	0.925684	0.928706	0.913635	0.936076	0.898207	0.938439	0.899881	0.90388	0.939776	0.936076	0.898207	0.938439	0.899881	0.90388	0.939776	0.921954	0.938164	0.936028	0.92125	0.92252	0.936974	0.944799	0.943568	0.926749	0.939561	0.94317	0.93754	0.906599	0.908164	0.921989	0.899069	0.897871	0.897605	0.797129	0.793713	0.770836	0.792886	0	0.780288	0.89141	0.928307	0.899118	0.90165	0.926329	0.888758	1.05004	1.06326	1.05726	1.04939	1.09001	1.04963	1.08471	1.07604	1.07866	1.08456	1.08016	1.08637	1.06754	1.08521	1.09959	1.08888	1.07563	1.08747	1.15799	1.17197	1.17286	1.17934	1.15888	1.15684	0.942055	0.957104	0.939061	0.956468	0.941486	1.01186	1.09421	1.08585	1.06852	1.08924	1.06913	1.06882	1.111	1.09997	1.10503	1.1035	1.10307	1.10446	1.09033	1.09594	1.10302	1.09727	1.09689	1.09546
ERR608371	0.933852	0.91072	0.91336	0.931125	0.934302	0.920089	0.944508	0.906515	0.946178	0.909048	0.911942	0.947759	0.944508	0.906515	0.946178	0.909048	0.911942	0.947759	0.929025	0.944456	0.942382	0.927904	0.929382	0.943618	0.950151	0.947927	0.932461	0.944753	0.947505	0.942674	0.914707	0.915455	0.928651	0.906222	0.905327	0.905015	0.806347	0.804248	0.781318	0.803171	0.780288	0	0.901636	0.937567	0.908721	0.910949	0.936376	0.899177	1.05761	1.06989	1.06465	1.05695	1.09472	1.0574	1.09192	1.08343	1.08562	1.09132	1.08697	1.09323	1.07654	1.09388	1.10706	1.09743	1.08376	1.09616	1.16361	1.17743	1.17837	1.18467	1.16435	1.16233	0.946794	0.96176	0.943953	0.961197	0.946251	1.01542	1.10173	1.09384	1.07636	1.09671	1.07722	1.07658	1.11785	1.10706	1.1123	1.11045	1.11038	1.11157	1.0977	1.10289	1.10982	1.10453	1.1043	1.10305
ERR626884	0.866231	0.839239	0.842065	0.863516	0.867222	0.850077	0.940404	0.900248	0.943391	0.903319	0.907188	0.943734	0.940404	0.900248	0.943391	0.903319	0.907188	0.943734	0.926731	0.941878	0.940075	0.925875	0.927127	0.941308	0.956521	0.954916	0.938651	0.95244	0.954698	0.949533	0.883936	0.885136	0.900146	0.875539	0.874868	0.874595	0.913495	0.911896	0.89216	0.910915	0.89141	0.901636	0	0.795245	0.760029	0.762698	0.793049	0.748142	1.05812	1.07211	1.06655	1.05738	1.09812	1.058	1.08138	1.07283	1.07522	1.08091	1.07643	1.08229	1.06551	1.08346	1.09677	1.0867	1.07267	1.0856	1.15624	1.17068	1.1715	1.178	1.15738	1.15535	0.969269	0.985693	0.966534	0.984417	0.968542	1.03621	1.08844	1.08023	1.06178	1.08287	1.062	1.06215	1.09666	1.08607	1.09173	1.0905	1.09006	1.09165	1.0733	1.07812	1.08504	1.07972	1.07892	1.07778
ERR626883	0.904758	0.877719	0.880896	0.901317	0.904478	0.888412	0.965412	0.933653	0.968393	0.935743	0.939429	0.968705	0.965412	0.933653	0.968393	0.935743	0.939429	0.968705	0.964507	0.97674	0.975077	0.963442	0.964795	0.976052	0.99005	0.991252	0.974794	0.987746	0.990881	0.985305	0.918333	0.920166	0.932181	0.91274	0.91194	0.911717	0.946731	0.945156	0.930055	0.944194	0.928307	0.937567	0.795245	0	0.803376	0.805491	0.825036	0.793853	1.08201	1.09458	1.089	1.08134	1.11952	1.0818	1.10661	1.09926	1.10204	1.10624	1.10304	1.10778	1.09042	1.10641	1.11942	1.10937	1.09775	1.10816	1.17512	1.18804	1.18882	1.19464	1.1759	1.17422	1.00347	1.01708	1.00099	1.01546	1.00298	1.06049	1.11287	1.10571	1.08978	1.10828	1.09005	1.09006	1.1216	1.11184	1.11668	1.11559	1.11563	1.11638	1.10004	1.10498	1.11146	1.10599	1.10564	1.1047
ERR626881	0.873395	0.846633	0.849952	0.870444	0.874273	0.857328	0.945759	0.907286	0.948775	0.909836	0.913798	0.948888	0.945759	0.907286	0.948775	0.909836	0.913798	0.948888	0.934596	0.94944	0.947419	0.933913	0.935142	0.94878	0.963316	0.961893	0.945855	0.959449	0.961503	0.956387	0.891968	0.892743	0.906972	0.883585	0.882689	0.882349	0.920114	0.919123	0.899782	0.917783	0.899118	0.908721	0.760029	0.803376	0	0.770206	0.801219	0.756224	1.06345	1.07705	1.07162	1.06269	1.10246	1.06301	1.08644	1.07817	1.08083	1.08621	1.0816	1.08775	1.07156	1.08909	1.10186	1.09207	1.07853	1.09092	1.16021	1.17441	1.17521	1.18166	1.16133	1.15935	0.975826	0.991463	0.973015	0.990131	0.974991	1.04081	1.09386	1.08594	1.0678	1.0885	1.06811	1.06809	1.10223	1.09226	1.09752	1.09631	1.09596	1.09762	1.0791	1.08418	1.09106	1.08548	1.08489	1.08387
ERR626880	0.873477	0.84853	0.850945	0.870887	0.874295	0.85813	0.947896	0.908649	0.950788	0.911296	0.915302	0.951068	0.947896	0.908649	0.950788	0.911296	0.915302	0.951068	0.935566	0.950539	0.948621	0.934327	0.935728	0.950249	0.964608	0.962149	0.94713	0.96021	0.961625	0.9574	0.893661	0.894061	0.908245	0.884982	0.884357	0.883943	0.922542	0.921803	0.901747	0.920467	0.90165	0.910949	0.762698	0.805491	0.770206	0	0.80363	0.758257	1.06459	1.07778	1.07306	1.06367	1.10291	1.06434	1.08679	1.0781	1.08097	1.08655	1.08162	1.08822	1.07278	1.09034	1.10295	1.09344	1.07975	1.09219	1.16076	1.17491	1.17576	1.18212	1.16188	1.1597	0.976375	0.992392	0.973543	0.990812	0.975309	1.04173	1.0947	1.08686	1.06867	1.08942	1.06892	1.06872	1.10263	1.09249	1.09811	1.0965	1.09617	1.09813	1.07979	1.08466	1.0914	1.08628	1.08606	1.08468
ERR626882	0.904693	0.876925	0.879899	0.901134	0.904475	0.888334	0.963663	0.931504	0.966631	0.933634	0.93749	0.966529	0.963663	0.931504	0.966631	0.933634	0.93749	0.966529	0.963522	0.975878	0.974275	0.962569	0.963882	0.975653	0.989727	0.990452	0.974244	0.987069	0.990541	0.984713	0.916954	0.918638	0.930573	0.911193	0.9102	0.909969	0.945126	0.94395	0.928414	0.942539	0.926329	0.936376	0.793049	0.825036	0.801219	0.80363	0	0.79154	1.08085	1.09325	1.08802	1.08034	1.1188	1.08072	1.1058	1.09855	1.10107	1.10531	1.10211	1.10658	1.0892	1.10501	1.1181	1.10819	1.09635	1.10666	1.17441	1.1873	1.18825	1.19399	1.17531	1.17334	1.00257	1.01609	1.00005	1.01468	1.00206	1.05996	1.1118	1.10496	1.08852	1.10714	1.08872	1.08902	1.12094	1.11099	1.11584	1.11461	1.11466	1.11568	1.09959	1.10419	1.11075	1.10518	1.10485	1.10381
ERR626879	0.865276	0.837628	0.840641	0.862122	0.865789	0.848508	0.938864	0.898409	0.942338	0.901378	0.905367	0.942028	0.938864	0.898409	0.942338	0.901378	0.905367	0.942028	0.924347	0.939951	0.9379	0.923446	0.924514	0.939703	0.95446	0.952566	0.93569	0.950066	0.951978	0.946895	0.881764	0.88302	0.898076	0.873562	0.872403	0.872464	0.911137	0.909872	0.889894	0.909002	0.888758	0.899177	0.748142	0.793853	0.756224	0.758257	0.79154	0	1.05582	1.06999	1.06443	1.05489	1.09647	1.05564	1.07886	1.07004	1.07277	1.07865	1.07392	1.07996	1.06375	1.08163	1.09502	1.08472	1.07085	1.08332	1.15469	1.16907	1.1701	1.17638	1.15554	1.15356	0.966756	0.982995	0.963791	0.981396	0.965559	1.03428	1.08639	1.07831	1.05961	1.08117	1.05992	1.06008	1.09501	1.08423	1.0901	1.08871	1.08844	1.09012	1.07089	1.07598	1.08301	1.07769	1.07716	1.07596
