	ERR613666	ERR613669	ERR613667	ERR613668	ERR613670	ERR613665	ERR630233	ERR630231	ERR630235	ERR630232	ERR630230	ERR630234	ERR637059	ERR637060	ERR637062	ERR637057	ERR637061	ERR637058	ERR608597	ERR608601	ERR608599	ERR608598	ERR608600	ERR608602	ERR608395	ERR608398	ERR608397	ERR608396	ERR608400	ERR608399	ERR636894	ERR636891	ERR636890	ERR636893	ERR636889	ERR636892	ERR630233	ERR630231	ERR630235	ERR630232	ERR630230	ERR630234	ERR636863	ERR636864	ERR636860	ERR636862	ERR636861	ERR636859	ERR612182	ERR612183	ERR612181	ERR612180	ERR612179	ERR612184	ERR616711	ERR616707	ERR616706	ERR616708	ERR616709	ERR616710	ERR605475	ERR605476	ERR605478	ERR605477	ERR605473	ERR605474	ERR616804	ERR616801	ERR616799	ERR616803	ERR616802	ERR616800	ERR617501	ERR617499	ERR617504	ERR617500	ERR617502	ERR617503	ERR612966	ERR612964	ERR612967	ERR612968	ERR612963	ERR612965	ERR616153	ERR616148	ERR616152	ERR616150	ERR616151	ERR616149	ERR638269	ERR638267	ERR638268	ERR638272	ERR638271	ERR638270
ERR613666	0	0.776592	0.765026	0.774504	0.802364	0.757568	1.14394	1.16062	1.15243	1.16255	1.14814	1.14582	0.921527	0.924657	0.923011	0.927484	0.924359	0.922574	1.29393	1.28808	1.28733	1.28921	1.28842	1.28822	0.982044	0.950452	0.949436	0.959525	0.957654	0.947523	0.901236	0.887006	0.88752	0.903019	0.89782	0.90036	1.14394	1.16062	1.15243	1.16255	1.14814	1.14582	0.89173	0.891726	0.878455	0.889595	0.877364	0.887419	1.10298	1.11867	1.1016	1.10165	1.09962	1.10613	1.16734	1.18034	1.18123	1.18731	1.16805	1.16663	1.05523	1.05408	1.05384	1.05318	1.05121	1.05376	0.948289	0.932941	0.941848	0.947909	0.945526	0.938288	1.1252	1.12638	1.13805	1.12553	1.13469	1.13192	1.12006	1.12936	1.12235	1.12146	1.10282	1.10813	1.12199	1.14045	1.12317	1.14812	1.12368	1.1349	1.13802	1.13601	1.13438	1.12097	1.11728	1.11719
ERR613669	0.776592	0	0.779899	0.779886	0.807649	0.772594	1.15283	1.1689	1.16155	1.17053	1.1565	1.15406	0.938195	0.940795	0.939365	0.94321	0.940463	0.93804	1.29616	1.28976	1.28875	1.29084	1.28982	1.28999	0.994002	0.960491	0.96034	0.970389	0.968277	0.958079	0.914473	0.900662	0.899812	0.915613	0.910026	0.913399	1.15283	1.1689	1.16155	1.17053	1.1565	1.15406	0.905149	0.905283	0.891245	0.902896	0.89242	0.900201	1.10842	1.12344	1.10752	1.10835	1.10546	1.11174	1.17404	1.18631	1.18711	1.19278	1.17485	1.17335	1.06117	1.05939	1.05917	1.05881	1.05749	1.06024	0.96368	0.947051	0.958532	0.964151	0.961545	0.951913	1.13026	1.13315	1.14357	1.13066	1.13956	1.13684	1.12654	1.13675	1.12874	1.12793	1.11022	1.11625	1.12621	1.14382	1.12753	1.1501	1.1278	1.1381	1.14533	1.14369	1.14217	1.13072	1.1249	1.12503
ERR613667	0.765026	0.779899	0	0.778426	0.805016	0.76382	1.14809	1.16453	1.15639	1.1662	1.15212	1.14981	0.928975	0.932552	0.931051	0.934916	0.932222	0.930221	1.29488	1.28915	1.28814	1.29008	1.28919	1.28921	0.987835	0.956923	0.956076	0.965836	0.963848	0.954195	0.907773	0.894229	0.894597	0.909087	0.904357	0.906816	1.14809	1.16453	1.15639	1.1662	1.15212	1.14981	0.899093	0.899103	0.886492	0.897233	0.886345	0.895348	1.10635	1.12192	1.10508	1.10529	1.10352	1.1093	1.17084	1.18345	1.18445	1.19041	1.17141	1.17019	1.05772	1.05682	1.0565	1.05619	1.05454	1.05694	0.955203	0.940514	0.949608	0.955301	0.953065	0.945013	1.12908	1.1306	1.1419	1.12951	1.13834	1.13542	1.12372	1.13302	1.12611	1.1252	1.10703	1.11228	1.12618	1.14439	1.12737	1.15166	1.12804	1.13869	1.14196	1.14014	1.13867	1.1259	1.1215	1.12178
ERR613668	0.774504	0.779886	0.778426	0	0.80642	0.77153	1.15281	1.1691	1.16173	1.17034	1.15658	1.15408	0.936251	0.939085	0.937392	0.941697	0.93889	0.936223	1.29581	1.28961	1.28851	1.29049	1.28954	1.28967	0.992673	0.959079	0.958825	0.969144	0.967012	0.95696	0.912344	0.898641	0.897933	0.913539	0.908118	0.911113	1.15281	1.1691	1.16173	1.17034	1.15658	1.15408	0.903216	0.903331	0.889423	0.901525	0.890288	0.898231	1.1089	1.12406	1.10836	1.10859	1.1057	1.11201	1.17411	1.18636	1.18723	1.19287	1.17468	1.17347	1.06139	1.05981	1.05949	1.05918	1.05786	1.06036	0.961781	0.94542	0.956599	0.962261	0.959738	0.950327	1.13077	1.13301	1.14382	1.13083	1.13971	1.13715	1.1263	1.13689	1.12878	1.12809	1.11002	1.11598	1.12664	1.14427	1.12806	1.15034	1.12811	1.13862	1.1453	1.14352	1.14214	1.13045	1.12456	1.12522
ERR613670	0.802364	0.807649	0.805016	0.80642	0	0.801554	1.17301	1.18759	1.18015	1.18894	1.17634	1.1741	0.972378	0.975	0.973882	0.977108	0.975038	0.973235	1.30074	1.29589	1.29513	1.29671	1.29585	1.29605	1.02107	0.994353	0.993509	1.0022	0.9997	0.991734	0.946084	0.934555	0.935	0.947244	0.94362	0.945234	1.17301	1.18759	1.18015	1.18894	1.17634	1.1741	0.940796	0.940963	0.931036	0.939097	0.930792	0.937836	1.12804	1.14223	1.12697	1.12745	1.12521	1.13081	1.19283	1.2042	1.20494	1.21026	1.19362	1.19231	1.07627	1.07583	1.07545	1.07542	1.07503	1.07601	0.993587	0.980944	0.989461	0.993478	0.991768	0.985329	1.15459	1.15594	1.16593	1.15476	1.16275	1.16044	1.14835	1.1569	1.1502	1.14957	1.13296	1.13804	1.15147	1.16761	1.15259	1.17359	1.15267	1.16247	1.1663	1.16441	1.16319	1.15211	1.148	1.14808
ERR613665	0.757568	0.772594	0.76382	0.77153	0.801554	0	1.14116	1.15818	1.15013	1.15967	1.14519	1.1427	0.917867	0.92146	0.9192	0.92406	0.921009	0.918504	1.29383	1.28732	1.28647	1.28846	1.28756	1.28748	0.979484	0.945554	0.944872	0.955523	0.953508	0.942761	0.898721	0.883577	0.883	0.900028	0.894123	0.897446	1.14116	1.15818	1.15013	1.15967	1.14519	1.1427	0.887663	0.887728	0.872959	0.88576	0.873062	0.882708	1.09863	1.11453	1.09785	1.09795	1.09539	1.1019	1.16379	1.17712	1.17785	1.184	1.16462	1.16325	1.05234	1.05076	1.05048	1.0499	1.04781	1.05087	0.945723	0.929291	0.940361	0.945797	0.943505	0.934828	1.11973	1.12184	1.13327	1.12023	1.1296	1.12682	1.11541	1.12545	1.11799	1.11713	1.09843	1.10422	1.11602	1.13459	1.11749	1.14163	1.11768	1.12833	1.13416	1.13241	1.13073	1.1177	1.11293	1.11314
ERR630233	1.14394	1.15283	1.14809	1.15281	1.17301	1.14116	0	0.747101	0.734867	0.757797	0.730181	0.724598	1.09249	1.09809	1.09619	1.10013	1.09746	1.09378	1.34716	1.34205	1.34102	1.3428	1.34222	1.34211	1.14563	1.12087	1.12064	1.12823	1.12863	1.11956	1.13045	1.11566	1.11575	1.13115	1.12578	1.12932	0	0.747101	0.734867	0.757797	0.730181	0.724598	1.1256	1.12475	1.11238	1.12374	1.11182	1.1209	0.970129	0.991488	0.969648	0.967931	0.964575	0.975294	1.01262	1.03108	1.03342	1.04205	1.01284	1.01011	0.96144	0.956782	0.954774	0.954999	0.951653	0.955571	1.12742	1.11134	1.11791	1.12669	1.12613	1.11458	0.919793	0.920342	0.938558	0.918604	0.935394	0.929856	0.952955	0.965853	0.956535	0.955955	0.934117	0.939317	0.972811	0.998086	0.974087	1.00725	0.975754	0.989574	0.96795	0.965807	0.963894	0.943737	0.937308	0.937713
ERR630231	1.16062	1.1689	1.16453	1.1691	1.18759	1.15818	0.747101	0	0.752924	0.77057	0.748281	0.747324	1.11286	1.118	1.11605	1.11969	1.11757	1.1143	1.35098	1.34621	1.34527	1.34696	1.34649	1.34638	1.16211	1.13943	1.13936	1.14624	1.14677	1.13805	1.14822	1.13441	1.13454	1.14873	1.1437	1.14699	0.747101	0	0.752924	0.77057	0.748281	0.747324	1.14379	1.14303	1.13205	1.14204	1.1313	1.13979	0.991751	1.01104	0.990912	0.989331	0.986762	0.996667	1.0326	1.04954	1.05145	1.05938	1.03259	1.03012	0.984639	0.980526	0.978929	0.978543	0.975977	0.979299	1.14477	1.13032	1.13621	1.14426	1.14362	1.13305	0.943688	0.943478	0.959663	0.942498	0.95758	0.952344	0.976837	0.987647	0.980101	0.979218	0.959984	0.96426	0.997045	1.01982	0.998371	1.02829	0.999774	1.01231	0.991405	0.989602	0.987768	0.968918	0.964161	0.964105
ERR630235	1.15243	1.16155	1.15639	1.16173	1.18015	1.15013	0.734867	0.752924	0	0.763706	0.738594	0.735676	1.10227	1.10815	1.1064	1.10971	1.1075	1.1043	1.34881	1.34408	1.34311	1.34485	1.34434	1.34415	1.15348	1.13104	1.13053	1.13759	1.1382	1.12939	1.13941	1.12532	1.12568	1.13982	1.13507	1.13814	0.734867	0.752924	0	0.763706	0.738594	0.735676	1.13493	1.13423	1.12311	1.13322	1.12186	1.13115	0.982936	1.0029	0.981599	0.979684	0.977728	0.987678	1.02368	1.04131	1.0436	1.05207	1.02358	1.02095	0.974573	0.970786	0.968776	0.968677	0.965917	0.969554	1.13552	1.12119	1.12676	1.13509	1.13453	1.12425	0.934489	0.934237	0.95124	0.933565	0.948956	0.943813	0.966928	0.977828	0.969935	0.969602	0.948827	0.953054	0.98862	1.01239	0.989462	1.02171	0.991088	1.00494	0.981541	0.978743	0.977347	0.956642	0.952598	0.952482
ERR630232	1.16255	1.17053	1.1662	1.17034	1.18894	1.15967	0.757797	0.77057	0.763706	0	0.758196	0.757871	1.11525	1.12007	1.11834	1.12215	1.11961	1.1162	1.35143	1.34655	1.34565	1.34744	1.34688	1.34669	1.16428	1.1408	1.14093	1.14796	1.14858	1.13974	1.15026	1.1366	1.13644	1.15079	1.14555	1.14898	0.757797	0.77057	0.763706	0	0.758196	0.757871	1.14566	1.14501	1.13377	1.14419	1.13325	1.14145	0.993758	1.01303	0.993211	0.991375	0.98828	0.998871	1.03466	1.05088	1.0531	1.06076	1.03473	1.03202	0.987379	0.983265	0.981068	0.981544	0.978446	0.981807	1.1473	1.13245	1.13848	1.14675	1.14625	1.1353	0.945826	0.946043	0.961352	0.944743	0.959257	0.954208	0.97858	0.990309	0.982077	0.981546	0.962354	0.967099	0.998318	1.02013	0.999189	1.02826	1.00098	1.01294	0.993033	0.991617	0.989727	0.972039	0.966294	0.966433
ERR630230	1.14814	1.1565	1.15212	1.15658	1.17634	1.14519	0.730181	0.748281	0.738594	0.758196	0	0.730711	1.09755	1.10265	1.10086	1.105	1.1022	1.09872	1.3482	1.34308	1.34204	1.34388	1.34333	1.34309	1.1496	1.12498	1.12475	1.1324	1.13295	1.12341	1.13497	1.12051	1.12042	1.13561	1.13019	1.1338	0.730181	0.748281	0.738594	0.758196	0	0.730711	1.12987	1.12914	1.11694	1.12819	1.11652	1.12523	0.975075	0.995706	0.974193	0.972614	0.969208	0.980272	1.01759	1.03536	1.03775	1.04591	1.01761	1.01479	0.967055	0.962227	0.960753	0.960419	0.957142	0.961086	1.13182	1.11589	1.12258	1.13106	1.1306	1.11908	0.924792	0.925324	0.942985	0.923716	0.939655	0.934504	0.958787	0.971185	0.962377	0.961449	0.940131	0.945267	0.978049	1.00221	0.979334	1.01094	0.980835	0.994362	0.972993	0.971541	0.969435	0.949945	0.943314	0.943393
ERR630234	1.14582	1.15406	1.14981	1.15408	1.1741	1.1427	0.724598	0.747324	0.735676	0.757871	0.730711	0	1.09447	1.09979	1.09785	1.10173	1.09937	1.09568	1.34759	1.34238	1.34139	1.34323	1.34264	1.34252	1.1472	1.12226	1.12199	1.12977	1.13026	1.12065	1.13231	1.11751	1.11744	1.13287	1.12727	1.13094	0.724598	0.747324	0.735676	0.757871	0.730711	0	1.12707	1.12642	1.11409	1.12524	1.11352	1.12241	0.970471	0.992084	0.969891	0.968442	0.965153	0.975893	1.01325	1.03131	1.03388	1.04233	1.01328	1.01082	0.963163	0.958364	0.956463	0.956099	0.953084	0.957531	1.12927	1.11303	1.12014	1.1284	1.12797	1.11622	0.919694	0.920617	0.93839	0.918675	0.935094	0.929434	0.953536	0.966737	0.95754	0.956756	0.934775	0.940381	0.97328	0.998214	0.974716	1.00674	0.975771	0.989838	0.968823	0.967062	0.964862	0.945096	0.938149	0.938279
ERR637059	0.921527	0.938195	0.928975	0.936251	0.972378	0.917867	1.09249	1.11286	1.10227	1.11525	1.09755	1.09447	0	0.752814	0.750961	0.75524	0.75298	0.746583	1.2939	1.28695	1.28572	1.28789	1.28693	1.28685	0.920815	0.88019	0.880641	0.892811	0.890824	0.87779	0.875286	0.858663	0.858903	0.875837	0.869455	0.873351	1.09249	1.11286	1.10227	1.11525	1.09755	1.09447	0.864313	0.863557	0.847045	0.861941	0.845684	0.858549	1.07812	1.09568	1.07815	1.07703	1.07453	1.08188	1.11838	1.13464	1.13566	1.14326	1.11932	1.11745	1.06454	1.06063	1.06052	1.05891	1.05511	1.05946	0.87949	0.860928	0.873554	0.880069	0.876902	0.867686	1.06749	1.06886	1.08424	1.06798	1.07927	1.0761	1.07387	1.08435	1.07649	1.07493	1.05415	1.06031	1.06391	1.08641	1.06529	1.09514	1.06584	1.07934	1.08306	1.08048	1.07879	1.06185	1.0572	1.05745
ERR637060	0.924657	0.940795	0.932552	0.939085	0.975	0.92146	1.09809	1.118	1.10815	1.12007	1.10265	1.09979	0.752814	0	0.752862	0.762497	0.754752	0.753971	1.2945	1.28744	1.28627	1.28841	1.28751	1.28734	0.924029	0.883593	0.883807	0.895811	0.893593	0.880766	0.877751	0.862461	0.862455	0.878391	0.872126	0.875997	1.09809	1.118	1.10815	1.12007	1.10265	1.09979	0.868264	0.867533	0.850888	0.865668	0.850103	0.862696	1.08278	1.09973	1.08258	1.08179	1.07906	1.08616	1.1227	1.13814	1.13982	1.14706	1.12378	1.12207	1.07012	1.06567	1.06571	1.06419	1.06041	1.0648	0.882435	0.86414	0.877037	0.882939	0.880067	0.870901	1.07233	1.07373	1.08867	1.07222	1.08377	1.08025	1.07826	1.08896	1.0809	1.07913	1.05927	1.06544	1.06748	1.08983	1.06879	1.09772	1.06955	1.08293	1.0877	1.08546	1.08389	1.06738	1.06225	1.06239
ERR637062	0.923011	0.939365	0.931051	0.937392	0.973882	0.9192	1.09619	1.11605	1.1064	1.11834	1.10086	1.09785	0.750961	0.752862	0	0.760973	0.752603	0.752073	1.29427	1.28715	1.28591	1.28809	1.28721	1.28703	0.922942	0.88149	0.8817	0.894423	0.892199	0.879423	0.876416	0.861041	0.860359	0.877346	0.870382	0.874659	1.09619	1.11605	1.1064	1.11834	1.10086	1.09785	0.86644	0.86507	0.848383	0.863696	0.847963	0.85996	1.08049	1.09782	1.0806	1.07962	1.07662	1.08376	1.12076	1.13661	1.13797	1.14517	1.12185	1.12014	1.06759	1.06341	1.06341	1.06176	1.05794	1.06233	0.882129	0.863282	0.876196	0.882641	0.879821	0.870079	1.06957	1.07139	1.08614	1.07002	1.08111	1.07784	1.07643	1.08741	1.07897	1.07752	1.05731	1.06354	1.06472	1.08701	1.06614	1.0951	1.06661	1.07994	1.08599	1.08346	1.08166	1.06519	1.06021	1.06036
ERR637057	0.927484	0.94321	0.934916	0.941697	0.977108	0.92406	1.10013	1.11969	1.10971	1.12215	1.105	1.10173	0.75524	0.762497	0.760973	0	0.762546	0.756722	1.29483	1.28796	1.28672	1.28871	1.28797	1.2879	0.926221	0.887344	0.887186	0.899224	0.897214	0.884474	0.879779	0.865089	0.865396	0.880661	0.874266	0.878346	1.10013	1.11969	1.10971	1.12215	1.105	1.10173	0.871346	0.870176	0.854577	0.868851	0.853599	0.865349	1.08563	1.10268	1.08532	1.0845	1.08214	1.08904	1.12479	1.14035	1.14163	1.14903	1.12576	1.12378	1.07264	1.0686	1.06854	1.06697	1.06335	1.06763	0.884506	0.867298	0.879254	0.884805	0.882554	0.87286	1.07506	1.07657	1.09133	1.07523	1.08645	1.08312	1.0811	1.09154	1.0837	1.08215	1.06212	1.06812	1.07079	1.09294	1.0724	1.10113	1.07299	1.08603	1.09034	1.08804	1.0864	1.0701	1.06527	1.0652
ERR637061	0.924359	0.940463	0.932222	0.93889	0.975038	0.921009	1.09746	1.11757	1.1075	1.11961	1.1022	1.09937	0.75298	0.754752	0.752603	0.762546	0	0.754304	1.29444	1.28751	1.28621	1.2884	1.28754	1.28736	0.924371	0.883109	0.883649	0.895424	0.893517	0.881111	0.877461	0.862359	0.862291	0.878436	0.872084	0.876385	1.09746	1.11757	1.1075	1.11961	1.1022	1.09937	0.867752	0.866887	0.850443	0.865391	0.849592	0.86194	1.08241	1.09966	1.08245	1.08146	1.07877	1.08587	1.12248	1.13808	1.13937	1.1467	1.12337	1.1217	1.06937	1.0654	1.06515	1.0636	1.05953	1.0641	0.883047	0.864669	0.876893	0.883694	0.880329	0.870431	1.07137	1.07328	1.08802	1.07187	1.08328	1.07972	1.07787	1.08863	1.08044	1.07901	1.05892	1.06524	1.06665	1.08908	1.0682	1.09719	1.06887	1.08186	1.08732	1.08523	1.08349	1.06708	1.06177	1.06214
ERR637058	0.922574	0.93804	0.930221	0.936223	0.973235	0.918504	1.09378	1.1143	1.1043	1.1162	1.09872	1.09568	0.746583	0.753971	0.752073	0.756722	0.754304	0	1.29433	1.28702	1.28562	1.28782	1.28691	1.28674	0.922207	0.879877	0.880116	0.892723	0.891036	0.877174	0.874801	0.858755	0.858022	0.87564	0.868691	0.873564	1.09378	1.1143	1.1043	1.1162	1.09872	1.09568	0.864684	0.863686	0.845986	0.862129	0.845761	0.85823	1.07831	1.09573	1.07827	1.07735	1.07455	1.08174	1.11873	1.1344	1.1359	1.14315	1.11977	1.11795	1.06523	1.06081	1.06048	1.05929	1.05525	1.05986	0.881541	0.861661	0.875889	0.882204	0.879087	0.868487	1.0668	1.06889	1.08383	1.06702	1.07859	1.07503	1.07347	1.08466	1.07639	1.07463	1.05419	1.0607	1.062	1.08419	1.06363	1.09242	1.06394	1.07735	1.08355	1.08131	1.07958	1.06353	1.05753	1.05783
ERR608597	1.29393	1.29616	1.29488	1.29581	1.30074	1.29383	1.34716	1.35098	1.34881	1.35143	1.3482	1.34759	1.2939	1.2945	1.29427	1.29483	1.29444	1.29433	0	0.43776	0.445404	0.431633	0.439617	0.438735	1.29987	1.29633	1.29635	1.29723	1.29674	1.29597	1.28611	1.28502	1.28549	1.28636	1.28592	1.28602	1.34716	1.35098	1.34881	1.35143	1.3482	1.34759	1.28281	1.28276	1.28264	1.28276	1.28202	1.28283	1.34377	1.34666	1.34376	1.34363	1.34313	1.34426	1.35215	1.35518	1.35548	1.35707	1.35237	1.35205	1.34267	1.34199	1.34185	1.34172	1.34103	1.3418	1.29821	1.29584	1.29739	1.29831	1.29778	1.29653	1.34164	1.34182	1.34441	1.34175	1.34378	1.34319	1.34336	1.34498	1.3437	1.34339	1.33988	1.34081	1.34192	1.34594	1.34202	1.34767	1.3423	1.34478	1.34479	1.3444	1.34409	1.34099	1.34039	1.34036
ERR608601	1.28808	1.28976	1.28915	1.28961	1.29589	1.28732	1.34205	1.34621	1.34408	1.34655	1.34308	1.34238	1.28695	1.28744	1.28715	1.28796	1.28751	1.28702	0.43776	0	0.37935	0.383859	0.378718	0.377484	1.29468	1.28898	1.28904	1.29042	1.29018	1.28861	1.2792	1.27738	1.27728	1.27932	1.27844	1.27893	1.34205	1.34621	1.34408	1.34655	1.34308	1.34238	1.27523	1.27522	1.27394	1.27504	1.27386	1.27483	1.33776	1.34091	1.33774	1.33778	1.33697	1.33816	1.34692	1.35017	1.35049	1.35208	1.34714	1.34681	1.33687	1.33601	1.33593	1.33568	1.33494	1.3359	1.29255	1.28899	1.29166	1.29259	1.29213	1.29012	1.33491	1.33548	1.33823	1.33499	1.33714	1.33647	1.33713	1.33934	1.3376	1.33722	1.33351	1.33471	1.33473	1.33895	1.33494	1.34051	1.3351	1.3376	1.33906	1.33859	1.3382	1.33528	1.33391	1.33404
ERR608599	1.28733	1.28875	1.28814	1.28851	1.29513	1.28647	1.34102	1.34527	1.34311	1.34565	1.34204	1.34139	1.28572	1.28627	1.28591	1.28672	1.28621	1.28562	0.445404	0.37935	0	0.382146	0.377455	0.377826	1.29367	1.28737	1.28754	1.28912	1.28871	1.28705	1.27774	1.27592	1.27558	1.27788	1.27689	1.2776	1.34102	1.34527	1.34311	1.34565	1.34204	1.34139	1.27379	1.27388	1.27234	1.27359	1.27238	1.2733	1.33656	1.33983	1.33666	1.33673	1.33582	1.33715	1.34596	1.34917	1.34945	1.35108	1.34611	1.34581	1.33577	1.33479	1.33477	1.33458	1.33374	1.33474	1.29163	1.28766	1.2907	1.29173	1.29112	1.28875	1.33362	1.33431	1.33712	1.33364	1.33584	1.3351	1.33593	1.33826	1.33639	1.33612	1.33226	1.33358	1.33327	1.33749	1.33352	1.33897	1.33363	1.3361	1.33787	1.33745	1.33703	1.33427	1.33262	1.33278
ERR608598	1.28921	1.29084	1.29008	1.29049	1.29671	1.28846	1.3428	1.34696	1.34485	1.34744	1.34388	1.34323	1.28789	1.28841	1.28809	1.28871	1.2884	1.28782	0.431633	0.383859	0.382146	0	0.383474	0.382936	1.29515	1.28957	1.28983	1.29106	1.29065	1.28946	1.27964	1.27813	1.27811	1.27987	1.27908	1.27956	1.3428	1.34696	1.34485	1.34744	1.34388	1.34323	1.27609	1.27623	1.27513	1.27601	1.27488	1.27585	1.33859	1.34177	1.33864	1.33859	1.33796	1.33913	1.34773	1.35085	1.35117	1.35288	1.34794	1.34766	1.33787	1.33697	1.33694	1.33673	1.33597	1.33693	1.29336	1.28978	1.29259	1.29343	1.29294	1.29073	1.33587	1.33643	1.33916	1.33596	1.3381	1.33728	1.33803	1.34016	1.3385	1.33819	1.33444	1.33564	1.33569	1.33993	1.3359	1.34145	1.33614	1.33855	1.33977	1.33935	1.33889	1.33618	1.33477	1.33483
ERR608600	1.28842	1.28982	1.28919	1.28954	1.29585	1.28756	1.34222	1.34649	1.34434	1.34688	1.34333	1.34264	1.28693	1.28751	1.28721	1.28797	1.28754	1.28691	0.439617	0.378718	0.377455	0.383474	0	0.377485	1.2944	1.28835	1.28856	1.29005	1.28955	1.28806	1.27875	1.27709	1.27689	1.27897	1.27813	1.27855	1.34222	1.34649	1.34434	1.34688	1.34333	1.34264	1.2747	1.2748	1.27346	1.27457	1.27343	1.27438	1.33774	1.34089	1.33783	1.3378	1.33695	1.33826	1.3472	1.35028	1.35065	1.35222	1.34736	1.34707	1.33722	1.33619	1.33614	1.33605	1.33522	1.33623	1.29271	1.28896	1.29189	1.29283	1.29221	1.29003	1.33486	1.33556	1.33829	1.33503	1.33713	1.33639	1.33732	1.33941	1.33767	1.33729	1.33362	1.33488	1.33459	1.33875	1.33487	1.34024	1.33497	1.33745	1.33905	1.33867	1.3382	1.33557	1.33395	1.33407
ERR608602	1.28822	1.28999	1.28921	1.28967	1.29605	1.28748	1.34211	1.34638	1.34415	1.34669	1.34309	1.34252	1.28685	1.28734	1.28703	1.2879	1.28736	1.28674	0.438735	0.377484	0.377826	0.382936	0.377485	0	1.29476	1.2888	1.28898	1.29038	1.28995	1.28856	1.27899	1.2772	1.27705	1.27909	1.27823	1.27873	1.34211	1.34638	1.34415	1.34669	1.34309	1.34252	1.27523	1.27531	1.27406	1.27513	1.27386	1.27483	1.33789	1.34106	1.33783	1.33785	1.33706	1.33831	1.34702	1.35018	1.35054	1.35209	1.34718	1.34688	1.33703	1.33601	1.336	1.33585	1.33503	1.33592	1.29262	1.28914	1.29176	1.29271	1.29211	1.29008	1.33495	1.33557	1.33834	1.33504	1.33719	1.33645	1.33728	1.33946	1.3377	1.33727	1.33355	1.33481	1.3347	1.33896	1.33492	1.34041	1.33503	1.33756	1.33911	1.33868	1.33819	1.33541	1.33396	1.33404
ERR608395	0.982044	0.994002	0.987835	0.992673	1.02107	0.979484	1.14563	1.16211	1.15348	1.16428	1.1496	1.1472	0.920815	0.924029	0.922942	0.926221	0.924371	0.922207	1.29987	1.29468	1.29367	1.29515	1.2944	1.29476	0	0.858368	0.856429	0.865233	0.864725	0.855455	0.951591	0.940702	0.94103	0.952659	0.948303	0.950337	1.14563	1.16211	1.15348	1.16428	1.1496	1.1472	0.922719	0.922258	0.913003	0.920544	0.911516	0.919271	1.13195	1.14595	1.1317	1.13118	1.12926	1.13476	1.16633	1.17985	1.18066	1.18687	1.16706	1.1657	1.12475	1.12144	1.12139	1.12013	1.11718	1.12068	0.915244	0.900991	0.912081	0.91619	0.913515	0.906212	1.12172	1.12307	1.13454	1.12194	1.13106	1.12808	1.12977	1.13843	1.13199	1.13044	1.11405	1.11876	1.11857	1.1371	1.11984	1.14424	1.12034	1.13163	1.1365	1.13413	1.13305	1.11932	1.11572	1.11567
ERR608398	0.950452	0.960491	0.956923	0.959079	0.994353	0.945554	1.12087	1.13943	1.13104	1.1408	1.12498	1.12226	0.88019	0.883593	0.88149	0.887344	0.883109	0.879877	1.29633	1.28898	1.28737	1.28957	1.28835	1.2888	0.858368	0	0.809962	0.823562	0.81867	0.802782	0.915116	0.89992	0.897861	0.915989	0.908389	0.913268	1.12087	1.13943	1.13104	1.1408	1.12498	1.12226	0.881676	0.881441	0.864469	0.879649	0.866316	0.875309	1.10287	1.11834	1.10326	1.10331	1.09931	1.10602	1.14078	1.15498	1.15633	1.16259	1.14175	1.14043	1.09562	1.09107	1.09096	1.08966	1.08631	1.09074	0.882563	0.859955	0.878202	0.883667	0.88073	0.867819	1.08782	1.09125	1.10408	1.08796	1.09821	1.09495	1.0992	1.1108	1.10194	1.10039	1.08205	1.08901	1.08186	1.10247	1.08381	1.10833	1.08382	1.09537	1.10843	1.10619	1.10473	1.09206	1.0841	1.08458
ERR608397	0.949436	0.96034	0.956076	0.958825	0.993509	0.944872	1.12064	1.13936	1.13053	1.14093	1.12475	1.12199	0.880641	0.883807	0.8817	0.887186	0.883649	0.880116	1.29635	1.28904	1.28754	1.28983	1.28856	1.28898	0.856429	0.809962	0	0.822232	0.821836	0.80712	0.914473	0.899819	0.897771	0.914951	0.908138	0.9127	1.12064	1.13936	1.13053	1.14093	1.12475	1.12199	0.882525	0.881936	0.865828	0.879829	0.86726	0.876388	1.10359	1.11916	1.1039	1.10369	1.09997	1.10653	1.14129	1.15558	1.1569	1.16316	1.14212	1.14082	1.09566	1.0911	1.09106	1.08987	1.08655	1.09076	0.880964	0.859105	0.876765	0.881536	0.878915	0.866885	1.08928	1.09216	1.10485	1.08908	1.09954	1.0963	1.09998	1.11106	1.10255	1.10108	1.0827	1.08944	1.08391	1.10431	1.08557	1.11067	1.08574	1.09724	1.10871	1.10663	1.10521	1.09161	1.08471	1.08516
ERR608396	0.959525	0.970389	0.965836	0.969144	1.0022	0.955523	1.12823	1.14624	1.13759	1.14796	1.1324	1.12977	0.892811	0.895811	0.894423	0.899224	0.895424	0.892723	1.29723	1.29042	1.28912	1.29106	1.29005	1.29038	0.865233	0.823562	0.822232	0	0.833782	0.820357	0.925474	0.911739	0.910593	0.926219	0.91971	0.923861	1.12823	1.14624	1.13759	1.14796	1.1324	1.12977	0.894136	0.894388	0.879856	0.891975	0.880802	0.888978	1.11166	1.12697	1.11193	1.11197	1.10876	1.11497	1.14881	1.16285	1.16391	1.17014	1.1496	1.14838	1.10469	1.10047	1.10046	1.0992	1.09603	1.10008	0.891982	0.872074	0.888074	0.893127	0.890641	0.879178	1.09849	1.10119	1.11363	1.09854	1.10847	1.10565	1.10863	1.11924	1.11145	1.10964	1.09218	1.0981	1.09345	1.11341	1.09535	1.11998	1.09539	1.10672	1.11688	1.11475	1.11332	1.10013	1.09385	1.09425
ERR608400	0.957654	0.968277	0.963848	0.967012	0.9997	0.953508	1.12863	1.14677	1.1382	1.14858	1.13295	1.13026	0.890824	0.893593	0.892199	0.897214	0.893517	0.891036	1.29674	1.29018	1.28871	1.29065	1.28955	1.28995	0.864725	0.81867	0.821836	0.833782	0	0.815391	0.923731	0.90991	0.908948	0.924533	0.918211	0.922158	1.12863	1.14677	1.1382	1.14858	1.13295	1.13026	0.891748	0.891441	0.877096	0.889296	0.877876	0.886153	1.11233	1.12744	1.11256	1.11265	1.10936	1.11542	1.14918	1.16312	1.16452	1.17074	1.15008	1.14883	1.10513	1.10096	1.10098	1.09948	1.09649	1.10045	0.888574	0.869302	0.885279	0.890119	0.887604	0.876561	1.09874	1.10143	1.11371	1.09906	1.10915	1.10592	1.10925	1.11984	1.1116	1.11023	1.09251	1.0987	1.09416	1.11392	1.0957	1.12055	1.09585	1.1073	1.11719	1.11532	1.11356	1.10043	1.09417	1.09446
ERR608399	0.947523	0.958079	0.954195	0.95696	0.991734	0.942761	1.11956	1.13805	1.12939	1.13974	1.12341	1.12065	0.87779	0.880766	0.879423	0.884474	0.881111	0.877174	1.29597	1.28861	1.28705	1.28946	1.28806	1.28856	0.855455	0.802782	0.80712	0.820357	0.815391	0	0.912519	0.897358	0.895205	0.913387	0.905922	0.910714	1.11956	1.13805	1.12939	1.13974	1.12341	1.12065	0.879617	0.87887	0.861874	0.876235	0.863607	0.872747	1.10152	1.11726	1.10238	1.10192	1.09852	1.1046	1.13974	1.15394	1.15556	1.16161	1.14074	1.13945	1.09424	1.08953	1.08941	1.08831	1.08488	1.08911	0.879041	0.856771	0.875077	0.880155	0.877364	0.864544	1.08662	1.0901	1.103	1.08676	1.09695	1.0938	1.09792	1.10978	1.10091	1.09907	1.08073	1.08759	1.08099	1.10185	1.08297	1.10763	1.08291	1.09455	1.10707	1.10519	1.10356	1.09041	1.08264	1.08308
ERR636894	0.901236	0.914473	0.907773	0.912344	0.946084	0.898721	1.13045	1.14822	1.13941	1.15026	1.13497	1.13231	0.875286	0.877751	0.876416	0.879779	0.877461	0.874801	1.28611	1.2792	1.27774	1.27964	1.27875	1.27899	0.951591	0.915116	0.914473	0.925474	0.923731	0.912519	0	0.777635	0.77779	0.790682	0.786003	0.7879	1.13045	1.14822	1.13941	1.15026	1.13497	1.13231	0.842628	0.842031	0.829793	0.840651	0.828779	0.838099	1.11406	1.12877	1.11402	1.11365	1.11103	1.11707	1.15295	1.16651	1.16777	1.1743	1.15381	1.1525	1.10487	1.10141	1.10134	1.10032	1.0973	1.10083	0.912632	0.896989	0.907663	0.912983	0.910338	0.901345	1.10613	1.1082	1.12081	1.10633	1.11583	1.11291	1.11429	1.12346	1.11653	1.11515	1.09738	1.10321	1.10081	1.11991	1.10226	1.12682	1.10231	1.11396	1.12378	1.12154	1.11988	1.10643	1.10073	1.10112
ERR636891	0.887006	0.900662	0.894229	0.898641	0.934555	0.883577	1.11566	1.13441	1.12532	1.1366	1.12051	1.11751	0.858663	0.862461	0.861041	0.865089	0.862359	0.858755	1.28502	1.27738	1.27592	1.27813	1.27709	1.2772	0.940702	0.89992	0.899819	0.911739	0.90991	0.897358	0.777635	0	0.755157	0.779118	0.767147	0.775374	1.11566	1.13441	1.12532	1.1366	1.12051	1.11751	0.827329	0.826693	0.810009	0.824666	0.809338	0.820671	1.09799	1.11413	1.09785	1.09776	1.09483	1.10135	1.13886	1.15337	1.15459	1.16144	1.13972	1.13819	1.08813	1.08424	1.08415	1.08308	1.07997	1.08372	0.902689	0.883622	0.897369	0.903	0.900073	0.889769	1.08954	1.09155	1.10489	1.08937	1.09997	1.09667	1.09787	1.10838	1.10049	1.09919	1.0804	1.08656	1.08287	1.10356	1.0847	1.11088	1.08485	1.09689	1.10816	1.10588	1.10403	1.09007	1.08382	1.0842
ERR636890	0.88752	0.899812	0.894597	0.897933	0.935	0.883	1.11575	1.13454	1.12568	1.13644	1.12042	1.11744	0.858903	0.862455	0.860359	0.865396	0.862291	0.858022	1.28549	1.27728	1.27558	1.27811	1.27689	1.27705	0.94103	0.897861	0.897771	0.910593	0.908948	0.895205	0.77779	0.755157	0	0.778709	0.76619	0.77506	1.11575	1.13454	1.12568	1.13644	1.12042	1.11744	0.826202	0.825797	0.806966	0.823855	0.807997	0.819279	1.09691	1.11278	1.09693	1.09688	1.0933	1.09987	1.13813	1.1523	1.15375	1.16034	1.13885	1.13757	1.08736	1.08332	1.08319	1.08207	1.07896	1.08293	0.903835	0.883116	0.897659	0.903699	0.900729	0.889288	1.08696	1.08991	1.10301	1.08716	1.09737	1.09419	1.09634	1.1073	1.0991	1.09758	1.07867	1.08556	1.07987	1.09998	1.08158	1.10679	1.08155	1.09325	1.10695	1.1048	1.10317	1.0899	1.08242	1.08278
ERR636893	0.903019	0.915613	0.909087	0.913539	0.947244	0.900028	1.13115	1.14873	1.13982	1.15079	1.13561	1.13287	0.875837	0.878391	0.877346	0.880661	0.878436	0.87564	1.28636	1.27932	1.27788	1.27987	1.27897	1.27909	0.952659	0.915989	0.914951	0.926219	0.924533	0.913387	0.790682	0.779118	0.778709	0	0.787295	0.789431	1.13115	1.14873	1.13982	1.15079	1.13561	1.13287	0.8441	0.843466	0.830902	0.841803	0.829972	0.839651	1.11464	1.12946	1.11458	1.11423	1.11151	1.11749	1.15352	1.16705	1.16816	1.17445	1.15425	1.153	1.10577	1.10244	1.10221	1.10117	1.0981	1.10186	0.913482	0.897783	0.909046	0.91367	0.911096	0.902183	1.10646	1.10829	1.12125	1.10669	1.11633	1.11342	1.11449	1.12406	1.1171	1.11569	1.09759	1.10377	1.1007	1.11995	1.10198	1.12702	1.10255	1.11379	1.12381	1.12192	1.12003	1.1069	1.10138	1.10145
ERR636889	0.89782	0.910026	0.904357	0.908118	0.94362	0.894123	1.12578	1.1437	1.13507	1.14555	1.13019	1.12727	0.869455	0.872126	0.870382	0.874266	0.872084	0.868691	1.28592	1.27844	1.27689	1.27908	1.27813	1.27823	0.948303	0.908389	0.908138	0.91971	0.918211	0.905922	0.786003	0.767147	0.76619	0.787295	0	0.783889	1.12578	1.1437	1.13507	1.14555	1.13019	1.12727	0.837001	0.83596	0.820881	0.834286	0.820852	0.83079	1.10781	1.12314	1.10782	1.10789	1.10485	1.11104	1.1474	1.16133	1.16255	1.16881	1.14825	1.14691	1.09951	1.09597	1.0955	1.09475	1.09153	1.09541	0.909366	0.891949	0.904615	0.910017	0.906918	0.897006	1.09885	1.10161	1.11428	1.09921	1.1089	1.10588	1.10759	1.11777	1.11013	1.10877	1.09071	1.09715	1.09211	1.11194	1.09376	1.11847	1.09419	1.1054	1.11767	1.11543	1.11389	1.10079	1.094	1.09422
ERR636892	0.90036	0.913399	0.906816	0.911113	0.945234	0.897446	1.12932	1.14699	1.13814	1.14898	1.1338	1.13094	0.873351	0.875997	0.874659	0.878346	0.876385	0.873564	1.28602	1.27893	1.2776	1.27956	1.27855	1.27873	0.950337	0.913268	0.9127	0.923861	0.922158	0.910714	0.7879	0.775374	0.77506	0.789431	0.783889	0	1.12932	1.14699	1.13814	1.14898	1.1338	1.13094	0.841528	0.840921	0.827756	0.838781	0.826972	0.836564	1.11253	1.12733	1.11234	1.11214	1.10947	1.1154	1.15164	1.16536	1.16666	1.17313	1.15267	1.15117	1.10359	1.10005	1.09978	1.09893	1.09591	1.09936	0.911559	0.895974	0.90667	0.911763	0.909296	0.900279	1.10449	1.1064	1.11919	1.10447	1.11422	1.11102	1.11261	1.12204	1.11502	1.11362	1.09577	1.10158	1.09886	1.11828	1.10036	1.12496	1.1008	1.11207	1.12167	1.11968	1.11807	1.10494	1.09921	1.09938
ERR630233	1.14394	1.15283	1.14809	1.15281	1.17301	1.14116	0	0.747101	0.734867	0.757797	0.730181	0.724598	1.09249	1.09809	1.09619	1.10013	1.09746	1.09378	1.34716	1.34205	1.34102	1.3428	1.34222	1.34211	1.14563	1.12087	1.12064	1.12823	1.12863	1.11956	1.13045	1.11566	1.11575	1.13115	1.12578	1.12932	0	0.747101	0.734867	0.757797	0.730181	0.724598	1.1256	1.12475	1.11238	1.12374	1.11182	1.1209	0.970129	0.991488	0.969648	0.967931	0.964575	0.975294	1.01262	1.03108	1.03342	1.04205	1.01284	1.01011	0.96144	0.956782	0.954774	0.954999	0.951653	0.955571	1.12742	1.11134	1.11791	1.12669	1.12613	1.11458	0.919793	0.920342	0.938558	0.918604	0.935394	0.929856	0.952955	0.965853	0.956535	0.955955	0.934117	0.939317	0.972811	0.998086	0.974087	1.00725	0.975754	0.989574	0.96795	0.965807	0.963894	0.943737	0.937308	0.937713
ERR630231	1.16062	1.1689	1.16453	1.1691	1.18759	1.15818	0.747101	0	0.752924	0.77057	0.748281	0.747324	1.11286	1.118	1.11605	1.11969	1.11757	1.1143	1.35098	1.34621	1.34527	1.34696	1.34649	1.34638	1.16211	1.13943	1.13936	1.14624	1.14677	1.13805	1.14822	1.13441	1.13454	1.14873	1.1437	1.14699	0.747101	0	0.752924	0.77057	0.748281	0.747324	1.14379	1.14303	1.13205	1.14204	1.1313	1.13979	0.991751	1.01104	0.990912	0.989331	0.986762	0.996667	1.0326	1.04954	1.05145	1.05938	1.03259	1.03012	0.984639	0.980526	0.978929	0.978543	0.975977	0.979299	1.14477	1.13032	1.13621	1.14426	1.14362	1.13305	0.943688	0.943478	0.959663	0.942498	0.95758	0.952344	0.976837	0.987647	0.980101	0.979218	0.959984	0.96426	0.997045	1.01982	0.998371	1.02829	0.999774	1.01231	0.991405	0.989602	0.987768	0.968918	0.964161	0.964105
ERR630235	1.15243	1.16155	1.15639	1.16173	1.18015	1.15013	0.734867	0.752924	0	0.763706	0.738594	0.735676	1.10227	1.10815	1.1064	1.10971	1.1075	1.1043	1.34881	1.34408	1.34311	1.34485	1.34434	1.34415	1.15348	1.13104	1.13053	1.13759	1.1382	1.12939	1.13941	1.12532	1.12568	1.13982	1.13507	1.13814	0.734867	0.752924	0	0.763706	0.738594	0.735676	1.13493	1.13423	1.12311	1.13322	1.12186	1.13115	0.982936	1.0029	0.981599	0.979684	0.977728	0.987678	1.02368	1.04131	1.0436	1.05207	1.02358	1.02095	0.974573	0.970786	0.968776	0.968677	0.965917	0.969554	1.13552	1.12119	1.12676	1.13509	1.13453	1.12425	0.934489	0.934237	0.95124	0.933565	0.948956	0.943813	0.966928	0.977828	0.969935	0.969602	0.948827	0.953054	0.98862	1.01239	0.989462	1.02171	0.991088	1.00494	0.981541	0.978743	0.977347	0.956642	0.952598	0.952482
ERR630232	1.16255	1.17053	1.1662	1.17034	1.18894	1.15967	0.757797	0.77057	0.763706	0	0.758196	0.757871	1.11525	1.12007	1.11834	1.12215	1.11961	1.1162	1.35143	1.34655	1.34565	1.34744	1.34688	1.34669	1.16428	1.1408	1.14093	1.14796	1.14858	1.13974	1.15026	1.1366	1.13644	1.15079	1.14555	1.14898	0.757797	0.77057	0.763706	0	0.758196	0.757871	1.14566	1.14501	1.13377	1.14419	1.13325	1.14145	0.993758	1.01303	0.993211	0.991375	0.98828	0.998871	1.03466	1.05088	1.0531	1.06076	1.03473	1.03202	0.987379	0.983265	0.981068	0.981544	0.978446	0.981807	1.1473	1.13245	1.13848	1.14675	1.14625	1.1353	0.945826	0.946043	0.961352	0.944743	0.959257	0.954208	0.97858	0.990309	0.982077	0.981546	0.962354	0.967099	0.998318	1.02013	0.999189	1.02826	1.00098	1.01294	0.993033	0.991617	0.989727	0.972039	0.966294	0.966433
ERR630230	1.14814	1.1565	1.15212	1.15658	1.17634	1.14519	0.730181	0.748281	0.738594	0.758196	0	0.730711	1.09755	1.10265	1.10086	1.105	1.1022	1.09872	1.3482	1.34308	1.34204	1.34388	1.34333	1.34309	1.1496	1.12498	1.12475	1.1324	1.13295	1.12341	1.13497	1.12051	1.12042	1.13561	1.13019	1.1338	0.730181	0.748281	0.738594	0.758196	0	0.730711	1.12987	1.12914	1.11694	1.12819	1.11652	1.12523	0.975075	0.995706	0.974193	0.972614	0.969208	0.980272	1.01759	1.03536	1.03775	1.04591	1.01761	1.01479	0.967055	0.962227	0.960753	0.960419	0.957142	0.961086	1.13182	1.11589	1.12258	1.13106	1.1306	1.11908	0.924792	0.925324	0.942985	0.923716	0.939655	0.934504	0.958787	0.971185	0.962377	0.961449	0.940131	0.945267	0.978049	1.00221	0.979334	1.01094	0.980835	0.994362	0.972993	0.971541	0.969435	0.949945	0.943314	0.943393
ERR630234	1.14582	1.15406	1.14981	1.15408	1.1741	1.1427	0.724598	0.747324	0.735676	0.757871	0.730711	0	1.09447	1.09979	1.09785	1.10173	1.09937	1.09568	1.34759	1.34238	1.34139	1.34323	1.34264	1.34252	1.1472	1.12226	1.12199	1.12977	1.13026	1.12065	1.13231	1.11751	1.11744	1.13287	1.12727	1.13094	0.724598	0.747324	0.735676	0.757871	0.730711	0	1.12707	1.12642	1.11409	1.12524	1.11352	1.12241	0.970471	0.992084	0.969891	0.968442	0.965153	0.975893	1.01325	1.03131	1.03388	1.04233	1.01328	1.01082	0.963163	0.958364	0.956463	0.956099	0.953084	0.957531	1.12927	1.11303	1.12014	1.1284	1.12797	1.11622	0.919694	0.920617	0.93839	0.918675	0.935094	0.929434	0.953536	0.966737	0.95754	0.956756	0.934775	0.940381	0.97328	0.998214	0.974716	1.00674	0.975771	0.989838	0.968823	0.967062	0.964862	0.945096	0.938149	0.938279
ERR636863	0.89173	0.905149	0.899093	0.903216	0.940796	0.887663	1.1256	1.14379	1.13493	1.14566	1.12987	1.12707	0.864313	0.868264	0.86644	0.871346	0.867752	0.864684	1.28281	1.27523	1.27379	1.27609	1.2747	1.27523	0.922719	0.881676	0.882525	0.894136	0.891748	0.879617	0.842628	0.827329	0.826202	0.8441	0.837001	0.841528	1.1256	1.14379	1.13493	1.14566	1.12987	1.12707	0	0.763466	0.747488	0.761296	0.747687	0.758639	1.10977	1.12531	1.11006	1.10998	1.10666	1.11312	1.14785	1.162	1.16336	1.16986	1.14871	1.14736	1.10112	1.09686	1.09662	1.09554	1.09213	1.09624	0.891527	0.871845	0.886979	0.891302	0.889589	0.87836	1.0976	1.09991	1.11283	1.09772	1.10784	1.10474	1.10817	1.1187	1.11078	1.10924	1.09087	1.09724	1.08889	1.10894	1.09044	1.11577	1.09051	1.10233	1.11529	1.11331	1.11127	1.09797	1.09119	1.09148
ERR636864	0.891726	0.905283	0.899103	0.903331	0.940963	0.887728	1.12475	1.14303	1.13423	1.14501	1.12914	1.12642	0.863557	0.867533	0.86507	0.870176	0.866887	0.863686	1.28276	1.27522	1.27388	1.27623	1.2748	1.27531	0.922258	0.881441	0.881936	0.894388	0.891441	0.87887	0.842031	0.826693	0.825797	0.843466	0.83596	0.840921	1.12475	1.14303	1.13423	1.14501	1.12914	1.12642	0.763466	0	0.746041	0.760133	0.746344	0.757771	1.10918	1.12495	1.10949	1.10902	1.10617	1.1122	1.1473	1.16149	1.16283	1.16916	1.14817	1.14686	1.10043	1.09619	1.09603	1.09497	1.09157	1.09585	0.890655	0.870938	0.885756	0.890442	0.888185	0.876899	1.09705	1.09967	1.11238	1.09712	1.10757	1.10409	1.10773	1.11818	1.11016	1.10883	1.09021	1.09676	1.08848	1.10885	1.09	1.11563	1.09034	1.10211	1.11473	1.11232	1.11099	1.0971	1.09059	1.0909
ERR636860	0.878455	0.891245	0.886492	0.889423	0.931036	0.872959	1.11238	1.13205	1.12311	1.13377	1.11694	1.11409	0.847045	0.850888	0.848383	0.854577	0.850443	0.845986	1.28264	1.27394	1.27234	1.27513	1.27346	1.27406	0.913003	0.864469	0.865828	0.879856	0.877096	0.861874	0.829793	0.810009	0.806966	0.830902	0.820881	0.827756	1.11238	1.13205	1.12311	1.13377	1.11694	1.11409	0.747488	0.746041	0	0.743174	0.721025	0.734116	1.09535	1.1119	1.09599	1.09583	1.09176	1.09853	1.13501	1.14971	1.15116	1.15762	1.13594	1.13458	1.08618	1.0811	1.08096	1.07999	1.07632	1.08093	0.879575	0.855628	0.87395	0.879567	0.877219	0.863231	1.08047	1.08429	1.09769	1.08067	1.09161	1.08814	1.09295	1.10523	1.09588	1.09416	1.07473	1.08227	1.07057	1.09197	1.07238	1.09815	1.07237	1.08436	1.10147	1.09933	1.09733	1.08383	1.0755	1.07569
ERR636862	0.889595	0.902896	0.897233	0.901525	0.939097	0.88576	1.12374	1.14204	1.13322	1.14419	1.12819	1.12524	0.861941	0.865668	0.863696	0.868851	0.865391	0.862129	1.28276	1.27504	1.27359	1.27601	1.27457	1.27513	0.920544	0.879649	0.879829	0.891975	0.889296	0.876235	0.840651	0.824666	0.823855	0.841803	0.834286	0.838781	1.12374	1.14204	1.13322	1.14419	1.12819	1.12524	0.761296	0.760133	0.743174	0	0.743553	0.755236	1.10829	1.12376	1.10852	1.10826	1.105	1.11122	1.1462	1.16052	1.16178	1.16852	1.14705	1.14584	1.09923	1.09491	1.09502	1.09358	1.09028	1.09448	0.888732	0.868485	0.883833	0.888754	0.88614	0.8749	1.09566	1.09829	1.11127	1.09567	1.10616	1.10279	1.10643	1.11699	1.10912	1.10755	1.08882	1.09545	1.08707	1.10735	1.08877	1.11414	1.08889	1.10078	1.11359	1.11134	1.1097	1.09596	1.08923	1.08954
ERR636861	0.877364	0.89242	0.886345	0.890288	0.930792	0.873062	1.11182	1.1313	1.12186	1.13325	1.11652	1.11352	0.845684	0.850103	0.847963	0.853599	0.849592	0.845761	1.28202	1.27386	1.27238	1.27488	1.27343	1.27386	0.911516	0.866316	0.86726	0.880802	0.877876	0.863607	0.828779	0.809338	0.807997	0.829972	0.820852	0.826972	1.11182	1.1313	1.12186	1.13325	1.11652	1.11352	0.747687	0.746344	0.721025	0.743553	0	0.735464	1.09598	1.11226	1.0962	1.09595	1.09243	1.09912	1.13526	1.15013	1.15144	1.15834	1.13607	1.13459	1.08626	1.08157	1.08146	1.08032	1.07679	1.08098	0.877305	0.855513	0.872316	0.877355	0.87508	0.862555	1.08213	1.08536	1.09886	1.08234	1.09343	1.08985	1.09387	1.10506	1.09662	1.09518	1.07541	1.08259	1.07322	1.09499	1.07504	1.10226	1.0752	1.08775	1.1017	1.09938	1.09751	1.08318	1.07607	1.07615
ERR636859	0.887419	0.900201	0.895348	0.898231	0.937836	0.882708	1.1209	1.13979	1.13115	1.14145	1.12523	1.12241	0.858549	0.862696	0.85996	0.865349	0.86194	0.85823	1.28283	1.27483	1.2733	1.27585	1.27438	1.27483	0.919271	0.875309	0.876388	0.888978	0.886153	0.872747	0.838099	0.820671	0.819279	0.839651	0.83079	0.836564	1.1209	1.13979	1.13115	1.14145	1.12523	1.12241	0.758639	0.757771	0.734116	0.755236	0.735464	0	1.10443	1.12022	1.10481	1.10465	1.10108	1.10752	1.14307	1.15745	1.1587	1.16513	1.14371	1.1426	1.0958	1.09098	1.09091	1.08981	1.08651	1.09071	0.888195	0.86645	0.883536	0.888176	0.885958	0.873432	1.09066	1.09367	1.10679	1.09084	1.10125	1.09796	1.10238	1.11373	1.10527	1.10353	1.08479	1.0915	1.08114	1.1019	1.08313	1.10817	1.083	1.09475	1.11	1.10785	1.1059	1.09262	1.08509	1.08522
ERR612182	1.10298	1.10842	1.10635	1.1089	1.12804	1.09863	0.970129	0.991751	0.982936	0.993758	0.975075	0.970471	1.07812	1.08278	1.08049	1.08563	1.08241	1.07831	1.34377	1.33776	1.33656	1.33859	1.33774	1.33789	1.13195	1.10287	1.10359	1.11166	1.11233	1.10152	1.11406	1.09799	1.09691	1.11464	1.10781	1.11253	0.970129	0.991751	0.982936	0.993758	0.975075	0.970471	1.10977	1.10918	1.09535	1.10829	1.09598	1.10443	0	0.836711	0.81291	0.813388	0.80801	0.8149	1.00655	1.02246	1.02381	1.03148	1.00762	1.00573	0.902225	0.89647	0.895805	0.895013	0.891696	0.896196	1.11861	1.10048	1.10966	1.11851	1.11781	1.10404	0.921239	0.924139	0.938689	0.920655	0.933965	0.929716	0.908715	0.924988	0.911952	0.909939	0.891986	0.898585	0.926284	0.948023	0.928201	0.955936	0.928946	0.94098	0.954526	0.953598	0.950858	0.934074	0.924488	0.92481
