	ERR613905	ERR613903	ERR613907	ERR613906	ERR613904	ERR613902	ERR622160	ERR622155	ERR622159	ERR622158	ERR622157	ERR622156	ERR618718	ERR618722	ERR618721	ERR618720	ERR618719	ERR618717	ERR637059	ERR637060	ERR637062	ERR637057	ERR637061	ERR637058	ERR608679	ERR608678	ERR608677	ERR608682	ERR608681	ERR608680	ERR617294	ERR617291	ERR617293	ERR617292	ERR617289	ERR617290	ERR608871	ERR608872	ERR608875	ERR608873	ERR608876	ERR608874	ERR613447	ERR613446	ERR613443	ERR613448	ERR613445	ERR613444	ERR605963	ERR605958	ERR605962	ERR605960	ERR605961	ERR605959	ERR605982	ERR605987	ERR605985	ERR605986	ERR605983	ERR605984	ERR612724	ERR612723	ERR612727	ERR612726	ERR612725	ERR612728	ERR630097	ERR630096	ERR630098	ERR630099	ERR630100	ERR630101	ERR606039	ERR606037	ERR606036	ERR606038	ERR606040	ERR606041	ERR605542	ERR605543	ERR605539	ERR605540	ERR605541	ERR605544	ERR617863	ERR617861	ERR617864	ERR617866	ERR617862	ERR617865	ERR605542	ERR605543	ERR605539	ERR605540	ERR605541	ERR605544
ERR613905	0	0.237459	0.248368	0.233946	0.249835	0.247541	0.343885	0.377529	0.33756	0.33421	0.295309	0.308997	0.346337	0.348267	0.348224	0.347756	0.347414	0.346667	0.291174	0.283641	0.283074	0.282974	0.283045	0.285278	0.267765	0.278045	0.327615	0.275643	0.26926	0.268248	0.370724	0.399482	0.371496	0.37019	0.399535	0.399874	0.439817	0.368842	0.409531	0.356867	0.414332	0.405962	0.323705	0.32713	0.30827	0.376157	0.314329	0.323539	0.484405	0.481869	0.482067	0.454597	0.476919	0.45395	0.659964	0.661893	0.657006	0.659651	0.643277	0.644136	0.466354	0.435938	0.442193	0.442377	0.437708	0.444039	0.519161	0.503069	0.510185	0.535192	0.511042	0.504871	0.52655	0.509988	0.526599	0.509669	0.531212	0.533062	0.472147	0.472389	0.467463	0.473232	0.477464	0.473153	0.603798	0.562438	0.546595	0.545885	0.648782	0.544386	0.472147	0.472389	0.467463	0.473232	0.477464	0.473153
ERR613903	0.237459	0	0.242456	0.23718	0.251689	0.241217	0.350787	0.381424	0.344373	0.34081	0.295802	0.311047	0.34163	0.343692	0.343669	0.34328	0.342758	0.341188	0.281635	0.276383	0.275526	0.276589	0.275651	0.277083	0.269158	0.282676	0.334344	0.280177	0.272868	0.272061	0.377414	0.406861	0.378221	0.376798	0.405753	0.407583	0.441852	0.369101	0.413249	0.356678	0.418327	0.409649	0.327122	0.331511	0.304506	0.381388	0.312696	0.324366	0.487503	0.483842	0.485123	0.454402	0.479872	0.453773	0.660186	0.662628	0.657519	0.660279	0.641881	0.642738	0.467573	0.432319	0.441496	0.441878	0.435177	0.443663	0.518742	0.501509	0.509139	0.534285	0.508649	0.501811	0.528238	0.508968	0.527337	0.508753	0.532851	0.534871	0.471869	0.471773	0.466192	0.472225	0.477235	0.472801	0.606165	0.563366	0.545978	0.545034	0.64991	0.543477	0.471869	0.471773	0.466192	0.472225	0.477235	0.472801
ERR613907	0.248368	0.242456	0	0.247304	0.275472	0.236186	0.380574	0.412431	0.374157	0.370258	0.317555	0.337063	0.335666	0.332298	0.333593	0.333914	0.335499	0.330682	0.284926	0.285123	0.281665	0.287747	0.283541	0.280274	0.286498	0.307488	0.366081	0.303925	0.29329	0.291534	0.387452	0.420889	0.38862	0.38691	0.421352	0.421967	0.457952	0.378188	0.426216	0.362328	0.431738	0.42229	0.344858	0.350133	0.311472	0.405785	0.326067	0.342679	0.491653	0.492531	0.489117	0.450696	0.483228	0.450579	0.655251	0.653704	0.647403	0.65127	0.626726	0.627067	0.480026	0.433062	0.449665	0.449498	0.44041	0.452518	0.522833	0.502243	0.51093	0.541242	0.512693	0.504897	0.52589	0.5	0.529592	0.499337	0.531157	0.533303	0.480455	0.480141	0.473097	0.480569	0.487174	0.481448	0.605365	0.555459	0.53569	0.534691	0.653409	0.533043	0.480455	0.480141	0.473097	0.480569	0.487174	0.481448
ERR613906	0.233946	0.23718	0.247304	0	0.250346	0.246784	0.344612	0.378065	0.338133	0.334808	0.295095	0.309144	0.345908	0.347496	0.34756	0.347055	0.346621	0.345945	0.29015	0.282873	0.282018	0.282361	0.281945	0.284442	0.267613	0.278466	0.328458	0.276024	0.269345	0.26841	0.37107	0.399947	0.371749	0.370384	0.400055	0.400375	0.440332	0.368651	0.409675	0.356483	0.414609	0.406203	0.324333	0.328036	0.30852	0.377335	0.314806	0.324282	0.484691	0.482307	0.482424	0.45452	0.477043	0.45378	0.659956	0.661703	0.656817	0.65952	0.642702	0.643657	0.466581	0.435746	0.442336	0.442569	0.437697	0.444169	0.519406	0.503095	0.510248	0.535385	0.511137	0.504695	0.526397	0.509532	0.526575	0.509263	0.531116	0.532901	0.472261	0.472432	0.467545	0.473234	0.477615	0.473295	0.603899	0.562405	0.546481	0.545662	0.649022	0.544203	0.472261	0.472432	0.467545	0.473234	0.477615	0.473295
ERR613904	0.249835	0.251689	0.275472	0.250346	0	0.274283	0.313874	0.337171	0.308021	0.305323	0.282217	0.285423	0.36057	0.371182	0.368703	0.367941	0.363944	0.366618	0.293822	0.28281	0.285579	0.27937	0.283011	0.292417	0.266029	0.263346	0.291349	0.262316	0.264523	0.265484	0.375269	0.395216	0.375291	0.37383	0.388675	0.395697	0.41978	0.366319	0.401352	0.361306	0.40569	0.398196	0.312574	0.314731	0.309094	0.348156	0.304639	0.306847	0.487777	0.475531	0.485494	0.469188	0.482633	0.467475	0.672053	0.681542	0.679312	0.679614	0.670692	0.672481	0.456812	0.443403	0.43888	0.439514	0.437053	0.440135	0.515494	0.505036	0.51049	0.524404	0.50423	0.49924	0.537523	0.528459	0.527766	0.529057	0.540154	0.541895	0.46635	0.46649	0.463251	0.466196	0.468614	0.467358	0.613036	0.583177	0.568054	0.567038	0.645439	0.565522	0.46635	0.46649	0.463251	0.466196	0.468614	0.467358
ERR613902	0.247541	0.241217	0.236186	0.246784	0.274283	0	0.379899	0.412067	0.373571	0.369687	0.316886	0.336594	0.336787	0.333548	0.334875	0.335182	0.336932	0.331879	0.285563	0.285351	0.282046	0.287757	0.284009	0.280183	0.285541	0.306289	0.365114	0.303074	0.2921	0.290248	0.387243	0.420625	0.388368	0.386916	0.421458	0.421638	0.458329	0.378462	0.426235	0.362493	0.431726	0.422338	0.344721	0.349992	0.31187	0.40561	0.326415	0.342596	0.491442	0.491981	0.489036	0.450463	0.482852	0.450378	0.65539	0.654037	0.647783	0.651705	0.627285	0.627589	0.479298	0.43288	0.449387	0.449412	0.440319	0.452148	0.522889	0.502434	0.511024	0.54137	0.512863	0.50521	0.525985	0.500135	0.529522	0.49951	0.531214	0.533404	0.479949	0.479726	0.472829	0.480345	0.486709	0.481011	0.605115	0.555152	0.535788	0.534898	0.653311	0.533124	0.479949	0.479726	0.472829	0.480345	0.486709	0.481011
ERR622160	0.343885	0.350787	0.380574	0.344612	0.313874	0.379899	0	0.268536	0.247566	0.247799	0.280803	0.266514	0.409295	0.425767	0.421613	0.420027	0.413103	0.421587	0.367361	0.352203	0.3577	0.346044	0.353473	0.366456	0.332908	0.31234	0.293897	0.314673	0.324215	0.326782	0.382617	0.382525	0.381472	0.38082	0.371625	0.381553	0.390023	0.376391	0.384876	0.382818	0.385863	0.383556	0.342568	0.34028	0.370976	0.337733	0.354505	0.341417	0.501702	0.481527	0.5003	0.508691	0.499879	0.505834	0.685177	0.702651	0.703087	0.70115	0.704886	0.707245	0.458273	0.48476	0.460595	0.462363	0.468525	0.45922	0.522216	0.522966	0.523753	0.522094	0.515087	0.513793	0.55548	0.564853	0.537173	0.566571	0.556733	0.557402	0.482344	0.483569	0.48584	0.483403	0.480065	0.482727	0.622981	0.611595	0.60289	0.602117	0.64327	0.601167	0.482344	0.483569	0.48584	0.483403	0.480065	0.482727
ERR622155	0.377529	0.381424	0.412431	0.378065	0.337171	0.412067	0.268536	0	0.269072	0.269481	0.305603	0.284065	0.443458	0.461976	0.457689	0.456276	0.447656	0.456864	0.388985	0.374475	0.381305	0.366899	0.37633	0.391293	0.36149	0.338341	0.300997	0.340683	0.354234	0.357331	0.421466	0.417741	0.420109	0.419254	0.399483	0.416742	0.394262	0.403788	0.412731	0.414287	0.413506	0.411193	0.372415	0.369954	0.395965	0.348535	0.376429	0.362109	0.535349	0.504532	0.533662	0.543539	0.534374	0.540389	0.716637	0.740228	0.741462	0.738711	0.743228	0.745692	0.476832	0.507235	0.481071	0.48309	0.487959	0.479495	0.545162	0.549272	0.549252	0.535335	0.530964	0.530504	0.593167	0.602547	0.566419	0.604764	0.593178	0.594396	0.502697	0.503264	0.505956	0.502372	0.497661	0.502716	0.655706	0.648555	0.637553	0.636591	0.659547	0.63579	0.502697	0.503264	0.505956	0.502372	0.497661	0.502716
ERR622159	0.33756	0.344373	0.374157	0.338133	0.308021	0.373571	0.247566	0.269072	0	0.246178	0.274243	0.260964	0.405441	0.421288	0.417355	0.415798	0.409122	0.417202	0.361115	0.346113	0.351382	0.339768	0.347268	0.360054	0.326652	0.30692	0.292053	0.309247	0.318484	0.320782	0.381137	0.383176	0.380211	0.379335	0.37285	0.382476	0.392025	0.373969	0.385786	0.379489	0.387059	0.383847	0.33949	0.337082	0.36552	0.338408	0.349946	0.338034	0.502078	0.48255	0.500574	0.506399	0.499916	0.503533	0.686787	0.703263	0.70344	0.701891	0.70446	0.706691	0.458414	0.481033	0.4586	0.460022	0.465588	0.45743	0.5232	0.522706	0.524101	0.524164	0.515659	0.513819	0.55594	0.56329	0.538546	0.565088	0.557126	0.558106	0.480802	0.481983	0.483725	0.481985	0.479005	0.481314	0.624366	0.611234	0.60213	0.601278	0.645989	0.600324	0.480802	0.481983	0.483725	0.481985	0.479005	0.481314
ERR622158	0.33421	0.34081	0.370258	0.334808	0.305323	0.369687	0.247799	0.269481	0.246178	0	0.271103	0.258176	0.403709	0.41924	0.415272	0.413674	0.407549	0.415061	0.357295	0.342384	0.347706	0.336056	0.34331	0.356175	0.323614	0.304702	0.291454	0.306776	0.315645	0.317992	0.381074	0.384134	0.380191	0.379501	0.373895	0.383491	0.393425	0.373148	0.386484	0.378194	0.388045	0.384653	0.338072	0.336359	0.362519	0.339306	0.347387	0.33626	0.50208	0.482802	0.500282	0.504909	0.499508	0.502042	0.68725	0.703506	0.703592	0.701968	0.704148	0.706294	0.457739	0.478155	0.456627	0.458188	0.462966	0.455651	0.5232	0.522194	0.523614	0.524511	0.515272	0.513135	0.555629	0.562271	0.538539	0.563815	0.557117	0.558113	0.47975	0.480779	0.482218	0.480797	0.478162	0.480374	0.624868	0.610863	0.601325	0.600599	0.647009	0.599421	0.47975	0.480779	0.482218	0.480797	0.478162	0.480374
ERR622157	0.295309	0.295802	0.317555	0.295095	0.282217	0.316886	0.280803	0.305603	0.274243	0.271103	0	0.243784	0.371645	0.38169	0.379386	0.378703	0.374732	0.377047	0.30855	0.297343	0.300806	0.293005	0.29793	0.306634	0.29086	0.288372	0.313469	0.288396	0.289313	0.29022	0.384979	0.40439	0.384952	0.383364	0.397654	0.404191	0.41874	0.365354	0.401453	0.360291	0.40548	0.398075	0.331199	0.333054	0.326062	0.364315	0.323198	0.324776	0.50388	0.490052	0.501561	0.484218	0.498126	0.482703	0.685638	0.696076	0.693245	0.694133	0.685374	0.686841	0.462256	0.44793	0.444374	0.445218	0.442134	0.445538	0.526082	0.515063	0.520289	0.534365	0.514465	0.509418	0.551647	0.542767	0.541388	0.543379	0.554986	0.556718	0.473625	0.473892	0.470845	0.474	0.475821	0.474649	0.628124	0.599624	0.585009	0.584119	0.660186	0.582798	0.473625	0.473892	0.470845	0.474	0.475821	0.474649
ERR622156	0.308997	0.311047	0.337063	0.309144	0.285423	0.336594	0.266514	0.284065	0.260964	0.258176	0.243784	0	0.386615	0.399623	0.396592	0.39566	0.39023	0.394467	0.322531	0.309543	0.314219	0.303782	0.310483	0.32192	0.299749	0.289518	0.298988	0.290477	0.295821	0.297669	0.389096	0.402855	0.388647	0.38718	0.393059	0.402708	0.409314	0.369063	0.399648	0.368411	0.402821	0.396494	0.333003	0.33388	0.336856	0.353239	0.328286	0.325058	0.509036	0.490658	0.506875	0.49621	0.504534	0.49419	0.694396	0.708311	0.706676	0.706431	0.701563	0.70342	0.461986	0.4589	0.448666	0.450032	0.448664	0.449425	0.528809	0.521523	0.525586	0.533073	0.516347	0.512193	0.56064	0.556361	0.545805	0.557324	0.562839	0.564603	0.476371	0.476561	0.474691	0.47631	0.476563	0.477152	0.634738	0.611973	0.598248	0.597313	0.660343	0.596093	0.476371	0.476561	0.474691	0.47631	0.476563	0.477152
ERR618718	0.346337	0.34163	0.335666	0.345908	0.36057	0.336787	0.409295	0.443458	0.405441	0.403709	0.371645	0.386615	0	0.26121	0.259158	0.259019	0.257501	0.258363	0.344079	0.349415	0.345577	0.351898	0.348068	0.342888	0.364655	0.377212	0.415726	0.374626	0.368249	0.366763	0.373644	0.398392	0.3745	0.372539	0.398564	0.399467	0.431864	0.361838	0.398466	0.352473	0.403121	0.395361	0.368979	0.371961	0.35395	0.414881	0.362672	0.373889	0.481289	0.483564	0.479731	0.458554	0.47564	0.457486	0.601274	0.604329	0.599501	0.601976	0.581689	0.58262	0.488657	0.465471	0.471751	0.471823	0.467564	0.473241	0.489448	0.473756	0.479734	0.507129	0.482704	0.47668	0.493058	0.477384	0.493946	0.47838	0.496728	0.498556	0.491976	0.492556	0.488467	0.492853	0.497169	0.492544	0.567646	0.524505	0.506485	0.505291	0.612517	0.50375	0.491976	0.492556	0.488467	0.492853	0.497169	0.492544
ERR618722	0.348267	0.343692	0.332298	0.347496	0.371182	0.333548	0.425767	0.461976	0.421288	0.41924	0.38169	0.399623	0.26121	0	0.25443	0.254823	0.259215	0.256977	0.349299	0.356045	0.351117	0.359476	0.354474	0.346877	0.3713	0.387418	0.432838	0.384647	0.375793	0.373722	0.379851	0.40933	0.3811	0.379026	0.41228	0.410435	0.448894	0.371918	0.411571	0.358648	0.4166	0.408134	0.380433	0.384309	0.360313	0.433002	0.373365	0.3876	0.48906	0.495552	0.487162	0.459213	0.481931	0.458625	0.605814	0.604224	0.597682	0.601672	0.576148	0.576547	0.499916	0.467206	0.479025	0.478961	0.473273	0.480977	0.500946	0.48197	0.489178	0.521626	0.494933	0.488267	0.497431	0.476565	0.503873	0.47711	0.50239	0.504527	0.500645	0.500982	0.496004	0.502212	0.50751	0.501154	0.573966	0.524717	0.505645	0.504448	0.623736	0.503085	0.500645	0.500982	0.496004	0.502212	0.50751	0.501154
ERR618721	0.348224	0.343669	0.333593	0.34756	0.368703	0.334875	0.421613	0.457689	0.417355	0.415272	0.379386	0.396592	0.259158	0.25443	0	0.254227	0.258399	0.256638	0.348261	0.354712	0.35007	0.357841	0.353175	0.346128	0.369802	0.385217	0.428832	0.382405	0.373987	0.372216	0.378201	0.406466	0.379229	0.377309	0.408608	0.407511	0.444335	0.369241	0.407793	0.35693	0.412496	0.404407	0.377318	0.381018	0.358423	0.428059	0.370427	0.383809	0.486156	0.491529	0.484317	0.458339	0.479491	0.457714	0.603661	0.60357	0.597593	0.601071	0.576982	0.577591	0.496748	0.466924	0.477142	0.476945	0.471679	0.479016	0.497467	0.479482	0.486239	0.517333	0.491447	0.484842	0.495574	0.475962	0.500466	0.476778	0.499982	0.502047	0.498091	0.498567	0.493802	0.499496	0.504485	0.498587	0.571326	0.523676	0.505018	0.503816	0.61986	0.50243	0.498091	0.498567	0.493802	0.499496	0.504485	0.498587
ERR618720	0.347756	0.34328	0.333914	0.347055	0.367941	0.335182	0.420027	0.456276	0.415798	0.413674	0.378703	0.39566	0.259019	0.254823	0.254227	0	0.258191	0.257094	0.348223	0.354499	0.350004	0.357602	0.35305	0.346096	0.369238	0.384188	0.427242	0.381331	0.373288	0.371337	0.376567	0.404433	0.377425	0.375457	0.406552	0.405095	0.442844	0.368427	0.406066	0.356388	0.410879	0.402989	0.376228	0.379588	0.358386	0.426294	0.370049	0.383039	0.484734	0.490006	0.482832	0.457966	0.47808	0.457212	0.601926	0.602122	0.596243	0.599613	0.576234	0.576907	0.495517	0.46689	0.476301	0.476269	0.471532	0.478032	0.495778	0.47807	0.484674	0.515525	0.489849	0.483473	0.493864	0.475458	0.498595	0.476142	0.498346	0.500438	0.497188	0.497738	0.493224	0.498627	0.503329	0.497772	0.569749	0.522781	0.504372	0.50307	0.618254	0.501753	0.497188	0.497738	0.493224	0.498627	0.503329	0.497772
ERR618719	0.347414	0.342758	0.335499	0.346621	0.363944	0.336932	0.413103	0.447656	0.409122	0.407549	0.374732	0.39023	0.257501	0.259215	0.258399	0.258191	0	0.258076	0.346703	0.352198	0.348175	0.354839	0.350752	0.34521	0.367089	0.380233	0.420038	0.377629	0.370608	0.369133	0.372888	0.39876	0.373765	0.372036	0.399551	0.399791	0.433747	0.362791	0.39952	0.352826	0.404174	0.396311	0.372542	0.375721	0.356817	0.419007	0.366765	0.378454	0.482848	0.486038	0.481075	0.459477	0.476625	0.458478	0.599622	0.60196	0.596513	0.599534	0.578423	0.579335	0.491455	0.467115	0.474044	0.474211	0.469888	0.475446	0.491623	0.475476	0.481501	0.509804	0.485235	0.479177	0.493369	0.477227	0.495547	0.478354	0.497403	0.499248	0.494956	0.495385	0.491216	0.495903	0.500348	0.495221	0.566684	0.522359	0.504644	0.50334	0.61279	0.502064	0.494956	0.495385	0.491216	0.495903	0.500348	0.495221
ERR618717	0.346667	0.341188	0.330682	0.345945	0.366618	0.331879	0.421587	0.456864	0.417202	0.415061	0.377047	0.394467	0.258363	0.256977	0.256638	0.257094	0.258076	0	0.343913	0.350557	0.345777	0.354188	0.349115	0.341718	0.36726	0.383137	0.4276	0.380582	0.371887	0.370127	0.382614	0.411374	0.383635	0.381513	0.412437	0.412574	0.447742	0.370939	0.412071	0.358059	0.417097	0.408568	0.376692	0.380599	0.355629	0.429101	0.36783	0.381943	0.487603	0.492803	0.485807	0.457298	0.480865	0.456875	0.60863	0.608048	0.602163	0.605597	0.580663	0.58107	0.496663	0.464139	0.475534	0.475399	0.46933	0.477679	0.498616	0.479508	0.486833	0.518785	0.491716	0.484764	0.49719	0.475881	0.502089	0.476434	0.501682	0.503799	0.497106	0.497304	0.491719	0.497663	0.503499	0.497569	0.575615	0.5273	0.507707	0.506245	0.623934	0.504797	0.497106	0.497304	0.491719	0.497663	0.503499	0.497569
ERR637059	0.291174	0.281635	0.284926	0.29015	0.293822	0.285563	0.367361	0.388985	0.361115	0.357295	0.30855	0.322531	0.344079	0.349299	0.348261	0.348223	0.346703	0.343913	0	0.237239	0.236651	0.238014	0.236973	0.236077	0.286873	0.301555	0.348567	0.29899	0.293898	0.292976	0.401084	0.428432	0.401417	0.399709	0.422181	0.429714	0.443411	0.373948	0.422752	0.362947	0.42783	0.418653	0.339553	0.344775	0.305918	0.390788	0.315495	0.329527	0.490776	0.481001	0.488007	0.456851	0.484099	0.455905	0.65839	0.665503	0.661581	0.663203	0.645017	0.64609	0.463352	0.42578	0.435816	0.436418	0.426796	0.438863	0.506907	0.489506	0.49741	0.519212	0.491308	0.484351	0.530662	0.510017	0.524126	0.51041	0.534335	0.536596	0.465236	0.4643	0.458242	0.464039	0.469159	0.466238	0.6118	0.572074	0.551726	0.550166	0.648056	0.548599	0.465236	0.4643	0.458242	0.464039	0.469159	0.466238
ERR637060	0.283641	0.276383	0.285123	0.282873	0.28281	0.285351	0.352203	0.374475	0.346113	0.342384	0.297343	0.309543	0.349415	0.356045	0.354712	0.354499	0.352198	0.350557	0.237239	0	0.232939	0.234223	0.232473	0.23684	0.276986	0.288509	0.33301	0.286287	0.282381	0.281706	0.396029	0.422258	0.396408	0.394601	0.415508	0.423048	0.438011	0.371386	0.417591	0.361499	0.422278	0.413567	0.331381	0.335765	0.303611	0.380008	0.310462	0.321778	0.487565	0.477475	0.485147	0.458008	0.481335	0.456877	0.661365	0.668876	0.665263	0.666672	0.651453	0.652658	0.457588	0.425668	0.432148	0.432798	0.424896	0.434707	0.506395	0.490197	0.497587	0.517967	0.491977	0.485438	0.531021	0.513935	0.523966	0.514435	0.53458	0.536665	0.461478	0.46075	0.45525	0.460292	0.465046	0.46241	0.612288	0.575289	0.556582	0.55504	0.647856	0.553504	0.461478	0.46075	0.45525	0.460292	0.465046	0.46241
ERR637062	0.283074	0.275526	0.281665	0.282018	0.285579	0.282046	0.3577	0.381305	0.351382	0.347706	0.300806	0.314219	0.345577	0.351117	0.35007	0.350004	0.348175	0.345777	0.236651	0.232939	0	0.235431	0.23244	0.235472	0.278276	0.291769	0.339036	0.289579	0.284467	0.283634	0.395433	0.42258	0.395954	0.39416	0.416842	0.42378	0.440528	0.371324	0.41837	0.360413	0.423332	0.414305	0.332639	0.337438	0.302985	0.384034	0.311531	0.323947	0.486466	0.477766	0.483928	0.454846	0.479742	0.453821	0.658268	0.664547	0.660568	0.662217	0.645689	0.646795	0.459027	0.424246	0.432571	0.433065	0.424686	0.435239	0.505846	0.488734	0.496417	0.518666	0.491776	0.484957	0.528083	0.509554	0.522396	0.509914	0.531782	0.533936	0.461776	0.461129	0.455166	0.460689	0.465914	0.462837	0.610243	0.571484	0.552279	0.550699	0.647501	0.549149	0.461776	0.461129	0.455166	0.460689	0.465914	0.462837
ERR637057	0.282974	0.276589	0.287747	0.282361	0.27937	0.287757	0.346044	0.366899	0.339768	0.336056	0.293005	0.303782	0.351898	0.359476	0.357841	0.357602	0.354839	0.354188	0.238014	0.234223	0.235431	0	0.234264	0.237696	0.275075	0.284396	0.326334	0.282836	0.280011	0.279636	0.395085	0.420138	0.395302	0.393636	0.413128	0.420906	0.434052	0.370096	0.415226	0.361117	0.42007	0.411521	0.328561	0.332957	0.303186	0.374764	0.308167	0.318402	0.489678	0.477688	0.487172	0.461638	0.483561	0.460198	0.663974	0.672928	0.669505	0.670654	0.656426	0.65786	0.456049	0.426675	0.431613	0.432431	0.424853	0.434031	0.506819	0.491554	0.498744	0.517283	0.49214	0.485864	0.533986	0.518069	0.525212	0.518743	0.537477	0.539652	0.460929	0.460409	0.455406	0.460275	0.464171	0.462044	0.614196	0.579074	0.560764	0.559398	0.648106	0.557896	0.460929	0.460409	0.455406	0.460275	0.464171	0.462044
ERR637061	0.283045	0.275651	0.283541	0.281945	0.283011	0.284009	0.353473	0.37633	0.347268	0.34331	0.29793	0.310483	0.348068	0.354474	0.353175	0.35305	0.350752	0.349115	0.236973	0.232473	0.23244	0.234264	0	0.236187	0.276611	0.288949	0.334433	0.286856	0.282505	0.281689	0.395451	0.421859	0.395813	0.394096	0.415433	0.422803	0.438523	0.371149	0.417457	0.360967	0.422414	0.413464	0.33077	0.335415	0.302845	0.380528	0.310278	0.321931	0.48664	0.477213	0.484044	0.456582	0.48015	0.455444	0.659988	0.667084	0.663336	0.664823	0.649286	0.650577	0.457282	0.42458	0.431588	0.432187	0.424258	0.434176	0.505729	0.489231	0.496688	0.517765	0.491568	0.484967	0.529506	0.512098	0.522895	0.512506	0.533198	0.53525	0.460975	0.460354	0.454528	0.459793	0.46478	0.462063	0.611149	0.573748	0.554874	0.553459	0.647437	0.551902	0.460975	0.460354	0.454528	0.459793	0.46478	0.462063
ERR637058	0.285278	0.277083	0.280274	0.284442	0.292417	0.280183	0.366456	0.391293	0.360054	0.356175	0.306634	0.32192	0.342888	0.346877	0.346128	0.346096	0.34521	0.341718	0.236077	0.23684	0.235472	0.237696	0.236187	0	0.282596	0.298611	0.348906	0.2964	0.289458	0.288563	0.397247	0.425919	0.397681	0.396013	0.42125	0.426794	0.445565	0.373051	0.421575	0.360765	0.426723	0.417475	0.337611	0.342565	0.304765	0.391583	0.315674	0.329455	0.488083	0.480754	0.485512	0.453187	0.480772	0.452447	0.656348	0.661593	0.657078	0.6594	0.640389	0.641267	0.462667	0.4237	0.434964	0.435615	0.426251	0.437901	0.507193	0.488808	0.496786	0.521276	0.493505	0.4863	0.527502	0.506468	0.523245	0.50651	0.531638	0.533959	0.464482	0.463898	0.457753	0.463883	0.46917	0.46562	0.609584	0.568343	0.548633	0.547256	0.64892	0.545617	0.464482	0.463898	0.457753	0.463883	0.46917	0.46562
ERR608679	0.267765	0.269158	0.286498	0.267613	0.266029	0.285541	0.332908	0.36149	0.326652	0.323614	0.29086	0.299749	0.364655	0.3713	0.369802	0.369238	0.367089	0.36726	0.286873	0.276986	0.278276	0.275075	0.276611	0.282596	0	0.243747	0.290887	0.24303	0.238954	0.238841	0.385652	0.409286	0.386219	0.38457	0.405682	0.409617	0.43833	0.375235	0.413414	0.36651	0.41791	0.410208	0.318808	0.321894	0.307443	0.364842	0.309311	0.315157	0.481405	0.473284	0.479184	0.457222	0.475061	0.456058	0.666328	0.672602	0.66924	0.67066	0.659207	0.660566	0.457592	0.436119	0.43688	0.437532	0.43378	0.438508	0.513356	0.499541	0.505759	0.526132	0.503953	0.498233	0.530736	0.518474	0.525275	0.518658	0.534511	0.536085	0.463209	0.463387	0.459178	0.463477	0.466855	0.464114	0.609064	0.575567	0.560138	0.559321	0.647441	0.557837	0.463209	0.463387	0.459178	0.463477	0.466855	0.464114
ERR608678	0.278045	0.282676	0.307488	0.278466	0.263346	0.306289	0.31234	0.338341	0.30692	0.304702	0.288372	0.289518	0.377212	0.387418	0.385217	0.384188	0.380233	0.383137	0.301555	0.288509	0.291769	0.284396	0.288949	0.298611	0.243747	0	0.267326	0.238807	0.240699	0.241776	0.382619	0.400392	0.382805	0.381158	0.394503	0.400538	0.426165	0.37485	0.406364	0.370723	0.410034	0.40348	0.313822	0.315163	0.316124	0.346876	0.310252	0.30976	0.483255	0.470651	0.481046	0.468168	0.478032	0.466329	0.672623	0.682779	0.680706	0.680974	0.674727	0.676476	0.453457	0.446079	0.438501	0.439423	0.438696	0.439352	0.513024	0.503555	0.508347	0.522073	0.503658	0.499199	0.536439	0.530661	0.526436	0.531164	0.539296	0.540702	0.463194	0.463537	0.461226	0.463733	0.464926	0.464024	0.612327	0.586014	0.572675	0.571805	0.64511	0.570527	0.463194	0.463537	0.461226	0.463733	0.464926	0.464024
ERR608677	0.327615	0.334344	0.366081	0.328458	0.291349	0.365114	0.293897	0.300997	0.292053	0.291454	0.313469	0.298988	0.415726	0.432838	0.428832	0.427242	0.420038	0.4276	0.348567	0.33301	0.339036	0.326334	0.334433	0.348906	0.290887	0.267326	0	0.27017	0.282973	0.285822	0.398475	0.401187	0.39754	0.396594	0.387801	0.400714	0.407256	0.39262	0.407211	0.398161	0.409037	0.405576	0.330592	0.328462	0.355119	0.325185	0.336918	0.3239	0.498689	0.474829	0.497032	0.502458	0.497151	0.499196	0.690866	0.709793	0.710583	0.708324	0.711171	0.713551	0.457497	0.479616	0.456735	0.458186	0.462803	0.456007	0.520922	0.521213	0.52253	0.518662	0.510019	0.508309	0.558488	0.56453	0.53701	0.566375	0.55908	0.55995	0.47619	0.4769	0.478229	0.476081	0.47324	0.47647	0.626737	0.615489	0.604758	0.603773	0.641953	0.602677	0.47619	0.4769	0.478229	0.476081	0.47324	0.47647
ERR608682	0.275643	0.280177	0.303925	0.276024	0.262316	0.303074	0.314673	0.340683	0.309247	0.306776	0.288396	0.290477	0.374626	0.384647	0.382405	0.381331	0.377629	0.380582	0.29899	0.286287	0.289579	0.282836	0.286856	0.2964	0.24303	0.238807	0.27017	0	0.239105	0.239707	0.382308	0.400562	0.382482	0.380839	0.394839	0.400925	0.426792	0.374387	0.406602	0.369679	0.410335	0.403625	0.313244	0.315068	0.314382	0.348313	0.309126	0.309436	0.482758	0.470823	0.480537	0.466769	0.477664	0.465077	0.671955	0.681386	0.679291	0.679539	0.672693	0.674497	0.454291	0.444876	0.438357	0.439221	0.437966	0.439394	0.513512	0.503603	0.508462	0.522743	0.503751	0.499196	0.535691	0.528918	0.526297	0.529503	0.538558	0.539864	0.463317	0.463669	0.461222	0.463825	0.465523	0.464118	0.611905	0.584513	0.570946	0.569971	0.64499	0.568829	0.463317	0.463669	0.461222	0.463825	0.465523	0.464118
ERR608681	0.26926	0.272868	0.29329	0.269345	0.264523	0.2921	0.324215	0.354234	0.318484	0.315645	0.289313	0.295821	0.368249	0.375793	0.373987	0.373288	0.370608	0.371887	0.293898	0.282381	0.284467	0.280011	0.282505	0.289458	0.238954	0.240699	0.282973	0.239105	0	0.236692	0.380665	0.402459	0.381117	0.379437	0.399094	0.402799	0.43369	0.373503	0.408802	0.366099	0.412933	0.405742	0.315519	0.317812	0.310599	0.357923	0.309741	0.312711	0.480836	0.471985	0.4787	0.459731	0.474808	0.458554	0.668394	0.675524	0.672534	0.673609	0.663846	0.665224	0.456897	0.440684	0.438253	0.439165	0.436864	0.439565	0.513907	0.50141	0.507151	0.525896	0.505251	0.499995	0.531724	0.521744	0.525368	0.521892	0.535379	0.536772	0.463746	0.464131	0.460767	0.464468	0.466951	0.46457	0.60924	0.577739	0.56373	0.562863	0.647076	0.561572	0.463746	0.464131	0.460767	0.464468	0.466951	0.46457
ERR608680	0.268248	0.272061	0.291534	0.26841	0.265484	0.290248	0.326782	0.357331	0.320782	0.317992	0.29022	0.297669	0.366763	0.373722	0.372216	0.371337	0.369133	0.370127	0.292976	0.281706	0.283634	0.279636	0.281689	0.288563	0.238841	0.241776	0.285822	0.239707	0.236692	0	0.380726	0.403174	0.381182	0.379571	0.400143	0.403575	0.435429	0.374003	0.409807	0.365901	0.413885	0.406453	0.316034	0.318543	0.310291	0.359913	0.310161	0.313971	0.480123	0.472009	0.478088	0.458447	0.473768	0.45732	0.666581	0.673218	0.66986	0.671238	0.660974	0.662306	0.456698	0.439057	0.437638	0.438344	0.435782	0.438848	0.513327	0.500496	0.506341	0.525888	0.50473	0.499479	0.530199	0.51964	0.524451	0.519801	0.533955	0.535398	0.463578	0.463831	0.460421	0.464292	0.466984	0.464518	0.608005	0.57569	0.561494	0.560689	0.646607	0.559275	0.463578	0.463831	0.460421	0.464292	0.466984	0.464518
ERR617294	0.370724	0.377414	0.387452	0.37107	0.375269	0.387243	0.382617	0.421466	0.381137	0.381074	0.384979	0.389096	0.373644	0.379851	0.378201	0.376567	0.372888	0.382614	0.401084	0.396029	0.395433	0.395085	0.395451	0.397247	0.385652	0.382619	0.398475	0.382308	0.380665	0.380726	0	0.276927	0.262569	0.262415	0.284642	0.277639	0.384337	0.340601	0.347326	0.34125	0.349298	0.345916	0.385017	0.384136	0.405461	0.405476	0.401872	0.398557	0.513081	0.514762	0.511789	0.511038	0.508642	0.509164	0.640038	0.644906	0.641348	0.642873	0.634573	0.636083	0.520563	0.525252	0.517294	0.518004	0.522006	0.516393	0.536126	0.530259	0.532363	0.550431	0.537707	0.535185	0.532979	0.534533	0.533003	0.535506	0.536538	0.537137	0.535352	0.537024	0.537093	0.538463	0.538843	0.535832	0.593159	0.561461	0.552728	0.552816	0.638807	0.551683	0.535352	0.537024	0.537093	0.538463	0.538843	0.535832
ERR617291	0.399482	0.406861	0.420889	0.399947	0.395216	0.420625	0.382525	0.417741	0.383176	0.384134	0.40439	0.402855	0.398392	0.40933	0.406466	0.404433	0.39876	0.411374	0.428432	0.422258	0.42258	0.420138	0.421859	0.425919	0.409286	0.400392	0.401187	0.400562	0.402459	0.403174	0.276927	0	0.276056	0.276697	0.273595	0.269333	0.371585	0.354114	0.342252	0.362139	0.342563	0.342543	0.399131	0.396344	0.429977	0.402572	0.421449	0.412985	0.513354	0.511914	0.512987	0.526465	0.511412	0.523815	0.63288	0.642378	0.640993	0.640786	0.641064	0.64313	0.520831	0.544024	0.52739	0.52849	0.536069	0.525487	0.533778	0.535043	0.534124	0.543553	0.538012	0.537615	0.536408	0.54922	0.531445	0.550902	0.538586	0.538715	0.541994	0.544222	0.546698	0.545367	0.543198	0.542292	0.585714	0.565372	0.560503	0.560583	0.625078	0.559925	0.541994	0.544222	0.546698	0.545367	0.543198	0.542292
ERR617293	0.371496	0.378221	0.38862	0.371749	0.375291	0.388368	0.381472	0.420109	0.380211	0.380191	0.384952	0.388647	0.3745	0.3811	0.379229	0.377425	0.373765	0.383635	0.401417	0.396408	0.395954	0.395302	0.395813	0.397681	0.386219	0.382805	0.39754	0.382482	0.381117	0.381182	0.262569	0.276056	0	0.262393	0.283216	0.276653	0.38255	0.340279	0.345792	0.341116	0.348138	0.34458	0.385193	0.384088	0.406222	0.404646	0.402368	0.39871	0.512749	0.51391	0.511616	0.51125	0.508355	0.509436	0.639685	0.644969	0.64151	0.642956	0.635047	0.636582	0.519842	0.525545	0.516905	0.517753	0.521843	0.516189	0.536144	0.530592	0.532372	0.54993	0.537479	0.535272	0.533334	0.535513	0.532935	0.536487	0.536747	0.537412	0.53507	0.536724	0.536738	0.538048	0.538174	0.535437	0.592907	0.561684	0.552983	0.553048	0.637837	0.552123	0.53507	0.536724	0.536738	0.538048	0.538174	0.535437
ERR617292	0.37019	0.376798	0.38691	0.370384	0.37383	0.386916	0.38082	0.419254	0.379335	0.379501	0.383364	0.38718	0.372539	0.379026	0.377309	0.375457	0.372036	0.381513	0.399709	0.394601	0.39416	0.393636	0.394096	0.396013	0.38457	0.381158	0.396594	0.380839	0.379437	0.379571	0.262415	0.276697	0.262393	0	0.283187	0.277016	0.38223	0.338759	0.345562	0.339949	0.347665	0.344376	0.383217	0.382231	0.403933	0.403075	0.39996	0.39679	0.511959	0.513071	0.510817	0.510075	0.507674	0.508343	0.639336	0.644619	0.641111	0.642658	0.634707	0.636104	0.518857	0.52423	0.515764	0.516399	0.520655	0.515012	0.534749	0.528871	0.53087	0.548625	0.535885	0.533548	0.532193	0.53407	0.531694	0.535018	0.535494	0.536241	0.533815	0.535502	0.535534	0.536732	0.537106	0.534079	0.592672	0.561348	0.552544	0.552578	0.637677	0.551524	0.533815	0.535502	0.535534	0.536732	0.537106	0.534079
ERR617289	0.399535	0.405753	0.421352	0.400055	0.388675	0.421458	0.371625	0.399483	0.37285	0.373895	0.397654	0.393059	0.398564	0.41228	0.408608	0.406552	0.399551	0.412437	0.422181	0.415508	0.416842	0.413128	0.415433	0.42125	0.405682	0.394503	0.387801	0.394839	0.399094	0.400143	0.284642	0.273595	0.283216	0.283187	0	0.27374	0.358472	0.35162	0.339982	0.361961	0.340186	0.34029	0.394417	0.391235	0.424923	0.39036	0.414039	0.404341	0.515371	0.508401	0.514761	0.529833	0.51407	0.527042	0.639182	0.65253	0.65213	0.651019	0.65265	0.654836	0.516403	0.542538	0.523811	0.52507	0.532502	0.522195	0.530415	0.533169	0.531988	0.535934	0.53135	0.531398	0.540866	0.554166	0.5308	0.55632	0.542055	0.542358	0.538148	0.54	0.542605	0.540437	0.538067	0.538407	0.591718	0.57476	0.568344	0.568179	0.623369	0.567387	0.538148	0.54	0.542605	0.540437	0.538067	0.538407
ERR617290	0.399874	0.407583	0.421967	0.400375	0.395697	0.421638	0.381553	0.416742	0.382476	0.383491	0.404191	0.402708	0.399467	0.410435	0.407511	0.405095	0.399791	0.412574	0.429714	0.423048	0.42378	0.420906	0.422803	0.426794	0.409617	0.400538	0.400714	0.400925	0.402799	0.403575	0.277639	0.269333	0.276653	0.277016	0.27374	0	0.371196	0.355034	0.342548	0.36316	0.343127	0.342973	0.399474	0.396539	0.430753	0.401932	0.422031	0.413405	0.514572	0.512181	0.514059	0.527885	0.512163	0.525365	0.633918	0.644052	0.642624	0.642422	0.642976	0.645045	0.520969	0.544854	0.528088	0.529233	0.537111	0.52615	0.534758	0.535939	0.535024	0.543741	0.538745	0.538573	0.537517	0.550658	0.532196	0.552265	0.539673	0.539871	0.542908	0.544917	0.547579	0.546421	0.543996	0.543033	0.586387	0.56664	0.561909	0.56203	0.625121	0.561414	0.542908	0.544917	0.547579	0.546421	0.543996	0.543033
ERR608871	0.439817	0.441852	0.457952	0.440332	0.41978	0.458329	0.390023	0.394262	0.392025	0.393425	0.41874	0.409314	0.431864	0.448894	0.444335	0.442844	0.433747	0.447742	0.443411	0.438011	0.440528	0.434052	0.438523	0.445565	0.43833	0.426165	0.407256	0.426792	0.43369	0.435429	0.384337	0.371585	0.38255	0.38223	0.358472	0.371196	0	0.315112	0.296753	0.335852	0.295738	0.296487	0.425637	0.423038	0.448608	0.405611	0.435957	0.426141	0.532661	0.511874	0.531704	0.552403	0.532155	0.54838	0.644183	0.668075	0.669435	0.666876	0.672628	0.675423	0.514138	0.549389	0.526586	0.528503	0.535107	0.52489	0.526696	0.535813	0.532797	0.519456	0.52107	0.522376	0.564136	0.580667	0.542037	0.583731	0.563911	0.564756	0.538917	0.539895	0.544087	0.540115	0.535539	0.538358	0.601317	0.595276	0.587604	0.586991	0.611131	0.586706	0.538917	0.539895	0.544087	0.540115	0.535539	0.538358
ERR608872	0.368842	0.369101	0.378188	0.368651	0.366319	0.378462	0.376391	0.403788	0.373969	0.373148	0.365354	0.369063	0.361838	0.371918	0.369241	0.368427	0.362791	0.370939	0.373948	0.371386	0.371324	0.370096	0.371149	0.373051	0.375235	0.37485	0.39262	0.374387	0.373503	0.374003	0.340601	0.354114	0.340279	0.338759	0.35162	0.355034	0.315112	0	0.286731	0.264952	0.29017	0.283605	0.378677	0.379625	0.384515	0.400982	0.38241	0.382992	0.504126	0.497436	0.502347	0.497206	0.499756	0.49474	0.633965	0.644081	0.641147	0.642092	0.63286	0.634562	0.496174	0.49556	0.489265	0.490299	0.490809	0.489467	0.512696	0.506157	0.508765	0.522599	0.507172	0.503718	0.529471	0.527294	0.522251	0.528847	0.532255	0.533407	0.508073	0.508629	0.507509	0.509096	0.510053	0.508083	0.592842	0.562334	0.549036	0.548305	0.628864	0.547171	0.508073	0.508629	0.507509	0.509096	0.510053	0.508083
ERR608875	0.409531	0.413249	0.426216	0.409675	0.401352	0.426235	0.384876	0.412731	0.385786	0.386484	0.401453	0.399648	0.398466	0.411571	0.407793	0.406066	0.39952	0.412071	0.422752	0.417591	0.41837	0.415226	0.417457	0.421575	0.413414	0.406364	0.407211	0.406602	0.408802	0.409807	0.347326	0.342252	0.345792	0.345562	0.339982	0.342548	0.296753	0.286731	0	0.300472	0.272351	0.271399	0.403439	0.40146	0.426451	0.405697	0.418475	0.412108	0.504766	0.496951	0.504103	0.519258	0.503058	0.515985	0.618548	0.632913	0.63248	0.631725	0.633664	0.636048	0.503083	0.528161	0.51067	0.512113	0.518726	0.508983	0.511513	0.51478	0.513395	0.517138	0.512929	0.512681	0.530493	0.544193	0.519718	0.546458	0.531993	0.532336	0.523617	0.525037	0.527814	0.526219	0.523697	0.523357	0.578034	0.561444	0.554912	0.554693	0.609509	0.554109	0.523617	0.525037	0.527814	0.526219	0.523697	0.523357
ERR608873	0.356867	0.356678	0.362328	0.356483	0.361306	0.362493	0.382818	0.414287	0.379489	0.378194	0.360291	0.368411	0.352473	0.358648	0.35693	0.356388	0.352826	0.358059	0.362947	0.361499	0.360413	0.361117	0.360967	0.360765	0.36651	0.370723	0.398161	0.369679	0.366099	0.365901	0.34125	0.362139	0.341116	0.339949	0.361961	0.36316	0.335852	0.264952	0.300472	0	0.304862	0.296472	0.377029	0.378743	0.375546	0.410319	0.377511	0.381964	0.504303	0.501118	0.502251	0.488554	0.498428	0.4866	0.637965	0.644162	0.639845	0.641995	0.6276	0.628762	0.498884	0.486413	0.486195	0.486853	0.48528	0.486953	0.517332	0.506437	0.510758	0.531374	0.511836	0.507113	0.527838	0.519306	0.525191	0.52032	0.531582	0.532935	0.506779	0.507159	0.504475	0.507903	0.510331	0.507042	0.597189	0.559968	0.544945	0.544281	0.638902	0.542863	0.506779	0.507159	0.504475	0.507903	0.510331	0.507042
ERR608876	0.414332	0.418327	0.431738	0.414609	0.40569	0.431726	0.385863	0.413506	0.387059	0.388045	0.40548	0.402821	0.403121	0.4166	0.412496	0.410879	0.404174	0.417097	0.42783	0.422278	0.423332	0.42007	0.422414	0.426723	0.41791	0.410034	0.409037	0.410335	0.412933	0.413885	0.349298	0.342563	0.348138	0.347665	0.340186	0.343127	0.295738	0.29017	0.272351	0.304862	0	0.272132	0.406502	0.404366	0.431067	0.406438	0.422504	0.415418	0.506721	0.498509	0.505985	0.522917	0.505074	0.519514	0.619266	0.634053	0.633761	0.632978	0.635884	0.638328	0.504477	0.532093	0.513157	0.514761	0.521949	0.511563	0.512266	0.516386	0.514376	0.517078	0.514248	0.514042	0.531997	0.5469	0.52066	0.549256	0.533077	0.533448	0.52589	0.527204	0.530448	0.528199	0.525428	0.525513	0.578422	0.563364	0.557408	0.5571	0.608944	0.556623	0.52589	0.527204	0.530448	0.528199	0.525428	0.525513
ERR608874	0.405962	0.409649	0.42229	0.406203	0.398196	0.422338	0.383556	0.411193	0.383847	0.384653	0.398075	0.396494	0.395361	0.408134	0.404407	0.402989	0.396311	0.408568	0.418653	0.413567	0.414305	0.411521	0.413464	0.417475	0.410208	0.40348	0.405576	0.403625	0.405742	0.406453	0.345916	0.342543	0.34458	0.344376	0.34029	0.342973	0.296487	0.283605	0.271399	0.296472	0.272132	0	0.400708	0.399108	0.42268	0.404597	0.415263	0.409342	0.504769	0.49722	0.504059	0.51734	0.502691	0.514305	0.620376	0.634352	0.633575	0.633113	0.633963	0.63618	0.502517	0.525483	0.508729	0.510153	0.516228	0.507227	0.511471	0.513867	0.512784	0.517452	0.512113	0.511619	0.530206	0.542736	0.519935	0.545034	0.531861	0.532188	0.522169	0.523398	0.526009	0.524422	0.52228	0.522152	0.579584	0.561862	0.55465	0.554394	0.611602	0.553856	0.522169	0.523398	0.526009	0.524422	0.52228	0.522152
ERR613447	0.323705	0.327122	0.344858	0.324333	0.312574	0.344721	0.342568	0.372415	0.33949	0.338072	0.331199	0.333003	0.368979	0.380433	0.377318	0.376228	0.372542	0.376692	0.339553	0.331381	0.332639	0.328561	0.33077	0.337611	0.318808	0.313822	0.330592	0.313244	0.315519	0.316034	0.385017	0.399131	0.385193	0.383217	0.394417	0.399474	0.425637	0.378677	0.403439	0.377029	0.406502	0.400708	0	0.250786	0.271725	0.285362	0.259746	0.255284	0.452904	0.442227	0.450407	0.445872	0.449079	0.443356	0.632579	0.643369	0.642462	0.64158	0.637716	0.63948	0.419355	0.428116	0.411774	0.412649	0.416157	0.411863	0.489538	0.482132	0.485855	0.500367	0.483773	0.480421	0.497614	0.497179	0.487474	0.498441	0.499475	0.501068	0.426466	0.427603	0.427268	0.427988	0.427852	0.426872	0.587238	0.563537	0.551604	0.550443	0.621016	0.549172	0.426466	0.427603	0.427268	0.427988	0.427852	0.426872
ERR613446	0.32713	0.331511	0.350133	0.328036	0.314731	0.349992	0.34028	0.369954	0.337082	0.336359	0.333054	0.33388	0.371961	0.384309	0.381018	0.379588	0.375721	0.380599	0.344775	0.335765	0.337438	0.332957	0.335415	0.342565	0.321894	0.315163	0.328462	0.315068	0.317812	0.318543	0.384136	0.396344	0.384088	0.382231	0.391235	0.396539	0.423038	0.379625	0.40146	0.378743	0.404366	0.399108	0.250786	0	0.277654	0.281098	0.264066	0.256975	0.451958	0.440405	0.44924	0.448109	0.448399	0.445434	0.631437	0.642902	0.642226	0.641348	0.638944	0.640696	0.418206	0.431821	0.41324	0.414271	0.419008	0.412924	0.488481	0.48236	0.48556	0.498579	0.483507	0.480694	0.496717	0.498617	0.485838	0.500001	0.49849	0.499805	0.427305	0.428487	0.428826	0.428856	0.428223	0.427609	0.585372	0.563862	0.552687	0.55158	0.618292	0.550392	0.427305	0.428487	0.428826	0.428856	0.428223	0.427609
ERR613443	0.30827	0.304506	0.311472	0.30852	0.309094	0.31187	0.370976	0.395965	0.36552	0.362519	0.326062	0.336856	0.35395	0.360313	0.358423	0.358386	0.356817	0.355629	0.305918	0.303611	0.302985	0.303186	0.302845	0.304765	0.307443	0.316124	0.355119	0.314382	0.310599	0.310291	0.405461	0.429977	0.406222	0.403933	0.424923	0.430753	0.448608	0.384515	0.426451	0.375546	0.431067	0.42268	0.271725	0.277654	0	0.330113	0.250531	0.264437	0.470361	0.460844	0.466875	0.440823	0.463803	0.439439	0.64318	0.650573	0.64731	0.648515	0.633159	0.634233	0.435182	0.408585	0.411939	0.41253	0.406282	0.414228	0.502213	0.486674	0.493645	0.515411	0.49014	0.484123	0.511012	0.49448	0.504358	0.494743	0.514285	0.516489	0.432476	0.432027	0.427132	0.432388	0.436235	0.4331	0.601978	0.565925	0.547521	0.54607	0.639146	0.544663	0.432476	0.432027	0.427132	0.432388	0.436235	0.4331
