	ERR621996	ERR621991	ERR621992	ERR621994	ERR621995	ERR621993	ERR608197	ERR608201	ERR608199	ERR608198	ERR608200	ERR608202	ERR613458	ERR613455	ERR613460	ERR613456	ERR613457	ERR613459	ERR605614	ERR605616	ERR605611	ERR605613	ERR605615	ERR605612	ERR605614	ERR605616	ERR605611	ERR605613	ERR605615	ERR605612	ERR614838	ERR614836	ERR614840	ERR614839	ERR614837	ERR614835	ERR618550	ERR618553	ERR618552	ERR618554	ERR618551	ERR618549	ERR613969	ERR613971	ERR613967	ERR613970	ERR613966	ERR613968	ERR605970	ERR605975	ERR605971	ERR605974	ERR605972	ERR605973	ERR630460	ERR630458	ERR630462	ERR630461	ERR630463	ERR630459	ERR613007	ERR613006	ERR613008	ERR613005	ERR613010	ERR613009	ERR608087	ERR608088	ERR608091	ERR608092	ERR608089	ERR608090	ERR607393	ERR607392	ERR607395	ERR607394	ERR607396	ERR607391	ERR630268	ERR630269	ERR630267	ERR630270	ERR630266	ERR630271	ERR626749	ERR626748	ERR626752	ERR626751	ERR626747	ERR626750	ERR616444	ERR616447	ERR616449	ERR616445	ERR616448	ERR616446
ERR621996	0	0.780566	0.789982	0.786215	0.794952	0.790073	0.941189	0.895513	0.890401	0.900156	0.894538	0.89476	0.90069	0.887171	0.903985	0.887996	0.887559	0.9028	0.954346	0.952115	0.936383	0.949434	0.951786	0.946538	0.954346	0.952115	0.936383	0.949434	0.951786	0.946538	1.07415	1.09208	1.07427	1.0748	1.09334	1.09619	0.934989	0.941992	0.932867	0.944314	0.931885	0.926096	0.905174	0.890475	0.899281	0.905191	0.890102	0.916193	1.05896	1.04848	1.01681	1.04731	1.01467	1.04489	0.9098	0.907508	0.906222	0.904302	0.90449	0.917314	1.04484	1.04471	1.09609	1.03421	1.09272	1.08876	1.03471	1.03193	1.02195	1.02039	1.03397	1.02164	1.03162	1.03702	1.03594	1.03622	1.03562	1.06911	1.04471	1.0535	1.03988	1.04797	1.02749	1.05808	1.0336	1.03523	1.0366	1.03602	1.03106	1.03625	1.06362	1.04426	1.04374	1.10552	1.0433	1.06142
ERR621991	0.780566	0	0.766769	0.76786	0.778009	0.766993	0.93059	0.879921	0.873816	0.885364	0.8789	0.878841	0.885935	0.870035	0.888987	0.871703	0.870892	0.888049	0.938855	0.936805	0.919044	0.933505	0.93626	0.930185	0.938855	0.936805	0.919044	0.933505	0.93626	0.930185	1.06024	1.07888	1.06016	1.0604	1.08046	1.08345	0.920415	0.927919	0.918361	0.929776	0.917113	0.910548	0.889429	0.873535	0.883258	0.889257	0.872615	0.901935	1.04832	1.0367	1.00279	1.03501	1.00044	1.03242	0.894946	0.892663	0.89126	0.889558	0.889544	0.903375	1.02854	1.02881	1.08327	1.01797	1.07959	1.0755	1.0197	1.01725	1.00664	1.00526	1.01902	1.00632	1.01422	1.02044	1.01912	1.01953	1.01861	1.05464	1.02869	1.0382	1.02362	1.03236	1.01042	1.04343	1.01686	1.01852	1.02039	1.01959	1.014	1.01984	1.04924	1.02868	1.02791	1.09376	1.02755	1.04667
ERR621992	0.789982	0.766769	0	0.778889	0.787928	0.776867	0.934035	0.886936	0.881517	0.891576	0.886308	0.886175	0.892838	0.877284	0.895682	0.878651	0.878029	0.894575	0.945643	0.94297	0.926803	0.94096	0.942583	0.937408	0.945643	0.94297	0.926803	0.94096	0.942583	0.937408	1.06685	1.08492	1.06706	1.06762	1.08669	1.0893	0.926934	0.935137	0.925787	0.937116	0.924492	0.918241	0.897595	0.88209	0.891249	0.89753	0.880972	0.908388	1.0526	1.0422	1.00948	1.04072	1.00744	1.03839	0.90204	0.899755	0.898598	0.896922	0.896493	0.910043	1.03643	1.0366	1.08989	1.02618	1.0861	1.08196	1.02666	1.02427	1.01431	1.01277	1.02614	1.01389	1.02358	1.02861	1.02775	1.0282	1.02707	1.06158	1.03644	1.04524	1.03112	1.04009	1.01823	1.04992	1.02539	1.0269	1.02864	1.02791	1.02261	1.02811	1.05614	1.03591	1.03518	1.09959	1.03497	1.05387
ERR621994	0.786215	0.76786	0.778889	0	0.784484	0.778235	0.935544	0.887311	0.881725	0.892251	0.886489	0.886762	0.892766	0.87837	0.895813	0.879564	0.879117	0.894712	0.945594	0.944087	0.927143	0.941235	0.943761	0.938186	0.945594	0.944087	0.927143	0.941235	0.943761	0.938186	1.06721	1.08534	1.06714	1.0679	1.08692	1.09006	0.927406	0.933873	0.924643	0.935978	0.924039	0.918148	0.896416	0.881178	0.89027	0.896274	0.880242	0.908534	1.05349	1.04227	1.00924	1.0406	1.00719	1.03816	0.902027	0.899658	0.897972	0.896231	0.89597	0.910208	1.03703	1.03715	1.08997	1.02639	1.0867	1.08246	1.02715	1.02455	1.01414	1.01256	1.02616	1.01375	1.02363	1.02899	1.02808	1.02834	1.02762	1.06258	1.0373	1.04651	1.03244	1.04068	1.01966	1.05146	1.02563	1.02757	1.02872	1.02805	1.02299	1.02816	1.05685	1.03689	1.03625	1.09965	1.03595	1.0542
ERR621995	0.794952	0.778009	0.787928	0.784484	0	0.78764	0.940854	0.894615	0.889701	0.89959	0.894046	0.894384	0.899471	0.885408	0.902247	0.886575	0.886339	0.901319	0.95226	0.950188	0.934176	0.947535	0.950008	0.944799	0.95226	0.950188	0.934176	0.947535	0.950008	0.944799	1.07272	1.09086	1.07285	1.07349	1.09196	1.09491	0.934112	0.941202	0.932142	0.943361	0.93117	0.925141	0.903774	0.889162	0.898347	0.903872	0.888646	0.915289	1.05783	1.04694	1.01517	1.04595	1.0131	1.0432	0.909337	0.906614	0.905228	0.90389	0.903717	0.916616	1.04309	1.04312	1.09481	1.03264	1.09137	1.08762	1.03349	1.03095	1.02096	1.01941	1.03274	1.02051	1.03038	1.03564	1.03466	1.03514	1.03417	1.06815	1.0434	1.05221	1.03856	1.04669	1.02598	1.05684	1.03242	1.03366	1.03519	1.03464	1.02958	1.03472	1.06283	1.04332	1.0424	1.1048	1.04229	1.06017
ERR621993	0.790073	0.766993	0.776867	0.778235	0.78764	0	0.93342	0.886946	0.881975	0.89172	0.886394	0.886351	0.893454	0.878312	0.895965	0.879753	0.879079	0.894976	0.94615	0.943888	0.927416	0.941211	0.943358	0.938399	0.94615	0.943888	0.927416	0.941211	0.943358	0.938399	1.06797	1.08632	1.06802	1.06859	1.08768	1.09031	0.927175	0.934892	0.925532	0.937032	0.92429	0.91827	0.897656	0.882326	0.891391	0.897305	0.881519	0.908779	1.05402	1.04326	1.01057	1.04197	1.00832	1.03936	0.901921	0.899673	0.898262	0.896443	0.896558	0.909598	1.03752	1.03779	1.09017	1.02736	1.08666	1.08296	1.02737	1.02486	1.015	1.01351	1.02663	1.01452	1.02441	1.02949	1.02844	1.02882	1.02805	1.0621	1.03757	1.04688	1.0327	1.04095	1.02015	1.05142	1.02626	1.02778	1.02953	1.02889	1.02384	1.02914	1.05699	1.03695	1.03628	1.1003	1.03611	1.05495
ERR608197	0.941189	0.93059	0.934035	0.935544	0.940854	0.93342	0	0.807232	0.803511	0.80675	0.807707	0.80679	0.928393	0.913913	0.931071	0.915169	0.91446	0.930103	0.978607	0.970719	0.961934	0.972061	0.969207	0.969411	0.978607	0.970719	0.961934	0.972061	0.969207	0.969411	1.14479	1.15848	1.14477	1.14514	1.16086	1.16099	0.93239	0.945831	0.936864	0.947234	0.931338	0.926767	0.905325	0.890027	0.896694	0.904713	0.891422	0.905592	1.11294	1.11078	1.08529	1.10951	1.08416	1.10778	0.888069	0.886121	0.885008	0.884358	0.882889	0.890006	1.11617	1.11637	1.15845	1.10978	1.15445	1.15177	1.10592	1.10501	1.09869	1.09709	1.1075	1.09749	1.10303	1.10478	1.10499	1.10525	1.10448	1.12457	1.11544	1.12252	1.11077	1.11849	1.1015	1.12412	1.10113	1.10153	1.10532	1.1044	1.09875	1.10451	1.128	1.10864	1.10812	1.16434	1.10872	1.12641
ERR608201	0.895513	0.879921	0.886936	0.887311	0.894615	0.886946	0.807232	0	0.74523	0.756053	0.747047	0.746066	0.886197	0.869361	0.889286	0.870633	0.869996	0.888231	0.937729	0.93201	0.918039	0.931667	0.931149	0.928342	0.937729	0.93201	0.918039	0.931667	0.931149	0.928342	1.10992	1.12684	1.11003	1.11069	1.12882	1.13045	0.892887	0.903596	0.893884	0.905734	0.890437	0.884104	0.853496	0.835749	0.846008	0.853035	0.836394	0.861826	1.08542	1.07856	1.04811	1.07711	1.04652	1.0752	0.847939	0.844377	0.843177	0.8413	0.840041	0.853889	1.07912	1.07944	1.12802	1.0706	1.12384	1.12086	1.06851	1.067	1.05802	1.05664	1.06942	1.05706	1.06054	1.06413	1.06392	1.0643	1.06319	1.09201	1.07815	1.08668	1.073	1.08151	1.06128	1.08973	1.05912	1.0598	1.06346	1.06231	1.05628	1.06231	1.09118	1.07051	1.0696	1.13283	1.07016	1.08949
ERR608199	0.890401	0.873816	0.881517	0.881725	0.889701	0.881975	0.803511	0.74523	0	0.748325	0.744014	0.743621	0.881759	0.865184	0.885044	0.866364	0.865792	0.884015	0.934316	0.92983	0.913942	0.928158	0.929012	0.924836	0.934316	0.92983	0.913942	0.928158	0.929012	0.924836	1.10509	1.12251	1.10512	1.10574	1.12457	1.12629	0.888613	0.898662	0.888212	0.900444	0.885326	0.878978	0.846817	0.829019	0.839868	0.846374	0.829151	0.857844	1.08276	1.07523	1.04356	1.0736	1.04175	1.07122	0.843895	0.840707	0.838757	0.836728	0.835596	0.850828	1.0747	1.07463	1.12418	1.06528	1.12003	1.11692	1.06365	1.06217	1.05278	1.0509	1.06438	1.05182	1.0542	1.0586	1.05794	1.058	1.05739	1.08794	1.0733	1.08177	1.06811	1.07665	1.05596	1.08544	1.05326	1.05413	1.05728	1.0564	1.0504	1.05653	1.08599	1.0656	1.06486	1.12785	1.06515	1.08383
ERR608198	0.900156	0.885364	0.891576	0.892251	0.89959	0.89172	0.80675	0.756053	0.748325	0	0.755554	0.755071	0.890026	0.873949	0.893478	0.874921	0.874419	0.892037	0.942394	0.936569	0.923189	0.936029	0.935359	0.93306	0.942394	0.936569	0.923189	0.936029	0.935359	0.93306	1.11418	1.13054	1.11408	1.11462	1.13257	1.13384	0.8966	0.907743	0.897449	0.909659	0.893991	0.888038	0.858582	0.84145	0.850617	0.858138	0.841938	0.866374	1.08808	1.082	1.05185	1.08048	1.04997	1.07831	0.851642	0.8485	0.847139	0.845737	0.844406	0.857165	1.08381	1.08376	1.13151	1.07537	1.1276	1.12439	1.07298	1.07137	1.06268	1.06106	1.07386	1.06176	1.06554	1.06904	1.06893	1.06905	1.0682	1.09572	1.08275	1.091	1.07775	1.08602	1.06641	1.09388	1.06443	1.06501	1.0685	1.06729	1.06141	1.06748	1.09521	1.07495	1.07412	1.13581	1.0745	1.09346
ERR608200	0.894538	0.8789	0.886308	0.886489	0.894046	0.886394	0.807707	0.747047	0.744014	0.755554	0	0.745661	0.885316	0.869238	0.888452	0.870229	0.869758	0.887769	0.938019	0.933049	0.918718	0.931975	0.932464	0.929187	0.938019	0.933049	0.918718	0.931975	0.932464	0.929187	1.10972	1.12668	1.10942	1.11033	1.12854	1.13032	0.891869	0.902014	0.891469	0.903951	0.889188	0.882456	0.851427	0.834157	0.844392	0.85086	0.83438	0.86161	1.08519	1.07838	1.04722	1.077	1.04572	1.07449	0.846799	0.843986	0.84159	0.84011	0.838983	0.853608	1.07927	1.07942	1.12809	1.07036	1.1241	1.12057	1.0689	1.06676	1.05789	1.056	1.0692	1.05682	1.0598	1.0639	1.06348	1.06366	1.06271	1.09228	1.0784	1.08669	1.07325	1.08181	1.06146	1.09001	1.05917	1.05978	1.06301	1.06182	1.05619	1.06198	1.09039	1.07033	1.06945	1.13126	1.06989	1.08821
ERR608202	0.89476	0.878841	0.886175	0.886762	0.894384	0.886351	0.80679	0.746066	0.743621	0.755071	0.745661	0	0.885389	0.868676	0.88855	0.869815	0.86955	0.887694	0.93725	0.931803	0.917168	0.930928	0.931085	0.927919	0.93725	0.931803	0.917168	0.930928	0.931085	0.927919	1.10943	1.12628	1.10954	1.10985	1.12824	1.12986	0.892123	0.903353	0.892883	0.905199	0.889874	0.883321	0.852592	0.834557	0.844925	0.851741	0.835355	0.861356	1.08507	1.0781	1.04749	1.07656	1.04565	1.07437	0.846815	0.843914	0.842263	0.840255	0.839176	0.853239	1.0785	1.07882	1.1274	1.07	1.12342	1.12009	1.06802	1.06636	1.05722	1.05567	1.06878	1.05636	1.05966	1.06326	1.06295	1.06319	1.06235	1.09157	1.07757	1.08599	1.07243	1.08095	1.06077	1.08931	1.05845	1.05905	1.06254	1.06159	1.05548	1.06172	1.09055	1.06985	1.0689	1.13187	1.06945	1.08839
ERR613458	0.90069	0.885935	0.892838	0.892766	0.899471	0.893454	0.928393	0.886197	0.881759	0.890026	0.885316	0.885389	0	0.777659	0.795434	0.778091	0.778786	0.793742	0.922714	0.920577	0.907016	0.918105	0.919813	0.915975	0.922714	0.920577	0.907016	0.918105	0.919813	0.915975	1.10965	1.12645	1.10963	1.11011	1.12822	1.13016	0.940348	0.950255	0.941024	0.950979	0.937878	0.93216	0.89756	0.882659	0.890183	0.896732	0.882772	0.906417	1.03307	1.02704	1.00018	1.02591	0.99856	1.02417	0.906159	0.90321	0.901824	0.900281	0.900041	0.912299	1.06842	1.0686	1.11206	1.05991	1.10845	1.10542	1.0699	1.06752	1.05854	1.05743	1.07033	1.05793	1.06148	1.06601	1.06529	1.06557	1.06478	1.09476	1.07872	1.08663	1.07379	1.08156	1.06188	1.09056	1.06894	1.06968	1.07227	1.07155	1.06605	1.07199	1.09387	1.07436	1.07388	1.1343	1.07386	1.09188
ERR613455	0.887171	0.870035	0.877284	0.87837	0.885408	0.878312	0.913913	0.869361	0.865184	0.873949	0.869238	0.868676	0.777659	0	0.782079	0.75517	0.755541	0.780173	0.909521	0.904692	0.891954	0.903813	0.903991	0.901346	0.909521	0.904692	0.891954	0.903813	0.903991	0.901346	1.09627	1.11348	1.09622	1.09686	1.11546	1.11708	0.925294	0.937835	0.92752	0.938132	0.922855	0.91712	0.885381	0.868452	0.87692	0.885027	0.869048	0.892986	1.02303	1.01752	0.989105	1.01591	0.987671	1.0147	0.891778	0.888816	0.887669	0.886021	0.885419	0.897794	1.05168	1.052	1.0978	1.04345	1.09358	1.09065	1.05533	1.05333	1.0445	1.04327	1.05602	1.04389	1.0463	1.05007	1.0498	1.04989	1.04929	1.07879	1.06186	1.07068	1.05678	1.06527	1.0446	1.07431	1.05319	1.05375	1.0572	1.05619	1.05023	1.0566	1.07963	1.0582	1.05768	1.12232	1.05745	1.07744
ERR613460	0.903985	0.888987	0.895682	0.895813	0.902247	0.895965	0.931071	0.889286	0.885044	0.893478	0.888452	0.88855	0.795434	0.782079	0	0.782507	0.782897	0.797295	0.925212	0.922886	0.909888	0.920877	0.922537	0.918999	0.925212	0.922886	0.909888	0.920877	0.922537	0.918999	1.11048	1.12734	1.11023	1.111	1.12858	1.13085	0.943066	0.952573	0.943477	0.953561	0.940422	0.935012	0.899895	0.885106	0.893077	0.899261	0.88553	0.908794	1.03438	1.02796	1.00172	1.02677	0.999681	1.02507	0.909527	0.906718	0.905261	0.903594	0.903525	0.915077	1.06949	1.06959	1.11267	1.06093	1.10931	1.1064	1.0712	1.06904	1.05992	1.05891	1.07169	1.05958	1.06271	1.06682	1.06612	1.06626	1.066	1.09569	1.07927	1.08762	1.07453	1.08249	1.0628	1.09126	1.06985	1.07084	1.07304	1.0723	1.0669	1.07268	1.09471	1.07531	1.07497	1.13462	1.07467	1.09299
ERR613456	0.887996	0.871703	0.878651	0.879564	0.886575	0.879753	0.915169	0.870633	0.866364	0.874921	0.870229	0.869815	0.778091	0.75517	0.782507	0	0.756248	0.780766	0.909542	0.904868	0.891917	0.903649	0.904304	0.901274	0.909542	0.904868	0.891917	0.903649	0.904304	0.901274	1.0972	1.11454	1.09701	1.09776	1.11639	1.11785	0.925626	0.937848	0.927942	0.938808	0.923206	0.917724	0.886118	0.869159	0.878	0.885731	0.869665	0.894162	1.0228	1.01711	0.989196	1.0158	0.987349	1.01433	0.892839	0.889629	0.888443	0.887198	0.886311	0.898807	1.05215	1.05205	1.09751	1.04387	1.09359	1.09059	1.05656	1.05416	1.04548	1.04418	1.05714	1.0448	1.04735	1.05122	1.05068	1.05087	1.05024	1.07976	1.06316	1.07202	1.05824	1.06671	1.04571	1.07535	1.05447	1.05479	1.05824	1.05727	1.0513	1.05743	1.0806	1.05932	1.05856	1.12307	1.05869	1.07858
ERR613457	0.887559	0.870892	0.878029	0.879117	0.886339	0.879079	0.91446	0.869996	0.865792	0.874419	0.869758	0.86955	0.778786	0.755541	0.782897	0.756248	0	0.780976	0.909386	0.905072	0.892077	0.903777	0.904115	0.901403	0.909386	0.905072	0.892077	0.903777	0.904115	0.901403	1.09746	1.11489	1.09748	1.09795	1.11642	1.11818	0.925942	0.937795	0.92817	0.938692	0.923433	0.917402	0.886119	0.868964	0.877579	0.885368	0.869394	0.893949	1.02343	1.0178	0.989528	1.01635	0.988141	1.01499	0.892546	0.889568	0.888166	0.886675	0.886006	0.898447	1.05222	1.05279	1.09774	1.04428	1.09392	1.09113	1.05644	1.05415	1.04535	1.04418	1.05708	1.04474	1.04752	1.05131	1.05093	1.05101	1.05071	1.08018	1.06335	1.07224	1.05826	1.0669	1.04598	1.07565	1.05492	1.05523	1.05845	1.0577	1.0516	1.05774	1.08087	1.05943	1.05895	1.12332	1.05883	1.07858
ERR613459	0.9028	0.888049	0.894575	0.894712	0.901319	0.894976	0.930103	0.888231	0.884015	0.892037	0.887769	0.887694	0.793742	0.780173	0.797295	0.780766	0.780976	0	0.923729	0.92161	0.908716	0.919349	0.921489	0.917662	0.923729	0.92161	0.908716	0.919349	0.921489	0.917662	1.11033	1.12724	1.11012	1.11092	1.12874	1.13086	0.941921	0.951495	0.941918	0.95187	0.938975	0.933503	0.89898	0.884384	0.892155	0.898468	0.884862	0.908314	1.03356	1.0274	1.00034	1.02616	0.999194	1.02428	0.908132	0.905254	0.903975	0.902365	0.901977	0.914221	1.0689	1.06925	1.11255	1.06055	1.10884	1.10602	1.07061	1.0685	1.05958	1.05829	1.07108	1.05895	1.06256	1.06679	1.06617	1.06657	1.06592	1.09562	1.07923	1.08783	1.07475	1.08234	1.0628	1.09155	1.06996	1.07085	1.07332	1.07278	1.06709	1.0728	1.0947	1.07555	1.07495	1.1345	1.07473	1.09279
ERR605614	0.954346	0.938855	0.945643	0.945594	0.95226	0.94615	0.978607	0.937729	0.934316	0.942394	0.938019	0.93725	0.922714	0.909521	0.925212	0.909542	0.909386	0.923729	0	0.782834	0.776452	0.784032	0.782088	0.78278	0	0.782834	0.776452	0.784032	0.782088	0.78278	1.15055	1.16532	1.15059	1.15132	1.1667	1.16818	0.96008	0.975079	0.965506	0.970735	0.958651	0.953892	0.947414	0.93315	0.94058	0.947139	0.933165	0.956727	0.953743	0.954245	0.939431	0.952783	0.938978	0.952843	0.966216	0.963816	0.963114	0.961748	0.9615	0.971624	1.05154	1.05107	1.07496	1.04695	1.0726	1.07132	1.11051	1.1088	1.1011	1.0995	1.11038	1.10051	1.10767	1.11125	1.11069	1.11096	1.11025	1.13638	1.12252	1.12952	1.11866	1.12535	1.10827	1.13307	1.10409	1.10488	1.10724	1.10629	1.10174	1.10664	1.13625	1.11903	1.11853	1.17111	1.11869	1.13413
ERR605616	0.952115	0.936805	0.94297	0.944087	0.950188	0.943888	0.970719	0.93201	0.92983	0.936569	0.933049	0.931803	0.920577	0.904692	0.922886	0.904868	0.905072	0.92161	0.782834	0	0.772605	0.780497	0.772894	0.777783	0.782834	0	0.772605	0.780497	0.772894	0.777783	1.14864	1.16281	1.14855	1.14915	1.16455	1.16539	0.957888	0.975538	0.965754	0.971534	0.957087	0.952183	0.948399	0.932014	0.940241	0.948362	0.932569	0.953678	0.952158	0.955128	0.940059	0.952869	0.940407	0.953803	0.963212	0.960734	0.961248	0.959592	0.958637	0.967528	1.04889	1.0486	1.0739	1.04533	1.07107	1.06988	1.1072	1.10587	1.09898	1.09746	1.10767	1.09811	1.10626	1.10886	1.10868	1.10872	1.10781	1.13157	1.11882	1.1259	1.11423	1.12184	1.10448	1.12817	1.10182	1.10197	1.10594	1.10455	1.09926	1.10478	1.13369	1.11483	1.11404	1.16968	1.11454	1.1318
ERR605611	0.936383	0.919044	0.926803	0.927143	0.934176	0.927416	0.961934	0.918039	0.913942	0.923189	0.918718	0.917168	0.907016	0.891954	0.909888	0.891917	0.892077	0.908716	0.776452	0.772605	0	0.769077	0.771257	0.766623	0.776452	0.772605	0	0.769077	0.771257	0.766623	1.13758	1.15267	1.13764	1.13797	1.15421	1.15584	0.946679	0.962356	0.952223	0.958593	0.945228	0.939871	0.930288	0.914097	0.922669	0.929845	0.914266	0.939029	0.950683	0.950883	0.931874	0.948938	0.931655	0.948837	0.948232	0.945776	0.94564	0.943868	0.943415	0.954096	1.04194	1.0417	1.0706	1.03692	1.06775	1.06596	1.09571	1.09403	1.08618	1.08459	1.09578	1.08543	1.09189	1.09566	1.09517	1.09527	1.09444	1.12164	1.10724	1.11473	1.10286	1.1104	1.09195	1.11816	1.088	1.08844	1.09165	1.09051	1.08506	1.09085	1.12191	1.10367	1.10254	1.15936	1.10297	1.11976
ERR605613	0.949434	0.933505	0.94096	0.941235	0.947535	0.941211	0.972061	0.931667	0.928158	0.936029	0.931975	0.930928	0.918105	0.903813	0.920877	0.903649	0.903777	0.919349	0.784032	0.780497	0.769077	0	0.779403	0.775807	0.784032	0.780497	0.769077	0	0.779403	0.775807	1.14657	1.16095	1.14662	1.14705	1.1628	1.1641	0.95629	0.972383	0.962795	0.968609	0.955035	0.950398	0.943937	0.927846	0.935915	0.942812	0.92833	0.951138	0.951215	0.953218	0.937027	0.951495	0.936652	0.951522	0.961021	0.958456	0.958351	0.956755	0.956169	0.96611	1.04846	1.04814	1.07358	1.04388	1.07112	1.06976	1.10555	1.10439	1.09693	1.0952	1.10598	1.09607	1.10298	1.10631	1.10618	1.1061	1.10545	1.13077	1.11744	1.12462	1.11286	1.12062	1.10296	1.12749	1.09951	1.09981	1.10302	1.10158	1.09662	1.1021	1.13167	1.11383	1.11295	1.16745	1.11347	1.1296
ERR605615	0.951786	0.93626	0.942583	0.943761	0.950008	0.943358	0.969207	0.931149	0.929012	0.935359	0.932464	0.931085	0.919813	0.903991	0.922537	0.904304	0.904115	0.921489	0.782088	0.772894	0.771257	0.779403	0	0.777223	0.782088	0.772894	0.771257	0.779403	0	0.777223	1.14775	1.16179	1.1476	1.14812	1.1638	1.1644	0.957185	0.975583	0.965635	0.971621	0.956728	0.951519	0.948418	0.93157	0.939618	0.947882	0.932081	0.952831	0.951223	0.954493	0.939551	0.952495	0.939837	0.95339	0.962514	0.959535	0.959953	0.958616	0.957785	0.96644	1.04822	1.04799	1.07366	1.04474	1.07059	1.06955	1.10657	1.10526	1.09863	1.09705	1.10741	1.09728	1.10484	1.10738	1.10742	1.10762	1.10678	1.12988	1.1175	1.12456	1.11309	1.12037	1.10326	1.12662	1.10059	1.10085	1.1047	1.10312	1.09811	1.10361	1.13253	1.11319	1.11259	1.16893	1.11306	1.13026
ERR605612	0.946538	0.930185	0.937408	0.938186	0.944799	0.938399	0.969411	0.928342	0.924836	0.93306	0.929187	0.927919	0.915975	0.901346	0.918999	0.901274	0.901403	0.917662	0.78278	0.777783	0.766623	0.775807	0.777223	0	0.78278	0.777783	0.766623	0.775807	0.777223	0	1.14488	1.15946	1.14493	1.14551	1.16096	1.16248	0.954484	0.97061	0.960876	0.966914	0.952861	0.948143	0.941481	0.925356	0.933415	0.940953	0.925604	0.948546	0.952502	0.953982	0.937639	0.951871	0.937176	0.952408	0.958686	0.956049	0.95598	0.954448	0.953764	0.963651	1.04698	1.04684	1.07316	1.04247	1.07016	1.06894	1.10333	1.10203	1.09461	1.09306	1.10357	1.09393	1.10138	1.10458	1.10414	1.10433	1.10349	1.129	1.11541	1.12278	1.11092	1.11837	1.10085	1.12554	1.09725	1.09756	1.1007	1.09944	1.09428	1.09976	1.12981	1.11184	1.11081	1.16619	1.11111	1.12755
ERR605614	0.954346	0.938855	0.945643	0.945594	0.95226	0.94615	0.978607	0.937729	0.934316	0.942394	0.938019	0.93725	0.922714	0.909521	0.925212	0.909542	0.909386	0.923729	0	0.782834	0.776452	0.784032	0.782088	0.78278	0	0.782834	0.776452	0.784032	0.782088	0.78278	1.15055	1.16532	1.15059	1.15132	1.1667	1.16818	0.96008	0.975079	0.965506	0.970735	0.958651	0.953892	0.947414	0.93315	0.94058	0.947139	0.933165	0.956727	0.953743	0.954245	0.939431	0.952783	0.938978	0.952843	0.966216	0.963816	0.963114	0.961748	0.9615	0.971624	1.05154	1.05107	1.07496	1.04695	1.0726	1.07132	1.11051	1.1088	1.1011	1.0995	1.11038	1.10051	1.10767	1.11125	1.11069	1.11096	1.11025	1.13638	1.12252	1.12952	1.11866	1.12535	1.10827	1.13307	1.10409	1.10488	1.10724	1.10629	1.10174	1.10664	1.13625	1.11903	1.11853	1.17111	1.11869	1.13413
ERR605616	0.952115	0.936805	0.94297	0.944087	0.950188	0.943888	0.970719	0.93201	0.92983	0.936569	0.933049	0.931803	0.920577	0.904692	0.922886	0.904868	0.905072	0.92161	0.782834	0	0.772605	0.780497	0.772894	0.777783	0.782834	0	0.772605	0.780497	0.772894	0.777783	1.14864	1.16281	1.14855	1.14915	1.16455	1.16539	0.957888	0.975538	0.965754	0.971534	0.957087	0.952183	0.948399	0.932014	0.940241	0.948362	0.932569	0.953678	0.952158	0.955128	0.940059	0.952869	0.940407	0.953803	0.963212	0.960734	0.961248	0.959592	0.958637	0.967528	1.04889	1.0486	1.0739	1.04533	1.07107	1.06988	1.1072	1.10587	1.09898	1.09746	1.10767	1.09811	1.10626	1.10886	1.10868	1.10872	1.10781	1.13157	1.11882	1.1259	1.11423	1.12184	1.10448	1.12817	1.10182	1.10197	1.10594	1.10455	1.09926	1.10478	1.13369	1.11483	1.11404	1.16968	1.11454	1.1318
ERR605611	0.936383	0.919044	0.926803	0.927143	0.934176	0.927416	0.961934	0.918039	0.913942	0.923189	0.918718	0.917168	0.907016	0.891954	0.909888	0.891917	0.892077	0.908716	0.776452	0.772605	0	0.769077	0.771257	0.766623	0.776452	0.772605	0	0.769077	0.771257	0.766623	1.13758	1.15267	1.13764	1.13797	1.15421	1.15584	0.946679	0.962356	0.952223	0.958593	0.945228	0.939871	0.930288	0.914097	0.922669	0.929845	0.914266	0.939029	0.950683	0.950883	0.931874	0.948938	0.931655	0.948837	0.948232	0.945776	0.94564	0.943868	0.943415	0.954096	1.04194	1.0417	1.0706	1.03692	1.06775	1.06596	1.09571	1.09403	1.08618	1.08459	1.09578	1.08543	1.09189	1.09566	1.09517	1.09527	1.09444	1.12164	1.10724	1.11473	1.10286	1.1104	1.09195	1.11816	1.088	1.08844	1.09165	1.09051	1.08506	1.09085	1.12191	1.10367	1.10254	1.15936	1.10297	1.11976
ERR605613	0.949434	0.933505	0.94096	0.941235	0.947535	0.941211	0.972061	0.931667	0.928158	0.936029	0.931975	0.930928	0.918105	0.903813	0.920877	0.903649	0.903777	0.919349	0.784032	0.780497	0.769077	0	0.779403	0.775807	0.784032	0.780497	0.769077	0	0.779403	0.775807	1.14657	1.16095	1.14662	1.14705	1.1628	1.1641	0.95629	0.972383	0.962795	0.968609	0.955035	0.950398	0.943937	0.927846	0.935915	0.942812	0.92833	0.951138	0.951215	0.953218	0.937027	0.951495	0.936652	0.951522	0.961021	0.958456	0.958351	0.956755	0.956169	0.96611	1.04846	1.04814	1.07358	1.04388	1.07112	1.06976	1.10555	1.10439	1.09693	1.0952	1.10598	1.09607	1.10298	1.10631	1.10618	1.1061	1.10545	1.13077	1.11744	1.12462	1.11286	1.12062	1.10296	1.12749	1.09951	1.09981	1.10302	1.10158	1.09662	1.1021	1.13167	1.11383	1.11295	1.16745	1.11347	1.1296
ERR605615	0.951786	0.93626	0.942583	0.943761	0.950008	0.943358	0.969207	0.931149	0.929012	0.935359	0.932464	0.931085	0.919813	0.903991	0.922537	0.904304	0.904115	0.921489	0.782088	0.772894	0.771257	0.779403	0	0.777223	0.782088	0.772894	0.771257	0.779403	0	0.777223	1.14775	1.16179	1.1476	1.14812	1.1638	1.1644	0.957185	0.975583	0.965635	0.971621	0.956728	0.951519	0.948418	0.93157	0.939618	0.947882	0.932081	0.952831	0.951223	0.954493	0.939551	0.952495	0.939837	0.95339	0.962514	0.959535	0.959953	0.958616	0.957785	0.96644	1.04822	1.04799	1.07366	1.04474	1.07059	1.06955	1.10657	1.10526	1.09863	1.09705	1.10741	1.09728	1.10484	1.10738	1.10742	1.10762	1.10678	1.12988	1.1175	1.12456	1.11309	1.12037	1.10326	1.12662	1.10059	1.10085	1.1047	1.10312	1.09811	1.10361	1.13253	1.11319	1.11259	1.16893	1.11306	1.13026
ERR605612	0.946538	0.930185	0.937408	0.938186	0.944799	0.938399	0.969411	0.928342	0.924836	0.93306	0.929187	0.927919	0.915975	0.901346	0.918999	0.901274	0.901403	0.917662	0.78278	0.777783	0.766623	0.775807	0.777223	0	0.78278	0.777783	0.766623	0.775807	0.777223	0	1.14488	1.15946	1.14493	1.14551	1.16096	1.16248	0.954484	0.97061	0.960876	0.966914	0.952861	0.948143	0.941481	0.925356	0.933415	0.940953	0.925604	0.948546	0.952502	0.953982	0.937639	0.951871	0.937176	0.952408	0.958686	0.956049	0.95598	0.954448	0.953764	0.963651	1.04698	1.04684	1.07316	1.04247	1.07016	1.06894	1.10333	1.10203	1.09461	1.09306	1.10357	1.09393	1.10138	1.10458	1.10414	1.10433	1.10349	1.129	1.11541	1.12278	1.11092	1.11837	1.10085	1.12554	1.09725	1.09756	1.1007	1.09944	1.09428	1.09976	1.12981	1.11184	1.11081	1.16619	1.11111	1.12755
ERR614838	1.07415	1.06024	1.06685	1.06721	1.07272	1.06797	1.14479	1.10992	1.10509	1.11418	1.10972	1.10943	1.10965	1.09627	1.11048	1.0972	1.09746	1.11033	1.15055	1.14864	1.13758	1.14657	1.14775	1.14488	1.15055	1.14864	1.13758	1.14657	1.14775	1.14488	0	0.759378	0.729975	0.731508	0.764197	0.764192	1.12254	1.12626	1.12094	1.12755	1.11967	1.11605	1.11034	1.10009	1.107	1.11031	1.09909	1.1191	1.10865	1.09922	1.07065	1.09832	1.06869	1.09508	1.11173	1.10991	1.10999	1.10865	1.10793	1.11668	0.982882	0.983499	1.04058	0.973505	1.03739	1.03343	1.00449	1.00269	0.992396	0.991871	1.00512	0.99375	0.940302	0.944963	0.943172	0.942792	0.943245	0.980709	0.924241	0.934115	0.918111	0.927435	0.906958	0.938054	0.957141	0.958518	0.961639	0.959566	0.95443	0.959935	0.985341	0.96231	0.962022	1.0393	0.961698	0.98417
ERR614836	1.09208	1.07888	1.08492	1.08534	1.09086	1.08632	1.15848	1.12684	1.12251	1.13054	1.12668	1.12628	1.12645	1.11348	1.12734	1.11454	1.11489	1.12724	1.16532	1.16281	1.15267	1.16095	1.16179	1.15946	1.16532	1.16281	1.15267	1.16095	1.16179	1.15946	0.759378	0	0.759465	0.760061	0.780985	0.779914	1.13795	1.14208	1.13694	1.14305	1.13545	1.13206	1.12824	1.11843	1.12477	1.12818	1.11753	1.13551	1.12266	1.11485	1.08876	1.11352	1.08679	1.11106	1.12806	1.1265	1.1271	1.12573	1.12503	1.13287	1.0049	1.0052	1.05719	0.996778	1.05437	1.05092	1.02381	1.02219	1.01347	1.01309	1.02462	1.01439	0.96672	0.970317	0.969171	0.968739	0.968992	1.00108	0.948761	0.956994	0.943032	0.951483	0.93345	0.960387	0.981668	0.982263	0.985797	0.983741	0.979333	0.984014	1.00836	0.987184	0.986424	1.05805	0.98608	1.00712
ERR614840	1.07427	1.06016	1.06706	1.06714	1.07285	1.06802	1.14477	1.11003	1.10512	1.11408	1.10942	1.10954	1.10963	1.09622	1.11023	1.09701	1.09748	1.11012	1.15059	1.14855	1.13764	1.14662	1.1476	1.14493	1.15059	1.14855	1.13764	1.14662	1.1476	1.14493	0.729975	0.759465	0	0.731116	0.764103	0.764025	1.12238	1.12625	1.12096	1.1273	1.11969	1.11589	1.11059	1.1001	1.10703	1.11036	1.09906	1.11914	1.10896	1.09986	1.07105	1.09869	1.06902	1.09556	1.11172	1.10984	1.11006	1.10855	1.10805	1.11694	0.982956	0.983227	1.0404	0.973137	1.03761	1.03327	1.0044	1.00239	0.99215	0.991511	1.00519	0.993218	0.941049	0.945617	0.944144	0.94371	0.944125	0.981319	0.924343	0.934124	0.917982	0.927441	0.90676	0.938065	0.956738	0.957929	0.961261	0.959296	0.954197	0.959593	0.985971	0.962723	0.962032	1.03976	0.961943	0.984324
ERR614839	1.0748	1.0604	1.06762	1.0679	1.07349	1.06859	1.14514	1.11069	1.10574	1.11462	1.11033	1.10985	1.11011	1.09686	1.111	1.09776	1.09795	1.11092	1.15132	1.14915	1.13797	1.14705	1.14812	1.14551	1.15132	1.14915	1.13797	1.14705	1.14812	1.14551	0.731508	0.760061	0.731116	0	0.765083	0.76527	1.12314	1.12685	1.12158	1.12798	1.12016	1.11655	1.11093	1.10089	1.1077	1.11131	1.09957	1.11979	1.10909	1.1	1.07139	1.09887	1.06962	1.09568	1.11223	1.11036	1.11081	1.10914	1.10874	1.11709	0.983396	0.983986	1.04091	0.974213	1.03779	1.03384	1.00513	1.00285	0.992646	0.992626	1.00549	0.993735	0.941238	0.946093	0.944346	0.944033	0.944091	0.981277	0.924716	0.934397	0.918908	0.927389	0.907426	0.938613	0.957588	0.958861	0.962194	0.959839	0.95505	0.960544	0.986307	0.963094	0.962723	1.04028	0.962346	0.984846
ERR614837	1.09334	1.08046	1.08669	1.08692	1.09196	1.08768	1.16086	1.12882	1.12457	1.13257	1.12854	1.12824	1.12822	1.11546	1.12858	1.11639	1.11642	1.12874	1.1667	1.16455	1.15421	1.1628	1.1638	1.16096	1.1667	1.16455	1.15421	1.1628	1.1638	1.16096	0.764197	0.780985	0.764103	0.765083	0	0.784105	1.13963	1.14321	1.13826	1.14431	1.13682	1.13375	1.12962	1.11978	1.12615	1.1296	1.11878	1.13733	1.12362	1.11539	1.08918	1.11413	1.08725	1.11135	1.13015	1.12822	1.12891	1.1275	1.1271	1.13466	1.00694	1.00718	1.0593	0.99856	1.05625	1.05255	1.02518	1.0234	1.01493	1.01452	1.02581	1.01587	0.968631	0.972772	0.971806	0.970851	0.971216	1.00421	0.952561	0.96051	0.946978	0.954746	0.93717	0.964338	0.983322	0.984384	0.987496	0.98558	0.980848	0.986007	1.01058	0.989404	0.988749	1.05963	0.988761	1.00878
ERR614835	1.09619	1.08345	1.0893	1.09006	1.09491	1.09031	1.16099	1.13045	1.12629	1.13384	1.13032	1.12986	1.13016	1.11708	1.13085	1.11785	1.11818	1.13086	1.16818	1.16539	1.15584	1.1641	1.1644	1.16248	1.16818	1.16539	1.15584	1.1641	1.1644	1.16248	0.764192	0.779914	0.764025	0.76527	0.784105	0	1.1413	1.14553	1.14082	1.14678	1.13877	1.13566	1.13238	1.12235	1.12902	1.1325	1.12156	1.13892	1.1256	1.11835	1.0928	1.11693	1.09091	1.11469	1.13199	1.13031	1.13092	1.12952	1.12876	1.13631	1.0085	1.00919	1.06039	1.00098	1.05725	1.05404	1.02799	1.02663	1.01847	1.01825	1.02918	1.01941	0.971549	0.975181	0.973694	0.973051	0.973452	1.00434	0.953115	0.961463	0.947876	0.955707	0.938281	0.964284	0.985877	0.986476	0.990765	0.988002	0.983842	0.988695	1.01207	0.99016	0.989865	1.06118	0.989758	1.01063
ERR618550	0.934989	0.920415	0.926934	0.927406	0.934112	0.927175	0.93239	0.892887	0.888613	0.8966	0.891869	0.892123	0.940348	0.925294	0.943066	0.925626	0.925942	0.941921	0.96008	0.957888	0.946679	0.95629	0.957185	0.954484	0.96008	0.957888	0.946679	0.95629	0.957185	0.954484	1.12254	1.13795	1.12238	1.12314	1.13963	1.1413	0	0.833944	0.824566	0.832954	0.816443	0.811015	0.92185	0.908787	0.916823	0.92179	0.908082	0.93032	1.07401	1.06714	1.04677	1.06638	1.04486	1.06472	0.871748	0.869074	0.867841	0.866201	0.865891	0.878727	1.05927	1.05887	1.09137	1.05307	1.08879	1.08676	1.0879	1.0864	1.07833	1.07693	1.08805	1.07768	1.07353	1.07726	1.07693	1.07735	1.07666	1.10387	1.09533	1.10336	1.09083	1.09895	1.08042	1.10663	1.08154	1.08277	1.08511	1.08446	1.0796	1.08447	1.10074	1.0839	1.08306	1.13695	1.08296	1.09902
ERR618553	0.941992	0.927919	0.935137	0.933873	0.941202	0.934892	0.945831	0.903596	0.898662	0.907743	0.902014	0.903353	0.950255	0.937835	0.952573	0.937848	0.937795	0.951495	0.975079	0.975538	0.962356	0.972383	0.975583	0.97061	0.975079	0.975538	0.962356	0.972383	0.975583	0.97061	1.12626	1.14208	1.12625	1.12685	1.14321	1.14553	0.833944	0	0.828626	0.836578	0.829878	0.824732	0.925489	0.914229	0.922323	0.925052	0.913584	0.937909	1.0862	1.07653	1.05488	1.07566	1.05336	1.07358	0.880742	0.878864	0.876015	0.874248	0.875044	0.889109	1.07019	1.06991	1.1027	1.06257	1.10091	1.09837	1.09346	1.09163	1.08251	1.08127	1.09308	1.08193	1.07715	1.08191	1.08104	1.08103	1.0808	1.11043	1.10181	1.10962	1.0977	1.10491	1.08682	1.11416	1.08627	1.08807	1.08924	1.08874	1.08443	1.08854	1.1049	1.08972	1.08873	1.13958	1.08836	1.10326
ERR618552	0.932867	0.918361	0.925787	0.924643	0.932142	0.925532	0.936864	0.893884	0.888212	0.897449	0.891469	0.892883	0.941024	0.92752	0.943477	0.927942	0.92817	0.941918	0.965506	0.965754	0.952223	0.962795	0.965635	0.960876	0.965506	0.965754	0.952223	0.962795	0.965635	0.960876	1.12094	1.13694	1.12096	1.12158	1.13826	1.14082	0.824566	0.828626	0	0.827531	0.820024	0.815067	0.916433	0.904195	0.912764	0.915615	0.903501	0.928726	1.07941	1.07012	1.04824	1.06927	1.04639	1.06722	0.870963	0.868682	0.866324	0.864478	0.864656	0.880262	1.06316	1.0632	1.09666	1.05584	1.09467	1.09218	1.08759	1.0857	1.07683	1.07528	1.08738	1.07619	1.07105	1.07583	1.07503	1.07502	1.07468	1.10497	1.09543	1.10338	1.09135	1.09873	1.08023	1.10793	1.08001	1.08159	1.08271	1.08229	1.07781	1.0823	1.09915	1.08344	1.08247	1.13501	1.08208	1.09743
ERR618554	0.944314	0.929776	0.937116	0.935978	0.943361	0.937032	0.947234	0.905734	0.900444	0.909659	0.903951	0.905199	0.950979	0.938132	0.953561	0.938808	0.938692	0.95187	0.970735	0.971534	0.958593	0.968609	0.971621	0.966914	0.970735	0.971534	0.958593	0.968609	0.971621	0.966914	1.12755	1.14305	1.1273	1.12798	1.14431	1.14678	0.832954	0.836578	0.827531	0	0.829021	0.823494	0.927665	0.916323	0.924388	0.927156	0.915549	0.939923	1.08133	1.07186	1.05163	1.0715	1.04988	1.06943	0.882746	0.880404	0.878124	0.876646	0.876701	0.890831	1.06734	1.06727	1.09834	1.0605	1.09624	1.09386	1.09497	1.09297	1.08416	1.08275	1.09459	1.08365	1.07866	1.0834	1.0828	1.08261	1.08245	1.11201	1.10331	1.11103	1.09901	1.10625	1.08833	1.11527	1.08789	1.0896	1.09036	1.08985	1.08581	1.09021	1.10593	1.09083	1.09021	1.14068	1.08974	1.10422
ERR618551	0.931885	0.917113	0.924492	0.924039	0.93117	0.92429	0.931338	0.890437	0.885326	0.893991	0.889188	0.889874	0.937878	0.922855	0.940422	0.923206	0.923433	0.938975	0.958651	0.957087	0.945228	0.955035	0.956728	0.952861	0.958651	0.957087	0.945228	0.955035	0.956728	0.952861	1.11967	1.13545	1.11969	1.12016	1.13682	1.13877	0.816443	0.829878	0.820024	0.829021	0	0.807761	0.917799	0.904588	0.913074	0.917195	0.903876	0.927366	1.07237	1.06492	1.04393	1.06404	1.04229	1.06219	0.869094	0.866677	0.86473	0.863108	0.862794	0.876456	1.05689	1.05685	1.08958	1.05029	1.08719	1.08483	1.08532	1.08365	1.07492	1.07389	1.08547	1.07461	1.06982	1.07365	1.07345	1.07353	1.07319	1.10107	1.09245	1.10063	1.08786	1.09573	1.07699	1.10398	1.0784	1.07965	1.08158	1.08084	1.07636	1.08118	1.09766	1.08069	1.08005	1.13393	1.07973	1.09603
ERR618549	0.926096	0.910548	0.918241	0.918148	0.925141	0.91827	0.926767	0.884104	0.878978	0.888038	0.882456	0.883321	0.93216	0.91712	0.935012	0.917724	0.917402	0.933503	0.953892	0.952183	0.939871	0.950398	0.951519	0.948143	0.953892	0.952183	0.939871	0.950398	0.951519	0.948143	1.11605	1.13206	1.11589	1.11655	1.13375	1.13566	0.811015	0.824732	0.815067	0.823494	0.807761	0	0.911865	0.897745	0.90667	0.910796	0.897892	0.921814	1.06983	1.06167	1.04046	1.0609	1.03854	1.05945	0.862182	0.859904	0.858199	0.856456	0.8564	0.870473	1.0539	1.05346	1.08766	1.04679	1.08487	1.08252	1.08107	1.07958	1.07081	1.0693	1.08124	1.07029	1.06532	1.06978	1.0693	1.06938	1.06896	1.09795	1.08833	1.09653	1.08376	1.09191	1.0727	1.10038	1.07412	1.07536	1.07736	1.07674	1.07168	1.0769	1.09418	1.07694	1.0762	1.13135	1.07607	1.09236
ERR613969	0.905174	0.889429	0.897595	0.896416	0.903774	0.897656	0.905325	0.853496	0.846817	0.858582	0.851427	0.852592	0.89756	0.885381	0.899895	0.886118	0.886119	0.89898	0.947414	0.948399	0.930288	0.943937	0.948418	0.941481	0.947414	0.948399	0.930288	0.943937	0.948418	0.941481	1.11034	1.12824	1.11059	1.11093	1.12962	1.13238	0.92185	0.925489	0.916433	0.927665	0.917799	0.911865	0	0.767384	0.779834	0.779979	0.767537	0.803976	1.08676	1.07539	1.04292	1.0739	1.04117	1.07082	0.879983	0.87769	0.873817	0.871493	0.872638	0.888539	1.08384	1.0837	1.13077	1.07322	1.12811	1.12443	1.07497	1.07272	1.06206	1.06061	1.07457	1.06149	1.05437	1.06048	1.05972	1.05969	1.0595	1.094	1.08459	1.09286	1.07999	1.08787	1.06793	1.09792	1.06205	1.0639	1.06499	1.06451	1.05938	1.06443	1.08752	1.07079	1.06978	1.12719	1.06927	1.08545
ERR613971	0.890475	0.873535	0.88209	0.881178	0.889162	0.882326	0.890027	0.835749	0.829019	0.84145	0.834157	0.834557	0.882659	0.868452	0.885106	0.869159	0.868964	0.884384	0.93315	0.932014	0.914097	0.927846	0.93157	0.925356	0.93315	0.932014	0.914097	0.927846	0.93157	0.925356	1.10009	1.11843	1.1001	1.10089	1.11978	1.12235	0.908787	0.914229	0.904195	0.916323	0.904588	0.897745	0.767384	0	0.762443	0.766921	0.749573	0.788444	1.07678	1.06603	1.0327	1.06448	1.03081	1.06172	0.86498	0.862532	0.858688	0.856289	0.85678	0.873614	1.07175	1.07167	1.12104	1.06105	1.11776	1.114	1.06229	1.06014	1.04982	1.04783	1.06199	1.04912	1.04263	1.04831	1.04739	1.04755	1.04685	1.08208	1.07186	1.08067	1.06699	1.07533	1.05441	1.08537	1.0496	1.05118	1.053	1.05227	1.04659	1.05219	1.07713	1.0585	1.05788	1.11909	1.05764	1.07489
ERR613967	0.899281	0.883258	0.891249	0.89027	0.898347	0.891391	0.896694	0.846008	0.839868	0.850617	0.844392	0.844925	0.890183	0.87692	0.893077	0.878	0.877579	0.892155	0.94058	0.940241	0.922669	0.935915	0.939618	0.933415	0.94058	0.940241	0.922669	0.935915	0.939618	0.933415	1.107	1.12477	1.10703	1.1077	1.12615	1.12902	0.916823	0.922323	0.912764	0.924388	0.913074	0.90667	0.779834	0.762443	0	0.77913	0.760071	0.795558	1.0819	1.07176	1.039	1.07028	1.03741	1.06748	0.873304	0.871065	0.867704	0.86553	0.866063	0.881439	1.07927	1.07921	1.12729	1.06907	1.12408	1.12071	1.06976	1.06786	1.05742	1.05596	1.06976	1.05687	1.05088	1.0563	1.05581	1.05565	1.05506	1.08893	1.07928	1.08788	1.07486	1.08274	1.06289	1.09256	1.05791	1.05943	1.06107	1.06055	1.05494	1.06041	1.08424	1.06622	1.06549	1.12477	1.06502	1.08209
ERR613970	0.905191	0.889257	0.89753	0.896274	0.903872	0.897305	0.904713	0.853035	0.846374	0.858138	0.85086	0.851741	0.896732	0.885027	0.899261	0.885731	0.885368	0.898468	0.947139	0.948362	0.929845	0.942812	0.947882	0.940953	0.947139	0.948362	0.929845	0.942812	0.947882	0.940953	1.11031	1.12818	1.11036	1.11131	1.1296	1.1325	0.92179	0.925052	0.915615	0.927156	0.917195	0.910796	0.779979	0.766921	0.77913	0	0.767197	0.803641	1.08627	1.07472	1.04265	1.07351	1.04069	1.07042	0.879333	0.8771	0.872967	0.870547	0.871729	0.888054	1.08362	1.08374	1.13067	1.07303	1.12786	1.12438	1.07456	1.07249	1.0616	1.06028	1.07415	1.06144	1.05455	1.06018	1.0596	1.05959	1.05913	1.09397	1.08459	1.09308	1.08012	1.0876	1.06816	1.09786	1.06214	1.06381	1.0646	1.06427	1.0594	1.06441	1.08764	1.07082	1.07005	1.12714	1.06941	1.08562
ERR613966	0.890102	0.872615	0.880972	0.880242	0.888646	0.881519	0.891422	0.836394	0.829151	0.841938	0.83438	0.835355	0.882772	0.869048	0.88553	0.869665	0.869394	0.884862	0.933165	0.932569	0.914266	0.92833	0.932081	0.925604	0.933165	0.932569	0.914266	0.92833	0.932081	0.925604	1.09909	1.11753	1.09906	1.09957	1.11878	1.12156	0.908082	0.913584	0.903501	0.915549	0.903876	0.897892	0.767537	0.749573	0.760071	0.767197	0	0.785828	1.07679	1.06584	1.03207	1.06433	1.03001	1.06126	0.865455	0.862559	0.85926	0.85709	0.857442	0.8741	1.0707	1.07056	1.1203	1.05967	1.11693	1.11342	1.06096	1.05881	1.04835	1.04647	1.06074	1.0474	1.04091	1.04691	1.04613	1.04596	1.04556	1.08121	1.07075	1.07941	1.06583	1.07388	1.0531	1.08404	1.04783	1.0496	1.05095	1.05064	1.04507	1.05052	1.07577	1.05765	1.05685	1.11752	1.05606	1.07345
ERR613968	0.916193	0.901935	0.908388	0.908534	0.915289	0.908779	0.905592	0.861826	0.857844	0.866374	0.86161	0.861356	0.906417	0.892986	0.908794	0.894162	0.893949	0.908314	0.956727	0.953678	0.939029	0.951138	0.952831	0.948546	0.956727	0.953678	0.939029	0.951138	0.952831	0.948546	1.1191	1.13551	1.11914	1.11979	1.13733	1.13892	0.93032	0.937909	0.928726	0.939923	0.927366	0.921814	0.803976	0.788444	0.795558	0.803641	0.785828	0	1.09247	1.08395	1.05377	1.08256	1.05215	1.08053	0.889105	0.88652	0.88397	0.882261	0.882376	0.894764	1.09152	1.09166	1.13765	1.0827	1.13428	1.13097	1.08344	1.08177	1.07277	1.07134	1.08378	1.07196	1.06626	1.07045	1.0701	1.07031	1.06941	1.09932	1.09162	1.09962	1.08672	1.095	1.07558	1.10313	1.07229	1.07327	1.07583	1.07482	1.06916	1.07469	1.09674	1.07881	1.07796	1.13571	1.07788	1.09484
