	ERR617111	ERR617107	ERR617108	ERR617109	ERR617112	ERR617110	ERR630993	ERR630990	ERR630995	ERR630991	ERR630992	ERR630994	ERR617527	ERR617525	ERR617524	ERR617523	ERR617526	ERR617528	ERR637059	ERR637060	ERR637062	ERR637057	ERR637061	ERR637058	ERR608153	ERR608149	ERR608151	ERR608154	ERR608152	ERR608150	ERR626888	ERR626889	ERR626886	ERR626887	ERR626885	ERR626890	ERR607805	ERR607808	ERR607806	ERR607810	ERR607809	ERR607807	ERR605534	ERR605535	ERR605538	ERR605536	ERR605533	ERR605537	ERR617071	ERR617070	ERR617073	ERR617069	ERR617074	ERR617072	ERR630219	ERR630222	ERR630223	ERR630218	ERR630221	ERR630220	ERR616181	ERR616184	ERR616182	ERR616179	ERR616180	ERR616183	ERR616804	ERR616801	ERR616799	ERR616803	ERR616802	ERR616800	ERR631301	ERR631297	ERR631302	ERR631298	ERR631300	ERR631299	ERR638283	ERR638279	ERR638284	ERR638280	ERR638281	ERR638282	ERR616804	ERR616801	ERR616799	ERR616803	ERR616802	ERR616800	ERR611351	ERR611350	ERR611352	ERR611348	ERR611349	ERR611347
ERR617111	0	0.287095	0.297849	0.30025	0.278047	0.277657	0.397742	0.398242	0.399619	0.400211	0.40265	0.397661	0.426377	0.404605	0.404213	0.392695	0.422975	0.407317	0.417789	0.416991	0.417134	0.416779	0.417027	0.420206	0.390126	0.357585	0.386082	0.368795	0.387406	0.371595	0.373105	0.371784	0.377785	0.379826	0.395234	0.39752	0.383499	0.363167	0.402458	0.371711	0.369766	0.40125	0.387795	0.385669	0.391462	0.39231	0.392113	0.390423	0.485286	0.483454	0.472512	0.477056	0.471982	0.47286	0.460024	0.462299	0.46808	0.46149	0.463223	0.458647	0.517623	0.530065	0.526401	0.511039	0.520733	0.52547	0.467387	0.442752	0.459058	0.467346	0.464084	0.448971	0.401666	0.403851	0.402066	0.403194	0.40201	0.425956	0.502812	0.47137	0.494984	0.473417	0.469767	0.50238	0.467387	0.442752	0.459058	0.467346	0.464084	0.448971	0.509385	0.508529	0.508621	0.512716	0.513424	0.511692
ERR617107	0.287095	0	0.275026	0.276063	0.286817	0.28429	0.391664	0.387924	0.395877	0.390799	0.388611	0.39095	0.397383	0.381109	0.380514	0.371544	0.394453	0.382263	0.387496	0.388049	0.386923	0.388892	0.387491	0.388105	0.361309	0.357811	0.358377	0.348208	0.359128	0.350674	0.360859	0.360815	0.354966	0.355754	0.366397	0.368673	0.357087	0.343281	0.371021	0.348017	0.346942	0.371934	0.378877	0.380722	0.383035	0.38323	0.37889	0.381153	0.468315	0.467406	0.467625	0.464076	0.467133	0.467003	0.448027	0.444409	0.455526	0.441857	0.446051	0.447653	0.4983	0.505649	0.502564	0.491261	0.498493	0.501802	0.460267	0.423035	0.447207	0.460314	0.456553	0.431933	0.378006	0.378978	0.37827	0.378609	0.378449	0.396286	0.478148	0.457687	0.475147	0.458091	0.456149	0.477764	0.460267	0.423035	0.447207	0.460314	0.456553	0.431933	0.486939	0.491451	0.486018	0.490819	0.489463	0.48938
ERR617108	0.297849	0.275026	0	0.270429	0.298026	0.294202	0.394026	0.387294	0.398211	0.389321	0.385578	0.39301	0.383972	0.369477	0.369059	0.363688	0.38105	0.371698	0.384774	0.385839	0.383773	0.387389	0.384954	0.383351	0.353523	0.366552	0.352101	0.345884	0.351703	0.347778	0.354108	0.354889	0.3474	0.347057	0.355971	0.357207	0.352317	0.33953	0.362326	0.341501	0.340698	0.366262	0.378787	0.381732	0.381578	0.38149	0.376294	0.379704	0.463754	0.463348	0.470637	0.463711	0.470691	0.469381	0.453503	0.44669	0.461733	0.443429	0.448963	0.453478	0.489579	0.496291	0.493306	0.48344	0.489358	0.492949	0.467883	0.424032	0.454065	0.468186	0.464308	0.434418	0.371676	0.371228	0.371304	0.37027	0.371642	0.386738	0.47559	0.460633	0.476598	0.460345	0.458838	0.475444	0.467883	0.424032	0.454065	0.468186	0.464308	0.434418	0.486419	0.495334	0.485335	0.489903	0.486924	0.488218
ERR617109	0.30025	0.276063	0.270429	0	0.300493	0.296386	0.398064	0.390625	0.402502	0.39271	0.388435	0.396909	0.381123	0.367344	0.367314	0.362562	0.378577	0.369841	0.383883	0.385414	0.38305	0.387515	0.384596	0.382388	0.352989	0.372009	0.351842	0.34687	0.351092	0.349442	0.353974	0.354968	0.345166	0.345022	0.35255	0.354211	0.351944	0.340384	0.360689	0.34182	0.341339	0.364643	0.378653	0.38274	0.38182	0.381592	0.375355	0.379254	0.460263	0.460321	0.468118	0.460957	0.468233	0.466791	0.456485	0.44886	0.464997	0.445349	0.451361	0.45716	0.48763	0.492595	0.489897	0.481289	0.486421	0.489548	0.471	0.425574	0.457249	0.471262	0.467252	0.436792	0.370849	0.37	0.37057	0.369089	0.371128	0.384654	0.474331	0.461552	0.47567	0.461181	0.459471	0.474405	0.471	0.425574	0.457249	0.471262	0.467252	0.436792	0.485414	0.495255	0.484234	0.489308	0.485805	0.487491
ERR617112	0.278047	0.286817	0.298026	0.300493	0	0.277903	0.398757	0.399009	0.400992	0.401895	0.403026	0.398151	0.42586	0.405562	0.405199	0.39307	0.422804	0.407137	0.413077	0.412662	0.412773	0.412387	0.412592	0.415918	0.388505	0.356866	0.384315	0.367381	0.385901	0.370531	0.376849	0.375599	0.378022	0.380185	0.394789	0.396819	0.381326	0.36294	0.399874	0.371311	0.36993	0.398022	0.389607	0.388055	0.393669	0.394562	0.393424	0.392511	0.485811	0.484017	0.472438	0.477034	0.471372	0.472654	0.455997	0.458043	0.463531	0.457128	0.458878	0.455264	0.519459	0.52968	0.526227	0.51229	0.521606	0.525173	0.463844	0.439234	0.455158	0.463772	0.460577	0.445686	0.400692	0.40326	0.401262	0.403258	0.401268	0.424142	0.49969	0.469532	0.49123	0.471214	0.468388	0.498958	0.463844	0.439234	0.455158	0.463772	0.460577	0.445686	0.505969	0.504558	0.505316	0.510026	0.510557	0.508858
ERR617110	0.277657	0.28429	0.294202	0.296386	0.277903	0	0.397393	0.397331	0.39945	0.39928	0.401202	0.397068	0.423048	0.401972	0.401395	0.390421	0.419814	0.404313	0.413296	0.412974	0.412942	0.412602	0.412828	0.415503	0.386428	0.357077	0.382428	0.365584	0.383841	0.368604	0.371446	0.370094	0.374376	0.37616	0.391051	0.393383	0.379752	0.360261	0.397758	0.368393	0.366635	0.397212	0.386774	0.385254	0.390675	0.391121	0.390412	0.389281	0.481934	0.480362	0.47016	0.474078	0.469367	0.470302	0.458128	0.459877	0.466346	0.458781	0.46087	0.457361	0.514396	0.526363	0.522883	0.507948	0.517395	0.521926	0.465895	0.439546	0.457122	0.465799	0.462487	0.446267	0.398154	0.400476	0.398459	0.39979	0.398712	0.421917	0.498776	0.468396	0.491283	0.470208	0.4669	0.498269	0.465895	0.439546	0.457122	0.465799	0.462487	0.446267	0.505532	0.50514	0.504684	0.508989	0.5095	0.50793
ERR630993	0.397742	0.391664	0.394026	0.398064	0.398757	0.397393	0	0.267941	0.268756	0.270764	0.272002	0.265431	0.393637	0.375943	0.374766	0.363807	0.390329	0.375986	0.397991	0.389335	0.391423	0.3859	0.389527	0.396836	0.363509	0.334832	0.35948	0.343858	0.360301	0.34341	0.357242	0.356366	0.354542	0.358005	0.372037	0.372439	0.385435	0.375326	0.401045	0.378896	0.378008	0.400657	0.434868	0.431947	0.436776	0.437035	0.438198	0.436198	0.583125	0.582841	0.586347	0.581288	0.585747	0.585563	0.355021	0.36196	0.367212	0.366453	0.363456	0.348802	0.54467	0.545232	0.542844	0.536251	0.542419	0.541634	0.382799	0.371594	0.379527	0.383314	0.381982	0.371705	0.394238	0.399827	0.395202	0.400168	0.394742	0.414821	0.502931	0.480888	0.498984	0.481854	0.481677	0.502693	0.382799	0.371594	0.379527	0.383314	0.381982	0.371705	0.501111	0.497845	0.500342	0.494753	0.499976	0.496935
ERR630990	0.398242	0.387924	0.387294	0.390625	0.399009	0.397331	0.267941	0	0.273646	0.268618	0.264952	0.266377	0.37822	0.362802	0.362042	0.352818	0.375134	0.363099	0.385607	0.377574	0.379153	0.374626	0.377584	0.383721	0.350288	0.338385	0.347034	0.334956	0.347505	0.334419	0.351657	0.351729	0.343092	0.346156	0.35747	0.357816	0.375409	0.3678	0.388004	0.369488	0.369225	0.388803	0.430554	0.429534	0.432647	0.432554	0.432197	0.431658	0.576411	0.576743	0.583344	0.576501	0.582837	0.582258	0.350029	0.353676	0.362272	0.356781	0.355529	0.345277	0.536294	0.533397	0.531257	0.527489	0.532128	0.5304	0.379687	0.362187	0.375099	0.380302	0.378769	0.364042	0.383913	0.388425	0.384832	0.388898	0.38434	0.401182	0.493466	0.477364	0.491489	0.477632	0.478201	0.493502	0.379687	0.362187	0.375099	0.380302	0.378769	0.364042	0.49194	0.49123	0.491073	0.486257	0.490288	0.48799
ERR630995	0.399619	0.395877	0.398211	0.402502	0.400992	0.39945	0.268756	0.273646	0	0.27295	0.277757	0.269007	0.40204	0.381738	0.380291	0.369999	0.398411	0.383675	0.412798	0.403853	0.406134	0.400263	0.404117	0.411347	0.375209	0.338617	0.371246	0.353322	0.371476	0.352824	0.357808	0.356244	0.362075	0.365506	0.381854	0.382389	0.395563	0.381675	0.412125	0.385671	0.384512	0.412357	0.436884	0.432598	0.437919	0.438451	0.440994	0.437978	0.584946	0.584508	0.587309	0.582822	0.587206	0.586804	0.368482	0.376951	0.381417	0.381437	0.378267	0.360776	0.545643	0.551094	0.548259	0.538326	0.545942	0.547308	0.394772	0.385339	0.392408	0.395475	0.39425	0.384801	0.401373	0.407104	0.402094	0.406549	0.40194	0.424532	0.512465	0.486106	0.508316	0.487514	0.486372	0.512262	0.394772	0.385339	0.392408	0.395475	0.39425	0.384801	0.511112	0.507733	0.510347	0.503917	0.509623	0.506383
ERR630991	0.400211	0.390799	0.389321	0.39271	0.401895	0.39928	0.270764	0.268618	0.27295	0	0.268752	0.270678	0.383971	0.364922	0.364154	0.356731	0.380539	0.368446	0.404163	0.395721	0.397054	0.392721	0.395642	0.401194	0.361826	0.343445	0.358715	0.344539	0.358038	0.343894	0.345282	0.344925	0.347475	0.350513	0.364428	0.365744	0.385611	0.373105	0.399136	0.374468	0.373571	0.401792	0.430445	0.427952	0.431596	0.431737	0.4331	0.431376	0.575323	0.575578	0.583092	0.575904	0.583082	0.582098	0.369425	0.374465	0.383506	0.377668	0.376569	0.362891	0.532175	0.536819	0.534226	0.525724	0.531844	0.533758	0.397446	0.379961	0.393549	0.398199	0.396802	0.381538	0.389757	0.394196	0.390251	0.39271	0.390156	0.409991	0.50492	0.483679	0.504068	0.484245	0.483278	0.504923	0.397446	0.379961	0.393549	0.398199	0.396802	0.381538	0.50482	0.505072	0.503921	0.497316	0.50174	0.49968
ERR630992	0.40265	0.388611	0.385578	0.388435	0.403026	0.401202	0.272002	0.264952	0.277757	0.268752	0	0.270396	0.369093	0.355883	0.354855	0.347885	0.366253	0.356076	0.382347	0.374612	0.375521	0.372068	0.374458	0.379093	0.344467	0.344642	0.34235	0.333178	0.341699	0.332055	0.349614	0.350098	0.33876	0.341273	0.350972	0.351018	0.371226	0.365184	0.381689	0.365097	0.364847	0.384036	0.431157	0.430794	0.432903	0.432924	0.431635	0.431815	0.57319	0.57378	0.58349	0.574856	0.583095	0.58202	0.352928	0.354248	0.365528	0.356414	0.356283	0.348516	0.531119	0.527409	0.525495	0.522759	0.526473	0.524544	0.384616	0.36199	0.378638	0.385161	0.383273	0.364958	0.379085	0.383105	0.379943	0.383156	0.379668	0.393771	0.490867	0.478308	0.491181	0.478042	0.479061	0.490805	0.384616	0.36199	0.378638	0.385161	0.383273	0.364958	0.490293	0.491926	0.489564	0.484483	0.487635	0.486072
ERR630994	0.397661	0.39095	0.39301	0.396909	0.398151	0.397068	0.265431	0.266377	0.269007	0.270678	0.270396	0	0.390963	0.373894	0.37279	0.361967	0.387792	0.373607	0.394481	0.386052	0.388016	0.382741	0.386423	0.393356	0.361243	0.334905	0.357049	0.341882	0.358092	0.341676	0.357642	0.357188	0.353009	0.356546	0.36967	0.370127	0.383434	0.37394	0.398532	0.377283	0.376464	0.39796	0.43413	0.431572	0.436195	0.436287	0.437042	0.435375	0.581798	0.581703	0.585398	0.580283	0.584692	0.58458	0.352202	0.358667	0.364142	0.36292	0.360094	0.346369	0.543734	0.54317	0.540943	0.535165	0.541004	0.539608	0.380749	0.368752	0.377171	0.381192	0.379938	0.369088	0.39255	0.398129	0.393515	0.398469	0.39293	0.412363	0.500459	0.479872	0.496552	0.480447	0.48072	0.500185	0.380749	0.368752	0.377171	0.381192	0.379938	0.369088	0.49832	0.495174	0.497543	0.492265	0.497419	0.494249
ERR617527	0.426377	0.397383	0.383972	0.381123	0.42586	0.423048	0.393637	0.37822	0.40204	0.383971	0.369093	0.390963	0	0.280624	0.280385	0.28683	0.268764	0.274724	0.411751	0.41744	0.412145	0.420711	0.415641	0.407496	0.388087	0.447533	0.39224	0.401379	0.388467	0.402929	0.386397	0.389522	0.356772	0.35327	0.348941	0.345798	0.39579	0.40067	0.388673	0.394892	0.395921	0.395919	0.430773	0.43927	0.432487	0.431667	0.421845	0.429536	0.53971	0.542117	0.565124	0.549134	0.563946	0.562206	0.449951	0.430841	0.454691	0.425169	0.433825	0.453331	0.541294	0.52139	0.522006	0.533857	0.529233	0.521478	0.50272	0.449054	0.487958	0.503173	0.498847	0.463362	0.404343	0.401674	0.404197	0.402529	0.40409	0.397263	0.519702	0.537994	0.530774	0.535632	0.538788	0.520232	0.50272	0.449054	0.487958	0.503173	0.498847	0.463362	0.534767	0.552319	0.533605	0.541996	0.533742	0.538596
ERR617525	0.404605	0.381109	0.369477	0.367344	0.405562	0.401972	0.375943	0.362802	0.381738	0.364922	0.355883	0.373894	0.280624	0	0.274352	0.27799	0.278758	0.276785	0.422743	0.426038	0.421855	0.428365	0.424554	0.418877	0.390087	0.430808	0.392847	0.395027	0.389193	0.396757	0.361988	0.364323	0.347117	0.344581	0.347622	0.346396	0.397077	0.393057	0.395782	0.389318	0.38967	0.403037	0.411889	0.417671	0.413003	0.41244	0.406014	0.410864	0.53161	0.533572	0.552642	0.539373	0.552313	0.550264	0.449934	0.435465	0.457503	0.431165	0.438399	0.451309	0.533497	0.524593	0.523954	0.527643	0.526552	0.523708	0.50095	0.451339	0.487622	0.501215	0.497265	0.464194	0.400657	0.398574	0.400043	0.397837	0.400342	0.402825	0.52575	0.532499	0.534241	0.53108	0.531897	0.526228	0.50095	0.451339	0.487622	0.501215	0.497265	0.464194	0.539947	0.555348	0.538874	0.545189	0.538711	0.542485
ERR617524	0.404213	0.380514	0.369059	0.367314	0.405199	0.401395	0.374766	0.362042	0.380291	0.364154	0.354855	0.37279	0.280385	0.274352	0	0.278121	0.27857	0.276454	0.423832	0.426933	0.422822	0.429037	0.425462	0.419844	0.391049	0.429837	0.39336	0.395366	0.389922	0.39706	0.362592	0.364698	0.34836	0.345751	0.349224	0.347656	0.397128	0.392983	0.396414	0.389133	0.389601	0.403795	0.412131	0.41744	0.412844	0.412702	0.406296	0.41105	0.532498	0.53408	0.553406	0.540169	0.553196	0.551069	0.449835	0.435526	0.457168	0.431281	0.438335	0.450909	0.534598	0.526336	0.525714	0.528761	0.527948	0.525493	0.501376	0.452032	0.488022	0.501725	0.497874	0.464486	0.401356	0.399616	0.400752	0.39849	0.400918	0.403768	0.526626	0.53285	0.535479	0.53146	0.532465	0.527169	0.501376	0.452032	0.488022	0.501725	0.497874	0.464486	0.541326	0.556612	0.540175	0.546521	0.540077	0.543817
ERR617523	0.392695	0.371544	0.363688	0.362562	0.39307	0.390421	0.363807	0.352818	0.369999	0.356731	0.347885	0.361967	0.28683	0.27799	0.278121	0	0.285	0.278742	0.414663	0.417613	0.414233	0.419293	0.416359	0.412428	0.386531	0.416759	0.387767	0.387501	0.385467	0.389387	0.360858	0.362876	0.345337	0.343748	0.3485	0.347198	0.391483	0.387339	0.393403	0.3856	0.385828	0.398045	0.407418	0.412064	0.409109	0.408765	0.402983	0.407224	0.532406	0.533684	0.548867	0.537387	0.548159	0.546781	0.435166	0.422425	0.441572	0.418629	0.424871	0.436322	0.538122	0.528986	0.528237	0.531027	0.531235	0.527401	0.486899	0.441255	0.473944	0.487262	0.48329	0.453189	0.398093	0.397189	0.39793	0.397451	0.397714	0.402892	0.520884	0.524703	0.526766	0.523544	0.524876	0.521089	0.486899	0.441255	0.473944	0.487262	0.48329	0.453189	0.534253	0.54657	0.533208	0.539755	0.53447	0.537187
ERR617526	0.422975	0.394453	0.38105	0.378577	0.422804	0.419814	0.390329	0.375134	0.398411	0.380539	0.366253	0.387792	0.268764	0.278758	0.27857	0.285	0	0.273395	0.411817	0.417314	0.412222	0.420539	0.415596	0.407762	0.386918	0.444487	0.39093	0.39909	0.387151	0.400628	0.382551	0.385764	0.354362	0.351152	0.347336	0.344659	0.394929	0.398971	0.388583	0.393451	0.39428	0.395762	0.427797	0.435979	0.42941	0.428744	0.419234	0.426515	0.538669	0.541038	0.563463	0.547837	0.562477	0.560621	0.448495	0.430082	0.453581	0.424367	0.433012	0.451733	0.540071	0.521595	0.52201	0.532717	0.528668	0.521534	0.501405	0.448485	0.486873	0.501809	0.497624	0.462489	0.402932	0.400212	0.402774	0.400989	0.402632	0.397083	0.519719	0.536486	0.530458	0.534272	0.537042	0.520209	0.501405	0.448485	0.486873	0.501809	0.497624	0.462489	0.534886	0.552158	0.533747	0.541889	0.533841	0.538603
ERR617528	0.407317	0.382263	0.371698	0.369841	0.407137	0.404313	0.375986	0.363099	0.383675	0.368446	0.356076	0.373607	0.274724	0.276785	0.276454	0.278742	0.273395	0	0.410648	0.415172	0.410808	0.417627	0.413621	0.407964	0.385357	0.430103	0.388103	0.392437	0.385081	0.394069	0.372482	0.374803	0.348563	0.345913	0.34651	0.343921	0.391349	0.392047	0.389057	0.388598	0.38918	0.394206	0.416741	0.423265	0.418473	0.418059	0.409914	0.415762	0.535673	0.537547	0.556129	0.542788	0.554949	0.553763	0.439036	0.423054	0.44451	0.418357	0.425666	0.441858	0.5409	0.525559	0.525548	0.533109	0.531091	0.524836	0.492551	0.442885	0.478757	0.492938	0.488728	0.456019	0.399835	0.39832	0.399706	0.399007	0.399485	0.398804	0.518981	0.530198	0.527154	0.528593	0.530585	0.519375	0.492551	0.442885	0.478757	0.492938	0.488728	0.456019	0.533416	0.548061	0.532264	0.540292	0.533463	0.537069
ERR637059	0.417789	0.387496	0.384774	0.383883	0.413077	0.413296	0.397991	0.385607	0.412798	0.404163	0.382347	0.394481	0.411751	0.422743	0.423832	0.414663	0.411817	0.410648	0	0.237239	0.236651	0.238014	0.236973	0.236077	0.302154	0.373783	0.303039	0.318951	0.305887	0.319652	0.426714	0.429122	0.369024	0.371876	0.357786	0.356327	0.326601	0.354013	0.323369	0.352006	0.35327	0.315291	0.464417	0.473712	0.471091	0.470109	0.457201	0.465969	0.539793	0.541403	0.552474	0.541118	0.549039	0.550271	0.350568	0.33413	0.347949	0.329712	0.336087	0.360237	0.525416	0.489152	0.490551	0.509107	0.505375	0.487697	0.339113	0.299509	0.323908	0.339494	0.335185	0.308511	0.372292	0.372495	0.373976	0.381853	0.372524	0.359679	0.398459	0.425467	0.399714	0.421977	0.430557	0.39873	0.339113	0.299509	0.323908	0.339494	0.335185	0.308511	0.38762	0.389797	0.387012	0.391357	0.390156	0.389263
ERR637060	0.416991	0.388049	0.385839	0.385414	0.412662	0.412974	0.389335	0.377574	0.403853	0.395721	0.374612	0.386052	0.41744	0.426038	0.426933	0.417613	0.417314	0.415172	0.237239	0	0.232939	0.234223	0.232473	0.23684	0.295383	0.362071	0.295177	0.309687	0.29849	0.310036	0.421344	0.423586	0.366806	0.370099	0.357792	0.356649	0.323619	0.348437	0.32241	0.346742	0.348069	0.31525	0.462989	0.471643	0.469803	0.468953	0.456592	0.464949	0.544942	0.546321	0.556578	0.545747	0.553537	0.554588	0.341787	0.32799	0.340718	0.324444	0.329801	0.349847	0.521447	0.488765	0.489554	0.505511	0.502995	0.486911	0.323739	0.288337	0.309268	0.324242	0.320381	0.295371	0.36765	0.368576	0.369376	0.377457	0.367821	0.358026	0.396435	0.418606	0.396695	0.415417	0.423541	0.396805	0.323739	0.288337	0.309268	0.324242	0.320381	0.295371	0.383582	0.383989	0.382898	0.383962	0.384754	0.382967
ERR637062	0.417134	0.386923	0.383773	0.38305	0.412773	0.412942	0.391423	0.379153	0.406134	0.397054	0.375521	0.388016	0.412145	0.421855	0.422822	0.414233	0.412222	0.410808	0.236651	0.232939	0	0.235431	0.23244	0.235472	0.294951	0.366273	0.295481	0.311214	0.29817	0.311629	0.419676	0.422243	0.364045	0.366865	0.353435	0.352318	0.323319	0.348781	0.320546	0.346632	0.347994	0.313871	0.46123	0.470547	0.468078	0.467178	0.454148	0.463073	0.541406	0.542835	0.554441	0.542785	0.551381	0.552321	0.346104	0.331168	0.345182	0.326914	0.333111	0.354434	0.519519	0.485579	0.486633	0.50368	0.500431	0.483979	0.330591	0.291854	0.315389	0.331066	0.32701	0.300218	0.366647	0.367125	0.368157	0.375769	0.366917	0.35527	0.396275	0.420765	0.39756	0.417435	0.425434	0.396716	0.330591	0.291854	0.315389	0.331066	0.32701	0.300218	0.384253	0.386392	0.383567	0.385497	0.38531	0.38413
ERR637057	0.416779	0.388892	0.387389	0.387515	0.412387	0.412602	0.3859	0.374626	0.400263	0.392721	0.372068	0.382741	0.420711	0.428365	0.429037	0.419293	0.420539	0.417627	0.238014	0.234223	0.235431	0	0.234264	0.237696	0.294895	0.356773	0.294402	0.307415	0.297907	0.307399	0.421218	0.423317	0.367749	0.371188	0.360181	0.358852	0.323554	0.347899	0.323974	0.346473	0.347583	0.316358	0.463493	0.471259	0.469986	0.469246	0.457604	0.465302	0.548581	0.54963	0.559188	0.548949	0.556023	0.557195	0.335977	0.323652	0.335131	0.320638	0.325347	0.344109	0.523776	0.491929	0.492691	0.507788	0.505766	0.489972	0.317094	0.284249	0.303525	0.317417	0.314056	0.289937	0.367712	0.36927	0.369421	0.377846	0.368162	0.35961	0.396908	0.416659	0.3966	0.41373	0.421636	0.397258	0.317094	0.284249	0.303525	0.317417	0.314056	0.289937	0.383873	0.382602	0.383099	0.383284	0.384947	0.382676
ERR637061	0.417027	0.387491	0.384954	0.384596	0.412592	0.412828	0.389527	0.377584	0.404117	0.395642	0.374458	0.386423	0.415641	0.424554	0.425462	0.416359	0.415596	0.413621	0.236973	0.232473	0.23244	0.234264	0	0.236187	0.294699	0.36292	0.294828	0.309603	0.297713	0.309811	0.420216	0.42246	0.365592	0.368519	0.355973	0.354809	0.323083	0.348067	0.321335	0.34639	0.34763	0.314557	0.461779	0.470751	0.468626	0.467626	0.455219	0.463734	0.543633	0.54497	0.555804	0.544614	0.552675	0.553715	0.342627	0.328504	0.341929	0.324741	0.330311	0.350743	0.520342	0.487341	0.488342	0.504495	0.501763	0.485766	0.325498	0.289127	0.310822	0.325959	0.321927	0.296292	0.366961	0.367574	0.368371	0.376397	0.367157	0.356827	0.396019	0.418715	0.396565	0.415402	0.423419	0.396347	0.325498	0.289127	0.310822	0.325959	0.321927	0.296292	0.383348	0.384132	0.382575	0.383657	0.384266	0.382637
ERR637058	0.420206	0.388105	0.383351	0.382388	0.415918	0.415503	0.396836	0.383721	0.411347	0.401194	0.379093	0.393356	0.407496	0.418877	0.419844	0.412428	0.407762	0.407964	0.236077	0.23684	0.235472	0.237696	0.236187	0	0.296974	0.374214	0.298386	0.316269	0.300583	0.316516	0.421974	0.424629	0.365113	0.367808	0.352971	0.351748	0.324479	0.351248	0.319585	0.348176	0.349501	0.314094	0.462422	0.471831	0.46876	0.467719	0.454535	0.463731	0.538422	0.540086	0.553742	0.540963	0.550544	0.551363	0.352766	0.335895	0.351621	0.331067	0.338107	0.36158	0.519467	0.484342	0.485643	0.503941	0.499968	0.483038	0.340961	0.298456	0.325346	0.341538	0.337175	0.307815	0.368221	0.368002	0.369516	0.376534	0.368379	0.354623	0.397139	0.424919	0.400509	0.421344	0.429738	0.39762	0.340961	0.298456	0.325346	0.341538	0.337175	0.307815	0.386699	0.391227	0.385965	0.389003	0.387247	0.38714
ERR608153	0.390126	0.361309	0.353523	0.352989	0.388505	0.386428	0.363509	0.350288	0.375209	0.361826	0.344467	0.361243	0.388087	0.390087	0.391049	0.386531	0.386918	0.385357	0.302154	0.295383	0.294951	0.294895	0.294699	0.296974	0	0.317431	0.245468	0.255199	0.2438	0.255992	0.377565	0.379768	0.334995	0.336586	0.329142	0.329186	0.303915	0.317098	0.303524	0.313332	0.313789	0.30573	0.435198	0.442654	0.439907	0.439061	0.428994	0.436202	0.526918	0.528674	0.54294	0.531131	0.541778	0.540906	0.363053	0.354935	0.37105	0.353105	0.357993	0.365432	0.483248	0.462634	0.462302	0.470939	0.470004	0.46067	0.352178	0.314566	0.34143	0.352821	0.349745	0.321733	0.33233	0.332654	0.332965	0.336828	0.332963	0.329849	0.410446	0.417469	0.414078	0.415105	0.419447	0.411037	0.352178	0.314566	0.34143	0.352821	0.349745	0.321733	0.410023	0.415515	0.409053	0.404799	0.406289	0.405712
ERR608149	0.357585	0.357811	0.366552	0.372009	0.356866	0.357077	0.334832	0.338385	0.338617	0.343445	0.344642	0.334905	0.447533	0.430808	0.429837	0.416759	0.444487	0.430103	0.373783	0.362071	0.366273	0.356773	0.36292	0.374214	0.317431	0	0.309687	0.286904	0.313641	0.286015	0.375585	0.37409	0.369974	0.374433	0.387833	0.389624	0.352062	0.339184	0.373926	0.346691	0.345251	0.370758	0.430705	0.42731	0.434767	0.435354	0.435821	0.433829	0.554038	0.552534	0.546577	0.547294	0.545814	0.547062	0.368969	0.382762	0.380641	0.38729	0.383349	0.363072	0.514051	0.520325	0.51716	0.504319	0.514357	0.515336	0.348833	0.351083	0.347948	0.349225	0.348709	0.346532	0.371395	0.378431	0.372879	0.379271	0.372601	0.397718	0.462249	0.423048	0.451347	0.425748	0.42394	0.461889	0.348833	0.351083	0.347948	0.349225	0.348709	0.346532	0.458337	0.446759	0.457625	0.448684	0.458518	0.452382
ERR608151	0.386082	0.358377	0.352101	0.351842	0.384315	0.382428	0.35948	0.347034	0.371246	0.358715	0.34235	0.357049	0.39224	0.392847	0.39336	0.387767	0.39093	0.388103	0.303039	0.295177	0.295481	0.294402	0.294828	0.298386	0.245468	0.309687	0	0.253723	0.245452	0.251985	0.375178	0.377165	0.334138	0.336357	0.330561	0.330959	0.304344	0.315512	0.306308	0.312941	0.313749	0.307711	0.432926	0.440144	0.437976	0.437635	0.427786	0.434628	0.527762	0.529282	0.542046	0.531048	0.540752	0.540045	0.358967	0.352705	0.367368	0.350809	0.355189	0.360614	0.484627	0.465839	0.465198	0.472096	0.471856	0.463452	0.346975	0.311899	0.336048	0.34743	0.344687	0.317825	0.332268	0.33323	0.333139	0.33736	0.332747	0.332486	0.411154	0.414625	0.413177	0.412697	0.416631	0.411711	0.346975	0.311899	0.336048	0.34743	0.344687	0.317825	0.409682	0.41368	0.408735	0.403849	0.40633	0.405127
ERR608154	0.368795	0.348208	0.345884	0.34687	0.367381	0.365584	0.343858	0.334956	0.353322	0.344539	0.333178	0.341882	0.401379	0.395027	0.395366	0.387501	0.39909	0.392437	0.318951	0.309687	0.311214	0.307415	0.309603	0.316269	0.255199	0.286904	0.253723	0	0.253738	0.249477	0.36368	0.36472	0.333882	0.33684	0.338022	0.338711	0.308475	0.31104	0.317889	0.311433	0.311419	0.318088	0.42361	0.427768	0.42809	0.427804	0.421065	0.425294	0.529266	0.530273	0.537211	0.529903	0.536389	0.535757	0.356758	0.356441	0.367127	0.357159	0.358685	0.35628	0.485544	0.475539	0.473771	0.473801	0.477133	0.472104	0.34249	0.317097	0.335113	0.343067	0.34076	0.32052	0.333413	0.336283	0.334529	0.339447	0.33444	0.344022	0.422369	0.41128	0.420017	0.410609	0.412749	0.422585	0.34249	0.317097	0.335113	0.343067	0.34076	0.32052	0.420235	0.419429	0.419171	0.413037	0.417761	0.415069
ERR608152	0.387406	0.359128	0.351703	0.351092	0.385901	0.383841	0.360301	0.347505	0.371476	0.358038	0.341699	0.358092	0.388467	0.389193	0.389922	0.385467	0.387151	0.385081	0.305887	0.29849	0.29817	0.297907	0.297713	0.300583	0.2438	0.313641	0.245452	0.253738	0	0.254232	0.373312	0.375778	0.333491	0.335004	0.328994	0.329156	0.304037	0.315045	0.304525	0.311384	0.31198	0.30731	0.43274	0.440016	0.43738	0.436636	0.426961	0.433808	0.526554	0.528297	0.542314	0.530677	0.541235	0.540201	0.363727	0.356785	0.372571	0.355248	0.359832	0.365399	0.481779	0.463332	0.46285	0.4698	0.469488	0.461072	0.353064	0.316111	0.342455	0.353539	0.350551	0.322812	0.331301	0.331991	0.331825	0.335392	0.331883	0.330725	0.412865	0.417288	0.41615	0.414947	0.418819	0.413381	0.353064	0.316111	0.342455	0.353539	0.350551	0.322812	0.412611	0.417793	0.411618	0.406582	0.408424	0.407817
ERR608150	0.371595	0.350674	0.347778	0.349442	0.370531	0.368604	0.34341	0.334419	0.352824	0.343894	0.332055	0.341676	0.402929	0.396757	0.39706	0.389387	0.400628	0.394069	0.319652	0.310036	0.311629	0.307399	0.309811	0.316516	0.255992	0.286015	0.251985	0.249477	0.254232	0	0.3642	0.365567	0.334336	0.337299	0.338352	0.339613	0.309143	0.311535	0.318689	0.31189	0.311903	0.319345	0.425208	0.429401	0.429746	0.429628	0.422873	0.427182	0.531112	0.531713	0.539578	0.531604	0.538563	0.538095	0.355735	0.355596	0.366275	0.356262	0.358029	0.354667	0.484975	0.475881	0.474152	0.473631	0.476962	0.472462	0.341315	0.315855	0.333261	0.341831	0.339624	0.318864	0.333888	0.336845	0.334838	0.33949	0.334453	0.34424	0.421818	0.410283	0.419659	0.409541	0.411484	0.42198	0.341315	0.315855	0.333261	0.341831	0.339624	0.318864	0.4199	0.419185	0.418828	0.411843	0.417027	0.414122
ERR626888	0.373105	0.360859	0.354108	0.353974	0.376849	0.371446	0.357242	0.351657	0.357808	0.345282	0.349614	0.357642	0.386397	0.361988	0.362592	0.360858	0.382551	0.372482	0.426714	0.421344	0.419676	0.421218	0.420216	0.421974	0.377565	0.375585	0.375178	0.36368	0.373312	0.3642	0	0.267662	0.287844	0.288221	0.307001	0.310708	0.392292	0.37084	0.402257	0.371825	0.370972	0.41071	0.392158	0.393098	0.393783	0.392991	0.392957	0.393303	0.511137	0.511913	0.522263	0.514533	0.523653	0.520802	0.44598	0.445096	0.46128	0.444455	0.448231	0.440957	0.490062	0.508999	0.505104	0.487573	0.495666	0.505526	0.4527	0.416582	0.444465	0.453381	0.450469	0.424414	0.382895	0.382757	0.381761	0.377968	0.382995	0.40417	0.506582	0.481794	0.50844	0.482888	0.478224	0.506868	0.4527	0.416582	0.444465	0.453381	0.450469	0.424414	0.511606	0.520166	0.510519	0.50621	0.506969	0.507247
ERR626889	0.371784	0.360815	0.354889	0.354968	0.375599	0.370094	0.356366	0.351729	0.356244	0.344925	0.350098	0.357188	0.389522	0.364323	0.364698	0.362876	0.385764	0.374803	0.429122	0.423586	0.422243	0.423317	0.42246	0.424629	0.379768	0.37409	0.377165	0.36472	0.375778	0.365567	0.267662	0	0.290596	0.291469	0.310839	0.314455	0.394346	0.371836	0.404981	0.373468	0.372419	0.413071	0.392413	0.393054	0.393956	0.393263	0.393889	0.393805	0.512122	0.512689	0.521986	0.515015	0.523422	0.520541	0.446257	0.446012	0.461409	0.445646	0.449192	0.440893	0.491114	0.511136	0.507038	0.488727	0.497096	0.507423	0.452437	0.417851	0.444656	0.452998	0.450331	0.425159	0.384483	0.384859	0.38333	0.38008	0.384934	0.407253	0.508178	0.481636	0.509278	0.482779	0.478116	0.508327	0.452437	0.417851	0.444656	0.452998	0.450331	0.425159	0.512586	0.520763	0.511565	0.507165	0.508356	0.508468
ERR626886	0.377785	0.354966	0.3474	0.345166	0.378022	0.374376	0.354542	0.343092	0.362075	0.347475	0.33876	0.353009	0.356772	0.347117	0.34836	0.345337	0.354362	0.348563	0.369024	0.366806	0.364045	0.367749	0.365592	0.365113	0.334995	0.369974	0.334138	0.333882	0.333491	0.334336	0.287844	0.290596	0	0.259314	0.262607	0.265185	0.355049	0.351275	0.358066	0.350295	0.350648	0.363872	0.398576	0.405179	0.402949	0.402052	0.394368	0.400066	0.506066	0.508141	0.52177	0.510891	0.520967	0.519495	0.405986	0.398985	0.417059	0.396038	0.402177	0.405471	0.488536	0.48286	0.481141	0.479593	0.481467	0.480548	0.414237	0.370101	0.402872	0.414617	0.41106	0.38137	0.356203	0.354774	0.355474	0.35485	0.356223	0.363478	0.465523	0.460096	0.468201	0.459353	0.459393	0.465755	0.414237	0.370101	0.402872	0.414617	0.41106	0.38137	0.470128	0.479948	0.469075	0.469025	0.467595	0.468357
ERR626887	0.379826	0.355754	0.347057	0.345022	0.380185	0.37616	0.358005	0.346156	0.365506	0.350513	0.341273	0.356546	0.35327	0.344581	0.345751	0.343748	0.351152	0.345913	0.371876	0.370099	0.366865	0.371188	0.368519	0.367808	0.336586	0.374433	0.336357	0.33684	0.335004	0.337299	0.288221	0.291469	0.259314	0	0.261883	0.263606	0.356322	0.352724	0.358453	0.350948	0.351363	0.364799	0.399522	0.406609	0.403473	0.402592	0.394925	0.400649	0.504999	0.5068	0.521841	0.510535	0.521344	0.519651	0.411619	0.403579	0.422527	0.40062	0.406946	0.411357	0.488137	0.482576	0.480822	0.479744	0.481237	0.480493	0.421172	0.375381	0.409456	0.421708	0.417903	0.386882	0.356653	0.355047	0.356058	0.355018	0.356578	0.363136	0.467862	0.463862	0.471686	0.46307	0.463046	0.467978	0.421172	0.375381	0.409456	0.421708	0.417903	0.386882	0.473417	0.484771	0.472329	0.472844	0.470809	0.472161
ERR626885	0.395234	0.366397	0.355971	0.35255	0.394789	0.391051	0.372037	0.35747	0.381854	0.364428	0.350972	0.36967	0.348941	0.347622	0.349224	0.3485	0.347336	0.34651	0.357786	0.357792	0.353435	0.360181	0.355973	0.352971	0.329142	0.387833	0.330561	0.338022	0.328994	0.338352	0.307001	0.310839	0.262607	0.261883	0	0.256061	0.352902	0.357107	0.349443	0.353599	0.354692	0.355957	0.411495	0.42105	0.416242	0.415047	0.40408	0.41263	0.506675	0.509371	0.527868	0.51397	0.526582	0.52512	0.409381	0.398006	0.418773	0.39333	0.401356	0.410888	0.489695	0.474331	0.47369	0.479745	0.477838	0.472919	0.41928	0.368822	0.406069	0.419667	0.41571	0.381991	0.356279	0.353056	0.355686	0.354717	0.355955	0.354153	0.457841	0.46466	0.463555	0.462449	0.464329	0.458234	0.41928	0.368822	0.406069	0.419667	0.41571	0.381991	0.463171	0.476649	0.462055	0.463999	0.460383	0.462564
ERR626890	0.39752	0.368673	0.357207	0.354211	0.396819	0.393383	0.372439	0.357816	0.382389	0.365744	0.351018	0.370127	0.345798	0.346396	0.347656	0.347198	0.344659	0.343921	0.356327	0.356649	0.352318	0.358852	0.354809	0.351748	0.329186	0.389624	0.330959	0.338711	0.329156	0.339613	0.310708	0.314455	0.265185	0.263606	0.256061	0	0.352159	0.357718	0.348025	0.353944	0.355261	0.354157	0.414557	0.424256	0.418902	0.417665	0.406713	0.415179	0.508532	0.511149	0.529879	0.516023	0.528642	0.527196	0.408985	0.39642	0.41767	0.392022	0.399685	0.411086	0.492293	0.474932	0.474491	0.481929	0.479677	0.473702	0.419481	0.368307	0.406251	0.419991	0.415925	0.381758	0.356206	0.353318	0.356075	0.355299	0.355798	0.353101	0.457504	0.466252	0.46369	0.4641	0.466432	0.45783	0.419481	0.368307	0.406251	0.419991	0.415925	0.381758	0.463149	0.477015	0.461994	0.464657	0.460556	0.463008
ERR607805	0.383499	0.357087	0.352317	0.351944	0.381326	0.379752	0.385435	0.375409	0.395563	0.385611	0.371226	0.383434	0.39579	0.397077	0.397128	0.391483	0.394929	0.391349	0.326601	0.323619	0.323319	0.323554	0.323083	0.324479	0.303915	0.352062	0.304344	0.308475	0.304037	0.309143	0.392292	0.394346	0.355049	0.356322	0.352902	0.352159	0	0.268548	0.258946	0.266025	0.267208	0.258474	0.417812	0.423857	0.42204	0.421483	0.412788	0.418381	0.505902	0.506791	0.516976	0.507458	0.515506	0.515267	0.398399	0.391309	0.404462	0.389983	0.393741	0.401034	0.478425	0.463173	0.4619	0.466673	0.467978	0.46022	0.389841	0.354054	0.377907	0.390373	0.387238	0.361177	0.349115	0.350055	0.349848	0.353973	0.349522	0.350299	0.417369	0.418055	0.418495	0.416162	0.41973	0.417377	0.389841	0.354054	0.377907	0.390373	0.387238	0.361177	0.423229	0.427107	0.422028	0.421597	0.422133	0.421541
ERR607808	0.363167	0.343281	0.33953	0.340384	0.36294	0.360261	0.375326	0.3678	0.381675	0.373105	0.365184	0.37394	0.40067	0.393057	0.392983	0.387339	0.398971	0.392047	0.354013	0.348437	0.348781	0.347899	0.348067	0.351248	0.317098	0.339184	0.315512	0.31104	0.315045	0.311535	0.37084	0.371836	0.351275	0.352724	0.357107	0.357718	0.268548	0	0.279998	0.26239	0.262301	0.282654	0.399269	0.402447	0.402798	0.402353	0.397332	0.400401	0.499422	0.499585	0.506547	0.499788	0.506377	0.505301	0.412907	0.41047	0.422497	0.410069	0.412974	0.412436	0.46941	0.469619	0.466856	0.46098	0.466117	0.465881	0.402906	0.370991	0.392794	0.403589	0.400708	0.376775	0.350381	0.352301	0.350543	0.352918	0.350892	0.362692	0.435803	0.420425	0.435357	0.420244	0.420041	0.435934	0.402906	0.370991	0.392794	0.403589	0.400708	0.376775	0.441415	0.444327	0.440286	0.437066	0.43923	0.437934
ERR607806	0.402458	0.371021	0.362326	0.360689	0.399874	0.397758	0.401045	0.388004	0.412125	0.399136	0.381689	0.398532	0.388673	0.395782	0.396414	0.393403	0.388583	0.389057	0.323369	0.32241	0.320546	0.323974	0.321335	0.319585	0.303524	0.373926	0.306308	0.317889	0.304525	0.318689	0.402257	0.404981	0.358066	0.358453	0.349443	0.348025	0.258946	0.279998	0	0.273749	0.275513	0.254668	0.429052	0.437661	0.433515	0.432718	0.421583	0.429449	0.505493	0.507284	0.523042	0.510088	0.521409	0.520645	0.408117	0.39702	0.413315	0.393989	0.399606	0.412221	0.475907	0.452514	0.452444	0.463562	0.461446	0.450893	0.401743	0.359333	0.388413	0.402348	0.39873	0.36869	0.352302	0.351345	0.352767	0.355723	0.352641	0.344747	0.413481	0.426511	0.418941	0.423689	0.428645	0.413718	0.401743	0.359333	0.388413	0.402348	0.39873	0.36869	0.420338	0.429073	0.419209	0.420204	0.418305	0.419361
ERR607810	0.371711	0.348017	0.341501	0.34182	0.371311	0.368393	0.378896	0.369488	0.385671	0.374468	0.365097	0.377283	0.394892	0.389318	0.389133	0.3856	0.393451	0.388598	0.352006	0.346742	0.346632	0.346473	0.34639	0.348176	0.313332	0.346691	0.312941	0.311433	0.311384	0.31189	0.371825	0.373468	0.350295	0.350948	0.353599	0.353944	0.266025	0.26239	0.273749	0	0.260237	0.278889	0.402719	0.406482	0.405743	0.405312	0.399429	0.403492	0.499026	0.49972	0.510203	0.501043	0.510254	0.50877	0.415275	0.410835	0.42465	0.410016	0.413572	0.414898	0.465708	0.464615	0.462172	0.457736	0.461852	0.461387	0.407277	0.371643	0.39612	0.407936	0.404839	0.377997	0.34865	0.349817	0.348675	0.349862	0.349133	0.357835	0.433894	0.422845	0.436343	0.422144	0.422577	0.434106	0.407277	0.371643	0.39612	0.407936	0.404839	0.377997	0.440715	0.446098	0.439577	0.436146	0.437261	0.43695
ERR607809	0.369766	0.346942	0.340698	0.341339	0.36993	0.366635	0.378008	0.369225	0.384512	0.373571	0.364847	0.376464	0.395921	0.38967	0.389601	0.385828	0.39428	0.38918	0.35327	0.348069	0.347994	0.347583	0.34763	0.349501	0.313789	0.345251	0.313749	0.311419	0.31198	0.311903	0.370972	0.372419	0.350648	0.351363	0.354692	0.355261	0.267208	0.262301	0.275513	0.260237	0	0.280323	0.401795	0.405058	0.404766	0.404264	0.398875	0.402537	0.498496	0.498944	0.509256	0.500196	0.509261	0.507773	0.415796	0.411755	0.425436	0.411072	0.414532	0.415366	0.465532	0.465271	0.46283	0.457862	0.462281	0.4622	0.406996	0.372177	0.395998	0.4078	0.404798	0.378254	0.348232	0.349772	0.34845	0.349808	0.349078	0.358509	0.434219	0.422132	0.436383	0.421375	0.421791	0.434443	0.406996	0.372177	0.395998	0.4078	0.404798	0.378254	0.441231	0.446128	0.440098	0.436269	0.437858	0.437254
ERR607807	0.40125	0.371934	0.366262	0.364643	0.398022	0.397212	0.400657	0.388803	0.412357	0.401792	0.384036	0.39796	0.395919	0.403037	0.403795	0.398045	0.395762	0.394206	0.315291	0.31525	0.313871	0.316358	0.314557	0.314094	0.30573	0.370758	0.307711	0.318088	0.30731	0.319345	0.41071	0.413071	0.363872	0.364799	0.355957	0.354157	0.258474	0.282654	0.254668	0.278889	0.280323	0	0.433	0.441105	0.437949	0.437152	0.426071	0.433554	0.511099	0.512579	0.525043	0.513605	0.522857	0.522736	0.398171	0.387449	0.40167	0.384948	0.389922	0.403666	0.487576	0.461392	0.461582	0.474036	0.472035	0.459574	0.39111	0.352225	0.37817	0.391572	0.388034	0.361018	0.356582	0.356312	0.357433	0.362202	0.356655	0.349365	0.410779	0.424327	0.413304	0.42151	0.427237	0.410836	0.39111	0.352225	0.37817	0.391572	0.388034	0.361018	0.416114	0.421626	0.415155	0.417517	0.416329	0.416283
ERR605534	0.387795	0.378877	0.378787	0.378653	0.389607	0.386774	0.434868	0.430554	0.436884	0.430445	0.431157	0.43413	0.430773	0.411889	0.412131	0.407418	0.427797	0.416741	0.464417	0.462989	0.46123	0.463493	0.461779	0.462422	0.435198	0.430705	0.432926	0.42361	0.43274	0.425208	0.392158	0.392413	0.398576	0.399522	0.411495	0.414557	0.417812	0.399269	0.429052	0.402719	0.401795	0.433	0	0.277918	0.276964	0.276923	0.275053	0.276237	0.531264	0.531219	0.535856	0.531034	0.536528	0.535067	0.48788	0.4843	0.497836	0.481983	0.486478	0.485406	0.54897	0.561318	0.558382	0.545309	0.551897	0.558332	0.514375	0.479709	0.503757	0.514399	0.511172	0.488104	0.441363	0.441097	0.441149	0.438745	0.441294	0.458406	0.548052	0.529217	0.547695	0.529952	0.526048	0.548036	0.514375	0.479709	0.503757	0.514399	0.511172	0.488104	0.552574	0.559805	0.551921	0.553389	0.552156	0.552452
ERR605535	0.385669	0.380722	0.381732	0.38274	0.388055	0.385254	0.431947	0.429534	0.432598	0.427952	0.430794	0.431572	0.43927	0.417671	0.41744	0.412064	0.435979	0.423265	0.473712	0.471643	0.470547	0.471259	0.470751	0.471831	0.442654	0.42731	0.440144	0.427768	0.440016	0.429401	0.393098	0.393054	0.405179	0.406609	0.42105	0.424256	0.423857	0.402447	0.437661	0.406482	0.405058	0.441105	0.277918	0	0.27934	0.278955	0.28212	0.279096	0.536016	0.535356	0.537667	0.534405	0.538704	0.537291	0.490228	0.488747	0.500354	0.487554	0.490772	0.486965	0.553415	0.569604	0.566135	0.550496	0.558658	0.566394	0.516241	0.485225	0.507046	0.516296	0.513393	0.492406	0.44728	0.448132	0.446981	0.445062	0.447327	0.467626	0.555536	0.531558	0.554379	0.53282	0.528277	0.555583	0.516241	0.485225	0.507046	0.516296	0.513393	0.492406	0.559874	0.565188	0.559174	0.559798	0.559386	0.559353
ERR605538	0.391462	0.383035	0.381578	0.38182	0.393669	0.390675	0.436776	0.432647	0.437919	0.431596	0.432903	0.436195	0.432487	0.413003	0.412844	0.409109	0.42941	0.418473	0.471091	0.469803	0.468078	0.469986	0.468626	0.46876	0.439907	0.434767	0.437976	0.42809	0.43738	0.429746	0.393783	0.393956	0.402949	0.403473	0.416242	0.418902	0.42204	0.402798	0.433515	0.405743	0.404766	0.437949	0.276964	0.27934	0	0.27519	0.277778	0.275356	0.534096	0.533954	0.539304	0.534514	0.54035	0.538461	0.49345	0.489619	0.503561	0.487943	0.491896	0.490736	0.551899	0.565355	0.562194	0.54883	0.555599	0.562344	0.520845	0.485804	0.510983	0.520995	0.517985	0.494083	0.445124	0.44543	0.444979	0.442678	0.445502	0.463022	0.553831	0.534673	0.55418	0.535384	0.531521	0.553856	0.520845	0.485804	0.510983	0.520995	0.517985	0.494083	0.558861	0.566628	0.558042	0.559533	0.558001	0.558586
