	ERR613905	ERR613903	ERR613907	ERR613906	ERR613904	ERR613902	ERR622160	ERR622155	ERR622159	ERR622158	ERR622157	ERR622156	ERR618718	ERR618722	ERR618721	ERR618720	ERR618719	ERR618717	ERR637059	ERR637060	ERR637062	ERR637057	ERR637061	ERR637058	ERR608679	ERR608678	ERR608677	ERR608682	ERR608681	ERR608680	ERR617294	ERR617291	ERR617293	ERR617292	ERR617289	ERR617290	ERR608871	ERR608872	ERR608875	ERR608873	ERR608876	ERR608874	ERR613447	ERR613446	ERR613443	ERR613448	ERR613445	ERR613444	ERR605963	ERR605958	ERR605962	ERR605960	ERR605961	ERR605959	ERR605982	ERR605987	ERR605985	ERR605986	ERR605983	ERR605984	ERR612724	ERR612723	ERR612727	ERR612726	ERR612725	ERR612728	ERR630097	ERR630096	ERR630098	ERR630099	ERR630100	ERR630101	ERR606039	ERR606037	ERR606036	ERR606038	ERR606040	ERR606041	ERR605542	ERR605543	ERR605539	ERR605540	ERR605541	ERR605544	ERR617863	ERR617861	ERR617864	ERR617866	ERR617862	ERR617865	ERR605542	ERR605543	ERR605539	ERR605540	ERR605541	ERR605544
ERR613905	4.88489e+08	3.5858e+08	3.99384e+08	3.4609e+08	3.03437e+08	3.9825e+08	1.95654e+08	1.82749e+08	2.00522e+08	2.04086e+08	2.66316e+08	2.45519e+08	3.32686e+08	3.58033e+08	3.50511e+08	3.46906e+08	3.36691e+08	3.56938e+08	3.33777e+08	3.14964e+08	3.21549e+08	3.0607e+08	3.15889e+08	3.31722e+08	3.04208e+08	2.73701e+08	2.18841e+08	2.79103e+08	2.92675e+08	2.95042e+08	2.43696e+08	2.09741e+08	2.4151e+08	2.43114e+08	2.06123e+08	2.08406e+08	1.79632e+08	2.46013e+08	1.9967e+08	2.67272e+08	1.95273e+08	2.03134e+08	2.55404e+08	2.477e+08	3.19153e+08	1.9974e+08	2.89071e+08	2.62324e+08	1.81171e+08	1.70426e+08	1.83954e+08	2.55009e+08	1.89377e+08	2.5007e+08	1.34795e+08	1.53614e+08	1.63236e+08	1.55222e+08	2.09518e+08	2.14844e+08	1.59186e+08	2.49953e+08	1.99479e+08	2.0056e+08	2.2142e+08	1.93806e+08	1.53047e+08	1.78021e+08	1.68588e+08	1.37751e+08	1.65716e+08	1.74315e+08	1.72677e+08	2.28972e+08	1.55968e+08	2.33655e+08	1.67791e+08	1.654e+08	1.79674e+08	1.82014e+08	1.92824e+08	1.80918e+08	1.70664e+08	1.78899e+08	1.40571e+08	2.07436e+08	2.35093e+08	2.36796e+08	1.05162e+08	2.38032e+08	1.79674e+08	1.82014e+08	1.92824e+08	1.80918e+08	1.70664e+08	1.78899e+08
ERR613903	3.5858e+08	5.25792e+08	4.16515e+08	3.5926e+08	3.17705e+08	4.16393e+08	2.04593e+08	1.91807e+08	2.09692e+08	2.13506e+08	2.78808e+08	2.5699e+08	3.48469e+08	3.74394e+08	3.66699e+08	3.62695e+08	3.52411e+08	3.73542e+08	3.5066e+08	3.30498e+08	3.37359e+08	3.21058e+08	3.31489e+08	3.48118e+08	3.17718e+08	2.85973e+08	2.28865e+08	2.91347e+08	3.05471e+08	3.07861e+08	2.53525e+08	2.18396e+08	2.51366e+08	2.53201e+08	2.15119e+08	2.17018e+08	1.88996e+08	2.58201e+08	2.09307e+08	2.80317e+08	2.04735e+08	2.12877e+08	2.66842e+08	2.58774e+08	3.33977e+08	2.08909e+08	3.02556e+08	2.74546e+08	1.90076e+08	1.79374e+08	1.93025e+08	2.67308e+08	1.98425e+08	2.62371e+08	1.41021e+08	1.60086e+08	1.69994e+08	1.61694e+08	2.18381e+08	2.23948e+08	1.67558e+08	2.62981e+08	2.09945e+08	2.11014e+08	2.33276e+08	2.03921e+08	1.61622e+08	1.87994e+08	1.77902e+08	1.45869e+08	1.75333e+08	1.84481e+08	1.80707e+08	2.399e+08	1.64016e+08	2.44638e+08	1.75814e+08	1.73321e+08	1.89286e+08	1.91844e+08	2.03432e+08	1.90939e+08	1.7989e+08	1.88575e+08	1.4713e+08	2.16871e+08	2.46181e+08	2.47993e+08	1.10635e+08	2.4939e+08	1.89286e+08	1.91844e+08	2.03432e+08	1.90939e+08	1.7989e+08	1.88575e+08
ERR613907	3.99384e+08	4.16515e+08	6.35659e+08	4.00236e+08	3.52175e+08	4.6322e+08	2.27097e+08	2.12627e+08	2.3283e+08	2.37181e+08	3.09909e+08	2.85519e+08	3.88747e+08	4.18191e+08	4.09581e+08	4.05071e+08	3.93538e+08	4.17008e+08	3.90592e+08	3.67858e+08	3.75881e+08	3.57477e+08	3.69103e+08	3.87718e+08	3.53548e+08	3.17798e+08	2.53805e+08	3.23989e+08	3.39815e+08	3.42531e+08	2.82544e+08	2.43176e+08	2.8014e+08	2.82269e+08	2.39149e+08	2.41487e+08	2.10492e+08	2.88525e+08	2.33699e+08	3.13294e+08	2.28579e+08	2.37618e+08	2.97333e+08	2.88351e+08	3.72642e+08	2.32364e+08	3.37228e+08	3.05878e+08	2.12765e+08	2.00424e+08	2.16042e+08	2.99215e+08	2.22122e+08	2.93533e+08	1.58542e+08	1.80271e+08	1.91448e+08	1.82174e+08	2.4591e+08	2.52189e+08	1.87174e+08	2.94122e+08	2.34783e+08	2.35999e+08	2.60711e+08	2.27838e+08	1.81603e+08	2.11364e+08	1.99987e+08	1.63809e+08	1.96974e+08	2.07243e+08	2.03652e+08	2.70294e+08	1.84525e+08	2.75603e+08	1.98026e+08	1.95233e+08	2.12812e+08	2.15625e+08	2.28645e+08	2.14619e+08	2.02272e+08	2.12002e+08	1.64666e+08	2.43224e+08	2.76099e+08	2.78062e+08	1.23664e+08	2.79618e+08	2.12812e+08	2.15625e+08	2.28645e+08	2.14619e+08	2.02272e+08	2.12002e+08
ERR613906	3.4609e+08	3.5926e+08	4.00236e+08	4.90355e+08	3.03907e+08	3.98998e+08	1.96139e+08	1.83377e+08	2.01206e+08	2.04774e+08	2.67258e+08	2.4614e+08	3.33591e+08	3.58939e+08	3.51507e+08	3.47718e+08	3.37671e+08	3.5782e+08	3.34769e+08	3.15876e+08	3.22573e+08	3.06957e+08	3.16876e+08	3.32747e+08	3.05235e+08	2.74644e+08	2.1949e+08	2.80087e+08	2.93548e+08	2.95999e+08	2.44087e+08	2.10138e+08	2.41937e+08	2.43654e+08	2.06568e+08	2.08856e+08	1.80122e+08	2.46681e+08	2.00346e+08	2.67962e+08	1.95717e+08	2.03651e+08	2.55944e+08	2.48129e+08	3.19714e+08	2.00074e+08	2.89624e+08	2.62873e+08	1.81887e+08	1.71198e+08	1.84709e+08	2.56052e+08	1.90244e+08	2.5109e+08	1.35265e+08	1.54115e+08	1.63681e+08	1.55695e+08	2.10386e+08	2.15551e+08	1.59749e+08	2.50813e+08	2.00106e+08	2.01217e+08	2.22209e+08	1.94325e+08	1.53629e+08	1.78705e+08	1.6907e+08	1.38261e+08	1.6628e+08	1.75059e+08	1.7324e+08	2.29656e+08	1.5648e+08	2.34342e+08	1.68288e+08	1.65972e+08	1.8028e+08	1.82611e+08	1.93486e+08	1.81547e+08	1.71087e+08	1.79465e+08	1.41083e+08	2.08139e+08	2.35985e+08	2.37541e+08	1.05556e+08	2.38975e+08	1.8028e+08	1.82611e+08	1.93486e+08	1.81547e+08	1.71087e+08	1.79465e+08
ERR613904	3.03437e+08	3.17705e+08	3.52175e+08	3.03907e+08	3.96725e+08	3.52e+08	1.74476e+08	1.64661e+08	1.78826e+08	1.82046e+08	2.37092e+08	2.19243e+08	2.96107e+08	3.17124e+08	3.10996e+08	3.07599e+08	2.9906e+08	3.16906e+08	2.98112e+08	2.80942e+08	2.86658e+08	2.73228e+08	2.81746e+08	2.95433e+08	2.6963e+08	2.43128e+08	1.96051e+08	2.47791e+08	2.58948e+08	2.60987e+08	2.14594e+08	1.85425e+08	2.12779e+08	2.14331e+08	1.83167e+08	1.83987e+08	1.61032e+08	2.18829e+08	1.77464e+08	2.3691e+08	1.73447e+08	1.80487e+08	2.26592e+08	2.19786e+08	2.83436e+08	1.78438e+08	2.57546e+08	2.3368e+08	1.59747e+08	1.51643e+08	1.62255e+08	2.24242e+08	1.66699e+08	2.20101e+08	1.17591e+08	1.32832e+08	1.4061e+08	1.3409e+08	1.80678e+08	1.84961e+08	1.41518e+08	2.21258e+08	1.77099e+08	1.7801e+08	1.96781e+08	1.71839e+08	1.3587e+08	1.57672e+08	1.49153e+08	1.22937e+08	1.47862e+08	1.55593e+08	1.50301e+08	1.99397e+08	1.37203e+08	2.0336e+08	1.46509e+08	1.44377e+08	1.58679e+08	1.60834e+08	1.70626e+08	1.60272e+08	1.51067e+08	1.58018e+08	1.23326e+08	1.8094e+08	2.0593e+08	2.07473e+08	9.37382e+07	2.08771e+08	1.58679e+08	1.60834e+08	1.70626e+08	1.60272e+08	1.51067e+08	1.58018e+08
ERR613902	3.9825e+08	4.16393e+08	4.6322e+08	3.98998e+08	3.52e+08	6.32638e+08	2.26259e+08	2.11783e+08	2.3204e+08	2.36254e+08	3.08995e+08	2.84477e+08	3.87387e+08	4.16623e+08	4.07947e+08	4.03492e+08	3.9189e+08	4.15642e+08	3.89138e+08	3.66381e+08	3.7442e+08	3.55984e+08	3.67655e+08	3.8629e+08	3.52343e+08	3.16708e+08	2.52793e+08	3.22914e+08	3.38841e+08	3.41462e+08	2.8145e+08	2.42114e+08	2.79012e+08	2.80995e+08	2.38217e+08	2.40506e+08	2.09559e+08	2.87298e+08	2.32836e+08	3.12039e+08	2.27648e+08	2.36749e+08	2.9623e+08	2.8722e+08	3.71298e+08	2.31546e+08	3.35988e+08	3.04632e+08	2.12014e+08	1.99906e+08	2.15264e+08	2.98596e+08	2.21468e+08	2.92864e+08	1.58159e+08	1.79922e+08	1.91047e+08	1.81744e+08	2.45455e+08	2.51796e+08	1.86839e+08	2.93469e+08	2.34029e+08	2.3532e+08	2.60076e+08	2.27332e+08	1.81238e+08	2.10829e+08	1.99503e+08	1.63331e+08	1.9652e+08	2.06863e+08	2.03164e+08	2.69762e+08	1.8389e+08	2.75049e+08	1.97572e+08	1.94804e+08	2.12448e+08	2.15318e+08	2.2818e+08	2.14231e+08	2.01973e+08	2.11593e+08	1.64423e+08	2.4284e+08	2.75625e+08	2.77489e+08	1.23362e+08	2.79235e+08	2.12448e+08	2.15318e+08	2.2818e+08	2.14231e+08	2.01973e+08	2.11593e+08
ERR622160	1.95654e+08	2.04593e+08	2.27097e+08	1.96139e+08	1.74476e+08	2.26259e+08	2.39879e+08	1.40075e+08	1.5259e+08	1.55169e+08	1.98667e+08	1.84348e+08	2.12806e+08	2.27465e+08	2.23379e+08	2.20772e+08	2.14965e+08	2.27636e+08	2.07243e+08	1.95183e+08	1.99072e+08	1.90301e+08	1.95811e+08	2.05396e+08	1.84768e+08	1.66996e+08	1.34715e+08	1.70013e+08	1.77589e+08	1.79172e+08	1.5904e+08	1.38016e+08	1.57697e+08	1.58752e+08	1.36748e+08	1.37245e+08	1.22873e+08	1.65114e+08	1.34824e+08	1.7829e+08	1.31983e+08	1.36955e+08	1.58358e+08	1.53843e+08	1.97574e+08	1.25054e+08	1.79879e+08	1.63561e+08	1.13196e+08	1.07716e+08	1.14977e+08	1.58802e+08	1.18048e+08	1.55959e+08	8.30668e+07	9.36761e+07	9.9198e+07	9.47078e+07	1.27256e+08	1.30284e+08	1.01903e+08	1.58895e+08	1.27471e+08	1.28136e+08	1.41728e+08	1.23701e+08	9.69523e+07	1.1238e+08	1.06412e+08	8.78294e+07	1.05439e+08	1.1094e+08	1.05988e+08	1.4071e+08	9.69072e+07	1.43274e+08	1.03245e+08	1.01821e+08	1.13131e+08	1.14717e+08	1.21516e+08	1.14228e+08	1.07778e+08	1.12751e+08	8.6248e+07	1.26493e+08	1.44282e+08	1.45465e+08	6.58634e+07	1.46217e+08	1.13131e+08	1.14717e+08	1.21516e+08	1.14228e+08	1.07778e+08	1.12751e+08
ERR622155	1.82749e+08	1.91807e+08	2.12627e+08	1.83377e+08	1.64661e+08	2.11783e+08	1.40075e+08	2.20324e+08	1.43245e+08	1.45787e+08	1.88073e+08	1.75169e+08	2.00661e+08	2.13738e+08	2.09923e+08	2.07709e+08	2.02532e+08	2.14337e+08	1.96442e+08	1.84696e+08	1.88293e+08	1.80335e+08	1.85294e+08	1.94026e+08	1.73482e+08	1.56897e+08	1.28054e+08	1.59883e+08	1.66341e+08	1.67635e+08	1.48818e+08	1.29485e+08	1.47647e+08	1.48811e+08	1.29102e+08	1.28653e+08	1.17885e+08	1.56469e+08	1.2755e+08	1.68407e+08	1.24672e+08	1.29564e+08	1.48735e+08	1.44529e+08	1.86209e+08	1.18458e+08	1.69966e+08	1.54529e+08	1.05545e+08	1.01616e+08	1.07219e+08	1.47829e+08	1.09917e+08	1.45087e+08	7.68878e+07	8.54911e+07	9.02574e+07	8.65294e+07	1.159e+08	1.18599e+08	9.64615e+07	1.49772e+08	1.2051e+08	1.21168e+08	1.34089e+08	1.17015e+08	9.13411e+07	1.05574e+08	1.0008e+08	8.35088e+07	1.00263e+08	1.05347e+08	9.78519e+07	1.29796e+08	9.06074e+07	1.32035e+08	9.54739e+07	9.40352e+07	1.06245e+08	1.07775e+08	1.14221e+08	1.07605e+08	1.01398e+08	1.0587e+08	8.0356e+07	1.17072e+08	1.34288e+08	1.35489e+08	6.25165e+07	1.36152e+08	1.06245e+08	1.07775e+08	1.14221e+08	1.07605e+08	1.01398e+08	1.0587e+08
ERR622159	2.00522e+08	2.09692e+08	2.3283e+08	2.01206e+08	1.78826e+08	2.3204e+08	1.5259e+08	1.43245e+08	2.49584e+08	1.58867e+08	2.03565e+08	1.88765e+08	2.18349e+08	2.33593e+08	2.29129e+08	2.26632e+08	2.20584e+08	2.33768e+08	2.12531e+08	2.00024e+08	2.04225e+08	1.95035e+08	2.00789e+08	2.10597e+08	1.89537e+08	1.71094e+08	1.38074e+08	1.7414e+08	1.82108e+08	1.83599e+08	1.63149e+08	1.41655e+08	1.61946e+08	1.63034e+08	1.40281e+08	1.40706e+08	1.26055e+08	1.69461e+08	1.38352e+08	1.83006e+08	1.35312e+08	1.4066e+08	1.625e+08	1.58024e+08	2.0274e+08	1.28246e+08	1.84566e+08	1.67859e+08	1.16272e+08	1.10644e+08	1.18163e+08	1.63095e+08	1.21269e+08	1.60201e+08	8.54486e+07	9.63408e+07	1.02049e+08	9.73808e+07	1.30871e+08	1.34007e+08	1.04521e+08	1.63194e+08	1.30757e+08	1.31562e+08	1.45288e+08	1.27014e+08	9.95489e+07	1.15526e+08	1.09417e+08	9.02168e+07	1.0836e+08	1.14088e+08	1.09002e+08	1.44647e+08	9.96313e+07	1.47308e+08	1.06163e+08	1.04691e+08	1.16363e+08	1.17913e+08	1.24967e+08	1.17457e+08	1.1085e+08	1.15903e+08	8.8658e+07	1.30025e+08	1.48278e+08	1.4949e+08	6.77185e+07	1.50334e+08	1.16363e+08	1.17913e+08	1.24967e+08	1.17457e+08	1.1085e+08	1.15903e+08
ERR622158	2.04086e+08	2.13506e+08	2.37181e+08	2.04774e+08	1.82046e+08	2.36254e+08	1.55169e+08	1.45787e+08	1.58867e+08	2.56477e+08	2.07042e+08	1.91997e+08	2.22157e+08	2.3772e+08	2.33284e+08	2.30814e+08	2.24449e+08	2.37845e+08	2.16464e+08	2.03897e+08	2.08021e+08	1.98836e+08	2.04583e+08	2.14651e+08	1.92903e+08	1.74125e+08	1.40518e+08	1.7722e+08	1.85383e+08	1.86774e+08	1.66006e+08	1.44048e+08	1.64742e+08	1.6585e+08	1.42747e+08	1.43261e+08	1.28216e+08	1.72442e+08	1.40759e+08	1.86224e+08	1.37769e+08	1.43069e+08	1.6529e+08	1.60631e+08	2.06277e+08	1.30407e+08	1.8771e+08	1.70671e+08	1.18271e+08	1.12488e+08	1.2012e+08	1.65857e+08	1.23361e+08	1.62872e+08	8.68948e+07	9.80058e+07	1.03703e+08	9.90013e+07	1.32947e+08	1.36235e+08	1.06533e+08	1.66269e+08	1.33247e+08	1.34021e+08	1.48122e+08	1.29314e+08	1.01426e+08	1.17644e+08	1.11318e+08	9.1822e+07	1.10391e+08	1.16093e+08	1.10951e+08	1.47163e+08	1.01388e+08	1.49938e+08	1.08047e+08	1.06557e+08	1.18366e+08	1.19966e+08	1.27107e+08	1.19593e+08	1.12794e+08	1.17889e+08	9.00932e+07	1.32172e+08	1.50822e+08	1.5205e+08	6.88458e+07	1.52967e+08	1.18366e+08	1.19966e+08	1.27107e+08	1.19593e+08	1.12794e+08	1.17889e+08
ERR622157	2.66316e+08	2.78808e+08	3.09909e+08	2.67258e+08	2.37092e+08	3.08995e+08	1.98667e+08	1.88073e+08	2.03565e+08	2.07042e+08	3.98675e+08	2.49234e+08	2.90139e+08	3.10677e+08	3.04695e+08	3.01346e+08	2.93126e+08	3.10988e+08	2.82843e+08	2.6634e+08	2.71712e+08	2.59387e+08	2.67092e+08	2.80311e+08	2.51457e+08	2.26597e+08	1.82175e+08	2.30594e+08	2.41369e+08	2.43353e+08	2.14697e+08	1.85769e+08	2.12937e+08	2.14462e+08	1.83976e+08	1.84636e+08	1.66469e+08	2.24935e+08	1.83064e+08	2.43425e+08	1.79135e+08	1.86096e+08	2.15592e+08	2.09383e+08	2.69925e+08	1.695e+08	2.45013e+08	2.22671e+08	1.5598e+08	1.48379e+08	1.58477e+08	2.19092e+08	1.62739e+08	2.15105e+08	1.147e+08	1.2946e+08	1.37251e+08	1.30791e+08	1.76104e+08	1.80436e+08	1.40539e+08	2.19704e+08	1.75784e+08	1.76778e+08	1.95556e+08	1.70644e+08	1.34371e+08	1.56008e+08	1.4764e+08	1.21663e+08	1.46295e+08	1.53902e+08	1.4695e+08	1.95044e+08	1.3416e+08	1.98775e+08	1.43006e+08	1.40948e+08	1.56925e+08	1.59112e+08	1.6868e+08	1.58478e+08	1.49446e+08	1.56381e+08	1.18925e+08	1.74667e+08	1.99513e+08	2.01041e+08	9.06702e+07	2.02206e+08	1.56925e+08	1.59112e+08	1.6868e+08	1.58478e+08	1.49446e+08	1.56381e+08
ERR622156	2.45519e+08	2.5699e+08	2.85519e+08	2.4614e+08	2.19243e+08	2.84477e+08	1.84348e+08	1.75169e+08	1.88765e+08	1.91997e+08	2.49234e+08	3.49226e+08	2.67792e+08	2.86371e+08	2.80926e+08	2.77932e+08	2.70579e+08	2.86823e+08	2.61445e+08	2.4601e+08	2.51034e+08	2.39903e+08	2.4679e+08	2.58991e+08	2.32208e+08	2.0951e+08	1.69018e+08	2.13238e+08	2.22926e+08	2.2484e+08	1.98228e+08	1.71676e+08	1.96676e+08	1.98061e+08	1.70311e+08	1.70649e+08	1.54461e+08	2.07921e+08	1.69319e+08	2.24634e+08	1.65599e+08	1.72041e+08	1.98987e+08	1.93216e+08	2.48975e+08	1.56918e+08	2.26346e+08	2.05737e+08	1.43171e+08	1.36547e+08	1.4541e+08	2.00992e+08	1.49276e+08	1.97338e+08	1.04888e+08	1.17868e+08	1.24815e+08	1.19209e+08	1.60324e+08	1.64142e+08	1.29414e+08	2.01865e+08	1.61882e+08	1.62735e+08	1.79974e+08	1.57041e+08	1.23292e+08	1.42893e+08	1.35357e+08	1.11805e+08	1.34398e+08	1.41387e+08	1.34122e+08	1.77985e+08	1.22944e+08	1.8129e+08	1.30668e+08	1.28695e+08	1.43869e+08	1.45911e+08	1.54682e+08	1.45465e+08	1.3714e+08	1.43415e+08	1.09112e+08	1.60009e+08	1.82891e+08	1.84381e+08	8.35617e+07	1.85325e+08	1.43869e+08	1.45911e+08	1.54682e+08	1.45465e+08	1.3714e+08	1.43415e+08
ERR618718	3.32686e+08	3.48469e+08	3.88747e+08	3.33591e+08	2.96107e+08	3.87387e+08	2.12806e+08	2.00661e+08	2.18349e+08	2.22157e+08	2.90139e+08	2.67792e+08	5.70786e+08	4.36547e+08	4.27928e+08	4.23217e+08	4.12714e+08	4.37486e+08	3.53245e+08	3.31781e+08	3.38856e+08	3.22509e+08	3.3285e+08	3.49804e+08	3.1213e+08	2.80492e+08	2.25586e+08	2.85921e+08	2.99316e+08	3.01641e+08	2.61422e+08	2.25545e+08	2.58997e+08	2.61198e+08	2.23329e+08	2.24209e+08	1.98534e+08	2.70989e+08	2.1909e+08	2.93689e+08	2.14397e+08	2.22957e+08	2.71283e+08	2.63074e+08	3.40473e+08	2.13393e+08	3.08875e+08	2.80113e+08	1.92886e+08	1.83249e+08	1.95865e+08	2.71096e+08	2.01074e+08	2.66271e+08	1.46431e+08	1.65105e+08	1.74795e+08	1.66864e+08	2.24749e+08	2.3003e+08	1.73565e+08	2.72032e+08	2.17351e+08	2.18443e+08	2.41881e+08	2.10877e+08	1.72734e+08	2.00692e+08	1.89988e+08	1.56646e+08	1.88354e+08	1.98185e+08	1.89349e+08	2.51312e+08	1.73117e+08	2.56196e+08	1.84488e+08	1.81891e+08	2.02094e+08	2.0487e+08	2.17251e+08	2.04255e+08	1.92578e+08	2.01356e+08	1.4878e+08	2.18499e+08	2.49808e+08	2.51749e+08	1.13657e+08	2.53447e+08	2.02094e+08	2.0487e+08	2.17251e+08	2.04255e+08	1.92578e+08	2.01356e+08
ERR618722	3.58033e+08	3.74394e+08	4.18191e+08	3.58939e+08	3.17124e+08	4.16623e+08	2.27465e+08	2.13738e+08	2.33593e+08	2.3772e+08	3.10677e+08	2.86371e+08	4.36547e+08	6.44093e+08	4.61068e+08	4.56064e+08	4.4185e+08	4.68224e+08	3.77959e+08	3.54999e+08	3.62696e+08	3.44903e+08	3.56343e+08	3.74336e+08	3.34887e+08	3.00849e+08	2.40796e+08	3.06712e+08	3.21598e+08	3.24023e+08	2.81738e+08	2.42818e+08	2.79211e+08	2.81499e+08	2.39578e+08	2.41302e+08	2.12229e+08	2.90874e+08	2.35263e+08	3.15725e+08	2.30143e+08	2.39416e+08	2.90712e+08	2.819e+08	3.64622e+08	2.2776e+08	3.29952e+08	2.99034e+08	2.07262e+08	1.95972e+08	2.10453e+08	2.91579e+08	2.16416e+08	2.8625e+08	1.58503e+08	1.79512e+08	1.90551e+08	1.81539e+08	2.44707e+08	2.50674e+08	1.85431e+08	2.91314e+08	2.32423e+08	2.3352e+08	2.58442e+08	2.25514e+08	1.85082e+08	2.15347e+08	2.03825e+08	1.67205e+08	2.0127e+08	2.11613e+08	2.04777e+08	2.71732e+08	1.86179e+08	2.76884e+08	1.99381e+08	1.963e+08	2.16662e+08	2.19629e+08	2.32679e+08	2.18551e+08	2.06002e+08	2.15763e+08	1.60419e+08	2.36104e+08	2.69516e+08	2.71508e+08	1.21621e+08	2.73095e+08	2.16662e+08	2.19629e+08	2.32679e+08	2.18551e+08	2.06002e+08	2.15763e+08
ERR618721	3.50511e+08	3.66699e+08	4.09581e+08	3.51507e+08	3.10996e+08	4.07947e+08	2.23379e+08	2.09923e+08	2.29129e+08	2.33284e+08	3.04695e+08	2.80926e+08	4.27928e+08	4.61068e+08	6.21071e+08	4.46759e+08	4.32831e+08	4.58669e+08	3.70789e+08	3.48283e+08	3.55852e+08	3.38604e+08	3.49504e+08	3.67324e+08	3.28274e+08	2.94733e+08	2.36441e+08	3.00447e+08	3.1515e+08	3.17429e+08	2.75987e+08	2.37711e+08	2.73417e+08	2.75578e+08	2.34976e+08	2.36462e+08	2.08105e+08	2.84966e+08	2.30536e+08	3.09266e+08	2.2557e+08	2.34671e+08	2.85041e+08	2.76379e+08	3.57466e+08	2.23543e+08	3.23922e+08	2.93516e+08	2.03331e+08	1.92357e+08	2.06469e+08	2.85909e+08	2.12073e+08	2.80534e+08	1.54954e+08	1.75293e+08	1.85889e+08	1.77044e+08	2.38706e+08	2.44536e+08	1.82011e+08	2.85746e+08	2.28097e+08	2.29248e+08	2.5374e+08	2.21279e+08	1.81433e+08	2.10949e+08	1.99721e+08	1.63995e+08	1.97332e+08	2.07563e+08	2.00254e+08	2.65728e+08	1.82353e+08	2.70831e+08	1.95012e+08	1.92154e+08	2.12418e+08	2.15399e+08	2.2823e+08	2.14346e+08	2.02023e+08	2.11539e+08	1.56836e+08	2.30919e+08	2.63631e+08	2.65717e+08	1.19246e+08	2.67306e+08	2.12418e+08	2.15399e+08	2.2823e+08	2.14346e+08	2.02023e+08	2.11539e+08
ERR618720	3.46906e+08	3.62695e+08	4.05071e+08	3.47718e+08	3.07599e+08	4.03492e+08	2.20772e+08	2.07709e+08	2.26632e+08	2.30814e+08	3.01346e+08	2.77932e+08	4.23217e+08	4.56064e+08	4.46759e+08	6.08985e+08	4.27893e+08	4.53444e+08	3.66877e+08	3.44454e+08	3.5182e+08	3.34775e+08	3.45509e+08	3.63325e+08	3.24724e+08	2.91558e+08	2.3396e+08	2.97452e+08	3.11697e+08	3.14068e+08	2.72901e+08	2.35117e+08	2.70418e+08	2.72694e+08	2.32501e+08	2.33794e+08	2.05789e+08	2.81796e+08	2.2813e+08	3.05724e+08	2.23224e+08	2.32005e+08	2.82158e+08	2.73523e+08	3.53785e+08	2.21236e+08	3.20434e+08	2.90551e+08	2.00806e+08	1.90302e+08	2.04046e+08	2.82467e+08	2.09549e+08	2.77433e+08	1.53099e+08	1.73245e+08	1.83644e+08	1.75102e+08	2.35924e+08	2.41619e+08	1.7989e+08	2.82342e+08	2.25384e+08	2.26541e+08	2.50707e+08	2.18728e+08	1.7922e+08	2.08417e+08	1.97362e+08	1.62158e+08	1.95122e+08	2.05199e+08	1.97791e+08	2.62451e+08	1.80147e+08	2.67556e+08	1.92712e+08	1.89874e+08	2.09837e+08	2.12677e+08	2.25364e+08	2.11881e+08	1.99845e+08	2.08925e+08	1.55065e+08	2.28211e+08	2.60553e+08	2.62602e+08	1.1782e+08	2.64065e+08	2.09837e+08	2.12677e+08	2.25364e+08	2.11881e+08	1.99845e+08	2.08925e+08
ERR618719	3.36691e+08	3.52411e+08	3.93538e+08	3.37671e+08	2.9906e+08	3.9189e+08	2.14965e+08	2.02532e+08	2.20584e+08	2.24449e+08	2.93126e+08	2.70579e+08	4.12714e+08	4.4185e+08	4.32831e+08	4.27893e+08	5.80851e+08	4.42108e+08	3.56557e+08	3.34864e+08	3.42087e+08	3.25569e+08	3.36073e+08	3.53095e+08	3.15442e+08	2.83451e+08	2.27828e+08	2.88939e+08	3.02795e+08	3.05025e+08	2.65056e+08	2.28424e+08	2.62594e+08	2.64706e+08	2.25979e+08	2.27062e+08	2.00366e+08	2.73869e+08	2.21456e+08	2.97099e+08	2.16753e+08	2.25365e+08	2.73661e+08	2.65399e+08	3.43436e+08	2.15074e+08	3.11342e+08	2.82139e+08	1.94573e+08	1.84533e+08	1.97538e+08	2.7357e+08	2.03103e+08	2.68624e+08	1.48531e+08	1.67587e+08	1.77738e+08	1.6944e+08	2.2817e+08	2.33655e+08	1.74521e+08	2.74024e+08	2.18758e+08	2.1987e+08	2.43323e+08	2.12426e+08	1.74267e+08	2.02563e+08	1.91716e+08	1.57824e+08	1.8984e+08	1.99608e+08	1.91663e+08	2.54395e+08	1.74908e+08	2.59147e+08	1.86612e+08	1.83953e+08	2.03422e+08	2.06314e+08	2.18811e+08	2.05436e+08	1.93743e+08	2.0273e+08	1.5052e+08	2.21361e+08	2.52725e+08	2.54688e+08	1.14781e+08	2.56319e+08	2.03422e+08	2.06314e+08	2.18811e+08	2.05436e+08	1.93743e+08	2.0273e+08
ERR618717	3.56938e+08	3.73542e+08	4.17008e+08	3.5782e+08	3.16906e+08	4.15642e+08	2.27636e+08	2.14337e+08	2.33768e+08	2.37845e+08	3.10988e+08	2.86823e+08	4.37486e+08	4.68224e+08	4.58669e+08	4.53444e+08	4.42108e+08	6.44623e+08	3.78407e+08	3.55395e+08	3.63008e+08	3.45336e+08	3.56478e+08	3.74856e+08	3.34431e+08	3.00593e+08	2.41106e+08	3.06202e+08	3.20965e+08	3.23494e+08	2.80593e+08	2.41724e+08	2.77903e+08	2.80299e+08	2.3918e+08	2.4026e+08	2.12543e+08	2.90875e+08	2.35102e+08	3.15694e+08	2.30217e+08	2.39319e+08	2.90561e+08	2.8159e+08	3.64509e+08	2.27858e+08	3.30439e+08	2.99443e+08	2.07739e+08	1.96833e+08	2.10982e+08	2.92229e+08	2.16787e+08	2.86734e+08	1.57953e+08	1.78495e+08	1.89153e+08	1.80385e+08	2.43048e+08	2.48991e+08	1.86225e+08	2.92213e+08	2.33409e+08	2.34618e+08	2.59603e+08	2.26324e+08	1.85802e+08	2.16055e+08	2.04445e+08	1.68107e+08	2.02192e+08	2.12689e+08	2.04334e+08	2.71212e+08	1.86288e+08	2.76421e+08	1.99078e+08	1.96267e+08	2.17147e+08	2.20112e+08	2.33388e+08	2.19317e+08	2.06767e+08	2.16353e+08	1.60343e+08	2.3578e+08	2.69312e+08	2.71575e+08	1.21983e+08	2.73025e+08	2.17147e+08	2.20112e+08	2.33388e+08	2.19317e+08	2.06767e+08	2.16353e+08
ERR637059	3.33777e+08	3.5066e+08	3.90592e+08	3.34769e+08	2.98112e+08	3.89138e+08	2.07243e+08	1.96442e+08	2.12531e+08	2.16464e+08	2.82843e+08	2.61445e+08	3.53245e+08	3.77959e+08	3.70789e+08	3.66877e+08	3.56557e+08	3.78407e+08	5.62136e+08	3.7618e+08	3.83866e+08	3.66563e+08	3.77269e+08	3.96772e+08	3.22629e+08	2.90056e+08	2.33634e+08	2.95627e+08	3.08807e+08	3.11199e+08	2.58705e+08	2.23437e+08	2.56481e+08	2.58276e+08	2.21737e+08	2.2161e+08	1.96338e+08	2.67224e+08	2.1565e+08	2.8933e+08	2.10857e+08	2.19325e+08	2.69487e+08	2.60946e+08	3.39533e+08	2.11738e+08	3.07995e+08	2.79088e+08	1.9881e+08	1.8974e+08	2.01996e+08	2.79132e+08	2.07054e+08	2.74068e+08	1.45298e+08	1.63116e+08	1.72508e+08	1.64866e+08	2.2182e+08	2.27079e+08	1.7695e+08	2.76978e+08	2.21703e+08	2.22859e+08	2.46895e+08	2.15151e+08	1.72354e+08	1.99944e+08	1.89191e+08	1.56555e+08	1.88302e+08	1.97934e+08	1.86842e+08	2.47991e+08	1.71355e+08	2.5254e+08	1.82053e+08	1.79442e+08	2.008e+08	2.0387e+08	2.16202e+08	2.03268e+08	1.91506e+08	2.00184e+08	1.49417e+08	2.19243e+08	2.5129e+08	2.53539e+08	1.14826e+08	2.55141e+08	2.008e+08	2.0387e+08	2.16202e+08	2.03268e+08	1.91506e+08	2.00184e+08
ERR637060	3.14964e+08	3.30498e+08	3.67858e+08	3.15876e+08	2.80942e+08	3.66381e+08	1.95183e+08	1.84696e+08	2.00024e+08	2.03897e+08	2.6634e+08	2.4601e+08	3.31781e+08	3.54999e+08	3.48283e+08	3.44454e+08	3.34864e+08	3.55395e+08	3.7618e+08	5.03281e+08	3.62397e+08	3.43965e+08	3.5621e+08	3.72343e+08	3.0409e+08	2.73492e+08	2.20304e+08	2.7877e+08	2.91181e+08	2.93629e+08	2.43783e+08	2.10314e+08	2.41632e+08	2.43472e+08	2.08785e+08	2.08841e+08	1.84247e+08	2.50826e+08	2.0262e+08	2.71773e+08	1.98174e+08	2.06012e+08	2.53287e+08	2.45506e+08	3.19005e+08	1.98881e+08	2.89178e+08	2.62087e+08	1.86777e+08	1.77808e+08	1.89723e+08	2.6198e+08	1.94542e+08	2.57133e+08	1.36168e+08	1.53199e+08	1.622e+08	1.54964e+08	2.08507e+08	2.134e+08	1.6585e+08	2.59557e+08	2.07745e+08	2.08889e+08	2.31136e+08	2.01517e+08	1.60753e+08	1.86714e+08	1.76678e+08	1.45714e+08	1.7543e+08	1.8447e+08	1.7508e+08	2.3218e+08	1.60181e+08	2.36579e+08	1.70472e+08	1.68134e+08	1.87428e+08	1.90067e+08	2.01801e+08	1.8966e+08	1.78766e+08	1.86812e+08	1.40093e+08	2.05824e+08	2.355e+08	2.37628e+08	1.07303e+08	2.39147e+08	1.87428e+08	1.90067e+08	2.01801e+08	1.8966e+08	1.78766e+08	1.86812e+08
ERR637062	3.21549e+08	3.37359e+08	3.75881e+08	3.22573e+08	2.86658e+08	3.7442e+08	1.99072e+08	1.88293e+08	2.04225e+08	2.08021e+08	2.71712e+08	2.51034e+08	3.38856e+08	3.62696e+08	3.55852e+08	3.5182e+08	3.42087e+08	3.63008e+08	3.83866e+08	3.62397e+08	5.21922e+08	3.50926e+08	3.63636e+08	3.79992e+08	3.10506e+08	2.7916e+08	2.24599e+08	2.84408e+08	2.97236e+08	2.99611e+08	2.49018e+08	2.14969e+08	2.46863e+08	2.48648e+08	2.13148e+08	2.13186e+08	1.88067e+08	2.56294e+08	2.07041e+08	2.77653e+08	2.02417e+08	2.10646e+08	2.58931e+08	2.50876e+08	3.26076e+08	2.03218e+08	2.95492e+08	2.6792e+08	1.90749e+08	1.81575e+08	1.93815e+08	2.67684e+08	1.98719e+08	2.62882e+08	1.39495e+08	1.57164e+08	1.66483e+08	1.58979e+08	2.13723e+08	2.18874e+08	1.69412e+08	2.65433e+08	2.12273e+08	2.13341e+08	2.36332e+08	2.06057e+08	1.64649e+08	1.91242e+08	1.8087e+08	1.49183e+08	1.79469e+08	1.88781e+08	1.79493e+08	2.37961e+08	1.64154e+08	2.42557e+08	1.74956e+08	1.72432e+08	1.92103e+08	1.94688e+08	2.06603e+08	1.94222e+08	1.82946e+08	1.91316e+08	1.4329e+08	2.10651e+08	2.41034e+08	2.43154e+08	1.09634e+08	2.44587e+08	1.92103e+08	1.94688e+08	2.06603e+08	1.94222e+08	1.82946e+08	1.91316e+08
ERR637057	3.0607e+08	3.21058e+08	3.57477e+08	3.06957e+08	2.73228e+08	3.55984e+08	1.90301e+08	1.80335e+08	1.95035e+08	1.98836e+08	2.59387e+08	2.39903e+08	3.22509e+08	3.44903e+08	3.38604e+08	3.34775e+08	3.25569e+08	3.45336e+08	3.66563e+08	3.43965e+08	3.50926e+08	4.80444e+08	3.45039e+08	3.62741e+08	2.9562e+08	2.66057e+08	2.14383e+08	2.71083e+08	2.83221e+08	2.85271e+08	2.36679e+08	2.04442e+08	2.34666e+08	2.36488e+08	2.0285e+08	2.02785e+08	1.79554e+08	2.44104e+08	1.97262e+08	2.645e+08	1.92779e+08	2.00455e+08	2.4656e+08	2.38739e+08	3.10318e+08	1.93792e+08	2.81542e+08	2.5523e+08	1.81202e+08	1.72752e+08	1.84125e+08	2.54293e+08	1.88751e+08	2.49725e+08	1.32284e+08	1.48486e+08	1.57215e+08	1.50253e+08	2.02024e+08	2.06888e+08	1.61466e+08	2.52822e+08	2.02272e+08	2.03274e+08	2.25049e+08	1.9615e+08	1.56187e+08	1.8137e+08	1.71628e+08	1.41818e+08	1.70509e+08	1.79358e+08	1.69772e+08	2.25289e+08	1.55591e+08	2.2942e+08	1.65407e+08	1.62971e+08	1.82174e+08	1.84714e+08	1.95972e+08	1.84274e+08	1.7368e+08	1.81427e+08	1.36134e+08	1.99821e+08	2.28618e+08	2.30713e+08	1.04436e+08	2.32246e+08	1.82174e+08	1.84714e+08	1.95972e+08	1.84274e+08	1.7368e+08	1.81427e+08
ERR637061	3.15889e+08	3.31489e+08	3.69103e+08	3.16876e+08	2.81746e+08	3.67655e+08	1.95811e+08	1.85294e+08	2.00789e+08	2.04583e+08	2.67092e+08	2.4679e+08	3.3285e+08	3.56343e+08	3.49504e+08	3.45509e+08	3.36073e+08	3.56478e+08	3.77269e+08	3.5621e+08	3.63636e+08	3.45039e+08	5.06347e+08	3.73381e+08	3.05087e+08	2.7438e+08	2.20771e+08	2.79607e+08	2.92117e+08	2.94635e+08	2.44649e+08	2.11084e+08	2.42508e+08	2.4428e+08	2.09525e+08	2.09494e+08	1.84844e+08	2.51669e+08	2.03345e+08	2.72587e+08	1.98805e+08	2.06739e+08	2.54502e+08	2.46374e+08	3.20138e+08	1.99797e+08	2.90175e+08	2.63033e+08	1.87216e+08	1.78121e+08	1.90301e+08	2.62784e+08	1.95044e+08	2.5808e+08	1.36747e+08	1.53973e+08	1.63e+08	1.55668e+08	2.09532e+08	2.14443e+08	1.66425e+08	2.60586e+08	2.08465e+08	2.09459e+08	2.32007e+08	2.02286e+08	1.61538e+08	1.87578e+08	1.77468e+08	1.4631e+08	1.7615e+08	1.85222e+08	1.75888e+08	2.33272e+08	1.6086e+08	2.3767e+08	1.71321e+08	1.68833e+08	1.88289e+08	1.90921e+08	2.02732e+08	1.90409e+08	1.79337e+08	1.87427e+08	1.40582e+08	2.06576e+08	2.36434e+08	2.38388e+08	1.07578e+08	2.39897e+08	1.88289e+08	1.90921e+08	2.02732e+08	1.90409e+08	1.79337e+08	1.87427e+08
ERR637058	3.31722e+08	3.48118e+08	3.87718e+08	3.32747e+08	2.95433e+08	3.8629e+08	2.05396e+08	1.94026e+08	2.10597e+08	2.14651e+08	2.80311e+08	2.58991e+08	3.49804e+08	3.74336e+08	3.67324e+08	3.63325e+08	3.53095e+08	3.74856e+08	3.96772e+08	3.72343e+08	3.79992e+08	3.62741e+08	3.73381e+08	5.52164e+08	3.20341e+08	2.87903e+08	2.31275e+08	2.93294e+08	3.06743e+08	3.09216e+08	2.56718e+08	2.21436e+08	2.54392e+08	2.56375e+08	2.19521e+08	2.19746e+08	1.93706e+08	2.64393e+08	2.13469e+08	2.86518e+08	2.08659e+08	2.17109e+08	2.67267e+08	2.59075e+08	3.36466e+08	2.09589e+08	3.04857e+08	2.76344e+08	1.972e+08	1.87607e+08	2.00374e+08	2.77009e+08	2.05729e+08	2.71922e+08	1.44516e+08	1.62806e+08	1.7247e+08	1.64603e+08	2.21591e+08	2.27063e+08	1.75116e+08	2.74353e+08	2.1935e+08	2.20386e+08	2.44038e+08	2.12859e+08	1.70344e+08	1.97821e+08	1.87246e+08	1.54324e+08	1.85609e+08	1.95275e+08	1.85812e+08	2.46571e+08	1.69811e+08	2.51374e+08	1.80976e+08	1.7844e+08	1.98854e+08	2.01621e+08	2.13851e+08	2.00843e+08	1.89356e+08	1.9799e+08	1.48278e+08	2.17965e+08	2.49324e+08	2.51426e+08	1.13286e+08	2.53089e+08	1.98854e+08	2.01621e+08	2.13851e+08	2.00843e+08	1.89356e+08	1.9799e+08
ERR608679	3.04208e+08	3.17718e+08	3.53548e+08	3.05235e+08	2.6963e+08	3.52343e+08	1.84768e+08	1.73482e+08	1.89537e+08	1.92903e+08	2.51457e+08	2.32208e+08	3.1213e+08	3.34887e+08	3.28274e+08	3.24724e+08	3.15442e+08	3.34431e+08	3.22629e+08	3.0409e+08	3.10506e+08	2.9562e+08	3.05087e+08	3.20341e+08	4.51898e+08	2.81738e+08	2.25559e+08	2.86486e+08	2.99978e+08	3.02631e+08	2.26443e+08	1.95203e+08	2.24301e+08	2.25896e+08	1.92452e+08	1.93709e+08	1.68907e+08	2.31525e+08	1.8735e+08	2.51128e+08	1.83328e+08	1.90526e+08	2.42925e+08	2.35539e+08	3.04403e+08	1.901e+08	2.75566e+08	2.50221e+08	1.75364e+08	1.65568e+08	1.78064e+08	2.46191e+08	1.8283e+08	2.41565e+08	1.2932e+08	1.46666e+08	1.55453e+08	1.481e+08	1.99428e+08	2.04389e+08	1.53777e+08	2.40914e+08	1.92408e+08	1.93538e+08	2.13858e+08	1.86896e+08	1.47419e+08	1.71451e+08	1.62132e+08	1.33102e+08	1.59993e+08	1.68322e+08	1.65578e+08	2.19381e+08	1.50338e+08	2.23609e+08	1.60976e+08	1.58799e+08	1.7337e+08	1.75659e+08	1.86176e+08	1.74784e+08	1.64794e+08	1.7257e+08	1.33445e+08	1.96176e+08	2.23305e+08	2.24989e+08	1.00949e+08	2.26288e+08	1.7337e+08	1.75659e+08	1.86176e+08	1.74784e+08	1.64794e+08	1.7257e+08
ERR608678	2.73701e+08	2.85973e+08	3.17798e+08	2.74644e+08	2.43128e+08	3.16708e+08	1.66996e+08	1.56897e+08	1.71094e+08	1.74125e+08	2.26597e+08	2.0951e+08	2.80492e+08	3.00849e+08	2.94733e+08	2.91558e+08	2.83451e+08	3.00593e+08	2.90056e+08	2.73492e+08	2.7916e+08	2.66057e+08	2.7438e+08	2.87903e+08	2.81738e+08	3.77138e+08	2.03873e+08	2.58094e+08	2.70118e+08	2.72372e+08	2.04e+08	1.76024e+08	2.02027e+08	2.03686e+08	1.73821e+08	1.74658e+08	1.52014e+08	2.07994e+08	1.68482e+08	2.25493e+08	1.64785e+08	1.71262e+08	2.18305e+08	2.11753e+08	2.7319e+08	1.71282e+08	2.47874e+08	2.25138e+08	1.57044e+08	1.48542e+08	1.59498e+08	2.20381e+08	1.63862e+08	2.16233e+08	1.15672e+08	1.30934e+08	1.38757e+08	1.32215e+08	1.77875e+08	1.8232e+08	1.38016e+08	2.15772e+08	1.72543e+08	1.7345e+08	1.91742e+08	1.67558e+08	1.31806e+08	1.53137e+08	1.44935e+08	1.19105e+08	1.43174e+08	1.50615e+08	1.47688e+08	1.95586e+08	1.34363e+08	1.99324e+08	1.43737e+08	1.418e+08	1.54808e+08	1.56845e+08	1.66241e+08	1.5616e+08	1.47302e+08	1.54165e+08	1.19806e+08	1.75654e+08	1.99855e+08	2.01461e+08	9.08752e+07	2.02648e+08	1.54808e+08	1.56845e+08	1.66241e+08	1.5616e+08	1.47302e+08	1.54165e+08
ERR608677	2.18841e+08	2.28865e+08	2.53805e+08	2.1949e+08	1.96051e+08	2.52793e+08	1.34715e+08	1.28054e+08	1.38074e+08	1.40518e+08	1.82175e+08	1.69018e+08	2.25586e+08	2.40796e+08	2.36441e+08	2.3396e+08	2.27828e+08	2.41106e+08	2.33634e+08	2.20304e+08	2.24599e+08	2.14383e+08	2.20771e+08	2.31275e+08	2.25559e+08	2.03873e+08	2.61845e+08	2.07242e+08	2.16031e+08	2.17939e+08	1.63012e+08	1.41144e+08	1.61607e+08	1.6276e+08	1.40056e+08	1.40053e+08	1.22783e+08	1.66181e+08	1.34653e+08	1.79725e+08	1.31746e+08	1.36944e+08	1.75076e+08	1.69979e+08	2.19069e+08	1.38559e+08	1.99277e+08	1.81307e+08	1.24077e+08	1.18331e+08	1.2604e+08	1.73525e+08	1.29299e+08	1.70406e+08	9.07685e+07	1.01712e+08	1.07518e+08	1.02672e+08	1.37781e+08	1.41021e+08	1.09803e+08	1.7086e+08	1.37003e+08	1.37924e+08	1.52454e+08	1.3303e+08	1.04222e+08	1.20756e+08	1.14338e+08	9.47212e+07	1.13775e+08	1.19697e+08	1.15235e+08	1.52545e+08	1.05819e+08	1.5535e+08	1.12242e+08	1.10689e+08	1.22024e+08	1.23868e+08	1.31315e+08	1.23393e+08	1.16397e+08	1.21542e+08	9.45068e+07	1.37777e+08	1.57312e+08	1.58649e+08	7.27254e+07	1.5949e+08	1.22024e+08	1.23868e+08	1.31315e+08	1.23393e+08	1.16397e+08	1.21542e+08
ERR608682	2.79103e+08	2.91347e+08	3.23989e+08	2.80087e+08	2.47791e+08	3.22914e+08	1.70013e+08	1.59883e+08	1.7414e+08	1.7722e+08	2.30594e+08	2.13238e+08	2.85921e+08	3.06712e+08	3.00447e+08	2.97452e+08	2.88939e+08	3.06202e+08	2.95627e+08	2.7877e+08	2.84408e+08	2.71083e+08	2.79607e+08	2.93294e+08	2.86486e+08	2.58094e+08	2.07242e+08	3.8821e+08	2.76014e+08	2.78466e+08	2.07733e+08	1.7954e+08	2.05933e+08	2.07457e+08	1.77181e+08	1.78184e+08	1.54939e+08	2.11716e+08	1.71474e+08	2.29653e+08	1.67877e+08	1.74355e+08	2.22546e+08	2.15872e+08	2.78373e+08	1.74722e+08	2.52537e+08	2.29419e+08	1.59815e+08	1.51231e+08	1.62325e+08	2.24045e+08	1.66739e+08	2.19921e+08	1.17636e+08	1.33138e+08	1.41107e+08	1.34504e+08	1.80892e+08	1.8534e+08	1.4044e+08	2.19611e+08	1.75585e+08	1.76522e+08	1.9522e+08	1.70437e+08	1.33972e+08	1.555e+08	1.47274e+08	1.21033e+08	1.4541e+08	1.5294e+08	1.50172e+08	1.98922e+08	1.36701e+08	2.02675e+08	1.46207e+08	1.44183e+08	1.57429e+08	1.59598e+08	1.69062e+08	1.58799e+08	1.4967e+08	1.56713e+08	1.21788e+08	1.78631e+08	2.03274e+08	2.04871e+08	9.24482e+07	2.06055e+08	1.57429e+08	1.59598e+08	1.69062e+08	1.58799e+08	1.4967e+08	1.56713e+08
ERR608681	2.92675e+08	3.05471e+08	3.39815e+08	2.93548e+08	2.58948e+08	3.38841e+08	1.77589e+08	1.66341e+08	1.82108e+08	1.85383e+08	2.41369e+08	2.22926e+08	2.99316e+08	3.21598e+08	3.1515e+08	3.11697e+08	3.02795e+08	3.20965e+08	3.08807e+08	2.91181e+08	2.97236e+08	2.83221e+08	2.92117e+08	3.06743e+08	2.99978e+08	2.70118e+08	2.16031e+08	2.76014e+08	4.20227e+08	2.91734e+08	2.1805e+08	1.88074e+08	2.16073e+08	2.17672e+08	1.85286e+08	1.86606e+08	1.61524e+08	2.21659e+08	1.79569e+08	2.40716e+08	1.75746e+08	1.82612e+08	2.33145e+08	2.26026e+08	2.91683e+08	1.82441e+08	2.64253e+08	2.40082e+08	1.67922e+08	1.58565e+08	1.70647e+08	2.36055e+08	1.75363e+08	2.31521e+08	1.23878e+08	1.40717e+08	1.49201e+08	1.42033e+08	1.91372e+08	1.96213e+08	1.46908e+08	2.30169e+08	1.83783e+08	1.84844e+08	2.04162e+08	1.78542e+08	1.40717e+08	1.6348e+08	1.54747e+08	1.26752e+08	1.52602e+08	1.6042e+08	1.58493e+08	2.10096e+08	1.43863e+08	2.14151e+08	1.54072e+08	1.52014e+08	1.65352e+08	1.67537e+08	1.77639e+08	1.66678e+08	1.57201e+08	1.6473e+08	1.282e+08	1.88473e+08	2.14295e+08	2.1579e+08	9.66807e+07	2.16963e+08	1.65352e+08	1.67537e+08	1.77639e+08	1.66678e+08	1.57201e+08	1.6473e+08
ERR608680	2.95042e+08	3.07861e+08	3.42531e+08	2.95999e+08	2.60987e+08	3.41462e+08	1.79172e+08	1.67635e+08	1.83599e+08	1.86774e+08	2.43353e+08	2.2484e+08	3.01641e+08	3.24023e+08	3.17429e+08	3.14068e+08	3.05025e+08	3.23494e+08	3.11199e+08	2.93629e+08	2.99611e+08	2.85271e+08	2.94635e+08	3.09216e+08	3.02631e+08	2.72372e+08	2.17939e+08	2.78466e+08	2.91734e+08	4.26583e+08	2.19857e+08	1.89693e+08	2.17853e+08	2.19504e+08	1.86894e+08	1.88182e+08	1.62826e+08	2.23431e+08	1.80939e+08	2.42692e+08	1.77127e+08	1.84118e+08	2.35047e+08	2.2804e+08	2.94043e+08	1.8393e+08	2.66477e+08	2.41933e+08	1.6969e+08	1.59936e+08	1.72202e+08	2.38292e+08	1.76988e+08	2.33713e+08	1.25198e+08	1.42049e+08	1.50776e+08	1.43501e+08	1.93414e+08	1.98357e+08	1.48505e+08	2.3257e+08	1.8568e+08	1.86707e+08	2.06312e+08	1.80365e+08	1.41896e+08	1.64975e+08	1.5609e+08	1.27733e+08	1.53783e+08	1.61717e+08	1.60052e+08	2.12251e+08	1.45143e+08	2.16221e+08	1.5557e+08	1.53406e+08	1.67107e+08	1.69165e+08	1.79266e+08	1.6835e+08	1.58778e+08	1.66182e+08	1.29374e+08	1.90263e+08	2.16206e+08	2.17759e+08	9.75205e+07	2.19006e+08	1.67107e+08	1.69165e+08	1.79266e+08	1.6835e+08	1.58778e+08	1.66182e+08
ERR617294	2.43696e+08	2.53525e+08	2.82544e+08	2.44087e+08	2.14594e+08	2.8145e+08	1.5904e+08	1.48818e+08	1.63149e+08	1.66006e+08	2.14697e+08	1.98228e+08	2.61422e+08	2.81738e+08	2.75987e+08	2.72901e+08	2.65056e+08	2.80593e+08	2.58705e+08	2.43783e+08	2.49018e+08	2.36679e+08	2.44649e+08	2.56718e+08	2.26443e+08	2.04e+08	1.63012e+08	2.07733e+08	2.1805e+08	2.19857e+08	3.54401e+08	2.07661e+08	2.38821e+08	2.40489e+08	2.03884e+08	2.06592e+08	1.58335e+08	2.14708e+08	1.75542e+08	2.32493e+08	1.71971e+08	1.784e+08	1.91582e+08	1.85883e+08	2.39249e+08	1.50108e+08	2.16663e+08	1.9669e+08	1.37336e+08	1.29041e+08	1.39303e+08	1.93415e+08	1.4369e+08	1.89718e+08	1.03491e+08	1.17953e+08	1.25362e+08	1.19285e+08	1.60974e+08	1.64988e+08	1.20298e+08	1.89083e+08	1.50802e+08	1.51629e+08	1.67379e+08	1.46365e+08	1.16973e+08	1.36112e+08	1.28826e+08	1.0532e+08	1.26814e+08	1.33431e+08	1.32885e+08	1.76514e+08	1.20165e+08	1.80004e+08	1.29117e+08	1.273e+08	1.37498e+08	1.39281e+08	1.47599e+08	1.38513e+08	1.30566e+08	1.36903e+08	1.08945e+08	1.60578e+08	1.82034e+08	1.83141e+08	8.13993e+07	1.84318e+08	1.37498e+08	1.39281e+08	1.47599e+08	1.38513e+08	1.30566e+08	1.36903e+08
ERR617291	2.09741e+08	2.18396e+08	2.43176e+08	2.10138e+08	1.85425e+08	2.42114e+08	1.38016e+08	1.29485e+08	1.41655e+08	1.44048e+08	1.85769e+08	1.71676e+08	2.25545e+08	2.42818e+08	2.37711e+08	2.35117e+08	2.28424e+08	2.41724e+08	2.23437e+08	2.10314e+08	2.14969e+08	2.04442e+08	2.11084e+08	2.21436e+08	1.95203e+08	1.76024e+08	1.41144e+08	1.7954e+08	1.88074e+08	1.89693e+08	2.07661e+08	2.78598e+08	2.05981e+08	2.07434e+08	1.78484e+08	1.80427e+08	1.36895e+08	1.84709e+08	1.51301e+08	1.99859e+08	1.48256e+08	1.53802e+08	1.6516e+08	1.60327e+08	2.06039e+08	1.29783e+08	1.86759e+08	1.69567e+08	1.17827e+08	1.11004e+08	1.19541e+08	1.65632e+08	1.23072e+08	1.62486e+08	8.88158e+07	1.00968e+08	1.07225e+08	1.02002e+08	1.37626e+08	1.40863e+08	1.03143e+08	1.61793e+08	1.29294e+08	1.29862e+08	1.43556e+08	1.25392e+08	1.00312e+08	1.16572e+08	1.10476e+08	9.04806e+07	1.08885e+08	1.14553e+08	1.13598e+08	1.50767e+08	1.03029e+08	1.53764e+08	1.10425e+08	1.08926e+08	1.17971e+08	1.19496e+08	1.2674e+08	1.18978e+08	1.12141e+08	1.17494e+08	9.3617e+07	1.37589e+08	1.55935e+08	1.56888e+08	7.02084e+07	1.57964e+08	1.17971e+08	1.19496e+08	1.2674e+08	1.18978e+08	1.12141e+08	1.17494e+08
ERR617293	2.4151e+08	2.51366e+08	2.8014e+08	2.41937e+08	2.12779e+08	2.79012e+08	1.57697e+08	1.47647e+08	1.61946e+08	1.64742e+08	2.12937e+08	1.96676e+08	2.58997e+08	2.79211e+08	2.73417e+08	2.70418e+08	2.62594e+08	2.77903e+08	2.56481e+08	2.41632e+08	2.46863e+08	2.34666e+08	2.42508e+08	2.54392e+08	2.24301e+08	2.02027e+08	1.61607e+08	2.05933e+08	2.16073e+08	2.17853e+08	2.38821e+08	2.05981e+08	3.4936e+08	2.38636e+08	2.02519e+08	2.05049e+08	1.5712e+08	2.12949e+08	1.74248e+08	2.3077e+08	1.7045e+08	1.7714e+08	1.89803e+08	1.84266e+08	2.37015e+08	1.48654e+08	2.14596e+08	1.94775e+08	1.36112e+08	1.27872e+08	1.3798e+08	1.91597e+08	1.42364e+08	1.87885e+08	1.0262e+08	1.16828e+08	1.24194e+08	1.18108e+08	1.59425e+08	1.63522e+08	1.19154e+08	1.87315e+08	1.49356e+08	1.50097e+08	1.65838e+08	1.45022e+08	1.1588e+08	1.3478e+08	1.27679e+08	1.04307e+08	1.25653e+08	1.32268e+08	1.31647e+08	1.74697e+08	1.19122e+08	1.78242e+08	1.27857e+08	1.26124e+08	1.36234e+08	1.38132e+08	1.46286e+08	1.3728e+08	1.29301e+08	1.35596e+08	1.07953e+08	1.5915e+08	1.80348e+08	1.81435e+08	8.0689e+07	1.82566e+08	1.36234e+08	1.38132e+08	1.46286e+08	1.3728e+08	1.29301e+08	1.35596e+08
