	ERR617032	ERR617029	ERR617028	ERR617030	ERR617031	ERR617027	ERR609044	ERR609041	ERR609043	ERR609040	ERR609039	ERR609042	ERR609044	ERR609041	ERR609043	ERR609040	ERR609039	ERR609042	ERR613552	ERR613556	ERR613554	ERR613551	ERR613553	ERR613555	ERR605614	ERR605616	ERR605611	ERR605613	ERR605615	ERR605612	ERR636926	ERR636927	ERR636925	ERR636930	ERR636928	ERR636929	ERR608374	ERR608375	ERR608373	ERR608376	ERR608372	ERR608371	ERR626884	ERR626883	ERR626881	ERR626880	ERR626882	ERR626879	ERR608535	ERR608532	ERR608533	ERR608536	ERR608531	ERR608534	ERR618702	ERR618699	ERR618701	ERR618703	ERR618700	ERR618704	ERR612951	ERR612954	ERR612952	ERR612955	ERR612953	ERR612956	ERR616711	ERR616707	ERR616706	ERR616708	ERR616709	ERR616710	ERR616551	ERR616548	ERR616552	ERR616550	ERR616553	ERR616549	ERR616690	ERR616689	ERR616693	ERR616688	ERR616691	ERR616692	ERR605559	ERR605557	ERR605562	ERR605561	ERR605558	ERR605560	ERR605521	ERR605522	ERR605523	ERR605526	ERR605524	ERR605525
ERR617032	4.15308e+08	3.2557e+08	3.17463e+08	2.83864e+08	2.79148e+08	3.07746e+08	2.10785e+08	2.90092e+08	2.07804e+08	2.88436e+08	2.70411e+08	2.06703e+08	2.10785e+08	2.90092e+08	2.07804e+08	2.88436e+08	2.70411e+08	2.06703e+08	3.11507e+08	2.62703e+08	2.68102e+08	3.13748e+08	3.10867e+08	2.63999e+08	2.28851e+08	2.38568e+08	2.63683e+08	2.40391e+08	2.41761e+08	2.44716e+08	2.37614e+08	2.37023e+08	2.08811e+08	2.59404e+08	2.60823e+08	2.62104e+08	2.11939e+08	2.15103e+08	2.6036e+08	2.17099e+08	2.59593e+08	2.38288e+08	3.03614e+08	2.19474e+08	2.8251e+08	2.7897e+08	2.22587e+08	3.10754e+08	1.72054e+08	1.42091e+08	1.53924e+08	1.76227e+08	1.06991e+08	1.72102e+08	1.41632e+08	1.62296e+08	1.54885e+08	1.42589e+08	1.5446e+08	1.39981e+08	1.94133e+08	1.51044e+08	1.27812e+08	1.44661e+08	1.75829e+08	1.4802e+08	1.57644e+08	1.29773e+08	1.26086e+08	1.16949e+08	1.57675e+08	1.5763e+08	2.29198e+08	1.89293e+08	2.37541e+08	1.90895e+08	2.32039e+08	1.15782e+08	1.2742e+08	1.40062e+08	1.77402e+08	1.36016e+08	1.76777e+08	1.77239e+08	1.38261e+08	1.56443e+08	1.44593e+08	1.46388e+08	1.46665e+08	1.43509e+08	1.93728e+08	1.8321e+08	1.71139e+08	1.80005e+08	1.80552e+08	1.83312e+08
ERR617029	3.2557e+08	5.2918e+08	3.67507e+08	3.2264e+08	3.17024e+08	3.54172e+08	2.47794e+08	3.38896e+08	2.44471e+08	3.38101e+08	3.15512e+08	2.43207e+08	2.47794e+08	3.38896e+08	2.44471e+08	3.38101e+08	3.15512e+08	2.43207e+08	3.59859e+08	3.03673e+08	3.09904e+08	3.62114e+08	3.58711e+08	3.05417e+08	2.63655e+08	2.72381e+08	3.03808e+08	2.76314e+08	2.75958e+08	2.81253e+08	2.79567e+08	2.77587e+08	2.44993e+08	3.03657e+08	3.05445e+08	3.06989e+08	2.48996e+08	2.53508e+08	3.04599e+08	2.55989e+08	3.05189e+08	2.79155e+08	3.55344e+08	2.57849e+08	3.30762e+08	3.25836e+08	2.61777e+08	3.63978e+08	2.04632e+08	1.69065e+08	1.83617e+08	2.09569e+08	1.2566e+08	2.04722e+08	1.66356e+08	1.90243e+08	1.81538e+08	1.67639e+08	1.80715e+08	1.64604e+08	2.3149e+08	1.80506e+08	1.51792e+08	1.727e+08	2.08872e+08	1.76856e+08	1.85714e+08	1.53241e+08	1.48882e+08	1.38413e+08	1.8579e+08	1.85585e+08	2.66057e+08	2.20768e+08	2.76078e+08	2.22659e+08	2.69586e+08	1.35226e+08	1.49717e+08	1.64208e+08	2.07437e+08	1.59429e+08	2.06459e+08	2.07065e+08	1.60556e+08	1.8219e+08	1.68448e+08	1.70704e+08	1.70601e+08	1.67431e+08	2.25207e+08	2.12408e+08	1.9801e+08	2.09152e+08	2.09705e+08	2.12857e+08
ERR617028	3.17463e+08	3.67507e+08	5.05092e+08	3.14385e+08	3.08947e+08	3.45134e+08	2.41464e+08	3.2982e+08	2.38084e+08	3.29295e+08	3.07459e+08	2.36956e+08	2.41464e+08	3.2982e+08	2.38084e+08	3.29295e+08	3.07459e+08	2.36956e+08	3.50494e+08	2.96195e+08	3.02175e+08	3.52818e+08	3.49542e+08	2.97654e+08	2.56823e+08	2.65443e+08	2.96053e+08	2.69169e+08	2.68896e+08	2.73916e+08	2.72169e+08	2.7023e+08	2.38678e+08	2.95881e+08	2.9751e+08	2.99065e+08	2.42288e+08	2.46636e+08	2.96295e+08	2.4907e+08	2.96818e+08	2.71606e+08	3.45889e+08	2.50767e+08	3.21729e+08	3.17313e+08	2.54664e+08	3.54213e+08	1.98278e+08	1.63859e+08	1.78052e+08	2.03099e+08	1.21934e+08	1.98496e+08	1.61345e+08	1.84526e+08	1.75974e+08	1.62512e+08	1.75105e+08	1.59571e+08	2.24202e+08	1.74841e+08	1.47077e+08	1.67157e+08	2.02305e+08	1.71232e+08	1.79961e+08	1.48676e+08	1.44242e+08	1.34111e+08	1.79936e+08	1.7988e+08	2.58637e+08	2.14668e+08	2.68265e+08	2.16434e+08	2.61952e+08	1.315e+08	1.45217e+08	1.59317e+08	2.01105e+08	1.54625e+08	2.00235e+08	2.008e+08	1.55704e+08	1.76593e+08	1.63316e+08	1.65481e+08	1.65459e+08	1.62369e+08	2.18453e+08	2.05927e+08	1.92253e+08	2.02866e+08	2.03408e+08	2.06549e+08
ERR617030	2.83864e+08	3.2264e+08	3.14385e+08	4.0824e+08	2.75843e+08	3.04521e+08	2.10082e+08	2.88813e+08	2.07259e+08	2.87466e+08	2.69253e+08	2.06098e+08	2.10082e+08	2.88813e+08	2.07259e+08	2.87466e+08	2.69253e+08	2.06098e+08	3.08218e+08	2.59614e+08	2.65005e+08	3.10081e+08	3.07455e+08	2.61071e+08	2.26077e+08	2.35433e+08	2.60744e+08	2.37478e+08	2.38645e+08	2.41818e+08	2.36872e+08	2.36103e+08	2.08068e+08	2.58532e+08	2.5992e+08	2.61055e+08	2.1137e+08	2.14339e+08	2.5922e+08	2.16387e+08	2.58617e+08	2.37317e+08	3.0215e+08	2.18743e+08	2.81261e+08	2.77596e+08	2.21886e+08	3.0944e+08	1.71514e+08	1.41768e+08	1.53585e+08	1.75748e+08	1.065e+08	1.71662e+08	1.40894e+08	1.61429e+08	1.53969e+08	1.41906e+08	1.53604e+08	1.39255e+08	1.9366e+08	1.50732e+08	1.27464e+08	1.44368e+08	1.7537e+08	1.47845e+08	1.57076e+08	1.29209e+08	1.25592e+08	1.16485e+08	1.57072e+08	1.57036e+08	2.27968e+08	1.88538e+08	2.36256e+08	1.9008e+08	2.30912e+08	1.15376e+08	1.26369e+08	1.38749e+08	1.76065e+08	1.34945e+08	1.752e+08	1.75773e+08	1.36448e+08	1.54478e+08	1.42795e+08	1.44715e+08	1.44876e+08	1.4188e+08	1.91244e+08	1.8066e+08	1.68688e+08	1.77628e+08	1.78022e+08	1.80843e+08
ERR617031	2.79148e+08	3.17024e+08	3.08947e+08	2.75843e+08	3.96275e+08	2.99209e+08	2.05869e+08	2.82859e+08	2.03036e+08	2.81578e+08	2.63839e+08	2.02068e+08	2.05869e+08	2.82859e+08	2.03036e+08	2.81578e+08	2.63839e+08	2.02068e+08	3.02918e+08	2.55519e+08	2.60785e+08	3.04979e+08	3.02186e+08	2.56611e+08	2.22502e+08	2.31671e+08	2.56302e+08	2.33642e+08	2.34808e+08	2.37916e+08	2.31928e+08	2.31198e+08	2.03713e+08	2.53051e+08	2.54393e+08	2.55778e+08	2.07035e+08	2.10132e+08	2.54097e+08	2.12285e+08	2.5355e+08	2.32591e+08	2.96168e+08	2.14478e+08	2.75619e+08	2.72188e+08	2.175e+08	3.03335e+08	1.68055e+08	1.38754e+08	1.5039e+08	1.72325e+08	1.04336e+08	1.68135e+08	1.37977e+08	1.58145e+08	1.50964e+08	1.39025e+08	1.50447e+08	1.36342e+08	1.8953e+08	1.47499e+08	1.24786e+08	1.41289e+08	1.71725e+08	1.44594e+08	1.53798e+08	1.26498e+08	1.22936e+08	1.14064e+08	1.53687e+08	1.5376e+08	2.23463e+08	1.84776e+08	2.31513e+08	1.86188e+08	2.2621e+08	1.13064e+08	1.24044e+08	1.36329e+08	1.72697e+08	1.32424e+08	1.71955e+08	1.72497e+08	1.34301e+08	1.51971e+08	1.40556e+08	1.42363e+08	1.4261e+08	1.39552e+08	1.88172e+08	1.7783e+08	1.65957e+08	1.749e+08	1.75287e+08	1.7808e+08
ERR617027	3.07746e+08	3.54172e+08	3.45134e+08	3.04521e+08	2.99209e+08	4.74631e+08	2.31033e+08	3.16711e+08	2.27915e+08	3.15596e+08	2.94954e+08	2.26589e+08	2.31033e+08	3.16711e+08	2.27915e+08	3.15596e+08	2.94954e+08	2.26589e+08	3.37884e+08	2.84999e+08	2.90978e+08	3.39986e+08	3.37076e+08	2.86569e+08	2.4748e+08	2.56836e+08	2.85408e+08	2.59612e+08	2.60214e+08	2.64491e+08	2.60553e+08	2.59118e+08	2.28513e+08	2.83736e+08	2.85295e+08	2.86722e+08	2.31921e+08	2.36018e+08	2.84535e+08	2.38266e+08	2.84261e+08	2.60502e+08	3.31776e+08	2.40447e+08	3.08802e+08	3.04636e+08	2.43862e+08	3.39838e+08	1.89827e+08	1.57019e+08	1.7019e+08	1.9458e+08	1.17314e+08	1.90042e+08	1.55189e+08	1.77666e+08	1.69464e+08	1.56297e+08	1.68764e+08	1.53404e+08	2.14301e+08	1.66772e+08	1.40713e+08	1.59574e+08	1.93513e+08	1.63482e+08	1.72846e+08	1.42407e+08	1.38445e+08	1.28586e+08	1.72715e+08	1.72694e+08	2.49318e+08	2.06719e+08	2.58573e+08	2.08301e+08	2.52556e+08	1.26554e+08	1.39354e+08	1.53072e+08	1.93631e+08	1.48614e+08	1.92666e+08	1.93305e+08	1.50108e+08	1.70093e+08	1.57228e+08	1.59332e+08	1.59415e+08	1.56305e+08	2.10404e+08	1.98625e+08	1.85439e+08	1.9541e+08	1.95966e+08	1.99011e+08
ERR609044	2.10785e+08	2.47794e+08	2.41464e+08	2.10082e+08	2.05869e+08	2.31033e+08	3.84746e+08	3.48923e+08	2.6335e+08	3.51504e+08	3.25044e+08	2.61755e+08	3.84746e+08	3.48923e+08	2.6335e+08	3.51504e+08	3.25044e+08	2.61755e+08	2.67604e+08	2.25353e+08	2.30146e+08	2.6921e+08	2.66557e+08	2.26585e+08	1.90915e+08	1.95858e+08	2.21605e+08	2.00244e+08	1.98339e+08	2.03598e+08	2.30949e+08	2.28384e+08	2.03094e+08	2.49346e+08	2.50831e+08	2.52072e+08	2.02263e+08	2.06646e+08	2.44623e+08	2.08729e+08	2.46816e+08	2.25283e+08	2.60893e+08	1.90962e+08	2.42984e+08	2.39088e+08	1.94263e+08	2.67367e+08	1.55633e+08	1.2903e+08	1.40435e+08	1.59446e+08	9.52659e+07	1.5592e+08	1.21727e+08	1.38684e+08	1.32319e+08	1.2257e+08	1.31401e+08	1.20459e+08	1.74705e+08	1.36587e+08	1.14035e+08	1.3054e+08	1.56773e+08	1.33845e+08	2.28613e+08	1.95069e+08	1.89138e+08	1.78769e+08	2.29125e+08	2.27302e+08	2.0795e+08	1.74274e+08	2.16386e+08	1.75555e+08	2.10777e+08	1.07295e+08	1.07509e+08	1.17915e+08	1.48264e+08	1.13983e+08	1.47254e+08	1.47937e+08	1.05502e+08	1.20959e+08	1.11912e+08	1.13837e+08	1.13607e+08	1.12059e+08	1.49327e+08	1.39611e+08	1.28937e+08	1.3763e+08	1.38146e+08	1.4021e+08
ERR609041	2.90092e+08	3.38896e+08	3.2982e+08	2.88813e+08	2.82859e+08	3.16711e+08	3.48923e+08	6.3009e+08	3.45125e+08	4.68552e+08	4.34287e+08	3.4299e+08	3.48923e+08	6.3009e+08	3.45125e+08	4.68552e+08	4.34287e+08	3.4299e+08	3.67878e+08	3.07975e+08	3.14807e+08	3.70271e+08	3.66554e+08	3.09837e+08	2.61566e+08	2.70285e+08	3.04788e+08	2.75207e+08	2.74144e+08	2.80273e+08	3.12567e+08	3.10061e+08	2.74454e+08	3.39352e+08	3.41316e+08	3.42887e+08	2.74152e+08	2.79586e+08	3.33982e+08	2.82404e+08	3.35378e+08	3.06599e+08	3.55988e+08	2.58178e+08	3.31002e+08	3.26205e+08	2.62744e+08	3.64891e+08	2.13425e+08	1.76586e+08	1.92109e+08	2.18544e+08	1.3104e+08	2.1376e+08	1.7012e+08	1.94341e+08	1.85378e+08	1.71206e+08	1.84284e+08	1.68178e+08	2.41066e+08	1.88014e+08	1.57776e+08	1.79893e+08	2.17103e+08	1.84324e+08	2.99076e+08	2.53956e+08	2.46373e+08	2.32306e+08	2.99897e+08	2.97875e+08	2.88252e+08	2.40194e+08	2.99635e+08	2.41885e+08	2.92013e+08	1.46971e+08	1.49209e+08	1.63689e+08	2.06729e+08	1.58423e+08	2.0519e+08	2.06365e+08	1.4652e+08	1.67914e+08	1.5517e+08	1.57929e+08	1.57844e+08	1.55461e+08	2.07629e+08	1.94415e+08	1.79665e+08	1.91205e+08	1.91816e+08	1.94918e+08
ERR609043	2.07804e+08	2.44471e+08	2.38084e+08	2.07259e+08	2.03036e+08	2.27915e+08	2.6335e+08	3.45125e+08	3.77532e+08	3.47596e+08	3.2163e+08	2.5909e+08	2.6335e+08	3.45125e+08	3.77532e+08	3.47596e+08	3.2163e+08	2.5909e+08	2.64448e+08	2.22878e+08	2.27793e+08	2.66195e+08	2.63588e+08	2.24174e+08	1.88693e+08	1.93413e+08	2.18835e+08	1.9787e+08	1.96018e+08	2.01154e+08	2.28137e+08	2.25594e+08	2.00501e+08	2.46262e+08	2.47783e+08	2.48913e+08	1.99696e+08	2.04067e+08	2.41587e+08	2.06133e+08	2.43527e+08	2.22525e+08	2.57131e+08	1.88142e+08	2.39451e+08	2.35655e+08	1.91404e+08	2.63301e+08	1.53213e+08	1.27022e+08	1.3829e+08	1.56838e+08	9.38372e+07	1.53538e+08	1.19859e+08	1.36536e+08	1.30251e+08	1.20558e+08	1.29363e+08	1.18613e+08	1.71906e+08	1.34503e+08	1.12344e+08	1.28593e+08	1.54336e+08	1.31809e+08	2.26532e+08	1.93472e+08	1.87528e+08	1.77404e+08	2.27153e+08	2.25388e+08	2.05445e+08	1.71957e+08	2.13509e+08	1.73219e+08	2.07983e+08	1.05986e+08	1.05872e+08	1.16117e+08	1.46026e+08	1.12212e+08	1.45009e+08	1.45799e+08	1.03754e+08	1.19076e+08	1.10211e+08	1.12049e+08	1.1185e+08	1.10286e+08	1.46876e+08	1.37505e+08	1.26966e+08	1.35504e+08	1.35956e+08	1.38096e+08
ERR609040	2.88436e+08	3.38101e+08	3.29295e+08	2.87466e+08	2.81578e+08	3.15596e+08	3.51504e+08	4.68552e+08	3.47596e+08	6.35128e+08	4.36089e+08	3.45589e+08	3.51504e+08	4.68552e+08	3.47596e+08	6.35128e+08	4.36089e+08	3.45589e+08	3.67059e+08	3.07465e+08	3.14243e+08	3.69377e+08	3.65665e+08	3.09487e+08	2.61392e+08	2.69345e+08	3.04193e+08	2.74642e+08	2.73084e+08	2.7972e+08	3.12737e+08	3.09606e+08	2.74334e+08	3.38576e+08	3.40865e+08	3.42475e+08	2.7432e+08	2.80046e+08	3.33648e+08	2.82912e+08	3.35867e+08	3.06621e+08	3.55744e+08	2.5831e+08	3.31015e+08	3.26163e+08	2.62867e+08	3.64705e+08	2.13529e+08	1.76644e+08	1.92372e+08	2.1861e+08	1.30626e+08	2.13905e+08	1.69547e+08	1.93604e+08	1.84693e+08	1.7077e+08	1.836e+08	1.67686e+08	2.41401e+08	1.88438e+08	1.57827e+08	1.80145e+08	2.17091e+08	1.84504e+08	3.04138e+08	2.58639e+08	2.50745e+08	2.36613e+08	3.04877e+08	3.02634e+08	2.87235e+08	2.39462e+08	2.98676e+08	2.41392e+08	2.90911e+08	1.46658e+08	1.49113e+08	1.63663e+08	2.06235e+08	1.58156e+08	2.04805e+08	2.0589e+08	1.46361e+08	1.67744e+08	1.55108e+08	1.57871e+08	1.57729e+08	1.55316e+08	2.07346e+08	1.94043e+08	1.79365e+08	1.91139e+08	1.91661e+08	1.94747e+08
ERR609039	2.70411e+08	3.15512e+08	3.07459e+08	2.69253e+08	2.63839e+08	2.94954e+08	3.25044e+08	4.34287e+08	3.2163e+08	4.36089e+08	5.55801e+08	3.19754e+08	3.25044e+08	4.34287e+08	3.2163e+08	4.36089e+08	5.55801e+08	3.19754e+08	3.42172e+08	2.86646e+08	2.9315e+08	3.44308e+08	3.41007e+08	2.88305e+08	2.43523e+08	2.51646e+08	2.83517e+08	2.55997e+08	2.55096e+08	2.60739e+08	2.91106e+08	2.88633e+08	2.55697e+08	3.15717e+08	3.17682e+08	3.19058e+08	2.55299e+08	2.60433e+08	3.10696e+08	2.62978e+08	3.12289e+08	2.85546e+08	3.30819e+08	2.40156e+08	3.07745e+08	3.03206e+08	2.44331e+08	3.391e+08	1.97648e+08	1.6367e+08	1.77899e+08	2.02481e+08	1.21639e+08	1.97967e+08	1.57263e+08	1.79533e+08	1.71256e+08	1.5822e+08	1.70378e+08	1.55411e+08	2.22752e+08	1.73813e+08	1.45918e+08	1.66104e+08	2.00597e+08	1.70212e+08	2.76799e+08	2.35194e+08	2.27974e+08	2.14987e+08	2.77408e+08	2.7549e+08	2.6742e+08	2.22971e+08	2.77943e+08	2.24619e+08	2.70904e+08	1.36538e+08	1.37821e+08	1.51317e+08	1.90935e+08	1.46471e+08	1.89567e+08	1.90819e+08	1.35397e+08	1.55149e+08	1.43453e+08	1.46008e+08	1.45881e+08	1.43529e+08	1.91846e+08	1.79768e+08	1.66099e+08	1.76755e+08	1.77371e+08	1.80208e+08
ERR609042	2.06703e+08	2.43207e+08	2.36956e+08	2.06098e+08	2.02068e+08	2.26589e+08	2.61755e+08	3.4299e+08	2.5909e+08	3.45589e+08	3.19754e+08	3.74141e+08	2.61755e+08	3.4299e+08	2.5909e+08	3.45589e+08	3.19754e+08	3.74141e+08	2.62662e+08	2.21252e+08	2.26106e+08	2.6427e+08	2.61782e+08	2.22645e+08	1.8744e+08	1.92137e+08	2.17392e+08	1.96523e+08	1.94597e+08	1.99846e+08	2.26662e+08	2.24339e+08	1.99378e+08	2.4476e+08	2.46476e+08	2.47516e+08	1.98342e+08	2.02618e+08	2.39974e+08	2.04681e+08	2.41887e+08	2.20923e+08	2.55825e+08	1.87188e+08	2.38326e+08	2.34481e+08	1.90578e+08	2.62254e+08	1.52583e+08	1.26464e+08	1.37708e+08	1.56191e+08	9.34704e+07	1.52977e+08	1.19283e+08	1.35982e+08	1.29664e+08	1.20065e+08	1.28761e+08	1.1806e+08	1.7124e+08	1.33946e+08	1.11783e+08	1.27996e+08	1.53822e+08	1.31192e+08	2.25673e+08	1.92787e+08	1.86886e+08	1.76701e+08	2.26416e+08	2.24538e+08	2.03852e+08	1.70749e+08	2.12197e+08	1.72104e+08	2.06562e+08	1.05167e+08	1.05397e+08	1.15611e+08	1.45388e+08	1.11728e+08	1.44276e+08	1.45091e+08	1.03268e+08	1.18471e+08	1.09706e+08	1.1154e+08	1.11366e+08	1.09756e+08	1.46295e+08	1.36757e+08	1.26453e+08	1.34819e+08	1.35307e+08	1.3743e+08
ERR609044	2.10785e+08	2.47794e+08	2.41464e+08	2.10082e+08	2.05869e+08	2.31033e+08	3.84746e+08	3.48923e+08	2.6335e+08	3.51504e+08	3.25044e+08	2.61755e+08	3.84746e+08	3.48923e+08	2.6335e+08	3.51504e+08	3.25044e+08	2.61755e+08	2.67604e+08	2.25353e+08	2.30146e+08	2.6921e+08	2.66557e+08	2.26585e+08	1.90915e+08	1.95858e+08	2.21605e+08	2.00244e+08	1.98339e+08	2.03598e+08	2.30949e+08	2.28384e+08	2.03094e+08	2.49346e+08	2.50831e+08	2.52072e+08	2.02263e+08	2.06646e+08	2.44623e+08	2.08729e+08	2.46816e+08	2.25283e+08	2.60893e+08	1.90962e+08	2.42984e+08	2.39088e+08	1.94263e+08	2.67367e+08	1.55633e+08	1.2903e+08	1.40435e+08	1.59446e+08	9.52659e+07	1.5592e+08	1.21727e+08	1.38684e+08	1.32319e+08	1.2257e+08	1.31401e+08	1.20459e+08	1.74705e+08	1.36587e+08	1.14035e+08	1.3054e+08	1.56773e+08	1.33845e+08	2.28613e+08	1.95069e+08	1.89138e+08	1.78769e+08	2.29125e+08	2.27302e+08	2.0795e+08	1.74274e+08	2.16386e+08	1.75555e+08	2.10777e+08	1.07295e+08	1.07509e+08	1.17915e+08	1.48264e+08	1.13983e+08	1.47254e+08	1.47937e+08	1.05502e+08	1.20959e+08	1.11912e+08	1.13837e+08	1.13607e+08	1.12059e+08	1.49327e+08	1.39611e+08	1.28937e+08	1.3763e+08	1.38146e+08	1.4021e+08
ERR609041	2.90092e+08	3.38896e+08	3.2982e+08	2.88813e+08	2.82859e+08	3.16711e+08	3.48923e+08	6.3009e+08	3.45125e+08	4.68552e+08	4.34287e+08	3.4299e+08	3.48923e+08	6.3009e+08	3.45125e+08	4.68552e+08	4.34287e+08	3.4299e+08	3.67878e+08	3.07975e+08	3.14807e+08	3.70271e+08	3.66554e+08	3.09837e+08	2.61566e+08	2.70285e+08	3.04788e+08	2.75207e+08	2.74144e+08	2.80273e+08	3.12567e+08	3.10061e+08	2.74454e+08	3.39352e+08	3.41316e+08	3.42887e+08	2.74152e+08	2.79586e+08	3.33982e+08	2.82404e+08	3.35378e+08	3.06599e+08	3.55988e+08	2.58178e+08	3.31002e+08	3.26205e+08	2.62744e+08	3.64891e+08	2.13425e+08	1.76586e+08	1.92109e+08	2.18544e+08	1.3104e+08	2.1376e+08	1.7012e+08	1.94341e+08	1.85378e+08	1.71206e+08	1.84284e+08	1.68178e+08	2.41066e+08	1.88014e+08	1.57776e+08	1.79893e+08	2.17103e+08	1.84324e+08	2.99076e+08	2.53956e+08	2.46373e+08	2.32306e+08	2.99897e+08	2.97875e+08	2.88252e+08	2.40194e+08	2.99635e+08	2.41885e+08	2.92013e+08	1.46971e+08	1.49209e+08	1.63689e+08	2.06729e+08	1.58423e+08	2.0519e+08	2.06365e+08	1.4652e+08	1.67914e+08	1.5517e+08	1.57929e+08	1.57844e+08	1.55461e+08	2.07629e+08	1.94415e+08	1.79665e+08	1.91205e+08	1.91816e+08	1.94918e+08
ERR609043	2.07804e+08	2.44471e+08	2.38084e+08	2.07259e+08	2.03036e+08	2.27915e+08	2.6335e+08	3.45125e+08	3.77532e+08	3.47596e+08	3.2163e+08	2.5909e+08	2.6335e+08	3.45125e+08	3.77532e+08	3.47596e+08	3.2163e+08	2.5909e+08	2.64448e+08	2.22878e+08	2.27793e+08	2.66195e+08	2.63588e+08	2.24174e+08	1.88693e+08	1.93413e+08	2.18835e+08	1.9787e+08	1.96018e+08	2.01154e+08	2.28137e+08	2.25594e+08	2.00501e+08	2.46262e+08	2.47783e+08	2.48913e+08	1.99696e+08	2.04067e+08	2.41587e+08	2.06133e+08	2.43527e+08	2.22525e+08	2.57131e+08	1.88142e+08	2.39451e+08	2.35655e+08	1.91404e+08	2.63301e+08	1.53213e+08	1.27022e+08	1.3829e+08	1.56838e+08	9.38372e+07	1.53538e+08	1.19859e+08	1.36536e+08	1.30251e+08	1.20558e+08	1.29363e+08	1.18613e+08	1.71906e+08	1.34503e+08	1.12344e+08	1.28593e+08	1.54336e+08	1.31809e+08	2.26532e+08	1.93472e+08	1.87528e+08	1.77404e+08	2.27153e+08	2.25388e+08	2.05445e+08	1.71957e+08	2.13509e+08	1.73219e+08	2.07983e+08	1.05986e+08	1.05872e+08	1.16117e+08	1.46026e+08	1.12212e+08	1.45009e+08	1.45799e+08	1.03754e+08	1.19076e+08	1.10211e+08	1.12049e+08	1.1185e+08	1.10286e+08	1.46876e+08	1.37505e+08	1.26966e+08	1.35504e+08	1.35956e+08	1.38096e+08
ERR609040	2.88436e+08	3.38101e+08	3.29295e+08	2.87466e+08	2.81578e+08	3.15596e+08	3.51504e+08	4.68552e+08	3.47596e+08	6.35128e+08	4.36089e+08	3.45589e+08	3.51504e+08	4.68552e+08	3.47596e+08	6.35128e+08	4.36089e+08	3.45589e+08	3.67059e+08	3.07465e+08	3.14243e+08	3.69377e+08	3.65665e+08	3.09487e+08	2.61392e+08	2.69345e+08	3.04193e+08	2.74642e+08	2.73084e+08	2.7972e+08	3.12737e+08	3.09606e+08	2.74334e+08	3.38576e+08	3.40865e+08	3.42475e+08	2.7432e+08	2.80046e+08	3.33648e+08	2.82912e+08	3.35867e+08	3.06621e+08	3.55744e+08	2.5831e+08	3.31015e+08	3.26163e+08	2.62867e+08	3.64705e+08	2.13529e+08	1.76644e+08	1.92372e+08	2.1861e+08	1.30626e+08	2.13905e+08	1.69547e+08	1.93604e+08	1.84693e+08	1.7077e+08	1.836e+08	1.67686e+08	2.41401e+08	1.88438e+08	1.57827e+08	1.80145e+08	2.17091e+08	1.84504e+08	3.04138e+08	2.58639e+08	2.50745e+08	2.36613e+08	3.04877e+08	3.02634e+08	2.87235e+08	2.39462e+08	2.98676e+08	2.41392e+08	2.90911e+08	1.46658e+08	1.49113e+08	1.63663e+08	2.06235e+08	1.58156e+08	2.04805e+08	2.0589e+08	1.46361e+08	1.67744e+08	1.55108e+08	1.57871e+08	1.57729e+08	1.55316e+08	2.07346e+08	1.94043e+08	1.79365e+08	1.91139e+08	1.91661e+08	1.94747e+08
ERR609039	2.70411e+08	3.15512e+08	3.07459e+08	2.69253e+08	2.63839e+08	2.94954e+08	3.25044e+08	4.34287e+08	3.2163e+08	4.36089e+08	5.55801e+08	3.19754e+08	3.25044e+08	4.34287e+08	3.2163e+08	4.36089e+08	5.55801e+08	3.19754e+08	3.42172e+08	2.86646e+08	2.9315e+08	3.44308e+08	3.41007e+08	2.88305e+08	2.43523e+08	2.51646e+08	2.83517e+08	2.55997e+08	2.55096e+08	2.60739e+08	2.91106e+08	2.88633e+08	2.55697e+08	3.15717e+08	3.17682e+08	3.19058e+08	2.55299e+08	2.60433e+08	3.10696e+08	2.62978e+08	3.12289e+08	2.85546e+08	3.30819e+08	2.40156e+08	3.07745e+08	3.03206e+08	2.44331e+08	3.391e+08	1.97648e+08	1.6367e+08	1.77899e+08	2.02481e+08	1.21639e+08	1.97967e+08	1.57263e+08	1.79533e+08	1.71256e+08	1.5822e+08	1.70378e+08	1.55411e+08	2.22752e+08	1.73813e+08	1.45918e+08	1.66104e+08	2.00597e+08	1.70212e+08	2.76799e+08	2.35194e+08	2.27974e+08	2.14987e+08	2.77408e+08	2.7549e+08	2.6742e+08	2.22971e+08	2.77943e+08	2.24619e+08	2.70904e+08	1.36538e+08	1.37821e+08	1.51317e+08	1.90935e+08	1.46471e+08	1.89567e+08	1.90819e+08	1.35397e+08	1.55149e+08	1.43453e+08	1.46008e+08	1.45881e+08	1.43529e+08	1.91846e+08	1.79768e+08	1.66099e+08	1.76755e+08	1.77371e+08	1.80208e+08
ERR609042	2.06703e+08	2.43207e+08	2.36956e+08	2.06098e+08	2.02068e+08	2.26589e+08	2.61755e+08	3.4299e+08	2.5909e+08	3.45589e+08	3.19754e+08	3.74141e+08	2.61755e+08	3.4299e+08	2.5909e+08	3.45589e+08	3.19754e+08	3.74141e+08	2.62662e+08	2.21252e+08	2.26106e+08	2.6427e+08	2.61782e+08	2.22645e+08	1.8744e+08	1.92137e+08	2.17392e+08	1.96523e+08	1.94597e+08	1.99846e+08	2.26662e+08	2.24339e+08	1.99378e+08	2.4476e+08	2.46476e+08	2.47516e+08	1.98342e+08	2.02618e+08	2.39974e+08	2.04681e+08	2.41887e+08	2.20923e+08	2.55825e+08	1.87188e+08	2.38326e+08	2.34481e+08	1.90578e+08	2.62254e+08	1.52583e+08	1.26464e+08	1.37708e+08	1.56191e+08	9.34704e+07	1.52977e+08	1.19283e+08	1.35982e+08	1.29664e+08	1.20065e+08	1.28761e+08	1.1806e+08	1.7124e+08	1.33946e+08	1.11783e+08	1.27996e+08	1.53822e+08	1.31192e+08	2.25673e+08	1.92787e+08	1.86886e+08	1.76701e+08	2.26416e+08	2.24538e+08	2.03852e+08	1.70749e+08	2.12197e+08	1.72104e+08	2.06562e+08	1.05167e+08	1.05397e+08	1.15611e+08	1.45388e+08	1.11728e+08	1.44276e+08	1.45091e+08	1.03268e+08	1.18471e+08	1.09706e+08	1.1154e+08	1.11366e+08	1.09756e+08	1.46295e+08	1.36757e+08	1.26453e+08	1.34819e+08	1.35307e+08	1.3743e+08
ERR613552	3.11507e+08	3.59859e+08	3.50494e+08	3.08218e+08	3.02918e+08	3.37884e+08	2.67604e+08	3.67878e+08	2.64448e+08	3.67059e+08	3.42172e+08	2.62662e+08	2.67604e+08	3.67878e+08	2.64448e+08	3.67059e+08	3.42172e+08	2.62662e+08	6.6125e+08	4.13588e+08	4.22368e+08	4.94787e+08	4.90551e+08	4.15772e+08	3.13132e+08	3.23838e+08	3.60541e+08	3.28729e+08	3.28294e+08	3.34207e+08	3.01866e+08	2.99796e+08	2.64597e+08	3.28144e+08	3.30338e+08	3.32005e+08	2.7006e+08	2.7509e+08	3.30602e+08	2.77725e+08	3.31126e+08	3.03075e+08	3.49851e+08	2.50756e+08	3.24595e+08	3.20048e+08	2.5474e+08	3.58989e+08	2.35526e+08	1.94579e+08	2.1155e+08	2.41638e+08	1.4571e+08	2.35552e+08	1.90925e+08	2.18059e+08	2.0806e+08	1.92188e+08	2.07167e+08	1.88855e+08	2.78103e+08	2.17128e+08	1.83216e+08	2.07958e+08	2.51274e+08	2.12915e+08	2.13601e+08	1.7671e+08	1.71554e+08	1.59483e+08	2.13641e+08	2.13573e+08	2.97414e+08	2.47112e+08	3.09027e+08	2.48919e+08	3.01627e+08	1.50331e+08	1.71455e+08	1.88288e+08	2.37806e+08	1.82587e+08	2.36604e+08	2.37299e+08	1.8664e+08	2.11584e+08	1.95979e+08	1.98702e+08	1.98205e+08	1.94754e+08	2.73008e+08	2.57445e+08	2.40229e+08	2.53749e+08	2.54201e+08	2.58199e+08
ERR613556	2.62703e+08	3.03673e+08	2.96195e+08	2.59614e+08	2.55519e+08	2.84999e+08	2.25353e+08	3.07975e+08	2.22878e+08	3.07465e+08	2.86646e+08	2.21252e+08	2.25353e+08	3.07975e+08	2.22878e+08	3.07465e+08	2.86646e+08	2.21252e+08	4.13588e+08	4.88098e+08	3.58731e+08	4.16129e+08	4.1242e+08	3.5343e+08	2.65779e+08	2.74001e+08	3.04894e+08	2.78543e+08	2.77399e+08	2.83104e+08	2.53416e+08	2.51537e+08	2.22509e+08	2.74999e+08	2.76978e+08	2.78383e+08	2.26679e+08	2.30972e+08	2.76341e+08	2.33081e+08	2.77029e+08	2.53766e+08	2.93121e+08	2.10656e+08	2.71953e+08	2.68066e+08	2.13966e+08	3.00594e+08	1.94878e+08	1.61262e+08	1.75303e+08	1.99939e+08	1.2047e+08	1.94963e+08	1.56995e+08	1.79007e+08	1.70883e+08	1.57948e+08	1.69965e+08	1.55235e+08	2.2983e+08	1.79712e+08	1.51514e+08	1.72304e+08	2.07437e+08	1.76323e+08	1.75916e+08	1.45624e+08	1.41339e+08	1.31444e+08	1.75816e+08	1.75796e+08	2.4688e+08	2.06134e+08	2.56446e+08	2.07284e+08	2.50329e+08	1.25548e+08	1.42303e+08	1.56219e+08	1.96935e+08	1.51579e+08	1.96095e+08	1.96558e+08	1.57045e+08	1.7773e+08	1.6467e+08	1.66603e+08	1.6629e+08	1.63576e+08	2.29346e+08	2.16393e+08	2.02292e+08	2.13556e+08	2.13854e+08	2.17208e+08
ERR613554	2.68102e+08	3.09904e+08	3.02175e+08	2.65005e+08	2.60785e+08	2.90978e+08	2.30146e+08	3.14807e+08	2.27793e+08	3.14243e+08	2.9315e+08	2.26106e+08	2.30146e+08	3.14807e+08	2.27793e+08	3.14243e+08	2.9315e+08	2.26106e+08	4.22368e+08	3.58731e+08	5.06147e+08	4.24727e+08	4.21148e+08	3.60637e+08	2.71169e+08	2.7947e+08	3.11062e+08	2.8409e+08	2.83052e+08	2.88611e+08	2.58904e+08	2.56963e+08	2.27238e+08	2.80882e+08	2.82857e+08	2.84311e+08	2.31448e+08	2.35967e+08	2.82333e+08	2.38178e+08	2.83113e+08	2.59328e+08	2.99401e+08	2.15181e+08	2.77902e+08	2.73884e+08	2.18537e+08	3.07158e+08	1.99453e+08	1.64988e+08	1.79362e+08	2.04535e+08	1.23232e+08	1.99492e+08	1.60786e+08	1.83484e+08	1.75052e+08	1.61768e+08	1.74144e+08	1.59074e+08	2.35555e+08	1.84158e+08	1.55111e+08	1.76332e+08	2.12404e+08	1.80449e+08	1.80099e+08	1.49177e+08	1.44842e+08	1.34718e+08	1.80183e+08	1.79974e+08	2.5242e+08	2.10574e+08	2.62233e+08	2.11954e+08	2.559e+08	1.28305e+08	1.4566e+08	1.59901e+08	2.01592e+08	1.55085e+08	2.00625e+08	2.01141e+08	1.60337e+08	1.81528e+08	1.68233e+08	1.70296e+08	1.69883e+08	1.67147e+08	2.34112e+08	2.20931e+08	2.06466e+08	2.17907e+08	2.18348e+08	2.21707e+08
ERR613551	3.13748e+08	3.62114e+08	3.52818e+08	3.10081e+08	3.04979e+08	3.39986e+08	2.6921e+08	3.70271e+08	2.66195e+08	3.69377e+08	3.44308e+08	2.6427e+08	2.6921e+08	3.70271e+08	2.66195e+08	3.69377e+08	3.44308e+08	2.6427e+08	4.94787e+08	4.16129e+08	4.24727e+08	6.68278e+08	4.9348e+08	4.18189e+08	3.14924e+08	3.25945e+08	3.62798e+08	3.30692e+08	3.30327e+08	3.36127e+08	3.03799e+08	3.01887e+08	2.66383e+08	3.30457e+08	3.32606e+08	3.34306e+08	2.7193e+08	2.76904e+08	3.33033e+08	2.79481e+08	3.33256e+08	3.05239e+08	3.52194e+08	2.52569e+08	3.26685e+08	3.22407e+08	2.56528e+08	3.61416e+08	2.37005e+08	1.95997e+08	2.12802e+08	2.43205e+08	1.4677e+08	2.37034e+08	1.9228e+08	2.19631e+08	2.09493e+08	1.93576e+08	2.08533e+08	1.90051e+08	2.79805e+08	2.18456e+08	1.84377e+08	2.0917e+08	2.52648e+08	2.14204e+08	2.15147e+08	1.77942e+08	1.72653e+08	1.60489e+08	2.15237e+08	2.15044e+08	2.99449e+08	2.48964e+08	3.11127e+08	2.50465e+08	3.03811e+08	1.51327e+08	1.72324e+08	1.89358e+08	2.39275e+08	1.83706e+08	2.37949e+08	2.38737e+08	1.87761e+08	2.12846e+08	1.9702e+08	1.99684e+08	1.99471e+08	1.96017e+08	2.74407e+08	2.58692e+08	2.41482e+08	2.55026e+08	2.55517e+08	2.59474e+08
ERR613553	3.10867e+08	3.58711e+08	3.49542e+08	3.07455e+08	3.02186e+08	3.37076e+08	2.66557e+08	3.66554e+08	2.63588e+08	3.65665e+08	3.41007e+08	2.61782e+08	2.66557e+08	3.66554e+08	2.63588e+08	3.65665e+08	3.41007e+08	2.61782e+08	4.90551e+08	4.1242e+08	4.21148e+08	4.9348e+08	6.57973e+08	4.1466e+08	3.12014e+08	3.22988e+08	3.59389e+08	3.27569e+08	3.27356e+08	3.33203e+08	3.00958e+08	2.98924e+08	2.63914e+08	3.27277e+08	3.29326e+08	3.3107e+08	2.69142e+08	2.74265e+08	3.29743e+08	2.76758e+08	3.30004e+08	3.02146e+08	3.48759e+08	2.50004e+08	3.23496e+08	3.19168e+08	2.53943e+08	3.58002e+08	2.34765e+08	1.94197e+08	2.10849e+08	2.40969e+08	1.45303e+08	2.3495e+08	1.90507e+08	2.17642e+08	2.0759e+08	1.91739e+08	2.06769e+08	1.88404e+08	2.77547e+08	2.1675e+08	1.82885e+08	2.07634e+08	2.50744e+08	2.12537e+08	2.13084e+08	1.7621e+08	1.71091e+08	1.59054e+08	2.13194e+08	2.13232e+08	2.96478e+08	2.4643e+08	3.07946e+08	2.48076e+08	3.0067e+08	1.49807e+08	1.7096e+08	1.87714e+08	2.37217e+08	1.82265e+08	2.36015e+08	2.36793e+08	1.86312e+08	2.11084e+08	1.95418e+08	1.98066e+08	1.97827e+08	1.94528e+08	2.72553e+08	2.56898e+08	2.3978e+08	2.53045e+08	2.53655e+08	2.57677e+08
ERR613555	2.63999e+08	3.05417e+08	2.97654e+08	2.61071e+08	2.56611e+08	2.86569e+08	2.26585e+08	3.09837e+08	2.24174e+08	3.09487e+08	2.88305e+08	2.22645e+08	2.26585e+08	3.09837e+08	2.24174e+08	3.09487e+08	2.88305e+08	2.22645e+08	4.15772e+08	3.5343e+08	3.60637e+08	4.18189e+08	4.1466e+08	4.92748e+08	2.67387e+08	2.75509e+08	3.0653e+08	2.80004e+08	2.78937e+08	2.84466e+08	2.54838e+08	2.52873e+08	2.23465e+08	2.76507e+08	2.7827e+08	2.79717e+08	2.27933e+08	2.32476e+08	2.77953e+08	2.34555e+08	2.789e+08	2.55337e+08	2.94798e+08	2.11928e+08	2.73558e+08	2.69475e+08	2.15073e+08	3.02149e+08	1.95996e+08	1.62244e+08	1.76373e+08	2.01056e+08	1.21116e+08	1.96086e+08	1.57882e+08	1.8014e+08	1.71786e+08	1.58882e+08	1.70968e+08	1.56194e+08	2.31178e+08	1.80756e+08	1.52254e+08	1.73178e+08	2.08538e+08	1.77318e+08	1.76733e+08	1.46551e+08	1.42111e+08	1.3233e+08	1.76763e+08	1.7677e+08	2.48407e+08	2.07191e+08	2.58091e+08	2.08523e+08	2.51685e+08	1.26319e+08	1.43132e+08	1.57096e+08	1.98011e+08	1.52445e+08	1.97089e+08	1.97647e+08	1.5785e+08	1.78662e+08	1.65566e+08	1.67581e+08	1.67198e+08	1.64544e+08	2.30537e+08	2.17431e+08	2.03345e+08	2.14561e+08	2.15033e+08	2.18314e+08
ERR605614	2.28851e+08	2.63655e+08	2.56823e+08	2.26077e+08	2.22502e+08	2.4748e+08	1.90915e+08	2.61566e+08	1.88693e+08	2.61392e+08	2.43523e+08	1.8744e+08	1.90915e+08	2.61566e+08	1.88693e+08	2.61392e+08	2.43523e+08	1.8744e+08	3.13132e+08	2.65779e+08	2.71169e+08	3.14924e+08	3.12014e+08	2.67387e+08	3.82622e+08	2.75053e+08	3.03926e+08	2.78197e+08	2.78778e+08	2.82499e+08	2.23102e+08	2.21436e+08	1.96072e+08	2.41973e+08	2.43346e+08	2.44579e+08	1.98883e+08	2.02654e+08	2.41886e+08	2.04355e+08	2.4254e+08	2.22492e+08	2.53042e+08	1.81843e+08	2.34966e+08	2.31509e+08	1.8452e+08	2.59589e+08	1.54029e+08	1.27366e+08	1.38482e+08	1.5793e+08	9.48272e+07	1.54253e+08	1.24325e+08	1.42254e+08	1.35557e+08	1.25199e+08	1.34987e+08	1.2298e+08	1.82354e+08	1.41999e+08	1.19364e+08	1.35836e+08	1.64373e+08	1.391e+08	1.39077e+08	1.1463e+08	1.11287e+08	1.03403e+08	1.38885e+08	1.38888e+08	2.12305e+08	1.7698e+08	2.20222e+08	1.78393e+08	2.15133e+08	1.08502e+08	1.15198e+08	1.26512e+08	1.5975e+08	1.22775e+08	1.59203e+08	1.59611e+08	1.30533e+08	1.47356e+08	1.36576e+08	1.37962e+08	1.37929e+08	1.35355e+08	1.92851e+08	1.82296e+08	1.7079e+08	1.79625e+08	1.80275e+08	1.82868e+08
ERR605616	2.38568e+08	2.72381e+08	2.65443e+08	2.35433e+08	2.31671e+08	2.56836e+08	1.95858e+08	2.70285e+08	1.93413e+08	2.69345e+08	2.51646e+08	1.92137e+08	1.95858e+08	2.70285e+08	1.93413e+08	2.69345e+08	2.51646e+08	1.92137e+08	3.23838e+08	2.74001e+08	2.7947e+08	3.25945e+08	3.22988e+08	2.75509e+08	2.75053e+08	4.05067e+08	3.13995e+08	2.87341e+08	2.89721e+08	2.9223e+08	2.29578e+08	2.28598e+08	2.01982e+08	2.49785e+08	2.51019e+08	2.52348e+08	2.04787e+08	2.08397e+08	2.50215e+08	2.1016e+08	2.50076e+08	2.29806e+08	2.61094e+08	1.86664e+08	2.42377e+08	2.39258e+08	1.89588e+08	2.6798e+08	1.58564e+08	1.31004e+08	1.42069e+08	1.62584e+08	9.81899e+07	1.58727e+08	1.29197e+08	1.4796e+08	1.41177e+08	1.302e+08	1.40724e+08	1.2765e+08	1.87824e+08	1.46127e+08	1.23268e+08	1.39904e+08	1.69897e+08	1.43099e+08	1.443e+08	1.18666e+08	1.15228e+08	1.06968e+08	1.44227e+08	1.44241e+08	2.21607e+08	1.84097e+08	2.29591e+08	1.85269e+08	2.24495e+08	1.12436e+08	1.19007e+08	1.30692e+08	1.65656e+08	1.26901e+08	1.64915e+08	1.65574e+08	1.34458e+08	1.51782e+08	1.40471e+08	1.42018e+08	1.42201e+08	1.39323e+08	1.98791e+08	1.87921e+08	1.76141e+08	1.85026e+08	1.8555e+08	1.88498e+08
ERR605611	2.63683e+08	3.03808e+08	2.96053e+08	2.60744e+08	2.56302e+08	2.85408e+08	2.21605e+08	3.04788e+08	2.18835e+08	3.04193e+08	2.83517e+08	2.17392e+08	2.21605e+08	3.04788e+08	2.18835e+08	3.04193e+08	2.83517e+08	2.17392e+08	3.60541e+08	3.04894e+08	3.11062e+08	3.62798e+08	3.59389e+08	3.0653e+08	3.03926e+08	3.13995e+08	4.87881e+08	3.19224e+08	3.18472e+08	3.24556e+08	2.58881e+08	2.5721e+08	2.27363e+08	2.80862e+08	2.82459e+08	2.84154e+08	2.30944e+08	2.35266e+08	2.81711e+08	2.37365e+08	2.82232e+08	2.58865e+08	2.94654e+08	2.11373e+08	2.73574e+08	2.69588e+08	2.14569e+08	3.02678e+08	1.80687e+08	1.4922e+08	1.62191e+08	1.85138e+08	1.11188e+08	1.80935e+08	1.46759e+08	1.67864e+08	1.60064e+08	1.47769e+08	1.5945e+08	1.45052e+08	2.14716e+08	1.6719e+08	1.40572e+08	1.59932e+08	1.93753e+08	1.63739e+08	1.63947e+08	1.35126e+08	1.3115e+08	1.21964e+08	1.63826e+08	1.63899e+08	2.48612e+08	2.06921e+08	2.57954e+08	2.08505e+08	2.51883e+08	1.2648e+08	1.34611e+08	1.47834e+08	1.87e+08	1.43409e+08	1.86045e+08	1.86684e+08	1.50411e+08	1.70244e+08	1.575e+08	1.5932e+08	1.59424e+08	1.56497e+08	2.22351e+08	2.09851e+08	1.96301e+08	2.06532e+08	2.07259e+08	2.10476e+08
ERR605613	2.40391e+08	2.76314e+08	2.69169e+08	2.37478e+08	2.33642e+08	2.59612e+08	2.00244e+08	2.75207e+08	1.9787e+08	2.74642e+08	2.55997e+08	1.96523e+08	2.00244e+08	2.75207e+08	1.9787e+08	2.74642e+08	2.55997e+08	1.96523e+08	3.28729e+08	2.78543e+08	2.8409e+08	3.30692e+08	3.27569e+08	2.80004e+08	2.78197e+08	2.87341e+08	3.19224e+08	4.155e+08	2.91347e+08	2.96612e+08	2.33819e+08	2.32301e+08	2.05569e+08	2.53828e+08	2.55174e+08	2.56556e+08	2.0884e+08	2.12781e+08	2.5445e+08	2.14646e+08	2.54999e+08	2.34016e+08	2.65583e+08	1.90341e+08	2.46551e+08	2.4316e+08	1.93274e+08	2.72591e+08	1.62557e+08	1.34427e+08	1.45883e+08	1.66658e+08	1.00338e+08	1.62728e+08	1.31475e+08	1.5048e+08	1.43424e+08	1.32377e+08	1.42808e+08	1.29897e+08	1.9219e+08	1.49586e+08	1.25907e+08	1.43149e+08	1.73503e+08	1.46581e+08	1.46945e+08	1.21078e+08	1.17574e+08	1.09283e+08	1.4674e+08	1.46807e+08	2.24273e+08	1.86868e+08	2.32704e+08	1.88239e+08	2.27224e+08	1.14379e+08	1.21352e+08	1.33295e+08	1.68412e+08	1.29302e+08	1.67702e+08	1.68301e+08	1.36763e+08	1.54463e+08	1.43039e+08	1.44669e+08	1.44654e+08	1.42076e+08	2.02195e+08	1.91089e+08	1.79019e+08	1.882e+08	1.88679e+08	1.91593e+08
ERR605615	2.41761e+08	2.75958e+08	2.68896e+08	2.38645e+08	2.34808e+08	2.60214e+08	1.98339e+08	2.74144e+08	1.96018e+08	2.73084e+08	2.55096e+08	1.94597e+08	1.98339e+08	2.74144e+08	1.96018e+08	2.73084e+08	2.55096e+08	1.94597e+08	3.28294e+08	2.77399e+08	2.83052e+08	3.30327e+08	3.27356e+08	2.78937e+08	2.78778e+08	2.89721e+08	3.18472e+08	2.91347e+08	4.15533e+08	2.96136e+08	2.32625e+08	2.31636e+08	2.04566e+08	2.53304e+08	2.54527e+08	2.55957e+08	2.07615e+08	2.11122e+08	2.53637e+08	2.12839e+08	2.53458e+08	2.32925e+08	2.64547e+08	1.89196e+08	2.4566e+08	2.42556e+08	1.91988e+08	2.71699e+08	1.60969e+08	1.32947e+08	1.44141e+08	1.64965e+08	9.97175e+07	1.6098e+08	1.31309e+08	1.50429e+08	1.4349e+08	1.32311e+08	1.43111e+08	1.29703e+08	1.90598e+08	1.4827e+08	1.25191e+08	1.41906e+08	1.72456e+08	1.45251e+08	1.46708e+08	1.20612e+08	1.1712e+08	1.08734e+08	1.46528e+08	1.46622e+08	2.25018e+08	1.86744e+08	2.33238e+08	1.88211e+08	2.27946e+08	1.14097e+08	1.20828e+08	1.32747e+08	1.68312e+08	1.28975e+08	1.67582e+08	1.68237e+08	1.36368e+08	1.53846e+08	1.42355e+08	1.44031e+08	1.44175e+08	1.41249e+08	2.01674e+08	1.9086e+08	1.78748e+08	1.87798e+08	1.88292e+08	1.91386e+08
ERR605612	2.44716e+08	2.81253e+08	2.73916e+08	2.41818e+08	2.37916e+08	2.64491e+08	2.03598e+08	2.80273e+08	2.01154e+08	2.7972e+08	2.60739e+08	1.99846e+08	2.03598e+08	2.80273e+08	2.01154e+08	2.7972e+08	2.60739e+08	1.99846e+08	3.34207e+08	2.83104e+08	2.88611e+08	3.36127e+08	3.33203e+08	2.84466e+08	2.82499e+08	2.9223e+08	3.24556e+08	2.96612e+08	2.96136e+08	4.27289e+08	2.3806e+08	2.36692e+08	2.09294e+08	2.58556e+08	2.59827e+08	2.61403e+08	2.12442e+08	2.16367e+08	2.58917e+08	2.18064e+08	2.59469e+08	2.38153e+08	2.70687e+08	1.9393e+08	2.51383e+08	2.47818e+08	1.96885e+08	2.77946e+08	1.65083e+08	1.36427e+08	1.48111e+08	1.69254e+08	1.01834e+08	1.65241e+08	1.34109e+08	1.53698e+08	1.46332e+08	1.35146e+08	1.45849e+08	1.32541e+08	1.95981e+08	1.52528e+08	1.28418e+08	1.4602e+08	1.77026e+08	1.49367e+08	1.49869e+08	1.23453e+08	1.19809e+08	1.11368e+08	1.49672e+08	1.49801e+08	2.28818e+08	1.90496e+08	2.37236e+08	1.91895e+08	2.31735e+08	1.16452e+08	1.23633e+08	1.35612e+08	1.71579e+08	1.31717e+08	1.70907e+08	1.71519e+08	1.3909e+08	1.57192e+08	1.45464e+08	1.47147e+08	1.47235e+08	1.44338e+08	2.05431e+08	1.94332e+08	1.81848e+08	1.91241e+08	1.91717e+08	1.94739e+08
ERR636926	2.37614e+08	2.79567e+08	2.72169e+08	2.36872e+08	2.31928e+08	2.60553e+08	2.30949e+08	3.12567e+08	2.28137e+08	3.12737e+08	2.91106e+08	2.26662e+08	2.30949e+08	3.12567e+08	2.28137e+08	3.12737e+08	2.91106e+08	2.26662e+08	3.01866e+08	2.53416e+08	2.58904e+08	3.03799e+08	3.00958e+08	2.54838e+08	2.23102e+08	2.29578e+08	2.58881e+08	2.33819e+08	2.32625e+08	2.3806e+08	4.34511e+08	2.97231e+08	2.63867e+08	3.23461e+08	3.25229e+08	3.26889e+08	2.25185e+08	2.29938e+08	2.73318e+08	2.32105e+08	2.74971e+08	2.51383e+08	3.02853e+08	2.19788e+08	2.81309e+08	2.77119e+08	2.23371e+08	3.1054e+08	1.7997e+08	1.49125e+08	1.62124e+08	1.84479e+08	1.10242e+08	1.80232e+08	1.43137e+08	1.63498e+08	1.55801e+08	1.44033e+08	1.54941e+08	1.41515e+08	2.02626e+08	1.5824e+08	1.32271e+08	1.51138e+08	1.82188e+08	1.54989e+08	1.6102e+08	1.3317e+08	1.29131e+08	1.20252e+08	1.61004e+08	1.60959e+08	2.3972e+08	2.0025e+08	2.4916e+08	2.0188e+08	2.42858e+08	1.22828e+08	1.24648e+08	1.36776e+08	1.72477e+08	1.32302e+08	1.71298e+08	1.72137e+08	1.23562e+08	1.41613e+08	1.31092e+08	1.33361e+08	1.33057e+08	1.31128e+08	1.74755e+08	1.63367e+08	1.5096e+08	1.60858e+08	1.61409e+08	1.64026e+08
ERR636927	2.37023e+08	2.77587e+08	2.7023e+08	2.36103e+08	2.31198e+08	2.59118e+08	2.28384e+08	3.10061e+08	2.25594e+08	3.09606e+08	2.88633e+08	2.24339e+08	2.28384e+08	3.10061e+08	2.25594e+08	3.09606e+08	2.88633e+08	2.24339e+08	2.99796e+08	2.51537e+08	2.56963e+08	3.01887e+08	2.98924e+08	2.52873e+08	2.21436e+08	2.28598e+08	2.5721e+08	2.32301e+08	2.31636e+08	2.36692e+08	2.97231e+08	4.27681e+08	2.61691e+08	3.21126e+08	3.22721e+08	3.24432e+08	2.23083e+08	2.27357e+08	2.71081e+08	2.29577e+08	2.72143e+08	2.49106e+08	2.9994e+08	2.17418e+08	2.78769e+08	2.74769e+08	2.21018e+08	3.07531e+08	1.77948e+08	1.47353e+08	1.60157e+08	1.82327e+08	1.09505e+08	1.78109e+08	1.42007e+08	1.62286e+08	1.54681e+08	1.4285e+08	1.5381e+08	1.40381e+08	1.99655e+08	1.55853e+08	1.30585e+08	1.49015e+08	1.7993e+08	1.52602e+08	1.59486e+08	1.317e+08	1.27851e+08	1.18893e+08	1.59508e+08	1.59469e+08	2.386e+08	1.99023e+08	2.47671e+08	2.00599e+08	2.41524e+08	1.21966e+08	1.23357e+08	1.35347e+08	1.71003e+08	1.30933e+08	1.69794e+08	1.7063e+08	1.22295e+08	1.40108e+08	1.29483e+08	1.31903e+08	1.31689e+08	1.29643e+08	1.72953e+08	1.61923e+08	1.49548e+08	1.59232e+08	1.59697e+08	1.62287e+08
ERR636925	2.08811e+08	2.44993e+08	2.38678e+08	2.08068e+08	2.03713e+08	2.28513e+08	2.03094e+08	2.74454e+08	2.00501e+08	2.74334e+08	2.55697e+08	1.99378e+08	2.03094e+08	2.74454e+08	2.00501e+08	2.74334e+08	2.55697e+08	1.99378e+08	2.64597e+08	2.22509e+08	2.27238e+08	2.66383e+08	2.63914e+08	2.23465e+08	1.96072e+08	2.01982e+08	2.27363e+08	2.05569e+08	2.04566e+08	2.09294e+08	2.63867e+08	2.61691e+08	3.48561e+08	2.84428e+08	2.86096e+08	2.8756e+08	1.97298e+08	2.01304e+08	2.39224e+08	2.03089e+08	2.40395e+08	2.20177e+08	2.64814e+08	1.92492e+08	2.46309e+08	2.42773e+08	1.9572e+08	2.7153e+08	1.5689e+08	1.30049e+08	1.41328e+08	1.60629e+08	9.65687e+07	1.57107e+08	1.24416e+08	1.42066e+08	1.3544e+08	1.25153e+08	1.34719e+08	1.23063e+08	1.75628e+08	1.37027e+08	1.14791e+08	1.31064e+08	1.58002e+08	1.34214e+08	1.3985e+08	1.15719e+08	1.12083e+08	1.04405e+08	1.39911e+08	1.39699e+08	2.09925e+08	1.75395e+08	2.18052e+08	1.76774e+08	2.1255e+08	1.07759e+08	1.08242e+08	1.18624e+08	1.49913e+08	1.14885e+08	1.48815e+08	1.49571e+08	1.07257e+08	1.22976e+08	1.13708e+08	1.1569e+08	1.15475e+08	1.1373e+08	1.51693e+08	1.4193e+08	1.31187e+08	1.39645e+08	1.40128e+08	1.42506e+08
