	ERR612638	ERR612639	ERR612640	ERR612642	ERR612641	ERR612637	ERR617660	ERR617657	ERR617656	ERR617659	ERR617658	ERR617655	ERR608341	ERR608344	ERR608342	ERR608345	ERR608343	ERR608346	ERR617367	ERR617369	ERR617371	ERR617368	ERR617372	ERR617370	ERR617367	ERR617369	ERR617371	ERR617368	ERR617372	ERR617370	ERR612225	ERR612224	ERR612221	ERR612223	ERR612226	ERR612222	ERR612638	ERR612639	ERR612640	ERR612642	ERR612641	ERR612637	ERR636741	ERR636740	ERR636742	ERR636743	ERR636739	ERR636744	ERR622132	ERR622133	ERR622135	ERR622131	ERR622136	ERR622134	ERR608755	ERR608752	ERR608753	ERR608754	ERR608751	ERR608756	ERR613804	ERR613801	ERR613803	ERR613800	ERR613802	ERR613805	ERR608270	ERR608273	ERR608274	ERR608269	ERR608272	ERR608271	ERR608108	ERR608106	ERR608110	ERR608109	ERR608107	ERR608105	ERR622008	ERR622003	ERR622004	ERR622005	ERR622007	ERR622006	ERR626651	ERR626653	ERR626654	ERR626652	ERR626655	ERR626650	ERR632075	ERR632076	ERR632077	ERR632074	ERR632078	ERR632073
ERR612638	5.961e+09	6.62128e+09	6.07248e+09	6.00812e+09	6.09071e+09	6.88229e+09	6.09284e+09	4.76422e+09	3.27038e+09	6.16169e+09	6.17658e+09	6.05433e+09	5.04751e+09	6.16131e+09	5.89811e+09	6.13016e+09	6.3113e+09	5.9417e+09	5.91013e+09	5.92891e+09	6.52388e+09	5.92116e+09	6.56483e+09	6.55359e+09	5.91013e+09	5.92891e+09	6.52388e+09	5.92116e+09	6.56483e+09	6.55359e+09	5.34167e+09	6.08472e+09	6.88735e+09	6.71955e+09	6.00355e+09	6.7074e+09	5.961e+09	6.62128e+09	6.07248e+09	6.00812e+09	6.09071e+09	6.88229e+09	6.56629e+09	6.57008e+09	6.39777e+09	6.42308e+09	6.34321e+09	6.46312e+09	6.25445e+09	6.23871e+09	6.37324e+09	6.50425e+09	5.26436e+09	5.76165e+09	5.7814e+09	6.64619e+09	6.87429e+09	5.68712e+09	5.35506e+09	5.57917e+09	6.50614e+09	6.6063e+09	6.45089e+09	6.91135e+09	6.11135e+09	6.48297e+09	5.89904e+09	6.52547e+09	6.5993e+09	4.94874e+09	6.54019e+09	6.16595e+09	5.66762e+09	5.62285e+09	5.43947e+09	5.58446e+09	6.00174e+09	4.80633e+09	5.4961e+09	6.12025e+09	5.82732e+09	5.79779e+09	5.55445e+09	5.78771e+09	6.08648e+09	5.9937e+09	6.04683e+09	5.49651e+09	6.04232e+09	6.45721e+09	6.68297e+09	6.03694e+09	5.80904e+09	6.42851e+09	5.7384e+09	6.08115e+09
ERR612639	6.62128e+09	7.95117e+09	7.00903e+09	6.9273e+09	7.03184e+09	8.03374e+09	7.08192e+09	5.45165e+09	3.71044e+09	7.16696e+09	7.18493e+09	7.03231e+09	5.77768e+09	7.14214e+09	6.81589e+09	7.10376e+09	7.33046e+09	6.87082e+09	6.84962e+09	6.87162e+09	7.61145e+09	6.86221e+09	7.66109e+09	7.64824e+09	6.84962e+09	6.87162e+09	7.61145e+09	6.86221e+09	7.66109e+09	7.64824e+09	6.13016e+09	7.04844e+09	8.05759e+09	7.84636e+09	6.94723e+09	7.83169e+09	6.62128e+09	7.95117e+09	7.00903e+09	6.9273e+09	7.03184e+09	8.03374e+09	7.6561e+09	7.65808e+09	7.4427e+09	7.47481e+09	7.37547e+09	7.52503e+09	7.25853e+09	7.23753e+09	7.40636e+09	7.57038e+09	6.03551e+09	6.64418e+09	6.68723e+09	7.764e+09	8.04873e+09	6.57076e+09	6.17178e+09	6.43798e+09	7.58363e+09	7.71047e+09	7.5136e+09	8.09363e+09	7.09258e+09	7.55437e+09	6.83048e+09	7.61102e+09	7.70416e+09	5.67057e+09	7.62957e+09	7.16015e+09	6.54416e+09	6.48995e+09	6.26388e+09	6.44357e+09	6.95579e+09	5.49581e+09	6.32026e+09	7.09419e+09	6.72978e+09	6.69346e+09	6.39229e+09	6.68056e+09	7.05859e+09	6.94236e+09	7.00755e+09	6.33019e+09	7.00182e+09	7.52104e+09	7.81428e+09	7.01166e+09	6.72857e+09	7.49503e+09	6.64139e+09	7.06453e+09
ERR612640	6.07248e+09	7.00903e+09	6.63484e+09	6.34771e+09	6.43695e+09	7.29649e+09	6.45232e+09	5.01797e+09	3.42635e+09	6.52637e+09	6.54301e+09	6.41502e+09	5.3128e+09	6.52507e+09	6.23637e+09	6.49084e+09	6.68646e+09	6.28456e+09	6.25075e+09	6.27486e+09	6.9216e+09	6.2669e+09	6.96537e+09	6.95385e+09	6.25075e+09	6.27486e+09	6.9216e+09	6.2669e+09	6.96537e+09	6.95385e+09	5.62355e+09	6.42694e+09	7.30365e+09	7.11911e+09	6.34011e+09	7.10488e+09	6.07248e+09	7.00903e+09	6.63484e+09	6.34771e+09	6.43695e+09	7.29649e+09	6.94904e+09	6.95417e+09	6.76571e+09	6.79445e+09	6.70664e+09	6.83787e+09	6.61827e+09	6.60174e+09	6.74783e+09	6.89126e+09	5.54742e+09	6.08472e+09	6.10596e+09	7.04148e+09	7.29107e+09	6.00481e+09	5.64053e+09	5.88745e+09	6.89315e+09	7.00114e+09	6.83291e+09	7.33355e+09	6.46012e+09	6.86766e+09	6.23783e+09	6.91721e+09	6.99695e+09	5.20715e+09	6.93321e+09	6.52757e+09	5.99375e+09	5.94862e+09	5.7468e+09	5.90404e+09	6.36033e+09	5.06269e+09	5.79488e+09	6.47092e+09	6.1526e+09	6.12119e+09	5.858e+09	6.1113e+09	6.43437e+09	6.33521e+09	6.39216e+09	5.7936e+09	6.38716e+09	6.83709e+09	7.08159e+09	6.37845e+09	6.13178e+09	6.80442e+09	6.05465e+09	6.4243e+09
ERR612642	6.00812e+09	6.9273e+09	6.34771e+09	6.49021e+09	6.36571e+09	7.21041e+09	6.3755e+09	4.96421e+09	3.39183e+09	6.44786e+09	6.46481e+09	6.33951e+09	5.25552e+09	6.4487e+09	6.16551e+09	6.41631e+09	6.60759e+09	6.21319e+09	6.1782e+09	6.20231e+09	6.8385e+09	6.19416e+09	6.88153e+09	6.86974e+09	6.1782e+09	6.20231e+09	6.8385e+09	6.19416e+09	6.88153e+09	6.86974e+09	5.56466e+09	6.35552e+09	7.21654e+09	7.03511e+09	6.2696e+09	7.02128e+09	6.00812e+09	6.9273e+09	6.34771e+09	6.49021e+09	6.36571e+09	7.21041e+09	6.8669e+09	6.87268e+09	6.68721e+09	6.71512e+09	6.62894e+09	6.75823e+09	6.54286e+09	6.52625e+09	6.66994e+09	6.81075e+09	5.48857e+09	6.01748e+09	6.03701e+09	6.95737e+09	7.20306e+09	5.93715e+09	5.57807e+09	5.82128e+09	6.81202e+09	6.91753e+09	6.75247e+09	7.24447e+09	6.38515e+09	6.78646e+09	6.16639e+09	6.83487e+09	6.91321e+09	5.15089e+09	6.851e+09	6.45202e+09	5.92524e+09	5.88086e+09	5.68218e+09	5.83639e+09	6.28654e+09	5.00792e+09	5.73213e+09	6.39784e+09	6.08446e+09	6.05333e+09	5.79546e+09	6.04449e+09	6.35993e+09	6.26249e+09	6.31901e+09	5.72842e+09	6.31415e+09	6.75647e+09	6.99602e+09	6.30374e+09	6.06115e+09	6.72362e+09	5.986e+09	6.34915e+09
ERR612641	6.09071e+09	7.03184e+09	6.43695e+09	6.36571e+09	6.67114e+09	7.31918e+09	6.46874e+09	5.02833e+09	3.43478e+09	6.54301e+09	6.55901e+09	6.42941e+09	5.32525e+09	6.53987e+09	6.25153e+09	6.50556e+09	6.7026e+09	6.29942e+09	6.26715e+09	6.29014e+09	6.93894e+09	6.28199e+09	6.98333e+09	6.97125e+09	6.26715e+09	6.29014e+09	6.93894e+09	6.28199e+09	6.98333e+09	6.97125e+09	5.64351e+09	6.45114e+09	7.3294e+09	7.14483e+09	6.36332e+09	7.13065e+09	6.09071e+09	7.03184e+09	6.43695e+09	6.36571e+09	6.67114e+09	7.31918e+09	6.97092e+09	6.97612e+09	6.78737e+09	6.81608e+09	6.72814e+09	6.85931e+09	6.6413e+09	6.62397e+09	6.77075e+09	6.91407e+09	5.56473e+09	6.10407e+09	6.12724e+09	7.06782e+09	7.31743e+09	6.02528e+09	5.66158e+09	5.90672e+09	6.91804e+09	7.02628e+09	6.8573e+09	7.35964e+09	6.48478e+09	6.89246e+09	6.25906e+09	6.94168e+09	7.02214e+09	5.22547e+09	6.95819e+09	6.55047e+09	6.01023e+09	5.96481e+09	5.76215e+09	5.92019e+09	6.37693e+09	5.07669e+09	5.81631e+09	6.49531e+09	6.17664e+09	6.14435e+09	5.88027e+09	6.13422e+09	6.45806e+09	6.35856e+09	6.41571e+09	5.81499e+09	6.41059e+09	6.86219e+09	7.10867e+09	6.40399e+09	6.15537e+09	6.83138e+09	6.07885e+09	6.45029e+09
ERR612637	6.88229e+09	8.03374e+09	7.29649e+09	7.21041e+09	7.31918e+09	8.6665e+09	7.39792e+09	5.67221e+09	3.83872e+09	7.48863e+09	7.50846e+09	7.35966e+09	5.99621e+09	7.45989e+09	7.10518e+09	7.41748e+09	7.65626e+09	7.16293e+09	7.14523e+09	7.17771e+09	7.97187e+09	7.16933e+09	8.02571e+09	8.01166e+09	7.14523e+09	7.17771e+09	7.97187e+09	7.16933e+09	8.02571e+09	8.01166e+09	6.35413e+09	7.32982e+09	8.42181e+09	8.18931e+09	7.22241e+09	8.17141e+09	6.88229e+09	8.03374e+09	7.29649e+09	7.21041e+09	7.31918e+09	8.6665e+09	7.98084e+09	7.98872e+09	7.75354e+09	7.78852e+09	7.68039e+09	7.84281e+09	7.57073e+09	7.55165e+09	7.72997e+09	7.9084e+09	6.27376e+09	6.91936e+09	6.96157e+09	8.10735e+09	8.41925e+09	6.83831e+09	6.40472e+09	6.69754e+09	7.92354e+09	8.05762e+09	7.84806e+09	8.47416e+09	7.38472e+09	7.89163e+09	7.12224e+09	7.95635e+09	8.0561e+09	5.88321e+09	7.97681e+09	7.47781e+09	6.82528e+09	6.77536e+09	6.52813e+09	6.71784e+09	7.27606e+09	5.71224e+09	6.57086e+09	7.39471e+09	7.00352e+09	6.96551e+09	6.64715e+09	6.95481e+09	7.35312e+09	7.23197e+09	7.3022e+09	6.57071e+09	7.29566e+09	7.85185e+09	8.16026e+09	7.28959e+09	6.98925e+09	7.81638e+09	6.8955e+09	7.34825e+09
ERR617660	6.09284e+09	7.08192e+09	6.45232e+09	6.3755e+09	6.46874e+09	7.39792e+09	7.2668e+09	5.42133e+09	3.68442e+09	7.09759e+09	7.116e+09	6.97662e+09	5.51536e+09	6.81657e+09	6.50087e+09	6.77728e+09	6.98464e+09	6.55874e+09	6.70024e+09	6.73622e+09	7.45242e+09	6.72446e+09	7.49727e+09	7.48682e+09	6.70024e+09	6.73622e+09	7.45242e+09	6.72446e+09	7.49727e+09	7.48682e+09	5.68227e+09	6.55391e+09	7.57569e+09	7.36262e+09	6.45693e+09	7.3447e+09	6.09284e+09	7.08192e+09	6.45232e+09	6.3755e+09	6.46874e+09	7.39792e+09	7.21676e+09	7.21548e+09	6.99097e+09	7.02286e+09	6.91935e+09	7.07496e+09	6.87775e+09	6.86289e+09	7.01959e+09	7.17531e+09	5.74659e+09	6.31232e+09	6.41646e+09	7.42488e+09	7.70658e+09	6.30786e+09	5.91835e+09	6.18111e+09	7.21916e+09	7.34599e+09	7.14882e+09	7.74413e+09	6.72316e+09	7.18895e+09	6.53889e+09	7.2804e+09	7.37226e+09	5.44501e+09	7.29748e+09	6.85117e+09	6.34344e+09	6.30721e+09	6.08065e+09	6.25073e+09	6.75185e+09	5.35567e+09	5.95194e+09	6.67567e+09	6.33042e+09	6.29906e+09	6.0185e+09	6.29032e+09	6.67839e+09	6.56979e+09	6.6325e+09	5.97867e+09	6.62542e+09	7.14046e+09	7.43174e+09	6.63169e+09	6.36274e+09	7.10929e+09	6.2798e+09	6.67814e+09
ERR617657	4.76422e+09	5.45165e+09	5.01797e+09	4.96421e+09	5.02833e+09	5.67221e+09	5.42133e+09	4.49552e+09	2.98314e+09	5.477e+09	5.4898e+09	5.40278e+09	4.36299e+09	5.28144e+09	5.0611e+09	5.25364e+09	5.39468e+09	5.1004e+09	5.20467e+09	5.2319e+09	5.72275e+09	5.22518e+09	5.75355e+09	5.74641e+09	5.20467e+09	5.2319e+09	5.72275e+09	5.22518e+09	5.75355e+09	5.74641e+09	4.4482e+09	5.07134e+09	5.78511e+09	5.63643e+09	5.00297e+09	5.62269e+09	4.76422e+09	5.45165e+09	5.01797e+09	4.96421e+09	5.02833e+09	5.67221e+09	5.53431e+09	5.53591e+09	5.37881e+09	5.40202e+09	5.32804e+09	5.43824e+09	5.29768e+09	5.28877e+09	5.39678e+09	5.50609e+09	4.5047e+09	4.9048e+09	4.97552e+09	5.67278e+09	5.86977e+09	4.90093e+09	4.61711e+09	4.81126e+09	5.53316e+09	5.61929e+09	5.48419e+09	5.89652e+09	5.18292e+09	5.51202e+09	5.05992e+09	5.57467e+09	5.63815e+09	4.28374e+09	5.58642e+09	5.27823e+09	4.93655e+09	4.91489e+09	4.75316e+09	4.87103e+09	5.22537e+09	4.23956e+09	4.64199e+09	5.15257e+09	4.90849e+09	4.88734e+09	4.68963e+09	4.88187e+09	5.15423e+09	5.07862e+09	5.12308e+09	4.65636e+09	5.11797e+09	5.47807e+09	5.66963e+09	5.1042e+09	4.91522e+09	5.44523e+09	4.85784e+09	5.13912e+09
ERR617656	3.27038e+09	3.71044e+09	3.42635e+09	3.39183e+09	3.43478e+09	3.83872e+09	3.68442e+09	2.98314e+09	2.28346e+09	3.72042e+09	3.72755e+09	3.65298e+09	3.02963e+09	3.57878e+09	3.4481e+09	3.56252e+09	3.65514e+09	3.47391e+09	3.55294e+09	3.55458e+09	3.86084e+09	3.55013e+09	3.88022e+09	3.87679e+09	3.55294e+09	3.55458e+09	3.86084e+09	3.55013e+09	3.88022e+09	3.87679e+09	3.08691e+09	3.48175e+09	3.91946e+09	3.83522e+09	3.43751e+09	3.82887e+09	3.27038e+09	3.71044e+09	3.42635e+09	3.39183e+09	3.43478e+09	3.83872e+09	3.78609e+09	3.77877e+09	3.68569e+09	3.69807e+09	3.65615e+09	3.71982e+09	3.58332e+09	3.57541e+09	3.64632e+09	3.70929e+09	3.0795e+09	3.33232e+09	3.39899e+09	3.84764e+09	3.96253e+09	3.35106e+09	3.20476e+09	3.29609e+09	3.73949e+09	3.79771e+09	3.70892e+09	3.96789e+09	3.536e+09	3.72668e+09	3.43763e+09	3.7634e+09	3.8044e+09	2.96849e+09	3.77045e+09	3.56949e+09	3.34227e+09	3.31756e+09	3.22514e+09	3.30075e+09	3.50669e+09	2.91044e+09	3.1749e+09	3.49648e+09	3.3455e+09	3.33375e+09	3.2043e+09	3.32508e+09	3.51187e+09	3.45921e+09	3.48662e+09	3.20957e+09	3.48394e+09	3.7122e+09	3.84318e+09	3.5058e+09	3.38501e+09	3.70577e+09	3.34868e+09	3.52647e+09
ERR617659	6.16169e+09	7.16696e+09	6.52637e+09	6.44786e+09	6.54301e+09	7.48863e+09	7.09759e+09	5.477e+09	3.72042e+09	7.43751e+09	7.19987e+09	7.05741e+09	5.57352e+09	6.89491e+09	6.57387e+09	6.85515e+09	7.06655e+09	6.63272e+09	6.77787e+09	6.81248e+09	7.5421e+09	6.80195e+09	7.58822e+09	7.57686e+09	6.77787e+09	6.81248e+09	7.5421e+09	6.80195e+09	7.58822e+09	7.57686e+09	5.74554e+09	6.63075e+09	7.66889e+09	7.45213e+09	6.5318e+09	7.43482e+09	6.16169e+09	7.16696e+09	6.52637e+09	6.44786e+09	6.54301e+09	7.48863e+09	7.30429e+09	7.30251e+09	7.0746e+09	7.10684e+09	7.00176e+09	7.15968e+09	6.95801e+09	6.94278e+09	7.1018e+09	7.26041e+09	5.80767e+09	6.38278e+09	6.48757e+09	7.51276e+09	7.79998e+09	6.37752e+09	5.98262e+09	6.24844e+09	7.30315e+09	7.43212e+09	7.23188e+09	7.83759e+09	6.79958e+09	7.2726e+09	6.61208e+09	7.36569e+09	7.45911e+09	5.50187e+09	7.38319e+09	6.92969e+09	6.4134e+09	6.37642e+09	6.14632e+09	6.31907e+09	6.82901e+09	5.41076e+09	6.01677e+09	6.75306e+09	6.40143e+09	6.36997e+09	6.08474e+09	6.36087e+09	6.75478e+09	6.64407e+09	6.70804e+09	6.04519e+09	6.70074e+09	7.2244e+09	7.52059e+09	6.70699e+09	6.43441e+09	7.19323e+09	6.35018e+09	6.75528e+09
ERR617658	6.17658e+09	7.18493e+09	6.54301e+09	6.46481e+09	6.55901e+09	7.50846e+09	7.116e+09	5.4898e+09	3.72755e+09	7.19987e+09	7.47538e+09	7.07628e+09	5.58531e+09	6.91274e+09	6.58915e+09	6.87243e+09	7.0846e+09	6.64935e+09	6.79466e+09	6.83084e+09	7.56343e+09	6.81993e+09	7.60964e+09	7.59851e+09	6.79466e+09	6.83084e+09	7.56343e+09	6.81993e+09	7.60964e+09	7.59851e+09	5.7584e+09	6.64602e+09	7.68877e+09	7.47068e+09	6.5472e+09	7.45305e+09	6.17658e+09	7.18493e+09	6.54301e+09	6.46481e+09	6.55901e+09	7.50846e+09	7.3209e+09	7.31931e+09	7.09009e+09	7.12304e+09	7.01705e+09	7.17661e+09	6.97984e+09	6.96438e+09	7.12422e+09	7.28366e+09	5.82562e+09	6.40257e+09	6.5078e+09	7.53644e+09	7.82499e+09	6.39729e+09	5.99959e+09	6.26752e+09	7.32605e+09	7.4553e+09	7.25395e+09	7.86286e+09	6.81929e+09	7.29526e+09	6.63265e+09	7.38856e+09	7.48262e+09	5.51715e+09	7.40624e+09	6.95106e+09	6.43357e+09	6.39753e+09	6.16548e+09	6.3382e+09	6.85101e+09	5.42659e+09	6.03402e+09	6.7726e+09	6.42033e+09	6.38814e+09	6.10274e+09	6.37955e+09	6.77497e+09	6.66358e+09	6.72783e+09	6.06124e+09	6.72164e+09	7.24641e+09	7.54393e+09	6.72682e+09	6.45278e+09	7.215e+09	6.36832e+09	6.77415e+09
ERR617655	6.05433e+09	7.03231e+09	6.41502e+09	6.33951e+09	6.42941e+09	7.35966e+09	6.97662e+09	5.40278e+09	3.65298e+09	7.05741e+09	7.07628e+09	7.21282e+09	5.47502e+09	6.79396e+09	6.47013e+09	6.75215e+09	6.95507e+09	6.52704e+09	6.66265e+09	6.7112e+09	7.42942e+09	6.70242e+09	7.47418e+09	7.46337e+09	6.66265e+09	6.7112e+09	7.42942e+09	6.70242e+09	7.47418e+09	7.46337e+09	5.627e+09	6.4931e+09	7.51989e+09	7.30051e+09	6.39739e+09	7.27909e+09	6.05433e+09	7.03231e+09	6.41502e+09	6.33951e+09	6.42941e+09	7.35966e+09	7.14618e+09	7.15382e+09	6.92401e+09	6.95761e+09	6.85138e+09	7.01008e+09	6.83742e+09	6.82686e+09	6.97967e+09	7.13934e+09	5.7154e+09	6.27867e+09	6.36924e+09	7.36564e+09	7.65638e+09	6.26219e+09	5.85345e+09	6.13444e+09	7.17955e+09	7.30096e+09	7.10862e+09	7.70301e+09	6.66639e+09	7.14837e+09	6.50455e+09	7.24274e+09	7.33298e+09	5.39963e+09	7.25998e+09	6.82146e+09	6.32152e+09	6.29745e+09	6.06091e+09	6.22833e+09	6.74703e+09	5.33376e+09	5.91391e+09	6.63523e+09	6.28797e+09	6.25795e+09	5.9817e+09	6.25279e+09	6.62916e+09	6.52563e+09	6.58975e+09	5.92174e+09	6.58174e+09	7.09473e+09	7.36757e+09	6.55531e+09	6.28863e+09	7.04487e+09	6.20666e+09	6.6032e+09
ERR608341	5.04751e+09	5.77768e+09	5.3128e+09	5.25552e+09	5.32525e+09	5.99621e+09	5.51536e+09	4.36299e+09	3.02963e+09	5.57352e+09	5.58531e+09	5.47502e+09	4.81943e+09	5.61036e+09	5.38635e+09	5.5841e+09	5.74211e+09	5.42581e+09	5.35139e+09	5.36447e+09	5.87307e+09	5.35651e+09	5.906e+09	5.89869e+09	5.35139e+09	5.36447e+09	5.87307e+09	5.35651e+09	5.906e+09	5.89869e+09	4.76934e+09	5.41504e+09	6.11111e+09	5.97029e+09	5.34448e+09	5.95868e+09	5.04751e+09	5.77768e+09	5.3128e+09	5.25552e+09	5.32525e+09	5.99621e+09	5.90734e+09	5.90558e+09	5.75718e+09	5.77855e+09	5.71091e+09	5.81401e+09	5.50013e+09	5.48658e+09	5.60282e+09	5.71275e+09	4.65575e+09	5.07978e+09	5.185e+09	5.92851e+09	6.12156e+09	5.10404e+09	4.82894e+09	5.01038e+09	5.79751e+09	5.88519e+09	5.74908e+09	6.15053e+09	5.46052e+09	5.77709e+09	5.27784e+09	5.8161e+09	5.8802e+09	4.46937e+09	5.8279e+09	5.50372e+09	5.08997e+09	5.05025e+09	4.89347e+09	5.01971e+09	5.37276e+09	4.3523e+09	4.84757e+09	5.38362e+09	5.13233e+09	5.10901e+09	4.89791e+09	5.09869e+09	5.43768e+09	5.35524e+09	5.40078e+09	4.93279e+09	5.39624e+09	5.7572e+09	5.94639e+09	5.39436e+09	5.19811e+09	5.72738e+09	5.13795e+09	5.43098e+09
ERR608344	6.16131e+09	7.14214e+09	6.52507e+09	6.4487e+09	6.53987e+09	7.45989e+09	6.81657e+09	5.28144e+09	3.57878e+09	6.89491e+09	6.91274e+09	6.79396e+09	5.61036e+09	7.17446e+09	6.62581e+09	6.91126e+09	7.11926e+09	6.68158e+09	6.58248e+09	6.62294e+09	7.32477e+09	6.61326e+09	7.3695e+09	7.35864e+09	6.58248e+09	6.62294e+09	7.32477e+09	6.61326e+09	7.3695e+09	7.35864e+09	5.77803e+09	6.63595e+09	7.60262e+09	7.39605e+09	6.54272e+09	7.37584e+09	6.16131e+09	7.14214e+09	6.52507e+09	6.4487e+09	6.53987e+09	7.45989e+09	7.28537e+09	7.29601e+09	7.0826e+09	7.11453e+09	7.01528e+09	7.16451e+09	6.8159e+09	6.80215e+09	6.95518e+09	7.11229e+09	5.68672e+09	6.2524e+09	6.36451e+09	7.36001e+09	7.63896e+09	6.25622e+09	5.85156e+09	6.12883e+09	7.20874e+09	7.32275e+09	7.14203e+09	7.69348e+09	6.72254e+09	7.17996e+09	6.51194e+09	7.2418e+09	7.32868e+09	5.40311e+09	7.259e+09	6.82805e+09	6.27634e+09	6.24008e+09	6.01316e+09	6.18104e+09	6.68733e+09	5.28129e+09	5.93531e+09	6.65579e+09	6.31275e+09	6.28022e+09	6.00336e+09	6.27286e+09	6.69998e+09	6.59639e+09	6.65911e+09	6.00428e+09	6.65208e+09	7.14097e+09	7.38688e+09	6.61218e+09	6.35045e+09	7.08379e+09	6.26879e+09	6.66271e+09
ERR608342	5.89811e+09	6.81589e+09	6.23637e+09	6.16551e+09	6.25153e+09	7.10518e+09	6.50087e+09	5.0611e+09	3.4481e+09	6.57387e+09	6.58915e+09	6.47013e+09	5.38635e+09	6.62581e+09	6.53991e+09	6.59054e+09	6.78844e+09	6.38022e+09	6.28708e+09	6.31885e+09	6.96841e+09	6.31013e+09	7.01079e+09	7.00004e+09	6.28708e+09	6.31885e+09	6.96841e+09	6.31013e+09	7.01079e+09	7.00004e+09	5.54394e+09	6.34952e+09	7.24282e+09	7.05517e+09	6.26147e+09	7.03761e+09	5.89811e+09	6.81589e+09	6.23637e+09	6.16551e+09	6.25153e+09	7.10518e+09	6.95885e+09	6.96563e+09	6.77011e+09	6.79914e+09	6.70882e+09	6.84503e+09	6.49738e+09	6.48291e+09	6.62717e+09	6.77144e+09	5.44028e+09	5.97007e+09	6.08397e+09	7.01568e+09	7.27073e+09	5.98299e+09	5.61141e+09	5.86389e+09	6.86834e+09	6.97584e+09	6.80641e+09	7.31728e+09	6.42355e+09	6.84179e+09	6.21624e+09	6.89608e+09	6.97652e+09	5.18432e+09	6.91134e+09	6.50756e+09	5.9907e+09	5.95206e+09	5.74456e+09	5.90181e+09	6.3658e+09	5.05955e+09	5.67485e+09	6.3487e+09	6.02908e+09	5.99975e+09	5.73838e+09	5.99068e+09	6.40003e+09	6.30109e+09	6.3598e+09	5.75363e+09	6.35304e+09	6.80843e+09	7.04137e+09	6.32586e+09	6.08043e+09	6.76069e+09	6.00429e+09	6.37292e+09
ERR608345	6.13016e+09	7.10376e+09	6.49084e+09	6.41631e+09	6.50556e+09	7.41748e+09	6.77728e+09	5.25364e+09	3.56252e+09	6.85515e+09	6.87243e+09	6.75215e+09	5.5841e+09	6.91126e+09	6.59054e+09	7.09444e+09	7.07887e+09	6.6459e+09	6.54674e+09	6.58574e+09	7.28086e+09	6.57643e+09	7.3256e+09	7.31409e+09	6.54674e+09	6.58574e+09	7.28086e+09	6.57643e+09	7.3256e+09	7.31409e+09	5.75255e+09	6.60408e+09	7.56001e+09	7.35551e+09	6.51098e+09	7.3369e+09	6.13016e+09	7.10376e+09	6.49084e+09	6.41631e+09	6.50556e+09	7.41748e+09	7.24822e+09	7.258e+09	7.04734e+09	7.07861e+09	6.98098e+09	7.12812e+09	6.77572e+09	6.76117e+09	6.91326e+09	7.06905e+09	5.65478e+09	6.21648e+09	6.33014e+09	7.31781e+09	7.59352e+09	6.22317e+09	5.8226e+09	6.09661e+09	7.16671e+09	7.28005e+09	7.10096e+09	7.64613e+09	6.68722e+09	7.13893e+09	6.47511e+09	7.19797e+09	7.2839e+09	5.37608e+09	7.21475e+09	6.78708e+09	6.23976e+09	6.20322e+09	5.9796e+09	6.14574e+09	6.64554e+09	5.25293e+09	5.90259e+09	6.6167e+09	6.27699e+09	6.24451e+09	5.96967e+09	6.23726e+09	6.66467e+09	6.56122e+09	6.62404e+09	5.97621e+09	6.61662e+09	7.10061e+09	7.34458e+09	6.57932e+09	6.31971e+09	7.04503e+09	6.23866e+09	6.62894e+09
ERR608343	6.3113e+09	7.33046e+09	6.68646e+09	6.60759e+09	6.7026e+09	7.65626e+09	6.98464e+09	5.39468e+09	3.65514e+09	7.06655e+09	7.0846e+09	6.95507e+09	5.74211e+09	7.11926e+09	6.78844e+09	7.07887e+09	7.53337e+09	6.84225e+09	6.74531e+09	6.78269e+09	7.50922e+09	6.77322e+09	7.55627e+09	7.54446e+09	6.74531e+09	6.78269e+09	7.50922e+09	6.77322e+09	7.55627e+09	7.54446e+09	5.9255e+09	6.81398e+09	7.81116e+09	7.59849e+09	6.71612e+09	7.57955e+09	6.3113e+09	7.33046e+09	6.68646e+09	6.60759e+09	6.7026e+09	7.65626e+09	7.48634e+09	7.49512e+09	7.27596e+09	7.30873e+09	7.20695e+09	7.3602e+09	6.98953e+09	6.97335e+09	7.13243e+09	7.29597e+09	5.81859e+09	6.40435e+09	6.52521e+09	7.55981e+09	7.8467e+09	6.41308e+09	6.00059e+09	6.2817e+09	7.39953e+09	7.51917e+09	7.33038e+09	7.90091e+09	6.90148e+09	7.37037e+09	6.67436e+09	7.43131e+09	7.52133e+09	5.53201e+09	7.44869e+09	6.99991e+09	6.42553e+09	6.38461e+09	6.15303e+09	6.32734e+09	6.84546e+09	5.39819e+09	6.07899e+09	6.82462e+09	6.47007e+09	6.43617e+09	6.1489e+09	6.42775e+09	6.87623e+09	6.76759e+09	6.83274e+09	6.15976e+09	6.82529e+09	7.33127e+09	7.59207e+09	6.79431e+09	6.52165e+09	7.27836e+09	6.43796e+09	6.84673e+09
ERR608346	5.9417e+09	6.87082e+09	6.28456e+09	6.21319e+09	6.29942e+09	7.16293e+09	6.55874e+09	5.1004e+09	3.47391e+09	6.63272e+09	6.64935e+09	6.52704e+09	5.42581e+09	6.68158e+09	6.38022e+09	6.6459e+09	6.84225e+09	6.64411e+09	6.34061e+09	6.37277e+09	7.03067e+09	6.36308e+09	7.07261e+09	7.06202e+09	6.34061e+09	6.37277e+09	7.03067e+09	6.36308e+09	7.07261e+09	7.06202e+09	5.58111e+09	6.39489e+09	7.3008e+09	7.11036e+09	6.30611e+09	7.09226e+09	5.9417e+09	6.87082e+09	6.28456e+09	6.21319e+09	6.29942e+09	7.16293e+09	7.01301e+09	7.0189e+09	6.82132e+09	6.85045e+09	6.75832e+09	6.89707e+09	6.5498e+09	6.53507e+09	6.68067e+09	6.82647e+09	5.48111e+09	6.01682e+09	6.12921e+09	7.07023e+09	7.32879e+09	6.02671e+09	5.65244e+09	5.9071e+09	6.9198e+09	7.02888e+09	6.85705e+09	7.37502e+09	6.47016e+09	6.89231e+09	6.26227e+09	6.94903e+09	7.03047e+09	5.21979e+09	6.96486e+09	6.55608e+09	6.03756e+09	5.99826e+09	5.78859e+09	5.94796e+09	6.41687e+09	5.09723e+09	5.71605e+09	6.39617e+09	6.07376e+09	6.04344e+09	5.78001e+09	6.03502e+09	6.44533e+09	6.34589e+09	6.40501e+09	5.79328e+09	6.39783e+09	6.85905e+09	7.09543e+09	6.37301e+09	6.12455e+09	6.81049e+09	6.04751e+09	6.41816e+09
ERR617367	5.91013e+09	6.84962e+09	6.25075e+09	6.1782e+09	6.26715e+09	7.14523e+09	6.70024e+09	5.20467e+09	3.55294e+09	6.77787e+09	6.79466e+09	6.66265e+09	5.35139e+09	6.58248e+09	6.28708e+09	6.54674e+09	6.74531e+09	6.34061e+09	6.74213e+09	6.53368e+09	7.21185e+09	6.52282e+09	7.25547e+09	7.24568e+09	6.74213e+09	6.53368e+09	7.21185e+09	6.52282e+09	7.25547e+09	7.24568e+09	5.53972e+09	6.36995e+09	7.31756e+09	7.12162e+09	6.2775e+09	7.10522e+09	5.91013e+09	6.84962e+09	6.25075e+09	6.1782e+09	6.26715e+09	7.14523e+09	7.01189e+09	7.00972e+09	6.80386e+09	6.83315e+09	6.73758e+09	6.88126e+09	6.60855e+09	6.59342e+09	6.7419e+09	6.8888e+09	5.53171e+09	6.07061e+09	6.18814e+09	7.14618e+09	7.40912e+09	6.08331e+09	5.71986e+09	5.96398e+09	6.96297e+09	7.08188e+09	6.8976e+09	7.44971e+09	6.5022e+09	6.93524e+09	6.3107e+09	7.0128e+09	7.10007e+09	5.27037e+09	7.02881e+09	6.6063e+09	6.09923e+09	6.0593e+09	5.84978e+09	6.01056e+09	6.47946e+09	5.15927e+09	5.74931e+09	6.43785e+09	6.11038e+09	6.08055e+09	5.8129e+09	6.06986e+09	6.46416e+09	6.35901e+09	6.41786e+09	5.80222e+09	6.4122e+09	6.89581e+09	7.15948e+09	6.41432e+09	6.15918e+09	6.86026e+09	6.08105e+09	6.46148e+09
ERR617369	5.92891e+09	6.87162e+09	6.27486e+09	6.20231e+09	6.29014e+09	7.17771e+09	6.73622e+09	5.2319e+09	3.55458e+09	6.81248e+09	6.83084e+09	6.7112e+09	5.36447e+09	6.62294e+09	6.31885e+09	6.58574e+09	6.78269e+09	6.37277e+09	6.53368e+09	6.81212e+09	7.26165e+09	6.5643e+09	7.30579e+09	7.29482e+09	6.53368e+09	6.81212e+09	7.26165e+09	6.5643e+09	7.30579e+09	7.29482e+09	5.54119e+09	6.37526e+09	7.33865e+09	7.13586e+09	6.28294e+09	7.11723e+09	5.92891e+09	6.87162e+09	6.27486e+09	6.20231e+09	6.29014e+09	7.17771e+09	7.01692e+09	7.02126e+09	6.80738e+09	6.83862e+09	6.74037e+09	6.88775e+09	6.64032e+09	6.62737e+09	6.77452e+09	6.92553e+09	5.55772e+09	6.10057e+09	6.20737e+09	7.16713e+09	7.43944e+09	6.10331e+09	5.72032e+09	5.98168e+09	6.99496e+09	7.11185e+09	6.92848e+09	7.48671e+09	6.51778e+09	6.96632e+09	6.3419e+09	7.04898e+09	7.13446e+09	5.28204e+09	7.06573e+09	6.64337e+09	6.13807e+09	6.10777e+09	5.88707e+09	6.04807e+09	6.53533e+09	5.18806e+09	5.7701e+09	6.46388e+09	6.13274e+09	6.10232e+09	5.83428e+09	6.09454e+09	6.48258e+09	6.3806e+09	6.44035e+09	5.80823e+09	6.4335e+09	6.92067e+09	7.17721e+09	6.4138e+09	6.15792e+09	6.87362e+09	6.07938e+09	6.45976e+09
ERR617371	6.52388e+09	7.61145e+09	6.9216e+09	6.8385e+09	6.93894e+09	7.97187e+09	7.45242e+09	5.72275e+09	3.86084e+09	7.5421e+09	7.56343e+09	7.42942e+09	5.87307e+09	7.32477e+09	6.96841e+09	7.28086e+09	7.50922e+09	7.03067e+09	7.21185e+09	7.26165e+09	8.3525e+09	7.25143e+09	8.12795e+09	8.11495e+09	7.21185e+09	7.26165e+09	8.3525e+09	7.25143e+09	8.12795e+09	8.11495e+09	6.09003e+09	7.04209e+09	8.16065e+09	7.92245e+09	6.93678e+09	7.89997e+09	6.52388e+09	7.61145e+09	6.9216e+09	6.8385e+09	6.93894e+09	7.97187e+09	7.77926e+09	7.78651e+09	7.53723e+09	7.57296e+09	7.45894e+09	7.63082e+09	7.35673e+09	7.34325e+09	7.51395e+09	7.6899e+09	6.11193e+09	6.73444e+09	6.85364e+09	7.96624e+09	8.28574e+09	6.73324e+09	6.29392e+09	6.59239e+09	7.77001e+09	7.90467e+09	7.69236e+09	8.34445e+09	7.21045e+09	7.73674e+09	7.01474e+09	7.8363e+09	7.93666e+09	5.79523e+09	7.8558e+09	7.36596e+09	6.77463e+09	6.7419e+09	6.48536e+09	6.67103e+09	7.23995e+09	5.68338e+09	6.35862e+09	7.15704e+09	6.77281e+09	6.73972e+09	6.43254e+09	6.73142e+09	7.17313e+09	7.05726e+09	7.12632e+09	6.39683e+09	7.11827e+09	7.68195e+09	7.97951e+09	7.09273e+09	6.79929e+09	7.6271e+09	6.70837e+09	7.14795e+09
ERR617368	5.92116e+09	6.86221e+09	6.2669e+09	6.19416e+09	6.28199e+09	7.16933e+09	6.72446e+09	5.22518e+09	3.55013e+09	6.80195e+09	6.81993e+09	6.70242e+09	5.35651e+09	6.61326e+09	6.31013e+09	6.57643e+09	6.77322e+09	6.36308e+09	6.52282e+09	6.5643e+09	7.25143e+09	6.79115e+09	7.2953e+09	7.2841e+09	6.52282e+09	6.5643e+09	7.25143e+09	6.79115e+09	7.2953e+09	7.2841e+09	5.53275e+09	6.36668e+09	7.32914e+09	7.12663e+09	6.2744e+09	7.10731e+09	5.92116e+09	6.86221e+09	6.2669e+09	6.19416e+09	6.28199e+09	7.16933e+09	7.00684e+09	7.01212e+09	6.7986e+09	6.82922e+09	6.73184e+09	6.87875e+09	6.63014e+09	6.61805e+09	6.76547e+09	6.91592e+09	5.55059e+09	6.09214e+09	6.19833e+09	7.15816e+09	7.43026e+09	6.09497e+09	5.71186e+09	5.97253e+09	6.98747e+09	7.10365e+09	6.92083e+09	7.47809e+09	6.50786e+09	6.95842e+09	6.33385e+09	7.04094e+09	7.12725e+09	5.27467e+09	7.05699e+09	6.63569e+09	6.12894e+09	6.09967e+09	5.87807e+09	6.03899e+09	6.52744e+09	5.18068e+09	5.76403e+09	6.45646e+09	6.12475e+09	6.0957e+09	5.82835e+09	6.08786e+09	6.47476e+09	6.37328e+09	6.43353e+09	5.8002e+09	6.42623e+09	6.91408e+09	7.16657e+09	6.40211e+09	6.1466e+09	6.86425e+09	6.06804e+09	6.44979e+09
ERR617372	6.56483e+09	7.66109e+09	6.96537e+09	6.88153e+09	6.98333e+09	8.02571e+09	7.49727e+09	5.75355e+09	3.88022e+09	7.58822e+09	7.60964e+09	7.47418e+09	5.906e+09	7.3695e+09	7.01079e+09	7.3256e+09	7.55627e+09	7.07261e+09	7.25547e+09	7.30579e+09	8.12795e+09	7.2953e+09	8.45818e+09	8.16688e+09	7.25547e+09	7.30579e+09	8.12795e+09	7.2953e+09	8.45818e+09	8.16688e+09	6.12906e+09	7.08904e+09	8.21609e+09	7.9751e+09	6.98282e+09	7.95268e+09	6.56483e+09	7.66109e+09	6.96537e+09	6.88153e+09	6.98333e+09	8.02571e+09	7.83162e+09	7.83885e+09	7.58727e+09	7.62363e+09	7.50904e+09	7.6818e+09	7.4035e+09	7.38972e+09	7.56182e+09	7.73994e+09	6.14732e+09	6.77514e+09	6.89596e+09	8.01905e+09	8.34208e+09	6.7744e+09	6.33185e+09	6.63286e+09	7.8224e+09	7.95813e+09	7.74396e+09	8.4012e+09	7.25862e+09	7.78836e+09	7.05997e+09	7.88879e+09	7.99015e+09	5.82884e+09	7.90835e+09	7.41423e+09	6.81581e+09	6.78226e+09	6.52382e+09	6.71106e+09	7.28549e+09	5.71515e+09	6.39828e+09	7.20435e+09	6.81709e+09	6.78279e+09	6.47351e+09	6.77439e+09	7.22064e+09	7.10416e+09	7.1741e+09	6.43772e+09	7.16574e+09	7.73382e+09	8.03307e+09	7.13915e+09	6.84273e+09	7.67748e+09	6.75145e+09	7.19505e+09
ERR617370	6.55359e+09	7.64824e+09	6.95385e+09	6.86974e+09	6.97125e+09	8.01166e+09	7.48682e+09	5.74641e+09	3.87679e+09	7.57686e+09	7.59851e+09	7.46337e+09	5.89869e+09	7.35864e+09	7.00004e+09	7.31409e+09	7.54446e+09	7.06202e+09	7.24568e+09	7.29482e+09	8.11495e+09	7.2841e+09	8.16688e+09	8.43185e+09	7.24568e+09	7.29482e+09	8.11495e+09	7.2841e+09	8.16688e+09	8.43185e+09	6.11849e+09	7.07682e+09	8.20221e+09	7.96222e+09	6.97115e+09	7.93952e+09	6.55359e+09	7.64824e+09	6.95385e+09	6.86974e+09	6.97125e+09	8.01166e+09	7.81869e+09	7.82523e+09	7.57448e+09	7.61064e+09	7.49601e+09	7.66859e+09	7.39079e+09	7.37692e+09	7.54912e+09	7.72645e+09	6.13831e+09	6.76471e+09	6.88503e+09	8.00581e+09	8.32688e+09	6.76391e+09	6.32308e+09	6.62228e+09	7.80677e+09	7.94238e+09	7.72869e+09	8.38494e+09	7.24487e+09	7.77297e+09	7.04678e+09	7.87341e+09	7.97477e+09	5.81997e+09	7.89277e+09	7.39967e+09	6.8052e+09	6.77086e+09	6.51395e+09	6.70076e+09	7.27244e+09	5.70747e+09	6.38714e+09	7.1907e+09	6.80499e+09	6.77088e+09	6.46162e+09	6.7625e+09	7.20674e+09	7.09021e+09	7.1595e+09	6.42637e+09	7.15197e+09	7.71843e+09	8.01956e+09	7.12804e+09	6.83237e+09	7.66493e+09	6.74143e+09	7.18296e+09
ERR617367	5.91013e+09	6.84962e+09	6.25075e+09	6.1782e+09	6.26715e+09	7.14523e+09	6.70024e+09	5.20467e+09	3.55294e+09	6.77787e+09	6.79466e+09	6.66265e+09	5.35139e+09	6.58248e+09	6.28708e+09	6.54674e+09	6.74531e+09	6.34061e+09	6.74213e+09	6.53368e+09	7.21185e+09	6.52282e+09	7.25547e+09	7.24568e+09	6.74213e+09	6.53368e+09	7.21185e+09	6.52282e+09	7.25547e+09	7.24568e+09	5.53972e+09	6.36995e+09	7.31756e+09	7.12162e+09	6.2775e+09	7.10522e+09	5.91013e+09	6.84962e+09	6.25075e+09	6.1782e+09	6.26715e+09	7.14523e+09	7.01189e+09	7.00972e+09	6.80386e+09	6.83315e+09	6.73758e+09	6.88126e+09	6.60855e+09	6.59342e+09	6.7419e+09	6.8888e+09	5.53171e+09	6.07061e+09	6.18814e+09	7.14618e+09	7.40912e+09	6.08331e+09	5.71986e+09	5.96398e+09	6.96297e+09	7.08188e+09	6.8976e+09	7.44971e+09	6.5022e+09	6.93524e+09	6.3107e+09	7.0128e+09	7.10007e+09	5.27037e+09	7.02881e+09	6.6063e+09	6.09923e+09	6.0593e+09	5.84978e+09	6.01056e+09	6.47946e+09	5.15927e+09	5.74931e+09	6.43785e+09	6.11038e+09	6.08055e+09	5.8129e+09	6.06986e+09	6.46416e+09	6.35901e+09	6.41786e+09	5.80222e+09	6.4122e+09	6.89581e+09	7.15948e+09	6.41432e+09	6.15918e+09	6.86026e+09	6.08105e+09	6.46148e+09
ERR617369	5.92891e+09	6.87162e+09	6.27486e+09	6.20231e+09	6.29014e+09	7.17771e+09	6.73622e+09	5.2319e+09	3.55458e+09	6.81248e+09	6.83084e+09	6.7112e+09	5.36447e+09	6.62294e+09	6.31885e+09	6.58574e+09	6.78269e+09	6.37277e+09	6.53368e+09	6.81212e+09	7.26165e+09	6.5643e+09	7.30579e+09	7.29482e+09	6.53368e+09	6.81212e+09	7.26165e+09	6.5643e+09	7.30579e+09	7.29482e+09	5.54119e+09	6.37526e+09	7.33865e+09	7.13586e+09	6.28294e+09	7.11723e+09	5.92891e+09	6.87162e+09	6.27486e+09	6.20231e+09	6.29014e+09	7.17771e+09	7.01692e+09	7.02126e+09	6.80738e+09	6.83862e+09	6.74037e+09	6.88775e+09	6.64032e+09	6.62737e+09	6.77452e+09	6.92553e+09	5.55772e+09	6.10057e+09	6.20737e+09	7.16713e+09	7.43944e+09	6.10331e+09	5.72032e+09	5.98168e+09	6.99496e+09	7.11185e+09	6.92848e+09	7.48671e+09	6.51778e+09	6.96632e+09	6.3419e+09	7.04898e+09	7.13446e+09	5.28204e+09	7.06573e+09	6.64337e+09	6.13807e+09	6.10777e+09	5.88707e+09	6.04807e+09	6.53533e+09	5.18806e+09	5.7701e+09	6.46388e+09	6.13274e+09	6.10232e+09	5.83428e+09	6.09454e+09	6.48258e+09	6.3806e+09	6.44035e+09	5.80823e+09	6.4335e+09	6.92067e+09	7.17721e+09	6.4138e+09	6.15792e+09	6.87362e+09	6.07938e+09	6.45976e+09
ERR617371	6.52388e+09	7.61145e+09	6.9216e+09	6.8385e+09	6.93894e+09	7.97187e+09	7.45242e+09	5.72275e+09	3.86084e+09	7.5421e+09	7.56343e+09	7.42942e+09	5.87307e+09	7.32477e+09	6.96841e+09	7.28086e+09	7.50922e+09	7.03067e+09	7.21185e+09	7.26165e+09	8.3525e+09	7.25143e+09	8.12795e+09	8.11495e+09	7.21185e+09	7.26165e+09	8.3525e+09	7.25143e+09	8.12795e+09	8.11495e+09	6.09003e+09	7.04209e+09	8.16065e+09	7.92245e+09	6.93678e+09	7.89997e+09	6.52388e+09	7.61145e+09	6.9216e+09	6.8385e+09	6.93894e+09	7.97187e+09	7.77926e+09	7.78651e+09	7.53723e+09	7.57296e+09	7.45894e+09	7.63082e+09	7.35673e+09	7.34325e+09	7.51395e+09	7.6899e+09	6.11193e+09	6.73444e+09	6.85364e+09	7.96624e+09	8.28574e+09	6.73324e+09	6.29392e+09	6.59239e+09	7.77001e+09	7.90467e+09	7.69236e+09	8.34445e+09	7.21045e+09	7.73674e+09	7.01474e+09	7.8363e+09	7.93666e+09	5.79523e+09	7.8558e+09	7.36596e+09	6.77463e+09	6.7419e+09	6.48536e+09	6.67103e+09	7.23995e+09	5.68338e+09	6.35862e+09	7.15704e+09	6.77281e+09	6.73972e+09	6.43254e+09	6.73142e+09	7.17313e+09	7.05726e+09	7.12632e+09	6.39683e+09	7.11827e+09	7.68195e+09	7.97951e+09	7.09273e+09	6.79929e+09	7.6271e+09	6.70837e+09	7.14795e+09
ERR617368	5.92116e+09	6.86221e+09	6.2669e+09	6.19416e+09	6.28199e+09	7.16933e+09	6.72446e+09	5.22518e+09	3.55013e+09	6.80195e+09	6.81993e+09	6.70242e+09	5.35651e+09	6.61326e+09	6.31013e+09	6.57643e+09	6.77322e+09	6.36308e+09	6.52282e+09	6.5643e+09	7.25143e+09	6.79115e+09	7.2953e+09	7.2841e+09	6.52282e+09	6.5643e+09	7.25143e+09	6.79115e+09	7.2953e+09	7.2841e+09	5.53275e+09	6.36668e+09	7.32914e+09	7.12663e+09	6.2744e+09	7.10731e+09	5.92116e+09	6.86221e+09	6.2669e+09	6.19416e+09	6.28199e+09	7.16933e+09	7.00684e+09	7.01212e+09	6.7986e+09	6.82922e+09	6.73184e+09	6.87875e+09	6.63014e+09	6.61805e+09	6.76547e+09	6.91592e+09	5.55059e+09	6.09214e+09	6.19833e+09	7.15816e+09	7.43026e+09	6.09497e+09	5.71186e+09	5.97253e+09	6.98747e+09	7.10365e+09	6.92083e+09	7.47809e+09	6.50786e+09	6.95842e+09	6.33385e+09	7.04094e+09	7.12725e+09	5.27467e+09	7.05699e+09	6.63569e+09	6.12894e+09	6.09967e+09	5.87807e+09	6.03899e+09	6.52744e+09	5.18068e+09	5.76403e+09	6.45646e+09	6.12475e+09	6.0957e+09	5.82835e+09	6.08786e+09	6.47476e+09	6.37328e+09	6.43353e+09	5.8002e+09	6.42623e+09	6.91408e+09	7.16657e+09	6.40211e+09	6.1466e+09	6.86425e+09	6.06804e+09	6.44979e+09
ERR617372	6.56483e+09	7.66109e+09	6.96537e+09	6.88153e+09	6.98333e+09	8.02571e+09	7.49727e+09	5.75355e+09	3.88022e+09	7.58822e+09	7.60964e+09	7.47418e+09	5.906e+09	7.3695e+09	7.01079e+09	7.3256e+09	7.55627e+09	7.07261e+09	7.25547e+09	7.30579e+09	8.12795e+09	7.2953e+09	8.45818e+09	8.16688e+09	7.25547e+09	7.30579e+09	8.12795e+09	7.2953e+09	8.45818e+09	8.16688e+09	6.12906e+09	7.08904e+09	8.21609e+09	7.9751e+09	6.98282e+09	7.95268e+09	6.56483e+09	7.66109e+09	6.96537e+09	6.88153e+09	6.98333e+09	8.02571e+09	7.83162e+09	7.83885e+09	7.58727e+09	7.62363e+09	7.50904e+09	7.6818e+09	7.4035e+09	7.38972e+09	7.56182e+09	7.73994e+09	6.14732e+09	6.77514e+09	6.89596e+09	8.01905e+09	8.34208e+09	6.7744e+09	6.33185e+09	6.63286e+09	7.8224e+09	7.95813e+09	7.74396e+09	8.4012e+09	7.25862e+09	7.78836e+09	7.05997e+09	7.88879e+09	7.99015e+09	5.82884e+09	7.90835e+09	7.41423e+09	6.81581e+09	6.78226e+09	6.52382e+09	6.71106e+09	7.28549e+09	5.71515e+09	6.39828e+09	7.20435e+09	6.81709e+09	6.78279e+09	6.47351e+09	6.77439e+09	7.22064e+09	7.10416e+09	7.1741e+09	6.43772e+09	7.16574e+09	7.73382e+09	8.03307e+09	7.13915e+09	6.84273e+09	7.67748e+09	6.75145e+09	7.19505e+09
ERR617370	6.55359e+09	7.64824e+09	6.95385e+09	6.86974e+09	6.97125e+09	8.01166e+09	7.48682e+09	5.74641e+09	3.87679e+09	7.57686e+09	7.59851e+09	7.46337e+09	5.89869e+09	7.35864e+09	7.00004e+09	7.31409e+09	7.54446e+09	7.06202e+09	7.24568e+09	7.29482e+09	8.11495e+09	7.2841e+09	8.16688e+09	8.43185e+09	7.24568e+09	7.29482e+09	8.11495e+09	7.2841e+09	8.16688e+09	8.43185e+09	6.11849e+09	7.07682e+09	8.20221e+09	7.96222e+09	6.97115e+09	7.93952e+09	6.55359e+09	7.64824e+09	6.95385e+09	6.86974e+09	6.97125e+09	8.01166e+09	7.81869e+09	7.82523e+09	7.57448e+09	7.61064e+09	7.49601e+09	7.66859e+09	7.39079e+09	7.37692e+09	7.54912e+09	7.72645e+09	6.13831e+09	6.76471e+09	6.88503e+09	8.00581e+09	8.32688e+09	6.76391e+09	6.32308e+09	6.62228e+09	7.80677e+09	7.94238e+09	7.72869e+09	8.38494e+09	7.24487e+09	7.77297e+09	7.04678e+09	7.87341e+09	7.97477e+09	5.81997e+09	7.89277e+09	7.39967e+09	6.8052e+09	6.77086e+09	6.51395e+09	6.70076e+09	7.27244e+09	5.70747e+09	6.38714e+09	7.1907e+09	6.80499e+09	6.77088e+09	6.46162e+09	6.7625e+09	7.20674e+09	7.09021e+09	7.1595e+09	6.42637e+09	7.15197e+09	7.71843e+09	8.01956e+09	7.12804e+09	6.83237e+09	7.66493e+09	6.74143e+09	7.18296e+09
ERR612225	5.34167e+09	6.13016e+09	5.62355e+09	5.56466e+09	5.64351e+09	6.35413e+09	5.68227e+09	4.4482e+09	3.08691e+09	5.74554e+09	5.7584e+09	5.627e+09	4.76934e+09	5.77803e+09	5.54394e+09	5.75255e+09	5.9255e+09	5.58111e+09	5.53972e+09	5.54119e+09	6.09003e+09	5.53275e+09	6.12906e+09	6.11849e+09	5.53972e+09	5.54119e+09	6.09003e+09	5.53275e+09	6.12906e+09	6.11849e+09	5.47692e+09	6.01082e+09	6.71226e+09	6.57012e+09	5.93542e+09	6.56172e+09	5.34167e+09	6.13016e+09	5.62355e+09	5.56466e+09	5.64351e+09	6.35413e+09	6.28989e+09	6.29098e+09	6.1505e+09	6.17062e+09	6.10523e+09	6.20318e+09	5.97693e+09	5.95636e+09	6.08563e+09	6.2012e+09	5.04808e+09	5.51274e+09	5.60839e+09	6.42594e+09	6.6228e+09	5.51712e+09	5.23176e+09	5.41661e+09	6.31748e+09	6.40613e+09	6.26889e+09	6.66475e+09	5.97919e+09	6.29737e+09	5.72887e+09	6.31284e+09	6.3819e+09	4.84486e+09	6.32532e+09	5.97576e+09	5.44096e+09	5.3818e+09	5.22479e+09	5.36309e+09	5.73054e+09	4.63373e+09	5.32017e+09	5.90118e+09	5.633e+09	5.60482e+09	5.37491e+09	5.59164e+09	5.9668e+09	5.87797e+09	5.92571e+09	5.42928e+09	5.92121e+09	6.29067e+09	6.47467e+09	5.91848e+09	5.71008e+09	6.25689e+09	5.64322e+09	5.96174e+09
ERR612224	6.08472e+09	7.04844e+09	6.42694e+09	6.35552e+09	6.45114e+09	7.32982e+09	6.55391e+09	5.07134e+09	3.48175e+09	6.63075e+09	6.64602e+09	6.4931e+09	5.41504e+09	6.63595e+09	6.34952e+09	6.60408e+09	6.81398e+09	6.39489e+09	6.36995e+09	6.37526e+09	7.04209e+09	6.36668e+09	7.08904e+09	7.07682e+09	6.36995e+09	6.37526e+09	7.04209e+09	6.36668e+09	7.08904e+09	7.07682e+09	6.01082e+09	7.08627e+09	7.7737e+09	7.59325e+09	6.78675e+09	7.58228e+09	6.08472e+09	7.04844e+09	6.42694e+09	6.35552e+09	6.45114e+09	7.32982e+09	7.24679e+09	7.24778e+09	7.07085e+09	7.09606e+09	7.01406e+09	7.13711e+09	6.87345e+09	6.84951e+09	7.00706e+09	7.15084e+09	5.74778e+09	6.30808e+09	6.4266e+09	7.42762e+09	7.67454e+09	6.31679e+09	5.96913e+09	6.19559e+09	7.28623e+09	7.39836e+09	7.2255e+09	7.72663e+09	6.86036e+09	7.26175e+09	6.56871e+09	7.2871e+09	7.37278e+09	5.49942e+09	7.30251e+09	6.87048e+09	6.23523e+09	6.17101e+09	5.97646e+09	6.14261e+09	6.59412e+09	5.26712e+09	6.058e+09	6.76853e+09	6.43838e+09	6.40349e+09	6.12427e+09	6.38888e+09	6.84211e+09	6.73182e+09	6.79122e+09	6.17695e+09	6.78565e+09	7.25047e+09	7.48814e+09	6.78887e+09	6.53066e+09	7.21308e+09	6.4487e+09	6.84222e+09
ERR612221	6.88735e+09	8.05759e+09	7.30365e+09	7.21654e+09	7.3294e+09	8.42181e+09	7.57569e+09	5.78511e+09	3.91946e+09	7.66889e+09	7.68877e+09	7.51989e+09	6.11111e+09	7.60262e+09	7.24282e+09	7.56001e+09	7.81116e+09	7.3008e+09	7.31756e+09	7.33865e+09	8.16065e+09	7.32914e+09	8.21609e+09	8.20221e+09	7.31756e+09	7.33865e+09	8.16065e+09	7.32914e+09	8.21609e+09	8.20221e+09	6.71226e+09	7.7737e+09	9.23648e+09	8.71551e+09	7.65482e+09	8.69971e+09	6.88735e+09	8.05759e+09	7.30365e+09	7.21654e+09	7.3294e+09	8.42181e+09	8.27198e+09	8.27481e+09	8.03984e+09	8.07305e+09	7.96473e+09	8.12796e+09	7.89676e+09	7.87198e+09	8.06229e+09	8.24701e+09	6.53439e+09	7.21087e+09	7.32508e+09	8.5469e+09	8.87067e+09	7.19371e+09	6.75521e+09	7.04642e+09	8.34563e+09	8.4914e+09	8.26629e+09	8.92824e+09	7.78701e+09	8.31306e+09	7.48616e+09	8.37245e+09	8.48152e+09	6.19e+09	8.39278e+09	7.85944e+09	7.14211e+09	7.08123e+09	6.83128e+09	7.03202e+09	7.60318e+09	5.97625e+09	6.86304e+09	7.73124e+09	7.32098e+09	7.2795e+09	6.94269e+09	7.26559e+09	7.75587e+09	7.62178e+09	7.69669e+09	6.92982e+09	7.68873e+09	8.28453e+09	8.6112e+09	7.70197e+09	7.38176e+09	8.2493e+09	7.28113e+09	7.76671e+09
