	ERR613905	ERR613903	ERR613907	ERR613906	ERR613904	ERR613902	ERR622160	ERR622155	ERR622159	ERR622158	ERR622157	ERR622156	ERR618718	ERR618722	ERR618721	ERR618720	ERR618719	ERR618717	ERR637059	ERR637060	ERR637062	ERR637057	ERR637061	ERR637058	ERR608679	ERR608678	ERR608677	ERR608682	ERR608681	ERR608680	ERR617294	ERR617291	ERR617293	ERR617292	ERR617289	ERR617290	ERR608871	ERR608872	ERR608875	ERR608873	ERR608876	ERR608874	ERR613447	ERR613446	ERR613443	ERR613448	ERR613445	ERR613444	ERR605963	ERR605958	ERR605962	ERR605960	ERR605961	ERR605959	ERR605982	ERR605987	ERR605985	ERR605986	ERR605983	ERR605984	ERR612724	ERR612723	ERR612727	ERR612726	ERR612725	ERR612728	ERR630097	ERR630096	ERR630098	ERR630099	ERR630100	ERR630101	ERR606039	ERR606037	ERR606036	ERR606038	ERR606040	ERR606041	ERR605542	ERR605543	ERR605539	ERR605540	ERR605541	ERR605544	ERR617863	ERR617861	ERR617864	ERR617866	ERR617862	ERR617865	ERR605542	ERR605543	ERR605539	ERR605540	ERR605541	ERR605544
ERR613905	0	0.764799	0.752697	0.765321	0.788313	0.753138	0.925674	0.94122	0.922731	0.920238	0.890533	0.900627	0.860182	0.850535	0.852805	0.853187	0.857811	0.853135	0.85211	0.854136	0.852268	0.858151	0.854213	0.850031	0.839673	0.851263	0.881025	0.847443	0.841456	0.841036	0.910277	0.928927	0.911465	0.911153	0.93182	0.929813	0.995297	0.950407	0.976475	0.939238	0.980243	0.974657	0.913826	0.917666	0.885775	0.953029	0.899657	0.912252	1.05166	1.0611	1.05149	1.02538	1.04772	1.02732	1.11114	1.10142	1.0981	1.10064	1.08085	1.07935	1.10747	1.06792	1.08736	1.08712	1.07915	1.08976	1.10252	1.09179	1.09549	1.1124	1.09978	1.09569	1.08878	1.07018	1.09822	1.06843	1.09143	1.09279	1.13914	1.13879	1.13396	1.13874	1.14401	1.13955	1.0832	1.05056	1.04108	1.04028	1.11233	1.03989	1.13914	1.13879	1.13396	1.13874	1.14401	1.13955
ERR613903	0.764799	0	0.747712	0.764811	0.780231	0.745695	0.920776	0.934301	0.917769	0.91498	0.884353	0.89473	0.853121	0.84457	0.846523	0.847395	0.851246	0.846614	0.842617	0.845604	0.843807	0.849957	0.845638	0.841334	0.834505	0.845935	0.875434	0.842772	0.836826	0.836601	0.908506	0.92669	0.909404	0.908668	0.928204	0.927547	0.98811	0.943675	0.970889	0.932717	0.974619	0.969199	0.909327	0.913262	0.879826	0.948366	0.89379	0.906614	1.04687	1.05512	1.04663	1.02058	1.04343	1.02212	1.10825	1.09982	1.09673	1.09918	1.07907	1.07752	1.10237	1.06222	1.08192	1.0818	1.07314	1.08447	1.09614	1.08515	1.08922	1.10529	1.09264	1.08834	1.08552	1.06623	1.09329	1.06474	1.08773	1.08908	1.13437	1.13386	1.12862	1.1334	1.13917	1.13461	1.07981	1.04727	1.03697	1.03611	1.10751	1.03552	1.13437	1.13386	1.12862	1.1334	1.13917	1.13461
ERR613907	0.752697	0.747712	0	0.752484	0.772922	0.734219	0.914799	0.929337	0.911541	0.908392	0.876789	0.887698	0.842158	0.832389	0.834428	0.835402	0.839462	0.834928	0.832565	0.836213	0.833568	0.840397	0.835948	0.831336	0.82504	0.837775	0.869357	0.834019	0.827662	0.827299	0.899681	0.918851	0.900594	0.899646	0.921387	0.920129	0.981392	0.934047	0.962427	0.922683	0.966284	0.960854	0.900639	0.904645	0.869471	0.941614	0.884532	0.897947	1.03905	1.04828	1.03885	1.01207	1.0355	1.01391	1.10039	1.0911	1.08788	1.09026	1.06968	1.06807	1.09668	1.05515	1.07535	1.07519	1.06662	1.07831	1.08813	1.07658	1.08083	1.09775	1.08459	1.08018	1.07603	1.05618	1.08472	1.05468	1.07854	1.0799	1.12727	1.12684	1.12146	1.12635	1.13217	1.12753	1.07288	1.03861	1.02801	1.02723	1.1017	1.02665	1.12727	1.12684	1.12146	1.12635	1.13217	1.12753
ERR613906	0.765321	0.764811	0.752484	0	0.788628	0.753166	0.925323	0.940316	0.921796	0.919323	0.889429	0.90022	0.859587	0.85007	0.85211	0.852866	0.857075	0.852716	0.851316	0.853401	0.851314	0.857422	0.85331	0.849145	0.838541	0.850114	0.880292	0.846221	0.840634	0.840011	0.910473	0.928937	0.911553	0.910953	0.93167	0.929659	0.99488	0.949944	0.975686	0.938837	0.980048	0.974316	0.913695	0.917779	0.88588	0.953163	0.899655	0.912135	1.05079	1.06002	1.05055	1.02438	1.04657	1.02632	1.1106	1.10094	1.0978	1.10023	1.08	1.07882	1.10691	1.0673	1.0869	1.08661	1.07851	1.08948	1.10185	1.09107	1.09515	1.11178	1.09924	1.09483	1.08828	1.06975	1.09773	1.06802	1.09104	1.09222	1.13869	1.13837	1.13348	1.13826	1.14384	1.13916	1.08253	1.04993	1.04026	1.03974	1.1117	1.03898	1.13869	1.13837	1.13348	1.13826	1.14384	1.13916
ERR613904	0.788313	0.780231	0.772922	0.788628	0	0.771207	0.932114	0.941329	0.929193	0.926602	0.898709	0.906624	0.869191	0.863307	0.86426	0.865099	0.868342	0.864105	0.858756	0.861703	0.860273	0.865063	0.861834	0.858815	0.852291	0.861916	0.885124	0.8586	0.855335	0.855086	0.924875	0.940487	0.925699	0.925	0.940246	0.942173	0.997957	0.957863	0.983824	0.948954	0.987837	0.982208	0.923676	0.927337	0.895696	0.957997	0.90715	0.919598	1.0608	1.0663	1.06049	1.03653	1.05767	1.038	1.1221	1.11579	1.11396	1.11538	1.09731	1.0965	1.11218	1.07503	1.09293	1.0928	1.0845	1.09576	1.10781	1.09813	1.10215	1.11572	1.10333	1.09917	1.10148	1.08355	1.10681	1.08209	1.10289	1.10431	1.1453	1.14479	1.13965	1.14398	1.14937	1.14565	1.09326	1.06417	1.05334	1.05246	1.11606	1.05164	1.1453	1.14479	1.13965	1.14398	1.14937	1.14565
ERR613902	0.753138	0.745695	0.734219	0.753166	0.771207	0	0.915633	0.93031	0.912193	0.909382	0.877192	0.888568	0.843018	0.833467	0.835688	0.836587	0.840859	0.835629	0.833623	0.837487	0.834749	0.841783	0.83715	0.832364	0.825865	0.838591	0.870511	0.834754	0.828048	0.827891	0.90067	0.920104	0.901684	0.90106	0.922336	0.921185	0.982479	0.935179	0.963162	0.923697	0.96722	0.961571	0.901519	0.905655	0.870351	0.942289	0.885425	0.899074	1.03956	1.04837	1.03939	1.01192	1.03575	1.01386	1.1004	1.09094	1.08777	1.09025	1.06947	1.06774	1.09646	1.05508	1.07568	1.07539	1.06665	1.07825	1.08799	1.07663	1.08084	1.09794	1.08456	1.07997	1.07604	1.05601	1.08512	1.05452	1.0785	1.07983	1.12705	1.12653	1.12134	1.12616	1.13189	1.12738	1.07253	1.03825	1.0277	1.02709	1.10172	1.02618	1.12705	1.12653	1.12134	1.12616	1.13189	1.12738
ERR622160	0.925674	0.920776	0.914799	0.925323	0.932114	0.915633	0	0.883967	0.867615	0.865352	0.84567	0.852143	0.921833	0.917946	0.917899	0.919105	0.920989	0.91773	0.933416	0.936218	0.935291	0.937483	0.936114	0.933416	0.936814	0.943172	0.961745	0.941144	0.938783	0.937968	0.953457	0.965523	0.954211	0.953907	0.963625	0.965894	1.00733	0.974475	0.995803	0.96742	0.998875	0.994857	0.984521	0.986792	0.962446	1.01223	0.970952	0.980278	1.09677	1.10075	1.09648	1.07566	1.09425	1.07671	1.15193	1.14684	1.14512	1.14603	1.13097	1.13023	1.13727	1.10465	1.12	1.11985	1.11216	1.12251	1.13616	1.12788	1.13115	1.14288	1.13237	1.12868	1.13425	1.11824	1.13845	1.11751	1.13571	1.13671	1.17001	1.16944	1.16524	1.16892	1.17348	1.1701	1.12968	1.10455	1.09437	1.09336	1.14818	1.09304	1.17001	1.16944	1.16524	1.16892	1.17348	1.1701
ERR622155	0.94122	0.934301	0.929337	0.940316	0.941329	0.93031	0.883967	0	0.882205	0.879445	0.854891	0.858489	0.931833	0.930179	0.930064	0.930538	0.931506	0.92872	0.940011	0.943766	0.943116	0.944164	0.94365	0.942038	0.948897	0.954678	0.966295	0.952171	0.952185	0.952046	0.966881	0.977102	0.967286	0.966342	0.971881	0.977907	1.00681	0.980491	1.00229	0.97531	1.00605	1.00137	0.994921	0.997002	0.971655	1.0178	0.978581	0.987766	1.10657	1.10634	1.10625	1.08683	1.10463	1.08809	1.16187	1.16101	1.16024	1.15993	1.14669	1.14615	1.14109	1.11045	1.1245	1.12428	1.11655	1.12678	1.14144	1.13424	1.13708	1.14527	1.13484	1.13163	1.14573	1.13074	1.14597	1.13034	1.14663	1.14797	1.17541	1.17475	1.17052	1.17353	1.17834	1.17555	1.13857	1.11659	1.10489	1.10365	1.15102	1.10345	1.17541	1.17475	1.17052	1.17353	1.17834	1.17555
ERR622159	0.922731	0.917769	0.911541	0.921796	0.929193	0.912193	0.867615	0.882205	0	0.862654	0.842217	0.849259	0.918146	0.913664	0.914361	0.915082	0.917234	0.91345	0.930157	0.933407	0.931831	0.934639	0.932936	0.930273	0.93341	0.940564	0.959052	0.938675	0.935614	0.935225	0.950195	0.962084	0.950331	0.950009	0.960456	0.963077	1.00452	0.971141	0.992751	0.963952	0.996317	0.991353	0.981371	0.983141	0.959095	1.00963	0.967728	0.977024	1.09422	1.09823	1.09374	1.07296	1.09164	1.07397	1.14945	1.14438	1.14255	1.14362	1.12835	1.12755	1.13555	1.10221	1.11812	1.11766	1.11045	1.12033	1.1341	1.12536	1.12859	1.14074	1.12998	1.12605	1.13166	1.11562	1.136	1.11483	1.13318	1.13422	1.16775	1.16736	1.16297	1.16672	1.17127	1.16801	1.1272	1.10182	1.09161	1.0906	1.14581	1.0901	1.16775	1.16736	1.16297	1.16672	1.17127	1.16801
ERR622158	0.920238	0.91498	0.908392	0.919323	0.926602	0.909382	0.865352	0.879445	0.862654	0	0.839671	0.846725	0.915828	0.911174	0.911585	0.912108	0.91486	0.911101	0.927268	0.930032	0.928907	0.931198	0.929836	0.926937	0.930996	0.938224	0.956837	0.936337	0.93308	0.933097	0.94803	0.960333	0.948309	0.947978	0.958317	0.960636	1.00285	0.969056	0.990893	0.961831	0.994101	0.989625	0.979571	0.981697	0.95702	1.00812	0.965928	0.975422	1.09296	1.09718	1.09271	1.0717	1.09034	1.07282	1.14851	1.14331	1.1418	1.14275	1.12766	1.12662	1.13384	1.10041	1.11636	1.11601	1.10847	1.11888	1.1325	1.12387	1.12742	1.13951	1.1284	1.12481	1.13035	1.11439	1.1348	1.11344	1.13192	1.13294	1.16681	1.16636	1.16204	1.16552	1.17026	1.16709	1.12641	1.10083	1.09035	1.08934	1.14494	1.08871	1.16681	1.16636	1.16204	1.16552	1.17026	1.16709
ERR622157	0.890533	0.884353	0.876789	0.889429	0.898709	0.877192	0.84567	0.854891	0.842217	0.839671	0	0.814924	0.885191	0.879669	0.880534	0.881385	0.884157	0.879258	0.897252	0.90045	0.899269	0.902579	0.900594	0.897281	0.902855	0.911725	0.93398	0.909787	0.905872	0.90543	0.926093	0.940842	0.926753	0.926138	0.939085	0.941539	0.98212	0.943408	0.968476	0.934369	0.972023	0.967042	0.954738	0.95738	0.928527	0.987162	0.939651	0.950125	1.07145	1.07593	1.07103	1.04779	1.06851	1.04909	1.13097	1.12514	1.12287	1.12449	1.10731	1.10623	1.11539	1.07874	1.09656	1.09624	1.08778	1.09918	1.11249	1.10281	1.10661	1.12003	1.10794	1.10394	1.11026	1.09274	1.11538	1.09161	1.1122	1.1135	1.14934	1.14874	1.14389	1.14808	1.15325	1.14948	1.10717	1.07916	1.06742	1.06652	1.12786	1.06592	1.14934	1.14874	1.14389	1.14808	1.15325	1.14948
ERR622156	0.900627	0.89473	0.887698	0.90022	0.906624	0.888568	0.852143	0.858489	0.849259	0.846725	0.814924	0	0.894649	0.890157	0.890832	0.891433	0.893567	0.889365	0.905458	0.909059	0.907746	0.910296	0.908976	0.905772	0.911564	0.919457	0.939223	0.917462	0.914415	0.91375	0.934385	0.948277	0.934806	0.934276	0.945556	0.948894	0.986652	0.950653	0.974907	0.94279	0.978665	0.973759	0.962594	0.965291	0.937351	0.992786	0.947318	0.95749	1.07909	1.08247	1.07882	1.05629	1.07649	1.05754	1.13826	1.13399	1.13217	1.13302	1.11681	1.11602	1.12084	1.08581	1.10238	1.1022	1.09402	1.10518	1.1192	1.11038	1.11375	1.12605	1.11435	1.11045	1.11881	1.10192	1.12243	1.10102	1.12031	1.12181	1.15536	1.1547	1.14998	1.1538	1.15891	1.1554	1.11404	1.08734	1.07567	1.07461	1.13279	1.07429	1.15536	1.1547	1.14998	1.1538	1.15891	1.1554
ERR618718	0.860182	0.853121	0.842158	0.859587	0.869191	0.843018	0.921833	0.931833	0.918146	0.915828	0.885191	0.894649	0	0.74836	0.750032	0.751221	0.752634	0.746685	0.86762	0.872894	0.870821	0.876512	0.872767	0.868223	0.877974	0.889322	0.91267	0.886113	0.881868	0.881707	0.915157	0.932096	0.916525	0.91505	0.930405	0.932707	0.983846	0.939368	0.96836	0.929343	0.971883	0.966335	0.924839	0.928627	0.894716	0.959684	0.907246	0.920004	1.05805	1.06327	1.05785	1.033	1.05533	1.03418	1.10943	1.10345	1.10149	1.10261	1.08379	1.08302	1.10444	1.06517	1.08436	1.08426	1.07505	1.0873	1.08672	1.07579	1.07985	1.09443	1.08112	1.07664	1.08337	1.06403	1.08848	1.06265	1.08505	1.08638	1.12658	1.12598	1.12056	1.12494	1.13067	1.12678	1.09113	1.06141	1.04853	1.04753	1.11239	1.04648	1.12658	1.12598	1.12056	1.12494	1.13067	1.12678
ERR618722	0.850535	0.84457	0.832389	0.85007	0.863307	0.833467	0.917946	0.930179	0.913664	0.911174	0.879669	0.890157	0.74836	0	0.736223	0.737297	0.74514	0.73939	0.862403	0.867738	0.865384	0.871763	0.867203	0.8629	0.87094	0.882707	0.909567	0.879352	0.873895	0.873891	0.905882	0.923888	0.907082	0.905766	0.924373	0.92471	0.980531	0.933129	0.962381	0.921973	0.966157	0.960322	0.91938	0.923258	0.889241	0.957009	0.9036	0.916889	1.05324	1.06052	1.05305	1.02734	1.04977	1.02876	1.10283	1.09508	1.09208	1.09399	1.07424	1.0731	1.10241	1.06187	1.08182	1.08185	1.07276	1.08478	1.08345	1.07182	1.07601	1.09266	1.07884	1.07462	1.07646	1.05672	1.08383	1.0555	1.07845	1.08034	1.12358	1.12298	1.11783	1.12257	1.12844	1.12395	1.08554	1.0543	1.04179	1.04093	1.10987	1.04026	1.12358	1.12298	1.11783	1.12257	1.12844	1.12395
ERR618721	0.852805	0.846523	0.834428	0.85211	0.86426	0.835688	0.917899	0.930064	0.914361	0.911585	0.880534	0.890832	0.750032	0.736223	0	0.739675	0.747483	0.74176	0.863097	0.868384	0.865999	0.87193	0.868051	0.863416	0.872181	0.884321	0.909601	0.881047	0.875345	0.875557	0.907456	0.925781	0.908875	0.907751	0.925114	0.925985	0.981285	0.934532	0.96355	0.92351	0.96719	0.961342	0.920322	0.924239	0.890341	0.957285	0.903759	0.917156	1.05364	1.06069	1.05344	1.028	1.05066	1.02966	1.10441	1.09712	1.0945	1.0965	1.07684	1.0757	1.10256	1.06232	1.08205	1.08195	1.07282	1.08506	1.0841	1.07278	1.07685	1.09309	1.07944	1.07506	1.07807	1.05844	1.0848	1.05713	1.07998	1.08155	1.1241	1.12339	1.1182	1.12297	1.12886	1.12447	1.0872	1.05598	1.04349	1.04241	1.11039	1.04168	1.1241	1.12339	1.1182	1.12297	1.12886	1.12447
ERR618720	0.853187	0.847395	0.835402	0.852866	0.865099	0.836587	0.919105	0.930538	0.915082	0.912108	0.881385	0.891433	0.751221	0.737297	0.739675	0	0.749068	0.743349	0.863665	0.869264	0.867129	0.873027	0.86925	0.86423	0.872924	0.885015	0.910065	0.881181	0.876183	0.876133	0.908375	0.926488	0.909652	0.9082	0.925585	0.926922	0.982004	0.935351	0.963919	0.92456	0.967536	0.962235	0.920533	0.924588	0.890698	0.957594	0.904414	0.917363	1.05477	1.06107	1.05427	1.02905	1.05157	1.03025	1.10519	1.09782	1.09535	1.09694	1.07758	1.07655	1.10324	1.06321	1.08287	1.08273	1.07369	1.08573	1.08503	1.07367	1.07765	1.09362	1.08	1.0757	1.07906	1.05951	1.08569	1.05811	1.08076	1.08236	1.12488	1.12434	1.11914	1.12354	1.12918	1.12532	1.08778	1.05681	1.04433	1.04327	1.11115	1.04272	1.12488	1.12434	1.11914	1.12354	1.12918	1.12532
ERR618719	0.857811	0.851246	0.839462	0.857075	0.868342	0.840859	0.920989	0.931506	0.917234	0.91486	0.884157	0.893567	0.752634	0.74514	0.747483	0.749068	0	0.744971	0.867195	0.872535	0.870288	0.876018	0.872131	0.867774	0.876701	0.888129	0.911934	0.884905	0.879912	0.880029	0.911926	0.929695	0.913314	0.912115	0.928538	0.930333	0.983614	0.938276	0.967261	0.927625	0.970691	0.965229	0.924846	0.928592	0.894768	0.960187	0.907754	0.920963	1.05806	1.06399	1.05794	1.03285	1.05479	1.03415	1.10752	1.10125	1.09863	1.10026	1.08136	1.08037	1.10559	1.06575	1.08522	1.08511	1.07614	1.08784	1.08668	1.07558	1.07973	1.09489	1.08146	1.07726	1.08207	1.06262	1.0879	1.06154	1.08402	1.08542	1.12729	1.12653	1.12109	1.12591	1.13154	1.12741	1.09006	1.05965	1.0473	1.04629	1.11201	1.04539	1.12729	1.12653	1.12109	1.12591	1.13154	1.12741
ERR618717	0.853135	0.846614	0.834928	0.852716	0.864105	0.835629	0.91773	0.92872	0.91345	0.911101	0.879258	0.889365	0.746685	0.73939	0.74176	0.743349	0.744971	0	0.86184	0.867231	0.86506	0.871164	0.867227	0.862189	0.872202	0.88358	0.909001	0.880796	0.875576	0.875334	0.908787	0.926932	0.910382	0.908803	0.925656	0.927632	0.979965	0.933376	0.962993	0.922289	0.966208	0.960779	0.919964	0.924196	0.889731	0.956999	0.902902	0.916284	1.05244	1.05887	1.05216	1.02651	1.04922	1.02818	1.10421	1.0973	1.09494	1.09647	1.07707	1.07591	1.10104	1.06077	1.08035	1.0802	1.07114	1.08357	1.08212	1.07068	1.07498	1.09082	1.07722	1.07278	1.07746	1.05769	1.08376	1.05637	1.0792	1.08057	1.12298	1.1224	1.11694	1.12155	1.12738	1.12319	1.08588	1.05505	1.04231	1.041	1.10898	1.04055	1.12298	1.1224	1.11694	1.12155	1.12738	1.12319
ERR637059	0.85211	0.842617	0.832565	0.851316	0.858756	0.833623	0.933416	0.940011	0.930157	0.927268	0.897252	0.905458	0.86762	0.862403	0.863097	0.863665	0.867195	0.86184	0	0.765187	0.763297	0.767655	0.765321	0.758717	0.848384	0.860283	0.884346	0.856933	0.85397	0.853815	0.916938	0.933161	0.917869	0.917341	0.930114	0.935135	0.985671	0.943129	0.972825	0.933789	0.976742	0.971151	0.924223	0.928926	0.891437	0.959769	0.904133	0.917507	1.04186	1.0454	1.04139	1.01591	1.03941	1.01732	1.10948	1.10504	1.10346	1.10418	1.08587	1.08503	1.09475	1.05456	1.07372	1.07355	1.06378	1.07669	1.08466	1.07426	1.07852	1.09183	1.07827	1.07414	1.08554	1.06633	1.08945	1.0654	1.08718	1.0886	1.12618	1.12508	1.11963	1.12403	1.13002	1.1262	1.08668	1.05684	1.04266	1.04112	1.10619	1.04024	1.12618	1.12508	1.11963	1.12403	1.13002	1.1262
ERR637060	0.854136	0.845604	0.836213	0.853401	0.861703	0.837487	0.936218	0.943766	0.933407	0.930032	0.90045	0.909059	0.872894	0.867738	0.868384	0.869264	0.872535	0.867231	0.765187	0	0.765384	0.775242	0.767293	0.766388	0.851303	0.862839	0.886714	0.859444	0.856546	0.855908	0.91953	0.936312	0.920596	0.919686	0.933085	0.937563	0.989954	0.947826	0.976609	0.938174	0.980332	0.975112	0.928354	0.932396	0.896186	0.963873	0.909161	0.922243	1.04498	1.04955	1.04462	1.01976	1.04251	1.02132	1.11278	1.10764	1.10569	1.10652	1.08835	1.0876	1.0982	1.0586	1.07754	1.07725	1.06809	1.08063	1.09007	1.07939	1.08357	1.09786	1.08423	1.08004	1.08919	1.07058	1.09395	1.06942	1.09108	1.09224	1.13057	1.12987	1.12414	1.12857	1.13431	1.13066	1.0901	1.0601	1.04683	1.04528	1.11053	1.04438	1.13057	1.12987	1.12414	1.12857	1.13431	1.13066
ERR637062	0.852268	0.843807	0.833568	0.851314	0.860273	0.834749	0.935291	0.943116	0.931831	0.928907	0.899269	0.907746	0.870821	0.865384	0.865999	0.867129	0.870288	0.86506	0.763297	0.765384	0	0.773568	0.765037	0.764402	0.849278	0.861143	0.885946	0.858093	0.854773	0.854435	0.917601	0.934082	0.918567	0.917894	0.931569	0.936122	0.98875	0.945857	0.974782	0.936249	0.978739	0.972921	0.925982	0.930296	0.893681	0.961987	0.906952	0.919852	1.04373	1.04836	1.04325	1.01818	1.04116	1.01947	1.11074	1.10506	1.10291	1.10391	1.0859	1.08491	1.09709	1.05685	1.07622	1.07612	1.06646	1.07905	1.08792	1.07715	1.08156	1.09592	1.08249	1.07814	1.08667	1.06801	1.09162	1.0667	1.08818	1.08962	1.1285	1.12799	1.12238	1.12677	1.13276	1.12885	1.08846	1.05803	1.04465	1.04318	1.10938	1.0425	1.1285	1.12799	1.12238	1.12677	1.13276	1.12885
ERR637057	0.858151	0.849957	0.840397	0.857422	0.865063	0.841783	0.937483	0.944164	0.934639	0.931198	0.902579	0.910296	0.876512	0.871763	0.87193	0.873027	0.876018	0.871164	0.767655	0.775242	0.773568	0	0.77517	0.769061	0.855051	0.865986	0.88946	0.86291	0.859859	0.860073	0.923496	0.939356	0.924354	0.923362	0.936469	0.941255	0.991281	0.950111	0.978521	0.940498	0.982646	0.977326	0.930614	0.935252	0.899107	0.965372	0.91144	0.92429	1.04804	1.05195	1.04754	1.02283	1.04556	1.02412	1.11473	1.11043	1.10849	1.10919	1.09147	1.09051	1.09949	1.05987	1.07889	1.07882	1.06949	1.08208	1.09215	1.08163	1.08577	1.09926	1.08622	1.08192	1.092	1.07332	1.09609	1.07242	1.09365	1.09517	1.13223	1.13157	1.12612	1.13036	1.13608	1.13257	1.09212	1.06273	1.0496	1.048	1.11186	1.047	1.13223	1.13157	1.12612	1.13036	1.13608	1.13257
ERR637061	0.854213	0.845638	0.835948	0.85331	0.861834	0.83715	0.936114	0.94365	0.932936	0.929836	0.900594	0.908976	0.872767	0.867203	0.868051	0.86925	0.872131	0.867227	0.765321	0.767293	0.765037	0.77517	0	0.766623	0.851125	0.86269	0.887344	0.859474	0.856419	0.855622	0.91921	0.935939	0.920232	0.919514	0.93278	0.937513	0.989853	0.94764	0.976322	0.938203	0.980257	0.974851	0.92728	0.932096	0.895846	0.963007	0.908901	0.921892	1.04528	1.0501	1.04462	1.01975	1.04271	1.02102	1.11237	1.10694	1.10503	1.10599	1.08765	1.08691	1.09805	1.05822	1.07737	1.07737	1.0678	1.08034	1.08939	1.07878	1.08303	1.09748	1.08383	1.07965	1.0886	1.06992	1.09351	1.0688	1.09036	1.09183	1.13007	1.1294	1.12362	1.12828	1.13427	1.13058	1.08993	1.05985	1.04643	1.04521	1.11069	1.04433	1.13007	1.1294	1.12362	1.12828	1.13427	1.13058
ERR637058	0.850031	0.841334	0.831336	0.849145	0.858815	0.832364	0.933416	0.942038	0.930273	0.926937	0.897281	0.905772	0.868223	0.8629	0.863416	0.86423	0.867774	0.862189	0.758717	0.766388	0.764402	0.769061	0.766623	0	0.847001	0.859184	0.885171	0.856172	0.852298	0.851907	0.916156	0.933189	0.917381	0.916352	0.930779	0.934835	0.988034	0.944129	0.973483	0.934282	0.977561	0.971807	0.923804	0.92785	0.891522	0.960473	0.904975	0.918094	1.0415	1.04641	1.041	1.01529	1.03829	1.0168	1.10824	1.10254	1.10035	1.10157	1.08286	1.08164	1.09529	1.0548	1.0744	1.07442	1.06487	1.07738	1.08572	1.07494	1.07906	1.09382	1.08038	1.07593	1.08424	1.06503	1.08949	1.06364	1.08605	1.08734	1.12644	1.12578	1.12029	1.12503	1.13077	1.12687	1.08619	1.05554	1.04218	1.04086	1.10778	1.03985	1.12644	1.12578	1.12029	1.12503	1.13077	1.12687
ERR608679	0.839673	0.834505	0.82504	0.838541	0.852291	0.825865	0.936814	0.948897	0.93341	0.930996	0.902855	0.911564	0.877974	0.87094	0.872181	0.872924	0.876701	0.872202	0.848384	0.851303	0.849278	0.855051	0.851125	0.847001	0	0.796922	0.829797	0.794995	0.789456	0.788324	0.931839	0.94853	0.933261	0.932685	0.949423	0.950121	1.00658	0.962751	0.989492	0.952886	0.99283	0.987945	0.920877	0.924799	0.891488	0.959012	0.905512	0.917532	1.04895	1.05694	1.04876	1.02365	1.0461	1.02532	1.11201	1.10403	1.10167	1.10351	1.08484	1.08356	1.10595	1.06707	1.08629	1.08588	1.07753	1.08878	1.102	1.09129	1.09554	1.11082	1.09841	1.09425	1.08992	1.07172	1.09744	1.07044	1.09237	1.09345	1.13815	1.13774	1.13275	1.13737	1.14282	1.13865	1.08815	1.05768	1.04654	1.04563	1.113	1.045	1.13815	1.13774	1.13275	1.13737	1.14282	1.13865
ERR608678	0.851263	0.845935	0.837775	0.850114	0.861916	0.838591	0.943172	0.954678	0.940564	0.938224	0.911725	0.919457	0.889322	0.882707	0.884321	0.885015	0.888129	0.88358	0.860283	0.862839	0.861143	0.865986	0.86269	0.859184	0.796922	0	0.838134	0.80682	0.801851	0.80117	0.940215	0.95599	0.941729	0.940521	0.955957	0.957609	1.01383	0.971966	0.997509	0.962637	1.00101	0.996222	0.931018	0.93459	0.90331	0.96671	0.915468	0.927007	1.05737	1.06441	1.05709	1.03297	1.05426	1.03461	1.11916	1.11206	1.10982	1.11155	1.09378	1.0925	1.11209	1.07495	1.09321	1.09303	1.08473	1.09573	1.10957	1.09953	1.10334	1.11786	1.10577	1.10175	1.09869	1.08124	1.10527	1.08007	1.10068	1.10171	1.14511	1.14473	1.13987	1.14418	1.14935	1.14546	1.09459	1.06593	1.05528	1.05419	1.11798	1.05353	1.14511	1.14473	1.13987	1.14418	1.14935	1.14546
ERR608677	0.881025	0.875434	0.869357	0.880292	0.885124	0.870511	0.961745	0.966295	0.959052	0.956837	0.93398	0.939223	0.91267	0.909567	0.909601	0.910065	0.911934	0.909001	0.884346	0.886714	0.885946	0.88946	0.887344	0.885171	0.829797	0.838134	0	0.836643	0.835157	0.834153	0.964242	0.97716	0.965072	0.96453	0.974521	0.978667	1.02842	0.994045	1.01788	0.986569	1.021	1.01642	0.953579	0.956411	0.927641	0.982645	0.937517	0.947405	1.07876	1.08216	1.07843	1.05753	1.07637	1.05868	1.13845	1.13507	1.13381	1.1347	1.11934	1.11866	1.1275	1.09429	1.1104	1.10973	1.10197	1.1128	1.12711	1.11865	1.12206	1.13305	1.12193	1.11812	1.1214	1.10555	1.12441	1.10473	1.12296	1.12403	1.16125	1.16034	1.15574	1.15968	1.16451	1.16151	1.11394	1.08944	1.07828	1.07709	1.13118	1.0767	1.16125	1.16034	1.15574	1.15968	1.16451	1.16151
ERR608682	0.847443	0.842772	0.834019	0.846221	0.8586	0.834754	0.941144	0.952171	0.938675	0.936337	0.909787	0.917462	0.886113	0.879352	0.881047	0.881181	0.884905	0.880796	0.856933	0.859444	0.858093	0.86291	0.859474	0.856172	0.794995	0.80682	0.836643	0	0.795778	0.794627	0.938031	0.952963	0.938951	0.938215	0.95329	0.954473	1.01162	0.970189	0.995924	0.960505	0.998948	0.994482	0.928102	0.931687	0.900465	0.963711	0.912811	0.924311	1.05611	1.06299	1.05579	1.03205	1.05302	1.03351	1.11837	1.1113	1.10901	1.11062	1.09291	1.09177	1.11108	1.07371	1.0921	1.09189	1.0834	1.09479	1.10893	1.09922	1.1028	1.11732	1.10541	1.10145	1.09789	1.0803	1.10429	1.07922	1.09975	1.10092	1.14441	1.14384	1.13914	1.14349	1.14891	1.14488	1.09388	1.06498	1.05424	1.05321	1.11708	1.05259	1.14441	1.14384	1.13914	1.14349	1.14891	1.14488
ERR608681	0.841456	0.836826	0.827662	0.840634	0.855335	0.828048	0.938783	0.952185	0.935614	0.93308	0.905872	0.914415	0.881868	0.873895	0.875345	0.876183	0.879912	0.875576	0.85397	0.856546	0.854773	0.859859	0.856419	0.852298	0.789456	0.801851	0.835157	0.795778	0	0.78862	0.932714	0.949038	0.933888	0.933142	0.950355	0.950711	1.01065	0.96675	0.992618	0.956317	0.995834	0.991087	0.923841	0.927816	0.895759	0.961703	0.909136	0.920694	1.05195	1.05981	1.05142	1.0263	1.04841	1.02815	1.11429	1.10583	1.10334	1.10545	1.08669	1.08526	1.10922	1.0708	1.08987	1.0895	1.08142	1.09228	1.10561	1.09544	1.09926	1.11511	1.10235	1.09853	1.09266	1.07445	1.10021	1.07317	1.09512	1.09614	1.14154	1.14113	1.13608	1.14081	1.14609	1.14177	1.08956	1.05923	1.04863	1.04797	1.11534	1.04748	1.14154	1.14113	1.13608	1.14081	1.14609	1.14177
ERR608680	0.841036	0.836601	0.827299	0.840011	0.855086	0.827891	0.937968	0.952046	0.935225	0.933097	0.90543	0.91375	0.881707	0.873891	0.875557	0.876133	0.880029	0.875334	0.853815	0.855908	0.854435	0.860073	0.855622	0.851907	0.788324	0.80117	0.834153	0.794627	0.78862	0	0.932259	0.94842	0.933467	0.932611	0.949699	0.950191	1.0104	0.966499	0.99257	0.955936	0.995671	0.990725	0.923458	0.926977	0.89539	0.961356	0.908572	0.920587	1.05069	1.05935	1.05075	1.02541	1.04767	1.02727	1.11323	1.10515	1.10228	1.10447	1.08552	1.08399	1.10807	1.06965	1.08884	1.08856	1.08028	1.0913	1.10532	1.09486	1.09886	1.11504	1.10227	1.09833	1.09182	1.07339	1.09973	1.07234	1.09433	1.09555	1.1406	1.14047	1.13558	1.14005	1.14535	1.14138	1.08895	1.05842	1.04804	1.04729	1.11495	1.04668	1.1406	1.14047	1.13558	1.14005	1.14535	1.14138
ERR617294	0.910277	0.908506	0.899681	0.910473	0.924875	0.90067	0.953457	0.966881	0.950195	0.94803	0.926093	0.934385	0.915157	0.905882	0.907456	0.908375	0.911926	0.908787	0.916938	0.91953	0.917601	0.923496	0.91921	0.916156	0.931839	0.940215	0.964242	0.938031	0.932714	0.932259	0	0.82356	0.801604	0.800903	0.828112	0.823742	0.977468	0.936084	0.959084	0.926501	0.962088	0.957769	0.986966	0.989879	0.964534	1.01821	0.975864	0.985903	1.09744	1.10589	1.09765	1.07486	1.09373	1.0764	1.1446	1.13607	1.13311	1.13513	1.11792	1.11677	1.14618	1.11203	1.12885	1.12863	1.12186	1.13123	1.13847	1.12903	1.13243	1.14695	1.1357	1.13205	1.1243	1.10744	1.1322	1.10615	1.12664	1.12777	1.17003	1.16974	1.16543	1.16956	1.17437	1.17039	1.11705	1.08876	1.08036	1.0801	1.14319	1.07929	1.17003	1.16974	1.16543	1.16956	1.17437	1.17039
ERR617291	0.928927	0.92669	0.918851	0.928937	0.940487	0.920104	0.965523	0.977102	0.962084	0.960333	0.940842	0.948277	0.932096	0.923888	0.925781	0.926488	0.929695	0.926932	0.933161	0.936312	0.934082	0.939356	0.935939	0.933189	0.94853	0.95599	0.97716	0.952963	0.949038	0.94842	0.82356	0	0.82433	0.823615	0.838083	0.835667	0.990663	0.953756	0.97466	0.945071	0.977413	0.973269	1.00125	1.0038	0.980314	1.0299	0.990676	1.00022	1.1091	1.11631	1.10923	1.08819	1.10614	1.08962	1.15422	1.1468	1.14421	1.14622	1.12984	1.12919	1.15601	1.12395	1.13941	1.13953	1.1326	1.14192	1.14856	1.13991	1.14277	1.15618	1.14553	1.14207	1.13597	1.12017	1.14261	1.1189	1.13807	1.13899	1.17871	1.17844	1.17408	1.17796	1.18261	1.17898	1.12738	1.10126	1.09332	1.09307	1.1514	1.09213	1.17871	1.17844	1.17408	1.17796	1.18261	1.17898
ERR617293	0.911465	0.909404	0.900594	0.911553	0.925699	0.901684	0.954211	0.967286	0.950331	0.948309	0.926753	0.934806	0.916525	0.907082	0.908875	0.909652	0.913314	0.910382	0.917869	0.920596	0.918567	0.924354	0.920232	0.917381	0.933261	0.941729	0.965072	0.938951	0.933888	0.933467	0.801604	0.82433	0	0.801391	0.827758	0.824011	0.977759	0.936724	0.95922	0.926672	0.963048	0.957727	0.988092	0.990689	0.965764	1.01943	0.977162	0.987268	1.09808	1.10657	1.09852	1.07575	1.0945	1.0774	1.14499	1.13682	1.13381	1.13599	1.11876	1.11736	1.14689	1.11279	1.12965	1.12959	1.12255	1.13188	1.13916	1.12988	1.13299	1.1477	1.13633	1.13256	1.12502	1.10855	1.13269	1.10709	1.1275	1.12846	1.17059	1.17004	1.16592	1.17004	1.17505	1.17104	1.11772	1.08942	1.08118	1.08095	1.14367	1.08021	1.17059	1.17004	1.16592	1.17004	1.17505	1.17104
ERR617292	0.911153	0.908668	0.899646	0.910953	0.925	0.90106	0.953907	0.966342	0.950009	0.947978	0.926138	0.934276	0.91505	0.905766	0.907751	0.9082	0.912115	0.908803	0.917341	0.919686	0.917894	0.923362	0.919514	0.916352	0.932685	0.940521	0.96453	0.938215	0.933142	0.932611	0.800903	0.823615	0.801391	0	0.827111	0.823069	0.976635	0.935356	0.958215	0.925618	0.961902	0.957178	0.986746	0.990118	0.964538	1.01818	0.975905	0.986374	1.09794	1.1064	1.09819	1.07579	1.09456	1.0772	1.14484	1.13678	1.13351	1.13572	1.11856	1.1172	1.14676	1.1125	1.12951	1.12934	1.1223	1.13185	1.13862	1.12902	1.13236	1.14689	1.13558	1.13199	1.12462	1.10787	1.13232	1.10662	1.12692	1.128	1.17014	1.16988	1.16543	1.16944	1.17443	1.17041	1.11768	1.08933	1.08103	1.08079	1.14346	1.0801	1.17014	1.16988	1.16543	1.16944	1.17443	1.17041
ERR617289	0.93182	0.928204	0.921387	0.93167	0.940246	0.922336	0.963625	0.971881	0.960456	0.958317	0.939085	0.945556	0.930405	0.924373	0.925114	0.925585	0.928538	0.925656	0.930114	0.933085	0.931569	0.936469	0.93278	0.930779	0.949423	0.955957	0.974521	0.95329	0.950355	0.949699	0.828112	0.838083	0.827758	0.827111	0	0.838549	0.985841	0.951844	0.973114	0.94351	0.976265	0.971863	1.00115	1.00385	0.979492	1.02817	0.989024	0.998333	1.11033	1.11593	1.11055	1.09031	1.10769	1.09175	1.15727	1.15212	1.14986	1.15121	1.13624	1.13526	1.15571	1.12405	1.13952	1.13916	1.13247	1.14162	1.14812	1.13974	1.14309	1.15486	1.14394	1.14065	1.13927	1.12373	1.14402	1.1228	1.14084	1.1417	1.17927	1.17883	1.17469	1.17807	1.18282	1.1795	1.13052	1.10579	1.09693	1.0965	1.15115	1.09553	1.17927	1.17883	1.17469	1.17807	1.18282	1.1795
ERR617290	0.929813	0.927547	0.920129	0.929659	0.942173	0.921185	0.965894	0.977907	0.963077	0.960636	0.941539	0.948894	0.932707	0.92471	0.925985	0.926922	0.930333	0.927632	0.935135	0.937563	0.936122	0.941255	0.937513	0.934835	0.950121	0.957609	0.978667	0.954473	0.950711	0.950191	0.823742	0.835667	0.824011	0.823069	0.838549	0	0.991556	0.954481	0.975614	0.946084	0.978742	0.974314	1.00201	1.0049	0.981769	1.03062	0.991515	1.00084	1.11088	1.1183	1.11098	1.08992	1.10757	1.09127	1.15592	1.14871	1.14633	1.14785	1.13179	1.13083	1.15748	1.12537	1.14124	1.14131	1.13452	1.1434	1.15017	1.14134	1.14461	1.15784	1.14689	1.14375	1.13752	1.12164	1.14425	1.12058	1.13972	1.1407	1.18041	1.18003	1.17588	1.17969	1.18409	1.18061	1.12876	1.1027	1.09482	1.09453	1.15286	1.09384	1.18041	1.18003	1.17588	1.17969	1.18409	1.18061
ERR608871	0.995297	0.98811	0.981392	0.99488	0.997957	0.982479	1.00733	1.00681	1.00452	1.00285	0.98212	0.986652	0.983846	0.980531	0.981285	0.982004	0.983614	0.979965	0.985671	0.989954	0.98875	0.991281	0.989853	0.988034	1.00658	1.01383	1.02842	1.01162	1.01065	1.0104	0.977468	0.990663	0.977759	0.976635	0.985841	0.991556	0	0.821144	0.839955	0.819192	0.842119	0.837917	1.04906	1.05216	1.02557	1.07154	1.03323	1.04319	1.12442	1.12395	1.12397	1.10554	1.12237	1.10602	1.16947	1.16892	1.16757	1.16765	1.15406	1.15359	1.15585	1.12572	1.13983	1.13978	1.13206	1.14218	1.14401	1.13696	1.14006	1.1474	1.13722	1.13356	1.14665	1.13165	1.14656	1.13124	1.14764	1.14902	1.17672	1.17583	1.17134	1.17461	1.1793	1.17663	1.14727	1.12549	1.11394	1.1129	1.15836	1.11211	1.17672	1.17583	1.17134	1.17461	1.1793	1.17663
ERR608872	0.950407	0.943675	0.934047	0.949944	0.957863	0.935179	0.974475	0.980491	0.971141	0.969056	0.943408	0.950653	0.939368	0.933129	0.934532	0.935351	0.938276	0.933376	0.943129	0.947826	0.945857	0.950111	0.94764	0.944129	0.962751	0.971966	0.994045	0.970189	0.96675	0.966499	0.936084	0.953756	0.936724	0.935356	0.951844	0.954481	0.821144	0	0.81112	0.777261	0.813473	0.808145	1.00989	1.0137	0.984117	1.0398	0.994422	1.00575	1.09066	1.09419	1.09005	1.06799	1.0879	1.069	1.1407	1.13671	1.13403	1.13544	1.11848	1.11757	1.12958	1.09422	1.11135	1.11122	1.10303	1.11388	1.11573	1.10663	1.11	1.12203	1.11019	1.10626	1.11357	1.09578	1.11691	1.09495	1.11545	1.11641	1.15106	1.15011	1.14536	1.14913	1.15458	1.15097	1.11781	1.09129	1.07937	1.07819	1.13615	1.07722	1.15106	1.15011	1.14536	1.14913	1.15458	1.15097
ERR608875	0.976475	0.970889	0.962427	0.975686	0.983824	0.963162	0.995803	1.00229	0.992751	0.990893	0.968476	0.974907	0.96836	0.962381	0.96355	0.963919	0.967261	0.962993	0.972825	0.976609	0.974782	0.978521	0.976322	0.973483	0.989492	0.997509	1.01788	0.995924	0.992618	0.99257	0.959084	0.97466	0.95922	0.958215	0.973114	0.975614	0.839955	0.81112	0	0.805464	0.826976	0.82259	1.03438	1.03731	1.01142	1.06206	1.02092	1.03101	1.11087	1.11478	1.11068	1.09027	1.10832	1.09106	1.15712	1.15293	1.15046	1.15183	1.13603	1.1351	1.14825	1.11546	1.13125	1.13122	1.12376	1.13354	1.13582	1.12699	1.13052	1.14202	1.13123	1.12743	1.1319	1.11594	1.13589	1.11495	1.13373	1.13483	1.16786	1.16722	1.16268	1.16649	1.17154	1.16809	1.13602	1.11127	1.1006	1.09984	1.15346	1.09886	1.16786	1.16722	1.16268	1.16649	1.17154	1.16809
ERR608873	0.939238	0.932717	0.922683	0.938837	0.948954	0.923697	0.96742	0.97531	0.963952	0.961831	0.934369	0.94279	0.929343	0.921973	0.92351	0.92456	0.927625	0.922289	0.933789	0.938174	0.936249	0.940498	0.938203	0.934282	0.952886	0.962637	0.986569	0.960505	0.956317	0.955936	0.926501	0.945071	0.926672	0.925618	0.94351	0.946084	0.819192	0.777261	0.805464	0	0.808754	0.802784	1.0012	1.00488	0.974542	1.03309	0.985558	0.997462	1.08299	1.08756	1.08266	1.05927	1.07993	1.06035	1.13392	1.12893	1.12595	1.12748	1.10946	1.10857	1.12393	1.08726	1.10497	1.10495	1.09657	1.10762	1.10927	1.09932	1.10324	1.11685	1.10434	1.10018	1.10561	1.08754	1.11035	1.0864	1.10792	1.10894	1.14515	1.14424	1.13948	1.14331	1.14898	1.14511	1.11141	1.08309	1.07094	1.07009	1.13132	1.06914	1.14515	1.14424	1.13948	1.14331	1.14898	1.14511
ERR608876	0.980243	0.974619	0.966284	0.980048	0.987837	0.96722	0.998875	1.00605	0.996317	0.994101	0.972023	0.978665	0.971883	0.966157	0.96719	0.967536	0.970691	0.966208	0.976742	0.980332	0.978739	0.982646	0.980257	0.977561	0.99283	1.00101	1.021	0.998948	0.995834	0.995671	0.962088	0.977413	0.963048	0.961902	0.976265	0.978742	0.842119	0.813473	0.826976	0.808754	0	0.82501	1.03716	1.04039	1.01424	1.06456	1.02347	1.03402	1.11291	1.11689	1.11265	1.09233	1.11048	1.09326	1.15843	1.15418	1.15166	1.15325	1.13743	1.13655	1.14984	1.1175	1.13277	1.13293	1.12559	1.13523	1.13726	1.12873	1.13189	1.14356	1.13277	1.12885	1.13335	1.11749	1.13736	1.11651	1.13509	1.13644	1.16935	1.16859	1.16417	1.16766	1.1728	1.16938	1.13763	1.11282	1.10228	1.10108	1.15468	1.1004	1.16935	1.16859	1.16417	1.16766	1.1728	1.16938
ERR608874	0.974657	0.969199	0.960854	0.974316	0.982208	0.961571	0.994857	1.00137	0.991353	0.989625	0.967042	0.973759	0.966335	0.960322	0.961342	0.962235	0.965229	0.960779	0.971151	0.975112	0.972921	0.977326	0.974851	0.971807	0.987945	0.996222	1.01642	0.994482	0.991087	0.990725	0.957769	0.973269	0.957727	0.957178	0.971863	0.974314	0.837917	0.808145	0.82259	0.802784	0.82501	0	1.03285	1.03611	1.00945	1.06064	1.01932	1.02954	1.10946	1.11362	1.10946	1.08862	1.10715	1.08967	1.15584	1.15143	1.14885	1.15026	1.13435	1.13352	1.14708	1.11402	1.12984	1.12968	1.12224	1.1322	1.13411	1.12562	1.12872	1.1405	1.12933	1.12576	1.13027	1.11441	1.13441	1.1133	1.13223	1.13327	1.16666	1.16598	1.16161	1.16501	1.17026	1.16684	1.13439	1.10977	1.09909	1.09802	1.15186	1.09734	1.16666	1.16598	1.16161	1.16501	1.17026	1.16684
ERR613447	0.913826	0.909327	0.900639	0.913695	0.923676	0.901519	0.984521	0.994921	0.981371	0.979571	0.954738	0.962594	0.924839	0.91938	0.920322	0.920533	0.924846	0.919964	0.924223	0.928354	0.925982	0.930614	0.92728	0.923804	0.920877	0.931018	0.953579	0.928102	0.923841	0.923458	0.986966	1.00125	0.988092	0.986746	1.00115	1.00201	1.04906	1.00989	1.03438	1.0012	1.03716	1.03285	0	0.791385	0.772008	0.817502	0.780484	0.789686	1.04432	1.043	1.0401	1.01788	1.04074	1.0175	1.12562	1.11857	1.11703	1.11835	1.10116	1.10024	1.01949	1.00083	1.00992	1.00995	1.00512	1.01136	1.12013	1.1105	1.11428	1.1287	1.11694	1.11283	1.1055	1.08824	1.11164	1.08745	1.10721	1.1087	1.04128	1.04149	1.03909	1.04107	1.04351	1.04132	1.11596	1.08934	1.0783	1.07721	1.13726	1.07683	1.04128	1.04149	1.03909	1.04107	1.04351	1.04132
ERR613446	0.917666	0.913262	0.904645	0.917779	0.927337	0.905655	0.986792	0.997002	0.983141	0.981697	0.95738	0.965291	0.928627	0.923258	0.924239	0.924588	0.928592	0.924196	0.928926	0.932396	0.930296	0.935252	0.932096	0.92785	0.924799	0.93459	0.956411	0.931687	0.927816	0.926977	0.989879	1.0038	0.990689	0.990118	1.00385	1.0049	1.05216	1.0137	1.03731	1.00488	1.04039	1.03611	0.791385	0	0.776412	0.819612	0.784485	0.792696	1.04701	1.04555	1.04247	1.02057	1.04294	1.02018	1.12817	1.12126	1.11942	1.12122	1.10419	1.10282	1.02141	1.00352	1.01227	1.01242	1.00796	1.0135	1.12331	1.11372	1.11718	1.13159	1.12011	1.11625	1.10855	1.09145	1.1149	1.09072	1.11032	1.11166	1.04385	1.04425	1.04187	1.04352	1.04609	1.04375	1.11857	1.09215	1.08127	1.08026	1.13964	1.07983	1.04385	1.04425	1.04187	1.04352	1.04609	1.04375
ERR613443	0.885775	0.879826	0.869471	0.88588	0.895696	0.870351	0.962446	0.971655	0.959095	0.95702	0.928527	0.937351	0.894716	0.889241	0.890341	0.890698	0.894768	0.889731	0.891437	0.896186	0.893681	0.899107	0.895846	0.891522	0.891488	0.90331	0.927641	0.900465	0.895759	0.89539	0.964534	0.980314	0.965764	0.964538	0.979492	0.981769	1.02557	0.984117	1.01142	0.974542	1.01424	1.00945	0.772008	0.776412	0	0.806332	0.753264	0.764634	1.02844	1.02699	1.02427	0.999814	1.02425	0.999736	1.10925	1.10349	1.10168	1.10327	1.08452	1.08334	1.00863	0.983383	0.995266	0.995547	0.988859	0.997182	1.10028	1.08957	1.0936	1.10841	1.09543	1.09141	1.08685	1.068	1.09212	1.06716	1.08891	1.08998	1.02713	1.0269	1.02372	1.02651	1.02961	1.02716	1.09837	1.06969	1.05721	1.05633	1.12012	1.05567	1.02713	1.0269	1.02372	1.02651	1.02961	1.02716
ERR613448	0.953029	0.948366	0.941614	0.953163	0.957997	0.942289	1.01223	1.0178	1.00963	1.00812	0.987162	0.992786	0.959684	0.957009	0.957285	0.957594	0.960187	0.956999	0.959769	0.963873	0.961987	0.965372	0.963007	0.960473	0.959012	0.96671	0.982645	0.963711	0.961703	0.961356	1.01821	1.0299	1.01943	1.01818	1.02817	1.03062	1.07154	1.0398	1.06206	1.03309	1.06456	1.06064	0.817502	0.819612	0.806332	0	0.810212	0.816234	1.06818	1.06133	1.06296	1.04372	1.06465	1.04289	1.14901	1.1458	1.14501	1.1458	1.13128	1.13075	1.03019	1.01952	1.02466	1.02477	1.02093	1.02505	1.14221	1.13417	1.13724	1.1479	1.13744	1.13402	1.13299	1.11768	1.13551	1.11708	1.13409	1.13527	1.05451	1.05463	1.05318	1.05396	1.05556	1.05444	1.13918	1.11655	1.10585	1.10483	1.15497	1.10448	1.05451	1.05463	1.05318	1.05396	1.05556	1.05444
ERR613445	0.899657	0.89379	0.884532	0.899655	0.90715	0.885425	0.970952	0.978581	0.967728	0.965928	0.939651	0.947318	0.907246	0.9036	0.903759	0.904414	0.907754	0.902902	0.904133	0.909161	0.906952	0.91144	0.908901	0.904975	0.905512	0.915468	0.937517	0.912811	0.909136	0.908572	0.975864	0.990676	0.977162	0.975905	0.989024	0.991515	1.03323	0.994422	1.02092	0.985558	1.02347	1.01932	0.780484	0.784485	0.753264	0.810212	0	0.772919	1.03579	1.03292	1.03166	1.00851	1.0322	1.00815	1.11805	1.11352	1.11226	1.11328	1.09584	1.09503	1.01159	0.989633	0.99997	0.999913	0.993765	1.00178	1.10792	1.09824	1.10219	1.11528	1.10308	1.09895	1.09653	1.079	1.1007	1.07799	1.09821	1.09945	1.03185	1.03153	1.02863	1.03107	1.03391	1.03212	1.10661	1.07977	1.06748	1.06602	1.12598	1.06562	1.03185	1.03153	1.02863	1.03107	1.03391	1.03212
ERR613444	0.912252	0.906614	0.897947	0.912135	0.919598	0.899074	0.980278	0.987766	0.977024	0.975422	0.950125	0.95749	0.920004	0.916889	0.917156	0.917363	0.920963	0.916284	0.917507	0.922243	0.919852	0.92429	0.921892	0.918094	0.917532	0.927007	0.947405	0.924311	0.920694	0.920587	0.985903	1.00022	0.987268	0.986374	0.998333	1.00084	1.04319	1.00575	1.03101	0.997462	1.03402	1.02954	0.789686	0.792696	0.764634	0.816234	0.772919	0	1.04381	1.03987	1.03921	1.01682	1.0401	1.01674	1.12684	1.1225	1.12127	1.12245	1.10552	1.10464	1.0157	0.996653	1.00593	1.00573	1.00037	1.0072	1.11729	1.10775	1.11159	1.12417	1.11225	1.10846	1.1065	1.08931	1.11017	1.08845	1.10786	1.10917	1.03777	1.03779	1.03546	1.03705	1.03947	1.03798	1.11499	1.08918	1.07736	1.07594	1.13352	1.07558	1.03777	1.03779	1.03546	1.03705	1.03947	1.03798
