	ERR613666	ERR613669	ERR613667	ERR613668	ERR613670	ERR613665	ERR630233	ERR630231	ERR630235	ERR630232	ERR630230	ERR630234	ERR637059	ERR637060	ERR637062	ERR637057	ERR637061	ERR637058	ERR608597	ERR608601	ERR608599	ERR608598	ERR608600	ERR608602	ERR608395	ERR608398	ERR608397	ERR608396	ERR608400	ERR608399	ERR636894	ERR636891	ERR636890	ERR636893	ERR636889	ERR636892	ERR630233	ERR630231	ERR630235	ERR630232	ERR630230	ERR630234	ERR636863	ERR636864	ERR636860	ERR636862	ERR636861	ERR636859	ERR612182	ERR612183	ERR612181	ERR612180	ERR612179	ERR612184	ERR616711	ERR616707	ERR616706	ERR616708	ERR616709	ERR616710	ERR605475	ERR605476	ERR605478	ERR605477	ERR605473	ERR605474	ERR616804	ERR616801	ERR616799	ERR616803	ERR616802	ERR616800	ERR617501	ERR617499	ERR617504	ERR617500	ERR617502	ERR617503	ERR612966	ERR612964	ERR612967	ERR612968	ERR612963	ERR612965	ERR616153	ERR616148	ERR616152	ERR616150	ERR616151	ERR616149	ERR638269	ERR638267	ERR638268	ERR638272	ERR638271	ERR638270
ERR613666	4.43701e+08	2.84728e+08	3.01385e+08	2.87462e+08	2.31977e+08	3.22991e+08	1.67637e+08	1.34613e+08	1.52003e+08	1.28151e+08	1.60109e+08	1.65112e+08	2.94695e+08	2.77583e+08	2.83393e+08	2.69939e+08	2.78498e+08	2.91582e+08	8.75315e+07	1.23686e+08	1.2988e+08	1.18199e+08	1.24312e+08	1.24675e+08	1.60554e+08	2.25005e+08	2.2384e+08	2.01332e+08	2.03897e+08	2.30023e+08	2.48947e+08	2.94989e+08	2.99097e+08	2.46575e+08	2.65848e+08	2.52683e+08	1.67637e+08	1.34613e+08	1.52003e+08	1.28151e+08	1.60109e+08	1.65112e+08	2.79205e+08	2.81163e+08	3.41973e+08	2.86726e+08	3.3769e+08	3.0074e+08	1.52487e+08	1.23196e+08	1.52194e+08	1.52808e+08	1.58907e+08	1.45875e+08	1.59305e+08	1.31486e+08	1.2766e+08	1.18709e+08	1.5926e+08	1.59188e+08	2.19554e+08	2.3229e+08	2.32243e+08	2.36324e+08	2.47786e+08	2.34443e+08	2.05938e+08	2.44474e+08	2.18693e+08	2.05945e+08	2.09479e+08	2.30818e+08	1.64588e+08	1.5781e+08	1.29946e+08	1.63878e+08	1.3941e+08	1.46812e+08	1.7084e+08	1.4538e+08	1.64199e+08	1.67642e+08	2.21355e+08	2.00799e+08	1.88256e+08	1.42734e+08	1.83473e+08	1.35467e+08	1.82707e+08	1.57588e+08	1.30566e+08	1.33137e+08	1.365e+08	1.66634e+08	1.81604e+08	1.81253e+08
ERR613669	2.84728e+08	3.74537e+08	2.72403e+08	2.62531e+08	2.11795e+08	2.91967e+08	1.49468e+08	1.20024e+08	1.35267e+08	1.1436e+08	1.42946e+08	1.47512e+08	2.63462e+08	2.48327e+08	2.53463e+08	2.41608e+08	2.49165e+08	2.61184e+08	7.89927e+07	1.12193e+08	1.18056e+08	1.07246e+08	1.12998e+08	1.13017e+08	1.44145e+08	2.03109e+08	2.01757e+08	1.81382e+08	1.83793e+08	2.07479e+08	2.24094e+08	2.65571e+08	2.69819e+08	2.22163e+08	2.39736e+08	2.27539e+08	1.49468e+08	1.20024e+08	1.35267e+08	1.1436e+08	1.42946e+08	1.47512e+08	2.51388e+08	2.53098e+08	3.08402e+08	2.58236e+08	3.03536e+08	2.71101e+08	1.37947e+08	1.1157e+08	1.37506e+08	1.3775e+08	1.43617e+08	1.31876e+08	1.42759e+08	1.17993e+08	1.14589e+08	1.0666e+08	1.42652e+08	1.42657e+08	1.98857e+08	2.10726e+08	2.10676e+08	2.14229e+08	2.24286e+08	2.1208e+08	1.84149e+08	2.19339e+08	1.95203e+08	1.83879e+08	1.87145e+08	2.07188e+08	1.48865e+08	1.41956e+08	1.17257e+08	1.48188e+08	1.26093e+08	1.32794e+08	1.53895e+08	1.30482e+08	1.47927e+08	1.51004e+08	1.99124e+08	1.80169e+08	1.7075e+08	1.29694e+08	1.66326e+08	1.23631e+08	1.65751e+08	1.43306e+08	1.17116e+08	1.19302e+08	1.22291e+08	1.48574e+08	1.63056e+08	1.62634e+08
ERR613667	3.01385e+08	2.72403e+08	4.09131e+08	2.74836e+08	2.22057e+08	3.08085e+08	1.5876e+08	1.2746e+08	1.43972e+08	1.21444e+08	1.51682e+08	1.56433e+08	2.79593e+08	2.63137e+08	2.68596e+08	2.56062e+08	2.64021e+08	2.7654e+08	8.34194e+07	1.17809e+08	1.23952e+08	1.12745e+08	1.18674e+08	1.18824e+08	1.52474e+08	2.1363e+08	2.12467e+08	1.91153e+08	1.93641e+08	2.18337e+08	2.36672e+08	2.8026e+08	2.84221e+08	2.34577e+08	2.52762e+08	2.4026e+08	1.5876e+08	1.2746e+08	1.43972e+08	1.21444e+08	1.51682e+08	1.56433e+08	2.65173e+08	2.67027e+08	3.24589e+08	2.72221e+08	3.20093e+08	2.8542e+08	1.45036e+08	1.1715e+08	1.44719e+08	1.45234e+08	1.50933e+08	1.38807e+08	1.51009e+08	1.24729e+08	1.21041e+08	1.12565e+08	1.51036e+08	1.50873e+08	2.09575e+08	2.2161e+08	2.21608e+08	2.25315e+08	2.36072e+08	2.23426e+08	1.95388e+08	2.31809e+08	2.07231e+08	1.95233e+08	1.98549e+08	2.19136e+08	1.56159e+08	1.49564e+08	1.23227e+08	1.55436e+08	1.3231e+08	1.39422e+08	1.62241e+08	1.38008e+08	1.55874e+08	1.59155e+08	2.10036e+08	1.90519e+08	1.78474e+08	1.35297e+08	1.73924e+08	1.28528e+08	1.73105e+08	1.49491e+08	1.23779e+08	1.26152e+08	1.29279e+08	1.57625e+08	1.72195e+08	1.71667e+08
ERR613668	2.87462e+08	2.62531e+08	2.74836e+08	3.80002e+08	2.13648e+08	2.94433e+08	1.50567e+08	1.20808e+08	1.36163e+08	1.15274e+08	1.43943e+08	1.48575e+08	2.6624e+08	2.50853e+08	2.56151e+08	2.43989e+08	2.51642e+08	2.63882e+08	7.97964e+07	1.13135e+08	1.19122e+08	1.08316e+08	1.14068e+08	1.14116e+08	1.45572e+08	2.051e+08	2.03771e+08	1.83117e+08	1.85556e+08	2.094e+08	2.26477e+08	2.68319e+08	2.72551e+08	2.24509e+08	2.42194e+08	2.30013e+08	1.50567e+08	1.20808e+08	1.36163e+08	1.15274e+08	1.43943e+08	1.48575e+08	2.53965e+08	2.557e+08	3.1148e+08	2.60656e+08	3.06708e+08	2.73884e+08	1.38761e+08	1.12169e+08	1.38171e+08	1.38656e+08	1.44564e+08	1.32731e+08	1.43758e+08	1.18825e+08	1.15364e+08	1.07392e+08	1.43782e+08	1.43627e+08	2.00195e+08	2.12045e+08	2.1204e+08	2.15594e+08	2.25716e+08	2.13562e+08	1.86121e+08	2.21551e+08	1.97295e+08	1.85845e+08	1.89113e+08	2.0927e+08	1.49704e+08	1.43054e+08	1.18013e+08	1.49186e+08	1.26946e+08	1.33624e+08	1.5513e+08	1.31374e+08	1.48984e+08	1.52024e+08	2.00688e+08	1.81624e+08	1.71761e+08	1.30444e+08	1.67261e+08	1.24426e+08	1.66795e+08	1.44102e+08	1.1798e+08	1.20235e+08	1.23191e+08	1.49779e+08	1.64412e+08	1.63722e+08
ERR613670	2.31977e+08	2.11795e+08	2.22057e+08	2.13648e+08	2.63758e+08	2.37053e+08	1.16658e+08	9.372e+07	1.05916e+08	8.93512e+07	1.11573e+08	1.15146e+08	2.08197e+08	1.96143e+08	2.00133e+08	1.90866e+08	1.96681e+08	2.06017e+08	6.38285e+07	8.97184e+07	9.42536e+07	8.59006e+07	9.04317e+07	9.04135e+07	1.14444e+08	1.59974e+08	1.59129e+08	1.43188e+08	1.45259e+08	1.63553e+08	1.78551e+08	2.11201e+08	2.14145e+08	1.76978e+08	1.90491e+08	1.81254e+08	1.16658e+08	9.372e+07	1.05916e+08	8.93512e+07	1.11573e+08	1.15146e+08	1.99203e+08	2.00542e+08	2.4324e+08	2.0451e+08	2.39916e+08	2.14274e+08	1.0918e+08	8.82276e+07	1.08908e+08	1.09198e+08	1.13697e+08	1.04471e+08	1.11228e+08	9.18724e+07	8.92156e+07	8.29929e+07	1.11123e+08	1.11097e+08	1.60714e+08	1.69765e+08	1.69799e+08	1.72523e+08	1.80235e+08	1.71127e+08	1.46091e+08	1.73161e+08	1.54682e+08	1.46031e+08	1.48427e+08	1.63579e+08	1.1531e+08	1.1045e+08	9.10595e+07	1.14865e+08	9.77606e+07	1.029e+08	1.20378e+08	1.02347e+08	1.15776e+08	1.18134e+08	1.55994e+08	1.41347e+08	1.32019e+08	1.00187e+08	1.28634e+08	9.53874e+07	1.28261e+08	1.1069e+08	9.13619e+07	9.31966e+07	9.54738e+07	1.16244e+08	1.27055e+08	1.26743e+08
ERR613665	3.22991e+08	2.91967e+08	3.08085e+08	2.94433e+08	2.37053e+08	4.6244e+08	1.72712e+08	1.38617e+08	1.56403e+08	1.32177e+08	1.65073e+08	1.70314e+08	3.02614e+08	2.84845e+08	2.91085e+08	2.77113e+08	2.85853e+08	2.99617e+08	8.94293e+07	1.26994e+08	1.33445e+08	1.21363e+08	1.2773e+08	1.28001e+08	1.64705e+08	2.31652e+08	2.30316e+08	2.06998e+08	2.09681e+08	2.36747e+08	2.55118e+08	3.0266e+08	3.07364e+08	2.52874e+08	2.7291e+08	2.591e+08	1.72712e+08	1.38617e+08	1.56403e+08	1.32177e+08	1.65073e+08	1.70314e+08	2.86752e+08	2.88734e+08	3.51856e+08	2.94367e+08	3.46858e+08	3.09136e+08	1.57579e+08	1.27326e+08	1.57003e+08	1.57616e+08	1.6413e+08	1.50712e+08	1.64743e+08	1.35916e+08	1.32047e+08	1.22798e+08	1.64636e+08	1.64515e+08	2.2568e+08	2.39013e+08	2.38981e+08	2.4313e+08	2.54981e+08	2.40979e+08	2.1117e+08	2.51085e+08	2.23825e+08	2.11012e+08	2.14595e+08	2.37006e+08	1.70836e+08	1.6336e+08	1.34706e+08	1.70018e+08	1.44625e+08	1.52286e+08	1.76843e+08	1.50224e+08	1.69845e+08	1.73378e+08	2.28768e+08	2.07294e+08	1.95653e+08	1.48498e+08	1.90535e+08	1.41311e+08	1.89926e+08	1.6424e+08	1.3495e+08	1.37483e+08	1.40966e+08	1.7179e+08	1.8779e+08	1.8726e+08
ERR630233	1.67637e+08	1.49468e+08	1.5876e+08	1.50567e+08	1.16658e+08	1.72712e+08	5.29959e+08	3.24856e+08	3.6096e+08	3.07925e+08	3.76468e+08	3.87356e+08	2.25703e+08	2.1042e+08	2.15379e+08	2.04408e+08	2.11379e+08	2.22915e+08	5.43797e+07	7.88809e+07	8.351e+07	7.52655e+07	7.93058e+07	7.9533e+07	1.16492e+08	1.6675e+08	1.65712e+08	1.48231e+08	1.49433e+08	1.70278e+08	1.65399e+08	2.00708e+08	2.036e+08	1.63908e+08	1.78286e+08	1.6825e+08	5.29959e+08	3.24856e+08	3.6096e+08	3.07925e+08	3.76468e+08	3.87356e+08	1.85649e+08	1.87437e+08	2.32038e+08	1.91137e+08	2.29147e+08	2.01569e+08	2.25237e+08	1.8291e+08	2.24133e+08	2.25772e+08	2.3488e+08	2.15337e+08	2.66242e+08	2.21868e+08	2.15044e+08	2.00906e+08	2.66734e+08	2.66741e+08	2.91143e+08	3.09747e+08	3.10601e+08	3.15442e+08	3.31139e+08	3.13047e+08	1.4904e+08	1.80921e+08	1.61127e+08	1.49286e+08	1.51489e+08	1.70719e+08	2.82823e+08	2.71929e+08	2.25487e+08	2.82425e+08	2.4058e+08	2.53453e+08	2.73471e+08	2.3401e+08	2.63007e+08	2.6807e+08	3.4798e+08	3.17696e+08	2.92494e+08	2.239e+08	2.85407e+08	2.13976e+08	2.83778e+08	2.46905e+08	2.15195e+08	2.18869e+08	2.24002e+08	2.7175e+08	2.96105e+08	2.95252e+08
ERR630231	1.34613e+08	1.20024e+08	1.2746e+08	1.20808e+08	9.372e+07	1.38617e+08	3.24856e+08	3.83146e+08	3.01269e+08	2.58237e+08	3.14263e+08	3.21891e+08	1.81221e+08	1.68979e+08	1.73057e+08	1.64245e+08	1.69667e+08	1.78854e+08	4.36605e+07	6.32986e+07	6.69865e+07	6.03549e+07	6.35247e+07	6.3717e+07	9.35741e+07	1.33788e+08	1.3289e+08	1.18937e+08	1.19838e+08	1.36691e+08	1.32751e+08	1.61125e+08	1.63422e+08	1.31617e+08	1.43176e+08	1.35119e+08	3.24856e+08	3.83146e+08	3.01269e+08	2.58237e+08	3.14263e+08	3.21891e+08	1.48963e+08	1.50385e+08	1.85879e+08	1.53376e+08	1.83694e+08	1.61546e+08	1.83842e+08	1.49535e+08	1.83079e+08	1.84406e+08	1.9163e+08	1.75738e+08	2.16885e+08	1.80917e+08	1.75473e+08	1.64022e+08	2.17394e+08	2.17349e+08	2.37162e+08	2.52201e+08	2.52764e+08	2.56991e+08	2.69497e+08	2.54934e+08	1.19871e+08	1.45276e+08	1.2947e+08	1.20002e+08	1.21818e+08	1.37204e+08	2.312e+08	2.22568e+08	1.84864e+08	2.30903e+08	1.96924e+08	2.07472e+08	2.22712e+08	1.91035e+08	2.14223e+08	2.18487e+08	2.83022e+08	2.58655e+08	2.37433e+08	1.8206e+08	2.31617e+08	1.74033e+08	2.30364e+08	2.00577e+08	1.75066e+08	1.77986e+08	1.82178e+08	2.21032e+08	2.40308e+08	2.39802e+08
ERR630235	1.52003e+08	1.35267e+08	1.43972e+08	1.36163e+08	1.05916e+08	1.56403e+08	3.6096e+08	3.01269e+08	4.61368e+08	2.85496e+08	3.48303e+08	3.57458e+08	2.04989e+08	1.90847e+08	1.95298e+08	1.85609e+08	1.91739e+08	2.02004e+08	4.95175e+07	7.15839e+07	7.5751e+07	6.82608e+07	7.18694e+07	7.21594e+07	1.05842e+08	1.50796e+08	1.49991e+08	1.34272e+08	1.35264e+08	1.54176e+08	1.49981e+08	1.819e+08	1.84369e+08	1.48753e+08	1.61579e+08	1.52654e+08	3.6096e+08	3.01269e+08	4.61368e+08	2.85496e+08	3.48303e+08	3.57458e+08	1.68234e+08	1.69791e+08	2.0969e+08	1.73164e+08	2.0753e+08	1.82234e+08	2.05192e+08	1.66844e+08	2.04525e+08	2.0612e+08	2.13919e+08	1.96262e+08	2.42677e+08	2.02327e+08	1.96094e+08	1.83151e+08	2.43289e+08	2.43284e+08	2.65228e+08	2.81815e+08	2.82634e+08	2.87204e+08	3.01245e+08	2.84853e+08	1.35567e+08	1.63955e+08	1.46359e+08	1.35669e+08	1.37676e+08	1.54735e+08	2.57656e+08	2.48051e+08	2.05884e+08	2.57199e+08	2.19373e+08	2.31036e+08	2.48892e+08	2.13579e+08	2.39559e+08	2.4407e+08	3.16705e+08	2.89531e+08	2.64878e+08	2.02925e+08	2.5865e+08	1.93706e+08	2.57157e+08	2.23458e+08	1.95783e+08	1.99402e+08	2.03907e+08	2.4795e+08	2.6916e+08	2.68621e+08
ERR630232	1.28151e+08	1.1436e+08	1.21444e+08	1.15274e+08	8.93512e+07	1.32177e+08	3.07925e+08	2.58237e+08	2.85496e+08	3.52066e+08	2.98123e+08	3.05162e+08	1.725e+08	1.60976e+08	1.64765e+08	1.56282e+08	1.61655e+08	1.70486e+08	4.15645e+07	6.03788e+07	6.38668e+07	5.74562e+07	6.05532e+07	6.08045e+07	8.89994e+07	1.27677e+08	1.26739e+08	1.13353e+08	1.1418e+08	1.30315e+08	1.26378e+08	1.53374e+08	1.55705e+08	1.25286e+08	1.36405e+08	1.28662e+08	3.07925e+08	2.58237e+08	2.85496e+08	3.52066e+08	2.98123e+08	3.05162e+08	1.4191e+08	1.43218e+08	1.77209e+08	1.45987e+08	1.75008e+08	1.54017e+08	1.75537e+08	1.42754e+08	1.7471e+08	1.76068e+08	1.83157e+08	1.67724e+08	2.06955e+08	1.72879e+08	1.67555e+08	1.56706e+08	2.07405e+08	2.07478e+08	2.26147e+08	2.40504e+08	2.4132e+08	2.44957e+08	2.57145e+08	2.43221e+08	1.1394e+08	1.38332e+08	1.23203e+08	1.14081e+08	1.15759e+08	1.30587e+08	2.20817e+08	2.12418e+08	1.76675e+08	2.20497e+08	1.88208e+08	1.98232e+08	2.12792e+08	1.82182e+08	2.04585e+08	2.0852e+08	2.70154e+08	2.46672e+08	2.27025e+08	1.74404e+08	2.21663e+08	1.66837e+08	2.20289e+08	1.92019e+08	1.67282e+08	1.69947e+08	1.73972e+08	2.10668e+08	2.2947e+08	2.28905e+08
ERR630230	1.60109e+08	1.42946e+08	1.51682e+08	1.43943e+08	1.11573e+08	1.65073e+08	3.76468e+08	3.14263e+08	3.48303e+08	2.98123e+08	4.97177e+08	3.72922e+08	2.15608e+08	2.01235e+08	2.0593e+08	1.95289e+08	2.02057e+08	2.12998e+08	5.18693e+07	7.53362e+07	7.97873e+07	7.18202e+07	7.56497e+07	7.60118e+07	1.11339e+08	1.5951e+08	1.58516e+08	1.4171e+08	1.42791e+08	1.6302e+08	1.57929e+08	1.91608e+08	1.94477e+08	1.56532e+08	1.70339e+08	1.60686e+08	3.76468e+08	3.14263e+08	3.48303e+08	2.98123e+08	4.97177e+08	3.72922e+08	1.77453e+08	1.79107e+08	2.21752e+08	1.82615e+08	2.18905e+08	1.92681e+08	2.16178e+08	1.75703e+08	2.15281e+08	2.16809e+08	2.25594e+08	2.06634e+08	2.55207e+08	2.12866e+08	2.06283e+08	1.92876e+08	2.55786e+08	2.55855e+08	2.79155e+08	2.97123e+08	2.97676e+08	3.02614e+08	3.17663e+08	3.00261e+08	1.42389e+08	1.72916e+08	1.53886e+08	1.42643e+08	1.44704e+08	1.6316e+08	2.71747e+08	2.61283e+08	2.16776e+08	2.71322e+08	2.31366e+08	2.43615e+08	2.62173e+08	2.24462e+08	2.52111e+08	2.57128e+08	3.33675e+08	3.04626e+08	2.80555e+08	2.15083e+08	2.73744e+08	2.05689e+08	2.72254e+08	2.36922e+08	2.06514e+08	2.09785e+08	2.14793e+08	2.60422e+08	2.83912e+08	2.83248e+08
ERR630234	1.65112e+08	1.47512e+08	1.56433e+08	1.48575e+08	1.15146e+08	1.70314e+08	3.87356e+08	3.21891e+08	3.57458e+08	3.05162e+08	3.72922e+08	5.20572e+08	2.22493e+08	2.07567e+08	2.1249e+08	2.01681e+08	2.08394e+08	2.19789e+08	5.35572e+07	7.78292e+07	8.23598e+07	7.41541e+07	7.81475e+07	7.83873e+07	1.14853e+08	1.64575e+08	1.63571e+08	1.46206e+08	1.47353e+08	1.68212e+08	1.62974e+08	1.97832e+08	2.0078e+08	1.61572e+08	1.75891e+08	1.65915e+08	3.87356e+08	3.21891e+08	3.57458e+08	3.05162e+08	3.72922e+08	5.20572e+08	1.83167e+08	1.8482e+08	2.28824e+08	1.8857e+08	2.25988e+08	1.98862e+08	2.23094e+08	1.81073e+08	2.22041e+08	2.23556e+08	2.32548e+08	2.13183e+08	2.63525e+08	2.19783e+08	2.12916e+08	1.98992e+08	2.64121e+08	2.63976e+08	2.87663e+08	3.06134e+08	3.06925e+08	3.12031e+08	3.27375e+08	3.09192e+08	1.4687e+08	1.78434e+08	1.58634e+08	1.47175e+08	1.49291e+08	1.68384e+08	2.80352e+08	2.69391e+08	2.23544e+08	2.79881e+08	2.38559e+08	2.51372e+08	2.70763e+08	2.31556e+08	2.60206e+08	2.65311e+08	3.44508e+08	3.14306e+08	2.89641e+08	2.21852e+08	2.82538e+08	2.12297e+08	2.81245e+08	2.44583e+08	2.12942e+08	2.16429e+08	2.21623e+08	2.6871e+08	2.93058e+08	2.92348e+08
ERR637059	2.94695e+08	2.63462e+08	2.79593e+08	2.6624e+08	2.08197e+08	3.02614e+08	2.25703e+08	1.81221e+08	2.04989e+08	1.725e+08	2.15608e+08	2.22493e+08	5.91188e+08	4.01079e+08	4.09183e+08	3.90825e+08	4.02137e+08	4.22632e+08	1.01062e+08	1.43989e+08	1.51723e+08	1.37809e+08	1.45113e+08	1.45404e+08	2.06178e+08	2.90185e+08	2.87988e+08	2.59005e+08	2.62207e+08	2.96176e+08	2.98511e+08	3.54391e+08	3.5948e+08	2.96239e+08	3.19752e+08	3.0342e+08	2.25703e+08	1.81221e+08	2.04989e+08	1.725e+08	2.15608e+08	2.22493e+08	3.35164e+08	3.37864e+08	4.12156e+08	3.44231e+08	4.0709e+08	3.61574e+08	1.88196e+08	1.51876e+08	1.87094e+08	1.88416e+08	1.96077e+08	1.79887e+08	2.16172e+08	1.78237e+08	1.73084e+08	1.60852e+08	2.16064e+08	2.16052e+08	2.47787e+08	2.63959e+08	2.63823e+08	2.6908e+08	2.83394e+08	2.66953e+08	2.64869e+08	3.14468e+08	2.80559e+08	2.64485e+08	2.69143e+08	2.96775e+08	2.22737e+08	2.13613e+08	1.75447e+08	2.21731e+08	1.88631e+08	1.98524e+08	2.24009e+08	1.90891e+08	2.15352e+08	2.20146e+08	2.89729e+08	2.62915e+08	2.54525e+08	1.93108e+08	2.48105e+08	1.83626e+08	2.47121e+08	2.13331e+08	1.76808e+08	1.80337e+08	1.84741e+08	2.25733e+08	2.46057e+08	2.45366e+08
ERR637060	2.77583e+08	2.48327e+08	2.63137e+08	2.50853e+08	1.96143e+08	2.84845e+08	2.1042e+08	1.68979e+08	1.90847e+08	1.60976e+08	2.01235e+08	2.07567e+08	4.01079e+08	5.29831e+08	3.86597e+08	3.67138e+08	3.79988e+08	3.97025e+08	9.52161e+07	1.35813e+08	1.43056e+08	1.29949e+08	1.36778e+08	1.37155e+08	1.94181e+08	2.73368e+08	2.7139e+08	2.44102e+08	2.47211e+08	2.79192e+08	2.81607e+08	3.3376e+08	3.38666e+08	2.79426e+08	3.01573e+08	2.86168e+08	2.1042e+08	1.68979e+08	1.90847e+08	1.60976e+08	2.01235e+08	2.07567e+08	3.15562e+08	3.18096e+08	3.88197e+08	3.24209e+08	3.83139e+08	3.40363e+08	1.76023e+08	1.4218e+08	1.75097e+08	1.76188e+08	1.83479e+08	1.68394e+08	2.02004e+08	1.6685e+08	1.61672e+08	1.50366e+08	2.01809e+08	2.01717e+08	2.31354e+08	2.46822e+08	2.46605e+08	2.5149e+08	2.64896e+08	2.49453e+08	2.49687e+08	2.96392e+08	2.64292e+08	2.4935e+08	2.53643e+08	2.79693e+08	2.08322e+08	1.99765e+08	1.64153e+08	2.07695e+08	1.76491e+08	1.85944e+08	2.097e+08	1.78514e+08	2.01565e+08	2.06177e+08	2.70946e+08	2.45794e+08	2.38846e+08	1.81155e+08	2.32852e+08	1.72604e+08	2.31797e+08	2.00081e+08	1.65343e+08	1.68515e+08	1.72582e+08	2.10811e+08	2.30115e+08	2.29527e+08
ERR637062	2.83393e+08	2.53463e+08	2.68596e+08	2.56151e+08	2.00133e+08	2.91085e+08	2.15379e+08	1.73057e+08	1.95298e+08	1.64765e+08	2.0593e+08	2.1249e+08	4.09183e+08	3.86597e+08	5.49322e+08	3.74442e+08	3.8779e+08	4.05069e+08	9.71342e+07	1.38586e+08	1.46045e+08	1.32642e+08	1.39584e+08	1.39972e+08	1.98067e+08	2.79199e+08	2.77181e+08	2.49067e+08	2.52239e+08	2.8483e+08	2.87286e+08	3.40506e+08	3.4583e+08	2.84944e+08	3.07822e+08	2.91938e+08	2.15379e+08	1.73057e+08	1.95298e+08	1.64765e+08	2.0593e+08	2.1249e+08	3.22129e+08	3.25002e+08	3.96592e+08	3.31019e+08	3.91232e+08	3.47867e+08	1.80304e+08	1.45539e+08	1.7921e+08	1.80412e+08	1.87999e+08	1.72551e+08	2.06897e+08	1.70732e+08	1.65612e+08	1.54078e+08	2.06695e+08	2.06595e+08	2.37063e+08	2.52722e+08	2.52524e+08	2.57599e+08	2.71333e+08	2.55544e+08	2.54351e+08	3.02151e+08	2.69432e+08	2.54005e+08	2.58357e+08	2.85119e+08	2.13595e+08	2.04613e+08	1.68275e+08	2.1265e+08	1.80962e+08	1.90515e+08	2.14525e+08	1.82521e+08	2.06269e+08	2.10808e+08	2.77186e+08	2.51449e+08	2.44862e+08	1.85851e+08	2.38659e+08	1.77021e+08	2.37755e+08	2.05322e+08	1.69123e+08	1.7249e+08	1.76757e+08	2.15818e+08	2.35472e+08	2.34864e+08
ERR637057	2.69939e+08	2.41608e+08	2.56062e+08	2.43989e+08	1.90866e+08	2.77113e+08	2.04408e+08	1.64245e+08	1.85609e+08	1.56282e+08	1.95289e+08	2.01681e+08	3.90825e+08	3.67138e+08	3.74442e+08	5.05665e+08	3.68152e+08	3.86739e+08	9.27787e+07	1.32162e+08	1.39282e+08	1.26669e+08	1.3316e+08	1.33425e+08	1.8903e+08	2.65606e+08	2.63828e+08	2.37251e+08	2.40204e+08	2.71293e+08	2.74312e+08	3.24881e+08	3.29514e+08	2.72092e+08	2.93726e+08	2.78632e+08	2.04408e+08	1.64245e+08	1.85609e+08	1.56282e+08	1.95289e+08	2.01681e+08	3.06954e+08	3.09613e+08	3.77371e+08	3.15331e+08	3.72554e+08	3.31296e+08	1.70677e+08	1.37759e+08	1.69829e+08	1.70908e+08	1.77818e+08	1.6325e+08	1.96089e+08	1.61838e+08	1.57013e+08	1.45928e+08	1.95964e+08	1.96044e+08	2.24589e+08	2.39387e+08	2.39231e+08	2.44006e+08	2.56934e+08	2.42005e+08	2.43196e+08	2.8829e+08	2.57377e+08	2.42939e+08	2.46904e+08	2.72488e+08	2.02114e+08	1.9375e+08	1.59224e+08	2.01359e+08	1.71208e+08	1.80303e+08	2.03359e+08	1.73194e+08	1.95478e+08	1.99846e+08	2.62871e+08	2.38537e+08	2.31416e+08	1.75495e+08	2.25428e+08	1.67033e+08	2.24498e+08	1.93877e+08	1.60394e+08	1.63503e+08	1.67488e+08	2.04559e+08	2.23148e+08	2.22694e+08
ERR637061	2.78498e+08	2.49165e+08	2.64021e+08	2.51642e+08	1.96681e+08	2.85853e+08	2.11379e+08	1.69667e+08	1.91739e+08	1.61655e+08	2.02057e+08	2.08394e+08	4.02137e+08	3.79988e+08	3.8779e+08	3.68152e+08	5.32817e+08	3.98003e+08	9.55282e+07	1.36123e+08	1.43521e+08	1.30323e+08	1.3713e+08	1.37512e+08	1.9462e+08	2.7433e+08	2.72217e+08	2.44931e+08	2.47935e+08	2.79839e+08	2.82516e+08	3.34746e+08	3.39696e+08	2.80194e+08	3.02439e+08	2.86816e+08	2.11379e+08	1.69667e+08	1.91739e+08	1.61655e+08	2.02057e+08	2.08394e+08	3.16675e+08	3.19277e+08	3.89521e+08	3.25246e+08	3.84478e+08	3.41675e+08	1.76688e+08	1.42609e+08	1.75647e+08	1.76835e+08	1.84136e+08	1.68994e+08	2.02709e+08	1.67351e+08	1.62368e+08	1.50973e+08	2.02629e+08	2.02514e+08	2.32439e+08	2.47682e+08	2.47645e+08	2.52558e+08	2.66203e+08	2.50588e+08	2.50168e+08	2.97009e+08	2.6509e+08	2.49779e+08	2.54261e+08	2.80665e+08	2.09414e+08	2.00554e+08	1.649e+08	2.08463e+08	1.77215e+08	1.86723e+08	2.10499e+08	1.79176e+08	2.0237e+08	2.06823e+08	2.71939e+08	2.46611e+08	2.40013e+08	1.82028e+08	2.33848e+08	1.73347e+08	2.32847e+08	2.01207e+08	1.65976e+08	1.69089e+08	1.73249e+08	2.11563e+08	2.31033e+08	2.30315e+08
ERR637058	2.91582e+08	2.61184e+08	2.7654e+08	2.63882e+08	2.06017e+08	2.99617e+08	2.22915e+08	1.78854e+08	2.02004e+08	1.70486e+08	2.12998e+08	2.19789e+08	4.22632e+08	3.97025e+08	4.05069e+08	3.86739e+08	3.98003e+08	5.8071e+08	9.98193e+07	1.42635e+08	1.50486e+08	1.36657e+08	1.43839e+08	1.44227e+08	2.03887e+08	2.87732e+08	2.8564e+08	2.56733e+08	2.59792e+08	2.93798e+08	2.96058e+08	3.51192e+08	3.56707e+08	2.93684e+08	3.17244e+08	3.00629e+08	2.22915e+08	1.78854e+08	2.02004e+08	1.70486e+08	2.12998e+08	2.19789e+08	3.3201e+08	3.34797e+08	4.09058e+08	3.41079e+08	4.03425e+08	3.58511e+08	1.86433e+08	1.50502e+08	1.85375e+08	1.86585e+08	1.94323e+08	1.78353e+08	2.14023e+08	1.76782e+08	1.71415e+08	1.59479e+08	2.13856e+08	2.13811e+08	2.45165e+08	2.6149e+08	2.61497e+08	2.66445e+08	2.80777e+08	2.64319e+08	2.61738e+08	3.11356e+08	2.77143e+08	2.61326e+08	2.65916e+08	2.93805e+08	2.2113e+08	2.117e+08	1.7407e+08	2.20285e+08	1.87281e+08	1.97299e+08	2.22239e+08	1.89035e+08	2.13487e+08	2.18355e+08	2.87125e+08	2.60327e+08	2.5344e+08	1.92514e+08	2.469e+08	1.83342e+08	2.46066e+08	2.12517e+08	1.75013e+08	1.7835e+08	1.82719e+08	2.22807e+08	2.43673e+08	2.42961e+08
ERR608597	8.75315e+07	7.89927e+07	8.34194e+07	7.97964e+07	6.38285e+07	8.94293e+07	5.43797e+07	4.36605e+07	4.95175e+07	4.15645e+07	5.18693e+07	5.35572e+07	1.01062e+08	9.52161e+07	9.71342e+07	9.27787e+07	9.55282e+07	9.98193e+07	6.50954e+08	7.94831e+08	8.26803e+08	7.68372e+08	8.00173e+08	8.01685e+08	5.82789e+07	7.94059e+07	7.8847e+07	7.16678e+07	7.26319e+07	8.10064e+07	8.78194e+07	1.02705e+08	1.03846e+08	8.70562e+07	9.34313e+07	8.9076e+07	5.43797e+07	4.36605e+07	4.95175e+07	4.15645e+07	5.18693e+07	5.35572e+07	9.9475e+07	1.00207e+08	1.19655e+08	1.0187e+08	1.18502e+08	1.06455e+08	4.58005e+07	3.71777e+07	4.55466e+07	4.58166e+07	4.77016e+07	4.39092e+07	5.19798e+07	4.29117e+07	4.15961e+07	3.85722e+07	5.19217e+07	5.18892e+07	5.91709e+07	6.30111e+07	6.30742e+07	6.42013e+07	6.76172e+07	6.37052e+07	7.13003e+07	8.40928e+07	7.53986e+07	7.11983e+07	7.24425e+07	7.96593e+07	5.43275e+07	5.21542e+07	4.30002e+07	5.40637e+07	4.60378e+07	4.84548e+07	5.42371e+07	4.64252e+07	5.22417e+07	5.34257e+07	7.00329e+07	6.37032e+07	6.13052e+07	4.65825e+07	5.98807e+07	4.42278e+07	5.94968e+07	5.1354e+07	4.29714e+07	4.37728e+07	4.48417e+07	5.47736e+07	5.95095e+07	5.93967e+07
ERR608601	1.23686e+08	1.12193e+08	1.17809e+08	1.13135e+08	8.97184e+07	1.26994e+08	7.88809e+07	6.32986e+07	7.15839e+07	6.03788e+07	7.53362e+07	7.78292e+07	1.43989e+08	1.35813e+08	1.38586e+08	1.32162e+08	1.36123e+08	1.42635e+08	7.94831e+08	1.1871e+09	1.15029e+09	1.05991e+09	1.11037e+09	1.11255e+09	8.21153e+07	1.13616e+08	1.12774e+08	1.02161e+08	1.03306e+08	1.15884e+08	1.2467e+08	1.46473e+08	1.48735e+08	1.23711e+08	1.33156e+08	1.26607e+08	7.88809e+07	6.32986e+07	7.15839e+07	6.03788e+07	7.53362e+07	7.78292e+07	1.41688e+08	1.42691e+08	1.71719e+08	1.45231e+08	1.69394e+08	1.52066e+08	6.69818e+07	5.43655e+07	6.66109e+07	6.68558e+07	6.98429e+07	6.43227e+07	7.5972e+07	6.275e+07	6.08354e+07	5.65332e+07	7.58966e+07	7.58392e+07	8.61978e+07	9.19312e+07	9.19462e+07	9.37088e+07	9.86966e+07	9.28445e+07	1.00779e+08	1.19829e+08	1.06586e+08	1.00678e+08	1.02363e+08	1.13163e+08	7.99697e+07	7.64181e+07	6.30673e+07	7.96297e+07	6.78706e+07	7.14483e+07	7.95022e+07	6.7661e+07	7.64799e+07	7.82495e+07	1.02431e+08	9.2973e+07	9.07788e+07	6.91746e+07	8.85615e+07	6.59843e+07	8.81541e+07	7.63215e+07	6.26902e+07	6.38995e+07	6.55014e+07	7.95692e+07	8.72056e+07	8.6884e+07
ERR608599	1.2988e+08	1.18056e+08	1.23952e+08	1.19122e+08	9.42536e+07	1.33445e+08	8.351e+07	6.69865e+07	7.5751e+07	6.38668e+07	7.97873e+07	8.23598e+07	1.51723e+08	1.43056e+08	1.46045e+08	1.39282e+08	1.43521e+08	1.50486e+08	8.26803e+08	1.15029e+09	1.29417e+09	1.10746e+09	1.15996e+09	1.16148e+09	8.64256e+07	1.20076e+08	1.19092e+08	1.07733e+08	1.09085e+08	1.22435e+08	1.31502e+08	1.5449e+08	1.57126e+08	1.30481e+08	1.40531e+08	1.33427e+08	8.351e+07	6.69865e+07	7.5751e+07	6.38668e+07	7.97873e+07	8.23598e+07	1.49392e+08	1.50348e+08	1.81233e+08	1.53133e+08	1.78638e+08	1.60424e+08	7.10036e+07	5.75794e+07	7.05034e+07	7.07379e+07	7.39777e+07	6.80304e+07	8.04274e+07	6.65123e+07	6.45339e+07	5.99645e+07	8.04399e+07	8.03283e+07	9.12385e+07	9.74387e+07	9.73877e+07	9.918e+07	1.04566e+08	9.83333e+07	1.05984e+08	1.26387e+08	1.12118e+08	1.05833e+08	1.07724e+08	1.19397e+08	8.48205e+07	8.09382e+07	6.67836e+07	8.45181e+07	7.20206e+07	7.58803e+07	8.42667e+07	7.16455e+07	8.10831e+07	8.28372e+07	1.0856e+08	9.8417e+07	9.64775e+07	7.35858e+07	9.40812e+07	7.02901e+07	9.37107e+07	8.12029e+07	6.64589e+07	6.76952e+07	6.94109e+07	8.41062e+07	9.24751e+07	9.2094e+07
ERR608598	1.18199e+08	1.07246e+08	1.12745e+08	1.08316e+08	8.59006e+07	1.21363e+08	7.52655e+07	6.03549e+07	6.82608e+07	5.74562e+07	7.18202e+07	7.41541e+07	1.37809e+08	1.29949e+08	1.32642e+08	1.26669e+08	1.30323e+08	1.36657e+08	7.68372e+08	1.05991e+09	1.10746e+09	1.10287e+09	1.06817e+09	1.06997e+09	7.88491e+07	1.09019e+08	1.08044e+08	9.79771e+07	9.92173e+07	1.1098e+08	1.19791e+08	1.40453e+08	1.42534e+08	1.18775e+08	1.27767e+08	1.215e+08	7.52655e+07	6.03549e+07	6.82608e+07	5.74562e+07	7.18202e+07	7.41541e+07	1.35764e+08	1.36584e+08	1.64184e+08	1.39062e+08	1.62143e+08	1.45552e+08	6.38788e+07	5.18045e+07	6.34696e+07	6.37769e+07	6.64804e+07	6.12322e+07	7.23615e+07	5.98543e+07	5.80301e+07	5.38076e+07	7.23071e+07	7.21952e+07	8.20396e+07	8.75506e+07	8.75174e+07	8.91518e+07	9.39293e+07	8.83453e+07	9.65166e+07	1.14808e+08	1.01993e+08	9.64011e+07	9.80383e+07	1.0856e+08	7.61696e+07	7.27922e+07	6.00692e+07	7.58345e+07	6.46235e+07	6.81658e+07	7.57562e+07	6.4529e+07	7.28825e+07	7.45022e+07	9.76333e+07	8.8601e+07	8.64699e+07	6.58301e+07	8.43627e+07	6.28107e+07	8.38884e+07	7.26751e+07	5.98709e+07	6.09883e+07	6.25777e+07	7.58384e+07	8.3186e+07	8.29425e+07
ERR608600	1.24312e+08	1.12998e+08	1.18674e+08	1.14068e+08	9.04317e+07	1.2773e+08	7.93058e+07	6.35247e+07	7.18694e+07	6.05532e+07	7.56497e+07	7.81475e+07	1.45113e+08	1.36778e+08	1.39584e+08	1.3316e+08	1.3713e+08	1.43839e+08	8.00173e+08	1.11037e+09	1.15996e+09	1.06817e+09	1.20528e+09	1.12104e+09	8.29227e+07	1.15025e+08	1.14048e+08	1.03231e+08	1.046e+08	1.17254e+08	1.26016e+08	1.4789e+08	1.50267e+08	1.24962e+08	1.34465e+08	1.27912e+08	7.93058e+07	6.35247e+07	7.18694e+07	6.05532e+07	7.56497e+07	7.81475e+07	1.43278e+08	1.44185e+08	1.73585e+08	1.46811e+08	1.71179e+08	1.53689e+08	6.7508e+07	5.47983e+07	6.70474e+07	6.73462e+07	7.03916e+07	6.47358e+07	7.62357e+07	6.31212e+07	6.11509e+07	5.68393e+07	7.62315e+07	7.61247e+07	8.64769e+07	9.2426e+07	9.24153e+07	9.39904e+07	9.91064e+07	9.31697e+07	1.01415e+08	1.20772e+08	1.07207e+08	1.01262e+08	1.03077e+08	1.14106e+08	8.06295e+07	7.69271e+07	6.3504e+07	8.01919e+07	6.83932e+07	7.20685e+07	7.99183e+07	6.81164e+07	7.70007e+07	7.87793e+07	1.03082e+08	9.3493e+07	9.16312e+07	6.98847e+07	8.93101e+07	6.6721e+07	8.89659e+07	7.70538e+07	6.31727e+07	6.43186e+07	6.59993e+07	7.98874e+07	8.78311e+07	8.75107e+07
ERR608602	1.24675e+08	1.13017e+08	1.18824e+08	1.14116e+08	9.04135e+07	1.28001e+08	7.9533e+07	6.3717e+07	7.21594e+07	6.08045e+07	7.60118e+07	7.83873e+07	1.45404e+08	1.37155e+08	1.39972e+08	1.33425e+08	1.37512e+08	1.44227e+08	8.01685e+08	1.11255e+09	1.16148e+09	1.06997e+09	1.12104e+09	1.2088e+09	8.28094e+07	1.14804e+08	1.13852e+08	1.03116e+08	1.04429e+08	1.16984e+08	1.25985e+08	1.47994e+08	1.50324e+08	1.25038e+08	1.34562e+08	1.27943e+08	7.9533e+07	6.3717e+07	7.21594e+07	6.08045e+07	7.60118e+07	7.83873e+07	1.42973e+08	1.43901e+08	1.73133e+08	1.46464e+08	1.70939e+08	1.53441e+08	6.74843e+07	5.47525e+07	6.71389e+07	6.74088e+07	7.04018e+07	6.47817e+07	7.65473e+07	6.33127e+07	6.13456e+07	5.70408e+07	7.65507e+07	7.64469e+07	8.68064e+07	9.27682e+07	9.27048e+07	9.43658e+07	9.94879e+07	9.36602e+07	1.01635e+08	1.20785e+08	1.0747e+08	1.01504e+08	1.03305e+08	1.14231e+08	8.06572e+07	7.70293e+07	6.35547e+07	8.03073e+07	6.84464e+07	7.21121e+07	8.00727e+07	6.81777e+07	7.70769e+07	7.89122e+07	1.03316e+08	9.3711e+07	9.164e+07	6.97947e+07	8.93883e+07	6.66734e+07	8.90376e+07	7.70576e+07	6.32223e+07	6.44014e+07	6.61001e+07	8.01614e+07	8.79517e+07	8.76735e+07
ERR608395	1.60554e+08	1.44145e+08	1.52474e+08	1.45572e+08	1.14444e+08	1.64705e+08	1.16492e+08	9.35741e+07	1.05842e+08	8.89994e+07	1.11339e+08	1.14853e+08	2.06178e+08	1.94181e+08	1.98067e+08	1.8903e+08	1.9462e+08	2.03887e+08	5.82789e+07	8.21153e+07	8.64256e+07	7.88491e+07	8.29227e+07	8.28094e+07	2.1669e+08	1.81123e+08	1.80342e+08	1.63127e+08	1.64774e+08	1.84957e+08	1.60307e+08	1.89472e+08	1.92149e+08	1.58915e+08	1.71281e+08	1.62851e+08	1.16492e+08	9.35741e+07	1.05842e+08	8.89994e+07	1.11339e+08	1.14853e+08	1.86012e+08	1.87454e+08	2.26941e+08	1.91086e+08	2.2427e+08	2.00192e+08	9.77572e+07	7.89888e+07	9.72687e+07	9.78325e+07	1.0177e+08	9.35193e+07	1.11739e+08	9.20638e+07	8.94106e+07	8.31054e+07	1.11701e+08	1.11622e+08	1.27202e+08	1.35572e+08	1.35485e+08	1.38178e+08	1.45486e+08	1.3704e+08	1.51967e+08	1.79709e+08	1.60409e+08	1.51647e+08	1.54268e+08	1.69827e+08	1.16245e+08	1.11405e+08	9.1839e+07	1.15783e+08	9.85479e+07	1.03838e+08	1.1589e+08	9.87135e+07	1.1138e+08	1.13962e+08	1.49778e+08	1.36021e+08	1.32919e+08	1.00837e+08	1.29511e+08	9.59044e+07	1.28978e+08	1.11273e+08	9.1691e+07	9.36004e+07	9.57938e+07	1.17029e+08	1.27501e+08	1.27236e+08
ERR608398	2.25005e+08	2.03109e+08	2.1363e+08	2.051e+08	1.59974e+08	2.31652e+08	1.6675e+08	1.33788e+08	1.50796e+08	1.27677e+08	1.5951e+08	1.64575e+08	2.90185e+08	2.73368e+08	2.79199e+08	2.65606e+08	2.7433e+08	2.87732e+08	7.94059e+07	1.13616e+08	1.20076e+08	1.09019e+08	1.15025e+08	1.14804e+08	1.81123e+08	3.79511e+08	2.53257e+08	2.28024e+08	2.31563e+08	2.61631e+08	2.25349e+08	2.67628e+08	2.72405e+08	2.235e+08	2.41935e+08	2.29092e+08	1.6675e+08	1.33788e+08	1.50796e+08	1.27677e+08	1.5951e+08	1.64575e+08	2.62041e+08	2.63966e+08	3.22547e+08	2.69037e+08	3.172e+08	2.83033e+08	1.41069e+08	1.1405e+08	1.401e+08	1.40663e+08	1.47087e+08	1.34951e+08	1.61504e+08	1.33473e+08	1.29428e+08	1.2059e+08	1.61364e+08	1.61148e+08	1.83152e+08	1.95656e+08	1.95562e+08	1.99381e+08	2.09953e+08	1.97495e+08	2.1128e+08	2.52291e+08	2.23308e+08	2.10812e+08	2.14463e+08	2.37736e+08	1.69373e+08	1.61499e+08	1.33165e+08	1.6875e+08	1.43669e+08	1.51333e+08	1.67811e+08	1.42169e+08	1.61171e+08	1.6482e+08	2.16573e+08	1.95813e+08	1.94883e+08	1.48088e+08	1.89639e+08	1.41781e+08	1.89137e+08	1.63788e+08	1.32139e+08	1.34732e+08	1.3799e+08	1.67371e+08	1.84275e+08	1.83637e+08
ERR608397	2.2384e+08	2.01757e+08	2.12467e+08	2.03771e+08	1.59129e+08	2.30316e+08	1.65712e+08	1.3289e+08	1.49991e+08	1.26739e+08	1.58516e+08	1.63571e+08	2.87988e+08	2.7139e+08	2.77181e+08	2.63828e+08	2.72217e+08	2.8564e+08	7.8847e+07	1.12774e+08	1.19092e+08	1.08044e+08	1.14048e+08	1.13852e+08	1.80342e+08	2.53257e+08	3.74271e+08	2.26819e+08	2.29061e+08	2.5848e+08	2.24014e+08	2.65815e+08	2.70554e+08	2.22316e+08	2.40353e+08	2.27707e+08	1.65712e+08	1.3289e+08	1.49991e+08	1.26739e+08	1.58516e+08	1.63571e+08	2.59907e+08	2.61951e+08	3.19712e+08	2.67104e+08	3.1459e+08	2.80642e+08	1.3981e+08	1.12981e+08	1.38879e+08	1.39539e+08	1.45802e+08	1.33823e+08	1.60119e+08	1.32274e+08	1.28277e+08	1.1951e+08	1.60053e+08	1.59832e+08	1.81863e+08	1.94284e+08	1.94156e+08	1.9789e+08	2.08364e+08	1.96114e+08	2.10302e+08	2.50834e+08	2.22217e+08	2.09998e+08	2.13533e+08	2.36396e+08	1.67545e+08	1.59987e+08	1.31958e+08	1.67083e+08	1.42152e+08	1.49729e+08	1.66289e+08	1.41077e+08	1.59779e+08	1.63361e+08	2.14705e+08	1.94229e+08	1.92498e+08	1.46301e+08	1.87455e+08	1.39854e+08	1.86879e+08	1.61819e+08	1.3112e+08	1.33632e+08	1.36846e+08	1.66415e+08	1.82702e+08	1.82083e+08
ERR608396	2.01332e+08	1.81382e+08	1.91153e+08	1.83117e+08	1.43188e+08	2.06998e+08	1.48231e+08	1.18937e+08	1.34272e+08	1.13353e+08	1.4171e+08	1.46206e+08	2.59005e+08	2.44102e+08	2.49067e+08	2.37251e+08	2.44931e+08	2.56733e+08	7.16678e+07	1.02161e+08	1.07733e+08	9.79771e+07	1.03231e+08	1.03116e+08	1.63127e+08	2.28024e+08	2.26819e+08	3.13689e+08	2.06573e+08	2.32857e+08	2.01517e+08	2.38938e+08	2.42881e+08	1.99898e+08	2.16082e+08	2.04803e+08	1.48231e+08	1.18937e+08	1.34272e+08	1.13353e+08	1.4171e+08	1.46206e+08	2.33924e+08	2.35475e+08	2.86962e+08	2.4024e+08	2.82542e+08	2.52291e+08	1.25068e+08	1.01008e+08	1.24247e+08	1.24752e+08	1.302e+08	1.19552e+08	1.42967e+08	1.18023e+08	1.14548e+08	1.06657e+08	1.42916e+08	1.42697e+08	1.62358e+08	1.73353e+08	1.73224e+08	1.76611e+08	1.8594e+08	1.75017e+08	1.89457e+08	2.25552e+08	2.00141e+08	1.89018e+08	1.92184e+08	2.12699e+08	1.49586e+08	1.42872e+08	1.17786e+08	1.49072e+08	1.26895e+08	1.33539e+08	1.48556e+08	1.2608e+08	1.42605e+08	1.45963e+08	1.91665e+08	1.73676e+08	1.71796e+08	1.30472e+08	1.6716e+08	1.24564e+08	1.66704e+08	1.44257e+08	1.17204e+08	1.19493e+08	1.22388e+08	1.48834e+08	1.6322e+08	1.62681e+08
ERR608400	2.03897e+08	1.83793e+08	1.93641e+08	1.85556e+08	1.45259e+08	2.09681e+08	1.49433e+08	1.19838e+08	1.35264e+08	1.1418e+08	1.42791e+08	1.47353e+08	2.62207e+08	2.47211e+08	2.52239e+08	2.40204e+08	2.47935e+08	2.59792e+08	7.26319e+07	1.03306e+08	1.09085e+08	9.92173e+07	1.046e+08	1.04429e+08	1.64774e+08	2.31563e+08	2.29061e+08	2.06573e+08	3.19607e+08	2.36482e+08	2.03983e+08	2.41869e+08	2.45788e+08	2.02326e+08	2.18631e+08	2.07293e+08	1.49433e+08	1.19838e+08	1.35264e+08	1.1418e+08	1.42791e+08	1.47353e+08	2.3696e+08	2.38728e+08	2.90802e+08	2.43457e+08	2.86394e+08	2.55716e+08	1.25996e+08	1.01807e+08	1.25185e+08	1.25673e+08	1.31195e+08	1.20514e+08	1.44131e+08	1.19018e+08	1.15372e+08	1.07419e+08	1.44025e+08	1.43818e+08	1.63679e+08	1.74744e+08	1.74597e+08	1.7813e+08	1.87448e+08	1.76481e+08	1.922e+08	2.28556e+08	2.02846e+08	1.91644e+08	1.94857e+08	2.155e+08	1.50885e+08	1.44117e+08	1.18864e+08	1.50257e+08	1.27835e+08	1.34689e+08	1.49684e+08	1.27032e+08	1.43881e+08	1.47082e+08	1.93292e+08	1.75014e+08	1.73071e+08	1.31501e+08	1.68569e+08	1.25519e+08	1.68055e+08	1.45372e+08	1.18198e+08	1.20414e+08	1.23452e+08	1.50103e+08	1.64608e+08	1.64118e+08
ERR608399	2.30023e+08	2.07479e+08	2.18337e+08	2.094e+08	1.63553e+08	2.36747e+08	1.70278e+08	1.36691e+08	1.54176e+08	1.30315e+08	1.6302e+08	1.68212e+08	2.96176e+08	2.79192e+08	2.8483e+08	2.71293e+08	2.79839e+08	2.93798e+08	8.10064e+07	1.15884e+08	1.22435e+08	1.1098e+08	1.17254e+08	1.16984e+08	1.84957e+08	2.61631e+08	2.5848e+08	2.32857e+08	2.36482e+08	3.92635e+08	2.30148e+08	2.7327e+08	2.7818e+08	2.28264e+08	2.47021e+08	2.33951e+08	1.70278e+08	1.36691e+08	1.54176e+08	1.30315e+08	1.6302e+08	1.68212e+08	2.67324e+08	2.69485e+08	3.2925e+08	2.74987e+08	3.23848e+08	2.8893e+08	1.44033e+08	1.1638e+08	1.42857e+08	1.43636e+08	1.49939e+08	1.3782e+08	1.64831e+08	1.36249e+08	1.32001e+08	1.2309e+08	1.64673e+08	1.64437e+08	1.86998e+08	1.99837e+08	1.99746e+08	2.03536e+08	2.1436e+08	2.01764e+08	2.15995e+08	2.57729e+08	2.2815e+08	2.15516e+08	2.19194e+08	2.42912e+08	1.72828e+08	1.64777e+08	1.35862e+08	1.72194e+08	1.46641e+08	1.54411e+08	1.71293e+08	1.45035e+08	1.64408e+08	1.68261e+08	2.21042e+08	1.99926e+08	1.98672e+08	1.50888e+08	1.93316e+08	1.44505e+08	1.92838e+08	1.66973e+08	1.34929e+08	1.37436e+08	1.40822e+08	1.70998e+08	1.8815e+08	1.87522e+08
ERR636894	2.48947e+08	2.24094e+08	2.36672e+08	2.26477e+08	1.78551e+08	2.55118e+08	1.65399e+08	1.32751e+08	1.49981e+08	1.26378e+08	1.57929e+08	1.62974e+08	2.98511e+08	2.81607e+08	2.87286e+08	2.74312e+08	2.82516e+08	2.96058e+08	8.78194e+07	1.2467e+08	1.31502e+08	1.19791e+08	1.26016e+08	1.25985e+08	1.60307e+08	2.25349e+08	2.24014e+08	2.01517e+08	2.03983e+08	2.30148e+08	3.96018e+08	3.20509e+08	3.25161e+08	2.70366e+08	2.90764e+08	2.76828e+08	1.65399e+08	1.32751e+08	1.49981e+08	1.26378e+08	1.57929e+08	1.62974e+08	2.8242e+08	2.84621e+08	3.4494e+08	2.89862e+08	3.40525e+08	3.04062e+08	1.39546e+08	1.12859e+08	1.38755e+08	1.39484e+08	1.45335e+08	1.33497e+08	1.58384e+08	1.30862e+08	1.26913e+08	1.17985e+08	1.58285e+08	1.58104e+08	1.82333e+08	1.9427e+08	1.94158e+08	1.97821e+08	2.08193e+08	1.96241e+08	2.06285e+08	2.44416e+08	2.18346e+08	2.06044e+08	2.09588e+08	2.31299e+08	1.64504e+08	1.57375e+08	1.2955e+08	1.63868e+08	1.39551e+08	1.46934e+08	1.64192e+08	1.39866e+08	1.57857e+08	1.6139e+08	2.12316e+08	1.92377e+08	1.89152e+08	1.43798e+08	1.84253e+08	1.37074e+08	1.83745e+08	1.58724e+08	1.28985e+08	1.31571e+08	1.34865e+08	1.64284e+08	1.79944e+08	1.79353e+08
ERR636891	2.94989e+08	2.65571e+08	2.8026e+08	2.68319e+08	2.11201e+08	3.0266e+08	2.00708e+08	1.61125e+08	1.819e+08	1.53374e+08	1.91608e+08	1.97832e+08	3.54391e+08	3.3376e+08	3.40506e+08	3.24881e+08	3.34746e+08	3.51192e+08	1.02705e+08	1.46473e+08	1.5449e+08	1.40453e+08	1.4789e+08	1.47994e+08	1.89472e+08	2.67628e+08	2.65815e+08	2.38938e+08	2.41869e+08	2.7327e+08	3.20509e+08	5.32968e+08	3.86599e+08	3.17791e+08	3.44461e+08	3.25706e+08	2.00708e+08	1.61125e+08	1.819e+08	1.53374e+08	1.91608e+08	1.97832e+08	3.34123e+08	3.36733e+08	4.10061e+08	3.43188e+08	4.04622e+08	3.606e+08	1.69466e+08	1.36852e+08	1.68551e+08	1.69294e+08	1.76473e+08	1.62049e+08	1.92592e+08	1.59055e+08	1.54313e+08	1.43496e+08	1.92496e+08	1.92366e+08	2.21485e+08	2.36116e+08	2.35993e+08	2.40437e+08	2.52974e+08	2.38453e+08	2.43011e+08	2.89191e+08	2.57303e+08	2.42746e+08	2.47e+08	2.73014e+08	1.99792e+08	1.91231e+08	1.5745e+08	1.99226e+08	1.69428e+08	1.78492e+08	1.99598e+08	1.6966e+08	1.91773e+08	1.95969e+08	2.57751e+08	2.33565e+08	2.30335e+08	1.74954e+08	2.2421e+08	1.66786e+08	2.23534e+08	1.9329e+08	1.56714e+08	1.5981e+08	1.6385e+08	1.99411e+08	2.18539e+08	2.17835e+08
ERR636890	2.99097e+08	2.69819e+08	2.84221e+08	2.72551e+08	2.14145e+08	3.07364e+08	2.036e+08	1.63422e+08	1.84369e+08	1.55705e+08	1.94477e+08	2.0078e+08	3.5948e+08	3.38666e+08	3.4583e+08	3.29514e+08	3.39696e+08	3.56707e+08	1.03846e+08	1.48735e+08	1.57126e+08	1.42534e+08	1.50267e+08	1.50324e+08	1.92149e+08	2.72405e+08	2.70554e+08	2.42881e+08	2.45788e+08	2.7818e+08	3.25161e+08	3.86599e+08	5.48742e+08	3.22607e+08	3.49885e+08	3.30606e+08	2.036e+08	1.63422e+08	1.84369e+08	1.55705e+08	1.94477e+08	2.0078e+08	3.39512e+08	3.42064e+08	4.17609e+08	3.48583e+08	4.11228e+08	3.66527e+08	1.7247e+08	1.39409e+08	1.71463e+08	1.72198e+08	1.79815e+08	1.6511e+08	1.9588e+08	1.61985e+08	1.57031e+08	1.46175e+08	1.95878e+08	1.95584e+08	2.25202e+08	2.40167e+08	2.40064e+08	2.44616e+08	2.57359e+08	2.42453e+08	2.46151e+08	2.93655e+08	2.6097e+08	2.46049e+08	2.5038e+08	2.77221e+08	2.04129e+08	1.94896e+08	1.60613e+08	2.03349e+08	1.73161e+08	1.82349e+08	2.03386e+08	1.72685e+08	1.95342e+08	1.99736e+08	2.62712e+08	2.37629e+08	2.35553e+08	1.79311e+08	2.29372e+08	1.71241e+08	2.28788e+08	1.98091e+08	1.59567e+08	1.62653e+08	1.6666e+08	2.02435e+08	2.22559e+08	2.21859e+08
