	ERR613340	ERR613338	ERR613339	ERR613335	ERR613336	ERR613337	ERR613666	ERR613669	ERR613667	ERR613668	ERR613670	ERR613665	ERR636636	ERR636632	ERR636631	ERR636634	ERR636633	ERR636635	ERR629929	ERR629932	ERR629933	ERR629928	ERR629931	ERR629930	ERR613666	ERR613669	ERR613667	ERR613668	ERR613670	ERR613665	ERR637031	ERR637027	ERR637030	ERR637029	ERR637028	ERR637032	ERR621924	ERR621920	ERR621922	ERR621923	ERR621919	ERR621921	ERR608871	ERR608872	ERR608875	ERR608873	ERR608876	ERR608874	ERR605970	ERR605975	ERR605971	ERR605974	ERR605972	ERR605973	ERR614947	ERR614946	ERR614948	ERR614945	ERR614944	ERR614943	ERR630460	ERR630458	ERR630462	ERR630461	ERR630463	ERR630459	ERR622016	ERR622015	ERR622019	ERR622020	ERR622018	ERR622017	ERR609235	ERR609240	ERR609238	ERR609237	ERR609239	ERR609236	ERR630219	ERR630222	ERR630223	ERR630218	ERR630221	ERR630220	ERR626685	ERR626684	ERR626683	ERR626682	ERR626681	ERR626680	ERR630533	ERR630535	ERR630534	ERR630537	ERR630536	ERR630532
ERR613340	0	0.874621	0.874021	0.86218	0.876718	0.867662	1.02588	1.03711	1.03055	1.03589	1.06074	1.02399	1.03065	1.04801	1.03557	1.04448	1.03537	1.02898	1.10878	1.11082	1.10979	1.10136	1.1091	1.10171	1.02588	1.03711	1.03055	1.03589	1.06074	1.02399	0.98132	0.988063	0.995297	0.987813	1.00051	0.98357	1.00954	1.003	1.00369	1.00832	0.997489	1.00286	1.0606	1.03197	1.05337	1.02623	1.05591	1.05234	1.04756	1.04576	1.02513	1.04496	1.02344	1.04305	1.08902	1.08868	1.08804	1.10106	1.09789	1.09948	0.994215	0.991826	0.991649	0.990567	0.9899	0.997263	1.11118	1.10444	1.10202	1.10057	1.10174	1.11101	1.07053	1.06904	1.08581	1.07252	1.06851	1.07096	1.02535	1.01557	1.02027	1.0131	1.01571	1.03277	1.08877	1.08746	1.08747	1.08475	1.07496	1.06836	1.10843	1.11142	1.10211	1.11091	1.10993	1.10373
ERR613338	0.874621	0	0.834395	0.820836	0.841299	0.830309	0.999266	1.00937	1.00509	1.00851	1.03901	0.995318	0.996119	1.01711	1.0001	1.01212	0.999871	0.993833	1.08206	1.08586	1.08474	1.07218	1.08393	1.07272	0.999266	1.00937	1.00509	1.00851	1.03901	0.995318	0.944662	0.950874	0.961168	0.950929	0.968341	0.947342	0.978289	0.970415	0.97015	0.97651	0.962665	0.97091	1.04091	1.00396	1.02781	0.995782	1.03073	1.02639	1.02731	1.02089	0.9947	1.01992	0.992896	1.01743	1.06187	1.0615	1.06024	1.07524	1.07267	1.07485	0.959239	0.957041	0.95594	0.954754	0.954559	0.96482	1.0848	1.07653	1.07435	1.07278	1.0738	1.08489	1.04201	1.04127	1.05845	1.04685	1.0405	1.04314	1.00069	0.989355	0.996674	0.986085	0.989632	1.00879	1.0591	1.05729	1.0577	1.05737	1.04429	1.03625	1.07728	1.08319	1.07024	1.08196	1.08124	1.07297
ERR613339	0.874021	0.834395	0	0.82011	0.840513	0.829685	0.998675	1.00877	1.00427	1.00789	1.03859	0.994777	0.995831	1.01729	1.0004	1.01189	0.999618	0.993577	1.08107	1.08508	1.08377	1.07135	1.08306	1.0719	0.998675	1.00877	1.00427	1.00789	1.03859	0.994777	0.943668	0.949879	0.960222	0.949903	0.967291	0.94598	0.977734	0.969719	0.970041	0.976373	0.962032	0.970186	1.04011	1.00312	1.02729	0.994798	1.02969	1.02575	1.02647	1.02054	0.994147	1.01958	0.99198	1.01706	1.06065	1.06055	1.05969	1.07446	1.07159	1.07395	0.958986	0.956829	0.95612	0.954484	0.954147	0.964567	1.08391	1.07554	1.07345	1.07192	1.07307	1.08454	1.04122	1.04014	1.05774	1.04573	1.03972	1.04234	0.999786	0.988068	0.995713	0.985173	0.988553	1.00812	1.05826	1.05668	1.05703	1.05619	1.04345	1.03548	1.07683	1.08261	1.06958	1.08145	1.08075	1.07275
ERR613335	0.86218	0.820836	0.82011	0	0.820167	0.807131	0.978679	0.991013	0.984935	0.990126	1.02153	0.975307	0.979006	1.00196	0.983718	0.996734	0.983575	0.976417	1.06668	1.07025	1.06912	1.05635	1.06835	1.05712	0.978679	0.991013	0.984935	0.990126	1.02153	0.975307	0.922299	0.929724	0.94028	0.929678	0.948285	0.925398	0.960261	0.951375	0.951962	0.958879	0.943143	0.952082	1.024	0.985788	1.01185	0.977059	1.0148	1.01037	1.0131	1.00814	0.979716	1.00693	0.97758	1.00465	1.0445	1.04404	1.04294	1.05934	1.05577	1.0585	0.940665	0.938256	0.93779	0.936254	0.935722	0.946582	1.06812	1.05961	1.05701	1.05571	1.05663	1.06853	1.02567	1.02462	1.04361	1.02979	1.02373	1.02642	0.980929	0.968329	0.975384	0.964942	0.968618	0.989524	1.04402	1.04235	1.04274	1.04113	1.02776	1.01967	1.06389	1.06939	1.05583	1.06822	1.06713	1.05871
ERR613336	0.876718	0.841299	0.840513	0.820167	0	0.828306	0.998816	1.01103	1.00409	1.00968	1.03892	0.996093	0.999913	1.02022	1.00449	1.01564	1.00423	0.99757	1.08313	1.08584	1.08475	1.07371	1.08389	1.07451	0.998816	1.01103	1.00409	1.00968	1.03892	0.996093	0.945477	0.952329	0.961642	0.952136	0.968301	0.948173	0.980319	0.972109	0.972831	0.979247	0.965175	0.97261	1.0391	1.00422	1.0286	0.996991	1.03188	1.02744	1.02742	1.02387	0.998215	1.02281	0.996088	1.02067	1.06156	1.06127	1.05995	1.07519	1.07193	1.07413	0.960841	0.958507	0.958582	0.957667	0.956332	0.965388	1.08559	1.07775	1.07524	1.07394	1.075	1.08602	1.04224	1.04068	1.05914	1.04537	1.04001	1.04292	0.998072	0.987406	0.993026	0.984018	0.987175	1.00683	1.06083	1.0593	1.05963	1.05713	1.04559	1.03774	1.08156	1.08572	1.07435	1.08507	1.08377	1.07694
ERR613337	0.867662	0.830309	0.829685	0.807131	0.828306	0	0.988102	1.00129	0.994391	1.00018	1.03026	0.985435	0.989271	1.01119	0.99459	1.00669	0.994024	0.987003	1.07356	1.07658	1.07511	1.06423	1.07465	1.06499	0.988102	1.00129	0.994391	1.00018	1.03026	0.985435	0.933458	0.941115	0.95076	0.940799	0.957561	0.936343	0.970866	0.962273	0.962936	0.969556	0.954733	0.962743	1.03034	0.994368	1.01982	0.98669	1.02294	1.01847	1.02044	1.01674	0.989744	1.01551	0.987632	1.0134	1.0517	1.05172	1.05045	1.06605	1.06253	1.06492	0.95067	0.948199	0.94822	0.947207	0.94609	0.955619	1.07636	1.0682	1.06591	1.06439	1.06548	1.07688	1.03242	1.03085	1.05039	1.03579	1.03034	1.03309	0.98804	0.97651	0.982676	0.973072	0.976211	0.997066	1.05183	1.05001	1.05062	1.04766	1.03586	1.02793	1.07286	1.07699	1.06504	1.07636	1.0751	1.06747
ERR613666	1.02588	0.999266	0.998675	0.978679	0.998816	0.988102	0	0.786988	0.775555	0.785101	0.812676	0.768092	0.999388	1.01986	1.00427	1.01559	1.00395	0.996761	1.13254	1.13518	1.13405	1.1242	1.13345	1.12472	0	0.786988	0.775555	0.785101	0.812676	0.768092	0.92772	0.935273	0.94407	0.934687	0.949943	0.930489	0.866286	0.855448	0.857101	0.866078	0.849519	0.856265	1.00223	0.965935	0.989926	0.957457	0.993688	0.988928	0.994779	0.995941	0.983503	0.995301	0.983778	0.994676	1.10659	1.10611	1.10528	1.1205	1.11722	1.11936	0.951616	0.949279	0.948971	0.947781	0.946662	0.957222	1.0666	1.06475	1.06248	1.062	1.06329	1.06765	1.09646	1.09542	1.11377	1.09977	1.09431	1.09728	0.960561	0.947771	0.954693	0.945173	0.947718	0.968312	1.11325	1.11157	1.11181	1.10994	1.09987	1.09285	1.12715	1.13109	1.11978	1.13019	1.12918	1.12245
ERR613669	1.03711	1.00937	1.00877	0.991013	1.01103	1.00129	0.786988	0	0.789866	0.78979	0.817173	0.782829	1.00891	1.02879	1.01305	1.02379	1.01242	1.00675	1.14061	1.14391	1.14292	1.13202	1.1422	1.13231	0.786988	0	0.789866	0.78979	0.817173	0.782829	0.94383	0.950016	0.958538	0.949291	0.965301	0.94607	0.874156	0.865094	0.865777	0.874301	0.858998	0.865123	1.01628	0.979938	1.00168	0.971076	1.00517	1.00043	0.998371	0.997822	0.987216	0.996918	0.987804	0.996285	1.11583	1.1151	1.11443	1.12933	1.1264	1.12896	0.964633	0.96295	0.961373	0.960255	0.959836	0.970339	1.07033	1.06858	1.06647	1.06589	1.0668	1.0707	1.10713	1.10709	1.12317	1.11154	1.10551	1.1087	0.977566	0.965139	0.97304	0.962721	0.965306	0.984265	1.12086	1.11951	1.11949	1.11954	1.10873	1.1017	1.13132	1.13696	1.12461	1.13543	1.13537	1.1275
ERR613667	1.03055	1.00509	1.00427	0.984935	1.00409	0.994391	0.775555	0.789866	0	0.788633	0.814811	0.7741	1.00569	1.02565	1.01043	1.02104	1.00994	1.00325	1.13683	1.1396	1.13844	1.1287	1.1378	1.1293	0.775555	0.789866	0	0.788633	0.814811	0.7741	0.93619	0.943452	0.951674	0.943128	0.958109	0.93892	0.872051	0.86218	0.864176	0.872084	0.856728	0.862514	1.00859	0.973785	0.996675	0.96545	1.00055	0.995873	0.993157	0.995756	0.983848	0.994573	0.984088	0.993964	1.11114	1.11075	1.10967	1.12508	1.12168	1.12395	0.9585	0.956461	0.955714	0.954728	0.954041	0.963722	1.06835	1.06674	1.06449	1.06416	1.06523	1.06943	1.1014	1.10065	1.11807	1.10472	1.09937	1.10248	0.968444	0.95611	0.962781	0.953515	0.955927	0.975514	1.11738	1.11586	1.11616	1.11482	1.10456	1.09764	1.13112	1.13531	1.12414	1.13422	1.13334	1.12647
ERR613668	1.03589	1.00851	1.00789	0.990126	1.00968	1.00018	0.785101	0.78979	0.788633	0	0.816076	0.781886	1.00807	1.02799	1.01207	1.02323	1.01152	1.00581	1.14059	1.14373	1.14301	1.13181	1.1421	1.1324	0.785101	0.78979	0.788633	0	0.816076	0.781886	0.942259	0.948357	0.95669	0.947806	0.963562	0.944336	0.873046	0.863607	0.864227	0.873071	0.858164	0.863743	1.01483	0.977739	0.999907	0.968913	1.00344	0.998635	0.997927	0.997781	0.987305	0.996917	0.987315	0.996121	1.1157	1.11519	1.11429	1.12904	1.12639	1.12867	0.963126	0.961587	0.960163	0.958809	0.958376	0.969223	1.07064	1.06868	1.06676	1.06629	1.06704	1.07134	1.10679	1.10632	1.12286	1.11102	1.10523	1.10821	0.975425	0.962869	0.970956	0.960971	0.963116	0.982461	1.12036	1.11886	1.11925	1.11913	1.10842	1.10106	1.13165	1.13712	1.12487	1.13579	1.13529	1.12786
ERR613670	1.06074	1.03901	1.03859	1.02153	1.03892	1.03026	0.812676	0.817173	0.814811	0.816076	0	0.811664	1.04137	1.05789	1.04533	1.05397	1.0447	1.03905	1.16341	1.1658	1.16509	1.15619	1.16442	1.15658	0.812676	0.817173	0.814811	0.816076	0	0.811664	0.981164	0.987266	0.993724	0.986673	0.998975	0.98301	0.904856	0.896619	0.89817	0.905553	0.893159	0.897003	1.04141	1.01173	1.03053	1.00451	1.03408	1.02981	1.00713	1.00902	1.00517	1.00865	1.00579	1.00884	1.13847	1.13806	1.13719	1.15056	1.14765	1.14965	0.998852	0.996694	0.996064	0.995688	0.994675	1.00298	1.08282	1.08295	1.08152	1.08128	1.0822	1.08341	1.13147	1.13089	1.14606	1.13465	1.12969	1.1323	1.00685	0.99631	1.00225	0.994574	0.9964	1.01276	1.14499	1.14358	1.1442	1.14317	1.13403	1.12808	1.15712	1.16113	1.15103	1.16028	1.15953	1.15342
ERR613665	1.02399	0.995318	0.994777	0.975307	0.996093	0.985435	0.768092	0.782829	0.7741	0.781886	0.811664	0	0.994142	1.01575	0.998709	1.01048	0.997992	0.991606	1.12857	1.13175	1.13078	1.1197	1.13	1.12044	0.768092	0.782829	0.7741	0.781886	0.811664	0	0.923794	0.930899	0.94038	0.930428	0.947228	0.926527	0.861579	0.851112	0.852321	0.861651	0.844187	0.851662	1.00101	0.962824	0.986501	0.953698	0.990664	0.985483	0.99349	0.993404	0.97959	0.992205	0.979992	0.991613	1.10298	1.10272	1.10132	1.11713	1.11393	1.11638	0.947099	0.944762	0.94447	0.943081	0.942418	0.953408	1.06401	1.06114	1.0593	1.05882	1.05977	1.06485	1.09287	1.09217	1.10979	1.09705	1.09087	1.09416	0.959554	0.946066	0.953873	0.943533	0.946145	0.967031	1.10888	1.1072	1.1076	1.10654	1.09578	1.08834	1.12125	1.12616	1.11397	1.12522	1.12434	1.11695
ERR636636	1.03065	0.996119	0.995831	0.979006	0.999913	0.989271	0.999388	1.00891	1.00569	1.00807	1.04137	0.994142	0	0.808131	0.78248	0.797595	0.781661	0.769789	1.02817	1.03363	1.03099	1.01561	1.03054	1.01634	0.999388	1.00891	1.00569	1.00807	1.04137	0.994142	0.908265	0.917103	0.92818	0.916124	0.938579	0.910504	0.97413	0.966023	0.964955	0.971432	0.957989	0.9659	1.03821	0.998593	1.02226	0.988732	1.02486	1.02094	1.08921	1.07877	1.05113	1.07767	1.04997	1.07522	1.00957	1.00891	1.00809	1.02802	1.02395	1.02702	0.915482	0.912501	0.910663	0.908185	0.908611	0.92197	1.05193	1.04273	1.03929	1.03793	1.03895	1.05295	1.04422	1.04293	1.06232	1.05089	1.04238	1.04507	1.00628	0.992587	1.00095	0.989487	0.993203	1.01282	1.07331	1.07074	1.072	1.07329	1.05908	1.05064	1.02643	1.03283	1.01714	1.03154	1.03066	1.02068
ERR636632	1.04801	1.01711	1.01729	1.00196	1.02022	1.01119	1.01986	1.02879	1.02565	1.02799	1.05789	1.01575	0.808131	0	0.81086	0.82735	0.810796	0.805149	1.04865	1.05303	1.0506	1.03734	1.05035	1.03792	1.01986	1.02879	1.02565	1.02799	1.05789	1.01575	0.935414	0.943056	0.952635	0.942372	0.960757	0.937683	0.995651	0.989074	0.987931	0.993753	0.982385	0.988875	1.05725	1.02227	1.04366	1.01373	1.04654	1.04258	1.10367	1.09455	1.06999	1.09389	1.0693	1.09154	1.03107	1.03034	1.02951	1.04798	1.04366	1.04663	0.939311	0.936974	0.935846	0.933863	0.933842	0.944504	1.07055	1.06287	1.05934	1.05807	1.05903	1.07172	1.06527	1.06383	1.08199	1.0705	1.06319	1.0658	1.02776	1.01564	1.02245	1.01309	1.01611	1.034	1.09299	1.09081	1.09201	1.09279	1.08031	1.07256	1.04835	1.0532	1.03959	1.05224	1.05162	1.04258
ERR636631	1.03557	1.0001	1.0004	0.983718	1.00449	0.99459	1.00427	1.01305	1.01043	1.01207	1.04533	0.998709	0.78248	0.81086	0	0.805294	0.784282	0.778938	1.03186	1.03819	1.03545	1.01924	1.03524	1.02006	1.00427	1.01305	1.01043	1.01207	1.04533	0.998709	0.914652	0.922091	0.933969	0.921219	0.944188	0.916605	0.978596	0.97112	0.969247	0.976117	0.962697	0.970594	1.04435	1.00435	1.02754	0.994337	1.03039	1.02594	1.0928	1.08153	1.05443	1.08082	1.05322	1.07794	1.01426	1.01346	1.01264	1.03233	1.02852	1.03154	0.92108	0.918255	0.916582	0.914571	0.91458	0.927849	1.05515	1.04636	1.04288	1.04169	1.0423	1.05642	1.04882	1.04803	1.06664	1.05597	1.04736	1.04994	1.01252	0.998918	1.00755	0.995811	0.99969	1.0186	1.07681	1.07433	1.07561	1.07779	1.06332	1.05464	1.03031	1.03711	1.02105	1.03585	1.03522	1.02473
ERR636634	1.04448	1.01212	1.01189	0.996734	1.01564	1.00669	1.01559	1.02379	1.02104	1.02323	1.05397	1.01048	0.797595	0.82735	0.805294	0	0.805091	0.794535	1.04485	1.05023	1.04768	1.03352	1.04731	1.03419	1.01559	1.02379	1.02104	1.02323	1.05397	1.01048	0.930185	0.938095	0.947833	0.936965	0.956939	0.932036	0.99031	0.983857	0.982054	0.988222	0.976153	0.98301	1.05369	1.01704	1.03908	1.00794	1.04189	1.03794	1.1006	1.09079	1.06523	1.08973	1.06468	1.08769	1.02759	1.02679	1.02615	1.04478	1.0409	1.04405	0.933375	0.930957	0.928844	0.926665	0.927091	0.938796	1.06734	1.05923	1.05562	1.05445	1.05516	1.06838	1.06207	1.06087	1.07907	1.06821	1.06017	1.06311	1.02374	1.01106	1.01865	1.00848	1.01153	1.02978	1.08908	1.08675	1.08804	1.08923	1.0763	1.06821	1.04363	1.04924	1.03523	1.04807	1.04736	1.03823
ERR636633	1.03537	0.999871	0.999618	0.983575	1.00423	0.994024	1.00395	1.01242	1.00994	1.01152	1.0447	0.997992	0.781661	0.810796	0.784282	0.805091	0	0.778414	1.03104	1.03698	1.0344	1.01821	1.03375	1.01873	1.00395	1.01242	1.00994	1.01152	1.0447	0.997992	0.913181	0.921046	0.932781	0.919856	0.943232	0.915241	0.977374	0.969893	0.968232	0.974639	0.961264	0.969567	1.04321	1.00278	1.02644	0.992946	1.02895	1.02479	1.09264	1.08132	1.05403	1.08059	1.05268	1.0777	1.01249	1.01183	1.01129	1.03079	1.0271	1.03053	0.920093	0.917981	0.915819	0.913611	0.913938	0.927148	1.05442	1.04508	1.04168	1.04062	1.04129	1.05556	1.04766	1.04672	1.06574	1.05458	1.04595	1.04885	1.01127	0.997396	1.0064	0.994494	0.998492	1.01738	1.07545	1.07288	1.0744	1.07662	1.06173	1.05316	1.02856	1.03542	1.01925	1.03402	1.03327	1.02309
ERR636635	1.02898	0.993833	0.993577	0.976417	0.99757	0.987003	0.996761	1.00675	1.00325	1.00581	1.03905	0.991606	0.769789	0.805149	0.778938	0.794535	0.778414	0	1.0257	1.03119	1.02851	1.01314	1.02826	1.01384	0.996761	1.00675	1.00325	1.00581	1.03905	0.991606	0.905509	0.914717	0.92587	0.913293	0.936445	0.907724	0.971565	0.963802	0.962435	0.968954	0.955357	0.963301	1.03656	0.996466	1.02043	0.986746	1.02349	1.01892	1.08813	1.0771	1.04947	1.07637	1.04853	1.07368	1.00643	1.00606	1.00537	1.02532	1.02116	1.02442	0.912699	0.909426	0.907528	0.904968	0.905435	0.919209	1.04921	1.04033	1.03669	1.03556	1.03623	1.05061	1.04134	1.04005	1.05999	1.04781	1.03928	1.04226	1.00409	0.990322	0.998561	0.987219	0.991095	1.01097	1.07117	1.06862	1.06981	1.07103	1.05693	1.04808	1.02433	1.0304	1.01486	1.02917	1.02818	1.01828
ERR629929	1.10878	1.08206	1.08107	1.06668	1.08313	1.07356	1.13254	1.14061	1.13683	1.14059	1.16341	1.12857	1.02817	1.04865	1.03186	1.04485	1.03104	1.0257	0	0.810518	0.807547	0.780684	0.806601	0.78341	1.13254	1.14061	1.13683	1.14059	1.16341	1.12857	1.06372	1.07079	1.08087	1.06948	1.08825	1.0654	1.11889	1.1127	1.1124	1.11689	1.10565	1.11253	1.14001	1.10838	1.1293	1.10136	1.13066	1.12776	1.05204	1.04058	1.00843	1.03832	1.00597	1.03649	0.879127	0.878027	0.876674	0.9017	0.896618	0.900345	1.07867	1.0765	1.07741	1.07535	1.07487	1.08404	0.936352	0.924004	0.919511	0.917073	0.918069	0.936896	0.932581	0.931536	0.954025	0.94098	0.931327	0.933819	1.12393	1.11478	1.12057	1.11101	1.11527	1.12977	0.937674	0.933738	0.935726	0.936581	0.9191	0.910257	0.942656	0.948264	0.931461	0.948039	0.946477	0.935156
ERR629932	1.11082	1.08586	1.08508	1.07025	1.08584	1.07658	1.13518	1.14391	1.1396	1.14373	1.1658	1.13175	1.03363	1.05303	1.03819	1.05023	1.03698	1.03119	0.810518	0	0.811758	0.793839	0.811272	0.795366	1.13518	1.14391	1.1396	1.14373	1.1658	1.13175	1.06739	1.07514	1.08436	1.07359	1.09102	1.06895	1.12263	1.1164	1.11628	1.12083	1.11007	1.11644	1.14159	1.11135	1.13243	1.10488	1.13389	1.13092	1.05546	1.0461	1.01504	1.04427	1.01285	1.04234	0.885075	0.884323	0.882872	0.907679	0.901453	0.905259	1.08265	1.08069	1.08163	1.07995	1.07932	1.08751	0.943053	0.93173	0.926738	0.924086	0.92549	0.943209	0.938863	0.937409	0.960684	0.945858	0.937346	0.939177	1.12608	1.11687	1.12148	1.11288	1.11708	1.13178	0.944495	0.940947	0.942708	0.941547	0.926591	0.917764	0.951686	0.955031	0.940177	0.955326	0.952968	0.943181
ERR629933	1.10979	1.08474	1.08377	1.06912	1.08475	1.07511	1.13405	1.14292	1.13844	1.14301	1.16509	1.13078	1.03099	1.0506	1.03545	1.04768	1.0344	1.02851	0.807547	0.811758	0	0.790327	0.808358	0.792171	1.13405	1.14292	1.13844	1.14301	1.16509	1.13078	1.06602	1.07349	1.08276	1.07206	1.08969	1.06732	1.12162	1.11525	1.11531	1.1195	1.10869	1.11501	1.1402	1.11017	1.13128	1.10353	1.13259	1.12981	1.05453	1.0451	1.01389	1.04327	1.01112	1.04142	0.882679	0.88206	0.88077	0.905222	0.899458	0.903079	1.08114	1.07911	1.07977	1.07828	1.07762	1.08601	0.940966	0.929448	0.924223	0.922183	0.923385	0.941779	0.936621	0.934819	0.958048	0.943344	0.934797	0.937269	1.12475	1.11588	1.12067	1.11175	1.11601	1.13078	0.94279	0.939681	0.941173	0.940084	0.924479	0.916048	0.949299	0.952768	0.937711	0.952755	0.950982	0.940862
ERR629928	1.10136	1.07218	1.07135	1.05635	1.07371	1.06423	1.1242	1.13202	1.1287	1.13181	1.15619	1.1197	1.01561	1.03734	1.01924	1.03352	1.01821	1.01314	0.780684	0.793839	0.790327	0	0.789337	0.760472	1.1242	1.13202	1.1287	1.13181	1.15619	1.1197	1.05249	1.05958	1.0704	1.05811	1.07834	1.054	1.10918	1.10285	1.10226	1.10722	1.09537	1.10292	1.13284	1.09894	1.12043	1.09079	1.12184	1.11894	1.04284	1.02923	0.995055	1.0277	0.992251	1.02491	0.86271	0.861666	0.859482	0.886853	0.881894	0.886431	1.06778	1.06581	1.06628	1.06425	1.0641	1.07428	0.921788	0.908563	0.903897	0.900776	0.901576	0.922596	0.917416	0.916957	0.940274	0.927941	0.916704	0.919329	1.1157	1.10605	1.11225	1.10173	1.10649	1.12138	0.923854	0.9199	0.922344	0.924525	0.904175	0.894115	0.927415	0.934941	0.915035	0.934164	0.933238	0.919747
ERR629931	1.1091	1.08393	1.08306	1.06835	1.08389	1.07465	1.13345	1.1422	1.1378	1.1421	1.16442	1.13	1.03054	1.05035	1.03524	1.04731	1.03375	1.02826	0.806601	0.811272	0.808358	0.789337	0	0.791218	1.13345	1.1422	1.1378	1.1421	1.16442	1.13	1.06496	1.0726	1.08194	1.07116	1.08886	1.0667	1.12079	1.11444	1.11432	1.11863	1.10764	1.11444	1.13994	1.10987	1.13061	1.103	1.1324	1.12929	1.05382	1.04427	1.0126	1.04205	1.01031	1.04031	0.882163	0.881025	0.879823	0.904714	0.898739	0.90257	1.08042	1.07828	1.07907	1.07755	1.07694	1.08534	0.940428	0.928845	0.924153	0.921763	0.922496	0.941251	0.935862	0.934299	0.957389	0.942832	0.933878	0.93676	1.12413	1.11507	1.11988	1.11123	1.11534	1.12999	0.942093	0.938416	0.940552	0.939345	0.923777	0.915117	0.949403	0.953365	0.937981	0.953209	0.951757	0.941133
ERR629930	1.10171	1.07272	1.0719	1.05712	1.07451	1.06499	1.12472	1.13231	1.1293	1.1324	1.15658	1.12044	1.01634	1.03792	1.02006	1.03419	1.01873	1.01384	0.78341	0.795366	0.792171	0.760472	0.791218	0	1.12472	1.13231	1.1293	1.1324	1.15658	1.12044	1.05353	1.06047	1.07114	1.059	1.07906	1.05523	1.10995	1.1033	1.10298	1.10764	1.09595	1.10339	1.13325	1.09962	1.12089	1.09149	1.12248	1.11963	1.04445	1.03136	0.996872	1.02955	0.99455	1.02663	0.864453	0.863082	0.861205	0.888746	0.883267	0.887783	1.06825	1.06628	1.06693	1.06482	1.06459	1.07493	0.92341	0.910329	0.905347	0.902783	0.903447	0.924163	0.91974	0.91919	0.942677	0.930025	0.918726	0.921748	1.11634	1.10643	1.11281	1.10223	1.10699	1.1222	0.925402	0.920786	0.923409	0.925488	0.905761	0.896007	0.928527	0.93597	0.916309	0.93529	0.934493	0.921219
ERR613666	1.02588	0.999266	0.998675	0.978679	0.998816	0.988102	0	0.786988	0.775555	0.785101	0.812676	0.768092	0.999388	1.01986	1.00427	1.01559	1.00395	0.996761	1.13254	1.13518	1.13405	1.1242	1.13345	1.12472	0	0.786988	0.775555	0.785101	0.812676	0.768092	0.92772	0.935273	0.94407	0.934687	0.949943	0.930489	0.866286	0.855448	0.857101	0.866078	0.849519	0.856265	1.00223	0.965935	0.989926	0.957457	0.993688	0.988928	0.994779	0.995941	0.983503	0.995301	0.983778	0.994676	1.10659	1.10611	1.10528	1.1205	1.11722	1.11936	0.951616	0.949279	0.948971	0.947781	0.946662	0.957222	1.0666	1.06475	1.06248	1.062	1.06329	1.06765	1.09646	1.09542	1.11377	1.09977	1.09431	1.09728	0.960561	0.947771	0.954693	0.945173	0.947718	0.968312	1.11325	1.11157	1.11181	1.10994	1.09987	1.09285	1.12715	1.13109	1.11978	1.13019	1.12918	1.12245
ERR613669	1.03711	1.00937	1.00877	0.991013	1.01103	1.00129	0.786988	0	0.789866	0.78979	0.817173	0.782829	1.00891	1.02879	1.01305	1.02379	1.01242	1.00675	1.14061	1.14391	1.14292	1.13202	1.1422	1.13231	0.786988	0	0.789866	0.78979	0.817173	0.782829	0.94383	0.950016	0.958538	0.949291	0.965301	0.94607	0.874156	0.865094	0.865777	0.874301	0.858998	0.865123	1.01628	0.979938	1.00168	0.971076	1.00517	1.00043	0.998371	0.997822	0.987216	0.996918	0.987804	0.996285	1.11583	1.1151	1.11443	1.12933	1.1264	1.12896	0.964633	0.96295	0.961373	0.960255	0.959836	0.970339	1.07033	1.06858	1.06647	1.06589	1.0668	1.0707	1.10713	1.10709	1.12317	1.11154	1.10551	1.1087	0.977566	0.965139	0.97304	0.962721	0.965306	0.984265	1.12086	1.11951	1.11949	1.11954	1.10873	1.1017	1.13132	1.13696	1.12461	1.13543	1.13537	1.1275
ERR613667	1.03055	1.00509	1.00427	0.984935	1.00409	0.994391	0.775555	0.789866	0	0.788633	0.814811	0.7741	1.00569	1.02565	1.01043	1.02104	1.00994	1.00325	1.13683	1.1396	1.13844	1.1287	1.1378	1.1293	0.775555	0.789866	0	0.788633	0.814811	0.7741	0.93619	0.943452	0.951674	0.943128	0.958109	0.93892	0.872051	0.86218	0.864176	0.872084	0.856728	0.862514	1.00859	0.973785	0.996675	0.96545	1.00055	0.995873	0.993157	0.995756	0.983848	0.994573	0.984088	0.993964	1.11114	1.11075	1.10967	1.12508	1.12168	1.12395	0.9585	0.956461	0.955714	0.954728	0.954041	0.963722	1.06835	1.06674	1.06449	1.06416	1.06523	1.06943	1.1014	1.10065	1.11807	1.10472	1.09937	1.10248	0.968444	0.95611	0.962781	0.953515	0.955927	0.975514	1.11738	1.11586	1.11616	1.11482	1.10456	1.09764	1.13112	1.13531	1.12414	1.13422	1.13334	1.12647
ERR613668	1.03589	1.00851	1.00789	0.990126	1.00968	1.00018	0.785101	0.78979	0.788633	0	0.816076	0.781886	1.00807	1.02799	1.01207	1.02323	1.01152	1.00581	1.14059	1.14373	1.14301	1.13181	1.1421	1.1324	0.785101	0.78979	0.788633	0	0.816076	0.781886	0.942259	0.948357	0.95669	0.947806	0.963562	0.944336	0.873046	0.863607	0.864227	0.873071	0.858164	0.863743	1.01483	0.977739	0.999907	0.968913	1.00344	0.998635	0.997927	0.997781	0.987305	0.996917	0.987315	0.996121	1.1157	1.11519	1.11429	1.12904	1.12639	1.12867	0.963126	0.961587	0.960163	0.958809	0.958376	0.969223	1.07064	1.06868	1.06676	1.06629	1.06704	1.07134	1.10679	1.10632	1.12286	1.11102	1.10523	1.10821	0.975425	0.962869	0.970956	0.960971	0.963116	0.982461	1.12036	1.11886	1.11925	1.11913	1.10842	1.10106	1.13165	1.13712	1.12487	1.13579	1.13529	1.12786
ERR613670	1.06074	1.03901	1.03859	1.02153	1.03892	1.03026	0.812676	0.817173	0.814811	0.816076	0	0.811664	1.04137	1.05789	1.04533	1.05397	1.0447	1.03905	1.16341	1.1658	1.16509	1.15619	1.16442	1.15658	0.812676	0.817173	0.814811	0.816076	0	0.811664	0.981164	0.987266	0.993724	0.986673	0.998975	0.98301	0.904856	0.896619	0.89817	0.905553	0.893159	0.897003	1.04141	1.01173	1.03053	1.00451	1.03408	1.02981	1.00713	1.00902	1.00517	1.00865	1.00579	1.00884	1.13847	1.13806	1.13719	1.15056	1.14765	1.14965	0.998852	0.996694	0.996064	0.995688	0.994675	1.00298	1.08282	1.08295	1.08152	1.08128	1.0822	1.08341	1.13147	1.13089	1.14606	1.13465	1.12969	1.1323	1.00685	0.99631	1.00225	0.994574	0.9964	1.01276	1.14499	1.14358	1.1442	1.14317	1.13403	1.12808	1.15712	1.16113	1.15103	1.16028	1.15953	1.15342
ERR613665	1.02399	0.995318	0.994777	0.975307	0.996093	0.985435	0.768092	0.782829	0.7741	0.781886	0.811664	0	0.994142	1.01575	0.998709	1.01048	0.997992	0.991606	1.12857	1.13175	1.13078	1.1197	1.13	1.12044	0.768092	0.782829	0.7741	0.781886	0.811664	0	0.923794	0.930899	0.94038	0.930428	0.947228	0.926527	0.861579	0.851112	0.852321	0.861651	0.844187	0.851662	1.00101	0.962824	0.986501	0.953698	0.990664	0.985483	0.99349	0.993404	0.97959	0.992205	0.979992	0.991613	1.10298	1.10272	1.10132	1.11713	1.11393	1.11638	0.947099	0.944762	0.94447	0.943081	0.942418	0.953408	1.06401	1.06114	1.0593	1.05882	1.05977	1.06485	1.09287	1.09217	1.10979	1.09705	1.09087	1.09416	0.959554	0.946066	0.953873	0.943533	0.946145	0.967031	1.10888	1.1072	1.1076	1.10654	1.09578	1.08834	1.12125	1.12616	1.11397	1.12522	1.12434	1.11695
ERR637031	0.98132	0.944662	0.943668	0.922299	0.945477	0.933458	0.92772	0.94383	0.93619	0.942259	0.981164	0.923794	0.908265	0.935414	0.914652	0.930185	0.913181	0.905509	1.06372	1.06739	1.06602	1.05249	1.06496	1.05353	0.92772	0.94383	0.93619	0.942259	0.981164	0.923794	0	0.753203	0.764657	0.752201	0.779535	0.742537	0.905516	0.893919	0.895279	0.902995	0.885291	0.894366	0.973956	0.926972	0.95811	0.916105	0.96249	0.956418	1.07966	1.071	1.04101	1.06982	1.03923	1.06764	1.04327	1.04328	1.04199	1.06062	1.05699	1.0594	0.876893	0.873802	0.87253	0.87081	0.869888	0.883613	1.08458	1.07593	1.07326	1.07153	1.07258	1.0858	1.02134	1.02023	1.04252	1.02652	1.01937	1.02274	0.918174	0.901691	0.91042	0.897744	0.901457	0.927705	1.04723	1.04505	1.04591	1.04449	1.03051	1.02129	1.05717	1.06334	1.0484	1.06212	1.06088	1.05162
ERR637027	0.988063	0.950874	0.949879	0.929724	0.952329	0.941115	0.935273	0.950016	0.943452	0.948357	0.987266	0.930899	0.917103	0.943056	0.922091	0.938095	0.921046	0.914717	1.07079	1.07514	1.07349	1.05958	1.0726	1.06047	0.935273	0.950016	0.943452	0.948357	0.987266	0.930899	0.753203	0	0.777262	0.75992	0.78653	0.757185	0.911995	0.901458	0.902353	0.909647	0.892439	0.901953	0.981815	0.935027	0.965188	0.924121	0.9697	0.96386	1.08413	1.07497	1.04537	1.07411	1.04381	1.07158	1.05127	1.05103	1.04976	1.06789	1.06451	1.06744	0.883346	0.880397	0.879691	0.877759	0.876931	0.890686	1.09122	1.08233	1.08006	1.07834	1.07904	1.09194	1.02783	1.02707	1.04833	1.03346	1.02607	1.02914	0.926355	0.910253	0.919474	0.906539	0.91057	0.935115	1.05206	1.04951	1.05032	1.04981	1.03557	1.02641	1.06281	1.06934	1.054	1.06811	1.06731	1.05762
ERR637030	0.995297	0.961168	0.960222	0.94028	0.961642	0.95076	0.94407	0.958538	0.951674	0.95669	0.993724	0.94038	0.92818	0.952635	0.933969	0.947833	0.932781	0.92587	1.08087	1.08436	1.08276	1.0704	1.08194	1.07114	0.94407	0.958538	0.951674	0.95669	0.993724	0.94038	0.764657	0.777262	0	0.776659	0.799549	0.768146	0.921085	0.911146	0.912098	0.918843	0.903321	0.911212	0.988474	0.94521	0.973921	0.935439	0.978425	0.972782	1.09057	1.08311	1.05484	1.08202	1.05327	1.07981	1.06196	1.06153	1.06039	1.07782	1.07424	1.07689	0.892903	0.889881	0.88874	0.88711	0.886466	0.899061	1.10037	1.09238	1.08959	1.08843	1.08907	1.10127	1.03793	1.03652	1.05761	1.04241	1.03585	1.03895	0.93399	0.919037	0.926706	0.915629	0.919303	0.942587	1.0609	1.05893	1.05954	1.05824	1.04524	1.03661	1.07451	1.08018	1.06621	1.07915	1.07823	1.06929
ERR637029	0.987813	0.950929	0.949903	0.929678	0.952136	0.940799	0.934687	0.949291	0.943128	0.947806	0.986673	0.930428	0.916124	0.942372	0.921219	0.936965	0.919856	0.913293	1.06948	1.07359	1.07206	1.05811	1.07116	1.059	0.934687	0.949291	0.943128	0.947806	0.986673	0.930428	0.752201	0.75992	0.776659	0	0.786239	0.756012	0.91173	0.901047	0.901394	0.909285	0.892204	0.901434	0.981212	0.934469	0.964691	0.923352	0.968872	0.9635	1.08387	1.07491	1.04534	1.0739	1.04352	1.07129	1.05034	1.04986	1.04855	1.06722	1.06351	1.0664	0.882659	0.87991	0.878607	0.876938	0.876182	0.89022	1.09001	1.08128	1.07868	1.07708	1.07776	1.09107	1.02674	1.02617	1.04733	1.03247	1.02512	1.02833	0.925558	0.909495	0.9187	0.905966	0.909807	0.934307	1.05111	1.04876	1.04969	1.04912	1.03479	1.02541	1.06182	1.06859	1.05308	1.06745	1.06636	1.05689
ERR637028	1.00051	0.968341	0.967291	0.948285	0.968301	0.957561	0.949943	0.965301	0.958109	0.963562	0.998975	0.947228	0.938579	0.960757	0.944188	0.956939	0.943232	0.936445	1.08825	1.09102	1.08969	1.07834	1.08886	1.07906	0.949943	0.965301	0.958109	0.963562	0.998975	0.947228	0.779535	0.78653	0.799549	0.786239	0	0.783156	0.929592	0.919357	0.920901	0.927649	0.912414	0.920121	0.993786	0.952877	0.981255	0.943559	0.985298	0.979871	1.09588	1.08889	1.06197	1.0879	1.06038	1.08578	1.06938	1.0691	1.06804	1.08483	1.08137	1.08371	0.899999	0.897461	0.896713	0.895163	0.894189	0.90528	1.10734	1.09986	1.09711	1.09572	1.0967	1.10813	1.04411	1.04281	1.06342	1.04763	1.04179	1.04469	0.939526	0.925218	0.932488	0.922304	0.925359	0.94821	1.06685	1.06505	1.06521	1.06305	1.05102	1.04314	1.08274	1.08753	1.07462	1.08697	1.08534	1.0776
ERR637032	0.98357	0.947342	0.94598	0.925398	0.948173	0.936343	0.930489	0.94607	0.93892	0.944336	0.98301	0.926527	0.910504	0.937683	0.916605	0.932036	0.915241	0.907724	1.0654	1.06895	1.06732	1.054	1.0667	1.05523	0.930489	0.94607	0.93892	0.944336	0.98301	0.926527	0.742537	0.757185	0.768146	0.756012	0.783156	0	0.907897	0.896561	0.897786	0.905432	0.887463	0.897152	0.975821	0.929703	0.960144	0.918772	0.964401	0.958768	1.08065	1.07237	1.04229	1.0712	1.04055	1.06869	1.04532	1.0446	1.04399	1.06228	1.05852	1.06127	0.879177	0.875893	0.874783	0.872967	0.871927	0.885863	1.08614	1.0776	1.07476	1.07331	1.0742	1.08707	1.02323	1.02183	1.04411	1.02815	1.02094	1.02419	0.920531	0.904168	0.912951	0.900632	0.904433	0.92991	1.04824	1.04584	1.04699	1.04565	1.0319	1.02247	1.05852	1.06439	1.04971	1.06335	1.06231	1.05306
ERR621924	1.00954	0.978289	0.977734	0.960261	0.980319	0.970866	0.866286	0.874156	0.872051	0.873046	0.904856	0.861579	0.97413	0.995651	0.978596	0.99031	0.977374	0.971565	1.11889	1.12263	1.12162	1.10918	1.12079	1.10995	0.866286	0.874156	0.872051	0.873046	0.904856	0.861579	0.905516	0.911995	0.921085	0.91173	0.929592	0.907897	0	0.799053	0.796245	0.80573	0.790968	0.799108	0.984204	0.94227	0.96652	0.932324	0.970521	0.965441	1.06443	1.05733	1.04091	1.05685	1.04036	1.05574	1.09397	1.09357	1.0929	1.10848	1.10587	1.1081	0.931398	0.928925	0.927229	0.925881	0.925877	0.938	1.08447	1.07906	1.07688	1.07622	1.07663	1.08487	1.08525	1.08499	1.10244	1.09033	1.08369	1.08704	0.938428	0.924516	0.933846	0.922477	0.92461	0.946214	1.09694	1.09526	1.09584	1.09648	1.08425	1.07666	1.10878	1.11479	1.10147	1.11322	1.11274	1.10493
ERR621920	1.003	0.970415	0.969719	0.951375	0.972109	0.962273	0.855448	0.865094	0.86218	0.863607	0.896619	0.851112	0.966023	0.989074	0.97112	0.983857	0.969893	0.963802	1.1127	1.1164	1.11525	1.10285	1.11444	1.1033	0.855448	0.865094	0.86218	0.863607	0.896619	0.851112	0.893919	0.901458	0.911146	0.901047	0.919357	0.896561	0.799053	0	0.787617	0.797298	0.775704	0.785674	0.975721	0.93237	0.958285	0.922089	0.962259	0.95714	1.05828	1.05135	1.03397	1.05052	1.03296	1.04968	1.08692	1.08635	1.0856	1.10171	1.09895	1.10129	0.922154	0.920044	0.918218	0.91679	0.916451	0.929093	1.07724	1.07163	1.06961	1.06885	1.06935	1.07785	1.07773	1.07735	1.0951	1.08282	1.0761	1.07915	0.928703	0.914098	0.923563	0.911683	0.914619	0.937005	1.09055	1.08896	1.08932	1.08958	1.07732	1.06954	1.10303	1.10881	1.09547	1.10726	1.10684	1.09881
ERR621922	1.00369	0.97015	0.970041	0.951962	0.972831	0.962936	0.857101	0.865777	0.864176	0.864227	0.89817	0.852321	0.964955	0.987931	0.969247	0.982054	0.968232	0.962435	1.1124	1.11628	1.11531	1.10226	1.11432	1.10298	0.857101	0.865777	0.864176	0.864227	0.89817	0.852321	0.895279	0.902353	0.912098	0.901394	0.920901	0.897786	0.796245	0.787617	0	0.794889	0.777704	0.786912	0.976892	0.9328	0.957843	0.922015	0.962024	0.95683	1.05967	1.05161	1.03418	1.051	1.03344	1.04994	1.08721	1.08666	1.08582	1.10207	1.09944	1.10178	0.92246	0.920483	0.917779	0.91609	0.916429	0.929638	1.07819	1.07187	1.06998	1.06891	1.06954	1.07831	1.07849	1.07863	1.0962	1.08436	1.07724	1.08051	0.930119	0.915449	0.925642	0.912884	0.916096	0.938503	1.09069	1.08906	1.08925	1.09039	1.07777	1.06977	1.10153	1.10787	1.09366	1.10626	1.10588	1.09736
ERR621923	1.00832	0.97651	0.976373	0.958879	0.979247	0.969556	0.866078	0.874301	0.872084	0.873071	0.905553	0.861651	0.971432	0.993753	0.976117	0.988222	0.974639	0.968954	1.11689	1.12083	1.1195	1.10722	1.11863	1.10764	0.866078	0.874301	0.872084	0.873071	0.905553	0.861651	0.902995	0.909647	0.918843	0.909285	0.927649	0.905432	0.80573	0.797298	0.794889	0	0.788781	0.79753	0.982209	0.939969	0.964708	0.929838	0.968399	0.963267	1.06441	1.05685	1.03994	1.05656	1.03928	1.05535	1.09184	1.09145	1.09066	1.10604	1.10365	1.10608	0.930313	0.928019	0.925828	0.92475	0.924397	0.936929	1.08344	1.0782	1.07576	1.07511	1.07559	1.08432	1.08371	1.08347	1.10079	1.08893	1.08239	1.08535	0.93641	0.922703	0.931771	0.920231	0.922898	0.944399	1.09574	1.09424	1.09479	1.09523	1.08314	1.07536	1.10651	1.11259	1.09921	1.111	1.11078	1.10264
ERR621919	0.997489	0.962665	0.962032	0.943143	0.965175	0.954733	0.849519	0.858998	0.856728	0.858164	0.893159	0.844187	0.957989	0.982385	0.962697	0.976153	0.961264	0.955357	1.10565	1.11007	1.10869	1.09537	1.10764	1.09595	0.849519	0.858998	0.856728	0.858164	0.893159	0.844187	0.885291	0.892439	0.903321	0.892204	0.912414	0.887463	0.790968	0.775704	0.777704	0.788781	0	0.776547	0.97083	0.924452	0.951192	0.913401	0.955432	0.94974	1.05483	1.04648	1.02811	1.0459	1.02709	1.04482	1.07986	1.07974	1.07876	1.09534	1.09253	1.0952	0.915123	0.91257	0.910958	0.909081	0.909041	0.923028	1.07119	1.06525	1.06308	1.06235	1.06264	1.07187	1.07107	1.07073	1.08923	1.07693	1.06962	1.07272	0.922396	0.906704	0.917317	0.903843	0.907259	0.930696	1.08399	1.08208	1.08291	1.08359	1.07061	1.06233	1.09515	1.10198	1.08766	1.10023	1.09997	1.09121
ERR621921	1.00286	0.97091	0.970186	0.952082	0.97261	0.962743	0.856265	0.865123	0.862514	0.863743	0.897003	0.851662	0.9659	0.988875	0.970594	0.98301	0.969567	0.963301	1.11253	1.11644	1.11501	1.10292	1.11444	1.10339	0.856265	0.865123	0.862514	0.863743	0.897003	0.851662	0.894366	0.901953	0.911212	0.901434	0.920121	0.897152	0.799108	0.785674	0.786912	0.79753	0.776547	0	0.97621	0.933326	0.958494	0.923085	0.962473	0.957654	1.05844	1.05092	1.03385	1.05065	1.0332	1.04928	1.08699	1.0867	1.08583	1.10202	1.09909	1.10126	0.923459	0.920689	0.919011	0.917203	0.917234	0.929859	1.07723	1.07151	1.06929	1.06855	1.0691	1.07733	1.07847	1.07823	1.09613	1.08351	1.07701	1.08028	0.929735	0.915097	0.924699	0.912561	0.91522	0.937943	1.0913	1.08965	1.09012	1.09025	1.078	1.07	1.10249	1.10835	1.09488	1.10696	1.10624	1.09817
ERR608871	1.0606	1.04091	1.04011	1.024	1.0391	1.03034	1.00223	1.01628	1.00859	1.01483	1.04141	1.00101	1.03821	1.05725	1.04435	1.05369	1.04321	1.03656	1.14001	1.14159	1.1402	1.13284	1.13994	1.13325	1.00223	1.01628	1.00859	1.01483	1.04141	1.00101	0.973956	0.981815	0.988474	0.981212	0.993786	0.975821	0.984204	0.975721	0.976892	0.982209	0.97083	0.97621	0	0.821028	0.839212	0.8192	0.841287	0.83723	1.14718	1.14475	1.12489	1.14399	1.12437	1.14288	1.12102	1.12134	1.12041	1.13501	1.13139	1.13285	1.0033	1.00113	1.00118	1.00022	0.999356	1.00684	1.15967	1.15367	1.15107	1.15015	1.1505	1.16009	1.11742	1.1154	1.134	1.11875	1.11451	1.11775	0.863197	0.855735	0.858103	0.856903	0.855115	0.869257	1.13048	1.12897	1.12941	1.12566	1.11709	1.11067	1.13932	1.14139	1.13142	1.14088	1.13924	1.13374
ERR608872	1.03197	1.00396	1.00312	0.985788	1.00422	0.994368	0.965935	0.979938	0.973785	0.977739	1.01173	0.962824	0.998593	1.02227	1.00435	1.01704	1.00278	0.996466	1.10838	1.11135	1.11017	1.09894	1.10987	1.09962	0.965935	0.979938	0.973785	0.977739	1.01173	0.962824	0.926972	0.935027	0.94521	0.934469	0.952877	0.929703	0.94227	0.93237	0.9328	0.939969	0.924452	0.933326	0.821028	0	0.811253	0.777884	0.813501	0.808268	1.12303	1.11701	1.09341	1.11633	1.09203	1.11476	1.08826	1.08826	1.08735	1.10395	1.10066	1.10267	0.962164	0.959884	0.95933	0.957433	0.957189	0.968648	1.13032	1.12256	1.12015	1.11889	1.11939	1.13091	1.08446	1.08311	1.1026	1.08829	1.08195	1.08553	0.837582	0.825623	0.832482	0.825183	0.825357	0.844985	1.09677	1.09487	1.09588	1.09386	1.08242	1.07438	1.10409	1.10889	1.09553	1.1078	1.10644	1.09882
ERR608875	1.05337	1.02781	1.02729	1.01185	1.0286	1.01982	0.989926	1.00168	0.996675	0.999907	1.03053	0.986501	1.02226	1.04366	1.02754	1.03908	1.02644	1.02043	1.1293	1.13243	1.13128	1.12043	1.13061	1.12089	0.989926	1.00168	0.996675	0.999907	1.03053	0.986501	0.95811	0.965188	0.973921	0.964691	0.981255	0.960144	0.96652	0.958285	0.957843	0.964708	0.951192	0.958494	0.839212	0.811253	0	0.805742	0.826526	0.822224	1.13863	1.13269	1.11091	1.13214	1.10995	1.13011	1.11072	1.11058	1.10999	1.12509	1.12204	1.12392	0.988499	0.987	0.985701	0.984352	0.984162	0.994274	1.14892	1.14162	1.13951	1.13826	1.13867	1.14953	1.10711	1.10595	1.12356	1.11108	1.1049	1.10822	0.857701	0.84803	0.854177	0.848499	0.848582	0.8632	1.11812	1.11604	1.11694	1.11562	1.10457	1.09732	1.12459	1.12908	1.11667	1.12826	1.12703	1.11969
ERR608873	1.02623	0.995782	0.994798	0.977059	0.996991	0.98669	0.957457	0.971076	0.96545	0.968913	1.00451	0.953698	0.988732	1.01373	0.994337	1.00794	0.992946	0.986746	1.10136	1.10488	1.10353	1.09079	1.103	1.09149	0.957457	0.971076	0.96545	0.968913	1.00451	0.953698	0.916105	0.924121	0.935439	0.923352	0.943559	0.918772	0.932324	0.922089	0.922015	0.929838	0.913401	0.923085	0.8192	0.777884	0.805742	0	0.808946	0.803075	1.11809	1.11119	1.08645	1.11072	1.08483	1.10834	1.08066	1.08051	1.0795	1.09695	1.09356	1.09577	0.952305	0.949738	0.948643	0.946826	0.946778	0.959436	1.12356	1.11554	1.11278	1.11169	1.11203	1.12405	1.07693	1.07568	1.09531	1.08131	1.07468	1.07828	0.833167	0.819349	0.827955	0.818264	0.819556	0.840626	1.08933	1.08699	1.0879	1.08668	1.07416	1.06605	1.0963	1.10136	1.08705	1.10044	1.09944	1.09075
ERR608876	1.05591	1.03073	1.02969	1.0148	1.03188	1.02294	0.993688	1.00517	1.00055	1.00344	1.03408	0.990664	1.02486	1.04654	1.03039	1.04189	1.02895	1.02349	1.13066	1.13389	1.13259	1.12184	1.1324	1.12248	0.993688	1.00517	1.00055	1.00344	1.03408	0.990664	0.96249	0.9697	0.978425	0.968872	0.985298	0.964401	0.970521	0.962259	0.962024	0.968399	0.955432	0.962473	0.841287	0.813501	0.826526	0.808946	0	0.824493	1.14073	1.13476	1.11317	1.13401	1.11222	1.13231	1.11235	1.11227	1.11142	1.12641	1.12371	1.12544	0.992812	0.990767	0.989551	0.988374	0.987836	0.998428	1.15062	1.1438	1.14119	1.14005	1.14075	1.15095	1.10915	1.10805	1.12524	1.11315	1.10694	1.11044	0.860375	0.851144	0.857245	0.851432	0.851057	0.86602	1.11988	1.11794	1.11884	1.11732	1.10664	1.09937	1.12611	1.13077	1.11822	1.12988	1.12863	1.12146
ERR608874	1.05234	1.02639	1.02575	1.01037	1.02744	1.01847	0.988928	1.00043	0.995873	0.998635	1.02981	0.985483	1.02094	1.04258	1.02594	1.03794	1.02479	1.01892	1.12776	1.13092	1.12981	1.11894	1.12929	1.11963	0.988928	1.00043	0.995873	0.998635	1.02981	0.985483	0.956418	0.96386	0.972782	0.9635	0.979871	0.958768	0.965441	0.95714	0.95683	0.963267	0.94974	0.957654	0.83723	0.808268	0.822224	0.803075	0.824493	0	1.13847	1.13229	1.1106	1.13156	1.10944	1.12991	1.10939	1.10913	1.10795	1.12354	1.12058	1.12229	0.987177	0.985507	0.983927	0.982834	0.982344	0.992907	1.14793	1.14055	1.13835	1.13739	1.13771	1.14826	1.10576	1.10471	1.12221	1.10976	1.10357	1.10701	0.856296	0.846538	0.852847	0.846731	0.846525	0.862135	1.11653	1.11474	1.11573	1.11395	1.10324	1.09593	1.12278	1.12757	1.115	1.12672	1.12564	1.11807
