	ERR630047	ERR630042	ERR630044	ERR630046	ERR630045	ERR630043	ERR618509	ERR618511	ERR618507	ERR618510	ERR618508	ERR618512	ERR617061	ERR617062	ERR617059	ERR617058	ERR617057	ERR617060	ERR636821	ERR636819	ERR636818	ERR636817	ERR636820	ERR636822	ERR637038	ERR637037	ERR637036	ERR637033	ERR637034	ERR637035	ERR629867	ERR629863	ERR629866	ERR629865	ERR629862	ERR629864	ERR613849	ERR613851	ERR613848	ERR613852	ERR613853	ERR613850	ERR607710	ERR607709	ERR607705	ERR607708	ERR607706	ERR607707	ERR616189	ERR616185	ERR616190	ERR616186	ERR616187	ERR616188	ERR617457	ERR617460	ERR617459	ERR617462	ERR617458	ERR617461	ERR617200	ERR617202	ERR617198	ERR617201	ERR617199	ERR617197	ERR617468	ERR617466	ERR617467	ERR617464	ERR617465	ERR617463	ERR618690	ERR618687	ERR618689	ERR618688	ERR618692	ERR618691	ERR605559	ERR605557	ERR605562	ERR605561	ERR605558	ERR605560	ERR616703	ERR616700	ERR616702	ERR616701	ERR616704	ERR616705	ERR616703	ERR616700	ERR616702	ERR616701	ERR616704	ERR616705
ERR630047	6.47047e+09	6.28916e+09	6.05687e+09	6.05217e+09	5.39858e+09	5.70266e+09	6.00348e+09	6.31121e+09	6.37352e+09	6.18424e+09	5.6488e+09	6.38292e+09	6.32975e+09	6.45118e+09	6.93262e+09	6.8366e+09	6.78143e+09	6.41409e+09	6.73081e+09	7.27862e+09	7.33341e+09	7.00355e+09	6.80064e+09	6.75997e+09	6.83955e+09	6.80363e+09	6.78534e+09	6.65509e+09	6.85974e+09	6.8618e+09	6.05461e+09	6.01934e+09	5.98626e+09	6.06996e+09	6.56915e+09	6.5024e+09	6.92263e+09	6.75742e+09	7.2173e+09	6.76671e+09	7.2332e+09	6.43091e+09	6.37599e+09	6.33364e+09	5.86708e+09	6.30866e+09	6.14612e+09	6.14418e+09	4.47683e+09	4.37576e+09	4.63904e+09	4.64888e+09	4.18111e+09	4.42024e+09	5.48545e+09	5.95591e+09	5.55017e+09	5.73498e+09	5.52342e+09	6.01727e+09	5.31611e+09	5.24749e+09	6.06551e+09	5.48439e+09	6.09569e+09	5.85232e+09	6.012e+09	6.19874e+09	6.25976e+09	5.65789e+09	5.66798e+09	5.63614e+09	5.03362e+09	5.15698e+09	4.96386e+09	4.93506e+09	5.13433e+09	5.07215e+09	4.77842e+09	5.18893e+09	4.92641e+09	4.99224e+09	4.99464e+09	4.93187e+09	5.46694e+09	4.75646e+09	4.52995e+09	4.83264e+09	5.47276e+09	5.46843e+09	5.46694e+09	4.75646e+09	4.52995e+09	4.83264e+09	5.47276e+09	5.46843e+09
ERR630042	6.28916e+09	6.54382e+09	6.11311e+09	6.06201e+09	5.40362e+09	5.74303e+09	6.07075e+09	6.39701e+09	6.45148e+09	6.26773e+09	5.70603e+09	6.46872e+09	6.41961e+09	6.53554e+09	7.06099e+09	6.96033e+09	6.89036e+09	6.5061e+09	6.80368e+09	7.37442e+09	7.44304e+09	7.09448e+09	6.8759e+09	6.83245e+09	6.90853e+09	6.87129e+09	6.85026e+09	6.71302e+09	6.93309e+09	6.92322e+09	6.1338e+09	6.11889e+09	6.06444e+09	6.15182e+09	6.68922e+09	6.61958e+09	7.02217e+09	6.8638e+09	7.32773e+09	6.87233e+09	7.34297e+09	6.50776e+09	6.41722e+09	6.37116e+09	5.9032e+09	6.34549e+09	6.19572e+09	6.18085e+09	4.60155e+09	4.50643e+09	4.77059e+09	4.7901e+09	4.31535e+09	4.54592e+09	5.58983e+09	6.08038e+09	5.66936e+09	5.84647e+09	5.6414e+09	6.14249e+09	5.44016e+09	5.33498e+09	6.20041e+09	5.61062e+09	6.23585e+09	5.97599e+09	6.13196e+09	6.33265e+09	6.39444e+09	5.78195e+09	5.79363e+09	5.74663e+09	5.13523e+09	5.26129e+09	5.06043e+09	5.02837e+09	5.24078e+09	5.17485e+09	4.87256e+09	5.29984e+09	5.03012e+09	5.0969e+09	5.09741e+09	5.03605e+09	5.55591e+09	4.83908e+09	4.6146e+09	4.91743e+09	5.56113e+09	5.55765e+09	5.55591e+09	4.83908e+09	4.6146e+09	4.91743e+09	5.56113e+09	5.55765e+09
ERR630044	6.05687e+09	6.11311e+09	6.07995e+09	5.84202e+09	5.21638e+09	5.53972e+09	5.84697e+09	6.15538e+09	6.2075e+09	6.0337e+09	5.5013e+09	6.22314e+09	6.17358e+09	6.28327e+09	6.77921e+09	6.68388e+09	6.61858e+09	6.25537e+09	6.53944e+09	7.07607e+09	7.14051e+09	6.81313e+09	6.60757e+09	6.56738e+09	6.63986e+09	6.60475e+09	6.5851e+09	6.45564e+09	6.66253e+09	6.65379e+09	5.90618e+09	5.89085e+09	5.84057e+09	5.9234e+09	6.42917e+09	6.3638e+09	6.7441e+09	6.59451e+09	7.03114e+09	6.60233e+09	7.04574e+09	6.25945e+09	6.17659e+09	6.13304e+09	5.6909e+09	6.10917e+09	5.96717e+09	5.95319e+09	4.44041e+09	4.34966e+09	4.60165e+09	4.62009e+09	4.16571e+09	4.38721e+09	5.3814e+09	5.84685e+09	5.4559e+09	5.62487e+09	5.43002e+09	5.90627e+09	5.23779e+09	5.13865e+09	5.96055e+09	5.40077e+09	5.99387e+09	5.74763e+09	5.89597e+09	6.08598e+09	6.14468e+09	5.5635e+09	5.57435e+09	5.53046e+09	4.94768e+09	5.06726e+09	4.87656e+09	4.84638e+09	5.04756e+09	4.98529e+09	4.70201e+09	5.10864e+09	4.85203e+09	4.91533e+09	4.91628e+09	4.85779e+09	5.35236e+09	4.67033e+09	4.45599e+09	4.74512e+09	5.35772e+09	5.35408e+09	5.35236e+09	4.67033e+09	4.45599e+09	4.74512e+09	5.35772e+09	5.35408e+09
ERR630046	6.05217e+09	6.06201e+09	5.84202e+09	6.02381e+09	5.21895e+09	5.50644e+09	5.7885e+09	6.07976e+09	6.13887e+09	5.9592e+09	5.45171e+09	6.1475e+09	6.09331e+09	6.20897e+09	6.66278e+09	6.57193e+09	6.52087e+09	6.17392e+09	6.4778e+09	6.99301e+09	7.04406e+09	6.73423e+09	6.54341e+09	6.50476e+09	6.58165e+09	6.54817e+09	6.53109e+09	6.40792e+09	6.60075e+09	6.60257e+09	5.8337e+09	5.79955e+09	5.76874e+09	5.848e+09	6.31966e+09	6.25611e+09	6.65704e+09	6.50144e+09	6.93407e+09	6.50974e+09	6.94944e+09	6.19396e+09	6.14501e+09	6.10457e+09	5.6632e+09	6.08089e+09	5.92694e+09	5.92531e+09	4.32073e+09	4.22313e+09	4.47504e+09	4.48417e+09	4.03628e+09	4.2657e+09	5.28417e+09	5.73066e+09	5.34458e+09	5.52127e+09	5.31981e+09	5.78831e+09	5.12012e+09	5.05718e+09	5.83314e+09	5.28072e+09	5.86139e+09	5.63146e+09	5.78349e+09	5.96038e+09	6.01863e+09	5.44667e+09	5.45591e+09	5.42646e+09	4.85043e+09	4.96813e+09	4.7844e+09	4.75659e+09	4.94632e+09	4.88786e+09	4.61353e+09	5.00452e+09	4.75435e+09	4.81698e+09	4.81933e+09	4.75929e+09	5.26954e+09	4.5925e+09	4.37532e+09	4.66499e+09	5.27568e+09	5.27098e+09	5.26954e+09	4.5925e+09	4.37532e+09	4.66499e+09	5.27568e+09	5.27098e+09
ERR630045	5.39858e+09	5.40362e+09	5.21638e+09	5.21895e+09	4.84871e+09	4.93228e+09	5.16497e+09	5.41142e+09	5.46268e+09	5.30894e+09	4.87702e+09	5.46897e+09	5.4184e+09	5.51775e+09	5.90118e+09	5.82443e+09	5.7824e+09	5.48754e+09	5.75182e+09	6.18722e+09	6.22989e+09	5.96814e+09	5.80772e+09	5.77535e+09	5.84142e+09	5.81318e+09	5.79846e+09	5.69481e+09	5.85685e+09	5.85946e+09	5.19722e+09	5.16538e+09	5.14204e+09	5.20862e+09	5.6079e+09	5.55398e+09	5.9013e+09	5.76921e+09	6.13533e+09	5.7767e+09	6.14849e+09	5.50996e+09	5.47203e+09	5.43757e+09	5.06275e+09	5.41761e+09	5.28591e+09	5.2858e+09	3.87859e+09	3.7921e+09	4.01232e+09	4.01909e+09	3.62657e+09	3.83031e+09	4.71545e+09	5.09678e+09	4.76518e+09	4.91875e+09	4.74414e+09	5.14662e+09	4.56908e+09	4.51854e+09	5.1827e+09	4.70834e+09	5.20579e+09	5.01105e+09	5.14279e+09	5.29324e+09	5.34272e+09	4.85297e+09	4.8607e+09	4.83672e+09	4.33675e+09	4.4396e+09	4.27999e+09	4.25611e+09	4.41937e+09	4.36924e+09	4.14008e+09	4.47623e+09	4.26133e+09	4.31503e+09	4.3179e+09	4.26486e+09	4.70834e+09	4.12413e+09	3.93448e+09	4.18653e+09	4.715e+09	4.71045e+09	4.70834e+09	4.12413e+09	3.93448e+09	4.18653e+09	4.715e+09	4.71045e+09
ERR630043	5.70266e+09	5.74303e+09	5.53972e+09	5.50644e+09	4.93228e+09	5.3932e+09	5.49442e+09	5.77215e+09	5.82073e+09	5.66048e+09	5.17798e+09	5.83438e+09	5.78898e+09	5.89108e+09	6.33292e+09	6.24609e+09	6.19063e+09	5.86366e+09	6.12689e+09	6.6128e+09	6.66779e+09	6.37308e+09	6.18855e+09	6.15225e+09	6.22055e+09	6.18836e+09	6.17085e+09	6.05454e+09	6.2399e+09	6.23562e+09	5.54259e+09	5.52439e+09	5.48268e+09	5.55741e+09	6.01097e+09	5.9518e+09	6.30697e+09	6.16859e+09	6.56696e+09	6.17631e+09	6.58079e+09	5.87048e+09	5.8016e+09	5.76225e+09	5.35784e+09	5.74105e+09	5.60752e+09	5.59886e+09	4.17124e+09	4.08369e+09	4.31893e+09	4.3325e+09	3.91084e+09	4.12108e+09	5.04774e+09	5.47069e+09	5.11258e+09	5.2709e+09	5.08837e+09	5.5247e+09	4.90711e+09	4.82782e+09	5.57166e+09	5.05752e+09	5.60171e+09	5.37955e+09	5.51748e+09	5.6886e+09	5.74213e+09	5.21019e+09	5.22035e+09	5.18321e+09	4.64284e+09	4.75382e+09	4.57892e+09	4.55172e+09	4.734e+09	4.67811e+09	4.42404e+09	4.79595e+09	4.56075e+09	4.61918e+09	4.62052e+09	4.5658e+09	5.02762e+09	4.39726e+09	4.19704e+09	4.46556e+09	5.03289e+09	5.02959e+09	5.02762e+09	4.39726e+09	4.19704e+09	4.46556e+09	5.03289e+09	5.02959e+09
ERR618509	6.00348e+09	6.07075e+09	5.84697e+09	5.7885e+09	5.16497e+09	5.49442e+09	6.30958e+09	6.44174e+09	6.48649e+09	6.31489e+09	5.73859e+09	6.51421e+09	6.46662e+09	6.57567e+09	7.11748e+09	7.01729e+09	6.93619e+09	6.55257e+09	6.67682e+09	7.25e+09	7.32536e+09	6.97382e+09	6.74933e+09	6.70517e+09	6.70841e+09	6.67107e+09	6.64834e+09	6.51409e+09	6.73769e+09	6.72039e+09	6.09128e+09	6.08811e+09	6.02273e+09	6.10852e+09	6.65071e+09	6.58193e+09	6.96903e+09	6.81814e+09	7.27676e+09	6.82633e+09	7.29214e+09	6.44783e+09	6.26986e+09	6.22261e+09	5.76903e+09	6.19806e+09	6.05667e+09	6.03614e+09	4.71398e+09	4.62239e+09	4.88664e+09	4.90949e+09	4.43813e+09	4.66142e+09	5.6576e+09	6.15172e+09	5.74459e+09	5.91495e+09	5.7183e+09	6.21451e+09	5.52074e+09	5.39765e+09	6.27231e+09	5.68994e+09	6.30871e+09	6.04347e+09	6.20584e+09	6.41111e+09	6.47085e+09	5.86682e+09	5.87784e+09	5.82138e+09	5.19654e+09	5.31763e+09	5.12067e+09	5.0849e+09	5.30515e+09	5.23615e+09	4.91296e+09	5.33984e+09	5.07591e+09	5.14169e+09	5.13824e+09	5.08091e+09	5.60102e+09	4.89569e+09	4.67343e+09	4.97545e+09	5.60524e+09	5.60219e+09	5.60102e+09	4.89569e+09	4.67343e+09	4.97545e+09	5.60524e+09	5.60219e+09
ERR618511	6.31121e+09	6.39701e+09	6.15538e+09	6.07976e+09	5.41142e+09	5.77215e+09	6.44174e+09	7.02672e+09	6.85134e+09	6.6753e+09	6.03728e+09	6.89096e+09	6.84079e+09	6.95586e+09	7.56238e+09	7.45244e+09	7.35547e+09	6.93452e+09	7.0629e+09	7.69353e+09	7.7813e+09	7.39255e+09	7.14164e+09	7.09331e+09	7.09323e+09	7.05119e+09	7.02599e+09	6.8788e+09	7.12661e+09	7.10304e+09	6.43079e+09	6.43451e+09	6.35578e+09	6.44949e+09	7.05179e+09	6.97608e+09	7.38985e+09	7.23077e+09	7.72899e+09	7.23855e+09	7.74545e+09	6.8146e+09	6.60966e+09	6.55724e+09	6.06849e+09	6.53106e+09	6.38191e+09	6.35535e+09	4.98698e+09	4.89212e+09	5.17429e+09	5.2028e+09	4.69912e+09	4.93173e+09	5.98302e+09	6.52533e+09	6.08519e+09	6.26331e+09	6.05584e+09	6.59341e+09	5.84765e+09	5.6984e+09	6.65871e+09	6.02849e+09	6.70075e+09	6.40525e+09	6.58032e+09	6.80782e+09	6.87245e+09	6.21859e+09	6.23067e+09	6.16215e+09	5.49251e+09	5.62058e+09	5.40741e+09	5.36718e+09	5.61038e+09	5.53499e+09	5.17515e+09	5.63784e+09	5.35339e+09	5.42372e+09	5.41901e+09	5.35975e+09	5.91426e+09	5.15748e+09	4.92193e+09	5.2442e+09	5.91774e+09	5.91588e+09	5.91426e+09	5.15748e+09	4.92193e+09	5.2442e+09	5.91774e+09	5.91588e+09
ERR618507	6.37352e+09	6.45148e+09	6.2075e+09	6.13887e+09	5.46268e+09	5.82073e+09	6.48649e+09	6.85134e+09	7.12037e+09	6.71257e+09	6.08165e+09	6.93071e+09	6.88306e+09	7.00187e+09	7.60119e+09	7.49151e+09	7.4e+09	6.97674e+09	7.11252e+09	7.74484e+09	7.82996e+09	7.44068e+09	7.1922e+09	7.14404e+09	7.14897e+09	7.1078e+09	7.08248e+09	6.93362e+09	7.18109e+09	7.16114e+09	6.47147e+09	6.4701e+09	6.39633e+09	6.49057e+09	7.09066e+09	7.01455e+09	7.43626e+09	7.27171e+09	7.77662e+09	7.28018e+09	7.79328e+09	6.86128e+09	6.66392e+09	6.61221e+09	6.11692e+09	6.58544e+09	6.43262e+09	6.40829e+09	4.9948e+09	4.89804e+09	5.18154e+09	5.20925e+09	4.70096e+09	4.93871e+09	6.01323e+09	6.55383e+09	6.11037e+09	6.2935e+09	6.08144e+09	6.62253e+09	5.86954e+09	5.72916e+09	6.68679e+09	6.05228e+09	6.72725e+09	6.43589e+09	6.61078e+09	6.83711e+09	6.90194e+09	6.24288e+09	6.25537e+09	6.1919e+09	5.51633e+09	5.64882e+09	5.43334e+09	5.3943e+09	5.63428e+09	5.55958e+09	5.20223e+09	5.66679e+09	5.37904e+09	5.45049e+09	5.44764e+09	5.38516e+09	5.94664e+09	5.18247e+09	4.94399e+09	5.26892e+09	5.95129e+09	5.94858e+09	5.94664e+09	5.18247e+09	4.94399e+09	5.26892e+09	5.95129e+09	5.94858e+09
ERR618510	6.18424e+09	6.26773e+09	6.0337e+09	5.9592e+09	5.30894e+09	5.66048e+09	6.31489e+09	6.6753e+09	6.71257e+09	6.7502e+09	5.92126e+09	6.7513e+09	6.70035e+09	6.81233e+09	7.40023e+09	7.2944e+09	7.19951e+09	6.79106e+09	6.91672e+09	7.52866e+09	7.61295e+09	7.23676e+09	6.99345e+09	6.94627e+09	6.94516e+09	6.90466e+09	6.88001e+09	6.7373e+09	6.97788e+09	6.95473e+09	6.30181e+09	6.30647e+09	6.22938e+09	6.32027e+09	6.90411e+09	6.83095e+09	7.23414e+09	7.07983e+09	7.56242e+09	7.0873e+09	7.57772e+09	6.67613e+09	6.47707e+09	6.42635e+09	5.95087e+09	6.40074e+09	6.25581e+09	6.22978e+09	4.89427e+09	4.80138e+09	5.07673e+09	5.10451e+09	4.61305e+09	4.84045e+09	5.86419e+09	6.39063e+09	5.9631e+09	6.13656e+09	5.93481e+09	6.45676e+09	5.73142e+09	5.58614e+09	6.52075e+09	5.90809e+09	6.56113e+09	6.27499e+09	6.44449e+09	6.66597e+09	6.72844e+09	6.09306e+09	6.10484e+09	6.0383e+09	5.38542e+09	5.51072e+09	5.30239e+09	5.26329e+09	5.5008e+09	5.42686e+09	5.07841e+09	5.52841e+09	5.25204e+09	5.321e+09	5.31557e+09	5.25822e+09	5.79743e+09	5.06139e+09	4.83185e+09	5.14533e+09	5.80142e+09	5.79948e+09	5.79743e+09	5.06139e+09	4.83185e+09	5.14533e+09	5.80142e+09	5.79948e+09
ERR618508	5.6488e+09	5.70603e+09	5.5013e+09	5.45171e+09	4.87702e+09	5.17798e+09	5.73859e+09	6.03728e+09	6.08165e+09	5.92126e+09	5.5832e+09	6.10294e+09	6.05625e+09	6.15699e+09	6.64379e+09	6.55258e+09	6.48152e+09	6.13434e+09	6.25343e+09	6.77202e+09	6.83839e+09	6.52103e+09	6.31914e+09	6.27931e+09	6.28393e+09	6.24997e+09	6.22978e+09	6.10757e+09	6.30958e+09	6.29632e+09	5.71509e+09	5.70816e+09	5.65214e+09	5.73063e+09	6.21966e+09	6.15753e+09	6.51477e+09	6.37561e+09	6.79353e+09	6.3826e+09	6.80718e+09	6.04447e+09	5.88859e+09	5.8457e+09	5.42954e+09	5.82387e+09	5.69233e+09	5.67569e+09	4.43025e+09	4.34409e+09	4.5882e+09	4.60766e+09	4.17049e+09	4.38027e+09	5.30569e+09	5.75542e+09	5.38323e+09	5.54077e+09	5.35893e+09	5.8131e+09	5.17494e+09	5.06933e+09	5.86377e+09	5.33048e+09	5.89677e+09	5.65696e+09	5.80577e+09	5.9912e+09	6.0454e+09	5.49354e+09	5.50331e+09	5.45501e+09	4.88112e+09	4.99367e+09	4.81148e+09	4.78001e+09	4.97938e+09	4.91778e+09	4.62915e+09	5.02051e+09	4.77764e+09	4.83817e+09	4.8362e+09	4.7825e+09	5.26041e+09	4.61147e+09	4.40547e+09	4.68431e+09	5.26465e+09	5.26246e+09	5.26041e+09	4.61147e+09	4.40547e+09	4.68431e+09	5.26465e+09	5.26246e+09
ERR618512	6.38292e+09	6.46872e+09	6.22314e+09	6.1475e+09	5.46897e+09	5.83438e+09	6.51421e+09	6.89096e+09	6.93071e+09	6.7513e+09	6.10294e+09	7.19109e+09	6.92424e+09	7.04157e+09	7.65739e+09	7.546e+09	7.44735e+09	7.01843e+09	7.14518e+09	7.7886e+09	7.87776e+09	7.48125e+09	7.22587e+09	7.17615e+09	7.17581e+09	7.13358e+09	7.10758e+09	6.95727e+09	7.21058e+09	7.18608e+09	6.50574e+09	6.50949e+09	6.42915e+09	6.52495e+09	7.13696e+09	7.0599e+09	7.47918e+09	7.31715e+09	7.82504e+09	7.32549e+09	7.84174e+09	6.8937e+09	6.68382e+09	6.63069e+09	6.13323e+09	6.60377e+09	6.4522e+09	6.42509e+09	5.04117e+09	4.94491e+09	5.23128e+09	5.26027e+09	4.74991e+09	4.98589e+09	6.05357e+09	6.60454e+09	6.15784e+09	6.33873e+09	6.1277e+09	6.67411e+09	5.91585e+09	5.76474e+09	6.74124e+09	6.09975e+09	6.78304e+09	6.48318e+09	6.65998e+09	6.89216e+09	6.95772e+09	6.29238e+09	6.30504e+09	6.23502e+09	5.55597e+09	5.68663e+09	5.46955e+09	5.42934e+09	5.67615e+09	5.59921e+09	5.23108e+09	5.70055e+09	5.41204e+09	5.48338e+09	5.47816e+09	5.41828e+09	5.9809e+09	5.21335e+09	4.97431e+09	5.30078e+09	5.98465e+09	5.98247e+09	5.9809e+09	5.21335e+09	4.97431e+09	5.30078e+09	5.98465e+09	5.98247e+09
ERR617061	6.32975e+09	6.41961e+09	6.17358e+09	6.09331e+09	5.4184e+09	5.78898e+09	6.46662e+09	6.84079e+09	6.88306e+09	6.70035e+09	6.05625e+09	6.92424e+09	7.33925e+09	7.22232e+09	7.83799e+09	7.72271e+09	7.6194e+09	7.19853e+09	7.09336e+09	7.79603e+09	7.88457e+09	7.45469e+09	7.17854e+09	7.12654e+09	7.11714e+09	7.06941e+09	7.04146e+09	6.87906e+09	7.148e+09	7.13036e+09	6.55066e+09	6.55709e+09	6.47342e+09	6.572e+09	7.19411e+09	7.11219e+09	7.4722e+09	7.30151e+09	7.84349e+09	7.30715e+09	7.86354e+09	6.86452e+09	6.58996e+09	6.5355e+09	6.02127e+09	6.5066e+09	6.34502e+09	6.32234e+09	5.18194e+09	5.08083e+09	5.37615e+09	5.4042e+09	4.8777e+09	5.1248e+09	6.20651e+09	6.76174e+09	6.31051e+09	6.49386e+09	6.27847e+09	6.83131e+09	6.08277e+09	5.94285e+09	6.92657e+09	6.27107e+09	6.97261e+09	6.66802e+09	6.82699e+09	7.05996e+09	7.12694e+09	6.45305e+09	6.46902e+09	6.39735e+09	5.71182e+09	5.84855e+09	5.62524e+09	5.58386e+09	5.83412e+09	5.75699e+09	5.35768e+09	5.83757e+09	5.54417e+09	5.61612e+09	5.61179e+09	5.55049e+09	6.07762e+09	5.29725e+09	5.0549e+09	5.38333e+09	6.08107e+09	6.07922e+09	6.07762e+09	5.29725e+09	5.0549e+09	5.38333e+09	6.08107e+09	6.07922e+09
ERR617062	6.45118e+09	6.53554e+09	6.28327e+09	6.20897e+09	5.51775e+09	5.89108e+09	6.57567e+09	6.95586e+09	7.00187e+09	6.81233e+09	6.15699e+09	7.04157e+09	7.22232e+09	7.5875e+09	7.9692e+09	7.85234e+09	7.74952e+09	7.32048e+09	7.22001e+09	7.93673e+09	8.02511e+09	7.5874e+09	7.30669e+09	7.25391e+09	7.24682e+09	7.19883e+09	7.17064e+09	7.00513e+09	7.27792e+09	7.26198e+09	6.66012e+09	6.66333e+09	6.58091e+09	6.68136e+09	7.31344e+09	7.23032e+09	7.60315e+09	7.42557e+09	7.9817e+09	7.43247e+09	8.00231e+09	6.9842e+09	6.71164e+09	6.65639e+09	6.13006e+09	6.62673e+09	6.45932e+09	6.43784e+09	5.24647e+09	5.14187e+09	5.44386e+09	5.47018e+09	4.93367e+09	5.18746e+09	6.2994e+09	6.8649e+09	6.40332e+09	6.59314e+09	6.37101e+09	6.9365e+09	6.16848e+09	6.03317e+09	7.03291e+09	6.36196e+09	7.07844e+09	6.77019e+09	6.93335e+09	7.17013e+09	7.238e+09	6.54858e+09	6.56385e+09	6.49405e+09	5.79392e+09	5.93455e+09	5.706e+09	5.66482e+09	5.91815e+09	5.84014e+09	5.43345e+09	5.92312e+09	5.62266e+09	5.69648e+09	5.69277e+09	5.62852e+09	6.17194e+09	5.37319e+09	5.12555e+09	5.46124e+09	6.17581e+09	6.17369e+09	6.17194e+09	5.37319e+09	5.12555e+09	5.46124e+09	6.17581e+09	6.17369e+09
ERR617059	6.93262e+09	7.06099e+09	6.77921e+09	6.66278e+09	5.90118e+09	6.33292e+09	7.11748e+09	7.56238e+09	7.60119e+09	7.40023e+09	6.64379e+09	7.65739e+09	7.83799e+09	7.9692e+09	9.03217e+09	8.6166e+09	8.47287e+09	7.95019e+09	7.85656e+09	8.6896e+09	8.81142e+09	8.29082e+09	7.95658e+09	7.89427e+09	7.87471e+09	7.81883e+09	7.78506e+09	7.59515e+09	7.91702e+09	7.88363e+09	7.22332e+09	7.24772e+09	7.13438e+09	7.25002e+09	8.00516e+09	7.90939e+09	8.3176e+09	8.12698e+09	8.76149e+09	8.1335e+09	8.78335e+09	7.58708e+09	7.25567e+09	7.19202e+09	6.60824e+09	7.15784e+09	6.9841e+09	6.94658e+09	5.72779e+09	5.62317e+09	5.95436e+09	5.99698e+09	5.4049e+09	5.66603e+09	6.86631e+09	7.5291e+09	7.00273e+09	7.20427e+09	6.9656e+09	7.61156e+09	6.74663e+09	6.53802e+09	7.72444e+09	6.96284e+09	7.78243e+09	7.40844e+09	7.59429e+09	7.88169e+09	7.9601e+09	7.17114e+09	7.18906e+09	7.08918e+09	6.30385e+09	6.4584e+09	6.19942e+09	6.14969e+09	6.44667e+09	6.35448e+09	5.88308e+09	6.43685e+09	6.10001e+09	6.18215e+09	6.17362e+09	6.10767e+09	6.7018e+09	5.8191e+09	5.54982e+09	5.92018e+09	6.70419e+09	6.70321e+09	6.7018e+09	5.8191e+09	5.54982e+09	5.92018e+09	6.70419e+09	6.70321e+09
ERR617058	6.8366e+09	6.96033e+09	6.68388e+09	6.57193e+09	5.82443e+09	6.24609e+09	7.01729e+09	7.45244e+09	7.49151e+09	7.2944e+09	6.55258e+09	7.546e+09	7.72271e+09	7.85234e+09	8.6166e+09	8.75556e+09	8.34392e+09	7.83305e+09	7.7405e+09	8.55339e+09	8.67192e+09	8.16468e+09	7.83812e+09	7.77715e+09	7.75851e+09	7.70353e+09	7.67106e+09	7.48492e+09	7.79993e+09	7.76758e+09	7.12037e+09	7.14315e+09	7.03366e+09	7.14696e+09	7.88316e+09	7.78992e+09	8.19201e+09	8.00474e+09	8.62518e+09	8.01108e+09	8.64591e+09	7.47674e+09	7.1539e+09	7.09101e+09	6.51789e+09	7.05768e+09	6.88687e+09	6.8488e+09	5.64901e+09	5.54679e+09	5.87119e+09	5.91293e+09	5.33175e+09	5.58811e+09	6.76972e+09	7.41833e+09	6.90193e+09	7.1004e+09	6.86667e+09	7.49901e+09	6.65101e+09	6.44768e+09	7.60856e+09	6.86227e+09	7.66259e+09	7.29909e+09	7.48251e+09	7.76259e+09	7.83881e+09	7.06787e+09	7.08361e+09	6.98776e+09	6.21808e+09	6.36928e+09	6.11637e+09	6.06674e+09	6.35837e+09	6.2678e+09	5.80444e+09	6.34696e+09	6.01658e+09	6.09721e+09	6.08893e+09	6.02412e+09	6.60723e+09	5.74276e+09	5.47833e+09	5.84205e+09	6.60977e+09	6.60902e+09	6.60723e+09	5.74276e+09	5.47833e+09	5.84205e+09	6.60977e+09	6.60902e+09
ERR617057	6.78143e+09	6.89036e+09	6.61858e+09	6.52087e+09	5.7824e+09	6.19063e+09	6.93619e+09	7.35547e+09	7.4e+09	7.19951e+09	6.48152e+09	7.44735e+09	7.6194e+09	7.74952e+09	8.47287e+09	8.34392e+09	8.48397e+09	7.72696e+09	7.64284e+09	8.42854e+09	8.53612e+09	8.04933e+09	7.7381e+09	7.67937e+09	7.66777e+09	7.61436e+09	7.58316e+09	7.4022e+09	7.70466e+09	7.67896e+09	7.0311e+09	7.04443e+09	6.94572e+09	7.05606e+09	7.76219e+09	7.67173e+09	8.07085e+09	7.88367e+09	8.48975e+09	7.89068e+09	8.51044e+09	7.38406e+09	7.08113e+09	7.02042e+09	6.45585e+09	6.98814e+09	6.81545e+09	6.78333e+09	5.54977e+09	5.44526e+09	5.76484e+09	5.80185e+09	5.23007e+09	5.48821e+09	6.66632e+09	7.29101e+09	6.78728e+09	6.9857e+09	6.75235e+09	7.36931e+09	6.5383e+09	6.35718e+09	7.47352e+09	6.74583e+09	7.52543e+09	7.18045e+09	7.35758e+09	7.62428e+09	7.69896e+09	6.94607e+09	6.96276e+09	6.87787e+09	6.1227e+09	6.27304e+09	6.02508e+09	5.97844e+09	6.25835e+09	6.17137e+09	5.72636e+09	6.25678e+09	5.93175e+09	6.0108e+09	6.00633e+09	5.93907e+09	6.51643e+09	5.6644e+09	5.40229e+09	5.76135e+09	6.51958e+09	6.51801e+09	6.51643e+09	5.6644e+09	5.40229e+09	5.76135e+09	6.51958e+09	6.51801e+09
ERR617060	6.41409e+09	6.5061e+09	6.25537e+09	6.17392e+09	5.48754e+09	5.86366e+09	6.55257e+09	6.93452e+09	6.97674e+09	6.79106e+09	6.13434e+09	7.01843e+09	7.19853e+09	7.32048e+09	7.95019e+09	7.83305e+09	7.72696e+09	7.53637e+09	7.19171e+09	7.90814e+09	7.99875e+09	7.56004e+09	7.27838e+09	7.2261e+09	7.21585e+09	7.16745e+09	7.13896e+09	6.97379e+09	7.24764e+09	7.22938e+09	6.63863e+09	6.64603e+09	6.55966e+09	6.66047e+09	7.29567e+09	7.2122e+09	7.57947e+09	7.40527e+09	7.9576e+09	7.4116e+09	7.97825e+09	6.9598e+09	6.68001e+09	6.62491e+09	6.1023e+09	6.59466e+09	6.43136e+09	6.40743e+09	5.24652e+09	5.14368e+09	5.44474e+09	5.47226e+09	4.93791e+09	5.18811e+09	6.28741e+09	6.85357e+09	6.39445e+09	6.58106e+09	6.36081e+09	6.92523e+09	6.16177e+09	6.01774e+09	7.022e+09	6.35369e+09	7.0692e+09	6.7582e+09	6.92095e+09	7.15879e+09	7.22656e+09	6.54026e+09	6.55562e+09	6.48208e+09	5.78385e+09	5.92318e+09	5.69547e+09	5.65315e+09	5.90829e+09	5.82974e+09	5.42323e+09	5.91208e+09	5.61355e+09	5.68656e+09	5.68227e+09	5.61951e+09	6.15671e+09	5.36282e+09	5.11674e+09	5.45052e+09	6.1601e+09	6.15776e+09	6.15671e+09	5.36282e+09	5.11674e+09	5.45052e+09	6.1601e+09	6.15776e+09
ERR636821	6.73081e+09	6.80368e+09	6.53944e+09	6.4778e+09	5.75182e+09	6.12689e+09	6.67682e+09	7.0629e+09	7.11252e+09	6.91672e+09	6.25343e+09	7.14518e+09	7.09336e+09	7.22001e+09	7.85656e+09	7.7405e+09	7.64284e+09	7.19171e+09	7.83514e+09	8.29336e+09	8.38512e+09	7.96868e+09	7.70357e+09	7.65092e+09	7.5729e+09	7.5285e+09	7.50274e+09	7.34611e+09	7.60579e+09	7.58327e+09	6.80725e+09	6.80313e+09	6.72667e+09	6.82757e+09	7.46969e+09	7.38922e+09	7.86478e+09	7.68689e+09	8.22576e+09	7.69688e+09	8.24237e+09	7.24393e+09	7.10312e+09	7.0479e+09	6.50691e+09	7.01817e+09	6.85115e+09	6.8247e+09	5.18838e+09	5.08603e+09	5.3844e+09	5.41247e+09	4.88219e+09	5.12959e+09	6.24734e+09	6.82074e+09	6.35147e+09	6.54345e+09	6.31983e+09	6.89332e+09	6.09765e+09	5.94423e+09	6.95985e+09	6.28887e+09	7.00371e+09	6.69079e+09	6.88343e+09	7.12234e+09	7.19332e+09	6.49195e+09	6.50641e+09	6.43887e+09	5.72327e+09	5.85857e+09	5.63416e+09	5.59159e+09	5.84762e+09	5.7675e+09	5.3938e+09	5.88028e+09	5.57836e+09	5.65216e+09	5.64756e+09	5.58643e+09	6.19748e+09	5.39008e+09	5.14129e+09	5.48314e+09	6.20155e+09	6.19848e+09	6.19748e+09	5.39008e+09	5.14129e+09	5.48314e+09	6.20155e+09	6.19848e+09
ERR636819	7.27862e+09	7.37442e+09	7.07607e+09	6.99301e+09	6.18722e+09	6.6128e+09	7.25e+09	7.69353e+09	7.74484e+09	7.52866e+09	6.77202e+09	7.7886e+09	7.79603e+09	7.93673e+09	8.6896e+09	8.55339e+09	8.42854e+09	7.90814e+09	8.29336e+09	9.40211e+09	9.24564e+09	8.7285e+09	8.39695e+09	8.33356e+09	8.24654e+09	8.19207e+09	8.15989e+09	7.97073e+09	8.28583e+09	8.25832e+09	7.42955e+09	7.43561e+09	7.33802e+09	7.4545e+09	8.21079e+09	8.11595e+09	8.61124e+09	8.4054e+09	9.05213e+09	8.41537e+09	9.07351e+09	7.87192e+09	7.67182e+09	7.607e+09	6.98689e+09	7.57131e+09	7.37975e+09	7.34746e+09	5.71195e+09	5.60052e+09	5.9359e+09	5.9733e+09	5.3767e+09	5.64766e+09	6.89598e+09	7.56051e+09	7.02342e+09	7.23662e+09	6.98617e+09	7.64449e+09	6.74791e+09	6.55991e+09	7.73806e+09	6.96643e+09	7.79259e+09	7.42398e+09	7.63217e+09	7.91401e+09	7.99535e+09	7.18891e+09	7.20778e+09	7.12013e+09	6.32241e+09	6.47626e+09	6.21924e+09	6.16968e+09	6.46592e+09	6.37294e+09	5.8941e+09	6.4475e+09	6.10732e+09	6.18981e+09	6.18374e+09	6.11604e+09	6.79363e+09	5.88573e+09	5.60995e+09	5.99072e+09	6.79701e+09	6.7946e+09	6.79363e+09	5.88573e+09	5.60995e+09	5.99072e+09	6.79701e+09	6.7946e+09
ERR636818	7.33341e+09	7.44304e+09	7.14051e+09	7.04406e+09	6.22989e+09	6.66779e+09	7.32536e+09	7.7813e+09	7.82996e+09	7.61295e+09	6.83839e+09	7.87776e+09	7.88457e+09	8.02511e+09	8.81142e+09	8.67192e+09	8.53612e+09	7.99875e+09	8.38512e+09	9.24564e+09	9.64988e+09	8.83578e+09	8.49148e+09	8.42558e+09	8.33377e+09	8.27749e+09	8.24441e+09	8.04966e+09	8.37646e+09	8.34251e+09	7.50853e+09	7.52235e+09	7.41593e+09	7.53519e+09	8.31836e+09	8.22125e+09	8.72181e+09	8.51547e+09	9.17618e+09	8.52547e+09	9.19772e+09	7.95774e+09	7.74127e+09	7.67413e+09	7.04692e+09	7.63859e+09	7.44906e+09	7.41113e+09	5.7983e+09	5.68861e+09	6.02796e+09	6.07037e+09	5.46543e+09	5.73422e+09	6.98563e+09	7.67016e+09	7.12172e+09	7.33453e+09	7.08443e+09	7.75605e+09	6.84427e+09	6.63625e+09	7.85334e+09	7.06636e+09	7.91071e+09	7.5273e+09	7.7396e+09	8.03378e+09	8.11704e+09	7.29276e+09	7.31161e+09	7.21567e+09	6.40238e+09	6.55806e+09	6.29569e+09	6.24435e+09	6.54981e+09	6.45385e+09	5.96282e+09	6.52774e+09	6.18181e+09	6.26486e+09	6.258e+09	6.191e+09	6.87382e+09	5.95423e+09	5.67637e+09	6.06156e+09	6.87666e+09	6.87475e+09	6.87382e+09	5.95423e+09	5.67637e+09	6.06156e+09	6.87666e+09	6.87475e+09
ERR636817	7.00355e+09	7.09448e+09	6.81313e+09	6.73423e+09	5.96814e+09	6.37308e+09	6.97382e+09	7.39255e+09	7.44068e+09	7.23676e+09	6.52103e+09	7.48125e+09	7.45469e+09	7.5874e+09	8.29082e+09	8.16468e+09	8.04933e+09	7.56004e+09	7.96868e+09	8.7285e+09	8.83578e+09	8.60879e+09	8.06396e+09	8.00561e+09	7.92163e+09	7.87161e+09	7.84226e+09	7.66872e+09	7.95902e+09	7.93021e+09	7.12665e+09	7.13205e+09	7.04023e+09	7.14977e+09	7.85646e+09	7.76867e+09	8.25663e+09	8.06694e+09	8.65882e+09	8.07745e+09	8.67779e+09	7.57095e+09	7.39543e+09	7.33419e+09	6.75525e+09	7.30214e+09	7.12543e+09	7.09321e+09	5.46593e+09	5.36009e+09	5.67742e+09	5.71182e+09	5.14834e+09	5.40457e+09	6.58096e+09	7.20426e+09	6.7e+09	6.90095e+09	6.66587e+09	7.28281e+09	6.43532e+09	6.25661e+09	7.3632e+09	6.6411e+09	7.4129e+09	7.06842e+09	7.27014e+09	7.53349e+09	7.60937e+09	6.85487e+09	6.87119e+09	6.78996e+09	6.02962e+09	6.1736e+09	5.93281e+09	5.88581e+09	6.16486e+09	6.07704e+09	5.65078e+09	6.17313e+09	5.85175e+09	5.92941e+09	5.92358e+09	5.85993e+09	6.50389e+09	5.64626e+09	5.38393e+09	5.74538e+09	6.50742e+09	6.50531e+09	6.50389e+09	5.64626e+09	5.38393e+09	5.74538e+09	6.50742e+09	6.50531e+09
ERR636820	6.80064e+09	6.8759e+09	6.60757e+09	6.54341e+09	5.80772e+09	6.18855e+09	6.74933e+09	7.14164e+09	7.1922e+09	6.99345e+09	6.31914e+09	7.22587e+09	7.17854e+09	7.30669e+09	7.95658e+09	7.83812e+09	7.7381e+09	7.27838e+09	7.70357e+09	8.39695e+09	8.49148e+09	8.06396e+09	8.014e+09	7.73754e+09	7.65969e+09	7.61357e+09	7.5871e+09	7.42682e+09	7.69281e+09	7.66966e+09	6.88206e+09	6.87955e+09	6.80077e+09	6.90293e+09	7.55933e+09	7.47698e+09	7.95733e+09	7.77567e+09	8.32779e+09	7.78594e+09	8.34475e+09	7.32175e+09	7.17679e+09	7.12016e+09	6.56921e+09	7.08954e+09	6.9192e+09	6.89225e+09	5.24854e+09	5.14524e+09	5.44785e+09	5.4771e+09	4.93893e+09	5.18913e+09	6.32321e+09	6.90711e+09	6.42955e+09	6.62474e+09	6.39776e+09	6.98139e+09	6.17401e+09	6.01608e+09	7.05116e+09	6.36871e+09	7.09618e+09	6.77669e+09	6.9717e+09	7.21529e+09	7.28741e+09	6.57387e+09	6.58906e+09	6.51848e+09	5.79365e+09	5.93159e+09	5.70341e+09	5.65996e+09	5.92085e+09	5.83888e+09	5.4524e+09	5.9475e+09	5.64084e+09	5.71499e+09	5.71084e+09	5.649e+09	6.26843e+09	5.44892e+09	5.19652e+09	5.54319e+09	6.27202e+09	6.26924e+09	6.26843e+09	5.44892e+09	5.19652e+09	5.54319e+09	6.27202e+09	6.26924e+09
ERR636822	6.75997e+09	6.83245e+09	6.56738e+09	6.50476e+09	5.77535e+09	6.15225e+09	6.70517e+09	7.09331e+09	7.14404e+09	6.94627e+09	6.27931e+09	7.17615e+09	7.12654e+09	7.25391e+09	7.89427e+09	7.77715e+09	7.67937e+09	7.2261e+09	7.65092e+09	8.33356e+09	8.42558e+09	8.00561e+09	7.73754e+09	7.90423e+09	7.60723e+09	7.56173e+09	7.53563e+09	7.37769e+09	7.63976e+09	7.61755e+09	6.83508e+09	6.8318e+09	6.75477e+09	6.85605e+09	7.50241e+09	7.42151e+09	7.89948e+09	7.71964e+09	8.26399e+09	7.72961e+09	8.28097e+09	7.27386e+09	7.13255e+09	7.07662e+09	6.53156e+09	7.04635e+09	6.87817e+09	6.85133e+09	5.20974e+09	5.10672e+09	5.40684e+09	5.43507e+09	4.90173e+09	5.15059e+09	6.27607e+09	6.85341e+09	6.38109e+09	6.57452e+09	6.34911e+09	6.9266e+09	6.12616e+09	5.97247e+09	6.99431e+09	6.31914e+09	7.03858e+09	6.72393e+09	6.9168e+09	7.15708e+09	7.22833e+09	6.52267e+09	6.53751e+09	6.46926e+09	5.74976e+09	5.88666e+09	5.66036e+09	5.61825e+09	5.87563e+09	5.7949e+09	5.41632e+09	5.90578e+09	5.60227e+09	5.67607e+09	5.67182e+09	5.61009e+09	6.22458e+09	5.41172e+09	5.16163e+09	5.50532e+09	6.22848e+09	6.22543e+09	6.22458e+09	5.41172e+09	5.16163e+09	5.50532e+09	6.22848e+09	6.22543e+09
ERR637038	6.83955e+09	6.90853e+09	6.63986e+09	6.58165e+09	5.84142e+09	6.22055e+09	6.70841e+09	7.09323e+09	7.14897e+09	6.94516e+09	6.28393e+09	7.17581e+09	7.11714e+09	7.24682e+09	7.87471e+09	7.75851e+09	7.66777e+09	7.21585e+09	7.5729e+09	8.24654e+09	8.33377e+09	7.92163e+09	7.65969e+09	7.60723e+09	7.94184e+09	7.68194e+09	7.65625e+09	7.49093e+09	7.75601e+09	7.7369e+09	6.78198e+09	6.77415e+09	6.70225e+09	6.80329e+09	7.44158e+09	7.36046e+09	7.84312e+09	7.65957e+09	8.20668e+09	7.67042e+09	8.22419e+09	7.2241e+09	7.1131e+09	7.0579e+09	6.51073e+09	7.02813e+09	6.85572e+09	6.83228e+09	5.1068e+09	5.00254e+09	5.30032e+09	5.32638e+09	4.79628e+09	5.04646e+09	6.20206e+09	6.77264e+09	6.30163e+09	6.49811e+09	6.26953e+09	6.84501e+09	6.04216e+09	5.89923e+09	6.90623e+09	6.2339e+09	6.94863e+09	6.64177e+09	6.82796e+09	7.06453e+09	7.13568e+09	6.43285e+09	6.44749e+09	6.38552e+09	5.67984e+09	5.81765e+09	5.59184e+09	5.55078e+09	5.80361e+09	5.72373e+09	5.35469e+09	5.84226e+09	5.53804e+09	5.61173e+09	5.61005e+09	5.54583e+09	6.15787e+09	5.34564e+09	5.09485e+09	5.43799e+09	6.16188e+09	6.15866e+09	6.15787e+09	5.34564e+09	5.09485e+09	5.43799e+09	6.16188e+09	6.15866e+09
ERR637037	6.80363e+09	6.87129e+09	6.60475e+09	6.54817e+09	5.81318e+09	6.18836e+09	6.67107e+09	7.05119e+09	7.1078e+09	6.90466e+09	6.24997e+09	7.13358e+09	7.06941e+09	7.19883e+09	7.81883e+09	7.70353e+09	7.61436e+09	7.16745e+09	7.5285e+09	8.19207e+09	8.27749e+09	7.87161e+09	7.61357e+09	7.56173e+09	7.68194e+09	7.85012e+09	7.61248e+09	7.45022e+09	7.71137e+09	7.6923e+09	6.73915e+09	6.73009e+09	6.65993e+09	6.75963e+09	7.39082e+09	7.31058e+09	7.79271e+09	7.6104e+09	8.15069e+09	7.62105e+09	8.16799e+09	7.18064e+09	7.07599e+09	7.0208e+09	6.47937e+09	6.99134e+09	6.82052e+09	6.79804e+09	5.06888e+09	4.96491e+09	5.2604e+09	5.28638e+09	4.75998e+09	5.00865e+09	6.15715e+09	6.72211e+09	6.25532e+09	6.45027e+09	6.22356e+09	6.79339e+09	5.99751e+09	5.85741e+09	6.854e+09	6.18741e+09	6.89562e+09	6.59199e+09	6.77738e+09	7.01147e+09	7.08123e+09	6.38531e+09	6.39933e+09	6.33861e+09	5.63912e+09	5.77527e+09	5.55162e+09	5.51154e+09	5.76169e+09	5.68273e+09	5.31989e+09	5.80324e+09	5.50148e+09	5.57441e+09	5.57313e+09	5.50875e+09	6.11663e+09	5.31086e+09	5.06195e+09	5.40211e+09	6.12088e+09	6.11728e+09	6.11663e+09	5.31086e+09	5.06195e+09	5.40211e+09	6.12088e+09	6.11728e+09
ERR637036	6.78534e+09	6.85026e+09	6.5851e+09	6.53109e+09	5.79846e+09	6.17085e+09	6.64834e+09	7.02599e+09	7.08248e+09	6.88001e+09	6.22978e+09	7.10758e+09	7.04146e+09	7.17064e+09	7.78506e+09	7.67106e+09	7.58316e+09	7.13896e+09	7.50274e+09	8.15989e+09	8.24441e+09	7.84226e+09	7.5871e+09	7.53563e+09	7.65625e+09	7.61248e+09	7.79789e+09	7.4263e+09	7.68542e+09	7.66721e+09	6.71507e+09	6.70489e+09	6.63683e+09	6.73548e+09	7.36104e+09	7.28148e+09	7.76375e+09	7.58189e+09	8.11909e+09	7.59263e+09	8.1366e+09	7.15657e+09	7.05523e+09	7.00021e+09	6.46181e+09	6.97155e+09	6.80068e+09	6.77878e+09	5.04546e+09	4.94165e+09	5.23579e+09	5.26087e+09	4.73742e+09	4.98516e+09	6.13176e+09	6.69296e+09	6.22796e+09	6.42299e+09	6.19616e+09	6.76334e+09	5.96986e+09	5.83247e+09	6.82177e+09	6.15908e+09	6.86295e+09	6.56179e+09	6.74752e+09	6.97921e+09	7.0489e+09	6.35667e+09	6.37089e+09	6.31114e+09	5.61524e+09	5.75084e+09	5.52876e+09	5.48893e+09	5.7368e+09	5.65893e+09	5.29881e+09	5.77889e+09	5.47878e+09	5.5516e+09	5.55015e+09	5.48641e+09	6.09321e+09	5.29113e+09	5.04337e+09	5.3821e+09	6.09735e+09	6.09397e+09	6.09321e+09	5.29113e+09	5.04337e+09	5.3821e+09	6.09735e+09	6.09397e+09
ERR637033	6.65509e+09	6.71302e+09	6.45564e+09	6.40792e+09	5.69481e+09	6.05454e+09	6.51409e+09	6.8788e+09	6.93362e+09	6.7373e+09	6.10757e+09	6.95727e+09	6.87906e+09	7.00513e+09	7.59515e+09	7.48492e+09	7.4022e+09	6.97379e+09	7.34611e+09	7.97073e+09	8.04966e+09	7.66872e+09	7.42682e+09	7.37769e+09	7.49093e+09	7.45022e+09	7.4263e+09	7.47968e+09	7.52354e+09	7.50638e+09	6.57171e+09	6.55908e+09	6.49547e+09	6.59006e+09	7.19114e+09	7.11454e+09	7.59075e+09	7.41525e+09	7.92886e+09	7.42579e+09	7.94514e+09	7.00964e+09	6.92172e+09	6.87019e+09	6.34962e+09	6.84171e+09	6.6768e+09	6.65631e+09	4.92458e+09	4.82282e+09	5.10828e+09	5.13118e+09	4.62311e+09	4.86588e+09	5.98349e+09	6.52464e+09	6.07482e+09	6.26502e+09	6.0445e+09	6.5932e+09	5.82065e+09	5.69246e+09	6.64603e+09	6.00382e+09	6.68427e+09	6.39459e+09	6.57793e+09	6.80047e+09	6.86787e+09	6.19824e+09	6.21125e+09	6.15573e+09	5.47803e+09	5.60889e+09	5.39481e+09	5.35608e+09	5.59525e+09	5.52015e+09	5.18303e+09	5.64724e+09	5.35678e+09	5.42747e+09	5.42555e+09	5.36388e+09	5.95578e+09	5.17674e+09	4.9351e+09	5.265e+09	5.96019e+09	5.95625e+09	5.95578e+09	5.17674e+09	4.9351e+09	5.265e+09	5.96019e+09	5.95625e+09
ERR637034	6.85974e+09	6.93309e+09	6.66253e+09	6.60075e+09	5.85685e+09	6.2399e+09	6.73769e+09	7.12661e+09	7.18109e+09	6.97788e+09	6.30958e+09	7.21058e+09	7.148e+09	7.27792e+09	7.91702e+09	7.79993e+09	7.70466e+09	7.24764e+09	7.60579e+09	8.28583e+09	8.37646e+09	7.95902e+09	7.69281e+09	7.63976e+09	7.75601e+09	7.71137e+09	7.68542e+09	7.52354e+09	8.01078e+09	7.77071e+09	6.80978e+09	6.80372e+09	6.72908e+09	6.83017e+09	7.4776e+09	7.39594e+09	7.88035e+09	7.69589e+09	8.24718e+09	7.70653e+09	8.26398e+09	7.25313e+09	7.14004e+09	7.0842e+09	6.53406e+09	7.05391e+09	6.88239e+09	6.85642e+09	5.13134e+09	5.02788e+09	5.32674e+09	5.35418e+09	4.82208e+09	5.0713e+09	6.23115e+09	6.80873e+09	6.33367e+09	6.52984e+09	6.30119e+09	6.88139e+09	6.07288e+09	5.92395e+09	6.94341e+09	6.26569e+09	6.98653e+09	6.67428e+09	6.86315e+09	7.10362e+09	7.17425e+09	6.46676e+09	6.48081e+09	6.41623e+09	5.7078e+09	5.8454e+09	5.61884e+09	5.57677e+09	5.83272e+09	5.75199e+09	5.37608e+09	5.86603e+09	5.56133e+09	5.6353e+09	5.63189e+09	5.56892e+09	6.1835e+09	5.36877e+09	5.11736e+09	5.46216e+09	6.18777e+09	6.18435e+09	6.1835e+09	5.36877e+09	5.11736e+09	5.46216e+09	6.18777e+09	6.18435e+09
ERR637035	6.8618e+09	6.92322e+09	6.65379e+09	6.60257e+09	5.85946e+09	6.23562e+09	6.72039e+09	7.10304e+09	7.16114e+09	6.95473e+09	6.29632e+09	7.18608e+09	7.13036e+09	7.26198e+09	7.88363e+09	7.76758e+09	7.67896e+09	7.22938e+09	7.58327e+09	8.25832e+09	8.34251e+09	7.93021e+09	7.66966e+09	7.61755e+09	7.7369e+09	7.6923e+09	7.66721e+09	7.50638e+09	7.77071e+09	7.97188e+09	6.79236e+09	6.78061e+09	6.71282e+09	6.81316e+09	7.44649e+09	7.36584e+09	7.85006e+09	7.663e+09	8.21371e+09	7.67354e+09	8.23082e+09	7.23218e+09	7.12686e+09	7.07179e+09	6.52127e+09	7.0417e+09	6.86533e+09	6.84466e+09	5.10121e+09	4.9952e+09	5.2942e+09	5.31845e+09	4.78755e+09	5.0405e+09	6.21032e+09	6.7795e+09	6.307e+09	6.50614e+09	6.27498e+09	6.85167e+09	6.04537e+09	5.91037e+09	6.91297e+09	6.2381e+09	6.95449e+09	6.64941e+09	6.83674e+09	7.07121e+09	7.14244e+09	6.43826e+09	6.45256e+09	6.39327e+09	5.68869e+09	5.82658e+09	5.6015e+09	5.56124e+09	5.81243e+09	5.73331e+09	5.3587e+09	5.84477e+09	5.54091e+09	5.61505e+09	5.61349e+09	5.54873e+09	6.16565e+09	5.3512e+09	5.09884e+09	5.44324e+09	6.1697e+09	6.16626e+09	6.16565e+09	5.3512e+09	5.09884e+09	5.44324e+09	6.1697e+09	6.16626e+09
ERR629867	6.05461e+09	6.1338e+09	5.90618e+09	5.8337e+09	5.19722e+09	5.54259e+09	6.09128e+09	6.43079e+09	6.47147e+09	6.30181e+09	5.71509e+09	6.50574e+09	6.55066e+09	6.66012e+09	7.22332e+09	7.12037e+09	7.0311e+09	6.63863e+09	6.80725e+09	7.42955e+09	7.50853e+09	7.12665e+09	6.88206e+09	6.83508e+09	6.78198e+09	6.73915e+09	6.71507e+09	6.57171e+09	6.80978e+09	6.79236e+09	6.6386e+09	6.43227e+09	6.35952e+09	6.45239e+09	7.03187e+09	6.95721e+09	7.17287e+09	7.01449e+09	7.50516e+09	7.01955e+09	7.52154e+09	6.61608e+09	6.36745e+09	6.31808e+09	5.8395e+09	6.29058e+09	6.14224e+09	6.1176e+09	5.00532e+09	4.9109e+09	5.18614e+09	5.21165e+09	4.72e+09	4.95091e+09	5.96158e+09	6.47771e+09	6.0562e+09	6.22795e+09	6.02808e+09	6.54166e+09	5.83715e+09	5.70119e+09	6.61722e+09	6.01228e+09	6.65894e+09	6.37673e+09	6.54266e+09	6.7577e+09	6.82114e+09	6.19548e+09	6.20779e+09	6.14288e+09	5.50476e+09	5.63045e+09	5.42321e+09	5.38581e+09	5.61825e+09	5.54639e+09	5.1759e+09	5.62193e+09	5.34765e+09	5.41507e+09	5.41229e+09	5.35386e+09	5.8814e+09	5.1514e+09	4.92402e+09	5.23356e+09	5.88432e+09	5.88285e+09	5.8814e+09	5.1514e+09	4.92402e+09	5.23356e+09	5.88432e+09	5.88285e+09
ERR629863	6.01934e+09	6.11889e+09	5.89085e+09	5.79955e+09	5.16538e+09	5.52439e+09	6.08811e+09	6.43451e+09	6.4701e+09	6.30647e+09	5.70816e+09	6.50949e+09	6.55709e+09	6.66333e+09	7.24772e+09	7.14315e+09	7.04443e+09	6.64603e+09	6.80313e+09	7.43561e+09	7.52235e+09	7.13205e+09	6.87955e+09	6.8318e+09	6.77415e+09	6.73009e+09	6.70489e+09	6.55908e+09	6.80372e+09	6.78061e+09	6.43227e+09	6.65142e+09	6.35935e+09	6.45281e+09	7.05401e+09	6.97814e+09	7.18352e+09	7.02954e+09	7.52016e+09	7.03426e+09	7.53599e+09	6.61584e+09	6.3487e+09	6.29762e+09	5.82128e+09	6.27013e+09	6.12838e+09	6.09855e+09	5.04916e+09	4.95863e+09	5.2325e+09	5.26308e+09	4.77065e+09	4.99577e+09	5.98733e+09	6.51214e+09	6.09085e+09	6.25641e+09	6.06134e+09	6.57672e+09	5.87486e+09	5.71877e+09	6.65694e+09	6.0504e+09	6.70184e+09	6.41019e+09	6.57434e+09	6.79598e+09	6.85994e+09	6.23163e+09	6.24457e+09	6.17129e+09	5.53135e+09	5.65679e+09	5.44724e+09	5.4086e+09	5.64724e+09	5.57339e+09	5.19825e+09	5.65039e+09	5.37404e+09	5.44159e+09	5.43716e+09	5.38057e+09	5.89965e+09	5.16997e+09	4.94528e+09	5.25311e+09	5.90121e+09	5.90083e+09	5.89965e+09	5.16997e+09	4.94528e+09	5.25311e+09	5.90121e+09	5.90083e+09
ERR629866	5.98626e+09	6.06444e+09	5.84057e+09	5.76874e+09	5.14204e+09	5.48268e+09	6.02273e+09	6.35578e+09	6.39633e+09	6.22938e+09	5.65214e+09	6.42915e+09	6.47342e+09	6.58091e+09	7.13438e+09	7.03366e+09	6.94572e+09	6.55966e+09	6.72667e+09	7.33802e+09	7.41593e+09	7.04023e+09	6.80077e+09	6.75477e+09	6.70225e+09	6.65993e+09	6.63683e+09	6.49547e+09	6.72908e+09	6.71282e+09	6.35952e+09	6.35935e+09	6.49151e+09	6.37868e+09	6.94757e+09	6.87441e+09	7.08651e+09	6.93096e+09	7.41336e+09	6.93575e+09	7.42922e+09	6.53963e+09	6.29527e+09	6.24618e+09	5.77489e+09	6.21948e+09	6.07379e+09	6.04954e+09	4.95248e+09	4.85968e+09	5.13053e+09	5.15552e+09	4.67114e+09	4.89915e+09	5.89451e+09	6.40164e+09	5.98779e+09	6.15676e+09	5.96012e+09	6.46515e+09	5.77216e+09	5.63769e+09	6.53942e+09	5.94552e+09	6.58113e+09	6.30327e+09	6.46595e+09	6.67733e+09	6.74013e+09	6.12411e+09	6.13622e+09	6.07249e+09	5.44524e+09	5.56917e+09	5.36527e+09	5.32818e+09	5.55739e+09	5.48636e+09	5.12298e+09	5.56189e+09	5.29187e+09	5.35794e+09	5.35526e+09	5.29819e+09	5.81699e+09	5.098e+09	4.87439e+09	5.1793e+09	5.81956e+09	5.81825e+09	5.81699e+09	5.098e+09	4.87439e+09	5.1793e+09	5.81956e+09	5.81825e+09
