	ERR621996	ERR621991	ERR621992	ERR621994	ERR621995	ERR621993	ERR608197	ERR608201	ERR608199	ERR608198	ERR608200	ERR608202	ERR613458	ERR613455	ERR613460	ERR613456	ERR613457	ERR613459	ERR605614	ERR605616	ERR605611	ERR605613	ERR605615	ERR605612	ERR605614	ERR605616	ERR605611	ERR605613	ERR605615	ERR605612	ERR614838	ERR614836	ERR614840	ERR614839	ERR614837	ERR614835	ERR618550	ERR618553	ERR618552	ERR618554	ERR618551	ERR618549	ERR613969	ERR613971	ERR613967	ERR613970	ERR613966	ERR613968	ERR605970	ERR605975	ERR605971	ERR605974	ERR605972	ERR605973	ERR630460	ERR630458	ERR630462	ERR630461	ERR630463	ERR630459	ERR613007	ERR613006	ERR613008	ERR613005	ERR613010	ERR613009	ERR608087	ERR608088	ERR608091	ERR608092	ERR608089	ERR608090	ERR607393	ERR607392	ERR607395	ERR607394	ERR607396	ERR607391	ERR630268	ERR630269	ERR630267	ERR630270	ERR630266	ERR630271	ERR626749	ERR626748	ERR626752	ERR626751	ERR626747	ERR626750	ERR616444	ERR616447	ERR616449	ERR616445	ERR616448	ERR616446
ERR621996	7.4709e+09	7.99463e+09	7.6271e+09	7.60571e+09	7.32015e+09	7.59615e+09	5.85794e+09	7.584e+09	7.80506e+09	7.4159e+09	7.605e+09	7.62455e+09	6.94234e+09	7.60459e+09	6.86113e+09	7.58475e+09	7.57428e+09	6.88154e+09	6.616e+09	6.6909e+09	7.17354e+09	6.79473e+09	6.73737e+09	6.87917e+09	6.616e+09	6.6909e+09	7.17354e+09	6.79473e+09	6.73737e+09	6.87917e+09	7.15604e+09	6.29075e+09	7.15993e+09	7.11689e+09	6.19062e+09	6.15724e+09	6.25941e+09	5.93834e+09	6.26821e+09	5.9376e+09	6.35699e+09	6.6041e+09	7.09498e+09	7.69069e+09	7.28869e+09	7.10797e+09	7.73301e+09	6.57421e+09	5.19502e+09	5.3908e+09	6.61687e+09	5.45628e+09	6.68425e+09	5.54781e+09	7.30654e+09	7.42448e+09	7.44105e+09	7.52746e+09	7.53773e+09	7.03208e+09	6.85282e+09	6.8313e+09	4.90529e+09	7.26915e+09	4.99129e+09	5.11468e+09	5.21497e+09	5.29908e+09	5.69825e+09	5.74445e+09	5.22331e+09	5.68968e+09	6.54628e+09	6.29414e+09	6.33969e+09	6.36971e+09	6.35994e+09	4.88027e+09	7.18675e+09	6.81789e+09	7.35314e+09	7.03233e+09	7.80278e+09	6.68321e+09	6.46171e+09	6.45365e+09	6.26646e+09	6.34185e+09	6.65432e+09	6.31168e+09	5.8086e+09	6.78224e+09	6.81382e+09	4.04487e+09	6.83181e+09	5.89749e+09
ERR621991	7.99463e+09	9.18315e+09	8.45653e+09	8.42676e+09	8.08073e+09	8.41697e+09	6.40926e+09	8.41471e+09	8.68102e+09	8.21164e+09	8.43871e+09	8.46345e+09	7.64769e+09	8.43468e+09	7.55276e+09	8.41089e+09	8.39865e+09	7.57612e+09	7.25437e+09	7.34488e+09	7.9166e+09	7.46418e+09	7.40075e+09	7.56581e+09	7.25437e+09	7.34488e+09	7.9166e+09	7.46418e+09	7.40075e+09	7.56581e+09	7.91778e+09	6.91559e+09	7.92239e+09	7.87179e+09	6.80294e+09	6.76129e+09	6.89838e+09	6.53724e+09	6.91484e+09	6.53641e+09	7.01131e+09	7.29617e+09	7.84837e+09	8.54832e+09	8.07041e+09	7.86346e+09	8.59771e+09	7.23619e+09	5.69046e+09	5.92433e+09	7.33577e+09	5.9993e+09	7.41563e+09	6.10407e+09	8.08333e+09	8.22249e+09	8.24252e+09	8.34588e+09	8.35697e+09	7.75915e+09	7.60651e+09	7.58149e+09	5.37827e+09	8.09169e+09	5.47345e+09	5.61417e+09	5.75152e+09	5.84824e+09	6.30716e+09	6.36023e+09	5.76368e+09	6.2972e+09	7.33286e+09	7.03467e+09	7.09015e+09	7.1234e+09	7.11297e+09	5.40421e+09	7.94827e+09	7.50862e+09	8.14713e+09	7.76292e+09	8.69135e+09	7.34917e+09	7.21095e+09	7.19858e+09	6.98566e+09	7.07274e+09	7.43506e+09	7.03724e+09	6.42745e+09	7.5483e+09	7.58522e+09	4.43311e+09	7.60709e+09	6.52987e+09
ERR621992	7.6271e+09	8.45653e+09	8.29527e+09	8.02052e+09	7.70575e+09	8.0146e+09	6.14602e+09	8.00889e+09	8.25057e+09	7.82441e+09	8.03044e+09	8.05294e+09	7.3061e+09	8.03231e+09	7.2181e+09	8.00967e+09	7.9982e+09	7.23969e+09	6.94792e+09	7.03342e+09	7.55745e+09	7.14326e+09	7.08455e+09	7.23617e+09	6.94792e+09	7.03342e+09	7.55745e+09	7.14326e+09	7.08455e+09	7.23617e+09	7.54597e+09	6.61284e+09	7.55021e+09	7.50309e+09	6.50535e+09	6.46912e+09	6.58475e+09	6.23952e+09	6.59347e+09	6.23862e+09	6.68867e+09	6.95407e+09	7.47529e+09	8.12395e+09	7.68458e+09	7.48923e+09	8.16929e+09	6.91331e+09	5.44754e+09	5.65906e+09	6.97652e+09	5.72923e+09	7.0497e+09	5.82671e+09	7.70242e+09	7.83079e+09	7.84867e+09	7.94272e+09	7.95474e+09	7.40528e+09	7.23385e+09	7.21e+09	5.14514e+09	7.68165e+09	5.23638e+09	5.36805e+09	5.48478e+09	5.57479e+09	6.00195e+09	6.05167e+09	5.49405e+09	5.99324e+09	6.93277e+09	6.66035e+09	6.71007e+09	6.74171e+09	6.73192e+09	5.14392e+09	7.58069e+09	7.17824e+09	7.76351e+09	7.41104e+09	8.2572e+09	7.03238e+09	6.83356e+09	6.82457e+09	6.62287e+09	6.70478e+09	7.0418e+09	6.6721e+09	6.1206e+09	7.16913e+09	7.20374e+09	4.24062e+09	7.22308e+09	6.21597e+09
ERR621994	7.60571e+09	8.42676e+09	8.02052e+09	8.2402e+09	7.68353e+09	7.98703e+09	6.12066e+09	7.97772e+09	8.22007e+09	7.79423e+09	8.00114e+09	8.02195e+09	7.27763e+09	7.99619e+09	7.19075e+09	7.97474e+09	7.96311e+09	7.21243e+09	6.92006e+09	7.00062e+09	7.5252e+09	7.11221e+09	7.05068e+09	7.20428e+09	6.92006e+09	7.00062e+09	7.5252e+09	7.11221e+09	7.05068e+09	7.20428e+09	7.51751e+09	6.58804e+09	7.52161e+09	7.47501e+09	6.48183e+09	6.44441e+09	6.56386e+09	6.22503e+09	6.57783e+09	6.22451e+09	6.66904e+09	6.93299e+09	7.45593e+09	8.09893e+09	7.66219e+09	7.46999e+09	8.14458e+09	6.88993e+09	5.43011e+09	5.64405e+09	6.95794e+09	5.71436e+09	7.03102e+09	5.81256e+09	7.67642e+09	7.80383e+09	7.82322e+09	7.91728e+09	7.92752e+09	7.37784e+09	7.20846e+09	7.18534e+09	5.13066e+09	7.65764e+09	5.2204e+09	5.35214e+09	5.46918e+09	5.55942e+09	5.98707e+09	6.03672e+09	5.4798e+09	5.97798e+09	6.91458e+09	6.64152e+09	6.6915e+09	6.72286e+09	6.71235e+09	5.12637e+09	7.54586e+09	7.14497e+09	7.72666e+09	7.37779e+09	8.2195e+09	6.99833e+09	6.81383e+09	6.80324e+09	6.60565e+09	6.6859e+09	7.02058e+09	6.65346e+09	6.10213e+09	7.14231e+09	7.17659e+09	4.23004e+09	7.19656e+09	6.1967e+09
ERR621995	7.32015e+09	8.08073e+09	7.70575e+09	7.68353e+09	7.61804e+09	7.6742e+09	5.90907e+09	7.66123e+09	7.8864e+09	7.49035e+09	7.68251e+09	7.70241e+09	7.00977e+09	7.68286e+09	6.92769e+09	7.662e+09	7.65177e+09	6.94749e+09	6.67795e+09	6.75431e+09	7.24522e+09	6.85964e+09	6.80146e+09	6.94519e+09	6.67795e+09	6.75431e+09	7.24522e+09	6.85964e+09	6.80146e+09	6.94519e+09	7.22762e+09	6.34977e+09	7.23197e+09	7.18778e+09	6.2487e+09	6.21442e+09	6.31788e+09	5.99323e+09	6.32725e+09	5.9921e+09	6.41638e+09	6.66726e+09	7.16517e+09	7.76996e+09	7.36093e+09	7.17871e+09	7.81296e+09	6.63555e+09	5.24161e+09	5.4403e+09	6.68323e+09	5.50663e+09	6.75195e+09	5.59966e+09	7.37859e+09	7.49825e+09	7.5151e+09	7.60259e+09	7.61339e+09	7.09991e+09	6.92253e+09	6.90055e+09	4.94937e+09	7.34442e+09	5.03594e+09	5.16079e+09	5.26352e+09	5.34896e+09	5.75318e+09	5.8001e+09	5.27249e+09	5.7446e+09	6.61552e+09	6.35973e+09	6.40586e+09	6.43603e+09	6.42617e+09	4.92684e+09	7.25849e+09	6.8835e+09	7.42718e+09	7.10123e+09	7.88493e+09	6.74619e+09	6.52842e+09	6.52023e+09	6.33043e+09	6.4074e+09	6.72379e+09	6.37653e+09	5.86447e+09	6.85115e+09	6.88321e+09	4.07979e+09	6.9015e+09	5.95446e+09
ERR621993	7.59615e+09	8.41697e+09	8.0146e+09	7.98703e+09	7.6742e+09	8.22469e+09	6.12584e+09	7.97437e+09	8.21415e+09	7.79262e+09	7.99615e+09	8.01804e+09	7.27413e+09	7.99406e+09	7.18693e+09	7.97193e+09	7.96105e+09	7.20826e+09	6.91766e+09	7.00186e+09	7.52233e+09	7.11136e+09	7.05278e+09	7.20231e+09	6.91766e+09	7.00186e+09	7.52233e+09	7.11136e+09	7.05278e+09	7.20231e+09	7.5096e+09	6.58215e+09	7.51387e+09	7.4675e+09	6.47568e+09	6.43995e+09	6.55792e+09	6.21624e+09	6.56827e+09	6.21557e+09	6.66283e+09	6.92591e+09	7.4441e+09	8.08747e+09	7.65153e+09	7.45821e+09	8.1323e+09	6.8839e+09	5.42373e+09	5.63288e+09	6.94209e+09	5.70262e+09	7.01452e+09	5.79993e+09	7.66974e+09	7.79781e+09	7.81654e+09	7.91002e+09	7.9213e+09	7.3753e+09	7.20039e+09	7.17673e+09	5.12612e+09	7.64615e+09	5.21623e+09	5.34697e+09	5.46084e+09	5.54994e+09	5.97492e+09	6.0244e+09	5.46944e+09	5.96666e+09	6.89898e+09	6.62907e+09	6.67764e+09	6.70938e+09	6.69917e+09	5.12204e+09	7.54385e+09	7.14398e+09	7.72552e+09	7.37594e+09	8.21473e+09	6.99953e+09	6.80146e+09	6.79194e+09	6.59262e+09	6.67315e+09	7.00646e+09	6.64057e+09	6.09293e+09	7.13519e+09	7.16919e+09	4.22327e+09	7.18844e+09	6.18732e+09
ERR608197	5.85794e+09	6.40926e+09	6.14602e+09	6.12066e+09	5.90907e+09	6.12584e+09	5.35824e+09	6.48452e+09	6.64472e+09	6.36903e+09	6.49828e+09	6.51273e+09	5.83792e+09	6.36328e+09	5.77336e+09	6.34543e+09	6.33911e+09	5.78844e+09	5.53517e+09	5.62694e+09	5.96961e+09	5.689e+09	5.66811e+09	5.74821e+09	5.53517e+09	5.62694e+09	5.96961e+09	5.689e+09	5.66811e+09	5.74821e+09	5.87811e+09	5.21216e+09	5.88171e+09	5.85121e+09	5.11738e+09	5.11262e+09	5.31305e+09	5.02373e+09	5.29187e+09	5.02594e+09	5.3863e+09	5.57492e+09	5.93004e+09	6.40435e+09	6.0978e+09	5.93937e+09	6.43363e+09	5.5609e+09	4.26711e+09	4.36923e+09	5.30824e+09	4.42198e+09	5.35557e+09	4.48902e+09	6.17284e+09	6.26643e+09	6.27639e+09	6.33845e+09	6.34847e+09	5.98317e+09	5.55757e+09	5.53864e+09	4.0318e+09	5.86596e+09	4.10487e+09	4.19899e+09	4.25736e+09	4.32103e+09	4.62438e+09	4.6596e+09	4.25186e+09	4.61859e+09	5.25591e+09	5.07559e+09	5.10375e+09	5.12775e+09	5.12028e+09	4.0058e+09	5.94602e+09	5.67279e+09	6.07271e+09	5.82941e+09	6.39098e+09	5.58657e+09	5.22697e+09	5.22423e+09	5.06333e+09	5.12398e+09	5.37026e+09	5.10121e+09	4.75e+09	5.53826e+09	5.55978e+09	3.3287e+09	5.56968e+09	4.81361e+09
ERR608201	7.584e+09	8.41471e+09	8.00889e+09	7.97772e+09	7.66123e+09	7.97437e+09	6.48452e+09	8.70673e+09	8.70616e+09	8.25895e+09	8.47682e+09	8.49857e+09	7.5015e+09	8.26764e+09	7.4079e+09	8.24295e+09	8.23266e+09	7.43033e+09	7.06621e+09	7.17165e+09	7.69924e+09	7.27585e+09	7.2277e+09	7.36794e+09	7.06621e+09	7.17165e+09	7.69924e+09	7.27585e+09	7.2277e+09	7.36794e+09	7.60193e+09	6.64184e+09	7.6077e+09	7.5604e+09	6.52413e+09	6.49637e+09	6.80858e+09	6.43666e+09	6.80992e+09	6.43724e+09	6.91709e+09	7.19246e+09	7.70969e+09	8.39421e+09	7.93569e+09	7.72297e+09	8.43859e+09	7.13448e+09	5.39523e+09	5.58676e+09	6.9203e+09	5.65855e+09	6.99102e+09	5.75651e+09	7.9967e+09	8.13383e+09	8.15208e+09	8.24988e+09	8.2616e+09	7.69383e+09	7.21602e+09	7.19065e+09	5.09024e+09	7.67194e+09	5.18344e+09	5.31486e+09	5.44333e+09	5.53472e+09	5.96566e+09	6.01636e+09	5.44761e+09	5.95805e+09	6.93684e+09	6.66368e+09	6.71176e+09	6.74333e+09	6.73372e+09	5.13426e+09	7.66817e+09	7.25517e+09	7.85639e+09	7.49266e+09	8.35568e+09	7.11424e+09	6.84136e+09	6.83177e+09	6.62006e+09	6.70324e+09	7.05246e+09	6.67096e+09	6.11352e+09	7.20408e+09	7.23805e+09	4.20318e+09	7.25627e+09	6.20739e+09
ERR608199	7.80506e+09	8.68102e+09	8.25057e+09	8.22007e+09	7.8864e+09	8.21415e+09	6.64472e+09	8.70616e+09	9.25744e+09	8.50591e+09	8.7356e+09	8.75574e+09	7.71048e+09	8.51343e+09	7.61245e+09	8.48776e+09	8.47647e+09	7.63656e+09	7.24986e+09	7.35258e+09	7.91253e+09	7.46751e+09	7.41032e+09	7.56251e+09	7.24986e+09	7.35258e+09	7.91253e+09	7.46751e+09	7.41032e+09	7.56251e+09	7.81965e+09	6.81737e+09	7.82609e+09	7.77551e+09	6.69671e+09	6.66488e+09	7.00366e+09	6.62479e+09	7.01312e+09	6.62599e+09	7.11927e+09	7.40646e+09	7.94749e+09	8.66286e+09	8.17992e+09	7.96149e+09	8.7116e+09	7.33466e+09	5.53897e+09	5.74291e+09	7.13479e+09	5.81666e+09	7.21036e+09	5.92151e+09	8.23226e+09	8.37608e+09	8.39798e+09	8.50179e+09	8.51275e+09	7.91047e+09	7.43675e+09	7.41197e+09	5.22975e+09	7.91912e+09	5.32433e+09	5.46106e+09	5.60277e+09	5.69841e+09	6.14904e+09	6.20266e+09	5.60883e+09	6.14192e+09	7.18147e+09	6.89075e+09	6.94199e+09	6.97521e+09	6.96399e+09	5.28894e+09	7.88289e+09	7.44695e+09	8.08132e+09	7.69822e+09	8.61348e+09	7.29655e+09	7.06997e+09	7.0571e+09	6.84158e+09	6.92698e+09	7.28975e+09	6.89313e+09	6.29953e+09	7.42709e+09	7.46318e+09	4.32163e+09	7.48414e+09	6.39815e+09
ERR608198	7.4159e+09	8.21164e+09	7.82441e+09	7.79423e+09	7.49035e+09	7.79262e+09	6.36903e+09	8.25895e+09	8.50591e+09	8.32455e+09	8.28364e+09	8.3025e+09	7.34503e+09	8.08271e+09	7.25455e+09	8.05883e+09	8.04929e+09	7.27672e+09	6.9222e+09	7.02504e+09	7.53172e+09	7.12653e+09	7.07959e+09	7.21276e+09	6.9222e+09	7.02504e+09	7.53172e+09	7.12653e+09	7.07959e+09	7.21276e+09	7.43532e+09	6.50493e+09	7.44101e+09	7.39539e+09	6.38847e+09	6.3643e+09	6.66538e+09	6.30076e+09	6.66403e+09	6.30267e+09	6.77152e+09	7.03653e+09	7.53746e+09	8.19756e+09	7.75791e+09	7.55019e+09	8.24082e+09	6.98511e+09	5.28181e+09	5.45948e+09	6.75321e+09	5.52957e+09	6.82195e+09	5.62517e+09	7.82297e+09	7.95508e+09	7.97323e+09	8.06624e+09	8.07801e+09	7.53395e+09	7.04677e+09	7.02239e+09	4.98383e+09	7.48825e+09	5.07481e+09	5.2021e+09	5.32012e+09	5.40887e+09	5.82581e+09	5.87527e+09	5.32284e+09	5.81838e+09	6.75513e+09	6.49272e+09	6.53741e+09	6.5685e+09	6.55893e+09	5.01537e+09	7.50301e+09	7.10654e+09	7.68368e+09	7.33529e+09	8.1594e+09	6.97262e+09	6.6697e+09	6.66042e+09	6.45431e+09	6.53532e+09	6.87214e+09	6.50419e+09	5.97449e+09	7.03045e+09	7.06314e+09	4.11446e+09	7.08098e+09	6.06466e+09
ERR608200	7.605e+09	8.43871e+09	8.03044e+09	8.00114e+09	7.68251e+09	7.99615e+09	6.49828e+09	8.47682e+09	8.7356e+09	8.28364e+09	8.76098e+09	8.5231e+09	7.5206e+09	8.28797e+09	7.42598e+09	8.26342e+09	8.25294e+09	7.4494e+09	7.07946e+09	7.18117e+09	7.71326e+09	7.28983e+09	7.23696e+09	7.37962e+09	7.07946e+09	7.18117e+09	7.71326e+09	7.28983e+09	7.23696e+09	7.37962e+09	7.61995e+09	6.65507e+09	7.62604e+09	7.57814e+09	6.53654e+09	6.50814e+09	6.82957e+09	6.45946e+09	6.83508e+09	6.46112e+09	6.94023e+09	7.21647e+09	7.73908e+09	8.42477e+09	7.96373e+09	7.7523e+09	8.47063e+09	7.15516e+09	5.40586e+09	5.59666e+09	6.93915e+09	5.66837e+09	7.01086e+09	5.76913e+09	8.01972e+09	8.15723e+09	8.17898e+09	8.27659e+09	8.28744e+09	7.71447e+09	7.23348e+09	7.20857e+09	5.10035e+09	7.69516e+09	5.19308e+09	5.32565e+09	5.45514e+09	5.54754e+09	5.98133e+09	6.03302e+09	5.46004e+09	5.9739e+09	6.95977e+09	6.68305e+09	6.73147e+09	6.76307e+09	6.75293e+09	5.14423e+09	7.6818e+09	7.26694e+09	7.87075e+09	7.50609e+09	8.37372e+09	7.12465e+09	6.86085e+09	6.84945e+09	6.6398e+09	6.72243e+09	7.07163e+09	6.69028e+09	6.13101e+09	7.22031e+09	7.25475e+09	4.21443e+09	7.27433e+09	6.225e+09
ERR608202	7.62455e+09	8.46345e+09	8.05294e+09	8.02195e+09	7.70241e+09	8.01804e+09	6.51273e+09	8.49857e+09	8.75574e+09	8.3025e+09	8.5231e+09	8.80127e+09	7.53878e+09	8.31175e+09	7.44474e+09	8.28669e+09	8.27602e+09	7.46709e+09	7.09857e+09	7.20344e+09	7.73685e+09	7.30984e+09	7.25992e+09	7.40237e+09	7.09857e+09	7.20344e+09	7.73685e+09	7.30984e+09	7.25992e+09	7.40237e+09	7.64097e+09	6.67372e+09	7.64673e+09	7.5992e+09	6.55495e+09	6.52668e+09	6.8442e+09	6.47123e+09	6.8474e+09	6.47233e+09	6.95435e+09	7.23151e+09	7.75298e+09	8.44327e+09	7.97958e+09	7.76625e+09	8.48751e+09	7.17066e+09	5.42299e+09	5.61735e+09	6.96087e+09	5.689e+09	7.03287e+09	5.78881e+09	8.03875e+09	8.17694e+09	8.1966e+09	8.2954e+09	8.30776e+09	7.73251e+09	7.25709e+09	7.2313e+09	5.11635e+09	7.71765e+09	5.20996e+09	5.34241e+09	5.47298e+09	5.56548e+09	6.00008e+09	6.05126e+09	5.47805e+09	5.99279e+09	6.98354e+09	6.70733e+09	6.75646e+09	6.78848e+09	6.77808e+09	5.16418e+09	7.70466e+09	7.28743e+09	7.8948e+09	7.52732e+09	8.39987e+09	7.14488e+09	6.88399e+09	6.874e+09	6.66157e+09	6.74491e+09	7.09692e+09	6.71282e+09	6.14799e+09	7.24539e+09	7.28014e+09	4.22503e+09	7.29889e+09	6.24309e+09
ERR613458	6.94234e+09	7.64769e+09	7.3061e+09	7.27763e+09	7.00977e+09	7.27413e+09	5.83792e+09	7.5015e+09	7.71048e+09	7.34503e+09	7.5206e+09	7.53878e+09	7.14951e+09	7.59178e+09	6.85601e+09	7.57074e+09	7.56142e+09	6.87632e+09	6.51127e+09	6.59727e+09	7.05226e+09	6.69324e+09	6.6444e+09	6.77018e+09	6.51127e+09	6.59727e+09	7.05226e+09	6.69324e+09	6.6444e+09	6.77018e+09	6.97143e+09	6.1378e+09	6.97675e+09	6.93607e+09	6.03447e+09	6.00945e+09	6.1548e+09	5.8248e+09	6.14904e+09	5.82516e+09	6.24654e+09	6.48597e+09	6.96435e+09	7.5459e+09	7.16189e+09	6.97678e+09	7.58521e+09	6.47601e+09	5.058e+09	5.22293e+09	6.40706e+09	5.28713e+09	6.47014e+09	5.37309e+09	7.19865e+09	7.31366e+09	7.32697e+09	7.40803e+09	7.41925e+09	6.94306e+09	6.62712e+09	6.60568e+09	4.74336e+09	7.02355e+09	4.8299e+09	4.9464e+09	5.03798e+09	5.1182e+09	5.4979e+09	5.54196e+09	5.0407e+09	5.49044e+09	6.31049e+09	6.07408e+09	6.11373e+09	6.14291e+09	6.13424e+09	4.72757e+09	7.03529e+09	6.68427e+09	7.194e+09	6.88714e+09	7.61476e+09	6.56154e+09	6.23718e+09	6.23356e+09	6.04468e+09	6.11884e+09	6.42352e+09	6.09028e+09	5.62373e+09	6.576e+09	6.60599e+09	3.91293e+09	6.622e+09	5.70775e+09
ERR613455	7.60459e+09	8.43468e+09	8.03231e+09	7.99619e+09	7.68286e+09	7.99406e+09	6.36328e+09	8.26764e+09	8.51343e+09	8.08271e+09	8.28797e+09	8.31175e+09	7.59178e+09	8.63179e+09	7.49563e+09	8.35202e+09	8.34101e+09	7.51949e+09	7.10019e+09	7.21173e+09	7.73553e+09	7.31448e+09	7.26866e+09	7.40604e+09	7.10019e+09	7.21173e+09	7.73553e+09	7.31448e+09	7.26866e+09	7.40604e+09	7.65169e+09	6.69839e+09	7.65789e+09	7.61031e+09	6.58027e+09	6.55334e+09	6.72419e+09	6.34704e+09	6.71524e+09	6.34922e+09	6.82738e+09	7.09918e+09	7.62906e+09	8.31032e+09	7.85945e+09	7.64252e+09	8.35499e+09	7.07421e+09	5.49543e+09	5.67996e+09	7.01768e+09	5.75241e+09	7.08899e+09	5.84815e+09	7.90541e+09	8.04041e+09	8.05441e+09	8.14978e+09	8.16462e+09	7.61113e+09	7.29058e+09	7.26678e+09	5.16466e+09	7.74209e+09	5.26043e+09	5.39161e+09	5.50563e+09	5.59517e+09	6.02193e+09	6.07181e+09	5.50758e+09	6.01429e+09	6.97831e+09	6.70992e+09	6.75533e+09	6.78711e+09	6.77769e+09	5.19365e+09	7.73647e+09	7.3245e+09	7.92661e+09	7.56071e+09	8.42309e+09	7.18573e+09	6.88318e+09	6.87722e+09	6.66103e+09	6.74641e+09	7.09451e+09	6.713e+09	6.16293e+09	7.25086e+09	7.28556e+09	4.2522e+09	7.30276e+09	6.25721e+09
ERR613460	6.86113e+09	7.55276e+09	7.2181e+09	7.19075e+09	6.92769e+09	7.18693e+09	5.77336e+09	7.4079e+09	7.61245e+09	7.25455e+09	7.42598e+09	7.44474e+09	6.85601e+09	7.49563e+09	6.9836e+09	7.4751e+09	7.46613e+09	6.7957e+09	6.43817e+09	6.52208e+09	6.96883e+09	6.61538e+09	6.56837e+09	6.69171e+09	6.43817e+09	6.52208e+09	6.96883e+09	6.61538e+09	6.56837e+09	6.69171e+09	6.89115e+09	6.07176e+09	6.89657e+09	6.85659e+09	5.97026e+09	5.94557e+09	6.08636e+09	5.76252e+09	6.08142e+09	5.76207e+09	6.17658e+09	6.41216e+09	6.88309e+09	7.45268e+09	7.07642e+09	6.89469e+09	7.49071e+09	6.40282e+09	5.00812e+09	5.17154e+09	6.33723e+09	5.23522e+09	6.39942e+09	5.31984e+09	7.1127e+09	7.22493e+09	7.23796e+09	7.31805e+09	7.32841e+09	6.86163e+09	6.55076e+09	6.52939e+09	4.69591e+09	6.94063e+09	4.78093e+09	4.8963e+09	4.9854e+09	5.0643e+09	5.43853e+09	5.48127e+09	4.9881e+09	5.43064e+09	6.23596e+09	6.00426e+09	6.04347e+09	6.07165e+09	6.06319e+09	4.67675e+09	6.95273e+09	6.60792e+09	7.10876e+09	6.80643e+09	7.52116e+09	6.48734e+09	6.16508e+09	6.16118e+09	5.97584e+09	6.04883e+09	6.34808e+09	6.02021e+09	5.56261e+09	6.49991e+09	6.52996e+09	3.87475e+09	6.54543e+09	5.64524e+09
ERR613456	7.58475e+09	8.41089e+09	8.00967e+09	7.97474e+09	7.662e+09	7.97193e+09	6.34543e+09	8.24295e+09	8.48776e+09	8.05883e+09	8.26342e+09	8.28669e+09	7.57074e+09	8.35202e+09	7.4751e+09	8.57938e+09	8.31519e+09	7.49882e+09	7.0816e+09	7.19166e+09	7.71428e+09	7.29429e+09	7.24773e+09	7.38586e+09	7.0816e+09	7.19166e+09	7.71428e+09	7.29429e+09	7.24773e+09	7.38586e+09	7.63024e+09	6.68009e+09	7.63674e+09	7.5888e+09	6.56258e+09	6.53623e+09	6.7079e+09	6.33301e+09	6.69958e+09	6.33452e+09	6.81116e+09	7.08223e+09	7.60978e+09	8.28736e+09	7.83827e+09	7.62311e+09	8.33179e+09	7.05549e+09	5.48288e+09	5.66766e+09	7.0014e+09	5.73979e+09	7.07331e+09	5.83521e+09	7.88311e+09	8.01783e+09	8.03207e+09	8.12652e+09	8.14128e+09	7.58971e+09	7.27091e+09	7.24695e+09	5.15153e+09	7.7207e+09	5.24675e+09	5.37751e+09	5.49134e+09	5.58089e+09	6.0068e+09	6.05616e+09	5.49364e+09	5.99877e+09	6.95875e+09	6.69149e+09	6.73733e+09	6.76872e+09	6.75966e+09	5.17904e+09	7.71159e+09	7.30132e+09	7.90027e+09	7.53694e+09	8.39514e+09	7.16296e+09	6.86382e+09	6.85859e+09	6.64348e+09	6.72803e+09	7.07468e+09	6.69548e+09	6.14627e+09	7.23045e+09	7.26525e+09	4.24191e+09	7.28186e+09	6.24077e+09
ERR613457	7.57428e+09	8.39865e+09	7.9982e+09	7.96311e+09	7.65177e+09	7.96105e+09	6.33911e+09	8.23266e+09	8.47647e+09	8.04929e+09	8.25294e+09	8.27602e+09	7.56142e+09	8.34101e+09	7.46613e+09	8.31519e+09	8.55594e+09	7.48956e+09	7.07375e+09	7.18339e+09	7.70451e+09	7.28575e+09	7.24028e+09	7.37743e+09	7.07375e+09	7.18339e+09	7.70451e+09	7.28575e+09	7.24028e+09	7.37743e+09	7.62046e+09	6.67266e+09	7.62678e+09	7.57964e+09	6.55534e+09	6.52912e+09	6.69889e+09	6.3239e+09	6.6903e+09	6.32571e+09	6.80134e+09	7.07194e+09	7.60017e+09	8.27645e+09	7.82839e+09	7.61344e+09	8.32052e+09	7.04696e+09	5.47589e+09	5.66038e+09	6.99111e+09	5.73194e+09	7.06178e+09	5.82751e+09	7.87361e+09	8.00716e+09	8.02146e+09	8.11616e+09	8.13079e+09	7.58047e+09	7.26068e+09	7.23623e+09	5.14585e+09	7.70885e+09	5.24061e+09	5.37108e+09	5.4842e+09	5.57344e+09	5.99819e+09	6.04772e+09	5.48632e+09	5.99051e+09	6.94732e+09	6.68042e+09	6.72603e+09	6.75756e+09	6.74818e+09	5.17131e+09	7.70337e+09	7.29425e+09	7.89147e+09	7.5294e+09	8.38461e+09	7.15631e+09	6.8528e+09	6.84795e+09	6.63292e+09	6.71743e+09	7.06322e+09	6.68437e+09	6.13792e+09	7.21998e+09	7.25413e+09	4.23698e+09	7.27137e+09	6.23203e+09
ERR613459	6.88154e+09	7.57612e+09	7.23969e+09	7.21243e+09	6.94749e+09	7.20826e+09	5.78844e+09	7.43033e+09	7.63656e+09	7.27672e+09	7.4494e+09	7.46709e+09	6.87632e+09	7.51949e+09	6.7957e+09	7.49882e+09	7.48956e+09	7.02295e+09	6.45582e+09	6.53955e+09	6.98859e+09	6.63378e+09	6.58568e+09	6.70987e+09	6.45582e+09	6.53955e+09	6.98859e+09	6.63378e+09	6.58568e+09	6.70987e+09	6.90977e+09	6.08694e+09	6.91516e+09	6.87482e+09	5.98473e+09	5.95986e+09	6.1036e+09	5.77849e+09	6.09901e+09	5.77849e+09	6.19394e+09	6.43104e+09	6.90435e+09	7.47682e+09	7.0982e+09	6.91638e+09	7.5152e+09	6.42113e+09	5.02089e+09	5.18477e+09	6.35578e+09	5.24833e+09	6.41775e+09	5.33356e+09	7.13336e+09	7.24635e+09	7.25988e+09	7.34017e+09	7.35071e+09	6.88073e+09	6.57036e+09	6.54896e+09	4.70797e+09	6.96183e+09	4.79378e+09	4.90892e+09	4.99923e+09	5.07816e+09	5.45408e+09	5.49754e+09	5.00203e+09	5.44657e+09	6.25524e+09	6.0221e+09	6.06155e+09	6.08951e+09	6.08127e+09	4.68893e+09	6.9714e+09	6.62442e+09	7.12788e+09	6.82487e+09	7.54269e+09	6.5033e+09	6.18311e+09	6.17943e+09	5.99341e+09	6.06624e+09	6.36756e+09	6.03862e+09	5.5778e+09	6.51863e+09	6.54856e+09	3.88465e+09	6.56396e+09	5.661e+09
ERR605614	6.616e+09	7.25437e+09	6.94792e+09	6.92006e+09	6.67795e+09	6.91766e+09	5.53517e+09	7.06621e+09	7.24986e+09	6.9222e+09	7.07946e+09	7.09857e+09	6.51127e+09	7.10019e+09	6.43817e+09	7.0816e+09	7.07375e+09	6.45582e+09	6.52292e+09	6.41098e+09	6.82628e+09	6.49505e+09	6.45546e+09	6.56718e+09	6.52292e+09	6.41098e+09	6.82628e+09	6.49505e+09	6.45546e+09	6.56718e+09	6.59685e+09	5.8282e+09	6.6011e+09	6.56403e+09	5.73125e+09	5.71037e+09	5.80836e+09	5.49477e+09	5.79483e+09	5.49568e+09	5.89036e+09	6.11466e+09	6.57259e+09	7.10924e+09	6.75873e+09	6.58337e+09	7.1467e+09	6.1279e+09	4.85812e+09	5.00644e+09	6.10664e+09	5.06725e+09	6.16517e+09	5.14542e+09	6.79082e+09	6.89404e+09	6.90453e+09	6.97711e+09	6.98886e+09	6.55719e+09	6.27795e+09	6.25722e+09	4.52602e+09	6.6414e+09	4.60918e+09	4.71711e+09	4.75256e+09	4.82501e+09	5.17487e+09	5.21535e+09	4.75443e+09	5.16695e+09	5.88065e+09	5.66696e+09	5.70283e+09	5.72976e+09	5.72214e+09	4.43142e+09	6.67087e+09	6.35641e+09	6.81161e+09	6.53746e+09	7.18074e+09	6.24705e+09	5.84144e+09	5.84178e+09	5.66276e+09	5.73317e+09	6.01421e+09	5.70675e+09	5.28848e+09	6.1702e+09	6.19699e+09	3.6985e+09	6.21106e+09	5.36709e+09
ERR605616	6.6909e+09	7.34488e+09	7.03342e+09	7.00062e+09	6.75431e+09	7.00186e+09	5.62694e+09	7.17165e+09	7.35258e+09	7.02504e+09	7.18117e+09	7.20344e+09	6.59727e+09	7.21173e+09	6.52208e+09	7.19166e+09	7.18339e+09	6.53955e+09	6.41098e+09	6.727e+09	6.9294e+09	6.59221e+09	6.57497e+09	6.66791e+09	6.41098e+09	6.727e+09	6.9294e+09	6.59221e+09	6.57497e+09	6.66791e+09	6.68388e+09	5.90164e+09	6.68786e+09	6.65088e+09	5.79799e+09	5.78446e+09	5.86973e+09	5.53516e+09	5.84292e+09	5.53707e+09	5.94986e+09	6.17675e+09	6.63497e+09	7.19264e+09	6.83277e+09	6.6458e+09	7.22931e+09	6.19774e+09	4.90395e+09	5.04189e+09	6.15316e+09	5.10445e+09	6.21151e+09	5.17923e+09	6.87954e+09	6.98665e+09	6.99319e+09	7.06672e+09	7.08207e+09	6.64831e+09	6.34955e+09	6.3284e+09	4.56571e+09	6.71415e+09	4.65278e+09	4.76105e+09	4.79006e+09	4.86245e+09	5.21298e+09	5.25304e+09	4.7877e+09	5.20498e+09	5.92616e+09	5.71428e+09	5.74935e+09	5.77672e+09	5.77012e+09	4.478e+09	6.77765e+09	6.45852e+09	6.92335e+09	6.6405e+09	7.29383e+09	6.35558e+09	5.89391e+09	5.89642e+09	5.70605e+09	5.78056e+09	6.06879e+09	5.75337e+09	5.33528e+09	6.24741e+09	6.27478e+09	3.72069e+09	6.28616e+09	5.41424e+09
ERR605611	7.17354e+09	7.9166e+09	7.55745e+09	7.5252e+09	7.24522e+09	7.52233e+09	5.96961e+09	7.69924e+09	7.91253e+09	7.53172e+09	7.71326e+09	7.73685e+09	7.05226e+09	7.73553e+09	6.96883e+09	7.71428e+09	7.70451e+09	6.98859e+09	6.82628e+09	6.9294e+09	7.64486e+09	7.02567e+09	6.98244e+09	7.11256e+09	6.82628e+09	6.9294e+09	7.64486e+09	7.02567e+09	6.98244e+09	7.11256e+09	7.16603e+09	6.30092e+09	7.17111e+09	7.12919e+09	6.19318e+09	6.16921e+09	6.28916e+09	5.9401e+09	6.27526e+09	5.94147e+09	6.3814e+09	6.63181e+09	7.13579e+09	7.74985e+09	7.34606e+09	7.14854e+09	7.79155e+09	6.63316e+09	5.23254e+09	5.40205e+09	6.63212e+09	5.46986e+09	6.6974e+09	5.55697e+09	7.38199e+09	7.50092e+09	7.51046e+09	7.59527e+09	7.60894e+09	7.11384e+09	6.83259e+09	6.80973e+09	4.88182e+09	7.24109e+09	4.97233e+09	5.0923e+09	5.1496e+09	5.2311e+09	5.62059e+09	5.66607e+09	5.15272e+09	5.6128e+09	6.44108e+09	6.19918e+09	6.24126e+09	6.27088e+09	6.2624e+09	4.82178e+09	7.25174e+09	6.88827e+09	7.41432e+09	7.09602e+09	7.84531e+09	6.76363e+09	6.38373e+09	6.38159e+09	6.18218e+09	6.26109e+09	6.5773e+09	6.23118e+09	5.74326e+09	6.73089e+09	6.76183e+09	3.98818e+09	6.77706e+09	5.83156e+09
ERR605613	6.79473e+09	7.46418e+09	7.14326e+09	7.11221e+09	6.85964e+09	7.11136e+09	5.689e+09	7.27585e+09	7.46751e+09	7.12653e+09	7.28983e+09	7.30984e+09	6.69324e+09	7.31448e+09	6.61538e+09	7.29429e+09	7.28575e+09	6.63378e+09	6.49505e+09	6.59221e+09	7.02567e+09	6.88705e+09	6.64054e+09	6.7551e+09	6.49505e+09	6.59221e+09	7.02567e+09	6.88705e+09	6.64054e+09	6.7551e+09	6.78503e+09	5.9862e+09	6.78983e+09	6.75091e+09	5.8834e+09	5.86454e+09	5.96103e+09	5.63039e+09	5.9418e+09	5.63156e+09	6.04471e+09	6.27669e+09	6.74864e+09	7.31281e+09	6.94621e+09	6.76094e+09	7.35198e+09	6.29189e+09	4.97537e+09	5.12202e+09	6.26155e+09	5.18533e+09	6.32182e+09	5.26524e+09	6.98533e+09	7.09412e+09	7.1023e+09	7.17792e+09	7.19169e+09	6.74342e+09	6.45162e+09	6.43015e+09	4.63553e+09	6.82785e+09	4.72239e+09	4.83356e+09	4.87203e+09	4.9471e+09	5.30698e+09	5.3489e+09	4.87266e+09	5.29923e+09	6.04314e+09	5.82283e+09	5.85935e+09	5.88758e+09	5.87937e+09	4.55112e+09	6.87155e+09	6.54318e+09	7.01923e+09	6.73129e+09	7.40339e+09	6.43261e+09	6.00275e+09	6.00387e+09	5.81479e+09	5.88982e+09	6.18189e+09	5.86191e+09	5.42679e+09	6.34522e+09	6.37386e+09	3.78507e+09	6.3866e+09	5.50785e+09
ERR605615	6.73737e+09	7.40075e+09	7.08455e+09	7.05068e+09	6.80146e+09	7.05278e+09	5.66811e+09	7.2277e+09	7.41032e+09	7.07959e+09	7.23696e+09	7.25992e+09	6.6444e+09	7.26866e+09	6.56837e+09	7.24773e+09	7.24028e+09	6.58568e+09	6.45546e+09	6.57497e+09	6.98244e+09	6.64054e+09	6.83062e+09	6.71789e+09	6.45546e+09	6.57497e+09	6.98244e+09	6.64054e+09	6.83062e+09	6.71789e+09	6.73294e+09	5.94328e+09	6.73785e+09	6.69995e+09	5.8375e+09	5.82459e+09	5.91007e+09	5.5706e+09	5.88163e+09	5.57223e+09	5.99055e+09	6.22012e+09	6.68157e+09	7.24689e+09	6.88222e+09	6.69286e+09	7.28424e+09	6.24166e+09	4.93636e+09	5.0734e+09	6.19593e+09	5.13669e+09	6.25444e+09	5.21164e+09	6.93073e+09	7.03945e+09	7.04603e+09	7.12003e+09	7.13544e+09	6.69758e+09	6.39671e+09	6.37547e+09	4.59519e+09	6.76441e+09	4.68361e+09	4.79248e+09	4.82196e+09	4.89481e+09	5.24803e+09	5.28883e+09	4.8194e+09	5.24074e+09	5.97202e+09	5.7579e+09	5.79329e+09	5.82079e+09	5.81366e+09	4.51264e+09	6.83051e+09	6.50731e+09	6.97834e+09	6.69118e+09	7.35313e+09	6.40414e+09	5.93841e+09	5.94204e+09	5.74828e+09	5.82335e+09	6.11558e+09	5.79609e+09	5.37365e+09	6.2964e+09	6.32399e+09	3.74357e+09	6.33565e+09	5.45293e+09
ERR605612	6.87917e+09	7.56581e+09	7.23617e+09	7.20428e+09	6.94519e+09	7.20231e+09	5.74821e+09	7.36794e+09	7.56251e+09	7.21276e+09	7.37962e+09	7.40237e+09	6.77018e+09	7.40604e+09	6.69171e+09	7.38586e+09	7.37743e+09	6.70987e+09	6.56718e+09	6.66791e+09	7.11256e+09	6.7551e+09	6.71789e+09	7.04744e+09	6.56718e+09	6.66791e+09	7.11256e+09	6.7551e+09	6.71789e+09	7.04744e+09	6.86958e+09	6.05654e+09	6.87412e+09	6.8355e+09	5.95355e+09	5.93301e+09	6.03319e+09	5.69769e+09	6.0144e+09	5.69883e+09	6.11844e+09	6.35484e+09	6.83252e+09	7.40813e+09	7.03287e+09	6.8445e+09	7.44726e+09	6.36707e+09	5.03467e+09	5.18938e+09	6.3471e+09	5.25377e+09	6.40889e+09	5.33401e+09	7.07163e+09	7.18235e+09	7.19065e+09	7.26829e+09	7.28177e+09	6.82367e+09	6.53807e+09	6.51658e+09	4.69235e+09	6.92037e+09	4.78021e+09	4.89359e+09	4.93649e+09	5.01236e+09	5.37919e+09	5.42145e+09	4.93773e+09	5.37125e+09	6.13405e+09	5.90929e+09	5.94731e+09	5.97563e+09	5.96805e+09	4.61413e+09	6.95475e+09	6.61834e+09	7.10528e+09	6.81062e+09	7.49988e+09	6.50454e+09	6.08908e+09	6.08953e+09	5.89803e+09	5.97313e+09	6.27208e+09	5.94541e+09	5.49874e+09	6.43379e+09	6.46272e+09	3.83093e+09	6.4766e+09	5.58186e+09
ERR605614	6.616e+09	7.25437e+09	6.94792e+09	6.92006e+09	6.67795e+09	6.91766e+09	5.53517e+09	7.06621e+09	7.24986e+09	6.9222e+09	7.07946e+09	7.09857e+09	6.51127e+09	7.10019e+09	6.43817e+09	7.0816e+09	7.07375e+09	6.45582e+09	6.52292e+09	6.41098e+09	6.82628e+09	6.49505e+09	6.45546e+09	6.56718e+09	6.52292e+09	6.41098e+09	6.82628e+09	6.49505e+09	6.45546e+09	6.56718e+09	6.59685e+09	5.8282e+09	6.6011e+09	6.56403e+09	5.73125e+09	5.71037e+09	5.80836e+09	5.49477e+09	5.79483e+09	5.49568e+09	5.89036e+09	6.11466e+09	6.57259e+09	7.10924e+09	6.75873e+09	6.58337e+09	7.1467e+09	6.1279e+09	4.85812e+09	5.00644e+09	6.10664e+09	5.06725e+09	6.16517e+09	5.14542e+09	6.79082e+09	6.89404e+09	6.90453e+09	6.97711e+09	6.98886e+09	6.55719e+09	6.27795e+09	6.25722e+09	4.52602e+09	6.6414e+09	4.60918e+09	4.71711e+09	4.75256e+09	4.82501e+09	5.17487e+09	5.21535e+09	4.75443e+09	5.16695e+09	5.88065e+09	5.66696e+09	5.70283e+09	5.72976e+09	5.72214e+09	4.43142e+09	6.67087e+09	6.35641e+09	6.81161e+09	6.53746e+09	7.18074e+09	6.24705e+09	5.84144e+09	5.84178e+09	5.66276e+09	5.73317e+09	6.01421e+09	5.70675e+09	5.28848e+09	6.1702e+09	6.19699e+09	3.6985e+09	6.21106e+09	5.36709e+09
ERR605616	6.6909e+09	7.34488e+09	7.03342e+09	7.00062e+09	6.75431e+09	7.00186e+09	5.62694e+09	7.17165e+09	7.35258e+09	7.02504e+09	7.18117e+09	7.20344e+09	6.59727e+09	7.21173e+09	6.52208e+09	7.19166e+09	7.18339e+09	6.53955e+09	6.41098e+09	6.727e+09	6.9294e+09	6.59221e+09	6.57497e+09	6.66791e+09	6.41098e+09	6.727e+09	6.9294e+09	6.59221e+09	6.57497e+09	6.66791e+09	6.68388e+09	5.90164e+09	6.68786e+09	6.65088e+09	5.79799e+09	5.78446e+09	5.86973e+09	5.53516e+09	5.84292e+09	5.53707e+09	5.94986e+09	6.17675e+09	6.63497e+09	7.19264e+09	6.83277e+09	6.6458e+09	7.22931e+09	6.19774e+09	4.90395e+09	5.04189e+09	6.15316e+09	5.10445e+09	6.21151e+09	5.17923e+09	6.87954e+09	6.98665e+09	6.99319e+09	7.06672e+09	7.08207e+09	6.64831e+09	6.34955e+09	6.3284e+09	4.56571e+09	6.71415e+09	4.65278e+09	4.76105e+09	4.79006e+09	4.86245e+09	5.21298e+09	5.25304e+09	4.7877e+09	5.20498e+09	5.92616e+09	5.71428e+09	5.74935e+09	5.77672e+09	5.77012e+09	4.478e+09	6.77765e+09	6.45852e+09	6.92335e+09	6.6405e+09	7.29383e+09	6.35558e+09	5.89391e+09	5.89642e+09	5.70605e+09	5.78056e+09	6.06879e+09	5.75337e+09	5.33528e+09	6.24741e+09	6.27478e+09	3.72069e+09	6.28616e+09	5.41424e+09
ERR605611	7.17354e+09	7.9166e+09	7.55745e+09	7.5252e+09	7.24522e+09	7.52233e+09	5.96961e+09	7.69924e+09	7.91253e+09	7.53172e+09	7.71326e+09	7.73685e+09	7.05226e+09	7.73553e+09	6.96883e+09	7.71428e+09	7.70451e+09	6.98859e+09	6.82628e+09	6.9294e+09	7.64486e+09	7.02567e+09	6.98244e+09	7.11256e+09	6.82628e+09	6.9294e+09	7.64486e+09	7.02567e+09	6.98244e+09	7.11256e+09	7.16603e+09	6.30092e+09	7.17111e+09	7.12919e+09	6.19318e+09	6.16921e+09	6.28916e+09	5.9401e+09	6.27526e+09	5.94147e+09	6.3814e+09	6.63181e+09	7.13579e+09	7.74985e+09	7.34606e+09	7.14854e+09	7.79155e+09	6.63316e+09	5.23254e+09	5.40205e+09	6.63212e+09	5.46986e+09	6.6974e+09	5.55697e+09	7.38199e+09	7.50092e+09	7.51046e+09	7.59527e+09	7.60894e+09	7.11384e+09	6.83259e+09	6.80973e+09	4.88182e+09	7.24109e+09	4.97233e+09	5.0923e+09	5.1496e+09	5.2311e+09	5.62059e+09	5.66607e+09	5.15272e+09	5.6128e+09	6.44108e+09	6.19918e+09	6.24126e+09	6.27088e+09	6.2624e+09	4.82178e+09	7.25174e+09	6.88827e+09	7.41432e+09	7.09602e+09	7.84531e+09	6.76363e+09	6.38373e+09	6.38159e+09	6.18218e+09	6.26109e+09	6.5773e+09	6.23118e+09	5.74326e+09	6.73089e+09	6.76183e+09	3.98818e+09	6.77706e+09	5.83156e+09
ERR605613	6.79473e+09	7.46418e+09	7.14326e+09	7.11221e+09	6.85964e+09	7.11136e+09	5.689e+09	7.27585e+09	7.46751e+09	7.12653e+09	7.28983e+09	7.30984e+09	6.69324e+09	7.31448e+09	6.61538e+09	7.29429e+09	7.28575e+09	6.63378e+09	6.49505e+09	6.59221e+09	7.02567e+09	6.88705e+09	6.64054e+09	6.7551e+09	6.49505e+09	6.59221e+09	7.02567e+09	6.88705e+09	6.64054e+09	6.7551e+09	6.78503e+09	5.9862e+09	6.78983e+09	6.75091e+09	5.8834e+09	5.86454e+09	5.96103e+09	5.63039e+09	5.9418e+09	5.63156e+09	6.04471e+09	6.27669e+09	6.74864e+09	7.31281e+09	6.94621e+09	6.76094e+09	7.35198e+09	6.29189e+09	4.97537e+09	5.12202e+09	6.26155e+09	5.18533e+09	6.32182e+09	5.26524e+09	6.98533e+09	7.09412e+09	7.1023e+09	7.17792e+09	7.19169e+09	6.74342e+09	6.45162e+09	6.43015e+09	4.63553e+09	6.82785e+09	4.72239e+09	4.83356e+09	4.87203e+09	4.9471e+09	5.30698e+09	5.3489e+09	4.87266e+09	5.29923e+09	6.04314e+09	5.82283e+09	5.85935e+09	5.88758e+09	5.87937e+09	4.55112e+09	6.87155e+09	6.54318e+09	7.01923e+09	6.73129e+09	7.40339e+09	6.43261e+09	6.00275e+09	6.00387e+09	5.81479e+09	5.88982e+09	6.18189e+09	5.86191e+09	5.42679e+09	6.34522e+09	6.37386e+09	3.78507e+09	6.3866e+09	5.50785e+09
ERR605615	6.73737e+09	7.40075e+09	7.08455e+09	7.05068e+09	6.80146e+09	7.05278e+09	5.66811e+09	7.2277e+09	7.41032e+09	7.07959e+09	7.23696e+09	7.25992e+09	6.6444e+09	7.26866e+09	6.56837e+09	7.24773e+09	7.24028e+09	6.58568e+09	6.45546e+09	6.57497e+09	6.98244e+09	6.64054e+09	6.83062e+09	6.71789e+09	6.45546e+09	6.57497e+09	6.98244e+09	6.64054e+09	6.83062e+09	6.71789e+09	6.73294e+09	5.94328e+09	6.73785e+09	6.69995e+09	5.8375e+09	5.82459e+09	5.91007e+09	5.5706e+09	5.88163e+09	5.57223e+09	5.99055e+09	6.22012e+09	6.68157e+09	7.24689e+09	6.88222e+09	6.69286e+09	7.28424e+09	6.24166e+09	4.93636e+09	5.0734e+09	6.19593e+09	5.13669e+09	6.25444e+09	5.21164e+09	6.93073e+09	7.03945e+09	7.04603e+09	7.12003e+09	7.13544e+09	6.69758e+09	6.39671e+09	6.37547e+09	4.59519e+09	6.76441e+09	4.68361e+09	4.79248e+09	4.82196e+09	4.89481e+09	5.24803e+09	5.28883e+09	4.8194e+09	5.24074e+09	5.97202e+09	5.7579e+09	5.79329e+09	5.82079e+09	5.81366e+09	4.51264e+09	6.83051e+09	6.50731e+09	6.97834e+09	6.69118e+09	7.35313e+09	6.40414e+09	5.93841e+09	5.94204e+09	5.74828e+09	5.82335e+09	6.11558e+09	5.79609e+09	5.37365e+09	6.2964e+09	6.32399e+09	3.74357e+09	6.33565e+09	5.45293e+09
ERR605612	6.87917e+09	7.56581e+09	7.23617e+09	7.20428e+09	6.94519e+09	7.20231e+09	5.74821e+09	7.36794e+09	7.56251e+09	7.21276e+09	7.37962e+09	7.40237e+09	6.77018e+09	7.40604e+09	6.69171e+09	7.38586e+09	7.37743e+09	6.70987e+09	6.56718e+09	6.66791e+09	7.11256e+09	6.7551e+09	6.71789e+09	7.04744e+09	6.56718e+09	6.66791e+09	7.11256e+09	6.7551e+09	6.71789e+09	7.04744e+09	6.86958e+09	6.05654e+09	6.87412e+09	6.8355e+09	5.95355e+09	5.93301e+09	6.03319e+09	5.69769e+09	6.0144e+09	5.69883e+09	6.11844e+09	6.35484e+09	6.83252e+09	7.40813e+09	7.03287e+09	6.8445e+09	7.44726e+09	6.36707e+09	5.03467e+09	5.18938e+09	6.3471e+09	5.25377e+09	6.40889e+09	5.33401e+09	7.07163e+09	7.18235e+09	7.19065e+09	7.26829e+09	7.28177e+09	6.82367e+09	6.53807e+09	6.51658e+09	4.69235e+09	6.92037e+09	4.78021e+09	4.89359e+09	4.93649e+09	5.01236e+09	5.37919e+09	5.42145e+09	4.93773e+09	5.37125e+09	6.13405e+09	5.90929e+09	5.94731e+09	5.97563e+09	5.96805e+09	4.61413e+09	6.95475e+09	6.61834e+09	7.10528e+09	6.81062e+09	7.49988e+09	6.50454e+09	6.08908e+09	6.08953e+09	5.89803e+09	5.97313e+09	6.27208e+09	5.94541e+09	5.49874e+09	6.43379e+09	6.46272e+09	3.83093e+09	6.4766e+09	5.58186e+09
ERR614838	7.15604e+09	7.91778e+09	7.54597e+09	7.51751e+09	7.22762e+09	7.5096e+09	5.87811e+09	7.60193e+09	7.81965e+09	7.43532e+09	7.61995e+09	7.64097e+09	6.97143e+09	7.65169e+09	6.89115e+09	7.63024e+09	7.62046e+09	6.90977e+09	6.59685e+09	6.68388e+09	7.16603e+09	6.78503e+09	6.73294e+09	6.86958e+09	6.59685e+09	6.68388e+09	7.16603e+09	6.78503e+09	6.73294e+09	6.86958e+09	8.2488e+09	7.039e+09	8.03428e+09	7.98515e+09	6.91958e+09	6.885e+09	6.27972e+09	5.9458e+09	6.28001e+09	5.94664e+09	6.37618e+09	6.62577e+09	7.13233e+09	7.74092e+09	7.33271e+09	7.1445e+09	7.78495e+09	6.61081e+09	5.445e+09	5.65072e+09	6.94889e+09	5.72098e+09	7.02299e+09	5.81653e+09	7.37433e+09	7.49402e+09	7.50634e+09	7.59203e+09	7.60629e+09	7.10089e+09	7.42117e+09	7.39526e+09	5.29742e+09	7.86489e+09	5.3922e+09	5.52666e+09	5.64391e+09	5.73443e+09	6.16899e+09	6.21833e+09	5.65235e+09	6.15867e+09	7.13341e+09	6.86278e+09	6.91174e+09	6.94493e+09	6.93507e+09	5.32302e+09	7.826e+09	7.41343e+09	8.01378e+09	7.6523e+09	8.5101e+09	7.26372e+09	7.04071e+09	7.03015e+09	6.82671e+09	6.9088e+09	7.24707e+09	6.87466e+09	6.32418e+09	7.39088e+09	7.4243e+09	4.38316e+09	7.44342e+09	6.42118e+09
ERR614836	6.29075e+09	6.91559e+09	6.61284e+09	6.58804e+09	6.34977e+09	6.58215e+09	5.21216e+09	6.64184e+09	6.81737e+09	6.50493e+09	6.65507e+09	6.67372e+09	6.1378e+09	6.69839e+09	6.07176e+09	6.68009e+09	6.67266e+09	6.08694e+09	5.8282e+09	5.90164e+09	6.30092e+09	5.9862e+09	5.94328e+09	6.05654e+09	5.8282e+09	5.90164e+09	6.30092e+09	5.9862e+09	5.94328e+09	6.05654e+09	7.039e+09	6.41703e+09	7.04219e+09	7.00267e+09	6.1366e+09	6.11097e+09	5.55001e+09	5.26382e+09	5.54481e+09	5.26346e+09	5.62786e+09	5.83694e+09	6.26277e+09	6.76317e+09	6.42868e+09	6.27292e+09	6.79842e+09	5.83717e+09	4.88094e+09	5.04979e+09	6.12869e+09	5.10924e+09	6.18924e+09	5.18769e+09	6.46445e+09	6.56264e+09	6.5715e+09	6.64111e+09	6.65405e+09	6.24184e+09	6.51634e+09	6.49546e+09	4.74276e+09	6.877e+09	4.82516e+09	4.93946e+09	5.03172e+09	5.10677e+09	5.46835e+09	5.50842e+09	5.03733e+09	5.45904e+09	6.24228e+09	6.0215e+09	6.05969e+09	6.08831e+09	6.08021e+09	4.73557e+09	6.86625e+09	6.53322e+09	7.01889e+09	6.72618e+09	7.4147e+09	6.41212e+09	6.1791e+09	6.17352e+09	6.00009e+09	6.06831e+09	6.34926e+09	6.04087e+09	5.59902e+09	6.486e+09	6.5132e+09	3.93992e+09	6.5277e+09	5.68048e+09
ERR614840	7.15993e+09	7.92239e+09	7.55021e+09	7.52161e+09	7.23197e+09	7.51387e+09	5.88171e+09	7.6077e+09	7.82609e+09	7.44101e+09	7.62604e+09	7.64673e+09	6.97675e+09	7.65789e+09	6.89657e+09	7.63674e+09	7.62678e+09	6.91516e+09	6.6011e+09	6.68786e+09	7.17111e+09	6.78983e+09	6.73785e+09	6.87412e+09	6.6011e+09	6.68786e+09	7.17111e+09	6.78983e+09	6.73785e+09	6.87412e+09	8.03428e+09	7.04219e+09	8.25517e+09	7.98853e+09	6.92187e+09	6.88739e+09	6.28404e+09	5.94988e+09	6.28457e+09	5.95058e+09	6.3802e+09	6.6306e+09	7.13563e+09	7.74562e+09	7.33653e+09	7.14822e+09	7.78959e+09	6.61423e+09	5.4466e+09	5.65133e+09	6.95002e+09	5.72147e+09	7.02458e+09	5.81725e+09	7.38055e+09	7.50059e+09	7.51305e+09	7.59879e+09	7.61259e+09	7.1067e+09	7.42338e+09	7.39796e+09	5.29883e+09	7.86828e+09	5.39329e+09	5.52855e+09	5.64547e+09	5.73616e+09	6.17118e+09	6.22092e+09	5.65401e+09	6.16133e+09	7.13549e+09	6.86435e+09	6.91256e+09	6.94636e+09	6.93605e+09	5.32423e+09	7.83139e+09	7.41815e+09	8.01939e+09	7.65781e+09	8.5157e+09	7.26875e+09	7.04303e+09	7.03256e+09	6.82862e+09	6.91027e+09	7.24923e+09	6.87656e+09	6.32614e+09	7.39297e+09	7.42671e+09	4.38432e+09	7.44591e+09	6.4236e+09
