	ERR612638	ERR612639	ERR612640	ERR612642	ERR612641	ERR612637	ERR617660	ERR617657	ERR617656	ERR617659	ERR617658	ERR617655	ERR608341	ERR608344	ERR608342	ERR608345	ERR608343	ERR608346	ERR617367	ERR617369	ERR617371	ERR617368	ERR617372	ERR617370	ERR617367	ERR617369	ERR617371	ERR617368	ERR617372	ERR617370	ERR612225	ERR612224	ERR612221	ERR612223	ERR612226	ERR612222	ERR612638	ERR612639	ERR612640	ERR612642	ERR612641	ERR612637	ERR636741	ERR636740	ERR636742	ERR636743	ERR636739	ERR636744	ERR622132	ERR622133	ERR622135	ERR622131	ERR622136	ERR622134	ERR608755	ERR608752	ERR608753	ERR608754	ERR608751	ERR608756	ERR613804	ERR613801	ERR613803	ERR613800	ERR613802	ERR613805	ERR608270	ERR608273	ERR608274	ERR608269	ERR608272	ERR608271	ERR608108	ERR608106	ERR608110	ERR608109	ERR608107	ERR608105	ERR622008	ERR622003	ERR622004	ERR622005	ERR622007	ERR622006	ERR626651	ERR626653	ERR626654	ERR626652	ERR626655	ERR626650	ERR632075	ERR632076	ERR632077	ERR632074	ERR632078	ERR632073
ERR612638	0	0.276548	0.262345	0.261004	0.261358	0.291452	0.385387	0.399183	0.476606	0.386283	0.386583	0.391602	0.341424	0.340155	0.332738	0.338656	0.341137	0.334269	0.368066	0.373069	0.388418	0.372487	0.388486	0.388855	0.368066	0.373069	0.388418	0.372487	0.388486	0.388855	0.360927	0.35719	0.37896	0.372302	0.356535	0.372766	0	0.276548	0.262345	0.261004	0.261358	0.291452	0.372599	0.370094	0.369283	0.36839	0.36986	0.368696	0.444108	0.44407	0.447136	0.452146	0.445338	0.440618	0.452059	0.467312	0.476769	0.451587	0.460288	0.451306	0.459292	0.461419	0.45724	0.476296	0.4488	0.458425	0.459469	0.472043	0.475719	0.464034	0.472485	0.464432	0.465128	0.471921	0.465954	0.466198	0.478511	0.474622	0.445198	0.450342	0.444999	0.445364	0.444805	0.446119	0.441541	0.440823	0.441394	0.439869	0.44111	0.45002	0.470239	0.459354	0.457661	0.461742	0.456912	0.45959
ERR612639	0.276548	0	0.264573	0.267148	0.262671	0.253817	0.369665	0.419885	0.508353	0.368844	0.36893	0.37788	0.365128	0.329777	0.331077	0.329145	0.325103	0.330722	0.359115	0.364173	0.363339	0.363732	0.362785	0.363093	0.359115	0.364173	0.363339	0.363732	0.362785	0.363093	0.376986	0.349266	0.345731	0.343573	0.351364	0.34425	0.276548	0	0.264573	0.267148	0.262671	0.253817	0.34791	0.346064	0.350458	0.34855	0.352427	0.347579	0.434141	0.434888	0.434456	0.43643	0.459892	0.443724	0.44904	0.444894	0.450424	0.450819	0.464336	0.453026	0.440911	0.440474	0.440294	0.449543	0.438929	0.44061	0.454439	0.453036	0.455111	0.478896	0.453145	0.453816	0.46558	0.473095	0.471503	0.468002	0.472006	0.492854	0.453834	0.44302	0.445111	0.446147	0.451921	0.447279	0.432989	0.43485	0.434343	0.445621	0.434203	0.432709	0.446117	0.448211	0.451931	0.442975	0.452773	0.44802
ERR612640	0.262345	0.264573	0	0.255636	0.254831	0.274858	0.376183	0.402978	0.48933	0.376675	0.376657	0.381258	0.347765	0.3294	0.326374	0.328397	0.329328	0.326972	0.361705	0.365085	0.374737	0.364387	0.374692	0.374934	0.361705	0.365085	0.374737	0.364387	0.374692	0.374934	0.366379	0.354109	0.366118	0.361593	0.353904	0.362563	0.262345	0.264573	0	0.255636	0.254831	0.274858	0.364746	0.361763	0.363243	0.361587	0.364359	0.361499	0.437984	0.437904	0.439886	0.443609	0.447705	0.438541	0.449923	0.459168	0.466756	0.449974	0.463407	0.45084	0.450951	0.452597	0.449354	0.465444	0.444868	0.450337	0.454973	0.462987	0.466352	0.469089	0.463333	0.457756	0.460496	0.466663	0.463238	0.462159	0.470123	0.47757	0.446434	0.445992	0.443438	0.443882	0.445492	0.444391	0.437355	0.436982	0.4373	0.441728	0.437089	0.442724	0.461847	0.456461	0.45664	0.455335	0.456721	0.456959
ERR612642	0.261004	0.267148	0.255636	0	0.255244	0.277811	0.378538	0.402411	0.487718	0.379338	0.379124	0.383248	0.347281	0.331557	0.327556	0.329918	0.331745	0.328129	0.363394	0.366638	0.377352	0.366062	0.377386	0.377769	0.363394	0.366638	0.377352	0.366062	0.377386	0.377769	0.365122	0.354519	0.368604	0.36378	0.354335	0.364663	0.261004	0.267148	0.255636	0	0.255244	0.277811	0.366966	0.36374	0.364915	0.363453	0.365977	0.36329	0.438888	0.438896	0.441097	0.445092	0.446992	0.438733	0.450596	0.461105	0.468897	0.450594	0.46363	0.451402	0.452582	0.454564	0.450995	0.467739	0.446187	0.452076	0.455956	0.464824	0.468295	0.468793	0.465079	0.458969	0.461418	0.467497	0.463796	0.463132	0.471348	0.477309	0.446165	0.446673	0.443677	0.444142	0.444914	0.444336	0.438629	0.438065	0.438312	0.442326	0.438072	0.444436	0.464041	0.457954	0.457749	0.457154	0.45747	0.458422
ERR612641	0.261358	0.262671	0.254831	0.255244	0	0.273538	0.376646	0.404494	0.489817	0.377123	0.377361	0.38244	0.348811	0.330724	0.327243	0.329728	0.330235	0.32803	0.361987	0.36584	0.375299	0.365214	0.375074	0.375501	0.361987	0.36584	0.375299	0.365214	0.375074	0.375501	0.364298	0.351369	0.364098	0.359314	0.351441	0.360255	0.261358	0.262671	0.254831	0.255244	0	0.273538	0.363682	0.360668	0.36204	0.36042	0.363143	0.360457	0.436442	0.436594	0.438525	0.442435	0.446926	0.437619	0.448422	0.457204	0.465073	0.448622	0.461482	0.449764	0.449203	0.450898	0.447679	0.463864	0.442669	0.448584	0.453653	0.461437	0.464693	0.4676	0.461657	0.456239	0.460461	0.466684	0.463355	0.462152	0.470352	0.477512	0.444485	0.443897	0.44105	0.441747	0.443329	0.442325	0.435393	0.435007	0.435331	0.439768	0.43515	0.440813	0.459735	0.453963	0.454454	0.452915	0.454239	0.454386
ERR612637	0.291452	0.253817	0.274858	0.277811	0.273538	0	0.368197	0.427218	0.523612	0.366735	0.366464	0.371866	0.379982	0.328469	0.335342	0.328735	0.323897	0.334805	0.361244	0.362868	0.355023	0.361906	0.353847	0.354357	0.361244	0.362868	0.355023	0.361906	0.353847	0.354357	0.394239	0.359651	0.342621	0.344376	0.362452	0.345912	0.291452	0.253817	0.274858	0.277811	0.273538	0	0.352016	0.348239	0.356182	0.353789	0.359172	0.352169	0.43614	0.436107	0.435093	0.435163	0.468269	0.448749	0.45474	0.444486	0.446546	0.457066	0.475737	0.459986	0.439325	0.438486	0.439313	0.443757	0.444463	0.439372	0.456891	0.450451	0.451952	0.490295	0.450295	0.453151	0.467514	0.473161	0.474791	0.470634	0.468332	0.500701	0.462021	0.44623	0.451535	0.452612	0.459741	0.452953	0.437549	0.439409	0.438254	0.457123	0.438276	0.432766	0.445611	0.456544	0.461855	0.445191	0.463564	0.455371
ERR617660	0.385387	0.369665	0.376183	0.378538	0.376646	0.368197	0	0.320888	0.437072	0.262905	0.262717	0.269613	0.368846	0.334486	0.337625	0.334968	0.334627	0.334931	0.29244	0.291816	0.294716	0.29249	0.29564	0.295109	0.29244	0.291816	0.294716	0.29249	0.29564	0.295109	0.445635	0.416382	0.388089	0.390876	0.419064	0.392788	0.385387	0.369665	0.376183	0.378538	0.376646	0.368197	0.383848	0.383256	0.39445	0.392211	0.399009	0.389718	0.452219	0.451469	0.452017	0.453827	0.467689	0.456179	0.44162	0.444203	0.447294	0.442416	0.458384	0.444438	0.449515	0.447423	0.449941	0.447819	0.455998	0.449876	0.451718	0.451864	0.453204	0.47065	0.452155	0.452053	0.438057	0.440882	0.441454	0.439091	0.442144	0.457047	0.48244	0.473868	0.476481	0.476602	0.481057	0.476645	0.454061	0.455408	0.454629	0.469358	0.454988	0.44693	0.456447	0.469108	0.472982	0.458591	0.473927	0.469938
ERR617657	0.399183	0.419885	0.402978	0.402411	0.404494	0.427218	0.320888	0	0.371272	0.324983	0.325577	0.32	0.354008	0.374254	0.364959	0.373431	0.382094	0.365386	0.330524	0.330371	0.363559	0.329634	0.365907	0.365097	0.330524	0.330371	0.363559	0.329634	0.365907	0.365097	0.455082	0.450528	0.452157	0.449529	0.450317	0.451159	0.399183	0.419885	0.402978	0.402411	0.404494	0.427218	0.440072	0.438609	0.442481	0.441029	0.444815	0.440319	0.491576	0.490041	0.494746	0.499684	0.474049	0.479353	0.469587	0.498911	0.506957	0.466589	0.474008	0.464989	0.497962	0.49959	0.496751	0.507945	0.493505	0.497636	0.482788	0.501729	0.505009	0.47019	0.502397	0.491078	0.459377	0.45946	0.453887	0.457696	0.473752	0.444249	0.497626	0.507658	0.502173	0.50116	0.4979	0.500729	0.489727	0.488045	0.48874	0.487581	0.488943	0.493994	0.512053	0.50817	0.505382	0.507139	0.503867	0.509195
ERR617656	0.476606	0.508353	0.48933	0.487718	0.489817	0.523612	0.437072	0.371272	0	0.440955	0.442234	0.446954	0.416504	0.481279	0.464173	0.479336	0.487282	0.465029	0.434722	0.444387	0.481562	0.443802	0.483904	0.482671	0.434722	0.444387	0.481562	0.443802	0.483904	0.482671	0.504206	0.518558	0.541394	0.532423	0.517066	0.532476	0.476606	0.508353	0.48933	0.487718	0.489817	0.523612	0.515866	0.518399	0.515116	0.515523	0.51463	0.516317	0.575518	0.57504	0.579676	0.587823	0.545125	0.559009	0.542504	0.577516	0.590784	0.53859	0.520581	0.534178	0.581892	0.583208	0.57993	0.596018	0.564458	0.581062	0.561858	0.58651	0.589854	0.519932	0.58738	0.57539	0.548202	0.552926	0.540406	0.545521	0.572805	0.513454	0.564196	0.584042	0.573159	0.571139	0.565906	0.57295	0.563242	0.562337	0.564147	0.543715	0.563973	0.574801	0.589206	0.566937	0.560545	0.579482	0.557786	0.569213
ERR617659	0.386283	0.368844	0.376675	0.379338	0.377123	0.366735	0.262905	0.324983	0.440955	0	0.262324	0.26996	0.371666	0.335001	0.338862	0.335493	0.334488	0.33604	0.292738	0.292969	0.293573	0.292989	0.294191	0.293992	0.292738	0.292969	0.293573	0.292989	0.294191	0.293992	0.446721	0.416281	0.386618	0.389756	0.419242	0.391411	0.386283	0.368844	0.376675	0.379338	0.377123	0.366735	0.382772	0.382339	0.393795	0.391557	0.398477	0.389021	0.452236	0.451544	0.451953	0.453472	0.469659	0.457181	0.442823	0.443887	0.446415	0.443693	0.459963	0.44601	0.449602	0.447333	0.450058	0.447044	0.456603	0.44996	0.452673	0.451794	0.453004	0.472951	0.452023	0.45248	0.439382	0.442306	0.443226	0.440605	0.442649	0.459737	0.483861	0.474027	0.477327	0.477377	0.482278	0.477494	0.454529	0.45613	0.455189	0.470394	0.455591	0.446777	0.455909	0.469717	0.473751	0.458342	0.474798	0.470178
ERR617658	0.386583	0.36893	0.376657	0.379124	0.377361	0.366464	0.262717	0.325577	0.442234	0.262324	0	0.269489	0.372729	0.334879	0.339463	0.335554	0.334454	0.33614	0.292952	0.29247	0.292642	0.292659	0.293278	0.292967	0.292952	0.29247	0.292642	0.292659	0.293278	0.292967	0.447331	0.416805	0.386496	0.389878	0.419641	0.391623	0.386583	0.36893	0.376657	0.379124	0.377361	0.366464	0.383418	0.382921	0.394617	0.392176	0.399303	0.389441	0.451054	0.450413	0.450733	0.452167	0.468622	0.456088	0.441648	0.44265	0.445077	0.442563	0.459392	0.44498	0.448418	0.446172	0.449043	0.445672	0.455906	0.448816	0.451545	0.450675	0.451798	0.47251	0.450872	0.451405	0.438143	0.44074	0.44206	0.43961	0.441264	0.45899	0.483269	0.473369	0.476567	0.476802	0.481516	0.476764	0.453649	0.455357	0.454389	0.470179	0.454459	0.445762	0.454806	0.468933	0.473167	0.4574	0.474209	0.469701
ERR617655	0.391602	0.37788	0.381258	0.383248	0.38244	0.371866	0.269613	0.32	0.446954	0.26996	0.269489	0	0.377849	0.333338	0.340436	0.334931	0.336076	0.338065	0.298586	0.291791	0.292638	0.291026	0.29355	0.293186	0.298586	0.291791	0.292638	0.291026	0.29355	0.293186	0.457656	0.42844	0.396712	0.401901	0.430911	0.404893	0.391602	0.37788	0.381258	0.383248	0.38244	0.371866	0.398253	0.394791	0.407964	0.405155	0.412894	0.402476	0.456469	0.454514	0.45592	0.456382	0.470941	0.459341	0.44902	0.452792	0.452898	0.449561	0.47237	0.452168	0.453045	0.45226	0.453737	0.451013	0.465222	0.453718	0.454762	0.454753	0.456386	0.479318	0.454973	0.453278	0.437509	0.436391	0.440479	0.438806	0.43594	0.457775	0.48732	0.478241	0.482021	0.481812	0.485452	0.480816	0.461241	0.461298	0.459989	0.480272	0.460631	0.45232	0.466026	0.483728	0.487694	0.468934	0.488601	0.48398
ERR608341	0.341424	0.365128	0.347765	0.347281	0.348811	0.379982	0.368846	0.354008	0.416504	0.371666	0.372729	0.377849	0	0.302953	0.284867	0.30005	0.306696	0.286897	0.349872	0.357098	0.385547	0.356944	0.387214	0.386446	0.349872	0.357098	0.385547	0.356944	0.387214	0.386446	0.378659	0.38313	0.410014	0.400861	0.381761	0.4016	0.341424	0.365128	0.347765	0.347281	0.348811	0.379982	0.371254	0.370944	0.367284	0.367004	0.366606	0.367557	0.486689	0.486556	0.48996	0.496061	0.477413	0.47886	0.457158	0.482224	0.494352	0.455306	0.454658	0.45376	0.476469	0.478998	0.47425	0.495065	0.461237	0.475568	0.469041	0.48824	0.492282	0.455463	0.489072	0.478249	0.467431	0.474006	0.464972	0.466817	0.486597	0.461181	0.482272	0.491758	0.48472	0.484088	0.482339	0.485281	0.454446	0.453585	0.45484	0.443785	0.454753	0.466533	0.489574	0.471332	0.46699	0.479119	0.465123	0.472559
ERR608344	0.340155	0.329777	0.3294	0.331557	0.330724	0.328469	0.334486	0.374254	0.481279	0.335001	0.334879	0.333338	0.302953	0	0.255762	0.250075	0.251482	0.253942	0.327272	0.324468	0.32797	0.32424	0.328544	0.3283	0.327272	0.324468	0.32797	0.32424	0.328544	0.3283	0.395578	0.372349	0.363505	0.363996	0.37352	0.366837	0.340155	0.329777	0.3294	0.331557	0.330724	0.328469	0.343117	0.337911	0.345589	0.343123	0.34888	0.341297	0.457421	0.456404	0.457585	0.458595	0.475379	0.462304	0.445148	0.449003	0.452128	0.44612	0.467937	0.448674	0.439481	0.44088	0.438901	0.44816	0.443404	0.439455	0.447191	0.449717	0.452282	0.473157	0.44995	0.446017	0.446705	0.449597	0.451075	0.448873	0.448632	0.471634	0.475795	0.467423	0.469726	0.470229	0.473867	0.469864	0.434547	0.434274	0.433523	0.448565	0.433879	0.43367	0.45578	0.462512	0.464513	0.453085	0.465134	0.462135
ERR608342	0.332738	0.331077	0.326374	0.327556	0.327243	0.335342	0.337625	0.364959	0.464173	0.338862	0.339463	0.340436	0.284867	0.255762	0	0.254735	0.256359	0.253369	0.326148	0.326508	0.338103	0.326043	0.338726	0.338657	0.326148	0.326508	0.338103	0.326043	0.338726	0.338657	0.383855	0.366854	0.369057	0.366253	0.367576	0.368457	0.332738	0.331077	0.326374	0.327556	0.327243	0.335342	0.341883	0.338015	0.342367	0.340482	0.344447	0.3394	0.460457	0.459855	0.461492	0.464034	0.47163	0.46212	0.442666	0.452217	0.458239	0.442782	0.459476	0.444418	0.443712	0.44542	0.44265	0.455772	0.441758	0.443427	0.447534	0.454908	0.45808	0.463719	0.455456	0.44958	0.447264	0.451499	0.449869	0.448722	0.454544	0.465156	0.473126	0.469202	0.469107	0.469065	0.471688	0.469343	0.433503	0.433227	0.432867	0.441149	0.433242	0.436553	0.458914	0.458562	0.458995	0.453843	0.458963	0.458574
ERR608345	0.338656	0.329145	0.328397	0.329918	0.329728	0.328735	0.334968	0.373431	0.479336	0.335493	0.335554	0.334931	0.30005	0.250075	0.254735	0	0.251794	0.252973	0.326796	0.32454	0.329135	0.324172	0.329596	0.329636	0.326796	0.32454	0.329135	0.324172	0.329596	0.329636	0.392798	0.370359	0.363535	0.363708	0.371655	0.366034	0.338656	0.329145	0.328397	0.329918	0.329728	0.328735	0.341751	0.336833	0.343904	0.341619	0.346968	0.339869	0.458016	0.457255	0.45844	0.459549	0.475425	0.462599	0.444756	0.449288	0.452839	0.44549	0.466705	0.447996	0.439971	0.441371	0.439228	0.449292	0.442712	0.439708	0.44732	0.45064	0.453314	0.472042	0.45096	0.446843	0.447184	0.450226	0.451053	0.449113	0.449952	0.471213	0.475646	0.46796	0.469864	0.470407	0.473902	0.470022	0.433869	0.433728	0.432837	0.446709	0.433329	0.433794	0.456045	0.4613	0.463059	0.452845	0.463617	0.461114
ERR608343	0.341137	0.325103	0.329328	0.331745	0.330235	0.323897	0.334627	0.382094	0.487282	0.334488	0.334454	0.336076	0.306696	0.251482	0.256359	0.251794	0	0.256392	0.327187	0.326139	0.326633	0.32572	0.326751	0.326765	0.327187	0.326139	0.326633	0.32572	0.326751	0.326765	0.393724	0.367141	0.356615	0.357267	0.369132	0.359541	0.341137	0.325103	0.329328	0.331745	0.330235	0.323897	0.335324	0.330805	0.338634	0.336126	0.341943	0.334206	0.455956	0.45552	0.456098	0.456462	0.478137	0.463067	0.444079	0.444212	0.447283	0.445402	0.466523	0.448213	0.435938	0.43663	0.435544	0.443721	0.439596	0.435804	0.446732	0.446859	0.449212	0.474712	0.447167	0.445106	0.448547	0.452603	0.45388	0.450898	0.450703	0.476342	0.476703	0.466198	0.469332	0.469999	0.474716	0.469892	0.431283	0.43173	0.430726	0.446237	0.43116	0.429695	0.449852	0.457135	0.460276	0.447722	0.460851	0.45661
ERR608346	0.334269	0.330722	0.326972	0.328129	0.32803	0.334805	0.334931	0.365386	0.465029	0.33604	0.33614	0.338065	0.286897	0.253942	0.253369	0.252973	0.256392	0	0.324477	0.324779	0.335325	0.32472	0.336277	0.336109	0.324477	0.324779	0.335325	0.32472	0.336277	0.336109	0.386787	0.368839	0.368882	0.366539	0.369598	0.368883	0.334269	0.330722	0.326972	0.328129	0.32803	0.334805	0.342298	0.338808	0.343375	0.341544	0.34595	0.340311	0.460199	0.459642	0.461225	0.463669	0.472433	0.462319	0.443674	0.452529	0.45814	0.444049	0.460678	0.445554	0.444602	0.446083	0.44365	0.455857	0.443131	0.444535	0.44859	0.455407	0.458469	0.4658	0.455828	0.450527	0.447487	0.451838	0.450402	0.448952	0.45437	0.466081	0.474382	0.470061	0.470092	0.470292	0.472956	0.470344	0.435273	0.434934	0.43458	0.443264	0.435071	0.437579	0.459413	0.459492	0.460305	0.454955	0.460384	0.460188
ERR617367	0.368066	0.359115	0.361705	0.363394	0.361987	0.361244	0.29244	0.330524	0.434722	0.292738	0.292952	0.298586	0.349872	0.327272	0.326148	0.326796	0.327187	0.324477	0	0.26799	0.279156	0.268427	0.280032	0.27932	0	0.26799	0.279156	0.268427	0.280032	0.27932	0.420393	0.396055	0.381347	0.380824	0.398232	0.382479	0.368066	0.359115	0.361705	0.363394	0.361987	0.361244	0.362221	0.361931	0.369351	0.36758	0.372997	0.365851	0.457066	0.456579	0.457718	0.460253	0.468906	0.45926	0.439081	0.445799	0.451084	0.439915	0.451774	0.440955	0.446831	0.4457	0.446538	0.450403	0.447948	0.446784	0.447823	0.451824	0.453501	0.461333	0.452237	0.449913	0.441731	0.446227	0.443979	0.442593	0.449636	0.456833	0.477215	0.471621	0.472567	0.472555	0.47604	0.473293	0.44432	0.445715	0.445497	0.454838	0.445491	0.441643	0.456158	0.461164	0.463563	0.455038	0.463849	0.461344
ERR617369	0.373069	0.364173	0.365085	0.366638	0.36584	0.362868	0.291816	0.330371	0.444387	0.292969	0.29247	0.291791	0.357098	0.324468	0.326508	0.32454	0.326139	0.324779	0.26799	0	0.273172	0.264172	0.273966	0.27377	0.26799	0	0.273172	0.264172	0.273966	0.27377	0.430857	0.405984	0.386858	0.38845	0.408027	0.390798	0.373069	0.364173	0.365085	0.366638	0.36584	0.362868	0.37349	0.370888	0.380867	0.378466	0.384639	0.37644	0.457786	0.456636	0.458379	0.459953	0.469802	0.459728	0.443299	0.45029	0.453227	0.443756	0.461744	0.445432	0.447999	0.447596	0.447939	0.450823	0.453473	0.448178	0.448291	0.451858	0.454156	0.467009	0.45209	0.44905	0.439304	0.440525	0.441553	0.440434	0.442729	0.456048	0.480091	0.473745	0.475397	0.475534	0.478809	0.475365	0.448994	0.449285	0.448849	0.462888	0.449207	0.444827	0.461406	0.471193	0.473761	0.461325	0.474168	0.471718
ERR617371	0.388418	0.363339	0.374737	0.377352	0.375299	0.355023	0.294716	0.363559	0.481562	0.293573	0.292642	0.292638	0.385547	0.32797	0.338103	0.329135	0.326633	0.335325	0.279156	0.273172	0	0.272702	0.256836	0.256994	0.279156	0.273172	0	0.272702	0.256836	0.256994	0.446282	0.411476	0.37656	0.382107	0.414546	0.385049	0.388418	0.363339	0.374737	0.377352	0.375299	0.355023	0.370469	0.367046	0.381067	0.378295	0.386152	0.375149	0.456753	0.455369	0.455115	0.454539	0.482601	0.465666	0.449123	0.442672	0.441538	0.451206	0.473867	0.454843	0.44161	0.439953	0.442562	0.437555	0.455309	0.442179	0.450477	0.443913	0.444904	0.484175	0.443922	0.446393	0.445938	0.446921	0.451909	0.448331	0.441787	0.476579	0.488847	0.473859	0.480318	0.480315	0.486697	0.480067	0.450405	0.451546	0.450281	0.473167	0.45077	0.439866	0.453502	0.473657	0.479063	0.457258	0.480619	0.473025
ERR617368	0.372487	0.363732	0.364387	0.366062	0.365214	0.361906	0.29249	0.329634	0.443802	0.292989	0.292659	0.291026	0.356944	0.32424	0.326043	0.324172	0.32572	0.32472	0.268427	0.264172	0.272702	0	0.273598	0.273522	0.268427	0.264172	0.272702	0	0.273598	0.273522	0.43082	0.405546	0.386274	0.387861	0.407619	0.390449	0.372487	0.363732	0.364387	0.366062	0.365214	0.361906	0.373233	0.370288	0.380257	0.378056	0.383976	0.375862	0.457772	0.456371	0.457978	0.459655	0.469313	0.459418	0.443126	0.449711	0.452618	0.443403	0.461624	0.44541	0.447052	0.446818	0.447062	0.450046	0.453435	0.447361	0.447746	0.451064	0.453107	0.46673	0.451485	0.448278	0.439194	0.440086	0.44153	0.440352	0.442051	0.455817	0.479188	0.473007	0.474953	0.474681	0.477838	0.474533	0.448323	0.448496	0.447882	0.462582	0.448384	0.443633	0.461294	0.471726	0.474319	0.46098	0.474777	0.471723
ERR617372	0.388486	0.362785	0.374692	0.377386	0.375074	0.353847	0.29564	0.365907	0.483904	0.294191	0.293278	0.29355	0.387214	0.328544	0.338726	0.329596	0.326751	0.336277	0.280032	0.273966	0.256836	0.273598	0	0.256646	0.280032	0.273966	0.256836	0.273598	0	0.256646	0.446078	0.410678	0.375363	0.38129	0.413822	0.384172	0.388486	0.362785	0.374692	0.377386	0.375074	0.353847	0.369404	0.365996	0.380259	0.377357	0.385172	0.374224	0.456653	0.455326	0.454989	0.454145	0.483537	0.466163	0.449384	0.442015	0.440532	0.451587	0.474388	0.455171	0.440723	0.439021	0.441747	0.436537	0.454576	0.441435	0.450196	0.443122	0.444031	0.485091	0.443149	0.445899	0.446395	0.44756	0.45265	0.448937	0.441819	0.4779	0.488973	0.473293	0.479893	0.48016	0.486586	0.479925	0.449774	0.450875	0.449489	0.473006	0.450052	0.438954	0.452703	0.473213	0.47891	0.456674	0.480406	0.472496
ERR617370	0.388855	0.363093	0.374934	0.377769	0.375501	0.354357	0.295109	0.365097	0.482671	0.293992	0.292967	0.293186	0.386446	0.3283	0.338657	0.329636	0.326765	0.336109	0.27932	0.27377	0.256994	0.273522	0.256646	0	0.27932	0.27377	0.256994	0.273522	0.256646	0	0.446414	0.411047	0.375689	0.381427	0.414073	0.384406	0.388855	0.363093	0.374934	0.377769	0.375501	0.354357	0.369641	0.366455	0.380573	0.377716	0.385599	0.37463	0.456966	0.455669	0.455229	0.454511	0.48337	0.466129	0.44944	0.442207	0.441075	0.451568	0.474064	0.455244	0.441626	0.439888	0.442592	0.43732	0.45524	0.442293	0.450818	0.443921	0.444775	0.485024	0.443988	0.446718	0.446391	0.44781	0.452563	0.448892	0.442296	0.477504	0.489304	0.473927	0.480294	0.480526	0.48709	0.48029	0.45051	0.451685	0.450445	0.473393	0.45078	0.439844	0.45295	0.473211	0.478831	0.456825	0.480272	0.472727
ERR617367	0.368066	0.359115	0.361705	0.363394	0.361987	0.361244	0.29244	0.330524	0.434722	0.292738	0.292952	0.298586	0.349872	0.327272	0.326148	0.326796	0.327187	0.324477	0	0.26799	0.279156	0.268427	0.280032	0.27932	0	0.26799	0.279156	0.268427	0.280032	0.27932	0.420393	0.396055	0.381347	0.380824	0.398232	0.382479	0.368066	0.359115	0.361705	0.363394	0.361987	0.361244	0.362221	0.361931	0.369351	0.36758	0.372997	0.365851	0.457066	0.456579	0.457718	0.460253	0.468906	0.45926	0.439081	0.445799	0.451084	0.439915	0.451774	0.440955	0.446831	0.4457	0.446538	0.450403	0.447948	0.446784	0.447823	0.451824	0.453501	0.461333	0.452237	0.449913	0.441731	0.446227	0.443979	0.442593	0.449636	0.456833	0.477215	0.471621	0.472567	0.472555	0.47604	0.473293	0.44432	0.445715	0.445497	0.454838	0.445491	0.441643	0.456158	0.461164	0.463563	0.455038	0.463849	0.461344
ERR617369	0.373069	0.364173	0.365085	0.366638	0.36584	0.362868	0.291816	0.330371	0.444387	0.292969	0.29247	0.291791	0.357098	0.324468	0.326508	0.32454	0.326139	0.324779	0.26799	0	0.273172	0.264172	0.273966	0.27377	0.26799	0	0.273172	0.264172	0.273966	0.27377	0.430857	0.405984	0.386858	0.38845	0.408027	0.390798	0.373069	0.364173	0.365085	0.366638	0.36584	0.362868	0.37349	0.370888	0.380867	0.378466	0.384639	0.37644	0.457786	0.456636	0.458379	0.459953	0.469802	0.459728	0.443299	0.45029	0.453227	0.443756	0.461744	0.445432	0.447999	0.447596	0.447939	0.450823	0.453473	0.448178	0.448291	0.451858	0.454156	0.467009	0.45209	0.44905	0.439304	0.440525	0.441553	0.440434	0.442729	0.456048	0.480091	0.473745	0.475397	0.475534	0.478809	0.475365	0.448994	0.449285	0.448849	0.462888	0.449207	0.444827	0.461406	0.471193	0.473761	0.461325	0.474168	0.471718
ERR617371	0.388418	0.363339	0.374737	0.377352	0.375299	0.355023	0.294716	0.363559	0.481562	0.293573	0.292642	0.292638	0.385547	0.32797	0.338103	0.329135	0.326633	0.335325	0.279156	0.273172	0	0.272702	0.256836	0.256994	0.279156	0.273172	0	0.272702	0.256836	0.256994	0.446282	0.411476	0.37656	0.382107	0.414546	0.385049	0.388418	0.363339	0.374737	0.377352	0.375299	0.355023	0.370469	0.367046	0.381067	0.378295	0.386152	0.375149	0.456753	0.455369	0.455115	0.454539	0.482601	0.465666	0.449123	0.442672	0.441538	0.451206	0.473867	0.454843	0.44161	0.439953	0.442562	0.437555	0.455309	0.442179	0.450477	0.443913	0.444904	0.484175	0.443922	0.446393	0.445938	0.446921	0.451909	0.448331	0.441787	0.476579	0.488847	0.473859	0.480318	0.480315	0.486697	0.480067	0.450405	0.451546	0.450281	0.473167	0.45077	0.439866	0.453502	0.473657	0.479063	0.457258	0.480619	0.473025
ERR617368	0.372487	0.363732	0.364387	0.366062	0.365214	0.361906	0.29249	0.329634	0.443802	0.292989	0.292659	0.291026	0.356944	0.32424	0.326043	0.324172	0.32572	0.32472	0.268427	0.264172	0.272702	0	0.273598	0.273522	0.268427	0.264172	0.272702	0	0.273598	0.273522	0.43082	0.405546	0.386274	0.387861	0.407619	0.390449	0.372487	0.363732	0.364387	0.366062	0.365214	0.361906	0.373233	0.370288	0.380257	0.378056	0.383976	0.375862	0.457772	0.456371	0.457978	0.459655	0.469313	0.459418	0.443126	0.449711	0.452618	0.443403	0.461624	0.44541	0.447052	0.446818	0.447062	0.450046	0.453435	0.447361	0.447746	0.451064	0.453107	0.46673	0.451485	0.448278	0.439194	0.440086	0.44153	0.440352	0.442051	0.455817	0.479188	0.473007	0.474953	0.474681	0.477838	0.474533	0.448323	0.448496	0.447882	0.462582	0.448384	0.443633	0.461294	0.471726	0.474319	0.46098	0.474777	0.471723
ERR617372	0.388486	0.362785	0.374692	0.377386	0.375074	0.353847	0.29564	0.365907	0.483904	0.294191	0.293278	0.29355	0.387214	0.328544	0.338726	0.329596	0.326751	0.336277	0.280032	0.273966	0.256836	0.273598	0	0.256646	0.280032	0.273966	0.256836	0.273598	0	0.256646	0.446078	0.410678	0.375363	0.38129	0.413822	0.384172	0.388486	0.362785	0.374692	0.377386	0.375074	0.353847	0.369404	0.365996	0.380259	0.377357	0.385172	0.374224	0.456653	0.455326	0.454989	0.454145	0.483537	0.466163	0.449384	0.442015	0.440532	0.451587	0.474388	0.455171	0.440723	0.439021	0.441747	0.436537	0.454576	0.441435	0.450196	0.443122	0.444031	0.485091	0.443149	0.445899	0.446395	0.44756	0.45265	0.448937	0.441819	0.4779	0.488973	0.473293	0.479893	0.48016	0.486586	0.479925	0.449774	0.450875	0.449489	0.473006	0.450052	0.438954	0.452703	0.473213	0.47891	0.456674	0.480406	0.472496
ERR617370	0.388855	0.363093	0.374934	0.377769	0.375501	0.354357	0.295109	0.365097	0.482671	0.293992	0.292967	0.293186	0.386446	0.3283	0.338657	0.329636	0.326765	0.336109	0.27932	0.27377	0.256994	0.273522	0.256646	0	0.27932	0.27377	0.256994	0.273522	0.256646	0	0.446414	0.411047	0.375689	0.381427	0.414073	0.384406	0.388855	0.363093	0.374934	0.377769	0.375501	0.354357	0.369641	0.366455	0.380573	0.377716	0.385599	0.37463	0.456966	0.455669	0.455229	0.454511	0.48337	0.466129	0.44944	0.442207	0.441075	0.451568	0.474064	0.455244	0.441626	0.439888	0.442592	0.43732	0.45524	0.442293	0.450818	0.443921	0.444775	0.485024	0.443988	0.446718	0.446391	0.44781	0.452563	0.448892	0.442296	0.477504	0.489304	0.473927	0.480294	0.480526	0.48709	0.48029	0.45051	0.451685	0.450445	0.473393	0.45078	0.439844	0.45295	0.473211	0.478831	0.456825	0.480272	0.472727
ERR612225	0.360927	0.376986	0.366379	0.365122	0.364298	0.394239	0.445635	0.455082	0.504206	0.446721	0.447331	0.457656	0.378659	0.395578	0.383855	0.392798	0.393724	0.386787	0.420393	0.430857	0.446282	0.43082	0.446078	0.446414	0.420393	0.430857	0.446282	0.43082	0.446078	0.446414	0	0.265164	0.33547	0.318238	0.261292	0.317204	0.360927	0.376986	0.366379	0.365122	0.364298	0.394239	0.374235	0.372755	0.361797	0.362648	0.359338	0.365398	0.450223	0.452031	0.454764	0.462647	0.444537	0.444314	0.427482	0.450452	0.467208	0.426904	0.42127	0.424945	0.433219	0.438285	0.429313	0.464929	0.405214	0.431491	0.433087	0.454267	0.458846	0.42096	0.455284	0.442639	0.462174	0.474675	0.46195	0.462545	0.485644	0.463667	0.42477	0.43838	0.427508	0.427756	0.425049	0.429847	0.392308	0.390627	0.393018	0.37201	0.392723	0.416086	0.449464	0.412601	0.404749	0.430905	0.402841	0.412901
ERR612224	0.35719	0.349266	0.354109	0.354519	0.351369	0.359651	0.416382	0.450528	0.518558	0.416281	0.416805	0.42844	0.38313	0.372349	0.366854	0.370359	0.367141	0.368839	0.396055	0.405984	0.411476	0.405546	0.410678	0.411047	0.396055	0.405984	0.411476	0.405546	0.410678	0.411047	0.265164	0	0.279743	0.266094	0.241148	0.265444	0.35719	0.349266	0.354109	0.354519	0.351369	0.359651	0.340706	0.339158	0.333025	0.333131	0.332252	0.334732	0.427682	0.429694	0.429926	0.435254	0.442507	0.432016	0.411453	0.416923	0.429961	0.412685	0.414621	0.412838	0.402979	0.405481	0.400212	0.426479	0.384993	0.401498	0.415963	0.424003	0.427258	0.425446	0.42481	0.420118	0.447485	0.459356	0.450949	0.448979	0.464046	0.464984	0.422479	0.420796	0.417102	0.418267	0.421375	0.420265	0.372739	0.37408	0.374871	0.371486	0.374712	0.385842	0.414606	0.393463	0.39212	0.40149	0.392146	0.3925
ERR612221	0.37896	0.345731	0.366118	0.368604	0.364098	0.342621	0.388089	0.452157	0.541394	0.386618	0.386496	0.396712	0.410014	0.363505	0.369057	0.363535	0.356615	0.368882	0.381347	0.386858	0.37656	0.386274	0.375363	0.375689	0.381347	0.386858	0.37656	0.386274	0.375363	0.375689	0.33547	0.279743	0	0.245904	0.28562	0.246653	0.37896	0.345731	0.366118	0.368604	0.364098	0.342621	0.341221	0.339103	0.34436	0.342917	0.347216	0.341698	0.41407	0.415401	0.413112	0.413557	0.451043	0.429367	0.415088	0.399262	0.402898	0.418192	0.433481	0.4212	0.395484	0.393278	0.395424	0.399813	0.398664	0.395245	0.419811	0.410123	0.410725	0.454605	0.410265	0.41579	0.440804	0.449319	0.448585	0.443482	0.444528	0.476677	0.438766	0.419745	0.42582	0.427486	0.436343	0.428645	0.390111	0.39418	0.392592	0.412659	0.392944	0.38386	0.398257	0.407943	0.414876	0.397502	0.417308	0.405795
ERR612223	0.372302	0.343573	0.361593	0.36378	0.359314	0.344376	0.390876	0.449529	0.532423	0.389756	0.389878	0.401901	0.400861	0.363996	0.366253	0.363708	0.357267	0.366539	0.380824	0.38845	0.382107	0.387861	0.38129	0.381427	0.380824	0.38845	0.382107	0.387861	0.38129	0.381427	0.318238	0.266094	0.245904	0	0.271467	0.243292	0.372302	0.343573	0.361593	0.36378	0.359314	0.344376	0.335013	0.333681	0.336191	0.335152	0.338026	0.334697	0.41744	0.418718	0.416987	0.419248	0.449539	0.430335	0.41242	0.400223	0.406877	0.415197	0.425015	0.417447	0.396368	0.394648	0.395501	0.404766	0.393739	0.39562	0.418162	0.412163	0.413247	0.446101	0.412407	0.416415	0.443031	0.452858	0.44989	0.445278	0.45067	0.474261	0.434841	0.420091	0.423827	0.424903	0.432887	0.426516	0.384738	0.388641	0.387624	0.402022	0.387854	0.382778	0.399937	0.401859	0.407465	0.396115	0.409327	0.399842
ERR612226	0.356535	0.351364	0.353904	0.354335	0.351441	0.362452	0.419064	0.450317	0.517066	0.419242	0.419641	0.430911	0.381761	0.37352	0.367576	0.371655	0.369132	0.369598	0.398232	0.408027	0.414546	0.407619	0.413822	0.414073	0.398232	0.408027	0.414546	0.407619	0.413822	0.414073	0.261292	0.241148	0.28562	0.271467	0	0.271055	0.356535	0.351364	0.353904	0.354335	0.351441	0.362452	0.344354	0.342613	0.335934	0.33609	0.334965	0.337889	0.429321	0.43118	0.431837	0.437406	0.441651	0.432269	0.412861	0.420597	0.43411	0.413808	0.415433	0.413909	0.406059	0.408839	0.40292	0.430721	0.386921	0.404436	0.417151	0.42678	0.430336	0.424527	0.427564	0.42183	0.448039	0.459988	0.451271	0.449503	0.465345	0.46403	0.421308	0.421211	0.41686	0.417863	0.420254	0.419843	0.374172	0.374923	0.375938	0.370843	0.375807	0.388827	0.41858	0.39559	0.393363	0.40474	0.393078	0.394703
ERR612222	0.372766	0.34425	0.362563	0.364663	0.360255	0.345912	0.392788	0.451159	0.532476	0.391411	0.391623	0.404893	0.4016	0.366837	0.368457	0.366034	0.359541	0.368883	0.382479	0.390798	0.385049	0.390449	0.384172	0.384406	0.382479	0.390798	0.385049	0.390449	0.384172	0.384406	0.317204	0.265444	0.246653	0.243292	0.271055	0	0.372766	0.34425	0.362563	0.364663	0.360255	0.345912	0.335238	0.334556	0.336835	0.335876	0.338463	0.335343	0.41591	0.418172	0.416257	0.418408	0.448329	0.42939	0.411499	0.399785	0.406885	0.414328	0.423471	0.416407	0.3967	0.394587	0.395722	0.404967	0.3925	0.395829	0.418561	0.412898	0.413927	0.445038	0.41314	0.41705	0.44285	0.453436	0.449733	0.445032	0.451636	0.473617	0.434214	0.419309	0.422629	0.424314	0.432206	0.4261	0.384338	0.38874	0.387671	0.400362	0.387739	0.382719	0.398119	0.398755	0.404204	0.39433	0.406193	0.397055
ERR612638	0	0.276548	0.262345	0.261004	0.261358	0.291452	0.385387	0.399183	0.476606	0.386283	0.386583	0.391602	0.341424	0.340155	0.332738	0.338656	0.341137	0.334269	0.368066	0.373069	0.388418	0.372487	0.388486	0.388855	0.368066	0.373069	0.388418	0.372487	0.388486	0.388855	0.360927	0.35719	0.37896	0.372302	0.356535	0.372766	0	0.276548	0.262345	0.261004	0.261358	0.291452	0.372599	0.370094	0.369283	0.36839	0.36986	0.368696	0.444108	0.44407	0.447136	0.452146	0.445338	0.440618	0.452059	0.467312	0.476769	0.451587	0.460288	0.451306	0.459292	0.461419	0.45724	0.476296	0.4488	0.458425	0.459469	0.472043	0.475719	0.464034	0.472485	0.464432	0.465128	0.471921	0.465954	0.466198	0.478511	0.474622	0.445198	0.450342	0.444999	0.445364	0.444805	0.446119	0.441541	0.440823	0.441394	0.439869	0.44111	0.45002	0.470239	0.459354	0.457661	0.461742	0.456912	0.45959
ERR612639	0.276548	0	0.264573	0.267148	0.262671	0.253817	0.369665	0.419885	0.508353	0.368844	0.36893	0.37788	0.365128	0.329777	0.331077	0.329145	0.325103	0.330722	0.359115	0.364173	0.363339	0.363732	0.362785	0.363093	0.359115	0.364173	0.363339	0.363732	0.362785	0.363093	0.376986	0.349266	0.345731	0.343573	0.351364	0.34425	0.276548	0	0.264573	0.267148	0.262671	0.253817	0.34791	0.346064	0.350458	0.34855	0.352427	0.347579	0.434141	0.434888	0.434456	0.43643	0.459892	0.443724	0.44904	0.444894	0.450424	0.450819	0.464336	0.453026	0.440911	0.440474	0.440294	0.449543	0.438929	0.44061	0.454439	0.453036	0.455111	0.478896	0.453145	0.453816	0.46558	0.473095	0.471503	0.468002	0.472006	0.492854	0.453834	0.44302	0.445111	0.446147	0.451921	0.447279	0.432989	0.43485	0.434343	0.445621	0.434203	0.432709	0.446117	0.448211	0.451931	0.442975	0.452773	0.44802
ERR612640	0.262345	0.264573	0	0.255636	0.254831	0.274858	0.376183	0.402978	0.48933	0.376675	0.376657	0.381258	0.347765	0.3294	0.326374	0.328397	0.329328	0.326972	0.361705	0.365085	0.374737	0.364387	0.374692	0.374934	0.361705	0.365085	0.374737	0.364387	0.374692	0.374934	0.366379	0.354109	0.366118	0.361593	0.353904	0.362563	0.262345	0.264573	0	0.255636	0.254831	0.274858	0.364746	0.361763	0.363243	0.361587	0.364359	0.361499	0.437984	0.437904	0.439886	0.443609	0.447705	0.438541	0.449923	0.459168	0.466756	0.449974	0.463407	0.45084	0.450951	0.452597	0.449354	0.465444	0.444868	0.450337	0.454973	0.462987	0.466352	0.469089	0.463333	0.457756	0.460496	0.466663	0.463238	0.462159	0.470123	0.47757	0.446434	0.445992	0.443438	0.443882	0.445492	0.444391	0.437355	0.436982	0.4373	0.441728	0.437089	0.442724	0.461847	0.456461	0.45664	0.455335	0.456721	0.456959
ERR612642	0.261004	0.267148	0.255636	0	0.255244	0.277811	0.378538	0.402411	0.487718	0.379338	0.379124	0.383248	0.347281	0.331557	0.327556	0.329918	0.331745	0.328129	0.363394	0.366638	0.377352	0.366062	0.377386	0.377769	0.363394	0.366638	0.377352	0.366062	0.377386	0.377769	0.365122	0.354519	0.368604	0.36378	0.354335	0.364663	0.261004	0.267148	0.255636	0	0.255244	0.277811	0.366966	0.36374	0.364915	0.363453	0.365977	0.36329	0.438888	0.438896	0.441097	0.445092	0.446992	0.438733	0.450596	0.461105	0.468897	0.450594	0.46363	0.451402	0.452582	0.454564	0.450995	0.467739	0.446187	0.452076	0.455956	0.464824	0.468295	0.468793	0.465079	0.458969	0.461418	0.467497	0.463796	0.463132	0.471348	0.477309	0.446165	0.446673	0.443677	0.444142	0.444914	0.444336	0.438629	0.438065	0.438312	0.442326	0.438072	0.444436	0.464041	0.457954	0.457749	0.457154	0.45747	0.458422
ERR612641	0.261358	0.262671	0.254831	0.255244	0	0.273538	0.376646	0.404494	0.489817	0.377123	0.377361	0.38244	0.348811	0.330724	0.327243	0.329728	0.330235	0.32803	0.361987	0.36584	0.375299	0.365214	0.375074	0.375501	0.361987	0.36584	0.375299	0.365214	0.375074	0.375501	0.364298	0.351369	0.364098	0.359314	0.351441	0.360255	0.261358	0.262671	0.254831	0.255244	0	0.273538	0.363682	0.360668	0.36204	0.36042	0.363143	0.360457	0.436442	0.436594	0.438525	0.442435	0.446926	0.437619	0.448422	0.457204	0.465073	0.448622	0.461482	0.449764	0.449203	0.450898	0.447679	0.463864	0.442669	0.448584	0.453653	0.461437	0.464693	0.4676	0.461657	0.456239	0.460461	0.466684	0.463355	0.462152	0.470352	0.477512	0.444485	0.443897	0.44105	0.441747	0.443329	0.442325	0.435393	0.435007	0.435331	0.439768	0.43515	0.440813	0.459735	0.453963	0.454454	0.452915	0.454239	0.454386
ERR612637	0.291452	0.253817	0.274858	0.277811	0.273538	0	0.368197	0.427218	0.523612	0.366735	0.366464	0.371866	0.379982	0.328469	0.335342	0.328735	0.323897	0.334805	0.361244	0.362868	0.355023	0.361906	0.353847	0.354357	0.361244	0.362868	0.355023	0.361906	0.353847	0.354357	0.394239	0.359651	0.342621	0.344376	0.362452	0.345912	0.291452	0.253817	0.274858	0.277811	0.273538	0	0.352016	0.348239	0.356182	0.353789	0.359172	0.352169	0.43614	0.436107	0.435093	0.435163	0.468269	0.448749	0.45474	0.444486	0.446546	0.457066	0.475737	0.459986	0.439325	0.438486	0.439313	0.443757	0.444463	0.439372	0.456891	0.450451	0.451952	0.490295	0.450295	0.453151	0.467514	0.473161	0.474791	0.470634	0.468332	0.500701	0.462021	0.44623	0.451535	0.452612	0.459741	0.452953	0.437549	0.439409	0.438254	0.457123	0.438276	0.432766	0.445611	0.456544	0.461855	0.445191	0.463564	0.455371
ERR636741	0.372599	0.34791	0.364746	0.366966	0.363682	0.352016	0.383848	0.440072	0.515866	0.382772	0.383418	0.398253	0.371254	0.343117	0.341883	0.341751	0.335324	0.342298	0.362221	0.37349	0.370469	0.373233	0.369404	0.369641	0.362221	0.37349	0.370469	0.373233	0.369404	0.369641	0.374235	0.340706	0.341221	0.335013	0.344354	0.335238	0.372599	0.34791	0.364746	0.366966	0.363682	0.352016	0	0.23769	0.238735	0.238478	0.239348	0.237933	0.488174	0.490142	0.488199	0.489615	0.519271	0.501546	0.462906	0.448426	0.454435	0.466306	0.470297	0.467661	0.442449	0.440107	0.441724	0.449712	0.437642	0.441676	0.469421	0.462569	0.463004	0.492746	0.462696	0.467486	0.5029	0.513665	0.510055	0.505494	0.511269	0.531553	0.49806	0.484551	0.487481	0.488876	0.495943	0.491019	0.428976	0.433521	0.432975	0.442736	0.432979	0.428334	0.446131	0.446903	0.452212	0.442558	0.453998	0.443643
ERR636740	0.370094	0.346064	0.361763	0.36374	0.360668	0.348239	0.383256	0.438609	0.518399	0.382339	0.382921	0.394791	0.370944	0.337911	0.338015	0.336833	0.330805	0.338808	0.361931	0.370888	0.367046	0.370288	0.365996	0.366455	0.361931	0.370888	0.367046	0.370288	0.365996	0.366455	0.372755	0.339158	0.339103	0.333681	0.342613	0.334556	0.370094	0.346064	0.361763	0.36374	0.360668	0.348239	0.23769	0	0.238468	0.237678	0.239123	0.23712	0.48651	0.488017	0.486222	0.487278	0.517546	0.499612	0.462483	0.44835	0.45346	0.465834	0.472687	0.46733	0.439313	0.437572	0.438684	0.447112	0.436572	0.438653	0.466923	0.460008	0.4606	0.492654	0.460039	0.464117	0.500593	0.510148	0.507713	0.503347	0.507159	0.530182	0.496097	0.482307	0.485723	0.487083	0.493781	0.488804	0.426644	0.430526	0.429913	0.442163	0.429911	0.425713	0.445813	0.44862	0.453862	0.442206	0.455631	0.444873
ERR636742	0.369283	0.350458	0.363243	0.364915	0.36204	0.356182	0.39445	0.442481	0.515116	0.393795	0.394617	0.407964	0.367284	0.345589	0.342367	0.343904	0.338634	0.343375	0.369351	0.380867	0.381067	0.380257	0.380259	0.380573	0.369351	0.380867	0.381067	0.380257	0.380259	0.380573	0.361797	0.333025	0.34436	0.336191	0.335934	0.336835	0.369283	0.350458	0.363243	0.364915	0.36204	0.356182	0.238735	0.238468	0	0.232938	0.234776	0.233496	0.490935	0.492738	0.491285	0.493099	0.518528	0.502321	0.463054	0.452475	0.459816	0.465987	0.469371	0.466938	0.44215	0.441039	0.440881	0.453751	0.434428	0.441082	0.467997	0.464002	0.464757	0.488507	0.46408	0.466877	0.504348	0.515388	0.510777	0.506821	0.514372	0.530955	0.495328	0.484241	0.486029	0.487322	0.493261	0.489458	0.424153	0.427983	0.42777	0.435092	0.427768	0.426778	0.448676	0.444734	0.448782	0.442778	0.450097	0.440969
