	ERR612638	ERR612639	ERR612640	ERR612642	ERR612641	ERR612637	ERR617660	ERR617657	ERR617656	ERR617659	ERR617658	ERR617655	ERR608341	ERR608344	ERR608342	ERR608345	ERR608343	ERR608346	ERR617367	ERR617369	ERR617371	ERR617368	ERR617372	ERR617370	ERR617367	ERR617369	ERR617371	ERR617368	ERR617372	ERR617370	ERR612225	ERR612224	ERR612221	ERR612223	ERR612226	ERR612222	ERR612638	ERR612639	ERR612640	ERR612642	ERR612641	ERR612637	ERR636741	ERR636740	ERR636742	ERR636743	ERR636739	ERR636744	ERR622132	ERR622133	ERR622135	ERR622131	ERR622136	ERR622134	ERR608755	ERR608752	ERR608753	ERR608754	ERR608751	ERR608756	ERR613804	ERR613801	ERR613803	ERR613800	ERR613802	ERR613805	ERR608270	ERR608273	ERR608274	ERR608269	ERR608272	ERR608271	ERR608108	ERR608106	ERR608110	ERR608109	ERR608107	ERR608105	ERR622008	ERR622003	ERR622004	ERR622005	ERR622007	ERR622006	ERR626651	ERR626653	ERR626654	ERR626652	ERR626655	ERR626650	ERR632075	ERR632076	ERR632077	ERR632074	ERR632078	ERR632073
ERR612638	3.64565e+08	3.07321e+08	2.68862e+08	2.6487e+08	2.69643e+08	3.27816e+08	2.28773e+08	1.59528e+08	1.04443e+08	2.33113e+08	2.34074e+08	2.2648e+08	1.61819e+08	2.15673e+08	2.0103e+08	2.13987e+08	2.23309e+08	2.03961e+08	2.17004e+08	2.17563e+08	2.5484e+08	2.17033e+08	2.5699e+08	2.56619e+08	2.17004e+08	2.17563e+08	2.5484e+08	2.17033e+08	2.5699e+08	2.56619e+08	1.51227e+08	1.88811e+08	2.47853e+08	2.35594e+08	1.84388e+08	2.34365e+08	3.64565e+08	3.07321e+08	2.68862e+08	2.6487e+08	2.69643e+08	3.27816e+08	2.25514e+08	2.2345e+08	2.11424e+08	2.12071e+08	2.06608e+08	2.15694e+08	1.94377e+08	1.942e+08	2.02251e+08	2.08477e+08	1.51029e+08	1.72056e+08	1.29214e+08	1.68029e+08	1.81099e+08	1.25711e+08	1.15248e+08	1.21673e+08	1.50925e+08	1.57e+08	1.47479e+08	1.78874e+08	1.29675e+08	1.49173e+08	1.29284e+08	1.58004e+08	1.62464e+08	9.66972e+07	1.58641e+08	1.40564e+08	1.34105e+08	1.32541e+08	1.25368e+08	1.31315e+08	1.4927e+08	1.01822e+08	1.31935e+08	1.60607e+08	1.45855e+08	1.45185e+08	1.34228e+08	1.44157e+08	1.38107e+08	1.33421e+08	1.36422e+08	1.13192e+08	1.36086e+08	1.59124e+08	1.60596e+08	1.27248e+08	1.17262e+08	1.45399e+08	1.14572e+08	1.2895e+08
ERR612639	3.07321e+08	5.22246e+08	3.29433e+08	3.24285e+08	3.30536e+08	4.04653e+08	2.89395e+08	2.01104e+08	1.31421e+08	2.95073e+08	2.96087e+08	2.8621e+08	2.03262e+08	2.71377e+08	2.52934e+08	2.69315e+08	2.81276e+08	2.56811e+08	2.74246e+08	2.74612e+08	3.22042e+08	2.73951e+08	3.24678e+08	3.24487e+08	2.74246e+08	2.74612e+08	3.22042e+08	2.73951e+08	3.24678e+08	3.24487e+08	1.90046e+08	2.37871e+08	3.13108e+08	2.97513e+08	2.32173e+08	2.96038e+08	3.07321e+08	5.22246e+08	3.29433e+08	3.24285e+08	3.30536e+08	4.04653e+08	2.84864e+08	2.82058e+08	2.66736e+08	2.67604e+08	2.60533e+08	2.72261e+08	2.4055e+08	2.40144e+08	2.50384e+08	2.5828e+08	1.85289e+08	2.1193e+08	1.64907e+08	2.1448e+08	2.31149e+08	1.60554e+08	1.47296e+08	1.55309e+08	1.92316e+08	2.00189e+08	1.88081e+08	2.27979e+08	1.6545e+08	1.90098e+08	1.64855e+08	2.01407e+08	2.07063e+08	1.23388e+08	2.02241e+08	1.7914e+08	1.70666e+08	1.68434e+08	1.5944e+08	1.67182e+08	1.89695e+08	1.29527e+08	1.65144e+08	2.01187e+08	1.82823e+08	1.81809e+08	1.67987e+08	1.80804e+08	1.75177e+08	1.69132e+08	1.728e+08	1.43478e+08	1.72448e+08	2.01888e+08	2.05291e+08	1.62774e+08	1.50087e+08	1.85746e+08	1.46641e+08	1.64946e+08
ERR612640	2.68862e+08	3.29433e+08	4.12554e+08	2.85647e+08	2.90907e+08	3.52084e+08	2.49112e+08	1.73534e+08	1.13245e+08	2.53882e+08	2.54908e+08	2.47048e+08	1.7561e+08	2.34822e+08	2.18694e+08	2.33104e+08	2.43185e+08	2.22011e+08	2.36261e+08	2.37007e+08	2.77837e+08	2.36427e+08	2.80192e+08	2.79928e+08	2.36261e+08	2.37007e+08	2.77837e+08	2.36427e+08	2.80192e+08	2.79928e+08	1.64077e+08	2.05081e+08	2.69638e+08	2.56085e+08	2.00158e+08	2.54558e+08	2.68862e+08	3.29433e+08	4.12554e+08	2.85647e+08	2.90907e+08	3.52084e+08	2.44985e+08	2.42865e+08	2.297e+08	2.30391e+08	2.24294e+08	2.34478e+08	2.09663e+08	2.09532e+08	2.18282e+08	2.25145e+08	1.62552e+08	1.85416e+08	1.4121e+08	1.8355e+08	1.9807e+08	1.37505e+08	1.25746e+08	1.33025e+08	1.65507e+08	1.71982e+08	1.61546e+08	1.95983e+08	1.41823e+08	1.63428e+08	1.41633e+08	1.73225e+08	1.78046e+08	1.05575e+08	1.73788e+08	1.54017e+08	1.46861e+08	1.45181e+08	1.37206e+08	1.43824e+08	1.63712e+08	1.11382e+08	1.43253e+08	1.74538e+08	1.58457e+08	1.57633e+08	1.45709e+08	1.56755e+08	1.50532e+08	1.45426e+08	1.48581e+08	1.23138e+08	1.48373e+08	1.73449e+08	1.75604e+08	1.39039e+08	1.28018e+08	1.59001e+08	1.25132e+08	1.40746e+08
ERR612642	2.6487e+08	3.24285e+08	2.85647e+08	4.01288e+08	2.86356e+08	3.46471e+08	2.44377e+08	1.70411e+08	1.11052e+08	2.48996e+08	2.50064e+08	2.42245e+08	1.72344e+08	2.30599e+08	2.14739e+08	2.28828e+08	2.3869e+08	2.17954e+08	2.31772e+08	2.32399e+08	2.7238e+08	2.31943e+08	2.74857e+08	2.74544e+08	2.31772e+08	2.32399e+08	2.7238e+08	2.31943e+08	2.74857e+08	2.74544e+08	1.61022e+08	2.01357e+08	2.64543e+08	2.51331e+08	1.96522e+08	2.498e+08	2.6487e+08	3.24285e+08	2.85647e+08	4.01288e+08	2.86356e+08	3.46471e+08	2.40582e+08	2.38457e+08	2.25572e+08	2.2623e+08	2.20309e+08	2.30177e+08	2.05979e+08	2.0588e+08	2.14435e+08	2.21094e+08	1.59783e+08	1.82189e+08	1.38716e+08	1.80166e+08	1.94394e+08	1.35032e+08	1.23461e+08	1.30632e+08	1.62414e+08	1.68705e+08	1.5868e+08	1.92286e+08	1.39204e+08	1.60434e+08	1.39001e+08	1.699e+08	1.74715e+08	1.03665e+08	1.70579e+08	1.51282e+08	1.44127e+08	1.42559e+08	1.34674e+08	1.41059e+08	1.60683e+08	1.09267e+08	1.40897e+08	1.71511e+08	1.55807e+08	1.5496e+08	1.43273e+08	1.541e+08	1.47541e+08	1.42644e+08	1.45772e+08	1.20553e+08	1.45378e+08	1.70021e+08	1.72363e+08	1.36266e+08	1.25536e+08	1.55962e+08	1.22731e+08	1.38056e+08
ERR612641	2.69643e+08	3.30536e+08	2.90907e+08	2.86356e+08	4.13852e+08	3.53043e+08	2.49322e+08	1.73742e+08	1.13381e+08	2.54212e+08	2.55173e+08	2.47151e+08	1.75991e+08	2.35077e+08	2.19094e+08	2.33297e+08	2.43395e+08	2.22313e+08	2.36521e+08	2.3721e+08	2.77958e+08	2.3671e+08	2.80344e+08	2.80044e+08	2.36521e+08	2.3721e+08	2.77958e+08	2.3671e+08	2.80344e+08	2.80044e+08	1.64191e+08	2.05382e+08	2.70037e+08	2.56502e+08	2.0052e+08	2.54953e+08	2.69643e+08	3.30536e+08	2.90907e+08	2.86356e+08	4.13852e+08	3.53043e+08	2.45177e+08	2.42917e+08	2.29855e+08	2.30613e+08	2.24599e+08	2.34556e+08	2.1001e+08	2.09794e+08	2.18425e+08	2.25245e+08	1.62586e+08	1.85431e+08	1.41313e+08	1.83593e+08	1.98192e+08	1.37579e+08	1.25888e+08	1.32987e+08	1.65386e+08	1.72061e+08	1.61743e+08	1.96008e+08	1.41896e+08	1.63541e+08	1.4169e+08	1.73289e+08	1.78031e+08	1.05722e+08	1.73981e+08	1.54097e+08	1.46918e+08	1.45348e+08	1.37325e+08	1.43923e+08	1.63791e+08	1.11565e+08	1.43473e+08	1.74726e+08	1.58723e+08	1.57957e+08	1.45955e+08	1.56944e+08	1.50672e+08	1.45666e+08	1.48822e+08	1.23224e+08	1.48401e+08	1.73525e+08	1.75781e+08	1.39164e+08	1.28189e+08	1.5919e+08	1.25259e+08	1.40939e+08
ERR612637	3.27816e+08	4.04653e+08	3.52084e+08	3.46471e+08	3.53043e+08	5.90168e+08	3.11718e+08	2.16529e+08	1.40562e+08	3.17984e+08	3.19114e+08	3.09634e+08	2.18745e+08	2.93728e+08	2.73136e+08	2.91308e+08	3.04077e+08	2.77271e+08	2.95489e+08	2.9667e+08	3.48259e+08	2.9594e+08	3.51421e+08	3.50943e+08	2.95489e+08	2.9667e+08	3.48259e+08	2.9594e+08	3.51421e+08	3.50943e+08	2.04465e+08	2.56325e+08	3.37891e+08	3.20746e+08	2.50187e+08	3.18917e+08	3.27816e+08	4.04653e+08	3.52084e+08	3.46471e+08	3.53043e+08	5.90168e+08	3.06599e+08	3.04075e+08	2.87395e+08	2.88392e+08	2.80528e+08	2.93355e+08	2.57813e+08	2.57776e+08	2.68616e+08	2.77341e+08	1.98336e+08	2.2721e+08	1.78589e+08	2.32179e+08	2.50644e+08	1.73812e+08	1.58769e+08	1.68208e+08	2.09489e+08	2.17724e+08	2.04754e+08	2.482e+08	1.79446e+08	2.07016e+08	1.79311e+08	2.1925e+08	2.25274e+08	1.33566e+08	2.20187e+08	1.95219e+08	1.85491e+08	1.83468e+08	1.73261e+08	1.81586e+08	2.07009e+08	1.40613e+08	1.78526e+08	2.17431e+08	1.97354e+08	1.96397e+08	1.81596e+08	1.95396e+08	1.89647e+08	1.83528e+08	1.8751e+08	1.54968e+08	1.87022e+08	2.18797e+08	2.22361e+08	1.75771e+08	1.61832e+08	2.01265e+08	1.58092e+08	1.78122e+08
ERR617660	2.28773e+08	2.89395e+08	2.49112e+08	2.44377e+08	2.49322e+08	3.11718e+08	5.06138e+08	2.4857e+08	1.63488e+08	3.63874e+08	3.65375e+08	3.52172e+08	2.10469e+08	2.8183e+08	2.62407e+08	2.79609e+08	2.9214e+08	2.66515e+08	3.15647e+08	3.1643e+08	3.70677e+08	3.15517e+08	3.73889e+08	3.7331e+08	3.15647e+08	3.1643e+08	3.70677e+08	3.15517e+08	3.73889e+08	3.7331e+08	1.87971e+08	2.36067e+08	3.13353e+08	2.97383e+08	2.30497e+08	2.95585e+08	2.28773e+08	2.89395e+08	2.49112e+08	2.44377e+08	2.49322e+08	3.11718e+08	3.02098e+08	2.99156e+08	2.82544e+08	2.83641e+08	2.75787e+08	2.88383e+08	2.19561e+08	2.19036e+08	2.29285e+08	2.37451e+08	1.63585e+08	1.90742e+08	1.75479e+08	2.28638e+08	2.46242e+08	1.70823e+08	1.56702e+08	1.64994e+08	2.11024e+08	2.19764e+08	2.06185e+08	2.50396e+08	1.81779e+08	2.08815e+08	1.79495e+08	2.19608e+08	2.25638e+08	1.34426e+08	2.20221e+08	1.94989e+08	1.86831e+08	1.84416e+08	1.7459e+08	1.83111e+08	2.07639e+08	1.41921e+08	1.59653e+08	1.94542e+08	1.77038e+08	1.75868e+08	1.62178e+08	1.75237e+08	1.85677e+08	1.79564e+08	1.83412e+08	1.52047e+08	1.83084e+08	2.14448e+08	2.23982e+08	1.77737e+08	1.63881e+08	2.02774e+08	1.60005e+08	1.80027e+08
ERR617657	1.59528e+08	2.01104e+08	1.73534e+08	1.70411e+08	1.73742e+08	2.16529e+08	2.4857e+08	2.77867e+08	1.16549e+08	2.53158e+08	2.54145e+08	2.47198e+08	1.48133e+08	1.97663e+08	1.8392e+08	1.95876e+08	2.04282e+08	1.86763e+08	2.20996e+08	2.21766e+08	2.58742e+08	2.21271e+08	2.61064e+08	2.60789e+08	2.20996e+08	2.21766e+08	2.58742e+08	2.21271e+08	2.61064e+08	2.60789e+08	1.30425e+08	1.63408e+08	2.15827e+08	2.04907e+08	1.59418e+08	2.03655e+08	1.59528e+08	2.01104e+08	1.73534e+08	1.70411e+08	1.73742e+08	2.16529e+08	2.09868e+08	2.08172e+08	1.96638e+08	1.97508e+08	1.91948e+08	2.00662e+08	1.4905e+08	1.48682e+08	1.55724e+08	1.61231e+08	1.11055e+08	1.29493e+08	1.19055e+08	1.55101e+08	1.67301e+08	1.15808e+08	1.06106e+08	1.11868e+08	1.43687e+08	1.49427e+08	1.40492e+08	1.70297e+08	1.23527e+08	1.42093e+08	1.22159e+08	1.49436e+08	1.5356e+08	9.12634e+07	1.49925e+08	1.32852e+08	1.27401e+08	1.2615e+08	1.19177e+08	1.24839e+08	1.42066e+08	9.67798e+07	1.08844e+08	1.32577e+08	1.20556e+08	1.1987e+08	1.10579e+08	1.19576e+08	1.26387e+08	1.22154e+08	1.24855e+08	1.03172e+08	1.24566e+08	1.45892e+08	1.51956e+08	1.20306e+08	1.10881e+08	1.37526e+08	1.08381e+08	1.21828e+08
ERR617656	1.04443e+08	1.31421e+08	1.13245e+08	1.11052e+08	1.13381e+08	1.40562e+08	1.63488e+08	1.16549e+08	1.45337e+08	1.66527e+08	1.66969e+08	1.60846e+08	9.88755e+07	1.28371e+08	1.20406e+08	1.27495e+08	1.3297e+08	1.2225e+08	1.45648e+08	1.44958e+08	1.68105e+08	1.44572e+08	1.69605e+08	1.69475e+08	1.45648e+08	1.44958e+08	1.68105e+08	1.44572e+08	1.69605e+08	1.69475e+08	8.48277e+07	1.05785e+08	1.38812e+08	1.32487e+08	1.0324e+08	1.31934e+08	1.04443e+08	1.31421e+08	1.13245e+08	1.11052e+08	1.13381e+08	1.40562e+08	1.38213e+08	1.36518e+08	1.29479e+08	1.2979e+08	1.26473e+08	1.31881e+08	9.41666e+07	9.38029e+07	9.83662e+07	1.01515e+08	7.02086e+07	8.17093e+07	7.56606e+07	9.87778e+07	1.05874e+08	7.36584e+07	6.87499e+07	7.12539e+07	8.9676e+07	9.36662e+07	8.76522e+07	1.06636e+08	7.80091e+07	8.87464e+07	7.65668e+07	9.3492e+07	9.60098e+07	5.81979e+07	9.36957e+07	8.27945e+07	7.98425e+07	7.84294e+07	7.46435e+07	7.82346e+07	8.79577e+07	6.11131e+07	6.85304e+07	8.32292e+07	7.59318e+07	7.55111e+07	6.94671e+07	7.50595e+07	7.97694e+07	7.6814e+07	7.83887e+07	6.56753e+07	7.83002e+07	9.1909e+07	9.6489e+07	7.7224e+07	7.1143e+07	8.7513e+07	6.95105e+07	7.82588e+07
ERR617659	2.33113e+08	2.95073e+08	2.53882e+08	2.48996e+08	2.54212e+08	3.17984e+08	3.63874e+08	2.53158e+08	1.66527e+08	5.23258e+08	3.72266e+08	3.5908e+08	2.14569e+08	2.87188e+08	2.67358e+08	2.84976e+08	2.97654e+08	2.71642e+08	3.21706e+08	3.22493e+08	3.77761e+08	3.21812e+08	3.81047e+08	3.80416e+08	3.21706e+08	3.22493e+08	3.77761e+08	3.21812e+08	3.81047e+08	3.80416e+08	1.91693e+08	2.4095e+08	3.19476e+08	3.03397e+08	2.35015e+08	3.01643e+08	2.33113e+08	2.95073e+08	2.53882e+08	2.48996e+08	2.54212e+08	3.17984e+08	3.07799e+08	3.04885e+08	2.8787e+08	2.88948e+08	2.81077e+08	2.93785e+08	2.24016e+08	2.23589e+08	2.34081e+08	2.42291e+08	1.67057e+08	1.94731e+08	1.7904e+08	2.33339e+08	2.51383e+08	1.74178e+08	1.59922e+08	1.68343e+08	2.15253e+08	2.24132e+08	2.10382e+08	2.55345e+08	1.85436e+08	2.12951e+08	1.83282e+08	2.24078e+08	2.3036e+08	1.3731e+08	2.24756e+08	1.9915e+08	1.90432e+08	1.87991e+08	1.78009e+08	1.86708e+08	2.1187e+08	1.44761e+08	1.6286e+08	1.98603e+08	1.8059e+08	1.79467e+08	1.65538e+08	1.78874e+08	1.89524e+08	1.83288e+08	1.87115e+08	1.5511e+08	1.86737e+08	2.18901e+08	2.28583e+08	1.81223e+08	1.6723e+08	2.06992e+08	1.63365e+08	1.83819e+08
ERR617658	2.34074e+08	2.96087e+08	2.54908e+08	2.50064e+08	2.55173e+08	3.19114e+08	3.65375e+08	2.54145e+08	1.66969e+08	3.72266e+08	5.26298e+08	3.60336e+08	2.15212e+08	2.88294e+08	2.68236e+08	2.86041e+08	2.98928e+08	2.72714e+08	3.22835e+08	3.23734e+08	3.79372e+08	3.22927e+08	3.82675e+08	3.82064e+08	3.22835e+08	3.23734e+08	3.79372e+08	3.22927e+08	3.82675e+08	3.82064e+08	1.92607e+08	2.41936e+08	3.20857e+08	3.04662e+08	2.36231e+08	3.02836e+08	2.34074e+08	2.96087e+08	2.54908e+08	2.50064e+08	2.55173e+08	3.19114e+08	3.09072e+08	3.06235e+08	2.89085e+08	2.90353e+08	2.82339e+08	2.95114e+08	2.25085e+08	2.24597e+08	2.35038e+08	2.43407e+08	1.67802e+08	1.9555e+08	1.79785e+08	2.34206e+08	2.52524e+08	1.75014e+08	1.60544e+08	1.69162e+08	2.164e+08	2.25048e+08	2.11466e+08	2.56582e+08	1.86382e+08	2.13883e+08	1.84035e+08	2.25063e+08	2.3127e+08	1.37787e+08	2.25924e+08	2.00048e+08	1.91502e+08	1.89157e+08	1.79009e+08	1.87577e+08	2.13057e+08	1.45566e+08	1.63655e+08	1.99397e+08	1.81398e+08	1.80169e+08	1.66328e+08	1.79688e+08	1.90668e+08	1.84227e+08	1.88245e+08	1.56003e+08	1.87931e+08	2.20123e+08	2.29625e+08	1.82118e+08	1.67889e+08	2.07945e+08	1.63976e+08	1.84527e+08
ERR617655	2.2648e+08	2.8621e+08	2.47048e+08	2.42245e+08	2.47151e+08	3.09634e+08	3.52172e+08	2.47198e+08	1.60846e+08	3.5908e+08	3.60336e+08	5.0063e+08	2.0799e+08	2.80844e+08	2.60722e+08	2.78443e+08	2.90517e+08	2.6479e+08	3.12632e+08	3.14463e+08	3.69035e+08	3.13931e+08	3.72261e+08	3.71667e+08	3.12632e+08	3.14463e+08	3.69035e+08	3.13931e+08	3.72261e+08	3.71667e+08	1.86239e+08	2.33949e+08	3.10774e+08	2.94431e+08	2.28357e+08	2.92293e+08	2.2648e+08	2.8621e+08	2.47048e+08	2.42245e+08	2.47151e+08	3.09634e+08	2.98163e+08	2.96273e+08	2.79394e+08	2.80481e+08	2.72422e+08	2.85106e+08	2.17454e+08	2.17461e+08	2.27662e+08	2.35655e+08	1.62252e+08	1.89328e+08	1.73544e+08	2.26011e+08	2.44418e+08	1.69003e+08	1.53849e+08	1.6321e+08	2.10728e+08	2.18919e+08	2.05942e+08	2.49598e+08	1.80134e+08	2.08345e+08	1.79106e+08	2.19257e+08	2.25207e+08	1.32984e+08	2.19942e+08	1.95227e+08	1.8625e+08	1.8463e+08	1.74058e+08	1.82414e+08	2.08401e+08	1.41022e+08	1.58926e+08	1.93678e+08	1.75908e+08	1.75028e+08	1.61562e+08	1.74704e+08	1.84625e+08	1.78925e+08	1.82744e+08	1.50402e+08	1.82425e+08	2.13526e+08	2.21536e+08	1.74829e+08	1.61132e+08	2.00494e+08	1.5748e+08	1.77345e+08
ERR608341	1.61819e+08	2.03262e+08	1.7561e+08	1.72344e+08	1.75991e+08	2.18745e+08	2.10469e+08	1.48133e+08	9.88755e+07	2.14569e+08	2.15212e+08	2.0799e+08	2.65413e+08	2.22418e+08	2.08646e+08	2.20719e+08	2.30668e+08	2.11362e+08	1.97245e+08	1.97572e+08	2.30615e+08	1.97207e+08	2.32363e+08	2.32327e+08	1.97245e+08	1.97572e+08	2.30615e+08	1.97207e+08	2.32363e+08	2.32327e+08	1.30678e+08	1.63244e+08	2.14456e+08	2.03869e+08	1.5933e+08	2.02939e+08	1.61819e+08	2.03262e+08	1.7561e+08	1.72344e+08	1.75991e+08	2.18745e+08	2.10371e+08	2.08092e+08	1.97217e+08	1.97807e+08	1.92866e+08	2.01072e+08	1.41521e+08	1.41174e+08	1.47843e+08	1.52918e+08	1.05604e+08	1.23089e+08	1.14447e+08	1.4867e+08	1.59985e+08	1.11376e+08	1.02705e+08	1.07739e+08	1.33695e+08	1.39126e+08	1.30558e+08	1.58422e+08	1.15197e+08	1.32075e+08	1.13562e+08	1.38668e+08	1.42627e+08	8.53066e+07	1.3923e+08	1.23266e+08	1.1799e+08	1.16374e+08	1.10325e+08	1.15566e+08	1.30941e+08	8.98135e+07	1.02242e+08	1.24558e+08	1.13404e+08	1.12791e+08	1.03897e+08	1.12323e+08	1.21146e+08	1.16955e+08	1.19414e+08	9.93624e+07	1.19213e+08	1.39554e+08	1.41361e+08	1.12265e+08	1.03451e+08	1.28025e+08	1.01102e+08	1.13756e+08
ERR608344	2.15673e+08	2.71377e+08	2.34822e+08	2.30599e+08	2.35077e+08	2.93728e+08	2.8183e+08	1.97663e+08	1.28371e+08	2.87188e+08	2.88294e+08	2.80844e+08	2.22418e+08	4.29555e+08	2.76839e+08	2.9595e+08	3.0757e+08	2.82038e+08	2.64299e+08	2.66156e+08	3.12289e+08	2.65459e+08	3.1485e+08	3.14539e+08	2.64299e+08	2.66156e+08	3.12289e+08	2.65459e+08	3.1485e+08	3.14539e+08	1.75415e+08	2.19792e+08	2.90666e+08	2.75368e+08	2.1474e+08	2.73613e+08	2.15673e+08	2.71377e+08	2.34822e+08	2.30599e+08	2.35077e+08	2.93728e+08	2.79663e+08	2.77832e+08	2.62378e+08	2.63324e+08	2.56203e+08	2.67924e+08	1.94494e+08	1.94556e+08	2.03481e+08	2.10746e+08	1.45284e+08	1.69353e+08	1.56583e+08	2.03225e+08	2.19925e+08	1.52488e+08	1.38547e+08	1.47241e+08	1.86063e+08	1.92895e+08	1.81748e+08	2.20149e+08	1.58593e+08	1.83773e+08	1.57567e+08	1.92902e+08	1.98188e+08	1.16832e+08	1.93678e+08	1.7199e+08	1.63535e+08	1.6229e+08	1.52864e+08	1.60084e+08	1.8326e+08	1.2384e+08	1.41335e+08	1.72451e+08	1.56649e+08	1.55714e+08	1.43679e+08	1.55458e+08	1.6651e+08	1.61263e+08	1.64774e+08	1.35479e+08	1.64355e+08	1.92153e+08	1.94128e+08	1.52885e+08	1.40975e+08	1.75673e+08	1.37735e+08	1.55039e+08
ERR608342	2.0103e+08	2.52934e+08	2.18694e+08	2.14739e+08	2.19094e+08	2.73136e+08	2.62407e+08	1.8392e+08	1.20406e+08	2.67358e+08	2.68236e+08	2.60722e+08	2.08646e+08	2.76839e+08	3.80407e+08	2.74713e+08	2.86915e+08	2.61894e+08	2.46086e+08	2.47481e+08	2.89827e+08	2.46775e+08	2.92265e+08	2.91853e+08	2.46086e+08	2.47481e+08	2.89827e+08	2.46775e+08	2.92265e+08	2.91853e+08	1.63364e+08	2.04443e+08	2.69792e+08	2.55978e+08	1.99655e+08	2.54409e+08	2.0103e+08	2.52934e+08	2.18694e+08	2.14739e+08	2.19094e+08	2.73136e+08	2.60768e+08	2.58659e+08	2.44471e+08	2.45437e+08	2.3897e+08	2.49566e+08	1.79915e+08	1.79737e+08	1.88177e+08	1.94804e+08	1.34365e+08	1.56598e+08	1.45082e+08	1.88459e+08	2.0348e+08	1.41271e+08	1.29018e+08	1.36476e+08	1.71529e+08	1.78003e+08	1.6755e+08	2.03042e+08	1.46639e+08	1.69384e+08	1.45519e+08	1.78023e+08	1.82705e+08	1.08334e+08	1.7849e+08	1.58254e+08	1.5105e+08	1.49461e+08	1.41157e+08	1.47824e+08	1.68591e+08	1.14429e+08	1.30576e+08	1.59128e+08	1.44721e+08	1.43935e+08	1.32773e+08	1.4352e+08	1.54099e+08	1.49038e+08	1.52214e+08	1.25631e+08	1.51911e+08	1.77674e+08	1.79826e+08	1.41968e+08	1.30878e+08	1.62693e+08	1.27864e+08	1.43858e+08
ERR608345	2.13987e+08	2.69315e+08	2.33104e+08	2.28828e+08	2.33297e+08	2.91308e+08	2.79609e+08	1.95876e+08	1.27495e+08	2.84976e+08	2.86041e+08	2.78443e+08	2.20719e+08	2.9595e+08	2.74713e+08	4.23493e+08	3.05184e+08	2.79734e+08	2.62257e+08	2.64127e+08	3.09904e+08	2.63423e+08	3.12248e+08	3.1196e+08	2.62257e+08	2.64127e+08	3.09904e+08	2.63423e+08	3.12248e+08	3.1196e+08	1.73996e+08	2.18085e+08	2.88252e+08	2.73159e+08	2.12922e+08	2.71552e+08	2.13987e+08	2.69315e+08	2.33104e+08	2.28828e+08	2.33297e+08	2.91308e+08	2.77694e+08	2.75534e+08	2.60332e+08	2.61319e+08	2.54298e+08	2.65782e+08	1.92848e+08	1.92903e+08	2.01785e+08	2.08963e+08	1.44087e+08	1.67983e+08	1.5525e+08	2.01591e+08	2.18132e+08	1.51205e+08	1.37642e+08	1.46136e+08	1.84315e+08	1.91247e+08	1.80138e+08	2.18224e+08	1.57298e+08	1.82109e+08	1.56237e+08	1.91089e+08	1.96352e+08	1.15872e+08	1.91849e+08	1.70231e+08	1.61976e+08	1.60623e+08	1.51421e+08	1.58528e+08	1.81372e+08	1.2266e+08	1.40001e+08	1.70739e+08	1.55149e+08	1.5423e+08	1.42393e+08	1.53981e+08	1.65205e+08	1.59872e+08	1.63399e+08	1.34531e+08	1.63019e+08	1.90559e+08	1.92465e+08	1.51741e+08	1.39878e+08	1.74357e+08	1.36598e+08	1.53825e+08
ERR608343	2.23309e+08	2.81276e+08	2.43185e+08	2.3869e+08	2.43395e+08	3.04077e+08	2.9214e+08	2.04282e+08	1.3297e+08	2.97654e+08	2.98928e+08	2.90517e+08	2.30668e+08	3.0757e+08	2.86915e+08	3.05184e+08	4.56453e+08	2.90724e+08	2.73854e+08	2.75554e+08	3.23173e+08	2.74949e+08	3.2594e+08	3.2551e+08	2.73854e+08	2.75554e+08	3.23173e+08	2.74949e+08	3.2594e+08	3.2551e+08	1.81918e+08	2.2792e+08	3.01197e+08	2.85631e+08	2.22498e+08	2.83985e+08	2.23309e+08	2.81276e+08	2.43185e+08	2.3869e+08	2.43395e+08	3.04077e+08	2.89878e+08	2.87629e+08	2.71861e+08	2.72699e+08	2.65405e+08	2.77351e+08	2.02108e+08	2.02108e+08	2.11357e+08	2.1897e+08	1.50874e+08	1.76056e+08	1.62542e+08	2.11138e+08	2.28264e+08	1.58273e+08	1.4429e+08	1.53041e+08	1.92731e+08	2.00094e+08	1.88276e+08	2.28071e+08	1.64707e+08	1.90349e+08	1.63421e+08	1.99955e+08	2.05307e+08	1.21341e+08	2.00509e+08	1.77897e+08	1.69566e+08	1.67955e+08	1.58386e+08	1.65993e+08	1.89502e+08	1.28377e+08	1.46586e+08	1.7877e+08	1.62389e+08	1.61482e+08	1.4899e+08	1.61237e+08	1.73138e+08	1.67588e+08	1.71151e+08	1.41099e+08	1.70805e+08	1.99676e+08	2.01975e+08	1.59224e+08	1.46749e+08	1.82706e+08	1.4345e+08	1.61402e+08
ERR608346	2.03961e+08	2.56811e+08	2.22011e+08	2.17954e+08	2.22313e+08	2.77271e+08	2.66515e+08	1.86763e+08	1.2225e+08	2.71642e+08	2.72714e+08	2.6479e+08	2.11362e+08	2.82038e+08	2.61894e+08	2.79734e+08	2.90724e+08	3.89415e+08	2.49909e+08	2.51198e+08	2.94292e+08	2.50578e+08	2.96718e+08	2.9647e+08	2.49909e+08	2.51198e+08	2.94292e+08	2.50578e+08	2.96718e+08	2.9647e+08	1.65791e+08	2.07586e+08	2.73936e+08	2.59764e+08	2.02687e+08	2.58136e+08	2.03961e+08	2.56811e+08	2.22011e+08	2.17954e+08	2.22313e+08	2.77271e+08	2.64869e+08	2.62587e+08	2.48382e+08	2.49172e+08	2.42696e+08	2.53361e+08	1.82937e+08	1.82708e+08	1.91225e+08	1.97979e+08	1.36551e+08	1.59144e+08	1.47105e+08	1.91022e+08	2.06369e+08	1.43181e+08	1.30821e+08	1.38446e+08	1.74013e+08	1.80757e+08	1.69923e+08	2.06022e+08	1.48846e+08	1.71881e+08	1.47503e+08	1.80371e+08	1.85411e+08	1.09928e+08	1.81047e+08	1.60593e+08	1.53241e+08	1.51754e+08	1.4316e+08	1.50062e+08	1.7108e+08	1.16159e+08	1.32451e+08	1.61404e+08	1.46837e+08	1.458e+08	1.34472e+08	1.4557e+08	1.56397e+08	1.51298e+08	1.54629e+08	1.27656e+08	1.54292e+08	1.80346e+08	1.8233e+08	1.44109e+08	1.32791e+08	1.65035e+08	1.2969e+08	1.45946e+08
ERR617367	2.17004e+08	2.74246e+08	2.36261e+08	2.31772e+08	2.36521e+08	2.95489e+08	3.15647e+08	2.20996e+08	1.45648e+08	3.21706e+08	3.22835e+08	3.12632e+08	1.97245e+08	2.64299e+08	2.46086e+08	2.62257e+08	2.73854e+08	2.49909e+08	4.56501e+08	3.16326e+08	3.68747e+08	3.15278e+08	3.71956e+08	3.71514e+08	4.56501e+08	3.16326e+08	3.68747e+08	3.15278e+08	3.71956e+08	3.71514e+08	1.77608e+08	2.22875e+08	2.94714e+08	2.79882e+08	2.17395e+08	2.78479e+08	2.17004e+08	2.74246e+08	2.36261e+08	2.31772e+08	2.36521e+08	2.95489e+08	2.8554e+08	2.82808e+08	2.67165e+08	2.68405e+08	2.60894e+08	2.72798e+08	2.05218e+08	2.04922e+08	2.14441e+08	2.21967e+08	1.53144e+08	1.78489e+08	1.639e+08	2.13281e+08	2.29946e+08	1.59415e+08	1.46169e+08	1.54185e+08	1.96533e+08	2.04496e+08	1.92169e+08	2.32899e+08	1.69127e+08	1.94237e+08	1.6813e+08	2.05312e+08	2.11145e+08	1.26014e+08	2.06097e+08	1.82628e+08	1.73782e+08	1.71611e+08	1.62445e+08	1.70327e+08	1.93221e+08	1.32118e+08	1.49266e+08	1.81958e+08	1.65406e+08	1.64255e+08	1.51633e+08	1.63702e+08	1.73875e+08	1.6789e+08	1.71476e+08	1.42284e+08	1.71196e+08	2.00552e+08	2.09742e+08	1.66747e+08	1.53641e+08	1.90008e+08	1.5013e+08	1.6889e+08
ERR617369	2.17563e+08	2.74612e+08	2.37007e+08	2.32399e+08	2.3721e+08	2.9667e+08	3.1643e+08	2.21766e+08	1.44958e+08	3.22493e+08	3.23734e+08	3.14463e+08	1.97572e+08	2.66156e+08	2.47481e+08	2.64127e+08	2.75554e+08	2.51198e+08	3.16326e+08	4.60512e+08	3.7129e+08	3.17358e+08	3.74644e+08	3.73834e+08	3.16326e+08	4.60512e+08	3.7129e+08	3.17358e+08	3.74644e+08	3.73834e+08	1.78088e+08	2.23607e+08	2.95866e+08	2.80779e+08	2.17978e+08	2.79015e+08	2.17563e+08	2.74612e+08	2.37007e+08	2.32399e+08	2.3721e+08	2.9667e+08	2.8558e+08	2.83538e+08	2.67519e+08	2.68717e+08	2.61187e+08	2.73035e+08	2.06357e+08	2.06051e+08	2.15598e+08	2.23262e+08	1.53986e+08	1.79418e+08	1.64527e+08	2.14023e+08	2.31203e+08	1.60028e+08	1.46136e+08	1.54778e+08	1.98879e+08	2.06703e+08	1.94356e+08	2.35483e+08	1.70275e+08	1.96638e+08	1.70019e+08	2.07793e+08	2.13568e+08	1.26677e+08	2.08617e+08	1.8503e+08	1.75562e+08	1.74084e+08	1.6417e+08	1.72015e+08	1.96111e+08	1.33327e+08	1.5051e+08	1.83438e+08	1.66643e+08	1.65631e+08	1.52974e+08	1.65324e+08	1.75062e+08	1.69272e+08	1.72954e+08	1.42748e+08	1.72586e+08	2.02184e+08	2.10746e+08	1.66816e+08	1.53709e+08	1.90891e+08	1.50187e+08	1.68861e+08
ERR617371	2.5484e+08	3.22042e+08	2.77837e+08	2.7238e+08	2.77958e+08	3.48259e+08	3.70677e+08	2.58742e+08	1.68105e+08	3.77761e+08	3.79372e+08	3.69035e+08	2.30615e+08	3.12289e+08	2.89827e+08	3.09904e+08	3.23173e+08	2.94292e+08	3.68747e+08	3.7129e+08	6.04854e+08	3.70341e+08	4.4151e+08	4.40695e+08	3.68747e+08	3.7129e+08	6.04854e+08	3.70341e+08	4.4151e+08	4.40695e+08	2.08443e+08	2.62207e+08	3.4779e+08	3.29594e+08	2.55617e+08	3.27407e+08	2.5484e+08	3.22042e+08	2.77837e+08	2.7238e+08	2.77958e+08	3.48259e+08	3.34496e+08	3.32293e+08	3.13455e+08	3.14726e+08	3.0569e+08	3.19942e+08	2.43447e+08	2.43408e+08	2.5456e+08	2.63828e+08	1.81868e+08	2.12052e+08	1.9432e+08	2.5279e+08	2.73173e+08	1.89029e+08	1.72089e+08	1.82639e+08	2.35351e+08	2.44349e+08	2.30119e+08	2.78591e+08	2.0103e+08	2.32655e+08	2.01295e+08	2.46177e+08	2.52968e+08	1.49647e+08	2.47117e+08	2.19194e+08	2.07423e+08	2.05833e+08	1.93934e+08	2.03168e+08	2.32113e+08	1.57289e+08	1.77934e+08	2.16782e+08	1.96802e+08	1.95822e+08	1.80784e+08	1.95395e+08	2.0669e+08	2.00235e+08	2.04458e+08	1.68409e+08	2.03917e+08	2.38927e+08	2.48701e+08	1.96411e+08	1.81114e+08	2.25329e+08	1.76963e+08	1.99101e+08
ERR617368	2.17033e+08	2.73951e+08	2.36427e+08	2.31943e+08	2.3671e+08	2.9594e+08	3.15517e+08	2.21271e+08	1.44572e+08	3.21812e+08	3.22927e+08	3.13931e+08	1.97207e+08	2.65459e+08	2.46775e+08	2.63423e+08	2.74949e+08	2.50578e+08	3.15278e+08	3.17358e+08	3.70341e+08	4.57845e+08	3.7372e+08	3.7294e+08	3.15278e+08	3.17358e+08	3.70341e+08	4.57845e+08	3.7372e+08	3.7294e+08	1.77406e+08	2.22793e+08	2.94795e+08	2.79622e+08	2.17401e+08	2.77999e+08	2.17033e+08	2.73951e+08	2.36427e+08	2.31943e+08	2.3671e+08	2.9594e+08	2.84807e+08	2.8285e+08	2.66919e+08	2.68075e+08	2.60526e+08	2.72467e+08	2.0547e+08	2.05361e+08	2.14811e+08	2.22432e+08	1.53433e+08	1.78847e+08	1.6393e+08	2.13301e+08	2.3053e+08	1.59484e+08	1.45546e+08	1.54165e+08	1.98157e+08	2.05934e+08	1.93742e+08	2.34541e+08	1.69544e+08	1.95828e+08	1.69242e+08	2.07108e+08	2.12774e+08	1.26163e+08	2.07777e+08	1.84339e+08	1.74793e+08	1.73407e+08	1.63583e+08	1.7124e+08	1.95507e+08	1.32718e+08	1.50005e+08	1.82746e+08	1.66046e+08	1.65014e+08	1.52409e+08	1.6466e+08	1.74429e+08	1.68796e+08	1.72463e+08	1.42336e+08	1.72037e+08	2.01411e+08	2.09943e+08	1.66028e+08	1.52953e+08	1.90213e+08	1.49568e+08	1.68196e+08
ERR617372	2.5699e+08	3.24678e+08	2.80192e+08	2.74857e+08	2.80344e+08	3.51421e+08	3.73889e+08	2.61064e+08	1.69605e+08	3.81047e+08	3.82675e+08	3.72261e+08	2.32363e+08	3.1485e+08	2.92265e+08	3.12248e+08	3.2594e+08	2.96718e+08	3.71956e+08	3.74644e+08	4.4151e+08	3.7372e+08	6.14187e+08	4.44717e+08	3.71956e+08	3.74644e+08	4.4151e+08	3.7372e+08	6.14187e+08	4.44717e+08	2.10254e+08	2.64386e+08	3.5085e+08	3.32422e+08	2.57926e+08	3.30133e+08	2.5699e+08	3.24678e+08	2.80192e+08	2.74857e+08	2.80344e+08	3.51421e+08	3.37341e+08	3.35155e+08	3.159e+08	3.17349e+08	3.08351e+08	3.22565e+08	2.45671e+08	2.45583e+08	2.56879e+08	2.66303e+08	1.83489e+08	2.13981e+08	1.96062e+08	2.55209e+08	2.75852e+08	1.90892e+08	1.73734e+08	1.84392e+08	2.37573e+08	2.4668e+08	2.32187e+08	2.81185e+08	2.03051e+08	2.34763e+08	2.03253e+08	2.48689e+08	2.55369e+08	1.51087e+08	2.49477e+08	2.2144e+08	2.09487e+08	2.07883e+08	1.95951e+08	2.05105e+08	2.34533e+08	1.58846e+08	1.79491e+08	2.18821e+08	1.98686e+08	1.97608e+08	1.82533e+08	1.97199e+08	2.08549e+08	2.01976e+08	2.06373e+08	1.69804e+08	2.05831e+08	2.40981e+08	2.51106e+08	1.98442e+08	1.82747e+08	2.27448e+08	1.78726e+08	2.01078e+08
ERR617370	2.56619e+08	3.24487e+08	2.79928e+08	2.74544e+08	2.80044e+08	3.50943e+08	3.7331e+08	2.60789e+08	1.69475e+08	3.80416e+08	3.82064e+08	3.71667e+08	2.32327e+08	3.14539e+08	2.91853e+08	3.1196e+08	3.2551e+08	2.9647e+08	3.71514e+08	3.73834e+08	4.40695e+08	3.7294e+08	4.44717e+08	6.12576e+08	3.71514e+08	3.73834e+08	4.40695e+08	3.7294e+08	4.44717e+08	6.12576e+08	2.10079e+08	2.63996e+08	3.50258e+08	3.32085e+08	2.57705e+08	3.29718e+08	2.56619e+08	3.24487e+08	2.79928e+08	2.74544e+08	2.80044e+08	3.50943e+08	3.37259e+08	3.35006e+08	3.15706e+08	3.17226e+08	3.0815e+08	3.22382e+08	2.45279e+08	2.45269e+08	2.5642e+08	2.65824e+08	1.8314e+08	2.13612e+08	1.95916e+08	2.54945e+08	2.75566e+08	1.9073e+08	1.73621e+08	1.84282e+08	2.37181e+08	2.46231e+08	2.31915e+08	2.80881e+08	2.02782e+08	2.3454e+08	2.02874e+08	2.48027e+08	2.5494e+08	1.50777e+08	2.48952e+08	2.20908e+08	2.0908e+08	2.07359e+08	1.9549e+08	2.0493e+08	2.33959e+08	1.58683e+08	1.79213e+08	2.18331e+08	1.98443e+08	1.97356e+08	1.82166e+08	1.96882e+08	2.0827e+08	2.0186e+08	2.0601e+08	1.69766e+08	2.05757e+08	2.40596e+08	2.50923e+08	1.98319e+08	1.82544e+08	2.27291e+08	1.7863e+08	2.00862e+08
ERR617367	2.17004e+08	2.74246e+08	2.36261e+08	2.31772e+08	2.36521e+08	2.95489e+08	3.15647e+08	2.20996e+08	1.45648e+08	3.21706e+08	3.22835e+08	3.12632e+08	1.97245e+08	2.64299e+08	2.46086e+08	2.62257e+08	2.73854e+08	2.49909e+08	4.56501e+08	3.16326e+08	3.68747e+08	3.15278e+08	3.71956e+08	3.71514e+08	4.56501e+08	3.16326e+08	3.68747e+08	3.15278e+08	3.71956e+08	3.71514e+08	1.77608e+08	2.22875e+08	2.94714e+08	2.79882e+08	2.17395e+08	2.78479e+08	2.17004e+08	2.74246e+08	2.36261e+08	2.31772e+08	2.36521e+08	2.95489e+08	2.8554e+08	2.82808e+08	2.67165e+08	2.68405e+08	2.60894e+08	2.72798e+08	2.05218e+08	2.04922e+08	2.14441e+08	2.21967e+08	1.53144e+08	1.78489e+08	1.639e+08	2.13281e+08	2.29946e+08	1.59415e+08	1.46169e+08	1.54185e+08	1.96533e+08	2.04496e+08	1.92169e+08	2.32899e+08	1.69127e+08	1.94237e+08	1.6813e+08	2.05312e+08	2.11145e+08	1.26014e+08	2.06097e+08	1.82628e+08	1.73782e+08	1.71611e+08	1.62445e+08	1.70327e+08	1.93221e+08	1.32118e+08	1.49266e+08	1.81958e+08	1.65406e+08	1.64255e+08	1.51633e+08	1.63702e+08	1.73875e+08	1.6789e+08	1.71476e+08	1.42284e+08	1.71196e+08	2.00552e+08	2.09742e+08	1.66747e+08	1.53641e+08	1.90008e+08	1.5013e+08	1.6889e+08
ERR617369	2.17563e+08	2.74612e+08	2.37007e+08	2.32399e+08	2.3721e+08	2.9667e+08	3.1643e+08	2.21766e+08	1.44958e+08	3.22493e+08	3.23734e+08	3.14463e+08	1.97572e+08	2.66156e+08	2.47481e+08	2.64127e+08	2.75554e+08	2.51198e+08	3.16326e+08	4.60512e+08	3.7129e+08	3.17358e+08	3.74644e+08	3.73834e+08	3.16326e+08	4.60512e+08	3.7129e+08	3.17358e+08	3.74644e+08	3.73834e+08	1.78088e+08	2.23607e+08	2.95866e+08	2.80779e+08	2.17978e+08	2.79015e+08	2.17563e+08	2.74612e+08	2.37007e+08	2.32399e+08	2.3721e+08	2.9667e+08	2.8558e+08	2.83538e+08	2.67519e+08	2.68717e+08	2.61187e+08	2.73035e+08	2.06357e+08	2.06051e+08	2.15598e+08	2.23262e+08	1.53986e+08	1.79418e+08	1.64527e+08	2.14023e+08	2.31203e+08	1.60028e+08	1.46136e+08	1.54778e+08	1.98879e+08	2.06703e+08	1.94356e+08	2.35483e+08	1.70275e+08	1.96638e+08	1.70019e+08	2.07793e+08	2.13568e+08	1.26677e+08	2.08617e+08	1.8503e+08	1.75562e+08	1.74084e+08	1.6417e+08	1.72015e+08	1.96111e+08	1.33327e+08	1.5051e+08	1.83438e+08	1.66643e+08	1.65631e+08	1.52974e+08	1.65324e+08	1.75062e+08	1.69272e+08	1.72954e+08	1.42748e+08	1.72586e+08	2.02184e+08	2.10746e+08	1.66816e+08	1.53709e+08	1.90891e+08	1.50187e+08	1.68861e+08
ERR617371	2.5484e+08	3.22042e+08	2.77837e+08	2.7238e+08	2.77958e+08	3.48259e+08	3.70677e+08	2.58742e+08	1.68105e+08	3.77761e+08	3.79372e+08	3.69035e+08	2.30615e+08	3.12289e+08	2.89827e+08	3.09904e+08	3.23173e+08	2.94292e+08	3.68747e+08	3.7129e+08	6.04854e+08	3.70341e+08	4.4151e+08	4.40695e+08	3.68747e+08	3.7129e+08	6.04854e+08	3.70341e+08	4.4151e+08	4.40695e+08	2.08443e+08	2.62207e+08	3.4779e+08	3.29594e+08	2.55617e+08	3.27407e+08	2.5484e+08	3.22042e+08	2.77837e+08	2.7238e+08	2.77958e+08	3.48259e+08	3.34496e+08	3.32293e+08	3.13455e+08	3.14726e+08	3.0569e+08	3.19942e+08	2.43447e+08	2.43408e+08	2.5456e+08	2.63828e+08	1.81868e+08	2.12052e+08	1.9432e+08	2.5279e+08	2.73173e+08	1.89029e+08	1.72089e+08	1.82639e+08	2.35351e+08	2.44349e+08	2.30119e+08	2.78591e+08	2.0103e+08	2.32655e+08	2.01295e+08	2.46177e+08	2.52968e+08	1.49647e+08	2.47117e+08	2.19194e+08	2.07423e+08	2.05833e+08	1.93934e+08	2.03168e+08	2.32113e+08	1.57289e+08	1.77934e+08	2.16782e+08	1.96802e+08	1.95822e+08	1.80784e+08	1.95395e+08	2.0669e+08	2.00235e+08	2.04458e+08	1.68409e+08	2.03917e+08	2.38927e+08	2.48701e+08	1.96411e+08	1.81114e+08	2.25329e+08	1.76963e+08	1.99101e+08
ERR617368	2.17033e+08	2.73951e+08	2.36427e+08	2.31943e+08	2.3671e+08	2.9594e+08	3.15517e+08	2.21271e+08	1.44572e+08	3.21812e+08	3.22927e+08	3.13931e+08	1.97207e+08	2.65459e+08	2.46775e+08	2.63423e+08	2.74949e+08	2.50578e+08	3.15278e+08	3.17358e+08	3.70341e+08	4.57845e+08	3.7372e+08	3.7294e+08	3.15278e+08	3.17358e+08	3.70341e+08	4.57845e+08	3.7372e+08	3.7294e+08	1.77406e+08	2.22793e+08	2.94795e+08	2.79622e+08	2.17401e+08	2.77999e+08	2.17033e+08	2.73951e+08	2.36427e+08	2.31943e+08	2.3671e+08	2.9594e+08	2.84807e+08	2.8285e+08	2.66919e+08	2.68075e+08	2.60526e+08	2.72467e+08	2.0547e+08	2.05361e+08	2.14811e+08	2.22432e+08	1.53433e+08	1.78847e+08	1.6393e+08	2.13301e+08	2.3053e+08	1.59484e+08	1.45546e+08	1.54165e+08	1.98157e+08	2.05934e+08	1.93742e+08	2.34541e+08	1.69544e+08	1.95828e+08	1.69242e+08	2.07108e+08	2.12774e+08	1.26163e+08	2.07777e+08	1.84339e+08	1.74793e+08	1.73407e+08	1.63583e+08	1.7124e+08	1.95507e+08	1.32718e+08	1.50005e+08	1.82746e+08	1.66046e+08	1.65014e+08	1.52409e+08	1.6466e+08	1.74429e+08	1.68796e+08	1.72463e+08	1.42336e+08	1.72037e+08	2.01411e+08	2.09943e+08	1.66028e+08	1.52953e+08	1.90213e+08	1.49568e+08	1.68196e+08
ERR617372	2.5699e+08	3.24678e+08	2.80192e+08	2.74857e+08	2.80344e+08	3.51421e+08	3.73889e+08	2.61064e+08	1.69605e+08	3.81047e+08	3.82675e+08	3.72261e+08	2.32363e+08	3.1485e+08	2.92265e+08	3.12248e+08	3.2594e+08	2.96718e+08	3.71956e+08	3.74644e+08	4.4151e+08	3.7372e+08	6.14187e+08	4.44717e+08	3.71956e+08	3.74644e+08	4.4151e+08	3.7372e+08	6.14187e+08	4.44717e+08	2.10254e+08	2.64386e+08	3.5085e+08	3.32422e+08	2.57926e+08	3.30133e+08	2.5699e+08	3.24678e+08	2.80192e+08	2.74857e+08	2.80344e+08	3.51421e+08	3.37341e+08	3.35155e+08	3.159e+08	3.17349e+08	3.08351e+08	3.22565e+08	2.45671e+08	2.45583e+08	2.56879e+08	2.66303e+08	1.83489e+08	2.13981e+08	1.96062e+08	2.55209e+08	2.75852e+08	1.90892e+08	1.73734e+08	1.84392e+08	2.37573e+08	2.4668e+08	2.32187e+08	2.81185e+08	2.03051e+08	2.34763e+08	2.03253e+08	2.48689e+08	2.55369e+08	1.51087e+08	2.49477e+08	2.2144e+08	2.09487e+08	2.07883e+08	1.95951e+08	2.05105e+08	2.34533e+08	1.58846e+08	1.79491e+08	2.18821e+08	1.98686e+08	1.97608e+08	1.82533e+08	1.97199e+08	2.08549e+08	2.01976e+08	2.06373e+08	1.69804e+08	2.05831e+08	2.40981e+08	2.51106e+08	1.98442e+08	1.82747e+08	2.27448e+08	1.78726e+08	2.01078e+08
ERR617370	2.56619e+08	3.24487e+08	2.79928e+08	2.74544e+08	2.80044e+08	3.50943e+08	3.7331e+08	2.60789e+08	1.69475e+08	3.80416e+08	3.82064e+08	3.71667e+08	2.32327e+08	3.14539e+08	2.91853e+08	3.1196e+08	3.2551e+08	2.9647e+08	3.71514e+08	3.73834e+08	4.40695e+08	3.7294e+08	4.44717e+08	6.12576e+08	3.71514e+08	3.73834e+08	4.40695e+08	3.7294e+08	4.44717e+08	6.12576e+08	2.10079e+08	2.63996e+08	3.50258e+08	3.32085e+08	2.57705e+08	3.29718e+08	2.56619e+08	3.24487e+08	2.79928e+08	2.74544e+08	2.80044e+08	3.50943e+08	3.37259e+08	3.35006e+08	3.15706e+08	3.17226e+08	3.0815e+08	3.22382e+08	2.45279e+08	2.45269e+08	2.5642e+08	2.65824e+08	1.8314e+08	2.13612e+08	1.95916e+08	2.54945e+08	2.75566e+08	1.9073e+08	1.73621e+08	1.84282e+08	2.37181e+08	2.46231e+08	2.31915e+08	2.80881e+08	2.02782e+08	2.3454e+08	2.02874e+08	2.48027e+08	2.5494e+08	1.50777e+08	2.48952e+08	2.20908e+08	2.0908e+08	2.07359e+08	1.9549e+08	2.0493e+08	2.33959e+08	1.58683e+08	1.79213e+08	2.18331e+08	1.98443e+08	1.97356e+08	1.82166e+08	1.96882e+08	2.0827e+08	2.0186e+08	2.0601e+08	1.69766e+08	2.05757e+08	2.40596e+08	2.50923e+08	1.98319e+08	1.82544e+08	2.27291e+08	1.7863e+08	2.00862e+08
ERR612225	1.51227e+08	1.90046e+08	1.64077e+08	1.61022e+08	1.64191e+08	2.04465e+08	1.87971e+08	1.30425e+08	8.48277e+07	1.91693e+08	1.92607e+08	1.86239e+08	1.30678e+08	1.75415e+08	1.63364e+08	1.73996e+08	1.81918e+08	1.65791e+08	1.77608e+08	1.78088e+08	2.08443e+08	1.77406e+08	2.10254e+08	2.10079e+08	1.77608e+08	1.78088e+08	2.08443e+08	1.77406e+08	2.10254e+08	2.10079e+08	2.60474e+08	2.0503e+08	2.65859e+08	2.53257e+08	2.00288e+08	2.52015e+08	1.51227e+08	1.90046e+08	1.64077e+08	1.61022e+08	1.64191e+08	2.04465e+08	2.00377e+08	1.98506e+08	1.8844e+08	1.89054e+08	1.84344e+08	1.91777e+08	1.58593e+08	1.58246e+08	1.65745e+08	1.71089e+08	1.18784e+08	1.38198e+08	1.22904e+08	1.59675e+08	1.71986e+08	1.19735e+08	1.09794e+08	1.15835e+08	1.42632e+08	1.48277e+08	1.39419e+08	1.69156e+08	1.22663e+08	1.40957e+08	1.22512e+08	1.49414e+08	1.5377e+08	9.18182e+07	1.49939e+08	1.32994e+08	1.26895e+08	1.25286e+08	1.18531e+08	1.24328e+08	1.41057e+08	9.64921e+07	1.14264e+08	1.39004e+08	1.26633e+08	1.25875e+08	1.16095e+08	1.25401e+08	1.34198e+08	1.29993e+08	1.32657e+08	1.10405e+08	1.32249e+08	1.54105e+08	1.50206e+08	1.19122e+08	1.09809e+08	1.35939e+08	1.07462e+08	1.20604e+08
ERR612224	1.88811e+08	2.37871e+08	2.05081e+08	2.01357e+08	2.05382e+08	2.56325e+08	2.36067e+08	1.63408e+08	1.05785e+08	2.4095e+08	2.41936e+08	2.33949e+08	1.63244e+08	2.19792e+08	2.04443e+08	2.18085e+08	2.2792e+08	2.07586e+08	2.22875e+08	2.23607e+08	2.62207e+08	2.22793e+08	2.64386e+08	2.63996e+08	2.22875e+08	2.23607e+08	2.62207e+08	2.22793e+08	2.64386e+08	2.63996e+08	2.0503e+08	3.75588e+08	3.32598e+08	3.165e+08	2.49171e+08	3.14897e+08	1.88811e+08	2.37871e+08	2.05081e+08	2.01357e+08	2.05382e+08	2.56325e+08	2.50017e+08	2.47638e+08	2.34793e+08	2.35667e+08	2.29639e+08	2.39266e+08	2.00153e+08	1.99884e+08	2.09316e+08	2.16208e+08	1.49841e+08	1.74426e+08	1.55708e+08	2.02444e+08	2.17976e+08	1.5175e+08	1.39012e+08	1.46763e+08	1.80955e+08	1.88181e+08	1.76918e+08	2.1471e+08	1.5576e+08	1.78885e+08	1.55368e+08	1.89649e+08	1.95088e+08	1.16414e+08	1.90292e+08	1.68669e+08	1.60745e+08	1.58771e+08	1.50118e+08	1.57551e+08	1.7888e+08	1.2215e+08	1.44809e+08	1.76177e+08	1.60435e+08	1.5937e+08	1.47064e+08	1.58999e+08	1.69159e+08	1.63844e+08	1.67042e+08	1.3907e+08	1.66734e+08	1.9454e+08	1.9065e+08	1.51265e+08	1.39449e+08	1.72848e+08	1.36259e+08	1.53074e+08
ERR612221	2.47853e+08	3.13108e+08	2.69638e+08	2.64543e+08	2.70037e+08	3.37891e+08	3.13353e+08	2.15827e+08	1.38812e+08	3.19476e+08	3.20857e+08	3.10774e+08	2.14456e+08	2.90666e+08	2.69792e+08	2.88252e+08	3.01197e+08	2.73936e+08	2.94714e+08	2.95866e+08	3.4779e+08	2.94795e+08	3.5085e+08	3.50258e+08	2.94714e+08	2.95866e+08	3.4779e+08	2.94795e+08	3.5085e+08	3.50258e+08	2.65859e+08	3.32598e+08	6.05134e+08	4.17634e+08	3.24636e+08	4.15192e+08	2.47853e+08	3.13108e+08	2.69638e+08	2.64543e+08	2.70037e+08	3.37891e+08	3.27704e+08	3.24603e+08	3.07368e+08	3.08412e+08	3.0022e+08	3.13302e+08	2.67012e+08	2.66482e+08	2.79142e+08	2.88641e+08	1.99646e+08	2.32422e+08	2.09908e+08	2.72811e+08	2.94083e+08	2.04451e+08	1.87016e+08	1.97708e+08	2.44536e+08	2.54286e+08	2.39141e+08	2.89904e+08	2.10192e+08	2.41806e+08	2.09797e+08	2.56114e+08	2.63495e+08	1.56846e+08	2.57017e+08	2.27902e+08	2.16725e+08	2.14126e+08	2.02402e+08	2.12445e+08	2.41513e+08	1.64615e+08	1.95104e+08	2.37831e+08	2.16458e+08	2.14998e+08	1.98358e+08	2.14411e+08	2.2435e+08	2.1704e+08	2.21703e+08	1.83905e+08	2.21044e+08	2.58498e+08	2.57818e+08	2.04182e+08	1.88161e+08	2.33373e+08	1.83952e+08	2.06696e+08
