	ERR618694	ERR618693	ERR618695	ERR618696	ERR618698	ERR618697	ERR613693	ERR613692	ERR613694	ERR613691	ERR613689	ERR613690	ERR607756	ERR607753	ERR607755	ERR607758	ERR607757	ERR607754	ERR626533	ERR626529	ERR626531	ERR626532	ERR626530	ERR626528	ERR621996	ERR621991	ERR621992	ERR621994	ERR621995	ERR621993	ERR618509	ERR618511	ERR618507	ERR618510	ERR618508	ERR618512	ERR609030	ERR609032	ERR609031	ERR609027	ERR609028	ERR609029	ERR612555	ERR612554	ERR612553	ERR612557	ERR612558	ERR612556	ERR638212	ERR638208	ERR638211	ERR638209	ERR638210	ERR638207	ERR629832	ERR629835	ERR629833	ERR629830	ERR629834	ERR629831	ERR617256	ERR617257	ERR617255	ERR617253	ERR617254	ERR617258	ERR617488	ERR617489	ERR617492	ERR617490	ERR617487	ERR617491	ERR616833	ERR616831	ERR616832	ERR616829	ERR616830	ERR616834	ERR616833	ERR616831	ERR616832	ERR616829	ERR616830	ERR616834	ERR638212	ERR638208	ERR638211	ERR638209	ERR638210	ERR638207	ERR616222	ERR616226	ERR616223	ERR616225	ERR616227	ERR616224
ERR618694	3.89759e+08	2.79583e+08	2.63282e+08	2.72916e+08	2.82554e+08	2.75866e+08	2.03491e+08	2.0874e+08	1.64487e+08	2.25171e+08	2.39666e+08	2.35203e+08	2.12799e+08	2.25978e+08	2.50116e+08	2.0925e+08	2.07562e+08	2.53713e+08	1.46981e+08	1.56519e+08	1.45339e+08	1.4849e+08	1.28786e+08	1.79563e+08	2.36735e+08	2.85912e+08	2.59543e+08	2.5864e+08	2.40415e+08	2.57809e+08	2.10382e+08	2.28369e+08	2.308e+08	2.20916e+08	1.91671e+08	2.33219e+08	1.97263e+08	1.9026e+08	1.9357e+08	1.86283e+08	2.40176e+08	2.57914e+08	2.5758e+08	2.05359e+08	2.77359e+08	2.02094e+08	1.95528e+08	1.99951e+08	1.30846e+08	1.16799e+08	1.55721e+08	1.13158e+08	1.54147e+08	1.13264e+08	1.89278e+08	1.63906e+08	1.65497e+08	1.92402e+08	1.62199e+08	1.64162e+08	1.88776e+08	1.89051e+08	1.5118e+08	1.41491e+08	1.51748e+08	1.43696e+08	1.94299e+08	1.9533e+08	2.1411e+08	2.29421e+08	1.90197e+08	2.33201e+08	1.5281e+08	1.94771e+08	1.50899e+08	1.78491e+08	1.76056e+08	1.54018e+08	1.5281e+08	1.94771e+08	1.50899e+08	1.78491e+08	1.76056e+08	1.54018e+08	1.30846e+08	1.16799e+08	1.55721e+08	1.13158e+08	1.54147e+08	1.13264e+08	1.71989e+08	2.12812e+08	1.8929e+08	2.12483e+08	2.19777e+08	1.62082e+08
ERR618693	2.79583e+08	4.38723e+08	2.81908e+08	2.9246e+08	3.03152e+08	2.95691e+08	2.18522e+08	2.24032e+08	1.76261e+08	2.41366e+08	2.57188e+08	2.52206e+08	2.279e+08	2.42228e+08	2.68146e+08	2.24102e+08	2.22129e+08	2.72067e+08	1.58832e+08	1.68999e+08	1.57038e+08	1.60455e+08	1.38848e+08	1.93903e+08	2.5374e+08	3.0697e+08	2.78391e+08	2.77684e+08	2.57758e+08	2.76473e+08	2.25315e+08	2.44887e+08	2.47218e+08	2.36808e+08	2.05159e+08	2.50217e+08	2.1127e+08	2.03849e+08	2.07334e+08	1.99113e+08	2.57448e+08	2.76698e+08	2.75843e+08	2.19847e+08	2.97378e+08	2.16361e+08	2.09288e+08	2.14112e+08	1.40609e+08	1.25652e+08	1.67782e+08	1.21865e+08	1.66182e+08	1.22017e+08	2.04462e+08	1.76821e+08	1.78498e+08	2.07807e+08	1.74896e+08	1.77204e+08	2.03798e+08	2.04022e+08	1.63045e+08	1.52594e+08	1.63833e+08	1.54752e+08	2.09756e+08	2.10828e+08	2.31039e+08	2.47647e+08	2.05226e+08	2.51605e+08	1.64623e+08	2.10132e+08	1.6248e+08	1.92488e+08	1.89926e+08	1.6573e+08	1.64623e+08	2.10132e+08	1.6248e+08	1.92488e+08	1.89926e+08	1.6573e+08	1.40609e+08	1.25652e+08	1.67782e+08	1.21865e+08	1.66182e+08	1.22017e+08	1.85942e+08	2.30004e+08	2.04793e+08	2.29668e+08	2.37647e+08	1.75423e+08
ERR618695	2.63282e+08	2.81908e+08	3.95436e+08	2.75324e+08	2.85266e+08	2.78346e+08	2.05328e+08	2.10528e+08	1.6582e+08	2.26893e+08	2.41615e+08	2.37031e+08	2.14419e+08	2.27857e+08	2.52235e+08	2.10859e+08	2.09015e+08	2.55852e+08	1.48618e+08	1.58084e+08	1.46815e+08	1.50076e+08	1.30068e+08	1.8148e+08	2.38617e+08	2.8832e+08	2.61648e+08	2.60924e+08	2.42347e+08	2.60023e+08	2.12001e+08	2.30279e+08	2.32424e+08	2.2276e+08	1.92959e+08	2.35203e+08	1.98786e+08	1.91989e+08	1.95215e+08	1.87601e+08	2.42144e+08	2.60147e+08	2.59596e+08	2.06954e+08	2.79761e+08	2.03709e+08	1.971e+08	2.0162e+08	1.31644e+08	1.17699e+08	1.57038e+08	1.14036e+08	1.55378e+08	1.14184e+08	1.91166e+08	1.65605e+08	1.67051e+08	1.94305e+08	1.63894e+08	1.65942e+08	1.90816e+08	1.90991e+08	1.52579e+08	1.42804e+08	1.53381e+08	1.44939e+08	1.96282e+08	1.97351e+08	2.16296e+08	2.31865e+08	1.92043e+08	2.3568e+08	1.54005e+08	1.96477e+08	1.52022e+08	1.80059e+08	1.77722e+08	1.55161e+08	1.54005e+08	1.96477e+08	1.52022e+08	1.80059e+08	1.77722e+08	1.55161e+08	1.31644e+08	1.17699e+08	1.57038e+08	1.14036e+08	1.55378e+08	1.14184e+08	1.73985e+08	2.15275e+08	1.91445e+08	2.15038e+08	2.22441e+08	1.64087e+08
ERR618696	2.72916e+08	2.9246e+08	2.75324e+08	4.23184e+08	2.98549e+08	2.9115e+08	2.13957e+08	2.19408e+08	1.72635e+08	2.36088e+08	2.51496e+08	2.46549e+08	2.23546e+08	2.37501e+08	2.63193e+08	2.19712e+08	2.17929e+08	2.66975e+08	1.5543e+08	1.65233e+08	1.53637e+08	1.56861e+08	1.35652e+08	1.89665e+08	2.48742e+08	3.00497e+08	2.72555e+08	2.72046e+08	2.52567e+08	2.70852e+08	2.20557e+08	2.40201e+08	2.41961e+08	2.32107e+08	2.00633e+08	2.45207e+08	2.07223e+08	1.99926e+08	2.03281e+08	1.94874e+08	2.52289e+08	2.71134e+08	2.70147e+08	2.15396e+08	2.9135e+08	2.12159e+08	2.05194e+08	2.09864e+08	1.36894e+08	1.22636e+08	1.63728e+08	1.18761e+08	1.62024e+08	1.18973e+08	1.99664e+08	1.72493e+08	1.74214e+08	2.02934e+08	1.70762e+08	1.7312e+08	1.99159e+08	1.99442e+08	1.59376e+08	1.49023e+08	1.60036e+08	1.50923e+08	2.05125e+08	2.06218e+08	2.2593e+08	2.42221e+08	2.00523e+08	2.46349e+08	1.60514e+08	2.05098e+08	1.5836e+08	1.87579e+08	1.85399e+08	1.61699e+08	1.60514e+08	2.05098e+08	1.5836e+08	1.87579e+08	1.85399e+08	1.61699e+08	1.36894e+08	1.22636e+08	1.63728e+08	1.18761e+08	1.62024e+08	1.18973e+08	1.82223e+08	2.25438e+08	2.00688e+08	2.25287e+08	2.32921e+08	1.72073e+08
ERR618698	2.82554e+08	3.03152e+08	2.85266e+08	2.98549e+08	4.49844e+08	3.0183e+08	2.21615e+08	2.2721e+08	1.7859e+08	2.44295e+08	2.60428e+08	2.55273e+08	2.31389e+08	2.46124e+08	2.72402e+08	2.27545e+08	2.25505e+08	2.76606e+08	1.61479e+08	1.71592e+08	1.59598e+08	1.63058e+08	1.40832e+08	1.97028e+08	2.57755e+08	3.11665e+08	2.82492e+08	2.82032e+08	2.61815e+08	2.80678e+08	2.28446e+08	2.48811e+08	2.50551e+08	2.4056e+08	2.07804e+08	2.54114e+08	2.14651e+08	2.07084e+08	2.10627e+08	2.01672e+08	2.61239e+08	2.81024e+08	2.79479e+08	2.22747e+08	3.01752e+08	2.19476e+08	2.12381e+08	2.17229e+08	1.4207e+08	1.27314e+08	1.69981e+08	1.23363e+08	1.68326e+08	1.23482e+08	2.07646e+08	1.79278e+08	1.80898e+08	2.11026e+08	1.77311e+08	1.79816e+08	2.06925e+08	2.07228e+08	1.6559e+08	1.54673e+08	1.66237e+08	1.56712e+08	2.13388e+08	2.14332e+08	2.34811e+08	2.52066e+08	2.08354e+08	2.56206e+08	1.6648e+08	2.12808e+08	1.64128e+08	1.9467e+08	1.92419e+08	1.67667e+08	1.6648e+08	2.12808e+08	1.64128e+08	1.9467e+08	1.92419e+08	1.67667e+08	1.4207e+08	1.27314e+08	1.69981e+08	1.23363e+08	1.68326e+08	1.23482e+08	1.89605e+08	2.34381e+08	2.08922e+08	2.34431e+08	2.42222e+08	1.79141e+08
ERR618697	2.75866e+08	2.95691e+08	2.78346e+08	2.9115e+08	3.0183e+08	4.30811e+08	2.16097e+08	2.21581e+08	1.74314e+08	2.38513e+08	2.54083e+08	2.49219e+08	2.25778e+08	2.40137e+08	2.65681e+08	2.22045e+08	2.20066e+08	2.69792e+08	1.56968e+08	1.66884e+08	1.55169e+08	1.58506e+08	1.37111e+08	1.91593e+08	2.51258e+08	3.03784e+08	2.75422e+08	2.74819e+08	2.55251e+08	2.73656e+08	2.23099e+08	2.42655e+08	2.44482e+08	2.34519e+08	2.02842e+08	2.47828e+08	2.09359e+08	2.01887e+08	2.05432e+08	1.96818e+08	2.54671e+08	2.73852e+08	2.72893e+08	2.17548e+08	2.9447e+08	2.14313e+08	2.07293e+08	2.12004e+08	1.38381e+08	1.23876e+08	1.65357e+08	1.20061e+08	1.63687e+08	1.20134e+08	2.01776e+08	1.74419e+08	1.76013e+08	2.05099e+08	1.72479e+08	1.74936e+08	2.01183e+08	2.01463e+08	1.61098e+08	1.50503e+08	1.61781e+08	1.52606e+08	2.0734e+08	2.08201e+08	2.2821e+08	2.44863e+08	2.02608e+08	2.48752e+08	1.62257e+08	2.07004e+08	1.60049e+08	1.89444e+08	1.87248e+08	1.63337e+08	1.62257e+08	2.07004e+08	1.60049e+08	1.89444e+08	1.87248e+08	1.63337e+08	1.38381e+08	1.23876e+08	1.65357e+08	1.20061e+08	1.63687e+08	1.20134e+08	1.84017e+08	2.27644e+08	2.0273e+08	2.27535e+08	2.35215e+08	1.73885e+08
ERR613693	2.03491e+08	2.18522e+08	2.05328e+08	2.13957e+08	2.21615e+08	2.16097e+08	3.29687e+08	2.20852e+08	1.74539e+08	2.37272e+08	2.52407e+08	2.4775e+08	1.94328e+08	2.06079e+08	2.27503e+08	1.91324e+08	1.89532e+08	2.30999e+08	1.34713e+08	1.43245e+08	1.33243e+08	1.36059e+08	1.17728e+08	1.64421e+08	2.21591e+08	2.67435e+08	2.42778e+08	2.42103e+08	2.24999e+08	2.41348e+08	1.90286e+08	2.06787e+08	2.08785e+08	2.00112e+08	1.73363e+08	2.11076e+08	1.78755e+08	1.72536e+08	1.75449e+08	1.6814e+08	2.17491e+08	2.33718e+08	2.40976e+08	1.92905e+08	2.58808e+08	1.89671e+08	1.83702e+08	1.87854e+08	1.19224e+08	1.06988e+08	1.42418e+08	1.03595e+08	1.40981e+08	1.03731e+08	1.7366e+08	1.50259e+08	1.51703e+08	1.76558e+08	1.48675e+08	1.50628e+08	1.73815e+08	1.74024e+08	1.39401e+08	1.30203e+08	1.3984e+08	1.32018e+08	1.78346e+08	1.79295e+08	1.96271e+08	2.10364e+08	1.74462e+08	2.13737e+08	1.41746e+08	1.80538e+08	1.3969e+08	1.65216e+08	1.63247e+08	1.42582e+08	1.41746e+08	1.80538e+08	1.3969e+08	1.65216e+08	1.63247e+08	1.42582e+08	1.19224e+08	1.06988e+08	1.42418e+08	1.03595e+08	1.40981e+08	1.03731e+08	1.61094e+08	1.98596e+08	1.77157e+08	1.98596e+08	2.05369e+08	1.52057e+08
ERR613692	2.0874e+08	2.24032e+08	2.10528e+08	2.19408e+08	2.2721e+08	2.21581e+08	2.20852e+08	3.43279e+08	1.78643e+08	2.43153e+08	2.58715e+08	2.53718e+08	1.98996e+08	2.11098e+08	2.33104e+08	1.95949e+08	1.94158e+08	2.36578e+08	1.38361e+08	1.47019e+08	1.36698e+08	1.39626e+08	1.20817e+08	1.68703e+08	2.27253e+08	2.74062e+08	2.48885e+08	2.48118e+08	2.30699e+08	2.47436e+08	1.94893e+08	2.11839e+08	2.13836e+08	2.0498e+08	1.77506e+08	2.16046e+08	1.83147e+08	1.76642e+08	1.79799e+08	1.72158e+08	2.22879e+08	2.3952e+08	2.47036e+08	1.97717e+08	2.65319e+08	1.94403e+08	1.88229e+08	1.92682e+08	1.22514e+08	1.09837e+08	1.46251e+08	1.06353e+08	1.44721e+08	1.06544e+08	1.78043e+08	1.54071e+08	1.55484e+08	1.81188e+08	1.5243e+08	1.54536e+08	1.78513e+08	1.78519e+08	1.43138e+08	1.33762e+08	1.43552e+08	1.35689e+08	1.83301e+08	1.842e+08	2.0151e+08	2.15925e+08	1.79064e+08	2.19509e+08	1.45418e+08	1.85276e+08	1.43406e+08	1.6962e+08	1.67638e+08	1.46545e+08	1.45418e+08	1.85276e+08	1.43406e+08	1.6962e+08	1.67638e+08	1.46545e+08	1.22514e+08	1.09837e+08	1.46251e+08	1.06353e+08	1.44721e+08	1.06544e+08	1.65272e+08	2.03814e+08	1.81716e+08	2.03657e+08	2.10731e+08	1.56001e+08
ERR613694	1.64487e+08	1.76261e+08	1.6582e+08	1.72635e+08	1.7859e+08	1.74314e+08	1.74539e+08	1.78643e+08	2.33415e+08	1.92499e+08	2.04506e+08	2.00995e+08	1.57152e+08	1.66423e+08	1.83707e+08	1.54854e+08	1.53369e+08	1.8613e+08	1.07622e+08	1.14497e+08	1.06442e+08	1.08734e+08	9.43438e+07	1.31254e+08	1.78693e+08	2.15435e+08	1.95617e+08	1.94989e+08	1.81329e+08	1.9459e+08	1.53627e+08	1.66647e+08	1.6841e+08	1.61279e+08	1.40165e+08	1.69967e+08	1.4422e+08	1.3914e+08	1.41587e+08	1.36354e+08	1.75407e+08	1.88348e+08	1.95635e+08	1.56649e+08	2.09622e+08	1.5403e+08	1.49095e+08	1.52596e+08	9.62236e+07	8.61214e+07	1.14377e+08	8.336e+07	1.13207e+08	8.34944e+07	1.38985e+08	1.20671e+08	1.21861e+08	1.41306e+08	1.19426e+08	1.20799e+08	1.38991e+08	1.39231e+08	1.11557e+08	1.04496e+08	1.12002e+08	1.06428e+08	1.42677e+08	1.43462e+08	1.57184e+08	1.68023e+08	1.39822e+08	1.70794e+08	1.14269e+08	1.44886e+08	1.12613e+08	1.32939e+08	1.31108e+08	1.14948e+08	1.14269e+08	1.44886e+08	1.12613e+08	1.32939e+08	1.31108e+08	1.14948e+08	9.62236e+07	8.61214e+07	1.14377e+08	8.336e+07	1.13207e+08	8.34944e+07	1.28267e+08	1.58344e+08	1.4096e+08	1.58136e+08	1.63668e+08	1.20916e+08
ERR613691	2.25171e+08	2.41366e+08	2.26893e+08	2.36088e+08	2.44295e+08	2.38513e+08	2.37272e+08	2.43153e+08	1.92499e+08	3.9118e+08	2.80431e+08	2.75536e+08	2.14711e+08	2.27459e+08	2.5137e+08	2.11504e+08	2.09449e+08	2.54586e+08	1.48401e+08	1.58064e+08	1.46664e+08	1.49885e+08	1.30301e+08	1.81139e+08	2.4461e+08	2.95288e+08	2.68164e+08	2.6716e+08	2.48369e+08	2.66595e+08	2.10578e+08	2.28323e+08	2.30892e+08	2.20789e+08	1.91998e+08	2.32971e+08	1.97381e+08	1.90395e+08	1.93738e+08	1.86824e+08	2.4073e+08	2.58449e+08	2.67398e+08	2.13879e+08	2.86653e+08	2.10141e+08	2.03318e+08	2.08062e+08	1.32995e+08	1.18841e+08	1.58055e+08	1.15053e+08	1.56325e+08	1.15292e+08	1.9127e+08	1.6632e+08	1.67873e+08	1.94528e+08	1.64544e+08	1.66215e+08	1.91875e+08	1.92041e+08	1.53771e+08	1.44127e+08	1.54503e+08	1.46815e+08	1.96824e+08	1.97793e+08	2.16994e+08	2.31804e+08	1.92989e+08	2.35716e+08	1.57695e+08	2.00031e+08	1.5543e+08	1.83523e+08	1.80804e+08	1.58668e+08	1.57695e+08	2.00031e+08	1.5543e+08	1.83523e+08	1.80804e+08	1.58668e+08	1.32995e+08	1.18841e+08	1.58055e+08	1.15053e+08	1.56325e+08	1.15292e+08	1.76403e+08	2.17854e+08	1.93768e+08	2.17595e+08	2.25081e+08	1.66053e+08
ERR613689	2.39666e+08	2.57188e+08	2.41615e+08	2.51496e+08	2.60428e+08	2.54083e+08	2.52407e+08	2.58715e+08	2.04506e+08	2.80431e+08	4.35031e+08	2.93161e+08	2.28022e+08	2.41902e+08	2.67378e+08	2.24609e+08	2.22557e+08	2.70959e+08	1.58889e+08	1.69131e+08	1.57012e+08	1.60498e+08	1.39282e+08	1.9403e+08	2.60596e+08	3.14945e+08	2.8546e+08	2.84731e+08	2.64635e+08	2.8388e+08	2.23906e+08	2.43066e+08	2.45735e+08	2.34983e+08	2.03999e+08	2.47925e+08	2.09996e+08	2.02627e+08	2.06194e+08	1.98163e+08	2.5616e+08	2.75159e+08	2.84539e+08	2.27352e+08	3.05275e+08	2.23531e+08	2.16184e+08	2.21235e+08	1.41702e+08	1.2673e+08	1.68606e+08	1.22815e+08	1.66921e+08	1.22862e+08	2.04644e+08	1.77472e+08	1.79239e+08	2.08137e+08	1.75548e+08	1.77701e+08	2.05403e+08	2.05498e+08	1.64489e+08	1.5419e+08	1.65159e+08	1.56648e+08	2.10684e+08	2.11736e+08	2.32005e+08	2.48146e+08	2.06229e+08	2.52156e+08	1.68131e+08	2.13774e+08	1.65885e+08	1.95814e+08	1.93177e+08	1.69165e+08	1.68131e+08	2.13774e+08	1.65885e+08	1.95814e+08	1.93177e+08	1.69165e+08	1.41702e+08	1.2673e+08	1.68606e+08	1.22815e+08	1.66921e+08	1.22862e+08	1.89125e+08	2.33513e+08	2.08015e+08	2.3331e+08	2.41284e+08	1.78255e+08
ERR613690	2.35203e+08	2.52206e+08	2.37031e+08	2.46549e+08	2.55273e+08	2.49219e+08	2.4775e+08	2.53718e+08	2.00995e+08	2.75536e+08	2.93161e+08	4.21779e+08	2.23904e+08	2.37229e+08	2.62429e+08	2.206e+08	2.18589e+08	2.65802e+08	1.55584e+08	1.65614e+08	1.5368e+08	1.57012e+08	1.3663e+08	1.89948e+08	2.55748e+08	3.09011e+08	2.80554e+08	2.79507e+08	2.59821e+08	2.78785e+08	2.20052e+08	2.38551e+08	2.41422e+08	2.30871e+08	2.0063e+08	2.43459e+08	2.06341e+08	1.98955e+08	2.02468e+08	1.95294e+08	2.51713e+08	2.70186e+08	2.78964e+08	2.22747e+08	2.99017e+08	2.19019e+08	2.11658e+08	2.16863e+08	1.39503e+08	1.24566e+08	1.65591e+08	1.20699e+08	1.63973e+08	1.20783e+08	2.00322e+08	1.74151e+08	1.75757e+08	2.03814e+08	1.72378e+08	1.74169e+08	2.01446e+08	2.01534e+08	1.61377e+08	1.51304e+08	1.62039e+08	1.54163e+08	2.06222e+08	2.07309e+08	2.27412e+08	2.42728e+08	2.02272e+08	2.46734e+08	1.65502e+08	2.09844e+08	1.63132e+08	1.92601e+08	1.8966e+08	1.66491e+08	1.65502e+08	2.09844e+08	1.63132e+08	1.92601e+08	1.8966e+08	1.66491e+08	1.39503e+08	1.24566e+08	1.65591e+08	1.20699e+08	1.63973e+08	1.20783e+08	1.84699e+08	2.28333e+08	2.03192e+08	2.28062e+08	2.35805e+08	1.7387e+08
ERR607756	2.12799e+08	2.279e+08	2.14419e+08	2.23546e+08	2.31389e+08	2.25778e+08	1.94328e+08	1.98996e+08	1.57152e+08	2.14711e+08	2.28022e+08	2.23904e+08	3.47481e+08	2.49519e+08	2.74211e+08	2.32784e+08	2.30892e+08	2.7824e+08	1.25326e+08	1.33099e+08	1.2386e+08	1.26626e+08	1.09155e+08	1.52914e+08	2.32994e+08	2.79812e+08	2.54734e+08	2.54353e+08	2.36597e+08	2.53345e+08	1.98734e+08	2.16017e+08	2.17793e+08	2.09148e+08	1.81107e+08	2.20264e+08	2.0056e+08	1.93603e+08	1.96875e+08	1.89113e+08	2.42313e+08	2.59848e+08	2.4195e+08	1.94529e+08	2.60148e+08	1.91284e+08	1.85294e+08	1.89324e+08	1.10561e+08	9.92909e+07	1.32663e+08	9.62268e+07	1.31266e+08	9.622e+07	1.67065e+08	1.44479e+08	1.45965e+08	1.69996e+08	1.43126e+08	1.44969e+08	1.60402e+08	1.60544e+08	1.28469e+08	1.19865e+08	1.28898e+08	1.21434e+08	1.64845e+08	1.65544e+08	1.8142e+08	1.94944e+08	1.60931e+08	1.98084e+08	1.29033e+08	1.65091e+08	1.27267e+08	1.50946e+08	1.49163e+08	1.30069e+08	1.29033e+08	1.65091e+08	1.27267e+08	1.50946e+08	1.49163e+08	1.30069e+08	1.10561e+08	9.92909e+07	1.32663e+08	9.62268e+07	1.31266e+08	9.622e+07	1.49074e+08	1.83907e+08	1.64008e+08	1.83869e+08	1.90101e+08	1.4122e+08
ERR607753	2.25978e+08	2.42228e+08	2.27857e+08	2.37501e+08	2.46124e+08	2.40137e+08	2.06079e+08	2.11098e+08	1.66423e+08	2.27459e+08	2.41902e+08	2.37229e+08	2.49519e+08	3.85079e+08	2.91288e+08	2.45737e+08	2.43696e+08	2.95835e+08	1.34607e+08	1.42944e+08	1.3312e+08	1.35963e+08	1.17109e+08	1.64167e+08	2.47039e+08	2.97056e+08	2.7005e+08	2.69813e+08	2.50778e+08	2.68695e+08	2.10579e+08	2.29303e+08	2.30842e+08	2.21902e+08	1.91703e+08	2.3373e+08	2.12508e+08	2.05042e+08	2.08626e+08	1.99765e+08	2.5667e+08	2.75693e+08	2.56361e+08	2.05993e+08	2.76137e+08	2.02672e+08	1.96341e+08	2.00628e+08	1.18253e+08	1.06274e+08	1.41929e+08	1.02914e+08	1.4046e+08	1.02935e+08	1.78929e+08	1.5431e+08	1.55864e+08	1.82057e+08	1.52749e+08	1.54963e+08	1.72297e+08	1.7236e+08	1.37901e+08	1.28562e+08	1.38369e+08	1.29914e+08	1.7722e+08	1.77933e+08	1.94703e+08	2.09348e+08	1.72735e+08	2.12766e+08	1.38103e+08	1.76959e+08	1.36227e+08	1.6165e+08	1.59928e+08	1.39201e+08	1.38103e+08	1.76959e+08	1.36227e+08	1.6165e+08	1.59928e+08	1.39201e+08	1.18253e+08	1.06274e+08	1.41929e+08	1.02914e+08	1.4046e+08	1.02935e+08	1.60598e+08	1.98063e+08	1.76831e+08	1.98091e+08	2.04725e+08	1.52279e+08
ERR607755	2.50116e+08	2.68146e+08	2.52235e+08	2.63193e+08	2.72402e+08	2.65681e+08	2.27503e+08	2.33104e+08	1.83707e+08	2.5137e+08	2.67378e+08	2.62429e+08	2.74211e+08	2.91288e+08	4.56208e+08	2.69831e+08	2.67452e+08	3.25872e+08	1.50772e+08	1.60272e+08	1.48924e+08	1.52233e+08	1.31323e+08	1.83974e+08	2.72616e+08	3.28454e+08	2.98297e+08	2.9805e+08	2.76849e+08	2.9666e+08	2.32913e+08	2.53452e+08	2.55426e+08	2.45277e+08	2.1199e+08	2.58527e+08	2.34233e+08	2.25904e+08	2.29826e+08	2.20365e+08	2.83476e+08	3.04494e+08	2.82973e+08	2.26869e+08	3.04773e+08	2.23123e+08	2.16113e+08	2.2084e+08	1.32873e+08	1.19204e+08	1.59371e+08	1.15555e+08	1.57555e+08	1.15571e+08	1.98806e+08	1.71815e+08	1.7345e+08	2.02232e+08	1.70077e+08	1.72426e+08	1.92955e+08	1.93038e+08	1.54454e+08	1.44116e+08	1.55005e+08	1.45907e+08	1.98391e+08	1.99259e+08	2.18127e+08	2.34415e+08	1.93315e+08	2.38181e+08	1.55107e+08	1.98479e+08	1.53017e+08	1.81504e+08	1.7943e+08	1.5634e+08	1.55107e+08	1.98479e+08	1.53017e+08	1.81504e+08	1.7943e+08	1.5634e+08	1.32873e+08	1.19204e+08	1.59371e+08	1.15555e+08	1.57555e+08	1.15571e+08	1.79223e+08	2.21173e+08	1.97194e+08	2.20999e+08	2.2861e+08	1.69634e+08
ERR607758	2.0925e+08	2.24102e+08	2.10859e+08	2.19712e+08	2.27545e+08	2.22045e+08	1.91324e+08	1.95949e+08	1.54854e+08	2.11504e+08	2.24609e+08	2.206e+08	2.32784e+08	2.45737e+08	2.69831e+08	3.38098e+08	2.27315e+08	2.73705e+08	1.22996e+08	1.30608e+08	1.21516e+08	1.24123e+08	1.07201e+08	1.50038e+08	2.29193e+08	2.75259e+08	2.50451e+08	2.5018e+08	2.32722e+08	2.49097e+08	1.95342e+08	2.12446e+08	2.1425e+08	2.05662e+08	1.78186e+08	2.16569e+08	1.97358e+08	1.90508e+08	1.93669e+08	1.86204e+08	2.38265e+08	2.55647e+08	2.38065e+08	1.91467e+08	2.55884e+08	1.88254e+08	1.82403e+08	1.86296e+08	1.08598e+08	9.75128e+07	1.30296e+08	9.44561e+07	1.28717e+08	9.44457e+07	1.64035e+08	1.42008e+08	1.4339e+08	1.66827e+08	1.40702e+08	1.42317e+08	1.57416e+08	1.57463e+08	1.25972e+08	1.17629e+08	1.26469e+08	1.1911e+08	1.61763e+08	1.62417e+08	1.7787e+08	1.91152e+08	1.57834e+08	1.94249e+08	1.26683e+08	1.61978e+08	1.24948e+08	1.4816e+08	1.46468e+08	1.27547e+08	1.26683e+08	1.61978e+08	1.24948e+08	1.4816e+08	1.46468e+08	1.27547e+08	1.08598e+08	9.75128e+07	1.30296e+08	9.44561e+07	1.28717e+08	9.44457e+07	1.46078e+08	1.80297e+08	1.60742e+08	1.80331e+08	1.86279e+08	1.38244e+08
ERR607757	2.07562e+08	2.22129e+08	2.09015e+08	2.17929e+08	2.25505e+08	2.20066e+08	1.89532e+08	1.94158e+08	1.53369e+08	2.09449e+08	2.22557e+08	2.18589e+08	2.30892e+08	2.43696e+08	2.67452e+08	2.27315e+08	3.33165e+08	2.71337e+08	1.21879e+08	1.29477e+08	1.20358e+08	1.22931e+08	1.06197e+08	1.48594e+08	2.27257e+08	2.72888e+08	2.48373e+08	2.48156e+08	2.30823e+08	2.47155e+08	1.93795e+08	2.10688e+08	2.125e+08	2.0389e+08	1.76773e+08	2.14755e+08	1.95838e+08	1.88968e+08	1.9207e+08	1.84578e+08	2.36223e+08	2.5344e+08	2.3599e+08	1.89898e+08	2.53748e+08	1.86696e+08	1.80856e+08	1.84847e+08	1.07475e+08	9.65313e+07	1.28912e+08	9.34709e+07	1.27393e+08	9.35643e+07	1.62711e+08	1.40777e+08	1.42221e+08	1.65417e+08	1.39364e+08	1.41154e+08	1.55737e+08	1.55881e+08	1.24757e+08	1.16461e+08	1.25217e+08	1.17882e+08	1.60255e+08	1.60884e+08	1.76201e+08	1.8933e+08	1.5633e+08	1.92258e+08	1.25379e+08	1.60326e+08	1.23708e+08	1.46707e+08	1.44993e+08	1.26335e+08	1.25379e+08	1.60326e+08	1.23708e+08	1.46707e+08	1.44993e+08	1.26335e+08	1.07475e+08	9.65313e+07	1.28912e+08	9.34709e+07	1.27393e+08	9.35643e+07	1.44686e+08	1.78646e+08	1.59253e+08	1.78676e+08	1.84665e+08	1.37031e+08
ERR607754	2.53713e+08	2.72067e+08	2.55852e+08	2.66975e+08	2.76606e+08	2.69792e+08	2.30999e+08	2.36578e+08	1.8613e+08	2.54586e+08	2.70959e+08	2.65802e+08	2.7824e+08	2.95835e+08	3.25872e+08	2.73705e+08	2.71337e+08	4.69288e+08	1.53935e+08	1.63289e+08	1.52043e+08	1.55369e+08	1.33481e+08	1.87551e+08	2.76901e+08	3.3388e+08	3.03046e+08	3.02932e+08	2.81286e+08	3.01379e+08	2.35958e+08	2.57295e+08	2.59075e+08	2.49015e+08	2.14742e+08	2.62306e+08	2.37741e+08	2.29287e+08	2.33202e+08	2.22818e+08	2.87436e+08	3.09197e+08	2.86508e+08	2.29832e+08	3.09175e+08	2.2609e+08	2.19127e+08	2.23816e+08	1.3435e+08	1.20949e+08	1.61813e+08	1.17302e+08	1.5995e+08	1.17163e+08	2.02701e+08	1.74438e+08	1.7624e+08	2.06107e+08	1.72653e+08	1.75509e+08	1.96488e+08	1.96752e+08	1.5731e+08	1.46512e+08	1.57793e+08	1.47701e+08	2.02401e+08	2.03298e+08	2.22237e+08	2.39212e+08	1.96977e+08	2.432e+08	1.57188e+08	2.01629e+08	1.54949e+08	1.84079e+08	1.8234e+08	1.58313e+08	1.57188e+08	2.01629e+08	1.54949e+08	1.84079e+08	1.8234e+08	1.58313e+08	1.3435e+08	1.20949e+08	1.61813e+08	1.17302e+08	1.5995e+08	1.17163e+08	1.83556e+08	2.26248e+08	2.02212e+08	2.26486e+08	2.34036e+08	1.74137e+08
ERR626533	1.46981e+08	1.58832e+08	1.48618e+08	1.5543e+08	1.61479e+08	1.56968e+08	1.34713e+08	1.38361e+08	1.07622e+08	1.48401e+08	1.58889e+08	1.55584e+08	1.25326e+08	1.34607e+08	1.50772e+08	1.22996e+08	1.21879e+08	1.53935e+08	3.26919e+08	2.24819e+08	2.10777e+08	2.15192e+08	1.84881e+08	2.56603e+08	1.68611e+08	2.06087e+08	1.85392e+08	1.85217e+08	1.71339e+08	1.84116e+08	1.31842e+08	1.44454e+08	1.45466e+08	1.39374e+08	1.19544e+08	1.47554e+08	1.21762e+08	1.17323e+08	1.19651e+08	1.13039e+08	1.50295e+08	1.62752e+08	1.54946e+08	1.22086e+08	1.68986e+08	1.2046e+08	1.16551e+08	1.19453e+08	1.65248e+08	1.50327e+08	1.98044e+08	1.45793e+08	1.96338e+08	1.45984e+08	1.95842e+08	1.68361e+08	1.69685e+08	1.98819e+08	1.66438e+08	1.694e+08	2.30151e+08	2.30573e+08	1.85976e+08	1.73429e+08	1.86568e+08	1.74643e+08	2.40742e+08	2.41682e+08	2.63096e+08	2.82297e+08	2.3451e+08	2.8699e+08	1.93542e+08	2.44639e+08	1.90913e+08	2.24522e+08	2.2306e+08	1.94754e+08	1.93542e+08	2.44639e+08	1.90913e+08	2.24522e+08	2.2306e+08	1.94754e+08	1.65248e+08	1.50327e+08	1.98044e+08	1.45793e+08	1.96338e+08	1.45984e+08	2.12771e+08	2.60617e+08	2.33972e+08	2.61011e+08	2.69494e+08	2.02551e+08
ERR626529	1.56519e+08	1.68999e+08	1.58084e+08	1.65233e+08	1.71592e+08	1.66884e+08	1.43245e+08	1.47019e+08	1.14497e+08	1.58064e+08	1.69131e+08	1.65614e+08	1.33099e+08	1.42944e+08	1.60272e+08	1.30608e+08	1.29477e+08	1.63289e+08	2.24819e+08	3.59232e+08	2.21953e+08	2.26551e+08	1.96563e+08	2.72522e+08	1.78843e+08	2.18547e+08	1.96749e+08	1.9649e+08	1.81828e+08	1.9537e+08	1.40339e+08	1.53497e+08	1.5481e+08	1.48306e+08	1.27178e+08	1.56882e+08	1.29453e+08	1.24765e+08	1.27193e+08	1.20572e+08	1.59813e+08	1.72962e+08	1.64975e+08	1.29857e+08	1.79552e+08	1.27963e+08	1.2388e+08	1.26986e+08	1.76054e+08	1.59748e+08	2.1039e+08	1.54903e+08	2.08633e+08	1.55104e+08	2.07545e+08	1.78715e+08	1.8014e+08	2.10581e+08	1.76616e+08	1.79607e+08	2.44167e+08	2.44783e+08	1.97473e+08	1.84232e+08	1.9803e+08	1.85949e+08	2.54605e+08	2.55737e+08	2.7855e+08	2.98731e+08	2.4829e+08	3.03325e+08	2.0619e+08	2.60267e+08	2.03345e+08	2.39062e+08	2.37026e+08	2.07373e+08	2.0619e+08	2.60267e+08	2.03345e+08	2.39062e+08	2.37026e+08	2.07373e+08	1.76054e+08	1.59748e+08	2.1039e+08	1.54903e+08	2.08633e+08	1.55104e+08	2.24678e+08	2.75514e+08	2.47002e+08	2.75954e+08	2.84898e+08	2.13413e+08
ERR626531	1.45339e+08	1.57038e+08	1.46815e+08	1.53637e+08	1.59598e+08	1.55169e+08	1.33243e+08	1.36698e+08	1.06442e+08	1.46664e+08	1.57012e+08	1.5368e+08	1.2386e+08	1.3312e+08	1.48924e+08	1.21516e+08	1.20358e+08	1.52043e+08	2.10777e+08	2.21953e+08	3.20044e+08	2.12381e+08	1.82523e+08	2.53332e+08	1.66736e+08	2.03616e+08	1.83208e+08	1.83094e+08	1.69417e+08	1.81887e+08	1.30373e+08	1.42774e+08	1.43789e+08	1.37962e+08	1.18068e+08	1.45932e+08	1.20266e+08	1.15882e+08	1.18182e+08	1.11697e+08	1.48518e+08	1.60872e+08	1.53153e+08	1.2066e+08	1.67044e+08	1.18899e+08	1.15228e+08	1.18148e+08	1.63108e+08	1.48393e+08	1.95628e+08	1.43814e+08	1.93813e+08	1.44045e+08	1.93682e+08	1.66474e+08	1.67822e+08	1.96545e+08	1.64529e+08	1.67402e+08	2.27232e+08	2.27852e+08	1.83775e+08	1.71413e+08	1.8443e+08	1.72524e+08	2.37714e+08	2.38721e+08	2.59914e+08	2.78993e+08	2.31633e+08	2.834e+08	1.9112e+08	2.4168e+08	1.88572e+08	2.21608e+08	2.20227e+08	1.92342e+08	1.9112e+08	2.4168e+08	1.88572e+08	2.21608e+08	2.20227e+08	1.92342e+08	1.63108e+08	1.48393e+08	1.95628e+08	1.43814e+08	1.93813e+08	1.44045e+08	2.10286e+08	2.57308e+08	2.30929e+08	2.58015e+08	2.66273e+08	1.99954e+08
ERR626532	1.4849e+08	1.60455e+08	1.50076e+08	1.56861e+08	1.63058e+08	1.58506e+08	1.36059e+08	1.39626e+08	1.08734e+08	1.49885e+08	1.60498e+08	1.57012e+08	1.26626e+08	1.35963e+08	1.52233e+08	1.24123e+08	1.22931e+08	1.55369e+08	2.15192e+08	2.26551e+08	2.12381e+08	3.31484e+08	1.86435e+08	2.58754e+08	1.70164e+08	2.07958e+08	1.87192e+08	1.86964e+08	1.73021e+08	1.85856e+08	1.33243e+08	1.45833e+08	1.46963e+08	1.40872e+08	1.20622e+08	1.49054e+08	1.22905e+08	1.18413e+08	1.20722e+08	1.1415e+08	1.51752e+08	1.64263e+08	1.56499e+08	1.23194e+08	1.70595e+08	1.2155e+08	1.17604e+08	1.20676e+08	1.66661e+08	1.51559e+08	1.99595e+08	1.46972e+08	1.97986e+08	1.47117e+08	1.97567e+08	1.69928e+08	1.71089e+08	2.00654e+08	1.67933e+08	1.70879e+08	2.32183e+08	2.32659e+08	1.87775e+08	1.75013e+08	1.88396e+08	1.76214e+08	2.42753e+08	2.43838e+08	2.65418e+08	2.84675e+08	2.36367e+08	2.89295e+08	1.95322e+08	2.46842e+08	1.92567e+08	2.26505e+08	2.24991e+08	1.96518e+08	1.95322e+08	2.46842e+08	1.92567e+08	2.26505e+08	2.24991e+08	1.96518e+08	1.66661e+08	1.51559e+08	1.99595e+08	1.46972e+08	1.97986e+08	1.47117e+08	2.14749e+08	2.63025e+08	2.36233e+08	2.63621e+08	2.72112e+08	2.04307e+08
ERR626530	1.28786e+08	1.38848e+08	1.30068e+08	1.35652e+08	1.40832e+08	1.37111e+08	1.17728e+08	1.20817e+08	9.43438e+07	1.30301e+08	1.39282e+08	1.3663e+08	1.09155e+08	1.17109e+08	1.31323e+08	1.07201e+08	1.06197e+08	1.33481e+08	1.84881e+08	1.96563e+08	1.82523e+08	1.86435e+08	2.6158e+08	2.2414e+08	1.47038e+08	1.79495e+08	1.61888e+08	1.61441e+08	1.49396e+08	1.60586e+08	1.15517e+08	1.25907e+08	1.27259e+08	1.2162e+08	1.04792e+08	1.28751e+08	1.06224e+08	1.02348e+08	1.04368e+08	9.95051e+07	1.31425e+08	1.4191e+08	1.35816e+08	1.06839e+08	1.47346e+08	1.05214e+08	1.01819e+08	1.04432e+08	1.46318e+08	1.32484e+08	1.73833e+08	1.28406e+08	1.7262e+08	1.28744e+08	1.70218e+08	1.4732e+08	1.48482e+08	1.72727e+08	1.45626e+08	1.47638e+08	2.00493e+08	2.00908e+08	1.62191e+08	1.51867e+08	1.62862e+08	1.53947e+08	2.0936e+08	2.10235e+08	2.29326e+08	2.45124e+08	2.04804e+08	2.49019e+08	1.71053e+08	2.1501e+08	1.68866e+08	1.97878e+08	1.95868e+08	1.72091e+08	1.71053e+08	2.1501e+08	1.68866e+08	1.97878e+08	1.95868e+08	1.72091e+08	1.46318e+08	1.32484e+08	1.73833e+08	1.28406e+08	1.7262e+08	1.28744e+08	1.84114e+08	2.25869e+08	2.02189e+08	2.26068e+08	2.33378e+08	1.74487e+08
ERR626528	1.79563e+08	1.93903e+08	1.8148e+08	1.89665e+08	1.97028e+08	1.91593e+08	1.64421e+08	1.68703e+08	1.31254e+08	1.81139e+08	1.9403e+08	1.89948e+08	1.52914e+08	1.64167e+08	1.83974e+08	1.50038e+08	1.48594e+08	1.87551e+08	2.56603e+08	2.72522e+08	2.53332e+08	2.58754e+08	2.2414e+08	4.50478e+08	2.04775e+08	2.50351e+08	2.25316e+08	2.25102e+08	2.08121e+08	2.23661e+08	1.61103e+08	1.7626e+08	1.77647e+08	1.70176e+08	1.45896e+08	1.80211e+08	1.48583e+08	1.43074e+08	1.45901e+08	1.38064e+08	1.83357e+08	1.98486e+08	1.89371e+08	1.49063e+08	2.06313e+08	1.47024e+08	1.42318e+08	1.45919e+08	2.00682e+08	1.82165e+08	2.40264e+08	1.76525e+08	2.38157e+08	1.7686e+08	2.37325e+08	2.04177e+08	2.05773e+08	2.40972e+08	2.01788e+08	2.05359e+08	2.7895e+08	2.79649e+08	2.25376e+08	2.1015e+08	2.26117e+08	2.11833e+08	2.9126e+08	2.92325e+08	3.18587e+08	3.41843e+08	2.83837e+08	3.47393e+08	2.35079e+08	2.97272e+08	2.32017e+08	2.72717e+08	2.70652e+08	2.36454e+08	2.35079e+08	2.97272e+08	2.32017e+08	2.72717e+08	2.70652e+08	2.36454e+08	2.00682e+08	1.82165e+08	2.40264e+08	1.76525e+08	2.38157e+08	1.7686e+08	2.57103e+08	3.15193e+08	2.82686e+08	3.15782e+08	3.26298e+08	2.44387e+08
ERR621996	2.36735e+08	2.5374e+08	2.38617e+08	2.48742e+08	2.57755e+08	2.51258e+08	2.21591e+08	2.27253e+08	1.78693e+08	2.4461e+08	2.60596e+08	2.55748e+08	2.32994e+08	2.47039e+08	2.72616e+08	2.29193e+08	2.27257e+08	2.76901e+08	1.68611e+08	1.78843e+08	1.66736e+08	1.70164e+08	1.47038e+08	2.04775e+08	4.35526e+08	3.59782e+08	3.26574e+08	3.27302e+08	3.04326e+08	3.24902e+08	2.24828e+08	2.44922e+08	2.46781e+08	2.36724e+08	2.04796e+08	2.49869e+08	2.19737e+08	2.11857e+08	2.15528e+08	2.06125e+08	2.66409e+08	2.86406e+08	2.73354e+08	2.18535e+08	2.94812e+08	2.15426e+08	2.0826e+08	2.12933e+08	1.45484e+08	1.31221e+08	1.74911e+08	1.27154e+08	1.73078e+08	1.27211e+08	2.10981e+08	1.81971e+08	1.83739e+08	2.14426e+08	1.80229e+08	1.8289e+08	2.11648e+08	2.11953e+08	1.70053e+08	1.5869e+08	1.7059e+08	1.60351e+08	2.22738e+08	2.23577e+08	2.44374e+08	2.62281e+08	2.17013e+08	2.66403e+08	1.73371e+08	2.21224e+08	1.71093e+08	2.02352e+08	2.00414e+08	1.74724e+08	1.73371e+08	2.21224e+08	1.71093e+08	2.02352e+08	2.00414e+08	1.74724e+08	1.45484e+08	1.31221e+08	1.74911e+08	1.27154e+08	1.73078e+08	1.27211e+08	1.98691e+08	2.44534e+08	2.18538e+08	2.44533e+08	2.52886e+08	1.88276e+08
ERR621991	2.85912e+08	3.0697e+08	2.8832e+08	3.00497e+08	3.11665e+08	3.03784e+08	2.67435e+08	2.74062e+08	2.15435e+08	2.95288e+08	3.14945e+08	3.09011e+08	2.79812e+08	2.97056e+08	3.28454e+08	2.75259e+08	2.72888e+08	3.3388e+08	2.06087e+08	2.18547e+08	2.03616e+08	2.07958e+08	1.79495e+08	2.50351e+08	3.59782e+08	6.05634e+08	3.94936e+08	3.93683e+08	3.65624e+08	3.92858e+08	2.71121e+08	2.95684e+08	2.9807e+08	2.85662e+08	2.47005e+08	3.01604e+08	2.64797e+08	2.55264e+08	2.59738e+08	2.48126e+08	3.21722e+08	3.46318e+08	3.29625e+08	2.63063e+08	3.55827e+08	2.59409e+08	2.50744e+08	2.56353e+08	1.77596e+08	1.60221e+08	2.13569e+08	1.55275e+08	2.1133e+08	1.55263e+08	2.57007e+08	2.21436e+08	2.23631e+08	2.61175e+08	2.1912e+08	2.22659e+08	2.58636e+08	2.5894e+08	2.07654e+08	1.93622e+08	2.08271e+08	1.95627e+08	2.72221e+08	2.7346e+08	2.98794e+08	3.20756e+08	2.65441e+08	3.25835e+08	2.11768e+08	2.70637e+08	2.09001e+08	2.47282e+08	2.44853e+08	2.13431e+08	2.11768e+08	2.70637e+08	2.09001e+08	2.47282e+08	2.44853e+08	2.13431e+08	1.77596e+08	1.60221e+08	2.13569e+08	1.55275e+08	2.1133e+08	1.55263e+08	2.42705e+08	2.9858e+08	2.66955e+08	2.9871e+08	3.08848e+08	2.29901e+08
ERR621992	2.59543e+08	2.78391e+08	2.61648e+08	2.72555e+08	2.82492e+08	2.75422e+08	2.42778e+08	2.48885e+08	1.95617e+08	2.68164e+08	2.8546e+08	2.80554e+08	2.54734e+08	2.7005e+08	2.98297e+08	2.50451e+08	2.48373e+08	3.03046e+08	1.85392e+08	1.96749e+08	1.83208e+08	1.87192e+08	1.61888e+08	2.25316e+08	3.26574e+08	3.94936e+08	5.09339e+08	3.56803e+08	3.31686e+08	3.56499e+08	2.46311e+08	2.68284e+08	2.70524e+08	2.5918e+08	2.24421e+08	2.73522e+08	2.4046e+08	2.31899e+08	2.35833e+08	2.2586e+08	2.91832e+08	3.13897e+08	2.99573e+08	2.39189e+08	3.22903e+08	2.35724e+08	2.27799e+08	2.33078e+08	1.60459e+08	1.44525e+08	1.9259e+08	1.40087e+08	1.90455e+08	1.40101e+08	2.31645e+08	2.00024e+08	2.01989e+08	2.35421e+08	1.98088e+08	2.00903e+08	2.32939e+08	2.33077e+08	1.87053e+08	1.74699e+08	1.87657e+08	1.76661e+08	2.44956e+08	2.461e+08	2.69062e+08	2.88557e+08	2.39193e+08	2.93211e+08	1.91169e+08	2.43867e+08	1.88643e+08	2.22962e+08	2.2081e+08	1.92737e+08	1.91169e+08	2.43867e+08	1.88643e+08	2.22962e+08	2.2081e+08	1.92737e+08	1.60459e+08	1.44525e+08	1.9259e+08	1.40087e+08	1.90455e+08	1.40101e+08	2.18363e+08	2.68601e+08	2.40072e+08	2.68708e+08	2.77793e+08	2.06585e+08
ERR621994	2.5864e+08	2.77684e+08	2.60924e+08	2.72046e+08	2.82032e+08	2.74819e+08	2.42103e+08	2.48118e+08	1.94989e+08	2.6716e+08	2.84731e+08	2.79507e+08	2.54353e+08	2.69813e+08	2.9805e+08	2.5018e+08	2.48156e+08	3.02932e+08	1.85217e+08	1.9649e+08	1.83094e+08	1.86964e+08	1.61441e+08	2.25102e+08	3.27302e+08	3.93683e+08	3.56803e+08	5.0735e+08	3.32305e+08	3.55281e+08	2.45567e+08	2.67718e+08	2.69686e+08	2.58766e+08	2.23565e+08	2.73172e+08	2.4009e+08	2.31473e+08	2.3568e+08	2.25094e+08	2.91373e+08	3.1345e+08	2.98586e+08	2.38556e+08	3.222e+08	2.35098e+08	2.27276e+08	2.32417e+08	1.59376e+08	1.43909e+08	1.91891e+08	1.39468e+08	1.89846e+08	1.39398e+08	2.31512e+08	1.99736e+08	2.01558e+08	2.35522e+08	1.97781e+08	2.00729e+08	2.32497e+08	2.32622e+08	1.8671e+08	1.74022e+08	1.87293e+08	1.75786e+08	2.44717e+08	2.45826e+08	2.68381e+08	2.88322e+08	2.38428e+08	2.93043e+08	1.90084e+08	2.42834e+08	1.87589e+08	2.22034e+08	2.19913e+08	1.91548e+08	1.90084e+08	2.42834e+08	1.87589e+08	2.22034e+08	2.19913e+08	1.91548e+08	1.59376e+08	1.43909e+08	1.91891e+08	1.39468e+08	1.89846e+08	1.39398e+08	2.18588e+08	2.68669e+08	2.40152e+08	2.68779e+08	2.7784e+08	2.07169e+08
ERR621995	2.40415e+08	2.57758e+08	2.42347e+08	2.52567e+08	2.61815e+08	2.55251e+08	2.24999e+08	2.30699e+08	1.81329e+08	2.48369e+08	2.64635e+08	2.59821e+08	2.36597e+08	2.50778e+08	2.76849e+08	2.32722e+08	2.30823e+08	2.81286e+08	1.71339e+08	1.81828e+08	1.69417e+08	1.73021e+08	1.49396e+08	2.08121e+08	3.04326e+08	3.65624e+08	3.31686e+08	3.32305e+08	4.47266e+08	3.3015e+08	2.2805e+08	2.48577e+08	2.50491e+08	2.40196e+08	2.07709e+08	2.53467e+08	2.229e+08	2.15144e+08	2.18745e+08	2.09212e+08	2.70368e+08	2.90881e+08	2.77585e+08	2.22038e+08	2.99242e+08	2.1878e+08	2.1147e+08	2.16322e+08	1.47857e+08	1.33265e+08	1.77726e+08	1.29202e+08	1.75845e+08	1.29192e+08	2.1437e+08	1.85081e+08	1.86859e+08	2.17932e+08	1.83134e+08	1.8585e+08	2.15069e+08	2.15326e+08	1.72718e+08	1.61154e+08	1.73325e+08	1.62824e+08	2.26298e+08	2.27203e+08	2.48384e+08	2.66484e+08	2.20561e+08	2.70792e+08	1.76299e+08	2.25006e+08	1.73915e+08	2.05724e+08	2.03683e+08	1.77629e+08	1.76299e+08	2.25006e+08	1.73915e+08	2.05724e+08	2.03683e+08	1.77629e+08	1.47857e+08	1.33265e+08	1.77726e+08	1.29202e+08	1.75845e+08	1.29192e+08	2.01973e+08	2.48445e+08	2.22165e+08	2.48319e+08	2.56916e+08	1.9132e+08
ERR621993	2.57809e+08	2.76473e+08	2.60023e+08	2.70852e+08	2.80678e+08	2.73656e+08	2.41348e+08	2.47436e+08	1.9459e+08	2.66595e+08	2.8388e+08	2.78785e+08	2.53345e+08	2.68695e+08	2.9666e+08	2.49097e+08	2.47155e+08	3.01379e+08	1.84116e+08	1.9537e+08	1.81887e+08	1.85856e+08	1.60586e+08	2.23661e+08	3.24902e+08	3.92858e+08	3.56499e+08	3.55281e+08	3.3015e+08	5.0424e+08	2.44871e+08	2.66847e+08	2.68862e+08	2.57994e+08	2.23122e+08	2.72308e+08	2.3902e+08	2.30496e+08	2.34491e+08	2.24504e+08	2.90215e+08	3.12255e+08	2.97771e+08	2.37884e+08	3.21107e+08	2.34456e+08	2.2661e+08	2.31774e+08	1.59182e+08	1.43606e+08	1.91282e+08	1.39137e+08	1.89113e+08	1.39135e+08	2.3043e+08	1.98998e+08	2.00778e+08	2.34239e+08	1.96948e+08	1.99871e+08	2.31321e+08	2.31601e+08	1.85885e+08	1.73423e+08	1.86439e+08	1.75398e+08	2.43426e+08	2.44368e+08	2.67222e+08	2.86716e+08	2.37379e+08	2.91251e+08	1.89601e+08	2.41842e+08	1.8704e+08	2.21216e+08	2.18939e+08	1.91127e+08	1.89601e+08	2.41842e+08	1.8704e+08	2.21216e+08	2.18939e+08	1.91127e+08	1.59182e+08	1.43606e+08	1.91282e+08	1.39137e+08	1.89113e+08	1.39135e+08	2.17076e+08	2.6716e+08	2.38727e+08	2.67175e+08	2.76188e+08	2.05489e+08
ERR618509	2.10382e+08	2.25315e+08	2.12001e+08	2.20557e+08	2.28446e+08	2.23099e+08	1.90286e+08	1.94893e+08	1.53627e+08	2.10578e+08	2.23906e+08	2.20052e+08	1.98734e+08	2.10579e+08	2.32913e+08	1.95342e+08	1.93795e+08	2.35958e+08	1.31842e+08	1.40339e+08	1.30373e+08	1.33243e+08	1.15517e+08	1.61103e+08	2.24828e+08	2.71121e+08	2.46311e+08	2.45567e+08	2.2805e+08	2.44871e+08	3.46807e+08	2.47021e+08	2.50048e+08	2.39021e+08	2.08214e+08	2.51849e+08	1.9833e+08	1.91271e+08	1.94443e+08	1.87373e+08	2.40715e+08	2.58072e+08	2.36663e+08	1.88861e+08	2.54551e+08	1.85765e+08	1.7962e+08	1.83791e+08	1.16917e+08	1.04499e+08	1.39302e+08	1.01177e+08	1.37984e+08	1.0138e+08	1.72337e+08	1.49608e+08	1.50972e+08	1.753e+08	1.47986e+08	1.49736e+08	1.68166e+08	1.68321e+08	1.34482e+08	1.26022e+08	1.3518e+08	1.28022e+08	1.72958e+08	1.73786e+08	1.90795e+08	2.04213e+08	1.6929e+08	2.07547e+08	1.36693e+08	1.74147e+08	1.34911e+08	1.59598e+08	1.57493e+08	1.37665e+08	1.36693e+08	1.74147e+08	1.34911e+08	1.59598e+08	1.57493e+08	1.37665e+08	1.16917e+08	1.04499e+08	1.39302e+08	1.01177e+08	1.37984e+08	1.0138e+08	1.54425e+08	1.91112e+08	1.69933e+08	1.90901e+08	1.97391e+08	1.45708e+08
ERR618511	2.28369e+08	2.44887e+08	2.30279e+08	2.40201e+08	2.48811e+08	2.42655e+08	2.06787e+08	2.11839e+08	1.66647e+08	2.28323e+08	2.43066e+08	2.38551e+08	2.16017e+08	2.29303e+08	2.53452e+08	2.12446e+08	2.10688e+08	2.57295e+08	1.44454e+08	1.53497e+08	1.42774e+08	1.45833e+08	1.25907e+08	1.7626e+08	2.44922e+08	2.95684e+08	2.68284e+08	2.67718e+08	2.48577e+08	2.66847e+08	2.47021e+08	3.99389e+08	2.70872e+08	2.61436e+08	2.24862e+08	2.75404e+08	2.15593e+08	2.07912e+08	2.1139e+08	2.02769e+08	2.61495e+08	2.80814e+08	2.56997e+08	2.05112e+08	2.7697e+08	2.02148e+08	1.95311e+08	1.99938e+08	1.26853e+08	1.13723e+08	1.51729e+08	1.10072e+08	1.5021e+08	1.10173e+08	1.8837e+08	1.62772e+08	1.64318e+08	1.91548e+08	1.61214e+08	1.6337e+08	1.8377e+08	1.83997e+08	1.47193e+08	1.37451e+08	1.47757e+08	1.39153e+08	1.89431e+08	1.90273e+08	2.08209e+08	2.23748e+08	1.84871e+08	2.27256e+08	1.48461e+08	1.89832e+08	1.46463e+08	1.73631e+08	1.71687e+08	1.49549e+08	1.48461e+08	1.89832e+08	1.46463e+08	1.73631e+08	1.71687e+08	1.49549e+08	1.26853e+08	1.13723e+08	1.51729e+08	1.10072e+08	1.5021e+08	1.10173e+08	1.6984e+08	2.09864e+08	1.86883e+08	2.09846e+08	2.16869e+08	1.60655e+08
ERR618507	2.308e+08	2.47218e+08	2.32424e+08	2.41961e+08	2.50551e+08	2.44482e+08	2.08785e+08	2.13836e+08	1.6841e+08	2.30892e+08	2.45735e+08	2.41422e+08	2.17793e+08	2.30842e+08	2.55426e+08	2.1425e+08	2.125e+08	2.59075e+08	1.45466e+08	1.5481e+08	1.43789e+08	1.46963e+08	1.27259e+08	1.77647e+08	2.46781e+08	2.9807e+08	2.70524e+08	2.69686e+08	2.50491e+08	2.68862e+08	2.50048e+08	2.70872e+08	4.06201e+08	2.62077e+08	2.28081e+08	2.7633e+08	2.17076e+08	2.09479e+08	2.12928e+08	2.04953e+08	2.63657e+08	2.82926e+08	2.59463e+08	2.06982e+08	2.79149e+08	2.0362e+08	1.9672e+08	2.01282e+08	1.2866e+08	1.1505e+08	1.53527e+08	1.11501e+08	1.52005e+08	1.11662e+08	1.89976e+08	1.64571e+08	1.66114e+08	1.93239e+08	1.62937e+08	1.64906e+08	1.85467e+08	1.85579e+08	1.48317e+08	1.38828e+08	1.49012e+08	1.40895e+08	1.90775e+08	1.91594e+08	2.10239e+08	2.25415e+08	1.86629e+08	2.2875e+08	1.50544e+08	1.92021e+08	1.48648e+08	1.76052e+08	1.73658e+08	1.51662e+08	1.50544e+08	1.92021e+08	1.48648e+08	1.76052e+08	1.73658e+08	1.51662e+08	1.2866e+08	1.1505e+08	1.53527e+08	1.11501e+08	1.52005e+08	1.11662e+08	1.70296e+08	2.10438e+08	1.8725e+08	2.10369e+08	2.175e+08	1.60601e+08
