	ERR637065	ERR637067	ERR637068	ERR637066	ERR637063	ERR637064	ERR614003	ERR614005	ERR614004	ERR614006	ERR614007	ERR614002	ERR629858	ERR629860	ERR629856	ERR629861	ERR629859	ERR629857	ERR636802	ERR636800	ERR636804	ERR636803	ERR636801	ERR636799	ERR608275	ERR608278	ERR608276	ERR608280	ERR608279	ERR608277	ERR608947	ERR608948	ERR608946	ERR608943	ERR608944	ERR608945	ERR636863	ERR636864	ERR636860	ERR636862	ERR636861	ERR636859	ERR621924	ERR621920	ERR621922	ERR621923	ERR621919	ERR621921	ERR616815	ERR616811	ERR616812	ERR616813	ERR616814	ERR616816	ERR609235	ERR609240	ERR609238	ERR609237	ERR609239	ERR609236	ERR613341	ERR613345	ERR613346	ERR613343	ERR613342	ERR613344	ERR608496	ERR608497	ERR608498	ERR608499	ERR608495	ERR608500	ERR626749	ERR626748	ERR626752	ERR626751	ERR626747	ERR626750	ERR616815	ERR616811	ERR616812	ERR616813	ERR616814	ERR616816	ERR616722	ERR616721	ERR616720	ERR616719	ERR616723	ERR616718	ERR612283	ERR612284	ERR612281	ERR612282	ERR612286	ERR612285
ERR637065	0	0.232526	0.232468	0.23231	0.234886	0.231796	0.308987	0.303219	0.306804	0.302662	0.302091	0.317512	0.314217	0.311359	0.31632	0.309331	0.313502	0.31598	0.33498	0.322574	0.335007	0.331787	0.318917	0.314621	0.4296	0.41337	0.411819	0.412093	0.409546	0.408066	0.315339	0.315614	0.315916	0.302081	0.318389	0.314997	0.310029	0.308931	0.342841	0.310428	0.333234	0.319339	0.397922	0.388267	0.392066	0.396884	0.389999	0.39021	0.40346	0.397224	0.396009	0.395809	0.402284	0.402729	0.441799	0.436834	0.4658	0.43497	0.436578	0.438766	0.421096	0.423743	0.440327	0.416223	0.415711	0.426039	0.466589	0.472979	0.470828	0.469249	0.473815	0.467277	0.524784	0.52044	0.530687	0.527344	0.523135	0.52735	0.40346	0.397224	0.396009	0.395809	0.402284	0.402729	0.482613	0.483885	0.49652	0.487193	0.482931	0.488693	0.704908	0.614362	0.7073	0.704294	0.61412	0.61217
ERR637067	0.232526	0	0.230222	0.230134	0.234402	0.23218	0.305882	0.302198	0.304794	0.301817	0.301489	0.313607	0.31278	0.309743	0.314992	0.308175	0.31149	0.313564	0.329499	0.323511	0.329503	0.326926	0.320463	0.315117	0.427525	0.411671	0.409749	0.41049	0.408332	0.406919	0.309822	0.310399	0.310734	0.302661	0.319329	0.316714	0.309291	0.308392	0.344495	0.310214	0.335648	0.319323	0.394742	0.386372	0.389812	0.393963	0.388442	0.388244	0.402441	0.395851	0.39461	0.395223	0.40145	0.401556	0.442069	0.4376	0.464027	0.435804	0.437438	0.439128	0.423111	0.423095	0.439021	0.417597	0.416194	0.424929	0.466479	0.47298	0.471542	0.4696	0.473198	0.46752	0.525808	0.521643	0.531061	0.527947	0.524229	0.527888	0.402441	0.395851	0.39461	0.395223	0.40145	0.401556	0.483118	0.484351	0.495412	0.486838	0.483536	0.488249	0.698386	0.610229	0.701207	0.697662	0.61029	0.607963
ERR637068	0.232468	0.230222	0	0.230051	0.235454	0.231767	0.306132	0.302676	0.305557	0.302344	0.301728	0.314838	0.310295	0.308718	0.312212	0.30698	0.310387	0.311809	0.330269	0.321865	0.330202	0.327486	0.31909	0.314184	0.427484	0.410106	0.408685	0.409339	0.406538	0.405216	0.308819	0.30942	0.309727	0.300495	0.316671	0.314153	0.307813	0.307173	0.341612	0.308562	0.33305	0.317256	0.39408	0.385374	0.388433	0.393028	0.386792	0.38724	0.402585	0.396131	0.394224	0.3946	0.40173	0.401865	0.440572	0.436224	0.463084	0.434741	0.43594	0.437586	0.421744	0.422451	0.439526	0.416939	0.415947	0.424251	0.464622	0.470823	0.469271	0.46755	0.472677	0.465472	0.523579	0.519296	0.528778	0.525781	0.52172	0.525633	0.402585	0.396131	0.394224	0.3946	0.40173	0.401865	0.481206	0.482346	0.493608	0.484989	0.4814	0.486489	0.69647	0.60788	0.698966	0.69568	0.607871	0.605712
ERR637066	0.23231	0.230134	0.230051	0	0.233757	0.232109	0.305054	0.301311	0.303888	0.301234	0.300637	0.312627	0.313729	0.309994	0.316217	0.308273	0.311903	0.314261	0.329129	0.323647	0.329138	0.326323	0.32066	0.315174	0.427964	0.412962	0.410843	0.411449	0.409558	0.407939	0.310279	0.310982	0.31117	0.303304	0.320269	0.31771	0.309805	0.309009	0.345548	0.310719	0.336722	0.32018	0.395654	0.387272	0.390743	0.394701	0.389351	0.389227	0.402443	0.395915	0.394986	0.395593	0.401457	0.401564	0.443018	0.438586	0.464933	0.43641	0.438337	0.439941	0.423248	0.423354	0.438631	0.417599	0.416051	0.425157	0.467678	0.474236	0.472866	0.470838	0.473854	0.468808	0.527312	0.522955	0.532484	0.529548	0.52561	0.529336	0.402443	0.395915	0.394986	0.395593	0.401457	0.401564	0.484363	0.485483	0.496591	0.488054	0.484634	0.489455	0.700777	0.612473	0.703653	0.700025	0.612506	0.610191
ERR637063	0.234886	0.234402	0.235454	0.233757	0	0.235114	0.302219	0.299991	0.300555	0.299763	0.299998	0.306171	0.318762	0.307881	0.321779	0.306681	0.309745	0.31452	0.323591	0.329798	0.323482	0.321004	0.326235	0.319	0.425596	0.417846	0.413214	0.41432	0.414848	0.412835	0.311475	0.312902	0.312291	0.311517	0.330772	0.328133	0.313609	0.312857	0.35565	0.315244	0.346048	0.326663	0.39446	0.388366	0.391756	0.394263	0.393446	0.389973	0.401031	0.395624	0.396041	0.398324	0.400424	0.400112	0.447634	0.443274	0.466845	0.439076	0.443139	0.444361	0.428558	0.425145	0.435142	0.420559	0.417175	0.426464	0.472749	0.480604	0.480256	0.477704	0.473569	0.475766	0.533885	0.529425	0.538662	0.535817	0.532973	0.535688	0.401031	0.395624	0.396041	0.398324	0.400424	0.400112	0.490814	0.492193	0.501508	0.493751	0.491366	0.494622	0.706714	0.620106	0.710724	0.70604	0.6205	0.617719
ERR637064	0.231796	0.23218	0.231767	0.232109	0.235114	0	0.305251	0.302269	0.305438	0.301787	0.301005	0.315256	0.308267	0.3103	0.310446	0.308249	0.311953	0.31204	0.330159	0.318265	0.330294	0.327455	0.316185	0.311443	0.429238	0.408904	0.408471	0.40916	0.40547	0.404299	0.307096	0.307267	0.307909	0.297474	0.31277	0.310922	0.306318	0.305267	0.337494	0.306636	0.329877	0.314658	0.393455	0.384351	0.387378	0.392618	0.385472	0.386371	0.40522	0.398197	0.394987	0.394865	0.403988	0.404216	0.440008	0.435931	0.463082	0.435132	0.435557	0.437415	0.420711	0.422366	0.44122	0.416863	0.416466	0.424316	0.46325	0.468834	0.467547	0.465936	0.473661	0.46417	0.521878	0.517874	0.526987	0.523947	0.520026	0.523965	0.40522	0.398197	0.394987	0.394865	0.403988	0.404216	0.479998	0.481025	0.49202	0.483295	0.480182	0.484825	0.694957	0.605693	0.69691	0.694041	0.60577	0.603698
ERR614003	0.308987	0.305882	0.306132	0.305054	0.302219	0.305251	0	0.236162	0.233906	0.23677	0.236828	0.238166	0.343926	0.33706	0.346339	0.336819	0.338492	0.34044	0.272281	0.289246	0.272389	0.27027	0.287907	0.278221	0.487404	0.469834	0.469388	0.470149	0.466603	0.465931	0.323898	0.325128	0.32423	0.334351	0.351531	0.351295	0.28796	0.28877	0.335116	0.290609	0.328274	0.303131	0.349256	0.344791	0.346707	0.349306	0.349733	0.346108	0.46525	0.459131	0.456636	0.457178	0.464418	0.464265	0.508184	0.504493	0.528916	0.50465	0.504095	0.506029	0.482228	0.479894	0.495608	0.476911	0.475099	0.481234	0.530953	0.535067	0.533452	0.532508	0.54197	0.530887	0.588442	0.584814	0.59298	0.590223	0.586129	0.590133	0.46525	0.459131	0.456636	0.457178	0.464418	0.464265	0.544881	0.545645	0.556115	0.548125	0.544667	0.549668	0.733542	0.648865	0.734497	0.732623	0.648859	0.647266
ERR614005	0.303219	0.302198	0.302676	0.301311	0.299991	0.302269	0.236162	0	0.23383	0.231179	0.231251	0.24357	0.344564	0.337326	0.347037	0.336484	0.33936	0.342619	0.280855	0.284201	0.280517	0.277934	0.28138	0.272934	0.490372	0.472625	0.472719	0.472972	0.46882	0.468003	0.330667	0.33168	0.330954	0.330271	0.347701	0.345934	0.286118	0.286319	0.329599	0.287787	0.320897	0.300276	0.354664	0.347624	0.350355	0.354275	0.351085	0.348802	0.466044	0.459709	0.458003	0.457844	0.464914	0.46499	0.508952	0.504239	0.532882	0.504288	0.503691	0.506554	0.479399	0.48146	0.497344	0.475073	0.474592	0.483448	0.532239	0.535994	0.532948	0.532621	0.543312	0.530965	0.588063	0.584337	0.593446	0.590434	0.585707	0.590361	0.466044	0.459709	0.458003	0.457844	0.464914	0.46499	0.54503	0.545809	0.558934	0.5497	0.544764	0.551325	0.744605	0.656171	0.74461	0.743702	0.655384	0.654466
ERR614004	0.306804	0.304794	0.305557	0.303888	0.300555	0.305438	0.233906	0.23383	0	0.234587	0.235239	0.237988	0.348481	0.337424	0.35089	0.33717	0.339174	0.343607	0.275939	0.292361	0.275814	0.27336	0.289206	0.279493	0.488328	0.474245	0.472876	0.473313	0.470621	0.469501	0.330887	0.332153	0.330927	0.337112	0.355815	0.354059	0.290728	0.291287	0.339531	0.2933	0.330641	0.307107	0.354071	0.348837	0.351587	0.353938	0.354448	0.350151	0.463771	0.458316	0.457488	0.458186	0.462997	0.463001	0.510452	0.50596	0.532208	0.50521	0.505662	0.507894	0.482549	0.481184	0.494683	0.476396	0.474735	0.482766	0.534395	0.539162	0.536719	0.535911	0.542918	0.534159	0.592051	0.588173	0.597016	0.594022	0.589789	0.593974	0.463771	0.458316	0.457488	0.458186	0.462997	0.463001	0.547847	0.548686	0.560723	0.552299	0.547869	0.553714	0.743567	0.657407	0.744643	0.742747	0.657104	0.655658
ERR614006	0.302662	0.301817	0.302344	0.301234	0.299763	0.301787	0.23677	0.231179	0.234587	0	0.231321	0.244899	0.344288	0.33755	0.34637	0.336594	0.339428	0.34296	0.282377	0.283258	0.281918	0.278878	0.280346	0.272415	0.491306	0.472625	0.473119	0.473237	0.468986	0.4682	0.331157	0.332249	0.331659	0.329476	0.346733	0.344995	0.285623	0.285621	0.328466	0.287084	0.319587	0.299717	0.354692	0.347524	0.350249	0.354138	0.350725	0.348647	0.46688	0.460346	0.458379	0.45825	0.465809	0.465887	0.508925	0.504004	0.533235	0.504175	0.503567	0.506424	0.479108	0.481662	0.498105	0.475139	0.47478	0.483824	0.532139	0.535803	0.53248	0.532333	0.543696	0.530621	0.587605	0.583921	0.593033	0.589977	0.585213	0.589955	0.46688	0.460346	0.458379	0.45825	0.465809	0.465887	0.544741	0.545568	0.558904	0.549443	0.544539	0.551138	0.744962	0.65625	0.744967	0.744112	0.655541	0.654554
ERR614007	0.302091	0.301489	0.301728	0.300637	0.299998	0.301005	0.236828	0.231251	0.235239	0.231321	0	0.246402	0.341608	0.336882	0.343741	0.33582	0.338657	0.341322	0.282807	0.280455	0.282251	0.279371	0.277502	0.269988	0.490718	0.470518	0.471356	0.471513	0.466639	0.466157	0.328831	0.330037	0.329624	0.326493	0.343195	0.341584	0.283212	0.283327	0.324162	0.284248	0.31569	0.296052	0.353371	0.345707	0.348294	0.352933	0.348311	0.346815	0.466747	0.460232	0.45761	0.457143	0.465541	0.465736	0.507265	0.502367	0.531786	0.503024	0.501919	0.505051	0.477694	0.480785	0.498302	0.474118	0.474284	0.482932	0.529758	0.533234	0.529894	0.529877	0.542423	0.528174	0.585031	0.581423	0.590403	0.587307	0.582528	0.587366	0.466747	0.460232	0.45761	0.457143	0.465541	0.465736	0.542458	0.543096	0.556547	0.547	0.542108	0.548786	0.741963	0.653209	0.741765	0.741133	0.65249	0.651614
ERR614002	0.317512	0.313607	0.314838	0.312627	0.306171	0.315256	0.238166	0.24357	0.237988	0.244899	0.246402	0	0.357446	0.340313	0.360419	0.340535	0.341717	0.347456	0.270434	0.30887	0.270234	0.269515	0.306396	0.294589	0.48517	0.478035	0.474413	0.475211	0.47534	0.473981	0.332948	0.334593	0.332766	0.35149	0.371628	0.370629	0.302319	0.303292	0.358026	0.306554	0.349806	0.321714	0.355931	0.354736	0.357007	0.356494	0.363768	0.355506	0.463687	0.459286	0.459637	0.462067	0.463187	0.462753	0.515013	0.511469	0.532415	0.508905	0.51112	0.512509	0.49071	0.483921	0.491955	0.482045	0.478009	0.484697	0.538847	0.544918	0.543997	0.542236	0.542013	0.54077	0.597877	0.594139	0.602006	0.599358	0.596346	0.599314	0.463687	0.459286	0.459637	0.462067	0.463187	0.462753	0.553811	0.554632	0.563779	0.556683	0.553771	0.557654	0.74315	0.660994	0.745795	0.742538	0.661248	0.659109
ERR629858	0.314217	0.31278	0.310295	0.313729	0.318762	0.308267	0.343926	0.344564	0.348481	0.344288	0.341608	0.357446	0	0.261295	0.236023	0.25837	0.261255	0.248022	0.357302	0.333033	0.357255	0.355066	0.334103	0.334492	0.426044	0.391882	0.395789	0.395534	0.390065	0.38995	0.311818	0.311328	0.312509	0.307357	0.312958	0.313559	0.316015	0.315964	0.327068	0.315933	0.325436	0.314504	0.384908	0.375375	0.375669	0.382927	0.371809	0.376051	0.427294	0.421892	0.41157	0.409439	0.425908	0.426418	0.427574	0.427482	0.449409	0.430436	0.426986	0.427273	0.43384	0.434718	0.46338	0.434977	0.438771	0.436292	0.447219	0.449703	0.450691	0.448915	0.467489	0.448055	0.484296	0.481365	0.487464	0.485535	0.481662	0.485259	0.427294	0.421892	0.41157	0.409439	0.425908	0.426418	0.453467	0.453707	0.46259	0.455507	0.453197	0.456689	0.644313	0.560025	0.644781	0.64334	0.560152	0.557967
ERR629860	0.311359	0.309743	0.308718	0.309994	0.307881	0.3103	0.33706	0.337326	0.337424	0.33755	0.336882	0.340313	0.261295	0	0.264474	0.242378	0.243455	0.247305	0.344006	0.352373	0.342753	0.342738	0.349966	0.346111	0.41032	0.407545	0.401059	0.401553	0.406849	0.405152	0.319783	0.320601	0.319481	0.331705	0.34662	0.344442	0.327045	0.326877	0.362555	0.329582	0.355557	0.337289	0.383681	0.380587	0.382363	0.383199	0.386744	0.38102	0.4153	0.413962	0.412608	0.415004	0.414547	0.41494	0.438952	0.437945	0.449856	0.432691	0.438161	0.43668	0.447456	0.439026	0.447343	0.44021	0.437604	0.439266	0.464997	0.473517	0.47658	0.472302	0.461072	0.47086	0.504673	0.500421	0.507423	0.505646	0.504634	0.50495	0.4153	0.413962	0.412608	0.415004	0.414547	0.41494	0.47303	0.47388	0.478772	0.47412	0.473563	0.473811	0.669854	0.592553	0.675676	0.669436	0.593494	0.589479
ERR629856	0.31632	0.314992	0.312212	0.316217	0.321779	0.310446	0.346339	0.347037	0.35089	0.34637	0.343741	0.360419	0.236023	0.264474	0	0.261531	0.264567	0.250182	0.359658	0.33272	0.359696	0.35744	0.333925	0.334901	0.427676	0.390879	0.395663	0.395493	0.38898	0.389255	0.312759	0.312027	0.313084	0.306132	0.310876	0.311384	0.316304	0.316003	0.324596	0.3157	0.323113	0.313426	0.385199	0.374959	0.375325	0.383217	0.370829	0.375892	0.429064	0.423418	0.41244	0.40984	0.42758	0.428079	0.426717	0.426472	0.449348	0.430272	0.425958	0.426538	0.433471	0.435184	0.465271	0.435408	0.439657	0.436545	0.445962	0.4479	0.448756	0.447069	0.468186	0.446576	0.482257	0.479453	0.485486	0.483694	0.479372	0.483244	0.429064	0.423418	0.41244	0.40984	0.42758	0.428079	0.451985	0.452038	0.46146	0.454065	0.451514	0.455525	0.640931	0.556157	0.640943	0.63995	0.556225	0.554191
ERR629861	0.309331	0.308175	0.30698	0.308273	0.306681	0.308249	0.336819	0.336484	0.33717	0.336594	0.33582	0.340535	0.25837	0.242378	0.261531	0	0.24312	0.246027	0.344577	0.349897	0.343484	0.343114	0.347625	0.344206	0.411027	0.406319	0.400276	0.400659	0.405429	0.403615	0.32012	0.320646	0.319875	0.329367	0.343782	0.341787	0.326117	0.325932	0.359877	0.328129	0.352856	0.335394	0.384407	0.380384	0.38233	0.383889	0.386102	0.380916	0.41441	0.412877	0.41118	0.412972	0.413643	0.413932	0.437977	0.436799	0.450097	0.431602	0.436915	0.435598	0.445277	0.437896	0.447378	0.438484	0.436345	0.438291	0.463602	0.471675	0.474571	0.470446	0.460793	0.469133	0.503613	0.49921	0.506451	0.504707	0.503545	0.504197	0.41441	0.412877	0.41118	0.412972	0.413643	0.413932	0.471664	0.472347	0.478092	0.472912	0.472135	0.472655	0.670559	0.591699	0.675956	0.670026	0.592468	0.588653
ERR629859	0.313502	0.31149	0.310387	0.311903	0.309745	0.311953	0.338492	0.33936	0.339174	0.339428	0.338657	0.341717	0.261255	0.243455	0.264567	0.24312	0	0.246863	0.34454	0.353554	0.343146	0.342904	0.351302	0.347606	0.410547	0.407528	0.401085	0.401352	0.406884	0.405199	0.319852	0.320765	0.319525	0.333221	0.347695	0.345844	0.328235	0.328342	0.36356	0.330869	0.356858	0.338333	0.383703	0.381007	0.382337	0.383275	0.387044	0.381518	0.416028	0.414564	0.413522	0.41584	0.415394	0.415694	0.439279	0.438647	0.449664	0.43343	0.438757	0.436992	0.448732	0.439863	0.448002	0.441507	0.438623	0.439859	0.465286	0.473705	0.477105	0.4726	0.461348	0.4713	0.504488	0.50021	0.507026	0.505477	0.504513	0.504728	0.416028	0.414564	0.413522	0.41584	0.415394	0.415694	0.473047	0.473823	0.478167	0.473682	0.473422	0.473389	0.66736	0.591208	0.673224	0.666763	0.592101	0.588028
ERR629857	0.31598	0.313564	0.311809	0.314261	0.31452	0.31204	0.34044	0.342619	0.343607	0.34296	0.341322	0.347456	0.248022	0.247305	0.250182	0.246027	0.246863	0	0.346576	0.346728	0.34561	0.345457	0.346029	0.343634	0.412885	0.398548	0.395264	0.395602	0.397963	0.396728	0.312678	0.312936	0.312815	0.324153	0.335573	0.334793	0.32391	0.324051	0.350941	0.325797	0.346532	0.329482	0.38092	0.376475	0.37715	0.379948	0.379546	0.37688	0.42009	0.418007	0.412335	0.413089	0.419415	0.419602	0.432625	0.43277	0.444988	0.430813	0.432781	0.431382	0.444537	0.437137	0.453364	0.440087	0.439476	0.437526	0.455902	0.4626	0.466178	0.462277	0.460824	0.46117	0.493234	0.489543	0.495202	0.493825	0.492656	0.493323	0.42009	0.418007	0.412335	0.413089	0.419415	0.419602	0.463123	0.463568	0.467847	0.463518	0.463201	0.46351	0.650299	0.574063	0.655204	0.649735	0.575162	0.571123
ERR636802	0.33498	0.329499	0.330269	0.329129	0.323591	0.330159	0.272281	0.280855	0.275939	0.282377	0.282807	0.270434	0.357302	0.344006	0.359658	0.344577	0.34454	0.346576	0	0.291289	0.241536	0.241191	0.290387	0.278789	0.479109	0.46951	0.46621	0.466764	0.467486	0.466933	0.318498	0.320611	0.318515	0.34998	0.367633	0.368505	0.306089	0.307808	0.358511	0.310725	0.352994	0.323502	0.352127	0.353159	0.354435	0.352831	0.362981	0.354138	0.470847	0.468331	0.466017	0.468835	0.470952	0.470394	0.51315	0.511379	0.526349	0.510009	0.511168	0.511554	0.499696	0.489071	0.498966	0.492042	0.487436	0.489273	0.528782	0.534681	0.536043	0.533274	0.534376	0.532279	0.586983	0.583839	0.58961	0.587781	0.585643	0.587348	0.470847	0.468331	0.466017	0.468835	0.470952	0.470394	0.542912	0.543717	0.5495	0.54386	0.543044	0.544843	0.715524	0.642685	0.718388	0.714666	0.643359	0.640625
ERR636800	0.322574	0.323511	0.321865	0.323647	0.329798	0.318265	0.289246	0.284201	0.292361	0.283258	0.280455	0.30887	0.333033	0.352373	0.33272	0.349897	0.353554	0.346728	0.291289	0	0.292509	0.28709	0.236997	0.237721	0.49925	0.45793	0.46647	0.465734	0.453653	0.454953	0.323995	0.323563	0.325011	0.304787	0.31101	0.311498	0.279687	0.27974	0.28845	0.278062	0.285826	0.278131	0.359138	0.344974	0.346376	0.357148	0.337766	0.346464	0.485183	0.476876	0.468044	0.464142	0.483408	0.483923	0.499212	0.495136	0.529979	0.501693	0.49445	0.498574	0.476894	0.488371	0.519436	0.4811	0.486422	0.491488	0.510951	0.509594	0.504938	0.506759	0.540887	0.505763	0.559247	0.556898	0.565278	0.562206	0.555207	0.562437	0.485183	0.476876	0.468044	0.464142	0.483408	0.483923	0.519457	0.519608	0.535881	0.524451	0.518829	0.527626	0.710506	0.621253	0.705092	0.709091	0.619562	0.620623
ERR636804	0.335007	0.329503	0.330202	0.329138	0.323482	0.330294	0.272389	0.280517	0.275814	0.281918	0.282251	0.270234	0.357255	0.342753	0.359696	0.343484	0.343146	0.34561	0.241536	0.292509	0	0.241533	0.29137	0.279609	0.478034	0.46974	0.466343	0.46681	0.467706	0.467218	0.318836	0.321011	0.318861	0.350792	0.368558	0.369091	0.306731	0.308449	0.359586	0.311507	0.353955	0.324312	0.352165	0.353261	0.354569	0.353119	0.36384	0.354354	0.470163	0.467852	0.465998	0.4689	0.470374	0.469489	0.513266	0.51121	0.52588	0.509418	0.510975	0.511255	0.500068	0.489177	0.498218	0.491989	0.487295	0.48923	0.529183	0.535447	0.536729	0.533852	0.533821	0.532694	0.587045	0.583805	0.589723	0.587871	0.585841	0.587387	0.470163	0.467852	0.465998	0.4689	0.470374	0.469489	0.54333	0.544191	0.549666	0.544498	0.543552	0.545289	0.716227	0.643688	0.719509	0.715464	0.644532	0.641567
ERR636803	0.331787	0.326926	0.327486	0.326323	0.321004	0.327455	0.27027	0.277934	0.27336	0.278878	0.279371	0.269515	0.355066	0.342738	0.35744	0.343114	0.342904	0.345457	0.241191	0.28709	0.241533	0	0.286003	0.274427	0.47912	0.468201	0.465784	0.466011	0.466161	0.465635	0.317319	0.319083	0.317144	0.346308	0.36392	0.364335	0.302588	0.304185	0.354336	0.307041	0.348668	0.319441	0.351579	0.351548	0.352758	0.351895	0.360778	0.352378	0.470156	0.46725	0.464911	0.467256	0.469891	0.469387	0.512132	0.509893	0.526548	0.508844	0.509584	0.510231	0.49737	0.487778	0.498491	0.489883	0.48596	0.487983	0.527685	0.533452	0.534203	0.531729	0.533875	0.530733	0.586025	0.582778	0.588916	0.586888	0.584572	0.586538	0.470156	0.46725	0.464911	0.467256	0.469891	0.469387	0.541853	0.542559	0.549035	0.543372	0.541964	0.544411	0.716813	0.642516	0.719361	0.716052	0.643076	0.640626
ERR636801	0.318917	0.320463	0.31909	0.32066	0.326235	0.316185	0.287907	0.28138	0.289206	0.280346	0.277502	0.306396	0.334103	0.349966	0.333925	0.347625	0.351302	0.346029	0.290387	0.236997	0.29137	0.286003	0	0.237135	0.497409	0.458626	0.466262	0.465372	0.454417	0.4554	0.325755	0.325569	0.326845	0.305493	0.312921	0.312177	0.278944	0.278388	0.29113	0.277227	0.286355	0.279068	0.359	0.345037	0.346903	0.357271	0.338852	0.346358	0.482061	0.474058	0.466416	0.462594	0.480263	0.480941	0.49884	0.494296	0.529909	0.500227	0.493764	0.497932	0.476071	0.487615	0.516997	0.479228	0.484479	0.490744	0.511711	0.51117	0.506179	0.507893	0.539429	0.506639	0.5602	0.557601	0.566671	0.563485	0.556291	0.563647	0.482061	0.474058	0.466416	0.462594	0.480263	0.480941	0.520147	0.520302	0.537487	0.525797	0.519499	0.52872	0.715934	0.62633	0.71123	0.714594	0.624683	0.625485
ERR636799	0.314621	0.315117	0.314184	0.315174	0.319	0.311443	0.278221	0.272934	0.279493	0.272415	0.269988	0.294589	0.334492	0.346111	0.334901	0.344206	0.347606	0.343634	0.278789	0.237721	0.279609	0.274427	0.237135	0	0.494477	0.459577	0.465668	0.46525	0.455427	0.456166	0.321061	0.321285	0.322165	0.307195	0.317182	0.316704	0.277901	0.27776	0.298064	0.277118	0.292972	0.280967	0.35655	0.344323	0.346283	0.355076	0.340426	0.345588	0.478592	0.470873	0.463948	0.461119	0.476984	0.477397	0.500613	0.496231	0.529743	0.500805	0.4957	0.499519	0.47687	0.485847	0.512736	0.478548	0.482523	0.488808	0.513946	0.51435	0.510081	0.511273	0.538753	0.510109	0.565746	0.562871	0.571685	0.568555	0.562199	0.568761	0.478592	0.470873	0.463948	0.461119	0.476984	0.477397	0.523962	0.524298	0.54002	0.528997	0.523521	0.531679	0.719315	0.630584	0.715528	0.718009	0.629137	0.629626
ERR608275	0.4296	0.427525	0.427484	0.427964	0.425596	0.429238	0.487404	0.490372	0.488328	0.491306	0.490718	0.48517	0.426044	0.41032	0.427676	0.411027	0.410547	0.412885	0.479109	0.49925	0.478034	0.47912	0.497409	0.494477	0	0.307044	0.282367	0.284703	0.310642	0.304672	0.431207	0.431567	0.430609	0.450084	0.460374	0.458532	0.471613	0.471469	0.499513	0.474482	0.494845	0.479915	0.491132	0.493892	0.495452	0.491119	0.503452	0.494318	0.344537	0.349526	0.354777	0.363193	0.345769	0.344159	0.363028	0.367436	0.342478	0.347888	0.368039	0.360072	0.408115	0.380515	0.367614	0.392301	0.380783	0.377568	0.386045	0.406144	0.419012	0.407969	0.340461	0.40585	0.416426	0.412054	0.414975	0.414657	0.422761	0.41367	0.344537	0.349526	0.354777	0.363193	0.345769	0.344159	0.394859	0.397353	0.382075	0.387734	0.398064	0.38449	0.59048	0.53046	0.608029	0.59097	0.534033	0.525547
ERR608278	0.41337	0.411671	0.410106	0.412962	0.417846	0.408904	0.469834	0.472625	0.474245	0.472625	0.470518	0.478035	0.391882	0.407545	0.390879	0.406319	0.407528	0.398548	0.46951	0.45793	0.46974	0.468201	0.458626	0.459577	0.307044	0	0.257097	0.255249	0.247805	0.249268	0.405656	0.404676	0.405792	0.406669	0.408144	0.40855	0.438018	0.438126	0.445586	0.438954	0.445608	0.437221	0.478355	0.471728	0.472358	0.476569	0.470816	0.472948	0.355788	0.351515	0.337745	0.334829	0.354906	0.354889	0.331126	0.334448	0.350092	0.338698	0.333948	0.332086	0.364903	0.36063	0.398246	0.366287	0.370318	0.361333	0.336567	0.342871	0.349748	0.343851	0.36164	0.342975	0.379104	0.376829	0.381638	0.379694	0.378382	0.379498	0.355788	0.351515	0.337745	0.334829	0.354906	0.354889	0.346664	0.347212	0.350776	0.346046	0.347445	0.346633	0.555955	0.468384	0.559085	0.55516	0.469798	0.465782
ERR608276	0.411819	0.409749	0.408685	0.410843	0.413214	0.408471	0.469388	0.472719	0.472876	0.473119	0.471356	0.474413	0.395789	0.401059	0.395663	0.400276	0.401085	0.395264	0.46621	0.46647	0.466343	0.465784	0.466262	0.465668	0.282367	0.257097	0	0.252733	0.258611	0.255793	0.406971	0.406527	0.406822	0.415075	0.420095	0.419562	0.443115	0.443505	0.458798	0.445038	0.457228	0.445865	0.477026	0.473575	0.474454	0.476021	0.476183	0.474652	0.342678	0.341219	0.332841	0.333953	0.342621	0.34156	0.332456	0.336497	0.337589	0.332395	0.336198	0.331804	0.371603	0.358317	0.381534	0.366844	0.365755	0.357938	0.34466	0.357076	0.366762	0.358528	0.346407	0.357048	0.384756	0.381715	0.386006	0.384568	0.386658	0.383883	0.342678	0.341219	0.332841	0.333953	0.342621	0.34156	0.355347	0.35674	0.352854	0.35195	0.357004	0.351248	0.562476	0.484292	0.57109	0.562235	0.486775	0.480827
ERR608280	0.412093	0.41049	0.409339	0.411449	0.41432	0.40916	0.470149	0.472972	0.473313	0.473237	0.471513	0.475211	0.395534	0.401553	0.395493	0.400659	0.401352	0.395602	0.466764	0.465734	0.46681	0.466011	0.465372	0.46525	0.284703	0.255249	0.252733	0	0.256405	0.255243	0.407563	0.406832	0.407392	0.414381	0.419076	0.418495	0.442566	0.44273	0.457254	0.444332	0.455528	0.444813	0.477145	0.473214	0.474114	0.475802	0.475472	0.474185	0.343046	0.342286	0.33362	0.333935	0.342689	0.342432	0.331926	0.335387	0.33899	0.3325	0.335377	0.331508	0.371042	0.358304	0.38285	0.366429	0.365931	0.358126	0.343684	0.355399	0.364436	0.356306	0.347222	0.355137	0.383503	0.380189	0.384518	0.383133	0.385065	0.382643	0.343046	0.342286	0.33362	0.333935	0.342689	0.342432	0.353484	0.354699	0.352444	0.351075	0.355062	0.350198	0.56137	0.482506	0.569798	0.561005	0.484653	0.479073
ERR608279	0.409546	0.408332	0.406538	0.409558	0.414848	0.40547	0.466603	0.46882	0.470621	0.468986	0.466639	0.47534	0.390065	0.406849	0.38898	0.405429	0.406884	0.397963	0.467486	0.453653	0.467706	0.466161	0.454417	0.455427	0.310642	0.247805	0.258611	0.256405	0	0.248784	0.404046	0.403081	0.404366	0.402575	0.404086	0.404159	0.434467	0.43451	0.44129	0.435238	0.441084	0.433255	0.477455	0.470111	0.470972	0.475625	0.468391	0.471358	0.355313	0.350486	0.3364	0.332695	0.354343	0.354106	0.331369	0.334097	0.353395	0.339123	0.333473	0.332096	0.361764	0.359974	0.399323	0.364095	0.369185	0.360877	0.336273	0.341662	0.347357	0.342274	0.364258	0.341082	0.380332	0.37779	0.383628	0.381331	0.379014	0.381119	0.355313	0.350486	0.3364	0.332695	0.354343	0.354106	0.346793	0.347591	0.353147	0.347203	0.347778	0.348353	0.560419	0.469746	0.562398	0.559616	0.47081	0.467255
ERR608277	0.408066	0.406919	0.405216	0.407939	0.412835	0.404299	0.465931	0.468003	0.469501	0.4682	0.466157	0.473981	0.38995	0.405152	0.389255	0.403615	0.405199	0.396728	0.466933	0.454953	0.467218	0.465635	0.4554	0.456166	0.304672	0.249268	0.255793	0.255243	0.248784	0	0.404625	0.403666	0.404837	0.403702	0.405961	0.405767	0.435015	0.4351	0.443339	0.435772	0.442817	0.434407	0.477133	0.469986	0.471375	0.475419	0.468957	0.471474	0.351077	0.346516	0.333455	0.330271	0.350156	0.349689	0.329344	0.331794	0.349327	0.335629	0.331381	0.329548	0.361359	0.358298	0.395605	0.362278	0.366676	0.359093	0.336783	0.343461	0.349768	0.34405	0.360211	0.342871	0.380252	0.377492	0.383542	0.381084	0.379284	0.380961	0.351077	0.346516	0.333455	0.330271	0.350156	0.349689	0.347396	0.348105	0.352837	0.348006	0.348325	0.348462	0.562081	0.473254	0.565425	0.561379	0.474421	0.470625
ERR608947	0.315339	0.309822	0.308819	0.310279	0.311475	0.307096	0.323898	0.330667	0.330887	0.331157	0.328831	0.332948	0.311818	0.319783	0.312759	0.32012	0.319852	0.312678	0.318498	0.323995	0.318836	0.317319	0.325755	0.321061	0.431207	0.405656	0.406971	0.407563	0.404046	0.404625	0	0.249214	0.249385	0.275037	0.285602	0.288223	0.306721	0.308125	0.335061	0.309652	0.334218	0.312858	0.357315	0.353257	0.352894	0.356717	0.355736	0.354104	0.433349	0.429515	0.421091	0.421565	0.433126	0.432409	0.449004	0.44908	0.463172	0.450843	0.448627	0.448421	0.444177	0.434063	0.456028	0.440702	0.438324	0.434242	0.463279	0.467306	0.470242	0.467683	0.4796	0.466849	0.513889	0.511285	0.515605	0.513828	0.512099	0.513664	0.433349	0.429515	0.421091	0.421565	0.433126	0.432409	0.472441	0.472877	0.476806	0.471697	0.472285	0.472915	0.640809	0.565389	0.642725	0.640002	0.56659	0.563442
ERR608948	0.315614	0.310399	0.30942	0.310982	0.312902	0.307267	0.325128	0.33168	0.332153	0.332249	0.330037	0.334593	0.311328	0.320601	0.312027	0.320646	0.320765	0.312936	0.320611	0.323563	0.321011	0.319083	0.325569	0.321285	0.431567	0.404676	0.406527	0.406832	0.403081	0.403666	0.249214	0	0.249705	0.273339	0.283338	0.286145	0.306512	0.307852	0.333553	0.309299	0.332777	0.311859	0.357275	0.352156	0.352164	0.356197	0.35423	0.353521	0.433497	0.429766	0.421018	0.421114	0.43336	0.432528	0.448239	0.44838	0.463187	0.450464	0.447878	0.447692	0.442976	0.433261	0.456176	0.439643	0.43779	0.433823	0.462294	0.466058	0.468783	0.466107	0.479754	0.465572	0.512479	0.509867	0.514293	0.512362	0.51045	0.51222	0.433497	0.429766	0.421018	0.421114	0.43336	0.432528	0.471096	0.471544	0.475814	0.470596	0.47094	0.472123	0.639967	0.563489	0.641457	0.639061	0.564578	0.561408
ERR608946	0.315916	0.310734	0.309727	0.31117	0.312291	0.307909	0.32423	0.330954	0.330927	0.331659	0.329624	0.332766	0.312509	0.319481	0.313084	0.319875	0.319525	0.312815	0.318515	0.325011	0.318861	0.317144	0.326845	0.322165	0.430609	0.405792	0.406822	0.407392	0.404366	0.404837	0.249385	0.249705	0	0.27622	0.287089	0.289613	0.307363	0.308895	0.336108	0.310669	0.335207	0.31342	0.356804	0.352666	0.352365	0.356049	0.355804	0.353624	0.433405	0.429909	0.421475	0.422044	0.433506	0.432571	0.449274	0.449463	0.463065	0.451011	0.448992	0.448622	0.444474	0.433939	0.455404	0.44072	0.438314	0.434285	0.463608	0.467736	0.470716	0.467974	0.47949	0.467313	0.513958	0.511212	0.515286	0.513611	0.512065	0.51352	0.433405	0.429909	0.421475	0.422044	0.433506	0.432571	0.472531	0.473042	0.476556	0.471834	0.472415	0.473031	0.640757	0.565821	0.642993	0.640014	0.567049	0.563642
ERR608943	0.302081	0.302661	0.300495	0.303304	0.311517	0.297474	0.334351	0.330271	0.337112	0.329476	0.326493	0.35149	0.307357	0.331705	0.306132	0.329367	0.333221	0.324153	0.34998	0.304787	0.350792	0.346308	0.305493	0.307195	0.450084	0.406669	0.415075	0.414381	0.402575	0.403702	0.275037	0.273339	0.27622	0	0.245665	0.245087	0.297668	0.297123	0.300403	0.295823	0.298199	0.293474	0.378456	0.363008	0.364823	0.375919	0.354902	0.36437	0.438284	0.430626	0.420624	0.416287	0.436688	0.437062	0.444741	0.441177	0.475597	0.447224	0.440486	0.443688	0.426516	0.436631	0.471088	0.430493	0.436588	0.43975	0.458919	0.458696	0.454517	0.455962	0.488811	0.454897	0.505645	0.503139	0.511608	0.508321	0.50187	0.508724	0.438284	0.430626	0.420624	0.416287	0.436688	0.437062	0.465465	0.465607	0.481762	0.470721	0.46478	0.473467	0.665171	0.571844	0.661134	0.66403	0.570533	0.570671
ERR608944	0.318389	0.319329	0.316671	0.320269	0.330772	0.31277	0.351531	0.347701	0.355815	0.346733	0.343195	0.371628	0.312958	0.34662	0.310876	0.343782	0.347695	0.335573	0.367633	0.31101	0.368558	0.36392	0.312921	0.317182	0.460374	0.408144	0.420095	0.419076	0.404086	0.405961	0.285602	0.283338	0.287089	0.245665	0	0.2432	0.307616	0.307121	0.296727	0.304918	0.297642	0.298345	0.387584	0.370516	0.371641	0.38466	0.358564	0.37195	0.450509	0.442186	0.429822	0.424051	0.448757	0.449438	0.446792	0.443765	0.479939	0.452673	0.442873	0.446646	0.430132	0.443693	0.483782	0.437503	0.445552	0.447104	0.458091	0.455182	0.450316	0.452666	0.495701	0.451857	0.500681	0.498681	0.506693	0.503389	0.495887	0.503957	0.450509	0.442186	0.429822	0.424051	0.448757	0.449438	0.462497	0.462351	0.479787	0.467897	0.461744	0.471464	0.654561	0.560565	0.648004	0.653124	0.558951	0.559991
ERR608945	0.314997	0.316714	0.314153	0.31771	0.328133	0.310922	0.351295	0.345934	0.354059	0.344995	0.341584	0.370629	0.313559	0.344442	0.311384	0.341787	0.345844	0.334793	0.368505	0.311498	0.369091	0.364335	0.312177	0.316704	0.458532	0.40855	0.419562	0.418495	0.404159	0.405767	0.288223	0.286145	0.289613	0.245087	0.2432	0	0.30642	0.305645	0.297388	0.303701	0.296177	0.298069	0.388004	0.370385	0.372043	0.38486	0.359123	0.371987	0.447466	0.439534	0.428329	0.422511	0.445817	0.446593	0.445505	0.441771	0.479347	0.450378	0.441066	0.445067	0.428805	0.442879	0.481778	0.435391	0.443783	0.446471	0.458451	0.45623	0.450798	0.453172	0.494038	0.452219	0.500375	0.498161	0.506913	0.503456	0.495713	0.503984	0.447466	0.439534	0.428329	0.422511	0.445817	0.446593	0.462031	0.462175	0.480624	0.468687	0.461387	0.471942	0.659558	0.564839	0.653735	0.658311	0.563083	0.564016
ERR636863	0.310029	0.309291	0.307813	0.309805	0.313609	0.306318	0.28796	0.286118	0.290728	0.285623	0.283212	0.302319	0.316015	0.327045	0.316304	0.326117	0.328235	0.32391	0.306089	0.279687	0.306731	0.302588	0.278944	0.277901	0.471613	0.438018	0.443115	0.442566	0.434467	0.435015	0.306721	0.306512	0.307363	0.297668	0.307616	0.30642	0	0.243841	0.268291	0.244092	0.262992	0.248539	0.344865	0.333067	0.334968	0.343143	0.329441	0.334199	0.461552	0.455281	0.447998	0.44565	0.460108	0.460382	0.476546	0.473114	0.504179	0.477458	0.472516	0.475426	0.464801	0.470207	0.496449	0.46545	0.468985	0.472619	0.493169	0.494798	0.491356	0.491635	0.516145	0.49047	0.540046	0.53694	0.545406	0.542593	0.536407	0.542604	0.461552	0.455281	0.447998	0.44565	0.460108	0.460382	0.502407	0.502777	0.517417	0.507268	0.501853	0.509419	0.694381	0.604878	0.691491	0.69333	0.603791	0.603615
ERR636864	0.308931	0.308392	0.307173	0.309009	0.312857	0.305267	0.28877	0.286319	0.291287	0.285621	0.283327	0.303292	0.315964	0.326877	0.316003	0.325932	0.328342	0.324051	0.307808	0.27974	0.308449	0.304185	0.278388	0.27776	0.471469	0.438126	0.443505	0.44273	0.43451	0.4351	0.308125	0.307852	0.308895	0.297123	0.307121	0.305645	0.243841	0	0.267326	0.243788	0.261733	0.248269	0.34667	0.334157	0.336271	0.344974	0.330549	0.335696	0.461096	0.454738	0.447776	0.445095	0.459595	0.459952	0.476355	0.472716	0.504103	0.476904	0.472003	0.474959	0.464025	0.470196	0.496471	0.464776	0.468501	0.472713	0.493133	0.494694	0.490883	0.491101	0.515931	0.490027	0.539703	0.536576	0.5453	0.542415	0.536157	0.542417	0.461096	0.454738	0.447776	0.445095	0.459595	0.459952	0.502195	0.502487	0.517714	0.507226	0.501529	0.509703	0.695836	0.605808	0.692885	0.694768	0.604666	0.604514
ERR636860	0.342841	0.344495	0.341612	0.345548	0.35565	0.337494	0.335116	0.329599	0.339531	0.328466	0.324162	0.358026	0.327068	0.362555	0.324596	0.359877	0.36356	0.350941	0.358511	0.28845	0.359586	0.354336	0.29113	0.298064	0.499513	0.445586	0.458798	0.457254	0.44129	0.443339	0.335061	0.333553	0.336108	0.300403	0.296727	0.297388	0.268291	0.267326	0	0.263292	0.244746	0.25204	0.372738	0.353683	0.354551	0.369511	0.338532	0.35498	0.491171	0.482676	0.470065	0.463531	0.489194	0.489715	0.483059	0.479722	0.518649	0.490202	0.478469	0.483442	0.471296	0.487826	0.527573	0.48013	0.489771	0.491621	0.493737	0.489304	0.482551	0.48589	0.534043	0.485274	0.530027	0.52837	0.536653	0.533533	0.524489	0.533858	0.491171	0.482676	0.470065	0.463531	0.489194	0.489715	0.497815	0.497527	0.517158	0.504643	0.49657	0.50825	0.681112	0.586073	0.67188	0.679428	0.583726	0.586219
ERR636862	0.310428	0.310214	0.308562	0.310719	0.315244	0.306636	0.290609	0.287787	0.2933	0.287084	0.284248	0.306554	0.315933	0.329582	0.3157	0.328129	0.330869	0.325797	0.310725	0.278062	0.311507	0.307041	0.277227	0.277118	0.474482	0.438954	0.445038	0.444332	0.435238	0.435772	0.309652	0.309299	0.310669	0.295823	0.304918	0.303701	0.244092	0.243788	0.263292	0	0.258531	0.246604	0.348344	0.335216	0.337224	0.346423	0.330327	0.33661	0.463593	0.456827	0.449436	0.446414	0.462133	0.462469	0.477089	0.473409	0.505922	0.478294	0.472637	0.47585	0.464285	0.471728	0.499293	0.465844	0.470275	0.474325	0.49339	0.494316	0.490245	0.491046	0.518078	0.489803	0.539663	0.536568	0.545235	0.542344	0.535735	0.542398	0.463593	0.456827	0.449436	0.446414	0.462133	0.462469	0.502197	0.502566	0.518218	0.507639	0.501582	0.510041	0.695875	0.605256	0.69229	0.694681	0.604019	0.604225
ERR636861	0.333234	0.335648	0.33305	0.336722	0.346048	0.329877	0.328274	0.320897	0.330641	0.319587	0.31569	0.349806	0.325436	0.355557	0.323113	0.352856	0.356858	0.346532	0.352994	0.285826	0.353955	0.348668	0.286355	0.292972	0.494845	0.445608	0.457228	0.455528	0.441084	0.442817	0.334218	0.332777	0.335207	0.298199	0.297642	0.296177	0.262992	0.261733	0.244746	0.258531	0	0.249498	0.369854	0.351063	0.352683	0.36685	0.337731	0.352311	0.484587	0.476394	0.465623	0.459519	0.482576	0.483253	0.481217	0.477109	0.516836	0.486237	0.47596	0.48093	0.467936	0.484466	0.52141	0.475415	0.484545	0.488324	0.493998	0.490892	0.483747	0.486855	0.530332	0.486054	0.531277	0.529065	0.538315	0.534948	0.526081	0.535289	0.484587	0.476394	0.465623	0.459519	0.482576	0.483253	0.498286	0.498187	0.518701	0.505888	0.497112	0.509268	0.690166	0.59442	0.682399	0.688737	0.592037	0.594159
ERR636859	0.319339	0.319323	0.317256	0.32018	0.326663	0.314658	0.303131	0.300276	0.307107	0.299717	0.296052	0.321714	0.314504	0.337289	0.313426	0.335394	0.338333	0.329482	0.323502	0.278131	0.324312	0.319441	0.279068	0.280967	0.479915	0.437221	0.445865	0.444813	0.433255	0.434407	0.312858	0.311859	0.31342	0.293474	0.298345	0.298069	0.248539	0.248269	0.25204	0.246604	0.249498	0	0.353047	0.337971	0.33913	0.35043	0.329611	0.338897	0.471048	0.463839	0.453852	0.449659	0.469321	0.469724	0.476478	0.473103	0.507122	0.480017	0.472237	0.475995	0.464831	0.474498	0.506684	0.468939	0.475003	0.477339	0.489968	0.489135	0.484506	0.486058	0.520496	0.48516	0.533265	0.530799	0.538808	0.53605	0.528852	0.536224	0.471048	0.463839	0.453852	0.449659	0.469321	0.469724	0.497417	0.497418	0.513967	0.502826	0.496567	0.505746	0.68574	0.594454	0.680529	0.6845	0.592987	0.593778
ERR621924	0.397922	0.394742	0.39408	0.395654	0.39446	0.393455	0.349256	0.354664	0.354071	0.354692	0.353371	0.355931	0.384908	0.383681	0.385199	0.384407	0.383703	0.38092	0.352127	0.359138	0.352165	0.351579	0.359	0.35655	0.491132	0.478355	0.477026	0.477145	0.477455	0.477133	0.357315	0.357275	0.356804	0.378456	0.387584	0.388004	0.344865	0.34667	0.372738	0.348344	0.369854	0.353047	0	0.266664	0.264259	0.262146	0.27768	0.265935	0.505161	0.502977	0.497836	0.498599	0.505479	0.504215	0.506632	0.507117	0.517111	0.506902	0.506507	0.50603	0.488199	0.47339	0.485524	0.481829	0.476973	0.473387	0.532337	0.537477	0.53923	0.536165	0.54013	0.535586	0.560129	0.556815	0.561902	0.560104	0.558232	0.559741	0.505161	0.502977	0.497836	0.498599	0.505479	0.504215	0.528041	0.528227	0.532904	0.528519	0.527877	0.529066	0.654831	0.580253	0.657863	0.653893	0.58132	0.577809
ERR621920	0.388267	0.386372	0.385374	0.387272	0.388366	0.384351	0.344791	0.347624	0.348837	0.347524	0.345707	0.354736	0.375375	0.380587	0.374959	0.380384	0.381007	0.376475	0.353159	0.344974	0.353261	0.351548	0.345037	0.344323	0.493892	0.471728	0.473575	0.473214	0.470111	0.469986	0.353257	0.352156	0.352666	0.363008	0.370516	0.370385	0.333067	0.334157	0.353683	0.335216	0.351063	0.337971	0.266664	0	0.26057	0.264799	0.262706	0.259955	0.501079	0.497964	0.491529	0.490414	0.500739	0.50007	0.500313	0.499481	0.517304	0.502405	0.498934	0.499346	0.476302	0.467929	0.488447	0.472547	0.471079	0.468885	0.525584	0.52902	0.528628	0.526697	0.540753	0.526282	0.55519	0.551754	0.558534	0.555818	0.551989	0.555711	0.501079	0.497964	0.491529	0.490414	0.500739	0.50007	0.521005	0.521109	0.530459	0.523793	0.520708	0.524806	0.658213	0.574523	0.658045	0.657025	0.574468	0.572482
ERR621922	0.392066	0.389812	0.388433	0.390743	0.391756	0.387378	0.346707	0.350355	0.351587	0.350249	0.348294	0.357007	0.375669	0.382363	0.375325	0.38233	0.382337	0.37715	0.354435	0.346376	0.354569	0.352758	0.346903	0.346283	0.495452	0.472358	0.474454	0.474114	0.470972	0.471375	0.352894	0.352164	0.352365	0.364823	0.371641	0.372043	0.334968	0.336271	0.354551	0.337224	0.352683	0.33913	0.264259	0.26057	0	0.262402	0.263951	0.259874	0.50512	0.501573	0.49448	0.493478	0.504926	0.504007	0.502157	0.50201	0.518364	0.504694	0.501315	0.501725	0.479351	0.470149	0.490544	0.475942	0.474346	0.470901	0.526076	0.529259	0.529362	0.527513	0.541815	0.527179	0.554608	0.55171	0.557347	0.555138	0.551863	0.55487	0.50512	0.501573	0.49448	0.493478	0.504926	0.504007	0.521582	0.521558	0.529731	0.523535	0.521043	0.524545	0.653037	0.571815	0.653007	0.651835	0.571909	0.569709
