	ERR622581	ERR622579	ERR622577	ERR622578	ERR622582	ERR622580	ERR636667	ERR636669	ERR636668	ERR636672	ERR636670	ERR636671	ERR612782	ERR612777	ERR612778	ERR612781	ERR612780	ERR612779	ERR629704	ERR629705	ERR629708	ERR629706	ERR629707	ERR629709	ERR617140	ERR617142	ERR617137	ERR617139	ERR617141	ERR617138	ERR608950	ERR608951	ERR608952	ERR608954	ERR608949	ERR608953	ERR636667	ERR636669	ERR636668	ERR636672	ERR636670	ERR636671	ERR609045	ERR609050	ERR609049	ERR609047	ERR609048	ERR609046	ERR631287	ERR631288	ERR631289	ERR631285	ERR631286	ERR631290	ERR605491	ERR605493	ERR605492	ERR605495	ERR605496	ERR605494	ERR607875	ERR607880	ERR607876	ERR607877	ERR607879	ERR607878	ERR605542	ERR605543	ERR605539	ERR605540	ERR605541	ERR605544	ERR614530	ERR614526	ERR614529	ERR614527	ERR614525	ERR614528	ERR618351	ERR618352	ERR618355	ERR618356	ERR618354	ERR618353	ERR616612	ERR616611	ERR616613	ERR616610	ERR616614	ERR616615	ERR618173	ERR618174	ERR618172	ERR618170	ERR618171	ERR618169
ERR622581	3.91406e+08	2.13852e+08	3.26479e+08	3.08545e+08	2.79019e+08	2.68106e+08	2.41958e+08	2.69883e+08	2.7273e+08	2.27196e+08	2.31437e+08	2.25332e+08	2.39908e+08	2.81096e+08	1.94784e+08	2.43077e+08	2.39956e+08	2.5714e+08	2.53026e+08	2.12877e+08	2.65487e+08	2.12081e+08	2.66268e+08	2.71649e+08	2.03808e+08	1.98622e+08	2.34237e+08	2.50232e+08	2.1281e+08	2.50078e+08	2.40208e+08	2.58171e+08	1.9909e+08	1.92202e+08	1.86429e+08	1.95648e+08	2.41958e+08	2.69883e+08	2.7273e+08	2.27196e+08	2.31437e+08	2.25332e+08	1.39903e+08	2.2531e+08	2.23663e+08	2.46616e+08	2.31205e+08	2.18673e+08	1.82191e+08	1.49736e+08	1.49175e+08	1.56619e+08	1.51943e+08	1.48921e+08	2.233e+08	1.99943e+08	2.10471e+08	2.12735e+08	2.08821e+08	2.09374e+08	1.21987e+08	1.43187e+08	1.25437e+08	1.22183e+08	1.41079e+08	1.41412e+08	1.90777e+08	1.92989e+08	2.02869e+08	1.92321e+08	1.83033e+08	1.90074e+08	1.78556e+08	1.36966e+08	1.87605e+08	1.28533e+08	1.32755e+08	1.87673e+08	1.42478e+08	1.36963e+08	1.59338e+08	1.574e+08	1.58741e+08	1.37508e+08	1.61254e+08	1.7509e+08	1.88299e+08	1.70911e+08	1.87785e+08	1.90126e+08	1.62456e+08	1.56637e+08	1.70737e+08	1.67248e+08	1.79027e+08	1.68885e+08
ERR622579	2.13852e+08	2.64033e+08	2.57772e+08	2.44037e+08	2.19753e+08	2.11369e+08	1.87972e+08	2.09209e+08	2.11589e+08	1.76452e+08	1.79645e+08	1.7507e+08	1.89912e+08	2.21488e+08	1.55335e+08	1.92341e+08	1.8999e+08	2.02857e+08	1.9571e+08	1.64899e+08	2.05171e+08	1.64405e+08	2.05771e+08	2.09811e+08	1.57549e+08	1.52668e+08	1.80572e+08	1.93149e+08	1.64426e+08	1.92902e+08	1.85735e+08	1.9957e+08	1.54264e+08	1.489e+08	1.43832e+08	1.51654e+08	1.87972e+08	2.09209e+08	2.11589e+08	1.76452e+08	1.79645e+08	1.7507e+08	1.08632e+08	1.75008e+08	1.73764e+08	1.91884e+08	1.79692e+08	1.7008e+08	1.40697e+08	1.15738e+08	1.15171e+08	1.2097e+08	1.17485e+08	1.15005e+08	1.76017e+08	1.5797e+08	1.66106e+08	1.67824e+08	1.64924e+08	1.65326e+08	9.42376e+07	1.10726e+08	9.69048e+07	9.44891e+07	1.09102e+08	1.09248e+08	1.50962e+08	1.52574e+08	1.60227e+08	1.52031e+08	1.4486e+08	1.50318e+08	1.36854e+08	1.05248e+08	1.44246e+08	9.88174e+07	1.02019e+08	1.44319e+08	1.11063e+08	1.0675e+08	1.23821e+08	1.22427e+08	1.23455e+08	1.07194e+08	1.28553e+08	1.39233e+08	1.49272e+08	1.35961e+08	1.48704e+08	1.50607e+08	1.24969e+08	1.20495e+08	1.3147e+08	1.28755e+08	1.37837e+08	1.29905e+08
ERR622577	3.26479e+08	2.57772e+08	5.50256e+08	3.76476e+08	3.36154e+08	3.22535e+08	2.97873e+08	3.32488e+08	3.36719e+08	2.79041e+08	2.84363e+08	2.76639e+08	2.89014e+08	3.40434e+08	2.32954e+08	2.92813e+08	2.89059e+08	3.10093e+08	3.10529e+08	2.60328e+08	3.25873e+08	2.59495e+08	3.26949e+08	3.33613e+08	2.51849e+08	2.43647e+08	2.89361e+08	3.10018e+08	2.63026e+08	3.09689e+08	2.94684e+08	3.17163e+08	2.43878e+08	2.35216e+08	2.27054e+08	2.39638e+08	2.97873e+08	3.32488e+08	3.36719e+08	2.79041e+08	2.84363e+08	2.76639e+08	1.69441e+08	2.76428e+08	2.73978e+08	3.0302e+08	2.83545e+08	2.67805e+08	2.29449e+08	1.88626e+08	1.87632e+08	1.97333e+08	1.91597e+08	1.87391e+08	2.74022e+08	2.44393e+08	2.57746e+08	2.60625e+08	2.55694e+08	2.56529e+08	1.53214e+08	1.80354e+08	1.5755e+08	1.53569e+08	1.77669e+08	1.77877e+08	2.32616e+08	2.35249e+08	2.47764e+08	2.34422e+08	2.22515e+08	2.31655e+08	2.22193e+08	1.70628e+08	2.34047e+08	1.60191e+08	1.65414e+08	2.34086e+08	1.79396e+08	1.72421e+08	2.00286e+08	1.98029e+08	1.99765e+08	1.73122e+08	1.96225e+08	2.13453e+08	2.29834e+08	2.08265e+08	2.29145e+08	2.32056e+08	2.02919e+08	1.95652e+08	2.13517e+08	2.08958e+08	2.23978e+08	2.10721e+08
ERR622578	3.08545e+08	2.44037e+08	3.76476e+08	4.96645e+08	3.1773e+08	3.04837e+08	2.80061e+08	3.12429e+08	3.16283e+08	2.62316e+08	2.67254e+08	2.60216e+08	2.73335e+08	3.21406e+08	2.20754e+08	2.77025e+08	2.73438e+08	2.93206e+08	2.92161e+08	2.45051e+08	3.06468e+08	2.44341e+08	3.07413e+08	3.13615e+08	2.36389e+08	2.28879e+08	2.71389e+08	2.90731e+08	2.46798e+08	2.90386e+08	2.76939e+08	2.98094e+08	2.29286e+08	2.21139e+08	2.13621e+08	2.25384e+08	2.80061e+08	3.12429e+08	3.16283e+08	2.62316e+08	2.67254e+08	2.60216e+08	1.5975e+08	2.60273e+08	2.57995e+08	2.85223e+08	2.66792e+08	2.52134e+08	2.14421e+08	1.76333e+08	1.75594e+08	1.84483e+08	1.7911e+08	1.7522e+08	2.5787e+08	2.30107e+08	2.4269e+08	2.454e+08	2.40771e+08	2.41576e+08	1.43421e+08	1.68711e+08	1.47543e+08	1.43748e+08	1.66279e+08	1.66516e+08	2.19173e+08	2.21745e+08	2.33437e+08	2.20908e+08	2.09905e+08	2.18364e+08	2.08534e+08	1.60155e+08	2.19608e+08	1.50375e+08	1.55233e+08	2.19662e+08	1.67966e+08	1.61352e+08	1.87407e+08	1.85231e+08	1.86955e+08	1.61999e+08	1.85184e+08	2.01347e+08	2.16706e+08	1.96491e+08	2.1609e+08	2.18887e+08	1.90234e+08	1.83391e+08	2.00075e+08	1.95998e+08	2.09875e+08	1.97696e+08
ERR622582	2.79019e+08	2.19753e+08	3.36154e+08	3.1773e+08	4.11117e+08	2.7568e+08	2.49474e+08	2.78365e+08	2.81128e+08	2.34321e+08	2.38682e+08	2.32282e+08	2.46629e+08	2.89148e+08	2.00197e+08	2.49924e+08	2.46654e+08	2.64404e+08	2.61042e+08	2.19439e+08	2.73929e+08	2.18841e+08	2.74544e+08	2.80285e+08	2.10077e+08	2.04685e+08	2.41541e+08	2.57879e+08	2.19388e+08	2.57868e+08	2.47602e+08	2.66019e+08	2.051e+08	1.97901e+08	1.92144e+08	2.01492e+08	2.49474e+08	2.78365e+08	2.81128e+08	2.34321e+08	2.38682e+08	2.32282e+08	1.4399e+08	2.32334e+08	2.30353e+08	2.54087e+08	2.38133e+08	2.25293e+08	1.87759e+08	1.54437e+08	1.53728e+08	1.6144e+08	1.56657e+08	1.53516e+08	2.29657e+08	2.05612e+08	2.16541e+08	2.18938e+08	2.14703e+08	2.15492e+08	1.2588e+08	1.47811e+08	1.29479e+08	1.26063e+08	1.45538e+08	1.45854e+08	1.96253e+08	1.98494e+08	2.08803e+08	1.97828e+08	1.88252e+08	1.956e+08	1.83894e+08	1.41041e+08	1.93345e+08	1.32306e+08	1.36764e+08	1.9338e+08	1.46997e+08	1.41329e+08	1.64311e+08	1.62335e+08	1.63829e+08	1.41797e+08	1.65641e+08	1.79983e+08	1.93532e+08	1.75746e+08	1.93018e+08	1.95496e+08	1.67388e+08	1.61506e+08	1.75905e+08	1.72371e+08	1.84452e+08	1.74089e+08
ERR622580	2.68106e+08	2.11369e+08	3.22535e+08	3.04837e+08	2.7568e+08	3.83699e+08	2.38902e+08	2.66635e+08	2.69161e+08	2.24445e+08	2.28529e+08	2.22534e+08	2.37202e+08	2.77747e+08	1.92603e+08	2.40275e+08	2.37236e+08	2.54111e+08	2.49993e+08	2.10269e+08	2.6218e+08	2.09659e+08	2.62985e+08	2.68505e+08	2.01101e+08	1.96038e+08	2.31287e+08	2.4681e+08	2.09926e+08	2.46701e+08	2.3719e+08	2.54669e+08	1.96347e+08	1.89576e+08	1.84009e+08	1.92975e+08	2.38902e+08	2.66635e+08	2.69161e+08	2.24445e+08	2.28529e+08	2.22534e+08	1.38048e+08	2.22503e+08	2.20673e+08	2.43336e+08	2.28106e+08	2.15825e+08	1.79864e+08	1.48032e+08	1.473e+08	1.5475e+08	1.50073e+08	1.47042e+08	2.20896e+08	1.97817e+08	2.08308e+08	2.10409e+08	2.06669e+08	2.07264e+08	1.20563e+08	1.41491e+08	1.23975e+08	1.20759e+08	1.3946e+08	1.39744e+08	1.88957e+08	1.91075e+08	2.00848e+08	1.90391e+08	1.81327e+08	1.88313e+08	1.76287e+08	1.3536e+08	1.85421e+08	1.26896e+08	1.31136e+08	1.85456e+08	1.40807e+08	1.35421e+08	1.57328e+08	1.55577e+08	1.56876e+08	1.3587e+08	1.59492e+08	1.73218e+08	1.86294e+08	1.69207e+08	1.85884e+08	1.87998e+08	1.60497e+08	1.54709e+08	1.68597e+08	1.65174e+08	1.76794e+08	1.66881e+08
ERR636667	2.41958e+08	1.87972e+08	2.97873e+08	2.80061e+08	2.49474e+08	2.38902e+08	4.57251e+08	3.5405e+08	3.58231e+08	2.9819e+08	3.03919e+08	2.95763e+08	2.38007e+08	2.82513e+08	1.88903e+08	2.41412e+08	2.3788e+08	2.55924e+08	2.95435e+08	2.48157e+08	3.10012e+08	2.47333e+08	3.10936e+08	3.17047e+08	2.33606e+08	2.2588e+08	2.68006e+08	2.86657e+08	2.43465e+08	2.86827e+08	2.79185e+08	3.002e+08	2.31147e+08	2.23231e+08	2.15704e+08	2.27277e+08	4.57251e+08	3.5405e+08	3.58231e+08	2.9819e+08	3.03919e+08	2.95763e+08	1.61259e+08	2.60512e+08	2.57701e+08	2.85155e+08	2.67105e+08	2.52685e+08	2.10227e+08	1.72574e+08	1.71815e+08	1.80328e+08	1.75305e+08	1.7156e+08	2.16079e+08	1.90632e+08	2.01964e+08	2.04519e+08	2.00438e+08	2.00985e+08	1.40566e+08	1.65692e+08	1.44754e+08	1.41036e+08	1.63321e+08	1.63569e+08	1.71686e+08	1.73951e+08	1.8425e+08	1.73185e+08	1.6327e+08	1.70884e+08	2.06807e+08	1.58954e+08	2.1806e+08	1.48908e+08	1.54001e+08	2.18167e+08	1.66229e+08	1.59836e+08	1.85121e+08	1.82959e+08	1.84698e+08	1.60334e+08	1.52751e+08	1.68115e+08	1.82425e+08	1.63216e+08	1.81789e+08	1.84297e+08	1.8769e+08	1.80887e+08	1.97269e+08	1.93093e+08	2.06859e+08	1.94769e+08
ERR636669	2.69883e+08	2.09209e+08	3.32488e+08	3.12429e+08	2.78365e+08	2.66635e+08	3.5405e+08	5.52109e+08	3.98716e+08	3.31397e+08	3.37619e+08	3.28566e+08	2.64334e+08	3.14355e+08	2.09423e+08	2.68193e+08	2.64158e+08	2.84662e+08	3.29178e+08	2.76076e+08	3.45525e+08	2.75222e+08	3.46619e+08	3.53666e+08	2.60488e+08	2.52507e+08	2.99401e+08	3.20165e+08	2.71886e+08	3.20208e+08	3.11091e+08	3.34304e+08	2.57062e+08	2.4818e+08	2.40064e+08	2.52762e+08	3.5405e+08	5.52109e+08	3.98716e+08	3.31397e+08	3.37619e+08	3.28566e+08	1.79422e+08	2.90224e+08	2.87114e+08	3.17792e+08	2.97483e+08	2.81417e+08	2.37083e+08	1.94667e+08	1.93975e+08	2.03444e+08	1.97701e+08	1.93691e+08	2.44613e+08	2.15837e+08	2.28815e+08	2.31571e+08	2.2676e+08	2.27553e+08	1.58694e+08	1.86882e+08	1.63376e+08	1.58988e+08	1.84052e+08	1.84371e+08	1.94178e+08	1.9684e+08	2.08668e+08	1.96019e+08	1.84776e+08	1.93356e+08	2.32094e+08	1.78169e+08	2.44464e+08	1.66938e+08	1.72715e+08	2.44476e+08	1.86317e+08	1.79133e+08	2.07812e+08	2.05449e+08	2.07307e+08	1.79694e+08	1.72441e+08	1.89925e+08	2.06064e+08	1.84435e+08	2.05444e+08	2.08353e+08	2.10772e+08	2.03166e+08	2.21672e+08	2.16846e+08	2.32303e+08	2.18991e+08
ERR636668	2.7273e+08	2.11589e+08	3.36719e+08	3.16283e+08	2.81128e+08	2.69161e+08	3.58231e+08	3.98716e+08	5.64453e+08	3.35018e+08	3.41527e+08	3.32396e+08	2.66994e+08	3.17591e+08	2.11246e+08	2.70854e+08	2.66799e+08	2.87087e+08	3.3265e+08	2.78709e+08	3.49068e+08	2.7794e+08	3.50251e+08	3.57236e+08	2.6404e+08	2.54511e+08	3.02731e+08	3.24471e+08	2.75372e+08	3.24523e+08	3.13867e+08	3.37538e+08	2.59536e+08	2.50478e+08	2.41523e+08	2.55238e+08	3.58231e+08	3.98716e+08	5.64453e+08	3.35018e+08	3.41527e+08	3.32396e+08	1.80286e+08	2.92935e+08	2.89637e+08	3.21168e+08	3.00508e+08	2.83856e+08	2.40653e+08	1.97577e+08	1.96805e+08	2.06541e+08	2.00751e+08	1.96459e+08	2.47094e+08	2.17954e+08	2.31108e+08	2.33966e+08	2.29169e+08	2.29944e+08	1.60802e+08	1.89774e+08	1.65672e+08	1.61313e+08	1.86887e+08	1.87208e+08	1.9634e+08	1.99046e+08	2.1099e+08	1.98143e+08	1.86691e+08	1.95517e+08	2.33835e+08	1.79946e+08	2.47153e+08	1.68645e+08	1.74278e+08	2.47122e+08	1.90235e+08	1.82799e+08	2.11614e+08	2.09349e+08	2.1132e+08	1.83296e+08	1.74843e+08	1.92403e+08	2.08592e+08	1.86686e+08	2.07798e+08	2.10839e+08	2.13072e+08	2.05246e+08	2.24198e+08	2.1918e+08	2.34999e+08	2.20912e+08
ERR636672	2.27196e+08	1.76452e+08	2.79041e+08	2.62316e+08	2.34321e+08	2.24445e+08	2.9819e+08	3.31397e+08	3.35018e+08	4.09862e+08	2.8627e+08	2.78687e+08	2.24182e+08	2.65542e+08	1.78183e+08	2.27408e+08	2.24051e+08	2.41008e+08	2.77261e+08	2.33188e+08	2.90896e+08	2.32459e+08	2.91831e+08	2.97578e+08	2.18574e+08	2.12033e+08	2.51057e+08	2.67839e+08	2.27767e+08	2.67955e+08	2.6285e+08	2.82202e+08	2.17695e+08	2.10047e+08	2.0355e+08	2.13949e+08	2.9819e+08	3.31397e+08	3.35018e+08	4.09862e+08	2.8627e+08	2.78687e+08	1.52309e+08	2.44883e+08	2.42314e+08	2.6793e+08	2.51045e+08	2.37603e+08	1.95626e+08	1.60769e+08	1.5995e+08	1.67872e+08	1.63185e+08	1.59807e+08	2.02133e+08	1.78356e+08	1.89142e+08	1.91335e+08	1.87399e+08	1.87947e+08	1.31275e+08	1.54477e+08	1.35136e+08	1.31439e+08	1.5219e+08	1.52513e+08	1.60308e+08	1.62642e+08	1.72387e+08	1.62057e+08	1.52747e+08	1.5974e+08	1.9427e+08	1.49174e+08	2.04496e+08	1.3971e+08	1.44545e+08	2.04562e+08	1.53927e+08	1.48073e+08	1.71575e+08	1.69684e+08	1.71165e+08	1.48437e+08	1.42451e+08	1.56765e+08	1.70245e+08	1.52286e+08	1.69777e+08	1.72086e+08	1.75526e+08	1.69189e+08	1.84576e+08	1.80515e+08	1.93354e+08	1.82387e+08
ERR636670	2.31437e+08	1.79645e+08	2.84363e+08	2.67254e+08	2.38682e+08	2.28529e+08	3.03919e+08	3.37619e+08	3.41527e+08	2.8627e+08	4.23029e+08	2.83981e+08	2.28391e+08	2.70692e+08	1.81402e+08	2.31562e+08	2.28258e+08	2.45516e+08	2.82885e+08	2.37798e+08	2.96723e+08	2.37052e+08	2.97716e+08	3.03526e+08	2.22963e+08	2.16139e+08	2.56038e+08	2.73129e+08	2.3233e+08	2.73428e+08	2.6792e+08	2.87797e+08	2.21621e+08	2.14016e+08	2.07317e+08	2.17941e+08	3.03919e+08	3.37619e+08	3.41527e+08	2.8627e+08	4.23029e+08	2.83981e+08	1.55263e+08	2.49805e+08	2.47141e+08	2.73238e+08	2.56149e+08	2.42375e+08	1.996e+08	1.63909e+08	1.63325e+08	1.71282e+08	1.66432e+08	1.62928e+08	2.05918e+08	1.81797e+08	1.92659e+08	1.94889e+08	1.9105e+08	1.91593e+08	1.33814e+08	1.5756e+08	1.37765e+08	1.34113e+08	1.55145e+08	1.55441e+08	1.63425e+08	1.65711e+08	1.75527e+08	1.64996e+08	1.55653e+08	1.62761e+08	1.9813e+08	1.52104e+08	2.08561e+08	1.42577e+08	1.474e+08	2.08689e+08	1.56896e+08	1.50883e+08	1.74909e+08	1.72958e+08	1.74542e+08	1.51407e+08	1.45171e+08	1.59971e+08	1.73525e+08	1.55275e+08	1.73e+08	1.75424e+08	1.79297e+08	1.72847e+08	1.88363e+08	1.84353e+08	1.9747e+08	1.86258e+08
ERR636671	2.25332e+08	1.7507e+08	2.76639e+08	2.60216e+08	2.32282e+08	2.22534e+08	2.95763e+08	3.28566e+08	3.32396e+08	2.78687e+08	2.83981e+08	4.0446e+08	2.22484e+08	2.63563e+08	1.76927e+08	2.2566e+08	2.22304e+08	2.39154e+08	2.75188e+08	2.31322e+08	2.88532e+08	2.30619e+08	2.89569e+08	2.95175e+08	2.16817e+08	2.10328e+08	2.48996e+08	2.6589e+08	2.26058e+08	2.65989e+08	2.61029e+08	2.80178e+08	2.15982e+08	2.08461e+08	2.0205e+08	2.12351e+08	2.95763e+08	3.28566e+08	3.32396e+08	2.78687e+08	2.83981e+08	4.0446e+08	1.51136e+08	2.42992e+08	2.40403e+08	2.65708e+08	2.49061e+08	2.35708e+08	1.94172e+08	1.59446e+08	1.58915e+08	1.66695e+08	1.61891e+08	1.58575e+08	2.0042e+08	1.76971e+08	1.87442e+08	1.89824e+08	1.85911e+08	1.86479e+08	1.30271e+08	1.53206e+08	1.34158e+08	1.30487e+08	1.50899e+08	1.51189e+08	1.59104e+08	1.61321e+08	1.71052e+08	1.60614e+08	1.51376e+08	1.58447e+08	1.9293e+08	1.48152e+08	2.03138e+08	1.38837e+08	1.43655e+08	2.03255e+08	1.52809e+08	1.46899e+08	1.70293e+08	1.68366e+08	1.69869e+08	1.47397e+08	1.41263e+08	1.55591e+08	1.6879e+08	1.51079e+08	1.68274e+08	1.70564e+08	1.74426e+08	1.68129e+08	1.83311e+08	1.7943e+08	1.92072e+08	1.81138e+08
ERR612782	2.39908e+08	1.89912e+08	2.89014e+08	2.73335e+08	2.46629e+08	2.37202e+08	2.38007e+08	2.64334e+08	2.66994e+08	2.24182e+08	2.28391e+08	2.22484e+08	3.89848e+08	3.17854e+08	2.22999e+08	2.77272e+08	2.73702e+08	2.91678e+08	2.3923e+08	2.01083e+08	2.50714e+08	2.00281e+08	2.5148e+08	2.56573e+08	2.04572e+08	1.99382e+08	2.34959e+08	2.50026e+08	2.13214e+08	2.50011e+08	2.44236e+08	2.61743e+08	2.02943e+08	1.95909e+08	1.90796e+08	1.99658e+08	2.38007e+08	2.64334e+08	2.66994e+08	2.24182e+08	2.28391e+08	2.22484e+08	1.39529e+08	2.22481e+08	2.21056e+08	2.43463e+08	2.28665e+08	2.16317e+08	1.73276e+08	1.42817e+08	1.42177e+08	1.49082e+08	1.44641e+08	1.41955e+08	2.22997e+08	2.00509e+08	2.10085e+08	2.12902e+08	2.09101e+08	2.09564e+08	1.15878e+08	1.35963e+08	1.19207e+08	1.16011e+08	1.34102e+08	1.34308e+08	2.0799e+08	2.10514e+08	2.20324e+08	2.09298e+08	2.00235e+08	2.07283e+08	1.76662e+08	1.35886e+08	1.85504e+08	1.27355e+08	1.31715e+08	1.85603e+08	1.3665e+08	1.31339e+08	1.5226e+08	1.50475e+08	1.51865e+08	1.31872e+08	1.63879e+08	1.78135e+08	1.90871e+08	1.73985e+08	1.90367e+08	1.92755e+08	1.58403e+08	1.52824e+08	1.66282e+08	1.62986e+08	1.74233e+08	1.64918e+08
ERR612777	2.81096e+08	2.21488e+08	3.40434e+08	3.21406e+08	2.89148e+08	2.77747e+08	2.82513e+08	3.14355e+08	3.17591e+08	2.65542e+08	2.70692e+08	2.63563e+08	3.17854e+08	5.13172e+08	2.58288e+08	3.21522e+08	3.17285e+08	3.41063e+08	2.84329e+08	2.38369e+08	2.98482e+08	2.37425e+08	2.99087e+08	3.05514e+08	2.43596e+08	2.36829e+08	2.79703e+08	2.98228e+08	2.54005e+08	2.984e+08	2.89569e+08	3.10797e+08	2.40111e+08	2.31725e+08	2.25463e+08	2.36072e+08	2.82513e+08	3.14355e+08	3.17591e+08	2.65542e+08	2.70692e+08	2.63563e+08	1.64077e+08	2.63297e+08	2.61365e+08	2.88484e+08	2.70317e+08	2.55738e+08	2.09985e+08	1.72883e+08	1.72235e+08	1.80519e+08	1.7513e+08	1.71927e+08	2.64112e+08	2.36878e+08	2.48649e+08	2.52104e+08	2.47247e+08	2.47918e+08	1.40015e+08	1.64441e+08	1.44071e+08	1.40288e+08	1.62144e+08	1.62462e+08	2.45649e+08	2.48545e+08	2.60469e+08	2.47117e+08	2.3614e+08	2.44702e+08	2.11383e+08	1.62562e+08	2.22352e+08	1.5241e+08	1.57585e+08	2.2232e+08	1.6481e+08	1.58359e+08	1.83617e+08	1.81491e+08	1.82989e+08	1.58844e+08	1.92629e+08	2.09923e+08	2.2506e+08	2.0464e+08	2.24407e+08	2.27371e+08	1.90137e+08	1.83436e+08	1.99686e+08	1.95561e+08	2.09281e+08	1.97919e+08
ERR612778	1.94784e+08	1.55335e+08	2.32954e+08	2.20754e+08	2.00197e+08	1.92603e+08	1.88903e+08	2.09423e+08	2.11246e+08	1.78183e+08	1.81402e+08	1.76927e+08	2.22999e+08	2.58288e+08	2.74243e+08	2.25313e+08	2.22587e+08	2.38113e+08	1.89279e+08	1.59608e+08	1.98359e+08	1.58941e+08	1.98719e+08	2.0279e+08	1.61559e+08	1.57818e+08	1.85284e+08	1.96808e+08	1.68202e+08	1.96853e+08	1.94018e+08	2.0757e+08	1.61497e+08	1.55941e+08	1.52226e+08	1.58849e+08	1.88903e+08	2.09423e+08	2.11246e+08	1.78183e+08	1.81402e+08	1.76927e+08	1.12536e+08	1.77756e+08	1.76678e+08	1.94386e+08	1.82557e+08	1.73051e+08	1.3471e+08	1.11187e+08	1.1072e+08	1.15971e+08	1.12542e+08	1.10515e+08	1.7924e+08	1.61879e+08	1.6927e+08	1.71473e+08	1.68407e+08	1.68779e+08	9.04452e+07	1.05867e+08	9.29465e+07	9.04704e+07	1.04469e+08	1.04702e+08	1.67569e+08	1.69497e+08	1.77202e+08	1.68583e+08	1.61491e+08	1.67099e+08	1.38847e+08	1.06789e+08	1.4558e+08	1.00105e+08	1.03536e+08	1.45706e+08	1.06723e+08	1.02716e+08	1.18753e+08	1.17394e+08	1.18304e+08	1.0294e+08	1.33374e+08	1.44518e+08	1.54413e+08	1.41235e+08	1.53911e+08	1.55745e+08	1.24098e+08	1.1974e+08	1.30075e+08	1.27592e+08	1.36255e+08	1.29154e+08
ERR612781	2.43077e+08	1.92341e+08	2.92813e+08	2.77025e+08	2.49924e+08	2.40275e+08	2.41412e+08	2.68193e+08	2.70854e+08	2.27408e+08	2.31562e+08	2.2566e+08	2.77272e+08	3.21522e+08	2.25313e+08	3.98247e+08	2.76737e+08	2.95056e+08	2.4264e+08	2.03868e+08	2.54299e+08	2.03086e+08	2.55066e+08	2.60324e+08	2.0754e+08	2.02387e+08	2.38302e+08	2.53573e+08	2.16346e+08	2.53825e+08	2.47597e+08	2.65592e+08	2.05762e+08	1.98658e+08	1.93542e+08	2.02368e+08	2.41412e+08	2.68193e+08	2.70854e+08	2.27408e+08	2.31562e+08	2.2566e+08	1.41637e+08	2.25759e+08	2.24184e+08	2.47021e+08	2.31842e+08	2.19436e+08	1.7615e+08	1.45184e+08	1.44666e+08	1.5154e+08	1.46974e+08	1.443e+08	2.25953e+08	2.03192e+08	2.13107e+08	2.15855e+08	2.11861e+08	2.12441e+08	1.17812e+08	1.3817e+08	1.21178e+08	1.17992e+08	1.36286e+08	1.36619e+08	2.10456e+08	2.13061e+08	2.23105e+08	2.1182e+08	2.02643e+08	2.09804e+08	1.79378e+08	1.37973e+08	1.88325e+08	1.29351e+08	1.3378e+08	1.88492e+08	1.3892e+08	1.33617e+08	1.54826e+08	1.53003e+08	1.54293e+08	1.34036e+08	1.66017e+08	1.80408e+08	1.93466e+08	1.76207e+08	1.9296e+08	1.9539e+08	1.60949e+08	1.55208e+08	1.68844e+08	1.65436e+08	1.76936e+08	1.67514e+08
ERR612780	2.39956e+08	1.8999e+08	2.89059e+08	2.73438e+08	2.46654e+08	2.37236e+08	2.3788e+08	2.64158e+08	2.66799e+08	2.24051e+08	2.28258e+08	2.22304e+08	2.73702e+08	3.17285e+08	2.22587e+08	2.76737e+08	3.8882e+08	2.91134e+08	2.38922e+08	2.00967e+08	2.50578e+08	2.00077e+08	2.51211e+08	2.56315e+08	2.04363e+08	1.99324e+08	2.34544e+08	2.49504e+08	2.12819e+08	2.49847e+08	2.4412e+08	2.6148e+08	2.02806e+08	1.95889e+08	1.9082e+08	1.99452e+08	2.3788e+08	2.64158e+08	2.66799e+08	2.24051e+08	2.28258e+08	2.22304e+08	1.39479e+08	2.22415e+08	2.20953e+08	2.43326e+08	2.28332e+08	2.16117e+08	1.73076e+08	1.42674e+08	1.4216e+08	1.48978e+08	1.44574e+08	1.41947e+08	2.22596e+08	2.00112e+08	2.09846e+08	2.12559e+08	2.08553e+08	2.09293e+08	1.15782e+08	1.35737e+08	1.1903e+08	1.15873e+08	1.33887e+08	1.34132e+08	2.07341e+08	2.09705e+08	2.19582e+08	2.08682e+08	1.99594e+08	2.0668e+08	1.76798e+08	1.35844e+08	1.85402e+08	1.27364e+08	1.31616e+08	1.8554e+08	1.36743e+08	1.3155e+08	1.52422e+08	1.50595e+08	1.51868e+08	1.31978e+08	1.63515e+08	1.77767e+08	1.90539e+08	1.73542e+08	1.89928e+08	1.92343e+08	1.58356e+08	1.52778e+08	1.66197e+08	1.62885e+08	1.74153e+08	1.64859e+08
ERR612779	2.5714e+08	2.02857e+08	3.10093e+08	2.93206e+08	2.64404e+08	2.54111e+08	2.55924e+08	2.84662e+08	2.87087e+08	2.41008e+08	2.45516e+08	2.39154e+08	2.91678e+08	3.41063e+08	2.38113e+08	2.95056e+08	2.91134e+08	4.37927e+08	2.57566e+08	2.1643e+08	2.70336e+08	2.15664e+08	2.71022e+08	2.76613e+08	2.2016e+08	2.15132e+08	2.5309e+08	2.69218e+08	2.2942e+08	2.69319e+08	2.62906e+08	2.8186e+08	2.18128e+08	2.10518e+08	2.05501e+08	2.1446e+08	2.55924e+08	2.84662e+08	2.87087e+08	2.41008e+08	2.45516e+08	2.39154e+08	1.50078e+08	2.39537e+08	2.37746e+08	2.61973e+08	2.45692e+08	2.32757e+08	1.87422e+08	1.54483e+08	1.53777e+08	1.61379e+08	1.56374e+08	1.53483e+08	2.39933e+08	2.15652e+08	2.26247e+08	2.29114e+08	2.24937e+08	2.25441e+08	1.25394e+08	1.46984e+08	1.29024e+08	1.25604e+08	1.44948e+08	1.45342e+08	2.23865e+08	2.26495e+08	2.37298e+08	2.25476e+08	2.15615e+08	2.23155e+08	1.91269e+08	1.46998e+08	2.00629e+08	1.37701e+08	1.42377e+08	2.00751e+08	1.47014e+08	1.41305e+08	1.63889e+08	1.61986e+08	1.63297e+08	1.418e+08	1.75368e+08	1.90937e+08	2.04778e+08	1.86329e+08	2.04139e+08	2.06842e+08	1.71355e+08	1.65271e+08	1.798e+08	1.7619e+08	1.88297e+08	1.78535e+08
ERR629704	2.53026e+08	1.9571e+08	3.10529e+08	2.92161e+08	2.61042e+08	2.49993e+08	2.95435e+08	3.29178e+08	3.3265e+08	2.77261e+08	2.82885e+08	2.75188e+08	2.3923e+08	2.84329e+08	1.89279e+08	2.4264e+08	2.38922e+08	2.57566e+08	4.72914e+08	2.80419e+08	3.49569e+08	2.79704e+08	3.50702e+08	3.57843e+08	2.31663e+08	2.25143e+08	2.66741e+08	2.84934e+08	2.4172e+08	2.84948e+08	2.77001e+08	2.97757e+08	2.28548e+08	2.20662e+08	2.14126e+08	2.24758e+08	2.95435e+08	3.29178e+08	3.3265e+08	2.77261e+08	2.82885e+08	2.75188e+08	1.61615e+08	2.62868e+08	2.60008e+08	2.87803e+08	2.69349e+08	2.54729e+08	2.17935e+08	1.79354e+08	1.78598e+08	1.87574e+08	1.81906e+08	1.78215e+08	2.25918e+08	1.99647e+08	2.11704e+08	2.13851e+08	2.09465e+08	2.10158e+08	1.46085e+08	1.71646e+08	1.5028e+08	1.46405e+08	1.68893e+08	1.6941e+08	1.7888e+08	1.81301e+08	1.92189e+08	1.80699e+08	1.70404e+08	1.78152e+08	2.16569e+08	1.66397e+08	2.27714e+08	1.55973e+08	1.61286e+08	2.27732e+08	1.70353e+08	1.63869e+08	1.89935e+08	1.87828e+08	1.89367e+08	1.64308e+08	1.58823e+08	1.74682e+08	1.89638e+08	1.69737e+08	1.89054e+08	1.91644e+08	1.96309e+08	1.8945e+08	2.06385e+08	2.01939e+08	2.16191e+08	2.044e+08
ERR629705	2.12877e+08	1.64899e+08	2.60328e+08	2.45051e+08	2.19439e+08	2.10269e+08	2.48157e+08	2.76076e+08	2.78709e+08	2.33188e+08	2.37798e+08	2.31322e+08	2.01083e+08	2.38369e+08	1.59608e+08	2.03868e+08	2.00967e+08	2.1643e+08	2.80419e+08	3.51597e+08	2.93331e+08	2.35745e+08	2.94298e+08	3.00277e+08	1.93299e+08	1.88676e+08	2.22854e+08	2.37475e+08	2.01689e+08	2.37609e+08	2.32795e+08	2.4999e+08	1.92422e+08	1.85774e+08	1.80486e+08	1.89126e+08	2.48157e+08	2.76076e+08	2.78709e+08	2.33188e+08	2.37798e+08	2.31322e+08	1.36503e+08	2.20682e+08	2.18388e+08	2.41149e+08	2.26064e+08	2.13952e+08	1.80215e+08	1.48421e+08	1.47673e+08	1.55122e+08	1.50423e+08	1.47448e+08	1.87276e+08	1.65562e+08	1.75539e+08	1.77302e+08	1.73632e+08	1.74179e+08	1.21148e+08	1.42042e+08	1.24631e+08	1.21348e+08	1.39916e+08	1.40306e+08	1.48162e+08	1.502e+08	1.59281e+08	1.49828e+08	1.41271e+08	1.47621e+08	1.80908e+08	1.38914e+08	1.899e+08	1.30012e+08	1.34617e+08	1.89977e+08	1.41163e+08	1.35772e+08	1.57353e+08	1.5566e+08	1.56922e+08	1.36247e+08	1.31436e+08	1.446e+08	1.57242e+08	1.40613e+08	1.56668e+08	1.58805e+08	1.6358e+08	1.57804e+08	1.71668e+08	1.68179e+08	1.79944e+08	1.70269e+08
ERR629708	2.65487e+08	2.05171e+08	3.25873e+08	3.06468e+08	2.73929e+08	2.6218e+08	3.10012e+08	3.45525e+08	3.49068e+08	2.90896e+08	2.96723e+08	2.88532e+08	2.50714e+08	2.98482e+08	1.98359e+08	2.54299e+08	2.50578e+08	2.70336e+08	3.49569e+08	2.93331e+08	5.1492e+08	2.92362e+08	3.69417e+08	3.75757e+08	2.43385e+08	2.36945e+08	2.80571e+08	2.9961e+08	2.53931e+08	2.99603e+08	2.90803e+08	3.12272e+08	2.39812e+08	2.31362e+08	2.24767e+08	2.35726e+08	3.10012e+08	3.45525e+08	3.49068e+08	2.90896e+08	2.96723e+08	2.88532e+08	1.69701e+08	2.76261e+08	2.73104e+08	3.02155e+08	2.82953e+08	2.67556e+08	2.3021e+08	1.89523e+08	1.88597e+08	1.97964e+08	1.9199e+08	1.88321e+08	2.38753e+08	2.11154e+08	2.23737e+08	2.26069e+08	2.21526e+08	2.22168e+08	1.54242e+08	1.8111e+08	1.58803e+08	1.54578e+08	1.78327e+08	1.78868e+08	1.89201e+08	1.9179e+08	2.03108e+08	1.91122e+08	1.80285e+08	1.88262e+08	2.28442e+08	1.75285e+08	2.40053e+08	1.64318e+08	1.69911e+08	2.39931e+08	1.79243e+08	1.72407e+08	2.00034e+08	1.97822e+08	1.99618e+08	1.72954e+08	1.67903e+08	1.8464e+08	2.00547e+08	1.79429e+08	1.99981e+08	2.02852e+08	2.07135e+08	1.99784e+08	2.17513e+08	2.12974e+08	2.28055e+08	2.15676e+08
ERR629706	2.12081e+08	1.64405e+08	2.59495e+08	2.44341e+08	2.18841e+08	2.09659e+08	2.47333e+08	2.75222e+08	2.7794e+08	2.32459e+08	2.37052e+08	2.30619e+08	2.00281e+08	2.37425e+08	1.58941e+08	2.03086e+08	2.00077e+08	2.15664e+08	2.79704e+08	2.35745e+08	2.92362e+08	3.49862e+08	2.93486e+08	2.99382e+08	1.92618e+08	1.87513e+08	2.21897e+08	2.36654e+08	2.01033e+08	2.3675e+08	2.31729e+08	2.4862e+08	1.9138e+08	1.84712e+08	1.79574e+08	1.88172e+08	2.47333e+08	2.75222e+08	2.7794e+08	2.32459e+08	2.37052e+08	2.30619e+08	1.35878e+08	2.19728e+08	2.17468e+08	2.40307e+08	2.25272e+08	2.13245e+08	1.79478e+08	1.47655e+08	1.47092e+08	1.54393e+08	1.49786e+08	1.46837e+08	1.86019e+08	1.64424e+08	1.74378e+08	1.7613e+08	1.72559e+08	1.73127e+08	1.20647e+08	1.4153e+08	1.23994e+08	1.2072e+08	1.39402e+08	1.39656e+08	1.47433e+08	1.49441e+08	1.58348e+08	1.48999e+08	1.40493e+08	1.46775e+08	1.79857e+08	1.38238e+08	1.88992e+08	1.29472e+08	1.33972e+08	1.89131e+08	1.40815e+08	1.35504e+08	1.56895e+08	1.5511e+08	1.56539e+08	1.35848e+08	1.30852e+08	1.43863e+08	1.56301e+08	1.39886e+08	1.55845e+08	1.58004e+08	1.62526e+08	1.56879e+08	1.707e+08	1.67298e+08	1.78994e+08	1.69261e+08
ERR629707	2.66268e+08	2.05771e+08	3.26949e+08	3.07413e+08	2.74544e+08	2.62985e+08	3.10936e+08	3.46619e+08	3.50251e+08	2.91831e+08	2.97716e+08	2.89569e+08	2.5148e+08	2.99087e+08	1.98719e+08	2.55066e+08	2.51211e+08	2.71022e+08	3.50702e+08	2.94298e+08	3.69417e+08	2.93486e+08	5.17627e+08	3.77086e+08	2.44143e+08	2.37612e+08	2.81426e+08	3.00558e+08	2.54909e+08	3.00643e+08	2.91899e+08	3.1338e+08	2.40651e+08	2.32162e+08	2.2544e+08	2.36597e+08	3.10936e+08	3.46619e+08	3.50251e+08	2.91831e+08	2.97716e+08	2.89569e+08	1.70253e+08	2.77037e+08	2.74073e+08	3.0344e+08	2.8383e+08	2.68588e+08	2.30943e+08	1.89963e+08	1.89299e+08	1.98604e+08	1.92726e+08	1.88978e+08	2.39325e+08	2.11486e+08	2.24208e+08	2.26693e+08	2.2191e+08	2.22696e+08	1.54697e+08	1.81704e+08	1.59222e+08	1.55027e+08	1.78961e+08	1.79609e+08	1.89509e+08	1.92182e+08	2.03706e+08	1.91466e+08	1.80517e+08	1.88685e+08	2.28876e+08	1.75801e+08	2.40622e+08	1.64704e+08	1.70412e+08	2.40676e+08	1.79852e+08	1.72964e+08	2.00689e+08	1.98539e+08	2.0029e+08	1.73539e+08	1.68277e+08	1.85209e+08	2.01163e+08	1.80079e+08	2.00615e+08	2.03316e+08	2.07641e+08	2.00391e+08	2.18326e+08	2.13546e+08	2.28681e+08	2.16175e+08
ERR629709	2.71649e+08	2.09811e+08	3.33613e+08	3.13615e+08	2.80285e+08	2.68505e+08	3.17047e+08	3.53666e+08	3.57236e+08	2.97578e+08	3.03526e+08	2.95175e+08	2.56573e+08	3.05514e+08	2.0279e+08	2.60324e+08	2.56315e+08	2.76613e+08	3.57843e+08	3.00277e+08	3.75757e+08	2.99382e+08	3.77086e+08	5.36269e+08	2.4914e+08	2.42564e+08	2.8732e+08	3.06558e+08	2.60081e+08	3.06683e+08	2.97868e+08	3.19923e+08	2.45632e+08	2.3701e+08	2.30326e+08	2.41419e+08	3.17047e+08	3.53666e+08	3.57236e+08	2.97578e+08	3.03526e+08	2.95175e+08	1.73821e+08	2.82729e+08	2.79709e+08	3.09404e+08	2.89501e+08	2.73942e+08	2.35608e+08	1.93954e+08	1.93101e+08	2.02792e+08	1.96551e+08	1.92771e+08	2.44768e+08	2.16332e+08	2.29364e+08	2.31783e+08	2.26948e+08	2.2771e+08	1.57948e+08	1.85507e+08	1.62583e+08	1.58232e+08	1.82677e+08	1.83085e+08	1.93687e+08	1.96381e+08	2.08263e+08	1.95883e+08	1.84629e+08	1.92928e+08	2.33848e+08	1.79458e+08	2.45767e+08	1.68221e+08	1.73997e+08	2.45862e+08	1.8333e+08	1.7629e+08	2.0454e+08	2.02329e+08	2.04079e+08	1.76833e+08	1.71899e+08	1.8904e+08	2.05468e+08	1.83876e+08	2.04907e+08	2.07606e+08	2.12135e+08	2.04657e+08	2.22738e+08	2.18314e+08	2.3349e+08	2.20788e+08
ERR617140	2.03808e+08	1.57549e+08	2.51849e+08	2.36389e+08	2.10077e+08	2.01101e+08	2.33606e+08	2.60488e+08	2.6404e+08	2.18574e+08	2.22963e+08	2.16817e+08	2.04572e+08	2.43596e+08	1.61559e+08	2.0754e+08	2.04363e+08	2.2016e+08	2.31663e+08	1.93299e+08	2.43385e+08	1.92618e+08	2.44143e+08	2.4914e+08	3.84498e+08	2.57566e+08	3.01682e+08	3.20889e+08	2.77433e+08	3.2085e+08	2.50174e+08	2.69207e+08	2.07998e+08	2.00567e+08	1.94067e+08	2.04535e+08	2.33606e+08	2.60488e+08	2.6404e+08	2.18574e+08	2.22963e+08	2.16817e+08	1.30776e+08	2.11956e+08	2.0986e+08	2.32406e+08	2.17622e+08	2.05319e+08	1.81046e+08	1.48907e+08	1.48107e+08	1.55615e+08	1.51045e+08	1.47982e+08	1.86725e+08	1.64482e+08	1.74627e+08	1.76566e+08	1.73176e+08	1.7367e+08	1.19456e+08	1.40691e+08	1.23008e+08	1.19474e+08	1.3848e+08	1.3907e+08	1.47507e+08	1.49344e+08	1.58559e+08	1.48866e+08	1.40267e+08	1.46804e+08	1.71417e+08	1.31665e+08	1.81088e+08	1.2365e+08	1.27784e+08	1.81221e+08	1.44366e+08	1.38591e+08	1.60898e+08	1.59295e+08	1.60864e+08	1.3905e+08	1.31383e+08	1.44662e+08	1.56974e+08	1.40686e+08	1.56461e+08	1.58504e+08	1.5767e+08	1.51993e+08	1.66059e+08	1.62208e+08	1.73858e+08	1.63526e+08
ERR617142	1.98622e+08	1.52668e+08	2.43647e+08	2.28879e+08	2.04685e+08	1.96038e+08	2.2588e+08	2.52507e+08	2.54511e+08	2.12033e+08	2.16139e+08	2.10328e+08	1.99382e+08	2.36829e+08	1.57818e+08	2.02387e+08	1.99324e+08	2.15132e+08	2.25143e+08	1.88676e+08	2.36945e+08	1.87513e+08	2.37612e+08	2.42564e+08	2.57566e+08	3.66601e+08	2.93377e+08	3.1014e+08	2.67977e+08	3.1024e+08	2.44684e+08	2.62339e+08	2.03179e+08	1.96034e+08	1.91938e+08	1.99809e+08	2.2588e+08	2.52507e+08	2.54511e+08	2.12033e+08	2.16139e+08	2.10328e+08	1.29517e+08	2.07483e+08	2.05405e+08	2.2602e+08	2.12064e+08	2.0087e+08	1.73471e+08	1.42774e+08	1.42128e+08	1.49285e+08	1.44227e+08	1.41909e+08	1.81825e+08	1.60445e+08	1.70302e+08	1.72016e+08	1.68583e+08	1.6906e+08	1.15255e+08	1.3472e+08	1.1843e+08	1.15046e+08	1.32751e+08	1.33289e+08	1.43146e+08	1.4518e+08	1.54133e+08	1.4498e+08	1.36586e+08	1.42578e+08	1.68161e+08	1.28182e+08	1.75954e+08	1.20277e+08	1.24631e+08	1.76161e+08	1.36086e+08	1.3064e+08	1.52388e+08	1.50826e+08	1.52145e+08	1.31323e+08	1.26502e+08	1.39459e+08	1.52168e+08	1.35717e+08	1.51686e+08	1.53601e+08	1.53501e+08	1.48019e+08	1.60979e+08	1.57532e+08	1.68843e+08	1.59759e+08
ERR617137	2.34237e+08	1.80572e+08	2.89361e+08	2.71389e+08	2.41541e+08	2.31287e+08	2.68006e+08	2.99401e+08	3.02731e+08	2.51057e+08	2.56038e+08	2.48996e+08	2.34959e+08	2.79703e+08	1.85284e+08	2.38302e+08	2.34544e+08	2.5309e+08	2.66741e+08	2.22854e+08	2.80571e+08	2.21897e+08	2.81426e+08	2.8732e+08	3.01682e+08	2.93377e+08	4.83428e+08	3.65792e+08	3.13932e+08	3.65752e+08	2.88246e+08	3.09956e+08	2.39093e+08	2.30609e+08	2.24003e+08	2.35082e+08	2.68006e+08	2.99401e+08	3.02731e+08	2.51057e+08	2.56038e+08	2.48996e+08	1.51074e+08	2.44627e+08	2.42184e+08	2.67859e+08	2.50755e+08	2.36938e+08	2.08783e+08	1.71638e+08	1.70855e+08	1.79474e+08	1.73977e+08	1.70672e+08	2.17126e+08	1.91291e+08	2.03051e+08	2.05297e+08	2.01207e+08	2.01778e+08	1.38204e+08	1.62365e+08	1.42126e+08	1.38261e+08	1.59787e+08	1.60443e+08	1.71067e+08	1.73347e+08	1.84021e+08	1.72899e+08	1.63015e+08	1.7037e+08	1.99807e+08	1.52985e+08	2.10077e+08	1.43446e+08	1.4846e+08	2.10301e+08	1.64285e+08	1.57795e+08	1.83513e+08	1.81784e+08	1.83511e+08	1.58453e+08	1.51683e+08	1.67129e+08	1.81903e+08	1.62456e+08	1.81192e+08	1.83542e+08	1.83103e+08	1.76405e+08	1.924e+08	1.88237e+08	2.01602e+08	1.90218e+08
ERR617139	2.50232e+08	1.93149e+08	3.10018e+08	2.90731e+08	2.57879e+08	2.4681e+08	2.86657e+08	3.20165e+08	3.24471e+08	2.67839e+08	2.73129e+08	2.6589e+08	2.50026e+08	2.98228e+08	1.96808e+08	2.53573e+08	2.49504e+08	2.69218e+08	2.84934e+08	2.37475e+08	2.9961e+08	2.36654e+08	3.00558e+08	3.06558e+08	3.20889e+08	3.1014e+08	3.65792e+08	5.39138e+08	3.3411e+08	3.89888e+08	3.06343e+08	3.29781e+08	2.54022e+08	2.45157e+08	2.36868e+08	2.49914e+08	2.86657e+08	3.20165e+08	3.24471e+08	2.67839e+08	2.73129e+08	2.6589e+08	1.59934e+08	2.60727e+08	2.58217e+08	2.86086e+08	2.67667e+08	2.52419e+08	2.25798e+08	1.85589e+08	1.84859e+08	1.94059e+08	1.88371e+08	1.84556e+08	2.32913e+08	2.05087e+08	2.1765e+08	2.20228e+08	2.15877e+08	2.16509e+08	1.4878e+08	1.75132e+08	1.53016e+08	1.48984e+08	1.72596e+08	1.73173e+08	1.83897e+08	1.86289e+08	1.97643e+08	1.85529e+08	1.74926e+08	1.83164e+08	2.13432e+08	1.63864e+08	2.25145e+08	1.53803e+08	1.59052e+08	2.25406e+08	1.78861e+08	1.71581e+08	1.99494e+08	1.9745e+08	1.99479e+08	1.72261e+08	1.63674e+08	1.80288e+08	1.95632e+08	1.75163e+08	1.94942e+08	1.97442e+08	1.96379e+08	1.8919e+08	2.06711e+08	2.02033e+08	2.16585e+08	2.03607e+08
ERR617141	2.1281e+08	1.64426e+08	2.63026e+08	2.46798e+08	2.19388e+08	2.09926e+08	2.43465e+08	2.71886e+08	2.75372e+08	2.27767e+08	2.3233e+08	2.26058e+08	2.13214e+08	2.54005e+08	1.68202e+08	2.16346e+08	2.12819e+08	2.2942e+08	2.4172e+08	2.01689e+08	2.53931e+08	2.01033e+08	2.54909e+08	2.60081e+08	2.77433e+08	2.67977e+08	3.13932e+08	3.3411e+08	4.12038e+08	3.34071e+08	2.60895e+08	2.80618e+08	2.16656e+08	2.08996e+08	2.02065e+08	2.12967e+08	2.43465e+08	2.71886e+08	2.75372e+08	2.27767e+08	2.3233e+08	2.26058e+08	1.36363e+08	2.2134e+08	2.19019e+08	2.42725e+08	2.27152e+08	2.14285e+08	1.90064e+08	1.56313e+08	1.55522e+08	1.6322e+08	1.58405e+08	1.55405e+08	1.96112e+08	1.72823e+08	1.83463e+08	1.85603e+08	1.81866e+08	1.82356e+08	1.2532e+08	1.47648e+08	1.29041e+08	1.25577e+08	1.4537e+08	1.46054e+08	1.54982e+08	1.56814e+08	1.66542e+08	1.56266e+08	1.47283e+08	1.54288e+08	1.79701e+08	1.37991e+08	1.89728e+08	1.29558e+08	1.33994e+08	1.89874e+08	1.51242e+08	1.45134e+08	1.68714e+08	1.66874e+08	1.6861e+08	1.45708e+08	1.37941e+08	1.51778e+08	1.64856e+08	1.47539e+08	1.64202e+08	1.66308e+08	1.65406e+08	1.59378e+08	1.74101e+08	1.70111e+08	1.823e+08	1.71487e+08
ERR617138	2.50078e+08	1.92902e+08	3.09689e+08	2.90386e+08	2.57868e+08	2.46701e+08	2.86827e+08	3.20208e+08	3.24523e+08	2.67955e+08	2.73428e+08	2.65989e+08	2.50011e+08	2.984e+08	1.96853e+08	2.53825e+08	2.49847e+08	2.69319e+08	2.84948e+08	2.37609e+08	2.99603e+08	2.3675e+08	3.00643e+08	3.06683e+08	3.2085e+08	3.1024e+08	3.65752e+08	3.89888e+08	3.34071e+08	5.40176e+08	3.06818e+08	3.30183e+08	2.54231e+08	2.45265e+08	2.37384e+08	2.50111e+08	2.86827e+08	3.20208e+08	3.24523e+08	2.67955e+08	2.73428e+08	2.65989e+08	1.60088e+08	2.60499e+08	2.58023e+08	2.86045e+08	2.6754e+08	2.52402e+08	2.25504e+08	1.85262e+08	1.84598e+08	1.93757e+08	1.87949e+08	1.84278e+08	2.32703e+08	2.0494e+08	2.17507e+08	2.2003e+08	2.15742e+08	2.16356e+08	1.48548e+08	1.74932e+08	1.52922e+08	1.48695e+08	1.72311e+08	1.72903e+08	1.83772e+08	1.86131e+08	1.97499e+08	1.85429e+08	1.74753e+08	1.82943e+08	2.13394e+08	1.6384e+08	2.25228e+08	1.53748e+08	1.58952e+08	2.25255e+08	1.78441e+08	1.71326e+08	1.99176e+08	1.97053e+08	1.99014e+08	1.71934e+08	1.63433e+08	1.80045e+08	1.95509e+08	1.74986e+08	1.94727e+08	1.97324e+08	1.96213e+08	1.89068e+08	2.06595e+08	2.01908e+08	2.16376e+08	2.03529e+08
ERR608950	2.40208e+08	1.85735e+08	2.94684e+08	2.76939e+08	2.47602e+08	2.3719e+08	2.79185e+08	3.11091e+08	3.13867e+08	2.6285e+08	2.6792e+08	2.61029e+08	2.44236e+08	2.89569e+08	1.94018e+08	2.47597e+08	2.4412e+08	2.62906e+08	2.77001e+08	2.32795e+08	2.90803e+08	2.31729e+08	2.91899e+08	2.97868e+08	2.50174e+08	2.44684e+08	2.88246e+08	3.06343e+08	2.60895e+08	3.06818e+08	4.55893e+08	3.41458e+08	2.63463e+08	2.54243e+08	2.4878e+08	2.59068e+08	2.79185e+08	3.11091e+08	3.13867e+08	2.6285e+08	2.6792e+08	2.61029e+08	1.58249e+08	2.53753e+08	2.51579e+08	2.7729e+08	2.60006e+08	2.46057e+08	1.98875e+08	1.63582e+08	1.62814e+08	1.70818e+08	1.65488e+08	1.62637e+08	2.08862e+08	1.84353e+08	1.95423e+08	1.97489e+08	1.93602e+08	1.94055e+08	1.32334e+08	1.55209e+08	1.36043e+08	1.32296e+08	1.52939e+08	1.53398e+08	1.66071e+08	1.68531e+08	1.78709e+08	1.68132e+08	1.58449e+08	1.65411e+08	2.0216e+08	1.54664e+08	2.1196e+08	1.448e+08	1.50011e+08	2.12218e+08	1.55224e+08	1.49245e+08	1.73586e+08	1.71688e+08	1.73097e+08	1.49822e+08	1.45962e+08	1.61039e+08	1.75341e+08	1.56527e+08	1.7477e+08	1.772e+08	1.80516e+08	1.74044e+08	1.89452e+08	1.85578e+08	1.98627e+08	1.88023e+08
ERR608951	2.58171e+08	1.9957e+08	3.17163e+08	2.98094e+08	2.66019e+08	2.54669e+08	3.002e+08	3.34304e+08	3.37538e+08	2.82202e+08	2.87797e+08	2.80178e+08	2.61743e+08	3.10797e+08	2.0757e+08	2.65592e+08	2.6148e+08	2.8186e+08	2.97757e+08	2.4999e+08	3.12272e+08	2.4862e+08	3.1338e+08	3.19923e+08	2.69207e+08	2.62339e+08	3.09956e+08	3.29781e+08	2.80618e+08	3.30183e+08	3.41458e+08	5.15288e+08	2.82139e+08	2.72258e+08	2.65738e+08	2.77426e+08	3.002e+08	3.34304e+08	3.37538e+08	2.82202e+08	2.87797e+08	2.80178e+08	1.69186e+08	2.72483e+08	2.70067e+08	2.98177e+08	2.79283e+08	2.64243e+08	2.15397e+08	1.76873e+08	1.76122e+08	1.84924e+08	1.79153e+08	1.7591e+08	2.25399e+08	1.98997e+08	2.10942e+08	2.13305e+08	2.08815e+08	2.09587e+08	1.43018e+08	1.68075e+08	1.47202e+08	1.43228e+08	1.65617e+08	1.66065e+08	1.79406e+08	1.81943e+08	1.92892e+08	1.81476e+08	1.70966e+08	1.78603e+08	2.17315e+08	1.66539e+08	2.28361e+08	1.56002e+08	1.61442e+08	2.28568e+08	1.68213e+08	1.61702e+08	1.87882e+08	1.85868e+08	1.87503e+08	1.62253e+08	1.57802e+08	1.74026e+08	1.89335e+08	1.69146e+08	1.88694e+08	1.91357e+08	1.94546e+08	1.87582e+08	2.04285e+08	2.00066e+08	2.1419e+08	2.02471e+08
ERR608952	1.9909e+08	1.54264e+08	2.43878e+08	2.29286e+08	2.051e+08	1.96347e+08	2.31147e+08	2.57062e+08	2.59536e+08	2.17695e+08	2.21621e+08	2.15982e+08	2.02943e+08	2.40111e+08	1.61497e+08	2.05762e+08	2.02806e+08	2.18128e+08	2.28548e+08	1.92422e+08	2.39812e+08	1.9138e+08	2.40651e+08	2.45632e+08	2.07998e+08	2.03179e+08	2.39093e+08	2.54022e+08	2.16656e+08	2.54231e+08	2.63463e+08	2.82139e+08	3.31115e+08	2.12831e+08	2.06364e+08	2.16764e+08	2.31147e+08	2.57062e+08	2.59536e+08	2.17695e+08	2.21621e+08	2.15982e+08	1.3077e+08	2.09324e+08	2.07455e+08	2.28587e+08	2.14402e+08	2.0301e+08	1.62115e+08	1.3331e+08	1.32679e+08	1.39157e+08	1.34934e+08	1.32535e+08	1.69685e+08	1.49825e+08	1.58938e+08	1.60638e+08	1.57285e+08	1.57774e+08	1.07723e+08	1.26432e+08	1.10726e+08	1.07735e+08	1.24615e+08	1.24979e+08	1.3504e+08	1.36978e+08	1.45312e+08	1.36594e+08	1.28748e+08	1.3457e+08	1.64577e+08	1.26127e+08	1.72855e+08	1.18141e+08	1.22255e+08	1.72988e+08	1.27936e+08	1.22947e+08	1.42753e+08	1.41359e+08	1.42536e+08	1.23477e+08	1.18796e+08	1.31002e+08	1.42567e+08	1.27375e+08	1.42133e+08	1.44149e+08	1.47221e+08	1.41918e+08	1.54538e+08	1.51242e+08	1.62015e+08	1.53196e+08
