	ERR612548	ERR612552	ERR612547	ERR612549	ERR612551	ERR612550	ERR617184	ERR617183	ERR617182	ERR617181	ERR617179	ERR617180	ERR613176	ERR613175	ERR613177	ERR613174	ERR613178	ERR613173	ERR636926	ERR636927	ERR636925	ERR636930	ERR636928	ERR636929	ERR613176	ERR613175	ERR613177	ERR613174	ERR613178	ERR613173	ERR613986	ERR613985	ERR613989	ERR613984	ERR613987	ERR613988	ERR607365	ERR607363	ERR607366	ERR607364	ERR607362	ERR607361	ERR613666	ERR613669	ERR613667	ERR613668	ERR613670	ERR613665	ERR618690	ERR618687	ERR618689	ERR618688	ERR618692	ERR618691	ERR607462	ERR607460	ERR607461	ERR607459	ERR607457	ERR607458	ERR630080	ERR630081	ERR630078	ERR630082	ERR630079	ERR630083	ERR613264	ERR613267	ERR613268	ERR613263	ERR613266	ERR613265	ERR638283	ERR638279	ERR638284	ERR638280	ERR638281	ERR638282	ERR630174	ERR630175	ERR630173	ERR630172	ERR630170	ERR630171	ERR616703	ERR616700	ERR616702	ERR616701	ERR616704	ERR616705	ERR617320	ERR617323	ERR617319	ERR617324	ERR617321	ERR617322
ERR612548	6.16448e+09	6.23363e+09	7.15961e+09	6.87531e+09	6.30402e+09	6.28332e+09	4.27233e+09	5.20807e+09	5.16666e+09	4.6619e+09	4.39767e+09	4.65104e+09	4.91614e+09	6.17539e+09	5.10288e+09	6.42438e+09	5.0922e+09	6.66337e+09	6.27637e+09	6.23562e+09	5.78188e+09	6.52774e+09	6.5491e+09	6.5641e+09	4.91614e+09	6.17539e+09	5.10288e+09	6.42438e+09	5.0922e+09	6.66337e+09	6.12562e+09	6.78012e+09	6.75966e+09	7.05028e+09	6.73309e+09	6.75521e+09	6.06105e+09	6.82057e+09	6.08615e+09	5.98335e+09	6.82001e+09	6.46606e+09	5.96466e+09	5.59405e+09	5.76414e+09	5.61919e+09	4.70257e+09	6.08312e+09	5.04686e+09	5.16362e+09	4.96673e+09	4.92959e+09	5.15622e+09	5.08744e+09	5.08659e+09	5.03386e+09	5.03301e+09	4.60874e+09	4.62208e+09	4.70773e+09	6.24661e+09	5.11024e+09	6.41836e+09	5.83393e+09	5.97303e+09	5.92126e+09	6.18226e+09	5.00744e+09	4.98417e+09	6.40429e+09	4.8123e+09	5.95179e+09	6.44448e+09	5.31379e+09	6.21243e+09	5.40757e+09	5.22895e+09	6.43121e+09	6.30247e+09	6.04155e+09	6.30724e+09	5.65973e+09	6.4459e+09	5.85212e+09	5.37902e+09	4.71001e+09	4.5049e+09	4.78767e+09	5.38037e+09	5.37743e+09	4.98159e+09	5.45265e+09	4.97304e+09	5.48544e+09	5.02354e+09	5.47597e+09
ERR612552	6.23363e+09	6.7689e+09	7.53665e+09	7.22665e+09	6.61629e+09	6.59438e+09	4.45598e+09	5.45166e+09	5.40773e+09	4.8715e+09	4.58943e+09	4.85918e+09	5.12467e+09	6.46842e+09	5.3229e+09	6.73491e+09	5.31244e+09	6.99577e+09	6.58168e+09	6.53589e+09	6.05141e+09	6.84922e+09	6.87229e+09	6.88815e+09	5.12467e+09	6.46842e+09	5.3229e+09	6.73491e+09	5.31244e+09	6.99577e+09	6.4134e+09	7.1195e+09	7.09916e+09	7.41192e+09	7.06999e+09	7.09375e+09	6.35583e+09	7.16625e+09	6.38352e+09	6.27224e+09	7.16794e+09	6.78688e+09	6.24147e+09	5.84819e+09	6.02708e+09	5.87415e+09	4.90001e+09	6.36974e+09	5.28273e+09	5.406e+09	5.1973e+09	5.15623e+09	5.39939e+09	5.32552e+09	5.31961e+09	5.26334e+09	5.26287e+09	4.81124e+09	4.82506e+09	4.91648e+09	6.54993e+09	5.33659e+09	6.73415e+09	6.10584e+09	6.25718e+09	6.19886e+09	6.47961e+09	5.22693e+09	5.20267e+09	6.71995e+09	5.01925e+09	6.23374e+09	6.76425e+09	5.55626e+09	6.51432e+09	5.65623e+09	5.4665e+09	6.74957e+09	6.61484e+09	6.33278e+09	6.61907e+09	5.928e+09	6.76802e+09	6.13274e+09	5.63195e+09	4.9197e+09	4.70334e+09	5.00328e+09	5.63364e+09	5.6306e+09	5.20711e+09	5.70828e+09	5.19499e+09	5.7435e+09	5.2515e+09	5.73335e+09
ERR612547	7.15961e+09	7.53665e+09	9.09382e+09	8.40843e+09	7.63044e+09	7.60249e+09	5.06896e+09	6.2546e+09	6.20146e+09	5.55671e+09	5.22411e+09	5.54296e+09	5.83316e+09	7.46855e+09	6.06864e+09	7.80164e+09	6.05571e+09	8.12966e+09	7.61279e+09	7.55545e+09	6.95835e+09	7.9469e+09	7.97562e+09	7.99595e+09	5.83316e+09	7.46855e+09	6.06864e+09	7.80164e+09	6.05571e+09	8.12966e+09	7.41022e+09	8.2905e+09	8.26377e+09	8.6605e+09	8.22795e+09	8.25751e+09	7.34917e+09	8.35761e+09	7.38351e+09	7.2452e+09	8.36122e+09	7.88269e+09	7.18697e+09	6.70025e+09	6.92301e+09	6.73166e+09	5.56491e+09	7.34404e+09	6.07378e+09	6.22176e+09	5.96987e+09	5.92049e+09	6.21483e+09	6.12494e+09	6.09931e+09	6.0324e+09	6.03139e+09	5.4892e+09	5.5061e+09	5.6151e+09	7.59582e+09	6.11715e+09	7.82577e+09	7.05045e+09	7.23303e+09	7.16588e+09	7.50506e+09	5.96751e+09	5.93869e+09	7.80488e+09	5.7202e+09	7.19892e+09	7.86727e+09	6.38172e+09	7.55638e+09	6.50451e+09	6.27363e+09	7.84939e+09	7.68636e+09	7.33675e+09	7.69119e+09	6.84159e+09	7.87742e+09	7.09118e+09	6.47849e+09	5.61809e+09	5.35984e+09	5.71877e+09	6.47996e+09	6.47744e+09	5.96008e+09	6.56789e+09	5.94827e+09	6.61019e+09	6.01411e+09	6.59755e+09
ERR612549	6.87531e+09	7.22665e+09	8.40843e+09	8.31259e+09	7.31623e+09	7.28998e+09	4.88716e+09	5.99962e+09	5.94768e+09	5.33908e+09	5.02802e+09	5.32625e+09	5.631e+09	7.17638e+09	5.85419e+09	7.4873e+09	5.84208e+09	7.78818e+09	7.30112e+09	7.25296e+09	6.68823e+09	7.61977e+09	7.64645e+09	7.6647e+09	5.631e+09	7.17638e+09	5.85419e+09	7.4873e+09	5.84208e+09	7.78818e+09	7.1248e+09	7.93848e+09	7.91181e+09	8.27957e+09	7.87734e+09	7.90525e+09	7.04225e+09	7.99833e+09	7.07448e+09	6.94824e+09	7.99379e+09	7.5517e+09	6.91869e+09	6.45138e+09	6.66856e+09	6.48206e+09	5.37526e+09	7.06184e+09	5.82817e+09	5.96955e+09	5.73152e+09	5.68673e+09	5.96012e+09	5.87635e+09	5.86407e+09	5.80041e+09	5.79923e+09	5.28696e+09	5.30455e+09	5.40688e+09	7.29126e+09	5.90314e+09	7.50737e+09	6.79e+09	6.95427e+09	6.89775e+09	7.20518e+09	5.7572e+09	5.72938e+09	7.4803e+09	5.52245e+09	6.91917e+09	7.53904e+09	6.1414e+09	7.25592e+09	6.25673e+09	6.03674e+09	7.52296e+09	7.36454e+09	7.04288e+09	7.37085e+09	6.56862e+09	7.54411e+09	6.8065e+09	6.2225e+09	5.40463e+09	5.15651e+09	5.49834e+09	6.22453e+09	6.22154e+09	5.73466e+09	6.30823e+09	5.72866e+09	6.34867e+09	5.78643e+09	6.33679e+09
ERR612551	6.30402e+09	6.61629e+09	7.63044e+09	7.31623e+09	6.923e+09	6.67078e+09	4.50296e+09	5.50866e+09	5.46385e+09	4.91971e+09	4.63572e+09	4.90815e+09	5.18226e+09	6.547e+09	5.38293e+09	6.81762e+09	5.37159e+09	7.08115e+09	6.66007e+09	6.61475e+09	6.12178e+09	6.93396e+09	6.95722e+09	6.97395e+09	5.18226e+09	6.547e+09	5.38293e+09	6.81762e+09	5.37159e+09	7.08115e+09	6.493e+09	7.20885e+09	7.18763e+09	7.50595e+09	7.15774e+09	7.18226e+09	6.43071e+09	7.25833e+09	6.45861e+09	6.3466e+09	7.25857e+09	6.8712e+09	6.31847e+09	5.91506e+09	6.09903e+09	5.94209e+09	4.95353e+09	6.44722e+09	5.33931e+09	5.46415e+09	5.25178e+09	5.21118e+09	5.45753e+09	5.38282e+09	5.37737e+09	5.32057e+09	5.31997e+09	4.86174e+09	4.87635e+09	4.96848e+09	6.63108e+09	5.40045e+09	6.818e+09	6.18229e+09	6.33378e+09	6.27691e+09	6.55885e+09	5.28582e+09	5.26105e+09	6.80203e+09	5.07594e+09	6.3097e+09	6.84835e+09	5.62031e+09	6.59619e+09	5.72205e+09	5.52892e+09	6.83383e+09	6.69544e+09	6.40966e+09	6.69976e+09	5.99656e+09	6.85126e+09	6.20531e+09	5.69435e+09	4.97077e+09	4.75079e+09	5.0554e+09	5.69595e+09	5.69343e+09	5.26394e+09	5.77259e+09	5.25366e+09	5.80876e+09	5.30915e+09	5.79822e+09
ERR612550	6.28332e+09	6.59438e+09	7.60249e+09	7.28998e+09	6.67078e+09	6.87986e+09	4.48808e+09	5.4922e+09	5.44749e+09	4.90617e+09	4.62244e+09	4.89433e+09	5.16278e+09	6.52097e+09	5.36313e+09	6.79013e+09	5.35187e+09	7.05312e+09	6.63496e+09	6.58926e+09	6.09977e+09	6.9057e+09	6.92931e+09	6.94546e+09	5.16278e+09	6.52097e+09	5.36313e+09	6.79013e+09	5.35187e+09	7.05312e+09	6.46528e+09	7.17848e+09	7.1578e+09	7.47453e+09	7.12829e+09	7.15233e+09	6.40737e+09	7.22869e+09	6.43579e+09	6.3238e+09	7.22983e+09	6.84427e+09	6.2918e+09	5.89293e+09	6.07414e+09	5.91927e+09	4.93508e+09	6.42107e+09	5.32283e+09	5.44756e+09	5.23599e+09	5.19515e+09	5.4404e+09	5.36639e+09	5.35967e+09	5.30294e+09	5.30224e+09	4.84601e+09	4.86031e+09	4.95239e+09	6.60509e+09	5.37888e+09	6.7919e+09	6.15672e+09	6.30914e+09	6.25077e+09	6.53223e+09	5.26514e+09	5.24071e+09	6.77523e+09	5.05554e+09	6.28352e+09	6.82115e+09	5.59942e+09	6.56869e+09	5.70102e+09	5.50883e+09	6.80653e+09	6.67098e+09	6.38509e+09	6.67506e+09	5.97563e+09	6.82562e+09	6.18263e+09	5.67538e+09	4.95498e+09	4.73626e+09	5.03912e+09	5.67704e+09	5.67418e+09	5.24569e+09	5.75227e+09	5.23458e+09	5.78824e+09	5.29071e+09	5.77781e+09
ERR617184	4.27233e+09	4.45598e+09	5.06896e+09	4.88716e+09	4.50296e+09	4.48808e+09	3.66796e+09	4.16776e+09	4.13608e+09	3.76929e+09	3.58167e+09	3.76151e+09	3.75944e+09	4.63801e+09	3.89137e+09	4.81033e+09	3.88271e+09	4.9758e+09	4.68257e+09	4.66323e+09	4.34668e+09	4.86677e+09	4.88087e+09	4.89052e+09	3.75944e+09	4.63801e+09	3.89137e+09	4.81033e+09	3.88271e+09	4.9758e+09	4.63845e+09	5.10925e+09	5.08969e+09	5.30499e+09	5.06917e+09	5.08676e+09	4.49541e+09	5.02328e+09	4.51388e+09	4.4512e+09	5.01337e+09	4.77882e+09	4.36634e+09	4.10012e+09	4.22629e+09	4.11867e+09	3.49583e+09	4.44513e+09	4.08243e+09	4.16704e+09	4.02833e+09	4.00166e+09	4.15976e+09	4.11075e+09	4.01926e+09	3.98352e+09	3.98152e+09	3.68066e+09	3.69353e+09	3.75395e+09	4.76432e+09	3.96676e+09	4.88651e+09	4.48316e+09	4.57439e+09	4.54483e+09	4.67511e+09	3.84335e+09	3.82777e+09	4.83e+09	3.70703e+09	4.5103e+09	4.93704e+09	4.15355e+09	4.79035e+09	4.21849e+09	4.09311e+09	4.92976e+09	4.88278e+09	4.7087e+09	4.88651e+09	4.44144e+09	4.97965e+09	4.57612e+09	4.252e+09	3.77598e+09	3.62557e+09	3.82934e+09	4.25276e+09	4.25259e+09	3.90008e+09	4.22731e+09	3.89788e+09	4.25109e+09	3.92951e+09	4.24523e+09
ERR617183	5.20807e+09	5.45166e+09	6.2546e+09	5.99962e+09	5.50866e+09	5.4922e+09	4.16776e+09	5.28366e+09	5.03965e+09	4.55857e+09	4.29591e+09	4.5464e+09	4.49685e+09	5.63809e+09	4.66806e+09	5.86702e+09	4.65896e+09	6.09745e+09	5.72267e+09	5.68223e+09	5.2778e+09	5.94612e+09	5.96654e+09	5.97933e+09	4.49685e+09	5.63809e+09	4.66806e+09	5.86702e+09	4.65896e+09	6.09745e+09	5.61766e+09	6.26645e+09	6.24636e+09	6.53132e+09	6.22004e+09	6.24316e+09	5.4969e+09	6.15822e+09	5.52136e+09	5.42824e+09	6.16289e+09	5.84498e+09	5.27198e+09	4.95358e+09	5.09333e+09	4.97607e+09	4.17277e+09	5.38513e+09	4.95955e+09	5.06701e+09	4.88442e+09	4.84575e+09	5.06315e+09	4.99542e+09	4.86914e+09	4.8223e+09	4.82135e+09	4.4302e+09	4.43959e+09	4.52e+09	5.80861e+09	4.74681e+09	5.96824e+09	5.40693e+09	5.5502e+09	5.48766e+09	5.6957e+09	4.61823e+09	4.5999e+09	5.90849e+09	4.4424e+09	5.47771e+09	6.04263e+09	5.02207e+09	5.82333e+09	5.10832e+09	4.95068e+09	6.03122e+09	5.97723e+09	5.7316e+09	5.97762e+09	5.40596e+09	6.10387e+09	5.57191e+09	5.16404e+09	4.56157e+09	4.37653e+09	4.63339e+09	5.16428e+09	5.16529e+09	4.71634e+09	5.14103e+09	4.69554e+09	5.1714e+09	4.75166e+09	5.16296e+09
ERR617182	5.16666e+09	5.40773e+09	6.20146e+09	5.94768e+09	5.46385e+09	5.44749e+09	4.13608e+09	5.03965e+09	5.20573e+09	4.5254e+09	4.26456e+09	4.51328e+09	4.4614e+09	5.58991e+09	4.63035e+09	5.81571e+09	4.62139e+09	6.04419e+09	5.67519e+09	5.63385e+09	5.23429e+09	5.89366e+09	5.91475e+09	5.92763e+09	4.4614e+09	5.58991e+09	4.63035e+09	5.81571e+09	4.62139e+09	6.04419e+09	5.56832e+09	6.21171e+09	6.19197e+09	6.47395e+09	6.16625e+09	6.18868e+09	5.45136e+09	6.10276e+09	5.47534e+09	5.38305e+09	6.10854e+09	5.79391e+09	5.22669e+09	4.91374e+09	5.0507e+09	4.93614e+09	4.14032e+09	5.33994e+09	4.91911e+09	5.02531e+09	4.84503e+09	4.80635e+09	5.02215e+09	4.95481e+09	4.82898e+09	4.78286e+09	4.78194e+09	4.39495e+09	4.40383e+09	4.48337e+09	5.7576e+09	4.70596e+09	5.91508e+09	5.35852e+09	5.50086e+09	5.438e+09	5.64562e+09	4.58008e+09	4.56198e+09	5.85709e+09	4.40586e+09	5.42989e+09	5.98845e+09	4.97945e+09	5.76989e+09	5.065e+09	4.9088e+09	5.97663e+09	5.92278e+09	5.67936e+09	5.92354e+09	5.35897e+09	6.0488e+09	5.52179e+09	5.12189e+09	4.52661e+09	4.34367e+09	4.59755e+09	5.12135e+09	5.12223e+09	4.67905e+09	5.09845e+09	4.65717e+09	5.12897e+09	4.71369e+09	5.12099e+09
ERR617181	4.6619e+09	4.8715e+09	5.55671e+09	5.33908e+09	4.91971e+09	4.90617e+09	3.76929e+09	4.55857e+09	4.5254e+09	4.29396e+09	3.88633e+09	4.1048e+09	4.04537e+09	5.03083e+09	4.19541e+09	5.22572e+09	4.18712e+09	5.42162e+09	5.1039e+09	5.06933e+09	4.72396e+09	5.29254e+09	5.31067e+09	5.32145e+09	4.04537e+09	5.03083e+09	4.19541e+09	5.22572e+09	4.18712e+09	5.42162e+09	5.01192e+09	5.56697e+09	5.54985e+09	5.79231e+09	5.52757e+09	5.54682e+09	4.9052e+09	5.46763e+09	4.92639e+09	4.84695e+09	5.47254e+09	5.2014e+09	4.71129e+09	4.44005e+09	4.55763e+09	4.45958e+09	3.75891e+09	4.81009e+09	4.44989e+09	4.54218e+09	4.3845e+09	4.35156e+09	4.53974e+09	4.48081e+09	4.36793e+09	4.32734e+09	4.32669e+09	3.98822e+09	3.99537e+09	4.06557e+09	5.17202e+09	4.25308e+09	5.30848e+09	4.82312e+09	4.94996e+09	4.89239e+09	5.07415e+09	4.14395e+09	4.12807e+09	5.25698e+09	3.98986e+09	4.88749e+09	5.37169e+09	4.49756e+09	5.18407e+09	4.5718e+09	4.4366e+09	5.3616e+09	5.31685e+09	5.10581e+09	5.31702e+09	4.82828e+09	5.42538e+09	4.97029e+09	4.62506e+09	4.10604e+09	3.94614e+09	4.16748e+09	4.62449e+09	4.6255e+09	4.2352e+09	4.60107e+09	4.21433e+09	4.62743e+09	4.26615e+09	4.6206e+09
ERR617179	4.39767e+09	4.58943e+09	5.22411e+09	5.02802e+09	4.63572e+09	4.62244e+09	3.58167e+09	4.29591e+09	4.26456e+09	3.88633e+09	3.84698e+09	3.87645e+09	3.84442e+09	4.75701e+09	3.98292e+09	4.93729e+09	3.97474e+09	5.114e+09	4.81491e+09	4.78723e+09	4.46475e+09	4.9955e+09	5.01114e+09	5.02151e+09	3.84442e+09	4.75701e+09	3.98292e+09	4.93729e+09	3.97474e+09	5.114e+09	4.74705e+09	5.24916e+09	5.23155e+09	5.45491e+09	5.21062e+09	5.22891e+09	4.62431e+09	5.15551e+09	4.64357e+09	4.57308e+09	5.15417e+09	4.90629e+09	4.46668e+09	4.20432e+09	4.32328e+09	4.22313e+09	3.57332e+09	4.55449e+09	4.20155e+09	4.28804e+09	4.14262e+09	4.11364e+09	4.28237e+09	4.23e+09	4.13041e+09	4.09301e+09	4.09143e+09	3.77822e+09	3.78701e+09	3.85157e+09	4.88973e+09	4.04655e+09	5.0161e+09	4.57872e+09	4.68697e+09	4.64269e+09	4.79597e+09	3.93334e+09	3.91775e+09	4.96144e+09	3.79094e+09	4.6236e+09	5.0689e+09	4.25846e+09	4.90331e+09	4.32701e+09	4.19958e+09	5.06022e+09	5.01658e+09	4.82772e+09	5.01834e+09	4.56314e+09	5.11752e+09	4.69743e+09	4.36765e+09	3.88246e+09	3.73096e+09	3.93907e+09	4.36775e+09	4.36825e+09	4.00659e+09	4.34627e+09	3.99567e+09	4.37077e+09	4.03597e+09	4.36454e+09
ERR617180	4.65104e+09	4.85918e+09	5.54296e+09	5.32625e+09	4.90815e+09	4.89433e+09	3.76151e+09	4.5464e+09	4.51328e+09	4.1048e+09	3.87645e+09	4.27189e+09	4.04221e+09	5.02315e+09	4.19094e+09	5.21737e+09	4.18279e+09	5.41267e+09	5.09411e+09	5.06014e+09	4.71587e+09	5.28476e+09	5.30187e+09	5.31304e+09	4.04221e+09	5.02315e+09	4.19094e+09	5.21737e+09	4.18279e+09	5.41267e+09	5.00566e+09	5.55715e+09	5.53962e+09	5.78159e+09	5.51769e+09	5.53668e+09	4.89591e+09	5.45896e+09	4.91658e+09	4.83687e+09	5.46252e+09	5.19254e+09	4.70475e+09	4.43235e+09	4.55217e+09	4.45193e+09	3.75383e+09	4.80293e+09	4.44067e+09	4.53241e+09	4.37617e+09	4.34347e+09	4.52983e+09	4.47136e+09	4.35889e+09	4.31952e+09	4.31817e+09	3.98032e+09	3.98823e+09	4.05778e+09	5.16346e+09	4.25024e+09	5.29941e+09	4.81908e+09	4.94203e+09	4.88845e+09	5.06683e+09	4.14018e+09	4.12407e+09	5.24884e+09	3.9874e+09	4.88104e+09	5.36334e+09	4.49092e+09	5.1765e+09	4.56491e+09	4.42961e+09	5.35322e+09	5.30769e+09	5.09868e+09	5.30858e+09	4.82101e+09	5.41637e+09	4.96229e+09	4.61479e+09	4.09786e+09	3.93766e+09	4.15947e+09	4.61389e+09	4.61562e+09	4.22772e+09	4.59261e+09	4.20856e+09	4.61892e+09	4.25785e+09	4.61217e+09
ERR613176	4.91614e+09	5.12467e+09	5.83316e+09	5.631e+09	5.18226e+09	5.16278e+09	3.75944e+09	4.49685e+09	4.4614e+09	4.04537e+09	3.84442e+09	4.04221e+09	4.61222e+09	5.48862e+09	4.61134e+09	5.68488e+09	4.59822e+09	5.8648e+09	5.43315e+09	5.41522e+09	5.04286e+09	5.64846e+09	5.66312e+09	5.67358e+09	4.61222e+09	5.48862e+09	4.61134e+09	5.68488e+09	4.59822e+09	5.8648e+09	5.46067e+09	5.93142e+09	5.91176e+09	6.12498e+09	5.89163e+09	5.90859e+09	5.18405e+09	5.80551e+09	5.20241e+09	5.12918e+09	5.78663e+09	5.52896e+09	5.17311e+09	4.84853e+09	5.01599e+09	4.87137e+09	4.13729e+09	5.25556e+09	4.46061e+09	4.55766e+09	4.40046e+09	4.37303e+09	4.54633e+09	4.49329e+09	4.56627e+09	4.5235e+09	4.51979e+09	4.16948e+09	4.18692e+09	4.25627e+09	5.541e+09	4.64154e+09	5.67449e+09	5.2469e+09	5.32982e+09	5.31639e+09	5.5365e+09	4.57725e+09	4.55542e+09	5.69962e+09	4.41695e+09	5.3531e+09	5.74185e+09	4.8197e+09	5.57552e+09	4.8981e+09	4.74372e+09	5.73176e+09	5.59268e+09	5.3989e+09	5.60058e+09	5.06284e+09	5.70669e+09	5.22785e+09	4.79655e+09	4.23532e+09	4.05675e+09	4.29816e+09	4.80009e+09	4.79749e+09	4.5157e+09	4.90687e+09	4.52855e+09	4.93517e+09	4.55323e+09	4.92768e+09
ERR613175	6.17539e+09	6.46842e+09	7.46855e+09	7.17638e+09	6.547e+09	6.52097e+09	4.63801e+09	5.63809e+09	5.58991e+09	5.03083e+09	4.75701e+09	5.02315e+09	5.48862e+09	7.16359e+09	5.70237e+09	7.23042e+09	5.6853e+09	7.4928e+09	6.88657e+09	6.85572e+09	6.33497e+09	7.18471e+09	7.20566e+09	7.22138e+09	5.48862e+09	7.16359e+09	5.70237e+09	7.23042e+09	5.6853e+09	7.4928e+09	6.90865e+09	7.59086e+09	7.56408e+09	7.87207e+09	7.53588e+09	7.56002e+09	6.55268e+09	7.41981e+09	6.57996e+09	6.47349e+09	7.40027e+09	7.02878e+09	6.5009e+09	6.05327e+09	6.2784e+09	6.08384e+09	5.08098e+09	6.61998e+09	5.6099e+09	5.74149e+09	5.52626e+09	5.4876e+09	5.7266e+09	5.65311e+09	5.71764e+09	5.66004e+09	5.65685e+09	5.1791e+09	5.20015e+09	5.29386e+09	7.05213e+09	5.78482e+09	7.24352e+09	6.62216e+09	6.75057e+09	6.7206e+09	7.03717e+09	5.68881e+09	5.65963e+09	7.27212e+09	5.46767e+09	6.7752e+09	7.338e+09	6.04832e+09	7.097e+09	6.15732e+09	5.94694e+09	7.32379e+09	7.13495e+09	6.85567e+09	7.14449e+09	6.39969e+09	7.29677e+09	6.62413e+09	6.03954e+09	5.27372e+09	5.03747e+09	5.36082e+09	6.04308e+09	6.04034e+09	5.63778e+09	6.17549e+09	5.64926e+09	6.21406e+09	5.68939e+09	6.20366e+09
ERR613177	5.10288e+09	5.3229e+09	6.06864e+09	5.85419e+09	5.38293e+09	5.36313e+09	3.89137e+09	4.66806e+09	4.63035e+09	4.19541e+09	3.98292e+09	4.19094e+09	4.61134e+09	5.70237e+09	4.94053e+09	5.90982e+09	4.76307e+09	6.10089e+09	5.64585e+09	5.62611e+09	5.23457e+09	5.87118e+09	5.88607e+09	5.89752e+09	4.61134e+09	5.70237e+09	4.94053e+09	5.90982e+09	4.76307e+09	6.10089e+09	5.66979e+09	6.16849e+09	6.14854e+09	6.37381e+09	6.12761e+09	6.14517e+09	5.38477e+09	6.03732e+09	5.40534e+09	5.32658e+09	6.01895e+09	5.74603e+09	5.36775e+09	5.02697e+09	5.20126e+09	5.05123e+09	4.27794e+09	5.45577e+09	4.62963e+09	4.73196e+09	4.56658e+09	4.53762e+09	4.71989e+09	4.66397e+09	4.73776e+09	4.6934e+09	4.69018e+09	4.32082e+09	4.33857e+09	4.41172e+09	5.76107e+09	4.80971e+09	5.90222e+09	5.44614e+09	5.53721e+09	5.52022e+09	5.75413e+09	4.74249e+09	4.71954e+09	5.9268e+09	4.57179e+09	5.56014e+09	5.97062e+09	4.9999e+09	5.79407e+09	5.08222e+09	4.92061e+09	5.95999e+09	5.81573e+09	5.60969e+09	5.82401e+09	5.25873e+09	5.93641e+09	5.43171e+09	4.97962e+09	4.38966e+09	4.20294e+09	4.45618e+09	4.98329e+09	4.98012e+09	4.68291e+09	5.0937e+09	4.69412e+09	5.12398e+09	4.72196e+09	5.11544e+09
ERR613174	6.42438e+09	6.73491e+09	7.80164e+09	7.4873e+09	6.81762e+09	6.79013e+09	4.81033e+09	5.86702e+09	5.81571e+09	5.22572e+09	4.93729e+09	5.21737e+09	5.68488e+09	7.23042e+09	5.90982e+09	7.76755e+09	5.89276e+09	7.81868e+09	7.17491e+09	7.14014e+09	6.58674e+09	7.4927e+09	7.51515e+09	7.53127e+09	5.68488e+09	7.23042e+09	5.90982e+09	7.76755e+09	5.89276e+09	7.81868e+09	7.19331e+09	7.92712e+09	7.89835e+09	8.23028e+09	7.86838e+09	7.89411e+09	6.82567e+09	7.74868e+09	6.85506e+09	6.74011e+09	7.72968e+09	7.33113e+09	6.75893e+09	6.28561e+09	6.52353e+09	6.31787e+09	5.26209e+09	6.88705e+09	5.84116e+09	5.97979e+09	5.75189e+09	5.71131e+09	5.96434e+09	5.88626e+09	5.94237e+09	5.88199e+09	5.87838e+09	5.37459e+09	5.39624e+09	5.495e+09	7.34921e+09	6.0024e+09	7.55393e+09	6.88841e+09	7.0264e+09	6.99436e+09	7.33391e+09	5.89995e+09	5.86985e+09	7.58537e+09	5.66696e+09	7.05197e+09	7.65631e+09	6.28583e+09	7.39686e+09	6.4007e+09	6.17844e+09	7.64159e+09	7.44362e+09	7.14551e+09	7.45394e+09	6.66394e+09	7.61573e+09	6.90051e+09	6.28394e+09	5.47606e+09	5.22797e+09	5.56857e+09	6.28747e+09	6.284e+09	5.85301e+09	6.42145e+09	5.86474e+09	6.46288e+09	5.90778e+09	6.45139e+09
ERR613178	5.0922e+09	5.31244e+09	6.05571e+09	5.84208e+09	5.37159e+09	5.35187e+09	3.88271e+09	4.65896e+09	4.62139e+09	4.18712e+09	3.97474e+09	4.18279e+09	4.59822e+09	5.6853e+09	4.76307e+09	5.89276e+09	4.91295e+09	6.08307e+09	5.63065e+09	5.60948e+09	5.22043e+09	5.85393e+09	5.86928e+09	5.88034e+09	4.59822e+09	5.6853e+09	4.76307e+09	5.89276e+09	4.91295e+09	6.08307e+09	5.65237e+09	6.15091e+09	6.1305e+09	6.35577e+09	6.11008e+09	6.12741e+09	5.37084e+09	6.01979e+09	5.39098e+09	5.3135e+09	6.00225e+09	5.73013e+09	5.35117e+09	5.01315e+09	5.18582e+09	5.03729e+09	4.26635e+09	5.43949e+09	4.61943e+09	4.72118e+09	4.55644e+09	4.52739e+09	4.70978e+09	4.65353e+09	4.72654e+09	4.68216e+09	4.67871e+09	4.31083e+09	4.3281e+09	4.40058e+09	5.74381e+09	4.79501e+09	5.88486e+09	5.42925e+09	5.5216e+09	5.50236e+09	5.73658e+09	4.72848e+09	4.70602e+09	5.9092e+09	4.55837e+09	5.54388e+09	5.95241e+09	4.98602e+09	5.77616e+09	5.06792e+09	4.90728e+09	5.94203e+09	5.79996e+09	5.59393e+09	5.80826e+09	5.2452e+09	5.92002e+09	5.41726e+09	4.96815e+09	4.38008e+09	4.19464e+09	4.44602e+09	4.97117e+09	4.96807e+09	4.6708e+09	5.08014e+09	4.68185e+09	5.11026e+09	4.70991e+09	5.10232e+09
ERR613173	6.66337e+09	6.99577e+09	8.12966e+09	7.78818e+09	7.08115e+09	7.05312e+09	4.9758e+09	6.09745e+09	6.04419e+09	5.42162e+09	5.114e+09	5.41267e+09	5.8648e+09	7.4928e+09	6.10089e+09	7.81868e+09	6.08307e+09	8.37391e+09	7.44471e+09	7.40294e+09	6.8212e+09	7.7779e+09	7.80229e+09	7.8195e+09	5.8648e+09	7.4928e+09	6.10089e+09	7.81868e+09	6.08307e+09	8.37391e+09	7.44779e+09	8.2417e+09	8.21207e+09	8.5696e+09	8.18053e+09	8.2079e+09	7.08579e+09	8.0561e+09	7.11749e+09	6.9924e+09	8.04099e+09	7.61415e+09	6.9902e+09	6.49963e+09	6.74248e+09	6.53253e+09	5.42522e+09	7.12921e+09	6.07186e+09	6.21725e+09	5.9769e+09	5.93199e+09	6.20351e+09	6.11902e+09	6.15925e+09	6.09613e+09	6.09271e+09	5.56207e+09	5.58346e+09	5.68784e+09	7.62643e+09	6.19703e+09	7.84484e+09	7.12788e+09	7.28042e+09	7.23967e+09	7.60624e+09	6.09106e+09	6.05985e+09	7.87957e+09	5.84706e+09	7.30589e+09	7.95842e+09	6.50798e+09	7.67466e+09	6.62972e+09	6.39652e+09	7.94163e+09	7.7404e+09	7.41897e+09	7.74956e+09	6.91731e+09	7.92327e+09	7.16435e+09	6.52073e+09	5.67479e+09	5.41589e+09	5.77227e+09	6.52426e+09	6.5217e+09	6.05871e+09	6.65744e+09	6.06484e+09	6.70017e+09	6.11489e+09	6.68772e+09
ERR636926	6.27637e+09	6.58168e+09	7.61279e+09	7.30112e+09	6.66007e+09	6.63496e+09	4.68257e+09	5.72267e+09	5.67519e+09	5.1039e+09	4.81491e+09	5.09411e+09	5.43315e+09	6.88657e+09	5.64585e+09	7.17491e+09	5.63065e+09	7.44471e+09	7.37938e+09	7.11709e+09	6.57442e+09	7.46005e+09	7.48284e+09	7.49929e+09	5.43315e+09	6.88657e+09	5.64585e+09	7.17491e+09	5.63065e+09	7.44471e+09	7.02358e+09	7.72769e+09	7.70482e+09	8.01375e+09	7.67731e+09	7.70098e+09	6.79187e+09	7.6785e+09	6.81973e+09	6.70299e+09	7.67049e+09	7.27632e+09	6.58322e+09	6.13815e+09	6.35856e+09	6.16804e+09	5.13845e+09	6.71236e+09	5.58497e+09	5.7163e+09	5.49676e+09	5.45459e+09	5.70691e+09	5.62844e+09	5.70643e+09	5.64887e+09	5.64556e+09	5.15575e+09	5.17387e+09	5.2711e+09	7.11996e+09	5.82172e+09	7.31403e+09	6.66977e+09	6.80761e+09	6.77047e+09	6.97618e+09	5.60816e+09	5.5781e+09	7.22201e+09	5.3844e+09	6.70729e+09	7.35774e+09	6.03736e+09	7.09921e+09	6.14834e+09	5.93434e+09	7.34258e+09	7.12831e+09	6.83217e+09	7.13551e+09	6.37501e+09	7.29257e+09	6.59879e+09	6.02674e+09	5.25075e+09	5.01249e+09	5.34031e+09	6.02998e+09	6.02742e+09	5.63654e+09	6.18751e+09	5.64121e+09	6.22758e+09	5.68759e+09	6.21614e+09
ERR636927	6.23562e+09	6.53589e+09	7.55545e+09	7.25296e+09	6.61475e+09	6.58926e+09	4.66323e+09	5.68223e+09	5.63385e+09	5.06933e+09	4.78723e+09	5.06014e+09	5.41522e+09	6.85572e+09	5.62611e+09	7.14014e+09	5.60948e+09	7.40294e+09	7.11709e+09	7.29908e+09	6.5413e+09	7.42261e+09	7.44441e+09	7.46018e+09	5.41522e+09	6.85572e+09	5.62611e+09	7.14014e+09	5.60948e+09	7.40294e+09	6.99923e+09	7.68681e+09	7.66222e+09	7.96618e+09	7.63448e+09	7.65804e+09	6.75013e+09	7.63806e+09	6.77696e+09	6.66462e+09	7.62266e+09	7.23716e+09	6.56e+09	6.11058e+09	6.33639e+09	6.1403e+09	5.12056e+09	6.6837e+09	5.55167e+09	5.68283e+09	5.46541e+09	5.4245e+09	5.67172e+09	5.59485e+09	5.67823e+09	5.62138e+09	5.61726e+09	5.13206e+09	5.15265e+09	5.24787e+09	7.08841e+09	5.81077e+09	7.28078e+09	6.65458e+09	6.78217e+09	6.75411e+09	6.9456e+09	5.59042e+09	5.5609e+09	7.18612e+09	5.36921e+09	6.68069e+09	7.32451e+09	6.01359e+09	7.07482e+09	6.12437e+09	5.90977e+09	7.30956e+09	7.09331e+09	6.80528e+09	7.10143e+09	6.34412e+09	7.25556e+09	6.56937e+09	5.99581e+09	5.22267e+09	4.98409e+09	5.31094e+09	5.9992e+09	5.99694e+09	5.60994e+09	6.15657e+09	5.62029e+09	6.19579e+09	5.66162e+09	6.18521e+09
ERR636925	5.78188e+09	6.05141e+09	6.95835e+09	6.68823e+09	6.12178e+09	6.09977e+09	4.34668e+09	5.2778e+09	5.23429e+09	4.72396e+09	4.46475e+09	4.71587e+09	5.04286e+09	6.33497e+09	5.23457e+09	6.58674e+09	5.22043e+09	6.8212e+09	6.57442e+09	6.5413e+09	6.25771e+09	6.83958e+09	6.85961e+09	6.87367e+09	5.04286e+09	6.33497e+09	5.23457e+09	6.58674e+09	5.22043e+09	6.8212e+09	6.46002e+09	7.07058e+09	7.04972e+09	7.31743e+09	7.0253e+09	7.04649e+09	6.24672e+09	7.02682e+09	6.27015e+09	6.16943e+09	7.01592e+09	6.67558e+09	6.06743e+09	5.67051e+09	5.86783e+09	5.69754e+09	4.7736e+09	6.18021e+09	5.14742e+09	5.26502e+09	5.06844e+09	5.03166e+09	5.25606e+09	5.1862e+09	5.27126e+09	5.21948e+09	5.21589e+09	4.77533e+09	4.79283e+09	4.88061e+09	6.5324e+09	5.38685e+09	6.70171e+09	6.14213e+09	6.25998e+09	6.22988e+09	6.40365e+09	5.19088e+09	5.16378e+09	6.61857e+09	4.98957e+09	6.1686e+09	6.74048e+09	5.57308e+09	6.51654e+09	5.67308e+09	5.48054e+09	6.72673e+09	6.53617e+09	6.27748e+09	6.54337e+09	5.86725e+09	6.68009e+09	6.06795e+09	5.55488e+09	4.85935e+09	4.64343e+09	4.93862e+09	5.55825e+09	5.55645e+09	5.21314e+09	5.70579e+09	5.21881e+09	5.74096e+09	5.25956e+09	5.73132e+09
ERR636930	6.52774e+09	6.84922e+09	7.9469e+09	7.61977e+09	6.93396e+09	6.9057e+09	4.86677e+09	5.94612e+09	5.89366e+09	5.29254e+09	4.9955e+09	5.28476e+09	5.64846e+09	7.18471e+09	5.87118e+09	7.4927e+09	5.85393e+09	7.7779e+09	7.46005e+09	7.42261e+09	6.83958e+09	8.03328e+09	7.82063e+09	7.83854e+09	5.64846e+09	7.18471e+09	5.87118e+09	7.4927e+09	5.85393e+09	7.7779e+09	7.34044e+09	8.08508e+09	8.05802e+09	8.38945e+09	8.02811e+09	8.05383e+09	7.07307e+09	8.03517e+09	7.10191e+09	6.98102e+09	8.01619e+09	7.59876e+09	6.86872e+09	6.38671e+09	6.62997e+09	6.41857e+09	5.3373e+09	7.00029e+09	5.8167e+09	5.95591e+09	5.72509e+09	5.6818e+09	5.94445e+09	5.8627e+09	5.93654e+09	5.87604e+09	5.87147e+09	5.35685e+09	5.37885e+09	5.48022e+09	7.43783e+09	6.07132e+09	7.64678e+09	6.97362e+09	7.10727e+09	7.08208e+09	7.28942e+09	5.84005e+09	5.80813e+09	7.54905e+09	5.60619e+09	7.00323e+09	7.69681e+09	6.28895e+09	7.42732e+09	6.40701e+09	6.1778e+09	7.68115e+09	7.44913e+09	7.14307e+09	7.45894e+09	6.64852e+09	7.62418e+09	6.88908e+09	6.27728e+09	5.45582e+09	5.20259e+09	5.5499e+09	6.28041e+09	6.27857e+09	5.85881e+09	6.43922e+09	5.86989e+09	6.48097e+09	5.91272e+09	6.47024e+09
ERR636928	6.5491e+09	6.87229e+09	7.97562e+09	7.64645e+09	6.95722e+09	6.92931e+09	4.88087e+09	5.96654e+09	5.91475e+09	5.31067e+09	5.01114e+09	5.30187e+09	5.66312e+09	7.20566e+09	5.88607e+09	7.51515e+09	5.86928e+09	7.80229e+09	7.48284e+09	7.44441e+09	6.85961e+09	7.82063e+09	8.0824e+09	7.86233e+09	5.66312e+09	7.20566e+09	5.88607e+09	7.51515e+09	5.86928e+09	7.80229e+09	7.35942e+09	8.11076e+09	8.08349e+09	8.41738e+09	8.05287e+09	8.07904e+09	7.09435e+09	8.06063e+09	7.12383e+09	7.00237e+09	8.04246e+09	7.62162e+09	6.88693e+09	6.40343e+09	6.64689e+09	6.43566e+09	5.35041e+09	7.02035e+09	5.8359e+09	5.97537e+09	5.74329e+09	5.69967e+09	5.9642e+09	5.88147e+09	5.95308e+09	5.89264e+09	5.88798e+09	5.37096e+09	5.39281e+09	5.49463e+09	7.45867e+09	6.08561e+09	7.66935e+09	6.99209e+09	7.12696e+09	7.10012e+09	7.31064e+09	5.85456e+09	5.82265e+09	7.57178e+09	5.61962e+09	7.02225e+09	7.72007e+09	6.30635e+09	7.44815e+09	6.42417e+09	6.19509e+09	7.70407e+09	7.47253e+09	7.16359e+09	7.4817e+09	6.66816e+09	7.64863e+09	6.90935e+09	6.29545e+09	5.47077e+09	5.21726e+09	5.56541e+09	6.29942e+09	6.29659e+09	5.875e+09	6.45823e+09	5.88534e+09	6.49993e+09	5.92912e+09	6.48867e+09
ERR636929	6.5641e+09	6.88815e+09	7.99595e+09	7.6647e+09	6.97395e+09	6.94546e+09	4.89052e+09	5.97933e+09	5.92763e+09	5.32145e+09	5.02151e+09	5.31304e+09	5.67358e+09	7.22138e+09	5.89752e+09	7.53127e+09	5.88034e+09	7.8195e+09	7.49929e+09	7.46018e+09	6.87367e+09	7.83854e+09	7.86233e+09	8.11812e+09	5.67358e+09	7.22138e+09	5.89752e+09	7.53127e+09	5.88034e+09	7.8195e+09	7.37424e+09	8.12773e+09	8.10092e+09	8.43624e+09	8.07011e+09	8.09644e+09	7.10991e+09	8.07953e+09	7.13968e+09	7.0173e+09	8.06113e+09	7.63951e+09	6.90179e+09	6.41708e+09	6.66091e+09	6.44926e+09	5.36089e+09	7.03519e+09	5.84819e+09	5.98796e+09	5.7555e+09	5.71125e+09	5.97738e+09	5.89419e+09	5.96494e+09	5.90393e+09	5.89934e+09	5.38121e+09	5.40328e+09	5.50492e+09	7.47546e+09	6.09752e+09	7.68587e+09	7.00646e+09	7.14202e+09	7.11538e+09	7.32445e+09	5.86476e+09	5.83307e+09	7.58675e+09	5.62927e+09	7.03554e+09	7.73592e+09	6.31776e+09	7.46365e+09	6.43661e+09	6.2065e+09	7.7199e+09	7.48833e+09	7.17832e+09	7.4979e+09	6.6817e+09	7.66437e+09	6.92374e+09	6.30897e+09	5.4817e+09	5.22759e+09	5.57643e+09	6.31213e+09	6.30996e+09	5.88555e+09	6.46994e+09	5.89581e+09	6.512e+09	5.94029e+09	6.50087e+09
ERR613176	4.91614e+09	5.12467e+09	5.83316e+09	5.631e+09	5.18226e+09	5.16278e+09	3.75944e+09	4.49685e+09	4.4614e+09	4.04537e+09	3.84442e+09	4.04221e+09	4.61222e+09	5.48862e+09	4.61134e+09	5.68488e+09	4.59822e+09	5.8648e+09	5.43315e+09	5.41522e+09	5.04286e+09	5.64846e+09	5.66312e+09	5.67358e+09	4.61222e+09	5.48862e+09	4.61134e+09	5.68488e+09	4.59822e+09	5.8648e+09	5.46067e+09	5.93142e+09	5.91176e+09	6.12498e+09	5.89163e+09	5.90859e+09	5.18405e+09	5.80551e+09	5.20241e+09	5.12918e+09	5.78663e+09	5.52896e+09	5.17311e+09	4.84853e+09	5.01599e+09	4.87137e+09	4.13729e+09	5.25556e+09	4.46061e+09	4.55766e+09	4.40046e+09	4.37303e+09	4.54633e+09	4.49329e+09	4.56627e+09	4.5235e+09	4.51979e+09	4.16948e+09	4.18692e+09	4.25627e+09	5.541e+09	4.64154e+09	5.67449e+09	5.2469e+09	5.32982e+09	5.31639e+09	5.5365e+09	4.57725e+09	4.55542e+09	5.69962e+09	4.41695e+09	5.3531e+09	5.74185e+09	4.8197e+09	5.57552e+09	4.8981e+09	4.74372e+09	5.73176e+09	5.59268e+09	5.3989e+09	5.60058e+09	5.06284e+09	5.70669e+09	5.22785e+09	4.79655e+09	4.23532e+09	4.05675e+09	4.29816e+09	4.80009e+09	4.79749e+09	4.5157e+09	4.90687e+09	4.52855e+09	4.93517e+09	4.55323e+09	4.92768e+09
ERR613175	6.17539e+09	6.46842e+09	7.46855e+09	7.17638e+09	6.547e+09	6.52097e+09	4.63801e+09	5.63809e+09	5.58991e+09	5.03083e+09	4.75701e+09	5.02315e+09	5.48862e+09	7.16359e+09	5.70237e+09	7.23042e+09	5.6853e+09	7.4928e+09	6.88657e+09	6.85572e+09	6.33497e+09	7.18471e+09	7.20566e+09	7.22138e+09	5.48862e+09	7.16359e+09	5.70237e+09	7.23042e+09	5.6853e+09	7.4928e+09	6.90865e+09	7.59086e+09	7.56408e+09	7.87207e+09	7.53588e+09	7.56002e+09	6.55268e+09	7.41981e+09	6.57996e+09	6.47349e+09	7.40027e+09	7.02878e+09	6.5009e+09	6.05327e+09	6.2784e+09	6.08384e+09	5.08098e+09	6.61998e+09	5.6099e+09	5.74149e+09	5.52626e+09	5.4876e+09	5.7266e+09	5.65311e+09	5.71764e+09	5.66004e+09	5.65685e+09	5.1791e+09	5.20015e+09	5.29386e+09	7.05213e+09	5.78482e+09	7.24352e+09	6.62216e+09	6.75057e+09	6.7206e+09	7.03717e+09	5.68881e+09	5.65963e+09	7.27212e+09	5.46767e+09	6.7752e+09	7.338e+09	6.04832e+09	7.097e+09	6.15732e+09	5.94694e+09	7.32379e+09	7.13495e+09	6.85567e+09	7.14449e+09	6.39969e+09	7.29677e+09	6.62413e+09	6.03954e+09	5.27372e+09	5.03747e+09	5.36082e+09	6.04308e+09	6.04034e+09	5.63778e+09	6.17549e+09	5.64926e+09	6.21406e+09	5.68939e+09	6.20366e+09
ERR613177	5.10288e+09	5.3229e+09	6.06864e+09	5.85419e+09	5.38293e+09	5.36313e+09	3.89137e+09	4.66806e+09	4.63035e+09	4.19541e+09	3.98292e+09	4.19094e+09	4.61134e+09	5.70237e+09	4.94053e+09	5.90982e+09	4.76307e+09	6.10089e+09	5.64585e+09	5.62611e+09	5.23457e+09	5.87118e+09	5.88607e+09	5.89752e+09	4.61134e+09	5.70237e+09	4.94053e+09	5.90982e+09	4.76307e+09	6.10089e+09	5.66979e+09	6.16849e+09	6.14854e+09	6.37381e+09	6.12761e+09	6.14517e+09	5.38477e+09	6.03732e+09	5.40534e+09	5.32658e+09	6.01895e+09	5.74603e+09	5.36775e+09	5.02697e+09	5.20126e+09	5.05123e+09	4.27794e+09	5.45577e+09	4.62963e+09	4.73196e+09	4.56658e+09	4.53762e+09	4.71989e+09	4.66397e+09	4.73776e+09	4.6934e+09	4.69018e+09	4.32082e+09	4.33857e+09	4.41172e+09	5.76107e+09	4.80971e+09	5.90222e+09	5.44614e+09	5.53721e+09	5.52022e+09	5.75413e+09	4.74249e+09	4.71954e+09	5.9268e+09	4.57179e+09	5.56014e+09	5.97062e+09	4.9999e+09	5.79407e+09	5.08222e+09	4.92061e+09	5.95999e+09	5.81573e+09	5.60969e+09	5.82401e+09	5.25873e+09	5.93641e+09	5.43171e+09	4.97962e+09	4.38966e+09	4.20294e+09	4.45618e+09	4.98329e+09	4.98012e+09	4.68291e+09	5.0937e+09	4.69412e+09	5.12398e+09	4.72196e+09	5.11544e+09
ERR613174	6.42438e+09	6.73491e+09	7.80164e+09	7.4873e+09	6.81762e+09	6.79013e+09	4.81033e+09	5.86702e+09	5.81571e+09	5.22572e+09	4.93729e+09	5.21737e+09	5.68488e+09	7.23042e+09	5.90982e+09	7.76755e+09	5.89276e+09	7.81868e+09	7.17491e+09	7.14014e+09	6.58674e+09	7.4927e+09	7.51515e+09	7.53127e+09	5.68488e+09	7.23042e+09	5.90982e+09	7.76755e+09	5.89276e+09	7.81868e+09	7.19331e+09	7.92712e+09	7.89835e+09	8.23028e+09	7.86838e+09	7.89411e+09	6.82567e+09	7.74868e+09	6.85506e+09	6.74011e+09	7.72968e+09	7.33113e+09	6.75893e+09	6.28561e+09	6.52353e+09	6.31787e+09	5.26209e+09	6.88705e+09	5.84116e+09	5.97979e+09	5.75189e+09	5.71131e+09	5.96434e+09	5.88626e+09	5.94237e+09	5.88199e+09	5.87838e+09	5.37459e+09	5.39624e+09	5.495e+09	7.34921e+09	6.0024e+09	7.55393e+09	6.88841e+09	7.0264e+09	6.99436e+09	7.33391e+09	5.89995e+09	5.86985e+09	7.58537e+09	5.66696e+09	7.05197e+09	7.65631e+09	6.28583e+09	7.39686e+09	6.4007e+09	6.17844e+09	7.64159e+09	7.44362e+09	7.14551e+09	7.45394e+09	6.66394e+09	7.61573e+09	6.90051e+09	6.28394e+09	5.47606e+09	5.22797e+09	5.56857e+09	6.28747e+09	6.284e+09	5.85301e+09	6.42145e+09	5.86474e+09	6.46288e+09	5.90778e+09	6.45139e+09
ERR613178	5.0922e+09	5.31244e+09	6.05571e+09	5.84208e+09	5.37159e+09	5.35187e+09	3.88271e+09	4.65896e+09	4.62139e+09	4.18712e+09	3.97474e+09	4.18279e+09	4.59822e+09	5.6853e+09	4.76307e+09	5.89276e+09	4.91295e+09	6.08307e+09	5.63065e+09	5.60948e+09	5.22043e+09	5.85393e+09	5.86928e+09	5.88034e+09	4.59822e+09	5.6853e+09	4.76307e+09	5.89276e+09	4.91295e+09	6.08307e+09	5.65237e+09	6.15091e+09	6.1305e+09	6.35577e+09	6.11008e+09	6.12741e+09	5.37084e+09	6.01979e+09	5.39098e+09	5.3135e+09	6.00225e+09	5.73013e+09	5.35117e+09	5.01315e+09	5.18582e+09	5.03729e+09	4.26635e+09	5.43949e+09	4.61943e+09	4.72118e+09	4.55644e+09	4.52739e+09	4.70978e+09	4.65353e+09	4.72654e+09	4.68216e+09	4.67871e+09	4.31083e+09	4.3281e+09	4.40058e+09	5.74381e+09	4.79501e+09	5.88486e+09	5.42925e+09	5.5216e+09	5.50236e+09	5.73658e+09	4.72848e+09	4.70602e+09	5.9092e+09	4.55837e+09	5.54388e+09	5.95241e+09	4.98602e+09	5.77616e+09	5.06792e+09	4.90728e+09	5.94203e+09	5.79996e+09	5.59393e+09	5.80826e+09	5.2452e+09	5.92002e+09	5.41726e+09	4.96815e+09	4.38008e+09	4.19464e+09	4.44602e+09	4.97117e+09	4.96807e+09	4.6708e+09	5.08014e+09	4.68185e+09	5.11026e+09	4.70991e+09	5.10232e+09
ERR613173	6.66337e+09	6.99577e+09	8.12966e+09	7.78818e+09	7.08115e+09	7.05312e+09	4.9758e+09	6.09745e+09	6.04419e+09	5.42162e+09	5.114e+09	5.41267e+09	5.8648e+09	7.4928e+09	6.10089e+09	7.81868e+09	6.08307e+09	8.37391e+09	7.44471e+09	7.40294e+09	6.8212e+09	7.7779e+09	7.80229e+09	7.8195e+09	5.8648e+09	7.4928e+09	6.10089e+09	7.81868e+09	6.08307e+09	8.37391e+09	7.44779e+09	8.2417e+09	8.21207e+09	8.5696e+09	8.18053e+09	8.2079e+09	7.08579e+09	8.0561e+09	7.11749e+09	6.9924e+09	8.04099e+09	7.61415e+09	6.9902e+09	6.49963e+09	6.74248e+09	6.53253e+09	5.42522e+09	7.12921e+09	6.07186e+09	6.21725e+09	5.9769e+09	5.93199e+09	6.20351e+09	6.11902e+09	6.15925e+09	6.09613e+09	6.09271e+09	5.56207e+09	5.58346e+09	5.68784e+09	7.62643e+09	6.19703e+09	7.84484e+09	7.12788e+09	7.28042e+09	7.23967e+09	7.60624e+09	6.09106e+09	6.05985e+09	7.87957e+09	5.84706e+09	7.30589e+09	7.95842e+09	6.50798e+09	7.67466e+09	6.62972e+09	6.39652e+09	7.94163e+09	7.7404e+09	7.41897e+09	7.74956e+09	6.91731e+09	7.92327e+09	7.16435e+09	6.52073e+09	5.67479e+09	5.41589e+09	5.77227e+09	6.52426e+09	6.5217e+09	6.05871e+09	6.65744e+09	6.06484e+09	6.70017e+09	6.11489e+09	6.68772e+09
ERR613986	6.12562e+09	6.4134e+09	7.41022e+09	7.1248e+09	6.493e+09	6.46528e+09	4.63845e+09	5.61766e+09	5.56832e+09	5.01192e+09	4.74705e+09	5.00566e+09	5.46067e+09	6.90865e+09	5.66979e+09	7.19331e+09	5.65237e+09	7.44779e+09	7.02358e+09	6.99923e+09	6.46002e+09	7.34044e+09	7.35942e+09	7.37424e+09	5.46067e+09	6.90865e+09	5.66979e+09	7.19331e+09	5.65237e+09	7.44779e+09	7.33995e+09	7.7993e+09	7.77073e+09	8.06643e+09	7.74408e+09	7.76573e+09	6.65036e+09	7.54982e+09	6.67654e+09	6.57134e+09	7.51902e+09	7.14997e+09	6.55501e+09	6.08621e+09	6.33263e+09	6.11783e+09	5.11351e+09	6.66887e+09	5.54945e+09	5.67969e+09	5.46709e+09	5.43014e+09	5.66374e+09	5.59156e+09	5.72942e+09	5.67287e+09	5.66841e+09	5.18675e+09	5.21167e+09	5.3052e+09	7.16102e+09	5.89643e+09	7.35332e+09	6.75312e+09	6.8589e+09	6.85303e+09	7.06563e+09	5.70267e+09	5.67127e+09	7.29504e+09	5.48261e+09	6.80058e+09	7.42684e+09	6.11112e+09	7.19275e+09	6.22052e+09	6.00309e+09	7.41216e+09	7.15484e+09	6.88319e+09	7.16707e+09	6.40842e+09	7.31859e+09	6.63847e+09	6.03766e+09	5.26235e+09	5.02243e+09	5.34984e+09	6.0419e+09	6.03888e+09	5.68725e+09	6.23407e+09	5.7121e+09	6.27275e+09	5.74159e+09	6.26291e+09
ERR613985	6.78012e+09	7.1195e+09	8.2905e+09	7.93848e+09	7.20885e+09	7.17848e+09	5.10925e+09	6.26645e+09	6.21171e+09	5.56697e+09	5.24916e+09	5.55715e+09	5.93142e+09	7.59086e+09	6.16849e+09	7.92712e+09	6.15091e+09	8.2417e+09	7.72769e+09	7.68681e+09	7.07058e+09	8.08508e+09	8.11076e+09	8.12773e+09	5.93142e+09	7.59086e+09	6.16849e+09	7.92712e+09	6.15091e+09	8.2417e+09	7.7993e+09	8.88217e+09	8.60564e+09	8.98183e+09	8.57199e+09	8.6003e+09	7.33773e+09	8.36297e+09	7.36929e+09	7.23947e+09	8.34355e+09	7.89543e+09	7.1566e+09	6.643e+09	6.90064e+09	6.67764e+09	5.53764e+09	7.29773e+09	6.20253e+09	6.35188e+09	6.10404e+09	6.05733e+09	6.3396e+09	6.25116e+09	6.31467e+09	6.24922e+09	6.24533e+09	5.69399e+09	5.71629e+09	5.82574e+09	7.88009e+09	6.39411e+09	8.10943e+09	7.36805e+09	7.51729e+09	7.48565e+09	7.76902e+09	6.19883e+09	6.16606e+09	8.05219e+09	5.94995e+09	7.45535e+09	8.21433e+09	6.69262e+09	7.91968e+09	6.81896e+09	6.5752e+09	8.19704e+09	7.95355e+09	7.62036e+09	7.9635e+09	7.0951e+09	8.14473e+09	7.35133e+09	6.68665e+09	5.80766e+09	5.53955e+09	5.90872e+09	6.69003e+09	6.68847e+09	6.22455e+09	6.84806e+09	6.23542e+09	6.8922e+09	6.28361e+09	6.87984e+09
ERR613989	6.75966e+09	7.09916e+09	8.26377e+09	7.91181e+09	7.18763e+09	7.1578e+09	5.08969e+09	6.24636e+09	6.19197e+09	5.54985e+09	5.23155e+09	5.53962e+09	5.91176e+09	7.56408e+09	6.14854e+09	7.89835e+09	6.1305e+09	8.21207e+09	7.70482e+09	7.66222e+09	7.04972e+09	8.05802e+09	8.08349e+09	8.10092e+09	5.91176e+09	7.56408e+09	6.14854e+09	7.89835e+09	6.1305e+09	8.21207e+09	7.77073e+09	8.60564e+09	8.81832e+09	8.94644e+09	8.5456e+09	8.57256e+09	7.31643e+09	8.33321e+09	7.34814e+09	7.21782e+09	8.31599e+09	7.869e+09	7.13114e+09	6.62292e+09	6.87631e+09	6.65709e+09	5.52045e+09	7.27309e+09	6.18015e+09	6.32752e+09	6.08046e+09	6.03354e+09	6.31683e+09	6.2283e+09	6.29426e+09	6.22929e+09	6.22502e+09	5.67637e+09	5.69777e+09	5.80661e+09	7.85035e+09	6.36975e+09	8.07813e+09	7.33828e+09	7.48938e+09	7.45485e+09	7.74201e+09	6.18015e+09	6.14708e+09	8.02485e+09	5.93198e+09	7.4303e+09	8.18501e+09	6.6711e+09	7.88941e+09	6.79662e+09	6.55453e+09	8.16713e+09	7.92371e+09	7.58956e+09	7.93247e+09	7.06923e+09	8.11322e+09	7.32354e+09	6.66462e+09	5.79019e+09	5.52402e+09	5.89108e+09	6.66689e+09	6.66528e+09	6.20797e+09	6.82922e+09	6.21692e+09	6.87362e+09	6.26664e+09	6.861e+09
