	ERR612548	ERR612552	ERR612547	ERR612549	ERR612551	ERR612550	ERR617184	ERR617183	ERR617182	ERR617181	ERR617179	ERR617180	ERR613176	ERR613175	ERR613177	ERR613174	ERR613178	ERR613173	ERR636926	ERR636927	ERR636925	ERR636930	ERR636928	ERR636929	ERR613176	ERR613175	ERR613177	ERR613174	ERR613178	ERR613173	ERR613986	ERR613985	ERR613989	ERR613984	ERR613987	ERR613988	ERR607365	ERR607363	ERR607366	ERR607364	ERR607362	ERR607361	ERR613666	ERR613669	ERR613667	ERR613668	ERR613670	ERR613665	ERR618690	ERR618687	ERR618689	ERR618688	ERR618692	ERR618691	ERR607462	ERR607460	ERR607461	ERR607459	ERR607457	ERR607458	ERR630080	ERR630081	ERR630078	ERR630082	ERR630079	ERR630083	ERR613264	ERR613267	ERR613268	ERR613263	ERR613266	ERR613265	ERR638283	ERR638279	ERR638284	ERR638280	ERR638281	ERR638282	ERR630174	ERR630175	ERR630173	ERR630172	ERR630170	ERR630171	ERR616703	ERR616700	ERR616702	ERR616701	ERR616704	ERR616705	ERR617320	ERR617323	ERR617319	ERR617324	ERR617321	ERR617322
ERR612548	0	0.781596	0.754129	0.760599	0.778931	0.780136	0.97908	0.949064	0.950897	0.965333	0.973742	0.965309	0.963034	0.921417	0.957351	0.913607	0.956742	0.906549	0.882912	0.883767	0.894178	0.876107	0.874953	0.874617	0.963034	0.921417	0.957351	0.913607	0.956742	0.906549	0.930563	0.909746	0.910534	0.90187	0.911084	0.909768	0.913325	0.891142	0.912744	0.915894	0.891022	0.901834	0.886906	0.898163	0.894664	0.896655	0.935042	0.882317	1.08627	1.08445	1.08833	1.0894	1.08387	1.08566	1.11669	1.11823	1.11884	1.12876	1.12851	1.12612	1.03062	1.06099	1.02579	1.04284	1.03671	1.04012	1.09078	1.11637	1.11694	1.08544	1.1209	1.09653	1.10325	1.12569	1.10872	1.12351	1.12794	1.10339	1.09258	1.09679	1.09261	1.10304	1.09061	1.10014	1.10474	1.12047	1.12634	1.11851	1.10436	1.10472	1.12205	1.11194	1.12228	1.11214	1.12121	1.11158
ERR612552	0.781596	0	0.745468	0.753638	0.765892	0.767297	0.97497	0.94233	0.944281	0.95883	0.968255	0.959208	0.958375	0.915374	0.952228	0.907507	0.951721	0.898822	0.875046	0.876902	0.888119	0.868988	0.867366	0.867438	0.958375	0.915374	0.952228	0.907507	0.951721	0.898822	0.925729	0.903187	0.903613	0.894721	0.904503	0.903299	0.904726	0.883003	0.904114	0.907795	0.882115	0.893543	0.880849	0.891555	0.888812	0.890111	0.929968	0.875172	1.08123	1.07945	1.08311	1.08438	1.07838	1.0807	1.11181	1.11352	1.1141	1.12407	1.12446	1.1214	1.02511	1.05696	1.02045	1.03862	1.03169	1.03597	1.08582	1.11192	1.1124	1.07991	1.11668	1.09162	1.0982	1.1216	1.1043	1.11942	1.12352	1.09857	1.08748	1.09219	1.08781	1.09831	1.0856	1.09547	1.09958	1.11575	1.1217	1.11309	1.0995	1.09988	1.117	1.10647	1.11788	1.10664	1.11621	1.1062
ERR612547	0.754129	0.745468	0	0.72052	0.742398	0.743978	0.959887	0.923883	0.92592	0.942352	0.952743	0.94251	0.94322	0.896091	0.936244	0.887173	0.935617	0.877456	0.855535	0.858136	0.870659	0.848483	0.847171	0.846936	0.94322	0.896091	0.936244	0.887173	0.935617	0.877456	0.908868	0.882534	0.883102	0.872979	0.884003	0.88264	0.880879	0.857001	0.880078	0.884324	0.855782	0.868973	0.861143	0.872531	0.869858	0.87129	0.915069	0.854555	1.06519	1.06318	1.06762	1.06897	1.06219	1.06416	1.09643	1.09828	1.099	1.10993	1.10988	1.10709	1.00723	1.04153	1.00202	1.02195	1.0146	1.01905	1.06997	1.09778	1.09816	1.06327	1.10292	1.07601	1.08194	1.10712	1.08879	1.10443	1.10887	1.08223	1.07154	1.07686	1.07179	1.08294	1.06936	1.08031	1.08443	1.1014	1.10725	1.09873	1.0845	1.08434	1.10297	1.09155	1.1039	1.09177	1.10196	1.09152
ERR612549	0.760599	0.753638	0.72052	0	0.750031	0.751809	0.961336	0.930188	0.932255	0.947913	0.956475	0.947789	0.944086	0.899016	0.937907	0.890809	0.937032	0.882873	0.861439	0.862115	0.875029	0.8532	0.851919	0.852079	0.944086	0.899016	0.937907	0.890809	0.937032	0.882873	0.910801	0.887765	0.888904	0.879107	0.889798	0.888471	0.889147	0.863707	0.888917	0.891791	0.864316	0.875746	0.861769	0.87546	0.870788	0.87404	0.9153	0.856846	1.06902	1.06665	1.07086	1.07187	1.06636	1.06799	1.10126	1.10286	1.10363	1.1138	1.1134	1.11096	1.01072	1.04272	1.00602	1.0232	1.01738	1.02066	1.07336	1.10013	1.10067	1.06808	1.10489	1.07894	1.08635	1.11071	1.09203	1.10827	1.11301	1.08685	1.07531	1.0794	1.07543	1.08628	1.07294	1.08322	1.08808	1.10531	1.11152	1.10296	1.0878	1.08811	1.10801	1.09746	1.10792	1.09782	1.10738	1.09718
ERR612551	0.778931	0.765892	0.742398	0.750031	0	0.76433	0.972708	0.940756	0.942697	0.957332	0.966418	0.957607	0.957671	0.914367	0.951282	0.906586	0.950348	0.898215	0.873542	0.874504	0.885532	0.866508	0.865206	0.864997	0.957671	0.914367	0.951282	0.906586	0.950348	0.898215	0.923108	0.90088	0.90106	0.892482	0.902261	0.901014	0.901901	0.87946	0.901473	0.904922	0.879245	0.890731	0.878637	0.889904	0.887186	0.88861	0.928552	0.873261	1.0804	1.07853	1.08251	1.08368	1.07769	1.07942	1.11106	1.11263	1.11341	1.12328	1.12356	1.12081	1.02444	1.05589	1.01975	1.03742	1.03095	1.03484	1.08584	1.11162	1.11225	1.08012	1.11631	1.09128	1.09751	1.12085	1.10292	1.11835	1.12276	1.09763	1.08705	1.09157	1.08723	1.09772	1.08502	1.09493	1.09895	1.1153	1.12113	1.1128	1.09884	1.09899	1.11624	1.10616	1.11725	1.10641	1.11573	1.10584
ERR612550	0.780136	0.767297	0.743978	0.751809	0.76433	0	0.973867	0.941722	0.943699	0.958337	0.967462	0.958056	0.958928	0.915651	0.952174	0.907375	0.951572	0.899123	0.874338	0.875833	0.886757	0.867724	0.866098	0.866324	0.958928	0.915651	0.952174	0.907375	0.951572	0.899123	0.924989	0.902233	0.902145	0.893433	0.903544	0.902294	0.903036	0.881002	0.902576	0.906139	0.880434	0.891821	0.880998	0.891858	0.88936	0.890643	0.930621	0.875377	1.07993	1.07794	1.08221	1.08338	1.0773	1.07915	1.11027	1.11196	1.11268	1.12287	1.12285	1.12024	1.02395	1.05602	1.01948	1.03735	1.03038	1.03481	1.08527	1.11128	1.11174	1.07922	1.11594	1.09063	1.09676	1.1203	1.10269	1.11766	1.12207	1.09693	1.08614	1.09086	1.08643	1.09704	1.08431	1.09427	1.09824	1.11458	1.1204	1.11232	1.09817	1.09842	1.11548	1.10518	1.11644	1.10528	1.11489	1.10505
ERR617184	0.97908	0.97497	0.959887	0.961336	0.972708	0.973867	0	0.863075	0.864852	0.883735	0.888823	0.883224	0.999664	0.963833	0.994954	0.957639	0.99444	0.952723	0.956151	0.953621	0.966093	0.946162	0.945551	0.945668	0.999664	0.963833	0.994954	0.957639	0.99444	0.952723	0.9392	0.919395	0.921537	0.91232	0.922493	0.921748	0.999819	0.975596	0.999183	0.999815	0.978806	0.985929	1.00399	1.01643	1.01043	1.01585	1.04304	1.00175	1.07747	1.07522	1.07886	1.07916	1.07546	1.07659	1.11117	1.11306	1.11359	1.12209	1.12109	1.11918	1.02643	1.04815	1.02279	1.03232	1.03044	1.03024	1.10239	1.12487	1.12497	1.09878	1.12819	1.10724	1.09447	1.11523	1.09625	1.11326	1.11775	1.09438	1.08924	1.09147	1.08931	1.09834	1.08765	1.09521	1.09785	1.11412	1.12066	1.11307	1.09766	1.09837	1.11527	1.10632	1.11337	1.10688	1.11425	1.10629
ERR617183	0.949064	0.94233	0.923883	0.930188	0.940756	0.941722	0.863075	0	0.823152	0.845957	0.858542	0.845989	0.977888	0.934448	0.971305	0.926095	0.970196	0.916984	0.920624	0.921645	0.933648	0.913162	0.911994	0.912072	0.977888	0.934448	0.971305	0.926095	0.970196	0.916984	0.914712	0.885382	0.885909	0.875132	0.886988	0.886085	0.967003	0.945055	0.966304	0.969534	0.945421	0.955895	0.983113	0.991715	0.988993	0.990788	1.02429	0.977999	1.05533	1.05359	1.0574	1.05888	1.05254	1.05472	1.08968	1.09152	1.09183	1.1027	1.10259	1.10021	1.00332	1.03373	0.99898	1.01567	1.00983	1.01326	1.0807	1.10704	1.10704	1.07495	1.11111	1.08685	1.07221	1.09598	1.07816	1.0935	1.09814	1.0725	1.06766	1.07273	1.06827	1.07777	1.06594	1.07518	1.07617	1.09243	1.09818	1.09058	1.07599	1.07655	1.09122	1.07997	1.09225	1.08034	1.09016	1.08014
ERR617182	0.950897	0.944281	0.92592	0.932255	0.942697	0.943699	0.864852	0.823152	0	0.84644	0.859774	0.846928	0.978919	0.935757	0.972107	0.927824	0.971622	0.918411	0.922094	0.923881	0.935402	0.915522	0.914048	0.913731	0.978919	0.935757	0.972107	0.927824	0.971622	0.918411	0.916168	0.88668	0.88722	0.876547	0.888229	0.887705	0.969298	0.948024	0.968407	0.971352	0.947647	0.958207	0.984701	0.99298	0.990665	0.992025	1.02577	0.979482	1.05704	1.05551	1.05949	1.06066	1.05427	1.05609	1.09105	1.0929	1.09349	1.10417	1.1041	1.10155	1.00357	1.03421	0.999596	1.01665	1.01064	1.01439	1.08195	1.1081	1.10802	1.07599	1.11226	1.08786	1.07376	1.09753	1.07998	1.09474	1.0997	1.07401	1.06961	1.07445	1.06983	1.07927	1.06735	1.07711	1.07765	1.09416	1.09952	1.09182	1.07779	1.07817	1.09218	1.08155	1.09376	1.08175	1.09159	1.08163
ERR617181	0.965333	0.95883	0.942352	0.947913	0.957332	0.958337	0.883735	0.845957	0.84644	0	0.874406	0.863086	0.992157	0.951842	0.986352	0.944637	0.98552	0.936105	0.939245	0.940452	0.951272	0.932795	0.931613	0.931355	0.992157	0.951842	0.986352	0.944637	0.98552	0.936105	0.93291	0.905668	0.906054	0.896501	0.90702	0.906627	0.986132	0.965822	0.985387	0.988387	0.96588	0.975555	0.999729	1.00684	1.00504	1.00634	1.0381	0.9945	1.06954	1.06791	1.07172	1.07264	1.06684	1.06883	1.10223	1.10414	1.10457	1.11463	1.11468	1.112	1.0185	1.04768	1.01445	1.03087	1.02443	1.02852	1.0933	1.1182	1.11829	1.08763	1.12235	1.09891	1.08554	1.10809	1.09122	1.10584	1.10991	1.0858	1.08189	1.08649	1.08247	1.09104	1.07997	1.08904	1.08944	1.10526	1.11079	1.10329	1.08956	1.08995	1.10274	1.09272	1.10404	1.09307	1.10175	1.09283
ERR617179	0.973742	0.968255	0.952743	0.956475	0.966418	0.967462	0.888823	0.858542	0.859774	0.874406	0	0.874383	0.998629	0.960552	0.993075	0.953404	0.992171	0.94649	0.948345	0.948482	0.959737	0.941034	0.940267	0.940081	0.998629	0.960552	0.993075	0.953404	0.992171	0.94649	0.938072	0.914669	0.91579	0.906687	0.916853	0.91607	0.994424	0.972784	0.993994	0.995949	0.974104	0.982677	1.00424	1.01397	1.00972	1.01305	1.04318	1.0001	1.07464	1.07278	1.07637	1.07714	1.07228	1.07381	1.10766	1.10938	1.11005	1.11937	1.11886	1.11672	1.02322	1.04925	1.01956	1.03275	1.02843	1.03077	1.09981	1.12358	1.12378	1.09512	1.12725	1.1049	1.09108	1.11291	1.09557	1.11073	1.1151	1.0915	1.08648	1.08995	1.08662	1.09568	1.08478	1.09293	1.09491	1.11083	1.11672	1.10879	1.09494	1.09537	1.11054	1.10088	1.11019	1.10152	1.10973	1.10094
ERR617180	0.965309	0.959208	0.94251	0.947789	0.957607	0.958056	0.883224	0.845989	0.846928	0.863086	0.874383	0	0.991918	0.951585	0.985593	0.944318	0.984937	0.935594	0.938353	0.939324	0.950152	0.931552	0.93045	0.930321	0.991918	0.951585	0.985593	0.944318	0.984937	0.935594	0.932201	0.905616	0.90632	0.896491	0.907284	0.906529	0.985317	0.965255	0.984781	0.987765	0.965368	0.975152	0.999084	1.00674	1.0044	1.00575	1.03779	0.993898	1.06868	1.06725	1.07073	1.07185	1.06598	1.06804	1.10197	1.10365	1.10406	1.11418	1.11424	1.11162	1.01777	1.04719	1.01426	1.0299	1.02423	1.02748	1.09333	1.11791	1.11792	1.08769	1.12178	1.09869	1.08551	1.10798	1.09107	1.10563	1.10972	1.08567	1.08115	1.08556	1.08144	1.09038	1.07945	1.08825	1.08924	1.1045	1.11024	1.10259	1.08944	1.08956	1.10316	1.09268	1.1042	1.09324	1.10219	1.09271
ERR613176	0.963034	0.958375	0.94322	0.944086	0.957671	0.958928	0.999664	0.977888	0.978919	0.992157	0.998629	0.991918	0	0.834421	0.857475	0.830258	0.858676	0.826984	0.973994	0.973694	0.983171	0.967692	0.966812	0.966522	0	0.834421	0.857475	0.830258	0.858676	0.826984	0.951261	0.935781	0.936927	0.929985	0.937923	0.937147	1.00831	0.988917	1.00808	1.00967	0.990713	0.997429	0.934907	0.940419	0.937996	0.939285	0.957145	0.932393	1.10115	1.0992	1.10231	1.10337	1.09888	1.10011	1.12781	1.12968	1.13014	1.13864	1.1382	1.1362	1.05645	1.0813	1.05331	1.06499	1.0614	1.06329	1.06489	1.08666	1.08781	1.06236	1.09138	1.07078	1.11311	1.13309	1.11709	1.13065	1.13499	1.11288	1.09842	1.10155	1.09824	1.10769	1.09664	1.10483	1.11152	1.12612	1.13226	1.12463	1.11124	1.11191	1.13505	1.12648	1.13468	1.12673	1.13437	1.12606
ERR613175	0.921417	0.915374	0.896091	0.899016	0.914367	0.915651	0.963833	0.934448	0.935757	0.951842	0.960552	0.951585	0.834421	0	0.827809	0.781126	0.828785	0.774684	0.930853	0.931937	0.943102	0.924277	0.923443	0.922928	0.834421	0	0.827809	0.781126	0.828785	0.774684	0.908741	0.887167	0.888307	0.879368	0.889924	0.888048	0.966888	0.944862	0.966107	0.968942	0.945959	0.954692	0.904429	0.912253	0.909454	0.910969	0.936951	0.901201	1.06603	1.06382	1.06788	1.06924	1.06382	1.06537	1.09572	1.09723	1.09795	1.10764	1.1076	1.1048	1.01767	1.0483	1.01356	1.0295	1.02391	1.02734	1.0381	1.06421	1.06547	1.03402	1.06984	1.04492	1.07944	1.1026	1.08434	1.09992	1.10446	1.07938	1.06285	1.06746	1.06295	1.07325	1.06053	1.07043	1.07734	1.09447	1.10058	1.09265	1.07747	1.07821	1.10388	1.09349	1.10387	1.09395	1.103	1.09326
ERR613177	0.957351	0.952228	0.936244	0.937907	0.951282	0.952174	0.994954	0.971305	0.972107	0.986352	0.993075	0.985593	0.857475	0.827809	0	0.822706	0.853349	0.819453	0.968329	0.968487	0.978054	0.962169	0.961668	0.960902	0.857475	0.827809	0	0.822706	0.853349	0.819453	0.946965	0.9299	0.930411	0.923767	0.931806	0.9309	1.00281	0.983075	1.00246	1.00455	0.984229	0.991693	0.930342	0.936316	0.93414	0.935011	0.954575	0.927953	1.09503	1.09304	1.09641	1.09774	1.09311	1.0943	1.12176	1.12332	1.12394	1.13271	1.13271	1.13004	1.05047	1.07686	1.04712	1.06008	1.05587	1.05797	1.05898	1.08159	1.08288	1.05626	1.08675	1.06507	1.10742	1.12758	1.11131	1.12541	1.12946	1.10693	1.0926	1.09611	1.0924	1.10209	1.09061	1.09906	1.10575	1.12105	1.12684	1.1192	1.10567	1.10643	1.12952	1.12065	1.12938	1.12083	1.12866	1.12037
ERR613174	0.913607	0.907507	0.887173	0.890809	0.906586	0.907375	0.957639	0.926095	0.927824	0.944637	0.953404	0.944318	0.830258	0.781126	0.822706	0	0.823443	0.76541	0.921909	0.922979	0.935156	0.915113	0.914398	0.914065	0.830258	0.781126	0.822706	0	0.823443	0.76541	0.900271	0.877216	0.877995	0.868693	0.879156	0.878388	0.957609	0.935275	0.95693	0.959754	0.936049	0.945647	0.899367	0.90758	0.90484	0.906413	0.933901	0.895795	1.0596	1.05717	1.06158	1.0627	1.05699	1.05873	1.08937	1.09101	1.09179	1.10176	1.10181	1.09909	1.01063	1.04256	1.00625	1.02341	1.01745	1.0209	1.03292	1.06049	1.0612	1.02874	1.0661	1.0401	1.0732	1.09666	1.0783	1.09403	1.09829	1.0728	1.05648	1.06147	1.0563	1.06725	1.05421	1.06444	1.07133	1.08864	1.09483	1.08684	1.07155	1.07237	1.09798	1.08741	1.09795	1.08755	1.09703	1.08713
ERR613178	0.956742	0.951721	0.935617	0.937032	0.950348	0.951572	0.99444	0.970196	0.971622	0.98552	0.992171	0.984937	0.858676	0.828785	0.853349	0.823443	0	0.819177	0.966907	0.967438	0.976485	0.960896	0.960446	0.959859	0.858676	0.828785	0.853349	0.823443	0	0.819177	0.945826	0.928942	0.929759	0.922654	0.930634	0.929694	1.00165	0.982272	1.00129	1.00291	0.983277	0.990678	0.931382	0.936493	0.934585	0.935834	0.955429	0.928405	1.09509	1.09322	1.09623	1.09745	1.09255	1.09397	1.12186	1.12326	1.12395	1.13276	1.13253	1.13043	1.04983	1.07618	1.04615	1.05934	1.05505	1.05739	1.05977	1.0827	1.08394	1.0569	1.08777	1.06618	1.1075	1.12751	1.11145	1.1254	1.12947	1.10685	1.09194	1.09561	1.09171	1.10137	1.09003	1.09878	1.10507	1.12056	1.12609	1.11869	1.10527	1.10583	1.12879	1.11994	1.12888	1.1202	1.12826	1.11946
ERR613173	0.906549	0.898822	0.877456	0.882873	0.898215	0.899123	0.952723	0.916984	0.918411	0.936105	0.94649	0.935594	0.826984	0.774684	0.819453	0.76541	0.819177	0	0.914067	0.916459	0.92826	0.908032	0.906788	0.906536	0.826984	0.774684	0.819453	0.76541	0.819177	0	0.895065	0.868728	0.869672	0.859768	0.870558	0.869839	0.949527	0.928259	0.948866	0.952603	0.927835	0.938516	0.89624	0.90307	0.901526	0.902132	0.931944	0.891311	1.05321	1.05101	1.05524	1.05651	1.05052	1.05228	1.08273	1.08448	1.08498	1.09592	1.09593	1.09306	1.0041	1.03838	0.999443	1.01841	1.01149	1.01618	1.02813	1.05692	1.05772	1.02313	1.06268	1.03592	1.06623	1.09052	1.07242	1.08774	1.09266	1.06615	1.05035	1.0559	1.05005	1.06117	1.04794	1.05847	1.06555	1.08272	1.08891	1.08065	1.06562	1.06623	1.09088	1.07951	1.09177	1.0795	1.08981	1.07925
ERR636926	0.882912	0.875046	0.855535	0.861439	0.873542	0.874338	0.956151	0.920624	0.922094	0.939245	0.948345	0.938353	0.973994	0.930853	0.968329	0.921909	0.966907	0.914067	0	0.786821	0.801084	0.779599	0.778701	0.778399	0.973994	0.930853	0.968329	0.921909	0.966907	0.914067	0.887648	0.865101	0.864887	0.85717	0.865594	0.864811	0.885277	0.864176	0.884661	0.887573	0.862974	0.874145	0.925939	0.935429	0.932284	0.934064	0.972098	0.920444	1.0665	1.06452	1.06845	1.06985	1.06336	1.06598	1.10198	1.1037	1.10398	1.11461	1.1148	1.11219	1.00928	1.04219	1.00462	1.02297	1.01621	1.02011	1.09973	1.12511	1.12532	1.09349	1.12977	1.10536	1.08867	1.11205	1.09492	1.1098	1.11404	1.08914	1.07265	1.07761	1.07265	1.0831	1.07043	1.08063	1.08412	1.10078	1.10671	1.09885	1.08429	1.08477	1.10788	1.09758	1.10916	1.09741	1.10716	1.09729
ERR636927	0.883767	0.876902	0.858136	0.862115	0.874504	0.875833	0.953621	0.921645	0.923881	0.940452	0.948482	0.939324	0.973694	0.931937	0.968487	0.922979	0.967438	0.916459	0.786821	0	0.801523	0.779083	0.778747	0.778221	0.973694	0.931937	0.968487	0.922979	0.967438	0.916459	0.885779	0.865085	0.865607	0.858079	0.866179	0.865627	0.886677	0.863769	0.886411	0.889052	0.864418	0.874071	0.923841	0.935715	0.931021	0.934109	0.970694	0.919928	1.06636	1.06416	1.06829	1.06942	1.06373	1.0659	1.10252	1.10416	1.10486	1.11503	1.11478	1.11243	1.00857	1.03929	1.00426	1.02038	1.01497	1.01745	1.1003	1.12501	1.12547	1.09447	1.12945	1.10558	1.08898	1.11211	1.09449	1.10987	1.11434	1.08923	1.07203	1.07625	1.07203	1.08255	1.06985	1.07975	1.08414	1.10117	1.10725	1.09906	1.08397	1.08465	1.10942	1.09899	1.10959	1.09918	1.10839	1.0988
ERR636925	0.894178	0.888119	0.870659	0.875029	0.885532	0.886757	0.966093	0.933648	0.935402	0.951272	0.959737	0.950152	0.983171	0.943102	0.978054	0.935156	0.976485	0.92826	0.801084	0.801523	0	0.795637	0.794455	0.79414	0.983171	0.943102	0.978054	0.935156	0.976485	0.92826	0.89786	0.878224	0.878321	0.871831	0.878833	0.878014	0.899194	0.879324	0.899091	0.901596	0.879217	0.888448	0.936597	0.945621	0.942599	0.944375	0.979453	0.93148	1.07749	1.0756	1.07954	1.08052	1.07479	1.07688	1.11197	1.11382	1.11418	1.12422	1.12405	1.12166	1.02092	1.05156	1.01678	1.033	1.02711	1.03039	1.10987	1.1338	1.13404	1.10421	1.13792	1.11501	1.09921	1.12175	1.10514	1.11921	1.12353	1.0996	1.08353	1.08796	1.0836	1.09366	1.08156	1.09114	1.09468	1.11084	1.11648	1.10878	1.09487	1.09534	1.11768	1.10784	1.11853	1.10775	1.11686	1.1078
ERR636930	0.876107	0.868988	0.848483	0.8532	0.866508	0.867724	0.946162	0.913162	0.915522	0.932795	0.941034	0.931552	0.967692	0.924277	0.962169	0.915113	0.960896	0.908032	0.779599	0.779083	0.795637	0	0.765517	0.764596	0.967692	0.924277	0.962169	0.915113	0.960896	0.908032	0.877452	0.855881	0.856534	0.848228	0.856835	0.856096	0.877345	0.852847	0.877468	0.879729	0.853934	0.864158	0.917083	0.92921	0.923951	0.927421	0.965102	0.912513	1.0597	1.05728	1.06149	1.06233	1.05679	1.05869	1.09608	1.09756	1.09842	1.10883	1.10882	1.10591	1.00078	1.03198	0.996096	1.01241	1.00747	1.00935	1.09332	1.11888	1.11923	1.08788	1.12333	1.09909	1.0821	1.10592	1.0876	1.10328	1.10813	1.08233	1.06518	1.0692	1.06511	1.07589	1.06304	1.07297	1.07759	1.09487	1.10135	1.09282	1.07775	1.07796	1.10305	1.09275	1.10348	1.09261	1.10229	1.09242
ERR636928	0.874953	0.867366	0.847171	0.851919	0.865206	0.866098	0.945551	0.911994	0.914048	0.931613	0.940267	0.93045	0.966812	0.923443	0.961668	0.914398	0.960446	0.906788	0.778701	0.778747	0.794455	0.765517	0	0.764153	0.966812	0.923443	0.961668	0.914398	0.960446	0.906788	0.878056	0.85534	0.856238	0.847836	0.857008	0.855767	0.876776	0.852313	0.876651	0.878995	0.853293	0.863969	0.91704	0.928851	0.924107	0.927309	0.964981	0.912234	1.05903	1.05696	1.06097	1.06205	1.05635	1.05832	1.09537	1.09747	1.09794	1.10857	1.10836	1.10546	1.00087	1.03231	0.996162	1.01265	1.00728	1.00967	1.09297	1.11875	1.11913	1.08711	1.12326	1.09855	1.08179	1.10566	1.08738	1.10322	1.10792	1.08201	1.06512	1.06928	1.06511	1.07587	1.06289	1.07299	1.0775	1.09474	1.10118	1.09268	1.07718	1.07786	1.10256	1.09184	1.10283	1.09195	1.10157	1.09162
ERR636929	0.874617	0.867438	0.846936	0.852079	0.864997	0.866324	0.945668	0.912072	0.913731	0.931355	0.940081	0.930321	0.966522	0.922928	0.960902	0.914065	0.959859	0.906536	0.778399	0.778221	0.79414	0.764596	0.764153	0	0.966522	0.922928	0.960902	0.914065	0.959859	0.906536	0.877214	0.8551	0.855793	0.847097	0.856138	0.855249	0.876867	0.852212	0.876591	0.878809	0.85341	0.863359	0.91633	0.928438	0.92317	0.926701	0.964448	0.911553	1.05877	1.05637	1.06024	1.06146	1.0554	1.05782	1.09496	1.09675	1.09734	1.10791	1.10757	1.10486	1.00056	1.03209	0.996211	1.01233	1.00697	1.00911	1.09261	1.11805	1.1186	1.08677	1.12255	1.09816	1.08097	1.10485	1.08663	1.10244	1.10715	1.0811	1.06434	1.06843	1.06424	1.07525	1.06207	1.07223	1.07662	1.09399	1.10057	1.09198	1.07671	1.077	1.10189	1.09141	1.10231	1.09157	1.10102	1.09108
ERR613176	0.963034	0.958375	0.94322	0.944086	0.957671	0.958928	0.999664	0.977888	0.978919	0.992157	0.998629	0.991918	0	0.834421	0.857475	0.830258	0.858676	0.826984	0.973994	0.973694	0.983171	0.967692	0.966812	0.966522	0	0.834421	0.857475	0.830258	0.858676	0.826984	0.951261	0.935781	0.936927	0.929985	0.937923	0.937147	1.00831	0.988917	1.00808	1.00967	0.990713	0.997429	0.934907	0.940419	0.937996	0.939285	0.957145	0.932393	1.10115	1.0992	1.10231	1.10337	1.09888	1.10011	1.12781	1.12968	1.13014	1.13864	1.1382	1.1362	1.05645	1.0813	1.05331	1.06499	1.0614	1.06329	1.06489	1.08666	1.08781	1.06236	1.09138	1.07078	1.11311	1.13309	1.11709	1.13065	1.13499	1.11288	1.09842	1.10155	1.09824	1.10769	1.09664	1.10483	1.11152	1.12612	1.13226	1.12463	1.11124	1.11191	1.13505	1.12648	1.13468	1.12673	1.13437	1.12606
ERR613175	0.921417	0.915374	0.896091	0.899016	0.914367	0.915651	0.963833	0.934448	0.935757	0.951842	0.960552	0.951585	0.834421	0	0.827809	0.781126	0.828785	0.774684	0.930853	0.931937	0.943102	0.924277	0.923443	0.922928	0.834421	0	0.827809	0.781126	0.828785	0.774684	0.908741	0.887167	0.888307	0.879368	0.889924	0.888048	0.966888	0.944862	0.966107	0.968942	0.945959	0.954692	0.904429	0.912253	0.909454	0.910969	0.936951	0.901201	1.06603	1.06382	1.06788	1.06924	1.06382	1.06537	1.09572	1.09723	1.09795	1.10764	1.1076	1.1048	1.01767	1.0483	1.01356	1.0295	1.02391	1.02734	1.0381	1.06421	1.06547	1.03402	1.06984	1.04492	1.07944	1.1026	1.08434	1.09992	1.10446	1.07938	1.06285	1.06746	1.06295	1.07325	1.06053	1.07043	1.07734	1.09447	1.10058	1.09265	1.07747	1.07821	1.10388	1.09349	1.10387	1.09395	1.103	1.09326
ERR613177	0.957351	0.952228	0.936244	0.937907	0.951282	0.952174	0.994954	0.971305	0.972107	0.986352	0.993075	0.985593	0.857475	0.827809	0	0.822706	0.853349	0.819453	0.968329	0.968487	0.978054	0.962169	0.961668	0.960902	0.857475	0.827809	0	0.822706	0.853349	0.819453	0.946965	0.9299	0.930411	0.923767	0.931806	0.9309	1.00281	0.983075	1.00246	1.00455	0.984229	0.991693	0.930342	0.936316	0.93414	0.935011	0.954575	0.927953	1.09503	1.09304	1.09641	1.09774	1.09311	1.0943	1.12176	1.12332	1.12394	1.13271	1.13271	1.13004	1.05047	1.07686	1.04712	1.06008	1.05587	1.05797	1.05898	1.08159	1.08288	1.05626	1.08675	1.06507	1.10742	1.12758	1.11131	1.12541	1.12946	1.10693	1.0926	1.09611	1.0924	1.10209	1.09061	1.09906	1.10575	1.12105	1.12684	1.1192	1.10567	1.10643	1.12952	1.12065	1.12938	1.12083	1.12866	1.12037
ERR613174	0.913607	0.907507	0.887173	0.890809	0.906586	0.907375	0.957639	0.926095	0.927824	0.944637	0.953404	0.944318	0.830258	0.781126	0.822706	0	0.823443	0.76541	0.921909	0.922979	0.935156	0.915113	0.914398	0.914065	0.830258	0.781126	0.822706	0	0.823443	0.76541	0.900271	0.877216	0.877995	0.868693	0.879156	0.878388	0.957609	0.935275	0.95693	0.959754	0.936049	0.945647	0.899367	0.90758	0.90484	0.906413	0.933901	0.895795	1.0596	1.05717	1.06158	1.0627	1.05699	1.05873	1.08937	1.09101	1.09179	1.10176	1.10181	1.09909	1.01063	1.04256	1.00625	1.02341	1.01745	1.0209	1.03292	1.06049	1.0612	1.02874	1.0661	1.0401	1.0732	1.09666	1.0783	1.09403	1.09829	1.0728	1.05648	1.06147	1.0563	1.06725	1.05421	1.06444	1.07133	1.08864	1.09483	1.08684	1.07155	1.07237	1.09798	1.08741	1.09795	1.08755	1.09703	1.08713
ERR613178	0.956742	0.951721	0.935617	0.937032	0.950348	0.951572	0.99444	0.970196	0.971622	0.98552	0.992171	0.984937	0.858676	0.828785	0.853349	0.823443	0	0.819177	0.966907	0.967438	0.976485	0.960896	0.960446	0.959859	0.858676	0.828785	0.853349	0.823443	0	0.819177	0.945826	0.928942	0.929759	0.922654	0.930634	0.929694	1.00165	0.982272	1.00129	1.00291	0.983277	0.990678	0.931382	0.936493	0.934585	0.935834	0.955429	0.928405	1.09509	1.09322	1.09623	1.09745	1.09255	1.09397	1.12186	1.12326	1.12395	1.13276	1.13253	1.13043	1.04983	1.07618	1.04615	1.05934	1.05505	1.05739	1.05977	1.0827	1.08394	1.0569	1.08777	1.06618	1.1075	1.12751	1.11145	1.1254	1.12947	1.10685	1.09194	1.09561	1.09171	1.10137	1.09003	1.09878	1.10507	1.12056	1.12609	1.11869	1.10527	1.10583	1.12879	1.11994	1.12888	1.1202	1.12826	1.11946
ERR613173	0.906549	0.898822	0.877456	0.882873	0.898215	0.899123	0.952723	0.916984	0.918411	0.936105	0.94649	0.935594	0.826984	0.774684	0.819453	0.76541	0.819177	0	0.914067	0.916459	0.92826	0.908032	0.906788	0.906536	0.826984	0.774684	0.819453	0.76541	0.819177	0	0.895065	0.868728	0.869672	0.859768	0.870558	0.869839	0.949527	0.928259	0.948866	0.952603	0.927835	0.938516	0.89624	0.90307	0.901526	0.902132	0.931944	0.891311	1.05321	1.05101	1.05524	1.05651	1.05052	1.05228	1.08273	1.08448	1.08498	1.09592	1.09593	1.09306	1.0041	1.03838	0.999443	1.01841	1.01149	1.01618	1.02813	1.05692	1.05772	1.02313	1.06268	1.03592	1.06623	1.09052	1.07242	1.08774	1.09266	1.06615	1.05035	1.0559	1.05005	1.06117	1.04794	1.05847	1.06555	1.08272	1.08891	1.08065	1.06562	1.06623	1.09088	1.07951	1.09177	1.0795	1.08981	1.07925
ERR613986	0.930563	0.925729	0.908868	0.910801	0.923108	0.924989	0.9392	0.914712	0.916168	0.93291	0.938072	0.932201	0.951261	0.908741	0.946965	0.900271	0.945826	0.895065	0.887648	0.885779	0.89786	0.877452	0.878056	0.877214	0.951261	0.908741	0.946965	0.900271	0.945826	0.895065	0	0.779827	0.783715	0.773637	0.78458	0.784577	0.935057	0.911098	0.934635	0.935575	0.913918	0.921031	0.950108	0.963699	0.956573	0.961921	0.993695	0.946882	1.06846	1.06546	1.0694	1.07015	1.06615	1.06695	1.09905	1.10042	1.10117	1.11055	1.10977	1.10767	0.993825	1.01908	0.98995	1.00125	0.998895	0.998451	1.09487	1.11933	1.11973	1.09055	1.12325	1.10021	1.08154	1.10396	1.08524	1.10151	1.10585	1.0815	1.06334	1.06591	1.06253	1.07309	1.06072	1.06978	1.07723	1.09426	1.10091	1.09245	1.07726	1.07796	1.1084	1.09913	1.10714	1.09933	1.10754	1.09858
ERR613985	0.909746	0.903187	0.882534	0.887765	0.90088	0.902233	0.919395	0.885382	0.88668	0.905668	0.914669	0.905616	0.935781	0.887167	0.9299	0.877216	0.928942	0.868728	0.865101	0.865085	0.878224	0.855881	0.85534	0.8551	0.935781	0.887167	0.9299	0.877216	0.928942	0.868728	0.779827	0	0.753554	0.740162	0.754657	0.753865	0.912064	0.888258	0.911428	0.91389	0.88925	0.898926	0.93518	0.947608	0.942084	0.945774	0.982022	0.930797	1.04858	1.04603	1.05016	1.05143	1.04608	1.04744	1.0785	1.08012	1.0808	1.09159	1.09185	1.08881	0.974958	1.00553	0.969996	0.986406	0.981036	0.983084	1.07469	1.10182	1.1018	1.06876	1.10609	1.08058	1.06031	1.0852	1.06603	1.08237	1.08741	1.06068	1.04483	1.0492	1.0444	1.05596	1.04237	1.05305	1.05928	1.07705	1.08362	1.07498	1.05955	1.05971	1.08762	1.07675	1.08777	1.07678	1.08645	1.0764
ERR613989	0.910534	0.903613	0.883102	0.888904	0.90106	0.902145	0.921537	0.885909	0.88722	0.906054	0.91579	0.90632	0.936927	0.888307	0.930411	0.877995	0.929759	0.869672	0.864887	0.865607	0.878321	0.856534	0.856238	0.855793	0.936927	0.888307	0.930411	0.877995	0.929759	0.869672	0.783715	0.753554	0	0.743791	0.751738	0.75178	0.912288	0.889187	0.911995	0.914525	0.889864	0.900202	0.936973	0.948194	0.943684	0.946483	0.982863	0.93212	1.04953	1.04733	1.05177	1.05316	1.04695	1.04866	1.0799	1.08156	1.08239	1.09311	1.0933	1.09044	0.977198	1.00819	0.972516	0.989525	0.983624	0.986137	1.07587	1.10309	1.10311	1.06973	1.10714	1.08179	1.06156	1.08647	1.06781	1.08379	1.08872	1.06182	1.04619	1.05101	1.04603	1.05696	1.04367	1.05434	1.05993	1.0776	1.08412	1.07551	1.06047	1.061	1.08806	1.07698	1.08873	1.07715	1.08691	1.07671
ERR613984	0.90187	0.894721	0.872979	0.879107	0.892482	0.893433	0.91232	0.875132	0.876547	0.896501	0.906687	0.896491	0.929985	0.879368	0.923767	0.868693	0.922654	0.859768	0.85717	0.858079	0.871831	0.848228	0.847836	0.847097	0.929985	0.879368	0.923767	0.868693	0.922654	0.859768	0.773637	0.740162	0.743791	0	0.744887	0.744361	0.903819	0.879356	0.90317	0.906282	0.880115	0.890674	0.929745	0.941796	0.936759	0.940252	0.977779	0.924876	1.04005	1.03784	1.04217	1.04354	1.0376	1.03935	1.07002	1.07173	1.07231	1.08389	1.08394	1.08075	0.967493	0.999808	0.962536	0.979886	0.97448	0.976942	1.0662	1.09429	1.09452	1.05965	1.09887	1.07222	1.05131	1.07718	1.05755	1.0744	1.0793	1.05156	1.0372	1.04192	1.03706	1.04831	1.03452	1.04563	1.05166	1.07004	1.07653	1.06762	1.05204	1.05236	1.07882	1.06769	1.07962	1.06767	1.0781	1.06747
ERR613987	0.911084	0.904503	0.884003	0.889798	0.902261	0.903544	0.922493	0.886988	0.888229	0.90702	0.916853	0.907284	0.937923	0.889924	0.931806	0.879156	0.930634	0.870558	0.865594	0.866179	0.878833	0.856835	0.857008	0.856138	0.937923	0.889924	0.931806	0.879156	0.930634	0.870558	0.78458	0.754657	0.751738	0.744887	0	0.752587	0.91258	0.890064	0.912282	0.915139	0.890439	0.900556	0.93776	0.948991	0.944434	0.947101	0.98364	0.932796	1.05123	1.04896	1.05314	1.05441	1.04852	1.0501	1.08082	1.08271	1.08318	1.09421	1.09449	1.09154	0.97757	1.00917	0.973124	0.990174	0.984489	0.986809	1.07732	1.10419	1.10439	1.07113	1.10834	1.08328	1.06319	1.08788	1.06938	1.08509	1.08984	1.06376	1.04786	1.05254	1.04765	1.05864	1.04538	1.05588	1.06141	1.07886	1.08541	1.07662	1.0619	1.06221	1.0891	1.07833	1.08983	1.07827	1.08831	1.07794
ERR613988	0.909768	0.903299	0.88264	0.888471	0.901014	0.902294	0.921748	0.886085	0.887705	0.906627	0.91607	0.906529	0.937147	0.888048	0.9309	0.878388	0.929694	0.869839	0.864811	0.865627	0.878014	0.856096	0.855767	0.855249	0.937147	0.888048	0.9309	0.878388	0.929694	0.869839	0.784577	0.753865	0.75178	0.744361	0.752587	0	0.912065	0.889069	0.91153	0.91414	0.889588	0.899967	0.937132	0.948458	0.94385	0.946733	0.98333	0.932132	1.0503	1.04806	1.05219	1.05354	1.0475	1.04927	1.08007	1.08177	1.08242	1.09338	1.09365	1.09076	0.977398	1.00867	0.97296	0.98951	0.983841	0.986545	1.07636	1.10311	1.10347	1.07003	1.10771	1.08241	1.06197	1.08698	1.06827	1.0842	1.08878	1.06213	1.04676	1.05115	1.04651	1.05767	1.04434	1.05497	1.06067	1.0783	1.08459	1.07599	1.06084	1.06136	1.08819	1.07707	1.08871	1.07714	1.08708	1.07697
ERR607365	0.913325	0.904726	0.880879	0.889147	0.901901	0.903036	0.999819	0.967003	0.969298	0.986132	0.994424	0.985317	1.00831	0.966888	1.00281	0.957609	1.00165	0.949527	0.885277	0.886677	0.899194	0.877345	0.876776	0.876867	1.00831	0.966888	1.00281	0.957609	1.00165	0.949527	0.935057	0.912064	0.912288	0.903819	0.91258	0.912065	0	0.749423	0.761552	0.765215	0.746913	0.75621	0.935176	0.945778	0.942169	0.943624	0.980955	0.929725	1.09018	1.08858	1.09246	1.094	1.08729	1.08959	1.12331	1.12487	1.12541	1.13543	1.13587	1.13292	1.03654	1.06745	1.03183	1.04948	1.0432	1.04689	1.12199	1.14627	1.14607	1.11604	1.15078	1.12726	1.10872	1.13207	1.1155	1.1296	1.13403	1.10905	1.09719	1.10221	1.09753	1.10764	1.09532	1.10526	1.10465	1.12044	1.12584	1.11785	1.10486	1.10485	1.1299	1.11926	1.1309	1.11922	1.12909	1.11885
ERR607363	0.891142	0.883003	0.857001	0.863707	0.87946	0.881002	0.975596	0.945055	0.948024	0.965822	0.972784	0.965255	0.988917	0.944862	0.983075	0.935275	0.982272	0.928259	0.864176	0.863769	0.879324	0.852847	0.852313	0.852212	0.988917	0.944862	0.983075	0.935275	0.982272	0.928259	0.911098	0.888258	0.889187	0.879356	0.890064	0.889069	0.749423	0	0.748395	0.750243	0.722417	0.732502	0.912021	0.927323	0.920056	0.924837	0.96337	0.907434	1.07141	1.06919	1.07318	1.07451	1.06883	1.0706	1.10614	1.10782	1.10848	1.11874	1.11843	1.11544	1.01341	1.04358	1.00868	1.02431	1.01982	1.0216	1.10453	1.13003	1.13017	1.0991	1.1343	1.10997	1.08993	1.11479	1.0959	1.11204	1.11715	1.09053	1.07742	1.08157	1.07758	1.08873	1.07523	1.08555	1.08691	1.10442	1.11074	1.10189	1.08703	1.0874	1.11496	1.10413	1.11425	1.10417	1.11377	1.10366
ERR607366	0.912744	0.904114	0.880078	0.888917	0.901473	0.902576	0.999183	0.966304	0.968407	0.985387	0.993994	0.984781	1.00808	0.966107	1.00246	0.95693	1.00129	0.948866	0.884661	0.886411	0.899091	0.877468	0.876651	0.876591	1.00808	0.966107	1.00246	0.95693	1.00129	0.948866	0.934635	0.911428	0.911995	0.90317	0.912282	0.91153	0.761552	0.748395	0	0.763949	0.745963	0.755413	0.935073	0.945688	0.942162	0.943416	0.980908	0.929853	1.08995	1.08847	1.09215	1.09356	1.08722	1.08932	1.12279	1.12402	1.12465	1.13496	1.13516	1.13211	1.03671	1.06757	1.03178	1.04984	1.04328	1.04707	1.12124	1.14567	1.14571	1.11521	1.15029	1.12678	1.10802	1.13162	1.11485	1.12895	1.13353	1.10867	1.09677	1.10189	1.09715	1.10748	1.09518	1.10495	1.10449	1.1203	1.12581	1.11776	1.10459	1.10487	1.1294	1.11861	1.13027	1.11866	1.12862	1.11846
ERR607364	0.915894	0.907795	0.884324	0.891791	0.904922	0.906139	0.999815	0.969534	0.971352	0.988387	0.995949	0.987765	1.00967	0.968942	1.00455	0.959754	1.00291	0.952603	0.887573	0.889052	0.901596	0.879729	0.878995	0.878809	1.00967	0.968942	1.00455	0.959754	1.00291	0.952603	0.935575	0.91389	0.914525	0.906282	0.915139	0.91414	0.765215	0.750243	0.763949	0	0.749355	0.757701	0.93576	0.947455	0.94305	0.945303	0.981587	0.930939	1.09158	1.08985	1.09357	1.09489	1.0886	1.09099	1.12496	1.12624	1.12709	1.13677	1.13689	1.13401	1.03823	1.06762	1.03361	1.05005	1.04429	1.04755	1.12352	1.14735	1.14734	1.118	1.15176	1.12874	1.10998	1.13309	1.11599	1.13069	1.13515	1.1103	1.09862	1.10302	1.09844	1.10909	1.09653	1.1063	1.10627	1.12229	1.12787	1.11988	1.10628	1.10656	1.13204	1.12169	1.13239	1.12153	1.13114	1.12123
ERR607362	0.891022	0.882115	0.855782	0.864316	0.879245	0.880434	0.978806	0.945421	0.947647	0.96588	0.974104	0.965368	0.990713	0.945959	0.984229	0.936049	0.983277	0.927835	0.862974	0.864418	0.879217	0.853934	0.853293	0.85341	0.990713	0.945959	0.984229	0.936049	0.983277	0.927835	0.913918	0.88925	0.889864	0.880115	0.890439	0.889588	0.746913	0.722417	0.745963	0.749355	0	0.732557	0.91511	0.927712	0.922684	0.925743	0.965401	0.909639	1.07341	1.0709	1.07524	1.07655	1.07025	1.07244	1.10711	1.10873	1.10946	1.1202	1.12011	1.11719	1.01578	1.04786	1.01077	1.02853	1.02276	1.02592	1.10566	1.13156	1.13159	1.09961	1.13612	1.11137	1.0917	1.11644	1.09823	1.11366	1.11855	1.09191	1.07946	1.08431	1.07957	1.09078	1.07718	1.08766	1.08812	1.10502	1.11104	1.10226	1.08812	1.08846	1.11463	1.10354	1.11511	1.10343	1.1141	1.10324
ERR607361	0.901834	0.893543	0.868973	0.875746	0.890731	0.891821	0.985929	0.955895	0.958207	0.975555	0.982677	0.975152	0.997429	0.954692	0.991693	0.945647	0.990678	0.938516	0.874145	0.874071	0.888448	0.864158	0.863969	0.863359	0.997429	0.954692	0.991693	0.945647	0.990678	0.938516	0.921031	0.898926	0.900202	0.890674	0.900556	0.899967	0.75621	0.732502	0.755413	0.757701	0.732557	0	0.92195	0.935385	0.929302	0.933528	0.970955	0.917494	1.08001	1.07791	1.08186	1.08313	1.07753	1.0795	1.11436	1.1159	1.11673	1.12654	1.12652	1.12362	1.02385	1.05372	1.01882	1.03508	1.02995	1.0322	1.1129	1.13739	1.13747	1.10734	1.14181	1.11813	1.09887	1.12296	1.10477	1.12027	1.12518	1.09938	1.08655	1.09044	1.08646	1.09726	1.0844	1.09435	1.0953	1.11181	1.11801	1.10974	1.09532	1.09553	1.12265	1.11189	1.12231	1.11174	1.12178	1.11131
ERR613666	0.886906	0.880849	0.861143	0.861769	0.878637	0.880998	1.00399	0.983113	0.984701	0.999729	1.00424	0.999084	0.934907	0.904429	0.930342	0.899367	0.931382	0.89624	0.925939	0.923841	0.936597	0.917083	0.91704	0.91633	0.934907	0.904429	0.930342	0.899367	0.931382	0.89624	0.950108	0.93518	0.936973	0.929745	0.93776	0.937132	0.935176	0.912021	0.935073	0.93576	0.91511	0.92195	0	0.78056	0.769171	0.778595	0.80588	0.761835	1.09927	1.09678	1.1004	1.1007	1.0974	1.09852	1.13404	1.13548	1.13619	1.14443	1.14405	1.14165	1.04539	1.07077	1.04098	1.05379	1.05049	1.05135	1.07678	1.09933	1.10064	1.07458	1.10404	1.08295	1.11986	1.14006	1.12277	1.13759	1.1421	1.11948	1.1038	1.10652	1.10333	1.11321	1.10165	1.11032	1.11802	1.13362	1.13963	1.13211	1.11769	1.11841	1.14546	1.13664	1.14326	1.13687	1.14441	1.13653
ERR613669	0.898163	0.891555	0.872531	0.87546	0.889904	0.891858	1.01643	0.991715	0.99298	1.00684	1.01397	1.00674	0.940419	0.912253	0.936316	0.90758	0.936493	0.90307	0.935429	0.935715	0.945621	0.92921	0.928851	0.928438	0.940419	0.912253	0.936316	0.90758	0.936493	0.90307	0.963699	0.947608	0.948194	0.941796	0.948991	0.948458	0.945778	0.927323	0.945688	0.947455	0.927712	0.935385	0.78056	0	0.783429	0.783239	0.810432	0.776438	1.10864	1.10658	1.10997	1.11125	1.10604	1.10767	1.14153	1.14303	1.14374	1.15242	1.15206	1.14963	1.05699	1.08402	1.05293	1.06784	1.0626	1.06532	1.08161	1.1041	1.105	1.07878	1.10904	1.08807	1.12831	1.14794	1.13283	1.14575	1.14977	1.1281	1.11372	1.1178	1.11349	1.12324	1.11186	1.1208	1.12713	1.14157	1.14672	1.13966	1.12708	1.1275	1.15106	1.14222	1.15032	1.14265	1.15028	1.14205
ERR613667	0.894664	0.888812	0.869858	0.870788	0.887186	0.88936	1.01043	0.988993	0.990665	1.00504	1.00972	1.0044	0.937996	0.909454	0.93414	0.90484	0.934585	0.901526	0.932284	0.931021	0.942599	0.923951	0.924107	0.92317	0.937996	0.909454	0.93414	0.90484	0.934585	0.901526	0.956573	0.942084	0.943684	0.936759	0.944434	0.94385	0.942169	0.920056	0.942162	0.94305	0.922684	0.929302	0.769171	0.783429	0	0.782049	0.808082	0.767805	1.10371	1.10135	1.10508	1.10537	1.10164	1.10308	1.13793	1.13952	1.13993	1.14856	1.14787	1.14536	1.05181	1.07686	1.0479	1.06025	1.05678	1.05749	1.07922	1.10154	1.10265	1.07723	1.10625	1.08542	1.12407	1.14387	1.12735	1.14178	1.14562	1.1238	1.10841	1.11135	1.10791	1.11787	1.10634	1.11496	1.12235	1.13732	1.14325	1.13577	1.12226	1.12274	1.14901	1.14037	1.14701	1.14069	1.14801	1.13986
ERR613668	0.896655	0.890111	0.87129	0.87404	0.88861	0.890643	1.01585	0.990788	0.992025	1.00634	1.01305	1.00575	0.939285	0.910969	0.935011	0.906413	0.935834	0.902132	0.934064	0.934109	0.944375	0.927421	0.927309	0.926701	0.939285	0.910969	0.935011	0.906413	0.935834	0.902132	0.961921	0.945774	0.946483	0.940252	0.947101	0.946733	0.943624	0.924837	0.943416	0.945303	0.925743	0.933528	0.778595	0.783239	0.782049	0	0.809272	0.775417	1.10837	1.10627	1.10985	1.11082	1.10586	1.10752	1.14136	1.14291	1.14348	1.15217	1.15204	1.14963	1.05629	1.08345	1.05235	1.067	1.06177	1.06431	1.08184	1.10427	1.10516	1.07901	1.10919	1.08814	1.12819	1.14799	1.13256	1.14587	1.14984	1.12809	1.1131	1.11714	1.11318	1.1225	1.11136	1.12049	1.12691	1.14104	1.14645	1.13961	1.12664	1.1271	1.15125	1.14242	1.15057	1.14262	1.15015	1.14204
ERR613670	0.935042	0.929968	0.915069	0.9153	0.928552	0.930621	1.04304	1.02429	1.02577	1.0381	1.04318	1.03779	0.957145	0.936951	0.954575	0.933901	0.955429	0.931944	0.972098	0.970694	0.979453	0.965102	0.964981	0.964448	0.957145	0.936951	0.954575	0.933901	0.955429	0.931944	0.993695	0.982022	0.982863	0.977779	0.98364	0.98333	0.980955	0.96337	0.980908	0.981587	0.965401	0.970955	0.80588	0.810432	0.808082	0.809272	0	0.805022	1.13248	1.13051	1.13345	1.13413	1.13045	1.13176	1.16354	1.16488	1.1654	1.17317	1.1726	1.17058	1.08509	1.1078	1.08177	1.09306	1.08975	1.09077	1.09711	1.11679	1.118	1.0959	1.12146	1.10321	1.15137	1.16886	1.15448	1.16706	1.17072	1.1511	1.13724	1.13999	1.13701	1.14558	1.13559	1.14294	1.14956	1.16284	1.16804	1.16162	1.14953	1.15012	1.17303	1.16528	1.17157	1.16563	1.1722	1.16516
ERR613665	0.882317	0.875172	0.854555	0.856846	0.873261	0.875377	1.00175	0.977999	0.979482	0.9945	1.0001	0.993898	0.932393	0.901201	0.927953	0.895795	0.928405	0.891311	0.920444	0.919928	0.93148	0.912513	0.912234	0.911553	0.932393	0.901201	0.927953	0.895795	0.928405	0.891311	0.946882	0.930797	0.93212	0.924876	0.932796	0.932132	0.929725	0.907434	0.929853	0.930939	0.909639	0.917494	0.761835	0.776438	0.767805	0.775417	0.805022	0	1.09561	1.09314	1.09693	1.09759	1.09313	1.0948	1.13012	1.13147	1.13207	1.14092	1.14063	1.13816	1.04151	1.06892	1.03747	1.0516	1.04753	1.04917	1.07334	1.09684	1.09798	1.0707	1.10156	1.07972	1.11566	1.13642	1.11964	1.13417	1.13823	1.11558	1.10005	1.10382	1.09977	1.11	1.09804	1.10738	1.11431	1.12988	1.13575	1.12829	1.11443	1.11488	1.14109	1.13199	1.1393	1.1321	1.14012	1.13174
