	ERR613340	ERR613338	ERR613339	ERR613335	ERR613336	ERR613337	ERR613666	ERR613669	ERR613667	ERR613668	ERR613670	ERR613665	ERR636636	ERR636632	ERR636631	ERR636634	ERR636633	ERR636635	ERR629929	ERR629932	ERR629933	ERR629928	ERR629931	ERR629930	ERR613666	ERR613669	ERR613667	ERR613668	ERR613670	ERR613665	ERR637031	ERR637027	ERR637030	ERR637029	ERR637028	ERR637032	ERR621924	ERR621920	ERR621922	ERR621923	ERR621919	ERR621921	ERR608871	ERR608872	ERR608875	ERR608873	ERR608876	ERR608874	ERR605970	ERR605975	ERR605971	ERR605974	ERR605972	ERR605973	ERR614947	ERR614946	ERR614948	ERR614945	ERR614944	ERR614943	ERR630460	ERR630458	ERR630462	ERR630461	ERR630463	ERR630459	ERR622016	ERR622015	ERR622019	ERR622020	ERR622018	ERR622017	ERR609235	ERR609240	ERR609238	ERR609237	ERR609239	ERR609236	ERR630219	ERR630222	ERR630223	ERR630218	ERR630221	ERR630220	ERR626685	ERR626684	ERR626683	ERR626682	ERR626681	ERR626680	ERR630533	ERR630535	ERR630534	ERR630537	ERR630536	ERR630532
ERR613340	0	0.297225	0.297694	0.330826	0.292727	0.31308	0.393247	0.38284	0.384154	0.382559	0.363368	0.399161	0.432703	0.38616	0.426068	0.395519	0.428171	0.437385	0.459754	0.44811	0.448829	0.483691	0.450525	0.480059	0.393247	0.38284	0.384154	0.382559	0.363368	0.399161	0.448373	0.43168	0.405307	0.433812	0.389306	0.442025	0.404405	0.414116	0.416319	0.406274	0.433384	0.413452	0.409231	0.428462	0.421736	0.441858	0.421065	0.421614	0.431682	0.457619	0.47723	0.456523	0.48104	0.459687	0.498194	0.499683	0.501565	0.483634	0.482842	0.479259	0.414908	0.420994	0.423763	0.429087	0.428287	0.398804	0.444983	0.461807	0.464731	0.468098	0.467812	0.442593	0.473826	0.473668	0.462726	0.45742	0.474516	0.469678	0.402522	0.421944	0.412847	0.428095	0.422157	0.395485	0.42602	0.430087	0.428052	0.417329	0.444977	0.467026	0.550048	0.533326	0.558693	0.536637	0.53336	0.549072
ERR613338	0.297225	0	0.24851	0.264804	0.256636	0.259605	0.353398	0.348576	0.351552	0.348194	0.368244	0.352497	0.368439	0.340208	0.361402	0.344292	0.363467	0.371965	0.418377	0.417762	0.416349	0.428854	0.416903	0.426367	0.353398	0.348576	0.351552	0.348194	0.368244	0.352497	0.381356	0.365169	0.348856	0.367393	0.340646	0.375892	0.368042	0.366959	0.369253	0.367515	0.376575	0.368252	0.418013	0.389103	0.403107	0.391964	0.404926	0.401498	0.422288	0.431689	0.422387	0.428946	0.424984	0.428681	0.451599	0.452475	0.453133	0.451091	0.449563	0.449271	0.35261	0.357551	0.359748	0.363453	0.362837	0.345123	0.403633	0.411773	0.414326	0.41672	0.416257	0.403053	0.427712	0.427437	0.432763	0.421692	0.427361	0.424598	0.370437	0.378376	0.381262	0.38081	0.380032	0.367797	0.385993	0.386634	0.386712	0.380837	0.391202	0.407262	0.511453	0.504898	0.513531	0.50626	0.503728	0.508218
ERR613339	0.297694	0.24851	0	0.263171	0.255398	0.257946	0.353072	0.349227	0.351483	0.348772	0.369506	0.352177	0.367009	0.339348	0.360288	0.343353	0.362199	0.370563	0.417464	0.416713	0.415296	0.427783	0.415805	0.425429	0.353072	0.349227	0.351483	0.348772	0.369506	0.352177	0.379943	0.363826	0.347358	0.366073	0.339417	0.374323	0.369354	0.367346	0.369897	0.368831	0.376703	0.368871	0.418877	0.389588	0.404618	0.392201	0.406262	0.402796	0.422593	0.432275	0.422097	0.429335	0.424492	0.429192	0.450779	0.451433	0.45218	0.450551	0.448756	0.448527	0.351541	0.356626	0.358686	0.362174	0.361801	0.344028	0.402126	0.410063	0.41254	0.414996	0.414508	0.401742	0.426578	0.426109	0.43233	0.42052	0.426131	0.423655	0.369617	0.377336	0.380063	0.379913	0.379093	0.367087	0.384998	0.385605	0.385723	0.379296	0.389458	0.405311	0.511509	0.504771	0.513252	0.50616	0.503439	0.508126
ERR613335	0.330826	0.264804	0.263171	0	0.263185	0.249574	0.344613	0.354237	0.347401	0.353098	0.39006	0.34262	0.34273	0.332812	0.339144	0.333517	0.340192	0.344232	0.416069	0.416434	0.413742	0.416117	0.413942	0.414579	0.344613	0.354237	0.347401	0.353098	0.39006	0.34262	0.346804	0.334719	0.324632	0.336415	0.321608	0.342572	0.375633	0.365556	0.369123	0.3739	0.36729	0.367468	0.429959	0.384565	0.415344	0.382374	0.418679	0.41223	0.443831	0.454045	0.424682	0.450218	0.42592	0.448474	0.439146	0.439416	0.439181	0.451547	0.446019	0.447873	0.329549	0.332011	0.335306	0.337417	0.336233	0.326237	0.400345	0.40132	0.400719	0.401733	0.402057	0.400575	0.420214	0.417092	0.440096	0.415717	0.417068	0.417275	0.353761	0.35344	0.358862	0.353859	0.355079	0.356252	0.391532	0.389409	0.391126	0.382381	0.379988	0.387638	0.512375	0.508514	0.507264	0.509409	0.50597	0.504905
ERR613336	0.292727	0.256636	0.255398	0.263185	0	0.254719	0.351224	0.352558	0.348359	0.351913	0.36823	0.35329	0.371424	0.340576	0.36552	0.34603	0.367222	0.374684	0.426329	0.421414	0.42012	0.437282	0.420831	0.434397	0.351224	0.352558	0.348359	0.351913	0.36823	0.35329	0.38268	0.367009	0.347103	0.369085	0.336402	0.377031	0.376597	0.374228	0.378196	0.376329	0.3847	0.375917	0.418911	0.397345	0.414182	0.401839	0.415866	0.412204	0.432337	0.449973	0.439927	0.446872	0.442391	0.447348	0.459127	0.459758	0.460298	0.460182	0.456369	0.456089	0.355053	0.359969	0.363626	0.367851	0.36605	0.344816	0.405094	0.414329	0.41607	0.418537	0.418623	0.404665	0.435449	0.433199	0.442872	0.425668	0.433515	0.431116	0.361053	0.371416	0.369045	0.374726	0.372145	0.359212	0.393401	0.394315	0.394223	0.383096	0.39557	0.411357	0.526971	0.517331	0.527847	0.519328	0.515716	0.522139
ERR613337	0.31308	0.259605	0.257946	0.249574	0.254719	0	0.345487	0.353413	0.346316	0.352746	0.380992	0.345883	0.35424	0.33448	0.350265	0.337852	0.35167	0.356639	0.419088	0.416601	0.414638	0.4244	0.415037	0.422346	0.345487	0.353413	0.346316	0.352746	0.380992	0.345883	0.361832	0.348589	0.332983	0.350502	0.325771	0.356978	0.377837	0.370297	0.374348	0.376591	0.375983	0.371938	0.424755	0.390795	0.41649	0.391968	0.419094	0.413817	0.438742	0.452872	0.43186	0.44932	0.433652	0.44911	0.446914	0.4475	0.447635	0.454809	0.449675	0.450351	0.340341	0.343636	0.347457	0.350655	0.349018	0.33291	0.400897	0.40565	0.405851	0.40737	0.40778	0.400715	0.425872	0.422618	0.441283	0.418044	0.422791	0.42211	0.354281	0.35924	0.360091	0.36105	0.360322	0.35566	0.392394	0.391465	0.392428	0.380796	0.385859	0.396931	0.520272	0.51303	0.517437	0.514724	0.510998	0.51352
ERR613666	0.393247	0.353398	0.353072	0.344613	0.351224	0.345487	0	0.266743	0.256666	0.265509	0.305839	0.253644	0.371781	0.355819	0.367846	0.358298	0.370048	0.373575	0.495201	0.494719	0.492437	0.493621	0.492276	0.492351	0	0.266743	0.256666	0.265509	0.305839	0.253644	0.361825	0.349565	0.335847	0.351425	0.330418	0.357361	0.316587	0.308245	0.312281	0.315373	0.313025	0.309644	0.4137	0.375928	0.403149	0.375719	0.406614	0.400249	0.504792	0.514588	0.488766	0.511015	0.490223	0.509897	0.513064	0.513046	0.512623	0.527358	0.521561	0.523482	0.348532	0.351553	0.354754	0.35757	0.356567	0.343758	0.460557	0.462125	0.461218	0.462562	0.46299	0.46014	0.497566	0.493905	0.518197	0.493845	0.493748	0.494921	0.331667	0.333352	0.336851	0.334986	0.334451	0.332599	0.475252	0.472866	0.474207	0.465265	0.463123	0.468486	0.584271	0.580799	0.577678	0.581894	0.578057	0.576355
ERR613669	0.38284	0.348576	0.349227	0.354237	0.352558	0.353413	0.266743	0	0.263272	0.256973	0.287286	0.265117	0.384118	0.36108	0.377767	0.363871	0.380134	0.386996	0.494238	0.495113	0.49314	0.49681	0.493126	0.494991	0.266743	0	0.263272	0.256973	0.287286	0.265117	0.380877	0.365486	0.350367	0.367547	0.344176	0.375448	0.303109	0.303438	0.304622	0.303041	0.313724	0.303229	0.405973	0.374498	0.390432	0.376039	0.393068	0.388394	0.492658	0.500107	0.482457	0.497087	0.484408	0.495397	0.515737	0.515982	0.516062	0.523659	0.520308	0.521816	0.359989	0.364273	0.365779	0.3692	0.369155	0.354103	0.461764	0.466161	0.466516	0.46835	0.468368	0.460746	0.498807	0.497881	0.511748	0.496174	0.497505	0.497182	0.347051	0.351431	0.357035	0.354462	0.353209	0.344032	0.470464	0.469207	0.469659	0.465267	0.466377	0.475286	0.576931	0.573922	0.573885	0.574719	0.571937	0.571809
ERR613667	0.384154	0.351552	0.351483	0.347401	0.348359	0.346316	0.256666	0.263272	0	0.2622	0.295403	0.258718	0.378636	0.357311	0.37422	0.360576	0.376213	0.381002	0.496766	0.494947	0.492972	0.497814	0.493041	0.496085	0.256666	0.263272	0	0.2622	0.295403	0.258718	0.371593	0.358046	0.341304	0.359973	0.334072	0.366475	0.31456	0.310216	0.313867	0.313875	0.318749	0.311223	0.40869	0.37841	0.400788	0.379883	0.404138	0.398502	0.501108	0.513687	0.491791	0.510369	0.493563	0.509247	0.516449	0.516657	0.516379	0.528374	0.522793	0.524245	0.354449	0.357971	0.360673	0.364495	0.36349	0.347078	0.460791	0.46435	0.463779	0.465358	0.465771	0.460395	0.500169	0.497198	0.517883	0.495369	0.496952	0.497678	0.332832	0.337485	0.338647	0.340448	0.338359	0.332199	0.474753	0.472735	0.473784	0.464938	0.465536	0.472626	0.586532	0.581798	0.581431	0.583156	0.579301	0.579224
ERR613668	0.382559	0.348194	0.348772	0.353098	0.351913	0.352746	0.265509	0.256973	0.2622	0	0.288096	0.264455	0.383122	0.360725	0.376898	0.363431	0.379168	0.386006	0.49431	0.49503	0.493139	0.496633	0.493228	0.494909	0.265509	0.256973	0.2622	0	0.288096	0.264455	0.379202	0.364187	0.349229	0.366156	0.343119	0.373798	0.303478	0.303391	0.304617	0.303334	0.313724	0.303468	0.405809	0.373638	0.3902	0.37502	0.392929	0.388358	0.493019	0.500573	0.482815	0.497722	0.484839	0.495965	0.515457	0.515946	0.515752	0.523991	0.520423	0.521918	0.35867	0.362878	0.364575	0.367966	0.36785	0.352953	0.461687	0.465971	0.466532	0.468191	0.468104	0.46095	0.498844	0.497595	0.512192	0.49621	0.497155	0.49709	0.345742	0.349798	0.355348	0.352959	0.351582	0.343229	0.470816	0.469439	0.470207	0.465261	0.466269	0.474978	0.577278	0.574299	0.574064	0.575044	0.572243	0.572033
ERR613670	0.363368	0.368244	0.369506	0.39006	0.36823	0.380992	0.305839	0.287286	0.295403	0.288096	0	0.311286	0.431387	0.392373	0.424439	0.39951	0.427018	0.435323	0.514194	0.508483	0.508324	0.527617	0.509193	0.524889	0.305839	0.287286	0.295403	0.288096	0	0.311286	0.434439	0.41807	0.395438	0.420201	0.38287	0.428328	0.330437	0.34301	0.344316	0.333098	0.363323	0.342377	0.398871	0.405024	0.400036	0.415128	0.400281	0.399772	0.487017	0.502471	0.508539	0.500839	0.511439	0.501794	0.541545	0.542395	0.543376	0.537098	0.535442	0.534257	0.407271	0.412985	0.41506	0.420028	0.4194	0.395022	0.480968	0.492914	0.494982	0.497705	0.497408	0.479634	0.522535	0.522507	0.521301	0.5139	0.522306	0.5198	0.376887	0.391955	0.388103	0.397698	0.392856	0.369161	0.487458	0.488923	0.488081	0.481334	0.495875	0.510649	0.594338	0.584341	0.597629	0.586574	0.583648	0.591931
ERR613665	0.399161	0.352497	0.352177	0.34262	0.35329	0.345883	0.253644	0.265117	0.258718	0.264455	0.311286	0	0.36552	0.354208	0.361173	0.354978	0.36337	0.36699	0.490667	0.492241	0.489823	0.487307	0.489487	0.486281	0.253644	0.265117	0.258718	0.264455	0.311286	0	0.354794	0.342699	0.33199	0.344591	0.329199	0.350693	0.312841	0.303425	0.306491	0.311332	0.305287	0.304928	0.415852	0.370646	0.39948	0.368213	0.403529	0.39676	0.503839	0.510372	0.481505	0.506869	0.482904	0.504922	0.507553	0.507528	0.506981	0.523005	0.517623	0.520113	0.342588	0.345227	0.347986	0.350413	0.349822	0.340052	0.458979	0.458746	0.457957	0.459001	0.459313	0.458774	0.492589	0.489619	0.51433	0.491084	0.489126	0.490676	0.334024	0.332845	0.340033	0.333466	0.334291	0.335058	0.471657	0.468977	0.470503	0.46364	0.458608	0.462945	0.577012	0.575574	0.569907	0.576342	0.57299	0.569351
ERR636636	0.432703	0.368439	0.367009	0.34273	0.371424	0.35424	0.371781	0.384118	0.378636	0.383122	0.431387	0.36552	0	0.263925	0.238993	0.254552	0.239229	0.23689	0.418513	0.424516	0.420646	0.406189	0.42015	0.405931	0.371781	0.384118	0.378636	0.383122	0.431387	0.36552	0.311075	0.302507	0.304676	0.303559	0.312276	0.308337	0.402374	0.389227	0.390691	0.400003	0.382255	0.390355	0.450455	0.385139	0.425799	0.375153	0.4302	0.422139	0.504543	0.504566	0.462632	0.500473	0.46284	0.4965	0.431017	0.43028	0.429324	0.456384	0.448912	0.453141	0.300916	0.300493	0.301361	0.301085	0.301246	0.306747	0.433973	0.426412	0.423291	0.423008	0.423572	0.434359	0.434952	0.431729	0.464916	0.437736	0.430857	0.43388	0.365837	0.3548	0.368453	0.352372	0.357299	0.371421	0.418527	0.413634	0.415981	0.412929	0.395778	0.393698	0.508845	0.512428	0.497579	0.511972	0.508839	0.499174
ERR636632	0.38616	0.340208	0.339348	0.332812	0.340576	0.33448	0.355819	0.36108	0.357311	0.360725	0.392373	0.354208	0.263925	0	0.255956	0.24046	0.257941	0.268056	0.41886	0.418695	0.416056	0.419329	0.416329	0.41748	0.355819	0.36108	0.357311	0.360725	0.392373	0.354208	0.34231	0.323969	0.306824	0.32637	0.299979	0.33614	0.387685	0.382106	0.384344	0.386629	0.385828	0.383125	0.42599	0.384563	0.411244	0.383333	0.414339	0.408622	0.489028	0.496244	0.472633	0.492716	0.474264	0.49089	0.44774	0.447524	0.44756	0.460291	0.454582	0.45631	0.30984	0.313917	0.316421	0.320055	0.3199	0.304032	0.425081	0.426338	0.425548	0.426824	0.426971	0.424598	0.443019	0.440623	0.460741	0.438985	0.440327	0.440473	0.346832	0.350437	0.354872	0.352648	0.351936	0.346983	0.403401	0.401188	0.402093	0.39522	0.394594	0.40433	0.524366	0.520859	0.520085	0.521594	0.518501	0.517581
ERR636631	0.426068	0.361402	0.360288	0.339144	0.36552	0.350265	0.367846	0.377767	0.37422	0.376898	0.424439	0.361173	0.238993	0.255956	0	0.248813	0.235263	0.239329	0.416045	0.42273	0.418875	0.404284	0.418396	0.403983	0.367846	0.377767	0.37422	0.376898	0.424439	0.361173	0.315342	0.302582	0.303476	0.304011	0.309175	0.311861	0.39695	0.384994	0.385967	0.394496	0.37907	0.38624	0.448097	0.383146	0.42186	0.373575	0.426126	0.418397	0.501018	0.500252	0.460368	0.496411	0.460583	0.492186	0.431959	0.431312	0.430444	0.45515	0.44861	0.452859	0.298511	0.299209	0.300736	0.301074	0.301627	0.304677	0.429898	0.423095	0.420859	0.420754	0.420967	0.430327	0.433875	0.431529	0.461623	0.437007	0.430603	0.432971	0.362951	0.354023	0.367876	0.351748	0.356588	0.366984	0.41185	0.40732	0.409699	0.407733	0.391384	0.391318	0.508618	0.512634	0.498561	0.511856	0.509305	0.499901
ERR636634	0.395519	0.344292	0.343353	0.333517	0.34603	0.337852	0.358298	0.363871	0.360576	0.363431	0.39951	0.354978	0.254552	0.24046	0.248813	0	0.250762	0.258339	0.417498	0.419243	0.416163	0.415274	0.416143	0.413665	0.358298	0.363871	0.360576	0.363431	0.39951	0.354978	0.335379	0.318365	0.304439	0.320331	0.301412	0.329589	0.387875	0.381111	0.382714	0.386531	0.382416	0.382047	0.43037	0.382323	0.411806	0.379199	0.415207	0.408751	0.490969	0.495944	0.468462	0.492407	0.469939	0.489798	0.443334	0.443059	0.442982	0.45832	0.452535	0.454933	0.305748	0.309094	0.310678	0.313423	0.313624	0.302504	0.42588	0.425215	0.42409	0.425073	0.425163	0.425568	0.440416	0.438126	0.460453	0.438421	0.437642	0.438583	0.350352	0.350619	0.357589	0.35206	0.352579	0.351134	0.403661	0.400892	0.402163	0.396952	0.392553	0.400216	0.520003	0.51823	0.514657	0.518627	0.515698	0.512929
ERR636633	0.428171	0.363467	0.362199	0.340192	0.367222	0.35167	0.370048	0.380134	0.376213	0.379168	0.427018	0.36337	0.239229	0.257941	0.235263	0.250762	0	0.239339	0.416641	0.423277	0.41942	0.404542	0.418938	0.404099	0.370048	0.380134	0.376213	0.379168	0.427018	0.36337	0.31463	0.302527	0.304247	0.303838	0.310405	0.311439	0.399255	0.387243	0.388195	0.397054	0.381042	0.388433	0.449946	0.384581	0.423786	0.37497	0.428124	0.420274	0.502606	0.502025	0.461647	0.498262	0.46176	0.494	0.431898	0.431299	0.430499	0.455613	0.448899	0.453385	0.299183	0.300029	0.301228	0.301418	0.30187	0.305624	0.430666	0.423525	0.421003	0.420817	0.421192	0.431027	0.434349	0.431835	0.462523	0.437441	0.430969	0.433522	0.364167	0.354476	0.368539	0.352318	0.357167	0.368478	0.412793	0.407994	0.410439	0.408728	0.391767	0.391132	0.508533	0.512709	0.498083	0.511806	0.50926	0.499759
ERR636635	0.437385	0.371965	0.370563	0.344232	0.374684	0.356639	0.373575	0.386996	0.381002	0.386006	0.435323	0.36699	0.23689	0.268056	0.239329	0.258339	0.239339	0	0.418148	0.424597	0.420581	0.404494	0.420032	0.404418	0.373575	0.386996	0.381002	0.386006	0.435323	0.36699	0.307852	0.301086	0.306098	0.302092	0.314813	0.305911	0.40471	0.3908	0.392074	0.402109	0.382637	0.39181	0.452975	0.38565	0.427857	0.375201	0.432542	0.424201	0.505861	0.505164	0.461457	0.501181	0.461774	0.497031	0.428239	0.427664	0.426469	0.455122	0.447401	0.451927	0.301485	0.300378	0.301314	0.300627	0.300505	0.308274	0.434532	0.426129	0.422825	0.422304	0.422913	0.435166	0.433476	0.430097	0.465055	0.43673	0.42912	0.432544	0.368062	0.355721	0.370004	0.352682	0.358153	0.374405	0.420681	0.415605	0.418176	0.415036	0.396621	0.393152	0.506579	0.510721	0.494291	0.509974	0.506841	0.496183
ERR629929	0.459754	0.418377	0.417464	0.416069	0.426329	0.419088	0.495201	0.494238	0.496766	0.49431	0.514194	0.490667	0.418513	0.41886	0.416045	0.417498	0.416641	0.418148	0	0.256354	0.254193	0.258669	0.253901	0.256683	0.495201	0.494238	0.496766	0.49431	0.514194	0.490667	0.455347	0.449403	0.449369	0.449974	0.450428	0.454096	0.506774	0.502605	0.503983	0.505414	0.503938	0.5036	0.500671	0.467028	0.481917	0.466523	0.483977	0.480333	0.401227	0.39613	0.377079	0.392916	0.378152	0.391283	0.308554	0.309317	0.311018	0.309806	0.307323	0.30896	0.433502	0.435515	0.437756	0.438704	0.437491	0.433118	0.349405	0.346957	0.346862	0.348218	0.347349	0.349382	0.314287	0.317936	0.322171	0.313676	0.318053	0.314063	0.492637	0.49314	0.500502	0.491896	0.495257	0.492933	0.311972	0.311013	0.311183	0.313735	0.312656	0.321912	0.379618	0.377687	0.382323	0.377869	0.376374	0.376757
ERR629932	0.44811	0.417762	0.416713	0.416434	0.421414	0.416601	0.494719	0.495113	0.494947	0.49503	0.508483	0.492241	0.424516	0.418695	0.42273	0.419243	0.423277	0.424597	0.256354	0	0.251925	0.277182	0.252446	0.273506	0.494719	0.495113	0.494947	0.49503	0.508483	0.492241	0.461658	0.455564	0.451519	0.455968	0.450081	0.459785	0.509914	0.506971	0.508884	0.50863	0.51055	0.507974	0.492634	0.470007	0.481498	0.472464	0.48295	0.480266	0.396328	0.3995	0.391127	0.39702	0.392737	0.396661	0.318407	0.31938	0.321712	0.312512	0.309216	0.308659	0.438223	0.440576	0.443326	0.444936	0.443381	0.434836	0.351181	0.352758	0.352803	0.354491	0.35395	0.350253	0.322752	0.325594	0.32417	0.314735	0.326411	0.321017	0.489405	0.49273	0.496198	0.492577	0.494404	0.489228	0.315509	0.316041	0.315291	0.312354	0.321635	0.334277	0.39087	0.381362	0.39627	0.38338	0.380732	0.387966
ERR629933	0.448829	0.416349	0.415296	0.413742	0.42012	0.414638	0.492437	0.49314	0.492972	0.493139	0.508324	0.489823	0.420646	0.416056	0.418875	0.416163	0.41942	0.420581	0.254193	0.251925	0	0.272486	0.251141	0.269431	0.492437	0.49314	0.492972	0.493139	0.508324	0.489823	0.457869	0.451958	0.448202	0.452378	0.447191	0.456076	0.507923	0.504508	0.506446	0.506751	0.50758	0.505385	0.493144	0.468283	0.481557	0.470222	0.48343	0.480076	0.398704	0.401189	0.389474	0.398449	0.39091	0.397923	0.315815	0.31656	0.318872	0.31286	0.308989	0.308772	0.434829	0.437212	0.439692	0.441164	0.439542	0.4319	0.349164	0.349832	0.349371	0.351081	0.350509	0.348092	0.320683	0.323169	0.324853	0.313305	0.323506	0.319067	0.48705	0.489826	0.493815	0.489515	0.491501	0.487211	0.313791	0.314078	0.313458	0.310466	0.317521	0.329333	0.390996	0.38263	0.395205	0.384226	0.381573	0.387441
ERR629928	0.483691	0.428854	0.427783	0.416117	0.437282	0.4244	0.493621	0.49681	0.497814	0.496633	0.527617	0.487307	0.406189	0.419329	0.404284	0.415274	0.404542	0.404494	0.258669	0.277182	0.272486	0	0.270508	0.24285	0.493621	0.49681	0.497814	0.496633	0.527617	0.487307	0.439741	0.435676	0.442158	0.435899	0.447304	0.439339	0.508503	0.499921	0.500945	0.506269	0.496118	0.501088	0.519024	0.468907	0.494594	0.462303	0.497731	0.492371	0.431135	0.420659	0.377278	0.416963	0.376423	0.41266	0.304608	0.304312	0.303632	0.328187	0.322903	0.328009	0.423604	0.424407	0.426256	0.425834	0.425152	0.428655	0.355944	0.344249	0.342273	0.341787	0.340939	0.356544	0.315643	0.317939	0.345414	0.325797	0.317452	0.317451	0.490741	0.48559	0.496826	0.482473	0.487798	0.492838	0.327123	0.322197	0.324981	0.329915	0.30943	0.307385	0.387196	0.395428	0.378431	0.393854	0.392538	0.379226
ERR629931	0.450525	0.416903	0.415805	0.413942	0.420831	0.415037	0.492276	0.493126	0.493041	0.493228	0.509193	0.489487	0.42015	0.416329	0.418396	0.416143	0.418938	0.420032	0.253901	0.252446	0.251141	0.270508	0	0.267668	0.492276	0.493126	0.493041	0.493228	0.509193	0.489487	0.457212	0.451255	0.448004	0.451811	0.447359	0.455587	0.508165	0.50427	0.506222	0.506837	0.506994	0.505359	0.495057	0.468831	0.482492	0.470126	0.48441	0.481023	0.39958	0.401294	0.388056	0.398512	0.389482	0.397514	0.315237	0.315789	0.317933	0.313213	0.309558	0.309835	0.434458	0.43667	0.439314	0.44088	0.439304	0.431852	0.348704	0.348573	0.348421	0.350179	0.349433	0.348056	0.319903	0.322686	0.325188	0.313875	0.322892	0.31848	0.487271	0.489744	0.494015	0.489362	0.491416	0.487371	0.313925	0.313592	0.313664	0.310856	0.316954	0.328497	0.39079	0.383325	0.394498	0.384906	0.382363	0.387282
ERR629930	0.480059	0.426367	0.425429	0.414579	0.434397	0.422346	0.492351	0.494991	0.496085	0.494909	0.524889	0.486281	0.405931	0.41748	0.403983	0.413665	0.404099	0.404418	0.256683	0.273506	0.269431	0.24285	0.267668	0	0.492351	0.494991	0.496085	0.494909	0.524889	0.486281	0.440375	0.435841	0.441409	0.436137	0.44608	0.439857	0.50747	0.499167	0.500497	0.505253	0.496033	0.500324	0.516667	0.468068	0.49291	0.461986	0.495968	0.490615	0.428394	0.418791	0.377562	0.414859	0.377026	0.410914	0.304208	0.303817	0.303501	0.325936	0.320392	0.32549	0.42315	0.4242	0.426118	0.425973	0.425149	0.427818	0.353162	0.342437	0.340372	0.340287	0.339306	0.353517	0.314851	0.317167	0.342581	0.323701	0.317002	0.316347	0.489248	0.484783	0.49547	0.482027	0.487143	0.491141	0.323815	0.319397	0.321543	0.326248	0.307785	0.306865	0.386692	0.393949	0.379295	0.392646	0.391315	0.379567
ERR613666	0.393247	0.353398	0.353072	0.344613	0.351224	0.345487	0	0.266743	0.256666	0.265509	0.305839	0.253644	0.371781	0.355819	0.367846	0.358298	0.370048	0.373575	0.495201	0.494719	0.492437	0.493621	0.492276	0.492351	0	0.266743	0.256666	0.265509	0.305839	0.253644	0.361825	0.349565	0.335847	0.351425	0.330418	0.357361	0.316587	0.308245	0.312281	0.315373	0.313025	0.309644	0.4137	0.375928	0.403149	0.375719	0.406614	0.400249	0.504792	0.514588	0.488766	0.511015	0.490223	0.509897	0.513064	0.513046	0.512623	0.527358	0.521561	0.523482	0.348532	0.351553	0.354754	0.35757	0.356567	0.343758	0.460557	0.462125	0.461218	0.462562	0.46299	0.46014	0.497566	0.493905	0.518197	0.493845	0.493748	0.494921	0.331667	0.333352	0.336851	0.334986	0.334451	0.332599	0.475252	0.472866	0.474207	0.465265	0.463123	0.468486	0.584271	0.580799	0.577678	0.581894	0.578057	0.576355
ERR613669	0.38284	0.348576	0.349227	0.354237	0.352558	0.353413	0.266743	0	0.263272	0.256973	0.287286	0.265117	0.384118	0.36108	0.377767	0.363871	0.380134	0.386996	0.494238	0.495113	0.49314	0.49681	0.493126	0.494991	0.266743	0	0.263272	0.256973	0.287286	0.265117	0.380877	0.365486	0.350367	0.367547	0.344176	0.375448	0.303109	0.303438	0.304622	0.303041	0.313724	0.303229	0.405973	0.374498	0.390432	0.376039	0.393068	0.388394	0.492658	0.500107	0.482457	0.497087	0.484408	0.495397	0.515737	0.515982	0.516062	0.523659	0.520308	0.521816	0.359989	0.364273	0.365779	0.3692	0.369155	0.354103	0.461764	0.466161	0.466516	0.46835	0.468368	0.460746	0.498807	0.497881	0.511748	0.496174	0.497505	0.497182	0.347051	0.351431	0.357035	0.354462	0.353209	0.344032	0.470464	0.469207	0.469659	0.465267	0.466377	0.475286	0.576931	0.573922	0.573885	0.574719	0.571937	0.571809
ERR613667	0.384154	0.351552	0.351483	0.347401	0.348359	0.346316	0.256666	0.263272	0	0.2622	0.295403	0.258718	0.378636	0.357311	0.37422	0.360576	0.376213	0.381002	0.496766	0.494947	0.492972	0.497814	0.493041	0.496085	0.256666	0.263272	0	0.2622	0.295403	0.258718	0.371593	0.358046	0.341304	0.359973	0.334072	0.366475	0.31456	0.310216	0.313867	0.313875	0.318749	0.311223	0.40869	0.37841	0.400788	0.379883	0.404138	0.398502	0.501108	0.513687	0.491791	0.510369	0.493563	0.509247	0.516449	0.516657	0.516379	0.528374	0.522793	0.524245	0.354449	0.357971	0.360673	0.364495	0.36349	0.347078	0.460791	0.46435	0.463779	0.465358	0.465771	0.460395	0.500169	0.497198	0.517883	0.495369	0.496952	0.497678	0.332832	0.337485	0.338647	0.340448	0.338359	0.332199	0.474753	0.472735	0.473784	0.464938	0.465536	0.472626	0.586532	0.581798	0.581431	0.583156	0.579301	0.579224
ERR613668	0.382559	0.348194	0.348772	0.353098	0.351913	0.352746	0.265509	0.256973	0.2622	0	0.288096	0.264455	0.383122	0.360725	0.376898	0.363431	0.379168	0.386006	0.49431	0.49503	0.493139	0.496633	0.493228	0.494909	0.265509	0.256973	0.2622	0	0.288096	0.264455	0.379202	0.364187	0.349229	0.366156	0.343119	0.373798	0.303478	0.303391	0.304617	0.303334	0.313724	0.303468	0.405809	0.373638	0.3902	0.37502	0.392929	0.388358	0.493019	0.500573	0.482815	0.497722	0.484839	0.495965	0.515457	0.515946	0.515752	0.523991	0.520423	0.521918	0.35867	0.362878	0.364575	0.367966	0.36785	0.352953	0.461687	0.465971	0.466532	0.468191	0.468104	0.46095	0.498844	0.497595	0.512192	0.49621	0.497155	0.49709	0.345742	0.349798	0.355348	0.352959	0.351582	0.343229	0.470816	0.469439	0.470207	0.465261	0.466269	0.474978	0.577278	0.574299	0.574064	0.575044	0.572243	0.572033
ERR613670	0.363368	0.368244	0.369506	0.39006	0.36823	0.380992	0.305839	0.287286	0.295403	0.288096	0	0.311286	0.431387	0.392373	0.424439	0.39951	0.427018	0.435323	0.514194	0.508483	0.508324	0.527617	0.509193	0.524889	0.305839	0.287286	0.295403	0.288096	0	0.311286	0.434439	0.41807	0.395438	0.420201	0.38287	0.428328	0.330437	0.34301	0.344316	0.333098	0.363323	0.342377	0.398871	0.405024	0.400036	0.415128	0.400281	0.399772	0.487017	0.502471	0.508539	0.500839	0.511439	0.501794	0.541545	0.542395	0.543376	0.537098	0.535442	0.534257	0.407271	0.412985	0.41506	0.420028	0.4194	0.395022	0.480968	0.492914	0.494982	0.497705	0.497408	0.479634	0.522535	0.522507	0.521301	0.5139	0.522306	0.5198	0.376887	0.391955	0.388103	0.397698	0.392856	0.369161	0.487458	0.488923	0.488081	0.481334	0.495875	0.510649	0.594338	0.584341	0.597629	0.586574	0.583648	0.591931
ERR613665	0.399161	0.352497	0.352177	0.34262	0.35329	0.345883	0.253644	0.265117	0.258718	0.264455	0.311286	0	0.36552	0.354208	0.361173	0.354978	0.36337	0.36699	0.490667	0.492241	0.489823	0.487307	0.489487	0.486281	0.253644	0.265117	0.258718	0.264455	0.311286	0	0.354794	0.342699	0.33199	0.344591	0.329199	0.350693	0.312841	0.303425	0.306491	0.311332	0.305287	0.304928	0.415852	0.370646	0.39948	0.368213	0.403529	0.39676	0.503839	0.510372	0.481505	0.506869	0.482904	0.504922	0.507553	0.507528	0.506981	0.523005	0.517623	0.520113	0.342588	0.345227	0.347986	0.350413	0.349822	0.340052	0.458979	0.458746	0.457957	0.459001	0.459313	0.458774	0.492589	0.489619	0.51433	0.491084	0.489126	0.490676	0.334024	0.332845	0.340033	0.333466	0.334291	0.335058	0.471657	0.468977	0.470503	0.46364	0.458608	0.462945	0.577012	0.575574	0.569907	0.576342	0.57299	0.569351
ERR637031	0.448373	0.381356	0.379943	0.346804	0.38268	0.361832	0.361825	0.380877	0.371593	0.379202	0.434439	0.354794	0.311075	0.34231	0.315342	0.335379	0.31463	0.307852	0.455347	0.461658	0.457869	0.439741	0.457212	0.440375	0.361825	0.380877	0.371593	0.379202	0.434439	0.354794	0	0.244169	0.259258	0.244102	0.276056	0.241102	0.394129	0.375665	0.378529	0.391295	0.364103	0.377401	0.443492	0.36809	0.41826	0.355102	0.42364	0.414136	0.525659	0.525928	0.476923	0.52184	0.477149	0.517696	0.457662	0.457386	0.455448	0.487385	0.479058	0.483888	0.305848	0.302837	0.303894	0.301978	0.301149	0.314539	0.473526	0.463596	0.459532	0.458334	0.459412	0.474486	0.45207	0.447308	0.487966	0.455418	0.446291	0.451159	0.350335	0.331121	0.348276	0.325598	0.333168	0.360464	0.45032	0.444778	0.447709	0.443183	0.42209	0.414403	0.529505	0.53454	0.514933	0.53397	0.53036	0.517847
ERR637027	0.43168	0.365169	0.363826	0.334719	0.367009	0.348589	0.349565	0.365486	0.358046	0.364187	0.41807	0.342699	0.302507	0.323969	0.302582	0.318365	0.302527	0.301086	0.449403	0.455564	0.451958	0.435676	0.451255	0.435841	0.349565	0.365486	0.358046	0.364187	0.41807	0.342699	0.244169	0	0.247853	0.238122	0.259157	0.24333	0.382861	0.366722	0.368941	0.38032	0.357226	0.368365	0.435374	0.362674	0.409635	0.350964	0.414764	0.405764	0.518708	0.51962	0.474348	0.515737	0.474731	0.511607	0.458372	0.458102	0.456417	0.484685	0.477338	0.481935	0.295278	0.293826	0.295702	0.294717	0.294384	0.30281	0.463994	0.455518	0.452383	0.45169	0.452348	0.464506	0.448875	0.445036	0.481377	0.451569	0.443884	0.447712	0.337368	0.321594	0.33811	0.317378	0.323932	0.345209	0.436432	0.431232	0.433873	0.430085	0.410919	0.406343	0.530417	0.534782	0.518056	0.534352	0.53112	0.520309
ERR637030	0.405307	0.348856	0.347358	0.324632	0.347103	0.332983	0.335847	0.350367	0.341304	0.349229	0.395438	0.33199	0.304676	0.306824	0.303476	0.304439	0.304247	0.306098	0.449369	0.451519	0.448202	0.442158	0.448004	0.441409	0.335847	0.350367	0.341304	0.349229	0.395438	0.33199	0.259258	0.247853	0	0.249385	0.242407	0.254859	0.37384	0.361123	0.364288	0.372075	0.358204	0.362779	0.420416	0.36159	0.402105	0.355343	0.406534	0.398621	0.512927	0.519217	0.482435	0.515272	0.48348	0.512307	0.466628	0.466499	0.4655	0.487807	0.480549	0.483644	0.294242	0.294918	0.296682	0.298324	0.297716	0.293867	0.457779	0.453692	0.450901	0.451054	0.451753	0.457766	0.452979	0.448538	0.480806	0.451167	0.4479	0.450857	0.317667	0.310056	0.319787	0.309482	0.311803	0.323992	0.428199	0.424056	0.426086	0.418745	0.407452	0.408349	0.541598	0.541257	0.532372	0.541704	0.538068	0.532308
ERR637029	0.433812	0.367393	0.366073	0.336415	0.369085	0.350502	0.351425	0.367547	0.359973	0.366156	0.420201	0.344591	0.303559	0.32637	0.304011	0.320331	0.303838	0.302092	0.449974	0.455968	0.452378	0.435899	0.451811	0.436137	0.351425	0.367547	0.359973	0.366156	0.420201	0.344591	0.244102	0.238122	0.249385	0	0.261632	0.243137	0.38468	0.368211	0.370334	0.381912	0.358764	0.369968	0.43679	0.363822	0.411062	0.351873	0.416189	0.407248	0.519711	0.520838	0.475043	0.516925	0.475334	0.512645	0.458465	0.458125	0.456402	0.485085	0.477588	0.482396	0.296251	0.29473	0.296301	0.295349	0.295036	0.304257	0.464792	0.456249	0.452972	0.452094	0.452903	0.465484	0.449093	0.445223	0.482025	0.451985	0.444128	0.448234	0.338895	0.322596	0.339223	0.318233	0.324936	0.346641	0.43753	0.432298	0.435019	0.431174	0.411743	0.406648	0.530218	0.534764	0.517555	0.534338	0.531045	0.520051
ERR637028	0.389306	0.340646	0.339417	0.321608	0.336402	0.325771	0.330418	0.344176	0.334072	0.343119	0.38287	0.329199	0.312276	0.299979	0.309175	0.301412	0.310405	0.314813	0.450428	0.450081	0.447191	0.447304	0.447359	0.44608	0.330418	0.344176	0.334072	0.343119	0.38287	0.329199	0.276056	0.259157	0.242407	0.261632	0	0.270307	0.372571	0.362248	0.366064	0.371256	0.363263	0.363924	0.41312	0.36519	0.401265	0.362254	0.405075	0.397746	0.510471	0.520048	0.489084	0.516426	0.490463	0.514321	0.47327	0.473445	0.472688	0.490896	0.483755	0.486132	0.298924	0.300852	0.303802	0.307015	0.305838	0.293416	0.454861	0.453754	0.451447	0.452038	0.452853	0.454549	0.457024	0.452376	0.48151	0.45181	0.451801	0.454134	0.308498	0.30746	0.31217	0.308731	0.308568	0.313375	0.424574	0.421343	0.422961	0.413069	0.407613	0.412103	0.550196	0.547062	0.542962	0.548188	0.544142	0.541562
ERR637032	0.442025	0.375892	0.374323	0.342572	0.377031	0.356978	0.357361	0.375448	0.366475	0.373798	0.428328	0.350693	0.308337	0.33614	0.311861	0.329589	0.311439	0.305911	0.454096	0.459785	0.456076	0.439339	0.455587	0.439857	0.357361	0.375448	0.366475	0.373798	0.428328	0.350693	0.241102	0.24333	0.254859	0.243137	0.270307	0	0.390349	0.372665	0.375437	0.387732	0.362075	0.374406	0.43969	0.366159	0.415065	0.354087	0.420443	0.411172	0.523389	0.524561	0.477105	0.520381	0.47737	0.516397	0.458606	0.458215	0.456507	0.487139	0.478884	0.483655	0.302981	0.300157	0.301233	0.299822	0.298887	0.310242	0.470555	0.461335	0.457477	0.456428	0.457379	0.471251	0.451774	0.447152	0.486491	0.454441	0.44614	0.450564	0.344837	0.326887	0.343317	0.322146	0.328968	0.354369	0.446305	0.440799	0.44359	0.438937	0.419018	0.412443	0.530794	0.535034	0.516988	0.534676	0.531162	0.519582
ERR621924	0.404405	0.368042	0.369354	0.375633	0.376597	0.377837	0.316587	0.303109	0.31456	0.303478	0.330437	0.312841	0.402374	0.387685	0.39695	0.387875	0.399255	0.40471	0.506774	0.509914	0.507923	0.508503	0.508165	0.50747	0.316587	0.303109	0.31456	0.303478	0.330437	0.312841	0.394129	0.382861	0.37384	0.38468	0.372571	0.390349	0	0.266664	0.264259	0.262146	0.27768	0.265935	0.408071	0.372792	0.3845	0.373118	0.387528	0.383151	0.503005	0.504986	0.48803	0.502598	0.489756	0.500452	0.51919	0.51932	0.519703	0.525796	0.523643	0.525197	0.380074	0.383818	0.383772	0.385984	0.386326	0.377713	0.477448	0.480335	0.481492	0.483257	0.48243	0.476584	0.506632	0.507117	0.517111	0.506902	0.506507	0.50603	0.375391	0.375783	0.385612	0.37737	0.378145	0.372304	0.487448	0.486389	0.487082	0.486449	0.485639	0.492364	0.569462	0.568854	0.567089	0.568774	0.566656	0.56552
ERR621920	0.414116	0.366959	0.367346	0.365556	0.374228	0.370297	0.308245	0.303438	0.310216	0.303391	0.34301	0.303425	0.389227	0.382106	0.384994	0.381111	0.387243	0.3908	0.502605	0.506971	0.504508	0.499921	0.50427	0.499167	0.308245	0.303438	0.310216	0.303391	0.34301	0.303425	0.375665	0.366722	0.361123	0.368211	0.362248	0.372665	0.266664	0	0.26057	0.264799	0.262706	0.259955	0.415852	0.368413	0.390271	0.365173	0.393718	0.387885	0.508669	0.50926	0.482929	0.506154	0.484117	0.504013	0.511779	0.51182	0.511687	0.524034	0.520816	0.523108	0.367526	0.37018	0.370428	0.37188	0.371933	0.366859	0.471677	0.471623	0.472145	0.473268	0.472791	0.47167	0.500313	0.499481	0.517304	0.502405	0.498934	0.499346	0.366656	0.363558	0.374853	0.363685	0.366039	0.366403	0.485674	0.483786	0.485029	0.482922	0.478043	0.48198	0.567631	0.568818	0.562107	0.568565	0.566098	0.561967
ERR621922	0.416319	0.369253	0.369897	0.369123	0.378196	0.374348	0.312281	0.304622	0.313867	0.304617	0.344316	0.306491	0.390691	0.384344	0.385967	0.382714	0.388195	0.392074	0.503983	0.508884	0.506446	0.500945	0.506222	0.500497	0.312281	0.304622	0.313867	0.304617	0.344316	0.306491	0.378529	0.368941	0.364288	0.370334	0.366064	0.375437	0.264259	0.26057	0	0.262402	0.263951	0.259874	0.41641	0.368422	0.38858	0.364815	0.392355	0.386346	0.509192	0.508591	0.482813	0.505857	0.484019	0.503047	0.513156	0.513171	0.513103	0.525066	0.52224	0.524603	0.369104	0.37187	0.37143	0.372647	0.373325	0.369442	0.474843	0.474328	0.474806	0.475928	0.475197	0.474252	0.502157	0.50201	0.518364	0.504694	0.501315	0.501725	0.371509	0.367547	0.3801	0.367579	0.370257	0.370912	0.486947	0.484754	0.486121	0.485589	0.47997	0.483777	0.566796	0.568504	0.561407	0.567991	0.565829	0.561354
ERR621923	0.406274	0.367515	0.368831	0.3739	0.376329	0.376591	0.315373	0.303041	0.313875	0.303334	0.333098	0.311332	0.400003	0.386629	0.394496	0.386531	0.397054	0.402109	0.505414	0.50863	0.506751	0.506269	0.506837	0.505253	0.315373	0.303041	0.313875	0.303334	0.333098	0.311332	0.391295	0.38032	0.372075	0.381912	0.371256	0.387732	0.262146	0.264799	0.262402	0	0.274401	0.26428	0.409398	0.371812	0.385152	0.371424	0.38839	0.383672	0.503386	0.504656	0.48613	0.502192	0.487935	0.500216	0.517284	0.517408	0.517681	0.524682	0.522593	0.524089	0.378034	0.381598	0.381492	0.383543	0.383949	0.375769	0.475772	0.478161	0.479205	0.480887	0.480094	0.475158	0.504808	0.505143	0.516416	0.505773	0.504536	0.504157	0.374342	0.374327	0.384276	0.375579	0.376844	0.371946	0.486834	0.485623	0.486454	0.48556	0.484157	0.490437	0.568531	0.568293	0.565651	0.568221	0.566108	0.564382
ERR621919	0.433384	0.376575	0.376703	0.36729	0.3847	0.375983	0.313025	0.313724	0.318749	0.313724	0.363323	0.305287	0.382255	0.385828	0.37907	0.382416	0.381042	0.382637	0.503938	0.51055	0.50758	0.496118	0.506994	0.496033	0.313025	0.313724	0.318749	0.313724	0.363323	0.305287	0.364103	0.357226	0.358204	0.358764	0.363263	0.362075	0.27768	0.262706	0.263951	0.274401	0	0.263986	0.428806	0.36916	0.39854	0.361631	0.403116	0.395962	0.519346	0.516823	0.481905	0.513532	0.482405	0.510279	0.509065	0.50909	0.508345	0.526675	0.522628	0.526032	0.362284	0.363656	0.363594	0.363944	0.364025	0.36589	0.475777	0.471671	0.471321	0.471841	0.471516	0.476025	0.499862	0.498772	0.522465	0.504563	0.497982	0.499546	0.370922	0.362014	0.377429	0.360413	0.365048	0.372559	0.49064	0.48731	0.489403	0.488422	0.477582	0.477707	0.566368	0.570647	0.558121	0.56985	0.567552	0.559599
ERR621921	0.413452	0.368252	0.368871	0.367468	0.375917	0.371938	0.309644	0.303229	0.311223	0.303468	0.342377	0.304928	0.390355	0.383125	0.38624	0.382047	0.388433	0.39181	0.5036	0.507974	0.505385	0.501088	0.505359	0.500324	0.309644	0.303229	0.311223	0.303468	0.342377	0.304928	0.377401	0.368365	0.362779	0.369968	0.363924	0.374406	0.265935	0.259955	0.259874	0.26428	0.263986	0	0.413964	0.36798	0.389151	0.365067	0.392807	0.387081	0.509099	0.510083	0.484079	0.5071	0.485428	0.504713	0.512682	0.512745	0.512465	0.524892	0.521688	0.523681	0.368871	0.371556	0.37137	0.37273	0.373085	0.368104	0.473729	0.473797	0.473873	0.474948	0.474526	0.472766	0.501837	0.501106	0.518725	0.503339	0.500681	0.501233	0.368115	0.364608	0.376324	0.365173	0.367163	0.36771	0.487304	0.485164	0.486445	0.484795	0.479801	0.48362	0.567648	0.568567	0.562065	0.568237	0.565894	0.561857
ERR608871	0.409231	0.418013	0.418877	0.429959	0.418911	0.424755	0.4137	0.405973	0.40869	0.405809	0.398871	0.415852	0.450455	0.42599	0.448097	0.43037	0.449946	0.452975	0.500671	0.492634	0.493144	0.519024	0.495057	0.516667	0.4137	0.405973	0.40869	0.405809	0.398871	0.415852	0.443492	0.435374	0.420416	0.43679	0.41312	0.43969	0.408071	0.415852	0.41641	0.409398	0.428806	0.413964	0	0.315112	0.296753	0.335852	0.295738	0.296487	0.504552	0.520127	0.529321	0.519142	0.532821	0.519822	0.513799	0.515722	0.517279	0.503023	0.501609	0.499048	0.426229	0.430065	0.431527	0.434966	0.434563	0.414587	0.537451	0.543124	0.542423	0.544404	0.544355	0.535305	0.510948	0.511517	0.504107	0.498068	0.511653	0.509097	0.367618	0.378562	0.376409	0.383285	0.378555	0.36137	0.498963	0.50083	0.499368	0.493798	0.508673	0.52057	0.551031	0.537036	0.557938	0.539438	0.536182	0.54996
ERR608872	0.428462	0.389103	0.389588	0.384565	0.397345	0.390795	0.375928	0.374498	0.37841	0.373638	0.405024	0.370646	0.385139	0.384563	0.383146	0.382323	0.384581	0.38565	0.467028	0.470007	0.468283	0.468907	0.468831	0.468068	0.375928	0.374498	0.37841	0.373638	0.405024	0.370646	0.36809	0.362674	0.36159	0.363822	0.36519	0.366159	0.372792	0.368413	0.368422	0.371812	0.36916	0.36798	0.315112	0	0.286731	0.264952	0.29017	0.283605	0.502613	0.503844	0.483394	0.501585	0.485145	0.498893	0.471434	0.472298	0.472287	0.479599	0.476385	0.478298	0.361329	0.363281	0.36375	0.36461	0.364969	0.360657	0.506321	0.503373	0.501854	0.502611	0.502136	0.505455	0.471431	0.471668	0.484183	0.47041	0.471317	0.471235	0.334213	0.328479	0.342297	0.327983	0.330555	0.33443	0.467621	0.466283	0.467159	0.466746	0.46308	0.467172	0.519705	0.518547	0.517044	0.518313	0.515895	0.51483
ERR608875	0.421736	0.403107	0.404618	0.415344	0.414182	0.41649	0.403149	0.390432	0.400788	0.3902	0.400036	0.39948	0.425799	0.411244	0.42186	0.411806	0.423786	0.427857	0.481917	0.481498	0.481557	0.494594	0.482492	0.49291	0.403149	0.390432	0.400788	0.3902	0.400036	0.39948	0.41826	0.409635	0.402105	0.411062	0.401265	0.415065	0.3845	0.390271	0.38858	0.385152	0.39854	0.389151	0.296753	0.286731	0	0.300472	0.272351	0.271399	0.492322	0.495007	0.496302	0.493901	0.499189	0.492642	0.492483	0.494115	0.495382	0.484361	0.485297	0.48455	0.402394	0.406408	0.406297	0.408326	0.408933	0.397242	0.52362	0.525447	0.525677	0.527258	0.526457	0.522279	0.490409	0.492994	0.485375	0.485985	0.492904	0.490071	0.367868	0.370818	0.380041	0.373111	0.372884	0.362502	0.479175	0.480405	0.479703	0.481261	0.488051	0.497747	0.52346	0.517305	0.529411	0.51787	0.516412	0.523665
