	ERR612548	ERR612552	ERR612547	ERR612549	ERR612551	ERR612550	ERR617184	ERR617183	ERR617182	ERR617181	ERR617179	ERR617180	ERR613176	ERR613175	ERR613177	ERR613174	ERR613178	ERR613173	ERR636926	ERR636927	ERR636925	ERR636930	ERR636928	ERR636929	ERR613176	ERR613175	ERR613177	ERR613174	ERR613178	ERR613173	ERR613986	ERR613985	ERR613989	ERR613984	ERR613987	ERR613988	ERR607365	ERR607363	ERR607366	ERR607364	ERR607362	ERR607361	ERR613666	ERR613669	ERR613667	ERR613668	ERR613670	ERR613665	ERR618690	ERR618687	ERR618689	ERR618688	ERR618692	ERR618691	ERR607462	ERR607460	ERR607461	ERR607459	ERR607457	ERR607458	ERR630080	ERR630081	ERR630078	ERR630082	ERR630079	ERR630083	ERR613264	ERR613267	ERR613268	ERR613263	ERR613266	ERR613265	ERR638283	ERR638279	ERR638284	ERR638280	ERR638281	ERR638282	ERR630174	ERR630175	ERR630173	ERR630172	ERR630170	ERR630171	ERR616703	ERR616700	ERR616702	ERR616701	ERR616704	ERR616705	ERR617320	ERR617323	ERR617319	ERR617324	ERR617321	ERR617322
ERR612548	4.15198e+08	3.06746e+08	3.8847e+08	3.61157e+08	3.12039e+08	3.10411e+08	1.65953e+08	2.1461e+08	2.12208e+08	1.83527e+08	1.70012e+08	1.83154e+08	1.72931e+08	2.42929e+08	1.81635e+08	2.60914e+08	1.81061e+08	2.79956e+08	2.61793e+08	2.59282e+08	2.30644e+08	2.82825e+08	2.84707e+08	2.86102e+08	1.72931e+08	2.42929e+08	1.81635e+08	2.60914e+08	1.81061e+08	2.79956e+08	2.26862e+08	2.81453e+08	2.78466e+08	3.08109e+08	2.76208e+08	2.78387e+08	2.56256e+08	3.13172e+08	2.58459e+08	2.51349e+08	3.1164e+08	2.83054e+08	2.56636e+08	2.32287e+08	2.43883e+08	2.34433e+08	1.84173e+08	2.63862e+08	1.71925e+08	1.78048e+08	1.68151e+08	1.66134e+08	1.77951e+08	1.73644e+08	1.40982e+08	1.38685e+08	1.38469e+08	1.20643e+08	1.21266e+08	1.25066e+08	1.97969e+08	1.42412e+08	2.08986e+08	1.75999e+08	1.82125e+08	1.81768e+08	1.88599e+08	1.29561e+08	1.29035e+08	2.03301e+08	1.225e+08	1.73886e+08	1.88088e+08	1.33006e+08	1.75328e+08	1.3707e+08	1.29098e+08	1.87789e+08	2.08696e+08	1.94803e+08	2.09272e+08	1.73479e+08	2.16505e+08	1.83571e+08	1.6244e+08	1.31524e+08	1.22612e+08	1.35249e+08	1.62438e+08	1.62256e+08	1.30225e+08	1.50187e+08	1.2926e+08	1.51467e+08	1.31826e+08	1.51052e+08
ERR612552	3.06746e+08	4.69776e+08	4.16964e+08	3.8701e+08	3.36714e+08	3.34897e+08	1.77886e+08	2.30925e+08	2.28308e+08	1.97504e+08	1.82673e+08	1.96962e+08	1.85482e+08	2.60895e+08	1.94949e+08	2.80179e+08	1.94296e+08	3.01315e+08	2.81624e+08	2.78533e+08	2.47542e+08	3.03873e+08	3.06085e+08	3.07407e+08	1.85482e+08	2.60895e+08	1.94949e+08	2.80179e+08	1.94296e+08	3.01315e+08	2.43222e+08	3.02417e+08	2.99379e+08	3.31282e+08	2.96802e+08	2.99082e+08	2.76234e+08	3.37109e+08	2.78617e+08	2.70761e+08	3.35831e+08	3.0486e+08	2.75392e+08	2.49532e+08	2.61675e+08	2.51804e+08	1.97551e+08	2.83555e+08	1.85316e+08	1.91877e+08	1.81349e+08	1.79085e+08	1.92008e+08	1.87122e+08	1.5213e+08	1.49585e+08	1.49373e+08	1.30194e+08	1.30611e+08	1.34959e+08	2.13123e+08	1.52962e+08	2.24859e+08	1.89011e+08	1.959e+08	1.95161e+08	2.03282e+08	1.39626e+08	1.391e+08	2.19402e+08	1.31958e+08	1.87456e+08	2.02911e+08	1.43253e+08	1.8886e+08	1.47613e+08	1.39201e+08	2.02457e+08	2.2505e+08	2.09826e+08	2.25491e+08	1.86982e+08	2.33389e+08	1.97801e+08	1.75308e+08	1.41885e+08	1.32284e+08	1.46187e+08	1.75158e+08	1.74952e+08	1.40633e+08	1.62293e+08	1.39324e+08	1.63693e+08	1.42331e+08	1.63183e+08
ERR612547	3.8847e+08	4.16964e+08	7.09684e+08	4.9189e+08	4.24231e+08	4.21901e+08	2.24719e+08	2.92617e+08	2.89307e+08	2.49789e+08	2.3082e+08	2.49204e+08	2.3405e+08	3.30305e+08	2.46228e+08	3.5505e+08	2.45442e+08	3.82136e+08	3.55613e+08	3.51399e+08	3.11967e+08	3.84056e+08	3.86649e+08	3.88479e+08	2.3405e+08	3.30305e+08	2.46228e+08	3.5505e+08	2.45442e+08	3.82136e+08	3.07034e+08	3.83276e+08	3.79361e+08	4.20225e+08	3.76117e+08	3.79056e+08	3.51756e+08	4.29703e+08	3.54866e+08	3.44696e+08	4.2823e+08	3.88208e+08	3.47976e+08	3.1524e+08	3.30484e+08	3.17987e+08	2.48689e+08	3.58588e+08	2.37206e+08	2.45684e+08	2.31878e+08	2.28974e+08	2.45765e+08	2.39793e+08	1.95295e+08	1.92013e+08	1.91683e+08	1.66887e+08	1.67645e+08	1.73005e+08	2.71973e+08	1.94902e+08	2.87122e+08	2.40975e+08	2.49778e+08	2.48872e+08	2.60252e+08	1.78639e+08	1.78027e+08	2.81199e+08	1.68764e+08	2.40049e+08	2.60532e+08	1.83728e+08	2.42242e+08	1.89527e+08	1.78678e+08	2.60024e+08	2.88257e+08	2.68522e+08	2.88891e+08	2.39528e+08	2.99086e+08	2.5314e+08	2.24487e+08	1.81739e+08	1.69647e+08	1.87179e+08	2.24198e+08	2.24269e+08	1.80007e+08	2.07904e+08	1.78331e+08	2.09677e+08	1.82275e+08	2.089e+08
ERR612549	3.61157e+08	3.8701e+08	4.9189e+08	6.21883e+08	3.94e+08	3.91743e+08	2.09817e+08	2.71125e+08	2.6803e+08	2.31617e+08	2.14661e+08	2.31186e+08	2.18771e+08	3.07842e+08	2.29854e+08	3.30591e+08	2.29217e+08	3.54944e+08	3.30228e+08	3.27162e+08	2.90239e+08	3.5726e+08	3.59665e+08	3.61177e+08	2.18771e+08	3.07842e+08	2.29854e+08	3.30591e+08	2.29217e+08	3.54944e+08	2.86554e+08	3.56063e+08	3.52127e+08	3.89961e+08	3.49112e+08	3.51833e+08	3.25341e+08	3.98577e+08	3.27951e+08	3.19156e+08	3.96223e+08	3.59952e+08	3.25461e+08	2.93877e+08	3.08963e+08	2.96516e+08	2.32713e+08	3.34638e+08	2.19952e+08	2.28032e+08	2.15308e+08	2.12792e+08	2.27721e+08	2.22359e+08	1.80385e+08	1.77459e+08	1.77124e+08	1.54473e+08	1.55331e+08	1.60154e+08	2.52777e+08	1.81954e+08	2.66605e+08	2.24974e+08	2.32456e+08	2.32174e+08	2.41557e+08	1.66137e+08	1.65491e+08	2.60129e+08	1.57104e+08	2.23025e+08	2.41074e+08	1.7022e+08	2.24796e+08	1.75486e+08	1.65263e+08	2.40462e+08	2.67271e+08	2.49728e+08	2.67946e+08	2.22261e+08	2.77464e+08	2.35174e+08	2.08122e+08	1.6826e+08	1.56863e+08	1.73161e+08	2.08047e+08	2.07851e+08	1.66111e+08	1.91504e+08	1.65037e+08	1.93062e+08	1.68027e+08	1.92554e+08
ERR612551	3.12039e+08	3.36714e+08	4.24231e+08	3.94e+08	4.83232e+08	3.40753e+08	1.81172e+08	2.34833e+08	2.32179e+08	2.00844e+08	1.8589e+08	2.0033e+08	1.88354e+08	2.65025e+08	1.98047e+08	2.84567e+08	1.97529e+08	3.05879e+08	2.86237e+08	2.83457e+08	2.52013e+08	3.09259e+08	3.11369e+08	3.12835e+08	1.88354e+08	2.65025e+08	1.98047e+08	2.84567e+08	1.97529e+08	3.05879e+08	2.47726e+08	3.07795e+08	3.04818e+08	3.37114e+08	3.02055e+08	3.04391e+08	2.81372e+08	3.43652e+08	2.83718e+08	2.75827e+08	3.42016e+08	3.10487e+08	2.80196e+08	2.53698e+08	2.66029e+08	2.55949e+08	2.00825e+08	2.88366e+08	1.88357e+08	1.95066e+08	1.84214e+08	1.81966e+08	1.95083e+08	1.90409e+08	1.54627e+08	1.5211e+08	1.51807e+08	1.32365e+08	1.32832e+08	1.37125e+08	2.16466e+08	1.55534e+08	2.28395e+08	1.92218e+08	1.99009e+08	1.98438e+08	2.06165e+08	1.41736e+08	1.41141e+08	2.22399e+08	1.33982e+08	1.90298e+08	2.06188e+08	1.45619e+08	1.92295e+08	1.50193e+08	1.41507e+08	2.05874e+08	2.28508e+08	2.1317e+08	2.29048e+08	1.8995e+08	2.37073e+08	2.00911e+08	1.78116e+08	1.44091e+08	1.34397e+08	1.48391e+08	1.77971e+08	1.77877e+08	1.42957e+08	1.64744e+08	1.41573e+08	1.66127e+08	1.44562e+08	1.65672e+08
ERR612550	3.10411e+08	3.34897e+08	4.21901e+08	3.91743e+08	3.40753e+08	4.79492e+08	1.80084e+08	2.33541e+08	2.30885e+08	1.9971e+08	1.84819e+08	1.99395e+08	1.87206e+08	2.63464e+08	1.96973e+08	2.83119e+08	1.96345e+08	3.04277e+08	2.84807e+08	2.81826e+08	2.50588e+08	3.0754e+08	3.09779e+08	3.1105e+08	1.87206e+08	2.63464e+08	1.96973e+08	2.83119e+08	1.96345e+08	3.04277e+08	2.46019e+08	3.05972e+08	3.03137e+08	3.35333e+08	3.00296e+08	3.02622e+08	2.79797e+08	3.41562e+08	2.82144e+08	2.74245e+08	3.40109e+08	3.08785e+08	2.78165e+08	2.51986e+08	2.64154e+08	2.54195e+08	1.9937e+08	2.86389e+08	1.87855e+08	1.94606e+08	1.83645e+08	1.81402e+08	1.94521e+08	1.89803e+08	1.54381e+08	1.51818e+08	1.51538e+08	1.32014e+08	1.32606e+08	1.36825e+08	2.15851e+08	1.54885e+08	2.27641e+08	1.915e+08	1.98483e+08	1.97682e+08	2.05675e+08	1.41327e+08	1.40803e+08	2.22057e+08	1.33608e+08	1.8989e+08	2.05816e+08	1.45296e+08	1.91671e+08	1.49916e+08	1.41256e+08	2.05472e+08	2.28174e+08	2.1275e+08	2.28648e+08	1.89568e+08	2.36596e+08	2.00492e+08	1.77772e+08	1.43839e+08	1.34169e+08	1.48022e+08	1.77614e+08	1.7747e+08	1.42723e+08	1.64566e+08	1.4136e+08	1.66017e+08	1.44358e+08	1.65399e+08
ERR617184	1.65953e+08	1.77886e+08	2.24719e+08	2.09817e+08	1.81172e+08	1.80084e+08	2.44647e+08	1.88089e+08	1.86119e+08	1.60777e+08	1.50128e+08	1.60563e+08	1.23846e+08	1.7352e+08	1.29979e+08	1.8612e+08	1.2956e+08	1.99239e+08	1.78779e+08	1.78072e+08	1.57315e+08	1.94612e+08	1.95791e+08	1.96618e+08	1.23846e+08	1.7352e+08	1.29979e+08	1.8612e+08	1.2956e+08	1.99239e+08	1.71663e+08	2.12794e+08	2.10074e+08	2.3273e+08	2.0823e+08	2.09694e+08	1.68786e+08	2.08966e+08	1.70298e+08	1.66225e+08	2.06663e+08	1.8821e+08	1.61052e+08	1.44473e+08	1.5279e+08	1.45655e+08	1.14544e+08	1.65234e+08	1.35037e+08	1.39978e+08	1.32324e+08	1.31009e+08	1.39604e+08	1.36472e+08	1.09989e+08	1.08093e+08	1.07957e+08	9.4522e+07	9.52255e+07	9.80479e+07	1.53359e+08	1.12704e+08	1.6146e+08	1.3833e+08	1.4176e+08	1.42638e+08	1.40221e+08	9.69398e+07	9.66811e+07	1.50525e+08	9.19574e+07	1.2953e+08	1.4794e+08	1.05364e+08	1.39384e+08	1.08486e+08	1.02216e+08	1.47798e+08	1.61643e+08	1.51717e+08	1.62072e+08	1.34923e+08	1.67515e+08	1.42844e+08	1.27121e+08	1.02884e+08	9.57631e+07	1.05501e+08	1.27047e+08	1.26783e+08	1.0201e+08	1.17167e+08	1.01892e+08	1.18048e+08	1.03309e+08	1.17728e+08
ERR617183	2.1461e+08	2.30925e+08	2.92617e+08	2.71125e+08	2.34833e+08	2.33541e+08	1.88089e+08	3.67189e+08	2.40835e+08	2.07528e+08	1.91965e+08	2.07089e+08	1.58255e+08	2.23653e+08	1.66569e+08	2.40529e+08	1.66202e+08	2.59022e+08	2.32473e+08	2.30152e+08	2.03864e+08	2.51663e+08	2.53385e+08	2.54474e+08	1.58255e+08	2.23653e+08	1.66569e+08	2.40529e+08	1.66202e+08	2.59022e+08	2.18846e+08	2.74555e+08	2.71765e+08	3.01351e+08	2.69368e+08	2.71296e+08	2.20123e+08	2.70332e+08	2.22095e+08	2.15784e+08	2.68794e+08	2.43659e+08	2.05559e+08	1.8608e+08	1.95378e+08	1.87713e+08	1.46294e+08	2.1198e+08	1.74748e+08	1.80844e+08	1.71002e+08	1.68829e+08	1.8092e+08	1.76463e+08	1.43075e+08	1.40691e+08	1.40612e+08	1.22543e+08	1.23117e+08	1.26885e+08	1.97194e+08	1.42672e+08	2.07788e+08	1.75657e+08	1.81455e+08	1.81207e+08	1.82151e+08	1.25195e+08	1.24898e+08	1.96459e+08	1.18586e+08	1.6786e+08	1.92139e+08	1.36347e+08	1.79175e+08	1.40527e+08	1.32475e+08	1.91764e+08	2.0936e+08	1.9519e+08	2.09638e+08	1.74622e+08	2.16968e+08	1.845e+08	1.6497e+08	1.33995e+08	1.25182e+08	1.37668e+08	1.64868e+08	1.64613e+08	1.33744e+08	1.54199e+08	1.32476e+08	1.55454e+08	1.35427e+08	1.54857e+08
ERR617182	2.12208e+08	2.28308e+08	2.89307e+08	2.6803e+08	2.32179e+08	2.30885e+08	1.86119e+08	2.40835e+08	3.61301e+08	2.05726e+08	1.90101e+08	2.05168e+08	1.56677e+08	2.21371e+08	1.64984e+08	2.37923e+08	1.64433e+08	2.56356e+08	2.3006e+08	2.27481e+08	2.01636e+08	2.48713e+08	2.50539e+08	2.51771e+08	1.56677e+08	2.21371e+08	1.64984e+08	2.37923e+08	1.64433e+08	2.56356e+08	2.16587e+08	2.7183e+08	2.69062e+08	2.98324e+08	2.66715e+08	2.68475e+08	2.17439e+08	2.66795e+08	2.19466e+08	2.13334e+08	2.65615e+08	2.40713e+08	2.03288e+08	1.84126e+08	1.93178e+08	1.85753e+08	1.44652e+08	2.09689e+08	1.72635e+08	1.78575e+08	1.68774e+08	1.66751e+08	1.78729e+08	1.7447e+08	1.41402e+08	1.39038e+08	1.38854e+08	1.21051e+08	1.21607e+08	1.2539e+08	1.95507e+08	1.41373e+08	2.05862e+08	1.73881e+08	1.79694e+08	1.79322e+08	1.80096e+08	1.23809e+08	1.23544e+08	1.94362e+08	1.17239e+08	1.66061e+08	1.89846e+08	1.34673e+08	1.76898e+08	1.38926e+08	1.30841e+08	1.89498e+08	2.06673e+08	1.92775e+08	2.07143e+08	1.72547e+08	2.14468e+08	1.82116e+08	1.63023e+08	1.3229e+08	1.23716e+08	1.36102e+08	1.62787e+08	1.62608e+08	1.32323e+08	1.52331e+08	1.30871e+08	1.5364e+08	1.33819e+08	1.53014e+08
ERR617181	1.83527e+08	1.97504e+08	2.49789e+08	2.31617e+08	2.00844e+08	1.9971e+08	1.60777e+08	2.07528e+08	2.05726e+08	2.84415e+08	1.65271e+08	1.78112e+08	1.35528e+08	1.91106e+08	1.4251e+08	2.05261e+08	1.42134e+08	2.20996e+08	1.98451e+08	1.96391e+08	1.74138e+08	2.14605e+08	2.161e+08	2.17147e+08	1.35528e+08	1.91106e+08	1.4251e+08	2.05261e+08	1.42134e+08	2.20996e+08	1.87039e+08	2.34416e+08	2.32075e+08	2.57083e+08	2.30049e+08	2.31529e+08	1.86933e+08	2.29389e+08	1.88638e+08	1.83298e+08	2.28203e+08	2.06948e+08	1.75145e+08	1.58899e+08	1.66569e+08	1.60168e+08	1.24897e+08	1.80744e+08	1.48556e+08	1.53729e+08	1.45294e+08	1.43628e+08	1.53819e+08	1.50062e+08	1.21657e+08	1.19578e+08	1.19467e+08	1.0421e+08	1.04654e+08	1.07981e+08	1.68189e+08	1.21651e+08	1.7719e+08	1.49627e+08	1.54859e+08	1.54375e+08	1.55031e+08	1.06651e+08	1.06369e+08	1.6729e+08	1.00944e+08	1.42977e+08	1.63383e+08	1.15987e+08	1.52359e+08	1.19502e+08	1.12775e+08	1.63074e+08	1.77706e+08	1.65775e+08	1.77939e+08	1.48409e+08	1.84297e+08	1.56611e+08	1.40234e+08	1.13805e+08	1.06308e+08	1.16993e+08	1.40034e+08	1.39873e+08	1.14031e+08	1.312e+08	1.12851e+08	1.3227e+08	1.15457e+08	1.31778e+08
ERR617179	1.70012e+08	1.82673e+08	2.3082e+08	2.14661e+08	1.8589e+08	1.84819e+08	1.50128e+08	1.91965e+08	1.90101e+08	1.65271e+08	2.51695e+08	1.64933e+08	1.25877e+08	1.77039e+08	1.32325e+08	1.90193e+08	1.31998e+08	2.04279e+08	1.83818e+08	1.82238e+08	1.61395e+08	1.99125e+08	2.00381e+08	2.01329e+08	1.25877e+08	1.77039e+08	1.32325e+08	1.90193e+08	1.31998e+08	2.04279e+08	1.74447e+08	2.17457e+08	2.15033e+08	2.3813e+08	2.13115e+08	2.14622e+08	1.73041e+08	2.13062e+08	1.74517e+08	1.69903e+08	2.11465e+08	1.9209e+08	1.63274e+08	1.47296e+08	1.552e+08	1.48605e+08	1.16144e+08	1.6815e+08	1.37962e+08	1.42862e+08	1.35076e+08	1.33575e+08	1.42744e+08	1.39409e+08	1.12696e+08	1.10818e+08	1.10636e+08	9.66616e+07	9.72363e+07	1.0018e+08	1.56634e+08	1.14023e+08	1.649e+08	1.40175e+08	1.44422e+08	1.44509e+08	1.43256e+08	9.87141e+07	9.84204e+07	1.54224e+08	9.35447e+07	1.32261e+08	1.51439e+08	1.07599e+08	1.41643e+08	1.10852e+08	1.04495e+08	1.51085e+08	1.65167e+08	1.54516e+08	1.65575e+08	1.37861e+08	1.71204e+08	1.4579e+08	1.29985e+08	1.05361e+08	9.82821e+07	1.08348e+08	1.29829e+08	1.29662e+08	1.04907e+08	1.20682e+08	1.04311e+08	1.21564e+08	1.06175e+08	1.2123e+08
ERR617180	1.83154e+08	1.96962e+08	2.49204e+08	2.31186e+08	2.0033e+08	1.99395e+08	1.60563e+08	2.07089e+08	2.05168e+08	1.78112e+08	1.64933e+08	2.83237e+08	1.35311e+08	1.90794e+08	1.42421e+08	2.04947e+08	1.41997e+08	2.20726e+08	1.98336e+08	1.96357e+08	1.74115e+08	2.14599e+08	2.16064e+08	2.17065e+08	1.35311e+08	1.90794e+08	1.42421e+08	2.04947e+08	1.41997e+08	2.20726e+08	1.8687e+08	2.33949e+08	2.31499e+08	2.56553e+08	2.29478e+08	2.31084e+08	1.86837e+08	2.29149e+08	1.88465e+08	1.83137e+08	2.27941e+08	2.06674e+08	1.75007e+08	1.586e+08	1.66438e+08	1.60027e+08	1.24725e+08	1.80583e+08	1.48564e+08	1.5366e+08	1.45353e+08	1.43615e+08	1.53824e+08	1.50046e+08	1.21493e+08	1.19495e+08	1.1939e+08	1.04131e+08	1.04571e+08	1.07876e+08	1.68097e+08	1.21537e+08	1.7689e+08	1.49638e+08	1.54603e+08	1.54403e+08	1.54698e+08	1.0652e+08	1.06264e+08	1.66914e+08	1.00907e+08	1.42767e+08	1.63054e+08	1.15783e+08	1.52105e+08	1.19327e+08	1.12601e+08	1.62788e+08	1.7768e+08	1.6584e+08	1.7805e+08	1.48362e+08	1.84162e+08	1.56616e+08	1.4002e+08	1.13815e+08	1.06258e+08	1.16981e+08	1.39789e+08	1.39728e+08	1.1366e+08	1.30944e+08	1.12565e+08	1.31934e+08	1.15077e+08	1.31548e+08
ERR613176	1.72931e+08	1.85482e+08	2.3405e+08	2.18771e+08	1.88354e+08	1.87206e+08	1.23846e+08	1.58255e+08	1.56677e+08	1.35528e+08	1.25877e+08	1.35311e+08	2.5044e+08	2.13709e+08	1.64666e+08	2.27913e+08	1.63702e+08	2.42882e+08	1.75145e+08	1.73777e+08	1.54199e+08	1.89559e+08	1.90813e+08	1.91757e+08	2.5044e+08	2.13709e+08	1.64666e+08	2.27913e+08	1.63702e+08	2.42882e+08	1.70141e+08	2.09631e+08	2.07264e+08	2.28906e+08	2.05417e+08	2.06883e+08	1.67862e+08	2.06147e+08	1.6923e+08	1.64852e+08	2.04389e+08	1.862e+08	1.84951e+08	1.6866e+08	1.76872e+08	1.70157e+08	1.37723e+08	1.89683e+08	1.28225e+08	1.32874e+08	1.25691e+08	1.24165e+08	1.32719e+08	1.29672e+08	1.05865e+08	1.04011e+08	1.0389e+08	9.08045e+07	9.13328e+07	9.41068e+07	1.44913e+08	1.05099e+08	1.52508e+08	1.29695e+08	1.33527e+08	1.33677e+08	1.56563e+08	1.09361e+08	1.08769e+08	1.67418e+08	1.03496e+08	1.44499e+08	1.42002e+08	1.00943e+08	1.32877e+08	1.04131e+08	9.80668e+07	1.41927e+08	1.59512e+08	1.49308e+08	1.60043e+08	1.32964e+08	1.65409e+08	1.40703e+08	1.23726e+08	1.00406e+08	9.34866e+07	1.03115e+08	1.23691e+08	1.23439e+08	9.71333e+07	1.11669e+08	9.65948e+07	1.12603e+08	9.82886e+07	1.1234e+08
ERR613175	2.42929e+08	2.60895e+08	3.30305e+08	3.07842e+08	2.65025e+08	2.63464e+08	1.7352e+08	2.23653e+08	2.21371e+08	1.91106e+08	1.77039e+08	1.90794e+08	2.13709e+08	4.29162e+08	2.24078e+08	3.16374e+08	2.22856e+08	3.38183e+08	2.47196e+08	2.44692e+08	2.16932e+08	2.67308e+08	2.69008e+08	2.70421e+08	2.13709e+08	4.29162e+08	2.24078e+08	3.16374e+08	2.22856e+08	3.38183e+08	2.38809e+08	2.96049e+08	2.92777e+08	3.23828e+08	2.89962e+08	2.92457e+08	2.38024e+08	2.92353e+08	2.40192e+08	2.33536e+08	2.90326e+08	2.63977e+08	2.54166e+08	2.31113e+08	2.42435e+08	2.33186e+08	1.8665e+08	2.60866e+08	1.8408e+08	1.90755e+08	1.80201e+08	1.7794e+08	1.90357e+08	1.85919e+08	1.52164e+08	1.49746e+08	1.49494e+08	1.30634e+08	1.31225e+08	1.35416e+08	2.06963e+08	1.49221e+08	2.1806e+08	1.84356e+08	1.90439e+08	1.90116e+08	2.18282e+08	1.51601e+08	1.50772e+08	2.341e+08	1.43278e+08	2.01284e+08	2.0392e+08	1.4472e+08	1.90614e+08	1.49265e+08	1.40706e+08	2.03705e+08	2.29039e+08	2.13825e+08	2.29635e+08	1.90973e+08	2.37686e+08	2.01872e+08	1.77817e+08	1.44058e+08	1.34438e+08	1.48003e+08	1.77561e+08	1.77204e+08	1.39625e+08	1.60829e+08	1.3869e+08	1.6209e+08	1.4133e+08	1.61684e+08
ERR613177	1.81635e+08	1.94949e+08	2.46228e+08	2.29854e+08	1.98047e+08	1.96973e+08	1.29979e+08	1.66569e+08	1.64984e+08	1.4251e+08	1.32325e+08	1.42421e+08	1.64666e+08	2.24078e+08	2.70747e+08	2.3923e+08	1.71439e+08	2.54916e+08	1.84014e+08	1.82422e+08	1.61885e+08	1.99069e+08	2.00246e+08	2.01406e+08	1.64666e+08	2.24078e+08	2.70747e+08	2.3923e+08	1.71439e+08	2.54916e+08	1.78221e+08	2.20091e+08	2.1784e+08	2.40423e+08	2.15763e+08	2.17344e+08	1.76499e+08	2.16758e+08	1.77979e+08	1.7321e+08	2.15186e+08	1.95799e+08	1.93757e+08	1.76575e+08	1.85088e+08	1.7819e+08	1.43847e+08	1.98664e+08	1.35598e+08	1.40514e+08	1.32845e+08	1.31146e+08	1.40193e+08	1.37006e+08	1.1213e+08	1.10286e+08	1.10109e+08	9.62235e+07	9.66451e+07	9.97737e+07	1.5282e+08	1.10537e+08	1.60889e+08	1.36475e+08	1.40696e+08	1.40794e+08	1.65148e+08	1.15235e+08	1.14575e+08	1.76652e+08	1.0895e+08	1.52392e+08	1.501e+08	1.06781e+08	1.40526e+08	1.10046e+08	1.03759e+08	1.50128e+08	1.68517e+08	1.57601e+08	1.69087e+08	1.40464e+08	1.74832e+08	1.48684e+08	1.30798e+08	1.06021e+08	9.8861e+07	1.08991e+08	1.30686e+08	1.3039e+08	1.02772e+08	1.1819e+08	1.02129e+08	1.19202e+08	1.04048e+08	1.18846e+08
ERR613174	2.60914e+08	2.80179e+08	3.5505e+08	3.30591e+08	2.84567e+08	2.83119e+08	1.8612e+08	2.40529e+08	2.37923e+08	2.05261e+08	1.90193e+08	2.04947e+08	2.27913e+08	3.16374e+08	2.3923e+08	4.82957e+08	2.38e+08	3.62413e+08	2.66066e+08	2.63387e+08	2.33219e+08	2.87739e+08	2.89505e+08	2.90936e+08	2.27913e+08	3.16374e+08	2.3923e+08	4.82957e+08	2.38e+08	3.62413e+08	2.5664e+08	3.18602e+08	3.15256e+08	3.48751e+08	3.12449e+08	3.14616e+08	2.56735e+08	3.15184e+08	2.59017e+08	2.51878e+08	3.13182e+08	2.84455e+08	2.71708e+08	2.46955e+08	2.59016e+08	2.4912e+08	1.9901e+08	2.78996e+08	1.98368e+08	2.05644e+08	1.94142e+08	1.91839e+08	2.05305e+08	2.00444e+08	1.6422e+08	1.61574e+08	1.61278e+08	1.4091e+08	1.4151e+08	1.4597e+08	2.22799e+08	1.60404e+08	2.34838e+08	1.98168e+08	2.04822e+08	2.04501e+08	2.34255e+08	1.62287e+08	1.61621e+08	2.51248e+08	1.53413e+08	2.15892e+08	2.19802e+08	1.56076e+08	2.05412e+08	1.6093e+08	1.51865e+08	2.19761e+08	2.46736e+08	2.3019e+08	2.47543e+08	2.05656e+08	2.55996e+08	2.17357e+08	1.91535e+08	1.55248e+08	1.44895e+08	1.59473e+08	1.91219e+08	1.90804e+08	1.50576e+08	1.73424e+08	1.49581e+08	1.74938e+08	1.52439e+08	1.74367e+08
ERR613178	1.81061e+08	1.94296e+08	2.45442e+08	2.29217e+08	1.97529e+08	1.96345e+08	1.2956e+08	1.66202e+08	1.64433e+08	1.42134e+08	1.31998e+08	1.41997e+08	1.63702e+08	2.22856e+08	1.71439e+08	2.38e+08	2.6846e+08	2.53924e+08	1.8371e+08	1.81997e+08	1.61674e+08	1.98679e+08	1.99834e+08	2.00927e+08	1.63702e+08	2.22856e+08	1.71439e+08	2.38e+08	2.6846e+08	2.53924e+08	1.77814e+08	2.19504e+08	2.1715e+08	2.39834e+08	2.15265e+08	2.16853e+08	1.76161e+08	2.1617e+08	1.77645e+08	1.73049e+08	2.14664e+08	1.95356e+08	1.92609e+08	1.75776e+08	1.84169e+08	1.77193e+08	1.43024e+08	1.97677e+08	1.35004e+08	1.39851e+08	1.3235e+08	1.30697e+08	1.39815e+08	1.36549e+08	1.11622e+08	1.0984e+08	1.09639e+08	9.58014e+07	9.62906e+07	9.92284e+07	1.52402e+08	1.10262e+08	1.60565e+08	1.3614e+08	1.40375e+08	1.40396e+08	1.64135e+08	1.14416e+08	1.13772e+08	1.75637e+08	1.08196e+08	1.5133e+08	1.49426e+08	1.06353e+08	1.3987e+08	1.09583e+08	1.03317e+08	1.49525e+08	1.68103e+08	1.57148e+08	1.68684e+08	1.40151e+08	1.74363e+08	1.48172e+08	1.30499e+08	1.05729e+08	9.86695e+07	1.08697e+08	1.30279e+08	1.30059e+08	1.02569e+08	1.17943e+08	1.01853e+08	1.18925e+08	1.03738e+08	1.18668e+08
ERR613173	2.79956e+08	3.01315e+08	3.82136e+08	3.54944e+08	3.05879e+08	3.04277e+08	1.99239e+08	2.59022e+08	2.56356e+08	2.20996e+08	2.04279e+08	2.20726e+08	2.42882e+08	3.38183e+08	2.54916e+08	3.62413e+08	2.53924e+08	5.43965e+08	2.85906e+08	2.82448e+08	2.50338e+08	3.08763e+08	3.10905e+08	3.12401e+08	2.42882e+08	3.38183e+08	2.54916e+08	3.62413e+08	2.53924e+08	5.43965e+08	2.74508e+08	3.42199e+08	3.38536e+08	3.74708e+08	3.35662e+08	3.37959e+08	2.76346e+08	3.38386e+08	2.78787e+08	2.70702e+08	3.36903e+08	3.05556e+08	2.89719e+08	2.63909e+08	2.76283e+08	2.66125e+08	2.11889e+08	2.98076e+08	2.13762e+08	2.21459e+08	2.09208e+08	2.06661e+08	2.21251e+08	2.16021e+08	1.77377e+08	1.74483e+08	1.74303e+08	1.51986e+08	1.52651e+08	1.57504e+08	2.39633e+08	1.71856e+08	2.52674e+08	2.12566e+08	2.201e+08	2.19211e+08	2.51239e+08	1.7372e+08	1.72974e+08	2.699e+08	1.64187e+08	2.31287e+08	2.37376e+08	1.68435e+08	2.21295e+08	1.73714e+08	1.63675e+08	2.3714e+08	2.65687e+08	2.47595e+08	2.66625e+08	2.21539e+08	2.75712e+08	2.34051e+08	2.06217e+08	1.67357e+08	1.56254e+08	1.72015e+08	2.05958e+08	2.05624e+08	1.62933e+08	1.87905e+08	1.61451e+08	1.89621e+08	1.64987e+08	1.88915e+08
ERR636926	2.61793e+08	2.81624e+08	3.55613e+08	3.30228e+08	2.86237e+08	2.84807e+08	1.78779e+08	2.32473e+08	2.3006e+08	1.98451e+08	1.83818e+08	1.98336e+08	1.75145e+08	2.47196e+08	1.84014e+08	2.66066e+08	1.8371e+08	2.85906e+08	4.43272e+08	3.035e+08	2.69644e+08	3.30119e+08	3.32105e+08	3.33686e+08	1.75145e+08	2.47196e+08	1.84014e+08	2.66066e+08	1.8371e+08	2.85906e+08	2.50535e+08	3.10468e+08	3.0764e+08	3.39451e+08	3.05109e+08	3.0722e+08	2.76235e+08	3.36288e+08	2.78606e+08	2.71132e+08	3.35138e+08	3.04586e+08	2.49707e+08	2.26268e+08	2.37555e+08	2.28359e+08	1.78351e+08	2.57296e+08	1.86862e+08	1.9353e+08	1.82878e+08	1.80568e+08	1.93682e+08	1.88669e+08	1.51985e+08	1.49466e+08	1.49391e+08	1.30106e+08	1.30603e+08	1.34733e+08	2.14045e+08	1.53804e+08	2.25726e+08	1.9003e+08	1.9674e+08	1.96246e+08	1.90153e+08	1.30391e+08	1.29998e+08	2.05577e+08	1.23177e+08	1.75293e+08	2.02278e+08	1.43154e+08	1.88303e+08	1.47504e+08	1.39105e+08	2.01779e+08	2.27174e+08	2.11811e+08	2.27824e+08	1.89223e+08	2.35737e+08	1.99896e+08	1.77561e+08	1.4388e+08	1.34283e+08	1.47882e+08	1.77286e+08	1.77045e+08	1.40292e+08	1.61628e+08	1.38841e+08	1.6318e+08	1.41947e+08	1.62519e+08
ERR636927	2.59282e+08	2.78533e+08	3.51399e+08	3.27162e+08	2.83457e+08	2.81826e+08	1.78072e+08	2.30152e+08	2.27481e+08	1.96391e+08	1.82238e+08	1.96357e+08	1.73777e+08	2.44692e+08	1.82422e+08	2.63387e+08	1.81997e+08	2.82448e+08	3.035e+08	4.35888e+08	2.6725e+08	3.27547e+08	3.2931e+08	3.30961e+08	1.73777e+08	2.44692e+08	1.82422e+08	2.63387e+08	1.81997e+08	2.82448e+08	2.49119e+08	3.07878e+08	3.04763e+08	3.36197e+08	3.02312e+08	3.04307e+08	2.73366e+08	3.33663e+08	2.75573e+08	2.68282e+08	3.31674e+08	3.0207e+08	2.48459e+08	2.24269e+08	2.36059e+08	2.26432e+08	1.77316e+08	2.55354e+08	1.85366e+08	1.92084e+08	1.8142e+08	1.79252e+08	1.91887e+08	1.87127e+08	1.50484e+08	1.48026e+08	1.47772e+08	1.28858e+08	1.29517e+08	1.33511e+08	2.12566e+08	1.53522e+08	2.24002e+08	1.89487e+08	1.95604e+08	1.95704e+08	1.88262e+08	1.2934e+08	1.28849e+08	2.03313e+08	1.22266e+08	1.73716e+08	2.0042e+08	1.41931e+08	1.8695e+08	1.46243e+08	1.37819e+08	2.00044e+08	2.25629e+08	2.10772e+08	2.26271e+08	1.87913e+08	2.34107e+08	1.98679e+08	1.76067e+08	1.42521e+08	1.32957e+08	1.4656e+08	1.75953e+08	1.7562e+08	1.38507e+08	1.59653e+08	1.37509e+08	1.61024e+08	1.40264e+08	1.60488e+08
ERR636925	2.30644e+08	2.47542e+08	3.11967e+08	2.90239e+08	2.52013e+08	2.50588e+08	1.57315e+08	2.03864e+08	2.01636e+08	1.74138e+08	1.61395e+08	1.74115e+08	1.54199e+08	2.16932e+08	1.61885e+08	2.33219e+08	1.61674e+08	2.50338e+08	2.69644e+08	2.6725e+08	3.55633e+08	2.90324e+08	2.92179e+08	2.93578e+08	1.54199e+08	2.16932e+08	1.61885e+08	2.33219e+08	1.61674e+08	2.50338e+08	2.2103e+08	2.73005e+08	2.70401e+08	2.97956e+08	2.68242e+08	2.70122e+08	2.42374e+08	2.94868e+08	2.44273e+08	2.37828e+08	2.93418e+08	2.67255e+08	2.19778e+08	1.99216e+08	2.09141e+08	2.01029e+08	1.57576e+08	2.26376e+08	1.62804e+08	1.68605e+08	1.5926e+08	1.57399e+08	1.68605e+08	1.64421e+08	1.32302e+08	1.30036e+08	1.29938e+08	1.13228e+08	1.13785e+08	1.17332e+08	1.87106e+08	1.34806e+08	1.97169e+08	1.66533e+08	1.72162e+08	1.71918e+08	1.65494e+08	1.13668e+08	1.13312e+08	1.78746e+08	1.07511e+08	1.52689e+08	1.76052e+08	1.24583e+08	1.63931e+08	1.28514e+08	1.21113e+08	1.75649e+08	1.97864e+08	1.84649e+08	1.9839e+08	1.64776e+08	2.05231e+08	1.7414e+08	1.54604e+08	1.25237e+08	1.1691e+08	1.28795e+08	1.54355e+08	1.54139e+08	1.22116e+08	1.40654e+08	1.20987e+08	1.41973e+08	1.23601e+08	1.41332e+08
ERR636930	2.82825e+08	3.03873e+08	3.84056e+08	3.5726e+08	3.09259e+08	3.0754e+08	1.94612e+08	2.51663e+08	2.48713e+08	2.14605e+08	1.99125e+08	2.14599e+08	1.89559e+08	2.67308e+08	1.99069e+08	2.87739e+08	1.98679e+08	3.08763e+08	3.30119e+08	3.27547e+08	2.90324e+08	5.07354e+08	3.60491e+08	3.62445e+08	1.89559e+08	2.67308e+08	1.99069e+08	2.87739e+08	1.98679e+08	3.08763e+08	2.72013e+08	3.36363e+08	3.32907e+08	3.67536e+08	3.30356e+08	3.32614e+08	2.98925e+08	3.65361e+08	3.01169e+08	2.93386e+08	3.62979e+08	3.30437e+08	2.70963e+08	2.44567e+08	2.57623e+08	2.46987e+08	1.93258e+08	2.78738e+08	2.03268e+08	2.10718e+08	1.9903e+08	1.968e+08	2.10528e+08	2.05463e+08	1.65286e+08	1.62672e+08	1.62332e+08	1.41553e+08	1.4218e+08	1.46771e+08	2.32983e+08	1.68357e+08	2.45651e+08	2.07886e+08	2.14331e+08	2.14731e+08	2.0705e+08	1.42154e+08	1.41667e+08	2.23283e+08	1.34419e+08	1.90868e+08	2.20191e+08	1.5588e+08	2.05474e+08	1.6077e+08	1.51397e+08	2.19798e+08	2.47611e+08	2.31481e+08	2.48359e+08	2.06252e+08	2.56862e+08	2.18097e+08	1.93216e+08	1.56462e+08	1.45856e+08	1.60848e+08	1.92922e+08	1.92796e+08	1.52168e+08	1.75217e+08	1.50961e+08	1.76882e+08	1.53971e+08	1.762e+08
ERR636928	2.84707e+08	3.06085e+08	3.86649e+08	3.59665e+08	3.11369e+08	3.09779e+08	1.95791e+08	2.53385e+08	2.50539e+08	2.161e+08	2.00381e+08	2.16064e+08	1.90813e+08	2.69008e+08	2.00246e+08	2.89505e+08	1.99834e+08	3.10905e+08	3.32105e+08	3.2931e+08	2.92179e+08	3.60491e+08	5.12447e+08	3.64434e+08	1.90813e+08	2.69008e+08	2.00246e+08	2.89505e+08	1.99834e+08	3.10905e+08	2.73139e+08	3.38294e+08	3.34708e+08	3.69568e+08	3.31933e+08	3.34428e+08	3.00666e+08	3.67452e+08	3.03029e+08	2.95166e+08	3.6511e+08	3.32178e+08	2.72338e+08	2.45936e+08	2.58848e+08	2.4827e+08	1.94268e+08	2.80256e+08	2.04616e+08	2.11934e+08	2.0028e+08	1.97921e+08	2.11802e+08	2.06675e+08	1.66433e+08	1.63528e+08	1.6336e+08	1.4237e+08	1.43082e+08	1.47696e+08	2.34109e+08	1.69078e+08	2.46849e+08	2.08824e+08	2.15484e+08	2.15667e+08	2.08289e+08	1.42922e+08	1.42419e+08	2.24862e+08	1.35123e+08	1.92108e+08	2.21473e+08	1.56778e+08	2.06625e+08	1.61602e+08	1.52247e+08	2.2108e+08	2.48889e+08	2.32596e+08	2.49603e+08	2.07293e+08	2.58239e+08	2.19176e+08	1.94228e+08	1.573e+08	1.46658e+08	1.61715e+08	1.94175e+08	1.93814e+08	1.5314e+08	1.76529e+08	1.51994e+08	1.78084e+08	1.55059e+08	1.77464e+08
ERR636929	2.86102e+08	3.07407e+08	3.88479e+08	3.61177e+08	3.12835e+08	3.1105e+08	1.96618e+08	2.54474e+08	2.51771e+08	2.17147e+08	2.01329e+08	2.17065e+08	1.91757e+08	2.70421e+08	2.01406e+08	2.90936e+08	2.00927e+08	3.12401e+08	3.33686e+08	3.30961e+08	2.93578e+08	3.62445e+08	3.64434e+08	5.16987e+08	1.91757e+08	2.70421e+08	2.01406e+08	2.90936e+08	2.00927e+08	3.12401e+08	2.74676e+08	3.39899e+08	3.36389e+08	3.71564e+08	3.33793e+08	3.36141e+08	3.01956e+08	3.69126e+08	3.04395e+08	2.96549e+08	3.66666e+08	3.33927e+08	2.73849e+08	2.4719e+08	2.60385e+08	2.49614e+08	1.95315e+08	2.81794e+08	2.05646e+08	2.13174e+08	2.01523e+08	1.99082e+08	2.13222e+08	2.0784e+08	1.67359e+08	1.64574e+08	1.64357e+08	1.43268e+08	1.44039e+08	1.48602e+08	2.35286e+08	1.69906e+08	2.47915e+08	2.09885e+08	2.16576e+08	2.1687e+08	2.09411e+08	1.43854e+08	1.43275e+08	2.26061e+08	1.36014e+08	1.93168e+08	2.22929e+08	1.5783e+08	2.07948e+08	1.62676e+08	1.53258e+08	2.22583e+08	2.50469e+08	2.34119e+08	2.51244e+08	2.0854e+08	2.59904e+08	2.20567e+08	1.95528e+08	1.58322e+08	1.47557e+08	1.62736e+08	1.95265e+08	1.951e+08	1.54105e+08	1.77514e+08	1.52893e+08	1.79058e+08	1.5598e+08	1.78512e+08
ERR613176	1.72931e+08	1.85482e+08	2.3405e+08	2.18771e+08	1.88354e+08	1.87206e+08	1.23846e+08	1.58255e+08	1.56677e+08	1.35528e+08	1.25877e+08	1.35311e+08	2.5044e+08	2.13709e+08	1.64666e+08	2.27913e+08	1.63702e+08	2.42882e+08	1.75145e+08	1.73777e+08	1.54199e+08	1.89559e+08	1.90813e+08	1.91757e+08	2.5044e+08	2.13709e+08	1.64666e+08	2.27913e+08	1.63702e+08	2.42882e+08	1.70141e+08	2.09631e+08	2.07264e+08	2.28906e+08	2.05417e+08	2.06883e+08	1.67862e+08	2.06147e+08	1.6923e+08	1.64852e+08	2.04389e+08	1.862e+08	1.84951e+08	1.6866e+08	1.76872e+08	1.70157e+08	1.37723e+08	1.89683e+08	1.28225e+08	1.32874e+08	1.25691e+08	1.24165e+08	1.32719e+08	1.29672e+08	1.05865e+08	1.04011e+08	1.0389e+08	9.08045e+07	9.13328e+07	9.41068e+07	1.44913e+08	1.05099e+08	1.52508e+08	1.29695e+08	1.33527e+08	1.33677e+08	1.56563e+08	1.09361e+08	1.08769e+08	1.67418e+08	1.03496e+08	1.44499e+08	1.42002e+08	1.00943e+08	1.32877e+08	1.04131e+08	9.80668e+07	1.41927e+08	1.59512e+08	1.49308e+08	1.60043e+08	1.32964e+08	1.65409e+08	1.40703e+08	1.23726e+08	1.00406e+08	9.34866e+07	1.03115e+08	1.23691e+08	1.23439e+08	9.71333e+07	1.11669e+08	9.65948e+07	1.12603e+08	9.82886e+07	1.1234e+08
ERR613175	2.42929e+08	2.60895e+08	3.30305e+08	3.07842e+08	2.65025e+08	2.63464e+08	1.7352e+08	2.23653e+08	2.21371e+08	1.91106e+08	1.77039e+08	1.90794e+08	2.13709e+08	4.29162e+08	2.24078e+08	3.16374e+08	2.22856e+08	3.38183e+08	2.47196e+08	2.44692e+08	2.16932e+08	2.67308e+08	2.69008e+08	2.70421e+08	2.13709e+08	4.29162e+08	2.24078e+08	3.16374e+08	2.22856e+08	3.38183e+08	2.38809e+08	2.96049e+08	2.92777e+08	3.23828e+08	2.89962e+08	2.92457e+08	2.38024e+08	2.92353e+08	2.40192e+08	2.33536e+08	2.90326e+08	2.63977e+08	2.54166e+08	2.31113e+08	2.42435e+08	2.33186e+08	1.8665e+08	2.60866e+08	1.8408e+08	1.90755e+08	1.80201e+08	1.7794e+08	1.90357e+08	1.85919e+08	1.52164e+08	1.49746e+08	1.49494e+08	1.30634e+08	1.31225e+08	1.35416e+08	2.06963e+08	1.49221e+08	2.1806e+08	1.84356e+08	1.90439e+08	1.90116e+08	2.18282e+08	1.51601e+08	1.50772e+08	2.341e+08	1.43278e+08	2.01284e+08	2.0392e+08	1.4472e+08	1.90614e+08	1.49265e+08	1.40706e+08	2.03705e+08	2.29039e+08	2.13825e+08	2.29635e+08	1.90973e+08	2.37686e+08	2.01872e+08	1.77817e+08	1.44058e+08	1.34438e+08	1.48003e+08	1.77561e+08	1.77204e+08	1.39625e+08	1.60829e+08	1.3869e+08	1.6209e+08	1.4133e+08	1.61684e+08
ERR613177	1.81635e+08	1.94949e+08	2.46228e+08	2.29854e+08	1.98047e+08	1.96973e+08	1.29979e+08	1.66569e+08	1.64984e+08	1.4251e+08	1.32325e+08	1.42421e+08	1.64666e+08	2.24078e+08	2.70747e+08	2.3923e+08	1.71439e+08	2.54916e+08	1.84014e+08	1.82422e+08	1.61885e+08	1.99069e+08	2.00246e+08	2.01406e+08	1.64666e+08	2.24078e+08	2.70747e+08	2.3923e+08	1.71439e+08	2.54916e+08	1.78221e+08	2.20091e+08	2.1784e+08	2.40423e+08	2.15763e+08	2.17344e+08	1.76499e+08	2.16758e+08	1.77979e+08	1.7321e+08	2.15186e+08	1.95799e+08	1.93757e+08	1.76575e+08	1.85088e+08	1.7819e+08	1.43847e+08	1.98664e+08	1.35598e+08	1.40514e+08	1.32845e+08	1.31146e+08	1.40193e+08	1.37006e+08	1.1213e+08	1.10286e+08	1.10109e+08	9.62235e+07	9.66451e+07	9.97737e+07	1.5282e+08	1.10537e+08	1.60889e+08	1.36475e+08	1.40696e+08	1.40794e+08	1.65148e+08	1.15235e+08	1.14575e+08	1.76652e+08	1.0895e+08	1.52392e+08	1.501e+08	1.06781e+08	1.40526e+08	1.10046e+08	1.03759e+08	1.50128e+08	1.68517e+08	1.57601e+08	1.69087e+08	1.40464e+08	1.74832e+08	1.48684e+08	1.30798e+08	1.06021e+08	9.8861e+07	1.08991e+08	1.30686e+08	1.3039e+08	1.02772e+08	1.1819e+08	1.02129e+08	1.19202e+08	1.04048e+08	1.18846e+08
ERR613174	2.60914e+08	2.80179e+08	3.5505e+08	3.30591e+08	2.84567e+08	2.83119e+08	1.8612e+08	2.40529e+08	2.37923e+08	2.05261e+08	1.90193e+08	2.04947e+08	2.27913e+08	3.16374e+08	2.3923e+08	4.82957e+08	2.38e+08	3.62413e+08	2.66066e+08	2.63387e+08	2.33219e+08	2.87739e+08	2.89505e+08	2.90936e+08	2.27913e+08	3.16374e+08	2.3923e+08	4.82957e+08	2.38e+08	3.62413e+08	2.5664e+08	3.18602e+08	3.15256e+08	3.48751e+08	3.12449e+08	3.14616e+08	2.56735e+08	3.15184e+08	2.59017e+08	2.51878e+08	3.13182e+08	2.84455e+08	2.71708e+08	2.46955e+08	2.59016e+08	2.4912e+08	1.9901e+08	2.78996e+08	1.98368e+08	2.05644e+08	1.94142e+08	1.91839e+08	2.05305e+08	2.00444e+08	1.6422e+08	1.61574e+08	1.61278e+08	1.4091e+08	1.4151e+08	1.4597e+08	2.22799e+08	1.60404e+08	2.34838e+08	1.98168e+08	2.04822e+08	2.04501e+08	2.34255e+08	1.62287e+08	1.61621e+08	2.51248e+08	1.53413e+08	2.15892e+08	2.19802e+08	1.56076e+08	2.05412e+08	1.6093e+08	1.51865e+08	2.19761e+08	2.46736e+08	2.3019e+08	2.47543e+08	2.05656e+08	2.55996e+08	2.17357e+08	1.91535e+08	1.55248e+08	1.44895e+08	1.59473e+08	1.91219e+08	1.90804e+08	1.50576e+08	1.73424e+08	1.49581e+08	1.74938e+08	1.52439e+08	1.74367e+08
ERR613178	1.81061e+08	1.94296e+08	2.45442e+08	2.29217e+08	1.97529e+08	1.96345e+08	1.2956e+08	1.66202e+08	1.64433e+08	1.42134e+08	1.31998e+08	1.41997e+08	1.63702e+08	2.22856e+08	1.71439e+08	2.38e+08	2.6846e+08	2.53924e+08	1.8371e+08	1.81997e+08	1.61674e+08	1.98679e+08	1.99834e+08	2.00927e+08	1.63702e+08	2.22856e+08	1.71439e+08	2.38e+08	2.6846e+08	2.53924e+08	1.77814e+08	2.19504e+08	2.1715e+08	2.39834e+08	2.15265e+08	2.16853e+08	1.76161e+08	2.1617e+08	1.77645e+08	1.73049e+08	2.14664e+08	1.95356e+08	1.92609e+08	1.75776e+08	1.84169e+08	1.77193e+08	1.43024e+08	1.97677e+08	1.35004e+08	1.39851e+08	1.3235e+08	1.30697e+08	1.39815e+08	1.36549e+08	1.11622e+08	1.0984e+08	1.09639e+08	9.58014e+07	9.62906e+07	9.92284e+07	1.52402e+08	1.10262e+08	1.60565e+08	1.3614e+08	1.40375e+08	1.40396e+08	1.64135e+08	1.14416e+08	1.13772e+08	1.75637e+08	1.08196e+08	1.5133e+08	1.49426e+08	1.06353e+08	1.3987e+08	1.09583e+08	1.03317e+08	1.49525e+08	1.68103e+08	1.57148e+08	1.68684e+08	1.40151e+08	1.74363e+08	1.48172e+08	1.30499e+08	1.05729e+08	9.86695e+07	1.08697e+08	1.30279e+08	1.30059e+08	1.02569e+08	1.17943e+08	1.01853e+08	1.18925e+08	1.03738e+08	1.18668e+08
ERR613173	2.79956e+08	3.01315e+08	3.82136e+08	3.54944e+08	3.05879e+08	3.04277e+08	1.99239e+08	2.59022e+08	2.56356e+08	2.20996e+08	2.04279e+08	2.20726e+08	2.42882e+08	3.38183e+08	2.54916e+08	3.62413e+08	2.53924e+08	5.43965e+08	2.85906e+08	2.82448e+08	2.50338e+08	3.08763e+08	3.10905e+08	3.12401e+08	2.42882e+08	3.38183e+08	2.54916e+08	3.62413e+08	2.53924e+08	5.43965e+08	2.74508e+08	3.42199e+08	3.38536e+08	3.74708e+08	3.35662e+08	3.37959e+08	2.76346e+08	3.38386e+08	2.78787e+08	2.70702e+08	3.36903e+08	3.05556e+08	2.89719e+08	2.63909e+08	2.76283e+08	2.66125e+08	2.11889e+08	2.98076e+08	2.13762e+08	2.21459e+08	2.09208e+08	2.06661e+08	2.21251e+08	2.16021e+08	1.77377e+08	1.74483e+08	1.74303e+08	1.51986e+08	1.52651e+08	1.57504e+08	2.39633e+08	1.71856e+08	2.52674e+08	2.12566e+08	2.201e+08	2.19211e+08	2.51239e+08	1.7372e+08	1.72974e+08	2.699e+08	1.64187e+08	2.31287e+08	2.37376e+08	1.68435e+08	2.21295e+08	1.73714e+08	1.63675e+08	2.3714e+08	2.65687e+08	2.47595e+08	2.66625e+08	2.21539e+08	2.75712e+08	2.34051e+08	2.06217e+08	1.67357e+08	1.56254e+08	1.72015e+08	2.05958e+08	2.05624e+08	1.62933e+08	1.87905e+08	1.61451e+08	1.89621e+08	1.64987e+08	1.88915e+08
ERR613986	2.26862e+08	2.43222e+08	3.07034e+08	2.86554e+08	2.47726e+08	2.46019e+08	1.71663e+08	2.18846e+08	2.16587e+08	1.87039e+08	1.74447e+08	1.8687e+08	1.70141e+08	2.38809e+08	1.78221e+08	2.5664e+08	1.77814e+08	2.74508e+08	2.50535e+08	2.49119e+08	2.2103e+08	2.72013e+08	2.73139e+08	2.74676e+08	1.70141e+08	2.38809e+08	1.78221e+08	2.5664e+08	1.77814e+08	2.74508e+08	3.85534e+08	3.21993e+08	3.17573e+08	3.50656e+08	3.14959e+08	3.16796e+08	2.38424e+08	2.92777e+08	2.40424e+08	2.34604e+08	2.90012e+08	2.64712e+08	2.23636e+08	2.00948e+08	2.12556e+08	2.02992e+08	1.59637e+08	2.29678e+08	1.73423e+08	1.8007e+08	1.70148e+08	1.68271e+08	1.79389e+08	1.75529e+08	1.42904e+08	1.40684e+08	1.40427e+08	1.22783e+08	1.236e+08	1.27301e+08	2.05917e+08	1.50915e+08	2.16732e+08	1.85397e+08	1.90098e+08	1.9136e+08	1.79728e+08	1.23752e+08	1.2331e+08	1.93251e+08	1.17207e+08	1.65863e+08	1.92225e+08	1.3664e+08	1.80237e+08	1.40845e+08	1.32839e+08	1.92017e+08	2.16824e+08	2.03444e+08	2.17872e+08	1.81076e+08	2.25178e+08	1.91651e+08	1.68586e+08	1.3662e+08	1.27301e+08	1.40353e+08	1.68387e+08	1.68065e+08	1.30643e+08	1.50092e+08	1.30235e+08	1.51372e+08	1.32236e+08	1.51028e+08
ERR613985	2.81453e+08	3.02417e+08	3.83276e+08	3.56063e+08	3.07795e+08	3.05972e+08	2.12794e+08	2.74555e+08	2.7183e+08	2.34416e+08	2.17457e+08	2.33949e+08	2.09631e+08	2.96049e+08	2.20091e+08	3.18602e+08	2.19504e+08	3.42199e+08	3.10468e+08	3.07878e+08	2.73005e+08	3.36363e+08	3.38294e+08	3.39899e+08	2.09631e+08	2.96049e+08	2.20091e+08	3.18602e+08	2.19504e+08	3.42199e+08	3.21993e+08	5.55254e+08	3.93867e+08	4.36035e+08	3.90555e+08	3.93159e+08	2.96926e+08	3.63702e+08	2.99504e+08	2.91585e+08	3.61331e+08	3.28775e+08	2.75267e+08	2.48078e+08	2.61555e+08	2.50591e+08	1.95942e+08	2.8318e+08	2.18327e+08	2.26355e+08	2.1392e+08	2.11325e+08	2.25859e+08	2.20736e+08	1.81189e+08	1.78301e+08	1.78038e+08	1.55377e+08	1.55948e+08	1.60959e+08	2.56186e+08	1.86278e+08	2.70071e+08	2.29072e+08	2.36184e+08	2.36621e+08	2.27479e+08	1.56245e+08	1.5588e+08	2.4538e+08	1.47945e+08	2.09846e+08	2.43326e+08	1.726e+08	2.27176e+08	1.7801e+08	1.67717e+08	2.42814e+08	2.71889e+08	2.54141e+08	2.7293e+08	2.26651e+08	2.82156e+08	2.39542e+08	2.11555e+08	1.7159e+08	1.60098e+08	1.76344e+08	2.11186e+08	2.11082e+08	1.66057e+08	1.91201e+08	1.64878e+08	1.92925e+08	1.68191e+08	1.92272e+08
ERR613989	2.78466e+08	2.99379e+08	3.79361e+08	3.52127e+08	3.04818e+08	3.03137e+08	2.10074e+08	2.71765e+08	2.69062e+08	2.32075e+08	2.15033e+08	2.31499e+08	2.07264e+08	2.92777e+08	2.1784e+08	3.15256e+08	2.1715e+08	3.38536e+08	3.0764e+08	3.04763e+08	2.70401e+08	3.32907e+08	3.34708e+08	3.36389e+08	2.07264e+08	2.92777e+08	2.1784e+08	3.15256e+08	2.1715e+08	3.38536e+08	3.17573e+08	3.93867e+08	5.44863e+08	4.30334e+08	3.88073e+08	3.90317e+08	2.94032e+08	3.59791e+08	2.96426e+08	2.88556e+08	3.57611e+08	3.25058e+08	2.71866e+08	2.45499e+08	2.58393e+08	2.47934e+08	1.9379e+08	2.79908e+08	2.15796e+08	2.2355e+08	2.1111e+08	2.08486e+08	2.23286e+08	2.18042e+08	1.78834e+08	1.75966e+08	1.75638e+08	1.53282e+08	1.53879e+08	1.58751e+08	2.52721e+08	1.83528e+08	2.66295e+08	2.25557e+08	2.32817e+08	2.33033e+08	2.24663e+08	1.54224e+08	1.53851e+08	2.4249e+08	1.46115e+08	2.0722e+08	2.40306e+08	1.70407e+08	2.24051e+08	1.7568e+08	1.65559e+08	2.39868e+08	2.68489e+08	2.50687e+08	2.69354e+08	2.23984e+08	2.78669e+08	2.36567e+08	2.09238e+08	1.69738e+08	1.58384e+08	1.74453e+08	2.08737e+08	2.08447e+08	1.64303e+08	1.89288e+08	1.62908e+08	1.90932e+08	1.6641e+08	1.90308e+08
