	ERR636724	ERR636725	ERR636721	ERR636726	ERR636722	ERR636723	ERR635317	ERR635320	ERR635318	ERR635319	ERR635316	ERR635321	ERR613969	ERR613971	ERR613967	ERR613970	ERR613966	ERR613968	ERR618517	ERR618518	ERR618514	ERR618515	ERR618513	ERR618516	ERR607266	ERR607264	ERR607265	ERR607268	ERR607263	ERR607267	ERR635348	ERR635350	ERR635349	ERR635351	ERR635346	ERR635347	ERR617515	ERR617512	ERR617514	ERR617511	ERR617516	ERR617513	ERR636636	ERR636632	ERR636631	ERR636634	ERR636633	ERR636635	ERR611343	ERR611344	ERR611346	ERR611341	ERR611345	ERR611342	ERR621926	ERR621925	ERR621927	ERR621930	ERR621928	ERR621929	ERR616786	ERR616781	ERR616782	ERR616783	ERR616785	ERR616784	ERR638206	ERR638203	ERR638201	ERR638205	ERR638202	ERR638204	ERR626673	ERR626671	ERR626669	ERR626672	ERR626670	ERR626668	ERR607599	ERR607601	ERR607598	ERR607597	ERR607600	ERR607602	ERR607473	ERR607472	ERR607471	ERR607469	ERR607470	ERR607474	ERR607473	ERR607472	ERR607471	ERR607469	ERR607470	ERR607474
ERR636724	0	0.235171	0.246192	0.235812	0.239018	0.237738	0.404134	0.41121	0.405084	0.410881	0.408842	0.410464	0.310526	0.298985	0.299104	0.310199	0.29969	0.313749	0.33004	0.327406	0.353096	0.333463	0.31687	0.335324	0.317498	0.313472	0.307273	0.320327	0.305345	0.32007	0.403897	0.398664	0.399188	0.399744	0.398076	0.40416	0.39699	0.422642	0.400044	0.419065	0.402104	0.424697	0.293079	0.311939	0.294016	0.306895	0.293548	0.291806	0.418624	0.413797	0.413076	0.415787	0.41363	0.415884	0.55947	0.548533	0.560755	0.541291	0.543799	0.544561	0.404007	0.397802	0.395573	0.397211	0.404593	0.404595	0.428525	0.455446	0.45019	0.428373	0.446665	0.428335	0.421586	0.422367	0.417123	0.421327	0.442885	0.412127	0.407838	0.395299	0.40884	0.395171	0.396239	0.395979	0.4572	0.461452	0.419479	0.467144	0.421493	0.466774	0.4572	0.461452	0.419479	0.467144	0.421493	0.466774
ERR636725	0.235171	0	0.246816	0.235619	0.239381	0.237947	0.404626	0.411963	0.405469	0.41161	0.409486	0.411206	0.310457	0.298622	0.299141	0.310211	0.299311	0.314045	0.32995	0.327254	0.353463	0.333551	0.316823	0.335277	0.317372	0.312848	0.306859	0.319915	0.30488	0.319859	0.404502	0.398864	0.399395	0.400124	0.398484	0.404858	0.396312	0.422406	0.399566	0.418784	0.401857	0.424547	0.293019	0.312838	0.294523	0.307851	0.294045	0.29187	0.418674	0.414121	0.413391	0.415991	0.413743	0.415925	0.560003	0.548906	0.561255	0.541695	0.544245	0.545064	0.404611	0.398233	0.395931	0.397484	0.40526	0.405272	0.429056	0.456145	0.450863	0.428757	0.447263	0.428629	0.422009	0.422823	0.417636	0.42172	0.443624	0.412424	0.408401	0.395582	0.409391	0.395531	0.396443	0.396399	0.457341	0.461528	0.419272	0.467419	0.421416	0.466929	0.457341	0.461528	0.419272	0.467419	0.421416	0.466929
ERR636721	0.246192	0.246816	0	0.249485	0.23846	0.23833	0.399834	0.401864	0.404671	0.401781	0.401303	0.400934	0.310995	0.310768	0.301986	0.311202	0.311769	0.304236	0.326057	0.323887	0.341395	0.326587	0.314476	0.329556	0.315113	0.328074	0.322635	0.320665	0.311361	0.319635	0.394007	0.400457	0.400571	0.40168	0.398134	0.394514	0.40505	0.423366	0.407073	0.418956	0.405908	0.425955	0.295933	0.291403	0.292044	0.290441	0.292761	0.297735	0.425701	0.414797	0.416157	0.419767	0.418447	0.418091	0.557525	0.549268	0.558425	0.543256	0.54561	0.545914	0.397189	0.393456	0.394111	0.399102	0.397348	0.398198	0.42809	0.447314	0.442168	0.431774	0.439715	0.43192	0.412396	0.412875	0.40804	0.411938	0.426062	0.407334	0.397291	0.392684	0.397156	0.392017	0.393599	0.39368	0.451753	0.455308	0.424954	0.458332	0.423901	0.460128	0.451753	0.455308	0.424954	0.458332	0.423901	0.460128
ERR636726	0.235812	0.235619	0.249485	0	0.240254	0.23907	0.406245	0.414132	0.406488	0.413795	0.411357	0.413463	0.310565	0.297524	0.299097	0.31042	0.298305	0.315623	0.330915	0.328241	0.355302	0.335137	0.317759	0.336508	0.318135	0.311705	0.305595	0.320514	0.304983	0.320207	0.406197	0.399332	0.3998	0.40046	0.399018	0.406624	0.395545	0.422339	0.398743	0.418999	0.401352	0.424335	0.293611	0.315748	0.295146	0.310045	0.294788	0.291891	0.418308	0.414745	0.413552	0.415959	0.413816	0.416101	0.5597	0.548319	0.561066	0.540922	0.543391	0.544317	0.406078	0.399513	0.396724	0.397932	0.406749	0.406614	0.42946	0.457238	0.451972	0.428624	0.448316	0.428569	0.423157	0.423967	0.418843	0.422876	0.445774	0.413102	0.409849	0.396323	0.411065	0.39627	0.397133	0.396922	0.45815	0.46255	0.419075	0.468798	0.42149	0.468019	0.45815	0.46255	0.419075	0.468798	0.42149	0.468019
ERR636722	0.239018	0.239381	0.23846	0.240254	0	0.235587	0.40111	0.407645	0.403229	0.407457	0.405693	0.406671	0.305381	0.299512	0.295905	0.305329	0.299819	0.307563	0.32689	0.324428	0.348989	0.330901	0.31486	0.331628	0.312248	0.314834	0.311001	0.31507	0.304413	0.314625	0.39786	0.397073	0.397255	0.397894	0.395892	0.399051	0.397142	0.420712	0.399989	0.418013	0.402108	0.422736	0.290755	0.301781	0.288242	0.297511	0.288516	0.290966	0.417328	0.413248	0.411661	0.413548	0.412864	0.412363	0.554539	0.543955	0.555733	0.53744	0.53984	0.540613	0.401653	0.395945	0.393556	0.396322	0.401922	0.402377	0.427387	0.449795	0.445152	0.42745	0.441897	0.427402	0.413742	0.414395	0.409852	0.413344	0.434221	0.405988	0.401685	0.391898	0.403006	0.39176	0.392644	0.392638	0.453144	0.457123	0.419387	0.464749	0.420913	0.462653	0.453144	0.457123	0.419387	0.464749	0.420913	0.462653
ERR636723	0.237738	0.237947	0.23833	0.23907	0.235587	0	0.400463	0.405224	0.402814	0.404915	0.403748	0.404409	0.309283	0.301542	0.298454	0.309201	0.302767	0.308452	0.327521	0.324959	0.347713	0.329916	0.31466	0.332374	0.315157	0.317753	0.311614	0.318941	0.306265	0.31852	0.398221	0.397239	0.397686	0.398537	0.396087	0.398538	0.399727	0.422607	0.402382	0.418343	0.403038	0.424615	0.291659	0.302246	0.291054	0.298613	0.290921	0.291568	0.419046	0.411469	0.411793	0.414839	0.412917	0.414092	0.557251	0.547286	0.558552	0.540767	0.543258	0.543817	0.39902	0.393795	0.392769	0.39553	0.399347	0.399794	0.42628	0.450797	0.445782	0.428205	0.442545	0.428114	0.416194	0.417017	0.411734	0.415849	0.434644	0.408179	0.402052	0.392311	0.402492	0.391953	0.393189	0.393078	0.453438	0.457546	0.419975	0.462614	0.420894	0.462782	0.453438	0.457546	0.419975	0.462614	0.420894	0.462782
ERR635317	0.404134	0.404626	0.399834	0.406245	0.40111	0.400463	0	0.241456	0.235948	0.240959	0.237404	0.240961	0.430582	0.425537	0.422154	0.430411	0.424981	0.4256	0.439877	0.437981	0.449416	0.439261	0.428491	0.443035	0.417949	0.420925	0.416793	0.421345	0.412132	0.421571	0.281062	0.282825	0.28259	0.283653	0.279825	0.280252	0.505707	0.52168	0.507735	0.517119	0.507138	0.523404	0.381784	0.384852	0.380215	0.383894	0.379427	0.380987	0.308974	0.290591	0.294557	0.300093	0.297435	0.299017	0.469972	0.460207	0.471986	0.453183	0.456003	0.456174	0.308887	0.304394	0.30497	0.30944	0.309148	0.309424	0.309094	0.335965	0.329272	0.315972	0.3253	0.316151	0.303799	0.305169	0.297848	0.303775	0.324151	0.295641	0.315725	0.308197	0.316522	0.306803	0.308392	0.308709	0.370892	0.374828	0.341621	0.382445	0.338978	0.38111	0.370892	0.374828	0.341621	0.382445	0.338978	0.38111
ERR635320	0.41121	0.411963	0.401864	0.414132	0.407645	0.405224	0.241456	0	0.249383	0.229547	0.234227	0.229727	0.442572	0.438864	0.43319	0.442489	0.43893	0.429759	0.448183	0.446281	0.449888	0.443601	0.435479	0.450474	0.428351	0.43698	0.430439	0.434289	0.424097	0.434017	0.283942	0.297037	0.296678	0.298353	0.292799	0.280418	0.521582	0.534031	0.523028	0.526177	0.519391	0.535659	0.389423	0.382879	0.388561	0.384394	0.388083	0.3896	0.331057	0.296351	0.3095	0.318704	0.313492	0.317381	0.482561	0.47726	0.485103	0.471847	0.474797	0.473886	0.304973	0.30609	0.314641	0.321562	0.303959	0.305137	0.316997	0.341273	0.334048	0.333282	0.331247	0.333572	0.313931	0.314868	0.306629	0.31368	0.318195	0.309289	0.319567	0.319128	0.316168	0.317151	0.319626	0.320528	0.377549	0.381006	0.361164	0.379447	0.354666	0.385614	0.377549	0.381006	0.361164	0.379447	0.354666	0.385614
ERR635318	0.405084	0.405469	0.404671	0.406488	0.403229	0.402814	0.235948	0.249383	0	0.248872	0.24402	0.249432	0.429864	0.422961	0.421487	0.429582	0.422311	0.427963	0.440833	0.438844	0.453165	0.441639	0.429454	0.444228	0.418137	0.417349	0.413588	0.420662	0.410941	0.421103	0.286407	0.279736	0.27967	0.280331	0.278204	0.285528	0.50166	0.51959	0.503933	0.515496	0.504332	0.520715	0.382416	0.391713	0.381765	0.389384	0.38108	0.381144	0.300156	0.287576	0.288851	0.292997	0.290622	0.29293	0.466199	0.453803	0.46862	0.446373	0.449376	0.449897	0.311633	0.306133	0.3037	0.305522	0.312368	0.312102	0.306182	0.338367	0.331894	0.310439	0.327368	0.310428	0.306086	0.307748	0.300588	0.306204	0.333282	0.295358	0.320066	0.307094	0.32172	0.306278	0.307223	0.307391	0.371898	0.37629	0.334549	0.387628	0.334439	0.383124	0.371898	0.37629	0.334549	0.387628	0.334439	0.383124
ERR635319	0.410881	0.41161	0.401781	0.413795	0.407457	0.404915	0.240959	0.229547	0.248872	0	0.234245	0.229921	0.442548	0.438589	0.43299	0.442436	0.438702	0.429748	0.447841	0.446119	0.449765	0.44342	0.435163	0.450222	0.427904	0.436328	0.429838	0.434039	0.423583	0.433697	0.28406	0.296371	0.296266	0.297818	0.292489	0.280494	0.520986	0.533526	0.522426	0.525674	0.518785	0.535071	0.389141	0.383009	0.388373	0.384425	0.387865	0.389368	0.330929	0.296316	0.309256	0.318606	0.313216	0.317533	0.482142	0.476718	0.484711	0.471107	0.4742	0.473313	0.305071	0.305935	0.314417	0.32131	0.304142	0.305245	0.316497	0.341264	0.333728	0.332597	0.331177	0.332704	0.314014	0.315099	0.306735	0.313856	0.318689	0.309242	0.319384	0.318831	0.316048	0.316827	0.319258	0.320143	0.377575	0.381041	0.36071	0.379319	0.354268	0.385635	0.377575	0.381041	0.36071	0.379319	0.354268	0.385635
ERR635316	0.408842	0.409486	0.401303	0.411357	0.405693	0.403748	0.237404	0.234227	0.24402	0.234245	0	0.23389	0.43998	0.435334	0.430433	0.439821	0.435313	0.42919	0.445706	0.443929	0.449436	0.44192	0.432914	0.448302	0.426028	0.432367	0.426422	0.431134	0.420743	0.431051	0.282583	0.292312	0.292096	0.293615	0.288194	0.280667	0.51679	0.530405	0.518412	0.523212	0.51547	0.532245	0.387548	0.383915	0.386281	0.384966	0.385543	0.387195	0.32487	0.294932	0.305394	0.313599	0.309112	0.312459	0.480135	0.473166	0.482451	0.467235	0.470402	0.469744	0.306427	0.303792	0.311249	0.317372	0.306161	0.306909	0.314666	0.340558	0.33317	0.328079	0.329965	0.328227	0.311991	0.313239	0.305067	0.31201	0.321142	0.306228	0.317773	0.315452	0.316227	0.313376	0.315958	0.316528	0.375316	0.378889	0.354601	0.379519	0.349302	0.383969	0.375316	0.378889	0.354601	0.379519	0.349302	0.383969
ERR635321	0.410464	0.411206	0.400934	0.413463	0.406671	0.404409	0.240961	0.229727	0.249432	0.229921	0.23389	0	0.44185	0.438321	0.43246	0.441733	0.438446	0.429121	0.447335	0.445585	0.449337	0.443069	0.434947	0.449683	0.427503	0.436291	0.429858	0.433567	0.42335	0.433377	0.283831	0.296859	0.296763	0.298428	0.292811	0.280142	0.520961	0.533378	0.522484	0.525737	0.518871	0.535176	0.388826	0.38193	0.387958	0.383623	0.387419	0.389144	0.331364	0.29674	0.309764	0.318896	0.313704	0.317658	0.482085	0.476967	0.484552	0.471346	0.474319	0.473524	0.30514	0.306041	0.314598	0.32156	0.304314	0.305356	0.316923	0.340822	0.333424	0.333088	0.330926	0.333206	0.31326	0.314214	0.305875	0.313065	0.317405	0.309005	0.318965	0.319094	0.315729	0.316988	0.319411	0.320387	0.377295	0.380765	0.361261	0.378864	0.354577	0.385447	0.377295	0.380765	0.361261	0.378864	0.354577	0.385447
ERR613969	0.310526	0.310457	0.310995	0.310565	0.305381	0.309283	0.430582	0.442572	0.429864	0.442548	0.43998	0.44185	0	0.254209	0.248027	0.245526	0.255459	0.262378	0.310524	0.308757	0.340442	0.321537	0.30682	0.314193	0.294444	0.306143	0.309062	0.292881	0.298152	0.293323	0.41622	0.41581	0.415695	0.416018	0.415961	0.41854	0.351766	0.376404	0.354924	0.379333	0.360805	0.377583	0.308993	0.319727	0.304826	0.313027	0.305909	0.30998	0.429885	0.435004	0.428037	0.427641	0.429438	0.425287	0.517838	0.506532	0.51846	0.499868	0.501835	0.502748	0.427077	0.424082	0.41629	0.418627	0.427927	0.428817	0.431476	0.439073	0.436964	0.428007	0.434394	0.428082	0.416036	0.416519	0.416316	0.415611	0.437459	0.414473	0.408884	0.403788	0.411789	0.405338	0.403915	0.403485	0.439872	0.44339	0.414177	0.459759	0.416102	0.448462	0.439872	0.44339	0.414177	0.459759	0.416102	0.448462
ERR613971	0.298985	0.298622	0.310768	0.297524	0.299512	0.301542	0.425537	0.438864	0.422961	0.438589	0.435334	0.438321	0.254209	0	0.248501	0.253982	0.242997	0.277869	0.327103	0.324474	0.3604	0.337862	0.318441	0.332546	0.301541	0.29224	0.293519	0.299111	0.292172	0.300273	0.417662	0.408255	0.408706	0.408574	0.409462	0.419284	0.36824	0.399778	0.372555	0.401319	0.37986	0.400534	0.30147	0.33062	0.30195	0.32157	0.302205	0.300214	0.419578	0.426387	0.419657	0.419289	0.41965	0.41861	0.536654	0.522643	0.537521	0.514713	0.517078	0.518419	0.422719	0.417258	0.409326	0.409256	0.42385	0.423885	0.427867	0.449777	0.446215	0.422619	0.442816	0.422527	0.422404	0.423573	0.421125	0.422304	0.450817	0.414318	0.414931	0.400825	0.417856	0.40206	0.40075	0.400431	0.452558	0.456943	0.412526	0.471646	0.417241	0.462632	0.452558	0.456943	0.412526	0.471646	0.417241	0.462632
ERR613967	0.299104	0.299141	0.301986	0.299097	0.295905	0.298454	0.422154	0.43319	0.421487	0.43299	0.430433	0.43246	0.248027	0.248501	0	0.248026	0.248643	0.261727	0.313305	0.310937	0.34215	0.322373	0.306087	0.317505	0.294892	0.300293	0.301579	0.294261	0.292831	0.294612	0.410296	0.408096	0.408138	0.4087	0.408232	0.412066	0.360018	0.386484	0.36363	0.387581	0.368728	0.387845	0.300816	0.315312	0.298338	0.308718	0.299135	0.301164	0.423589	0.426229	0.420888	0.421244	0.422141	0.419564	0.526418	0.514942	0.527274	0.50783	0.510009	0.511052	0.417902	0.414273	0.407717	0.409746	0.418625	0.419267	0.42525	0.439385	0.436286	0.422658	0.433319	0.42256	0.41482	0.41535	0.413823	0.414438	0.437012	0.410699	0.40503	0.397447	0.407354	0.398427	0.397643	0.397405	0.441282	0.445318	0.410912	0.458883	0.413116	0.450475	0.441282	0.445318	0.410912	0.458883	0.413116	0.450475
ERR613970	0.310199	0.310211	0.311202	0.31042	0.305329	0.309201	0.430411	0.442489	0.429582	0.442436	0.439821	0.441733	0.245526	0.253982	0.248026	0	0.25512	0.262492	0.31064	0.308705	0.340854	0.321514	0.306717	0.314451	0.294165	0.305304	0.308602	0.293112	0.297399	0.293201	0.416279	0.415549	0.41549	0.415689	0.415788	0.41865	0.351668	0.376499	0.354756	0.379531	0.360875	0.377627	0.308932	0.320339	0.305328	0.313528	0.306088	0.310023	0.429443	0.434702	0.427819	0.427299	0.429098	0.425091	0.517613	0.506446	0.518232	0.499472	0.501523	0.502538	0.426649	0.423626	0.415725	0.418041	0.427449	0.428289	0.431082	0.438831	0.436532	0.427571	0.433947	0.427504	0.415882	0.416505	0.416144	0.415603	0.4376	0.414235	0.408602	0.403502	0.411815	0.40475	0.403508	0.403228	0.439527	0.443027	0.413424	0.459141	0.415557	0.447946	0.439527	0.443027	0.413424	0.459141	0.415557	0.447946
ERR613966	0.29969	0.299311	0.311769	0.298305	0.299819	0.302767	0.424981	0.43893	0.422311	0.438702	0.435313	0.438446	0.255459	0.242997	0.248643	0.25512	0	0.279647	0.329457	0.326904	0.363138	0.340729	0.320705	0.335138	0.30262	0.291246	0.292944	0.299313	0.292191	0.300427	0.417829	0.407768	0.408085	0.408096	0.409092	0.419572	0.370091	0.402181	0.374549	0.404206	0.382554	0.403016	0.302255	0.332292	0.302628	0.323355	0.3025	0.300954	0.418746	0.426693	0.419507	0.418781	0.419638	0.418139	0.53786	0.523743	0.53893	0.515568	0.518015	0.519349	0.42359	0.417785	0.409198	0.40913	0.424577	0.424707	0.427995	0.450221	0.446513	0.421658	0.442839	0.42162	0.422695	0.423675	0.421489	0.422558	0.452144	0.414113	0.415281	0.400674	0.418406	0.401982	0.400782	0.400398	0.453767	0.458333	0.412516	0.473478	0.417668	0.464015	0.453767	0.458333	0.412516	0.473478	0.417668	0.464015
ERR613968	0.313749	0.314045	0.304236	0.315623	0.307563	0.308452	0.4256	0.429759	0.427963	0.429748	0.42919	0.429121	0.262378	0.277869	0.261727	0.262492	0.279647	0	0.301225	0.299691	0.315002	0.303631	0.296327	0.302625	0.302596	0.330122	0.328689	0.308096	0.312194	0.306836	0.409035	0.418008	0.418029	0.418822	0.416548	0.409599	0.356075	0.369714	0.35735	0.36713	0.355592	0.371397	0.314648	0.30453	0.310289	0.302883	0.311889	0.317126	0.440192	0.431675	0.431727	0.434578	0.434223	0.431909	0.513275	0.507433	0.51417	0.502327	0.50441	0.504149	0.415181	0.415324	0.413803	0.418588	0.415528	0.416888	0.427932	0.42938	0.426922	0.433069	0.425794	0.432822	0.414636	0.414627	0.41367	0.414271	0.420784	0.417183	0.399183	0.40269	0.39892	0.403303	0.40299	0.403127	0.428191	0.430814	0.418436	0.43826	0.414759	0.434447	0.428191	0.430814	0.418436	0.43826	0.414759	0.434447
ERR618517	0.33004	0.32995	0.326057	0.330915	0.32689	0.327521	0.439877	0.448183	0.440833	0.447841	0.445706	0.447335	0.310524	0.327103	0.313305	0.31064	0.329457	0.301225	0	0.25867	0.276106	0.264691	0.262866	0.259888	0.31822	0.348942	0.34808	0.323985	0.332093	0.322658	0.420567	0.428248	0.428127	0.428966	0.426717	0.42151	0.323193	0.332037	0.323738	0.330555	0.321547	0.334498	0.340272	0.333862	0.336504	0.332394	0.338275	0.341862	0.446273	0.441693	0.439579	0.441779	0.441697	0.439339	0.492013	0.488717	0.491605	0.484526	0.485885	0.48563	0.426732	0.426362	0.422876	0.427195	0.427627	0.428379	0.442575	0.433183	0.432302	0.446024	0.432054	0.445839	0.422359	0.422069	0.422683	0.422184	0.425249	0.427726	0.406602	0.413727	0.407469	0.414388	0.414311	0.414192	0.410428	0.411995	0.415842	0.420988	0.409795	0.414705	0.410428	0.411995	0.415842	0.420988	0.409795	0.414705
ERR618518	0.327406	0.327254	0.323887	0.328241	0.324428	0.324959	0.437981	0.446281	0.438844	0.446119	0.443929	0.445585	0.308757	0.324474	0.310937	0.308705	0.326904	0.299691	0.25867	0	0.276852	0.264577	0.261995	0.260179	0.316566	0.346546	0.345515	0.321769	0.329734	0.320683	0.41897	0.426307	0.42618	0.427026	0.424808	0.419916	0.324061	0.334063	0.324765	0.332687	0.322728	0.33614	0.338284	0.332495	0.334536	0.330596	0.33628	0.339631	0.4445	0.439837	0.43769	0.4399	0.439801	0.437598	0.493116	0.489688	0.492905	0.485229	0.486672	0.486472	0.425031	0.424426	0.420902	0.425175	0.425698	0.426554	0.441093	0.432699	0.431568	0.444374	0.431396	0.444224	0.421276	0.421027	0.421485	0.421109	0.424726	0.426164	0.405186	0.411848	0.406085	0.412332	0.412405	0.412213	0.41035	0.412262	0.414308	0.421198	0.408651	0.415231	0.41035	0.412262	0.414308	0.421198	0.408651	0.415231
ERR618514	0.353096	0.353463	0.341395	0.355302	0.348989	0.347713	0.449416	0.449888	0.453165	0.449765	0.449436	0.449337	0.340442	0.3604	0.34215	0.340854	0.363138	0.315002	0.276106	0.276852	0	0.268113	0.276873	0.273631	0.345484	0.384376	0.380815	0.354409	0.362697	0.352512	0.428492	0.444346	0.444205	0.445347	0.441531	0.428085	0.343423	0.339748	0.341836	0.331881	0.332189	0.342452	0.363894	0.341328	0.359769	0.344477	0.361821	0.366508	0.467904	0.452548	0.456075	0.460795	0.459302	0.45803	0.497023	0.499872	0.496979	0.497715	0.498944	0.497761	0.430434	0.432841	0.435265	0.441938	0.430592	0.431916	0.453173	0.436035	0.435211	0.463046	0.43669	0.462714	0.435199	0.434418	0.434455	0.434928	0.422461	0.443687	0.412638	0.427802	0.410924	0.427648	0.428718	0.428812	0.4105	0.4111	0.434394	0.409729	0.423774	0.411428	0.4105	0.4111	0.434394	0.409729	0.423774	0.411428
ERR618515	0.333463	0.333551	0.326587	0.335137	0.330901	0.329916	0.439261	0.443601	0.441639	0.44342	0.44192	0.443069	0.321537	0.337862	0.322373	0.321514	0.340729	0.303631	0.264691	0.264577	0.268113	0	0.263716	0.264713	0.326942	0.360405	0.35728	0.334566	0.340682	0.333006	0.419752	0.431062	0.430923	0.432003	0.428642	0.419687	0.333189	0.337837	0.333111	0.33224	0.3266	0.34039	0.345908	0.332284	0.342363	0.332957	0.344371	0.347676	0.452809	0.44173	0.44297	0.446959	0.445659	0.444758	0.498119	0.497414	0.49768	0.493326	0.494942	0.49422	0.422732	0.423318	0.423437	0.428889	0.423376	0.424368	0.443334	0.433501	0.431791	0.45021	0.432227	0.449937	0.426169	0.425736	0.425429	0.426124	0.422325	0.432295	0.40559	0.415998	0.404977	0.415773	0.416657	0.416415	0.409963	0.411201	0.420865	0.413722	0.41267	0.413041	0.409963	0.411201	0.420865	0.413722	0.41267	0.413041
ERR618513	0.31687	0.316823	0.314476	0.317759	0.31486	0.31466	0.428491	0.435479	0.429454	0.435163	0.432914	0.434947	0.30682	0.318441	0.306087	0.306717	0.320705	0.296327	0.262866	0.261995	0.276873	0.263716	0	0.264967	0.314554	0.340478	0.338002	0.320308	0.32379	0.31916	0.410774	0.417488	0.417611	0.418531	0.415833	0.411232	0.332906	0.345363	0.333722	0.341547	0.33089	0.347471	0.32972	0.325286	0.326336	0.32368	0.327981	0.330488	0.436557	0.429109	0.428602	0.431643	0.430877	0.429674	0.498412	0.494102	0.498775	0.489717	0.491576	0.491159	0.413824	0.412745	0.411015	0.415273	0.414557	0.415299	0.432627	0.429587	0.427738	0.437192	0.427148	0.437001	0.416788	0.416628	0.415899	0.416405	0.420276	0.420053	0.398472	0.403686	0.39919	0.403865	0.404437	0.404329	0.409973	0.412402	0.408952	0.419377	0.403453	0.415608	0.409973	0.412402	0.408952	0.419377	0.403453	0.415608
ERR618516	0.335324	0.335277	0.329556	0.336508	0.331628	0.332374	0.443035	0.450474	0.444228	0.450222	0.448302	0.449683	0.314193	0.332546	0.317505	0.314451	0.335138	0.302625	0.259888	0.260179	0.273631	0.264713	0.264967	0	0.322041	0.355331	0.354428	0.327831	0.337683	0.326809	0.422902	0.432084	0.43204	0.432728	0.430326	0.423843	0.323803	0.330189	0.323928	0.328377	0.32089	0.332513	0.345388	0.335738	0.341262	0.334972	0.343036	0.347219	0.450973	0.445507	0.443649	0.446075	0.446078	0.443643	0.491398	0.489168	0.491002	0.485231	0.486539	0.486233	0.429256	0.429268	0.426184	0.430891	0.429866	0.430672	0.445267	0.433486	0.432888	0.449461	0.433121	0.449235	0.424811	0.424421	0.424995	0.424556	0.42553	0.431053	0.408247	0.416914	0.409023	0.417581	0.417559	0.417463	0.410126	0.411263	0.418958	0.41932	0.412394	0.413915	0.410126	0.411263	0.418958	0.41932	0.412394	0.413915
ERR607266	0.317498	0.317372	0.315113	0.318135	0.312248	0.315157	0.417949	0.428351	0.418137	0.427904	0.426028	0.427503	0.294444	0.301541	0.294892	0.294165	0.30262	0.302596	0.31822	0.316566	0.345484	0.326942	0.314554	0.322041	0	0.264827	0.266655	0.246968	0.251673	0.246475	0.400567	0.402635	0.402617	0.403308	0.402214	0.402398	0.360784	0.383005	0.363984	0.385275	0.368119	0.384307	0.318147	0.323416	0.314502	0.31898	0.315607	0.31929	0.420978	0.421703	0.416733	0.417528	0.418572	0.415079	0.509743	0.500075	0.510296	0.493767	0.495503	0.496345	0.41024	0.408347	0.401677	0.404992	0.410872	0.411697	0.421815	0.429164	0.426505	0.421069	0.424188	0.420923	0.404027	0.404343	0.403564	0.403967	0.422423	0.403506	0.395777	0.393188	0.397812	0.393805	0.393069	0.392948	0.424039	0.427567	0.401588	0.441751	0.402257	0.432493	0.424039	0.427567	0.401588	0.441751	0.402257	0.432493
ERR607264	0.313472	0.312848	0.328074	0.311705	0.314834	0.317753	0.420925	0.43698	0.417349	0.436328	0.432367	0.436291	0.306143	0.29224	0.300293	0.305304	0.291246	0.330122	0.348942	0.346546	0.384376	0.360405	0.340478	0.355331	0.264827	0	0.241929	0.258739	0.246133	0.260574	0.413239	0.399435	0.399936	0.399779	0.401028	0.41523	0.382166	0.41608	0.387192	0.418934	0.396394	0.416641	0.317672	0.351545	0.318784	0.342627	0.318323	0.315325	0.409578	0.419686	0.411625	0.410589	0.411192	0.410266	0.535248	0.520299	0.536455	0.511709	0.51384	0.515492	0.418055	0.411539	0.401267	0.400328	0.419194	0.418843	0.425565	0.450501	0.446616	0.417762	0.442589	0.417598	0.419312	0.420207	0.417661	0.419274	0.451736	0.409094	0.414663	0.397383	0.418363	0.398636	0.397347	0.396938	0.450044	0.454644	0.403881	0.470879	0.410529	0.460953	0.450044	0.454644	0.403881	0.470879	0.410529	0.460953
ERR607265	0.307273	0.306859	0.322635	0.305595	0.311001	0.311614	0.416793	0.430439	0.413588	0.429838	0.426422	0.429858	0.309062	0.293519	0.301579	0.308602	0.292944	0.328689	0.34808	0.345515	0.380815	0.35728	0.338002	0.354428	0.266655	0.241929	0	0.263	0.245719	0.264273	0.410598	0.397029	0.397527	0.397657	0.398557	0.411472	0.385745	0.418747	0.390725	0.419758	0.397995	0.419476	0.314285	0.347552	0.316919	0.33929	0.316532	0.311567	0.410096	0.41539	0.409901	0.410304	0.409311	0.410432	0.540283	0.526181	0.541542	0.517808	0.520069	0.521438	0.41187	0.405608	0.397667	0.396751	0.41302	0.412515	0.422628	0.450458	0.445831	0.417059	0.441832	0.416806	0.42036	0.421189	0.41789	0.420284	0.45032	0.409635	0.412724	0.395392	0.4151	0.395959	0.395474	0.395042	0.449959	0.454656	0.404203	0.467444	0.409548	0.460723	0.449959	0.454656	0.404203	0.467444	0.409548	0.460723
ERR607268	0.320327	0.319915	0.320665	0.320514	0.31507	0.318941	0.421345	0.434289	0.420662	0.434039	0.431134	0.433567	0.292881	0.299111	0.294261	0.293112	0.299313	0.308096	0.323985	0.321769	0.354409	0.334566	0.320308	0.327831	0.246968	0.258739	0.263	0	0.250443	0.244552	0.404579	0.403941	0.403864	0.404125	0.404041	0.407136	0.360841	0.385922	0.364274	0.389824	0.370977	0.386967	0.320002	0.331009	0.31616	0.325185	0.316845	0.320855	0.41966	0.425435	0.418094	0.417395	0.419647	0.415038	0.511483	0.500203	0.512105	0.493592	0.495126	0.496336	0.416545	0.413164	0.404534	0.406923	0.417262	0.417942	0.424865	0.432293	0.430043	0.420692	0.427297	0.420702	0.40603	0.406388	0.406007	0.405715	0.428671	0.404276	0.400016	0.395174	0.403238	0.396027	0.395136	0.394636	0.428645	0.43249	0.402017	0.44963	0.404314	0.437574	0.428645	0.43249	0.402017	0.44963	0.404314	0.437574
ERR607263	0.305345	0.30488	0.311361	0.304983	0.304413	0.306265	0.412132	0.424097	0.410941	0.423583	0.420743	0.42335	0.298152	0.292172	0.292831	0.297399	0.292191	0.312194	0.332093	0.329734	0.362697	0.340682	0.32379	0.337683	0.251673	0.246133	0.245719	0.250443	0	0.250712	0.400555	0.394999	0.395256	0.395593	0.395322	0.401982	0.375019	0.40373	0.37919	0.40507	0.385044	0.40515	0.309841	0.329851	0.309168	0.323273	0.309598	0.309176	0.411735	0.414126	0.409049	0.40977	0.409721	0.40888	0.528054	0.515981	0.528925	0.508225	0.510447	0.511549	0.405826	0.401416	0.394365	0.3957	0.406844	0.407117	0.418374	0.43816	0.433926	0.414791	0.430782	0.414701	0.408943	0.409639	0.407057	0.408652	0.434091	0.402274	0.400598	0.389431	0.402723	0.39011	0.389597	0.389418	0.437039	0.441262	0.400057	0.453519	0.403223	0.44705	0.437039	0.441262	0.400057	0.453519	0.403223	0.44705
ERR607267	0.32007	0.319859	0.319635	0.320207	0.314625	0.31852	0.421571	0.434017	0.421103	0.433697	0.431051	0.433377	0.293323	0.300273	0.294612	0.293201	0.300427	0.306836	0.322658	0.320683	0.352512	0.333006	0.31916	0.326809	0.246475	0.260574	0.264273	0.244552	0.250712	0	0.404545	0.404652	0.404518	0.405047	0.404639	0.407042	0.360903	0.385103	0.364197	0.389015	0.370237	0.386303	0.320181	0.329237	0.315895	0.323607	0.316829	0.321177	0.421304	0.426136	0.419163	0.418778	0.420805	0.416292	0.511618	0.500839	0.512246	0.494246	0.4958	0.497002	0.416344	0.413214	0.405069	0.407658	0.4173	0.417958	0.425532	0.432513	0.430171	0.4218	0.42759	0.421702	0.406123	0.406753	0.406176	0.406027	0.428067	0.404996	0.399773	0.395567	0.403056	0.396482	0.395285	0.395235	0.428341	0.432219	0.402749	0.448573	0.404804	0.437366	0.428341	0.432219	0.402749	0.448573	0.404804	0.437366
ERR635348	0.403897	0.404502	0.394007	0.406197	0.39786	0.398221	0.281062	0.283942	0.286407	0.28406	0.282583	0.283831	0.41622	0.417662	0.410296	0.416279	0.417829	0.409035	0.420567	0.41897	0.428492	0.419752	0.410774	0.422902	0.400567	0.413239	0.410598	0.404579	0.400555	0.404545	0	0.246298	0.246071	0.246977	0.241552	0.230999	0.48512	0.498851	0.486961	0.494494	0.485618	0.500494	0.377486	0.370138	0.373169	0.370312	0.37303	0.378571	0.310458	0.289507	0.292984	0.298535	0.298059	0.295226	0.438096	0.429548	0.439412	0.423771	0.426336	0.426187	0.297366	0.295798	0.296903	0.304655	0.297496	0.298708	0.299129	0.311409	0.306108	0.308657	0.303257	0.308609	0.280322	0.281241	0.275995	0.280134	0.294782	0.279777	0.295391	0.297934	0.296817	0.296349	0.298373	0.298518	0.341902	0.345533	0.324785	0.355014	0.319793	0.351414	0.341902	0.345533	0.324785	0.355014	0.319793	0.351414
ERR635350	0.398664	0.398864	0.400457	0.399332	0.397073	0.397239	0.282825	0.297037	0.279736	0.296371	0.292312	0.296859	0.41581	0.408255	0.408096	0.415549	0.407768	0.418008	0.428248	0.426307	0.444346	0.431062	0.417488	0.432084	0.402635	0.399435	0.397029	0.403941	0.394999	0.404652	0.246298	0	0.228365	0.228281	0.229867	0.246688	0.482073	0.502503	0.484873	0.499807	0.486928	0.503581	0.373768	0.387148	0.373029	0.383505	0.3723	0.372444	0.284354	0.279232	0.276485	0.278896	0.277622	0.278956	0.446074	0.43043	0.448183	0.421863	0.424914	0.425962	0.30441	0.297666	0.290866	0.291636	0.305388	0.304912	0.293311	0.327607	0.321429	0.293175	0.316602	0.293106	0.292569	0.294057	0.288107	0.292601	0.328008	0.279857	0.314055	0.296813	0.317088	0.296818	0.297353	0.296911	0.35859	0.363571	0.312582	0.379041	0.315116	0.371166	0.35859	0.363571	0.312582	0.379041	0.315116	0.371166
ERR635349	0.399188	0.399395	0.400571	0.3998	0.397255	0.397686	0.28259	0.296678	0.27967	0.296266	0.292096	0.296763	0.415695	0.408706	0.408138	0.41549	0.408085	0.418029	0.428127	0.42618	0.444205	0.430923	0.417611	0.43204	0.402617	0.399936	0.397527	0.403864	0.395256	0.404518	0.246071	0.228365	0	0.22848	0.229843	0.246601	0.481925	0.502105	0.484542	0.499538	0.486709	0.503253	0.37398	0.38701	0.373094	0.383411	0.372478	0.372668	0.284102	0.278926	0.2759	0.278554	0.277413	0.278323	0.445079	0.429416	0.447247	0.42088	0.424071	0.424979	0.304046	0.29754	0.290969	0.291724	0.305432	0.304922	0.293292	0.327071	0.321005	0.293175	0.316007	0.292941	0.291998	0.293697	0.287669	0.292304	0.327486	0.279489	0.313679	0.29678	0.316818	0.296886	0.297191	0.296763	0.35814	0.36309	0.312529	0.37892	0.315072	0.370648	0.35814	0.36309	0.312529	0.37892	0.315072	0.370648
ERR635351	0.399744	0.400124	0.40168	0.40046	0.397894	0.398537	0.283653	0.298353	0.280331	0.297818	0.293615	0.298428	0.416018	0.408574	0.4087	0.415689	0.408096	0.418822	0.428966	0.427026	0.445347	0.432003	0.418531	0.432728	0.403308	0.399779	0.397657	0.404125	0.395593	0.405047	0.246977	0.228281	0.22848	0	0.229944	0.247808	0.481987	0.502544	0.484792	0.500104	0.487135	0.503568	0.374721	0.388271	0.373722	0.3846	0.372867	0.373312	0.283646	0.279793	0.275997	0.278621	0.27741	0.278317	0.445272	0.429226	0.447331	0.420598	0.423713	0.424753	0.30573	0.298728	0.291645	0.292231	0.306928	0.30621	0.293871	0.327982	0.322051	0.29323	0.316884	0.292833	0.292627	0.294065	0.288215	0.292741	0.328905	0.279771	0.314521	0.296908	0.317488	0.296905	0.297142	0.296719	0.358947	0.363939	0.312378	0.380163	0.315222	0.371533	0.358947	0.363939	0.312378	0.380163	0.315222	0.371533
ERR635346	0.398076	0.398484	0.398134	0.399018	0.395892	0.396087	0.279825	0.292799	0.278204	0.292489	0.288194	0.292811	0.415961	0.409462	0.408232	0.415788	0.409092	0.416548	0.426717	0.424808	0.441531	0.428642	0.415833	0.430326	0.402214	0.401028	0.398557	0.404041	0.395322	0.404639	0.241552	0.229867	0.229843	0.229944	0	0.242217	0.482524	0.502239	0.485269	0.499065	0.486749	0.503457	0.373011	0.383636	0.371678	0.380799	0.371096	0.371965	0.286289	0.278378	0.276642	0.279756	0.278545	0.27947	0.445737	0.431107	0.44776	0.422827	0.425862	0.426798	0.301864	0.295612	0.290172	0.292064	0.303055	0.302496	0.292904	0.324721	0.31876	0.294291	0.31384	0.294148	0.290614	0.292043	0.285736	0.290723	0.323212	0.279136	0.310401	0.29578	0.313292	0.295164	0.296148	0.295965	0.356094	0.360825	0.313603	0.375338	0.315052	0.368445	0.356094	0.360825	0.313603	0.375338	0.315052	0.368445
ERR635347	0.40416	0.404858	0.394514	0.406624	0.399051	0.398538	0.280252	0.280418	0.285528	0.280494	0.280667	0.280142	0.41854	0.419284	0.412066	0.41865	0.419572	0.409599	0.42151	0.419916	0.428085	0.419687	0.411232	0.423843	0.402398	0.41523	0.411472	0.407136	0.401982	0.407042	0.230999	0.246688	0.246601	0.247808	0.242217	0	0.487166	0.500355	0.488907	0.495367	0.486602	0.501922	0.37801	0.370472	0.374785	0.371144	0.374969	0.379083	0.3113	0.285857	0.292141	0.299159	0.297096	0.296391	0.439212	0.431753	0.44079	0.425833	0.42863	0.428064	0.292883	0.293229	0.295591	0.303191	0.292844	0.294055	0.296655	0.311589	0.305843	0.309173	0.303292	0.308993	0.282367	0.283439	0.277653	0.282315	0.29407	0.281608	0.296421	0.298486	0.295742	0.296916	0.298918	0.299324	0.342745	0.346104	0.325864	0.352709	0.319917	0.351808	0.342745	0.346104	0.325864	0.352709	0.319917	0.351808
ERR617515	0.39699	0.396312	0.40505	0.395545	0.397142	0.399727	0.505707	0.521582	0.50166	0.520986	0.51679	0.520961	0.351766	0.36824	0.360018	0.351668	0.370091	0.356075	0.323193	0.324061	0.343423	0.333189	0.332906	0.323803	0.360784	0.382166	0.385745	0.360841	0.375019	0.360903	0.48512	0.482073	0.481925	0.481987	0.482524	0.487166	0	0.285222	0.27234	0.291384	0.277706	0.2856	0.39831	0.407652	0.396331	0.402742	0.397385	0.398536	0.490107	0.498148	0.490327	0.489742	0.491214	0.487978	0.493199	0.488639	0.491951	0.48444	0.485068	0.485596	0.494083	0.492183	0.48294	0.483775	0.495511	0.495829	0.49162	0.476486	0.478211	0.488641	0.478212	0.488142	0.473425	0.4731	0.476406	0.473435	0.483379	0.477959	0.468436	0.471356	0.471445	0.472759	0.471414	0.470608	0.441476	0.442859	0.44986	0.461251	0.446598	0.444712	0.441476	0.442859	0.44986	0.461251	0.446598	0.444712
ERR617512	0.422642	0.422406	0.423366	0.422339	0.420712	0.422607	0.52168	0.534031	0.51959	0.533526	0.530405	0.533378	0.376404	0.399778	0.386484	0.376499	0.402181	0.369714	0.332037	0.334063	0.339748	0.337837	0.345363	0.330189	0.383005	0.41608	0.418747	0.385922	0.40373	0.385103	0.498851	0.502503	0.502105	0.502544	0.502239	0.500355	0.285222	0	0.283149	0.282382	0.280801	0.278924	0.423161	0.418644	0.4196	0.416813	0.421222	0.424444	0.513745	0.516559	0.511108	0.511563	0.512791	0.509237	0.490534	0.491424	0.488769	0.489246	0.489417	0.489441	0.50788	0.508109	0.501366	0.503878	0.509088	0.509752	0.507969	0.482411	0.48498	0.508675	0.486816	0.508232	0.487164	0.486478	0.490416	0.487117	0.487103	0.49584	0.479346	0.489283	0.481001	0.490409	0.489314	0.48879	0.443908	0.443571	0.469738	0.458156	0.462805	0.443647	0.443908	0.443571	0.469738	0.458156	0.462805	0.443647
ERR617514	0.400044	0.399566	0.407073	0.398743	0.399989	0.402382	0.507735	0.523028	0.503933	0.522426	0.518412	0.522484	0.354924	0.372555	0.36363	0.354756	0.374549	0.35735	0.323738	0.324765	0.341836	0.333111	0.333722	0.323928	0.363984	0.387192	0.390725	0.364274	0.37919	0.364197	0.486961	0.484873	0.484542	0.484792	0.485269	0.488907	0.27234	0.283149	0	0.288871	0.276881	0.283772	0.401629	0.408853	0.399285	0.404171	0.400619	0.401959	0.493524	0.500747	0.493348	0.492904	0.494316	0.491045	0.492296	0.488461	0.491226	0.484802	0.485309	0.485769	0.495804	0.494114	0.485359	0.486431	0.497084	0.497388	0.493517	0.476779	0.478534	0.490998	0.478893	0.490597	0.475297	0.474888	0.47827	0.475168	0.483589	0.480366	0.469782	0.473571	0.472448	0.475153	0.473708	0.473074	0.441671	0.442625	0.452531	0.460346	0.448837	0.444306	0.441671	0.442625	0.452531	0.460346	0.448837	0.444306
ERR617511	0.419065	0.418784	0.418956	0.418999	0.418013	0.418343	0.517119	0.526177	0.515496	0.525674	0.523212	0.525737	0.379333	0.401319	0.387581	0.379531	0.404206	0.36713	0.330555	0.332687	0.331881	0.33224	0.341547	0.328377	0.385275	0.418934	0.419758	0.389824	0.40507	0.389015	0.494494	0.499807	0.499538	0.500104	0.499065	0.495367	0.291384	0.282382	0.288871	0	0.282567	0.282939	0.421113	0.413873	0.418479	0.412948	0.420068	0.422174	0.513065	0.510591	0.508227	0.51003	0.509989	0.507961	0.492934	0.494997	0.491545	0.493367	0.493761	0.493129	0.499903	0.500891	0.49709	0.500023	0.500907	0.501666	0.504145	0.480612	0.482435	0.507953	0.48453	0.507294	0.486485	0.485754	0.488955	0.486505	0.48179	0.494889	0.475082	0.486127	0.475744	0.487018	0.486409	0.485816	0.440566	0.440452	0.469101	0.44974	0.460782	0.44005	0.440566	0.440452	0.469101	0.44974	0.460782	0.44005
ERR617516	0.402104	0.401857	0.405908	0.401352	0.402108	0.403038	0.507138	0.519391	0.504332	0.518785	0.51547	0.518871	0.360805	0.37986	0.368728	0.360875	0.382554	0.355592	0.321547	0.322728	0.332189	0.3266	0.33089	0.32089	0.368119	0.396394	0.397995	0.370977	0.385044	0.370237	0.485618	0.486928	0.486709	0.487135	0.486749	0.486602	0.277706	0.280801	0.276881	0.282567	0	0.28147	0.404035	0.404444	0.401944	0.401635	0.403414	0.404644	0.498307	0.499899	0.495208	0.49628	0.496678	0.494515	0.492248	0.491017	0.491097	0.488075	0.488573	0.488402	0.492103	0.491677	0.485465	0.487466	0.493267	0.4938	0.493416	0.47491	0.476458	0.494425	0.477651	0.493896	0.476311	0.475868	0.478769	0.476383	0.478868	0.482772	0.467553	0.474525	0.46901	0.475732	0.474746	0.474031	0.438132	0.438859	0.456054	0.451944	0.44988	0.439647	0.438132	0.438859	0.456054	0.451944	0.44988	0.439647
ERR617513	0.424697	0.424547	0.425955	0.424335	0.422736	0.424615	0.523404	0.535659	0.520715	0.535071	0.532245	0.535176	0.377583	0.400534	0.387845	0.377627	0.403016	0.371397	0.334498	0.33614	0.342452	0.34039	0.347471	0.332513	0.384307	0.416641	0.419476	0.386967	0.40515	0.386303	0.500494	0.503581	0.503253	0.503568	0.503457	0.501922	0.2856	0.278924	0.283772	0.282939	0.28147	0	0.424228	0.421017	0.420839	0.41859	0.422479	0.425458	0.513915	0.51692	0.511444	0.511744	0.513097	0.509463	0.489283	0.489827	0.48778	0.48822	0.488146	0.487916	0.50936	0.509716	0.502735	0.504916	0.510567	0.511196	0.508527	0.483319	0.486224	0.509502	0.48786	0.508866	0.487816	0.487089	0.49124	0.487964	0.488132	0.496428	0.481087	0.490407	0.482658	0.491618	0.490457	0.489836	0.444526	0.444776	0.47046	0.46027	0.46383	0.444718	0.444526	0.444776	0.47046	0.46027	0.46383	0.444718
ERR636636	0.293079	0.293019	0.295933	0.293611	0.290755	0.291659	0.381784	0.389423	0.382416	0.389141	0.387548	0.388826	0.308993	0.30147	0.300816	0.308932	0.302255	0.314648	0.340272	0.338284	0.363894	0.345908	0.32972	0.345388	0.318147	0.317672	0.314285	0.320002	0.309841	0.320181	0.377486	0.373768	0.37398	0.374721	0.373011	0.37801	0.39831	0.423161	0.401629	0.421113	0.404035	0.424228	0	0.263925	0.238993	0.254552	0.239229	0.23689	0.392302	0.388615	0.386654	0.388631	0.387426	0.388102	0.533284	0.521705	0.534476	0.514512	0.516899	0.517822	0.404253	0.399428	0.395571	0.397891	0.404754	0.405193	0.402059	0.42783	0.423056	0.402572	0.419666	0.402391	0.391526	0.392593	0.387897	0.391508	0.415414	0.382808	0.402309	0.391432	0.403745	0.391642	0.39182	0.391803	0.449186	0.453456	0.415632	0.462869	0.417474	0.458748	0.449186	0.453456	0.415632	0.462869	0.417474	0.458748
ERR636632	0.311939	0.312838	0.291403	0.315748	0.301781	0.302246	0.384852	0.382879	0.391713	0.383009	0.383915	0.38193	0.319727	0.33062	0.315312	0.320339	0.332292	0.30453	0.333862	0.332495	0.341328	0.332284	0.325286	0.335738	0.323416	0.351545	0.347552	0.331009	0.329851	0.329237	0.370138	0.387148	0.38701	0.388271	0.383636	0.370472	0.407652	0.418644	0.408853	0.413873	0.404444	0.421017	0.263925	0	0.255956	0.24046	0.257941	0.268056	0.416163	0.398969	0.402727	0.407433	0.406237	0.404353	0.527623	0.522387	0.528548	0.51746	0.519722	0.519305	0.400267	0.400572	0.402551	0.409949	0.399969	0.401688	0.407672	0.417461	0.413046	0.416587	0.411354	0.416577	0.38627	0.386546	0.382543	0.386112	0.391412	0.387207	0.391108	0.395803	0.389906	0.39511	0.396137	0.396753	0.438917	0.441962	0.427407	0.444338	0.423264	0.445788	0.438917	0.441962	0.427407	0.444338	0.423264	0.445788
ERR636631	0.294016	0.294523	0.292044	0.295146	0.288242	0.291054	0.380215	0.388561	0.381765	0.388373	0.386281	0.387958	0.304826	0.30195	0.298338	0.305328	0.302628	0.310289	0.336504	0.334536	0.359769	0.342363	0.326336	0.341262	0.314502	0.318784	0.316919	0.31616	0.309168	0.315895	0.373169	0.373029	0.373094	0.373722	0.371678	0.374785	0.396331	0.4196	0.399285	0.418479	0.401944	0.420839	0.238993	0.255956	0	0.248813	0.235263	0.239329	0.391678	0.389362	0.386074	0.38737	0.38749	0.385783	0.528568	0.516947	0.529721	0.510471	0.512645	0.513625	0.403781	0.398823	0.394498	0.397515	0.404202	0.404929	0.401704	0.423186	0.419112	0.401846	0.415761	0.40163	0.385983	0.387038	0.382763	0.386087	0.409587	0.378777	0.397603	0.389275	0.399836	0.389153	0.389592	0.389579	0.445105	0.449062	0.41405	0.460439	0.41587	0.454625	0.445105	0.449062	0.41405	0.460439	0.41587	0.454625
