	ERR605614	ERR605616	ERR605611	ERR605613	ERR605615	ERR605612	ERR613390	ERR613393	ERR613394	ERR613392	ERR613391	ERR613389	ERR613390	ERR613393	ERR613394	ERR613392	ERR613391	ERR613389	ERR617527	ERR617525	ERR617524	ERR617523	ERR617526	ERR617528	ERR636768	ERR636766	ERR636765	ERR636763	ERR636764	ERR636767	ERR608837	ERR608839	ERR608836	ERR608838	ERR608840	ERR608835	ERR609045	ERR609050	ERR609049	ERR609047	ERR609048	ERR609046	ERR629948	ERR629951	ERR629949	ERR629950	ERR629946	ERR629947	ERR626547	ERR626548	ERR626549	ERR626551	ERR626546	ERR626550	ERR613664	ERR613662	ERR613659	ERR613661	ERR613663	ERR613660	ERR612105	ERR612101	ERR612103	ERR612104	ERR612102	ERR612106	ERR618412	ERR618414	ERR618416	ERR618415	ERR618413	ERR618411	ERR621977	ERR621974	ERR621978	ERR621975	ERR621976	ERR621973	ERR612533	ERR612531	ERR612532	ERR612534	ERR612530	ERR612529	ERR612610	ERR612607	ERR612608	ERR612612	ERR612611	ERR612609	ERR618274	ERR618277	ERR618273	ERR618278	ERR618276	ERR618275
ERR605614	0	0.782456	0.775621	0.783713	0.781688	0.782381	0.878945	0.878381	0.893591	0.879717	0.871297	0.868147	0.878945	0.878381	0.893591	0.879717	0.871297	0.868147	0.940121	0.952825	0.952514	0.952027	0.941443	0.943988	0.932796	0.933862	0.930926	0.9387	0.932139	0.933408	0.861653	0.888479	0.862382	0.888305	0.887281	0.865146	0.965193	0.914146	0.91362	0.90597	0.910724	0.916638	1.09983	1.10927	1.10824	1.10949	1.09897	1.10834	1.07504	1.07906	1.07922	1.07949	1.08362	1.07855	1.04168	1.02873	1.02586	1.02741	1.02932	1.02562	1.02621	1.02603	1.02981	1.03831	1.02926	1.04738	1.11403	1.10776	1.10488	1.10584	1.10766	1.10189	1.15163	1.15132	1.15856	1.15051	1.15899	1.14862	1.07473	1.06685	1.07448	1.07505	1.07926	1.06356	1.07554	1.06423	1.08015	1.07649	1.07502	1.06675	1.13866	1.13638	1.13685	1.13573	1.1341	1.13433
ERR605616	0.782456	0	0.771454	0.779837	0.772267	0.77703	0.876264	0.8791	0.890949	0.88026	0.867944	0.866375	0.876264	0.8791	0.890949	0.88026	0.867944	0.866375	0.94131	0.953501	0.953241	0.950666	0.942125	0.943026	0.930067	0.931189	0.927199	0.935219	0.929759	0.931026	0.859867	0.891447	0.862082	0.891243	0.890097	0.863435	0.959222	0.909647	0.909445	0.903675	0.907693	0.912492	1.09782	1.10508	1.10398	1.10522	1.09717	1.10533	1.07245	1.07546	1.07671	1.07701	1.08012	1.0756	1.0389	1.02704	1.02211	1.02327	1.02781	1.021	1.02307	1.02329	1.02712	1.03562	1.02599	1.04492	1.11022	1.10606	1.10305	1.10388	1.10467	1.0991	1.15488	1.15533	1.16144	1.15462	1.16255	1.15301	1.07411	1.06493	1.07385	1.07477	1.0783	1.06318	1.07479	1.06347	1.07917	1.07582	1.07415	1.06471	1.13594	1.13355	1.13324	1.13281	1.13183	1.13196
ERR605611	0.775621	0.771454	0	0.767986	0.770053	0.765414	0.866689	0.866856	0.884462	0.867949	0.857094	0.853925	0.866689	0.866856	0.884462	0.867949	0.857094	0.853925	0.925223	0.938854	0.938227	0.937637	0.926522	0.928867	0.917251	0.918789	0.915401	0.923777	0.916581	0.918271	0.847198	0.879682	0.847924	0.879225	0.877938	0.85139	0.953524	0.897773	0.897757	0.889347	0.894529	0.900899	1.08481	1.09473	1.0935	1.09469	1.08392	1.09362	1.06086	1.06474	1.0656	1.0655	1.06952	1.06463	1.03524	1.01998	1.01573	1.01798	1.02079	1.01563	1.01807	1.01788	1.02244	1.03146	1.02149	1.04234	1.09931	1.09334	1.09058	1.09128	1.09311	1.08679	1.14237	1.14208	1.1492	1.14132	1.15013	1.13942	1.06505	1.05628	1.065	1.06559	1.07046	1.05252	1.06639	1.05354	1.07171	1.06751	1.06579	1.05633	1.12551	1.12325	1.1234	1.12243	1.12087	1.12094
ERR605613	0.783713	0.779837	0.767986	0	0.778713	0.775054	0.874196	0.875256	0.889615	0.876361	0.866181	0.863487	0.874196	0.875256	0.889615	0.876361	0.866181	0.863487	0.937622	0.950412	0.949971	0.949059	0.939016	0.940713	0.928752	0.929597	0.92638	0.934615	0.927919	0.929195	0.857244	0.886783	0.857876	0.88617	0.885001	0.86062	0.960607	0.908902	0.908959	0.901256	0.905894	0.911497	1.09502	1.10398	1.1028	1.10391	1.09433	1.10338	1.07032	1.07402	1.07451	1.07481	1.07871	1.07394	1.03926	1.02589	1.02215	1.02341	1.02632	1.02134	1.02323	1.023	1.02706	1.03566	1.02624	1.04533	1.10895	1.10316	1.1007	1.10131	1.1027	1.09709	1.15044	1.15013	1.1569	1.14942	1.1579	1.14741	1.07192	1.0634	1.07187	1.07259	1.07651	1.06049	1.07291	1.06135	1.07754	1.07382	1.0724	1.0633	1.13448	1.13239	1.13217	1.13158	1.12979	1.13016
ERR605615	0.781688	0.772267	0.770053	0.778713	0	0.776429	0.875862	0.879122	0.890375	0.880379	0.867569	0.865955	0.875862	0.879122	0.890375	0.880379	0.867569	0.865955	0.940632	0.953334	0.952901	0.950171	0.941924	0.942646	0.929551	0.930522	0.926653	0.935036	0.929344	0.930267	0.859768	0.892148	0.862067	0.891957	0.890769	0.862932	0.957777	0.907994	0.908105	0.902596	0.906748	0.911414	1.09684	1.10357	1.10269	1.10373	1.09586	1.10421	1.07182	1.07484	1.07611	1.07627	1.07945	1.07502	1.03824	1.02634	1.02118	1.02202	1.0268	1.01964	1.02254	1.02264	1.02647	1.03486	1.02501	1.04473	1.10883	1.10503	1.10228	1.10301	1.10345	1.09803	1.15462	1.15495	1.16102	1.1541	1.16212	1.15242	1.07331	1.06391	1.07335	1.07393	1.07756	1.06232	1.0738	1.0626	1.07845	1.07528	1.07346	1.06377	1.13494	1.13273	1.13198	1.13165	1.13069	1.13095
ERR605612	0.782381	0.77703	0.765414	0.775054	0.776429	0	0.873513	0.874624	0.889514	0.875426	0.864608	0.86216	0.873513	0.874624	0.889514	0.875426	0.864608	0.86216	0.935055	0.948071	0.947861	0.946391	0.936426	0.938244	0.926053	0.927191	0.924016	0.932311	0.925386	0.926803	0.855695	0.886185	0.856701	0.885763	0.884768	0.859343	0.958844	0.906381	0.906161	0.899134	0.903933	0.909572	1.09342	1.10241	1.10107	1.10222	1.09245	1.10174	1.06823	1.07209	1.07284	1.07283	1.07687	1.07184	1.0382	1.02456	1.0204	1.02235	1.02547	1.01959	1.02138	1.02121	1.02563	1.03445	1.02453	1.0439	1.10705	1.10168	1.09874	1.09969	1.10094	1.09502	1.14917	1.14918	1.15605	1.14838	1.15688	1.1464	1.07083	1.06197	1.07056	1.07149	1.07551	1.05897	1.07192	1.06019	1.07669	1.07289	1.07129	1.06215	1.13241	1.13023	1.13029	1.12948	1.12827	1.12812
ERR613390	0.878945	0.876264	0.866689	0.874196	0.875862	0.873513	0	0.751446	0.774824	0.752085	0.740646	0.737105	0	0.751446	0.774824	0.752085	0.740646	0.737105	0.919478	0.933358	0.932802	0.932762	0.921061	0.923685	0.917763	0.919689	0.915853	0.924576	0.91701	0.918633	0.844132	0.873798	0.845134	0.873682	0.872772	0.848006	0.986263	0.928085	0.928421	0.918957	0.924495	0.931267	1.06882	1.07931	1.07775	1.07931	1.06768	1.07813	1.05047	1.05508	1.05481	1.05517	1.05948	1.05396	1.03483	1.01901	1.01525	1.01796	1.01992	1.01517	1.02175	1.0224	1.0262	1.03534	1.02594	1.04602	1.0807	1.07375	1.07058	1.07145	1.07367	1.0673	1.12339	1.12303	1.13	1.12199	1.13127	1.12023	1.05221	1.04294	1.05218	1.05323	1.05823	1.03884	1.0558	1.0426	1.06156	1.05625	1.05496	1.04531	1.11101	1.10898	1.10905	1.1084	1.10605	1.1065
ERR613393	0.878381	0.8791	0.866856	0.875256	0.879122	0.874624	0.751446	0	0.77069	0.741435	0.739263	0.734735	0.751446	0	0.77069	0.741435	0.739263	0.734735	0.912368	0.926256	0.92613	0.92775	0.913811	0.918101	0.914892	0.91703	0.914005	0.922677	0.913927	0.916146	0.840794	0.868049	0.840303	0.868083	0.86709	0.845294	0.988177	0.926153	0.926518	0.915219	0.921597	0.929386	1.06472	1.07705	1.0759	1.07721	1.06389	1.07491	1.04729	1.05252	1.05148	1.05214	1.05697	1.05094	1.03533	1.01758	1.01513	1.01895	1.01869	1.01589	1.02177	1.02187	1.02614	1.03542	1.02657	1.04671	1.07845	1.06909	1.06604	1.06706	1.07077	1.06414	1.11477	1.11362	1.12175	1.11272	1.12316	1.11097	1.04874	1.04012	1.04837	1.04954	1.05543	1.03433	1.05265	1.03883	1.05929	1.05325	1.05199	1.04297	1.10815	1.10634	1.1071	1.10577	1.10277	1.1032
ERR613394	0.893591	0.890949	0.884462	0.889615	0.890375	0.889514	0.774824	0.77069	0	0.771158	0.765764	0.764428	0.774824	0.77069	0	0.771158	0.765764	0.764428	0.940647	0.952954	0.95227	0.95167	0.941682	0.943671	0.938089	0.939648	0.936354	0.943628	0.937712	0.938866	0.864043	0.887515	0.865262	0.887999	0.887104	0.866704	0.999989	0.948475	0.948455	0.940781	0.945234	0.950908	1.0892	1.09801	1.09711	1.09827	1.08831	1.09761	1.07121	1.07525	1.07543	1.07578	1.07956	1.07454	1.04511	1.03239	1.0294	1.03137	1.03306	1.02895	1.03408	1.03492	1.03764	1.04546	1.03766	1.05428	1.09955	1.09313	1.09015	1.09118	1.09323	1.08736	1.1379	1.13772	1.14411	1.13698	1.14533	1.1353	1.0657	1.05756	1.06588	1.0669	1.07098	1.05452	1.06823	1.05748	1.07332	1.06889	1.06769	1.05933	1.12781	1.12601	1.12612	1.12537	1.12321	1.1242
ERR613392	0.879717	0.88026	0.867949	0.876361	0.880379	0.875426	0.752085	0.741435	0.771158	0	0.739751	0.735271	0.752085	0.741435	0.771158	0	0.739751	0.735271	0.912743	0.926806	0.92648	0.928459	0.914305	0.918906	0.915397	0.917753	0.914552	0.923397	0.91451	0.916798	0.840922	0.867626	0.840487	0.867634	0.866557	0.845481	0.988773	0.927093	0.927267	0.916047	0.921819	0.930101	1.06523	1.07815	1.07654	1.07813	1.06436	1.07556	1.04816	1.05337	1.05232	1.05273	1.05762	1.05165	1.03587	1.01812	1.0155	1.01952	1.01876	1.01656	1.02223	1.02243	1.02658	1.03563	1.02684	1.04693	1.07916	1.06971	1.06671	1.06761	1.07135	1.06444	1.11466	1.11335	1.12159	1.11263	1.12307	1.11067	1.04908	1.04059	1.04919	1.04996	1.05566	1.03469	1.05288	1.03927	1.0596	1.05334	1.05228	1.04335	1.10833	1.10675	1.10758	1.10638	1.10338	1.10382
ERR613391	0.871297	0.867944	0.857094	0.866181	0.867569	0.864608	0.740646	0.739263	0.765764	0.739751	0	0.723111	0.740646	0.739263	0.765764	0.739751	0	0.723111	0.907857	0.922494	0.92203	0.922059	0.909382	0.912519	0.906661	0.908657	0.904597	0.914116	0.906163	0.908113	0.832846	0.866071	0.833667	0.866229	0.86488	0.837309	0.977413	0.916235	0.916158	0.906905	0.912723	0.919221	1.05634	1.06692	1.06568	1.06699	1.05513	1.06591	1.03809	1.04274	1.04277	1.04332	1.04754	1.04201	1.02846	1.01103	1.00668	1.0101	1.01192	1.00646	1.01469	1.01504	1.01938	1.02937	1.01919	1.04121	1.06863	1.0612	1.05785	1.05919	1.06139	1.05463	1.11428	1.11386	1.12136	1.1129	1.12292	1.11141	1.04355	1.03323	1.04366	1.0446	1.04995	1.02913	1.0478	1.03342	1.05423	1.04862	1.04702	1.03646	1.10004	1.09787	1.09812	1.09744	1.09489	1.0954
ERR613389	0.868147	0.866375	0.853925	0.863487	0.865955	0.86216	0.737105	0.734735	0.764428	0.735271	0.723111	0	0.737105	0.734735	0.764428	0.735271	0.723111	0	0.901316	0.916257	0.915989	0.916721	0.902749	0.906476	0.902488	0.904861	0.900609	0.910284	0.901506	0.90368	0.827708	0.860733	0.828006	0.860925	0.859349	0.832791	0.975695	0.912243	0.91257	0.901438	0.907987	0.915557	1.04981	1.06169	1.06024	1.06186	1.0488	1.05994	1.0323	1.03766	1.03707	1.03751	1.04247	1.03624	1.02597	1.0069	1.00304	1.00692	1.00789	1.00337	1.01111	1.01151	1.01606	1.02627	1.01635	1.03866	1.06327	1.05485	1.0517	1.05275	1.05574	1.04843	1.10753	1.10669	1.11484	1.10579	1.11614	1.10404	1.03838	1.02819	1.0383	1.03917	1.04512	1.0228	1.04242	1.0275	1.04965	1.04348	1.0418	1.03133	1.09451	1.09256	1.09322	1.09199	1.08905	1.08997
ERR613390	0.878945	0.876264	0.866689	0.874196	0.875862	0.873513	0	0.751446	0.774824	0.752085	0.740646	0.737105	0	0.751446	0.774824	0.752085	0.740646	0.737105	0.919478	0.933358	0.932802	0.932762	0.921061	0.923685	0.917763	0.919689	0.915853	0.924576	0.91701	0.918633	0.844132	0.873798	0.845134	0.873682	0.872772	0.848006	0.986263	0.928085	0.928421	0.918957	0.924495	0.931267	1.06882	1.07931	1.07775	1.07931	1.06768	1.07813	1.05047	1.05508	1.05481	1.05517	1.05948	1.05396	1.03483	1.01901	1.01525	1.01796	1.01992	1.01517	1.02175	1.0224	1.0262	1.03534	1.02594	1.04602	1.0807	1.07375	1.07058	1.07145	1.07367	1.0673	1.12339	1.12303	1.13	1.12199	1.13127	1.12023	1.05221	1.04294	1.05218	1.05323	1.05823	1.03884	1.0558	1.0426	1.06156	1.05625	1.05496	1.04531	1.11101	1.10898	1.10905	1.1084	1.10605	1.1065
ERR613393	0.878381	0.8791	0.866856	0.875256	0.879122	0.874624	0.751446	0	0.77069	0.741435	0.739263	0.734735	0.751446	0	0.77069	0.741435	0.739263	0.734735	0.912368	0.926256	0.92613	0.92775	0.913811	0.918101	0.914892	0.91703	0.914005	0.922677	0.913927	0.916146	0.840794	0.868049	0.840303	0.868083	0.86709	0.845294	0.988177	0.926153	0.926518	0.915219	0.921597	0.929386	1.06472	1.07705	1.0759	1.07721	1.06389	1.07491	1.04729	1.05252	1.05148	1.05214	1.05697	1.05094	1.03533	1.01758	1.01513	1.01895	1.01869	1.01589	1.02177	1.02187	1.02614	1.03542	1.02657	1.04671	1.07845	1.06909	1.06604	1.06706	1.07077	1.06414	1.11477	1.11362	1.12175	1.11272	1.12316	1.11097	1.04874	1.04012	1.04837	1.04954	1.05543	1.03433	1.05265	1.03883	1.05929	1.05325	1.05199	1.04297	1.10815	1.10634	1.1071	1.10577	1.10277	1.1032
ERR613394	0.893591	0.890949	0.884462	0.889615	0.890375	0.889514	0.774824	0.77069	0	0.771158	0.765764	0.764428	0.774824	0.77069	0	0.771158	0.765764	0.764428	0.940647	0.952954	0.95227	0.95167	0.941682	0.943671	0.938089	0.939648	0.936354	0.943628	0.937712	0.938866	0.864043	0.887515	0.865262	0.887999	0.887104	0.866704	0.999989	0.948475	0.948455	0.940781	0.945234	0.950908	1.0892	1.09801	1.09711	1.09827	1.08831	1.09761	1.07121	1.07525	1.07543	1.07578	1.07956	1.07454	1.04511	1.03239	1.0294	1.03137	1.03306	1.02895	1.03408	1.03492	1.03764	1.04546	1.03766	1.05428	1.09955	1.09313	1.09015	1.09118	1.09323	1.08736	1.1379	1.13772	1.14411	1.13698	1.14533	1.1353	1.0657	1.05756	1.06588	1.0669	1.07098	1.05452	1.06823	1.05748	1.07332	1.06889	1.06769	1.05933	1.12781	1.12601	1.12612	1.12537	1.12321	1.1242
ERR613392	0.879717	0.88026	0.867949	0.876361	0.880379	0.875426	0.752085	0.741435	0.771158	0	0.739751	0.735271	0.752085	0.741435	0.771158	0	0.739751	0.735271	0.912743	0.926806	0.92648	0.928459	0.914305	0.918906	0.915397	0.917753	0.914552	0.923397	0.91451	0.916798	0.840922	0.867626	0.840487	0.867634	0.866557	0.845481	0.988773	0.927093	0.927267	0.916047	0.921819	0.930101	1.06523	1.07815	1.07654	1.07813	1.06436	1.07556	1.04816	1.05337	1.05232	1.05273	1.05762	1.05165	1.03587	1.01812	1.0155	1.01952	1.01876	1.01656	1.02223	1.02243	1.02658	1.03563	1.02684	1.04693	1.07916	1.06971	1.06671	1.06761	1.07135	1.06444	1.11466	1.11335	1.12159	1.11263	1.12307	1.11067	1.04908	1.04059	1.04919	1.04996	1.05566	1.03469	1.05288	1.03927	1.0596	1.05334	1.05228	1.04335	1.10833	1.10675	1.10758	1.10638	1.10338	1.10382
ERR613391	0.871297	0.867944	0.857094	0.866181	0.867569	0.864608	0.740646	0.739263	0.765764	0.739751	0	0.723111	0.740646	0.739263	0.765764	0.739751	0	0.723111	0.907857	0.922494	0.92203	0.922059	0.909382	0.912519	0.906661	0.908657	0.904597	0.914116	0.906163	0.908113	0.832846	0.866071	0.833667	0.866229	0.86488	0.837309	0.977413	0.916235	0.916158	0.906905	0.912723	0.919221	1.05634	1.06692	1.06568	1.06699	1.05513	1.06591	1.03809	1.04274	1.04277	1.04332	1.04754	1.04201	1.02846	1.01103	1.00668	1.0101	1.01192	1.00646	1.01469	1.01504	1.01938	1.02937	1.01919	1.04121	1.06863	1.0612	1.05785	1.05919	1.06139	1.05463	1.11428	1.11386	1.12136	1.1129	1.12292	1.11141	1.04355	1.03323	1.04366	1.0446	1.04995	1.02913	1.0478	1.03342	1.05423	1.04862	1.04702	1.03646	1.10004	1.09787	1.09812	1.09744	1.09489	1.0954
ERR613389	0.868147	0.866375	0.853925	0.863487	0.865955	0.86216	0.737105	0.734735	0.764428	0.735271	0.723111	0	0.737105	0.734735	0.764428	0.735271	0.723111	0	0.901316	0.916257	0.915989	0.916721	0.902749	0.906476	0.902488	0.904861	0.900609	0.910284	0.901506	0.90368	0.827708	0.860733	0.828006	0.860925	0.859349	0.832791	0.975695	0.912243	0.91257	0.901438	0.907987	0.915557	1.04981	1.06169	1.06024	1.06186	1.0488	1.05994	1.0323	1.03766	1.03707	1.03751	1.04247	1.03624	1.02597	1.0069	1.00304	1.00692	1.00789	1.00337	1.01111	1.01151	1.01606	1.02627	1.01635	1.03866	1.06327	1.05485	1.0517	1.05275	1.05574	1.04843	1.10753	1.10669	1.11484	1.10579	1.11614	1.10404	1.03838	1.02819	1.0383	1.03917	1.04512	1.0228	1.04242	1.0275	1.04965	1.04348	1.0418	1.03133	1.09451	1.09256	1.09322	1.09199	1.08905	1.08997
ERR617527	0.940121	0.94131	0.925223	0.937622	0.940632	0.935055	0.919478	0.912368	0.940647	0.912743	0.907857	0.901316	0.919478	0.912368	0.940647	0.912743	0.907857	0.901316	0	0.746449	0.745692	0.75113	0.726075	0.734941	0.86972	0.872568	0.869057	0.879966	0.868276	0.871804	0.881499	0.916997	0.880918	0.917057	0.915287	0.888389	0.967583	0.904063	0.904517	0.891117	0.897928	0.906714	1.04625	1.05959	1.05813	1.05958	1.04551	1.05736	1.05016	1.05607	1.05387	1.05421	1.06023	1.05368	1.08373	1.06232	1.05882	1.06335	1.06289	1.06002	1.06613	1.06625	1.0712	1.08135	1.07198	1.09405	1.06843	1.05846	1.05544	1.05633	1.05984	1.05347	1.10266	1.10019	1.1096	1.09966	1.11091	1.09793	1.06778	1.05813	1.0676	1.06829	1.0748	1.05046	1.07405	1.05785	1.08239	1.07561	1.07426	1.06414	1.09765	1.09524	1.09673	1.09435	1.09125	1.09206
ERR617525	0.952825	0.953501	0.938854	0.950412	0.953334	0.948071	0.933358	0.926256	0.952954	0.926806	0.922494	0.916257	0.933358	0.926256	0.952954	0.926806	0.922494	0.916257	0.746449	0	0.759549	0.764332	0.747966	0.755055	0.883426	0.885719	0.882593	0.892288	0.881689	0.885193	0.898542	0.932213	0.898397	0.932292	0.930592	0.905343	0.976953	0.916965	0.917373	0.905107	0.911313	0.919766	1.05805	1.07045	1.06913	1.07073	1.05716	1.06818	1.06137	1.0668	1.06475	1.06544	1.07064	1.06473	1.09418	1.07359	1.06997	1.0746	1.07441	1.07115	1.07762	1.07729	1.0823	1.09211	1.08289	1.10461	1.07886	1.06989	1.06672	1.06752	1.07093	1.06467	1.11248	1.11041	1.11924	1.10989	1.1201	1.10838	1.07914	1.06981	1.07879	1.07961	1.08591	1.06284	1.08507	1.06927	1.09279	1.08666	1.08496	1.07554	1.10687	1.10461	1.10593	1.10401	1.10127	1.10169
ERR617524	0.952514	0.953241	0.938227	0.949971	0.952901	0.947861	0.932802	0.92613	0.95227	0.92648	0.92203	0.915989	0.932802	0.92613	0.95227	0.92648	0.92203	0.915989	0.745692	0.759549	0	0.764485	0.7473	0.754645	0.882934	0.885609	0.881915	0.891998	0.881473	0.884945	0.897698	0.931452	0.897411	0.931785	0.929887	0.904389	0.976833	0.917148	0.917418	0.905195	0.911404	0.919517	1.05844	1.07083	1.06952	1.07095	1.05763	1.06856	1.06137	1.06713	1.06475	1.06554	1.07081	1.06457	1.094	1.07343	1.06958	1.07437	1.07429	1.071	1.07725	1.07717	1.08196	1.0918	1.08275	1.10413	1.07915	1.06961	1.06696	1.0676	1.07115	1.06478	1.11249	1.11006	1.11888	1.10985	1.12011	1.10832	1.07874	1.06949	1.07862	1.07928	1.08567	1.0623	1.08458	1.06914	1.09245	1.08612	1.08466	1.0751	1.1071	1.10485	1.1059	1.10403	1.10103	1.10205
ERR617523	0.952027	0.950666	0.937637	0.949059	0.950171	0.946391	0.932762	0.92775	0.95167	0.928459	0.922059	0.916721	0.932762	0.92775	0.95167	0.928459	0.922059	0.916721	0.75113	0.764332	0.764485	0	0.753293	0.758484	0.883625	0.885095	0.881846	0.891728	0.882246	0.884985	0.899588	0.934645	0.90028	0.934977	0.933436	0.906082	0.973827	0.91662	0.916469	0.905809	0.911552	0.918798	1.05982	1.07072	1.06938	1.07092	1.05917	1.06962	1.06312	1.06774	1.06652	1.06697	1.07207	1.0665	1.09348	1.07399	1.0695	1.07352	1.07489	1.07033	1.07704	1.07708	1.08206	1.09158	1.0823	1.10376	1.07939	1.07164	1.06883	1.06954	1.07206	1.06584	1.11882	1.11741	1.12517	1.11684	1.12664	1.11561	1.08019	1.07047	1.07996	1.08094	1.08671	1.06459	1.08595	1.07094	1.09334	1.08752	1.08577	1.07568	1.1082	1.10582	1.10623	1.10495	1.10261	1.10331
ERR617526	0.941443	0.942125	0.926522	0.939016	0.941924	0.936426	0.921061	0.913811	0.941682	0.914305	0.909382	0.902749	0.921061	0.913811	0.941682	0.914305	0.909382	0.902749	0.726075	0.747966	0.7473	0.753293	0	0.736479	0.871415	0.873727	0.870363	0.881215	0.869543	0.8732	0.883087	0.918516	0.882782	0.918835	0.916893	0.890218	0.96809	0.905038	0.905354	0.892107	0.899019	0.907703	1.04742	1.06056	1.05917	1.06091	1.04684	1.05846	1.05108	1.05702	1.05484	1.0554	1.06089	1.05472	1.0847	1.06321	1.05968	1.06446	1.06407	1.06134	1.06711	1.06709	1.07214	1.0823	1.07282	1.09512	1.06953	1.05975	1.05637	1.05736	1.06106	1.05436	1.10414	1.10185	1.11114	1.10125	1.11236	1.09969	1.06891	1.05941	1.06874	1.06963	1.07594	1.05189	1.07512	1.05889	1.08337	1.0767	1.07508	1.06509	1.09829	1.09618	1.09748	1.09512	1.09231	1.09306
ERR617528	0.943988	0.943026	0.928867	0.940713	0.942646	0.938244	0.923685	0.918101	0.943671	0.918906	0.912519	0.906476	0.923685	0.918101	0.943671	0.918906	0.912519	0.906476	0.734941	0.755055	0.754645	0.758484	0.736479	0	0.874479	0.877026	0.872982	0.883909	0.873341	0.876275	0.888779	0.924703	0.889214	0.925087	0.923454	0.895495	0.967871	0.907476	0.907987	0.896213	0.90256	0.909937	1.05278	1.06427	1.0632	1.06464	1.05215	1.06295	1.05595	1.06128	1.05959	1.06046	1.06546	1.0596	1.08713	1.06678	1.0625	1.06696	1.06764	1.06365	1.07053	1.07041	1.0754	1.08526	1.07565	1.09758	1.07326	1.06477	1.06163	1.06242	1.06529	1.05905	1.11194	1.11016	1.11838	1.10929	1.1199	1.10799	1.07315	1.06326	1.07283	1.07386	1.08003	1.05684	1.07924	1.06367	1.08686	1.08076	1.07902	1.06894	1.10232	1.10013	1.10093	1.09888	1.09659	1.09733
ERR636768	0.932796	0.930067	0.917251	0.928752	0.929551	0.926053	0.917763	0.914892	0.938089	0.915397	0.906661	0.902488	0.917763	0.914892	0.938089	0.915397	0.906661	0.902488	0.86972	0.883426	0.882934	0.883625	0.871415	0.874479	0	0.774839	0.774919	0.784332	0.775534	0.774184	0.890575	0.926903	0.891047	0.927433	0.925286	0.895771	0.943822	0.887372	0.88794	0.878648	0.883759	0.889999	1.07915	1.08952	1.08841	1.08974	1.07844	1.08829	1.05551	1.0596	1.05947	1.05968	1.06414	1.05896	1.10843	1.08669	1.08035	1.08546	1.0878	1.08011	1.08485	1.08424	1.09061	1.10239	1.09002	1.11656	1.09749	1.09083	1.08769	1.08848	1.09045	1.0846	1.15278	1.15084	1.15813	1.15017	1.15995	1.14918	1.11181	1.10051	1.11166	1.11258	1.11891	1.09476	1.1169	1.10112	1.12497	1.11908	1.1171	1.10576	1.12455	1.12259	1.12258	1.12141	1.11951	1.12018
ERR636766	0.933862	0.931189	0.918789	0.929597	0.930522	0.927191	0.919689	0.91703	0.939648	0.917753	0.908657	0.904861	0.919689	0.91703	0.939648	0.917753	0.908657	0.904861	0.872568	0.885719	0.885609	0.885095	0.873727	0.877026	0.774839	0	0.776776	0.786217	0.778304	0.776218	0.893043	0.929143	0.89364	0.929471	0.927674	0.897803	0.944391	0.888595	0.889724	0.880374	0.885561	0.891402	1.0817	1.0915	1.09016	1.09163	1.08081	1.09062	1.05712	1.06113	1.06168	1.06157	1.06579	1.06072	1.11009	1.0884	1.08211	1.08663	1.08962	1.08182	1.08639	1.08602	1.09216	1.10386	1.09139	1.1181	1.09955	1.09261	1.08971	1.09084	1.09261	1.08659	1.15488	1.15343	1.16026	1.15265	1.16212	1.15153	1.11336	1.10241	1.11312	1.11444	1.12044	1.09672	1.11868	1.10329	1.12692	1.12083	1.11888	1.10776	1.1264	1.12423	1.12452	1.12318	1.12146	1.12173
ERR636765	0.930926	0.927199	0.915401	0.92638	0.926653	0.924016	0.915853	0.914005	0.936354	0.914552	0.904597	0.900609	0.915853	0.914005	0.936354	0.914552	0.904597	0.900609	0.869057	0.882593	0.881915	0.881846	0.870363	0.872982	0.774919	0.776776	0	0.780108	0.771397	0.776018	0.887878	0.925899	0.888616	0.926175	0.924313	0.892822	0.940331	0.884377	0.885384	0.875903	0.881027	0.887121	1.07749	1.08684	1.0855	1.08699	1.07662	1.08631	1.05307	1.05707	1.05749	1.05777	1.06192	1.05714	1.10612	1.08469	1.07815	1.08237	1.08572	1.07737	1.08304	1.0829	1.08886	1.10071	1.08784	1.11488	1.0948	1.08897	1.08586	1.08651	1.08792	1.08237	1.15356	1.15207	1.15882	1.15107	1.16076	1.15037	1.11018	1.09836	1.10984	1.11097	1.11714	1.09295	1.11543	1.09947	1.12316	1.11743	1.11547	1.10351	1.12252	1.12009	1.12023	1.11928	1.11754	1.11823
ERR636763	0.9387	0.935219	0.923777	0.934615	0.935036	0.932311	0.924576	0.922677	0.943628	0.923397	0.914116	0.910284	0.924576	0.922677	0.943628	0.923397	0.914116	0.910284	0.879966	0.892288	0.891998	0.891728	0.881215	0.883909	0.784332	0.786217	0.780108	0	0.781601	0.785643	0.899066	0.934197	0.899306	0.934539	0.932802	0.903154	0.94699	0.893928	0.894747	0.885522	0.89012	0.896018	1.08722	1.09661	1.09552	1.09668	1.08652	1.09594	1.06102	1.06511	1.06552	1.06575	1.06956	1.06473	1.11301	1.09233	1.08611	1.09051	1.09334	1.08551	1.08947	1.08931	1.09525	1.10697	1.09458	1.12079	1.10436	1.09809	1.09539	1.0961	1.09765	1.09224	1.15975	1.15832	1.16516	1.15756	1.16701	1.1567	1.11873	1.10741	1.11872	1.11938	1.12553	1.10208	1.12356	1.10837	1.13128	1.12564	1.12365	1.11233	1.13102	1.12872	1.12899	1.12772	1.12591	1.12651
ERR636764	0.932139	0.929759	0.916581	0.927919	0.929344	0.925386	0.91701	0.913927	0.937712	0.91451	0.906163	0.901506	0.91701	0.913927	0.937712	0.91451	0.906163	0.901506	0.868276	0.881689	0.881473	0.882246	0.869543	0.873341	0.775534	0.778304	0.771397	0.781601	0	0.777285	0.888886	0.925309	0.888779	0.925219	0.923774	0.893559	0.943566	0.886352	0.887634	0.876916	0.88237	0.888754	1.07801	1.08839	1.08738	1.08882	1.07732	1.08746	1.05359	1.05811	1.05811	1.05848	1.06279	1.05742	1.10738	1.08538	1.07935	1.08424	1.08648	1.07931	1.08391	1.08348	1.08932	1.10142	1.0889	1.11574	1.09622	1.08933	1.08625	1.08694	1.08932	1.08329	1.15137	1.1496	1.15664	1.14867	1.15842	1.14762	1.11034	1.09937	1.11025	1.11121	1.11739	1.09328	1.11564	1.09969	1.12348	1.1176	1.11581	1.10456	1.12354	1.12149	1.12176	1.1204	1.1183	1.11893
ERR636767	0.933408	0.931026	0.918271	0.929195	0.930267	0.926803	0.918633	0.916146	0.938866	0.916798	0.908113	0.90368	0.918633	0.916146	0.938866	0.916798	0.908113	0.90368	0.871804	0.885193	0.884945	0.884985	0.8732	0.876275	0.774184	0.776218	0.776018	0.785643	0.777285	0	0.892186	0.928326	0.892378	0.928917	0.926847	0.897008	0.94474	0.888585	0.889405	0.879988	0.885108	0.891487	1.08143	1.0913	1.08987	1.09156	1.08059	1.09033	1.0563	1.06076	1.06069	1.061	1.0652	1.05998	1.10922	1.08758	1.08147	1.08611	1.08882	1.08143	1.08583	1.08536	1.09159	1.10353	1.09063	1.11752	1.09897	1.09249	1.08934	1.09014	1.09228	1.08651	1.15454	1.1529	1.15975	1.15202	1.16149	1.15097	1.11344	1.10208	1.11309	1.11433	1.12041	1.09661	1.11848	1.10271	1.12651	1.12068	1.11874	1.10746	1.12622	1.12405	1.12401	1.12305	1.12112	1.12165
ERR608837	0.861653	0.859867	0.847198	0.857244	0.859768	0.855695	0.844132	0.840794	0.864043	0.840922	0.832846	0.827708	0.844132	0.840794	0.864043	0.840922	0.832846	0.827708	0.881499	0.898542	0.897698	0.899588	0.883087	0.888779	0.890575	0.893043	0.887878	0.899066	0.888886	0.892186	0	0.760789	0.716925	0.760972	0.758937	0.72283	0.943586	0.875144	0.875604	0.862853	0.869936	0.878077	1.0372	1.04984	1.04825	1.05016	1.03654	1.04834	1.02237	1.0274	1.02702	1.02732	1.03273	1.02632	1.02828	1.00973	1.00552	1.00892	1.01029	1.00522	1.00724	1.00737	1.01191	1.02282	1.01206	1.03511	1.05262	1.04392	1.04023	1.0415	1.04453	1.03752	1.09748	1.09614	1.10467	1.09534	1.10634	1.09328	1.03828	1.02811	1.03791	1.03888	1.04503	1.022	1.0428	1.02737	1.04995	1.04356	1.04207	1.03183	1.08393	1.08123	1.08206	1.08075	1.07757	1.07842
ERR608839	0.888479	0.891447	0.879682	0.886783	0.892148	0.886185	0.873798	0.868049	0.887515	0.867626	0.866071	0.860733	0.873798	0.868049	0.887515	0.867626	0.866071	0.860733	0.916997	0.932213	0.931452	0.934645	0.918516	0.924703	0.926903	0.929143	0.925899	0.934197	0.925309	0.928326	0.760789	0	0.759596	0.78241	0.781189	0.764672	0.975912	0.914116	0.914383	0.901183	0.907168	0.915606	1.07246	1.08601	1.0843	1.08605	1.07175	1.08318	1.05748	1.06305	1.06155	1.06161	1.06723	1.06109	1.04959	1.03437	1.03283	1.03604	1.03494	1.03371	1.03184	1.03178	1.03503	1.04362	1.03563	1.05334	1.08838	1.07808	1.07477	1.07582	1.08031	1.07351	1.11472	1.11254	1.12108	1.11197	1.12222	1.10984	1.06182	1.05478	1.06114	1.06173	1.06706	1.0483	1.06456	1.05173	1.07046	1.06489	1.06426	1.05694	1.11484	1.11269	1.11439	1.11241	1.10875	1.10967
ERR608836	0.862382	0.862082	0.847924	0.857876	0.862067	0.856701	0.845134	0.840303	0.865262	0.840487	0.833667	0.828006	0.845134	0.840303	0.865262	0.840487	0.833667	0.828006	0.880918	0.898397	0.897411	0.90028	0.882782	0.889214	0.891047	0.89364	0.888616	0.899306	0.888779	0.892378	0.716925	0.759596	0	0.760177	0.7579	0.723329	0.946028	0.876739	0.876785	0.863042	0.870649	0.878954	1.03834	1.05184	1.04992	1.05198	1.03753	1.04948	1.02256	1.02814	1.02728	1.02744	1.03337	1.02681	1.02949	1.01048	1.00655	1.01029	1.01097	1.00691	1.00815	1.00813	1.0127	1.02354	1.01278	1.03592	1.05469	1.04497	1.04116	1.04242	1.0459	1.0386	1.09582	1.09359	1.10283	1.09284	1.1043	1.09081	1.03893	1.02926	1.03861	1.03947	1.04567	1.02244	1.0435	1.02754	1.05047	1.04418	1.04285	1.03299	1.08485	1.08232	1.08385	1.08193	1.07884	1.07971
ERR608838	0.888305	0.891243	0.879225	0.88617	0.891957	0.885763	0.873682	0.868083	0.887999	0.867634	0.866229	0.860925	0.873682	0.868083	0.887999	0.867634	0.866229	0.860925	0.917057	0.932292	0.931785	0.934977	0.918835	0.925087	0.927433	0.929471	0.926175	0.934539	0.925219	0.928917	0.760972	0.78241	0.760177	0	0.781754	0.765378	0.975542	0.914186	0.914418	0.900995	0.907538	0.915792	1.0729	1.08638	1.08473	1.08635	1.07224	1.08342	1.05747	1.06289	1.06126	1.06171	1.0671	1.06107	1.04964	1.03474	1.03311	1.03584	1.03505	1.03378	1.03134	1.03145	1.03487	1.04329	1.03531	1.05303	1.08846	1.07833	1.07498	1.07617	1.0802	1.07352	1.11443	1.11249	1.12119	1.11214	1.12212	1.10975	1.06173	1.05479	1.06129	1.06182	1.06732	1.04824	1.06467	1.05229	1.07078	1.06515	1.0643	1.0571	1.11507	1.11289	1.11436	1.11273	1.10911	1.11004
ERR608840	0.887281	0.890097	0.877938	0.885001	0.890769	0.884768	0.872772	0.86709	0.887104	0.866557	0.86488	0.859349	0.872772	0.86709	0.887104	0.866557	0.86488	0.859349	0.915287	0.930592	0.929887	0.933436	0.916893	0.923454	0.925286	0.927674	0.924313	0.932802	0.923774	0.926847	0.758937	0.781189	0.7579	0.781754	0	0.763555	0.974255	0.911684	0.911926	0.898582	0.904858	0.913413	1.07066	1.08411	1.08255	1.08422	1.06994	1.08138	1.05538	1.06086	1.05924	1.05963	1.06522	1.05895	1.04841	1.03282	1.03143	1.0344	1.03325	1.03197	1.02985	1.02994	1.03307	1.04205	1.03372	1.05179	1.08629	1.07607	1.07283	1.07416	1.07827	1.07153	1.11358	1.11164	1.12028	1.11086	1.12098	1.10861	1.06035	1.05353	1.06005	1.06046	1.06614	1.04697	1.06343	1.05071	1.06956	1.06374	1.06299	1.05596	1.11319	1.11082	1.11257	1.1104	1.10729	1.10799
ERR608835	0.865146	0.863435	0.85139	0.86062	0.862932	0.859343	0.848006	0.845294	0.866704	0.845481	0.837309	0.832791	0.848006	0.845294	0.866704	0.845481	0.837309	0.832791	0.888389	0.905343	0.904389	0.906082	0.890218	0.895495	0.895771	0.897803	0.892822	0.903154	0.893559	0.897008	0.72283	0.764672	0.723329	0.765378	0.763555	0	0.946697	0.880659	0.880964	0.868462	0.87512	0.883049	1.04475	1.05682	1.05511	1.05704	1.0441	1.05533	1.02856	1.03325	1.03286	1.03336	1.03852	1.03205	1.0315	1.01409	1.01005	1.01315	1.0147	1.0097	1.01076	1.01094	1.01544	1.02578	1.0152	1.03754	1.05952	1.05108	1.04772	1.04879	1.05157	1.04476	1.10319	1.10158	1.11018	1.10102	1.11164	1.09904	1.04345	1.03366	1.04329	1.04401	1.04982	1.02788	1.04773	1.03271	1.0544	1.04838	1.0468	1.03718	1.09034	1.08785	1.08852	1.0869	1.08415	1.08522
ERR609045	0.965193	0.959222	0.953524	0.960607	0.957777	0.958844	0.986263	0.988177	0.999989	0.988773	0.977413	0.975695	0.986263	0.988177	0.999989	0.988773	0.977413	0.975695	0.967583	0.976953	0.976833	0.973827	0.96809	0.967871	0.943822	0.944391	0.940331	0.94699	0.943566	0.94474	0.943586	0.975912	0.946028	0.975542	0.974255	0.946697	0	0.869452	0.870389	0.86395	0.869243	0.868632	1.10803	1.11253	1.1121	1.11278	1.10735	1.11411	1.09217	1.09483	1.09613	1.09691	1.09904	1.09562	1.12539	1.10991	1.10352	1.10593	1.11103	1.10174	1.10756	1.10778	1.11234	1.12131	1.11108	1.13256	1.11948	1.11653	1.11398	1.11504	1.11423	1.10946	1.18277	1.18299	1.18793	1.18243	1.18925	1.18124	1.12905	1.11809	1.12917	1.13031	1.13432	1.11602	1.13441	1.12161	1.13987	1.13587	1.13391	1.12318	1.14542	1.14289	1.1422	1.14185	1.14134	1.142
ERR609050	0.914146	0.909647	0.897773	0.908902	0.907994	0.906381	0.928085	0.926153	0.948475	0.927093	0.916235	0.912243	0.928085	0.926153	0.948475	0.927093	0.916235	0.912243	0.904063	0.916965	0.917148	0.91662	0.905038	0.907476	0.887372	0.888595	0.884377	0.893928	0.886352	0.888585	0.875144	0.914116	0.876739	0.914186	0.911684	0.880659	0.869452	0	0.799074	0.792116	0.795813	0.805618	1.05792	1.06712	1.06594	1.06732	1.05693	1.06689	1.03987	1.0442	1.0447	1.04555	1.04909	1.04421	1.08452	1.06416	1.05727	1.06182	1.06546	1.05661	1.06335	1.06273	1.06857	1.08023	1.06816	1.09397	1.07382	1.06789	1.06459	1.06571	1.06662	1.06033	1.13948	1.13851	1.14549	1.13768	1.14707	1.13638	1.08456	1.07236	1.08431	1.0856	1.09123	1.06797	1.0912	1.07523	1.09859	1.09285	1.09097	1.07868	1.1035	1.10089	1.10068	1.09998	1.0981	1.09873
ERR609049	0.91362	0.909445	0.897757	0.908959	0.908105	0.906161	0.928421	0.926518	0.948455	0.927267	0.916158	0.91257	0.928421	0.926518	0.948455	0.927267	0.916158	0.91257	0.904517	0.917373	0.917418	0.916469	0.905354	0.907987	0.88794	0.889724	0.885384	0.894747	0.887634	0.889405	0.875604	0.914383	0.876785	0.914418	0.911926	0.880964	0.870389	0.799074	0	0.793114	0.797096	0.806752	1.05931	1.0684	1.06729	1.0687	1.05871	1.06817	1.04102	1.0455	1.04567	1.04631	1.04989	1.04497	1.08413	1.06381	1.05711	1.06143	1.06519	1.05605	1.06267	1.06252	1.06816	1.07962	1.06745	1.09316	1.07478	1.06913	1.06614	1.06703	1.06803	1.06194	1.1405	1.13963	1.14687	1.13877	1.14838	1.13789	1.08491	1.07284	1.08461	1.08603	1.09151	1.06858	1.09174	1.07603	1.09898	1.09349	1.09133	1.07938	1.10466	1.10209	1.10191	1.10101	1.09974	1.10002
ERR609047	0.90597	0.903675	0.889347	0.901256	0.902596	0.899134	0.918957	0.915219	0.940781	0.916047	0.906905	0.901438	0.918957	0.915219	0.940781	0.916047	0.906905	0.901438	0.891117	0.905107	0.905195	0.905809	0.892107	0.896213	0.878648	0.880374	0.875903	0.885522	0.876916	0.879988	0.862853	0.901183	0.863042	0.900995	0.898582	0.868462	0.86395	0.792116	0.793114	0	0.787537	0.792688	1.04992	1.06071	1.05949	1.06104	1.04903	1.05985	1.03176	1.03669	1.03693	1.03722	1.04168	1.03613	1.07791	1.05651	1.05018	1.05503	1.05758	1.05019	1.0558	1.05551	1.06147	1.07352	1.06115	1.08761	1.06693	1.05997	1.05649	1.05768	1.05947	1.05276	1.13044	1.129	1.13708	1.12831	1.13843	1.12703	1.07685	1.06489	1.07645	1.07764	1.0837	1.05919	1.08363	1.06693	1.0913	1.08541	1.08364	1.07165	1.09695	1.09433	1.09476	1.0936	1.09146	1.09223
ERR609048	0.910724	0.907693	0.894529	0.905894	0.906748	0.903933	0.924495	0.921597	0.945234	0.921819	0.912723	0.907987	0.924495	0.921597	0.945234	0.921819	0.912723	0.907987	0.897928	0.911313	0.911404	0.911552	0.899019	0.90256	0.883759	0.885561	0.881027	0.89012	0.88237	0.885108	0.869936	0.907168	0.870649	0.907538	0.904858	0.87512	0.869243	0.795813	0.797096	0.787537	0	0.802737	1.05699	1.06676	1.06577	1.06725	1.05613	1.06643	1.03819	1.04302	1.04307	1.04382	1.04769	1.04243	1.08326	1.06243	1.05622	1.06068	1.0639	1.05603	1.06133	1.06141	1.06708	1.07828	1.06626	1.09237	1.0735	1.06676	1.06341	1.06446	1.06608	1.05998	1.13589	1.13488	1.14225	1.13409	1.14376	1.13272	1.08285	1.07146	1.08298	1.0839	1.08994	1.06611	1.08961	1.07361	1.09744	1.09155	1.08958	1.07771	1.10281	1.10044	1.10053	1.09915	1.09746	1.09797
ERR609046	0.916638	0.912492	0.900899	0.911497	0.911414	0.909572	0.931267	0.929386	0.950908	0.930101	0.919221	0.915557	0.931267	0.929386	0.950908	0.930101	0.919221	0.915557	0.906714	0.919766	0.919517	0.918798	0.907703	0.909937	0.889999	0.891402	0.887121	0.896018	0.888754	0.891487	0.878077	0.915606	0.878954	0.915792	0.913413	0.883049	0.868632	0.805618	0.806752	0.792688	0.802737	0	1.06181	1.07062	1.06975	1.07092	1.061	1.07065	1.04413	1.04824	1.04877	1.04946	1.05288	1.04825	1.08727	1.06716	1.06075	1.065	1.06834	1.06015	1.06617	1.06618	1.07163	1.0827	1.07074	1.09624	1.07726	1.07175	1.0688	1.06951	1.07037	1.06469	1.14245	1.1414	1.14865	1.14074	1.15011	1.1397	1.08791	1.07577	1.08759	1.08863	1.09438	1.07135	1.09426	1.07866	1.10175	1.09628	1.09441	1.0822	1.10653	1.10424	1.10391	1.1032	1.10175	1.10235
ERR629948	1.09983	1.09782	1.08481	1.09502	1.09684	1.09342	1.06882	1.06472	1.0892	1.06523	1.05634	1.04981	1.06882	1.06472	1.0892	1.06523	1.05634	1.04981	1.04625	1.05805	1.05844	1.05982	1.04742	1.05278	1.07915	1.0817	1.07749	1.08722	1.07801	1.08143	1.0372	1.07246	1.03834	1.0729	1.07066	1.04475	1.10803	1.05792	1.05931	1.04992	1.05699	1.06181	0	0.76108	0.758894	0.761883	0.733573	0.756518	0.918532	0.926318	0.922464	0.923395	0.931478	0.922276	0.98519	0.950749	0.942699	0.953297	0.951979	0.946603	0.972899	0.972726	0.981065	0.995799	0.982514	1.01587	0.88152	0.869107	0.863897	0.864982	0.870308	0.859816	0.977585	0.975659	0.986705	0.973819	0.991162	0.973056	0.908429	0.890649	0.908361	0.90982	0.920146	0.881915	0.922861	0.893398	0.936109	0.923676	0.921512	0.902533	0.911674	0.909174	0.9099	0.907583	0.903693	0.904578
ERR629951	1.10927	1.10508	1.09473	1.10398	1.10357	1.10241	1.07931	1.07705	1.09801	1.07815	1.06692	1.06169	1.07931	1.07705	1.09801	1.07815	1.06692	1.06169	1.05959	1.07045	1.07083	1.07072	1.06056	1.06427	1.08952	1.0915	1.08684	1.09661	1.08839	1.0913	1.04984	1.08601	1.05184	1.08638	1.08411	1.05682	1.11253	1.06712	1.0684	1.06071	1.06676	1.07062	0.76108	0	0.772022	0.774573	0.758883	0.77658	0.935017	0.940676	0.938126	0.939109	0.945868	0.937911	0.994995	0.964088	0.954872	0.963421	0.965108	0.956823	0.983352	0.984098	0.991646	1.00529	0.992377	1.02426	0.894199	0.885842	0.880883	0.882283	0.885168	0.875741	0.997492	0.997246	1.0058	0.995186	1.01011	0.994586	0.92265	0.904673	0.922807	0.924284	0.933277	0.899121	0.936639	0.909964	0.948602	0.93767	0.935263	0.915988	0.923723	0.920679	0.920055	0.918093	0.916904	0.917722
ERR629949	1.10824	1.10398	1.0935	1.1028	1.10269	1.10107	1.07775	1.0759	1.09711	1.07654	1.06568	1.06024	1.07775	1.0759	1.09711	1.07654	1.06568	1.06024	1.05813	1.06913	1.06952	1.06938	1.05917	1.0632	1.08841	1.09016	1.0855	1.09552	1.08738	1.08987	1.04825	1.0843	1.04992	1.08473	1.08255	1.05511	1.1121	1.06594	1.06729	1.05949	1.06577	1.06975	0.758894	0.772022	0	0.772775	0.756609	0.775046	0.932918	0.938761	0.936421	0.937277	0.943962	0.936042	0.993946	0.962761	0.953333	0.962384	0.963921	0.955929	0.982202	0.982723	0.990131	1.0041	0.991183	1.02321	0.89322	0.88448	0.879335	0.880771	0.883591	0.873817	0.995801	0.995038	1.00414	0.993523	1.00838	0.992368	0.92159	0.9035	0.921184	0.923325	0.932518	0.897498	0.934955	0.908444	0.947376	0.936212	0.933367	0.914707	0.923021	0.920546	0.919892	0.91812	0.916116	0.917039
ERR629950	1.10949	1.10522	1.09469	1.10391	1.10373	1.10222	1.07931	1.07721	1.09827	1.07813	1.06699	1.06186	1.07931	1.07721	1.09827	1.07813	1.06699	1.06186	1.05958	1.07073	1.07095	1.07092	1.06091	1.06464	1.08974	1.09163	1.08699	1.09668	1.08882	1.09156	1.05016	1.08605	1.05198	1.08635	1.08422	1.05704	1.11278	1.06732	1.0687	1.06104	1.06725	1.07092	0.761883	0.774573	0.772775	0	0.760064	0.777789	0.935784	0.941486	0.938857	0.940112	0.946566	0.938633	0.995644	0.965085	0.956142	0.964477	0.966244	0.958116	0.984435	0.98501	0.992578	1.00617	0.993373	1.02535	0.895336	0.887211	0.882238	0.883102	0.885582	0.876944	0.998163	0.997728	1.00659	0.996104	1.01072	0.995139	0.923036	0.905455	0.923193	0.924932	0.93411	0.900016	0.936939	0.910367	0.949065	0.938153	0.935529	0.916472	0.924901	0.922454	0.921348	0.920008	0.917875	0.919019
ERR629946	1.09897	1.09717	1.08392	1.09433	1.09586	1.09245	1.06768	1.06389	1.08831	1.06436	1.05513	1.0488	1.06768	1.06389	1.08831	1.06436	1.05513	1.0488	1.04551	1.05716	1.05763	1.05917	1.04684	1.05215	1.07844	1.08081	1.07662	1.08652	1.07732	1.08059	1.03654	1.07175	1.03753	1.07224	1.06994	1.0441	1.10735	1.05693	1.05871	1.04903	1.05613	1.061	0.733573	0.758883	0.756609	0.760064	0	0.753784	0.916715	0.924417	0.920877	0.922005	0.929611	0.920531	0.983596	0.949037	0.941129	0.951713	0.95053	0.945019	0.970929	0.970826	0.979323	0.994045	0.980201	1.01412	0.880085	0.867457	0.862105	0.863292	0.868471	0.857805	0.976389	0.974562	0.985816	0.972958	0.990073	0.971603	0.906664	0.889109	0.906677	0.908039	0.918506	0.879937	0.921142	0.891865	0.934505	0.921846	0.919794	0.900687	0.909983	0.907592	0.907957	0.905285	0.90161	0.902524
ERR629947	1.10834	1.10533	1.09362	1.10338	1.10421	1.10174	1.07813	1.07491	1.09761	1.07556	1.06591	1.05994	1.07813	1.07491	1.09761	1.07556	1.06591	1.05994	1.05736	1.06818	1.06856	1.06962	1.05846	1.06295	1.08829	1.09062	1.08631	1.09594	1.08746	1.09033	1.04834	1.08318	1.04948	1.08342	1.08138	1.05533	1.11411	1.06689	1.06817	1.05985	1.06643	1.07065	0.756518	0.77658	0.775046	0.777789	0.753784	0	0.931868	0.938638	0.935771	0.936807	0.943517	0.935281	0.994285	0.961519	0.953384	0.96301	0.962948	0.95653	0.983118	0.98295	0.99095	1.00465	0.99164	1.02437	0.893962	0.883705	0.878355	0.879087	0.883669	0.873808	0.991072	0.989619	0.999514	0.988011	1.00342	0.986717	0.92043	0.903263	0.921109	0.922456	0.931738	0.896151	0.93409	0.906811	0.946705	0.935275	0.932656	0.914409	0.922535	0.9199	0.920002	0.917742	0.915299	0.91569
