	ERR618694	ERR618693	ERR618695	ERR618696	ERR618698	ERR618697	ERR613693	ERR613692	ERR613694	ERR613691	ERR613689	ERR613690	ERR607756	ERR607753	ERR607755	ERR607758	ERR607757	ERR607754	ERR626533	ERR626529	ERR626531	ERR626532	ERR626530	ERR626528	ERR621996	ERR621991	ERR621992	ERR621994	ERR621995	ERR621993	ERR618509	ERR618511	ERR618507	ERR618510	ERR618508	ERR618512	ERR609030	ERR609032	ERR609031	ERR609027	ERR609028	ERR609029	ERR612555	ERR612554	ERR612553	ERR612557	ERR612558	ERR612556	ERR638212	ERR638208	ERR638211	ERR638209	ERR638210	ERR638207	ERR629832	ERR629835	ERR629833	ERR629830	ERR629834	ERR629831	ERR617256	ERR617257	ERR617255	ERR617253	ERR617254	ERR617258	ERR617488	ERR617489	ERR617492	ERR617490	ERR617487	ERR617491	ERR616833	ERR616831	ERR616832	ERR616829	ERR616830	ERR616834	ERR616833	ERR616831	ERR616832	ERR616829	ERR616830	ERR616834	ERR638212	ERR638208	ERR638211	ERR638209	ERR638210	ERR638207	ERR616222	ERR616226	ERR616223	ERR616225	ERR616227	ERR616224
ERR618694	0	0.27304	0.272164	0.274421	0.277165	0.27439	0.387399	0.386966	0.40482	0.397561	0.391463	0.39694	0.440478	0.427112	0.414103	0.444145	0.444239	0.413071	0.448485	0.448968	0.447485	0.448282	0.448023	0.456385	0.405945	0.408663	0.405341	0.40489	0.406422	0.405354	0.394973	0.392573	0.39622	0.391602	0.399691	0.39215	0.398145	0.399705	0.399121	0.420549	0.406774	0.409141	0.405197	0.41941	0.398509	0.416157	0.418362	0.418455	0.502765	0.496181	0.480342	0.494473	0.481166	0.49783	0.44307	0.437783	0.437514	0.44374	0.437859	0.437165	0.460526	0.46001	0.46552	0.465862	0.463041	0.465539	0.457075	0.458284	0.45787	0.468047	0.450348	0.469915	0.487379	0.47667	0.487427	0.479808	0.477417	0.485463	0.487379	0.47667	0.487427	0.479808	0.477417	0.485463	0.502765	0.496181	0.480342	0.494473	0.481166	0.49783	0.47051	0.4818	0.477746	0.482928	0.485892	0.474682
ERR618693	0.27304	0	0.272546	0.271628	0.271384	0.271205	0.38912	0.388193	0.413187	0.39822	0.388808	0.395608	0.440726	0.425075	0.409459	0.444758	0.44518	0.407135	0.445385	0.444902	0.44451	0.444887	0.449726	0.449298	0.402059	0.39893	0.398812	0.39801	0.402151	0.399191	0.395978	0.390004	0.39396	0.389964	0.403828	0.388994	0.401098	0.40385	0.402587	0.4272	0.404051	0.403397	0.403271	0.423143	0.393133	0.419944	0.422948	0.422407	0.504737	0.499165	0.477701	0.497641	0.478772	0.501471	0.437099	0.437967	0.437173	0.437245	0.438142	0.435663	0.454356	0.453906	0.464446	0.46677	0.4623	0.468352	0.450921	0.451733	0.450066	0.458011	0.44534	0.459755	0.486064	0.469573	0.486566	0.474994	0.472112	0.484182	0.486064	0.469573	0.486566	0.474994	0.472112	0.484182	0.504737	0.499165	0.477701	0.497641	0.478772	0.501471	0.463255	0.471155	0.468276	0.472038	0.474659	0.467825
ERR618695	0.272164	0.272546	0	0.273209	0.27477	0.273537	0.390718	0.390249	0.409371	0.401494	0.394724	0.400658	0.443358	0.42903	0.415486	0.447059	0.447458	0.414037	0.449449	0.450187	0.448138	0.449059	0.450467	0.456972	0.407622	0.409525	0.406856	0.405936	0.407988	0.406556	0.397043	0.394011	0.398497	0.392945	0.40312	0.393372	0.400166	0.401849	0.401087	0.423717	0.408207	0.409935	0.4083	0.423181	0.40009	0.419873	0.422077	0.42215	0.506935	0.499928	0.482972	0.498475	0.483872	0.501779	0.442346	0.438286	0.437997	0.442935	0.438418	0.436994	0.458737	0.458412	0.464332	0.465097	0.461825	0.465918	0.454915	0.456129	0.455989	0.46567	0.448677	0.467387	0.490515	0.47826	0.490885	0.482053	0.479352	0.488684	0.490515	0.47826	0.490885	0.482053	0.479352	0.488684	0.506935	0.499928	0.482972	0.498475	0.483872	0.501779	0.469926	0.48114	0.476904	0.481945	0.484902	0.473843
ERR618696	0.274421	0.271628	0.273209	0	0.268772	0.268424	0.39332	0.392451	0.416505	0.40451	0.395526	0.402751	0.444965	0.428965	0.413993	0.448997	0.449331	0.411443	0.447554	0.448009	0.446276	0.447039	0.452329	0.453154	0.406325	0.404733	0.404174	0.402714	0.40638	0.403918	0.399538	0.392874	0.398567	0.392488	0.407303	0.391878	0.40213	0.404702	0.403555	0.429986	0.407542	0.406858	0.408816	0.426989	0.398344	0.423294	0.426138	0.425793	0.510926	0.503803	0.483262	0.502233	0.484455	0.505989	0.438866	0.439204	0.438507	0.43903	0.439404	0.436341	0.454657	0.454393	0.463088	0.466051	0.460927	0.468305	0.450105	0.450964	0.450524	0.458763	0.445347	0.460405	0.492207	0.475793	0.492805	0.481604	0.477914	0.490224	0.492207	0.475793	0.492805	0.481604	0.477914	0.490224	0.510926	0.503803	0.483262	0.502233	0.484455	0.505989	0.464791	0.474002	0.470401	0.474681	0.477608	0.468519
ERR618698	0.277165	0.271384	0.27477	0.268772	0	0.268406	0.395018	0.393895	0.421185	0.405259	0.394815	0.402591	0.444577	0.427377	0.41149	0.448756	0.449198	0.40813	0.447065	0.446794	0.44609	0.446528	0.454158	0.450291	0.404667	0.400194	0.401187	0.399373	0.404392	0.400945	0.400015	0.391404	0.397791	0.39155	0.409551	0.39028	0.403946	0.406819	0.405559	0.43286	0.406501	0.40427	0.407808	0.428662	0.395491	0.425057	0.427973	0.427499	0.511674	0.505089	0.481873	0.50386	0.483189	0.507672	0.437179	0.440358	0.43979	0.43723	0.440834	0.437168	0.453864	0.4535	0.464651	0.468911	0.462638	0.471638	0.448283	0.449037	0.447768	0.454726	0.444379	0.456157	0.491758	0.472612	0.492549	0.479576	0.475537	0.489755	0.491758	0.472612	0.492549	0.479576	0.475537	0.489755	0.511674	0.505089	0.481873	0.50386	0.483189	0.507672	0.462516	0.469672	0.466936	0.470138	0.472801	0.466627
ERR618697	0.27439	0.271205	0.273537	0.268424	0.268406	0	0.392705	0.391645	0.416343	0.40316	0.394079	0.401153	0.443239	0.4271	0.411977	0.447262	0.447704	0.409271	0.447153	0.447438	0.446367	0.44681	0.452197	0.452114	0.405081	0.402875	0.402618	0.401273	0.404888	0.402395	0.398512	0.39169	0.397372	0.391455	0.406727	0.390674	0.401681	0.404397	0.403123	0.429387	0.406449	0.405438	0.407015	0.426006	0.396147	0.422362	0.425129	0.424695	0.509778	0.503122	0.482004	0.501773	0.483216	0.505617	0.438496	0.439158	0.438698	0.438767	0.439512	0.436566	0.455151	0.454971	0.464077	0.46751	0.462105	0.469451	0.450431	0.451367	0.450517	0.458362	0.445634	0.460155	0.490949	0.474086	0.49147	0.480039	0.476423	0.488978	0.490949	0.474086	0.49147	0.480039	0.476423	0.488978	0.509778	0.503122	0.482004	0.501773	0.483216	0.505617	0.464876	0.473344	0.470137	0.474066	0.476718	0.468876
ERR613693	0.387399	0.38912	0.390718	0.39332	0.395018	0.392705	0	0.249976	0.274669	0.258246	0.261612	0.262272	0.328414	0.327582	0.331153	0.329265	0.328781	0.334648	0.402866	0.399172	0.403895	0.402613	0.398419	0.40794	0.310651	0.340763	0.321449	0.32227	0.312294	0.321122	0.33633	0.338662	0.33818	0.337783	0.338434	0.340236	0.350873	0.353291	0.351059	0.36093	0.350787	0.35888	0.306983	0.299262	0.315399	0.298142	0.300514	0.299253	0.396575	0.388971	0.391504	0.388704	0.391416	0.390951	0.485038	0.478488	0.478403	0.485943	0.479553	0.48182	0.528115	0.527077	0.535952	0.53266	0.532067	0.530204	0.517331	0.51828	0.514229	0.522735	0.508141	0.522853	0.395985	0.412102	0.394864	0.403311	0.401219	0.395187	0.395985	0.412102	0.394864	0.403311	0.401219	0.395187	0.396575	0.388971	0.391504	0.388704	0.391416	0.390951	0.445951	0.45435	0.453108	0.456252	0.459615	0.456416
ERR613692	0.386966	0.388193	0.390249	0.392451	0.393895	0.391645	0.249976	0	0.278527	0.255346	0.257474	0.259151	0.325571	0.323601	0.32638	0.326415	0.326253	0.329981	0.402315	0.397838	0.40354	0.40216	0.399388	0.405329	0.307383	0.335765	0.31686	0.317949	0.308836	0.316758	0.335412	0.336252	0.335843	0.335875	0.338615	0.337779	0.350586	0.353767	0.351145	0.361744	0.348049	0.354851	0.303054	0.298918	0.31082	0.297825	0.300941	0.299039	0.395693	0.389433	0.388877	0.389512	0.388747	0.391659	0.48446	0.479331	0.479048	0.485291	0.480421	0.48254	0.527473	0.526549	0.53652	0.533765	0.532673	0.53129	0.516158	0.51721	0.512788	0.520867	0.5073	0.520749	0.393935	0.408295	0.393104	0.399915	0.397969	0.392897	0.393935	0.408295	0.393104	0.399915	0.397969	0.392897	0.395693	0.389433	0.388877	0.389512	0.388747	0.391659	0.445097	0.45133	0.451424	0.453329	0.456536	0.455978
ERR613694	0.40482	0.413187	0.409371	0.416505	0.421185	0.416343	0.274669	0.278527	0	0.289877	0.303457	0.300103	0.353023	0.359498	0.369195	0.352388	0.351396	0.375672	0.423701	0.424092	0.423307	0.424183	0.405825	0.441032	0.348405	0.390055	0.365828	0.366702	0.351632	0.364721	0.355892	0.368312	0.367404	0.364699	0.347319	0.371387	0.362465	0.361161	0.3611	0.360441	0.380515	0.395371	0.342075	0.312085	0.358401	0.309567	0.308627	0.309856	0.405718	0.393483	0.417055	0.392254	0.415836	0.392876	0.50728	0.489303	0.489653	0.509224	0.489322	0.495425	0.55012	0.549	0.549509	0.541775	0.545118	0.536036	0.540197	0.541434	0.540297	0.55233	0.529017	0.552914	0.415461	0.446962	0.41373	0.432751	0.432311	0.415328	0.415461	0.446962	0.41373	0.432751	0.432311	0.415328	0.405718	0.393483	0.417055	0.392254	0.415836	0.392876	0.473209	0.491096	0.485511	0.4931	0.497655	0.480765
ERR613691	0.397561	0.39822	0.401494	0.40451	0.405259	0.40316	0.258246	0.255346	0.289877	0	0.25008	0.248788	0.320905	0.320846	0.321109	0.321618	0.321725	0.326897	0.4119	0.404234	0.413769	0.411532	0.407998	0.407919	0.310012	0.332506	0.315324	0.318141	0.310719	0.315623	0.336686	0.338273	0.334297	0.339668	0.341265	0.339073	0.358433	0.362795	0.359363	0.361006	0.345967	0.352653	0.295647	0.30156	0.305278	0.303474	0.308722	0.305895	0.386332	0.386931	0.382409	0.38891	0.382049	0.389412	0.492871	0.48617	0.486111	0.493493	0.487569	0.492573	0.537887	0.536851	0.550679	0.546262	0.546212	0.540328	0.527372	0.528498	0.5208	0.528685	0.516841	0.52843	0.385551	0.401075	0.384669	0.390961	0.391744	0.38475	0.385551	0.401075	0.384669	0.390961	0.391744	0.38475	0.386332	0.386931	0.382409	0.38891	0.382049	0.389412	0.457325	0.45651	0.461766	0.459005	0.461172	0.471437
ERR613689	0.391463	0.388808	0.394724	0.395526	0.394815	0.394079	0.261612	0.257474	0.303457	0.25008	0	0.246333	0.324569	0.320207	0.316506	0.326325	0.32654	0.320173	0.408815	0.400508	0.410868	0.408351	0.4104	0.401055	0.304316	0.318238	0.305831	0.307903	0.304331	0.306581	0.33886	0.335714	0.332177	0.337765	0.347055	0.33579	0.36092	0.366332	0.362305	0.370316	0.343775	0.346706	0.294085	0.310039	0.298297	0.311415	0.317638	0.313811	0.393662	0.395567	0.382211	0.397491	0.382186	0.398977	0.483517	0.482174	0.481815	0.483547	0.483868	0.486329	0.526517	0.52552	0.542112	0.53993	0.538299	0.535946	0.516348	0.517093	0.509244	0.515556	0.507097	0.515225	0.387565	0.394049	0.387049	0.387341	0.387356	0.386471	0.387565	0.394049	0.387049	0.387341	0.387356	0.386471	0.393662	0.395567	0.382211	0.397491	0.382186	0.398977	0.448299	0.444498	0.450713	0.446884	0.448596	0.462594
ERR613690	0.39694	0.395608	0.400658	0.402751	0.402591	0.401153	0.262272	0.259151	0.300103	0.248788	0.246333	0	0.323965	0.321953	0.319282	0.325154	0.325275	0.324277	0.413064	0.404327	0.415149	0.412581	0.411885	0.405824	0.30824	0.324577	0.310466	0.313494	0.308568	0.311475	0.339416	0.338689	0.334029	0.340353	0.345942	0.338725	0.362447	0.367861	0.36388	0.367356	0.345911	0.35073	0.294704	0.308566	0.302074	0.310117	0.316427	0.312783	0.388951	0.39231	0.382265	0.394424	0.381834	0.395192	0.489635	0.485713	0.485483	0.489829	0.48716	0.491171	0.53342	0.532478	0.548445	0.54466	0.544396	0.538899	0.523974	0.524841	0.516475	0.523824	0.513648	0.523335	0.385395	0.39648	0.38465	0.38779	0.388961	0.384509	0.385395	0.39648	0.38465	0.38779	0.388961	0.384509	0.388951	0.39231	0.382265	0.394424	0.381834	0.395192	0.454892	0.451105	0.457698	0.453712	0.455438	0.469568
ERR607756	0.440478	0.440726	0.443358	0.444965	0.444577	0.443239	0.328414	0.325571	0.353023	0.320905	0.324569	0.323965	0	0.23488	0.248252	0.229434	0.229317	0.254337	0.449337	0.441213	0.451326	0.448712	0.451605	0.441894	0.338769	0.362725	0.345291	0.346449	0.339754	0.345095	0.324025	0.323822	0.321005	0.324439	0.330545	0.325161	0.329405	0.333811	0.329822	0.333167	0.314284	0.320028	0.310136	0.312674	0.318253	0.314736	0.318692	0.31728	0.40797	0.407259	0.40095	0.410151	0.401197	0.409635	0.549803	0.548185	0.548262	0.550226	0.549759	0.552865	0.60369	0.602816	0.617508	0.616146	0.613288	0.61394	0.586922	0.588064	0.580791	0.585564	0.579583	0.584895	0.417932	0.433848	0.417104	0.423382	0.421367	0.416966	0.417932	0.433848	0.417104	0.423382	0.421367	0.416966	0.40797	0.407259	0.40095	0.410151	0.401197	0.409635	0.499864	0.495174	0.502013	0.497193	0.499084	0.512363
ERR607753	0.427112	0.425075	0.42903	0.428965	0.427377	0.4271	0.327582	0.323601	0.359498	0.320846	0.320207	0.321953	0.23488	0	0.238055	0.235791	0.23652	0.240998	0.443446	0.43506	0.445251	0.442614	0.449995	0.433372	0.331378	0.348844	0.33482	0.335516	0.331712	0.334832	0.32304	0.317913	0.316945	0.31918	0.333558	0.318553	0.3282	0.333722	0.329238	0.339659	0.308862	0.310322	0.307318	0.318267	0.309664	0.319755	0.32421	0.322376	0.415304	0.41469	0.400702	0.417457	0.401473	0.417807	0.536751	0.53934	0.539296	0.536816	0.541132	0.542327	0.587738	0.587118	0.603674	0.604237	0.599767	0.60358	0.570797	0.571697	0.564598	0.568175	0.564731	0.567457	0.419549	0.426938	0.41918	0.420119	0.417123	0.418417	0.419549	0.426938	0.41918	0.420119	0.417123	0.418417	0.415304	0.41469	0.400702	0.417457	0.401473	0.417807	0.488093	0.481298	0.488715	0.483315	0.484799	0.500262
ERR607755	0.414103	0.409459	0.415486	0.413993	0.41149	0.411977	0.331153	0.32638	0.369195	0.321109	0.316506	0.319282	0.248252	0.238055	0	0.250714	0.252045	0.235646	0.44458	0.434968	0.4466	0.443511	0.453724	0.430026	0.328879	0.335829	0.327283	0.328124	0.328253	0.327423	0.325659	0.316934	0.315595	0.319454	0.339148	0.316497	0.332524	0.339488	0.334481	0.346698	0.306312	0.303779	0.306898	0.329477	0.304836	0.331508	0.336882	0.334592	0.423451	0.426195	0.403368	0.42916	0.404389	0.429685	0.524847	0.529971	0.529857	0.524485	0.532008	0.532645	0.572015	0.571411	0.591377	0.59292	0.587761	0.591774	0.556867	0.557584	0.548984	0.551557	0.551201	0.550781	0.421474	0.420162	0.421506	0.416619	0.414618	0.420166	0.421474	0.420162	0.421506	0.416619	0.414618	0.420166	0.423451	0.426195	0.403368	0.42916	0.404389	0.429685	0.483931	0.472895	0.482683	0.474975	0.475619	0.497044
ERR607758	0.444145	0.444758	0.447059	0.448997	0.448756	0.447262	0.329265	0.326415	0.352388	0.321618	0.326325	0.325154	0.229434	0.235791	0.250714	0	0.228684	0.257341	0.450688	0.442732	0.452669	0.450198	0.452034	0.443792	0.341069	0.366204	0.348229	0.349404	0.342175	0.348	0.325124	0.325737	0.322637	0.32581	0.330594	0.32707	0.330777	0.335061	0.331327	0.333352	0.316893	0.323251	0.31155	0.31233	0.320586	0.314501	0.318558	0.317139	0.406349	0.405619	0.400741	0.408657	0.401021	0.407872	0.552692	0.550168	0.550443	0.553109	0.551915	0.555276	0.606954	0.606093	0.620265	0.618508	0.616004	0.61613	0.590276	0.591472	0.584342	0.589428	0.582716	0.588771	0.417546	0.4353	0.416854	0.424119	0.422293	0.416902	0.417546	0.4353	0.416854	0.424119	0.422293	0.416902	0.406349	0.405619	0.400741	0.408657	0.401021	0.407872	0.502331	0.497861	0.504655	0.49999	0.501922	0.514916
ERR607757	0.444239	0.44518	0.447458	0.449331	0.449198	0.447704	0.328781	0.326253	0.351396	0.321725	0.32654	0.325275	0.229317	0.23652	0.252045	0.228684	0	0.258629	0.450087	0.442226	0.452083	0.449558	0.451253	0.443575	0.340394	0.366299	0.347832	0.34899	0.341424	0.347559	0.324903	0.325741	0.322808	0.326006	0.330143	0.327288	0.33066	0.334643	0.330965	0.333063	0.317445	0.323827	0.311478	0.311266	0.320933	0.313217	0.317077	0.315727	0.406134	0.404879	0.401126	0.407889	0.401287	0.407194	0.553039	0.550629	0.55077	0.553662	0.552249	0.555543	0.607419	0.606426	0.620526	0.618738	0.616193	0.61638	0.590616	0.591715	0.584746	0.589854	0.583029	0.589246	0.417518	0.435982	0.416726	0.424553	0.422746	0.416855	0.417518	0.435982	0.416726	0.424553	0.422746	0.416855	0.406134	0.404879	0.401126	0.407889	0.401287	0.407194	0.50146	0.497546	0.503964	0.499538	0.501588	0.513844
ERR607754	0.413071	0.407135	0.414037	0.411443	0.40813	0.409271	0.334648	0.329981	0.375672	0.326897	0.320173	0.324277	0.254337	0.240998	0.235646	0.257341	0.258629	0	0.44277	0.433694	0.444871	0.441786	0.455248	0.427614	0.328428	0.332567	0.325957	0.326168	0.327694	0.326435	0.330602	0.318931	0.319125	0.321795	0.345453	0.318655	0.336115	0.343437	0.338275	0.355361	0.309585	0.304285	0.311152	0.3353	0.305482	0.336867	0.34225	0.339878	0.430929	0.431842	0.40674	0.434591	0.408052	0.435853	0.521789	0.530165	0.529722	0.521271	0.532135	0.531328	0.567574	0.566996	0.587735	0.590786	0.584352	0.591849	0.551548	0.552184	0.544124	0.54541	0.547143	0.544503	0.426839	0.421014	0.427189	0.419548	0.416293	0.42532	0.426839	0.421014	0.427189	0.419548	0.416293	0.42532	0.430929	0.431842	0.40674	0.434591	0.408052	0.435853	0.478786	0.467704	0.476687	0.469176	0.469882	0.490973
ERR626533	0.448485	0.445385	0.449449	0.447554	0.447065	0.447153	0.402866	0.402315	0.423701	0.4119	0.408815	0.413064	0.449337	0.443446	0.44458	0.450688	0.450087	0.44277	0	0.244272	0.242335	0.242175	0.257309	0.256341	0.406145	0.41917	0.410417	0.409257	0.406576	0.411552	0.445622	0.442585	0.445368	0.442048	0.44976	0.443433	0.471283	0.473287	0.471863	0.489903	0.472973	0.47552	0.442239	0.442539	0.439879	0.439227	0.440863	0.439701	0.342087	0.326721	0.310931	0.324032	0.312319	0.330984	0.389801	0.391923	0.391151	0.390818	0.392522	0.388233	0.406299	0.405747	0.412033	0.414149	0.408461	0.421521	0.384297	0.385425	0.387212	0.397043	0.377725	0.397509	0.326554	0.327237	0.327357	0.325211	0.316472	0.324777	0.326554	0.327237	0.327357	0.325211	0.316472	0.324777	0.342087	0.326721	0.310931	0.324032	0.312319	0.330984	0.31662	0.338483	0.32749	0.34014	0.345867	0.322376
ERR626529	0.448968	0.444902	0.450187	0.448009	0.446794	0.447438	0.399172	0.397838	0.424092	0.404234	0.400508	0.404327	0.441213	0.43506	0.434968	0.442732	0.442226	0.433694	0.244272	0	0.244954	0.243535	0.260866	0.245596	0.399875	0.409801	0.402087	0.401543	0.399979	0.403345	0.439758	0.435557	0.437616	0.435859	0.445583	0.436111	0.46823	0.471044	0.468928	0.485062	0.46487	0.466727	0.433086	0.437812	0.430557	0.435048	0.43757	0.435897	0.332811	0.322585	0.29947	0.320973	0.300802	0.327448	0.389209	0.394138	0.3933	0.38977	0.395347	0.391188	0.407485	0.406891	0.418415	0.42109	0.414844	0.426276	0.386561	0.387349	0.386149	0.394957	0.379947	0.395269	0.314623	0.312012	0.315495	0.310598	0.302852	0.312749	0.314623	0.312012	0.315495	0.310598	0.302852	0.312749	0.332811	0.322585	0.29947	0.320973	0.300802	0.327448	0.317387	0.331116	0.325196	0.33298	0.337865	0.326691
ERR626531	0.447485	0.44451	0.448138	0.446276	0.44609	0.446367	0.403895	0.40354	0.423307	0.413769	0.410868	0.415149	0.451326	0.445251	0.4466	0.452669	0.452083	0.444871	0.242335	0.244954	0	0.242365	0.257111	0.259078	0.40772	0.421655	0.412614	0.41118	0.408323	0.413418	0.447125	0.444222	0.447572	0.443513	0.451141	0.445134	0.471833	0.473548	0.472251	0.490428	0.474609	0.47746	0.444237	0.443849	0.441964	0.440327	0.441929	0.440746	0.34387	0.327166	0.312585	0.32466	0.314139	0.331795	0.388509	0.390289	0.389304	0.38977	0.390749	0.386347	0.404766	0.403994	0.409044	0.411062	0.405481	0.418969	0.38309	0.383897	0.386364	0.396647	0.376705	0.397356	0.328134	0.329582	0.328952	0.327463	0.31853	0.32648	0.328134	0.329582	0.328952	0.327463	0.31853	0.32648	0.34387	0.327166	0.312585	0.32466	0.314139	0.331795	0.316706	0.340324	0.328655	0.341773	0.347729	0.32178
ERR626532	0.448282	0.444887	0.449059	0.447039	0.446528	0.44681	0.402613	0.40216	0.424183	0.411532	0.408351	0.412581	0.448712	0.442614	0.443511	0.450198	0.449558	0.441786	0.242175	0.243535	0.242365	0	0.258536	0.255007	0.405847	0.418566	0.409897	0.408619	0.40618	0.410848	0.445192	0.441956	0.445	0.441348	0.449843	0.442527	0.471084	0.473209	0.47173	0.489675	0.47228	0.474719	0.441365	0.442184	0.438691	0.438856	0.440635	0.439349	0.342334	0.327209	0.310166	0.324829	0.311581	0.331849	0.389312	0.392275	0.391466	0.39014	0.392973	0.388343	0.405338	0.404827	0.411462	0.414216	0.408046	0.421852	0.383611	0.384545	0.386283	0.395949	0.377684	0.396516	0.325925	0.325659	0.326691	0.32391	0.315032	0.324136	0.325925	0.325659	0.326691	0.32391	0.315032	0.324136	0.342334	0.327209	0.310166	0.324829	0.311581	0.331849	0.315769	0.336993	0.326405	0.33841	0.344179	0.321893
ERR626530	0.448023	0.449726	0.450467	0.452329	0.454158	0.452197	0.398419	0.399388	0.405825	0.407998	0.4104	0.411885	0.451605	0.449995	0.453724	0.452034	0.451253	0.455248	0.257309	0.260866	0.257111	0.258536	0	0.284783	0.41358	0.435438	0.421498	0.421639	0.414849	0.42247	0.446151	0.449558	0.450947	0.44786	0.444649	0.451337	0.470743	0.471017	0.470462	0.480526	0.479634	0.48696	0.445735	0.437348	0.449846	0.434117	0.43496	0.434413	0.326452	0.308945	0.315914	0.305718	0.315729	0.31109	0.403892	0.389789	0.390011	0.406264	0.390042	0.391407	0.42373	0.42287	0.418865	0.413321	0.414397	0.41373	0.405904	0.407255	0.410545	0.425712	0.39488	0.427024	0.321451	0.344699	0.320949	0.334175	0.32914	0.320576	0.321451	0.344699	0.320949	0.334175	0.32914	0.320576	0.326452	0.308945	0.315914	0.305718	0.315729	0.31109	0.341506	0.371008	0.358438	0.373264	0.379912	0.34711
ERR626528	0.456385	0.449298	0.456972	0.453154	0.450291	0.452114	0.40794	0.405329	0.441032	0.407919	0.401055	0.405824	0.441894	0.433372	0.430026	0.443792	0.443575	0.427614	0.256341	0.245596	0.259078	0.255007	0.284783	0	0.399904	0.400965	0.397593	0.397089	0.3992	0.399246	0.443316	0.435271	0.436922	0.437041	0.452711	0.434733	0.474126	0.47843	0.475571	0.492335	0.462555	0.460597	0.430995	0.444965	0.425369	0.443429	0.447224	0.444572	0.343369	0.339465	0.299686	0.339919	0.301839	0.345863	0.390201	0.404397	0.403499	0.389847	0.406402	0.401036	0.406674	0.406115	0.428712	0.434874	0.425139	0.440134	0.383718	0.384034	0.378502	0.382768	0.378938	0.382297	0.317935	0.298963	0.319547	0.303752	0.296018	0.315617	0.317935	0.298963	0.319547	0.303752	0.296018	0.315617	0.343369	0.339465	0.299686	0.339919	0.301839	0.345863	0.317992	0.315782	0.318262	0.317845	0.320352	0.331029
ERR621996	0.405945	0.402059	0.407622	0.406325	0.404667	0.405081	0.310651	0.307383	0.348405	0.310012	0.304316	0.30824	0.338769	0.331378	0.328879	0.341069	0.340394	0.328428	0.406145	0.399875	0.40772	0.405847	0.41358	0.399904	0	0.263828	0.249588	0.247556	0.243666	0.248787	0.353919	0.346918	0.347461	0.348863	0.363549	0.347214	0.367548	0.372745	0.369089	0.385298	0.353562	0.35373	0.310259	0.323605	0.308883	0.323404	0.327736	0.325108	0.414604	0.410792	0.394971	0.412482	0.395639	0.414759	0.485471	0.489929	0.489158	0.48534	0.491284	0.490717	0.525621	0.524461	0.540728	0.541661	0.537522	0.542277	0.507585	0.507846	0.501699	0.506473	0.501321	0.505731	0.405522	0.404895	0.405178	0.402253	0.398762	0.403694	0.405522	0.404895	0.405178	0.402253	0.398762	0.403694	0.414604	0.410792	0.394971	0.412482	0.395639	0.414759	0.440326	0.438439	0.44235	0.439712	0.441719	0.452038
ERR621991	0.408663	0.39893	0.409525	0.404733	0.400194	0.402875	0.340763	0.335765	0.390055	0.332506	0.318238	0.324577	0.362725	0.348844	0.335829	0.366204	0.366299	0.332567	0.41917	0.409801	0.421655	0.418566	0.435438	0.400965	0.263828	0	0.249378	0.250139	0.260289	0.250993	0.374177	0.359918	0.359861	0.363716	0.389489	0.358352	0.389463	0.397009	0.39214	0.412041	0.363023	0.355382	0.325589	0.361612	0.314022	0.362506	0.368734	0.364622	0.437843	0.440188	0.406585	0.44249	0.40794	0.445552	0.477591	0.491455	0.490153	0.476364	0.493318	0.490325	0.512159	0.511196	0.536089	0.540393	0.533514	0.541919	0.495705	0.495213	0.485944	0.486697	0.490985	0.485628	0.418774	0.399489	0.419393	0.404096	0.401388	0.416465	0.418774	0.399489	0.419393	0.404096	0.401388	0.416465	0.437843	0.440188	0.406585	0.44249	0.40794	0.445552	0.440934	0.427266	0.43723	0.428556	0.428382	0.454555
ERR621992	0.405341	0.398812	0.406856	0.404174	0.401187	0.402618	0.321449	0.31686	0.365828	0.315324	0.305831	0.310466	0.345291	0.33482	0.327283	0.348229	0.347832	0.325957	0.410417	0.402087	0.412614	0.409897	0.421498	0.397593	0.249588	0.249378	0	0.244522	0.247612	0.243712	0.359829	0.349692	0.349397	0.352586	0.372363	0.349027	0.375303	0.381891	0.377377	0.394286	0.354184	0.350692	0.311699	0.337979	0.306081	0.338727	0.344448	0.340897	0.420552	0.42065	0.395885	0.422858	0.39683	0.425333	0.480651	0.488706	0.48789	0.48002	0.490324	0.489023	0.518824	0.517902	0.538226	0.54045	0.535317	0.540705	0.501794	0.501583	0.493689	0.496853	0.495733	0.495913	0.406686	0.398045	0.40684	0.398413	0.395634	0.404791	0.406686	0.398045	0.40684	0.398413	0.395634	0.404791	0.420552	0.42065	0.395885	0.422858	0.39683	0.425333	0.439645	0.431526	0.439079	0.43289	0.433869	0.453111
ERR621994	0.40489	0.39801	0.405936	0.402714	0.399373	0.401273	0.32227	0.317949	0.366702	0.318141	0.307903	0.313494	0.346449	0.335516	0.328124	0.349404	0.34899	0.326168	0.409257	0.401543	0.41118	0.408619	0.421639	0.397089	0.247556	0.250139	0.244522	0	0.245874	0.244174	0.360679	0.349508	0.350312	0.352449	0.373694	0.348882	0.374923	0.381455	0.376986	0.395628	0.354693	0.3508	0.313799	0.338936	0.307036	0.339074	0.344648	0.341197	0.423711	0.422432	0.397591	0.424552	0.398676	0.427197	0.479484	0.488529	0.487647	0.478743	0.490246	0.48831	0.517416	0.516479	0.53667	0.539547	0.533676	0.54092	0.499687	0.499598	0.492226	0.495024	0.494473	0.493976	0.409809	0.40018	0.409915	0.401042	0.397421	0.407752	0.409809	0.40018	0.409915	0.401042	0.397421	0.407752	0.423711	0.422432	0.397591	0.424552	0.398676	0.427197	0.437248	0.43002	0.43692	0.431244	0.43238	0.44986
ERR621995	0.406422	0.402151	0.407988	0.40638	0.404392	0.404888	0.312294	0.308836	0.351632	0.310719	0.304331	0.308568	0.339754	0.331712	0.328253	0.342175	0.341424	0.327694	0.406576	0.399979	0.408323	0.40618	0.414849	0.3992	0.243666	0.260289	0.247612	0.245874	0	0.246945	0.355626	0.34768	0.348228	0.349757	0.365906	0.347845	0.369203	0.374555	0.370496	0.387358	0.353844	0.3529	0.310161	0.325882	0.307886	0.325838	0.330377	0.327444	0.415593	0.412291	0.394843	0.41424	0.395628	0.416465	0.484697	0.489845	0.489005	0.484358	0.491327	0.49054	0.524597	0.523579	0.540528	0.541786	0.537277	0.542491	0.506624	0.506763	0.500314	0.504868	0.500508	0.50401	0.405621	0.403561	0.405645	0.401543	0.398153	0.404041	0.405621	0.403561	0.405645	0.401543	0.398153	0.404041	0.415593	0.412291	0.394843	0.41424	0.395628	0.416465	0.439654	0.436653	0.441164	0.438086	0.439805	0.451803
ERR621993	0.405354	0.399191	0.406556	0.403918	0.400945	0.402395	0.321122	0.316758	0.364721	0.315623	0.306581	0.311475	0.345095	0.334832	0.327423	0.348	0.347559	0.326435	0.411552	0.403345	0.413418	0.410848	0.42247	0.399246	0.248787	0.250993	0.243712	0.244174	0.246945	0	0.359371	0.349237	0.349591	0.351914	0.371692	0.348594	0.374444	0.380848	0.376429	0.39293	0.353717	0.350612	0.31154	0.337231	0.306216	0.337515	0.343452	0.339918	0.421052	0.420749	0.396624	0.423219	0.397717	0.425401	0.4816	0.489215	0.488523	0.480965	0.490917	0.489706	0.519748	0.518823	0.538958	0.541019	0.53596	0.541207	0.502305	0.502375	0.494346	0.497707	0.496468	0.496836	0.407602	0.399792	0.407865	0.399886	0.397065	0.405875	0.407602	0.399792	0.407865	0.399886	0.397065	0.405875	0.421052	0.420749	0.396624	0.423219	0.397717	0.425401	0.440803	0.433011	0.440349	0.434323	0.435453	0.454016
ERR618509	0.394973	0.395978	0.397043	0.399538	0.400015	0.398512	0.33633	0.335412	0.355892	0.336686	0.33886	0.339416	0.324025	0.32304	0.325659	0.325124	0.324903	0.330602	0.445622	0.439758	0.447125	0.445192	0.446151	0.443316	0.353919	0.374177	0.359829	0.360679	0.355626	0.359371	0	0.255162	0.254014	0.254459	0.25745	0.256579	0.311708	0.315296	0.312489	0.319396	0.307211	0.315829	0.328294	0.329567	0.334341	0.329726	0.332596	0.332482	0.43546	0.432967	0.428187	0.434155	0.428177	0.43436	0.517926	0.514938	0.515012	0.518204	0.516314	0.518989	0.562111	0.561312	0.576441	0.574769	0.57208	0.571328	0.549675	0.550904	0.54355	0.550119	0.541553	0.549884	0.438051	0.448825	0.437562	0.441843	0.440467	0.436873	0.438051	0.448825	0.437562	0.441843	0.440467	0.436873	0.43546	0.432967	0.428187	0.434155	0.428177	0.43436	0.488316	0.48869	0.492118	0.490626	0.492996	0.499545
ERR618511	0.392573	0.390004	0.394011	0.392874	0.391404	0.39169	0.338662	0.336252	0.368312	0.338273	0.335714	0.338689	0.323822	0.317913	0.316934	0.325737	0.325741	0.318931	0.442585	0.435557	0.444222	0.441956	0.449558	0.435271	0.346918	0.359918	0.349692	0.349508	0.34768	0.349237	0.255162	0	0.250571	0.24799	0.268772	0.24736	0.315116	0.32088	0.316589	0.333042	0.302905	0.305259	0.325083	0.335898	0.325429	0.335251	0.339294	0.337831	0.442819	0.440676	0.427213	0.441982	0.427633	0.443468	0.511841	0.515131	0.514991	0.511538	0.516846	0.517104	0.555039	0.554157	0.57288	0.574015	0.568983	0.572697	0.541073	0.541958	0.53439	0.538521	0.534972	0.537967	0.440307	0.44194	0.440285	0.43889	0.43594	0.438795	0.440307	0.44194	0.440285	0.43889	0.43594	0.438795	0.442819	0.440676	0.427213	0.441982	0.427633	0.443468	0.479324	0.475584	0.480597	0.477063	0.478944	0.490794
ERR618507	0.39622	0.39396	0.398497	0.398567	0.397791	0.397372	0.33818	0.335843	0.367404	0.334297	0.332177	0.334029	0.321005	0.316945	0.315595	0.322637	0.322808	0.319125	0.445368	0.437616	0.447572	0.445	0.450947	0.436922	0.347461	0.359861	0.349397	0.350312	0.348228	0.349591	0.254014	0.250571	0	0.252065	0.26624	0.250737	0.318195	0.324055	0.319865	0.330739	0.30286	0.30613	0.32203	0.333919	0.324277	0.334615	0.339012	0.337526	0.437045	0.437463	0.424057	0.43904	0.424327	0.439915	0.515659	0.517572	0.517487	0.515293	0.51917	0.520644	0.559812	0.558943	0.57814	0.577902	0.574076	0.575509	0.547079	0.547962	0.539368	0.543863	0.539686	0.543403	0.436126	0.43965	0.436032	0.435012	0.433612	0.434812	0.436126	0.43965	0.436032	0.435012	0.433612	0.434812	0.437045	0.437463	0.424057	0.43904	0.424327	0.439915	0.484903	0.479806	0.486182	0.481715	0.483259	0.497585
ERR618510	0.391602	0.389964	0.392945	0.392488	0.39155	0.391455	0.337783	0.335875	0.364699	0.339668	0.337765	0.340353	0.324439	0.31918	0.319454	0.32581	0.326006	0.321795	0.442048	0.435859	0.443513	0.441348	0.44786	0.437041	0.348863	0.363716	0.352586	0.352449	0.349757	0.351914	0.254459	0.24799	0.252065	0	0.266354	0.248927	0.312894	0.317721	0.313918	0.330081	0.304484	0.308152	0.327183	0.334284	0.328192	0.333584	0.33685	0.336174	0.443102	0.43991	0.428639	0.44099	0.429066	0.442385	0.512515	0.514443	0.514528	0.512188	0.516162	0.516458	0.555257	0.554521	0.571626	0.572485	0.567763	0.571374	0.541359	0.54236	0.535351	0.54	0.534953	0.539595	0.441374	0.444739	0.44124	0.441103	0.438088	0.440007	0.441374	0.444739	0.44124	0.441103	0.438088	0.440007	0.443102	0.43991	0.428639	0.44099	0.429066	0.442385	0.479819	0.47823	0.482093	0.479693	0.481933	0.490773
ERR618508	0.399691	0.403828	0.40312	0.407303	0.409551	0.406727	0.338434	0.338615	0.347319	0.341265	0.347055	0.345942	0.330545	0.333558	0.339148	0.330594	0.330143	0.345453	0.44976	0.445583	0.451141	0.449843	0.444649	0.452711	0.363549	0.389489	0.372363	0.373694	0.365906	0.371692	0.25745	0.268772	0.26624	0.266354	0	0.271426	0.313233	0.315237	0.312977	0.314352	0.319503	0.33124	0.338148	0.329921	0.348341	0.329752	0.331831	0.332028	0.433639	0.429619	0.4335	0.430054	0.433035	0.43022	0.524275	0.516208	0.516497	0.524826	0.517172	0.521395	0.568916	0.567946	0.579662	0.575943	0.575056	0.571239	0.557099	0.558386	0.552321	0.560429	0.547909	0.560601	0.440381	0.45812	0.439637	0.448667	0.448091	0.439468	0.440381	0.45812	0.439637	0.448667	0.448091	0.439468	0.433639	0.429619	0.4335	0.430054	0.433035	0.43022	0.496403	0.500925	0.502334	0.502847	0.50596	0.506673
ERR618512	0.39215	0.388994	0.393372	0.391878	0.39028	0.390674	0.340236	0.337779	0.371387	0.339073	0.33579	0.338725	0.325161	0.318553	0.316497	0.32707	0.327288	0.318655	0.443433	0.436111	0.445134	0.442527	0.451337	0.434733	0.347214	0.358352	0.349027	0.348882	0.347845	0.348594	0.256579	0.24736	0.250737	0.248927	0.271426	0	0.317286	0.323445	0.318756	0.335277	0.302575	0.304099	0.325247	0.337856	0.324421	0.337538	0.341737	0.340581	0.444334	0.442815	0.427626	0.444261	0.428268	0.4456	0.511499	0.515391	0.515289	0.511074	0.517246	0.517349	0.55434	0.553583	0.572818	0.574326	0.569076	0.573175	0.540663	0.541481	0.533304	0.537153	0.534457	0.536662	0.440793	0.441044	0.440916	0.438513	0.435682	0.439325	0.440793	0.441044	0.440916	0.438513	0.435682	0.439325	0.444334	0.442815	0.427626	0.444261	0.428268	0.4456	0.479791	0.474827	0.480449	0.476256	0.478008	0.491365
ERR609030	0.398145	0.401098	0.400166	0.40213	0.403946	0.401681	0.350873	0.350586	0.362465	0.358433	0.36092	0.362447	0.329405	0.3282	0.332524	0.330777	0.33066	0.336115	0.471283	0.46823	0.471833	0.471084	0.470743	0.474126	0.367548	0.389463	0.375303	0.374923	0.369203	0.374444	0.311708	0.315116	0.318195	0.312894	0.313233	0.317286	0	0.25958	0.257773	0.276194	0.271848	0.282992	0.354169	0.347132	0.359437	0.344768	0.346227	0.34729	0.472642	0.465799	0.46418	0.466119	0.464481	0.467229	0.535282	0.531722	0.531625	0.535816	0.532745	0.534418	0.574972	0.574124	0.586547	0.586167	0.582929	0.584184	0.563677	0.565056	0.559959	0.566191	0.556974	0.566359	0.474282	0.482872	0.473779	0.477939	0.475474	0.473073	0.474282	0.482872	0.473779	0.477939	0.475474	0.473073	0.472642	0.465799	0.46418	0.466119	0.464481	0.467229	0.507511	0.511892	0.512203	0.513183	0.516163	0.516054
ERR609032	0.399705	0.40385	0.401849	0.404702	0.406819	0.404397	0.353291	0.353767	0.361161	0.362795	0.366332	0.367861	0.333811	0.333722	0.339488	0.335061	0.334643	0.343437	0.473287	0.471044	0.473548	0.473209	0.471017	0.47843	0.372745	0.397009	0.381891	0.381455	0.374555	0.380848	0.315296	0.32088	0.324055	0.317721	0.315237	0.323445	0.25958	0	0.25959	0.276331	0.279015	0.291896	0.359343	0.348746	0.36557	0.345933	0.34678	0.348097	0.474746	0.466652	0.467912	0.466518	0.468227	0.467502	0.537145	0.531977	0.531925	0.53773	0.532699	0.53476	0.576676	0.575853	0.586642	0.585712	0.582878	0.583547	0.565723	0.566928	0.562793	0.569518	0.558874	0.569907	0.47777	0.488355	0.477001	0.4828	0.480397	0.476668	0.47777	0.488355	0.477001	0.4828	0.480397	0.476668	0.474746	0.466652	0.467912	0.466518	0.468227	0.467502	0.510313	0.516696	0.516075	0.517972	0.521346	0.518142
ERR609031	0.399121	0.402587	0.401087	0.403555	0.405559	0.403123	0.351059	0.351145	0.3611	0.359363	0.362305	0.36388	0.329822	0.329238	0.334481	0.331327	0.330965	0.338275	0.471863	0.468928	0.472251	0.47173	0.470462	0.475571	0.369089	0.39214	0.377377	0.376986	0.370496	0.376429	0.312489	0.316589	0.319865	0.313918	0.312977	0.318756	0.257773	0.25959	0	0.27568	0.274257	0.286077	0.355284	0.346379	0.361005	0.343817	0.345165	0.346185	0.473262	0.465835	0.465409	0.465962	0.465634	0.466997	0.536592	0.532454	0.532308	0.536874	0.533472	0.535245	0.576495	0.575569	0.587518	0.586986	0.583903	0.584976	0.565031	0.566338	0.561559	0.567839	0.558396	0.56822	0.475577	0.485013	0.475003	0.47969	0.477099	0.474385	0.475577	0.485013	0.475003	0.47969	0.477099	0.474385	0.473262	0.465835	0.465409	0.465962	0.465634	0.466997	0.508604	0.513719	0.513618	0.514914	0.518075	0.516853
ERR609027	0.420549	0.4272	0.423717	0.429986	0.43286	0.429387	0.36093	0.361744	0.360441	0.361006	0.370316	0.367356	0.333167	0.339659	0.346698	0.333352	0.333063	0.355361	0.489903	0.485062	0.490428	0.489675	0.480526	0.492335	0.385298	0.412041	0.394286	0.395628	0.387358	0.39293	0.319396	0.333042	0.330739	0.330081	0.314352	0.335277	0.276194	0.276331	0.27568	0	0.287539	0.30542	0.360748	0.34857	0.373713	0.34863	0.351009	0.351959	0.460971	0.459188	0.466088	0.460741	0.465479	0.458986	0.556908	0.544644	0.545479	0.557821	0.545863	0.552678	0.600194	0.599307	0.611126	0.606045	0.60608	0.597804	0.590075	0.591825	0.584529	0.593052	0.580306	0.593241	0.470577	0.491518	0.469293	0.481171	0.48163	0.470127	0.470577	0.491518	0.469293	0.481171	0.48163	0.470127	0.460971	0.459188	0.466088	0.460741	0.465479	0.458986	0.535042	0.537268	0.540703	0.539351	0.542066	0.545744
ERR609028	0.406774	0.404051	0.408207	0.407542	0.406501	0.406449	0.350787	0.348049	0.380515	0.345967	0.343775	0.345911	0.314284	0.308862	0.306312	0.316893	0.317445	0.309585	0.472973	0.46487	0.474609	0.47228	0.479634	0.462555	0.353562	0.363023	0.354184	0.354693	0.353844	0.353717	0.307211	0.302905	0.30286	0.304484	0.319503	0.302575	0.271848	0.279015	0.274257	0.287539	0	0.251931	0.333347	0.346613	0.333947	0.346801	0.351746	0.350189	0.464667	0.465136	0.449269	0.467626	0.450024	0.468034	0.536262	0.539531	0.539167	0.53581	0.541462	0.542817	0.57821	0.577406	0.598444	0.599484	0.594503	0.596784	0.566795	0.567685	0.558247	0.561367	0.560477	0.560843	0.462237	0.461986	0.462316	0.459503	0.457705	0.460816	0.462237	0.461986	0.462316	0.459503	0.457705	0.460816	0.464667	0.465136	0.449269	0.467626	0.450024	0.468034	0.507097	0.499101	0.506723	0.500654	0.50192	0.519671
ERR609029	0.409141	0.403397	0.409935	0.406858	0.40427	0.405438	0.35888	0.354851	0.395371	0.352653	0.346706	0.35073	0.320028	0.310322	0.303779	0.323251	0.323827	0.304285	0.47552	0.466727	0.47746	0.474719	0.48696	0.460597	0.35373	0.355382	0.350692	0.3508	0.3529	0.350612	0.315829	0.305259	0.30613	0.308152	0.33124	0.304099	0.282992	0.291896	0.286077	0.30542	0.251931	0	0.335833	0.356925	0.331329	0.357511	0.362846	0.360821	0.473902	0.475311	0.452235	0.477837	0.453397	0.478987	0.534787	0.542989	0.542728	0.533913	0.545237	0.544859	0.574997	0.57425	0.598326	0.601382	0.594769	0.600388	0.563101	0.5639	0.553703	0.554929	0.558134	0.554198	0.467615	0.459779	0.468008	0.46025	0.457624	0.466174	0.467615	0.459779	0.468008	0.46025	0.457624	0.466174	0.473902	0.475311	0.452235	0.477837	0.453397	0.478987	0.505237	0.493278	0.50262	0.494686	0.49512	0.518043
ERR612555	0.405197	0.403271	0.4083	0.408816	0.407808	0.407015	0.306983	0.303054	0.342075	0.295647	0.294085	0.294704	0.310136	0.307318	0.306898	0.31155	0.311478	0.311152	0.442239	0.433086	0.444237	0.441365	0.445735	0.430995	0.310259	0.325589	0.311699	0.313799	0.310161	0.31154	0.328294	0.325083	0.32203	0.327183	0.338148	0.325247	0.354169	0.359343	0.355284	0.360748	0.333347	0.335833	0	0.268266	0.249084	0.272005	0.279839	0.275151	0.421644	0.424239	0.410051	0.427254	0.410463	0.427503	0.518568	0.518901	0.519169	0.518557	0.520924	0.523563	0.565063	0.563968	0.58236	0.581232	0.578373	0.577106	0.550034	0.550684	0.541646	0.546787	0.541849	0.546039	0.421938	0.428623	0.421506	0.42222	0.421689	0.420809	0.421938	0.428623	0.421506	0.42222	0.421689	0.420809	0.421644	0.424239	0.410051	0.427254	0.410463	0.427503	0.480458	0.472648	0.481405	0.474512	0.475919	0.494727
ERR612554	0.41941	0.423143	0.423181	0.426989	0.428662	0.426006	0.299262	0.298918	0.312085	0.30156	0.310039	0.308566	0.312674	0.318267	0.329477	0.31233	0.311266	0.3353	0.442539	0.437812	0.443849	0.442184	0.437348	0.444965	0.323605	0.361612	0.337979	0.338936	0.325882	0.337231	0.329567	0.335898	0.333919	0.334284	0.329921	0.337856	0.347132	0.348746	0.346379	0.34857	0.346613	0.356925	0.268266	0	0.284961	0.249634	0.252413	0.251265	0.419325	0.41287	0.420614	0.414063	0.420171	0.414421	0.534829	0.52786	0.528216	0.535634	0.529159	0.532899	0.583781	0.582808	0.59291	0.589002	0.588449	0.585527	0.567563	0.568596	0.563488	0.571027	0.558689	0.570747	0.430074	0.452671	0.428477	0.440726	0.439578	0.429114	0.430074	0.452671	0.428477	0.440726	0.439578	0.429114	0.419325	0.41287	0.420614	0.414063	0.420171	0.414421	0.487893	0.492851	0.494252	0.4946	0.498062	0.499041
ERR612553	0.398509	0.393133	0.40009	0.398344	0.395491	0.396147	0.315399	0.31082	0.358401	0.305278	0.298297	0.302074	0.318253	0.309664	0.304836	0.320586	0.320933	0.305482	0.439879	0.430557	0.441964	0.438691	0.449846	0.425369	0.308883	0.314022	0.306081	0.307036	0.307886	0.306216	0.334341	0.325429	0.324277	0.328192	0.348341	0.324421	0.359437	0.36557	0.361005	0.373713	0.333947	0.331329	0.249084	0.284961	0	0.288203	0.295814	0.291052	0.434465	0.436353	0.413449	0.439131	0.414487	0.440488	0.508623	0.514996	0.514837	0.508167	0.51722	0.517432	0.552367	0.551419	0.572838	0.574448	0.56907	0.57334	0.536828	0.53717	0.528035	0.530829	0.530616	0.529987	0.429449	0.425365	0.429537	0.423407	0.421114	0.428052	0.429449	0.425365	0.429537	0.423407	0.421114	0.428052	0.434465	0.436353	0.413449	0.439131	0.414487	0.440488	0.471738	0.461079	0.470484	0.462762	0.463437	0.485323
