	ERR636724	ERR636725	ERR636721	ERR636726	ERR636722	ERR636723	ERR635317	ERR635320	ERR635318	ERR635319	ERR635316	ERR635321	ERR613969	ERR613971	ERR613967	ERR613970	ERR613966	ERR613968	ERR618517	ERR618518	ERR618514	ERR618515	ERR618513	ERR618516	ERR607266	ERR607264	ERR607265	ERR607268	ERR607263	ERR607267	ERR635348	ERR635350	ERR635349	ERR635351	ERR635346	ERR635347	ERR617515	ERR617512	ERR617514	ERR617511	ERR617516	ERR617513	ERR636636	ERR636632	ERR636631	ERR636634	ERR636633	ERR636635	ERR611343	ERR611344	ERR611346	ERR611341	ERR611345	ERR611342	ERR621926	ERR621925	ERR621927	ERR621930	ERR621928	ERR621929	ERR616786	ERR616781	ERR616782	ERR616783	ERR616785	ERR616784	ERR638206	ERR638203	ERR638201	ERR638205	ERR638202	ERR638204	ERR626673	ERR626671	ERR626669	ERR626672	ERR626670	ERR626668	ERR607599	ERR607601	ERR607598	ERR607597	ERR607600	ERR607602	ERR607473	ERR607472	ERR607471	ERR607469	ERR607470	ERR607474	ERR607473	ERR607472	ERR607471	ERR607469	ERR607470	ERR607474
ERR636724	8.58696e+09	8.36699e+09	7.80027e+09	8.4255e+09	8.1273e+09	8.14177e+09	7.68864e+09	7.39041e+09	7.87677e+09	7.40624e+09	7.49773e+09	7.38704e+09	7.66222e+09	8.34081e+09	7.88763e+09	7.67546e+09	8.38623e+09	7.09063e+09	6.68237e+09	6.73734e+09	6.06483e+09	6.50217e+09	6.9351e+09	6.54543e+09	7.53079e+09	8.56163e+09	8.5841e+09	7.67038e+09	8.13447e+09	7.62414e+09	7.30506e+09	7.99294e+09	7.97923e+09	7.99968e+09	7.90953e+09	7.31051e+09	6.41789e+09	5.75157e+09	6.32053e+09	5.69586e+09	6.09829e+09	5.76553e+09	8.14627e+09	7.17058e+09	7.98436e+09	7.35405e+09	8.02567e+09	8.25292e+09	8.30458e+09	7.88893e+09	8.04555e+09	8.11523e+09	8.15195e+09	8.01172e+09	5.44668e+09	5.86639e+09	5.40058e+09	6.04499e+09	5.99765e+09	5.93908e+09	7.4788e+09	7.6742e+09	7.85692e+09	8.0386e+09	7.44982e+09	7.48998e+09	7.61442e+09	6.42209e+09	6.54172e+09	7.93247e+09	6.66768e+09	7.93474e+09	7.11153e+09	7.0703e+09	7.18492e+09	7.1063e+09	6.23073e+09	7.57473e+09	6.95824e+09	7.68808e+09	6.89935e+09	7.65802e+09	7.68178e+09	7.69427e+09	6.0562e+09	5.96193e+09	7.60877e+09	5.70593e+09	7.28474e+09	5.8224e+09	6.0562e+09	5.96193e+09	7.60877e+09	5.70593e+09	7.28474e+09	5.8224e+09
ERR636725	8.36699e+09	8.62295e+09	7.81536e+09	8.44353e+09	8.14358e+09	8.1584e+09	7.70306e+09	7.40337e+09	7.89192e+09	7.41931e+09	7.51127e+09	7.40004e+09	7.67842e+09	8.35921e+09	7.90405e+09	7.69149e+09	8.40479e+09	7.10478e+09	6.69657e+09	6.75179e+09	6.07668e+09	6.51558e+09	6.94972e+09	6.55923e+09	7.54687e+09	8.58131e+09	8.60322e+09	7.6875e+09	8.1527e+09	7.64065e+09	7.31839e+09	8.00898e+09	7.99521e+09	8.0151e+09	7.92469e+09	7.32356e+09	6.4332e+09	5.76424e+09	6.33508e+09	5.70852e+09	6.11171e+09	5.778e+09	8.16347e+09	7.18346e+09	7.99982e+09	7.36716e+09	8.04124e+09	8.27003e+09	8.32177e+09	7.90428e+09	8.06124e+09	8.13146e+09	8.16859e+09	8.02834e+09	5.45615e+09	5.87725e+09	5.41008e+09	6.05609e+09	6.0085e+09	5.9496e+09	7.49246e+09	7.68883e+09	7.87216e+09	8.05448e+09	7.46321e+09	7.50342e+09	7.62844e+09	6.43324e+09	6.5532e+09	7.94763e+09	6.67965e+09	7.95025e+09	7.12501e+09	7.08359e+09	7.19826e+09	7.11988e+09	6.24151e+09	7.58956e+09	6.97106e+09	7.70324e+09	6.91209e+09	7.67287e+09	7.69718e+09	7.70898e+09	6.06843e+09	5.97418e+09	7.62542e+09	5.71704e+09	7.30024e+09	5.83411e+09	6.06843e+09	5.97418e+09	7.62542e+09	5.71704e+09	7.30024e+09	5.83411e+09
ERR636721	7.80027e+09	7.81536e+09	7.53546e+09	7.86586e+09	7.61449e+09	7.6259e+09	7.21608e+09	6.95189e+09	7.38011e+09	6.96599e+09	7.04709e+09	6.94921e+09	7.17667e+09	7.78408e+09	7.38224e+09	7.18782e+09	7.82564e+09	6.66286e+09	6.26852e+09	6.31901e+09	5.706e+09	6.10571e+09	6.50179e+09	6.14405e+09	7.06026e+09	7.98081e+09	8.00054e+09	7.1846e+09	7.60533e+09	7.14315e+09	6.87259e+09	7.48176e+09	7.47025e+09	7.48758e+09	7.40926e+09	6.87703e+09	5.99103e+09	5.38611e+09	5.90266e+09	5.33601e+09	5.70317e+09	5.39783e+09	7.62451e+09	6.76096e+09	7.48406e+09	6.92461e+09	7.52005e+09	7.71701e+09	7.75404e+09	7.3868e+09	7.52634e+09	7.5883e+09	7.6198e+09	7.49762e+09	5.10888e+09	5.49288e+09	5.06695e+09	5.65572e+09	5.61195e+09	5.55876e+09	7.02679e+09	7.20242e+09	7.36478e+09	7.52421e+09	7.00088e+09	7.03605e+09	7.13446e+09	6.04069e+09	6.15252e+09	7.41897e+09	6.26748e+09	7.42045e+09	6.68992e+09	6.6521e+09	6.75827e+09	6.68558e+09	5.88409e+09	7.11104e+09	6.54849e+09	7.21005e+09	6.49634e+09	7.1835e+09	7.20423e+09	7.2149e+09	5.68897e+09	5.60259e+09	7.10964e+09	5.36963e+09	6.81653e+09	5.47313e+09	5.68897e+09	5.60259e+09	7.10964e+09	5.36963e+09	6.81653e+09	5.47313e+09
ERR636726	8.4255e+09	8.44353e+09	7.86586e+09	8.74669e+09	8.20004e+09	8.21447e+09	7.75259e+09	7.44901e+09	7.94476e+09	7.46499e+09	7.55863e+09	7.44537e+09	7.73305e+09	8.42187e+09	7.96067e+09	7.74596e+09	8.46754e+09	7.15184e+09	6.74217e+09	6.79774e+09	6.11588e+09	6.55848e+09	6.99722e+09	6.60324e+09	7.59889e+09	8.64591e+09	8.66825e+09	7.7409e+09	8.21072e+09	7.69437e+09	7.36521e+09	8.06461e+09	8.05096e+09	8.07123e+09	7.9795e+09	7.37017e+09	6.48134e+09	5.80563e+09	6.38265e+09	5.74877e+09	6.15677e+09	5.81989e+09	8.22034e+09	7.22787e+09	8.05548e+09	7.41456e+09	8.09688e+09	8.32911e+09	8.38268e+09	7.95854e+09	8.11829e+09	8.18972e+09	8.22672e+09	8.0851e+09	5.49627e+09	5.92152e+09	5.44945e+09	6.10238e+09	6.05476e+09	5.995e+09	7.54115e+09	7.73951e+09	7.92574e+09	8.1105e+09	7.51163e+09	7.55258e+09	7.68152e+09	6.47563e+09	6.59637e+09	8.00496e+09	6.72388e+09	8.00732e+09	7.17214e+09	7.13045e+09	7.24572e+09	7.16694e+09	6.27947e+09	7.64149e+09	7.01637e+09	7.75584e+09	6.95629e+09	7.72528e+09	7.74991e+09	7.76235e+09	6.10929e+09	6.01371e+09	7.68064e+09	5.75375e+09	7.35219e+09	5.87246e+09	6.10929e+09	6.01371e+09	7.68064e+09	5.75375e+09	7.35219e+09	5.87246e+09
ERR636722	8.1273e+09	8.14358e+09	7.61449e+09	8.20004e+09	8.15127e+09	7.93669e+09	7.50097e+09	7.21196e+09	7.68061e+09	7.22694e+09	7.31527e+09	7.20937e+09	7.47772e+09	8.12511e+09	7.69258e+09	7.48997e+09	8.17038e+09	6.92237e+09	6.51776e+09	6.57092e+09	5.91805e+09	6.34078e+09	6.76138e+09	6.38554e+09	7.35002e+09	8.33784e+09	8.35338e+09	7.48641e+09	7.92777e+09	7.44173e+09	7.13607e+09	7.79288e+09	7.78067e+09	7.80034e+09	7.71352e+09	7.13855e+09	6.25254e+09	5.60876e+09	6.15824e+09	5.55216e+09	5.94155e+09	5.62249e+09	7.94254e+09	7.00918e+09	7.79283e+09	7.18637e+09	7.83137e+09	8.04287e+09	8.09596e+09	7.68809e+09	7.84378e+09	7.91471e+09	7.94519e+09	7.81828e+09	5.32398e+09	5.73245e+09	5.27929e+09	5.90397e+09	5.85822e+09	5.801e+09	7.29412e+09	7.48296e+09	7.66161e+09	7.83501e+09	7.26688e+09	7.30461e+09	7.42271e+09	6.2749e+09	6.38959e+09	7.73196e+09	6.5116e+09	7.73422e+09	6.95368e+09	6.91382e+09	7.02332e+09	6.94898e+09	6.09618e+09	7.40031e+09	6.79783e+09	7.50137e+09	6.73941e+09	7.47207e+09	7.49587e+09	7.50725e+09	5.91272e+09	5.82164e+09	7.41354e+09	5.56625e+09	7.09942e+09	5.68495e+09	5.91272e+09	5.82164e+09	7.41354e+09	5.56625e+09	7.09942e+09	5.68495e+09
ERR636723	8.14177e+09	8.1584e+09	7.6259e+09	8.21447e+09	7.93669e+09	8.17519e+09	7.51409e+09	7.23029e+09	7.69327e+09	7.24569e+09	7.33228e+09	7.22717e+09	7.47927e+09	8.13183e+09	7.69776e+09	7.4916e+09	8.17475e+09	6.93053e+09	6.52589e+09	6.57936e+09	5.92954e+09	6.35226e+09	6.77175e+09	6.39322e+09	7.35374e+09	8.34196e+09	8.36395e+09	7.48771e+09	7.93469e+09	7.44298e+09	7.14542e+09	7.80375e+09	7.79063e+09	7.80961e+09	7.72418e+09	7.15061e+09	6.25471e+09	5.61206e+09	6.16084e+09	5.55946e+09	5.94784e+09	5.62581e+09	7.952e+09	7.01843e+09	7.79763e+09	7.19444e+09	7.83716e+09	8.05319e+09	8.10145e+09	7.70554e+09	7.85482e+09	7.92168e+09	7.95665e+09	7.82363e+09	5.32229e+09	5.72861e+09	5.27722e+09	5.90023e+09	5.85411e+09	5.79769e+09	7.3132e+09	7.50084e+09	7.67542e+09	7.84917e+09	7.2857e+09	7.32357e+09	7.43746e+09	6.28095e+09	6.39697e+09	7.74055e+09	6.51908e+09	7.74296e+09	6.95612e+09	6.9157e+09	7.02768e+09	6.95127e+09	6.10388e+09	7.40396e+09	6.80671e+09	7.51106e+09	6.75081e+09	7.48242e+09	7.50512e+09	7.51685e+09	5.92051e+09	5.82892e+09	7.42241e+09	5.5806e+09	7.1099e+09	5.69291e+09	5.92051e+09	5.82892e+09	7.42241e+09	5.5806e+09	7.1099e+09	5.69291e+09
ERR635317	7.68864e+09	7.70306e+09	7.21608e+09	7.75259e+09	7.50097e+09	7.51409e+09	8.16308e+09	7.64173e+09	8.13345e+09	7.65791e+09	7.75223e+09	7.63662e+09	7.12152e+09	7.74207e+09	7.33324e+09	7.13365e+09	7.78798e+09	6.61275e+09	6.22399e+09	6.27523e+09	5.66951e+09	6.06526e+09	6.46561e+09	6.09837e+09	7.05695e+09	8.00125e+09	8.02126e+09	7.18336e+09	7.61246e+09	7.13869e+09	7.44871e+09	8.12733e+09	8.11579e+09	8.13601e+09	8.04754e+09	7.45691e+09	5.92417e+09	5.31986e+09	5.83513e+09	5.27407e+09	5.63698e+09	5.33232e+09	7.69425e+09	6.80467e+09	7.54836e+09	6.97012e+09	7.58877e+09	7.79451e+09	8.45103e+09	8.05677e+09	8.20409e+09	8.27106e+09	8.30726e+09	8.16869e+09	5.60058e+09	6.0197e+09	5.55199e+09	6.19644e+09	6.14894e+09	6.09132e+09	7.56108e+09	7.74887e+09	7.92429e+09	8.10156e+09	7.53308e+09	7.57302e+09	7.78418e+09	6.59187e+09	6.71268e+09	8.09043e+09	6.83931e+09	8.09212e+09	7.25889e+09	7.21625e+09	7.3325e+09	7.25274e+09	6.38172e+09	7.7181e+09	7.03092e+09	7.74505e+09	6.97268e+09	7.71782e+09	7.74133e+09	7.75226e+09	6.14046e+09	6.04856e+09	7.65961e+09	5.78799e+09	7.34723e+09	5.90824e+09	6.14046e+09	6.04856e+09	7.65961e+09	5.78799e+09	7.34723e+09	5.90824e+09
ERR635320	7.39041e+09	7.40337e+09	6.95189e+09	7.44901e+09	7.21196e+09	7.23029e+09	7.64173e+09	7.58971e+09	7.8163e+09	7.40448e+09	7.48078e+09	7.3836e+09	6.82724e+09	7.41794e+09	7.03437e+09	6.83859e+09	7.45975e+09	6.36381e+09	5.97693e+09	6.02627e+09	5.46549e+09	5.83597e+09	6.21368e+09	5.85863e+09	6.77178e+09	7.65684e+09	7.68546e+09	6.8844e+09	7.30012e+09	6.84319e+09	7.17627e+09	7.80307e+09	7.79232e+09	7.8101e+09	7.72977e+09	7.18991e+09	5.65892e+09	5.09092e+09	5.57557e+09	5.05773e+09	5.39617e+09	5.10298e+09	7.39554e+09	6.56671e+09	7.25327e+09	6.71948e+09	7.29121e+09	7.48889e+09	8.08836e+09	7.75495e+09	7.8734e+09	7.92721e+09	7.96909e+09	7.82992e+09	5.36391e+09	5.75255e+09	5.31564e+09	5.91738e+09	5.87118e+09	5.81951e+09	7.2999e+09	7.46772e+09	7.61692e+09	7.78048e+09	7.27584e+09	7.31233e+09	7.48632e+09	6.34405e+09	6.4618e+09	7.75498e+09	6.58115e+09	7.75627e+09	6.97635e+09	6.93627e+09	7.05066e+09	6.97097e+09	6.16594e+09	7.40998e+09	6.7708e+09	7.44121e+09	6.72414e+09	7.41662e+09	7.43686e+09	7.44586e+09	5.90505e+09	5.81762e+09	7.33185e+09	5.5879e+09	7.04361e+09	5.68636e+09	5.90505e+09	5.81762e+09	7.33185e+09	5.5879e+09	7.04361e+09	5.68636e+09
ERR635318	7.87677e+09	7.89192e+09	7.38011e+09	7.94476e+09	7.68061e+09	7.69327e+09	8.13345e+09	7.8163e+09	8.57464e+09	7.83291e+09	7.93222e+09	7.81002e+09	7.30132e+09	7.94437e+09	7.51815e+09	7.31414e+09	7.99181e+09	6.76988e+09	6.37599e+09	6.42878e+09	5.79974e+09	6.20907e+09	6.62358e+09	6.24654e+09	7.23203e+09	8.21396e+09	8.23295e+09	7.36453e+09	7.80618e+09	7.31801e+09	7.62212e+09	8.33722e+09	8.32497e+09	8.34672e+09	8.25179e+09	7.6307e+09	6.08586e+09	5.45919e+09	5.99362e+09	5.41061e+09	5.78674e+09	5.47397e+09	7.88377e+09	6.95403e+09	7.73138e+09	7.12729e+09	7.77245e+09	7.98806e+09	8.68587e+09	8.26488e+09	8.42299e+09	8.49568e+09	8.53194e+09	8.38786e+09	5.75142e+09	6.18977e+09	5.70036e+09	6.3724e+09	6.32313e+09	6.2628e+09	7.74241e+09	7.93738e+09	8.12489e+09	8.31379e+09	7.71253e+09	7.7548e+09	7.98549e+09	6.7502e+09	6.87351e+09	8.30699e+09	7.0046e+09	8.30925e+09	7.43418e+09	7.3898e+09	7.50862e+09	7.42755e+09	6.51989e+09	7.91096e+09	7.19552e+09	7.94071e+09	7.13381e+09	7.91131e+09	7.93708e+09	7.94867e+09	6.29083e+09	6.1955e+09	7.87025e+09	5.91933e+09	7.54237e+09	6.05032e+09	6.29083e+09	6.1955e+09	7.87025e+09	5.91933e+09	7.54237e+09	6.05032e+09
ERR635319	7.40624e+09	7.41931e+09	6.96599e+09	7.46499e+09	7.22694e+09	7.24569e+09	7.65791e+09	7.40448e+09	7.83291e+09	7.62e+09	7.49566e+09	7.39798e+09	6.84093e+09	7.43372e+09	7.04907e+09	6.8524e+09	7.47544e+09	6.37653e+09	5.98986e+09	6.03877e+09	5.47672e+09	5.84812e+09	6.22702e+09	5.87105e+09	6.78671e+09	7.67451e+09	7.70298e+09	6.89894e+09	7.31642e+09	6.85789e+09	7.19032e+09	7.82024e+09	7.80885e+09	7.82698e+09	7.74591e+09	7.20408e+09	5.67224e+09	5.10267e+09	5.58872e+09	5.06937e+09	5.4089e+09	5.11503e+09	7.41116e+09	6.57945e+09	7.2683e+09	6.73279e+09	7.30641e+09	7.50455e+09	8.10484e+09	7.77049e+09	7.88972e+09	7.94327e+09	7.9857e+09	7.84512e+09	5.37583e+09	5.76569e+09	5.32738e+09	5.9315e+09	5.88476e+09	5.83289e+09	7.31422e+09	7.48297e+09	7.63267e+09	7.79666e+09	7.28992e+09	7.32665e+09	7.50249e+09	6.35671e+09	6.47542e+09	7.77232e+09	6.59443e+09	7.77411e+09	6.99007e+09	6.94956e+09	7.06447e+09	6.98446e+09	6.1772e+09	7.42487e+09	6.78471e+09	7.45679e+09	6.73781e+09	7.43221e+09	7.45261e+09	7.46167e+09	5.91676e+09	5.82913e+09	7.34775e+09	5.59933e+09	7.05871e+09	5.69765e+09	5.91676e+09	5.82913e+09	7.34775e+09	5.59933e+09	7.05871e+09	5.69765e+09
ERR635316	7.49773e+09	7.51127e+09	7.04709e+09	7.55863e+09	7.31527e+09	7.33228e+09	7.75223e+09	7.48078e+09	7.93222e+09	7.49566e+09	7.7952e+09	7.47547e+09	6.92782e+09	7.53053e+09	7.13833e+09	6.93959e+09	7.57329e+09	6.45113e+09	6.06475e+09	6.11441e+09	5.54023e+09	5.91933e+09	6.30499e+09	5.94386e+09	6.87034e+09	7.777e+09	7.80358e+09	6.98748e+09	7.4098e+09	6.94504e+09	7.27569e+09	7.91951e+09	7.90824e+09	7.92675e+09	7.84466e+09	7.28606e+09	5.75153e+09	5.17099e+09	5.66628e+09	5.135e+09	5.48156e+09	5.1826e+09	7.5009e+09	6.65216e+09	7.35783e+09	6.80822e+09	7.3971e+09	7.59727e+09	8.21471e+09	7.86268e+09	7.98985e+09	8.04747e+09	8.08783e+09	7.94816e+09	5.44322e+09	5.8427e+09	5.39495e+09	6.01156e+09	5.96406e+09	5.91075e+09	7.39461e+09	7.5737e+09	7.72797e+09	7.89623e+09	7.36849e+09	7.40644e+09	7.59287e+09	6.43102e+09	6.55073e+09	7.87358e+09	6.67264e+09	7.87529e+09	7.07468e+09	7.03332e+09	7.14905e+09	7.06859e+09	6.24265e+09	7.51705e+09	6.86598e+09	7.55054e+09	6.81442e+09	7.52577e+09	7.54613e+09	7.55612e+09	5.98987e+09	5.90096e+09	7.44911e+09	5.66287e+09	7.1527e+09	5.76677e+09	5.98987e+09	5.90096e+09	7.44911e+09	5.66287e+09	7.1527e+09	5.76677e+09
ERR635321	7.38704e+09	7.40004e+09	6.94921e+09	7.44537e+09	7.20937e+09	7.22717e+09	7.63662e+09	7.3836e+09	7.81002e+09	7.39798e+09	7.47547e+09	7.57771e+09	6.82426e+09	7.41403e+09	7.03126e+09	6.83572e+09	7.4556e+09	6.3607e+09	5.97472e+09	6.02358e+09	5.46267e+09	5.83288e+09	6.21036e+09	5.85632e+09	6.76913e+09	7.65332e+09	7.6815e+09	6.88133e+09	7.29688e+09	6.83988e+09	7.17083e+09	7.79733e+09	7.78595e+09	7.80375e+09	7.72363e+09	7.1848e+09	5.65656e+09	5.08896e+09	5.57299e+09	5.05509e+09	5.39359e+09	5.10048e+09	7.39155e+09	6.56409e+09	7.24937e+09	6.71631e+09	7.28747e+09	7.4844e+09	8.08109e+09	7.74788e+09	7.8665e+09	7.92043e+09	7.96223e+09	7.823e+09	5.36106e+09	5.7489e+09	5.31304e+09	5.91427e+09	5.86804e+09	5.81603e+09	7.29374e+09	7.46193e+09	7.611e+09	7.77433e+09	7.26926e+09	7.30603e+09	7.48058e+09	6.34006e+09	6.45812e+09	7.74938e+09	6.57668e+09	7.75114e+09	6.97238e+09	6.93228e+09	7.04679e+09	6.96687e+09	6.16269e+09	7.4048e+09	6.76681e+09	7.43541e+09	6.7198e+09	7.41116e+09	7.43152e+09	7.44033e+09	5.90099e+09	5.8136e+09	7.32577e+09	5.58481e+09	7.03827e+09	5.68226e+09	5.90099e+09	5.8136e+09	7.32577e+09	5.58481e+09	7.03827e+09	5.68226e+09
ERR613969	7.66222e+09	7.67842e+09	7.17667e+09	7.73305e+09	7.47772e+09	7.47927e+09	7.12152e+09	6.82724e+09	7.30132e+09	6.84093e+09	6.92782e+09	6.82426e+09	7.54727e+09	7.92095e+09	7.50288e+09	7.33165e+09	7.96323e+09	6.75099e+09	6.30619e+09	6.3559e+09	5.71244e+09	6.12105e+09	6.52316e+09	6.18101e+09	7.11262e+09	8.04576e+09	8.04301e+09	7.25483e+09	7.64349e+09	7.2095e+09	6.81087e+09	7.43661e+09	7.42593e+09	7.44566e+09	7.35663e+09	6.80952e+09	6.12741e+09	5.50152e+09	6.03525e+09	5.43277e+09	5.81518e+09	5.51752e+09	7.59896e+09	6.70509e+09	7.46008e+09	6.88072e+09	7.495e+09	7.69298e+09	7.74484e+09	7.32313e+09	7.49088e+09	7.56646e+09	7.58682e+09	7.47854e+09	5.24207e+09	5.64322e+09	5.2002e+09	5.81041e+09	5.76762e+09	5.71108e+09	6.93825e+09	7.11025e+09	7.29873e+09	7.46478e+09	6.91038e+09	6.94473e+09	7.1286e+09	6.06995e+09	6.17295e+09	7.43804e+09	6.28854e+09	7.43977e+09	6.68412e+09	6.64631e+09	6.7384e+09	6.6797e+09	5.85683e+09	7.09384e+09	6.52037e+09	7.18112e+09	6.45966e+09	7.14777e+09	7.17773e+09	7.18996e+09	5.72701e+09	5.64048e+09	7.15057e+09	5.3699e+09	6.84642e+09	5.50988e+09	5.72701e+09	5.64048e+09	7.15057e+09	5.3699e+09	6.84642e+09	5.50988e+09
ERR613971	8.34081e+09	8.35921e+09	7.78408e+09	8.42187e+09	8.12511e+09	8.13183e+09	7.74207e+09	7.41794e+09	7.94437e+09	7.43372e+09	7.53053e+09	7.41403e+09	7.92095e+09	8.87756e+09	8.13631e+09	7.93427e+09	8.66429e+09	7.29009e+09	6.80143e+09	6.85731e+09	6.14946e+09	6.60094e+09	7.04776e+09	6.6618e+09	7.69698e+09	8.76416e+09	8.76599e+09	7.85311e+09	8.3051e+09	7.80225e+09	7.3819e+09	8.0929e+09	8.07923e+09	8.10237e+09	8.0021e+09	7.38278e+09	6.60351e+09	5.90845e+09	6.50077e+09	5.83765e+09	6.25929e+09	5.92652e+09	8.26137e+09	7.2449e+09	8.09828e+09	7.44126e+09	8.13835e+09	8.36958e+09	8.44023e+09	7.97491e+09	8.15605e+09	8.23819e+09	8.266e+09	8.13602e+09	5.62018e+09	6.06218e+09	5.57433e+09	6.24748e+09	6.19973e+09	6.13725e+09	7.54025e+09	7.73579e+09	7.94079e+09	8.13039e+09	7.50902e+09	7.54939e+09	7.74459e+09	6.54854e+09	6.66467e+09	8.08731e+09	6.79245e+09	8.08984e+09	7.22812e+09	7.18491e+09	7.29206e+09	7.22228e+09	6.31039e+09	7.69421e+09	7.05249e+09	7.79843e+09	6.98659e+09	7.76333e+09	7.79544e+09	7.80833e+09	6.17234e+09	6.07602e+09	7.76098e+09	5.78791e+09	7.42147e+09	5.93288e+09	6.17234e+09	6.07602e+09	7.76098e+09	5.78791e+09	7.42147e+09	5.93288e+09
ERR613967	7.88763e+09	7.90405e+09	7.38224e+09	7.96067e+09	7.69258e+09	7.69776e+09	7.33324e+09	7.03437e+09	7.51815e+09	7.04907e+09	7.13833e+09	7.03126e+09	7.50288e+09	8.13631e+09	7.93968e+09	7.51505e+09	8.18213e+09	6.92549e+09	6.46216e+09	6.51441e+09	5.85544e+09	6.27638e+09	6.69218e+09	6.33268e+09	7.29418e+09	8.26764e+09	8.26925e+09	7.43789e+09	7.85258e+09	7.39162e+09	7.00441e+09	7.65402e+09	7.64248e+09	7.662e+09	7.57176e+09	7.00489e+09	6.26501e+09	5.61938e+09	6.1695e+09	5.55322e+09	5.94601e+09	5.63521e+09	7.81442e+09	6.88736e+09	7.66726e+09	7.06728e+09	7.7039e+09	7.91277e+09	7.96715e+09	7.54245e+09	7.70882e+09	7.78387e+09	7.80819e+09	7.69088e+09	5.3488e+09	5.75955e+09	5.30528e+09	5.93223e+09	5.88767e+09	5.82944e+09	7.14669e+09	7.3257e+09	7.51502e+09	7.68725e+09	7.11847e+09	7.15475e+09	7.33308e+09	6.22481e+09	6.33347e+09	7.64806e+09	6.45327e+09	7.65046e+09	6.85948e+09	6.82054e+09	6.91919e+09	6.85481e+09	6.00846e+09	7.28832e+09	6.69918e+09	7.38581e+09	6.63861e+09	7.35342e+09	7.38211e+09	7.39405e+09	5.86997e+09	5.77976e+09	7.34492e+09	5.51022e+09	7.03167e+09	5.64562e+09	5.86997e+09	5.77976e+09	7.34492e+09	5.51022e+09	7.03167e+09	5.64562e+09
ERR613970	7.67546e+09	7.69149e+09	7.18782e+09	7.74596e+09	7.48997e+09	7.4916e+09	7.13365e+09	6.83859e+09	7.31414e+09	6.8524e+09	6.93959e+09	6.83572e+09	7.33165e+09	7.93427e+09	7.51505e+09	7.57176e+09	7.97685e+09	6.76172e+09	6.31618e+09	6.36631e+09	5.72085e+09	6.13102e+09	6.53396e+09	6.1905e+09	7.12477e+09	8.06098e+09	8.05726e+09	7.26608e+09	7.65768e+09	7.22146e+09	6.82173e+09	7.44955e+09	7.43866e+09	7.45886e+09	7.36914e+09	6.82022e+09	6.13757e+09	5.51023e+09	6.04543e+09	5.44114e+09	5.82446e+09	5.52636e+09	7.61144e+09	6.71458e+09	7.47098e+09	6.89074e+09	7.50672e+09	7.70535e+09	7.75903e+09	7.33607e+09	7.5038e+09	7.57995e+09	7.60035e+09	7.49135e+09	5.25127e+09	5.65266e+09	5.20934e+09	5.82115e+09	5.77801e+09	5.72103e+09	6.9509e+09	7.1233e+09	7.31244e+09	7.4789e+09	6.92314e+09	6.95772e+09	7.1415e+09	6.08051e+09	6.18425e+09	7.45163e+09	6.30009e+09	7.45387e+09	6.69543e+09	6.65713e+09	6.74986e+09	6.69056e+09	5.86593e+09	7.10611e+09	6.53177e+09	7.19367e+09	6.47006e+09	7.16122e+09	7.19065e+09	7.20243e+09	5.73726e+09	5.65063e+09	7.16461e+09	5.38032e+09	6.85922e+09	5.52023e+09	5.73726e+09	5.65063e+09	7.16461e+09	5.38032e+09	6.85922e+09	5.52023e+09
ERR613966	8.38623e+09	8.40479e+09	7.82564e+09	8.46754e+09	8.17038e+09	8.17475e+09	7.78798e+09	7.45975e+09	7.99181e+09	7.47544e+09	7.57329e+09	7.4556e+09	7.96323e+09	8.66429e+09	8.18213e+09	7.97685e+09	8.97848e+09	7.32763e+09	6.8344e+09	6.89041e+09	6.17777e+09	6.63151e+09	7.08231e+09	6.69342e+09	7.73797e+09	8.81651e+09	8.81723e+09	7.89712e+09	8.35213e+09	7.84609e+09	7.42318e+09	8.14054e+09	8.12727e+09	8.15003e+09	8.04879e+09	7.42364e+09	6.63607e+09	5.93572e+09	6.53239e+09	5.86332e+09	6.2878e+09	5.95365e+09	8.30614e+09	7.2817e+09	8.14243e+09	7.4789e+09	8.18371e+09	8.41507e+09	8.49132e+09	8.01896e+09	8.20284e+09	8.28683e+09	8.3129e+09	8.1839e+09	5.64776e+09	6.09248e+09	5.60096e+09	6.27971e+09	6.23138e+09	6.1686e+09	7.57992e+09	7.77776e+09	7.98626e+09	8.17694e+09	7.54902e+09	7.58927e+09	7.78802e+09	6.5842e+09	6.70146e+09	8.13678e+09	6.83087e+09	8.13911e+09	7.26811e+09	7.22529e+09	7.33216e+09	7.26236e+09	6.34192e+09	7.73854e+09	7.09133e+09	7.84315e+09	7.02442e+09	7.8076e+09	7.83952e+09	7.85271e+09	6.20353e+09	6.10612e+09	7.80501e+09	5.81505e+09	7.46208e+09	5.96223e+09	6.20353e+09	6.10612e+09	7.80501e+09	5.81505e+09	7.46208e+09	5.96223e+09
ERR613968	7.09063e+09	7.10478e+09	6.66286e+09	7.15184e+09	6.92237e+09	6.93053e+09	6.61275e+09	6.36381e+09	6.76988e+09	6.37653e+09	6.45113e+09	6.3607e+09	6.75099e+09	7.29009e+09	6.92549e+09	6.76172e+09	7.32763e+09	6.47693e+09	5.85939e+09	5.90504e+09	5.33873e+09	5.70389e+09	6.063e+09	5.74746e+09	6.57224e+09	7.39379e+09	7.40192e+09	6.68863e+09	7.04903e+09	6.65044e+09	6.32994e+09	6.88222e+09	6.87191e+09	6.88869e+09	6.81322e+09	6.33381e+09	5.66709e+09	5.1102e+09	5.58579e+09	5.05751e+09	5.39784e+09	5.12407e+09	7.0265e+09	6.24252e+09	6.8987e+09	6.39511e+09	6.92977e+09	7.10986e+09	7.13923e+09	6.79483e+09	6.9273e+09	6.98636e+09	7.0123e+09	6.90636e+09	4.86934e+09	5.22504e+09	4.82969e+09	5.37508e+09	5.3351e+09	5.28636e+09	6.4629e+09	6.61341e+09	6.76904e+09	6.91536e+09	6.4385e+09	6.4692e+09	6.61489e+09	5.64928e+09	5.74593e+09	6.87393e+09	5.84938e+09	6.87659e+09	6.19599e+09	6.16232e+09	6.24983e+09	6.19172e+09	5.46859e+09	6.5635e+09	6.06618e+09	6.65566e+09	6.01822e+09	6.62749e+09	6.65201e+09	6.66169e+09	5.33517e+09	5.25709e+09	6.61131e+09	5.02827e+09	6.34627e+09	5.13936e+09	5.33517e+09	5.25709e+09	6.61131e+09	5.02827e+09	6.34627e+09	5.13936e+09
ERR618517	6.68237e+09	6.69657e+09	6.26852e+09	6.74217e+09	6.51776e+09	6.52589e+09	6.22399e+09	5.97693e+09	6.37599e+09	5.98986e+09	6.06475e+09	5.97472e+09	6.30619e+09	6.80143e+09	6.46216e+09	6.31618e+09	6.8344e+09	5.85939e+09	5.81654e+09	5.663e+09	5.12044e+09	5.46799e+09	5.80182e+09	5.51519e+09	6.19652e+09	6.95937e+09	6.96577e+09	6.30506e+09	6.63499e+09	6.26935e+09	5.96725e+09	6.49097e+09	6.48168e+09	6.49729e+09	6.42623e+09	5.9698e+09	5.43445e+09	4.91139e+09	5.35809e+09	4.85832e+09	5.1782e+09	4.92375e+09	6.59988e+09	5.85764e+09	6.47932e+09	6.00078e+09	6.50778e+09	6.67983e+09	6.74529e+09	6.40805e+09	6.53988e+09	6.59755e+09	6.62118e+09	6.52144e+09	4.67123e+09	5.00448e+09	4.6367e+09	5.14489e+09	5.10893e+09	5.06221e+09	6.09197e+09	6.23533e+09	6.38805e+09	6.52719e+09	6.06737e+09	6.09793e+09	6.22462e+09	5.34386e+09	5.43128e+09	6.47314e+09	5.52679e+09	6.47547e+09	5.85086e+09	5.81983e+09	5.89824e+09	5.84634e+09	5.17157e+09	6.18955e+09	5.72994e+09	6.27631e+09	5.6818e+09	6.24956e+09	6.27203e+09	6.28187e+09	5.09733e+09	5.02542e+09	6.27263e+09	4.80416e+09	6.0275e+09	4.91539e+09	5.09733e+09	5.02542e+09	6.27263e+09	4.80416e+09	6.0275e+09	4.91539e+09
ERR618518	6.73734e+09	6.75179e+09	6.31901e+09	6.79774e+09	6.57092e+09	6.57936e+09	6.27523e+09	6.02627e+09	6.42878e+09	6.03877e+09	6.11441e+09	6.02358e+09	6.3559e+09	6.85731e+09	6.51441e+09	6.36631e+09	6.89041e+09	5.90504e+09	5.663e+09	5.90181e+09	5.15673e+09	5.5081e+09	5.84558e+09	5.55503e+09	6.24523e+09	7.01641e+09	7.02329e+09	6.35591e+09	6.68897e+09	6.31937e+09	6.01525e+09	6.54435e+09	6.53499e+09	6.55072e+09	6.47895e+09	6.01782e+09	5.47252e+09	4.94373e+09	5.39533e+09	4.89014e+09	5.21392e+09	4.95681e+09	6.65284e+09	5.90327e+09	6.53121e+09	6.04842e+09	6.55999e+09	6.73405e+09	6.80052e+09	6.4607e+09	6.59369e+09	6.65183e+09	6.67571e+09	6.57462e+09	4.70243e+09	5.03831e+09	4.66717e+09	5.18046e+09	5.14401e+09	5.09682e+09	6.14135e+09	6.28656e+09	6.44059e+09	6.58109e+09	6.11722e+09	6.14774e+09	6.27463e+09	5.38414e+09	5.47286e+09	6.52573e+09	5.5689e+09	6.52797e+09	5.89655e+09	5.86516e+09	5.94461e+09	5.89196e+09	5.21061e+09	6.23933e+09	5.77541e+09	6.32751e+09	5.72681e+09	6.30105e+09	6.32329e+09	6.33341e+09	5.13474e+09	5.06152e+09	6.32285e+09	4.83877e+09	6.07463e+09	4.9501e+09	5.13474e+09	5.06152e+09	6.32285e+09	4.83877e+09	6.07463e+09	4.9501e+09
ERR618514	6.06483e+09	6.07668e+09	5.706e+09	6.11588e+09	5.91805e+09	5.92954e+09	5.66951e+09	5.46549e+09	5.79974e+09	5.47672e+09	5.54023e+09	5.46267e+09	5.71244e+09	6.14946e+09	5.85544e+09	5.72085e+09	6.17777e+09	5.33873e+09	5.12044e+09	5.15673e+09	4.87198e+09	4.99963e+09	5.28909e+09	5.0284e+09	5.61707e+09	6.28116e+09	6.29418e+09	5.70761e+09	6.00408e+09	5.67677e+09	5.44113e+09	5.89466e+09	5.8863e+09	5.89948e+09	5.83973e+09	5.44687e+09	4.93828e+09	4.48263e+09	4.87261e+09	4.44431e+09	4.72175e+09	4.49341e+09	5.98695e+09	5.34666e+09	5.87902e+09	5.4682e+09	5.90391e+09	6.05677e+09	6.10557e+09	5.83316e+09	5.93642e+09	5.98072e+09	6.00651e+09	5.91309e+09	4.2631e+09	4.55147e+09	4.23073e+09	4.67409e+09	4.64165e+09	4.60166e+09	5.5657e+09	5.68916e+09	5.81227e+09	5.93163e+09	5.54514e+09	5.57153e+09	5.66685e+09	4.88407e+09	4.96384e+09	5.87338e+09	5.04693e+09	5.87597e+09	5.3224e+09	5.29544e+09	5.36822e+09	5.31854e+09	4.73922e+09	5.62138e+09	5.22996e+09	5.70694e+09	5.19202e+09	5.68472e+09	5.70209e+09	5.71048e+09	4.66498e+09	4.60117e+09	5.69121e+09	4.41937e+09	5.48134e+09	4.50527e+09	4.66498e+09	4.60117e+09	5.69121e+09	4.41937e+09	5.48134e+09	4.50527e+09
ERR618515	6.50217e+09	6.51558e+09	6.10571e+09	6.55848e+09	6.34078e+09	6.35226e+09	6.06526e+09	5.83597e+09	6.20907e+09	5.84812e+09	5.91933e+09	5.83288e+09	6.12105e+09	6.60094e+09	6.27638e+09	6.13102e+09	6.63151e+09	5.70389e+09	5.46799e+09	5.5081e+09	4.99963e+09	5.52032e+09	5.65085e+09	5.36588e+09	6.01879e+09	6.75049e+09	6.76264e+09	6.11983e+09	6.44407e+09	6.08577e+09	5.8155e+09	6.31511e+09	6.30613e+09	6.32057e+09	6.25479e+09	5.82069e+09	5.27594e+09	4.77486e+09	5.20292e+09	4.7302e+09	5.03591e+09	4.78663e+09	6.41643e+09	5.70971e+09	6.29887e+09	5.84483e+09	6.32591e+09	6.49366e+09	6.54985e+09	6.24263e+09	6.36063e+09	6.41096e+09	6.43781e+09	6.33637e+09	4.53508e+09	4.85165e+09	4.50166e+09	4.98774e+09	4.95208e+09	4.9081e+09	5.94591e+09	6.08312e+09	6.22164e+09	6.35374e+09	5.92263e+09	5.95181e+09	6.06179e+09	5.20522e+09	5.29246e+09	6.29302e+09	5.38378e+09	6.29557e+09	5.68981e+09	5.66002e+09	5.73874e+09	5.68507e+09	5.04502e+09	6.01685e+09	5.58463e+09	6.1081e+09	5.54134e+09	6.08451e+09	6.10372e+09	6.11365e+09	4.96687e+09	4.89754e+09	6.09677e+09	4.6958e+09	5.86444e+09	4.7922e+09	4.96687e+09	4.89754e+09	6.09677e+09	4.6958e+09	5.86444e+09	4.7922e+09
ERR618513	6.9351e+09	6.94972e+09	6.50179e+09	6.99722e+09	6.76138e+09	6.77175e+09	6.46561e+09	6.21368e+09	6.62358e+09	6.22702e+09	6.30499e+09	6.21036e+09	6.52316e+09	7.04776e+09	6.69218e+09	6.53396e+09	7.08231e+09	6.063e+09	5.80182e+09	5.84558e+09	5.28909e+09	5.65085e+09	6.20875e+09	5.69024e+09	6.40986e+09	7.21252e+09	7.22328e+09	6.52232e+09	6.8748e+09	6.48495e+09	6.19269e+09	6.73984e+09	6.72943e+09	6.74546e+09	6.67285e+09	6.19676e+09	5.59581e+09	5.05004e+09	5.51662e+09	4.99983e+09	5.33274e+09	5.06321e+09	6.84435e+09	6.07003e+09	6.71812e+09	6.21856e+09	6.74807e+09	6.9294e+09	7.0022e+09	6.66077e+09	6.79242e+09	6.84979e+09	6.87656e+09	6.76905e+09	4.80875e+09	5.15492e+09	4.77113e+09	5.30029e+09	5.26172e+09	5.21409e+09	6.33158e+09	6.48261e+09	6.63576e+09	6.78093e+09	6.30657e+09	6.33844e+09	6.4621e+09	5.53055e+09	5.62356e+09	6.71679e+09	5.72336e+09	6.71922e+09	6.06042e+09	6.0279e+09	6.11289e+09	6.0563e+09	5.35543e+09	6.41772e+09	5.9411e+09	6.51357e+09	5.89161e+09	6.48723e+09	6.5087e+09	6.51887e+09	5.26746e+09	5.19114e+09	6.50082e+09	4.96717e+09	6.24494e+09	5.07632e+09	5.26746e+09	5.19114e+09	6.50082e+09	4.96717e+09	6.24494e+09	5.07632e+09
ERR618516	6.54543e+09	6.55923e+09	6.14405e+09	6.60324e+09	6.38554e+09	6.39322e+09	6.09837e+09	5.85863e+09	6.24654e+09	5.87105e+09	5.94386e+09	5.85632e+09	6.18101e+09	6.6618e+09	6.33268e+09	6.1905e+09	6.69342e+09	5.74746e+09	5.51519e+09	5.55503e+09	5.0284e+09	5.36588e+09	5.69024e+09	5.60139e+09	6.07301e+09	6.81308e+09	6.8195e+09	6.17917e+09	6.49822e+09	6.14356e+09	5.84952e+09	6.35822e+09	6.34888e+09	6.36461e+09	6.29553e+09	5.85201e+09	5.33188e+09	4.82282e+09	5.25772e+09	4.77124e+09	5.08265e+09	4.83521e+09	6.46461e+09	5.74446e+09	6.34749e+09	5.88339e+09	6.3753e+09	6.54228e+09	6.60387e+09	6.27663e+09	6.40502e+09	6.4607e+09	6.48357e+09	6.38623e+09	4.5856e+09	4.90983e+09	4.55167e+09	5.04688e+09	5.01174e+09	4.96606e+09	5.97113e+09	6.11056e+09	6.25913e+09	6.39416e+09	5.94781e+09	5.9776e+09	6.10032e+09	5.24334e+09	5.32839e+09	6.34143e+09	5.42085e+09	6.34386e+09	5.73508e+09	5.70493e+09	5.78189e+09	5.73087e+09	5.07435e+09	6.06445e+09	5.61886e+09	6.15022e+09	5.57187e+09	6.12397e+09	6.14585e+09	6.15543e+09	5.00284e+09	4.93323e+09	6.14676e+09	4.71809e+09	5.90808e+09	4.82535e+09	5.00284e+09	4.93323e+09	6.14676e+09	4.71809e+09	5.90808e+09	4.82535e+09
ERR607266	7.53079e+09	7.54687e+09	7.06026e+09	7.59889e+09	7.35002e+09	7.35374e+09	7.05695e+09	6.77178e+09	7.23203e+09	6.78671e+09	6.87034e+09	6.76913e+09	7.11262e+09	7.69698e+09	7.29418e+09	7.12477e+09	7.73797e+09	6.57224e+09	6.19652e+09	6.24523e+09	5.61707e+09	6.01879e+09	6.40986e+09	6.07301e+09	7.32424e+09	8.02408e+09	8.02485e+09	7.23937e+09	7.63039e+09	7.19601e+09	6.75644e+09	7.36914e+09	7.35823e+09	7.37663e+09	7.29173e+09	6.75687e+09	6.01553e+09	5.40501e+09	5.92475e+09	5.3388e+09	5.71228e+09	5.42039e+09	7.46328e+09	6.59702e+09	7.32593e+09	6.76489e+09	7.36008e+09	7.55515e+09	7.6614e+09	7.25952e+09	7.41816e+09	7.48889e+09	7.51182e+09	7.40195e+09	5.18883e+09	5.57995e+09	5.14764e+09	5.74374e+09	5.70229e+09	5.64666e+09	6.88798e+09	7.05482e+09	7.23712e+09	7.39892e+09	6.86111e+09	6.89555e+09	7.0544e+09	6.00806e+09	6.11142e+09	7.35107e+09	6.2249e+09	7.35354e+09	6.62012e+09	6.5832e+09	6.67608e+09	6.61463e+09	5.81089e+09	7.02253e+09	6.46027e+09	7.10675e+09	6.40284e+09	7.07672e+09	7.10415e+09	7.11528e+09	5.68447e+09	5.59897e+09	7.08369e+09	5.33798e+09	6.78633e+09	5.47031e+09	5.68447e+09	5.59897e+09	7.08369e+09	5.33798e+09	6.78633e+09	5.47031e+09
ERR607264	8.56163e+09	8.58131e+09	7.98081e+09	8.64591e+09	8.33784e+09	8.34196e+09	8.00125e+09	7.65684e+09	8.21396e+09	7.67451e+09	7.777e+09	7.65332e+09	8.04576e+09	8.76416e+09	8.26764e+09	8.06098e+09	8.81651e+09	7.39379e+09	6.95937e+09	7.01641e+09	6.28116e+09	6.75049e+09	7.21252e+09	6.81308e+09	8.02408e+09	9.44133e+09	9.17053e+09	8.19409e+09	8.67561e+09	8.13998e+09	7.62801e+09	8.37834e+09	8.36405e+09	8.38809e+09	8.28306e+09	7.62771e+09	6.77179e+09	6.04913e+09	6.66395e+09	5.97286e+09	6.41033e+09	6.06807e+09	8.47489e+09	7.415e+09	8.30574e+09	7.61731e+09	8.3488e+09	8.58921e+09	8.74367e+09	8.24988e+09	8.44183e+09	8.52938e+09	8.55727e+09	8.42218e+09	5.80099e+09	6.26056e+09	5.75245e+09	6.45425e+09	6.40587e+09	6.34019e+09	7.79273e+09	7.99835e+09	8.21824e+09	8.41765e+09	7.76048e+09	7.80358e+09	7.99535e+09	6.75082e+09	6.87167e+09	8.35884e+09	7.00559e+09	8.36172e+09	7.46474e+09	7.42109e+09	7.53202e+09	7.4585e+09	6.50467e+09	7.95342e+09	7.27386e+09	8.05425e+09	7.20335e+09	8.01798e+09	8.05102e+09	8.06464e+09	6.37335e+09	6.27331e+09	8.03449e+09	5.97129e+09	7.67678e+09	6.12368e+09	6.37335e+09	6.27331e+09	8.03449e+09	5.97129e+09	7.67678e+09	6.12368e+09
ERR607265	8.5841e+09	8.60322e+09	8.00054e+09	8.66825e+09	8.35338e+09	8.36395e+09	8.02126e+09	7.68546e+09	8.23295e+09	7.70298e+09	7.80358e+09	7.6815e+09	8.04301e+09	8.76599e+09	8.26925e+09	8.05726e+09	8.81723e+09	7.40192e+09	6.96577e+09	7.02329e+09	6.29418e+09	6.76264e+09	7.22328e+09	6.8195e+09	8.02485e+09	9.17053e+09	9.45267e+09	8.18958e+09	8.68173e+09	8.13668e+09	7.64167e+09	8.3921e+09	8.37781e+09	8.40084e+09	8.29694e+09	7.64527e+09	6.76581e+09	6.04539e+09	6.65805e+09	5.97418e+09	6.40975e+09	6.06384e+09	8.48954e+09	7.43048e+09	8.31592e+09	7.6311e+09	8.35882e+09	8.60503e+09	8.74689e+09	8.27107e+09	8.45343e+09	8.53559e+09	8.56962e+09	8.42661e+09	5.78613e+09	6.24202e+09	5.73748e+09	6.4348e+09	6.38594e+09	6.32144e+09	7.81934e+09	8.02434e+09	8.23604e+09	8.43576e+09	7.78701e+09	7.83078e+09	8.01111e+09	6.75503e+09	6.87847e+09	8.36655e+09	7.0124e+09	8.36977e+09	7.46562e+09	7.42219e+09	7.53576e+09	7.45951e+09	6.5132e+09	7.95628e+09	7.28461e+09	8.06599e+09	7.21841e+09	8.03206e+09	8.06235e+09	8.07606e+09	6.37745e+09	6.27704e+09	8.03818e+09	5.9857e+09	7.68476e+09	6.12808e+09	6.37745e+09	6.27704e+09	8.03818e+09	5.9857e+09	7.68476e+09	6.12808e+09
ERR607268	7.67038e+09	7.6875e+09	7.1846e+09	7.7409e+09	7.48641e+09	7.48771e+09	7.18336e+09	6.8844e+09	7.36453e+09	6.89894e+09	6.98748e+09	6.88133e+09	7.25483e+09	7.85311e+09	7.43789e+09	7.26608e+09	7.89712e+09	6.68863e+09	6.30506e+09	6.35591e+09	5.70761e+09	6.11983e+09	6.52232e+09	6.17917e+09	7.23937e+09	8.19409e+09	8.18958e+09	7.61273e+09	7.7817e+09	7.33994e+09	6.87612e+09	7.50856e+09	7.49764e+09	7.51781e+09	7.42799e+09	6.87428e+09	6.13272e+09	5.50376e+09	6.03962e+09	5.43256e+09	5.8171e+09	5.51999e+09	7.6041e+09	6.70806e+09	7.46472e+09	6.88231e+09	7.50054e+09	7.69844e+09	7.81558e+09	7.38827e+09	7.55814e+09	7.63542e+09	7.65455e+09	7.54646e+09	5.28464e+09	5.68836e+09	5.24246e+09	5.85635e+09	5.81474e+09	5.75682e+09	7.00234e+09	7.17689e+09	7.36903e+09	7.53678e+09	6.97472e+09	7.01015e+09	7.1818e+09	6.11615e+09	6.22023e+09	7.49575e+09	6.33708e+09	7.49773e+09	6.74328e+09	6.70554e+09	6.79897e+09	6.73845e+09	5.90693e+09	7.15708e+09	6.57422e+09	7.23922e+09	6.51232e+09	7.20788e+09	7.23632e+09	7.24883e+09	5.78284e+09	5.69488e+09	7.2205e+09	5.42092e+09	6.91245e+09	5.5634e+09	5.78284e+09	5.69488e+09	7.2205e+09	5.42092e+09	6.91245e+09	5.5634e+09
ERR607263	8.13447e+09	8.1527e+09	7.60533e+09	8.21072e+09	7.92777e+09	7.93469e+09	7.61246e+09	7.30012e+09	7.80618e+09	7.31642e+09	7.4098e+09	7.29688e+09	7.64349e+09	8.3051e+09	7.85258e+09	7.65768e+09	8.35213e+09	7.04903e+09	6.63499e+09	6.68897e+09	6.00408e+09	6.44407e+09	6.8748e+09	6.49822e+09	7.63039e+09	8.67561e+09	8.68173e+09	7.7817e+09	8.47782e+09	7.73358e+09	7.2691e+09	7.95453e+09	7.94181e+09	7.96294e+09	7.86843e+09	7.27085e+09	6.43568e+09	5.76394e+09	6.3357e+09	5.69533e+09	6.10367e+09	5.77984e+09	8.0516e+09	7.08181e+09	7.89557e+09	7.26759e+09	7.93416e+09	8.15559e+09	8.2775e+09	7.83746e+09	8.00872e+09	8.08541e+09	8.11423e+09	7.98581e+09	5.52156e+09	5.94787e+09	5.47657e+09	6.12856e+09	6.08236e+09	6.022e+09	7.42516e+09	7.61332e+09	7.81087e+09	7.99255e+09	7.39496e+09	7.43394e+09	7.60168e+09	6.43613e+09	6.55201e+09	7.93158e+09	6.67645e+09	7.93404e+09	7.1069e+09	7.06606e+09	7.17155e+09	7.10175e+09	6.21748e+09	7.55943e+09	6.93595e+09	7.65814e+09	6.87393e+09	7.6256e+09	7.65442e+09	7.66659e+09	6.07816e+09	5.98434e+09	7.62624e+09	5.70946e+09	7.29814e+09	5.84379e+09	6.07816e+09	5.98434e+09	7.62624e+09	5.70946e+09	7.29814e+09	5.84379e+09
ERR607267	7.62414e+09	7.64065e+09	7.14315e+09	7.69437e+09	7.44173e+09	7.44298e+09	7.13869e+09	6.84319e+09	7.31801e+09	6.85789e+09	6.94504e+09	6.83988e+09	7.2095e+09	7.80225e+09	7.39162e+09	7.22146e+09	7.84609e+09	6.65044e+09	6.26935e+09	6.31937e+09	5.67677e+09	6.08577e+09	6.48495e+09	6.14356e+09	7.19601e+09	8.13998e+09	8.13668e+09	7.33994e+09	7.73358e+09	7.51993e+09	6.83418e+09	7.46032e+09	7.44966e+09	7.46881e+09	7.38064e+09	6.83253e+09	6.09508e+09	5.47197e+09	6.00288e+09	5.40118e+09	5.78323e+09	5.48776e+09	7.55715e+09	6.67117e+09	7.41973e+09	6.84393e+09	7.45472e+09	7.65054e+09	7.76191e+09	7.34069e+09	7.50825e+09	7.58393e+09	7.60369e+09	7.49604e+09	5.25191e+09	5.65153e+09	5.20998e+09	5.8184e+09	5.77699e+09	5.71947e+09	6.96017e+09	7.13285e+09	7.32225e+09	7.48826e+09	6.93195e+09	6.96724e+09	7.13566e+09	6.07812e+09	6.18182e+09	7.44611e+09	6.29746e+09	7.44845e+09	6.70177e+09	6.66347e+09	6.75689e+09	6.69633e+09	5.87249e+09	7.11106e+09	6.53471e+09	7.19374e+09	6.47301e+09	7.16241e+09	7.19162e+09	7.20266e+09	5.74831e+09	5.66079e+09	7.17405e+09	5.39062e+09	6.8687e+09	5.52994e+09	5.74831e+09	5.66079e+09	7.17405e+09	5.39062e+09	6.8687e+09	5.52994e+09
ERR635348	7.30506e+09	7.31839e+09	6.87259e+09	7.36521e+09	7.13607e+09	7.14542e+09	7.44871e+09	7.17627e+09	7.62212e+09	7.19032e+09	7.27569e+09	7.17083e+09	6.81087e+09	7.3819e+09	7.00441e+09	6.82173e+09	7.42318e+09	6.32994e+09	5.96725e+09	6.01525e+09	5.44113e+09	5.8155e+09	6.19269e+09	5.84952e+09	6.75644e+09	7.62801e+09	7.64167e+09	6.87612e+09	7.2691e+09	6.83418e+09	7.36736e+09	7.79877e+09	7.78761e+09	7.80766e+09	7.72464e+09	7.17698e+09	5.69384e+09	5.12208e+09	5.60919e+09	5.07661e+09	5.42084e+09	5.13461e+09	7.32249e+09	6.50329e+09	7.19154e+09	6.65831e+09	7.22811e+09	7.41219e+09	8.0247e+09	7.65653e+09	7.79774e+09	7.86144e+09	7.89046e+09	7.76949e+09	5.40717e+09	5.80602e+09	5.36256e+09	5.97129e+09	5.92689e+09	5.87227e+09	7.20945e+09	7.38142e+09	7.54734e+09	7.70845e+09	7.18308e+09	7.21908e+09	7.41859e+09	6.31511e+09	6.42674e+09	7.70448e+09	6.54495e+09	7.70667e+09	6.94559e+09	6.90597e+09	7.01166e+09	6.94004e+09	6.12086e+09	7.36728e+09	6.72313e+09	7.38191e+09	6.66626e+09	7.35627e+09	7.37782e+09	7.38866e+09	5.89823e+09	5.81141e+09	7.32006e+09	5.55866e+09	7.02675e+09	5.67873e+09	5.89823e+09	5.81141e+09	7.32006e+09	5.55866e+09	7.02675e+09	5.67873e+09
ERR635350	7.99294e+09	8.00898e+09	7.48176e+09	8.06461e+09	7.79288e+09	7.80375e+09	8.12733e+09	7.80307e+09	8.33722e+09	7.82024e+09	7.91951e+09	7.79733e+09	7.43661e+09	8.0929e+09	7.65402e+09	7.44955e+09	8.14054e+09	6.88222e+09	6.49097e+09	6.54435e+09	5.89466e+09	6.31511e+09	6.73984e+09	6.35822e+09	7.36914e+09	8.37834e+09	8.3921e+09	7.50856e+09	7.95453e+09	7.46032e+09	7.79877e+09	8.78e+09	8.53833e+09	8.56245e+09	8.45668e+09	7.80473e+09	6.22618e+09	5.57994e+09	6.13044e+09	5.52531e+09	5.91349e+09	5.59537e+09	8.00576e+09	7.05036e+09	7.85124e+09	7.22987e+09	7.89302e+09	8.11173e+09	8.83178e+09	8.3839e+09	8.55435e+09	8.63303e+09	8.6668e+09	8.52315e+09	5.87982e+09	6.33561e+09	5.82892e+09	6.52446e+09	6.47451e+09	6.41126e+09	7.85289e+09	8.05341e+09	8.25449e+09	8.44934e+09	7.82203e+09	7.86541e+09	8.11326e+09	6.85652e+09	6.9805e+09	8.45189e+09	7.11395e+09	8.45435e+09	7.55461e+09	7.5101e+09	7.62724e+09	7.54808e+09	6.60969e+09	8.04245e+09	7.2958e+09	8.06142e+09	7.22999e+09	8.02945e+09	8.05671e+09	8.07002e+09	6.39896e+09	6.301e+09	8.0239e+09	6.01112e+09	7.6829e+09	6.15214e+09	6.39896e+09	6.301e+09	8.0239e+09	6.01112e+09	7.6829e+09	6.15214e+09
ERR635349	7.97923e+09	7.99521e+09	7.47025e+09	8.05096e+09	7.78067e+09	7.79063e+09	8.11579e+09	7.79232e+09	8.32497e+09	7.80885e+09	7.90824e+09	7.78595e+09	7.42593e+09	8.07923e+09	7.64248e+09	7.43866e+09	8.12727e+09	6.87191e+09	6.48168e+09	6.53499e+09	5.8863e+09	6.30613e+09	6.72943e+09	6.34888e+09	7.35823e+09	8.36405e+09	8.37781e+09	7.49764e+09	7.94181e+09	7.44966e+09	7.78761e+09	8.53833e+09	8.75388e+09	8.5493e+09	8.44414e+09	7.79329e+09	6.21741e+09	5.57291e+09	6.12242e+09	5.51793e+09	5.9054e+09	5.58809e+09	7.99316e+09	7.04027e+09	7.83934e+09	7.21939e+09	7.88071e+09	8.09892e+09	8.81928e+09	8.37216e+09	8.54305e+09	8.62103e+09	8.65442e+09	8.51202e+09	5.87396e+09	6.32922e+09	5.82296e+09	6.5177e+09	6.46741e+09	6.40466e+09	7.84211e+09	8.04173e+09	8.24194e+09	8.43654e+09	7.81028e+09	7.85367e+09	8.10123e+09	6.84758e+09	6.97111e+09	8.43931e+09	7.10476e+09	8.44219e+09	7.54468e+09	7.49975e+09	7.61688e+09	7.53753e+09	6.60104e+09	8.03134e+09	7.28584e+09	8.0495e+09	7.21988e+09	8.01733e+09	8.04512e+09	8.05838e+09	6.39053e+09	6.29279e+09	8.01209e+09	6.00246e+09	7.67157e+09	6.14425e+09	6.39053e+09	6.29279e+09	8.01209e+09	6.00246e+09	7.67157e+09	6.14425e+09
