	ERR608173-k20-n1-x5e9	ERR608174-k20-n1-x5e9	ERR608175-k20-n1-x5e9	ERR608176-k20-n1-x5e9	ERR608177-k20-n1-x5e9	ERR608178-k20-n1-x5e9	ERR610181-k20-n1-x5e9	ERR610182-k20-n1-x5e9	ERR610183-k20-n1-x5e9	ERR610184-k20-n1-x5e9	ERR610185-k20-n1-x5e9	ERR610186-k20-n1-x5e9	ERR605363-k20-n1-x5e9	ERR605364-k20-n1-x5e9	ERR605365-k20-n1-x5e9	ERR605366-k20-n1-x5e9	ERR605367-k20-n1-x5e9	ERR605368-k20-n1-x5e9	ERR605357-k20-n1-x5e9	ERR605358-k20-n1-x5e9	ERR605359-k20-n1-x5e9	ERR605360-k20-n1-x5e9	ERR605361-k20-n1-x5e9	ERR605362-k20-n1-x5e9	ERR609157-k20-n1-x5e9	ERR609158-k20-n1-x5e9	ERR609159-k20-n1-x5e9	ERR609160-k20-n1-x5e9	ERR609161-k20-n1-x5e9	ERR609162-k20-n1-x5e9	ERR605399-k20-n1-x5e9	ERR605400-k20-n1-x5e9	ERR605401-k20-n1-x5e9	ERR605402-k20-n1-x5e9	ERR605403-k20-n1-x5e9	ERR605404-k20-n1-x5e9	ERR605878-k20-n1-x5e9	ERR605879-k20-n1-x5e9	ERR605880-k20-n1-x5e9	ERR605881-k20-n1-x5e9	ERR605882-k20-n1-x5e9	ERR605883-k20-n1-x5e9	ERR607475-k20-n1-x5e9	ERR607476-k20-n1-x5e9	ERR607477-k20-n1-x5e9	ERR607478-k20-n1-x5e9	ERR607479-k20-n1-x5e9	ERR607480-k20-n1-x5e9	ERR607925-k20-n1-x5e9	ERR607926-k20-n1-x5e9	ERR607927-k20-n1-x5e9	ERR607928-k20-n1-x5e9	ERR607929-k20-n1-x5e9	ERR607930-k20-n1-x5e9	ERR609051-k20-n1-x5e9	ERR609052-k20-n1-x5e9	ERR609053-k20-n1-x5e9	ERR609054-k20-n1-x5e9	ERR609055-k20-n1-x5e9	ERR609056-k20-n1-x5e9	ERR608567-k20-n1-x5e9	ERR608568-k20-n1-x5e9	ERR608569-k20-n1-x5e9	ERR608570-k20-n1-x5e9	ERR608571-k20-n1-x5e9	ERR608572-k20-n1-x5e9	ERR608689-k20-n1-x5e9	ERR608690-k20-n1-x5e9	ERR608691-k20-n1-x5e9	ERR608692-k20-n1-x5e9	ERR608693-k20-n1-x5e9	ERR608694-k20-n1-x5e9	ERR607995-k20-n1-x5e9	ERR607996-k20-n1-x5e9	ERR607997-k20-n1-x5e9	ERR607998-k20-n1-x5e9	ERR607999-k20-n1-x5e9	ERR608000-k20-n1-x5e9	ERR607983-k20-n1-x5e9	ERR607984-k20-n1-x5e9	ERR607985-k20-n1-x5e9	ERR607986-k20-n1-x5e9	ERR607987-k20-n1-x5e9	ERR607988-k20-n1-x5e9	ERR608603-k20-n1-x5e9	ERR608604-k20-n1-x5e9	ERR608605-k20-n1-x5e9	ERR608606-k20-n1-x5e9	ERR608607-k20-n1-x5e9	ERR608608-k20-n1-x5e9	ERR606678-k20-n1-x5e9	ERR606679-k20-n1-x5e9	ERR606680-k20-n1-x5e9	ERR606681-k20-n1-x5e9	ERR606682-k20-n1-x5e9	ERR606683-k20-n1-x5e9
ERR608173-k20-n1-x5e9	0	0.290119	0.310978	0.284988	0.281307	0.275927	0.396131	0.49953	0.396622	0.413302	0.410248	0.412342	0.364626	0.455937	0.364291	0.359854	0.359635	0.360085	0.382692	0.491166	0.390685	0.38395	0.383529	0.384111	0.450383	0.454895	0.465087	0.44518	0.459188	0.459563	0.384157	0.443126	0.3807	0.368105	0.37014	0.370219	0.469149	0.488517	0.347498	0.348071	0.349549	0.3505	0.474679	0.467105	0.480463	0.410973	0.410858	0.411042	0.621486	0.562717	0.737116	0.583195	0.576774	0.57883	0.560087	0.567874	0.573015	0.540866	0.539132	0.53626	0.538553	0.521331	0.52467	0.520306	0.519786	0.52257	0.592208	0.57087	0.567217	0.565931	0.566291	0.570053	0.524195	0.531657	0.533236	0.518602	0.519271	0.519936	0.580547	0.574819	0.577108	0.578439	0.580031	0.577943	0.414859	0.423987	0.426001	0.363008	0.365619	0.362151	0.662076	0.573532	0.574329	0.581223	0.579248	0.578885
ERR608174-k20-n1-x5e9	0.290119	0	0.262975	0.265331	0.266142	0.268056	0.399339	0.553994	0.420851	0.411804	0.41039	0.410354	0.372769	0.51603	0.38638	0.382921	0.382245	0.382952	0.408238	0.548022	0.426144	0.42064	0.419401	0.420515	0.469433	0.475149	0.48861	0.478713	0.477874	0.478643	0.387395	0.500285	0.397259	0.386509	0.387165	0.388567	0.529957	0.550417	0.373351	0.379601	0.381404	0.383227	0.530537	0.521757	0.536619	0.437731	0.437994	0.438869	0.652009	0.581227	0.766922	0.610024	0.602622	0.604733	0.559596	0.548169	0.548894	0.532625	0.5316	0.530989	0.558231	0.52475	0.52107	0.518386	0.519291	0.526587	0.607862	0.576226	0.568027	0.56526	0.564987	0.575119	0.495761	0.495948	0.499872	0.495639	0.493186	0.492875	0.574977	0.565345	0.569214	0.586013	0.587144	0.586236	0.38352	0.386864	0.39107	0.362472	0.363212	0.362883	0.681711	0.5614	0.565006	0.576483	0.565892	0.566863
ERR608175-k20-n1-x5e9	0.310978	0.262975	0	0.271931	0.274538	0.279707	0.408211	0.576453	0.436339	0.417397	0.416611	0.415724	0.385031	0.541789	0.402709	0.400402	0.399662	0.400106	0.423645	0.571617	0.444063	0.439543	0.43851	0.439258	0.479211	0.485018	0.49927	0.494323	0.487027	0.488064	0.394383	0.524353	0.408769	0.39994	0.399777	0.401672	0.557181	0.577627	0.393523	0.400985	0.402621	0.404091	0.553961	0.544903	0.560206	0.451773	0.45256	0.453452	0.663895	0.589877	0.779315	0.621282	0.613539	0.615735	0.560554	0.541727	0.540526	0.531713	0.531077	0.531505	0.567359	0.528715	0.522233	0.520564	0.521773	0.530489	0.614931	0.580115	0.570252	0.567141	0.566528	0.578809	0.486788	0.48389	0.488612	0.489288	0.485705	0.485131	0.573881	0.563069	0.567143	0.590262	0.591144	0.590545	0.37708	0.377497	0.382466	0.371526	0.370828	0.372049	0.688239	0.557002	0.561434	0.574644	0.560791	0.562224
ERR608176-k20-n1-x5e9	0.284988	0.265331	0.271931	0	0.26034	0.262797	0.393972	0.540502	0.411855	0.403118	0.401809	0.40184	0.36474	0.506394	0.376906	0.375482	0.374713	0.37513	0.394461	0.536014	0.411756	0.407749	0.406989	0.407535	0.453799	0.458856	0.471442	0.464109	0.461517	0.462332	0.374373	0.486897	0.382767	0.374292	0.37474	0.375848	0.524328	0.543814	0.369593	0.372918	0.374039	0.374362	0.518402	0.50984	0.52537	0.423948	0.424366	0.425325	0.637597	0.568535	0.758644	0.596784	0.589363	0.591474	0.54771	0.541172	0.543253	0.525041	0.523757	0.523118	0.546073	0.515928	0.513118	0.511188	0.511599	0.517571	0.595836	0.566607	0.559262	0.557132	0.556788	0.565557	0.491838	0.494526	0.496793	0.490716	0.490011	0.489871	0.565542	0.557113	0.560043	0.576158	0.576996	0.57596	0.380261	0.385016	0.387986	0.358631	0.358831	0.358632	0.664398	0.55065	0.553566	0.563233	0.554482	0.55501
ERR608177-k20-n1-x5e9	0.281307	0.266142	0.274538	0.26034	0	0.261725	0.392614	0.535749	0.409084	0.402259	0.400762	0.4011	0.362324	0.500519	0.373257	0.371854	0.37107	0.371446	0.391002	0.530623	0.407518	0.403438	0.402547	0.403104	0.451061	0.456174	0.468565	0.46036	0.458896	0.45977	0.372587	0.481389	0.379752	0.370813	0.371532	0.37258	0.519037	0.538347	0.366017	0.369294	0.370099	0.370523	0.513205	0.504596	0.520108	0.420765	0.420973	0.421804	0.634457	0.565954	0.755683	0.593725	0.586518	0.588572	0.546895	0.541802	0.544281	0.524665	0.523574	0.522428	0.543627	0.514484	0.512224	0.510095	0.510346	0.51611	0.593638	0.565182	0.558227	0.556352	0.555964	0.564271	0.493207	0.496479	0.498692	0.491633	0.491238	0.491134	0.564754	0.556686	0.559434	0.574259	0.575194	0.574032	0.381451	0.386768	0.38967	0.356958	0.357848	0.357089	0.662306	0.550444	0.552987	0.562337	0.554247	0.554735
ERR608178-k20-n1-x5e9	0.275927	0.268056	0.279707	0.262797	0.261725	0	0.391258	0.527886	0.404656	0.402986	0.401224	0.40206	0.361926	0.49117	0.370327	0.368194	0.367551	0.367788	0.388491	0.522152	0.403399	0.398977	0.397674	0.398521	0.450473	0.455607	0.467849	0.456543	0.458743	0.459504	0.374309	0.47316	0.379406	0.369573	0.370468	0.371055	0.50786	0.52763	0.360715	0.363504	0.364529	0.365378	0.504558	0.496234	0.511398	0.417838	0.417952	0.418587	0.632027	0.564806	0.75157	0.591359	0.584008	0.586195	0.549602	0.546898	0.549914	0.527318	0.526001	0.524641	0.54195	0.514864	0.513869	0.510932	0.511021	0.516358	0.592965	0.565713	0.559342	0.557455	0.557317	0.564923	0.499242	0.503387	0.505666	0.49664	0.496175	0.496289	0.567784	0.559903	0.562846	0.574609	0.575703	0.574281	0.387506	0.393805	0.396517	0.356172	0.357474	0.356137	0.662726	0.555487	0.557592	0.566461	0.559881	0.560079
ERR610181-k20-n1-x5e9	0.396131	0.399339	0.408211	0.393972	0.392614	0.391258	0	0.437893	0.264682	0.254218	0.252282	0.253841	0.396027	0.505602	0.399876	0.400555	0.400902	0.40055	0.354491	0.499263	0.367698	0.367976	0.366762	0.367272	0.33954	0.344198	0.35435	0.354571	0.347764	0.34859	0.361103	0.46027	0.362195	0.359513	0.358509	0.358747	0.537923	0.555348	0.414978	0.42218	0.421307	0.42218	0.454732	0.445402	0.464699	0.342139	0.342622	0.343827	0.582073	0.510036	0.724648	0.541179	0.53337	0.535503	0.504319	0.507552	0.513729	0.490583	0.489635	0.488813	0.480792	0.452704	0.451391	0.450933	0.450626	0.454894	0.48709	0.462479	0.459873	0.458574	0.458879	0.462882	0.453003	0.470088	0.473525	0.434445	0.436692	0.438132	0.48643	0.4835	0.486994	0.487321	0.48718	0.486911	0.362879	0.371811	0.372166	0.339031	0.338211	0.339032	0.556277	0.481151	0.477702	0.479724	0.493371	0.49084
ERR610182-k20-n1-x5e9	0.49953	0.553994	0.576453	0.540502	0.535749	0.527886	0.437893	0	0.388447	0.456024	0.450756	0.456665	0.516139	0.440024	0.495734	0.494903	0.496685	0.496126	0.449331	0.391481	0.428249	0.426366	0.427646	0.427582	0.445828	0.444684	0.4374	0.397312	0.452105	0.450067	0.502138	0.396974	0.477282	0.472439	0.474348	0.472341	0.461188	0.460314	0.503823	0.497947	0.495949	0.494691	0.361354	0.36357	0.363737	0.434145	0.431364	0.430068	0.554388	0.551732	0.662969	0.542852	0.541141	0.542742	0.603216	0.646688	0.659247	0.609459	0.606891	0.60207	0.523792	0.553658	0.570406	0.565071	0.562641	0.553943	0.52991	0.551642	0.564044	0.566576	0.569376	0.553249	0.621351	0.644028	0.643441	0.599201	0.60562	0.607885	0.605042	0.610714	0.610649	0.568725	0.570432	0.567012	0.557733	0.571211	0.56966	0.491445	0.495194	0.490036	0.558237	0.614923	0.60623	0.596308	0.625271	0.621224
ERR610183-k20-n1-x5e9	0.396622	0.420851	0.436339	0.411855	0.409084	0.404656	0.264682	0.388447	0	0.28171	0.277688	0.281968	0.40428	0.469149	0.399327	0.398896	0.399755	0.399266	0.347526	0.457067	0.350365	0.349104	0.348553	0.349164	0.33806	0.341249	0.347183	0.330691	0.34715	0.346909	0.374658	0.42172	0.365068	0.36032	0.36057	0.360108	0.50083	0.516637	0.41219	0.416191	0.415097	0.415613	0.410589	0.401898	0.419507	0.333978	0.3334	0.333907	0.564718	0.504121	0.704506	0.526665	0.520156	0.522167	0.516891	0.533948	0.542946	0.507834	0.506442	0.50383	0.473092	0.460831	0.465755	0.463459	0.462551	0.46286	0.48055	0.467871	0.470217	0.469953	0.471359	0.468953	0.488893	0.50908	0.511083	0.467752	0.471677	0.473533	0.505102	0.505033	0.507619	0.491858	0.492658	0.491072	0.401453	0.413299	0.412935	0.354501	0.355499	0.353962	0.546556	0.505791	0.500389	0.4985	0.518479	0.515228
ERR610184-k20-n1-x5e9	0.413302	0.411804	0.417397	0.403118	0.402259	0.402986	0.254218	0.456024	0.28171	0	0.24243	0.241773	0.403296	0.52997	0.410337	0.414926	0.414694	0.414048	0.360374	0.519465	0.376145	0.380793	0.379741	0.379268	0.330496	0.33414	0.343078	0.36033	0.335613	0.336467	0.355074	0.478478	0.360485	0.362969	0.361218	0.361721	0.567072	0.583259	0.434003	0.439116	0.437462	0.43666	0.473987	0.464858	0.485815	0.342532	0.34412	0.345423	0.579032	0.505226	0.731888	0.53973	0.531866	0.534032	0.48809	0.489381	0.495509	0.47965	0.479277	0.479543	0.479022	0.44809	0.443799	0.446346	0.446019	0.449804	0.480203	0.454264	0.449888	0.448852	0.448426	0.453855	0.433143	0.451648	0.453146	0.415428	0.419143	0.4207	0.468033	0.465709	0.468097	0.478751	0.477409	0.477774	0.349886	0.358241	0.35654	0.346662	0.344457	0.346738	0.540421	0.45789	0.45447	0.455853	0.468715	0.466161
ERR610185-k20-n1-x5e9	0.410248	0.41039	0.416611	0.401809	0.400762	0.401224	0.252282	0.450756	0.277688	0.24243	0	0.242103	0.401713	0.52486	0.407705	0.411776	0.411898	0.411225	0.358071	0.514672	0.373	0.377325	0.376117	0.375719	0.329963	0.333402	0.342284	0.357441	0.33521	0.336034	0.355122	0.473855	0.35895	0.361142	0.359332	0.359877	0.561499	0.577983	0.430467	0.435705	0.433798	0.433278	0.469679	0.460631	0.480886	0.341124	0.342445	0.34343	0.577232	0.503828	0.729429	0.537942	0.530047	0.53223	0.48947	0.491803	0.498085	0.480718	0.480356	0.480237	0.477621	0.447925	0.444392	0.446241	0.446131	0.449659	0.479467	0.453985	0.450183	0.44918	0.448635	0.453851	0.435776	0.454442	0.455959	0.417906	0.421432	0.423087	0.469867	0.467417	0.46986	0.478999	0.47775	0.478182	0.351919	0.360626	0.358886	0.345092	0.342925	0.345055	0.540628	0.460692	0.457098	0.458558	0.47168	0.469018
ERR610186-k20-n1-x5e9	0.412342	0.410354	0.415724	0.40184	0.4011	0.40206	0.253841	0.456665	0.281968	0.241773	0.242103	0	0.403219	0.530207	0.410149	0.4148	0.414599	0.413764	0.360989	0.520297	0.376712	0.381276	0.380269	0.379803	0.33168	0.335223	0.344277	0.361304	0.336667	0.337285	0.355326	0.479043	0.36059	0.363019	0.361262	0.361889	0.566958	0.583305	0.433291	0.438853	0.436764	0.436417	0.475142	0.466212	0.486576	0.343621	0.345078	0.346437	0.579641	0.505331	0.731934	0.540006	0.53219	0.534387	0.488177	0.488884	0.494958	0.479159	0.478881	0.479116	0.479144	0.447962	0.443574	0.445911	0.44583	0.449776	0.480215	0.453836	0.449115	0.448165	0.447544	0.453355	0.43221	0.450586	0.452063	0.414848	0.418259	0.41968	0.46802	0.465401	0.467981	0.479179	0.477752	0.478301	0.348886	0.357174	0.355453	0.345853	0.343421	0.346122	0.541687	0.458026	0.454616	0.456325	0.46887	0.466382
ERR605363-k20-n1-x5e9	0.364626	0.372769	0.385031	0.36474	0.362324	0.361926	0.396027	0.516139	0.40428	0.403296	0.401713	0.403219	0	0.421035	0.26602	0.269831	0.26907	0.269252	0.35202	0.487815	0.365033	0.362589	0.3625	0.362247	0.428218	0.431847	0.442214	0.434393	0.43522	0.43574	0.344212	0.440525	0.345748	0.338401	0.339522	0.339208	0.499138	0.517104	0.349879	0.351127	0.349675	0.348384	0.505177	0.498197	0.512365	0.42336	0.423727	0.424024	0.628224	0.568308	0.753263	0.592298	0.585186	0.587402	0.549914	0.554617	0.559421	0.53563	0.534084	0.532624	0.547705	0.527542	0.528913	0.527095	0.526001	0.528928	0.584839	0.562237	0.557007	0.556645	0.555942	0.561289	0.512837	0.520794	0.519881	0.510885	0.512655	0.513104	0.574572	0.569146	0.570112	0.582831	0.583657	0.582392	0.404844	0.412817	0.413447	0.377622	0.37868	0.377623	0.637479	0.536741	0.538035	0.545637	0.540653	0.540796
ERR605364-k20-n1-x5e9	0.455937	0.51603	0.541789	0.506394	0.500519	0.49117	0.505602	0.440024	0.469149	0.52997	0.52486	0.530207	0.421035	0	0.392749	0.385291	0.386993	0.386605	0.43762	0.367059	0.418135	0.408843	0.410774	0.41103	0.512239	0.512867	0.513363	0.467569	0.52051	0.519049	0.487056	0.354082	0.461848	0.448216	0.452704	0.449963	0.367986	0.373214	0.430009	0.423612	0.424395	0.424151	0.433128	0.433899	0.43248	0.490276	0.487655	0.486632	0.643831	0.62597	0.719869	0.623351	0.620376	0.621627	0.656495	0.688004	0.697205	0.651207	0.648093	0.643139	0.601232	0.616465	0.630662	0.624184	0.622033	0.617545	0.634175	0.636897	0.642455	0.644044	0.645399	0.637686	0.659475	0.673553	0.672949	0.648119	0.651735	0.653157	0.677419	0.677948	0.678265	0.654168	0.65643	0.652937	0.574484	0.586709	0.587149	0.498797	0.504084	0.49769	0.677858	0.663262	0.659518	0.65825	0.669873	0.667997
ERR605365-k20-n1-x5e9	0.364291	0.38638	0.402709	0.376906	0.373257	0.370327	0.399876	0.495734	0.399327	0.410337	0.407705	0.410149	0.26602	0.392749	0	0.264963	0.264935	0.264681	0.346632	0.4638	0.353503	0.350881	0.35111	0.350767	0.425278	0.428393	0.436852	0.423488	0.432337	0.432746	0.352114	0.417647	0.345614	0.337739	0.339531	0.338633	0.476045	0.49346	0.345484	0.344939	0.343309	0.3419	0.48473	0.47807	0.491587	0.417418	0.417552	0.417668	0.619915	0.565848	0.743496	0.585902	0.579398	0.5815	0.555982	0.568166	0.574253	0.54481	0.542697	0.5405	0.544526	0.531608	0.535996	0.533085	0.531621	0.533066	0.582173	0.564227	0.561269	0.561458	0.560931	0.563638	0.528814	0.538953	0.537571	0.524881	0.527258	0.528016	0.582111	0.578202	0.578783	0.584702	0.585785	0.584002	0.422638	0.432611	0.432897	0.383333	0.385389	0.382891	0.632143	0.548316	0.548566	0.554027	0.553002	0.552602
ERR605366-k20-n1-x5e9	0.359854	0.382921	0.400402	0.375482	0.371854	0.368194	0.400555	0.494903	0.398896	0.414926	0.411776	0.4148	0.269831	0.385291	0.264963	0	0.262058	0.262143	0.349785	0.459559	0.356491	0.350857	0.350916	0.35116	0.432945	0.43661	0.445953	0.42773	0.441132	0.441156	0.359019	0.414321	0.352196	0.340766	0.343218	0.342456	0.463683	0.482104	0.338958	0.339143	0.338385	0.338198	0.482911	0.476151	0.488794	0.422018	0.42174	0.422148	0.626626	0.572523	0.744202	0.591816	0.58504	0.587304	0.565978	0.576878	0.582548	0.551931	0.549687	0.547156	0.550114	0.536726	0.541377	0.537999	0.536515	0.538326	0.589272	0.570531	0.567616	0.567398	0.567309	0.569924	0.53707	0.546406	0.545986	0.532317	0.534329	0.535003	0.590477	0.58608	0.587159	0.590888	0.592203	0.590456	0.429628	0.439206	0.440309	0.383822	0.386297	0.383385	0.643445	0.558306	0.558605	0.564674	0.563541	0.563085
ERR605367-k20-n1-x5e9	0.359635	0.382245	0.399662	0.374713	0.37107	0.367551	0.400902	0.496685	0.399755	0.414694	0.411898	0.414599	0.26907	0.386993	0.264935	0.262058	0	0.261823	0.350061	0.461516	0.356871	0.351723	0.351706	0.351946	0.433686	0.437105	0.446564	0.428878	0.441561	0.441619	0.35827	0.416127	0.351938	0.340562	0.343084	0.341973	0.46569	0.483936	0.33917	0.339425	0.338896	0.338212	0.484388	0.477733	0.49065	0.422506	0.422538	0.422473	0.627082	0.57241	0.744886	0.592023	0.585411	0.587583	0.564996	0.5756	0.581313	0.55076	0.548714	0.546207	0.550201	0.536267	0.540911	0.537454	0.536142	0.537761	0.589693	0.570688	0.567446	0.567256	0.567069	0.569855	0.536106	0.545418	0.544947	0.531574	0.533569	0.534316	0.589823	0.585394	0.586405	0.590836	0.592174	0.590276	0.428551	0.438262	0.439249	0.383696	0.386089	0.383157	0.643801	0.557674	0.55799	0.564133	0.562699	0.56241
ERR605368-k20-n1-x5e9	0.360085	0.382952	0.400106	0.37513	0.371446	0.367788	0.40055	0.496126	0.399266	0.414048	0.411225	0.413764	0.269252	0.386605	0.264681	0.262143	0.261823	0	0.349684	0.460958	0.356674	0.351474	0.351717	0.351786	0.43276	0.436285	0.44571	0.42826	0.440588	0.440764	0.358012	0.415622	0.351435	0.340788	0.342605	0.341922	0.466378	0.484405	0.339948	0.34031	0.339748	0.33918	0.483961	0.477346	0.489883	0.421841	0.421685	0.421805	0.6262	0.571669	0.744164	0.591205	0.584525	0.586625	0.563964	0.574843	0.580676	0.550078	0.548004	0.545601	0.549265	0.535557	0.540274	0.536788	0.53533	0.537024	0.588567	0.569765	0.566556	0.566396	0.566155	0.569035	0.534914	0.544405	0.54395	0.530498	0.532473	0.533084	0.588661	0.584352	0.585265	0.589647	0.590766	0.589076	0.427983	0.437697	0.438517	0.383369	0.385616	0.382912	0.642377	0.556505	0.556803	0.562903	0.561606	0.561341
ERR605357-k20-n1-x5e9	0.382692	0.408238	0.423645	0.394461	0.391002	0.388491	0.354491	0.449331	0.347526	0.360374	0.358071	0.360989	0.35202	0.43762	0.346632	0.349785	0.350061	0.349684	0	0.412266	0.269756	0.27371	0.272593	0.272104	0.348962	0.351232	0.357688	0.349677	0.356123	0.355943	0.316435	0.385626	0.305748	0.303296	0.303916	0.303302	0.499988	0.514578	0.391535	0.391424	0.388721	0.386633	0.439165	0.43171	0.448308	0.357842	0.357382	0.357724	0.580619	0.524587	0.723289	0.545962	0.53979	0.541596	0.525539	0.542992	0.551533	0.520737	0.519138	0.517202	0.499256	0.489352	0.493667	0.49275	0.491479	0.490801	0.518736	0.506535	0.50608	0.507223	0.507139	0.50647	0.504276	0.521542	0.520348	0.491636	0.496201	0.497712	0.530686	0.52995	0.530478	0.527937	0.528331	0.52697	0.412804	0.423806	0.422246	0.377416	0.378065	0.376825	0.559988	0.505279	0.501593	0.501601	0.513274	0.511037
ERR605358-k20-n1-x5e9	0.491166	0.548022	0.571617	0.536014	0.530623	0.522152	0.499263	0.391481	0.457067	0.519465	0.514672	0.520297	0.487815	0.367059	0.4638	0.459559	0.461516	0.460958	0.412266	0	0.388489	0.382711	0.384588	0.384398	0.483501	0.483065	0.480146	0.434907	0.491008	0.489214	0.486487	0.341462	0.459439	0.450758	0.453394	0.451326	0.416861	0.413865	0.48615	0.480879	0.479937	0.478749	0.399353	0.401313	0.398985	0.472392	0.469585	0.468216	0.613278	0.603783	0.69693	0.598045	0.596255	0.597471	0.64489	0.681035	0.691801	0.645537	0.64274	0.638072	0.577138	0.598307	0.613246	0.60782	0.605491	0.599244	0.593216	0.605479	0.614391	0.616754	0.618704	0.60696	0.654911	0.673289	0.672368	0.638618	0.643601	0.645369	0.652201	0.655607	0.655324	0.622927	0.624844	0.621464	0.584063	0.596533	0.595697	0.51565	0.519764	0.514274	0.623722	0.644472	0.638506	0.633368	0.653191	0.650133
ERR605359-k20-n1-x5e9	0.390685	0.426144	0.444063	0.411756	0.407518	0.403399	0.367698	0.428249	0.350365	0.376145	0.373	0.376712	0.365033	0.418135	0.353503	0.356491	0.356871	0.356674	0.269756	0.388489	0	0.269932	0.269656	0.26875	0.353873	0.355047	0.358726	0.34331	0.360836	0.360214	0.33385	0.364906	0.315883	0.313337	0.314096	0.312978	0.482738	0.49612	0.396908	0.395406	0.392297	0.390137	0.419503	0.412532	0.428015	0.360116	0.359302	0.359053	0.572134	0.524267	0.713677	0.540328	0.534997	0.536757	0.534498	0.558748	0.568369	0.532654	0.530908	0.528119	0.498866	0.497363	0.50481	0.502858	0.5013	0.498881	0.518336	0.511878	0.513723	0.515534	0.515716	0.512202	0.522676	0.541326	0.539687	0.50875	0.513766	0.515384	0.541495	0.542077	0.542239	0.533175	0.53352	0.531801	0.434818	0.447023	0.445189	0.390641	0.39197	0.389606	0.554377	0.520022	0.515574	0.513636	0.528523	0.525903
ERR605360-k20-n1-x5e9	0.38395	0.42064	0.439543	0.407749	0.403438	0.398977	0.367976	0.426366	0.349104	0.380793	0.377325	0.381276	0.362589	0.408843	0.350881	0.350857	0.351723	0.351474	0.27371	0.382711	0.269932	0	0.267687	0.266828	0.364089	0.366403	0.371062	0.348579	0.372622	0.371824	0.339837	0.360746	0.322351	0.315831	0.317068	0.316113	0.470334	0.484755	0.389416	0.388541	0.386287	0.384831	0.416304	0.409411	0.423827	0.365026	0.364106	0.36385	0.578348	0.530055	0.71339	0.545187	0.539694	0.541404	0.542932	0.565873	0.575011	0.537695	0.535711	0.532641	0.503595	0.501129	0.508932	0.506091	0.504459	0.502698	0.52526	0.517925	0.520017	0.521352	0.521939	0.518259	0.529851	0.547516	0.546742	0.515659	0.520181	0.521808	0.550125	0.55009	0.550755	0.539122	0.539924	0.537832	0.439999	0.45205	0.450991	0.388636	0.39071	0.387892	0.567672	0.529539	0.52527	0.524264	0.53842	0.535848
ERR605361-k20-n1-x5e9	0.383529	0.419401	0.43851	0.406989	0.402547	0.397674	0.366762	0.427646	0.348553	0.379741	0.376117	0.380269	0.3625	0.410774	0.35111	0.350916	0.351706	0.351717	0.272593	0.384588	0.269656	0.267687	0	0.267324	0.363305	0.364933	0.369929	0.348155	0.371149	0.370712	0.338185	0.362115	0.320989	0.314465	0.315748	0.31473	0.471814	0.486357	0.388993	0.388093	0.385965	0.38464	0.417584	0.410461	0.425088	0.364689	0.363534	0.363278	0.578194	0.529163	0.713637	0.544882	0.539467	0.54124	0.541853	0.564635	0.573727	0.536641	0.53462	0.531721	0.503022	0.500572	0.508229	0.505422	0.50394	0.501785	0.524725	0.517095	0.51898	0.52027	0.520829	0.517059	0.528697	0.546284	0.545484	0.514458	0.519142	0.52062	0.549026	0.548998	0.549685	0.538312	0.539156	0.537	0.438019	0.450079	0.448934	0.387564	0.389602	0.386767	0.567417	0.52882	0.524654	0.523905	0.537805	0.535372
ERR605362-k20-n1-x5e9	0.384111	0.420515	0.439258	0.407535	0.403104	0.398521	0.367272	0.427582	0.349164	0.379268	0.375719	0.379803	0.362247	0.41103	0.350767	0.35116	0.351946	0.351786	0.272104	0.384398	0.26875	0.266828	0.267324	0	0.362112	0.363849	0.368809	0.34792	0.37018	0.369535	0.338111	0.362195	0.320288	0.314655	0.31581	0.314828	0.472797	0.486916	0.389542	0.388593	0.386278	0.384795	0.417252	0.410141	0.425014	0.363748	0.362378	0.36222	0.577789	0.52927	0.714161	0.544775	0.539328	0.541205	0.541552	0.564164	0.573475	0.536748	0.534711	0.531839	0.503127	0.500746	0.508254	0.505532	0.504022	0.50202	0.524916	0.517409	0.519284	0.520685	0.521024	0.517581	0.527919	0.545556	0.544716	0.513749	0.518294	0.519955	0.548328	0.54833	0.548887	0.538095	0.538854	0.536786	0.438114	0.449993	0.448912	0.388437	0.390507	0.387591	0.566124	0.527752	0.523623	0.522689	0.536638	0.534148
ERR609157-k20-n1-x5e9	0.450383	0.469433	0.479211	0.453799	0.451061	0.450473	0.33954	0.445828	0.33806	0.330496	0.329963	0.33168	0.428218	0.512239	0.425278	0.432945	0.433686	0.43276	0.348962	0.483501	0.353873	0.364089	0.363305	0.362112	0	0.252976	0.25629	0.277758	0.257368	0.257799	0.363063	0.445764	0.356974	0.364775	0.362659	0.36245	0.569279	0.581226	0.473344	0.473875	0.470412	0.467176	0.437915	0.429886	0.450054	0.32688	0.327729	0.328078	0.551538	0.491181	0.714623	0.518119	0.511911	0.513388	0.491787	0.51148	0.521751	0.497154	0.496412	0.495741	0.464855	0.452829	0.454627	0.457281	0.455723	0.454757	0.456701	0.447484	0.449272	0.451322	0.45098	0.448473	0.470812	0.49588	0.494261	0.449385	0.456434	0.458549	0.468598	0.472044	0.471949	0.468149	0.466619	0.46611	0.404575	0.415775	0.411753	0.392463	0.391317	0.391984	0.489499	0.459398	0.451772	0.445437	0.470757	0.466696
ERR609158-k20-n1-x5e9	0.454895	0.475149	0.485018	0.458856	0.456174	0.455607	0.344198	0.444684	0.341249	0.33414	0.333402	0.335223	0.431847	0.512867	0.428393	0.43661	0.437105	0.436285	0.351232	0.483065	0.355047	0.366403	0.364933	0.363849	0.252976	0	0.254995	0.277678	0.25694	0.257204	0.365802	0.44547	0.358391	0.367379	0.365256	0.364969	0.571468	0.582876	0.477987	0.477869	0.474082	0.470626	0.437186	0.42932	0.449537	0.328279	0.328791	0.329263	0.549488	0.490455	0.713867	0.516885	0.510679	0.512128	0.491849	0.513059	0.523651	0.498627	0.497792	0.497086	0.464666	0.454485	0.456569	0.459398	0.457857	0.455782	0.455335	0.447826	0.449805	0.452061	0.451665	0.448513	0.473203	0.498768	0.496776	0.451852	0.459083	0.461373	0.468761	0.472686	0.47231	0.468059	0.466532	0.466018	0.408476	0.420023	0.415552	0.397098	0.395791	0.396601	0.485449	0.459547	0.451556	0.444589	0.470797	0.466655
ERR609159-k20-n1-x5e9	0.465087	0.48861	0.49927	0.471442	0.468565	0.467849	0.35435	0.4374	0.347183	0.343078	0.342284	0.344277	0.442214	0.513363	0.436852	0.445953	0.446564	0.44571	0.357688	0.480146	0.358726	0.371062	0.369929	0.368809	0.25629	0.254995	0	0.277182	0.259199	0.259297	0.374969	0.443855	0.365957	0.375699	0.373642	0.373342	0.573034	0.583404	0.487042	0.485654	0.481536	0.477737	0.432778	0.425261	0.445061	0.329927	0.331156	0.331071	0.54151	0.487371	0.709832	0.511621	0.505904	0.507456	0.491633	0.517183	0.528603	0.502159	0.501293	0.500502	0.462582	0.457057	0.460771	0.463253	0.461653	0.458659	0.452706	0.449262	0.45278	0.455329	0.455095	0.450057	0.479192	0.506102	0.503571	0.457294	0.4653	0.467703	0.469694	0.474904	0.473951	0.467653	0.465975	0.465583	0.419243	0.431159	0.426326	0.406601	0.405527	0.406217	0.474768	0.462847	0.454182	0.445528	0.473759	0.469317
ERR609160-k20-n1-x5e9	0.44518	0.478713	0.494323	0.464109	0.46036	0.456543	0.354571	0.397312	0.330691	0.36033	0.357441	0.361304	0.434393	0.467569	0.423488	0.42773	0.428878	0.42826	0.349677	0.434907	0.34331	0.348579	0.348155	0.34792	0.277758	0.277678	0.277182	0	0.285173	0.28416	0.386122	0.404415	0.369816	0.371557	0.371003	0.370219	0.523245	0.533868	0.464702	0.464031	0.461094	0.458609	0.387927	0.380617	0.397974	0.330682	0.329604	0.329621	0.541343	0.494373	0.693121	0.510073	0.504823	0.506553	0.517627	0.547105	0.558919	0.521407	0.519677	0.517248	0.46437	0.46759	0.476041	0.47485	0.473004	0.469184	0.462474	0.464266	0.470767	0.473014	0.474178	0.465913	0.51269	0.537586	0.536773	0.489798	0.496368	0.498768	0.501401	0.505856	0.506173	0.483095	0.483216	0.481314	0.443047	0.455741	0.453267	0.403647	0.404686	0.402884	0.496746	0.499759	0.491129	0.483404	0.512153	0.507856
ERR609161-k20-n1-x5e9	0.459188	0.477874	0.487027	0.461517	0.458896	0.458743	0.347764	0.452105	0.34715	0.335613	0.33521	0.336667	0.43522	0.52051	0.432337	0.441132	0.441561	0.440588	0.356123	0.491008	0.360836	0.372622	0.371149	0.37018	0.257368	0.25694	0.259199	0.285173	0	0.255127	0.367816	0.453174	0.361593	0.370822	0.3686	0.368407	0.578498	0.590078	0.482086	0.48206	0.478299	0.474678	0.445402	0.437515	0.457919	0.332142	0.333374	0.333651	0.552125	0.492495	0.717304	0.519748	0.513492	0.515122	0.491326	0.51137	0.521778	0.49838	0.497817	0.497306	0.467397	0.455697	0.457198	0.460544	0.458954	0.457319	0.458423	0.449767	0.451404	0.453679	0.453055	0.45033	0.470893	0.496402	0.494323	0.449882	0.45723	0.459513	0.467701	0.471536	0.470976	0.469144	0.46735	0.467301	0.407493	0.41875	0.414197	0.399467	0.397722	0.399076	0.486409	0.457651	0.449744	0.442985	0.46846	0.464329
ERR609162-k20-n1-x5e9	0.459563	0.478643	0.488064	0.462332	0.45977	0.459504	0.34859	0.450067	0.346909	0.336467	0.336034	0.337285	0.43574	0.519049	0.432746	0.441156	0.441619	0.440764	0.355943	0.489214	0.360214	0.371824	0.370712	0.369535	0.257799	0.257204	0.259297	0.28416	0.255127	0	0.368807	0.451594	0.36214	0.371275	0.369001	0.368869	0.577233	0.588579	0.482133	0.481819	0.478085	0.474542	0.44409	0.436045	0.456222	0.332681	0.333879	0.334213	0.551457	0.492234	0.716419	0.518986	0.512883	0.514644	0.491921	0.512658	0.523188	0.499393	0.498524	0.498056	0.467217	0.456423	0.458467	0.461295	0.459694	0.457843	0.457574	0.449957	0.451556	0.45378	0.453349	0.450194	0.472364	0.498075	0.495794	0.451111	0.45869	0.460923	0.468417	0.472533	0.471749	0.469474	0.467622	0.467438	0.409564	0.420897	0.416244	0.400322	0.398909	0.399963	0.485955	0.459241	0.451342	0.44441	0.470141	0.465997
ERR605399-k20-n1-x5e9	0.384157	0.387395	0.394383	0.374373	0.372587	0.374309	0.361103	0.502138	0.374658	0.355074	0.355122	0.355326	0.344212	0.487056	0.352114	0.359019	0.35827	0.358012	0.316435	0.486487	0.33385	0.339837	0.338185	0.338111	0.363063	0.365802	0.374969	0.386122	0.367816	0.368807	0	0.414097	0.264529	0.268982	0.267372	0.268188	0.549651	0.565227	0.405689	0.40666	0.403834	0.401033	0.487039	0.47871	0.497326	0.369245	0.370633	0.371095	0.59895	0.532294	0.745062	0.562042	0.554943	0.557022	0.510847	0.516011	0.522308	0.504359	0.503599	0.503608	0.510237	0.486227	0.484339	0.485941	0.485463	0.487704	0.532426	0.510618	0.505627	0.505941	0.504853	0.509865	0.469813	0.484085	0.48231	0.46178	0.465576	0.466634	0.515055	0.512039	0.512557	0.527876	0.526974	0.526719	0.372745	0.380731	0.378877	0.367772	0.36623	0.36751	0.573249	0.48273	0.481387	0.485213	0.488414	0.487062
ERR605400-k20-n1-x5e9	0.443126	0.500285	0.524353	0.486897	0.481389	0.47316	0.46027	0.396974	0.42172	0.478478	0.473855	0.479043	0.440525	0.354082	0.417647	0.414321	0.416127	0.415622	0.385626	0.341462	0.364906	0.360746	0.362115	0.362195	0.445764	0.44547	0.443855	0.404415	0.453174	0.451594	0.414097	0	0.386256	0.377467	0.380393	0.378187	0.419403	0.42338	0.445975	0.439674	0.438538	0.436886	0.390456	0.389487	0.393128	0.429166	0.4269	0.42531	0.598559	0.580745	0.701164	0.57892	0.57653	0.577833	0.614682	0.649149	0.659818	0.615167	0.612375	0.608112	0.555075	0.571623	0.585186	0.580312	0.578172	0.572564	0.578032	0.584878	0.591495	0.593833	0.595147	0.585816	0.617596	0.63588	0.634777	0.602147	0.607216	0.608987	0.623337	0.625808	0.625803	0.599842	0.601362	0.598168	0.536576	0.549392	0.5485	0.469316	0.473498	0.46839	0.607077	0.614349	0.608507	0.603612	0.622031	0.619243
ERR605401-k20-n1-x5e9	0.3807	0.397259	0.408769	0.382767	0.379752	0.379406	0.362195	0.477282	0.365068	0.360485	0.35895	0.36059	0.345748	0.461848	0.345614	0.352196	0.351938	0.351435	0.305748	0.459439	0.315883	0.322351	0.320989	0.320288	0.356974	0.358391	0.365957	0.369816	0.361593	0.36214	0.264529	0.386256	0	0.263768	0.262906	0.262651	0.52745	0.542446	0.39903	0.398561	0.395608	0.392702	0.462543	0.454539	0.472346	0.359982	0.361131	0.361071	0.587385	0.527182	0.73327	0.552421	0.545883	0.547765	0.516427	0.529787	0.537517	0.512805	0.511691	0.510591	0.504636	0.488917	0.490555	0.491001	0.490059	0.490344	0.528305	0.511924	0.509615	0.510303	0.50954	0.511527	0.486961	0.50316	0.501218	0.476825	0.481198	0.482554	0.522682	0.521155	0.521421	0.52819	0.52785	0.52697	0.390756	0.40085	0.398739	0.371291	0.370987	0.370874	0.564419	0.494827	0.492219	0.49365	0.501461	0.49964
ERR605402-k20-n1-x5e9	0.368105	0.386509	0.39994	0.374292	0.370813	0.369573	0.359513	0.472439	0.36032	0.362969	0.361142	0.363019	0.338401	0.448216	0.337739	0.340766	0.340562	0.340788	0.303296	0.450758	0.313337	0.315831	0.314465	0.314655	0.364775	0.367379	0.375699	0.371557	0.370822	0.371275	0.268982	0.377467	0.263768	0	0.259446	0.259618	0.510577	0.526765	0.385024	0.385142	0.382882	0.380981	0.455656	0.447262	0.464578	0.361698	0.362197	0.362507	0.591557	0.531382	0.731607	0.555298	0.5488	0.55078	0.52541	0.538201	0.545632	0.518112	0.516602	0.515082	0.507566	0.492338	0.494752	0.494081	0.493063	0.493782	0.534433	0.517465	0.515232	0.515595	0.515128	0.516839	0.49484	0.509989	0.508947	0.484346	0.488207	0.489392	0.532105	0.530054	0.530827	0.533989	0.534148	0.532891	0.395035	0.405106	0.403992	0.365547	0.365937	0.365271	0.577323	0.506081	0.503755	0.506005	0.513019	0.511377
ERR605403-k20-n1-x5e9	0.37014	0.387165	0.399777	0.37474	0.371532	0.370468	0.358509	0.474348	0.36057	0.361218	0.359332	0.361262	0.339522	0.452704	0.339531	0.343218	0.343084	0.342605	0.303916	0.453394	0.314096	0.317068	0.315748	0.31581	0.362659	0.365256	0.373642	0.371003	0.3686	0.369001	0.267372	0.380393	0.262906	0.259446	0	0.259063	0.515024	0.531029	0.388095	0.388394	0.386015	0.38395	0.45773	0.449513	0.466968	0.361148	0.361921	0.362099	0.590881	0.529882	0.731916	0.554445	0.547862	0.549891	0.522499	0.534729	0.542173	0.515343	0.513753	0.512523	0.506274	0.490142	0.492251	0.491389	0.490652	0.491349	0.532044	0.514835	0.512309	0.512754	0.512222	0.514237	0.491581	0.506727	0.505706	0.48112	0.484978	0.486201	0.528615	0.526638	0.527419	0.531529	0.531562	0.530557	0.392251	0.402197	0.40085	0.365119	0.365311	0.364846	0.574714	0.502281	0.499988	0.502274	0.509303	0.507683
ERR605404-k20-n1-x5e9	0.370219	0.388567	0.401672	0.375848	0.37258	0.371055	0.358747	0.472341	0.360108	0.361721	0.359877	0.361889	0.339208	0.449963	0.338633	0.342456	0.341973	0.341922	0.303302	0.451326	0.312978	0.316113	0.31473	0.314828	0.36245	0.364969	0.373342	0.370219	0.368407	0.368869	0.268188	0.378187	0.262651	0.259618	0.259063	0	0.513163	0.528881	0.386951	0.387248	0.38467	0.382692	0.456458	0.448049	0.465584	0.360995	0.361927	0.362019	0.590598	0.530356	0.731709	0.554485	0.547854	0.549755	0.523793	0.536958	0.544522	0.517105	0.515633	0.514087	0.506652	0.491317	0.493844	0.492899	0.492114	0.492467	0.532636	0.515851	0.51366	0.514049	0.513536	0.515327	0.493511	0.50901	0.507865	0.483007	0.487032	0.488341	0.53029	0.528291	0.528998	0.53267	0.532805	0.531475	0.394565	0.404671	0.403265	0.366335	0.366667	0.366073	0.574195	0.503749	0.501293	0.503513	0.510741	0.508987
ERR605878-k20-n1-x5e9	0.469149	0.529957	0.557181	0.524328	0.519037	0.50786	0.537923	0.461188	0.50083	0.567072	0.561499	0.566958	0.499138	0.367986	0.476045	0.463683	0.46569	0.466378	0.499988	0.416861	0.482738	0.470334	0.471814	0.472797	0.569279	0.571468	0.573034	0.523245	0.578498	0.577233	0.549651	0.419403	0.52745	0.510577	0.515024	0.513163	0	0.301051	0.410476	0.407965	0.410207	0.413235	0.457417	0.458742	0.453239	0.533284	0.530186	0.529014	0.680932	0.662576	0.73329	0.660114	0.656971	0.658674	0.697544	0.725221	0.733095	0.686868	0.684009	0.678541	0.639294	0.652841	0.66707	0.659331	0.65755	0.654293	0.679404	0.679327	0.684168	0.68482	0.686623	0.679921	0.695467	0.707092	0.707873	0.68498	0.687294	0.6883	0.717378	0.71663	0.717777	0.692861	0.695522	0.691876	0.612018	0.623341	0.624842	0.529172	0.535198	0.528137	0.743457	0.716652	0.714773	0.716117	0.724101	0.72251
ERR605879-k20-n1-x5e9	0.488517	0.550417	0.577627	0.543814	0.538347	0.52763	0.555348	0.460314	0.516637	0.583259	0.577983	0.583305	0.517104	0.373214	0.49346	0.482104	0.483936	0.484405	0.514578	0.413865	0.49612	0.484755	0.486357	0.486916	0.581226	0.582876	0.583404	0.533868	0.590078	0.588579	0.565227	0.42338	0.542446	0.526765	0.531029	0.528881	0.301051	0	0.433458	0.429078	0.431207	0.433039	0.459618	0.4628	0.45541	0.546752	0.54353	0.542391	0.68482	0.672065	0.731996	0.667356	0.664784	0.666442	0.708818	0.73846	0.746645	0.700137	0.697315	0.691874	0.649122	0.665298	0.680051	0.67266	0.670803	0.666627	0.686805	0.689474	0.694991	0.696029	0.697885	0.690156	0.709792	0.72192	0.722227	0.699047	0.701713	0.702906	0.72835	0.728365	0.729013	0.702877	0.705471	0.701786	0.62939	0.64068	0.64187	0.547718	0.553545	0.546639	0.746855	0.727959	0.725514	0.725823	0.735029	0.733295
ERR605880-k20-n1-x5e9	0.347498	0.373351	0.393523	0.369593	0.366017	0.360715	0.414978	0.503823	0.41219	0.434003	0.430467	0.433291	0.349879	0.430009	0.345484	0.338958	0.33917	0.339948	0.391535	0.48615	0.396908	0.389416	0.388993	0.389542	0.473344	0.477987	0.487042	0.464702	0.482086	0.482133	0.405689	0.445975	0.39903	0.385024	0.388095	0.386951	0.410476	0.433458	0	0.274355	0.275099	0.277627	0.495052	0.488786	0.499868	0.447109	0.44596	0.446239	0.645123	0.591973	0.752189	0.610756	0.604217	0.606267	0.589285	0.598153	0.602765	0.571656	0.569906	0.566716	0.573151	0.559801	0.5644	0.559767	0.558859	0.561361	0.620295	0.599565	0.595979	0.595058	0.595056	0.598843	0.556537	0.563642	0.564308	0.553649	0.554387	0.554601	0.616148	0.610449	0.612241	0.617932	0.619127	0.617301	0.450081	0.459149	0.461018	0.395041	0.398427	0.394497	0.685671	0.596044	0.597807	0.605622	0.601322	0.601148
ERR605881-k20-n1-x5e9	0.348071	0.379601	0.400985	0.372918	0.369294	0.363504	0.42218	0.497947	0.416191	0.439116	0.435705	0.438853	0.351127	0.423612	0.344939	0.339143	0.339425	0.34031	0.391424	0.480879	0.395406	0.388541	0.388093	0.388593	0.473875	0.477869	0.485654	0.464031	0.48206	0.481819	0.40666	0.439674	0.398561	0.385142	0.388394	0.387248	0.407965	0.429078	0.274355	0	0.267708	0.268535	0.491202	0.485314	0.496169	0.44769	0.446913	0.446798	0.639679	0.590049	0.749366	0.606816	0.600427	0.60266	0.589457	0.601923	0.607153	0.574513	0.572764	0.569553	0.572095	0.562459	0.568103	0.563752	0.562471	0.563531	0.620413	0.602596	0.599711	0.599042	0.599347	0.601459	0.562053	0.569799	0.569595	0.558891	0.560526	0.561024	0.619359	0.614463	0.615513	0.619262	0.620373	0.618418	0.457326	0.46705	0.468325	0.401309	0.404629	0.400668	0.681737	0.597277	0.598387	0.604532	0.601041	0.600636
ERR605882-k20-n1-x5e9	0.349549	0.381404	0.402621	0.374039	0.370099	0.364529	0.421307	0.495949	0.415097	0.437462	0.433798	0.436764	0.349675	0.424395	0.343309	0.338385	0.338896	0.339748	0.388721	0.479937	0.392297	0.386287	0.385965	0.386278	0.470412	0.474082	0.481536	0.461094	0.478299	0.478085	0.403834	0.438538	0.395608	0.382882	0.386015	0.38467	0.410207	0.431207	0.275099	0.267708	0	0.267657	0.489848	0.484166	0.495202	0.444928	0.444241	0.444098	0.636032	0.586878	0.748241	0.603744	0.597352	0.599624	0.586147	0.599298	0.604994	0.572237	0.570558	0.567238	0.569565	0.560409	0.56634	0.561953	0.560683	0.561629	0.617457	0.60012	0.597461	0.596978	0.59714	0.599144	0.559666	0.567843	0.567198	0.556401	0.558381	0.558851	0.61646	0.611821	0.612663	0.616771	0.617815	0.615883	0.455602	0.465437	0.466506	0.40073	0.404172	0.400064	0.67681	0.594179	0.59516	0.600819	0.597672	0.597297
ERR605883-k20-n1-x5e9	0.3505	0.383227	0.404091	0.374362	0.370523	0.365378	0.42218	0.494691	0.415613	0.43666	0.433278	0.436417	0.348384	0.424151	0.3419	0.338198	0.338212	0.33918	0.386633	0.478749	0.390137	0.384831	0.38464	0.384795	0.467176	0.470626	0.477737	0.458609	0.474678	0.474542	0.401033	0.436886	0.392702	0.380981	0.38395	0.382692	0.413235	0.433039	0.277627	0.268535	0.267657	0	0.489023	0.483087	0.494408	0.443369	0.442643	0.442538	0.632438	0.584279	0.746878	0.60063	0.594381	0.596581	0.583063	0.597225	0.603155	0.570502	0.568821	0.565464	0.56717	0.559195	0.564925	0.560975	0.559734	0.560029	0.614862	0.598304	0.595613	0.595352	0.595307	0.597116	0.558342	0.56686	0.565832	0.555212	0.557588	0.558062	0.614392	0.610072	0.61069	0.615111	0.616049	0.614177	0.454684	0.464682	0.465374	0.401492	0.404589	0.40084	0.671683	0.591164	0.591906	0.597321	0.594305	0.593834
ERR607475-k20-n1-x5e9	0.474679	0.530537	0.553961	0.518402	0.513205	0.504558	0.454732	0.361354	0.410589	0.473987	0.469679	0.475142	0.505177	0.433128	0.48473	0.482911	0.484388	0.483961	0.439165	0.399353	0.419503	0.416304	0.417584	0.417252	0.437915	0.437186	0.432778	0.387927	0.445402	0.44409	0.487039	0.390456	0.462543	0.455656	0.45773	0.456458	0.457417	0.459618	0.495052	0.491202	0.489848	0.489023	0	0.274025	0.277786	0.367776	0.364127	0.362651	0.539148	0.527761	0.653945	0.51946	0.518509	0.51911	0.58736	0.631383	0.644649	0.590787	0.587851	0.582432	0.496647	0.526675	0.544941	0.538844	0.536507	0.52784	0.536722	0.552319	0.563688	0.565761	0.568291	0.55434	0.604933	0.628647	0.629022	0.580336	0.586268	0.588842	0.582766	0.58906	0.589611	0.538431	0.541358	0.536704	0.53894	0.552989	0.551828	0.466457	0.470358	0.464809	0.564764	0.608329	0.599913	0.591363	0.620333	0.616103
