	ERR608063-k20-n1-x5e9	ERR608064-k20-n1-x5e9	ERR608065-k20-n1-x5e9	ERR608066-k20-n1-x5e9	ERR608067-k20-n1-x5e9	ERR608068-k20-n1-x5e9	ERR607567-k20-n1-x5e9	ERR607568-k20-n1-x5e9	ERR607569-k20-n1-x5e9	ERR607570-k20-n1-x5e9	ERR607571-k20-n1-x5e9	ERR607572-k20-n1-x5e9	ERR607621-k20-n1-x5e9	ERR607622-k20-n1-x5e9	ERR607623-k20-n1-x5e9	ERR607624-k20-n1-x5e9	ERR607625-k20-n1-x5e9	ERR607626-k20-n1-x5e9	ERR608811-k20-n1-x5e9	ERR608812-k20-n1-x5e9	ERR608813-k20-n1-x5e9	ERR608814-k20-n1-x5e9	ERR608815-k20-n1-x5e9	ERR608816-k20-n1-x5e9	ERR607194-k20-n1-x5e9	ERR607195-k20-n1-x5e9	ERR607196-k20-n1-x5e9	ERR607197-k20-n1-x5e9	ERR607198-k20-n1-x5e9	ERR607199-k20-n1-x5e9	ERR609271-k20-n1-x5e9	ERR609272-k20-n1-x5e9	ERR609273-k20-n1-x5e9	ERR609274-k20-n1-x5e9	ERR609275-k20-n1-x5e9	ERR609276-k20-n1-x5e9	ERR605916-k20-n1-x5e9	ERR605917-k20-n1-x5e9	ERR605918-k20-n1-x5e9	ERR605919-k20-n1-x5e9	ERR605920-k20-n1-x5e9	ERR605921-k20-n1-x5e9	ERR608841-k20-n1-x5e9	ERR608842-k20-n1-x5e9	ERR608843-k20-n1-x5e9	ERR608844-k20-n1-x5e9	ERR608845-k20-n1-x5e9	ERR608846-k20-n1-x5e9	ERR608943-k20-n1-x5e9	ERR608944-k20-n1-x5e9	ERR608945-k20-n1-x5e9	ERR608946-k20-n1-x5e9	ERR608947-k20-n1-x5e9	ERR608948-k20-n1-x5e9	ERR608439-k20-n1-x5e9	ERR608440-k20-n1-x5e9	ERR608441-k20-n1-x5e9	ERR608442-k20-n1-x5e9	ERR608443-k20-n1-x5e9	ERR608444-k20-n1-x5e9	ERR608549-k20-n1-x5e9	ERR608550-k20-n1-x5e9	ERR608551-k20-n1-x5e9	ERR608552-k20-n1-x5e9	ERR608553-k20-n1-x5e9	ERR608554-k20-n1-x5e9	ERR607415-k20-n1-x5e9	ERR607416-k20-n1-x5e9	ERR607417-k20-n1-x5e9	ERR607418-k20-n1-x5e9	ERR607419-k20-n1-x5e9	ERR607420-k20-n1-x5e9	ERR608671-k20-n1-x5e9	ERR608672-k20-n1-x5e9	ERR608673-k20-n1-x5e9	ERR608674-k20-n1-x5e9	ERR608675-k20-n1-x5e9	ERR608676-k20-n1-x5e9	ERR606654-k20-n1-x5e9	ERR606655-k20-n1-x5e9	ERR606656-k20-n1-x5e9	ERR606657-k20-n1-x5e9	ERR606658-k20-n1-x5e9	ERR606659-k20-n1-x5e9	ERR606030-k20-n1-x5e9	ERR606031-k20-n1-x5e9	ERR606032-k20-n1-x5e9	ERR606033-k20-n1-x5e9	ERR606034-k20-n1-x5e9	ERR606035-k20-n1-x5e9	ERR607379-k20-n1-x5e9	ERR607380-k20-n1-x5e9	ERR607381-k20-n1-x5e9	ERR607382-k20-n1-x5e9	ERR607383-k20-n1-x5e9	ERR607384-k20-n1-x5e9
ERR608063-k20-n1-x5e9	0	0.264752	0.52075	0.243457	0.245761	0.244764	0.510138	0.492847	0.496075	0.517925	0.514828	0.52288	0.484832	0.430942	0.433903	0.483684	0.482637	0.485021	0.554569	0.550633	0.56477	0.505296	0.505234	0.505635	0.522257	0.485227	0.5841	0.511999	0.514528	0.624809	0.524101	0.519746	0.50973	0.524115	0.522877	0.519835	0.550475	0.563798	0.464573	0.465372	0.461536	0.459276	0.463896	0.440784	0.444624	0.444358	0.443924	0.442768	0.338115	0.357737	0.355866	0.335511	0.335252	0.336617	0.364228	0.357099	0.354456	0.359574	0.358372	0.356197	0.430852	0.402849	0.391114	0.400815	0.400306	0.403266	0.493556	0.493846	0.499255	0.498496	0.498754	0.497963	0.364902	0.351007	0.347533	0.353994	0.350678	0.350733	0.42009	0.346576	0.341633	0.353465	0.330238	0.327941	0.33122	0.392387	0.397766	0.36113	0.36374	0.364636	0.381163	0.410184	0.407634	0.362545	0.36981	0.371989
ERR608064-k20-n1-x5e9	0.264752	0	0.560704	0.2472	0.242318	0.24323	0.510528	0.467075	0.464885	0.505985	0.502079	0.513213	0.412855	0.364225	0.366139	0.41146	0.410625	0.412652	0.543041	0.536096	0.553058	0.468422	0.468426	0.469305	0.541738	0.469859	0.594866	0.508331	0.512697	0.637649	0.479802	0.477241	0.471228	0.485762	0.480411	0.478323	0.558448	0.574568	0.444532	0.449395	0.446467	0.44546	0.478615	0.430189	0.428508	0.434502	0.434618	0.433871	0.294204	0.304579	0.30379	0.313369	0.312574	0.312614	0.379474	0.345037	0.331891	0.333755	0.331258	0.344656	0.451935	0.404237	0.384162	0.393368	0.394376	0.405024	0.467685	0.465931	0.470714	0.459395	0.459742	0.458909	0.379319	0.338343	0.323609	0.327192	0.323065	0.337913	0.471419	0.317586	0.317522	0.378137	0.323568	0.330894	0.341371	0.341127	0.344879	0.341771	0.341954	0.344968	0.330561	0.350198	0.348881	0.32448	0.327827	0.329096
ERR608065-k20-n1-x5e9	0.52075	0.560704	0	0.529879	0.535537	0.534321	0.593715	0.637127	0.647281	0.602026	0.604395	0.599125	0.711992	0.67337	0.674377	0.710991	0.710361	0.711858	0.605783	0.610621	0.607447	0.66954	0.668235	0.667368	0.561483	0.623705	0.567924	0.594345	0.590441	0.579349	0.706153	0.702692	0.694247	0.680007	0.705815	0.702861	0.570119	0.569697	0.63998	0.637643	0.637974	0.638458	0.565371	0.612456	0.621907	0.607867	0.607648	0.606692	0.596796	0.611456	0.612625	0.547108	0.548028	0.550853	0.490321	0.533359	0.552615	0.556541	0.560688	0.534758	0.461481	0.495362	0.513351	0.509799	0.508143	0.496318	0.642334	0.646333	0.645569	0.681309	0.680105	0.679709	0.478932	0.521328	0.541562	0.54573	0.548654	0.524127	0.48624	0.595724	0.588346	0.507596	0.570362	0.555999	0.541985	0.628256	0.632721	0.564282	0.570467	0.565065	0.628072	0.650156	0.651376	0.600417	0.605762	0.60743
ERR608066-k20-n1-x5e9	0.243457	0.2472	0.529879	0	0.233218	0.232969	0.505067	0.475352	0.476117	0.504059	0.500874	0.510261	0.457251	0.40472	0.406884	0.455635	0.454842	0.456921	0.538703	0.533312	0.548194	0.482985	0.483014	0.483553	0.524129	0.469322	0.578202	0.499748	0.502919	0.62074	0.502464	0.499149	0.491445	0.502071	0.502523	0.49978	0.544239	0.559475	0.450263	0.45327	0.45048	0.449299	0.462986	0.427907	0.42914	0.430919	0.431038	0.430099	0.313564	0.329972	0.329585	0.310426	0.310079	0.310924	0.359617	0.33806	0.331563	0.334912	0.333774	0.337454	0.430841	0.390615	0.374767	0.383798	0.384065	0.39103	0.475554	0.475037	0.479363	0.4773	0.477315	0.476744	0.360722	0.332292	0.324201	0.329234	0.325899	0.331833	0.442274	0.331278	0.327287	0.357542	0.323622	0.324824	0.329073	0.364845	0.369973	0.341054	0.343117	0.34417	0.355392	0.381675	0.381171	0.336833	0.342499	0.344421
ERR608067-k20-n1-x5e9	0.245761	0.242318	0.535537	0.233218	0	0.231976	0.506548	0.473764	0.473646	0.504486	0.501204	0.510993	0.448645	0.396653	0.398602	0.447078	0.446228	0.448403	0.539688	0.534004	0.549341	0.479865	0.479923	0.480497	0.528156	0.469304	0.5817	0.501573	0.50487	0.624306	0.49814	0.494911	0.487618	0.498852	0.498303	0.495658	0.547371	0.562763	0.448941	0.45243	0.449635	0.448507	0.466306	0.427989	0.428617	0.431244	0.431256	0.43044	0.308542	0.323865	0.323669	0.309305	0.30865	0.309598	0.363541	0.33904	0.331062	0.334008	0.332295	0.338326	0.435067	0.393201	0.376308	0.385287	0.385495	0.393562	0.473865	0.473165	0.477526	0.473544	0.473702	0.47297	0.36416	0.332521	0.32327	0.327787	0.324308	0.332437	0.448058	0.327531	0.324434	0.360895	0.32283	0.325184	0.331496	0.359779	0.364503	0.340571	0.342386	0.343931	0.349427	0.374667	0.374102	0.332841	0.337767	0.339818
ERR608068-k20-n1-x5e9	0.244764	0.24323	0.534321	0.232969	0.231976	0	0.507017	0.474757	0.475074	0.505148	0.502022	0.511715	0.450613	0.398511	0.400568	0.449083	0.448076	0.450341	0.540227	0.534597	0.549962	0.481248	0.481298	0.481838	0.528019	0.46971	0.581738	0.501893	0.505231	0.624343	0.499598	0.496425	0.489025	0.50014	0.499681	0.497158	0.547392	0.562804	0.449898	0.4532	0.450302	0.449214	0.46651	0.428848	0.429524	0.432097	0.431997	0.431285	0.309779	0.325471	0.324891	0.309623	0.309073	0.309774	0.363026	0.339233	0.331375	0.334538	0.333263	0.338532	0.434196	0.392692	0.376212	0.385083	0.385623	0.393223	0.474983	0.474259	0.478593	0.47495	0.47501	0.4743	0.362964	0.332327	0.32313	0.327818	0.324513	0.331832	0.446339	0.327828	0.324569	0.359395	0.322334	0.324376	0.330405	0.360708	0.365614	0.340224	0.341986	0.343657	0.350532	0.376019	0.375458	0.333535	0.338822	0.340759
ERR607567-k20-n1-x5e9	0.510138	0.510528	0.593715	0.505067	0.506548	0.507017	0	0.316499	0.3339	0.282864	0.282789	0.28057	0.576353	0.543531	0.545718	0.575917	0.575268	0.577239	0.341272	0.341335	0.348865	0.396718	0.395389	0.393396	0.359219	0.369899	0.399324	0.350373	0.348833	0.444328	0.454543	0.449261	0.43726	0.416569	0.454048	0.450089	0.36195	0.373038	0.384124	0.37961	0.3811	0.382744	0.330441	0.364427	0.375977	0.358854	0.358512	0.357645	0.503948	0.512745	0.510919	0.486323	0.486796	0.48735	0.437082	0.447424	0.45607	0.458529	0.460464	0.446708	0.457411	0.446907	0.446652	0.448749	0.448448	0.447557	0.355686	0.362043	0.361309	0.41413	0.412555	0.412223	0.468519	0.476993	0.485427	0.488071	0.488681	0.476982	0.561141	0.530448	0.52719	0.51181	0.522895	0.518985	0.468352	0.507184	0.510772	0.472409	0.473196	0.47139	0.54253	0.555275	0.55342	0.530472	0.534293	0.535099
ERR607568-k20-n1-x5e9	0.492847	0.467075	0.637127	0.475352	0.473764	0.474757	0.316499	0	0.257621	0.293847	0.288888	0.302984	0.500255	0.472711	0.473803	0.499515	0.499193	0.500839	0.364176	0.354128	0.374584	0.314464	0.313772	0.313	0.424255	0.331438	0.464628	0.359969	0.364119	0.516324	0.365612	0.362414	0.355657	0.340305	0.367856	0.364964	0.419672	0.439414	0.326391	0.330522	0.332618	0.335512	0.3661	0.319317	0.319417	0.318266	0.318735	0.318958	0.448692	0.451685	0.450925	0.446343	0.44624	0.445758	0.449175	0.42624	0.421717	0.422033	0.421836	0.425942	0.496476	0.457181	0.444047	0.448703	0.449417	0.458356	0.298308	0.299107	0.299272	0.32317	0.321779	0.321517	0.478122	0.455697	0.451458	0.452372	0.451664	0.455092	0.591659	0.485161	0.484777	0.511567	0.491063	0.494314	0.455899	0.445304	0.447591	0.438214	0.436908	0.437651	0.482381	0.489048	0.488801	0.476684	0.478295	0.478431
ERR607569-k20-n1-x5e9	0.496075	0.464885	0.647281	0.476117	0.473646	0.475074	0.3339	0.257621	0	0.307178	0.30181	0.317168	0.48884	0.463511	0.464128	0.48812	0.487882	0.489441	0.377161	0.365467	0.387567	0.306733	0.306368	0.305913	0.441768	0.334984	0.480844	0.371375	0.376526	0.532317	0.354242	0.352308	0.347692	0.333905	0.357551	0.355183	0.436376	0.456958	0.326372	0.332752	0.334847	0.337853	0.381307	0.322038	0.318805	0.321891	0.322532	0.323102	0.443918	0.445092	0.444761	0.44465	0.444505	0.443795	0.458314	0.429083	0.421954	0.421741	0.421257	0.429172	0.507816	0.464845	0.449743	0.454617	0.455747	0.466461	0.298515	0.297775	0.298159	0.312121	0.311228	0.310807	0.486163	0.458057	0.451363	0.451694	0.450929	0.45745	0.601261	0.482461	0.482734	0.517457	0.49148	0.496073	0.46083	0.438874	0.440598	0.438618	0.437191	0.438555	0.474924	0.479731	0.48019	0.470916	0.471788	0.471812
ERR607570-k20-n1-x5e9	0.517925	0.505985	0.602026	0.504059	0.504486	0.505148	0.282864	0.293847	0.307178	0	0.263587	0.265275	0.560085	0.529878	0.531014	0.55928	0.558937	0.560542	0.319953	0.317048	0.325994	0.369972	0.368334	0.366328	0.375593	0.347495	0.397061	0.333018	0.332923	0.44696	0.431987	0.428021	0.419573	0.389389	0.433369	0.42985	0.358664	0.374713	0.368059	0.36668	0.370218	0.373883	0.340869	0.349794	0.35788	0.343265	0.343164	0.342881	0.493074	0.498827	0.498286	0.471181	0.471657	0.472052	0.437631	0.435755	0.4418	0.443236	0.445645	0.435967	0.463402	0.439206	0.435393	0.436644	0.436598	0.440427	0.333265	0.338549	0.335161	0.390166	0.388295	0.388096	0.468636	0.466098	0.472167	0.473473	0.474805	0.466511	0.583795	0.524407	0.52156	0.515765	0.521633	0.519452	0.47198	0.491151	0.494207	0.459688	0.460218	0.458203	0.530076	0.539915	0.540264	0.517263	0.519763	0.520092
ERR607571-k20-n1-x5e9	0.514828	0.502079	0.604395	0.500874	0.501204	0.502022	0.282789	0.288888	0.30181	0.263587	0	0.265499	0.554975	0.524773	0.525902	0.55423	0.553851	0.555452	0.322082	0.318422	0.328961	0.364782	0.363318	0.361342	0.377254	0.34492	0.401669	0.333468	0.333854	0.451974	0.426264	0.422305	0.413598	0.384949	0.427599	0.423978	0.362864	0.378869	0.363509	0.362607	0.365759	0.369008	0.340705	0.345952	0.353335	0.339845	0.339792	0.339688	0.488782	0.494454	0.493992	0.468986	0.469161	0.469568	0.437711	0.4342	0.439773	0.441182	0.443004	0.434598	0.464928	0.439864	0.435477	0.436707	0.437192	0.440872	0.32938	0.334163	0.331333	0.384206	0.382592	0.382224	0.468288	0.464731	0.470133	0.471365	0.472687	0.464978	0.582632	0.520737	0.518034	0.514324	0.518466	0.516374	0.469461	0.487353	0.490382	0.457664	0.458089	0.456232	0.526047	0.535688	0.535979	0.513699	0.516177	0.516622
ERR607572-k20-n1-x5e9	0.52288	0.513213	0.599125	0.510261	0.510993	0.511715	0.28057	0.302984	0.317168	0.265275	0.265499	0	0.56903	0.538611	0.53974	0.568178	0.567715	0.56943	0.319283	0.317329	0.324616	0.380147	0.378348	0.376284	0.36985	0.354128	0.389864	0.333958	0.333213	0.439002	0.441776	0.437541	0.428725	0.398272	0.442992	0.439199	0.353599	0.367714	0.37614	0.374158	0.377589	0.380798	0.340381	0.357303	0.366117	0.35031	0.349855	0.349782	0.501163	0.507392	0.506798	0.478411	0.478827	0.479306	0.439954	0.441326	0.448504	0.450302	0.452639	0.4417	0.461828	0.441181	0.438945	0.439602	0.439801	0.442343	0.341459	0.347017	0.343505	0.40081	0.398837	0.398506	0.470618	0.471354	0.478654	0.480131	0.481558	0.471872	0.582964	0.531486	0.528494	0.518321	0.527595	0.524694	0.476521	0.499955	0.50307	0.466492	0.467284	0.465025	0.538604	0.548836	0.549044	0.525398	0.528263	0.528716
ERR607621-k20-n1-x5e9	0.484832	0.412855	0.711992	0.457251	0.448645	0.450613	0.576353	0.500255	0.48884	0.560085	0.554975	0.56903	0	0.254831	0.254234	0.241508	0.241529	0.241498	0.598356	0.587331	0.607478	0.476895	0.477683	0.479499	0.633911	0.523185	0.674973	0.576312	0.582768	0.714627	0.446914	0.449119	0.453922	0.477639	0.450508	0.451623	0.637357	0.654258	0.488911	0.496639	0.495093	0.495257	0.582754	0.509014	0.499272	0.514512	0.514947	0.515136	0.358312	0.34128	0.339689	0.422698	0.421496	0.418302	0.507332	0.453152	0.42814	0.424843	0.419553	0.451432	0.566151	0.510405	0.484161	0.491869	0.494528	0.509423	0.501909	0.496666	0.500447	0.460386	0.461506	0.460915	0.511289	0.45385	0.429512	0.42732	0.422895	0.451751	0.627841	0.408467	0.417882	0.528738	0.44674	0.466006	0.463872	0.348337	0.344587	0.428022	0.421824	0.428805	0.385518	0.367515	0.365469	0.416564	0.412247	0.410559
ERR607622-k20-n1-x5e9	0.430942	0.364225	0.67337	0.40472	0.396653	0.398511	0.543531	0.472711	0.463511	0.529878	0.524773	0.538611	0.254831	0	0.241762	0.254505	0.254096	0.2551	0.569392	0.559039	0.579017	0.455837	0.456374	0.45821	0.596929	0.4911	0.641868	0.542756	0.548896	0.6834	0.43447	0.435136	0.436693	0.459158	0.437029	0.437217	0.603796	0.620966	0.457929	0.465077	0.463146	0.462963	0.541941	0.471923	0.463885	0.477312	0.477732	0.477622	0.314434	0.302543	0.30013	0.375987	0.37486	0.372011	0.460361	0.407333	0.38316	0.380731	0.375377	0.40535	0.524617	0.468466	0.442013	0.450657	0.452964	0.467712	0.474468	0.469973	0.474141	0.440401	0.441559	0.440732	0.466796	0.410136	0.386641	0.385342	0.380688	0.408036	0.582685	0.36715	0.374815	0.481687	0.400891	0.419026	0.414012	0.315185	0.313172	0.383357	0.377612	0.384609	0.351826	0.342888	0.339876	0.377009	0.374456	0.373405
ERR607623-k20-n1-x5e9	0.433903	0.366139	0.674377	0.406884	0.398602	0.400568	0.545718	0.473803	0.464128	0.531014	0.525902	0.53974	0.254234	0.241762	0	0.254103	0.253548	0.254301	0.570013	0.559457	0.57945	0.456121	0.456571	0.458359	0.598996	0.492158	0.642941	0.544072	0.550248	0.684458	0.435324	0.436397	0.438397	0.459744	0.43823	0.438572	0.605114	0.622401	0.459738	0.467522	0.46564	0.465685	0.544065	0.472936	0.464536	0.478379	0.478757	0.478784	0.315121	0.302215	0.300731	0.375574	0.374668	0.371753	0.462356	0.408333	0.383933	0.381134	0.375939	0.406639	0.52651	0.469449	0.44305	0.451262	0.453699	0.468978	0.475687	0.470991	0.474995	0.440751	0.441829	0.441123	0.468789	0.411333	0.387497	0.385803	0.381358	0.409445	0.585457	0.369548	0.377423	0.484195	0.403509	0.42187	0.416488	0.315549	0.313433	0.384491	0.379208	0.385929	0.352083	0.342085	0.339953	0.377068	0.373825	0.372617
ERR607624-k20-n1-x5e9	0.483684	0.41146	0.710991	0.455635	0.447078	0.449083	0.575917	0.499515	0.48812	0.55928	0.55423	0.568178	0.241508	0.254505	0.254103	0	0.239611	0.239372	0.597138	0.586129	0.606303	0.475747	0.476506	0.478371	0.633191	0.522136	0.674028	0.575304	0.581628	0.713706	0.446563	0.448657	0.453592	0.47686	0.450104	0.451289	0.636447	0.653269	0.488044	0.495802	0.494304	0.494542	0.582031	0.508143	0.498229	0.513523	0.514002	0.514163	0.356473	0.339331	0.337786	0.420348	0.419201	0.415962	0.506076	0.451617	0.426495	0.423173	0.417904	0.449857	0.565076	0.509132	0.48268	0.490271	0.492982	0.508095	0.500981	0.495687	0.499489	0.459463	0.460756	0.460028	0.509989	0.452141	0.427888	0.425469	0.421138	0.44999	0.627071	0.407218	0.416527	0.527635	0.445603	0.464956	0.462293	0.346139	0.34238	0.425918	0.419597	0.426659	0.383412	0.365391	0.363599	0.414417	0.409989	0.408188
ERR607625-k20-n1-x5e9	0.482637	0.410625	0.710361	0.454842	0.446228	0.448076	0.575268	0.499193	0.487882	0.558937	0.553851	0.567715	0.241529	0.254096	0.253548	0.239611	0	0.239377	0.596848	0.585864	0.60602	0.475652	0.476357	0.478168	0.632559	0.521893	0.673593	0.574885	0.581234	0.713423	0.4466	0.448768	0.453468	0.476838	0.44999	0.451139	0.636055	0.652947	0.487765	0.49546	0.494034	0.494176	0.581298	0.507481	0.497647	0.512901	0.513399	0.513617	0.355619	0.338705	0.337114	0.419682	0.418581	0.415295	0.50507	0.450925	0.425805	0.422354	0.416923	0.448969	0.564367	0.508291	0.481977	0.4896	0.492315	0.507361	0.50065	0.495416	0.499341	0.459307	0.460476	0.459764	0.509193	0.451378	0.427208	0.424813	0.42028	0.449257	0.626079	0.406591	0.415847	0.526816	0.444807	0.464187	0.461226	0.345663	0.342084	0.425465	0.419011	0.426223	0.382714	0.364793	0.362993	0.413643	0.409258	0.407486
ERR607626-k20-n1-x5e9	0.485021	0.412652	0.711858	0.456921	0.448403	0.450341	0.577239	0.500839	0.489441	0.560542	0.555452	0.56943	0.241498	0.2551	0.254301	0.239372	0.239377	0	0.598195	0.587225	0.607411	0.476935	0.477646	0.479573	0.634349	0.523409	0.674985	0.576426	0.582846	0.714671	0.447666	0.449876	0.454918	0.478033	0.451256	0.452522	0.637549	0.654525	0.489532	0.497309	0.495795	0.49612	0.583514	0.509602	0.499702	0.515007	0.515496	0.515665	0.357461	0.340422	0.338736	0.421444	0.420266	0.417028	0.507256	0.452765	0.427704	0.424255	0.419006	0.451028	0.566101	0.510002	0.483714	0.491258	0.494062	0.509122	0.502266	0.497064	0.500863	0.460652	0.461788	0.461084	0.511022	0.453229	0.428814	0.426429	0.421985	0.450957	0.628269	0.408738	0.417893	0.528983	0.447143	0.466444	0.463589	0.347064	0.343489	0.427212	0.420778	0.427951	0.38409	0.365802	0.364188	0.415116	0.410653	0.408785
ERR608811-k20-n1-x5e9	0.554569	0.543041	0.605783	0.538703	0.539688	0.540227	0.341272	0.364176	0.377161	0.319953	0.322082	0.319283	0.598356	0.569392	0.570013	0.597138	0.596848	0.598195	0	0.264681	0.265983	0.370128	0.367332	0.364994	0.379459	0.370732	0.380657	0.340568	0.339194	0.42784	0.46605	0.462567	0.45503	0.415972	0.46821	0.464592	0.338916	0.353338	0.396947	0.39643	0.401468	0.406069	0.356792	0.381013	0.389095	0.372266	0.37206	0.372198	0.529919	0.535357	0.535979	0.49909	0.499661	0.500286	0.460034	0.462114	0.471379	0.472034	0.475442	0.46304	0.475509	0.455452	0.455592	0.453832	0.454153	0.457124	0.367133	0.372983	0.367874	0.430309	0.428137	0.428067	0.488156	0.49031	0.499543	0.499972	0.502669	0.491295	0.610135	0.563371	0.560228	0.545875	0.560446	0.556735	0.505116	0.52678	0.529956	0.489844	0.491509	0.488522	0.567327	0.57668	0.578535	0.55171	0.553666	0.55413
ERR608812-k20-n1-x5e9	0.550633	0.536096	0.610621	0.533312	0.534004	0.534597	0.341335	0.354128	0.365467	0.317048	0.318422	0.317329	0.587331	0.559039	0.559457	0.586129	0.585864	0.587225	0.264681	0	0.267404	0.355366	0.352551	0.350204	0.385628	0.363274	0.390384	0.339313	0.339529	0.438424	0.453759	0.450551	0.443666	0.404496	0.456227	0.452712	0.346422	0.362516	0.38787	0.388546	0.393542	0.39853	0.357392	0.371212	0.378175	0.362949	0.362965	0.363047	0.521259	0.525989	0.526912	0.49199	0.492338	0.49296	0.458834	0.457111	0.464555	0.464865	0.468284	0.457917	0.478019	0.453937	0.452606	0.451008	0.451435	0.455878	0.356818	0.361733	0.35667	0.416982	0.414775	0.414637	0.486856	0.485189	0.49272	0.493067	0.495245	0.485831	0.611727	0.556874	0.554195	0.544532	0.555609	0.552692	0.501746	0.517835	0.520617	0.484177	0.485801	0.483059	0.557712	0.566389	0.568722	0.542815	0.544405	0.544855
ERR608813-k20-n1-x5e9	0.56477	0.553058	0.607447	0.548194	0.549341	0.549962	0.348865	0.374584	0.387567	0.325994	0.328961	0.324616	0.607478	0.579017	0.57945	0.606303	0.60602	0.607411	0.265983	0.267404	0	0.381687	0.379214	0.37687	0.384114	0.379559	0.378252	0.346037	0.344278	0.423602	0.477004	0.473664	0.466723	0.426012	0.479311	0.475728	0.339312	0.352892	0.408512	0.408467	0.413581	0.41815	0.365115	0.391602	0.399745	0.38256	0.382499	0.382365	0.539375	0.544536	0.545543	0.506717	0.507356	0.507926	0.466545	0.469364	0.479071	0.479702	0.483326	0.470269	0.478926	0.460053	0.460822	0.458668	0.458776	0.461881	0.37825	0.383894	0.377972	0.44202	0.439929	0.439679	0.494713	0.497334	0.507037	0.507407	0.510155	0.498495	0.617907	0.572693	0.569583	0.553396	0.569785	0.565871	0.514207	0.535959	0.538944	0.498024	0.499985	0.496604	0.576402	0.585547	0.587822	0.560386	0.56215	0.56265
ERR608814-k20-n1-x5e9	0.505296	0.468422	0.66954	0.482985	0.479865	0.481248	0.396718	0.314464	0.306733	0.369972	0.364782	0.380147	0.476895	0.455837	0.456121	0.475747	0.475652	0.476935	0.370128	0.355366	0.381687	0	0.245496	0.245883	0.467975	0.34244	0.510404	0.391873	0.398566	0.561218	0.336829	0.335758	0.334343	0.325491	0.340934	0.339298	0.460754	0.481695	0.324249	0.331841	0.334102	0.336949	0.407877	0.330188	0.322088	0.331644	0.332326	0.333197	0.444222	0.442805	0.443135	0.450984	0.450489	0.449274	0.479948	0.444584	0.43359	0.432168	0.430893	0.444279	0.533576	0.487382	0.470099	0.47514	0.476721	0.488768	0.307242	0.303679	0.305056	0.299632	0.298857	0.298815	0.505347	0.470662	0.46045	0.459933	0.458423	0.469596	0.618874	0.486478	0.487636	0.533178	0.498996	0.505304	0.473109	0.436265	0.437427	0.447216	0.44444	0.446988	0.473149	0.474785	0.476251	0.472264	0.47198	0.471746
ERR608815-k20-n1-x5e9	0.505234	0.468426	0.668235	0.483014	0.479923	0.481298	0.395389	0.313772	0.306368	0.368334	0.363318	0.378348	0.477683	0.456374	0.456571	0.476506	0.476357	0.477646	0.367332	0.352551	0.379214	0.245496	0	0.245198	0.466784	0.341931	0.50829	0.390393	0.397025	0.559168	0.337532	0.336596	0.334944	0.325396	0.341853	0.34001	0.458504	0.479482	0.323945	0.33181	0.333757	0.337169	0.406517	0.329443	0.321428	0.330519	0.331686	0.332442	0.444234	0.442849	0.443322	0.450532	0.450039	0.448831	0.478953	0.443494	0.432888	0.431301	0.430374	0.443328	0.532172	0.486005	0.468709	0.473823	0.475173	0.487353	0.306584	0.303028	0.304518	0.300206	0.299354	0.299443	0.50407	0.469785	0.459436	0.459231	0.457712	0.468901	0.618482	0.486863	0.48789	0.532633	0.499043	0.505204	0.472927	0.436249	0.437437	0.446579	0.444226	0.446564	0.473216	0.474933	0.476552	0.471887	0.471633	0.471432
ERR608816-k20-n1-x5e9	0.505635	0.469305	0.667368	0.483553	0.480497	0.481838	0.393396	0.313	0.305913	0.366328	0.361342	0.376284	0.479499	0.45821	0.458359	0.478371	0.478168	0.479573	0.364994	0.350204	0.37687	0.245883	0.245198	0	0.464856	0.341438	0.506656	0.389124	0.395723	0.55728	0.338665	0.337752	0.336087	0.325845	0.34308	0.341143	0.456354	0.477357	0.323798	0.331619	0.333588	0.336895	0.404725	0.328969	0.321441	0.329949	0.331132	0.331929	0.445437	0.444173	0.444564	0.450992	0.450614	0.449523	0.477974	0.443308	0.432802	0.431352	0.430518	0.442977	0.530807	0.484965	0.467935	0.472711	0.474315	0.486161	0.305745	0.302307	0.303762	0.301007	0.300235	0.300309	0.503358	0.469622	0.459902	0.459391	0.458056	0.468691	0.618363	0.487892	0.488887	0.532642	0.500009	0.505891	0.472712	0.437511	0.438836	0.446898	0.444367	0.44672	0.474331	0.476175	0.477862	0.472902	0.472679	0.472324
ERR607194-k20-n1-x5e9	0.522257	0.541738	0.561483	0.524129	0.528156	0.528019	0.359219	0.424255	0.441768	0.375593	0.377254	0.36985	0.633911	0.596929	0.598996	0.633191	0.632559	0.634349	0.379459	0.385628	0.384114	0.467975	0.466784	0.464856	0	0.363541	0.32082	0.317169	0.311973	0.365581	0.513456	0.507252	0.494982	0.470406	0.512578	0.508208	0.33766	0.339431	0.427541	0.420388	0.421781	0.422596	0.350163	0.415673	0.429582	0.408599	0.407409	0.407301	0.541499	0.55373	0.552572	0.510681	0.511296	0.512769	0.451353	0.475862	0.489716	0.493413	0.496325	0.476238	0.456831	0.463567	0.469034	0.469995	0.469192	0.464431	0.422654	0.429406	0.428269	0.485644	0.483984	0.483832	0.482506	0.505268	0.518342	0.521785	0.522939	0.505887	0.516999	0.55139	0.544932	0.494165	0.531972	0.521755	0.467029	0.541452	0.545957	0.485675	0.488041	0.483862	0.588485	0.604968	0.604144	0.570324	0.574715	0.576051
ERR607195-k20-n1-x5e9	0.485227	0.469859	0.623705	0.469322	0.469304	0.46971	0.369899	0.331438	0.334984	0.347495	0.34492	0.354128	0.523185	0.4911	0.492158	0.522136	0.521893	0.523409	0.370732	0.363274	0.379559	0.34244	0.341931	0.341438	0.363541	0	0.408203	0.282606	0.288426	0.46799	0.373031	0.368588	0.361708	0.33764	0.375094	0.371781	0.394827	0.414184	0.317029	0.31809	0.320952	0.323704	0.36715	0.329155	0.330772	0.326229	0.326084	0.327082	0.453542	0.459204	0.459131	0.439514	0.439579	0.439517	0.445625	0.425169	0.422699	0.423739	0.424497	0.425617	0.491591	0.454742	0.442374	0.44698	0.448185	0.456125	0.319213	0.321034	0.319691	0.351396	0.349839	0.34999	0.477578	0.458611	0.455455	0.457094	0.456605	0.457789	0.564524	0.471377	0.468299	0.479051	0.469796	0.468976	0.430781	0.43834	0.441456	0.413217	0.412219	0.411525	0.499507	0.509116	0.510543	0.487843	0.489913	0.490645
ERR607196-k20-n1-x5e9	0.5841	0.594866	0.567924	0.578202	0.5817	0.581738	0.399324	0.464628	0.480844	0.397061	0.401669	0.389864	0.674973	0.641868	0.642941	0.674028	0.673593	0.674985	0.380657	0.390384	0.378252	0.510404	0.50829	0.506656	0.32082	0.408203	0	0.343368	0.336321	0.315017	0.558878	0.554108	0.545075	0.507734	0.55949	0.555514	0.335743	0.334012	0.480829	0.475206	0.47919	0.481932	0.400744	0.467115	0.479349	0.457508	0.456682	0.456823	0.589417	0.59896	0.599419	0.547074	0.54778	0.549411	0.485223	0.509097	0.525507	0.527994	0.532429	0.510544	0.474554	0.481701	0.491038	0.488303	0.487557	0.482721	0.465487	0.472576	0.467368	0.533174	0.531011	0.530958	0.51503	0.537939	0.553283	0.555465	0.55842	0.539405	0.580515	0.60161	0.59528	0.541878	0.585651	0.575536	0.523482	0.584884	0.58888	0.524399	0.527804	0.522489	0.633673	0.647158	0.648784	0.613039	0.616221	0.617512
ERR607197-k20-n1-x5e9	0.511999	0.508331	0.594345	0.499748	0.501573	0.501893	0.350373	0.359969	0.371375	0.333018	0.333468	0.333958	0.576312	0.542756	0.544072	0.575304	0.574885	0.576426	0.340568	0.339313	0.346037	0.391873	0.390393	0.389124	0.317169	0.282606	0.343368	0	0.25889	0.401834	0.435311	0.430242	0.421514	0.38682	0.436621	0.432608	0.343019	0.358271	0.361962	0.358084	0.362364	0.365254	0.350667	0.361288	0.36949	0.35388	0.353244	0.354177	0.496539	0.504473	0.50454	0.466922	0.467381	0.467882	0.44016	0.438782	0.44587	0.447315	0.450286	0.439611	0.466969	0.444084	0.440077	0.441741	0.442279	0.445205	0.35312	0.358246	0.354293	0.410347	0.408114	0.408348	0.472692	0.471834	0.477588	0.479433	0.480602	0.471514	0.558579	0.511665	0.506552	0.486705	0.502543	0.496976	0.450822	0.485001	0.488901	0.439855	0.440289	0.437161	0.542986	0.55511	0.556645	0.526062	0.528942	0.529914
ERR607198-k20-n1-x5e9	0.514528	0.512697	0.590441	0.502919	0.50487	0.505231	0.348833	0.364119	0.376526	0.332923	0.333854	0.333213	0.582768	0.548896	0.550248	0.581628	0.581234	0.582846	0.339194	0.339529	0.344278	0.398566	0.397025	0.395723	0.311973	0.288426	0.336321	0.25889	0	0.394673	0.442958	0.43767	0.428929	0.394061	0.444095	0.440089	0.337919	0.352957	0.368397	0.364028	0.368155	0.370885	0.349131	0.365292	0.37422	0.35784	0.356967	0.357746	0.501496	0.509755	0.509998	0.470532	0.470774	0.471619	0.440123	0.441212	0.449092	0.450962	0.453957	0.442111	0.464652	0.443746	0.441263	0.442322	0.442522	0.445051	0.3583	0.363844	0.359632	0.41707	0.415141	0.415197	0.47276	0.474128	0.480804	0.482883	0.484165	0.473955	0.557625	0.516767	0.511609	0.488278	0.506904	0.500922	0.453594	0.491159	0.494933	0.443964	0.444985	0.441375	0.548332	0.56068	0.562221	0.530779	0.533884	0.534836
ERR607199-k20-n1-x5e9	0.624809	0.637649	0.579349	0.62074	0.624306	0.624343	0.444328	0.516324	0.532317	0.44696	0.451974	0.439002	0.714627	0.6834	0.684458	0.713706	0.713423	0.714671	0.42784	0.438424	0.423602	0.561218	0.559168	0.55728	0.365581	0.46799	0.315017	0.401834	0.394673	0	0.607243	0.60242	0.593871	0.558186	0.607447	0.603822	0.378673	0.370332	0.533978	0.52774	0.531476	0.533888	0.449079	0.519857	0.532233	0.510733	0.510001	0.509909	0.633111	0.642579	0.642715	0.591463	0.592246	0.593826	0.525347	0.553443	0.570502	0.572866	0.577397	0.554429	0.504575	0.520924	0.532492	0.529068	0.527937	0.52156	0.517708	0.524753	0.519879	0.583229	0.58115	0.581133	0.553473	0.580394	0.596686	0.598804	0.601781	0.581664	0.607471	0.644123	0.637871	0.580807	0.62758	0.616987	0.567102	0.629658	0.633546	0.569874	0.573175	0.567625	0.673998	0.686974	0.688251	0.653995	0.657137	0.658385
ERR609271-k20-n1-x5e9	0.524101	0.479802	0.706153	0.502464	0.49814	0.499598	0.454543	0.365612	0.354242	0.431987	0.426264	0.441776	0.446914	0.43447	0.435324	0.446563	0.4466	0.447666	0.46605	0.453759	0.477004	0.336829	0.337532	0.338665	0.513456	0.373031	0.558878	0.435311	0.442958	0.607243	0	0.242128	0.246694	0.263268	0.247849	0.24864	0.502779	0.523343	0.326296	0.335719	0.335705	0.337078	0.462041	0.375571	0.36516	0.380425	0.38051	0.382296	0.450891	0.44626	0.445368	0.476155	0.475777	0.474012	0.518262	0.478218	0.462549	0.461635	0.458636	0.477715	0.571821	0.525799	0.506091	0.512544	0.514279	0.525988	0.356304	0.35167	0.354446	0.32381	0.32425	0.324121	0.540244	0.501654	0.48661	0.486487	0.484129	0.499736	0.631515	0.470171	0.4734	0.539974	0.489818	0.500297	0.483974	0.423558	0.423392	0.455604	0.450579	0.454805	0.479455	0.475808	0.475554	0.48875	0.487636	0.487085
ERR609272-k20-n1-x5e9	0.519746	0.477241	0.702692	0.499149	0.494911	0.496425	0.449261	0.362414	0.352308	0.428021	0.422305	0.437541	0.449119	0.435136	0.436397	0.448657	0.448768	0.449876	0.462567	0.450551	0.473664	0.335758	0.336596	0.337752	0.507252	0.368588	0.554108	0.430242	0.43767	0.60242	0.242128	0	0.244286	0.261631	0.247368	0.247435	0.497515	0.517673	0.321492	0.330019	0.329923	0.330885	0.45633	0.3716	0.362186	0.376644	0.376358	0.37827	0.449715	0.445912	0.444672	0.474561	0.474441	0.472703	0.514113	0.475514	0.46017	0.459685	0.456791	0.47492	0.567722	0.522702	0.503154	0.509798	0.511655	0.523019	0.352791	0.348358	0.351523	0.323071	0.323789	0.32351	0.536357	0.498945	0.484587	0.48476	0.482269	0.497119	0.626234	0.467222	0.470223	0.535304	0.485815	0.495979	0.479287	0.423118	0.423161	0.45295	0.447826	0.451875	0.479535	0.476672	0.475995	0.488192	0.487532	0.486916
ERR609273-k20-n1-x5e9	0.50973	0.471228	0.694247	0.491445	0.487618	0.489025	0.43726	0.355657	0.347692	0.419573	0.413598	0.428725	0.453922	0.436693	0.438397	0.453592	0.453468	0.454918	0.45503	0.443666	0.466723	0.334343	0.334944	0.336087	0.494982	0.361708	0.545075	0.421514	0.428929	0.593871	0.246694	0.244286	0	0.26122	0.249726	0.249211	0.486812	0.506845	0.312868	0.32028	0.319838	0.320519	0.442372	0.362	0.35389	0.366715	0.366693	0.368445	0.446201	0.444409	0.442566	0.470485	0.470203	0.468727	0.505281	0.469252	0.454982	0.454841	0.452133	0.468464	0.558918	0.516058	0.497005	0.504069	0.505783	0.516377	0.347219	0.343449	0.347341	0.323615	0.324196	0.324054	0.528295	0.493619	0.480209	0.480902	0.478396	0.491772	0.614382	0.463115	0.465622	0.526194	0.479001	0.488446	0.469552	0.422611	0.423222	0.447604	0.442928	0.446766	0.477775	0.477294	0.47582	0.485511	0.485609	0.485317
ERR609274-k20-n1-x5e9	0.524115	0.485762	0.680007	0.502071	0.498852	0.50014	0.416569	0.340305	0.333905	0.389389	0.384949	0.398272	0.477639	0.459158	0.459744	0.47686	0.476838	0.478033	0.415972	0.404496	0.426012	0.325491	0.325396	0.325845	0.470406	0.33764	0.507734	0.38682	0.394061	0.558186	0.263268	0.261631	0.26122	0	0.268348	0.266948	0.450002	0.470904	0.307431	0.315207	0.317375	0.320568	0.426544	0.353418	0.346378	0.355097	0.354872	0.35693	0.459008	0.457056	0.45682	0.46649	0.466451	0.465164	0.493052	0.458387	0.447663	0.446929	0.445613	0.458455	0.541854	0.497457	0.480332	0.485131	0.487043	0.49816	0.331143	0.328517	0.328353	0.326594	0.326303	0.325966	0.518156	0.485334	0.475009	0.474917	0.473629	0.484007	0.618125	0.477527	0.478577	0.525039	0.49107	0.49765	0.47308	0.432709	0.433557	0.443078	0.439512	0.441566	0.492029	0.492072	0.49316	0.493238	0.49278	0.492474
ERR609275-k20-n1-x5e9	0.522877	0.480411	0.705815	0.502523	0.498303	0.499681	0.454048	0.367856	0.357551	0.433369	0.427599	0.442992	0.450508	0.437029	0.43823	0.450104	0.44999	0.451256	0.46821	0.456227	0.479311	0.340934	0.341853	0.34308	0.512578	0.375094	0.55949	0.436621	0.444095	0.607447	0.247849	0.247368	0.249726	0.268348	0	0.245106	0.503119	0.523134	0.3276	0.33598	0.335635	0.336531	0.461134	0.377094	0.367453	0.38195	0.381987	0.38346	0.452888	0.449124	0.447544	0.478661	0.478532	0.476821	0.518602	0.480085	0.464613	0.463946	0.46114	0.479254	0.57183	0.527272	0.507613	0.514449	0.516291	0.527431	0.358812	0.354244	0.357562	0.327935	0.328818	0.328514	0.540381	0.5032	0.488646	0.488938	0.486264	0.50122	0.628802	0.470303	0.473482	0.538828	0.488985	0.49922	0.483202	0.42643	0.426405	0.457041	0.452143	0.456337	0.481948	0.479102	0.478074	0.491084	0.490477	0.489956
ERR609276-k20-n1-x5e9	0.519835	0.478323	0.702861	0.49978	0.495658	0.497158	0.450089	0.364964	0.355183	0.42985	0.423978	0.439199	0.451623	0.437217	0.438572	0.451289	0.451139	0.452522	0.464592	0.452712	0.475728	0.339298	0.34001	0.341143	0.508208	0.371781	0.555514	0.432608	0.440089	0.603822	0.24864	0.247435	0.249211	0.266948	0.245106	0	0.498933	0.519112	0.324375	0.332383	0.332117	0.332946	0.456708	0.373691	0.364253	0.378382	0.378429	0.379894	0.45125	0.447747	0.446268	0.476378	0.476251	0.474417	0.515186	0.477164	0.462103	0.461683	0.458768	0.476418	0.568596	0.524088	0.504666	0.511522	0.513253	0.524301	0.355877	0.351569	0.35478	0.32701	0.327792	0.327444	0.537262	0.500683	0.486417	0.48674	0.484194	0.49863	0.62532	0.468443	0.471428	0.53539	0.486517	0.496489	0.479667	0.425133	0.425346	0.454323	0.449384	0.453439	0.480932	0.478524	0.477427	0.489368	0.489122	0.488663
ERR605916-k20-n1-x5e9	0.550475	0.558448	0.570119	0.544239	0.547371	0.547392	0.36195	0.419672	0.436376	0.358664	0.362864	0.353599	0.637357	0.603796	0.605114	0.636447	0.636055	0.637549	0.338916	0.346422	0.339312	0.460754	0.458504	0.456354	0.33766	0.394827	0.335743	0.343019	0.337919	0.378673	0.502779	0.497515	0.486812	0.450002	0.503119	0.498933	0	0.276906	0.40104	0.395663	0.399313	0.40248	0.357154	0.416203	0.429011	0.4072	0.406434	0.406554	0.553961	0.563518	0.563327	0.51689	0.517502	0.518858	0.459738	0.478453	0.492347	0.495549	0.499068	0.479506	0.462366	0.461251	0.467414	0.46608	0.465506	0.462669	0.426566	0.433634	0.428956	0.493724	0.491805	0.491421	0.488888	0.507596	0.520927	0.523233	0.5258	0.508611	0.565341	0.568576	0.563206	0.520176	0.55489	0.546343	0.49489	0.550736	0.554668	0.495842	0.498637	0.493967	0.596679	0.610252	0.611045	0.57766	0.581084	0.582105
ERR605917-k20-n1-x5e9	0.563798	0.574568	0.569697	0.559475	0.562763	0.562804	0.373038	0.439414	0.456958	0.374713	0.378869	0.367714	0.654258	0.620966	0.622401	0.653269	0.652947	0.654525	0.353338	0.362516	0.352892	0.481695	0.479482	0.477357	0.339431	0.414184	0.334012	0.358271	0.352957	0.370332	0.523343	0.517673	0.506845	0.470904	0.523134	0.519112	0.276906	0	0.422988	0.41633	0.419623	0.422195	0.371125	0.436974	0.450607	0.42828	0.427476	0.427188	0.571276	0.581212	0.580705	0.53381	0.53454	0.535864	0.470937	0.493747	0.508858	0.512188	0.515759	0.494778	0.467305	0.472339	0.48026	0.478833	0.47796	0.473555	0.446237	0.453317	0.449064	0.514355	0.512473	0.512068	0.500325	0.522893	0.537189	0.539838	0.542405	0.523829	0.568009	0.583665	0.57787	0.529352	0.567893	0.558517	0.507419	0.568362	0.572263	0.511229	0.513984	0.50917	0.613642	0.627373	0.62783	0.59455	0.598188	0.599311
ERR605918-k20-n1-x5e9	0.464573	0.444532	0.63998	0.450263	0.448941	0.449898	0.384124	0.326391	0.326372	0.368059	0.363509	0.37614	0.488911	0.457929	0.459738	0.488044	0.487765	0.489532	0.396947	0.38787	0.408512	0.324249	0.323945	0.323798	0.427541	0.317029	0.480829	0.361962	0.368397	0.533978	0.326296	0.321492	0.312868	0.307431	0.3276	0.324375	0.40104	0.422988	0	0.25215	0.252217	0.253633	0.371213	0.310817	0.309769	0.312494	0.312477	0.313291	0.430416	0.435098	0.434241	0.434088	0.434074	0.4333	0.454635	0.427156	0.418978	0.420103	0.418746	0.426971	0.509559	0.470567	0.454737	0.461636	0.462615	0.471794	0.32357	0.322859	0.325356	0.334699	0.334404	0.333803	0.482427	0.457081	0.449114	0.450975	0.449069	0.455474	0.566307	0.451548	0.450393	0.483185	0.455199	0.458544	0.426668	0.42045	0.423331	0.414498	0.412449	0.413973	0.470315	0.478688	0.478429	0.465282	0.467224	0.467692
ERR605919-k20-n1-x5e9	0.465372	0.449395	0.637643	0.45327	0.45243	0.4532	0.37961	0.330522	0.332752	0.36668	0.362607	0.374158	0.496639	0.465077	0.467522	0.495802	0.49546	0.497309	0.39643	0.388546	0.408467	0.331841	0.33181	0.331619	0.420388	0.31809	0.475206	0.358084	0.364028	0.52774	0.335719	0.330019	0.32028	0.315207	0.33598	0.332383	0.395663	0.41633	0.25215	0	0.246852	0.247263	0.369644	0.317501	0.317827	0.318112	0.317728	0.318402	0.437352	0.442937	0.441314	0.440132	0.440016	0.439406	0.452568	0.429321	0.422252	0.424321	0.423082	0.428447	0.506437	0.470409	0.455523	0.462556	0.463718	0.470895	0.327914	0.328307	0.33092	0.343778	0.343131	0.342878	0.481367	0.45959	0.452814	0.454971	0.453288	0.457656	0.563049	0.455058	0.453531	0.480623	0.455436	0.457774	0.425736	0.426232	0.429302	0.414687	0.41142	0.412982	0.477857	0.486917	0.486082	0.471772	0.474666	0.475118
ERR605920-k20-n1-x5e9	0.461536	0.446467	0.637974	0.45048	0.449635	0.450302	0.3811	0.332618	0.334847	0.370218	0.365759	0.377589	0.495093	0.463146	0.46564	0.494304	0.494034	0.495795	0.401468	0.393542	0.413581	0.334102	0.333757	0.333588	0.421781	0.320952	0.47919	0.362364	0.368155	0.531476	0.335705	0.329923	0.319838	0.317375	0.335635	0.332117	0.399313	0.419623	0.252217	0.246852	0	0.246401	0.36969	0.316898	0.31778	0.318407	0.318168	0.318709	0.435252	0.441306	0.439268	0.439987	0.439966	0.439261	0.453176	0.429962	0.422811	0.425056	0.423631	0.429142	0.507557	0.471951	0.457052	0.464472	0.465408	0.472592	0.330209	0.330546	0.33354	0.344402	0.3443	0.343718	0.481648	0.460061	0.453214	0.455615	0.453676	0.458268	0.560019	0.45257	0.451	0.478791	0.452622	0.455061	0.423847	0.425452	0.428574	0.414698	0.411431	0.413483	0.475875	0.485358	0.483962	0.470359	0.473473	0.47399
ERR605921-k20-n1-x5e9	0.459276	0.44546	0.638458	0.449299	0.448507	0.449214	0.382744	0.335512	0.337853	0.373883	0.369008	0.380798	0.495257	0.462963	0.465685	0.494542	0.494176	0.49612	0.406069	0.39853	0.41815	0.336949	0.337169	0.336895	0.422596	0.323704	0.481932	0.365254	0.370885	0.533888	0.337078	0.330885	0.320519	0.320568	0.336531	0.332946	0.40248	0.422195	0.253633	0.247263	0.246401	0	0.370612	0.318994	0.319908	0.320785	0.320068	0.320512	0.435132	0.441312	0.439305	0.441139	0.441122	0.440497	0.453885	0.431375	0.424136	0.426612	0.424983	0.430382	0.508459	0.473873	0.459024	0.466641	0.467517	0.474344	0.332994	0.333366	0.336847	0.346369	0.346111	0.345694	0.48269	0.46143	0.45453	0.457098	0.454997	0.459407	0.557367	0.451196	0.449567	0.477208	0.450384	0.452762	0.422623	0.42573	0.428869	0.415357	0.411888	0.41403	0.47577	0.485564	0.483873	0.47075	0.473946	0.474506
ERR608841-k20-n1-x5e9	0.463896	0.478615	0.565371	0.462986	0.466306	0.46651	0.330441	0.3661	0.381307	0.340869	0.340705	0.340381	0.582754	0.541941	0.544065	0.582031	0.581298	0.583514	0.356792	0.357392	0.365115	0.407877	0.406517	0.404725	0.350163	0.36715	0.400744	0.350667	0.349131	0.449079	0.462041	0.45633	0.442372	0.426544	0.461134	0.456708	0.357154	0.371125	0.371213	0.369644	0.36969	0.370612	0	0.301171	0.316914	0.296404	0.295676	0.294806	0.48084	0.493878	0.49284	0.458309	0.458802	0.459914	0.419694	0.429832	0.438368	0.442029	0.443584	0.430144	0.453076	0.441881	0.440101	0.443601	0.443431	0.443411	0.374422	0.38004	0.380866	0.430153	0.428793	0.428264	0.453554	0.462887	0.471467	0.475193	0.475505	0.464142	0.525013	0.511365	0.506628	0.483903	0.49858	0.492672	0.437469	0.494364	0.499034	0.452484	0.454487	0.452528	0.526299	0.544752	0.543513	0.508531	0.513409	0.514709
