	ERR605321-k20-n1-x5e9	ERR605322-k20-n1-x5e9	ERR605323-k20-n1-x5e9	ERR605324-k20-n1-x5e9	ERR605325-k20-n1-x5e9	ERR605326-k20-n1-x5e9	ERR609875-k20-n1-x5e9	ERR609876-k20-n1-x5e9	ERR609877-k20-n1-x5e9	ERR609878-k20-n1-x5e9	ERR609879-k20-n1-x5e9	ERR609880-k20-n1-x5e9	ERR609217-k20-n1-x5e9	ERR609218-k20-n1-x5e9	ERR609219-k20-n1-x5e9	ERR609220-k20-n1-x5e9	ERR609221-k20-n1-x5e9	ERR609222-k20-n1-x5e9	ERR608093-k20-n1-x5e9	ERR608094-k20-n1-x5e9	ERR608095-k20-n1-x5e9	ERR608096-k20-n1-x5e9	ERR608097-k20-n1-x5e9	ERR608098-k20-n1-x5e9	ERR610025-k20-n1-x5e9	ERR610026-k20-n1-x5e9	ERR610027-k20-n1-x5e9	ERR610028-k20-n1-x5e9	ERR610029-k20-n1-x5e9	ERR610030-k20-n1-x5e9	ERR607567-k20-n1-x5e9	ERR607568-k20-n1-x5e9	ERR607569-k20-n1-x5e9	ERR607570-k20-n1-x5e9	ERR607571-k20-n1-x5e9	ERR607572-k20-n1-x5e9	ERR607977-k20-n1-x5e9	ERR607978-k20-n1-x5e9	ERR607979-k20-n1-x5e9	ERR607980-k20-n1-x5e9	ERR607981-k20-n1-x5e9	ERR607982-k20-n1-x5e9	ERR610031-k20-n1-x5e9	ERR610032-k20-n1-x5e9	ERR610033-k20-n1-x5e9	ERR610034-k20-n1-x5e9	ERR610035-k20-n1-x5e9	ERR610036-k20-n1-x5e9	ERR607499-k20-n1-x5e9	ERR607500-k20-n1-x5e9	ERR607501-k20-n1-x5e9	ERR607502-k20-n1-x5e9	ERR607503-k20-n1-x5e9	ERR607504-k20-n1-x5e9	ERR607681-k20-n1-x5e9	ERR607682-k20-n1-x5e9	ERR607683-k20-n1-x5e9	ERR607684-k20-n1-x5e9	ERR607685-k20-n1-x5e9	ERR607686-k20-n1-x5e9	ERR609517-k20-n1-x5e9	ERR609518-k20-n1-x5e9	ERR609519-k20-n1-x5e9	ERR609520-k20-n1-x5e9	ERR609521-k20-n1-x5e9	ERR609522-k20-n1-x5e9	ERR605265-k20-n1-x5e9	ERR605266-k20-n1-x5e9	ERR605267-k20-n1-x5e9	ERR605268-k20-n1-x5e9	ERR605269-k20-n1-x5e9	ERR605270-k20-n1-x5e9	ERR607747-k20-n1-x5e9	ERR607748-k20-n1-x5e9	ERR607749-k20-n1-x5e9	ERR607750-k20-n1-x5e9	ERR607751-k20-n1-x5e9	ERR607752-k20-n1-x5e9	ERR607609-k20-n1-x5e9	ERR607610-k20-n1-x5e9	ERR607611-k20-n1-x5e9	ERR607612-k20-n1-x5e9	ERR607613-k20-n1-x5e9	ERR607614-k20-n1-x5e9	ERR608371-k20-n1-x5e9	ERR608372-k20-n1-x5e9	ERR608373-k20-n1-x5e9	ERR608374-k20-n1-x5e9	ERR608375-k20-n1-x5e9	ERR608376-k20-n1-x5e9	ERR608185-k20-n1-x5e9	ERR608186-k20-n1-x5e9	ERR608187-k20-n1-x5e9	ERR608188-k20-n1-x5e9	ERR608189-k20-n1-x5e9	ERR608190-k20-n1-x5e9
ERR605321-k20-n1-x5e9	0	0.413813	0.246559	0.252949	0.251282	0.250696	0.408286	0.394935	0.374284	0.407194	0.383343	0.373971	0.437561	0.439276	0.447327	0.492068	0.43072	0.430706	0.363917	0.353728	0.357653	0.351401	0.352693	0.351011	0.378155	0.320725	0.577992	0.343929	0.32138	0.320876	0.430152	0.353446	0.346024	0.413176	0.407675	0.42255	0.443768	0.437636	0.447035	0.384681	0.386533	0.387521	0.389372	0.312815	0.582301	0.338248	0.325801	0.323628	0.494967	0.469761	0.703684	0.483388	0.479185	0.480797	0.478523	0.470504	0.471112	0.499449	0.492657	0.485038	0.533705	0.533143	0.643578	0.491374	0.49317	0.501543	0.416489	0.419276	0.469714	0.437547	0.436301	0.432204	0.463237	0.453071	0.453249	0.455117	0.454882	0.45474	0.422352	0.427263	0.42899	0.427198	0.431423	0.432935	0.420863	0.417647	0.417236	0.430406	0.429283	0.428754	0.43829	0.444366	0.443531	0.438973	0.441085	0.440089
ERR605322-k20-n1-x5e9	0.413813	0	0.386935	0.375	0.377843	0.377721	0.388078	0.398622	0.414751	0.584378	0.550948	0.535234	0.361195	0.357611	0.349528	0.361393	0.363743	0.362673	0.401594	0.459141	0.484021	0.506629	0.510537	0.50473	0.331838	0.502487	0.405835	0.53452	0.476711	0.479182	0.349945	0.392963	0.407955	0.345118	0.347238	0.341399	0.337634	0.338331	0.338352	0.356157	0.355304	0.354904	0.319759	0.486757	0.411951	0.525295	0.459974	0.461477	0.526158	0.552228	0.617866	0.531791	0.535336	0.535029	0.519692	0.526016	0.527898	0.503984	0.507439	0.513553	0.480777	0.480256	0.520552	0.48637	0.484951	0.481062	0.508689	0.498446	0.455467	0.484466	0.485693	0.490492	0.536716	0.544337	0.54358	0.545792	0.546328	0.545927	0.538133	0.521712	0.524922	0.521337	0.517192	0.517163	0.511207	0.521419	0.51994	0.49911	0.502146	0.503007	0.556103	0.57077	0.570294	0.541656	0.546197	0.546559
ERR605323-k20-n1-x5e9	0.246559	0.386935	0	0.246585	0.245956	0.24509	0.397119	0.386372	0.368959	0.430291	0.402772	0.391323	0.420461	0.421598	0.427982	0.472479	0.413931	0.413897	0.353498	0.357204	0.366143	0.365467	0.367391	0.364503	0.358676	0.337857	0.555058	0.365059	0.328203	0.328833	0.408741	0.342773	0.33923	0.394122	0.388931	0.402566	0.421588	0.415823	0.42523	0.367348	0.368799	0.369693	0.367057	0.326753	0.559014	0.357948	0.326284	0.325137	0.485498	0.468228	0.689219	0.477167	0.47407	0.475324	0.467515	0.461581	0.462069	0.485205	0.479321	0.472982	0.522921	0.522399	0.627657	0.483513	0.484978	0.49217	0.414453	0.414442	0.453003	0.426509	0.425492	0.42287	0.457954	0.451519	0.451169	0.452867	0.452609	0.452415	0.426201	0.42518	0.427618	0.425582	0.427735	0.429093	0.417723	0.41811	0.416788	0.423937	0.423648	0.423417	0.442947	0.452139	0.450862	0.439875	0.4428	0.442299
ERR605324-k20-n1-x5e9	0.252949	0.375	0.246585	0	0.243598	0.242938	0.383826	0.374287	0.360875	0.434636	0.406323	0.394239	0.404814	0.406364	0.413745	0.455578	0.39924	0.399128	0.344694	0.350733	0.361263	0.366303	0.368653	0.36504	0.347639	0.344822	0.54416	0.372872	0.33924	0.339465	0.402032	0.336794	0.333541	0.383249	0.378459	0.391602	0.411252	0.405344	0.413963	0.358343	0.359394	0.360186	0.356923	0.3337	0.549131	0.365851	0.337598	0.336141	0.488031	0.471647	0.683453	0.477767	0.475162	0.476306	0.472568	0.467055	0.468686	0.487385	0.482093	0.476733	0.511303	0.511078	0.616942	0.477161	0.478356	0.485076	0.41968	0.418866	0.45114	0.430463	0.429665	0.4277	0.46395	0.457796	0.458245	0.460308	0.460199	0.460003	0.43246	0.432151	0.43406	0.431751	0.4342	0.435247	0.423302	0.423244	0.423267	0.427213	0.426658	0.426423	0.44931	0.457883	0.4575	0.445302	0.447851	0.447304
ERR605325-k20-n1-x5e9	0.251282	0.377843	0.245956	0.243598	0	0.242865	0.386401	0.376329	0.362559	0.432936	0.405038	0.393116	0.407395	0.409306	0.416478	0.45879	0.401965	0.401839	0.345391	0.349911	0.360026	0.364648	0.36698	0.363425	0.350183	0.342764	0.547109	0.370859	0.337789	0.33788	0.404446	0.337959	0.334188	0.385508	0.380836	0.394202	0.413702	0.407728	0.416389	0.360074	0.361367	0.362122	0.359516	0.332088	0.552046	0.36385	0.336374	0.334834	0.487799	0.470438	0.684449	0.477134	0.474359	0.475579	0.471596	0.465991	0.46743	0.4872	0.481826	0.476012	0.512707	0.512343	0.618914	0.477692	0.479046	0.485922	0.41822	0.417525	0.451476	0.429731	0.428946	0.42673	0.462372	0.456139	0.456551	0.458662	0.458613	0.458453	0.43068	0.430536	0.432527	0.430063	0.432639	0.433621	0.421883	0.421519	0.421528	0.425917	0.42542	0.425126	0.447577	0.456053	0.455606	0.443699	0.446326	0.445696
ERR605326-k20-n1-x5e9	0.250696	0.377721	0.24509	0.242938	0.242865	0	0.386513	0.376453	0.362244	0.433116	0.405096	0.3931	0.407728	0.409354	0.416523	0.458932	0.401891	0.401967	0.345331	0.350499	0.360394	0.36477	0.36715	0.363629	0.349919	0.342721	0.546709	0.370957	0.336616	0.337068	0.403478	0.337471	0.333958	0.38505	0.380415	0.393787	0.413102	0.407526	0.416093	0.359805	0.361316	0.361884	0.359028	0.331618	0.551487	0.363839	0.335113	0.333655	0.487186	0.470224	0.684474	0.476924	0.47408	0.475393	0.471058	0.465371	0.466651	0.486584	0.48121	0.475673	0.513343	0.513005	0.619175	0.478005	0.479407	0.486169	0.417915	0.417515	0.451361	0.42908	0.428201	0.426279	0.461901	0.455682	0.455993	0.458135	0.458109	0.457893	0.430424	0.43003	0.432016	0.42969	0.432137	0.43316	0.42126	0.421343	0.420987	0.425576	0.425059	0.424927	0.447226	0.455715	0.455249	0.443254	0.445911	0.445204
ERR609875-k20-n1-x5e9	0.408286	0.388078	0.397119	0.383826	0.386401	0.386513	0	0.269185	0.28101	0.449626	0.415849	0.399476	0.346099	0.346342	0.353632	0.377599	0.346855	0.34658	0.383806	0.411987	0.42777	0.445371	0.44824	0.444139	0.348764	0.440268	0.496264	0.464422	0.437851	0.43833	0.38582	0.360285	0.364934	0.358816	0.357507	0.362348	0.38858	0.38452	0.38569	0.365666	0.365932	0.363551	0.350253	0.422243	0.501631	0.447345	0.427535	0.426661	0.553036	0.552211	0.67457	0.542072	0.542818	0.542735	0.572581	0.571613	0.575163	0.571037	0.570657	0.571024	0.454119	0.454318	0.547012	0.449598	0.449403	0.451517	0.517402	0.515434	0.51624	0.523584	0.523271	0.523969	0.57094	0.561776	0.563186	0.565001	0.564988	0.565169	0.531816	0.539752	0.541022	0.539461	0.544207	0.545272	0.529651	0.526227	0.527769	0.530753	0.529754	0.529166	0.544205	0.546894	0.546572	0.545953	0.547072	0.545652
ERR609876-k20-n1-x5e9	0.394935	0.398622	0.386372	0.374287	0.376329	0.376453	0.269185	0	0.271274	0.427157	0.39381	0.377709	0.354166	0.354799	0.363358	0.39135	0.353023	0.353401	0.380547	0.402043	0.415773	0.430757	0.433457	0.429722	0.35209	0.422475	0.511627	0.445549	0.422523	0.42257	0.392922	0.356225	0.358748	0.365902	0.363582	0.370452	0.398719	0.394338	0.396345	0.369215	0.369815	0.367401	0.355943	0.404769	0.516601	0.428262	0.414016	0.412814	0.549879	0.545155	0.682147	0.53775	0.537807	0.537744	0.569992	0.567976	0.571481	0.570973	0.569859	0.569381	0.459883	0.460245	0.559759	0.449171	0.449388	0.452739	0.50942	0.508533	0.515849	0.518898	0.518349	0.518491	0.566144	0.555296	0.556606	0.558438	0.558243	0.558548	0.522857	0.533024	0.534311	0.532845	0.538508	0.539736	0.523653	0.518953	0.52044	0.52657	0.525446	0.524661	0.534784	0.53629	0.535858	0.538318	0.539199	0.537799
ERR609877-k20-n1-x5e9	0.374284	0.414751	0.368959	0.360875	0.362559	0.362244	0.28101	0.271274	0	0.393945	0.360115	0.344506	0.37452	0.375335	0.382868	0.419282	0.371157	0.37099	0.379854	0.394006	0.404661	0.412011	0.414201	0.411216	0.36127	0.396384	0.532937	0.416971	0.394161	0.393882	0.398572	0.350899	0.351456	0.3766	0.373143	0.382659	0.412914	0.407874	0.412578	0.37502	0.376048	0.373679	0.365175	0.377415	0.536074	0.397919	0.385393	0.384014	0.538689	0.530354	0.690963	0.527288	0.526813	0.526737	0.559336	0.556596	0.55884	0.564796	0.562615	0.560675	0.471962	0.472492	0.577885	0.448078	0.448963	0.454137	0.493703	0.49429	0.511979	0.506323	0.505506	0.504538	0.552771	0.540441	0.540942	0.542356	0.542058	0.542243	0.50545	0.51733	0.518976	0.518331	0.524587	0.526194	0.509272	0.503915	0.504322	0.515765	0.514782	0.513875	0.516322	0.517567	0.515938	0.522557	0.523783	0.522235
ERR609878-k20-n1-x5e9	0.407194	0.584378	0.430291	0.434636	0.432936	0.433116	0.449626	0.427157	0.393945	0	0.25861	0.266951	0.540311	0.543461	0.554875	0.595065	0.533195	0.533293	0.481594	0.436505	0.419569	0.392447	0.389865	0.394333	0.511899	0.358935	0.694067	0.344598	0.399404	0.39515	0.549554	0.457776	0.442843	0.529379	0.523512	0.539139	0.572884	0.566452	0.574321	0.513263	0.515429	0.51512	0.52255	0.356554	0.695567	0.331364	0.414757	0.409842	0.59752	0.552752	0.789771	0.576224	0.570185	0.571241	0.612546	0.601274	0.602572	0.636232	0.629421	0.620092	0.601312	0.601662	0.719987	0.553541	0.556255	0.567995	0.52147	0.5327	0.600811	0.563632	0.561598	0.555192	0.584668	0.55925	0.561279	0.561595	0.56082	0.561237	0.508306	0.541408	0.541012	0.542251	0.55453	0.556752	0.539481	0.521846	0.523951	0.560652	0.556455	0.554561	0.510719	0.497391	0.495459	0.53439	0.53175	0.529026
ERR609879-k20-n1-x5e9	0.383343	0.550948	0.402772	0.406323	0.405038	0.405096	0.415849	0.39381	0.360115	0.25861	0	0.252558	0.509211	0.51189	0.522683	0.564482	0.49991	0.499853	0.453543	0.416693	0.404505	0.381293	0.37951	0.382788	0.479257	0.347057	0.664511	0.340765	0.377979	0.374392	0.516413	0.42762	0.414448	0.497232	0.491386	0.506739	0.540514	0.534118	0.542112	0.481331	0.483851	0.483227	0.488976	0.340145	0.665878	0.324265	0.389007	0.384724	0.575639	0.536087	0.769143	0.556168	0.550824	0.551855	0.590446	0.580389	0.581495	0.612564	0.606131	0.597621	0.575083	0.575386	0.693949	0.525546	0.528121	0.539547	0.502656	0.512265	0.57515	0.54018	0.538305	0.532519	0.566055	0.542796	0.544165	0.544562	0.543865	0.544224	0.494035	0.523242	0.523552	0.524666	0.536029	0.53825	0.520444	0.505147	0.506184	0.539638	0.536275	0.534564	0.498095	0.48813	0.485626	0.519029	0.517419	0.514891
ERR609880-k20-n1-x5e9	0.373971	0.535234	0.391323	0.394239	0.393116	0.3931	0.399476	0.377709	0.344506	0.266951	0.252558	0	0.493847	0.496467	0.50703	0.549289	0.484429	0.484529	0.44018	0.40731	0.397613	0.376834	0.37574	0.378063	0.463964	0.343524	0.650615	0.341003	0.370689	0.367239	0.50123	0.413903	0.401589	0.481972	0.476141	0.491482	0.52544	0.518977	0.526973	0.466702	0.469185	0.468285	0.473055	0.334693	0.651893	0.323437	0.379615	0.375299	0.566785	0.529721	0.759801	0.548125	0.543144	0.543968	0.581821	0.572226	0.573456	0.602841	0.596533	0.588381	0.562638	0.562922	0.681785	0.513814	0.516373	0.527467	0.49553	0.504148	0.564034	0.530802	0.52892	0.52356	0.559132	0.537011	0.538116	0.538627	0.537866	0.5382	0.489383	0.516964	0.517406	0.518342	0.529247	0.531488	0.513447	0.499323	0.500112	0.531647	0.528581	0.526964	0.494185	0.48564	0.482991	0.513698	0.512556	0.510069
ERR609217-k20-n1-x5e9	0.437561	0.361195	0.420461	0.404814	0.407395	0.407728	0.346099	0.354166	0.37452	0.540311	0.509211	0.493847	0	0.265102	0.270882	0.286292	0.269912	0.270251	0.385289	0.427485	0.448089	0.47526	0.478631	0.473252	0.332192	0.47561	0.455191	0.504199	0.47163	0.472802	0.382326	0.380958	0.38936	0.3527	0.353814	0.353517	0.36496	0.362856	0.359993	0.360434	0.359645	0.35745	0.3479	0.470967	0.473244	0.500814	0.473387	0.473058	0.559664	0.566383	0.655665	0.550119	0.55217	0.55171	0.568918	0.570243	0.574732	0.56029	0.561626	0.564604	0.458362	0.458558	0.532968	0.469142	0.468097	0.467787	0.528058	0.523304	0.506748	0.526591	0.526568	0.528898	0.572105	0.56764	0.569526	0.572255	0.572186	0.572189	0.542803	0.544504	0.545803	0.542954	0.545557	0.545835	0.533951	0.533615	0.536228	0.529164	0.528564	0.5284	0.558654	0.563615	0.564546	0.554636	0.556125	0.555219
ERR609218-k20-n1-x5e9	0.439276	0.357611	0.421598	0.406364	0.409306	0.409354	0.346342	0.354799	0.375335	0.543461	0.51189	0.496467	0.265102	0	0.268698	0.284929	0.270281	0.27002	0.387725	0.432129	0.453288	0.479274	0.482776	0.477269	0.33124	0.478143	0.450298	0.507011	0.470994	0.472314	0.378792	0.382428	0.391646	0.351625	0.352749	0.351615	0.362235	0.360538	0.357623	0.360235	0.35951	0.357285	0.346246	0.473007	0.468005	0.503139	0.471938	0.471694	0.560021	0.568705	0.654819	0.55202	0.554152	0.553823	0.569556	0.571339	0.575492	0.560093	0.561929	0.565031	0.45942	0.459869	0.53118	0.470104	0.468929	0.468139	0.529693	0.524617	0.506551	0.526561	0.526541	0.529203	0.57378	0.56984	0.571323	0.573923	0.573935	0.573947	0.545341	0.546075	0.547843	0.544887	0.5472	0.54751	0.535949	0.536239	0.538323	0.530975	0.530896	0.530822	0.561282	0.566724	0.567253	0.557221	0.559021	0.558146
ERR609219-k20-n1-x5e9	0.447327	0.349528	0.427982	0.413745	0.416478	0.416523	0.353632	0.363358	0.382868	0.554875	0.522683	0.50703	0.270882	0.268698	0	0.283619	0.275422	0.27477	0.396546	0.445077	0.467081	0.491762	0.495177	0.489802	0.332839	0.488646	0.436323	0.517462	0.476582	0.478242	0.36992	0.38686	0.398554	0.350217	0.351402	0.34855	0.356524	0.355105	0.352925	0.361204	0.360406	0.358315	0.345194	0.482833	0.454448	0.51338	0.475301	0.475684	0.558037	0.57174	0.648576	0.553626	0.556281	0.555871	0.567857	0.571005	0.574399	0.557295	0.559626	0.563595	0.460426	0.46112	0.523394	0.47068	0.469503	0.46788	0.533227	0.527293	0.503691	0.525755	0.526103	0.528845	0.574627	0.57246	0.573131	0.575397	0.575612	0.575388	0.550006	0.548408	0.55057	0.547794	0.549349	0.549759	0.538225	0.540226	0.541275	0.532765	0.533308	0.5335	0.565997	0.572792	0.572682	0.561071	0.563354	0.562817
ERR609220-k20-n1-x5e9	0.492068	0.361393	0.472479	0.455578	0.45879	0.458932	0.377599	0.39135	0.419282	0.595065	0.564482	0.549289	0.286292	0.284929	0.283619	0	0.295761	0.295937	0.42673	0.476883	0.499207	0.529008	0.532778	0.526907	0.36068	0.533291	0.421079	0.56157	0.526952	0.528515	0.398156	0.42434	0.435872	0.372202	0.375483	0.36892	0.372317	0.372603	0.365725	0.390764	0.388703	0.386562	0.370415	0.527652	0.443302	0.557733	0.525889	0.52606	0.591535	0.605734	0.648631	0.584718	0.587809	0.587363	0.599837	0.603457	0.608252	0.585453	0.588753	0.593706	0.46785	0.468457	0.51291	0.495744	0.493786	0.490385	0.569423	0.562912	0.531178	0.561026	0.561746	0.56542	0.607798	0.606219	0.608315	0.611015	0.611091	0.610994	0.586249	0.584424	0.58575	0.582556	0.583585	0.583618	0.573492	0.575256	0.577938	0.565372	0.565145	0.565271	0.602118	0.608189	0.609452	0.595608	0.597307	0.596525
ERR609221-k20-n1-x5e9	0.43072	0.363743	0.413931	0.39924	0.401965	0.401891	0.346855	0.353023	0.371157	0.533195	0.49991	0.484429	0.269912	0.270281	0.275422	0.295761	0	0.267256	0.383971	0.425459	0.445631	0.470288	0.473652	0.46848	0.332003	0.468159	0.461164	0.496433	0.461634	0.462878	0.381367	0.378055	0.386413	0.354249	0.35475	0.355041	0.367745	0.365277	0.363518	0.36037	0.359274	0.357544	0.348432	0.463427	0.478206	0.492783	0.463615	0.463231	0.556086	0.562665	0.658758	0.547313	0.549093	0.548777	0.565425	0.566765	0.570717	0.557842	0.559005	0.561611	0.461951	0.462555	0.538845	0.467354	0.466176	0.466537	0.523507	0.518842	0.504663	0.521936	0.521857	0.524056	0.568232	0.563659	0.56502	0.567563	0.567536	0.567508	0.538069	0.539884	0.541473	0.538689	0.54145	0.541946	0.530013	0.529587	0.531643	0.526008	0.525806	0.525559	0.553755	0.558901	0.559177	0.550387	0.552148	0.551178
ERR609222-k20-n1-x5e9	0.430706	0.362673	0.413897	0.399128	0.401839	0.401967	0.34658	0.353401	0.37099	0.533293	0.499853	0.484529	0.270251	0.27002	0.27477	0.295937	0.267256	0	0.384782	0.426342	0.446596	0.471048	0.474448	0.469232	0.331319	0.468512	0.459559	0.496778	0.46131	0.462637	0.37948	0.377605	0.386245	0.353175	0.353759	0.354045	0.366159	0.363886	0.361995	0.359659	0.358642	0.356739	0.347515	0.463955	0.476767	0.493255	0.463019	0.462841	0.554852	0.561989	0.657897	0.546528	0.548304	0.548052	0.564699	0.565961	0.569777	0.556971	0.558121	0.560779	0.461564	0.461872	0.537355	0.466415	0.465057	0.465286	0.523098	0.518317	0.50348	0.520888	0.520935	0.523044	0.56758	0.563309	0.564583	0.567002	0.566981	0.567022	0.538116	0.539583	0.541408	0.538605	0.541229	0.541738	0.529695	0.529483	0.531428	0.525553	0.525384	0.525296	0.553578	0.558997	0.559145	0.550287	0.552229	0.551212
ERR608093-k20-n1-x5e9	0.363917	0.401594	0.353498	0.344694	0.345391	0.345331	0.383806	0.380547	0.379854	0.481594	0.453543	0.44018	0.385289	0.387725	0.396546	0.42673	0.383971	0.384782	0	0.267173	0.289539	0.317102	0.321323	0.314505	0.364295	0.414155	0.533198	0.44356	0.411797	0.412543	0.381467	0.323534	0.322023	0.349414	0.347135	0.357906	0.389004	0.383618	0.388435	0.346301	0.347042	0.347531	0.349025	0.383877	0.527956	0.418865	0.387633	0.387116	0.512427	0.500353	0.676584	0.498207	0.496256	0.497469	0.496662	0.493719	0.497921	0.501064	0.498197	0.495246	0.510542	0.510467	0.606487	0.495105	0.495685	0.500278	0.471783	0.468806	0.481801	0.478326	0.477918	0.477932	0.488172	0.485618	0.48813	0.491936	0.492007	0.492014	0.466886	0.464586	0.465687	0.461578	0.463018	0.462803	0.446903	0.447102	0.451382	0.441795	0.44065	0.440724	0.480817	0.48801	0.490719	0.472132	0.473918	0.472975
ERR608094-k20-n1-x5e9	0.353728	0.459141	0.357204	0.350733	0.349911	0.350499	0.411987	0.402043	0.394006	0.436505	0.416693	0.40731	0.427485	0.432129	0.445077	0.476883	0.425459	0.426342	0.267173	0	0.241606	0.262214	0.264985	0.260093	0.405131	0.38288	0.588236	0.405343	0.403223	0.402447	0.433165	0.345034	0.333234	0.39688	0.393262	0.407981	0.442863	0.43642	0.442028	0.386351	0.387375	0.38782	0.398763	0.355235	0.584659	0.380233	0.388055	0.385847	0.529329	0.498097	0.709061	0.506848	0.502485	0.504208	0.514072	0.505966	0.511099	0.527726	0.522337	0.515711	0.536896	0.536897	0.646787	0.514555	0.515563	0.523252	0.471415	0.473287	0.510258	0.49429	0.493189	0.490566	0.493143	0.48237	0.487179	0.49091	0.490592	0.491047	0.454564	0.463988	0.46323	0.459783	0.465043	0.465269	0.446005	0.437975	0.445763	0.447963	0.443669	0.442809	0.46443	0.464523	0.469494	0.462599	0.461463	0.459671
ERR608095-k20-n1-x5e9	0.357653	0.484021	0.366143	0.361263	0.360026	0.360394	0.42777	0.415773	0.404661	0.419569	0.404505	0.397613	0.448089	0.453288	0.467081	0.499207	0.445631	0.446596	0.289539	0.241606	0	0.249085	0.250694	0.247604	0.425742	0.375385	0.610603	0.393483	0.404439	0.40272	0.455887	0.361199	0.346802	0.419718	0.415807	0.431169	0.466554	0.460217	0.465959	0.407375	0.408405	0.409094	0.422381	0.34976	0.607541	0.368578	0.393298	0.390479	0.539837	0.502434	0.723301	0.515091	0.509899	0.511759	0.525998	0.516179	0.521324	0.54255	0.536394	0.528822	0.550374	0.550579	0.66379	0.524991	0.526557	0.534991	0.476099	0.479838	0.525308	0.504596	0.503197	0.499878	0.500767	0.486652	0.49203	0.495669	0.495185	0.495773	0.455079	0.469394	0.468135	0.464859	0.47171	0.472077	0.452048	0.44074	0.449509	0.457337	0.451954	0.450892	0.462924	0.459767	0.465275	0.464577	0.462153	0.460052
ERR608096-k20-n1-x5e9	0.351401	0.506629	0.365467	0.366303	0.364648	0.36477	0.445371	0.430757	0.412011	0.392447	0.381293	0.376834	0.47526	0.479274	0.491762	0.529008	0.470288	0.471048	0.317102	0.262214	0.249085	0	0.233321	0.233602	0.444827	0.356239	0.632288	0.368204	0.383349	0.3812	0.470299	0.373086	0.358056	0.440951	0.435972	0.452407	0.489234	0.482755	0.490214	0.426796	0.428468	0.429249	0.442265	0.329952	0.628313	0.340545	0.373322	0.370121	0.539796	0.499211	0.737565	0.517697	0.511701	0.513704	0.527972	0.516984	0.520023	0.549161	0.541865	0.532974	0.567697	0.567662	0.682145	0.532083	0.534145	0.543573	0.471519	0.477735	0.535067	0.504809	0.503219	0.49852	0.498815	0.481869	0.485906	0.488611	0.487984	0.48859	0.446088	0.463447	0.462803	0.460591	0.468361	0.46922	0.449594	0.436974	0.44346	0.460799	0.456195	0.454899	0.452791	0.448161	0.451756	0.459057	0.45705	0.455014
ERR608097-k20-n1-x5e9	0.352693	0.510537	0.367391	0.368653	0.36698	0.36715	0.44824	0.433457	0.414201	0.389865	0.37951	0.37574	0.478631	0.482776	0.495177	0.532778	0.473652	0.474448	0.321323	0.264985	0.250694	0.233321	0	0.233707	0.448125	0.355287	0.635638	0.366301	0.383232	0.381113	0.473726	0.376015	0.360651	0.44458	0.439475	0.456061	0.49297	0.48643	0.493836	0.430272	0.432094	0.432809	0.4459	0.329288	0.63169	0.338458	0.373757	0.370518	0.541938	0.500646	0.740071	0.519545	0.513588	0.515594	0.530373	0.519132	0.522031	0.551831	0.544525	0.5355	0.570597	0.570614	0.68518	0.534724	0.536645	0.54626	0.472803	0.479271	0.537801	0.506788	0.505322	0.500345	0.500428	0.483014	0.486909	0.489643	0.488953	0.48956	0.446629	0.464661	0.463858	0.461666	0.469791	0.470589	0.451349	0.438196	0.444576	0.463151	0.458483	0.457192	0.452987	0.44803	0.451642	0.459966	0.457859	0.45575
ERR608098-k20-n1-x5e9	0.351011	0.50473	0.364503	0.36504	0.363425	0.363629	0.444139	0.429722	0.411216	0.394333	0.382788	0.378063	0.473252	0.477269	0.489802	0.526907	0.46848	0.469232	0.314505	0.260093	0.247604	0.233602	0.233707	0	0.44325	0.35724	0.630603	0.369712	0.383918	0.382132	0.468569	0.371443	0.356502	0.439104	0.434095	0.450428	0.486959	0.480546	0.48799	0.424661	0.426329	0.427117	0.440306	0.330561	0.626554	0.341787	0.373503	0.370396	0.538759	0.49857	0.73624	0.516573	0.510716	0.512657	0.526538	0.515697	0.518833	0.547604	0.540361	0.531478	0.566526	0.566546	0.680817	0.531577	0.533517	0.542992	0.471031	0.477029	0.533619	0.503772	0.502224	0.497583	0.497623	0.48107	0.485055	0.487858	0.48725	0.487908	0.445774	0.46269	0.461919	0.459538	0.46736	0.468229	0.44869	0.436343	0.442857	0.4595	0.454938	0.453542	0.452597	0.448345	0.45198	0.458511	0.456525	0.454554
ERR610025-k20-n1-x5e9	0.378155	0.331838	0.358676	0.347639	0.350183	0.349919	0.348764	0.35209	0.36127	0.511899	0.479257	0.463964	0.332192	0.33124	0.332839	0.36068	0.332003	0.331319	0.364295	0.405131	0.425742	0.444827	0.448125	0.44325	0	0.398204	0.433486	0.431796	0.382538	0.384555	0.358976	0.351444	0.360195	0.340685	0.339691	0.342612	0.348708	0.345568	0.34831	0.332315	0.331792	0.331318	0.306035	0.415023	0.46271	0.451099	0.404477	0.404544	0.510384	0.517027	0.646806	0.506026	0.507614	0.507466	0.504785	0.506149	0.508598	0.501518	0.501375	0.503064	0.462098	0.461608	0.543733	0.454789	0.454179	0.455378	0.466258	0.460288	0.449074	0.4597	0.45991	0.462118	0.510713	0.509224	0.509433	0.511655	0.511826	0.511769	0.490101	0.484872	0.487344	0.484537	0.48471	0.485331	0.47521	0.478983	0.478783	0.471304	0.472212	0.472227	0.507776	0.517725	0.517183	0.500317	0.503747	0.503161
ERR610026-k20-n1-x5e9	0.320725	0.502487	0.337857	0.344822	0.342764	0.342721	0.440268	0.422475	0.396384	0.358935	0.347057	0.343524	0.47561	0.478143	0.488646	0.533291	0.468159	0.468512	0.414155	0.38288	0.375385	0.356239	0.355287	0.35724	0.398204	0	0.612037	0.248654	0.274893	0.271245	0.48493	0.396789	0.385017	0.466289	0.460469	0.476274	0.496124	0.48978	0.498804	0.433566	0.435601	0.436142	0.444522	0.303882	0.632568	0.306843	0.34553	0.341435	0.527744	0.488965	0.739116	0.510371	0.504913	0.506472	0.522337	0.51141	0.512178	0.547705	0.540031	0.530669	0.556926	0.556478	0.675613	0.508916	0.511195	0.522305	0.436626	0.44516	0.514686	0.473979	0.472214	0.466044	0.498608	0.478492	0.479663	0.480672	0.479896	0.480184	0.433577	0.454704	0.455352	0.455192	0.464207	0.466456	0.452728	0.441062	0.441684	0.470944	0.468068	0.466745	0.444634	0.440785	0.439252	0.458256	0.458055	0.455979
ERR610027-k20-n1-x5e9	0.577992	0.405835	0.555058	0.54416	0.547109	0.546709	0.496264	0.511627	0.532937	0.694067	0.664511	0.650615	0.455191	0.450298	0.436323	0.421079	0.461164	0.459559	0.533198	0.588236	0.610603	0.632288	0.635638	0.630603	0.433486	0.612037	0	0.639669	0.586999	0.589643	0.449861	0.521525	0.537573	0.457068	0.461124	0.448763	0.432268	0.436967	0.431555	0.477039	0.475242	0.474382	0.440799	0.614657	0.358446	0.646732	0.587636	0.589588	0.626275	0.658788	0.629442	0.635411	0.640101	0.639249	0.620975	0.629517	0.630955	0.600166	0.605708	0.613766	0.541357	0.54075	0.514972	0.567241	0.565163	0.557235	0.619321	0.608817	0.555082	0.591591	0.593096	0.598873	0.641935	0.65044	0.649189	0.650683	0.651141	0.650928	0.646209	0.63116	0.634087	0.631166	0.626996	0.62705	0.622087	0.632239	0.630557	0.609696	0.612787	0.613668	0.661332	0.673992	0.67328	0.648673	0.652846	0.653198
ERR610028-k20-n1-x5e9	0.343929	0.53452	0.365059	0.372872	0.370859	0.370957	0.464422	0.445549	0.416971	0.344598	0.340765	0.341003	0.504199	0.507011	0.517462	0.56157	0.496433	0.496778	0.44356	0.405343	0.393483	0.368204	0.366301	0.369712	0.431796	0.248654	0.639669	0	0.290199	0.285728	0.512456	0.422678	0.40959	0.49482	0.48897	0.504763	0.525343	0.51902	0.528021	0.462431	0.464376	0.465096	0.477247	0.315827	0.659926	0.305575	0.364541	0.360198	0.546432	0.503767	0.757562	0.528176	0.522212	0.523786	0.545893	0.533994	0.53457	0.572873	0.564891	0.554987	0.577419	0.577179	0.696302	0.527031	0.529594	0.541283	0.456392	0.466933	0.541504	0.497924	0.496028	0.489013	0.519055	0.495771	0.497189	0.497516	0.496589	0.496991	0.446994	0.473156	0.473406	0.474053	0.484559	0.486859	0.472452	0.458051	0.458641	0.493934	0.490431	0.488967	0.455055	0.447609	0.445606	0.473537	0.472319	0.470046
ERR610029-k20-n1-x5e9	0.32138	0.476711	0.328203	0.33924	0.337789	0.336616	0.437851	0.422523	0.394161	0.399404	0.377979	0.370689	0.47163	0.470994	0.476582	0.526952	0.461634	0.46131	0.411797	0.403223	0.404439	0.383349	0.383232	0.383918	0.382538	0.274893	0.586999	0.290199	0	0.243477	0.457236	0.390655	0.386373	0.45106	0.445483	0.459425	0.475646	0.470618	0.481298	0.421307	0.423478	0.424301	0.422556	0.319399	0.605413	0.333712	0.306887	0.304981	0.510913	0.488265	0.727224	0.504726	0.500741	0.502003	0.505381	0.498572	0.495243	0.527431	0.520619	0.512792	0.557335	0.556102	0.663307	0.502673	0.505147	0.513912	0.429853	0.434239	0.493635	0.451659	0.450388	0.445075	0.490031	0.477065	0.474109	0.474789	0.474176	0.474039	0.439478	0.44925	0.453099	0.452973	0.458402	0.460828	0.448925	0.44491	0.439953	0.46416	0.465714	0.464922	0.452644	0.456087	0.450692	0.461376	0.465329	0.464027
ERR610030-k20-n1-x5e9	0.320876	0.479182	0.328833	0.339465	0.33788	0.337068	0.43833	0.42257	0.393882	0.39515	0.374392	0.367239	0.472802	0.472314	0.478242	0.528515	0.462878	0.462637	0.412543	0.402447	0.40272	0.3812	0.381113	0.382132	0.384555	0.271245	0.589643	0.285728	0.243477	0	0.459525	0.39121	0.386268	0.452924	0.447083	0.461149	0.478003	0.472558	0.483248	0.4227	0.424774	0.425477	0.424915	0.316992	0.608241	0.330267	0.30792	0.306076	0.511579	0.487741	0.728554	0.504655	0.500701	0.501901	0.506512	0.499194	0.496276	0.529121	0.522231	0.514138	0.5573	0.556309	0.664652	0.50263	0.50526	0.514069	0.429688	0.434622	0.495445	0.452976	0.451706	0.446322	0.490463	0.476822	0.473926	0.474696	0.473983	0.473879	0.438269	0.448809	0.452725	0.452498	0.458355	0.460724	0.448678	0.444144	0.439452	0.46441	0.465854	0.465107	0.451233	0.454145	0.448823	0.460639	0.464257	0.462903
ERR607567-k20-n1-x5e9	0.430152	0.349945	0.408741	0.402032	0.404446	0.403478	0.38582	0.392922	0.398572	0.549554	0.516413	0.50123	0.382326	0.378792	0.36992	0.398156	0.381367	0.37948	0.381467	0.433165	0.455887	0.470299	0.473726	0.468569	0.358976	0.48493	0.449861	0.512456	0.457236	0.459525	0	0.316499	0.3339	0.282864	0.282789	0.28057	0.327731	0.327281	0.332243	0.3341	0.334416	0.333767	0.330741	0.455175	0.438008	0.489541	0.424263	0.426386	0.506896	0.530707	0.62964	0.51494	0.518052	0.517339	0.502046	0.507776	0.507616	0.493453	0.495889	0.499396	0.489542	0.488917	0.540306	0.478005	0.477247	0.475275	0.506156	0.499011	0.476218	0.488486	0.489216	0.491784	0.514551	0.519574	0.517228	0.518286	0.518727	0.518523	0.508252	0.494755	0.498635	0.496763	0.494108	0.494853	0.486628	0.496248	0.492709	0.479444	0.482653	0.483478	0.524737	0.539165	0.536645	0.514204	0.519084	0.519503
ERR607568-k20-n1-x5e9	0.353446	0.392963	0.342773	0.336794	0.337959	0.337471	0.360285	0.356225	0.350899	0.457776	0.42762	0.413903	0.380958	0.382428	0.38686	0.42434	0.378055	0.377605	0.323534	0.345034	0.361199	0.373086	0.376015	0.371443	0.351444	0.396789	0.521525	0.422678	0.390655	0.39121	0.316499	0	0.257621	0.293847	0.288888	0.302984	0.369135	0.363438	0.370326	0.324461	0.325474	0.325087	0.336876	0.364976	0.515892	0.396098	0.364584	0.364534	0.490161	0.482733	0.665956	0.481265	0.480101	0.480791	0.481718	0.479103	0.481424	0.489417	0.486818	0.483822	0.489556	0.489546	0.586955	0.465032	0.465513	0.470592	0.458533	0.457061	0.472736	0.464678	0.464112	0.463331	0.476202	0.471065	0.471655	0.473163	0.473178	0.473383	0.446855	0.446572	0.44829	0.446683	0.449271	0.45017	0.437332	0.438367	0.438318	0.437715	0.437184	0.437157	0.462163	0.470871	0.470313	0.457939	0.460297	0.459662
ERR607569-k20-n1-x5e9	0.346024	0.407955	0.33923	0.333541	0.334188	0.333958	0.364934	0.358748	0.351456	0.442843	0.414448	0.401589	0.38936	0.391646	0.398554	0.435872	0.386413	0.386245	0.322023	0.333234	0.346802	0.358056	0.360651	0.356502	0.360195	0.385017	0.537573	0.40959	0.386373	0.386268	0.3339	0.257621	0	0.307178	0.30181	0.317168	0.383763	0.377918	0.384593	0.332836	0.334234	0.333724	0.348567	0.35374	0.532816	0.382829	0.362933	0.362102	0.493366	0.478894	0.674682	0.480736	0.47849	0.479471	0.484316	0.480174	0.483261	0.495049	0.491339	0.487049	0.495552	0.495545	0.598647	0.46935	0.470024	0.476142	0.456157	0.456214	0.47915	0.467636	0.46687	0.465347	0.475167	0.467457	0.46895	0.47062	0.470593	0.471074	0.440659	0.443689	0.444882	0.443353	0.446945	0.44807	0.434312	0.43287	0.43411	0.436307	0.434756	0.434374	0.454991	0.46176	0.461812	0.452514	0.453845	0.453005
ERR607570-k20-n1-x5e9	0.413176	0.345118	0.394122	0.383249	0.385508	0.38505	0.358816	0.365902	0.3766	0.529379	0.497232	0.481972	0.3527	0.351625	0.350217	0.372202	0.354249	0.353175	0.349414	0.39688	0.419718	0.440951	0.44458	0.439104	0.340685	0.466289	0.457068	0.49482	0.45106	0.452924	0.282864	0.293847	0.307178	0	0.263587	0.265275	0.323024	0.321162	0.323038	0.316927	0.316372	0.31563	0.317235	0.438198	0.450687	0.472617	0.424043	0.425132	0.507823	0.520702	0.632116	0.506152	0.507889	0.507805	0.502694	0.505741	0.508311	0.495044	0.496433	0.49901	0.469195	0.469088	0.536911	0.466085	0.465273	0.464912	0.49677	0.490893	0.473713	0.487812	0.48817	0.49026	0.509525	0.511213	0.511271	0.513231	0.51369	0.513633	0.496397	0.487871	0.490178	0.487614	0.486782	0.487078	0.477764	0.48355	0.483198	0.469662	0.471034	0.471475	0.512913	0.524453	0.524127	0.502931	0.506216	0.506194
ERR607571-k20-n1-x5e9	0.407675	0.347238	0.388931	0.378459	0.380836	0.380415	0.357507	0.363582	0.373143	0.523512	0.491386	0.476141	0.353814	0.352749	0.351402	0.375483	0.35475	0.353759	0.347135	0.393262	0.415807	0.435972	0.439475	0.434095	0.339691	0.460469	0.461124	0.48897	0.445483	0.447083	0.282789	0.288888	0.30181	0.263587	0	0.265499	0.325168	0.322461	0.325562	0.31558	0.315619	0.314738	0.316573	0.431738	0.454717	0.466188	0.417465	0.418777	0.505175	0.517152	0.634452	0.503361	0.50512	0.504992	0.499922	0.502688	0.504953	0.493551	0.494768	0.496897	0.470689	0.470232	0.540659	0.465194	0.464558	0.464437	0.493208	0.487538	0.472678	0.485125	0.485359	0.487285	0.506149	0.507326	0.507403	0.509271	0.509709	0.509668	0.491786	0.483706	0.486057	0.483431	0.48281	0.483392	0.473635	0.479358	0.478879	0.466479	0.467846	0.468214	0.508429	0.519763	0.519335	0.498716	0.50203	0.501896
ERR607572-k20-n1-x5e9	0.42255	0.341399	0.402566	0.391602	0.394202	0.393787	0.362348	0.370452	0.382659	0.539139	0.506739	0.491482	0.353517	0.351615	0.34855	0.36892	0.355041	0.354045	0.357906	0.407981	0.431169	0.452407	0.456061	0.450428	0.342612	0.476274	0.448763	0.504763	0.459425	0.461149	0.28057	0.302984	0.317168	0.265275	0.265499	0	0.320017	0.318445	0.320245	0.32028	0.319996	0.319347	0.318787	0.448411	0.442128	0.483008	0.431777	0.433196	0.51294	0.528509	0.629253	0.51264	0.514764	0.514655	0.508252	0.512004	0.514364	0.498974	0.500705	0.504161	0.470795	0.47043	0.532415	0.469418	0.468447	0.467436	0.504004	0.4975	0.476129	0.492867	0.493198	0.495724	0.516686	0.519012	0.518889	0.520766	0.521123	0.521079	0.504955	0.495656	0.498199	0.495612	0.494402	0.494806	0.485892	0.492288	0.491551	0.477395	0.479121	0.479601	0.521455	0.533329	0.532825	0.511316	0.514761	0.514791
ERR607977-k20-n1-x5e9	0.443768	0.337634	0.421588	0.411252	0.413702	0.413102	0.38858	0.398719	0.412914	0.572884	0.540514	0.52544	0.36496	0.362235	0.356524	0.372317	0.367745	0.366159	0.389004	0.442863	0.466554	0.489234	0.49297	0.486959	0.348708	0.496124	0.432268	0.525343	0.475646	0.478003	0.327731	0.369135	0.383763	0.323024	0.325168	0.320017	0	0.270257	0.271335	0.290165	0.289867	0.289618	0.338159	0.483752	0.429795	0.518768	0.462245	0.463762	0.502565	0.525448	0.605948	0.506041	0.509215	0.508855	0.498456	0.50415	0.506454	0.484211	0.487641	0.493025	0.465181	0.464681	0.513002	0.467989	0.466715	0.463631	0.502709	0.494567	0.462938	0.485161	0.485788	0.48958	0.511546	0.517262	0.516778	0.518762	0.5191	0.518944	0.509888	0.495927	0.498677	0.495729	0.492756	0.492925	0.484019	0.49312	0.492105	0.473021	0.475314	0.475968	0.525585	0.539371	0.538962	0.512104	0.516369	0.516606
ERR607978-k20-n1-x5e9	0.437636	0.338331	0.415823	0.405344	0.407728	0.407526	0.38452	0.394338	0.407874	0.566452	0.534118	0.518977	0.362856	0.360538	0.355105	0.372603	0.365277	0.363886	0.383618	0.43642	0.460217	0.482755	0.48643	0.480546	0.345568	0.48978	0.436967	0.51902	0.470618	0.472558	0.327281	0.363438	0.377918	0.321162	0.322461	0.318445	0.270257	0	0.270864	0.284939	0.28427	0.284039	0.335958	0.477808	0.435377	0.512673	0.457727	0.459188	0.499384	0.520755	0.607722	0.50201	0.505155	0.504725	0.49533	0.500692	0.50323	0.482406	0.485403	0.490241	0.463491	0.462902	0.515757	0.464898	0.463812	0.46131	0.498599	0.490515	0.460902	0.481812	0.482457	0.48599	0.50754	0.512789	0.512552	0.514474	0.514764	0.51472	0.504878	0.491617	0.494237	0.491306	0.488728	0.488816	0.479173	0.488003	0.487172	0.468512	0.470468	0.47128	0.520315	0.533847	0.533639	0.507344	0.511253	0.511357
ERR607979-k20-n1-x5e9	0.447035	0.338352	0.42523	0.413963	0.416389	0.416093	0.38569	0.396345	0.412578	0.574321	0.542112	0.526973	0.359993	0.357623	0.352925	0.365725	0.363518	0.361995	0.388435	0.442028	0.465959	0.490214	0.493836	0.48799	0.34831	0.498804	0.431555	0.528021	0.481298	0.483248	0.332243	0.370326	0.384593	0.323038	0.325562	0.320245	0.271335	0.270864	0	0.291238	0.290035	0.289652	0.339019	0.486896	0.430047	0.521727	0.468872	0.470284	0.508454	0.52966	0.606713	0.510265	0.513092	0.512864	0.504878	0.510393	0.513318	0.490632	0.493919	0.499115	0.462259	0.461925	0.51085	0.468756	0.467256	0.464419	0.507186	0.499101	0.467167	0.490938	0.491801	0.495371	0.517501	0.522567	0.522601	0.524701	0.525002	0.525011	0.514572	0.501679	0.504203	0.501023	0.498527	0.49847	0.489064	0.497611	0.497184	0.477921	0.479648	0.480428	0.529935	0.543011	0.54302	0.516853	0.520482	0.520788
ERR607980-k20-n1-x5e9	0.384681	0.356157	0.367348	0.358343	0.360074	0.359805	0.365666	0.369215	0.37502	0.513263	0.481331	0.466702	0.360434	0.360235	0.361204	0.390764	0.36037	0.359659	0.346301	0.386351	0.407375	0.426796	0.430272	0.424661	0.332315	0.433566	0.477039	0.462431	0.421307	0.4227	0.3341	0.324461	0.332836	0.316927	0.31558	0.32028	0.290165	0.284939	0.291238	0	0.260353	0.260033	0.330112	0.422029	0.478944	0.456186	0.412069	0.41274	0.478052	0.484321	0.629176	0.47407	0.474678	0.474922	0.471218	0.472485	0.475343	0.469215	0.468877	0.469593	0.462949	0.462756	0.545581	0.451116	0.450594	0.452127	0.461705	0.456807	0.450684	0.456814	0.456792	0.458045	0.474579	0.474867	0.475659	0.477539	0.477616	0.477655	0.460355	0.452282	0.454368	0.451692	0.451421	0.451859	0.439174	0.444532	0.444635	0.433086	0.433639	0.434144	0.475423	0.487175	0.487188	0.465168	0.468322	0.468175
ERR607981-k20-n1-x5e9	0.386533	0.355304	0.368799	0.359394	0.361367	0.361316	0.365932	0.369815	0.376048	0.515429	0.483851	0.469185	0.359645	0.35951	0.360406	0.388703	0.359274	0.358642	0.347042	0.387375	0.408405	0.428468	0.432094	0.426329	0.331792	0.435601	0.475242	0.464376	0.423478	0.424774	0.334416	0.325474	0.334234	0.316372	0.315619	0.319996	0.289867	0.28427	0.290035	0.260353	0	0.260455	0.329184	0.424134	0.477362	0.458497	0.414323	0.415086	0.478983	0.485547	0.628087	0.47465	0.475588	0.475807	0.471798	0.472982	0.476186	0.469346	0.469098	0.469942	0.462282	0.462112	0.544542	0.451282	0.450643	0.452294	0.462603	0.457605	0.450844	0.457481	0.457618	0.459051	0.475198	0.475632	0.476353	0.47825	0.478394	0.47847	0.461708	0.453451	0.455512	0.452745	0.452346	0.452817	0.440247	0.445595	0.445912	0.43394	0.434406	0.434851	0.476641	0.488443	0.48848	0.466091	0.469281	0.469126
ERR607982-k20-n1-x5e9	0.387521	0.354904	0.369693	0.360186	0.362122	0.361884	0.363551	0.367401	0.373679	0.51512	0.483227	0.468285	0.35745	0.357285	0.358315	0.386562	0.357544	0.356739	0.347531	0.38782	0.409094	0.429249	0.432809	0.427117	0.331318	0.436142	0.474382	0.465096	0.424301	0.425477	0.333767	0.325087	0.333724	0.31563	0.314738	0.319347	0.289618	0.284039	0.289652	0.260033	0.260455	0	0.32886	0.424561	0.476971	0.458783	0.414924	0.415649	0.479973	0.486913	0.628348	0.475797	0.476622	0.476728	0.474032	0.47527	0.478434	0.47136	0.471504	0.472394	0.461355	0.461171	0.543624	0.45065	0.450108	0.451617	0.464369	0.459296	0.452099	0.459086	0.459302	0.460674	0.477679	0.47778	0.478418	0.480482	0.480562	0.480663	0.463361	0.455511	0.457444	0.454913	0.454453	0.454886	0.44241	0.447705	0.447939	0.436335	0.43692	0.437224	0.478204	0.48976	0.489859	0.467924	0.471061	0.470774
ERR610031-k20-n1-x5e9	0.389372	0.319759	0.367057	0.356923	0.359516	0.359028	0.350253	0.355943	0.365175	0.52255	0.488976	0.473055	0.3479	0.346246	0.345194	0.370415	0.348432	0.347515	0.349025	0.398763	0.422381	0.442265	0.4459	0.440306	0.306035	0.444522	0.440799	0.477247	0.422556	0.424915	0.330741	0.336876	0.348567	0.317235	0.316573	0.318787	0.338159	0.335958	0.339019	0.330112	0.329184	0.32886	0	0.397733	0.425103	0.439142	0.376073	0.377392	0.511753	0.525166	0.641025	0.511754	0.513757	0.513724	0.498177	0.501755	0.503379	0.490961	0.491965	0.494631	0.481182	0.480591	0.548477	0.475172	0.474657	0.474164	0.48167	0.474084	0.454121	0.468318	0.468941	0.471893	0.509016	0.512495	0.512094	0.514189	0.514745	0.514608	0.500581	0.488816	0.491618	0.488333	0.486118	0.486452	0.48153	0.488825	0.487851	0.4739	0.47585	0.476411	0.520532	0.533234	0.532818	0.508648	0.512776	0.512714
