	ERR609235-k20-n1-x5e9	ERR609236-k20-n1-x5e9	ERR609237-k20-n1-x5e9	ERR609238-k20-n1-x5e9	ERR609239-k20-n1-x5e9	ERR609240-k20-n1-x5e9	ERR608233-k20-n1-x5e9	ERR608234-k20-n1-x5e9	ERR608235-k20-n1-x5e9	ERR608236-k20-n1-x5e9	ERR608237-k20-n1-x5e9	ERR608238-k20-n1-x5e9	ERR608445-k20-n1-x5e9	ERR608446-k20-n1-x5e9	ERR608447-k20-n1-x5e9	ERR608448-k20-n1-x5e9	ERR608449-k20-n1-x5e9	ERR608450-k20-n1-x5e9	ERR608537-k20-n1-x5e9	ERR608538-k20-n1-x5e9	ERR608539-k20-n1-x5e9	ERR608540-k20-n1-x5e9	ERR608541-k20-n1-x5e9	ERR608542-k20-n1-x5e9	ERR608823-k20-n1-x5e9	ERR608824-k20-n1-x5e9	ERR608825-k20-n1-x5e9	ERR608826-k20-n1-x5e9	ERR608827-k20-n1-x5e9	ERR608828-k20-n1-x5e9	ERR605793-k20-n1-x5e9	ERR605794-k20-n1-x5e9	ERR605795-k20-n1-x5e9	ERR605796-k20-n1-x5e9	ERR605797-k20-n1-x5e9	ERR605798-k20-n1-x5e9	ERR608251-k20-n1-x5e9	ERR608252-k20-n1-x5e9	ERR608253-k20-n1-x5e9	ERR608254-k20-n1-x5e9	ERR608255-k20-n1-x5e9	ERR608256-k20-n1-x5e9	ERR609301-k20-n1-x5e9	ERR609302-k20-n1-x5e9	ERR609303-k20-n1-x5e9	ERR609304-k20-n1-x5e9	ERR609305-k20-n1-x5e9	ERR609306-k20-n1-x5e9	ERR608745-k20-n1-x5e9	ERR608746-k20-n1-x5e9	ERR608747-k20-n1-x5e9	ERR608748-k20-n1-x5e9	ERR608749-k20-n1-x5e9	ERR608750-k20-n1-x5e9	ERR608757-k20-n1-x5e9	ERR608758-k20-n1-x5e9	ERR608759-k20-n1-x5e9	ERR608760-k20-n1-x5e9	ERR608761-k20-n1-x5e9	ERR608762-k20-n1-x5e9	ERR606666-k20-n1-x5e9	ERR606667-k20-n1-x5e9	ERR606668-k20-n1-x5e9	ERR606669-k20-n1-x5e9	ERR606670-k20-n1-x5e9	ERR606671-k20-n1-x5e9	ERR605940-k20-n1-x5e9	ERR605941-k20-n1-x5e9	ERR605942-k20-n1-x5e9	ERR605943-k20-n1-x5e9	ERR605944-k20-n1-x5e9	ERR605945-k20-n1-x5e9	ERR607899-k20-n1-x5e9	ERR607900-k20-n1-x5e9	ERR607901-k20-n1-x5e9	ERR607902-k20-n1-x5e9	ERR607903-k20-n1-x5e9	ERR607904-k20-n1-x5e9	ERR608025-k20-n1-x5e9	ERR608026-k20-n1-x5e9	ERR608027-k20-n1-x5e9	ERR608028-k20-n1-x5e9	ERR608029-k20-n1-x5e9	ERR608030-k20-n1-x5e9	ERR607747-k20-n1-x5e9	ERR607748-k20-n1-x5e9	ERR607749-k20-n1-x5e9	ERR607750-k20-n1-x5e9	ERR607751-k20-n1-x5e9	ERR607752-k20-n1-x5e9	ERR605701-k20-n1-x5e9	ERR605702-k20-n1-x5e9	ERR605703-k20-n1-x5e9	ERR605704-k20-n1-x5e9	ERR605705-k20-n1-x5e9	ERR605706-k20-n1-x5e9
ERR609235-k20-n1-x5e9	0	0.25004	0.254658	0.275326	0.254605	0.254739	0.375249	0.438919	0.467513	0.485985	0.487748	0.483705	0.443612	0.418466	0.417896	0.419355	0.419064	0.419378	0.472727	0.365713	0.381369	0.360579	0.359825	0.35993	0.390464	0.316155	0.314592	0.316965	0.31696	0.316777	0.452248	0.474355	0.347199	0.355318	0.358295	0.360664	0.487967	0.476766	0.495429	0.355701	0.356846	0.359036	0.343681	0.344196	0.468783	0.338994	0.331474	0.334249	0.57282	0.52559	0.506496	0.513813	0.515582	0.528106	0.45054	0.426235	0.421713	0.422868	0.422694	0.426415	0.58213	0.454052	0.455657	0.46531	0.458224	0.459163	0.5589	0.507105	0.505406	0.547794	0.541437	0.543829	0.433701	0.442089	0.44163	0.429931	0.432273	0.43193	0.503407	0.467491	0.466559	0.467072	0.465138	0.465137	0.474314	0.466929	0.467524	0.469256	0.46913	0.46909	0.446356	0.438623	0.438118	0.434578	0.445639	0.443043
ERR609236-k20-n1-x5e9	0.25004	0	0.252738	0.274877	0.254202	0.254282	0.377983	0.442768	0.471538	0.489135	0.491102	0.486853	0.441459	0.418095	0.417899	0.419763	0.419368	0.418957	0.470526	0.36499	0.380076	0.360668	0.359827	0.359987	0.388784	0.318023	0.317317	0.31867	0.318749	0.318627	0.448997	0.470807	0.344079	0.351187	0.354153	0.356025	0.486335	0.475562	0.494024	0.354905	0.355664	0.357934	0.341668	0.342189	0.466055	0.337487	0.329183	0.33174	0.570472	0.523867	0.504952	0.512517	0.514214	0.526426	0.448219	0.425404	0.421286	0.422844	0.422647	0.425565	0.577517	0.451782	0.452961	0.462063	0.455453	0.456221	0.558424	0.509732	0.507988	0.54923	0.54273	0.545272	0.433725	0.442936	0.442018	0.429574	0.432426	0.432078	0.500119	0.465526	0.465126	0.465231	0.463174	0.463234	0.472458	0.46602	0.466057	0.467856	0.467637	0.46761	0.446041	0.437288	0.436752	0.43358	0.443031	0.440515
ERR609237-k20-n1-x5e9	0.254658	0.252738	0	0.273094	0.258282	0.25802	0.392696	0.459192	0.488043	0.504419	0.506326	0.502152	0.435452	0.419445	0.421605	0.424418	0.424002	0.420314	0.460905	0.365242	0.378069	0.364362	0.362997	0.36381	0.375446	0.317414	0.3198	0.318605	0.318079	0.318342	0.438251	0.459219	0.342699	0.347155	0.349183	0.351033	0.474856	0.464781	0.483449	0.348289	0.349107	0.351335	0.335712	0.336642	0.454051	0.339714	0.329416	0.331957	0.559855	0.515141	0.497119	0.505083	0.506342	0.51754	0.441069	0.424282	0.422342	0.424548	0.424602	0.424523	0.565148	0.450787	0.451518	0.457874	0.45387	0.454272	0.551791	0.51264	0.511558	0.547534	0.541647	0.544139	0.436861	0.448307	0.44659	0.430882	0.434528	0.434509	0.488968	0.461387	0.463746	0.462518	0.460278	0.460563	0.469766	0.465665	0.464546	0.465968	0.465901	0.465735	0.45001	0.439657	0.438601	0.435251	0.442755	0.440309
ERR609238-k20-n1-x5e9	0.275326	0.274877	0.273094	0	0.285557	0.285567	0.429079	0.493052	0.521141	0.541008	0.542889	0.538773	0.436472	0.430088	0.437893	0.441142	0.442741	0.43158	0.432559	0.380029	0.377237	0.393225	0.39265	0.394045	0.354612	0.317609	0.323551	0.317161	0.316247	0.317007	0.410241	0.43112	0.367153	0.371534	0.375787	0.379129	0.434527	0.42348	0.440638	0.33797	0.337597	0.339485	0.319369	0.319812	0.421335	0.38573	0.370744	0.374474	0.543615	0.49514	0.478381	0.484183	0.485752	0.497824	0.442513	0.434319	0.437926	0.439985	0.442247	0.435163	0.576434	0.48155	0.480583	0.484065	0.487937	0.48725	0.529726	0.497149	0.497175	0.519955	0.51513	0.516807	0.470585	0.481486	0.482105	0.460704	0.463547	0.463651	0.501039	0.483983	0.488542	0.485878	0.483898	0.484812	0.497753	0.495404	0.496167	0.498376	0.498432	0.498384	0.486287	0.475663	0.474311	0.46903	0.481764	0.478496
ERR609239-k20-n1-x5e9	0.254605	0.254202	0.258282	0.285557	0	0.251971	0.372225	0.435663	0.464157	0.481077	0.482952	0.478737	0.445331	0.419556	0.418145	0.419481	0.418619	0.419987	0.4801	0.366658	0.385109	0.358255	0.357438	0.357421	0.397595	0.323231	0.321296	0.323661	0.324096	0.323975	0.459426	0.481264	0.346104	0.353574	0.355877	0.358014	0.497175	0.486721	0.505356	0.361967	0.363138	0.365647	0.35109	0.351715	0.476846	0.330138	0.323774	0.326063	0.576785	0.530905	0.511759	0.519521	0.521124	0.533306	0.451947	0.427174	0.421851	0.423142	0.422478	0.42727	0.579568	0.449633	0.451331	0.461376	0.452721	0.453771	0.565401	0.514295	0.512486	0.55627	0.549615	0.552267	0.428847	0.437636	0.436271	0.426083	0.428757	0.428471	0.502228	0.465096	0.463712	0.464676	0.462426	0.462254	0.470045	0.462744	0.462503	0.46412	0.464017	0.463931	0.441141	0.433227	0.432787	0.429769	0.438925	0.4365
ERR609240-k20-n1-x5e9	0.254739	0.254282	0.25802	0.285567	0.251971	0	0.373347	0.437449	0.465946	0.482746	0.484698	0.480465	0.44561	0.420351	0.419183	0.420487	0.419693	0.4208	0.479441	0.366643	0.385177	0.358936	0.357799	0.357919	0.397197	0.323677	0.321915	0.324324	0.324529	0.32424	0.458734	0.480368	0.345641	0.353189	0.355336	0.35733	0.496657	0.486169	0.50457	0.361907	0.36287	0.365104	0.350876	0.351647	0.476295	0.33029	0.323654	0.325852	0.576511	0.530804	0.51168	0.519603	0.521162	0.533139	0.452155	0.427809	0.422592	0.4237	0.423178	0.427676	0.579384	0.450145	0.451816	0.461765	0.453168	0.45428	0.565275	0.515022	0.513182	0.556565	0.550132	0.5526	0.430184	0.439063	0.437753	0.427267	0.429838	0.42967	0.501867	0.465511	0.464466	0.464901	0.462869	0.462956	0.470594	0.463514	0.463138	0.464755	0.464495	0.46442	0.442326	0.434202	0.43373	0.430728	0.439668	0.43729
ERR608233-k20-n1-x5e9	0.375249	0.377983	0.392696	0.429079	0.372225	0.373347	0	0.26464	0.288344	0.307505	0.309582	0.305479	0.526033	0.472004	0.455005	0.450309	0.446999	0.471534	0.581839	0.412757	0.455399	0.370315	0.371127	0.366738	0.512963	0.403312	0.388224	0.402633	0.404731	0.403467	0.58091	0.601587	0.428057	0.440193	0.442548	0.444403	0.611428	0.600433	0.617747	0.463958	0.466178	0.468254	0.46955	0.470365	0.597632	0.373315	0.386127	0.386444	0.666366	0.621693	0.601412	0.60908	0.611055	0.624011	0.534344	0.486085	0.468599	0.464997	0.46102	0.485815	0.668961	0.498471	0.504676	0.527494	0.498723	0.503285	0.64125	0.553557	0.548696	0.617522	0.609283	0.61239	0.430988	0.422051	0.424747	0.446247	0.442887	0.441267	0.585427	0.522672	0.510057	0.51761	0.516288	0.514899	0.511588	0.490645	0.49421	0.49644	0.495577	0.496033	0.447443	0.452732	0.456124	0.45558	0.466666	0.465163
ERR608234-k20-n1-x5e9	0.438919	0.442768	0.459192	0.493052	0.435663	0.437449	0.26464	0	0.241181	0.256625	0.257686	0.255264	0.581334	0.52231	0.501735	0.495094	0.491353	0.521895	0.642621	0.47552	0.519116	0.425541	0.427065	0.421457	0.573282	0.462117	0.444766	0.461297	0.463639	0.462575	0.642139	0.661685	0.492544	0.50606	0.508226	0.509952	0.670825	0.660236	0.676144	0.532012	0.5344	0.536163	0.532322	0.533354	0.654666	0.427522	0.444849	0.444664	0.716972	0.673913	0.654491	0.661141	0.663284	0.676361	0.591756	0.540155	0.520768	0.515527	0.510982	0.540076	0.720876	0.546747	0.554697	0.580659	0.54634	0.552023	0.681393	0.584996	0.579301	0.653407	0.645386	0.648421	0.468852	0.451714	0.455569	0.492761	0.486525	0.484368	0.639064	0.572951	0.557621	0.566969	0.566165	0.564515	0.563267	0.536692	0.541704	0.543228	0.542189	0.542923	0.480559	0.492545	0.497129	0.498591	0.509471	0.508781
ERR608235-k20-n1-x5e9	0.467513	0.471538	0.488043	0.521141	0.464157	0.465946	0.288344	0.241181	0	0.246732	0.247031	0.2456	0.605948	0.546487	0.52511	0.518084	0.514144	0.546049	0.668498	0.504213	0.547556	0.452841	0.454298	0.448378	0.598729	0.488937	0.471303	0.48812	0.490369	0.489463	0.667756	0.686835	0.520587	0.534429	0.536359	0.537982	0.695943	0.685764	0.700903	0.561534	0.563913	0.565626	0.559319	0.560315	0.678539	0.45269	0.471001	0.470677	0.738695	0.696694	0.677715	0.684057	0.686308	0.699135	0.61697	0.565306	0.545561	0.540056	0.535273	0.565264	0.742606	0.569371	0.577703	0.604414	0.568622	0.574613	0.699546	0.60201	0.59609	0.670994	0.663121	0.666081	0.490288	0.470677	0.474397	0.516848	0.50994	0.507537	0.662206	0.595934	0.580016	0.589773	0.589063	0.587373	0.587625	0.559558	0.564819	0.56593	0.564918	0.565747	0.498961	0.513002	0.517832	0.520231	0.530233	0.529818
ERR608236-k20-n1-x5e9	0.485985	0.489135	0.504419	0.541008	0.481077	0.482746	0.307505	0.256625	0.246732	0	0.236307	0.236413	0.622744	0.565363	0.543873	0.537264	0.532928	0.564426	0.690569	0.529704	0.573473	0.476077	0.477187	0.471126	0.61323	0.506973	0.490561	0.506472	0.508714	0.50775	0.686053	0.7043	0.538375	0.55079	0.552372	0.553199	0.716171	0.706576	0.721492	0.584498	0.587169	0.58866	0.57843	0.579316	0.69484	0.462654	0.482988	0.482102	0.753373	0.71387	0.695615	0.702144	0.70407	0.716076	0.634163	0.5847	0.565081	0.559807	0.554831	0.584311	0.753827	0.583154	0.591995	0.618453	0.580529	0.586973	0.711237	0.617206	0.611466	0.685855	0.677987	0.680968	0.505826	0.485775	0.487015	0.535689	0.5297	0.527229	0.674175	0.609816	0.594377	0.603779	0.602652	0.601035	0.605314	0.57666	0.580533	0.580798	0.579662	0.580524	0.508181	0.523559	0.529	0.533538	0.538277	0.53873
ERR608237-k20-n1-x5e9	0.487748	0.491102	0.506326	0.542889	0.482952	0.484698	0.309582	0.257686	0.247031	0.236307	0	0.236414	0.624139	0.56677	0.545201	0.538622	0.534293	0.565875	0.692359	0.531691	0.575454	0.477833	0.478934	0.472976	0.614911	0.508793	0.49237	0.508282	0.510491	0.509574	0.6879	0.706085	0.540391	0.552753	0.554241	0.555115	0.717967	0.708408	0.72326	0.586657	0.589226	0.590797	0.580332	0.581153	0.696415	0.464361	0.484771	0.483902	0.754691	0.715296	0.697095	0.703535	0.705533	0.717479	0.635617	0.586124	0.566509	0.561286	0.556252	0.585791	0.755324	0.584565	0.593382	0.619946	0.581807	0.588377	0.712199	0.618141	0.612329	0.686817	0.678921	0.68188	0.507094	0.486967	0.488078	0.537267	0.531208	0.528713	0.675519	0.611085	0.595653	0.605082	0.603927	0.602296	0.606684	0.578012	0.581896	0.582124	0.580968	0.58179	0.509114	0.524651	0.530052	0.534624	0.539202	0.539721
ERR608238-k20-n1-x5e9	0.483705	0.486853	0.502152	0.538773	0.478737	0.480465	0.305479	0.255264	0.2456	0.236413	0.236414	0	0.620473	0.56303	0.541516	0.534868	0.530569	0.562105	0.688494	0.527137	0.571018	0.473464	0.474562	0.468459	0.611318	0.504716	0.488272	0.504255	0.506514	0.505583	0.684084	0.702459	0.535996	0.548591	0.55005	0.550884	0.71421	0.704663	0.719504	0.582196	0.584706	0.586331	0.576203	0.57711	0.692971	0.460359	0.480726	0.479835	0.751551	0.711924	0.693614	0.700015	0.702058	0.714158	0.631924	0.582266	0.562607	0.557353	0.552357	0.581886	0.751979	0.580941	0.589756	0.616328	0.578357	0.58481	0.709594	0.615563	0.609711	0.684262	0.676442	0.679399	0.503319	0.483256	0.4846	0.533177	0.527135	0.524603	0.672164	0.607547	0.592075	0.601558	0.600421	0.59879	0.602919	0.574243	0.578229	0.578384	0.577254	0.578079	0.505984	0.521321	0.526672	0.531219	0.535974	0.536422
ERR608445-k20-n1-x5e9	0.443612	0.441459	0.435452	0.436472	0.445331	0.44561	0.526033	0.581334	0.605948	0.622744	0.624139	0.620473	0	0.291478	0.312513	0.321278	0.325351	0.291374	0.470759	0.453437	0.445549	0.470974	0.469753	0.472311	0.44652	0.438484	0.443418	0.437719	0.437652	0.437545	0.469615	0.48266	0.453277	0.452509	0.453421	0.45644	0.487697	0.481448	0.496227	0.426844	0.426158	0.425915	0.433423	0.433942	0.493915	0.475321	0.462488	0.464214	0.419606	0.365424	0.345271	0.353943	0.355349	0.367547	0.287705	0.299808	0.314754	0.320148	0.324711	0.300265	0.451176	0.379426	0.374704	0.36696	0.387312	0.383917	0.417907	0.412025	0.413531	0.425051	0.419933	0.423069	0.390106	0.412577	0.412842	0.364012	0.370591	0.372455	0.365327	0.365222	0.379458	0.369966	0.369074	0.370899	0.357705	0.367477	0.365908	0.367903	0.368398	0.367984	0.428126	0.409324	0.405166	0.395565	0.409814	0.405732
ERR608446-k20-n1-x5e9	0.418466	0.418095	0.419445	0.430088	0.419556	0.420351	0.472004	0.52231	0.546487	0.565363	0.56677	0.56303	0.291478	0	0.257625	0.261175	0.263926	0.254826	0.502444	0.428175	0.43409	0.433545	0.433072	0.434189	0.470695	0.420737	0.418309	0.419927	0.420652	0.420266	0.504651	0.52243	0.435207	0.441779	0.443371	0.44674	0.528655	0.519882	0.536048	0.428709	0.428739	0.429281	0.438136	0.438667	0.528647	0.441403	0.433955	0.435778	0.482641	0.423277	0.398236	0.407026	0.409097	0.426257	0.31794	0.280486	0.277849	0.27849	0.279758	0.281302	0.501528	0.351078	0.351096	0.36071	0.359843	0.359329	0.465358	0.400135	0.398275	0.450083	0.442373	0.446481	0.329085	0.345493	0.34803	0.311125	0.313893	0.314947	0.405233	0.356348	0.355837	0.355218	0.35538	0.355629	0.337387	0.33154	0.334007	0.336543	0.336392	0.33655	0.371959	0.35916	0.356078	0.346415	0.369252	0.365057
ERR608447-k20-n1-x5e9	0.417896	0.417899	0.421605	0.437893	0.418145	0.419183	0.455005	0.501735	0.52511	0.543873	0.545201	0.541516	0.312513	0.257625	0	0.252089	0.252962	0.25835	0.521243	0.427567	0.439774	0.426479	0.426179	0.426704	0.485658	0.423941	0.418997	0.423131	0.4244	0.423754	0.523223	0.541644	0.435701	0.44376	0.4451	0.448325	0.55004	0.541008	0.557232	0.439416	0.439928	0.440732	0.448149	0.448902	0.546547	0.432946	0.428458	0.430041	0.507624	0.449168	0.423361	0.432934	0.434743	0.452203	0.338489	0.289131	0.278353	0.277372	0.276439	0.289333	0.519282	0.347198	0.349473	0.365075	0.354763	0.355735	0.487749	0.408242	0.405185	0.468637	0.460149	0.464293	0.311399	0.323857	0.327214	0.299806	0.300714	0.301158	0.422752	0.361939	0.35601	0.358519	0.358687	0.35822	0.338493	0.326072	0.329792	0.33226	0.331946	0.332186	0.353325	0.343718	0.341905	0.333239	0.357038	0.352882
ERR608448-k20-n1-x5e9	0.419355	0.419763	0.424418	0.441142	0.419481	0.420487	0.450309	0.495094	0.518084	0.537264	0.538622	0.534868	0.321278	0.261175	0.252089	0	0.250225	0.260598	0.52705	0.427499	0.441315	0.424548	0.424375	0.424588	0.49125	0.425696	0.419765	0.425006	0.426023	0.425751	0.530116	0.548829	0.43789	0.447119	0.448441	0.451795	0.556667	0.547359	0.563634	0.443646	0.443909	0.445157	0.452994	0.453758	0.553055	0.432894	0.429382	0.430906	0.51603	0.457565	0.431812	0.440512	0.442791	0.460531	0.346268	0.293281	0.281171	0.278358	0.277164	0.293629	0.526611	0.349609	0.35248	0.370247	0.357242	0.358483	0.494373	0.41062	0.407046	0.474144	0.465659	0.46978	0.306791	0.317376	0.321339	0.297742	0.297302	0.297584	0.429992	0.365878	0.358255	0.361856	0.362623	0.361859	0.341445	0.326823	0.331182	0.33332	0.332961	0.333415	0.350947	0.342769	0.340921	0.332432	0.357501	0.353436
ERR608449-k20-n1-x5e9	0.419064	0.419368	0.424002	0.442741	0.418619	0.419693	0.446999	0.491353	0.514144	0.532928	0.534293	0.530569	0.325351	0.263926	0.252962	0.250225	0	0.262898	0.530965	0.427681	0.443089	0.423087	0.422831	0.422957	0.493387	0.426794	0.420483	0.425976	0.427303	0.426929	0.53301	0.551771	0.437007	0.446347	0.447436	0.450722	0.560946	0.551668	0.568102	0.445771	0.446543	0.447362	0.454411	0.45517	0.555637	0.429435	0.426651	0.427932	0.520548	0.46296	0.437374	0.446256	0.448489	0.465976	0.350512	0.296456	0.282618	0.280232	0.278166	0.296556	0.528405	0.348434	0.351514	0.370216	0.355277	0.357	0.499387	0.414625	0.410853	0.479625	0.470979	0.475309	0.303553	0.313422	0.316981	0.295911	0.295676	0.295836	0.432664	0.3673	0.358962	0.362882	0.363398	0.362354	0.341696	0.326112	0.330076	0.332226	0.331731	0.332316	0.346414	0.338807	0.337282	0.329183	0.353349	0.34925
ERR608450-k20-n1-x5e9	0.419378	0.418957	0.420314	0.43158	0.419987	0.4208	0.471534	0.521895	0.546049	0.564426	0.565875	0.562105	0.291374	0.254826	0.25835	0.260598	0.262898	0	0.504988	0.43005	0.436492	0.434333	0.433961	0.434972	0.470837	0.421763	0.419665	0.420799	0.421627	0.421406	0.506255	0.523707	0.436167	0.442177	0.443501	0.446852	0.53059	0.522031	0.538075	0.431118	0.431104	0.431663	0.439579	0.440239	0.529923	0.44105	0.433555	0.43542	0.482921	0.424361	0.399124	0.407873	0.410032	0.426605	0.317624	0.281407	0.278677	0.278914	0.280024	0.280972	0.501054	0.350618	0.350621	0.360058	0.358789	0.358415	0.464888	0.400052	0.398278	0.450129	0.442169	0.446313	0.327869	0.344313	0.346418	0.310281	0.31339	0.314538	0.404047	0.356227	0.355393	0.354552	0.354557	0.354571	0.33683	0.331076	0.333011	0.335518	0.335377	0.335647	0.370544	0.357734	0.354949	0.345438	0.367269	0.362986
ERR608537-k20-n1-x5e9	0.472727	0.470526	0.460905	0.432559	0.4801	0.479441	0.581839	0.642621	0.668498	0.690569	0.692359	0.688494	0.470759	0.502444	0.521243	0.52705	0.530965	0.504988	0	0.393466	0.343889	0.451071	0.450865	0.455798	0.42289	0.461459	0.472737	0.460204	0.458737	0.459371	0.380872	0.387852	0.471193	0.468074	0.47067	0.474288	0.333196	0.327566	0.33852	0.365233	0.364366	0.362441	0.416123	0.414797	0.414456	0.531316	0.51038	0.513411	0.490669	0.454704	0.449207	0.450561	0.450936	0.456609	0.455633	0.483959	0.500269	0.504637	0.509639	0.485853	0.545383	0.556711	0.550853	0.536836	0.566249	0.561394	0.565885	0.589516	0.591797	0.577982	0.578261	0.578528	0.564868	0.585193	0.588515	0.535108	0.539917	0.541759	0.514336	0.538014	0.551533	0.542558	0.542893	0.544324	0.52809	0.54641	0.546484	0.54892	0.54996	0.549198	0.599486	0.580309	0.575644	0.565581	0.580822	0.576435
ERR608538-k20-n1-x5e9	0.365713	0.36499	0.365242	0.380029	0.366658	0.366643	0.412757	0.47552	0.504213	0.529704	0.531691	0.527137	0.453437	0.428175	0.427567	0.427499	0.427681	0.43005	0.393466	0	0.255785	0.258164	0.258558	0.26189	0.441241	0.381891	0.379047	0.381135	0.381431	0.381258	0.462392	0.483074	0.363101	0.371606	0.373022	0.376024	0.47742	0.465918	0.485791	0.33524	0.33634	0.337955	0.388591	0.388449	0.495962	0.386118	0.375849	0.377619	0.570589	0.523794	0.503735	0.512016	0.512825	0.526309	0.444375	0.41866	0.413764	0.414401	0.413932	0.419812	0.568505	0.458222	0.457692	0.462519	0.464506	0.463141	0.604863	0.562212	0.560424	0.597019	0.592473	0.594827	0.430211	0.445056	0.449847	0.410294	0.412304	0.412958	0.503995	0.466887	0.464634	0.465001	0.465646	0.465309	0.43163	0.43548	0.437544	0.440309	0.440859	0.440475	0.469298	0.454477	0.451488	0.44302	0.461231	0.456638
ERR608539-k20-n1-x5e9	0.381369	0.380076	0.378069	0.377237	0.385109	0.385177	0.455399	0.519116	0.547556	0.573473	0.575454	0.571018	0.445549	0.43409	0.439774	0.441315	0.443089	0.436492	0.343889	0.255785	0	0.301655	0.302025	0.30635	0.423812	0.388639	0.390095	0.387784	0.387594	0.387735	0.429149	0.449122	0.378887	0.384211	0.386549	0.390249	0.432165	0.420798	0.43995	0.316945	0.317531	0.318407	0.378698	0.378109	0.465779	0.420832	0.405686	0.408133	0.544977	0.497065	0.478811	0.48574	0.486427	0.499849	0.433592	0.420328	0.422172	0.423771	0.425639	0.422009	0.558534	0.476895	0.474438	0.473049	0.485252	0.482535	0.588971	0.560523	0.559811	0.583783	0.580537	0.58223	0.459581	0.476665	0.481707	0.434668	0.437186	0.438374	0.499163	0.475465	0.47775	0.47516	0.476039	0.476089	0.447383	0.456705	0.458869	0.461496	0.462306	0.462038	0.500239	0.483513	0.479625	0.469869	0.488953	0.48428
ERR608540-k20-n1-x5e9	0.360579	0.360668	0.364362	0.393225	0.358255	0.358936	0.370315	0.425541	0.452841	0.476077	0.477833	0.473464	0.470974	0.433545	0.426479	0.424548	0.423087	0.434333	0.451071	0.258164	0.301655	0	0.235113	0.235187	0.462777	0.381586	0.374274	0.381142	0.382087	0.381727	0.502658	0.523213	0.367803	0.378786	0.379202	0.381452	0.525239	0.514185	0.533569	0.371607	0.373784	0.375545	0.409826	0.410214	0.530164	0.360881	0.358845	0.359616	0.600707	0.555691	0.534981	0.543462	0.544611	0.558042	0.467099	0.430936	0.419969	0.419298	0.416678	0.431248	0.591255	0.454544	0.457255	0.469	0.45796	0.45889	0.618232	0.560863	0.557932	0.607012	0.601203	0.603967	0.409244	0.418545	0.422585	0.400429	0.401125	0.401034	0.520094	0.471142	0.46479	0.467958	0.468191	0.467467	0.436311	0.430324	0.432519	0.434475	0.434572	0.434461	0.443902	0.434188	0.432577	0.427074	0.442424	0.438779
ERR608541-k20-n1-x5e9	0.359825	0.359827	0.362997	0.39265	0.357438	0.357799	0.371127	0.427065	0.454298	0.477187	0.478934	0.474562	0.469753	0.433072	0.426179	0.424375	0.422831	0.433961	0.450865	0.258558	0.302025	0.235113	0	0.235806	0.461645	0.381381	0.374457	0.381098	0.381882	0.381568	0.501654	0.522137	0.366564	0.377064	0.377264	0.379469	0.52463	0.513749	0.53308	0.37106	0.373158	0.374967	0.408977	0.409383	0.529241	0.359442	0.357394	0.358084	0.599465	0.554885	0.53407	0.542802	0.543769	0.557106	0.465802	0.430459	0.419576	0.419005	0.416459	0.430675	0.589383	0.453293	0.455986	0.467543	0.456553	0.457357	0.617449	0.561134	0.558414	0.607144	0.601111	0.603952	0.408907	0.418533	0.42228	0.399914	0.400759	0.400725	0.518307	0.470085	0.46389	0.466967	0.46718	0.466296	0.435476	0.429519	0.431599	0.433368	0.433513	0.433459	0.442809	0.432947	0.431377	0.425922	0.440617	0.437032
ERR608542-k20-n1-x5e9	0.35993	0.359987	0.36381	0.394045	0.357421	0.357919	0.366738	0.421457	0.448378	0.471126	0.472976	0.468459	0.472311	0.434189	0.426704	0.424588	0.422957	0.434972	0.455798	0.26189	0.30635	0.235187	0.235806	0	0.464036	0.381452	0.373773	0.381074	0.381965	0.381696	0.505637	0.526117	0.368298	0.379377	0.379576	0.381857	0.528798	0.51782	0.537224	0.374752	0.376903	0.378705	0.411072	0.41141	0.532282	0.35806	0.356783	0.357461	0.602963	0.558164	0.537321	0.546025	0.547136	0.560431	0.468955	0.432382	0.420971	0.420212	0.417411	0.432695	0.592777	0.454104	0.457148	0.469422	0.457216	0.458327	0.618826	0.560552	0.557757	0.607638	0.601649	0.604499	0.407937	0.416768	0.420527	0.400383	0.401001	0.400795	0.521137	0.471674	0.465068	0.468434	0.468587	0.467722	0.43766	0.430689	0.432782	0.434532	0.43459	0.434578	0.441355	0.432234	0.430857	0.425721	0.440425	0.436928
ERR608823-k20-n1-x5e9	0.390464	0.388784	0.375446	0.354612	0.397595	0.397197	0.512963	0.573282	0.598729	0.61323	0.614911	0.611318	0.44652	0.470695	0.485658	0.49125	0.493387	0.470837	0.42289	0.441241	0.423812	0.462777	0.461645	0.464036	0	0.331838	0.348668	0.3329	0.331339	0.331606	0.411636	0.42409	0.442084	0.43729	0.439317	0.44165	0.396768	0.391856	0.404504	0.366416	0.365407	0.365321	0.362774	0.363018	0.393047	0.455547	0.437932	0.440806	0.507781	0.473432	0.465183	0.469674	0.470879	0.475127	0.448174	0.46637	0.478521	0.481955	0.485704	0.466995	0.564388	0.526009	0.523578	0.518696	0.530105	0.528469	0.506995	0.518647	0.520846	0.517685	0.515769	0.51692	0.517778	0.532604	0.530425	0.505378	0.51005	0.510874	0.489246	0.506224	0.519631	0.511919	0.509707	0.511488	0.53296	0.536579	0.534379	0.535179	0.535467	0.535195	0.539876	0.526976	0.524487	0.519998	0.52555	0.523229
ERR608824-k20-n1-x5e9	0.316155	0.318023	0.317414	0.317609	0.323231	0.323677	0.403312	0.462117	0.488937	0.506973	0.508793	0.504716	0.438484	0.420737	0.423941	0.425696	0.426794	0.421763	0.461459	0.381891	0.388639	0.381586	0.381381	0.381452	0.331838	0	0.260232	0.260312	0.26066	0.260529	0.458983	0.479562	0.392348	0.399199	0.402384	0.405494	0.464024	0.45293	0.470391	0.350087	0.350404	0.352018	0.352294	0.353063	0.459026	0.376749	0.367509	0.370609	0.557596	0.507738	0.489846	0.496044	0.498279	0.510988	0.445006	0.426082	0.425914	0.426339	0.427783	0.426617	0.593721	0.477578	0.479058	0.488035	0.482435	0.483365	0.532772	0.484181	0.483422	0.519318	0.514059	0.516248	0.442198	0.450179	0.449764	0.43873	0.44007	0.439997	0.500751	0.472106	0.473984	0.472905	0.471835	0.472059	0.489251	0.481433	0.482231	0.483782	0.483675	0.483915	0.466244	0.459693	0.459052	0.454969	0.467656	0.465256
ERR608825-k20-n1-x5e9	0.314592	0.317317	0.3198	0.323551	0.321296	0.321915	0.388224	0.444766	0.471303	0.490561	0.49237	0.488272	0.443418	0.418309	0.418997	0.419765	0.420483	0.419665	0.472737	0.379047	0.390095	0.374274	0.374457	0.373773	0.348668	0.260232	0	0.261593	0.262232	0.261754	0.47187	0.492805	0.39267	0.401785	0.404989	0.408427	0.47862	0.467339	0.484837	0.356879	0.357143	0.358948	0.360122	0.361271	0.473541	0.371807	0.364704	0.367645	0.568763	0.517665	0.498921	0.504959	0.507243	0.520842	0.450919	0.425355	0.42289	0.422685	0.423541	0.426147	0.602014	0.475277	0.477409	0.488917	0.480394	0.481633	0.54139	0.483934	0.482314	0.524537	0.518995	0.521329	0.434277	0.440089	0.440598	0.432818	0.432968	0.432588	0.508454	0.472613	0.47191	0.472496	0.471435	0.47173	0.48727	0.477244	0.478941	0.480733	0.480419	0.480847	0.459306	0.454307	0.454032	0.449744	0.464568	0.461961
ERR608826-k20-n1-x5e9	0.316965	0.31867	0.318605	0.317161	0.323661	0.324324	0.402633	0.461297	0.48812	0.506472	0.508282	0.504255	0.437719	0.419927	0.423131	0.425006	0.425976	0.420799	0.460204	0.381135	0.387784	0.381142	0.381098	0.381074	0.3329	0.260312	0.261593	0	0.259194	0.25889	0.457715	0.478099	0.392637	0.399269	0.402644	0.405852	0.462726	0.451644	0.468798	0.34917	0.349413	0.351277	0.351645	0.352184	0.458086	0.378451	0.368943	0.371869	0.557274	0.507011	0.48889	0.494882	0.497184	0.50986	0.444587	0.425318	0.425441	0.425749	0.427289	0.425932	0.594352	0.478452	0.479719	0.48816	0.483341	0.48408	0.531607	0.482491	0.481516	0.516863	0.511761	0.513902	0.443169	0.450894	0.450859	0.439142	0.44057	0.440498	0.501951	0.473227	0.47491	0.473956	0.47258	0.472734	0.489576	0.481989	0.483035	0.484728	0.484592	0.484858	0.467496	0.460807	0.460304	0.455886	0.469171	0.46657
ERR608827-k20-n1-x5e9	0.31696	0.318749	0.318079	0.316247	0.324096	0.324529	0.404731	0.463639	0.490369	0.508714	0.510491	0.506514	0.437652	0.420652	0.4244	0.426023	0.427303	0.421627	0.458737	0.381431	0.387594	0.382087	0.381882	0.381965	0.331339	0.26066	0.262232	0.259194	0	0.259124	0.456317	0.476774	0.392912	0.398992	0.402425	0.405632	0.461123	0.449935	0.467117	0.348696	0.348676	0.350428	0.350246	0.350918	0.456101	0.378838	0.369181	0.372259	0.556471	0.506288	0.488313	0.494359	0.496516	0.509102	0.444486	0.425943	0.426118	0.426697	0.428243	0.426347	0.593882	0.478953	0.48027	0.488493	0.483854	0.48447	0.531003	0.48281	0.482202	0.516524	0.511499	0.513571	0.444448	0.45233	0.452315	0.440302	0.441736	0.441724	0.501325	0.473495	0.475327	0.474289	0.472874	0.473078	0.490442	0.483082	0.483822	0.485715	0.485473	0.485694	0.468567	0.461694	0.461278	0.456863	0.46983	0.467183
ERR608828-k20-n1-x5e9	0.316777	0.318627	0.318342	0.317007	0.323975	0.32424	0.403467	0.462575	0.489463	0.50775	0.509574	0.505583	0.437545	0.420266	0.423754	0.425751	0.426929	0.421406	0.459371	0.381258	0.387735	0.381727	0.381568	0.381696	0.331606	0.260529	0.261754	0.25889	0.259124	0	0.456528	0.476955	0.392446	0.398463	0.401751	0.404976	0.461985	0.450825	0.468017	0.348452	0.348827	0.350366	0.350621	0.351452	0.457044	0.378206	0.368424	0.371475	0.55641	0.506271	0.488349	0.494329	0.496748	0.509255	0.444251	0.425507	0.425664	0.426187	0.427596	0.426074	0.593376	0.478331	0.479682	0.487956	0.483124	0.483776	0.531103	0.482629	0.481867	0.516704	0.511575	0.513685	0.443652	0.451599	0.451416	0.439483	0.440957	0.440925	0.500952	0.472785	0.474495	0.473544	0.472153	0.472268	0.489592	0.482171	0.48312	0.484848	0.484649	0.485048	0.467782	0.460991	0.460598	0.456025	0.469126	0.466412
ERR605793-k20-n1-x5e9	0.452248	0.448997	0.438251	0.410241	0.459426	0.458734	0.58091	0.642139	0.667756	0.686053	0.6879	0.684084	0.469615	0.504651	0.523223	0.530116	0.53301	0.506255	0.380872	0.462392	0.429149	0.502658	0.501654	0.505637	0.411636	0.458983	0.47187	0.457715	0.456317	0.456528	0	0.278324	0.393792	0.384717	0.387595	0.391285	0.369469	0.365325	0.376156	0.383092	0.381601	0.380521	0.377015	0.37615	0.370862	0.507214	0.484422	0.487357	0.499938	0.468602	0.463969	0.466921	0.466985	0.469334	0.463869	0.494405	0.509414	0.514626	0.519079	0.49542	0.52127	0.53708	0.530258	0.514105	0.544287	0.539769	0.5348	0.566079	0.569291	0.552385	0.552004	0.552173	0.568373	0.587495	0.58843	0.544048	0.550099	0.551442	0.51318	0.541534	0.555783	0.547117	0.544832	0.5468	0.546823	0.560675	0.559002	0.561037	0.561963	0.561428	0.573648	0.55428	0.550706	0.542372	0.551986	0.548115
ERR605794-k20-n1-x5e9	0.474355	0.470807	0.459219	0.43112	0.481264	0.480368	0.601587	0.661685	0.686835	0.7043	0.706085	0.702459	0.48266	0.52243	0.541644	0.548829	0.551771	0.523707	0.387852	0.483074	0.449122	0.523213	0.522137	0.526117	0.42409	0.479562	0.492805	0.478099	0.476774	0.476955	0.278324	0	0.417484	0.406666	0.409089	0.412054	0.372789	0.370366	0.378969	0.403253	0.401969	0.400554	0.395402	0.394411	0.369638	0.527173	0.504561	0.507398	0.499426	0.473524	0.471143	0.4735	0.473749	0.474024	0.476672	0.511394	0.527438	0.532681	0.53741	0.512488	0.520737	0.552534	0.5454	0.527499	0.55896	0.554363	0.539744	0.580312	0.58388	0.561665	0.561526	0.56139	0.586814	0.606074	0.606839	0.562285	0.568506	0.569911	0.520713	0.555916	0.571429	0.561964	0.559462	0.561608	0.561974	0.576813	0.574836	0.576801	0.577766	0.577102	0.591185	0.57139	0.56803	0.559879	0.567956	0.564207
ERR605795-k20-n1-x5e9	0.347199	0.344079	0.342699	0.367153	0.346104	0.345641	0.428057	0.492544	0.520587	0.538375	0.540391	0.535996	0.453277	0.435207	0.435701	0.43789	0.437007	0.436167	0.471193	0.363101	0.378887	0.367803	0.366564	0.368298	0.442084	0.392348	0.39267	0.392637	0.392912	0.392446	0.393792	0.417484	0	0.252117	0.252596	0.254896	0.494532	0.485081	0.504075	0.357205	0.358155	0.360138	0.364688	0.36468	0.480681	0.352473	0.340835	0.341878	0.576278	0.535502	0.516865	0.525904	0.526299	0.537248	0.452456	0.434239	0.429931	0.432634	0.431614	0.434533	0.543343	0.431867	0.430809	0.434216	0.435646	0.434592	0.58724	0.552821	0.551619	0.588073	0.582774	0.58532	0.442922	0.45831	0.45815	0.42948	0.434308	0.434653	0.499639	0.469878	0.470079	0.469431	0.467699	0.468029	0.454028	0.455632	0.454152	0.455396	0.455966	0.455575	0.440915	0.425549	0.42294	0.417544	0.426425	0.422982
ERR605796-k20-n1-x5e9	0.355318	0.351187	0.347155	0.371534	0.353574	0.353189	0.440193	0.50606	0.534429	0.55079	0.552753	0.548591	0.452509	0.441779	0.44376	0.447119	0.446347	0.442177	0.468074	0.371606	0.384211	0.378786	0.377064	0.379377	0.43729	0.399199	0.401785	0.399269	0.398992	0.398463	0.384717	0.406666	0.252117	0	0.244879	0.246054	0.490151	0.481427	0.500336	0.359752	0.360453	0.362293	0.364231	0.363969	0.472631	0.36073	0.347408	0.348344	0.56945	0.531115	0.513668	0.523174	0.523419	0.532423	0.450795	0.438972	0.436382	0.439864	0.439331	0.438966	0.534758	0.436645	0.434501	0.433348	0.438105	0.436588	0.58336	0.557892	0.557258	0.587434	0.581423	0.584161	0.453715	0.47017	0.469185	0.438797	0.445056	0.445623	0.494339	0.472202	0.475126	0.47317	0.469829	0.470562	0.459857	0.463772	0.461034	0.462649	0.46314	0.462699	0.449958	0.432977	0.430984	0.42572	0.429419	0.426196
ERR605797-k20-n1-x5e9	0.358295	0.354153	0.349183	0.375787	0.355877	0.355336	0.442548	0.508226	0.536359	0.552372	0.554241	0.55005	0.453421	0.443371	0.4451	0.448441	0.447436	0.443501	0.47067	0.373022	0.386549	0.379202	0.377264	0.379576	0.439317	0.402384	0.404989	0.402644	0.402425	0.401751	0.387595	0.409089	0.252596	0.244879	0	0.244588	0.49316	0.48461	0.503599	0.362094	0.362878	0.36463	0.367088	0.366935	0.474741	0.359184	0.346102	0.346947	0.570179	0.532789	0.515341	0.524922	0.525195	0.533958	0.451342	0.440076	0.437361	0.440919	0.44013	0.439884	0.532024	0.434549	0.43254	0.431081	0.435447	0.433845	0.586208	0.56214	0.561395	0.591351	0.585581	0.588488	0.452148	0.469241	0.467891	0.43733	0.44397	0.444493	0.492851	0.471481	0.474403	0.472404	0.469188	0.469797	0.457559	0.461549	0.458573	0.459961	0.460518	0.45999	0.44858	0.431164	0.429158	0.424014	0.426671	0.423568
ERR605798-k20-n1-x5e9	0.360664	0.356025	0.351033	0.379129	0.358014	0.35733	0.444403	0.509952	0.537982	0.553199	0.555115	0.550884	0.45644	0.44674	0.448325	0.451795	0.450722	0.446852	0.474288	0.376024	0.390249	0.381452	0.379469	0.381857	0.44165	0.405494	0.408427	0.405852	0.405632	0.404976	0.391285	0.412054	0.254896	0.246054	0.244588	0	0.496935	0.489001	0.507503	0.366298	0.367144	0.368992	0.370227	0.370322	0.477467	0.358985	0.346404	0.346838	0.572313	0.535988	0.518619	0.528493	0.528462	0.537048	0.454048	0.44331	0.44051	0.444099	0.443167	0.443132	0.531674	0.435188	0.433286	0.431574	0.435393	0.433915	0.589142	0.566521	0.565788	0.595683	0.58985	0.592599	0.454072	0.471019	0.469348	0.439691	0.446386	0.446882	0.493333	0.472625	0.475763	0.473603	0.470285	0.470885	0.459294	0.463442	0.460096	0.461416	0.461881	0.461388	0.448954	0.431503	0.429387	0.424892	0.426079	0.423146
ERR608251-k20-n1-x5e9	0.487967	0.486335	0.474856	0.434527	0.497175	0.496657	0.611428	0.670825	0.695943	0.716171	0.717967	0.71421	0.487697	0.528655	0.55004	0.556667	0.560946	0.53059	0.333196	0.47742	0.432165	0.525239	0.52463	0.528798	0.396768	0.464024	0.47862	0.462726	0.461123	0.461985	0.369469	0.372789	0.494532	0.490151	0.49316	0.496935	0	0.269632	0.272459	0.362413	0.360421	0.358494	0.423615	0.422574	0.388411	0.560048	0.538851	0.542135	0.482594	0.453576	0.454183	0.452796	0.453315	0.455153	0.478426	0.514743	0.533339	0.537981	0.544016	0.516163	0.569579	0.588203	0.582632	0.569436	0.597438	0.593002	0.543804	0.582353	0.585944	0.555769	0.557397	0.557157	0.598417	0.617079	0.619205	0.572234	0.577109	0.578566	0.533438	0.566896	0.582264	0.572845	0.572694	0.574478	0.573736	0.588823	0.588438	0.590743	0.591514	0.591175	0.627858	0.610399	0.606518	0.597279	0.61122	0.607447
ERR608252-k20-n1-x5e9	0.476766	0.475562	0.464781	0.42348	0.486721	0.486169	0.600433	0.660236	0.685764	0.706576	0.708408	0.704663	0.481448	0.519882	0.541008	0.547359	0.551668	0.522031	0.327566	0.465918	0.420798	0.514185	0.513749	0.51782	0.391856	0.45293	0.467339	0.451644	0.449935	0.450825	0.365325	0.370366	0.485081	0.481427	0.48461	0.489001	0.269632	0	0.272241	0.350375	0.348207	0.346361	0.413988	0.413388	0.387544	0.551075	0.529806	0.533263	0.484408	0.451356	0.450206	0.449157	0.449964	0.453211	0.472497	0.506194	0.524619	0.528872	0.53505	0.507849	0.568863	0.581454	0.576168	0.563831	0.59112	0.586898	0.540655	0.574333	0.577826	0.550171	0.551682	0.551444	0.589818	0.608315	0.610697	0.563711	0.568322	0.569744	0.530008	0.560615	0.575334	0.566186	0.566242	0.567886	0.566848	0.581335	0.581361	0.583845	0.584596	0.584204	0.620007	0.602806	0.598808	0.5895	0.604358	0.600485
ERR608253-k20-n1-x5e9	0.495429	0.494024	0.483449	0.440638	0.505356	0.50457	0.617747	0.676144	0.700903	0.721492	0.72326	0.719504	0.496227	0.536048	0.557232	0.563634	0.568102	0.538075	0.33852	0.485791	0.43995	0.533569	0.53308	0.537224	0.404504	0.470391	0.484837	0.468798	0.467117	0.468017	0.376156	0.378969	0.504075	0.500336	0.503599	0.507503	0.272459	0.272241	0	0.371952	0.369689	0.367855	0.43087	0.429844	0.393252	0.56935	0.548243	0.551782	0.489679	0.46044	0.46086	0.459401	0.45979	0.46226	0.487864	0.522821	0.541367	0.545861	0.551921	0.524512	0.582471	0.598124	0.592754	0.580068	0.607773	0.603571	0.547671	0.585009	0.588838	0.556999	0.558981	0.558546	0.606792	0.624741	0.627219	0.580915	0.585355	0.586903	0.544849	0.576694	0.591222	0.582207	0.582242	0.583922	0.583936	0.598438	0.598355	0.600883	0.601616	0.601357	0.636179	0.619272	0.615464	0.606127	0.62092	0.617164
ERR608254-k20-n1-x5e9	0.355701	0.354905	0.348289	0.33797	0.361967	0.361907	0.463958	0.532012	0.561534	0.584498	0.586657	0.582196	0.426844	0.428709	0.439416	0.443646	0.445771	0.431118	0.365233	0.33524	0.316945	0.371607	0.37106	0.374752	0.366416	0.350087	0.356879	0.34917	0.348696	0.348452	0.383092	0.403253	0.357205	0.359752	0.362094	0.366298	0.362413	0.350375	0.371952	0	0.244298	0.244737	0.343977	0.343226	0.42175	0.41435	0.396114	0.399129	0.518161	0.470846	0.455194	0.461165	0.462668	0.473431	0.418583	0.418077	0.424785	0.428076	0.431255	0.419336	0.543051	0.477085	0.474192	0.470448	0.484991	0.482218	0.552062	0.535166	0.535533	0.549924	0.54734	0.549089	0.46821	0.486469	0.488976	0.445013	0.449274	0.450241	0.480931	0.471514	0.478206	0.473457	0.47358	0.474246	0.464312	0.472806	0.473089	0.475725	0.47631	0.476204	0.503154	0.486386	0.48295	0.473702	0.490362	0.486327
ERR608255-k20-n1-x5e9	0.356846	0.355664	0.349107	0.337597	0.363138	0.36287	0.466178	0.5344	0.563913	0.587169	0.589226	0.584706	0.426158	0.428739	0.439928	0.443909	0.446543	0.431104	0.364366	0.33634	0.317531	0.373784	0.373158	0.376903	0.365407	0.350404	0.357143	0.349413	0.348676	0.348827	0.381601	0.401969	0.358155	0.360453	0.362878	0.367144	0.360421	0.348207	0.369689	0.244298	0	0.244427	0.343696	0.342837	0.420406	0.416399	0.397954	0.400739	0.516562	0.469087	0.453423	0.459299	0.460533	0.471869	0.417994	0.417925	0.424702	0.427937	0.431245	0.41896	0.542439	0.477606	0.474586	0.470776	0.485783	0.482878	0.550448	0.534479	0.53477	0.548534	0.545869	0.547599	0.469106	0.487521	0.490051	0.445537	0.449766	0.450691	0.480289	0.471709	0.478433	0.473801	0.473779	0.474451	0.464556	0.473331	0.473808	0.476489	0.477105	0.476884	0.504385	0.48768	0.484197	0.474886	0.491685	0.487563
ERR608256-k20-n1-x5e9	0.359036	0.357934	0.351335	0.339485	0.365647	0.365104	0.468254	0.536163	0.565626	0.58866	0.590797	0.586331	0.425915	0.429281	0.440732	0.445157	0.447362	0.431663	0.362441	0.337955	0.318407	0.375545	0.374967	0.378705	0.365321	0.352018	0.358948	0.351277	0.350428	0.350366	0.380521	0.400554	0.360138	0.362293	0.36463	0.368992	0.358494	0.346361	0.367855	0.244737	0.244427	0	0.344645	0.343915	0.419478	0.418081	0.399537	0.402585	0.515674	0.468183	0.4527	0.458402	0.460022	0.471052	0.417541	0.418482	0.42582	0.429168	0.432392	0.419963	0.542248	0.478654	0.475699	0.471689	0.486781	0.483971	0.550078	0.534953	0.535288	0.548478	0.545848	0.547632	0.470415	0.488881	0.491308	0.446747	0.450992	0.452052	0.48013	0.47222	0.479382	0.474582	0.474197	0.475226	0.465326	0.47426	0.474568	0.477242	0.477733	0.47753	0.505772	0.488943	0.485519	0.476112	0.492886	0.488712
ERR609301-k20-n1-x5e9	0.343681	0.341668	0.335712	0.319369	0.35109	0.350876	0.46955	0.532322	0.559319	0.57843	0.580332	0.576203	0.433423	0.438136	0.448149	0.452994	0.454411	0.439579	0.416123	0.388591	0.378698	0.409826	0.408977	0.411072	0.362774	0.352294	0.360122	0.351645	0.350246	0.350621	0.377015	0.395402	0.364688	0.364231	0.367088	0.370227	0.423615	0.413988	0.43087	0.343977	0.343696	0.344645	0	0.259452	0.360555	0.363146	0.341552	0.345811	0.531645	0.48733	0.471948	0.478219	0.479224	0.489154	0.438932	0.440026	0.446029	0.44942	0.45153	0.44103	0.537924	0.470195	0.467035	0.462764	0.477097	0.474829	0.532991	0.517844	0.51879	0.531923	0.527687	0.529356	0.484889	0.499626	0.49967	0.470366	0.474462	0.475188	0.4929	0.487752	0.494732	0.490981	0.488391	0.489527	0.498102	0.500217	0.499848	0.501906	0.502283	0.502163	0.496723	0.482655	0.480464	0.474234	0.4855	0.482115
