	ERR610211-k20-n1-x5e9	ERR610212-k20-n1-x5e9	ERR610213-k20-n1-x5e9	ERR610214-k20-n1-x5e9	ERR610215-k20-n1-x5e9	ERR610216-k20-n1-x5e9	ERR608543-k20-n1-x5e9	ERR608544-k20-n1-x5e9	ERR608545-k20-n1-x5e9	ERR608546-k20-n1-x5e9	ERR608547-k20-n1-x5e9	ERR608548-k20-n1-x5e9	ERR608525-k20-n1-x5e9	ERR608526-k20-n1-x5e9	ERR608527-k20-n1-x5e9	ERR608528-k20-n1-x5e9	ERR608529-k20-n1-x5e9	ERR608530-k20-n1-x5e9	ERR608659-k20-n1-x5e9	ERR608660-k20-n1-x5e9	ERR608661-k20-n1-x5e9	ERR608662-k20-n1-x5e9	ERR608663-k20-n1-x5e9	ERR608664-k20-n1-x5e9	ERR606684-k20-n1-x5e9	ERR606685-k20-n1-x5e9	ERR606686-k20-n1-x5e9	ERR606687-k20-n1-x5e9	ERR606688-k20-n1-x5e9	ERR606689-k20-n1-x5e9	ERR608713-k20-n1-x5e9	ERR608714-k20-n1-x5e9	ERR608715-k20-n1-x5e9	ERR608716-k20-n1-x5e9	ERR608717-k20-n1-x5e9	ERR608718-k20-n1-x5e9	ERR607561-k20-n1-x5e9	ERR607562-k20-n1-x5e9	ERR607563-k20-n1-x5e9	ERR607564-k20-n1-x5e9	ERR607565-k20-n1-x5e9	ERR607566-k20-n1-x5e9	ERR608069-k20-n1-x5e9	ERR608070-k20-n1-x5e9	ERR608071-k20-n1-x5e9	ERR608072-k20-n1-x5e9	ERR608073-k20-n1-x5e9	ERR608074-k20-n1-x5e9	ERR608507-k20-n1-x5e9	ERR608508-k20-n1-x5e9	ERR608509-k20-n1-x5e9	ERR608510-k20-n1-x5e9	ERR608511-k20-n1-x5e9	ERR608512-k20-n1-x5e9	ERR607681-k20-n1-x5e9	ERR607682-k20-n1-x5e9	ERR607683-k20-n1-x5e9	ERR607684-k20-n1-x5e9	ERR607685-k20-n1-x5e9	ERR607686-k20-n1-x5e9	ERR610229-k20-n1-x5e9	ERR610230-k20-n1-x5e9	ERR610231-k20-n1-x5e9	ERR610232-k20-n1-x5e9	ERR610233-k20-n1-x5e9	ERR610234-k20-n1-x5e9	ERR608671-k20-n1-x5e9	ERR608672-k20-n1-x5e9	ERR608673-k20-n1-x5e9	ERR608674-k20-n1-x5e9	ERR608675-k20-n1-x5e9	ERR608676-k20-n1-x5e9	ERR608081-k20-n1-x5e9	ERR608082-k20-n1-x5e9	ERR608083-k20-n1-x5e9	ERR608084-k20-n1-x5e9	ERR608085-k20-n1-x5e9	ERR608086-k20-n1-x5e9	ERR608215-k20-n1-x5e9	ERR608216-k20-n1-x5e9	ERR608217-k20-n1-x5e9	ERR608218-k20-n1-x5e9	ERR608219-k20-n1-x5e9	ERR608220-k20-n1-x5e9	ERR605635-k20-n1-x5e9	ERR605636-k20-n1-x5e9	ERR605637-k20-n1-x5e9	ERR605638-k20-n1-x5e9	ERR605639-k20-n1-x5e9	ERR605640-k20-n1-x5e9	ERR605683-k20-n1-x5e9	ERR605684-k20-n1-x5e9	ERR605685-k20-n1-x5e9	ERR605686-k20-n1-x5e9	ERR605687-k20-n1-x5e9	ERR605688-k20-n1-x5e9
ERR610211-k20-n1-x5e9	0	0.401051	0.259374	0.254303	0.24855	0.250078	0.3683	0.333056	0.331871	0.340208	0.339611	0.342967	0.454395	0.379394	0.364777	0.344	0.343191	0.339968	0.457728	0.446256	0.466865	0.354737	0.354855	0.356644	0.523109	0.353886	0.353528	0.374161	0.365278	0.365133	0.38066	0.339666	0.338818	0.33746	0.338378	0.338995	0.476341	0.470505	0.474642	0.425933	0.42838	0.429209	0.347167	0.345038	0.345749	0.353323	0.351655	0.352127	0.454291	0.448066	0.451947	0.477877	0.476456	0.479428	0.51878	0.510599	0.515492	0.533959	0.528796	0.522638	0.472607	0.617943	0.499736	0.450589	0.453059	0.4487	0.529596	0.491274	0.479467	0.477585	0.47675	0.490641	0.464894	0.457649	0.46223	0.470878	0.466203	0.466665	0.473049	0.473627	0.476491	0.474226	0.475704	0.475354	0.447667	0.450868	0.450849	0.448297	0.467735	0.465815	0.452775	0.462566	0.464356	0.47363	0.530243	0.521468
ERR610212-k20-n1-x5e9	0.401051	0	0.354549	0.429566	0.403371	0.418429	0.380994	0.439699	0.456967	0.485199	0.483815	0.48843	0.342572	0.356126	0.367949	0.387677	0.38843	0.394299	0.36734	0.368764	0.371999	0.433805	0.431107	0.430023	0.410767	0.448818	0.436935	0.400033	0.448572	0.440497	0.386811	0.456303	0.468738	0.452403	0.45189	0.450947	0.386607	0.387418	0.389521	0.418391	0.417529	0.416017	0.442688	0.448343	0.442508	0.498385	0.496245	0.496705	0.499329	0.505069	0.504049	0.465068	0.467387	0.465409	0.529791	0.535017	0.537522	0.516473	0.519447	0.524835	0.479293	0.499703	0.465198	0.480296	0.479428	0.48134	0.488464	0.496247	0.505992	0.507328	0.50916	0.496713	0.52955	0.538523	0.537492	0.51796	0.519848	0.5221	0.56831	0.576994	0.577117	0.534219	0.537457	0.533241	0.536008	0.524632	0.521199	0.518271	0.524457	0.522914	0.483977	0.474356	0.471343	0.457424	0.467304	0.464935
ERR610213-k20-n1-x5e9	0.259374	0.354549	0	0.28204	0.264744	0.273619	0.348567	0.3386	0.34472	0.362173	0.36139	0.365365	0.414817	0.349827	0.34033	0.329084	0.328713	0.327746	0.419939	0.409768	0.428545	0.352369	0.351265	0.352331	0.489224	0.358505	0.353988	0.358618	0.367649	0.364672	0.361076	0.350607	0.354777	0.347364	0.347957	0.34806	0.441522	0.436294	0.440147	0.404108	0.405754	0.406072	0.350446	0.350755	0.349061	0.376525	0.374367	0.375109	0.450768	0.447716	0.450468	0.45996	0.459063	0.461412	0.50906	0.503884	0.508807	0.517737	0.514248	0.510724	0.457399	0.584384	0.475906	0.441019	0.442668	0.439741	0.508273	0.47776	0.470733	0.469617	0.469616	0.477318	0.467877	0.465183	0.468574	0.468553	0.465393	0.466204	0.48655	0.489794	0.492012	0.476029	0.478196	0.476564	0.457604	0.456477	0.455254	0.452425	0.469909	0.467953	0.444673	0.44978	0.450367	0.454144	0.504875	0.496877
ERR610214-k20-n1-x5e9	0.254303	0.429566	0.28204	0	0.245946	0.241669	0.379076	0.335711	0.331059	0.329158	0.328816	0.329768	0.476312	0.402363	0.386542	0.358588	0.357391	0.351804	0.485304	0.474167	0.495938	0.360512	0.361549	0.363579	0.530371	0.34163	0.345155	0.374413	0.351229	0.352977	0.382331	0.32645	0.324346	0.326085	0.326899	0.327319	0.497508	0.491278	0.496753	0.440489	0.44404	0.444646	0.349614	0.346282	0.35045	0.34161	0.340808	0.341036	0.45106	0.444049	0.446745	0.488793	0.486356	0.489972	0.515811	0.505914	0.509225	0.536202	0.529686	0.521825	0.498607	0.64257	0.527286	0.469488	0.472734	0.467224	0.538715	0.498406	0.484257	0.48289	0.480971	0.497196	0.457395	0.449378	0.451817	0.468247	0.464388	0.464539	0.459261	0.459656	0.461388	0.468651	0.469201	0.469716	0.432867	0.437263	0.437752	0.43694	0.451955	0.450763	0.453416	0.46604	0.468567	0.483894	0.538646	0.530078
ERR610215-k20-n1-x5e9	0.24855	0.403371	0.264744	0.245946	0	0.243195	0.365544	0.332728	0.331662	0.336296	0.335558	0.337685	0.455053	0.383371	0.369204	0.345371	0.344395	0.340226	0.464148	0.453322	0.474344	0.354183	0.354611	0.35643	0.512692	0.34028	0.340982	0.362525	0.349518	0.34946	0.369114	0.327972	0.328476	0.326501	0.327224	0.327472	0.477944	0.471856	0.477173	0.425699	0.428798	0.42942	0.346523	0.344229	0.346843	0.350087	0.34887	0.349078	0.445079	0.439519	0.442159	0.475144	0.473097	0.476558	0.50783	0.499409	0.50295	0.525197	0.519462	0.512907	0.484197	0.623714	0.51007	0.457733	0.460579	0.455767	0.525332	0.488069	0.475613	0.474423	0.47315	0.486874	0.455019	0.449294	0.451745	0.462551	0.459144	0.459592	0.463824	0.465565	0.467368	0.465582	0.466615	0.466321	0.436012	0.43809	0.437816	0.436275	0.451968	0.450469	0.44488	0.455105	0.457089	0.469682	0.523258	0.514949
ERR610216-k20-n1-x5e9	0.250078	0.418429	0.273619	0.241669	0.243195	0	0.372574	0.333051	0.329758	0.330987	0.330233	0.332008	0.467108	0.393475	0.378239	0.351911	0.350879	0.345758	0.475847	0.464577	0.486049	0.356584	0.357606	0.359381	0.523522	0.340828	0.343276	0.369366	0.350319	0.351558	0.376575	0.326302	0.325353	0.325359	0.326371	0.32681	0.488967	0.482767	0.487949	0.433742	0.436905	0.437503	0.347365	0.344149	0.347766	0.344083	0.342965	0.343217	0.448143	0.441583	0.444386	0.482685	0.480409	0.483958	0.512333	0.50307	0.506537	0.531515	0.525422	0.51816	0.491163	0.634212	0.519116	0.463226	0.466359	0.461111	0.532833	0.493552	0.480086	0.47879	0.477149	0.492426	0.45593	0.448607	0.45129	0.465531	0.46165	0.461903	0.460657	0.461413	0.463234	0.466858	0.467622	0.467908	0.434069	0.437616	0.437735	0.436653	0.452193	0.450872	0.449494	0.461305	0.463602	0.477735	0.532274	0.523766
ERR608543-k20-n1-x5e9	0.3683	0.380994	0.348567	0.379076	0.365544	0.372574	0	0.289895	0.305869	0.330303	0.329431	0.333252	0.353321	0.30805	0.305383	0.301235	0.301489	0.302263	0.364236	0.355765	0.374879	0.325822	0.324055	0.323565	0.457286	0.374756	0.368962	0.359581	0.376853	0.373452	0.327326	0.354805	0.364321	0.352704	0.352051	0.351656	0.405955	0.402967	0.408324	0.385021	0.386736	0.385415	0.336608	0.341034	0.338283	0.382392	0.380511	0.380773	0.460412	0.461194	0.461039	0.462573	0.462466	0.46284	0.512623	0.511494	0.51316	0.517046	0.51554	0.51406	0.473435	0.5642	0.480486	0.457371	0.458494	0.456676	0.489832	0.473593	0.472853	0.473004	0.473234	0.473213	0.479581	0.480947	0.479118	0.481808	0.481035	0.482694	0.497018	0.502666	0.502371	0.490104	0.491681	0.489817	0.474399	0.4713	0.469916	0.470756	0.475227	0.474444	0.469533	0.470709	0.470177	0.472	0.505498	0.498969
ERR608544-k20-n1-x5e9	0.333056	0.439699	0.3386	0.335711	0.332728	0.333051	0.289895	0	0.251827	0.263544	0.263135	0.26639	0.423568	0.346791	0.331876	0.308692	0.307645	0.303979	0.423787	0.411814	0.434598	0.311071	0.311173	0.312308	0.519208	0.357932	0.358363	0.376512	0.366588	0.367173	0.359603	0.323148	0.323682	0.321792	0.322309	0.323023	0.460303	0.454926	0.459895	0.410956	0.413802	0.413684	0.313362	0.312958	0.313312	0.328039	0.326697	0.326868	0.459543	0.454296	0.456857	0.482667	0.481474	0.48349	0.524704	0.517973	0.521429	0.539126	0.534529	0.528689	0.479459	0.614527	0.502959	0.457193	0.459502	0.4549	0.522961	0.487992	0.477751	0.476596	0.475431	0.487372	0.469093	0.46166	0.463425	0.478585	0.47452	0.474978	0.469791	0.470527	0.471974	0.480717	0.481815	0.481619	0.453568	0.457809	0.458633	0.459145	0.471013	0.470037	0.4736	0.482384	0.483984	0.492866	0.542947	0.534366
ERR608545-k20-n1-x5e9	0.331871	0.456967	0.34472	0.331059	0.331662	0.329758	0.305869	0.251827	0	0.254556	0.254545	0.25698	0.443267	0.363387	0.346538	0.320037	0.319151	0.314162	0.442982	0.430622	0.453733	0.317249	0.318111	0.3194	0.534182	0.359951	0.361907	0.386366	0.369814	0.371329	0.372446	0.322574	0.320316	0.32154	0.322408	0.323322	0.476894	0.471176	0.476333	0.42332	0.426128	0.426284	0.317009	0.315248	0.317315	0.321086	0.319979	0.320238	0.463056	0.456396	0.459643	0.491241	0.489786	0.492244	0.530044	0.521956	0.525609	0.546403	0.541206	0.534739	0.486763	0.628755	0.513569	0.463117	0.46562	0.460591	0.533614	0.495398	0.483035	0.481447	0.480201	0.494558	0.469542	0.460072	0.462543	0.481006	0.476257	0.476475	0.4661	0.465431	0.467343	0.4821	0.482779	0.483235	0.451801	0.458094	0.45897	0.459775	0.472635	0.471806	0.478532	0.488853	0.490612	0.501218	0.553444	0.544919
ERR608546-k20-n1-x5e9	0.340208	0.485199	0.362173	0.329158	0.336296	0.330987	0.330303	0.263544	0.254556	0	0.243885	0.24399	0.47309	0.393316	0.375206	0.342524	0.341197	0.33462	0.475563	0.463385	0.486934	0.331369	0.332809	0.334884	0.552961	0.360065	0.365103	0.397377	0.369228	0.372542	0.388029	0.321572	0.316875	0.321543	0.322497	0.323301	0.503425	0.49751	0.502967	0.444071	0.447634	0.448026	0.327068	0.323621	0.32829	0.313256	0.312773	0.31287	0.468315	0.460461	0.463139	0.506707	0.504493	0.507566	0.536135	0.526745	0.529607	0.556718	0.550418	0.542238	0.508983	0.653869	0.538456	0.480502	0.483745	0.477814	0.549186	0.507866	0.49306	0.491504	0.489632	0.506502	0.471163	0.459713	0.461508	0.485793	0.481361	0.481123	0.460134	0.458046	0.459498	0.484212	0.484128	0.48525	0.446444	0.454896	0.457014	0.458626	0.469519	0.468916	0.484594	0.497108	0.500096	0.514764	0.567189	0.558592
ERR608547-k20-n1-x5e9	0.339611	0.483815	0.36139	0.328816	0.335558	0.330233	0.329431	0.263135	0.254545	0.243885	0	0.244151	0.471968	0.392303	0.374495	0.341696	0.340343	0.333569	0.474645	0.462511	0.485995	0.33087	0.332634	0.334454	0.551364	0.359035	0.363844	0.395949	0.367858	0.371311	0.386452	0.320783	0.316068	0.320837	0.321429	0.322422	0.502398	0.496519	0.502017	0.443122	0.446763	0.447022	0.326827	0.323506	0.328054	0.313608	0.313156	0.313166	0.467105	0.459558	0.462136	0.505687	0.503432	0.506529	0.534857	0.525427	0.528155	0.555334	0.54912	0.541013	0.508918	0.653266	0.53813	0.480234	0.483473	0.477589	0.54797	0.506849	0.491954	0.490567	0.488545	0.505509	0.470004	0.458843	0.460673	0.484807	0.480208	0.480098	0.459592	0.457841	0.459178	0.483169	0.48322	0.484312	0.445586	0.453765	0.455863	0.457475	0.468165	0.467686	0.483414	0.495962	0.498959	0.513461	0.566003	0.55725
ERR608548-k20-n1-x5e9	0.342967	0.48843	0.365365	0.329768	0.337685	0.332008	0.333252	0.26639	0.25698	0.24399	0.244151	0	0.476611	0.397354	0.379492	0.346301	0.344782	0.337661	0.48034	0.468319	0.491815	0.334247	0.336278	0.337855	0.552842	0.3587	0.36409	0.396879	0.367061	0.370466	0.388433	0.320306	0.315691	0.320614	0.321445	0.322358	0.506683	0.500685	0.506333	0.446812	0.450597	0.450877	0.329495	0.325882	0.331111	0.313683	0.313509	0.313376	0.467817	0.460021	0.462374	0.508246	0.505939	0.509087	0.535135	0.525523	0.528008	0.556345	0.549917	0.541463	0.51377	0.657452	0.542922	0.484269	0.487573	0.48161	0.550296	0.509046	0.493835	0.492633	0.490506	0.50791	0.469963	0.458743	0.46	0.485386	0.481095	0.480857	0.458576	0.456608	0.457838	0.483454	0.483399	0.484593	0.444021	0.452475	0.454854	0.456781	0.466496	0.466212	0.484019	0.49675	0.499919	0.515394	0.567366	0.558633
ERR608525-k20-n1-x5e9	0.454395	0.342572	0.414817	0.476312	0.455053	0.467108	0.353321	0.423568	0.443267	0.47309	0.471968	0.476611	0	0.303106	0.3186	0.344323	0.345843	0.352778	0.324033	0.326443	0.328715	0.410664	0.407862	0.405825	0.409015	0.45817	0.447094	0.410394	0.456905	0.44983	0.366677	0.446966	0.460413	0.443579	0.442649	0.44177	0.369815	0.371301	0.374147	0.408889	0.407968	0.4053	0.430747	0.437483	0.431106	0.491303	0.489148	0.489539	0.507004	0.512997	0.511364	0.474701	0.477189	0.474172	0.537415	0.543331	0.544653	0.524713	0.527863	0.533086	0.494974	0.511092	0.480682	0.495176	0.494296	0.495852	0.490078	0.501188	0.512218	0.514018	0.515755	0.502076	0.536173	0.545044	0.54283	0.52694	0.528535	0.531033	0.57155	0.580376	0.57987	0.542465	0.545383	0.541577	0.54539	0.534753	0.53143	0.530205	0.532505	0.531309	0.507727	0.499466	0.496535	0.485251	0.491957	0.489545
ERR608526-k20-n1-x5e9	0.379394	0.356126	0.349827	0.402363	0.383371	0.393475	0.30805	0.346791	0.363387	0.393316	0.392303	0.397354	0.303106	0	0.259163	0.271804	0.273117	0.278051	0.330533	0.322588	0.338125	0.341114	0.338635	0.337473	0.450888	0.401127	0.392258	0.374295	0.405607	0.400189	0.334444	0.376852	0.386804	0.372805	0.372429	0.372168	0.381214	0.378026	0.381381	0.376577	0.376653	0.375057	0.360553	0.365693	0.359404	0.414945	0.412506	0.413032	0.469177	0.470597	0.471825	0.453631	0.45501	0.454039	0.516674	0.517031	0.520973	0.513732	0.513718	0.514637	0.457281	0.538415	0.45862	0.452541	0.45228	0.45209	0.486458	0.475214	0.478034	0.478012	0.479118	0.475641	0.493378	0.496374	0.497057	0.488733	0.487534	0.489428	0.520658	0.526741	0.527808	0.500932	0.503573	0.500612	0.49679	0.491376	0.489096	0.487313	0.498086	0.496498	0.475908	0.474499	0.473055	0.467391	0.500211	0.494208
ERR608527-k20-n1-x5e9	0.364777	0.367949	0.34033	0.386542	0.369204	0.378239	0.305383	0.331876	0.346538	0.375206	0.374495	0.379492	0.3186	0.259163	0	0.262323	0.263123	0.267507	0.343267	0.333724	0.351411	0.329399	0.327424	0.326319	0.462301	0.390809	0.383083	0.371302	0.396711	0.391961	0.333075	0.36179	0.370463	0.358123	0.35809	0.358083	0.391789	0.387804	0.391615	0.376523	0.376947	0.375543	0.347444	0.351559	0.346126	0.397171	0.394809	0.395421	0.464132	0.464028	0.465883	0.454658	0.455764	0.455186	0.515336	0.514429	0.518637	0.515636	0.514737	0.514454	0.455194	0.550878	0.461377	0.448419	0.448441	0.447502	0.491196	0.474222	0.474546	0.474222	0.475277	0.474609	0.486029	0.487227	0.488595	0.483095	0.481114	0.482783	0.510303	0.515476	0.516878	0.494299	0.49686	0.494316	0.487825	0.48412	0.481879	0.480197	0.49265	0.490939	0.472991	0.473321	0.472289	0.468881	0.506491	0.499787
ERR608528-k20-n1-x5e9	0.344	0.387677	0.329084	0.358588	0.345371	0.351911	0.301235	0.308692	0.320037	0.342524	0.341696	0.346301	0.344323	0.271804	0.262323	0	0.250728	0.251523	0.368575	0.357645	0.378265	0.310793	0.3096	0.309409	0.473821	0.364864	0.3594	0.357292	0.370756	0.367518	0.324259	0.331805	0.33907	0.32845	0.328318	0.328342	0.410506	0.405573	0.410472	0.378858	0.380622	0.379786	0.326715	0.329492	0.326095	0.36648	0.364167	0.36501	0.450764	0.449319	0.450872	0.454679	0.45452	0.455487	0.506615	0.503505	0.506984	0.512504	0.509982	0.507213	0.462398	0.573855	0.4754	0.447866	0.448978	0.446685	0.495226	0.471124	0.467025	0.466698	0.466742	0.470584	0.469602	0.468865	0.469857	0.470477	0.468468	0.469807	0.488739	0.493209	0.494319	0.479152	0.481038	0.479093	0.465672	0.463477	0.462314	0.461196	0.472454	0.470977	0.461224	0.464897	0.465059	0.467012	0.50937	0.501773
ERR608529-k20-n1-x5e9	0.343191	0.38843	0.328713	0.357391	0.344395	0.350879	0.301489	0.307645	0.319151	0.341197	0.340343	0.344782	0.345843	0.273117	0.263123	0.250728	0	0.25133	0.370178	0.359321	0.380052	0.310288	0.309416	0.309125	0.474215	0.363527	0.3581	0.356783	0.369469	0.366346	0.323727	0.330382	0.337807	0.327156	0.327003	0.326935	0.411718	0.406642	0.411512	0.379278	0.381054	0.380211	0.325974	0.328812	0.325848	0.365357	0.363074	0.36357	0.449974	0.448752	0.450112	0.454774	0.454472	0.455176	0.50586	0.502638	0.506407	0.512078	0.509504	0.506909	0.463202	0.575088	0.476388	0.448046	0.449172	0.446907	0.495218	0.47061	0.466382	0.46617	0.466022	0.470289	0.46857	0.467938	0.46875	0.469482	0.467575	0.469033	0.487648	0.492158	0.493191	0.478432	0.480314	0.478495	0.464409	0.462322	0.461182	0.460098	0.471177	0.469659	0.460508	0.463996	0.464319	0.46693	0.509179	0.501543
ERR608530-k20-n1-x5e9	0.339968	0.394299	0.327746	0.351804	0.340226	0.345758	0.302263	0.303979	0.314162	0.33462	0.333569	0.337661	0.352778	0.278051	0.267507	0.251523	0.25133	0	0.37766	0.366463	0.387793	0.308103	0.307362	0.307551	0.476265	0.357827	0.353235	0.353765	0.363337	0.360577	0.323157	0.324263	0.331205	0.321269	0.321085	0.321018	0.417081	0.41222	0.417335	0.381782	0.383788	0.382765	0.323481	0.325693	0.323385	0.359357	0.357405	0.3579	0.448083	0.446301	0.447788	0.456326	0.455981	0.457034	0.504712	0.500857	0.504087	0.511945	0.508861	0.505707	0.467451	0.581513	0.481746	0.45073	0.451892	0.449183	0.497258	0.47166	0.466295	0.465887	0.465841	0.471034	0.465794	0.464572	0.465362	0.467803	0.465791	0.4669	0.483376	0.487671	0.488631	0.475764	0.477633	0.475923	0.459897	0.457996	0.457187	0.456452	0.466974	0.465605	0.458874	0.463258	0.464091	0.468089	0.510572	0.502987
ERR608659-k20-n1-x5e9	0.457728	0.36734	0.419939	0.485304	0.464148	0.475847	0.364236	0.423787	0.442982	0.475563	0.474645	0.48034	0.324033	0.330533	0.343267	0.368575	0.370178	0.37766	0	0.273224	0.275134	0.372756	0.368835	0.366938	0.467234	0.477157	0.46635	0.437548	0.480334	0.473822	0.400597	0.463086	0.473439	0.458667	0.458338	0.457801	0.388868	0.390069	0.38988	0.420907	0.418661	0.416913	0.423745	0.430795	0.422103	0.487395	0.484897	0.485259	0.534984	0.53802	0.538442	0.502768	0.50572	0.502941	0.576585	0.579722	0.58315	0.565635	0.568008	0.571988	0.488432	0.520706	0.477369	0.494254	0.492641	0.494596	0.522263	0.524476	0.5331	0.533092	0.535556	0.525051	0.562976	0.56657	0.566784	0.556369	0.555857	0.557973	0.585579	0.591588	0.591884	0.566669	0.569577	0.566167	0.56009	0.554418	0.552516	0.550878	0.558856	0.557302	0.531255	0.525616	0.52342	0.510194	0.532346	0.528186
ERR608660-k20-n1-x5e9	0.446256	0.368764	0.409768	0.474167	0.453322	0.464577	0.355765	0.411814	0.430622	0.463385	0.462511	0.468319	0.326443	0.322588	0.333724	0.357645	0.359321	0.366463	0.273224	0	0.276329	0.359897	0.356228	0.354212	0.471373	0.46835	0.457818	0.431331	0.472296	0.465894	0.394522	0.452126	0.46201	0.447626	0.447363	0.446915	0.389436	0.389824	0.390078	0.414906	0.412885	0.41107	0.412315	0.419063	0.410463	0.475313	0.47283	0.473333	0.528462	0.530917	0.531713	0.498627	0.501492	0.498879	0.572159	0.574559	0.578516	0.562428	0.564363	0.567934	0.481832	0.523928	0.472749	0.487087	0.48575	0.487281	0.520213	0.519399	0.527016	0.526947	0.529085	0.519947	0.555578	0.558537	0.559102	0.549596	0.548912	0.550961	0.577334	0.582943	0.583473	0.559891	0.562667	0.559464	0.552224	0.547279	0.545332	0.543869	0.552924	0.551365	0.526066	0.521562	0.519306	0.506931	0.532347	0.527664
ERR608661-k20-n1-x5e9	0.466865	0.371999	0.428545	0.495938	0.474344	0.486049	0.374879	0.434598	0.453733	0.486934	0.485995	0.491815	0.328715	0.338125	0.351411	0.378265	0.380052	0.387793	0.275134	0.276329	0	0.384691	0.381054	0.37858	0.475145	0.489227	0.47832	0.449619	0.492956	0.486414	0.413076	0.475416	0.485361	0.470732	0.470434	0.469943	0.392984	0.394192	0.393098	0.428262	0.42545	0.424091	0.43434	0.441293	0.432148	0.498302	0.495895	0.496241	0.543817	0.546986	0.547635	0.509767	0.512784	0.50994	0.585298	0.588573	0.592521	0.57361	0.57618	0.580376	0.490536	0.518884	0.478075	0.498587	0.496961	0.499102	0.529127	0.531721	0.540647	0.540727	0.543259	0.532475	0.572107	0.575675	0.576215	0.564819	0.564178	0.566431	0.59485	0.600774	0.601301	0.575362	0.578298	0.574877	0.57002	0.564423	0.562555	0.560757	0.569508	0.567971	0.539876	0.534156	0.531892	0.517557	0.540148	0.535944
ERR608662-k20-n1-x5e9	0.354737	0.433805	0.352369	0.360512	0.354183	0.356584	0.325822	0.311071	0.317249	0.331369	0.33087	0.334247	0.410664	0.341114	0.329399	0.310793	0.310288	0.308103	0.372756	0.359897	0.384691	0	0.252033	0.25238	0.510946	0.368513	0.366868	0.378159	0.375677	0.374987	0.354103	0.332761	0.335776	0.330219	0.330717	0.331076	0.451367	0.446625	0.451429	0.409759	0.411401	0.411728	0.318233	0.319353	0.319208	0.344431	0.342899	0.342944	0.466717	0.462892	0.464562	0.483787	0.482945	0.484731	0.528157	0.522628	0.525894	0.539231	0.535474	0.531192	0.482231	0.604589	0.500927	0.461955	0.463679	0.460207	0.519972	0.490435	0.482501	0.481852	0.480855	0.489503	0.48067	0.47512	0.475724	0.488305	0.485641	0.486398	0.48236	0.484356	0.484839	0.490656	0.491751	0.491062	0.459073	0.462152	0.462632	0.463405	0.472822	0.471918	0.47387	0.481073	0.482113	0.488681	0.535009	0.527207
ERR608663-k20-n1-x5e9	0.354855	0.431107	0.351265	0.361549	0.354611	0.357606	0.324055	0.311173	0.318111	0.332809	0.332634	0.336278	0.407862	0.338635	0.327424	0.3096	0.309416	0.307362	0.368835	0.356228	0.381054	0.252033	0	0.252142	0.509982	0.370244	0.368524	0.378912	0.377567	0.376828	0.354207	0.334879	0.338117	0.332519	0.332849	0.333161	0.448843	0.444244	0.448849	0.408365	0.409868	0.410075	0.318561	0.319874	0.319029	0.346001	0.344345	0.344644	0.467339	0.463638	0.465401	0.482971	0.482392	0.483902	0.528733	0.523295	0.52666	0.539286	0.535602	0.53163	0.479753	0.601813	0.498191	0.460385	0.4622	0.458651	0.519046	0.489774	0.482211	0.481226	0.480527	0.488818	0.481417	0.476069	0.476654	0.488775	0.486092	0.486812	0.483507	0.485456	0.486057	0.491253	0.492351	0.491712	0.460492	0.463572	0.463926	0.464717	0.474324	0.473495	0.474101	0.481201	0.482097	0.488073	0.534429	0.526537
ERR608664-k20-n1-x5e9	0.356644	0.430023	0.352331	0.363579	0.35643	0.359381	0.323565	0.312308	0.3194	0.334884	0.334454	0.337855	0.405825	0.337473	0.326319	0.309409	0.309125	0.307551	0.366938	0.354212	0.37858	0.25238	0.252142	0	0.508655	0.371311	0.369251	0.378877	0.378299	0.377566	0.353247	0.33563	0.339325	0.333308	0.333588	0.333995	0.447543	0.442939	0.447667	0.407827	0.409317	0.409477	0.319267	0.32102	0.320225	0.348029	0.346519	0.346557	0.467647	0.464026	0.465686	0.482904	0.482227	0.483567	0.528779	0.523633	0.526817	0.539163	0.535481	0.531565	0.479733	0.600573	0.497759	0.4605	0.462173	0.458795	0.51855	0.489739	0.482576	0.481708	0.481115	0.488992	0.482071	0.476968	0.477612	0.489373	0.486653	0.487466	0.484748	0.486958	0.487393	0.492025	0.493253	0.492432	0.461499	0.464514	0.464744	0.465578	0.474948	0.474169	0.474617	0.481449	0.482304	0.488085	0.533939	0.525904
ERR606684-k20-n1-x5e9	0.523109	0.410767	0.489224	0.530371	0.512692	0.523522	0.457286	0.519208	0.534182	0.552961	0.551364	0.552842	0.409015	0.450888	0.462301	0.473821	0.474215	0.476265	0.467234	0.471373	0.475145	0.510946	0.509982	0.508655	0	0.453118	0.44161	0.391962	0.442352	0.434297	0.421661	0.500954	0.515143	0.500091	0.498463	0.496975	0.451686	0.454221	0.460989	0.485623	0.487269	0.484479	0.522423	0.527176	0.5258	0.565367	0.564141	0.564356	0.534644	0.543235	0.538812	0.520732	0.521194	0.519897	0.542409	0.550065	0.546227	0.53182	0.534872	0.540339	0.594238	0.594058	0.581773	0.580842	0.581359	0.58186	0.52847	0.547816	0.55728	0.56115	0.560846	0.547964	0.563166	0.57703	0.570003	0.556614	0.560652	0.563161	0.60188	0.613085	0.610736	0.570219	0.572181	0.568483	0.560076	0.544093	0.539197	0.540281	0.528443	0.528475	0.51758	0.506915	0.503156	0.500324	0.470536	0.473876
ERR606685-k20-n1-x5e9	0.353886	0.448818	0.358505	0.34163	0.34028	0.340828	0.374756	0.357932	0.359951	0.360065	0.359035	0.3587	0.45817	0.401127	0.390809	0.364864	0.363527	0.357827	0.477157	0.46835	0.489227	0.368513	0.370244	0.371311	0.453118	0	0.245026	0.273862	0.24781	0.249274	0.350219	0.320563	0.325393	0.321378	0.320639	0.320095	0.47599	0.471286	0.477656	0.426547	0.431318	0.430965	0.359676	0.358779	0.363118	0.365752	0.365619	0.365609	0.443246	0.440402	0.440028	0.481837	0.478792	0.482234	0.490638	0.483486	0.483322	0.510013	0.503838	0.496839	0.53095	0.643361	0.549871	0.500059	0.503542	0.498539	0.520992	0.489496	0.477444	0.479243	0.476555	0.488171	0.456063	0.454544	0.451521	0.466533	0.465963	0.466592	0.463023	0.467291	0.466346	0.467389	0.467376	0.467116	0.410807	0.409161	0.409671	0.412015	0.413235	0.413028	0.42728	0.437147	0.439808	0.457779	0.500301	0.492646
ERR606686-k20-n1-x5e9	0.353528	0.436935	0.353988	0.345155	0.340982	0.343276	0.368962	0.358363	0.361907	0.365103	0.363844	0.36409	0.447094	0.392258	0.383083	0.3594	0.3581	0.353235	0.46635	0.457818	0.47832	0.366868	0.368524	0.369251	0.44161	0.245026	0	0.265528	0.248125	0.248546	0.344124	0.32345	0.329378	0.323673	0.322805	0.322071	0.465937	0.461315	0.46758	0.419952	0.424492	0.424133	0.359784	0.359823	0.362948	0.371486	0.370963	0.371311	0.442073	0.440058	0.439596	0.476099	0.473437	0.476632	0.487957	0.48177	0.481669	0.505165	0.499496	0.493176	0.525844	0.6344	0.543056	0.49647	0.499642	0.495096	0.514921	0.485684	0.47487	0.476833	0.474423	0.484408	0.456999	0.456364	0.453487	0.465755	0.465299	0.466169	0.467329	0.472111	0.471182	0.467747	0.467953	0.467371	0.413964	0.411137	0.411327	0.413217	0.414396	0.414032	0.42394	0.432319	0.434858	0.451243	0.4919	0.484442
ERR606687-k20-n1-x5e9	0.374161	0.400033	0.358618	0.374413	0.362525	0.369366	0.359581	0.376512	0.386366	0.397377	0.395949	0.396879	0.410394	0.374295	0.371302	0.357292	0.356783	0.353765	0.437548	0.431331	0.449619	0.378159	0.378912	0.378877	0.391962	0.273862	0.265528	0	0.266516	0.261234	0.328608	0.348305	0.359272	0.347326	0.34571	0.344756	0.435789	0.432645	0.438939	0.407546	0.411591	0.410576	0.378499	0.380923	0.381928	0.406998	0.405965	0.406274	0.444331	0.446034	0.444141	0.462906	0.46065	0.463007	0.481317	0.479469	0.478466	0.49021	0.486723	0.483603	0.521103	0.60605	0.530146	0.495914	0.498484	0.495364	0.496406	0.478846	0.473627	0.476438	0.474495	0.477638	0.465735	0.4705	0.466225	0.46841	0.470096	0.471545	0.488139	0.495664	0.494238	0.475343	0.476422	0.474524	0.43477	0.42621	0.425208	0.426517	0.422054	0.421581	0.422451	0.424185	0.42581	0.436456	0.460949	0.45525
ERR606688-k20-n1-x5e9	0.365278	0.448572	0.367649	0.351229	0.349518	0.350319	0.376853	0.366588	0.369814	0.369228	0.367858	0.367061	0.456905	0.405607	0.396711	0.370756	0.369469	0.363337	0.480334	0.472296	0.492956	0.375677	0.377567	0.378299	0.442352	0.24781	0.248125	0.266516	0	0.243058	0.346275	0.324868	0.33156	0.325908	0.324564	0.323686	0.476412	0.472022	0.478891	0.429653	0.434741	0.43414	0.368688	0.368262	0.373159	0.376116	0.375932	0.376135	0.443727	0.442069	0.440607	0.482814	0.479667	0.482965	0.488151	0.482179	0.4806	0.506668	0.5007	0.494099	0.541254	0.645523	0.558134	0.50908	0.512784	0.507815	0.519749	0.491516	0.480505	0.482734	0.479801	0.48992	0.45723	0.457294	0.452798	0.467323	0.468073	0.46877	0.466407	0.471589	0.469971	0.469024	0.468798	0.468412	0.412594	0.409033	0.410017	0.412869	0.407938	0.408148	0.427461	0.435733	0.439264	0.458248	0.493241	0.486122
ERR606689-k20-n1-x5e9	0.365133	0.440497	0.364672	0.352977	0.34946	0.351558	0.373452	0.367173	0.371329	0.372542	0.371311	0.370466	0.44983	0.400189	0.391961	0.367518	0.366346	0.360577	0.473822	0.465894	0.486414	0.374987	0.376828	0.377566	0.434297	0.249274	0.248546	0.261234	0.243058	0	0.342561	0.327201	0.334623	0.327804	0.326675	0.325616	0.470039	0.465508	0.472539	0.425323	0.430278	0.429519	0.369053	0.369257	0.373501	0.379815	0.379749	0.379877	0.442902	0.441776	0.440199	0.479066	0.476045	0.479224	0.486057	0.480518	0.479215	0.503224	0.49759	0.491261	0.537291	0.639402	0.55333	0.506344	0.50954	0.504976	0.515666	0.488702	0.478391	0.480989	0.478153	0.487288	0.457752	0.458464	0.454039	0.466711	0.467687	0.468531	0.468882	0.474525	0.472915	0.468932	0.468867	0.468291	0.415277	0.410772	0.411404	0.414067	0.409135	0.409284	0.425075	0.432527	0.435831	0.453645	0.487315	0.480238
ERR608713-k20-n1-x5e9	0.38066	0.386811	0.361076	0.382331	0.369114	0.376575	0.327326	0.359603	0.372446	0.388029	0.386452	0.388433	0.366677	0.334444	0.333075	0.324259	0.323727	0.323157	0.400597	0.394522	0.413076	0.354103	0.354207	0.353247	0.421661	0.350219	0.344124	0.328608	0.346275	0.342561	0	0.296284	0.311367	0.295288	0.293497	0.292066	0.413755	0.409748	0.417465	0.390158	0.393424	0.392139	0.372753	0.375773	0.376562	0.407999	0.406702	0.406927	0.426133	0.430683	0.42793	0.437775	0.43569	0.4371	0.462784	0.463223	0.462552	0.470832	0.468077	0.465742	0.50857	0.584508	0.513371	0.485163	0.486901	0.484718	0.475708	0.463262	0.461212	0.464202	0.46284	0.462419	0.45141	0.460946	0.456128	0.448865	0.451242	0.453152	0.48704	0.496933	0.495633	0.461959	0.463596	0.460765	0.44984	0.439088	0.435366	0.435555	0.43529	0.434318	0.436751	0.437205	0.436464	0.445072	0.468372	0.463149
ERR608714-k20-n1-x5e9	0.339666	0.456303	0.350607	0.32645	0.327972	0.326302	0.354805	0.323148	0.322574	0.321572	0.320783	0.320306	0.446966	0.376852	0.36179	0.331805	0.330382	0.324263	0.463086	0.452126	0.475416	0.332761	0.334879	0.33563	0.500954	0.320563	0.32345	0.348305	0.324868	0.327201	0.296284	0	0.23772	0.237409	0.237346	0.237143	0.476173	0.470123	0.476824	0.41917	0.423645	0.423717	0.339989	0.338039	0.343267	0.339981	0.339178	0.339114	0.426727	0.422464	0.422998	0.470122	0.467016	0.470366	0.483309	0.474891	0.475807	0.506003	0.499032	0.490763	0.51714	0.643129	0.539692	0.48612	0.489651	0.484233	0.519317	0.483111	0.469366	0.470382	0.467693	0.482068	0.436645	0.434386	0.433053	0.447013	0.445067	0.445613	0.448048	0.452094	0.452425	0.449725	0.449963	0.449905	0.416256	0.415784	0.415337	0.415993	0.4238	0.422961	0.443283	0.454446	0.456639	0.474859	0.52141	0.513409
ERR608715-k20-n1-x5e9	0.338818	0.468738	0.354777	0.324346	0.328476	0.325353	0.364321	0.323682	0.320316	0.316875	0.316068	0.315691	0.460413	0.386804	0.370463	0.33907	0.337807	0.331205	0.473439	0.46201	0.485361	0.335776	0.338117	0.339325	0.515143	0.325393	0.329378	0.359272	0.33156	0.334623	0.311367	0.23772	0	0.239624	0.239816	0.240451	0.487486	0.48121	0.487485	0.427885	0.432234	0.432534	0.340462	0.337592	0.34324	0.333636	0.332986	0.333232	0.434416	0.42881	0.430101	0.480106	0.477091	0.480695	0.493392	0.483728	0.485347	0.516941	0.509867	0.501042	0.520253	0.652146	0.545302	0.48928	0.492903	0.48715	0.529826	0.491416	0.47657	0.477071	0.474271	0.490394	0.441668	0.437082	0.436605	0.453954	0.451073	0.451459	0.447901	0.450426	0.451258	0.454774	0.454812	0.455351	0.418101	0.420072	0.419787	0.420622	0.430253	0.429397	0.451484	0.464039	0.46636	0.484732	0.533868	0.525648
ERR608716-k20-n1-x5e9	0.33746	0.452403	0.347364	0.326085	0.326501	0.325359	0.352704	0.321792	0.32154	0.321543	0.320837	0.320614	0.443579	0.372805	0.358123	0.32845	0.327156	0.321269	0.458667	0.447626	0.470732	0.330219	0.332519	0.333308	0.500091	0.321378	0.323673	0.347326	0.325908	0.327804	0.295288	0.237409	0.239624	0	0.236001	0.236084	0.472702	0.466731	0.473181	0.416405	0.420585	0.420723	0.338453	0.336732	0.341439	0.340356	0.339599	0.339642	0.426415	0.42248	0.422981	0.467429	0.464434	0.467864	0.483325	0.4751	0.476436	0.504949	0.498245	0.490015	0.513281	0.639493	0.535855	0.483084	0.486348	0.481189	0.517488	0.481516	0.468075	0.468957	0.46635	0.480254	0.437562	0.435351	0.434365	0.446532	0.444847	0.445406	0.450064	0.454118	0.454422	0.450075	0.450365	0.450077	0.417796	0.417163	0.416621	0.416939	0.425431	0.424425	0.442576	0.45343	0.455542	0.472757	0.519753	0.511693
ERR608717-k20-n1-x5e9	0.338378	0.45189	0.347957	0.326899	0.327224	0.326371	0.352051	0.322309	0.322408	0.322497	0.321429	0.321445	0.442649	0.372429	0.35809	0.328318	0.327003	0.321085	0.458338	0.447363	0.470434	0.330717	0.332849	0.333588	0.498463	0.320639	0.322805	0.34571	0.324564	0.326675	0.293497	0.237346	0.239816	0.236001	0	0.235606	0.471991	0.465951	0.472362	0.415709	0.419999	0.420264	0.339115	0.337496	0.342162	0.341344	0.340697	0.340728	0.425837	0.422117	0.422542	0.467022	0.464009	0.467393	0.482301	0.47397	0.475255	0.503677	0.497029	0.488787	0.51453	0.639539	0.536548	0.484121	0.487495	0.482398	0.516737	0.481204	0.467865	0.468659	0.466108	0.479998	0.436976	0.435064	0.433874	0.445944	0.444523	0.445016	0.449763	0.45388	0.454315	0.449362	0.449865	0.449606	0.417058	0.416162	0.415752	0.416086	0.424294	0.423274	0.44173	0.452544	0.454748	0.472189	0.518547	0.510628
ERR608718-k20-n1-x5e9	0.338995	0.450947	0.34806	0.327319	0.327472	0.32681	0.351656	0.323023	0.323322	0.323301	0.322422	0.322358	0.44177	0.372168	0.358083	0.328342	0.326935	0.321018	0.457801	0.446915	0.469943	0.331076	0.333161	0.333995	0.496975	0.320095	0.322071	0.344756	0.323686	0.325616	0.292066	0.237143	0.240451	0.236084	0.235606	0	0.471535	0.465454	0.472161	0.415585	0.420092	0.419964	0.33952	0.33813	0.342551	0.342214	0.341658	0.34144	0.425892	0.422435	0.422608	0.466946	0.463848	0.467402	0.481911	0.473694	0.474906	0.503334	0.4966	0.488619	0.515368	0.639311	0.537201	0.484923	0.488181	0.48315	0.51657	0.481413	0.468154	0.46925	0.466645	0.480172	0.437311	0.435682	0.434469	0.446322	0.444766	0.445493	0.450868	0.455195	0.455441	0.449934	0.450254	0.449968	0.417637	0.416733	0.416062	0.41659	0.424128	0.423148	0.441693	0.452372	0.454585	0.472052	0.517788	0.509981
ERR607561-k20-n1-x5e9	0.476341	0.386607	0.441522	0.497508	0.477944	0.488967	0.405955	0.460303	0.476894	0.503425	0.502398	0.506683	0.369815	0.381214	0.391789	0.410506	0.411718	0.417081	0.388868	0.389436	0.392984	0.451367	0.448843	0.447543	0.451686	0.47599	0.465937	0.435789	0.476412	0.470039	0.413755	0.476173	0.487486	0.472702	0.471991	0.471535	0	0.278546	0.279772	0.309195	0.307069	0.305865	0.457071	0.462772	0.456653	0.510602	0.508677	0.509216	0.510853	0.516018	0.515175	0.477933	0.480363	0.477773	0.535949	0.54112	0.543253	0.522734	0.525971	0.53058	0.499649	0.523491	0.487415	0.501183	0.500524	0.50172	0.492902	0.500391	0.510076	0.511649	0.513198	0.501097	0.5385	0.546376	0.545061	0.528444	0.529764	0.532147	0.572576	0.580662	0.580478	0.543006	0.545991	0.542136	0.545806	0.536011	0.533122	0.531016	0.536254	0.534673	0.507177	0.499517	0.49665	0.484647	0.496663	0.493331
ERR607562-k20-n1-x5e9	0.470505	0.387418	0.436294	0.491278	0.471856	0.482767	0.402967	0.454926	0.471176	0.49751	0.496519	0.500685	0.371301	0.378026	0.387804	0.405573	0.406642	0.41222	0.390069	0.389824	0.394192	0.446625	0.444244	0.442939	0.454221	0.471286	0.461315	0.432645	0.472022	0.465508	0.409748	0.470123	0.48121	0.466731	0.465951	0.465454	0.278546	0	0.278467	0.302068	0.300494	0.298785	0.45231	0.457733	0.451792	0.504807	0.502929	0.503366	0.50589	0.510946	0.51019	0.474845	0.477134	0.474847	0.532309	0.536887	0.539221	0.520383	0.522958	0.527339	0.49717	0.526563	0.48613	0.49791	0.497302	0.498452	0.491931	0.497278	0.506496	0.507781	0.509308	0.497873	0.533453	0.540973	0.539958	0.523567	0.524721	0.527039	0.567383	0.575432	0.575323	0.537941	0.541086	0.537236	0.540895	0.531432	0.52841	0.526132	0.532091	0.530529	0.503795	0.496742	0.493788	0.48233	0.496643	0.493275
ERR607563-k20-n1-x5e9	0.474642	0.389521	0.440147	0.496753	0.477173	0.487949	0.408324	0.459895	0.476333	0.502967	0.502017	0.506333	0.374147	0.381381	0.391615	0.410472	0.411512	0.417335	0.38988	0.390078	0.393098	0.451429	0.448849	0.447667	0.460989	0.477656	0.46758	0.438939	0.478891	0.472539	0.417465	0.476824	0.487485	0.473181	0.472362	0.472161	0.279772	0.278467	0	0.305963	0.303882	0.302359	0.457038	0.46266	0.456169	0.510237	0.508193	0.508702	0.511737	0.516619	0.516021	0.478758	0.481099	0.478399	0.538043	0.54259	0.545516	0.525256	0.527959	0.532742	0.497048	0.524818	0.485361	0.499782	0.499057	0.500196	0.496156	0.50138	0.510731	0.51199	0.513974	0.502311	0.539071	0.546465	0.545804	0.52869	0.529785	0.532138	0.572836	0.580539	0.580578	0.543082	0.546244	0.542519	0.546602	0.537185	0.534276	0.531933	0.538766	0.536977	0.508641	0.501096	0.498598	0.48608	0.501629	0.497776
ERR607564-k20-n1-x5e9	0.425933	0.418391	0.404108	0.440489	0.425699	0.433742	0.385021	0.410956	0.42332	0.444071	0.443122	0.446812	0.408889	0.376577	0.376523	0.378858	0.379278	0.381782	0.420907	0.414906	0.428262	0.409759	0.408365	0.407827	0.485623	0.426547	0.419952	0.407546	0.429653	0.425323	0.390158	0.41917	0.427885	0.416405	0.415709	0.415585	0.309195	0.302068	0.305963	0	0.266969	0.267217	0.410771	0.414396	0.410607	0.451226	0.449442	0.450028	0.478208	0.479791	0.480019	0.471416	0.471914	0.471856	0.5169	0.516343	0.519455	0.517783	0.51671	0.516058	0.493938	0.57455	0.497914	0.484065	0.48468	0.48363	0.500883	0.486627	0.487027	0.487634	0.487994	0.486529	0.50011	0.503436	0.503147	0.496427	0.496152	0.497717	0.52542	0.531799	0.532047	0.506558	0.508859	0.506318	0.499384	0.493552	0.49153	0.489983	0.498847	0.497303	0.481081	0.480912	0.479899	0.478421	0.511388	0.50511
ERR607565-k20-n1-x5e9	0.42838	0.417529	0.405754	0.44404	0.428798	0.436905	0.386736	0.413802	0.426128	0.447634	0.446763	0.450597	0.407968	0.376653	0.376947	0.380622	0.381054	0.383788	0.418661	0.412885	0.42545	0.411401	0.409868	0.409317	0.487269	0.431318	0.424492	0.411591	0.434741	0.430278	0.393424	0.423645	0.432234	0.420585	0.419999	0.420092	0.307069	0.300494	0.303882	0.266969	0	0.2672	0.413173	0.416812	0.412751	0.454375	0.452633	0.453185	0.482048	0.483633	0.484006	0.47307	0.473786	0.473685	0.52087	0.520589	0.523703	0.520671	0.519878	0.519638	0.492519	0.571999	0.495903	0.48375	0.484326	0.483437	0.502452	0.488695	0.489487	0.490226	0.490707	0.488837	0.50411	0.507601	0.507353	0.499924	0.499442	0.501392	0.529497	0.53563	0.535975	0.510261	0.512671	0.510053	0.503795	0.49807	0.496132	0.494296	0.503529	0.502121	0.484681	0.484048	0.483275	0.480692	0.513243	0.507112
ERR607566-k20-n1-x5e9	0.429209	0.416017	0.406072	0.444646	0.42942	0.437503	0.385415	0.413684	0.426284	0.448026	0.447022	0.450877	0.4053	0.375057	0.375543	0.379786	0.380211	0.382765	0.416913	0.41107	0.424091	0.411728	0.410075	0.409477	0.484479	0.430965	0.424133	0.410576	0.43414	0.429519	0.392139	0.423717	0.432534	0.420723	0.420264	0.419964	0.305865	0.298785	0.302359	0.267217	0.2672	0	0.412863	0.416893	0.412733	0.454869	0.453228	0.453601	0.482187	0.484009	0.4841	0.473137	0.473658	0.473465	0.520606	0.520478	0.523364	0.520173	0.519238	0.519389	0.493627	0.571126	0.496471	0.485017	0.485386	0.484538	0.501762	0.488734	0.489987	0.490494	0.490872	0.488797	0.504368	0.507888	0.507617	0.50015	0.499818	0.501553	0.530122	0.536448	0.536678	0.510783	0.51307	0.510415	0.504307	0.498388	0.496285	0.49464	0.503528	0.501975	0.485024	0.48428	0.483173	0.48083	0.512712	0.506612
ERR608069-k20-n1-x5e9	0.347167	0.442688	0.350446	0.349614	0.346523	0.347365	0.336608	0.313362	0.317009	0.327068	0.326827	0.329495	0.430747	0.360553	0.347444	0.326715	0.325974	0.323481	0.423745	0.412315	0.43434	0.318233	0.318561	0.319267	0.522423	0.359676	0.359784	0.378499	0.368688	0.369053	0.372753	0.339989	0.340462	0.338453	0.339115	0.33952	0.457071	0.45231	0.457038	0.410771	0.413173	0.412863	0	0.255467	0.256049	0.276628	0.275282	0.275535	0.475927	0.47041	0.472386	0.496905	0.495964	0.497787	0.539876	0.533073	0.536449	0.552712	0.548403	0.54343	0.482204	0.612448	0.504357	0.46078	0.462905	0.458783	0.528094	0.495031	0.485304	0.48424	0.483311	0.493778	0.4869	0.478261	0.478763	0.497729	0.4943	0.494811	0.478764	0.478679	0.479317	0.497417	0.498026	0.498096	0.454692	0.461419	0.463284	0.464889	0.474669	0.474298	0.47599	0.485127	0.486934	0.494651	0.545065	0.536361
