	ERR609265-k20-n1-x5e9	ERR609266-k20-n1-x5e9	ERR609267-k20-n1-x5e9	ERR609268-k20-n1-x5e9	ERR609269-k20-n1-x5e9	ERR609270-k20-n1-x5e9	ERR609555-k20-n1-x5e9	ERR609556-k20-n1-x5e9	ERR609557-k20-n1-x5e9	ERR609558-k20-n1-x5e9	ERR609559-k20-n1-x5e9	ERR609560-k20-n1-x5e9	ERR605473-k20-n1-x5e9	ERR605474-k20-n1-x5e9	ERR605475-k20-n1-x5e9	ERR605476-k20-n1-x5e9	ERR605477-k20-n1-x5e9	ERR605478-k20-n1-x5e9	ERR605958-k20-n1-x5e9	ERR605959-k20-n1-x5e9	ERR605960-k20-n1-x5e9	ERR605961-k20-n1-x5e9	ERR605962-k20-n1-x5e9	ERR605963-k20-n1-x5e9	ERR607421-k20-n1-x5e9	ERR607422-k20-n1-x5e9	ERR607423-k20-n1-x5e9	ERR607424-k20-n1-x5e9	ERR607425-k20-n1-x5e9	ERR607426-k20-n1-x5e9	ERR608377-k20-n1-x5e9	ERR608378-k20-n1-x5e9	ERR608379-k20-n1-x5e9	ERR608380-k20-n1-x5e9	ERR608381-k20-n1-x5e9	ERR608382-k20-n1-x5e9	ERR605345-k20-n1-x5e9	ERR605346-k20-n1-x5e9	ERR605347-k20-n1-x5e9	ERR605348-k20-n1-x5e9	ERR605349-k20-n1-x5e9	ERR605350-k20-n1-x5e9	ERR605952-k20-n1-x5e9	ERR605953-k20-n1-x5e9	ERR605954-k20-n1-x5e9	ERR605955-k20-n1-x5e9	ERR605956-k20-n1-x5e9	ERR605957-k20-n1-x5e9	ERR608943-k20-n1-x5e9	ERR608944-k20-n1-x5e9	ERR608945-k20-n1-x5e9	ERR608946-k20-n1-x5e9	ERR608947-k20-n1-x5e9	ERR608948-k20-n1-x5e9	ERR608149-k20-n1-x5e9	ERR608150-k20-n1-x5e9	ERR608151-k20-n1-x5e9	ERR608152-k20-n1-x5e9	ERR608153-k20-n1-x5e9	ERR608154-k20-n1-x5e9	ERR608389-k20-n1-x5e9	ERR608390-k20-n1-x5e9	ERR608391-k20-n1-x5e9	ERR608392-k20-n1-x5e9	ERR608393-k20-n1-x5e9	ERR608394-k20-n1-x5e9	ERR607615-k20-n1-x5e9	ERR607616-k20-n1-x5e9	ERR607617-k20-n1-x5e9	ERR607618-k20-n1-x5e9	ERR607619-k20-n1-x5e9	ERR607620-k20-n1-x5e9	ERR605659-k20-n1-x5e9	ERR605660-k20-n1-x5e9	ERR605661-k20-n1-x5e9	ERR605662-k20-n1-x5e9	ERR605663-k20-n1-x5e9	ERR605664-k20-n1-x5e9	ERR607995-k20-n1-x5e9	ERR607996-k20-n1-x5e9	ERR607997-k20-n1-x5e9	ERR607998-k20-n1-x5e9	ERR607999-k20-n1-x5e9	ERR608000-k20-n1-x5e9	ERR605988-k20-n1-x5e9	ERR605989-k20-n1-x5e9	ERR605990-k20-n1-x5e9	ERR605991-k20-n1-x5e9	ERR605992-k20-n1-x5e9	ERR605993-k20-n1-x5e9	ERR607311-k20-n1-x5e9	ERR607312-k20-n1-x5e9	ERR607313-k20-n1-x5e9	ERR607314-k20-n1-x5e9	ERR607315-k20-n1-x5e9	ERR607316-k20-n1-x5e9
ERR609265-k20-n1-x5e9	0	0.273406	0.284794	0.28786	0.279047	0.280128	0.452132	0.451869	0.411064	0.565668	0.547457	0.553291	0.494767	0.486145	0.475264	0.482756	0.486514	0.483543	0.41513	0.454536	0.458434	0.402785	0.404506	0.402275	0.409246	0.409573	0.407094	0.482892	0.480519	0.479609	0.404131	0.375623	0.377748	0.384247	0.383411	0.388193	0.429929	0.495608	0.431166	0.424353	0.424292	0.423998	0.454944	0.509528	0.512556	0.456046	0.456186	0.454302	0.603976	0.603433	0.602589	0.593513	0.593962	0.593567	0.563701	0.566543	0.572084	0.572014	0.573539	0.565165	0.520996	0.526359	0.537544	0.536322	0.540108	0.526479	0.60192	0.599375	0.599894	0.602657	0.602415	0.602866	0.529151	0.521023	0.520358	0.516433	0.531092	0.527782	0.589519	0.598336	0.597382	0.58607	0.588297	0.588821	0.511778	0.516599	0.518286	0.495239	0.495732	0.495138	0.556307	0.560589	0.565647	0.546938	0.546535	0.547238
ERR609266-k20-n1-x5e9	0.273406	0	0.280179	0.287394	0.276281	0.277128	0.452363	0.451825	0.405963	0.566059	0.547333	0.553216	0.495651	0.486353	0.475026	0.483388	0.487383	0.484436	0.410853	0.457948	0.461926	0.405052	0.40598	0.403979	0.40695	0.408635	0.405508	0.483946	0.481614	0.480825	0.398483	0.376019	0.379474	0.385938	0.385289	0.389822	0.426949	0.489312	0.426669	0.421409	0.421336	0.420771	0.45065	0.511836	0.514936	0.457176	0.456568	0.454639	0.603377	0.603742	0.602428	0.593623	0.59416	0.59368	0.559828	0.565968	0.572052	0.572303	0.573999	0.564232	0.518404	0.52708	0.538728	0.53802	0.541371	0.526965	0.602879	0.599007	0.599956	0.603612	0.603371	0.603994	0.529193	0.520361	0.519672	0.516439	0.527563	0.524445	0.590765	0.600431	0.59894	0.587147	0.589893	0.590597	0.507016	0.519287	0.521338	0.496148	0.495913	0.495195	0.55564	0.560812	0.564868	0.545954	0.546545	0.547561
ERR609267-k20-n1-x5e9	0.284794	0.280179	0	0.285489	0.281812	0.281329	0.472532	0.47225	0.400602	0.588875	0.569545	0.575597	0.518295	0.508093	0.494716	0.505045	0.508875	0.505835	0.41506	0.48362	0.487715	0.42322	0.424663	0.42235	0.410408	0.414477	0.40814	0.505309	0.502784	0.50158	0.387985	0.381797	0.389476	0.401453	0.400581	0.405768	0.43596	0.474273	0.429356	0.424966	0.425182	0.424601	0.461431	0.538465	0.541674	0.479944	0.479111	0.477289	0.616165	0.618236	0.616741	0.603723	0.604378	0.604157	0.561566	0.576024	0.584599	0.585311	0.586972	0.574062	0.522078	0.538979	0.553174	0.552532	0.556185	0.538768	0.620155	0.612937	0.614569	0.621024	0.620885	0.621533	0.544933	0.533999	0.53243	0.529504	0.538293	0.534999	0.608292	0.619938	0.617693	0.603424	0.606843	0.607761	0.505709	0.537786	0.540194	0.507244	0.507365	0.506334	0.563349	0.571339	0.574255	0.550658	0.552527	0.554378
ERR609268-k20-n1-x5e9	0.28786	0.287394	0.285489	0	0.289615	0.289553	0.490799	0.490206	0.41063	0.614049	0.595162	0.601233	0.535322	0.525092	0.511333	0.521101	0.525615	0.522042	0.429579	0.494614	0.498684	0.428609	0.43021	0.427091	0.415454	0.419984	0.410137	0.523549	0.520603	0.519588	0.393902	0.385075	0.39348	0.410532	0.409933	0.416516	0.445719	0.469114	0.438717	0.429735	0.43037	0.430096	0.482653	0.555064	0.558194	0.494019	0.493726	0.491464	0.634692	0.635636	0.635048	0.616688	0.617311	0.617278	0.57925	0.591495	0.600312	0.60037	0.602671	0.589874	0.538366	0.553126	0.567593	0.566162	0.570532	0.553237	0.638929	0.63266	0.633454	0.639547	0.639379	0.639909	0.560302	0.54902	0.547535	0.542629	0.558277	0.554068	0.627612	0.637833	0.637395	0.621529	0.624035	0.624776	0.520947	0.547978	0.550201	0.514412	0.515021	0.513625	0.579763	0.587012	0.592241	0.562966	0.564058	0.566386
ERR609269-k20-n1-x5e9	0.279047	0.276281	0.281812	0.289615	0	0.276369	0.458436	0.458059	0.406715	0.570165	0.551344	0.557138	0.502285	0.4929	0.481154	0.489887	0.493499	0.490714	0.413588	0.465334	0.469507	0.410933	0.411911	0.409826	0.410098	0.412094	0.408548	0.490499	0.488017	0.487084	0.398245	0.379706	0.384231	0.391646	0.390828	0.395676	0.430998	0.487822	0.4292	0.424441	0.424102	0.423704	0.454801	0.519739	0.522723	0.463841	0.463248	0.46136	0.608243	0.608945	0.607597	0.598029	0.598526	0.598117	0.562455	0.570445	0.576952	0.577223	0.578806	0.568415	0.521389	0.532077	0.543926	0.543264	0.546755	0.531627	0.608307	0.603731	0.604896	0.609074	0.608873	0.609466	0.534373	0.525161	0.524284	0.521203	0.531324	0.528296	0.596208	0.606353	0.604465	0.592424	0.595374	0.596105	0.508386	0.525106	0.527376	0.500164	0.50018	0.499367	0.559234	0.565115	0.568883	0.548967	0.549945	0.551136
ERR609270-k20-n1-x5e9	0.280128	0.277128	0.281329	0.289553	0.276369	0	0.460439	0.459948	0.406074	0.572219	0.553268	0.559154	0.504145	0.494602	0.482552	0.491511	0.495171	0.492417	0.413698	0.467761	0.471862	0.412413	0.413573	0.411483	0.410237	0.41254	0.408482	0.492196	0.489579	0.488709	0.397174	0.380246	0.385122	0.392819	0.392055	0.396838	0.43136	0.486129	0.4291	0.424422	0.42411	0.423646	0.45516	0.521873	0.524932	0.465594	0.464928	0.463145	0.609342	0.610318	0.608737	0.598655	0.59927	0.59891	0.562286	0.571068	0.577954	0.578396	0.579945	0.569098	0.521653	0.53282	0.545207	0.544468	0.547901	0.532426	0.609783	0.604789	0.606199	0.610638	0.610413	0.611049	0.53576	0.526209	0.525462	0.522201	0.531896	0.528721	0.597771	0.608149	0.606272	0.593763	0.596878	0.597634	0.508462	0.527003	0.529359	0.501358	0.501278	0.500548	0.559975	0.566139	0.569776	0.549587	0.550677	0.551967
ERR609555-k20-n1-x5e9	0.452132	0.452363	0.472532	0.490799	0.458436	0.460439	0	0.247167	0.365478	0.365807	0.336502	0.345864	0.333897	0.329386	0.3267	0.328832	0.330368	0.329437	0.365199	0.326147	0.32771	0.345396	0.34516	0.347895	0.39506	0.385979	0.40556	0.332867	0.332622	0.332653	0.459095	0.405708	0.394909	0.370774	0.371499	0.365692	0.348376	0.52854	0.371272	0.379879	0.377248	0.376635	0.335707	0.350452	0.353186	0.324004	0.323901	0.324476	0.44122	0.442493	0.441477	0.450489	0.450139	0.449304	0.462956	0.435689	0.430326	0.431735	0.430889	0.43651	0.460075	0.436657	0.431454	0.434983	0.433299	0.438148	0.445478	0.435101	0.436126	0.446791	0.446506	0.447454	0.427766	0.429643	0.431279	0.435904	0.43425	0.434659	0.436914	0.452461	0.451039	0.428455	0.432264	0.433513	0.509399	0.461759	0.461943	0.485979	0.485484	0.486121	0.46487	0.459249	0.458507	0.488858	0.484142	0.479549
ERR609556-k20-n1-x5e9	0.451869	0.451825	0.47225	0.490206	0.458059	0.459948	0.247167	0	0.364409	0.366993	0.337447	0.346901	0.334048	0.3294	0.326718	0.329032	0.330508	0.329579	0.364002	0.326429	0.327973	0.344802	0.344388	0.347121	0.394071	0.384893	0.404506	0.332893	0.332725	0.332702	0.458084	0.405147	0.394417	0.370541	0.37095	0.365631	0.347159	0.527264	0.370133	0.378822	0.37604	0.375538	0.334638	0.350855	0.353707	0.323426	0.32324	0.324043	0.441273	0.442815	0.441766	0.450139	0.449675	0.448879	0.461977	0.435035	0.430065	0.431603	0.430639	0.436047	0.459482	0.436505	0.431427	0.434995	0.433191	0.437822	0.44625	0.435485	0.436588	0.447609	0.44726	0.448297	0.427438	0.429037	0.430549	0.435419	0.433272	0.433838	0.437625	0.453446	0.451774	0.429064	0.432979	0.434166	0.508625	0.461853	0.462238	0.485627	0.48492	0.485607	0.464729	0.459096	0.458201	0.488501	0.48359	0.479198
ERR609557-k20-n1-x5e9	0.411064	0.405963	0.400602	0.41063	0.406715	0.406074	0.365478	0.364409	0	0.529468	0.50006	0.508977	0.449844	0.435389	0.416982	0.432461	0.436975	0.432752	0.332324	0.429851	0.434333	0.366989	0.367396	0.366161	0.344126	0.34893	0.345464	0.440155	0.437805	0.435957	0.358855	0.361183	0.368695	0.379334	0.379	0.381072	0.334972	0.393025	0.322937	0.324862	0.3249	0.323969	0.373933	0.48945	0.493533	0.417265	0.415111	0.413781	0.522666	0.531276	0.530277	0.498217	0.498727	0.49949	0.461502	0.482058	0.494258	0.496918	0.499267	0.481443	0.455437	0.477201	0.490569	0.492891	0.495386	0.47813	0.551221	0.525447	0.528544	0.552637	0.552517	0.553593	0.49025	0.476434	0.47362	0.473201	0.475911	0.473144	0.544553	0.566534	0.564682	0.527023	0.533178	0.53539	0.473218	0.516269	0.519275	0.488693	0.489143	0.487795	0.492639	0.502854	0.501689	0.485048	0.487718	0.488962
ERR609558-k20-n1-x5e9	0.565668	0.566059	0.588875	0.614049	0.570165	0.572219	0.365807	0.366993	0.529468	0	0.250177	0.2479	0.403251	0.413337	0.428521	0.416582	0.412361	0.416592	0.510046	0.415499	0.413607	0.484541	0.484243	0.487567	0.548	0.537425	0.559925	0.412948	0.415818	0.417748	0.598206	0.545865	0.531751	0.498652	0.498483	0.49093	0.506842	0.677307	0.532957	0.54307	0.540283	0.539299	0.462144	0.373104	0.371064	0.426937	0.427708	0.430555	0.496016	0.488714	0.484893	0.545015	0.544237	0.542208	0.571831	0.528856	0.511363	0.511994	0.507653	0.528488	0.562134	0.522765	0.506419	0.509172	0.504689	0.523373	0.457597	0.4774	0.477706	0.458746	0.457906	0.458826	0.499567	0.514135	0.517845	0.527169	0.514005	0.518084	0.445951	0.443973	0.437426	0.462615	0.463256	0.46244	0.610074	0.525021	0.523184	0.580608	0.578668	0.580978	0.549385	0.535503	0.532181	0.586806	0.580055	0.574055
ERR609559-k20-n1-x5e9	0.547457	0.547333	0.569545	0.595162	0.551344	0.553268	0.336502	0.337447	0.50006	0.250177	0	0.245574	0.38135	0.389872	0.403157	0.392915	0.389049	0.392939	0.482585	0.395032	0.393808	0.459981	0.459647	0.46321	0.519044	0.508456	0.531549	0.38668	0.389461	0.390951	0.572726	0.52059	0.506805	0.473628	0.473675	0.466025	0.476248	0.651479	0.502361	0.513311	0.510266	0.509338	0.432084	0.357786	0.356578	0.401695	0.402414	0.405209	0.473851	0.468391	0.46465	0.519791	0.519064	0.517049	0.544967	0.503631	0.487487	0.48845	0.484343	0.503497	0.538997	0.501756	0.486603	0.489786	0.485372	0.502489	0.443243	0.456551	0.457259	0.444614	0.443922	0.444805	0.481007	0.494032	0.497481	0.506909	0.4931	0.49727	0.432012	0.434915	0.4286	0.443778	0.445629	0.445276	0.590138	0.511471	0.509883	0.563281	0.561577	0.563809	0.527496	0.514665	0.510862	0.564804	0.558354	0.552428
ERR609560-k20-n1-x5e9	0.553291	0.553216	0.575597	0.601233	0.557138	0.559154	0.345864	0.346901	0.508977	0.2479	0.245574	0	0.388454	0.397406	0.411256	0.40076	0.396652	0.400684	0.490984	0.40211	0.400822	0.468132	0.467771	0.47111	0.528475	0.517863	0.54063	0.395618	0.398333	0.399969	0.580587	0.528748	0.515092	0.481849	0.481758	0.474091	0.485832	0.659441	0.511817	0.522772	0.519719	0.518794	0.441256	0.363469	0.362088	0.410097	0.410729	0.413583	0.48149	0.475602	0.471792	0.52843	0.527638	0.525823	0.553555	0.512081	0.495607	0.496517	0.492299	0.511724	0.546444	0.508918	0.493391	0.496652	0.492134	0.509549	0.448653	0.463626	0.464319	0.44989	0.449127	0.45019	0.487405	0.500739	0.504273	0.513811	0.499788	0.503912	0.437338	0.438905	0.432428	0.450678	0.452132	0.451684	0.596394	0.516617	0.515022	0.569249	0.56754	0.569734	0.534801	0.521832	0.517998	0.572119	0.565656	0.559781
ERR605473-k20-n1-x5e9	0.494767	0.495651	0.518295	0.535322	0.502285	0.504145	0.333897	0.334048	0.449844	0.403251	0.38135	0.388454	0	0.246562	0.255502	0.249499	0.247989	0.249041	0.403314	0.333123	0.333154	0.374699	0.373689	0.376707	0.442137	0.432431	0.452548	0.35483	0.355411	0.3561	0.499812	0.443205	0.430415	0.402391	0.40278	0.396508	0.383489	0.563168	0.409292	0.417008	0.414356	0.413948	0.366158	0.340494	0.34238	0.33778	0.338313	0.339569	0.460801	0.459299	0.458283	0.478006	0.47751	0.475956	0.501258	0.467005	0.457896	0.458348	0.456658	0.467723	0.49752	0.467027	0.457889	0.461302	0.4586	0.468688	0.453845	0.451578	0.451431	0.454852	0.454341	0.455143	0.436752	0.442732	0.445977	0.450724	0.449019	0.450099	0.448835	0.459201	0.458003	0.445045	0.447681	0.448034	0.546802	0.483519	0.482977	0.517601	0.516697	0.517949	0.49465	0.485152	0.485118	0.521598	0.515891	0.510341
ERR605474-k20-n1-x5e9	0.486145	0.486353	0.508093	0.525092	0.4929	0.494602	0.329386	0.3294	0.435389	0.413337	0.389872	0.397406	0.246562	0	0.250185	0.247862	0.247134	0.247489	0.389937	0.332196	0.332597	0.365131	0.363888	0.36691	0.430166	0.42106	0.440305	0.354481	0.354667	0.355295	0.48682	0.43249	0.420642	0.394286	0.394461	0.388558	0.369899	0.548255	0.394662	0.402656	0.399984	0.399696	0.355931	0.346997	0.349371	0.334088	0.333933	0.335034	0.460928	0.460641	0.459502	0.474204	0.473704	0.472249	0.49328	0.462711	0.455401	0.456177	0.454911	0.463138	0.490396	0.463238	0.455931	0.459406	0.457066	0.464939	0.458146	0.452697	0.452946	0.459269	0.458809	0.459632	0.433957	0.438004	0.440994	0.445744	0.443334	0.444248	0.453225	0.465468	0.464023	0.447801	0.451054	0.45155	0.538349	0.482576	0.482518	0.512031	0.510896	0.511939	0.490325	0.48222	0.48188	0.515262	0.510267	0.505096
ERR605475-k20-n1-x5e9	0.475264	0.475026	0.494716	0.511333	0.481154	0.482552	0.3267	0.326718	0.416982	0.428521	0.403157	0.411256	0.255502	0.250185	0	0.250591	0.251242	0.250279	0.373891	0.334614	0.335752	0.355621	0.35473	0.357292	0.415225	0.407027	0.425135	0.356945	0.356992	0.356907	0.469935	0.418777	0.408227	0.385062	0.385224	0.380113	0.354855	0.529119	0.376474	0.384905	0.382102	0.381984	0.34567	0.358887	0.361702	0.334478	0.334295	0.334961	0.462367	0.463771	0.462844	0.470435	0.470115	0.468922	0.484806	0.459396	0.454512	0.455289	0.454533	0.459815	0.482137	0.459938	0.455039	0.458336	0.456423	0.461492	0.465348	0.456006	0.456849	0.466233	0.465887	0.466972	0.433982	0.435635	0.437132	0.441421	0.440081	0.440304	0.460415	0.474675	0.473068	0.452637	0.456351	0.457221	0.528093	0.483364	0.483457	0.506706	0.505836	0.506717	0.485449	0.479171	0.478737	0.507423	0.503118	0.498392
ERR605476-k20-n1-x5e9	0.482756	0.483388	0.505045	0.521101	0.489887	0.491511	0.328832	0.329032	0.432461	0.416582	0.392915	0.40076	0.249499	0.247862	0.250591	0	0.246569	0.246415	0.387011	0.330744	0.331462	0.362138	0.361054	0.364111	0.427036	0.417741	0.436903	0.354852	0.35509	0.355575	0.483606	0.428564	0.416577	0.391011	0.391336	0.385815	0.368051	0.545278	0.391849	0.399335	0.39657	0.396383	0.355129	0.349007	0.351143	0.334123	0.334632	0.335483	0.461723	0.461427	0.460602	0.473243	0.472905	0.47158	0.492754	0.462613	0.455552	0.456038	0.454994	0.463011	0.489065	0.462074	0.455298	0.458385	0.456174	0.463529	0.45974	0.453976	0.45429	0.460633	0.460203	0.461092	0.434448	0.438513	0.440405	0.444564	0.444374	0.444923	0.454327	0.466602	0.465277	0.448424	0.451451	0.452068	0.536592	0.48162	0.481415	0.510263	0.509428	0.510569	0.489171	0.481312	0.48142	0.513225	0.508246	0.503045
ERR605477-k20-n1-x5e9	0.486514	0.487383	0.508875	0.525615	0.493499	0.495171	0.330368	0.330508	0.436975	0.412361	0.389049	0.396652	0.247989	0.247134	0.251242	0.246569	0	0.246066	0.391094	0.332089	0.332483	0.366087	0.365155	0.368044	0.4311	0.421893	0.441324	0.354424	0.3547	0.35515	0.487715	0.4329	0.4208	0.39445	0.394833	0.38932	0.371975	0.549936	0.396336	0.403862	0.401269	0.401016	0.357119	0.346855	0.348986	0.335452	0.335549	0.336724	0.460543	0.460204	0.459258	0.474356	0.473777	0.472451	0.494529	0.463416	0.456092	0.456424	0.455077	0.463817	0.491248	0.463656	0.456124	0.459363	0.456967	0.465091	0.457532	0.452359	0.452766	0.458405	0.45802	0.458858	0.435711	0.440174	0.442617	0.4467	0.445506	0.446279	0.452147	0.464112	0.462778	0.446695	0.449783	0.450328	0.539715	0.48299	0.483057	0.513353	0.512295	0.513416	0.490498	0.482239	0.482133	0.515522	0.510408	0.505255
ERR605478-k20-n1-x5e9	0.483543	0.484436	0.505835	0.522042	0.490714	0.492417	0.329437	0.329579	0.432752	0.416592	0.392939	0.400684	0.249041	0.247489	0.250279	0.246415	0.246066	0	0.388025	0.331575	0.33212	0.363019	0.362271	0.365274	0.427328	0.418106	0.437351	0.354343	0.354433	0.354874	0.483945	0.428988	0.41709	0.391455	0.391612	0.386421	0.368376	0.545791	0.392318	0.399659	0.397026	0.397019	0.355519	0.348858	0.351016	0.334619	0.33494	0.335914	0.461232	0.460921	0.460215	0.472848	0.472565	0.471145	0.492513	0.4621	0.455206	0.455633	0.454514	0.462568	0.489292	0.462153	0.455296	0.458333	0.45611	0.463707	0.459249	0.453291	0.453742	0.460047	0.459681	0.460445	0.435034	0.439065	0.441154	0.445329	0.444918	0.445568	0.45369	0.466039	0.464825	0.447727	0.450798	0.451332	0.537403	0.482194	0.481971	0.511104	0.510344	0.511359	0.489039	0.481136	0.481181	0.513201	0.508125	0.503039
ERR605958-k20-n1-x5e9	0.41513	0.410853	0.41506	0.429579	0.413588	0.413698	0.365199	0.364002	0.332324	0.510046	0.482585	0.490984	0.403314	0.389937	0.373891	0.387011	0.391094	0.388025	0	0.34424	0.348792	0.295542	0.294353	0.294908	0.341356	0.340754	0.346172	0.396665	0.394653	0.393041	0.376643	0.356201	0.357734	0.356388	0.356218	0.356172	0.328219	0.435088	0.326705	0.331928	0.330443	0.329691	0.331665	0.435163	0.439325	0.368766	0.366203	0.365234	0.493616	0.500449	0.499173	0.476455	0.476866	0.476795	0.451818	0.460622	0.469157	0.470724	0.47244	0.459487	0.443173	0.453382	0.462734	0.464969	0.46644	0.453898	0.519518	0.498453	0.500958	0.520201	0.51996	0.520967	0.461266	0.450888	0.448945	0.449868	0.449933	0.447857	0.509801	0.528964	0.526866	0.495686	0.501318	0.503174	0.469704	0.489071	0.49141	0.474958	0.474781	0.473471	0.472973	0.477889	0.477389	0.474875	0.475183	0.474522
ERR605959-k20-n1-x5e9	0.454536	0.457948	0.48362	0.494614	0.465334	0.467761	0.326147	0.326429	0.429851	0.415499	0.395032	0.40211	0.333123	0.332196	0.334614	0.330744	0.332089	0.331575	0.34424	0	0.250805	0.294586	0.293937	0.296863	0.406108	0.395247	0.414578	0.336321	0.335748	0.336538	0.474272	0.408956	0.395403	0.36976	0.370587	0.365999	0.374957	0.547434	0.399945	0.402397	0.400499	0.400206	0.354116	0.329789	0.331931	0.313786	0.31512	0.315112	0.456602	0.452779	0.453265	0.46254	0.462522	0.460666	0.486271	0.450239	0.44265	0.441706	0.441196	0.450943	0.473489	0.440049	0.432671	0.434086	0.432998	0.441253	0.453052	0.454207	0.452774	0.453082	0.452831	0.453197	0.427822	0.43245	0.435326	0.436734	0.444688	0.444004	0.441264	0.448123	0.449586	0.437194	0.438064	0.43827	0.519828	0.446307	0.4456	0.478497	0.477609	0.478003	0.475058	0.463944	0.468632	0.496791	0.489953	0.485076
ERR605960-k20-n1-x5e9	0.458434	0.461926	0.487715	0.498684	0.469507	0.471862	0.32771	0.327973	0.434333	0.413607	0.393808	0.400822	0.333154	0.332597	0.335752	0.331462	0.332483	0.33212	0.348792	0.250805	0	0.298504	0.297678	0.300632	0.410388	0.399241	0.418678	0.336587	0.336487	0.337125	0.478937	0.413205	0.399248	0.373115	0.374037	0.369176	0.379295	0.552141	0.404694	0.406977	0.405079	0.404883	0.35731	0.328013	0.32976	0.31519	0.316722	0.316618	0.457132	0.452804	0.453479	0.463965	0.463921	0.46197	0.48907	0.451871	0.444046	0.442691	0.442213	0.45274	0.476512	0.442151	0.434079	0.435551	0.434114	0.44336	0.452709	0.45474	0.452969	0.452662	0.452365	0.452621	0.429185	0.43428	0.437162	0.4388	0.446628	0.446124	0.440787	0.447024	0.448637	0.43727	0.437848	0.437921	0.522803	0.447323	0.446343	0.481053	0.480199	0.480531	0.47708	0.46564	0.470833	0.499638	0.492575	0.48758
ERR605961-k20-n1-x5e9	0.402785	0.405052	0.42322	0.428609	0.410933	0.412413	0.345396	0.344802	0.366989	0.484541	0.459981	0.468132	0.374699	0.365131	0.355621	0.362138	0.366087	0.363019	0.295542	0.294586	0.298504	0	0.259804	0.259778	0.351241	0.345735	0.355349	0.370788	0.368932	0.368084	0.40821	0.355963	0.350058	0.340185	0.340782	0.339614	0.336902	0.474378	0.350211	0.347302	0.346544	0.346314	0.346082	0.394532	0.398256	0.334534	0.334756	0.33271	0.485103	0.486237	0.486581	0.470447	0.470634	0.469965	0.469191	0.45615	0.458786	0.458612	0.460153	0.455792	0.452477	0.44136	0.445064	0.446197	0.447584	0.441948	0.497635	0.487079	0.487028	0.497928	0.497601	0.4982	0.442522	0.437099	0.43811	0.435829	0.447225	0.444531	0.487587	0.500578	0.501652	0.47581	0.479115	0.480075	0.485465	0.456565	0.457848	0.455349	0.455363	0.454481	0.472504	0.470201	0.475353	0.477118	0.474423	0.472163
ERR605962-k20-n1-x5e9	0.404506	0.40598	0.424663	0.43021	0.411911	0.413573	0.34516	0.344388	0.367396	0.484243	0.459647	0.467771	0.373689	0.363888	0.35473	0.361054	0.365155	0.362271	0.294353	0.293937	0.297678	0.259804	0	0.257525	0.353562	0.347874	0.357683	0.372573	0.370372	0.369915	0.40985	0.35925	0.353605	0.343139	0.343544	0.342544	0.336595	0.474616	0.349973	0.347693	0.34671	0.346719	0.344884	0.394161	0.398027	0.333892	0.332296	0.330708	0.487119	0.488506	0.488527	0.472411	0.472768	0.471985	0.470167	0.457799	0.460714	0.46066	0.462312	0.457449	0.453727	0.443347	0.446965	0.448297	0.449505	0.443646	0.499514	0.488734	0.489208	0.499697	0.499512	0.500182	0.442	0.436164	0.43743	0.435336	0.444899	0.442443	0.489975	0.502817	0.503594	0.478382	0.481991	0.483059	0.485455	0.457287	0.458658	0.45571	0.454516	0.453607	0.474455	0.472559	0.477252	0.479533	0.477088	0.475023
ERR605963-k20-n1-x5e9	0.402275	0.403979	0.42235	0.427091	0.409826	0.411483	0.347895	0.347121	0.366161	0.487567	0.46321	0.47111	0.376707	0.36691	0.357292	0.364111	0.368044	0.365274	0.294908	0.296863	0.300632	0.259778	0.257525	0	0.351779	0.346438	0.355801	0.374817	0.372878	0.372162	0.407902	0.357354	0.352146	0.342588	0.34298	0.342113	0.337708	0.472938	0.350365	0.347348	0.346409	0.34638	0.346819	0.397421	0.40119	0.336171	0.334831	0.332842	0.489908	0.49112	0.491163	0.474489	0.474704	0.473844	0.471716	0.459822	0.463032	0.462894	0.464515	0.459394	0.454485	0.444849	0.448667	0.449706	0.451344	0.445062	0.502182	0.49148	0.491792	0.502219	0.502029	0.502697	0.444256	0.438329	0.439546	0.437185	0.447608	0.444756	0.492492	0.505422	0.506221	0.480798	0.484525	0.485476	0.485249	0.458234	0.459558	0.455657	0.454385	0.453063	0.476359	0.47424	0.479419	0.480481	0.478129	0.47619
ERR607421-k20-n1-x5e9	0.409246	0.40695	0.410408	0.415454	0.410098	0.410237	0.39506	0.394071	0.344126	0.548	0.519044	0.528475	0.442137	0.430166	0.415225	0.427036	0.4311	0.427328	0.341356	0.406108	0.410388	0.351241	0.353562	0.351779	0	0.25515	0.256411	0.359203	0.355867	0.353575	0.350214	0.324943	0.32799	0.336537	0.336652	0.338961	0.340392	0.424699	0.33707	0.335072	0.334642	0.334872	0.355208	0.455395	0.459551	0.381892	0.382027	0.379998	0.489275	0.496453	0.496923	0.458878	0.459588	0.460251	0.432313	0.44278	0.454672	0.456059	0.458868	0.442511	0.426945	0.439027	0.451526	0.452581	0.455058	0.439958	0.522028	0.497392	0.498776	0.522761	0.522899	0.523516	0.473985	0.462903	0.460854	0.458519	0.46883	0.465616	0.507614	0.529222	0.529847	0.487223	0.492267	0.494379	0.466726	0.486837	0.489331	0.464481	0.466328	0.464492	0.459039	0.465901	0.468643	0.451346	0.451843	0.45278
ERR607422-k20-n1-x5e9	0.409573	0.408635	0.414477	0.419984	0.412094	0.41254	0.385979	0.384893	0.34893	0.537425	0.508456	0.517863	0.432431	0.42106	0.407027	0.417741	0.421893	0.418106	0.340754	0.395247	0.399241	0.345735	0.347874	0.346438	0.25515	0	0.258584	0.345217	0.34185	0.339796	0.357742	0.324735	0.325615	0.330561	0.331242	0.332892	0.338307	0.435286	0.337873	0.336138	0.335086	0.335773	0.348788	0.442678	0.446854	0.370803	0.371385	0.369685	0.480281	0.486753	0.487515	0.451172	0.451678	0.452448	0.429937	0.435508	0.446226	0.447301	0.449822	0.435638	0.424758	0.432213	0.443437	0.444425	0.446582	0.433314	0.51174	0.487983	0.489111	0.512547	0.512508	0.513179	0.466303	0.456322	0.454543	0.452265	0.463393	0.460197	0.497002	0.51824	0.519127	0.47695	0.48153	0.483588	0.467395	0.478952	0.481362	0.461133	0.463093	0.461187	0.453403	0.458732	0.462035	0.448464	0.447691	0.448016
ERR607423-k20-n1-x5e9	0.407094	0.405508	0.40814	0.410137	0.408548	0.408482	0.40556	0.404506	0.345464	0.559925	0.531549	0.54063	0.452548	0.440305	0.425135	0.436903	0.441324	0.437351	0.346172	0.414578	0.418678	0.355349	0.357683	0.355801	0.256411	0.258584	0	0.372949	0.36938	0.367453	0.348606	0.325307	0.329647	0.341013	0.341131	0.344265	0.345881	0.418849	0.340798	0.336903	0.336832	0.337068	0.366046	0.466443	0.470518	0.391582	0.391681	0.389627	0.499901	0.506811	0.507516	0.466908	0.46756	0.468476	0.43982	0.451467	0.46417	0.465275	0.468223	0.451289	0.432764	0.446162	0.459523	0.460322	0.463122	0.447253	0.532669	0.508405	0.509707	0.533355	0.533512	0.533977	0.481235	0.469474	0.467269	0.464245	0.476499	0.472747	0.518456	0.539477	0.540494	0.498065	0.502631	0.50473	0.468897	0.491464	0.494162	0.466036	0.468095	0.466022	0.466302	0.473558	0.477226	0.455608	0.456341	0.457738
ERR607424-k20-n1-x5e9	0.482892	0.483946	0.505309	0.523549	0.490499	0.492196	0.332867	0.332893	0.440155	0.412948	0.38668	0.395618	0.35483	0.354481	0.356945	0.354852	0.354424	0.354343	0.396665	0.336321	0.336587	0.370788	0.372573	0.374817	0.359203	0.345217	0.372949	0	0.235368	0.235695	0.472864	0.410389	0.396602	0.367114	0.367874	0.361254	0.382947	0.56143	0.407328	0.41515	0.412678	0.412195	0.339283	0.325955	0.328229	0.314934	0.317355	0.318584	0.407898	0.40775	0.40791	0.421478	0.421108	0.419858	0.447435	0.407462	0.398822	0.399061	0.397467	0.408879	0.450597	0.416527	0.407451	0.410044	0.407375	0.417967	0.416166	0.406814	0.406351	0.41705	0.416806	0.417163	0.430717	0.436742	0.438642	0.443372	0.442318	0.44361	0.396425	0.412057	0.412459	0.385928	0.38837	0.389559	0.519659	0.455292	0.455044	0.489844	0.490338	0.491089	0.445492	0.434922	0.435773	0.475238	0.467949	0.462469
ERR607425-k20-n1-x5e9	0.480519	0.481614	0.502784	0.520603	0.488017	0.489579	0.332622	0.332725	0.437805	0.415818	0.389461	0.398333	0.355411	0.354667	0.356992	0.35509	0.3547	0.354433	0.394653	0.335748	0.336487	0.368932	0.370372	0.372878	0.355867	0.34185	0.36938	0.235368	0	0.235947	0.469692	0.407137	0.393368	0.364428	0.365161	0.358703	0.381193	0.558685	0.404965	0.412875	0.410149	0.409815	0.338261	0.327923	0.330289	0.314422	0.317006	0.318156	0.40809	0.408249	0.408352	0.420428	0.420046	0.418848	0.445628	0.406127	0.39795	0.397955	0.396598	0.407453	0.448242	0.414701	0.406139	0.408543	0.405847	0.416176	0.417193	0.4074	0.407043	0.418189	0.417871	0.41817	0.429906	0.435397	0.437075	0.441776	0.441505	0.442518	0.397486	0.413269	0.413843	0.386588	0.389152	0.390359	0.517306	0.453825	0.45364	0.487329	0.488003	0.488562	0.443966	0.433583	0.434541	0.473122	0.465846	0.460402
ERR607426-k20-n1-x5e9	0.479609	0.480825	0.50158	0.519588	0.487084	0.488709	0.332653	0.332702	0.435957	0.417748	0.390951	0.399969	0.3561	0.355295	0.356907	0.355575	0.35515	0.354874	0.393041	0.336538	0.337125	0.368084	0.369915	0.372162	0.353575	0.339796	0.367453	0.235695	0.235947	0	0.467662	0.405396	0.391884	0.363146	0.364103	0.357461	0.379	0.556455	0.402924	0.41086	0.408098	0.40755	0.337174	0.329774	0.332223	0.314734	0.317489	0.318454	0.408271	0.408627	0.408803	0.41986	0.419329	0.418279	0.444507	0.405793	0.397882	0.398166	0.396723	0.407162	0.447488	0.41467	0.406304	0.408929	0.406315	0.416115	0.418334	0.407871	0.407564	0.419204	0.41903	0.419485	0.430185	0.43541	0.437155	0.441682	0.441408	0.442467	0.39831	0.41453	0.415033	0.387152	0.389715	0.390944	0.516451	0.45458	0.454316	0.487189	0.488122	0.488502	0.443422	0.433167	0.434212	0.472188	0.46506	0.45949
ERR608377-k20-n1-x5e9	0.404131	0.398483	0.387985	0.393902	0.398245	0.397174	0.459095	0.458084	0.358855	0.598206	0.572726	0.580587	0.499812	0.48682	0.469935	0.483606	0.487715	0.483945	0.376643	0.474272	0.478937	0.40821	0.40985	0.407902	0.350214	0.357742	0.348606	0.472864	0.469692	0.467662	0	0.306119	0.319973	0.342005	0.341334	0.346497	0.3954	0.411297	0.380884	0.379317	0.379182	0.379134	0.415542	0.527616	0.531471	0.456043	0.45502	0.45367	0.568951	0.576061	0.57509	0.543867	0.544393	0.545087	0.497995	0.522086	0.535524	0.537091	0.539672	0.520618	0.481904	0.507432	0.523475	0.524219	0.527241	0.507697	0.595212	0.573855	0.576303	0.59622	0.596124	0.597046	0.538611	0.52562	0.522374	0.520601	0.526477	0.523351	0.580562	0.59984	0.598188	0.565441	0.570379	0.572282	0.496455	0.545299	0.548513	0.511627	0.513205	0.511276	0.522375	0.533436	0.534289	0.508657	0.511136	0.514014
ERR608378-k20-n1-x5e9	0.375623	0.376019	0.381797	0.385075	0.379706	0.380246	0.405708	0.405147	0.361183	0.545865	0.52059	0.528748	0.443205	0.43249	0.418777	0.428564	0.4329	0.428988	0.356201	0.408956	0.413205	0.355963	0.35925	0.357354	0.324943	0.324735	0.325307	0.410389	0.407137	0.405396	0.306119	0	0.264112	0.275034	0.275297	0.27931	0.365684	0.447899	0.36484	0.360622	0.360399	0.36026	0.379567	0.462497	0.465937	0.395143	0.396739	0.394848	0.528505	0.532046	0.532267	0.505952	0.50623	0.506479	0.481017	0.485132	0.494217	0.494345	0.496817	0.4849	0.460486	0.467135	0.478815	0.47861	0.481569	0.468062	0.548046	0.532681	0.532967	0.548814	0.548639	0.549385	0.49746	0.488713	0.486566	0.483771	0.497347	0.493864	0.530171	0.546416	0.546626	0.516508	0.519498	0.521007	0.486852	0.497332	0.499343	0.477769	0.479855	0.4784	0.489129	0.494285	0.498601	0.481526	0.480168	0.480858
ERR608379-k20-n1-x5e9	0.377748	0.379474	0.389476	0.39348	0.384231	0.385122	0.394909	0.394417	0.368695	0.531751	0.506805	0.515092	0.430415	0.420642	0.408227	0.416577	0.4208	0.41709	0.357734	0.395403	0.399248	0.350058	0.353605	0.352146	0.32799	0.325615	0.329647	0.396602	0.393368	0.391884	0.319973	0.264112	0	0.266243	0.266429	0.269642	0.363861	0.46155	0.367081	0.362906	0.362327	0.362474	0.374795	0.446704	0.449841	0.383133	0.385523	0.383603	0.518889	0.521276	0.521989	0.498326	0.498766	0.498712	0.4794	0.478028	0.485212	0.485042	0.48739	0.478152	0.459164	0.46005	0.47017	0.469723	0.472212	0.461458	0.536134	0.522757	0.522486	0.536845	0.536862	0.537337	0.489644	0.48252	0.48033	0.477744	0.49253	0.48932	0.517332	0.532455	0.533294	0.504496	0.506621	0.5081	0.488967	0.488495	0.490281	0.474469	0.476673	0.475515	0.483504	0.486676	0.492129	0.478805	0.47609	0.476402
ERR608380-k20-n1-x5e9	0.384247	0.385938	0.401453	0.410532	0.391646	0.392819	0.370774	0.370541	0.379334	0.498652	0.473628	0.481849	0.402391	0.394286	0.385062	0.391011	0.39445	0.391455	0.356388	0.36976	0.373115	0.340185	0.343139	0.342588	0.336537	0.330561	0.341013	0.367114	0.364428	0.363146	0.342005	0.275034	0.266243	0	0.255537	0.255468	0.360615	0.484858	0.37049	0.369201	0.367593	0.367442	0.358486	0.413709	0.416695	0.357561	0.360014	0.358517	0.497829	0.499237	0.499429	0.484696	0.484924	0.484586	0.472966	0.462927	0.467423	0.466933	0.468597	0.463213	0.45354	0.446683	0.453119	0.452936	0.454827	0.447422	0.510938	0.499718	0.499576	0.511538	0.511456	0.512021	0.472128	0.46741	0.46658	0.465228	0.47675	0.474423	0.490921	0.505331	0.505737	0.479845	0.482156	0.483346	0.489773	0.472392	0.474044	0.468994	0.470539	0.469773	0.472549	0.472808	0.477181	0.475217	0.471646	0.470463
ERR608381-k20-n1-x5e9	0.383411	0.385289	0.400581	0.409933	0.390828	0.392055	0.371499	0.37095	0.379	0.498483	0.473675	0.481758	0.40278	0.394461	0.385224	0.391336	0.394833	0.391612	0.356218	0.370587	0.374037	0.340782	0.343544	0.34298	0.336652	0.331242	0.341131	0.367874	0.365161	0.364103	0.341334	0.275297	0.266429	0.255537	0	0.256179	0.360277	0.484088	0.369757	0.368466	0.367346	0.367268	0.358332	0.414287	0.417162	0.358	0.360166	0.358843	0.498111	0.499578	0.499677	0.485369	0.485382	0.485107	0.473312	0.463932	0.468	0.467731	0.469248	0.463872	0.453927	0.447271	0.453693	0.45382	0.455533	0.448179	0.511246	0.499942	0.499897	0.511888	0.511817	0.512398	0.472373	0.467547	0.466724	0.465624	0.476697	0.47426	0.491196	0.505607	0.505914	0.480082	0.482462	0.483705	0.490162	0.473382	0.474816	0.469807	0.471524	0.470519	0.473104	0.473562	0.477747	0.475754	0.47213	0.471055
ERR608382-k20-n1-x5e9	0.388193	0.389822	0.405768	0.416516	0.395676	0.396838	0.365692	0.365631	0.381072	0.49093	0.466025	0.474091	0.396508	0.388558	0.380113	0.385815	0.38932	0.386421	0.356172	0.365999	0.369176	0.339614	0.342544	0.342113	0.338961	0.332892	0.344265	0.361254	0.358703	0.357461	0.346497	0.27931	0.269642	0.255468	0.256179	0	0.359746	0.489266	0.371097	0.370476	0.368967	0.368885	0.354902	0.407605	0.410532	0.353259	0.355631	0.354312	0.492446	0.493815	0.493731	0.481302	0.481411	0.481045	0.470688	0.459462	0.462857	0.462685	0.464095	0.459471	0.452448	0.443943	0.449618	0.449789	0.451261	0.444973	0.504922	0.494087	0.493689	0.505686	0.505514	0.506142	0.468103	0.463778	0.463384	0.462568	0.472618	0.470428	0.484924	0.499287	0.49947	0.474066	0.476376	0.477695	0.489915	0.470093	0.471587	0.468974	0.47036	0.469737	0.469981	0.469611	0.473746	0.474585	0.47095	0.469426
ERR605345-k20-n1-x5e9	0.429929	0.426949	0.43596	0.445719	0.430998	0.43136	0.348376	0.347159	0.334972	0.506842	0.476248	0.485832	0.383489	0.369899	0.354855	0.368051	0.371975	0.368376	0.328219	0.374957	0.379295	0.336902	0.336595	0.337708	0.340392	0.338307	0.345881	0.382947	0.381193	0.379	0.3954	0.365684	0.363861	0.360615	0.360277	0.359746	0	0.403973	0.261726	0.266447	0.26517	0.265076	0.319023	0.416531	0.421123	0.346073	0.345125	0.344216	0.483502	0.490754	0.490308	0.464394	0.464862	0.465217	0.452306	0.453106	0.459791	0.462272	0.463793	0.453417	0.455611	0.458916	0.465198	0.468017	0.468691	0.460179	0.510254	0.486142	0.487884	0.511385	0.511161	0.512429	0.44961	0.440067	0.439014	0.439893	0.442873	0.440929	0.50326	0.524385	0.523879	0.484529	0.490188	0.492223	0.491076	0.496564	0.498765	0.487224	0.487808	0.486934	0.475863	0.479443	0.479531	0.480047	0.479905	0.478697
ERR605346-k20-n1-x5e9	0.495608	0.489312	0.474273	0.469114	0.487822	0.486129	0.52854	0.527264	0.393025	0.677307	0.651479	0.659441	0.563168	0.548255	0.529119	0.545278	0.549936	0.545791	0.435088	0.547434	0.552141	0.474378	0.474616	0.472938	0.424699	0.435286	0.418849	0.56143	0.558685	0.556455	0.411297	0.447899	0.46155	0.484858	0.484088	0.489266	0.403973	0	0.377859	0.371775	0.374121	0.37366	0.479349	0.600563	0.604812	0.525578	0.524169	0.522186	0.623954	0.633589	0.633381	0.586091	0.58725	0.58862	0.542501	0.577347	0.593461	0.595831	0.599296	0.576262	0.540732	0.574996	0.591955	0.593391	0.596635	0.575574	0.658697	0.631445	0.633961	0.659763	0.659766	0.660713	0.58039	0.562054	0.558657	0.554979	0.561585	0.557506	0.654966	0.675757	0.675257	0.634712	0.640415	0.642492	0.540544	0.612527	0.61598	0.567399	0.568741	0.566111	0.58018	0.594313	0.59473	0.558752	0.56447	0.56844
ERR605347-k20-n1-x5e9	0.431166	0.426669	0.429356	0.438717	0.4292	0.4291	0.371272	0.370133	0.322937	0.532957	0.502361	0.511817	0.409292	0.394662	0.376474	0.391849	0.396336	0.392318	0.326705	0.399945	0.404694	0.350211	0.349973	0.350365	0.33707	0.337873	0.340798	0.407328	0.404965	0.402924	0.380884	0.36484	0.367081	0.37049	0.369757	0.371097	0.261726	0.377859	0	0.261902	0.261056	0.260609	0.33118	0.44556	0.450334	0.371439	0.369823	0.36886	0.499197	0.507824	0.507383	0.475387	0.475939	0.476479	0.453361	0.464326	0.47399	0.476838	0.478701	0.464435	0.45694	0.469296	0.478941	0.48175	0.482669	0.47032	0.530309	0.503409	0.505866	0.531438	0.531336	0.53241	0.464723	0.452723	0.450234	0.450602	0.453444	0.451007	0.523555	0.54603	0.545134	0.503746	0.509929	0.512023	0.486719	0.510772	0.513315	0.492942	0.49384	0.492428	0.482796	0.489956	0.489309	0.481916	0.483131	0.483123
ERR605348-k20-n1-x5e9	0.424353	0.421409	0.424966	0.429735	0.424441	0.424422	0.379879	0.378822	0.324862	0.54307	0.513311	0.522772	0.417008	0.402656	0.384905	0.399335	0.403862	0.399659	0.331928	0.402397	0.406977	0.347302	0.347693	0.347348	0.335072	0.336138	0.336903	0.41515	0.412875	0.41086	0.379317	0.360622	0.362906	0.369201	0.368466	0.370476	0.266447	0.371775	0.261902	0	0.258566	0.259056	0.343546	0.452456	0.457043	0.375994	0.375488	0.373826	0.509371	0.516971	0.516952	0.482088	0.482392	0.483191	0.461275	0.471468	0.481287	0.483408	0.485854	0.471307	0.461588	0.473173	0.483401	0.485504	0.487127	0.47428	0.538677	0.513513	0.515346	0.539695	0.539518	0.540542	0.46889	0.456491	0.454289	0.452528	0.46041	0.457362	0.532092	0.553322	0.553185	0.512273	0.517908	0.519838	0.48863	0.510219	0.512601	0.489521	0.490663	0.488934	0.488517	0.495115	0.496223	0.483804	0.485135	0.485334
ERR605349-k20-n1-x5e9	0.424292	0.421336	0.425182	0.43037	0.424102	0.42411	0.377248	0.37604	0.3249	0.540283	0.510266	0.519719	0.414356	0.399984	0.382102	0.39657	0.401269	0.397026	0.330443	0.400499	0.405079	0.346544	0.34671	0.346409	0.334642	0.335086	0.336832	0.412678	0.410149	0.408098	0.379182	0.360399	0.362327	0.367593	0.367346	0.368967	0.26517	0.374121	0.261056	0.258566	0	0.25826	0.340407	0.44969	0.454292	0.37378	0.372884	0.371361	0.507241	0.514948	0.51482	0.480338	0.480987	0.481684	0.46001	0.469907	0.47971	0.481869	0.483959	0.469661	0.460524	0.472048	0.482071	0.484093	0.485687	0.472959	0.536832	0.51138	0.513328	0.537689	0.537573	0.538709	0.467883	0.455766	0.453628	0.452185	0.459404	0.456293	0.530007	0.551376	0.551168	0.510303	0.515971	0.517997	0.488862	0.509996	0.512549	0.490172	0.491292	0.489662	0.487135	0.493648	0.494543	0.48301	0.484363	0.484452
ERR605350-k20-n1-x5e9	0.423998	0.420771	0.424601	0.430096	0.423704	0.423646	0.376635	0.375538	0.323969	0.539299	0.509338	0.518794	0.413948	0.399696	0.381984	0.396383	0.401016	0.397019	0.329691	0.400206	0.404883	0.346314	0.346719	0.34638	0.334872	0.335773	0.337068	0.412195	0.409815	0.40755	0.379134	0.36026	0.362474	0.367442	0.367268	0.368885	0.265076	0.37366	0.260609	0.259056	0.25826	0	0.340281	0.449206	0.453671	0.373598	0.372756	0.371456	0.505782	0.51346	0.513449	0.479502	0.480244	0.48083	0.458904	0.468843	0.478596	0.480751	0.482929	0.468726	0.459566	0.471197	0.481059	0.483136	0.484822	0.472224	0.53546	0.510066	0.511943	0.536407	0.536258	0.537294	0.466838	0.454611	0.452318	0.451399	0.45788	0.455038	0.528755	0.550097	0.549859	0.50899	0.514668	0.516609	0.487511	0.508999	0.511377	0.489009	0.490039	0.488575	0.486239	0.492689	0.493444	0.48229	0.483523	0.483894
ERR605952-k20-n1-x5e9	0.454944	0.45065	0.461431	0.482653	0.454801	0.45516	0.335707	0.334638	0.373933	0.462144	0.432084	0.441256	0.366158	0.355931	0.34567	0.355129	0.357119	0.355519	0.331665	0.354116	0.35731	0.346082	0.344884	0.346819	0.355208	0.348788	0.366046	0.339283	0.338261	0.337174	0.415542	0.379567	0.374795	0.358486	0.358332	0.354902	0.319023	0.479349	0.33118	0.343546	0.340407	0.340281	0	0.344196	0.349004	0.285371	0.282081	0.28267	0.455612	0.46323	0.461678	0.451156	0.451235	0.45107	0.442934	0.436106	0.439085	0.441853	0.442061	0.435613	0.448416	0.444239	0.446309	0.449922	0.448607	0.445023	0.480484	0.45758	0.460549	0.481639	0.481427	0.482525	0.443928	0.438626	0.438369	0.443406	0.43432	0.434713	0.468088	0.489196	0.486447	0.453435	0.459686	0.461786	0.494186	0.487238	0.489168	0.493418	0.492839	0.492662	0.463576	0.463755	0.460968	0.481117	0.479209	0.476277
