	ERR609175-k20-n1-x5e9	ERR609176-k20-n1-x5e9	ERR609177-k20-n1-x5e9	ERR609178-k20-n1-x5e9	ERR609179-k20-n1-x5e9	ERR609180-k20-n1-x5e9	ERR609119-k20-n1-x5e9	ERR609120-k20-n1-x5e9	ERR609121-k20-n1-x5e9	ERR609122-k20-n1-x5e9	ERR609123-k20-n1-x5e9	ERR609124-k20-n1-x5e9	ERR610175-k20-n1-x5e9	ERR610176-k20-n1-x5e9	ERR610177-k20-n1-x5e9	ERR610178-k20-n1-x5e9	ERR610179-k20-n1-x5e9	ERR610180-k20-n1-x5e9	ERR610075-k20-n1-x5e9	ERR610076-k20-n1-x5e9	ERR610077-k20-n1-x5e9	ERR610078-k20-n1-x5e9	ERR610079-k20-n1-x5e9	ERR610080-k20-n1-x5e9	ERR607236-k20-n1-x5e9	ERR607237-k20-n1-x5e9	ERR607238-k20-n1-x5e9	ERR607239-k20-n1-x5e9	ERR607240-k20-n1-x5e9	ERR607241-k20-n1-x5e9	ERR605878-k20-n1-x5e9	ERR605879-k20-n1-x5e9	ERR605880-k20-n1-x5e9	ERR605881-k20-n1-x5e9	ERR605882-k20-n1-x5e9	ERR605883-k20-n1-x5e9	ERR608713-k20-n1-x5e9	ERR608714-k20-n1-x5e9	ERR608715-k20-n1-x5e9	ERR608716-k20-n1-x5e9	ERR608717-k20-n1-x5e9	ERR608718-k20-n1-x5e9	ERR605952-k20-n1-x5e9	ERR605953-k20-n1-x5e9	ERR605954-k20-n1-x5e9	ERR605955-k20-n1-x5e9	ERR605956-k20-n1-x5e9	ERR605957-k20-n1-x5e9	ERR607781-k20-n1-x5e9	ERR607782-k20-n1-x5e9	ERR607783-k20-n1-x5e9	ERR607784-k20-n1-x5e9	ERR607785-k20-n1-x5e9	ERR607786-k20-n1-x5e9	ERR607925-k20-n1-x5e9	ERR607926-k20-n1-x5e9	ERR607927-k20-n1-x5e9	ERR607928-k20-n1-x5e9	ERR607929-k20-n1-x5e9	ERR607930-k20-n1-x5e9	ERR608389-k20-n1-x5e9	ERR608390-k20-n1-x5e9	ERR608391-k20-n1-x5e9	ERR608392-k20-n1-x5e9	ERR608393-k20-n1-x5e9	ERR608394-k20-n1-x5e9	ERR610235-k20-n1-x5e9	ERR610236-k20-n1-x5e9	ERR610237-k20-n1-x5e9	ERR610238-k20-n1-x5e9	ERR610239-k20-n1-x5e9	ERR610240-k20-n1-x5e9	ERR606654-k20-n1-x5e9	ERR606655-k20-n1-x5e9	ERR606656-k20-n1-x5e9	ERR606657-k20-n1-x5e9	ERR606658-k20-n1-x5e9	ERR606659-k20-n1-x5e9	ERR606666-k20-n1-x5e9	ERR606667-k20-n1-x5e9	ERR606668-k20-n1-x5e9	ERR606669-k20-n1-x5e9	ERR606670-k20-n1-x5e9	ERR606671-k20-n1-x5e9	ERR606000-k20-n1-x5e9	ERR606001-k20-n1-x5e9	ERR606002-k20-n1-x5e9	ERR606003-k20-n1-x5e9	ERR606004-k20-n1-x5e9	ERR606005-k20-n1-x5e9	ERR605689-k20-n1-x5e9	ERR605690-k20-n1-x5e9	ERR605691-k20-n1-x5e9	ERR605692-k20-n1-x5e9	ERR605693-k20-n1-x5e9	ERR605694-k20-n1-x5e9
ERR609175-k20-n1-x5e9	0	0.253003	0.25784	0.277967	0.257804	0.258426	0.354466	0.333886	0.335552	0.363487	0.360402	0.344117	0.38842	0.486022	0.393197	0.372234	0.373297	0.373282	0.386447	0.333566	0.572037	0.318953	0.336225	0.33515	0.368112	0.31804	0.417259	0.319507	0.322043	0.474216	0.51113	0.52612	0.398229	0.399192	0.395702	0.393798	0.333942	0.373585	0.38517	0.370619	0.370023	0.369139	0.315506	0.400126	0.404627	0.335345	0.335426	0.33465	0.472364	0.477426	0.473414	0.481613	0.473261	0.474969	0.560984	0.499729	0.711405	0.524649	0.517931	0.519998	0.438809	0.435652	0.440241	0.443081	0.443226	0.437134	0.479989	0.54827	0.483791	0.472232	0.472855	0.473748	0.55803	0.478041	0.475116	0.478837	0.475334	0.47379	0.547884	0.457726	0.455394	0.455357	0.464797	0.463167	0.436342	0.450376	0.452221	0.433479	0.433537	0.433926	0.475984	0.467858	0.463603	0.468717	0.464174	0.461519
ERR609176-k20-n1-x5e9	0.253003	0	0.256132	0.277342	0.257638	0.257935	0.3574	0.334436	0.337712	0.366522	0.363326	0.346262	0.392956	0.485302	0.396716	0.376097	0.376943	0.377068	0.385572	0.335227	0.5699	0.3204	0.333809	0.332626	0.364688	0.319406	0.415536	0.319642	0.321752	0.472135	0.511788	0.526031	0.401161	0.401065	0.397796	0.395095	0.332481	0.375557	0.387435	0.372459	0.371666	0.370851	0.313887	0.402182	0.406691	0.33727	0.336445	0.33553	0.473037	0.476795	0.47426	0.481146	0.473597	0.475354	0.558624	0.498862	0.710558	0.523054	0.516416	0.518439	0.438752	0.437108	0.442402	0.445502	0.445414	0.43868	0.482999	0.547629	0.485755	0.474944	0.475672	0.476608	0.554182	0.477504	0.474433	0.476499	0.474	0.472154	0.544432	0.457294	0.454581	0.454143	0.464045	0.462326	0.434671	0.451853	0.453832	0.434074	0.43388	0.434219	0.479026	0.470485	0.466029	0.471591	0.464581	0.462354
ERR609177-k20-n1-x5e9	0.25784	0.256132	0	0.276316	0.261671	0.261095	0.372727	0.337886	0.349864	0.38285	0.37928	0.36012	0.404265	0.47862	0.403586	0.386805	0.386101	0.387384	0.379647	0.345021	0.560032	0.326111	0.330092	0.329557	0.354735	0.3313	0.411226	0.324967	0.326733	0.465395	0.509936	0.523005	0.410523	0.408406	0.404822	0.401331	0.33045	0.385276	0.398236	0.38252	0.381475	0.380406	0.314542	0.416971	0.421766	0.349983	0.348616	0.348046	0.475174	0.474235	0.476179	0.478544	0.474625	0.47634	0.548136	0.493784	0.704649	0.515569	0.509308	0.511329	0.436299	0.441432	0.448332	0.451729	0.451817	0.442827	0.4893	0.541635	0.489004	0.481151	0.481717	0.482975	0.541351	0.479388	0.475906	0.470634	0.472996	0.469917	0.530684	0.457794	0.45456	0.45094	0.463781	0.461671	0.431599	0.461002	0.463294	0.439274	0.438957	0.439384	0.489291	0.479656	0.474384	0.479496	0.465849	0.464926
ERR609178-k20-n1-x5e9	0.277967	0.277342	0.276316	0	0.289205	0.287089	0.401984	0.315286	0.380524	0.411171	0.407928	0.389049	0.38277	0.431013	0.370167	0.374019	0.368615	0.374416	0.341612	0.372603	0.519287	0.341467	0.350243	0.351208	0.338943	0.34852	0.366813	0.316301	0.315573	0.420607	0.46015	0.473648	0.395146	0.394152	0.392118	0.390779	0.366378	0.429694	0.441642	0.42563	0.424989	0.424398	0.349375	0.457181	0.461701	0.380672	0.380288	0.378226	0.511304	0.510985	0.512298	0.513635	0.512079	0.513656	0.554904	0.508092	0.692623	0.521364	0.515978	0.517832	0.445475	0.457659	0.46938	0.471147	0.473108	0.459251	0.485329	0.518486	0.477001	0.490355	0.490999	0.492731	0.562092	0.517594	0.513251	0.493429	0.510521	0.505304	0.549935	0.496497	0.492578	0.487344	0.50536	0.502553	0.445698	0.483931	0.486493	0.448947	0.449305	0.448394	0.498825	0.486262	0.479307	0.476265	0.4584	0.458963
ERR609179-k20-n1-x5e9	0.257804	0.257638	0.261671	0.289205	0	0.255128	0.353292	0.345148	0.334346	0.362297	0.359355	0.342362	0.400339	0.499459	0.406968	0.381607	0.383939	0.382723	0.399876	0.334396	0.583188	0.323112	0.337491	0.335828	0.375939	0.320832	0.429999	0.32767	0.330517	0.485975	0.52506	0.539532	0.407491	0.407624	0.403924	0.401442	0.331067	0.36802	0.379734	0.365252	0.364404	0.363663	0.313414	0.394804	0.399233	0.334078	0.333445	0.332981	0.468125	0.472689	0.469197	0.477172	0.468463	0.470052	0.562023	0.500478	0.716243	0.526653	0.519785	0.522014	0.441572	0.437082	0.440812	0.444001	0.443762	0.438294	0.486812	0.556352	0.491689	0.4756	0.476187	0.476953	0.554934	0.472258	0.469541	0.476576	0.469747	0.468629	0.545703	0.45225	0.450307	0.450524	0.458525	0.456961	0.436529	0.449113	0.451258	0.435452	0.435181	0.435919	0.478704	0.471386	0.467265	0.474433	0.470236	0.467396
ERR609180-k20-n1-x5e9	0.258426	0.257935	0.261095	0.287089	0.255128	0	0.357124	0.343498	0.337556	0.366229	0.36308	0.34588	0.400751	0.495329	0.405929	0.382411	0.383954	0.383339	0.395892	0.336349	0.578665	0.324017	0.336283	0.334797	0.372698	0.323197	0.426462	0.327163	0.32989	0.482172	0.521922	0.535833	0.407532	0.407044	0.403472	0.400878	0.331836	0.371601	0.383673	0.368939	0.368415	0.367295	0.314412	0.3991	0.403672	0.337341	0.336508	0.336087	0.470284	0.474084	0.471291	0.478425	0.470222	0.471958	0.560104	0.499685	0.714421	0.524842	0.518126	0.520258	0.441218	0.438556	0.442865	0.446124	0.445593	0.439668	0.487258	0.553738	0.491226	0.476752	0.477483	0.478271	0.553961	0.474276	0.471385	0.476568	0.471136	0.469784	0.544252	0.454051	0.451683	0.45149	0.460144	0.458551	0.436708	0.451756	0.453642	0.436478	0.436291	0.436743	0.480542	0.47281	0.468621	0.475337	0.46941	0.466768
ERR609119-k20-n1-x5e9	0.354466	0.3574	0.372727	0.401984	0.353292	0.357124	0	0.363118	0.252186	0.246654	0.246326	0.2495	0.418601	0.578742	0.448976	0.402498	0.41246	0.403153	0.480948	0.332816	0.661037	0.353477	0.396005	0.391311	0.472312	0.342247	0.51617	0.38847	0.392742	0.571982	0.588046	0.605242	0.428842	0.434592	0.43292	0.432178	0.385756	0.350451	0.351739	0.348575	0.348996	0.349146	0.368914	0.34326	0.345557	0.329433	0.33204	0.331879	0.47828	0.506014	0.47937	0.512926	0.482545	0.483075	0.625877	0.548782	0.766022	0.585517	0.57751	0.579557	0.485313	0.452385	0.443967	0.446002	0.444338	0.453873	0.497883	0.616208	0.520219	0.478056	0.478294	0.477935	0.62046	0.475585	0.476122	0.523791	0.488895	0.494983	0.617438	0.467095	0.469482	0.4843	0.472843	0.474322	0.475946	0.421695	0.42177	0.442693	0.443024	0.444128	0.456808	0.459036	0.461228	0.474143	0.503101	0.495059
ERR609120-k20-n1-x5e9	0.333886	0.334436	0.337886	0.315286	0.345148	0.343498	0.363118	0	0.343096	0.372576	0.369255	0.350773	0.38021	0.438149	0.369178	0.374882	0.370559	0.375251	0.349853	0.379405	0.526886	0.349874	0.367075	0.367493	0.366359	0.362138	0.378353	0.330779	0.329007	0.431817	0.45719	0.471888	0.39227	0.392058	0.390823	0.390766	0.398352	0.448455	0.458844	0.444158	0.443714	0.443224	0.380425	0.469322	0.47348	0.395769	0.396189	0.393582	0.537922	0.544851	0.539119	0.547657	0.53996	0.541103	0.584153	0.535676	0.707976	0.550012	0.543885	0.545562	0.466987	0.474561	0.484937	0.485908	0.488746	0.475555	0.491716	0.531943	0.485517	0.500118	0.500458	0.502172	0.593354	0.538467	0.534406	0.517379	0.533823	0.529207	0.583967	0.521742	0.518406	0.514975	0.530747	0.528587	0.457882	0.485457	0.487721	0.449657	0.449841	0.448588	0.49989	0.488019	0.482288	0.476704	0.464392	0.464243
ERR609121-k20-n1-x5e9	0.335552	0.337712	0.349864	0.380524	0.334346	0.337556	0.252186	0.343096	0	0.2572	0.255612	0.249499	0.414115	0.559492	0.438509	0.396024	0.404462	0.3971	0.459185	0.324878	0.641373	0.338472	0.37381	0.369445	0.447746	0.332716	0.496186	0.371464	0.375617	0.552301	0.573163	0.589354	0.420923	0.424346	0.422156	0.420762	0.367148	0.350015	0.35503	0.348071	0.348141	0.347806	0.35021	0.35376	0.357017	0.325924	0.327435	0.327255	0.473491	0.495402	0.474652	0.502239	0.47633	0.477152	0.608105	0.534498	0.753624	0.569323	0.561371	0.563469	0.471214	0.445392	0.440034	0.442713	0.441419	0.446767	0.494195	0.600791	0.512188	0.475567	0.476088	0.475965	0.600595	0.469222	0.468837	0.50717	0.478297	0.482829	0.596623	0.45819	0.459559	0.470592	0.463616	0.464487	0.459463	0.422984	0.423729	0.434242	0.434441	0.435464	0.45987	0.458934	0.459744	0.471453	0.491387	0.484538
ERR609122-k20-n1-x5e9	0.363487	0.366522	0.38285	0.411171	0.362297	0.366229	0.246654	0.372576	0.2572	0	0.243811	0.250427	0.420325	0.585563	0.452903	0.404954	0.415531	0.405693	0.490158	0.337965	0.668788	0.360584	0.405194	0.400415	0.482059	0.347289	0.524352	0.3955	0.400003	0.579695	0.593925	0.611351	0.431853	0.438332	0.436967	0.436516	0.39465	0.353324	0.353139	0.351388	0.351921	0.352362	0.376945	0.340347	0.342213	0.332269	0.335415	0.334988	0.481959	0.512088	0.482955	0.519046	0.486736	0.487076	0.633346	0.555024	0.771158	0.592141	0.584013	0.586034	0.490918	0.455335	0.445827	0.447447	0.445657	0.456674	0.498973	0.621557	0.522979	0.478909	0.479346	0.478917	0.629348	0.479219	0.480213	0.531507	0.494582	0.501521	0.626306	0.471768	0.474593	0.490757	0.477649	0.479522	0.482457	0.421971	0.421708	0.446152	0.446575	0.44761	0.455506	0.458467	0.46125	0.474357	0.506833	0.498395
ERR609123-k20-n1-x5e9	0.360402	0.363326	0.37928	0.407928	0.359355	0.36308	0.246326	0.369255	0.255612	0.243811	0	0.249492	0.4186	0.582485	0.450607	0.403156	0.413533	0.40376	0.486803	0.335725	0.665892	0.357531	0.401784	0.396947	0.47864	0.345252	0.521033	0.392555	0.397035	0.57674	0.591327	0.608642	0.429752	0.436095	0.434686	0.434335	0.391976	0.352439	0.352373	0.350296	0.35082	0.351186	0.373916	0.340798	0.342754	0.330777	0.333667	0.333441	0.481234	0.510646	0.48218	0.517634	0.485783	0.486179	0.631263	0.553491	0.769538	0.590539	0.582254	0.584278	0.489407	0.454556	0.445369	0.44712	0.445456	0.455939	0.498382	0.619474	0.521871	0.478481	0.478851	0.478378	0.62712	0.478418	0.479244	0.529555	0.493339	0.500124	0.623927	0.470801	0.473459	0.489249	0.476492	0.4784	0.480652	0.421917	0.421592	0.44501	0.445326	0.446323	0.455564	0.4582	0.460855	0.473774	0.505326	0.49698
ERR609124-k20-n1-x5e9	0.344117	0.346262	0.36012	0.389049	0.342362	0.34588	0.2495	0.350773	0.249499	0.250427	0.249492	0	0.413991	0.565895	0.44094	0.396831	0.405889	0.397738	0.467499	0.328034	0.649001	0.34422	0.381538	0.377148	0.457653	0.335758	0.503096	0.376312	0.380423	0.558838	0.577537	0.594212	0.421903	0.425827	0.423835	0.422849	0.376604	0.352318	0.355677	0.350013	0.350174	0.350204	0.357987	0.349216	0.352373	0.325777	0.327336	0.326927	0.478627	0.503334	0.479777	0.510175	0.481904	0.482478	0.617339	0.542307	0.759382	0.577266	0.569349	0.571418	0.477756	0.449314	0.442847	0.44506	0.443634	0.450173	0.49565	0.606706	0.515477	0.476839	0.477073	0.477016	0.611485	0.474268	0.474156	0.516029	0.485217	0.490348	0.607868	0.464607	0.466338	0.478716	0.470085	0.471268	0.466926	0.422348	0.422844	0.43696	0.436727	0.437904	0.457613	0.457823	0.459264	0.471132	0.494794	0.48739
ERR610175-k20-n1-x5e9	0.38842	0.392956	0.404265	0.38277	0.400339	0.400751	0.418601	0.38021	0.414115	0.420325	0.4186	0.413991	0	0.427294	0.276413	0.264832	0.263814	0.264185	0.416529	0.404513	0.585572	0.38701	0.42979	0.429271	0.44387	0.3856	0.440435	0.373533	0.374357	0.490817	0.449823	0.472067	0.33058	0.34098	0.342319	0.346772	0.439408	0.452881	0.455818	0.44799	0.44903	0.449616	0.427809	0.456389	0.458809	0.404981	0.410121	0.407595	0.580877	0.608155	0.581755	0.613563	0.586429	0.586373	0.640357	0.583658	0.745957	0.603044	0.596336	0.598342	0.502926	0.49122	0.498154	0.495295	0.498917	0.492479	0.472007	0.555483	0.477208	0.483796	0.483965	0.484749	0.691958	0.595621	0.595681	0.609293	0.606019	0.608005	0.67854	0.581592	0.582681	0.590732	0.590456	0.591238	0.537409	0.517331	0.518039	0.504327	0.506916	0.50608	0.471651	0.464841	0.460136	0.451882	0.468526	0.465106
ERR610176-k20-n1-x5e9	0.486022	0.485302	0.47862	0.431013	0.499459	0.495329	0.578742	0.438149	0.559492	0.585563	0.582485	0.565895	0.427294	0	0.379996	0.433853	0.419012	0.433049	0.391101	0.543266	0.439336	0.502549	0.497557	0.501504	0.42507	0.51901	0.380352	0.458011	0.452684	0.383389	0.352826	0.355538	0.448657	0.443188	0.443781	0.445058	0.528497	0.603863	0.61395	0.599522	0.59932	0.598707	0.522311	0.626374	0.629899	0.554994	0.554355	0.552121	0.678147	0.679946	0.679032	0.682271	0.678562	0.679493	0.634824	0.625544	0.703172	0.617513	0.615566	0.616774	0.559149	0.591313	0.6107	0.609577	0.61434	0.591712	0.575342	0.514479	0.548037	0.599723	0.600104	0.602544	0.694022	0.688891	0.685193	0.650053	0.682497	0.676518	0.674446	0.669351	0.665997	0.658079	0.676816	0.67476	0.584262	0.639336	0.641868	0.591809	0.592488	0.590788	0.605116	0.588551	0.579513	0.562568	0.525607	0.532436
ERR610177-k20-n1-x5e9	0.393197	0.396716	0.403586	0.370167	0.406968	0.405929	0.448976	0.369178	0.438509	0.452903	0.450607	0.44094	0.276413	0.379996	0	0.284221	0.276097	0.283625	0.386892	0.426443	0.546513	0.398253	0.430128	0.430978	0.422225	0.402991	0.407185	0.371542	0.369915	0.453941	0.407882	0.428898	0.335366	0.341597	0.343519	0.347483	0.44662	0.482734	0.488682	0.477865	0.478281	0.478517	0.436113	0.493633	0.496648	0.430901	0.434293	0.431599	0.597962	0.618819	0.599003	0.623317	0.602382	0.602736	0.632806	0.5847	0.731582	0.597896	0.591899	0.593921	0.504197	0.504897	0.516413	0.513749	0.518092	0.506008	0.484839	0.534629	0.47928	0.502491	0.502685	0.504102	0.687998	0.61228	0.611198	0.611092	0.617982	0.617608	0.673275	0.596402	0.596162	0.600026	0.60537	0.605338	0.538336	0.539315	0.540575	0.514064	0.516327	0.514992	0.495437	0.484702	0.478473	0.466271	0.467384	0.46685
ERR610178-k20-n1-x5e9	0.372234	0.376097	0.386805	0.374019	0.381607	0.382411	0.402498	0.374882	0.396024	0.404954	0.403156	0.396831	0.264832	0.433853	0.284221	0	0.260915	0.258966	0.414938	0.38613	0.588397	0.370925	0.409475	0.408617	0.432953	0.370858	0.442034	0.364548	0.365534	0.493882	0.459901	0.481106	0.327225	0.335546	0.33559	0.338676	0.417157	0.43146	0.4355	0.426771	0.427655	0.428061	0.406231	0.437444	0.440069	0.387497	0.39172	0.38974	0.563971	0.590326	0.56491	0.596423	0.56845	0.568552	0.626477	0.569129	0.742029	0.589864	0.582821	0.585086	0.489308	0.477991	0.484367	0.482214	0.485088	0.4789	0.468284	0.554	0.474775	0.474363	0.474707	0.475198	0.674444	0.577046	0.577238	0.593227	0.586991	0.589282	0.660962	0.562451	0.563608	0.571589	0.570204	0.571117	0.523203	0.504754	0.505538	0.493869	0.496228	0.495763	0.461324	0.45458	0.450496	0.445323	0.460134	0.456431
ERR610179-k20-n1-x5e9	0.373297	0.376943	0.386101	0.368615	0.383939	0.383954	0.41246	0.370559	0.404462	0.415531	0.413533	0.405889	0.263814	0.419012	0.276097	0.260915	0	0.260739	0.404926	0.392919	0.576723	0.374036	0.410184	0.410075	0.425746	0.375554	0.430566	0.36198	0.362498	0.481861	0.447095	0.468197	0.327005	0.334576	0.335313	0.338324	0.420357	0.441504	0.446082	0.43684	0.437677	0.437898	0.409326	0.449433	0.452104	0.395367	0.399421	0.397204	0.569687	0.594127	0.570511	0.599818	0.573948	0.574264	0.624523	0.569698	0.737401	0.588508	0.58187	0.583905	0.489937	0.482356	0.490119	0.488019	0.491209	0.483217	0.470123	0.546782	0.473262	0.478933	0.478999	0.479975	0.673681	0.583136	0.582995	0.594267	0.591762	0.593259	0.659738	0.567775	0.568461	0.575229	0.575881	0.57651	0.523767	0.511296	0.512131	0.496531	0.498673	0.498262	0.468568	0.460599	0.455639	0.448949	0.459543	0.456677
ERR610180-k20-n1-x5e9	0.373282	0.377068	0.387384	0.374416	0.382723	0.383339	0.403153	0.375251	0.3971	0.405693	0.40376	0.397738	0.264185	0.433049	0.283625	0.258966	0.260739	0	0.414999	0.386947	0.588051	0.371669	0.410404	0.409652	0.433301	0.37174	0.441733	0.364934	0.366035	0.493787	0.458812	0.480531	0.327052	0.335247	0.335612	0.338677	0.418195	0.432676	0.436503	0.428058	0.428913	0.429158	0.407297	0.438339	0.44084	0.388353	0.392843	0.390681	0.56528	0.59177	0.566051	0.597779	0.569781	0.569859	0.627131	0.569913	0.74234	0.590573	0.583813	0.585825	0.489892	0.478696	0.485125	0.483044	0.485852	0.479645	0.468536	0.553793	0.474964	0.474943	0.474986	0.475775	0.675312	0.578155	0.578421	0.594265	0.588217	0.590542	0.661712	0.563615	0.564713	0.572831	0.571355	0.572379	0.523984	0.50539	0.505983	0.494667	0.496936	0.496408	0.461918	0.45516	0.450895	0.445746	0.460488	0.456915
ERR610075-k20-n1-x5e9	0.386447	0.385572	0.379647	0.341612	0.399876	0.395892	0.480948	0.349853	0.459185	0.490158	0.486803	0.467499	0.416529	0.391101	0.386892	0.414938	0.404926	0.414999	0	0.404582	0.436685	0.35949	0.355343	0.358481	0.358395	0.423965	0.349233	0.370048	0.366535	0.388113	0.418185	0.428201	0.418517	0.414489	0.413039	0.412326	0.432652	0.508174	0.519923	0.504136	0.503372	0.502705	0.429996	0.542461	0.546574	0.465244	0.46411	0.461871	0.584061	0.58182	0.585304	0.584024	0.584541	0.586097	0.580402	0.55451	0.693936	0.554442	0.550825	0.552215	0.49154	0.517589	0.533999	0.534864	0.538535	0.518113	0.523463	0.510102	0.503942	0.539422	0.540062	0.54216	0.605833	0.591976	0.587076	0.549432	0.581708	0.574566	0.590958	0.571089	0.566463	0.557068	0.579086	0.57598	0.503272	0.557689	0.560336	0.512319	0.51171	0.510461	0.544628	0.528731	0.520812	0.510179	0.476148	0.480353
ERR610076-k20-n1-x5e9	0.333566	0.335227	0.345021	0.372603	0.334396	0.336349	0.332816	0.379405	0.324878	0.337965	0.335725	0.328034	0.404513	0.543266	0.426443	0.38613	0.392919	0.386947	0.404582	0	0.605122	0.26525	0.306774	0.302207	0.434571	0.330664	0.480939	0.361432	0.365986	0.53743	0.554321	0.570229	0.401868	0.405194	0.402247	0.399992	0.350417	0.344351	0.350497	0.342335	0.341839	0.341615	0.347686	0.367501	0.370675	0.332373	0.331943	0.33247	0.477647	0.497201	0.479006	0.504605	0.480308	0.481404	0.603416	0.533763	0.749173	0.565344	0.557809	0.560087	0.468928	0.448569	0.445488	0.448265	0.447149	0.449393	0.491599	0.590909	0.506947	0.473747	0.475046	0.474904	0.608315	0.483348	0.483352	0.518156	0.491986	0.496424	0.600325	0.468654	0.470056	0.480274	0.473379	0.474266	0.47901	0.453462	0.453971	0.459706	0.459101	0.460306	0.45786	0.45505	0.454636	0.465855	0.479426	0.473404
ERR610077-k20-n1-x5e9	0.572037	0.5699	0.560032	0.519287	0.583188	0.578665	0.661037	0.526886	0.641373	0.668788	0.665892	0.649001	0.585572	0.439336	0.546513	0.588397	0.576723	0.588051	0.436685	0.605122	0	0.565262	0.544722	0.549168	0.494939	0.609149	0.453653	0.552269	0.547835	0.42844	0.479925	0.47124	0.584081	0.578076	0.577623	0.576932	0.605908	0.681593	0.692103	0.678146	0.677462	0.676753	0.605297	0.711503	0.714859	0.64516	0.643532	0.641695	0.721269	0.710368	0.722062	0.71021	0.720232	0.721654	0.650507	0.667699	0.68462	0.648248	0.649228	0.649341	0.623315	0.662337	0.680805	0.681315	0.68533	0.662564	0.658592	0.563105	0.629394	0.679982	0.680361	0.682806	0.674831	0.728007	0.722506	0.663836	0.712346	0.702573	0.656081	0.708806	0.703165	0.688186	0.714904	0.711428	0.630747	0.7056	0.708343	0.654204	0.653557	0.651983	0.692895	0.676769	0.668178	0.653797	0.606077	0.614235
ERR610078-k20-n1-x5e9	0.318953	0.3204	0.326111	0.341467	0.323112	0.324017	0.353477	0.349874	0.338472	0.360584	0.357531	0.34422	0.38701	0.502549	0.398253	0.370925	0.374036	0.371669	0.35949	0.26525	0.565262	0	0.286774	0.284119	0.399514	0.329641	0.441352	0.338392	0.341828	0.49782	0.516477	0.532512	0.385116	0.386635	0.383736	0.381738	0.34624	0.37048	0.379483	0.367353	0.3666	0.366307	0.343362	0.401521	0.40513	0.346114	0.345423	0.345111	0.491531	0.504685	0.492673	0.510868	0.493517	0.494863	0.586696	0.524716	0.730862	0.550181	0.543046	0.545371	0.458182	0.449323	0.452143	0.454526	0.454604	0.450024	0.484042	0.564096	0.491837	0.474641	0.475707	0.476191	0.59592	0.49793	0.496133	0.511363	0.500603	0.501752	0.585829	0.480183	0.4796	0.483929	0.486026	0.485731	0.468861	0.466252	0.467587	0.456784	0.456251	0.456932	0.465363	0.458282	0.455724	0.461335	0.463035	0.459246
ERR610079-k20-n1-x5e9	0.336225	0.333809	0.330092	0.350243	0.337491	0.336283	0.396005	0.367075	0.37381	0.405194	0.401784	0.381538	0.42979	0.497557	0.430128	0.409475	0.410184	0.410404	0.355343	0.306774	0.544722	0.286774	0	0.257935	0.382097	0.36316	0.440482	0.356927	0.358502	0.489715	0.52603	0.536475	0.419774	0.409986	0.405085	0.400158	0.348613	0.40163	0.41437	0.398963	0.397477	0.396491	0.348346	0.439381	0.443666	0.377113	0.371797	0.371814	0.50874	0.511123	0.50986	0.517405	0.506797	0.508761	0.567221	0.522018	0.723336	0.538791	0.533153	0.534857	0.463103	0.471203	0.477477	0.481037	0.481137	0.470404	0.515336	0.560834	0.515316	0.504385	0.505382	0.506467	0.570185	0.509968	0.506458	0.500682	0.501578	0.499156	0.558881	0.490424	0.487779	0.482423	0.490827	0.489828	0.467893	0.49446	0.496419	0.473704	0.470842	0.471559	0.500251	0.489841	0.486925	0.493516	0.469317	0.469027
ERR610080-k20-n1-x5e9	0.33515	0.332626	0.329557	0.351208	0.335828	0.334797	0.391311	0.367493	0.369445	0.400415	0.396947	0.377148	0.429271	0.501504	0.430978	0.408617	0.410075	0.409652	0.358481	0.302207	0.549168	0.284119	0.257935	0	0.384984	0.360159	0.44343	0.356455	0.358299	0.493022	0.529135	0.540097	0.419596	0.410661	0.40572	0.400931	0.346323	0.39702	0.409791	0.394246	0.392894	0.391938	0.346258	0.434744	0.439101	0.373263	0.368206	0.368072	0.505957	0.508867	0.507133	0.515098	0.504204	0.506086	0.568825	0.521612	0.72479	0.539405	0.533846	0.535555	0.462685	0.469258	0.474949	0.478639	0.478478	0.4685	0.513995	0.56289	0.515106	0.502197	0.503439	0.504279	0.570916	0.507107	0.503677	0.499887	0.499252	0.497123	0.560113	0.487828	0.485263	0.480524	0.488399	0.487428	0.467272	0.491253	0.493369	0.471965	0.469305	0.469911	0.498125	0.488249	0.485521	0.492396	0.470262	0.469788
ERR607236-k20-n1-x5e9	0.368112	0.364688	0.354735	0.338943	0.375939	0.372698	0.472312	0.366359	0.447746	0.482059	0.47864	0.457653	0.44387	0.42507	0.422225	0.432953	0.425746	0.433301	0.358395	0.434571	0.494939	0.399514	0.382097	0.384984	0	0.370297	0.323289	0.322442	0.319629	0.365237	0.477743	0.483899	0.457312	0.450717	0.447875	0.444606	0.4057	0.485649	0.499241	0.482401	0.481061	0.480122	0.380584	0.509682	0.513987	0.435701	0.432893	0.431838	0.553222	0.544601	0.553933	0.546547	0.551159	0.553053	0.553321	0.532121	0.688619	0.532997	0.530028	0.531186	0.474612	0.50292	0.517613	0.519804	0.521845	0.503474	0.5285	0.518075	0.512251	0.533772	0.534509	0.536698	0.550646	0.556553	0.551351	0.512969	0.54272	0.534714	0.535984	0.534768	0.52968	0.517555	0.540867	0.537643	0.452592	0.524	0.526893	0.480024	0.479131	0.47832	0.548652	0.534127	0.525758	0.523419	0.486396	0.491013
ERR607237-k20-n1-x5e9	0.31804	0.319406	0.3313	0.34852	0.320832	0.323197	0.342247	0.362138	0.332716	0.347289	0.345252	0.335758	0.3856	0.51901	0.402991	0.370858	0.375554	0.37174	0.423965	0.330664	0.609149	0.329641	0.36316	0.360159	0.370297	0	0.416448	0.284721	0.289059	0.478603	0.540184	0.556348	0.406601	0.409613	0.407688	0.406874	0.361335	0.368363	0.375639	0.365014	0.364412	0.364389	0.325377	0.364935	0.368478	0.314401	0.31464	0.314075	0.479871	0.496505	0.480993	0.501659	0.482618	0.48384	0.597051	0.528255	0.737173	0.557537	0.55015	0.552199	0.459491	0.442548	0.442316	0.444476	0.44423	0.443721	0.478937	0.571135	0.490544	0.468423	0.468996	0.469649	0.595806	0.485062	0.483394	0.50576	0.48969	0.49131	0.589468	0.470192	0.469857	0.476812	0.47736	0.477285	0.444015	0.43004	0.431042	0.424551	0.424265	0.42471	0.461863	0.456944	0.455111	0.462588	0.472775	0.467909
ERR607238-k20-n1-x5e9	0.417259	0.415536	0.411226	0.366813	0.429999	0.426462	0.51617	0.378353	0.496186	0.524352	0.521033	0.503096	0.440435	0.380352	0.407185	0.442034	0.430566	0.441733	0.349233	0.480939	0.453653	0.441352	0.440482	0.44343	0.323289	0.416448	0	0.352497	0.347462	0.313229	0.419547	0.425275	0.458205	0.454296	0.454249	0.454238	0.472441	0.545113	0.556179	0.540726	0.539861	0.539482	0.448806	0.561138	0.565311	0.484637	0.483792	0.481181	0.607108	0.603922	0.608199	0.604438	0.607793	0.609093	0.599687	0.577366	0.691768	0.574824	0.571702	0.572894	0.51372	0.541039	0.557509	0.558203	0.561957	0.541833	0.538315	0.508439	0.516068	0.557875	0.558232	0.560634	0.618763	0.613766	0.608641	0.568414	0.603438	0.595703	0.604789	0.594064	0.589183	0.579624	0.603318	0.600215	0.500517	0.563105	0.565826	0.511212	0.511089	0.508974	0.568711	0.55269	0.54388	0.532262	0.498432	0.503764
ERR607239-k20-n1-x5e9	0.319507	0.319642	0.324967	0.316301	0.32767	0.327163	0.38847	0.330779	0.371464	0.3955	0.392555	0.376312	0.373533	0.458011	0.371542	0.364548	0.36198	0.364934	0.370048	0.361432	0.552269	0.338392	0.356927	0.356455	0.322442	0.284721	0.352497	0	0.26231	0.412297	0.485178	0.499771	0.3953	0.394077	0.393007	0.392413	0.375964	0.418979	0.429171	0.414541	0.413736	0.413579	0.341855	0.426288	0.430504	0.355213	0.354177	0.352256	0.514068	0.522248	0.515174	0.52579	0.515643	0.51699	0.582744	0.528024	0.714452	0.546001	0.539812	0.541739	0.456778	0.458655	0.466765	0.468148	0.469671	0.459313	0.479678	0.534936	0.478284	0.482297	0.483028	0.484329	0.590427	0.518919	0.515452	0.510276	0.516439	0.513823	0.580872	0.501493	0.498878	0.498102	0.509702	0.508143	0.443099	0.463428	0.465337	0.434335	0.433735	0.432714	0.482441	0.471455	0.466577	0.465952	0.457624	0.456171
ERR607240-k20-n1-x5e9	0.322043	0.321752	0.326733	0.315573	0.330517	0.32989	0.392742	0.329007	0.375617	0.400003	0.397035	0.380423	0.374357	0.452684	0.369915	0.365534	0.362498	0.366035	0.366535	0.365986	0.547835	0.341828	0.358502	0.358299	0.319629	0.289059	0.347462	0.26231	0	0.407086	0.480713	0.495538	0.395754	0.39425	0.393153	0.392511	0.37906	0.42432	0.434635	0.419992	0.419053	0.41891	0.344969	0.431787	0.435985	0.359884	0.358795	0.356749	0.518185	0.52583	0.519347	0.529347	0.51975	0.521099	0.582403	0.529185	0.713004	0.546144	0.540208	0.541847	0.458041	0.4616	0.470171	0.471482	0.473122	0.462314	0.481544	0.532756	0.478776	0.485114	0.485559	0.48713	0.590494	0.522944	0.519402	0.511829	0.519937	0.516841	0.580989	0.505675	0.502853	0.50125	0.513782	0.512233	0.44366	0.466641	0.468678	0.435937	0.435334	0.434345	0.485555	0.474278	0.469207	0.467853	0.457871	0.456731
ERR607241-k20-n1-x5e9	0.474216	0.472135	0.465395	0.420607	0.485975	0.482172	0.571982	0.431817	0.552301	0.579695	0.57674	0.558838	0.490817	0.383389	0.453941	0.493882	0.481861	0.493787	0.388113	0.53743	0.42844	0.49782	0.489715	0.493022	0.365237	0.478603	0.313229	0.412297	0.407086	0	0.424848	0.422814	0.504832	0.499542	0.499285	0.499234	0.523356	0.598039	0.608918	0.593734	0.592825	0.592412	0.503465	0.614718	0.61882	0.541298	0.539861	0.537525	0.651411	0.645248	0.652323	0.645253	0.651137	0.65244	0.621861	0.613058	0.691904	0.604222	0.60249	0.60332	0.554101	0.586122	0.603709	0.603999	0.607922	0.586401	0.578402	0.522876	0.552974	0.600034	0.600598	0.602973	0.64488	0.65666	0.651497	0.605962	0.645025	0.63653	0.628393	0.637442	0.632212	0.621017	0.646024	0.642718	0.540064	0.609879	0.612862	0.555489	0.555	0.552627	0.611797	0.595175	0.586508	0.573387	0.534123	0.540785
ERR605878-k20-n1-x5e9	0.51113	0.511788	0.509936	0.46015	0.52506	0.521922	0.588046	0.45719	0.573163	0.593925	0.591327	0.577537	0.449823	0.352826	0.407882	0.459901	0.447095	0.458812	0.418185	0.554321	0.479925	0.516477	0.52603	0.529135	0.477743	0.540184	0.419547	0.485178	0.480713	0.424848	0	0.301051	0.410476	0.407965	0.410207	0.413235	0.561204	0.622814	0.630809	0.618397	0.618299	0.618001	0.557222	0.640065	0.643137	0.573808	0.574708	0.571991	0.704434	0.715291	0.705387	0.718789	0.70642	0.707223	0.680932	0.662576	0.73329	0.660114	0.656971	0.658674	0.588325	0.610561	0.627934	0.6263	0.631098	0.610813	0.593594	0.559534	0.572124	0.618799	0.618932	0.620935	0.755107	0.716366	0.714145	0.694631	0.715902	0.712625	0.734608	0.698395	0.696416	0.694031	0.706068	0.704826	0.627918	0.659589	0.661662	0.619859	0.621221	0.619366	0.603737	0.588465	0.580227	0.561425	0.534522	0.540031
ERR605879-k20-n1-x5e9	0.52612	0.526031	0.523005	0.473648	0.539532	0.535833	0.605242	0.471888	0.589354	0.611351	0.608642	0.594212	0.472067	0.355538	0.428898	0.481106	0.468197	0.480531	0.428201	0.570229	0.47124	0.532512	0.536475	0.540097	0.483899	0.556348	0.425275	0.499771	0.495538	0.422814	0.301051	0	0.433458	0.429078	0.431207	0.433039	0.574171	0.638393	0.646792	0.634121	0.633969	0.633451	0.570153	0.656377	0.659503	0.590258	0.590405	0.587774	0.71625	0.725027	0.717315	0.728422	0.717739	0.71865	0.68482	0.672065	0.731996	0.667356	0.664784	0.666442	0.59952	0.624713	0.642308	0.640856	0.645895	0.624938	0.609579	0.566397	0.58658	0.634397	0.634488	0.636569	0.758043	0.72712	0.724645	0.702414	0.72527	0.721473	0.736868	0.709093	0.706714	0.702996	0.716198	0.714912	0.636915	0.673496	0.675683	0.632309	0.633124	0.63125	0.620914	0.605106	0.597062	0.578375	0.547341	0.55345
ERR605880-k20-n1-x5e9	0.398229	0.401161	0.410523	0.395146	0.407491	0.407532	0.428842	0.39227	0.420923	0.431853	0.429752	0.421903	0.33058	0.448657	0.335366	0.327225	0.327005	0.327052	0.418517	0.401868	0.584081	0.385116	0.419774	0.419596	0.457312	0.406601	0.458205	0.3953	0.395754	0.504832	0.410476	0.433458	0	0.274355	0.275099	0.277627	0.443968	0.463924	0.46852	0.46014	0.460514	0.460558	0.437192	0.470803	0.473324	0.421344	0.424085	0.42236	0.596799	0.625445	0.597776	0.633375	0.600587	0.601081	0.645123	0.591973	0.752189	0.610756	0.604217	0.606267	0.50911	0.50225	0.510328	0.508389	0.51155	0.502797	0.501332	0.56937	0.504394	0.508922	0.509107	0.509707	0.706335	0.604714	0.60529	0.623969	0.615625	0.618685	0.690987	0.589977	0.591177	0.60006	0.595979	0.597477	0.557034	0.540284	0.541273	0.528637	0.530396	0.529719	0.469847	0.461253	0.456632	0.449866	0.456739	0.454384
ERR605881-k20-n1-x5e9	0.399192	0.401065	0.408406	0.394152	0.407624	0.407044	0.434592	0.392058	0.424346	0.438332	0.436095	0.425827	0.34098	0.443188	0.341597	0.335546	0.334576	0.335247	0.414489	0.405194	0.578076	0.386635	0.409986	0.410661	0.450717	0.409613	0.454296	0.394077	0.39425	0.499542	0.407965	0.429078	0.274355	0	0.267708	0.268535	0.443423	0.469465	0.475332	0.465541	0.465806	0.465542	0.435386	0.47596	0.478877	0.422212	0.423113	0.421361	0.600015	0.62663	0.601048	0.634774	0.602864	0.603466	0.639679	0.590049	0.749366	0.606816	0.600427	0.60266	0.507741	0.505484	0.514209	0.512908	0.51602	0.505132	0.507111	0.565637	0.507771	0.513795	0.51431	0.515093	0.702629	0.60608	0.606134	0.621341	0.614453	0.617099	0.68707	0.591101	0.59199	0.598676	0.595387	0.596782	0.555782	0.544615	0.545488	0.52925	0.529759	0.529143	0.474512	0.464505	0.460281	0.45355	0.451697	0.450378
ERR605882-k20-n1-x5e9	0.395702	0.397796	0.404822	0.392118	0.403924	0.403472	0.43292	0.390823	0.422156	0.436967	0.434686	0.423835	0.342319	0.443781	0.343519	0.33559	0.335313	0.335612	0.413039	0.402247	0.577623	0.383736	0.405085	0.40572	0.447875	0.407688	0.454249	0.393007	0.393153	0.499285	0.410207	0.431207	0.275099	0.267708	0	0.267657	0.438941	0.466597	0.472593	0.462447	0.462727	0.462497	0.431461	0.474304	0.477371	0.420238	0.421009	0.419191	0.597382	0.623527	0.598377	0.631597	0.599963	0.600523	0.636032	0.586878	0.748241	0.603744	0.597352	0.599624	0.505502	0.503661	0.51262	0.511275	0.514419	0.503508	0.507508	0.565431	0.508093	0.513345	0.513694	0.514342	0.69812	0.603157	0.603175	0.617832	0.611011	0.613566	0.682353	0.587913	0.588769	0.594953	0.59188	0.593145	0.55285	0.543387	0.544483	0.527709	0.528189	0.527811	0.473714	0.463873	0.459574	0.453588	0.450571	0.449089
ERR605883-k20-n1-x5e9	0.393798	0.395095	0.401331	0.390779	0.401442	0.400878	0.432178	0.390766	0.420762	0.436516	0.434335	0.422849	0.346772	0.445058	0.347483	0.338676	0.338324	0.338677	0.412326	0.399992	0.576932	0.381738	0.400158	0.400931	0.444606	0.406874	0.454238	0.392413	0.392511	0.499234	0.413235	0.433039	0.277627	0.268535	0.267657	0	0.434799	0.464069	0.470724	0.46028	0.460435	0.460315	0.427383	0.472904	0.475945	0.418896	0.419078	0.417467	0.595483	0.620817	0.596409	0.629131	0.597705	0.598441	0.632438	0.584279	0.746878	0.60063	0.594381	0.596581	0.503163	0.502382	0.511261	0.510311	0.513341	0.502127	0.508677	0.564835	0.508915	0.513537	0.513908	0.514713	0.69342	0.600156	0.600137	0.614234	0.607438	0.609881	0.677539	0.584758	0.585593	0.591321	0.588318	0.58963	0.550179	0.542684	0.543723	0.527135	0.527275	0.526949	0.473982	0.463877	0.459719	0.454489	0.448899	0.448064
ERR608713-k20-n1-x5e9	0.333942	0.332481	0.33045	0.366378	0.331067	0.331836	0.385756	0.398352	0.367148	0.39465	0.391976	0.376604	0.439408	0.528497	0.44662	0.417157	0.420357	0.418195	0.432652	0.350417	0.605908	0.34624	0.348613	0.346323	0.4057	0.361335	0.472441	0.375964	0.37906	0.523356	0.561204	0.574171	0.443968	0.443423	0.438941	0.434799	0	0.296284	0.311367	0.295288	0.293497	0.292066	0.321147	0.401987	0.405929	0.353613	0.352553	0.353497	0.457202	0.456755	0.458139	0.462062	0.455735	0.457478	0.556678	0.497683	0.723046	0.525446	0.519622	0.521077	0.446369	0.444036	0.446797	0.450614	0.449404	0.444829	0.508151	0.573453	0.513483	0.490159	0.491151	0.491655	0.557935	0.481334	0.479326	0.493598	0.478728	0.479005	0.549139	0.46183	0.460886	0.461713	0.464371	0.463657	0.461906	0.475864	0.477423	0.470308	0.470704	0.471928	0.504205	0.498174	0.494704	0.505408	0.498271	0.496128
ERR608714-k20-n1-x5e9	0.373585	0.375557	0.385276	0.429694	0.36802	0.371601	0.350451	0.448455	0.350015	0.353324	0.352439	0.352318	0.452881	0.603863	0.482734	0.43146	0.441504	0.432676	0.508174	0.344351	0.681593	0.37048	0.40163	0.39702	0.485649	0.368363	0.545113	0.418979	0.42432	0.598039	0.622814	0.638393	0.463924	0.469465	0.466597	0.464069	0.296284	0	0.23772	0.237409	0.237346	0.237143	0.35721	0.333785	0.33514	0.335593	0.337975	0.339844	0.440948	0.462122	0.44171	0.469603	0.443324	0.444163	0.610692	0.533496	0.766581	0.573152	0.565763	0.567705	0.481008	0.448483	0.438224	0.441414	0.437974	0.45015	0.513192	0.62849	0.536313	0.484371	0.485208	0.484254	0.608295	0.467978	0.469799	0.526826	0.481221	0.489386	0.603533	0.455941	0.45972	0.475219	0.457482	0.459826	0.496111	0.453201	0.452827	0.479911	0.480543	0.482816	0.482466	0.485482	0.486749	0.504711	0.528186	0.521
ERR608715-k20-n1-x5e9	0.38517	0.387435	0.398236	0.441642	0.379734	0.383673	0.351739	0.458844	0.35503	0.353139	0.352373	0.355677	0.455818	0.61395	0.488682	0.4355	0.446082	0.436503	0.519923	0.350497	0.692103	0.379483	0.41437	0.409791	0.499241	0.375639	0.556179	0.429171	0.434635	0.608918	0.630809	0.646792	0.46852	0.475332	0.472593	0.470724	0.311367	0.23772	0	0.239624	0.239816	0.240451	0.370242	0.329949	0.330565	0.341366	0.344336	0.346409	0.445801	0.470722	0.446572	0.478335	0.448954	0.449609	0.621447	0.543174	0.774383	0.583538	0.576052	0.577974	0.490465	0.454333	0.442627	0.445293	0.441824	0.456083	0.516422	0.637346	0.54154	0.486993	0.487883	0.486826	0.620013	0.473108	0.475599	0.537203	0.489043	0.498047	0.61568	0.46271	0.467176	0.484714	0.464328	0.467015	0.506115	0.455153	0.454494	0.48629	0.48727	0.48958	0.482244	0.486696	0.488602	0.507052	0.534949	0.527162
ERR608716-k20-n1-x5e9	0.370619	0.372459	0.38252	0.42563	0.365252	0.368939	0.348575	0.444158	0.348071	0.351388	0.350296	0.350013	0.44799	0.599522	0.477865	0.426771	0.43684	0.428058	0.504136	0.342335	0.678146	0.367353	0.398963	0.394246	0.482401	0.365014	0.540726	0.414541	0.419992	0.593734	0.618397	0.634121	0.46014	0.465541	0.462447	0.46028	0.295288	0.237409	0.239624	0	0.236001	0.236084	0.355494	0.334325	0.335899	0.332791	0.334902	0.336843	0.442228	0.463212	0.443086	0.47053	0.444677	0.445477	0.609548	0.532263	0.76484	0.57178	0.564211	0.566069	0.478997	0.446603	0.436905	0.43978	0.436698	0.447949	0.50995	0.625235	0.532848	0.4819	0.482868	0.481967	0.608535	0.469092	0.470706	0.525943	0.481796	0.489559	0.603711	0.45704	0.460564	0.475703	0.45878	0.461001	0.493953	0.451527	0.45114	0.476529	0.477276	0.479426	0.480794	0.483241	0.484751	0.501794	0.52505	0.517856
ERR608717-k20-n1-x5e9	0.370023	0.371666	0.381475	0.424989	0.364404	0.368415	0.348996	0.443714	0.348141	0.351921	0.35082	0.350174	0.44903	0.59932	0.478281	0.427655	0.437677	0.428913	0.503372	0.341839	0.677462	0.3666	0.397477	0.392894	0.481061	0.364412	0.539861	0.413736	0.419053	0.592825	0.618299	0.633969	0.460514	0.465806	0.462727	0.460435	0.293497	0.237346	0.239816	0.236001	0	0.235606	0.354034	0.334582	0.336044	0.332279	0.334497	0.336159	0.441147	0.461878	0.442116	0.469125	0.443558	0.444495	0.608817	0.531699	0.764437	0.570906	0.563567	0.565419	0.478673	0.446765	0.436995	0.440108	0.436959	0.448146	0.510608	0.624849	0.533097	0.482491	0.483478	0.482516	0.607037	0.46815	0.469729	0.524745	0.480574	0.488436	0.602413	0.456111	0.45955	0.47459	0.457788	0.459842	0.493394	0.451649	0.451341	0.476498	0.477202	0.479402	0.481209	0.483683	0.485124	0.50246	0.525037	0.517777
ERR608718-k20-n1-x5e9	0.369139	0.370851	0.380406	0.424398	0.363663	0.367295	0.349146	0.443224	0.347806	0.352362	0.351186	0.350204	0.449616	0.598707	0.478517	0.428061	0.437898	0.429158	0.502705	0.341615	0.676753	0.366307	0.396491	0.391938	0.480122	0.364389	0.539482	0.413579	0.41891	0.592412	0.618001	0.633451	0.460558	0.465542	0.462497	0.460315	0.292066	0.237143	0.240451	0.236084	0.235606	0	0.353131	0.335503	0.33703	0.33263	0.334598	0.336652	0.441695	0.461766	0.442684	0.468992	0.443871	0.444719	0.607947	0.531346	0.764008	0.570425	0.563093	0.565031	0.478727	0.447412	0.437884	0.441	0.437802	0.448814	0.511758	0.624956	0.533794	0.483478	0.484623	0.483667	0.605964	0.468106	0.469642	0.523981	0.480214	0.487846	0.601117	0.456003	0.45935	0.473999	0.457564	0.459522	0.493134	0.452673	0.452393	0.477021	0.477624	0.479895	0.482508	0.484785	0.486112	0.503316	0.525238	0.518186
ERR605952-k20-n1-x5e9	0.315506	0.313887	0.314542	0.349375	0.313414	0.314412	0.368914	0.380425	0.35021	0.376945	0.373916	0.357987	0.427809	0.522311	0.436113	0.406231	0.409326	0.407297	0.429996	0.347686	0.605297	0.343362	0.348346	0.346258	0.380584	0.325377	0.448806	0.341855	0.344969	0.503465	0.557222	0.570153	0.437192	0.435386	0.431461	0.427383	0.321147	0.35721	0.370242	0.355494	0.354034	0.353131	0	0.344196	0.349004	0.285371	0.282081	0.28267	0.463584	0.465932	0.464518	0.470571	0.462443	0.464241	0.568644	0.50766	0.727936	0.535102	0.528821	0.530438	0.448416	0.444239	0.446309	0.449922	0.448607	0.445023	0.50445	0.572215	0.510128	0.487046	0.487961	0.488404	0.554444	0.474956	0.472139	0.482881	0.471058	0.470587	0.546499	0.455296	0.453572	0.453311	0.459148	0.458038	0.43584	0.451002	0.45254	0.442938	0.442396	0.443297	0.497585	0.4913	0.487721	0.498813	0.491734	0.489119
