.	ERR608203-k20-n1-x5e9	ERR608204-k20-n1-x5e9	ERR608205-k20-n1-x5e9	ERR608206-k20-n1-x5e9	ERR608207-k20-n1-x5e9	ERR608208-k20-n1-x5e9	ERR610031-k20-n1-x5e9	ERR610032-k20-n1-x5e9	ERR610033-k20-n1-x5e9	ERR610034-k20-n1-x5e9	ERR610035-k20-n1-x5e9	ERR610036-k20-n1-x5e9	ERR610187-k20-n1-x5e9	ERR610188-k20-n1-x5e9	ERR610189-k20-n1-x5e9	ERR610190-k20-n1-x5e9	ERR610191-k20-n1-x5e9	ERR610192-k20-n1-x5e9	ERR605581-k20-n1-x5e9	ERR605582-k20-n1-x5e9	ERR605583-k20-n1-x5e9	ERR605584-k20-n1-x5e9	ERR605585-k20-n1-x5e9	ERR605586-k20-n1-x5e9	ERR607585-k20-n1-x5e9	ERR607586-k20-n1-x5e9	ERR607587-k20-n1-x5e9	ERR607588-k20-n1-x5e9	ERR607589-k20-n1-x5e9	ERR607590-k20-n1-x5e9	ERR605737-k20-n1-x5e9	ERR605738-k20-n1-x5e9	ERR605739-k20-n1-x5e9	ERR605740-k20-n1-x5e9	ERR605741-k20-n1-x5e9	ERR605742-k20-n1-x5e9	ERR605781-k20-n1-x5e9	ERR605782-k20-n1-x5e9	ERR605783-k20-n1-x5e9	ERR605784-k20-n1-x5e9	ERR605785-k20-n1-x5e9	ERR605786-k20-n1-x5e9	ERR608811-k20-n1-x5e9	ERR608812-k20-n1-x5e9	ERR608813-k20-n1-x5e9	ERR608814-k20-n1-x5e9	ERR608815-k20-n1-x5e9	ERR608816-k20-n1-x5e9	ERR608787-k20-n1-x5e9	ERR608788-k20-n1-x5e9	ERR608789-k20-n1-x5e9	ERR608790-k20-n1-x5e9	ERR608791-k20-n1-x5e9	ERR608792-k20-n1-x5e9	ERR607781-k20-n1-x5e9	ERR607782-k20-n1-x5e9	ERR607783-k20-n1-x5e9	ERR607784-k20-n1-x5e9	ERR607785-k20-n1-x5e9	ERR607786-k20-n1-x5e9	ERR608985-k20-n1-x5e9	ERR608986-k20-n1-x5e9	ERR608987-k20-n1-x5e9	ERR608988-k20-n1-x5e9	ERR608989-k20-n1-x5e9	ERR608990-k20-n1-x5e9	ERR608025-k20-n1-x5e9	ERR608026-k20-n1-x5e9	ERR608027-k20-n1-x5e9	ERR608028-k20-n1-x5e9	ERR608029-k20-n1-x5e9	ERR608030-k20-n1-x5e9	ERR607983-k20-n1-x5e9	ERR607984-k20-n1-x5e9	ERR607985-k20-n1-x5e9	ERR607986-k20-n1-x5e9	ERR607987-k20-n1-x5e9	ERR607988-k20-n1-x5e9	ERR608389-k20-n1-x5e9	ERR608390-k20-n1-x5e9	ERR608391-k20-n1-x5e9	ERR608392-k20-n1-x5e9	ERR608393-k20-n1-x5e9	ERR608394-k20-n1-x5e9	ERR605701-k20-n1-x5e9	ERR605702-k20-n1-x5e9	ERR605703-k20-n1-x5e9	ERR605704-k20-n1-x5e9	ERR605705-k20-n1-x5e9	ERR605706-k20-n1-x5e9	ERR608099-k20-n1-x5e9	ERR608100-k20-n1-x5e9	ERR608101-k20-n1-x5e9	ERR608102-k20-n1-x5e9	ERR608103-k20-n1-x5e9	ERR608104-k20-n1-x5e9
ERR608203-k20-n1-x5e9	7.45378e+09	8.19693e+09	8.61008e+09	9.30038e+09	9.30993e+09	9.25675e+09	5.43364e+09	8.39627e+09	2.60331e+09	8.95437e+09	7.61997e+09	7.68369e+09	6.17471e+09	3.61833e+09	5.52897e+09	6.77626e+09	6.76465e+09	6.8096e+09	5.93988e+09	5.6276e+09	5.46324e+09	5.56901e+09	5.59035e+09	5.55233e+09	2.88621e+09	4.23945e+09	4.46673e+09	3.40428e+09	3.47309e+09	3.30101e+09	6.60376e+09	6.262e+09	6.09371e+09	5.97648e+09	6.10134e+09	6.02947e+09	3.0391e+09	2.81585e+09	5.26437e+09	5.25307e+09	5.26978e+09	5.27625e+09	4.97841e+09	5.16858e+09	4.84607e+09	7.39715e+09	7.35898e+09	7.32165e+09	5.9562e+09	6.26665e+09	6.23908e+09	4.96993e+09	4.9841e+09	5.03858e+09	6.88763e+09	6.25398e+09	6.88182e+09	6.11914e+09	6.82361e+09	6.84484e+09	6.48745e+09	6.68961e+09	6.70053e+09	5.16109e+09	5.25368e+09	5.14843e+09	4.63396e+09	6.03432e+09	6.423e+09	6.18774e+09	6.17858e+09	6.22731e+09	6.72457e+09	6.91492e+09	6.91053e+09	5.5733e+09	5.64311e+09	5.56701e+09	5.29868e+09	6.19156e+09	6.6089e+09	6.58402e+09	6.68589e+09	6.189e+09	7.92262e+09	7.61151e+09	7.53207e+09	7.40736e+09	7.43814e+09	7.40019e+09	6.94205e+09	7.29752e+09	7.32014e+09	6.43085e+09	6.51455e+09	6.5463e+09
ERR608204-k20-n1-x5e9	8.19693e+09	9.74774e+09	9.97683e+09	1.08255e+10	1.0836e+10	1.0771e+10	6.05808e+09	9.64801e+09	2.85562e+09	1.03484e+10	8.66379e+09	8.74289e+09	6.95376e+09	3.97676e+09	6.18174e+09	7.66776e+09	7.65425e+09	7.70879e+09	6.65518e+09	6.28627e+09	6.0939e+09	6.21771e+09	6.24316e+09	6.19854e+09	3.16738e+09	4.69426e+09	4.9554e+09	3.74898e+09	3.82711e+09	3.63308e+09	7.45246e+09	7.0407e+09	6.84081e+09	6.70326e+09	6.84481e+09	6.76029e+09	3.33147e+09	3.08283e+09	5.85881e+09	5.84213e+09	5.86191e+09	5.86857e+09	5.53569e+09	5.75845e+09	5.38501e+09	8.42396e+09	8.37955e+09	8.33128e+09	6.73454e+09	7.11172e+09	7.07362e+09	5.57856e+09	5.59586e+09	5.65978e+09	7.85749e+09	7.0913e+09	7.85109e+09	6.93404e+09	7.77393e+09	7.80149e+09	7.36033e+09	7.60668e+09	7.61597e+09	5.79284e+09	5.89998e+09	5.77711e+09	5.1784e+09	6.82249e+09	7.29048e+09	7.00689e+09	6.99297e+09	7.05193e+09	7.65783e+09	7.8925e+09	7.88178e+09	6.2901e+09	6.37087e+09	6.28122e+09	5.93889e+09	7.00548e+09	7.51114e+09	7.48316e+09	7.60481e+09	7.00001e+09	9.09265e+09	8.70732e+09	8.61072e+09	8.46284e+09	8.4869e+09	8.44171e+09	7.92469e+09	8.36341e+09	8.38228e+09	7.30937e+09	7.416e+09	7.45412e+09
ERR608205-k20-n1-x5e9	8.61008e+09	9.97683e+09	1.08897e+10	1.14874e+10	1.14995e+10	1.14273e+10	6.32434e+09	1.0191e+10	2.96373e+09	1.09582e+10	9.1195e+09	9.20373e+09	7.27608e+09	4.12715e+09	6.4519e+09	8.0398e+09	8.02638e+09	8.0842e+09	6.96158e+09	6.56941e+09	6.36457e+09	6.49579e+09	6.52282e+09	6.4756e+09	3.28736e+09	4.88657e+09	5.16196e+09	3.89497e+09	3.9773e+09	3.77381e+09	7.81251e+09	7.37137e+09	7.15809e+09	7.01181e+09	7.16286e+09	7.07352e+09	3.45399e+09	3.19567e+09	6.1087e+09	6.09059e+09	6.1122e+09	6.11904e+09	5.76905e+09	6.00531e+09	5.60963e+09	8.85597e+09	8.80755e+09	8.75635e+09	7.0628e+09	7.46919e+09	7.42534e+09	5.83257e+09	5.85167e+09	5.9198e+09	8.27395e+09	7.45041e+09	8.26737e+09	7.28366e+09	8.18369e+09	8.21326e+09	7.72966e+09	7.99557e+09	8.00475e+09	6.05702e+09	6.17038e+09	6.04052e+09	5.41241e+09	7.15803e+09	7.66018e+09	7.35531e+09	7.34111e+09	7.40358e+09	8.05846e+09	8.31207e+09	8.2998e+09	6.59138e+09	6.67845e+09	6.5819e+09	6.20989e+09	7.34874e+09	7.89206e+09	7.86359e+09	7.99424e+09	7.34334e+09	9.60237e+09	9.18358e+09	9.07927e+09	8.91888e+09	8.94486e+09	8.89622e+09	8.34459e+09	8.82012e+09	8.83894e+09	7.68182e+09	7.79754e+09	7.83863e+09
ERR608206-k20-n1-x5e9	9.30038e+09	1.08255e+10	1.14874e+10	1.29888e+10	1.2623e+10	1.25371e+10	6.80095e+09	1.11687e+10	3.16262e+09	1.20568e+10	1.00048e+10	1.0099e+10	7.80478e+09	4.39737e+09	6.90343e+09	8.67641e+09	8.65962e+09	8.72575e+09	7.53117e+09	7.09944e+09	6.86722e+09	7.01358e+09	7.0468e+09	6.99264e+09	3.51255e+09	5.22646e+09	5.51949e+09	4.1517e+09	4.24056e+09	4.02255e+09	8.45856e+09	7.96962e+09	7.73276e+09	7.56166e+09	7.76076e+09	7.65633e+09	3.66541e+09	3.39163e+09	6.54333e+09	6.52733e+09	6.55574e+09	6.56567e+09	6.16966e+09	6.42508e+09	5.99234e+09	9.60136e+09	9.54535e+09	9.48848e+09	7.65802e+09	8.1033e+09	8.06423e+09	6.27348e+09	6.29474e+09	6.36971e+09	9.03896e+09	8.13458e+09	9.03269e+09	7.94782e+09	8.9464e+09	8.97888e+09	8.39433e+09	8.68923e+09	8.70693e+09	6.52219e+09	6.64788e+09	6.50486e+09	5.87507e+09	7.78711e+09	8.34204e+09	8.00559e+09	7.9913e+09	8.06033e+09	8.80216e+09	9.07922e+09	9.07305e+09	7.13983e+09	7.24004e+09	7.13075e+09	6.70221e+09	7.94715e+09	8.55087e+09	8.51553e+09	8.66246e+09	7.94151e+09	1.05383e+10	1.00681e+10	9.94915e+09	9.75971e+09	9.82273e+09	9.76333e+09	9.09111e+09	9.62151e+09	9.65812e+09	8.33205e+09	8.4542e+09	8.5002e+09
ERR608207-k20-n1-x5e9	9.30993e+09	1.0836e+10	1.14995e+10	1.2623e+10	1.30158e+10	1.25506e+10	6.80948e+09	1.11854e+10	3.16603e+09	1.20741e+10	1.00195e+10	1.01135e+10	7.81143e+09	4.40115e+09	6.9095e+09	8.68512e+09	8.66812e+09	8.73386e+09	7.54077e+09	7.10812e+09	6.8755e+09	7.02221e+09	7.05558e+09	7.00146e+09	3.51583e+09	5.23099e+09	5.5241e+09	4.15491e+09	4.24397e+09	4.02549e+09	8.46944e+09	7.97935e+09	7.74288e+09	7.57105e+09	7.77061e+09	7.66595e+09	3.66859e+09	3.39468e+09	6.54992e+09	6.53437e+09	6.56225e+09	6.57226e+09	6.1753e+09	6.43107e+09	5.9975e+09	9.61154e+09	9.55626e+09	9.4988e+09	7.66777e+09	8.1138e+09	8.07486e+09	6.28049e+09	6.30173e+09	6.37715e+09	9.05309e+09	8.14788e+09	9.04624e+09	7.96102e+09	8.96083e+09	8.99312e+09	8.40509e+09	8.70036e+09	8.7179e+09	6.52988e+09	6.65597e+09	6.51285e+09	5.88304e+09	7.79829e+09	8.3539e+09	8.01604e+09	8.0023e+09	8.07193e+09	8.81464e+09	9.09269e+09	9.08632e+09	7.1494e+09	7.24998e+09	7.14046e+09	6.71016e+09	7.95717e+09	8.56183e+09	8.52605e+09	8.67361e+09	7.95129e+09	1.05543e+10	1.00838e+10	9.96499e+09	9.77423e+09	9.8385e+09	9.77967e+09	9.10355e+09	9.63524e+09	9.67243e+09	8.34331e+09	8.46528e+09	8.51164e+09
ERR608208-k20-n1-x5e9	9.25675e+09	1.0771e+10	1.14273e+10	1.25371e+10	1.25506e+10	1.28414e+10	6.77204e+09	1.11088e+10	3.15038e+09	1.19886e+10	9.95165e+09	1.00447e+10	7.77215e+09	4.38085e+09	6.87546e+09	8.6377e+09	8.62034e+09	8.6863e+09	7.49704e+09	7.06774e+09	6.8368e+09	6.9823e+09	7.01525e+09	6.9617e+09	3.49922e+09	5.20528e+09	5.49722e+09	4.13522e+09	4.22419e+09	4.00661e+09	8.41884e+09	7.93252e+09	7.69794e+09	7.52786e+09	7.72438e+09	7.62102e+09	3.65213e+09	3.37977e+09	6.51691e+09	6.50053e+09	6.52857e+09	6.53837e+09	6.14481e+09	6.39922e+09	5.9683e+09	9.55505e+09	9.50034e+09	9.44288e+09	7.62327e+09	8.0655e+09	8.02629e+09	6.24734e+09	6.26862e+09	6.34319e+09	8.99221e+09	8.09316e+09	8.98533e+09	7.90803e+09	8.89963e+09	8.93264e+09	8.35476e+09	8.64739e+09	8.66424e+09	6.49394e+09	6.61938e+09	6.47687e+09	5.84851e+09	7.75009e+09	8.3018e+09	7.967e+09	7.95319e+09	8.02248e+09	8.7572e+09	9.03325e+09	9.02614e+09	7.10747e+09	7.20695e+09	7.09792e+09	6.67333e+09	7.9115e+09	8.51173e+09	8.47678e+09	8.62301e+09	7.90626e+09	1.04812e+10	1.00145e+10	9.89698e+09	9.70872e+09	9.77023e+09	9.71168e+09	9.04644e+09	9.57381e+09	9.60934e+09	8.29336e+09	8.41579e+09	8.46102e+09
ERR610031-k20-n1-x5e9	5.43364e+09	6.05808e+09	6.32434e+09	6.80095e+09	6.80948e+09	6.77204e+09	4.64129e+09	6.57856e+09	2.22384e+09	6.94551e+09	6.08083e+09	6.12367e+09	4.88701e+09	3.01855e+09	4.43927e+09	5.32785e+09	5.31571e+09	5.34898e+09	4.80472e+09	4.58296e+09	4.45955e+09	4.5358e+09	4.55363e+09	4.5236e+09	2.37899e+09	3.41969e+09	3.58556e+09	2.77808e+09	2.83219e+09	2.70018e+09	5.30527e+09	5.06809e+09	4.95114e+09	4.85611e+09	4.96998e+09	4.91534e+09	2.55177e+09	2.37284e+09	4.27984e+09	4.27141e+09	4.28705e+09	4.29592e+09	4.02525e+09	4.15982e+09	3.9228e+09	5.71953e+09	5.69298e+09	5.6653e+09	4.72338e+09	4.9361e+09	4.92516e+09	3.97683e+09	3.98954e+09	4.02885e+09	5.45144e+09	5.03805e+09	5.44699e+09	4.94243e+09	5.41127e+09	5.42474e+09	5.12046e+09	5.25841e+09	5.27365e+09	4.14072e+09	4.21171e+09	4.13267e+09	3.79211e+09	4.81361e+09	5.08983e+09	4.92165e+09	4.91698e+09	4.95174e+09	5.32312e+09	5.44505e+09	5.44879e+09	4.48091e+09	4.53561e+09	4.47921e+09	4.23109e+09	4.85293e+09	5.14791e+09	5.1218e+09	5.19671e+09	4.84852e+09	6.18087e+09	5.98205e+09	5.93222e+09	5.84194e+09	5.8782e+09	5.85151e+09	5.42553e+09	5.66075e+09	5.69149e+09	5.05653e+09	5.11006e+09	5.13135e+09
ERR610032-k20-n1-x5e9	8.39627e+09	9.64801e+09	1.0191e+10	1.11687e+10	1.11854e+10	1.11088e+10	6.57856e+09	1.0995e+10	3.07986e+09	1.1461e+10	9.67382e+09	9.75807e+09	7.30459e+09	4.19549e+09	6.49215e+09	8.13595e+09	8.11541e+09	8.17813e+09	7.18508e+09	6.78629e+09	6.56539e+09	6.69972e+09	6.73536e+09	6.68122e+09	3.32455e+09	4.90197e+09	5.16467e+09	3.9014e+09	3.98619e+09	3.78541e+09	8.09475e+09	7.64416e+09	7.42649e+09	7.25047e+09	7.47583e+09	7.37422e+09	3.50854e+09	3.25207e+09	6.2173e+09	6.20511e+09	6.23585e+09	6.25079e+09	5.80621e+09	6.03433e+09	5.63629e+09	8.93144e+09	8.87876e+09	8.82602e+09	7.22315e+09	7.61313e+09	7.59427e+09	5.89738e+09	5.91898e+09	5.98738e+09	8.58952e+09	7.8224e+09	8.58335e+09	7.65032e+09	8.51674e+09	8.54296e+09	7.89835e+09	8.15818e+09	8.18661e+09	6.14382e+09	6.26494e+09	6.13059e+09	5.64173e+09	7.40101e+09	7.90424e+09	7.59612e+09	7.58822e+09	7.65096e+09	8.34812e+09	8.58032e+09	8.58646e+09	6.79096e+09	6.88873e+09	6.78407e+09	6.30559e+09	7.41419e+09	7.95826e+09	7.91376e+09	8.05183e+09	7.40681e+09	9.95784e+09	9.55855e+09	9.45893e+09	9.27997e+09	9.36517e+09	9.30947e+09	8.51376e+09	8.96506e+09	9.02719e+09	7.81149e+09	7.90952e+09	7.94918e+09
ERR610033-k20-n1-x5e9	2.60331e+09	2.85562e+09	2.96373e+09	3.16262e+09	3.16603e+09	3.15038e+09	2.22384e+09	3.07986e+09	1.28773e+09	3.22972e+09	2.88609e+09	2.90337e+09	2.38163e+09	1.59858e+09	2.19985e+09	2.5647e+09	2.55975e+09	2.57351e+09	2.35662e+09	2.26684e+09	2.21536e+09	2.24649e+09	2.25433e+09	2.24141e+09	1.29508e+09	1.76162e+09	1.83188e+09	1.47931e+09	1.50289e+09	1.44372e+09	2.5585e+09	2.46243e+09	2.41476e+09	2.37453e+09	2.42638e+09	2.40354e+09	1.38234e+09	1.29776e+09	2.13666e+09	2.13395e+09	2.14145e+09	2.14577e+09	2.02904e+09	2.08437e+09	1.98519e+09	2.72473e+09	2.71331e+09	2.70219e+09	2.28861e+09	2.37691e+09	2.37465e+09	1.96496e+09	1.97018e+09	1.98728e+09	2.60321e+09	2.4288e+09	2.60099e+09	2.38647e+09	2.58789e+09	2.59335e+09	2.47123e+09	2.52833e+09	2.53619e+09	2.05138e+09	2.08214e+09	2.04816e+09	1.89217e+09	2.33185e+09	2.44657e+09	2.37606e+09	2.37508e+09	2.38992e+09	2.54828e+09	2.59796e+09	2.60186e+09	2.18356e+09	2.20862e+09	2.18402e+09	2.09432e+09	2.35507e+09	2.47937e+09	2.46732e+09	2.49932e+09	2.35352e+09	2.91501e+09	2.83421e+09	2.81391e+09	2.77529e+09	2.79545e+09	2.7835e+09	2.59432e+09	2.69265e+09	2.70778e+09	2.43601e+09	2.45786e+09	2.4671e+09
ERR610034-k20-n1-x5e9	8.95437e+09	1.03484e+10	1.09582e+10	1.20568e+10	1.20741e+10	1.19886e+10	6.94551e+09	1.1461e+10	3.22972e+09	1.27303e+10	1.0329e+10	1.04225e+10	7.73001e+09	4.39796e+09	6.85083e+09	8.62966e+09	8.60844e+09	8.67595e+09	7.60742e+09	7.17537e+09	6.93855e+09	7.08374e+09	7.12188e+09	7.06495e+09	3.50535e+09	5.1846e+09	5.46613e+09	4.11551e+09	4.20636e+09	3.99206e+09	8.57524e+09	8.08556e+09	7.84941e+09	7.66205e+09	7.90157e+09	7.7924e+09	3.68193e+09	3.41151e+09	6.56757e+09	6.55374e+09	6.58748e+09	6.60332e+09	6.1276e+09	6.37418e+09	5.94599e+09	9.52331e+09	9.46593e+09	9.40833e+09	7.65387e+09	8.07866e+09	8.0556e+09	6.23063e+09	6.25268e+09	6.32649e+09	9.14133e+09	8.2851e+09	9.13534e+09	8.09465e+09	9.0605e+09	9.09087e+09	8.38158e+09	8.66666e+09	8.69684e+09	6.49008e+09	6.6193e+09	6.47561e+09	5.95931e+09	7.85199e+09	8.39755e+09	8.06314e+09	8.05344e+09	8.12157e+09	8.87404e+09	9.13357e+09	9.14001e+09	7.17233e+09	7.27715e+09	7.1645e+09	6.67908e+09	7.88239e+09	8.47536e+09	8.4302e+09	8.57889e+09	7.87557e+09	1.06754e+10	1.022e+10	1.01078e+10	9.90478e+09	1.00064e+10	9.94174e+09	9.0667e+09	9.57e+09	9.63875e+09	8.29447e+09	8.40247e+09	8.44647e+09
ERR610035-k20-n1-x5e9	7.61997e+09	8.66379e+09	9.1195e+09	1.00048e+10	1.00195e+10	9.95165e+09	6.08083e+09	9.67382e+09	2.88609e+09	1.0329e+10	9.22551e+09	9.02694e+09	6.66383e+09	3.91942e+09	5.95539e+09	7.43069e+09	7.40953e+09	7.46562e+09	6.6536e+09	6.30731e+09	6.09453e+09	6.21696e+09	6.25361e+09	6.19989e+09	3.09746e+09	4.51393e+09	4.74219e+09	3.60403e+09	3.6824e+09	3.50106e+09	7.43916e+09	7.052e+09	6.8544e+09	6.68389e+09	6.95081e+09	6.85418e+09	3.26039e+09	3.03039e+09	5.73229e+09	5.74242e+09	5.77524e+09	5.7952e+09	5.34732e+09	5.54585e+09	5.18727e+09	8.12263e+09	8.07492e+09	8.029e+09	6.64481e+09	6.97384e+09	6.97603e+09	5.41658e+09	5.43524e+09	5.49703e+09	7.85968e+09	7.22409e+09	7.85404e+09	7.06744e+09	7.81365e+09	7.83356e+09	7.24484e+09	7.46531e+09	7.50396e+09	5.65608e+09	5.76909e+09	5.64665e+09	5.27529e+09	6.82787e+09	7.26087e+09	6.99592e+09	7.00025e+09	7.0537e+09	7.661e+09	7.8489e+09	7.86832e+09	6.26686e+09	6.36002e+09	6.26528e+09	5.81469e+09	6.76963e+09	7.24602e+09	7.19792e+09	7.32429e+09	6.76753e+09	9.06051e+09	8.73392e+09	8.64594e+09	8.4803e+09	8.61701e+09	8.56366e+09	7.77282e+09	8.15086e+09	8.22762e+09	7.14703e+09	7.21851e+09	7.25261e+09
ERR610036-k20-n1-x5e9	7.68369e+09	8.74289e+09	9.20373e+09	1.0099e+10	1.01135e+10	1.00447e+10	6.12367e+09	9.75807e+09	2.90337e+09	1.04225e+10	9.02694e+09	9.36598e+09	6.71555e+09	3.94327e+09	5.99911e+09	7.48878e+09	7.46778e+09	7.52445e+09	6.70123e+09	6.35107e+09	6.13619e+09	6.26009e+09	6.2971e+09	6.24292e+09	3.11738e+09	4.54682e+09	4.77719e+09	3.62855e+09	3.70792e+09	3.52487e+09	7.49585e+09	7.10378e+09	6.90485e+09	6.73259e+09	6.99884e+09	6.90128e+09	3.28158e+09	3.04934e+09	5.77328e+09	5.78242e+09	5.81521e+09	5.83492e+09	5.38458e+09	5.58558e+09	5.22376e+09	8.18872e+09	8.14056e+09	8.09414e+09	6.69488e+09	7.02883e+09	7.03015e+09	5.45752e+09	5.47631e+09	5.53857e+09	7.92117e+09	7.27641e+09	7.91569e+09	7.11838e+09	7.87396e+09	7.89419e+09	7.30228e+09	7.5245e+09	7.56237e+09	5.69765e+09	5.8116e+09	5.68851e+09	5.30987e+09	6.87852e+09	7.31766e+09	7.04888e+09	7.05276e+09	7.10689e+09	7.71987e+09	7.91072e+09	7.93e+09	6.31251e+09	6.40612e+09	6.31038e+09	5.85868e+09	6.82513e+09	7.30734e+09	7.25882e+09	7.3861e+09	6.82283e+09	9.13748e+09	8.80612e+09	8.71687e+09	8.55009e+09	8.68556e+09	8.63169e+09	7.83549e+09	8.21887e+09	8.29501e+09	7.20343e+09	7.27617e+09	7.311e+09
ERR610187-k20-n1-x5e9	6.17471e+09	6.95376e+09	7.27608e+09	7.80478e+09	7.81143e+09	7.77215e+09	4.88701e+09	7.30459e+09	2.38163e+09	7.73001e+09	6.66383e+09	6.71555e+09	5.81471e+09	3.36501e+09	5.08051e+09	6.15766e+09	6.1466e+09	6.18641e+09	5.28654e+09	5.02221e+09	4.88738e+09	4.97759e+09	4.99403e+09	4.96347e+09	2.596e+09	3.78253e+09	3.98013e+09	3.0565e+09	3.11643e+09	2.9657e+09	5.90457e+09	5.61572e+09	5.47988e+09	5.37952e+09	5.47579e+09	5.41437e+09	2.7774e+09	2.57448e+09	4.73121e+09	4.71467e+09	4.72988e+09	4.73445e+09	4.46768e+09	4.63047e+09	4.3535e+09	6.47306e+09	6.44373e+09	6.41067e+09	5.34701e+09	5.61163e+09	5.58555e+09	4.4939e+09	4.50836e+09	4.55443e+09	6.16334e+09	5.66306e+09	6.15845e+09	5.55914e+09	6.10711e+09	6.12424e+09	5.80753e+09	5.97636e+09	5.98665e+09	4.66449e+09	4.74621e+09	4.65373e+09	4.19185e+09	5.40829e+09	5.74275e+09	5.54046e+09	5.5265e+09	5.56918e+09	6.03418e+09	6.18632e+09	6.18024e+09	5.06301e+09	5.12356e+09	5.05872e+09	4.73562e+09	5.49615e+09	5.84873e+09	5.82594e+09	5.91276e+09	5.48975e+09	6.96022e+09	6.71812e+09	6.65983e+09	6.56764e+09	6.5669e+09	6.53949e+09	6.19041e+09	6.47753e+09	6.49471e+09	5.7663e+09	5.83834e+09	5.86468e+09
ERR610188-k20-n1-x5e9	3.61833e+09	3.97676e+09	4.12715e+09	4.39737e+09	4.40115e+09	4.38085e+09	3.01855e+09	4.19549e+09	1.59858e+09	4.39796e+09	3.91942e+09	3.94327e+09	3.36501e+09	2.31064e+09	3.10052e+09	3.62574e+09	3.61982e+09	3.63872e+09	3.22383e+09	3.09562e+09	3.02644e+09	3.07161e+09	3.08092e+09	3.06498e+09	1.72808e+09	2.39539e+09	2.49819e+09	1.99127e+09	2.02398e+09	1.93862e+09	3.51918e+09	3.38234e+09	3.31668e+09	3.26193e+09	3.32652e+09	3.29462e+09	1.85584e+09	1.73333e+09	2.93668e+09	2.93298e+09	2.94284e+09	2.9477e+09	2.795e+09	2.87479e+09	2.73262e+09	3.77409e+09	3.75869e+09	3.74316e+09	3.20143e+09	3.32674e+09	3.32194e+09	2.75011e+09	2.75704e+09	2.78091e+09	3.62117e+09	3.38128e+09	3.61829e+09	3.3254e+09	3.59939e+09	3.60698e+09	3.44917e+09	3.52988e+09	3.53976e+09	2.86036e+09	2.90305e+09	2.85582e+09	2.62126e+09	3.24636e+09	3.4092e+09	3.31034e+09	3.30621e+09	3.32732e+09	3.55739e+09	3.62794e+09	3.63094e+09	3.05591e+09	3.09024e+09	3.05649e+09	2.90937e+09	3.27891e+09	3.45315e+09	3.43798e+09	3.48302e+09	3.27737e+09	4.02798e+09	3.91571e+09	3.8881e+09	3.83745e+09	3.85605e+09	3.84071e+09	3.62812e+09	3.7654e+09	3.78311e+09	3.40972e+09	3.4414e+09	3.45448e+09
ERR610189-k20-n1-x5e9	5.52897e+09	6.18174e+09	6.4519e+09	6.90343e+09	6.9095e+09	6.87546e+09	4.43927e+09	6.49215e+09	2.19985e+09	6.85083e+09	5.95539e+09	5.99911e+09	5.08051e+09	3.10052e+09	4.75062e+09	5.51764e+09	5.50805e+09	5.54131e+09	4.78115e+09	4.55368e+09	4.43819e+09	4.51615e+09	4.53033e+09	4.50345e+09	2.39426e+09	3.45891e+09	3.63365e+09	2.81125e+09	2.86456e+09	2.72949e+09	5.3074e+09	5.06303e+09	4.94764e+09	4.861e+09	4.94453e+09	4.89174e+09	2.56768e+09	2.383e+09	4.30623e+09	4.29186e+09	4.30512e+09	4.30929e+09	4.07462e+09	4.21583e+09	3.9746e+09	5.78319e+09	5.75812e+09	5.73044e+09	4.80503e+09	5.03089e+09	5.01019e+09	4.06693e+09	4.07898e+09	4.11892e+09	5.50701e+09	5.07857e+09	5.50287e+09	4.98803e+09	5.45974e+09	5.47419e+09	5.20791e+09	5.35132e+09	5.36123e+09	4.22113e+09	4.29252e+09	4.21232e+09	3.80311e+09	4.86039e+09	5.14686e+09	4.9733e+09	4.96179e+09	4.99891e+09	5.39566e+09	5.52511e+09	5.52121e+09	4.55853e+09	4.61182e+09	4.55563e+09	4.28747e+09	4.9393e+09	5.24053e+09	5.21997e+09	5.29432e+09	4.93392e+09	6.19554e+09	5.99117e+09	5.94106e+09	5.86036e+09	5.86438e+09	5.84054e+09	5.52925e+09	5.77326e+09	5.78986e+09	5.16426e+09	5.22525e+09	5.24818e+09
ERR610190-k20-n1-x5e9	6.77626e+09	7.66776e+09	8.0398e+09	8.67641e+09	8.68512e+09	8.6377e+09	5.32785e+09	8.13595e+09	2.5647e+09	8.62966e+09	7.43069e+09	7.48878e+09	6.15766e+09	3.62574e+09	5.51764e+09	6.97005e+09	6.75958e+09	6.80545e+09	5.80058e+09	5.50128e+09	5.34376e+09	5.44692e+09	5.46854e+09	5.43085e+09	2.79721e+09	4.08725e+09	4.30162e+09	3.2865e+09	3.35318e+09	3.18895e+09	6.49851e+09	6.1673e+09	6.01186e+09	5.88957e+09	6.02419e+09	5.95172e+09	2.97311e+09	2.75546e+09	5.1335e+09	5.11883e+09	5.13902e+09	5.14633e+09	4.83454e+09	5.01585e+09	4.70396e+09	7.1403e+09	7.10532e+09	7.06703e+09	5.90115e+09	6.19813e+09	6.17552e+09	4.91009e+09	4.92623e+09	4.97766e+09	6.8493e+09	6.29321e+09	6.8445e+09	6.17418e+09	6.79109e+09	6.81042e+09	6.41885e+09	6.60998e+09	6.62732e+09	5.10126e+09	5.19527e+09	5.0901e+09	4.62032e+09	5.98698e+09	6.36493e+09	6.13581e+09	6.12147e+09	6.16988e+09	6.70556e+09	6.87483e+09	6.87218e+09	5.58269e+09	5.65448e+09	5.57871e+09	5.18874e+09	6.04133e+09	6.44335e+09	6.4149e+09	6.51643e+09	6.0351e+09	7.75729e+09	7.48308e+09	7.41751e+09	7.3065e+09	7.32498e+09	7.29138e+09	6.86391e+09	7.18756e+09	7.21735e+09	6.36934e+09	6.44706e+09	6.47653e+09
ERR610191-k20-n1-x5e9	6.76465e+09	7.65425e+09	8.02638e+09	8.65962e+09	8.66812e+09	8.62034e+09	5.31571e+09	8.11541e+09	2.55975e+09	8.60844e+09	7.40953e+09	7.46778e+09	6.1466e+09	3.61982e+09	5.50805e+09	6.75958e+09	6.94279e+09	6.79209e+09	5.78696e+09	5.48876e+09	5.3321e+09	5.43506e+09	5.45618e+09	5.41822e+09	2.79319e+09	4.08148e+09	4.29575e+09	3.28236e+09	3.34845e+09	3.18479e+09	6.48347e+09	6.153e+09	5.99755e+09	5.87696e+09	6.01e+09	5.9373e+09	2.96833e+09	2.75069e+09	5.12383e+09	5.10898e+09	5.12911e+09	5.13586e+09	4.8264e+09	5.00725e+09	4.69616e+09	7.1254e+09	7.08984e+09	7.05266e+09	5.88653e+09	6.18364e+09	6.16073e+09	4.8996e+09	4.91591e+09	4.96764e+09	6.83081e+09	6.27475e+09	6.826e+09	6.15621e+09	6.77256e+09	6.79197e+09	6.40337e+09	6.59427e+09	6.61102e+09	5.09025e+09	5.18415e+09	5.0792e+09	4.60871e+09	5.97103e+09	6.34898e+09	6.12066e+09	6.10564e+09	6.15413e+09	6.68743e+09	6.85644e+09	6.85367e+09	5.56865e+09	5.63988e+09	5.56441e+09	5.17681e+09	6.02798e+09	6.42885e+09	6.40046e+09	6.50202e+09	6.02204e+09	7.73682e+09	7.46238e+09	7.39662e+09	7.28618e+09	7.3037e+09	7.27019e+09	6.84653e+09	7.17031e+09	7.19928e+09	6.35349e+09	6.43231e+09	6.46144e+09
ERR610192-k20-n1-x5e9	6.8096e+09	7.70879e+09	8.0842e+09	8.72575e+09	8.73386e+09	8.6863e+09	5.34898e+09	8.17813e+09	2.57351e+09	8.67595e+09	7.46562e+09	7.52445e+09	6.18641e+09	3.63872e+09	5.54131e+09	6.80545e+09	6.79209e+09	7.03725e+09	5.82438e+09	5.52348e+09	5.36487e+09	5.46886e+09	5.49059e+09	5.45274e+09	2.80711e+09	4.10293e+09	4.31863e+09	3.29873e+09	3.3657e+09	3.20064e+09	6.52797e+09	6.19439e+09	6.03672e+09	5.91493e+09	6.05019e+09	5.97596e+09	2.9828e+09	2.76406e+09	5.15323e+09	5.13858e+09	5.15863e+09	5.16588e+09	4.85389e+09	5.03663e+09	4.72229e+09	7.17573e+09	7.14021e+09	7.10194e+09	5.92786e+09	6.22781e+09	6.20438e+09	4.93094e+09	4.94747e+09	4.99977e+09	6.88475e+09	6.32417e+09	6.87958e+09	6.20464e+09	6.82588e+09	6.84472e+09	6.45034e+09	6.64166e+09	6.65977e+09	5.12308e+09	5.21846e+09	5.11202e+09	4.63908e+09	6.01407e+09	6.3954e+09	6.16429e+09	6.15012e+09	6.19824e+09	6.73898e+09	6.90984e+09	6.9075e+09	5.60927e+09	5.68158e+09	5.60433e+09	5.21043e+09	6.06894e+09	6.47414e+09	6.44549e+09	6.54764e+09	6.06324e+09	7.7974e+09	7.52129e+09	7.45427e+09	7.34297e+09	7.36105e+09	7.32708e+09	6.89833e+09	7.22515e+09	7.25439e+09	6.39969e+09	6.47828e+09	6.50824e+09
ERR605581-k20-n1-x5e9	5.93988e+09	6.65518e+09	6.96158e+09	7.53117e+09	7.54077e+09	7.49704e+09	4.80472e+09	7.18508e+09	2.35662e+09	7.60742e+09	6.6536e+09	6.70123e+09	5.28654e+09	3.22383e+09	4.78115e+09	5.80058e+09	5.78696e+09	5.82438e+09	5.51108e+09	5.07562e+09	4.9269e+09	5.01523e+09	5.03958e+09	5.00253e+09	2.55325e+09	3.68243e+09	3.86241e+09	2.97573e+09	3.03587e+09	2.89246e+09	5.80666e+09	5.5373e+09	5.40098e+09	5.288e+09	5.43638e+09	5.37348e+09	2.71122e+09	2.51923e+09	4.61546e+09	4.61277e+09	4.63329e+09	4.64316e+09	4.31597e+09	4.46475e+09	4.20174e+09	6.25085e+09	6.21877e+09	6.18798e+09	5.14394e+09	5.38101e+09	5.37389e+09	4.29316e+09	4.30649e+09	4.35105e+09	5.95965e+09	5.49164e+09	5.95438e+09	5.38072e+09	5.91922e+09	5.93279e+09	5.58724e+09	5.74186e+09	5.76349e+09	4.47534e+09	4.55558e+09	4.4653e+09	4.12063e+09	5.25395e+09	5.56156e+09	5.37371e+09	5.37137e+09	5.41011e+09	5.82249e+09	5.95962e+09	5.96718e+09	4.85669e+09	4.92003e+09	4.85398e+09	4.59305e+09	5.28589e+09	5.61931e+09	5.58806e+09	5.67364e+09	5.28276e+09	6.81157e+09	6.58364e+09	6.52342e+09	6.41536e+09	6.47696e+09	6.44356e+09	5.93709e+09	6.20492e+09	6.24666e+09	5.5097e+09	5.56772e+09	5.59256e+09
ERR605582-k20-n1-x5e9	5.6276e+09	6.28627e+09	6.56941e+09	7.09944e+09	7.10812e+09	7.06774e+09	4.58296e+09	6.78629e+09	2.26684e+09	7.17537e+09	6.30731e+09	6.35107e+09	5.02221e+09	3.09562e+09	4.55368e+09	5.50128e+09	5.48876e+09	5.52348e+09	5.07562e+09	5.00918e+09	4.70039e+09	4.78265e+09	4.80562e+09	4.7705e+09	2.45152e+09	3.51901e+09	3.68743e+09	2.85095e+09	2.90792e+09	2.77195e+09	5.51192e+09	5.26416e+09	5.13725e+09	5.03096e+09	5.17631e+09	5.11705e+09	2.60385e+09	2.42246e+09	4.40356e+09	4.40246e+09	4.4227e+09	4.43282e+09	4.11967e+09	4.25786e+09	4.01061e+09	5.91726e+09	5.88711e+09	5.85908e+09	4.88285e+09	5.10203e+09	5.09711e+09	4.08465e+09	4.09744e+09	4.13893e+09	5.64157e+09	5.20917e+09	5.63706e+09	5.10506e+09	5.60571e+09	5.61825e+09	5.29878e+09	5.44166e+09	5.46314e+09	4.25868e+09	4.3345e+09	4.25016e+09	3.93144e+09	4.988e+09	5.27366e+09	5.09936e+09	5.09814e+09	5.1341e+09	5.51541e+09	5.64165e+09	5.65033e+09	4.61482e+09	4.67444e+09	4.61267e+09	4.37197e+09	5.01488e+09	5.32397e+09	5.29499e+09	5.37498e+09	5.01178e+09	6.43691e+09	6.22714e+09	6.17156e+09	6.06951e+09	6.13342e+09	6.10193e+09	5.62118e+09	5.86818e+09	5.90881e+09	5.22279e+09	5.27636e+09	5.29897e+09
ERR605583-k20-n1-x5e9	5.46324e+09	6.0939e+09	6.36457e+09	6.86722e+09	6.8755e+09	6.8368e+09	4.45955e+09	6.56539e+09	2.21536e+09	6.93855e+09	6.09453e+09	6.13619e+09	4.88738e+09	3.02644e+09	4.43819e+09	5.34376e+09	5.3321e+09	5.36487e+09	4.9269e+09	4.70039e+09	4.733e+09	4.64931e+09	4.67019e+09	4.63809e+09	2.40021e+09	3.43931e+09	3.6027e+09	2.79079e+09	2.84612e+09	2.714e+09	5.34825e+09	5.10956e+09	4.99113e+09	4.8905e+09	5.02178e+09	4.965e+09	2.55301e+09	2.37419e+09	4.29521e+09	4.28958e+09	4.30861e+09	4.31773e+09	4.02196e+09	4.15585e+09	3.91813e+09	5.7426e+09	5.71438e+09	5.68745e+09	4.7443e+09	4.95574e+09	4.94943e+09	3.98135e+09	3.9937e+09	4.0334e+09	5.47171e+09	5.05407e+09	5.46739e+09	4.95395e+09	5.43612e+09	5.4487e+09	5.14688e+09	5.28402e+09	5.30352e+09	4.14925e+09	4.22205e+09	4.14081e+09	3.82308e+09	4.84342e+09	5.11836e+09	4.9512e+09	4.9475e+09	4.98158e+09	5.35064e+09	5.47281e+09	5.48028e+09	4.48565e+09	4.5424e+09	4.48397e+09	4.2581e+09	4.87712e+09	5.17372e+09	5.14664e+09	5.22329e+09	4.87481e+09	6.23399e+09	6.03144e+09	5.98046e+09	5.8834e+09	5.93799e+09	5.90789e+09	5.45553e+09	5.69381e+09	5.73155e+09	5.07374e+09	5.1262e+09	5.14802e+09
ERR605584-k20-n1-x5e9	5.56901e+09	6.21771e+09	6.49579e+09	7.01358e+09	7.02221e+09	6.9823e+09	4.5358e+09	6.69972e+09	2.24649e+09	7.08374e+09	6.21696e+09	6.26009e+09	4.97759e+09	3.07161e+09	4.51615e+09	5.44692e+09	5.43506e+09	5.46886e+09	5.01523e+09	4.78265e+09	4.64931e+09	4.89719e+09	4.75433e+09	4.72067e+09	2.43479e+09	3.49398e+09	3.66136e+09	2.83273e+09	2.88862e+09	2.75424e+09	5.44872e+09	5.20351e+09	5.08152e+09	4.97877e+09	5.11338e+09	5.05567e+09	2.58768e+09	2.40543e+09	4.36534e+09	4.36215e+09	4.3813e+09	4.39019e+09	4.08744e+09	4.22448e+09	3.98081e+09	5.85426e+09	5.82484e+09	5.79773e+09	4.83375e+09	5.05099e+09	5.04424e+09	4.05204e+09	4.06436e+09	4.10471e+09	5.58029e+09	5.1525e+09	5.57591e+09	5.04996e+09	5.5438e+09	5.55671e+09	5.24453e+09	5.38641e+09	5.40663e+09	4.22269e+09	4.29724e+09	4.21488e+09	3.88999e+09	4.93477e+09	5.21733e+09	5.04546e+09	5.04182e+09	5.07723e+09	5.45618e+09	5.5815e+09	5.58871e+09	4.56895e+09	4.62763e+09	4.56775e+09	4.33341e+09	4.9688e+09	5.2731e+09	5.24539e+09	5.32381e+09	4.96604e+09	6.36076e+09	6.15289e+09	6.09998e+09	6.00108e+09	6.05675e+09	6.02632e+09	5.56288e+09	5.80704e+09	5.846e+09	5.17121e+09	5.22431e+09	5.2468e+09
ERR605585-k20-n1-x5e9	5.59035e+09	6.24316e+09	6.52282e+09	7.0468e+09	7.05558e+09	7.01525e+09	4.55363e+09	6.73536e+09	2.25433e+09	7.12188e+09	6.25361e+09	6.2971e+09	4.99403e+09	3.08092e+09	4.53033e+09	5.46854e+09	5.45618e+09	5.49059e+09	5.03958e+09	4.80562e+09	4.67019e+09	4.75433e+09	4.94323e+09	4.74267e+09	2.44259e+09	3.50504e+09	3.6727e+09	2.84039e+09	2.89694e+09	2.76185e+09	5.47444e+09	5.22731e+09	5.10484e+09	5.00012e+09	5.13917e+09	5.07998e+09	2.59351e+09	2.41136e+09	4.37965e+09	4.37683e+09	4.39626e+09	4.40592e+09	4.09973e+09	4.23722e+09	3.99203e+09	5.88029e+09	5.85131e+09	5.82267e+09	4.85703e+09	5.07475e+09	5.06905e+09	4.06674e+09	4.07965e+09	4.12045e+09	5.6105e+09	5.18055e+09	5.60598e+09	5.07781e+09	5.57467e+09	5.58733e+09	5.27084e+09	5.41255e+09	5.43316e+09	4.23994e+09	4.31487e+09	4.23156e+09	3.90954e+09	4.96015e+09	5.24363e+09	5.07129e+09	5.06811e+09	5.10384e+09	5.48548e+09	5.61094e+09	5.61919e+09	4.59126e+09	4.6506e+09	4.58946e+09	4.35119e+09	4.98933e+09	5.29586e+09	5.26752e+09	5.34657e+09	4.9869e+09	6.39546e+09	6.18633e+09	6.1333e+09	6.0331e+09	6.09132e+09	6.06021e+09	5.59097e+09	5.83709e+09	5.87627e+09	5.1954e+09	5.24937e+09	5.27136e+09
ERR605586-k20-n1-x5e9	5.55233e+09	6.19854e+09	6.4756e+09	6.99264e+09	7.00146e+09	6.9617e+09	4.5236e+09	6.68122e+09	2.24141e+09	7.06495e+09	6.19989e+09	6.24292e+09	4.96347e+09	3.06498e+09	4.50345e+09	5.43085e+09	5.41822e+09	5.45274e+09	5.00253e+09	4.7705e+09	4.63809e+09	4.72067e+09	4.74267e+09	4.87343e+09	2.43049e+09	3.48668e+09	3.65358e+09	2.82732e+09	2.88268e+09	2.74841e+09	5.43322e+09	5.18883e+09	5.06761e+09	4.96556e+09	5.0993e+09	5.04183e+09	2.58179e+09	2.40027e+09	4.35378e+09	4.35023e+09	4.36955e+09	4.37851e+09	4.07783e+09	4.2142e+09	3.97095e+09	5.83761e+09	5.80931e+09	5.78157e+09	4.82081e+09	5.03698e+09	5.02998e+09	4.04084e+09	4.05351e+09	4.09412e+09	5.56663e+09	5.14022e+09	5.56209e+09	5.03805e+09	5.52992e+09	5.54315e+09	5.23091e+09	5.37176e+09	5.39152e+09	4.21223e+09	4.28614e+09	4.2037e+09	3.88059e+09	4.92152e+09	5.20239e+09	5.03099e+09	5.02702e+09	5.06279e+09	5.44212e+09	5.56733e+09	5.57476e+09	4.55702e+09	4.61544e+09	4.55564e+09	4.32148e+09	4.95424e+09	5.25722e+09	5.22987e+09	5.30764e+09	4.95171e+09	6.34367e+09	6.13618e+09	6.08345e+09	5.98498e+09	6.04026e+09	6.00994e+09	5.54776e+09	5.79138e+09	5.83065e+09	5.15659e+09	5.21011e+09	5.23219e+09
ERR607585-k20-n1-x5e9	2.88621e+09	3.16738e+09	3.28736e+09	3.51255e+09	3.51583e+09	3.49922e+09	2.37899e+09	3.32455e+09	1.29508e+09	3.50535e+09	3.09746e+09	3.11738e+09	2.596e+09	1.72808e+09	2.39426e+09	2.79721e+09	2.79319e+09	2.80711e+09	2.55325e+09	2.45152e+09	2.40021e+09	2.43479e+09	2.44259e+09	2.43049e+09	1.57495e+09	2.01466e+09	2.09135e+09	1.69588e+09	1.72253e+09	1.65606e+09	2.74876e+09	2.64121e+09	2.59017e+09	2.54833e+09	2.59583e+09	2.57121e+09	1.50792e+09	1.41269e+09	2.3298e+09	2.3266e+09	2.33461e+09	2.33829e+09	2.22499e+09	2.28691e+09	2.1765e+09	2.99361e+09	2.98129e+09	2.97024e+09	2.47165e+09	2.56846e+09	2.56565e+09	2.12154e+09	2.12605e+09	2.145e+09	2.79382e+09	2.58211e+09	2.79145e+09	2.52899e+09	2.77734e+09	2.78387e+09	2.67393e+09	2.73692e+09	2.74588e+09	2.21558e+09	2.24897e+09	2.21173e+09	2.0283e+09	2.5183e+09	2.6437e+09	2.5666e+09	2.56308e+09	2.58053e+09	2.74075e+09	2.79984e+09	2.80549e+09	2.33071e+09	2.35756e+09	2.33111e+09	2.28481e+09	2.57386e+09	2.70802e+09	2.69793e+09	2.73183e+09	2.57346e+09	3.15922e+09	3.05986e+09	3.03587e+09	2.98876e+09	3.01377e+09	2.99879e+09	2.81173e+09	2.92579e+09	2.94373e+09	2.63311e+09	2.65759e+09	2.6681e+09
ERR607586-k20-n1-x5e9	4.23945e+09	4.69426e+09	4.88657e+09	5.22646e+09	5.23099e+09	5.20528e+09	3.41969e+09	4.90197e+09	1.76162e+09	5.1846e+09	4.51393e+09	4.54682e+09	3.78253e+09	2.39539e+09	3.45891e+09	4.08725e+09	4.08148e+09	4.10293e+09	3.68243e+09	3.51901e+09	3.43931e+09	3.49398e+09	3.50504e+09	3.48668e+09	2.01466e+09	2.96497e+09	2.96974e+09	2.34107e+09	2.38234e+09	2.27747e+09	4.00027e+09	3.82813e+09	3.74649e+09	3.6867e+09	3.74463e+09	3.70824e+09	2.06742e+09	1.92435e+09	3.34505e+09	3.33482e+09	3.34498e+09	3.34814e+09	3.18525e+09	3.28528e+09	3.1134e+09	4.39523e+09	4.37636e+09	4.35807e+09	3.58326e+09	3.74098e+09	3.72889e+09	3.05847e+09	3.06582e+09	3.0948e+09	4.0778e+09	3.73776e+09	4.07435e+09	3.65862e+09	4.0458e+09	4.05606e+09	3.88654e+09	3.98856e+09	3.99767e+09	3.18516e+09	3.2359e+09	3.17848e+09	2.88132e+09	3.64257e+09	3.84331e+09	3.72022e+09	3.71324e+09	3.74032e+09	3.99131e+09	4.08806e+09	4.09193e+09	3.3664e+09	3.40442e+09	3.36437e+09	3.27947e+09	3.74309e+09	3.95289e+09	3.93972e+09	3.99174e+09	3.74025e+09	4.64166e+09	4.48151e+09	4.44366e+09	4.37375e+09	4.39552e+09	4.3741e+09	4.10726e+09	4.28978e+09	4.3097e+09	3.83442e+09	3.87678e+09	3.89345e+09
ERR607587-k20-n1-x5e9	4.46673e+09	4.9554e+09	5.16196e+09	5.51949e+09	5.5241e+09	5.49722e+09	3.58556e+09	5.16467e+09	1.83188e+09	5.46613e+09	4.74219e+09	4.77719e+09	3.98013e+09	2.49819e+09	3.63365e+09	4.30162e+09	4.29575e+09	4.31863e+09	3.86241e+09	3.68743e+09	3.6027e+09	3.66136e+09	3.6727e+09	3.65358e+09	2.09135e+09	2.96974e+09	3.23916e+09	2.43834e+09	2.48173e+09	2.37068e+09	4.20458e+09	4.0204e+09	3.93371e+09	3.87115e+09	3.92729e+09	3.88955e+09	2.15358e+09	2.00267e+09	3.50865e+09	3.49598e+09	3.5057e+09	3.50907e+09	3.33942e+09	3.447e+09	3.26326e+09	4.62936e+09	4.6097e+09	4.59084e+09	3.76266e+09	3.93222e+09	3.91711e+09	3.21103e+09	3.21839e+09	3.24887e+09	4.28505e+09	3.92041e+09	4.28156e+09	3.83757e+09	4.24933e+09	4.26056e+09	4.08239e+09	4.19183e+09	4.20003e+09	3.34188e+09	3.39418e+09	3.33393e+09	3.01296e+09	3.82139e+09	4.03603e+09	3.90476e+09	3.89708e+09	3.92565e+09	4.19333e+09	4.29774e+09	4.2996e+09	3.533e+09	3.57211e+09	3.53021e+09	3.4389e+09	3.93539e+09	4.15865e+09	4.14584e+09	4.1999e+09	3.93193e+09	4.88347e+09	4.71139e+09	4.67084e+09	4.59795e+09	4.61552e+09	4.59347e+09	4.31834e+09	4.51373e+09	4.53236e+09	4.0301e+09	4.07719e+09	4.09479e+09
ERR607588-k20-n1-x5e9	3.40428e+09	3.74898e+09	3.89497e+09	4.1517e+09	4.15491e+09	4.13522e+09	2.77808e+09	3.9014e+09	1.47931e+09	4.11551e+09	3.60403e+09	3.62855e+09	3.0565e+09	1.99127e+09	2.81125e+09	3.2865e+09	3.28236e+09	3.29873e+09	2.97573e+09	2.85095e+09	2.79079e+09	2.83273e+09	2.84039e+09	2.82732e+09	1.69588e+09	2.34107e+09	2.43834e+09	2.05113e+09	1.9901e+09	1.90904e+09	3.21972e+09	3.08906e+09	3.02692e+09	2.98202e+09	3.02297e+09	2.9953e+09	1.73859e+09	1.62287e+09	2.72462e+09	2.71715e+09	2.7244e+09	2.7269e+09	2.60309e+09	2.679e+09	2.54863e+09	3.51893e+09	3.5045e+09	3.49088e+09	2.88431e+09	3.00513e+09	2.99664e+09	2.48109e+09	2.48658e+09	2.50892e+09	3.26453e+09	3.00214e+09	3.26175e+09	2.94141e+09	3.24017e+09	3.2481e+09	3.12407e+09	3.20264e+09	3.2091e+09	2.58672e+09	2.62526e+09	2.5813e+09	2.33423e+09	2.92832e+09	3.08327e+09	2.98848e+09	2.98362e+09	3.00448e+09	3.19716e+09	3.27163e+09	3.2745e+09	2.7182e+09	2.74727e+09	2.71707e+09	2.65876e+09	3.01525e+09	3.17657e+09	3.16613e+09	3.20566e+09	3.01349e+09	3.69925e+09	3.57774e+09	3.54827e+09	3.49497e+09	3.5107e+09	3.49475e+09	3.28964e+09	3.42977e+09	3.44472e+09	3.0814e+09	3.11393e+09	3.12667e+09
ERR607589-k20-n1-x5e9	3.47309e+09	3.82711e+09	3.9773e+09	4.24056e+09	4.24397e+09	4.22419e+09	2.83219e+09	3.98619e+09	1.50289e+09	4.20636e+09	3.6824e+09	3.70792e+09	3.11643e+09	2.02398e+09	2.86456e+09	3.35318e+09	3.34845e+09	3.3657e+09	3.03587e+09	2.90792e+09	2.84612e+09	2.88862e+09	2.89694e+09	2.88268e+09	1.72253e+09	2.38234e+09	2.48173e+09	1.9901e+09	2.11763e+09	1.93953e+09	3.28497e+09	3.15129e+09	3.08769e+09	3.04079e+09	3.08412e+09	3.05571e+09	1.76539e+09	1.64782e+09	2.77547e+09	2.76867e+09	2.7763e+09	2.77896e+09	2.65052e+09	2.7286e+09	2.59419e+09	3.59195e+09	3.5775e+09	3.56378e+09	2.94219e+09	3.06689e+09	3.05774e+09	2.52764e+09	2.53403e+09	2.55682e+09	3.3328e+09	3.06431e+09	3.32956e+09	3.00162e+09	3.30775e+09	3.31593e+09	3.18789e+09	3.26823e+09	3.27501e+09	2.63582e+09	2.67562e+09	2.63058e+09	2.3803e+09	2.98839e+09	3.14684e+09	3.04963e+09	3.04444e+09	3.06625e+09	3.2638e+09	3.34002e+09	3.34308e+09	2.77202e+09	2.80225e+09	2.77098e+09	2.71043e+09	3.07568e+09	3.24108e+09	3.23028e+09	3.27098e+09	3.07394e+09	3.77792e+09	3.65335e+09	3.62308e+09	3.56861e+09	3.5857e+09	3.56914e+09	3.35801e+09	3.50137e+09	3.51672e+09	3.1443e+09	3.17737e+09	3.19043e+09
ERR607590-k20-n1-x5e9	3.30101e+09	3.63308e+09	3.77381e+09	4.02255e+09	4.02549e+09	4.00661e+09	2.70018e+09	3.78541e+09	1.44372e+09	3.99206e+09	3.50106e+09	3.52487e+09	2.9657e+09	1.93862e+09	2.72949e+09	3.18895e+09	3.18479e+09	3.20064e+09	2.89246e+09	2.77195e+09	2.714e+09	2.75424e+09	2.76185e+09	2.74841e+09	1.65606e+09	2.27747e+09	2.37068e+09	1.90904e+09	1.93953e+09	1.95054e+09	3.12678e+09	3.00169e+09	2.94101e+09	2.89698e+09	2.93835e+09	2.91142e+09	1.69549e+09	1.5834e+09	2.64678e+09	2.64051e+09	2.64791e+09	2.65056e+09	2.52828e+09	2.60175e+09	2.47588e+09	3.41321e+09	3.39981e+09	3.38667e+09	2.79944e+09	2.91631e+09	2.90869e+09	2.40713e+09	2.41286e+09	2.43448e+09	3.16966e+09	2.91706e+09	3.16664e+09	2.85771e+09	3.14636e+09	3.15371e+09	3.03341e+09	3.10887e+09	3.11577e+09	2.51148e+09	2.54876e+09	2.50651e+09	2.26822e+09	2.84334e+09	2.99289e+09	2.90093e+09	2.89672e+09	2.91686e+09	3.10413e+09	3.1754e+09	3.17865e+09	2.63897e+09	2.66813e+09	2.63838e+09	2.58201e+09	2.92613e+09	3.08227e+09	3.07159e+09	3.1101e+09	2.92451e+09	3.58998e+09	3.47345e+09	3.44493e+09	3.39323e+09	3.41009e+09	3.39433e+09	3.19215e+09	3.32738e+09	3.34236e+09	2.99015e+09	3.02146e+09	3.03388e+09
ERR605737-k20-n1-x5e9	6.60376e+09	7.45246e+09	7.81251e+09	8.45856e+09	8.46944e+09	8.41884e+09	5.30527e+09	8.09475e+09	2.5585e+09	8.57524e+09	7.43916e+09	7.49585e+09	5.90457e+09	3.51918e+09	5.3074e+09	6.49851e+09	6.48347e+09	6.52797e+09	5.80666e+09	5.51192e+09	5.34825e+09	5.44872e+09	5.47444e+09	5.43322e+09	2.74876e+09	4.00027e+09	4.20458e+09	3.21972e+09	3.28497e+09	3.12678e+09	6.76891e+09	6.24264e+09	6.07998e+09	5.94826e+09	6.10827e+09	6.03348e+09	2.96312e+09	2.75104e+09	5.09345e+09	5.08425e+09	5.10611e+09	5.11599e+09	4.76131e+09	4.93374e+09	4.63312e+09	7.01204e+09	6.97511e+09	6.9383e+09	5.76453e+09	6.04703e+09	6.03312e+09	4.78355e+09	4.79983e+09	4.85049e+09	6.72871e+09	6.20025e+09	6.72314e+09	6.0811e+09	6.67666e+09	6.69289e+09	6.26604e+09	6.44691e+09	6.46903e+09	4.97571e+09	5.06806e+09	4.96485e+09	4.55491e+09	5.87585e+09	6.24125e+09	6.01936e+09	6.01198e+09	6.0582e+09	6.56185e+09	6.72095e+09	6.72445e+09	5.45689e+09	5.53011e+09	5.45393e+09	5.07362e+09	5.88659e+09	6.27787e+09	6.243e+09	6.3424e+09	5.87981e+09	7.67883e+09	7.41898e+09	7.35237e+09	7.23824e+09	7.27869e+09	7.24447e+09	6.6778e+09	6.98717e+09	7.02693e+09	6.19072e+09	6.26161e+09	6.28949e+09
ERR605738-k20-n1-x5e9	6.262e+09	7.0407e+09	7.37137e+09	7.96962e+09	7.97935e+09	7.93252e+09	5.06809e+09	7.64416e+09	2.46243e+09	8.08556e+09	7.052e+09	7.10378e+09	5.61572e+09	3.38234e+09	5.06303e+09	6.1673e+09	6.153e+09	6.19439e+09	5.5373e+09	5.26416e+09	5.10956e+09	5.20351e+09	5.22731e+09	5.18883e+09	2.64121e+09	3.82813e+09	4.0204e+09	3.08906e+09	3.15129e+09	3.00169e+09	6.24264e+09	6.12568e+09	5.7915e+09	5.66748e+09	5.82123e+09	5.75122e+09	2.85238e+09	2.65005e+09	4.8692e+09	4.86229e+09	4.88371e+09	4.89268e+09	4.5536e+09	4.71436e+09	4.43253e+09	6.64289e+09	6.60862e+09	6.57491e+09	5.47335e+09	5.73447e+09	5.72252e+09	4.55585e+09	4.57102e+09	4.61894e+09	6.36867e+09	5.88033e+09	6.36316e+09	5.76905e+09	6.32127e+09	6.3364e+09	5.94279e+09	6.10996e+09	6.13186e+09	4.73995e+09	4.82627e+09	4.72991e+09	4.34588e+09	5.57865e+09	5.91699e+09	5.71222e+09	5.7064e+09	5.74936e+09	6.21476e+09	6.36077e+09	6.36483e+09	5.187e+09	5.25586e+09	5.1847e+09	4.83444e+09	5.5889e+09	5.95168e+09	5.91786e+09	6.01108e+09	5.58368e+09	7.25496e+09	7.01719e+09	6.95479e+09	6.84799e+09	6.89114e+09	6.85901e+09	6.32127e+09	6.60667e+09	6.64524e+09	5.86848e+09	5.93347e+09	5.95974e+09
