	ERR608659-k20-n1-x5e9	ERR608660-k20-n1-x5e9	ERR608661-k20-n1-x5e9	ERR608662-k20-n1-x5e9	ERR608663-k20-n1-x5e9	ERR608664-k20-n1-x5e9	ERR605599-k20-n1-x5e9	ERR605600-k20-n1-x5e9	ERR605601-k20-n1-x5e9	ERR605602-k20-n1-x5e9	ERR605603-k20-n1-x5e9	ERR605604-k20-n1-x5e9	ERR607591-k20-n1-x5e9	ERR607592-k20-n1-x5e9	ERR607593-k20-n1-x5e9	ERR607594-k20-n1-x5e9	ERR607595-k20-n1-x5e9	ERR607596-k20-n1-x5e9	ERR605970-k20-n1-x5e9	ERR605971-k20-n1-x5e9	ERR605972-k20-n1-x5e9	ERR605973-k20-n1-x5e9	ERR605974-k20-n1-x5e9	ERR605975-k20-n1-x5e9	ERR605333-k20-n1-x5e9	ERR605334-k20-n1-x5e9	ERR605335-k20-n1-x5e9	ERR605336-k20-n1-x5e9	ERR605337-k20-n1-x5e9	ERR605338-k20-n1-x5e9	ERR608251-k20-n1-x5e9	ERR608252-k20-n1-x5e9	ERR608253-k20-n1-x5e9	ERR608254-k20-n1-x5e9	ERR608255-k20-n1-x5e9	ERR608256-k20-n1-x5e9	ERR605417-k20-n1-x5e9	ERR605418-k20-n1-x5e9	ERR605419-k20-n1-x5e9	ERR605420-k20-n1-x5e9	ERR605421-k20-n1-x5e9	ERR605422-k20-n1-x5e9	ERR605787-k20-n1-x5e9	ERR605788-k20-n1-x5e9	ERR605789-k20-n1-x5e9	ERR605790-k20-n1-x5e9	ERR605791-k20-n1-x5e9	ERR605792-k20-n1-x5e9	ERR608707-k20-n1-x5e9	ERR608708-k20-n1-x5e9	ERR608709-k20-n1-x5e9	ERR608710-k20-n1-x5e9	ERR608711-k20-n1-x5e9	ERR608712-k20-n1-x5e9	ERR607669-k20-n1-x5e9	ERR607670-k20-n1-x5e9	ERR607671-k20-n1-x5e9	ERR607672-k20-n1-x5e9	ERR607673-k20-n1-x5e9	ERR607674-k20-n1-x5e9	ERR608793-k20-n1-x5e9	ERR608794-k20-n1-x5e9	ERR608795-k20-n1-x5e9	ERR608796-k20-n1-x5e9	ERR608797-k20-n1-x5e9	ERR608798-k20-n1-x5e9	ERR608787-k20-n1-x5e9	ERR608788-k20-n1-x5e9	ERR608789-k20-n1-x5e9	ERR608790-k20-n1-x5e9	ERR608791-k20-n1-x5e9	ERR608792-k20-n1-x5e9	ERR608341-k20-n1-x5e9	ERR608342-k20-n1-x5e9	ERR608343-k20-n1-x5e9	ERR608344-k20-n1-x5e9	ERR608345-k20-n1-x5e9	ERR608346-k20-n1-x5e9	ERR606654-k20-n1-x5e9	ERR606655-k20-n1-x5e9	ERR606656-k20-n1-x5e9	ERR606657-k20-n1-x5e9	ERR606658-k20-n1-x5e9	ERR606659-k20-n1-x5e9	ERR608507-k20-n1-x5e9	ERR608508-k20-n1-x5e9	ERR608509-k20-n1-x5e9	ERR608510-k20-n1-x5e9	ERR608511-k20-n1-x5e9	ERR608512-k20-n1-x5e9	ERR606678-k20-n1-x5e9	ERR606679-k20-n1-x5e9	ERR606680-k20-n1-x5e9	ERR606681-k20-n1-x5e9	ERR606682-k20-n1-x5e9	ERR606683-k20-n1-x5e9
ERR608659-k20-n1-x5e9	0	0.273224	0.275134	0.372756	0.368835	0.366938	0.466125	0.452095	0.437474	0.444129	0.448269	0.444174	0.47548	0.441628	0.44321	0.472838	0.473153	0.473945	0.400913	0.436075	0.438626	0.392939	0.394345	0.392586	0.446931	0.420304	0.435269	0.419866	0.423617	0.421092	0.39996	0.39243	0.401611	0.377555	0.375641	0.376426	0.488597	0.371943	0.471646	0.460701	0.463232	0.463749	0.40783	0.434219	0.360969	0.36312	0.36449	0.36773	0.506883	0.511331	0.521142	0.515518	0.515767	0.51146	0.56493	0.567837	0.56847	0.565625	0.565176	0.565419	0.555034	0.560364	0.56099	0.533006	0.532037	0.531364	0.53303	0.538885	0.540057	0.507923	0.50753	0.508455	0.516642	0.532017	0.544622	0.538626	0.537956	0.53204	0.648193	0.594378	0.591849	0.582709	0.593685	0.591318	0.534984	0.53802	0.538442	0.502768	0.50572	0.502941	0.629566	0.594146	0.591209	0.591535	0.602257	0.600062
ERR608660-k20-n1-x5e9	0.273224	0	0.276329	0.359897	0.356228	0.354212	0.456929	0.443495	0.429537	0.435489	0.439599	0.435543	0.464512	0.431721	0.433102	0.461788	0.461954	0.462707	0.40059	0.427187	0.429202	0.388199	0.389964	0.388108	0.439916	0.425432	0.429836	0.414159	0.417905	0.415427	0.405897	0.397352	0.407456	0.372417	0.371096	0.371524	0.478324	0.371564	0.462034	0.450615	0.453333	0.453764	0.416548	0.443735	0.355108	0.362615	0.364539	0.368519	0.505014	0.506029	0.515032	0.509453	0.509933	0.506373	0.557714	0.560027	0.561084	0.55853	0.557921	0.558159	0.5494	0.553869	0.554984	0.528785	0.527503	0.526895	0.527472	0.532253	0.533876	0.503754	0.503266	0.503917	0.512639	0.525207	0.53719	0.531147	0.530656	0.525547	0.648332	0.588478	0.586239	0.58056	0.588977	0.587182	0.528462	0.530917	0.531713	0.498627	0.501492	0.498879	0.629339	0.587676	0.585126	0.586062	0.595738	0.593684
ERR608661-k20-n1-x5e9	0.275134	0.276329	0	0.384691	0.381054	0.37858	0.477652	0.463714	0.449279	0.455629	0.459902	0.455461	0.487705	0.453758	0.455108	0.484989	0.485053	0.485843	0.406488	0.444066	0.446587	0.397517	0.398904	0.396983	0.457752	0.422853	0.445829	0.429486	0.43354	0.430967	0.399352	0.392223	0.399791	0.385887	0.384092	0.384382	0.500667	0.378627	0.483759	0.472288	0.474842	0.47546	0.401404	0.427913	0.366367	0.368224	0.369711	0.373099	0.514084	0.519068	0.529268	0.523371	0.523472	0.5193	0.574616	0.577439	0.578368	0.575434	0.574886	0.575108	0.563047	0.568321	0.569393	0.538546	0.53738	0.5369	0.541394	0.547185	0.548873	0.513432	0.512994	0.513798	0.524241	0.539974	0.552811	0.54656	0.545941	0.540235	0.657221	0.603998	0.601397	0.591224	0.603258	0.600865	0.543817	0.546986	0.547635	0.509767	0.512784	0.50994	0.63949	0.603978	0.601061	0.601628	0.612328	0.610179
ERR608662-k20-n1-x5e9	0.372756	0.359897	0.384691	0	0.252033	0.25238	0.361415	0.359717	0.360974	0.358338	0.358344	0.358783	0.344259	0.339654	0.338239	0.342041	0.342244	0.342208	0.446438	0.375679	0.374439	0.412225	0.412635	0.415309	0.384889	0.509146	0.396693	0.391516	0.391954	0.392003	0.514246	0.502853	0.520176	0.384787	0.385454	0.387795	0.358296	0.415524	0.355435	0.35024	0.351112	0.351864	0.545896	0.571763	0.377663	0.415876	0.420527	0.425501	0.505818	0.471534	0.465197	0.465852	0.467618	0.471927	0.476439	0.472464	0.473091	0.476245	0.47519	0.473948	0.502041	0.49799	0.498508	0.521948	0.52111	0.517818	0.480317	0.474795	0.476896	0.499508	0.498535	0.496657	0.490354	0.469997	0.468225	0.467317	0.468036	0.469838	0.639781	0.513278	0.514744	0.556499	0.52649	0.532837	0.466717	0.462892	0.464562	0.483787	0.482945	0.484731	0.610898	0.501386	0.503325	0.510989	0.505916	0.505502
ERR608663-k20-n1-x5e9	0.368835	0.356228	0.381054	0.252033	0	0.252142	0.363176	0.360955	0.361797	0.359215	0.359551	0.359777	0.346558	0.340951	0.339708	0.344193	0.344519	0.344514	0.444582	0.3752	0.374088	0.410312	0.410619	0.413278	0.385757	0.507085	0.397238	0.391331	0.392042	0.392074	0.511385	0.499947	0.517244	0.383609	0.38405	0.386166	0.360535	0.413589	0.357413	0.351816	0.352561	0.353352	0.542628	0.56858	0.3757	0.413779	0.418386	0.423331	0.504921	0.471265	0.465223	0.465575	0.46727	0.471437	0.477583	0.473656	0.474407	0.477589	0.47639	0.475287	0.502274	0.498166	0.498833	0.520779	0.519801	0.516701	0.480236	0.475068	0.477123	0.498002	0.497024	0.495368	0.489465	0.469885	0.468329	0.46721	0.467963	0.469498	0.640043	0.51445	0.515813	0.556589	0.527435	0.533758	0.467339	0.463638	0.465401	0.482971	0.482392	0.483902	0.611316	0.503052	0.504651	0.512415	0.507543	0.507167
ERR608664-k20-n1-x5e9	0.366938	0.354212	0.37858	0.25238	0.252142	0	0.363739	0.361542	0.362075	0.359815	0.360108	0.360127	0.347988	0.341546	0.340481	0.34552	0.345753	0.345819	0.44291	0.375234	0.374467	0.409112	0.409756	0.41209	0.38586	0.505366	0.397043	0.391056	0.39166	0.39161	0.50971	0.498128	0.515542	0.382705	0.383159	0.385239	0.36173	0.412218	0.358249	0.352776	0.353554	0.35432	0.540728	0.566711	0.374507	0.41232	0.416784	0.421532	0.504193	0.471314	0.465501	0.465911	0.467616	0.471549	0.478294	0.474594	0.47521	0.478179	0.477101	0.47591	0.502528	0.498857	0.499344	0.520582	0.519665	0.516698	0.480564	0.475496	0.477499	0.497964	0.496914	0.495328	0.48961	0.470496	0.469239	0.468064	0.46869	0.470197	0.63941	0.515304	0.51665	0.556542	0.527994	0.534085	0.467647	0.464026	0.465686	0.482904	0.482227	0.483567	0.610855	0.503818	0.505522	0.513244	0.508455	0.508044
ERR605599-k20-n1-x5e9	0.466125	0.456929	0.477652	0.361415	0.363176	0.363739	0	0.253164	0.260567	0.25727	0.255456	0.256983	0.34158	0.338195	0.338998	0.3409	0.340787	0.341548	0.435415	0.362449	0.361653	0.41203	0.4113	0.415907	0.349458	0.504651	0.364206	0.366097	0.365131	0.365768	0.542641	0.532619	0.550333	0.403019	0.404806	0.406834	0.338937	0.422241	0.334142	0.334091	0.33392	0.334272	0.56878	0.590775	0.395657	0.429436	0.432835	0.436082	0.493735	0.457194	0.447589	0.452619	0.453474	0.457509	0.451487	0.450305	0.449592	0.450881	0.450185	0.449712	0.490754	0.486999	0.485012	0.528269	0.527146	0.523992	0.472661	0.467336	0.466734	0.51051	0.509	0.506777	0.492416	0.470376	0.465363	0.468665	0.468942	0.470448	0.605631	0.470645	0.471713	0.520643	0.481267	0.488129	0.450636	0.447988	0.448069	0.483053	0.480397	0.483588	0.570623	0.457386	0.457712	0.462648	0.461195	0.460547
ERR605600-k20-n1-x5e9	0.452095	0.443495	0.463714	0.359717	0.360955	0.361542	0.253164	0	0.256775	0.255192	0.254047	0.255009	0.347256	0.33805	0.339465	0.346424	0.34613	0.347245	0.421142	0.358654	0.358401	0.400145	0.399048	0.403738	0.344124	0.48883	0.356018	0.357467	0.356381	0.357027	0.528153	0.518094	0.535896	0.392573	0.394431	0.396323	0.344775	0.408145	0.336812	0.336234	0.336285	0.336473	0.553069	0.575012	0.38339	0.414452	0.417804	0.420663	0.485012	0.45215	0.444677	0.44911	0.449851	0.452699	0.454094	0.454178	0.453234	0.453451	0.452973	0.452711	0.487949	0.485659	0.483431	0.522075	0.520945	0.517963	0.469171	0.465521	0.464774	0.503666	0.5024	0.500017	0.486057	0.468524	0.465651	0.468301	0.46835	0.468362	0.598544	0.471843	0.472143	0.514449	0.479995	0.485512	0.449606	0.448247	0.447868	0.476427	0.474274	0.476866	0.564217	0.460587	0.459946	0.46343	0.464672	0.463684
ERR605601-k20-n1-x5e9	0.437474	0.429537	0.449279	0.360974	0.361797	0.362075	0.260567	0.256775	0	0.256078	0.256073	0.255997	0.355763	0.340319	0.342456	0.354795	0.35431	0.355726	0.405538	0.357295	0.357529	0.389427	0.38905	0.392999	0.341148	0.47156	0.348247	0.348899	0.348254	0.34833	0.510632	0.500711	0.518821	0.381099	0.382431	0.384415	0.355155	0.39407	0.343186	0.341738	0.342197	0.342458	0.536371	0.558767	0.372287	0.400757	0.403791	0.406629	0.475509	0.447657	0.442597	0.446051	0.446423	0.447935	0.457163	0.458693	0.457791	0.457219	0.456825	0.456798	0.485392	0.484617	0.482602	0.514918	0.513663	0.511008	0.466757	0.464847	0.463852	0.496169	0.494878	0.493087	0.480568	0.467943	0.467582	0.468966	0.468939	0.467959	0.589796	0.475473	0.475212	0.509279	0.481358	0.48552	0.449172	0.449008	0.448624	0.46998	0.467979	0.470429	0.556016	0.466043	0.464503	0.466419	0.471473	0.470038
ERR605602-k20-n1-x5e9	0.444129	0.435489	0.455629	0.358338	0.359215	0.359815	0.25727	0.255192	0.256078	0	0.253091	0.253576	0.351178	0.338955	0.340735	0.349883	0.349707	0.350521	0.413782	0.355368	0.355182	0.393149	0.392542	0.397016	0.344155	0.482348	0.354137	0.353972	0.353217	0.353673	0.520025	0.509806	0.527716	0.386946	0.388411	0.390413	0.349998	0.402687	0.340402	0.338259	0.338613	0.338919	0.544914	0.567282	0.376628	0.407918	0.410969	0.414239	0.480991	0.449793	0.443358	0.446948	0.447431	0.450146	0.455875	0.456365	0.455742	0.4558	0.455262	0.455122	0.486836	0.484915	0.483157	0.517731	0.516605	0.513776	0.46821	0.465001	0.464369	0.498991	0.497753	0.495883	0.483299	0.467385	0.465683	0.467304	0.467353	0.467033	0.596871	0.474581	0.474707	0.513693	0.482315	0.487485	0.449669	0.448612	0.448588	0.473232	0.471105	0.473524	0.563129	0.464317	0.463452	0.466774	0.469407	0.468264
ERR605603-k20-n1-x5e9	0.448269	0.439599	0.459902	0.358344	0.359551	0.360108	0.255456	0.254047	0.256073	0.253091	0	0.253413	0.349171	0.338703	0.340458	0.348061	0.347781	0.348799	0.417989	0.357273	0.356787	0.397198	0.396473	0.400927	0.345478	0.48649	0.355928	0.356347	0.355697	0.356314	0.524525	0.514507	0.532357	0.390184	0.391789	0.393563	0.347704	0.406803	0.338925	0.337716	0.337942	0.337992	0.549737	0.572034	0.380325	0.411742	0.414927	0.418261	0.483464	0.451341	0.444356	0.448263	0.448928	0.451485	0.455186	0.455352	0.454529	0.45485	0.454333	0.454132	0.487859	0.485764	0.483822	0.520257	0.519123	0.516159	0.469104	0.465834	0.464908	0.501886	0.500383	0.498394	0.485216	0.468232	0.465949	0.467986	0.468123	0.468113	0.598713	0.473915	0.474262	0.515349	0.482124	0.487659	0.450138	0.448914	0.448645	0.475314	0.473086	0.475704	0.564454	0.462889	0.462244	0.465933	0.467589	0.466621
ERR605604-k20-n1-x5e9	0.444174	0.435543	0.455461	0.358783	0.359777	0.360127	0.256983	0.255009	0.255997	0.253576	0.253413	0	0.351344	0.339016	0.340621	0.350057	0.349669	0.350815	0.413799	0.355633	0.355522	0.39349	0.392747	0.397167	0.343569	0.481529	0.353445	0.353285	0.35278	0.353142	0.519488	0.509426	0.527362	0.386571	0.38789	0.389858	0.350326	0.402473	0.34058	0.338492	0.338839	0.33906	0.544688	0.567358	0.376776	0.408019	0.411327	0.414531	0.48076	0.449764	0.443238	0.446757	0.447551	0.449791	0.455979	0.456557	0.45588	0.455883	0.455384	0.45521	0.486784	0.484919	0.48326	0.517923	0.516532	0.513799	0.468364	0.465242	0.464452	0.499217	0.498011	0.49596	0.483554	0.467573	0.465904	0.467802	0.467693	0.467394	0.596609	0.474727	0.474753	0.513544	0.482217	0.487346	0.449628	0.448425	0.448423	0.472783	0.4706	0.473297	0.562857	0.464432	0.463573	0.466924	0.469663	0.468456
ERR607591-k20-n1-x5e9	0.47548	0.464512	0.487705	0.344259	0.346558	0.347988	0.34158	0.347256	0.355763	0.351178	0.349171	0.351344	0	0.251051	0.249419	0.237095	0.236662	0.236982	0.484376	0.397713	0.396027	0.456003	0.45588	0.460106	0.338021	0.523766	0.359481	0.364782	0.362431	0.364775	0.542807	0.532212	0.551174	0.381398	0.383589	0.385403	0.32084	0.440453	0.321694	0.323598	0.323256	0.323097	0.607815	0.630576	0.435178	0.473586	0.477463	0.480927	0.497623	0.450242	0.435809	0.442288	0.443978	0.451327	0.412716	0.409927	0.410528	0.41267	0.411637	0.410972	0.464751	0.456973	0.455835	0.511564	0.510691	0.507255	0.449978	0.439719	0.440858	0.496859	0.494724	0.492419	0.48086	0.447492	0.437191	0.441979	0.442941	0.448349	0.604963	0.450715	0.453281	0.517989	0.466974	0.476581	0.414789	0.409292	0.410394	0.463249	0.459966	0.463962	0.57069	0.439495	0.441199	0.449306	0.443941	0.443434
ERR607592-k20-n1-x5e9	0.441628	0.431721	0.453758	0.339654	0.340951	0.341546	0.338195	0.33805	0.340319	0.338955	0.338703	0.339016	0.251051	0	0.240529	0.251082	0.250414	0.251341	0.448695	0.384082	0.383731	0.42661	0.426246	0.430073	0.31347	0.480611	0.326994	0.330905	0.328924	0.330914	0.499349	0.488682	0.508566	0.340941	0.342713	0.344742	0.331324	0.400535	0.321623	0.320694	0.321053	0.320871	0.571849	0.594946	0.406442	0.440049	0.443244	0.446592	0.468754	0.429423	0.419525	0.425007	0.426065	0.430259	0.411597	0.413788	0.413886	0.412487	0.411878	0.411972	0.446933	0.442769	0.441178	0.487111	0.486287	0.483202	0.432198	0.42663	0.426409	0.472454	0.470423	0.468498	0.458696	0.435455	0.431168	0.434304	0.434536	0.436296	0.578799	0.447132	0.447342	0.493696	0.455623	0.461594	0.400198	0.398894	0.398766	0.435319	0.432434	0.435825	0.545543	0.442583	0.44078	0.444387	0.449503	0.447516
ERR607593-k20-n1-x5e9	0.44321	0.433102	0.455108	0.338239	0.339708	0.340481	0.338998	0.339465	0.342456	0.340735	0.340458	0.340621	0.249419	0.240529	0	0.249371	0.24906	0.249629	0.451958	0.383618	0.383002	0.428101	0.428137	0.431888	0.316263	0.484725	0.331239	0.334497	0.33249	0.334605	0.502516	0.491767	0.511376	0.343575	0.345447	0.347208	0.330701	0.404062	0.322302	0.32083	0.32134	0.321199	0.57435	0.59787	0.408447	0.443616	0.447132	0.450516	0.471684	0.430482	0.420062	0.425274	0.42636	0.431545	0.412234	0.41347	0.414314	0.412942	0.412147	0.412344	0.448087	0.443251	0.442218	0.488034	0.487118	0.484184	0.433452	0.426833	0.427448	0.47315	0.47094	0.469085	0.460542	0.435133	0.430241	0.433367	0.433791	0.436367	0.582656	0.448667	0.449033	0.497006	0.458215	0.464465	0.40122	0.399244	0.39982	0.436838	0.434021	0.437551	0.54973	0.4438	0.442683	0.446628	0.451043	0.449216
ERR607594-k20-n1-x5e9	0.472838	0.461788	0.484989	0.342041	0.344193	0.34552	0.3409	0.346424	0.354795	0.349883	0.348061	0.350057	0.237095	0.251082	0.249371	0	0.235497	0.23553	0.481667	0.394435	0.392664	0.452684	0.452685	0.456772	0.337576	0.522343	0.358588	0.363609	0.361043	0.363551	0.540906	0.530016	0.549148	0.379221	0.381513	0.383321	0.320665	0.438694	0.321388	0.322413	0.322081	0.322134	0.605577	0.628555	0.432396	0.471247	0.475284	0.478769	0.496611	0.448933	0.434471	0.440882	0.442551	0.449829	0.413744	0.41092	0.411698	0.413674	0.412782	0.412002	0.464215	0.456281	0.455538	0.51008	0.509342	0.505835	0.449489	0.439101	0.440397	0.495321	0.493206	0.490889	0.479624	0.44617	0.43628	0.440658	0.441779	0.44701	0.605644	0.451566	0.453969	0.518194	0.467819	0.477267	0.414878	0.409561	0.410648	0.462144	0.458909	0.462842	0.571471	0.440603	0.442415	0.450544	0.445365	0.444822
ERR607595-k20-n1-x5e9	0.473153	0.461954	0.485053	0.342244	0.344519	0.345753	0.340787	0.34613	0.35431	0.349707	0.347781	0.349669	0.236662	0.250414	0.24906	0.235497	0	0.2352	0.481841	0.395315	0.393775	0.453309	0.453228	0.457438	0.336854	0.521819	0.357849	0.362958	0.360551	0.36289	0.540651	0.529863	0.548989	0.378955	0.3811	0.383183	0.320804	0.438575	0.321313	0.32294	0.322478	0.322366	0.605633	0.628612	0.432783	0.471275	0.475352	0.478812	0.495926	0.448718	0.434338	0.440718	0.442468	0.449646	0.413482	0.410583	0.411332	0.413268	0.412351	0.411557	0.463742	0.455997	0.455043	0.510003	0.509214	0.505809	0.44884	0.438576	0.439781	0.49509	0.492997	0.490657	0.479163	0.445959	0.436073	0.440492	0.441573	0.446767	0.604577	0.451083	0.45347	0.517566	0.467123	0.476717	0.414332	0.408948	0.409974	0.461919	0.458655	0.462474	0.57027	0.439892	0.441648	0.449683	0.444722	0.444086
ERR607596-k20-n1-x5e9	0.473945	0.462707	0.485843	0.342208	0.344514	0.345819	0.341548	0.347245	0.355726	0.350521	0.348799	0.350815	0.236982	0.251341	0.249629	0.23553	0.2352	0	0.482958	0.395211	0.393473	0.453735	0.45372	0.457837	0.338602	0.523482	0.359784	0.364515	0.362194	0.364476	0.54183	0.53096	0.550141	0.38015	0.382375	0.384142	0.320885	0.439731	0.321805	0.323009	0.322631	0.322601	0.60647	0.629363	0.433175	0.472057	0.476076	0.479731	0.497018	0.44929	0.434767	0.441072	0.44273	0.450184	0.413872	0.410833	0.41169	0.413925	0.412892	0.412044	0.464237	0.456312	0.455516	0.51033	0.509517	0.506024	0.449405	0.43899	0.440348	0.495366	0.493399	0.491104	0.479881	0.446157	0.436004	0.440433	0.441465	0.446983	0.606239	0.451688	0.454267	0.51886	0.46828	0.477827	0.414955	0.409432	0.410677	0.462535	0.459284	0.463214	0.572154	0.440612	0.442546	0.450875	0.445498	0.444977
ERR605970-k20-n1-x5e9	0.400913	0.40059	0.406488	0.446438	0.444582	0.44291	0.435415	0.421142	0.405538	0.413782	0.417989	0.413799	0.484376	0.448695	0.451958	0.481667	0.481841	0.482958	0	0.346442	0.350286	0.297377	0.296448	0.297033	0.421663	0.395307	0.405497	0.394789	0.39787	0.395961	0.432589	0.425461	0.438565	0.400355	0.399289	0.399404	0.481184	0.369889	0.460908	0.453004	0.45475	0.455329	0.429235	0.449151	0.361306	0.355291	0.355681	0.356748	0.427371	0.440801	0.453642	0.448424	0.447612	0.440492	0.515681	0.522606	0.52178	0.516552	0.516346	0.517509	0.500162	0.508429	0.507637	0.487338	0.486345	0.484951	0.490901	0.499814	0.498853	0.476653	0.476258	0.477019	0.474013	0.495607	0.509537	0.504712	0.503881	0.495489	0.566495	0.534143	0.530014	0.506731	0.525421	0.520256	0.491837	0.498202	0.49676	0.461267	0.462587	0.46064	0.548216	0.539266	0.534066	0.528958	0.547498	0.544641
ERR605971-k20-n1-x5e9	0.436075	0.427187	0.444066	0.375679	0.3752	0.375234	0.362449	0.358654	0.357295	0.355368	0.357273	0.355633	0.397713	0.384082	0.383618	0.394435	0.395315	0.395211	0.346442	0	0.257069	0.300436	0.299793	0.303124	0.389159	0.490851	0.396811	0.386417	0.386957	0.387574	0.520488	0.509286	0.525008	0.411124	0.411717	0.413527	0.392748	0.413779	0.386267	0.376136	0.37694	0.378085	0.521402	0.546578	0.362716	0.399383	0.40462	0.410636	0.460626	0.424878	0.419436	0.4185	0.420048	0.425204	0.464518	0.461924	0.463427	0.464264	0.46288	0.462158	0.478955	0.474613	0.476959	0.493067	0.491561	0.488281	0.467607	0.4619	0.465602	0.479933	0.478543	0.477626	0.47304	0.452677	0.453111	0.450437	0.451807	0.452744	0.621303	0.488237	0.488199	0.522942	0.499086	0.503707	0.455233	0.452563	0.45512	0.461379	0.460619	0.462266	0.595806	0.484604	0.485053	0.492017	0.491438	0.490997
ERR605972-k20-n1-x5e9	0.438626	0.429202	0.446587	0.374439	0.374088	0.374467	0.361653	0.358401	0.357529	0.355182	0.356787	0.355522	0.396027	0.383731	0.383002	0.392664	0.393775	0.393473	0.350286	0.257069	0	0.303794	0.30325	0.306758	0.389109	0.494114	0.397271	0.387232	0.387626	0.388469	0.523678	0.512579	0.528141	0.412778	0.413395	0.414903	0.390551	0.416508	0.384461	0.374553	0.375489	0.376413	0.525178	0.550007	0.364857	0.402487	0.407734	0.414012	0.463584	0.426762	0.421119	0.420124	0.421706	0.42704	0.465119	0.462079	0.463812	0.464787	0.463378	0.462576	0.480723	0.475978	0.478274	0.495592	0.493969	0.490506	0.469174	0.463041	0.466984	0.482314	0.480917	0.479832	0.475217	0.454096	0.453727	0.451249	0.452711	0.454029	0.62345	0.48875	0.488838	0.525052	0.500223	0.505102	0.456099	0.453043	0.455791	0.463627	0.462874	0.464547	0.597859	0.484658	0.485426	0.492737	0.491613	0.491201
ERR605973-k20-n1-x5e9	0.392939	0.388199	0.397517	0.412225	0.410312	0.409112	0.41203	0.400145	0.389427	0.393149	0.397198	0.39349	0.456003	0.42661	0.428101	0.452684	0.453309	0.453735	0.297377	0.300436	0.303794	0	0.265662	0.266667	0.411102	0.428281	0.404372	0.388064	0.390941	0.390097	0.456963	0.446909	0.460404	0.396293	0.395862	0.396607	0.452804	0.377582	0.437852	0.425675	0.427491	0.428556	0.445145	0.470674	0.340276	0.354203	0.35826	0.363607	0.441743	0.433214	0.440077	0.434919	0.435248	0.433471	0.505019	0.507615	0.508639	0.505237	0.504227	0.504634	0.495864	0.498548	0.500165	0.484293	0.482717	0.480869	0.483896	0.486617	0.488802	0.470103	0.46946	0.469645	0.472839	0.476947	0.487383	0.481852	0.482132	0.476998	0.606524	0.524365	0.521468	0.519449	0.523511	0.521921	0.482943	0.485131	0.486294	0.457024	0.458902	0.457612	0.58742	0.527465	0.524488	0.524829	0.535369	0.5336
ERR605974-k20-n1-x5e9	0.394345	0.389964	0.398904	0.412635	0.410619	0.409756	0.4113	0.399048	0.38905	0.392542	0.396473	0.392747	0.45588	0.426246	0.428137	0.452685	0.453228	0.45372	0.296448	0.299793	0.30325	0.265662	0	0.263632	0.410232	0.428367	0.403482	0.387666	0.390525	0.389187	0.458454	0.448606	0.4618	0.397715	0.397085	0.397919	0.451465	0.376554	0.43647	0.424402	0.426264	0.427204	0.445351	0.469812	0.33912	0.351302	0.355376	0.3602	0.442802	0.434784	0.44147	0.436494	0.437019	0.434846	0.506166	0.508791	0.50945	0.506022	0.505166	0.505512	0.497063	0.499891	0.501244	0.486448	0.485154	0.482936	0.484908	0.487971	0.489719	0.472257	0.471766	0.471736	0.473402	0.4782	0.488247	0.482976	0.483128	0.477809	0.606515	0.52364	0.520724	0.518319	0.522328	0.520831	0.483851	0.486422	0.487195	0.458804	0.460218	0.458828	0.586906	0.526484	0.523382	0.523338	0.533945	0.532109
ERR605975-k20-n1-x5e9	0.392586	0.388108	0.396983	0.415309	0.413278	0.41209	0.415907	0.403738	0.392999	0.397016	0.400927	0.397167	0.460106	0.430073	0.431888	0.456772	0.457438	0.457837	0.297033	0.303124	0.306758	0.266667	0.263632	0	0.413476	0.426301	0.406318	0.389822	0.392911	0.391075	0.455742	0.445922	0.459063	0.398663	0.397898	0.398667	0.455758	0.375773	0.440531	0.42826	0.430194	0.431183	0.441924	0.466664	0.340405	0.352291	0.356226	0.361256	0.44365	0.436795	0.444194	0.438699	0.439107	0.436696	0.509862	0.512491	0.51332	0.509928	0.509078	0.509285	0.499718	0.502784	0.504186	0.487198	0.485677	0.483616	0.487761	0.490805	0.492743	0.473171	0.472083	0.47266	0.475272	0.480928	0.491287	0.485834	0.485985	0.480434	0.607837	0.527323	0.524327	0.520527	0.525917	0.524114	0.487249	0.490036	0.490728	0.460414	0.462045	0.460645	0.589479	0.530708	0.527673	0.527682	0.538323	0.536517
ERR605333-k20-n1-x5e9	0.446931	0.439916	0.457752	0.384889	0.385757	0.38586	0.349458	0.344124	0.341148	0.344155	0.345478	0.343569	0.338021	0.31347	0.316263	0.337576	0.336854	0.338602	0.421663	0.389159	0.389109	0.411102	0.410232	0.413476	0	0.408678	0.250153	0.255772	0.253802	0.254947	0.480894	0.470907	0.49035	0.340184	0.341441	0.343343	0.343636	0.36097	0.324216	0.321449	0.322743	0.322262	0.542125	0.562892	0.396682	0.420224	0.422746	0.424651	0.460163	0.434236	0.430338	0.435204	0.434833	0.435669	0.439712	0.446305	0.446505	0.440503	0.440527	0.441565	0.462979	0.462996	0.46017	0.496424	0.495166	0.492747	0.451974	0.451244	0.449393	0.485005	0.4827	0.481437	0.472748	0.462716	0.462801	0.465451	0.464937	0.463941	0.54955	0.450303	0.447623	0.470921	0.448243	0.449282	0.421111	0.423574	0.422192	0.443019	0.440387	0.443069	0.516465	0.451347	0.445701	0.442883	0.460628	0.457379
ERR605334-k20-n1-x5e9	0.420304	0.425432	0.422853	0.509146	0.507085	0.505366	0.504651	0.48883	0.47156	0.482348	0.48649	0.481529	0.523766	0.480611	0.484725	0.522343	0.521819	0.523482	0.395307	0.490851	0.494114	0.428281	0.428367	0.426301	0.408678	0	0.381828	0.369896	0.374278	0.370896	0.354533	0.351448	0.360846	0.388984	0.387506	0.386269	0.526398	0.345603	0.500156	0.491784	0.494315	0.494243	0.400564	0.413066	0.425753	0.403473	0.401604	0.398998	0.473878	0.50376	0.520298	0.516422	0.514067	0.504667	0.572029	0.583514	0.583767	0.573689	0.574219	0.576338	0.547022	0.558326	0.556669	0.52315	0.521496	0.522743	0.536715	0.549077	0.546822	0.511631	0.510563	0.512275	0.521808	0.554344	0.57079	0.566471	0.564678	0.5555	0.542703	0.576178	0.569605	0.513839	0.5572	0.546265	0.533653	0.543038	0.54084	0.488884	0.491793	0.48782	0.533764	0.587824	0.578307	0.567647	0.598546	0.594206
ERR605335-k20-n1-x5e9	0.435269	0.429836	0.445829	0.396693	0.397238	0.397043	0.364206	0.356018	0.348247	0.354137	0.355928	0.353445	0.359481	0.326994	0.331239	0.358588	0.357849	0.359784	0.405497	0.396811	0.397271	0.404372	0.403482	0.406318	0.250153	0.381828	0	0.250594	0.249535	0.249585	0.457905	0.448269	0.467792	0.330152	0.33107	0.333015	0.365442	0.343483	0.341824	0.338406	0.339955	0.33945	0.522608	0.54254	0.391361	0.407896	0.409507	0.410944	0.450698	0.43386	0.433792	0.437423	0.436545	0.43525	0.450361	0.459083	0.459012	0.451792	0.451939	0.453405	0.464518	0.467124	0.464165	0.491618	0.49002	0.488235	0.453872	0.4561	0.453834	0.480423	0.478311	0.477407	0.469658	0.467965	0.471453	0.473087	0.472081	0.469146	0.535778	0.459916	0.456225	0.463785	0.453186	0.451318	0.426537	0.431065	0.42927	0.43844	0.436274	0.438039	0.504422	0.464175	0.457098	0.451692	0.474322	0.470522
ERR605336-k20-n1-x5e9	0.419866	0.414159	0.429486	0.391516	0.391331	0.391056	0.366097	0.357467	0.348899	0.353972	0.356347	0.353285	0.364782	0.330905	0.334497	0.363609	0.362958	0.364515	0.394789	0.386417	0.387232	0.388064	0.387666	0.389822	0.255772	0.369896	0.250594	0	0.24669	0.246439	0.444501	0.434211	0.453464	0.323021	0.323633	0.325511	0.370473	0.332546	0.347346	0.340762	0.342545	0.34232	0.504295	0.525869	0.376813	0.394465	0.396797	0.398579	0.447506	0.431253	0.432099	0.434253	0.433535	0.432313	0.45687	0.464756	0.465338	0.458164	0.458272	0.459578	0.46614	0.468282	0.466485	0.485551	0.484	0.48229	0.454869	0.456845	0.455591	0.473585	0.471513	0.470723	0.467461	0.465903	0.470574	0.47077	0.469946	0.467	0.542092	0.466244	0.462567	0.466483	0.46015	0.458065	0.430557	0.434747	0.433603	0.434254	0.432796	0.434493	0.512889	0.471447	0.464749	0.460253	0.482125	0.478588
ERR605337-k20-n1-x5e9	0.423617	0.417905	0.43354	0.391954	0.392042	0.39166	0.365131	0.356381	0.348254	0.353217	0.355697	0.35278	0.362431	0.328924	0.33249	0.361043	0.360551	0.362194	0.39787	0.386957	0.387626	0.390941	0.390525	0.392911	0.253802	0.374278	0.249535	0.24669	0	0.246102	0.44822	0.438026	0.457382	0.324315	0.325024	0.326498	0.368507	0.335627	0.345452	0.338823	0.340843	0.340554	0.509268	0.530656	0.379565	0.397841	0.400089	0.40191	0.448737	0.431519	0.431798	0.43423	0.433566	0.432676	0.455253	0.463126	0.463702	0.456507	0.456529	0.457964	0.465399	0.467779	0.465629	0.486604	0.485308	0.483258	0.454241	0.45607	0.454791	0.474746	0.472724	0.471996	0.467905	0.465569	0.470003	0.470389	0.469652	0.466703	0.542407	0.464487	0.460726	0.466461	0.458613	0.456476	0.429255	0.43343	0.432357	0.43459	0.433218	0.434676	0.512613	0.469447	0.462786	0.458277	0.480223	0.476539
ERR605338-k20-n1-x5e9	0.421092	0.415427	0.430967	0.392003	0.392074	0.39161	0.365768	0.357027	0.34833	0.353673	0.356314	0.353142	0.364775	0.330914	0.334605	0.363551	0.36289	0.364476	0.395961	0.387574	0.388469	0.390097	0.389187	0.391075	0.254947	0.370896	0.249585	0.246439	0.246102	0	0.445888	0.435818	0.454918	0.323912	0.324457	0.326616	0.370254	0.333302	0.346693	0.340323	0.342147	0.341995	0.506211	0.527441	0.378126	0.395569	0.397932	0.399757	0.449081	0.432773	0.433396	0.435771	0.434971	0.433624	0.45794	0.465824	0.46642	0.4593	0.459242	0.460609	0.466916	0.469624	0.467689	0.48723	0.485771	0.483789	0.455832	0.457919	0.45661	0.475318	0.473166	0.472328	0.468527	0.467157	0.471598	0.471789	0.471002	0.468062	0.542185	0.466327	0.462581	0.466779	0.460132	0.457818	0.431451	0.435803	0.434712	0.435666	0.434414	0.435889	0.512724	0.471295	0.4647	0.459914	0.482096	0.478443
ERR608251-k20-n1-x5e9	0.39996	0.405897	0.399352	0.514246	0.511385	0.50971	0.542641	0.528153	0.510632	0.520025	0.524525	0.519488	0.542807	0.499349	0.502516	0.540906	0.540651	0.54183	0.432589	0.520488	0.523678	0.456963	0.458454	0.455742	0.480894	0.354533	0.457905	0.444501	0.44822	0.445888	0	0.269632	0.272459	0.362413	0.360421	0.358494	0.567783	0.393334	0.544594	0.534579	0.537068	0.537131	0.406971	0.421077	0.453051	0.436586	0.435177	0.435057	0.48199	0.514415	0.533551	0.526597	0.525027	0.515341	0.586362	0.597831	0.599294	0.589102	0.589245	0.591455	0.549624	0.561537	0.561514	0.510539	0.510021	0.51137	0.538484	0.550815	0.550531	0.497922	0.497599	0.49995	0.520323	0.555836	0.575005	0.568735	0.566683	0.557209	0.583631	0.609581	0.603659	0.553649	0.594915	0.585522	0.540803	0.550111	0.549136	0.482722	0.486877	0.481539	0.581205	0.624257	0.616172	0.608133	0.636619	0.632335
ERR608252-k20-n1-x5e9	0.39243	0.397352	0.392223	0.502853	0.499947	0.498128	0.532619	0.518094	0.500711	0.509806	0.514507	0.509426	0.532212	0.488682	0.491767	0.530016	0.529863	0.53096	0.425461	0.509286	0.512579	0.446909	0.448606	0.445922	0.470907	0.351448	0.448269	0.434211	0.438026	0.435818	0.269632	0	0.272241	0.350375	0.348207	0.346361	0.557733	0.38471	0.534717	0.524231	0.526865	0.526942	0.408173	0.424786	0.443224	0.429771	0.428633	0.429287	0.476546	0.506418	0.524999	0.517993	0.516323	0.507132	0.578785	0.589941	0.5916	0.581477	0.581747	0.58382	0.542497	0.553722	0.554157	0.504087	0.50313	0.504628	0.531314	0.54305	0.542956	0.490819	0.490479	0.4926	0.514018	0.547562	0.566344	0.559834	0.558094	0.549108	0.581995	0.602683	0.596909	0.54871	0.588756	0.579662	0.532657	0.541569	0.540892	0.475041	0.479401	0.474264	0.579172	0.617395	0.609578	0.60197	0.630124	0.625865
ERR608253-k20-n1-x5e9	0.401611	0.407456	0.399791	0.520176	0.517244	0.515542	0.550333	0.535896	0.518821	0.527716	0.532357	0.527362	0.551174	0.508566	0.511376	0.549148	0.548989	0.550141	0.438565	0.525008	0.528141	0.460404	0.4618	0.459063	0.49035	0.360846	0.467792	0.453464	0.457382	0.454918	0.272459	0.272241	0	0.371952	0.369689	0.367855	0.575892	0.400515	0.553172	0.542547	0.545287	0.545259	0.403687	0.417702	0.456917	0.441831	0.440157	0.440637	0.491129	0.522555	0.541588	0.534348	0.53257	0.523497	0.595934	0.606841	0.608548	0.598576	0.598645	0.600677	0.559225	0.570498	0.570675	0.518281	0.517297	0.519217	0.54769	0.559564	0.5596	0.505231	0.504619	0.50734	0.529021	0.563533	0.582405	0.575832	0.573828	0.564893	0.59652	0.619008	0.613162	0.564026	0.605109	0.595841	0.550309	0.5592	0.55852	0.491215	0.495802	0.490126	0.594213	0.63339	0.625572	0.618173	0.64603	0.641778
ERR608254-k20-n1-x5e9	0.377555	0.372417	0.385887	0.384787	0.383609	0.382705	0.403019	0.392573	0.381099	0.386946	0.390184	0.386571	0.381398	0.340941	0.343575	0.379221	0.378955	0.38015	0.400355	0.411124	0.412778	0.396293	0.397715	0.398663	0.340184	0.388984	0.330152	0.323021	0.324315	0.323912	0.362413	0.350375	0.371952	0	0.244298	0.244737	0.418594	0.342733	0.396371	0.387898	0.390051	0.389875	0.486617	0.510314	0.385848	0.399062	0.400131	0.403108	0.433592	0.424538	0.430903	0.429479	0.428763	0.425732	0.464229	0.473827	0.475747	0.466751	0.466599	0.468293	0.454018	0.458836	0.458447	0.456525	0.455673	0.454603	0.441088	0.445227	0.445399	0.442125	0.440786	0.440575	0.449317	0.455883	0.46538	0.463014	0.461694	0.4574	0.551784	0.497485	0.493335	0.486007	0.490652	0.487208	0.423441	0.429126	0.429002	0.406973	0.406987	0.407054	0.530212	0.506974	0.500256	0.495419	0.519214	0.515139
ERR608255-k20-n1-x5e9	0.375641	0.371096	0.384092	0.385454	0.38405	0.383159	0.404806	0.394431	0.382431	0.388411	0.391789	0.38789	0.383589	0.342713	0.345447	0.381513	0.3811	0.382375	0.399289	0.411717	0.413395	0.395862	0.397085	0.397898	0.341441	0.387506	0.33107	0.323633	0.325024	0.324457	0.360421	0.348207	0.369689	0.244298	0	0.244427	0.42026	0.341982	0.398267	0.389438	0.391764	0.391498	0.484712	0.508451	0.385278	0.398324	0.399522	0.402376	0.432851	0.424485	0.431032	0.42931	0.428819	0.425491	0.464981	0.474619	0.4766	0.467308	0.46737	0.469122	0.453984	0.458839	0.458507	0.455579	0.454544	0.453368	0.440977	0.445302	0.445243	0.441033	0.439358	0.439523	0.448457	0.455888	0.465857	0.463398	0.46181	0.457323	0.551144	0.498244	0.493981	0.485588	0.491247	0.487436	0.423526	0.429396	0.429236	0.405757	0.406281	0.405725	0.530029	0.508086	0.501264	0.496442	0.520514	0.516444
ERR608256-k20-n1-x5e9	0.376426	0.371524	0.384382	0.387795	0.386166	0.385239	0.406834	0.396323	0.384415	0.390413	0.393563	0.389858	0.385403	0.344742	0.347208	0.383321	0.383183	0.384142	0.399404	0.413527	0.414903	0.396607	0.397919	0.398667	0.343343	0.386269	0.333015	0.325511	0.326498	0.326616	0.358494	0.346361	0.367855	0.244737	0.244427	0	0.422372	0.342322	0.400276	0.391388	0.393722	0.393501	0.483657	0.507145	0.386205	0.39838	0.399605	0.402649	0.432488	0.42511	0.432131	0.430293	0.429563	0.426182	0.465907	0.475717	0.477715	0.468298	0.468346	0.4701	0.45453	0.459682	0.459452	0.455536	0.454726	0.45348	0.441781	0.446297	0.446246	0.441205	0.439827	0.439527	0.448939	0.456687	0.466915	0.464452	0.462883	0.45823	0.550828	0.499344	0.495234	0.485826	0.492051	0.488218	0.424616	0.430532	0.430466	0.405995	0.406623	0.4061	0.529984	0.509285	0.502484	0.497426	0.521645	0.517506
ERR605417-k20-n1-x5e9	0.488597	0.478324	0.500667	0.358296	0.360535	0.36173	0.338937	0.344775	0.355155	0.349998	0.347704	0.350326	0.32084	0.331324	0.330701	0.320665	0.320804	0.320885	0.481184	0.392748	0.390551	0.452804	0.451465	0.455758	0.343636	0.526398	0.365442	0.370473	0.368507	0.370254	0.567783	0.557733	0.575892	0.418594	0.42026	0.422372	0	0.40533	0.244701	0.249713	0.248453	0.247919	0.605532	0.626933	0.431776	0.469177	0.473093	0.476483	0.506021	0.461194	0.447273	0.454321	0.455621	0.462149	0.430333	0.426888	0.426597	0.429472	0.428694	0.427629	0.484859	0.477685	0.475646	0.532487	0.531149	0.527848	0.471134	0.462428	0.462084	0.518706	0.516622	0.514022	0.498069	0.466831	0.456333	0.46154	0.462563	0.466948	0.601875	0.440524	0.443072	0.511819	0.457421	0.467839	0.437558	0.432295	0.432967	0.48579	0.482147	0.486094	0.568538	0.42975	0.431845	0.44061	0.433098	0.432981
ERR605418-k20-n1-x5e9	0.371943	0.371564	0.378627	0.415524	0.413589	0.412218	0.422241	0.408145	0.39407	0.402687	0.406803	0.402473	0.440453	0.400535	0.404062	0.438694	0.438575	0.439731	0.369889	0.413779	0.416508	0.377582	0.376554	0.375773	0.36097	0.345603	0.343483	0.332546	0.335627	0.333302	0.393334	0.38471	0.400515	0.342733	0.341982	0.342322	0.40533	0	0.379004	0.369173	0.371815	0.371817	0.435206	0.457256	0.365575	0.365349	0.365901	0.366946	0.448631	0.454728	0.46422	0.461879	0.460819	0.45568	0.502755	0.511118	0.51132	0.503678	0.503907	0.505335	0.494643	0.501738	0.500299	0.4881	0.486287	0.486004	0.480409	0.487968	0.486595	0.472133	0.47055	0.471156	0.473917	0.490735	0.502443	0.499362	0.498132	0.49141	0.535052	0.505749	0.500445	0.472302	0.493798	0.48714	0.470531	0.476772	0.475482	0.445733	0.446587	0.445628	0.521739	0.517238	0.5098	0.503542	0.527868	0.524067
ERR605419-k20-n1-x5e9	0.471646	0.462034	0.483759	0.355435	0.357413	0.358249	0.334142	0.336812	0.343186	0.340402	0.338925	0.34058	0.321694	0.321623	0.322302	0.321388	0.321313	0.321805	0.460908	0.386267	0.384461	0.437852	0.43647	0.440531	0.324216	0.500156	0.341824	0.347346	0.345452	0.346693	0.544594	0.534717	0.553172	0.396371	0.398267	0.400276	0.244701	0.379004	0	0.243428	0.242742	0.242417	0.586638	0.607983	0.416543	0.450926	0.4544	0.457442	0.488884	0.448646	0.437032	0.443582	0.44438	0.449435	0.425316	0.424882	0.424269	0.424978	0.424633	0.424063	0.472986	0.46785	0.46538	0.518556	0.517222	0.514014	0.459361	0.452836	0.451968	0.505017	0.502865	0.500382	0.485084	0.45945	0.451644	0.456241	0.456744	0.459565	0.580965	0.433561	0.434671	0.493037	0.445549	0.453571	0.426043	0.422893	0.422908	0.469156	0.465767	0.469503	0.547937	0.427049	0.426726	0.432355	0.432075	0.431128
ERR605420-k20-n1-x5e9	0.460701	0.450615	0.472288	0.35024	0.351816	0.352776	0.334091	0.336234	0.341738	0.338259	0.337716	0.338492	0.323598	0.320694	0.32083	0.322413	0.32294	0.323009	0.453004	0.376136	0.374553	0.425675	0.424402	0.42826	0.321449	0.491784	0.338406	0.340762	0.338823	0.340323	0.534579	0.524231	0.542547	0.387898	0.389438	0.391388	0.249713	0.369173	0.243428	0	0.24018	0.24015	0.575618	0.597796	0.406085	0.442297	0.446063	0.449758	0.484727	0.444091	0.433139	0.438584	0.439707	0.444895	0.428747	0.428369	0.428614	0.428744	0.428264	0.427561	0.471302	0.466035	0.464435	0.512054	0.510753	0.507708	0.457455	0.450759	0.450664	0.498169	0.49596	0.493628	0.481242	0.455346	0.448571	0.452009	0.452676	0.455502	0.582288	0.437242	0.43783	0.491464	0.448338	0.455539	0.425496	0.422394	0.42318	0.463282	0.459969	0.463723	0.55167	0.433364	0.432805	0.438509	0.439706	0.438633
ERR605421-k20-n1-x5e9	0.463232	0.453333	0.474842	0.351112	0.352561	0.353554	0.33392	0.336285	0.342197	0.338613	0.337942	0.338839	0.323256	0.321053	0.32134	0.322081	0.322478	0.322631	0.45475	0.37694	0.375489	0.427491	0.426264	0.430194	0.322743	0.494315	0.339955	0.342545	0.340843	0.342147	0.537068	0.526865	0.545287	0.390051	0.391764	0.393722	0.248453	0.371815	0.242742	0.24018	0	0.239944	0.578014	0.600127	0.408146	0.444434	0.448289	0.451853	0.485878	0.444635	0.433578	0.439105	0.440171	0.44539	0.427948	0.427245	0.427553	0.42782	0.427298	0.426668	0.471541	0.466117	0.464441	0.513201	0.511855	0.508717	0.457915	0.451115	0.450958	0.499482	0.497283	0.494811	0.482227	0.455786	0.448628	0.452282	0.452948	0.455956	0.583042	0.436186	0.43699	0.492074	0.447985	0.455444	0.425663	0.422369	0.423108	0.464431	0.461145	0.464965	0.551801	0.431697	0.43131	0.437131	0.437888	0.436785
ERR605422-k20-n1-x5e9	0.463749	0.453764	0.47546	0.351864	0.353352	0.35432	0.334272	0.336473	0.342458	0.338919	0.337992	0.33906	0.323097	0.320871	0.321199	0.322134	0.322366	0.322601	0.455329	0.378085	0.376413	0.428556	0.427204	0.431183	0.322262	0.494243	0.33945	0.34232	0.340554	0.341995	0.537131	0.526942	0.545259	0.389875	0.391498	0.393501	0.247919	0.371817	0.242417	0.24015	0.239944	0	0.578635	0.600677	0.409028	0.444717	0.448394	0.452049	0.486022	0.445011	0.433762	0.439573	0.440476	0.445744	0.427374	0.42677	0.426984	0.427318	0.426748	0.426188	0.471288	0.465956	0.46431	0.513395	0.511955	0.508989	0.4576	0.450844	0.450669	0.4995	0.497162	0.494928	0.482246	0.45595	0.448823	0.452632	0.453165	0.456006	0.582213	0.435663	0.436548	0.491646	0.44736	0.454692	0.425325	0.422161	0.422845	0.46443	0.461188	0.464947	0.551016	0.43138	0.430848	0.43667	0.437488	0.436445
ERR605787-k20-n1-x5e9	0.40783	0.416548	0.401404	0.545896	0.542628	0.540728	0.56878	0.553069	0.536371	0.544914	0.549737	0.544688	0.607815	0.571849	0.57435	0.605577	0.605633	0.60647	0.429235	0.521402	0.525178	0.445145	0.445351	0.441924	0.542125	0.400564	0.522608	0.504295	0.509268	0.506211	0.406971	0.408173	0.403687	0.486617	0.484712	0.483657	0.605532	0.435206	0.586638	0.575618	0.578014	0.578635	0	0.302936	0.40553	0.377931	0.376238	0.376487	0.5518	0.579655	0.59696	0.58925	0.58832	0.58038	0.661516	0.666897	0.667213	0.662213	0.661846	0.662778	0.636018	0.645011	0.64559	0.595819	0.594836	0.595196	0.617784	0.628241	0.628703	0.574961	0.574904	0.576941	0.590056	0.620443	0.637657	0.63051	0.629739	0.620936	0.675515	0.670886	0.666539	0.627218	0.661899	0.654906	0.629234	0.634877	0.63468	0.576363	0.580597	0.575916	0.664668	0.673677	0.668496	0.664373	0.681308	0.678821
