	ERR610193-k20-n1-x5e9	ERR610194-k20-n1-x5e9	ERR610195-k20-n1-x5e9	ERR610196-k20-n1-x5e9	ERR610197-k20-n1-x5e9	ERR610198-k20-n1-x5e9	ERR605515-k20-n1-x5e9	ERR605516-k20-n1-x5e9	ERR605517-k20-n1-x5e9	ERR605518-k20-n1-x5e9	ERR605519-k20-n1-x5e9	ERR605520-k20-n1-x5e9	ERR610247-k20-n1-x5e9	ERR610248-k20-n1-x5e9	ERR610249-k20-n1-x5e9	ERR610250-k20-n1-x5e9	ERR610251-k20-n1-x5e9	ERR610252-k20-n1-x5e9	ERR610223-k20-n1-x5e9	ERR610224-k20-n1-x5e9	ERR610225-k20-n1-x5e9	ERR610226-k20-n1-x5e9	ERR610227-k20-n1-x5e9	ERR610228-k20-n1-x5e9	ERR607817-k20-n1-x5e9	ERR607818-k20-n1-x5e9	ERR607819-k20-n1-x5e9	ERR607820-k20-n1-x5e9	ERR607821-k20-n1-x5e9	ERR607822-k20-n1-x5e9	ERR608221-k20-n1-x5e9	ERR608222-k20-n1-x5e9	ERR608223-k20-n1-x5e9	ERR608224-k20-n1-x5e9	ERR608225-k20-n1-x5e9	ERR608226-k20-n1-x5e9	ERR605417-k20-n1-x5e9	ERR605418-k20-n1-x5e9	ERR605419-k20-n1-x5e9	ERR605420-k20-n1-x5e9	ERR605421-k20-n1-x5e9	ERR605422-k20-n1-x5e9	ERR606672-k20-n1-x5e9	ERR606673-k20-n1-x5e9	ERR606674-k20-n1-x5e9	ERR606675-k20-n1-x5e9	ERR606676-k20-n1-x5e9	ERR606677-k20-n1-x5e9	ERR608365-k20-n1-x5e9	ERR608366-k20-n1-x5e9	ERR608367-k20-n1-x5e9	ERR608368-k20-n1-x5e9	ERR608369-k20-n1-x5e9	ERR608370-k20-n1-x5e9	ERR605297-k20-n1-x5e9	ERR605298-k20-n1-x5e9	ERR605299-k20-n1-x5e9	ERR605300-k20-n1-x5e9	ERR605301-k20-n1-x5e9	ERR605302-k20-n1-x5e9	ERR608901-k20-n1-x5e9	ERR608902-k20-n1-x5e9	ERR608903-k20-n1-x5e9	ERR608904-k20-n1-x5e9	ERR608905-k20-n1-x5e9	ERR608906-k20-n1-x5e9	ERR608341-k20-n1-x5e9	ERR608342-k20-n1-x5e9	ERR608343-k20-n1-x5e9	ERR608344-k20-n1-x5e9	ERR608345-k20-n1-x5e9	ERR608346-k20-n1-x5e9	ERR608775-k20-n1-x5e9	ERR608776-k20-n1-x5e9	ERR608777-k20-n1-x5e9	ERR608778-k20-n1-x5e9	ERR608779-k20-n1-x5e9	ERR608780-k20-n1-x5e9	ERR605683-k20-n1-x5e9	ERR605684-k20-n1-x5e9	ERR605685-k20-n1-x5e9	ERR605686-k20-n1-x5e9	ERR605687-k20-n1-x5e9	ERR605688-k20-n1-x5e9	ERR608371-k20-n1-x5e9	ERR608372-k20-n1-x5e9	ERR608373-k20-n1-x5e9	ERR608374-k20-n1-x5e9	ERR608375-k20-n1-x5e9	ERR608376-k20-n1-x5e9	ERR605701-k20-n1-x5e9	ERR605702-k20-n1-x5e9	ERR605703-k20-n1-x5e9	ERR605704-k20-n1-x5e9	ERR605705-k20-n1-x5e9	ERR605706-k20-n1-x5e9
ERR610193-k20-n1-x5e9	0	0.42844	0.274066	0.269581	0.26779	0.269539	0.533879	0.530832	0.52634	0.523856	0.527794	0.523789	0.497781	0.53257	0.492763	0.523866	0.522857	0.523692	0.499938	0.566746	0.498721	0.518609	0.518417	0.51986	0.496476	0.501326	0.486293	0.579872	0.577578	0.576637	0.51117	0.500387	0.509064	0.486507	0.485276	0.485655	0.568951	0.571224	0.573788	0.559259	0.560828	0.562695	0.64092	0.560654	0.556913	0.55871	0.57456	0.573383	0.677351	0.65512	0.650423	0.647428	0.648779	0.655888	0.702202	0.708193	0.730754	0.734481	0.732984	0.730755	0.621509	0.611359	0.619532	0.608697	0.607629	0.607014	0.653942	0.634303	0.634858	0.627582	0.630431	0.634081	0.620621	0.619776	0.622924	0.618112	0.619555	0.618818	0.66112	0.667114	0.668055	0.659035	0.714292	0.706067	0.664945	0.649245	0.659091	0.670775	0.664001	0.662405	0.655513	0.662843	0.665422	0.661438	0.683307	0.681246
ERR610194-k20-n1-x5e9	0.42844	0	0.37837	0.462842	0.459506	0.464076	0.638145	0.626631	0.61103	0.620336	0.625022	0.620116	0.623554	0.504234	0.590209	0.657118	0.656457	0.658443	0.60676	0.497512	0.57052	0.611778	0.614818	0.618405	0.621888	0.632919	0.611629	0.73595	0.733844	0.732573	0.451947	0.453591	0.442272	0.561188	0.558886	0.557665	0.666469	0.543748	0.655868	0.643458	0.645763	0.646929	0.591091	0.65426	0.643551	0.623226	0.663705	0.659124	0.695384	0.708682	0.716054	0.716277	0.718409	0.707692	0.7321	0.730987	0.713058	0.737023	0.736485	0.737955	0.64256	0.646618	0.649646	0.604239	0.603795	0.605502	0.666731	0.683425	0.696678	0.688119	0.688573	0.682889	0.732129	0.737405	0.738493	0.704136	0.706665	0.703629	0.69354	0.687607	0.685301	0.664755	0.690117	0.686105	0.715833	0.714518	0.718047	0.710319	0.709147	0.708914	0.732554	0.728739	0.728697	0.723751	0.737818	0.735344
ERR610195-k20-n1-x5e9	0.274066	0.37837	0	0.29995	0.29711	0.300449	0.548575	0.542628	0.534082	0.535301	0.539924	0.535424	0.517197	0.510225	0.500858	0.548055	0.547057	0.548511	0.512245	0.539288	0.498414	0.527176	0.528265	0.530535	0.516423	0.523864	0.505437	0.616089	0.613761	0.612742	0.481477	0.472328	0.477564	0.488087	0.486547	0.486483	0.582368	0.550148	0.582187	0.567465	0.569379	0.570991	0.620694	0.572828	0.566433	0.561643	0.58602	0.583713	0.671763	0.65791	0.656604	0.654504	0.656196	0.658298	0.700112	0.704474	0.718449	0.727084	0.725677	0.724314	0.614813	0.607605	0.61498	0.594975	0.594086	0.593945	0.646525	0.635147	0.639383	0.631371	0.633585	0.634851	0.64143	0.642628	0.645251	0.62994	0.631812	0.630212	0.658503	0.661839	0.662	0.649807	0.701047	0.693381	0.667667	0.655573	0.664131	0.670367	0.664697	0.663514	0.666166	0.670319	0.672198	0.667637	0.688621	0.68628
ERR610196-k20-n1-x5e9	0.269581	0.462842	0.29995	0	0.256642	0.256346	0.508299	0.50734	0.505652	0.501123	0.504184	0.500991	0.480315	0.538689	0.482582	0.498143	0.497218	0.497638	0.487942	0.575695	0.494022	0.504873	0.504015	0.504626	0.472075	0.475541	0.463842	0.541493	0.539271	0.538429	0.524478	0.51312	0.524513	0.474855	0.474606	0.475172	0.546117	0.575165	0.553934	0.541806	0.542772	0.544619	0.637602	0.537816	0.536095	0.541996	0.550325	0.549886	0.669386	0.643663	0.63695	0.634011	0.634767	0.644414	0.691653	0.698821	0.72767	0.726491	0.724834	0.721976	0.615864	0.604797	0.612433	0.611822	0.610559	0.609511	0.647463	0.624759	0.622772	0.616721	0.619749	0.623875	0.594849	0.593233	0.595789	0.600801	0.601501	0.601418	0.650996	0.658523	0.660039	0.654454	0.70947	0.701193	0.652588	0.635343	0.644373	0.661611	0.65498	0.653233	0.634378	0.643528	0.646669	0.644165	0.663411	0.661835
ERR610197-k20-n1-x5e9	0.26779	0.459506	0.29711	0.256642	0	0.256552	0.511586	0.510444	0.508527	0.504039	0.507373	0.504052	0.482218	0.538061	0.483667	0.500885	0.499913	0.500414	0.489357	0.574866	0.494794	0.50644	0.505601	0.506391	0.47493	0.478636	0.466624	0.545659	0.5434	0.542633	0.523504	0.512251	0.523475	0.476426	0.475954	0.476542	0.549242	0.57523	0.556717	0.544311	0.545297	0.547127	0.638212	0.541017	0.538907	0.544274	0.55359	0.553073	0.670876	0.64561	0.639096	0.636152	0.636904	0.646285	0.693572	0.700653	0.728603	0.728049	0.726425	0.723602	0.617001	0.606083	0.613749	0.612066	0.610794	0.609893	0.648674	0.626245	0.624687	0.618457	0.621526	0.625512	0.597982	0.596558	0.599167	0.603249	0.604052	0.603971	0.652803	0.660146	0.661519	0.655662	0.71044	0.702212	0.654724	0.637641	0.646721	0.663347	0.656704	0.655009	0.637497	0.646503	0.649539	0.646983	0.666357	0.664719
ERR610198-k20-n1-x5e9	0.269539	0.464076	0.300449	0.256346	0.256552	0	0.509715	0.508747	0.507131	0.502397	0.505632	0.502366	0.480754	0.539577	0.483257	0.498455	0.497591	0.49796	0.488508	0.576692	0.494891	0.505679	0.50473	0.505402	0.472907	0.476246	0.46455	0.541511	0.539334	0.538513	0.525306	0.514035	0.52566	0.475842	0.475636	0.476096	0.547389	0.576267	0.555272	0.543146	0.54403	0.545953	0.639015	0.539313	0.537568	0.543487	0.551862	0.5514	0.670816	0.645092	0.638329	0.635339	0.636071	0.645745	0.693103	0.700342	0.728825	0.727934	0.72627	0.723358	0.617107	0.60602	0.613555	0.612871	0.611486	0.610583	0.648795	0.625875	0.62416	0.618008	0.621122	0.625272	0.595786	0.594132	0.596722	0.6019	0.602664	0.602616	0.652392	0.66003	0.661427	0.655822	0.710684	0.702374	0.653882	0.636601	0.645631	0.662911	0.656178	0.654504	0.635857	0.645192	0.648281	0.645674	0.665076	0.663433
ERR605515-k20-n1-x5e9	0.533879	0.638145	0.548575	0.508299	0.511586	0.509715	0	0.250558	0.258651	0.252956	0.251479	0.252823	0.371005	0.464307	0.375766	0.366874	0.367406	0.367138	0.377573	0.508382	0.391671	0.37282	0.372748	0.371059	0.350183	0.353088	0.351843	0.430819	0.428347	0.426393	0.501573	0.491633	0.510364	0.371219	0.373595	0.373791	0.313663	0.432655	0.317496	0.317877	0.317252	0.317531	0.494016	0.320617	0.321567	0.334674	0.324087	0.324325	0.508485	0.480344	0.4732	0.475465	0.473918	0.480943	0.480153	0.487414	0.544474	0.515311	0.513472	0.508521	0.482947	0.473459	0.473872	0.531391	0.529898	0.527533	0.514279	0.486594	0.478092	0.4814	0.482566	0.485952	0.450876	0.456884	0.456151	0.444381	0.444322	0.443905	0.457832	0.469274	0.472729	0.488333	0.535554	0.527536	0.474611	0.466149	0.466584	0.487222	0.485358	0.484249	0.439249	0.439463	0.441825	0.442407	0.448648	0.447236
ERR605516-k20-n1-x5e9	0.530832	0.626631	0.542628	0.50734	0.510444	0.508747	0.250558	0	0.253975	0.251508	0.25083	0.251448	0.372775	0.450851	0.372054	0.372751	0.373304	0.373392	0.376131	0.494258	0.385278	0.370592	0.370898	0.36969	0.353296	0.357671	0.35414	0.444766	0.442193	0.440315	0.487467	0.477755	0.496405	0.364665	0.366584	0.366663	0.316393	0.417088	0.31679	0.316348	0.31594	0.31632	0.479978	0.321798	0.32037	0.328037	0.324775	0.324286	0.50319	0.479473	0.473762	0.476589	0.475352	0.479805	0.476859	0.483201	0.535679	0.508834	0.507219	0.502661	0.477112	0.468951	0.46898	0.523499	0.522079	0.520049	0.508324	0.484273	0.477546	0.480276	0.481726	0.483534	0.458583	0.465448	0.464534	0.447425	0.447725	0.446819	0.45366	0.463271	0.466714	0.48072	0.525582	0.517608	0.473827	0.467034	0.466964	0.485127	0.483678	0.482847	0.442581	0.440785	0.443205	0.443295	0.448882	0.447279
ERR605517-k20-n1-x5e9	0.52634	0.61103	0.534082	0.505652	0.508527	0.507131	0.258651	0.253975	0	0.253853	0.254571	0.253818	0.375234	0.433087	0.368406	0.379808	0.380408	0.380831	0.374863	0.475783	0.377247	0.367899	0.368786	0.368305	0.358153	0.364447	0.357892	0.461593	0.458991	0.456978	0.46862	0.459214	0.477546	0.3568	0.358146	0.358173	0.32166	0.397923	0.316776	0.315503	0.315529	0.315591	0.46049	0.324999	0.321201	0.322822	0.328953	0.327161	0.496636	0.478115	0.474639	0.477589	0.476505	0.478132	0.473405	0.478633	0.524606	0.501317	0.49969	0.495773	0.469183	0.462821	0.46246	0.51217	0.510847	0.508961	0.500461	0.480971	0.476747	0.478588	0.479589	0.480353	0.467217	0.47487	0.474127	0.450324	0.450997	0.44952	0.449648	0.457528	0.459701	0.471558	0.513988	0.506762	0.471777	0.466822	0.466374	0.481143	0.480326	0.47955	0.447526	0.444037	0.444923	0.444441	0.450452	0.448712
ERR605518-k20-n1-x5e9	0.523856	0.620336	0.535301	0.501123	0.504039	0.502397	0.252956	0.251508	0.253853	0	0.250063	0.250101	0.369667	0.445988	0.368384	0.371264	0.371874	0.372028	0.372765	0.489777	0.381079	0.36761	0.36813	0.366939	0.35191	0.356456	0.352248	0.446397	0.443852	0.441911	0.482599	0.472694	0.491287	0.361594	0.363614	0.36359	0.317695	0.413945	0.316709	0.315352	0.315037	0.315498	0.47759	0.32265	0.320954	0.328185	0.327191	0.326163	0.502077	0.478368	0.473153	0.475607	0.474339	0.478599	0.47715	0.483507	0.534133	0.508648	0.506823	0.502525	0.474867	0.466796	0.467155	0.519635	0.518174	0.516034	0.50623	0.482411	0.476025	0.478416	0.479605	0.481612	0.458984	0.46586	0.465224	0.446488	0.446855	0.445868	0.453494	0.463222	0.465799	0.478894	0.524974	0.516933	0.473132	0.466119	0.46639	0.483629	0.482188	0.481109	0.443958	0.442455	0.443969	0.443488	0.450718	0.449076
ERR605519-k20-n1-x5e9	0.527794	0.625022	0.539924	0.504184	0.507373	0.505632	0.251479	0.25083	0.254571	0.250063	0	0.249954	0.370316	0.44962	0.370345	0.370261	0.370678	0.37089	0.373946	0.49349	0.383421	0.368528	0.368647	0.367414	0.351546	0.355834	0.352429	0.443036	0.440508	0.43843	0.486907	0.477015	0.495741	0.363706	0.365621	0.365627	0.316272	0.417806	0.316186	0.315359	0.314946	0.315321	0.479865	0.321546	0.320166	0.328504	0.325309	0.324737	0.502989	0.478839	0.473124	0.475524	0.474181	0.478928	0.477338	0.48373	0.536055	0.509254	0.50741	0.502969	0.476533	0.468286	0.468574	0.522501	0.521144	0.518976	0.507712	0.48334	0.476683	0.479394	0.48051	0.48243	0.456689	0.463595	0.462732	0.44575	0.445908	0.445118	0.45417	0.463974	0.466765	0.480467	0.526381	0.518502	0.472681	0.465537	0.465532	0.483816	0.48231	0.481374	0.442196	0.441045	0.442705	0.442485	0.448932	0.447285
ERR605520-k20-n1-x5e9	0.523789	0.620116	0.535424	0.500991	0.504052	0.502366	0.252823	0.251448	0.253818	0.250101	0.249954	0	0.369934	0.445542	0.368422	0.371315	0.37164	0.371969	0.372718	0.489594	0.380941	0.367307	0.367921	0.366627	0.35198	0.356576	0.35216	0.44651	0.443863	0.441877	0.482343	0.472495	0.490902	0.361326	0.363076	0.363178	0.317153	0.413516	0.316391	0.314998	0.314583	0.314824	0.476991	0.322373	0.320542	0.327534	0.32676	0.32574	0.501737	0.478408	0.473225	0.475585	0.474434	0.478572	0.477059	0.483228	0.534	0.508347	0.50654	0.502285	0.474671	0.466747	0.466926	0.519297	0.518079	0.515966	0.506046	0.48227	0.47619	0.478359	0.479685	0.481514	0.458713	0.46564	0.46495	0.446374	0.44683	0.445756	0.453541	0.46307	0.465836	0.478813	0.52475	0.516898	0.47301	0.466009	0.466233	0.483659	0.482275	0.481292	0.443655	0.442199	0.443686	0.443314	0.450522	0.448732
ERR610247-k20-n1-x5e9	0.497781	0.623554	0.517197	0.480315	0.482218	0.480754	0.371005	0.372775	0.375234	0.369667	0.370316	0.369934	0	0.397807	0.256328	0.254811	0.254287	0.255883	0.27356	0.462529	0.301058	0.281455	0.279614	0.278374	0.329414	0.329668	0.32706	0.428086	0.424733	0.423035	0.487812	0.475845	0.495394	0.358438	0.35916	0.359787	0.348897	0.44487	0.350828	0.342661	0.343075	0.344038	0.51449	0.353346	0.353526	0.367186	0.364004	0.363532	0.493336	0.456808	0.449506	0.44864	0.448161	0.458246	0.480028	0.487125	0.542497	0.516955	0.515018	0.509984	0.466615	0.453244	0.457478	0.505759	0.505021	0.502218	0.499665	0.463227	0.454682	0.454668	0.456607	0.46391	0.443728	0.448742	0.451545	0.419848	0.421063	0.419709	0.456064	0.467813	0.470145	0.481657	0.54003	0.53108	0.445462	0.4346	0.442413	0.453491	0.447735	0.446581	0.459476	0.459071	0.459813	0.454691	0.475671	0.472704
ERR610248-k20-n1-x5e9	0.53257	0.504234	0.510225	0.538689	0.538061	0.539577	0.464307	0.450851	0.433087	0.445988	0.44962	0.445542	0.397807	0	0.35011	0.436246	0.435999	0.43929	0.379995	0.298058	0.33449	0.372318	0.377	0.381028	0.448724	0.461096	0.441638	0.598943	0.595862	0.593829	0.356836	0.353779	0.362173	0.38573	0.383862	0.381816	0.456225	0.331813	0.434014	0.423084	0.425898	0.426353	0.392175	0.448156	0.434895	0.408637	0.45609	0.449715	0.479648	0.498675	0.510683	0.513026	0.514901	0.497355	0.498684	0.49445	0.479483	0.492892	0.492711	0.494069	0.44798	0.454446	0.453196	0.444231	0.444108	0.444325	0.471989	0.48845	0.501512	0.496228	0.495635	0.488979	0.564058	0.575439	0.576242	0.507411	0.510797	0.506056	0.47006	0.462184	0.459051	0.44712	0.464962	0.4618	0.491414	0.499124	0.499877	0.480757	0.482196	0.482867	0.541638	0.527664	0.525085	0.517489	0.531544	0.527939
ERR610249-k20-n1-x5e9	0.492763	0.590209	0.500858	0.482582	0.483667	0.483257	0.375766	0.372054	0.368406	0.368384	0.370345	0.368422	0.256328	0.35011	0	0.285928	0.285384	0.287965	0.271215	0.416203	0.27638	0.274538	0.275178	0.275765	0.340752	0.345657	0.335812	0.468063	0.46471	0.462758	0.446684	0.435335	0.453824	0.341281	0.340945	0.34097	0.356823	0.402417	0.349841	0.339175	0.340663	0.341436	0.477616	0.356935	0.352226	0.354117	0.36831	0.365534	0.474562	0.45018	0.448686	0.448723	0.449205	0.450999	0.468453	0.472683	0.51461	0.496539	0.494813	0.49139	0.44583	0.436094	0.439414	0.477994	0.477289	0.474719	0.478924	0.452585	0.449613	0.448122	0.449429	0.453376	0.464589	0.472037	0.474521	0.427076	0.429235	0.42662	0.441929	0.449133	0.45031	0.457024	0.510879	0.502532	0.440858	0.435189	0.441394	0.44331	0.439003	0.438474	0.467465	0.462654	0.462403	0.455946	0.476789	0.473369
ERR610250-k20-n1-x5e9	0.523866	0.657118	0.548055	0.498143	0.500885	0.498455	0.366874	0.372751	0.379808	0.371264	0.370261	0.371315	0.254811	0.436246	0.285928	0	0.237622	0.23756	0.294845	0.497839	0.332753	0.296759	0.293413	0.290685	0.327033	0.323866	0.328943	0.391352	0.38823	0.386572	0.522201	0.510401	0.53079	0.375536	0.377287	0.378403	0.339604	0.476985	0.348554	0.346772	0.346037	0.3468	0.533145	0.347256	0.352408	0.373569	0.353677	0.355002	0.505262	0.462661	0.451146	0.450575	0.448654	0.464159	0.485249	0.494792	0.561407	0.527535	0.525315	0.51909	0.482424	0.468412	0.471493	0.531171	0.53073	0.527463	0.513978	0.473634	0.461126	0.463742	0.465864	0.473911	0.423899	0.427865	0.429837	0.414711	0.414602	0.41493	0.465312	0.479982	0.483168	0.500347	0.557132	0.548332	0.446338	0.433181	0.43901	0.460495	0.455129	0.453647	0.44554	0.448224	0.449497	0.44727	0.463104	0.461189
ERR610251-k20-n1-x5e9	0.522857	0.656457	0.547057	0.497218	0.499913	0.497591	0.367406	0.373304	0.380408	0.371874	0.370678	0.37164	0.254287	0.435999	0.285384	0.237622	0	0.237667	0.294205	0.497436	0.332313	0.296546	0.293305	0.290192	0.327124	0.323749	0.328848	0.391775	0.388713	0.386998	0.521958	0.510207	0.530488	0.375555	0.377416	0.378453	0.340159	0.476904	0.349032	0.34706	0.346422	0.347113	0.533455	0.347873	0.352913	0.37412	0.354627	0.355936	0.505327	0.462741	0.451272	0.450452	0.448649	0.464226	0.485449	0.495099	0.561466	0.52782	0.525534	0.519388	0.482329	0.46824	0.4713	0.530775	0.530331	0.526992	0.513949	0.473518	0.460965	0.46368	0.4656	0.473726	0.424226	0.428148	0.430073	0.41483	0.414675	0.414929	0.465501	0.480271	0.483472	0.500405	0.557304	0.548497	0.446488	0.433249	0.439343	0.460587	0.454975	0.453777	0.446091	0.448736	0.449957	0.447557	0.463779	0.461894
ERR610252-k20-n1-x5e9	0.523692	0.658443	0.548511	0.497638	0.500414	0.49796	0.367138	0.373392	0.380831	0.372028	0.37089	0.371969	0.255883	0.43929	0.287965	0.23756	0.237667	0	0.296473	0.500682	0.335206	0.298886	0.295452	0.292609	0.327024	0.323457	0.329028	0.388599	0.385571	0.383974	0.524316	0.512585	0.532898	0.37703	0.378713	0.379892	0.340234	0.47955	0.349955	0.34814	0.347449	0.348213	0.53562	0.348096	0.353584	0.37533	0.354596	0.356279	0.507447	0.464257	0.45231	0.45171	0.44983	0.465855	0.48753	0.497123	0.564037	0.530142	0.527808	0.521669	0.48457	0.470398	0.473385	0.533263	0.532721	0.529423	0.516021	0.475307	0.462332	0.465116	0.467144	0.475498	0.423297	0.427109	0.428907	0.415508	0.415319	0.415685	0.467597	0.482619	0.485925	0.502907	0.559888	0.551082	0.448422	0.434812	0.440741	0.462802	0.457315	0.455955	0.446422	0.449356	0.450743	0.448589	0.464544	0.462743
ERR610223-k20-n1-x5e9	0.499938	0.60676	0.512245	0.487942	0.489357	0.488508	0.377573	0.376131	0.374863	0.372765	0.373946	0.372718	0.27356	0.379995	0.271215	0.294845	0.294205	0.296473	0	0.419255	0.258651	0.24687	0.246234	0.246151	0.334098	0.337327	0.330618	0.455413	0.452015	0.450055	0.461346	0.449652	0.468705	0.344582	0.345159	0.345268	0.356695	0.420269	0.352414	0.343009	0.34422	0.344843	0.48832	0.355634	0.352755	0.35826	0.365574	0.36376	0.468802	0.439467	0.435765	0.435989	0.435765	0.44068	0.459298	0.464808	0.514071	0.49102	0.489336	0.485016	0.442264	0.430944	0.434473	0.479447	0.478912	0.476333	0.475666	0.444362	0.439085	0.438659	0.43996	0.445622	0.448464	0.455773	0.458456	0.410076	0.412356	0.409926	0.436048	0.445085	0.447054	0.456278	0.512586	0.503744	0.426746	0.4198	0.42672	0.430321	0.425425	0.424734	0.455716	0.451408	0.451318	0.444258	0.466351	0.462926
ERR610224-k20-n1-x5e9	0.566746	0.497512	0.539288	0.575695	0.574866	0.576692	0.508382	0.494258	0.475783	0.489777	0.49349	0.489594	0.462529	0.298058	0.416203	0.497839	0.497436	0.500682	0.419255	0	0.368982	0.409804	0.414709	0.419295	0.494553	0.507044	0.487845	0.641763	0.638858	0.636952	0.356351	0.358178	0.360402	0.424737	0.42271	0.420718	0.502248	0.351107	0.479247	0.469629	0.472432	0.472578	0.387032	0.492121	0.47833	0.448886	0.498155	0.491394	0.490634	0.520657	0.535457	0.53858	0.54064	0.518904	0.515569	0.509139	0.477787	0.49988	0.49999	0.503198	0.461059	0.472027	0.468849	0.4467	0.446998	0.447936	0.480788	0.509232	0.525803	0.520106	0.518681	0.509557	0.598781	0.610773	0.6113	0.537885	0.541349	0.536269	0.490505	0.47877	0.474722	0.457997	0.461082	0.459697	0.514153	0.525555	0.524852	0.500008	0.502923	0.504096	0.571312	0.555049	0.552028	0.543886	0.556017	0.552334
ERR610225-k20-n1-x5e9	0.498721	0.57052	0.498414	0.494022	0.494794	0.494891	0.391671	0.385278	0.377247	0.381079	0.383421	0.380941	0.301058	0.33449	0.27638	0.332753	0.332313	0.335206	0.258651	0.368982	0	0.257948	0.260206	0.262547	0.35609	0.36391	0.350587	0.498116	0.494599	0.49272	0.41871	0.408244	0.425818	0.336415	0.335823	0.33512	0.374863	0.380186	0.362587	0.351396	0.353779	0.354208	0.451482	0.370279	0.362636	0.355725	0.380152	0.376318	0.456329	0.441876	0.444365	0.445247	0.446076	0.442113	0.455957	0.458109	0.490103	0.476995	0.475404	0.473047	0.427218	0.420638	0.422852	0.454113	0.45349	0.451477	0.459422	0.441781	0.44302	0.440534	0.441175	0.442774	0.476482	0.485836	0.488117	0.427285	0.430137	0.426661	0.429951	0.433694	0.434158	0.436843	0.486344	0.478279	0.431549	0.430242	0.435468	0.429529	0.426517	0.426363	0.471658	0.463145	0.462171	0.454175	0.475054	0.47143
ERR610226-k20-n1-x5e9	0.518609	0.611778	0.527176	0.504873	0.50644	0.505679	0.37282	0.370592	0.367899	0.36761	0.368528	0.367307	0.281455	0.372318	0.274538	0.296759	0.296546	0.298886	0.24687	0.409804	0.257948	0	0.240587	0.240995	0.335433	0.339905	0.333532	0.459571	0.456223	0.454084	0.45688	0.446152	0.465525	0.339535	0.34024	0.340266	0.348478	0.410213	0.341343	0.334564	0.335731	0.336066	0.471001	0.346571	0.343246	0.345657	0.354071	0.351686	0.458322	0.432872	0.430297	0.431449	0.431092	0.433495	0.446781	0.451832	0.50199	0.475938	0.474072	0.4698	0.435015	0.425957	0.427343	0.476955	0.4766	0.473946	0.467027	0.439834	0.43538	0.435894	0.436768	0.440431	0.447026	0.456018	0.457781	0.405892	0.407819	0.405277	0.425459	0.433885	0.43571	0.446722	0.499352	0.490696	0.416207	0.412067	0.416415	0.419893	0.416546	0.416149	0.44748	0.440876	0.440461	0.433785	0.452607	0.449439
ERR610227-k20-n1-x5e9	0.518417	0.614818	0.528265	0.504015	0.505601	0.50473	0.372748	0.370898	0.368786	0.36813	0.368647	0.367921	0.279614	0.377	0.275178	0.293413	0.293305	0.295452	0.246234	0.414709	0.260206	0.240587	0	0.240323	0.334276	0.338258	0.332287	0.455619	0.452086	0.450093	0.461521	0.450353	0.470108	0.341668	0.342244	0.342288	0.347621	0.415049	0.341496	0.334769	0.335887	0.336245	0.475179	0.346399	0.343464	0.347127	0.353633	0.351776	0.460274	0.433382	0.430086	0.4312	0.43063	0.433926	0.44778	0.453202	0.504753	0.477874	0.476067	0.471644	0.437066	0.427533	0.428873	0.479629	0.47931	0.476595	0.469051	0.440764	0.435495	0.436116	0.43707	0.441165	0.444248	0.453002	0.454727	0.40442	0.406278	0.404101	0.426774	0.43588	0.43773	0.449241	0.502255	0.493746	0.416293	0.411542	0.416063	0.420658	0.417235	0.416819	0.446207	0.440245	0.439687	0.43336	0.452289	0.449068
ERR610228-k20-n1-x5e9	0.51986	0.618405	0.530535	0.504626	0.506391	0.505402	0.371059	0.36969	0.368305	0.366939	0.367414	0.366627	0.278374	0.381028	0.275765	0.290685	0.290192	0.292609	0.246151	0.419295	0.262547	0.240995	0.240323	0	0.332778	0.336676	0.331577	0.452277	0.448731	0.44666	0.46534	0.454303	0.473944	0.342803	0.343465	0.343519	0.345739	0.418489	0.340384	0.333977	0.335006	0.335375	0.47796	0.344559	0.342456	0.347125	0.351948	0.349963	0.461565	0.433564	0.429684	0.430675	0.430058	0.434098	0.448092	0.453898	0.506925	0.479274	0.477416	0.472622	0.438601	0.428629	0.430243	0.482195	0.481895	0.479101	0.470458	0.441235	0.435406	0.436548	0.437502	0.441825	0.442038	0.450689	0.452512	0.403275	0.405145	0.403062	0.427231	0.436967	0.438949	0.451131	0.504455	0.496015	0.416098	0.411017	0.415458	0.421036	0.417454	0.416997	0.444611	0.439021	0.438683	0.432492	0.451205	0.448022
ERR607817-k20-n1-x5e9	0.496476	0.621888	0.516423	0.472075	0.47493	0.472907	0.350183	0.353296	0.358153	0.35191	0.351546	0.35198	0.329414	0.448724	0.340752	0.327033	0.327124	0.327024	0.334098	0.494553	0.35609	0.335433	0.334276	0.332778	0	0.245827	0.24659	0.349101	0.3459	0.344055	0.477994	0.465659	0.486746	0.329075	0.330815	0.331858	0.344395	0.457783	0.35041	0.347743	0.347493	0.348519	0.505688	0.327867	0.329772	0.346006	0.334388	0.334906	0.496607	0.461936	0.45352	0.454277	0.453113	0.462482	0.496618	0.504807	0.562003	0.533934	0.532527	0.527585	0.466619	0.453529	0.45633	0.51152	0.51042	0.507717	0.499963	0.46501	0.455812	0.457531	0.459082	0.464906	0.426613	0.431711	0.432649	0.415641	0.4164	0.415646	0.471754	0.483652	0.486325	0.499503	0.552922	0.54409	0.449309	0.437752	0.441936	0.460808	0.456709	0.455273	0.449247	0.451206	0.452876	0.451089	0.464542	0.462548
ERR607818-k20-n1-x5e9	0.501326	0.632919	0.523864	0.475541	0.478636	0.476246	0.353088	0.357671	0.364447	0.356456	0.355834	0.356576	0.329668	0.461096	0.345657	0.323866	0.323749	0.323457	0.337327	0.507044	0.36391	0.339905	0.338258	0.336676	0.245827	0	0.248245	0.335913	0.332753	0.330829	0.491291	0.478664	0.500132	0.338487	0.340406	0.341849	0.345736	0.469946	0.354305	0.351766	0.351462	0.352491	0.517276	0.331105	0.334504	0.353874	0.337435	0.338549	0.503337	0.465328	0.455105	0.455485	0.454091	0.466162	0.500784	0.509464	0.569562	0.539989	0.538302	0.533069	0.473935	0.460013	0.463111	0.520063	0.518936	0.516171	0.507432	0.469631	0.458967	0.461003	0.462728	0.469808	0.421772	0.42609	0.427157	0.415108	0.415574	0.415288	0.476886	0.489757	0.492639	0.506988	0.561276	0.552299	0.45166	0.43884	0.443443	0.464517	0.459694	0.458222	0.448643	0.452121	0.453891	0.452348	0.466066	0.4644
ERR607819-k20-n1-x5e9	0.486293	0.611629	0.505437	0.463842	0.466624	0.46455	0.351843	0.35414	0.357892	0.352248	0.352429	0.35216	0.32706	0.441638	0.335812	0.328943	0.328848	0.329028	0.330618	0.487845	0.350587	0.333532	0.332287	0.331577	0.24659	0.248245	0	0.358524	0.355412	0.353285	0.469338	0.456666	0.477611	0.325076	0.326346	0.327474	0.347385	0.451589	0.352369	0.348163	0.348092	0.349238	0.503087	0.330897	0.331985	0.346732	0.3391	0.33889	0.495729	0.462041	0.454358	0.455161	0.454051	0.462844	0.49763	0.505412	0.560169	0.534556	0.533084	0.528345	0.463606	0.45072	0.453963	0.505539	0.504399	0.501689	0.497841	0.463548	0.455438	0.45626	0.457866	0.463685	0.431006	0.436229	0.437425	0.417419	0.418417	0.417397	0.471641	0.482979	0.485531	0.497038	0.551234	0.542198	0.450608	0.439269	0.443928	0.461076	0.456747	0.455365	0.453208	0.454887	0.456529	0.454065	0.468993	0.466894
ERR607820-k20-n1-x5e9	0.579872	0.73595	0.616089	0.541493	0.545659	0.541511	0.430819	0.444766	0.461593	0.446397	0.443036	0.44651	0.428086	0.598943	0.468063	0.391352	0.391775	0.388599	0.455413	0.641763	0.498116	0.459571	0.455619	0.452277	0.349101	0.335913	0.358524	0	0.236736	0.236988	0.62847	0.61699	0.636587	0.471716	0.475351	0.47695	0.42746	0.605123	0.451528	0.456719	0.454653	0.455172	0.637625	0.42451	0.437533	0.470974	0.424635	0.430217	0.610638	0.559763	0.540089	0.539042	0.535757	0.5616	0.595295	0.608125	0.679244	0.642574	0.640549	0.633922	0.584464	0.568326	0.572013	0.635356	0.634293	0.631296	0.614434	0.568407	0.549771	0.555059	0.557801	0.567991	0.440221	0.434599	0.434444	0.488358	0.485703	0.489759	0.576488	0.593843	0.598256	0.617899	0.669557	0.660832	0.544792	0.523417	0.527253	0.569394	0.563251	0.561182	0.499259	0.514702	0.51918	0.524301	0.528542	0.52933
ERR607821-k20-n1-x5e9	0.577578	0.733844	0.613761	0.539271	0.5434	0.539334	0.428347	0.442193	0.458991	0.443852	0.440508	0.443863	0.424733	0.595862	0.46471	0.38823	0.388713	0.385571	0.452015	0.638858	0.494599	0.456223	0.452086	0.448731	0.3459	0.332753	0.355412	0.236736	0	0.236813	0.625784	0.614172	0.633874	0.468648	0.472108	0.473814	0.424706	0.60225	0.448688	0.453807	0.4518	0.452333	0.635116	0.421878	0.434694	0.46832	0.422133	0.427712	0.607967	0.557066	0.537456	0.536329	0.533066	0.558933	0.592668	0.605481	0.676656	0.640052	0.637942	0.631387	0.581914	0.565626	0.569387	0.632651	0.631688	0.628678	0.611955	0.565827	0.547213	0.552383	0.555111	0.565384	0.438319	0.432966	0.432939	0.485667	0.483008	0.486919	0.573953	0.591304	0.595634	0.61527	0.66711	0.658373	0.541896	0.520623	0.524608	0.566418	0.560287	0.558113	0.49733	0.512725	0.517039	0.5221	0.526603	0.527293
ERR607822-k20-n1-x5e9	0.576637	0.732573	0.612742	0.538429	0.542633	0.538513	0.426393	0.440315	0.456978	0.441911	0.43843	0.441877	0.423035	0.593829	0.462758	0.386572	0.386998	0.383974	0.450055	0.636952	0.49272	0.454084	0.450093	0.44666	0.344055	0.330829	0.353285	0.236988	0.236813	0	0.62378	0.612214	0.63196	0.466415	0.469972	0.471638	0.422738	0.600168	0.446676	0.451652	0.449638	0.450232	0.633024	0.4196	0.432472	0.465945	0.419919	0.425551	0.606089	0.555317	0.535764	0.534703	0.531496	0.55721	0.590755	0.603445	0.674788	0.638061	0.63599	0.629427	0.580089	0.563834	0.567585	0.631	0.629986	0.62698	0.610131	0.56409	0.545545	0.550733	0.553466	0.563704	0.437286	0.432069	0.432057	0.48396	0.481407	0.485381	0.57204	0.589428	0.593885	0.613379	0.665222	0.656558	0.539956	0.518768	0.522679	0.564394	0.558355	0.556169	0.495889	0.511087	0.515405	0.520371	0.524879	0.52557
ERR608221-k20-n1-x5e9	0.51117	0.451947	0.481477	0.524478	0.523504	0.525306	0.501573	0.487467	0.46862	0.482599	0.486907	0.482343	0.487812	0.356836	0.446684	0.522201	0.521958	0.524316	0.461346	0.356351	0.41871	0.45688	0.461521	0.46534	0.477994	0.491291	0.469338	0.62847	0.625784	0.62378	0	0.270604	0.271986	0.3685	0.36575	0.364034	0.507295	0.366672	0.48782	0.477225	0.479895	0.480313	0.400408	0.487097	0.47314	0.444719	0.495125	0.488783	0.529721	0.551603	0.563016	0.565871	0.567918	0.549961	0.563146	0.559694	0.540366	0.559256	0.559044	0.561258	0.485069	0.492669	0.491533	0.466572	0.466202	0.467654	0.514556	0.535699	0.550209	0.544126	0.543233	0.53621	0.603687	0.613797	0.61462	0.553376	0.556816	0.55216	0.530786	0.522964	0.520141	0.504919	0.518593	0.515264	0.543229	0.549442	0.550118	0.532745	0.534092	0.534496	0.588232	0.576219	0.574287	0.567695	0.579893	0.576807
ERR608222-k20-n1-x5e9	0.500387	0.453591	0.472328	0.51312	0.512251	0.514035	0.491633	0.477755	0.459214	0.472694	0.477015	0.472495	0.475845	0.353779	0.435335	0.510401	0.510207	0.512585	0.449652	0.358178	0.408244	0.446152	0.450353	0.454303	0.465659	0.478664	0.456666	0.61699	0.614172	0.612214	0.270604	0	0.273147	0.355816	0.353171	0.351452	0.497373	0.364968	0.478578	0.467476	0.470134	0.470656	0.403322	0.477	0.46324	0.436132	0.485571	0.479296	0.525184	0.544336	0.555082	0.557681	0.559732	0.542948	0.557835	0.554911	0.538538	0.556045	0.555817	0.557528	0.479079	0.485546	0.485033	0.46176	0.461524	0.462782	0.509467	0.528116	0.542053	0.535952	0.53509	0.528643	0.593866	0.603798	0.604719	0.544061	0.547479	0.54304	0.52537	0.518477	0.515626	0.500982	0.518513	0.514755	0.535859	0.541197	0.542267	0.526067	0.526744	0.527176	0.580381	0.569067	0.567021	0.560495	0.573889	0.570711
ERR608223-k20-n1-x5e9	0.509064	0.442272	0.477564	0.524513	0.523475	0.52566	0.510364	0.496405	0.477546	0.491287	0.495741	0.490902	0.495394	0.362173	0.453824	0.53079	0.530488	0.532898	0.468705	0.360402	0.425818	0.465525	0.470108	0.473944	0.486746	0.500132	0.477611	0.636587	0.633874	0.63196	0.271986	0.273147	0	0.378533	0.375679	0.373834	0.516871	0.372398	0.497556	0.486155	0.488984	0.489557	0.411064	0.497061	0.482878	0.45492	0.505534	0.499134	0.537968	0.559357	0.570743	0.573365	0.57555	0.557673	0.571235	0.567511	0.546922	0.567219	0.567273	0.569257	0.491789	0.499076	0.498474	0.470183	0.470043	0.47159	0.521463	0.542648	0.557315	0.550933	0.55008	0.543281	0.611876	0.621693	0.622631	0.561576	0.565025	0.560317	0.538492	0.53052	0.52756	0.511289	0.526327	0.523073	0.551899	0.557825	0.558916	0.541065	0.542117	0.542458	0.596697	0.584928	0.582967	0.57622	0.589258	0.586029
ERR608224-k20-n1-x5e9	0.486507	0.561188	0.488087	0.474855	0.476426	0.475842	0.371219	0.364665	0.3568	0.361594	0.363706	0.361326	0.358438	0.38573	0.341281	0.375536	0.375555	0.37703	0.344582	0.424737	0.336415	0.339535	0.341668	0.342803	0.329075	0.338487	0.325076	0.471716	0.468648	0.466415	0.3685	0.355816	0.378533	0	0.249084	0.249401	0.369009	0.391344	0.359783	0.353522	0.35501	0.355676	0.436754	0.345729	0.338677	0.331255	0.352937	0.349029	0.476368	0.46474	0.465322	0.467695	0.468097	0.464187	0.488452	0.492329	0.525882	0.511341	0.510229	0.507223	0.44001	0.434507	0.435335	0.469812	0.469241	0.467659	0.474997	0.460453	0.461733	0.460373	0.460751	0.460793	0.473593	0.482724	0.483363	0.437914	0.440028	0.437269	0.460044	0.464869	0.465406	0.470248	0.512204	0.504498	0.448551	0.446045	0.447842	0.45125	0.449448	0.448851	0.475707	0.469387	0.469288	0.464903	0.477825	0.475388
ERR608225-k20-n1-x5e9	0.485276	0.558886	0.486547	0.474606	0.475954	0.475636	0.373595	0.366584	0.358146	0.363614	0.365621	0.363076	0.35916	0.383862	0.340945	0.377287	0.377416	0.378713	0.345159	0.42271	0.335823	0.34024	0.342244	0.343465	0.330815	0.340406	0.326346	0.475351	0.472108	0.469972	0.36575	0.353171	0.375679	0.249084	0	0.2492	0.371219	0.390085	0.361727	0.355102	0.356549	0.357189	0.435641	0.347896	0.340376	0.332494	0.355338	0.351301	0.476547	0.465725	0.466682	0.469024	0.469414	0.46524	0.489757	0.493542	0.525933	0.512129	0.510992	0.508258	0.440169	0.434997	0.435828	0.469067	0.468563	0.466694	0.474669	0.461266	0.462721	0.461158	0.461608	0.461337	0.476138	0.485377	0.486046	0.439809	0.442049	0.439097	0.461488	0.465866	0.466468	0.470477	0.51251	0.504768	0.449765	0.447391	0.449395	0.452025	0.450388	0.44975	0.477994	0.47163	0.471243	0.466766	0.480207	0.477577
ERR608226-k20-n1-x5e9	0.485655	0.557665	0.486483	0.475172	0.476542	0.476096	0.373791	0.366663	0.358173	0.36359	0.365627	0.363178	0.359787	0.381816	0.34097	0.378403	0.378453	0.379892	0.345268	0.420718	0.33512	0.340266	0.342288	0.343519	0.331858	0.341849	0.327474	0.47695	0.473814	0.471638	0.364034	0.351452	0.373834	0.249401	0.2492	0	0.371744	0.387902	0.361772	0.355229	0.356465	0.35723	0.433923	0.348362	0.340796	0.332174	0.355928	0.351839	0.475647	0.46539	0.466666	0.468999	0.469432	0.464791	0.488953	0.492377	0.524387	0.510822	0.509785	0.50695	0.438977	0.433865	0.434717	0.467658	0.467084	0.465461	0.473947	0.460908	0.462384	0.46095	0.461383	0.461248	0.476845	0.48611	0.486955	0.439971	0.442199	0.43922	0.460261	0.464617	0.464997	0.468999	0.510756	0.50308	0.449397	0.447437	0.449229	0.451543	0.449826	0.449304	0.478293	0.47175	0.471337	0.46668	0.480147	0.477477
ERR605417-k20-n1-x5e9	0.568951	0.666469	0.582368	0.546117	0.549242	0.547389	0.313663	0.316393	0.32166	0.317695	0.316272	0.317153	0.348897	0.456225	0.356823	0.339604	0.340159	0.340234	0.356695	0.502248	0.374863	0.348478	0.347621	0.345739	0.344395	0.345736	0.347385	0.42746	0.424706	0.422738	0.507295	0.497373	0.516871	0.369009	0.371219	0.371744	0	0.40533	0.244701	0.249713	0.248453	0.247919	0.487878	0.306511	0.309272	0.325221	0.308873	0.309174	0.484309	0.451597	0.442844	0.445905	0.443925	0.45279	0.441683	0.450526	0.5183	0.480694	0.478624	0.472617	0.464754	0.455104	0.454933	0.521477	0.520963	0.517808	0.498069	0.466831	0.456333	0.46154	0.462563	0.466948	0.430896	0.438998	0.438897	0.412598	0.41257	0.411708	0.429371	0.442822	0.446605	0.467303	0.516732	0.50826	0.431629	0.425394	0.425536	0.44469	0.443013	0.442107	0.410688	0.407498	0.408701	0.407548	0.416577	0.41479
ERR605418-k20-n1-x5e9	0.571224	0.543748	0.550148	0.575165	0.57523	0.576267	0.432655	0.417088	0.397923	0.413945	0.417806	0.413516	0.44487	0.331813	0.402417	0.476985	0.476904	0.47955	0.420269	0.351107	0.380186	0.410213	0.415049	0.418489	0.457783	0.469946	0.451589	0.605123	0.60225	0.600168	0.366672	0.364968	0.372398	0.391344	0.390085	0.387902	0.40533	0	0.379004	0.369173	0.371815	0.371817	0.364419	0.426567	0.411532	0.381075	0.432758	0.425795	0.474242	0.494815	0.50663	0.510858	0.512198	0.493696	0.471094	0.465565	0.44955	0.461971	0.462085	0.464079	0.444397	0.451899	0.448616	0.448997	0.448904	0.44911	0.473917	0.490735	0.502443	0.499362	0.498132	0.49141	0.562034	0.574127	0.574545	0.50423	0.507594	0.502575	0.447605	0.43899	0.436919	0.427822	0.438741	0.436255	0.485574	0.495346	0.494071	0.474842	0.477729	0.478385	0.519102	0.502445	0.499925	0.492559	0.503502	0.499762
ERR605419-k20-n1-x5e9	0.573788	0.655868	0.582187	0.553934	0.556717	0.555272	0.317496	0.31679	0.316776	0.316709	0.316186	0.316391	0.350828	0.434014	0.349841	0.348554	0.349032	0.349955	0.352414	0.479247	0.362587	0.341343	0.341496	0.340384	0.35041	0.354305	0.352369	0.451528	0.448688	0.446676	0.48782	0.478578	0.497556	0.359783	0.361727	0.361772	0.244701	0.379004	0	0.243428	0.242742	0.242417	0.462728	0.306321	0.305337	0.313401	0.308784	0.307316	0.470543	0.44476	0.439354	0.443024	0.441278	0.445416	0.429122	0.435977	0.497449	0.461749	0.459909	0.454168	0.451978	0.444755	0.44352	0.507399	0.507088	0.504062	0.485084	0.45945	0.451644	0.456241	0.456744	0.459565	0.441667	0.45146	0.451303	0.4133	0.413887	0.412188	0.416922	0.42811	0.430746	0.450315	0.496085	0.488155	0.423284	0.420836	0.41998	0.43324	0.432382	0.431879	0.413963	0.407128	0.406835	0.404612	0.413431	0.411312
ERR605420-k20-n1-x5e9	0.559259	0.643458	0.567465	0.541806	0.544311	0.543146	0.317877	0.316348	0.315503	0.315352	0.315359	0.314998	0.342661	0.423084	0.339175	0.346772	0.34706	0.34814	0.343009	0.469629	0.351396	0.334564	0.334769	0.333977	0.347743	0.351766	0.348163	0.456719	0.453807	0.451652	0.477225	0.467476	0.486155	0.353522	0.355102	0.355229	0.249713	0.369173	0.243428	0	0.24018	0.24015	0.461463	0.309052	0.306807	0.31324	0.314208	0.312199	0.467951	0.442412	0.437894	0.440904	0.439637	0.442981	0.429301	0.435663	0.493622	0.461181	0.459421	0.454356	0.44713	0.439358	0.438894	0.498229	0.497913	0.494929	0.481242	0.455346	0.448571	0.452009	0.452676	0.455502	0.445726	0.455188	0.455619	0.413568	0.414581	0.412383	0.414901	0.425508	0.428197	0.444946	0.493272	0.485184	0.424337	0.421669	0.422076	0.432106	0.430882	0.430328	0.419134	0.412226	0.412082	0.408225	0.420857	0.418007
ERR605421-k20-n1-x5e9	0.560828	0.645763	0.569379	0.542772	0.545297	0.54403	0.317252	0.31594	0.315529	0.315037	0.314946	0.314583	0.343075	0.425898	0.340663	0.346037	0.346422	0.347449	0.34422	0.472432	0.353779	0.335731	0.335887	0.335006	0.347493	0.351462	0.348092	0.454653	0.4518	0.449638	0.479895	0.470134	0.488984	0.35501	0.356549	0.356465	0.248453	0.371815	0.242742	0.24018	0	0.239944	0.463151	0.308252	0.306504	0.313994	0.313383	0.311579	0.468592	0.442667	0.437748	0.440827	0.439529	0.44316	0.429219	0.435677	0.494736	0.46159	0.45989	0.454705	0.448064	0.440054	0.439708	0.499948	0.499565	0.49654	0.482227	0.455786	0.448628	0.452282	0.452948	0.455956	0.444264	0.453713	0.453944	0.412981	0.413883	0.41168	0.415014	0.425793	0.428463	0.445765	0.494397	0.486318	0.424143	0.421139	0.421491	0.432215	0.430886	0.430358	0.4177	0.410932	0.410926	0.407253	0.419509	0.416829
ERR605422-k20-n1-x5e9	0.562695	0.646929	0.570991	0.544619	0.547127	0.545953	0.317531	0.31632	0.315591	0.315498	0.315321	0.314824	0.344038	0.426353	0.341436	0.3468	0.347113	0.348213	0.344843	0.472578	0.354208	0.336066	0.336245	0.335375	0.348519	0.352491	0.349238	0.455172	0.452333	0.450232	0.480313	0.470656	0.489557	0.355676	0.357189	0.35723	0.247919	0.371817	0.242417	0.24015	0.239944	0	0.462409	0.307854	0.306278	0.313567	0.312875	0.310892	0.468393	0.4425	0.437521	0.440809	0.439402	0.443014	0.428828	0.435271	0.494385	0.461072	0.459426	0.454231	0.448167	0.44039	0.439817	0.50024	0.499988	0.49704	0.482246	0.45595	0.448823	0.452632	0.453165	0.456006	0.444357	0.453837	0.454155	0.412803	0.41377	0.411707	0.414985	0.426005	0.428525	0.445992	0.494161	0.48601	0.423605	0.420756	0.421019	0.431753	0.430644	0.430144	0.417491	0.410567	0.410553	0.406961	0.418965	0.416273
ERR606672-k20-n1-x5e9	0.64092	0.591091	0.620694	0.637602	0.638212	0.639015	0.494016	0.479978	0.46049	0.47759	0.479865	0.476991	0.51449	0.392175	0.477616	0.533145	0.533455	0.53562	0.48832	0.387032	0.451482	0.471001	0.475179	0.47796	0.505688	0.517276	0.503087	0.637625	0.635116	0.633024	0.400408	0.403322	0.411064	0.436754	0.435641	0.433923	0.487878	0.364419	0.462728	0.461463	0.463151	0.462409	0	0.448113	0.434871	0.399193	0.447549	0.440662	0.514693	0.54592	0.55769	0.562866	0.563332	0.543875	0.524392	0.519405	0.500812	0.505612	0.505919	0.507533	0.49267	0.506176	0.498977	0.506319	0.506833	0.506871	0.513324	0.542006	0.554082	0.552984	0.551105	0.542222	0.601207	0.614356	0.613141	0.550677	0.553235	0.549164	0.504046	0.493965	0.489666	0.486383	0.467647	0.468697	0.525566	0.539077	0.532534	0.518976	0.523811	0.524691	0.563159	0.545854	0.541894	0.538582	0.537145	0.535222
