	ERR610199-k20-n1-x5e9	ERR610200-k20-n1-x5e9	ERR610201-k20-n1-x5e9	ERR610202-k20-n1-x5e9	ERR610203-k20-n1-x5e9	ERR610204-k20-n1-x5e9	ERR608007-k20-n1-x5e9	ERR608008-k20-n1-x5e9	ERR608009-k20-n1-x5e9	ERR608010-k20-n1-x5e9	ERR608011-k20-n1-x5e9	ERR608012-k20-n1-x5e9	ERR609119-k20-n1-x5e9	ERR609120-k20-n1-x5e9	ERR609121-k20-n1-x5e9	ERR609122-k20-n1-x5e9	ERR609123-k20-n1-x5e9	ERR609124-k20-n1-x5e9	ERR610223-k20-n1-x5e9	ERR610224-k20-n1-x5e9	ERR610225-k20-n1-x5e9	ERR610226-k20-n1-x5e9	ERR610227-k20-n1-x5e9	ERR610228-k20-n1-x5e9	ERR607158-k20-n1-x5e9	ERR607159-k20-n1-x5e9	ERR607160-k20-n1-x5e9	ERR607161-k20-n1-x5e9	ERR607162-k20-n1-x5e9	ERR607163-k20-n1-x5e9	ERR606660-k20-n1-x5e9	ERR606661-k20-n1-x5e9	ERR606662-k20-n1-x5e9	ERR606663-k20-n1-x5e9	ERR606664-k20-n1-x5e9	ERR606665-k20-n1-x5e9	ERR608013-k20-n1-x5e9	ERR608014-k20-n1-x5e9	ERR608015-k20-n1-x5e9	ERR608016-k20-n1-x5e9	ERR608017-k20-n1-x5e9	ERR608018-k20-n1-x5e9	ERR607343-k20-n1-x5e9	ERR607344-k20-n1-x5e9	ERR607345-k20-n1-x5e9	ERR607346-k20-n1-x5e9	ERR607347-k20-n1-x5e9	ERR607348-k20-n1-x5e9	ERR608943-k20-n1-x5e9	ERR608944-k20-n1-x5e9	ERR608945-k20-n1-x5e9	ERR608946-k20-n1-x5e9	ERR608947-k20-n1-x5e9	ERR608948-k20-n1-x5e9	ERR608389-k20-n1-x5e9	ERR608390-k20-n1-x5e9	ERR608391-k20-n1-x5e9	ERR608392-k20-n1-x5e9	ERR608393-k20-n1-x5e9	ERR608394-k20-n1-x5e9	ERR608275-k20-n1-x5e9	ERR608276-k20-n1-x5e9	ERR608277-k20-n1-x5e9	ERR608278-k20-n1-x5e9	ERR608279-k20-n1-x5e9	ERR608280-k20-n1-x5e9	ERR608057-k20-n1-x5e9	ERR608058-k20-n1-x5e9	ERR608059-k20-n1-x5e9	ERR608060-k20-n1-x5e9	ERR608061-k20-n1-x5e9	ERR608062-k20-n1-x5e9	ERR605653-k20-n1-x5e9	ERR605654-k20-n1-x5e9	ERR605655-k20-n1-x5e9	ERR605656-k20-n1-x5e9	ERR605657-k20-n1-x5e9	ERR605658-k20-n1-x5e9	ERR605994-k20-n1-x5e9	ERR605995-k20-n1-x5e9	ERR605996-k20-n1-x5e9	ERR605997-k20-n1-x5e9	ERR605998-k20-n1-x5e9	ERR605999-k20-n1-x5e9	ERR608371-k20-n1-x5e9	ERR608372-k20-n1-x5e9	ERR608373-k20-n1-x5e9	ERR608374-k20-n1-x5e9	ERR608375-k20-n1-x5e9	ERR608376-k20-n1-x5e9	ERR605928-k20-n1-x5e9	ERR605929-k20-n1-x5e9	ERR605930-k20-n1-x5e9	ERR605931-k20-n1-x5e9	ERR605932-k20-n1-x5e9	ERR605933-k20-n1-x5e9
ERR610199-k20-n1-x5e9	0	0.897317	0.792288	0.74338	0.743975	0.742571	0.952503	0.859916	0.881656	0.857174	0.857117	0.855636	0.883934	0.954247	0.893108	0.884129	0.88072	0.884673	0.903809	1.00814	0.922108	0.904937	0.903347	0.904383	0.902025	0.851752	0.930976	0.864044	0.863318	0.965288	1.0231	0.89371	0.902206	0.911969	0.895131	0.896455	0.979524	0.939887	0.928973	0.902664	0.902054	0.902935	0.884942	0.877579	0.886408	0.838323	0.834991	0.836184	1.04634	1.04297	1.04297	1.06383	1.0619	1.06121	1.08609	1.06217	1.05367	1.053	1.05248	1.06331	0.990954	0.96248	0.950978	0.950609	0.947342	0.961022	1.32462	1.31491	1.3109	1.31283	1.31313	1.31284	1.07362	1.08042	1.084	1.08587	1.08904	1.08824	1.15047	1.09939	1.09773	1.13456	1.13459	1.13565	1.05888	1.04856	1.05082	1.06775	1.06299	1.06383	1.16238	1.09847	1.09623	1.135	1.13891	1.14115
ERR610200-k20-n1-x5e9	0.897317	0	0.903413	0.885536	0.886646	0.886137	1.0324	0.984275	0.994405	0.975893	0.97461	0.974705	0.995289	1.04002	0.99936	0.997419	0.996553	0.995455	1.02011	1.0746	1.02624	1.01646	1.01533	1.01587	0.991135	0.962041	1.01663	0.976627	0.981205	1.04896	1.08476	0.998998	1.00337	1.00742	0.998469	0.998715	1.0553	1.02949	1.01988	0.999849	0.999242	0.998958	0.994242	0.993249	0.9962	0.963509	0.963328	0.963104	1.1269	1.12571	1.12388	1.14406	1.14284	1.1425	1.15244	1.13736	1.13358	1.134	1.13295	1.13759	1.06368	1.05092	1.04638	1.046	1.04446	1.05016	1.34057	1.33374	1.33141	1.33236	1.33248	1.33235	1.1459	1.15058	1.15312	1.15691	1.15455	1.15468	1.20231	1.17079	1.16978	1.19327	1.19267	1.19355	1.13669	1.1318	1.1304	1.14445	1.14321	1.14314	1.21196	1.17365	1.17193	1.19611	1.19876	1.20128
ERR610201-k20-n1-x5e9	0.792288	0.903413	0	0.784532	0.783623	0.783907	0.971639	0.896306	0.906826	0.88147	0.883248	0.882635	0.912435	0.97487	0.920131	0.911768	0.911971	0.91609	0.93569	1.02073	0.946076	0.935572	0.935094	0.936195	0.921492	0.871857	0.951144	0.892834	0.899609	0.986317	1.03303	0.921827	0.925703	0.931291	0.922098	0.923423	0.995125	0.960831	0.952345	0.92615	0.925912	0.925683	0.90784	0.905796	0.90746	0.873337	0.874138	0.873947	1.06643	1.06179	1.06193	1.07919	1.0787	1.0779	1.10382	1.07567	1.0723	1.07188	1.07103	1.07638	1.01095	0.981407	0.973641	0.973292	0.971214	0.97975	1.32968	1.31804	1.31522	1.31695	1.31716	1.3165	1.08778	1.09511	1.09713	1.10094	1.10181	1.10173	1.16393	1.11839	1.11839	1.14814	1.14803	1.14926	1.07731	1.06975	1.07196	1.08333	1.08083	1.07986	1.17385	1.11912	1.1155	1.15054	1.1539	1.15725
ERR610202-k20-n1-x5e9	0.74338	0.885536	0.784532	0	0.727866	0.727945	0.946937	0.856051	0.870465	0.850613	0.854493	0.851296	0.872113	0.943422	0.881069	0.877548	0.87484	0.876073	0.896179	0.996457	0.908094	0.894104	0.890667	0.892267	0.880809	0.831589	0.917348	0.850824	0.854366	0.953446	1.00481	0.876622	0.883563	0.887995	0.878593	0.88002	0.971574	0.932609	0.921871	0.889097	0.888686	0.891361	0.864996	0.861079	0.863693	0.820188	0.816925	0.818452	1.03431	1.0362	1.03604	1.05592	1.05373	1.05192	1.07669	1.04827	1.04324	1.04384	1.0415	1.04881	0.979457	0.945401	0.937661	0.937275	0.934823	0.94362	1.32183	1.31124	1.30791	1.31007	1.31029	1.30994	1.0631	1.071	1.07472	1.0786	1.07916	1.07938	1.14568	1.09008	1.08879	1.13018	1.13024	1.13175	1.04871	1.03943	1.03909	1.05923	1.05419	1.05319	1.1555	1.09491	1.09315	1.12545	1.12878	1.1333
ERR610203-k20-n1-x5e9	0.743975	0.886646	0.783623	0.727866	0	0.727992	0.948377	0.856263	0.869652	0.85468	0.854906	0.852463	0.874797	0.943761	0.881051	0.877115	0.875714	0.876468	0.895674	0.998145	0.910962	0.895939	0.894191	0.894713	0.885163	0.835239	0.918561	0.85403	0.857161	0.955376	1.00692	0.87978	0.884188	0.888424	0.880361	0.881388	0.972479	0.932775	0.921531	0.890954	0.890421	0.89198	0.864608	0.863821	0.866232	0.821613	0.82063	0.821986	1.03688	1.03586	1.03758	1.05754	1.05691	1.05362	1.07865	1.04969	1.04509	1.04504	1.04493	1.05034	0.980788	0.947615	0.93841	0.936652	0.937946	0.94595	1.32231	1.31174	1.3085	1.31036	1.31064	1.31038	1.06464	1.07255	1.07604	1.08093	1.08037	1.08062	1.1461	1.09089	1.08974	1.1298	1.13161	1.13311	1.04951	1.0411	1.04064	1.06121	1.05616	1.05489	1.15717	1.09591	1.09354	1.12732	1.13082	1.13469
ERR610204-k20-n1-x5e9	0.742571	0.886137	0.783907	0.727945	0.727992	0	0.947102	0.854741	0.869336	0.85024	0.853685	0.850076	0.871042	0.942629	0.880188	0.876018	0.87391	0.874903	0.895234	0.996121	0.907951	0.893262	0.892907	0.89398	0.880509	0.83046	0.916341	0.850339	0.853684	0.95241	1.00576	0.876359	0.883554	0.887981	0.880566	0.879771	0.971129	0.931783	0.921244	0.888708	0.887894	0.890251	0.865256	0.863878	0.862905	0.819453	0.816302	0.818843	1.03388	1.03577	1.03566	1.05541	1.0531	1.05256	1.07632	1.04766	1.04285	1.04427	1.04229	1.04856	0.978994	0.944853	0.938056	0.936733	0.934642	0.943585	1.3218	1.31125	1.30788	1.30994	1.31017	1.30981	1.06187	1.07023	1.07418	1.07829	1.07806	1.07859	1.14466	1.08926	1.0882	1.12915	1.12944	1.1309	1.04803	1.03863	1.03832	1.0584	1.05375	1.05216	1.15486	1.09357	1.09213	1.12469	1.12802	1.13246
ERR608007-k20-n1-x5e9	0.952503	1.0324	0.971639	0.946937	0.948377	0.947102	0	0.837472	0.843463	0.836271	0.838598	0.837395	0.994516	1.0398	1.00502	0.994285	0.993179	0.99819	0.976103	1.05511	0.988484	0.981163	0.978283	0.977867	1.01334	0.968139	1.02653	0.981946	0.984926	1.05243	1.09965	1.00381	1.00889	1.01493	1.00239	1.00352	1.02495	0.982891	0.976202	0.961824	0.961285	0.961971	0.965964	0.962686	0.962499	0.930639	0.930448	0.931212	1.10721	1.10182	1.1026	1.12436	1.1232	1.12129	1.14469	1.12204	1.11483	1.11454	1.11373	1.12326	1.05894	1.03509	1.02832	1.02617	1.02558	1.03404	1.3383	1.32903	1.32588	1.32763	1.32809	1.32765	1.135	1.14216	1.14408	1.1469	1.15031	1.14972	1.19138	1.14516	1.14501	1.17515	1.17658	1.17695	1.11603	1.10624	1.10831	1.12466	1.11921	1.1188	1.20178	1.15182	1.15054	1.17589	1.17945	1.18235
ERR608008-k20-n1-x5e9	0.859916	0.984275	0.896306	0.856051	0.856263	0.854741	0.837472	0	0.726944	0.71553	0.719066	0.715928	0.907919	0.97161	0.917136	0.916443	0.909715	0.908744	0.88105	0.995927	0.895679	0.887025	0.884917	0.885979	0.924375	0.868929	0.949727	0.890225	0.89201	0.981702	1.03881	0.910935	0.915545	0.920988	0.915575	0.913573	0.958264	0.911301	0.900272	0.87104	0.870729	0.871499	0.863792	0.861578	0.862802	0.819473	0.81592	0.817748	1.03812	1.03545	1.0364	1.0531	1.05166	1.0504	1.08169	1.05059	1.04479	1.04394	1.04385	1.05228	0.98952	0.952647	0.944817	0.9424	0.940452	0.951857	1.3229	1.3117	1.3078	1.30986	1.31023	1.30981	1.06738	1.07635	1.07886	1.08218	1.08583	1.08705	1.14703	1.08347	1.08304	1.12508	1.12687	1.12762	1.04326	1.0338	1.03717	1.05309	1.04584	1.0453	1.15551	1.08983	1.08767	1.11923	1.1242	1.12773
ERR608009-k20-n1-x5e9	0.881656	0.994405	0.906826	0.870465	0.869652	0.869336	0.843463	0.726944	0	0.730492	0.732562	0.732373	0.920222	0.98693	0.93201	0.91995	0.918949	0.924629	0.894975	1.00909	0.91636	0.90139	0.898018	0.899384	0.947556	0.893889	0.965649	0.904142	0.905817	0.998275	1.05295	0.928431	0.93761	0.945161	0.930219	0.932198	0.971471	0.924502	0.914733	0.890397	0.890647	0.890348	0.888598	0.881854	0.887012	0.844745	0.839898	0.842574	1.05208	1.04691	1.04863	1.06641	1.06443	1.063	1.0923	1.06513	1.05792	1.05771	1.05699	1.06719	1.00343	0.969308	0.960134	0.958947	0.956395	0.969066	1.3258	1.3153	1.31138	1.31342	1.31384	1.31352	1.08235	1.08995	1.09209	1.0932	1.09886	1.09892	1.15438	1.09893	1.09693	1.13469	1.13564	1.13642	1.05825	1.04584	1.05066	1.06524	1.05956	1.05872	1.16475	1.09695	1.09493	1.13487	1.13855	1.14091
ERR608010-k20-n1-x5e9	0.857174	0.975893	0.88147	0.850613	0.85468	0.85024	0.836271	0.71553	0.730492	0	0.702873	0.697227	0.89703	0.96346	0.909275	0.897071	0.894606	0.900731	0.87387	0.984491	0.886705	0.881683	0.876722	0.876504	0.912361	0.852177	0.935566	0.876716	0.879348	0.970342	1.02552	0.900167	0.909264	0.912832	0.898275	0.89945	0.95268	0.902238	0.889813	0.860753	0.860429	0.858909	0.862448	0.860674	0.855173	0.801128	0.800996	0.799291	1.02766	1.02294	1.02435	1.04343	1.0417	1.04096	1.07253	1.03956	1.0351	1.03491	1.03438	1.04075	0.976162	0.944176	0.941082	0.939518	0.936303	0.942594	1.32085	1.30888	1.30571	1.30763	1.30796	1.3077	1.05906	1.06629	1.06961	1.07198	1.07461	1.07522	1.14082	1.07882	1.07802	1.11377	1.11619	1.11799	1.03488	1.0237	1.02588	1.04274	1.03749	1.03538	1.14312	1.07959	1.07775	1.11147	1.11639	1.11902
ERR608011-k20-n1-x5e9	0.857117	0.97461	0.883248	0.854493	0.854906	0.853685	0.838598	0.719066	0.732562	0.702873	0	0.70118	0.89795	0.962068	0.911052	0.896406	0.895745	0.901773	0.878496	0.985362	0.888563	0.882402	0.878246	0.878328	0.911298	0.853307	0.936644	0.877937	0.88183	0.970771	1.02469	0.901223	0.910859	0.91256	0.898906	0.899658	0.953559	0.903984	0.892266	0.860962	0.859611	0.858467	0.860386	0.862901	0.855447	0.804477	0.800916	0.803253	1.0283	1.02486	1.02407	1.04468	1.04281	1.04237	1.07263	1.04036	1.03629	1.03668	1.03455	1.04149	0.97673	0.943699	0.942332	0.940028	0.93834	0.942004	1.32107	1.30907	1.30612	1.30765	1.30797	1.30772	1.0598	1.06756	1.07022	1.07289	1.0759	1.07614	1.14026	1.08017	1.07816	1.11563	1.11818	1.11976	1.0377	1.02594	1.02773	1.04371	1.03807	1.03712	1.14418	1.08199	1.07911	1.11352	1.11708	1.12028
ERR608012-k20-n1-x5e9	0.855636	0.974705	0.882635	0.851296	0.852463	0.850076	0.837395	0.715928	0.732373	0.697227	0.70118	0	0.894404	0.962165	0.908913	0.895377	0.892966	0.899955	0.875098	0.983125	0.888754	0.88075	0.876168	0.875069	0.912098	0.85073	0.934716	0.874863	0.880719	0.969154	1.02355	0.898154	0.907534	0.911359	0.895795	0.898497	0.950819	0.90386	0.888314	0.858024	0.857821	0.858373	0.862503	0.859857	0.856739	0.802429	0.799053	0.797374	1.02685	1.02242	1.02297	1.04257	1.04287	1.03976	1.07144	1.03948	1.03499	1.03469	1.03299	1.04058	0.976166	0.943824	0.940489	0.938174	0.936263	0.942062	1.32071	1.30888	1.30561	1.30793	1.30823	1.3079	1.05993	1.06515	1.06848	1.07131	1.07444	1.07519	1.14048	1.07862	1.07809	1.11468	1.11702	1.11753	1.03526	1.02266	1.02662	1.0421	1.03709	1.03495	1.1426	1.08111	1.07772	1.11152	1.11606	1.11868
ERR609119-k20-n1-x5e9	0.883934	0.995289	0.912435	0.872113	0.874797	0.871042	0.994516	0.907919	0.920222	0.89703	0.89795	0.894404	0	0.822923	0.737836	0.746863	0.748401	0.73438	0.903284	1.00355	0.914973	0.904497	0.901218	0.903603	0.879965	0.825191	0.911713	0.860225	0.85356	0.948881	1.01343	0.878772	0.881401	0.888892	0.889804	0.885398	0.994654	0.957166	0.947641	0.914618	0.91449	0.916101	0.901591	0.899164	0.899324	0.856048	0.853862	0.854546	1.02335	1.01957	1.01777	1.04009	1.03955	1.0378	1.06955	1.03599	1.03007	1.03152	1.02983	1.03701	0.974378	0.942696	0.932657	0.932962	0.930797	0.941105	1.31986	1.30877	1.30503	1.30696	1.307	1.30673	1.04334	1.05274	1.05684	1.06095	1.06124	1.06164	1.13391	1.07197	1.07198	1.11364	1.11484	1.11491	1.03431	1.02708	1.02635	1.04554	1.04345	1.04139	1.14177	1.0789	1.07625	1.10741	1.11154	1.11531
ERR609120-k20-n1-x5e9	0.954247	1.04002	0.97487	0.943422	0.943761	0.942629	1.0398	0.97161	0.98693	0.96346	0.962068	0.962165	0.822923	0	0.833977	0.825382	0.824697	0.8269	0.971113	1.04452	0.982286	0.969644	0.966655	0.968019	0.950606	0.898436	0.97407	0.919376	0.919585	0.998288	1.05421	0.944349	0.950678	0.954161	0.943882	0.944997	1.03878	1.01201	1.00713	0.981412	0.981248	0.982044	0.968454	0.969644	0.968985	0.931243	0.931083	0.930551	1.0708	1.06997	1.07044	1.09463	1.09362	1.09136	1.1159	1.08711	1.07876	1.0794	1.07796	1.08776	1.02812	1.00212	0.992036	0.992722	0.991596	1.00098	1.33207	1.32136	1.31746	1.31973	1.31968	1.31936	1.0918	1.10304	1.10761	1.11153	1.11164	1.11169	1.16729	1.12196	1.12085	1.15103	1.15118	1.15267	1.08408	1.07639	1.0763	1.0973	1.09444	1.09272	1.17523	1.12717	1.12417	1.15139	1.15435	1.15642
ERR609121-k20-n1-x5e9	0.893108	0.99936	0.920131	0.881069	0.881051	0.880188	1.00502	0.917136	0.93201	0.909275	0.911052	0.908913	0.737836	0.833977	0	0.744072	0.744652	0.737576	0.913289	1.00745	0.924522	0.910215	0.90704	0.908626	0.884768	0.837603	0.918717	0.853845	0.85698	0.956109	1.0096	0.879717	0.883379	0.890443	0.880998	0.881149	1.00317	0.967118	0.957828	0.928128	0.928076	0.928923	0.908821	0.907306	0.90971	0.868567	0.867638	0.869769	1.02573	1.0257	1.02455	1.04903	1.04852	1.04731	1.06954	1.04097	1.03741	1.03842	1.03589	1.04183	0.977824	0.947933	0.93866	0.93846	0.93767	0.946332	1.32013	1.30988	1.30638	1.30826	1.30826	1.30823	1.05026	1.0589	1.06269	1.06809	1.06744	1.06772	1.13624	1.08159	1.08051	1.12034	1.12137	1.12225	1.04078	1.03291	1.03268	1.0528	1.04994	1.04705	1.14741	1.08554	1.08325	1.11643	1.12022	1.12403
ERR609122-k20-n1-x5e9	0.884129	0.997419	0.911768	0.877548	0.877115	0.876018	0.994285	0.916443	0.91995	0.897071	0.896406	0.895377	0.746863	0.825382	0.744072	0	0.744139	0.741608	0.905722	1.00322	0.91542	0.905863	0.904057	0.906735	0.884931	0.827763	0.912554	0.857882	0.862721	0.950464	1.01618	0.884824	0.887798	0.891482	0.889402	0.892734	0.995897	0.956347	0.948759	0.91515	0.914682	0.915866	0.903737	0.902882	0.9018	0.857721	0.854838	0.857104	1.0228	1.0198	1.01944	1.04023	1.0402	1.03841	1.06989	1.03539	1.03038	1.03043	1.03061	1.03666	0.978622	0.941274	0.934682	0.933761	0.932774	0.940143	1.3201	1.30901	1.30504	1.30704	1.30711	1.30694	1.0446	1.05518	1.05647	1.06084	1.06169	1.06257	1.13242	1.07111	1.07134	1.11222	1.1133	1.11483	1.03515	1.02762	1.02826	1.04689	1.04225	1.04128	1.1406	1.07746	1.07411	1.1053	1.10908	1.11324
ERR609123-k20-n1-x5e9	0.88072	0.996553	0.911971	0.87484	0.875714	0.87391	0.993179	0.909715	0.918949	0.894606	0.895745	0.892966	0.748401	0.824697	0.744652	0.744139	0	0.735822	0.904366	1.00368	0.9157	0.905268	0.903671	0.903535	0.88142	0.824699	0.913443	0.858697	0.857149	0.949988	1.01498	0.881996	0.886101	0.891196	0.88881	0.892316	0.994871	0.957224	0.946001	0.915594	0.913701	0.915291	0.901631	0.899501	0.900546	0.855979	0.854528	0.855359	1.02455	1.01887	1.01934	1.03992	1.03908	1.03867	1.0697	1.03715	1.03092	1.03169	1.02935	1.03802	0.977456	0.943224	0.933057	0.933536	0.93253	0.941448	1.31988	1.30893	1.30496	1.30715	1.30734	1.30683	1.04373	1.05444	1.05649	1.0597	1.06217	1.0611	1.13316	1.07189	1.07014	1.11273	1.11459	1.11536	1.0347	1.02687	1.0277	1.04461	1.04264	1.04064	1.14084	1.07796	1.0747	1.10617	1.10992	1.11342
ERR609124-k20-n1-x5e9	0.884673	0.995455	0.91609	0.876073	0.876468	0.874903	0.99819	0.908744	0.924629	0.900731	0.901773	0.899955	0.73438	0.8269	0.737576	0.741608	0.735822	0	0.907419	1.00326	0.916959	0.906208	0.902038	0.902528	0.880558	0.827707	0.913485	0.848519	0.851125	0.949625	1.01054	0.877262	0.880883	0.887977	0.88058	0.87961	0.997605	0.959526	0.950815	0.920079	0.920158	0.920833	0.903529	0.902092	0.902384	0.859926	0.860059	0.858904	1.02175	1.02512	1.02211	1.04477	1.04343	1.04177	1.06753	1.03793	1.03392	1.03433	1.03263	1.03843	0.975228	0.943879	0.933256	0.93513	0.933352	0.941999	1.31996	1.30913	1.30574	1.30774	1.30778	1.30723	1.0458	1.05453	1.05793	1.06391	1.06306	1.06417	1.134	1.07583	1.07402	1.11648	1.11604	1.11775	1.03769	1.02971	1.02853	1.04785	1.04446	1.04298	1.14345	1.08034	1.07871	1.11057	1.11543	1.11851
ERR610223-k20-n1-x5e9	0.903809	1.02011	0.93569	0.896179	0.895674	0.895234	0.976103	0.88105	0.894975	0.87387	0.878496	0.875098	0.903284	0.971113	0.913289	0.905722	0.904366	0.907419	0	0.8769	0.748105	0.734694	0.729119	0.732476	0.922915	0.865696	0.947459	0.885696	0.888684	0.982833	1.03294	0.907811	0.91517	0.920283	0.910738	0.912355	0.974596	0.931051	0.920453	0.892588	0.892911	0.894868	0.848203	0.842355	0.844222	0.807286	0.802951	0.804767	1.02638	1.02708	1.02709	1.04396	1.04186	1.04011	1.07251	1.04083	1.03539	1.03508	1.0329	1.04195	0.988333	0.951226	0.943433	0.942334	0.939908	0.950408	1.31935	1.30779	1.30418	1.30638	1.30672	1.30635	1.05523	1.06396	1.06846	1.07061	1.07486	1.07507	1.14408	1.0802	1.07894	1.12252	1.12414	1.12469	1.03643	1.02714	1.02902	1.04704	1.04082	1.03984	1.15019	1.08129	1.07963	1.11485	1.11938	1.12305
ERR610224-k20-n1-x5e9	1.00814	1.0746	1.02073	0.996457	0.998145	0.996121	1.05511	0.995927	1.00909	0.984491	0.985362	0.983125	1.00355	1.04452	1.00745	1.00322	1.00368	1.00326	0.8769	0	0.882174	0.873634	0.868961	0.870077	1.00449	0.969494	1.0291	0.984724	0.987489	1.05717	1.08156	0.997576	1.00321	1.00357	0.994723	0.996193	1.03732	1.00559	1.00187	0.986776	0.986444	0.984981	0.951832	0.954204	0.952541	0.92938	0.925566	0.926111	1.10582	1.10261	1.10171	1.12565	1.12511	1.12355	1.13633	1.1177	1.11517	1.11535	1.11398	1.1183	1.05503	1.03869	1.03254	1.03286	1.03282	1.03745	1.33457	1.32726	1.32488	1.32584	1.3258	1.32568	1.12908	1.13503	1.13803	1.14056	1.13997	1.14042	1.19428	1.15608	1.15517	1.18301	1.18282	1.18378	1.1161	1.11061	1.10897	1.12557	1.12291	1.12276	1.19997	1.15687	1.15551	1.1812	1.1832	1.18617
ERR610225-k20-n1-x5e9	0.922108	1.02624	0.946076	0.908094	0.910962	0.907951	0.988484	0.895679	0.91636	0.886705	0.888563	0.888754	0.914973	0.982286	0.924522	0.91542	0.9157	0.916959	0.748105	0.882174	0	0.754632	0.746432	0.74908	0.933811	0.886336	0.958896	0.89605	0.897297	0.99376	1.03666	0.917428	0.926729	0.934654	0.918811	0.917831	0.983064	0.940843	0.931596	0.906103	0.90594	0.904901	0.868033	0.861289	0.864728	0.824571	0.823178	0.823677	1.03845	1.03695	1.03603	1.05654	1.05526	1.05515	1.07891	1.05336	1.04935	1.0483	1.0467	1.05462	0.995325	0.966572	0.957797	0.956221	0.954472	0.965138	1.32169	1.31091	1.30741	1.30973	1.30996	1.30933	1.0673	1.07442	1.07739	1.07934	1.08246	1.08245	1.15136	1.09846	1.09735	1.13291	1.13367	1.13488	1.05183	1.04072	1.0422	1.0585	1.05435	1.05323	1.1593	1.09232	1.08988	1.13043	1.13352	1.13598
ERR610226-k20-n1-x5e9	0.904937	1.01646	0.935572	0.894104	0.895939	0.893262	0.981163	0.887025	0.90139	0.881683	0.882402	0.88075	0.904497	0.969644	0.910215	0.905863	0.905268	0.906208	0.734694	0.873634	0.754632	0	0.729188	0.731637	0.916076	0.865801	0.946142	0.884827	0.887542	0.981331	1.02277	0.901928	0.907137	0.910347	0.902842	0.90316	0.974437	0.933896	0.923099	0.894482	0.894212	0.895878	0.845848	0.844384	0.846197	0.806677	0.804975	0.805907	1.02691	1.02564	1.02722	1.04703	1.04644	1.04315	1.07139	1.0408	1.03586	1.0356	1.03577	1.0416	0.985791	0.951731	0.942507	0.941088	0.939897	0.950417	1.31853	1.30781	1.30446	1.3063	1.30648	1.30622	1.05604	1.06382	1.06806	1.07286	1.07285	1.0726	1.1447	1.08494	1.08466	1.12578	1.1278	1.12895	1.0378	1.02872	1.0287	1.04892	1.04347	1.0422	1.1517	1.08621	1.08425	1.11912	1.12355	1.12667
ERR610227-k20-n1-x5e9	0.903347	1.01533	0.935094	0.890667	0.894191	0.892907	0.978283	0.884917	0.898018	0.876722	0.878246	0.876168	0.901218	0.966655	0.90704	0.904057	0.903671	0.902038	0.729119	0.868961	0.746432	0.729188	0	0.727695	0.912239	0.859734	0.942514	0.881407	0.882383	0.97869	1.02154	0.900445	0.905255	0.910296	0.901596	0.902611	0.973082	0.930587	0.921498	0.890223	0.890118	0.891755	0.845486	0.841408	0.843974	0.801656	0.801166	0.800289	1.02465	1.02501	1.02484	1.04352	1.04355	1.04084	1.06974	1.03857	1.03439	1.03507	1.03367	1.03973	0.983399	0.94949	0.94084	0.938682	0.939369	0.947996	1.31844	1.30727	1.30379	1.30567	1.30588	1.30551	1.05263	1.06075	1.06489	1.07002	1.06962	1.07051	1.14317	1.08317	1.08206	1.12416	1.12495	1.12628	1.03526	1.02666	1.02771	1.04544	1.04168	1.03993	1.14917	1.08386	1.0823	1.11578	1.12076	1.12418
ERR610228-k20-n1-x5e9	0.904383	1.01587	0.936195	0.892267	0.894713	0.89398	0.977867	0.885979	0.899384	0.876504	0.878328	0.875069	0.903603	0.968019	0.908626	0.906735	0.903535	0.902528	0.732476	0.870077	0.74908	0.731637	0.727695	0	0.912251	0.861922	0.943689	0.883943	0.885604	0.978881	1.02233	0.900829	0.905956	0.911361	0.902818	0.901734	0.972809	0.930888	0.920911	0.891184	0.889826	0.890681	0.845982	0.843507	0.841867	0.800536	0.799937	0.801046	1.02464	1.02457	1.02386	1.04437	1.04272	1.04039	1.0692	1.04077	1.03321	1.03268	1.03302	1.04152	0.983218	0.949054	0.940952	0.938841	0.938231	0.94787	1.31841	1.30716	1.30393	1.30566	1.30577	1.30561	1.05285	1.06123	1.06442	1.06863	1.07043	1.06963	1.14304	1.08308	1.08189	1.12409	1.12517	1.12555	1.03558	1.02659	1.02672	1.04529	1.04054	1.03916	1.14888	1.08449	1.08278	1.11613	1.11925	1.12345
ERR607158-k20-n1-x5e9	0.902025	0.991135	0.921492	0.880809	0.885163	0.880509	1.01334	0.924375	0.947556	0.912361	0.911298	0.912098	0.879965	0.950606	0.884768	0.884931	0.88142	0.880558	0.922915	1.00449	0.933811	0.916076	0.912239	0.912251	0	0.775678	0.85806	0.778983	0.782351	0.899777	0.986114	0.866718	0.877024	0.880569	0.860595	0.861319	1.00016	0.971166	0.961531	0.926055	0.925145	0.927118	0.908974	0.90901	0.911112	0.865923	0.864124	0.865234	1.0181	1.02011	1.01829	1.04674	1.04576	1.04404	1.05781	1.03912	1.03633	1.03746	1.03556	1.03947	0.976709	0.952635	0.94663	0.948373	0.945398	0.950423	1.31815	1.30853	1.30614	1.30753	1.30747	1.30769	1.02591	1.02773	1.02981	1.03439	1.02872	1.02906	1.11121	1.07858	1.07787	1.11055	1.11179	1.11278	1.03597	1.02845	1.02504	1.0451	1.04334	1.04354	1.10931	1.06616	1.06439	1.09303	1.09548	1.09888
ERR607159-k20-n1-x5e9	0.851752	0.962041	0.871857	0.831589	0.835239	0.83046	0.968139	0.868929	0.893889	0.852177	0.853307	0.85073	0.825191	0.898436	0.837603	0.827763	0.824699	0.827707	0.865696	0.969494	0.886336	0.865801	0.859734	0.861922	0.775678	0	0.799386	0.721079	0.725835	0.853062	0.974518	0.824707	0.834964	0.842293	0.823963	0.825056	0.959198	0.917201	0.902738	0.874695	0.874689	0.875776	0.857029	0.854948	0.858749	0.803762	0.801821	0.801054	0.978732	0.976721	0.975564	1.00756	1.00657	1.00341	1.03031	1.00163	0.994252	0.996006	0.993901	1.00282	0.941788	0.918512	0.904432	0.904328	0.901085	0.917389	1.31134	1.30013	1.29663	1.2984	1.29833	1.29789	0.987764	0.997695	1.00303	1.00217	1.00259	1.00239	1.08921	1.03309	1.03159	1.0711	1.07344	1.07416	0.995548	0.988704	0.988952	1.01148	1.00724	1.00581	1.08303	1.02791	1.02612	1.05595	1.05938	1.06183
ERR607160-k20-n1-x5e9	0.930976	1.01663	0.951144	0.917348	0.918561	0.916341	1.02653	0.949727	0.965649	0.935566	0.936644	0.934716	0.911713	0.97407	0.918717	0.912554	0.913443	0.913485	0.947459	1.0291	0.958896	0.946142	0.942514	0.943689	0.85806	0.799386	0	0.827518	0.833099	0.927123	1.02977	0.912658	0.917729	0.925013	0.912357	0.913735	1.01547	0.989973	0.980833	0.952135	0.952058	0.952628	0.93763	0.934288	0.939667	0.895482	0.895931	0.895511	1.04466	1.04476	1.04386	1.06513	1.06426	1.06204	1.09273	1.05894	1.05605	1.05616	1.05607	1.05956	1.01244	0.982948	0.974613	0.974357	0.972755	0.981561	1.32644	1.31468	1.31125	1.31297	1.31278	1.31274	1.04831	1.05581	1.05987	1.06612	1.06421	1.06457	1.1358	1.09363	1.09243	1.12117	1.12395	1.12437	1.05767	1.05215	1.05203	1.0691	1.0654	1.06351	1.13331	1.09148	1.08861	1.11164	1.11538	1.11687
ERR607161-k20-n1-x5e9	0.864044	0.976627	0.892834	0.850824	0.85403	0.850339	0.981946	0.890225	0.904142	0.876716	0.877937	0.874863	0.860225	0.919376	0.853845	0.857882	0.858697	0.848519	0.885696	0.984724	0.89605	0.884827	0.881407	0.883943	0.778983	0.721079	0.827518	0	0.753864	0.86969	0.991286	0.846754	0.849734	0.857226	0.858922	0.853464	0.972559	0.935118	0.92618	0.889064	0.887791	0.890918	0.870967	0.86952	0.869728	0.824661	0.822408	0.823239	0.999969	0.99867	0.996302	1.02046	1.01879	1.01825	1.0493	1.01707	1.01091	1.01256	1.01094	1.0179	0.960332	0.929467	0.917546	0.92023	0.918108	0.927927	1.31493	1.30405	1.30049	1.30231	1.30223	1.30203	1.00267	1.01041	1.01397	1.0184	1.01634	1.01696	1.10274	1.04556	1.04601	1.08996	1.0921	1.09198	1.01326	1.006	1.00523	1.02536	1.02274	1.02169	1.09929	1.04655	1.04384	1.06819	1.07235	1.07585
ERR607162-k20-n1-x5e9	0.863318	0.981205	0.899609	0.854366	0.857161	0.853684	0.984926	0.89201	0.905817	0.879348	0.88183	0.880719	0.85356	0.919585	0.85698	0.862721	0.857149	0.851125	0.888684	0.987489	0.897297	0.887542	0.882383	0.885604	0.782351	0.725835	0.833099	0.753864	0	0.872039	0.990513	0.847127	0.854561	0.857515	0.854407	0.85229	0.976202	0.938734	0.928277	0.893979	0.893415	0.894939	0.872758	0.874788	0.875286	0.828675	0.828559	0.82681	0.999885	1.00139	0.999621	1.02289	1.02212	1.01965	1.04898	1.02079	1.01306	1.01424	1.01285	1.02122	0.962326	0.929987	0.921499	0.92074	0.918718	0.928364	1.31502	1.3048	1.301	1.30318	1.303	1.30253	1.0069	1.01368	1.01701	1.02264	1.02056	1.02165	1.10574	1.04863	1.04751	1.09288	1.09326	1.09474	1.0149	1.00883	1.00828	1.02695	1.02471	1.02273	1.10304	1.04906	1.04851	1.07127	1.07593	1.0788
ERR607163-k20-n1-x5e9	0.965288	1.04896	0.986317	0.953446	0.955376	0.95241	1.05243	0.981702	0.998275	0.970342	0.970771	0.969154	0.948881	0.998288	0.956109	0.950464	0.949988	0.949625	0.982833	1.05717	0.99376	0.981331	0.97869	0.978881	0.899777	0.853062	0.927123	0.86969	0.872039	0	1.06004	0.950278	0.955876	0.961364	0.948818	0.949585	1.04532	1.01208	1.00815	0.986526	0.986283	0.98549	0.97524	0.972145	0.975843	0.936454	0.934963	0.936298	1.07061	1.06836	1.06703	1.09563	1.0946	1.09308	1.11361	1.09312	1.08634	1.08674	1.08396	1.09345	1.03644	1.01551	1.00747	1.00799	1.00624	1.01372	1.33133	1.32281	1.31932	1.32141	1.32126	1.32109	1.08172	1.08798	1.0902	1.09376	1.09262	1.09313	1.15249	1.11222	1.11178	1.14316	1.14457	1.14525	1.08918	1.08006	1.07988	1.09882	1.09737	1.09606	1.15414	1.11416	1.11398	1.13187	1.13502	1.13756
ERR606660-k20-n1-x5e9	1.0231	1.08476	1.03303	1.00481	1.00692	1.00576	1.09965	1.03881	1.05295	1.02552	1.02469	1.02355	1.01343	1.05421	1.0096	1.01618	1.01498	1.01054	1.03294	1.08156	1.03666	1.02277	1.02154	1.02233	0.986114	0.974518	1.02977	0.991286	0.990513	1.06004	0	0.892166	0.898556	0.902002	0.891306	0.887952	1.09013	1.07452	1.06513	1.03608	1.03519	1.03629	1.01291	1.01177	1.01514	0.979347	0.978863	0.977907	1.13755	1.13716	1.13367	1.15749	1.15729	1.15567	1.15532	1.14494	1.14277	1.14459	1.14228	1.14506	1.0765	1.06863	1.06425	1.06604	1.0645	1.0662	1.33872	1.33271	1.33088	1.33207	1.33203	1.33183	1.14925	1.15228	1.15434	1.1604	1.15161	1.15244	1.21382	1.19202	1.19192	1.21277	1.21272	1.2136	1.14258	1.13964	1.13571	1.15306	1.15231	1.1517	1.21398	1.18736	1.18599	1.20722	1.20748	1.21066
ERR606661-k20-n1-x5e9	0.89371	0.998998	0.921827	0.876622	0.87978	0.876359	1.00381	0.910935	0.928431	0.900167	0.901223	0.898154	0.878772	0.944349	0.879717	0.884824	0.881996	0.877262	0.907811	0.997576	0.917428	0.901928	0.900445	0.900829	0.866718	0.824707	0.912658	0.846754	0.847127	0.950278	0.892166	0	0.736477	0.742959	0.733322	0.734917	0.998551	0.964421	0.956466	0.918498	0.91825	0.920769	0.885436	0.884534	0.886631	0.840642	0.840608	0.839619	1.04035	1.04316	1.04085	1.06579	1.06581	1.06326	1.07725	1.05317	1.0493	1.05194	1.04966	1.0537	0.991659	0.963889	0.956143	0.955724	0.95654	0.962475	1.31947	1.30991	1.30693	1.30881	1.30863	1.30831	1.05759	1.06435	1.06815	1.07542	1.06871	1.07017	1.15191	1.10453	1.10419	1.14146	1.14079	1.14211	1.05217	1.04506	1.04321	1.0646	1.06205	1.06143	1.1537	1.1032	1.10162	1.12964	1.13294	1.13672
ERR606662-k20-n1-x5e9	0.902206	1.00337	0.925703	0.883563	0.884188	0.883554	1.00889	0.915545	0.93761	0.909264	0.910859	0.907534	0.881401	0.950678	0.883379	0.887798	0.886101	0.880883	0.91517	1.00321	0.926729	0.907137	0.905255	0.905956	0.877024	0.834964	0.917729	0.849734	0.854561	0.955876	0.898556	0.736477	0	0.747303	0.736688	0.736926	1.00189	0.97002	0.961457	0.929296	0.928329	0.926705	0.888477	0.890866	0.892715	0.849708	0.84712	0.84626	1.04561	1.04487	1.04297	1.07296	1.07139	1.06946	1.08034	1.05877	1.05448	1.05654	1.05481	1.05931	0.994994	0.969534	0.959612	0.960501	0.960441	0.96891	1.31999	1.31109	1.30837	1.30979	1.30964	1.3094	1.06222	1.0704	1.07514	1.07952	1.07559	1.076	1.15475	1.11054	1.10934	1.14616	1.1451	1.1464	1.05664	1.05047	1.0486	1.07137	1.0677	1.06722	1.15791	1.10875	1.10553	1.1364	1.13897	1.14211
ERR606663-k20-n1-x5e9	0.911969	1.00742	0.931291	0.887995	0.888424	0.887981	1.01493	0.920988	0.945161	0.912832	0.91256	0.911359	0.888892	0.954161	0.890443	0.891482	0.891196	0.887977	0.920283	1.00357	0.934654	0.910347	0.910296	0.911361	0.880569	0.842293	0.925013	0.857226	0.857515	0.961364	0.902002	0.742959	0.747303	0	0.732622	0.736407	1.00552	0.975433	0.966971	0.928489	0.927796	0.929756	0.896874	0.89463	0.901548	0.854402	0.852945	0.85206	1.04961	1.04902	1.04591	1.07601	1.07519	1.07455	1.08233	1.06281	1.05698	1.05867	1.05724	1.06334	0.997562	0.978492	0.964288	0.96531	0.964616	0.976057	1.32053	1.31218	1.30889	1.31083	1.31065	1.31047	1.0663	1.07551	1.07703	1.08179	1.07554	1.07592	1.15833	1.11754	1.11528	1.14984	1.14881	1.15084	1.0598	1.0555	1.0528	1.07345	1.07438	1.07189	1.16063	1.11191	1.1093	1.14077	1.14314	1.14673
ERR606664-k20-n1-x5e9	0.895131	0.998469	0.922098	0.878593	0.880361	0.880566	1.00239	0.915575	0.930219	0.898275	0.898906	0.895795	0.889804	0.943882	0.880998	0.889402	0.88881	0.88058	0.910738	0.994723	0.918811	0.902842	0.901596	0.902818	0.860595	0.823963	0.912357	0.858922	0.854407	0.948818	0.891306	0.733322	0.736688	0.732622	0	0.745026	0.996137	0.963592	0.956265	0.913314	0.912733	0.914789	0.882551	0.885233	0.886719	0.839444	0.836372	0.837226	1.04138	1.03984	1.03819	1.06632	1.06509	1.06414	1.07891	1.05217	1.04736	1.05075	1.04831	1.05265	0.990377	0.963189	0.954668	0.95677	0.955334	0.963411	1.3189	1.30973	1.3066	1.30811	1.30803	1.30804	1.05713	1.06448	1.06724	1.07272	1.06554	1.06664	1.1519	1.10747	1.10645	1.14219	1.14171	1.14314	1.05074	1.04512	1.0413	1.06281	1.06252	1.0613	1.15215	1.10633	1.10347	1.12937	1.13084	1.1345
ERR606665-k20-n1-x5e9	0.896455	0.998715	0.923423	0.88002	0.881388	0.879771	1.00352	0.913573	0.932198	0.89945	0.899658	0.898497	0.885398	0.944997	0.881149	0.892734	0.892316	0.87961	0.912355	0.996193	0.917831	0.90316	0.902611	0.901734	0.861319	0.825056	0.913735	0.853464	0.85229	0.949585	0.887952	0.734917	0.736926	0.736407	0.745026	0	0.997814	0.965003	0.95821	0.917341	0.914913	0.917206	0.885163	0.883727	0.888579	0.838803	0.838611	0.838987	1.04072	1.0417	1.03918	1.067	1.06505	1.06439	1.07713	1.05308	1.04806	1.0514	1.048	1.05338	0.989341	0.961988	0.956261	0.956443	0.954529	0.960413	1.31891	1.31014	1.30657	1.30867	1.30848	1.30797	1.05577	1.06409	1.06664	1.07346	1.06536	1.0672	1.15191	1.10729	1.10652	1.14311	1.14152	1.14312	1.05152	1.04483	1.0411	1.06327	1.06171	1.06202	1.15182	1.10612	1.10343	1.12858	1.13151	1.13559
ERR608013-k20-n1-x5e9	0.979524	1.0553	0.995125	0.971574	0.972479	0.971129	1.02495	0.958264	0.971471	0.95268	0.953559	0.950819	0.994654	1.03878	1.00317	0.995897	0.994871	0.997605	0.974596	1.03732	0.983064	0.974437	0.973082	0.972809	1.00016	0.959198	1.01547	0.972559	0.976202	1.04532	1.09013	0.998551	1.00189	1.00552	0.996137	0.997814	0	0.915762	0.906328	0.891249	0.890911	0.890328	0.949947	0.948803	0.950511	0.922857	0.919611	0.92107	1.10295	1.1003	1.09847	1.12005	1.11976	1.11818	1.13163	1.11204	1.11034	1.11055	1.10823	1.11228	1.05031	1.03265	1.02677	1.02623	1.02623	1.03168	1.33518	1.32753	1.32475	1.32627	1.32625	1.32593	1.12767	1.13448	1.13749	1.13933	1.14101	1.14059	1.18374	1.14353	1.14197	1.16934	1.16985	1.17059	1.11008	1.10301	1.10317	1.11837	1.1153	1.11478	1.19827	1.15115	1.14955	1.17603	1.17857	1.18141
ERR608014-k20-n1-x5e9	0.939887	1.02949	0.960831	0.932609	0.932775	0.931783	0.982891	0.911301	0.924502	0.902238	0.903984	0.90386	0.957166	1.01201	0.967118	0.956347	0.957224	0.959526	0.931051	1.00559	0.940843	0.933896	0.930587	0.930888	0.971166	0.917201	0.989973	0.935118	0.938734	1.01208	1.07452	0.964421	0.97002	0.975433	0.963592	0.965003	0.915762	0	0.868371	0.840413	0.84031	0.841124	0.909091	0.90713	0.907737	0.869693	0.868789	0.869393	1.07061	1.06806	1.06916	1.08992	1.08837	1.08796	1.11115	1.08144	1.07405	1.0738	1.07318	1.08221	1.02859	1.0018	0.991125	0.990566	0.991296	1.0006	1.33085	1.32019	1.31606	1.31814	1.31833	1.31771	1.09733	1.10949	1.11204	1.11555	1.11901	1.11843	1.1644	1.11616	1.11601	1.14536	1.1476	1.14819	1.07568	1.06677	1.06867	1.08844	1.0841	1.083	1.17902	1.1253	1.12265	1.15111	1.15445	1.15709
ERR608015-k20-n1-x5e9	0.928973	1.01988	0.952345	0.921871	0.921531	0.921244	0.976202	0.900272	0.914733	0.889813	0.892266	0.888314	0.947641	1.00713	0.957828	0.948759	0.946001	0.950815	0.920453	1.00187	0.931596	0.923099	0.921498	0.920911	0.961531	0.902738	0.980833	0.92618	0.928277	1.00815	1.06513	0.956466	0.961457	0.966971	0.956265	0.95821	0.906328	0.868371	0	0.830851	0.830802	0.830657	0.900871	0.897654	0.90088	0.860322	0.856426	0.859145	1.06546	1.06221	1.06294	1.07888	1.07745	1.07553	1.10637	1.07143	1.0677	1.06685	1.06573	1.07246	1.02225	0.991112	0.983051	0.981231	0.980045	0.990241	1.32925	1.31721	1.31411	1.31574	1.31594	1.31552	1.08907	1.09947	1.10316	1.1062	1.11019	1.11026	1.16148	1.11162	1.10953	1.13807	1.14035	1.14113	1.06659	1.06052	1.06285	1.07723	1.07188	1.07075	1.17364	1.11789	1.11523	1.14585	1.1499	1.15227
ERR608016-k20-n1-x5e9	0.902664	0.999849	0.92615	0.889097	0.890954	0.888708	0.961824	0.87104	0.890397	0.860753	0.860962	0.858024	0.914618	0.981412	0.928128	0.91515	0.915594	0.920079	0.892588	0.986776	0.906103	0.894482	0.890223	0.891184	0.926055	0.874695	0.952135	0.889064	0.893979	0.986526	1.03608	0.918498	0.929296	0.928489	0.913314	0.917341	0.891249	0.840413	0.830851	0	0.793101	0.795872	0.868795	0.869484	0.868114	0.830686	0.827871	0.831054	1.04218	1.03931	1.04078	1.05876	1.05837	1.05616	1.07707	1.05109	1.04919	1.04941	1.04881	1.05193	0.994992	0.965465	0.957554	0.957293	0.959531	0.964619	1.32316	1.31223	1.30952	1.31077	1.31087	1.31059	1.07076	1.07734	1.08102	1.08242	1.08535	1.08473	1.14397	1.098	1.09659	1.12748	1.12816	1.1286	1.04921	1.0398	1.03975	1.05641	1.05233	1.05223	1.1603	1.0978	1.09399	1.13304	1.13642	1.14036
ERR608017-k20-n1-x5e9	0.902054	0.999242	0.925912	0.888686	0.890421	0.887894	0.961285	0.870729	0.890647	0.860429	0.859611	0.857821	0.91449	0.981248	0.928076	0.914682	0.913701	0.920158	0.892911	0.986444	0.90594	0.894212	0.890118	0.889826	0.925145	0.874689	0.952058	0.887791	0.893415	0.986283	1.03519	0.91825	0.928329	0.927796	0.912733	0.914913	0.890911	0.84031	0.830802	0.793101	0	0.794555	0.868227	0.869596	0.86849	0.830823	0.827963	0.830351	1.04197	1.03928	1.04038	1.05924	1.05859	1.05605	1.07653	1.05073	1.04866	1.04914	1.04834	1.05153	0.993337	0.965171	0.957254	0.956117	0.958403	0.963638	1.32302	1.3121	1.30951	1.31072	1.31081	1.31056	1.07052	1.07704	1.08099	1.08194	1.08455	1.08427	1.14402	1.09756	1.0966	1.12723	1.12815	1.12872	1.04898	1.03962	1.03975	1.05618	1.05165	1.05209	1.15968	1.09784	1.09422	1.13336	1.1365	1.14015
ERR608018-k20-n1-x5e9	0.902935	0.998958	0.925683	0.891361	0.89198	0.890251	0.961971	0.871499	0.890348	0.858909	0.858467	0.858373	0.916101	0.982044	0.928923	0.915866	0.915291	0.920833	0.894868	0.984981	0.904901	0.895878	0.891755	0.890681	0.927118	0.875776	0.952628	0.890918	0.894939	0.98549	1.03629	0.920769	0.926705	0.929756	0.914789	0.917206	0.890328	0.841124	0.830657	0.795872	0.794555	0	0.870764	0.867637	0.869652	0.830152	0.830601	0.830424	1.04285	1.04025	1.03889	1.05801	1.05898	1.05774	1.07805	1.05151	1.05075	1.05039	1.04845	1.05213	0.993082	0.96487	0.957749	0.956625	0.958335	0.963297	1.32349	1.3125	1.30934	1.31076	1.31093	1.31073	1.07131	1.07849	1.0802	1.08371	1.08588	1.08452	1.14495	1.09786	1.09666	1.12755	1.12874	1.12952	1.04763	1.04061	1.0425	1.05644	1.05277	1.05114	1.16109	1.0973	1.09422	1.13331	1.13732	1.13982
ERR607343-k20-n1-x5e9	0.884942	0.994242	0.90784	0.864996	0.864608	0.865256	0.965964	0.863792	0.888598	0.862448	0.860386	0.862503	0.901591	0.968454	0.908821	0.903737	0.901631	0.903529	0.848203	0.951832	0.868033	0.845848	0.845486	0.845982	0.908974	0.857029	0.93763	0.870967	0.872758	0.97524	1.01291	0.885436	0.888477	0.896874	0.882551	0.885163	0.949947	0.909091	0.900871	0.868795	0.868227	0.870764	0	0.747304	0.758661	0.707608	0.706551	0.704827	1.03244	1.02979	1.02877	1.05332	1.05236	1.05242	1.06961	1.04397	1.03756	1.03858	1.03678	1.04486	0.979607	0.954648	0.939925	0.939457	0.938474	0.952338	1.31899	1.30923	1.30541	1.30762	1.30774	1.3073	1.06165	1.07308	1.07368	1.0769	1.0775	1.07656	1.14758	1.09443	1.09216	1.13153	1.13229	1.13385	1.04216	1.03579	1.03599	1.05437	1.05352	1.05111	1.15732	1.09455	1.09203	1.12909	1.13291	1.13619
ERR607344-k20-n1-x5e9	0.877579	0.993249	0.905796	0.861079	0.863821	0.863878	0.962686	0.861578	0.881854	0.860674	0.862901	0.859857	0.899164	0.969644	0.907306	0.902882	0.899501	0.902092	0.842355	0.954204	0.861289	0.844384	0.841408	0.843507	0.90901	0.854948	0.934288	0.86952	0.874788	0.972145	1.01177	0.884534	0.890866	0.89463	0.885233	0.883727	0.948803	0.90713	0.897654	0.869484	0.869596	0.867637	0.747304	0	0.749776	0.703929	0.703033	0.702364	1.02884	1.02606	1.02624	1.05062	1.04913	1.04704	1.06866	1.03976	1.03635	1.03635	1.03557	1.04113	0.979185	0.948525	0.938067	0.936119	0.937404	0.946931	1.31859	1.30825	1.30502	1.3066	1.30674	1.30643	1.05951	1.06953	1.07369	1.07603	1.07785	1.07805	1.14539	1.0889	1.08745	1.12875	1.12957	1.13023	1.03978	1.03121	1.03339	1.05326	1.0473	1.04678	1.15527	1.09258	1.0897	1.12525	1.1294	1.13267
ERR607345-k20-n1-x5e9	0.886408	0.9962	0.90746	0.863693	0.866232	0.862905	0.962499	0.862802	0.887012	0.855173	0.855447	0.856739	0.899324	0.968985	0.90971	0.9018	0.900546	0.902384	0.844222	0.952541	0.864728	0.846197	0.843974	0.841867	0.911112	0.858749	0.939667	0.869728	0.875286	0.975843	1.01514	0.886631	0.892715	0.901548	0.886719	0.888579	0.950511	0.907737	0.90088	0.868114	0.86849	0.869652	0.758661	0.749776	0	0.70981	0.70887	0.711858	1.03101	1.02893	1.0265	1.04969	1.04923	1.04746	1.068	1.0441	1.03699	1.03701	1.03543	1.0448	0.980623	0.952268	0.942153	0.940797	0.939188	0.951145	1.3192	1.30979	1.30532	1.3077	1.3078	1.30738	1.06184	1.06906	1.07204	1.07612	1.07699	1.0765	1.14685	1.09349	1.09162	1.12967	1.12982	1.12989	1.04236	1.03302	1.03372	1.05232	1.04925	1.04931	1.15631	1.09199	1.08928	1.12826	1.13242	1.13454
ERR607346-k20-n1-x5e9	0.838323	0.963509	0.873337	0.820188	0.821613	0.819453	0.930639	0.819473	0.844745	0.801128	0.804477	0.802429	0.856048	0.931243	0.868567	0.857721	0.855979	0.859926	0.807286	0.92938	0.824571	0.806677	0.801656	0.800536	0.865923	0.803762	0.895482	0.824661	0.828675	0.936454	0.979347	0.840642	0.849708	0.854402	0.839444	0.838803	0.922857	0.869693	0.860322	0.830686	0.830823	0.830152	0.707608	0.703929	0.70981	0	0.64111	0.642902	0.988916	0.984937	0.985203	1.01716	1.01527	1.01314	1.03978	1.00665	1.00171	1.00215	0.998741	1.00727	0.946479	0.913122	0.902745	0.90115	0.901472	0.911151	1.31201	1.30041	1.2967	1.29854	1.29867	1.29819	1.02664	1.03748	1.04116	1.04539	1.04459	1.04603	1.11975	1.06371	1.06276	1.10224	1.10242	1.10293	1.00541	0.994082	0.993045	1.01751	1.01347	1.01234	1.12902	1.06691	1.06354	1.09872	1.10302	1.10675
