	ERR610175-k20-n1-x5e9	ERR610176-k20-n1-x5e9	ERR610177-k20-n1-x5e9	ERR610178-k20-n1-x5e9	ERR610179-k20-n1-x5e9	ERR610180-k20-n1-x5e9	ERR610025-k20-n1-x5e9	ERR610026-k20-n1-x5e9	ERR610027-k20-n1-x5e9	ERR610028-k20-n1-x5e9	ERR610029-k20-n1-x5e9	ERR610030-k20-n1-x5e9	ERR610075-k20-n1-x5e9	ERR610076-k20-n1-x5e9	ERR610077-k20-n1-x5e9	ERR610078-k20-n1-x5e9	ERR610079-k20-n1-x5e9	ERR610080-k20-n1-x5e9	ERR609003-k20-n1-x5e9	ERR609004-k20-n1-x5e9	ERR609005-k20-n1-x5e9	ERR609006-k20-n1-x5e9	ERR609007-k20-n1-x5e9	ERR609008-k20-n1-x5e9	ERR607639-k20-n1-x5e9	ERR607640-k20-n1-x5e9	ERR607641-k20-n1-x5e9	ERR607642-k20-n1-x5e9	ERR607643-k20-n1-x5e9	ERR607644-k20-n1-x5e9	ERR607699-k20-n1-x5e9	ERR607700-k20-n1-x5e9	ERR607701-k20-n1-x5e9	ERR607702-k20-n1-x5e9	ERR607703-k20-n1-x5e9	ERR607704-k20-n1-x5e9	ERR608877-k20-n1-x5e9	ERR608878-k20-n1-x5e9	ERR608879-k20-n1-x5e9	ERR608880-k20-n1-x5e9	ERR608881-k20-n1-x5e9	ERR608882-k20-n1-x5e9	ERR608525-k20-n1-x5e9	ERR608526-k20-n1-x5e9	ERR608527-k20-n1-x5e9	ERR608528-k20-n1-x5e9	ERR608529-k20-n1-x5e9	ERR608530-k20-n1-x5e9	ERR608707-k20-n1-x5e9	ERR608708-k20-n1-x5e9	ERR608709-k20-n1-x5e9	ERR608710-k20-n1-x5e9	ERR608711-k20-n1-x5e9	ERR608712-k20-n1-x5e9	ERR609051-k20-n1-x5e9	ERR609052-k20-n1-x5e9	ERR609053-k20-n1-x5e9	ERR609054-k20-n1-x5e9	ERR609055-k20-n1-x5e9	ERR609056-k20-n1-x5e9	ERR608365-k20-n1-x5e9	ERR608366-k20-n1-x5e9	ERR608367-k20-n1-x5e9	ERR608368-k20-n1-x5e9	ERR608369-k20-n1-x5e9	ERR608370-k20-n1-x5e9	ERR608757-k20-n1-x5e9	ERR608758-k20-n1-x5e9	ERR608759-k20-n1-x5e9	ERR608760-k20-n1-x5e9	ERR608761-k20-n1-x5e9	ERR608762-k20-n1-x5e9	ERR608901-k20-n1-x5e9	ERR608902-k20-n1-x5e9	ERR608903-k20-n1-x5e9	ERR608904-k20-n1-x5e9	ERR608905-k20-n1-x5e9	ERR608906-k20-n1-x5e9	ERR608341-k20-n1-x5e9	ERR608342-k20-n1-x5e9	ERR608343-k20-n1-x5e9	ERR608344-k20-n1-x5e9	ERR608345-k20-n1-x5e9	ERR608346-k20-n1-x5e9	ERR608775-k20-n1-x5e9	ERR608776-k20-n1-x5e9	ERR608777-k20-n1-x5e9	ERR608778-k20-n1-x5e9	ERR608779-k20-n1-x5e9	ERR608780-k20-n1-x5e9	ERR605485-k20-n1-x5e9	ERR605486-k20-n1-x5e9	ERR605487-k20-n1-x5e9	ERR605488-k20-n1-x5e9	ERR605489-k20-n1-x5e9	ERR605490-k20-n1-x5e9
ERR610175-k20-n1-x5e9	0	0.427294	0.276413	0.264832	0.263814	0.264185	0.382607	0.485234	0.510513	0.507519	0.502427	0.50164	0.416529	0.404513	0.585572	0.38701	0.42979	0.429271	0.419034	0.437763	0.444018	0.446361	0.445862	0.447964	0.388507	0.383212	0.403765	0.376596	0.377199	0.376814	0.571422	0.571564	0.572377	0.570637	0.570628	0.570614	0.437947	0.425794	0.438042	0.400954	0.399677	0.39891	0.400635	0.352535	0.351091	0.365486	0.36662	0.37226	0.5388	0.521059	0.524143	0.517961	0.519497	0.522059	0.587727	0.592373	0.596153	0.565035	0.562915	0.559972	0.552725	0.546033	0.548514	0.547787	0.54987	0.546093	0.524921	0.5108	0.514936	0.512859	0.516687	0.511897	0.500015	0.495125	0.500896	0.488004	0.48723	0.486529	0.535556	0.528526	0.534929	0.527512	0.52926	0.529212	0.558476	0.563642	0.566154	0.527788	0.530475	0.527505	0.592902	0.591172	0.587338	0.588106	0.589866	0.588199
ERR610176-k20-n1-x5e9	0.427294	0	0.379996	0.433853	0.419012	0.433049	0.465748	0.643938	0.398153	0.668541	0.629766	0.631352	0.391101	0.543266	0.439336	0.502549	0.497557	0.501504	0.494122	0.590582	0.605294	0.604058	0.60273	0.604824	0.512742	0.486686	0.442258	0.481043	0.482613	0.482683	0.686414	0.696902	0.690265	0.691336	0.691337	0.690884	0.404715	0.408707	0.40045	0.513755	0.511746	0.509291	0.402257	0.454639	0.472821	0.506686	0.508621	0.517104	0.573261	0.601128	0.618173	0.610142	0.609395	0.601291	0.670377	0.707059	0.71694	0.666943	0.66385	0.658181	0.621287	0.650502	0.662947	0.664962	0.667361	0.648636	0.566768	0.597318	0.614595	0.61697	0.622994	0.598218	0.575339	0.586369	0.585965	0.536433	0.536282	0.538729	0.598015	0.629184	0.646529	0.63856	0.638032	0.629354	0.703293	0.711669	0.712498	0.659677	0.662855	0.658675	0.711873	0.705462	0.695694	0.703586	0.70582	0.703623
ERR610177-k20-n1-x5e9	0.276413	0.379996	0	0.284221	0.276097	0.283625	0.381643	0.51961	0.475336	0.54394	0.526972	0.527034	0.386892	0.426443	0.546513	0.398253	0.430128	0.430978	0.420704	0.467451	0.477309	0.478514	0.477667	0.479907	0.402411	0.388726	0.391611	0.381702	0.382332	0.38271	0.594061	0.597767	0.596119	0.595185	0.595073	0.594911	0.411328	0.401314	0.410577	0.412558	0.410881	0.409303	0.380048	0.354808	0.360651	0.384735	0.386376	0.39383	0.535901	0.530027	0.5377	0.530339	0.531508	0.530895	0.601118	0.615799	0.621619	0.582851	0.580328	0.576319	0.559964	0.563953	0.569941	0.570013	0.572304	0.563599	0.523242	0.521082	0.52967	0.528927	0.533767	0.522349	0.506752	0.506481	0.510623	0.485116	0.484493	0.484788	0.539983	0.544202	0.554624	0.546631	0.547634	0.544827	0.59098	0.597478	0.599419	0.554368	0.557491	0.553829	0.617629	0.614269	0.608297	0.611525	0.613572	0.611629
ERR610178-k20-n1-x5e9	0.264832	0.433853	0.284221	0	0.260915	0.258966	0.369366	0.462785	0.509798	0.485263	0.475338	0.474669	0.414938	0.38613	0.588397	0.370925	0.409475	0.408617	0.397838	0.416295	0.423564	0.425063	0.424492	0.426437	0.374126	0.370247	0.392931	0.365684	0.366159	0.365393	0.554609	0.555438	0.555417	0.554338	0.554117	0.554372	0.436135	0.423923	0.437927	0.386174	0.385266	0.384652	0.391379	0.342644	0.340509	0.350427	0.351447	0.356397	0.525374	0.507597	0.510019	0.505085	0.506458	0.508184	0.568549	0.574643	0.579	0.549107	0.547337	0.544699	0.537174	0.531197	0.533591	0.533458	0.535058	0.530913	0.510823	0.497	0.500495	0.49869	0.502231	0.497713	0.48645	0.482314	0.486704	0.482168	0.481626	0.480928	0.521672	0.514865	0.520922	0.514503	0.51603	0.515054	0.541324	0.547315	0.54914	0.511594	0.51387	0.511139	0.575039	0.572823	0.568762	0.570187	0.5717	0.570188
ERR610179-k20-n1-x5e9	0.263814	0.419012	0.276097	0.260915	0	0.260739	0.368405	0.47503	0.498526	0.498233	0.485299	0.484945	0.404926	0.392919	0.576723	0.374036	0.410184	0.410075	0.399282	0.426574	0.435034	0.436085	0.435387	0.437608	0.377835	0.371153	0.388563	0.366397	0.366608	0.366189	0.562138	0.563976	0.56331	0.56234	0.562233	0.562344	0.426522	0.414924	0.427874	0.388987	0.38781	0.386969	0.384347	0.341594	0.341998	0.355761	0.35698	0.362659	0.524154	0.509932	0.513695	0.508185	0.509486	0.51036	0.573987	0.582708	0.58769	0.555327	0.553365	0.550235	0.539714	0.536833	0.540383	0.540254	0.542028	0.536432	0.510509	0.500036	0.505039	0.503525	0.507451	0.500802	0.488558	0.485596	0.489833	0.480078	0.479596	0.47902	0.523113	0.519916	0.527266	0.520473	0.521596	0.520174	0.552093	0.558405	0.560133	0.519879	0.522581	0.519594	0.583605	0.580887	0.576014	0.578102	0.579887	0.578213
ERR610180-k20-n1-x5e9	0.264185	0.433049	0.283625	0.258966	0.260739	0	0.370256	0.46385	0.509742	0.486489	0.476766	0.476217	0.414999	0.386947	0.588051	0.371669	0.410404	0.409652	0.398833	0.417365	0.424548	0.426232	0.425585	0.427666	0.374861	0.370716	0.393396	0.366355	0.366425	0.366147	0.55568	0.556421	0.556426	0.555346	0.555271	0.555436	0.436289	0.42428	0.438133	0.387278	0.386367	0.38573	0.391838	0.34333	0.341326	0.351245	0.352488	0.357281	0.526188	0.508544	0.511012	0.505951	0.50753	0.509064	0.569545	0.575618	0.579916	0.550189	0.548205	0.545666	0.537925	0.532081	0.534347	0.534258	0.535793	0.531807	0.511515	0.497817	0.50139	0.499522	0.503053	0.498498	0.487462	0.48313	0.487577	0.48289	0.48213	0.481344	0.522317	0.515752	0.521837	0.515484	0.516853	0.516084	0.542119	0.547964	0.549795	0.51238	0.514874	0.512082	0.57611	0.574075	0.569932	0.571201	0.572813	0.571239
ERR610025-k20-n1-x5e9	0.382607	0.465748	0.381643	0.369366	0.368405	0.370256	0	0.398204	0.433486	0.431796	0.382538	0.384555	0.363013	0.343848	0.549284	0.321769	0.336389	0.336006	0.352612	0.396809	0.410665	0.408882	0.406863	0.409163	0.342321	0.335256	0.340226	0.335926	0.33611	0.33605	0.504013	0.514965	0.507588	0.509421	0.509211	0.509059	0.411093	0.40269	0.416376	0.366878	0.36685	0.366095	0.367643	0.345098	0.349858	0.357739	0.357764	0.361486	0.461356	0.45217	0.456707	0.455139	0.455037	0.453395	0.514082	0.534464	0.543736	0.50941	0.507546	0.505137	0.471432	0.479281	0.486673	0.490042	0.491318	0.478511	0.443963	0.441845	0.447335	0.449971	0.452506	0.442549	0.436571	0.439112	0.438234	0.449159	0.448814	0.448094	0.467139	0.472491	0.480819	0.477833	0.477293	0.473013	0.523288	0.53407	0.534312	0.477522	0.480074	0.476008	0.522702	0.514815	0.504273	0.513755	0.516098	0.513731
ERR610026-k20-n1-x5e9	0.485234	0.643938	0.51961	0.462785	0.47503	0.46385	0.398204	0	0.612037	0.248654	0.274893	0.271245	0.550041	0.366143	0.717939	0.403178	0.4373	0.432325	0.435434	0.350404	0.34445	0.344005	0.344095	0.343513	0.406013	0.429922	0.483377	0.436882	0.43533	0.434242	0.446424	0.440211	0.442876	0.443796	0.443283	0.444964	0.569821	0.558622	0.576922	0.428508	0.431346	0.432721	0.518829	0.452375	0.43838	0.406671	0.405126	0.398091	0.535076	0.486411	0.470115	0.477172	0.479079	0.487021	0.499977	0.469583	0.467578	0.490613	0.492359	0.496043	0.505931	0.465783	0.45271	0.454974	0.452374	0.467167	0.517788	0.473912	0.457177	0.455568	0.451183	0.4737	0.485683	0.473413	0.474654	0.543525	0.542597	0.539307	0.516062	0.478751	0.464967	0.470673	0.472043	0.478413	0.41348	0.418427	0.417817	0.417605	0.416308	0.417058	0.436728	0.438187	0.441813	0.439042	0.43846	0.438949
ERR610027-k20-n1-x5e9	0.510513	0.398153	0.475336	0.509798	0.498526	0.509742	0.433486	0.612037	0	0.639669	0.586999	0.589643	0.390989	0.533466	0.410341	0.494766	0.47713	0.480909	0.492226	0.585749	0.601361	0.599125	0.597189	0.599433	0.511513	0.488162	0.441494	0.485691	0.487045	0.48722	0.657087	0.671822	0.662295	0.664337	0.66439	0.66367	0.428296	0.434879	0.427091	0.521831	0.520618	0.518532	0.425892	0.482839	0.499719	0.526544	0.527604	0.534354	0.549585	0.578334	0.594488	0.588988	0.587417	0.579024	0.645446	0.684716	0.696073	0.648955	0.646284	0.641378	0.592004	0.624814	0.638484	0.64194	0.644025	0.623197	0.541307	0.574497	0.590893	0.595034	0.600018	0.575734	0.557492	0.570475	0.567483	0.532507	0.532432	0.534344	0.578506	0.611284	0.627698	0.622312	0.620802	0.611888	0.69005	0.700349	0.700393	0.640895	0.644032	0.639424	0.681612	0.672956	0.660215	0.671705	0.674259	0.671618
ERR610028-k20-n1-x5e9	0.507519	0.668541	0.54394	0.485263	0.498233	0.486489	0.431796	0.248654	0.639669	0	0.290199	0.285728	0.580553	0.393769	0.742573	0.433223	0.466971	0.462308	0.462143	0.368741	0.359987	0.359845	0.360344	0.359457	0.435355	0.459952	0.514269	0.466838	0.465294	0.464266	0.459204	0.448686	0.454047	0.454592	0.453814	0.456008	0.597374	0.586266	0.604345	0.454921	0.457814	0.459255	0.546801	0.480045	0.465067	0.431962	0.430232	0.422505	0.559508	0.50961	0.492108	0.49937	0.50156	0.510089	0.514152	0.476979	0.472645	0.504315	0.506481	0.510754	0.529471	0.485382	0.469739	0.471304	0.468328	0.486996	0.543762	0.498338	0.48024	0.477618	0.472799	0.497941	0.509582	0.496418	0.497958	0.567996	0.567086	0.563754	0.53881	0.498789	0.482892	0.489183	0.490794	0.498144	0.411744	0.414434	0.413383	0.430486	0.428433	0.430218	0.442804	0.447114	0.454264	0.448353	0.446875	0.448167
ERR610029-k20-n1-x5e9	0.502427	0.629766	0.526972	0.475338	0.485299	0.476766	0.382538	0.274893	0.586999	0.290199	0	0.243477	0.531214	0.366572	0.696479	0.394704	0.399369	0.395246	0.408358	0.355781	0.358848	0.353702	0.352714	0.352274	0.403593	0.422396	0.462639	0.431603	0.43026	0.429185	0.455041	0.456796	0.45332	0.456919	0.455924	0.457835	0.554279	0.545398	0.563047	0.423131	0.426259	0.427443	0.495841	0.446621	0.4373	0.407282	0.405517	0.398732	0.516195	0.480067	0.467887	0.476073	0.477128	0.479519	0.487677	0.476604	0.479808	0.491784	0.493444	0.496318	0.490574	0.466967	0.459604	0.464159	0.461483	0.466476	0.498947	0.468606	0.45619	0.457034	0.452935	0.467126	0.477463	0.471624	0.467894	0.5394	0.538487	0.535784	0.503583	0.480631	0.471323	0.478011	0.47818	0.47912	0.438514	0.447611	0.444758	0.43083	0.42974	0.42955	0.447929	0.444458	0.443488	0.446867	0.446311	0.44651
ERR610030-k20-n1-x5e9	0.50164	0.631352	0.527034	0.474669	0.484945	0.476217	0.384555	0.271245	0.589643	0.285728	0.243477	0	0.533603	0.366836	0.69888	0.395863	0.402703	0.398443	0.410362	0.354682	0.357231	0.352112	0.351411	0.351022	0.404078	0.423493	0.464623	0.432377	0.431043	0.429983	0.453693	0.454913	0.451678	0.455171	0.454289	0.45625	0.555958	0.546908	0.564603	0.423684	0.427058	0.428092	0.497939	0.447471	0.437819	0.407339	0.405494	0.398598	0.51755	0.480503	0.467888	0.4761	0.4772	0.480057	0.487601	0.475136	0.4779	0.491089	0.49283	0.495543	0.491485	0.466559	0.458802	0.463084	0.460355	0.466099	0.500517	0.468965	0.456157	0.456677	0.452587	0.467576	0.478161	0.471894	0.468382	0.540084	0.539347	0.536538	0.504337	0.480203	0.470676	0.477211	0.477572	0.478782	0.43559	0.444456	0.441478	0.429229	0.428098	0.427973	0.446099	0.44289	0.44245	0.445236	0.444606	0.444938
ERR610075-k20-n1-x5e9	0.416529	0.391101	0.386892	0.414938	0.404926	0.414999	0.363013	0.550041	0.390989	0.580553	0.531214	0.533603	0	0.404582	0.436685	0.35949	0.355343	0.358481	0.406301	0.495464	0.511502	0.50999	0.50809	0.510633	0.413318	0.389625	0.352962	0.386491	0.387804	0.388049	0.600996	0.615196	0.606349	0.607886	0.607871	0.607172	0.380802	0.379189	0.381484	0.436372	0.434883	0.432817	0.358631	0.385534	0.400636	0.42853	0.429613	0.437259	0.50262	0.520809	0.535317	0.529482	0.528659	0.522073	0.595525	0.63079	0.641795	0.59327	0.590149	0.585226	0.537532	0.566024	0.57988	0.583201	0.585316	0.565057	0.490492	0.51423	0.529367	0.533178	0.538311	0.515475	0.496835	0.507136	0.506088	0.47382	0.47404	0.475379	0.525398	0.551723	0.567706	0.56167	0.560981	0.552808	0.630014	0.6403	0.6411	0.578092	0.581509	0.576594	0.62901	0.620531	0.607914	0.618827	0.621526	0.618827
ERR610076-k20-n1-x5e9	0.404513	0.543266	0.426443	0.38613	0.392919	0.386947	0.343848	0.366143	0.533466	0.393769	0.366572	0.366836	0.404582	0	0.605122	0.26525	0.306774	0.302207	0.360207	0.338363	0.345612	0.344756	0.343594	0.345303	0.333295	0.344182	0.382398	0.348305	0.348032	0.346668	0.480979	0.486588	0.482779	0.483913	0.483568	0.483867	0.479647	0.468598	0.484933	0.373048	0.374075	0.374637	0.417601	0.361858	0.354263	0.339533	0.338595	0.337498	0.495966	0.464334	0.459167	0.461266	0.46228	0.465681	0.51082	0.510959	0.516246	0.502059	0.501323	0.501447	0.483796	0.470335	0.470649	0.474035	0.473558	0.470639	0.47556	0.450606	0.445983	0.446856	0.446547	0.450648	0.452502	0.447458	0.448231	0.487386	0.486618	0.484513	0.487767	0.47119	0.470776	0.47092	0.471832	0.471997	0.482444	0.49135	0.491942	0.449812	0.451608	0.448711	0.495891	0.491074	0.484911	0.490196	0.491589	0.490042
ERR610077-k20-n1-x5e9	0.585572	0.439336	0.546513	0.588397	0.576723	0.588051	0.549284	0.717939	0.410341	0.742573	0.696479	0.69888	0.436685	0.605122	0	0.565262	0.544722	0.549168	0.57646	0.670434	0.68485	0.683366	0.681625	0.683784	0.597375	0.572757	0.521845	0.569295	0.570885	0.571083	0.739598	0.754186	0.744978	0.746831	0.746861	0.745976	0.49244	0.501411	0.488285	0.607901	0.606406	0.604095	0.505375	0.563953	0.580754	0.609418	0.610786	0.6178	0.622064	0.658132	0.676385	0.66985	0.668278	0.659102	0.723392	0.764332	0.775339	0.726931	0.723906	0.718565	0.666363	0.705276	0.720426	0.723589	0.725658	0.70391	0.616934	0.656485	0.674538	0.678596	0.684097	0.657418	0.635635	0.650209	0.647796	0.596477	0.597079	0.600065	0.653626	0.690563	0.708375	0.702125	0.700911	0.691465	0.773417	0.782507	0.782919	0.726374	0.729475	0.724989	0.76608	0.757911	0.745875	0.756651	0.758994	0.756494
ERR610078-k20-n1-x5e9	0.38701	0.502549	0.398253	0.370925	0.374036	0.371669	0.321769	0.403178	0.494766	0.433223	0.394704	0.395863	0.35949	0.26525	0.565262	0	0.286774	0.284119	0.346384	0.361737	0.373103	0.3719	0.370104	0.372627	0.328281	0.32935	0.353113	0.331837	0.331846	0.330972	0.499268	0.508267	0.502332	0.503587	0.503438	0.503504	0.444781	0.434696	0.449602	0.365996	0.366458	0.36612	0.385175	0.343343	0.341374	0.338417	0.337956	0.339743	0.48225	0.461919	0.462333	0.462028	0.462677	0.463355	0.518179	0.529879	0.537325	0.511477	0.509837	0.508798	0.481247	0.480016	0.485017	0.488302	0.488741	0.479824	0.462967	0.449846	0.450486	0.45244	0.454052	0.44978	0.446887	0.445757	0.446006	0.469593	0.469155	0.467716	0.481305	0.476286	0.480993	0.479164	0.479678	0.476986	0.510537	0.520406	0.52111	0.469569	0.47197	0.468253	0.519453	0.513202	0.504182	0.511875	0.513763	0.51172
ERR610079-k20-n1-x5e9	0.42979	0.497557	0.430128	0.409475	0.410184	0.410404	0.336389	0.4373	0.47713	0.466971	0.399369	0.402703	0.355343	0.306774	0.544722	0.286774	0	0.257935	0.340872	0.392385	0.40836	0.403969	0.401775	0.403784	0.35788	0.353072	0.352078	0.357479	0.357703	0.357005	0.522003	0.534838	0.525708	0.528939	0.528404	0.528652	0.444939	0.439238	0.452296	0.389046	0.389901	0.389098	0.375898	0.365057	0.369237	0.368746	0.368431	0.369842	0.481627	0.477775	0.482231	0.482798	0.482832	0.477714	0.523821	0.550204	0.560412	0.529575	0.527909	0.526185	0.485382	0.500831	0.509206	0.514264	0.514362	0.498845	0.462758	0.466643	0.471505	0.475347	0.47677	0.465814	0.458438	0.464597	0.459896	0.483407	0.482975	0.482287	0.487726	0.497915	0.505674	0.504897	0.50459	0.497342	0.539631	0.551133	0.550161	0.497337	0.499425	0.495652	0.541534	0.532899	0.522576	0.533155	0.534799	0.532803
ERR610080-k20-n1-x5e9	0.429271	0.501504	0.430978	0.408617	0.410075	0.409652	0.336006	0.432325	0.480909	0.462308	0.395246	0.398443	0.358481	0.302207	0.549168	0.284119	0.257935	0	0.340352	0.387885	0.403831	0.399257	0.396983	0.399087	0.355527	0.351314	0.353436	0.356356	0.356818	0.35565	0.518988	0.531578	0.52247	0.525725	0.525271	0.525469	0.447388	0.441269	0.454688	0.387021	0.388067	0.387187	0.378554	0.364682	0.368062	0.366309	0.36571	0.367035	0.48145	0.47576	0.479745	0.480523	0.480346	0.475908	0.521949	0.547	0.557144	0.526969	0.525499	0.523815	0.484008	0.497925	0.50617	0.510997	0.5112	0.496106	0.462158	0.464436	0.468609	0.472538	0.473951	0.463737	0.457288	0.462887	0.458213	0.483453	0.482991	0.482241	0.486858	0.495681	0.502883	0.502265	0.502059	0.495042	0.536045	0.547482	0.546509	0.493784	0.495884	0.492168	0.538325	0.529768	0.519481	0.529889	0.531531	0.529528
ERR609003-k20-n1-x5e9	0.419034	0.494122	0.420704	0.397838	0.399282	0.398833	0.352612	0.435434	0.492226	0.462143	0.408358	0.410362	0.406301	0.360207	0.57646	0.346384	0.340872	0.340352	0	0.321447	0.340127	0.336891	0.334958	0.336609	0.325697	0.320847	0.327911	0.327102	0.326487	0.32615	0.494217	0.507972	0.498018	0.501406	0.50083	0.501057	0.423032	0.415087	0.431967	0.355825	0.35625	0.354986	0.344016	0.327144	0.330245	0.330406	0.330422	0.3317	0.455366	0.450468	0.45488	0.455092	0.454947	0.450282	0.492385	0.520962	0.532103	0.50011	0.498769	0.496859	0.457731	0.471933	0.47981	0.484523	0.485063	0.470041	0.436805	0.439539	0.444705	0.447855	0.449507	0.439544	0.431018	0.437082	0.432043	0.45714	0.456772	0.456434	0.457541	0.468016	0.476066	0.475036	0.474024	0.467821	0.510543	0.522956	0.522284	0.464088	0.466688	0.462943	0.531896	0.523724	0.51268	0.522627	0.52464	0.522261
ERR609004-k20-n1-x5e9	0.437763	0.590582	0.467451	0.416295	0.426574	0.417365	0.396809	0.350404	0.585749	0.368741	0.355781	0.354682	0.495464	0.338363	0.670434	0.361737	0.392385	0.387885	0.321447	0	0.24665	0.246939	0.247111	0.24721	0.332179	0.352653	0.406116	0.359518	0.358034	0.356869	0.446364	0.449404	0.4465	0.447938	0.447378	0.448232	0.507221	0.494691	0.514363	0.368421	0.369964	0.371373	0.438156	0.368719	0.354818	0.326454	0.325211	0.319852	0.495821	0.454522	0.443431	0.447952	0.449673	0.45482	0.482323	0.472097	0.475976	0.475758	0.476228	0.478365	0.470746	0.44467	0.43962	0.442464	0.44131	0.445021	0.475185	0.439735	0.429228	0.428941	0.426705	0.439851	0.446224	0.437499	0.437508	0.495562	0.494939	0.492464	0.477861	0.451018	0.444692	0.447334	0.448165	0.451319	0.433483	0.44243	0.442439	0.408064	0.4093	0.407624	0.47459	0.471601	0.467994	0.470726	0.471574	0.470271
ERR609005-k20-n1-x5e9	0.444018	0.605294	0.477309	0.423564	0.435034	0.424548	0.410665	0.34445	0.601361	0.359987	0.358848	0.357231	0.511502	0.345612	0.68485	0.373103	0.40836	0.403831	0.340127	0.24665	0	0.24521	0.245729	0.24565	0.343237	0.366215	0.423436	0.372714	0.371163	0.370051	0.445265	0.445529	0.444524	0.445352	0.444804	0.445816	0.522599	0.509721	0.529242	0.379249	0.380767	0.382349	0.455727	0.382274	0.366186	0.335877	0.334458	0.328199	0.507821	0.462281	0.449218	0.454017	0.456162	0.462767	0.48847	0.470997	0.472984	0.478888	0.479717	0.4825	0.480247	0.448035	0.440447	0.442586	0.441165	0.448799	0.487345	0.447428	0.434777	0.433444	0.430862	0.447444	0.455615	0.444542	0.445866	0.505832	0.505104	0.50242	0.487611	0.45562	0.447015	0.450004	0.451094	0.456073	0.425971	0.433498	0.434052	0.405774	0.406838	0.405635	0.471895	0.47045	0.46827	0.469079	0.469961	0.468764
ERR609006-k20-n1-x5e9	0.446361	0.604058	0.478514	0.425063	0.436085	0.426232	0.408882	0.344005	0.599125	0.359845	0.353702	0.352112	0.50999	0.344756	0.683366	0.3719	0.403969	0.399257	0.336891	0.246939	0.24521	0	0.2439	0.243832	0.342681	0.365134	0.421205	0.372284	0.370588	0.369363	0.445541	0.446634	0.444911	0.446165	0.445522	0.446635	0.521449	0.508867	0.528451	0.378706	0.380191	0.381948	0.453377	0.381979	0.366559	0.335508	0.334227	0.32803	0.505695	0.461495	0.448646	0.453635	0.455531	0.461654	0.486242	0.470531	0.473103	0.478072	0.478993	0.481615	0.478084	0.447279	0.440351	0.442789	0.441135	0.447818	0.485396	0.446711	0.434392	0.433511	0.430991	0.446494	0.454451	0.444091	0.444566	0.505428	0.504815	0.502013	0.485932	0.45537	0.446818	0.450163	0.451143	0.45546	0.427076	0.435072	0.435172	0.406479	0.407292	0.406344	0.471285	0.469194	0.467263	0.468444	0.469106	0.468088
ERR609007-k20-n1-x5e9	0.445862	0.60273	0.477667	0.424492	0.435387	0.425585	0.406863	0.344095	0.597189	0.360344	0.352714	0.351411	0.50809	0.343594	0.681625	0.370104	0.401775	0.396983	0.334958	0.247111	0.245729	0.2439	0	0.244189	0.341725	0.364147	0.419383	0.370899	0.369267	0.368246	0.445739	0.446893	0.445103	0.446333	0.445687	0.446927	0.519847	0.507308	0.52685	0.377485	0.379063	0.380742	0.451736	0.380759	0.365757	0.334948	0.333722	0.327234	0.504702	0.460894	0.448384	0.453355	0.455211	0.461264	0.485708	0.470745	0.473696	0.477775	0.478677	0.481246	0.477253	0.447266	0.4405	0.443196	0.441763	0.447734	0.484009	0.44615	0.433898	0.433027	0.43059	0.445734	0.453442	0.443362	0.443847	0.504521	0.503552	0.50098	0.485047	0.455016	0.446958	0.450167	0.451178	0.455184	0.427699	0.435854	0.435821	0.406969	0.407936	0.40676	0.471232	0.468984	0.466959	0.468395	0.468944	0.468033
ERR609008-k20-n1-x5e9	0.447964	0.604824	0.479907	0.426437	0.437608	0.427666	0.409163	0.343513	0.599433	0.359457	0.352274	0.351022	0.510633	0.345303	0.683784	0.372627	0.403784	0.399087	0.336609	0.24721	0.24565	0.243832	0.244189	0	0.343546	0.366013	0.421705	0.373047	0.371333	0.37035	0.445939	0.447068	0.445393	0.446595	0.445985	0.447164	0.522092	0.509682	0.529103	0.37932	0.380901	0.382553	0.453994	0.382844	0.36757	0.336226	0.334962	0.328593	0.505964	0.462177	0.449355	0.4545	0.4564	0.462461	0.486285	0.470929	0.473608	0.478666	0.479392	0.482016	0.478333	0.447994	0.44094	0.443566	0.442147	0.448392	0.485512	0.447293	0.434974	0.434092	0.431499	0.447107	0.454972	0.444858	0.445129	0.506374	0.505657	0.502824	0.486104	0.455849	0.447431	0.450792	0.451818	0.455975	0.427389	0.435411	0.435439	0.407294	0.40809	0.407052	0.470882	0.468742	0.466773	0.46831	0.468843	0.467849
ERR607639-k20-n1-x5e9	0.388507	0.512742	0.402411	0.374126	0.377835	0.374861	0.342321	0.406013	0.511513	0.435355	0.403593	0.404078	0.413318	0.333295	0.597375	0.328281	0.35788	0.355527	0.325697	0.332179	0.343237	0.342681	0.341725	0.343546	0	0.254607	0.297439	0.258154	0.257242	0.257159	0.461663	0.472789	0.465917	0.466611	0.466446	0.466121	0.428458	0.416467	0.434532	0.335125	0.334796	0.335043	0.368559	0.313194	0.308779	0.303532	0.30371	0.304931	0.453529	0.426906	0.42542	0.425029	0.426025	0.427699	0.487471	0.497131	0.505148	0.478344	0.477144	0.476068	0.445918	0.439994	0.444428	0.447566	0.448432	0.439804	0.434061	0.414066	0.4137	0.415157	0.416518	0.415212	0.413966	0.410501	0.410799	0.440136	0.439779	0.438184	0.448129	0.437773	0.441948	0.440038	0.439666	0.438668	0.481694	0.492409	0.493699	0.430401	0.433723	0.429543	0.50257	0.495846	0.486303	0.493705	0.496257	0.493592
ERR607640-k20-n1-x5e9	0.383212	0.486686	0.388726	0.370247	0.371153	0.370716	0.335256	0.429922	0.488162	0.459952	0.422396	0.423493	0.389625	0.344182	0.572757	0.32935	0.353072	0.351314	0.320847	0.352653	0.366215	0.365134	0.364147	0.366013	0.254607	0	0.278523	0.253268	0.252908	0.252571	0.477342	0.490361	0.48217	0.483332	0.483143	0.482549	0.406201	0.395184	0.41174	0.336632	0.335798	0.335509	0.348027	0.30597	0.306667	0.310034	0.310733	0.313885	0.447326	0.429752	0.432386	0.430703	0.43115	0.430564	0.494422	0.512251	0.521726	0.487483	0.485752	0.483702	0.447787	0.451029	0.458631	0.461884	0.463013	0.450375	0.428732	0.418184	0.421675	0.424017	0.426596	0.41935	0.413771	0.413864	0.413606	0.430689	0.43041	0.429237	0.447	0.445826	0.453379	0.450571	0.449917	0.446978	0.502634	0.513856	0.515004	0.447816	0.451369	0.446916	0.519755	0.512116	0.501328	0.510028	0.51269	0.509724
ERR607641-k20-n1-x5e9	0.403765	0.442258	0.391611	0.392931	0.388563	0.393396	0.340226	0.483377	0.441494	0.514269	0.462639	0.464623	0.352962	0.382398	0.521845	0.353113	0.352078	0.353436	0.327911	0.406116	0.423436	0.421205	0.419383	0.421705	0.297439	0.278523	0	0.279323	0.280006	0.280119	0.516744	0.533589	0.522827	0.524874	0.524769	0.523913	0.370574	0.363985	0.376789	0.362782	0.3616	0.360092	0.318499	0.320773	0.331642	0.348633	0.349686	0.355481	0.442484	0.448247	0.458685	0.455083	0.454781	0.448556	0.51688	0.550527	0.562547	0.517464	0.51499	0.511338	0.460183	0.483484	0.49643	0.500362	0.502198	0.481744	0.426994	0.44008	0.451166	0.455147	0.459153	0.440876	0.427278	0.435782	0.432656	0.427347	0.427331	0.427578	0.455736	0.474799	0.488189	0.484234	0.482786	0.475077	0.552184	0.564259	0.564853	0.493212	0.497005	0.491966	0.560027	0.550494	0.537367	0.548805	0.551682	0.548586
ERR607642-k20-n1-x5e9	0.376596	0.481043	0.381702	0.365684	0.366397	0.366355	0.335926	0.436882	0.485691	0.466838	0.431603	0.432377	0.386491	0.348305	0.569295	0.331837	0.357479	0.356356	0.327102	0.359518	0.372714	0.372284	0.370899	0.373047	0.258154	0.253268	0.279323	0	0.25229	0.25149	0.483534	0.496089	0.48848	0.489115	0.488908	0.488307	0.402332	0.391163	0.407649	0.338528	0.337196	0.337158	0.348042	0.306127	0.306788	0.312427	0.312933	0.316977	0.450174	0.433134	0.436027	0.433785	0.434264	0.433906	0.500882	0.518236	0.527322	0.491976	0.490098	0.48781	0.451889	0.455246	0.463111	0.466155	0.467545	0.454747	0.431868	0.42185	0.425679	0.427861	0.430595	0.422742	0.416563	0.416461	0.416721	0.429339	0.428973	0.427987	0.449892	0.448795	0.456927	0.453333	0.452888	0.449878	0.508376	0.519272	0.520676	0.453434	0.45708	0.452571	0.525762	0.518407	0.50767	0.515947	0.518751	0.515826
ERR607643-k20-n1-x5e9	0.377199	0.482613	0.382332	0.366159	0.366608	0.366425	0.33611	0.43533	0.487045	0.465294	0.43026	0.431043	0.387804	0.348032	0.570885	0.331846	0.357703	0.356818	0.326487	0.358034	0.371163	0.370588	0.369267	0.371333	0.257242	0.252908	0.280006	0.25229	0	0.251773	0.482331	0.494734	0.487152	0.487851	0.487811	0.48712	0.403561	0.392205	0.408837	0.338302	0.337197	0.33698	0.348534	0.305631	0.306325	0.311414	0.312066	0.316023	0.450454	0.433008	0.435901	0.433669	0.434039	0.434048	0.500453	0.517361	0.526546	0.491396	0.489644	0.487352	0.452086	0.454876	0.462454	0.465424	0.466912	0.454333	0.432163	0.421632	0.425209	0.427341	0.430106	0.422731	0.416628	0.416203	0.416448	0.429849	0.429234	0.428472	0.449958	0.448574	0.456434	0.452925	0.452493	0.44945	0.506908	0.51783	0.519218	0.45233	0.455896	0.451374	0.524772	0.517525	0.506887	0.515093	0.5179	0.515055
ERR607644-k20-n1-x5e9	0.376814	0.482683	0.38271	0.365393	0.366189	0.366147	0.33605	0.434242	0.48722	0.464266	0.429185	0.429983	0.388049	0.346668	0.571083	0.330972	0.357005	0.35565	0.32615	0.356869	0.370051	0.369363	0.368246	0.37035	0.257159	0.252571	0.280119	0.25149	0.251773	0	0.48113	0.49374	0.485995	0.486781	0.486675	0.486072	0.403494	0.392316	0.408904	0.337285	0.336111	0.336191	0.348698	0.305506	0.306054	0.310687	0.31129	0.315215	0.449412	0.431735	0.434723	0.432365	0.432734	0.432477	0.499147	0.516126	0.52536	0.490307	0.488336	0.486196	0.450898	0.453636	0.461302	0.464195	0.465724	0.453179	0.431142	0.420253	0.424135	0.42609	0.428897	0.421252	0.415619	0.415233	0.415687	0.428999	0.428808	0.427701	0.448924	0.447347	0.455263	0.451793	0.451396	0.44837	0.506038	0.516921	0.51826	0.45126	0.454906	0.450331	0.523787	0.516447	0.505835	0.514107	0.51679	0.513928
ERR607699-k20-n1-x5e9	0.571422	0.686414	0.594061	0.554609	0.562138	0.55568	0.504013	0.446424	0.657087	0.459204	0.455041	0.453693	0.600996	0.480979	0.739598	0.499268	0.522003	0.518988	0.494217	0.446364	0.445265	0.445541	0.445739	0.445939	0.461663	0.477342	0.516744	0.483534	0.482331	0.48113	0	0.243832	0.237694	0.239101	0.239297	0.238979	0.573883	0.563621	0.58122	0.455397	0.457567	0.458639	0.561439	0.513064	0.503995	0.483885	0.482698	0.479153	0.416914	0.358756	0.340802	0.348896	0.350076	0.359881	0.343334	0.315537	0.317656	0.33171	0.334326	0.338306	0.360535	0.312206	0.301748	0.302893	0.300901	0.31415	0.391492	0.338704	0.320278	0.318791	0.313485	0.33804	0.364276	0.351333	0.352719	0.431822	0.431975	0.427578	0.377831	0.333209	0.319242	0.325947	0.32626	0.333061	0.350691	0.362917	0.364068	0.307396	0.307363	0.306356	0.349795	0.345558	0.340309	0.342827	0.344748	0.34253
ERR607700-k20-n1-x5e9	0.571564	0.696902	0.597767	0.555438	0.563976	0.556421	0.514965	0.440211	0.671822	0.448686	0.456796	0.454913	0.615196	0.486588	0.754186	0.508267	0.534838	0.531578	0.507972	0.449404	0.445529	0.446634	0.446893	0.447068	0.472789	0.490361	0.533589	0.496089	0.494734	0.49374	0.243832	0	0.240443	0.239577	0.239796	0.240316	0.590352	0.579648	0.5973	0.467105	0.469175	0.470558	0.575816	0.522874	0.512033	0.49031	0.489032	0.485088	0.443439	0.381001	0.360429	0.368505	0.370142	0.382089	0.359968	0.316388	0.31318	0.342234	0.345146	0.350243	0.386744	0.329338	0.312855	0.312428	0.309774	0.331688	0.418237	0.360382	0.339037	0.335557	0.329549	0.359682	0.384561	0.367735	0.371063	0.450932	0.450942	0.446371	0.400532	0.348437	0.329911	0.336834	0.338257	0.348216	0.33137	0.340255	0.341997	0.307984	0.306999	0.307579	0.344457	0.34465	0.344977	0.341896	0.342901	0.341978
ERR607701-k20-n1-x5e9	0.572377	0.690265	0.596119	0.555417	0.56331	0.556426	0.507588	0.442876	0.662295	0.454047	0.45332	0.451678	0.606349	0.482779	0.744978	0.502332	0.525708	0.52247	0.498018	0.4465	0.444524	0.444911	0.445103	0.445393	0.465917	0.48217	0.522827	0.48848	0.487152	0.485995	0.237694	0.240443	0	0.238489	0.238448	0.238521	0.579978	0.569599	0.587372	0.45942	0.461643	0.46283	0.566118	0.516559	0.506868	0.486024	0.484798	0.481024	0.426225	0.366983	0.3482	0.356454	0.357659	0.367811	0.347266	0.314093	0.314585	0.334394	0.337074	0.341675	0.369451	0.318399	0.305657	0.30652	0.303963	0.320166	0.400927	0.346685	0.327293	0.325072	0.319509	0.345892	0.371431	0.357387	0.358785	0.439506	0.439496	0.435009	0.385451	0.338713	0.323093	0.329977	0.330832	0.338488	0.342437	0.353961	0.354725	0.307154	0.306723	0.306245	0.3465	0.343592	0.340444	0.340896	0.34252	0.34066
ERR607702-k20-n1-x5e9	0.570637	0.691336	0.595185	0.554338	0.56234	0.555346	0.509421	0.443796	0.664337	0.454592	0.456919	0.455171	0.607886	0.483913	0.746831	0.503587	0.528939	0.525725	0.501406	0.447938	0.445352	0.446165	0.446333	0.446595	0.466611	0.483332	0.524874	0.489115	0.487851	0.486781	0.239101	0.239577	0.238489	0	0.236547	0.236681	0.581665	0.571133	0.588858	0.46061	0.462833	0.464054	0.568419	0.517387	0.507246	0.486515	0.485274	0.481578	0.429489	0.368832	0.349576	0.357445	0.35875	0.369941	0.351531	0.315519	0.315006	0.336202	0.338913	0.343503	0.372934	0.319461	0.305701	0.305888	0.303604	0.321433	0.404258	0.348382	0.328485	0.325641	0.32	0.347663	0.37344	0.358364	0.360878	0.440106	0.440082	0.435652	0.388445	0.339411	0.322985	0.329598	0.330541	0.339325	0.340989	0.351771	0.353202	0.306571	0.306161	0.305953	0.347296	0.345194	0.342554	0.342242	0.343911	0.342145
ERR607703-k20-n1-x5e9	0.570628	0.691337	0.595073	0.554117	0.562233	0.555271	0.509211	0.443283	0.66439	0.453814	0.455924	0.454289	0.607871	0.483568	0.746861	0.503438	0.528404	0.525271	0.50083	0.447378	0.444804	0.445522	0.445687	0.445985	0.466446	0.483143	0.524769	0.488908	0.487811	0.486675	0.239297	0.239796	0.238448	0.236547	0	0.236831	0.581787	0.571261	0.588918	0.460507	0.462639	0.463944	0.568208	0.517229	0.506965	0.486146	0.484965	0.481178	0.429992	0.369333	0.349905	0.357855	0.359381	0.370275	0.351606	0.315468	0.314861	0.3363	0.339145	0.34368	0.373234	0.319862	0.306295	0.306203	0.303939	0.321841	0.404524	0.348778	0.328592	0.325821	0.32021	0.347875	0.373982	0.358972	0.361139	0.440703	0.440791	0.43631	0.388795	0.339973	0.323362	0.330003	0.330972	0.339868	0.340434	0.351089	0.352428	0.306574	0.306207	0.305823	0.347041	0.34492	0.342524	0.341942	0.34352	0.341873
ERR607704-k20-n1-x5e9	0.570614	0.690884	0.594911	0.554372	0.562344	0.555436	0.509059	0.444964	0.66367	0.456008	0.457835	0.45625	0.607172	0.483867	0.745976	0.503504	0.528652	0.525469	0.501057	0.448232	0.445816	0.446635	0.446927	0.447164	0.466121	0.482549	0.523913	0.488307	0.48712	0.486072	0.238979	0.240316	0.238521	0.236681	0.236831	0	0.580463	0.56985	0.587636	0.460018	0.462106	0.463359	0.567843	0.516939	0.506889	0.486298	0.485109	0.481521	0.428016	0.367654	0.348319	0.355995	0.357445	0.368465	0.351258	0.316171	0.315839	0.335829	0.338615	0.343007	0.37129	0.318277	0.304965	0.305168	0.302859	0.320334	0.402682	0.346954	0.327158	0.324418	0.319027	0.346449	0.372243	0.3572	0.35962	0.438635	0.438723	0.434184	0.386868	0.338257	0.322209	0.32864	0.32969	0.338432	0.343106	0.353804	0.355386	0.306821	0.306549	0.306173	0.348425	0.346097	0.342919	0.342949	0.34462	0.342724
ERR608877-k20-n1-x5e9	0.437947	0.404715	0.411328	0.436135	0.426522	0.436289	0.411093	0.569821	0.428296	0.597374	0.554279	0.555958	0.380802	0.479647	0.49244	0.444781	0.444939	0.447388	0.423032	0.507221	0.522599	0.521449	0.519847	0.522092	0.428458	0.406201	0.370574	0.402332	0.403561	0.403494	0.573883	0.590352	0.579978	0.581665	0.581787	0.580463	0	0.278789	0.280496	0.368187	0.366557	0.364241	0.367573	0.397562	0.412756	0.439675	0.441089	0.448478	0.443868	0.469765	0.487541	0.479636	0.478616	0.469824	0.562815	0.602791	0.615034	0.5606	0.557247	0.551897	0.502109	0.533531	0.549294	0.552248	0.554858	0.531841	0.45347	0.481186	0.498667	0.502497	0.508444	0.482383	0.471817	0.482654	0.481425	0.443378	0.443825	0.445441	0.486277	0.516694	0.535324	0.528138	0.52684	0.517484	0.616043	0.62691	0.627941	0.556985	0.561005	0.555785	0.605791	0.59668	0.582728	0.594025	0.597304	0.594023
ERR608878-k20-n1-x5e9	0.425794	0.408707	0.401314	0.423923	0.414924	0.42428	0.40269	0.558622	0.434879	0.586266	0.545398	0.546908	0.379189	0.468598	0.501411	0.434696	0.439238	0.441269	0.415087	0.494691	0.509721	0.508867	0.507308	0.509682	0.416467	0.395184	0.363985	0.391163	0.392205	0.392316	0.563621	0.579648	0.569599	0.571133	0.571261	0.56985	0.278789	0	0.280602	0.354463	0.352481	0.350452	0.363968	0.386609	0.400653	0.426865	0.428699	0.435832	0.439701	0.461267	0.478197	0.470423	0.469408	0.461641	0.55551	0.593203	0.605135	0.551369	0.548207	0.543116	0.494976	0.523788	0.53889	0.541654	0.544285	0.522333	0.448272	0.471789	0.488547	0.492107	0.497895	0.473344	0.463513	0.473059	0.472422	0.436764	0.43693	0.438519	0.4798	0.507186	0.525089	0.517772	0.516518	0.507962	0.604649	0.615507	0.616679	0.545455	0.549493	0.544225	0.596343	0.587431	0.573721	0.5845	0.587991	0.584578
ERR608879-k20-n1-x5e9	0.438042	0.40045	0.410577	0.437927	0.427874	0.438133	0.416376	0.576922	0.427091	0.604345	0.563047	0.564603	0.381484	0.484933	0.488285	0.449602	0.452296	0.454688	0.431967	0.514363	0.529242	0.528451	0.52685	0.529103	0.434532	0.41174	0.376789	0.407649	0.408837	0.408904	0.58122	0.5973	0.587372	0.588858	0.588918	0.587636	0.280496	0.280602	0	0.375707	0.373753	0.371353	0.373572	0.402665	0.417874	0.445481	0.447198	0.454521	0.451229	0.476247	0.494247	0.486136	0.485055	0.476536	0.571337	0.610007	0.622019	0.567323	0.564068	0.558804	0.509945	0.540693	0.556198	0.558861	0.561704	0.538996	0.460917	0.487433	0.505146	0.508759	0.514853	0.489023	0.478418	0.488687	0.488204	0.447259	0.447551	0.449345	0.493874	0.523255	0.541798	0.534358	0.532914	0.524106	0.622606	0.633271	0.634337	0.563773	0.568033	0.562604	0.612855	0.603961	0.590275	0.601173	0.604531	0.601207
ERR608880-k20-n1-x5e9	0.400954	0.513755	0.412558	0.386174	0.388987	0.387278	0.366878	0.428508	0.521831	0.454921	0.423131	0.423684	0.436372	0.373048	0.607901	0.365996	0.389046	0.387021	0.355825	0.368421	0.379249	0.378706	0.377485	0.37932	0.335125	0.336632	0.362782	0.338528	0.338302	0.337285	0.455397	0.467105	0.45942	0.46061	0.460507	0.460018	0.368187	0.354463	0.375707	0	0.255557	0.255605	0.389116	0.345128	0.342317	0.339977	0.340063	0.341774	0.422076	0.398422	0.399033	0.397608	0.398385	0.398622	0.473246	0.487444	0.496396	0.465067	0.463666	0.462353	0.432843	0.430687	0.437055	0.439826	0.440811	0.430078	0.418206	0.400985	0.402753	0.403755	0.405832	0.401472	0.409013	0.406546	0.407128	0.434031	0.433522	0.431793	0.432611	0.426032	0.431975	0.429275	0.428975	0.426326	0.481602	0.49262	0.493554	0.429824	0.433191	0.428941	0.485986	0.478976	0.468409	0.476238	0.478969	0.476108
ERR608881-k20-n1-x5e9	0.399677	0.511746	0.410881	0.385266	0.38781	0.386367	0.36685	0.431346	0.520618	0.457814	0.426259	0.427058	0.434883	0.374075	0.606406	0.366458	0.389901	0.388067	0.35625	0.369964	0.380767	0.380191	0.379063	0.380901	0.334796	0.335798	0.3616	0.337196	0.337197	0.336111	0.457567	0.469175	0.461643	0.462833	0.462639	0.462106	0.366557	0.352481	0.373753	0.255557	0	0.255683	0.388212	0.34413	0.341734	0.33972	0.340196	0.341749	0.422266	0.399149	0.399754	0.398224	0.398758	0.39924	0.474903	0.489393	0.498496	0.466566	0.465099	0.463751	0.434081	0.43236	0.438745	0.441618	0.442667	0.431741	0.418725	0.401767	0.403889	0.405332	0.407211	0.40251	0.409512	0.407108	0.407973	0.433286	0.432749	0.431006	0.433639	0.427489	0.433574	0.430708	0.430396	0.427675	0.484194	0.495242	0.496258	0.431665	0.435272	0.430922	0.488611	0.481631	0.471106	0.478806	0.481568	0.478771
ERR608882-k20-n1-x5e9	0.39891	0.509291	0.409303	0.384652	0.386969	0.38573	0.366095	0.432721	0.518532	0.459255	0.427443	0.428092	0.432817	0.374637	0.604095	0.36612	0.389098	0.387187	0.354986	0.371373	0.382349	0.381948	0.380742	0.382553	0.335043	0.335509	0.360092	0.337158	0.33698	0.336191	0.458639	0.470558	0.46283	0.464054	0.463944	0.463359	0.364241	0.350452	0.371353	0.255605	0.255683	0	0.386075	0.343324	0.341283	0.339949	0.340298	0.342107	0.421207	0.399153	0.400556	0.398739	0.3991	0.399233	0.475098	0.490732	0.499987	0.467204	0.465805	0.464133	0.433812	0.433234	0.440027	0.442899	0.443913	0.432502	0.417833	0.402079	0.40469	0.406029	0.40825	0.40273	0.409174	0.407382	0.407936	0.432415	0.431977	0.43054	0.43301	0.427956	0.434711	0.431806	0.431284	0.428469	0.485807	0.496814	0.497812	0.433107	0.436567	0.432206	0.490072	0.48281	0.47208	0.479944	0.482769	0.479883
ERR608525-k20-n1-x5e9	0.400635	0.402257	0.380048	0.391379	0.384347	0.391838	0.367643	0.518829	0.425892	0.546801	0.495841	0.497939	0.358631	0.417601	0.505375	0.385175	0.375898	0.378554	0.344016	0.438156	0.455727	0.453377	0.451736	0.453994	0.368559	0.348027	0.318499	0.348042	0.348534	0.348698	0.561439	0.575816	0.566118	0.568419	0.568208	0.567843	0.367573	0.363968	0.373572	0.389116	0.388212	0.386075	0	0.303106	0.3186	0.344323	0.345843	0.352778	0.474515	0.488617	0.50069	0.49655	0.495946	0.488771	0.551216	0.588225	0.59986	0.554575	0.552079	0.547993	0.503419	0.529253	0.54134	0.544832	0.546444	0.527406	0.462544	0.482652	0.495649	0.498792	0.502972	0.48333	0.465187	0.47533	0.471985	0.459175	0.458896	0.459681	0.492048	0.516381	0.53056	0.526047	0.524717	0.516694	0.583867	0.595394	0.595554	0.531984	0.535349	0.530904	0.599361	0.590963	0.578949	0.589352	0.591885	0.589239
