	ERR609247-k20-n1-x5e9	ERR609248-k20-n1-x5e9	ERR609249-k20-n1-x5e9	ERR609250-k20-n1-x5e9	ERR609251-k20-n1-x5e9	ERR609252-k20-n1-x5e9	ERR608013-k20-n1-x5e9	ERR608014-k20-n1-x5e9	ERR608015-k20-n1-x5e9	ERR608016-k20-n1-x5e9	ERR608017-k20-n1-x5e9	ERR608018-k20-n1-x5e9	ERR610031-k20-n1-x5e9	ERR610032-k20-n1-x5e9	ERR610033-k20-n1-x5e9	ERR610034-k20-n1-x5e9	ERR610035-k20-n1-x5e9	ERR610036-k20-n1-x5e9	ERR610087-k20-n1-x5e9	ERR610088-k20-n1-x5e9	ERR610089-k20-n1-x5e9	ERR610090-k20-n1-x5e9	ERR610091-k20-n1-x5e9	ERR610092-k20-n1-x5e9	ERR610075-k20-n1-x5e9	ERR610076-k20-n1-x5e9	ERR610077-k20-n1-x5e9	ERR610078-k20-n1-x5e9	ERR610079-k20-n1-x5e9	ERR610080-k20-n1-x5e9	ERR608925-k20-n1-x5e9	ERR608926-k20-n1-x5e9	ERR608927-k20-n1-x5e9	ERR608928-k20-n1-x5e9	ERR608929-k20-n1-x5e9	ERR608930-k20-n1-x5e9	ERR609333-k20-n1-x5e9	ERR609334-k20-n1-x5e9	ERR609335-k20-n1-x5e9	ERR609336-k20-n1-x5e9	ERR609337-k20-n1-x5e9	ERR609338-k20-n1-x5e9	ERR605435-k20-n1-x5e9	ERR605436-k20-n1-x5e9	ERR605437-k20-n1-x5e9	ERR605438-k20-n1-x5e9	ERR605439-k20-n1-x5e9	ERR605440-k20-n1-x5e9	ERR608943-k20-n1-x5e9	ERR608944-k20-n1-x5e9	ERR608945-k20-n1-x5e9	ERR608946-k20-n1-x5e9	ERR608947-k20-n1-x5e9	ERR608948-k20-n1-x5e9	ERR605485-k20-n1-x5e9	ERR605486-k20-n1-x5e9	ERR605487-k20-n1-x5e9	ERR605488-k20-n1-x5e9	ERR605489-k20-n1-x5e9	ERR605490-k20-n1-x5e9	ERR607669-k20-n1-x5e9	ERR607670-k20-n1-x5e9	ERR607671-k20-n1-x5e9	ERR607672-k20-n1-x5e9	ERR607673-k20-n1-x5e9	ERR607674-k20-n1-x5e9	ERR610229-k20-n1-x5e9	ERR610230-k20-n1-x5e9	ERR610231-k20-n1-x5e9	ERR610232-k20-n1-x5e9	ERR610233-k20-n1-x5e9	ERR610234-k20-n1-x5e9	ERR605940-k20-n1-x5e9	ERR605941-k20-n1-x5e9	ERR605942-k20-n1-x5e9	ERR605943-k20-n1-x5e9	ERR605944-k20-n1-x5e9	ERR605945-k20-n1-x5e9	ERR608883-k20-n1-x5e9	ERR608884-k20-n1-x5e9	ERR608885-k20-n1-x5e9	ERR608886-k20-n1-x5e9	ERR608887-k20-n1-x5e9	ERR608888-k20-n1-x5e9	ERR606000-k20-n1-x5e9	ERR606001-k20-n1-x5e9	ERR606002-k20-n1-x5e9	ERR606003-k20-n1-x5e9	ERR606004-k20-n1-x5e9	ERR606005-k20-n1-x5e9	ERR607311-k20-n1-x5e9	ERR607312-k20-n1-x5e9	ERR607313-k20-n1-x5e9	ERR607314-k20-n1-x5e9	ERR607315-k20-n1-x5e9	ERR607316-k20-n1-x5e9
ERR609247-k20-n1-x5e9	0	0.239907	0.243384	0.260931	0.247614	0.247746	0.575869	0.527572	0.508547	0.453657	0.451995	0.454372	0.455094	0.319006	0.640242	0.32063	0.364156	0.360546	0.588246	0.401792	0.751383	0.374224	0.435605	0.431156	0.554548	0.370188	0.7217	0.407563	0.445527	0.440742	0.468365	0.378124	0.367073	0.383249	0.384615	0.384761	0.466616	0.468254	0.606983	0.366035	0.382536	0.380813	0.336356	0.51071	0.350502	0.354591	0.3524	0.354279	0.447	0.44018	0.439393	0.482927	0.48234	0.480247	0.456017	0.457705	0.460598	0.45729	0.456996	0.457197	0.450905	0.44237	0.442683	0.44982	0.448393	0.446364	0.538918	0.677462	0.567525	0.505926	0.509973	0.503389	0.634228	0.554412	0.549822	0.616933	0.608544	0.611967	0.445732	0.442607	0.441592	0.483587	0.480281	0.48379	0.52364	0.449858	0.448011	0.495235	0.495237	0.49743	0.502119	0.487043	0.487997	0.537453	0.529212	0.522941
ERR609248-k20-n1-x5e9	0.239907	0	0.241635	0.260765	0.247097	0.247115	0.575607	0.528199	0.509615	0.454293	0.452721	0.455156	0.453069	0.316717	0.638244	0.319276	0.359123	0.355708	0.587547	0.401649	0.75035	0.374294	0.433144	0.428898	0.553262	0.369054	0.720512	0.406344	0.442478	0.437746	0.465397	0.3762	0.36559	0.381468	0.382846	0.382874	0.464675	0.466122	0.604948	0.362496	0.378938	0.377078	0.335727	0.509335	0.349246	0.354015	0.351926	0.353749	0.445343	0.439097	0.438013	0.481969	0.481475	0.479238	0.454771	0.45612	0.458842	0.455929	0.455616	0.455775	0.448377	0.440367	0.440299	0.447242	0.445862	0.443979	0.540639	0.676928	0.568554	0.507243	0.511352	0.504773	0.633416	0.555404	0.550823	0.617213	0.608843	0.612185	0.444695	0.441884	0.44071	0.482576	0.479167	0.482626	0.521359	0.44959	0.447853	0.494256	0.494248	0.496569	0.500872	0.486108	0.486585	0.536365	0.528389	0.522172
ERR609249-k20-n1-x5e9	0.243384	0.241635	0	0.258165	0.250296	0.250087	0.568839	0.523888	0.506485	0.450855	0.449211	0.451633	0.442087	0.315122	0.628029	0.321649	0.348113	0.34496	0.579666	0.396641	0.742912	0.370383	0.423184	0.419093	0.543918	0.362479	0.711891	0.397863	0.430569	0.425863	0.452083	0.366525	0.357387	0.371922	0.373081	0.373122	0.453524	0.455135	0.593799	0.351291	0.366627	0.36484	0.333326	0.499967	0.343608	0.350182	0.348037	0.349746	0.438872	0.434696	0.433011	0.474743	0.474287	0.472303	0.453338	0.453366	0.454357	0.453138	0.452956	0.452882	0.440977	0.434798	0.434244	0.440299	0.439054	0.437528	0.538052	0.669302	0.564042	0.503857	0.507858	0.501629	0.626882	0.554098	0.549893	0.613871	0.605663	0.609094	0.440138	0.438675	0.437199	0.475282	0.471872	0.475362	0.511798	0.448078	0.446686	0.489255	0.489055	0.491512	0.49344	0.480078	0.479267	0.529033	0.521552	0.515527
ERR609250-k20-n1-x5e9	0.260931	0.260765	0.258165	0	0.273178	0.272466	0.529628	0.4821	0.464492	0.415112	0.413656	0.415193	0.405007	0.32307	0.595526	0.342318	0.355829	0.353092	0.540582	0.367293	0.712352	0.348322	0.399631	0.395776	0.502434	0.334031	0.678958	0.362191	0.40292	0.398457	0.426867	0.344593	0.336007	0.347748	0.348878	0.349481	0.416931	0.418246	0.559827	0.349952	0.357777	0.357814	0.319759	0.458616	0.323485	0.324805	0.323904	0.324575	0.433504	0.430206	0.430596	0.451903	0.45154	0.449839	0.460526	0.458429	0.455914	0.457029	0.458156	0.457016	0.439226	0.4349	0.436218	0.439001	0.437898	0.436564	0.502136	0.636928	0.52701	0.473458	0.476866	0.471439	0.603003	0.529084	0.52541	0.585032	0.577029	0.580184	0.436903	0.436791	0.436803	0.454106	0.452009	0.453999	0.486906	0.429059	0.428018	0.459732	0.460006	0.461631	0.47482	0.462256	0.464684	0.504742	0.496979	0.491338
ERR609251-k20-n1-x5e9	0.247614	0.247097	0.250296	0.273178	0	0.242797	0.584982	0.537945	0.519355	0.463775	0.462219	0.464681	0.465144	0.323831	0.647747	0.322611	0.366702	0.36332	0.597471	0.411904	0.75809	0.383554	0.442829	0.43832	0.564345	0.380506	0.729001	0.418198	0.453154	0.448671	0.475518	0.386973	0.37616	0.392125	0.393432	0.393657	0.47661	0.478048	0.614923	0.366952	0.384379	0.382446	0.345425	0.520764	0.360204	0.364789	0.362611	0.364475	0.452939	0.446178	0.444703	0.491631	0.490953	0.488721	0.459142	0.461193	0.464892	0.461037	0.460488	0.460901	0.45568	0.447029	0.446709	0.454358	0.453065	0.451042	0.549197	0.685094	0.57733	0.515272	0.519512	0.512858	0.640291	0.561734	0.557219	0.62418	0.615828	0.619162	0.451484	0.448241	0.446765	0.491867	0.488361	0.492181	0.530854	0.457708	0.455854	0.503764	0.503685	0.506064	0.509042	0.494184	0.494319	0.544818	0.536886	0.530681
ERR609252-k20-n1-x5e9	0.247746	0.247115	0.250087	0.272466	0.242797	0	0.584028	0.537096	0.518633	0.463115	0.461526	0.464067	0.463696	0.323552	0.64647	0.322908	0.365785	0.362338	0.596511	0.411093	0.757248	0.382913	0.441719	0.437301	0.563203	0.379576	0.727925	0.417163	0.451835	0.447317	0.474387	0.385975	0.375374	0.391109	0.392347	0.392607	0.475316	0.476737	0.613742	0.366036	0.383335	0.381306	0.344785	0.519485	0.359013	0.364078	0.361915	0.363753	0.452137	0.445557	0.444076	0.490587	0.489993	0.487848	0.458575	0.460499	0.463994	0.460426	0.459824	0.460215	0.454649	0.446054	0.445761	0.453374	0.452037	0.449961	0.548458	0.683994	0.576536	0.514568	0.518758	0.512065	0.639203	0.561227	0.556563	0.623373	0.61508	0.618415	0.450736	0.447657	0.446074	0.490863	0.487203	0.491048	0.529489	0.45705	0.45509	0.502759	0.502558	0.505073	0.507773	0.492988	0.493036	0.54341	0.535584	0.529479
ERR608013-k20-n1-x5e9	0.575869	0.575607	0.568839	0.529628	0.584982	0.584028	0	0.30217	0.319839	0.357521	0.357406	0.355321	0.412083	0.564006	0.445901	0.59216	0.556439	0.55681	0.377117	0.446124	0.516215	0.473676	0.439583	0.440887	0.3915	0.480519	0.510241	0.446574	0.45289	0.45552	0.409303	0.453495	0.463445	0.444195	0.44414	0.443586	0.434288	0.434107	0.440685	0.547448	0.530866	0.535083	0.522132	0.384766	0.500404	0.492651	0.495123	0.493197	0.617528	0.620485	0.620743	0.588955	0.589274	0.589536	0.662828	0.657253	0.649325	0.655591	0.657819	0.655816	0.624205	0.626428	0.627265	0.624798	0.624019	0.624185	0.516433	0.524514	0.500565	0.530444	0.528052	0.530915	0.546438	0.547452	0.550837	0.531472	0.530954	0.529622	0.622202	0.625802	0.625977	0.591337	0.594355	0.58887	0.560482	0.586491	0.588225	0.550439	0.551184	0.549429	0.563446	0.570465	0.576919	0.544584	0.545984	0.548653
ERR608014-k20-n1-x5e9	0.527572	0.528199	0.523888	0.4821	0.537945	0.537096	0.30217	0	0.273418	0.30202	0.302213	0.300227	0.397563	0.519405	0.489031	0.545766	0.526813	0.526317	0.394558	0.403426	0.564163	0.427416	0.416819	0.416624	0.402661	0.440308	0.552519	0.413894	0.438865	0.440049	0.407908	0.416189	0.421699	0.406847	0.407468	0.40724	0.420342	0.42046	0.47329	0.514407	0.501353	0.505738	0.475044	0.38071	0.456958	0.44583	0.448482	0.446836	0.586265	0.585886	0.587254	0.560806	0.561023	0.561073	0.627333	0.623219	0.617449	0.621275	0.623382	0.621581	0.595728	0.594509	0.596778	0.595892	0.594834	0.594228	0.481248	0.537067	0.475922	0.493809	0.491982	0.493747	0.544702	0.516419	0.518462	0.516967	0.514686	0.51405	0.586836	0.588467	0.589465	0.561727	0.564536	0.559599	0.54856	0.549771	0.550894	0.52384	0.525401	0.523934	0.538794	0.54113	0.550417	0.525624	0.523757	0.524832
ERR608015-k20-n1-x5e9	0.508547	0.509615	0.506485	0.464492	0.519355	0.518633	0.319839	0.273418	0	0.286858	0.286847	0.285413	0.396939	0.501692	0.506316	0.526946	0.515216	0.514426	0.410464	0.391669	0.585461	0.413126	0.412631	0.411962	0.413368	0.427633	0.571279	0.40591	0.437274	0.437588	0.410791	0.404473	0.407434	0.395494	0.39617	0.39649	0.420152	0.420143	0.487901	0.502211	0.490928	0.495188	0.45774	0.386062	0.441524	0.429441	0.431986	0.430689	0.575552	0.573915	0.575405	0.552646	0.552697	0.552392	0.61466	0.611139	0.606343	0.609249	0.611184	0.609534	0.585571	0.583127	0.585883	0.585668	0.584403	0.583646	0.474132	0.548115	0.473641	0.484941	0.483432	0.484501	0.549657	0.50992	0.511426	0.518307	0.515262	0.515389	0.574626	0.575291	0.576633	0.552889	0.555542	0.551004	0.546217	0.537741	0.538455	0.517216	0.518948	0.517383	0.532126	0.532245	0.542203	0.52193	0.518907	0.519393
ERR608016-k20-n1-x5e9	0.453657	0.454293	0.450855	0.415112	0.463775	0.463115	0.357521	0.30202	0.286858	0	0.261633	0.262502	0.382649	0.444427	0.527185	0.467933	0.457307	0.45612	0.442214	0.362681	0.622039	0.374994	0.382647	0.381259	0.43118	0.388925	0.601631	0.378523	0.408162	0.407362	0.392733	0.364341	0.365151	0.357547	0.358362	0.358498	0.408742	0.408702	0.504124	0.452188	0.445175	0.448411	0.405887	0.39071	0.393338	0.383872	0.385911	0.384949	0.537741	0.5356	0.536041	0.525131	0.525137	0.524352	0.571476	0.568236	0.56501	0.567155	0.568846	0.567439	0.546813	0.543397	0.544999	0.545945	0.544645	0.543788	0.470599	0.567023	0.47808	0.469462	0.468986	0.468463	0.549543	0.498198	0.498309	0.522456	0.517253	0.518307	0.535508	0.535704	0.536147	0.523713	0.525305	0.521829	0.523571	0.504465	0.504973	0.494604	0.496002	0.495383	0.506124	0.503222	0.511118	0.505886	0.502245	0.501198
ERR608017-k20-n1-x5e9	0.451995	0.452721	0.449211	0.413656	0.462219	0.461526	0.357406	0.302213	0.286847	0.261633	0	0.262054	0.381836	0.442894	0.52702	0.466494	0.455666	0.454464	0.442101	0.361773	0.622008	0.373825	0.381346	0.379787	0.430452	0.387108	0.601469	0.377192	0.40669	0.405654	0.391982	0.363163	0.364346	0.356161	0.357202	0.357456	0.407805	0.407756	0.503554	0.450839	0.443895	0.447209	0.404135	0.389722	0.391616	0.38236	0.384316	0.38321	0.536683	0.534572	0.535002	0.524521	0.524261	0.523704	0.570563	0.567315	0.563961	0.566261	0.567926	0.566541	0.545587	0.542261	0.543746	0.54496	0.54363	0.542623	0.470567	0.567052	0.478014	0.469222	0.468677	0.468088	0.549573	0.497995	0.497846	0.522501	0.517157	0.518252	0.534544	0.534885	0.535328	0.523055	0.52451	0.52118	0.522968	0.503612	0.504184	0.49403	0.495259	0.494503	0.505482	0.502612	0.510625	0.50542	0.501804	0.500665
ERR608018-k20-n1-x5e9	0.454372	0.455156	0.451633	0.415193	0.464681	0.464067	0.355321	0.300227	0.285413	0.262502	0.262054	0	0.381422	0.445469	0.525285	0.469163	0.45817	0.457041	0.440226	0.362817	0.620077	0.375312	0.382371	0.381175	0.428898	0.38853	0.599448	0.377458	0.407438	0.406533	0.3918	0.36433	0.365441	0.357271	0.357975	0.358365	0.407411	0.407402	0.502154	0.452503	0.445259	0.448719	0.406227	0.388871	0.393354	0.384125	0.385966	0.384768	0.53746	0.535398	0.535899	0.524237	0.524062	0.523541	0.572145	0.568828	0.565228	0.56771	0.569298	0.567989	0.546497	0.543254	0.544824	0.545937	0.544593	0.543616	0.469147	0.564983	0.476303	0.468179	0.467663	0.467319	0.548085	0.497115	0.497196	0.521151	0.516153	0.517059	0.535425	0.535793	0.536207	0.522785	0.524572	0.521074	0.522519	0.504107	0.50467	0.493839	0.495249	0.494403	0.505271	0.502765	0.510794	0.5049	0.501375	0.500114
ERR610031-k20-n1-x5e9	0.455094	0.453069	0.442087	0.405007	0.465144	0.463696	0.412083	0.397563	0.396939	0.382649	0.381836	0.381422	0	0.397733	0.425103	0.439142	0.376073	0.377392	0.398168	0.363297	0.576591	0.382208	0.349704	0.351496	0.3453	0.345558	0.531007	0.319096	0.322796	0.323175	0.326	0.340917	0.350582	0.336414	0.335614	0.335331	0.305046	0.304765	0.400073	0.388815	0.369165	0.373383	0.391073	0.316854	0.365712	0.366126	0.36806	0.36558	0.495588	0.5027	0.502022	0.475017	0.474981	0.475459	0.542515	0.533349	0.520972	0.532108	0.534741	0.531903	0.495267	0.501611	0.501732	0.496076	0.496017	0.496908	0.488397	0.542038	0.483609	0.481004	0.481108	0.48137	0.530792	0.520656	0.521481	0.530448	0.526413	0.528007	0.508268	0.515072	0.514436	0.480904	0.482312	0.478618	0.44666	0.478807	0.481072	0.450766	0.449935	0.449825	0.476895	0.48246	0.48254	0.476461	0.47714	0.476793
ERR610032-k20-n1-x5e9	0.319006	0.316717	0.315122	0.32307	0.323831	0.323552	0.564006	0.519405	0.501692	0.444427	0.442894	0.445469	0.397733	0	0.602488	0.250046	0.281004	0.277161	0.574768	0.39425	0.738618	0.369666	0.418562	0.414691	0.530862	0.344221	0.702872	0.380898	0.412653	0.407851	0.439232	0.352682	0.343809	0.358075	0.359019	0.359401	0.429853	0.430812	0.575631	0.322869	0.338378	0.336713	0.305987	0.478346	0.316847	0.32437	0.322165	0.323459	0.447902	0.444174	0.442181	0.482204	0.481315	0.479594	0.450753	0.449895	0.450443	0.450452	0.450393	0.450168	0.443722	0.438058	0.437187	0.442226	0.441471	0.440091	0.549266	0.674917	0.5737	0.516057	0.519838	0.513756	0.626675	0.556877	0.552745	0.613957	0.605992	0.609453	0.447127	0.446168	0.444314	0.480421	0.477036	0.48014	0.507351	0.446686	0.44551	0.485069	0.484263	0.486792	0.498682	0.486177	0.484531	0.53334	0.526626	0.520759
ERR610033-k20-n1-x5e9	0.640242	0.638244	0.628029	0.595526	0.647747	0.64647	0.445901	0.489031	0.506316	0.527185	0.52702	0.525285	0.425103	0.602488	0	0.636104	0.570368	0.57269	0.413581	0.530739	0.429472	0.557376	0.497968	0.502306	0.395148	0.535353	0.395587	0.496904	0.473216	0.47727	0.448719	0.523545	0.536792	0.51755	0.516563	0.515679	0.451623	0.45081	0.369438	0.57674	0.55522	0.559135	0.586441	0.422882	0.561151	0.560868	0.562854	0.560506	0.642244	0.651445	0.650704	0.61	0.610475	0.611845	0.691324	0.682255	0.669194	0.681081	0.683612	0.68085	0.641554	0.650449	0.6501	0.642736	0.643079	0.644728	0.593515	0.534819	0.568205	0.601824	0.600257	0.603036	0.574222	0.624552	0.628239	0.594463	0.59523	0.594391	0.656825	0.664447	0.663961	0.618428	0.621163	0.615874	0.555343	0.629015	0.631816	0.580633	0.579861	0.57881	0.599771	0.613503	0.613067	0.579788	0.585281	0.589201
ERR610034-k20-n1-x5e9	0.32063	0.319276	0.321649	0.342318	0.322611	0.322908	0.59216	0.545766	0.526946	0.467933	0.466494	0.469163	0.439142	0.250046	0.636104	0	0.306218	0.301669	0.605549	0.418587	0.764372	0.388921	0.446894	0.442582	0.566526	0.374613	0.73193	0.415091	0.448008	0.44354	0.473185	0.382418	0.37167	0.388469	0.389333	0.389852	0.469951	0.471223	0.611224	0.350158	0.370885	0.368511	0.32511	0.514746	0.342854	0.349634	0.347288	0.349235	0.467746	0.460916	0.458577	0.509863	0.508837	0.506983	0.45556	0.458171	0.463456	0.459267	0.458011	0.458877	0.462826	0.453505	0.452236	0.460776	0.459836	0.457656	0.57053	0.700367	0.597459	0.536176	0.540355	0.533716	0.646187	0.569891	0.565161	0.631673	0.623553	0.627026	0.462833	0.459319	0.457191	0.507702	0.503731	0.50755	0.537502	0.465301	0.463486	0.511618	0.511115	0.513717	0.521461	0.5068	0.505588	0.557617	0.550375	0.544295
ERR610035-k20-n1-x5e9	0.364156	0.359123	0.348113	0.355829	0.366702	0.365785	0.556439	0.526813	0.515216	0.457307	0.455666	0.45817	0.376073	0.281004	0.570368	0.306218	0	0.240369	0.563639	0.41147	0.719537	0.394944	0.393748	0.392497	0.510922	0.354774	0.677335	0.378636	0.371119	0.367719	0.408186	0.351607	0.351453	0.35709	0.357178	0.356623	0.410014	0.410627	0.544571	0.313065	0.320156	0.318392	0.335369	0.458895	0.332176	0.347262	0.345381	0.345288	0.453755	0.457577	0.452866	0.484043	0.483273	0.481958	0.469915	0.46355	0.458773	0.465526	0.465769	0.464942	0.446985	0.44866	0.444258	0.445383	0.445253	0.445232	0.570583	0.664177	0.58577	0.535434	0.539019	0.534075	0.615819	0.575173	0.572565	0.61772	0.609298	0.612621	0.460761	0.464794	0.460891	0.482511	0.478854	0.48126	0.486175	0.46492	0.465118	0.484793	0.481627	0.484273	0.496343	0.490294	0.482803	0.528576	0.526604	0.521616
ERR610036-k20-n1-x5e9	0.360546	0.355708	0.34496	0.353092	0.36332	0.362338	0.55681	0.526317	0.514426	0.45612	0.454464	0.457041	0.377392	0.277161	0.57269	0.301669	0.240369	0	0.564494	0.409728	0.721	0.39246	0.394118	0.392618	0.512596	0.353406	0.679319	0.378357	0.373423	0.369615	0.410094	0.351215	0.350719	0.35671	0.356879	0.356398	0.41123	0.411791	0.546906	0.312132	0.319966	0.318153	0.332455	0.460059	0.330038	0.34481	0.34321	0.342939	0.452896	0.456282	0.451482	0.483757	0.483037	0.481631	0.467634	0.461663	0.457037	0.463436	0.463706	0.463027	0.44615	0.447517	0.443238	0.444575	0.444559	0.444342	0.569055	0.664574	0.584955	0.533826	0.537548	0.53233	0.616025	0.573376	0.570779	0.617011	0.608609	0.612017	0.459204	0.46285	0.459036	0.481854	0.478197	0.480725	0.487134	0.463103	0.463362	0.484306	0.481155	0.483897	0.496002	0.489445	0.482111	0.52847	0.526441	0.521244
ERR610087-k20-n1-x5e9	0.588246	0.587547	0.579666	0.540582	0.597471	0.596511	0.377117	0.394558	0.410464	0.442214	0.442101	0.440226	0.398168	0.574768	0.413581	0.605549	0.563639	0.564494	0	0.407974	0.446911	0.442961	0.394546	0.396941	0.327915	0.465679	0.446644	0.423206	0.425934	0.429545	0.415347	0.47065	0.482215	0.462077	0.462065	0.461415	0.414348	0.413579	0.397705	0.549933	0.530164	0.535018	0.535624	0.368147	0.510405	0.50426	0.507184	0.504461	0.624395	0.629141	0.629323	0.59303	0.5938	0.594442	0.663794	0.657306	0.647256	0.655583	0.657849	0.655655	0.625312	0.629351	0.630166	0.626429	0.626121	0.626776	0.519676	0.499359	0.497218	0.53454	0.532477	0.535733	0.526838	0.550838	0.554931	0.523449	0.525214	0.522908	0.632887	0.637951	0.638036	0.599246	0.602419	0.596756	0.553176	0.596447	0.598924	0.554237	0.554836	0.553228	0.570644	0.582005	0.58613	0.548405	0.551166	0.554667
ERR610088-k20-n1-x5e9	0.401792	0.401649	0.396641	0.367293	0.411904	0.411093	0.446124	0.403426	0.391669	0.362681	0.361773	0.362817	0.363297	0.39425	0.530739	0.418587	0.41147	0.409728	0.407974	0	0.612192	0.261709	0.289572	0.28579	0.409594	0.316026	0.599244	0.314656	0.354014	0.351873	0.385533	0.345284	0.345346	0.342001	0.343046	0.343906	0.381803	0.382139	0.498064	0.400599	0.395835	0.398872	0.3632	0.388399	0.350607	0.345271	0.34706	0.345728	0.509942	0.508474	0.508118	0.508891	0.508825	0.508097	0.528068	0.525177	0.521338	0.524056	0.525264	0.52412	0.509689	0.506499	0.507212	0.509715	0.508535	0.507761	0.47261	0.579971	0.485223	0.459967	0.461016	0.458834	0.548797	0.493331	0.492002	0.528808	0.522661	0.524312	0.510146	0.511098	0.510719	0.509475	0.509794	0.507717	0.507254	0.482946	0.48358	0.482344	0.482988	0.483354	0.497187	0.494364	0.498595	0.505834	0.501818	0.499422
ERR610089-k20-n1-x5e9	0.751383	0.75035	0.742912	0.712352	0.75809	0.757248	0.516215	0.564163	0.585461	0.622039	0.622008	0.620077	0.576591	0.738618	0.429472	0.764372	0.719537	0.721	0.446911	0.612192	0	0.640835	0.588964	0.592187	0.491153	0.651417	0.393104	0.613682	0.599981	0.604299	0.578441	0.64881	0.660186	0.641965	0.641233	0.640747	0.587903	0.587125	0.474123	0.711674	0.693411	0.697223	0.708085	0.542275	0.686237	0.682445	0.68467	0.682507	0.758078	0.764594	0.764587	0.724386	0.725274	0.72656	0.796679	0.789964	0.779752	0.78865	0.790736	0.788528	0.758951	0.765121	0.765326	0.760173	0.760233	0.761417	0.663157	0.560191	0.63248	0.681538	0.678918	0.682995	0.626521	0.688209	0.692813	0.640623	0.64544	0.641895	0.768023	0.773791	0.773513	0.731323	0.734748	0.729027	0.676703	0.739888	0.742593	0.692986	0.692905	0.691386	0.702162	0.716583	0.718735	0.674251	0.679559	0.684634
ERR610090-k20-n1-x5e9	0.374224	0.374294	0.370383	0.348322	0.383554	0.382913	0.473676	0.427416	0.413126	0.374994	0.373825	0.375312	0.382208	0.369666	0.557376	0.388921	0.394944	0.39246	0.442961	0.261709	0.640835	0	0.301351	0.296398	0.440455	0.312106	0.627228	0.322837	0.365244	0.362321	0.399866	0.343163	0.340131	0.341856	0.343341	0.343989	0.398736	0.399448	0.523881	0.384825	0.385337	0.387582	0.345513	0.415005	0.339064	0.335297	0.336145	0.335578	0.49714	0.494178	0.493652	0.504653	0.504272	0.503112	0.509272	0.507848	0.505772	0.50659	0.507475	0.506701	0.495979	0.49118	0.491599	0.495844	0.49461	0.493375	0.48028	0.600222	0.498473	0.461615	0.463384	0.45987	0.563408	0.498597	0.496399	0.54349	0.536644	0.53862	0.494965	0.494936	0.494199	0.503764	0.503215	0.502373	0.511302	0.473911	0.474062	0.484123	0.484823	0.485654	0.495814	0.489925	0.493353	0.511255	0.506177	0.502664
ERR610091-k20-n1-x5e9	0.435605	0.433144	0.423184	0.399631	0.442829	0.441719	0.439583	0.416819	0.412631	0.382647	0.381346	0.382371	0.349704	0.418562	0.497968	0.446894	0.393748	0.394118	0.394546	0.289572	0.588964	0.301351	0	0.257686	0.390223	0.336935	0.571291	0.322889	0.314508	0.314522	0.35808	0.353916	0.361577	0.350372	0.350775	0.350366	0.374103	0.373421	0.470085	0.403893	0.394012	0.396902	0.391163	0.373283	0.371885	0.373347	0.374919	0.372819	0.521805	0.52508	0.522292	0.520601	0.520605	0.519968	0.544867	0.538905	0.532659	0.539206	0.540287	0.539188	0.518936	0.520283	0.517852	0.518221	0.517773	0.517729	0.501053	0.570211	0.50419	0.485906	0.486859	0.485668	0.537143	0.51292	0.513272	0.532933	0.526255	0.527987	0.52687	0.530801	0.528582	0.520906	0.521068	0.518505	0.496661	0.504237	0.505527	0.490349	0.488691	0.489223	0.501465	0.504512	0.503271	0.506953	0.507985	0.506739
ERR610092-k20-n1-x5e9	0.431156	0.428898	0.419093	0.395776	0.43832	0.437301	0.440887	0.416624	0.411962	0.381259	0.379787	0.381175	0.351496	0.414691	0.502306	0.442582	0.392497	0.392618	0.396941	0.28579	0.592187	0.296398	0.257686	0	0.392997	0.333775	0.575031	0.321756	0.31646	0.316331	0.359885	0.352352	0.35923	0.348654	0.349209	0.348808	0.375148	0.374669	0.473766	0.401477	0.392456	0.395153	0.387735	0.375166	0.368871	0.370085	0.371605	0.369515	0.519496	0.522381	0.519764	0.519123	0.519048	0.518515	0.541715	0.536013	0.530037	0.536295	0.537409	0.536117	0.51663	0.517738	0.515368	0.515977	0.515556	0.515433	0.499028	0.571379	0.503142	0.483322	0.484355	0.483004	0.537706	0.510704	0.510869	0.532497	0.525678	0.527258	0.523984	0.52773	0.525629	0.519217	0.519235	0.516856	0.49733	0.50139	0.502762	0.489482	0.48772	0.488354	0.50051	0.503012	0.502059	0.506446	0.50749	0.505888
ERR610075-k20-n1-x5e9	0.554548	0.553262	0.543918	0.502434	0.564345	0.563203	0.3915	0.402661	0.413368	0.43118	0.430452	0.428898	0.3453	0.530862	0.395148	0.566526	0.510922	0.512596	0.327915	0.409594	0.491153	0.440455	0.390223	0.392997	0	0.404582	0.436685	0.35949	0.355343	0.358481	0.379126	0.432529	0.444695	0.425383	0.424581	0.42397	0.364132	0.363521	0.371725	0.500395	0.478512	0.483554	0.493008	0.32843	0.465639	0.461609	0.464241	0.461319	0.579548	0.586707	0.586834	0.544126	0.544898	0.545867	0.62901	0.620531	0.607914	0.618827	0.621526	0.618827	0.58119	0.588073	0.588626	0.582356	0.582372	0.583637	0.502145	0.495493	0.480473	0.511699	0.510397	0.51322	0.518	0.540461	0.543866	0.521083	0.520699	0.520029	0.593319	0.600035	0.60003	0.55417	0.557189	0.55153	0.503272	0.557689	0.560336	0.512319	0.51171	0.510461	0.53432	0.545738	0.548677	0.514849	0.518469	0.521342
ERR610076-k20-n1-x5e9	0.370188	0.369054	0.362479	0.334031	0.380506	0.379576	0.480519	0.440308	0.427633	0.388925	0.387108	0.38853	0.345558	0.344221	0.535353	0.374613	0.354774	0.353406	0.465679	0.316026	0.651417	0.312106	0.336935	0.333775	0.404582	0	0.605122	0.26525	0.306774	0.302207	0.381001	0.326101	0.325049	0.326645	0.327153	0.327351	0.363211	0.363417	0.499559	0.348901	0.345659	0.348037	0.322184	0.390913	0.310936	0.310833	0.311555	0.310523	0.467151	0.467981	0.467636	0.469364	0.469247	0.468278	0.495891	0.491074	0.484911	0.490196	0.491589	0.490042	0.468125	0.467609	0.468107	0.468282	0.467499	0.467053	0.486567	0.598224	0.501633	0.464671	0.467126	0.46359	0.568042	0.512794	0.511007	0.554113	0.547202	0.549584	0.473933	0.476637	0.475944	0.473749	0.472926	0.472038	0.47901	0.453462	0.453971	0.459706	0.459101	0.460306	0.479256	0.473666	0.475525	0.496879	0.49255	0.488518
ERR610077-k20-n1-x5e9	0.7217	0.720512	0.711891	0.678958	0.729001	0.727925	0.510241	0.552519	0.571279	0.601631	0.601469	0.599448	0.531007	0.702872	0.395587	0.73193	0.677335	0.679319	0.446644	0.599244	0.393104	0.627228	0.571291	0.575031	0.436685	0.605122	0	0.565262	0.544722	0.549168	0.542162	0.614112	0.62637	0.607561	0.606888	0.605891	0.542941	0.542022	0.436837	0.671674	0.651464	0.655474	0.672316	0.500616	0.648861	0.64621	0.648406	0.645963	0.719905	0.728241	0.72818	0.68199	0.683069	0.684584	0.76608	0.757911	0.745875	0.756651	0.758994	0.756494	0.721048	0.729227	0.729474	0.722483	0.722745	0.72426	0.638135	0.532228	0.605731	0.654416	0.65217	0.656189	0.601617	0.669488	0.673973	0.623075	0.627051	0.6244	0.73382	0.740773	0.740675	0.69218	0.695554	0.689599	0.630747	0.7056	0.708343	0.654204	0.653557	0.651983	0.667686	0.682971	0.684144	0.639953	0.646166	0.651343
ERR610078-k20-n1-x5e9	0.407563	0.406344	0.397863	0.362191	0.418198	0.417163	0.446574	0.413894	0.40591	0.378523	0.377192	0.377458	0.319096	0.380898	0.496904	0.415091	0.378636	0.378357	0.423206	0.314656	0.613682	0.322837	0.322889	0.321756	0.35949	0.26525	0.565262	0	0.286774	0.284119	0.357043	0.328974	0.332913	0.327189	0.327135	0.327165	0.338322	0.338725	0.46111	0.369646	0.358718	0.362427	0.350926	0.355697	0.331612	0.330088	0.33171	0.329572	0.482382	0.485478	0.485329	0.472804	0.472971	0.472416	0.519453	0.513202	0.504182	0.511875	0.513763	0.51172	0.48326	0.485441	0.485891	0.483906	0.483365	0.483509	0.474493	0.567502	0.482067	0.459416	0.460894	0.459368	0.54575	0.50587	0.505177	0.535298	0.52944	0.531144	0.491754	0.495953	0.495471	0.478648	0.479043	0.47675	0.468861	0.466252	0.467587	0.456784	0.456251	0.456932	0.477306	0.476325	0.478492	0.486328	0.483636	0.481202
ERR610079-k20-n1-x5e9	0.445527	0.442478	0.430569	0.40292	0.453154	0.451835	0.45289	0.438865	0.437274	0.408162	0.40669	0.407438	0.322796	0.412653	0.473216	0.448008	0.371119	0.373423	0.425934	0.354014	0.599981	0.365244	0.314508	0.31646	0.355343	0.306774	0.544722	0.286774	0	0.257935	0.345607	0.352756	0.362726	0.350716	0.350446	0.349255	0.347076	0.346534	0.444476	0.385775	0.37112	0.374157	0.387978	0.356256	0.365198	0.369476	0.370757	0.368207	0.502297	0.509367	0.506902	0.494269	0.49455	0.494098	0.541534	0.532899	0.522576	0.533155	0.534799	0.532803	0.501038	0.506881	0.504322	0.500856	0.500787	0.501716	0.510918	0.567115	0.510334	0.493349	0.494626	0.493737	0.542313	0.532052	0.53267	0.547366	0.540638	0.542617	0.515608	0.522162	0.519947	0.49966	0.499687	0.497016	0.467893	0.49446	0.496419	0.473704	0.470842	0.471559	0.491601	0.495877	0.493273	0.497435	0.499907	0.498528
ERR610080-k20-n1-x5e9	0.440742	0.437746	0.425863	0.398457	0.448671	0.447317	0.45552	0.440049	0.437588	0.407362	0.405654	0.406533	0.323175	0.407851	0.47727	0.44354	0.367719	0.369615	0.429545	0.351873	0.604299	0.362321	0.314522	0.316331	0.358481	0.302207	0.549168	0.284119	0.257935	0	0.346794	0.349722	0.359536	0.347739	0.347591	0.346458	0.346871	0.346397	0.447939	0.381612	0.367261	0.370185	0.383105	0.35831	0.360395	0.365087	0.366205	0.363655	0.499194	0.50622	0.503734	0.491431	0.491595	0.491191	0.538325	0.529768	0.519481	0.529889	0.531531	0.529528	0.497963	0.503594	0.501213	0.497778	0.497781	0.4985	0.509818	0.569492	0.510188	0.491545	0.492928	0.491937	0.544281	0.531565	0.532016	0.548683	0.541836	0.543767	0.512193	0.518755	0.516593	0.496828	0.49676	0.494054	0.467272	0.491253	0.493369	0.471965	0.469305	0.469911	0.490188	0.4938	0.491084	0.49694	0.499188	0.497434
ERR608925-k20-n1-x5e9	0.468365	0.465397	0.452083	0.426867	0.475518	0.474387	0.409303	0.407908	0.410791	0.392733	0.391982	0.3918	0.326	0.439232	0.448719	0.473185	0.408186	0.410094	0.415347	0.385533	0.578441	0.399866	0.35808	0.359885	0.379126	0.381001	0.542162	0.357043	0.345607	0.346794	0	0.30956	0.323461	0.306411	0.305722	0.30446	0.349589	0.349674	0.416992	0.404846	0.388585	0.391424	0.418314	0.354314	0.393708	0.398451	0.399635	0.397803	0.500748	0.509188	0.507089	0.488727	0.489103	0.489401	0.5567	0.548306	0.536362	0.547132	0.549318	0.546833	0.496193	0.503393	0.501311	0.497426	0.497568	0.498741	0.501318	0.538385	0.493837	0.48943	0.489958	0.490091	0.52764	0.532027	0.533371	0.540118	0.537027	0.538582	0.510411	0.517999	0.516063	0.489583	0.490335	0.487178	0.475378	0.512841	0.514817	0.490545	0.490832	0.49136	0.472795	0.481845	0.478461	0.473069	0.474929	0.475202
ERR608926-k20-n1-x5e9	0.378124	0.3762	0.366525	0.344593	0.386973	0.385975	0.453495	0.416189	0.404473	0.364341	0.363163	0.36433	0.340917	0.352682	0.523545	0.382418	0.351607	0.351215	0.47065	0.345284	0.64881	0.343163	0.353916	0.352352	0.432529	0.326101	0.614112	0.328974	0.352756	0.349722	0.30956	0	0.254184	0.254202	0.254519	0.254804	0.361533	0.362197	0.487861	0.345568	0.340862	0.342633	0.33683	0.388967	0.322904	0.326343	0.326883	0.325972	0.45156	0.454152	0.452909	0.45512	0.454807	0.454171	0.497281	0.492126	0.484615	0.490647	0.492353	0.49044	0.448978	0.449995	0.449517	0.449479	0.448988	0.448797	0.480934	0.583348	0.492505	0.459826	0.461562	0.458697	0.557064	0.512758	0.511475	0.549399	0.543966	0.546655	0.45421	0.458076	0.457053	0.452804	0.452139	0.451455	0.475927	0.462238	0.46286	0.465856	0.466765	0.468036	0.451993	0.449493	0.448921	0.470065	0.465493	0.462112
ERR608927-k20-n1-x5e9	0.367073	0.36559	0.357387	0.336007	0.37616	0.375374	0.463445	0.421699	0.407434	0.365151	0.364346	0.365441	0.350582	0.343809	0.536792	0.37167	0.351453	0.350719	0.482215	0.345346	0.660186	0.340131	0.361577	0.35923	0.444695	0.325049	0.62637	0.332913	0.362726	0.359536	0.323461	0.254184	0	0.256543	0.256601	0.257326	0.370342	0.371376	0.501539	0.344457	0.342428	0.343961	0.32938	0.39981	0.31865	0.320909	0.321221	0.320954	0.448585	0.449681	0.44877	0.454175	0.45401	0.453318	0.491908	0.487577	0.481362	0.486149	0.487596	0.485795	0.446915	0.446352	0.44656	0.4473	0.44654	0.446119	0.480348	0.592427	0.495589	0.458522	0.46047	0.457042	0.565008	0.513236	0.51129	0.554193	0.54866	0.551237	0.449699	0.452453	0.451717	0.451893	0.451109	0.450703	0.481068	0.457713	0.458172	0.466597	0.467828	0.468884	0.454068	0.449216	0.449593	0.4742	0.468767	0.464977
ERR608928-k20-n1-x5e9	0.383249	0.381468	0.371922	0.347748	0.392125	0.391109	0.444195	0.406847	0.395494	0.357547	0.356161	0.357271	0.336414	0.358075	0.51755	0.388469	0.35709	0.35671	0.462077	0.342001	0.641965	0.341856	0.350372	0.348654	0.425383	0.326645	0.607561	0.327189	0.350716	0.347739	0.306411	0.254202	0.256543	0	0.252786	0.252737	0.357672	0.358349	0.482287	0.35052	0.344835	0.346867	0.339442	0.381722	0.324726	0.327155	0.327672	0.326812	0.455415	0.457979	0.456795	0.456333	0.456253	0.455629	0.501289	0.496032	0.488664	0.494707	0.496372	0.49449	0.453376	0.454383	0.45406	0.453765	0.453167	0.452901	0.476809	0.577301	0.487354	0.45699	0.458584	0.455861	0.552363	0.508848	0.507556	0.543725	0.53823	0.540786	0.458069	0.462	0.4609	0.454291	0.453998	0.452845	0.474744	0.462582	0.463341	0.463766	0.464769	0.465913	0.452134	0.450053	0.449939	0.467903	0.463949	0.460804
ERR608929-k20-n1-x5e9	0.384615	0.382846	0.373081	0.348878	0.393432	0.392347	0.44414	0.407468	0.39617	0.358362	0.357202	0.357975	0.335614	0.359019	0.516563	0.389333	0.357178	0.356879	0.462065	0.343046	0.641233	0.343341	0.350775	0.349209	0.424581	0.327153	0.606888	0.327135	0.350446	0.347591	0.305722	0.254519	0.256601	0.252786	0	0.253006	0.357258	0.357794	0.481409	0.350751	0.345232	0.347057	0.340217	0.380621	0.32527	0.327611	0.328178	0.327331	0.4552	0.458005	0.456861	0.455745	0.455608	0.45499	0.501272	0.495886	0.4884	0.494524	0.496366	0.494374	0.45298	0.454328	0.453945	0.453466	0.452793	0.452737	0.476788	0.576682	0.487218	0.457355	0.458851	0.456152	0.551593	0.508981	0.507697	0.543281	0.537948	0.540434	0.458207	0.462241	0.461038	0.453546	0.453555	0.452343	0.473866	0.462798	0.463496	0.463614	0.464505	0.465491	0.451335	0.449632	0.44934	0.467103	0.463108	0.46007
ERR608930-k20-n1-x5e9	0.384761	0.382874	0.373122	0.349481	0.393657	0.392607	0.443586	0.40724	0.39649	0.358498	0.357456	0.358365	0.335331	0.359401	0.515679	0.389852	0.356623	0.356398	0.461415	0.343906	0.640747	0.343989	0.350366	0.348808	0.42397	0.327351	0.605891	0.327165	0.349255	0.346458	0.30446	0.254804	0.257326	0.252737	0.253006	0	0.357245	0.35799	0.480685	0.350977	0.344955	0.347028	0.340649	0.380531	0.325843	0.328512	0.329007	0.328096	0.455952	0.458693	0.457549	0.456738	0.456551	0.456072	0.502607	0.497094	0.489564	0.495824	0.497546	0.495645	0.454059	0.455431	0.455063	0.45453	0.453819	0.453894	0.477796	0.576244	0.487999	0.458315	0.459841	0.457334	0.551831	0.50995	0.508764	0.543739	0.53842	0.540997	0.459132	0.463179	0.462009	0.454709	0.454461	0.453128	0.474562	0.464063	0.464853	0.464515	0.465548	0.466459	0.452289	0.45061	0.450307	0.467661	0.4638	0.460977
ERR609333-k20-n1-x5e9	0.466616	0.464675	0.453524	0.416931	0.47661	0.475316	0.434288	0.420342	0.420152	0.408742	0.407805	0.407411	0.305046	0.429853	0.451623	0.469951	0.410014	0.41123	0.414348	0.381803	0.587903	0.398736	0.374103	0.375148	0.364132	0.363211	0.542941	0.338322	0.347076	0.346871	0.349589	0.361533	0.370342	0.357672	0.357258	0.357245	0	0.25728	0.367655	0.356143	0.332845	0.338222	0.402137	0.32962	0.376446	0.377013	0.379053	0.376888	0.496924	0.50452	0.504489	0.47461	0.475075	0.475309	0.542554	0.533	0.51898	0.530995	0.53402	0.530848	0.497994	0.505293	0.505884	0.499606	0.499484	0.500741	0.492326	0.544932	0.487567	0.485307	0.485845	0.485511	0.538266	0.52909	0.529836	0.539765	0.536502	0.537807	0.51096	0.518285	0.517798	0.48275	0.483861	0.480814	0.434372	0.472488	0.474993	0.441536	0.441359	0.441105	0.483	0.488696	0.488383	0.483178	0.483661	0.483198
ERR609334-k20-n1-x5e9	0.468254	0.466122	0.455135	0.418246	0.478048	0.476737	0.434107	0.42046	0.420143	0.408702	0.407756	0.407402	0.304765	0.430812	0.45081	0.471223	0.410627	0.411791	0.413579	0.382139	0.587125	0.399448	0.373421	0.374669	0.363521	0.363417	0.542022	0.338725	0.346534	0.346397	0.349674	0.362197	0.371376	0.358349	0.357794	0.35799	0.25728	0	0.36674	0.357402	0.334221	0.33926	0.402479	0.328891	0.377013	0.377464	0.37956	0.377161	0.498688	0.506189	0.506159	0.476268	0.476698	0.477036	0.54354	0.533889	0.520096	0.532177	0.535192	0.532001	0.49944	0.506652	0.507218	0.500789	0.500833	0.502087	0.49365	0.545371	0.488801	0.486606	0.487051	0.486603	0.538485	0.529644	0.530314	0.540079	0.536718	0.537984	0.512498	0.519939	0.519378	0.484296	0.485465	0.482204	0.434943	0.473469	0.475924	0.442412	0.442333	0.44174	0.484062	0.489537	0.489475	0.484362	0.484635	0.48419
ERR609335-k20-n1-x5e9	0.606983	0.604948	0.593799	0.559827	0.614923	0.613742	0.440685	0.47329	0.487901	0.504124	0.503554	0.502154	0.400073	0.575631	0.369438	0.611224	0.544571	0.546906	0.397705	0.498064	0.474123	0.523881	0.470085	0.473766	0.371725	0.499559	0.436837	0.46111	0.444476	0.447939	0.416992	0.487861	0.501539	0.482287	0.481409	0.480685	0.367655	0.36674	0	0.509106	0.484187	0.489033	0.546566	0.381228	0.519388	0.519348	0.521625	0.51934	0.60589	0.615836	0.61539	0.571888	0.572876	0.573858	0.654785	0.644928	0.62995	0.643065	0.646055	0.642909	0.605748	0.615829	0.615621	0.607652	0.608106	0.609797	0.561909	0.515816	0.536859	0.5687	0.567443	0.570049	0.551815	0.594994	0.598408	0.571499	0.572472	0.571845	0.621881	0.630356	0.629821	0.581582	0.584312	0.57947	0.506243	0.585998	0.589114	0.535156	0.534704	0.533456	0.565619	0.579855	0.578839	0.547558	0.552605	0.556049
ERR609336-k20-n1-x5e9	0.366035	0.362496	0.351291	0.349952	0.366952	0.366036	0.547448	0.514407	0.502211	0.452188	0.450839	0.452503	0.388815	0.322869	0.57674	0.350158	0.313065	0.312132	0.549933	0.400599	0.711674	0.384825	0.403893	0.401477	0.500395	0.348901	0.671674	0.369646	0.385775	0.381612	0.404846	0.345568	0.344457	0.35052	0.350751	0.350977	0.356143	0.357402	0.509106	0	0.24927	0.248458	0.337309	0.4505	0.331246	0.34307	0.341809	0.34191	0.440925	0.44474	0.44194	0.464299	0.463822	0.462545	0.464559	0.45846	0.450479	0.457681	0.458887	0.457365	0.435439	0.437979	0.435985	0.43555	0.435643	0.435662	0.543444	0.645776	0.55951	0.510427	0.514023	0.509201	0.607915	0.563308	0.560856	0.608393	0.601933	0.605146	0.448451	0.453116	0.450537	0.464594	0.461826	0.463978	0.469861	0.44745	0.447777	0.467311	0.466789	0.469103	0.483616	0.47788	0.471942	0.514394	0.510389	0.505625
ERR609337-k20-n1-x5e9	0.382536	0.378938	0.366627	0.357777	0.384379	0.383335	0.530866	0.501353	0.490928	0.445175	0.443895	0.445259	0.369165	0.338378	0.55522	0.370885	0.320156	0.319966	0.530164	0.395835	0.693411	0.385337	0.394012	0.392456	0.478512	0.345659	0.651464	0.358718	0.37112	0.367261	0.388585	0.340862	0.342428	0.344835	0.345232	0.344955	0.332845	0.334221	0.484187	0.24927	0	0.246855	0.344885	0.429765	0.333336	0.344361	0.343844	0.343152	0.443657	0.44937	0.446907	0.458698	0.458511	0.457478	0.475032	0.467452	0.457118	0.466392	0.468062	0.466043	0.438784	0.443402	0.441748	0.439374	0.439532	0.44004	0.534809	0.629257	0.54767	0.504146	0.507475	0.50326	0.595958	0.558639	0.556765	0.598335	0.59238	0.595256	0.453568	0.459623	0.457226	0.460262	0.457957	0.459409	0.455573	0.447061	0.448207	0.457457	0.456941	0.459206	0.478071	0.474995	0.469153	0.505262	0.50251	0.498086
ERR609338-k20-n1-x5e9	0.380813	0.377078	0.36484	0.357814	0.382446	0.381306	0.535083	0.505738	0.495188	0.448411	0.447209	0.448719	0.373383	0.336713	0.559135	0.368511	0.318392	0.318153	0.535018	0.398872	0.697223	0.387582	0.396902	0.395153	0.483554	0.348037	0.655474	0.362427	0.374157	0.370185	0.391424	0.342633	0.343961	0.346867	0.347057	0.347028	0.338222	0.33926	0.489033	0.248458	0.246855	0	0.345052	0.434578	0.334519	0.34598	0.345266	0.344795	0.444106	0.449552	0.44697	0.461045	0.46056	0.459598	0.474338	0.4669	0.45705	0.466142	0.467746	0.465692	0.438976	0.443384	0.441484	0.439455	0.439601	0.440077	0.5392	0.633514	0.552186	0.507969	0.511264	0.507039	0.599393	0.562053	0.560113	0.60216	0.596136	0.599102	0.453884	0.459729	0.457263	0.462261	0.45985	0.461446	0.458759	0.449292	0.450077	0.461073	0.460416	0.462602	0.480614	0.477055	0.470869	0.508303	0.505539	0.501011
ERR605435-k20-n1-x5e9	0.336356	0.335727	0.333326	0.319759	0.345425	0.344785	0.522132	0.475044	0.45774	0.405887	0.404135	0.406227	0.391073	0.305987	0.586441	0.32511	0.335369	0.332455	0.535624	0.3632	0.708085	0.345513	0.391163	0.387735	0.493008	0.322184	0.672316	0.350926	0.387978	0.383105	0.418314	0.33683	0.32938	0.339442	0.340217	0.340649	0.402137	0.402479	0.546566	0.337309	0.344885	0.345052	0	0.41241	0.251419	0.252927	0.251985	0.252446	0.456697	0.453795	0.452789	0.473998	0.473664	0.471997	0.46077	0.458652	0.457623	0.458863	0.459642	0.458625	0.458589	0.453679	0.45389	0.457412	0.456303	0.45499	0.510445	0.638994	0.533518	0.482342	0.485428	0.480275	0.593766	0.521683	0.518365	0.576225	0.567818	0.570934	0.457825	0.457755	0.456505	0.474658	0.472498	0.473661	0.486145	0.432518	0.43208	0.457928	0.457582	0.459271	0.486305	0.474872	0.476523	0.514024	0.507575	0.502115
