	ERR608317-k20-n1-x5e9	ERR608318-k20-n1-x5e9	ERR608319-k20-n1-x5e9	ERR608320-k20-n1-x5e9	ERR608321-k20-n1-x5e9	ERR608322-k20-n1-x5e9	ERR609057-k20-n1-x5e9	ERR609058-k20-n1-x5e9	ERR609059-k20-n1-x5e9	ERR609060-k20-n1-x5e9	ERR609061-k20-n1-x5e9	ERR609062-k20-n1-x5e9	ERR607427-k20-n1-x5e9	ERR607428-k20-n1-x5e9	ERR607429-k20-n1-x5e9	ERR607430-k20-n1-x5e9	ERR607431-k20-n1-x5e9	ERR607432-k20-n1-x5e9	ERR607811-k20-n1-x5e9	ERR607812-k20-n1-x5e9	ERR607813-k20-n1-x5e9	ERR607814-k20-n1-x5e9	ERR607815-k20-n1-x5e9	ERR607816-k20-n1-x5e9	ERR609327-k20-n1-x5e9	ERR609328-k20-n1-x5e9	ERR609329-k20-n1-x5e9	ERR609330-k20-n1-x5e9	ERR609331-k20-n1-x5e9	ERR609332-k20-n1-x5e9	ERR607451-k20-n1-x5e9	ERR607452-k20-n1-x5e9	ERR607453-k20-n1-x5e9	ERR607454-k20-n1-x5e9	ERR607455-k20-n1-x5e9	ERR607456-k20-n1-x5e9	ERR606710-k20-n1-x5e9	ERR606711-k20-n1-x5e9	ERR606712-k20-n1-x5e9	ERR606713-k20-n1-x5e9	ERR606714-k20-n1-x5e9	ERR606715-k20-n1-x5e9	ERR607373-k20-n1-x5e9	ERR607374-k20-n1-x5e9	ERR607375-k20-n1-x5e9	ERR607376-k20-n1-x5e9	ERR607377-k20-n1-x5e9	ERR607378-k20-n1-x5e9	ERR608707-k20-n1-x5e9	ERR608708-k20-n1-x5e9	ERR608709-k20-n1-x5e9	ERR608710-k20-n1-x5e9	ERR608711-k20-n1-x5e9	ERR608712-k20-n1-x5e9	ERR608439-k20-n1-x5e9	ERR608440-k20-n1-x5e9	ERR608441-k20-n1-x5e9	ERR608442-k20-n1-x5e9	ERR608443-k20-n1-x5e9	ERR608444-k20-n1-x5e9	ERR605934-k20-n1-x5e9	ERR605935-k20-n1-x5e9	ERR605936-k20-n1-x5e9	ERR605937-k20-n1-x5e9	ERR605938-k20-n1-x5e9	ERR605939-k20-n1-x5e9	ERR605940-k20-n1-x5e9	ERR605941-k20-n1-x5e9	ERR605942-k20-n1-x5e9	ERR605943-k20-n1-x5e9	ERR605944-k20-n1-x5e9	ERR605945-k20-n1-x5e9	ERR608057-k20-n1-x5e9	ERR608058-k20-n1-x5e9	ERR608059-k20-n1-x5e9	ERR608060-k20-n1-x5e9	ERR608061-k20-n1-x5e9	ERR608062-k20-n1-x5e9	ERR608603-k20-n1-x5e9	ERR608604-k20-n1-x5e9	ERR608605-k20-n1-x5e9	ERR608606-k20-n1-x5e9	ERR608607-k20-n1-x5e9	ERR608608-k20-n1-x5e9	ERR607415-k20-n1-x5e9	ERR607416-k20-n1-x5e9	ERR607417-k20-n1-x5e9	ERR607418-k20-n1-x5e9	ERR607419-k20-n1-x5e9	ERR607420-k20-n1-x5e9	ERR607805-k20-n1-x5e9	ERR607806-k20-n1-x5e9	ERR607807-k20-n1-x5e9	ERR607808-k20-n1-x5e9	ERR607809-k20-n1-x5e9	ERR607810-k20-n1-x5e9
ERR608317-k20-n1-x5e9	0	0.407658	0.361075	0.409332	0.377029	0.390893	0.48226	0.368573	0.471863	0.494649	0.496028	0.489077	0.499976	0.504838	0.494238	0.548108	0.545731	0.546614	0.383733	0.394154	0.3752	0.529843	0.526371	0.525219	0.413906	0.413212	0.379184	0.478809	0.475395	0.463403	0.417764	0.466385	0.476758	0.460545	0.460249	0.46083	0.512429	0.526905	0.515068	0.491687	0.538374	0.531433	0.453345	0.526948	0.539327	0.526325	0.524698	0.525021	0.538307	0.554911	0.569583	0.561459	0.561161	0.555469	0.52827	0.53933	0.553039	0.553084	0.557494	0.54069	0.525973	0.587169	0.589754	0.538607	0.53866	0.537223	0.550669	0.566955	0.570506	0.544145	0.545963	0.544495	0.963978	0.974772	0.978804	0.977746	0.976944	0.977493	0.546961	0.55915	0.560542	0.466166	0.471441	0.465041	0.476578	0.482347	0.475801	0.540653	0.538436	0.53837	0.568456	0.582243	0.589546	0.539201	0.540667	0.542946
ERR608318-k20-n1-x5e9	0.407658	0	0.277698	0.260722	0.27002	0.264186	0.345801	0.396974	0.350932	0.346715	0.348035	0.349981	0.368279	0.368616	0.362071	0.385848	0.383858	0.384531	0.3391	0.331431	0.343937	0.354202	0.35122	0.351088	0.361765	0.36366	0.474032	0.374576	0.373246	0.376546	0.388671	0.34242	0.340282	0.340028	0.339596	0.340816	0.549196	0.402588	0.39916	0.405548	0.4131	0.410974	0.359993	0.361904	0.368334	0.360083	0.359196	0.359957	0.500277	0.473903	0.473176	0.469921	0.471492	0.474463	0.489582	0.464861	0.462399	0.460126	0.461678	0.465533	0.485266	0.477671	0.478266	0.474652	0.475241	0.475947	0.560065	0.50551	0.504744	0.536859	0.531993	0.533594	0.947986	0.944504	0.944694	0.945684	0.944841	0.945089	0.379953	0.387892	0.390076	0.344345	0.345472	0.344658	0.344185	0.344067	0.33966	0.371073	0.369178	0.369102	0.459716	0.460454	0.469067	0.450689	0.447929	0.448501
ERR608319-k20-n1-x5e9	0.361075	0.277698	0	0.280538	0.271321	0.273653	0.3736	0.369064	0.373976	0.378931	0.380838	0.380265	0.398088	0.400068	0.390865	0.428588	0.426518	0.427091	0.325131	0.322367	0.324649	0.398764	0.395289	0.394541	0.355868	0.357001	0.440034	0.394034	0.391484	0.389058	0.381641	0.364281	0.366421	0.359842	0.359573	0.36063	0.535729	0.430941	0.423803	0.419234	0.443448	0.439119	0.373735	0.403316	0.411908	0.401726	0.400596	0.401112	0.503208	0.489183	0.493922	0.487958	0.489176	0.489895	0.491775	0.477044	0.480276	0.478241	0.48121	0.478441	0.483901	0.49779	0.499312	0.477933	0.478545	0.478409	0.54646	0.509326	0.509608	0.52465	0.521616	0.522188	0.950569	0.950682	0.951935	0.952374	0.951594	0.951923	0.421127	0.430721	0.433698	0.361093	0.364563	0.360686	0.370238	0.37245	0.365974	0.414658	0.41232	0.412391	0.483694	0.48864	0.498165	0.465824	0.463816	0.465263
ERR608320-k20-n1-x5e9	0.409332	0.260722	0.280538	0	0.267111	0.261225	0.339638	0.393429	0.343703	0.340706	0.341829	0.34247	0.360645	0.360934	0.354745	0.37877	0.376843	0.377308	0.33587	0.32855	0.341835	0.34842	0.345705	0.345578	0.357287	0.359195	0.471011	0.366241	0.365442	0.368825	0.382696	0.337008	0.335396	0.334309	0.334424	0.335168	0.54389	0.394885	0.391519	0.398018	0.404865	0.402778	0.352307	0.355647	0.36237	0.353966	0.352839	0.353519	0.494343	0.468451	0.467746	0.464796	0.466441	0.468568	0.483446	0.458934	0.45653	0.454272	0.455756	0.459177	0.480781	0.474372	0.475087	0.471421	0.471351	0.472195	0.556591	0.502847	0.501953	0.534491	0.529353	0.531003	0.945523	0.942435	0.942775	0.943702	0.942679	0.943048	0.374984	0.383379	0.385117	0.34094	0.341664	0.340937	0.337931	0.337636	0.334145	0.365182	0.363149	0.36335	0.453867	0.455163	0.463038	0.44522	0.443582	0.444091
ERR608321-k20-n1-x5e9	0.377029	0.27002	0.271321	0.267111	0	0.262754	0.350289	0.367153	0.349156	0.355379	0.356994	0.35411	0.370364	0.372602	0.364532	0.400509	0.398463	0.399013	0.319919	0.316418	0.323035	0.374178	0.370983	0.370637	0.343946	0.345523	0.440877	0.367788	0.366154	0.365091	0.366167	0.343293	0.346069	0.339903	0.339471	0.340449	0.523792	0.404022	0.397628	0.395503	0.414267	0.410628	0.349436	0.377607	0.387285	0.376298	0.37504	0.37539	0.488458	0.472693	0.476141	0.471837	0.473123	0.472908	0.476851	0.46098	0.46309	0.461541	0.463822	0.461699	0.475576	0.488094	0.489557	0.472515	0.472012	0.47235	0.543322	0.504622	0.504688	0.524873	0.520555	0.521645	0.944134	0.944405	0.945765	0.946205	0.945148	0.945508	0.399826	0.410249	0.411506	0.349254	0.351442	0.348872	0.346328	0.348539	0.343873	0.388828	0.386782	0.386952	0.465132	0.470166	0.477638	0.451095	0.450238	0.451453
ERR608322-k20-n1-x5e9	0.390893	0.264186	0.273653	0.261225	0.262754	0	0.344407	0.378089	0.345233	0.347988	0.349124	0.347924	0.3645	0.365776	0.358552	0.38991	0.387955	0.388323	0.325688	0.320194	0.330146	0.361925	0.359016	0.358714	0.348306	0.35031	0.453766	0.36552	0.364389	0.365106	0.371857	0.338849	0.339879	0.335678	0.335447	0.336201	0.531633	0.398669	0.393467	0.395124	0.408943	0.405893	0.34933	0.367124	0.375996	0.365627	0.364531	0.365203	0.489597	0.469489	0.471219	0.467342	0.468612	0.469526	0.478123	0.458767	0.458709	0.457072	0.458865	0.459006	0.476414	0.481154	0.482416	0.470804	0.470611	0.471066	0.547755	0.502438	0.501977	0.527643	0.523048	0.524391	0.944221	0.943051	0.944005	0.944653	0.943642	0.944004	0.388068	0.39768	0.399107	0.344172	0.345574	0.34384	0.34119	0.342624	0.338241	0.377762	0.375624	0.375985	0.45884	0.462525	0.470182	0.44707	0.445943	0.446843
ERR609057-k20-n1-x5e9	0.48226	0.345801	0.3736	0.339638	0.350289	0.344407	0	0.364118	0.252215	0.249496	0.248474	0.248815	0.297976	0.298508	0.295621	0.316159	0.314676	0.314647	0.360884	0.352639	0.37105	0.332064	0.330763	0.330009	0.342741	0.344994	0.476699	0.324077	0.325018	0.332964	0.384282	0.331702	0.329234	0.332445	0.330788	0.331129	0.512378	0.325793	0.325976	0.341766	0.332632	0.332359	0.327225	0.316964	0.323571	0.316583	0.31544	0.315656	0.4691	0.436526	0.43183	0.434123	0.434674	0.437519	0.459274	0.429863	0.422594	0.422859	0.42255	0.430622	0.492244	0.482131	0.482479	0.489544	0.489048	0.490036	0.576051	0.52457	0.522792	0.561951	0.55591	0.558464	0.931295	0.930395	0.93114	0.932146	0.930756	0.931211	0.354404	0.363041	0.36153	0.351665	0.349747	0.351872	0.306261	0.305491	0.305293	0.320834	0.319655	0.319852	0.427711	0.428392	0.431381	0.431044	0.430706	0.430638
ERR609058-k20-n1-x5e9	0.368573	0.396974	0.369064	0.393429	0.367153	0.378089	0.364118	0	0.347607	0.380587	0.381291	0.370366	0.397928	0.404268	0.393664	0.455847	0.453732	0.454214	0.337514	0.345913	0.335417	0.46349	0.460405	0.458886	0.330264	0.329387	0.354908	0.38195	0.379722	0.367483	0.358025	0.400716	0.412076	0.396362	0.394852	0.395142	0.444159	0.418786	0.406007	0.381691	0.428529	0.421039	0.369988	0.4478	0.461982	0.447423	0.445851	0.445812	0.469464	0.483406	0.496433	0.491617	0.490615	0.484388	0.456933	0.467415	0.479134	0.481365	0.485038	0.4689	0.486432	0.547493	0.550206	0.505304	0.503612	0.503138	0.531135	0.541667	0.544052	0.531961	0.530493	0.531056	0.935123	0.948492	0.952908	0.95181	0.950489	0.951273	0.481071	0.494716	0.493988	0.412923	0.416798	0.412077	0.391501	0.398361	0.39332	0.458476	0.456417	0.456297	0.502446	0.51684	0.520879	0.479528	0.483101	0.485254
ERR609059-k20-n1-x5e9	0.471863	0.350932	0.373976	0.343703	0.349156	0.345233	0.252215	0.347607	0	0.259359	0.258082	0.252361	0.293496	0.295783	0.292693	0.322929	0.321469	0.321801	0.352623	0.346739	0.363385	0.343701	0.342322	0.341113	0.332507	0.334491	0.458591	0.314637	0.315165	0.320384	0.367588	0.330442	0.331947	0.331038	0.329383	0.329065	0.490164	0.321431	0.319517	0.328599	0.326757	0.325458	0.315687	0.326316	0.336039	0.326301	0.325128	0.32497	0.457041	0.432389	0.43059	0.432516	0.432815	0.433244	0.446514	0.423867	0.41966	0.420778	0.420966	0.42446	0.486354	0.491721	0.4928	0.491775	0.490363	0.491613	0.56661	0.527045	0.526011	0.558593	0.552817	0.555268	0.926705	0.928885	0.930549	0.931065	0.92956	0.930139	0.366695	0.377034	0.374643	0.356895	0.35546	0.356924	0.306064	0.307123	0.30724	0.332244	0.330788	0.330892	0.427112	0.431335	0.43264	0.428327	0.429643	0.42978
ERR609060-k20-n1-x5e9	0.494649	0.346715	0.378931	0.340706	0.355379	0.347988	0.249496	0.380587	0.259359	0	0.244464	0.248548	0.302715	0.302119	0.299837	0.311961	0.310693	0.310571	0.370589	0.361085	0.380973	0.324188	0.323132	0.322706	0.353297	0.355691	0.491522	0.330945	0.331864	0.341667	0.396305	0.33458	0.329569	0.335381	0.334301	0.334397	0.5267	0.328569	0.330279	0.350717	0.335435	0.336473	0.335844	0.311493	0.315481	0.310196	0.30945	0.309773	0.477555	0.440685	0.43371	0.436093	0.437171	0.441492	0.468414	0.435205	0.425922	0.425253	0.424764	0.435774	0.495858	0.475315	0.47533	0.488927	0.488618	0.489686	0.582554	0.523528	0.521271	0.565432	0.559087	0.561457	0.934525	0.931724	0.931825	0.933104	0.931689	0.932118	0.346759	0.353315	0.35249	0.35192	0.349117	0.351842	0.308631	0.306738	0.306338	0.313371	0.312189	0.312229	0.42814	0.426075	0.429952	0.43343	0.432359	0.431972
ERR609061-k20-n1-x5e9	0.496028	0.348035	0.380838	0.341829	0.356994	0.349124	0.248474	0.381291	0.258082	0.244464	0	0.247631	0.300524	0.299838	0.298188	0.309771	0.308421	0.308356	0.372074	0.362399	0.382688	0.323936	0.322983	0.322586	0.353849	0.356136	0.492215	0.329795	0.330782	0.340943	0.396403	0.334729	0.330158	0.335964	0.334592	0.334763	0.525367	0.326912	0.328766	0.349217	0.333275	0.334573	0.335156	0.310976	0.315128	0.309786	0.309178	0.309447	0.47622	0.439512	0.432382	0.435026	0.436	0.440362	0.46736	0.434444	0.42486	0.42437	0.423798	0.434986	0.49661	0.47686	0.476944	0.490663	0.489913	0.491274	0.583005	0.52486	0.522509	0.566732	0.560353	0.56286	0.933849	0.931178	0.931288	0.932529	0.931185	0.931595	0.346582	0.353321	0.352249	0.352833	0.350322	0.352983	0.308524	0.306549	0.306465	0.312729	0.31157	0.3118	0.426642	0.424802	0.428299	0.432676	0.431485	0.431025
ERR609062-k20-n1-x5e9	0.489077	0.349981	0.380265	0.34247	0.35411	0.347924	0.248815	0.370366	0.252361	0.248548	0.247631	0	0.29577	0.296053	0.294052	0.312425	0.31125	0.311299	0.364995	0.35667	0.376101	0.329354	0.32835	0.327749	0.346402	0.348419	0.480718	0.321138	0.322386	0.330598	0.3844	0.331841	0.32997	0.332624	0.331269	0.331038	0.511443	0.322087	0.32261	0.339102	0.327305	0.327398	0.325083	0.314568	0.321624	0.313857	0.312766	0.312651	0.468661	0.436789	0.431572	0.434267	0.434899	0.437038	0.459156	0.430344	0.422811	0.423118	0.422709	0.430372	0.492105	0.482519	0.482992	0.490737	0.489494	0.490795	0.5767	0.52591	0.524125	0.563897	0.557539	0.560072	0.930991	0.930278	0.931007	0.931923	0.930349	0.930846	0.35322	0.361817	0.359619	0.354569	0.352355	0.35435	0.305286	0.304744	0.305387	0.318001	0.316923	0.317251	0.425659	0.4265	0.428443	0.430457	0.430634	0.43055
ERR607427-k20-n1-x5e9	0.499976	0.368279	0.398088	0.360645	0.370364	0.3645	0.297976	0.397928	0.293496	0.302715	0.300524	0.29577	0	0.241383	0.242368	0.263544	0.262438	0.262938	0.375067	0.367653	0.387882	0.338306	0.337555	0.336186	0.354541	0.357024	0.482191	0.318035	0.319971	0.327436	0.373035	0.329012	0.329621	0.330847	0.329798	0.328638	0.496713	0.322364	0.323179	0.336585	0.32416	0.324424	0.296845	0.296961	0.306346	0.298348	0.297256	0.29718	0.445145	0.413578	0.408368	0.412663	0.41288	0.414279	0.431449	0.404176	0.396391	0.397907	0.396859	0.404212	0.487908	0.489894	0.490537	0.496153	0.495173	0.497123	0.570657	0.528761	0.527332	0.565858	0.560435	0.563147	0.918688	0.919619	0.920985	0.921483	0.920292	0.920809	0.350746	0.360773	0.356756	0.356549	0.353814	0.356499	0.300443	0.300126	0.303596	0.314893	0.314201	0.313827	0.402071	0.405923	0.404359	0.410408	0.411052	0.411126
ERR607428-k20-n1-x5e9	0.504838	0.368616	0.400068	0.360934	0.372602	0.365776	0.298508	0.404268	0.295783	0.302119	0.299838	0.296053	0.241383	0	0.242668	0.258349	0.257407	0.25786	0.379056	0.371196	0.391776	0.334605	0.333986	0.333103	0.358885	0.361412	0.488556	0.320349	0.322263	0.330706	0.378178	0.329544	0.329464	0.331604	0.33057	0.329699	0.502758	0.323448	0.325141	0.340228	0.325137	0.325814	0.29955	0.292799	0.301499	0.294394	0.293561	0.293358	0.448801	0.415165	0.40884	0.413367	0.413889	0.416168	0.435498	0.406456	0.397996	0.398783	0.397495	0.406457	0.49001	0.487862	0.488267	0.496887	0.496076	0.49796	0.573554	0.528782	0.52704	0.567967	0.562323	0.565211	0.91973	0.919776	0.920973	0.921602	0.920434	0.920922	0.347012	0.356445	0.352621	0.356787	0.353556	0.356722	0.300908	0.29993	0.303767	0.310933	0.310493	0.309854	0.401308	0.404111	0.402803	0.411123	0.411193	0.411191
ERR607429-k20-n1-x5e9	0.494238	0.362071	0.390865	0.354745	0.364532	0.358552	0.295621	0.393664	0.292693	0.299837	0.298188	0.294052	0.242368	0.242668	0	0.265344	0.264095	0.264491	0.369798	0.362132	0.381881	0.336409	0.335364	0.33435	0.350806	0.353093	0.479164	0.318684	0.320345	0.327633	0.37218	0.326543	0.326806	0.328058	0.327117	0.326236	0.499149	0.32328	0.324241	0.337524	0.326588	0.326622	0.296592	0.295632	0.305004	0.296885	0.295788	0.295917	0.445249	0.412815	0.407838	0.411568	0.412051	0.413962	0.431284	0.403208	0.395686	0.39675	0.39577	0.403157	0.484626	0.484584	0.48524	0.490468	0.489816	0.491414	0.567917	0.523578	0.522025	0.56087	0.555394	0.558121	0.919448	0.919854	0.921161	0.921724	0.920564	0.921031	0.348474	0.358705	0.355172	0.350935	0.348333	0.350937	0.298771	0.298177	0.300417	0.31402	0.313172	0.312949	0.401845	0.405204	0.40496	0.408785	0.409001	0.409216
ERR607430-k20-n1-x5e9	0.548108	0.385848	0.428588	0.37877	0.400509	0.38991	0.316159	0.455847	0.322929	0.311961	0.309771	0.312425	0.263544	0.258349	0.265344	0	0.235951	0.235743	0.418606	0.407353	0.432068	0.320364	0.320926	0.320857	0.397609	0.400411	0.53651	0.34519	0.348138	0.362121	0.419202	0.345933	0.339005	0.349353	0.348998	0.348312	0.545165	0.33777	0.345356	0.371783	0.337651	0.341854	0.331644	0.279067	0.280119	0.28065	0.280478	0.280534	0.480049	0.434586	0.421582	0.428089	0.429507	0.435688	0.470039	0.43133	0.41586	0.415725	0.413031	0.430942	0.513803	0.4824	0.481803	0.510833	0.511003	0.5135	0.601183	0.539024	0.535762	0.590755	0.584387	0.58756	0.929516	0.92407	0.923491	0.925118	0.924038	0.924375	0.329528	0.333651	0.329674	0.36989	0.365258	0.370466	0.318105	0.313934	0.318921	0.293753	0.294396	0.293857	0.406821	0.401507	0.400146	0.426395	0.424066	0.423404
ERR607431-k20-n1-x5e9	0.545731	0.383858	0.426518	0.376843	0.398463	0.387955	0.314676	0.453732	0.321469	0.310693	0.308421	0.31125	0.262438	0.257407	0.264095	0.235951	0	0.235981	0.416525	0.405454	0.429798	0.319835	0.320385	0.320201	0.396009	0.39901	0.534963	0.344415	0.347426	0.361062	0.417569	0.344768	0.337929	0.347966	0.347535	0.346722	0.544161	0.337527	0.344878	0.370981	0.33749	0.341739	0.330321	0.278861	0.280251	0.280432	0.280171	0.279976	0.478571	0.433208	0.420537	0.427008	0.428206	0.43443	0.468499	0.429721	0.414539	0.414413	0.411736	0.429432	0.512303	0.481752	0.481106	0.509613	0.509597	0.512212	0.599952	0.537983	0.534761	0.589474	0.583156	0.586353	0.929175	0.923781	0.923339	0.924924	0.923854	0.924172	0.329321	0.333903	0.329859	0.368506	0.363681	0.369119	0.316946	0.312777	0.317802	0.293775	0.294301	0.293857	0.40622	0.401276	0.399782	0.425302	0.42291	0.422396
ERR607432-k20-n1-x5e9	0.546614	0.384531	0.427091	0.377308	0.399013	0.388323	0.314647	0.454214	0.321801	0.310571	0.308356	0.311299	0.262938	0.25786	0.264491	0.235743	0.235981	0	0.417172	0.405945	0.430429	0.319934	0.320482	0.320151	0.396269	0.399198	0.535311	0.344472	0.347373	0.361385	0.418167	0.344933	0.338242	0.348428	0.348079	0.347251	0.544512	0.337377	0.34484	0.371197	0.337548	0.34156	0.330779	0.278891	0.280084	0.280197	0.280227	0.279963	0.478868	0.433509	0.420667	0.427196	0.428429	0.434722	0.468959	0.430198	0.414884	0.414586	0.41192	0.429706	0.512377	0.481258	0.480653	0.509447	0.509632	0.511948	0.600086	0.537832	0.534587	0.589476	0.583159	0.586317	0.92928	0.923861	0.923325	0.924939	0.923864	0.924212	0.329128	0.333116	0.329332	0.368559	0.363899	0.369223	0.317178	0.313123	0.317913	0.293697	0.294202	0.293465	0.40617	0.401072	0.399816	0.425419	0.422958	0.422445
ERR607811-k20-n1-x5e9	0.383733	0.3391	0.325131	0.33587	0.319919	0.325688	0.360884	0.337514	0.352623	0.370589	0.372074	0.364995	0.375067	0.379056	0.369798	0.418606	0.416525	0.417172	0	0.261561	0.262808	0.367193	0.363949	0.36244	0.32349	0.323493	0.400216	0.359835	0.357569	0.351872	0.343809	0.350353	0.357891	0.346349	0.345241	0.346349	0.487794	0.401952	0.392768	0.381301	0.412625	0.40714	0.337759	0.394007	0.406893	0.393523	0.392109	0.392091	0.481743	0.479132	0.48704	0.482186	0.482568	0.479202	0.466509	0.461632	0.467977	0.468179	0.470807	0.462224	0.470928	0.508386	0.510794	0.479342	0.478545	0.478387	0.53307	0.516291	0.517533	0.522897	0.520575	0.521264	0.941787	0.947121	0.949842	0.949637	0.948482	0.949072	0.425426	0.438314	0.438643	0.362787	0.365749	0.362073	0.343876	0.349048	0.343634	0.403764	0.40161	0.401548	0.478331	0.489021	0.494125	0.459466	0.460965	0.462418
ERR607812-k20-n1-x5e9	0.394154	0.331431	0.322367	0.32855	0.316418	0.320194	0.352639	0.345913	0.346739	0.361085	0.362399	0.35667	0.367653	0.371196	0.362132	0.407353	0.405454	0.405945	0.261561	0	0.264471	0.352537	0.349095	0.347637	0.324713	0.32482	0.412218	0.356051	0.353645	0.350242	0.347512	0.34281	0.348719	0.339089	0.338121	0.339539	0.496279	0.395367	0.387088	0.379359	0.406341	0.401366	0.335052	0.382297	0.394357	0.381727	0.379976	0.380374	0.483111	0.475722	0.481955	0.477583	0.478083	0.47624	0.468083	0.459013	0.463562	0.463582	0.465991	0.459536	0.470828	0.500789	0.502845	0.476169	0.475847	0.475882	0.537008	0.513077	0.513974	0.524583	0.521707	0.522748	0.942236	0.945957	0.948184	0.948184	0.947106	0.947593	0.413155	0.42567	0.426157	0.354789	0.357771	0.354304	0.33603	0.340006	0.334721	0.39126	0.389164	0.389151	0.47211	0.481344	0.486661	0.454946	0.455701	0.457137
ERR607813-k20-n1-x5e9	0.3752	0.343937	0.324649	0.341835	0.323035	0.330146	0.37105	0.335417	0.363385	0.380973	0.382688	0.376101	0.387882	0.391776	0.381881	0.432068	0.429798	0.430429	0.262808	0.264471	0	0.380261	0.376746	0.375149	0.327428	0.327301	0.396275	0.371146	0.368445	0.361955	0.349658	0.35967	0.367729	0.35544	0.354372	0.355796	0.492129	0.413509	0.403552	0.390899	0.425159	0.419172	0.348394	0.406161	0.418846	0.405448	0.403911	0.40415	0.488462	0.487382	0.495896	0.490574	0.490999	0.487863	0.473722	0.46983	0.477038	0.477026	0.480044	0.470701	0.474897	0.512999	0.515434	0.481649	0.481165	0.480945	0.534184	0.518711	0.520104	0.522717	0.520246	0.520836	0.944806	0.950365	0.953083	0.952942	0.95177	0.952348	0.436267	0.449084	0.449801	0.368716	0.372064	0.367891	0.354482	0.359583	0.353554	0.415902	0.413806	0.413693	0.488158	0.49896	0.504791	0.467455	0.468638	0.470271
ERR607814-k20-n1-x5e9	0.529843	0.354202	0.398764	0.34842	0.374178	0.361925	0.332064	0.46349	0.343701	0.324188	0.323936	0.329354	0.338306	0.334605	0.336409	0.320364	0.319835	0.319934	0.367193	0.352537	0.380261	0	0.243072	0.243814	0.400725	0.402928	0.539598	0.362163	0.36363	0.377475	0.423974	0.342235	0.333162	0.344899	0.34472	0.344805	0.571371	0.366501	0.372029	0.398177	0.370244	0.373344	0.359376	0.303705	0.302798	0.303147	0.302903	0.303354	0.5126	0.469444	0.458491	0.461451	0.463689	0.469844	0.500308	0.462207	0.44938	0.44765	0.445644	0.461736	0.514359	0.474506	0.473902	0.503673	0.504052	0.506066	0.603932	0.534979	0.531695	0.586633	0.58015	0.582995	0.94639	0.938977	0.937826	0.939784	0.938599	0.938845	0.331363	0.334201	0.333456	0.361723	0.357945	0.362442	0.326188	0.321508	0.323899	0.303997	0.303713	0.303969	0.436548	0.429868	0.432775	0.448832	0.445744	0.444928
ERR607815-k20-n1-x5e9	0.526371	0.35122	0.395289	0.345705	0.370983	0.359016	0.330763	0.460405	0.342322	0.323132	0.322983	0.32835	0.337555	0.333986	0.335364	0.320926	0.320385	0.320482	0.363949	0.349095	0.376746	0.243072	0	0.243554	0.398077	0.400337	0.536597	0.360954	0.362438	0.375831	0.421409	0.340229	0.331223	0.342652	0.342384	0.342671	0.569854	0.365562	0.37088	0.396841	0.369851	0.372521	0.357454	0.303547	0.303077	0.303077	0.302717	0.303308	0.511272	0.468505	0.457618	0.460574	0.462632	0.46887	0.498853	0.46098	0.448316	0.446687	0.444619	0.460522	0.512312	0.473123	0.472684	0.501443	0.501893	0.503868	0.601705	0.532921	0.529703	0.58417	0.57782	0.580609	0.946096	0.938801	0.937664	0.939574	0.938421	0.93867	0.331053	0.334187	0.33376	0.359276	0.355739	0.360228	0.324347	0.32008	0.322244	0.304186	0.303902	0.303928	0.435757	0.42984	0.432646	0.447495	0.444383	0.443816
ERR607816-k20-n1-x5e9	0.525219	0.351088	0.394541	0.345578	0.370637	0.358714	0.330009	0.458886	0.341113	0.322706	0.322586	0.327749	0.336186	0.333103	0.33435	0.320857	0.320201	0.320151	0.36244	0.347637	0.375149	0.243814	0.243554	0	0.396603	0.398821	0.534885	0.359635	0.360994	0.374373	0.419666	0.339284	0.330567	0.341704	0.341414	0.341782	0.56821	0.365062	0.370312	0.395566	0.369149	0.371969	0.355985	0.303566	0.30327	0.30305	0.302686	0.303265	0.509855	0.467722	0.456873	0.459842	0.461927	0.467844	0.497422	0.45998	0.447444	0.445655	0.443808	0.459423	0.51158	0.473659	0.473256	0.501217	0.501819	0.503837	0.600957	0.532921	0.529583	0.583753	0.577359	0.580239	0.945619	0.938506	0.937476	0.939315	0.938181	0.938424	0.331541	0.334856	0.334285	0.358583	0.355145	0.359574	0.323482	0.319301	0.321417	0.304334	0.304094	0.304436	0.435074	0.429279	0.432095	0.446625	0.443585	0.442779
ERR609327-k20-n1-x5e9	0.413906	0.361765	0.355868	0.357287	0.343946	0.348306	0.342741	0.330264	0.332507	0.353297	0.353849	0.346402	0.354541	0.358885	0.350806	0.397609	0.396009	0.396269	0.32349	0.324713	0.327428	0.400725	0.398077	0.396603	0	0.263864	0.366363	0.293929	0.292566	0.286815	0.333513	0.340876	0.349315	0.338176	0.336637	0.337647	0.467179	0.369387	0.360479	0.349291	0.378924	0.373758	0.326956	0.383632	0.396637	0.383749	0.382602	0.382027	0.467754	0.463721	0.470721	0.467854	0.467742	0.464806	0.451447	0.446038	0.450908	0.452583	0.454418	0.44687	0.45244	0.492012	0.494613	0.4653	0.463596	0.463876	0.519926	0.503674	0.504626	0.514464	0.51103	0.512223	0.934768	0.940222	0.942689	0.942826	0.94144	0.942114	0.420367	0.433211	0.432172	0.36776	0.370212	0.36731	0.338068	0.343613	0.33965	0.394392	0.392757	0.392082	0.464388	0.475511	0.478502	0.448821	0.45111	0.452598
ERR609328-k20-n1-x5e9	0.413212	0.36366	0.357001	0.359195	0.345523	0.35031	0.344994	0.329387	0.334491	0.355691	0.356136	0.348419	0.357024	0.361412	0.353093	0.400411	0.39901	0.399198	0.323493	0.32482	0.327301	0.402928	0.400337	0.398821	0.263864	0	0.364479	0.295472	0.293679	0.28784	0.333219	0.342705	0.351573	0.339632	0.338213	0.339141	0.466247	0.371448	0.362268	0.350613	0.380696	0.375593	0.32855	0.385914	0.39937	0.38622	0.384871	0.384438	0.468638	0.465485	0.472904	0.469824	0.469806	0.466658	0.452142	0.447706	0.452849	0.454361	0.456559	0.448328	0.45357	0.494302	0.496795	0.4671	0.465117	0.465529	0.519515	0.505111	0.506161	0.51497	0.511461	0.512565	0.935232	0.940935	0.943434	0.94351	0.942044	0.942768	0.422953	0.435766	0.434783	0.370397	0.372591	0.369543	0.340446	0.345417	0.341785	0.396992	0.39517	0.394597	0.466636	0.477802	0.480781	0.450829	0.453256	0.454925
ERR609329-k20-n1-x5e9	0.379184	0.474032	0.440034	0.471011	0.440877	0.453766	0.476699	0.354908	0.458591	0.491522	0.492215	0.480718	0.482191	0.488556	0.479164	0.53651	0.534963	0.535311	0.400216	0.412218	0.396275	0.539598	0.536597	0.534885	0.366363	0.364479	0	0.424242	0.421503	0.405751	0.391028	0.463815	0.477933	0.459623	0.458304	0.458549	0.435386	0.493434	0.48011	0.449428	0.50112	0.493423	0.434214	0.524261	0.539054	0.524795	0.523591	0.522997	0.518295	0.545558	0.561987	0.556227	0.55493	0.54644	0.501727	0.52561	0.540805	0.543607	0.547364	0.526282	0.508003	0.592397	0.5959	0.538976	0.536491	0.536044	0.528823	0.573594	0.577264	0.544321	0.545353	0.544414	0.952369	0.968918	0.97416	0.972617	0.971502	0.972293	0.554465	0.567968	0.566997	0.483009	0.487621	0.482008	0.467873	0.475534	0.471301	0.536266	0.534484	0.533846	0.561769	0.579945	0.582169	0.535141	0.54022	0.542498
ERR609330-k20-n1-x5e9	0.478809	0.374576	0.394034	0.366241	0.367788	0.36552	0.324077	0.38195	0.314637	0.330945	0.329795	0.321138	0.318035	0.320349	0.318684	0.34519	0.344415	0.344472	0.359835	0.356051	0.371146	0.362163	0.360954	0.359635	0.293929	0.295472	0.424242	0	0.260481	0.264661	0.346169	0.325899	0.331941	0.326814	0.325228	0.324771	0.477074	0.334963	0.331766	0.333386	0.336983	0.335039	0.310929	0.341866	0.354502	0.343457	0.34227	0.341116	0.46665	0.45136	0.452258	0.453765	0.453873	0.451883	0.451342	0.4378	0.435856	0.437932	0.437703	0.436849	0.468833	0.490971	0.492918	0.485016	0.482739	0.484468	0.546668	0.520263	0.51963	0.54811	0.54301	0.545234	0.929558	0.93275	0.934586	0.934998	0.933473	0.93411	0.385266	0.396886	0.392719	0.371464	0.371142	0.371306	0.317859	0.320543	0.322544	0.350666	0.34985	0.349151	0.438081	0.446074	0.443998	0.437675	0.440563	0.441
ERR609331-k20-n1-x5e9	0.475395	0.373246	0.391484	0.365442	0.366154	0.364389	0.325018	0.379722	0.315165	0.331864	0.330782	0.322386	0.319971	0.322263	0.320345	0.348138	0.347426	0.347373	0.357569	0.353645	0.368445	0.36363	0.362438	0.360994	0.292566	0.293679	0.421503	0.260481	0	0.264754	0.344702	0.325762	0.332056	0.326739	0.325302	0.324405	0.47682	0.337698	0.334026	0.334961	0.339908	0.337923	0.310843	0.343847	0.356202	0.345101	0.344384	0.343046	0.466109	0.451705	0.452793	0.454093	0.454142	0.45191	0.450484	0.437482	0.436312	0.438301	0.438128	0.436593	0.467225	0.49064	0.492548	0.483677	0.481488	0.483122	0.544677	0.518934	0.518446	0.545856	0.540836	0.543018	0.929644	0.932996	0.934905	0.935235	0.933772	0.934426	0.386616	0.398302	0.394545	0.370406	0.370032	0.37037	0.318625	0.321464	0.323411	0.353007	0.352248	0.35146	0.43899	0.44729	0.445539	0.437706	0.440379	0.441082
ERR609332-k20-n1-x5e9	0.463403	0.376546	0.389058	0.368825	0.365091	0.365106	0.332964	0.367483	0.320384	0.341667	0.340943	0.330598	0.327436	0.330706	0.327633	0.362121	0.361062	0.361385	0.351872	0.350242	0.361955	0.377475	0.375831	0.374373	0.286815	0.28784	0.405751	0.264661	0.264754	0	0.336279	0.331313	0.339355	0.33125	0.329488	0.328982	0.463842	0.344236	0.338684	0.333538	0.346585	0.343567	0.311567	0.357554	0.371346	0.359087	0.357725	0.356858	0.463318	0.454614	0.45818	0.458519	0.45854	0.454981	0.447401	0.439479	0.440491	0.442904	0.443017	0.438612	0.465265	0.498502	0.500639	0.484991	0.482675	0.484184	0.538246	0.520608	0.52053	0.542063	0.537409	0.539558	0.928818	0.934074	0.936508	0.936576	0.935055	0.935749	0.400012	0.412522	0.408736	0.375682	0.375731	0.375536	0.324991	0.329096	0.330236	0.36714	0.365966	0.365221	0.446051	0.456106	0.454315	0.441347	0.444806	0.445584
ERR607451-k20-n1-x5e9	0.417764	0.388671	0.381641	0.382696	0.366167	0.371857	0.384282	0.358025	0.367588	0.396305	0.396403	0.3844	0.373035	0.378178	0.37218	0.419202	0.417569	0.418167	0.343809	0.347512	0.349658	0.423974	0.421409	0.419666	0.333513	0.333219	0.391028	0.346169	0.344702	0.336279	0	0.314358	0.328845	0.312527	0.312002	0.311014	0.437472	0.396031	0.386453	0.367303	0.400275	0.394649	0.327757	0.405372	0.421056	0.407058	0.40535	0.404767	0.454448	0.463664	0.473342	0.470673	0.470171	0.463252	0.439197	0.446997	0.454727	0.457471	0.458971	0.44622	0.459891	0.520462	0.523084	0.489466	0.486998	0.488312	0.51591	0.522991	0.524457	0.52812	0.52539	0.52658	0.929147	0.939188	0.943085	0.942329	0.941089	0.941806	0.434554	0.448682	0.445598	0.386428	0.38856	0.385494	0.359476	0.365328	0.36439	0.4178	0.416164	0.41564	0.459746	0.475408	0.474157	0.445284	0.44987	0.451715
ERR607452-k20-n1-x5e9	0.466385	0.34242	0.364281	0.337008	0.343293	0.338849	0.331702	0.400716	0.330442	0.33458	0.334729	0.331841	0.329012	0.329544	0.326543	0.345933	0.344768	0.344933	0.350353	0.34281	0.35967	0.342235	0.340229	0.339284	0.340876	0.342705	0.463815	0.325899	0.325762	0.331313	0.314358	0	0.259957	0.26006	0.259571	0.259538	0.508761	0.354874	0.352768	0.360374	0.360771	0.359165	0.316709	0.326639	0.336329	0.327423	0.326179	0.325918	0.466091	0.441248	0.439491	0.439661	0.44053	0.44176	0.453967	0.430354	0.425518	0.425901	0.425949	0.430031	0.462631	0.465936	0.466738	0.466952	0.466257	0.468044	0.544326	0.499647	0.4983	0.535253	0.530054	0.532274	0.93354	0.932098	0.932947	0.933913	0.932702	0.933137	0.351618	0.361883	0.360089	0.336431	0.335792	0.336245	0.310198	0.310637	0.310478	0.335697	0.334292	0.333915	0.419173	0.423631	0.425159	0.417965	0.418094	0.418593
ERR607453-k20-n1-x5e9	0.476758	0.340282	0.366421	0.335396	0.346069	0.339879	0.329234	0.412076	0.331947	0.329569	0.330158	0.32997	0.329621	0.329464	0.326806	0.339005	0.337929	0.338242	0.357891	0.348719	0.367729	0.333162	0.331223	0.330567	0.349315	0.351573	0.477933	0.331941	0.332056	0.339355	0.328845	0.259957	0	0.261433	0.261553	0.262106	0.523245	0.355968	0.355523	0.367313	0.36221	0.361813	0.324379	0.319049	0.326411	0.319583	0.318331	0.318536	0.473198	0.443143	0.438771	0.439089	0.440502	0.443451	0.461147	0.432883	0.425968	0.425719	0.425123	0.432859	0.468167	0.460001	0.46036	0.466954	0.46714	0.46891	0.552603	0.499425	0.497825	0.539956	0.534407	0.536764	0.93594	0.932542	0.932765	0.934053	0.93292	0.933297	0.342064	0.351067	0.349693	0.333908	0.332928	0.334081	0.310423	0.309628	0.309398	0.326782	0.325749	0.325448	0.417666	0.419455	0.422128	0.418758	0.417826	0.418284
ERR607454-k20-n1-x5e9	0.460545	0.340028	0.359842	0.334309	0.339903	0.335678	0.332445	0.396362	0.331038	0.335381	0.335964	0.332624	0.330847	0.331604	0.328058	0.349353	0.347966	0.348428	0.346349	0.339089	0.35544	0.344899	0.342652	0.341704	0.338176	0.339632	0.459623	0.326814	0.326739	0.33125	0.312527	0.26006	0.261433	0	0.258276	0.25832	0.507847	0.357287	0.354768	0.360678	0.363307	0.361403	0.31667	0.329138	0.339306	0.329601	0.328163	0.328266	0.466322	0.442637	0.441111	0.440871	0.441844	0.442623	0.453753	0.43114	0.426972	0.427128	0.427263	0.430836	0.460993	0.465538	0.466643	0.464164	0.463592	0.465484	0.541799	0.497715	0.496655	0.53175	0.526734	0.528917	0.934207	0.932891	0.933754	0.934698	0.933424	0.933853	0.354122	0.364796	0.362983	0.334864	0.334517	0.33493	0.310743	0.311398	0.310781	0.338362	0.336902	0.336753	0.42128	0.426189	0.428151	0.418506	0.418848	0.419483
ERR607455-k20-n1-x5e9	0.460249	0.339596	0.359573	0.334424	0.339471	0.335447	0.330788	0.394852	0.329383	0.334301	0.334592	0.331269	0.329798	0.33057	0.327117	0.348998	0.347535	0.348079	0.345241	0.338121	0.354372	0.34472	0.342384	0.341414	0.336637	0.338213	0.458304	0.325228	0.325302	0.329488	0.312002	0.259571	0.261553	0.258276	0	0.2582	0.506831	0.356311	0.353509	0.359226	0.362213	0.360407	0.315899	0.329033	0.339234	0.329407	0.328143	0.327998	0.465377	0.441601	0.440363	0.440184	0.441043	0.441852	0.452356	0.429827	0.425897	0.426362	0.426204	0.429693	0.459726	0.465132	0.466097	0.463187	0.462669	0.464355	0.540833	0.497042	0.495924	0.530904	0.52563	0.527851	0.933782	0.932594	0.933492	0.934415	0.933139	0.933533	0.354435	0.364993	0.363169	0.334473	0.334149	0.334298	0.309208	0.310293	0.30928	0.338114	0.336682	0.336446	0.420819	0.425896	0.427577	0.41788	0.418494	0.419029
ERR607456-k20-n1-x5e9	0.46083	0.340816	0.36063	0.335168	0.340449	0.336201	0.331129	0.395142	0.329065	0.334397	0.334763	0.331038	0.328638	0.329699	0.326236	0.348312	0.346722	0.347251	0.346349	0.339539	0.355796	0.344805	0.342671	0.341782	0.337647	0.339141	0.458549	0.324771	0.324405	0.328982	0.311014	0.259538	0.262106	0.25832	0.2582	0	0.505453	0.355499	0.352981	0.358603	0.360892	0.359226	0.314578	0.32896	0.339197	0.329219	0.328125	0.328133	0.464169	0.440991	0.439418	0.43955	0.440337	0.440825	0.451108	0.429042	0.424891	0.425394	0.425375	0.428573	0.46006	0.466019	0.467135	0.464054	0.463698	0.465396	0.541082	0.498051	0.49698	0.531752	0.526712	0.528831	0.933043	0.93212	0.933066	0.933961	0.932653	0.933089	0.354245	0.364976	0.362677	0.335442	0.334929	0.335301	0.309549	0.311008	0.310103	0.337981	0.336705	0.336649	0.419851	0.425099	0.426373	0.417607	0.417997	0.418785
ERR606710-k20-n1-x5e9	0.512429	0.549196	0.535729	0.54389	0.523792	0.531633	0.512378	0.444159	0.490164	0.5267	0.525367	0.511443	0.496713	0.502758	0.499149	0.545165	0.544161	0.544512	0.487794	0.496279	0.492129	0.571371	0.569854	0.56821	0.467179	0.466247	0.435386	0.477074	0.47682	0.463842	0.437472	0.508761	0.523245	0.507847	0.506831	0.505453	0	0.458785	0.447605	0.412521	0.458278	0.4511	0.46823	0.551207	0.565885	0.553787	0.552135	0.551647	0.515424	0.54727	0.561872	0.560244	0.557988	0.547451	0.522666	0.550326	0.562428	0.5667	0.568482	0.549736	0.560295	0.648449	0.651275	0.609382	0.606518	0.607532	0.590479	0.641243	0.643363	0.631266	0.6308	0.631834	0.946101	0.968144	0.974353	0.972048	0.971057	0.97199	0.586532	0.599044	0.594715	0.547942	0.549817	0.547026	0.507772	0.514223	0.515387	0.560339	0.559481	0.55879	0.556164	0.575572	0.570584	0.541629	0.548808	0.550303
ERR606711-k20-n1-x5e9	0.526905	0.402588	0.430941	0.394885	0.404022	0.398669	0.325793	0.418786	0.321431	0.328569	0.326912	0.322087	0.322364	0.323448	0.32328	0.33777	0.337527	0.337377	0.401952	0.395367	0.413509	0.366501	0.365562	0.365062	0.369387	0.371448	0.493434	0.334963	0.337698	0.344236	0.396031	0.354874	0.355968	0.357287	0.356311	0.355499	0.458785	0	0.255137	0.274035	0.256046	0.256492	0.3437	0.343535	0.352265	0.345294	0.343959	0.343751	0.466858	0.440086	0.435405	0.439406	0.439737	0.440888	0.468749	0.445878	0.438727	0.440407	0.439443	0.44528	0.498574	0.501362	0.502137	0.507523	0.505688	0.507465	0.580305	0.541008	0.539214	0.577346	0.571405	0.574153	0.930102	0.930731	0.931746	0.932612	0.931037	0.931624	0.386425	0.395021	0.391006	0.394216	0.39147	0.393942	0.335522	0.33583	0.338286	0.348532	0.347883	0.347424	0.42184	0.425704	0.423241	0.42958	0.431504	0.431292
ERR606712-k20-n1-x5e9	0.515068	0.39916	0.423803	0.391519	0.397628	0.393467	0.325976	0.406007	0.319517	0.330279	0.328766	0.32261	0.323179	0.325141	0.324241	0.345356	0.344878	0.34484	0.392768	0.387088	0.403552	0.372029	0.37088	0.370312	0.360479	0.362268	0.48011	0.331766	0.334026	0.338684	0.386453	0.352768	0.355523	0.354768	0.353509	0.352981	0.447605	0.255137	0	0.267586	0.258389	0.257522	0.338603	0.349296	0.35911	0.350695	0.349549	0.349085	0.461783	0.438726	0.436128	0.439298	0.439439	0.439751	0.463053	0.443254	0.438002	0.440044	0.439446	0.44296	0.491888	0.502257	0.503323	0.503196	0.50098	0.502584	0.571945	0.53761	0.536096	0.570348	0.564663	0.567195	0.9292	0.930983	0.932422	0.93308	0.931496	0.932137	0.392682	0.402017	0.398172	0.392398	0.390195	0.392073	0.334706	0.335779	0.337871	0.355221	0.354415	0.353881	0.42369	0.429124	0.426798	0.428118	0.430641	0.430519
ERR606713-k20-n1-x5e9	0.491687	0.405548	0.419234	0.398018	0.395503	0.395124	0.341766	0.381691	0.328599	0.350717	0.349217	0.339102	0.336585	0.340228	0.337524	0.371783	0.370981	0.371197	0.381301	0.379359	0.390899	0.398177	0.396841	0.395566	0.349291	0.350613	0.449428	0.333386	0.334961	0.333538	0.367303	0.360374	0.367313	0.360678	0.359226	0.358603	0.412521	0.274035	0.267586	0	0.273642	0.269525	0.335823	0.374845	0.387441	0.37647	0.374668	0.374194	0.451939	0.442447	0.44498	0.446576	0.44608	0.443181	0.453608	0.445103	0.444979	0.447997	0.448045	0.444771	0.484056	0.516355	0.51818	0.50332	0.500437	0.502126	0.55596	0.539752	0.539548	0.5606	0.555655	0.557896	0.926575	0.932761	0.935395	0.935327	0.933658	0.934417	0.418413	0.429668	0.425681	0.40124	0.40032	0.400444	0.346121	0.349584	0.350976	0.382948	0.381891	0.381292	0.434693	0.444731	0.44188	0.432007	0.436487	0.436833
ERR606714-k20-n1-x5e9	0.538374	0.4131	0.443448	0.404865	0.414267	0.408943	0.332632	0.428529	0.326757	0.335435	0.333275	0.327305	0.32416	0.325137	0.326588	0.337651	0.33749	0.337548	0.412625	0.406341	0.425159	0.370244	0.369851	0.369149	0.378924	0.380696	0.50112	0.336983	0.339908	0.346585	0.400275	0.360771	0.36221	0.363307	0.362213	0.360892	0.458278	0.256046	0.258389	0.273642	0	0.252399	0.346251	0.346547	0.355659	0.348238	0.347034	0.346518	0.469815	0.444063	0.438783	0.443807	0.444078	0.444454	0.47158	0.449781	0.44215	0.444554	0.443126	0.44895	0.504214	0.508954	0.509793	0.514901	0.512498	0.514665	0.585634	0.549482	0.547682	0.584941	0.578707	0.581545	0.93005	0.931182	0.932355	0.933125	0.931372	0.932031	0.390701	0.399065	0.394016	0.403501	0.400462	0.403193	0.340903	0.341213	0.345177	0.351132	0.350631	0.350204	0.423732	0.427583	0.42348	0.433332	0.436407	0.435948
ERR606715-k20-n1-x5e9	0.531433	0.410974	0.439119	0.402778	0.410628	0.405893	0.332359	0.421039	0.325458	0.336473	0.334573	0.327398	0.324424	0.325814	0.326622	0.341854	0.341739	0.34156	0.40714	0.401366	0.419172	0.373344	0.372521	0.371969	0.373758	0.375593	0.493423	0.335039	0.337923	0.343567	0.394649	0.359165	0.361813	0.361403	0.360407	0.359226	0.4511	0.256492	0.257522	0.269525	0.252399	0	0.343666	0.350007	0.359554	0.351541	0.350258	0.349669	0.46728	0.443766	0.439597	0.444279	0.444275	0.444204	0.468787	0.448733	0.442383	0.444671	0.443574	0.44817	0.502005	0.51072	0.511758	0.513988	0.511485	0.513664	0.581842	0.54858	0.547118	0.581972	0.576059	0.578685	0.929544	0.931444	0.932811	0.933485	0.931747	0.932432	0.394202	0.40308	0.398303	0.402384	0.399646	0.402335	0.340657	0.341326	0.344573	0.354952	0.354503	0.354012	0.425017	0.429956	0.425796	0.432822	0.436147	0.435814
ERR607373-k20-n1-x5e9	0.453345	0.359993	0.373735	0.352307	0.349436	0.34933	0.327225	0.369988	0.315687	0.335844	0.335156	0.325083	0.296845	0.29955	0.296592	0.331644	0.330321	0.330779	0.337759	0.335052	0.348394	0.359376	0.357454	0.355985	0.326956	0.32855	0.434214	0.310929	0.310843	0.311567	0.327757	0.316709	0.324379	0.31667	0.315899	0.314578	0.46823	0.3437	0.338603	0.335823	0.346251	0.343666	0	0.304497	0.319987	0.30695	0.305529	0.304866	0.450901	0.439774	0.442467	0.442909	0.443137	0.439775	0.434486	0.424398	0.424701	0.426475	0.427015	0.423343	0.463456	0.493088	0.494869	0.480816	0.479117	0.480857	0.538252	0.516021	0.515744	0.539755	0.534974	0.53734	0.924249	0.929002	0.931461	0.931435	0.930184	0.930792	0.382889	0.395613	0.391881	0.358627	0.358021	0.358004	0.30313	0.307127	0.308616	0.34512	0.343968	0.3434	0.427043	0.43745	0.435908	0.423199	0.426259	0.426926
