.	ERR608293-k20-n1-x5e9	ERR608294-k20-n1-x5e9	ERR608295-k20-n1-x5e9	ERR608296-k20-n1-x5e9	ERR608297-k20-n1-x5e9	ERR608298-k20-n1-x5e9	ERR610193-k20-n1-x5e9	ERR610194-k20-n1-x5e9	ERR610195-k20-n1-x5e9	ERR610196-k20-n1-x5e9	ERR610197-k20-n1-x5e9	ERR610198-k20-n1-x5e9	ERR608817-k20-n1-x5e9	ERR608818-k20-n1-x5e9	ERR608819-k20-n1-x5e9	ERR608820-k20-n1-x5e9	ERR608821-k20-n1-x5e9	ERR608822-k20-n1-x5e9	ERR605665-k20-n1-x5e9	ERR605666-k20-n1-x5e9	ERR605667-k20-n1-x5e9	ERR605668-k20-n1-x5e9	ERR605669-k20-n1-x5e9	ERR605670-k20-n1-x5e9	ERR607397-k20-n1-x5e9	ERR607398-k20-n1-x5e9	ERR607399-k20-n1-x5e9	ERR607400-k20-n1-x5e9	ERR607401-k20-n1-x5e9	ERR607402-k20-n1-x5e9	ERR605737-k20-n1-x5e9	ERR605738-k20-n1-x5e9	ERR605739-k20-n1-x5e9	ERR605740-k20-n1-x5e9	ERR605741-k20-n1-x5e9	ERR605742-k20-n1-x5e9	ERR608659-k20-n1-x5e9	ERR608660-k20-n1-x5e9	ERR608661-k20-n1-x5e9	ERR608662-k20-n1-x5e9	ERR608663-k20-n1-x5e9	ERR608664-k20-n1-x5e9	ERR609881-k20-n1-x5e9	ERR609882-k20-n1-x5e9	ERR609883-k20-n1-x5e9	ERR609884-k20-n1-x5e9	ERR609885-k20-n1-x5e9	ERR609886-k20-n1-x5e9	ERR608787-k20-n1-x5e9	ERR608788-k20-n1-x5e9	ERR608789-k20-n1-x5e9	ERR608790-k20-n1-x5e9	ERR608791-k20-n1-x5e9	ERR608792-k20-n1-x5e9	ERR608389-k20-n1-x5e9	ERR608390-k20-n1-x5e9	ERR608391-k20-n1-x5e9	ERR608392-k20-n1-x5e9	ERR608393-k20-n1-x5e9	ERR608394-k20-n1-x5e9	ERR605988-k20-n1-x5e9	ERR605989-k20-n1-x5e9	ERR605990-k20-n1-x5e9	ERR605991-k20-n1-x5e9	ERR605992-k20-n1-x5e9	ERR605993-k20-n1-x5e9	ERR605659-k20-n1-x5e9	ERR605660-k20-n1-x5e9	ERR605661-k20-n1-x5e9	ERR605662-k20-n1-x5e9	ERR605663-k20-n1-x5e9	ERR605664-k20-n1-x5e9	ERR605976-k20-n1-x5e9	ERR605977-k20-n1-x5e9	ERR605978-k20-n1-x5e9	ERR605979-k20-n1-x5e9	ERR605980-k20-n1-x5e9	ERR605981-k20-n1-x5e9	ERR605611-k20-n1-x5e9	ERR605612-k20-n1-x5e9	ERR605613-k20-n1-x5e9	ERR605614-k20-n1-x5e9	ERR605615-k20-n1-x5e9	ERR605616-k20-n1-x5e9	ERR608215-k20-n1-x5e9	ERR608216-k20-n1-x5e9	ERR608217-k20-n1-x5e9	ERR608218-k20-n1-x5e9	ERR608219-k20-n1-x5e9	ERR608220-k20-n1-x5e9	ERR607311-k20-n1-x5e9	ERR607312-k20-n1-x5e9	ERR607313-k20-n1-x5e9	ERR607314-k20-n1-x5e9	ERR607315-k20-n1-x5e9	ERR607316-k20-n1-x5e9
ERR608293-k20-n1-x5e9	1.10268e-08	6.11529e-09	6.01788e-09	5.91127e-09	5.91891e-09	5.91931e-09	4.71239e-09	4.88248e-09	4.77488e-09	4.72341e-09	4.7288e-09	4.73169e-09	5.01496e-09	4.93859e-09	4.92159e-09	5.0381e-09	5.03208e-09	5.04197e-09	4.69202e-09	4.70182e-09	4.70394e-09	4.69952e-09	4.71658e-09	4.71836e-09	4.48552e-09	4.51331e-09	4.50403e-09	4.49543e-09	4.49897e-09	4.47792e-09	4.72735e-09	4.77022e-09	4.76758e-09	4.78115e-09	4.77112e-09	4.78031e-09	4.89536e-09	4.90382e-09	4.90088e-09	4.72179e-09	4.7246e-09	4.73528e-09	4.33436e-09	4.35467e-09	4.38374e-09	4.39317e-09	4.29327e-09	4.29783e-09	3.22651e-09	3.22617e-09	3.22595e-09	3.21482e-09	3.20254e-09	3.20005e-09	3.25013e-09	3.25171e-09	3.25195e-09	3.24311e-09	3.26344e-09	3.24542e-09	3.17092e-09	3.17748e-09	3.18016e-09	3.12192e-09	3.16145e-09	3.1543e-09	3.01608e-09	3.01822e-09	3.01248e-09	2.99533e-09	3.03639e-09	3.03853e-09	3.06791e-09	3.14619e-09	3.14186e-09	3.08487e-09	3.12305e-09	3.11557e-09	3.03488e-09	3.02404e-09	3.02241e-09	3.00351e-09	3.04558e-09	3.04626e-09	3.35154e-09	3.34714e-09	3.34588e-09	3.22944e-09	3.23075e-09	3.24029e-09	3.18591e-09	3.18961e-09	3.19463e-09	3.15968e-09	3.15851e-09	3.16134e-09
ERR608294-k20-n1-x5e9	6.11529e-09	9.27293e-09	5.92296e-09	5.83845e-09	5.85657e-09	5.8437e-09	4.85354e-09	4.8568e-09	4.84473e-09	4.84674e-09	4.84129e-09	4.85933e-09	4.83558e-09	4.87667e-09	4.90246e-09	4.93894e-09	4.92161e-09	4.90935e-09	4.72298e-09	4.72585e-09	4.73707e-09	4.74595e-09	4.71497e-09	4.72543e-09	4.42867e-09	4.51703e-09	4.5085e-09	4.51095e-09	4.52009e-09	4.4906e-09	4.71882e-09	4.7242e-09	4.7082e-09	4.72895e-09	4.69304e-09	4.6916e-09	4.80779e-09	4.79501e-09	4.83017e-09	4.72065e-09	4.72498e-09	4.73091e-09	4.34208e-09	4.32833e-09	4.31887e-09	4.36657e-09	4.27614e-09	4.28699e-09	3.28851e-09	3.33778e-09	3.32276e-09	3.25295e-09	3.25221e-09	3.25236e-09	3.261e-09	3.37145e-09	3.38144e-09	3.38276e-09	3.3782e-09	3.36841e-09	3.17493e-09	3.33912e-09	3.32905e-09	3.20304e-09	3.23912e-09	3.22289e-09	3.11556e-09	3.12893e-09	3.12344e-09	3.1204e-09	3.13077e-09	3.1179e-09	3.12793e-09	3.23381e-09	3.23797e-09	3.14698e-09	3.18594e-09	3.19619e-09	3.12903e-09	3.12138e-09	3.12055e-09	3.08649e-09	3.10204e-09	3.10576e-09	3.38743e-09	3.40083e-09	3.40212e-09	3.36742e-09	3.36475e-09	3.35869e-09	3.27426e-09	3.31757e-09	3.29979e-09	3.21206e-09	3.22015e-09	3.23271e-09
ERR608295-k20-n1-x5e9	6.01788e-09	5.92296e-09	8.97753e-09	5.80674e-09	5.80305e-09	5.80517e-09	4.88625e-09	4.86262e-09	4.84388e-09	4.8624e-09	4.86346e-09	4.87607e-09	4.78935e-09	4.86783e-09	4.87928e-09	4.88539e-09	4.88833e-09	4.87408e-09	4.6963e-09	4.70584e-09	4.69948e-09	4.71186e-09	4.68705e-09	4.69053e-09	4.41019e-09	4.48609e-09	4.50851e-09	4.49407e-09	4.49529e-09	4.48765e-09	4.68829e-09	4.6932e-09	4.68845e-09	4.71409e-09	4.66918e-09	4.67498e-09	4.74602e-09	4.76286e-09	4.78584e-09	4.70134e-09	4.70091e-09	4.70956e-09	4.32071e-09	4.3018e-09	4.27107e-09	4.38508e-09	4.2452e-09	4.24628e-09	3.31617e-09	3.35892e-09	3.34356e-09	3.27053e-09	3.26181e-09	3.2657e-09	3.27214e-09	3.38257e-09	3.38811e-09	3.38166e-09	3.38149e-09	3.37731e-09	3.17506e-09	3.3341e-09	3.32949e-09	3.22885e-09	3.26866e-09	3.25369e-09	3.1236e-09	3.12526e-09	3.12173e-09	3.12979e-09	3.12279e-09	3.11962e-09	3.12137e-09	3.23732e-09	3.24375e-09	3.15203e-09	3.18161e-09	3.1826e-09	3.1308e-09	3.125e-09	3.12833e-09	3.11389e-09	3.1114e-09	3.11617e-09	3.40578e-09	3.40157e-09	3.39517e-09	3.36855e-09	3.35861e-09	3.35558e-09	3.30647e-09	3.33477e-09	3.31184e-09	3.2287e-09	3.25326e-09	3.2671e-09
ERR608296-k20-n1-x5e9	5.91127e-09	5.83845e-09	5.80674e-09	8.3671e-09	5.76792e-09	5.78712e-09	4.86852e-09	4.86064e-09	4.84881e-09	4.85448e-09	4.86042e-09	4.86554e-09	4.79599e-09	4.85871e-09	4.86596e-09	4.89496e-09	4.8935e-09	4.87245e-09	4.67764e-09	4.70752e-09	4.71208e-09	4.72245e-09	4.68124e-09	4.70998e-09	4.43636e-09	4.5404e-09	4.52761e-09	4.51525e-09	4.51182e-09	4.50043e-09	4.72974e-09	4.71332e-09	4.71589e-09	4.73453e-09	4.68603e-09	4.69558e-09	4.75823e-09	4.7532e-09	4.75116e-09	4.69494e-09	4.68092e-09	4.6948e-09	4.29541e-09	4.29348e-09	4.28712e-09	4.40572e-09	4.28957e-09	4.29609e-09	3.35181e-09	3.37244e-09	3.35768e-09	3.28199e-09	3.28502e-09	3.28194e-09	3.33158e-09	3.37541e-09	3.38065e-09	3.38039e-09	3.37294e-09	3.37138e-09	3.20139e-09	3.33775e-09	3.32503e-09	3.29539e-09	3.32416e-09	3.32638e-09	3.13113e-09	3.14151e-09	3.14014e-09	3.13159e-09	3.13496e-09	3.1375e-09	3.1423e-09	3.24732e-09	3.25061e-09	3.18354e-09	3.22121e-09	3.22555e-09	3.13333e-09	3.13176e-09	3.12939e-09	3.13917e-09	3.12988e-09	3.12917e-09	3.4204e-09	3.42058e-09	3.42024e-09	3.36056e-09	3.3534e-09	3.35988e-09	3.32692e-09	3.3255e-09	3.30676e-09	3.2775e-09	3.29574e-09	3.31879e-09
ERR608297-k20-n1-x5e9	5.91891e-09	5.85657e-09	5.80305e-09	5.76792e-09	8.38383e-09	5.78287e-09	4.86599e-09	4.86663e-09	4.84667e-09	4.85983e-09	4.85843e-09	4.86496e-09	4.79855e-09	4.85415e-09	4.86454e-09	4.89344e-09	4.89089e-09	4.87106e-09	4.67946e-09	4.71969e-09	4.73672e-09	4.72804e-09	4.69462e-09	4.70879e-09	4.44083e-09	4.53793e-09	4.53664e-09	4.53014e-09	4.50954e-09	4.509e-09	4.72911e-09	4.722e-09	4.71607e-09	4.74207e-09	4.69155e-09	4.70807e-09	4.76407e-09	4.76147e-09	4.76246e-09	4.69488e-09	4.71155e-09	4.69735e-09	4.30446e-09	4.29105e-09	4.28721e-09	4.404e-09	4.29308e-09	4.29507e-09	3.35038e-09	3.366e-09	3.35167e-09	3.28412e-09	3.28106e-09	3.27503e-09	3.33005e-09	3.38286e-09	3.37763e-09	3.37835e-09	3.37778e-09	3.37815e-09	3.20264e-09	3.33578e-09	3.33498e-09	3.29188e-09	3.33029e-09	3.32097e-09	3.12588e-09	3.14133e-09	3.13318e-09	3.13072e-09	3.13842e-09	3.13249e-09	3.13845e-09	3.24832e-09	3.26143e-09	3.18413e-09	3.22382e-09	3.22178e-09	3.13327e-09	3.12618e-09	3.13381e-09	3.13387e-09	3.12583e-09	3.12931e-09	3.41742e-09	3.42584e-09	3.41982e-09	3.35795e-09	3.36399e-09	3.36571e-09	3.32504e-09	3.32367e-09	3.30529e-09	3.27398e-09	3.29983e-09	3.31727e-09
ERR608298-k20-n1-x5e9	5.91931e-09	5.8437e-09	5.80517e-09	5.78712e-09	5.78287e-09	8.38863e-09	4.85941e-09	4.85248e-09	4.84564e-09	4.85054e-09	4.84774e-09	4.86575e-09	4.81297e-09	4.87127e-09	4.86934e-09	4.90529e-09	4.90121e-09	4.88623e-09	4.69162e-09	4.72462e-09	4.74475e-09	4.75275e-09	4.68533e-09	4.70835e-09	4.44462e-09	4.55571e-09	4.53098e-09	4.52755e-09	4.52589e-09	4.5179e-09	4.74801e-09	4.73462e-09	4.72754e-09	4.74987e-09	4.71736e-09	4.70802e-09	4.77116e-09	4.74689e-09	4.77257e-09	4.703e-09	4.71253e-09	4.71548e-09	4.29927e-09	4.31446e-09	4.29575e-09	4.41988e-09	4.30445e-09	4.31694e-09	3.3525e-09	3.36392e-09	3.35678e-09	3.2896e-09	3.29553e-09	3.29647e-09	3.35583e-09	3.38666e-09	3.38285e-09	3.38476e-09	3.38404e-09	3.38493e-09	3.2257e-09	3.33601e-09	3.34218e-09	3.29954e-09	3.34252e-09	3.33722e-09	3.149e-09	3.1514e-09	3.1439e-09	3.14563e-09	3.15022e-09	3.14541e-09	3.15339e-09	3.25852e-09	3.27116e-09	3.18506e-09	3.23313e-09	3.23736e-09	3.13713e-09	3.14321e-09	3.13965e-09	3.13935e-09	3.14496e-09	3.14959e-09	3.42585e-09	3.43623e-09	3.43237e-09	3.36582e-09	3.37009e-09	3.36787e-09	3.3285e-09	3.33714e-09	3.3156e-09	3.29287e-09	3.31304e-09	3.32268e-09
ERR610193-k20-n1-x5e9	4.71239e-09	4.85354e-09	4.88625e-09	4.86852e-09	4.86599e-09	4.85941e-09	9.11149e-09	6.3643e-09	6.44869e-09	6.41356e-09	6.4292e-09	6.43906e-09	4.44193e-09	4.65139e-09	4.66953e-09	4.66421e-09	4.65275e-09	4.62269e-09	4.63005e-09	4.591e-09	4.61131e-09	4.65313e-09	4.48659e-09	4.49875e-09	4.25071e-09	4.44473e-09	4.46548e-09	4.43367e-09	4.41925e-09	4.41554e-09	4.62294e-09	4.59276e-09	4.5884e-09	4.64508e-09	4.49207e-09	4.503e-09	4.63891e-09	4.64276e-09	4.66264e-09	4.64108e-09	4.65432e-09	4.64733e-09	4.48787e-09	4.47963e-09	4.42848e-09	4.60104e-09	4.43849e-09	4.44052e-09	3.35042e-09	3.401e-09	3.34903e-09	3.39652e-09	3.40044e-09	3.398e-09	3.33891e-09	3.44696e-09	3.45049e-09	3.47209e-09	3.4851e-09	3.43532e-09	3.32409e-09	3.59843e-09	3.60518e-09	3.52662e-09	3.53824e-09	3.54381e-09	3.30103e-09	3.2595e-09	3.26384e-09	3.29846e-09	3.19491e-09	3.20595e-09	3.15519e-09	3.38777e-09	3.39447e-09	3.29508e-09	3.31298e-09	3.31888e-09	3.18841e-09	3.15869e-09	3.15945e-09	3.19164e-09	3.09883e-09	3.10121e-09	3.46436e-09	3.4957e-09	3.46416e-09	3.44326e-09	3.42681e-09	3.43518e-09	3.33998e-09	3.36959e-09	3.31748e-09	3.3625e-09	3.39945e-09	3.40281e-09
ERR610194-k20-n1-x5e9	4.88248e-09	4.8568e-09	4.86262e-09	4.86064e-09	4.86663e-09	4.85248e-09	6.3643e-09	1.24916e-08	6.40248e-09	6.26232e-09	6.27662e-09	6.26435e-09	4.55021e-09	4.63865e-09	4.64499e-09	4.67539e-09	4.68246e-09	4.64036e-09	4.65922e-09	4.64827e-09	4.64341e-09	4.66821e-09	4.58861e-09	4.60529e-09	4.43672e-09	4.45774e-09	4.45445e-09	4.51013e-09	4.5018e-09	4.51795e-09	4.64502e-09	4.65016e-09	4.65219e-09	4.69621e-09	4.61587e-09	4.6089e-09	4.68033e-09	4.65131e-09	4.69032e-09	4.59012e-09	4.5893e-09	4.58954e-09	4.53419e-09	4.51066e-09	4.48104e-09	4.54722e-09	4.41724e-09	4.4239e-09	3.22104e-09	3.24037e-09	3.22303e-09	3.23278e-09	3.22923e-09	3.236e-09	3.24086e-09	3.28548e-09	3.28736e-09	3.29412e-09	3.29619e-09	3.28036e-09	3.23488e-09	3.38503e-09	3.38083e-09	3.32425e-09	3.35717e-09	3.35449e-09	3.13295e-09	3.13243e-09	3.12002e-09	3.13468e-09	3.10491e-09	3.10717e-09	3.05878e-09	3.24984e-09	3.2415e-09	3.1204e-09	3.1588e-09	3.16063e-09	3.05924e-09	3.05381e-09	3.04886e-09	3.05083e-09	3.02026e-09	3.02375e-09	3.31091e-09	3.33046e-09	3.32364e-09	3.2705e-09	3.2655e-09	3.26683e-09	3.18948e-09	3.19514e-09	3.17021e-09	3.18229e-09	3.20803e-09	3.2091e-09
ERR610195-k20-n1-x5e9	4.77488e-09	4.84473e-09	4.84388e-09	4.84881e-09	4.84667e-09	4.84564e-09	6.44869e-09	6.40248e-09	9.53489e-09	6.36728e-09	6.37882e-09	6.38649e-09	4.44106e-09	4.64944e-09	4.67773e-09	4.62348e-09	4.62448e-09	4.60036e-09	4.64675e-09	4.64609e-09	4.64105e-09	4.68274e-09	4.53691e-09	4.56676e-09	4.28245e-09	4.41671e-09	4.46976e-09	4.43721e-09	4.43448e-09	4.42604e-09	4.60636e-09	4.58417e-09	4.57271e-09	4.63114e-09	4.48618e-09	4.50954e-09	4.61921e-09	4.64166e-09	4.65665e-09	4.62223e-09	4.61971e-09	4.61287e-09	4.5134e-09	4.49603e-09	4.42696e-09	4.58896e-09	4.41591e-09	4.41305e-09	3.31923e-09	3.38375e-09	3.33943e-09	3.33224e-09	3.33566e-09	3.33499e-09	3.27581e-09	3.42978e-09	3.43346e-09	3.44471e-09	3.441e-09	3.41509e-09	3.28071e-09	3.56358e-09	3.56045e-09	3.43916e-09	3.46379e-09	3.45425e-09	3.25873e-09	3.25409e-09	3.25357e-09	3.27648e-09	3.18531e-09	3.19635e-09	3.13217e-09	3.34979e-09	3.36115e-09	3.25553e-09	3.26667e-09	3.27316e-09	3.17806e-09	3.15962e-09	3.16408e-09	3.17187e-09	3.09135e-09	3.10208e-09	3.42227e-09	3.43415e-09	3.41549e-09	3.4174e-09	3.41942e-09	3.42181e-09	3.31064e-09	3.34595e-09	3.30028e-09	3.26802e-09	3.31181e-09	3.30907e-09
ERR610196-k20-n1-x5e9	4.72341e-09	4.84674e-09	4.8624e-09	4.85448e-09	4.85983e-09	4.85054e-09	6.41356e-09	6.26232e-09	6.36728e-09	8.62262e-09	6.44683e-09	6.46777e-09	4.50396e-09	4.69251e-09	4.7281e-09	4.68115e-09	4.66882e-09	4.65211e-09	4.67989e-09	4.64233e-09	4.64498e-09	4.68527e-09	4.57732e-09	4.57517e-09	4.29342e-09	4.44952e-09	4.46709e-09	4.42927e-09	4.43534e-09	4.41337e-09	4.63953e-09	4.61262e-09	4.59801e-09	4.67521e-09	4.52729e-09	4.53776e-09	4.64898e-09	4.67006e-09	4.66069e-09	4.66768e-09	4.68417e-09	4.67656e-09	4.51214e-09	4.50623e-09	4.49297e-09	4.58439e-09	4.46403e-09	4.46022e-09	3.37592e-09	3.40084e-09	3.37218e-09	3.44937e-09	3.45307e-09	3.45183e-09	3.36481e-09	3.46346e-09	3.47412e-09	3.49207e-09	3.49693e-09	3.45423e-09	3.40567e-09	3.61787e-09	3.62269e-09	3.51931e-09	3.54209e-09	3.54862e-09	3.31239e-09	3.30995e-09	3.29887e-09	3.31784e-09	3.24125e-09	3.24926e-09	3.19645e-09	3.41101e-09	3.42454e-09	3.31416e-09	3.34154e-09	3.3382e-09	3.22387e-09	3.20335e-09	3.19533e-09	3.20458e-09	3.13794e-09	3.14032e-09	3.46867e-09	3.499e-09	3.48473e-09	3.46641e-09	3.45572e-09	3.46706e-09	3.33492e-09	3.38498e-09	3.34248e-09	3.37234e-09	3.40081e-09	3.38823e-09
ERR610197-k20-n1-x5e9	4.7288e-09	4.84129e-09	4.86346e-09	4.86042e-09	4.85843e-09	4.84774e-09	6.4292e-09	6.27662e-09	6.37882e-09	6.44683e-09	8.65107e-09	6.46453e-09	4.49842e-09	4.68556e-09	4.73998e-09	4.67425e-09	4.66544e-09	4.65644e-09	4.68641e-09	4.647e-09	4.64587e-09	4.68566e-09	4.5709e-09	4.56997e-09	4.29274e-09	4.45139e-09	4.46583e-09	4.42807e-09	4.4422e-09	4.42073e-09	4.62136e-09	4.61652e-09	4.60469e-09	4.65655e-09	4.522e-09	4.54224e-09	4.65512e-09	4.6752e-09	4.65883e-09	4.68417e-09	4.67572e-09	4.68178e-09	4.51761e-09	4.49848e-09	4.49065e-09	4.59378e-09	4.45252e-09	4.47244e-09	3.36594e-09	3.40191e-09	3.36124e-09	3.45282e-09	3.44644e-09	3.44515e-09	3.36028e-09	3.45038e-09	3.47669e-09	3.49806e-09	3.49044e-09	3.44371e-09	3.39831e-09	3.60875e-09	3.61415e-09	3.51578e-09	3.54789e-09	3.54839e-09	3.31636e-09	3.30118e-09	3.29918e-09	3.31115e-09	3.23846e-09	3.23957e-09	3.19151e-09	3.41214e-09	3.41989e-09	3.31902e-09	3.33434e-09	3.33868e-09	3.23125e-09	3.18896e-09	3.19554e-09	3.19601e-09	3.12932e-09	3.13835e-09	3.46568e-09	3.49008e-09	3.47203e-09	3.46339e-09	3.46145e-09	3.46327e-09	3.35322e-09	3.37783e-09	3.33541e-09	3.37018e-09	3.39075e-09	3.39256e-09
ERR610198-k20-n1-x5e9	4.73169e-09	4.85933e-09	4.87607e-09	4.86554e-09	4.86496e-09	4.86575e-09	6.43906e-09	6.26435e-09	6.38649e-09	6.46777e-09	6.46453e-09	8.64312e-09	4.50719e-09	4.69657e-09	4.74216e-09	4.68619e-09	4.67852e-09	4.65775e-09	4.69264e-09	4.6501e-09	4.6469e-09	4.6874e-09	4.57879e-09	4.58248e-09	4.28178e-09	4.46082e-09	4.46518e-09	4.43916e-09	4.44822e-09	4.41572e-09	4.64182e-09	4.62982e-09	4.605e-09	4.67633e-09	4.53608e-09	4.54447e-09	4.66476e-09	4.67417e-09	4.67559e-09	4.67648e-09	4.69739e-09	4.6912e-09	4.51156e-09	4.52047e-09	4.49638e-09	4.58422e-09	4.4732e-09	4.46915e-09	3.36735e-09	3.40436e-09	3.36461e-09	3.46005e-09	3.44568e-09	3.45731e-09	3.36891e-09	3.46958e-09	3.48353e-09	3.49821e-09	3.5064e-09	3.46115e-09	3.40575e-09	3.6161e-09	3.6195e-09	3.5303e-09	3.54878e-09	3.54721e-09	3.31847e-09	3.31426e-09	3.30365e-09	3.31961e-09	3.24746e-09	3.25379e-09	3.19935e-09	3.41811e-09	3.41993e-09	3.3112e-09	3.34956e-09	3.34167e-09	3.22412e-09	3.19805e-09	3.19624e-09	3.20672e-09	3.14103e-09	3.14576e-09	3.46913e-09	3.50764e-09	3.47689e-09	3.46086e-09	3.45555e-09	3.46049e-09	3.34537e-09	3.39423e-09	3.34283e-09	3.37699e-09	3.40146e-09	3.39185e-09
ERR608817-k20-n1-x5e9	5.01496e-09	4.83558e-09	4.78935e-09	4.79599e-09	4.79855e-09	4.81297e-09	4.44193e-09	4.55021e-09	4.44106e-09	4.50396e-09	4.49842e-09	4.50719e-09	8.79892e-09	5.32673e-09	5.31655e-09	5.38865e-09	5.3791e-09	5.37789e-09	4.54156e-09	4.56956e-09	4.562e-09	4.55151e-09	4.6044e-09	4.59839e-09	4.47988e-09	4.48916e-09	4.45157e-09	4.49298e-09	4.49545e-09	4.47056e-09	4.53899e-09	4.5389e-09	4.52313e-09	4.509e-09	4.57113e-09	4.56753e-09	4.48668e-09	4.46126e-09	4.47509e-09	4.48059e-09	4.49127e-09	4.49761e-09	4.29889e-09	4.30729e-09	4.30242e-09	4.38622e-09	4.30741e-09	4.31199e-09	3.31376e-09	3.34407e-09	3.35808e-09	3.21944e-09	3.21808e-09	3.21667e-09	3.32534e-09	3.3829e-09	3.39374e-09	3.36946e-09	3.37633e-09	3.38493e-09	3.238e-09	3.28042e-09	3.27371e-09	3.17235e-09	3.21401e-09	3.20792e-09	3.14856e-09	3.17216e-09	3.16316e-09	3.15063e-09	3.20797e-09	3.2061e-09	3.17768e-09	3.18168e-09	3.18427e-09	3.11696e-09	3.16649e-09	3.16774e-09	3.19875e-09	3.19573e-09	3.18215e-09	3.14372e-09	3.22271e-09	3.2078e-09	3.39576e-09	3.38757e-09	3.40712e-09	3.3278e-09	3.33078e-09	3.33219e-09	3.27997e-09	3.31128e-09	3.33189e-09	3.20557e-09	3.19732e-09	3.21199e-09
ERR608818-k20-n1-x5e9	4.93859e-09	4.87667e-09	4.86783e-09	4.85871e-09	4.85415e-09	4.87127e-09	4.65139e-09	4.63865e-09	4.64944e-09	4.69251e-09	4.68556e-09	4.69657e-09	5.32673e-09	7.66673e-09	5.406e-09	5.38079e-09	5.38528e-09	5.35634e-09	4.59773e-09	4.58349e-09	4.57183e-09	4.56798e-09	4.61025e-09	4.60509e-09	4.48372e-09	4.54812e-09	4.5226e-09	4.52596e-09	4.50891e-09	4.52119e-09	4.5943e-09	4.59204e-09	4.59346e-09	4.61468e-09	4.61524e-09	4.60493e-09	4.52735e-09	4.5356e-09	4.507e-09	4.56171e-09	4.57974e-09	4.57279e-09	4.32705e-09	4.32774e-09	4.35309e-09	4.4536e-09	4.33842e-09	4.35162e-09	3.41805e-09	3.40727e-09	3.40907e-09	3.37897e-09	3.37939e-09	3.38353e-09	3.44877e-09	3.43471e-09	3.47512e-09	3.46093e-09	3.46701e-09	3.43413e-09	3.34372e-09	3.39338e-09	3.39149e-09	3.31694e-09	3.36667e-09	3.36965e-09	3.23501e-09	3.23637e-09	3.23141e-09	3.21989e-09	3.25333e-09	3.25083e-09	3.22399e-09	3.2888e-09	3.30122e-09	3.22138e-09	3.26182e-09	3.26022e-09	3.24937e-09	3.22919e-09	3.21951e-09	3.21042e-09	3.24167e-09	3.23185e-09	3.47404e-09	3.47498e-09	3.48613e-09	3.39671e-09	3.41122e-09	3.39783e-09	3.36961e-09	3.36213e-09	3.37112e-09	3.35592e-09	3.36032e-09	3.34966e-09
ERR608819-k20-n1-x5e9	4.92159e-09	4.90246e-09	4.87928e-09	4.86596e-09	4.86454e-09	4.86934e-09	4.66953e-09	4.64499e-09	4.67773e-09	4.7281e-09	4.73998e-09	4.74216e-09	5.31655e-09	5.406e-09	7.64151e-09	5.38047e-09	5.38172e-09	5.36328e-09	4.60513e-09	4.59617e-09	4.5976e-09	4.5986e-09	4.59852e-09	4.61197e-09	4.45916e-09	4.54262e-09	4.50494e-09	4.52967e-09	4.53016e-09	4.4958e-09	4.60225e-09	4.60107e-09	4.59557e-09	4.60327e-09	4.59701e-09	4.58915e-09	4.54825e-09	4.54539e-09	4.52667e-09	4.55897e-09	4.57361e-09	4.58914e-09	4.31333e-09	4.33535e-09	4.35701e-09	4.40252e-09	4.34149e-09	4.33532e-09	3.4084e-09	3.42255e-09	3.41517e-09	3.39598e-09	3.39982e-09	3.40346e-09	3.43678e-09	3.46154e-09	3.46847e-09	3.46551e-09	3.47089e-09	3.45901e-09	3.36598e-09	3.40386e-09	3.40461e-09	3.33535e-09	3.36982e-09	3.37042e-09	3.25215e-09	3.24707e-09	3.24294e-09	3.23371e-09	3.26248e-09	3.25875e-09	3.23687e-09	3.31287e-09	3.30398e-09	3.23051e-09	3.27802e-09	3.26747e-09	3.24658e-09	3.24289e-09	3.2292e-09	3.21358e-09	3.24005e-09	3.24093e-09	3.48552e-09	3.48917e-09	3.49947e-09	3.42505e-09	3.41778e-09	3.41589e-09	3.35013e-09	3.38681e-09	3.37998e-09	3.36146e-09	3.35497e-09	3.363e-09
ERR608820-k20-n1-x5e9	5.0381e-09	4.93894e-09	4.88539e-09	4.89496e-09	4.89344e-09	4.90529e-09	4.66421e-09	4.67539e-09	4.62348e-09	4.68115e-09	4.67425e-09	4.68619e-09	5.38865e-09	5.38079e-09	5.38047e-09	8.76915e-09	5.44323e-09	5.45401e-09	4.61072e-09	4.61197e-09	4.62646e-09	4.62829e-09	4.62493e-09	4.61932e-09	4.49077e-09	4.52401e-09	4.52807e-09	4.53622e-09	4.52275e-09	4.52952e-09	4.60985e-09	4.60106e-09	4.58522e-09	4.58173e-09	4.593e-09	4.59491e-09	4.54076e-09	4.51006e-09	4.53093e-09	4.55013e-09	4.55765e-09	4.554e-09	4.36315e-09	4.34803e-09	4.33785e-09	4.46051e-09	4.33259e-09	4.33418e-09	3.3895e-09	3.4173e-09	3.4205e-09	3.30123e-09	3.29463e-09	3.29402e-09	3.36645e-09	3.4533e-09	3.44795e-09	3.44365e-09	3.45226e-09	3.45057e-09	3.26908e-09	3.36662e-09	3.3718e-09	3.26234e-09	3.30999e-09	3.29831e-09	3.2097e-09	3.2226e-09	3.21458e-09	3.21765e-09	3.24207e-09	3.24425e-09	3.20557e-09	3.26482e-09	3.27293e-09	3.17676e-09	3.22204e-09	3.22169e-09	3.22675e-09	3.2329e-09	3.2264e-09	3.21028e-09	3.23889e-09	3.23622e-09	3.45776e-09	3.45794e-09	3.46629e-09	3.40259e-09	3.40046e-09	3.4072e-09	3.35343e-09	3.37203e-09	3.37459e-09	3.25698e-09	3.27304e-09	3.29221e-09
ERR608821-k20-n1-x5e9	5.03208e-09	4.92161e-09	4.88833e-09	4.8935e-09	4.89089e-09	4.90121e-09	4.65275e-09	4.68246e-09	4.62448e-09	4.66882e-09	4.66544e-09	4.67852e-09	5.3791e-09	5.38528e-09	5.38172e-09	5.44323e-09	8.67113e-09	5.44266e-09	4.59862e-09	4.60762e-09	4.59387e-09	4.59573e-09	4.62601e-09	4.62206e-09	4.48412e-09	4.51249e-09	4.52658e-09	4.52409e-09	4.53229e-09	4.52319e-09	4.59024e-09	4.59695e-09	4.57855e-09	4.5849e-09	4.59741e-09	4.59811e-09	4.52833e-09	4.52702e-09	4.53853e-09	4.54164e-09	4.54137e-09	4.54945e-09	4.34658e-09	4.34419e-09	4.32915e-09	4.45983e-09	4.33122e-09	4.33055e-09	3.39008e-09	3.41801e-09	3.4158e-09	3.30213e-09	3.29246e-09	3.29683e-09	3.37896e-09	3.45096e-09	3.45402e-09	3.44195e-09	3.43749e-09	3.45226e-09	3.26307e-09	3.3614e-09	3.35559e-09	3.26207e-09	3.31149e-09	3.29393e-09	3.21531e-09	3.22509e-09	3.21884e-09	3.21833e-09	3.24607e-09	3.24368e-09	3.19941e-09	3.26445e-09	3.27215e-09	3.18605e-09	3.21928e-09	3.21844e-09	3.23026e-09	3.23293e-09	3.23378e-09	3.20952e-09	3.23897e-09	3.24395e-09	3.46037e-09	3.45025e-09	3.45477e-09	3.40113e-09	3.3961e-09	3.3936e-09	3.36089e-09	3.37407e-09	3.37218e-09	3.26712e-09	3.28374e-09	3.29509e-09
ERR608822-k20-n1-x5e9	5.04197e-09	4.90935e-09	4.87408e-09	4.87245e-09	4.87106e-09	4.88623e-09	4.62269e-09	4.64036e-09	4.60036e-09	4.65211e-09	4.65644e-09	4.65775e-09	5.37789e-09	5.35634e-09	5.36328e-09	5.45401e-09	5.44266e-09	8.84426e-09	4.5905e-09	4.61492e-09	4.60654e-09	4.60115e-09	4.62318e-09	4.61179e-09	4.46211e-09	4.50946e-09	4.49255e-09	4.53097e-09	4.52021e-09	4.50484e-09	4.5868e-09	4.57178e-09	4.55511e-09	4.56285e-09	4.5765e-09	4.57641e-09	4.54204e-09	4.50297e-09	4.51978e-09	4.52301e-09	4.54514e-09	4.54229e-09	4.34014e-09	4.34292e-09	4.33272e-09	4.43245e-09	4.32002e-09	4.33607e-09	3.36169e-09	3.38956e-09	3.39724e-09	3.29008e-09	3.28422e-09	3.285e-09	3.34672e-09	3.4322e-09	3.44223e-09	3.43376e-09	3.44567e-09	3.43602e-09	3.25959e-09	3.36183e-09	3.36366e-09	3.24687e-09	3.27922e-09	3.27801e-09	3.20477e-09	3.22647e-09	3.21476e-09	3.2028e-09	3.24246e-09	3.23785e-09	3.20174e-09	3.26271e-09	3.25582e-09	3.16257e-09	3.21762e-09	3.2201e-09	3.22827e-09	3.22168e-09	3.22103e-09	3.1885e-09	3.22666e-09	3.22455e-09	3.43897e-09	3.44632e-09	3.45848e-09	3.39951e-09	3.39575e-09	3.39712e-09	3.33325e-09	3.35457e-09	3.36352e-09	3.25593e-09	3.25856e-09	3.26658e-09
ERR605665-k20-n1-x5e9	4.69202e-09	4.72298e-09	4.6963e-09	4.67764e-09	4.67946e-09	4.69162e-09	4.63005e-09	4.65922e-09	4.64675e-09	4.67989e-09	4.68641e-09	4.69264e-09	4.54156e-09	4.59773e-09	4.60513e-09	4.61072e-09	4.59862e-09	4.5905e-09	6.84688e-09	5.45988e-09	5.44855e-09	5.44577e-09	5.44289e-09	5.46271e-09	4.43609e-09	4.56133e-09	4.56623e-09	4.51341e-09	4.52023e-09	4.4998e-09	4.8758e-09	4.84828e-09	4.85016e-09	4.87799e-09	4.86354e-09	4.88685e-09	4.49727e-09	4.48346e-09	4.47534e-09	4.5232e-09	4.52305e-09	4.52999e-09	4.4651e-09	4.45937e-09	4.51301e-09	4.62538e-09	4.49081e-09	4.49994e-09	3.40522e-09	3.41196e-09	3.41698e-09	3.35772e-09	3.35863e-09	3.35422e-09	3.4507e-09	3.45897e-09	3.47097e-09	3.46585e-09	3.46604e-09	3.45932e-09	3.44624e-09	3.51418e-09	3.50467e-09	3.43349e-09	3.49037e-09	3.47986e-09	3.49874e-09	3.50085e-09	3.49242e-09	3.48367e-09	3.51794e-09	3.5135e-09	3.46659e-09	3.49237e-09	3.49325e-09	3.4763e-09	3.52998e-09	3.53814e-09	3.49717e-09	3.49989e-09	3.48539e-09	3.4758e-09	3.49844e-09	3.50733e-09	3.50556e-09	3.506e-09	3.51937e-09	3.40444e-09	3.40745e-09	3.39901e-09	3.38703e-09	3.39775e-09	3.3953e-09	3.36211e-09	3.36157e-09	3.35972e-09
ERR605666-k20-n1-x5e9	4.70182e-09	4.72585e-09	4.70584e-09	4.70752e-09	4.71969e-09	4.72462e-09	4.591e-09	4.64827e-09	4.64609e-09	4.64233e-09	4.647e-09	4.6501e-09	4.56956e-09	4.58349e-09	4.59617e-09	4.61197e-09	4.60762e-09	4.61492e-09	5.45988e-09	7.13136e-09	5.47801e-09	5.47752e-09	5.51026e-09	5.49382e-09	4.46782e-09	4.53992e-09	4.54755e-09	4.49237e-09	4.49794e-09	4.49627e-09	4.8435e-09	4.90747e-09	4.8944e-09	4.91265e-09	4.92678e-09	4.94822e-09	4.46577e-09	4.48363e-09	4.45484e-09	4.5264e-09	4.52504e-09	4.5178e-09	4.45692e-09	4.47018e-09	4.49388e-09	4.62497e-09	4.47894e-09	4.48476e-09	3.39637e-09	3.39572e-09	3.39999e-09	3.34637e-09	3.34843e-09	3.34361e-09	3.43734e-09	3.43991e-09	3.4591e-09	3.44564e-09	3.4586e-09	3.44086e-09	3.44103e-09	3.48256e-09	3.49286e-09	3.42484e-09	3.48058e-09	3.47026e-09	3.48639e-09	3.48946e-09	3.47803e-09	3.47301e-09	3.51442e-09	3.51008e-09	3.46155e-09	3.51941e-09	3.50922e-09	3.4692e-09	3.50565e-09	3.50603e-09	3.49872e-09	3.48612e-09	3.48793e-09	3.45796e-09	3.50915e-09	3.49687e-09	3.50725e-09	3.49567e-09	3.50548e-09	3.37831e-09	3.38667e-09	3.3771e-09	3.38254e-09	3.38182e-09	3.38604e-09	3.34503e-09	3.34179e-09	3.34482e-09
ERR605667-k20-n1-x5e9	4.70394e-09	4.73707e-09	4.69948e-09	4.71208e-09	4.73672e-09	4.74475e-09	4.61131e-09	4.64341e-09	4.64105e-09	4.64498e-09	4.64587e-09	4.6469e-09	4.562e-09	4.57183e-09	4.5976e-09	4.62646e-09	4.59387e-09	4.60654e-09	5.44855e-09	5.47801e-09	7.1484e-09	5.44228e-09	5.49044e-09	5.47512e-09	4.4723e-09	4.55185e-09	4.53899e-09	4.50684e-09	4.48708e-09	4.51406e-09	4.85063e-09	4.90311e-09	4.89692e-09	4.90514e-09	4.93797e-09	4.93695e-09	4.46562e-09	4.46295e-09	4.45561e-09	4.50001e-09	4.51068e-09	4.52166e-09	4.44674e-09	4.46047e-09	4.46697e-09	4.60688e-09	4.45529e-09	4.4634e-09	3.39335e-09	3.37954e-09	3.38439e-09	3.33773e-09	3.33392e-09	3.33482e-09	3.42505e-09	3.43819e-09	3.45421e-09	3.44598e-09	3.44987e-09	3.43743e-09	3.42826e-09	3.47943e-09	3.47845e-09	3.41109e-09	3.46238e-09	3.45144e-09	3.46825e-09	3.484e-09	3.46545e-09	3.46116e-09	3.4955e-09	3.50296e-09	3.45226e-09	3.5155e-09	3.50134e-09	3.44213e-09	3.48117e-09	3.48179e-09	3.48085e-09	3.47789e-09	3.46203e-09	3.45732e-09	3.48573e-09	3.48495e-09	3.50021e-09	3.50462e-09	3.51448e-09	3.37801e-09	3.37872e-09	3.37358e-09	3.38171e-09	3.37806e-09	3.37935e-09	3.33104e-09	3.33912e-09	3.3366e-09
ERR605668-k20-n1-x5e9	4.69952e-09	4.74595e-09	4.71186e-09	4.72245e-09	4.72804e-09	4.75275e-09	4.65313e-09	4.66821e-09	4.68274e-09	4.68527e-09	4.68566e-09	4.6874e-09	4.55151e-09	4.56798e-09	4.5986e-09	4.62829e-09	4.59573e-09	4.60115e-09	5.44577e-09	5.47752e-09	5.44228e-09	7.13632e-09	5.49622e-09	5.48157e-09	4.45923e-09	4.54927e-09	4.53933e-09	4.49856e-09	4.48589e-09	4.50393e-09	4.84719e-09	4.90068e-09	4.88013e-09	4.90939e-09	4.92784e-09	4.92798e-09	4.4664e-09	4.4681e-09	4.46199e-09	4.50255e-09	4.51341e-09	4.5246e-09	4.44565e-09	4.46409e-09	4.46768e-09	4.6087e-09	4.45634e-09	4.46069e-09	3.39071e-09	3.3796e-09	3.38096e-09	3.33692e-09	3.34252e-09	3.34106e-09	3.41693e-09	3.44072e-09	3.46005e-09	3.4432e-09	3.45446e-09	3.43895e-09	3.42639e-09	3.49311e-09	3.49303e-09	3.42775e-09	3.47024e-09	3.46356e-09	3.47357e-09	3.4844e-09	3.46727e-09	3.46591e-09	3.49065e-09	3.49355e-09	3.443e-09	3.5218e-09	3.50992e-09	3.44637e-09	3.4817e-09	3.48591e-09	3.47629e-09	3.47e-09	3.45512e-09	3.45414e-09	3.47287e-09	3.47213e-09	3.49878e-09	3.50841e-09	3.5165e-09	3.3833e-09	3.38499e-09	3.37649e-09	3.3781e-09	3.3771e-09	3.37148e-09	3.33192e-09	3.34063e-09	3.33885e-09
ERR605669-k20-n1-x5e9	4.71658e-09	4.71497e-09	4.68705e-09	4.68124e-09	4.69462e-09	4.68533e-09	4.48659e-09	4.58861e-09	4.53691e-09	4.57732e-09	4.5709e-09	4.57879e-09	4.6044e-09	4.61025e-09	4.59852e-09	4.62493e-09	4.62601e-09	4.62318e-09	5.44289e-09	5.51026e-09	5.49044e-09	5.49622e-09	7.14235e-09	5.55272e-09	4.47142e-09	4.58187e-09	4.56127e-09	4.52703e-09	4.54033e-09	4.5078e-09	4.87974e-09	4.90018e-09	4.90018e-09	4.92149e-09	4.98072e-09	4.99062e-09	4.49869e-09	4.49478e-09	4.44764e-09	4.54268e-09	4.54436e-09	4.54873e-09	4.4732e-09	4.48701e-09	4.53762e-09	4.63955e-09	4.51444e-09	4.53571e-09	3.40411e-09	3.42432e-09	3.43766e-09	3.35722e-09	3.35197e-09	3.35313e-09	3.47187e-09	3.45846e-09	3.47698e-09	3.45602e-09	3.46908e-09	3.4598e-09	3.47844e-09	3.48517e-09	3.47878e-09	3.42121e-09	3.47802e-09	3.47397e-09	3.49311e-09	3.5133e-09	3.49194e-09	3.48424e-09	3.55531e-09	3.54513e-09	3.50408e-09	3.49847e-09	3.47975e-09	3.48253e-09	3.53656e-09	3.54511e-09	3.52895e-09	3.52404e-09	3.51599e-09	3.49405e-09	3.56919e-09	3.55225e-09	3.51919e-09	3.50735e-09	3.52515e-09	3.39569e-09	3.39274e-09	3.39082e-09	3.40009e-09	3.40547e-09	3.41716e-09	3.36574e-09	3.36435e-09	3.35906e-09
ERR605670-k20-n1-x5e9	4.71836e-09	4.72543e-09	4.69053e-09	4.70998e-09	4.70879e-09	4.70835e-09	4.49875e-09	4.60529e-09	4.56676e-09	4.57517e-09	4.56997e-09	4.58248e-09	4.59839e-09	4.60509e-09	4.61197e-09	4.61932e-09	4.62206e-09	4.61179e-09	5.46271e-09	5.49382e-09	5.47512e-09	5.48157e-09	5.55272e-09	7.17127e-09	4.50607e-09	4.57205e-09	4.57616e-09	4.52065e-09	4.52962e-09	4.4895e-09	4.862e-09	4.90773e-09	4.89759e-09	4.91201e-09	4.97618e-09	4.97897e-09	4.48477e-09	4.48507e-09	4.46566e-09	4.53856e-09	4.53688e-09	4.54014e-09	4.46013e-09	4.48582e-09	4.51977e-09	4.62566e-09	4.50778e-09	4.50708e-09	3.42334e-09	3.41119e-09	3.42266e-09	3.35556e-09	3.34765e-09	3.34726e-09	3.46888e-09	3.4642e-09	3.45769e-09	3.44707e-09	3.46526e-09	3.46384e-09	3.47191e-09	3.48346e-09	3.48105e-09	3.42639e-09	3.4814e-09	3.47887e-09	3.48244e-09	3.49292e-09	3.49175e-09	3.46785e-09	3.53698e-09	3.54113e-09	3.49046e-09	3.50696e-09	3.49099e-09	3.46561e-09	3.52676e-09	3.51544e-09	3.50694e-09	3.5053e-09	3.49994e-09	3.47725e-09	3.54921e-09	3.5436e-09	3.51766e-09	3.51621e-09	3.51765e-09	3.38106e-09	3.38897e-09	3.39604e-09	3.39032e-09	3.40769e-09	3.4096e-09	3.36087e-09	3.35037e-09	3.35723e-09
ERR607397-k20-n1-x5e9	4.48552e-09	4.42867e-09	4.41019e-09	4.43636e-09	4.44083e-09	4.44462e-09	4.25071e-09	4.43672e-09	4.28245e-09	4.29342e-09	4.29274e-09	4.28178e-09	4.47988e-09	4.48372e-09	4.45916e-09	4.49077e-09	4.48412e-09	4.46211e-09	4.43609e-09	4.46782e-09	4.4723e-09	4.45923e-09	4.47142e-09	4.50607e-09	7.88715e-09	5.3203e-09	5.28172e-09	5.28164e-09	5.29498e-09	5.27236e-09	4.37209e-09	4.39564e-09	4.37128e-09	4.37206e-09	4.4362e-09	4.43116e-09	4.11378e-09	4.08391e-09	4.07554e-09	4.15337e-09	4.15607e-09	4.14997e-09	3.99504e-09	4.01506e-09	4.04294e-09	4.15467e-09	4.08043e-09	4.07828e-09	3.45384e-09	3.43991e-09	3.45438e-09	3.33357e-09	3.32988e-09	3.33899e-09	3.63329e-09	3.59081e-09	3.56667e-09	3.55604e-09	3.57433e-09	3.59997e-09	3.60965e-09	3.55608e-09	3.55262e-09	3.55441e-09	3.58589e-09	3.58812e-09	3.40807e-09	3.42766e-09	3.42355e-09	3.42059e-09	3.48526e-09	3.46898e-09	3.42124e-09	3.40012e-09	3.38861e-09	3.33995e-09	3.40414e-09	3.39462e-09	3.37072e-09	3.40275e-09	3.38926e-09	3.37902e-09	3.44251e-09	3.44307e-09	3.61973e-09	3.61349e-09	3.63466e-09	3.53854e-09	3.54014e-09	3.54121e-09	3.35732e-09	3.34117e-09	3.35336e-09	3.30083e-09	3.31167e-09	3.32171e-09
ERR607398-k20-n1-x5e9	4.51331e-09	4.51703e-09	4.48609e-09	4.5404e-09	4.53793e-09	4.55571e-09	4.44473e-09	4.45774e-09	4.41671e-09	4.44952e-09	4.45139e-09	4.46082e-09	4.48916e-09	4.54812e-09	4.54262e-09	4.52401e-09	4.51249e-09	4.50946e-09	4.56133e-09	4.53992e-09	4.55185e-09	4.54927e-09	4.58187e-09	4.57205e-09	5.3203e-09	7.42471e-09	5.2842e-09	5.33664e-09	5.3306e-09	5.33605e-09	4.44469e-09	4.45447e-09	4.42653e-09	4.42047e-09	4.4683e-09	4.46777e-09	4.20845e-09	4.20105e-09	4.19085e-09	4.21135e-09	4.21743e-09	4.23194e-09	4.12087e-09	4.13993e-09	4.15566e-09	4.22596e-09	4.12259e-09	4.11554e-09	3.53487e-09	3.53542e-09	3.53564e-09	3.48603e-09	3.48291e-09	3.48546e-09	3.65644e-09	3.68017e-09	3.69086e-09	3.68462e-09	3.6898e-09	3.68222e-09	3.714e-09	3.69009e-09	3.68392e-09	3.63084e-09	3.67183e-09	3.66372e-09	3.48904e-09	3.52348e-09	3.51674e-09	3.51114e-09	3.55713e-09	3.54364e-09	3.46495e-09	3.55648e-09	3.55254e-09	3.44046e-09	3.49304e-09	3.48797e-09	3.46839e-09	3.4615e-09	3.45674e-09	3.44192e-09	3.48029e-09	3.4788e-09	3.71999e-09	3.71668e-09	3.72581e-09	3.64931e-09	3.65221e-09	3.6412e-09	3.44309e-09	3.44367e-09	3.44954e-09	3.38754e-09	3.39635e-09	3.41147e-09
ERR607399-k20-n1-x5e9	4.50403e-09	4.5085e-09	4.50851e-09	4.52761e-09	4.53664e-09	4.53098e-09	4.46548e-09	4.45445e-09	4.46976e-09	4.46709e-09	4.46583e-09	4.46518e-09	4.45157e-09	4.5226e-09	4.50494e-09	4.52807e-09	4.52658e-09	4.49255e-09	4.56623e-09	4.54755e-09	4.53899e-09	4.53933e-09	4.56127e-09	4.57616e-09	5.28172e-09	5.2842e-09	7.36902e-09	5.32183e-09	5.3258e-09	5.30449e-09	4.43848e-09	4.44846e-09	4.43403e-09	4.43796e-09	4.46787e-09	4.44908e-09	4.20377e-09	4.1914e-09	4.19007e-09	4.21698e-09	4.21346e-09	4.21327e-09	4.1243e-09	4.13357e-09	4.13186e-09	4.23357e-09	4.12402e-09	4.12438e-09	3.53549e-09	3.55137e-09	3.54733e-09	3.50442e-09	3.50629e-09	3.49958e-09	3.67e-09	3.68923e-09	3.67075e-09	3.66772e-09	3.68272e-09	3.69107e-09	3.70391e-09	3.69347e-09	3.68929e-09	3.65472e-09	3.69099e-09	3.68512e-09	3.50844e-09	3.5226e-09	3.52682e-09	3.52648e-09	3.54935e-09	3.53932e-09	3.47903e-09	3.56434e-09	3.55996e-09	3.44678e-09	3.50157e-09	3.5044e-09	3.43898e-09	3.47317e-09	3.45844e-09	3.45466e-09	3.47687e-09	3.48031e-09	3.72665e-09	3.73353e-09	3.74817e-09	3.65328e-09	3.65781e-09	3.65917e-09	3.44962e-09	3.46077e-09	3.45283e-09	3.41033e-09	3.42842e-09	3.42479e-09
ERR607400-k20-n1-x5e9	4.49543e-09	4.51095e-09	4.49407e-09	4.51525e-09	4.53014e-09	4.52755e-09	4.43367e-09	4.51013e-09	4.43721e-09	4.42927e-09	4.42807e-09	4.43916e-09	4.49298e-09	4.52596e-09	4.52967e-09	4.53622e-09	4.52409e-09	4.53097e-09	4.51341e-09	4.49237e-09	4.50684e-09	4.49856e-09	4.52703e-09	4.52065e-09	5.28164e-09	5.33664e-09	5.32183e-09	7.8051e-09	5.3443e-09	5.32058e-09	4.4207e-09	4.43321e-09	4.42549e-09	4.42513e-09	4.45085e-09	4.45539e-09	4.16239e-09	4.17251e-09	4.14581e-09	4.22971e-09	4.2452e-09	4.23186e-09	4.06062e-09	4.07311e-09	4.10068e-09	4.21486e-09	4.11304e-09	4.12689e-09	3.49888e-09	3.50115e-09	3.51163e-09	3.42709e-09	3.43419e-09	3.42882e-09	3.67297e-09	3.64029e-09	3.66256e-09	3.63864e-09	3.66229e-09	3.6421e-09	3.64459e-09	3.65652e-09	3.66269e-09	3.62108e-09	3.67175e-09	3.67132e-09	3.48488e-09	3.47434e-09	3.45617e-09	3.46815e-09	3.49391e-09	3.49854e-09	3.45633e-09	3.48128e-09	3.47784e-09	3.42686e-09	3.46138e-09	3.47196e-09	3.43335e-09	3.42605e-09	3.43e-09	3.41905e-09	3.45754e-09	3.45235e-09	3.69373e-09	3.67837e-09	3.69159e-09	3.5866e-09	3.59788e-09	3.59769e-09	3.40926e-09	3.3945e-09	3.39818e-09	3.38702e-09	3.39165e-09	3.39533e-09
ERR607401-k20-n1-x5e9	4.49897e-09	4.52009e-09	4.49529e-09	4.51182e-09	4.50954e-09	4.52589e-09	4.41925e-09	4.5018e-09	4.43448e-09	4.43534e-09	4.4422e-09	4.44822e-09	4.49545e-09	4.50891e-09	4.53016e-09	4.52275e-09	4.53229e-09	4.52021e-09	4.52023e-09	4.49794e-09	4.48708e-09	4.48589e-09	4.54033e-09	4.52962e-09	5.29498e-09	5.3306e-09	5.3258e-09	5.3443e-09	7.68965e-09	5.31827e-09	4.42014e-09	4.43718e-09	4.4258e-09	4.42928e-09	4.45762e-09	4.44484e-09	4.16906e-09	4.17089e-09	4.14833e-09	4.23595e-09	4.25041e-09	4.24232e-09	4.07253e-09	4.08457e-09	4.1033e-09	4.22108e-09	4.12726e-09	4.11896e-09	3.50264e-09	3.50682e-09	3.50901e-09	3.43725e-09	3.43944e-09	3.44108e-09	3.68013e-09	3.64118e-09	3.66834e-09	3.66343e-09	3.67044e-09	3.64268e-09	3.66105e-09	3.66322e-09	3.67272e-09	3.62633e-09	3.67489e-09	3.66521e-09	3.49675e-09	3.48883e-09	3.47649e-09	3.46129e-09	3.51523e-09	3.49902e-09	3.46301e-09	3.47957e-09	3.48564e-09	3.42039e-09	3.47812e-09	3.46616e-09	3.43496e-09	3.41685e-09	3.42617e-09	3.42186e-09	3.46639e-09	3.45737e-09	3.69621e-09	3.66913e-09	3.67467e-09	3.60143e-09	3.61845e-09	3.59754e-09	3.40167e-09	3.39216e-09	3.3868e-09	3.39623e-09	3.39965e-09	3.40194e-09
ERR607402-k20-n1-x5e9	4.47792e-09	4.4906e-09	4.48765e-09	4.50043e-09	4.509e-09	4.5179e-09	4.41554e-09	4.51795e-09	4.42604e-09	4.41337e-09	4.42073e-09	4.41572e-09	4.47056e-09	4.52119e-09	4.4958e-09	4.52952e-09	4.52319e-09	4.50484e-09	4.4998e-09	4.49627e-09	4.51406e-09	4.50393e-09	4.5078e-09	4.4895e-09	5.27236e-09	5.33605e-09	5.30449e-09	5.32058e-09	5.31827e-09	7.85994e-09	4.41485e-09	4.41349e-09	4.40503e-09	4.401e-09	4.45553e-09	4.43683e-09	4.16786e-09	4.15172e-09	4.15119e-09	4.21653e-09	4.2186e-09	4.22094e-09	4.0536e-09	4.07634e-09	4.09389e-09	4.2275e-09	4.10103e-09	4.11164e-09	3.5003e-09	3.48974e-09	3.50058e-09	3.41737e-09	3.40361e-09	3.4177e-09	3.67175e-09	3.64679e-09	3.64298e-09	3.63351e-09	3.64226e-09	3.65066e-09	3.62932e-09	3.63341e-09	3.63291e-09	3.62429e-09	3.65778e-09	3.66329e-09	3.46524e-09	3.46333e-09	3.46574e-09	3.47125e-09	3.50746e-09	3.50955e-09	3.44172e-09	3.46707e-09	3.46222e-09	3.40559e-09	3.45356e-09	3.45067e-09	3.41547e-09	3.43477e-09	3.4322e-09	3.41987e-09	3.45343e-09	3.45493e-09	3.6797e-09	3.68027e-09	3.68483e-09	3.59221e-09	3.57922e-09	3.5974e-09	3.40528e-09	3.40211e-09	3.4045e-09	3.36875e-09	3.37682e-09	3.38879e-09
ERR605737-k20-n1-x5e9	4.72735e-09	4.71882e-09	4.68829e-09	4.72974e-09	4.72911e-09	4.74801e-09	4.62294e-09	4.64502e-09	4.60636e-09	4.63953e-09	4.62136e-09	4.64182e-09	4.53899e-09	4.5943e-09	4.60225e-09	4.60985e-09	4.59024e-09	4.5868e-09	4.8758e-09	4.8435e-09	4.85063e-09	4.84719e-09	4.87974e-09	4.862e-09	4.37209e-09	4.44469e-09	4.43848e-09	4.4207e-09	4.42014e-09	4.41485e-09	8.32824e-09	5.94203e-09	5.91201e-09	5.90209e-09	5.93314e-09	5.93631e-09	4.43865e-09	4.44503e-09	4.43358e-09	4.47363e-09	4.47584e-09	4.47321e-09	4.5922e-09	4.6102e-09	4.61232e-09	4.73712e-09	4.61461e-09	4.63277e-09	3.31415e-09	3.31936e-09	3.32123e-09	3.23881e-09	3.24212e-09	3.25209e-09	3.35685e-09	3.35979e-09	3.36925e-09	3.36218e-09	3.36351e-09	3.36164e-09	3.28825e-09	3.35834e-09	3.36374e-09	3.3138e-09	3.36346e-09	3.36195e-09	3.72373e-09	3.73543e-09	3.7379e-09	3.74971e-09	3.76859e-09	3.7722e-09	3.70115e-09	3.61836e-09	3.61116e-09	3.64954e-09	3.69975e-09	3.71294e-09	3.76279e-09	3.79292e-09	3.7982e-09	3.80813e-09	3.82536e-09	3.82634e-09	3.37805e-09	3.37688e-09	3.38203e-09	3.2698e-09	3.28474e-09	3.28159e-09	3.37975e-09	3.38519e-09	3.37442e-09	3.35068e-09	3.34339e-09	3.34894e-09
ERR605738-k20-n1-x5e9	4.77022e-09	4.7242e-09	4.6932e-09	4.71332e-09	4.722e-09	4.73462e-09	4.59276e-09	4.65016e-09	4.58417e-09	4.61262e-09	4.61652e-09	4.62982e-09	4.5389e-09	4.59204e-09	4.60107e-09	4.60106e-09	4.59695e-09	4.57178e-09	4.84828e-09	4.90747e-09	4.90311e-09	4.90068e-09	4.90018e-09	4.90773e-09	4.39564e-09	4.45447e-09	4.44846e-09	4.43321e-09	4.43718e-09	4.41349e-09	5.94203e-09	8.60993e-09	5.94596e-09	5.97397e-09	5.98056e-09	6.01197e-09	4.44668e-09	4.43548e-09	4.43511e-09	4.44174e-09	4.44e-09	4.44311e-09	4.62096e-09	4.61453e-09	4.63463e-09	4.75226e-09	4.64942e-09	4.65858e-09	3.32424e-09	3.31844e-09	3.31928e-09	3.20647e-09	3.20623e-09	3.20956e-09	3.33996e-09	3.35189e-09	3.3476e-09	3.33204e-09	3.32929e-09	3.35153e-09	3.25694e-09	3.34186e-09	3.33141e-09	3.29697e-09	3.3415e-09	3.33439e-09	3.72117e-09	3.783e-09	3.77821e-09	3.78199e-09	3.8149e-09	3.80833e-09	3.71362e-09	3.61136e-09	3.61774e-09	3.65984e-09	3.72112e-09	3.73415e-09	3.78772e-09	3.8339e-09	3.84438e-09	3.85614e-09	3.8692e-09	3.88779e-09	3.35625e-09	3.36373e-09	3.37954e-09	3.28472e-09	3.28542e-09	3.28536e-09	3.39083e-09	3.38535e-09	3.3813e-09	3.31788e-09	3.32254e-09	3.3316e-09
