	ERR608293-k20-n1-x5e9	ERR608294-k20-n1-x5e9	ERR608295-k20-n1-x5e9	ERR608296-k20-n1-x5e9	ERR608297-k20-n1-x5e9	ERR608298-k20-n1-x5e9	ERR610193-k20-n1-x5e9	ERR610194-k20-n1-x5e9	ERR610195-k20-n1-x5e9	ERR610196-k20-n1-x5e9	ERR610197-k20-n1-x5e9	ERR610198-k20-n1-x5e9	ERR608817-k20-n1-x5e9	ERR608818-k20-n1-x5e9	ERR608819-k20-n1-x5e9	ERR608820-k20-n1-x5e9	ERR608821-k20-n1-x5e9	ERR608822-k20-n1-x5e9	ERR605665-k20-n1-x5e9	ERR605666-k20-n1-x5e9	ERR605667-k20-n1-x5e9	ERR605668-k20-n1-x5e9	ERR605669-k20-n1-x5e9	ERR605670-k20-n1-x5e9	ERR607397-k20-n1-x5e9	ERR607398-k20-n1-x5e9	ERR607399-k20-n1-x5e9	ERR607400-k20-n1-x5e9	ERR607401-k20-n1-x5e9	ERR607402-k20-n1-x5e9	ERR605737-k20-n1-x5e9	ERR605738-k20-n1-x5e9	ERR605739-k20-n1-x5e9	ERR605740-k20-n1-x5e9	ERR605741-k20-n1-x5e9	ERR605742-k20-n1-x5e9	ERR608659-k20-n1-x5e9	ERR608660-k20-n1-x5e9	ERR608661-k20-n1-x5e9	ERR608662-k20-n1-x5e9	ERR608663-k20-n1-x5e9	ERR608664-k20-n1-x5e9	ERR609881-k20-n1-x5e9	ERR609882-k20-n1-x5e9	ERR609883-k20-n1-x5e9	ERR609884-k20-n1-x5e9	ERR609885-k20-n1-x5e9	ERR609886-k20-n1-x5e9	ERR608787-k20-n1-x5e9	ERR608788-k20-n1-x5e9	ERR608789-k20-n1-x5e9	ERR608790-k20-n1-x5e9	ERR608791-k20-n1-x5e9	ERR608792-k20-n1-x5e9	ERR608389-k20-n1-x5e9	ERR608390-k20-n1-x5e9	ERR608391-k20-n1-x5e9	ERR608392-k20-n1-x5e9	ERR608393-k20-n1-x5e9	ERR608394-k20-n1-x5e9	ERR605988-k20-n1-x5e9	ERR605989-k20-n1-x5e9	ERR605990-k20-n1-x5e9	ERR605991-k20-n1-x5e9	ERR605992-k20-n1-x5e9	ERR605993-k20-n1-x5e9	ERR605659-k20-n1-x5e9	ERR605660-k20-n1-x5e9	ERR605661-k20-n1-x5e9	ERR605662-k20-n1-x5e9	ERR605663-k20-n1-x5e9	ERR605664-k20-n1-x5e9	ERR605976-k20-n1-x5e9	ERR605977-k20-n1-x5e9	ERR605978-k20-n1-x5e9	ERR605979-k20-n1-x5e9	ERR605980-k20-n1-x5e9	ERR605981-k20-n1-x5e9	ERR605611-k20-n1-x5e9	ERR605612-k20-n1-x5e9	ERR605613-k20-n1-x5e9	ERR605614-k20-n1-x5e9	ERR605615-k20-n1-x5e9	ERR605616-k20-n1-x5e9	ERR608215-k20-n1-x5e9	ERR608216-k20-n1-x5e9	ERR608217-k20-n1-x5e9	ERR608218-k20-n1-x5e9	ERR608219-k20-n1-x5e9	ERR608220-k20-n1-x5e9	ERR607311-k20-n1-x5e9	ERR607312-k20-n1-x5e9	ERR607313-k20-n1-x5e9	ERR607314-k20-n1-x5e9	ERR607315-k20-n1-x5e9	ERR607316-k20-n1-x5e9
ERR608293-k20-n1-x5e9	0	0.889087	0.888998	0.877021	0.876815	0.87697	1.02943	1.08073	1.03376	1.01547	1.01571	1.0152	0.990827	0.96216	0.963164	0.987576	0.985273	0.989385	0.959171	0.969309	0.969715	0.969766	0.968013	0.968915	1.01884	1.00119	1.00034	1.01531	1.01135	1.01883	1.00667	1.01038	1.01591	1.0198	1.01803	1.01972	1.02501	1.01921	1.02788	0.985515	0.987638	0.986906	1.08245	1.07261	1.05929	1.01321	1.01709	1.01807	1.15344	1.14905	1.14948	1.17127	1.1716	1.17016	1.15796	1.13991	1.13814	1.13882	1.13645	1.1409	1.17817	1.14779	1.14645	1.16598	1.16589	1.16698	1.16179	1.16619	1.16747	1.17033	1.16694	1.16717	1.17047	1.13745	1.13721	1.15821	1.15851	1.15957	1.16476	1.16984	1.17035	1.17661	1.17203	1.17322	1.13841	1.13445	1.13484	1.16136	1.16136	1.16114	1.15825	1.15002	1.14915	1.17206	1.1691	1.16666
ERR608294-k20-n1-x5e9	0.889087	0	0.837663	0.821183	0.819484	0.821495	0.97157	1.0476	0.984649	0.957049	0.958617	0.956252	0.964018	0.918285	0.9139	0.9511	0.949886	0.956967	0.902512	0.915264	0.914515	0.912781	0.917211	0.917087	0.981987	0.954585	0.953515	0.969291	0.964069	0.973652	0.962322	0.970863	0.97859	0.982118	0.983054	0.986103	0.991597	0.987465	0.992984	0.937249	0.939491	0.939249	1.0465	1.03886	1.02802	0.972088	0.975359	0.975681	1.12063	1.11049	1.11251	1.1432	1.14249	1.1406	1.13085	1.09904	1.09591	1.09557	1.09556	1.09982	1.15407	1.10354	1.10332	1.13288	1.13321	1.13533	1.12585	1.12982	1.13127	1.13311	1.13241	1.13421	1.13998	1.09929	1.09805	1.12579	1.12614	1.12553	1.12991	1.13544	1.13594	1.14463	1.14207	1.14313	1.10637	1.1	1.10017	1.12227	1.12267	1.12397	1.12342	1.10978	1.11116	1.14269	1.13844	1.13471
ERR608295-k20-n1-x5e9	0.888998	0.837663	0	0.81242	0.813766	0.813701	0.958896	1.04002	0.976168	0.945883	0.946716	0.944934	0.960345	0.909123	0.906534	0.948043	0.944411	0.951845	0.895539	0.907603	0.909249	0.906999	0.910681	0.911501	0.975596	0.949234	0.944134	0.96242	0.958086	0.96516	0.95687	0.965593	0.972148	0.975175	0.977173	0.979454	0.989924	0.98252	0.989408	0.929944	0.932841	0.932241	1.04159	1.03438	1.02569	0.960829	0.970526	0.972093	1.11235	1.10261	1.10471	1.13657	1.1366	1.13431	1.12453	1.09193	1.08921	1.08972	1.08922	1.09297	1.14932	1.09829	1.09747	1.1251	1.1251	1.12714	1.11968	1.12496	1.12625	1.12697	1.12806	1.12889	1.13562	1.093	1.09147	1.11993	1.12127	1.12161	1.12449	1.12995	1.13004	1.13696	1.13615	1.13713	1.09869	1.09404	1.09505	1.11676	1.1179	1.11892	1.11474	1.10229	1.10424	1.13612	1.13013	1.12616
ERR608296-k20-n1-x5e9	0.877021	0.821183	0.81242	0	0.789089	0.786431	0.940649	1.02426	0.956177	0.925715	0.925977	0.925043	0.939197	0.886976	0.884824	0.925791	0.922491	0.931228	0.874064	0.883829	0.883984	0.88188	0.888196	0.885391	0.952776	0.920804	0.920214	0.939431	0.935431	0.943447	0.931026	0.943064	0.949143	0.953237	0.955775	0.957751	0.969885	0.964595	0.97468	0.908689	0.91361	0.912258	1.02843	1.01906	1.00717	0.93774	0.944748	0.945695	1.09613	1.08829	1.09043	1.12421	1.12306	1.12135	1.10651	1.07941	1.07661	1.07643	1.07674	1.08037	1.13612	1.08485	1.08491	1.10629	1.10754	1.10789	1.10683	1.11143	1.11254	1.11511	1.11513	1.11538	1.12216	1.07853	1.07729	1.10445	1.10502	1.10501	1.11243	1.1177	1.1184	1.12312	1.12297	1.12458	1.08406	1.07866	1.07903	1.10545	1.10635	1.10643	1.1003	1.09049	1.09207	1.11993	1.11423	1.10907
ERR608297-k20-n1-x5e9	0.876815	0.819484	0.813766	0.789089	0	0.78795	0.941549	1.02416	0.956994	0.925651	0.926846	0.925733	0.939475	0.888299	0.88571	0.926597	0.923444	0.932007	0.874495	0.882736	0.881068	0.881754	0.886928	0.886249	0.952771	0.921769	0.919592	0.938065	0.936333	0.942915	0.931714	0.942568	0.949699	0.952898	0.955674	0.956812	0.969761	0.964184	0.973938	0.909341	0.91007	0.912551	1.02793	1.0198	1.00764	0.938568	0.944854	0.946416	1.09665	1.08937	1.09147	1.12432	1.12378	1.12237	1.10702	1.07894	1.07735	1.07705	1.07657	1.07998	1.13631	1.08545	1.08415	1.10701	1.10724	1.10881	1.10776	1.11179	1.11364	1.11554	1.11509	1.11626	1.12289	1.07879	1.07639	1.10473	1.10508	1.10578	1.11278	1.11863	1.11827	1.124	1.12372	1.12489	1.08477	1.07845	1.07947	1.10608	1.10559	1.10617	1.10086	1.09106	1.0926	1.12062	1.11415	1.10957
ERR608298-k20-n1-x5e9	0.87697	0.821495	0.813701	0.786431	0.78795	0	0.942517	1.02564	0.957277	0.927008	0.928374	0.925811	0.937856	0.886089	0.88523	0.925282	0.922311	0.93029	0.87286	0.882212	0.880088	0.878323	0.888476	0.886508	0.952446	0.919501	0.920554	0.938577	0.934329	0.94192	0.929458	0.941161	0.948458	0.952119	0.952705	0.95698	0.969104	0.96604	0.972947	0.908411	0.91012	0.910263	1.02861	1.01736	1.00681	0.936588	0.94347	0.94361	1.09652	1.08971	1.09101	1.12387	1.12243	1.12031	1.10441	1.07862	1.07685	1.07643	1.07596	1.07931	1.13415	1.08553	1.08344	1.1063	1.10606	1.10721	1.10528	1.11079	1.11257	1.11403	1.11391	1.11496	1.12142	1.07769	1.07533	1.10473	1.10416	1.10418	1.11246	1.1169	1.11774	1.12352	1.12181	1.12287	1.08395	1.07738	1.07816	1.10536	1.10506	1.10605	1.10059	1.08967	1.09155	1.1188	1.11288	1.1091
ERR610193-k20-n1-x5e9	1.02943	0.97157	0.958896	0.940649	0.941549	0.942517	0	0.898277	0.785034	0.743536	0.742768	0.740821	1.0039	0.941782	0.938494	0.977957	0.976267	0.984931	0.909727	0.927854	0.925872	0.919729	0.942165	0.94176	0.998573	0.958754	0.953977	0.973909	0.971638	0.977987	0.968816	0.981289	0.987522	0.986889	1.00096	1.0025	1.00515	0.999439	1.00626	0.942134	0.943209	0.94459	1.02788	1.01914	1.01211	0.937283	0.949688	0.951234	1.11136	1.10081	1.10674	1.12692	1.1257	1.12394	1.12031	1.08766	1.08514	1.08255	1.08058	1.0894	1.13768	1.07221	1.07001	1.0973	1.10053	1.10058	1.10322	1.1134	1.1139	1.11194	1.12303	1.12241	1.13456	1.07863	1.07703	1.10732	1.11009	1.10993	1.12092	1.12889	1.12924	1.13154	1.1397	1.1409	1.09519	1.08664	1.09036	1.11182	1.1136	1.11351	1.11383	1.10122	1.10625	1.12553	1.11816	1.11511
ERR610194-k20-n1-x5e9	1.08073	1.0476	1.04002	1.02426	1.02416	1.02564	0.898277	0	0.909228	0.890616	0.890186	0.891201	1.06394	1.02567	1.02428	1.05194	1.04889	1.0569	0.996194	1.00748	1.00858	1.00556	1.01411	1.01334	1.05168	1.03646	1.0351	1.04234	1.03988	1.04311	1.04364	1.05034	1.0548	1.05549	1.06024	1.06313	1.07108	1.06931	1.07315	1.02975	1.03196	1.03232	1.08899	1.08317	1.07557	1.02634	1.03279	1.03353	1.17132	1.16559	1.16744	1.18598	1.18561	1.18354	1.17579	1.15539	1.15359	1.15283	1.15225	1.15621	1.1889	1.14752	1.1468	1.16587	1.16652	1.1672	1.16851	1.173	1.1748	1.17483	1.17762	1.17784	1.18737	1.14657	1.1467	1.17223	1.17254	1.17274	1.17928	1.18358	1.18433	1.18849	1.19013	1.19099	1.16042	1.15474	1.15558	1.17488	1.1754	1.17586	1.17502	1.16722	1.16897	1.18633	1.18142	1.17926
ERR610195-k20-n1-x5e9	1.03376	0.984649	0.976168	0.956177	0.956994	0.957277	0.785034	0.909228	0	0.771718	0.77157	0.770054	1.01503	0.955198	0.95078	0.994354	0.991374	0.999039	0.921844	0.934415	0.935786	0.929858	0.948925	0.946287	1.00615	0.974751	0.96619	0.985541	0.981954	0.988669	0.982934	0.994038	1.00082	1	1.01273	1.01289	1.01816	1.01074	1.01782	0.957607	0.960546	0.961849	1.0356	1.028	1.02303	0.952134	0.965415	0.967501	1.12217	1.11058	1.11555	1.14011	1.139	1.13716	1.13383	1.09787	1.09542	1.09403	1.09391	1.09988	1.14855	1.08479	1.08374	1.11411	1.11584	1.11735	1.11557	1.12159	1.12256	1.12184	1.13135	1.13075	1.14382	1.09151	1.08945	1.1192	1.12251	1.12229	1.12939	1.13599	1.13597	1.14057	1.14731	1.14767	1.10767	1.1015	1.10374	1.12201	1.12195	1.12243	1.12436	1.11165	1.11586	1.14167	1.13402	1.13174
ERR610196-k20-n1-x5e9	1.01547	0.957049	0.945883	0.925715	0.925651	0.927008	0.743536	0.890616	0.771718	0	0.712132	0.708232	0.982768	0.919631	0.913811	0.960898	0.959223	0.966725	0.884224	0.903315	0.903722	0.897463	0.912938	0.914526	0.97916	0.942229	0.937654	0.959258	0.954258	0.963229	0.951324	0.964014	0.971774	0.968722	0.982844	0.984528	0.990176	0.982261	0.992658	0.921934	0.922648	0.924185	1.01238	1.00295	0.9912	0.922668	0.929899	0.932326	1.09898	1.09077	1.09439	1.11259	1.11133	1.10934	1.1083	1.07524	1.07179	1.06952	1.0684	1.07678	1.12106	1.05884	1.05676	1.0879	1.09006	1.09001	1.09199	1.09832	1.10053	1.1002	1.10884	1.10853	1.12148	1.06497	1.06247	1.09541	1.09728	1.09813	1.10778	1.11515	1.11645	1.12127	1.12704	1.12831	1.08445	1.07568	1.07762	1.09977	1.10103	1.10063	1.10479	1.08949	1.09365	1.1154	1.10861	1.10709
ERR610197-k20-n1-x5e9	1.01571	0.958617	0.946716	0.925977	0.926846	0.928374	0.742768	0.890186	0.77157	0.712132	0	0.710499	0.98428	0.921591	0.91326	0.962643	0.960556	0.967121	0.884401	0.903734	0.904674	0.898503	0.914883	0.916294	0.980119	0.942953	0.938805	0.960335	0.954316	0.963219	0.954515	0.964459	0.971879	0.971802	0.984322	0.984873	0.990346	0.982549	0.993703	0.92076	0.924792	0.924515	1.01259	1.00461	0.992309	0.922419	0.932472	0.931665	1.10063	1.09126	1.09618	1.11281	1.11256	1.11058	1.10934	1.07736	1.07215	1.06949	1.06981	1.07861	1.12232	1.06056	1.05843	1.08889	1.09007	1.09064	1.09216	1.09986	1.10109	1.10151	1.10971	1.11014	1.12253	1.0655	1.0637	1.09547	1.09866	1.09867	1.10756	1.11722	1.11698	1.1227	1.12846	1.12904	1.0854	1.07733	1.07967	1.10068	1.10103	1.10161	1.10344	1.09089	1.09503	1.11617	1.11021	1.10722
ERR610198-k20-n1-x5e9	1.0152	0.956252	0.944934	0.925043	0.925733	0.925811	0.740821	0.891201	0.770054	0.708232	0.710499	0	0.983016	0.919834	0.912674	0.960961	0.958723	0.966713	0.883168	0.902997	0.904229	0.897951	0.913491	0.914265	0.981228	0.941434	0.938618	0.95867	0.95328	0.963594	0.951723	0.962604	0.971594	0.969241	0.982448	0.984377	0.989042	0.982424	0.991633	0.921499	0.921632	0.922982	1.01301	1.00197	0.99142	0.92343	0.929371	0.931833	1.10032	1.09083	1.09565	1.11194	1.11248	1.1092	1.10829	1.07501	1.07119	1.06929	1.06779	1.07647	1.12145	1.05953	1.05762	1.08717	1.0898	1.0906	1.09175	1.09827	1.10044	1.10044	1.10859	1.10846	1.12157	1.06461	1.06351	1.09616	1.09684	1.09818	1.10817	1.11611	1.11676	1.12145	1.12711	1.12813	1.08485	1.07518	1.07895	1.10077	1.10147	1.10174	1.10411	1.08891	1.09405	1.11533	1.10896	1.10713
ERR608817-k20-n1-x5e9	0.990827	0.964018	0.960345	0.939197	0.939475	0.937856	1.0039	1.06394	1.01503	0.982768	0.98428	0.983016	0	0.838396	0.838601	0.87925	0.876557	0.883594	0.910913	0.91993	0.921713	0.92262	0.915626	0.91773	0.961494	0.942968	0.945693	0.956907	0.952345	0.961693	0.969294	0.978287	0.985896	0.993213	0.983098	0.986398	1.01289	1.01048	1.01764	0.952457	0.95377	0.953448	1.0394	1.02925	1.01757	0.955005	0.956856	0.958029	1.10913	1.1006	1.09959	1.13834	1.13767	1.1359	1.11582	1.08815	1.0848	1.08731	1.08602	1.0884	1.14039	1.10051	1.09994	1.12757	1.12732	1.12847	1.1136	1.11669	1.11859	1.12151	1.11585	1.11658	1.12672	1.09567	1.09459	1.12031	1.11952	1.11983	1.11397	1.11935	1.12122	1.1308	1.12163	1.12469	1.09612	1.09186	1.09005	1.11748	1.11732	1.1179	1.11406	1.10122	1.09849	1.13522	1.13245	1.12841
ERR608818-k20-n1-x5e9	0.96216	0.918285	0.909123	0.886976	0.888299	0.886089	0.941782	1.02567	0.955198	0.919631	0.921591	0.919834	0.838396	0	0.766437	0.829169	0.824028	0.836089	0.854881	0.871921	0.874572	0.874569	0.868313	0.87056	0.920219	0.891269	0.892527	0.910953	0.908585	0.913867	0.921997	0.932526	0.938922	0.942742	0.939208	0.943795	0.973163	0.966338	0.979519	0.898923	0.899406	0.90097	1.00415	0.993734	0.976987	0.903639	0.910986	0.911047	1.07207	1.0673	1.06763	1.0992	1.09822	1.09555	1.07759	1.05475	1.04736	1.04889	1.04753	1.05536	1.10732	1.06103	1.05975	1.08807	1.08708	1.08739	1.0787	1.08489	1.08653	1.08967	1.08622	1.0871	1.09819	1.05578	1.05328	1.08409	1.08443	1.08513	1.08348	1.09147	1.09308	1.1004	1.09566	1.09846	1.06058	1.05462	1.05364	1.0856	1.08414	1.08645	1.07926	1.0694	1.06776	1.09648	1.09183	1.09002
ERR608819-k20-n1-x5e9	0.963164	0.9139	0.906534	0.884824	0.88571	0.88523	0.938494	1.02428	0.95078	0.913811	0.91326	0.912674	0.838601	0.766437	0	0.827911	0.823237	0.833793	0.852458	0.868773	0.869406	0.868644	0.868958	0.868313	0.92262	0.890973	0.894052	0.909366	0.904459	0.916399	0.919886	0.93033	0.937666	0.94323	0.940581	0.944842	0.969764	0.964233	0.976317	0.898229	0.899202	0.897515	1.00491	0.991994	0.975621	0.910059	0.909471	0.912398	1.07254	1.06482	1.06625	1.09678	1.09543	1.09279	1.07831	1.05076	1.04748	1.04761	1.04634	1.05162	1.10441	1.05908	1.05746	1.08537	1.08611	1.08668	1.076	1.083	1.08456	1.08745	1.08453	1.08556	1.09614	1.05201	1.05223	1.08238	1.08191	1.08366	1.08318	1.08928	1.09136	1.09945	1.09524	1.09685	1.05853	1.05221	1.05132	1.08181	1.08278	1.08382	1.08086	1.06579	1.06604	1.09528	1.09181	1.08792
ERR608820-k20-n1-x5e9	0.987576	0.9511	0.948043	0.925791	0.926597	0.925282	0.977957	1.05194	0.994354	0.960898	0.962643	0.960961	0.87925	0.829169	0.827911	0	0.866922	0.872573	0.899959	0.913011	0.911767	0.910971	0.911708	0.913776	0.959182	0.937371	0.934574	0.950463	0.947872	0.953324	0.959765	0.970035	0.977811	0.984062	0.979681	0.982381	1.00625	1.00434	1.01089	0.942513	0.944291	0.945257	1.032	1.02413	1.01284	0.944316	0.952567	0.954152	1.10056	1.0921	1.09226	1.12991	1.12973	1.12782	1.11105	1.07966	1.07807	1.07835	1.07683	1.08046	1.13692	1.09043	1.08849	1.1178	1.11705	1.1188	1.10637	1.11073	1.11255	1.11387	1.11167	1.11197	1.12332	1.08546	1.0837	1.11334	1.11307	1.11357	1.1104	1.11489	1.11603	1.12347	1.1194	1.12123	1.08882	1.0835	1.08291	1.10931	1.10967	1.10974	1.10581	1.09402	1.09323	1.12964	1.12437	1.11978
ERR608821-k20-n1-x5e9	0.985273	0.949886	0.944411	0.922491	0.923444	0.922311	0.976267	1.04889	0.991374	0.959223	0.960556	0.958723	0.876557	0.824028	0.823237	0.866922	0	0.870055	0.897976	0.910011	0.912695	0.911894	0.907937	0.909794	0.956844	0.93553	0.93137	0.948761	0.943353	0.950899	0.959001	0.967445	0.97558	0.980738	0.97617	0.979038	1.00483	0.999678	1.00734	0.940293	0.943091	0.942542	1.03117	1.02193	1.0111	0.941093	0.949513	0.951411	1.09848	1.08994	1.09069	1.12802	1.12813	1.12572	1.10781	1.07775	1.07519	1.07635	1.07631	1.0781	1.13574	1.08891	1.08819	1.11594	1.11499	1.11736	1.10377	1.10852	1.11016	1.11188	1.1093	1.1101	1.1221	1.08337	1.08164	1.1104	1.11144	1.11199	1.10807	1.11297	1.11334	1.12169	1.11751	1.11856	1.08642	1.08221	1.08204	1.1075	1.10816	1.10917	1.10304	1.09173	1.09142	1.12683	1.12145	1.11761
ERR608822-k20-n1-x5e9	0.989385	0.956967	0.951845	0.931228	0.932007	0.93029	0.984931	1.0569	0.999039	0.966725	0.967121	0.966713	0.883594	0.836089	0.833793	0.872573	0.870055	0	0.905642	0.91532	0.917226	0.917431	0.914673	0.917516	0.965136	0.941822	0.941818	0.953577	0.950665	0.958848	0.964941	0.9758	0.983555	0.988433	0.98383	0.986724	1.0082	1.0072	1.01413	0.948503	0.948384	0.949238	1.03629	1.02665	1.01545	0.950469	0.956657	0.956331	1.10501	1.09665	1.09632	1.13235	1.1321	1.13007	1.11452	1.08365	1.08036	1.0811	1.07923	1.08372	1.13914	1.09253	1.09098	1.12081	1.12159	1.12227	1.10839	1.11179	1.11399	1.11688	1.11309	1.11411	1.12511	1.08731	1.0873	1.1163	1.11499	1.11519	1.1117	1.1175	1.11803	1.12708	1.12207	1.12383	1.09242	1.0864	1.08539	1.1111	1.11162	1.11223	1.1094	1.09747	1.096	1.13111	1.1272	1.12377
ERR605665-k20-n1-x5e9	0.959171	0.902512	0.895539	0.874064	0.874495	0.87286	0.909727	0.996194	0.921844	0.884224	0.884401	0.883168	0.910913	0.854881	0.852458	0.899959	0.897976	0.905642	0	0.661273	0.66512	0.664726	0.665842	0.663949	0.890324	0.848831	0.845168	0.874754	0.868377	0.879328	0.841797	0.858542	0.866238	0.870068	0.868005	0.868536	0.945087	0.940611	0.952186	0.865659	0.869046	0.868553	0.95768	0.94658	0.9236	0.836309	0.847543	0.848376	1.05034	1.04297	1.04292	1.08048	1.07938	1.07751	1.05447	1.02676	1.02253	1.02297	1.02229	1.0273	1.07518	1.02078	1.02034	1.0517	1.04992	1.05193	1.02116	1.02856	1.03093	1.03425	1.03032	1.03161	1.04719	1.00258	1.00139	1.02869	1.0278	1.02736	1.02918	1.03563	1.03808	1.04687	1.04257	1.0435	1.03224	1.02577	1.02441	1.06243	1.06224	1.06414	1.05435	1.04124	1.04094	1.07439	1.06994	1.06693
ERR605666-k20-n1-x5e9	0.969309	0.915264	0.907603	0.883829	0.882736	0.882212	0.927854	1.00748	0.934415	0.903315	0.903734	0.902997	0.91993	0.871921	0.868773	0.913011	0.910011	0.91532	0.661273	0	0.682288	0.681436	0.675152	0.680841	0.899188	0.867282	0.863346	0.892028	0.886116	0.8938	0.86199	0.864541	0.874288	0.879436	0.873309	0.874142	0.960774	0.952459	0.966227	0.879601	0.883053	0.884741	0.970006	0.956888	0.938567	0.851899	0.864565	0.865893	1.05999	1.05377	1.05381	1.08948	1.08829	1.08652	1.06451	1.03846	1.03344	1.03495	1.03263	1.03891	1.08364	1.03428	1.0313	1.06127	1.05966	1.06159	1.03217	1.03919	1.04187	1.04461	1.0399	1.04114	1.05645	1.00879	1.00916	1.03878	1.04008	1.04062	1.03815	1.04632	1.04668	1.05769	1.05005	1.05353	1.0411	1.03635	1.03549	1.07371	1.0729	1.07487	1.06334	1.05207	1.05094	1.08423	1.08025	1.07677
ERR605667-k20-n1-x5e9	0.969715	0.914515	0.909249	0.883984	0.881068	0.880088	0.925872	1.00858	0.935786	0.903722	0.904674	0.904229	0.921713	0.874572	0.869406	0.911767	0.912695	0.917226	0.66512	0.682288	0	0.689967	0.680602	0.686002	0.899316	0.866252	0.865576	0.890659	0.888584	0.891944	0.861786	0.866047	0.874767	0.88133	0.872546	0.876589	0.961461	0.95578	0.96679	0.884478	0.886063	0.884975	0.9719	0.958792	0.942835	0.855704	0.869235	0.870177	1.06085	1.05627	1.05625	1.09089	1.09035	1.08796	1.06645	1.03921	1.03461	1.03544	1.03431	1.03988	1.08551	1.03522	1.03371	1.06341	1.06232	1.0643	1.03505	1.04041	1.04398	1.0466	1.0428	1.04255	1.05807	1.00992	1.01083	1.04276	1.04368	1.04418	1.04095	1.04786	1.05039	1.05826	1.0534	1.05547	1.04251	1.03574	1.03487	1.07422	1.0743	1.07575	1.06393	1.05304	1.05229	1.08627	1.08102	1.07819
ERR605668-k20-n1-x5e9	0.969766	0.912781	0.906999	0.88188	0.881754	0.878323	0.919729	1.00556	0.929858	0.897463	0.898503	0.897951	0.92262	0.874569	0.868644	0.910971	0.911894	0.917431	0.664726	0.681436	0.689967	0	0.678454	0.683742	0.90069	0.866051	0.86491	0.891331	0.888187	0.892889	0.861686	0.865794	0.876589	0.880141	0.873402	0.877272	0.96089	0.954643	0.965533	0.883506	0.885066	0.883945	0.971575	0.957856	0.942242	0.854783	0.868461	0.870007	1.06082	1.05591	1.05631	1.09066	1.08908	1.08694	1.06706	1.03851	1.03347	1.03542	1.03333	1.03931	1.08539	1.03308	1.03143	1.06106	1.06103	1.06252	1.03399	1.03998	1.04338	1.04565	1.04304	1.04336	1.05884	1.00863	1.00923	1.04185	1.04324	1.0433	1.04115	1.04847	1.05088	1.05829	1.05461	1.05666	1.04232	1.03488	1.03424	1.07327	1.07324	1.07508	1.06402	1.05281	1.05292	1.08585	1.08052	1.0776
ERR605669-k20-n1-x5e9	0.968013	0.917211	0.910681	0.888196	0.886928	0.888476	0.942165	1.01411	0.948925	0.912938	0.914883	0.913491	0.915626	0.868313	0.868958	0.911708	0.907937	0.914673	0.665842	0.675152	0.680602	0.678454	0	0.669527	0.899165	0.861173	0.861714	0.88733	0.880168	0.892595	0.857085	0.866173	0.873998	0.878719	0.866074	0.868616	0.95707	0.951475	0.967542	0.87763	0.880634	0.880555	0.968433	0.955192	0.933213	0.850115	0.85937	0.858218	1.05936	1.05053	1.04945	1.08856	1.08818	1.08574	1.06073	1.03641	1.03146	1.03395	1.03161	1.03681	1.07979	1.03429	1.03347	1.06202	1.06029	1.06146	1.03164	1.0365	1.04045	1.04353	1.03509	1.03708	1.05163	1.01206	1.0136	1.03742	1.03652	1.03604	1.03465	1.04194	1.04353	1.05366	1.04305	1.04715	1.03994	1.03521	1.03332	1.07199	1.0725	1.07358	1.06154	1.04942	1.04735	1.08217	1.07794	1.07541
ERR605670-k20-n1-x5e9	0.968915	0.917087	0.911501	0.885391	0.886249	0.886508	0.94176	1.01334	0.946287	0.914526	0.916294	0.914265	0.91773	0.87056	0.868313	0.913776	0.909794	0.917516	0.663949	0.680841	0.686002	0.683742	0.669527	0	0.89537	0.864205	0.860809	0.889668	0.883206	0.896676	0.861243	0.866519	0.875796	0.881468	0.868184	0.871728	0.959958	0.953873	0.966428	0.879676	0.883176	0.883264	0.971135	0.956491	0.936803	0.853869	0.861928	0.86432	1.05786	1.05302	1.05218	1.0895	1.08942	1.08716	1.06191	1.03657	1.03488	1.03602	1.03302	1.03719	1.08129	1.03542	1.03409	1.06223	1.06072	1.06172	1.03394	1.03998	1.04137	1.04646	1.0383	1.03848	1.05413	1.01186	1.01303	1.04047	1.03866	1.04067	1.03835	1.04515	1.0464	1.05653	1.04637	1.04907	1.04103	1.03498	1.03519	1.07449	1.07374	1.07377	1.06354	1.05001	1.04917	1.0835	1.08034	1.07641
ERR607397-k20-n1-x5e9	1.01884	0.981987	0.975596	0.952776	0.952771	0.952446	0.998573	1.05168	1.00615	0.97916	0.980119	0.981228	0.961494	0.920219	0.92262	0.959182	0.956844	0.965136	0.890324	0.899188	0.899316	0.90069	0.899165	0.89537	0	0.780714	0.783832	0.808503	0.800113	0.812857	0.959738	0.966011	0.975012	0.980818	0.969845	0.973462	1.02796	1.0264	1.03552	0.964381	0.966607	0.967881	1.04752	1.03628	1.02111	0.954742	0.956538	0.958608	1.07355	1.06916	1.06802	1.10899	1.10848	1.10538	1.06244	1.04174	1.04222	1.04329	1.04042	1.04119	1.0846	1.04727	1.04611	1.06667	1.06805	1.06848	1.0636	1.06799	1.0696	1.07186	1.06478	1.06731	1.08134	1.04765	1.04819	1.07561	1.07338	1.07501	1.07478	1.07696	1.07902	1.0868	1.07837	1.08012	1.04926	1.04395	1.04178	1.0753	1.07529	1.07602	1.08608	1.07746	1.07549	1.10744	1.10227	1.09829
ERR607398-k20-n1-x5e9	1.00119	0.954585	0.949234	0.920804	0.921769	0.919501	0.958754	1.03646	0.974751	0.942229	0.942953	0.941434	0.942968	0.891269	0.890973	0.937371	0.93553	0.941822	0.848831	0.867282	0.866252	0.866051	0.861173	0.864205	0.780714	0	0.755792	0.773261	0.767492	0.776522	0.932492	0.941138	0.951207	0.958289	0.948791	0.952045	1.00269	0.998241	1.00837	0.939052	0.940971	0.939435	1.01995	1.00786	0.992866	0.926767	0.932807	0.935731	1.05168	1.04513	1.0457	1.08164	1.08099	1.07834	1.04706	1.01671	1.01262	1.01317	1.01182	1.01706	1.06139	1.01685	1.0159	1.0451	1.04554	1.04723	1.04083	1.04378	1.04583	1.0486	1.04345	1.04578	1.06437	1.01347	1.01297	1.05115	1.05039	1.05158	1.05071	1.05788	1.05901	1.06785	1.06195	1.06404	1.02358	1.01741	1.01666	1.05032	1.05016	1.05236	1.06433	1.05293	1.05161	1.08708	1.08177	1.07694
ERR607399-k20-n1-x5e9	1.00034	0.953515	0.944134	0.920214	0.919592	0.920554	0.953977	1.0351	0.96619	0.937654	0.938805	0.938618	0.945693	0.892527	0.894052	0.934574	0.93137	0.941818	0.845168	0.863346	0.865576	0.86491	0.861714	0.860809	0.783832	0.755792	0	0.772366	0.764853	0.778467	0.931054	0.939706	0.948051	0.95391	0.946659	0.95229	1.00137	0.997504	1.00662	0.936002	0.939296	0.939826	1.01779	1.00677	0.993876	0.923327	0.930309	0.932162	1.05	1.04152	1.04262	1.07815	1.07694	1.07529	1.04382	1.01374	1.01344	1.01357	1.01093	1.01412	1.06096	1.01462	1.01341	1.04058	1.04163	1.04307	1.0367	1.04225	1.04295	1.04509	1.04276	1.04468	1.06117	1.01059	1.01015	1.04876	1.04773	1.04796	1.05273	1.0549	1.05724	1.06483	1.06081	1.06233	1.02099	1.01346	1.01199	1.04824	1.04789	1.04866	1.06201	1.04922	1.0496	1.08311	1.07668	1.07393
ERR607400-k20-n1-x5e9	1.01531	0.969291	0.96242	0.939431	0.938065	0.938577	0.973909	1.04234	0.985541	0.959258	0.960335	0.95867	0.956907	0.910953	0.909366	0.950463	0.948761	0.953577	0.874754	0.892028	0.890659	0.891331	0.88733	0.889668	0.808503	0.773261	0.772366	0	0.787604	0.800877	0.950465	0.958342	0.965436	0.971543	0.965157	0.96764	1.02007	1.01385	1.02536	0.951131	0.951718	0.954007	1.03811	1.02741	1.01188	0.943385	0.948977	0.948846	1.06629	1.05985	1.05918	1.09732	1.09563	1.09396	1.05576	1.03332	1.02797	1.03072	1.02712	1.03368	1.0789	1.03266	1.03023	1.05688	1.05619	1.05695	1.05214	1.06034	1.06365	1.0642	1.06163	1.06173	1.07535	1.03498	1.03446	1.06323	1.0646	1.0639	1.06533	1.07222	1.07229	1.08032	1.07463	1.07705	1.03816	1.03375	1.03252	1.06786	1.06676	1.06766	1.07819	1.06914	1.06814	1.09638	1.09171	1.0883
ERR607401-k20-n1-x5e9	1.01135	0.964069	0.958086	0.935431	0.936333	0.934329	0.971638	1.03988	0.981954	0.954258	0.954316	0.95328	0.952345	0.908585	0.904459	0.947872	0.943353	0.950665	0.868377	0.886116	0.888584	0.888187	0.880168	0.883206	0.800113	0.767492	0.764853	0.787604	0	0.794883	0.946214	0.9536	0.961251	0.966953	0.960156	0.964836	1.01579	1.01045	1.02161	0.945956	0.946695	0.948296	1.03346	1.02265	1.00795	0.938096	0.942606	0.945629	1.06282	1.05607	1.05638	1.09352	1.09233	1.08988	1.0518	1.02983	1.0238	1.02418	1.02264	1.03023	1.07423	1.02844	1.02556	1.05314	1.0527	1.05453	1.0475	1.05551	1.05816	1.06196	1.05601	1.05859	1.07165	1.03185	1.03008	1.06095	1.05956	1.06154	1.0621	1.07032	1.06977	1.07711	1.07067	1.07355	1.03453	1.03152	1.03123	1.06316	1.0614	1.06466	1.07616	1.06642	1.06649	1.09266	1.08805	1.08476
ERR607402-k20-n1-x5e9	1.01883	0.973652	0.96516	0.943447	0.942915	0.94192	0.977987	1.04311	0.988669	0.963229	0.963219	0.963594	0.961693	0.913867	0.916399	0.953324	0.950899	0.958848	0.879328	0.8938	0.891944	0.892889	0.892595	0.896676	0.812857	0.776522	0.778467	0.800877	0.794883	0	0.953237	0.962804	0.969907	0.976384	0.966511	0.971833	1.0211	1.0179	1.02638	0.954925	0.9573	0.957465	1.04042	1.02865	1.01436	0.943682	0.952681	0.952996	1.06754	1.06263	1.06192	1.09961	1.10013	1.09642	1.05737	1.0341	1.03201	1.03295	1.03123	1.0342	1.08187	1.03708	1.0355	1.05797	1.05924	1.05932	1.056	1.06309	1.06395	1.06526	1.06148	1.06188	1.07837	1.03837	1.03804	1.06718	1.06693	1.06781	1.06885	1.0726	1.07343	1.08157	1.07647	1.07812	1.04138	1.03509	1.03492	1.06864	1.07026	1.0691	1.08	1.06965	1.0688	1.09961	1.09461	1.09033
ERR605737-k20-n1-x5e9	1.00667	0.962322	0.95687	0.931026	0.931714	0.929458	0.968816	1.04364	0.982934	0.951324	0.954515	0.951723	0.969294	0.921997	0.919886	0.959765	0.959001	0.964941	0.841797	0.86199	0.861786	0.861686	0.857085	0.861243	0.959738	0.932492	0.931054	0.950465	0.946214	0.953237	0	0.772385	0.78669	0.797722	0.78813	0.792468	1.00475	0.998727	1.00891	0.937263	0.939755	0.940607	0.995098	0.982418	0.968064	0.890085	0.897694	0.897167	1.09937	1.09331	1.09361	1.12776	1.12659	1.12359	1.10302	1.0803	1.07702	1.07763	1.07693	1.08058	1.12687	1.08161	1.07959	1.10351	1.10257	1.10333	1.03743	1.04335	1.04428	1.045	1.0433	1.04357	1.06088	1.0322	1.03212	1.05048	1.05036	1.04941	1.04028	1.04338	1.04336	1.04972	1.04631	1.04821	1.08789	1.08271	1.08246	1.11412	1.11271	1.11378	1.09373	1.08291	1.08359	1.11167	1.10849	1.10509
ERR605738-k20-n1-x5e9	1.01038	0.970863	0.965593	0.943064	0.942568	0.941161	0.981289	1.05034	0.994038	0.964014	0.964459	0.962604	0.978287	0.932526	0.93033	0.970035	0.967445	0.9758	0.858542	0.864541	0.866047	0.865794	0.866173	0.866519	0.966011	0.941138	0.939706	0.958342	0.9536	0.962804	0.772385	0	0.796155	0.801573	0.795647	0.795889	1.01198	1.00802	1.01674	0.951223	0.954127	0.95421	1.00033	0.990585	0.974487	0.899097	0.903711	0.904475	1.10422	1.09947	1.09987	1.13622	1.13544	1.13319	1.11061	1.08753	1.08588	1.08743	1.08722	1.08805	1.13522	1.08976	1.08957	1.1111	1.11069	1.11201	1.04504	1.04508	1.04684	1.04849	1.04523	1.04665	1.06629	1.04049	1.03876	1.05632	1.05497	1.05406	1.04467	1.04594	1.04534	1.05147	1.04857	1.04852	1.09643	1.09045	1.08903	1.11821	1.11827	1.11901	1.0986	1.08917	1.0891	1.12061	1.11634	1.11267
ERR605739-k20-n1-x5e9	1.01591	0.97859	0.972148	0.949143	0.949699	0.948458	0.987522	1.0548	1.00082	0.971774	0.971879	0.971594	0.985896	0.938922	0.937666	0.977811	0.97558	0.983555	0.866238	0.874288	0.874767	0.876589	0.873998	0.875796	0.975012	0.951207	0.948051	0.965436	0.961251	0.969907	0.78669	0.796155	0	0.81121	0.804238	0.807204	1.01668	1.01313	1.02371	0.95827	0.959459	0.959203	1.00746	0.997075	0.980804	0.908412	0.914714	0.916144	1.1091	1.10419	1.10395	1.14016	1.13909	1.13868	1.11661	1.0922	1.08935	1.09004	1.08881	1.09285	1.13846	1.09383	1.09321	1.1168	1.11655	1.11879	1.05144	1.05325	1.05251	1.05379	1.05143	1.05201	1.0718	1.0463	1.04708	1.06178	1.06147	1.06194	1.04997	1.05155	1.05171	1.05648	1.05437	1.05501	1.10076	1.0952	1.09454	1.12163	1.12241	1.12295	1.10236	1.09381	1.09238	1.12563	1.12125	1.11736
ERR605740-k20-n1-x5e9	1.0198	0.982118	0.975175	0.953237	0.952898	0.952119	0.986889	1.05549	1	0.968722	0.971802	0.969241	0.993213	0.942742	0.94323	0.984062	0.980738	0.988433	0.870068	0.879436	0.88133	0.880141	0.878719	0.881468	0.980818	0.958289	0.95391	0.971543	0.966953	0.976384	0.797722	0.801573	0.81121	0	0.808147	0.811098	1.02082	1.01666	1.02725	0.961243	0.964166	0.963142	1.0099	1.00005	0.987161	0.911612	0.920353	0.921769	1.11361	1.10722	1.10627	1.14346	1.14191	1.14084	1.12204	1.09465	1.09342	1.09349	1.09305	1.09514	1.14215	1.09641	1.09552	1.12011	1.12062	1.12129	1.05322	1.05465	1.05552	1.05583	1.05624	1.05505	1.07386	1.04791	1.04832	1.06457	1.0639	1.06506	1.05338	1.05504	1.0542	1.06048	1.05893	1.05931	1.10313	1.09961	1.09871	1.12466	1.12516	1.12515	1.10684	1.09649	1.0955	1.12938	1.12522	1.12161
ERR605741-k20-n1-x5e9	1.01803	0.983054	0.977173	0.955775	0.955674	0.952705	1.00096	1.06024	1.01273	0.982844	0.984322	0.982448	0.983098	0.939208	0.940581	0.979681	0.97617	0.98383	0.868005	0.873309	0.872546	0.873402	0.866074	0.868184	0.969845	0.948791	0.946659	0.965157	0.960156	0.966511	0.78813	0.795647	0.804238	0.808147	0	0.794954	1.02162	1.0177	1.02896	0.960947	0.963621	0.963458	1.00751	0.998537	0.980921	0.907294	0.911861	0.913645	1.10822	1.10486	1.10399	1.14221	1.14213	1.13972	1.11573	1.09316	1.09129	1.09234	1.09215	1.09449	1.13686	1.09714	1.09694	1.11893	1.11687	1.11906	1.05037	1.04997	1.05163	1.0529	1.04762	1.04786	1.06689	1.04692	1.04656	1.06059	1.05824	1.05885	1.04727	1.04822	1.04863	1.05412	1.04811	1.0503	1.10174	1.09732	1.09539	1.12346	1.1235	1.12456	1.10217	1.0947	1.09143	1.12518	1.122	1.11776
ERR605742-k20-n1-x5e9	1.01972	0.986103	0.979454	0.957751	0.956812	0.95698	1.0025	1.06313	1.01289	0.984528	0.984873	0.984377	0.986398	0.943795	0.944842	0.982381	0.979038	0.986724	0.868536	0.874142	0.876589	0.877272	0.868616	0.871728	0.973462	0.952045	0.95229	0.96764	0.964836	0.971833	0.792468	0.795889	0.807204	0.811098	0.794954	0	1.02374	1.01935	1.03008	0.964007	0.96488	0.965128	1.01011	1.00131	0.983496	0.909562	0.914208	0.918257	1.11167	1.10668	1.10639	1.14353	1.1427	1.14141	1.11856	1.09476	1.09392	1.09456	1.09318	1.09479	1.13934	1.0989	1.09833	1.12094	1.12044	1.12098	1.05125	1.05183	1.05326	1.05439	1.04915	1.0491	1.06849	1.04692	1.04788	1.06185	1.05956	1.06136	1.04849	1.04954	1.04899	1.05543	1.04994	1.05176	1.10468	1.09828	1.09696	1.12552	1.12607	1.12607	1.10435	1.09504	1.09365	1.12765	1.12454	1.12015
ERR608659-k20-n1-x5e9	1.02501	0.991597	0.989924	0.969885	0.969761	0.969104	1.00515	1.07108	1.01816	0.990176	0.990346	0.989042	1.01289	0.973163	0.969764	1.00625	1.00483	1.0082	0.945087	0.960774	0.961461	0.96089	0.95707	0.959958	1.02796	1.00269	1.00137	1.02007	1.01579	1.0211	1.00475	1.01198	1.01668	1.02082	1.02162	1.02374	0	0.885909	0.893727	0.836207	0.838025	0.838846	1.02611	1.01516	1.00373	0.94505	0.951279	0.950875	1.105	1.09933	1.09906	1.12997	1.12848	1.12717	1.11307	1.08722	1.08031	1.08059	1.0787	1.08784	1.13905	1.09519	1.09237	1.12301	1.12214	1.12324	1.10496	1.11301	1.11492	1.11948	1.11417	1.11573	1.11858	1.08289	1.08202	1.10657	1.10589	1.10598	1.10309	1.11185	1.11267	1.12209	1.11601	1.11791	1.08763	1.08339	1.08375	1.10772	1.10738	1.1084	1.10952	1.09655	1.0975	1.12805	1.12381	1.12135
ERR608660-k20-n1-x5e9	1.01921	0.987465	0.98252	0.964595	0.964184	0.96604	0.999439	1.06931	1.01074	0.982261	0.982549	0.982424	1.01048	0.966338	0.964233	1.00434	0.999678	1.0072	0.940611	0.952459	0.95578	0.954643	0.951475	0.953873	1.0264	0.998241	0.997504	1.01385	1.01045	1.0179	0.998727	1.00802	1.01313	1.01666	1.0177	1.01935	0.885909	0	0.889828	0.831017	0.832845	0.834185	1.0213	1.01125	1.00033	0.941583	0.945953	0.948292	1.10266	1.09466	1.09303	1.12644	1.12559	1.12388	1.11034	1.0829	1.07503	1.07563	1.0737	1.08335	1.13599	1.08771	1.08699	1.11854	1.11827	1.11908	1.1009	1.10794	1.10971	1.11421	1.10944	1.11142	1.11476	1.07855	1.07847	1.10432	1.10325	1.10423	1.09821	1.10678	1.10785	1.11677	1.11197	1.11398	1.08317	1.0804	1.08045	1.10173	1.10145	1.10224	1.10508	1.09241	1.09159	1.1243	1.11937	1.11682
ERR608661-k20-n1-x5e9	1.02788	0.992984	0.989408	0.97468	0.973938	0.972947	1.00626	1.07315	1.01782	0.992658	0.993703	0.991633	1.01764	0.979519	0.976317	1.01089	1.00734	1.01413	0.952186	0.966227	0.96679	0.965533	0.967542	0.966428	1.03552	1.00837	1.00662	1.02536	1.02161	1.02638	1.00891	1.01674	1.02371	1.02725	1.02896	1.03008	0.893727	0.889828	0	0.840302	0.843942	0.843959	1.03291	1.01961	1.00756	0.952114	0.956852	0.95756	1.11014	1.10367	1.10347	1.13194	1.13184	1.1303	1.11782	1.09313	1.08649	1.08744	1.08529	1.09379	1.14216	1.09927	1.09801	1.12622	1.12531	1.12726	1.10993	1.11691	1.11969	1.1238	1.11867	1.12103	1.12363	1.08795	1.08663	1.10987	1.10944	1.10933	1.10934	1.11709	1.11784	1.12511	1.1224	1.12306	1.0919	1.08754	1.08847	1.11181	1.11179	1.11262	1.11282	1.10272	1.10325	1.13086	1.12816	1.12551
ERR608662-k20-n1-x5e9	0.985515	0.937249	0.929944	0.908689	0.909341	0.908411	0.942134	1.02975	0.957607	0.921934	0.92076	0.921499	0.952457	0.898923	0.898229	0.942513	0.940293	0.948503	0.865659	0.879601	0.884478	0.883506	0.87763	0.879676	0.964381	0.939052	0.936002	0.951131	0.945956	0.954925	0.937263	0.951223	0.95827	0.961243	0.960947	0.964007	0.836207	0.831017	0.840302	0	0.736122	0.736784	0.97306	0.9587	0.942162	0.87048	0.882145	0.884469	1.0454	1.03619	1.03616	1.07318	1.07247	1.07054	1.05381	1.02457	1.02195	1.02221	1.02038	1.02534	1.08369	1.03703	1.03539	1.06572	1.06521	1.06598	1.05085	1.05749	1.05898	1.06292	1.05771	1.06031	1.06678	1.02144	1.02026	1.05493	1.05519	1.05569	1.04731	1.05214	1.0548	1.06308	1.05782	1.05965	1.02902	1.02273	1.02181	1.04992	1.0505	1.05131	1.04944	1.03516	1.03649	1.07035	1.06594	1.06376
ERR608663-k20-n1-x5e9	0.987638	0.939491	0.932841	0.91361	0.91007	0.91012	0.943209	1.03196	0.960546	0.922648	0.924792	0.921632	0.95377	0.899406	0.899202	0.944291	0.943091	0.948384	0.869046	0.883053	0.886063	0.885066	0.880634	0.883176	0.966607	0.940971	0.939296	0.951718	0.946695	0.9573	0.939755	0.954127	0.959459	0.964166	0.963621	0.96488	0.838025	0.832845	0.843942	0.736122	0	0.740089	0.976359	0.962625	0.94589	0.876578	0.886316	0.884247	1.04779	1.03945	1.03822	1.07368	1.07359	1.07175	1.05724	1.02799	1.02335	1.02413	1.02181	1.02936	1.08556	1.03807	1.03657	1.06783	1.06714	1.0681	1.05344	1.05892	1.06263	1.06458	1.06092	1.06193	1.06885	1.02508	1.02252	1.05673	1.05799	1.05614	1.04884	1.0556	1.0566	1.06542	1.06039	1.0615	1.03069	1.02495	1.02428	1.05361	1.0534	1.05382	1.05102	1.03914	1.03763	1.07318	1.06831	1.06467
ERR608664-k20-n1-x5e9	0.986906	0.939249	0.932241	0.912258	0.912551	0.910263	0.94459	1.03232	0.961849	0.924185	0.924515	0.922982	0.953448	0.90097	0.897515	0.945257	0.942542	0.949238	0.868553	0.884741	0.884975	0.883945	0.880555	0.883264	0.967881	0.939435	0.939826	0.954007	0.948296	0.957465	0.940607	0.95421	0.959203	0.963142	0.963458	0.965128	0.838846	0.834185	0.843959	0.736784	0.740089	0	0.976117	0.963592	0.946881	0.875032	0.886614	0.884188	1.04859	1.03882	1.03864	1.07465	1.07325	1.07215	1.05614	1.02706	1.02274	1.02298	1.02318	1.02798	1.08596	1.03891	1.03782	1.06709	1.06706	1.06768	1.05234	1.05921	1.06276	1.06548	1.06103	1.06149	1.06935	1.02597	1.02318	1.0569	1.05684	1.05665	1.0487	1.05528	1.05655	1.06644	1.05902	1.06148	1.03162	1.02565	1.02499	1.05274	1.05222	1.05414	1.05132	1.03746	1.03766	1.07218	1.06786	1.06446
ERR609881-k20-n1-x5e9	1.08245	1.0465	1.04159	1.02843	1.02793	1.02861	1.02788	1.08899	1.0356	1.01238	1.01259	1.01301	1.0394	1.00415	1.00491	1.032	1.03117	1.03629	0.95768	0.970006	0.9719	0.971575	0.968433	0.971135	1.04752	1.01995	1.01779	1.03811	1.03346	1.04042	0.995098	1.00033	1.00746	1.0099	1.00751	1.01011	1.02611	1.0213	1.03291	0.97306	0.976359	0.976117	0	0.95367	0.933537	0.873739	0.878448	0.878624	1.1034	1.09731	1.09669	1.12573	1.12528	1.12256	1.11228	1.09042	1.08649	1.08829	1.08601	1.09106	1.12914	1.093	1.0911	1.11483	1.1147	1.11565	1.08177	1.08846	1.08895	1.09098	1.08773	1.08906	1.09906	1.06562	1.06614	1.08474	1.08469	1.08536	1.07772	1.08094	1.08214	1.08952	1.08624	1.08716	1.0874	1.08412	1.08415	1.1083	1.11018	1.10926	1.10912	1.09833	1.09681	1.12582	1.12297	1.12097
ERR609882-k20-n1-x5e9	1.07261	1.03886	1.03438	1.01906	1.0198	1.01736	1.01914	1.08317	1.028	1.00295	1.00461	1.00197	1.02925	0.993734	0.991994	1.02413	1.02193	1.02665	0.94658	0.956888	0.958792	0.957856	0.955192	0.956491	1.03628	1.00786	1.00677	1.02741	1.02265	1.02865	0.982418	0.990585	0.997075	1.00005	0.998537	1.00131	1.01516	1.01125	1.01961	0.9587	0.962625	0.963592	0.95367	0	0.91834	0.855742	0.861964	0.863497	1.09381	1.08768	1.08669	1.1187	1.11775	1.11573	1.10396	1.08168	1.07482	1.07522	1.07387	1.08208	1.12122	1.08099	1.07941	1.10879	1.10765	1.10812	1.0684	1.07482	1.07796	1.08137	1.0767	1.07828	1.08612	1.0548	1.05416	1.07382	1.07416	1.07344	1.0644	1.07009	1.07239	1.07739	1.07397	1.07564	1.07934	1.07572	1.07475	1.09882	1.09822	1.09994	1.10022	1.08984	1.08797	1.11817	1.11525	1.11295
ERR609883-k20-n1-x5e9	1.05929	1.02802	1.02569	1.00717	1.00764	1.00681	1.01211	1.07557	1.02303	0.9912	0.992309	0.99142	1.01757	0.976987	0.975621	1.01284	1.0111	1.01545	0.9236	0.938567	0.942835	0.942242	0.933213	0.936803	1.02111	0.992866	0.993876	1.01188	1.00795	1.01436	0.968064	0.974487	0.980804	0.987161	0.980921	0.983496	1.00373	1.00033	1.00756	0.942162	0.94589	0.946881	0.933537	0.91834	0	0.833244	0.838809	0.840425	1.08252	1.07414	1.0723	1.10923	1.10975	1.10711	1.09293	1.0667	1.05908	1.06045	1.05906	1.06746	1.11144	1.0667	1.06558	1.09769	1.09639	1.09845	1.05444	1.0602	1.06293	1.06732	1.05934	1.06137	1.07104	1.04196	1.04232	1.06408	1.06366	1.06339	1.0473	1.05387	1.05541	1.06536	1.05687	1.06009	1.06803	1.06592	1.06469	1.08456	1.08429	1.08621	1.08719	1.07485	1.0727	1.10903	1.10602	1.10247
ERR609884-k20-n1-x5e9	1.01321	0.972088	0.960829	0.93774	0.938568	0.936588	0.937283	1.02634	0.952134	0.922668	0.922419	0.92343	0.955005	0.903639	0.910059	0.944316	0.941093	0.950469	0.836309	0.851899	0.855704	0.854783	0.850115	0.853869	0.954742	0.926767	0.923327	0.943385	0.938096	0.943682	0.890085	0.899097	0.908412	0.911612	0.907294	0.909562	0.94505	0.941583	0.952114	0.87048	0.876578	0.875032	0.873739	0.855742	0.833244	0	0.741282	0.742805	1.02295	1.01492	1.01298	1.05616	1.05524	1.05397	1.03447	1.00626	1.00533	1.00626	1.00363	1.00698	1.05844	1.01079	1.00924	1.03783	1.03532	1.0375	0.996962	1.00295	1.00264	1.00524	1.00085	1.00222	1.01978	0.971994	0.971711	1.00502	1.00561	1.00549	0.991367	0.992403	0.9943	1.00135	0.996582	0.998572	1.01068	1.00286	1.00218	1.0329	1.0359	1.03315	1.02866	1.01575	1.01395	1.05388	1.04764	1.04576
