	ERR605381-k20-n1-x5e9	ERR605382-k20-n1-x5e9	ERR605383-k20-n1-x5e9	ERR605384-k20-n1-x5e9	ERR605385-k20-n1-x5e9	ERR605386-k20-n1-x5e9	ERR609875-k20-n1-x5e9	ERR609876-k20-n1-x5e9	ERR609877-k20-n1-x5e9	ERR609878-k20-n1-x5e9	ERR609879-k20-n1-x5e9	ERR609880-k20-n1-x5e9	ERR610247-k20-n1-x5e9	ERR610248-k20-n1-x5e9	ERR610249-k20-n1-x5e9	ERR610250-k20-n1-x5e9	ERR610251-k20-n1-x5e9	ERR610252-k20-n1-x5e9	ERR609679-k20-n1-x5e9	ERR609680-k20-n1-x5e9	ERR609681-k20-n1-x5e9	ERR609682-k20-n1-x5e9	ERR609683-k20-n1-x5e9	ERR609684-k20-n1-x5e9	ERR605593-k20-n1-x5e9	ERR605594-k20-n1-x5e9	ERR605595-k20-n1-x5e9	ERR605596-k20-n1-x5e9	ERR605597-k20-n1-x5e9	ERR605598-k20-n1-x5e9	ERR606036-k20-n1-x5e9	ERR606037-k20-n1-x5e9	ERR606038-k20-n1-x5e9	ERR606039-k20-n1-x5e9	ERR606040-k20-n1-x5e9	ERR606041-k20-n1-x5e9	ERR606042-k20-n1-x5e9	ERR606043-k20-n1-x5e9	ERR606044-k20-n1-x5e9	ERR606045-k20-n1-x5e9	ERR606046-k20-n1-x5e9	ERR606047-k20-n1-x5e9	ERR605866-k20-n1-x5e9	ERR605867-k20-n1-x5e9	ERR605868-k20-n1-x5e9	ERR605869-k20-n1-x5e9	ERR605870-k20-n1-x5e9	ERR605871-k20-n1-x5e9	ERR608567-k20-n1-x5e9	ERR608568-k20-n1-x5e9	ERR608569-k20-n1-x5e9	ERR608570-k20-n1-x5e9	ERR608571-k20-n1-x5e9	ERR608572-k20-n1-x5e9	ERR608463-k20-n1-x5e9	ERR608464-k20-n1-x5e9	ERR608465-k20-n1-x5e9	ERR608466-k20-n1-x5e9	ERR608467-k20-n1-x5e9	ERR608468-k20-n1-x5e9	ERR606666-k20-n1-x5e9	ERR606667-k20-n1-x5e9	ERR606668-k20-n1-x5e9	ERR606669-k20-n1-x5e9	ERR606670-k20-n1-x5e9	ERR606671-k20-n1-x5e9	ERR608081-k20-n1-x5e9	ERR608082-k20-n1-x5e9	ERR608083-k20-n1-x5e9	ERR608084-k20-n1-x5e9	ERR608085-k20-n1-x5e9	ERR608086-k20-n1-x5e9	ERR607899-k20-n1-x5e9	ERR607900-k20-n1-x5e9	ERR607901-k20-n1-x5e9	ERR607902-k20-n1-x5e9	ERR607903-k20-n1-x5e9	ERR607904-k20-n1-x5e9	ERR606030-k20-n1-x5e9	ERR606031-k20-n1-x5e9	ERR606032-k20-n1-x5e9	ERR606033-k20-n1-x5e9	ERR606034-k20-n1-x5e9	ERR606035-k20-n1-x5e9	ERR605994-k20-n1-x5e9	ERR605995-k20-n1-x5e9	ERR605996-k20-n1-x5e9	ERR605997-k20-n1-x5e9	ERR605998-k20-n1-x5e9	ERR605999-k20-n1-x5e9	ERR607603-k20-n1-x5e9	ERR607604-k20-n1-x5e9	ERR607605-k20-n1-x5e9	ERR607606-k20-n1-x5e9	ERR607607-k20-n1-x5e9	ERR607608-k20-n1-x5e9
ERR605381-k20-n1-x5e9	0	0.411542	0.273426	0.274711	0.273996	0.273417	0.355443	0.35787	0.364852	0.513107	0.480731	0.465446	0.418284	0.352307	0.382918	0.446392	0.446348	0.44862	0.373553	0.357259	0.341193	0.358728	0.333262	0.325662	0.414838	0.401525	0.387502	0.398455	0.401575	0.398296	0.352278	0.413826	0.417099	0.36939	0.371255	0.371046	0.420788	0.343616	0.344094	0.38114	0.374545	0.377961	0.457283	0.472447	0.38573	0.380569	0.377942	0.375874	0.501741	0.496227	0.502039	0.500666	0.499269	0.497677	0.381265	0.354102	0.348774	0.350189	0.348852	0.353009	0.563698	0.489566	0.486778	0.485118	0.495824	0.494349	0.512147	0.516682	0.515525	0.5081	0.509009	0.510794	0.505941	0.517453	0.517573	0.494887	0.498565	0.49893	0.466585	0.483427	0.486175	0.453325	0.45285	0.451342	0.524595	0.482687	0.481789	0.51685	0.513899	0.51654	0.403254	0.378734	0.376513	0.37278	0.364549	0.362349
ERR605382-k20-n1-x5e9	0.411542	0	0.385015	0.384332	0.385768	0.386495	0.47974	0.49405	0.515011	0.678964	0.649205	0.634962	0.589079	0.435522	0.548483	0.620573	0.620488	0.622802	0.369329	0.379391	0.393889	0.540286	0.500804	0.484402	0.595457	0.582354	0.567342	0.579035	0.582303	0.579055	0.470764	0.577177	0.580982	0.507444	0.509013	0.507474	0.414009	0.455171	0.460722	0.406154	0.410748	0.407522	0.414316	0.406218	0.508434	0.501263	0.500753	0.499364	0.581014	0.6045	0.619597	0.614349	0.612106	0.605493	0.406618	0.438638	0.457731	0.461477	0.465679	0.440082	0.602885	0.621101	0.615469	0.603082	0.627448	0.62421	0.640762	0.649874	0.648492	0.628315	0.630384	0.632924	0.647967	0.661914	0.66241	0.63056	0.635097	0.636046	0.57492	0.62776	0.631174	0.576175	0.578492	0.574067	0.494339	0.530369	0.532533	0.513499	0.508305	0.509529	0.578409	0.546336	0.542736	0.539283	0.525727	0.522583
ERR605383-k20-n1-x5e9	0.273426	0.385015	0	0.272918	0.272384	0.272288	0.366885	0.373369	0.383525	0.542477	0.50957	0.494062	0.446429	0.346856	0.407251	0.475547	0.47556	0.478017	0.353658	0.33982	0.326714	0.385604	0.352852	0.341375	0.44429	0.430525	0.414567	0.426756	0.430023	0.426778	0.357915	0.440587	0.444326	0.387041	0.388921	0.388554	0.400336	0.347671	0.350035	0.367227	0.362388	0.364728	0.440917	0.453318	0.401358	0.395095	0.392316	0.390041	0.503225	0.507062	0.515995	0.513696	0.511804	0.508355	0.365766	0.3516	0.353287	0.355514	0.355686	0.351044	0.555355	0.50547	0.501912	0.496707	0.512065	0.509998	0.528147	0.534861	0.532961	0.521809	0.523227	0.525482	0.526072	0.539124	0.538852	0.512899	0.517157	0.517689	0.47379	0.504391	0.507556	0.467275	0.467642	0.465238	0.509492	0.483774	0.483559	0.509233	0.50516	0.507846	0.429374	0.400353	0.397966	0.394356	0.383684	0.381308
ERR605384-k20-n1-x5e9	0.274711	0.384332	0.272918	0	0.269221	0.26927	0.363005	0.369688	0.383309	0.544339	0.511693	0.496174	0.444679	0.347132	0.405501	0.476379	0.47617	0.478571	0.352139	0.339116	0.329621	0.389087	0.357096	0.346052	0.448342	0.435114	0.419896	0.431075	0.434535	0.431006	0.357832	0.436563	0.440273	0.379986	0.382486	0.381715	0.406952	0.347686	0.349567	0.365804	0.361493	0.363572	0.429739	0.443435	0.392269	0.386972	0.38495	0.383219	0.506752	0.507965	0.517089	0.513903	0.512334	0.509706	0.366476	0.348523	0.349811	0.351534	0.352236	0.348235	0.566877	0.511196	0.508031	0.503814	0.518864	0.516794	0.532099	0.537833	0.5369	0.524949	0.526022	0.528124	0.529287	0.541566	0.542246	0.515939	0.519695	0.520227	0.481798	0.506448	0.509695	0.469288	0.469865	0.467352	0.506424	0.47348	0.473159	0.499617	0.496161	0.498847	0.433862	0.405711	0.402654	0.398403	0.387755	0.385119
ERR605385-k20-n1-x5e9	0.273996	0.385768	0.272384	0.269221	0	0.269049	0.361474	0.368368	0.381507	0.5425	0.509823	0.494401	0.444044	0.347296	0.40489	0.475432	0.475314	0.477639	0.3529	0.33985	0.329695	0.387737	0.356114	0.344889	0.447256	0.434018	0.418963	0.430075	0.433371	0.429933	0.357066	0.435241	0.438923	0.379428	0.381493	0.380667	0.407745	0.347687	0.349936	0.367208	0.362292	0.364595	0.4307	0.444679	0.391643	0.386147	0.384059	0.382134	0.507293	0.508642	0.517347	0.51434	0.512871	0.509977	0.366749	0.348565	0.34953	0.351135	0.351653	0.348314	0.567293	0.511656	0.508336	0.504183	0.519006	0.516963	0.532458	0.538133	0.537224	0.525561	0.526593	0.528815	0.529314	0.541368	0.54201	0.516125	0.519919	0.520471	0.481948	0.506705	0.509794	0.469894	0.470362	0.467858	0.507632	0.474588	0.474574	0.501203	0.497749	0.500397	0.432737	0.404468	0.401625	0.397278	0.386664	0.384259
ERR605386-k20-n1-x5e9	0.273417	0.386495	0.272288	0.26927	0.269049	0	0.362393	0.368765	0.381211	0.541202	0.508591	0.493078	0.441884	0.346533	0.402922	0.473248	0.473186	0.475613	0.353686	0.340193	0.330109	0.38623	0.35483	0.343669	0.44541	0.431977	0.417007	0.428114	0.431339	0.428036	0.356709	0.434004	0.437719	0.378844	0.38094	0.380303	0.40725	0.346659	0.348613	0.36699	0.361686	0.363969	0.432232	0.44619	0.391701	0.386408	0.384102	0.382408	0.505707	0.506894	0.515476	0.512517	0.511038	0.508116	0.367163	0.348163	0.348984	0.350801	0.351129	0.347889	0.565834	0.509192	0.50589	0.501857	0.516584	0.514666	0.529904	0.535692	0.534759	0.522933	0.523934	0.52615	0.526956	0.539291	0.539786	0.513706	0.517457	0.517997	0.479701	0.504522	0.507468	0.467539	0.467907	0.465655	0.507803	0.474463	0.474143	0.501042	0.497719	0.500313	0.430639	0.402816	0.39961	0.395501	0.384969	0.382569
ERR609875-k20-n1-x5e9	0.355443	0.47974	0.366885	0.363005	0.361474	0.362393	0	0.269185	0.28101	0.449626	0.415849	0.399476	0.426759	0.399097	0.40057	0.451661	0.451552	0.452997	0.41935	0.40519	0.395219	0.389192	0.375417	0.373263	0.438036	0.431006	0.424241	0.429118	0.430867	0.428815	0.337972	0.374915	0.378634	0.33657	0.337883	0.337598	0.50026	0.413532	0.413467	0.450227	0.444468	0.447584	0.443398	0.463004	0.337686	0.335196	0.333762	0.332284	0.534075	0.520219	0.524353	0.521781	0.520244	0.521721	0.398543	0.359511	0.348373	0.348719	0.347142	0.359005	0.639442	0.537293	0.537602	0.544783	0.542199	0.543329	0.545536	0.542658	0.542814	0.547586	0.546072	0.547121	0.521217	0.524916	0.525232	0.520607	0.521596	0.521355	0.527352	0.510313	0.511564	0.499584	0.497584	0.49687	0.539912	0.477977	0.476787	0.518246	0.515047	0.518296	0.4126	0.396131	0.393083	0.388086	0.381879	0.380242
ERR609876-k20-n1-x5e9	0.35787	0.49405	0.373369	0.369688	0.368368	0.368765	0.269185	0	0.271274	0.427157	0.39381	0.377709	0.415402	0.407368	0.393401	0.437354	0.437045	0.438523	0.43353	0.418127	0.405752	0.37812	0.370031	0.370435	0.422662	0.416763	0.411237	0.415173	0.416687	0.414828	0.3415	0.362469	0.365832	0.335098	0.336065	0.335915	0.509886	0.417602	0.417264	0.460771	0.454319	0.458045	0.461099	0.481281	0.3375	0.335329	0.333456	0.332101	0.535534	0.517699	0.51983	0.518033	0.516747	0.519169	0.412177	0.36938	0.3552	0.355096	0.352674	0.368344	0.64097	0.529997	0.531026	0.54026	0.534463	0.53602	0.539092	0.534928	0.534984	0.543199	0.54146	0.542356	0.511302	0.513806	0.513955	0.513113	0.513772	0.513376	0.524922	0.500921	0.501851	0.495845	0.493332	0.493118	0.551686	0.485859	0.484056	0.530095	0.527146	0.530327	0.400206	0.387473	0.384956	0.380212	0.375742	0.374772
ERR609877-k20-n1-x5e9	0.364852	0.515011	0.383525	0.383309	0.381507	0.381211	0.28101	0.271274	0	0.393945	0.360115	0.344506	0.403094	0.418996	0.38716	0.416979	0.41707	0.41808	0.455474	0.438826	0.42049	0.362786	0.362266	0.366046	0.398247	0.393457	0.389796	0.392629	0.393374	0.392148	0.349999	0.353886	0.356929	0.34431	0.344329	0.345475	0.520446	0.425562	0.424264	0.477209	0.469628	0.474218	0.493121	0.512545	0.349826	0.347099	0.343981	0.341595	0.533722	0.512154	0.512017	0.511685	0.510863	0.513389	0.430637	0.386822	0.369532	0.369514	0.365583	0.385064	0.634373	0.51415	0.516158	0.527118	0.516802	0.519009	0.524447	0.519785	0.51835	0.531816	0.530481	0.53127	0.49296	0.495019	0.493645	0.498085	0.499018	0.498472	0.514462	0.485825	0.486611	0.488539	0.485055	0.485721	0.568193	0.503144	0.501245	0.551074	0.548276	0.551446	0.378506	0.371259	0.370669	0.366936	0.365612	0.365676
ERR609878-k20-n1-x5e9	0.513107	0.678964	0.542477	0.544339	0.5425	0.541202	0.449626	0.427157	0.393945	0	0.25861	0.266951	0.423899	0.570583	0.453569	0.395626	0.396057	0.393691	0.625608	0.60839	0.585478	0.422002	0.463652	0.481354	0.387118	0.399099	0.414557	0.402514	0.399108	0.402026	0.510381	0.405625	0.403464	0.480291	0.479721	0.482879	0.662975	0.556952	0.551742	0.629497	0.621395	0.627161	0.671188	0.689732	0.488394	0.491814	0.488936	0.487584	0.622195	0.575396	0.559661	0.565532	0.566869	0.576528	0.599913	0.549732	0.523725	0.5215	0.514659	0.546926	0.715347	0.544095	0.552085	0.577956	0.54175	0.54804	0.548088	0.53149	0.531147	0.570856	0.566927	0.565927	0.492566	0.478001	0.47581	0.518996	0.515502	0.513564	0.581181	0.493421	0.490528	0.549409	0.543052	0.548363	0.707216	0.629035	0.625928	0.688293	0.688071	0.690244	0.409652	0.442168	0.44536	0.44474	0.45819	0.460731
ERR609879-k20-n1-x5e9	0.480731	0.649205	0.50957	0.511693	0.509823	0.508591	0.415849	0.39381	0.360115	0.25861	0	0.252558	0.406735	0.538709	0.429767	0.383762	0.384226	0.382486	0.594036	0.576431	0.552537	0.395826	0.430879	0.447958	0.370876	0.37987	0.392373	0.382797	0.379925	0.382182	0.47608	0.383505	0.382223	0.449754	0.449189	0.452392	0.632684	0.526501	0.521697	0.598974	0.590482	0.596421	0.641924	0.660843	0.459929	0.462145	0.458699	0.457074	0.597895	0.553972	0.540154	0.545549	0.546556	0.554858	0.567842	0.517813	0.492148	0.490323	0.483434	0.514897	0.691139	0.524534	0.531526	0.555278	0.52236	0.52805	0.530458	0.516213	0.515075	0.551123	0.547909	0.547211	0.478132	0.467374	0.464551	0.501286	0.498967	0.497308	0.556786	0.478764	0.476659	0.526805	0.520746	0.52553	0.680892	0.604468	0.601722	0.6633	0.662654	0.665178	0.385674	0.41334	0.416724	0.415902	0.427992	0.430681
ERR609880-k20-n1-x5e9	0.465446	0.634962	0.494062	0.496174	0.494401	0.493078	0.399476	0.377709	0.344506	0.266951	0.252558	0	0.400053	0.524143	0.41943	0.380369	0.380742	0.379413	0.578773	0.56104	0.537237	0.384423	0.417445	0.433686	0.365484	0.372977	0.383888	0.375525	0.37302	0.375065	0.46004	0.373486	0.372527	0.435171	0.434553	0.437724	0.618868	0.512147	0.507591	0.584534	0.575968	0.581786	0.627488	0.646487	0.445928	0.447922	0.444339	0.442528	0.587402	0.544775	0.531868	0.536969	0.537741	0.545593	0.552303	0.502221	0.476866	0.475189	0.468412	0.499597	0.68152	0.517231	0.523854	0.546641	0.515392	0.520944	0.524153	0.510866	0.50953	0.543619	0.540783	0.540168	0.473486	0.464382	0.46145	0.495136	0.493209	0.49171	0.546846	0.473377	0.471599	0.517338	0.511442	0.515909	0.668616	0.592756	0.589945	0.651208	0.650489	0.653079	0.376179	0.401117	0.404232	0.403257	0.414644	0.417172
ERR610247-k20-n1-x5e9	0.418284	0.589079	0.446429	0.444679	0.444044	0.441884	0.426759	0.415402	0.403094	0.423899	0.406735	0.400053	0	0.397807	0.256328	0.254811	0.254287	0.255883	0.516897	0.498685	0.477742	0.349575	0.374284	0.386553	0.353021	0.352377	0.352136	0.34882	0.350333	0.34844	0.419084	0.350385	0.348616	0.389396	0.39227	0.393859	0.541299	0.415639	0.409879	0.497721	0.489066	0.494881	0.582058	0.602965	0.415118	0.423215	0.42189	0.422449	0.529857	0.483917	0.472641	0.475411	0.476677	0.485987	0.496385	0.439929	0.415185	0.410658	0.405279	0.438179	0.634956	0.479212	0.483104	0.500744	0.485546	0.487775	0.457724	0.44796	0.453332	0.46635	0.460698	0.461082	0.431966	0.429685	0.435076	0.435063	0.431368	0.430245	0.486794	0.427305	0.427916	0.451278	0.447466	0.450837	0.619764	0.532787	0.529985	0.595309	0.595999	0.598183	0.348739	0.360031	0.35808	0.354948	0.362305	0.362026
ERR610248-k20-n1-x5e9	0.352307	0.435522	0.346856	0.347132	0.347296	0.346533	0.399097	0.407368	0.418996	0.570583	0.538709	0.524143	0.397807	0	0.35011	0.436246	0.435999	0.43929	0.359564	0.34896	0.337992	0.409237	0.376294	0.365265	0.469489	0.456331	0.439795	0.450929	0.454746	0.450731	0.356621	0.44147	0.444878	0.385639	0.388818	0.387219	0.381961	0.3314	0.334349	0.346725	0.343436	0.344959	0.446537	0.460062	0.413327	0.410805	0.409331	0.40831	0.480972	0.486286	0.496955	0.492826	0.490895	0.486964	0.353495	0.33981	0.344108	0.344722	0.346136	0.338817	0.558407	0.514565	0.511146	0.505159	0.523122	0.520738	0.507211	0.515494	0.51515	0.495863	0.496824	0.499287	0.515179	0.529911	0.531552	0.49728	0.501122	0.5018	0.466951	0.500797	0.504712	0.459097	0.460148	0.457263	0.498561	0.468994	0.469149	0.494911	0.491541	0.494375	0.432636	0.400779	0.397028	0.39284	0.380939	0.378006
ERR610249-k20-n1-x5e9	0.382918	0.548483	0.407251	0.405501	0.40489	0.402922	0.40057	0.393401	0.38716	0.453569	0.429767	0.41943	0.256328	0.35011	0	0.285928	0.285384	0.287965	0.472512	0.454383	0.434369	0.339654	0.350084	0.357559	0.364893	0.359194	0.352655	0.354621	0.357452	0.354301	0.384335	0.3515	0.35123	0.363981	0.367696	0.368273	0.497948	0.374558	0.369479	0.452198	0.44378	0.449066	0.543285	0.564079	0.39405	0.400725	0.399289	0.399492	0.505985	0.468364	0.461903	0.463133	0.463353	0.470201	0.454349	0.40057	0.378987	0.375189	0.370721	0.399169	0.61064	0.473418	0.475037	0.487065	0.48109	0.481903	0.454462	0.449768	0.454007	0.457091	0.452935	0.453847	0.438483	0.442023	0.446714	0.434501	0.432879	0.432326	0.466839	0.42992	0.431763	0.434759	0.43231	0.434148	0.586759	0.505767	0.50344	0.564227	0.564153	0.566479	0.348074	0.346246	0.343119	0.339617	0.342274	0.340856
ERR610250-k20-n1-x5e9	0.446392	0.620573	0.475547	0.476379	0.475432	0.473248	0.451661	0.437354	0.416979	0.395626	0.383762	0.380369	0.254811	0.436246	0.285928	0	0.237622	0.23756	0.552055	0.533781	0.509913	0.358044	0.391605	0.406955	0.338502	0.342116	0.347183	0.34042	0.340386	0.340048	0.448772	0.365306	0.3634	0.421488	0.423702	0.426055	0.571835	0.451817	0.445614	0.535409	0.52698	0.533177	0.619633	0.639632	0.44502	0.451959	0.449607	0.449095	0.545608	0.496941	0.482649	0.487623	0.489029	0.498719	0.528639	0.474495	0.448375	0.444714	0.438328	0.471644	0.644205	0.477604	0.48349	0.50474	0.480592	0.484255	0.457815	0.445832	0.449363	0.472864	0.467695	0.467631	0.423544	0.418611	0.422031	0.433741	0.430053	0.428495	0.496011	0.42403	0.423889	0.464896	0.460084	0.464801	0.646559	0.563079	0.560209	0.626146	0.626912	0.628977	0.346637	0.367988	0.368503	0.367407	0.378226	0.379342
ERR610251-k20-n1-x5e9	0.446348	0.620488	0.47556	0.47617	0.475314	0.473186	0.451552	0.437045	0.41707	0.396057	0.384226	0.380742	0.254287	0.435999	0.285384	0.237622	0	0.237667	0.551902	0.533757	0.509937	0.35858	0.392059	0.407096	0.339161	0.342817	0.347703	0.340844	0.340916	0.340519	0.448703	0.365371	0.363183	0.421343	0.423537	0.425909	0.571748	0.451743	0.445454	0.535119	0.526624	0.53295	0.61897	0.639176	0.444385	0.451329	0.449003	0.448724	0.545485	0.496774	0.4825	0.487459	0.488809	0.498579	0.528376	0.474152	0.448205	0.444352	0.437843	0.471464	0.644483	0.477985	0.483686	0.504994	0.480964	0.484605	0.457964	0.44587	0.449483	0.472848	0.467698	0.467576	0.423933	0.418798	0.422332	0.433947	0.430245	0.42869	0.496237	0.424269	0.424045	0.464903	0.460125	0.464753	0.646159	0.562479	0.559584	0.625664	0.626485	0.62858	0.347217	0.368341	0.368803	0.3677	0.378429	0.379512
ERR610252-k20-n1-x5e9	0.44862	0.622802	0.478017	0.478571	0.477639	0.475613	0.452997	0.438523	0.41808	0.393691	0.382486	0.379413	0.255883	0.43929	0.287965	0.23756	0.237667	0	0.554627	0.536413	0.512478	0.359873	0.39391	0.409329	0.338998	0.343127	0.348608	0.341441	0.341307	0.341034	0.450861	0.365766	0.36348	0.423064	0.425263	0.427581	0.574564	0.454676	0.448407	0.53809	0.529653	0.535857	0.621208	0.641243	0.44589	0.452845	0.450547	0.4502	0.54785	0.498881	0.484461	0.489403	0.490905	0.500629	0.530813	0.476565	0.450515	0.446643	0.440191	0.473816	0.646708	0.479742	0.485533	0.507134	0.482548	0.486287	0.459577	0.447166	0.450728	0.474888	0.46958	0.469522	0.424476	0.418928	0.422413	0.435304	0.431457	0.429775	0.498673	0.425518	0.425113	0.467342	0.462505	0.467216	0.648566	0.564812	0.561864	0.627963	0.628824	0.630962	0.347763	0.369823	0.370388	0.36921	0.380153	0.381385
ERR609679-k20-n1-x5e9	0.373553	0.369329	0.353658	0.352139	0.3529	0.353686	0.41935	0.43353	0.455474	0.625608	0.594036	0.578773	0.516897	0.359564	0.472512	0.552055	0.551902	0.554627	0	0.27983	0.288902	0.441858	0.398048	0.380079	0.532704	0.518756	0.50227	0.514467	0.518383	0.514775	0.395044	0.505503	0.509247	0.432823	0.434454	0.43279	0.371074	0.375659	0.381104	0.343436	0.344975	0.342794	0.40957	0.412876	0.456735	0.451115	0.450227	0.448685	0.530005	0.548387	0.562496	0.55765	0.555184	0.549604	0.340293	0.355988	0.372746	0.376382	0.380573	0.357199	0.577055	0.568512	0.563557	0.553177	0.576485	0.573206	0.581779	0.591154	0.590343	0.569087	0.570553	0.573412	0.58921	0.603744	0.604856	0.570953	0.57516	0.576126	0.52131	0.569227	0.572834	0.518858	0.520693	0.516361	0.491771	0.498135	0.499212	0.496497	0.491456	0.493415	0.503503	0.468586	0.464678	0.460369	0.445864	0.442536
ERR609680-k20-n1-x5e9	0.357259	0.379391	0.33982	0.339116	0.33985	0.340193	0.40519	0.418127	0.438826	0.60839	0.576431	0.56104	0.498685	0.34896	0.454383	0.533781	0.533757	0.536413	0.27983	0	0.278524	0.41979	0.376792	0.359127	0.513009	0.498895	0.482163	0.494782	0.498575	0.494823	0.379849	0.487762	0.491525	0.416767	0.418369	0.416686	0.370609	0.360533	0.365346	0.338983	0.33865	0.337271	0.416103	0.42264	0.443537	0.43796	0.436981	0.435281	0.519689	0.535289	0.54895	0.544363	0.542127	0.53671	0.33655	0.344734	0.35916	0.362436	0.366002	0.34606	0.569865	0.553409	0.548482	0.538836	0.561381	0.55812	0.567579	0.576713	0.575881	0.555455	0.556701	0.559565	0.574108	0.58876	0.589838	0.556053	0.560482	0.561247	0.507695	0.553224	0.556835	0.50431	0.505734	0.501621	0.495831	0.49322	0.494005	0.497872	0.492834	0.495187	0.484267	0.449629	0.445714	0.441211	0.426892	0.42375
ERR609681-k20-n1-x5e9	0.341193	0.393889	0.326714	0.329621	0.329695	0.330109	0.395219	0.405752	0.42049	0.585478	0.552537	0.537237	0.477742	0.337992	0.434369	0.509913	0.509937	0.512478	0.288902	0.278524	0	0.390602	0.347473	0.330812	0.485253	0.470614	0.453174	0.466453	0.4701	0.466573	0.367	0.472227	0.47597	0.407685	0.408818	0.408016	0.364044	0.345732	0.350517	0.338706	0.336395	0.336665	0.438921	0.447103	0.438116	0.431551	0.429507	0.427074	0.503962	0.518585	0.530931	0.52749	0.525255	0.519607	0.335534	0.338904	0.349466	0.353533	0.355776	0.339069	0.548375	0.528836	0.524009	0.514165	0.535708	0.532642	0.544123	0.554142	0.552209	0.533247	0.53537	0.538125	0.550518	0.566074	0.566277	0.532988	0.537944	0.538673	0.483376	0.530919	0.534652	0.484483	0.485256	0.481959	0.503147	0.497488	0.497996	0.509503	0.503666	0.506599	0.455724	0.420837	0.418119	0.414299	0.400718	0.39788
ERR609682-k20-n1-x5e9	0.358728	0.540286	0.385604	0.389087	0.387737	0.38623	0.389192	0.37812	0.362786	0.422002	0.395826	0.384423	0.349575	0.409237	0.339654	0.358044	0.35858	0.359873	0.441858	0.41979	0.390602	0	0.265774	0.277701	0.324141	0.315942	0.309027	0.314057	0.315758	0.314253	0.386485	0.364939	0.365663	0.380042	0.380157	0.382267	0.490708	0.376312	0.371785	0.455935	0.445957	0.452163	0.564611	0.582886	0.41755	0.41715	0.41337	0.411124	0.511131	0.479263	0.472762	0.477173	0.476952	0.480713	0.451377	0.403782	0.381768	0.381054	0.375074	0.401263	0.5859	0.447627	0.449199	0.459876	0.451187	0.452121	0.46189	0.461229	0.459943	0.467594	0.466907	0.467913	0.444267	0.451362	0.451262	0.441885	0.444287	0.443698	0.450993	0.427116	0.428937	0.432683	0.428554	0.431133	0.603849	0.541126	0.539472	0.592396	0.590615	0.593339	0.322997	0.321394	0.322816	0.320413	0.324604	0.325303
ERR609683-k20-n1-x5e9	0.333262	0.500804	0.352852	0.357096	0.356114	0.35483	0.375417	0.370031	0.362266	0.463652	0.430879	0.417445	0.374284	0.376294	0.350084	0.391605	0.392059	0.39391	0.398048	0.376792	0.347473	0.265774	0	0.257922	0.357784	0.345794	0.33339	0.342715	0.345564	0.342813	0.363866	0.38535	0.38748	0.373071	0.373432	0.375072	0.450503	0.349978	0.347158	0.41763	0.408331	0.413487	0.53106	0.547756	0.412029	0.408828	0.404904	0.402371	0.496931	0.477144	0.476275	0.478811	0.477956	0.478377	0.413459	0.373803	0.357665	0.35815	0.353882	0.371297	0.563957	0.455593	0.45487	0.458496	0.46002	0.459484	0.471627	0.475323	0.473214	0.471733	0.472714	0.474417	0.462423	0.473558	0.473013	0.454315	0.457986	0.457939	0.442797	0.44465	0.447503	0.431711	0.428893	0.430044	0.574408	0.523136	0.521817	0.567034	0.564368	0.567239	0.34401	0.328276	0.328801	0.325823	0.323805	0.323742
ERR609684-k20-n1-x5e9	0.325662	0.484402	0.341375	0.346052	0.344889	0.343669	0.373263	0.370435	0.366046	0.481354	0.447958	0.433686	0.386553	0.365265	0.357559	0.406955	0.407096	0.409329	0.380079	0.359127	0.330812	0.277701	0.257922	0	0.373508	0.360311	0.346	0.356829	0.359905	0.357034	0.358281	0.396103	0.398484	0.373833	0.37458	0.375639	0.434036	0.340765	0.339094	0.401879	0.392786	0.397791	0.517731	0.533797	0.412696	0.408942	0.405139	0.402579	0.493235	0.478907	0.480114	0.481764	0.480542	0.479948	0.39895	0.363373	0.350573	0.351612	0.347854	0.360961	0.555923	0.460962	0.459299	0.459842	0.465813	0.464668	0.477654	0.482996	0.480556	0.475921	0.477056	0.478947	0.471759	0.484315	0.4837	0.461295	0.465494	0.465672	0.441948	0.453511	0.456601	0.433988	0.431705	0.431858	0.563251	0.517744	0.516854	0.558206	0.555036	0.557841	0.355577	0.335162	0.335002	0.331972	0.327641	0.327092
ERR605593-k20-n1-x5e9	0.414838	0.595457	0.44429	0.448342	0.447256	0.44541	0.438036	0.422662	0.398247	0.387118	0.370876	0.365484	0.353021	0.469489	0.364893	0.338502	0.339161	0.338998	0.532704	0.513009	0.485253	0.324141	0.357784	0.373508	0	0.24067	0.248366	0.243024	0.241666	0.242867	0.446819	0.385609	0.384726	0.431701	0.431748	0.434649	0.549737	0.436109	0.430057	0.519871	0.510439	0.517066	0.620296	0.638208	0.457679	0.459452	0.455901	0.454259	0.544404	0.502917	0.490306	0.497549	0.498092	0.504837	0.51969	0.471244	0.44687	0.445144	0.438228	0.468345	0.616591	0.45219	0.457855	0.477525	0.452118	0.455646	0.463515	0.457694	0.456131	0.478593	0.476765	0.477033	0.435016	0.436442	0.435452	0.442572	0.443194	0.441809	0.479892	0.424361	0.424745	0.459982	0.454602	0.459621	0.648981	0.580997	0.57844	0.637567	0.637008	0.639779	0.326173	0.345207	0.347914	0.348425	0.359023	0.361221
ERR605594-k20-n1-x5e9	0.401525	0.582354	0.430525	0.435114	0.434018	0.431977	0.431006	0.416763	0.393457	0.399099	0.37987	0.372977	0.352377	0.456331	0.359194	0.342116	0.342817	0.343127	0.518756	0.498895	0.470614	0.315942	0.345794	0.360311	0.24067	0	0.242088	0.240234	0.239989	0.240203	0.437183	0.386949	0.386439	0.425911	0.42581	0.428584	0.53346	0.42054	0.414504	0.504428	0.494757	0.501369	0.61153	0.628927	0.454367	0.455154	0.45149	0.449627	0.534557	0.495378	0.483922	0.491231	0.491418	0.49733	0.506912	0.459821	0.43629	0.434945	0.427981	0.457009	0.603721	0.44455	0.449193	0.466833	0.444938	0.447806	0.457482	0.453721	0.451869	0.470561	0.469312	0.46971	0.433651	0.437547	0.436643	0.437898	0.439414	0.438375	0.467754	0.421164	0.422115	0.450295	0.445191	0.449842	0.639942	0.574824	0.572594	0.630053	0.629171	0.631913	0.320671	0.335183	0.337977	0.338137	0.347726	0.349975
ERR605595-k20-n1-x5e9	0.387502	0.567342	0.414567	0.419896	0.418963	0.417007	0.424241	0.411237	0.389796	0.414557	0.392373	0.383888	0.352136	0.439795	0.352655	0.347183	0.347703	0.348608	0.50227	0.482163	0.453174	0.309027	0.33339	0.346	0.248366	0.242088	0	0.241303	0.242497	0.241321	0.426775	0.391418	0.39128	0.4215	0.421877	0.424389	0.513785	0.402467	0.39657	0.486535	0.47671	0.483394	0.601411	0.618539	0.451343	0.451893	0.447991	0.44622	0.523048	0.486624	0.476643	0.483427	0.483519	0.48854	0.491983	0.4463	0.423942	0.422611	0.416065	0.443516	0.587978	0.436466	0.440018	0.455244	0.438062	0.44018	0.450679	0.449265	0.446974	0.461195	0.460378	0.461105	0.43181	0.438447	0.437448	0.432223	0.434395	0.433576	0.453812	0.418661	0.420351	0.440213	0.435611	0.439785	0.628549	0.567517	0.565332	0.621145	0.620183	0.622966	0.317358	0.325745	0.328441	0.328424	0.336171	0.338283
ERR605596-k20-n1-x5e9	0.398455	0.579035	0.426756	0.431075	0.430075	0.428114	0.429118	0.415173	0.392629	0.402514	0.382797	0.375525	0.34882	0.450929	0.354621	0.34042	0.340844	0.341441	0.514467	0.494782	0.466453	0.314057	0.342715	0.356829	0.243024	0.240234	0.241303	0	0.238866	0.238301	0.434538	0.386728	0.386241	0.42401	0.42415	0.426935	0.528883	0.415313	0.409329	0.499669	0.490082	0.496816	0.608108	0.625818	0.451671	0.453069	0.449474	0.447719	0.531651	0.492521	0.481316	0.488317	0.488515	0.494368	0.503096	0.455621	0.432253	0.430615	0.423935	0.452656	0.600692	0.442938	0.447441	0.464837	0.444311	0.446915	0.455121	0.451752	0.450124	0.467313	0.465999	0.466535	0.432382	0.436678	0.436066	0.435411	0.437019	0.435899	0.464864	0.419884	0.421165	0.44767	0.44268	0.44737	0.63637	0.571144	0.568954	0.626565	0.625849	0.628612	0.319959	0.332755	0.33548	0.335498	0.344582	0.346734
ERR605597-k20-n1-x5e9	0.401575	0.582303	0.430023	0.434535	0.433371	0.431339	0.430867	0.416687	0.393374	0.399108	0.379925	0.37302	0.350333	0.454746	0.357452	0.340386	0.340916	0.341307	0.518383	0.498575	0.4701	0.315758	0.345564	0.359905	0.241666	0.239989	0.242497	0.238866	0	0.238633	0.436911	0.387006	0.386611	0.425895	0.426268	0.429039	0.532801	0.419845	0.413826	0.503941	0.494298	0.500932	0.611097	0.628666	0.453458	0.454667	0.450937	0.449349	0.533776	0.494376	0.483079	0.490036	0.490406	0.496203	0.506238	0.45903	0.435352	0.433763	0.427	0.456017	0.603115	0.444065	0.448825	0.466691	0.445046	0.447836	0.456299	0.452407	0.450593	0.469137	0.467833	0.468216	0.432398	0.436354	0.435432	0.436376	0.437791	0.436711	0.46726	0.420594	0.421601	0.449889	0.444833	0.449594	0.638952	0.573666	0.57141	0.629179	0.6284	0.631263	0.320294	0.334422	0.337322	0.337514	0.346884	0.349187
ERR605598-k20-n1-x5e9	0.398296	0.579055	0.426778	0.431006	0.429933	0.428036	0.428815	0.414828	0.392148	0.402026	0.382182	0.375065	0.34844	0.450731	0.354301	0.340048	0.340519	0.341034	0.514775	0.494823	0.466573	0.314253	0.342813	0.357034	0.242867	0.240203	0.241321	0.238301	0.238633	0	0.43438	0.386298	0.38584	0.423626	0.423896	0.426526	0.528921	0.415233	0.409253	0.499637	0.489974	0.496694	0.607969	0.625607	0.451331	0.45246	0.448914	0.447355	0.530886	0.491649	0.480613	0.487403	0.487754	0.493455	0.502934	0.455596	0.432066	0.430352	0.423594	0.452547	0.600446	0.442225	0.446813	0.464225	0.443512	0.446174	0.454047	0.450663	0.449068	0.466284	0.465092	0.465456	0.43148	0.435926	0.435136	0.434548	0.436051	0.43501	0.464299	0.419214	0.420438	0.447041	0.44193	0.446618	0.635935	0.570349	0.568052	0.625874	0.625163	0.627959	0.31918	0.332081	0.334691	0.334888	0.343922	0.346103
ERR606036-k20-n1-x5e9	0.352278	0.470764	0.357915	0.357832	0.357066	0.356709	0.337972	0.3415	0.349999	0.510381	0.47608	0.46004	0.419084	0.356621	0.384335	0.448772	0.448703	0.450861	0.395044	0.379849	0.367	0.386485	0.363866	0.358281	0.446819	0.437183	0.426775	0.434538	0.436911	0.43438	0	0.338388	0.342925	0.285823	0.284712	0.285109	0.451883	0.376137	0.37725	0.408751	0.401948	0.404941	0.44752	0.464909	0.358616	0.353445	0.351392	0.348439	0.522802	0.517686	0.524317	0.520789	0.518995	0.51771	0.378163	0.349673	0.343309	0.34468	0.343953	0.348348	0.61423	0.534676	0.533242	0.534351	0.539654	0.539637	0.543344	0.54424	0.543457	0.541947	0.541615	0.542982	0.529278	0.536179	0.536069	0.524584	0.526702	0.526911	0.505169	0.512368	0.514381	0.488705	0.48635	0.485087	0.529557	0.486401	0.485509	0.520142	0.515034	0.517899	0.420347	0.396388	0.393639	0.388446	0.380143	0.377423
ERR606037-k20-n1-x5e9	0.413826	0.577177	0.440587	0.436563	0.435241	0.434004	0.374915	0.362469	0.353886	0.405625	0.383505	0.373486	0.350385	0.44147	0.3515	0.365306	0.365371	0.365766	0.505503	0.487762	0.472227	0.364939	0.38535	0.396103	0.385609	0.386949	0.391418	0.386728	0.387006	0.386298	0.338388	0	0.247853	0.293415	0.29241	0.294536	0.560213	0.437866	0.434233	0.506671	0.497381	0.502225	0.540451	0.562213	0.362887	0.367489	0.366635	0.366632	0.562077	0.52389	0.516771	0.516725	0.517124	0.524699	0.484003	0.427898	0.403656	0.400544	0.395943	0.426493	0.678939	0.529147	0.532589	0.54991	0.5339	0.537117	0.527943	0.516238	0.520032	0.537113	0.532753	0.532859	0.491785	0.485626	0.488401	0.501244	0.498475	0.497407	0.53668	0.476383	0.475656	0.494309	0.489268	0.491211	0.611035	0.522806	0.519865	0.581536	0.579488	0.582162	0.385498	0.393247	0.391363	0.385212	0.390326	0.389452
ERR606038-k20-n1-x5e9	0.417099	0.580982	0.444326	0.440273	0.438923	0.437719	0.378634	0.365832	0.356929	0.403464	0.382223	0.372527	0.348616	0.444878	0.35123	0.3634	0.363183	0.36348	0.509247	0.491525	0.47597	0.365663	0.38748	0.398484	0.384726	0.386439	0.39128	0.386241	0.386611	0.38584	0.342925	0.247853	0	0.296809	0.296047	0.298098	0.563601	0.440245	0.436471	0.510006	0.500774	0.505551	0.544546	0.566399	0.366117	0.371002	0.370302	0.370438	0.563959	0.524533	0.517	0.517166	0.517457	0.525576	0.48789	0.43144	0.406578	0.403522	0.398959	0.429835	0.68116	0.529754	0.533264	0.551221	0.534452	0.537843	0.528089	0.516067	0.520049	0.537458	0.533023	0.533002	0.491251	0.484723	0.48764	0.501044	0.497991	0.49704	0.537875	0.475811	0.474934	0.495238	0.490029	0.492117	0.614403	0.525532	0.522459	0.584723	0.582735	0.585318	0.385566	0.394371	0.392464	0.386491	0.391849	0.391083
ERR606039-k20-n1-x5e9	0.36939	0.507444	0.387041	0.379986	0.379428	0.378844	0.33657	0.335098	0.34431	0.480291	0.449754	0.435171	0.389396	0.385639	0.363981	0.421488	0.421343	0.423064	0.432823	0.416767	0.407685	0.380042	0.373071	0.373833	0.431701	0.425911	0.4215	0.42401	0.425895	0.423626	0.285823	0.293415	0.296809	0	0.255075	0.255216	0.501258	0.393377	0.39284	0.43962	0.431617	0.435267	0.461051	0.482165	0.332639	0.329565	0.329409	0.329247	0.541321	0.520048	0.521733	0.518478	0.517797	0.520615	0.416168	0.369608	0.354055	0.352826	0.351091	0.368081	0.656525	0.542008	0.542302	0.549989	0.547641	0.548746	0.543881	0.538727	0.541518	0.544427	0.542297	0.543245	0.521356	0.522436	0.524888	0.520356	0.52036	0.520153	0.52903	0.502429	0.503312	0.490614	0.487481	0.487079	0.555508	0.479935	0.478355	0.52472	0.521146	0.523953	0.413594	0.400625	0.396735	0.389751	0.385893	0.383044
ERR606040-k20-n1-x5e9	0.371255	0.509013	0.388921	0.382486	0.381493	0.38094	0.337883	0.336065	0.344329	0.479721	0.449189	0.434553	0.39227	0.388818	0.367696	0.423702	0.423537	0.425263	0.434454	0.418369	0.408818	0.380157	0.373432	0.37458	0.431748	0.42581	0.421877	0.42415	0.426268	0.423896	0.284712	0.29241	0.296047	0.255075	0	0.252855	0.502659	0.394949	0.394801	0.441229	0.432592	0.435934	0.463345	0.484091	0.334542	0.329835	0.329464	0.328918	0.543902	0.523197	0.524858	0.522017	0.521007	0.523716	0.41837	0.37257	0.357335	0.356594	0.354544	0.371078	0.658091	0.543387	0.543529	0.551177	0.548593	0.549707	0.546937	0.541667	0.544271	0.547752	0.54576	0.54676	0.524425	0.525283	0.527583	0.523819	0.523997	0.523877	0.530662	0.50441	0.505256	0.492829	0.488646	0.488267	0.558413	0.484703	0.482951	0.52871	0.523969	0.526864	0.415637	0.402352	0.399206	0.391848	0.387958	0.385357
ERR606041-k20-n1-x5e9	0.371046	0.507474	0.388554	0.381715	0.380667	0.380303	0.337598	0.335915	0.345475	0.482879	0.452392	0.437724	0.393859	0.387219	0.368273	0.426055	0.425909	0.427581	0.43279	0.416686	0.408016	0.382267	0.375072	0.375639	0.434649	0.428584	0.424389	0.426935	0.429039	0.426526	0.285109	0.294536	0.298098	0.255216	0.252855	0	0.501541	0.39389	0.393622	0.439531	0.430866	0.433986	0.460409	0.481265	0.333746	0.329618	0.329275	0.329107	0.544313	0.523741	0.525704	0.522635	0.521534	0.52424	0.416691	0.37086	0.356142	0.355035	0.353095	0.369569	0.659234	0.545438	0.545519	0.553102	0.550846	0.551949	0.548603	0.543408	0.546075	0.548939	0.546935	0.54794	0.526353	0.52729	0.529692	0.52535	0.525532	0.525405	0.531761	0.506075	0.50703	0.493746	0.489762	0.489217	0.55723	0.483236	0.481447	0.527021	0.522385	0.525266	0.4178	0.40405	0.400718	0.393362	0.389265	0.386477
ERR606042-k20-n1-x5e9	0.420788	0.414009	0.400336	0.406952	0.407745	0.40725	0.50026	0.509886	0.520446	0.662975	0.632684	0.618868	0.541299	0.381961	0.497948	0.571835	0.571748	0.574564	0.371074	0.370609	0.364044	0.490708	0.450503	0.434036	0.549737	0.53346	0.513785	0.528883	0.532801	0.528921	0.451883	0.560213	0.563601	0.501258	0.502659	0.501541	0	0.344838	0.350567	0.299624	0.302746	0.301758	0.513952	0.512992	0.540497	0.53359	0.531456	0.529212	0.507195	0.536317	0.551778	0.548715	0.546035	0.536951	0.39061	0.416488	0.432803	0.436889	0.438984	0.416519	0.498454	0.546851	0.539477	0.519441	0.553993	0.548911	0.559963	0.576354	0.573513	0.541933	0.546118	0.549026	0.584535	0.605007	0.605429	0.55854	0.565264	0.566644	0.479482	0.564571	0.569454	0.500676	0.503284	0.498746	0.508407	0.54215	0.543173	0.54025	0.533278	0.53587	0.513175	0.47567	0.473365	0.471085	0.457181	0.454594
ERR606043-k20-n1-x5e9	0.343616	0.455171	0.347671	0.347686	0.347687	0.346659	0.413532	0.417602	0.425562	0.556952	0.526501	0.512147	0.415639	0.3314	0.374558	0.451817	0.451743	0.454676	0.375659	0.360533	0.345732	0.376312	0.349978	0.340765	0.436109	0.42054	0.402467	0.415313	0.419845	0.415233	0.376137	0.437866	0.440245	0.393377	0.394949	0.39389	0.344838	0	0.248674	0.298883	0.290189	0.293976	0.493701	0.507557	0.441589	0.438969	0.437465	0.43683	0.476152	0.470229	0.476653	0.475339	0.473886	0.471898	0.381389	0.356081	0.353411	0.354126	0.353436	0.355549	0.540158	0.477041	0.472296	0.465795	0.48692	0.483494	0.483921	0.493564	0.494441	0.470585	0.471565	0.473919	0.495837	0.511917	0.514795	0.473752	0.478302	0.479036	0.434671	0.470297	0.474373	0.423884	0.423997	0.421578	0.531131	0.490613	0.490351	0.522583	0.518378	0.521133	0.402614	0.371833	0.36819	0.363199	0.353302	0.350406
ERR606044-k20-n1-x5e9	0.344094	0.460722	0.350035	0.349567	0.349936	0.348613	0.413467	0.417264	0.424264	0.551742	0.521697	0.507591	0.409879	0.334349	0.369479	0.445614	0.445454	0.448407	0.381104	0.365346	0.350517	0.371785	0.347158	0.339094	0.430057	0.414504	0.39657	0.409329	0.413826	0.409253	0.37725	0.434233	0.436471	0.39284	0.394801	0.393622	0.350567	0.248674	0	0.303886	0.295156	0.299081	0.499021	0.513118	0.441172	0.439268	0.437855	0.437205	0.47703	0.46891	0.474322	0.473455	0.471976	0.470582	0.386205	0.359226	0.354901	0.355493	0.354456	0.358679	0.542011	0.473737	0.46936	0.463619	0.483614	0.480365	0.480223	0.489412	0.490514	0.467441	0.468247	0.470546	0.491399	0.507312	0.510309	0.469751	0.473956	0.474766	0.43328	0.465994	0.470091	0.42169	0.421995	0.419554	0.535532	0.492635	0.492058	0.526153	0.522356	0.524914	0.396878	0.367196	0.363605	0.358936	0.349634	0.346593
ERR606045-k20-n1-x5e9	0.38114	0.406154	0.367227	0.365804	0.367208	0.36699	0.450227	0.460771	0.477209	0.629497	0.598974	0.584534	0.497721	0.346725	0.452198	0.535409	0.535119	0.53809	0.343436	0.338983	0.338706	0.455935	0.41763	0.401879	0.519871	0.504428	0.486535	0.499669	0.503941	0.499637	0.408751	0.506671	0.510006	0.43962	0.441229	0.439531	0.299624	0.298883	0.303886	0	0.262027	0.261449	0.460499	0.465523	0.480851	0.474096	0.473404	0.472195	0.496387	0.513291	0.527269	0.52288	0.52061	0.514462	0.36576	0.372087	0.385126	0.387924	0.390551	0.372646	0.539792	0.535204	0.528793	0.513907	0.544022	0.539579	0.544386	0.556748	0.556925	0.526045	0.528818	0.531712	0.562794	0.580121	0.582536	0.538092	0.543455	0.544688	0.478219	0.538228	0.542506	0.475388	0.477599	0.472775	0.496417	0.493662	0.494781	0.497362	0.490914	0.493634	0.484838	0.448464	0.444568	0.440171	0.425827	0.422325
ERR606046-k20-n1-x5e9	0.374545	0.410748	0.362388	0.361493	0.362292	0.361686	0.444468	0.454319	0.469628	0.621395	0.590482	0.575968	0.489066	0.343436	0.44378	0.52698	0.526624	0.529653	0.344975	0.33865	0.336395	0.445957	0.408331	0.392786	0.510439	0.494757	0.47671	0.490082	0.494298	0.489974	0.401948	0.497381	0.500774	0.431617	0.432592	0.430866	0.302746	0.290189	0.295156	0.262027	0	0.257581	0.464721	0.470348	0.475582	0.467967	0.467171	0.465941	0.492964	0.508093	0.521423	0.517375	0.515314	0.509032	0.365323	0.369037	0.380292	0.383144	0.385685	0.368706	0.538488	0.52787	0.521261	0.506654	0.536313	0.531927	0.538314	0.550559	0.550649	0.520301	0.523078	0.525971	0.556069	0.573298	0.575637	0.531436	0.536945	0.538184	0.471349	0.530347	0.534616	0.468099	0.468957	0.464567	0.501367	0.494401	0.49556	0.501484	0.493787	0.496549	0.476071	0.439491	0.435954	0.431265	0.417042	0.413738
ERR606047-k20-n1-x5e9	0.377961	0.407522	0.364728	0.363572	0.364595	0.363969	0.447584	0.458045	0.474218	0.627161	0.596421	0.581786	0.494881	0.344959	0.449066	0.533177	0.53295	0.535857	0.342794	0.337271	0.336665	0.452163	0.413487	0.397791	0.517066	0.501369	0.483394	0.496816	0.500932	0.496694	0.404941	0.502225	0.505551	0.435267	0.435934	0.433986	0.301758	0.293976	0.299081	0.261449	0.257581	0	0.46107	0.466288	0.478397	0.470975	0.470031	0.468846	0.496495	0.512765	0.526306	0.522188	0.519982	0.51357	0.365072	0.370645	0.382916	0.385716	0.388344	0.37069	0.54121	0.533634	0.527157	0.512128	0.542215	0.537673	0.544198	0.556245	0.556468	0.525692	0.528601	0.531361	0.56212	0.579422	0.581725	0.537364	0.542925	0.544168	0.476666	0.536481	0.540789	0.473171	0.474631	0.469833	0.499793	0.494878	0.496156	0.499742	0.49224	0.495104	0.48272	0.446074	0.442343	0.437453	0.423291	0.419628
ERR605866-k20-n1-x5e9	0.457283	0.414316	0.440917	0.429739	0.4307	0.432232	0.443398	0.461099	0.493121	0.671188	0.641924	0.627488	0.582058	0.446537	0.543285	0.619633	0.61897	0.621208	0.40957	0.416103	0.438921	0.564611	0.53106	0.517731	0.620296	0.61153	0.601411	0.608108	0.611097	0.607969	0.44752	0.540451	0.544546	0.461051	0.463345	0.460409	0.513952	0.493701	0.499021	0.460499	0.464721	0.46107	0	0.286504	0.408633	0.406179	0.409165	0.41016	0.617402	0.628544	0.642188	0.63432	0.632599	0.629869	0.413837	0.4223	0.438726	0.440208	0.446096	0.424428	0.717325	0.672687	0.670247	0.668167	0.680848	0.679824	0.673156	0.674837	0.677034	0.664454	0.663645	0.665534	0.667422	0.674365	0.676735	0.657119	0.658395	0.658855	0.638226	0.652198	0.654293	0.615286	0.616461	0.612495	0.494153	0.488052	0.490322	0.472654	0.471112	0.471121	0.596609	0.569223	0.563462	0.557963	0.544668	0.540769
