	ERR609151-k20-n1-x5e9	ERR609152-k20-n1-x5e9	ERR609153-k20-n1-x5e9	ERR609154-k20-n1-x5e9	ERR609155-k20-n1-x5e9	ERR609156-k20-n1-x5e9	ERR610223-k20-n1-x5e9	ERR610224-k20-n1-x5e9	ERR610225-k20-n1-x5e9	ERR610226-k20-n1-x5e9	ERR610227-k20-n1-x5e9	ERR610228-k20-n1-x5e9	ERR607567-k20-n1-x5e9	ERR607568-k20-n1-x5e9	ERR607569-k20-n1-x5e9	ERR607570-k20-n1-x5e9	ERR607571-k20-n1-x5e9	ERR607572-k20-n1-x5e9	ERR610163-k20-n1-x5e9	ERR610164-k20-n1-x5e9	ERR610165-k20-n1-x5e9	ERR610166-k20-n1-x5e9	ERR610167-k20-n1-x5e9	ERR610168-k20-n1-x5e9	ERR605671-k20-n1-x5e9	ERR605672-k20-n1-x5e9	ERR605673-k20-n1-x5e9	ERR605674-k20-n1-x5e9	ERR605675-k20-n1-x5e9	ERR605676-k20-n1-x5e9	ERR607188-k20-n1-x5e9	ERR607189-k20-n1-x5e9	ERR607190-k20-n1-x5e9	ERR607191-k20-n1-x5e9	ERR607192-k20-n1-x5e9	ERR607193-k20-n1-x5e9	ERR607633-k20-n1-x5e9	ERR607634-k20-n1-x5e9	ERR607635-k20-n1-x5e9	ERR607636-k20-n1-x5e9	ERR607637-k20-n1-x5e9	ERR607638-k20-n1-x5e9	ERR607505-k20-n1-x5e9	ERR607506-k20-n1-x5e9	ERR607507-k20-n1-x5e9	ERR607508-k20-n1-x5e9	ERR607509-k20-n1-x5e9	ERR607510-k20-n1-x5e9	ERR605479-k20-n1-x5e9	ERR605480-k20-n1-x5e9	ERR605481-k20-n1-x5e9	ERR605482-k20-n1-x5e9	ERR605483-k20-n1-x5e9	ERR605484-k20-n1-x5e9	ERR608567-k20-n1-x5e9	ERR608568-k20-n1-x5e9	ERR608569-k20-n1-x5e9	ERR608570-k20-n1-x5e9	ERR608571-k20-n1-x5e9	ERR608572-k20-n1-x5e9	ERR605934-k20-n1-x5e9	ERR605935-k20-n1-x5e9	ERR605936-k20-n1-x5e9	ERR605937-k20-n1-x5e9	ERR605938-k20-n1-x5e9	ERR605939-k20-n1-x5e9	ERR610229-k20-n1-x5e9	ERR610230-k20-n1-x5e9	ERR610231-k20-n1-x5e9	ERR610232-k20-n1-x5e9	ERR610233-k20-n1-x5e9	ERR610234-k20-n1-x5e9	ERR607805-k20-n1-x5e9	ERR607806-k20-n1-x5e9	ERR607807-k20-n1-x5e9	ERR607808-k20-n1-x5e9	ERR607809-k20-n1-x5e9	ERR607810-k20-n1-x5e9	ERR608389-k20-n1-x5e9	ERR608390-k20-n1-x5e9	ERR608391-k20-n1-x5e9	ERR608392-k20-n1-x5e9	ERR608393-k20-n1-x5e9	ERR608394-k20-n1-x5e9	ERR605683-k20-n1-x5e9	ERR605684-k20-n1-x5e9	ERR605685-k20-n1-x5e9	ERR605686-k20-n1-x5e9	ERR605687-k20-n1-x5e9	ERR605688-k20-n1-x5e9	ERR607311-k20-n1-x5e9	ERR607312-k20-n1-x5e9	ERR607313-k20-n1-x5e9	ERR607314-k20-n1-x5e9	ERR607315-k20-n1-x5e9	ERR607316-k20-n1-x5e9
ERR609151-k20-n1-x5e9	0	0.250611	0.255292	0.274491	0.254443	0.254716	0.384543	0.37021	0.353408	0.371569	0.375522	0.378554	0.350336	0.346036	0.355526	0.341585	0.339833	0.344625	0.434946	0.325043	0.392501	0.46917	0.469173	0.472747	0.361176	0.352658	0.349814	0.350632	0.355954	0.352676	0.318622	0.405577	0.34628	0.352874	0.348634	0.392656	0.321965	0.310275	0.317111	0.316481	0.315662	0.318226	0.445153	0.44074	0.447148	0.404768	0.40604	0.405859	0.483374	0.474213	0.464447	0.472286	0.475884	0.472947	0.464922	0.459427	0.464885	0.465676	0.464059	0.461217	0.486196	0.522138	0.524097	0.504575	0.503001	0.50363	0.492302	0.553291	0.490427	0.478425	0.479399	0.478641	0.440715	0.451902	0.451858	0.434313	0.43743	0.438252	0.444579	0.448827	0.454786	0.458587	0.458504	0.450386	0.42089	0.416158	0.414169	0.413684	0.434459	0.430009	0.463301	0.467773	0.465501	0.46996	0.470065	0.468727
ERR609152-k20-n1-x5e9	0.250611	0	0.253642	0.274112	0.253811	0.253921	0.390982	0.369991	0.359026	0.376788	0.380776	0.383648	0.348802	0.349329	0.360054	0.343131	0.341626	0.345351	0.44075	0.326271	0.397886	0.474281	0.474208	0.477819	0.364925	0.35513	0.352389	0.353868	0.356641	0.353233	0.316661	0.410157	0.347873	0.356638	0.352417	0.391902	0.32043	0.31014	0.315547	0.316269	0.314839	0.31744	0.44556	0.441319	0.448145	0.407454	0.408565	0.408413	0.485523	0.476006	0.465721	0.47414	0.477675	0.474638	0.464845	0.46187	0.467686	0.468744	0.466844	0.46342	0.488146	0.527702	0.529757	0.509472	0.507408	0.508095	0.49827	0.55391	0.495219	0.48393	0.485007	0.484088	0.443494	0.4553	0.454752	0.437319	0.44124	0.442088	0.445724	0.452188	0.458598	0.462579	0.462594	0.453578	0.422796	0.417215	0.415175	0.414778	0.431557	0.427837	0.465501	0.470357	0.467579	0.472078	0.472793	0.471293
ERR609153-k20-n1-x5e9	0.255292	0.253642	0	0.271489	0.257253	0.256889	0.40508	0.363229	0.371313	0.389563	0.393929	0.396585	0.343733	0.358867	0.371498	0.345982	0.34488	0.346823	0.45615	0.329191	0.413021	0.488524	0.48851	0.492083	0.375483	0.363912	0.360767	0.362409	0.361248	0.358104	0.316617	0.425813	0.350764	0.37135	0.366658	0.388239	0.317697	0.311458	0.313593	0.315186	0.314352	0.316542	0.441731	0.438297	0.445018	0.407886	0.408901	0.408622	0.491972	0.4816	0.470122	0.479562	0.483231	0.480122	0.462796	0.466251	0.474023	0.47495	0.472858	0.467624	0.4891	0.53868	0.54086	0.515783	0.513764	0.514697	0.504502	0.54733	0.498289	0.49046	0.491364	0.490926	0.449033	0.463123	0.461422	0.441646	0.446335	0.447353	0.445634	0.45824	0.466479	0.470504	0.470867	0.459571	0.427663	0.420578	0.417986	0.416262	0.425671	0.422582	0.468308	0.475645	0.471537	0.473002	0.474854	0.474178
ERR609154-k20-n1-x5e9	0.274491	0.274112	0.271489	0	0.279646	0.27793	0.425909	0.342005	0.384336	0.41589	0.420493	0.424172	0.345564	0.376888	0.390871	0.33884	0.340551	0.337374	0.484137	0.334024	0.4395	0.520392	0.520345	0.524051	0.399031	0.383957	0.379795	0.376166	0.387564	0.382857	0.334334	0.454718	0.326596	0.389377	0.383016	0.349359	0.306426	0.308607	0.307578	0.306602	0.306123	0.306812	0.410065	0.407065	0.411695	0.383164	0.383493	0.38289	0.527185	0.517442	0.506965	0.515253	0.518974	0.515947	0.470859	0.480832	0.492256	0.49	0.487844	0.482491	0.484841	0.54261	0.545183	0.508199	0.506357	0.506352	0.491879	0.517088	0.478831	0.489588	0.489287	0.490503	0.473416	0.488629	0.490302	0.456346	0.460585	0.462166	0.452488	0.470801	0.482596	0.485337	0.487069	0.472005	0.453712	0.443975	0.440536	0.428843	0.436705	0.434567	0.482467	0.491654	0.491107	0.475257	0.47776	0.478539
ERR609155-k20-n1-x5e9	0.254443	0.253811	0.257253	0.279646	0	0.253139	0.39038	0.373782	0.359787	0.375469	0.379604	0.382361	0.350829	0.349902	0.360132	0.346044	0.344251	0.348642	0.439285	0.328945	0.397123	0.472376	0.472292	0.475941	0.365087	0.35587	0.353397	0.355135	0.356797	0.353562	0.318853	0.409203	0.353046	0.357612	0.353768	0.398079	0.324983	0.314004	0.319281	0.320139	0.319089	0.321675	0.450138	0.445973	0.452622	0.411067	0.412237	0.412347	0.483508	0.473871	0.463857	0.472189	0.475683	0.472597	0.465727	0.462148	0.467253	0.46858	0.466924	0.463277	0.49045	0.528454	0.530273	0.511284	0.509363	0.510149	0.500148	0.557546	0.49806	0.484492	0.485694	0.484844	0.442739	0.454405	0.453398	0.437464	0.441471	0.442132	0.446892	0.452653	0.458423	0.462506	0.462354	0.45369	0.422241	0.417205	0.415479	0.415728	0.43335	0.429266	0.465505	0.470422	0.467276	0.473066	0.474039	0.472507
ERR609156-k20-n1-x5e9	0.254716	0.253921	0.256889	0.27793	0.253139	0	0.393242	0.371994	0.361812	0.37818	0.382393	0.385278	0.349981	0.351827	0.362346	0.345786	0.344183	0.34801	0.442465	0.328892	0.400117	0.475318	0.475223	0.478858	0.366684	0.35688	0.354462	0.356005	0.357336	0.354054	0.319326	0.41236	0.35209	0.359929	0.35587	0.395866	0.323558	0.313447	0.318324	0.319264	0.318009	0.320777	0.448345	0.444214	0.450902	0.410024	0.411243	0.411111	0.486086	0.476487	0.466222	0.474561	0.478027	0.475184	0.466207	0.463489	0.469423	0.470666	0.468951	0.46485	0.490766	0.530506	0.53251	0.512032	0.510049	0.510886	0.500881	0.555972	0.498154	0.485796	0.486859	0.486093	0.444609	0.456695	0.455527	0.438946	0.442953	0.443788	0.447638	0.454236	0.460584	0.464732	0.464665	0.455434	0.423939	0.418339	0.416738	0.416396	0.432444	0.428836	0.467102	0.472192	0.468836	0.473576	0.474648	0.473331
ERR610223-k20-n1-x5e9	0.384543	0.390982	0.40508	0.425909	0.39038	0.393242	0	0.419255	0.258651	0.24687	0.246234	0.246151	0.429349	0.350175	0.340816	0.399043	0.395281	0.409448	0.328022	0.371629	0.31047	0.358793	0.358202	0.361354	0.372228	0.382519	0.384857	0.383508	0.40302	0.401381	0.411366	0.361878	0.437277	0.358014	0.36021	0.499005	0.424557	0.397718	0.416364	0.410841	0.410962	0.413403	0.516712	0.50982	0.51632	0.45861	0.459933	0.461237	0.464751	0.465563	0.467781	0.464219	0.465319	0.464853	0.504145	0.461847	0.453405	0.455452	0.456499	0.464246	0.499918	0.458824	0.458085	0.484266	0.485801	0.487453	0.456707	0.603869	0.483684	0.433898	0.436526	0.432001	0.425756	0.419657	0.426254	0.433753	0.429482	0.428972	0.469374	0.433986	0.425936	0.427041	0.425259	0.436073	0.436048	0.445085	0.447054	0.456278	0.512586	0.503744	0.464329	0.452924	0.458591	0.487014	0.478782	0.47372
ERR610224-k20-n1-x5e9	0.37021	0.369991	0.363229	0.342005	0.373782	0.371994	0.419255	0	0.368982	0.409804	0.414709	0.419295	0.357826	0.409597	0.425042	0.357469	0.360867	0.354276	0.512728	0.345078	0.469176	0.54657	0.546387	0.549967	0.44468	0.428583	0.423508	0.417742	0.431805	0.427261	0.384899	0.504456	0.364069	0.441944	0.43566	0.365436	0.342781	0.350369	0.346115	0.344816	0.346083	0.343978	0.388699	0.386171	0.39061	0.37214	0.371688	0.371255	0.564336	0.556512	0.547769	0.55409	0.557265	0.554828	0.483126	0.501614	0.516476	0.511249	0.509054	0.502278	0.477856	0.548917	0.551905	0.504536	0.502978	0.502674	0.479969	0.478575	0.459563	0.483762	0.482694	0.485327	0.498789	0.515734	0.518134	0.475705	0.480261	0.482139	0.457581	0.485076	0.50158	0.502763	0.505583	0.485829	0.490505	0.47877	0.474722	0.457997	0.461082	0.459697	0.495481	0.507395	0.508301	0.480011	0.483635	0.486555
ERR610225-k20-n1-x5e9	0.353408	0.359026	0.371313	0.384336	0.359787	0.361812	0.258651	0.368982	0	0.257948	0.260206	0.262547	0.393575	0.335879	0.333475	0.364341	0.361948	0.372669	0.360002	0.336282	0.328017	0.395623	0.395177	0.398817	0.363134	0.36611	0.366505	0.363479	0.385251	0.382314	0.380375	0.378384	0.396365	0.350472	0.349792	0.453569	0.383753	0.360806	0.377204	0.371868	0.371932	0.374066	0.475838	0.469012	0.475262	0.420003	0.420831	0.422045	0.476211	0.474269	0.473268	0.472463	0.474406	0.473101	0.483854	0.453058	0.450479	0.450463	0.450667	0.455227	0.478265	0.465226	0.465552	0.470998	0.472165	0.473338	0.441681	0.568017	0.458782	0.425729	0.427244	0.424595	0.42544	0.42586	0.431878	0.424389	0.422063	0.421995	0.449391	0.426808	0.425882	0.426634	0.426268	0.42886	0.429951	0.433694	0.434158	0.436843	0.486344	0.478279	0.454292	0.448214	0.453273	0.468373	0.462333	0.458819
ERR610226-k20-n1-x5e9	0.371569	0.376788	0.389563	0.41589	0.375469	0.37818	0.24687	0.409804	0.257948	0	0.240587	0.240995	0.416883	0.342033	0.334828	0.391944	0.387796	0.401964	0.33164	0.361333	0.310438	0.359184	0.358887	0.362152	0.363912	0.373182	0.375149	0.37568	0.389251	0.388069	0.396419	0.35961	0.432992	0.354178	0.356005	0.494559	0.413228	0.386798	0.404203	0.400091	0.399646	0.402645	0.512552	0.50603	0.513037	0.455625	0.457064	0.45829	0.454441	0.454012	0.454583	0.452449	0.453883	0.453092	0.494826	0.455614	0.447793	0.45096	0.451648	0.457634	0.498686	0.467646	0.467254	0.489864	0.491028	0.492887	0.464939	0.60214	0.488893	0.438957	0.441623	0.437314	0.418968	0.41466	0.418239	0.428427	0.425598	0.425185	0.461702	0.430287	0.423332	0.425021	0.42304	0.431926	0.425459	0.433885	0.43571	0.446722	0.499352	0.490696	0.457841	0.448336	0.450955	0.482044	0.475077	0.470165
ERR610227-k20-n1-x5e9	0.375522	0.380776	0.393929	0.420493	0.379604	0.382393	0.246234	0.414709	0.260206	0.240587	0	0.240323	0.42082	0.344625	0.336963	0.396132	0.391743	0.406148	0.329524	0.365721	0.310118	0.356083	0.355653	0.359048	0.366166	0.375869	0.378224	0.378895	0.392343	0.391248	0.400675	0.359155	0.437782	0.356335	0.358131	0.49945	0.418055	0.391253	0.408865	0.404936	0.404252	0.407466	0.516722	0.510235	0.517308	0.459742	0.461273	0.462349	0.453711	0.453548	0.454436	0.452072	0.453298	0.452623	0.497088	0.457035	0.448592	0.451937	0.45263	0.458962	0.500427	0.466706	0.466102	0.490857	0.491898	0.493882	0.466111	0.605244	0.490909	0.439523	0.442228	0.43773	0.419552	0.414561	0.418306	0.429682	0.426677	0.426212	0.464294	0.431396	0.423905	0.425608	0.423689	0.433239	0.426774	0.43588	0.43773	0.449241	0.502255	0.493746	0.459033	0.448935	0.451843	0.484011	0.476697	0.47173
ERR610228-k20-n1-x5e9	0.378554	0.383648	0.396585	0.424172	0.382361	0.385278	0.246151	0.419295	0.262547	0.240995	0.240323	0	0.423929	0.346204	0.33798	0.399292	0.395028	0.409474	0.327298	0.368941	0.309329	0.353196	0.352821	0.356176	0.366614	0.377162	0.379589	0.380415	0.393382	0.392517	0.402998	0.357427	0.441206	0.356958	0.359037	0.5032	0.421616	0.394606	0.412274	0.40826	0.407928	0.410837	0.52041	0.514003	0.521063	0.463244	0.464791	0.465969	0.452581	0.452609	0.453869	0.451236	0.452355	0.451727	0.498888	0.458171	0.44927	0.452804	0.453549	0.460159	0.502613	0.466892	0.466237	0.492705	0.493684	0.495811	0.468601	0.608706	0.493986	0.441314	0.444271	0.439549	0.41999	0.414397	0.418183	0.430979	0.427895	0.427577	0.465813	0.43263	0.424348	0.426039	0.423891	0.434219	0.427231	0.436967	0.438949	0.451131	0.504455	0.496015	0.460297	0.449974	0.452548	0.485953	0.478804	0.47364
ERR607567-k20-n1-x5e9	0.350336	0.348802	0.343733	0.345564	0.350829	0.349981	0.429349	0.357826	0.393575	0.416883	0.42082	0.423929	0	0.316499	0.3339	0.282864	0.282789	0.28057	0.469827	0.336129	0.431255	0.495519	0.495382	0.49874	0.408244	0.395289	0.391804	0.390397	0.393417	0.390965	0.363829	0.463675	0.378073	0.414565	0.409864	0.399068	0.325379	0.326233	0.324248	0.325126	0.325555	0.32606	0.388538	0.385525	0.39345	0.357952	0.35897	0.358699	0.531754	0.525569	0.519401	0.524613	0.526836	0.525166	0.476325	0.488134	0.499001	0.496982	0.495031	0.488749	0.467813	0.529081	0.531757	0.49682	0.494409	0.495401	0.495883	0.524661	0.486377	0.48703	0.487059	0.487731	0.465537	0.481393	0.480094	0.450812	0.45621	0.45785	0.440059	0.460777	0.473555	0.475998	0.47739	0.46106	0.474171	0.467195	0.46463	0.458414	0.46382	0.461416	0.472428	0.482439	0.479483	0.46942	0.471874	0.4727
ERR607568-k20-n1-x5e9	0.346036	0.349329	0.358867	0.376888	0.349902	0.351827	0.350175	0.409597	0.335879	0.342033	0.344625	0.346204	0.316499	0	0.257621	0.293847	0.288888	0.302984	0.372372	0.334097	0.34219	0.39757	0.397373	0.40074	0.357423	0.358304	0.358561	0.358005	0.37082	0.368592	0.372168	0.382973	0.398272	0.358158	0.357331	0.451571	0.361192	0.340334	0.353656	0.35006	0.35014	0.352984	0.446827	0.44053	0.448159	0.390152	0.391661	0.392579	0.476764	0.474746	0.474273	0.474348	0.475637	0.474855	0.480108	0.457039	0.456568	0.457444	0.456998	0.45869	0.470697	0.474229	0.47526	0.474203	0.473592	0.475325	0.469971	0.573016	0.480969	0.451103	0.452777	0.450399	0.420847	0.425722	0.427035	0.420455	0.4208	0.421295	0.437194	0.422807	0.424431	0.426205	0.425797	0.424067	0.438358	0.44179	0.441861	0.446427	0.486536	0.479038	0.446416	0.444143	0.444714	0.461883	0.457899	0.454663
ERR607569-k20-n1-x5e9	0.355526	0.360054	0.371498	0.390871	0.360132	0.362346	0.340816	0.425042	0.333475	0.334828	0.336963	0.33798	0.3339	0.257621	0	0.307178	0.30181	0.317168	0.356852	0.344602	0.330838	0.381718	0.381287	0.384641	0.358061	0.361848	0.363161	0.362649	0.377543	0.375672	0.383081	0.373241	0.409668	0.355873	0.355872	0.466121	0.37568	0.352125	0.367581	0.363417	0.363521	0.36603	0.461701	0.454825	0.462813	0.402784	0.404248	0.405077	0.472101	0.471242	0.472086	0.470775	0.471988	0.471311	0.486754	0.457272	0.454249	0.455691	0.455554	0.459218	0.477383	0.467434	0.467936	0.475075	0.475093	0.476681	0.469546	0.584861	0.484843	0.449487	0.451269	0.448146	0.418968	0.420592	0.423049	0.421147	0.420509	0.420496	0.443722	0.422098	0.420852	0.422504	0.4218	0.423591	0.439208	0.444789	0.44534	0.451652	0.496669	0.48878	0.44796	0.442983	0.444586	0.466542	0.461205	0.457405
ERR607570-k20-n1-x5e9	0.341585	0.343131	0.345982	0.33884	0.346044	0.345786	0.399043	0.357469	0.364341	0.391944	0.396132	0.399292	0.282864	0.293847	0.307178	0	0.263587	0.265275	0.441328	0.323927	0.403044	0.472134	0.471728	0.475375	0.389515	0.379209	0.376682	0.371552	0.388625	0.384637	0.365985	0.439872	0.359062	0.388963	0.384496	0.390089	0.322235	0.315692	0.320326	0.316976	0.318107	0.318418	0.384665	0.379648	0.385475	0.341013	0.341689	0.34188	0.523709	0.51899	0.515328	0.518075	0.520217	0.518631	0.474712	0.474383	0.483376	0.480453	0.478722	0.475737	0.456047	0.499259	0.501518	0.470044	0.468595	0.469158	0.464312	0.520242	0.459026	0.460016	0.459699	0.460237	0.453609	0.46597	0.468476	0.436743	0.439935	0.441387	0.434123	0.443181	0.454644	0.455776	0.457777	0.44411	0.464951	0.460192	0.458467	0.450285	0.473039	0.468328	0.46188	0.467896	0.469358	0.457474	0.4577	0.458061
ERR607571-k20-n1-x5e9	0.339833	0.341626	0.34488	0.340551	0.344251	0.344183	0.395281	0.360867	0.361948	0.387796	0.391743	0.395028	0.282789	0.288888	0.30181	0.263587	0	0.265499	0.435971	0.322686	0.398102	0.465873	0.465761	0.469143	0.386171	0.376307	0.373562	0.369067	0.385334	0.381442	0.363975	0.435123	0.361029	0.386192	0.381711	0.394116	0.323592	0.316066	0.321286	0.317778	0.318842	0.319409	0.388911	0.383417	0.390143	0.343555	0.344676	0.344766	0.519193	0.514614	0.511201	0.513819	0.515848	0.514447	0.474075	0.472936	0.480968	0.478441	0.476966	0.474024	0.456862	0.497676	0.499787	0.470539	0.469223	0.469952	0.465447	0.524599	0.461227	0.459704	0.459641	0.460004	0.450233	0.462238	0.464606	0.434835	0.437734	0.439173	0.433086	0.441164	0.451641	0.453071	0.45489	0.442216	0.462151	0.457916	0.456235	0.449278	0.472666	0.467856	0.459767	0.465646	0.466626	0.45711	0.457061	0.457221
ERR607572-k20-n1-x5e9	0.344625	0.345351	0.346823	0.337374	0.348642	0.34801	0.409448	0.354276	0.372669	0.401964	0.406148	0.409474	0.28057	0.302984	0.317168	0.265275	0.265499	0	0.452706	0.32661	0.41382	0.483165	0.482953	0.486159	0.396796	0.385034	0.382204	0.376801	0.39301	0.388815	0.367113	0.4496	0.357779	0.396877	0.391985	0.384474	0.321264	0.317363	0.320345	0.317084	0.318098	0.318621	0.378273	0.373732	0.379889	0.338325	0.338739	0.338867	0.531233	0.526268	0.522189	0.52533	0.52757	0.525953	0.477412	0.481025	0.490803	0.487723	0.485954	0.482135	0.458422	0.506834	0.509251	0.474643	0.473041	0.473677	0.469261	0.516612	0.461959	0.466337	0.466093	0.466708	0.460921	0.474345	0.476589	0.442887	0.446297	0.448177	0.437006	0.449971	0.462227	0.463403	0.465523	0.450752	0.471275	0.465591	0.463688	0.454582	0.473281	0.469245	0.467478	0.474511	0.475657	0.461103	0.462037	0.46276
ERR610163-k20-n1-x5e9	0.434946	0.44075	0.45615	0.484137	0.439285	0.442465	0.328022	0.512728	0.360002	0.33164	0.329524	0.327298	0.469827	0.372372	0.356852	0.441328	0.435971	0.452706	0	0.387315	0.251999	0.251097	0.250799	0.252681	0.400553	0.417041	0.420931	0.42297	0.435624	0.435926	0.458928	0.36076	0.496371	0.389561	0.394095	0.559065	0.481298	0.452527	0.471697	0.466499	0.466207	0.469454	0.565998	0.559477	0.56624	0.50748	0.509213	0.510859	0.46097	0.465411	0.472109	0.465158	0.465217	0.465919	0.541179	0.491567	0.477152	0.482184	0.483801	0.493938	0.540746	0.475856	0.473914	0.520983	0.521975	0.524228	0.506618	0.659335	0.538807	0.477917	0.48142	0.475126	0.446604	0.433254	0.438004	0.464877	0.459575	0.458571	0.506616	0.461994	0.447509	0.44878	0.445555	0.463931	0.46019	0.474715	0.478171	0.49457	0.552278	0.543387	0.492217	0.476378	0.48059	0.523733	0.514149	0.508073
ERR610164-k20-n1-x5e9	0.325043	0.326271	0.329191	0.334024	0.328945	0.328892	0.371629	0.345078	0.336282	0.361333	0.365721	0.368941	0.336129	0.334097	0.344602	0.323927	0.322686	0.32661	0.387315	0	0.341888	0.423068	0.422892	0.426778	0.375519	0.36628	0.363656	0.361388	0.372714	0.369193	0.346124	0.423827	0.357513	0.372268	0.368098	0.3965	0.333789	0.324101	0.330163	0.327496	0.32791	0.328955	0.423816	0.418891	0.425741	0.381168	0.381651	0.382861	0.499752	0.493488	0.487263	0.49179	0.494576	0.492463	0.465029	0.461871	0.468628	0.467222	0.465897	0.462909	0.46824	0.505463	0.507558	0.484352	0.482311	0.483012	0.46746	0.531464	0.464565	0.457391	0.457556	0.457703	0.44408	0.454848	0.456807	0.433388	0.436107	0.437372	0.435588	0.441842	0.450186	0.452328	0.453329	0.442723	0.43679	0.431461	0.42956	0.424924	0.448144	0.443395	0.458962	0.463373	0.464107	0.461374	0.461215	0.460513
ERR610165-k20-n1-x5e9	0.392501	0.397886	0.413021	0.4395	0.397123	0.400117	0.31047	0.469176	0.328017	0.310438	0.310118	0.309329	0.431255	0.34219	0.330838	0.403044	0.398102	0.41382	0.251999	0.341888	0	0.279923	0.279872	0.282839	0.371969	0.384541	0.387474	0.389182	0.402937	0.402251	0.418729	0.353565	0.454486	0.36136	0.364567	0.517223	0.436712	0.408909	0.427366	0.422524	0.421906	0.425435	0.530082	0.523706	0.530452	0.47182	0.473458	0.474952	0.454823	0.456053	0.459279	0.455222	0.456221	0.455999	0.512324	0.468338	0.457509	0.461498	0.462624	0.470744	0.515522	0.471065	0.469997	0.502129	0.502777	0.504606	0.484896	0.627833	0.511524	0.458536	0.461489	0.45623	0.429029	0.420887	0.425476	0.442112	0.438061	0.437532	0.478785	0.4415	0.43147	0.43304	0.430424	0.443458	0.435634	0.446668	0.449064	0.462702	0.518023	0.50922	0.470609	0.457984	0.461969	0.498108	0.489967	0.484308
ERR610166-k20-n1-x5e9	0.46917	0.474281	0.488524	0.520392	0.472376	0.475318	0.358793	0.54657	0.395623	0.359184	0.356083	0.353196	0.495519	0.39757	0.381718	0.472134	0.465873	0.483165	0.251097	0.423068	0.279923	0	0.23689	0.237255	0.425594	0.443572	0.447886	0.451581	0.458673	0.459925	0.487839	0.377081	0.533051	0.419468	0.424596	0.594117	0.517348	0.489174	0.507278	0.503004	0.502711	0.506001	0.594018	0.587938	0.595052	0.537068	0.53894	0.540515	0.464489	0.471105	0.480493	0.471772	0.4708	0.472409	0.56359	0.513564	0.497637	0.50368	0.505383	0.515636	0.561495	0.489929	0.487708	0.54282	0.543693	0.546399	0.536385	0.686049	0.569344	0.50369	0.507652	0.500904	0.463494	0.448299	0.450504	0.486581	0.481422	0.480428	0.528109	0.482093	0.465495	0.466775	0.463041	0.483612	0.481776	0.497794	0.501725	0.521171	0.576708	0.567905	0.511002	0.494013	0.496388	0.545722	0.536538	0.53016
ERR610167-k20-n1-x5e9	0.469173	0.474208	0.48851	0.520345	0.472292	0.475223	0.358202	0.546387	0.395177	0.358887	0.355653	0.352821	0.495382	0.397373	0.381287	0.471728	0.465761	0.482953	0.250799	0.422892	0.279872	0.23689	0	0.237005	0.425844	0.443697	0.448002	0.451717	0.458869	0.46016	0.488033	0.377306	0.532934	0.419629	0.424625	0.594081	0.516969	0.48887	0.506992	0.502625	0.50241	0.505693	0.593899	0.587746	0.594939	0.536811	0.53877	0.540235	0.46513	0.471623	0.480907	0.472375	0.471285	0.473074	0.563821	0.513658	0.497711	0.503688	0.505415	0.515604	0.561545	0.489776	0.487403	0.542689	0.54362	0.546318	0.535927	0.685993	0.569081	0.503337	0.507274	0.500499	0.463565	0.448331	0.450644	0.48665	0.481433	0.480476	0.528142	0.482102	0.465537	0.466811	0.462942	0.483675	0.482158	0.498238	0.502165	0.521539	0.577087	0.5682	0.51112	0.494279	0.496558	0.545853	0.536587	0.530305
ERR610168-k20-n1-x5e9	0.472747	0.477819	0.492083	0.524051	0.475941	0.478858	0.361354	0.549967	0.398817	0.362152	0.359048	0.356176	0.49874	0.40074	0.384641	0.475375	0.469143	0.486159	0.252681	0.426778	0.282839	0.237255	0.237005	0	0.428694	0.4467	0.451064	0.454813	0.461842	0.463237	0.491473	0.379318	0.536302	0.422601	0.427698	0.597259	0.520933	0.492869	0.510969	0.506556	0.506324	0.509692	0.596789	0.590734	0.597893	0.540071	0.541858	0.543349	0.466557	0.473353	0.482925	0.474053	0.472998	0.474765	0.566528	0.516426	0.500441	0.50641	0.508253	0.518557	0.564136	0.491516	0.48913	0.545044	0.545898	0.548641	0.538673	0.688634	0.571844	0.506056	0.509929	0.503086	0.466152	0.450937	0.45313	0.489437	0.484333	0.483366	0.530992	0.484807	0.468062	0.469283	0.465464	0.486342	0.484932	0.501089	0.504992	0.524535	0.579984	0.571205	0.513593	0.496705	0.499057	0.548468	0.539235	0.532947
ERR605671-k20-n1-x5e9	0.361176	0.364925	0.375483	0.399031	0.365087	0.366684	0.372228	0.44468	0.363134	0.363912	0.366166	0.366614	0.408244	0.357423	0.358061	0.389515	0.386171	0.396796	0.400553	0.375519	0.371969	0.425594	0.425844	0.428694	0	0.263236	0.266098	0.269281	0.277916	0.276808	0.373073	0.376024	0.409313	0.352525	0.35244	0.467314	0.408662	0.388769	0.401182	0.398218	0.398074	0.40096	0.501152	0.495742	0.502482	0.451448	0.452776	0.453525	0.476798	0.473354	0.471923	0.473735	0.47523	0.474206	0.517366	0.493655	0.491293	0.493712	0.49326	0.495013	0.498821	0.498032	0.498815	0.502391	0.500735	0.50248	0.518591	0.615064	0.529958	0.497601	0.499698	0.496732	0.435744	0.437993	0.438001	0.439617	0.440892	0.44057	0.483502	0.46842	0.46665	0.469752	0.468465	0.469336	0.447339	0.450468	0.451699	0.459754	0.496787	0.489976	0.491601	0.48813	0.487734	0.509606	0.506313	0.50279
ERR605672-k20-n1-x5e9	0.352658	0.35513	0.363912	0.383957	0.35587	0.35688	0.382519	0.428583	0.36611	0.373182	0.375869	0.377162	0.395289	0.358304	0.361848	0.379209	0.376307	0.385034	0.417041	0.36628	0.384541	0.443572	0.443697	0.4467	0.263236	0	0.263328	0.265974	0.272717	0.270816	0.361854	0.389253	0.394429	0.356027	0.354494	0.448443	0.395201	0.377809	0.388379	0.386183	0.385865	0.388582	0.485962	0.481006	0.487783	0.439144	0.440282	0.440831	0.486444	0.481794	0.479168	0.482313	0.483935	0.482772	0.513282	0.495944	0.495921	0.497992	0.496851	0.497216	0.492571	0.504834	0.505904	0.501126	0.498786	0.500339	0.518232	0.602829	0.525827	0.500093	0.501764	0.499523	0.440963	0.445943	0.445728	0.440944	0.443496	0.443165	0.479898	0.47126	0.472218	0.475431	0.474459	0.472122	0.450329	0.450547	0.451604	0.456558	0.487522	0.481616	0.492746	0.491612	0.490816	0.506648	0.504725	0.501845
ERR605673-k20-n1-x5e9	0.349814	0.352389	0.360767	0.379795	0.353397	0.354462	0.384857	0.423508	0.366505	0.375149	0.378224	0.379589	0.391804	0.358561	0.363161	0.376682	0.373562	0.382204	0.420931	0.363656	0.387474	0.447886	0.448002	0.451064	0.266098	0.263328	0	0.26522	0.273877	0.271692	0.359443	0.393739	0.390963	0.358434	0.35682	0.444162	0.390843	0.374189	0.384475	0.382039	0.381898	0.384285	0.480973	0.475836	0.482806	0.434377	0.435741	0.436267	0.48842	0.483756	0.479916	0.483412	0.485203	0.484022	0.511151	0.495106	0.496045	0.497443	0.496365	0.496303	0.490135	0.506195	0.507521	0.500858	0.498831	0.500404	0.516045	0.598134	0.522337	0.49854	0.500151	0.498123	0.44059	0.446347	0.446143	0.439622	0.441809	0.441896	0.477827	0.470734	0.472725	0.475563	0.474822	0.471687	0.451311	0.451236	0.451049	0.455031	0.485568	0.479633	0.491553	0.491119	0.490187	0.504534	0.502292	0.499813
ERR605674-k20-n1-x5e9	0.350632	0.353868	0.362409	0.376166	0.355135	0.356005	0.383508	0.417742	0.363479	0.37568	0.378895	0.380415	0.390397	0.358005	0.362649	0.371552	0.369067	0.376801	0.42297	0.361388	0.389182	0.451581	0.451717	0.454813	0.269281	0.265974	0.26522	0	0.278678	0.275488	0.361352	0.396056	0.383212	0.357133	0.355181	0.435623	0.388829	0.372552	0.382791	0.379697	0.37965	0.381604	0.472739	0.467545	0.473809	0.425672	0.426538	0.427462	0.494721	0.490382	0.487193	0.489851	0.491728	0.490351	0.51164	0.495772	0.497392	0.497747	0.496835	0.497015	0.485075	0.500662	0.502076	0.492713	0.490894	0.492182	0.507245	0.590721	0.513335	0.492623	0.493809	0.492163	0.442923	0.448902	0.449999	0.439203	0.441298	0.441616	0.477016	0.469972	0.472566	0.475041	0.474977	0.470789	0.455112	0.454533	0.45435	0.455838	0.48828	0.482429	0.492077	0.491502	0.492069	0.502396	0.500303	0.497819
ERR605675-k20-n1-x5e9	0.355954	0.356641	0.361248	0.387564	0.356797	0.357336	0.40302	0.431805	0.385251	0.389251	0.392343	0.393382	0.393417	0.37082	0.377543	0.388625	0.385334	0.39301	0.435624	0.372714	0.402937	0.458673	0.458869	0.461842	0.277916	0.272717	0.273877	0.278678	0	0.262414	0.355979	0.405676	0.40465	0.372202	0.370341	0.453323	0.396677	0.382317	0.38955	0.38955	0.388965	0.391446	0.493258	0.489035	0.496955	0.451056	0.452605	0.453266	0.489306	0.483511	0.478721	0.483769	0.48553	0.484317	0.513753	0.502803	0.504421	0.506679	0.505401	0.503533	0.499788	0.524555	0.525826	0.517114	0.513069	0.514945	0.539559	0.609532	0.544104	0.518346	0.520057	0.517998	0.446318	0.453165	0.450239	0.447652	0.452213	0.451962	0.483053	0.481088	0.482847	0.486858	0.485485	0.481346	0.454236	0.452556	0.453299	0.460153	0.475705	0.471162	0.498509	0.499255	0.49547	0.513541	0.513346	0.510594
ERR605676-k20-n1-x5e9	0.352676	0.353233	0.358104	0.382857	0.353562	0.354054	0.401381	0.427261	0.382314	0.388069	0.391248	0.392517	0.390965	0.368592	0.375672	0.384637	0.381442	0.388815	0.435926	0.369193	0.402251	0.459925	0.46016	0.463237	0.276808	0.270816	0.271692	0.275488	0.262414	0	0.35394	0.405419	0.399208	0.369857	0.367685	0.447709	0.39242	0.378236	0.385311	0.38502	0.384537	0.38733	0.488651	0.484475	0.491963	0.446312	0.447804	0.448414	0.490448	0.484447	0.479539	0.48457	0.486489	0.485038	0.512069	0.501324	0.502986	0.505034	0.503844	0.501752	0.497671	0.522834	0.524181	0.514167	0.510341	0.512047	0.535575	0.605712	0.539872	0.515447	0.517139	0.515256	0.446031	0.45336	0.450687	0.446311	0.450583	0.450543	0.481423	0.479824	0.481983	0.485784	0.484694	0.479994	0.453501	0.451477	0.452081	0.457801	0.474703	0.469971	0.497199	0.498195	0.494828	0.511221	0.510921	0.50853
ERR607188-k20-n1-x5e9	0.318622	0.316661	0.316617	0.334334	0.318853	0.319326	0.411366	0.384899	0.380375	0.396419	0.400675	0.402998	0.363829	0.372168	0.383081	0.365985	0.363975	0.367113	0.458928	0.346124	0.418729	0.487839	0.488033	0.491473	0.373073	0.361854	0.359443	0.361352	0.355979	0.35394	0	0.369841	0.309768	0.313285	0.308561	0.359682	0.35632	0.348634	0.352049	0.352848	0.352067	0.354239	0.456505	0.452893	0.460153	0.42139	0.422428	0.423073	0.497948	0.489031	0.479896	0.487882	0.490991	0.488638	0.483546	0.48479	0.490696	0.491667	0.489594	0.485691	0.488104	0.535455	0.537418	0.515693	0.511808	0.513254	0.520321	0.567506	0.51682	0.504098	0.505287	0.504244	0.458177	0.469879	0.46798	0.452384	0.457383	0.458113	0.457511	0.467548	0.474375	0.478099	0.478097	0.468484	0.440724	0.434383	0.432423	0.433134	0.439861	0.437213	0.483027	0.487924	0.48403	0.490675	0.492	0.490699
ERR607189-k20-n1-x5e9	0.405577	0.410157	0.425813	0.454718	0.409203	0.41236	0.361878	0.504456	0.378384	0.35961	0.359155	0.357427	0.463675	0.382973	0.373241	0.439872	0.435123	0.4496	0.36076	0.423827	0.353565	0.377081	0.377306	0.379318	0.376024	0.389253	0.393739	0.396056	0.405676	0.405419	0.369841	0	0.414395	0.278135	0.284342	0.489553	0.469293	0.443677	0.460516	0.457017	0.456353	0.459656	0.556295	0.550467	0.557109	0.502458	0.504215	0.505309	0.458983	0.459878	0.463859	0.460532	0.461018	0.461133	0.538209	0.497078	0.485718	0.491587	0.491766	0.498913	0.53115	0.486979	0.486255	0.51838	0.517556	0.519551	0.527188	0.655111	0.550645	0.500012	0.503175	0.497968	0.452973	0.445219	0.447108	0.467057	0.465479	0.464788	0.503035	0.468364	0.457297	0.460396	0.457383	0.469734	0.451274	0.462945	0.466164	0.481791	0.532727	0.524354	0.499378	0.487756	0.489238	0.527727	0.521158	0.515695
ERR607190-k20-n1-x5e9	0.34628	0.347873	0.350764	0.326596	0.353046	0.35209	0.437277	0.364069	0.396365	0.432992	0.437782	0.441206	0.378073	0.398272	0.409668	0.359062	0.361029	0.357779	0.496371	0.357513	0.454486	0.533051	0.532934	0.536302	0.409313	0.394429	0.390963	0.383212	0.40465	0.399208	0.309768	0.414395	0	0.341245	0.334194	0.299257	0.354388	0.35468	0.356766	0.352992	0.353549	0.353678	0.415205	0.412103	0.414624	0.385933	0.385831	0.385995	0.553401	0.546312	0.539845	0.544877	0.54813	0.545725	0.504408	0.509389	0.519865	0.516369	0.51405	0.511063	0.482803	0.532454	0.535125	0.496006	0.493654	0.493218	0.492591	0.527146	0.481556	0.495685	0.494883	0.496275	0.497554	0.50991	0.514194	0.477168	0.480519	0.482075	0.473322	0.486583	0.498376	0.499913	0.50262	0.487695	0.482707	0.473918	0.471687	0.457044	0.472465	0.469381	0.507573	0.513981	0.517089	0.497859	0.499471	0.500108
ERR607191-k20-n1-x5e9	0.352874	0.356638	0.37135	0.389377	0.357612	0.359929	0.358014	0.441944	0.350472	0.354178	0.356335	0.356958	0.414565	0.358158	0.355873	0.388963	0.386192	0.396877	0.389561	0.372268	0.36136	0.419468	0.419629	0.422601	0.352525	0.356027	0.358434	0.357133	0.372202	0.369857	0.313285	0.278135	0.341245	0	0.249483	0.414093	0.410027	0.38888	0.403172	0.399718	0.399049	0.402105	0.499284	0.493589	0.499404	0.448017	0.449228	0.45056	0.476304	0.473084	0.472362	0.472883	0.474721	0.473577	0.508902	0.480601	0.47663	0.479432	0.478546	0.481995	0.497776	0.486044	0.486561	0.492877	0.490914	0.491862	0.49812	0.605602	0.512054	0.479386	0.48132	0.478084	0.446983	0.447389	0.450389	0.448694	0.449338	0.449191	0.473777	0.453635	0.450562	0.453484	0.452392	0.454666	0.437705	0.441805	0.443355	0.449464	0.493092	0.485642	0.483337	0.477337	0.479656	0.500353	0.496383	0.492426
ERR607192-k20-n1-x5e9	0.348634	0.352417	0.366658	0.383016	0.353768	0.35587	0.36021	0.43566	0.349792	0.356005	0.358131	0.359037	0.409864	0.357331	0.355872	0.384496	0.381711	0.391985	0.394095	0.368098	0.364567	0.424596	0.424625	0.427698	0.35244	0.354494	0.35682	0.355181	0.370341	0.367685	0.308561	0.284342	0.334194	0.249483	0	0.40615	0.40444	0.384022	0.397703	0.394598	0.393838	0.396678	0.493247	0.487687	0.493377	0.442688	0.443867	0.445061	0.478168	0.474608	0.473535	0.474333	0.476378	0.47518	0.50598	0.479577	0.476359	0.478591	0.477864	0.480896	0.494908	0.486805	0.487645	0.490877	0.488877	0.489874	0.496059	0.600485	0.50875	0.478357	0.480112	0.477146	0.447369	0.448416	0.451547	0.447659	0.448597	0.448446	0.471046	0.452744	0.450698	0.453535	0.452615	0.45388	0.4371	0.440413	0.441824	0.446823	0.489164	0.481865	0.482084	0.476996	0.479166	0.497634	0.494304	0.490436
ERR607193-k20-n1-x5e9	0.392656	0.391902	0.388239	0.349359	0.398079	0.395866	0.499005	0.365436	0.453569	0.494559	0.49945	0.5032	0.399068	0.451571	0.466121	0.390089	0.394116	0.384474	0.559065	0.3965	0.517223	0.594117	0.594081	0.597259	0.467314	0.448443	0.444162	0.435623	0.453323	0.447709	0.359682	0.489553	0.299257	0.414093	0.40615	0	0.373813	0.387109	0.380929	0.378662	0.379851	0.377645	0.402652	0.402169	0.402238	0.395889	0.394839	0.395049	0.603755	0.596126	0.588578	0.594604	0.597833	0.595484	0.531369	0.550173	0.564395	0.559262	0.556851	0.551261	0.505677	0.575594	0.578822	0.525883	0.522813	0.521906	0.523267	0.507894	0.501928	0.53333	0.53187	0.534334	0.544059	0.559429	0.563323	0.517886	0.522694	0.524599	0.503286	0.529329	0.544809	0.546016	0.549456	0.529886	0.529591	0.516942	0.51399	0.493644	0.491335	0.491106	0.545677	0.555964	0.558497	0.526838	0.530668	0.533513
ERR607633-k20-n1-x5e9	0.321965	0.32043	0.317697	0.306426	0.324983	0.323558	0.424557	0.342781	0.383753	0.413228	0.418055	0.421616	0.325379	0.361192	0.37568	0.322235	0.323592	0.321264	0.481298	0.333789	0.436712	0.517348	0.516969	0.520933	0.408662	0.395201	0.390843	0.388829	0.396677	0.39242	0.35632	0.469293	0.354388	0.410027	0.40444	0.373813	0	0.257253	0.253987	0.255226	0.254773	0.255329	0.402665	0.39925	0.404424	0.374359	0.374842	0.374105	0.530399	0.520294	0.509369	0.518055	0.521799	0.518709	0.457499	0.470172	0.482543	0.480271	0.478213	0.471937	0.484982	0.545646	0.548343	0.510815	0.50927	0.509518	0.488338	0.513564	0.475221	0.484784	0.484586	0.485561	0.466054	0.482037	0.483266	0.44901	0.453262	0.454908	0.441315	0.461984	0.474777	0.477581	0.479336	0.463233	0.457479	0.447616	0.443882	0.433506	0.438777	0.436416	0.471448	0.481362	0.480262	0.464178	0.466699	0.467664
ERR607634-k20-n1-x5e9	0.310275	0.31014	0.311458	0.308607	0.314004	0.313447	0.397718	0.350369	0.360806	0.386798	0.391253	0.394606	0.326233	0.340334	0.352125	0.315692	0.316066	0.317363	0.452527	0.324101	0.408909	0.489174	0.48887	0.492869	0.388769	0.377809	0.374189	0.372552	0.382317	0.378236	0.348634	0.443677	0.35468	0.38888	0.384022	0.387109	0.257253	0	0.253863	0.25346	0.253266	0.254501	0.413198	0.40816	0.413835	0.375201	0.376065	0.375408	0.509676	0.50018	0.490326	0.49797	0.501639	0.498586	0.45321	0.455751	0.46505	0.463695	0.461899	0.457836	0.481361	0.528893	0.531201	0.501877	0.500993	0.501379	0.478458	0.526784	0.471061	0.471129	0.471355	0.471932	0.447352	0.461028	0.462834	0.434587	0.437597	0.438987	0.434432	0.44606	0.456114	0.458921	0.460048	0.447631	0.44135	0.434014	0.430928	0.424194	0.440116	0.436542	0.458801	0.465671	0.465134	0.457258	0.457706	0.457854
ERR607635-k20-n1-x5e9	0.317111	0.315547	0.313593	0.307578	0.319281	0.318324	0.416364	0.346115	0.377204	0.404203	0.408865	0.412274	0.324248	0.353656	0.367581	0.320326	0.321286	0.320345	0.471697	0.330163	0.427366	0.507278	0.506992	0.510969	0.401182	0.388379	0.384475	0.382791	0.38955	0.385311	0.352049	0.460516	0.356766	0.403172	0.397703	0.380929	0.253987	0.253863	0	0.254288	0.253327	0.254202	0.407976	0.404278	0.409548	0.37657	0.377104	0.376539	0.521529	0.511503	0.500548	0.509126	0.512984	0.509828	0.454919	0.464635	0.476017	0.47436	0.472165	0.46635	0.484727	0.54184	0.544215	0.509894	0.508271	0.508651	0.487637	0.520296	0.476892	0.481688	0.481634	0.482371	0.45838	0.47427	0.474587	0.443347	0.447625	0.449247	0.438192	0.456502	0.468469	0.471401	0.472505	0.45758	0.450547	0.441361	0.438145	0.429556	0.436793	0.434213	0.466271	0.475631	0.473834	0.461887	0.463876	0.464637
ERR607636-k20-n1-x5e9	0.316481	0.316269	0.315186	0.306602	0.320139	0.319264	0.410841	0.344816	0.371868	0.400091	0.404936	0.40826	0.325126	0.35006	0.363417	0.316976	0.317778	0.317084	0.466499	0.327496	0.422524	0.503004	0.502625	0.506556	0.398218	0.386183	0.382039	0.379697	0.38955	0.38502	0.352848	0.457017	0.352992	0.399718	0.394598	0.378662	0.255226	0.25346	0.254288	0	0.25162	0.252317	0.405067	0.400977	0.406075	0.371655	0.372042	0.371422	0.52154	0.511803	0.501604	0.509581	0.513387	0.510347	0.456068	0.463821	0.474716	0.472588	0.470598	0.465695	0.481929	0.536615	0.539046	0.504968	0.503643	0.503965	0.481998	0.518812	0.471526	0.477457	0.477307	0.478167	0.457777	0.472695	0.474072	0.442252	0.445747	0.447404	0.437696	0.454188	0.46576	0.468654	0.469879	0.455645	0.450838	0.442381	0.438708	0.42991	0.440677	0.437536	0.465628	0.474232	0.473578	0.460684	0.461977	0.462746
ERR607637-k20-n1-x5e9	0.315662	0.314839	0.314352	0.306123	0.319089	0.318009	0.410962	0.346083	0.371932	0.399646	0.404252	0.407928	0.325555	0.35014	0.363521	0.318107	0.318842	0.318098	0.466207	0.32791	0.421906	0.502711	0.50241	0.506324	0.398074	0.385865	0.381898	0.37965	0.388965	0.384537	0.352067	0.456353	0.353549	0.399049	0.393838	0.379851	0.254773	0.253266	0.253327	0.25162	0	0.2522	0.40669	0.40248	0.408073	0.37319	0.37373	0.372978	0.520414	0.51057	0.500176	0.508175	0.512049	0.508969	0.455497	0.463046	0.473846	0.47183	0.470014	0.464802	0.482653	0.537124	0.539602	0.506047	0.504739	0.504943	0.482701	0.519791	0.472366	0.477605	0.477557	0.478295	0.456679	0.471569	0.47285	0.441607	0.445326	0.446768	0.437902	0.453966	0.465508	0.46822	0.469251	0.455205	0.449743	0.441443	0.437747	0.429211	0.439771	0.43687	0.465233	0.473343	0.472953	0.46083	0.462112	0.462639
ERR607638-k20-n1-x5e9	0.318226	0.31744	0.316542	0.306812	0.321675	0.320777	0.413403	0.343978	0.374066	0.402645	0.407466	0.410837	0.32606	0.352984	0.36603	0.318418	0.319409	0.318621	0.469454	0.328955	0.425435	0.506001	0.505693	0.509692	0.40096	0.388582	0.384285	0.381604	0.391446	0.38733	0.354239	0.459656	0.353678	0.402105	0.396678	0.377645	0.255329	0.254501	0.254202	0.252317	0.2522	0	0.404345	0.400001	0.405477	0.371742	0.372244	0.371682	0.522896	0.51323	0.502847	0.51091	0.514607	0.511552	0.455965	0.464517	0.475666	0.473544	0.47138	0.466021	0.481977	0.537857	0.540387	0.505669	0.50444	0.504675	0.482485	0.51728	0.471608	0.478007	0.477711	0.478692	0.458887	0.474121	0.475558	0.443041	0.446723	0.448237	0.43787	0.455023	0.466731	0.469599	0.470873	0.456175	0.452409	0.44347	0.43986	0.430555	0.440495	0.437557	0.466155	0.474963	0.474357	0.460775	0.462136	0.46303
ERR607505-k20-n1-x5e9	0.445153	0.44556	0.441731	0.410065	0.450138	0.448345	0.516712	0.388699	0.475838	0.512552	0.516722	0.52041	0.388538	0.446827	0.461701	0.384665	0.388911	0.378273	0.565998	0.423816	0.530082	0.594018	0.593899	0.596789	0.501152	0.485962	0.480973	0.472739	0.493258	0.488651	0.456505	0.556295	0.415205	0.499284	0.493247	0.402652	0.402665	0.413198	0.407976	0.405067	0.40669	0.404345	0	0.303622	0.303794	0.316621	0.315704	0.316486	0.620953	0.616167	0.611479	0.614597	0.617026	0.61533	0.53779	0.555581	0.570298	0.563899	0.561882	0.556596	0.499312	0.570769	0.573904	0.520648	0.519406	0.518754	0.516608	0.500069	0.49503	0.527653	0.525756	0.52844	0.548215	0.564168	0.567993	0.520597	0.524429	0.526904	0.498301	0.52571	0.543049	0.542815	0.546785	0.526207	0.557663	0.547864	0.544235	0.526555	0.536161	0.53384	0.53405	0.54567	0.548468	0.512634	0.515535	0.519341
