	ERR608203-k20-n1-x5e9	ERR608204-k20-n1-x5e9	ERR608205-k20-n1-x5e9	ERR608206-k20-n1-x5e9	ERR608207-k20-n1-x5e9	ERR608208-k20-n1-x5e9	ERR608323-k20-n1-x5e9	ERR608324-k20-n1-x5e9	ERR608325-k20-n1-x5e9	ERR608326-k20-n1-x5e9	ERR608327-k20-n1-x5e9	ERR608328-k20-n1-x5e9	ERR605399-k20-n1-x5e9	ERR605400-k20-n1-x5e9	ERR605401-k20-n1-x5e9	ERR605402-k20-n1-x5e9	ERR605403-k20-n1-x5e9	ERR605404-k20-n1-x5e9	ERR607236-k20-n1-x5e9	ERR607237-k20-n1-x5e9	ERR607238-k20-n1-x5e9	ERR607239-k20-n1-x5e9	ERR607240-k20-n1-x5e9	ERR607241-k20-n1-x5e9	ERR607164-k20-n1-x5e9	ERR607165-k20-n1-x5e9	ERR607166-k20-n1-x5e9	ERR607167-k20-n1-x5e9	ERR607168-k20-n1-x5e9	ERR607169-k20-n1-x5e9	ERR605351-k20-n1-x5e9	ERR605352-k20-n1-x5e9	ERR605353-k20-n1-x5e9	ERR605354-k20-n1-x5e9	ERR605355-k20-n1-x5e9	ERR605356-k20-n1-x5e9	ERR605417-k20-n1-x5e9	ERR605418-k20-n1-x5e9	ERR605419-k20-n1-x5e9	ERR605420-k20-n1-x5e9	ERR605421-k20-n1-x5e9	ERR605422-k20-n1-x5e9	ERR609301-k20-n1-x5e9	ERR609302-k20-n1-x5e9	ERR609303-k20-n1-x5e9	ERR609304-k20-n1-x5e9	ERR609305-k20-n1-x5e9	ERR609306-k20-n1-x5e9	ERR608943-k20-n1-x5e9	ERR608944-k20-n1-x5e9	ERR608945-k20-n1-x5e9	ERR608946-k20-n1-x5e9	ERR608947-k20-n1-x5e9	ERR608948-k20-n1-x5e9	ERR608401-k20-n1-x5e9	ERR608402-k20-n1-x5e9	ERR608403-k20-n1-x5e9	ERR608404-k20-n1-x5e9	ERR608405-k20-n1-x5e9	ERR608406-k20-n1-x5e9	ERR605976-k20-n1-x5e9	ERR605977-k20-n1-x5e9	ERR605978-k20-n1-x5e9	ERR605979-k20-n1-x5e9	ERR605980-k20-n1-x5e9	ERR605981-k20-n1-x5e9	ERR605611-k20-n1-x5e9	ERR605612-k20-n1-x5e9	ERR605613-k20-n1-x5e9	ERR605614-k20-n1-x5e9	ERR605615-k20-n1-x5e9	ERR605616-k20-n1-x5e9	ERR605988-k20-n1-x5e9	ERR605989-k20-n1-x5e9	ERR605990-k20-n1-x5e9	ERR605991-k20-n1-x5e9	ERR605992-k20-n1-x5e9	ERR605993-k20-n1-x5e9	ERR605635-k20-n1-x5e9	ERR605636-k20-n1-x5e9	ERR605637-k20-n1-x5e9	ERR605638-k20-n1-x5e9	ERR605639-k20-n1-x5e9	ERR605640-k20-n1-x5e9	ERR605695-k20-n1-x5e9	ERR605696-k20-n1-x5e9	ERR605697-k20-n1-x5e9	ERR605698-k20-n1-x5e9	ERR605699-k20-n1-x5e9	ERR605700-k20-n1-x5e9	ERR608185-k20-n1-x5e9	ERR608186-k20-n1-x5e9	ERR608187-k20-n1-x5e9	ERR608188-k20-n1-x5e9	ERR608189-k20-n1-x5e9	ERR608190-k20-n1-x5e9
ERR608203-k20-n1-x5e9	0	0.276996	0.297737	0.331033	0.331069	0.328155	0.61562	0.455965	0.500122	0.451296	0.479434	0.46601	0.346192	0.484974	0.357614	0.354903	0.353894	0.355379	0.468875	0.361567	0.503141	0.389578	0.393078	0.556296	0.40454	0.35114	0.418364	0.346152	0.34664	0.4783	0.362231	0.461322	0.36671	0.360335	0.359774	0.360087	0.384155	0.425808	0.382255	0.373289	0.374638	0.375432	0.398981	0.399359	0.51315	0.399286	0.396264	0.399328	0.48426	0.480885	0.48123	0.484722	0.48422	0.482775	0.502075	0.475338	0.470176	0.469291	0.46908	0.474812	0.490051	0.482617	0.484688	0.465697	0.464939	0.463039	0.510089	0.517796	0.522756	0.521038	0.536057	0.535048	0.513953	0.451395	0.451569	0.473444	0.472694	0.472708	0.473914	0.477329	0.478968	0.478291	0.490178	0.48902	0.477694	0.474538	0.477316	0.471714	0.495289	0.491073	0.490551	0.489498	0.491413	0.494051	0.493638	0.491737
ERR608204-k20-n1-x5e9	0.276996	0	0.251593	0.275375	0.275622	0.273091	0.668007	0.515405	0.557848	0.511971	0.540001	0.526652	0.377992	0.545654	0.400011	0.399109	0.397293	0.399362	0.527714	0.39353	0.562377	0.440237	0.444702	0.614274	0.456017	0.349696	0.477872	0.376463	0.379966	0.54112	0.380349	0.522621	0.395596	0.39141	0.39038	0.390902	0.379963	0.480911	0.389076	0.381773	0.38218	0.383133	0.449468	0.449991	0.570703	0.406641	0.41194	0.414031	0.486008	0.477326	0.478404	0.498255	0.49765	0.495648	0.534535	0.495802	0.484437	0.482724	0.481528	0.495269	0.506866	0.46625	0.466886	0.470807	0.470954	0.469764	0.522113	0.533657	0.539428	0.539443	0.55409	0.553496	0.555107	0.460927	0.45926	0.50419	0.5035	0.50419	0.470495	0.4802	0.483533	0.482863	0.498692	0.497475	0.475701	0.478804	0.483867	0.484464	0.522171	0.515684	0.483323	0.475153	0.479059	0.493418	0.490191	0.487663
ERR608205-k20-n1-x5e9	0.297737	0.251593	0	0.261178	0.26114	0.259481	0.690342	0.541731	0.583235	0.538651	0.56614	0.552935	0.396616	0.570447	0.420989	0.421206	0.41885	0.421304	0.551839	0.412524	0.587119	0.463984	0.468666	0.638139	0.47896	0.357979	0.504065	0.39541	0.399903	0.567344	0.394322	0.547987	0.412694	0.409485	0.408361	0.408819	0.38509	0.504781	0.397939	0.392341	0.392026	0.393194	0.472367	0.473022	0.594545	0.414826	0.423273	0.424845	0.491796	0.481177	0.4828	0.509658	0.508736	0.506516	0.551079	0.509397	0.495882	0.494034	0.492539	0.508757	0.517239	0.464377	0.464273	0.478036	0.47829	0.477647	0.530654	0.543735	0.549452	0.550439	0.564122	0.563764	0.573569	0.470831	0.468587	0.520862	0.520158	0.521106	0.473848	0.485692	0.489696	0.489374	0.505432	0.504505	0.479943	0.485268	0.491287	0.494753	0.536337	0.529105	0.485905	0.474937	0.479292	0.498707	0.494616	0.49193
ERR608206-k20-n1-x5e9	0.331033	0.275375	0.261178	0	0.241563	0.241874	0.723232	0.581392	0.622515	0.576905	0.603099	0.590647	0.416413	0.601372	0.443566	0.44844	0.445387	0.447903	0.578106	0.439402	0.622077	0.497191	0.502217	0.671413	0.499772	0.3671	0.53936	0.420247	0.426006	0.602831	0.405061	0.578512	0.426682	0.428819	0.427371	0.427502	0.382298	0.5323	0.39976	0.399569	0.398452	0.399283	0.499051	0.499879	0.621989	0.408569	0.422188	0.422415	0.491934	0.481039	0.480812	0.523717	0.522774	0.520338	0.564987	0.522284	0.505437	0.504539	0.50169	0.521051	0.522199	0.459032	0.458556	0.485782	0.486056	0.48635	0.53122	0.545656	0.551777	0.555859	0.563072	0.563735	0.594997	0.490055	0.487624	0.547242	0.546154	0.547714	0.468404	0.481754	0.486758	0.488454	0.498973	0.498819	0.478321	0.486615	0.493696	0.504776	0.546512	0.539033	0.482095	0.469676	0.471796	0.499392	0.495828	0.493057
ERR608207-k20-n1-x5e9	0.331069	0.275622	0.26114	0.241563	0	0.241723	0.723672	0.581808	0.622965	0.577244	0.603463	0.590956	0.416151	0.601407	0.443339	0.44833	0.445259	0.44781	0.578091	0.439295	0.622227	0.497155	0.502091	0.671578	0.499358	0.366204	0.53931	0.419665	0.425456	0.602786	0.404411	0.578522	0.426236	0.428449	0.427094	0.42717	0.381505	0.532203	0.398947	0.398991	0.397957	0.398431	0.498899	0.499648	0.622006	0.408109	0.421842	0.422005	0.49118	0.480299	0.480138	0.523203	0.522328	0.519877	0.564538	0.521756	0.505059	0.504012	0.501262	0.520518	0.521654	0.458366	0.457982	0.485605	0.485617	0.485901	0.530485	0.544863	0.551035	0.555142	0.562202	0.562911	0.595192	0.490211	0.487805	0.547412	0.546344	0.547794	0.467389	0.480759	0.48579	0.48754	0.497987	0.497816	0.477667	0.486006	0.493186	0.504237	0.546112	0.538526	0.481253	0.468866	0.47102	0.498545	0.495065	0.492289
ERR608208-k20-n1-x5e9	0.328155	0.273091	0.259481	0.241874	0.241723	0	0.721081	0.578758	0.619989	0.574211	0.600507	0.588058	0.414323	0.598995	0.441274	0.44593	0.443103	0.445447	0.575726	0.436952	0.61951	0.494687	0.499517	0.669072	0.497379	0.365498	0.536695	0.417853	0.423756	0.600213	0.403288	0.57618	0.424638	0.426712	0.425319	0.425584	0.381422	0.529943	0.398575	0.398068	0.397161	0.39767	0.496717	0.497531	0.619752	0.407755	0.421115	0.421387	0.490844	0.479933	0.479893	0.521906	0.520983	0.518512	0.563118	0.52044	0.503746	0.502794	0.500001	0.519174	0.520677	0.458253	0.457922	0.484423	0.484615	0.484926	0.530348	0.544667	0.550718	0.554703	0.562209	0.562839	0.59295	0.488229	0.485749	0.545084	0.544018	0.545511	0.46768	0.481013	0.485876	0.48745	0.498306	0.498147	0.477182	0.485473	0.492459	0.503007	0.544884	0.537415	0.481223	0.468981	0.471143	0.498302	0.494639	0.49193
ERR608323-k20-n1-x5e9	0.61562	0.668007	0.690342	0.723232	0.723672	0.721081	0	0.411035	0.379628	0.412721	0.391148	0.400417	0.615148	0.474428	0.59332	0.581891	0.58489	0.583432	0.525132	0.60998	0.477979	0.559415	0.554941	0.457575	0.575696	0.670319	0.516663	0.615894	0.609191	0.47472	0.648811	0.498514	0.629516	0.617476	0.619482	0.619455	0.695049	0.547677	0.678987	0.669025	0.671353	0.671895	0.564778	0.564628	0.484719	0.690038	0.673397	0.676659	0.721794	0.727218	0.727875	0.686598	0.687386	0.688381	0.65469	0.675047	0.687997	0.687589	0.690515	0.675873	0.701946	0.755247	0.75801	0.709021	0.708977	0.706053	0.718882	0.713679	0.713178	0.705595	0.722931	0.720158	0.627003	0.685786	0.688535	0.642614	0.64524	0.642606	0.734442	0.726236	0.723442	0.720261	0.7283	0.726631	0.730691	0.718747	0.714718	0.695158	0.679388	0.683162	0.740428	0.749383	0.750751	0.729047	0.731016	0.731116
ERR608324-k20-n1-x5e9	0.455965	0.515405	0.541731	0.581392	0.581808	0.578758	0.411035	0	0.295231	0.282026	0.291355	0.285492	0.463502	0.381011	0.442037	0.428483	0.43137	0.430246	0.417202	0.461061	0.393508	0.414656	0.41131	0.4217	0.439036	0.523617	0.380966	0.465022	0.457694	0.375277	0.502764	0.386272	0.483344	0.468354	0.47021	0.470493	0.55528	0.415351	0.538312	0.525761	0.528472	0.529187	0.425179	0.425402	0.420882	0.553617	0.535966	0.540164	0.603563	0.607682	0.608809	0.569798	0.570483	0.571007	0.548518	0.557444	0.567903	0.567003	0.569711	0.55828	0.589011	0.634984	0.637971	0.588007	0.588231	0.585123	0.608215	0.605804	0.606635	0.599181	0.620268	0.617409	0.528733	0.561781	0.564673	0.526845	0.529676	0.527301	0.613383	0.606694	0.604082	0.600915	0.612354	0.610411	0.610119	0.598623	0.595386	0.575241	0.56918	0.571527	0.621697	0.629664	0.631877	0.611274	0.612672	0.612345
ERR608325-k20-n1-x5e9	0.500122	0.557848	0.583235	0.622515	0.622965	0.619989	0.379628	0.295231	0	0.298493	0.295696	0.295516	0.506492	0.394603	0.484168	0.470173	0.473554	0.471973	0.441642	0.502216	0.402952	0.451703	0.447431	0.417201	0.475832	0.566033	0.411326	0.50685	0.499652	0.389974	0.544892	0.408569	0.525249	0.510382	0.512274	0.512405	0.596385	0.447511	0.579606	0.567166	0.569903	0.570532	0.461577	0.461842	0.430824	0.59484	0.577205	0.58117	0.637659	0.641847	0.643165	0.601685	0.602286	0.603048	0.578146	0.590065	0.601474	0.600603	0.603724	0.590982	0.621998	0.669841	0.672729	0.622598	0.622984	0.619622	0.640361	0.637243	0.637547	0.629587	0.651003	0.648008	0.555427	0.595826	0.598594	0.557313	0.560612	0.557659	0.649061	0.641941	0.638994	0.63571	0.647188	0.645155	0.64532	0.63363	0.629856	0.609398	0.600916	0.603568	0.655988	0.664144	0.666423	0.644972	0.646345	0.646102
ERR608326-k20-n1-x5e9	0.451296	0.511971	0.538651	0.576905	0.577244	0.574211	0.412721	0.282026	0.298493	0	0.286794	0.281443	0.455496	0.375148	0.43396	0.421228	0.42412	0.422699	0.409366	0.455155	0.391899	0.409432	0.406088	0.419837	0.428845	0.516374	0.375858	0.457342	0.450108	0.37112	0.4944	0.380352	0.474757	0.460394	0.462228	0.462396	0.547372	0.408553	0.529813	0.517918	0.520635	0.521068	0.417695	0.418062	0.41371	0.544231	0.526228	0.530353	0.597724	0.602382	0.603019	0.56553	0.566136	0.566713	0.5413	0.551331	0.561922	0.561273	0.564091	0.551698	0.581694	0.629636	0.632759	0.582337	0.582075	0.578987	0.600762	0.598199	0.599157	0.592049	0.611325	0.608511	0.523961	0.558753	0.561541	0.523612	0.525909	0.523636	0.606178	0.598998	0.596446	0.593415	0.603248	0.601413	0.603393	0.591525	0.588347	0.568913	0.560826	0.563206	0.616147	0.624758	0.62634	0.605597	0.607596	0.607424
ERR608327-k20-n1-x5e9	0.479434	0.540001	0.56614	0.603099	0.603463	0.600507	0.391148	0.291355	0.295696	0.286794	0	0.285511	0.480121	0.376044	0.456762	0.444473	0.44762	0.44603	0.416403	0.479064	0.392915	0.429935	0.425618	0.411765	0.445934	0.54146	0.390343	0.481552	0.474237	0.373521	0.518255	0.386839	0.497783	0.484088	0.485954	0.485966	0.571158	0.422766	0.553066	0.541763	0.544522	0.544841	0.435861	0.435915	0.411066	0.566449	0.548232	0.552093	0.616882	0.622199	0.62276	0.583577	0.584235	0.584941	0.554887	0.568679	0.580289	0.579902	0.582778	0.569197	0.598168	0.650319	0.653645	0.601758	0.601437	0.598317	0.616943	0.613048	0.613669	0.606374	0.624569	0.621893	0.535435	0.579149	0.582396	0.540863	0.54307	0.540507	0.626022	0.617901	0.615175	0.612238	0.620817	0.618913	0.622879	0.610437	0.606755	0.587187	0.575189	0.578228	0.636194	0.645401	0.646758	0.62517	0.627316	0.627231
ERR608328-k20-n1-x5e9	0.46601	0.526652	0.552935	0.590647	0.590956	0.588058	0.400417	0.285492	0.295516	0.281443	0.285511	0	0.46815	0.374353	0.445498	0.433229	0.436254	0.434382	0.412614	0.467539	0.391077	0.41947	0.416106	0.414139	0.438022	0.529543	0.382964	0.470007	0.46281	0.371741	0.506978	0.38323	0.487136	0.47298	0.474941	0.474896	0.559774	0.415644	0.542071	0.530386	0.533119	0.533614	0.426796	0.426921	0.411414	0.555843	0.537825	0.541727	0.607537	0.612673	0.613168	0.57481	0.575496	0.576251	0.548347	0.560268	0.571469	0.570941	0.573603	0.560791	0.59004	0.640408	0.643644	0.592088	0.591708	0.588836	0.609102	0.605829	0.606683	0.599467	0.618112	0.61539	0.528565	0.568603	0.571547	0.531294	0.533751	0.531227	0.616373	0.608621	0.606045	0.603131	0.612295	0.610471	0.613597	0.601393	0.597956	0.578309	0.568411	0.57085	0.626486	0.635348	0.636824	0.61558	0.617746	0.617621
ERR605399-k20-n1-x5e9	0.346192	0.377992	0.396616	0.416413	0.416151	0.414323	0.615148	0.463502	0.506492	0.455496	0.480121	0.46815	0	0.414097	0.264529	0.268982	0.267372	0.268188	0.408067	0.316086	0.458763	0.341339	0.345319	0.513952	0.346284	0.327632	0.380282	0.311931	0.312176	0.444082	0.317847	0.414469	0.314819	0.312518	0.312539	0.312142	0.348872	0.371634	0.337892	0.332504	0.333555	0.333842	0.349684	0.349797	0.469487	0.357372	0.34934	0.351642	0.475445	0.477162	0.475935	0.47739	0.476977	0.476174	0.477243	0.459881	0.456695	0.457805	0.457558	0.458904	0.454139	0.475352	0.47791	0.447582	0.446307	0.445123	0.457057	0.461359	0.465409	0.464846	0.475615	0.474895	0.507348	0.472802	0.473353	0.485314	0.484816	0.485103	0.446575	0.443759	0.444167	0.44432	0.449754	0.448814	0.45851	0.451908	0.452756	0.448405	0.460067	0.457037	0.489611	0.495738	0.494988	0.488595	0.490779	0.489824
ERR605400-k20-n1-x5e9	0.484974	0.545654	0.570447	0.601372	0.601407	0.598995	0.474428	0.381011	0.394603	0.375148	0.376044	0.374353	0.414097	0	0.386256	0.377467	0.380393	0.378187	0.3469	0.434284	0.340534	0.379407	0.375273	0.362287	0.394341	0.508547	0.356422	0.445801	0.438656	0.345447	0.482058	0.343526	0.458683	0.448145	0.450552	0.449912	0.530477	0.369353	0.509506	0.500184	0.50256	0.502755	0.39375	0.392879	0.369718	0.5299	0.50995	0.513344	0.600728	0.607636	0.606968	0.572756	0.573205	0.574037	0.532269	0.550361	0.561779	0.56262	0.565107	0.550404	0.555081	0.621051	0.624518	0.56755	0.566095	0.563365	0.565338	0.558641	0.559388	0.553207	0.565643	0.563336	0.520275	0.573154	0.57597	0.53578	0.536374	0.534131	0.587965	0.576979	0.574772	0.57288	0.574883	0.573492	0.591434	0.576587	0.573065	0.555236	0.532968	0.5367	0.622882	0.63421	0.633678	0.612409	0.616015	0.615925
ERR605401-k20-n1-x5e9	0.357614	0.400011	0.420989	0.443566	0.443339	0.441274	0.59332	0.442037	0.484168	0.43396	0.456762	0.445498	0.264529	0.386256	0	0.263768	0.262906	0.262651	0.382479	0.318969	0.432554	0.328485	0.330973	0.487272	0.331594	0.348384	0.359411	0.318137	0.316329	0.418265	0.330323	0.389057	0.3199	0.316669	0.317017	0.316585	0.369684	0.352404	0.354012	0.348223	0.349549	0.349781	0.335715	0.3355	0.444693	0.372684	0.360463	0.363339	0.486261	0.489811	0.488585	0.482239	0.482117	0.481619	0.472072	0.462442	0.462702	0.46385	0.464096	0.461772	0.457861	0.493041	0.496166	0.458297	0.456718	0.455379	0.463237	0.464803	0.467558	0.466185	0.477084	0.475981	0.497299	0.481545	0.482847	0.484293	0.483894	0.483637	0.46146	0.456146	0.455319	0.455356	0.459056	0.458116	0.472185	0.463146	0.462167	0.455201	0.458568	0.45745	0.503357	0.511538	0.510467	0.499881	0.502734	0.501914
ERR605402-k20-n1-x5e9	0.354903	0.399109	0.421206	0.44844	0.44833	0.44593	0.581891	0.428483	0.470173	0.421228	0.444473	0.433229	0.268982	0.377467	0.263768	0	0.259446	0.259618	0.380144	0.317619	0.42096	0.320803	0.323201	0.476071	0.337976	0.355141	0.351477	0.320217	0.317879	0.408675	0.339838	0.3834	0.329007	0.321756	0.322347	0.322191	0.380282	0.350442	0.365356	0.356871	0.358337	0.358839	0.335243	0.335379	0.440504	0.387319	0.374748	0.37781	0.495261	0.497931	0.49716	0.486686	0.486703	0.486222	0.478512	0.468814	0.469853	0.470469	0.471195	0.468098	0.467239	0.498964	0.501847	0.462854	0.461647	0.459683	0.474202	0.476296	0.479242	0.47634	0.490722	0.489253	0.495269	0.478452	0.479709	0.477701	0.477626	0.477182	0.470885	0.466389	0.465785	0.464919	0.47215	0.470839	0.480013	0.471187	0.47051	0.460888	0.466638	0.465013	0.511964	0.519111	0.518942	0.508122	0.510475	0.509598
ERR605403-k20-n1-x5e9	0.353894	0.397293	0.41885	0.445387	0.445259	0.443103	0.58489	0.43137	0.473554	0.42412	0.44762	0.436254	0.267372	0.380393	0.262906	0.259446	0	0.259063	0.381717	0.316552	0.424177	0.322117	0.324509	0.479324	0.336966	0.35182	0.352935	0.318231	0.315883	0.410741	0.336886	0.385435	0.326596	0.319561	0.320282	0.320175	0.376773	0.351203	0.361912	0.353444	0.355004	0.355582	0.335644	0.33544	0.442394	0.383607	0.371161	0.374431	0.491754	0.494296	0.49356	0.483882	0.483841	0.483644	0.476846	0.466337	0.466952	0.467499	0.467998	0.465724	0.463939	0.495433	0.498457	0.459762	0.458229	0.456583	0.470482	0.472682	0.475604	0.472989	0.487018	0.485559	0.495175	0.476678	0.47797	0.477647	0.477378	0.477168	0.467203	0.462763	0.462061	0.461157	0.468166	0.466951	0.476624	0.467661	0.467002	0.457693	0.463902	0.462323	0.508287	0.515578	0.515238	0.504582	0.50698	0.506108
ERR605404-k20-n1-x5e9	0.355379	0.399362	0.421304	0.447903	0.44781	0.445447	0.583432	0.430246	0.471973	0.422699	0.44603	0.434382	0.268188	0.378187	0.262651	0.259618	0.259063	0	0.379723	0.316695	0.422009	0.321195	0.323383	0.477015	0.335968	0.353862	0.35159	0.319218	0.317069	0.408986	0.337685	0.383154	0.326965	0.319837	0.320614	0.320521	0.378218	0.34941	0.363126	0.354563	0.356153	0.356697	0.333777	0.33396	0.440135	0.38451	0.371579	0.374805	0.493467	0.496294	0.495395	0.485544	0.485396	0.485064	0.477217	0.467431	0.46842	0.469075	0.469563	0.466785	0.465131	0.49779	0.500835	0.461629	0.460105	0.458506	0.471649	0.473586	0.476615	0.473788	0.48767	0.486223	0.494879	0.478332	0.479585	0.478037	0.477928	0.477564	0.468961	0.464457	0.463615	0.462853	0.46955	0.468139	0.478451	0.469319	0.468666	0.459266	0.464556	0.462833	0.510329	0.517757	0.517388	0.506382	0.508914	0.508069
ERR607236-k20-n1-x5e9	0.468875	0.527714	0.551839	0.578106	0.578091	0.575726	0.525132	0.417202	0.441642	0.409366	0.416403	0.412614	0.408067	0.3469	0.382479	0.380144	0.381717	0.379723	0	0.370297	0.323289	0.322442	0.319629	0.365237	0.35024	0.475773	0.342881	0.414032	0.407858	0.350827	0.432334	0.324013	0.406201	0.4001	0.4019	0.40143	0.483199	0.32927	0.458372	0.450827	0.453311	0.453448	0.356788	0.356039	0.365211	0.479251	0.457606	0.460959	0.548348	0.558229	0.55713	0.519956	0.520705	0.521374	0.474604	0.49719	0.509815	0.511533	0.513894	0.497165	0.497884	0.580377	0.584333	0.522095	0.520503	0.517931	0.506311	0.49677	0.495642	0.48988	0.499844	0.497582	0.48828	0.546625	0.549504	0.515361	0.515657	0.513712	0.541903	0.528058	0.524018	0.52274	0.521236	0.520034	0.547009	0.530748	0.525171	0.508902	0.480916	0.484859	0.575179	0.589896	0.588428	0.561757	0.566471	0.567001
ERR607237-k20-n1-x5e9	0.361567	0.39353	0.412524	0.439402	0.439295	0.436952	0.60998	0.461061	0.502216	0.455155	0.479064	0.467539	0.316086	0.434284	0.318969	0.317619	0.316552	0.316695	0.370297	0	0.416448	0.284721	0.289059	0.478603	0.352028	0.342884	0.369701	0.314861	0.314117	0.433021	0.315685	0.39876	0.310603	0.303483	0.303868	0.303691	0.351956	0.35323	0.338516	0.327913	0.329427	0.330179	0.33914	0.339215	0.458785	0.371189	0.359777	0.36342	0.469111	0.470902	0.471248	0.459395	0.45955	0.459046	0.466478	0.447987	0.447033	0.447321	0.448116	0.44802	0.445038	0.471631	0.474584	0.435423	0.434348	0.432596	0.446779	0.449159	0.452361	0.44847	0.466875	0.464554	0.500468	0.464376	0.46501	0.474873	0.474636	0.474271	0.447519	0.443643	0.442791	0.440655	0.452411	0.450529	0.457023	0.44878	0.44849	0.439127	0.452949	0.449526	0.4882	0.494644	0.496026	0.482908	0.484677	0.483938
ERR607238-k20-n1-x5e9	0.503141	0.562377	0.587119	0.622077	0.622227	0.61951	0.477979	0.393508	0.402952	0.391899	0.392915	0.391077	0.458763	0.340534	0.432554	0.42096	0.424177	0.422009	0.323289	0.416448	0	0.352497	0.347462	0.313229	0.41253	0.527284	0.351611	0.459245	0.451887	0.330642	0.494034	0.337076	0.470115	0.456836	0.459095	0.459009	0.544056	0.367501	0.522452	0.510347	0.512971	0.513603	0.401601	0.400433	0.374355	0.549589	0.528795	0.53292	0.602529	0.609694	0.610017	0.563231	0.564231	0.56527	0.527583	0.547058	0.560683	0.561159	0.564481	0.54803	0.557836	0.626439	0.630034	0.567869	0.566744	0.563274	0.566397	0.558338	0.557877	0.548533	0.569243	0.56573	0.517768	0.571807	0.574526	0.530374	0.531734	0.528983	0.596922	0.585596	0.582387	0.578728	0.58644	0.584451	0.597994	0.582669	0.577947	0.555786	0.535949	0.539572	0.628211	0.639797	0.640852	0.614568	0.617632	0.618077
ERR607239-k20-n1-x5e9	0.389578	0.440237	0.463984	0.497191	0.497155	0.494687	0.559415	0.414656	0.451703	0.409432	0.429935	0.41947	0.341339	0.379407	0.328485	0.320803	0.322117	0.321195	0.322442	0.284721	0.352497	0	0.26231	0.412297	0.341581	0.396438	0.327898	0.34123	0.336384	0.374607	0.361698	0.347872	0.344592	0.332838	0.334385	0.334372	0.410252	0.322658	0.391218	0.378711	0.381015	0.381774	0.325435	0.324955	0.410886	0.42198	0.404531	0.40879	0.505259	0.50975	0.510004	0.480796	0.481281	0.481368	0.468839	0.466583	0.472674	0.472969	0.474991	0.466666	0.46964	0.517736	0.521225	0.468216	0.466585	0.463742	0.475985	0.473571	0.475711	0.469144	0.488926	0.48593	0.484339	0.484694	0.486633	0.471474	0.471305	0.469756	0.489929	0.482292	0.480461	0.477575	0.487424	0.485435	0.495818	0.483404	0.481243	0.465162	0.463558	0.463163	0.52835	0.537476	0.53854	0.518732	0.521517	0.521122
ERR607240-k20-n1-x5e9	0.393078	0.444702	0.468666	0.502217	0.502091	0.499517	0.554941	0.41131	0.447431	0.406088	0.425618	0.416106	0.345319	0.375273	0.330973	0.323201	0.324509	0.323383	0.319629	0.289059	0.347462	0.26231	0	0.407086	0.341665	0.401195	0.325527	0.344814	0.339717	0.36983	0.366682	0.344932	0.348878	0.337153	0.338568	0.338495	0.415723	0.320959	0.396312	0.383541	0.386004	0.386723	0.326018	0.325387	0.407354	0.427221	0.409079	0.413519	0.509361	0.514204	0.514244	0.484134	0.484676	0.484822	0.470886	0.469933	0.476296	0.476784	0.479018	0.470009	0.473032	0.522198	0.525772	0.471953	0.470343	0.467465	0.479657	0.476756	0.478856	0.472079	0.49194	0.488881	0.484582	0.488117	0.489946	0.472857	0.472747	0.471224	0.494712	0.486776	0.485012	0.482021	0.49159	0.489571	0.500149	0.487665	0.485508	0.468693	0.466084	0.465885	0.532777	0.542163	0.543196	0.522879	0.525719	0.525472
ERR607241-k20-n1-x5e9	0.556296	0.614274	0.638139	0.671413	0.671578	0.669072	0.457575	0.4217	0.417201	0.419837	0.411765	0.414139	0.513952	0.362287	0.487272	0.476071	0.479324	0.477015	0.365237	0.478603	0.313229	0.412297	0.407086	0	0.462977	0.581815	0.401774	0.515302	0.507872	0.359905	0.55132	0.378468	0.527496	0.515002	0.517467	0.517301	0.597658	0.418647	0.576691	0.565534	0.568053	0.568615	0.45643	0.45561	0.393682	0.602004	0.581957	0.585698	0.647499	0.655096	0.655225	0.60805	0.608781	0.610103	0.567229	0.591138	0.605822	0.606293	0.609836	0.591892	0.600896	0.671809	0.675396	0.613295	0.612033	0.608686	0.610507	0.601257	0.600383	0.590887	0.609585	0.606127	0.552287	0.616019	0.618876	0.570216	0.571692	0.568759	0.643062	0.631248	0.628069	0.624466	0.630227	0.628407	0.643336	0.627724	0.622671	0.600408	0.576437	0.580768	0.672152	0.683829	0.684479	0.658187	0.661733	0.661983
ERR607164-k20-n1-x5e9	0.40454	0.456017	0.47896	0.499772	0.499358	0.497379	0.575696	0.439036	0.475832	0.428845	0.445934	0.438022	0.346284	0.394341	0.331594	0.337976	0.336966	0.335968	0.35024	0.352028	0.41253	0.341581	0.341665	0.462977	0	0.352979	0.299492	0.2967	0.293424	0.355045	0.356595	0.356776	0.335564	0.335379	0.336839	0.335776	0.402801	0.316337	0.37655	0.37134	0.373605	0.373292	0.325289	0.324492	0.405881	0.39706	0.376289	0.379322	0.478671	0.489018	0.487579	0.461308	0.461416	0.462121	0.428725	0.436448	0.443743	0.445975	0.447574	0.4362	0.454491	0.528418	0.532626	0.47611	0.474431	0.472751	0.448351	0.440723	0.440531	0.437331	0.445013	0.443305	0.488647	0.511555	0.514004	0.500885	0.500633	0.499745	0.475256	0.460297	0.456234	0.45485	0.453658	0.452159	0.483818	0.468579	0.464385	0.454244	0.436218	0.437677	0.507988	0.524401	0.522825	0.493222	0.498679	0.499125
ERR607165-k20-n1-x5e9	0.35114	0.349696	0.357979	0.3671	0.366204	0.365498	0.670319	0.523617	0.566033	0.516374	0.54146	0.529543	0.327632	0.508547	0.348384	0.355141	0.35182	0.353862	0.475773	0.342884	0.527284	0.396438	0.401195	0.581815	0.352979	0	0.4068	0.270706	0.277549	0.484253	0.310586	0.478107	0.32424	0.326799	0.325622	0.325433	0.307381	0.418385	0.30701	0.303569	0.303347	0.303888	0.394231	0.394537	0.52835	0.33678	0.338336	0.339985	0.439994	0.438031	0.437996	0.456653	0.455867	0.454265	0.480469	0.445815	0.434104	0.434661	0.433372	0.444819	0.455368	0.445344	0.447411	0.436366	0.435641	0.435634	0.439515	0.447612	0.45205	0.453692	0.464895	0.464331	0.543977	0.471629	0.470861	0.509071	0.508146	0.509097	0.414323	0.414771	0.415987	0.414995	0.427319	0.42586	0.429643	0.428671	0.431603	0.43586	0.466249	0.459706	0.452524	0.455462	0.457045	0.452702	0.45349	0.4521
ERR607166-k20-n1-x5e9	0.418364	0.477872	0.504065	0.53936	0.53931	0.536695	0.516663	0.380966	0.411326	0.375858	0.390343	0.382964	0.380282	0.356422	0.359411	0.351477	0.352935	0.35159	0.342881	0.369701	0.351611	0.327898	0.325527	0.401774	0.299492	0.4068	0	0.332951	0.32551	0.290458	0.406912	0.320382	0.384521	0.372294	0.374706	0.373989	0.461078	0.310674	0.437505	0.424934	0.427753	0.427942	0.330586	0.329789	0.375922	0.464437	0.442704	0.446997	0.525789	0.533511	0.534096	0.489658	0.489903	0.491013	0.462604	0.472822	0.483925	0.484616	0.487855	0.473811	0.502499	0.567465	0.571388	0.509493	0.508301	0.505313	0.501714	0.494445	0.494716	0.486271	0.507226	0.50377	0.487183	0.515975	0.518487	0.487543	0.488485	0.486296	0.526498	0.514033	0.510678	0.506593	0.516091	0.51373	0.529281	0.5137	0.509827	0.489908	0.476529	0.478683	0.555825	0.569306	0.570674	0.539617	0.543349	0.543572
ERR607167-k20-n1-x5e9	0.346152	0.376463	0.39541	0.420247	0.419665	0.417853	0.615894	0.465022	0.50685	0.457342	0.481552	0.470007	0.311931	0.445801	0.318137	0.320217	0.318231	0.319218	0.414032	0.314861	0.459245	0.34123	0.344814	0.515302	0.2967	0.270706	0.332951	0	0.24209	0.408344	0.312368	0.411492	0.309694	0.305535	0.305843	0.305373	0.341779	0.355774	0.326569	0.316964	0.318621	0.319005	0.342976	0.342681	0.46686	0.359993	0.348622	0.351949	0.453633	0.45683	0.456917	0.446358	0.445986	0.44542	0.452306	0.431576	0.429428	0.429902	0.430911	0.431274	0.450063	0.477023	0.480122	0.441607	0.440084	0.43845	0.440946	0.442302	0.445594	0.442431	0.458665	0.456653	0.51077	0.470271	0.471084	0.484718	0.483944	0.483639	0.438563	0.432304	0.431377	0.428631	0.440137	0.437961	0.448452	0.43957	0.439769	0.43264	0.446462	0.442744	0.475829	0.484464	0.48594	0.467278	0.469936	0.46927
ERR607168-k20-n1-x5e9	0.34664	0.379966	0.399903	0.426006	0.425456	0.423756	0.609191	0.457694	0.499652	0.450108	0.474237	0.46281	0.312176	0.438656	0.316329	0.317879	0.315883	0.317069	0.407858	0.314117	0.451887	0.336384	0.339717	0.507872	0.293424	0.277549	0.32551	0.24209	0	0.399662	0.315487	0.404157	0.310854	0.305877	0.306289	0.305837	0.347899	0.350434	0.331952	0.32176	0.32357	0.324028	0.338836	0.338353	0.460075	0.364698	0.352261	0.355822	0.456936	0.460323	0.460454	0.447598	0.447137	0.446805	0.451732	0.432711	0.431409	0.431967	0.433044	0.432382	0.451852	0.48156	0.484937	0.44404	0.442463	0.44077	0.443867	0.444474	0.44779	0.444155	0.460903	0.458793	0.506912	0.470298	0.471176	0.481914	0.481276	0.480558	0.443024	0.436082	0.435237	0.432423	0.443787	0.441614	0.452363	0.443019	0.442853	0.434762	0.446555	0.443217	0.47984	0.488863	0.490231	0.4709	0.47368	0.472982
ERR607169-k20-n1-x5e9	0.4783	0.54112	0.567344	0.602831	0.602786	0.600213	0.47472	0.375277	0.389974	0.37112	0.373521	0.371741	0.444082	0.345447	0.418265	0.408675	0.410741	0.408986	0.350827	0.433021	0.330642	0.374607	0.36983	0.359905	0.355045	0.484253	0.290458	0.408344	0.399662	0	0.475838	0.322441	0.450902	0.438047	0.440782	0.440282	0.53056	0.346018	0.506916	0.494979	0.49788	0.497959	0.37811	0.376725	0.359858	0.529512	0.507246	0.511194	0.578706	0.587277	0.587695	0.536826	0.537411	0.538707	0.497897	0.520023	0.534935	0.535478	0.539311	0.520831	0.549446	0.622485	0.626388	0.561054	0.559556	0.556427	0.552362	0.54285	0.542267	0.532884	0.552224	0.548712	0.503304	0.559584	0.562691	0.516933	0.517704	0.514898	0.583225	0.56968	0.56602	0.561891	0.568979	0.566717	0.583986	0.56732	0.562657	0.540157	0.517132	0.521067	0.608614	0.622782	0.623736	0.591353	0.595674	0.596085
ERR605351-k20-n1-x5e9	0.362231	0.380349	0.394322	0.405061	0.404411	0.403288	0.648811	0.502764	0.544892	0.4944	0.518255	0.506978	0.317847	0.482058	0.330323	0.339838	0.336886	0.337685	0.432334	0.315685	0.494034	0.361698	0.366682	0.55132	0.356595	0.310586	0.406912	0.312368	0.315487	0.475838	0	0.414356	0.252265	0.257581	0.256496	0.256167	0.300693	0.374238	0.290634	0.28833	0.288836	0.288891	0.343464	0.343732	0.480419	0.304823	0.298746	0.30092	0.428037	0.430546	0.42915	0.44047	0.439743	0.438913	0.452403	0.426441	0.419415	0.420772	0.419559	0.425928	0.435033	0.451128	0.453745	0.429551	0.428804	0.4288	0.41644	0.421249	0.425136	0.426396	0.435598	0.434613	0.514799	0.465697	0.466141	0.492113	0.491633	0.492271	0.409006	0.404913	0.404423	0.404476	0.410732	0.409737	0.426111	0.421473	0.422541	0.424829	0.443116	0.438281	0.44544	0.45372	0.452937	0.44201	0.444798	0.444236
ERR605352-k20-n1-x5e9	0.461322	0.522621	0.547987	0.578512	0.578522	0.57618	0.498514	0.386272	0.408569	0.380352	0.386839	0.38323	0.414469	0.343526	0.389057	0.3834	0.385435	0.383154	0.324013	0.39876	0.337076	0.347872	0.344932	0.378468	0.356776	0.478107	0.320382	0.411492	0.404157	0.322441	0.414356	0	0.387635	0.377123	0.379686	0.379068	0.488536	0.315398	0.464221	0.454615	0.457358	0.457247	0.333213	0.332454	0.335815	0.478475	0.45551	0.45941	0.545503	0.554866	0.554234	0.512492	0.51313	0.514482	0.47355	0.494186	0.507542	0.508456	0.511396	0.495085	0.517583	0.591719	0.595595	0.53364	0.532506	0.529945	0.5158	0.506982	0.507041	0.499679	0.514843	0.511841	0.482678	0.537204	0.540427	0.501121	0.502245	0.500016	0.548084	0.534446	0.530984	0.528328	0.531734	0.529988	0.55274	0.536767	0.532327	0.513848	0.490587	0.494482	0.574774	0.589547	0.589223	0.559296	0.563988	0.564485
ERR605353-k20-n1-x5e9	0.36671	0.395596	0.412694	0.426682	0.426236	0.424638	0.629516	0.483344	0.525249	0.474757	0.497783	0.487136	0.314819	0.458683	0.3199	0.329007	0.326596	0.326965	0.406201	0.310603	0.470115	0.344592	0.348878	0.527496	0.335564	0.32424	0.384521	0.309694	0.310854	0.450902	0.252265	0.387635	0	0.252646	0.251934	0.251563	0.317577	0.351288	0.300849	0.297939	0.298987	0.298798	0.323113	0.323391	0.454927	0.313933	0.30231	0.304946	0.433598	0.438309	0.436902	0.438651	0.43843	0.437806	0.440934	0.422585	0.419071	0.420421	0.419922	0.422287	0.43273	0.46516	0.467986	0.434942	0.434008	0.43364	0.41648	0.418408	0.421084	0.421458	0.430701	0.429546	0.501835	0.469952	0.471095	0.487473	0.487056	0.487362	0.418984	0.412048	0.410228	0.410108	0.414389	0.413135	0.434929	0.427332	0.426536	0.425695	0.435705	0.432204	0.454497	0.465327	0.463991	0.448364	0.451818	0.451496
ERR605354-k20-n1-x5e9	0.360335	0.39141	0.409485	0.428819	0.428449	0.426712	0.617476	0.468354	0.510382	0.460394	0.484088	0.47298	0.312518	0.448145	0.316669	0.321756	0.319561	0.319837	0.4001	0.303483	0.456836	0.332838	0.337153	0.515002	0.335379	0.326799	0.372294	0.305535	0.305877	0.438047	0.257581	0.377123	0.252646	0	0.24964	0.24954	0.325786	0.343759	0.309628	0.302725	0.304293	0.304278	0.316099	0.316362	0.446674	0.326177	0.313465	0.316848	0.44021	0.44436	0.443623	0.439456	0.439403	0.43889	0.443885	0.425434	0.422979	0.423687	0.423847	0.425156	0.438466	0.469166	0.472003	0.436419	0.435572	0.434841	0.425188	0.427264	0.430145	0.428528	0.441876	0.440148	0.496995	0.464001	0.46513	0.478328	0.478455	0.478407	0.426975	0.420853	0.419099	0.417865	0.425958	0.42447	0.440866	0.433014	0.432382	0.428293	0.440031	0.436541	0.461361	0.471342	0.471173	0.454419	0.45753	0.457012
ERR605355-k20-n1-x5e9	0.359774	0.39038	0.408361	0.427371	0.427094	0.425319	0.619482	0.47021	0.512274	0.462228	0.485954	0.474941	0.312539	0.450552	0.317017	0.322347	0.320282	0.320614	0.4019	0.303868	0.459095	0.334385	0.338568	0.517467	0.336839	0.325622	0.374706	0.305843	0.306289	0.440782	0.256496	0.379686	0.251934	0.24964	0	0.249346	0.324588	0.345798	0.308327	0.301858	0.303246	0.303343	0.31791	0.31822	0.449062	0.325017	0.312535	0.31584	0.440098	0.44375	0.44305	0.440216	0.440089	0.439385	0.445084	0.426043	0.423329	0.424183	0.424202	0.425659	0.438406	0.468032	0.470909	0.435911	0.435218	0.434239	0.425374	0.427464	0.430525	0.428928	0.441961	0.440286	0.498242	0.464171	0.465195	0.479331	0.479232	0.479429	0.426271	0.42027	0.418648	0.417608	0.425291	0.423846	0.439999	0.432588	0.432002	0.428341	0.440124	0.436851	0.460731	0.4705	0.470338	0.454195	0.457367	0.456877
ERR605356-k20-n1-x5e9	0.360087	0.390902	0.408819	0.427502	0.42717	0.425584	0.619455	0.470493	0.512405	0.462396	0.485966	0.474896	0.312142	0.449912	0.316585	0.322191	0.320175	0.320521	0.40143	0.303691	0.459009	0.334372	0.338495	0.517301	0.335776	0.325433	0.373989	0.305373	0.305837	0.440282	0.256167	0.379068	0.251563	0.24954	0.249346	0	0.323677	0.345102	0.307436	0.301254	0.302483	0.302618	0.317068	0.317604	0.448538	0.323629	0.311287	0.314403	0.438563	0.442568	0.441811	0.43903	0.43891	0.4382	0.44359	0.424914	0.422138	0.423129	0.423118	0.424535	0.437551	0.467552	0.470526	0.435394	0.43456	0.433868	0.423576	0.425836	0.428676	0.427467	0.440172	0.438476	0.497428	0.463815	0.46481	0.478885	0.478725	0.479034	0.425082	0.418916	0.417227	0.416106	0.423654	0.42218	0.439019	0.431396	0.430818	0.427447	0.43889	0.435555	0.459439	0.469384	0.469052	0.452719	0.455775	0.455422
ERR605417-k20-n1-x5e9	0.384155	0.379963	0.38509	0.382298	0.381505	0.381422	0.695049	0.55528	0.596385	0.547372	0.571158	0.559774	0.348872	0.530477	0.369684	0.380282	0.376773	0.378218	0.483199	0.351956	0.544056	0.410252	0.415723	0.597658	0.402801	0.307381	0.461078	0.341779	0.347899	0.53056	0.300693	0.488536	0.317577	0.325786	0.324588	0.323677	0	0.40533	0.244701	0.249713	0.248453	0.247919	0.397688	0.39798	0.534827	0.305673	0.312192	0.312372	0.430816	0.428898	0.427448	0.460702	0.460015	0.45837	0.484481	0.449982	0.436142	0.437507	0.435149	0.448754	0.449168	0.434376	0.435907	0.435267	0.434725	0.43561	0.425278	0.435748	0.440543	0.445955	0.450135	0.450516	0.550906	0.479724	0.478827	0.522085	0.520741	0.522132	0.398081	0.399812	0.401576	0.403178	0.409252	0.408781	0.422063	0.423585	0.427139	0.437316	0.467186	0.460596	0.438471	0.4415	0.440693	0.443224	0.444343	0.443015
ERR605418-k20-n1-x5e9	0.425808	0.480911	0.504781	0.5323	0.532203	0.529943	0.547677	0.415351	0.447511	0.408553	0.422766	0.415644	0.371634	0.369353	0.352404	0.350442	0.351203	0.34941	0.32927	0.35323	0.367501	0.322658	0.320959	0.418647	0.316337	0.418385	0.310674	0.355774	0.350434	0.346018	0.374238	0.315398	0.351288	0.343759	0.345798	0.345102	0.40533	0	0.379004	0.369173	0.371815	0.371817	0.304375	0.303512	0.36585	0.422951	0.400479	0.404382	0.500618	0.509526	0.508852	0.474169	0.474709	0.475507	0.444433	0.455426	0.464669	0.466176	0.468591	0.455767	0.475916	0.54467	0.548632	0.489735	0.488261	0.486126	0.468786	0.461306	0.461808	0.455565	0.470508	0.467486	0.482492	0.510952	0.51339	0.490577	0.490779	0.489327	0.497414	0.483921	0.480748	0.478125	0.482162	0.480355	0.506553	0.491377	0.487793	0.472696	0.45653	0.4586	0.52942	0.544204	0.543953	0.514685	0.519224	0.519432
ERR605419-k20-n1-x5e9	0.382255	0.389076	0.397939	0.39976	0.398947	0.398575	0.678987	0.538312	0.579606	0.529813	0.553066	0.542071	0.337892	0.509506	0.354012	0.365356	0.361912	0.363126	0.458372	0.338516	0.522452	0.391218	0.396312	0.576691	0.37655	0.30701	0.437505	0.326569	0.331952	0.506916	0.290634	0.464221	0.300849	0.309628	0.308327	0.307436	0.244701	0.379004	0	0.243428	0.242742	0.242417	0.374698	0.374822	0.511175	0.300693	0.301456	0.302327	0.426169	0.42704	0.425586	0.449325	0.448722	0.447355	0.465816	0.435727	0.424719	0.426237	0.424409	0.434758	0.438035	0.441841	0.444088	0.43185	0.431087	0.431995	0.41425	0.421729	0.425215	0.429645	0.434521	0.434277	0.538139	0.480113	0.479849	0.515545	0.514411	0.51554	0.398831	0.39669	0.396693	0.397775	0.402567	0.40185	0.421896	0.420351	0.421792	0.429372	0.452516	0.446824	0.438766	0.445328	0.444112	0.439158	0.441382	0.440392
ERR605420-k20-n1-x5e9	0.373289	0.381773	0.392341	0.399569	0.398991	0.398068	0.669025	0.525761	0.567166	0.517918	0.541763	0.530386	0.332504	0.500184	0.348223	0.356871	0.353444	0.354563	0.450827	0.327913	0.510347	0.378711	0.383541	0.565534	0.37134	0.303569	0.424934	0.316964	0.32176	0.494979	0.28833	0.454615	0.297939	0.302725	0.301858	0.301254	0.249713	0.369173	0.243428	0	0.24018	0.24015	0.366133	0.36632	0.503216	0.308879	0.306944	0.308614	0.427811	0.428305	0.427547	0.445019	0.444399	0.443112	0.46378	0.433018	0.422813	0.423954	0.422604	0.432198	0.438438	0.442307	0.444591	0.428358	0.427901	0.428445	0.416977	0.423987	0.427615	0.429767	0.438874	0.437953	0.532854	0.473028	0.472783	0.506548	0.505678	0.506641	0.402662	0.400824	0.400664	0.400432	0.409021	0.407709	0.423451	0.421147	0.422835	0.427157	0.451748	0.44619	0.441393	0.447675	0.44762	0.440285	0.442204	0.441124
ERR605421-k20-n1-x5e9	0.374638	0.38218	0.392026	0.398452	0.397957	0.397161	0.671353	0.528472	0.569903	0.520635	0.544522	0.533119	0.333555	0.50256	0.349549	0.358337	0.355004	0.356153	0.453311	0.329427	0.512971	0.381015	0.386004	0.568053	0.373605	0.303347	0.427753	0.318621	0.32357	0.49788	0.288836	0.457358	0.298987	0.304293	0.303246	0.302483	0.248453	0.371815	0.242742	0.24018	0	0.239944	0.368382	0.368468	0.505723	0.307883	0.306639	0.308081	0.42735	0.427626	0.426785	0.445514	0.445031	0.44365	0.464607	0.433733	0.423243	0.424373	0.422932	0.432801	0.438362	0.441185	0.44337	0.428316	0.427699	0.428184	0.416222	0.423468	0.427082	0.429649	0.43828	0.437661	0.533875	0.473177	0.472854	0.507421	0.506622	0.507508	0.401377	0.399662	0.399627	0.399577	0.407872	0.406599	0.422542	0.420428	0.422115	0.426872	0.451952	0.446247	0.440443	0.446605	0.446416	0.439733	0.441532	0.440482
ERR605422-k20-n1-x5e9	0.375432	0.383133	0.393194	0.399283	0.398431	0.39767	0.671895	0.529187	0.570532	0.521068	0.544841	0.533614	0.333842	0.502755	0.349781	0.358839	0.355582	0.356697	0.453448	0.330179	0.513603	0.381774	0.386723	0.568615	0.373292	0.303888	0.427942	0.319005	0.324028	0.497959	0.288891	0.457247	0.298798	0.304278	0.303343	0.302618	0.247919	0.371817	0.242417	0.24015	0.239944	0	0.368392	0.368516	0.505523	0.307058	0.305675	0.307321	0.426949	0.42741	0.426537	0.445419	0.444973	0.443637	0.464197	0.433445	0.422953	0.424112	0.422698	0.432425	0.438201	0.441473	0.443631	0.428655	0.428016	0.428601	0.416011	0.423042	0.426804	0.429445	0.437709	0.436987	0.534372	0.473961	0.473595	0.508274	0.507414	0.508398	0.401166	0.399177	0.399184	0.399289	0.407284	0.406024	0.422806	0.420483	0.422154	0.427294	0.451983	0.446308	0.440258	0.446541	0.446239	0.439381	0.441412	0.440317
ERR609301-k20-n1-x5e9	0.398981	0.449468	0.472367	0.499051	0.498899	0.496717	0.564778	0.425179	0.461577	0.417695	0.435861	0.426796	0.349684	0.39375	0.335715	0.335243	0.335644	0.333777	0.356788	0.33914	0.401601	0.325435	0.326018	0.45643	0.325289	0.394231	0.330586	0.342976	0.338836	0.37811	0.343464	0.333213	0.323113	0.316099	0.31791	0.317068	0.397688	0.304375	0.374698	0.366133	0.368382	0.368392	0	0.259452	0.360555	0.363146	0.341552	0.345811	0.48043	0.487086	0.486594	0.462852	0.463317	0.463607	0.445383	0.446317	0.452014	0.453247	0.454958	0.447139	0.46491	0.520654	0.524124	0.473407	0.472436	0.470791	0.45667	0.453281	0.454741	0.450542	0.464559	0.462181	0.47701	0.488003	0.490036	0.4763	0.476932	0.475902	0.475678	0.465471	0.462558	0.460843	0.466135	0.464456	0.486469	0.47403	0.470925	0.459441	0.452606	0.453063	0.506062	0.518782	0.518402	0.494857	0.498561	0.498625
