	ERR609247-k20-n1-x5e9	ERR609248-k20-n1-x5e9	ERR609249-k20-n1-x5e9	ERR609250-k20-n1-x5e9	ERR609251-k20-n1-x5e9	ERR609252-k20-n1-x5e9	ERR608445-k20-n1-x5e9	ERR608446-k20-n1-x5e9	ERR608447-k20-n1-x5e9	ERR608448-k20-n1-x5e9	ERR608449-k20-n1-x5e9	ERR608450-k20-n1-x5e9	ERR610247-k20-n1-x5e9	ERR610248-k20-n1-x5e9	ERR610249-k20-n1-x5e9	ERR610250-k20-n1-x5e9	ERR610251-k20-n1-x5e9	ERR610252-k20-n1-x5e9	ERR610205-k20-n1-x5e9	ERR610206-k20-n1-x5e9	ERR610207-k20-n1-x5e9	ERR610208-k20-n1-x5e9	ERR610209-k20-n1-x5e9	ERR610210-k20-n1-x5e9	ERR606648-k20-n1-x5e9	ERR606649-k20-n1-x5e9	ERR606650-k20-n1-x5e9	ERR606651-k20-n1-x5e9	ERR606652-k20-n1-x5e9	ERR606653-k20-n1-x5e9	ERR606660-k20-n1-x5e9	ERR606661-k20-n1-x5e9	ERR606662-k20-n1-x5e9	ERR606663-k20-n1-x5e9	ERR606664-k20-n1-x5e9	ERR606665-k20-n1-x5e9	ERR607579-k20-n1-x5e9	ERR607580-k20-n1-x5e9	ERR607581-k20-n1-x5e9	ERR607582-k20-n1-x5e9	ERR607583-k20-n1-x5e9	ERR607584-k20-n1-x5e9	ERR608457-k20-n1-x5e9	ERR608458-k20-n1-x5e9	ERR608459-k20-n1-x5e9	ERR608460-k20-n1-x5e9	ERR608461-k20-n1-x5e9	ERR608462-k20-n1-x5e9	ERR608943-k20-n1-x5e9	ERR608944-k20-n1-x5e9	ERR608945-k20-n1-x5e9	ERR608946-k20-n1-x5e9	ERR608947-k20-n1-x5e9	ERR608948-k20-n1-x5e9	ERR608401-k20-n1-x5e9	ERR608402-k20-n1-x5e9	ERR608403-k20-n1-x5e9	ERR608404-k20-n1-x5e9	ERR608405-k20-n1-x5e9	ERR608406-k20-n1-x5e9	ERR608439-k20-n1-x5e9	ERR608440-k20-n1-x5e9	ERR608441-k20-n1-x5e9	ERR608442-k20-n1-x5e9	ERR608443-k20-n1-x5e9	ERR608444-k20-n1-x5e9	ERR607989-k20-n1-x5e9	ERR607990-k20-n1-x5e9	ERR607991-k20-n1-x5e9	ERR607992-k20-n1-x5e9	ERR607993-k20-n1-x5e9	ERR607994-k20-n1-x5e9	ERR608757-k20-n1-x5e9	ERR608758-k20-n1-x5e9	ERR608759-k20-n1-x5e9	ERR608760-k20-n1-x5e9	ERR608761-k20-n1-x5e9	ERR608762-k20-n1-x5e9	ERR605976-k20-n1-x5e9	ERR605977-k20-n1-x5e9	ERR605978-k20-n1-x5e9	ERR605979-k20-n1-x5e9	ERR605980-k20-n1-x5e9	ERR605981-k20-n1-x5e9	ERR605635-k20-n1-x5e9	ERR605636-k20-n1-x5e9	ERR605637-k20-n1-x5e9	ERR605638-k20-n1-x5e9	ERR605639-k20-n1-x5e9	ERR605640-k20-n1-x5e9	ERR608579-k20-n1-x5e9	ERR608580-k20-n1-x5e9	ERR608581-k20-n1-x5e9	ERR608582-k20-n1-x5e9	ERR608583-k20-n1-x5e9	ERR608584-k20-n1-x5e9
ERR609247-k20-n1-x5e9	0	0.239907	0.243384	0.260931	0.247614	0.247746	0.515255	0.464231	0.448561	0.444616	0.441289	0.464316	0.354387	0.491797	0.374774	0.336485	0.336794	0.33629	0.352741	0.519918	0.381535	0.341583	0.338164	0.337296	0.552591	0.327494	0.332981	0.370108	0.336534	0.342527	0.582608	0.368709	0.378439	0.393183	0.363138	0.365664	0.431165	0.424367	0.430549	0.377665	0.379038	0.379415	0.427856	0.36727	0.357736	0.342389	0.348696	0.350167	0.447	0.44018	0.439393	0.482927	0.48234	0.480247	0.520886	0.480895	0.464194	0.464592	0.461553	0.479659	0.536866	0.49401	0.475353	0.474314	0.470742	0.493551	0.452223	0.420565	0.689834	0.43325	0.429437	0.430041	0.52249	0.476896	0.460263	0.457546	0.453436	0.476778	0.479533	0.436363	0.436635	0.454871	0.455296	0.456205	0.419492	0.42814	0.430946	0.433325	0.442075	0.441793	0.433474	0.341485	0.330675	0.332692	0.33366	0.332008
ERR609248-k20-n1-x5e9	0.239907	0	0.241635	0.260765	0.247097	0.247115	0.51318	0.463257	0.447855	0.44413	0.44084	0.463304	0.356205	0.490242	0.375386	0.337725	0.338004	0.337361	0.35301	0.51765	0.380909	0.340887	0.337827	0.336974	0.549141	0.324928	0.330231	0.366851	0.333379	0.339386	0.579123	0.365726	0.375291	0.389809	0.35974	0.362139	0.428436	0.421807	0.428201	0.375406	0.376832	0.377334	0.42567	0.366993	0.357969	0.342581	0.348566	0.349807	0.445343	0.439097	0.438013	0.481969	0.481475	0.479238	0.518262	0.479158	0.462445	0.463156	0.460075	0.477821	0.534733	0.492636	0.474087	0.473256	0.469626	0.491776	0.449089	0.41918	0.688315	0.431301	0.427479	0.42816	0.5204	0.475709	0.458965	0.45669	0.452523	0.475352	0.477466	0.436631	0.437001	0.454316	0.454342	0.45537	0.41736	0.42536	0.428301	0.430793	0.438353	0.438169	0.430293	0.33961	0.329618	0.330897	0.33198	0.330021
ERR609249-k20-n1-x5e9	0.243384	0.241635	0	0.258165	0.250296	0.250087	0.503316	0.456538	0.442591	0.439714	0.4364	0.456653	0.356346	0.479135	0.371388	0.339079	0.339556	0.339429	0.347765	0.50399	0.371763	0.334898	0.3328	0.332127	0.533959	0.318313	0.322678	0.355182	0.324737	0.329726	0.565048	0.357203	0.365815	0.37883	0.350949	0.353222	0.415973	0.409577	0.416348	0.365712	0.367209	0.367387	0.413514	0.360725	0.353589	0.339176	0.344239	0.345072	0.438872	0.434696	0.433011	0.474743	0.474287	0.472303	0.506329	0.46927	0.453728	0.454807	0.451661	0.467967	0.523499	0.483509	0.465719	0.46542	0.461657	0.482512	0.438797	0.415718	0.679095	0.42484	0.421957	0.422433	0.509506	0.467409	0.451717	0.450085	0.445983	0.467015	0.46833	0.438135	0.439048	0.4506	0.450532	0.451605	0.413378	0.419254	0.421291	0.424157	0.429453	0.429349	0.415354	0.329505	0.321512	0.321942	0.322799	0.320986
ERR609250-k20-n1-x5e9	0.260931	0.260765	0.258165	0	0.273178	0.272466	0.479166	0.433959	0.423151	0.420942	0.419352	0.434608	0.333957	0.439662	0.338732	0.336406	0.336399	0.337165	0.328226	0.468569	0.341973	0.326408	0.326041	0.325805	0.509961	0.31547	0.314944	0.335682	0.322994	0.324198	0.544499	0.345237	0.350394	0.362748	0.348029	0.348988	0.385208	0.379215	0.3833	0.346372	0.346824	0.347415	0.381726	0.333302	0.32927	0.323913	0.32515	0.325804	0.433504	0.430206	0.430596	0.451903	0.45154	0.449839	0.484112	0.447888	0.435752	0.43612	0.434175	0.447365	0.497159	0.456625	0.441028	0.440168	0.437506	0.456392	0.436012	0.418472	0.650307	0.420946	0.419054	0.419358	0.484537	0.443013	0.42996	0.428706	0.426086	0.443279	0.455215	0.439621	0.441174	0.435018	0.434942	0.434849	0.415505	0.418493	0.419463	0.419752	0.431673	0.430449	0.391201	0.313738	0.307707	0.309423	0.309446	0.309146
ERR609251-k20-n1-x5e9	0.247614	0.247097	0.250296	0.273178	0	0.242797	0.522619	0.472577	0.456584	0.452835	0.449304	0.472297	0.365369	0.50166	0.386532	0.343976	0.344328	0.343591	0.363767	0.529317	0.393327	0.350332	0.346737	0.345756	0.559035	0.334551	0.340685	0.378489	0.34296	0.349413	0.587988	0.375383	0.385432	0.400088	0.368344	0.370911	0.441185	0.434544	0.441152	0.387044	0.388561	0.388945	0.437338	0.378041	0.368625	0.35197	0.358668	0.359921	0.452939	0.446178	0.444703	0.491631	0.490953	0.488721	0.528231	0.489029	0.472128	0.472796	0.46964	0.487589	0.544488	0.502621	0.484115	0.483161	0.479402	0.501725	0.456931	0.425107	0.697078	0.438725	0.43475	0.435425	0.530053	0.485446	0.468501	0.465998	0.461675	0.484809	0.485664	0.441078	0.441249	0.462025	0.462206	0.463403	0.423841	0.432829	0.435987	0.438846	0.445679	0.445637	0.441324	0.350531	0.340195	0.341361	0.342491	0.340379
ERR609252-k20-n1-x5e9	0.247746	0.247115	0.250087	0.272466	0.242797	0	0.521413	0.471538	0.455657	0.451962	0.448433	0.471175	0.365118	0.500305	0.385752	0.343998	0.34441	0.343703	0.363199	0.527959	0.392379	0.34971	0.346377	0.345515	0.557481	0.333726	0.339754	0.376978	0.342031	0.348491	0.586702	0.374649	0.384511	0.399003	0.36759	0.370352	0.439895	0.433217	0.439828	0.386226	0.387579	0.388136	0.436041	0.377488	0.367999	0.351634	0.358117	0.359347	0.452137	0.445557	0.444076	0.490587	0.489993	0.487848	0.526903	0.487905	0.471106	0.471641	0.468463	0.486399	0.543151	0.501443	0.482748	0.481974	0.478203	0.500454	0.455693	0.424395	0.695878	0.437717	0.433761	0.434462	0.528704	0.484298	0.467445	0.4651	0.460759	0.483714	0.484443	0.440806	0.441147	0.461259	0.461418	0.462592	0.423053	0.431846	0.434845	0.437851	0.444419	0.444405	0.439967	0.349641	0.339338	0.340521	0.341603	0.339436
ERR608445-k20-n1-x5e9	0.515255	0.51318	0.503316	0.479166	0.522619	0.521413	0	0.291478	0.312513	0.321278	0.325351	0.291374	0.490212	0.440956	0.464526	0.507674	0.507756	0.510194	0.472799	0.439425	0.450441	0.47738	0.482474	0.48338	0.48371	0.481362	0.475453	0.453886	0.478661	0.472476	0.518762	0.475624	0.469626	0.465942	0.485392	0.483236	0.428635	0.430062	0.42988	0.4498	0.448501	0.448596	0.440564	0.464029	0.474239	0.483157	0.47682	0.474512	0.361234	0.375035	0.374417	0.325805	0.326752	0.327751	0.29991	0.310942	0.325001	0.325818	0.328385	0.311128	0.296758	0.298066	0.308807	0.311085	0.313892	0.297768	0.349209	0.392423	0.46303	0.362786	0.368791	0.367274	0.287705	0.299808	0.314754	0.320148	0.324711	0.300265	0.362731	0.449233	0.453944	0.38387	0.384569	0.382243	0.397296	0.381282	0.375691	0.371465	0.379484	0.376925	0.420082	0.444351	0.45273	0.450817	0.450202	0.451224
ERR608446-k20-n1-x5e9	0.464231	0.463257	0.456538	0.433959	0.472577	0.471538	0.291478	0	0.257625	0.261175	0.263926	0.254826	0.441464	0.456241	0.426959	0.455154	0.455113	0.457161	0.429865	0.468121	0.419522	0.434162	0.43781	0.438418	0.519742	0.442526	0.439081	0.431809	0.444069	0.440263	0.552901	0.448012	0.446549	0.449239	0.456172	0.455422	0.41938	0.417488	0.418654	0.418042	0.416882	0.417418	0.439696	0.43154	0.435883	0.440447	0.436962	0.435923	0.312025	0.317745	0.318692	0.29925	0.299261	0.298609	0.323741	0.292606	0.290867	0.289706	0.29072	0.292456	0.334349	0.29459	0.28694	0.285374	0.285304	0.294391	0.315385	0.328786	0.523349	0.309625	0.312274	0.311685	0.31794	0.280486	0.277849	0.27849	0.279758	0.281302	0.340245	0.383016	0.387043	0.335203	0.337443	0.335647	0.339774	0.331658	0.327701	0.323248	0.342715	0.339568	0.428848	0.411237	0.413715	0.4136	0.413767	0.414231
ERR608447-k20-n1-x5e9	0.448561	0.447855	0.442591	0.423151	0.456584	0.455657	0.312513	0.257625	0	0.252089	0.252962	0.25835	0.431255	0.471308	0.423103	0.440827	0.440882	0.44263	0.421842	0.485873	0.417994	0.425073	0.427682	0.428134	0.535381	0.432524	0.430586	0.430067	0.435463	0.432828	0.567597	0.444014	0.444539	0.449214	0.449983	0.450012	0.424438	0.421468	0.423668	0.413826	0.412941	0.413331	0.448286	0.428893	0.430434	0.43173	0.430136	0.429265	0.302058	0.303795	0.304895	0.304331	0.303721	0.302337	0.341133	0.298928	0.290303	0.289058	0.288603	0.298658	0.356618	0.307548	0.293118	0.291146	0.28926	0.307523	0.310287	0.309321	0.548174	0.296869	0.297796	0.297671	0.338489	0.289131	0.278353	0.277372	0.276439	0.289333	0.340031	0.360951	0.364236	0.325176	0.32754	0.326664	0.321908	0.317823	0.315459	0.311422	0.333109	0.330084	0.439314	0.406718	0.406726	0.407035	0.407466	0.407532
ERR608448-k20-n1-x5e9	0.444616	0.44413	0.439714	0.420942	0.452835	0.451962	0.321278	0.261175	0.252089	0	0.250225	0.260598	0.427467	0.475941	0.421376	0.436097	0.435973	0.437592	0.418801	0.491904	0.417336	0.422164	0.424337	0.424736	0.541782	0.431795	0.430199	0.432382	0.435569	0.433452	0.573768	0.444779	0.445963	0.451774	0.450698	0.45088	0.427858	0.424496	0.426914	0.414214	0.413421	0.413749	0.451774	0.428322	0.42863	0.429264	0.428265	0.427818	0.300751	0.300713	0.302452	0.306434	0.305673	0.303832	0.348925	0.303863	0.293326	0.291125	0.290094	0.3031	0.36491	0.313504	0.297666	0.294194	0.292274	0.313159	0.311865	0.304945	0.555671	0.29537	0.295448	0.295097	0.346268	0.293281	0.281171	0.278358	0.277164	0.293629	0.342694	0.355051	0.358355	0.324623	0.327378	0.326588	0.319771	0.317707	0.315301	0.311384	0.334604	0.331623	0.443984	0.40652	0.405388	0.406387	0.406833	0.406848
ERR608449-k20-n1-x5e9	0.441289	0.44084	0.4364	0.419352	0.449304	0.448433	0.325351	0.263926	0.252962	0.250225	0	0.262898	0.426366	0.478738	0.421647	0.433647	0.433588	0.435116	0.417825	0.494473	0.417304	0.42019	0.422445	0.422691	0.542986	0.429054	0.427953	0.431213	0.432793	0.43097	0.574687	0.443223	0.444695	0.450732	0.448364	0.448785	0.428488	0.425141	0.427727	0.41302	0.412215	0.412725	0.453347	0.428773	0.428655	0.428153	0.42748	0.427261	0.299079	0.298478	0.299692	0.308936	0.308222	0.306351	0.352005	0.305626	0.293938	0.292187	0.290776	0.3048	0.36939	0.3173	0.300547	0.297499	0.294948	0.316869	0.31001	0.301034	0.560841	0.292869	0.292523	0.292546	0.350512	0.296456	0.282618	0.280232	0.278166	0.296556	0.342025	0.350826	0.353775	0.323309	0.325779	0.325609	0.315668	0.314104	0.312205	0.308611	0.331099	0.328442	0.444861	0.40553	0.403981	0.405067	0.405363	0.405258
ERR608450-k20-n1-x5e9	0.464316	0.463304	0.456653	0.434608	0.472297	0.471175	0.291374	0.254826	0.25835	0.260598	0.262898	0	0.442858	0.457774	0.428469	0.45574	0.455641	0.457742	0.431547	0.469692	0.421669	0.435515	0.438956	0.439608	0.520444	0.442652	0.439375	0.432376	0.444086	0.440444	0.55296	0.448423	0.446777	0.449442	0.456099	0.455403	0.421135	0.419594	0.420923	0.419845	0.418818	0.419127	0.440838	0.433176	0.437593	0.441437	0.438239	0.437152	0.311803	0.317692	0.3182	0.300482	0.300257	0.29957	0.32343	0.292858	0.291308	0.290195	0.290523	0.292031	0.33427	0.294759	0.286923	0.285664	0.285281	0.293698	0.313848	0.327945	0.524669	0.308463	0.311347	0.310346	0.317624	0.281407	0.278677	0.278914	0.280024	0.280972	0.338861	0.381668	0.385684	0.333885	0.335974	0.334285	0.338641	0.330385	0.326688	0.322099	0.340883	0.337762	0.429635	0.412264	0.414941	0.414407	0.414615	0.414936
ERR610247-k20-n1-x5e9	0.354387	0.356205	0.356346	0.333957	0.365369	0.365118	0.490212	0.441464	0.431255	0.427467	0.426366	0.442858	0	0.397807	0.256328	0.254811	0.254287	0.255883	0.316364	0.469911	0.33548	0.322336	0.321128	0.321421	0.538287	0.363114	0.362736	0.38049	0.373231	0.373447	0.559403	0.368088	0.37264	0.385712	0.375789	0.376382	0.399601	0.393474	0.395445	0.360006	0.359835	0.360582	0.389074	0.330684	0.323734	0.321876	0.322972	0.326066	0.449678	0.443659	0.445983	0.459461	0.459132	0.457298	0.501234	0.462456	0.451023	0.449095	0.448573	0.461908	0.512763	0.470116	0.455868	0.452148	0.451191	0.470258	0.464039	0.438883	0.657455	0.442911	0.440618	0.440816	0.49894	0.454771	0.44248	0.43874	0.437018	0.45531	0.476757	0.452512	0.453404	0.449221	0.450642	0.450301	0.44488	0.449897	0.450478	0.448199	0.467718	0.465929	0.416707	0.340732	0.332317	0.336395	0.337458	0.33788
ERR610248-k20-n1-x5e9	0.491797	0.490242	0.479135	0.439662	0.50166	0.500305	0.440956	0.456241	0.471308	0.475941	0.478738	0.457774	0.397807	0	0.35011	0.436246	0.435999	0.43929	0.41968	0.328375	0.382869	0.43174	0.437955	0.43941	0.410443	0.454361	0.444656	0.410198	0.452197	0.443336	0.433528	0.423106	0.411264	0.40456	0.442362	0.438509	0.377005	0.378734	0.373674	0.411257	0.409046	0.409408	0.34269	0.393859	0.411431	0.431151	0.419146	0.416966	0.508791	0.516054	0.516348	0.478248	0.479373	0.479628	0.45866	0.467019	0.476546	0.476526	0.479246	0.467234	0.448899	0.451034	0.45958	0.460194	0.463316	0.451377	0.499417	0.522937	0.541249	0.503656	0.507489	0.506363	0.44281	0.454196	0.465501	0.467911	0.472094	0.454695	0.493415	0.554227	0.557892	0.502197	0.501856	0.499446	0.520773	0.510519	0.506557	0.503572	0.51242	0.510617	0.348943	0.402001	0.414121	0.412246	0.41119	0.413864
ERR610249-k20-n1-x5e9	0.374774	0.375386	0.371388	0.338732	0.386532	0.385752	0.464526	0.426959	0.423103	0.421376	0.421647	0.428469	0.256328	0.35011	0	0.285928	0.285384	0.287965	0.318247	0.426284	0.318879	0.327944	0.329703	0.330469	0.501229	0.366362	0.362339	0.364484	0.373264	0.370324	0.523183	0.359323	0.359086	0.367826	0.372185	0.37133	0.371947	0.366959	0.367122	0.348773	0.347727	0.348407	0.356765	0.320316	0.321086	0.327707	0.323725	0.325004	0.449316	0.447062	0.449112	0.446244	0.446441	0.445043	0.476765	0.445887	0.439551	0.437949	0.438548	0.445984	0.484897	0.448796	0.438993	0.436188	0.436005	0.44914	0.457935	0.446322	0.625639	0.442806	0.442273	0.442067	0.472171	0.437007	0.429673	0.427584	0.427679	0.437561	0.465288	0.466299	0.468284	0.446063	0.447181	0.446086	0.449923	0.450204	0.449335	0.446599	0.464903	0.462816	0.383872	0.3317	0.329174	0.331673	0.331985	0.333586
ERR610250-k20-n1-x5e9	0.336485	0.337725	0.339079	0.336406	0.343976	0.343998	0.507674	0.455154	0.440827	0.436097	0.433647	0.45574	0.254811	0.436246	0.285928	0	0.237622	0.23756	0.325191	0.501223	0.355768	0.320236	0.316831	0.316566	0.55753	0.35636	0.359813	0.38922	0.366299	0.369602	0.577871	0.372083	0.380311	0.395043	0.371515	0.373343	0.419991	0.413181	0.418049	0.368089	0.368919	0.369466	0.413249	0.34733	0.336472	0.324655	0.330241	0.33303	0.446753	0.439159	0.439968	0.472719	0.472171	0.470147	0.515722	0.474402	0.459085	0.457755	0.455826	0.473342	0.531493	0.48742	0.470204	0.467211	0.464882	0.486909	0.459801	0.428387	0.681685	0.438223	0.434863	0.435347	0.51682	0.469947	0.454237	0.45018	0.446934	0.469709	0.481834	0.441788	0.44206	0.454633	0.456019	0.456746	0.434842	0.442453	0.444113	0.443769	0.458983	0.458033	0.434662	0.346393	0.335538	0.338533	0.340257	0.339446
ERR610251-k20-n1-x5e9	0.336794	0.338004	0.339556	0.336399	0.344328	0.34441	0.507756	0.455113	0.440882	0.435973	0.433588	0.455641	0.254287	0.435999	0.285384	0.237622	0	0.237667	0.324744	0.500914	0.355542	0.320336	0.316747	0.316695	0.557742	0.3568	0.360256	0.389462	0.367046	0.370224	0.578214	0.372663	0.380874	0.395698	0.372547	0.374306	0.419997	0.413103	0.418028	0.368472	0.369036	0.369643	0.41346	0.347329	0.336398	0.324865	0.330346	0.333034	0.446901	0.439369	0.440239	0.472609	0.472068	0.46996	0.515797	0.474427	0.459038	0.457801	0.455896	0.473258	0.531545	0.487517	0.470269	0.467193	0.464954	0.486977	0.460069	0.428638	0.681622	0.438495	0.435114	0.43552	0.516805	0.469926	0.454121	0.45013	0.446954	0.469683	0.48195	0.441751	0.442186	0.454461	0.455969	0.456637	0.435197	0.442872	0.444453	0.444091	0.459582	0.458516	0.434983	0.346794	0.33593	0.339047	0.340705	0.339888
ERR610252-k20-n1-x5e9	0.33629	0.337361	0.339429	0.337165	0.343591	0.343703	0.510194	0.457161	0.44263	0.437592	0.435116	0.457742	0.255883	0.43929	0.287965	0.23756	0.237667	0	0.326598	0.504171	0.358102	0.321547	0.317903	0.317549	0.560068	0.357328	0.361031	0.391001	0.367583	0.371025	0.580455	0.373845	0.382388	0.39728	0.373151	0.375177	0.422576	0.415652	0.420572	0.370178	0.370854	0.371428	0.415679	0.348671	0.337466	0.32533	0.331145	0.334195	0.448324	0.440464	0.441361	0.474932	0.47435	0.472274	0.518302	0.476757	0.461161	0.459775	0.457908	0.475575	0.534052	0.489896	0.472447	0.469395	0.467054	0.489352	0.46169	0.42925	0.684022	0.4397	0.436229	0.436733	0.519361	0.472182	0.45617	0.452123	0.448642	0.472026	0.483745	0.441691	0.442093	0.455959	0.457403	0.457957	0.435757	0.443884	0.445557	0.445369	0.460603	0.459721	0.437103	0.34806	0.336952	0.339973	0.34177	0.340954
ERR610205-k20-n1-x5e9	0.352741	0.35301	0.347765	0.328226	0.363767	0.363199	0.472799	0.429865	0.421842	0.418801	0.417825	0.431547	0.316364	0.41968	0.318247	0.325191	0.324744	0.326598	0	0.408049	0.249629	0.240165	0.241951	0.242784	0.505937	0.347214	0.34592	0.356108	0.353716	0.352071	0.530223	0.352771	0.355929	0.365989	0.358571	0.35866	0.341621	0.335272	0.339725	0.302959	0.302483	0.303222	0.363676	0.314184	0.309575	0.308107	0.308665	0.309308	0.420019	0.41892	0.420957	0.431194	0.430316	0.429224	0.465147	0.429187	0.418237	0.417413	0.416345	0.428956	0.487485	0.447405	0.433342	0.431426	0.430056	0.447925	0.425104	0.420637	0.633424	0.413091	0.413383	0.413064	0.473898	0.433607	0.421693	0.41999	0.417803	0.434199	0.462123	0.458631	0.460738	0.447651	0.450035	0.450241	0.425763	0.423298	0.421276	0.41798	0.436533	0.434326	0.375556	0.304115	0.298343	0.300621	0.302025	0.302314
ERR610206-k20-n1-x5e9	0.519918	0.51765	0.50399	0.468569	0.529317	0.527959	0.439425	0.468121	0.485873	0.491904	0.494473	0.469692	0.469911	0.328375	0.426284	0.501223	0.500914	0.504171	0.408049	0	0.359814	0.420535	0.429041	0.430966	0.378299	0.473059	0.46266	0.420848	0.467232	0.45706	0.410486	0.443579	0.43118	0.420878	0.459808	0.455833	0.348564	0.353258	0.348686	0.40168	0.39918	0.399555	0.356209	0.419681	0.437959	0.456203	0.444532	0.441306	0.505863	0.518509	0.518432	0.470997	0.471536	0.472704	0.432844	0.454152	0.467812	0.469099	0.471911	0.454737	0.433042	0.447083	0.458955	0.461544	0.464761	0.447613	0.486452	0.532472	0.506415	0.502466	0.508909	0.507166	0.429271	0.45436	0.467978	0.472668	0.47678	0.454702	0.496976	0.579829	0.584245	0.520962	0.521102	0.519047	0.528435	0.511143	0.505112	0.500949	0.506499	0.504317	0.336316	0.411067	0.426206	0.422497	0.42142	0.423799
ERR610207-k20-n1-x5e9	0.381535	0.380909	0.371763	0.341973	0.393327	0.392379	0.450441	0.419522	0.417994	0.417336	0.417304	0.421669	0.33548	0.382869	0.318879	0.355768	0.355542	0.358102	0.249629	0.359814	0	0.262134	0.267978	0.269441	0.468732	0.358164	0.352895	0.345336	0.36065	0.355348	0.495708	0.352024	0.350582	0.355466	0.362174	0.361199	0.309096	0.304687	0.307001	0.295113	0.293489	0.294541	0.338437	0.314958	0.318209	0.324339	0.319981	0.31905	0.422242	0.42629	0.427902	0.418281	0.418005	0.417432	0.438547	0.41228	0.407276	0.407366	0.407271	0.412549	0.460064	0.427469	0.418201	0.417266	0.417035	0.428288	0.420454	0.433435	0.600927	0.416602	0.419298	0.418477	0.448042	0.417764	0.411449	0.411338	0.410873	0.418876	0.451351	0.476634	0.479772	0.447593	0.449447	0.448893	0.435167	0.427211	0.423519	0.419444	0.43595	0.433323	0.345291	0.303607	0.304802	0.305138	0.305677	0.306853
ERR610208-k20-n1-x5e9	0.341583	0.340887	0.334898	0.326408	0.350332	0.34971	0.47738	0.434162	0.425073	0.422164	0.42019	0.435515	0.322336	0.43174	0.327944	0.320236	0.320336	0.321547	0.240165	0.420535	0.262134	0	0.234345	0.23458	0.508568	0.339119	0.339653	0.354385	0.344685	0.34431	0.531457	0.347484	0.352242	0.362547	0.34878	0.349643	0.350546	0.343972	0.34996	0.305183	0.305346	0.306013	0.369142	0.319327	0.313754	0.307234	0.309399	0.309818	0.417255	0.416045	0.416571	0.43783	0.437037	0.435962	0.469796	0.43424	0.421436	0.421367	0.419514	0.433346	0.493363	0.453952	0.438809	0.437438	0.435431	0.453781	0.419093	0.413363	0.643167	0.408627	0.40844	0.408207	0.479521	0.439368	0.426158	0.424774	0.421954	0.439378	0.46072	0.453628	0.455731	0.448908	0.451049	0.451631	0.417617	0.416345	0.414662	0.413034	0.427233	0.425555	0.376949	0.301261	0.295491	0.296694	0.298305	0.2976
ERR610209-k20-n1-x5e9	0.338164	0.337827	0.3328	0.326041	0.346737	0.346377	0.482474	0.43781	0.427682	0.424337	0.422445	0.438956	0.321128	0.437955	0.329703	0.316831	0.316747	0.317903	0.241951	0.429041	0.267978	0.234345	0	0.233994	0.51582	0.340415	0.341708	0.359008	0.346747	0.347015	0.538153	0.350322	0.355743	0.366717	0.350929	0.351903	0.358905	0.35197	0.358092	0.310752	0.311214	0.311931	0.374605	0.321122	0.31447	0.306726	0.30979	0.310401	0.41981	0.417753	0.418294	0.442334	0.441545	0.440329	0.476159	0.43943	0.42611	0.425871	0.423901	0.438623	0.49914	0.458872	0.443291	0.441668	0.4395	0.458682	0.423316	0.413902	0.649137	0.411269	0.410659	0.4105	0.485225	0.444064	0.43019	0.428449	0.42541	0.443945	0.464619	0.452157	0.454044	0.450578	0.452881	0.453603	0.418777	0.418751	0.417423	0.416002	0.430509	0.429016	0.383629	0.304416	0.297487	0.298926	0.300798	0.300023
ERR610210-k20-n1-x5e9	0.337296	0.336974	0.332127	0.325805	0.345756	0.345515	0.48338	0.438418	0.428134	0.424736	0.422691	0.439608	0.321421	0.43941	0.330469	0.316566	0.316695	0.317549	0.242784	0.430966	0.269441	0.23458	0.233994	0	0.517057	0.340306	0.341561	0.359723	0.346465	0.3472	0.53931	0.35061	0.356201	0.367384	0.351165	0.351882	0.360231	0.353265	0.359392	0.3115	0.311811	0.312604	0.375774	0.321736	0.314538	0.306822	0.309919	0.310661	0.419965	0.417738	0.418225	0.44331	0.442493	0.441162	0.47745	0.440614	0.42706	0.426747	0.424641	0.439586	0.500337	0.459987	0.44419	0.442676	0.440311	0.459735	0.42363	0.413649	0.650396	0.411541	0.410584	0.410599	0.486119	0.444789	0.43083	0.428991	0.425908	0.444758	0.465168	0.451989	0.453805	0.450971	0.453248	0.454	0.418633	0.418725	0.41755	0.416367	0.430571	0.429086	0.38483	0.304749	0.297669	0.299275	0.300974	0.29996
ERR606648-k20-n1-x5e9	0.552591	0.549141	0.533959	0.509961	0.559035	0.557481	0.48371	0.519742	0.535381	0.541782	0.542986	0.520444	0.538287	0.410443	0.501229	0.55753	0.557742	0.560068	0.505937	0.378299	0.468732	0.508568	0.51582	0.517057	0	0.46501	0.454374	0.405337	0.452722	0.442364	0.354936	0.470618	0.458038	0.442656	0.480758	0.476233	0.417653	0.423345	0.421803	0.465172	0.464044	0.46379	0.416337	0.483819	0.501304	0.51476	0.505025	0.500652	0.549459	0.562832	0.560326	0.531254	0.531827	0.532963	0.471224	0.502055	0.514263	0.517154	0.518425	0.501424	0.472591	0.497604	0.508753	0.513251	0.514825	0.497174	0.517532	0.566186	0.5469	0.540251	0.546476	0.544899	0.47454	0.506347	0.518893	0.524127	0.526929	0.506723	0.514874	0.609859	0.613947	0.555385	0.553881	0.552678	0.551209	0.533163	0.527492	0.527552	0.516926	0.516217	0.376659	0.460424	0.476152	0.471615	0.469754	0.47151
ERR606649-k20-n1-x5e9	0.327494	0.324928	0.318313	0.31547	0.334551	0.333726	0.481362	0.442526	0.432524	0.431795	0.429054	0.442652	0.363114	0.454361	0.366362	0.35636	0.3568	0.357328	0.347214	0.473059	0.358164	0.339119	0.340415	0.340306	0.46501	0	0.238083	0.265081	0.241172	0.243571	0.5243	0.325646	0.33112	0.341077	0.322817	0.323379	0.377967	0.373199	0.379029	0.340219	0.341356	0.341428	0.389172	0.34991	0.347757	0.338573	0.340165	0.339308	0.432485	0.43276	0.430923	0.459568	0.458759	0.457624	0.475394	0.444029	0.431757	0.433724	0.431166	0.442483	0.496828	0.461415	0.446075	0.447274	0.444059	0.460593	0.423533	0.418299	0.652706	0.417064	0.416465	0.416405	0.485299	0.449603	0.436707	0.437182	0.433793	0.449274	0.445301	0.443329	0.445247	0.437469	0.436079	0.43709	0.400473	0.399445	0.400102	0.401779	0.404781	0.404138	0.384373	0.314272	0.311081	0.309817	0.309653	0.308809
ERR606650-k20-n1-x5e9	0.332981	0.330231	0.322678	0.314944	0.340685	0.339754	0.475453	0.439081	0.430586	0.430199	0.427953	0.439375	0.362736	0.444656	0.362339	0.359813	0.360256	0.361031	0.34592	0.46266	0.352895	0.339653	0.341708	0.341561	0.454374	0.238083	0	0.257375	0.240355	0.241132	0.515504	0.322679	0.326542	0.335353	0.321495	0.321422	0.369502	0.365308	0.370405	0.336597	0.337404	0.33767	0.380818	0.346045	0.345298	0.338278	0.338698	0.3376	0.433014	0.434391	0.432546	0.456438	0.455673	0.454456	0.469255	0.439825	0.428955	0.431004	0.428544	0.438334	0.48999	0.45579	0.441611	0.442997	0.440068	0.455114	0.422702	0.421426	0.645355	0.417751	0.417826	0.417658	0.479003	0.445182	0.43345	0.434156	0.431207	0.444751	0.441888	0.44718	0.449394	0.436004	0.434491	0.435219	0.40321	0.400533	0.401082	0.402265	0.405075	0.404301	0.376103	0.311443	0.309808	0.3083	0.307718	0.306991
ERR606651-k20-n1-x5e9	0.370108	0.366851	0.355182	0.335682	0.378489	0.376978	0.453886	0.431809	0.430067	0.432382	0.431213	0.432376	0.38049	0.410198	0.364484	0.38922	0.389462	0.391001	0.356108	0.420848	0.345336	0.354385	0.359008	0.359723	0.405337	0.265081	0.257375	0	0.256515	0.250148	0.473219	0.32442	0.322129	0.321071	0.326517	0.324614	0.342792	0.340995	0.344685	0.333227	0.333441	0.333479	0.354287	0.346253	0.353197	0.3541	0.349714	0.346869	0.439312	0.444954	0.442863	0.448678	0.448101	0.447554	0.444146	0.426815	0.422378	0.4249	0.423886	0.425324	0.46251	0.438122	0.429518	0.432256	0.430216	0.437613	0.421982	0.437779	0.613985	0.425561	0.427704	0.427109	0.454159	0.432545	0.426911	0.429474	0.428279	0.432496	0.433271	0.469996	0.473091	0.438756	0.436469	0.43653	0.418348	0.409395	0.408327	0.408835	0.40637	0.40553	0.343621	0.313431	0.319036	0.315225	0.31417	0.31439
ERR606652-k20-n1-x5e9	0.336534	0.333379	0.324737	0.322994	0.34296	0.342031	0.478661	0.444069	0.435463	0.435569	0.432793	0.444086	0.373231	0.452197	0.373264	0.366299	0.367046	0.367583	0.353716	0.467232	0.36065	0.344685	0.346747	0.346465	0.452722	0.241172	0.240355	0.256515	0	0.237036	0.514163	0.325837	0.329648	0.335468	0.319528	0.319607	0.374561	0.370297	0.376468	0.341267	0.342264	0.342524	0.386232	0.354476	0.353922	0.344943	0.345943	0.344151	0.434287	0.436025	0.433437	0.461169	0.460524	0.459404	0.470439	0.442724	0.431701	0.434083	0.431562	0.441088	0.492338	0.460258	0.445791	0.447878	0.444568	0.459212	0.42124	0.422115	0.649147	0.41886	0.418904	0.418784	0.481703	0.449705	0.437826	0.438953	0.435592	0.449051	0.442087	0.449554	0.451814	0.438718	0.436783	0.437868	0.403067	0.399612	0.400556	0.402712	0.400046	0.399762	0.377464	0.315452	0.314738	0.311773	0.31143	0.31016
ERR606653-k20-n1-x5e9	0.342527	0.339386	0.329726	0.324198	0.349413	0.348491	0.472476	0.440263	0.432828	0.433452	0.43097	0.440444	0.373447	0.443336	0.370324	0.369602	0.370224	0.371025	0.352071	0.45706	0.355348	0.34431	0.347015	0.3472	0.442364	0.243571	0.241132	0.250148	0.237036	0	0.505212	0.323906	0.326599	0.330855	0.319325	0.318775	0.365882	0.361935	0.367944	0.337036	0.337783	0.337912	0.378699	0.351225	0.352194	0.345103	0.344985	0.342841	0.433249	0.435881	0.433434	0.45674	0.456091	0.454939	0.46335	0.437503	0.427521	0.430061	0.427857	0.435725	0.485192	0.454439	0.441006	0.443065	0.440087	0.453451	0.419034	0.423666	0.641678	0.418118	0.41873	0.418442	0.474831	0.44459	0.433815	0.435273	0.432303	0.44425	0.438575	0.452703	0.455118	0.437272	0.43532	0.436236	0.404366	0.399466	0.399993	0.401647	0.398989	0.398413	0.369408	0.313013	0.313463	0.310229	0.309699	0.308612
ERR606660-k20-n1-x5e9	0.582608	0.579123	0.565048	0.544499	0.587988	0.586702	0.518762	0.552901	0.567597	0.573768	0.574687	0.55296	0.559403	0.433528	0.523183	0.577871	0.578214	0.580455	0.530223	0.410486	0.495708	0.531457	0.538153	0.53931	0.354936	0.5243	0.515504	0.473219	0.514163	0.505212	0	0.454955	0.441268	0.423649	0.467108	0.462231	0.455454	0.460064	0.459312	0.495486	0.494352	0.494152	0.449538	0.512742	0.528355	0.540716	0.531771	0.527768	0.586113	0.597891	0.595356	0.570717	0.571499	0.572011	0.519207	0.546096	0.556741	0.559015	0.560379	0.545571	0.518336	0.5407	0.551155	0.554511	0.556067	0.539863	0.558305	0.600468	0.585495	0.578361	0.583682	0.582442	0.518373	0.547435	0.558767	0.563655	0.565741	0.547828	0.552859	0.639909	0.643632	0.590334	0.588937	0.58821	0.587034	0.571422	0.566435	0.567165	0.556901	0.556723	0.418664	0.494971	0.509373	0.505038	0.503702	0.504992
ERR606661-k20-n1-x5e9	0.368709	0.365726	0.357203	0.345237	0.375383	0.374649	0.475624	0.448012	0.444014	0.444779	0.443223	0.448423	0.368088	0.423106	0.359323	0.372083	0.372663	0.373845	0.352771	0.443579	0.352024	0.347484	0.350322	0.35061	0.470618	0.325646	0.322679	0.32442	0.325837	0.323906	0.454955	0	0.243291	0.251806	0.246201	0.245442	0.368621	0.365197	0.369272	0.344816	0.345199	0.345378	0.372239	0.351162	0.353663	0.351463	0.349553	0.347752	0.458838	0.461113	0.459262	0.472944	0.472683	0.471515	0.480933	0.459076	0.452259	0.453754	0.45271	0.4582	0.495111	0.46787	0.458046	0.458815	0.45699	0.46694	0.450436	0.452481	0.64183	0.447776	0.448297	0.448146	0.485067	0.459659	0.451842	0.453119	0.451219	0.459105	0.459072	0.475825	0.478454	0.457647	0.456249	0.456689	0.434543	0.431321	0.430922	0.432516	0.434516	0.434094	0.374364	0.329247	0.330601	0.328599	0.328789	0.328138
ERR606662-k20-n1-x5e9	0.378439	0.375291	0.365815	0.350394	0.385432	0.384511	0.469626	0.446549	0.444539	0.445963	0.444695	0.446777	0.37264	0.411264	0.359086	0.380311	0.380874	0.382388	0.355929	0.43118	0.350582	0.352242	0.355743	0.356201	0.458038	0.33112	0.326542	0.322129	0.329648	0.326599	0.441268	0.243291	0	0.247532	0.251616	0.249587	0.362676	0.359903	0.363406	0.345143	0.345386	0.345531	0.363848	0.350861	0.355292	0.35551	0.352415	0.350176	0.46177	0.465036	0.463047	0.471844	0.471653	0.470623	0.475215	0.456799	0.451706	0.45331	0.452433	0.455896	0.488149	0.463619	0.455501	0.456599	0.45514	0.462749	0.451684	0.457911	0.632817	0.450754	0.451729	0.451508	0.478788	0.457014	0.450749	0.452768	0.451274	0.456466	0.457923	0.482079	0.484949	0.458795	0.457233	0.457487	0.439518	0.434669	0.434015	0.435276	0.436756	0.436259	0.365802	0.330518	0.33367	0.331549	0.331296	0.330918
ERR606663-k20-n1-x5e9	0.393183	0.389809	0.37883	0.362748	0.400088	0.399003	0.465942	0.449239	0.449214	0.451774	0.450732	0.449442	0.385712	0.40456	0.367826	0.395043	0.395698	0.39728	0.365989	0.420878	0.355466	0.362547	0.366717	0.367384	0.442656	0.341077	0.335353	0.321071	0.335468	0.330855	0.423649	0.251806	0.247532	0	0.256812	0.254208	0.359186	0.357589	0.36107	0.349423	0.349371	0.349568	0.361075	0.358338	0.365045	0.366653	0.362564	0.359449	0.466894	0.471369	0.469267	0.47457	0.474443	0.47339	0.470784	0.457329	0.453968	0.45583	0.455384	0.456146	0.482787	0.463246	0.456983	0.458552	0.457439	0.46198	0.453339	0.465295	0.6251	0.456041	0.457641	0.457314	0.474627	0.457984	0.453686	0.456152	0.455102	0.457358	0.457573	0.492175	0.49525	0.463234	0.461288	0.4614	0.4465	0.439465	0.438702	0.440034	0.437544	0.437169	0.358619	0.336595	0.342069	0.33884	0.33841	0.338001
ERR606664-k20-n1-x5e9	0.363138	0.35974	0.350949	0.348029	0.368344	0.36759	0.485392	0.456172	0.449983	0.450698	0.448364	0.456099	0.375789	0.442362	0.372185	0.371515	0.372547	0.373151	0.358571	0.459808	0.362174	0.34878	0.350929	0.351165	0.480758	0.322817	0.321495	0.326517	0.319528	0.319325	0.467108	0.246201	0.251616	0.256812	0	0.239331	0.378632	0.374781	0.380724	0.349393	0.350209	0.350259	0.385047	0.360145	0.36086	0.354048	0.354134	0.351698	0.459229	0.460942	0.458241	0.48061	0.48015	0.478835	0.488378	0.465474	0.456776	0.458836	0.457209	0.464166	0.504599	0.476967	0.465717	0.466821	0.464414	0.475638	0.448906	0.449669	0.654758	0.447179	0.447258	0.447191	0.494362	0.467703	0.458236	0.459613	0.457008	0.467162	0.461485	0.473184	0.475568	0.460076	0.458232	0.459166	0.431188	0.428243	0.429145	0.431825	0.428841	0.429009	0.384014	0.332733	0.333299	0.330378	0.330476	0.329237
ERR606665-k20-n1-x5e9	0.365664	0.362139	0.353222	0.348988	0.370911	0.370352	0.483236	0.455422	0.450012	0.45088	0.448785	0.455403	0.376382	0.438509	0.37133	0.373343	0.374306	0.375177	0.35866	0.455833	0.361199	0.349643	0.351903	0.351882	0.476233	0.323379	0.321422	0.324614	0.319607	0.318775	0.462231	0.245442	0.249587	0.254208	0.239331	0	0.376599	0.373017	0.37872	0.349076	0.349873	0.35008	0.381935	0.358931	0.360491	0.354446	0.353993	0.351448	0.459848	0.461965	0.459377	0.480206	0.479789	0.478488	0.486361	0.464462	0.456512	0.458442	0.456968	0.463206	0.502311	0.475362	0.464639	0.465859	0.463657	0.474165	0.449132	0.451188	0.651987	0.447891	0.448144	0.448129	0.492333	0.466797	0.457836	0.459289	0.456677	0.466192	0.460818	0.475032	0.477555	0.4602	0.458431	0.45923	0.432113	0.428919	0.429568	0.431996	0.428932	0.429127	0.380745	0.332281	0.33331	0.330135	0.330269	0.328977
ERR607579-k20-n1-x5e9	0.431165	0.428436	0.415973	0.385208	0.441185	0.439895	0.428635	0.41938	0.424438	0.427858	0.428488	0.421135	0.399601	0.377005	0.371947	0.419991	0.419997	0.422576	0.341621	0.348564	0.309096	0.350546	0.358905	0.360231	0.417653	0.377967	0.369502	0.342792	0.374561	0.365882	0.455454	0.368621	0.362676	0.359186	0.378632	0.376599	0	0.238108	0.239003	0.264407	0.262798	0.262764	0.336406	0.351833	0.36239	0.371975	0.364515	0.361096	0.423308	0.433874	0.433992	0.409186	0.408694	0.409072	0.403094	0.39529	0.398176	0.400078	0.40136	0.39546	0.424322	0.407976	0.405222	0.40768	0.407634	0.408464	0.405328	0.443631	0.557979	0.415752	0.421346	0.419893	0.417107	0.406062	0.40643	0.410232	0.410975	0.406713	0.444069	0.503384	0.507398	0.458319	0.458222	0.457334	0.441213	0.424887	0.420025	0.416152	0.423204	0.42059	0.322906	0.328095	0.337497	0.334523	0.333764	0.334935
ERR607580-k20-n1-x5e9	0.424367	0.421807	0.409577	0.379215	0.434544	0.433217	0.430062	0.417488	0.421468	0.424496	0.425141	0.419594	0.393474	0.378734	0.366959	0.413181	0.413103	0.415652	0.335272	0.353258	0.304687	0.343972	0.35197	0.353265	0.423345	0.373199	0.365308	0.340995	0.370297	0.361935	0.460064	0.365197	0.359903	0.357589	0.374781	0.373017	0.238108	0	0.238735	0.258385	0.256915	0.25656	0.336308	0.347166	0.357019	0.366112	0.358977	0.355696	0.41949	0.429507	0.429729	0.407187	0.406626	0.407036	0.405228	0.394415	0.395959	0.397951	0.39904	0.394906	0.427424	0.408253	0.404348	0.406591	0.40621	0.408695	0.402473	0.438434	0.562471	0.411626	0.416893	0.415534	0.418806	0.405101	0.403889	0.407477	0.407982	0.405954	0.443221	0.498525	0.50244	0.455645	0.455728	0.455129	0.436878	0.421317	0.416402	0.412659	0.420672	0.418078	0.323714	0.322659	0.331351	0.328507	0.328231	0.329289
ERR607581-k20-n1-x5e9	0.430549	0.428201	0.416348	0.3833	0.441152	0.439828	0.42988	0.418654	0.423668	0.426914	0.427727	0.420923	0.395445	0.373674	0.367122	0.418049	0.418028	0.420572	0.339725	0.348686	0.307001	0.34996	0.358092	0.359392	0.421803	0.379029	0.370405	0.344685	0.376468	0.367944	0.459312	0.369272	0.363406	0.36107	0.380724	0.37872	0.239003	0.238735	0	0.264505	0.262774	0.262765	0.334369	0.348049	0.358703	0.36947	0.361724	0.358657	0.42543	0.435305	0.43574	0.409081	0.408778	0.409186	0.406411	0.396742	0.399414	0.401237	0.402649	0.397472	0.425992	0.407784	0.4053	0.407135	0.4075	0.408776	0.409289	0.444821	0.557825	0.417738	0.422966	0.42167	0.418534	0.406075	0.406197	0.409712	0.41075	0.406912	0.446703	0.503177	0.507075	0.458137	0.458193	0.457291	0.443041	0.427657	0.422744	0.418559	0.427867	0.425108	0.324452	0.327423	0.336431	0.33373	0.333329	0.334835
ERR607582-k20-n1-x5e9	0.377665	0.375406	0.365712	0.346372	0.387044	0.386226	0.4498	0.418042	0.413826	0.414214	0.41302	0.419845	0.360006	0.411257	0.348773	0.368089	0.368472	0.370178	0.302959	0.40168	0.295113	0.305183	0.310752	0.3115	0.465172	0.340219	0.336597	0.333227	0.341267	0.337036	0.495486	0.344816	0.345143	0.349423	0.349393	0.349076	0.264407	0.258385	0.264505	0	0.231834	0.231735	0.350527	0.328229	0.330591	0.331465	0.32894	0.326893	0.401121	0.406182	0.406385	0.410635	0.409664	0.409424	0.430301	0.403053	0.39521	0.396422	0.395663	0.402843	0.456088	0.423296	0.411521	0.412304	0.410482	0.423541	0.390777	0.407827	0.603413	0.390498	0.393356	0.392538	0.444117	0.413131	0.403957	0.40541	0.403472	0.413636	0.443942	0.467237	0.470364	0.444282	0.445132	0.44549	0.409475	0.399956	0.39671	0.394151	0.405166	0.402873	0.345795	0.299922	0.301509	0.300246	0.30076	0.300695
ERR607583-k20-n1-x5e9	0.379038	0.376832	0.367209	0.346824	0.388561	0.387579	0.448501	0.416882	0.412941	0.413421	0.412215	0.418818	0.359835	0.409046	0.347727	0.368919	0.369036	0.370854	0.302483	0.39918	0.293489	0.305346	0.311214	0.311811	0.464044	0.341356	0.337404	0.333441	0.342264	0.337783	0.494352	0.345199	0.345386	0.349371	0.350209	0.349873	0.262798	0.256915	0.262774	0.231834	0	0.231791	0.349573	0.328181	0.330705	0.332039	0.329329	0.327041	0.401067	0.406228	0.406428	0.409262	0.408408	0.408025	0.428925	0.401899	0.394305	0.395476	0.394857	0.401862	0.454654	0.422	0.410443	0.411063	0.409363	0.422274	0.390873	0.408238	0.601562	0.390623	0.393409	0.392587	0.442682	0.411628	0.402691	0.404099	0.402392	0.412135	0.443385	0.467448	0.470621	0.443957	0.44482	0.444961	0.410162	0.400502	0.397069	0.394356	0.405656	0.403305	0.345014	0.300283	0.302149	0.300834	0.301297	0.301298
ERR607584-k20-n1-x5e9	0.379415	0.377334	0.367387	0.347415	0.388945	0.388136	0.448596	0.417418	0.413331	0.413749	0.412725	0.419127	0.360582	0.409408	0.348407	0.369466	0.369643	0.371428	0.303222	0.399555	0.294541	0.306013	0.311931	0.312604	0.46379	0.341428	0.33767	0.333479	0.342524	0.337912	0.494152	0.345378	0.345531	0.349568	0.350259	0.35008	0.262764	0.25656	0.262765	0.231735	0.231791	0	0.349824	0.32871	0.331453	0.332527	0.330037	0.327758	0.40132	0.406404	0.406732	0.409696	0.408999	0.40838	0.428814	0.401922	0.394462	0.395588	0.395011	0.401956	0.454777	0.42225	0.410769	0.4116	0.4098	0.422623	0.390688	0.408661	0.60159	0.390908	0.393651	0.392854	0.442691	0.412109	0.402966	0.404554	0.402643	0.412529	0.44345	0.468116	0.471195	0.444262	0.445237	0.445633	0.410331	0.400433	0.397076	0.394404	0.405539	0.403116	0.34483	0.300477	0.30218	0.300866	0.30148	0.301442
ERR608457-k20-n1-x5e9	0.427856	0.42567	0.413514	0.381726	0.437338	0.436041	0.440564	0.439696	0.448286	0.451774	0.453347	0.440838	0.389074	0.34269	0.356765	0.413249	0.41346	0.415679	0.363676	0.356209	0.338437	0.369142	0.374605	0.375774	0.416337	0.389172	0.380818	0.354287	0.386232	0.378699	0.449538	0.372239	0.363848	0.361075	0.385047	0.381935	0.336406	0.336308	0.334369	0.350527	0.349573	0.349824	0	0.287809	0.305029	0.323311	0.311111	0.308455	0.475732	0.482248	0.481533	0.462414	0.462394	0.462719	0.445394	0.442683	0.446659	0.447588	0.448681	0.442237	0.442635	0.432413	0.434046	0.435372	0.436393	0.431871	0.461382	0.480971	0.573671	0.465342	0.468416	0.467579	0.442241	0.438837	0.443703	0.445868	0.448158	0.439351	0.47503	0.52166	0.525217	0.481621	0.481539	0.479855	0.479672	0.471	0.467952	0.466887	0.47229	0.470921	0.304379	0.327396	0.338865	0.336794	0.335027	0.337583
