	ERR608335-k20-n1-x5e9	ERR608336-k20-n1-x5e9	ERR608337-k20-n1-x5e9	ERR608338-k20-n1-x5e9	ERR608339-k20-n1-x5e9	ERR608340-k20-n1-x5e9	ERR608203-k20-n1-x5e9	ERR608204-k20-n1-x5e9	ERR608205-k20-n1-x5e9	ERR608206-k20-n1-x5e9	ERR608207-k20-n1-x5e9	ERR608208-k20-n1-x5e9	ERR608173-k20-n1-x5e9	ERR608174-k20-n1-x5e9	ERR608175-k20-n1-x5e9	ERR608176-k20-n1-x5e9	ERR608177-k20-n1-x5e9	ERR608178-k20-n1-x5e9	ERR607457-k20-n1-x5e9	ERR607458-k20-n1-x5e9	ERR607459-k20-n1-x5e9	ERR607460-k20-n1-x5e9	ERR607461-k20-n1-x5e9	ERR607462-k20-n1-x5e9	ERR605581-k20-n1-x5e9	ERR605582-k20-n1-x5e9	ERR605583-k20-n1-x5e9	ERR605584-k20-n1-x5e9	ERR605585-k20-n1-x5e9	ERR605586-k20-n1-x5e9	ERR608823-k20-n1-x5e9	ERR608824-k20-n1-x5e9	ERR608825-k20-n1-x5e9	ERR608826-k20-n1-x5e9	ERR608827-k20-n1-x5e9	ERR608828-k20-n1-x5e9	ERR605339-k20-n1-x5e9	ERR605340-k20-n1-x5e9	ERR605341-k20-n1-x5e9	ERR605342-k20-n1-x5e9	ERR605343-k20-n1-x5e9	ERR605344-k20-n1-x5e9	ERR606722-k20-n1-x5e9	ERR606723-k20-n1-x5e9	ERR606724-k20-n1-x5e9	ERR606725-k20-n1-x5e9	ERR606726-k20-n1-x5e9	ERR606727-k20-n1-x5e9	ERR607989-k20-n1-x5e9	ERR607990-k20-n1-x5e9	ERR607991-k20-n1-x5e9	ERR607992-k20-n1-x5e9	ERR607993-k20-n1-x5e9	ERR607994-k20-n1-x5e9	ERR608567-k20-n1-x5e9	ERR608568-k20-n1-x5e9	ERR608569-k20-n1-x5e9	ERR608570-k20-n1-x5e9	ERR608571-k20-n1-x5e9	ERR608572-k20-n1-x5e9	ERR607415-k20-n1-x5e9	ERR607416-k20-n1-x5e9	ERR607417-k20-n1-x5e9	ERR607418-k20-n1-x5e9	ERR607419-k20-n1-x5e9	ERR607420-k20-n1-x5e9	ERR608305-k20-n1-x5e9	ERR608306-k20-n1-x5e9	ERR608307-k20-n1-x5e9	ERR608308-k20-n1-x5e9	ERR608309-k20-n1-x5e9	ERR608310-k20-n1-x5e9	ERR607983-k20-n1-x5e9	ERR607984-k20-n1-x5e9	ERR607985-k20-n1-x5e9	ERR607986-k20-n1-x5e9	ERR607987-k20-n1-x5e9	ERR607988-k20-n1-x5e9	ERR605653-k20-n1-x5e9	ERR605654-k20-n1-x5e9	ERR605655-k20-n1-x5e9	ERR605656-k20-n1-x5e9	ERR605657-k20-n1-x5e9	ERR605658-k20-n1-x5e9	ERR608507-k20-n1-x5e9	ERR608508-k20-n1-x5e9	ERR608509-k20-n1-x5e9	ERR608510-k20-n1-x5e9	ERR608511-k20-n1-x5e9	ERR608512-k20-n1-x5e9	ERR605695-k20-n1-x5e9	ERR605696-k20-n1-x5e9	ERR605697-k20-n1-x5e9	ERR605698-k20-n1-x5e9	ERR605699-k20-n1-x5e9	ERR605700-k20-n1-x5e9
ERR608335-k20-n1-x5e9	0	0.328072	0.348394	0.353414	0.34357	0.335883	0.491897	0.554995	0.580823	0.610026	0.610143	0.607729	0.452896	0.513907	0.538155	0.49905	0.493756	0.485548	0.400534	0.405667	0.40077	0.423207	0.423756	0.426484	0.434648	0.421283	0.408969	0.413435	0.416309	0.412621	0.352797	0.43818	0.454986	0.437461	0.435883	0.436524	0.572316	0.41905	0.551278	0.545822	0.548396	0.54604	0.440592	0.423617	0.413726	0.393128	0.42938	0.424983	0.555745	0.59187	0.514261	0.569082	0.574066	0.572608	0.516242	0.544201	0.561021	0.555791	0.553233	0.544773	0.452907	0.460531	0.457303	0.521307	0.519637	0.519176	0.493206	0.499451	0.507724	0.506889	0.505677	0.499835	0.59323	0.598608	0.597828	0.561565	0.563236	0.559448	0.542632	0.526667	0.522459	0.521008	0.515964	0.514887	0.539361	0.547849	0.545698	0.493968	0.497385	0.492749	0.593769	0.578539	0.573096	0.555177	0.527851	0.532695
ERR608336-k20-n1-x5e9	0.328072	0	0.262036	0.266294	0.262536	0.262677	0.394568	0.455032	0.482273	0.517614	0.517835	0.51495	0.367649	0.415546	0.438498	0.403135	0.398403	0.39108	0.335463	0.337364	0.332947	0.345879	0.345808	0.34825	0.372477	0.368965	0.359225	0.360469	0.364659	0.360693	0.330492	0.34887	0.360942	0.347448	0.346232	0.347021	0.489126	0.36379	0.469594	0.461294	0.464018	0.461677	0.49969	0.362829	0.35818	0.357953	0.371977	0.369956	0.49677	0.518775	0.528873	0.499647	0.503305	0.502272	0.476594	0.482278	0.493983	0.489378	0.487746	0.484195	0.364866	0.370688	0.365958	0.428203	0.426526	0.426093	0.485689	0.462424	0.460211	0.460129	0.46018	0.462184	0.53442	0.536318	0.537329	0.511693	0.513507	0.510307	0.47463	0.463319	0.460785	0.459769	0.463265	0.461113	0.474115	0.479068	0.47917	0.438968	0.441931	0.439047	0.524911	0.512194	0.508133	0.49062	0.482271	0.484164
ERR608337-k20-n1-x5e9	0.348394	0.262036	0	0.260033	0.260103	0.263338	0.374592	0.431248	0.457855	0.494324	0.494405	0.491559	0.355583	0.395013	0.41618	0.384331	0.379981	0.373383	0.332242	0.33273	0.32926	0.336785	0.336453	0.337838	0.367175	0.367315	0.358666	0.359297	0.362782	0.359126	0.338719	0.334299	0.343668	0.332946	0.331981	0.332804	0.470078	0.362327	0.451752	0.442782	0.445475	0.443284	0.51581	0.358823	0.357066	0.363668	0.36898	0.367755	0.486815	0.503116	0.540965	0.486018	0.489273	0.488286	0.475869	0.473777	0.482939	0.478643	0.477289	0.47579	0.349752	0.354077	0.349577	0.407406	0.405506	0.405089	0.491649	0.462189	0.45768	0.457533	0.457859	0.461896	0.524218	0.52445	0.526101	0.506118	0.507898	0.504969	0.46412	0.455215	0.453413	0.452911	0.458579	0.456605	0.463119	0.466417	0.467603	0.434104	0.436741	0.434597	0.511028	0.499621	0.496386	0.479888	0.478471	0.479046
ERR608338-k20-n1-x5e9	0.353414	0.266294	0.260033	0	0.256397	0.260646	0.363861	0.420437	0.446789	0.480492	0.480742	0.477952	0.353159	0.390109	0.410303	0.377443	0.373208	0.367886	0.324899	0.325052	0.323378	0.327651	0.327923	0.328646	0.353808	0.355019	0.348745	0.347713	0.35112	0.348589	0.334463	0.32419	0.333038	0.322318	0.32158	0.321951	0.452875	0.354121	0.434403	0.425956	0.428683	0.426391	0.514198	0.347869	0.346956	0.355871	0.355335	0.354852	0.471957	0.489467	0.545188	0.472407	0.475538	0.4746	0.468995	0.465404	0.47347	0.470179	0.468961	0.46681	0.33668	0.341556	0.337528	0.392577	0.390824	0.390536	0.489845	0.460994	0.455225	0.456115	0.456326	0.459738	0.512232	0.512913	0.513958	0.497153	0.498379	0.495947	0.455535	0.447106	0.44607	0.446912	0.448166	0.446743	0.450957	0.454844	0.455256	0.427242	0.429072	0.427518	0.497168	0.485561	0.482825	0.467786	0.465241	0.465572
ERR608339-k20-n1-x5e9	0.34357	0.262536	0.260103	0.256397	0	0.258154	0.373703	0.432228	0.459118	0.493136	0.493272	0.490482	0.357791	0.399253	0.420482	0.386321	0.381859	0.375682	0.326238	0.326972	0.32449	0.332057	0.33199	0.333549	0.357293	0.356827	0.349402	0.349311	0.352966	0.349849	0.332066	0.332348	0.342494	0.330397	0.3295	0.32998	0.46423	0.354407	0.445146	0.436529	0.439409	0.437025	0.507301	0.350515	0.34793	0.353396	0.358262	0.356891	0.478857	0.498803	0.538155	0.480628	0.484003	0.483063	0.47	0.470214	0.479681	0.475942	0.474623	0.471692	0.345114	0.350348	0.346065	0.404064	0.40224	0.401874	0.487742	0.46097	0.456485	0.457034	0.457076	0.459878	0.518574	0.519787	0.520847	0.500756	0.502087	0.499431	0.46164	0.452162	0.450605	0.450966	0.452308	0.450796	0.457796	0.462044	0.462221	0.429924	0.432179	0.4298	0.505911	0.493792	0.490561	0.474784	0.469059	0.470236
ERR608340-k20-n1-x5e9	0.335883	0.262677	0.263338	0.260646	0.258154	0	0.383133	0.443085	0.469977	0.503133	0.503337	0.50066	0.364442	0.409303	0.430805	0.394727	0.39002	0.383591	0.327932	0.329084	0.32603	0.335674	0.335984	0.337378	0.359043	0.356132	0.349127	0.349529	0.352964	0.349652	0.328755	0.338808	0.350328	0.337142	0.335821	0.336408	0.472277	0.354162	0.452708	0.444682	0.447615	0.445047	0.499772	0.351448	0.347682	0.349838	0.358316	0.356874	0.48368	0.505883	0.533759	0.487059	0.49072	0.489592	0.471228	0.474796	0.48508	0.481609	0.479765	0.476272	0.351933	0.357499	0.353239	0.413704	0.411645	0.411162	0.486454	0.462264	0.458888	0.459608	0.459466	0.461438	0.523571	0.525256	0.52595	0.504062	0.505341	0.502563	0.466622	0.456124	0.454753	0.455246	0.454933	0.453316	0.463195	0.468106	0.467868	0.433308	0.435466	0.433181	0.511715	0.498783	0.495954	0.479648	0.470796	0.4725
ERR608203-k20-n1-x5e9	0.491897	0.394568	0.374592	0.363861	0.373703	0.383133	0	0.276996	0.297737	0.331033	0.331069	0.328155	0.328547	0.310026	0.313496	0.304591	0.304422	0.307884	0.375628	0.370784	0.373669	0.356048	0.355759	0.354105	0.382705	0.397537	0.4005	0.395582	0.397569	0.396905	0.42056	0.332857	0.325597	0.330872	0.331753	0.331359	0.388325	0.417105	0.385198	0.37743	0.378412	0.37796	0.610346	0.398256	0.406931	0.436511	0.403846	0.407948	0.490504	0.471118	0.641422	0.473751	0.472027	0.472261	0.523169	0.489668	0.485182	0.485295	0.485557	0.491131	0.325363	0.323462	0.321281	0.331084	0.329479	0.330222	0.543732	0.50096	0.485895	0.488029	0.489245	0.498152	0.529804	0.52294	0.525417	0.542601	0.54271	0.542274	0.445486	0.449117	0.452514	0.456825	0.460515	0.459257	0.478064	0.473986	0.476544	0.487594	0.487274	0.488442	0.477694	0.474538	0.477316	0.471714	0.495289	0.491073
ERR608204-k20-n1-x5e9	0.554995	0.455032	0.431248	0.420437	0.432228	0.443085	0.276996	0	0.251593	0.275375	0.275622	0.273091	0.376505	0.324534	0.311299	0.327883	0.331038	0.339532	0.42911	0.422973	0.426637	0.402433	0.401941	0.399634	0.428934	0.448068	0.453495	0.447385	0.448581	0.448705	0.481189	0.37316	0.358152	0.371274	0.373246	0.372279	0.375268	0.465728	0.382993	0.374998	0.375114	0.375825	0.659075	0.446535	0.457455	0.491455	0.450791	0.455821	0.501517	0.463883	0.683535	0.476108	0.472159	0.472797	0.556135	0.509978	0.498738	0.500687	0.502172	0.51179	0.361932	0.356338	0.355638	0.331343	0.330924	0.331452	0.585546	0.538839	0.520688	0.523079	0.524655	0.535911	0.536557	0.526107	0.52974	0.562784	0.562423	0.562899	0.464917	0.476181	0.481042	0.486903	0.492747	0.491843	0.491536	0.483125	0.487404	0.517217	0.516037	0.518739	0.475701	0.478804	0.483867	0.484464	0.522171	0.515684
ERR608205-k20-n1-x5e9	0.580823	0.482273	0.457855	0.446789	0.459118	0.469977	0.297737	0.251593	0	0.261178	0.26114	0.259481	0.401531	0.341993	0.323464	0.347223	0.351161	0.360839	0.453302	0.446919	0.4512	0.425062	0.424917	0.422197	0.450263	0.470155	0.476384	0.470087	0.471081	0.471375	0.506568	0.395379	0.378716	0.393492	0.395664	0.39459	0.376801	0.48781	0.388357	0.381293	0.380778	0.38206	0.678479	0.468574	0.480077	0.514897	0.472287	0.47769	0.510062	0.466399	0.702015	0.482246	0.477467	0.478214	0.572539	0.523159	0.509679	0.512345	0.514085	0.525089	0.383153	0.376555	0.376509	0.341657	0.341397	0.341843	0.604164	0.557239	0.538224	0.540764	0.542285	0.554057	0.543512	0.53195	0.535721	0.575456	0.574575	0.575606	0.478079	0.491606	0.496749	0.503543	0.509185	0.50846	0.502319	0.492622	0.49736	0.53425	0.532557	0.535464	0.479943	0.485268	0.491287	0.494753	0.536337	0.529105
ERR608206-k20-n1-x5e9	0.610026	0.517614	0.494324	0.480492	0.493136	0.503133	0.331033	0.275375	0.261178	0	0.241563	0.241874	0.441429	0.381351	0.359612	0.381848	0.386263	0.39808	0.4802	0.473868	0.479909	0.451146	0.451102	0.447974	0.468738	0.489594	0.498304	0.49114	0.491058	0.492139	0.532367	0.42166	0.405135	0.420502	0.42269	0.421589	0.366632	0.510496	0.382454	0.380021	0.378789	0.380373	0.692624	0.489017	0.501633	0.536108	0.489194	0.495055	0.508008	0.461705	0.724644	0.481891	0.47648	0.477448	0.588601	0.538516	0.52259	0.527595	0.529369	0.540141	0.406126	0.39916	0.401887	0.351904	0.352549	0.35272	0.624879	0.580948	0.561506	0.565185	0.566381	0.577069	0.543292	0.531718	0.534213	0.587191	0.585184	0.587101	0.496572	0.512349	0.517997	0.52733	0.526279	0.526695	0.509493	0.49905	0.502489	0.554441	0.552089	0.555486	0.478321	0.486615	0.493696	0.504776	0.546512	0.539033
ERR608207-k20-n1-x5e9	0.610143	0.517835	0.494405	0.480742	0.493272	0.503337	0.331069	0.275622	0.26114	0.241563	0	0.241723	0.44191	0.382132	0.360443	0.382525	0.38681	0.398496	0.480101	0.473733	0.479842	0.450919	0.450997	0.447875	0.468293	0.489267	0.498013	0.490801	0.49069	0.491744	0.532428	0.421754	0.405259	0.420604	0.422856	0.421611	0.365698	0.510151	0.381643	0.379067	0.377943	0.379515	0.692482	0.48864	0.501238	0.535694	0.488769	0.494578	0.507185	0.460925	0.724476	0.4811	0.475685	0.476535	0.588275	0.538184	0.522155	0.527216	0.529045	0.539771	0.405933	0.398901	0.401659	0.351469	0.352078	0.352315	0.624725	0.580901	0.561574	0.565124	0.566412	0.577114	0.542701	0.531001	0.533534	0.586768	0.584713	0.586647	0.496502	0.512171	0.517935	0.527325	0.526125	0.52663	0.508812	0.498367	0.501767	0.554201	0.551682	0.55513	0.477667	0.486006	0.493186	0.504237	0.546112	0.538526
ERR608208-k20-n1-x5e9	0.607729	0.51495	0.491559	0.477952	0.490482	0.50066	0.328155	0.273091	0.259481	0.241874	0.241723	0	0.43851	0.378541	0.357141	0.379372	0.383529	0.395141	0.477508	0.471272	0.477343	0.448621	0.448668	0.445365	0.466523	0.487377	0.496074	0.488922	0.488871	0.489864	0.529904	0.419129	0.402611	0.418037	0.420222	0.419025	0.366059	0.508326	0.381546	0.378843	0.377659	0.37917	0.690867	0.486759	0.499273	0.533828	0.487025	0.492925	0.507008	0.460945	0.722753	0.480826	0.475409	0.476341	0.586646	0.53667	0.520875	0.525631	0.52745	0.538193	0.403689	0.39663	0.399177	0.349801	0.350495	0.350821	0.622758	0.578636	0.559228	0.562759	0.563998	0.574802	0.542374	0.5307	0.533375	0.585548	0.583587	0.585559	0.49464	0.51021	0.515858	0.525157	0.524442	0.524712	0.507923	0.497529	0.501208	0.552481	0.55004	0.553485	0.477182	0.485473	0.492459	0.503007	0.544884	0.537415
ERR608173-k20-n1-x5e9	0.452896	0.367649	0.355583	0.353159	0.357791	0.364442	0.328547	0.376505	0.401531	0.441429	0.44191	0.43851	0	0.290119	0.310978	0.284988	0.281307	0.275927	0.374632	0.372133	0.369992	0.368259	0.367144	0.368218	0.396282	0.403821	0.39938	0.397341	0.401596	0.398322	0.391793	0.346972	0.348967	0.343827	0.343882	0.344258	0.467399	0.432835	0.461332	0.452132	0.453591	0.452825	0.594777	0.413988	0.416815	0.433634	0.424229	0.425572	0.545052	0.53071	0.625983	0.530479	0.529489	0.529607	0.538553	0.521331	0.52467	0.520306	0.519786	0.52257	0.362946	0.365235	0.359	0.402297	0.39997	0.400688	0.519784	0.482352	0.473417	0.473015	0.474482	0.480868	0.580547	0.574819	0.577108	0.578439	0.580031	0.577943	0.456759	0.452111	0.453404	0.450743	0.463537	0.460435	0.527392	0.525201	0.527888	0.511894	0.513711	0.512725	0.531097	0.525226	0.526478	0.512908	0.528038	0.525994
ERR608174-k20-n1-x5e9	0.513907	0.415546	0.395013	0.390109	0.399253	0.409303	0.310026	0.324534	0.341993	0.381351	0.382132	0.378541	0.290119	0	0.262975	0.265331	0.266142	0.268056	0.409362	0.404463	0.40459	0.391562	0.390356	0.389776	0.42193	0.436319	0.435824	0.431504	0.434858	0.432809	0.443951	0.359016	0.350121	0.355644	0.3571	0.356966	0.43703	0.463914	0.43954	0.42923	0.429911	0.430054	0.641595	0.442771	0.449948	0.475615	0.452444	0.455422	0.54264	0.509707	0.663643	0.518442	0.515123	0.51569	0.558231	0.52475	0.52107	0.518386	0.519291	0.526587	0.368999	0.367005	0.361634	0.375328	0.373572	0.374108	0.555322	0.509341	0.494656	0.494885	0.497012	0.507726	0.574977	0.565345	0.569214	0.586013	0.587144	0.586236	0.455377	0.458982	0.462414	0.461764	0.477659	0.474806	0.525917	0.519203	0.523902	0.526554	0.527539	0.52795	0.514892	0.514488	0.518074	0.509373	0.539947	0.535572
ERR608175-k20-n1-x5e9	0.538155	0.438498	0.41618	0.410303	0.420482	0.430805	0.313496	0.311299	0.323464	0.359612	0.360443	0.357141	0.310978	0.262975	0	0.271931	0.274538	0.279707	0.427029	0.421374	0.422262	0.405632	0.404648	0.40355	0.435238	0.45143	0.452522	0.447677	0.450424	0.448979	0.466607	0.371419	0.35943	0.368183	0.369765	0.369669	0.427574	0.478799	0.43368	0.423373	0.423934	0.424452	0.658837	0.457011	0.465379	0.493905	0.465834	0.469651	0.542724	0.503372	0.67924	0.515607	0.511477	0.51225	0.567359	0.528715	0.522233	0.520564	0.521773	0.530489	0.377796	0.374435	0.369961	0.370494	0.369036	0.3697	0.570342	0.522932	0.506513	0.507276	0.509368	0.520796	0.573881	0.563069	0.567143	0.590262	0.591144	0.590545	0.459469	0.466422	0.47053	0.471255	0.486611	0.484033	0.527228	0.518967	0.524299	0.534853	0.535184	0.53624	0.509804	0.511567	0.51603	0.509925	0.545079	0.539888
ERR608176-k20-n1-x5e9	0.49905	0.403135	0.384331	0.377443	0.386321	0.394727	0.304591	0.327883	0.347223	0.381848	0.382525	0.379372	0.284988	0.265331	0.271931	0	0.26034	0.262797	0.393751	0.388981	0.389846	0.377056	0.376157	0.375541	0.40359	0.417467	0.417853	0.413399	0.41658	0.414971	0.427368	0.347318	0.340446	0.343849	0.344657	0.344387	0.427964	0.448019	0.428536	0.419583	0.420322	0.420355	0.624363	0.425714	0.432707	0.457111	0.433538	0.436417	0.530439	0.503305	0.653473	0.509896	0.507299	0.507761	0.546073	0.515928	0.513118	0.511188	0.511599	0.517571	0.355353	0.354223	0.350043	0.367309	0.365612	0.366275	0.544008	0.500313	0.486198	0.487245	0.488962	0.498233	0.565542	0.557113	0.560043	0.576158	0.576996	0.57596	0.449044	0.450841	0.45454	0.455152	0.465772	0.46356	0.5157	0.510211	0.513702	0.516556	0.517349	0.517565	0.506447	0.504463	0.508146	0.500028	0.525289	0.521338
ERR608177-k20-n1-x5e9	0.493756	0.398403	0.379981	0.373208	0.381859	0.39002	0.304422	0.331038	0.351161	0.386263	0.38681	0.383529	0.281307	0.266142	0.274538	0.26034	0	0.261725	0.38975	0.385305	0.385579	0.373758	0.372822	0.372277	0.400258	0.413368	0.413695	0.409497	0.412666	0.410783	0.422436	0.345038	0.339266	0.341756	0.34264	0.34237	0.429233	0.444099	0.42899	0.420008	0.420978	0.420753	0.620251	0.421858	0.428821	0.452731	0.429992	0.432747	0.529368	0.503797	0.64979	0.509686	0.507229	0.507688	0.543627	0.514484	0.512224	0.510095	0.510346	0.51611	0.353557	0.352471	0.348131	0.368281	0.366407	0.367007	0.54029	0.497089	0.483171	0.484451	0.485815	0.495152	0.564754	0.556686	0.559434	0.574259	0.575194	0.574032	0.447461	0.448854	0.452196	0.452627	0.463152	0.460847	0.514546	0.509406	0.51279	0.514199	0.514982	0.515208	0.506392	0.503997	0.507417	0.498824	0.522891	0.519065
ERR608178-k20-n1-x5e9	0.485548	0.39108	0.373383	0.367886	0.375682	0.383591	0.307884	0.339532	0.360839	0.39808	0.398496	0.395141	0.275927	0.268056	0.279707	0.262797	0.261725	0	0.385598	0.381354	0.381302	0.371436	0.370386	0.370079	0.399389	0.411422	0.410848	0.406907	0.410319	0.408196	0.416437	0.344606	0.339788	0.340853	0.341676	0.341415	0.437664	0.441186	0.435997	0.426718	0.427716	0.427422	0.615537	0.419724	0.425994	0.448388	0.428616	0.43113	0.532857	0.509122	0.64413	0.513666	0.511429	0.511859	0.54195	0.514864	0.513869	0.510932	0.511021	0.516358	0.354366	0.353932	0.348722	0.374755	0.372577	0.37333	0.535962	0.49324	0.480153	0.480643	0.482375	0.491295	0.567784	0.559903	0.562846	0.574609	0.575703	0.574281	0.448552	0.44858	0.451702	0.451101	0.462898	0.460256	0.516669	0.511854	0.515361	0.512713	0.513762	0.513717	0.511496	0.508321	0.511289	0.501336	0.524023	0.520519
ERR607457-k20-n1-x5e9	0.400534	0.335463	0.332242	0.324899	0.326238	0.327932	0.375628	0.42911	0.453302	0.4802	0.480101	0.477508	0.374632	0.409362	0.427029	0.393751	0.38975	0.385598	0	0.262514	0.263395	0.267796	0.267979	0.269098	0.341933	0.342663	0.339503	0.33916	0.341401	0.339466	0.344939	0.338447	0.347485	0.337764	0.336645	0.337085	0.434423	0.347241	0.415235	0.409516	0.411685	0.409578	0.501847	0.329047	0.329576	0.340227	0.334242	0.334044	0.463652	0.48428	0.551646	0.467747	0.470859	0.470017	0.46776	0.466931	0.474135	0.472764	0.471107	0.467876	0.322859	0.327783	0.326161	0.375521	0.37371	0.373632	0.486737	0.461533	0.455754	0.458423	0.457574	0.459936	0.50818	0.509629	0.509749	0.498585	0.499405	0.497156	0.45492	0.446417	0.445099	0.448603	0.442607	0.441856	0.453988	0.458385	0.457139	0.438035	0.438699	0.437552	0.489538	0.477284	0.4744	0.461997	0.453869	0.454567
ERR607458-k20-n1-x5e9	0.405667	0.337364	0.33273	0.325052	0.326972	0.329084	0.370784	0.422973	0.446919	0.473868	0.473733	0.471272	0.372133	0.404463	0.421374	0.388981	0.385305	0.381354	0.262514	0	0.263437	0.265423	0.265388	0.266171	0.341273	0.342938	0.340196	0.339279	0.34131	0.339854	0.348303	0.335365	0.34358	0.334341	0.333576	0.333783	0.429223	0.347517	0.410499	0.404614	0.406794	0.404785	0.506376	0.328492	0.329932	0.342623	0.333591	0.333955	0.46109	0.479538	0.555015	0.463934	0.466788	0.466157	0.467759	0.46437	0.471007	0.469829	0.468004	0.465608	0.319183	0.323577	0.322081	0.369644	0.367942	0.367964	0.488655	0.461662	0.45525	0.457784	0.457282	0.460029	0.505456	0.506444	0.506578	0.49744	0.498148	0.495985	0.451936	0.444281	0.442984	0.446594	0.441386	0.440707	0.451263	0.455133	0.454107	0.437029	0.437753	0.436774	0.485497	0.473969	0.471172	0.459138	0.453321	0.453928
ERR607459-k20-n1-x5e9	0.40077	0.332947	0.32926	0.323378	0.32449	0.32603	0.373669	0.426637	0.4512	0.479909	0.479842	0.477343	0.369992	0.40459	0.422262	0.389846	0.385579	0.381302	0.263395	0.263437	0	0.268043	0.267914	0.269436	0.344056	0.345007	0.341456	0.340902	0.343439	0.341194	0.347317	0.33818	0.346867	0.337124	0.335959	0.336475	0.436648	0.347901	0.418139	0.411543	0.413796	0.411785	0.506415	0.331652	0.332552	0.343493	0.338379	0.338033	0.46777	0.486207	0.551486	0.470342	0.473197	0.472416	0.469626	0.467371	0.474787	0.473216	0.471491	0.468991	0.323528	0.328434	0.325891	0.37636	0.37453	0.374359	0.487231	0.460523	0.454573	0.456766	0.456417	0.459175	0.511148	0.512035	0.512378	0.50047	0.501485	0.499255	0.454182	0.445779	0.444626	0.44745	0.444002	0.443257	0.456406	0.460196	0.459438	0.438659	0.439648	0.438418	0.49159	0.479784	0.476957	0.463593	0.457806	0.458424
ERR607460-k20-n1-x5e9	0.423207	0.345879	0.336785	0.327651	0.332057	0.335674	0.356048	0.402433	0.425062	0.451146	0.450919	0.448621	0.368259	0.391562	0.405632	0.377056	0.373758	0.371436	0.267796	0.265423	0.268043	0	0.25852	0.258685	0.340635	0.346483	0.345239	0.342975	0.3449	0.343726	0.359095	0.326128	0.331186	0.325366	0.324425	0.324808	0.408335	0.35111	0.391187	0.384749	0.386881	0.385195	0.522194	0.329428	0.333892	0.352575	0.334515	0.335712	0.44897	0.462415	0.567469	0.448849	0.450981	0.450476	0.468566	0.456516	0.460214	0.460013	0.458633	0.458232	0.306312	0.309493	0.308419	0.347921	0.346227	0.346182	0.495964	0.464263	0.454927	0.457937	0.457462	0.462272	0.493398	0.493261	0.493884	0.491378	0.491819	0.490273	0.443856	0.439043	0.438475	0.443044	0.439202	0.438903	0.439649	0.441953	0.441641	0.433529	0.433906	0.433924	0.471072	0.461109	0.458965	0.448803	0.450284	0.449491
ERR607461-k20-n1-x5e9	0.423756	0.345808	0.336453	0.327923	0.33199	0.335984	0.355759	0.401941	0.424917	0.451102	0.450997	0.448668	0.367144	0.390356	0.404648	0.376157	0.372822	0.370386	0.267979	0.265388	0.267914	0.25852	0	0.258554	0.340209	0.346288	0.344943	0.342866	0.344625	0.343528	0.359834	0.326195	0.331021	0.325312	0.324497	0.324578	0.408342	0.350558	0.391192	0.384739	0.386746	0.385058	0.522733	0.32956	0.333545	0.352841	0.334803	0.33584	0.450357	0.463534	0.568006	0.450163	0.452359	0.451818	0.469852	0.457537	0.46131	0.461016	0.459732	0.459375	0.306285	0.309108	0.307772	0.34777	0.346137	0.346128	0.497128	0.46489	0.455917	0.458508	0.457968	0.462959	0.494935	0.494626	0.495179	0.492759	0.493056	0.491746	0.444015	0.439252	0.438856	0.443188	0.439899	0.439501	0.440904	0.443097	0.442879	0.434443	0.434663	0.434732	0.472069	0.461955	0.460055	0.44954	0.451466	0.45072
ERR607462-k20-n1-x5e9	0.426484	0.34825	0.337838	0.328646	0.333549	0.337378	0.354105	0.399634	0.422197	0.447974	0.447875	0.445365	0.368218	0.389776	0.40355	0.375541	0.372277	0.370079	0.269098	0.266171	0.269436	0.258685	0.258554	0	0.339722	0.34652	0.345373	0.342946	0.344644	0.343515	0.361021	0.32472	0.32931	0.323966	0.323086	0.323201	0.404775	0.350765	0.387855	0.38146	0.383505	0.38167	0.524769	0.329544	0.333864	0.354104	0.334711	0.335694	0.446745	0.459519	0.569488	0.446388	0.44855	0.448041	0.468855	0.455354	0.458793	0.458399	0.457235	0.457008	0.30459	0.306827	0.306279	0.344903	0.342877	0.342913	0.497238	0.464543	0.455024	0.457977	0.457549	0.462672	0.491552	0.491143	0.491679	0.490669	0.491019	0.489689	0.441832	0.43743	0.437083	0.441723	0.438199	0.437802	0.43788	0.440081	0.439628	0.433272	0.433272	0.433388	0.468412	0.458486	0.456621	0.44657	0.449028	0.448218
ERR605581-k20-n1-x5e9	0.434648	0.372477	0.367175	0.353808	0.357293	0.359043	0.382705	0.428934	0.450263	0.468738	0.468293	0.466523	0.396282	0.42193	0.435238	0.40359	0.400258	0.399389	0.341933	0.341273	0.344056	0.340635	0.340209	0.339722	0	0.260682	0.265754	0.263125	0.262526	0.263511	0.376775	0.355597	0.362373	0.354928	0.354503	0.354471	0.397591	0.323291	0.377527	0.373298	0.375339	0.373218	0.515936	0.333748	0.33642	0.351879	0.333821	0.334915	0.471368	0.488849	0.591937	0.476187	0.478697	0.478035	0.496367	0.489052	0.492819	0.49369	0.492087	0.490028	0.341366	0.34499	0.345103	0.38005	0.378987	0.378917	0.521482	0.496848	0.489144	0.492868	0.492	0.493641	0.518382	0.519115	0.518451	0.52105	0.520318	0.519758	0.455743	0.449453	0.449639	0.456861	0.444022	0.444496	0.4655	0.468771	0.466811	0.465564	0.465109	0.465357	0.480771	0.469685	0.4684	0.461742	0.454055	0.453894
ERR605582-k20-n1-x5e9	0.421283	0.368965	0.367315	0.355019	0.356827	0.356132	0.397537	0.448068	0.470155	0.489594	0.489267	0.487377	0.403821	0.436319	0.45143	0.417467	0.413368	0.411422	0.342663	0.342938	0.345007	0.346483	0.346288	0.34652	0.260682	0	0.263269	0.26217	0.26176	0.262588	0.370371	0.366214	0.375612	0.365578	0.365125	0.364625	0.419114	0.321847	0.397815	0.393912	0.396129	0.393514	0.500862	0.335775	0.335791	0.344824	0.335132	0.335503	0.482505	0.50446	0.584039	0.489895	0.492878	0.492188	0.497881	0.497021	0.502912	0.503091	0.501377	0.497786	0.353576	0.358398	0.358189	0.399224	0.398092	0.397941	0.518244	0.498044	0.492277	0.49603	0.495059	0.495231	0.528987	0.530755	0.529672	0.526553	0.52603	0.525127	0.465618	0.457282	0.456932	0.464083	0.448663	0.449154	0.475924	0.480458	0.47799	0.469886	0.469495	0.469319	0.495076	0.482482	0.480631	0.472244	0.457286	0.458347
ERR605583-k20-n1-x5e9	0.408969	0.359225	0.358666	0.348745	0.349402	0.349127	0.4005	0.453495	0.476384	0.498304	0.498013	0.496074	0.39938	0.435824	0.452522	0.417853	0.413695	0.410848	0.339503	0.340196	0.341456	0.345239	0.344943	0.345373	0.265754	0.263269	0	0.261876	0.262609	0.261826	0.36192	0.364833	0.37515	0.36449	0.363629	0.363594	0.42883	0.320052	0.406971	0.402487	0.404594	0.402256	0.49359	0.334451	0.333763	0.341348	0.3372	0.336816	0.486723	0.509266	0.574316	0.494078	0.497246	0.496239	0.494872	0.496418	0.503689	0.502869	0.500962	0.497322	0.356151	0.361164	0.360451	0.405935	0.404686	0.404443	0.510886	0.491135	0.486494	0.489504	0.488591	0.488749	0.532183	0.534024	0.533229	0.526606	0.526515	0.52503	0.465157	0.455739	0.454104	0.45982	0.448234	0.448173	0.478348	0.483033	0.480943	0.467402	0.467371	0.467024	0.499866	0.487141	0.484312	0.474243	0.460238	0.461518
ERR605584-k20-n1-x5e9	0.413435	0.360469	0.359297	0.347713	0.349311	0.349529	0.395582	0.447385	0.470087	0.49114	0.490801	0.488922	0.397341	0.431504	0.447677	0.413399	0.409497	0.406907	0.33916	0.339279	0.340902	0.342975	0.342866	0.342946	0.263125	0.26217	0.261876	0	0.259631	0.259613	0.364021	0.361408	0.371003	0.360895	0.360226	0.360057	0.421699	0.32068	0.400385	0.39578	0.397995	0.395507	0.498912	0.334298	0.334154	0.343209	0.336096	0.335787	0.482296	0.503905	0.577664	0.489151	0.492092	0.491219	0.494283	0.493866	0.500331	0.499674	0.497998	0.49448	0.351977	0.356765	0.356184	0.399618	0.398256	0.398226	0.512323	0.4914	0.486134	0.489208	0.488328	0.48878	0.528161	0.529804	0.529119	0.524391	0.523991	0.522625	0.462506	0.453735	0.452238	0.458381	0.446219	0.446288	0.474509	0.47884	0.476742	0.465362	0.465344	0.464954	0.495213	0.483084	0.480253	0.470802	0.458006	0.459137
ERR605585-k20-n1-x5e9	0.416309	0.364659	0.362782	0.35112	0.352966	0.352964	0.397569	0.448581	0.471081	0.491058	0.49069	0.488871	0.401596	0.434858	0.450424	0.41658	0.412666	0.410319	0.341401	0.34131	0.343439	0.3449	0.344625	0.344644	0.262526	0.26176	0.262609	0.259631	0	0.259717	0.366259	0.363557	0.372878	0.362748	0.362204	0.362086	0.420402	0.321557	0.398834	0.394512	0.396679	0.394256	0.499209	0.335055	0.335151	0.344529	0.33583	0.335936	0.480735	0.502821	0.57988	0.487945	0.491086	0.490213	0.495151	0.494242	0.500844	0.500407	0.498796	0.495148	0.353196	0.35753	0.357618	0.399486	0.398316	0.397863	0.513988	0.493631	0.488361	0.491484	0.490495	0.490643	0.527058	0.528858	0.527883	0.524077	0.523543	0.522519	0.463792	0.455453	0.454248	0.460303	0.447228	0.447733	0.473556	0.478119	0.475811	0.46634	0.466017	0.465856	0.494577	0.48255	0.479826	0.47105	0.457897	0.459029
ERR605586-k20-n1-x5e9	0.412621	0.360693	0.359126	0.348589	0.349849	0.349652	0.396905	0.448705	0.471375	0.492139	0.491744	0.489864	0.398322	0.432809	0.448979	0.414971	0.410783	0.408196	0.339466	0.339854	0.341194	0.343726	0.343528	0.343515	0.263511	0.262588	0.261826	0.259613	0.259717	0	0.363672	0.362362	0.371941	0.361886	0.361224	0.361242	0.422071	0.321136	0.400732	0.396206	0.398395	0.396047	0.498875	0.335092	0.334809	0.343618	0.336686	0.336378	0.482259	0.504081	0.577217	0.489098	0.492275	0.491363	0.494799	0.49474	0.501313	0.500857	0.498975	0.495606	0.352691	0.357513	0.357098	0.400418	0.399158	0.398776	0.512394	0.491913	0.486739	0.489838	0.48891	0.489075	0.528404	0.529983	0.529231	0.524696	0.524332	0.522991	0.463588	0.454761	0.453536	0.459188	0.447268	0.447473	0.474749	0.479146	0.476985	0.465689	0.465515	0.465293	0.496003	0.48403	0.481388	0.472154	0.459467	0.460575
ERR608823-k20-n1-x5e9	0.352797	0.330492	0.338719	0.334463	0.332066	0.328755	0.42056	0.481189	0.506568	0.532367	0.532428	0.529904	0.391793	0.443951	0.466607	0.427368	0.422436	0.416437	0.344939	0.348303	0.347317	0.359095	0.359834	0.361021	0.376775	0.370371	0.36192	0.364021	0.366259	0.363672	0	0.331838	0.348668	0.3329	0.331339	0.331606	0.498282	0.39181	0.479553	0.475809	0.478106	0.476026	0.478329	0.372501	0.367924	0.362606	0.376301	0.374144	0.500651	0.525714	0.551129	0.509969	0.513415	0.512432	0.483978	0.497079	0.509287	0.505819	0.503803	0.497719	0.387265	0.39369	0.39227	0.447902	0.446507	0.44591	0.466371	0.457127	0.458589	0.459926	0.458911	0.455848	0.543459	0.54639	0.544933	0.529609	0.530326	0.527846	0.472353	0.45981	0.456579	0.458286	0.450095	0.449579	0.489829	0.496049	0.493852	0.464459	0.465904	0.463852	0.525537	0.512705	0.508563	0.495108	0.47782	0.480891
ERR608824-k20-n1-x5e9	0.43818	0.34887	0.334299	0.32419	0.332348	0.338808	0.332857	0.37316	0.395379	0.42166	0.421754	0.419129	0.346972	0.359016	0.371419	0.347318	0.345038	0.344606	0.338447	0.335365	0.33818	0.326128	0.326195	0.32472	0.355597	0.366214	0.364833	0.361408	0.363557	0.362362	0.331838	0	0.260232	0.260312	0.26066	0.260529	0.404696	0.388074	0.393197	0.387482	0.389256	0.388087	0.557368	0.359196	0.365326	0.388551	0.364078	0.366454	0.451348	0.449675	0.595115	0.444761	0.445055	0.444952	0.479725	0.457154	0.457723	0.457434	0.45673	0.459143	0.322196	0.323116	0.32205	0.351288	0.350015	0.349644	0.499499	0.460581	0.44884	0.451314	0.451985	0.458237	0.494144	0.490912	0.491647	0.503324	0.503504	0.502616	0.420951	0.420219	0.42085	0.425463	0.425337	0.424557	0.440019	0.439387	0.440193	0.444214	0.443977	0.4447	0.456441	0.450241	0.449694	0.442662	0.456848	0.454299
ERR608825-k20-n1-x5e9	0.454986	0.360942	0.343668	0.333038	0.342494	0.350328	0.325597	0.358152	0.378716	0.405135	0.405259	0.402611	0.348967	0.350121	0.35943	0.340446	0.339266	0.339788	0.347485	0.34358	0.346867	0.331186	0.331021	0.32931	0.362373	0.375612	0.37515	0.371003	0.372878	0.371941	0.348668	0.260232	0	0.261593	0.262232	0.261754	0.394796	0.395999	0.385324	0.378957	0.38061	0.379493	0.571521	0.367367	0.374549	0.401263	0.372567	0.375393	0.449539	0.441759	0.604876	0.439426	0.438947	0.438831	0.485048	0.456606	0.454498	0.454766	0.454625	0.458883	0.321755	0.321287	0.32031	0.341113	0.339821	0.339657	0.508564	0.466705	0.453281	0.45568	0.456429	0.464444	0.491271	0.486759	0.488053	0.504423	0.504364	0.503905	0.418781	0.420377	0.421664	0.426602	0.428775	0.428007	0.437711	0.435455	0.437026	0.446822	0.446591	0.447609	0.450161	0.445539	0.445566	0.439815	0.459764	0.456481
ERR608826-k20-n1-x5e9	0.437461	0.347448	0.332946	0.322318	0.330397	0.337142	0.330872	0.371274	0.393492	0.420502	0.420604	0.418037	0.343827	0.355644	0.368183	0.343849	0.341756	0.340853	0.337764	0.334341	0.337124	0.325366	0.325312	0.323966	0.354928	0.365578	0.36449	0.360895	0.362748	0.361886	0.3329	0.260312	0.261593	0	0.259194	0.25889	0.405713	0.386947	0.394346	0.388014	0.389912	0.388617	0.558035	0.359614	0.365646	0.388591	0.364452	0.366509	0.452594	0.450585	0.594156	0.445423	0.445729	0.445463	0.479424	0.456808	0.457384	0.456747	0.45636	0.458697	0.321795	0.323104	0.321795	0.351484	0.350124	0.349751	0.498688	0.459908	0.447793	0.450232	0.450755	0.457345	0.495103	0.491874	0.49258	0.503186	0.503292	0.502357	0.419895	0.419135	0.419847	0.424037	0.424543	0.423805	0.440308	0.439579	0.440501	0.44336	0.443154	0.443823	0.457012	0.450599	0.450336	0.442634	0.456751	0.454246
ERR608827-k20-n1-x5e9	0.435883	0.346232	0.331981	0.32158	0.3295	0.335821	0.331753	0.373246	0.395664	0.42269	0.422856	0.420222	0.343882	0.3571	0.369765	0.344657	0.34264	0.341676	0.336645	0.333576	0.335959	0.324425	0.324497	0.323086	0.354503	0.365125	0.363629	0.360226	0.362204	0.361224	0.331339	0.26066	0.262232	0.259194	0	0.259124	0.406591	0.38594	0.395021	0.388795	0.390705	0.38931	0.556835	0.358524	0.364521	0.38705	0.363413	0.365656	0.453112	0.451771	0.593154	0.446295	0.44678	0.446385	0.479062	0.457266	0.45817	0.457465	0.456863	0.458849	0.321807	0.323273	0.321807	0.352756	0.351161	0.351061	0.49847	0.45953	0.447644	0.450215	0.450792	0.457268	0.495877	0.492703	0.493337	0.503557	0.50366	0.502719	0.420735	0.419505	0.42033	0.424382	0.424798	0.423837	0.441203	0.440743	0.441546	0.443533	0.443537	0.443957	0.458248	0.451796	0.451548	0.443423	0.456809	0.454516
ERR608828-k20-n1-x5e9	0.436524	0.347021	0.332804	0.321951	0.32998	0.336408	0.331359	0.372279	0.39459	0.421589	0.421611	0.419025	0.344258	0.356966	0.369669	0.344387	0.34237	0.341415	0.337085	0.333783	0.336475	0.324808	0.324578	0.323201	0.354471	0.364625	0.363594	0.360057	0.362086	0.361242	0.331606	0.260529	0.261754	0.25889	0.259124	0	0.406088	0.386336	0.394573	0.388209	0.390073	0.388676	0.556942	0.358702	0.364718	0.387482	0.363582	0.365417	0.452357	0.4512	0.593636	0.445877	0.44609	0.445948	0.478782	0.456886	0.457493	0.45678	0.456394	0.458468	0.321567	0.32277	0.321507	0.351786	0.350114	0.350042	0.49819	0.459587	0.447675	0.450108	0.450598	0.457051	0.495118	0.491985	0.492743	0.502851	0.503041	0.502004	0.420107	0.419082	0.420102	0.424201	0.424287	0.423521	0.440348	0.439824	0.440514	0.443134	0.442712	0.443364	0.457301	0.450584	0.450365	0.442552	0.456039	0.453559
ERR605339-k20-n1-x5e9	0.572316	0.489126	0.470078	0.452875	0.46423	0.472277	0.388325	0.375268	0.376801	0.366632	0.365698	0.366059	0.467399	0.43703	0.427574	0.427964	0.429233	0.437664	0.434423	0.429223	0.436648	0.408335	0.408342	0.404775	0.397591	0.419114	0.42883	0.421699	0.420402	0.422071	0.498282	0.404696	0.394796	0.405713	0.406591	0.406088	0	0.400725	0.247006	0.249257	0.248229	0.249105	0.619028	0.408878	0.422301	0.458444	0.406513	0.412002	0.445023	0.425792	0.681436	0.432821	0.430428	0.431016	0.547275	0.504319	0.49099	0.498452	0.49904	0.506081	0.370651	0.365732	0.370609	0.331207	0.332404	0.331842	0.603308	0.565656	0.549005	0.553752	0.553875	0.561819	0.493409	0.486662	0.487046	0.539506	0.536425	0.538804	0.474072	0.485927	0.489654	0.50199	0.492373	0.494312	0.460332	0.454034	0.454432	0.511436	0.507712	0.511616	0.434722	0.439013	0.443234	0.456414	0.488536	0.48155
ERR605340-k20-n1-x5e9	0.41905	0.36379	0.362327	0.354121	0.354407	0.354162	0.417105	0.465728	0.48781	0.510496	0.510151	0.508326	0.432835	0.463914	0.478799	0.448019	0.444099	0.441186	0.347241	0.347517	0.347901	0.35111	0.350558	0.350765	0.323291	0.321847	0.320052	0.32068	0.321557	0.321136	0.39181	0.388074	0.395999	0.386947	0.38594	0.386336	0.400725	0	0.373875	0.366257	0.369366	0.366341	0.482478	0.320004	0.319055	0.32847	0.324312	0.323017	0.467258	0.499155	0.555578	0.476671	0.481355	0.480163	0.481693	0.480243	0.487107	0.486978	0.485086	0.481666	0.360625	0.364791	0.364197	0.407432	0.406307	0.405669	0.529318	0.507216	0.502001	0.504592	0.503813	0.505458	0.512447	0.516253	0.516177	0.500391	0.500097	0.498573	0.47794	0.469638	0.468028	0.473877	0.464656	0.464447	0.457094	0.463226	0.461433	0.444086	0.443942	0.444029	0.490757	0.476082	0.472252	0.46063	0.447	0.447738
ERR605341-k20-n1-x5e9	0.551278	0.469594	0.451752	0.434403	0.445146	0.452708	0.385198	0.382993	0.388357	0.382454	0.381643	0.381546	0.461332	0.43954	0.43368	0.428536	0.42899	0.435997	0.415235	0.410499	0.418139	0.391187	0.391192	0.387855	0.377527	0.397815	0.406971	0.400385	0.398834	0.400732	0.479553	0.393197	0.385324	0.394346	0.395021	0.394573	0.247006	0.373875	0	0.243583	0.243086	0.243131	0.596096	0.385782	0.398701	0.43425	0.382713	0.38827	0.430813	0.423068	0.662838	0.423799	0.42292	0.422969	0.53075	0.49163	0.480176	0.487504	0.487717	0.493373	0.355999	0.351987	0.357221	0.326687	0.327824	0.327102	0.59107	0.555572	0.539878	0.544685	0.544523	0.551539	0.481411	0.476839	0.476813	0.522792	0.51976	0.521825	0.470348	0.479869	0.482353	0.495136	0.483305	0.48559	0.444525	0.440135	0.439804	0.492948	0.489164	0.493039	0.430346	0.431474	0.433829	0.445388	0.471544	0.465336
ERR605342-k20-n1-x5e9	0.545822	0.461294	0.442782	0.425956	0.436529	0.444682	0.37743	0.374998	0.381293	0.380021	0.379067	0.378843	0.452132	0.42923	0.423373	0.419583	0.420008	0.426718	0.409516	0.404614	0.411543	0.384749	0.384739	0.38146	0.373298	0.393912	0.402487	0.39578	0.394512	0.396206	0.475809	0.387482	0.378957	0.388014	0.388795	0.388209	0.249257	0.366257	0.243583	0	0.239495	0.239175	0.595607	0.381827	0.394558	0.430634	0.380227	0.38569	0.43071	0.421931	0.657252	0.421303	0.420563	0.420609	0.526446	0.485864	0.474551	0.481212	0.481525	0.487781	0.350208	0.345934	0.350453	0.322102	0.322979	0.322304	0.587737	0.550519	0.53479	0.539076	0.539153	0.546614	0.479588	0.474781	0.475534	0.517831	0.515025	0.516927	0.464804	0.474399	0.477184	0.488672	0.480084	0.481845	0.440318	0.435751	0.436117	0.485647	0.482063	0.485937	0.428501	0.429276	0.431914	0.440977	0.469551	0.463077
ERR605343-k20-n1-x5e9	0.548396	0.464018	0.445475	0.428683	0.439409	0.447615	0.378412	0.375114	0.380778	0.378789	0.377943	0.377659	0.453591	0.429911	0.423934	0.420322	0.420978	0.427716	0.411685	0.406794	0.413796	0.386881	0.386746	0.383505	0.375339	0.396129	0.404594	0.397995	0.396679	0.398395	0.478106	0.389256	0.38061	0.389912	0.390705	0.390073	0.248229	0.369366	0.243086	0.239495	0	0.239283	0.597833	0.384306	0.397167	0.43314	0.38259	0.388063	0.432237	0.422464	0.659685	0.422739	0.421797	0.421755	0.528537	0.487938	0.476414	0.483248	0.483538	0.489813	0.352018	0.347825	0.352114	0.322675	0.323644	0.323234	0.589298	0.551934	0.536312	0.540548	0.540662	0.548151	0.481276	0.476301	0.476793	0.520241	0.517396	0.519333	0.466013	0.475829	0.478582	0.490202	0.481447	0.483062	0.442422	0.437882	0.438124	0.488447	0.484733	0.488515	0.429352	0.430307	0.43308	0.442489	0.47128	0.46478
ERR605344-k20-n1-x5e9	0.54604	0.461677	0.443284	0.426391	0.437025	0.445047	0.37796	0.375825	0.38206	0.380373	0.379515	0.37917	0.452825	0.430054	0.424452	0.420355	0.420753	0.427422	0.409578	0.404785	0.411785	0.385195	0.385058	0.38167	0.373218	0.393514	0.402256	0.395507	0.394256	0.396047	0.476026	0.388087	0.379493	0.388617	0.38931	0.388676	0.249105	0.366341	0.243131	0.239175	0.239283	0	0.595445	0.38175	0.394583	0.430295	0.380138	0.38537	0.431059	0.4225	0.657593	0.422163	0.42127	0.421328	0.526927	0.486566	0.475326	0.48202	0.482297	0.488437	0.350254	0.345967	0.350472	0.322295	0.32319	0.322563	0.58798	0.551019	0.53533	0.539637	0.539634	0.547084	0.480189	0.475342	0.475959	0.518468	0.515631	0.517553	0.465695	0.475204	0.477941	0.489546	0.480515	0.482351	0.440714	0.436387	0.436626	0.486291	0.482673	0.486449	0.429177	0.429757	0.432355	0.441556	0.469674	0.463235
ERR606722-k20-n1-x5e9	0.440592	0.49969	0.51581	0.514198	0.507301	0.499772	0.610346	0.659075	0.678479	0.692624	0.692482	0.690867	0.594777	0.641595	0.658837	0.624363	0.620251	0.615537	0.501847	0.506376	0.506415	0.522194	0.522733	0.524769	0.515936	0.500862	0.49359	0.498912	0.499209	0.498875	0.478329	0.557368	0.571521	0.558035	0.556835	0.556942	0.619028	0.482478	0.596096	0.595607	0.597833	0.595445	0	0.453877	0.443675	0.414659	0.452294	0.447189	0.611431	0.655668	0.58261	0.632506	0.638115	0.636863	0.589027	0.620088	0.634287	0.632311	0.630017	0.620288	0.549902	0.55579	0.556888	0.600651	0.600042	0.599443	0.574091	0.598134	0.606814	0.607909	0.605455	0.597862	0.646629	0.654496	0.651761	0.625187	0.625139	0.622672	0.620198	0.605665	0.600418	0.603817	0.584824	0.585797	0.60784	0.617148	0.613138	0.581258	0.582574	0.579827	0.645709	0.630816	0.62406	0.613638	0.573368	0.579814
