	ERR608317-k20-n1-x5e9	ERR608318-k20-n1-x5e9	ERR608319-k20-n1-x5e9	ERR608320-k20-n1-x5e9	ERR608321-k20-n1-x5e9	ERR608322-k20-n1-x5e9	ERR605515-k20-n1-x5e9	ERR605516-k20-n1-x5e9	ERR605517-k20-n1-x5e9	ERR605518-k20-n1-x5e9	ERR605519-k20-n1-x5e9	ERR605520-k20-n1-x5e9	ERR610031-k20-n1-x5e9	ERR610032-k20-n1-x5e9	ERR610033-k20-n1-x5e9	ERR610034-k20-n1-x5e9	ERR610035-k20-n1-x5e9	ERR610036-k20-n1-x5e9	ERR610025-k20-n1-x5e9	ERR610026-k20-n1-x5e9	ERR610027-k20-n1-x5e9	ERR610028-k20-n1-x5e9	ERR610029-k20-n1-x5e9	ERR610030-k20-n1-x5e9	ERR608621-k20-n1-x5e9	ERR608622-k20-n1-x5e9	ERR608623-k20-n1-x5e9	ERR608624-k20-n1-x5e9	ERR608625-k20-n1-x5e9	ERR608626-k20-n1-x5e9	ERR607849-k20-n1-x5e9	ERR607850-k20-n1-x5e9	ERR607851-k20-n1-x5e9	ERR607852-k20-n1-x5e9	ERR607853-k20-n1-x5e9	ERR607854-k20-n1-x5e9	ERR608713-k20-n1-x5e9	ERR608714-k20-n1-x5e9	ERR608715-k20-n1-x5e9	ERR608716-k20-n1-x5e9	ERR608717-k20-n1-x5e9	ERR608718-k20-n1-x5e9	ERR609277-k20-n1-x5e9	ERR609278-k20-n1-x5e9	ERR609279-k20-n1-x5e9	ERR609280-k20-n1-x5e9	ERR609281-k20-n1-x5e9	ERR609282-k20-n1-x5e9	ERR605934-k20-n1-x5e9	ERR605935-k20-n1-x5e9	ERR605936-k20-n1-x5e9	ERR605937-k20-n1-x5e9	ERR605938-k20-n1-x5e9	ERR605939-k20-n1-x5e9	ERR608389-k20-n1-x5e9	ERR608390-k20-n1-x5e9	ERR608391-k20-n1-x5e9	ERR608392-k20-n1-x5e9	ERR608393-k20-n1-x5e9	ERR608394-k20-n1-x5e9	ERR608507-k20-n1-x5e9	ERR608508-k20-n1-x5e9	ERR608509-k20-n1-x5e9	ERR608510-k20-n1-x5e9	ERR608511-k20-n1-x5e9	ERR608512-k20-n1-x5e9	ERR608799-k20-n1-x5e9	ERR608800-k20-n1-x5e9	ERR608801-k20-n1-x5e9	ERR608802-k20-n1-x5e9	ERR608803-k20-n1-x5e9	ERR608804-k20-n1-x5e9	ERR608805-k20-n1-x5e9	ERR608806-k20-n1-x5e9	ERR608807-k20-n1-x5e9	ERR608808-k20-n1-x5e9	ERR608809-k20-n1-x5e9	ERR608810-k20-n1-x5e9	ERR608161-k20-n1-x5e9	ERR608162-k20-n1-x5e9	ERR608163-k20-n1-x5e9	ERR608164-k20-n1-x5e9	ERR608165-k20-n1-x5e9	ERR608166-k20-n1-x5e9	ERR607415-k20-n1-x5e9	ERR607416-k20-n1-x5e9	ERR607417-k20-n1-x5e9	ERR607418-k20-n1-x5e9	ERR607419-k20-n1-x5e9	ERR607420-k20-n1-x5e9	ERR605994-k20-n1-x5e9	ERR605995-k20-n1-x5e9	ERR605996-k20-n1-x5e9	ERR605997-k20-n1-x5e9	ERR605998-k20-n1-x5e9	ERR605999-k20-n1-x5e9
ERR608317-k20-n1-x5e9	0	0.407658	0.361075	0.409332	0.377029	0.390893	0.572825	0.560108	0.542257	0.554502	0.559059	0.554416	0.431062	0.59509	0.429355	0.624952	0.58853	0.589438	0.444556	0.610237	0.422723	0.636098	0.602802	0.604112	0.363998	0.40163	0.418408	0.447471	0.44568	0.450102	0.423831	0.427505	0.422699	0.446065	0.445465	0.447796	0.47957	0.547644	0.55742	0.542963	0.542679	0.54235	0.647312	0.646364	0.637852	0.602876	0.658725	0.658118	0.525973	0.587169	0.589754	0.538607	0.53866	0.537223	0.52648	0.548849	0.565948	0.564805	0.569051	0.549968	0.587334	0.591704	0.592723	0.537077	0.541784	0.536939	0.609813	0.616488	0.618249	0.567841	0.568814	0.57057	0.608453	0.612675	0.613272	0.582212	0.585475	0.582157	0.550118	0.553997	0.557582	0.523954	0.524649	0.522418	0.476578	0.482347	0.475801	0.540653	0.538436	0.53837	0.491368	0.490985	0.492498	0.48342	0.481736	0.482456
ERR608318-k20-n1-x5e9	0.407658	0	0.277698	0.260722	0.27002	0.264186	0.414753	0.407465	0.398196	0.402136	0.405714	0.402385	0.375796	0.426292	0.532957	0.452795	0.442454	0.441647	0.379059	0.444442	0.53112	0.468216	0.453332	0.453123	0.376459	0.31552	0.310138	0.310791	0.310795	0.312431	0.373106	0.36873	0.370261	0.358988	0.358058	0.358563	0.372112	0.37819	0.383077	0.373872	0.374033	0.374471	0.475141	0.475177	0.468089	0.430652	0.489019	0.488537	0.485266	0.477671	0.478266	0.474652	0.475241	0.475947	0.47171	0.453962	0.456992	0.455897	0.457437	0.455569	0.484444	0.481957	0.48508	0.477433	0.478164	0.478197	0.47929	0.480451	0.482597	0.460304	0.461055	0.46077	0.481513	0.480827	0.482001	0.484819	0.485724	0.485392	0.486784	0.481593	0.484708	0.517834	0.515126	0.517366	0.344185	0.344067	0.33966	0.371073	0.369178	0.369102	0.557498	0.482099	0.480113	0.531076	0.530419	0.532957
ERR608319-k20-n1-x5e9	0.361075	0.277698	0	0.280538	0.271321	0.273653	0.456611	0.446745	0.433284	0.440754	0.445057	0.440908	0.373349	0.47388	0.501109	0.502414	0.484425	0.484189	0.379492	0.490767	0.49791	0.516242	0.496297	0.496561	0.353867	0.313817	0.315877	0.331516	0.330705	0.334356	0.366659	0.364488	0.363532	0.363512	0.36241	0.36361	0.394048	0.423527	0.430194	0.418763	0.418964	0.419231	0.524318	0.524396	0.517162	0.478454	0.537924	0.537471	0.483901	0.49779	0.499312	0.477933	0.478545	0.478409	0.477235	0.471527	0.479983	0.47835	0.481224	0.473287	0.509181	0.508519	0.511637	0.484991	0.487332	0.485627	0.512795	0.515329	0.51774	0.483238	0.484032	0.484553	0.5138	0.514133	0.515828	0.506533	0.5085	0.507054	0.494459	0.491905	0.496199	0.507124	0.505338	0.506224	0.370238	0.37245	0.365974	0.414658	0.41232	0.412391	0.531007	0.466143	0.464784	0.504382	0.503079	0.505758
ERR608320-k20-n1-x5e9	0.409332	0.260722	0.280538	0	0.267111	0.261225	0.407865	0.400368	0.390855	0.395191	0.398538	0.395573	0.370386	0.41857	0.529955	0.445627	0.43176	0.431076	0.373241	0.437003	0.528112	0.4614	0.443046	0.442958	0.372885	0.313416	0.308737	0.307859	0.307684	0.309402	0.369503	0.365528	0.367625	0.355964	0.355108	0.355665	0.363747	0.371596	0.377244	0.367162	0.367576	0.367781	0.469341	0.469066	0.461441	0.424645	0.482989	0.482488	0.480781	0.474372	0.475087	0.471421	0.471351	0.472195	0.465676	0.448908	0.451792	0.451216	0.452104	0.449814	0.478304	0.476157	0.478848	0.471944	0.472592	0.472613	0.473599	0.475617	0.477172	0.455791	0.456459	0.45639	0.476022	0.475717	0.47645	0.479334	0.480066	0.479795	0.482354	0.477276	0.4802	0.514909	0.512047	0.514139	0.337931	0.337636	0.334145	0.365182	0.363149	0.36335	0.555313	0.481303	0.479215	0.530241	0.529005	0.531847
ERR608321-k20-n1-x5e9	0.377029	0.27002	0.271321	0.267111	0	0.262754	0.429353	0.419434	0.406788	0.414073	0.417912	0.414185	0.357757	0.443917	0.501433	0.473579	0.44881	0.448728	0.364864	0.462919	0.499979	0.488992	0.46292	0.463413	0.348812	0.307235	0.308735	0.317011	0.31614	0.318873	0.359261	0.357117	0.35822	0.354384	0.353628	0.354504	0.366174	0.395637	0.403365	0.390898	0.391017	0.391058	0.498881	0.498293	0.489607	0.452443	0.512217	0.511671	0.475576	0.488094	0.489557	0.472515	0.472012	0.47235	0.462441	0.456029	0.463358	0.462569	0.464606	0.457135	0.488438	0.488361	0.490378	0.470771	0.472418	0.471556	0.491699	0.495541	0.496896	0.467349	0.468206	0.468562	0.492921	0.494247	0.494705	0.48811	0.489456	0.488407	0.482488	0.479846	0.482678	0.503892	0.501324	0.502806	0.346328	0.348539	0.343873	0.388828	0.386782	0.386952	0.534405	0.470759	0.469251	0.511685	0.509672	0.512402
ERR608322-k20-n1-x5e9	0.390893	0.264186	0.273653	0.261225	0.262754	0	0.419339	0.410163	0.398859	0.404884	0.408584	0.405148	0.362081	0.432287	0.513782	0.461178	0.440527	0.440216	0.367324	0.451191	0.512122	0.476664	0.453541	0.453806	0.358498	0.308385	0.306921	0.311405	0.311063	0.312888	0.362684	0.359867	0.361273	0.353886	0.353189	0.353959	0.36363	0.384219	0.391165	0.379615	0.379497	0.379819	0.485889	0.485229	0.477026	0.439923	0.499311	0.498777	0.476414	0.481154	0.482416	0.470804	0.470611	0.471066	0.462421	0.45136	0.456971	0.456413	0.457971	0.452682	0.482516	0.481735	0.483911	0.470007	0.47125	0.470584	0.482629	0.485857	0.487286	0.460702	0.461615	0.46184	0.484604	0.485248	0.485784	0.48284	0.483973	0.483248	0.480826	0.477079	0.480061	0.507379	0.504724	0.506431	0.34119	0.342624	0.338241	0.377762	0.375624	0.375985	0.542666	0.474206	0.472534	0.519101	0.517244	0.520154
ERR605515-k20-n1-x5e9	0.572825	0.414753	0.456611	0.407865	0.429353	0.419339	0	0.250558	0.258651	0.252956	0.251479	0.252823	0.412268	0.32083	0.59988	0.333452	0.346696	0.344103	0.393527	0.319788	0.591901	0.335174	0.329845	0.328575	0.477499	0.417361	0.405793	0.380917	0.381388	0.377003	0.44194	0.437029	0.443709	0.416844	0.417432	0.415831	0.394186	0.35012	0.350453	0.349985	0.349997	0.350157	0.360095	0.357644	0.350438	0.330626	0.37173	0.371397	0.517198	0.476535	0.475781	0.508048	0.506359	0.5087	0.500817	0.468616	0.458111	0.461331	0.458387	0.469273	0.477582	0.47264	0.473023	0.513722	0.510953	0.514357	0.452421	0.451984	0.450198	0.47475	0.474413	0.473199	0.456692	0.45404	0.452264	0.492874	0.490587	0.493036	0.510589	0.503359	0.501658	0.571568	0.568122	0.570777	0.368992	0.365754	0.368384	0.347296	0.347323	0.347518	0.628828	0.558821	0.556621	0.614623	0.612856	0.615576
ERR605516-k20-n1-x5e9	0.560108	0.407465	0.446745	0.400368	0.419434	0.410163	0.250558	0	0.253975	0.251508	0.25083	0.251448	0.397313	0.325553	0.585126	0.342572	0.343317	0.341205	0.379642	0.327217	0.576964	0.345925	0.330188	0.329548	0.463743	0.406933	0.396748	0.373773	0.374062	0.369869	0.431203	0.426693	0.433325	0.408427	0.408789	0.407466	0.38525	0.351283	0.353293	0.350642	0.350529	0.350501	0.372146	0.369359	0.361046	0.338581	0.383992	0.383552	0.50825	0.47603	0.475741	0.501623	0.499574	0.5018	0.49358	0.464864	0.456245	0.459614	0.456976	0.465715	0.475521	0.47138	0.471533	0.507478	0.50482	0.5079	0.454414	0.455034	0.453346	0.472913	0.472614	0.47165	0.458096	0.456297	0.454452	0.490429	0.488266	0.490509	0.504395	0.498095	0.496316	0.56289	0.559609	0.562071	0.36127	0.358842	0.361086	0.347645	0.347604	0.347413	0.617906	0.55076	0.548851	0.604773	0.60266	0.605285
ERR605517-k20-n1-x5e9	0.542257	0.398196	0.433284	0.390855	0.406788	0.398859	0.258651	0.253975	0	0.253853	0.254571	0.253818	0.379321	0.334089	0.566204	0.355443	0.344197	0.342729	0.362424	0.337906	0.557972	0.35958	0.335193	0.335034	0.44517	0.392951	0.384271	0.364777	0.36479	0.361181	0.417135	0.413084	0.419693	0.397489	0.397889	0.396547	0.373279	0.352681	0.356598	0.351635	0.351482	0.351217	0.387362	0.384389	0.374672	0.349329	0.39963	0.399085	0.497523	0.477002	0.477067	0.495612	0.493424	0.495402	0.483659	0.459607	0.453613	0.456719	0.454812	0.460309	0.471849	0.468956	0.468885	0.498629	0.496494	0.499142	0.456143	0.458398	0.456576	0.469492	0.469373	0.468713	0.458929	0.458373	0.456469	0.48623	0.4845	0.486179	0.495722	0.490304	0.488679	0.550878	0.547574	0.549816	0.352368	0.350972	0.353127	0.349593	0.349086	0.349215	0.602483	0.539238	0.537353	0.591467	0.589132	0.591978
ERR605518-k20-n1-x5e9	0.554502	0.402136	0.440754	0.395191	0.414073	0.404884	0.252956	0.251508	0.253853	0	0.250063	0.250101	0.394028	0.327648	0.581728	0.345002	0.347127	0.344985	0.376168	0.329328	0.573509	0.348201	0.334341	0.333353	0.459007	0.401617	0.391439	0.369264	0.36963	0.365994	0.426419	0.421831	0.428429	0.403668	0.404078	0.402801	0.383333	0.350856	0.352737	0.350041	0.350026	0.350157	0.374167	0.371651	0.363418	0.339569	0.386438	0.38598	0.504622	0.472869	0.472779	0.497888	0.495931	0.498056	0.491006	0.462373	0.454368	0.457202	0.45502	0.463176	0.474594	0.470591	0.470866	0.504882	0.502407	0.505301	0.453991	0.454727	0.453193	0.470738	0.470568	0.469551	0.457603	0.455742	0.454097	0.488897	0.486923	0.488963	0.501719	0.495408	0.493911	0.559232	0.555875	0.558252	0.358643	0.356315	0.358151	0.346798	0.346573	0.346439	0.613291	0.544926	0.542849	0.599488	0.597467	0.600295
ERR605519-k20-n1-x5e9	0.559059	0.405714	0.445057	0.398538	0.417912	0.408584	0.251479	0.25083	0.254571	0.250063	0	0.249954	0.398005	0.325758	0.58554	0.342037	0.344873	0.342631	0.379909	0.326985	0.577429	0.345142	0.33129	0.330351	0.462952	0.405579	0.395185	0.372275	0.372589	0.368714	0.430368	0.425618	0.432276	0.407016	0.407502	0.406135	0.38461	0.349936	0.351826	0.349426	0.349323	0.349286	0.370805	0.368236	0.35968	0.337313	0.382643	0.382317	0.507844	0.474995	0.474752	0.501261	0.499353	0.501596	0.49298	0.463744	0.455152	0.458177	0.455822	0.464416	0.474471	0.470316	0.470583	0.506507	0.503866	0.507062	0.453133	0.453848	0.451997	0.471646	0.471473	0.470469	0.456739	0.454902	0.453071	0.489255	0.487182	0.489316	0.503622	0.497302	0.495472	0.562177	0.558738	0.561094	0.360609	0.357968	0.360467	0.346517	0.346386	0.346493	0.617069	0.54918	0.547104	0.603739	0.601864	0.604408
ERR605520-k20-n1-x5e9	0.554416	0.402385	0.440908	0.395573	0.414185	0.405148	0.252823	0.251448	0.253818	0.250101	0.249954	0	0.39375	0.327569	0.581648	0.344867	0.346395	0.344318	0.375725	0.329081	0.573177	0.347978	0.33359	0.332793	0.458777	0.401435	0.391171	0.369017	0.369454	0.365818	0.426528	0.421764	0.428259	0.403552	0.403946	0.402775	0.382684	0.350653	0.352477	0.349806	0.349686	0.349582	0.373999	0.371544	0.363111	0.339383	0.386151	0.385855	0.504534	0.473101	0.472865	0.497917	0.496014	0.498088	0.490755	0.46226	0.454231	0.457098	0.455054	0.463105	0.47447	0.470368	0.470657	0.504582	0.502148	0.50514	0.453859	0.45464	0.45285	0.470804	0.470499	0.469629	0.457203	0.4554	0.453756	0.488776	0.486808	0.488675	0.501526	0.49523	0.49354	0.558937	0.555413	0.558026	0.358655	0.356033	0.358309	0.346746	0.346771	0.346606	0.613096	0.54483	0.542745	0.599344	0.597467	0.600072
ERR610031-k20-n1-x5e9	0.431062	0.375796	0.373349	0.370386	0.357757	0.362081	0.412268	0.397313	0.379321	0.394028	0.398005	0.39375	0	0.397733	0.425103	0.439142	0.376073	0.377392	0.306035	0.444522	0.440799	0.477247	0.422556	0.424915	0.354061	0.347945	0.355124	0.362977	0.361841	0.361344	0.382978	0.383582	0.386036	0.388808	0.388606	0.389644	0.338257	0.398219	0.410841	0.394629	0.393769	0.392813	0.507202	0.504318	0.491989	0.453271	0.520809	0.519995	0.467683	0.511025	0.513025	0.484704	0.482019	0.482509	0.447978	0.456946	0.465799	0.468554	0.469769	0.458072	0.467954	0.472396	0.471767	0.449275	0.449807	0.449213	0.491341	0.500733	0.500786	0.46626	0.466686	0.468136	0.486134	0.492409	0.491643	0.469635	0.471065	0.469346	0.471568	0.473084	0.472568	0.492512	0.48966	0.490578	0.338001	0.343413	0.340692	0.393805	0.39204	0.391767	0.521323	0.487656	0.4871	0.51742	0.512827	0.515758
ERR610032-k20-n1-x5e9	0.59509	0.426292	0.47388	0.41857	0.443917	0.432287	0.32083	0.325553	0.334089	0.327648	0.325758	0.327569	0.397733	0	0.602488	0.250046	0.281004	0.277161	0.415023	0.303882	0.614657	0.315827	0.319399	0.316992	0.496092	0.433417	0.419536	0.390803	0.391654	0.385858	0.467431	0.461818	0.468929	0.440724	0.440444	0.439187	0.376377	0.311809	0.309911	0.314011	0.313467	0.313413	0.342051	0.339324	0.332336	0.315645	0.354235	0.353681	0.540216	0.491925	0.490888	0.531359	0.530205	0.532775	0.507719	0.471196	0.457291	0.461121	0.456959	0.472442	0.457428	0.451002	0.451785	0.50774	0.5041	0.508041	0.430544	0.430108	0.428331	0.462741	0.461941	0.460659	0.431194	0.428905	0.427326	0.471195	0.46815	0.471556	0.516059	0.507946	0.505626	0.584471	0.580571	0.583605	0.358621	0.353829	0.358605	0.318465	0.319373	0.319224	0.650773	0.58223	0.579683	0.638758	0.637774	0.640234
ERR610033-k20-n1-x5e9	0.429355	0.532957	0.501109	0.529955	0.501433	0.513782	0.59988	0.585126	0.566204	0.581728	0.58554	0.581648	0.425103	0.602488	0	0.636104	0.570368	0.57269	0.46271	0.632568	0.358446	0.659926	0.605413	0.608241	0.433503	0.494134	0.511287	0.53265	0.530793	0.532542	0.500648	0.50635	0.50464	0.527577	0.527626	0.529367	0.509717	0.590186	0.60232	0.586852	0.585875	0.585009	0.683403	0.680797	0.669815	0.639002	0.693629	0.692772	0.560673	0.64489	0.648124	0.592829	0.589739	0.589258	0.556015	0.591396	0.608008	0.609653	0.61268	0.591846	0.60999	0.617696	0.616121	0.564823	0.568232	0.564139	0.64388	0.654477	0.654554	0.608369	0.609089	0.611242	0.63846	0.646258	0.645386	0.607906	0.610878	0.607489	0.583883	0.592095	0.591193	0.559183	0.559362	0.556801	0.522403	0.529406	0.525819	0.586047	0.584113	0.583851	0.51415	0.5612	0.56308	0.542221	0.535773	0.537268
ERR610034-k20-n1-x5e9	0.624952	0.452795	0.502414	0.445627	0.473579	0.461178	0.333452	0.342572	0.355443	0.345002	0.342037	0.344867	0.439142	0.250046	0.636104	0	0.306218	0.301669	0.451099	0.306843	0.646732	0.305575	0.333712	0.330267	0.527625	0.462441	0.447212	0.416221	0.417261	0.411461	0.490137	0.483911	0.491312	0.460469	0.460113	0.458795	0.412681	0.334175	0.328107	0.337446	0.337242	0.337446	0.32496	0.323215	0.319977	0.318012	0.334231	0.334204	0.561288	0.499619	0.49784	0.548528	0.547669	0.550447	0.533826	0.493257	0.476973	0.480121	0.475817	0.4942	0.485933	0.477572	0.478468	0.540615	0.536811	0.540964	0.447125	0.443155	0.440974	0.48925	0.488422	0.486454	0.450382	0.445504	0.443686	0.50226	0.498618	0.502678	0.540265	0.531526	0.529116	0.609937	0.606131	0.609183	0.39088	0.385116	0.390352	0.339433	0.340843	0.340554	0.675656	0.604582	0.601916	0.662413	0.661871	0.664279
ERR610035-k20-n1-x5e9	0.58853	0.442454	0.484425	0.43176	0.44881	0.440527	0.346696	0.343317	0.344197	0.347127	0.344873	0.346395	0.376073	0.281004	0.570368	0.306218	0	0.240369	0.404477	0.34553	0.587636	0.364541	0.306887	0.30792	0.477589	0.438801	0.432156	0.405719	0.40601	0.3989	0.471575	0.468628	0.477449	0.455792	0.456204	0.455441	0.348496	0.329437	0.337118	0.330915	0.32921	0.327986	0.396385	0.391293	0.376865	0.362503	0.406417	0.405402	0.535433	0.524875	0.525137	0.544481	0.539891	0.542873	0.49608	0.477214	0.468905	0.474591	0.470376	0.477168	0.451599	0.451375	0.447811	0.496308	0.492179	0.495676	0.443828	0.450497	0.44668	0.470512	0.469793	0.469134	0.441902	0.445851	0.441557	0.467406	0.464707	0.467122	0.509738	0.506556	0.500743	0.575363	0.571073	0.573819	0.359258	0.357977	0.365006	0.344982	0.345567	0.345426	0.638516	0.594602	0.592958	0.639657	0.635323	0.638177
ERR610036-k20-n1-x5e9	0.589438	0.441647	0.484189	0.431076	0.448728	0.440216	0.344103	0.341205	0.342729	0.344985	0.342631	0.344318	0.377392	0.277161	0.57269	0.301669	0.240369	0	0.404544	0.341435	0.589588	0.360198	0.304981	0.306076	0.479003	0.438672	0.431558	0.404714	0.404996	0.398068	0.471085	0.468071	0.476742	0.454717	0.455108	0.454156	0.349937	0.327356	0.33461	0.328934	0.327377	0.326277	0.391951	0.386816	0.372746	0.358433	0.401943	0.400921	0.535019	0.522065	0.522255	0.543113	0.538618	0.541593	0.496114	0.476081	0.467248	0.472963	0.468768	0.476087	0.451442	0.450853	0.447434	0.49669	0.492685	0.496179	0.442636	0.448778	0.445074	0.469837	0.469158	0.468545	0.440776	0.444257	0.440225	0.467396	0.464528	0.467189	0.509666	0.506101	0.500427	0.575688	0.571401	0.574294	0.358789	0.357493	0.364472	0.342862	0.343441	0.343339	0.639096	0.593497	0.591939	0.639275	0.635366	0.638133
ERR610025-k20-n1-x5e9	0.444556	0.379059	0.379492	0.373241	0.364864	0.367324	0.393527	0.379642	0.362424	0.376168	0.379909	0.375725	0.306035	0.415023	0.46271	0.451099	0.404477	0.404544	0	0.398204	0.433486	0.431796	0.382538	0.384555	0.371768	0.355472	0.360494	0.366641	0.365286	0.365195	0.37848	0.37826	0.381038	0.380206	0.380267	0.38038	0.365152	0.409213	0.419831	0.406098	0.405346	0.404705	0.489106	0.486615	0.475016	0.437161	0.502861	0.501977	0.453108	0.484428	0.486471	0.463276	0.461096	0.461814	0.441317	0.443736	0.451321	0.453541	0.454845	0.445113	0.465099	0.467423	0.467598	0.452578	0.453107	0.452917	0.47851	0.485945	0.485752	0.458935	0.459546	0.460635	0.475453	0.479841	0.479073	0.46966	0.470333	0.469484	0.465315	0.465449	0.465396	0.491671	0.488829	0.489674	0.35222	0.35631	0.353032	0.400346	0.399006	0.398358	0.516856	0.470658	0.46967	0.506922	0.503252	0.506083
ERR610026-k20-n1-x5e9	0.610237	0.444442	0.490767	0.437003	0.462919	0.451191	0.319788	0.327217	0.337906	0.329328	0.326985	0.329081	0.444522	0.303882	0.632568	0.306843	0.34553	0.341435	0.398204	0	0.612037	0.248654	0.274893	0.271245	0.518861	0.455909	0.441904	0.41436	0.415026	0.410011	0.481347	0.475316	0.482282	0.453366	0.453164	0.451734	0.415822	0.350436	0.347307	0.352716	0.352733	0.35295	0.33212	0.330137	0.325477	0.313418	0.343547	0.343307	0.537193	0.476235	0.474534	0.523995	0.522956	0.525774	0.508749	0.467668	0.451954	0.455491	0.451196	0.46912	0.46207	0.454099	0.455416	0.514852	0.511155	0.515122	0.425954	0.422816	0.420951	0.46322	0.462586	0.460768	0.430123	0.425535	0.424157	0.478518	0.474947	0.478785	0.517844	0.509111	0.506844	0.588763	0.584732	0.58804	0.391483	0.386613	0.39063	0.35103	0.352103	0.351895	0.65276	0.578255	0.575454	0.637982	0.637054	0.639575
ERR610027-k20-n1-x5e9	0.422723	0.53112	0.49791	0.528112	0.499979	0.512122	0.591901	0.576964	0.557972	0.573509	0.577429	0.573177	0.440799	0.614657	0.358446	0.646732	0.587636	0.589588	0.433486	0.612037	0	0.639669	0.586999	0.589643	0.432457	0.492943	0.509722	0.532171	0.530348	0.532626	0.490568	0.49625	0.493983	0.518253	0.518141	0.520293	0.521513	0.597922	0.609597	0.594677	0.593888	0.593013	0.677844	0.675245	0.66468	0.633948	0.688008	0.687202	0.545237	0.628146	0.631327	0.574777	0.572132	0.571472	0.546575	0.581228	0.598176	0.599496	0.602977	0.581762	0.60637	0.613468	0.612164	0.560199	0.563708	0.559518	0.637396	0.647148	0.647209	0.601956	0.602949	0.60497	0.633135	0.640083	0.639296	0.605601	0.608249	0.605139	0.574995	0.58282	0.582587	0.54959	0.550324	0.546768	0.527558	0.534403	0.53021	0.590759	0.589185	0.588859	0.493043	0.538511	0.540486	0.517151	0.511302	0.512289
ERR610028-k20-n1-x5e9	0.636098	0.468216	0.516242	0.4614	0.488992	0.476664	0.335174	0.345925	0.35958	0.348201	0.345142	0.347978	0.477247	0.315827	0.659926	0.305575	0.364541	0.360198	0.431796	0.248654	0.639669	0	0.290199	0.285728	0.545648	0.48143	0.466468	0.437304	0.438086	0.433149	0.503449	0.496851	0.504304	0.473531	0.47336	0.471756	0.443408	0.368641	0.362893	0.371878	0.371868	0.372385	0.322768	0.321579	0.319779	0.320212	0.331681	0.33168	0.558028	0.488084	0.485898	0.54268	0.541934	0.544898	0.531889	0.488388	0.470884	0.473912	0.469383	0.489534	0.485156	0.475653	0.477103	0.541674	0.537834	0.542057	0.440677	0.435028	0.432996	0.48582	0.485064	0.482988	0.446481	0.440248	0.438477	0.503104	0.499136	0.50354	0.539256	0.52995	0.527586	0.610933	0.607134	0.610397	0.418521	0.413079	0.417537	0.370039	0.371509	0.371092	0.674884	0.599825	0.596937	0.660025	0.659551	0.661829
ERR610029-k20-n1-x5e9	0.602802	0.453332	0.496297	0.443046	0.46292	0.453541	0.329845	0.330188	0.335193	0.334341	0.33129	0.33359	0.422556	0.319399	0.605413	0.333712	0.306887	0.304981	0.382538	0.274893	0.586999	0.290199	0	0.243477	0.50045	0.45585	0.447094	0.420437	0.420556	0.414402	0.478392	0.474585	0.483058	0.458961	0.459476	0.4581	0.390007	0.35633	0.36069	0.358268	0.35725	0.356532	0.370553	0.36568	0.353523	0.344068	0.379713	0.378806	0.529696	0.501718	0.501414	0.531598	0.527404	0.530629	0.495533	0.469322	0.458239	0.463536	0.459122	0.469407	0.454966	0.451848	0.449374	0.503566	0.499765	0.503344	0.433966	0.437266	0.433226	0.468124	0.467613	0.466376	0.435925	0.4367	0.432601	0.473632	0.470144	0.47341	0.509784	0.504818	0.499596	0.579212	0.57492	0.577807	0.385269	0.383351	0.38908	0.363903	0.364886	0.364619	0.640171	0.586147	0.58408	0.636029	0.632605	0.635251
ERR610030-k20-n1-x5e9	0.604112	0.453123	0.496561	0.442958	0.463413	0.453806	0.328575	0.329548	0.335034	0.333353	0.330351	0.332793	0.424915	0.316992	0.608241	0.330267	0.30792	0.306076	0.384555	0.271245	0.589643	0.285728	0.243477	0	0.502245	0.456103	0.447095	0.420234	0.420221	0.414206	0.478945	0.474852	0.483331	0.458693	0.459193	0.457801	0.391834	0.355328	0.359304	0.357251	0.356455	0.355634	0.366924	0.362152	0.350341	0.341478	0.375967	0.375214	0.530228	0.499495	0.499146	0.531	0.527052	0.530203	0.496458	0.469223	0.457698	0.462858	0.458364	0.469227	0.455139	0.451797	0.449439	0.504628	0.500617	0.504461	0.432847	0.435716	0.431589	0.467862	0.467276	0.466045	0.434779	0.435365	0.431179	0.473858	0.470462	0.473692	0.51025	0.505046	0.499872	0.579933	0.575673	0.578764	0.385978	0.383641	0.389499	0.362796	0.363716	0.3636	0.641475	0.585703	0.58368	0.636548	0.633396	0.63594
ERR608621-k20-n1-x5e9	0.363998	0.376459	0.353867	0.372885	0.348812	0.358498	0.477499	0.463743	0.44517	0.459007	0.462952	0.458777	0.354061	0.496092	0.433503	0.527625	0.477589	0.479003	0.371768	0.518861	0.432457	0.545648	0.50045	0.502245	0	0.309262	0.325642	0.345781	0.344291	0.346767	0.355494	0.35856	0.358994	0.374239	0.374132	0.375842	0.37592	0.449064	0.461084	0.445282	0.444462	0.444123	0.562406	0.560054	0.548449	0.51706	0.573619	0.573006	0.474088	0.533054	0.535576	0.494457	0.492415	0.492663	0.470858	0.489946	0.504342	0.504864	0.507861	0.490265	0.524006	0.52871	0.527594	0.494203	0.496602	0.494102	0.542238	0.550535	0.550313	0.515795	0.516811	0.518139	0.540678	0.545978	0.544776	0.527833	0.529785	0.527596	0.496286	0.50022	0.500639	0.496328	0.495008	0.494337	0.386413	0.39295	0.389211	0.450014	0.447999	0.447802	0.497583	0.481471	0.481703	0.497915	0.493995	0.496308
ERR608622-k20-n1-x5e9	0.40163	0.31552	0.313817	0.313416	0.307235	0.308385	0.417361	0.406933	0.392951	0.401617	0.405579	0.401435	0.347945	0.433417	0.494134	0.462441	0.438801	0.438672	0.355472	0.455909	0.492943	0.48143	0.45585	0.456103	0.309262	0	0.264818	0.274671	0.274024	0.276497	0.338812	0.336824	0.337855	0.334334	0.333614	0.334196	0.352594	0.38428	0.391949	0.379845	0.379713	0.379946	0.494922	0.493918	0.484834	0.44973	0.507764	0.507349	0.464021	0.48078	0.482213	0.463254	0.463307	0.463777	0.460471	0.455127	0.462652	0.462212	0.464442	0.456282	0.492139	0.491933	0.493733	0.47719	0.478674	0.477836	0.495667	0.499477	0.500395	0.475338	0.476097	0.476585	0.495444	0.496874	0.496897	0.495576	0.496857	0.49593	0.477042	0.475312	0.477658	0.498204	0.496147	0.497127	0.338047	0.340646	0.335843	0.382156	0.380156	0.380048	0.528532	0.466934	0.465451	0.507573	0.506461	0.509248
ERR608623-k20-n1-x5e9	0.418408	0.310138	0.315877	0.308737	0.308735	0.306921	0.405793	0.396748	0.384271	0.391439	0.395185	0.391171	0.355124	0.419536	0.511287	0.447212	0.432156	0.431558	0.360494	0.441904	0.509722	0.466468	0.447094	0.447095	0.325642	0.264818	0	0.2663	0.266018	0.268331	0.344716	0.341331	0.342621	0.333888	0.333371	0.333197	0.353384	0.371037	0.376786	0.366907	0.366993	0.367362	0.47848	0.477809	0.469586	0.434268	0.491774	0.491486	0.466936	0.47193	0.472938	0.461708	0.462425	0.463208	0.462556	0.450618	0.455915	0.4551	0.456978	0.452016	0.486369	0.484732	0.487278	0.477541	0.478806	0.478311	0.485385	0.487771	0.489059	0.468105	0.46874	0.469075	0.485638	0.485862	0.486402	0.490267	0.491107	0.490734	0.476462	0.473041	0.475661	0.503377	0.501305	0.502789	0.333421	0.334676	0.330193	0.368731	0.366636	0.366578	0.539972	0.470398	0.468461	0.516736	0.516169	0.518802
ERR608624-k20-n1-x5e9	0.447471	0.310791	0.331516	0.307859	0.317011	0.311405	0.380917	0.373773	0.364777	0.369264	0.372275	0.369017	0.362977	0.390803	0.53265	0.416221	0.405719	0.404714	0.366641	0.41436	0.532171	0.437304	0.420437	0.420234	0.345781	0.274671	0.2663	0	0.257072	0.256759	0.355201	0.350597	0.353823	0.337468	0.337073	0.336992	0.344576	0.345197	0.350073	0.341204	0.341276	0.341896	0.448728	0.447927	0.439808	0.406758	0.461924	0.461454	0.47078	0.462184	0.46285	0.462656	0.462866	0.463969	0.463244	0.444518	0.446086	0.445919	0.446642	0.445502	0.476219	0.473474	0.475533	0.477641	0.478264	0.478471	0.468736	0.470379	0.471105	0.459634	0.460124	0.459981	0.470093	0.469567	0.469497	0.482345	0.482391	0.482767	0.475555	0.470705	0.472239	0.512954	0.510369	0.512434	0.323488	0.323294	0.32035	0.345148	0.343423	0.343632	0.557734	0.483965	0.481541	0.535059	0.534278	0.537249
ERR608625-k20-n1-x5e9	0.44568	0.310795	0.330705	0.307684	0.31614	0.311063	0.381388	0.374062	0.36479	0.36963	0.372589	0.369454	0.361841	0.391654	0.530793	0.417261	0.40601	0.404996	0.365286	0.415026	0.530348	0.438086	0.420556	0.420221	0.344291	0.274024	0.266018	0.257072	0	0.257477	0.353846	0.349488	0.352596	0.33686	0.336431	0.336177	0.344504	0.346402	0.351107	0.342146	0.34247	0.342975	0.450132	0.449298	0.441195	0.408076	0.463199	0.462818	0.470436	0.462833	0.463374	0.462739	0.462791	0.463988	0.463041	0.444623	0.446261	0.446319	0.446906	0.445607	0.476427	0.474151	0.476001	0.477682	0.478143	0.478529	0.469557	0.471263	0.471984	0.460009	0.460704	0.460682	0.470804	0.470356	0.470188	0.482646	0.482881	0.483106	0.47557	0.470775	0.472331	0.512628	0.509875	0.511942	0.323162	0.323105	0.320361	0.345915	0.34445	0.344223	0.556543	0.483303	0.481044	0.534042	0.533251	0.536198
ERR608626-k20-n1-x5e9	0.450102	0.312431	0.334356	0.309402	0.318873	0.312888	0.377003	0.369869	0.361181	0.365994	0.368714	0.365818	0.361344	0.385858	0.532542	0.411461	0.3989	0.398068	0.365195	0.410011	0.532626	0.433149	0.414402	0.414206	0.346767	0.276497	0.268331	0.256759	0.257477	0	0.35646	0.352166	0.355584	0.338839	0.33824	0.337987	0.340638	0.341027	0.346238	0.337082	0.337091	0.337544	0.445186	0.444343	0.435923	0.403153	0.458219	0.458004	0.471056	0.462811	0.463549	0.46385	0.463862	0.464937	0.461518	0.442776	0.443982	0.444048	0.444585	0.443779	0.472841	0.470407	0.472199	0.475978	0.476227	0.47678	0.46568	0.467542	0.468052	0.457565	0.458115	0.457973	0.466997	0.466665	0.466551	0.479709	0.479799	0.480068	0.47429	0.469505	0.470859	0.513361	0.510626	0.512736	0.321011	0.320474	0.318381	0.341743	0.340243	0.340357	0.558775	0.486424	0.48419	0.537243	0.536458	0.539152
ERR607849-k20-n1-x5e9	0.423831	0.373106	0.366659	0.369503	0.359261	0.362684	0.44194	0.431203	0.417135	0.426419	0.430368	0.426528	0.382978	0.467431	0.500648	0.490137	0.471575	0.471085	0.37848	0.481347	0.490568	0.503449	0.478392	0.478945	0.355494	0.338812	0.344716	0.355201	0.353846	0.35646	0	0.277851	0.278317	0.284209	0.284402	0.285244	0.410529	0.442993	0.449793	0.439345	0.439091	0.439219	0.515547	0.51384	0.505856	0.477929	0.526037	0.52562	0.481276	0.502518	0.504234	0.480329	0.478973	0.479336	0.493937	0.493209	0.50196	0.501271	0.503948	0.493382	0.551745	0.550931	0.551949	0.538103	0.539992	0.538503	0.548116	0.550222	0.55007	0.536733	0.537656	0.537941	0.549144	0.548916	0.548001	0.560914	0.561238	0.561017	0.520193	0.519284	0.520935	0.53314	0.532049	0.531879	0.379483	0.383353	0.378633	0.426848	0.424621	0.424946	0.541433	0.490549	0.490012	0.521846	0.518782	0.52128
ERR607850-k20-n1-x5e9	0.427505	0.36873	0.364488	0.365528	0.357117	0.359867	0.437029	0.426693	0.413084	0.421831	0.425618	0.421764	0.383582	0.461818	0.50635	0.483911	0.468628	0.468071	0.37826	0.475316	0.49625	0.496851	0.474585	0.474852	0.35856	0.336824	0.341331	0.350597	0.349488	0.352166	0.277851	0	0.277361	0.280366	0.280717	0.281557	0.408714	0.437008	0.443565	0.433499	0.433387	0.433545	0.508619	0.507016	0.499288	0.471521	0.519245	0.518828	0.480555	0.497744	0.499443	0.47794	0.476821	0.477246	0.492918	0.490022	0.498013	0.49707	0.499612	0.490239	0.548497	0.547197	0.548435	0.53657	0.538131	0.536937	0.543457	0.545263	0.544959	0.532883	0.533863	0.533863	0.544667	0.543957	0.543109	0.557794	0.558128	0.557949	0.518023	0.516522	0.5184	0.53293	0.531765	0.531552	0.375626	0.379139	0.3745	0.420508	0.418582	0.418663	0.543745	0.489307	0.488564	0.522544	0.520133	0.522606
ERR607851-k20-n1-x5e9	0.422699	0.370261	0.363532	0.367625	0.35822	0.361273	0.443709	0.433325	0.419693	0.428429	0.432276	0.428259	0.386036	0.468929	0.50464	0.491312	0.477449	0.476742	0.381038	0.482282	0.493983	0.504304	0.483058	0.483331	0.358994	0.337855	0.342621	0.353823	0.352596	0.355584	0.278317	0.277361	0	0.282632	0.282273	0.283019	0.415409	0.44379	0.450027	0.440024	0.439802	0.440075	0.515845	0.514436	0.507195	0.478376	0.526653	0.526262	0.483823	0.500067	0.501828	0.479123	0.478369	0.478453	0.496978	0.493857	0.502178	0.501304	0.504048	0.494259	0.553639	0.552256	0.553841	0.539712	0.541529	0.540132	0.548845	0.55051	0.550603	0.536578	0.537634	0.537684	0.550009	0.549186	0.548658	0.561769	0.562272	0.561955	0.521987	0.520362	0.522555	0.533857	0.533103	0.532788	0.380793	0.384265	0.378988	0.426693	0.42475	0.424806	0.542763	0.487589	0.487069	0.519219	0.51655	0.519011
ERR607852-k20-n1-x5e9	0.446065	0.358988	0.363512	0.355964	0.354384	0.353886	0.416844	0.408427	0.397489	0.403668	0.407016	0.403552	0.388808	0.440724	0.527577	0.460469	0.455792	0.454717	0.380206	0.453366	0.518253	0.473531	0.458961	0.458693	0.374239	0.334334	0.333888	0.337468	0.33686	0.338839	0.284209	0.280366	0.282632	0	0.271697	0.271228	0.405486	0.417501	0.42208	0.414143	0.414341	0.414646	0.483584	0.482418	0.47563	0.448102	0.494441	0.494137	0.480436	0.483125	0.484353	0.471918	0.471697	0.472174	0.491369	0.480924	0.486139	0.485159	0.487319	0.481553	0.539794	0.537058	0.53899	0.533472	0.534789	0.534232	0.529165	0.529542	0.529541	0.522293	0.523329	0.523001	0.531091	0.529142	0.528538	0.549639	0.549613	0.549917	0.513871	0.510849	0.512729	0.53547	0.534086	0.534591	0.365529	0.367394	0.362938	0.400016	0.398118	0.398161	0.55522	0.489771	0.488535	0.530227	0.52837	0.531134
ERR607853-k20-n1-x5e9	0.445465	0.358058	0.36241	0.355108	0.353628	0.353189	0.417432	0.408789	0.397889	0.404078	0.407502	0.403946	0.388606	0.440444	0.527626	0.460113	0.456204	0.455108	0.380267	0.453164	0.518141	0.47336	0.459476	0.459193	0.374132	0.333614	0.333371	0.337073	0.336431	0.33824	0.284402	0.280717	0.282273	0.271697	0	0.271394	0.405655	0.417438	0.422116	0.413971	0.414143	0.41471	0.483285	0.48221	0.475504	0.44777	0.49426	0.49395	0.48005	0.482124	0.483327	0.470984	0.470793	0.471424	0.490944	0.479973	0.485347	0.484377	0.486539	0.480636	0.538963	0.536134	0.538165	0.532821	0.534158	0.533442	0.528313	0.528637	0.528733	0.521231	0.522187	0.52188	0.530392	0.528414	0.527931	0.548774	0.548743	0.549022	0.513436	0.510071	0.512281	0.535178	0.533707	0.534199	0.365095	0.367058	0.362375	0.399415	0.397372	0.397656	0.554684	0.488717	0.487314	0.529392	0.527418	0.52994
ERR607854-k20-n1-x5e9	0.447796	0.358563	0.36361	0.355665	0.354504	0.353959	0.415831	0.407466	0.396547	0.402801	0.406135	0.402775	0.389644	0.439187	0.529367	0.458795	0.455441	0.454156	0.38038	0.451734	0.520293	0.471756	0.4581	0.457801	0.375842	0.334196	0.333197	0.336992	0.336177	0.337987	0.285244	0.281557	0.283019	0.271228	0.271394	0	0.405462	0.416402	0.421022	0.413044	0.413364	0.413801	0.481632	0.480664	0.473877	0.446358	0.492626	0.492408	0.480185	0.481697	0.482978	0.47117	0.470866	0.471562	0.490646	0.479409	0.484749	0.483632	0.485867	0.479966	0.538494	0.535685	0.537665	0.532858	0.534229	0.533478	0.52762	0.527808	0.527797	0.520785	0.52183	0.521525	0.529582	0.527511	0.527084	0.548548	0.548579	0.548897	0.512878	0.50952	0.51177	0.534995	0.533572	0.53418	0.365142	0.366738	0.362165	0.398629	0.396606	0.39683	0.556037	0.48924	0.487881	0.530794	0.528759	0.531507
ERR608713-k20-n1-x5e9	0.47957	0.372112	0.394048	0.363747	0.366174	0.36363	0.394186	0.38525	0.373279	0.383333	0.38461	0.382684	0.338257	0.376377	0.509717	0.412681	0.348496	0.349937	0.365152	0.415822	0.521513	0.443408	0.390007	0.391834	0.37592	0.352594	0.353384	0.344576	0.344504	0.340638	0.410529	0.408714	0.415409	0.405486	0.405655	0.405462	0	0.296284	0.311367	0.295288	0.293497	0.292066	0.463018	0.459535	0.443927	0.41358	0.475749	0.474766	0.491058	0.515267	0.516639	0.511058	0.509342	0.510902	0.446369	0.444036	0.446797	0.450614	0.449404	0.444829	0.426133	0.430683	0.42793	0.437775	0.43569	0.4371	0.445862	0.456907	0.455456	0.437991	0.437865	0.438755	0.439724	0.447535	0.44495	0.433207	0.433295	0.433005	0.464128	0.463696	0.46063	0.512317	0.508333	0.510992	0.316847	0.319208	0.322945	0.346606	0.345662	0.345174	0.565136	0.528715	0.527387	0.568366	0.565859	0.568704
ERR608714-k20-n1-x5e9	0.547644	0.37819	0.423527	0.371596	0.395637	0.384219	0.35012	0.351283	0.352681	0.350856	0.349936	0.350653	0.398219	0.311809	0.590186	0.334175	0.329437	0.327356	0.409213	0.350436	0.597922	0.368641	0.35633	0.355328	0.449064	0.38428	0.371037	0.345197	0.346402	0.341027	0.442993	0.437008	0.44379	0.417501	0.417438	0.416402	0.296284	0	0.23772	0.237409	0.237346	0.237143	0.380159	0.378365	0.36777	0.342249	0.393713	0.393236	0.523091	0.489709	0.489052	0.519443	0.519477	0.521716	0.481008	0.448483	0.438224	0.441414	0.437974	0.45015	0.426727	0.422464	0.422998	0.470122	0.467016	0.470366	0.414449	0.417288	0.416835	0.431875	0.431229	0.430541	0.411811	0.412585	0.411444	0.436735	0.434515	0.437316	0.48879	0.481639	0.47977	0.555221	0.55138	0.554671	0.327265	0.322914	0.327478	0.300092	0.30062	0.300158	0.62398	0.556528	0.554101	0.61279	0.612637	0.615172
ERR608715-k20-n1-x5e9	0.55742	0.383077	0.430194	0.377244	0.403365	0.391165	0.350453	0.353293	0.356598	0.352737	0.351826	0.352477	0.410841	0.309911	0.60232	0.328107	0.337118	0.33461	0.419831	0.347307	0.609597	0.362893	0.36069	0.359304	0.461084	0.391949	0.376786	0.350073	0.351107	0.346238	0.449793	0.443565	0.450027	0.42208	0.422116	0.421022	0.311367	0.23772	0	0.239624	0.239816	0.240451	0.371294	0.370177	0.361263	0.337136	0.3848	0.384518	0.530329	0.488567	0.487421	0.523001	0.523444	0.525747	0.490465	0.454333	0.442627	0.445293	0.441824	0.456083	0.434416	0.42881	0.430101	0.480106	0.477091	0.480695	0.416407	0.417449	0.417094	0.437265	0.436556	0.435426	0.414516	0.41379	0.413049	0.44462	0.442227	0.445238	0.496597	0.48838	0.487001	0.563683	0.559756	0.563068	0.336479	0.331114	0.335442	0.30136	0.30195	0.30154	0.633138	0.562228	0.559505	0.620038	0.62026	0.62262
ERR608716-k20-n1-x5e9	0.542963	0.373872	0.418763	0.367162	0.390898	0.379615	0.349985	0.350642	0.351635	0.350041	0.349426	0.349806	0.394629	0.314011	0.586852	0.337446	0.330915	0.328934	0.406098	0.352716	0.594677	0.371878	0.358268	0.357251	0.445282	0.379845	0.366907	0.341204	0.342146	0.337082	0.439345	0.433499	0.440024	0.414143	0.413971	0.413044	0.295288	0.237409	0.239624	0	0.236001	0.236084	0.383184	0.381456	0.37104	0.344013	0.396758	0.39636	0.520209	0.487356	0.486806	0.515596	0.515618	0.517777	0.478997	0.446603	0.436905	0.43978	0.436698	0.447949	0.426415	0.42248	0.422981	0.467429	0.464434	0.467864	0.415392	0.418413	0.417974	0.430424	0.429786	0.429098	0.412871	0.413944	0.412758	0.435738	0.433731	0.436074	0.486796	0.479632	0.477743	0.55224	0.548267	0.551589	0.325054	0.320445	0.324577	0.299874	0.29983	0.299846	0.620754	0.552496	0.55013	0.608563	0.608363	0.610917
ERR608717-k20-n1-x5e9	0.542679	0.374033	0.418964	0.367576	0.391017	0.379497	0.349997	0.350529	0.351482	0.350026	0.349323	0.349686	0.393769	0.313467	0.585875	0.337242	0.32921	0.327377	0.405346	0.352733	0.593888	0.371868	0.35725	0.356455	0.444462	0.379713	0.366993	0.341276	0.34247	0.337091	0.439091	0.433387	0.439802	0.414341	0.414143	0.413364	0.293497	0.237346	0.239816	0.236001	0	0.235606	0.383884	0.382061	0.371581	0.3446	0.39752	0.397124	0.520194	0.48831	0.487728	0.516324	0.516152	0.518339	0.478673	0.446765	0.436995	0.440108	0.436959	0.448146	0.425837	0.422117	0.422542	0.467022	0.464009	0.467393	0.415362	0.418503	0.417995	0.430449	0.429941	0.429263	0.412609	0.413588	0.412403	0.43518	0.433086	0.435496	0.486353	0.479295	0.477506	0.551839	0.547935	0.55122	0.324059	0.319957	0.324256	0.299493	0.299737	0.299605	0.620468	0.553126	0.550611	0.608753	0.608445	0.611057
ERR608718-k20-n1-x5e9	0.54235	0.374471	0.419231	0.367781	0.391058	0.379819	0.350157	0.350501	0.351217	0.350157	0.349286	0.349582	0.392813	0.313413	0.585009	0.337446	0.327986	0.326277	0.404705	0.35295	0.593013	0.372385	0.356532	0.355634	0.444123	0.379946	0.367362	0.341896	0.342975	0.337544	0.439219	0.433545	0.440075	0.414646	0.41471	0.413801	0.292066	0.237143	0.240451	0.236084	0.235606	0	0.384301	0.382317	0.371695	0.344705	0.397804	0.397373	0.520576	0.489504	0.489063	0.517018	0.516836	0.519031	0.478727	0.447412	0.437884	0.441	0.437802	0.448814	0.425892	0.422435	0.422608	0.466946	0.463848	0.467402	0.416197	0.419622	0.418914	0.43119	0.430549	0.429778	0.413174	0.414378	0.413314	0.435278	0.43331	0.435691	0.486668	0.479776	0.477813	0.552087	0.548271	0.551452	0.323751	0.319662	0.323944	0.300155	0.300387	0.299763	0.620316	0.553611	0.5513	0.609003	0.60867	0.611244
ERR609277-k20-n1-x5e9	0.647312	0.475141	0.524318	0.469341	0.498881	0.485889	0.360095	0.372146	0.387362	0.374167	0.370805	0.373999	0.507202	0.342051	0.683403	0.32496	0.396385	0.391951	0.489106	0.33212	0.677844	0.322768	0.370553	0.366924	0.562406	0.494922	0.47848	0.448728	0.450132	0.445186	0.515547	0.508619	0.515845	0.483584	0.483285	0.481632	0.463018	0.380159	0.371294	0.383184	0.383884	0.384301	0	0.239855	0.243873	0.258875	0.248049	0.248388	0.583398	0.508306	0.505796	0.565655	0.565865	0.568791	0.556115	0.510989	0.493261	0.495324	0.491038	0.512179	0.511289	0.501344	0.502911	0.566891	0.563292	0.567494	0.463928	0.456778	0.454975	0.509364	0.508649	0.506328	0.471175	0.463945	0.462475	0.528964	0.525167	0.529718	0.565765	0.556	0.554241	0.634917	0.631403	0.634484	0.434851	0.428165	0.432665	0.379963	0.381318	0.381076	0.695421	0.619527	0.616628	0.679287	0.67935	0.681628
