	ERR605387-k20-n1-x5e9	ERR605388-k20-n1-x5e9	ERR605389-k20-n1-x5e9	ERR605390-k20-n1-x5e9	ERR605391-k20-n1-x5e9	ERR605392-k20-n1-x5e9	ERR605381-k20-n1-x5e9	ERR605382-k20-n1-x5e9	ERR605383-k20-n1-x5e9	ERR605384-k20-n1-x5e9	ERR605385-k20-n1-x5e9	ERR605386-k20-n1-x5e9	ERR608311-k20-n1-x5e9	ERR608312-k20-n1-x5e9	ERR608313-k20-n1-x5e9	ERR608314-k20-n1-x5e9	ERR608315-k20-n1-x5e9	ERR608316-k20-n1-x5e9	ERR609175-k20-n1-x5e9	ERR609176-k20-n1-x5e9	ERR609177-k20-n1-x5e9	ERR609178-k20-n1-x5e9	ERR609179-k20-n1-x5e9	ERR609180-k20-n1-x5e9	ERR608445-k20-n1-x5e9	ERR608446-k20-n1-x5e9	ERR608447-k20-n1-x5e9	ERR608448-k20-n1-x5e9	ERR608449-k20-n1-x5e9	ERR608450-k20-n1-x5e9	ERR605515-k20-n1-x5e9	ERR605516-k20-n1-x5e9	ERR605517-k20-n1-x5e9	ERR605518-k20-n1-x5e9	ERR605519-k20-n1-x5e9	ERR605520-k20-n1-x5e9	ERR610151-k20-n1-x5e9	ERR610152-k20-n1-x5e9	ERR610153-k20-n1-x5e9	ERR610154-k20-n1-x5e9	ERR610155-k20-n1-x5e9	ERR610156-k20-n1-x5e9	ERR608823-k20-n1-x5e9	ERR608824-k20-n1-x5e9	ERR608825-k20-n1-x5e9	ERR608826-k20-n1-x5e9	ERR608827-k20-n1-x5e9	ERR608828-k20-n1-x5e9	ERR608161-k20-n1-x5e9	ERR608162-k20-n1-x5e9	ERR608163-k20-n1-x5e9	ERR608164-k20-n1-x5e9	ERR608165-k20-n1-x5e9	ERR608166-k20-n1-x5e9	ERR608149-k20-n1-x5e9	ERR608150-k20-n1-x5e9	ERR608151-k20-n1-x5e9	ERR608152-k20-n1-x5e9	ERR608153-k20-n1-x5e9	ERR608154-k20-n1-x5e9	ERR608549-k20-n1-x5e9	ERR608550-k20-n1-x5e9	ERR608551-k20-n1-x5e9	ERR608552-k20-n1-x5e9	ERR608553-k20-n1-x5e9	ERR608554-k20-n1-x5e9	ERR608401-k20-n1-x5e9	ERR608402-k20-n1-x5e9	ERR608403-k20-n1-x5e9	ERR608404-k20-n1-x5e9	ERR608405-k20-n1-x5e9	ERR608406-k20-n1-x5e9	ERR608689-k20-n1-x5e9	ERR608690-k20-n1-x5e9	ERR608691-k20-n1-x5e9	ERR608692-k20-n1-x5e9	ERR608693-k20-n1-x5e9	ERR608694-k20-n1-x5e9	ERR609517-k20-n1-x5e9	ERR609518-k20-n1-x5e9	ERR609519-k20-n1-x5e9	ERR609520-k20-n1-x5e9	ERR609521-k20-n1-x5e9	ERR609522-k20-n1-x5e9	ERR605653-k20-n1-x5e9	ERR605654-k20-n1-x5e9	ERR605655-k20-n1-x5e9	ERR605656-k20-n1-x5e9	ERR605657-k20-n1-x5e9	ERR605658-k20-n1-x5e9	ERR607311-k20-n1-x5e9	ERR607312-k20-n1-x5e9	ERR607313-k20-n1-x5e9	ERR607314-k20-n1-x5e9	ERR607315-k20-n1-x5e9	ERR607316-k20-n1-x5e9
ERR605387-k20-n1-x5e9	0	0.410964	0.256783	0.25983	0.258335	0.258822	0.328709	0.489529	0.34835	0.349533	0.348531	0.347275	0.428675	0.378963	0.373653	0.361263	0.363795	0.364003	0.312117	0.312291	0.32081	0.344989	0.312947	0.314908	0.449281	0.431095	0.433257	0.435761	0.436345	0.43248	0.355031	0.345479	0.33513	0.343173	0.345665	0.34282	0.343435	0.404972	0.33019	0.341917	0.344346	0.345522	0.390851	0.331292	0.331647	0.330692	0.330359	0.33038	0.462324	0.45907	0.458275	0.507096	0.503983	0.506109	0.454473	0.437554	0.438025	0.439751	0.440006	0.438158	0.506396	0.468526	0.455035	0.460148	0.461394	0.46998	0.45151	0.436164	0.435279	0.43622	0.436774	0.435955	0.514764	0.494853	0.491084	0.491651	0.490639	0.494317	0.488696	0.488228	0.586646	0.465998	0.466472	0.47079	0.433972	0.43305	0.434574	0.441234	0.436502	0.436325	0.463448	0.461112	0.461618	0.478225	0.47515	0.472071
ERR605388-k20-n1-x5e9	0.410964	0	0.384111	0.380232	0.38258	0.382119	0.390826	0.35349	0.366992	0.365529	0.367164	0.367444	0.394456	0.417203	0.433259	0.447848	0.436859	0.43521	0.412867	0.41018	0.40245	0.363368	0.424491	0.420577	0.50377	0.538101	0.556643	0.56315	0.566638	0.53986	0.537383	0.521506	0.501264	0.517478	0.522018	0.517276	0.5088	0.356137	0.466016	0.508968	0.512222	0.515417	0.386772	0.451675	0.46677	0.450224	0.44798	0.448923	0.523048	0.5305	0.531225	0.500013	0.499928	0.49794	0.515165	0.546158	0.562044	0.564144	0.567308	0.545222	0.49191	0.494808	0.502591	0.50007	0.499828	0.496283	0.51541	0.539121	0.553082	0.554233	0.557304	0.539506	0.566283	0.577249	0.585868	0.588366	0.590233	0.578552	0.499713	0.49896	0.499242	0.523168	0.52101	0.513709	0.529644	0.511541	0.508172	0.504712	0.505239	0.502718	0.548358	0.561479	0.562573	0.52752	0.532072	0.53585
ERR605389-k20-n1-x5e9	0.256783	0.384111	0	0.256873	0.255897	0.256333	0.319677	0.46628	0.332274	0.334554	0.333698	0.332854	0.411037	0.37054	0.368917	0.360276	0.3604	0.360224	0.307301	0.307076	0.311956	0.328895	0.310429	0.311071	0.444049	0.43627	0.442083	0.445638	0.44684	0.437831	0.37484	0.363097	0.348823	0.35993	0.362933	0.359633	0.358124	0.383077	0.336552	0.355314	0.358658	0.359824	0.373069	0.333141	0.337478	0.332891	0.332068	0.332004	0.459463	0.458355	0.45757	0.497118	0.493927	0.49557	0.449468	0.442255	0.446425	0.448074	0.449115	0.442442	0.49297	0.460347	0.450064	0.454052	0.455112	0.461861	0.44668	0.43916	0.441519	0.442666	0.443764	0.439116	0.510493	0.496033	0.494821	0.495733	0.495197	0.496032	0.481649	0.481101	0.569985	0.463327	0.46352	0.466068	0.439316	0.43489	0.434949	0.440996	0.434915	0.434631	0.46411	0.465092	0.46519	0.474141	0.472287	0.470374
ERR605390-k20-n1-x5e9	0.25983	0.380232	0.256873	0	0.253831	0.25399	0.319411	0.462974	0.332438	0.331538	0.331146	0.330019	0.408494	0.363919	0.361578	0.354487	0.354343	0.354699	0.30943	0.310373	0.316939	0.327033	0.314185	0.315127	0.447031	0.43767	0.443889	0.446973	0.448425	0.439186	0.378719	0.367321	0.353138	0.3631	0.366639	0.362853	0.358739	0.383829	0.337587	0.359009	0.36188	0.363496	0.374931	0.332941	0.336736	0.33214	0.331238	0.33134	0.460142	0.458512	0.458672	0.493523	0.490872	0.492336	0.454484	0.445627	0.449528	0.450991	0.451973	0.44563	0.49476	0.460235	0.450074	0.453335	0.454457	0.461722	0.453288	0.444107	0.446644	0.447095	0.448474	0.443812	0.516322	0.500592	0.499128	0.499614	0.499251	0.500219	0.47518	0.474844	0.565133	0.461922	0.46191	0.464513	0.436449	0.431943	0.432005	0.43612	0.434971	0.433921	0.466236	0.466758	0.468449	0.473332	0.471259	0.469578
ERR605391-k20-n1-x5e9	0.258335	0.38258	0.255897	0.253831	0	0.253417	0.320084	0.465363	0.333563	0.332867	0.332153	0.331121	0.409798	0.364571	0.362029	0.35438	0.354679	0.355043	0.309298	0.309767	0.316295	0.328023	0.313361	0.314247	0.446921	0.436985	0.442766	0.445845	0.447373	0.438351	0.376552	0.365205	0.351354	0.361036	0.36458	0.360815	0.357325	0.385361	0.336656	0.357169	0.359962	0.361606	0.375343	0.331962	0.33537	0.331117	0.330237	0.330385	0.459936	0.45815	0.458319	0.494683	0.491648	0.493491	0.453832	0.444441	0.448367	0.449719	0.450576	0.444672	0.495089	0.460518	0.449983	0.453357	0.45473	0.461908	0.452456	0.443066	0.445234	0.445759	0.446831	0.442892	0.516133	0.49984	0.498349	0.498811	0.498482	0.499678	0.476063	0.475614	0.566648	0.46195	0.461875	0.464475	0.436182	0.432062	0.432219	0.436663	0.434909	0.433978	0.465884	0.466003	0.46771	0.473539	0.471383	0.469446
ERR605392-k20-n1-x5e9	0.258822	0.382119	0.256333	0.25399	0.253417	0	0.319754	0.464423	0.332858	0.332181	0.331624	0.330749	0.409649	0.364484	0.362171	0.354627	0.35454	0.355088	0.309089	0.309586	0.316447	0.327444	0.313495	0.313956	0.447864	0.438138	0.44374	0.446819	0.448302	0.439576	0.37616	0.364964	0.350731	0.360589	0.364068	0.360264	0.357701	0.385501	0.337027	0.357698	0.360583	0.362226	0.37564	0.332188	0.335642	0.331447	0.330551	0.330884	0.461144	0.459399	0.459614	0.495591	0.492561	0.4942	0.455631	0.446167	0.449988	0.451267	0.45241	0.446334	0.496137	0.461723	0.4515	0.454724	0.455861	0.463068	0.454116	0.444805	0.446985	0.447456	0.448758	0.444603	0.5169	0.500744	0.499263	0.49978	0.499416	0.500546	0.476824	0.476595	0.567131	0.462937	0.462969	0.465498	0.436594	0.432662	0.432599	0.437014	0.435283	0.434513	0.467003	0.467254	0.46894	0.474546	0.472555	0.470625
ERR605381-k20-n1-x5e9	0.328709	0.390826	0.319677	0.319411	0.320084	0.319754	0	0.411542	0.273426	0.274711	0.273996	0.273417	0.405971	0.377436	0.379706	0.376993	0.374192	0.373003	0.320414	0.319304	0.320965	0.324735	0.325745	0.325238	0.457834	0.460086	0.469479	0.473896	0.475452	0.461386	0.404888	0.390796	0.374663	0.387764	0.391416	0.387451	0.38974	0.375081	0.363054	0.388092	0.391047	0.393131	0.383639	0.368667	0.375513	0.367551	0.366282	0.367012	0.479478	0.480454	0.48001	0.503288	0.500417	0.501149	0.475038	0.476654	0.482453	0.484316	0.485637	0.476319	0.497419	0.471736	0.46554	0.467739	0.468628	0.472952	0.472693	0.471665	0.476295	0.477333	0.478742	0.471705	0.515751	0.5071	0.508071	0.509728	0.510088	0.507201	0.477912	0.477454	0.554393	0.468833	0.46815	0.468729	0.452184	0.443617	0.442748	0.446197	0.442664	0.441494	0.487828	0.491661	0.49225	0.490158	0.489932	0.488917
ERR605382-k20-n1-x5e9	0.489529	0.35349	0.46628	0.462974	0.465363	0.464423	0.411542	0	0.385015	0.384332	0.385768	0.386495	0.43397	0.473065	0.489255	0.504145	0.493683	0.491473	0.466373	0.463675	0.4554	0.419734	0.476618	0.472662	0.546629	0.58182	0.600037	0.606332	0.609611	0.583036	0.580507	0.5651	0.546111	0.561452	0.565661	0.561473	0.555341	0.403133	0.516408	0.555046	0.55834	0.561183	0.443932	0.512826	0.526916	0.51152	0.509913	0.510632	0.56896	0.576397	0.576411	0.543282	0.543533	0.540505	0.564529	0.595114	0.60983	0.61184	0.614865	0.593993	0.533078	0.541723	0.549834	0.547208	0.546849	0.542804	0.561862	0.586016	0.599438	0.600217	0.603109	0.586517	0.592876	0.607728	0.617167	0.619965	0.621995	0.609295	0.535941	0.535919	0.518497	0.56026	0.558236	0.550248	0.570137	0.552495	0.548651	0.545163	0.54437	0.541991	0.592791	0.605434	0.60632	0.573181	0.577847	0.581161
ERR605383-k20-n1-x5e9	0.34835	0.366992	0.332274	0.332438	0.333563	0.332858	0.273426	0.385015	0	0.272918	0.272384	0.272288	0.394857	0.381846	0.387886	0.390108	0.385159	0.383573	0.33242	0.330346	0.327049	0.321527	0.339038	0.337332	0.460625	0.474036	0.486358	0.491447	0.493343	0.475206	0.433804	0.418481	0.400193	0.414995	0.418854	0.414681	0.414295	0.357842	0.381481	0.411844	0.41527	0.417534	0.374495	0.384412	0.394458	0.383523	0.382135	0.382763	0.48505	0.488294	0.487624	0.498905	0.496671	0.496447	0.478029	0.489351	0.498263	0.500267	0.50205	0.488729	0.488752	0.471497	0.468739	0.469902	0.470268	0.472135	0.475349	0.482888	0.490397	0.491455	0.493194	0.483046	0.51721	0.515612	0.519261	0.521165	0.521926	0.515989	0.478948	0.478675	0.53956	0.475399	0.474427	0.472892	0.466977	0.455685	0.453046	0.455693	0.450967	0.449783	0.496889	0.503944	0.503896	0.494081	0.495183	0.495598
ERR605384-k20-n1-x5e9	0.349533	0.365529	0.334554	0.331538	0.332867	0.332181	0.274711	0.384332	0.272918	0	0.269221	0.26927	0.394727	0.376321	0.38221	0.385207	0.379849	0.379193	0.334233	0.333358	0.332531	0.320781	0.342539	0.340583	0.464556	0.474882	0.487304	0.492103	0.494594	0.476163	0.436518	0.421331	0.403052	0.41708	0.421308	0.416816	0.41448	0.362395	0.382387	0.414071	0.417291	0.41965	0.378672	0.384087	0.39319	0.382648	0.381265	0.381787	0.486012	0.48856	0.488647	0.496959	0.494884	0.494519	0.482661	0.491406	0.500202	0.501775	0.503811	0.490859	0.492321	0.472186	0.469488	0.469913	0.470527	0.473076	0.481326	0.486233	0.493637	0.494313	0.496192	0.48665	0.523242	0.519323	0.522461	0.524143	0.525008	0.519658	0.473687	0.473486	0.536057	0.474893	0.473642	0.472192	0.464731	0.45327	0.451137	0.451913	0.451676	0.449978	0.498792	0.504939	0.506434	0.493924	0.494783	0.495244
ERR605385-k20-n1-x5e9	0.348531	0.367164	0.333698	0.331146	0.332153	0.331624	0.273996	0.385768	0.272384	0.269221	0	0.269049	0.395023	0.376523	0.381927	0.384953	0.379853	0.378716	0.333789	0.332648	0.331938	0.320806	0.341785	0.340023	0.464327	0.474976	0.487229	0.492196	0.494477	0.476258	0.434937	0.419715	0.401559	0.415562	0.419824	0.415404	0.414103	0.362972	0.382181	0.413854	0.417153	0.419389	0.378919	0.383463	0.392528	0.381914	0.380691	0.381229	0.48655	0.488937	0.489108	0.497602	0.495684	0.495369	0.482896	0.49191	0.500504	0.502183	0.504126	0.491123	0.492681	0.472675	0.469786	0.470199	0.470904	0.473596	0.481714	0.486793	0.494009	0.494571	0.496673	0.486827	0.523492	0.519618	0.522814	0.524623	0.525277	0.51992	0.474108	0.474017	0.537034	0.474965	0.473768	0.472279	0.464725	0.453493	0.451241	0.452056	0.451921	0.450034	0.499101	0.505077	0.506552	0.494254	0.495113	0.495464
ERR605386-k20-n1-x5e9	0.347275	0.367444	0.332854	0.330019	0.331121	0.330749	0.273417	0.386495	0.272288	0.26927	0.269049	0	0.396174	0.377009	0.382308	0.384664	0.380122	0.378976	0.331924	0.331026	0.33039	0.319889	0.340299	0.338334	0.462984	0.472968	0.485276	0.489964	0.492376	0.474213	0.433327	0.418337	0.400259	0.414156	0.418334	0.413848	0.411517	0.362056	0.379599	0.411227	0.414398	0.416701	0.378875	0.382348	0.39172	0.380942	0.379637	0.380333	0.485077	0.487404	0.487581	0.496663	0.49443	0.494518	0.481411	0.489778	0.498342	0.499953	0.501975	0.489018	0.491967	0.471578	0.468676	0.469263	0.469972	0.472382	0.479904	0.484518	0.491706	0.492352	0.494362	0.484578	0.521557	0.517204	0.520466	0.52199	0.522795	0.51745	0.473698	0.473664	0.537267	0.474296	0.472913	0.471818	0.463632	0.452498	0.450565	0.451341	0.4511	0.449104	0.497378	0.503684	0.504892	0.492921	0.493828	0.494175
ERR608311-k20-n1-x5e9	0.428675	0.394456	0.411037	0.408494	0.409798	0.409649	0.405971	0.43397	0.394857	0.394727	0.395023	0.396174	0	0.31828	0.333924	0.347312	0.337638	0.335393	0.409255	0.408536	0.40298	0.384274	0.417518	0.414702	0.479881	0.501983	0.517201	0.522374	0.524814	0.503028	0.50252	0.489432	0.471772	0.484995	0.48888	0.484675	0.491888	0.412023	0.462575	0.490985	0.493543	0.495645	0.340329	0.39499	0.409316	0.393889	0.392718	0.39323	0.497504	0.502489	0.502363	0.49367	0.493195	0.491349	0.495288	0.515563	0.527301	0.528284	0.530749	0.51374	0.486213	0.478844	0.480768	0.479977	0.479912	0.479312	0.506653	0.519726	0.529235	0.529706	0.531383	0.519382	0.56256	0.562078	0.565932	0.566927	0.567774	0.562056	0.478085	0.478159	0.514719	0.486221	0.484762	0.480584	0.492437	0.478484	0.476004	0.474846	0.473187	0.471345	0.511077	0.520734	0.522141	0.499022	0.501024	0.503443
ERR608312-k20-n1-x5e9	0.378963	0.417203	0.37054	0.363919	0.364571	0.364484	0.377436	0.473065	0.381846	0.376321	0.376523	0.377009	0.31828	0	0.272225	0.278979	0.274855	0.274991	0.371316	0.373207	0.377222	0.364215	0.380029	0.379371	0.458828	0.458042	0.468263	0.471192	0.474006	0.459784	0.444484	0.433427	0.418439	0.428065	0.432296	0.42786	0.429161	0.423183	0.409583	0.433477	0.435229	0.437061	0.352161	0.338604	0.346126	0.336832	0.336118	0.337027	0.466417	0.466088	0.46811	0.478797	0.477533	0.477764	0.47708	0.475954	0.482662	0.481975	0.484176	0.475312	0.489921	0.459663	0.45489	0.45367	0.454863	0.461071	0.491174	0.485489	0.489926	0.489121	0.490573	0.485681	0.550218	0.534431	0.53362	0.533238	0.53366	0.534277	0.450422	0.450935	0.528408	0.455225	0.454276	0.454435	0.445508	0.436978	0.436	0.434217	0.443293	0.440593	0.474791	0.478075	0.48376	0.468931	0.46687	0.467212
ERR608313-k20-n1-x5e9	0.373653	0.433259	0.368917	0.361578	0.362029	0.362171	0.379706	0.489255	0.387886	0.38221	0.381927	0.382308	0.333924	0.272225	0	0.271487	0.269939	0.271031	0.370099	0.372813	0.379239	0.36996	0.378457	0.378396	0.459693	0.451696	0.459735	0.461916	0.464357	0.453777	0.432313	0.422473	0.408678	0.41704	0.420795	0.416578	0.416863	0.43456	0.401503	0.422358	0.423735	0.425252	0.36329	0.331448	0.336017	0.329618	0.329114	0.33008	0.464473	0.462394	0.465273	0.483307	0.481638	0.482308	0.477896	0.470076	0.474727	0.47358	0.475737	0.469972	0.497241	0.462349	0.455205	0.454116	0.455436	0.463575	0.492594	0.481255	0.483578	0.48261	0.483768	0.481607	0.551431	0.531379	0.52893	0.527868	0.528104	0.530981	0.451988	0.452629	0.539302	0.454037	0.453008	0.454644	0.439158	0.432962	0.432272	0.430941	0.442207	0.439502	0.470319	0.471211	0.477837	0.467635	0.463891	0.463615
ERR608314-k20-n1-x5e9	0.361263	0.447848	0.360276	0.354487	0.35438	0.354627	0.376993	0.504145	0.390108	0.385207	0.384953	0.384664	0.347312	0.278979	0.271487	0	0.265747	0.266334	0.363984	0.366671	0.374555	0.374104	0.370215	0.370619	0.454964	0.44125	0.446874	0.448637	0.450506	0.442638	0.41019	0.401351	0.389596	0.396334	0.399875	0.396253	0.401928	0.44108	0.391639	0.406405	0.40751	0.408625	0.36867	0.320611	0.323096	0.318875	0.318618	0.319082	0.458867	0.455915	0.457933	0.486852	0.484851	0.486151	0.471971	0.459382	0.461973	0.460896	0.462475	0.458991	0.499406	0.461311	0.452003	0.452473	0.453713	0.4625	0.485731	0.471289	0.471628	0.470646	0.471505	0.471101	0.545912	0.523669	0.519757	0.518852	0.518644	0.522761	0.455497	0.456101	0.552522	0.447753	0.447428	0.450379	0.428241	0.424278	0.424747	0.425357	0.433009	0.43069	0.461751	0.460878	0.466627	0.464392	0.460505	0.459235
ERR608315-k20-n1-x5e9	0.363795	0.436859	0.3604	0.354343	0.354679	0.35454	0.374192	0.493683	0.385159	0.379849	0.379853	0.380122	0.337638	0.274855	0.269939	0.265747	0	0.266131	0.363582	0.365748	0.372759	0.368653	0.370318	0.370085	0.454551	0.444631	0.45177	0.453882	0.455993	0.446132	0.418633	0.408955	0.396076	0.403882	0.407675	0.403651	0.408293	0.43387	0.394637	0.412712	0.414073	0.415477	0.362176	0.323983	0.328102	0.321891	0.321506	0.32231	0.45989	0.457527	0.459695	0.483462	0.4818	0.482362	0.471393	0.46233	0.466304	0.465339	0.467078	0.461902	0.495008	0.459554	0.451158	0.451262	0.452435	0.4604	0.485465	0.473481	0.475269	0.474427	0.475368	0.473392	0.545698	0.525323	0.522607	0.521837	0.521684	0.524706	0.453044	0.453537	0.544486	0.448847	0.448256	0.450384	0.432002	0.426671	0.426837	0.426662	0.434367	0.432086	0.464328	0.464644	0.470091	0.464361	0.461008	0.460375
ERR608316-k20-n1-x5e9	0.364003	0.43521	0.360224	0.354699	0.355043	0.355088	0.373003	0.491473	0.383573	0.379193	0.378716	0.378976	0.335393	0.274991	0.271031	0.266334	0.266131	0	0.363254	0.365162	0.371457	0.368066	0.369611	0.36972	0.453608	0.44574	0.453098	0.455509	0.457651	0.447261	0.418603	0.40859	0.395758	0.403946	0.407758	0.403837	0.41005	0.432042	0.395912	0.413884	0.415355	0.416647	0.359683	0.324587	0.329165	0.322232	0.322025	0.322572	0.459984	0.458211	0.459839	0.483323	0.481586	0.482416	0.47085	0.463108	0.467149	0.46646	0.468442	0.462559	0.493688	0.458912	0.451068	0.451257	0.452441	0.459756	0.484614	0.473814	0.475967	0.475168	0.476062	0.473825	0.544518	0.525167	0.522514	0.521975	0.522035	0.524561	0.45336	0.453643	0.543833	0.448294	0.447627	0.449535	0.432497	0.426593	0.427135	0.427163	0.433308	0.431182	0.464792	0.465519	0.470675	0.464864	0.461854	0.461165
ERR609175-k20-n1-x5e9	0.312117	0.412867	0.307301	0.30943	0.309298	0.309089	0.320414	0.466373	0.33242	0.334233	0.333789	0.331924	0.409255	0.371316	0.370099	0.363984	0.363582	0.363254	0	0.253003	0.25784	0.277967	0.257804	0.258426	0.430618	0.424782	0.43212	0.435874	0.437263	0.426194	0.384567	0.372339	0.357388	0.368792	0.372216	0.368675	0.354909	0.373503	0.330151	0.352775	0.355517	0.357661	0.371154	0.337197	0.342058	0.336741	0.336056	0.336306	0.460241	0.459337	0.4587	0.496313	0.492848	0.494483	0.440148	0.434515	0.439248	0.441234	0.442359	0.434846	0.481986	0.449297	0.439294	0.443102	0.444086	0.45091	0.436725	0.429824	0.43342	0.434641	0.435448	0.430381	0.489811	0.476966	0.477605	0.478773	0.478636	0.477533	0.482417	0.482263	0.568072	0.467405	0.467401	0.469987	0.444892	0.439934	0.439202	0.44471	0.440562	0.440216	0.458223	0.459997	0.460436	0.466284	0.464433	0.462851
ERR609176-k20-n1-x5e9	0.312291	0.41018	0.307076	0.310373	0.309767	0.309586	0.319304	0.463675	0.330346	0.333358	0.332648	0.331026	0.408536	0.373207	0.372813	0.366671	0.365748	0.365162	0.253003	0	0.256132	0.277342	0.257638	0.257935	0.430015	0.426391	0.433908	0.438025	0.439222	0.42764	0.385433	0.372854	0.357705	0.369677	0.372929	0.369476	0.35762	0.370571	0.3322	0.354561	0.357535	0.359469	0.369338	0.339303	0.344771	0.338747	0.337854	0.338034	0.460709	0.460212	0.459165	0.496665	0.493014	0.494566	0.439573	0.435618	0.440716	0.442958	0.444027	0.435721	0.480395	0.44916	0.439604	0.443464	0.44467	0.450409	0.435418	0.430238	0.434129	0.435601	0.436374	0.430517	0.488737	0.47713	0.477677	0.479226	0.47899	0.477544	0.483877	0.483335	0.567679	0.46796	0.467906	0.470199	0.446391	0.440943	0.440414	0.446201	0.44045	0.440131	0.45897	0.461582	0.461215	0.46714	0.4656	0.463908
ERR609177-k20-n1-x5e9	0.32081	0.40245	0.311956	0.316939	0.316295	0.316447	0.320965	0.4554	0.327049	0.332531	0.331938	0.33039	0.40298	0.377222	0.379239	0.374555	0.372759	0.371457	0.25784	0.256132	0	0.276316	0.261671	0.261095	0.426327	0.430205	0.439408	0.444316	0.445699	0.43128	0.397847	0.384497	0.368024	0.381493	0.384602	0.381117	0.369721	0.36034	0.340763	0.364452	0.367664	0.369946	0.360611	0.345405	0.353576	0.3453	0.344448	0.344711	0.460093	0.461172	0.459387	0.493747	0.490171	0.491653	0.434356	0.437515	0.444613	0.447281	0.44853	0.43735	0.471988	0.445942	0.438101	0.442121	0.442735	0.447085	0.429735	0.430497	0.436097	0.438029	0.43869	0.430836	0.483186	0.476441	0.478836	0.480777	0.480734	0.476909	0.485828	0.485337	0.561789	0.469027	0.468835	0.469866	0.452778	0.445759	0.444389	0.45068	0.441284	0.441566	0.45955	0.464175	0.462379	0.466363	0.466147	0.464947
ERR609178-k20-n1-x5e9	0.344989	0.363368	0.328895	0.327033	0.328023	0.327444	0.324735	0.419734	0.321527	0.320781	0.320806	0.319889	0.384274	0.364215	0.36996	0.374104	0.368653	0.368066	0.277967	0.277342	0.276316	0	0.289205	0.287089	0.438032	0.450356	0.464442	0.469421	0.472359	0.452337	0.43765	0.423048	0.40409	0.418513	0.422712	0.418414	0.402662	0.344802	0.366318	0.403108	0.406248	0.408955	0.355978	0.362286	0.372397	0.361171	0.359657	0.360513	0.470941	0.473182	0.473937	0.482986	0.48044	0.480782	0.451156	0.462119	0.472799	0.474638	0.477135	0.461847	0.465282	0.443811	0.441541	0.441802	0.442412	0.445392	0.450717	0.457605	0.466743	0.467602	0.469669	0.458256	0.500039	0.497288	0.502106	0.503693	0.504944	0.498447	0.47181	0.471738	0.533088	0.475566	0.474378	0.473157	0.464556	0.453301	0.450996	0.452199	0.453211	0.451237	0.47701	0.484145	0.486024	0.47051	0.470823	0.471714
ERR609179-k20-n1-x5e9	0.312947	0.424491	0.310429	0.314185	0.313361	0.313495	0.325745	0.476618	0.339038	0.342539	0.341785	0.340299	0.417518	0.380029	0.378457	0.370215	0.370318	0.369611	0.257804	0.257638	0.261671	0.289205	0	0.255128	0.432621	0.425297	0.431571	0.435278	0.43609	0.426286	0.379303	0.367335	0.35369	0.364412	0.367036	0.364339	0.353066	0.38105	0.330878	0.348807	0.351626	0.353389	0.37703	0.339824	0.34452	0.339461	0.338876	0.339177	0.462834	0.461496	0.460202	0.502889	0.499189	0.500813	0.440946	0.433939	0.437776	0.440031	0.440768	0.43411	0.486857	0.454339	0.4435	0.447872	0.448831	0.455434	0.436196	0.428932	0.431289	0.432826	0.433204	0.428853	0.489374	0.476354	0.47621	0.477452	0.477179	0.476335	0.490812	0.4904	0.577737	0.469212	0.469319	0.472231	0.447098	0.443159	0.442805	0.449591	0.442385	0.442622	0.459032	0.460312	0.459499	0.470176	0.468144	0.46628
ERR609180-k20-n1-x5e9	0.314908	0.420577	0.311071	0.315127	0.314247	0.313956	0.325238	0.472662	0.337332	0.340583	0.340023	0.338334	0.414702	0.379371	0.378396	0.370619	0.370085	0.36972	0.258426	0.257935	0.261095	0.287089	0.255128	0	0.432318	0.426802	0.433423	0.437212	0.438542	0.427583	0.382923	0.370777	0.356363	0.367947	0.370646	0.367658	0.357027	0.377922	0.333802	0.352645	0.355468	0.357279	0.374496	0.341449	0.346436	0.340914	0.340084	0.340368	0.462948	0.46185	0.460571	0.501156	0.497826	0.499239	0.440694	0.435259	0.439911	0.442086	0.442845	0.43545	0.484748	0.453163	0.442895	0.447384	0.448199	0.454423	0.43606	0.430138	0.433008	0.434602	0.43512	0.429947	0.4891	0.476931	0.477198	0.478538	0.478313	0.477127	0.489499	0.489137	0.57477	0.468782	0.468717	0.471337	0.448255	0.443681	0.443012	0.449665	0.442195	0.442305	0.459546	0.46168	0.460366	0.469672	0.468279	0.466521
ERR608445-k20-n1-x5e9	0.449281	0.50377	0.444049	0.447031	0.446921	0.447864	0.457834	0.546629	0.460625	0.464556	0.464327	0.462984	0.479881	0.458828	0.459693	0.454964	0.454551	0.453608	0.430618	0.430015	0.426327	0.438032	0.432621	0.432318	0	0.291478	0.312513	0.321278	0.325351	0.291374	0.500191	0.492627	0.481951	0.490044	0.491976	0.489963	0.465652	0.451734	0.445464	0.460776	0.462672	0.464195	0.44652	0.438484	0.443418	0.437719	0.437652	0.437545	0.331077	0.333355	0.33152	0.36601	0.361876	0.36475	0.294009	0.31328	0.330278	0.332597	0.336066	0.311918	0.348407	0.313981	0.308417	0.311906	0.311462	0.314041	0.29991	0.310942	0.325001	0.325818	0.328385	0.311128	0.378743	0.3753	0.381369	0.382136	0.384187	0.374713	0.394099	0.394384	0.480074	0.376317	0.376272	0.375447	0.375284	0.365062	0.360742	0.363999	0.356849	0.356888	0.342455	0.352844	0.350109	0.343053	0.344781	0.344242
ERR608446-k20-n1-x5e9	0.431095	0.538101	0.43627	0.43767	0.436985	0.438138	0.460086	0.58182	0.474036	0.474882	0.474976	0.472968	0.501983	0.458042	0.451696	0.44125	0.444631	0.44574	0.424782	0.426391	0.430205	0.450356	0.425297	0.426802	0.291478	0	0.257625	0.261175	0.263926	0.254826	0.461136	0.457646	0.452286	0.455443	0.456625	0.455258	0.425389	0.48557	0.418996	0.423912	0.424644	0.425521	0.470695	0.420737	0.418309	0.419927	0.420652	0.420266	0.338398	0.330477	0.330225	0.405103	0.400768	0.404465	0.319099	0.286972	0.287593	0.287697	0.289355	0.287435	0.40579	0.348655	0.328	0.333631	0.33541	0.349095	0.323741	0.292606	0.290867	0.289706	0.29072	0.292456	0.397739	0.366171	0.36125	0.359271	0.359382	0.364729	0.40802	0.408253	0.53217	0.376156	0.377357	0.3838	0.344142	0.346901	0.345958	0.352909	0.353376	0.353374	0.334162	0.328533	0.330804	0.357085	0.35048	0.345343
ERR608447-k20-n1-x5e9	0.433257	0.556643	0.442083	0.443889	0.442766	0.44374	0.469479	0.600037	0.486358	0.487304	0.487229	0.485276	0.517201	0.468263	0.459735	0.446874	0.45177	0.453098	0.43212	0.433908	0.439408	0.464442	0.431571	0.433423	0.312513	0.257625	0	0.252089	0.252962	0.25835	0.45098	0.449593	0.447102	0.447785	0.448623	0.447844	0.41941	0.504156	0.419897	0.418468	0.418723	0.419118	0.485658	0.423941	0.418997	0.423131	0.4244	0.423754	0.352969	0.342742	0.342429	0.428081	0.423559	0.427255	0.338036	0.291151	0.283899	0.283414	0.283591	0.292419	0.430817	0.370537	0.347048	0.353865	0.355983	0.371251	0.341133	0.298928	0.290303	0.289058	0.288603	0.298658	0.411922	0.372902	0.363733	0.361017	0.360261	0.370941	0.42435	0.424621	0.555558	0.385727	0.387635	0.396354	0.343486	0.351268	0.352407	0.361184	0.361086	0.361528	0.343559	0.332276	0.3352	0.373831	0.365376	0.358911
ERR608448-k20-n1-x5e9	0.435761	0.56315	0.445638	0.446973	0.445845	0.446819	0.473896	0.606332	0.491447	0.492103	0.492196	0.489964	0.522374	0.471192	0.461916	0.448637	0.453882	0.455509	0.435874	0.438025	0.444316	0.469421	0.435278	0.437212	0.321278	0.261175	0.252089	0	0.250225	0.260598	0.450133	0.449439	0.447593	0.44744	0.448112	0.44771	0.417234	0.51037	0.420362	0.417192	0.417124	0.417444	0.49125	0.425696	0.419765	0.425006	0.426023	0.425751	0.357845	0.347039	0.346852	0.434317	0.429958	0.433834	0.34563	0.29462	0.285252	0.28359	0.283548	0.295743	0.439745	0.378022	0.353783	0.360313	0.362706	0.37858	0.348925	0.303863	0.293326	0.291125	0.290094	0.3031	0.417864	0.37645	0.365936	0.36259	0.361743	0.374479	0.429671	0.430055	0.562735	0.39019	0.392226	0.401636	0.345239	0.355004	0.356259	0.365223	0.366393	0.366882	0.346702	0.333744	0.337287	0.378674	0.369148	0.362472
ERR608449-k20-n1-x5e9	0.436345	0.566638	0.44684	0.448425	0.447373	0.448302	0.475452	0.609611	0.493343	0.494594	0.494477	0.492376	0.524814	0.474006	0.464357	0.450506	0.455993	0.457651	0.437263	0.439222	0.445699	0.472359	0.43609	0.438542	0.325351	0.263926	0.252962	0.250225	0	0.262898	0.447749	0.447307	0.445952	0.445509	0.446084	0.445656	0.41678	0.513428	0.421007	0.4162	0.416188	0.41629	0.493387	0.426794	0.420483	0.425976	0.427303	0.426929	0.362228	0.351199	0.350536	0.44017	0.435928	0.439633	0.349014	0.296478	0.285939	0.284685	0.283713	0.297786	0.444371	0.383261	0.3584	0.365465	0.367645	0.383552	0.352005	0.305626	0.293938	0.292187	0.290776	0.3048	0.419767	0.377369	0.366178	0.362803	0.361493	0.375126	0.434657	0.435048	0.567959	0.39308	0.395095	0.404673	0.346998	0.357436	0.358943	0.36869	0.368666	0.369169	0.349587	0.336102	0.339102	0.383189	0.373968	0.366871
ERR608450-k20-n1-x5e9	0.43248	0.53986	0.437831	0.439186	0.438351	0.439576	0.461386	0.583036	0.475206	0.476163	0.476258	0.474213	0.503028	0.459784	0.453777	0.442638	0.446132	0.447261	0.426194	0.42764	0.43128	0.452337	0.426286	0.427583	0.291374	0.254826	0.25835	0.260598	0.262898	0	0.46073	0.457224	0.451999	0.454789	0.456044	0.454895	0.427131	0.486858	0.421418	0.425293	0.425964	0.426892	0.470837	0.421763	0.419665	0.420799	0.421627	0.421406	0.338226	0.331155	0.329766	0.40556	0.401286	0.404653	0.318635	0.286793	0.287816	0.287445	0.289029	0.286296	0.405518	0.34915	0.3286	0.334372	0.336044	0.34872	0.32343	0.292858	0.291308	0.290195	0.290523	0.292031	0.397742	0.366848	0.361935	0.359449	0.359774	0.364701	0.408319	0.408848	0.532673	0.374421	0.375928	0.382469	0.343308	0.345988	0.34483	0.352171	0.351128	0.351479	0.334281	0.328507	0.330288	0.357288	0.351548	0.34619
ERR605515-k20-n1-x5e9	0.355031	0.537383	0.37484	0.378719	0.376552	0.37616	0.404888	0.580507	0.433804	0.436518	0.434937	0.433327	0.50252	0.444484	0.432313	0.41019	0.418633	0.418603	0.384567	0.385433	0.397847	0.43765	0.379303	0.382923	0.500191	0.461136	0.45098	0.450133	0.447749	0.46073	0	0.250558	0.258651	0.252956	0.251479	0.252823	0.38016	0.510722	0.395775	0.377639	0.378317	0.376679	0.470947	0.381603	0.37323	0.381853	0.382577	0.382104	0.510589	0.503359	0.501658	0.571568	0.568122	0.570777	0.512609	0.477443	0.466657	0.46738	0.465314	0.477531	0.573339	0.530524	0.512191	0.518755	0.520564	0.530577	0.513014	0.482636	0.471443	0.472301	0.470483	0.481124	0.555421	0.523277	0.512809	0.512221	0.509753	0.521728	0.537602	0.53738	0.650818	0.496447	0.498222	0.507341	0.451229	0.460466	0.464513	0.475394	0.467667	0.468594	0.499669	0.489296	0.488857	0.528683	0.522784	0.517208
ERR605516-k20-n1-x5e9	0.345479	0.521506	0.363097	0.367321	0.365205	0.364964	0.390796	0.5651	0.418481	0.421331	0.419715	0.418337	0.489432	0.433427	0.422473	0.401351	0.408955	0.40859	0.372339	0.372854	0.384497	0.423048	0.367335	0.370777	0.492627	0.457646	0.449593	0.449439	0.447307	0.457224	0.250558	0	0.253975	0.251508	0.25083	0.251448	0.378344	0.49651	0.389311	0.375342	0.376398	0.375103	0.457801	0.374161	0.367434	0.374199	0.374737	0.374293	0.504395	0.498095	0.496316	0.56289	0.559609	0.562071	0.505573	0.474182	0.464965	0.466112	0.464336	0.474087	0.563769	0.522233	0.504837	0.511312	0.512888	0.522427	0.505859	0.478368	0.46895	0.470074	0.468408	0.47713	0.548404	0.51885	0.509416	0.509142	0.507114	0.517387	0.529028	0.528617	0.639836	0.489664	0.491308	0.499668	0.447002	0.454221	0.45811	0.468684	0.460098	0.460934	0.495428	0.486354	0.485906	0.522227	0.517031	0.512001
ERR605517-k20-n1-x5e9	0.33513	0.501264	0.348823	0.353138	0.351354	0.350731	0.374663	0.546111	0.400193	0.403052	0.401559	0.400259	0.471772	0.418439	0.408678	0.389596	0.396076	0.395758	0.357388	0.357705	0.368024	0.40409	0.35369	0.356363	0.481951	0.452286	0.447102	0.447593	0.445952	0.451999	0.258651	0.253975	0	0.253853	0.254571	0.253818	0.375834	0.478004	0.381539	0.372488	0.374011	0.372991	0.439996	0.36375	0.359139	0.363865	0.364019	0.36393	0.495722	0.490304	0.488679	0.550878	0.547574	0.549816	0.496105	0.469437	0.462852	0.463916	0.462481	0.469136	0.550509	0.510783	0.494691	0.500379	0.502154	0.510915	0.496353	0.472737	0.46515	0.466368	0.465022	0.471304	0.539127	0.512339	0.504512	0.50444	0.502591	0.51091	0.517931	0.517573	0.625399	0.481408	0.482719	0.490127	0.443317	0.448043	0.450652	0.460832	0.452257	0.452847	0.488759	0.481886	0.480809	0.513047	0.5082	0.503714
ERR605518-k20-n1-x5e9	0.343173	0.517478	0.35993	0.3631	0.361036	0.360589	0.387764	0.561452	0.414995	0.41708	0.415562	0.414156	0.484995	0.428065	0.41704	0.396334	0.403882	0.403946	0.368792	0.369677	0.381493	0.418513	0.364412	0.367947	0.490044	0.455443	0.447785	0.44744	0.445509	0.454789	0.252956	0.251508	0.253853	0	0.250063	0.250101	0.37533	0.492677	0.386082	0.3731	0.373976	0.37282	0.454224	0.370263	0.363526	0.370535	0.370957	0.370542	0.501719	0.495408	0.493911	0.559232	0.555875	0.558252	0.50368	0.472396	0.463985	0.464587	0.462927	0.472312	0.560859	0.519145	0.502086	0.507778	0.509606	0.51923	0.504437	0.476953	0.467809	0.468734	0.467062	0.47549	0.54698	0.517277	0.508136	0.507669	0.505526	0.515704	0.524563	0.524318	0.63565	0.486425	0.487933	0.496382	0.444665	0.451768	0.454904	0.464941	0.45811	0.458631	0.492999	0.484139	0.483969	0.519044	0.513687	0.508769
ERR605519-k20-n1-x5e9	0.345665	0.522018	0.362933	0.366639	0.36458	0.364068	0.391416	0.565661	0.418854	0.421308	0.419824	0.418334	0.48888	0.432296	0.420795	0.399875	0.407675	0.407758	0.372216	0.372929	0.384602	0.422712	0.367036	0.370646	0.491976	0.456625	0.448623	0.448112	0.446084	0.456044	0.251479	0.25083	0.254571	0.250063	0	0.249954	0.376438	0.496298	0.388323	0.373887	0.374779	0.373391	0.457114	0.372464	0.365638	0.372809	0.37326	0.373103	0.503622	0.497302	0.495472	0.562177	0.558738	0.561094	0.50513	0.473265	0.464277	0.464937	0.463138	0.472955	0.56349	0.521673	0.504469	0.510457	0.512066	0.521692	0.505678	0.477892	0.46821	0.469075	0.467465	0.476169	0.548299	0.518337	0.508827	0.508399	0.506263	0.516649	0.528153	0.527989	0.639357	0.488617	0.490317	0.498829	0.446728	0.454214	0.45739	0.467887	0.460024	0.460739	0.494318	0.485056	0.484701	0.521057	0.515782	0.510722
ERR605520-k20-n1-x5e9	0.34282	0.517276	0.359633	0.362853	0.360815	0.360264	0.387451	0.561473	0.414681	0.416816	0.415404	0.413848	0.484675	0.42786	0.416578	0.396253	0.403651	0.403837	0.368675	0.369476	0.381117	0.418414	0.364339	0.367658	0.489963	0.455258	0.447844	0.44771	0.445656	0.454895	0.252823	0.251448	0.253818	0.250101	0.249954	0	0.375101	0.492238	0.385976	0.372725	0.373633	0.372673	0.453516	0.369801	0.363027	0.369845	0.370453	0.369974	0.501526	0.49523	0.49354	0.558937	0.555413	0.558026	0.503527	0.472347	0.464018	0.464575	0.462851	0.472147	0.560961	0.519056	0.502113	0.507964	0.509621	0.51928	0.504516	0.477113	0.467861	0.468799	0.467147	0.475613	0.547281	0.517546	0.508522	0.508011	0.505968	0.515981	0.524517	0.52427	0.635589	0.486478	0.487845	0.496294	0.444764	0.451766	0.454938	0.464944	0.458138	0.458549	0.492825	0.484166	0.483766	0.518808	0.513524	0.508654
ERR610151-k20-n1-x5e9	0.343435	0.5088	0.358124	0.358739	0.357325	0.357701	0.38974	0.555341	0.414295	0.41448	0.414103	0.411517	0.491888	0.429161	0.416863	0.401928	0.408293	0.41005	0.354909	0.35762	0.369721	0.402662	0.353066	0.357027	0.465652	0.425389	0.41941	0.417234	0.41678	0.427131	0.38016	0.378344	0.375834	0.37533	0.376438	0.375101	0	0.414016	0.254062	0.242251	0.241435	0.241959	0.454576	0.369473	0.360365	0.368215	0.369392	0.368894	0.475452	0.468313	0.468666	0.533769	0.529846	0.532966	0.466349	0.427884	0.420403	0.41967	0.418728	0.430123	0.53814	0.490953	0.472957	0.478519	0.480411	0.49307	0.458689	0.425175	0.416045	0.415454	0.41503	0.424862	0.516267	0.484179	0.476183	0.474325	0.472965	0.483932	0.534844	0.535128	0.640744	0.506459	0.507409	0.51457	0.460866	0.467657	0.469502	0.477013	0.477769	0.478109	0.466301	0.455914	0.459244	0.491133	0.483633	0.47854
ERR610152-k20-n1-x5e9	0.404972	0.356137	0.383077	0.383829	0.385361	0.385501	0.375081	0.403133	0.357842	0.362395	0.362972	0.362056	0.412023	0.423183	0.43456	0.44108	0.43387	0.432042	0.373503	0.370571	0.36034	0.344802	0.38105	0.377922	0.451734	0.48557	0.504156	0.51037	0.513428	0.486858	0.510722	0.49651	0.478004	0.492677	0.496298	0.492238	0.414016	0	0.366536	0.410139	0.413667	0.417262	0.381533	0.427877	0.440862	0.426616	0.425315	0.425424	0.48124	0.488599	0.487386	0.477172	0.474689	0.474739	0.456084	0.487014	0.502944	0.505432	0.508515	0.486216	0.455387	0.454439	0.459469	0.459807	0.459242	0.455837	0.447568	0.472878	0.487245	0.488729	0.491836	0.473314	0.502116	0.51548	0.525405	0.527859	0.529728	0.517055	0.511867	0.51193	0.53628	0.514608	0.513173	0.50868	0.513579	0.499406	0.495668	0.496125	0.489731	0.488984	0.499799	0.512261	0.511082	0.486892	0.491788	0.494018
ERR610153-k20-n1-x5e9	0.33019	0.466016	0.336552	0.337587	0.336656	0.337027	0.363054	0.516408	0.381481	0.382387	0.382181	0.379599	0.462575	0.409583	0.401503	0.391639	0.394637	0.395912	0.330151	0.3322	0.340763	0.366318	0.330878	0.333802	0.445464	0.418996	0.419897	0.420362	0.421007	0.421418	0.395775	0.389311	0.381539	0.386082	0.388323	0.385976	0.254062	0.366536	0	0.255734	0.257665	0.259313	0.424158	0.360625	0.357221	0.359268	0.359717	0.359496	0.461291	0.456422	0.456885	0.510556	0.506481	0.509166	0.446151	0.421176	0.420191	0.42027	0.420901	0.422966	0.510186	0.467974	0.453301	0.458227	0.45985	0.470289	0.437095	0.414386	0.411836	0.411657	0.412419	0.414633	0.496977	0.473339	0.469659	0.469075	0.468594	0.473619	0.51809	0.518428	0.613815	0.496652	0.497028	0.5019	0.458996	0.460976	0.461351	0.467636	0.467382	0.467267	0.45752	0.452095	0.454747	0.475203	0.469794	0.465993
ERR610154-k20-n1-x5e9	0.341917	0.508968	0.355314	0.359009	0.357169	0.357698	0.388092	0.555046	0.411844	0.414071	0.413854	0.411227	0.490985	0.433477	0.422358	0.406405	0.412712	0.413884	0.352775	0.354561	0.364452	0.403108	0.348807	0.352645	0.460776	0.423912	0.418468	0.417192	0.4162	0.425293	0.377639	0.375342	0.372488	0.3731	0.373887	0.372725	0.242251	0.410139	0.255734	0	0.237451	0.237277	0.449834	0.368897	0.361655	0.368133	0.369399	0.36862	0.47305	0.466947	0.465979	0.534127	0.529704	0.532982	0.459378	0.423973	0.416767	0.416855	0.415558	0.425595	0.533728	0.488854	0.470955	0.477459	0.479079	0.490831	0.450262	0.41906	0.41008	0.410268	0.409566	0.418698	0.509242	0.478984	0.471465	0.470287	0.46858	0.478556	0.538764	0.538796	0.642263	0.50533	0.506486	0.513534	0.462775	0.469274	0.470588	0.479416	0.475622	0.47656	0.463048	0.454102	0.454622	0.489761	0.483241	0.478094
ERR610155-k20-n1-x5e9	0.344346	0.512222	0.358658	0.36188	0.359962	0.360583	0.391047	0.55834	0.41527	0.417291	0.417153	0.414398	0.493543	0.435229	0.423735	0.40751	0.414073	0.415355	0.355517	0.357535	0.367664	0.406248	0.351626	0.355468	0.462672	0.424644	0.418723	0.417124	0.416188	0.425964	0.378317	0.376398	0.374011	0.373976	0.374779	0.373633	0.241435	0.413667	0.257665	0.237451	0	0.236911	0.452828	0.370559	0.362859	0.369906	0.371004	0.370179	0.474324	0.467914	0.466964	0.535644	0.531445	0.534621	0.461397	0.425018	0.417341	0.417221	0.415938	0.426564	0.536079	0.490745	0.472681	0.479189	0.480729	0.492713	0.452392	0.420485	0.410946	0.411189	0.410143	0.419692	0.511232	0.480266	0.472371	0.470969	0.469272	0.479669	0.539856	0.540029	0.644161	0.506449	0.507465	0.514774	0.463111	0.469856	0.4716	0.4802	0.47684	0.477826	0.463934	0.454434	0.455219	0.490917	0.484016	0.478986
ERR610156-k20-n1-x5e9	0.345522	0.515417	0.359824	0.363496	0.361606	0.362226	0.393131	0.561183	0.417534	0.41965	0.419389	0.416701	0.495645	0.437061	0.425252	0.408625	0.415477	0.416647	0.357661	0.359469	0.369946	0.408955	0.353389	0.357279	0.464195	0.425521	0.419118	0.417444	0.41629	0.426892	0.376679	0.375103	0.372991	0.37282	0.373391	0.372673	0.241959	0.417262	0.259313	0.237277	0.236911	0	0.454723	0.371419	0.36336	0.370929	0.37187	0.37113	0.475692	0.468973	0.468088	0.537721	0.533451	0.536573	0.462899	0.425813	0.41778	0.417705	0.416112	0.427415	0.538033	0.49265	0.474222	0.480979	0.482396	0.494332	0.454156	0.42175	0.411671	0.411877	0.410929	0.421088	0.512827	0.481293	0.473132	0.471718	0.469878	0.480732	0.541258	0.541299	0.646151	0.50697	0.508136	0.515552	0.463467	0.470548	0.472222	0.481116	0.477495	0.478503	0.464876	0.454921	0.455901	0.492306	0.485537	0.480404
ERR608823-k20-n1-x5e9	0.390851	0.386772	0.373069	0.374931	0.375343	0.37564	0.383639	0.443932	0.374495	0.378672	0.378919	0.378875	0.340329	0.352161	0.36329	0.36867	0.362176	0.359683	0.371154	0.369338	0.360611	0.355978	0.37703	0.374496	0.44652	0.470695	0.485658	0.49125	0.493387	0.470837	0.470947	0.457801	0.439996	0.454224	0.457114	0.453516	0.454576	0.381533	0.424158	0.449834	0.452828	0.454723	0	0.331838	0.348668	0.3329	0.331339	0.331606	0.467553	0.473292	0.471437	0.476249	0.474484	0.474232	0.453721	0.476317	0.488904	0.490846	0.492933	0.4745	0.457011	0.447453	0.448134	0.449062	0.448725	0.448131	0.462475	0.477567	0.487482	0.488598	0.489928	0.477296	0.53441	0.534953	0.539048	0.540459	0.540678	0.53498	0.472796	0.472569	0.521048	0.466966	0.46563	0.462963	0.472353	0.45981	0.456579	0.458286	0.450095	0.449579	0.475001	0.486202	0.484266	0.468035	0.470807	0.472565
