	ERR606036-k20-n1-x5e9	ERR606037-k20-n1-x5e9	ERR606038-k20-n1-x5e9	ERR606039-k20-n1-x5e9	ERR606040-k20-n1-x5e9	ERR606041-k20-n1-x5e9	ERR608001-k20-n1-x5e9	ERR608002-k20-n1-x5e9	ERR608003-k20-n1-x5e9	ERR608004-k20-n1-x5e9	ERR608005-k20-n1-x5e9	ERR608006-k20-n1-x5e9	ERR610193-k20-n1-x5e9	ERR610194-k20-n1-x5e9	ERR610195-k20-n1-x5e9	ERR610196-k20-n1-x5e9	ERR610197-k20-n1-x5e9	ERR610198-k20-n1-x5e9	ERR610113-k20-n1-x5e9	ERR610114-k20-n1-x5e9	ERR610115-k20-n1-x5e9	ERR610116-k20-n1-x5e9	ERR610117-k20-n1-x5e9	ERR610118-k20-n1-x5e9	ERR608653-k20-n1-x5e9	ERR608654-k20-n1-x5e9	ERR608655-k20-n1-x5e9	ERR608656-k20-n1-x5e9	ERR608657-k20-n1-x5e9	ERR608658-k20-n1-x5e9	ERR605593-k20-n1-x5e9	ERR605594-k20-n1-x5e9	ERR605595-k20-n1-x5e9	ERR605596-k20-n1-x5e9	ERR605597-k20-n1-x5e9	ERR605598-k20-n1-x5e9	ERR605982-k20-n1-x5e9	ERR605983-k20-n1-x5e9	ERR605984-k20-n1-x5e9	ERR605985-k20-n1-x5e9	ERR605986-k20-n1-x5e9	ERR605987-k20-n1-x5e9	ERR605781-k20-n1-x5e9	ERR605782-k20-n1-x5e9	ERR605783-k20-n1-x5e9	ERR605784-k20-n1-x5e9	ERR605785-k20-n1-x5e9	ERR605786-k20-n1-x5e9	ERR605934-k20-n1-x5e9	ERR605935-k20-n1-x5e9	ERR605936-k20-n1-x5e9	ERR605937-k20-n1-x5e9	ERR605938-k20-n1-x5e9	ERR605939-k20-n1-x5e9	ERR608689-k20-n1-x5e9	ERR608690-k20-n1-x5e9	ERR608691-k20-n1-x5e9	ERR608692-k20-n1-x5e9	ERR608693-k20-n1-x5e9	ERR608694-k20-n1-x5e9	ERR608805-k20-n1-x5e9	ERR608806-k20-n1-x5e9	ERR608807-k20-n1-x5e9	ERR608808-k20-n1-x5e9	ERR608809-k20-n1-x5e9	ERR608810-k20-n1-x5e9	ERR607899-k20-n1-x5e9	ERR607900-k20-n1-x5e9	ERR607901-k20-n1-x5e9	ERR607902-k20-n1-x5e9	ERR607903-k20-n1-x5e9	ERR607904-k20-n1-x5e9	ERR608025-k20-n1-x5e9	ERR608026-k20-n1-x5e9	ERR608027-k20-n1-x5e9	ERR608028-k20-n1-x5e9	ERR608029-k20-n1-x5e9	ERR608030-k20-n1-x5e9	ERR607379-k20-n1-x5e9	ERR607380-k20-n1-x5e9	ERR607381-k20-n1-x5e9	ERR607382-k20-n1-x5e9	ERR607383-k20-n1-x5e9	ERR607384-k20-n1-x5e9	ERR606000-k20-n1-x5e9	ERR606001-k20-n1-x5e9	ERR606002-k20-n1-x5e9	ERR606003-k20-n1-x5e9	ERR606004-k20-n1-x5e9	ERR606005-k20-n1-x5e9	ERR608185-k20-n1-x5e9	ERR608186-k20-n1-x5e9	ERR608187-k20-n1-x5e9	ERR608188-k20-n1-x5e9	ERR608189-k20-n1-x5e9	ERR608190-k20-n1-x5e9
ERR606036-k20-n1-x5e9	0	0.338388	0.342925	0.285823	0.284712	0.285109	0.544309	0.500407	0.482368	0.451504	0.447218	0.45448	0.485775	0.502186	0.471814	0.483361	0.484042	0.484963	0.386433	0.353098	0.553603	0.36899	0.356318	0.355968	0.402217	0.361357	0.356284	0.345824	0.345486	0.345675	0.446819	0.437183	0.426775	0.434538	0.436911	0.43438	0.410515	0.457989	0.461256	0.439037	0.434372	0.435837	0.476031	0.494489	0.3372	0.335822	0.336673	0.336571	0.454329	0.487602	0.490284	0.465391	0.461923	0.462395	0.552894	0.541858	0.542239	0.542606	0.542759	0.541802	0.525843	0.528232	0.52709	0.527769	0.528629	0.527596	0.529278	0.536179	0.536069	0.524584	0.526702	0.526911	0.546879	0.537854	0.544174	0.540013	0.537563	0.538777	0.567759	0.572334	0.572327	0.560937	0.56254	0.562526	0.484007	0.499069	0.500662	0.477461	0.476373	0.476068	0.55104	0.556729	0.555848	0.549153	0.551511	0.550481
ERR606037-k20-n1-x5e9	0.338388	0	0.247853	0.293415	0.29241	0.294536	0.64639	0.599465	0.579451	0.554923	0.550989	0.558801	0.455377	0.58083	0.472593	0.436062	0.438599	0.437402	0.498503	0.355651	0.65799	0.351328	0.409402	0.405205	0.507994	0.439009	0.422248	0.395639	0.396927	0.393295	0.385609	0.386949	0.391418	0.386728	0.387006	0.386298	0.473976	0.397906	0.398257	0.433394	0.433464	0.436196	0.586213	0.604766	0.420995	0.421696	0.422771	0.424274	0.49739	0.443771	0.443662	0.472781	0.471425	0.472807	0.590836	0.556586	0.546927	0.544661	0.543435	0.555455	0.497004	0.491337	0.491829	0.5279	0.526936	0.528129	0.491785	0.485626	0.488401	0.501244	0.498475	0.497407	0.597084	0.548593	0.541846	0.545792	0.543954	0.543586	0.532598	0.525293	0.527818	0.536712	0.534834	0.533952	0.525204	0.464587	0.463942	0.48378	0.48362	0.484027	0.5148	0.508692	0.510887	0.524498	0.522574	0.520187
ERR606038-k20-n1-x5e9	0.342925	0.247853	0	0.296809	0.296047	0.298098	0.649832	0.602814	0.582733	0.558635	0.554559	0.562378	0.45677	0.584973	0.475253	0.437224	0.439986	0.438517	0.502488	0.357609	0.661542	0.353022	0.412856	0.408439	0.512127	0.442329	0.425607	0.399	0.400192	0.396586	0.384726	0.386439	0.39128	0.386241	0.386611	0.38584	0.478135	0.398894	0.398718	0.43614	0.436224	0.439042	0.590011	0.608678	0.424818	0.425806	0.427023	0.428563	0.500465	0.44423	0.443895	0.474981	0.473773	0.475313	0.592487	0.557514	0.54755	0.545173	0.543816	0.556434	0.496621	0.490671	0.491335	0.528168	0.527272	0.528407	0.491251	0.484723	0.48764	0.501044	0.497991	0.49704	0.599288	0.549743	0.542453	0.546836	0.544882	0.544617	0.532025	0.524297	0.52709	0.536579	0.534498	0.533539	0.526945	0.464158	0.46337	0.484918	0.484793	0.485192	0.514237	0.507681	0.510078	0.524148	0.522109	0.519614
ERR606039-k20-n1-x5e9	0.285823	0.293415	0.296809	0	0.255075	0.255216	0.573737	0.523388	0.502892	0.47762	0.473318	0.481667	0.441177	0.509669	0.437665	0.438848	0.439789	0.440317	0.424208	0.351589	0.591644	0.363364	0.383232	0.380885	0.439407	0.377204	0.366046	0.349527	0.350311	0.349199	0.431701	0.425911	0.4215	0.42401	0.425895	0.423626	0.413389	0.406277	0.409019	0.397839	0.394489	0.396581	0.510092	0.530052	0.361643	0.359047	0.361921	0.363796	0.464448	0.458303	0.459855	0.44872	0.446476	0.446767	0.576038	0.553298	0.549359	0.548358	0.548579	0.552685	0.51993	0.518567	0.518787	0.530228	0.530648	0.530109	0.521356	0.522436	0.524888	0.520356	0.52036	0.520153	0.577825	0.549699	0.550121	0.549944	0.547114	0.547626	0.560431	0.559555	0.561977	0.555371	0.555624	0.555003	0.50526	0.483583	0.484298	0.472198	0.471676	0.471266	0.54482	0.545024	0.546769	0.54596	0.546427	0.544751
ERR606040-k20-n1-x5e9	0.284712	0.29241	0.296047	0.255075	0	0.252855	0.575831	0.526392	0.506223	0.480427	0.47635	0.484282	0.445811	0.512841	0.442605	0.44266	0.443708	0.444222	0.425954	0.351767	0.592687	0.363751	0.38095	0.378665	0.442213	0.381855	0.370916	0.353673	0.354547	0.353458	0.431748	0.42581	0.421877	0.42415	0.426268	0.423896	0.415692	0.408439	0.411414	0.400918	0.396095	0.398034	0.512198	0.53143	0.36332	0.359733	0.362291	0.364058	0.466499	0.460511	0.462216	0.451354	0.447728	0.448188	0.577614	0.555199	0.551364	0.550605	0.550635	0.554594	0.52305	0.521618	0.521703	0.533865	0.534225	0.533813	0.524425	0.525283	0.527583	0.523819	0.523997	0.523877	0.579996	0.552008	0.552664	0.552476	0.549144	0.549821	0.56317	0.562121	0.564297	0.558512	0.558797	0.558261	0.505829	0.484531	0.485215	0.473312	0.471915	0.471435	0.547653	0.547687	0.549173	0.548935	0.549775	0.54806
ERR606041-k20-n1-x5e9	0.285109	0.294536	0.298098	0.255216	0.252855	0	0.573208	0.523315	0.503011	0.477611	0.473539	0.481569	0.444634	0.510108	0.440487	0.442395	0.443267	0.444031	0.424085	0.353082	0.590776	0.3657	0.382709	0.380456	0.440378	0.37976	0.369189	0.352718	0.353436	0.352598	0.434649	0.428584	0.424389	0.426935	0.429039	0.426526	0.413844	0.407998	0.411061	0.399367	0.394603	0.396655	0.509658	0.529237	0.362422	0.35874	0.361806	0.363738	0.466722	0.461346	0.463068	0.451123	0.447903	0.448087	0.578311	0.556109	0.552393	0.551584	0.551761	0.555446	0.524857	0.523436	0.523624	0.534749	0.535188	0.534674	0.526353	0.52729	0.529692	0.52535	0.525532	0.525405	0.580982	0.553489	0.554116	0.553838	0.550528	0.551146	0.565078	0.564147	0.566478	0.560025	0.560346	0.559772	0.506524	0.485615	0.486453	0.473806	0.472496	0.471981	0.549574	0.549661	0.551284	0.550662	0.551365	0.549709
ERR608001-k20-n1-x5e9	0.544309	0.64639	0.649832	0.573737	0.575831	0.573208	0	0.334356	0.348607	0.356304	0.358935	0.354298	0.64228	0.493539	0.604017	0.665377	0.66345	0.666266	0.457894	0.608464	0.440073	0.630661	0.594079	0.595684	0.43072	0.479777	0.496513	0.522235	0.521112	0.52669	0.698295	0.687412	0.674692	0.683886	0.686956	0.683734	0.545758	0.662706	0.666952	0.60527	0.600952	0.599531	0.404396	0.40275	0.512857	0.513298	0.516239	0.517603	0.613249	0.689041	0.692068	0.632762	0.631848	0.630127	0.676411	0.690804	0.70066	0.702384	0.704695	0.69251	0.709566	0.715346	0.715416	0.676406	0.679985	0.675993	0.722266	0.734487	0.736513	0.704074	0.707304	0.708432	0.669083	0.698069	0.71159	0.703292	0.70248	0.704049	0.751756	0.761177	0.762843	0.733932	0.736221	0.73704	0.63771	0.697514	0.699879	0.648766	0.649505	0.647317	0.73779	0.748291	0.749322	0.724033	0.727071	0.72741
ERR608002-k20-n1-x5e9	0.500407	0.599465	0.602814	0.523388	0.526392	0.523315	0.334356	0	0.300142	0.310071	0.311377	0.308459	0.588738	0.450205	0.549419	0.615256	0.613304	0.616181	0.418313	0.566271	0.456708	0.58955	0.560894	0.562039	0.397699	0.425661	0.441004	0.468508	0.467971	0.473716	0.660867	0.650161	0.637219	0.646043	0.649508	0.646022	0.498706	0.612635	0.616854	0.552457	0.548829	0.547445	0.383629	0.392134	0.466603	0.469298	0.473207	0.475923	0.580168	0.647825	0.65094	0.592515	0.592311	0.590455	0.653002	0.66102	0.669792	0.670947	0.673339	0.66298	0.674892	0.679686	0.680543	0.642084	0.645879	0.641909	0.687634	0.699033	0.70218	0.669406	0.671748	0.672816	0.651085	0.670891	0.682574	0.675386	0.675333	0.676435	0.718558	0.727181	0.729967	0.699929	0.701701	0.702304	0.609603	0.660087	0.66251	0.612225	0.613265	0.61102	0.705392	0.714797	0.717001	0.691469	0.693793	0.693847
ERR608003-k20-n1-x5e9	0.482368	0.579451	0.582733	0.502892	0.506223	0.503011	0.348607	0.300142	0	0.300088	0.299974	0.299187	0.569258	0.441	0.530011	0.596141	0.594037	0.597049	0.404802	0.54802	0.465412	0.571733	0.54596	0.546565	0.388452	0.405697	0.419302	0.446919	0.446363	0.45234	0.644045	0.633409	0.620444	0.629091	0.632544	0.628991	0.483216	0.593424	0.597656	0.533695	0.530286	0.52897	0.383084	0.395225	0.447667	0.451567	0.455981	0.458622	0.56566	0.63081	0.633665	0.575925	0.576057	0.574013	0.642499	0.648474	0.656803	0.657702	0.660097	0.650359	0.659352	0.663992	0.664989	0.626964	0.630693	0.626757	0.672221	0.683241	0.686739	0.654058	0.655995	0.657112	0.639973	0.65777	0.668849	0.661835	0.662057	0.662962	0.703927	0.712203	0.71539	0.685004	0.686538	0.687124	0.596758	0.643979	0.646265	0.596714	0.597928	0.59556	0.690615	0.699749	0.702201	0.676918	0.678762	0.678887
ERR608004-k20-n1-x5e9	0.451504	0.554923	0.558635	0.47762	0.480427	0.477611	0.356304	0.310071	0.300088	0	0.288185	0.28927	0.564969	0.446094	0.52799	0.587362	0.585629	0.588452	0.380573	0.515758	0.459955	0.539449	0.506782	0.507937	0.363484	0.381897	0.395843	0.420137	0.418918	0.423952	0.61291	0.601288	0.587796	0.597374	0.600818	0.597249	0.473259	0.583655	0.587763	0.527266	0.523399	0.522053	0.376637	0.388911	0.418268	0.420002	0.423459	0.425239	0.542314	0.611713	0.614663	0.557081	0.556479	0.555065	0.615766	0.623135	0.631603	0.632811	0.635005	0.624832	0.63228	0.637556	0.638026	0.600132	0.603637	0.60004	0.645165	0.657369	0.660082	0.626689	0.629487	0.630553	0.608328	0.628759	0.641074	0.633417	0.632712	0.633901	0.678238	0.687581	0.689958	0.659439	0.66163	0.662211	0.568417	0.620004	0.622471	0.572667	0.5735	0.571362	0.664224	0.674477	0.676141	0.650114	0.652736	0.653002
ERR608005-k20-n1-x5e9	0.447218	0.550989	0.554559	0.473318	0.47635	0.473539	0.358935	0.311377	0.299974	0.288185	0	0.288379	0.563235	0.447418	0.526186	0.58569	0.583961	0.586564	0.377759	0.511368	0.461765	0.535268	0.502707	0.503381	0.361301	0.377822	0.391914	0.415558	0.41463	0.419776	0.60864	0.5969	0.583437	0.593054	0.596587	0.592921	0.471036	0.58069	0.585091	0.524681	0.520398	0.519362	0.377279	0.389756	0.414031	0.41561	0.419373	0.421159	0.540195	0.608993	0.611947	0.55479	0.55403	0.552656	0.613621	0.620505	0.628829	0.629978	0.632287	0.622247	0.628854	0.634121	0.634582	0.596924	0.600432	0.596768	0.64171	0.653868	0.656594	0.623176	0.626012	0.627177	0.606371	0.626025	0.638141	0.63076	0.629973	0.631201	0.675519	0.684838	0.687253	0.65673	0.658892	0.659545	0.565398	0.616317	0.618675	0.569256	0.570109	0.567898	0.661232	0.671469	0.673064	0.647142	0.649773	0.64998
ERR608006-k20-n1-x5e9	0.45448	0.558801	0.562378	0.481667	0.484282	0.481569	0.354298	0.308459	0.299187	0.28927	0.288379	0	0.568334	0.448048	0.530868	0.591119	0.589325	0.592155	0.382189	0.519446	0.458775	0.543162	0.510394	0.511393	0.364221	0.384504	0.398703	0.423268	0.422457	0.427465	0.615855	0.604043	0.590491	0.600177	0.603598	0.600024	0.475222	0.586847	0.591038	0.529927	0.525961	0.524913	0.376674	0.388558	0.421413	0.423097	0.426452	0.428487	0.545062	0.615155	0.618042	0.560612	0.559984	0.558335	0.616889	0.624576	0.633194	0.634434	0.636774	0.626466	0.634515	0.639908	0.640465	0.602179	0.605762	0.602068	0.647633	0.659981	0.662742	0.629206	0.631867	0.633031	0.610347	0.631167	0.643306	0.635648	0.635102	0.636429	0.680682	0.69013	0.692599	0.662114	0.664132	0.664756	0.570179	0.622422	0.624763	0.574846	0.575926	0.573642	0.666438	0.676807	0.678518	0.652162	0.654855	0.655122
ERR610193-k20-n1-x5e9	0.485775	0.455377	0.45677	0.441177	0.445811	0.444634	0.64228	0.588738	0.569258	0.564969	0.563235	0.568334	0	0.42844	0.274066	0.269581	0.26779	0.269539	0.565571	0.525852	0.686629	0.529522	0.576624	0.573044	0.53503	0.470706	0.45865	0.453268	0.45531	0.455124	0.575021	0.578294	0.581703	0.575574	0.576614	0.57515	0.401175	0.350229	0.351939	0.346923	0.352307	0.352649	0.597309	0.615791	0.505299	0.512119	0.516363	0.521048	0.563753	0.524688	0.524443	0.52547	0.529033	0.528598	0.724253	0.692019	0.683855	0.680193	0.680195	0.690579	0.646378	0.637916	0.640336	0.675218	0.674919	0.676427	0.632417	0.62219	0.627888	0.643148	0.636843	0.635878	0.724118	0.691102	0.687181	0.690063	0.690641	0.690195	0.676158	0.664884	0.670106	0.679288	0.675383	0.673881	0.667368	0.612629	0.611826	0.617426	0.620629	0.619997	0.659674	0.648667	0.653976	0.670183	0.665254	0.662635
ERR610194-k20-n1-x5e9	0.502186	0.58083	0.584973	0.509669	0.512841	0.510108	0.493539	0.450205	0.441	0.446094	0.447418	0.448048	0.42844	0	0.37837	0.462842	0.459506	0.464076	0.483675	0.586878	0.553789	0.604883	0.594546	0.594244	0.445216	0.447931	0.457636	0.48014	0.480781	0.48538	0.677068	0.67133	0.664312	0.668185	0.670351	0.667803	0.379133	0.504527	0.509823	0.43109	0.42846	0.426191	0.458272	0.472977	0.491693	0.495491	0.499748	0.503743	0.573236	0.622791	0.625718	0.572211	0.572675	0.57093	0.71665	0.711523	0.714478	0.714118	0.715835	0.711373	0.714961	0.715236	0.715393	0.710916	0.712558	0.711134	0.713548	0.717077	0.719263	0.70862	0.708684	0.708958	0.711493	0.718326	0.726752	0.722242	0.721903	0.722934	0.750115	0.751293	0.753163	0.741627	0.742115	0.741851	0.665873	0.684573	0.686094	0.649931	0.651436	0.650024	0.735142	0.736932	0.738531	0.733322	0.73355	0.73255
ERR610195-k20-n1-x5e9	0.471814	0.472593	0.475253	0.437665	0.442605	0.440487	0.604017	0.549419	0.530011	0.52799	0.526186	0.530868	0.274066	0.37837	0	0.29995	0.29711	0.300449	0.534482	0.52584	0.652743	0.534398	0.568688	0.565662	0.502866	0.446078	0.437436	0.438806	0.440627	0.441564	0.590431	0.590757	0.590766	0.587721	0.589159	0.587199	0.370702	0.371627	0.374807	0.339821	0.343273	0.342802	0.558948	0.577659	0.483982	0.491163	0.495854	0.500587	0.553093	0.536993	0.537749	0.521965	0.525023	0.524239	0.714498	0.687119	0.681372	0.678427	0.678811	0.685905	0.653457	0.647372	0.649334	0.67331	0.673544	0.674369	0.643462	0.637349	0.642153	0.649337	0.644789	0.644067	0.713873	0.688606	0.687517	0.688663	0.689136	0.689008	0.685853	0.678235	0.682652	0.685233	0.682535	0.681293	0.656955	0.618897	0.618835	0.612737	0.615734	0.614947	0.669848	0.662685	0.667053	0.676709	0.673183	0.670942
ERR610196-k20-n1-x5e9	0.483361	0.436062	0.437224	0.438848	0.44266	0.442395	0.665377	0.615256	0.596141	0.587362	0.58569	0.591119	0.269581	0.462842	0.29995	0	0.256642	0.256346	0.578852	0.514083	0.703161	0.513125	0.565684	0.561627	0.548019	0.482799	0.469341	0.457551	0.459416	0.45787	0.550832	0.555999	0.561826	0.554102	0.554291	0.553495	0.418369	0.341347	0.341991	0.360461	0.3656	0.367219	0.618826	0.636499	0.511111	0.516737	0.519921	0.523882	0.560086	0.510755	0.510292	0.522994	0.52596	0.52618	0.719113	0.685186	0.675464	0.671796	0.671266	0.683206	0.631788	0.622494	0.624137	0.668517	0.667657	0.669573	0.614055	0.601718	0.606242	0.628963	0.62271	0.621448	0.71546	0.679519	0.674499	0.677977	0.678297	0.677682	0.659659	0.646681	0.65082	0.666399	0.662759	0.661061	0.661676	0.60018	0.599131	0.612595	0.615556	0.615446	0.641629	0.629032	0.633312	0.655834	0.650844	0.647993
ERR610197-k20-n1-x5e9	0.484042	0.438599	0.439986	0.439789	0.443708	0.443267	0.66345	0.613304	0.594037	0.585629	0.583961	0.589325	0.26779	0.459506	0.29711	0.256642	0	0.256552	0.578	0.516118	0.701947	0.515522	0.567304	0.563256	0.547035	0.48184	0.46861	0.457415	0.459267	0.457901	0.554041	0.559129	0.564565	0.557008	0.557219	0.556493	0.416978	0.342281	0.34309	0.35954	0.36473	0.366242	0.616919	0.634828	0.510883	0.516552	0.519861	0.523996	0.561178	0.512946	0.512537	0.523891	0.52714	0.527459	0.720062	0.686398	0.67695	0.673153	0.672744	0.684522	0.634173	0.624994	0.626682	0.669991	0.669263	0.671139	0.616637	0.604592	0.609127	0.631119	0.624943	0.623777	0.716683	0.681254	0.676508	0.679777	0.680151	0.679755	0.662124	0.64937	0.653545	0.668483	0.664792	0.663107	0.663015	0.602437	0.601385	0.614048	0.617057	0.616867	0.644111	0.631694	0.636042	0.657932	0.652997	0.650179
ERR610198-k20-n1-x5e9	0.484963	0.437402	0.438517	0.440317	0.444222	0.444031	0.666266	0.616181	0.597049	0.588452	0.586564	0.592155	0.269539	0.464076	0.300449	0.256346	0.256552	0	0.580129	0.515626	0.704249	0.514748	0.567279	0.563273	0.54904	0.483636	0.470179	0.458561	0.460251	0.458936	0.552087	0.557464	0.563201	0.555398	0.555695	0.554941	0.420159	0.341869	0.342522	0.361606	0.366869	0.368469	0.619878	0.637525	0.512289	0.517934	0.521216	0.525217	0.561877	0.512189	0.511672	0.524446	0.527596	0.527878	0.720209	0.686303	0.676631	0.672931	0.672476	0.684397	0.632981	0.623727	0.625321	0.669578	0.668821	0.67085	0.615239	0.602844	0.607475	0.630204	0.623895	0.622638	0.716764	0.680833	0.675838	0.679347	0.679777	0.679176	0.660892	0.647903	0.65205	0.66764	0.663881	0.662259	0.663359	0.601855	0.600719	0.61423	0.617216	0.617058	0.642748	0.630054	0.634446	0.657045	0.652072	0.649191
ERR610113-k20-n1-x5e9	0.386433	0.498503	0.502488	0.424208	0.425954	0.424085	0.457894	0.418313	0.404802	0.380573	0.377759	0.382189	0.565571	0.483675	0.534482	0.578852	0.578	0.580129	0	0.399716	0.426135	0.427832	0.378346	0.381146	0.379007	0.38189	0.390029	0.403474	0.402488	0.407121	0.545454	0.532147	0.516416	0.528513	0.53189	0.528274	0.47455	0.572056	0.576072	0.527152	0.521822	0.522055	0.39456	0.409477	0.363013	0.362713	0.3644	0.364834	0.477668	0.555646	0.55942	0.503421	0.500614	0.499545	0.546443	0.55585	0.564622	0.566876	0.569053	0.55783	0.571691	0.578676	0.578163	0.542253	0.54536	0.541828	0.58527	0.600264	0.601144	0.566553	0.570863	0.572034	0.535336	0.559881	0.573604	0.565777	0.563316	0.565324	0.614981	0.627061	0.627817	0.597462	0.600066	0.601337	0.500165	0.560888	0.563731	0.512906	0.5123	0.510966	0.602242	0.615659	0.615691	0.588146	0.59221	0.592555
ERR610114-k20-n1-x5e9	0.353098	0.355651	0.357609	0.351589	0.351767	0.353082	0.608464	0.566271	0.54802	0.515758	0.511368	0.519446	0.525852	0.586878	0.52584	0.514083	0.516118	0.515626	0.399716	0	0.583964	0.250064	0.283089	0.280013	0.465334	0.412863	0.401699	0.379384	0.379465	0.376735	0.371725	0.362269	0.353601	0.360572	0.36244	0.3601	0.502529	0.497706	0.499803	0.501617	0.498917	0.501517	0.540967	0.558847	0.372838	0.372459	0.371487	0.370696	0.470463	0.463715	0.465142	0.470834	0.468709	0.470096	0.520544	0.497987	0.493286	0.49355	0.492507	0.497891	0.449574	0.451962	0.450939	0.457929	0.457783	0.458081	0.454723	0.463134	0.463096	0.449618	0.451982	0.452112	0.517413	0.483502	0.482634	0.483474	0.480427	0.480967	0.496161	0.501486	0.501496	0.492212	0.493039	0.493686	0.471081	0.45382	0.454915	0.45543	0.454733	0.455697	0.47714	0.484717	0.48429	0.474012	0.476628	0.475702
ERR610115-k20-n1-x5e9	0.553603	0.65799	0.661542	0.591644	0.592687	0.590776	0.440073	0.456708	0.465412	0.459955	0.461765	0.458775	0.686629	0.553789	0.652743	0.703161	0.701947	0.704249	0.426135	0.583964	0	0.606832	0.553313	0.556652	0.487307	0.531178	0.544832	0.564179	0.563378	0.567743	0.695059	0.683666	0.670037	0.680526	0.683448	0.680458	0.59199	0.701138	0.705081	0.65242	0.647356	0.647027	0.443309	0.436678	0.529203	0.527642	0.528475	0.528723	0.603844	0.691778	0.695303	0.635751	0.633179	0.631694	0.651954	0.674339	0.685895	0.688502	0.691114	0.676501	0.705229	0.712401	0.711777	0.672302	0.675365	0.671672	0.718136	0.732349	0.732798	0.699653	0.704087	0.705333	0.634798	0.680418	0.696671	0.68753	0.685031	0.687448	0.737368	0.749626	0.749908	0.720033	0.722884	0.724213	0.622159	0.696175	0.699162	0.646105	0.645351	0.643732	0.729011	0.742237	0.741792	0.714765	0.718888	0.719587
ERR610116-k20-n1-x5e9	0.36899	0.351328	0.353022	0.363364	0.363751	0.3657	0.630661	0.58955	0.571733	0.539449	0.535268	0.543162	0.529522	0.604883	0.534398	0.513125	0.515522	0.514748	0.427832	0.250064	0.606832	0	0.293466	0.289281	0.484868	0.430807	0.418218	0.392588	0.393032	0.388973	0.353756	0.346599	0.34055	0.345431	0.346535	0.344568	0.51657	0.496904	0.498331	0.509625	0.507675	0.510724	0.564403	0.581977	0.392116	0.392029	0.390384	0.389608	0.480401	0.46177	0.462855	0.478565	0.476871	0.478571	0.525468	0.499177	0.492393	0.492356	0.490632	0.498725	0.439225	0.440786	0.439482	0.456311	0.455281	0.456402	0.441619	0.448407	0.447847	0.440409	0.442205	0.442014	0.521349	0.48116	0.477994	0.47999	0.477268	0.477346	0.484761	0.488608	0.488105	0.484683	0.485067	0.485548	0.477883	0.449463	0.450209	0.460571	0.460106	0.461378	0.464264	0.470469	0.469626	0.464117	0.466278	0.4653
ERR610117-k20-n1-x5e9	0.356318	0.409402	0.412856	0.383232	0.38095	0.382709	0.594079	0.560894	0.54596	0.506782	0.502707	0.510394	0.576624	0.594546	0.568688	0.565684	0.567304	0.567279	0.378346	0.283089	0.553313	0.293466	0	0.249453	0.449295	0.420483	0.416122	0.397757	0.396594	0.394967	0.413728	0.400782	0.388174	0.399554	0.40143	0.399012	0.517432	0.55109	0.554065	0.542256	0.536587	0.539028	0.525396	0.539324	0.373851	0.364366	0.361322	0.358095	0.473343	0.504014	0.506569	0.492942	0.487469	0.489162	0.512439	0.505493	0.505688	0.507742	0.507062	0.505025	0.476357	0.482902	0.47977	0.473838	0.474027	0.47323	0.483124	0.496909	0.493935	0.473439	0.479466	0.48015	0.494783	0.48727	0.494546	0.490669	0.484572	0.486509	0.521353	0.532062	0.529101	0.51423	0.518033	0.518973	0.464974	0.485994	0.487978	0.471147	0.468107	0.469129	0.50375	0.516202	0.512815	0.496835	0.502585	0.502459
ERR610118-k20-n1-x5e9	0.355968	0.405205	0.408439	0.380885	0.378665	0.380456	0.595684	0.562039	0.546565	0.507937	0.503381	0.511393	0.573044	0.594244	0.565662	0.561627	0.563256	0.563273	0.381146	0.280013	0.556652	0.289281	0.249453	0	0.449977	0.41944	0.414584	0.395494	0.394476	0.392623	0.408926	0.396009	0.383641	0.394777	0.396454	0.394224	0.515982	0.546974	0.549826	0.539176	0.533631	0.5361	0.526994	0.541218	0.373397	0.364425	0.361055	0.358085	0.472509	0.50079	0.503147	0.490986	0.485593	0.487331	0.511793	0.503582	0.503601	0.505328	0.504571	0.502883	0.472659	0.479089	0.476009	0.471229	0.47134	0.470786	0.479112	0.492617	0.48973	0.469875	0.475775	0.476349	0.495038	0.485367	0.492272	0.488458	0.482591	0.48422	0.517894	0.528179	0.525406	0.511196	0.514867	0.515789	0.4641	0.482272	0.484314	0.468861	0.465944	0.466966	0.499941	0.512381	0.508952	0.493499	0.499151	0.498903
ERR608653-k20-n1-x5e9	0.402217	0.507994	0.512127	0.439407	0.442213	0.440378	0.43072	0.397699	0.388452	0.363484	0.361301	0.364221	0.53503	0.445216	0.502866	0.548019	0.547035	0.54904	0.379007	0.465334	0.487307	0.484868	0.449295	0.449977	0	0.315534	0.329922	0.348828	0.347516	0.35196	0.554759	0.543459	0.530045	0.53978	0.542683	0.539621	0.435182	0.545894	0.550328	0.498232	0.494013	0.494366	0.401089	0.414614	0.381103	0.383202	0.383949	0.384405	0.508871	0.576896	0.579707	0.531861	0.530431	0.530129	0.592907	0.596772	0.602473	0.603702	0.604915	0.597254	0.587654	0.593362	0.592151	0.57007	0.572301	0.569807	0.593899	0.606512	0.606377	0.580768	0.584067	0.584971	0.566832	0.58564	0.598252	0.590886	0.589706	0.591309	0.634532	0.643904	0.643606	0.621629	0.624181	0.624809	0.545647	0.589979	0.592347	0.55436	0.555296	0.554139	0.61564	0.626225	0.625459	0.606391	0.609702	0.609693
ERR608654-k20-n1-x5e9	0.361357	0.439009	0.442329	0.377204	0.381855	0.37976	0.479777	0.425661	0.405697	0.381897	0.377822	0.384504	0.470706	0.447931	0.446078	0.482799	0.48184	0.483636	0.38189	0.412863	0.531178	0.430807	0.420483	0.41944	0.315534	0	0.272103	0.282143	0.281509	0.284891	0.499505	0.489577	0.478059	0.48564	0.488553	0.485329	0.405635	0.479695	0.483528	0.441175	0.439073	0.439676	0.436208	0.456184	0.346758	0.352761	0.355062	0.356954	0.482174	0.523624	0.525601	0.489667	0.489849	0.489466	0.577599	0.568945	0.570843	0.571039	0.571921	0.569524	0.54259	0.54571	0.545689	0.531519	0.533616	0.5316	0.547031	0.556231	0.55798	0.536446	0.537686	0.538433	0.557115	0.557191	0.565001	0.560181	0.559937	0.560884	0.590191	0.596723	0.598211	0.578517	0.57963	0.579829	0.525021	0.543354	0.544957	0.516651	0.518558	0.517412	0.571824	0.579172	0.580226	0.564406	0.565986	0.565381
ERR608655-k20-n1-x5e9	0.356284	0.422248	0.425607	0.366046	0.370916	0.369189	0.496513	0.441004	0.419302	0.395843	0.391914	0.398703	0.45865	0.457636	0.437436	0.469341	0.46861	0.470179	0.390029	0.401699	0.544832	0.418218	0.416122	0.414584	0.329922	0.272103	0	0.273025	0.272852	0.275171	0.485254	0.476117	0.465046	0.471986	0.474889	0.471649	0.406162	0.465744	0.469478	0.43262	0.43123	0.432062	0.451124	0.471698	0.345963	0.353358	0.355747	0.357296	0.479494	0.512499	0.514341	0.483197	0.483839	0.483633	0.575822	0.563852	0.564576	0.564338	0.565103	0.56444	0.531609	0.53392	0.534379	0.523719	0.525654	0.524102	0.535096	0.543386	0.54564	0.525846	0.526369	0.526875	0.556627	0.55106	0.557432	0.553582	0.553458	0.554368	0.579087	0.58457	0.586524	0.568229	0.568924	0.568903	0.522665	0.533383	0.534803	0.510757	0.512784	0.511753	0.560627	0.567173	0.568551	0.554113	0.55502	0.554302
ERR608656-k20-n1-x5e9	0.345824	0.395639	0.399	0.349527	0.353673	0.352718	0.522235	0.468508	0.446919	0.420137	0.415558	0.423268	0.453268	0.48014	0.438806	0.457551	0.457415	0.458561	0.403474	0.379384	0.564179	0.392588	0.397757	0.395494	0.348828	0.282143	0.273025	0	0.26316	0.263333	0.455689	0.447233	0.437478	0.443471	0.44618	0.443162	0.413306	0.451772	0.454985	0.428724	0.427339	0.428713	0.474317	0.494747	0.344767	0.350253	0.351818	0.353346	0.473147	0.495471	0.497428	0.473851	0.474336	0.474532	0.567417	0.552149	0.551313	0.550906	0.551204	0.552338	0.511159	0.512853	0.512897	0.508429	0.50985	0.50866	0.512849	0.520194	0.522069	0.505566	0.506181	0.506608	0.547283	0.535247	0.540277	0.53733	0.536685	0.53718	0.558439	0.563199	0.564875	0.54938	0.550281	0.550192	0.512928	0.51478	0.516124	0.497688	0.499593	0.499041	0.539319	0.545033	0.546144	0.534498	0.53543	0.534607
ERR608657-k20-n1-x5e9	0.345486	0.396927	0.400192	0.350311	0.354547	0.353436	0.521112	0.467971	0.446363	0.418918	0.41463	0.422457	0.45531	0.480781	0.440627	0.459416	0.459267	0.460251	0.402488	0.379465	0.563378	0.393032	0.396594	0.394476	0.347516	0.281509	0.272852	0.26316	0	0.263407	0.456338	0.447729	0.437825	0.443939	0.446633	0.443571	0.413744	0.453898	0.45721	0.430547	0.42907	0.430548	0.473498	0.493496	0.343958	0.349213	0.350982	0.35216	0.472707	0.496403	0.498156	0.474236	0.474604	0.474632	0.566582	0.551815	0.551185	0.551025	0.551127	0.551829	0.511458	0.513311	0.513179	0.50843	0.509993	0.508834	0.513232	0.520694	0.522477	0.505867	0.506476	0.506908	0.546018	0.53505	0.540292	0.536996	0.536277	0.53697	0.558883	0.563635	0.565188	0.549655	0.550537	0.550525	0.51204	0.515218	0.516544	0.497718	0.499529	0.498856	0.539464	0.545353	0.546381	0.534495	0.53563	0.534777
ERR608658-k20-n1-x5e9	0.345675	0.393295	0.396586	0.349199	0.353458	0.352598	0.52669	0.473716	0.45234	0.423952	0.419776	0.427465	0.455124	0.48538	0.441564	0.45787	0.457901	0.458936	0.407121	0.376735	0.567743	0.388973	0.394967	0.392623	0.35196	0.284891	0.275171	0.263333	0.263407	0	0.450922	0.442224	0.433034	0.439023	0.441577	0.438585	0.415317	0.451382	0.454709	0.430153	0.42901	0.430422	0.47864	0.498516	0.346252	0.351172	0.352932	0.35377	0.47307	0.494668	0.496261	0.474288	0.474588	0.47469	0.566944	0.551501	0.550243	0.549943	0.550212	0.551509	0.508646	0.510227	0.510237	0.50732	0.508639	0.507625	0.509781	0.516982	0.518615	0.503022	0.503632	0.504043	0.54536	0.533003	0.537925	0.534835	0.533994	0.53462	0.555992	0.560527	0.561921	0.547284	0.548163	0.548067	0.512061	0.513293	0.514355	0.497366	0.499162	0.498462	0.536156	0.541903	0.542825	0.53186	0.533063	0.532006
ERR605593-k20-n1-x5e9	0.446819	0.385609	0.384726	0.431701	0.431748	0.434649	0.698295	0.660867	0.644045	0.61291	0.60864	0.615855	0.575021	0.677068	0.590431	0.550832	0.554041	0.552087	0.545454	0.371725	0.695059	0.353756	0.413728	0.408926	0.554759	0.499505	0.485254	0.455689	0.456338	0.450922	0	0.24067	0.248366	0.243024	0.241666	0.242867	0.585373	0.52994	0.530015	0.563278	0.562943	0.566065	0.626835	0.64222	0.457932	0.458835	0.456086	0.454543	0.544288	0.500288	0.499233	0.537091	0.536425	0.53894	0.547191	0.511324	0.498969	0.498072	0.495158	0.509991	0.434811	0.433476	0.432093	0.470943	0.467894	0.471364	0.435016	0.436442	0.435452	0.442572	0.443194	0.441809	0.555389	0.502007	0.492783	0.498579	0.496831	0.496087	0.481037	0.479953	0.478861	0.490852	0.490828	0.490381	0.496456	0.437257	0.436119	0.475365	0.474873	0.477489	0.454058	0.455947	0.454767	0.460453	0.461255	0.460011
ERR605594-k20-n1-x5e9	0.437183	0.386949	0.386439	0.425911	0.42581	0.428584	0.687412	0.650161	0.633409	0.601288	0.5969	0.604043	0.578294	0.67133	0.590757	0.555999	0.559129	0.557464	0.532147	0.362269	0.683666	0.346599	0.400782	0.396009	0.543459	0.489577	0.476117	0.447233	0.447729	0.442224	0.24067	0	0.242088	0.240234	0.239989	0.240203	0.580988	0.535477	0.53571	0.563474	0.56262	0.565749	0.615059	0.630278	0.445872	0.446462	0.443556	0.441936	0.537584	0.501562	0.500834	0.533478	0.532445	0.534885	0.536146	0.502498	0.491349	0.491096	0.488072	0.501356	0.430996	0.431112	0.42958	0.461511	0.458808	0.461935	0.433651	0.437547	0.436643	0.437898	0.439414	0.438375	0.544804	0.494236	0.486326	0.491235	0.489289	0.488645	0.479216	0.480367	0.47924	0.48662	0.486917	0.486758	0.484793	0.43373	0.432806	0.467091	0.466364	0.468816	0.452949	0.457061	0.455857	0.45652	0.457983	0.456943
ERR605595-k20-n1-x5e9	0.426775	0.391418	0.39128	0.4215	0.421877	0.424389	0.674692	0.637219	0.620444	0.587796	0.583437	0.590491	0.581703	0.664312	0.590766	0.561826	0.564565	0.563201	0.516416	0.353601	0.670037	0.34055	0.388174	0.383641	0.530045	0.478059	0.465046	0.437478	0.437825	0.433034	0.248366	0.242088	0	0.241303	0.242497	0.241321	0.576351	0.543311	0.544025	0.565465	0.564412	0.567354	0.600573	0.616154	0.431105	0.432049	0.429001	0.427277	0.530016	0.503363	0.502962	0.530201	0.52898	0.531177	0.522234	0.491212	0.481635	0.481536	0.478899	0.490354	0.426969	0.428599	0.427026	0.450728	0.44847	0.451032	0.43181	0.438447	0.437448	0.432223	0.434395	0.433576	0.532625	0.485441	0.479058	0.482971	0.481203	0.480849	0.476708	0.480274	0.479296	0.481238	0.481982	0.482006	0.471	0.430161	0.429811	0.458118	0.457499	0.459929	0.451276	0.458025	0.456679	0.45184	0.453825	0.453077
ERR605596-k20-n1-x5e9	0.434538	0.386728	0.386241	0.42401	0.42415	0.426935	0.683886	0.646043	0.629091	0.597374	0.593054	0.600177	0.575574	0.668185	0.587721	0.554102	0.557008	0.555398	0.528513	0.360572	0.680526	0.345431	0.399554	0.394777	0.53978	0.48564	0.471986	0.443471	0.443939	0.439023	0.243024	0.240234	0.241303	0	0.238866	0.238301	0.578893	0.535213	0.535645	0.562253	0.561661	0.564754	0.611151	0.626751	0.441486	0.44271	0.439754	0.438167	0.535435	0.500244	0.499689	0.531697	0.530738	0.533171	0.53262	0.499153	0.48825	0.48776	0.484954	0.497923	0.42924	0.429552	0.428164	0.457799	0.455232	0.458168	0.432382	0.436678	0.436066	0.435411	0.437019	0.435899	0.542756	0.492326	0.48459	0.489398	0.48785	0.487247	0.477718	0.479171	0.478471	0.484078	0.484464	0.484339	0.481455	0.431584	0.430854	0.464144	0.463567	0.466063	0.451784	0.456292	0.455284	0.454401	0.455817	0.454879
ERR605597-k20-n1-x5e9	0.436911	0.387006	0.386611	0.425895	0.426268	0.429039	0.686956	0.649508	0.632544	0.600818	0.596587	0.603598	0.576614	0.670351	0.589159	0.554291	0.557219	0.555695	0.53189	0.36244	0.683448	0.346535	0.40143	0.396454	0.542683	0.488553	0.474889	0.44618	0.446633	0.441577	0.241666	0.239989	0.242497	0.238866	0	0.238633	0.580328	0.535134	0.535411	0.563109	0.562488	0.565589	0.614513	0.629963	0.444939	0.445833	0.442847	0.441358	0.53701	0.500715	0.500108	0.533067	0.5321	0.534559	0.535199	0.50159	0.490331	0.489873	0.487073	0.500217	0.429847	0.430078	0.428491	0.460011	0.45744	0.460413	0.432398	0.436354	0.435432	0.436376	0.437791	0.436711	0.54436	0.493514	0.485659	0.490588	0.488948	0.488242	0.47792	0.47917	0.478138	0.485191	0.485418	0.48525	0.484229	0.433146	0.432368	0.466653	0.465994	0.468633	0.451645	0.455834	0.454624	0.455206	0.456532	0.455586
ERR605598-k20-n1-x5e9	0.43438	0.386298	0.38584	0.423626	0.423896	0.426526	0.683734	0.646022	0.628991	0.597249	0.592921	0.600024	0.57515	0.667803	0.587199	0.553495	0.556493	0.554941	0.528274	0.3601	0.680458	0.344568	0.399012	0.394224	0.539621	0.485329	0.471649	0.443162	0.443571	0.438585	0.242867	0.240203	0.241321	0.238301	0.238633	0	0.578601	0.534633	0.535197	0.561598	0.560977	0.564125	0.611238	0.626749	0.441374	0.442433	0.439613	0.438078	0.534552	0.499413	0.498787	0.530736	0.52993	0.532252	0.532263	0.49879	0.487855	0.487381	0.484527	0.497502	0.428301	0.428654	0.427253	0.456714	0.454252	0.457281	0.43148	0.435926	0.435136	0.434548	0.436051	0.43501	0.541898	0.491506	0.483684	0.488475	0.486906	0.486306	0.476678	0.478284	0.477462	0.483127	0.483288	0.483186	0.48116	0.430982	0.43034	0.463516	0.462954	0.465518	0.450875	0.455424	0.454415	0.453399	0.454913	0.453899
ERR605982-k20-n1-x5e9	0.410515	0.473976	0.478135	0.413389	0.415692	0.413844	0.545758	0.498706	0.483216	0.473259	0.471036	0.475222	0.401175	0.379133	0.370702	0.418369	0.416978	0.420159	0.47455	0.502529	0.59199	0.51657	0.517432	0.515982	0.435182	0.405635	0.406162	0.413306	0.413744	0.415317	0.585373	0.580988	0.576351	0.578893	0.580328	0.578601	0	0.376248	0.381728	0.317122	0.313441	0.312744	0.49816	0.515429	0.440397	0.443105	0.44643	0.449368	0.523735	0.554543	0.556958	0.519981	0.518749	0.518552	0.693169	0.679084	0.677626	0.677082	0.677477	0.678141	0.658221	0.656628	0.656281	0.671467	0.672211	0.671478	0.651329	0.651553	0.651986	0.654308	0.653945	0.653653	0.675409	0.669481	0.675072	0.672069	0.670761	0.671621	0.695815	0.693686	0.694302	0.693618	0.693523	0.692931	0.627383	0.625966	0.626644	0.605619	0.606774	0.605771	0.677451	0.67629	0.676321	0.682226	0.682225	0.68052
ERR605983-k20-n1-x5e9	0.457989	0.397906	0.398894	0.406277	0.408439	0.407998	0.662706	0.612635	0.593424	0.583655	0.58069	0.586847	0.350229	0.504527	0.371627	0.341347	0.342281	0.341869	0.572056	0.497706	0.701138	0.496904	0.55109	0.546974	0.545894	0.479695	0.465744	0.451772	0.453898	0.451382	0.52994	0.535477	0.543311	0.535213	0.535134	0.534633	0.376248	0	0.260832	0.299561	0.302956	0.305204	0.618421	0.635782	0.505155	0.508843	0.512324	0.516144	0.551732	0.49784	0.497506	0.511752	0.512829	0.513402	0.721021	0.687769	0.67794	0.675175	0.674414	0.685987	0.629065	0.619839	0.621341	0.667831	0.666909	0.668415	0.613302	0.600574	0.604037	0.629312	0.624062	0.622745	0.712695	0.674321	0.669028	0.672907	0.671904	0.671553	0.660076	0.646573	0.649972	0.667582	0.664264	0.662705	0.654728	0.590298	0.589167	0.603422	0.605161	0.604746	0.641538	0.628819	0.632159	0.656785	0.652922	0.649712
ERR605984-k20-n1-x5e9	0.461256	0.398257	0.398718	0.409019	0.411414	0.411061	0.666952	0.616854	0.597656	0.587763	0.585091	0.591038	0.351939	0.509823	0.374807	0.341991	0.34309	0.342522	0.576072	0.499803	0.705081	0.498331	0.554065	0.549826	0.550328	0.483528	0.469478	0.454985	0.45721	0.454709	0.530015	0.53571	0.544025	0.535645	0.535411	0.535197	0.381728	0.260832	0	0.303592	0.307689	0.309749	0.622623	0.63996	0.508708	0.512507	0.515959	0.519763	0.554387	0.497988	0.497552	0.513875	0.515132	0.515539	0.722575	0.689006	0.678938	0.675986	0.675322	0.687213	0.629559	0.620113	0.621617	0.669115	0.668078	0.669697	0.613497	0.600308	0.603898	0.630017	0.624591	0.623083	0.714859	0.67564	0.670112	0.67411	0.67313	0.672767	0.66019	0.646169	0.649815	0.668023	0.664622	0.662914	0.656314	0.590396	0.589208	0.604585	0.606339	0.606039	0.641619	0.628446	0.632041	0.657293	0.653187	0.650013
ERR605985-k20-n1-x5e9	0.439037	0.433394	0.43614	0.397839	0.400918	0.399367	0.60527	0.552457	0.533695	0.527266	0.524681	0.529927	0.346923	0.43109	0.339821	0.360461	0.35954	0.361606	0.527152	0.501617	0.65242	0.509625	0.542256	0.539176	0.498232	0.441175	0.43262	0.428724	0.430547	0.430153	0.563278	0.563474	0.565465	0.562253	0.563109	0.561598	0.317122	0.299561	0.303592	0	0.266569	0.266978	0.561249	0.57929	0.474627	0.476629	0.481243	0.485573	0.540098	0.521711	0.522777	0.506903	0.507403	0.507051	0.715168	0.688729	0.682549	0.680702	0.68072	0.687443	0.647017	0.641177	0.642352	0.671245	0.671168	0.671726	0.637279	0.63068	0.633809	0.645222	0.642372	0.641516	0.705761	0.679023	0.67812	0.679333	0.678028	0.677917	0.682186	0.673893	0.67714	0.683146	0.681415	0.680162	0.647812	0.607771	0.607448	0.601995	0.603561	0.602768	0.665024	0.657642	0.660529	0.673579	0.671595	0.669112
ERR605986-k20-n1-x5e9	0.434372	0.433464	0.436224	0.394489	0.396095	0.394603	0.600952	0.548829	0.530286	0.523399	0.520398	0.525961	0.352307	0.42846	0.343273	0.3656	0.36473	0.366869	0.521822	0.498917	0.647356	0.507675	0.536587	0.533631	0.494013	0.439073	0.43123	0.427339	0.42907	0.42901	0.562943	0.56262	0.564412	0.561661	0.562488	0.560977	0.313441	0.302956	0.307689	0.266569	0	0.263997	0.556515	0.574362	0.470881	0.471242	0.476021	0.480177	0.538256	0.523324	0.524609	0.506325	0.505543	0.505326	0.713743	0.688458	0.682639	0.680934	0.68103	0.686849	0.648695	0.643256	0.644106	0.671893	0.671843	0.672189	0.639205	0.63299	0.63578	0.646576	0.644167	0.643492	0.704261	0.678929	0.678509	0.679595	0.677686	0.677746	0.684209	0.676386	0.679238	0.684888	0.683494	0.682226	0.645399	0.607897	0.60783	0.600436	0.601312	0.600506	0.667032	0.660124	0.662665	0.67523	0.673696	0.671228
ERR605987-k20-n1-x5e9	0.435837	0.436196	0.439042	0.396581	0.398034	0.396655	0.599531	0.547445	0.52897	0.522053	0.519362	0.524913	0.352649	0.426191	0.342802	0.367219	0.366242	0.368469	0.522055	0.501517	0.647027	0.510724	0.539028	0.5361	0.494366	0.439676	0.432062	0.428713	0.430548	0.430422	0.566065	0.565749	0.567354	0.564754	0.565589	0.564125	0.312744	0.305204	0.309749	0.266978	0.263997	0	0.555371	0.573367	0.471814	0.472459	0.477335	0.481345	0.539391	0.52532	0.52655	0.507609	0.506861	0.50638	0.714823	0.689734	0.684008	0.682361	0.682443	0.688237	0.65083	0.645332	0.646271	0.673642	0.673542	0.673939	0.641537	0.635464	0.638287	0.648944	0.646434	0.64571	0.705707	0.680928	0.680562	0.681508	0.679575	0.679669	0.686404	0.678574	0.681527	0.686886	0.685511	0.684295	0.646435	0.609502	0.60932	0.601621	0.602397	0.601495	0.669194	0.662307	0.664888	0.677322	0.675737	0.673169
ERR605781-k20-n1-x5e9	0.476031	0.586213	0.590011	0.510092	0.512198	0.509658	0.404396	0.383629	0.383084	0.376637	0.377279	0.376674	0.597309	0.458272	0.558948	0.618826	0.616919	0.619878	0.39456	0.540967	0.443309	0.564403	0.525396	0.526994	0.401089	0.436208	0.451124	0.474317	0.473498	0.47864	0.626835	0.615059	0.600573	0.611151	0.614513	0.611238	0.49816	0.618421	0.622623	0.561249	0.556515	0.555371	0	0.308387	0.401042	0.402667	0.405229	0.406985	0.53849	0.623337	0.626697	0.563159	0.561823	0.560169	0.622201	0.635212	0.645076	0.64704	0.649494	0.63684	0.66117	0.667197	0.666902	0.631403	0.634428	0.630982	0.673204	0.686127	0.687477	0.655522	0.659105	0.660196	0.620736	0.64794	0.661546	0.653508	0.652413	0.654095	0.702375	0.712549	0.713647	0.685325	0.687802	0.688729	0.563934	0.630534	0.6333	0.577889	0.57824	0.576087	0.687214	0.698529	0.698957	0.674551	0.677729	0.67806
