	ERR609581-k20-n1-x5e9	ERR609582-k20-n1-x5e9	ERR609583-k20-n1-x5e9	ERR609584-k20-n1-x5e9	ERR609585-k20-n1-x5e9	ERR609586-k20-n1-x5e9	ERR608445-k20-n1-x5e9	ERR608446-k20-n1-x5e9	ERR608447-k20-n1-x5e9	ERR608448-k20-n1-x5e9	ERR608449-k20-n1-x5e9	ERR608450-k20-n1-x5e9	ERR605910-k20-n1-x5e9	ERR605911-k20-n1-x5e9	ERR605912-k20-n1-x5e9	ERR605913-k20-n1-x5e9	ERR605914-k20-n1-x5e9	ERR605915-k20-n1-x5e9	ERR608615-k20-n1-x5e9	ERR608616-k20-n1-x5e9	ERR608617-k20-n1-x5e9	ERR608618-k20-n1-x5e9	ERR608619-k20-n1-x5e9	ERR608620-k20-n1-x5e9	ERR605665-k20-n1-x5e9	ERR605666-k20-n1-x5e9	ERR605667-k20-n1-x5e9	ERR605668-k20-n1-x5e9	ERR605669-k20-n1-x5e9	ERR605670-k20-n1-x5e9	ERR607170-k20-n1-x5e9	ERR607171-k20-n1-x5e9	ERR607172-k20-n1-x5e9	ERR607173-k20-n1-x5e9	ERR607174-k20-n1-x5e9	ERR607175-k20-n1-x5e9	ERR607343-k20-n1-x5e9	ERR607344-k20-n1-x5e9	ERR607345-k20-n1-x5e9	ERR607346-k20-n1-x5e9	ERR607347-k20-n1-x5e9	ERR607348-k20-n1-x5e9	ERR605831-k20-n1-x5e9	ERR605832-k20-n1-x5e9	ERR605833-k20-n1-x5e9	ERR605834-k20-n1-x5e9	ERR605835-k20-n1-x5e9	ERR605836-k20-n1-x5e9	ERR607499-k20-n1-x5e9	ERR607500-k20-n1-x5e9	ERR607501-k20-n1-x5e9	ERR607502-k20-n1-x5e9	ERR607503-k20-n1-x5e9	ERR607504-k20-n1-x5e9	ERR607989-k20-n1-x5e9	ERR607990-k20-n1-x5e9	ERR607991-k20-n1-x5e9	ERR607992-k20-n1-x5e9	ERR607993-k20-n1-x5e9	ERR607994-k20-n1-x5e9	ERR608901-k20-n1-x5e9	ERR608902-k20-n1-x5e9	ERR608903-k20-n1-x5e9	ERR608904-k20-n1-x5e9	ERR608905-k20-n1-x5e9	ERR608906-k20-n1-x5e9	ERR605265-k20-n1-x5e9	ERR605266-k20-n1-x5e9	ERR605267-k20-n1-x5e9	ERR605268-k20-n1-x5e9	ERR605269-k20-n1-x5e9	ERR605270-k20-n1-x5e9	ERR605617-k20-n1-x5e9	ERR605618-k20-n1-x5e9	ERR605619-k20-n1-x5e9	ERR605620-k20-n1-x5e9	ERR605621-k20-n1-x5e9	ERR605622-k20-n1-x5e9	ERR608215-k20-n1-x5e9	ERR608216-k20-n1-x5e9	ERR608217-k20-n1-x5e9	ERR608218-k20-n1-x5e9	ERR608219-k20-n1-x5e9	ERR608220-k20-n1-x5e9	ERR608883-k20-n1-x5e9	ERR608884-k20-n1-x5e9	ERR608885-k20-n1-x5e9	ERR608886-k20-n1-x5e9	ERR608887-k20-n1-x5e9	ERR608888-k20-n1-x5e9	ERR606030-k20-n1-x5e9	ERR606031-k20-n1-x5e9	ERR606032-k20-n1-x5e9	ERR606033-k20-n1-x5e9	ERR606034-k20-n1-x5e9	ERR606035-k20-n1-x5e9
ERR609581-k20-n1-x5e9	0	0.955961	0.941005	0.871044	0.87684	0.877429	1.14891	1.12836	1.12427	1.12335	1.12142	1.1278	1.02191	1.02711	0.969856	0.97295	0.971075	0.970821	1.04923	1.04387	1.05441	0.999564	1.00064	1.00081	0.94066	0.951439	0.951586	0.951621	0.947969	0.949608	1.00637	0.972703	1.02689	0.98447	0.984838	1.0586	1.00439	1.0024	1.00656	0.970357	0.969604	0.970304	1.03539	1.04594	0.985606	0.984315	0.98436	0.98232	1.15405	1.13759	1.25379	1.14815	1.14616	1.14702	1.12957	1.11526	1.23656	1.12552	1.12392	1.12454	1.13978	1.13703	1.13642	1.16488	1.16496	1.16307	1.12337	1.12682	1.15446	1.13726	1.13786	1.1332	1.12123	1.12387	1.12798	1.12977	1.12865	1.12899	1.13367	1.12971	1.12907	1.15742	1.15728	1.15802	1.13001	1.1278	1.12546	1.15043	1.14946	1.15043	1.13397	1.11077	1.10911	1.1279	1.1244	1.12747
ERR609582-k20-n1-x5e9	0.955961	0	0.922651	0.852939	0.861074	0.858979	1.14332	1.12143	1.11582	1.11517	1.1117	1.12061	1.01264	1.01528	0.956598	0.960264	0.958882	0.956541	1.03661	1.03257	1.04178	0.987205	0.987657	0.987877	0.926815	0.93625	0.93944	0.938899	0.934121	0.93637	0.996072	0.959874	1.0132	0.970319	0.971224	1.04852	0.992023	0.9921	0.993103	0.957904	0.95843	0.957508	1.02421	1.03362	0.972569	0.971541	0.971388	0.968861	1.14645	1.12941	1.24884	1.14111	1.13759	1.13962	1.12209	1.10616	1.23246	1.11688	1.11586	1.11506	1.13226	1.13091	1.13017	1.15759	1.15806	1.15647	1.11423	1.11837	1.14766	1.12942	1.12919	1.12407	1.11263	1.11457	1.11913	1.12119	1.12076	1.12099	1.12616	1.1233	1.12206	1.1502	1.15127	1.15127	1.12068	1.11844	1.11698	1.14465	1.14271	1.14431	1.12766	1.10092	1.09902	1.12006	1.11728	1.1204
ERR609583-k20-n1-x5e9	0.941005	0.922651	0	0.831766	0.836142	0.836065	1.13258	1.11006	1.10346	1.10256	1.09882	1.10858	1.00068	1.00327	0.940322	0.942641	0.939506	0.937871	1.02441	1.02214	1.02964	0.970668	0.971653	0.971723	0.906535	0.918042	0.919304	0.920077	0.914579	0.913925	0.980142	0.943779	1.00021	0.955787	0.956375	1.03636	0.97769	0.975448	0.977967	0.939533	0.937735	0.939548	1.01181	1.01866	0.955519	0.953805	0.953395	0.951426	1.13347	1.1154	1.24217	1.12788	1.12595	1.12736	1.10747	1.09601	1.22589	1.10289	1.10232	1.10234	1.1216	1.11853	1.11884	1.14879	1.15015	1.14882	1.09761	1.10335	1.13585	1.11532	1.1151	1.11002	1.09864	1.10101	1.1043	1.10864	1.10591	1.10643	1.11684	1.11265	1.11149	1.1385	1.13851	1.13937	1.10906	1.10729	1.10655	1.13354	1.13232	1.1339	1.11507	1.08936	1.08802	1.10853	1.10576	1.10795
ERR609584-k20-n1-x5e9	0.871044	0.852939	0.831766	0	0.740981	0.744572	1.08005	1.04973	1.04453	1.04456	1.04313	1.04854	0.932966	0.940478	0.85656	0.859847	0.856288	0.855313	0.963732	0.958373	0.969905	0.898456	0.89877	0.900671	0.811812	0.82765	0.82949	0.828411	0.820558	0.823516	0.912511	0.862343	0.939395	0.875616	0.875312	0.979333	0.896876	0.897785	0.897825	0.847851	0.848217	0.849886	0.952944	0.963512	0.878861	0.87859	0.876867	0.874715	1.08305	1.06285	1.21434	1.07654	1.07267	1.07378	1.05189	1.03871	1.193	1.04885	1.04748	1.04772	1.065	1.06197	1.06092	1.09888	1.10036	1.09701	1.04661	1.04844	1.08645	1.06164	1.06237	1.05634	1.04673	1.04717	1.05105	1.05287	1.05198	1.05221	1.06228	1.05736	1.05599	1.0879	1.08772	1.08945	1.05581	1.05393	1.05212	1.08043	1.0785	1.08104	1.05713	1.03014	1.03052	1.04874	1.04596	1.04858
ERR609585-k20-n1-x5e9	0.87684	0.861074	0.836142	0.740981	0	0.730867	1.08344	1.05669	1.05128	1.0515	1.04912	1.05643	0.939087	0.942982	0.864439	0.868407	0.866987	0.862212	0.969127	0.96431	0.975564	0.904273	0.90368	0.903579	0.824755	0.835325	0.838692	0.839618	0.830696	0.831853	0.915849	0.87234	0.947056	0.882615	0.883645	0.987023	0.905241	0.904382	0.906088	0.86049	0.860076	0.858385	0.957688	0.968853	0.88674	0.886271	0.883864	0.88127	1.08775	1.0677	1.21671	1.08033	1.07655	1.07826	1.05718	1.04423	1.19678	1.05476	1.05628	1.0563	1.071	1.06747	1.06709	1.10484	1.10436	1.10298	1.05055	1.05389	1.0905	1.0665	1.06494	1.06023	1.05441	1.05277	1.05752	1.05963	1.05639	1.05656	1.06929	1.06383	1.06188	1.09425	1.09442	1.09527	1.06334	1.06022	1.05895	1.08521	1.08437	1.08629	1.06328	1.03786	1.03775	1.05397	1.05076	1.05522
ERR609586-k20-n1-x5e9	0.877429	0.858979	0.836065	0.744572	0.730867	0	1.08423	1.0562	1.05222	1.05171	1.04807	1.05526	0.940466	0.945353	0.865774	0.869337	0.86528	0.863481	0.971251	0.964617	0.97559	0.903541	0.903546	0.904042	0.823727	0.836795	0.840295	0.840379	0.830131	0.830268	0.915436	0.874614	0.946122	0.88171	0.883102	0.987731	0.904759	0.903816	0.907184	0.86137	0.858319	0.860425	0.958261	0.968646	0.887305	0.888358	0.884627	0.882874	1.08761	1.06791	1.2173	1.08004	1.07712	1.07964	1.05626	1.04407	1.19677	1.05378	1.05502	1.05446	1.07243	1.06805	1.06679	1.10351	1.10387	1.10255	1.04972	1.05359	1.09058	1.06566	1.0646	1.06031	1.05497	1.05332	1.05808	1.0608	1.05603	1.05687	1.06926	1.06462	1.0631	1.09428	1.09424	1.09528	1.06363	1.06062	1.05771	1.08588	1.08421	1.08629	1.06307	1.03804	1.03725	1.05459	1.05154	1.05523
ERR608445-k20-n1-x5e9	1.14891	1.14332	1.13258	1.08005	1.08344	1.08423	0	0.829142	0.820604	0.82344	0.819524	0.82492	1.08663	1.09333	1.02768	1.03106	1.02969	1.02925	1.12151	1.11743	1.12358	1.07358	1.07374	1.07343	1.05558	1.06461	1.06479	1.06513	1.06139	1.06314	1.12938	1.08859	1.14274	1.09932	1.09999	1.16267	1.07875	1.07743	1.07823	1.05028	1.04926	1.04972	1.15181	1.15988	1.09587	1.09564	1.0954	1.09423	0.96079	0.937891	1.13597	0.95198	0.948983	0.950301	0.85663	0.852672	1.05268	0.856566	0.855887	0.856349	0.941532	0.937988	0.938453	0.983498	0.982611	0.979337	0.950311	0.953202	1.00593	0.969866	0.969245	0.961847	0.935712	0.938572	0.943778	0.94543	0.945203	0.94514	0.900126	0.894218	0.892799	0.917627	0.917596	0.918031	0.87836	0.87876	0.874967	0.896317	0.893809	0.895558	0.886015	0.868991	0.868814	0.882939	0.879989	0.882613
ERR608446-k20-n1-x5e9	1.12836	1.12143	1.11006	1.04973	1.05669	1.0562	0.829142	0	0.760678	0.758417	0.754802	0.770644	1.05154	1.05865	0.996466	1.00001	0.998541	1.00005	1.09099	1.08391	1.09437	1.03803	1.03864	1.03913	1.02222	1.03339	1.03423	1.03453	1.03089	1.03263	1.10042	1.05421	1.11463	1.07169	1.07329	1.14229	1.04958	1.0459	1.04949	1.01358	1.01201	1.01248	1.12324	1.13327	1.06485	1.0652	1.06576	1.06334	0.932033	0.896822	1.11879	0.916075	0.911393	0.914965	0.815597	0.80471	1.03401	0.806579	0.807613	0.807475	0.899636	0.893654	0.896603	0.941945	0.942504	0.938609	0.912696	0.918665	0.974674	0.938367	0.935963	0.933031	0.891774	0.893758	0.897636	0.901085	0.907953	0.907127	0.861487	0.863639	0.862983	0.875737	0.876379	0.8788	0.827357	0.826207	0.828572	0.848617	0.846571	0.85084	0.850095	0.817917	0.816746	0.835738	0.834599	0.83912
ERR608447-k20-n1-x5e9	1.12427	1.11582	1.10346	1.04453	1.05128	1.05222	0.820604	0.760678	0	0.754905	0.75384	0.759543	1.04796	1.0533	0.988637	0.995403	0.991116	0.990648	1.08454	1.07738	1.08797	1.0334	1.03461	1.03344	1.01503	1.0266	1.02761	1.02663	1.02594	1.02632	1.09763	1.04953	1.10774	1.06512	1.06466	1.13797	1.04265	1.04133	1.04274	1.00757	1.00586	1.00673	1.11764	1.12832	1.06099	1.06341	1.06239	1.06135	0.927962	0.895417	1.11971	0.912063	0.906027	0.910342	0.809613	0.808324	1.03206	0.802055	0.80294	0.805259	0.894333	0.890643	0.893677	0.936883	0.939322	0.934608	0.90746	0.913829	0.971159	0.935224	0.933307	0.923126	0.888077	0.887677	0.893871	0.896482	0.901202	0.898547	0.859784	0.849817	0.850193	0.868928	0.870294	0.867858	0.824704	0.829488	0.832438	0.845596	0.841383	0.848344	0.848439	0.818214	0.824999	0.829671	0.827833	0.833827
ERR608448-k20-n1-x5e9	1.12335	1.11517	1.10256	1.04456	1.0515	1.05171	0.82344	0.758417	0.754905	0	0.749478	0.755035	1.04731	1.05164	0.987434	0.993729	0.990319	0.990215	1.08098	1.07461	1.08461	1.03254	1.03202	1.03074	1.01456	1.02681	1.02622	1.02496	1.02474	1.02675	1.09891	1.04881	1.1059	1.06317	1.06363	1.13561	1.04108	1.03819	1.04023	1.00348	1.00323	1.00401	1.11551	1.12563	1.05765	1.06127	1.05958	1.06	0.932316	0.891178	1.11923	0.909747	0.902591	0.906097	0.810559	0.80324	1.03128	0.804798	0.80518	0.801917	0.893843	0.886392	0.890459	0.935728	0.933945	0.930999	0.909344	0.914295	0.971258	0.93386	0.930687	0.922365	0.888923	0.889353	0.891768	0.893045	0.90175	0.901123	0.857451	0.847086	0.848123	0.867124	0.866866	0.869127	0.826952	0.831073	0.830607	0.839585	0.836853	0.841703	0.849406	0.824391	0.820596	0.825236	0.824904	0.831073
ERR608449-k20-n1-x5e9	1.12142	1.1117	1.09882	1.04313	1.04912	1.04807	0.819524	0.754802	0.75384	0.749478	0	0.75063	1.04494	1.0505	0.984087	0.990072	0.987865	0.986321	1.07873	1.07495	1.08178	1.02997	1.02909	1.02923	1.01121	1.02294	1.02505	1.0237	1.02119	1.02324	1.09517	1.04649	1.10339	1.06172	1.06103	1.13412	1.03922	1.03565	1.03826	0.999474	0.999797	1.00116	1.11401	1.12409	1.05504	1.05913	1.05622	1.05673	0.92797	0.890783	1.11841	0.905332	0.899563	0.903015	0.807148	0.798241	1.02926	0.800248	0.80479	0.803789	0.894377	0.883018	0.886408	0.931735	0.931803	0.927172	0.906398	0.911114	0.968506	0.929566	0.927569	0.917851	0.88704	0.88581	0.889931	0.891505	0.897188	0.897807	0.85243	0.841139	0.844167	0.862855	0.866547	0.865394	0.833882	0.826673	0.824179	0.836039	0.832934	0.83899	0.845853	0.817921	0.81476	0.822383	0.819802	0.826183
ERR608450-k20-n1-x5e9	1.1278	1.12061	1.10858	1.04854	1.05643	1.05526	0.82492	0.770644	0.759543	0.755035	0.75063	0	1.04989	1.05827	0.994775	0.999368	0.997549	0.997872	1.09028	1.08351	1.09472	1.03946	1.03898	1.03888	1.02276	1.03318	1.03458	1.03382	1.0316	1.03211	1.09961	1.05358	1.11434	1.07101	1.0727	1.14151	1.04976	1.04612	1.0493	1.01393	1.01383	1.01212	1.12263	1.13375	1.06389	1.06656	1.06441	1.06332	0.927504	0.893964	1.11788	0.912699	0.907911	0.911712	0.80768	0.798734	1.03103	0.80002	0.80156	0.800907	0.898118	0.891673	0.89417	0.941636	0.939946	0.9367	0.911225	0.915234	0.97426	0.934277	0.933603	0.928499	0.889996	0.888807	0.892882	0.897531	0.903751	0.902279	0.857239	0.858804	0.857895	0.871619	0.871961	0.873822	0.821928	0.823939	0.822794	0.846334	0.84221	0.84601	0.84497	0.813874	0.814733	0.831838	0.830185	0.833522
ERR605910-k20-n1-x5e9	1.02191	1.01264	1.00068	0.932966	0.939087	0.940466	1.08663	1.05154	1.04796	1.04731	1.04494	1.04989	0	0.873019	0.785019	0.789886	0.789716	0.790135	0.988137	0.982535	0.990476	0.928037	0.928468	0.92819	0.874184	0.885488	0.886096	0.885069	0.886975	0.8877	0.965401	0.914032	0.979015	0.926318	0.929135	1.01105	0.931169	0.929114	0.932673	0.896541	0.895281	0.895365	0.981261	0.991928	0.914217	0.912617	0.914261	0.912208	1.10106	1.07747	1.22502	1.08903	1.08543	1.08648	1.05705	1.04539	1.19196	1.05285	1.05219	1.05227	1.0658	1.05901	1.05978	1.09928	1.09909	1.09679	1.06347	1.06546	1.10749	1.07952	1.07893	1.0735	1.0509	1.05187	1.05636	1.05688	1.05859	1.0577	1.06564	1.05988	1.05908	1.08438	1.08408	1.08398	1.05235	1.05123	1.04935	1.07094	1.06867	1.07128	1.06751	1.03983	1.03969	1.0522	1.05054	1.05359
ERR605911-k20-n1-x5e9	1.02711	1.01528	1.00327	0.940478	0.942982	0.945353	1.09333	1.05865	1.0533	1.05164	1.0505	1.05827	0.873019	0	0.796598	0.804436	0.800948	0.799563	0.992278	0.989474	0.995657	0.935024	0.934642	0.93463	0.882812	0.889554	0.892914	0.892371	0.890552	0.890921	0.968738	0.921745	0.984405	0.934113	0.935248	1.01662	0.938122	0.938416	0.938662	0.90333	0.900985	0.902772	0.987947	0.994485	0.92345	0.923325	0.923179	0.922456	1.1078	1.08154	1.22842	1.09637	1.09171	1.09456	1.06078	1.05161	1.19578	1.05773	1.05773	1.05769	1.07285	1.0666	1.06791	1.10323	1.10334	1.10166	1.06655	1.06935	1.11264	1.08638	1.08565	1.07928	1.05772	1.05611	1.06001	1.06273	1.06204	1.06271	1.07201	1.06628	1.06574	1.08885	1.08813	1.0888	1.05788	1.0558	1.05476	1.0786	1.07651	1.07962	1.07449	1.04438	1.04329	1.06009	1.05781	1.06207
ERR605912-k20-n1-x5e9	0.969856	0.956598	0.940322	0.85656	0.864439	0.865774	1.02768	0.996466	0.988637	0.987434	0.984087	0.994775	0.785019	0.796598	0	0.698984	0.692129	0.691627	0.929492	0.91972	0.934246	0.854714	0.85607	0.855685	0.781598	0.798321	0.798433	0.79744	0.796443	0.798147	0.894559	0.83354	0.918845	0.855724	0.859669	0.962182	0.862932	0.858032	0.86632	0.811775	0.809713	0.809201	0.918911	0.933841	0.836025	0.834879	0.83706	0.833065	1.04614	1.01934	1.1934	1.0359	1.03273	1.03561	0.997897	0.978577	1.15712	0.990763	0.989038	0.989642	1.00634	1.00174	1.00179	1.04504	1.04621	1.04148	1.00381	1.00867	1.05146	1.02598	1.02671	1.01922	0.991665	0.992305	0.997955	1.0002	1.00085	1.00232	1.00283	0.996218	0.994574	1.03465	1.03309	1.03495	0.990034	0.987396	0.984754	1.01656	1.01535	1.0162	1.00866	0.974507	0.972957	0.99806	0.99649	0.99855
ERR605913-k20-n1-x5e9	0.97295	0.960264	0.942641	0.859847	0.868407	0.869337	1.03106	1.00001	0.995403	0.993729	0.990072	0.999368	0.789886	0.804436	0.698984	0	0.688694	0.689836	0.931269	0.927753	0.938376	0.860651	0.862059	0.861087	0.789491	0.800997	0.806593	0.806277	0.798702	0.799845	0.899296	0.840468	0.924112	0.863064	0.867226	0.965863	0.870098	0.866304	0.871245	0.816378	0.815956	0.813613	0.924891	0.938462	0.845037	0.841417	0.842245	0.837708	1.0503	1.02621	1.19736	1.04003	1.03599	1.03815	1.00299	0.985909	1.16034	0.997738	0.996101	0.996228	1.00877	1.0057	1.00684	1.05075	1.05036	1.04714	1.00976	1.01369	1.05666	1.02907	1.02922	1.02538	0.99794	0.999852	1.00336	1.00785	1.00483	1.00637	1.0077	1.00087	0.999318	1.03931	1.03737	1.04027	0.996427	0.993711	0.992745	1.02184	1.01879	1.02097	1.01239	0.979544	0.978316	0.998476	0.994651	0.9988
ERR605914-k20-n1-x5e9	0.971075	0.958882	0.939506	0.856288	0.866987	0.86528	1.02969	0.998541	0.991116	0.990319	0.987865	0.997549	0.789716	0.800948	0.692129	0.688694	0	0.688336	0.932084	0.92584	0.938351	0.859588	0.858863	0.85944	0.788213	0.799795	0.802018	0.801752	0.796123	0.794424	0.895673	0.839091	0.921591	0.862706	0.866615	0.965022	0.868218	0.866009	0.872894	0.816854	0.815919	0.812732	0.924353	0.938068	0.84091	0.840376	0.837707	0.834669	1.04848	1.02303	1.19631	1.03873	1.03491	1.03659	1.00035	0.982037	1.15873	0.994702	0.993534	0.993366	1.00707	1.00487	1.00402	1.04962	1.04863	1.04583	1.00839	1.01158	1.05497	1.02758	1.02608	1.02276	0.994944	0.997199	1.00156	1.00419	1.00378	1.00289	1.0065	0.999079	0.997785	1.03692	1.03487	1.03681	0.992923	0.991401	0.99113	1.01932	1.01741	1.02013	1.00802	0.978635	0.976126	0.995301	0.994614	0.996929
ERR605915-k20-n1-x5e9	0.970821	0.956541	0.937871	0.855313	0.862212	0.863481	1.02925	1.00005	0.990648	0.990215	0.986321	0.997872	0.790135	0.799563	0.691627	0.689836	0.688336	0	0.932895	0.925684	0.93684	0.860448	0.860716	0.859551	0.785447	0.7991	0.800794	0.800753	0.7937	0.79146	0.893987	0.838404	0.921762	0.858471	0.861979	0.964406	0.866871	0.863909	0.871093	0.814895	0.813517	0.816059	0.920693	0.935768	0.839904	0.835702	0.836556	0.833671	1.04552	1.02226	1.19533	1.03762	1.03377	1.03753	0.998544	0.980466	1.15811	0.993795	0.991558	0.992481	1.00565	1.00239	1.00328	1.04837	1.04795	1.04446	1.00419	1.00887	1.05169	1.02602	1.02513	1.01962	0.992379	0.996035	1.00086	1.00285	1.00037	1.0009	1.00408	0.998593	0.997468	1.03564	1.03383	1.03583	0.993233	0.990888	0.988494	1.01916	1.0173	1.018	1.00782	0.977013	0.974116	0.99711	0.995202	0.995915
ERR608615-k20-n1-x5e9	1.04923	1.03661	1.02441	0.963732	0.969127	0.971251	1.12151	1.09099	1.08454	1.08098	1.07873	1.09028	0.988137	0.992278	0.929492	0.931269	0.932084	0.932895	0	0.85828	0.864548	0.814021	0.81529	0.815452	0.893453	0.90766	0.90997	0.908069	0.908911	0.908646	1.00734	0.950514	1.01531	0.965829	0.966406	1.05003	0.891419	0.888593	0.890522	0.856892	0.853798	0.854633	1.02238	1.03338	0.954064	0.957465	0.957364	0.956153	1.14422	1.11671	1.25014	1.13244	1.1288	1.12951	1.09547	1.08148	1.21368	1.08896	1.08779	1.08634	1.10451	1.10065	1.10275	1.12926	1.1286	1.12869	1.11582	1.11997	1.15889	1.13715	1.13549	1.1307	1.10486	1.10723	1.11031	1.11303	1.11732	1.1175	1.09813	1.0942	1.09374	1.11617	1.11515	1.11582	1.0912	1.08991	1.0885	1.11096	1.11024	1.11194	1.11269	1.08028	1.07988	1.09727	1.09715	1.09938
ERR608616-k20-n1-x5e9	1.04387	1.03257	1.02214	0.958373	0.96431	0.964617	1.11743	1.08391	1.07738	1.07461	1.07495	1.08351	0.982535	0.989474	0.91972	0.927753	0.92584	0.925684	0.85828	0	0.861026	0.804345	0.803997	0.805945	0.887904	0.900533	0.900575	0.898276	0.901621	0.903023	1.00267	0.944194	1.01153	0.959221	0.960305	1.04467	0.884898	0.885176	0.884858	0.848343	0.848465	0.849647	1.01952	1.03022	0.949609	0.951089	0.95352	0.951799	1.14128	1.11236	1.24843	1.12654	1.12276	1.1253	1.09115	1.07704	1.20991	1.08234	1.08336	1.08352	1.10147	1.09467	1.09559	1.12526	1.1245	1.12366	1.1125	1.11595	1.1549	1.13178	1.13135	1.12541	1.10105	1.10279	1.10586	1.10685	1.11284	1.11223	1.09426	1.08806	1.08916	1.10961	1.10957	1.1098	1.08628	1.08436	1.08402	1.1052	1.10381	1.10626	1.10888	1.07578	1.07481	1.09175	1.09056	1.09443
ERR608617-k20-n1-x5e9	1.05441	1.04178	1.02964	0.969905	0.975564	0.97559	1.12358	1.09437	1.08797	1.08461	1.08178	1.09472	0.990476	0.995657	0.934246	0.938376	0.938351	0.93684	0.864548	0.861026	0	0.820417	0.820258	0.820133	0.900713	0.915353	0.91572	0.913119	0.915854	0.918142	1.013	0.953568	1.01728	0.969338	0.970377	1.05261	0.894444	0.89388	0.89337	0.860327	0.859971	0.860834	1.02614	1.03579	0.96007	0.962224	0.963741	0.961975	1.14724	1.12059	1.25149	1.13501	1.13124	1.13366	1.10038	1.08464	1.21479	1.09027	1.09012	1.08971	1.10919	1.10315	1.10493	1.13136	1.13188	1.1292	1.11832	1.12377	1.16006	1.14035	1.13972	1.13421	1.10755	1.11044	1.11457	1.11602	1.12172	1.12183	1.10064	1.0966	1.09661	1.11901	1.11855	1.11889	1.09345	1.09165	1.09115	1.11438	1.11215	1.11449	1.11697	1.08311	1.08266	1.10188	1.10051	1.1032
ERR608618-k20-n1-x5e9	0.999564	0.987205	0.970668	0.898456	0.904273	0.903541	1.07358	1.03803	1.0334	1.03254	1.02997	1.03946	0.928037	0.935024	0.854714	0.860651	0.859588	0.860448	0.814021	0.804345	0.820417	0	0.721685	0.72535	0.811112	0.824869	0.825521	0.822929	0.826368	0.825947	0.945509	0.881599	0.96144	0.896314	0.898428	1.0027	0.81414	0.812728	0.813499	0.768809	0.767976	0.765268	0.967756	0.982519	0.885895	0.889748	0.889243	0.886486	1.10043	1.07071	1.22713	1.08549	1.08078	1.08307	1.0489	1.02873	1.18487	1.03868	1.0402	1.03951	1.05443	1.04758	1.04952	1.0808	1.08141	1.07876	1.07177	1.07665	1.11683	1.09194	1.09193	1.08672	1.06132	1.06052	1.06449	1.06591	1.07229	1.07141	1.04946	1.04209	1.04201	1.07188	1.07116	1.07183	1.04351	1.03946	1.03991	1.0624	1.061	1.06293	1.06412	1.03056	1.02951	1.04716	1.04529	1.04894
ERR608619-k20-n1-x5e9	1.00064	0.987657	0.971653	0.89877	0.90368	0.903546	1.07374	1.03864	1.03461	1.03202	1.02909	1.03898	0.928468	0.934642	0.85607	0.862059	0.858863	0.860716	0.81529	0.803997	0.820258	0.721685	0	0.71932	0.809548	0.824084	0.826715	0.824261	0.827453	0.826556	0.945465	0.881526	0.961769	0.894359	0.896601	1.0019	0.813353	0.811368	0.809943	0.767387	0.766726	0.768269	0.966546	0.982472	0.886869	0.890514	0.890136	0.886851	1.10022	1.07173	1.22669	1.08606	1.08154	1.08359	1.04763	1.02851	1.18524	1.03819	1.03894	1.03886	1.05413	1.04753	1.04985	1.08043	1.08042	1.07933	1.07136	1.07555	1.11638	1.0926	1.0912	1.0864	1.06071	1.06092	1.06479	1.06677	1.07105	1.07167	1.04957	1.04328	1.04282	1.07236	1.07092	1.07218	1.04499	1.03991	1.03835	1.06233	1.06117	1.06353	1.06553	1.03026	1.02795	1.04646	1.04584	1.04808
ERR608620-k20-n1-x5e9	1.00081	0.987877	0.971723	0.900671	0.903579	0.904042	1.07343	1.03913	1.03344	1.03074	1.02923	1.03888	0.92819	0.93463	0.855685	0.861087	0.85944	0.859551	0.815452	0.805945	0.820133	0.72535	0.71932	0	0.809882	0.827052	0.829288	0.826633	0.826634	0.828035	0.944912	0.88384	0.962411	0.895658	0.89723	1.00106	0.815074	0.808859	0.812101	0.767447	0.767485	0.770236	0.96807	0.981694	0.887662	0.890374	0.890839	0.889102	1.10094	1.07004	1.22726	1.08566	1.08123	1.08306	1.04923	1.02842	1.1851	1.0391	1.03876	1.03857	1.05493	1.04721	1.05011	1.07924	1.0804	1.07995	1.0713	1.07677	1.11486	1.09217	1.09112	1.08628	1.0594	1.06205	1.06498	1.06568	1.07064	1.07182	1.04888	1.04272	1.04356	1.07148	1.07221	1.07141	1.04433	1.03919	1.03944	1.06207	1.06109	1.0626	1.06445	1.03124	1.0287	1.0463	1.04489	1.04879
ERR605665-k20-n1-x5e9	0.94066	0.926815	0.906535	0.811812	0.824755	0.823727	1.05558	1.02222	1.01503	1.01456	1.01121	1.02276	0.874184	0.882812	0.781598	0.789491	0.788213	0.785447	0.893453	0.887904	0.900713	0.811112	0.809548	0.809882	0	0.648141	0.653627	0.652934	0.652617	0.651208	0.884773	0.809956	0.903368	0.833328	0.833989	0.950663	0.813087	0.809608	0.814419	0.760394	0.760661	0.760787	0.909833	0.923829	0.815818	0.818307	0.816015	0.815492	1.07398	1.04616	1.21058	1.06176	1.05784	1.06036	1.02215	1.00011	1.1737	1.01371	1.01066	1.01232	1.04146	1.03596	1.03495	1.07386	1.07359	1.07288	1.02194	1.02599	1.07037	1.04453	1.04257	1.03719	1.02007	1.02533	1.02901	1.03071	1.0332	1.03405	1.03263	1.02614	1.0249	1.06063	1.06042	1.06188	1.02427	1.02181	1.01937	1.05343	1.05184	1.05517	1.03455	0.994825	0.991171	1.01839	1.01579	1.01936
ERR605666-k20-n1-x5e9	0.951439	0.93625	0.918042	0.82765	0.835325	0.836795	1.06461	1.03339	1.0266	1.02681	1.02294	1.03318	0.885488	0.889554	0.798321	0.800997	0.799795	0.7991	0.90766	0.900533	0.915353	0.824869	0.824084	0.827052	0.648141	0	0.667591	0.666472	0.661137	0.666227	0.889198	0.821845	0.915588	0.846565	0.849634	0.959332	0.829964	0.825766	0.832113	0.775362	0.774651	0.773896	0.918159	0.932099	0.830502	0.830187	0.829495	0.82545	1.08007	1.05545	1.21462	1.07048	1.06535	1.06858	1.03243	1.0105	1.17932	1.0258	1.02427	1.02516	1.04753	1.04587	1.04612	1.08399	1.08359	1.08143	1.03035	1.03588	1.07778	1.05281	1.05236	1.04571	1.03284	1.03398	1.03954	1.04104	1.04269	1.04267	1.04052	1.0359	1.03506	1.07139	1.07036	1.07224	1.03788	1.03278	1.03256	1.06572	1.06326	1.06494	1.0408	1.00615	1.00536	1.02994	1.02614	1.03004
ERR605667-k20-n1-x5e9	0.951586	0.93944	0.919304	0.82949	0.838692	0.840295	1.06479	1.03423	1.02761	1.02622	1.02505	1.03458	0.886096	0.892914	0.798433	0.806593	0.802018	0.800794	0.90997	0.900575	0.91572	0.825521	0.826715	0.829288	0.653627	0.667591	0	0.675433	0.666917	0.671738	0.893257	0.827712	0.920401	0.851224	0.855844	0.963583	0.832059	0.828444	0.837832	0.778814	0.776161	0.775267	0.921866	0.935615	0.832742	0.834452	0.832647	0.828701	1.08117	1.05739	1.21557	1.07338	1.06759	1.07063	1.03451	1.01268	1.17907	1.02724	1.02649	1.02452	1.04864	1.0463	1.04548	1.08596	1.08521	1.08215	1.03238	1.03831	1.07864	1.05516	1.0552	1.04729	1.03369	1.03762	1.04027	1.04246	1.04426	1.04435	1.04177	1.03524	1.03435	1.07209	1.07198	1.07336	1.03924	1.03496	1.03453	1.06363	1.06359	1.06482	1.04281	1.0093	1.0074	1.03287	1.02906	1.03154
ERR605668-k20-n1-x5e9	0.951621	0.938899	0.920077	0.828411	0.839618	0.840379	1.06513	1.03453	1.02663	1.02496	1.0237	1.03382	0.885069	0.892371	0.79744	0.806277	0.801752	0.800753	0.908069	0.898276	0.913119	0.822929	0.824261	0.826633	0.652934	0.666472	0.675433	0	0.664546	0.669287	0.894225	0.82496	0.918376	0.848895	0.853525	0.962511	0.829798	0.825476	0.834773	0.77543	0.772998	0.773005	0.920622	0.935187	0.831382	0.834152	0.832014	0.828236	1.08222	1.05799	1.21587	1.07379	1.06777	1.07054	1.03466	1.01148	1.17842	1.02625	1.02537	1.02412	1.0484	1.04557	1.04495	1.08459	1.08364	1.08082	1.03275	1.03869	1.07949	1.05701	1.05629	1.04837	1.03268	1.03677	1.03951	1.04114	1.04452	1.04417	1.04158	1.03439	1.03375	1.07113	1.07088	1.07263	1.03823	1.034	1.03372	1.06217	1.06233	1.06332	1.04346	1.00825	1.00613	1.03217	1.02804	1.03021
ERR605669-k20-n1-x5e9	0.947969	0.934121	0.914579	0.820558	0.830696	0.830131	1.06139	1.03089	1.02594	1.02474	1.02119	1.0316	0.886975	0.890552	0.796443	0.798702	0.796123	0.7937	0.908911	0.901621	0.915854	0.826368	0.827453	0.826634	0.652617	0.661137	0.666917	0.664546	0	0.655025	0.886977	0.825807	0.915406	0.848067	0.849773	0.961114	0.83082	0.827521	0.833259	0.782824	0.780564	0.780092	0.921387	0.933508	0.831803	0.827346	0.827603	0.821919	1.07534	1.0522	1.21382	1.06737	1.06273	1.06648	1.02816	1.01025	1.17894	1.02431	1.02345	1.02247	1.04581	1.04396	1.0436	1.08293	1.0836	1.08199	1.02754	1.03217	1.07433	1.04673	1.04752	1.04065	1.03186	1.03417	1.03936	1.04249	1.03823	1.03814	1.03953	1.03509	1.03318	1.0699	1.07004	1.07111	1.03565	1.03231	1.03007	1.06541	1.06329	1.06576	1.03549	1.00518	1.00255	1.02726	1.0234	1.02752
ERR605670-k20-n1-x5e9	0.949608	0.93637	0.913925	0.823516	0.831853	0.830268	1.06314	1.03263	1.02632	1.02675	1.02324	1.03211	0.8877	0.890921	0.798147	0.799845	0.794424	0.79146	0.908646	0.903023	0.918142	0.825947	0.826556	0.828035	0.651208	0.666227	0.671738	0.669287	0.655025	0	0.887415	0.827988	0.920073	0.850191	0.851481	0.963077	0.830271	0.828878	0.836898	0.780389	0.777642	0.778494	0.922647	0.935377	0.83374	0.829166	0.829674	0.824287	1.07736	1.05542	1.21541	1.07044	1.06528	1.06803	1.03091	1.01129	1.1789	1.02602	1.02449	1.02617	1.04702	1.04737	1.04588	1.08442	1.0847	1.08211	1.02895	1.03558	1.07709	1.05081	1.0485	1.04179	1.03374	1.03635	1.04045	1.04336	1.03956	1.04165	1.04054	1.03451	1.03488	1.07215	1.07128	1.07108	1.03688	1.03471	1.03074	1.06648	1.06508	1.06761	1.03716	1.00658	1.00429	1.02831	1.02437	1.02964
ERR607170-k20-n1-x5e9	1.00637	0.996072	0.980142	0.912511	0.915849	0.915436	1.12938	1.10042	1.09763	1.09891	1.09517	1.09961	0.965401	0.968738	0.894559	0.899296	0.895673	0.893987	1.00734	1.00267	1.013	0.945509	0.945465	0.944912	0.884773	0.889198	0.893257	0.894225	0.886977	0.887415	0	0.769195	0.835463	0.779171	0.779116	0.882926	0.956534	0.954802	0.956528	0.921201	0.920811	0.921201	0.900922	0.908688	0.865156	0.863003	0.863006	0.859828	1.07677	1.06817	1.18966	1.07181	1.07033	1.07207	1.10126	1.09074	1.2224	1.09824	1.10013	1.09951	1.11598	1.11253	1.11129	1.14903	1.14898	1.1482	1.04334	1.04364	1.06556	1.04779	1.04759	1.04355	1.05028	1.04488	1.04793	1.04958	1.04622	1.04501	1.11041	1.10667	1.10513	1.13151	1.12998	1.13128	1.10838	1.10488	1.10261	1.1251	1.12444	1.12601	1.10147	1.08213	1.07951	1.09337	1.09193	1.09536
ERR607171-k20-n1-x5e9	0.972703	0.959874	0.943779	0.862343	0.87234	0.874614	1.08859	1.05421	1.04953	1.04881	1.04649	1.05358	0.914032	0.921745	0.83354	0.840468	0.839091	0.838404	0.950514	0.944194	0.953568	0.881599	0.881526	0.88384	0.809956	0.821845	0.827712	0.82496	0.825807	0.827988	0.769195	0	0.796271	0.71845	0.720276	0.855756	0.893155	0.890855	0.891671	0.843071	0.840598	0.842408	0.882496	0.89392	0.821517	0.823184	0.823029	0.82167	1.06403	1.04556	1.18978	1.05358	1.05032	1.05126	1.06253	1.04084	1.19382	1.05285	1.05119	1.05102	1.07211	1.06736	1.06874	1.10201	1.10203	1.09911	1.01909	1.02308	1.05138	1.0335	1.03237	1.02818	1.01333	1.0162	1.02049	1.01932	1.02211	1.02281	1.0647	1.05699	1.05771	1.08717	1.08833	1.08766	1.05898	1.05604	1.05558	1.08032	1.07863	1.08092	1.06464	1.03096	1.0288	1.04842	1.04537	1.04961
ERR607172-k20-n1-x5e9	1.02689	1.0132	1.00021	0.939395	0.947056	0.946122	1.14274	1.11463	1.10774	1.1059	1.10339	1.11434	0.979015	0.984405	0.918845	0.924112	0.921591	0.921762	1.01531	1.01153	1.01728	0.96144	0.961769	0.962411	0.903368	0.915588	0.920401	0.918376	0.915406	0.920073	0.835463	0.796271	0	0.79749	0.799011	0.903526	0.970963	0.968435	0.972708	0.935315	0.933092	0.934545	0.923488	0.928737	0.894507	0.895451	0.89546	0.894251	1.1029	1.08577	1.20052	1.09506	1.09128	1.09368	1.11817	1.10267	1.22885	1.10952	1.10891	1.10817	1.13084	1.12734	1.12744	1.15491	1.15465	1.15327	1.06165	1.06486	1.08631	1.07581	1.07513	1.07021	1.06088	1.05924	1.06127	1.06214	1.06556	1.06483	1.12279	1.11738	1.11726	1.14109	1.14116	1.14187	1.11582	1.11392	1.11327	1.13755	1.13574	1.13813	1.12256	1.09213	1.08983	1.10955	1.10749	1.11056
ERR607173-k20-n1-x5e9	0.98447	0.970319	0.955787	0.875616	0.882615	0.88171	1.09932	1.07169	1.06512	1.06317	1.06172	1.07101	0.926318	0.934113	0.855724	0.863064	0.862706	0.858471	0.965829	0.959221	0.969338	0.896314	0.894359	0.895658	0.833328	0.846565	0.851224	0.848895	0.848067	0.850191	0.779171	0.71845	0.79749	0	0.71781	0.854639	0.906624	0.901106	0.908976	0.865511	0.864478	0.864824	0.88223	0.891629	0.837067	0.835733	0.837592	0.83721	1.06883	1.05165	1.18734	1.05999	1.05748	1.05887	1.07606	1.05898	1.20343	1.06687	1.06766	1.06753	1.08728	1.08143	1.08316	1.11562	1.115	1.11332	1.02568	1.02715	1.05112	1.03893	1.03889	1.03331	1.0211	1.0211	1.02385	1.02477	1.02641	1.02657	1.0819	1.07532	1.07564	1.10255	1.10212	1.10266	1.07473	1.07248	1.07115	1.09561	1.09566	1.09526	1.0795	1.04649	1.0446	1.06535	1.06286	1.06662
ERR607174-k20-n1-x5e9	0.984838	0.971224	0.956375	0.875312	0.883645	0.883102	1.09999	1.07329	1.06466	1.06363	1.06103	1.0727	0.929135	0.935248	0.859669	0.867226	0.866615	0.861979	0.966406	0.960305	0.970377	0.898428	0.896601	0.89723	0.833989	0.849634	0.855844	0.853525	0.849773	0.851481	0.779116	0.720276	0.799011	0.71781	0	0.855417	0.908693	0.904874	0.910921	0.868282	0.867519	0.869207	0.881518	0.890712	0.83549	0.834925	0.836727	0.836439	1.06718	1.05078	1.18649	1.05983	1.05628	1.05969	1.07605	1.05889	1.20401	1.06889	1.06682	1.06805	1.08652	1.08289	1.08466	1.11674	1.11666	1.11457	1.0261	1.02676	1.051	1.03863	1.03861	1.03428	1.02164	1.02046	1.0242	1.02405	1.02789	1.02705	1.0821	1.07677	1.07719	1.10362	1.10199	1.10347	1.0754	1.07281	1.07202	1.09597	1.09516	1.09534	1.08065	1.04749	1.04558	1.0657	1.06412	1.0659
ERR607175-k20-n1-x5e9	1.0586	1.04852	1.03636	0.979333	0.987023	0.987731	1.16267	1.14229	1.13797	1.13561	1.13412	1.14151	1.01105	1.01662	0.962182	0.965863	0.965022	0.964406	1.05003	1.04467	1.05261	1.0027	1.0019	1.00106	0.950663	0.959332	0.963583	0.962511	0.961114	0.963077	0.882926	0.855756	0.903526	0.854639	0.855417	0	1.01159	1.00909	1.0123	0.980577	0.980632	0.980444	0.964239	0.972154	0.939461	0.940158	0.940454	0.940832	1.13171	1.11948	1.2207	1.12538	1.12438	1.12516	1.1459	1.12828	1.24382	1.13852	1.13784	1.13763	1.15421	1.15035	1.1522	1.17624	1.1767	1.17503	1.09912	1.10013	1.1145	1.10683	1.10644	1.10443	1.0952	1.09542	1.09838	1.09909	1.10148	1.1006	1.14477	1.14052	1.13994	1.16596	1.16612	1.16687	1.14268	1.14041	1.13939	1.15995	1.15953	1.1602	1.14654	1.12125	1.11891	1.13603	1.13454	1.13648
ERR607343-k20-n1-x5e9	1.00439	0.992023	0.97769	0.896876	0.905241	0.904759	1.07875	1.04958	1.04265	1.04108	1.03922	1.04976	0.931169	0.938122	0.862932	0.870098	0.868218	0.866871	0.891419	0.884898	0.894444	0.81414	0.813353	0.815074	0.813087	0.829964	0.832059	0.829798	0.83082	0.830271	0.956534	0.893155	0.970963	0.906624	0.908693	1.01159	0	0.731312	0.74062	0.695115	0.693361	0.691793	0.970979	0.985874	0.891814	0.89444	0.895214	0.893498	1.10419	1.07742	1.2304	1.09331	1.08895	1.09061	1.05574	1.03753	1.18878	1.04588	1.04712	1.04525	1.06063	1.05489	1.05709	1.08931	1.08863	1.08557	1.07775	1.08168	1.11846	1.09898	1.09858	1.09169	1.06281	1.06641	1.069	1.07046	1.07522	1.07551	1.05782	1.0493	1.05018	1.07675	1.07698	1.07844	1.05139	1.04794	1.04786	1.07093	1.07106	1.0703	1.07156	1.03915	1.0378	1.05816	1.05598	1.05953
ERR607344-k20-n1-x5e9	1.0024	0.9921	0.975448	0.897785	0.904382	0.903816	1.07743	1.0459	1.04133	1.03819	1.03565	1.04612	0.929114	0.938416	0.858032	0.866304	0.866009	0.863909	0.888593	0.885176	0.89388	0.812728	0.811368	0.808859	0.809608	0.825766	0.828444	0.825476	0.827521	0.828878	0.954802	0.890855	0.968435	0.901106	0.904874	1.00909	0.731312	0	0.732882	0.68928	0.689143	0.689397	0.970017	0.982665	0.891958	0.895483	0.89537	0.893805	1.1029	1.07502	1.22868	1.08924	1.08536	1.08754	1.05541	1.03534	1.18701	1.04446	1.0432	1.04354	1.05707	1.0536	1.05662	1.08518	1.08382	1.0815	1.07581	1.08107	1.11801	1.09659	1.09487	1.08965	1.05923	1.06386	1.06742	1.06907	1.07365	1.07323	1.05222	1.04653	1.04648	1.07341	1.07417	1.07432	1.04754	1.04475	1.04499	1.06891	1.06747	1.06912	1.07022	1.03683	1.03691	1.05369	1.05327	1.05734
ERR607345-k20-n1-x5e9	1.00656	0.993103	0.977967	0.897825	0.906088	0.907184	1.07823	1.04949	1.04274	1.04023	1.03826	1.0493	0.932673	0.938662	0.86632	0.871245	0.872894	0.871093	0.890522	0.884858	0.89337	0.813499	0.809943	0.812101	0.814419	0.832113	0.837832	0.834773	0.833259	0.836898	0.956528	0.891671	0.972708	0.908976	0.910921	1.0123	0.74062	0.732882	0	0.697094	0.69599	0.699286	0.972116	0.987494	0.891791	0.895885	0.89504	0.894027	1.10331	1.07639	1.23002	1.09226	1.0886	1.08966	1.0556	1.0353	1.18804	1.04639	1.04596	1.04561	1.05947	1.05508	1.05588	1.08826	1.08885	1.0858	1.07802	1.08155	1.11861	1.09888	1.09811	1.09232	1.06143	1.06505	1.06835	1.06987	1.07479	1.07639	1.05449	1.04942	1.05078	1.07635	1.07754	1.07745	1.04974	1.04682	1.04712	1.06858	1.06813	1.06995	1.07238	1.03859	1.03789	1.05703	1.05568	1.05771
ERR607346-k20-n1-x5e9	0.970357	0.957904	0.939533	0.847851	0.86049	0.86137	1.05028	1.01358	1.00757	1.00348	0.999474	1.01393	0.896541	0.90333	0.811775	0.816378	0.816854	0.814895	0.856892	0.848343	0.860327	0.768809	0.767387	0.767447	0.760394	0.775362	0.778814	0.77543	0.782824	0.780389	0.921201	0.843071	0.935315	0.865511	0.868282	0.980577	0.695115	0.68928	0.697094	0	0.626428	0.628488	0.935388	0.950821	0.839409	0.845072	0.846078	0.843233	1.07459	1.04267	1.21303	1.05893	1.05508	1.05704	1.02188	0.996309	1.16865	1.00624	1.00607	1.00682	1.02661	1.01964	1.02153	1.05784	1.05755	1.05681	1.04267	1.05062	1.09314	1.06699	1.06637	1.05947	1.02356	1.02986	1.03477	1.03742	1.04119	1.04214	1.01597	1.00912	1.01145	1.04444	1.04546	1.04524	1.01062	1.00777	1.00608	1.0366	1.0368	1.03833	1.03995	0.998317	0.996077	1.02154	1.02058	1.02517
ERR607347-k20-n1-x5e9	0.969604	0.95843	0.937735	0.848217	0.860076	0.858319	1.04926	1.01201	1.00586	1.00323	0.999797	1.01383	0.895281	0.900985	0.809713	0.815956	0.815919	0.813517	0.853798	0.848465	0.859971	0.767976	0.766726	0.767485	0.760661	0.774651	0.776161	0.772998	0.780564	0.777642	0.920811	0.840598	0.933092	0.864478	0.867519	0.980632	0.693361	0.689143	0.69599	0.626428	0	0.623819	0.936845	0.951587	0.840942	0.842831	0.844196	0.840272	1.07369	1.043	1.21207	1.05919	1.05264	1.05646	1.02073	0.994357	1.16796	1.00645	1.00377	1.00487	1.02666	1.02019	1.02129	1.05837	1.05752	1.05601	1.04179	1.04915	1.09273	1.06749	1.06541	1.05914	1.02367	1.03053	1.03465	1.03606	1.04165	1.04031	1.01723	1.01001	1.0103	1.04399	1.04496	1.04494	1.00914	1.0061	1.00607	1.03687	1.03622	1.03819	1.04031	0.997869	0.996974	1.0203	1.01991	1.02356
ERR607348-k20-n1-x5e9	0.970304	0.957508	0.939548	0.849886	0.858385	0.860425	1.04972	1.01248	1.00673	1.00401	1.00116	1.01212	0.895365	0.902772	0.809201	0.813613	0.812732	0.816059	0.854633	0.849647	0.860834	0.765268	0.768269	0.770236	0.760787	0.773896	0.775267	0.773005	0.780092	0.778494	0.921201	0.842408	0.934545	0.864824	0.869207	0.980444	0.691793	0.689397	0.699286	0.628488	0.623819	0	0.93581	0.951875	0.839557	0.844739	0.846109	0.84334	1.07486	1.04229	1.21305	1.05982	1.05459	1.05611	1.02048	0.996352	1.16887	1.00636	1.00537	1.0053	1.02643	1.02067	1.02148	1.05831	1.05811	1.05539	1.04136	1.04944	1.09272	1.06772	1.06651	1.06115	1.02283	1.02959	1.03585	1.03654	1.04246	1.04121	1.01572	1.01069	1.01036	1.04423	1.04348	1.04554	1.01002	1.00684	1.00633	1.03664	1.0368	1.03874	1.04025	0.999224	0.998455	1.0223	1.01953	1.02495
ERR605831-k20-n1-x5e9	1.03539	1.02421	1.01181	0.952944	0.957688	0.958261	1.15181	1.12324	1.11764	1.11551	1.11401	1.12263	0.981261	0.987947	0.918911	0.924891	0.924353	0.920693	1.02238	1.01952	1.02614	0.967756	0.966546	0.96807	0.909833	0.918159	0.921866	0.920622	0.921387	0.922647	0.900922	0.882496	0.923488	0.88223	0.881518	0.964239	0.970979	0.970017	0.972116	0.935388	0.936845	0.93581	0	0.805294	0.769121	0.772161	0.771832	0.771836	1.08652	1.07263	1.18942	1.07968	1.07762	1.07805	1.12513	1.11421	1.23405	1.11969	1.11913	1.11837	1.13831	1.13247	1.13422	1.16204	1.1624	1.16113	1.03717	1.03675	1.05181	1.0425	1.04165	1.03815	1.03983	1.03723	1.03857	1.03954	1.04083	1.04136	1.13257	1.12761	1.1274	1.14784	1.1484	1.14843	1.12322	1.12081	1.12053	1.14104	1.13948	1.14116	1.13057	1.10329	1.10158	1.11708	1.11608	1.11877
ERR605832-k20-n1-x5e9	1.04594	1.03362	1.01866	0.963512	0.968853	0.968646	1.15988	1.13327	1.12832	1.12563	1.12409	1.13375	0.991928	0.994485	0.933841	0.938462	0.938068	0.935768	1.03338	1.03022	1.03579	0.982519	0.982472	0.981694	0.923829	0.932099	0.935615	0.935187	0.933508	0.935377	0.908688	0.89392	0.928737	0.891629	0.890712	0.972154	0.985874	0.982665	0.987494	0.950821	0.951587	0.951875	0.805294	0	0.784935	0.788604	0.786287	0.784235	1.08993	1.07883	1.18949	1.08518	1.08284	1.08461	1.13471	1.12201	1.23986	1.12768	1.12727	1.12797	1.14645	1.14303	1.14434	1.16976	1.1706	1.16877	1.0436	1.04386	1.05603	1.04831	1.04803	1.04491	1.04652	1.04457	1.04645	1.047	1.04625	1.04695	1.14034	1.13702	1.13749	1.15843	1.15781	1.15916	1.13252	1.13009	1.12934	1.15147	1.15127	1.15231	1.13867	1.11298	1.11072	1.12765	1.1256	1.12979
ERR605833-k20-n1-x5e9	0.985606	0.972569	0.955519	0.878861	0.88674	0.887305	1.09587	1.06485	1.06099	1.05765	1.05504	1.06389	0.914217	0.92345	0.836025	0.845037	0.84091	0.839904	0.954064	0.949609	0.96007	0.885895	0.886869	0.887662	0.815818	0.830502	0.832742	0.831382	0.831803	0.83374	0.865156	0.821517	0.894507	0.837067	0.83549	0.939461	0.891814	0.891958	0.891791	0.839409	0.840942	0.839557	0.769121	0.784935	0	0.688298	0.688651	0.685292	1.0629	1.04677	1.19208	1.05485	1.05225	1.05416	1.06941	1.05056	1.19905	1.06138	1.05923	1.05932	1.07885	1.07349	1.07625	1.10935	1.10864	1.10748	1.00371	1.00812	1.03436	1.01546	1.01463	1.0102	1.00481	1.00593	1.0083	1.01132	1.01278	1.01385	1.07343	1.06628	1.06664	1.09997	1.09873	1.09899	1.06511	1.06063	1.05976	1.0865	1.08507	1.08597	1.07385	1.04202	1.03963	1.05965	1.05816	1.06093
ERR605834-k20-n1-x5e9	0.984315	0.971541	0.953805	0.87859	0.886271	0.888358	1.09564	1.0652	1.06341	1.06127	1.05913	1.06656	0.912617	0.923325	0.834879	0.841417	0.840376	0.835702	0.957465	0.951089	0.962224	0.889748	0.890514	0.890374	0.818307	0.830187	0.834452	0.834152	0.827346	0.829166	0.863003	0.823184	0.895451	0.835733	0.834925	0.940158	0.89444	0.895483	0.895885	0.845072	0.842831	0.844739	0.772161	0.788604	0.688298	0	0.681117	0.681064	1.06418	1.04841	1.19266	1.0561	1.05223	1.05498	1.07077	1.05147	1.2006	1.06268	1.06109	1.06209	1.08061	1.07675	1.07612	1.1104	1.11073	1.10902	1.00431	1.00984	1.03617	1.01541	1.01515	1.00985	1.00683	1.00781	1.01143	1.01356	1.01218	1.01328	1.07659	1.06787	1.06724	1.10004	1.10031	1.09988	1.06737	1.0644	1.06305	1.0881	1.08779	1.08964	1.07288	1.04359	1.04202	1.06023	1.05762	1.06112
