	ERR608445-k20-n1-x5e9	ERR608446-k20-n1-x5e9	ERR608447-k20-n1-x5e9	ERR608448-k20-n1-x5e9	ERR608449-k20-n1-x5e9	ERR608450-k20-n1-x5e9	ERR608093-k20-n1-x5e9	ERR608094-k20-n1-x5e9	ERR608095-k20-n1-x5e9	ERR608096-k20-n1-x5e9	ERR608097-k20-n1-x5e9	ERR608098-k20-n1-x5e9	ERR610025-k20-n1-x5e9	ERR610026-k20-n1-x5e9	ERR610027-k20-n1-x5e9	ERR610028-k20-n1-x5e9	ERR610029-k20-n1-x5e9	ERR610030-k20-n1-x5e9	ERR609157-k20-n1-x5e9	ERR609158-k20-n1-x5e9	ERR609159-k20-n1-x5e9	ERR609160-k20-n1-x5e9	ERR609161-k20-n1-x5e9	ERR609162-k20-n1-x5e9	ERR609987-k20-n1-x5e9	ERR609988-k20-n1-x5e9	ERR609989-k20-n1-x5e9	ERR609990-k20-n1-x5e9	ERR609991-k20-n1-x5e9	ERR609992-k20-n1-x5e9	ERR607849-k20-n1-x5e9	ERR607850-k20-n1-x5e9	ERR607851-k20-n1-x5e9	ERR607852-k20-n1-x5e9	ERR607853-k20-n1-x5e9	ERR607854-k20-n1-x5e9	ERR608087-k20-n1-x5e9	ERR608088-k20-n1-x5e9	ERR608089-k20-n1-x5e9	ERR608090-k20-n1-x5e9	ERR608091-k20-n1-x5e9	ERR608092-k20-n1-x5e9	ERR608701-k20-n1-x5e9	ERR608702-k20-n1-x5e9	ERR608703-k20-n1-x5e9	ERR608704-k20-n1-x5e9	ERR608705-k20-n1-x5e9	ERR608706-k20-n1-x5e9	ERR608913-k20-n1-x5e9	ERR608914-k20-n1-x5e9	ERR608915-k20-n1-x5e9	ERR608916-k20-n1-x5e9	ERR608917-k20-n1-x5e9	ERR608918-k20-n1-x5e9	ERR608389-k20-n1-x5e9	ERR608390-k20-n1-x5e9	ERR608391-k20-n1-x5e9	ERR608392-k20-n1-x5e9	ERR608393-k20-n1-x5e9	ERR608394-k20-n1-x5e9	ERR610229-k20-n1-x5e9	ERR610230-k20-n1-x5e9	ERR610231-k20-n1-x5e9	ERR610232-k20-n1-x5e9	ERR610233-k20-n1-x5e9	ERR610234-k20-n1-x5e9	ERR605617-k20-n1-x5e9	ERR605618-k20-n1-x5e9	ERR605619-k20-n1-x5e9	ERR605620-k20-n1-x5e9	ERR605621-k20-n1-x5e9	ERR605622-k20-n1-x5e9	ERR607995-k20-n1-x5e9	ERR607996-k20-n1-x5e9	ERR607997-k20-n1-x5e9	ERR607998-k20-n1-x5e9	ERR607999-k20-n1-x5e9	ERR608000-k20-n1-x5e9	ERR605976-k20-n1-x5e9	ERR605977-k20-n1-x5e9	ERR605978-k20-n1-x5e9	ERR605979-k20-n1-x5e9	ERR605980-k20-n1-x5e9	ERR605981-k20-n1-x5e9	ERR608603-k20-n1-x5e9	ERR608604-k20-n1-x5e9	ERR608605-k20-n1-x5e9	ERR608606-k20-n1-x5e9	ERR608607-k20-n1-x5e9	ERR608608-k20-n1-x5e9	ERR606030-k20-n1-x5e9	ERR606031-k20-n1-x5e9	ERR606032-k20-n1-x5e9	ERR606033-k20-n1-x5e9	ERR606034-k20-n1-x5e9	ERR606035-k20-n1-x5e9
ERR608445-k20-n1-x5e9	0	0.291478	0.312513	0.321278	0.325351	0.291374	0.452644	0.482985	0.498788	0.509373	0.512674	0.50818	0.43625	0.507354	0.539778	0.532724	0.491027	0.492192	0.42399	0.424005	0.423036	0.424757	0.427207	0.426932	0.492771	0.462895	0.631941	0.472074	0.464177	0.461449	0.513442	0.512508	0.516386	0.510842	0.510307	0.510134	0.466109	0.466833	0.470632	0.467631	0.467266	0.467679	0.430269	0.449683	0.456989	0.446396	0.445835	0.445622	0.329382	0.343055	0.340652	0.328039	0.327918	0.328323	0.309843	0.330753	0.34664	0.348973	0.351658	0.331052	0.385376	0.451752	0.378245	0.370055	0.370459	0.371313	0.394316	0.378497	0.372948	0.370879	0.367698	0.366448	0.431268	0.459326	0.457946	0.406587	0.414497	0.417033	0.362731	0.449233	0.453944	0.38387	0.384569	0.382243	0.426059	0.437929	0.435043	0.394817	0.394688	0.393918	0.319726	0.375036	0.379792	0.320222	0.323593	0.319894
ERR608446-k20-n1-x5e9	0.291478	0	0.257625	0.261175	0.263926	0.254826	0.42904	0.438938	0.449243	0.458066	0.460725	0.456813	0.437057	0.45769	0.57882	0.480559	0.457449	0.457265	0.41934	0.421405	0.426339	0.438244	0.423318	0.423907	0.520109	0.439493	0.671216	0.441411	0.46853	0.464361	0.509685	0.506463	0.510449	0.497206	0.49628	0.495686	0.465966	0.464253	0.468291	0.456095	0.455881	0.454969	0.441037	0.420884	0.422516	0.4188	0.418856	0.419081	0.302933	0.302712	0.303416	0.333532	0.332114	0.330076	0.327514	0.303491	0.304018	0.306185	0.306431	0.30474	0.37128	0.509799	0.388707	0.344255	0.346627	0.343894	0.341036	0.334365	0.330899	0.329645	0.339969	0.338369	0.367518	0.391593	0.392409	0.3465	0.351702	0.353596	0.340245	0.383016	0.387043	0.335203	0.337443	0.335647	0.369593	0.377993	0.376145	0.363123	0.361561	0.363085	0.324976	0.314342	0.317413	0.296505	0.296814	0.297114
ERR608447-k20-n1-x5e9	0.312513	0.257625	0	0.252089	0.252962	0.25835	0.430836	0.431377	0.437887	0.443771	0.445993	0.442711	0.446375	0.44158	0.597786	0.462445	0.446964	0.44637	0.425971	0.428309	0.434527	0.451757	0.429275	0.430145	0.537218	0.438839	0.688962	0.437089	0.475021	0.470546	0.517083	0.513079	0.51718	0.501331	0.500165	0.499579	0.475743	0.473428	0.477539	0.462173	0.462046	0.460539	0.451897	0.418402	0.417451	0.417198	0.41724	0.417561	0.306637	0.301048	0.301792	0.350379	0.348516	0.345825	0.344976	0.307601	0.300853	0.302909	0.301842	0.308743	0.382635	0.535887	0.407362	0.350572	0.353863	0.349432	0.327882	0.326159	0.32396	0.32439	0.336375	0.335587	0.34733	0.368227	0.369717	0.329501	0.333376	0.334705	0.340031	0.360951	0.364236	0.325176	0.32754	0.326664	0.356357	0.362007	0.360407	0.365263	0.362487	0.36523	0.335435	0.298315	0.300029	0.300624	0.298997	0.301216
ERR608448-k20-n1-x5e9	0.321278	0.261175	0.252089	0	0.250225	0.260598	0.432284	0.429085	0.434459	0.440071	0.442023	0.43891	0.450892	0.438843	0.60449	0.45865	0.447396	0.446461	0.429684	0.432598	0.43928	0.456876	0.433109	0.434221	0.543126	0.440463	0.695006	0.437562	0.479747	0.475116	0.519462	0.515169	0.519417	0.502384	0.501472	0.500772	0.478941	0.476138	0.480361	0.464006	0.463783	0.462351	0.456704	0.418931	0.416854	0.417686	0.418098	0.418416	0.309629	0.301859	0.303505	0.354914	0.353222	0.350073	0.351515	0.310187	0.301445	0.30286	0.30141	0.311308	0.38325	0.542798	0.410825	0.350337	0.354068	0.3492	0.326774	0.326902	0.3247	0.325417	0.339425	0.338797	0.341361	0.36089	0.362966	0.324954	0.327893	0.329182	0.342694	0.355051	0.358355	0.324623	0.327378	0.326588	0.352244	0.357082	0.356088	0.365374	0.362387	0.365475	0.34153	0.29575	0.297328	0.305046	0.30319	0.305838
ERR608449-k20-n1-x5e9	0.325351	0.263926	0.252962	0.250225	0	0.262898	0.433909	0.429286	0.433791	0.43789	0.439804	0.43695	0.452416	0.434949	0.607681	0.454253	0.443401	0.442579	0.42983	0.432554	0.439183	0.458586	0.433087	0.434223	0.546344	0.44047	0.698087	0.43704	0.479847	0.475168	0.521215	0.516954	0.521334	0.503817	0.502885	0.502199	0.481193	0.478478	0.482832	0.465811	0.465585	0.46411	0.457969	0.418389	0.416054	0.417452	0.417842	0.418329	0.311231	0.302816	0.304027	0.359598	0.357872	0.354873	0.355585	0.312471	0.302634	0.304276	0.302475	0.314046	0.389199	0.549072	0.417361	0.354979	0.358786	0.353659	0.325036	0.326232	0.324639	0.326277	0.33872	0.338455	0.337605	0.356617	0.358555	0.322204	0.325152	0.326238	0.342025	0.350826	0.353775	0.323309	0.325779	0.325609	0.350383	0.35484	0.353445	0.367443	0.364203	0.367695	0.342316	0.292422	0.293956	0.306448	0.304004	0.30719
ERR608450-k20-n1-x5e9	0.291374	0.254826	0.25835	0.260598	0.262898	0	0.430825	0.440803	0.450856	0.458882	0.461364	0.457636	0.438246	0.457253	0.580042	0.479981	0.455862	0.455776	0.420771	0.422749	0.427485	0.440066	0.424255	0.424843	0.521541	0.440094	0.672127	0.441739	0.467772	0.463466	0.51064	0.507424	0.511483	0.498042	0.497352	0.496705	0.46733	0.465752	0.469945	0.457613	0.457515	0.45648	0.442139	0.422238	0.424008	0.420254	0.420263	0.420488	0.302852	0.30331	0.303036	0.334599	0.333461	0.330914	0.326688	0.303221	0.303721	0.305675	0.305943	0.303531	0.373222	0.510395	0.390435	0.345399	0.347527	0.344641	0.340068	0.333101	0.329816	0.32875	0.337474	0.33629	0.366706	0.390534	0.390966	0.345694	0.351432	0.35328	0.338861	0.381668	0.385684	0.333885	0.335974	0.334285	0.370115	0.378386	0.376289	0.364718	0.362802	0.364392	0.323897	0.313894	0.316911	0.296434	0.295961	0.296458
ERR608093-k20-n1-x5e9	0.452644	0.42904	0.430836	0.432284	0.433909	0.430825	0	0.267173	0.289539	0.317102	0.321323	0.314505	0.364295	0.414155	0.533198	0.44356	0.411797	0.412543	0.369163	0.372361	0.383081	0.38488	0.375501	0.376343	0.435263	0.339112	0.618949	0.346722	0.375881	0.372634	0.398676	0.394866	0.397482	0.385412	0.384373	0.385413	0.361324	0.360686	0.361765	0.351057	0.349525	0.349462	0.357888	0.329045	0.331686	0.32361	0.32334	0.323713	0.43116	0.429563	0.430693	0.447541	0.445999	0.44421	0.454155	0.436092	0.435056	0.437378	0.436631	0.436536	0.470886	0.579971	0.483309	0.456956	0.458023	0.455887	0.448378	0.44293	0.442988	0.441376	0.449269	0.447665	0.464886	0.480335	0.482569	0.449521	0.452703	0.454029	0.46891	0.491272	0.494431	0.456206	0.455417	0.453263	0.358414	0.367862	0.367614	0.340386	0.339466	0.340124	0.463784	0.449215	0.451313	0.435496	0.432598	0.433267
ERR608094-k20-n1-x5e9	0.482985	0.438938	0.431377	0.429085	0.429286	0.440803	0.267173	0	0.241606	0.262214	0.264985	0.260093	0.405131	0.38288	0.588236	0.405343	0.403223	0.402447	0.40303	0.407618	0.421316	0.433164	0.408702	0.410407	0.492468	0.351451	0.669536	0.346967	0.414333	0.410098	0.430728	0.424984	0.427997	0.405418	0.404211	0.404514	0.401282	0.397848	0.399881	0.378309	0.376753	0.375172	0.405247	0.336742	0.329742	0.333836	0.334817	0.335481	0.442932	0.433369	0.436466	0.472559	0.470296	0.467802	0.483095	0.446698	0.437217	0.438743	0.436681	0.447846	0.483285	0.623475	0.508527	0.463786	0.465995	0.461756	0.440618	0.443045	0.444937	0.44443	0.458944	0.457971	0.439238	0.446888	0.451745	0.429905	0.429637	0.429944	0.479368	0.465355	0.467221	0.451673	0.451918	0.45061	0.335595	0.337182	0.339257	0.352192	0.34929	0.352715	0.486899	0.436923	0.437304	0.449128	0.445049	0.447763
ERR608095-k20-n1-x5e9	0.498788	0.449243	0.437887	0.434459	0.433791	0.450856	0.289539	0.241606	0	0.249085	0.250694	0.247604	0.425742	0.375385	0.610603	0.393483	0.404439	0.40272	0.421808	0.42656	0.440887	0.455926	0.427068	0.428609	0.516205	0.363545	0.689771	0.355005	0.432561	0.428032	0.447683	0.441336	0.444535	0.419171	0.417833	0.417777	0.421591	0.417371	0.419526	0.395339	0.39391	0.391913	0.428124	0.348948	0.33892	0.347254	0.348528	0.34957	0.453438	0.441244	0.445	0.487468	0.485302	0.482498	0.498236	0.456574	0.444237	0.445401	0.442997	0.457878	0.494798	0.642354	0.523511	0.473099	0.475704	0.47071	0.443027	0.448542	0.451078	0.451093	0.467153	0.466289	0.433866	0.437534	0.443225	0.427939	0.426246	0.426006	0.488009	0.45888	0.460022	0.455441	0.456076	0.455125	0.335738	0.333953	0.336491	0.365963	0.362303	0.366668	0.499907	0.437547	0.436922	0.460252	0.455712	0.45906
ERR608096-k20-n1-x5e9	0.509373	0.458066	0.443771	0.440071	0.43789	0.458882	0.317102	0.262214	0.249085	0	0.233321	0.233602	0.444827	0.356239	0.632288	0.368204	0.383349	0.3812	0.43378	0.437822	0.45042	0.476123	0.436765	0.438132	0.540979	0.371968	0.709844	0.357444	0.437155	0.432147	0.466385	0.459836	0.464936	0.43638	0.435372	0.434974	0.443738	0.439423	0.443435	0.416077	0.414826	0.412524	0.438807	0.352531	0.34136	0.352705	0.354171	0.354512	0.459894	0.44776	0.44929	0.505592	0.503487	0.500675	0.508619	0.465395	0.450392	0.452378	0.449029	0.466543	0.519915	0.664534	0.549434	0.491892	0.49528	0.489191	0.442237	0.450295	0.454195	0.457306	0.466003	0.466734	0.420413	0.422438	0.425893	0.419438	0.418517	0.417832	0.487129	0.447905	0.448679	0.456698	0.457048	0.457092	0.337277	0.3337	0.333943	0.387938	0.383371	0.388753	0.501744	0.431867	0.430904	0.467372	0.461858	0.466556
ERR608097-k20-n1-x5e9	0.512674	0.460725	0.445993	0.442023	0.439804	0.461364	0.321323	0.264985	0.250694	0.233321	0	0.233707	0.448125	0.355287	0.635638	0.366301	0.383232	0.381113	0.436803	0.440729	0.453441	0.479507	0.439642	0.441071	0.544825	0.374599	0.712903	0.359517	0.440065	0.435107	0.469265	0.462711	0.46783	0.439065	0.437934	0.437502	0.446902	0.442609	0.446713	0.419184	0.418023	0.415391	0.442295	0.355226	0.343616	0.355483	0.35715	0.357428	0.462358	0.450106	0.451562	0.508847	0.506638	0.503746	0.511627	0.467991	0.452676	0.454685	0.451335	0.469132	0.523144	0.66799	0.552919	0.494781	0.498112	0.492157	0.443815	0.452353	0.456315	0.459653	0.468322	0.468905	0.420186	0.421562	0.425	0.419751	0.418747	0.41815	0.489044	0.447614	0.448352	0.458425	0.458798	0.45886	0.338991	0.334717	0.335038	0.391374	0.386649	0.392152	0.504159	0.432837	0.431764	0.470004	0.464421	0.469128
ERR608098-k20-n1-x5e9	0.50818	0.456813	0.442711	0.43891	0.43695	0.457636	0.314505	0.260093	0.247604	0.233602	0.233707	0	0.44325	0.35724	0.630603	0.369712	0.383918	0.382132	0.431795	0.435784	0.448662	0.473721	0.434865	0.436273	0.539079	0.370986	0.708321	0.356794	0.436217	0.431297	0.464823	0.458325	0.463323	0.434912	0.433887	0.433603	0.441846	0.437497	0.441375	0.414337	0.413091	0.410663	0.436916	0.351021	0.339923	0.351226	0.352533	0.353084	0.458594	0.446691	0.448315	0.50386	0.501733	0.498953	0.507335	0.464339	0.449485	0.451448	0.448314	0.465511	0.518159	0.662852	0.54759	0.490407	0.493627	0.487725	0.442307	0.450093	0.453639	0.456715	0.465727	0.466282	0.420741	0.423098	0.426558	0.419313	0.418266	0.417872	0.486249	0.448236	0.44913	0.456257	0.45668	0.45663	0.336663	0.333225	0.333557	0.38619	0.381721	0.386958	0.500391	0.431386	0.430573	0.466072	0.460618	0.465221
ERR610025-k20-n1-x5e9	0.43625	0.437057	0.446375	0.450892	0.452416	0.438246	0.364295	0.405131	0.425742	0.444827	0.448125	0.44325	0	0.398204	0.433486	0.431796	0.382538	0.384555	0.343961	0.345345	0.351089	0.338091	0.351209	0.351103	0.365997	0.339872	0.558863	0.359261	0.347293	0.346031	0.37848	0.37826	0.381038	0.380206	0.380267	0.38038	0.337992	0.339414	0.34087	0.34257	0.342092	0.343522	0.363794	0.383673	0.391755	0.378616	0.377296	0.377714	0.44064	0.446449	0.445849	0.440111	0.438934	0.438405	0.441317	0.443736	0.451321	0.453541	0.454845	0.445113	0.468968	0.539021	0.468233	0.460526	0.461016	0.460566	0.450761	0.439016	0.436098	0.434422	0.437234	0.435189	0.496806	0.514999	0.513887	0.48318	0.487986	0.489503	0.466344	0.51171	0.515064	0.467545	0.466179	0.46438	0.407527	0.419471	0.417949	0.365369	0.366598	0.36463	0.454674	0.467316	0.470156	0.439188	0.438633	0.437188
ERR610026-k20-n1-x5e9	0.507354	0.45769	0.44158	0.438843	0.434949	0.457253	0.414155	0.38288	0.375385	0.356239	0.355287	0.35724	0.398204	0	0.612037	0.248654	0.274893	0.271245	0.420166	0.422864	0.43386	0.470576	0.420647	0.422873	0.54766	0.367022	0.71523	0.349164	0.427782	0.422222	0.481347	0.475316	0.482282	0.453366	0.453164	0.451734	0.456369	0.451938	0.458163	0.430602	0.430063	0.427415	0.456493	0.379503	0.370913	0.382329	0.383093	0.383652	0.46048	0.45093	0.44946	0.517304	0.515368	0.512277	0.508749	0.467668	0.451954	0.455491	0.451196	0.46912	0.541879	0.675868	0.568995	0.507389	0.511628	0.504867	0.416827	0.426454	0.430075	0.437181	0.43807	0.439764	0.411229	0.414525	0.411822	0.418282	0.419234	0.418865	0.4665	0.425784	0.426237	0.443279	0.442517	0.443857	0.351833	0.348714	0.345555	0.414661	0.409305	0.414992	0.487362	0.415515	0.41437	0.461063	0.454658	0.460381
ERR610027-k20-n1-x5e9	0.539778	0.57882	0.597786	0.60449	0.607681	0.580042	0.533198	0.588236	0.610603	0.632288	0.635638	0.630603	0.433486	0.612037	0	0.639669	0.586999	0.589643	0.499344	0.497777	0.493106	0.450122	0.505702	0.504054	0.378612	0.528433	0.409678	0.552949	0.491943	0.495091	0.490568	0.49625	0.493983	0.518253	0.518141	0.520293	0.468199	0.47388	0.471887	0.495055	0.495035	0.498275	0.488706	0.563047	0.575073	0.557082	0.555473	0.555787	0.578723	0.592315	0.591397	0.543157	0.542478	0.544522	0.546575	0.581228	0.598176	0.599496	0.602977	0.581762	0.574285	0.515562	0.547567	0.584466	0.58266	0.585649	0.614365	0.596854	0.592413	0.58814	0.585784	0.583321	0.661857	0.680939	0.67964	0.645299	0.650763	0.652603	0.60351	0.675154	0.678747	0.620757	0.619332	0.616699	0.597393	0.609833	0.608707	0.530688	0.534793	0.529218	0.574692	0.630188	0.633638	0.578732	0.581121	0.576678
ERR610028-k20-n1-x5e9	0.532724	0.480559	0.462445	0.45865	0.454253	0.479981	0.44356	0.405343	0.393483	0.368204	0.366301	0.369712	0.431796	0.248654	0.639669	0	0.290199	0.285728	0.453102	0.455933	0.466384	0.504026	0.453103	0.455233	0.577098	0.394127	0.738653	0.372585	0.455283	0.449697	0.503449	0.496851	0.504304	0.473531	0.47336	0.471756	0.482919	0.478036	0.484523	0.455262	0.454918	0.45226	0.48581	0.404885	0.394409	0.408207	0.409146	0.409673	0.482299	0.471464	0.470067	0.54095	0.539142	0.535945	0.531889	0.488388	0.470884	0.473912	0.469383	0.489534	0.562581	0.698646	0.59164	0.527367	0.531632	0.524643	0.433244	0.445618	0.449838	0.457317	0.458642	0.460607	0.417208	0.415748	0.412611	0.429952	0.429799	0.428828	0.487054	0.430993	0.430707	0.460936	0.460438	0.462145	0.368608	0.362919	0.360049	0.439484	0.433953	0.439986	0.513314	0.431587	0.429677	0.48693	0.480388	0.486439
ERR610029-k20-n1-x5e9	0.491027	0.457449	0.446964	0.447396	0.443401	0.455862	0.411797	0.403223	0.404439	0.383349	0.383232	0.383918	0.382538	0.274893	0.586999	0.290199	0	0.243477	0.397588	0.397579	0.403858	0.447481	0.394809	0.396717	0.527116	0.36191	0.692789	0.350282	0.384915	0.380022	0.478392	0.474585	0.483058	0.458961	0.459476	0.4581	0.449979	0.447727	0.455417	0.432474	0.431921	0.430356	0.426774	0.373107	0.371279	0.375548	0.375208	0.374934	0.456897	0.454063	0.448443	0.5168	0.515183	0.512284	0.495533	0.469322	0.458239	0.463536	0.459122	0.469407	0.558527	0.665097	0.577745	0.521924	0.525899	0.520118	0.426286	0.429173	0.43282	0.442441	0.422378	0.425426	0.427353	0.439129	0.432105	0.429774	0.435535	0.436204	0.451239	0.447169	0.449462	0.446291	0.442879	0.444287	0.37232	0.374735	0.368345	0.424561	0.419652	0.424345	0.461879	0.423618	0.424235	0.450618	0.443097	0.448462
ERR610030-k20-n1-x5e9	0.492192	0.457265	0.44637	0.446461	0.442579	0.455776	0.412543	0.402447	0.40272	0.3812	0.381113	0.382132	0.384555	0.271245	0.589643	0.285728	0.243477	0	0.399802	0.399781	0.406545	0.449912	0.397246	0.399178	0.529604	0.362536	0.695385	0.350207	0.388544	0.383369	0.478945	0.474852	0.483331	0.458693	0.459193	0.457801	0.450837	0.448305	0.456011	0.432655	0.432068	0.430562	0.428983	0.373027	0.370779	0.375605	0.375352	0.37522	0.457242	0.453855	0.448317	0.51722	0.515638	0.512733	0.496458	0.469223	0.457698	0.462858	0.458364	0.469227	0.5577	0.66637	0.577511	0.521126	0.524904	0.51914	0.425152	0.428614	0.432244	0.441812	0.423038	0.425986	0.425272	0.436267	0.429442	0.428076	0.433669	0.43416	0.451984	0.445044	0.447115	0.445726	0.442532	0.444059	0.37056	0.372776	0.366378	0.424159	0.41929	0.424085	0.463701	0.422321	0.423012	0.451332	0.443859	0.449181
ERR609157-k20-n1-x5e9	0.42399	0.41934	0.425971	0.429684	0.42983	0.420771	0.369163	0.40303	0.421808	0.43378	0.436803	0.431795	0.343961	0.420166	0.499344	0.453102	0.397588	0.399802	0	0.252976	0.25629	0.277758	0.257368	0.257799	0.42552	0.359753	0.600601	0.369765	0.367452	0.364771	0.455785	0.45464	0.459355	0.453417	0.45341	0.453249	0.398362	0.39914	0.403669	0.397816	0.39705	0.398394	0.347284	0.354754	0.363532	0.352983	0.352389	0.351884	0.421378	0.426975	0.424383	0.446589	0.44602	0.444501	0.444416	0.44256	0.445118	0.449345	0.448059	0.444666	0.49905	0.571488	0.501796	0.478586	0.480604	0.478731	0.4475	0.438904	0.436428	0.439716	0.431083	0.431718	0.470812	0.49588	0.494261	0.449385	0.456434	0.458549	0.431725	0.495256	0.499091	0.449247	0.449148	0.448272	0.404575	0.415775	0.411753	0.392463	0.391317	0.391984	0.39842	0.432875	0.437197	0.401765	0.402162	0.401613
ERR609158-k20-n1-x5e9	0.424005	0.421405	0.428309	0.432598	0.432554	0.422749	0.372361	0.407618	0.42656	0.437822	0.440729	0.435784	0.345345	0.422864	0.497777	0.455933	0.397579	0.399781	0.252976	0	0.254995	0.277678	0.25694	0.257204	0.425258	0.362023	0.599069	0.372394	0.365545	0.36314	0.459005	0.458166	0.462914	0.457521	0.457516	0.457564	0.401291	0.402687	0.40726	0.401724	0.4013	0.402345	0.345938	0.35678	0.366507	0.355244	0.354375	0.353935	0.422982	0.429443	0.426304	0.449174	0.448291	0.447021	0.445182	0.445296	0.448025	0.452552	0.451212	0.447224	0.504306	0.5724	0.506144	0.483143	0.485226	0.483234	0.449918	0.44077	0.43852	0.44222	0.431328	0.432066	0.473203	0.498768	0.496776	0.451852	0.459083	0.461373	0.43216	0.498364	0.502141	0.451754	0.451227	0.4504	0.408476	0.420023	0.415552	0.397098	0.395791	0.396601	0.397189	0.435062	0.439649	0.403065	0.403457	0.402803
ERR609159-k20-n1-x5e9	0.423036	0.426339	0.434527	0.43928	0.439183	0.427485	0.383081	0.421316	0.440887	0.45042	0.453441	0.448662	0.351089	0.43386	0.493106	0.466384	0.403858	0.406545	0.25629	0.254995	0	0.277182	0.259199	0.259297	0.425414	0.372463	0.594708	0.383404	0.367348	0.365188	0.466555	0.465975	0.471334	0.466947	0.467008	0.467011	0.407692	0.409317	0.414592	0.410369	0.40985	0.411158	0.343185	0.363513	0.374322	0.361986	0.361211	0.360434	0.426236	0.43452	0.430538	0.452086	0.451466	0.450393	0.445305	0.450061	0.454159	0.458828	0.457488	0.452009	0.510875	0.569068	0.510541	0.489631	0.491418	0.489772	0.457605	0.447724	0.44508	0.449114	0.435068	0.436147	0.479192	0.506102	0.503571	0.457294	0.4653	0.467703	0.433505	0.506686	0.510656	0.458344	0.457904	0.457336	0.419243	0.431159	0.426326	0.406601	0.405527	0.406217	0.394461	0.441634	0.446436	0.406578	0.407142	0.406639
ERR609160-k20-n1-x5e9	0.424757	0.438244	0.451757	0.456876	0.458586	0.440066	0.38488	0.433164	0.455926	0.476123	0.479507	0.473721	0.338091	0.470576	0.450122	0.504026	0.447481	0.449912	0.277758	0.277678	0.277182	0	0.285173	0.28416	0.381964	0.38401	0.554067	0.40239	0.378412	0.377368	0.44785	0.448406	0.451245	0.453681	0.45384	0.454305	0.388834	0.391756	0.39407	0.398049	0.397804	0.400081	0.353447	0.392349	0.40391	0.388698	0.387436	0.387152	0.44078	0.450129	0.448787	0.441074	0.440216	0.440363	0.444832	0.457861	0.466461	0.469677	0.470261	0.459555	0.490671	0.531557	0.482742	0.481832	0.482566	0.482557	0.477521	0.464203	0.460398	0.460492	0.455609	0.454726	0.51269	0.537586	0.536773	0.489798	0.496368	0.498768	0.458705	0.533808	0.537711	0.477977	0.477511	0.475913	0.443047	0.455741	0.453267	0.403647	0.404686	0.402884	0.420103	0.471564	0.476221	0.4244	0.426402	0.423467
ERR609161-k20-n1-x5e9	0.427207	0.423318	0.429275	0.433109	0.433087	0.424255	0.375501	0.408702	0.427068	0.436765	0.439642	0.434865	0.351209	0.420647	0.505702	0.453103	0.394809	0.397246	0.257368	0.25694	0.259199	0.285173	0	0.255127	0.433513	0.364307	0.606185	0.373423	0.368842	0.365983	0.463119	0.462071	0.467084	0.460724	0.460768	0.460676	0.406006	0.40716	0.412063	0.405344	0.4049	0.405633	0.349117	0.356516	0.365547	0.354983	0.354306	0.353527	0.424227	0.430498	0.426996	0.45307	0.452177	0.450665	0.448057	0.446953	0.448913	0.453474	0.451974	0.448741	0.508196	0.578524	0.511136	0.485771	0.488012	0.485941	0.449825	0.441527	0.439585	0.443483	0.432155	0.433019	0.470893	0.496402	0.494323	0.449882	0.45723	0.459513	0.432263	0.496647	0.500609	0.451795	0.45129	0.45069	0.407493	0.41875	0.414197	0.399467	0.397722	0.399076	0.39826	0.433933	0.438417	0.404416	0.404499	0.404096
ERR609162-k20-n1-x5e9	0.426932	0.423907	0.430145	0.434221	0.434223	0.424843	0.376343	0.410407	0.428609	0.438132	0.441071	0.436273	0.351103	0.422873	0.504054	0.455233	0.396717	0.399178	0.257799	0.257204	0.259297	0.28416	0.255127	0	0.432361	0.365517	0.604392	0.374737	0.368638	0.366074	0.463199	0.462265	0.467386	0.461235	0.461412	0.461287	0.40605	0.407187	0.411999	0.405963	0.40541	0.406396	0.349042	0.358154	0.36739	0.356557	0.355795	0.355183	0.424705	0.43097	0.427577	0.452518	0.451771	0.450488	0.447985	0.447595	0.449921	0.454574	0.452977	0.449227	0.508062	0.576706	0.510477	0.485898	0.488032	0.485888	0.451156	0.442505	0.440247	0.444135	0.432583	0.433422	0.472364	0.498075	0.495794	0.451111	0.45869	0.460923	0.433077	0.498257	0.502059	0.452982	0.45239	0.451766	0.409564	0.420897	0.416244	0.400322	0.398909	0.399963	0.398206	0.435272	0.43973	0.404851	0.404921	0.404533
ERR609987-k20-n1-x5e9	0.492771	0.520109	0.537218	0.543126	0.546344	0.521541	0.435263	0.492468	0.516205	0.540979	0.544825	0.539079	0.365997	0.54766	0.378612	0.577098	0.527116	0.529604	0.42552	0.425258	0.425414	0.381964	0.433513	0.432361	0	0.403835	0.45259	0.431617	0.379378	0.381689	0.391215	0.395808	0.393435	0.413743	0.414022	0.415614	0.368778	0.373943	0.371551	0.393475	0.393012	0.396709	0.405264	0.470178	0.482304	0.463618	0.461952	0.462496	0.519241	0.530697	0.530883	0.487898	0.486885	0.488416	0.493858	0.518931	0.535056	0.53628	0.539536	0.519963	0.514601	0.507441	0.494732	0.522598	0.521114	0.523781	0.54828	0.531406	0.527494	0.522666	0.525382	0.522171	0.600789	0.619093	0.618061	0.585353	0.590287	0.592035	0.55338	0.615097	0.618525	0.562326	0.560993	0.558132	0.514873	0.528036	0.527484	0.443524	0.44775	0.442419	0.532403	0.570911	0.57396	0.525622	0.526924	0.522981
ERR609988-k20-n1-x5e9	0.462895	0.439493	0.438839	0.440463	0.44047	0.440094	0.339112	0.351451	0.363545	0.371968	0.374599	0.370986	0.339872	0.367022	0.528433	0.394127	0.36191	0.362536	0.359753	0.362023	0.372463	0.38401	0.364307	0.365517	0.403835	0	0.605208	0.257726	0.303865	0.299916	0.382727	0.379141	0.384258	0.366414	0.366621	0.365821	0.357688	0.355601	0.359842	0.344506	0.343539	0.343102	0.369251	0.335835	0.3377	0.333783	0.333512	0.334304	0.441525	0.441026	0.440378	0.467905	0.465957	0.464098	0.463852	0.445509	0.443751	0.4466	0.445527	0.446254	0.492566	0.598936	0.50634	0.471661	0.47376	0.470472	0.430408	0.425446	0.425923	0.427219	0.429769	0.428652	0.464294	0.47783	0.475866	0.457655	0.461443	0.462353	0.464917	0.481877	0.484454	0.456084	0.454697	0.453586	0.365171	0.372823	0.371239	0.363914	0.362303	0.364125	0.468182	0.447853	0.44948	0.44561	0.442151	0.443383
ERR609989-k20-n1-x5e9	0.631941	0.671216	0.688962	0.695006	0.698087	0.672127	0.618949	0.669536	0.689771	0.709844	0.712903	0.708321	0.558863	0.71523	0.409678	0.738653	0.692789	0.695385	0.600601	0.599069	0.594708	0.554067	0.606185	0.604392	0.45259	0.605208	0	0.627788	0.567296	0.570857	0.566707	0.572727	0.569549	0.594935	0.594969	0.597169	0.557425	0.56303	0.560276	0.583274	0.583439	0.586499	0.577412	0.647697	0.658883	0.642399	0.640961	0.640972	0.668517	0.681715	0.681133	0.63146	0.631264	0.632923	0.634758	0.66927	0.686065	0.686678	0.690214	0.669449	0.657766	0.577535	0.630847	0.669993	0.668018	0.67136	0.703864	0.687655	0.683673	0.679244	0.676967	0.674489	0.746514	0.76308	0.76186	0.731935	0.736699	0.738261	0.69398	0.759518	0.762491	0.71019	0.708891	0.706501	0.686017	0.697224	0.696442	0.622835	0.626763	0.621615	0.667608	0.720224	0.723259	0.673054	0.675196	0.670846
ERR609990-k20-n1-x5e9	0.472074	0.441411	0.437089	0.437562	0.43704	0.441739	0.346722	0.346967	0.355005	0.357444	0.359517	0.356794	0.359261	0.349164	0.552949	0.372585	0.350282	0.350207	0.369765	0.372394	0.383404	0.40239	0.373423	0.374737	0.431617	0.257726	0.627788	0	0.317632	0.312609	0.399093	0.394435	0.400492	0.377955	0.378079	0.377127	0.375765	0.372539	0.377918	0.357788	0.356516	0.355476	0.381522	0.332512	0.33171	0.332225	0.332073	0.33285	0.443545	0.440633	0.439865	0.477707	0.475928	0.473804	0.472886	0.448551	0.443342	0.445935	0.444173	0.449323	0.501302	0.616754	0.519042	0.476318	0.479036	0.474956	0.425063	0.423489	0.42424	0.426868	0.42987	0.429408	0.45113	0.463051	0.460764	0.447374	0.450453	0.450984	0.464497	0.470166	0.472261	0.452532	0.451456	0.451023	0.35556	0.361319	0.35915	0.370688	0.367899	0.37079	0.471842	0.440105	0.441521	0.448114	0.444289	0.446425
ERR609991-k20-n1-x5e9	0.464177	0.46853	0.475021	0.479747	0.479847	0.467772	0.375881	0.414333	0.432561	0.437155	0.440065	0.436217	0.347293	0.427782	0.491943	0.455283	0.384915	0.388544	0.367452	0.365545	0.367348	0.378412	0.368842	0.368638	0.379378	0.303865	0.567296	0.317632	0	0.26143	0.396446	0.396961	0.403714	0.397136	0.397621	0.397731	0.36995	0.371782	0.377654	0.373385	0.372588	0.374161	0.353562	0.372291	0.382531	0.369464	0.367558	0.367576	0.465156	0.473119	0.468508	0.485816	0.484426	0.48371	0.466661	0.473198	0.478359	0.482122	0.481736	0.472477	0.528665	0.587118	0.529952	0.508307	0.509742	0.508345	0.471994	0.460234	0.460048	0.462984	0.442863	0.442965	0.5079	0.526528	0.521358	0.498562	0.505831	0.507463	0.47736	0.52859	0.532115	0.489129	0.485237	0.484228	0.422557	0.434146	0.429835	0.405184	0.40498	0.404737	0.466654	0.487589	0.490463	0.465334	0.461407	0.461469
ERR609992-k20-n1-x5e9	0.461449	0.464361	0.470546	0.475116	0.475168	0.463466	0.372634	0.410098	0.428032	0.432147	0.435107	0.431297	0.346031	0.422222	0.495091	0.449697	0.380022	0.383369	0.364771	0.36314	0.365188	0.377368	0.365983	0.366074	0.381689	0.299916	0.570857	0.312609	0.26143	0	0.396415	0.396695	0.403453	0.395884	0.396583	0.396551	0.369468	0.37102	0.376647	0.371541	0.370847	0.372239	0.351841	0.367484	0.377631	0.364683	0.362952	0.362936	0.461457	0.468877	0.464123	0.483257	0.481955	0.481128	0.464256	0.469456	0.474071	0.477967	0.477319	0.468682	0.526573	0.588261	0.528762	0.505754	0.50717	0.505507	0.467877	0.456445	0.456386	0.459496	0.439733	0.439788	0.502834	0.521557	0.516262	0.49346	0.500683	0.502154	0.473875	0.524106	0.527536	0.485037	0.481432	0.48036	0.4175	0.429102	0.424616	0.401735	0.401282	0.40116	0.463342	0.482512	0.48544	0.461349	0.457297	0.457524
ERR607849-k20-n1-x5e9	0.513442	0.509685	0.517083	0.519462	0.521215	0.51064	0.398676	0.430728	0.447683	0.466385	0.469265	0.464823	0.37848	0.481347	0.490568	0.503449	0.478392	0.478945	0.455785	0.459005	0.466555	0.44785	0.463119	0.463199	0.391215	0.382727	0.566707	0.399093	0.396446	0.396415	0	0.277851	0.278317	0.284209	0.284402	0.285244	0.320999	0.322211	0.321254	0.326771	0.326749	0.327583	0.414419	0.427293	0.432581	0.421094	0.420282	0.421664	0.505603	0.509072	0.509995	0.493149	0.491653	0.491604	0.493937	0.493209	0.50196	0.501271	0.503948	0.493382	0.498938	0.567392	0.499683	0.498101	0.497567	0.497662	0.515535	0.506301	0.504449	0.49997	0.511938	0.508925	0.546618	0.555993	0.555038	0.542586	0.544586	0.54535	0.551533	0.566839	0.5692	0.539402	0.538274	0.535956	0.443647	0.453969	0.454322	0.391271	0.39446	0.391128	0.560461	0.545368	0.546534	0.534875	0.533176	0.532291
ERR607850-k20-n1-x5e9	0.512508	0.506463	0.513079	0.515169	0.516954	0.507424	0.394866	0.424984	0.441336	0.459836	0.462711	0.458325	0.37826	0.475316	0.49625	0.496851	0.474585	0.474852	0.45464	0.458166	0.465975	0.448406	0.462071	0.462265	0.395808	0.379141	0.572727	0.394435	0.396961	0.396695	0.277851	0	0.277361	0.280366	0.280717	0.281557	0.320949	0.32135	0.320551	0.32396	0.324103	0.324618	0.414547	0.422444	0.427224	0.416483	0.415769	0.417044	0.502424	0.5051	0.50624	0.491174	0.489715	0.489563	0.492918	0.490022	0.498013	0.49707	0.499612	0.490239	0.495542	0.568796	0.497615	0.494067	0.493732	0.493441	0.511205	0.50276	0.500798	0.496134	0.50938	0.506309	0.540868	0.549918	0.549074	0.537395	0.539067	0.539837	0.549096	0.561747	0.564077	0.535653	0.534842	0.532496	0.43724	0.447162	0.447829	0.387117	0.389752	0.3869	0.559231	0.540957	0.541899	0.53231	0.530691	0.53015
ERR607851-k20-n1-x5e9	0.516386	0.510449	0.51718	0.519417	0.521334	0.511483	0.397482	0.427997	0.444535	0.464936	0.46783	0.463323	0.381038	0.482282	0.493983	0.504304	0.483058	0.483331	0.459355	0.462914	0.471334	0.451245	0.467084	0.467386	0.393435	0.384258	0.569549	0.400492	0.403714	0.403453	0.278317	0.277361	0	0.282632	0.282273	0.283019	0.322042	0.322574	0.320782	0.326271	0.326317	0.32675	0.420262	0.428934	0.433539	0.422744	0.421951	0.423478	0.507134	0.509712	0.511364	0.493349	0.491593	0.491754	0.496978	0.493857	0.502178	0.501304	0.504048	0.494259	0.495541	0.566985	0.497029	0.496167	0.495595	0.495499	0.515972	0.507155	0.505388	0.500472	0.515015	0.511903	0.547164	0.55591	0.555556	0.543226	0.544636	0.545477	0.55498	0.566758	0.568935	0.539966	0.539203	0.536752	0.44287	0.452738	0.453671	0.389347	0.392457	0.38904	0.565219	0.546129	0.547087	0.536522	0.535	0.534206
ERR607852-k20-n1-x5e9	0.510842	0.497206	0.501331	0.502384	0.503817	0.498042	0.385412	0.405418	0.419171	0.43638	0.439065	0.434912	0.380206	0.453366	0.518253	0.473531	0.458961	0.458693	0.453417	0.457521	0.466947	0.453681	0.460724	0.461235	0.413743	0.366414	0.594935	0.377955	0.397136	0.395884	0.284209	0.280366	0.282632	0	0.271697	0.271228	0.324208	0.322895	0.32288	0.318781	0.318387	0.318232	0.418362	0.409266	0.411493	0.403695	0.403435	0.405052	0.493928	0.494247	0.496131	0.488024	0.486411	0.486134	0.491369	0.480924	0.486139	0.485159	0.487319	0.481553	0.488904	0.578999	0.496134	0.484906	0.484935	0.483876	0.497839	0.491425	0.489987	0.485492	0.501228	0.49835	0.523368	0.530424	0.530016	0.52168	0.522419	0.523084	0.541949	0.544652	0.546537	0.523553	0.523046	0.520978	0.416659	0.425244	0.426353	0.375741	0.377974	0.3759	0.55576	0.527017	0.527591	0.525	0.52294	0.522952
ERR607853-k20-n1-x5e9	0.510307	0.49628	0.500165	0.501472	0.502885	0.497352	0.384373	0.404211	0.417833	0.435372	0.437934	0.433887	0.380267	0.453164	0.518141	0.47336	0.459476	0.459193	0.45341	0.457516	0.467008	0.45384	0.460768	0.461412	0.414022	0.366621	0.594969	0.378079	0.397621	0.396583	0.284402	0.280717	0.282273	0.271697	0	0.271394	0.324388	0.32277	0.322707	0.318551	0.318435	0.317901	0.41868	0.409258	0.411248	0.403634	0.403237	0.404773	0.493149	0.493422	0.495414	0.487293	0.485662	0.485166	0.490944	0.479973	0.485347	0.484377	0.486539	0.480636	0.487569	0.578399	0.494958	0.483804	0.483832	0.482826	0.496963	0.490665	0.489443	0.484763	0.500975	0.497888	0.522931	0.529859	0.52963	0.521127	0.521833	0.522382	0.541425	0.543627	0.545519	0.522682	0.522224	0.520091	0.415907	0.424511	0.42556	0.374924	0.376966	0.375123	0.555591	0.526145	0.52668	0.524303	0.522308	0.522222
ERR607854-k20-n1-x5e9	0.510134	0.495686	0.499579	0.500772	0.502199	0.496705	0.385413	0.404514	0.417777	0.434974	0.437502	0.433603	0.38038	0.451734	0.520293	0.471756	0.4581	0.457801	0.453249	0.457564	0.467011	0.454305	0.460676	0.461287	0.415614	0.365821	0.597169	0.377127	0.397731	0.396551	0.285244	0.281557	0.283019	0.271228	0.271394	0	0.324603	0.323176	0.323218	0.318405	0.318388	0.317538	0.419047	0.408608	0.410603	0.40315	0.402712	0.404366	0.492596	0.492742	0.494695	0.487178	0.485488	0.48493	0.490646	0.479409	0.484749	0.483632	0.485867	0.479966	0.487731	0.579381	0.495377	0.483812	0.48379	0.482569	0.496246	0.490075	0.488774	0.484356	0.500262	0.497411	0.521775	0.528744	0.528376	0.520064	0.520771	0.521456	0.540741	0.542751	0.544585	0.522107	0.521683	0.519518	0.41509	0.423513	0.42457	0.374857	0.37672	0.37477	0.555082	0.525413	0.525922	0.523885	0.521755	0.521907
ERR608087-k20-n1-x5e9	0.466109	0.465966	0.475743	0.478941	0.481193	0.46733	0.361324	0.401282	0.421591	0.443738	0.446902	0.441846	0.337992	0.456369	0.468199	0.482919	0.449979	0.450837	0.398362	0.401291	0.407692	0.388834	0.406006	0.40605	0.368778	0.357688	0.557425	0.375765	0.36995	0.369468	0.320999	0.320949	0.322042	0.324208	0.324388	0.324603	0	0.266978	0.26697	0.27223	0.272316	0.273495	0.364905	0.384284	0.392168	0.378167	0.376892	0.378013	0.462716	0.467802	0.468896	0.450784	0.449356	0.449504	0.45544	0.457514	0.467531	0.46714	0.469597	0.458274	0.466629	0.537023	0.465554	0.464792	0.464081	0.464268	0.485683	0.475015	0.472656	0.468253	0.478645	0.476074	0.514116	0.528163	0.527632	0.504315	0.507354	0.508543	0.510919	0.540537	0.543215	0.504491	0.50403	0.501594	0.408889	0.421099	0.420872	0.35272	0.355336	0.351843	0.510009	0.50764	0.509797	0.488274	0.487824	0.486482
ERR608088-k20-n1-x5e9	0.466833	0.464253	0.473428	0.476138	0.478478	0.465752	0.360686	0.397848	0.417371	0.439423	0.442609	0.437497	0.339414	0.451938	0.47388	0.478036	0.447727	0.448305	0.39914	0.402687	0.409317	0.391756	0.40716	0.407187	0.373943	0.355601	0.56303	0.372539	0.371782	0.37102	0.322211	0.32135	0.322574	0.322895	0.32277	0.323176	0.266978	0	0.26748	0.270185	0.270179	0.271463	0.367195	0.381825	0.388766	0.375609	0.374602	0.375597	0.461255	0.465586	0.46673	0.450446	0.448924	0.448905	0.456217	0.455604	0.465068	0.46472	0.467203	0.456845	0.464244	0.539779	0.46473	0.462096	0.461533	0.461532	0.482744	0.472612	0.470349	0.465924	0.477433	0.474777	0.510432	0.52389	0.523582	0.50087	0.503814	0.504907	0.51016	0.536812	0.539519	0.502273	0.502043	0.499681	0.404605	0.416485	0.416484	0.350389	0.353182	0.349788	0.510533	0.504899	0.507049	0.487552	0.487228	0.486009
ERR608089-k20-n1-x5e9	0.470632	0.468291	0.477539	0.480361	0.482832	0.469945	0.361765	0.399881	0.419526	0.443435	0.446713	0.441375	0.34087	0.458163	0.471887	0.484523	0.455417	0.456011	0.403669	0.40726	0.414592	0.39407	0.412063	0.411999	0.371551	0.359842	0.560276	0.377918	0.377654	0.376647	0.321254	0.320551	0.320782	0.32288	0.322707	0.323218	0.26697	0.26748	0	0.271039	0.271081	0.272415	0.372629	0.387956	0.394821	0.381477	0.38054	0.381328	0.465867	0.469934	0.471671	0.451956	0.450587	0.450621	0.459596	0.459472	0.469106	0.468611	0.4712	0.460386	0.463623	0.537782	0.463456	0.463221	0.462672	0.462862	0.486793	0.476747	0.474417	0.469397	0.482727	0.479644	0.516297	0.529405	0.529404	0.506528	0.509269	0.510348	0.515746	0.541304	0.543862	0.506387	0.50609	0.503587	0.409433	0.420941	0.421476	0.351738	0.354739	0.351188	0.516405	0.509918	0.511877	0.491572	0.491287	0.489874
ERR608090-k20-n1-x5e9	0.467631	0.456095	0.462173	0.464006	0.465811	0.457613	0.351057	0.378309	0.395339	0.416077	0.419184	0.414337	0.34257	0.430602	0.495055	0.455262	0.432474	0.432655	0.397816	0.401724	0.410369	0.398049	0.405344	0.405963	0.393475	0.344506	0.583274	0.357788	0.373385	0.371541	0.326771	0.32396	0.326271	0.318781	0.318551	0.318405	0.27223	0.270185	0.271039	0	0.262488	0.262445	0.371445	0.367753	0.371895	0.362142	0.361512	0.362698	0.453534	0.455253	0.457129	0.449129	0.447441	0.44708	0.456665	0.44812	0.45438	0.453844	0.455822	0.449149	0.459491	0.55312	0.465788	0.454155	0.454031	0.453297	0.469749	0.462116	0.460417	0.456193	0.470076	0.467438	0.492042	0.503844	0.504016	0.484052	0.486084	0.487062	0.503405	0.519578	0.521976	0.490755	0.490841	0.488708	0.38306	0.393578	0.394137	0.338721	0.340715	0.338388	0.507844	0.490565	0.492157	0.480777	0.479957	0.479514
ERR608091-k20-n1-x5e9	0.467266	0.455881	0.462046	0.463783	0.465585	0.457515	0.349525	0.376753	0.39391	0.414826	0.418023	0.413091	0.342092	0.430063	0.495035	0.454918	0.431921	0.432068	0.39705	0.4013	0.40985	0.397804	0.4049	0.40541	0.393012	0.343539	0.583439	0.356516	0.372588	0.370847	0.326749	0.324103	0.326317	0.318387	0.318435	0.318388	0.272316	0.270179	0.271081	0.262488	0	0.26245	0.371144	0.367087	0.3713	0.361209	0.36057	0.361804	0.453324	0.454957	0.45698	0.448982	0.447491	0.446955	0.456335	0.447729	0.454074	0.453634	0.455409	0.448978	0.459275	0.553086	0.465571	0.453911	0.453839	0.45309	0.469248	0.461643	0.459832	0.455605	0.469606	0.466974	0.491917	0.503641	0.503908	0.483976	0.485916	0.486778	0.503157	0.519435	0.521804	0.490148	0.490244	0.488073	0.382366	0.392875	0.393307	0.338214	0.340009	0.337963	0.507153	0.490139	0.491806	0.480184	0.479327	0.47883
ERR608092-k20-n1-x5e9	0.467679	0.454969	0.460539	0.462351	0.46411	0.45648	0.349462	0.375172	0.391913	0.412524	0.415391	0.410663	0.343522	0.427415	0.498275	0.45226	0.430356	0.430562	0.398394	0.402345	0.411158	0.400081	0.405633	0.406396	0.396709	0.343102	0.586499	0.355476	0.374161	0.372239	0.327583	0.324618	0.32675	0.318232	0.317901	0.317538	0.273495	0.271463	0.272415	0.262445	0.26245	0	0.372744	0.366214	0.37001	0.360419	0.359982	0.360941	0.452375	0.453875	0.455702	0.449083	0.447334	0.446874	0.456307	0.44673	0.452793	0.452353	0.453968	0.448025	0.458828	0.555111	0.466012	0.452982	0.452847	0.452084	0.467773	0.460373	0.458917	0.454416	0.468917	0.466489	0.490082	0.50155	0.501691	0.482326	0.484176	0.485125	0.502436	0.517342	0.519635	0.488971	0.489168	0.486945	0.380374	0.390527	0.391179	0.337469	0.339253	0.337407	0.507554	0.488644	0.49016	0.479662	0.478938	0.478477
ERR608701-k20-n1-x5e9	0.430269	0.441037	0.451897	0.456704	0.457969	0.442139	0.357888	0.405247	0.428124	0.438807	0.442295	0.436916	0.363794	0.456493	0.488706	0.48581	0.426774	0.428983	0.347284	0.345938	0.343185	0.353447	0.349117	0.349042	0.405264	0.369251	0.577412	0.381522	0.353562	0.351841	0.414419	0.414547	0.420262	0.418362	0.41868	0.419047	0.364905	0.367195	0.372629	0.371445	0.371144	0.372744	0	0.298903	0.31433	0.296067	0.294163	0.293736	0.433591	0.444325	0.440078	0.44923	0.448288	0.447934	0.436552	0.447971	0.456792	0.459983	0.459969	0.448935	0.50407	0.553528	0.500478	0.486146	0.487008	0.486444	0.476496	0.465181	0.461589	0.464546	0.452034	0.452817	0.488488	0.514634	0.511122	0.469059	0.476593	0.47912	0.465235	0.532696	0.536672	0.487726	0.487547	0.486487	0.411036	0.425354	0.420418	0.383877	0.383871	0.38358	0.435092	0.474632	0.478789	0.444757	0.445346	0.444739
