	ERR606710-k20-n1-x5e9	ERR606711-k20-n1-x5e9	ERR606712-k20-n1-x5e9	ERR606713-k20-n1-x5e9	ERR606714-k20-n1-x5e9	ERR606715-k20-n1-x5e9	ERR608353-k20-n1-x5e9	ERR608354-k20-n1-x5e9	ERR608355-k20-n1-x5e9	ERR608356-k20-n1-x5e9	ERR608357-k20-n1-x5e9	ERR608358-k20-n1-x5e9	ERR607469-k20-n1-x5e9	ERR607470-k20-n1-x5e9	ERR607471-k20-n1-x5e9	ERR607472-k20-n1-x5e9	ERR607473-k20-n1-x5e9	ERR607474-k20-n1-x5e9	ERR607242-k20-n1-x5e9	ERR607243-k20-n1-x5e9	ERR607244-k20-n1-x5e9	ERR607245-k20-n1-x5e9	ERR607246-k20-n1-x5e9	ERR607247-k20-n1-x5e9	ERR605793-k20-n1-x5e9	ERR605794-k20-n1-x5e9	ERR605795-k20-n1-x5e9	ERR605796-k20-n1-x5e9	ERR605797-k20-n1-x5e9	ERR605798-k20-n1-x5e9	ERR605787-k20-n1-x5e9	ERR605788-k20-n1-x5e9	ERR605789-k20-n1-x5e9	ERR605790-k20-n1-x5e9	ERR605791-k20-n1-x5e9	ERR605792-k20-n1-x5e9	ERR608877-k20-n1-x5e9	ERR608878-k20-n1-x5e9	ERR608879-k20-n1-x5e9	ERR608880-k20-n1-x5e9	ERR608881-k20-n1-x5e9	ERR608882-k20-n1-x5e9	ERR608701-k20-n1-x5e9	ERR608702-k20-n1-x5e9	ERR608703-k20-n1-x5e9	ERR608704-k20-n1-x5e9	ERR608705-k20-n1-x5e9	ERR608706-k20-n1-x5e9	ERR607669-k20-n1-x5e9	ERR607670-k20-n1-x5e9	ERR607671-k20-n1-x5e9	ERR607672-k20-n1-x5e9	ERR607673-k20-n1-x5e9	ERR607674-k20-n1-x5e9	ERR608463-k20-n1-x5e9	ERR608464-k20-n1-x5e9	ERR608465-k20-n1-x5e9	ERR608466-k20-n1-x5e9	ERR608467-k20-n1-x5e9	ERR608468-k20-n1-x5e9	ERR608775-k20-n1-x5e9	ERR608776-k20-n1-x5e9	ERR608777-k20-n1-x5e9	ERR608778-k20-n1-x5e9	ERR608779-k20-n1-x5e9	ERR608780-k20-n1-x5e9	ERR605611-k20-n1-x5e9	ERR605612-k20-n1-x5e9	ERR605613-k20-n1-x5e9	ERR605614-k20-n1-x5e9	ERR605615-k20-n1-x5e9	ERR605616-k20-n1-x5e9	ERR605988-k20-n1-x5e9	ERR605989-k20-n1-x5e9	ERR605990-k20-n1-x5e9	ERR605991-k20-n1-x5e9	ERR605992-k20-n1-x5e9	ERR605993-k20-n1-x5e9	ERR608371-k20-n1-x5e9	ERR608372-k20-n1-x5e9	ERR608373-k20-n1-x5e9	ERR608374-k20-n1-x5e9	ERR608375-k20-n1-x5e9	ERR608376-k20-n1-x5e9	ERR605701-k20-n1-x5e9	ERR605702-k20-n1-x5e9	ERR605703-k20-n1-x5e9	ERR605704-k20-n1-x5e9	ERR605705-k20-n1-x5e9	ERR605706-k20-n1-x5e9	ERR605635-k20-n1-x5e9	ERR605636-k20-n1-x5e9	ERR605637-k20-n1-x5e9	ERR605638-k20-n1-x5e9	ERR605639-k20-n1-x5e9	ERR605640-k20-n1-x5e9
ERR606710-k20-n1-x5e9	0	0.873338	0.865834	0.864143	0.870043	0.87	1.12341	1.11793	1.11957	1.1122	1.111	1.10946	1.13034	1.11847	1.11886	1.13429	1.13099	1.13616	0.953821	0.971763	0.992455	0.965562	0.965142	0.996854	1.00387	1.00453	0.970321	0.963313	0.963795	0.963367	1.02125	1.02053	0.994411	0.990774	0.990212	0.98864	1.03197	1.03083	1.03388	1.01146	1.01137	1.0111	1.11669	1.10307	1.10224	1.10344	1.10292	1.10275	1.18781	1.18612	1.18479	1.18657	1.18694	1.18515	1.14112	1.13048	1.12242	1.12276	1.11942	1.12718	1.15634	1.15634	1.153	1.17992	1.17816	1.18031	1.06757	1.0628	1.06047	1.0643	1.05741	1.05906	1.21597	1.20128	1.2005	1.21268	1.21167	1.2129	1.1905	1.18817	1.18429	1.19836	1.19797	1.19732	1.04737	1.0461	1.04636	1.04839	1.04064	1.041	1.09271	1.09295	1.0903	1.09275	1.08478	1.08521
ERR606711-k20-n1-x5e9	0.873338	0	0.717738	0.749756	0.72228	0.721465	1.00417	0.9811	0.979571	0.971621	0.970596	0.967591	1.01737	0.982804	0.982854	1.0136	1.012	1.01662	0.892732	0.851761	0.936693	0.872362	0.873717	0.969528	0.965003	0.975601	0.866893	0.870125	0.867868	0.867001	1.00073	1.00691	0.918959	0.926065	0.927564	0.92861	0.998535	0.991075	1.00213	0.93475	0.9344	0.934932	0.999115	0.962063	0.959275	0.961965	0.962305	0.962329	1.08124	1.077	1.07658	1.0802	1.07947	1.07879	1.03014	1.00115	0.988699	0.989467	0.985363	0.996287	1.03495	1.02892	1.02629	1.06696	1.06445	1.06806	0.991886	0.994827	0.994499	1.00352	0.995017	0.999075	1.12429	1.08936	1.08829	1.11239	1.11037	1.1116	1.0829	1.0771	1.07476	1.09497	1.09362	1.09265	0.95396	0.961626	0.961251	0.967253	0.961044	0.962295	1.00668	1.00776	1.0082	1.00862	1.00545	1.00611
ERR606712-k20-n1-x5e9	0.865834	0.717738	0	0.747886	0.719208	0.718528	1.00612	0.987205	0.983579	0.973276	0.972335	0.969982	1.01793	0.985757	0.983854	1.01527	1.0126	1.01692	0.889511	0.847547	0.933545	0.868905	0.872721	0.964787	0.962829	0.974446	0.868014	0.872143	0.87077	0.86845	0.995536	1.00319	0.916374	0.925168	0.925287	0.92566	0.996506	0.988198	0.99971	0.933455	0.934418	0.933053	1.00106	0.963234	0.961664	0.966173	0.965619	0.964304	1.08418	1.08	1.0792	1.08288	1.08297	1.08092	1.03181	1.00352	0.99108	0.99229	0.98814	1.00109	1.03793	1.03488	1.03266	1.06831	1.06823	1.06916	0.991754	0.994936	0.995691	1.00387	0.995931	0.99942	1.12742	1.09125	1.09188	1.11422	1.11274	1.1141	1.08526	1.08022	1.07771	1.0994	1.09677	1.0958	0.95662	0.96283	0.965675	0.964695	0.96311	0.960979	1.00637	1.00838	1.00716	1.00822	1.00548	1.00478
ERR606713-k20-n1-x5e9	0.864143	0.749756	0.747886	0	0.744207	0.74416	1.02485	1.00584	1.00516	0.992041	0.990839	0.988688	1.03443	1.00651	1.00598	1.03205	1.02908	1.03482	0.895433	0.867431	0.941753	0.882868	0.884942	0.963278	0.966585	0.973119	0.886099	0.884647	0.883946	0.882756	0.998415	1.00948	0.93079	0.932316	0.932589	0.932355	0.998493	0.994265	1.00198	0.944399	0.943457	0.944735	1.0162	0.9855	0.983506	0.985028	0.985658	0.985992	1.09946	1.09586	1.0944	1.09804	1.0982	1.09545	1.04899	1.02628	1.01262	1.01333	1.00884	1.02188	1.05617	1.05428	1.05165	1.08454	1.08279	1.08568	1.00493	1.00557	1.0038	1.01191	1.0037	1.00609	1.1448	1.10918	1.10821	1.12587	1.12495	1.12561	1.10148	1.09614	1.09277	1.11116	1.10928	1.10917	0.969772	0.97047	0.971322	0.973519	0.967021	0.967585	1.01692	1.01827	1.01753	1.01937	1.01473	1.01448
ERR606714-k20-n1-x5e9	0.870043	0.72228	0.719208	0.744207	0	0.715993	1.00118	0.981436	0.981305	0.970818	0.969918	0.968276	1.01617	0.984169	0.981945	1.01436	1.01071	1.01651	0.89131	0.852911	0.938912	0.871375	0.876144	0.971753	0.965319	0.975907	0.866529	0.864853	0.86341	0.86395	1.00322	1.00934	0.919826	0.925228	0.925339	0.927882	1.0004	0.993715	1.00497	0.933375	0.934745	0.934542	0.995699	0.960014	0.957687	0.960645	0.958951	0.95926	1.07977	1.07671	1.07551	1.07774	1.07891	1.0763	1.02801	1.00008	0.988264	0.989372	0.985672	0.996791	1.03273	1.02836	1.02504	1.06665	1.06361	1.0676	0.992423	0.994098	0.993364	1.00188	0.993107	0.995538	1.12252	1.08984	1.08811	1.11127	1.11011	1.11149	1.0831	1.0765	1.07272	1.09372	1.09213	1.09174	0.953535	0.958187	0.960314	0.965687	0.957685	0.958141	1.00534	1.00714	1.00624	1.00718	1.00396	1.00444
ERR606715-k20-n1-x5e9	0.87	0.721465	0.718528	0.74416	0.715993	0	1.00445	0.985499	0.98176	0.973848	0.972917	0.97046	1.0164	0.986	0.984757	1.01623	1.01383	1.01665	0.894517	0.850319	0.939252	0.873741	0.875152	0.96985	0.9648	0.97473	0.86806	0.86799	0.866605	0.863629	1.00145	1.00844	0.921028	0.92674	0.928021	0.929253	1.00008	0.993101	1.00447	0.935512	0.937497	0.936932	0.998405	0.960939	0.960333	0.9617	0.962422	0.962614	1.08228	1.07781	1.07775	1.08102	1.08049	1.07915	1.03126	1.00184	0.990264	0.991214	0.987066	0.999156	1.03695	1.03287	1.02949	1.07113	1.06728	1.07064	0.993477	0.996261	0.996154	1.00538	0.99551	0.998572	1.12515	1.09192	1.0908	1.11347	1.11276	1.11348	1.08463	1.07924	1.07641	1.09771	1.09601	1.09368	0.954747	0.960372	0.962142	0.968399	0.960718	0.961433	1.0082	1.00695	1.00807	1.00982	1.00403	1.00509
ERR608353-k20-n1-x5e9	1.12341	1.00417	1.00612	1.02485	1.00118	1.00445	0	0.817204	0.81395	0.806373	0.806386	0.803351	1.01601	0.980262	0.978468	1.01345	1.01083	1.01448	1.03059	0.968896	1.06549	0.993097	0.996931	1.10403	1.09849	1.11284	1.00145	1.00476	1.00388	1.00524	1.12682	1.13973	1.03411	1.05015	1.05161	1.0553	1.10424	1.09766	1.10896	1.03228	1.03402	1.03415	0.995022	0.958081	0.956235	0.958707	0.958482	0.959015	1.08725	1.0853	1.08434	1.08669	1.08734	1.08562	1.03158	1.01303	1.00058	1.00079	0.997829	1.00916	1.04258	1.0416	1.0413	1.07196	1.06822	1.07124	1.11537	1.12022	1.1217	1.12971	1.12432	1.12606	1.13712	1.09236	1.09199	1.12017	1.12077	1.12158	1.08456	1.08067	1.07882	1.09652	1.09288	1.09254	1.09516	1.10078	1.10367	1.10677	1.10467	1.10473	1.08442	1.09067	1.09049	1.09176	1.09152	1.09026
ERR608354-k20-n1-x5e9	1.11793	0.9811	0.987205	1.00584	0.981436	0.985499	0.817204	0	0.738848	0.728817	0.729342	0.728285	0.994845	0.952904	0.947424	0.98428	0.982148	0.987449	1.01232	0.935312	1.04899	0.96615	0.969608	1.08664	1.08894	1.10117	0.982621	0.987999	0.988232	0.987778	1.10833	1.12603	1.00786	1.02873	1.03218	1.03572	1.09188	1.08122	1.09635	1.00856	1.00866	1.00864	0.975993	0.930859	0.923098	0.930934	0.932415	0.932947	1.06565	1.06181	1.06257	1.0664	1.06581	1.0632	1.01796	0.984205	0.973053	0.970526	0.967436	0.981903	1.01302	1.0086	1.00872	1.041	1.03875	1.04089	1.09715	1.10585	1.10742	1.11078	1.11126	1.11261	1.11678	1.06618	1.06504	1.09106	1.09122	1.09228	1.06179	1.05383	1.05455	1.0714	1.0685	1.06689	1.07316	1.0817	1.08321	1.08411	1.08651	1.08652	1.06069	1.06824	1.0691	1.06956	1.0726	1.07186
ERR608355-k20-n1-x5e9	1.11957	0.979571	0.983579	1.00516	0.981305	0.98176	0.81395	0.738848	0	0.725567	0.726078	0.723422	0.994733	0.949731	0.948099	0.98407	0.981301	0.986354	1.01138	0.934938	1.04864	0.965366	0.967255	1.08679	1.08688	1.10208	0.976947	0.982915	0.98368	0.985258	1.1085	1.12428	1.00561	1.02671	1.02933	1.03335	1.09068	1.0815	1.0953	1.0098	1.0095	1.01006	0.974933	0.92695	0.921251	0.927208	0.925847	0.926816	1.06414	1.05918	1.05953	1.06334	1.06314	1.06001	1.0167	0.980452	0.969776	0.966258	0.96421	0.978497	1.01132	1.00358	1.00184	1.04172	1.03825	1.04103	1.09675	1.1025	1.10447	1.11107	1.11075	1.1125	1.11285	1.06442	1.06218	1.09077	1.0909	1.09078	1.05854	1.05097	1.05169	1.07075	1.0663	1.06376	1.07183	1.07963	1.08248	1.0848	1.08706	1.08755	1.06156	1.06679	1.06753	1.06785	1.07116	1.07163
ERR608356-k20-n1-x5e9	1.1122	0.971621	0.973276	0.992041	0.970818	0.973848	0.806373	0.728817	0.725567	0	0.723033	0.725571	0.987758	0.942032	0.939768	0.976707	0.975007	0.979287	1.00167	0.926072	1.03903	0.9528	0.956484	1.0823	1.07994	1.09426	0.968783	0.971992	0.972523	0.973943	1.10429	1.12061	0.998895	1.01942	1.02053	1.02351	1.08617	1.07433	1.09072	0.99797	0.997277	0.998554	0.967064	0.91943	0.915483	0.917087	0.919123	0.919739	1.05611	1.05354	1.05428	1.05486	1.05453	1.05366	1.00823	0.972766	0.961597	0.959601	0.955774	0.970363	0.99645	0.993383	0.991541	1.03133	1.02952	1.03171	1.08757	1.09461	1.09658	1.10181	1.10222	1.10221	1.1057	1.05568	1.05302	1.08449	1.08599	1.08627	1.05095	1.04243	1.04284	1.06162	1.05688	1.05512	1.06278	1.06993	1.07244	1.07502	1.07719	1.07771	1.0514	1.05912	1.06053	1.06164	1.06399	1.06392
ERR608357-k20-n1-x5e9	1.111	0.970596	0.972335	0.990839	0.969918	0.972917	0.806386	0.729342	0.726078	0.723033	0	0.726303	0.986681	0.941526	0.939304	0.975558	0.974563	0.978939	1.00089	0.924938	1.03858	0.951872	0.955494	1.08194	1.07872	1.09279	0.967018	0.970402	0.970413	0.971951	1.103	1.11965	0.997875	1.01909	1.02	1.02301	1.08549	1.07393	1.08985	0.997481	0.996981	0.998309	0.965912	0.918143	0.913627	0.915852	0.91757	0.918338	1.05484	1.0531	1.05376	1.05389	1.05413	1.0528	1.00687	0.971331	0.960344	0.957388	0.954438	0.968245	0.995804	0.992232	0.99079	1.03068	1.02912	1.03086	1.08699	1.09422	1.09557	1.10113	1.10133	1.10178	1.10368	1.05521	1.05311	1.08393	1.0853	1.08601	1.05043	1.04215	1.04182	1.06042	1.05645	1.05458	1.06061	1.06937	1.07212	1.07445	1.07659	1.07679	1.05089	1.05878	1.05969	1.06056	1.06346	1.06313
ERR608358-k20-n1-x5e9	1.10946	0.967591	0.969982	0.988688	0.968276	0.97046	0.803351	0.728285	0.723422	0.725571	0.726303	0	0.985749	0.938733	0.937983	0.974823	0.973441	0.978098	0.999408	0.925395	1.03743	0.948537	0.953802	1.08069	1.07696	1.09197	0.965355	0.967921	0.967941	0.97011	1.10326	1.11864	0.997552	1.01631	1.01911	1.02185	1.08526	1.07311	1.08901	0.995196	0.995264	0.996987	0.964477	0.915877	0.913146	0.914879	0.915357	0.915989	1.0532	1.05048	1.0512	1.05375	1.05397	1.05373	1.00444	0.970246	0.959103	0.95751	0.953067	0.967088	0.994048	0.990208	0.988619	1.0293	1.02664	1.02885	1.08417	1.09253	1.09294	1.09994	1.09922	1.10099	1.10358	1.05281	1.05159	1.08197	1.08276	1.0835	1.04782	1.04013	1.04207	1.05927	1.05606	1.05448	1.05953	1.0684	1.07066	1.07175	1.07377	1.07417	1.04833	1.05597	1.05803	1.0595	1.06135	1.06147
ERR607469-k20-n1-x5e9	1.13034	1.01737	1.01793	1.03443	1.01617	1.0164	1.01601	0.994845	0.994733	0.987758	0.986681	0.985749	0	0.81829	0.817382	0.858756	0.857102	0.863539	1.0381	0.981038	1.07591	1.00343	1.00688	1.11341	1.11011	1.12004	1.01756	1.01835	1.01767	1.01713	1.10724	1.12035	1.0087	1.02273	1.02454	1.0265	1.06417	1.05605	1.07016	0.986487	0.989128	0.988867	0.985019	0.949233	0.946731	0.947818	0.94966	0.949702	1.03837	1.03859	1.03789	1.03802	1.03782	1.0365	1.01986	0.999532	0.991099	0.992135	0.987418	0.997582	1.0037	1.00439	1.00069	1.02977	1.02684	1.02986	1.06502	1.0685	1.07011	1.0789	1.07123	1.07379	1.10412	1.06002	1.05912	1.08783	1.08794	1.08845	1.03588	1.03471	1.03194	1.04693	1.04619	1.04483	1.0502	1.05451	1.05666	1.06183	1.05634	1.05756	1.03572	1.0431	1.0422	1.04262	1.03761	1.03865
ERR607470-k20-n1-x5e9	1.11847	0.982804	0.985757	1.00651	0.984169	0.986	0.980262	0.952904	0.949731	0.942032	0.941526	0.938733	0.81829	0	0.753757	0.813399	0.808462	0.815381	1.00726	0.9363	1.04939	0.966396	0.967989	1.08841	1.09114	1.10494	0.985069	0.989567	0.990161	0.990394	1.08226	1.09823	0.970539	0.990307	0.992316	0.996855	1.04185	1.03268	1.04925	0.952783	0.953751	0.953665	0.950963	0.903743	0.899267	0.903558	0.902482	0.903183	1.00259	1.00025	0.999112	1.00282	1.00231	0.999239	0.994427	0.960407	0.951366	0.948642	0.945104	0.95948	0.960869	0.954798	0.951961	0.992938	0.988983	0.991443	1.03503	1.03987	1.04264	1.05159	1.04692	1.04903	1.06978	1.02207	1.01971	1.05118	1.05016	1.05026	0.999017	0.994752	0.993085	1.01343	1.01076	1.00824	1.01664	1.02435	1.02699	1.03006	1.02968	1.03018	1.00278	1.00522	1.00592	1.00717	1.00636	1.00646
ERR607471-k20-n1-x5e9	1.11886	0.982854	0.983854	1.00598	0.981945	0.984757	0.978468	0.947424	0.948099	0.939768	0.939304	0.937983	0.817382	0.753757	0	0.810062	0.804862	0.812724	1.00405	0.931101	1.04597	0.962038	0.966647	1.08914	1.0892	1.10326	0.983562	0.988052	0.987173	0.987903	1.08102	1.09807	0.968919	0.988096	0.990748	0.995616	1.04349	1.03162	1.04776	0.946087	0.948915	0.950143	0.951651	0.900551	0.897289	0.901045	0.902166	0.902823	1.0016	0.99978	1.00015	0.999637	0.999292	0.998807	0.994153	0.958237	0.948417	0.946928	0.941264	0.956516	0.952643	0.949066	0.945906	0.98682	0.98358	0.987196	1.0323	1.03802	1.03987	1.04941	1.045	1.04663	1.06696	1.01662	1.01576	1.04773	1.04679	1.04832	0.998456	0.991242	0.991561	1.00904	1.00502	1.00341	1.01346	1.0211	1.02358	1.02712	1.02744	1.02706	0.99867	1.00484	1.00489	1.00473	1.00544	1.00528
ERR607472-k20-n1-x5e9	1.13429	1.0136	1.01527	1.03205	1.01436	1.01623	1.01345	0.98428	0.98407	0.976707	0.975558	0.974823	0.858756	0.813399	0.810062	0	0.846579	0.852102	1.03662	0.971868	1.06917	0.995807	0.998449	1.10643	1.10811	1.11832	1.01406	1.0169	1.01638	1.0173	1.10182	1.11815	1.0023	1.01938	1.02253	1.02651	1.05815	1.04854	1.06267	0.979494	0.981304	0.980501	0.98572	0.943362	0.939091	0.943034	0.943585	0.944221	1.03416	1.03394	1.03351	1.0328	1.03317	1.03295	1.01652	0.991237	0.984743	0.982832	0.978268	0.991317	0.99785	0.994535	0.991932	1.01928	1.01696	1.02011	1.0609	1.06681	1.06604	1.07432	1.07006	1.07228	1.10143	1.05124	1.04984	1.07871	1.07855	1.07935	1.03146	1.0269	1.02683	1.04058	1.03755	1.0363	1.04615	1.05134	1.05394	1.05657	1.05616	1.0565	1.03029	1.03753	1.0388	1.03852	1.04044	1.03792
ERR607473-k20-n1-x5e9	1.13099	1.012	1.0126	1.02908	1.01071	1.01383	1.01083	0.982148	0.981301	0.975007	0.974563	0.973441	0.857102	0.808462	0.804862	0.846579	0	0.848609	1.03434	0.967757	1.06828	0.993616	0.995124	1.10449	1.10634	1.11677	1.0124	1.01464	1.01308	1.0152	1.09965	1.11661	0.998678	1.01766	1.01888	1.02325	1.05802	1.04882	1.06221	0.976978	0.978896	0.980583	0.981261	0.940616	0.935902	0.940368	0.940907	0.941423	1.03122	1.03156	1.02917	1.03162	1.03204	1.03135	1.01546	0.988003	0.980785	0.979244	0.974887	0.986816	0.994639	0.992186	0.989702	1.01782	1.01529	1.01781	1.05981	1.06446	1.06473	1.07265	1.0698	1.07012	1.09854	1.04846	1.04777	1.0751	1.07557	1.07649	1.02901	1.02504	1.02371	1.03827	1.03523	1.0343	1.04233	1.04986	1.0507	1.05443	1.05325	1.05277	1.02783	1.03345	1.03518	1.03851	1.03653	1.03785
ERR607474-k20-n1-x5e9	1.13616	1.01662	1.01692	1.03482	1.01651	1.01665	1.01448	0.987449	0.986354	0.979287	0.978939	0.978098	0.863539	0.815381	0.812724	0.852102	0.848609	0	1.03922	0.97497	1.07153	0.99804	1.00231	1.10937	1.10825	1.11944	1.01592	1.01904	1.01851	1.01862	1.10418	1.11998	1.00535	1.02197	1.02399	1.02733	1.05928	1.0512	1.06461	0.981981	0.983511	0.983966	0.987791	0.945839	0.941413	0.943245	0.94574	0.946274	1.03615	1.03635	1.0362	1.03603	1.03578	1.03413	1.01957	0.994598	0.985705	0.986303	0.981841	0.993304	0.998546	0.998085	0.995669	1.02302	1.02071	1.02353	1.06315	1.06743	1.06888	1.0766	1.07246	1.07447	1.10342	1.05214	1.05103	1.08119	1.08198	1.08188	1.03206	1.02982	1.02868	1.04249	1.04052	1.03861	1.04823	1.05318	1.05549	1.0596	1.05757	1.05842	1.03258	1.04107	1.03987	1.04002	1.03927	1.03918
ERR607242-k20-n1-x5e9	0.953821	0.892732	0.889511	0.895433	0.89131	0.894517	1.03059	1.01232	1.01138	1.00167	1.00089	0.999408	1.0381	1.00726	1.00405	1.03662	1.03434	1.03922	0	0.810418	0.870508	0.819975	0.820638	0.912805	0.95945	0.969193	0.900442	0.896444	0.895742	0.89499	0.991896	0.997363	0.931046	0.93507	0.93224	0.932239	0.988041	0.981609	0.992889	0.950501	0.951693	0.952167	1.02043	0.988284	0.984139	0.987969	0.988671	0.989063	1.11022	1.10912	1.10725	1.11012	1.10954	1.10875	1.05336	1.03695	1.02929	1.02994	1.0264	1.03419	1.07389	1.07091	1.06914	1.10267	1.10171	1.10301	1.02257	1.02292	1.02307	1.02983	1.02259	1.02542	1.15255	1.11561	1.11459	1.14288	1.14136	1.14274	1.11554	1.11054	1.10745	1.13006	1.12796	1.12574	1.00839	1.01319	1.01426	1.01627	1.01394	1.01269	1.03178	1.03145	1.03025	1.03251	1.02705	1.02772
ERR607243-k20-n1-x5e9	0.971763	0.851761	0.847547	0.867431	0.852911	0.850319	0.968896	0.935312	0.934938	0.926072	0.924938	0.925395	0.981038	0.9363	0.931101	0.971868	0.967757	0.97497	0.810418	0	0.850954	0.755765	0.759487	0.90203	0.958419	0.96913	0.85684	0.854734	0.857248	0.859265	0.98769	0.997237	0.894797	0.909598	0.910906	0.914547	0.986965	0.976117	0.991277	0.911983	0.913359	0.913142	0.962397	0.914435	0.909284	0.913213	0.913382	0.914335	1.05673	1.05591	1.0546	1.05523	1.05535	1.0532	1.00358	0.968157	0.956473	0.956613	0.951504	0.965087	1.00261	0.998243	0.995851	1.03921	1.03688	1.03877	0.99067	0.995847	0.994109	1.00137	0.999752	1.00125	1.10248	1.05274	1.05036	1.08321	1.08151	1.08165	1.06124	1.05202	1.05312	1.07131	1.06839	1.0673	0.970508	0.977144	0.979327	0.980324	0.981977	0.981623	0.990278	0.996415	0.997389	0.993982	0.997514	0.995563
ERR607244-k20-n1-x5e9	0.992455	0.936693	0.933545	0.941753	0.938912	0.939252	1.06549	1.04899	1.04864	1.03903	1.03858	1.03743	1.07591	1.04939	1.04597	1.06917	1.06828	1.07153	0.870508	0.850954	0	0.85963	0.862047	0.926819	0.987295	0.99242	0.942328	0.940474	0.941786	0.942301	0.998529	0.998939	0.957444	0.956828	0.957309	0.958714	1.00805	1.00241	1.01002	0.979904	0.980743	0.98	1.06413	1.03462	1.0293	1.03338	1.03361	1.03414	1.14239	1.13654	1.13759	1.14184	1.14112	1.13901	1.09668	1.06796	1.06218	1.06197	1.05835	1.06635	1.10479	1.10208	1.10038	1.12446	1.12345	1.1247	1.05225	1.05174	1.05124	1.05549	1.05543	1.0564	1.17635	1.14178	1.13997	1.16174	1.16151	1.16159	1.14769	1.14084	1.13997	1.15591	1.15418	1.15234	1.04651	1.04652	1.04878	1.04762	1.04976	1.04934	1.05447	1.05558	1.05529	1.05527	1.05759	1.05626
ERR607245-k20-n1-x5e9	0.965562	0.872362	0.868905	0.882868	0.871375	0.873741	0.993097	0.96615	0.965366	0.9528	0.951872	0.948537	1.00343	0.966396	0.962038	0.995807	0.993616	0.99804	0.819975	0.755765	0.85963	0	0.783516	0.891762	0.958149	0.96535	0.876616	0.877301	0.877422	0.879424	0.979575	0.993433	0.910261	0.916449	0.91738	0.920934	0.983366	0.9776	0.985875	0.927976	0.928848	0.927698	0.988078	0.949287	0.941215	0.947551	0.945875	0.94689	1.08071	1.07614	1.07683	1.07891	1.07898	1.076	1.02891	0.996702	0.98489	0.982359	0.979218	0.994765	1.03475	1.03139	1.02975	1.06253	1.06059	1.0622	1.00662	1.00911	1.0081	1.01331	1.01276	1.0144	1.12655	1.07773	1.07579	1.10004	1.09868	1.09941	1.08469	1.07698	1.07703	1.09272	1.09135	1.09038	0.99119	0.993307	0.99346	0.994058	0.997159	0.996273	1.004	1.00798	1.00695	1.0068	1.00755	1.0077
ERR607246-k20-n1-x5e9	0.965142	0.873717	0.872721	0.884942	0.876144	0.875152	0.996931	0.969608	0.967255	0.956484	0.955494	0.953802	1.00688	0.967989	0.966647	0.998449	0.995124	1.00231	0.820638	0.759487	0.862047	0.783516	0	0.89138	0.957824	0.965818	0.879455	0.880183	0.880415	0.882299	0.980715	0.993915	0.910103	0.91811	0.919157	0.921919	0.983719	0.979218	0.986228	0.929215	0.929872	0.930631	0.990852	0.950366	0.945581	0.949341	0.949291	0.950058	1.0829	1.07782	1.07921	1.08265	1.08176	1.07938	1.02988	0.999383	0.988184	0.985708	0.981685	0.997297	1.03767	1.03334	1.03335	1.06444	1.06357	1.06589	1.00844	1.00968	1.00938	1.01485	1.01238	1.01411	1.12872	1.08117	1.07933	1.10212	1.10023	1.10148	1.08608	1.07983	1.07896	1.09598	1.09215	1.09188	0.992118	0.994746	0.996113	0.996999	0.99779	0.996065	1.00388	1.00822	1.00835	1.00829	1.0094	1.00928
ERR607247-k20-n1-x5e9	0.996854	0.969528	0.964787	0.963278	0.971753	0.96985	1.10403	1.08664	1.08679	1.0823	1.08194	1.08069	1.11341	1.08841	1.08914	1.10643	1.10449	1.10937	0.912805	0.90203	0.926819	0.891762	0.89138	0	0.998299	1.00056	0.974418	0.970989	0.97194	0.972519	1.00315	1.00427	0.98283	0.986803	0.987557	0.988262	1.01851	1.01574	1.01842	1.00324	1.00299	1.00192	1.10173	1.07605	1.0757	1.07562	1.07606	1.07643	1.17551	1.17234	1.17247	1.17454	1.17429	1.17392	1.12935	1.112	1.10294	1.10171	1.09927	1.10969	1.14009	1.13809	1.13705	1.16242	1.16086	1.1629	1.07562	1.0733	1.07175	1.07335	1.07399	1.07463	1.20477	1.17361	1.17325	1.18899	1.18805	1.18871	1.17714	1.17315	1.17281	1.18414	1.18253	1.1818	1.07466	1.07727	1.07795	1.07721	1.07904	1.0785	1.08363	1.08362	1.08264	1.08144	1.08317	1.08223
ERR605793-k20-n1-x5e9	1.00387	0.965003	0.962829	0.966585	0.965319	0.9648	1.09849	1.08894	1.08688	1.07994	1.07872	1.07696	1.11011	1.09114	1.0892	1.10811	1.10634	1.10825	0.95945	0.958419	0.987295	0.958149	0.957824	0.998299	0	0.91895	0.856357	0.857621	0.856624	0.859126	0.985267	0.986251	0.955219	0.954589	0.955439	0.957572	1.02704	1.02348	1.02864	1.00901	1.0075	1.00794	1.09126	1.06923	1.06967	1.07015	1.07117	1.07157	1.16296	1.15904	1.15823	1.16246	1.16209	1.15997	1.09919	1.07686	1.06989	1.07044	1.06829	1.07528	1.12967	1.12728	1.12591	1.14807	1.14611	1.14793	1.06566	1.0642	1.06393	1.06812	1.06528	1.06684	1.19371	1.16553	1.16569	1.18207	1.18141	1.18285	1.16827	1.16344	1.16288	1.17648	1.17446	1.1745	1.0608	1.06204	1.06231	1.06246	1.06309	1.06155	1.07319	1.07469	1.07425	1.07542	1.07335	1.07386
ERR605794-k20-n1-x5e9	1.00453	0.975601	0.974446	0.973119	0.975907	0.97473	1.11284	1.10117	1.10208	1.09426	1.09279	1.09197	1.12004	1.10494	1.10326	1.11832	1.11677	1.11944	0.969193	0.96913	0.99242	0.96535	0.965818	1.00056	0.91895	0	0.873799	0.869285	0.86917	0.870426	0.986701	0.989046	0.964039	0.967194	0.96719	0.968646	1.03301	1.02873	1.03228	1.01654	1.0158	1.01504	1.10441	1.08514	1.08341	1.08652	1.08761	1.08746	1.17274	1.17104	1.17057	1.1727	1.17235	1.17127	1.11087	1.09357	1.08608	1.08633	1.08261	1.09211	1.14139	1.13937	1.13773	1.1616	1.16032	1.1628	1.07194	1.07053	1.06933	1.07152	1.06893	1.07132	1.2025	1.17699	1.17618	1.19126	1.19051	1.1911	1.1788	1.17413	1.17314	1.18484	1.18445	1.18302	1.06939	1.07006	1.07174	1.07253	1.06985	1.07058	1.08317	1.08414	1.08281	1.08265	1.08202	1.08038
ERR605795-k20-n1-x5e9	0.970321	0.866893	0.868014	0.886099	0.866529	0.86806	1.00145	0.982621	0.976947	0.968783	0.967018	0.965355	1.01756	0.985069	0.983562	1.01406	1.0124	1.01592	0.900442	0.85684	0.942328	0.876616	0.879455	0.974418	0.856357	0.873799	0	0.737306	0.735963	0.736986	0.97206	0.981353	0.893176	0.907241	0.9057	0.907944	1.00169	0.99458	1.00511	0.94528	0.944308	0.945128	0.992665	0.955215	0.953965	0.956968	0.957347	0.957979	1.07866	1.07508	1.07404	1.07772	1.07695	1.07464	1.01066	0.981202	0.971162	0.970251	0.968161	0.977799	1.03502	1.03197	1.02816	1.06425	1.06489	1.0644	1.00055	1.00359	1.00328	1.01302	1.00629	1.0096	1.12141	1.08225	1.08247	1.10551	1.10438	1.10628	1.08442	1.07924	1.07675	1.09799	1.09534	1.09447	0.982036	0.988861	0.990262	0.990311	0.990985	0.989778	1.01004	1.00867	1.00811	1.00997	1.00707	1.00764
ERR605796-k20-n1-x5e9	0.963313	0.870125	0.872143	0.884647	0.864853	0.86799	1.00476	0.987999	0.982915	0.971992	0.970402	0.967921	1.01835	0.989567	0.988052	1.0169	1.01464	1.01904	0.896444	0.854734	0.940474	0.877301	0.880183	0.970989	0.857621	0.869285	0.737306	0	0.728893	0.73343	0.968479	0.980427	0.893381	0.899272	0.89945	0.900743	1.0013	0.993726	1.00606	0.944715	0.945464	0.945014	0.994798	0.960899	0.956802	0.962192	0.96204	0.962182	1.0803	1.0771	1.07519	1.07992	1.08056	1.07708	1.01318	0.985839	0.97723	0.976895	0.972139	0.981882	1.03832	1.03658	1.03441	1.06806	1.06557	1.06818	0.999583	1.00432	1.0041	1.01052	1.00357	1.00594	1.12395	1.08503	1.084	1.10645	1.10503	1.10589	1.08863	1.08226	1.07953	1.09864	1.09861	1.09748	0.982749	0.987343	0.987279	0.989341	0.984199	0.983213	1.00573	1.00882	1.00844	1.01109	1.00487	1.00579
ERR605797-k20-n1-x5e9	0.963795	0.867868	0.87077	0.883946	0.86341	0.866605	1.00388	0.988232	0.98368	0.972523	0.970413	0.967941	1.01767	0.990161	0.987173	1.01638	1.01308	1.01851	0.895742	0.857248	0.941786	0.877422	0.880415	0.97194	0.856624	0.86917	0.735963	0.728893	0	0.73025	0.970189	0.980425	0.892978	0.899647	0.899639	0.901954	1.00212	0.994057	1.00582	0.945111	0.944363	0.945409	0.994226	0.959674	0.95717	0.961379	0.962283	0.962509	1.08022	1.07633	1.07439	1.07885	1.07839	1.07713	1.01316	0.986467	0.977642	0.976716	0.972082	0.984097	1.03744	1.03647	1.03238	1.06721	1.06498	1.06786	0.999016	1.00348	1.00476	1.00961	1.00292	1.00454	1.12276	1.08527	1.08448	1.10572	1.10486	1.10627	1.08739	1.08132	1.0781	1.09788	1.09811	1.09736	0.981941	0.986845	0.985761	0.987638	0.981947	0.981712	1.00629	1.00704	1.0064	1.00967	1.00258	1.00355
ERR605798-k20-n1-x5e9	0.963367	0.867001	0.86845	0.882756	0.86395	0.863629	1.00524	0.987778	0.985258	0.973943	0.971951	0.97011	1.01713	0.990394	0.987903	1.0173	1.0152	1.01862	0.89499	0.859265	0.942301	0.879424	0.882299	0.972519	0.859126	0.870426	0.736986	0.73343	0.73025	0	0.97238	0.982477	0.896804	0.902115	0.899779	0.902544	1.00287	0.996065	1.00691	0.946312	0.945861	0.947517	0.99301	0.960052	0.957328	0.96185	0.961812	0.962203	1.08094	1.07654	1.07516	1.07911	1.07883	1.07652	1.01385	0.987314	0.977613	0.979663	0.975174	0.985067	1.03817	1.03686	1.03489	1.06881	1.067	1.06873	0.998742	1.00361	1.00375	1.00948	1.00262	1.00383	1.12233	1.08724	1.08622	1.10841	1.1062	1.10669	1.08834	1.08219	1.07987	1.09875	1.09879	1.09978	0.98231	0.988616	0.987968	0.988394	0.982603	0.982671	1.0075	1.00735	1.00884	1.01114	1.00421	1.00425
ERR605787-k20-n1-x5e9	1.02125	1.00073	0.995536	0.998415	1.00322	1.00145	1.12682	1.10833	1.1085	1.10429	1.103	1.10326	1.10724	1.08226	1.08102	1.10182	1.09965	1.10418	0.991896	0.98769	0.998529	0.979575	0.980715	1.00315	0.985267	0.986701	0.97206	0.968479	0.970189	0.97238	0	0.920272	0.894541	0.900268	0.901548	0.90503	0.999604	0.99793	1	0.987486	0.986367	0.987204	1.11074	1.08507	1.08366	1.08396	1.08428	1.08495	1.17207	1.17122	1.17167	1.17151	1.17151	1.17067	1.11732	1.10133	1.09646	1.09552	1.09369	1.09986	1.13914	1.1371	1.13627	1.15818	1.15703	1.15858	1.06902	1.06508	1.064	1.06547	1.06718	1.0676	1.20053	1.16898	1.16733	1.18528	1.18481	1.18579	1.17191	1.16769	1.16746	1.17638	1.17476	1.17451	1.07219	1.07246	1.07317	1.07128	1.07453	1.07329	1.0837	1.08294	1.08208	1.08057	1.08338	1.08184
ERR605788-k20-n1-x5e9	1.02053	1.00691	1.00319	1.00948	1.00934	1.00844	1.13973	1.12603	1.12428	1.12061	1.11965	1.11864	1.12035	1.09823	1.09807	1.11815	1.11661	1.11998	0.997363	0.997237	0.998939	0.993433	0.993915	1.00427	0.986251	0.989046	0.981353	0.980427	0.980425	0.982477	0.920272	0	0.911964	0.911415	0.912349	0.913486	1.00139	0.998886	1.00155	1.00157	1.00095	1.00186	1.12542	1.10142	1.09978	1.10119	1.10082	1.10084	1.18314	1.18216	1.18213	1.18325	1.18295	1.1818	1.13083	1.1177	1.1144	1.11441	1.11179	1.11697	1.15522	1.15295	1.15211	1.1726	1.17088	1.17252	1.07323	1.07078	1.07002	1.07307	1.07248	1.07364	1.20971	1.18155	1.18032	1.19822	1.19772	1.19761	1.18329	1.18049	1.18044	1.19019	1.18897	1.18777	1.0802	1.0797	1.0811	1.07975	1.08104	1.08032	1.09199	1.08965	1.0871	1.0856	1.08708	1.08531
ERR605789-k20-n1-x5e9	0.994411	0.918959	0.916374	0.93079	0.919826	0.921028	1.03411	1.00786	1.00561	0.998895	0.997875	0.997552	1.0087	0.970539	0.968919	1.0023	0.998678	1.00535	0.931046	0.894797	0.957444	0.910261	0.910103	0.98283	0.955219	0.964039	0.893176	0.893381	0.892978	0.896804	0.894541	0.911964	0	0.81256	0.814389	0.817166	0.965879	0.958648	0.968377	0.917926	0.918478	0.920659	1.01061	0.972905	0.970599	0.973044	0.973214	0.973412	1.08478	1.08314	1.08236	1.08509	1.0851	1.08456	1.03138	1.00627	0.998601	0.996499	0.993247	1.00417	1.04555	1.0423	1.04009	1.06534	1.06426	1.06573	1.00157	1.00332	1.00184	1.00855	1.00707	1.00777	1.12898	1.08047	1.07997	1.10499	1.10523	1.10657	1.08251	1.07855	1.07877	1.08988	1.08701	1.0866	0.985021	0.988464	0.990235	0.990327	0.990822	0.991179	1.00951	1.01179	1.01285	1.01351	1.01506	1.01394
ERR605790-k20-n1-x5e9	0.990774	0.926065	0.925168	0.932316	0.925228	0.92674	1.05015	1.02873	1.02671	1.01942	1.01909	1.01631	1.02273	0.990307	0.988096	1.01938	1.01766	1.02197	0.93507	0.909598	0.956828	0.916449	0.91811	0.986803	0.954589	0.967194	0.907241	0.899272	0.899647	0.902115	0.900268	0.911415	0.81256	0	0.815127	0.815655	0.96477	0.958637	0.968737	0.926352	0.925193	0.926516	1.02774	0.994379	0.9912	0.995341	0.994702	0.994982	1.09474	1.09415	1.09348	1.09434	1.09494	1.09262	1.0446	1.0272	1.02037	1.01862	1.01622	1.02495	1.05874	1.05752	1.05462	1.08434	1.08175	1.08373	1.00618	1.00681	1.00647	1.01321	1.00709	1.00904	1.13788	1.09406	1.09344	1.12177	1.12107	1.12102	1.09452	1.09186	1.08941	1.10719	1.10502	1.10363	0.991364	0.994362	0.996456	0.99851	0.995795	0.996234	1.01909	1.01859	1.01889	1.01706	1.0157	1.01428
ERR605791-k20-n1-x5e9	0.990212	0.927564	0.925287	0.932589	0.925339	0.928021	1.05161	1.03218	1.02933	1.02053	1.02	1.01911	1.02454	0.992316	0.990748	1.02253	1.01888	1.02399	0.93224	0.910906	0.957309	0.91738	0.919157	0.987557	0.955439	0.96719	0.9057	0.89945	0.899639	0.899779	0.901548	0.912349	0.814389	0.815127	0	0.817134	0.965663	0.958765	0.971465	0.927075	0.925396	0.927941	1.03071	0.996495	0.993732	0.996876	0.996439	0.996653	1.09601	1.09638	1.09554	1.09559	1.09488	1.09474	1.04734	1.02844	1.02267	1.02308	1.01878	1.02735	1.06128	1.05955	1.05706	1.08442	1.08404	1.0849	1.00706	1.00741	1.0064	1.01226	1.00816	1.00975	1.13918	1.09704	1.09547	1.1238	1.12246	1.12355	1.0958	1.09238	1.09188	1.10968	1.10749	1.106	0.992887	0.996508	0.9984	0.999721	0.996435	0.997189	1.02065	1.01931	1.01898	1.01854	1.01592	1.01524
ERR605792-k20-n1-x5e9	0.98864	0.92861	0.92566	0.932355	0.927882	0.929253	1.0553	1.03572	1.03335	1.02351	1.02301	1.02185	1.0265	0.996855	0.995616	1.02651	1.02325	1.02733	0.932239	0.914547	0.958714	0.920934	0.921919	0.988262	0.957572	0.968646	0.907944	0.900743	0.901954	0.902544	0.90503	0.913486	0.817166	0.815655	0.817134	0	0.967882	0.961073	0.973313	0.930454	0.929025	0.931123	1.03317	1.00145	0.996958	1.0001	1.00034	1.00013	1.09795	1.09867	1.09768	1.09846	1.09756	1.09643	1.05044	1.03221	1.02744	1.02722	1.02469	1.03098	1.06466	1.06259	1.0605	1.08747	1.08633	1.08751	1.00866	1.00824	1.00771	1.01402	1.00882	1.01031	1.14026	1.10013	1.09926	1.12618	1.12514	1.12612	1.10013	1.09576	1.0945	1.1123	1.11128	1.11076	0.994113	0.998007	0.999645	1.00017	0.998579	0.997144	1.02167	1.02179	1.01987	1.02073	1.01718	1.01639
ERR608877-k20-n1-x5e9	1.03197	0.998535	0.996506	0.998493	1.0004	1.00008	1.10424	1.09188	1.09068	1.08617	1.08549	1.08526	1.06417	1.04185	1.04349	1.05815	1.05802	1.05928	0.988041	0.986965	1.00805	0.983366	0.983719	1.01851	1.02704	1.03301	1.00169	1.0013	1.00212	1.00287	0.999604	1.00139	0.965879	0.96477	0.965663	0.967882	0	0.875237	0.887109	0.847101	0.843144	0.842834	1.09211	1.06928	1.06787	1.0686	1.06931	1.07032	1.10637	1.10374	1.10396	1.10565	1.10516	1.10431	1.11769	1.0946	1.08767	1.0875	1.08485	1.09189	1.08782	1.08463	1.08266	1.10135	1.09906	1.10206	1.03985	1.03933	1.03807	1.04098	1.04279	1.04321	1.16047	1.12681	1.1265	1.1456	1.14577	1.14574	1.11844	1.11454	1.11508	1.1262	1.12477	1.12328	1.0214	1.02285	1.02369	1.02197	1.02564	1.0255	1.03096	1.02932	1.02774	1.02682	1.02858	1.02832
ERR608878-k20-n1-x5e9	1.03083	0.991075	0.988198	0.994265	0.993715	0.993101	1.09766	1.08122	1.0815	1.07433	1.07393	1.07311	1.05605	1.03268	1.03162	1.04854	1.04882	1.0512	0.981609	0.976117	1.00241	0.9776	0.979218	1.01574	1.02348	1.02873	0.99458	0.993726	0.994057	0.996065	0.99793	0.998886	0.958648	0.958637	0.958765	0.961073	0.875237	0	0.879063	0.830343	0.832534	0.831458	1.08524	1.06016	1.05526	1.05847	1.05866	1.05995	1.09689	1.0932	1.09453	1.09662	1.09612	1.09452	1.11027	1.0835	1.07945	1.07911	1.07579	1.08254	1.07579	1.07344	1.07194	1.0916	1.09005	1.09153	1.03368	1.03195	1.03054	1.03454	1.03637	1.03698	1.15319	1.11711	1.11563	1.13756	1.13838	1.13766	1.11175	1.10506	1.10516	1.1174	1.11621	1.11394	1.01398	1.01364	1.01508	1.01455	1.01645	1.01636	1.0224	1.02146	1.01967	1.01839	1.02256	1.02052
ERR608879-k20-n1-x5e9	1.03388	1.00213	0.99971	1.00198	1.00497	1.00447	1.10896	1.09635	1.0953	1.09072	1.08985	1.08901	1.07016	1.04925	1.04776	1.06267	1.06221	1.06461	0.992889	0.991277	1.01002	0.985875	0.986228	1.01842	1.02864	1.03228	1.00511	1.00606	1.00582	1.00691	1	1.00155	0.968377	0.968737	0.971465	0.973313	0.887109	0.879063	0	0.846666	0.846662	0.847058	1.09744	1.07459	1.07165	1.07495	1.07477	1.07592	1.11155	1.10867	1.11017	1.11114	1.11099	1.10985	1.12122	1.09917	1.0917	1.09046	1.08828	1.09809	1.09053	1.08959	1.08894	1.10657	1.10467	1.10634	1.04374	1.04373	1.04288	1.04407	1.04693	1.04751	1.16461	1.12989	1.12867	1.14909	1.14868	1.14835	1.12466	1.1205	1.1205	1.1299	1.12885	1.12858	1.02664	1.02825	1.02841	1.02502	1.02999	1.02834	1.03338	1.03338	1.0322	1.03088	1.03391	1.03321
ERR608880-k20-n1-x5e9	1.01146	0.93475	0.933455	0.944399	0.933375	0.935512	1.03228	1.00856	1.0098	0.99797	0.997481	0.995196	0.986487	0.952783	0.946087	0.979494	0.976978	0.981981	0.950501	0.911983	0.979904	0.927976	0.929215	1.00324	1.00901	1.01654	0.94528	0.944715	0.945111	0.946312	0.987486	1.00157	0.917926	0.926352	0.927075	0.930454	0.847101	0.830343	0.846666	0	0.751377	0.750032	1.01676	0.98167	0.974706	0.982068	0.982442	0.982605	1.02023	1.01951	1.01978	1.01997	1.01922	1.01837	1.05186	1.02151	1.01041	1.00896	1.00591	1.01989	0.996778	0.993251	0.991392	1.0199	1.0177	1.01911	0.979754	0.983592	0.982459	0.988842	0.987831	0.988231	1.09626	1.04624	1.04542	1.07008	1.07112	1.07154	1.03936	1.03069	1.03014	1.04579	1.04268	1.04197	0.950883	0.948035	0.949653	0.946997	0.950761	0.950384	0.961843	0.960854	0.961041	0.959207	0.961105	0.960808
ERR608881-k20-n1-x5e9	1.01137	0.9344	0.934418	0.943457	0.934745	0.937497	1.03402	1.00866	1.0095	0.997277	0.996981	0.995264	0.989128	0.953751	0.948915	0.981304	0.978896	0.983511	0.951693	0.913359	0.980743	0.928848	0.929872	1.00299	1.0075	1.0158	0.944308	0.945464	0.944363	0.945861	0.986367	1.00095	0.918478	0.925193	0.925396	0.929025	0.843144	0.832534	0.846662	0.751377	0	0.75283	1.01607	0.981592	0.973014	0.981037	0.980468	0.981024	1.02232	1.02164	1.02127	1.02047	1.02175	1.0199	1.05126	1.02189	1.01124	1.00948	1.00622	1.0194	0.998144	0.993792	0.993523	1.02086	1.01824	1.02107	0.98281	0.984669	0.983979	0.988629	0.988199	0.989486	1.09735	1.04701	1.04626	1.07109	1.07132	1.07271	1.03999	1.03095	1.03172	1.04669	1.04322	1.04275	0.952056	0.948298	0.951349	0.948482	0.951998	0.951258	0.962128	0.963478	0.962219	0.959276	0.963187	0.961118
ERR608882-k20-n1-x5e9	1.0111	0.934932	0.933053	0.944735	0.934542	0.936932	1.03415	1.00864	1.01006	0.998554	0.998309	0.996987	0.988867	0.953665	0.950143	0.980501	0.980583	0.983966	0.952167	0.913142	0.98	0.927698	0.930631	1.00192	1.00794	1.01504	0.945128	0.945014	0.945409	0.947517	0.987204	1.00186	0.920659	0.926516	0.927941	0.931123	0.842834	0.831458	0.847058	0.750032	0.75283	0	1.01803	0.984245	0.976179	0.98191	0.982207	0.983338	1.02296	1.01978	1.02221	1.02247	1.02167	1.02074	1.05189	1.02315	1.01259	1.00988	1.00626	1.0213	0.997881	0.995044	0.993281	1.02173	1.02002	1.02153	0.982529	0.98489	0.984059	0.990017	0.989096	0.990912	1.0992	1.04926	1.04684	1.07215	1.07331	1.0736	1.04089	1.03293	1.03278	1.04751	1.04512	1.04302	0.954471	0.950663	0.950715	0.949424	0.952733	0.950422	0.96119	0.963518	0.961092	0.960382	0.964282	0.961907
ERR608701-k20-n1-x5e9	1.11669	0.999115	1.00106	1.0162	0.995699	0.998405	0.995022	0.975993	0.974933	0.967064	0.965912	0.964477	0.985019	0.950963	0.951651	0.98572	0.981261	0.987791	1.02043	0.962397	1.06413	0.988078	0.990852	1.10173	1.09126	1.10441	0.992665	0.994798	0.994226	0.99301	1.11074	1.12542	1.01061	1.02774	1.03071	1.03317	1.09211	1.08524	1.09744	1.01676	1.01607	1.01803	0	0.802979	0.803929	0.80744	0.804994	0.805205	1.07595	1.07695	1.0752	1.07516	1.07601	1.07429	1.01213	0.990482	0.981398	0.984157	0.978884	0.988662	1.03073	1.03075	1.02712	1.05959	1.05718	1.06135	1.10029	1.1044	1.1053	1.1139	1.1066	1.10821	1.12656	1.08762	1.08738	1.11247	1.11252	1.11393	1.07469	1.07126	1.06905	1.08543	1.08424	1.08341	1.07999	1.08473	1.08744	1.09307	1.08581	1.08776	1.07004	1.07718	1.07876	1.07953	1.07513	1.0743
ERR608702-k20-n1-x5e9	1.10307	0.962063	0.963234	0.9855	0.960014	0.960939	0.958081	0.930859	0.92695	0.91943	0.918143	0.915877	0.949233	0.903743	0.900551	0.943362	0.940616	0.945839	0.988284	0.914435	1.03462	0.949287	0.950366	1.07605	1.06923	1.08514	0.955215	0.960899	0.959674	0.960052	1.08507	1.10142	0.972905	0.994379	0.996495	1.00145	1.06928	1.06016	1.07459	0.98167	0.981592	0.984245	0.802979	0	0.73666	0.740345	0.741503	0.742656	1.04073	1.03776	1.03654	1.03923	1.03915	1.03693	0.984831	0.948982	0.936343	0.936228	0.932336	0.947599	0.985915	0.980385	0.978556	1.02146	1.01923	1.02161	1.07094	1.07675	1.07824	1.08639	1.0818	1.08396	1.09229	1.04869	1.04782	1.07529	1.07513	1.07608	1.03899	1.03242	1.03032	1.05158	1.04922	1.04651	1.04497	1.05299	1.05516	1.06019	1.05779	1.05841	1.03546	1.04066	1.0412	1.04424	1.04293	1.04255
ERR608703-k20-n1-x5e9	1.10224	0.959275	0.961664	0.983506	0.957687	0.960333	0.956235	0.923098	0.921251	0.915483	0.913627	0.913146	0.946731	0.899267	0.897289	0.939091	0.935902	0.941413	0.984139	0.909284	1.0293	0.941215	0.945581	1.0757	1.06967	1.08341	0.953965	0.956802	0.95717	0.957328	1.08366	1.09978	0.970599	0.9912	0.993732	0.996958	1.06787	1.05526	1.07165	0.974706	0.973014	0.976179	0.803929	0.73666	0	0.740557	0.737789	0.738438	1.03816	1.03469	1.03441	1.03521	1.0368	1.03319	0.981086	0.944266	0.932254	0.930133	0.92763	0.941766	0.978077	0.973507	0.970791	1.01407	1.01257	1.0158	1.06555	1.07364	1.07411	1.08227	1.07902	1.08019	1.08929	1.0433	1.04158	1.0707	1.07119	1.07148	1.03469	1.02636	1.02666	1.0457	1.04207	1.04096	1.0409	1.04939	1.05251	1.05631	1.05505	1.05608	1.03201	1.0402	1.03841	1.03953	1.04007	1.03926
ERR608704-k20-n1-x5e9	1.10344	0.961965	0.966173	0.985028	0.960645	0.9617	0.958707	0.930934	0.927208	0.917087	0.915852	0.914879	0.947818	0.903558	0.901045	0.943034	0.940368	0.943245	0.987969	0.913213	1.03338	0.947551	0.949341	1.07562	1.07015	1.08652	0.956968	0.962192	0.961379	0.96185	1.08396	1.10119	0.973044	0.995341	0.996876	1.0001	1.0686	1.05847	1.07495	0.982068	0.981037	0.98191	0.80744	0.740345	0.740557	0	0.738003	0.737305	1.04127	1.0373	1.03688	1.03977	1.04081	1.03925	0.983658	0.948042	0.936064	0.937044	0.932344	0.9465	0.988051	0.982101	0.978796	1.0194	1.02038	1.02094	1.06923	1.078	1.07889	1.08875	1.08262	1.0847	1.09408	1.04984	1.0483	1.07527	1.0745	1.07461	1.03926	1.03314	1.03153	1.05391	1.04976	1.04927	1.04617	1.05434	1.0573	1.05972	1.05892	1.05988	1.03651	1.04025	1.042	1.04392	1.04309	1.04247
