	ERR610193-k20-n1-x5e9	ERR610194-k20-n1-x5e9	ERR610195-k20-n1-x5e9	ERR610196-k20-n1-x5e9	ERR610197-k20-n1-x5e9	ERR610198-k20-n1-x5e9	ERR607427-k20-n1-x5e9	ERR607428-k20-n1-x5e9	ERR607429-k20-n1-x5e9	ERR607430-k20-n1-x5e9	ERR607431-k20-n1-x5e9	ERR607432-k20-n1-x5e9	ERR606648-k20-n1-x5e9	ERR606649-k20-n1-x5e9	ERR606650-k20-n1-x5e9	ERR606651-k20-n1-x5e9	ERR606652-k20-n1-x5e9	ERR606653-k20-n1-x5e9	ERR607591-k20-n1-x5e9	ERR607592-k20-n1-x5e9	ERR607593-k20-n1-x5e9	ERR607594-k20-n1-x5e9	ERR607595-k20-n1-x5e9	ERR607596-k20-n1-x5e9	ERR607887-k20-n1-x5e9	ERR607888-k20-n1-x5e9	ERR607889-k20-n1-x5e9	ERR607890-k20-n1-x5e9	ERR607891-k20-n1-x5e9	ERR607892-k20-n1-x5e9	ERR608621-k20-n1-x5e9	ERR608622-k20-n1-x5e9	ERR608623-k20-n1-x5e9	ERR608624-k20-n1-x5e9	ERR608625-k20-n1-x5e9	ERR608626-k20-n1-x5e9	ERR608427-k20-n1-x5e9	ERR608428-k20-n1-x5e9	ERR608429-k20-n1-x5e9	ERR608430-k20-n1-x5e9	ERR608431-k20-n1-x5e9	ERR608432-k20-n1-x5e9	ERR605849-k20-n1-x5e9	ERR605850-k20-n1-x5e9	ERR605851-k20-n1-x5e9	ERR605852-k20-n1-x5e9	ERR605853-k20-n1-x5e9	ERR605854-k20-n1-x5e9	ERR609051-k20-n1-x5e9	ERR609052-k20-n1-x5e9	ERR609053-k20-n1-x5e9	ERR609054-k20-n1-x5e9	ERR609055-k20-n1-x5e9	ERR609056-k20-n1-x5e9	ERR608389-k20-n1-x5e9	ERR608390-k20-n1-x5e9	ERR608391-k20-n1-x5e9	ERR608392-k20-n1-x5e9	ERR608393-k20-n1-x5e9	ERR608394-k20-n1-x5e9	ERR605259-k20-n1-x5e9	ERR605260-k20-n1-x5e9	ERR605261-k20-n1-x5e9	ERR605262-k20-n1-x5e9	ERR605263-k20-n1-x5e9	ERR605264-k20-n1-x5e9	ERR607609-k20-n1-x5e9	ERR607610-k20-n1-x5e9	ERR607611-k20-n1-x5e9	ERR607612-k20-n1-x5e9	ERR607613-k20-n1-x5e9	ERR607614-k20-n1-x5e9	ERR606678-k20-n1-x5e9	ERR606679-k20-n1-x5e9	ERR606680-k20-n1-x5e9	ERR606681-k20-n1-x5e9	ERR606682-k20-n1-x5e9	ERR606683-k20-n1-x5e9	ERR606000-k20-n1-x5e9	ERR606001-k20-n1-x5e9	ERR606002-k20-n1-x5e9	ERR606003-k20-n1-x5e9	ERR606004-k20-n1-x5e9	ERR606005-k20-n1-x5e9	ERR607603-k20-n1-x5e9	ERR607604-k20-n1-x5e9	ERR607605-k20-n1-x5e9	ERR607606-k20-n1-x5e9	ERR607607-k20-n1-x5e9	ERR607608-k20-n1-x5e9	ERR608099-k20-n1-x5e9	ERR608100-k20-n1-x5e9	ERR608101-k20-n1-x5e9	ERR608102-k20-n1-x5e9	ERR608103-k20-n1-x5e9	ERR608104-k20-n1-x5e9
ERR610193-k20-n1-x5e9	0	0.42844	0.274066	0.269581	0.26779	0.269539	0.573096	0.571178	0.564496	0.567363	0.566344	0.566287	0.678283	0.577067	0.576195	0.584374	0.588332	0.588538	0.556521	0.557737	0.553581	0.553333	0.554443	0.552778	0.538842	0.539315	0.531755	0.541418	0.539695	0.541286	0.511992	0.457052	0.449856	0.455626	0.455651	0.461291	0.463785	0.437381	0.440293	0.459869	0.461021	0.468261	0.519763	0.53409	0.546531	0.553158	0.557004	0.562846	0.688634	0.675932	0.673793	0.656654	0.655428	0.653442	0.617318	0.593363	0.595295	0.590561	0.593992	0.593863	0.674738	0.677746	0.691653	0.697635	0.695652	0.694554	0.663075	0.688166	0.686031	0.685239	0.695764	0.696667	0.811639	0.690436	0.696305	0.710577	0.694595	0.696234	0.667368	0.612629	0.611826	0.617426	0.620629	0.619997	0.562806	0.565693	0.559739	0.554255	0.552923	0.550753	0.654982	0.644921	0.653625	0.652294	0.647018	0.645919
ERR610194-k20-n1-x5e9	0.42844	0	0.37837	0.462842	0.459506	0.464076	0.621276	0.624424	0.614849	0.653982	0.652336	0.652761	0.622734	0.66483	0.658472	0.636582	0.666838	0.661747	0.655345	0.630358	0.630923	0.652572	0.653038	0.65307	0.631319	0.635679	0.628269	0.652764	0.651655	0.654261	0.465444	0.495719	0.509457	0.53578	0.534209	0.539998	0.48328	0.547458	0.566037	0.595516	0.595976	0.603985	0.517249	0.513181	0.659231	0.660955	0.663051	0.666661	0.727721	0.75051	0.756507	0.713343	0.71072	0.705452	0.622905	0.639569	0.655713	0.65278	0.658034	0.639353	0.741451	0.737472	0.707905	0.735601	0.735058	0.737541	0.730234	0.734072	0.73471	0.733113	0.736394	0.736614	0.793668	0.749145	0.748898	0.752813	0.755284	0.754463	0.665873	0.684573	0.686094	0.649931	0.651436	0.650024	0.649383	0.627364	0.622082	0.61731	0.605708	0.602398	0.714212	0.717577	0.722209	0.699251	0.699366	0.699388
ERR610195-k20-n1-x5e9	0.274066	0.37837	0	0.29995	0.29711	0.300449	0.570898	0.570319	0.562435	0.576809	0.575557	0.575565	0.657911	0.587804	0.584997	0.584474	0.596919	0.595261	0.569657	0.562317	0.559071	0.566481	0.567426	0.566285	0.548913	0.550723	0.542859	0.558281	0.556711	0.55874	0.486004	0.445622	0.443518	0.456596	0.456288	0.462127	0.449574	0.447878	0.456816	0.481899	0.482659	0.490692	0.501798	0.51325	0.56455	0.57018	0.573682	0.579121	0.689608	0.6863	0.686537	0.660884	0.65916	0.656116	0.607178	0.592054	0.598167	0.593572	0.597807	0.592551	0.68247	0.68356	0.685978	0.698059	0.69631	0.696232	0.67032	0.690093	0.688422	0.687367	0.696231	0.696864	0.802806	0.696587	0.700763	0.71271	0.701617	0.702636	0.656955	0.618897	0.618835	0.612737	0.615734	0.614947	0.572253	0.567518	0.561254	0.555606	0.551109	0.548602	0.660061	0.653654	0.661601	0.653492	0.64953	0.648775
ERR610196-k20-n1-x5e9	0.269581	0.462842	0.29995	0	0.256642	0.256346	0.562506	0.559572	0.554885	0.548797	0.548018	0.547817	0.675612	0.555006	0.555601	0.569883	0.566541	0.568047	0.535342	0.54248	0.538494	0.532398	0.533262	0.531774	0.519543	0.519257	0.513046	0.517966	0.516256	0.517286	0.519675	0.459399	0.449795	0.448468	0.449045	0.453211	0.461958	0.423065	0.422725	0.435853	0.437077	0.443106	0.522712	0.538375	0.519729	0.525832	0.529371	0.534764	0.671993	0.655427	0.652231	0.641515	0.640682	0.639617	0.611999	0.584519	0.583885	0.579385	0.582164	0.584627	0.657525	0.661809	0.684272	0.684019	0.681795	0.679911	0.646827	0.67497	0.673129	0.672958	0.684455	0.685737	0.800898	0.671363	0.678284	0.693623	0.673773	0.675894	0.661676	0.60018	0.599131	0.612595	0.615556	0.615446	0.543865	0.551728	0.54707	0.542226	0.543138	0.541597	0.640964	0.629161	0.636621	0.64208	0.637169	0.635919
ERR610197-k20-n1-x5e9	0.26779	0.459506	0.29711	0.256642	0	0.256552	0.56412	0.561363	0.556506	0.551283	0.550593	0.550396	0.67616	0.558219	0.558618	0.572076	0.569627	0.571108	0.538133	0.544601	0.540586	0.535095	0.535991	0.534378	0.522106	0.521862	0.515554	0.520993	0.519246	0.520305	0.519072	0.459312	0.450032	0.449435	0.449767	0.454339	0.46222	0.424692	0.424777	0.438556	0.43975	0.446011	0.522538	0.53806	0.522694	0.528717	0.532399	0.537864	0.674306	0.65828	0.655112	0.643824	0.642813	0.641628	0.613267	0.586342	0.58592	0.581404	0.584133	0.586367	0.660129	0.664344	0.685689	0.6861	0.683919	0.682153	0.64928	0.677125	0.675277	0.675086	0.68653	0.687769	0.802269	0.674217	0.68104	0.696269	0.676861	0.678876	0.663015	0.602437	0.601385	0.614048	0.617057	0.616867	0.546593	0.553767	0.548843	0.54416	0.544671	0.543001	0.643228	0.63161	0.639158	0.643869	0.638942	0.637713
ERR610198-k20-n1-x5e9	0.269539	0.464076	0.300449	0.256346	0.256552	0	0.563854	0.560927	0.5563	0.55016	0.54944	0.549196	0.676776	0.556418	0.556954	0.571282	0.568073	0.569528	0.536557	0.543842	0.539728	0.53353	0.534534	0.53282	0.520679	0.520441	0.514208	0.518948	0.51721	0.518316	0.52076	0.460261	0.450547	0.449379	0.449666	0.454109	0.462942	0.423823	0.423307	0.436415	0.437551	0.443625	0.523797	0.539302	0.52064	0.526673	0.53018	0.535764	0.67345	0.656636	0.65346	0.642813	0.64196	0.640888	0.613483	0.585993	0.585276	0.580836	0.583492	0.586093	0.658998	0.663312	0.685702	0.685506	0.683381	0.681433	0.648155	0.676344	0.674488	0.674301	0.685794	0.687105	0.802039	0.672994	0.679865	0.695203	0.675494	0.677517	0.663359	0.601855	0.600719	0.61423	0.617216	0.617058	0.545192	0.552991	0.548288	0.54349	0.544296	0.542804	0.642265	0.63036	0.637887	0.64326	0.638328	0.637137
ERR607427-k20-n1-x5e9	0.573096	0.621276	0.570898	0.562506	0.56412	0.563854	0	0.241383	0.242368	0.263544	0.262438	0.262938	0.437463	0.341374	0.335305	0.321009	0.339375	0.333467	0.313225	0.287359	0.289991	0.31211	0.31139	0.31268	0.304939	0.308604	0.307028	0.327425	0.327921	0.329397	0.408379	0.367394	0.362815	0.350369	0.350603	0.3465	0.371596	0.363184	0.371703	0.377061	0.376109	0.376374	0.375007	0.387309	0.369225	0.37151	0.371138	0.372647	0.462291	0.471106	0.480299	0.463019	0.462611	0.46322	0.432509	0.416316	0.414034	0.41833	0.416044	0.417664	0.460366	0.452868	0.453111	0.446851	0.446378	0.448274	0.41479	0.404042	0.406701	0.403947	0.403378	0.403824	0.522816	0.445869	0.44157	0.44078	0.455022	0.451905	0.44911	0.441057	0.442193	0.445401	0.445803	0.447423	0.296603	0.279692	0.279958	0.279199	0.278539	0.279243	0.417657	0.425741	0.424313	0.417043	0.41946	0.41958
ERR607428-k20-n1-x5e9	0.571178	0.624424	0.570319	0.559572	0.561363	0.560927	0.241383	0	0.242668	0.258349	0.257407	0.25786	0.443904	0.338583	0.332978	0.321938	0.337275	0.331754	0.308501	0.285318	0.287478	0.307513	0.306597	0.308082	0.301844	0.304961	0.303575	0.322316	0.323075	0.32448	0.413504	0.369189	0.363657	0.350053	0.350257	0.345902	0.374194	0.360861	0.368407	0.372828	0.371925	0.371761	0.379106	0.392084	0.364978	0.367763	0.36732	0.368758	0.462004	0.468191	0.476789	0.461688	0.461591	0.462269	0.435369	0.416446	0.413392	0.417401	0.415124	0.418072	0.458479	0.451564	0.455032	0.447064	0.446491	0.447989	0.412146	0.402825	0.4054	0.402883	0.402732	0.403328	0.526427	0.444737	0.440737	0.440784	0.453544	0.450595	0.452335	0.440099	0.441007	0.446929	0.447363	0.449217	0.292846	0.279016	0.279024	0.27842	0.27883	0.280038	0.416124	0.423264	0.422053	0.416588	0.418728	0.418828
ERR607429-k20-n1-x5e9	0.564496	0.614849	0.562435	0.554885	0.556506	0.5563	0.242368	0.242668	0	0.265344	0.264095	0.264491	0.440216	0.343019	0.33676	0.3228	0.342075	0.336083	0.314215	0.288316	0.29045	0.313024	0.312404	0.313654	0.305083	0.308739	0.306526	0.327751	0.328066	0.329706	0.405156	0.361606	0.356767	0.345221	0.345578	0.341875	0.368009	0.358132	0.366733	0.37332	0.372367	0.372799	0.37168	0.38427	0.370447	0.373136	0.373102	0.374769	0.464427	0.472273	0.481123	0.462545	0.46211	0.462465	0.431484	0.4143	0.411999	0.415889	0.414056	0.415564	0.461585	0.454213	0.453765	0.449307	0.448701	0.450667	0.416076	0.406553	0.408938	0.406119	0.405656	0.406237	0.527819	0.449195	0.44483	0.444869	0.458542	0.455483	0.449285	0.439081	0.440172	0.442622	0.443068	0.444578	0.298143	0.281394	0.280684	0.279321	0.278412	0.278862	0.418495	0.42624	0.425607	0.416771	0.418884	0.418977
ERR607430-k20-n1-x5e9	0.567363	0.653982	0.576809	0.548797	0.551283	0.55016	0.263544	0.258349	0.265344	0	0.235951	0.235743	0.489967	0.3227	0.322361	0.334302	0.325659	0.32499	0.284326	0.285278	0.285007	0.283946	0.283287	0.283947	0.290332	0.290291	0.291899	0.294259	0.2952	0.295114	0.455302	0.395781	0.383708	0.360969	0.362054	0.356723	0.404632	0.359309	0.358868	0.353147	0.352419	0.350069	0.41592	0.432737	0.337663	0.342065	0.341493	0.342654	0.464912	0.452029	0.455903	0.46036	0.461173	0.463677	0.460951	0.427829	0.417681	0.421083	0.417558	0.429687	0.446671	0.444105	0.473753	0.450819	0.449692	0.448714	0.397689	0.400354	0.401616	0.400256	0.404207	0.405565	0.552108	0.433266	0.433389	0.438911	0.43956	0.438063	0.479246	0.437288	0.43698	0.464177	0.465013	0.467429	0.277982	0.287575	0.289088	0.290058	0.298695	0.301311	0.412868	0.412433	0.410709	0.424536	0.424332	0.423798
ERR607431-k20-n1-x5e9	0.566344	0.652336	0.575557	0.548018	0.550593	0.54944	0.262438	0.257407	0.264095	0.235951	0	0.235981	0.488615	0.3231	0.322556	0.333668	0.32611	0.325134	0.284906	0.28493	0.284901	0.284596	0.283634	0.284475	0.290282	0.290388	0.291764	0.294852	0.295783	0.295761	0.453508	0.39415	0.382088	0.35973	0.360809	0.3554	0.403127	0.358273	0.358068	0.352997	0.352278	0.349956	0.414704	0.431461	0.339032	0.343373	0.342655	0.344119	0.46496	0.452503	0.456766	0.460239	0.461094	0.463572	0.459737	0.426789	0.416962	0.420239	0.416721	0.428561	0.447089	0.444452	0.472955	0.451014	0.449588	0.448887	0.398079	0.400313	0.40153	0.400125	0.404067	0.405088	0.551916	0.434031	0.43412	0.439595	0.440634	0.439062	0.478248	0.437196	0.436945	0.463296	0.464143	0.466556	0.278288	0.286962	0.288557	0.288924	0.297564	0.299892	0.412682	0.41251	0.410851	0.423908	0.423776	0.423132
ERR607432-k20-n1-x5e9	0.566287	0.652761	0.575565	0.547817	0.550396	0.549196	0.262938	0.25786	0.264491	0.235743	0.235981	0	0.489377	0.322678	0.322261	0.333757	0.325827	0.324972	0.284568	0.28506	0.284827	0.284203	0.28341	0.284082	0.290285	0.290114	0.291712	0.294621	0.295697	0.295793	0.454207	0.394489	0.382474	0.360006	0.361164	0.355729	0.403766	0.358539	0.358286	0.352982	0.352201	0.349964	0.41453	0.431444	0.337848	0.34224	0.341726	0.343251	0.464897	0.451997	0.456161	0.460028	0.460978	0.463383	0.459927	0.426788	0.416665	0.420143	0.416649	0.428603	0.446279	0.443524	0.472588	0.450254	0.449037	0.448241	0.397645	0.400115	0.401319	0.399973	0.40381	0.405044	0.551764	0.433343	0.433297	0.438739	0.439588	0.438073	0.477934	0.436132	0.43593	0.462734	0.463462	0.465996	0.278353	0.287414	0.288713	0.289565	0.298104	0.300712	0.412501	0.412081	0.410413	0.423844	0.423575	0.423082
ERR606648-k20-n1-x5e9	0.678283	0.622734	0.657911	0.675612	0.67616	0.676776	0.437463	0.443904	0.440216	0.489967	0.488615	0.489377	0	0.46501	0.454374	0.405337	0.452722	0.442364	0.506968	0.467156	0.472391	0.506246	0.505341	0.507523	0.488366	0.494227	0.492808	0.519007	0.519498	0.521624	0.414248	0.458158	0.470812	0.479929	0.478779	0.476857	0.439182	0.508707	0.526524	0.542122	0.541405	0.543673	0.421214	0.409626	0.537493	0.536425	0.534949	0.535053	0.562842	0.608748	0.622373	0.583002	0.581131	0.57814	0.497233	0.530015	0.54302	0.546477	0.547131	0.530502	0.580902	0.568754	0.517327	0.540093	0.541605	0.546837	0.557942	0.531993	0.537301	0.535131	0.527238	0.528071	0.483892	0.561648	0.551979	0.538301	0.568873	0.564349	0.483659	0.564836	0.567637	0.529491	0.528589	0.529039	0.487985	0.452009	0.451902	0.451943	0.439434	0.4382	0.551354	0.568147	0.563328	0.540239	0.546492	0.547482
ERR606649-k20-n1-x5e9	0.577067	0.66483	0.587804	0.555006	0.558219	0.556418	0.341374	0.338583	0.343019	0.3227	0.3231	0.322678	0.46501	0	0.238083	0.265081	0.241172	0.243571	0.319905	0.324849	0.325829	0.31981	0.31969	0.320491	0.32033	0.320654	0.3223	0.323642	0.323808	0.323656	0.472583	0.416147	0.405064	0.379852	0.3806	0.374889	0.419005	0.372025	0.370127	0.360163	0.35972	0.356281	0.425016	0.440337	0.338497	0.339042	0.338574	0.338914	0.490291	0.477111	0.480201	0.487552	0.488533	0.49121	0.486159	0.455798	0.44487	0.448858	0.445181	0.456791	0.446204	0.444095	0.477054	0.452484	0.451313	0.450124	0.423196	0.428781	0.43095	0.429546	0.433952	0.435742	0.559807	0.432039	0.432432	0.439382	0.43583	0.435336	0.483088	0.439651	0.439391	0.468106	0.467114	0.469511	0.320397	0.330518	0.333696	0.333254	0.341943	0.343814	0.445009	0.443532	0.440618	0.457827	0.459013	0.457932
ERR606650-k20-n1-x5e9	0.576195	0.658472	0.584997	0.555601	0.558618	0.556954	0.335305	0.332978	0.33676	0.322361	0.322556	0.322261	0.454374	0.238083	0	0.257375	0.240355	0.241132	0.321363	0.321656	0.322986	0.321002	0.320938	0.321856	0.319346	0.320136	0.321254	0.325976	0.32626	0.326564	0.463918	0.409386	0.399312	0.37545	0.375923	0.370325	0.411273	0.369246	0.368998	0.360953	0.360499	0.357513	0.416194	0.43088	0.342486	0.342617	0.342409	0.342821	0.48937	0.479671	0.483839	0.487108	0.488069	0.490411	0.480931	0.452865	0.443184	0.44719	0.44363	0.453943	0.448132	0.44472	0.472385	0.450715	0.449736	0.449031	0.42509	0.428364	0.43079	0.429114	0.432749	0.434395	0.554027	0.433518	0.432907	0.438625	0.437975	0.43713	0.476793	0.438659	0.438582	0.46311	0.462086	0.464393	0.319441	0.325452	0.328778	0.327829	0.33525	0.337064	0.444387	0.444441	0.441606	0.454724	0.456373	0.455675
ERR606651-k20-n1-x5e9	0.584374	0.636582	0.584474	0.569883	0.572076	0.571282	0.321009	0.321938	0.3228	0.334302	0.333668	0.333757	0.405337	0.265081	0.257375	0	0.256515	0.250148	0.341063	0.322368	0.325412	0.340428	0.339985	0.341558	0.33032	0.333772	0.333129	0.349643	0.349984	0.351321	0.43056	0.39096	0.386578	0.369571	0.369418	0.364181	0.387661	0.37455	0.381379	0.381906	0.380994	0.379993	0.384434	0.395388	0.368375	0.365906	0.365389	0.365723	0.486627	0.493352	0.501237	0.489572	0.489625	0.490581	0.462194	0.447005	0.442697	0.447556	0.444808	0.447698	0.460153	0.452793	0.456674	0.447547	0.447401	0.448833	0.436861	0.42995	0.433487	0.431233	0.431412	0.432639	0.525482	0.44344	0.439198	0.437474	0.448745	0.446352	0.453335	0.444611	0.445432	0.449934	0.448411	0.450313	0.330876	0.319021	0.321183	0.320292	0.321582	0.321794	0.448233	0.454428	0.451329	0.450679	0.454289	0.453781
ERR606652-k20-n1-x5e9	0.588332	0.666838	0.596919	0.566541	0.569627	0.568073	0.339375	0.337275	0.342075	0.325659	0.32611	0.325827	0.452722	0.241172	0.240355	0.256515	0	0.237036	0.324644	0.325855	0.327639	0.325073	0.32475	0.325811	0.324139	0.324891	0.327192	0.33005	0.33065	0.330665	0.469435	0.418707	0.409133	0.384126	0.384639	0.378419	0.417854	0.378682	0.378929	0.369056	0.368535	0.36474	0.422676	0.436455	0.344938	0.342328	0.341127	0.34046	0.487808	0.479346	0.483583	0.488829	0.489886	0.492418	0.484186	0.4577	0.447955	0.452527	0.448745	0.458782	0.448735	0.445574	0.475029	0.450684	0.449749	0.448699	0.425755	0.428433	0.431315	0.430042	0.433527	0.435232	0.549837	0.431746	0.430922	0.434779	0.433684	0.432805	0.479351	0.444607	0.444533	0.468623	0.467071	0.46957	0.322316	0.328783	0.332766	0.333027	0.340571	0.342627	0.446766	0.447088	0.44298	0.4589	0.461375	0.460392
ERR606653-k20-n1-x5e9	0.588538	0.661747	0.595261	0.568047	0.571108	0.569528	0.333467	0.331754	0.336083	0.32499	0.325134	0.324972	0.442364	0.243571	0.241132	0.250148	0.237036	0	0.326004	0.322627	0.324982	0.326046	0.325514	0.326815	0.323227	0.324632	0.326397	0.332208	0.332701	0.333065	0.46169	0.413091	0.404584	0.380709	0.381277	0.375016	0.411804	0.377702	0.379118	0.371487	0.370683	0.367501	0.414791	0.428065	0.348618	0.345683	0.344681	0.344341	0.486223	0.480986	0.486044	0.487934	0.488912	0.491039	0.478811	0.454497	0.445774	0.450421	0.446709	0.455414	0.44934	0.445103	0.469671	0.447937	0.447347	0.446521	0.425996	0.426286	0.429459	0.427869	0.430497	0.432168	0.542995	0.432054	0.430398	0.432864	0.434795	0.433463	0.47298	0.443437	0.443458	0.46372	0.462346	0.464759	0.321891	0.324693	0.328375	0.328459	0.334901	0.336585	0.445336	0.446895	0.443045	0.455582	0.458179	0.457338
ERR607591-k20-n1-x5e9	0.556521	0.655345	0.569657	0.535342	0.538133	0.536557	0.313225	0.308501	0.314215	0.284326	0.284906	0.284568	0.506968	0.319905	0.321363	0.341063	0.324644	0.326004	0	0.251051	0.249419	0.237095	0.236662	0.236982	0.292048	0.290969	0.292772	0.289999	0.290465	0.290397	0.462226	0.397053	0.383041	0.357267	0.35868	0.353316	0.411051	0.355289	0.351809	0.342721	0.342121	0.33906	0.424213	0.442299	0.327013	0.332151	0.331253	0.332793	0.478055	0.459107	0.461123	0.471218	0.472338	0.475225	0.475608	0.439063	0.426925	0.430219	0.426485	0.440803	0.449591	0.448789	0.485993	0.46058	0.459375	0.457295	0.406181	0.415344	0.416025	0.415048	0.421086	0.422668	0.57069	0.439495	0.441199	0.449306	0.443941	0.443434	0.490571	0.437704	0.436925	0.470298	0.471106	0.473467	0.289137	0.305135	0.30657	0.30769	0.317794	0.320183	0.425275	0.421777	0.4204	0.439288	0.438388	0.437544
ERR607592-k20-n1-x5e9	0.557737	0.630358	0.562317	0.54248	0.544601	0.543842	0.287359	0.285318	0.288316	0.285278	0.28493	0.28506	0.467156	0.324849	0.321656	0.322368	0.325855	0.322627	0.251051	0	0.240529	0.251082	0.250414	0.251341	0.29102	0.292837	0.292691	0.304392	0.304616	0.305797	0.425796	0.370608	0.361646	0.341861	0.342611	0.337917	0.381449	0.350102	0.3539	0.353588	0.352472	0.351961	0.389942	0.405694	0.342836	0.346295	0.345639	0.347669	0.469559	0.466186	0.472268	0.466521	0.466763	0.468531	0.451451	0.424929	0.418376	0.422143	0.41911	0.426212	0.454065	0.449441	0.465961	0.45127	0.450398	0.450406	0.410671	0.4093	0.411433	0.409484	0.412223	0.413292	0.545543	0.442583	0.44078	0.444387	0.449503	0.447516	0.464284	0.434863	0.435102	0.451764	0.452272	0.454139	0.28974	0.287032	0.288257	0.288698	0.29317	0.294047	0.420506	0.42381	0.422041	0.426261	0.427324	0.426999
ERR607593-k20-n1-x5e9	0.553581	0.630923	0.559071	0.538494	0.540586	0.539728	0.289991	0.287478	0.29045	0.285007	0.284901	0.284827	0.472391	0.325829	0.322986	0.325412	0.327639	0.324982	0.249419	0.240529	0	0.249371	0.24906	0.249629	0.29065	0.292188	0.291712	0.302075	0.302497	0.303655	0.428902	0.37086	0.360563	0.340931	0.341784	0.336888	0.383876	0.348116	0.350706	0.350385	0.349639	0.348475	0.391994	0.408646	0.341922	0.34657	0.346076	0.348138	0.471623	0.465883	0.471334	0.466903	0.467269	0.469014	0.453484	0.424734	0.417575	0.42113	0.418014	0.426596	0.454091	0.449855	0.468064	0.45333	0.452508	0.452214	0.410268	0.410519	0.411725	0.410161	0.413206	0.41429	0.54973	0.4438	0.442683	0.446628	0.451043	0.449216	0.466947	0.433899	0.43388	0.452444	0.453371	0.455427	0.289414	0.289103	0.2891	0.289378	0.294355	0.295718	0.420579	0.422692	0.421842	0.426678	0.426777	0.426443
ERR607594-k20-n1-x5e9	0.553333	0.652572	0.566481	0.532398	0.535095	0.53353	0.31211	0.307513	0.313024	0.283946	0.284596	0.284203	0.506246	0.31981	0.321002	0.340428	0.325073	0.326046	0.237095	0.251082	0.249371	0	0.235497	0.23553	0.291292	0.290041	0.291839	0.28985	0.290153	0.290107	0.46008	0.394307	0.38028	0.354574	0.355723	0.35048	0.408469	0.352325	0.348902	0.340104	0.3394	0.336847	0.422141	0.440331	0.326356	0.331624	0.331036	0.332782	0.478082	0.459537	0.461489	0.470471	0.471699	0.474505	0.474186	0.437364	0.425587	0.428743	0.424942	0.439131	0.450099	0.44918	0.485423	0.460831	0.459536	0.457532	0.407259	0.416234	0.416974	0.415802	0.421847	0.423304	0.571471	0.440603	0.442415	0.450544	0.445365	0.444822	0.488691	0.435682	0.434884	0.467942	0.468668	0.470954	0.289185	0.304243	0.305831	0.306335	0.316249	0.318654	0.424814	0.421324	0.420352	0.438138	0.437198	0.436201
ERR607595-k20-n1-x5e9	0.554443	0.653038	0.567426	0.533262	0.535991	0.534534	0.31139	0.306597	0.312404	0.283287	0.283634	0.28341	0.505341	0.31969	0.320938	0.339985	0.32475	0.325514	0.236662	0.250414	0.24906	0.235497	0	0.2352	0.290832	0.289694	0.291344	0.289465	0.289825	0.289967	0.459867	0.394673	0.380668	0.35494	0.356341	0.350794	0.408424	0.352862	0.349717	0.340948	0.340206	0.337469	0.422071	0.440212	0.326464	0.331469	0.330787	0.332523	0.477677	0.459382	0.461219	0.470646	0.471694	0.474582	0.473978	0.437292	0.425555	0.42866	0.424761	0.439022	0.449788	0.448868	0.485098	0.460195	0.458975	0.457047	0.40698	0.41563	0.416538	0.415316	0.421168	0.42253	0.57027	0.439892	0.441648	0.449683	0.444722	0.444086	0.488631	0.436324	0.435407	0.468481	0.469161	0.471413	0.2891	0.30402	0.305611	0.305985	0.316129	0.31814	0.424537	0.421203	0.419967	0.438063	0.437203	0.436398
ERR607596-k20-n1-x5e9	0.552778	0.65307	0.566285	0.531774	0.534378	0.53282	0.31268	0.308082	0.313654	0.283947	0.284475	0.284082	0.507523	0.320491	0.321856	0.341558	0.325811	0.326815	0.236982	0.251341	0.249629	0.23553	0.2352	0	0.291159	0.289829	0.291643	0.289262	0.289666	0.289614	0.460902	0.394686	0.380565	0.354704	0.356054	0.350785	0.409285	0.35234	0.348769	0.33982	0.339133	0.3366	0.423146	0.441387	0.326262	0.331378	0.330821	0.332681	0.478535	0.459455	0.461146	0.47093	0.471937	0.474868	0.474575	0.437532	0.425537	0.428542	0.424728	0.439078	0.449848	0.449208	0.485961	0.461035	0.459696	0.457638	0.407247	0.416525	0.417181	0.415924	0.421907	0.423348	0.572154	0.440612	0.442546	0.450875	0.445498	0.444977	0.489483	0.43572	0.434903	0.468309	0.469177	0.47151	0.289615	0.305253	0.306722	0.307123	0.317282	0.319368	0.424839	0.42117	0.420137	0.438322	0.437312	0.436398
ERR607887-k20-n1-x5e9	0.538842	0.631319	0.548913	0.519543	0.522106	0.520679	0.304939	0.301844	0.305083	0.290332	0.290282	0.290285	0.488366	0.32033	0.319346	0.33032	0.324139	0.323227	0.292048	0.29102	0.29065	0.291292	0.290832	0.291159	0	0.239466	0.239895	0.246965	0.247099	0.248136	0.439528	0.377201	0.365418	0.342388	0.343043	0.338414	0.387133	0.340091	0.339656	0.33543	0.334819	0.33342	0.405953	0.423125	0.335606	0.338994	0.338963	0.341027	0.481824	0.471525	0.475583	0.475078	0.475567	0.477613	0.466372	0.434508	0.42544	0.428399	0.425292	0.435795	0.46578	0.463448	0.48882	0.471192	0.469437	0.468919	0.423591	0.429539	0.430695	0.429306	0.434187	0.435611	0.572443	0.456254	0.456732	0.463254	0.461697	0.460702	0.489723	0.448249	0.448131	0.471443	0.472248	0.473927	0.283681	0.290085	0.291099	0.290651	0.298439	0.300097	0.433756	0.432946	0.432254	0.441784	0.441985	0.441312
ERR607888-k20-n1-x5e9	0.539315	0.635679	0.550723	0.519257	0.521862	0.520441	0.308604	0.304961	0.308739	0.290291	0.290388	0.290114	0.494227	0.320654	0.320136	0.333772	0.324891	0.324632	0.290969	0.292837	0.292188	0.290041	0.289694	0.289829	0.239466	0	0.239975	0.244006	0.24405	0.245035	0.445191	0.381313	0.368568	0.345287	0.345757	0.341161	0.392225	0.341382	0.340071	0.334519	0.334121	0.332092	0.410978	0.428353	0.333777	0.337735	0.337786	0.339749	0.483224	0.470727	0.474347	0.475936	0.476616	0.4789	0.470211	0.43675	0.427132	0.429844	0.426569	0.438126	0.465961	0.463987	0.491694	0.472621	0.470925	0.470153	0.423116	0.430076	0.43111	0.429779	0.435114	0.436414	0.575732	0.456456	0.457417	0.46431	0.461642	0.460781	0.493457	0.448887	0.44863	0.474187	0.474887	0.476918	0.283604	0.292577	0.293704	0.293499	0.30206	0.303949	0.433921	0.432363	0.43159	0.443045	0.442826	0.442221
ERR607889-k20-n1-x5e9	0.531755	0.628269	0.542859	0.513046	0.515554	0.514208	0.307028	0.303575	0.306526	0.291899	0.291764	0.291712	0.492808	0.3223	0.321254	0.333129	0.327192	0.326397	0.292772	0.292691	0.291712	0.291839	0.291344	0.291643	0.239895	0.239975	0	0.246799	0.246675	0.247832	0.439649	0.374559	0.362257	0.339576	0.339989	0.335868	0.386873	0.336431	0.335507	0.331655	0.331143	0.329978	0.405368	0.422771	0.335705	0.339913	0.34012	0.342583	0.485236	0.473355	0.477019	0.476445	0.476704	0.478732	0.467682	0.434514	0.425285	0.427654	0.424815	0.435829	0.467692	0.465439	0.49086	0.474043	0.472449	0.471926	0.425527	0.432543	0.433419	0.4318	0.437037	0.438299	0.577791	0.459508	0.460133	0.467128	0.465285	0.464434	0.491805	0.447371	0.447081	0.470898	0.471525	0.473289	0.285175	0.292332	0.292909	0.291544	0.299515	0.300934	0.435011	0.433844	0.43387	0.442615	0.442319	0.441687
ERR607890-k20-n1-x5e9	0.541418	0.652764	0.558281	0.517966	0.520993	0.518948	0.327425	0.322316	0.327751	0.294259	0.294852	0.294621	0.519007	0.323642	0.325976	0.349643	0.33005	0.332208	0.289999	0.304392	0.302075	0.28985	0.289465	0.289262	0.246965	0.244006	0.246799	0	0.236751	0.236555	0.469615	0.400806	0.385797	0.359232	0.360102	0.355111	0.413896	0.35028	0.344336	0.333055	0.332564	0.329268	0.433589	0.452113	0.328691	0.333567	0.333447	0.335617	0.489825	0.468234	0.46928	0.480636	0.481668	0.484753	0.486249	0.447272	0.434571	0.436917	0.433404	0.44886	0.465542	0.465697	0.504234	0.479561	0.477712	0.475896	0.422548	0.435215	0.435373	0.434602	0.441593	0.443133	0.590087	0.456963	0.459724	0.469043	0.460854	0.460777	0.509393	0.452794	0.451867	0.486381	0.487343	0.489413	0.288391	0.308289	0.309734	0.309996	0.321502	0.323539	0.438225	0.432839	0.432246	0.45213	0.450589	0.449762
ERR607891-k20-n1-x5e9	0.539695	0.651655	0.556711	0.516256	0.519246	0.51721	0.327921	0.323075	0.328066	0.2952	0.295783	0.295697	0.519498	0.323808	0.32626	0.349984	0.33065	0.332701	0.290465	0.304616	0.302497	0.290153	0.289825	0.289666	0.247099	0.24405	0.246675	0.236751	0	0.23693	0.469001	0.399978	0.385073	0.358428	0.359206	0.354477	0.413126	0.349066	0.34298	0.33175	0.331451	0.328317	0.432965	0.451586	0.328934	0.333639	0.33361	0.335715	0.490216	0.46858	0.469613	0.48064	0.481599	0.484738	0.486119	0.446929	0.434183	0.43653	0.432795	0.448508	0.46581	0.465898	0.504418	0.479989	0.478176	0.476259	0.423336	0.436275	0.436408	0.435572	0.442586	0.444062	0.591204	0.457599	0.46037	0.469938	0.46147	0.461445	0.509376	0.452331	0.451295	0.48592	0.486834	0.488926	0.289172	0.30877	0.310068	0.310177	0.321337	0.323619	0.438619	0.433186	0.43287	0.452376	0.450727	0.449937
ERR607892-k20-n1-x5e9	0.541286	0.654261	0.55874	0.517286	0.520305	0.518316	0.329397	0.32448	0.329706	0.295114	0.295761	0.295793	0.521624	0.323656	0.326564	0.351321	0.330665	0.333065	0.290397	0.305797	0.303655	0.290107	0.289967	0.289614	0.248136	0.245035	0.247832	0.236555	0.23693	0	0.471937	0.402771	0.387569	0.360651	0.361482	0.356697	0.415786	0.350676	0.344208	0.332225	0.332107	0.328436	0.435653	0.454257	0.328299	0.333094	0.333138	0.335136	0.490678	0.468334	0.468998	0.481248	0.482307	0.485445	0.487935	0.448457	0.435414	0.437919	0.434162	0.450039	0.465721	0.466145	0.505736	0.480509	0.478615	0.476527	0.423003	0.436209	0.43636	0.435662	0.442787	0.444344	0.592096	0.457441	0.460382	0.469938	0.461232	0.461049	0.510912	0.452863	0.451971	0.487412	0.488405	0.490526	0.28907	0.309953	0.311376	0.311421	0.32341	0.325786	0.43896	0.433135	0.432582	0.453241	0.451783	0.450683
ERR608621-k20-n1-x5e9	0.511992	0.465444	0.486004	0.519675	0.519072	0.52076	0.408379	0.413504	0.405156	0.455302	0.453508	0.454207	0.414248	0.472583	0.463918	0.43056	0.469435	0.46169	0.462226	0.425796	0.428902	0.46008	0.459867	0.460902	0.439528	0.445191	0.439649	0.469615	0.469001	0.471937	0	0.309262	0.325642	0.345781	0.344291	0.346767	0.337655	0.40978	0.430973	0.456211	0.456009	0.462131	0.364815	0.361366	0.494872	0.495789	0.496292	0.498719	0.563687	0.595555	0.605966	0.562947	0.560448	0.556563	0.470858	0.489946	0.504342	0.504864	0.507861	0.490265	0.583987	0.576383	0.541797	0.564756	0.564675	0.568266	0.556862	0.548841	0.551686	0.54924	0.548492	0.549051	0.60353	0.581949	0.57829	0.576647	0.589657	0.58719	0.5038	0.539584	0.541518	0.50818	0.50891	0.50834	0.451049	0.419038	0.415627	0.412136	0.398701	0.395976	0.544595	0.554224	0.554797	0.530978	0.534172	0.534411
ERR608622-k20-n1-x5e9	0.457052	0.495719	0.445622	0.459399	0.459312	0.460261	0.367394	0.369189	0.361606	0.395781	0.39415	0.394489	0.458158	0.416147	0.409386	0.39096	0.418707	0.413091	0.397053	0.370608	0.37086	0.394307	0.394673	0.394686	0.377201	0.381313	0.374559	0.400806	0.399978	0.402771	0.309262	0	0.264818	0.274671	0.274024	0.276497	0.318451	0.338793	0.354564	0.378161	0.378035	0.384215	0.355285	0.364167	0.431563	0.435843	0.437344	0.440986	0.538167	0.551858	0.558903	0.525951	0.523835	0.5213	0.460471	0.455127	0.462652	0.462212	0.464442	0.456282	0.544131	0.539092	0.523724	0.538212	0.537459	0.5395	0.513548	0.515477	0.516285	0.51396	0.51692	0.517491	0.614516	0.546389	0.545203	0.549031	0.554259	0.55273	0.496711	0.493672	0.494484	0.47945	0.481136	0.480598	0.391119	0.370618	0.365895	0.361218	0.353428	0.350907	0.504991	0.50861	0.512049	0.495362	0.495274	0.495035
ERR608623-k20-n1-x5e9	0.449856	0.509457	0.443518	0.449795	0.450032	0.450547	0.362815	0.363657	0.356767	0.383708	0.382088	0.382474	0.470812	0.405064	0.399312	0.386578	0.409133	0.404584	0.383041	0.361646	0.360563	0.38028	0.380668	0.380565	0.365418	0.368568	0.362257	0.385797	0.385073	0.387569	0.325642	0.264818	0	0.2663	0.266018	0.268331	0.324858	0.327867	0.340763	0.362834	0.362916	0.368465	0.361559	0.373414	0.417683	0.423017	0.424658	0.428636	0.533867	0.542038	0.547975	0.519397	0.517507	0.515609	0.462556	0.450618	0.455915	0.4551	0.456978	0.452016	0.535463	0.531303	0.522367	0.53316	0.532196	0.533841	0.504071	0.50865	0.508842	0.506719	0.510617	0.511247	0.617783	0.538336	0.538011	0.543166	0.546107	0.544839	0.498635	0.485329	0.48587	0.477004	0.479083	0.478911	0.379581	0.364141	0.35883	0.354487	0.348831	0.346424	0.496885	0.498595	0.502613	0.489145	0.488266	0.48798
ERR608624-k20-n1-x5e9	0.455626	0.53578	0.456596	0.448468	0.449435	0.449379	0.350369	0.350053	0.345221	0.360969	0.35973	0.360006	0.479929	0.379852	0.37545	0.369571	0.384126	0.380709	0.357267	0.341861	0.340931	0.354574	0.35494	0.354704	0.342388	0.345287	0.339576	0.359232	0.358428	0.360651	0.345781	0.274671	0.2663	0	0.257072	0.256759	0.332042	0.314798	0.324281	0.339946	0.339821	0.344439	0.369479	0.383573	0.39061	0.395182	0.396608	0.400258	0.5216	0.524248	0.529229	0.507097	0.5057	0.504897	0.463244	0.444518	0.446086	0.445919	0.446642	0.445502	0.518509	0.515444	0.516768	0.520481	0.519249	0.520098	0.487178	0.494913	0.495458	0.49337	0.498488	0.499453	0.614912	0.520639	0.521272	0.527672	0.527157	0.526297	0.496992	0.472309	0.47263	0.472299	0.474039	0.474353	0.35652	0.347059	0.343305	0.339162	0.33693	0.33527	0.483422	0.48341	0.486647	0.479578	0.478716	0.4782
ERR608625-k20-n1-x5e9	0.455651	0.534209	0.456288	0.449045	0.449767	0.449666	0.350603	0.350257	0.345578	0.362054	0.360809	0.361164	0.478779	0.3806	0.375923	0.369418	0.384639	0.381277	0.35868	0.342611	0.341784	0.355723	0.356341	0.356054	0.343043	0.345757	0.339989	0.360102	0.359206	0.361482	0.344291	0.274024	0.266018	0.257072	0	0.257477	0.331056	0.315782	0.325111	0.340805	0.3407	0.345504	0.368644	0.382584	0.391744	0.396197	0.397655	0.40131	0.521632	0.524447	0.5296	0.507298	0.505838	0.504933	0.463041	0.444623	0.446261	0.446319	0.446906	0.445607	0.518861	0.515579	0.516227	0.520193	0.519118	0.519862	0.487814	0.495544	0.495894	0.493987	0.498953	0.499877	0.613994	0.520999	0.521485	0.527596	0.527384	0.52654	0.496221	0.472515	0.472932	0.471985	0.47377	0.474005	0.35767	0.347353	0.343974	0.339362	0.337009	0.335654	0.48403	0.484193	0.487354	0.480005	0.479257	0.478781
ERR608626-k20-n1-x5e9	0.461291	0.539998	0.462127	0.453211	0.454339	0.454109	0.3465	0.345902	0.341875	0.356723	0.3554	0.355729	0.476857	0.374889	0.370325	0.364181	0.378419	0.375016	0.353316	0.337917	0.336888	0.35048	0.350794	0.350785	0.338414	0.341161	0.335868	0.355111	0.354477	0.356697	0.346767	0.276497	0.268331	0.256759	0.257477	0	0.332493	0.315195	0.324615	0.338699	0.33871	0.342868	0.368579	0.382488	0.386857	0.390739	0.392143	0.39562	0.517829	0.520785	0.526027	0.504677	0.503252	0.502431	0.461518	0.442776	0.443982	0.444048	0.444585	0.443779	0.514643	0.511377	0.513686	0.516244	0.515086	0.515707	0.4837	0.491148	0.491593	0.489743	0.494687	0.495616	0.61027	0.516146	0.516605	0.522436	0.522273	0.521321	0.494134	0.470184	0.470466	0.470591	0.472207	0.472564	0.351708	0.342264	0.338992	0.334877	0.332924	0.331301	0.480322	0.480654	0.483538	0.477057	0.476427	0.475939
ERR608427-k20-n1-x5e9	0.463785	0.48328	0.449574	0.461958	0.46222	0.462942	0.371596	0.374194	0.368009	0.404632	0.403127	0.403766	0.439182	0.419005	0.411273	0.387661	0.417854	0.411804	0.411051	0.381449	0.383876	0.408469	0.408424	0.409285	0.387133	0.392225	0.386873	0.413896	0.413126	0.415786	0.337655	0.318451	0.324858	0.332042	0.331056	0.332493	0	0.30507	0.325514	0.35019	0.350135	0.356268	0.358164	0.364582	0.437226	0.439269	0.439975	0.442668	0.52926	0.55133	0.560135	0.524289	0.52222	0.519258	0.449974	0.453757	0.46331	0.463513	0.465647	0.453984	0.547395	0.541914	0.524108	0.536747	0.535877	0.538186	0.515832	0.514918	0.517304	0.515735	0.517756	0.518806	0.599705	0.543561	0.541563	0.543335	0.550088	0.548403	0.493396	0.503102	0.504557	0.48613	0.486995	0.486829	0.398629	0.373818	0.371149	0.367162	0.358194	0.356204	0.503676	0.510271	0.510899	0.494481	0.496203	0.496546
ERR608428-k20-n1-x5e9	0.437381	0.547458	0.447878	0.423065	0.424692	0.423823	0.363184	0.360861	0.358132	0.359309	0.358273	0.358539	0.508707	0.372025	0.369246	0.37455	0.378682	0.377702	0.355289	0.350102	0.348116	0.352325	0.352862	0.35234	0.340091	0.341382	0.336431	0.35028	0.349066	0.350676	0.40978	0.338793	0.327867	0.314798	0.315782	0.315195	0.30507	0	0.251703	0.263188	0.262905	0.267241	0.394697	0.411956	0.376382	0.381856	0.383566	0.387563	0.520861	0.514128	0.517079	0.503128	0.502085	0.502247	0.472228	0.444119	0.440955	0.440625	0.440934	0.445016	0.514245	0.513242	0.526889	0.523485	0.521723	0.521615	0.4813	0.495101	0.494966	0.493834	0.501005	0.502215	0.628695	0.515148	0.517105	0.526409	0.520353	0.520301	0.511051	0.469757	0.469346	0.480752	0.482162	0.482896	0.353564	0.353612	0.350249	0.346169	0.348085	0.347218	0.476114	0.473115	0.47681	0.476102	0.47395	0.473325
ERR608429-k20-n1-x5e9	0.440293	0.566037	0.456816	0.422725	0.424777	0.423307	0.371703	0.368407	0.366733	0.358868	0.358068	0.358286	0.526524	0.370127	0.368998	0.381379	0.378929	0.379118	0.351809	0.3539	0.350706	0.348902	0.349717	0.348769	0.339656	0.340071	0.335507	0.344336	0.34298	0.344208	0.430973	0.354564	0.340763	0.324281	0.325111	0.324615	0.325514	0.251703	0	0.25348	0.253613	0.256666	0.411475	0.430155	0.370323	0.377033	0.378969	0.383116	0.524219	0.510427	0.511733	0.50424	0.503562	0.504355	0.48363	0.449771	0.443683	0.443004	0.44266	0.450901	0.512172	0.512487	0.533412	0.52621	0.524352	0.523609	0.479206	0.496691	0.496005	0.495069	0.503205	0.50468	0.637573	0.513822	0.516993	0.527687	0.518482	0.518977	0.520967	0.469254	0.468449	0.487413	0.48903	0.489779	0.353296	0.359659	0.356347	0.35244	0.356466	0.3562	0.476204	0.470556	0.474894	0.478693	0.475457	0.474647
ERR608430-k20-n1-x5e9	0.459869	0.595516	0.481899	0.435853	0.438556	0.436415	0.377061	0.372828	0.37332	0.353147	0.352997	0.352982	0.542122	0.360163	0.360953	0.381906	0.369056	0.371487	0.342721	0.353588	0.350385	0.340104	0.340948	0.33982	0.33543	0.334519	0.331655	0.333055	0.33175	0.332225	0.456211	0.378161	0.362834	0.339946	0.340805	0.338699	0.35019	0.263188	0.25348	0	0.244096	0.24424	0.431604	0.450742	0.356313	0.361727	0.363407	0.366987	0.520891	0.500434	0.500141	0.501659	0.501647	0.503578	0.494337	0.45549	0.44556	0.445689	0.44436	0.456121	0.50343	0.505349	0.536547	0.522255	0.520371	0.518547	0.471696	0.492418	0.491937	0.491307	0.50052	0.502168	0.640426	0.504569	0.508818	0.520743	0.507548	0.508533	0.527977	0.466493	0.465373	0.493039	0.494011	0.495367	0.347871	0.361365	0.359988	0.356753	0.364201	0.364633	0.472101	0.464391	0.46769	0.47915	0.47612	0.475058
ERR608431-k20-n1-x5e9	0.461021	0.595976	0.482659	0.437077	0.43975	0.437551	0.376109	0.371925	0.372367	0.352419	0.352278	0.352201	0.541405	0.35972	0.360499	0.380994	0.368535	0.370683	0.342121	0.352472	0.349639	0.3394	0.340206	0.339133	0.334819	0.334121	0.331143	0.332564	0.331451	0.332107	0.456009	0.378035	0.362916	0.339821	0.3407	0.33871	0.350135	0.262905	0.253613	0.244096	0	0.244322	0.431057	0.450296	0.355864	0.361217	0.362934	0.366448	0.520377	0.499787	0.499696	0.501212	0.501248	0.503065	0.493547	0.454917	0.444955	0.445061	0.443733	0.455567	0.5031	0.504905	0.535843	0.521522	0.51951	0.517888	0.471091	0.491518	0.491064	0.490417	0.499562	0.501111	0.63933	0.504055	0.508163	0.519955	0.506953	0.508043	0.52699	0.465894	0.464851	0.492404	0.493638	0.494735	0.346928	0.360426	0.359013	0.355854	0.362972	0.363599	0.471166	0.463559	0.466932	0.478088	0.475092	0.474108
ERR608432-k20-n1-x5e9	0.468261	0.603985	0.490692	0.443106	0.446011	0.443625	0.376374	0.371761	0.372799	0.350069	0.349956	0.349964	0.543673	0.356281	0.357513	0.379993	0.36474	0.367501	0.33906	0.351961	0.348475	0.336847	0.337469	0.3366	0.33342	0.332092	0.329978	0.329268	0.328317	0.328436	0.462131	0.384215	0.368465	0.344439	0.345504	0.342868	0.356268	0.267241	0.256666	0.24424	0.244322	0	0.43581	0.455003	0.352827	0.357998	0.359427	0.362635	0.518442	0.496389	0.495951	0.499886	0.500056	0.502128	0.495638	0.45593	0.445192	0.44567	0.44391	0.456785	0.499994	0.502009	0.535633	0.51949	0.517687	0.515566	0.467569	0.488559	0.488102	0.487659	0.496921	0.498568	0.638255	0.50057	0.504935	0.516843	0.503078	0.50405	0.52839	0.46566	0.46458	0.49394	0.495249	0.496413	0.344322	0.359864	0.358637	0.35579	0.363887	0.364507	0.469378	0.461291	0.464293	0.477407	0.47447	0.473447
ERR605849-k20-n1-x5e9	0.519763	0.517249	0.501798	0.522712	0.522538	0.523797	0.375007	0.379106	0.37168	0.41592	0.414704	0.41453	0.421214	0.425016	0.416194	0.384434	0.422676	0.414791	0.424213	0.389942	0.391994	0.422141	0.422071	0.423146	0.405953	0.410978	0.405368	0.433589	0.432965	0.435653	0.364815	0.355285	0.361559	0.369479	0.368644	0.368579	0.358164	0.394697	0.411475	0.431604	0.431057	0.43581	0	0.270086	0.398501	0.399698	0.401267	0.404731	0.535034	0.558324	0.567931	0.530265	0.528522	0.525601	0.454576	0.460871	0.46981	0.471584	0.473401	0.461955	0.517917	0.508259	0.470137	0.495833	0.496056	0.500516	0.5138	0.505274	0.507363	0.504187	0.503364	0.503524	0.552518	0.518945	0.513941	0.511209	0.528432	0.525409	0.436589	0.467688	0.469789	0.435332	0.435626	0.43507	0.414592	0.387549	0.383856	0.379816	0.369561	0.366955	0.505822	0.51458	0.516123	0.492941	0.495375	0.49577
