	ERR610241-k20-n1-x5e9	ERR610242-k20-n1-x5e9	ERR610243-k20-n1-x5e9	ERR610244-k20-n1-x5e9	ERR610245-k20-n1-x5e9	ERR610246-k20-n1-x5e9	ERR608167-k20-n1-x5e9	ERR608168-k20-n1-x5e9	ERR608169-k20-n1-x5e9	ERR608170-k20-n1-x5e9	ERR608171-k20-n1-x5e9	ERR608172-k20-n1-x5e9	ERR605781-k20-n1-x5e9	ERR605782-k20-n1-x5e9	ERR605783-k20-n1-x5e9	ERR605784-k20-n1-x5e9	ERR605785-k20-n1-x5e9	ERR605786-k20-n1-x5e9	ERR608811-k20-n1-x5e9	ERR608812-k20-n1-x5e9	ERR608813-k20-n1-x5e9	ERR608814-k20-n1-x5e9	ERR608815-k20-n1-x5e9	ERR608816-k20-n1-x5e9	ERR605793-k20-n1-x5e9	ERR605794-k20-n1-x5e9	ERR605795-k20-n1-x5e9	ERR605796-k20-n1-x5e9	ERR605797-k20-n1-x5e9	ERR605798-k20-n1-x5e9	ERR608457-k20-n1-x5e9	ERR608458-k20-n1-x5e9	ERR608459-k20-n1-x5e9	ERR608460-k20-n1-x5e9	ERR608461-k20-n1-x5e9	ERR608462-k20-n1-x5e9	ERR605952-k20-n1-x5e9	ERR605953-k20-n1-x5e9	ERR605954-k20-n1-x5e9	ERR605955-k20-n1-x5e9	ERR605956-k20-n1-x5e9	ERR605957-k20-n1-x5e9	ERR607561-k20-n1-x5e9	ERR607562-k20-n1-x5e9	ERR607563-k20-n1-x5e9	ERR607564-k20-n1-x5e9	ERR607565-k20-n1-x5e9	ERR607566-k20-n1-x5e9	ERR609051-k20-n1-x5e9	ERR609052-k20-n1-x5e9	ERR609053-k20-n1-x5e9	ERR609054-k20-n1-x5e9	ERR609055-k20-n1-x5e9	ERR609056-k20-n1-x5e9	ERR608901-k20-n1-x5e9	ERR608902-k20-n1-x5e9	ERR608903-k20-n1-x5e9	ERR608904-k20-n1-x5e9	ERR608905-k20-n1-x5e9	ERR608906-k20-n1-x5e9	ERR608299-k20-n1-x5e9	ERR608300-k20-n1-x5e9	ERR608301-k20-n1-x5e9	ERR608302-k20-n1-x5e9	ERR608303-k20-n1-x5e9	ERR608304-k20-n1-x5e9	ERR608799-k20-n1-x5e9	ERR608800-k20-n1-x5e9	ERR608801-k20-n1-x5e9	ERR608802-k20-n1-x5e9	ERR608803-k20-n1-x5e9	ERR608804-k20-n1-x5e9	ERR607781-k20-n1-x5e9	ERR607782-k20-n1-x5e9	ERR607783-k20-n1-x5e9	ERR607784-k20-n1-x5e9	ERR607785-k20-n1-x5e9	ERR607786-k20-n1-x5e9	ERR608081-k20-n1-x5e9	ERR608082-k20-n1-x5e9	ERR608083-k20-n1-x5e9	ERR608084-k20-n1-x5e9	ERR608085-k20-n1-x5e9	ERR608086-k20-n1-x5e9	ERR608507-k20-n1-x5e9	ERR608508-k20-n1-x5e9	ERR608509-k20-n1-x5e9	ERR608510-k20-n1-x5e9	ERR608511-k20-n1-x5e9	ERR608512-k20-n1-x5e9	ERR608099-k20-n1-x5e9	ERR608100-k20-n1-x5e9	ERR608101-k20-n1-x5e9	ERR608102-k20-n1-x5e9	ERR608103-k20-n1-x5e9	ERR608104-k20-n1-x5e9
ERR610241-k20-n1-x5e9	0	0.39743	0.260512	0.25705	0.255731	0.257399	0.362441	0.357951	0.359645	0.351608	0.351541	0.350432	0.514113	0.534394	0.359393	0.365583	0.365799	0.367602	0.358277	0.347353	0.365297	0.330024	0.328248	0.328005	0.422377	0.445274	0.357605	0.367729	0.372746	0.378537	0.321999	0.316128	0.324983	0.341581	0.332834	0.332561	0.347109	0.393993	0.397127	0.338972	0.342995	0.3416	0.41759	0.412648	0.415456	0.392626	0.393573	0.393135	0.519621	0.525	0.531414	0.505584	0.504287	0.503318	0.436232	0.43118	0.433957	0.453083	0.452694	0.451265	0.477987	0.485144	0.498192	0.499749	0.503058	0.488005	0.453471	0.458595	0.461093	0.42808	0.428621	0.429058	0.481754	0.494485	0.48296	0.497101	0.485901	0.486746	0.464689	0.46603	0.469857	0.45912	0.456329	0.457867	0.444387	0.443446	0.446656	0.440083	0.44028	0.441223	0.466863	0.471155	0.476342	0.457721	0.456597	0.45675
ERR610242-k20-n1-x5e9	0.39743	0	0.352759	0.430117	0.428723	0.432786	0.41754	0.422261	0.419489	0.477523	0.475827	0.474029	0.386365	0.398422	0.381992	0.382769	0.383074	0.382948	0.364386	0.372465	0.363567	0.487339	0.485015	0.483117	0.350296	0.353482	0.46856	0.461404	0.464508	0.468376	0.400312	0.472573	0.492022	0.51372	0.500944	0.497992	0.434694	0.56087	0.56513	0.483194	0.481845	0.480033	0.404641	0.408178	0.408327	0.462819	0.461361	0.458679	0.593855	0.635521	0.647978	0.597845	0.595152	0.590427	0.497789	0.510707	0.507076	0.475856	0.476169	0.477832	0.5771	0.608913	0.627364	0.630595	0.63424	0.611641	0.577184	0.588897	0.589666	0.534669	0.535553	0.537725	0.582316	0.570289	0.583262	0.569836	0.581137	0.58273	0.570742	0.583418	0.582215	0.554299	0.556895	0.559739	0.539497	0.547753	0.546486	0.491323	0.494503	0.490434	0.573728	0.588528	0.589814	0.55322	0.55742	0.558381
ERR610243-k20-n1-x5e9	0.260512	0.352759	0	0.28664	0.284876	0.288241	0.352864	0.351227	0.35066	0.36845	0.367464	0.365712	0.47269	0.493017	0.337552	0.343884	0.344501	0.346101	0.332173	0.32556	0.337277	0.358908	0.356573	0.355669	0.385777	0.407316	0.370213	0.375585	0.380519	0.386028	0.317914	0.343111	0.357536	0.378271	0.366816	0.365156	0.349454	0.431451	0.43522	0.361981	0.364563	0.362607	0.39375	0.390583	0.392584	0.390622	0.39069	0.389612	0.528911	0.546357	0.555189	0.5193	0.517322	0.514931	0.436285	0.436545	0.437776	0.440372	0.440061	0.439558	0.494048	0.509993	0.525564	0.527867	0.531459	0.513079	0.476893	0.484579	0.486857	0.443222	0.443927	0.445201	0.498178	0.503536	0.499209	0.505181	0.50094	0.502138	0.482306	0.487679	0.4901	0.472485	0.471104	0.473149	0.457038	0.45905	0.461179	0.436987	0.437934	0.437559	0.484656	0.492751	0.497143	0.470492	0.471055	0.471507
ERR610244-k20-n1-x5e9	0.25705	0.430117	0.28664	0	0.239974	0.239827	0.379051	0.37331	0.37854	0.348464	0.349523	0.348766	0.551309	0.569949	0.385173	0.389246	0.387924	0.388259	0.38873	0.377102	0.398837	0.31253	0.311653	0.312044	0.444931	0.468005	0.334117	0.34542	0.348583	0.352963	0.324877	0.30234	0.307065	0.314956	0.309675	0.308725	0.335881	0.364182	0.367047	0.326396	0.329403	0.329453	0.438326	0.432684	0.437447	0.398421	0.401022	0.400887	0.499565	0.49952	0.505239	0.490074	0.489702	0.490211	0.433601	0.427266	0.428179	0.46867	0.468339	0.466297	0.449878	0.457202	0.470101	0.47206	0.475192	0.459856	0.427134	0.432497	0.434155	0.415863	0.416108	0.416266	0.456013	0.469376	0.457084	0.472984	0.459172	0.46011	0.440371	0.441271	0.443215	0.439893	0.437759	0.438762	0.423734	0.422032	0.424136	0.439615	0.438093	0.440472	0.445385	0.448338	0.451066	0.44357	0.442836	0.442892
ERR610245-k20-n1-x5e9	0.255731	0.428723	0.284876	0.239974	0	0.239681	0.378514	0.372881	0.377705	0.348608	0.349677	0.348959	0.549815	0.568582	0.383987	0.388317	0.386975	0.387435	0.387272	0.375696	0.396965	0.31287	0.311653	0.312447	0.444152	0.467231	0.335268	0.346744	0.349985	0.354428	0.324566	0.302803	0.307713	0.31584	0.310471	0.309825	0.335855	0.365425	0.368134	0.326166	0.329523	0.329559	0.437425	0.431723	0.436697	0.398074	0.400797	0.400187	0.500106	0.500104	0.506141	0.490095	0.489739	0.490199	0.433276	0.426829	0.427868	0.467261	0.466998	0.464963	0.450737	0.458236	0.471089	0.473	0.476182	0.460656	0.42792	0.433137	0.434878	0.41543	0.415533	0.415879	0.45713	0.47033	0.458143	0.473846	0.460245	0.461148	0.440915	0.441843	0.44397	0.439895	0.437692	0.438786	0.42388	0.422143	0.424433	0.438773	0.437235	0.439444	0.445562	0.448693	0.451725	0.443203	0.442449	0.442614
ERR610246-k20-n1-x5e9	0.257399	0.432786	0.288241	0.239827	0.239681	0	0.380617	0.374783	0.379894	0.348767	0.349726	0.349023	0.553481	0.572323	0.387094	0.391347	0.390091	0.390406	0.39088	0.37861	0.400941	0.312257	0.311146	0.311767	0.44738	0.470713	0.335356	0.347011	0.350256	0.354637	0.326961	0.302184	0.306295	0.313931	0.308742	0.308408	0.337506	0.3631	0.365741	0.325978	0.329507	0.329568	0.440284	0.434762	0.439607	0.399605	0.402505	0.401947	0.499982	0.498922	0.504533	0.489888	0.48954	0.490137	0.434392	0.427647	0.428494	0.469599	0.469133	0.467172	0.450315	0.456558	0.469314	0.471093	0.474241	0.459252	0.426764	0.431765	0.433444	0.415638	0.415834	0.415728	0.45662	0.470491	0.457728	0.474276	0.459866	0.460729	0.44003	0.440711	0.442936	0.439696	0.437312	0.438374	0.42411	0.422062	0.424365	0.440312	0.438768	0.4414	0.445221	0.447847	0.450871	0.443433	0.442593	0.442472
ERR608167-k20-n1-x5e9	0.362441	0.41754	0.352864	0.379051	0.378514	0.380617	0	0.26606	0.266445	0.296858	0.294826	0.293858	0.45756	0.476525	0.324444	0.32821	0.328784	0.32931	0.323843	0.318305	0.330057	0.361815	0.359842	0.357624	0.416602	0.435381	0.403133	0.405888	0.410448	0.413922	0.325846	0.360059	0.375949	0.394714	0.383253	0.381289	0.368609	0.440515	0.444136	0.381375	0.382002	0.381069	0.388549	0.386913	0.390066	0.390211	0.389956	0.388451	0.53908	0.559313	0.567738	0.532327	0.530046	0.527052	0.461784	0.463762	0.463761	0.46617	0.465719	0.46554	0.523399	0.529471	0.539557	0.542229	0.544223	0.531884	0.509017	0.51446	0.514348	0.49031	0.491211	0.49192	0.533719	0.548168	0.534653	0.5543	0.53532	0.536265	0.52578	0.527841	0.527242	0.523198	0.522469	0.524398	0.500365	0.501803	0.502257	0.484261	0.485825	0.484585	0.514916	0.520953	0.522152	0.505051	0.506801	0.506786
ERR608168-k20-n1-x5e9	0.357951	0.422261	0.351227	0.37331	0.372881	0.374783	0.26606	0	0.265673	0.290004	0.288376	0.287442	0.465059	0.484048	0.32657	0.330381	0.331133	0.331701	0.326423	0.320234	0.333232	0.354462	0.352627	0.350594	0.420007	0.439075	0.398758	0.402398	0.406825	0.410543	0.323494	0.35323	0.368218	0.386713	0.375468	0.373761	0.365837	0.433044	0.436507	0.375759	0.376981	0.375746	0.391007	0.389064	0.392291	0.388022	0.387524	0.386281	0.534711	0.553387	0.56157	0.527329	0.525307	0.522499	0.458522	0.459657	0.459955	0.465072	0.46464	0.464205	0.518045	0.522998	0.532842	0.535298	0.537389	0.525384	0.502689	0.507909	0.507923	0.485332	0.486186	0.486761	0.528046	0.543568	0.528963	0.549763	0.529739	0.530798	0.520289	0.521784	0.521294	0.518251	0.51724	0.519164	0.495441	0.496596	0.497098	0.481525	0.48275	0.481811	0.509568	0.515086	0.516467	0.500418	0.501958	0.501889
ERR608169-k20-n1-x5e9	0.359645	0.419489	0.35066	0.37854	0.377705	0.379894	0.266445	0.265673	0	0.295787	0.293523	0.292532	0.457779	0.47737	0.324769	0.329086	0.330471	0.331298	0.322601	0.317182	0.328376	0.36113	0.358937	0.357154	0.418613	0.437356	0.406017	0.409634	0.414451	0.418368	0.327973	0.359339	0.374743	0.394128	0.38255	0.381135	0.372567	0.439955	0.443373	0.380936	0.382218	0.380927	0.389891	0.387956	0.39037	0.39015	0.389442	0.388168	0.541575	0.560186	0.568239	0.532938	0.530752	0.527796	0.461903	0.463234	0.463878	0.464558	0.464232	0.463955	0.525564	0.529939	0.53958	0.542068	0.544147	0.532363	0.509335	0.514141	0.514432	0.489624	0.490669	0.491229	0.534503	0.550205	0.535386	0.556365	0.53649	0.537533	0.526846	0.528121	0.528324	0.524092	0.522914	0.524877	0.50169	0.502649	0.503419	0.484734	0.486411	0.485003	0.515851	0.521223	0.52318	0.505704	0.506848	0.506811
ERR608170-k20-n1-x5e9	0.351608	0.477523	0.36845	0.348464	0.348608	0.348767	0.296858	0.290004	0.295787	0	0.258735	0.258538	0.53021	0.54885	0.365921	0.369029	0.369004	0.369263	0.374517	0.362719	0.384037	0.313606	0.312667	0.311646	0.467805	0.489195	0.382097	0.391227	0.39523	0.398543	0.335056	0.317818	0.324218	0.33342	0.326809	0.32636	0.361713	0.373875	0.376265	0.343287	0.34608	0.34604	0.430254	0.425541	0.430257	0.393937	0.395393	0.39501	0.514255	0.515206	0.520123	0.502453	0.501338	0.500879	0.456134	0.450209	0.451857	0.482486	0.48193	0.480175	0.489669	0.481858	0.487304	0.489258	0.490602	0.483814	0.466436	0.46801	0.46816	0.464633	0.464982	0.464747	0.499974	0.52617	0.500884	0.534056	0.50314	0.503562	0.492284	0.488346	0.488842	0.497423	0.49496	0.495973	0.475104	0.472258	0.473775	0.484122	0.484056	0.484908	0.48071	0.480554	0.482132	0.480088	0.479613	0.479267
ERR608171-k20-n1-x5e9	0.351541	0.475827	0.367464	0.349523	0.349677	0.349726	0.294826	0.288376	0.293523	0.258735	0	0.258964	0.527178	0.545891	0.363538	0.367281	0.367126	0.367389	0.372234	0.360335	0.381339	0.31498	0.313854	0.313021	0.466502	0.487924	0.383905	0.393219	0.397257	0.400712	0.334659	0.31914	0.325843	0.335887	0.329023	0.328469	0.362834	0.376786	0.379116	0.344643	0.347371	0.347486	0.428325	0.423712	0.428207	0.393171	0.394666	0.394331	0.516065	0.51745	0.522417	0.503759	0.502637	0.50205	0.456412	0.450463	0.452319	0.481314	0.480716	0.478992	0.491833	0.484154	0.489624	0.491562	0.492903	0.486135	0.468329	0.469877	0.469971	0.465211	0.465872	0.465551	0.501924	0.528045	0.502798	0.535872	0.505035	0.505672	0.494298	0.490521	0.491117	0.499219	0.49664	0.497718	0.476469	0.473726	0.475453	0.484337	0.484155	0.485178	0.482253	0.482316	0.484075	0.481037	0.480698	0.480228
ERR608172-k20-n1-x5e9	0.350432	0.474029	0.365712	0.348766	0.348959	0.349023	0.293858	0.287442	0.292532	0.258538	0.258964	0	0.525658	0.544504	0.362368	0.365896	0.365808	0.36645	0.370794	0.359373	0.380062	0.315351	0.314319	0.313223	0.464937	0.486239	0.383168	0.392448	0.396439	0.399866	0.333634	0.319102	0.326034	0.33609	0.329236	0.328898	0.361776	0.377487	0.379984	0.34448	0.347219	0.347178	0.427322	0.422842	0.427249	0.392779	0.393857	0.393813	0.515183	0.517222	0.522312	0.502997	0.502006	0.501263	0.45537	0.449745	0.451557	0.480212	0.479376	0.47787	0.491743	0.484359	0.490112	0.491896	0.493398	0.486355	0.468278	0.470048	0.470198	0.464587	0.465392	0.465025	0.501706	0.527565	0.502532	0.535382	0.504854	0.505399	0.493815	0.490039	0.490612	0.498321	0.495851	0.496978	0.475831	0.473194	0.474867	0.483268	0.483265	0.484048	0.481824	0.482158	0.483843	0.480387	0.480189	0.479783
ERR605781-k20-n1-x5e9	0.514113	0.386365	0.47269	0.551309	0.549815	0.553481	0.45756	0.465059	0.457779	0.53021	0.527178	0.525658	0	0.308387	0.401042	0.402667	0.405229	0.406985	0.408723	0.420868	0.401413	0.560607	0.558338	0.555985	0.400916	0.398111	0.550265	0.544213	0.548581	0.552374	0.496792	0.563159	0.581554	0.60363	0.591248	0.588697	0.520814	0.631563	0.635484	0.558718	0.557822	0.55548	0.465996	0.470985	0.467262	0.533318	0.530368	0.528352	0.674624	0.712102	0.722742	0.672611	0.669392	0.664043	0.579043	0.590064	0.589095	0.543218	0.543426	0.545534	0.66779	0.689012	0.702596	0.705471	0.70826	0.691281	0.664713	0.673203	0.674058	0.62335	0.624468	0.62647	0.670699	0.666088	0.671543	0.666775	0.670649	0.671868	0.665646	0.674201	0.674003	0.651266	0.652675	0.655292	0.634574	0.641144	0.640589	0.58122	0.585173	0.580366	0.658289	0.670699	0.672836	0.636747	0.640276	0.640926
ERR605782-k20-n1-x5e9	0.534394	0.398422	0.493017	0.569949	0.568582	0.572323	0.476525	0.484048	0.47737	0.54885	0.545891	0.544504	0.308387	0	0.421933	0.42232	0.42466	0.425688	0.428367	0.441042	0.421652	0.57874	0.576381	0.5741	0.412125	0.405559	0.565774	0.558411	0.562443	0.565822	0.514783	0.581529	0.599807	0.620948	0.608938	0.606432	0.537049	0.647756	0.651566	0.576286	0.575091	0.572798	0.481911	0.487375	0.483853	0.550881	0.547976	0.546137	0.686825	0.725036	0.735846	0.686288	0.683177	0.678001	0.593308	0.60501	0.603429	0.558113	0.55832	0.56062	0.6807	0.702594	0.716191	0.719214	0.721898	0.705007	0.679089	0.687687	0.688232	0.638978	0.639967	0.641991	0.684208	0.67856	0.685144	0.679184	0.683819	0.685153	0.67937	0.688136	0.687582	0.665112	0.666963	0.66961	0.648672	0.655587	0.654764	0.595712	0.599936	0.595029	0.672599	0.684976	0.686797	0.651333	0.655001	0.65562
ERR605783-k20-n1-x5e9	0.359393	0.381992	0.337552	0.385173	0.383987	0.387094	0.324444	0.32657	0.324769	0.365921	0.363538	0.362368	0.401042	0.421933	0	0.271469	0.272642	0.273558	0.318757	0.317796	0.322769	0.389893	0.387834	0.385716	0.363184	0.381543	0.387288	0.386915	0.39185	0.395895	0.348068	0.394599	0.412178	0.432484	0.420415	0.418012	0.36351	0.463114	0.467222	0.390106	0.389598	0.387652	0.386645	0.385677	0.387807	0.403604	0.402943	0.401448	0.552562	0.579049	0.588999	0.547011	0.544256	0.540945	0.464526	0.469363	0.468981	0.460487	0.459786	0.460185	0.535114	0.549858	0.562849	0.56605	0.5686	0.552346	0.525012	0.532522	0.532841	0.495127	0.496126	0.497482	0.541896	0.54845	0.542875	0.552207	0.542793	0.544077	0.535662	0.541054	0.540653	0.527608	0.527982	0.530027	0.506436	0.510203	0.51018	0.478031	0.47964	0.478068	0.52714	0.536581	0.538585	0.511788	0.514483	0.51482
ERR605784-k20-n1-x5e9	0.365583	0.382769	0.343884	0.389246	0.388317	0.391347	0.32821	0.330381	0.329086	0.369029	0.367281	0.365896	0.402667	0.42232	0.271469	0	0.266248	0.266137	0.323973	0.323818	0.328664	0.393163	0.391076	0.3892	0.362223	0.37974	0.3881	0.381753	0.386828	0.390571	0.350115	0.398472	0.41649	0.435398	0.423381	0.420705	0.362723	0.46424	0.468546	0.388431	0.38627	0.384737	0.387899	0.387527	0.389871	0.406378	0.40546	0.404172	0.552658	0.580804	0.591079	0.548568	0.546274	0.542673	0.465876	0.471314	0.470102	0.463579	0.462812	0.463465	0.536437	0.55209	0.564993	0.568303	0.570769	0.554198	0.527702	0.535504	0.535564	0.498918	0.500059	0.501251	0.544053	0.549481	0.545114	0.553721	0.544353	0.545611	0.538415	0.54417	0.543206	0.52987	0.531367	0.533575	0.508883	0.513224	0.512591	0.479863	0.481298	0.479514	0.5301	0.539689	0.541228	0.514159	0.517962	0.518237
ERR605785-k20-n1-x5e9	0.365799	0.383074	0.344501	0.387924	0.386975	0.390091	0.328784	0.331133	0.330471	0.369004	0.367126	0.365808	0.405229	0.42466	0.272642	0.266248	0	0.265661	0.326389	0.326287	0.331428	0.392171	0.390307	0.388343	0.361291	0.378807	0.384306	0.377482	0.382281	0.385712	0.348768	0.397678	0.415595	0.433891	0.422137	0.419451	0.359927	0.462721	0.46706	0.387699	0.385577	0.384064	0.388998	0.388576	0.391157	0.406506	0.405991	0.40444	0.549228	0.57796	0.58824	0.546528	0.544175	0.540818	0.464504	0.470357	0.46886	0.464281	0.463587	0.46388	0.532893	0.549223	0.562302	0.565811	0.568225	0.551437	0.525086	0.533087	0.532961	0.497308	0.498492	0.499492	0.541009	0.545951	0.54209	0.550235	0.541053	0.542439	0.535516	0.541501	0.540116	0.527421	0.528893	0.531117	0.505944	0.510291	0.509585	0.478616	0.479724	0.478296	0.527331	0.537165	0.538061	0.512012	0.51593	0.516293
ERR605786-k20-n1-x5e9	0.367602	0.382948	0.346101	0.388259	0.387435	0.390406	0.32931	0.331701	0.331298	0.369263	0.367389	0.36645	0.406985	0.425688	0.273558	0.266137	0.265661	0	0.327324	0.327583	0.332878	0.391999	0.39019	0.388213	0.360333	0.377413	0.38211	0.374308	0.3791	0.382145	0.347791	0.397757	0.415683	0.433698	0.421918	0.419105	0.357424	0.462336	0.466739	0.387718	0.385058	0.383555	0.388438	0.388163	0.391109	0.406198	0.405785	0.404295	0.548093	0.57744	0.587972	0.546228	0.54381	0.54062	0.464319	0.470265	0.468542	0.46517	0.464596	0.464738	0.531337	0.548538	0.56173	0.565279	0.567735	0.55079	0.524491	0.532812	0.532517	0.497542	0.498626	0.499755	0.53979	0.544053	0.540921	0.548413	0.539505	0.541022	0.534362	0.54073	0.538964	0.526359	0.52817	0.530296	0.50511	0.509673	0.508707	0.478275	0.479313	0.477878	0.526893	0.536909	0.537502	0.511962	0.51605	0.516437
ERR608811-k20-n1-x5e9	0.358277	0.364386	0.332173	0.38873	0.387272	0.39088	0.323843	0.326423	0.322601	0.374517	0.372234	0.370794	0.408723	0.428367	0.318757	0.323973	0.326389	0.327324	0	0.264681	0.265983	0.370128	0.367332	0.364994	0.372996	0.389156	0.418057	0.418563	0.423363	0.427904	0.338529	0.391068	0.409136	0.432116	0.41913	0.417244	0.385583	0.481346	0.48518	0.410428	0.410943	0.408936	0.371358	0.371006	0.371845	0.399097	0.397748	0.395839	0.553846	0.581705	0.591915	0.547021	0.544325	0.540205	0.456816	0.462135	0.462038	0.442913	0.442732	0.443383	0.534933	0.551019	0.565004	0.567767	0.570779	0.55394	0.522934	0.530513	0.531601	0.487663	0.488714	0.490248	0.537538	0.54243	0.538575	0.545265	0.539256	0.540482	0.529855	0.535978	0.536738	0.518913	0.51878	0.521403	0.500954	0.505264	0.505637	0.464916	0.467372	0.464445	0.524007	0.533941	0.537019	0.506492	0.508783	0.509137
ERR608812-k20-n1-x5e9	0.347353	0.372465	0.32556	0.377102	0.375696	0.37861	0.318305	0.320234	0.317182	0.362719	0.360335	0.359373	0.420868	0.441042	0.317796	0.323818	0.326287	0.327583	0.264681	0	0.267404	0.355366	0.352551	0.350204	0.380353	0.398049	0.410643	0.413033	0.4177	0.422584	0.331335	0.37779	0.395344	0.418176	0.405253	0.403561	0.379192	0.467999	0.471752	0.399047	0.400131	0.398173	0.373098	0.372137	0.373125	0.393025	0.391983	0.39008	0.547486	0.572885	0.582518	0.539175	0.53643	0.532661	0.451498	0.455478	0.45592	0.440648	0.440707	0.440847	0.527312	0.541242	0.554582	0.557097	0.560173	0.543948	0.513022	0.52014	0.521333	0.479112	0.480211	0.48136	0.529558	0.536834	0.530547	0.539964	0.531823	0.532841	0.521503	0.526578	0.527856	0.511566	0.510946	0.513047	0.493455	0.496947	0.497871	0.460902	0.463118	0.460753	0.515168	0.524137	0.527528	0.49845	0.50023	0.500574
ERR608813-k20-n1-x5e9	0.365297	0.363567	0.337277	0.398837	0.396965	0.400941	0.330057	0.333232	0.328376	0.384037	0.381339	0.380062	0.401413	0.421652	0.322769	0.328664	0.331428	0.332878	0.265983	0.267404	0	0.381687	0.379214	0.37687	0.37515	0.390691	0.429491	0.430194	0.435276	0.439939	0.34789	0.401454	0.419721	0.443205	0.430079	0.428042	0.396764	0.491572	0.495389	0.420143	0.420794	0.418772	0.374613	0.37453	0.374103	0.406266	0.404615	0.40293	0.563199	0.591044	0.601116	0.555335	0.552396	0.548112	0.463928	0.469295	0.469734	0.446118	0.445995	0.446706	0.54498	0.560531	0.574223	0.576831	0.57994	0.563336	0.532317	0.539764	0.540915	0.49558	0.496635	0.498078	0.547342	0.552347	0.548216	0.55499	0.549171	0.550399	0.539169	0.54521	0.546372	0.527699	0.527329	0.529881	0.510126	0.514329	0.514932	0.471263	0.474108	0.471177	0.533027	0.542711	0.546209	0.514716	0.516728	0.517171
ERR608814-k20-n1-x5e9	0.330024	0.487339	0.358908	0.31253	0.31287	0.312257	0.361815	0.354462	0.36113	0.313606	0.31498	0.315351	0.560607	0.57874	0.389893	0.393163	0.392171	0.391999	0.370128	0.355366	0.381687	0	0.245496	0.245883	0.473577	0.496058	0.351693	0.363159	0.366566	0.369581	0.336363	0.297044	0.297857	0.300154	0.297043	0.297162	0.349421	0.342859	0.344983	0.324841	0.327865	0.328413	0.447074	0.44129	0.446682	0.396994	0.400257	0.400031	0.494518	0.487045	0.491075	0.482492	0.482249	0.483511	0.440613	0.4315	0.432937	0.480889	0.480262	0.477829	0.453195	0.447242	0.454044	0.455832	0.457864	0.449349	0.42638	0.428201	0.428539	0.428177	0.428513	0.427824	0.457158	0.482356	0.458145	0.489523	0.460779	0.461404	0.451095	0.44711	0.448476	0.456774	0.453813	0.454552	0.437978	0.434281	0.43597	0.461529	0.459484	0.462012	0.445218	0.444358	0.446143	0.447804	0.446596	0.446276
ERR608815-k20-n1-x5e9	0.328248	0.485015	0.356573	0.311653	0.311653	0.311146	0.359842	0.352627	0.358937	0.312667	0.313854	0.314319	0.558338	0.576381	0.387834	0.391076	0.390307	0.39019	0.367332	0.352551	0.379214	0.245496	0	0.245198	0.471937	0.494252	0.351507	0.36328	0.366517	0.369707	0.334736	0.29637	0.297346	0.300154	0.296948	0.297232	0.348838	0.343569	0.345585	0.324712	0.327571	0.328026	0.44565	0.439569	0.444835	0.395835	0.398909	0.398803	0.494824	0.487835	0.49199	0.482861	0.482652	0.483606	0.439524	0.43052	0.43194	0.479046	0.47864	0.476178	0.453435	0.44763	0.454666	0.456257	0.458251	0.449739	0.426423	0.428227	0.428612	0.427375	0.427862	0.427161	0.456962	0.482143	0.458062	0.489179	0.460626	0.461281	0.450952	0.447082	0.448752	0.456369	0.453424	0.454235	0.437442	0.4338	0.435677	0.460097	0.458099	0.460721	0.445312	0.444468	0.446563	0.447469	0.446518	0.446123
ERR608816-k20-n1-x5e9	0.328005	0.483117	0.355669	0.312044	0.312447	0.311767	0.357624	0.350594	0.357154	0.311646	0.313021	0.313223	0.555985	0.5741	0.385716	0.3892	0.388343	0.388213	0.364994	0.350204	0.37687	0.245883	0.245198	0	0.470492	0.492767	0.351833	0.36339	0.36646	0.369847	0.333007	0.296546	0.297944	0.301385	0.297959	0.298106	0.34814	0.345439	0.347475	0.325088	0.327877	0.328418	0.443773	0.437794	0.44319	0.394781	0.397971	0.397696	0.494845	0.488761	0.493052	0.483037	0.482732	0.483603	0.438993	0.430203	0.431619	0.478049	0.477554	0.475172	0.454401	0.449066	0.456093	0.4579	0.459952	0.451178	0.427731	0.429726	0.430168	0.428393	0.428684	0.427977	0.458282	0.483017	0.459274	0.490037	0.461886	0.462496	0.451953	0.448241	0.449771	0.457034	0.45426	0.455028	0.43811	0.434761	0.436617	0.460013	0.458109	0.460344	0.446172	0.445571	0.447615	0.447967	0.447275	0.44682
ERR605793-k20-n1-x5e9	0.422377	0.350296	0.385777	0.444931	0.444152	0.44738	0.416602	0.420007	0.418613	0.467805	0.466502	0.464937	0.400916	0.412125	0.363184	0.362223	0.361291	0.360333	0.372996	0.380353	0.37515	0.473577	0.471937	0.470492	0	0.278324	0.393792	0.384717	0.387595	0.391285	0.405377	0.470124	0.488277	0.507073	0.49537	0.492003	0.41468	0.541854	0.546176	0.466581	0.465015	0.463315	0.416523	0.41831	0.419983	0.461552	0.461163	0.459072	0.578256	0.618683	0.631373	0.584982	0.5826	0.578581	0.485013	0.498082	0.493178	0.47411	0.4742	0.476011	0.552131	0.587758	0.607493	0.611639	0.615292	0.590899	0.557145	0.569706	0.570108	0.516975	0.517775	0.519835	0.552428	0.536364	0.553487	0.535448	0.550898	0.552992	0.549231	0.563538	0.561472	0.532064	0.535729	0.538646	0.515479	0.524469	0.522469	0.473817	0.476125	0.472908	0.554346	0.570089	0.570001	0.535135	0.539997	0.54091
ERR605794-k20-n1-x5e9	0.445274	0.353482	0.407316	0.468005	0.467231	0.470713	0.435381	0.439075	0.437356	0.489195	0.487924	0.486239	0.398111	0.405559	0.381543	0.37974	0.378807	0.377413	0.389156	0.398049	0.390691	0.496058	0.494252	0.492767	0.278324	0	0.417484	0.406666	0.409089	0.412054	0.425627	0.492971	0.511253	0.529501	0.518039	0.514436	0.434876	0.563008	0.567339	0.488706	0.48664	0.485153	0.428749	0.431296	0.432796	0.47963	0.479036	0.47674	0.592828	0.635528	0.648299	0.601201	0.598758	0.59468	0.500389	0.514724	0.509273	0.486368	0.487027	0.489019	0.568761	0.605762	0.625558	0.629707	0.633406	0.608763	0.575378	0.588246	0.588622	0.535205	0.535858	0.538306	0.568902	0.550614	0.569881	0.54948	0.566934	0.568985	0.566389	0.581182	0.578758	0.54887	0.552766	0.555822	0.532743	0.542275	0.539611	0.488555	0.491255	0.487819	0.571838	0.588044	0.587666	0.552425	0.557517	0.55843
ERR605795-k20-n1-x5e9	0.357605	0.46856	0.370213	0.334117	0.335268	0.335356	0.403133	0.398758	0.406017	0.382097	0.383905	0.383168	0.550265	0.565774	0.387288	0.3881	0.384306	0.38211	0.418057	0.410643	0.429491	0.351693	0.351507	0.351833	0.393792	0.417484	0	0.252117	0.252596	0.254896	0.356702	0.355471	0.362566	0.36506	0.360836	0.358141	0.333552	0.388734	0.392279	0.351617	0.350743	0.35188	0.455136	0.450171	0.456985	0.42122	0.425265	0.423956	0.498648	0.508316	0.516484	0.503118	0.503298	0.50378	0.444654	0.443849	0.440247	0.491315	0.491272	0.489672	0.439235	0.462483	0.47923	0.483636	0.486564	0.46527	0.43594	0.44586	0.445309	0.433105	0.432669	0.433068	0.442421	0.442703	0.443479	0.446575	0.441921	0.443767	0.441938	0.449573	0.446404	0.441106	0.442834	0.444549	0.421216	0.423675	0.421914	0.446046	0.443151	0.446108	0.453256	0.460741	0.457859	0.454175	0.457029	0.457256
ERR605796-k20-n1-x5e9	0.367729	0.461404	0.375585	0.34542	0.346744	0.347011	0.405888	0.402398	0.409634	0.391227	0.393219	0.392448	0.544213	0.558411	0.386915	0.381753	0.377482	0.374308	0.418563	0.413033	0.430194	0.363159	0.36328	0.36339	0.384717	0.406666	0.252117	0	0.244879	0.246054	0.359229	0.367824	0.376701	0.379105	0.37405	0.370825	0.333097	0.401706	0.405622	0.35733	0.354445	0.35573	0.452569	0.448587	0.45556	0.425152	0.429062	0.427678	0.501495	0.516649	0.5259	0.509469	0.50974	0.509903	0.447369	0.448897	0.443651	0.493423	0.493292	0.492	0.445697	0.472795	0.490237	0.494921	0.497904	0.475538	0.446521	0.457413	0.456272	0.442006	0.441785	0.442202	0.45065	0.446891	0.451913	0.450934	0.449086	0.450919	0.450453	0.459684	0.455563	0.4478	0.451237	0.453115	0.42779	0.431907	0.428931	0.447971	0.445347	0.44784	0.461623	0.47053	0.466812	0.461085	0.465414	0.465596
ERR605797-k20-n1-x5e9	0.372746	0.464508	0.380519	0.348583	0.349985	0.350256	0.410448	0.406825	0.414451	0.39523	0.397257	0.396439	0.548581	0.562443	0.39185	0.386828	0.382281	0.3791	0.423363	0.4177	0.435276	0.366566	0.366517	0.36646	0.387595	0.409089	0.252596	0.244879	0	0.244588	0.361967	0.370693	0.379492	0.381308	0.376567	0.37302	0.335231	0.404055	0.407813	0.361586	0.358272	0.360004	0.455847	0.451596	0.459136	0.42815	0.432323	0.430895	0.500654	0.516051	0.525418	0.509993	0.510251	0.510562	0.448704	0.450636	0.444892	0.496162	0.496261	0.494731	0.44342	0.471749	0.489505	0.494228	0.49729	0.474392	0.445497	0.456854	0.455483	0.442973	0.442659	0.443175	0.448593	0.4437	0.449702	0.447632	0.44652	0.448669	0.448933	0.458695	0.454009	0.446846	0.45046	0.452193	0.426374	0.430644	0.42738	0.448734	0.445962	0.448583	0.461107	0.470243	0.465964	0.461634	0.466028	0.466205
ERR605798-k20-n1-x5e9	0.378537	0.468376	0.386028	0.352963	0.354428	0.354637	0.413922	0.410543	0.418368	0.398543	0.400712	0.399866	0.552374	0.565822	0.395895	0.390571	0.385712	0.382145	0.427904	0.422584	0.439939	0.369581	0.369707	0.369847	0.391285	0.412054	0.254896	0.246054	0.244588	0	0.365196	0.374307	0.382744	0.383893	0.37948	0.375706	0.336816	0.405916	0.409536	0.364769	0.36103	0.362844	0.458965	0.454965	0.46249	0.431376	0.435603	0.43412	0.501454	0.5172	0.526587	0.512022	0.512304	0.512646	0.45183	0.453831	0.447986	0.500661	0.500513	0.499136	0.444501	0.473322	0.490997	0.495876	0.49879	0.47583	0.447465	0.458919	0.457235	0.446415	0.446021	0.446826	0.450089	0.444637	0.451119	0.448866	0.447696	0.449889	0.45065	0.460483	0.455444	0.449162	0.452738	0.454651	0.428757	0.433093	0.429439	0.452509	0.44939	0.4519	0.46322	0.472396	0.467617	0.464317	0.468851	0.469105
ERR608457-k20-n1-x5e9	0.321999	0.400312	0.317914	0.324877	0.324566	0.326961	0.325846	0.323494	0.327973	0.335056	0.334659	0.333634	0.496792	0.514783	0.348068	0.350115	0.348768	0.347791	0.338529	0.331335	0.34789	0.336363	0.334736	0.333007	0.405377	0.425627	0.356702	0.359229	0.361967	0.365196	0	0.287809	0.305029	0.323311	0.311111	0.308455	0.328011	0.412242	0.416149	0.351306	0.351155	0.35084	0.388527	0.385373	0.391128	0.377387	0.379278	0.377323	0.507614	0.530266	0.540342	0.507935	0.506434	0.504499	0.430354	0.433232	0.43092	0.451163	0.450824	0.449957	0.475067	0.493775	0.509151	0.512537	0.515417	0.496642	0.465812	0.474985	0.474824	0.446733	0.447285	0.448206	0.485855	0.489961	0.486947	0.494727	0.48594	0.487669	0.473944	0.480567	0.478948	0.469064	0.469682	0.471924	0.447615	0.451145	0.450223	0.440472	0.440591	0.440348	0.472268	0.481606	0.481444	0.463518	0.466111	0.466497
ERR608458-k20-n1-x5e9	0.316128	0.472573	0.343111	0.30234	0.302803	0.302184	0.360059	0.35323	0.359339	0.317818	0.31914	0.319102	0.563159	0.581529	0.394599	0.398472	0.397678	0.397757	0.391068	0.37779	0.401454	0.297044	0.29637	0.296546	0.470124	0.492971	0.355471	0.367824	0.370693	0.374307	0.287809	0	0.246018	0.254901	0.249316	0.248646	0.344026	0.349349	0.351747	0.32127	0.32468	0.324772	0.440232	0.434399	0.439558	0.394618	0.397423	0.397062	0.502908	0.499712	0.504725	0.491832	0.491504	0.492077	0.439264	0.431177	0.432811	0.475847	0.474965	0.472845	0.458192	0.457121	0.466431	0.468233	0.470671	0.459695	0.433357	0.436396	0.437453	0.428431	0.428345	0.428262	0.465975	0.485836	0.466954	0.491726	0.4693	0.470207	0.452669	0.450769	0.452558	0.455668	0.452601	0.453844	0.436736	0.433804	0.435892	0.454647	0.453519	0.455432	0.448799	0.44977	0.452362	0.448609	0.447336	0.446949
ERR608459-k20-n1-x5e9	0.324983	0.492022	0.357536	0.307065	0.307713	0.306295	0.375949	0.368218	0.374743	0.324218	0.325843	0.326034	0.581554	0.599807	0.412178	0.41649	0.415595	0.415683	0.409136	0.395344	0.419721	0.297857	0.297346	0.297944	0.488277	0.511253	0.362566	0.376701	0.379492	0.382744	0.305029	0.246018	0	0.24665	0.244002	0.245116	0.356461	0.340919	0.342415	0.325195	0.32915	0.329728	0.456707	0.450539	0.45588	0.405713	0.408808	0.408659	0.505495	0.495614	0.4992	0.492369	0.492417	0.493744	0.447199	0.43689	0.439447	0.486475	0.485898	0.483363	0.458006	0.451903	0.459439	0.460663	0.462869	0.454367	0.429691	0.430937	0.432301	0.42959	0.429673	0.429052	0.465008	0.488392	0.466063	0.494554	0.469183	0.469866	0.451669	0.447643	0.450259	0.457134	0.453105	0.453982	0.438801	0.434386	0.437135	0.463218	0.461754	0.464182	0.447479	0.445842	0.449118	0.449952	0.447688	0.447147
ERR608460-k20-n1-x5e9	0.341581	0.51372	0.378271	0.314956	0.31584	0.313931	0.394714	0.386713	0.394128	0.33342	0.335887	0.33609	0.60363	0.620948	0.432484	0.435398	0.433891	0.433698	0.432116	0.418176	0.443205	0.300154	0.300154	0.301385	0.507073	0.529501	0.36506	0.379105	0.381308	0.383893	0.323311	0.254901	0.24665	0	0.240918	0.242242	0.36455	0.328013	0.32908	0.328085	0.331419	0.332517	0.475194	0.469036	0.474576	0.418796	0.422698	0.422592	0.503276	0.487564	0.489728	0.491024	0.491585	0.49387	0.455521	0.444263	0.446367	0.501467	0.500656	0.497928	0.45243	0.442609	0.448384	0.449519	0.451484	0.4445	0.423446	0.42381	0.424539	0.433212	0.432716	0.431651	0.460331	0.486025	0.461388	0.492991	0.464104	0.464773	0.448524	0.442964	0.444842	0.457171	0.453567	0.454288	0.43928	0.43375	0.436124	0.473355	0.471178	0.474245	0.444827	0.441318	0.443268	0.45189	0.450043	0.449304
ERR608461-k20-n1-x5e9	0.332834	0.500944	0.366816	0.309675	0.310471	0.308742	0.383253	0.375468	0.38255	0.326809	0.329023	0.329236	0.591248	0.608938	0.420415	0.423381	0.422137	0.421918	0.41913	0.405253	0.430079	0.297043	0.296948	0.297959	0.49537	0.518039	0.360836	0.37405	0.376567	0.37948	0.311111	0.249316	0.244002	0.240918	0	0.241367	0.356613	0.332649	0.334295	0.323886	0.327151	0.328013	0.464074	0.458022	0.463588	0.41063	0.413983	0.413996	0.502479	0.490632	0.493839	0.490595	0.490935	0.492547	0.449942	0.439573	0.441337	0.493182	0.492613	0.490052	0.453532	0.446552	0.453374	0.454775	0.456799	0.448644	0.425841	0.427207	0.427981	0.43101	0.430955	0.430008	0.461713	0.485738	0.462679	0.49225	0.465285	0.466024	0.449432	0.44502	0.446898	0.45635	0.453036	0.453669	0.437744	0.433357	0.435327	0.467175	0.465411	0.468037	0.445501	0.443401	0.44553	0.450298	0.448659	0.448047
ERR608462-k20-n1-x5e9	0.332561	0.497992	0.365156	0.308725	0.309825	0.308408	0.381289	0.373761	0.381135	0.32636	0.328469	0.328898	0.588697	0.606432	0.418012	0.420705	0.419451	0.419105	0.417244	0.403561	0.428042	0.297162	0.297232	0.298106	0.492003	0.514436	0.358141	0.370825	0.37302	0.375706	0.308455	0.248646	0.245116	0.242242	0.241367	0	0.353355	0.334252	0.336205	0.323047	0.326125	0.327013	0.461519	0.455354	0.461051	0.408538	0.41238	0.412032	0.500827	0.490419	0.493941	0.489974	0.490371	0.491965	0.44829	0.43818	0.439759	0.491824	0.491134	0.488512	0.451818	0.446508	0.453935	0.455505	0.45762	0.448679	0.425688	0.427416	0.427978	0.430602	0.430317	0.429502	0.459968	0.483033	0.460942	0.489609	0.463365	0.464144	0.448368	0.444455	0.445937	0.454938	0.451941	0.452563	0.43599	0.432009	0.433679	0.46507	0.463103	0.465886	0.444752	0.443259	0.445094	0.449421	0.447999	0.447432
ERR605952-k20-n1-x5e9	0.347109	0.434694	0.349454	0.335881	0.335855	0.337506	0.368609	0.365837	0.372567	0.361713	0.362834	0.361776	0.520814	0.537049	0.36351	0.362723	0.359927	0.357424	0.385583	0.379192	0.396764	0.349421	0.348838	0.34814	0.41468	0.434876	0.333552	0.333097	0.335231	0.336816	0.328011	0.344026	0.356461	0.36455	0.356613	0.353355	0	0.344196	0.349004	0.285371	0.282081	0.28267	0.429025	0.425346	0.431697	0.406968	0.409951	0.40888	0.49712	0.515152	0.524798	0.501182	0.500586	0.500123	0.433831	0.435402	0.431504	0.472171	0.471493	0.470185	0.454918	0.476841	0.492296	0.49645	0.499014	0.479442	0.448915	0.45899	0.457929	0.438822	0.438956	0.439406	0.463584	0.465932	0.464518	0.470571	0.462443	0.464241	0.459942	0.467186	0.46411	0.457264	0.45907	0.460956	0.434701	0.438721	0.436893	0.444174	0.442353	0.444089	0.459984	0.469132	0.466992	0.456267	0.459515	0.45968
ERR605953-k20-n1-x5e9	0.393993	0.56087	0.431451	0.364182	0.365425	0.3631	0.440515	0.433044	0.439955	0.373875	0.376786	0.377487	0.631563	0.647756	0.463114	0.46424	0.462721	0.462336	0.481346	0.467999	0.491572	0.342859	0.343569	0.345439	0.541854	0.563008	0.388734	0.401706	0.404055	0.405916	0.412242	0.349349	0.340919	0.328013	0.332649	0.334252	0.344196	0	0.237584	0.283124	0.285251	0.287193	0.521083	0.515189	0.520213	0.462671	0.466535	0.467027	0.516486	0.488451	0.486808	0.50229	0.503505	0.506811	0.481207	0.467932	0.470001	0.532773	0.531722	0.528564	0.461817	0.441027	0.440828	0.441983	0.442547	0.442097	0.428517	0.425308	0.425422	0.453752	0.453277	0.451286	0.465407	0.499101	0.466435	0.507121	0.469763	0.469967	0.465174	0.45479	0.457233	0.479285	0.47575	0.475587	0.461268	0.453851	0.456348	0.506666	0.503702	0.507097	0.45902	0.450411	0.451615	0.473272	0.471466	0.470011
ERR605954-k20-n1-x5e9	0.397127	0.56513	0.43522	0.367047	0.368134	0.365741	0.444136	0.436507	0.443373	0.376265	0.379116	0.379984	0.635484	0.651566	0.467222	0.468546	0.46706	0.466739	0.48518	0.471752	0.495389	0.344983	0.345585	0.347475	0.546176	0.567339	0.392279	0.405622	0.407813	0.409536	0.416149	0.351747	0.342415	0.32908	0.334295	0.336205	0.349004	0.237584	0	0.286899	0.289466	0.291582	0.524638	0.518707	0.523717	0.465586	0.469479	0.470153	0.518515	0.489195	0.486916	0.503945	0.50527	0.50851	0.484137	0.470504	0.472768	0.535793	0.534774	0.53142	0.463576	0.441327	0.440409	0.441498	0.441917	0.442329	0.429371	0.425652	0.425761	0.455882	0.455333	0.453329	0.466751	0.501436	0.46792	0.509653	0.471417	0.471572	0.466861	0.4561	0.458591	0.481626	0.477919	0.477621	0.463769	0.456	0.458528	0.509948	0.506925	0.510361	0.460586	0.451227	0.45271	0.475538	0.473328	0.4718
ERR605955-k20-n1-x5e9	0.338972	0.483194	0.361981	0.326396	0.326166	0.325978	0.381375	0.375759	0.380936	0.343287	0.344643	0.34448	0.558718	0.576286	0.390106	0.388431	0.387699	0.387718	0.410428	0.399047	0.420143	0.324841	0.324712	0.325088	0.466581	0.488706	0.351617	0.35733	0.361586	0.364769	0.351306	0.32127	0.325195	0.328085	0.323886	0.323047	0.285371	0.283124	0.286899	0	0.245333	0.245468	0.457629	0.452591	0.456989	0.414914	0.417817	0.417807	0.506147	0.501359	0.505881	0.494711	0.494771	0.495684	0.444182	0.436182	0.43699	0.483778	0.482622	0.480388	0.458855	0.457912	0.466291	0.468843	0.470691	0.45979	0.43538	0.43855	0.43901	0.43272	0.432971	0.432095	0.46256	0.483365	0.463741	0.489298	0.46526	0.466394	0.459157	0.457024	0.458783	0.46127	0.460317	0.461315	0.441697	0.439735	0.441039	0.461096	0.459122	0.461605	0.454136	0.45499	0.457028	0.453742	0.454498	0.453875
ERR605956-k20-n1-x5e9	0.342995	0.481845	0.364563	0.329403	0.329523	0.329507	0.382002	0.376981	0.382218	0.34608	0.347371	0.347219	0.557822	0.575091	0.389598	0.38627	0.385577	0.385058	0.410943	0.400131	0.420794	0.327865	0.327571	0.327877	0.465015	0.48664	0.350743	0.354445	0.358272	0.36103	0.351155	0.32468	0.32915	0.331419	0.327151	0.326125	0.282081	0.285251	0.289466	0.245333	0	0.24308	0.457357	0.452547	0.457264	0.416237	0.419119	0.419057	0.50653	0.503554	0.508523	0.496583	0.496558	0.497491	0.44495	0.437871	0.437948	0.485536	0.48434	0.482009	0.459619	0.460591	0.469128	0.472084	0.474024	0.462281	0.437796	0.441905	0.441747	0.435679	0.435612	0.434952	0.464354	0.483797	0.465668	0.48987	0.466578	0.467651	0.461587	0.460116	0.461237	0.463529	0.463013	0.463997	0.443537	0.442279	0.442896	0.462723	0.460573	0.462967	0.456547	0.457963	0.459452	0.455938	0.457427	0.456696
ERR605957-k20-n1-x5e9	0.3416	0.480033	0.362607	0.329453	0.329559	0.329568	0.381069	0.375746	0.380927	0.34604	0.347486	0.347178	0.55548	0.572798	0.387652	0.384737	0.384064	0.383555	0.408936	0.398173	0.418772	0.328413	0.328026	0.328418	0.463315	0.485153	0.35188	0.35573	0.360004	0.362844	0.35084	0.324772	0.329728	0.332517	0.328013	0.327013	0.28267	0.287193	0.291582	0.245468	0.24308	0	0.456044	0.450951	0.455632	0.415385	0.418044	0.418187	0.508172	0.50545	0.510563	0.497695	0.497601	0.498285	0.444837	0.437911	0.438005	0.484201	0.482847	0.480688	0.46185	0.462568	0.471235	0.473896	0.475919	0.464271	0.439699	0.44359	0.443488	0.435996	0.436174	0.435514	0.4659	0.485327	0.46732	0.491406	0.468239	0.469387	0.463207	0.461742	0.462921	0.464585	0.464162	0.46519	0.444815	0.443511	0.444477	0.462508	0.460495	0.462733	0.457897	0.459509	0.4613	0.456551	0.457798	0.457269
ERR607561-k20-n1-x5e9	0.41759	0.404641	0.39375	0.438326	0.437425	0.440284	0.388549	0.391007	0.389891	0.430254	0.428325	0.427322	0.465996	0.481911	0.386645	0.387899	0.388998	0.388438	0.371358	0.373098	0.374613	0.447074	0.44565	0.443773	0.416523	0.428749	0.455136	0.452569	0.455847	0.458965	0.388527	0.440232	0.456707	0.475194	0.464074	0.461519	0.429025	0.521083	0.524638	0.457629	0.457357	0.456044	0	0.278546	0.279772	0.309195	0.307069	0.305865	0.543073	0.574066	0.584462	0.540381	0.538051	0.534218	0.459334	0.466954	0.464868	0.44998	0.449907	0.450582	0.540565	0.560966	0.575598	0.578839	0.581807	0.563592	0.535896	0.54471	0.544931	0.50519	0.505973	0.507529	0.544031	0.544437	0.544929	0.547525	0.543992	0.545414	0.5385	0.546376	0.545061	0.528444	0.529764	0.532147	0.510853	0.516018	0.515175	0.477933	0.480363	0.477773	0.534147	0.545315	0.546218	0.518318	0.521893	0.522609
