	ERR609881-k20-n1-x5e9	ERR609882-k20-n1-x5e9	ERR609883-k20-n1-x5e9	ERR609884-k20-n1-x5e9	ERR609885-k20-n1-x5e9	ERR609886-k20-n1-x5e9	ERR608093-k20-n1-x5e9	ERR608094-k20-n1-x5e9	ERR608095-k20-n1-x5e9	ERR608096-k20-n1-x5e9	ERR608097-k20-n1-x5e9	ERR608098-k20-n1-x5e9	ERR607591-k20-n1-x5e9	ERR607592-k20-n1-x5e9	ERR607593-k20-n1-x5e9	ERR607594-k20-n1-x5e9	ERR607595-k20-n1-x5e9	ERR607596-k20-n1-x5e9	ERR608555-k20-n1-x5e9	ERR608556-k20-n1-x5e9	ERR608557-k20-n1-x5e9	ERR608558-k20-n1-x5e9	ERR608559-k20-n1-x5e9	ERR608560-k20-n1-x5e9	ERR605866-k20-n1-x5e9	ERR605867-k20-n1-x5e9	ERR605868-k20-n1-x5e9	ERR605869-k20-n1-x5e9	ERR605870-k20-n1-x5e9	ERR605871-k20-n1-x5e9	ERR607487-k20-n1-x5e9	ERR607488-k20-n1-x5e9	ERR607489-k20-n1-x5e9	ERR607490-k20-n1-x5e9	ERR607491-k20-n1-x5e9	ERR607492-k20-n1-x5e9	ERR607343-k20-n1-x5e9	ERR607344-k20-n1-x5e9	ERR607345-k20-n1-x5e9	ERR607346-k20-n1-x5e9	ERR607347-k20-n1-x5e9	ERR607348-k20-n1-x5e9	ERR605775-k20-n1-x5e9	ERR605776-k20-n1-x5e9	ERR605777-k20-n1-x5e9	ERR605778-k20-n1-x5e9	ERR605779-k20-n1-x5e9	ERR605780-k20-n1-x5e9	ERR605479-k20-n1-x5e9	ERR605480-k20-n1-x5e9	ERR605481-k20-n1-x5e9	ERR605482-k20-n1-x5e9	ERR605483-k20-n1-x5e9	ERR605484-k20-n1-x5e9	ERR608745-k20-n1-x5e9	ERR608746-k20-n1-x5e9	ERR608747-k20-n1-x5e9	ERR608748-k20-n1-x5e9	ERR608749-k20-n1-x5e9	ERR608750-k20-n1-x5e9	ERR608439-k20-n1-x5e9	ERR608440-k20-n1-x5e9	ERR608441-k20-n1-x5e9	ERR608442-k20-n1-x5e9	ERR608443-k20-n1-x5e9	ERR608444-k20-n1-x5e9	ERR608275-k20-n1-x5e9	ERR608276-k20-n1-x5e9	ERR608277-k20-n1-x5e9	ERR608278-k20-n1-x5e9	ERR608279-k20-n1-x5e9	ERR608280-k20-n1-x5e9	ERR606666-k20-n1-x5e9	ERR606667-k20-n1-x5e9	ERR606668-k20-n1-x5e9	ERR606669-k20-n1-x5e9	ERR606670-k20-n1-x5e9	ERR606671-k20-n1-x5e9	ERR608305-k20-n1-x5e9	ERR608306-k20-n1-x5e9	ERR608307-k20-n1-x5e9	ERR608308-k20-n1-x5e9	ERR608309-k20-n1-x5e9	ERR608310-k20-n1-x5e9	ERR608341-k20-n1-x5e9	ERR608342-k20-n1-x5e9	ERR608343-k20-n1-x5e9	ERR608344-k20-n1-x5e9	ERR608345-k20-n1-x5e9	ERR608346-k20-n1-x5e9	ERR607899-k20-n1-x5e9	ERR607900-k20-n1-x5e9	ERR607901-k20-n1-x5e9	ERR607902-k20-n1-x5e9	ERR607903-k20-n1-x5e9	ERR607904-k20-n1-x5e9
ERR609881-k20-n1-x5e9	0	0.267765	0.280046	0.459793	0.439856	0.436431	0.417724	0.476367	0.501303	0.526379	0.530033	0.524241	0.490803	0.449311	0.452708	0.488822	0.488833	0.490082	0.395519	0.452705	0.470853	0.500884	0.500741	0.507127	0.422524	0.430241	0.43329	0.427136	0.425472	0.423482	0.396325	0.402843	0.396372	0.454329	0.451916	0.45304	0.424347	0.437066	0.419457	0.568083	0.565774	0.563707	0.322952	0.316953	0.477112	0.477829	0.479785	0.483486	0.556015	0.547899	0.539408	0.546301	0.549528	0.547107	0.495739	0.455415	0.447552	0.45049	0.451106	0.457162	0.445998	0.46138	0.474856	0.477953	0.481445	0.463001	0.369399	0.409535	0.433801	0.434473	0.439646	0.410871	0.537415	0.523119	0.517499	0.505762	0.530915	0.52713	0.491917	0.478187	0.479809	0.480798	0.479745	0.478762	0.486009	0.513237	0.529445	0.524198	0.52308	0.514322	0.548008	0.564595	0.565336	0.527808	0.532825	0.533972
ERR609882-k20-n1-x5e9	0.267765	0	0.269642	0.437498	0.417611	0.414047	0.402127	0.459108	0.484184	0.508233	0.511941	0.50604	0.471256	0.430136	0.433557	0.469166	0.469321	0.47063	0.37989	0.434404	0.452197	0.481753	0.481652	0.488032	0.431724	0.440865	0.423379	0.417	0.415047	0.412859	0.381293	0.387492	0.381789	0.436462	0.434119	0.435194	0.408999	0.421308	0.404863	0.54975	0.54741	0.545239	0.316029	0.312383	0.456999	0.457782	0.459577	0.463301	0.539073	0.53102	0.522841	0.529543	0.532857	0.530468	0.498562	0.455987	0.445902	0.450164	0.450846	0.457896	0.437524	0.449084	0.460892	0.464204	0.467157	0.450506	0.357488	0.393021	0.416148	0.417001	0.421839	0.394419	0.533363	0.507248	0.501844	0.49119	0.514693	0.511342	0.490189	0.473654	0.473524	0.474977	0.473914	0.473751	0.475345	0.499575	0.514774	0.510025	0.508951	0.500508	0.531052	0.547626	0.548178	0.511335	0.516434	0.517536
ERR609883-k20-n1-x5e9	0.280046	0.269642	0	0.404015	0.382865	0.379093	0.386985	0.440856	0.464763	0.484371	0.487876	0.482306	0.442009	0.401596	0.405606	0.440226	0.440167	0.44181	0.355997	0.408581	0.425969	0.453478	0.45327	0.459317	0.45861	0.469457	0.42153	0.414526	0.411258	0.408516	0.36349	0.369045	0.365594	0.412208	0.410096	0.411283	0.393325	0.404276	0.391578	0.522992	0.520951	0.518884	0.316225	0.316358	0.427205	0.427671	0.428842	0.432047	0.512972	0.504771	0.496278	0.503472	0.506585	0.504256	0.50331	0.461997	0.44999	0.455935	0.456614	0.463869	0.4272	0.434705	0.443872	0.447717	0.449745	0.435776	0.343485	0.373583	0.39396	0.395377	0.399401	0.374375	0.517925	0.481455	0.476425	0.466238	0.48736	0.484056	0.491022	0.473603	0.471336	0.474022	0.472942	0.472741	0.461773	0.482914	0.496276	0.493056	0.492018	0.48384	0.505531	0.522839	0.522491	0.487063	0.492834	0.493828
ERR609884-k20-n1-x5e9	0.459793	0.437498	0.404015	0	0.24873	0.24988	0.380245	0.362583	0.362084	0.349909	0.35022	0.349801	0.318784	0.327876	0.327968	0.318561	0.318849	0.319103	0.377002	0.33754	0.334012	0.327736	0.32715	0.327413	0.59772	0.6161	0.429546	0.42983	0.425719	0.423091	0.376198	0.371748	0.37854	0.342843	0.343853	0.343629	0.365789	0.360069	0.374161	0.35487	0.354043	0.352565	0.432859	0.451743	0.299119	0.299941	0.29868	0.29937	0.419903	0.421574	0.426385	0.4229	0.422702	0.42347	0.617553	0.574497	0.553721	0.562855	0.564066	0.576508	0.494475	0.456415	0.440253	0.440913	0.437423	0.455466	0.413676	0.368639	0.352418	0.355021	0.351183	0.367937	0.593317	0.42629	0.431075	0.45002	0.426157	0.429534	0.569205	0.530672	0.513973	0.519221	0.519345	0.526857	0.486089	0.455455	0.445865	0.450751	0.451761	0.455309	0.408325	0.411618	0.409847	0.415017	0.416287	0.415376
ERR609885-k20-n1-x5e9	0.439856	0.417611	0.382865	0.24873	0	0.244012	0.37505	0.369009	0.37353	0.364832	0.365659	0.364147	0.3247	0.323905	0.325461	0.324553	0.324549	0.325259	0.362414	0.335453	0.335748	0.33528	0.334843	0.335948	0.587326	0.604963	0.430014	0.428501	0.423888	0.420996	0.366042	0.362493	0.369492	0.342002	0.342467	0.342726	0.364292	0.361203	0.372697	0.375492	0.374507	0.372746	0.417157	0.434919	0.305298	0.305555	0.304366	0.304988	0.421366	0.420819	0.422693	0.421514	0.421977	0.421966	0.602074	0.559797	0.539511	0.548913	0.549908	0.561742	0.479775	0.446039	0.432297	0.433618	0.430523	0.444873	0.397947	0.359869	0.347685	0.350928	0.347654	0.359139	0.575145	0.420501	0.423877	0.438745	0.420447	0.422867	0.558652	0.522615	0.507703	0.512922	0.512759	0.518896	0.476291	0.451696	0.44507	0.449572	0.450227	0.451489	0.411448	0.41896	0.416443	0.413439	0.416288	0.415862
ERR609886-k20-n1-x5e9	0.436431	0.414047	0.379093	0.24988	0.244012	0	0.373863	0.369743	0.374846	0.366447	0.367411	0.365796	0.324713	0.322438	0.324042	0.32444	0.324398	0.325303	0.359271	0.334009	0.334942	0.335452	0.334856	0.336342	0.586319	0.60361	0.431004	0.429298	0.424728	0.421765	0.364361	0.360893	0.367905	0.341628	0.342334	0.342359	0.364091	0.361169	0.37225	0.378085	0.377123	0.375325	0.414268	0.431606	0.305553	0.305963	0.304597	0.305131	0.42082	0.419839	0.421098	0.420682	0.421189	0.4211	0.599239	0.557124	0.536955	0.546285	0.547228	0.558951	0.476832	0.443868	0.430448	0.431888	0.428953	0.442776	0.394835	0.357961	0.34642	0.349667	0.346395	0.357005	0.571281	0.418472	0.4216	0.435936	0.418616	0.420926	0.556969	0.521488	0.506711	0.511974	0.511684	0.517538	0.474206	0.450733	0.444575	0.448891	0.449452	0.450609	0.411219	0.4192	0.416713	0.412334	0.415469	0.414992
ERR608093-k20-n1-x5e9	0.417724	0.402127	0.386985	0.380245	0.37505	0.373863	0	0.267173	0.289539	0.317102	0.321323	0.314505	0.349454	0.324851	0.325269	0.34591	0.346151	0.34618	0.322975	0.317215	0.32701	0.348838	0.349124	0.355083	0.517582	0.536371	0.395901	0.395385	0.3943	0.393976	0.327942	0.326674	0.326014	0.334855	0.334167	0.334012	0.310513	0.31368	0.311152	0.410656	0.407877	0.405838	0.365681	0.381706	0.363455	0.363613	0.36651	0.371128	0.497284	0.494003	0.49347	0.49357	0.495342	0.494316	0.571028	0.520237	0.501308	0.507936	0.509514	0.522832	0.461095	0.433672	0.428326	0.427793	0.42827	0.433898	0.364608	0.34137	0.342559	0.341956	0.343969	0.341001	0.604108	0.487243	0.486598	0.493393	0.49373	0.493499	0.53672	0.498499	0.486187	0.488237	0.488791	0.495823	0.467535	0.453596	0.456062	0.454201	0.454308	0.454269	0.459249	0.467428	0.471219	0.447659	0.449134	0.449204
ERR608094-k20-n1-x5e9	0.476367	0.459108	0.440856	0.362583	0.369009	0.369743	0.267173	0	0.241606	0.262214	0.264985	0.260093	0.327256	0.326143	0.322989	0.323805	0.324476	0.323225	0.359	0.313299	0.311672	0.319546	0.320278	0.324149	0.566776	0.587121	0.411558	0.416051	0.415077	0.415806	0.357586	0.353051	0.354046	0.332605	0.332673	0.331881	0.321213	0.315634	0.323762	0.358771	0.356208	0.354517	0.418697	0.438559	0.345852	0.347618	0.35074	0.355441	0.487659	0.488361	0.492426	0.488366	0.489335	0.48913	0.614306	0.563179	0.542694	0.549486	0.551278	0.566303	0.497689	0.456805	0.444005	0.441386	0.440701	0.457602	0.410078	0.363879	0.351758	0.350544	0.349784	0.363881	0.637755	0.490459	0.492482	0.507632	0.496448	0.497791	0.57145	0.526742	0.510506	0.51267	0.513783	0.524081	0.491577	0.459187	0.453024	0.452953	0.454247	0.460207	0.442519	0.443001	0.448806	0.439601	0.437493	0.436784
ERR608095-k20-n1-x5e9	0.501303	0.484184	0.464763	0.362084	0.37353	0.374846	0.289539	0.241606	0	0.249085	0.250694	0.247604	0.327658	0.336361	0.332416	0.324179	0.324956	0.323259	0.379762	0.322895	0.316499	0.317184	0.318218	0.320377	0.587989	0.608589	0.424238	0.429897	0.429211	0.429937	0.376505	0.370867	0.37285	0.341525	0.342018	0.341312	0.334873	0.326433	0.338344	0.341949	0.339428	0.338223	0.443314	0.463848	0.3468	0.349212	0.35203	0.356334	0.488085	0.490276	0.49623	0.490494	0.491111	0.491398	0.632971	0.58259	0.561782	0.568625	0.57066	0.585535	0.515757	0.471762	0.456563	0.45353	0.452179	0.472342	0.431814	0.380469	0.364325	0.362861	0.361235	0.380374	0.652135	0.495815	0.499061	0.517146	0.501225	0.503586	0.586636	0.540885	0.523492	0.525789	0.52695	0.538083	0.505506	0.467734	0.458232	0.45918	0.460752	0.468546	0.441625	0.438581	0.444982	0.443067	0.439663	0.438587
ERR608096-k20-n1-x5e9	0.526379	0.508233	0.484371	0.349909	0.364832	0.366447	0.317102	0.262214	0.249085	0	0.233321	0.233602	0.317596	0.337605	0.33395	0.315344	0.315697	0.314057	0.391609	0.329075	0.319401	0.308006	0.308431	0.307837	0.617538	0.637117	0.447622	0.451294	0.449302	0.449265	0.391789	0.385667	0.39048	0.347112	0.348478	0.347506	0.351779	0.341776	0.358631	0.317207	0.31552	0.314806	0.468083	0.487791	0.338555	0.338952	0.340308	0.342735	0.475642	0.478989	0.486736	0.480459	0.480273	0.481238	0.647586	0.600764	0.580033	0.587859	0.589708	0.603335	0.528604	0.484475	0.466952	0.464886	0.462375	0.484391	0.447988	0.394975	0.375147	0.374965	0.371595	0.394088	0.653577	0.490328	0.495075	0.514981	0.492084	0.495499	0.598201	0.554754	0.536445	0.539881	0.54093	0.551074	0.514292	0.474426	0.462041	0.465719	0.467216	0.475194	0.432182	0.427489	0.431628	0.439363	0.436794	0.435228
ERR608097-k20-n1-x5e9	0.530033	0.511941	0.487876	0.35022	0.365659	0.367411	0.321323	0.264985	0.250694	0.233321	0	0.233707	0.318089	0.339614	0.335987	0.316055	0.316487	0.314882	0.394791	0.331433	0.321086	0.308284	0.308716	0.307903	0.621158	0.640582	0.450215	0.454102	0.45222	0.451858	0.394689	0.388451	0.393529	0.348974	0.350352	0.349282	0.354747	0.344279	0.361652	0.314745	0.313409	0.312588	0.472004	0.491762	0.339565	0.339956	0.340992	0.343296	0.476198	0.479746	0.487696	0.481181	0.480934	0.482015	0.650783	0.60426	0.583601	0.591334	0.593205	0.606834	0.531968	0.487613	0.469743	0.467788	0.465026	0.487386	0.45168	0.398175	0.378109	0.378088	0.374443	0.39745	0.655803	0.491584	0.496538	0.516785	0.493165	0.4967	0.600952	0.557555	0.539235	0.542728	0.543751	0.553938	0.517364	0.477023	0.464225	0.46797	0.469461	0.477745	0.432803	0.427613	0.431697	0.440738	0.438017	0.436391
ERR608098-k20-n1-x5e9	0.524241	0.50604	0.482306	0.349801	0.364147	0.365796	0.314505	0.260093	0.247604	0.233602	0.233707	0	0.316598	0.335916	0.332272	0.314429	0.314921	0.313336	0.38947	0.327534	0.317989	0.307493	0.307896	0.30778	0.615867	0.635408	0.445954	0.450082	0.448233	0.447915	0.389598	0.383629	0.388298	0.345493	0.34677	0.345846	0.350203	0.340216	0.356877	0.318251	0.316765	0.315795	0.465878	0.485788	0.338296	0.339003	0.340284	0.342664	0.475815	0.478979	0.486408	0.480189	0.480118	0.481066	0.646001	0.599123	0.578352	0.58611	0.587908	0.601726	0.526992	0.482904	0.465485	0.463257	0.460728	0.482709	0.445942	0.393154	0.373587	0.373435	0.370036	0.392403	0.652401	0.489594	0.494301	0.514123	0.491783	0.495148	0.597057	0.553419	0.535274	0.538685	0.539687	0.549839	0.513075	0.473405	0.461267	0.464688	0.466341	0.474267	0.432032	0.427624	0.431888	0.438705	0.436127	0.434509
ERR607591-k20-n1-x5e9	0.490803	0.471256	0.442009	0.318784	0.3247	0.324713	0.349454	0.327256	0.327658	0.317596	0.318089	0.316598	0	0.251051	0.249419	0.237095	0.236662	0.236982	0.349725	0.30412	0.298492	0.29446	0.294878	0.295302	0.607497	0.626254	0.447388	0.45081	0.447526	0.445845	0.352646	0.347261	0.354659	0.313358	0.314899	0.313941	0.335463	0.328365	0.344634	0.325072	0.323637	0.32217	0.437297	0.456638	0.314678	0.318207	0.317498	0.318799	0.433418	0.434301	0.438207	0.435186	0.435263	0.435627	0.614495	0.569425	0.548412	0.557403	0.558666	0.571979	0.487917	0.447192	0.430565	0.430051	0.42688	0.446832	0.410242	0.363522	0.346787	0.348878	0.344909	0.363227	0.599817	0.439347	0.444256	0.462427	0.44094	0.443523	0.570786	0.530336	0.513703	0.518032	0.5182	0.52679	0.48086	0.447492	0.437191	0.441979	0.442941	0.448349	0.396465	0.400665	0.400725	0.400318	0.400201	0.399259
ERR607592-k20-n1-x5e9	0.449311	0.430136	0.401596	0.327876	0.323905	0.322438	0.324851	0.326143	0.336361	0.337605	0.339614	0.335916	0.251051	0	0.240529	0.251082	0.250414	0.251341	0.316752	0.294669	0.297316	0.306973	0.307319	0.310716	0.576743	0.594892	0.434237	0.435629	0.43207	0.430335	0.324131	0.320154	0.326718	0.304766	0.3052	0.304973	0.320199	0.318243	0.327803	0.360675	0.358747	0.356782	0.398433	0.416315	0.320623	0.323216	0.323205	0.325518	0.437646	0.435067	0.434487	0.434908	0.435887	0.435164	0.582722	0.537108	0.51635	0.525646	0.526601	0.539303	0.457074	0.422737	0.410597	0.410892	0.408835	0.422453	0.374186	0.338792	0.330024	0.332395	0.330187	0.338288	0.572518	0.431257	0.433752	0.445613	0.43482	0.435668	0.546547	0.50901	0.494527	0.498722	0.49845	0.505475	0.458696	0.435455	0.431168	0.434304	0.434536	0.436296	0.403795	0.414547	0.414196	0.398274	0.400723	0.400388
ERR607593-k20-n1-x5e9	0.452708	0.433557	0.405606	0.327968	0.325461	0.324042	0.325269	0.322989	0.332416	0.33395	0.335987	0.332272	0.249419	0.240529	0	0.249371	0.24906	0.249629	0.320702	0.294536	0.295871	0.305363	0.305653	0.308761	0.577419	0.596007	0.43277	0.43532	0.431948	0.43044	0.326357	0.322217	0.328673	0.304603	0.305165	0.304749	0.319848	0.317057	0.327396	0.357213	0.355161	0.353339	0.400891	0.419131	0.320106	0.323799	0.3241	0.326488	0.438174	0.436021	0.436112	0.435906	0.437051	0.436398	0.58575	0.539226	0.518542	0.527259	0.528438	0.541853	0.46018	0.424363	0.411599	0.411554	0.409389	0.424255	0.377867	0.340076	0.330216	0.332205	0.329822	0.339822	0.576622	0.433494	0.436188	0.448624	0.437192	0.438181	0.548769	0.509878	0.494719	0.498963	0.498801	0.506685	0.460542	0.435133	0.430241	0.433367	0.433791	0.436367	0.402723	0.412351	0.412695	0.397787	0.399367	0.398913
ERR607594-k20-n1-x5e9	0.488822	0.469166	0.440226	0.318561	0.324553	0.32444	0.34591	0.323805	0.324179	0.315344	0.316055	0.314429	0.237095	0.251082	0.249371	0	0.235497	0.23553	0.348617	0.302694	0.297542	0.293935	0.294428	0.295172	0.604764	0.623707	0.444256	0.447748	0.444432	0.443038	0.350776	0.345284	0.352515	0.311706	0.313416	0.312661	0.332342	0.325183	0.341255	0.324339	0.322863	0.321149	0.435071	0.45446	0.313897	0.317477	0.317104	0.318466	0.434327	0.43525	0.438996	0.43592	0.435913	0.436409	0.61328	0.567957	0.54678	0.555761	0.557045	0.570354	0.486914	0.446066	0.429638	0.428812	0.42566	0.445627	0.408286	0.36168	0.345086	0.346652	0.342654	0.361049	0.600527	0.440231	0.444989	0.463195	0.44213	0.444873	0.569559	0.528667	0.511803	0.516053	0.516336	0.52495	0.479624	0.44617	0.43628	0.440658	0.441779	0.44701	0.396927	0.401004	0.401341	0.400533	0.400346	0.399343
ERR607595-k20-n1-x5e9	0.488833	0.469321	0.440167	0.318849	0.324549	0.324398	0.346151	0.324476	0.324956	0.315697	0.316487	0.314921	0.236662	0.250414	0.24906	0.235497	0	0.2352	0.347957	0.302636	0.297297	0.293883	0.294348	0.294861	0.605246	0.624115	0.445052	0.448467	0.445212	0.443583	0.350859	0.345397	0.352766	0.312163	0.313516	0.312811	0.332792	0.325753	0.341838	0.324805	0.323231	0.321815	0.434782	0.454175	0.313537	0.316972	0.316269	0.317708	0.433875	0.434672	0.438334	0.435309	0.435495	0.435814	0.612987	0.567662	0.546474	0.555448	0.556858	0.570138	0.486391	0.445789	0.429401	0.428447	0.425508	0.445203	0.407997	0.361359	0.344838	0.346698	0.342815	0.360937	0.599269	0.439464	0.444318	0.462256	0.441352	0.443936	0.569267	0.528644	0.512007	0.51617	0.516374	0.52504	0.479163	0.445959	0.436073	0.440492	0.441573	0.446767	0.396506	0.400761	0.400942	0.399914	0.399833	0.398782
ERR607596-k20-n1-x5e9	0.490082	0.47063	0.44181	0.319103	0.325259	0.325303	0.34618	0.323225	0.323259	0.314057	0.314882	0.313336	0.236982	0.251341	0.249629	0.23553	0.2352	0	0.349377	0.303068	0.297308	0.293427	0.293858	0.294619	0.605663	0.624592	0.444633	0.448362	0.445047	0.443575	0.351431	0.345904	0.353206	0.31208	0.313459	0.312691	0.332758	0.325402	0.341826	0.323358	0.321665	0.320315	0.436286	0.455617	0.313961	0.317336	0.316873	0.318468	0.434445	0.435439	0.43923	0.435993	0.436114	0.436402	0.61392	0.568648	0.547398	0.556374	0.557677	0.571119	0.487559	0.446369	0.429859	0.428978	0.425969	0.446041	0.409313	0.362169	0.345203	0.347072	0.34311	0.361714	0.601195	0.440535	0.445355	0.463624	0.442453	0.445082	0.570036	0.529101	0.512205	0.516468	0.51661	0.525568	0.479881	0.446157	0.436004	0.440433	0.441465	0.446983	0.396288	0.400212	0.400523	0.399994	0.399788	0.398795
ERR608555-k20-n1-x5e9	0.395519	0.37989	0.355997	0.377002	0.362414	0.359271	0.322975	0.359	0.379762	0.391609	0.394791	0.38947	0.349725	0.316752	0.320702	0.348617	0.347957	0.349377	0	0.277636	0.293336	0.319653	0.319413	0.326015	0.526104	0.542009	0.426198	0.424143	0.420602	0.418422	0.323593	0.324303	0.327523	0.341672	0.340813	0.341285	0.335708	0.341358	0.339745	0.433658	0.431308	0.429167	0.355199	0.366939	0.364882	0.366993	0.367621	0.369868	0.489061	0.482881	0.476523	0.48156	0.483773	0.481859	0.54597	0.50322	0.48647	0.494528	0.495266	0.505485	0.436915	0.423508	0.422693	0.423901	0.424205	0.423032	0.335806	0.333072	0.340699	0.342862	0.343971	0.332522	0.554094	0.469384	0.468275	0.468691	0.473446	0.472407	0.521809	0.494787	0.486877	0.489799	0.489085	0.492417	0.45647	0.457299	0.463097	0.462907	0.461913	0.457967	0.449055	0.465276	0.464815	0.434658	0.438886	0.439633
ERR608556-k20-n1-x5e9	0.452705	0.434404	0.408581	0.33754	0.335453	0.334009	0.317215	0.313299	0.322895	0.329075	0.331433	0.327534	0.30412	0.294669	0.294536	0.302694	0.302636	0.303068	0.277636	0	0.241803	0.255459	0.255526	0.260289	0.568581	0.587556	0.421823	0.425066	0.421982	0.421189	0.335599	0.331974	0.336672	0.316131	0.316513	0.316201	0.322691	0.319401	0.329003	0.366357	0.36426	0.362189	0.399678	0.418329	0.325103	0.329116	0.329936	0.332752	0.46713	0.465061	0.464385	0.464305	0.465768	0.46467	0.592382	0.545505	0.525693	0.533787	0.534976	0.548545	0.470229	0.435758	0.424714	0.423869	0.422619	0.435783	0.376713	0.338056	0.329077	0.329816	0.328115	0.338116	0.593701	0.461189	0.463253	0.474628	0.46518	0.466102	0.555049	0.516693	0.502731	0.505776	0.506086	0.513783	0.472593	0.448952	0.445327	0.446662	0.447336	0.449955	0.416806	0.425148	0.426992	0.411152	0.411517	0.411398
ERR608557-k20-n1-x5e9	0.470853	0.452197	0.425969	0.334012	0.335748	0.334942	0.32701	0.311672	0.316499	0.319401	0.321086	0.317989	0.298492	0.297316	0.295871	0.297542	0.297297	0.297308	0.293336	0.241803	0	0.245876	0.246155	0.249654	0.583232	0.602632	0.428953	0.433499	0.430623	0.429821	0.346658	0.341826	0.347158	0.317896	0.318364	0.317972	0.328683	0.322799	0.335415	0.35184	0.349713	0.347959	0.41631	0.43571	0.32151	0.326675	0.327415	0.329982	0.465216	0.464285	0.465008	0.463682	0.464856	0.464013	0.605427	0.558876	0.538587	0.546625	0.54805	0.561775	0.482787	0.444818	0.431486	0.430086	0.428479	0.444875	0.392038	0.347613	0.334795	0.335325	0.332965	0.347608	0.603521	0.462851	0.465803	0.479648	0.466456	0.468093	0.566076	0.526084	0.511059	0.514125	0.514638	0.523158	0.481341	0.452647	0.446505	0.44866	0.449425	0.45394	0.412654	0.418625	0.420961	0.410089	0.409361	0.408932
ERR608558-k20-n1-x5e9	0.500884	0.481753	0.453478	0.327736	0.33528	0.335452	0.348838	0.319546	0.317184	0.308006	0.308284	0.307493	0.29446	0.306973	0.305363	0.293935	0.293883	0.293427	0.319653	0.255459	0.245876	0	0.235574	0.236008	0.608672	0.627942	0.443921	0.448014	0.44486	0.443871	0.367907	0.362316	0.368886	0.327389	0.328879	0.328081	0.344331	0.33586	0.352532	0.32856	0.326971	0.325559	0.445076	0.464706	0.318638	0.322247	0.32208	0.323555	0.461243	0.462291	0.46568	0.462437	0.462875	0.462915	0.626627	0.582033	0.561583	0.569856	0.571372	0.584521	0.503277	0.462604	0.446511	0.445012	0.442528	0.462118	0.417084	0.367767	0.350154	0.350909	0.347337	0.367146	0.619	0.466433	0.470943	0.48814	0.467913	0.470611	0.582456	0.542201	0.525914	0.529445	0.530144	0.538804	0.496238	0.462484	0.45271	0.456359	0.457397	0.46319	0.408517	0.411027	0.412342	0.412593	0.411381	0.410491
ERR608559-k20-n1-x5e9	0.500741	0.481652	0.45327	0.32715	0.334843	0.334856	0.349124	0.320278	0.318218	0.308431	0.308716	0.307896	0.294878	0.307319	0.305653	0.294428	0.294348	0.293858	0.319413	0.255526	0.246155	0.235574	0	0.236045	0.609015	0.62823	0.44453	0.448529	0.445408	0.44436	0.368222	0.3625	0.369247	0.327823	0.329331	0.328364	0.344989	0.336532	0.353414	0.328875	0.327429	0.326004	0.445092	0.464674	0.318312	0.321908	0.321478	0.323093	0.46075	0.461805	0.465099	0.461902	0.462278	0.462425	0.626413	0.581997	0.561656	0.569884	0.571461	0.584515	0.503206	0.462696	0.446706	0.445125	0.442645	0.462187	0.416795	0.367734	0.350054	0.351014	0.347271	0.367038	0.618258	0.465959	0.470491	0.487641	0.467335	0.470097	0.582451	0.542545	0.526257	0.529872	0.530351	0.538893	0.49629	0.462689	0.453078	0.456672	0.457832	0.463469	0.408445	0.410812	0.412212	0.412392	0.411072	0.410262
ERR608560-k20-n1-x5e9	0.507127	0.488032	0.459317	0.327413	0.335948	0.336342	0.355083	0.324149	0.320377	0.307837	0.307903	0.30778	0.295302	0.310716	0.308761	0.295172	0.294861	0.294619	0.326015	0.260289	0.249654	0.236008	0.236045	0	0.614157	0.633458	0.448332	0.452393	0.449086	0.447991	0.373456	0.367843	0.374772	0.331229	0.332856	0.332116	0.349462	0.340503	0.357874	0.325335	0.32414	0.322758	0.451222	0.470621	0.318983	0.322674	0.321988	0.323099	0.460735	0.46213	0.466167	0.462661	0.462808	0.46328	0.631537	0.587376	0.566993	0.575198	0.576831	0.58981	0.508263	0.467474	0.451001	0.449608	0.446773	0.466952	0.422931	0.373077	0.354659	0.355648	0.351715	0.372413	0.621546	0.467568	0.472427	0.49004	0.468366	0.471373	0.586413	0.546402	0.529965	0.533631	0.534127	0.542882	0.500356	0.465822	0.455457	0.459406	0.460659	0.466672	0.408602	0.41029	0.411368	0.414175	0.412784	0.411752
ERR605866-k20-n1-x5e9	0.422524	0.431724	0.45861	0.59772	0.587326	0.586319	0.517582	0.566776	0.587989	0.617538	0.621158	0.615867	0.607497	0.576743	0.577419	0.604764	0.605246	0.605663	0.526104	0.568581	0.583232	0.608672	0.609015	0.614157	0	0.286504	0.408633	0.406179	0.409165	0.41016	0.512849	0.519354	0.508186	0.568632	0.566367	0.566954	0.503157	0.515799	0.493321	0.652154	0.649771	0.648158	0.426012	0.418817	0.58766	0.588789	0.591593	0.596323	0.683229	0.680895	0.680034	0.680226	0.682132	0.680914	0.605643	0.569511	0.565729	0.563467	0.565864	0.572107	0.585113	0.59305	0.604816	0.605389	0.609578	0.594249	0.496182	0.529114	0.551376	0.549168	0.556182	0.529884	0.717325	0.672687	0.670247	0.668167	0.680848	0.679824	0.557863	0.545	0.55075	0.547518	0.547918	0.547235	0.609518	0.629347	0.644089	0.635814	0.635869	0.629539	0.667422	0.674365	0.676735	0.657119	0.658395	0.658855
ERR605867-k20-n1-x5e9	0.430241	0.440865	0.469457	0.6161	0.604963	0.60361	0.536371	0.587121	0.608589	0.637117	0.640582	0.635408	0.626254	0.594892	0.596007	0.623707	0.624115	0.624592	0.542009	0.587556	0.602632	0.627942	0.62823	0.633458	0.286504	0	0.434385	0.430482	0.433114	0.433595	0.530471	0.537382	0.526329	0.587746	0.585513	0.586114	0.524144	0.537053	0.514665	0.671864	0.669706	0.668011	0.440532	0.429923	0.606586	0.607187	0.609987	0.614244	0.696642	0.693744	0.692203	0.69315	0.695106	0.693811	0.605104	0.572987	0.571471	0.568892	0.571238	0.575686	0.593758	0.605553	0.61847	0.619313	0.623547	0.606637	0.510039	0.547001	0.569922	0.568054	0.574973	0.54787	0.719166	0.684853	0.681907	0.678234	0.692497	0.691235	0.562697	0.555072	0.562656	0.559376	0.55948	0.557638	0.620627	0.64359	0.659093	0.651063	0.650743	0.643917	0.683476	0.69112	0.693196	0.672233	0.674026	0.674564
ERR605868-k20-n1-x5e9	0.43329	0.423379	0.42153	0.429546	0.430014	0.431004	0.395901	0.411558	0.424238	0.447622	0.450215	0.445954	0.447388	0.434237	0.43277	0.444256	0.445052	0.444633	0.426198	0.421823	0.428953	0.443921	0.44453	0.448332	0.408633	0.434385	0	0.263684	0.264596	0.26646	0.406822	0.407914	0.401124	0.424663	0.423464	0.423429	0.359951	0.36373	0.35443	0.470346	0.468064	0.466607	0.392845	0.406351	0.42219	0.424531	0.427552	0.432797	0.564083	0.567097	0.572935	0.567317	0.567642	0.567878	0.619402	0.570388	0.556021	0.558581	0.561183	0.573668	0.537653	0.515701	0.513518	0.511767	0.513308	0.515892	0.429831	0.413713	0.418411	0.415116	0.419621	0.413647	0.682727	0.567666	0.569305	0.580533	0.574241	0.576234	0.5454	0.505447	0.495492	0.495845	0.497007	0.504674	0.536279	0.526052	0.530194	0.524736	0.526282	0.525814	0.536931	0.535983	0.538445	0.539467	0.538135	0.537436
ERR605869-k20-n1-x5e9	0.427136	0.417	0.414526	0.42983	0.428501	0.429298	0.395385	0.416051	0.429897	0.451294	0.454102	0.450082	0.45081	0.435629	0.43532	0.447748	0.448467	0.448362	0.424143	0.425066	0.433499	0.448014	0.448529	0.452393	0.406179	0.430482	0.263684	0	0.257119	0.257896	0.40622	0.408005	0.401468	0.427467	0.42624	0.426382	0.362611	0.367684	0.358006	0.475812	0.473788	0.472198	0.389133	0.401135	0.424619	0.422815	0.425429	0.430302	0.564165	0.566723	0.572287	0.567398	0.567484	0.567876	0.614247	0.566878	0.553224	0.555782	0.558364	0.569691	0.533893	0.514893	0.513704	0.512957	0.514209	0.514839	0.425487	0.413869	0.420277	0.417638	0.422071	0.413448	0.677158	0.566703	0.567739	0.576796	0.57148	0.573328	0.54108	0.50413	0.494784	0.495587	0.496461	0.502365	0.534353	0.527879	0.5329	0.527788	0.529051	0.527033	0.540184	0.540163	0.54181	0.541787	0.541776	0.541306
ERR605870-k20-n1-x5e9	0.425472	0.415047	0.411258	0.425719	0.423888	0.424728	0.3943	0.415077	0.429211	0.449302	0.45222	0.448233	0.447526	0.43207	0.431948	0.444432	0.445212	0.445047	0.420602	0.421982	0.430623	0.44486	0.445408	0.449086	0.409165	0.433114	0.264596	0.257119	0	0.256897	0.403542	0.405424	0.399143	0.42473	0.423573	0.423716	0.360955	0.366181	0.356707	0.473201	0.471176	0.469472	0.387575	0.399292	0.421016	0.41884	0.421473	0.426083	0.561062	0.56336	0.568902	0.564121	0.564422	0.5646	0.612908	0.565802	0.552091	0.554971	0.55742	0.568586	0.531512	0.512906	0.511727	0.510947	0.512291	0.512759	0.422374	0.411266	0.417272	0.414841	0.419265	0.410545	0.673219	0.563386	0.564438	0.573397	0.567852	0.569715	0.539717	0.503258	0.493842	0.494694	0.495575	0.50158	0.532144	0.525949	0.531042	0.525958	0.527384	0.525151	0.537263	0.537496	0.538896	0.539125	0.539392	0.538926
ERR605871-k20-n1-x5e9	0.423482	0.412859	0.408516	0.423091	0.420996	0.421765	0.393976	0.415806	0.429937	0.449265	0.451858	0.447915	0.445845	0.430335	0.43044	0.443038	0.443583	0.443575	0.418422	0.421189	0.429821	0.443871	0.44436	0.447991	0.41016	0.433595	0.26646	0.257896	0.256897	0	0.402585	0.404318	0.398492	0.423731	0.422795	0.422917	0.360813	0.365945	0.356893	0.472498	0.470375	0.468704	0.386552	0.397832	0.419126	0.416713	0.419109	0.423605	0.558793	0.560846	0.566213	0.561767	0.561881	0.56216	0.610807	0.56437	0.550748	0.554028	0.556258	0.567056	0.529203	0.511505	0.51045	0.50998	0.511185	0.511246	0.420135	0.410083	0.416298	0.414107	0.418333	0.40948	0.669588	0.560665	0.561688	0.570244	0.564779	0.566598	0.537901	0.501971	0.492779	0.494056	0.4948	0.500379	0.530495	0.525174	0.530237	0.525492	0.526721	0.52433	0.536046	0.536621	0.537693	0.538143	0.538584	0.538002
ERR607487-k20-n1-x5e9	0.396325	0.381293	0.36349	0.376198	0.366042	0.364361	0.327942	0.357586	0.376505	0.391789	0.394689	0.389598	0.352646	0.324131	0.326357	0.350776	0.350859	0.351431	0.323593	0.335599	0.346658	0.367907	0.368222	0.373456	0.512849	0.530471	0.406822	0.40622	0.403542	0.402585	0	0.254875	0.255934	0.276391	0.275173	0.275395	0.323644	0.329449	0.325558	0.426696	0.424426	0.422229	0.360478	0.373136	0.373547	0.375862	0.377105	0.380696	0.483242	0.479589	0.477227	0.478638	0.48066	0.479157	0.551967	0.503881	0.485912	0.492863	0.494195	0.506356	0.444879	0.425261	0.42304	0.42367	0.424442	0.425388	0.343746	0.332807	0.339043	0.34013	0.341767	0.33264	0.575716	0.471982	0.471943	0.476361	0.477673	0.477088	0.512156	0.477567	0.467034	0.470022	0.469731	0.475311	0.455681	0.450453	0.455265	0.453841	0.453689	0.450891	0.453661	0.465807	0.466388	0.442688	0.445648	0.445983
ERR607488-k20-n1-x5e9	0.402843	0.387492	0.369045	0.371748	0.362493	0.360893	0.326674	0.353051	0.370867	0.385667	0.388451	0.383629	0.347261	0.320154	0.322217	0.345284	0.345397	0.345904	0.324303	0.331974	0.341826	0.362316	0.3625	0.367843	0.519354	0.537382	0.407914	0.408005	0.405424	0.404318	0.254875	0	0.255457	0.270567	0.26951	0.269842	0.321987	0.326705	0.324176	0.419811	0.417545	0.415452	0.365169	0.378882	0.369024	0.371324	0.372766	0.376459	0.481057	0.477682	0.475679	0.476843	0.47857	0.477406	0.5572	0.509164	0.490697	0.49767	0.49906	0.511428	0.448736	0.426655	0.423372	0.423555	0.424048	0.426525	0.3473	0.332368	0.336861	0.337935	0.339319	0.332188	0.578879	0.470956	0.471195	0.476561	0.476504	0.476144	0.517166	0.481358	0.47033	0.473379	0.472937	0.479074	0.457911	0.450089	0.453857	0.452667	0.452525	0.450562	0.450379	0.461937	0.462715	0.440121	0.44289	0.443136
ERR607489-k20-n1-x5e9	0.396372	0.381789	0.365594	0.37854	0.369492	0.367905	0.326014	0.354046	0.37285	0.39048	0.393529	0.388298	0.354659	0.326718	0.328673	0.352515	0.352766	0.353206	0.327523	0.336672	0.347158	0.368886	0.369247	0.374772	0.508186	0.526329	0.401124	0.401468	0.399143	0.398492	0.255934	0.255457	0	0.276678	0.275267	0.275494	0.321305	0.326809	0.321896	0.426734	0.424348	0.422243	0.359727	0.372665	0.375259	0.377691	0.379423	0.383434	0.48684	0.483429	0.481641	0.482623	0.484527	0.483197	0.55457	0.505167	0.486876	0.493442	0.495028	0.507734	0.44809	0.42696	0.424476	0.424794	0.425759	0.427129	0.346519	0.333596	0.339368	0.340309	0.341959	0.333809	0.582382	0.476502	0.476286	0.481562	0.482524	0.482095	0.513531	0.477187	0.466297	0.469075	0.468929	0.475091	0.457964	0.451365	0.455946	0.454191	0.454005	0.451968	0.45599	0.467186	0.468413	0.444895	0.447626	0.447884
ERR607490-k20-n1-x5e9	0.454329	0.436462	0.412208	0.342843	0.342002	0.341628	0.334855	0.332605	0.341525	0.347112	0.348974	0.345493	0.313358	0.304766	0.304603	0.311706	0.312163	0.31208	0.341672	0.316131	0.317896	0.327389	0.327823	0.331229	0.568632	0.587746	0.424663	0.427467	0.42473	0.423731	0.276391	0.270567	0.276678	0	0.24789	0.247229	0.326115	0.323675	0.3319	0.371276	0.369134	0.367503	0.408754	0.426358	0.342083	0.345477	0.346366	0.349357	0.461443	0.460975	0.462552	0.460632	0.461685	0.461048	0.593606	0.545962	0.525658	0.533586	0.535075	0.548495	0.474472	0.440284	0.429105	0.428449	0.427083	0.440058	0.380352	0.342231	0.333899	0.334832	0.333353	0.342226	0.600105	0.462354	0.465007	0.477524	0.466255	0.467713	0.548426	0.508108	0.49326	0.496944	0.496976	0.505222	0.472692	0.448637	0.444331	0.445757	0.446358	0.449015	0.426375	0.433143	0.434096	0.42331	0.424122	0.42381
ERR607491-k20-n1-x5e9	0.451916	0.434119	0.410096	0.343853	0.342467	0.342334	0.334167	0.332673	0.342018	0.348478	0.350352	0.34677	0.314899	0.3052	0.305165	0.313416	0.313516	0.313459	0.340813	0.316513	0.318364	0.328879	0.329331	0.332856	0.566367	0.585513	0.423464	0.42624	0.423573	0.422795	0.275173	0.26951	0.275267	0.24789	0	0.247659	0.325793	0.323705	0.331353	0.373654	0.371651	0.369817	0.406956	0.424205	0.343244	0.346682	0.34764	0.350611	0.46242	0.461922	0.463288	0.461519	0.46265	0.462009	0.592479	0.544726	0.524496	0.532155	0.533802	0.547319	0.473624	0.43933	0.428523	0.427755	0.426462	0.439119	0.379106	0.341411	0.333596	0.334367	0.333252	0.341536	0.599955	0.462797	0.465469	0.477664	0.466937	0.468211	0.547409	0.507071	0.492312	0.495728	0.495847	0.504243	0.472152	0.448403	0.444549	0.445647	0.446278	0.448738	0.427613	0.434548	0.435685	0.424174	0.425003	0.424705
ERR607492-k20-n1-x5e9	0.45304	0.435194	0.411283	0.343629	0.342726	0.342359	0.334012	0.331881	0.341312	0.347506	0.349282	0.345846	0.313941	0.304973	0.304749	0.312661	0.312811	0.312691	0.341285	0.316201	0.317972	0.328081	0.328364	0.332116	0.566954	0.586114	0.423429	0.426382	0.423716	0.422917	0.275395	0.269842	0.275494	0.247229	0.247659	0	0.325406	0.323211	0.331042	0.372284	0.370269	0.368371	0.407667	0.425073	0.342697	0.345957	0.346903	0.350101	0.461927	0.461471	0.462938	0.461078	0.46216	0.461736	0.592711	0.545017	0.524817	0.532567	0.534028	0.547566	0.473865	0.439508	0.428561	0.427768	0.426604	0.439252	0.379584	0.341526	0.333403	0.334229	0.332953	0.341543	0.600369	0.462559	0.465213	0.47761	0.466729	0.467979	0.547667	0.507197	0.492593	0.496049	0.496017	0.504408	0.472167	0.44815	0.44414	0.445324	0.446104	0.448678	0.42675	0.433483	0.434667	0.423581	0.424313	0.424047
ERR607343-k20-n1-x5e9	0.424347	0.408999	0.393325	0.365789	0.364292	0.364091	0.310513	0.321213	0.334873	0.351779	0.354747	0.350203	0.335463	0.320199	0.319848	0.332342	0.332792	0.332758	0.335708	0.322691	0.328683	0.344331	0.344989	0.349462	0.503157	0.524144	0.359951	0.362611	0.360955	0.360813	0.323644	0.321987	0.321305	0.326115	0.325793	0.325406	0	0.254417	0.255073	0.35292	0.350323	0.348364	0.377341	0.393868	0.359501	0.362277	0.364452	0.368628	0.495869	0.496407	0.499259	0.496177	0.496844	0.496802	0.580244	0.529599	0.511011	0.516832	0.51902	0.532477	0.471573	0.442426	0.43626	0.435	0.435222	0.44237	0.369044	0.341752	0.340989	0.339538	0.341833	0.341233	0.618362	0.49321	0.495195	0.50626	0.498885	0.500121	0.522975	0.481653	0.468155	0.470384	0.471164	0.479307	0.472705	0.456218	0.457356	0.455214	0.455714	0.456535	0.451531	0.455501	0.457396	0.449902	0.449745	0.449215
ERR607344-k20-n1-x5e9	0.437066	0.421308	0.404276	0.360069	0.361203	0.361169	0.31368	0.315634	0.326433	0.341776	0.344279	0.340216	0.328365	0.318243	0.317057	0.325183	0.325753	0.325402	0.341358	0.319401	0.322799	0.33586	0.336532	0.340503	0.515799	0.537053	0.36373	0.367684	0.366181	0.365945	0.329449	0.326705	0.326809	0.323675	0.323705	0.323211	0.254417	0	0.256988	0.338251	0.335668	0.333721	0.38885	0.406478	0.354204	0.357361	0.359425	0.363595	0.492519	0.493861	0.4977	0.493737	0.494112	0.494341	0.589608	0.538959	0.519747	0.525728	0.52782	0.541778	0.478579	0.446286	0.438238	0.43644	0.436469	0.446086	0.37868	0.345412	0.341693	0.340052	0.341392	0.345265	0.624406	0.492387	0.494992	0.507627	0.497858	0.499509	0.531228	0.488354	0.473973	0.476191	0.477164	0.485969	0.47673	0.455941	0.455327	0.453216	0.454328	0.456336	0.446297	0.448746	0.450946	0.446732	0.445637	0.445127
ERR607345-k20-n1-x5e9	0.419457	0.404863	0.391578	0.374161	0.372697	0.37225	0.311152	0.323762	0.338344	0.358631	0.361652	0.356877	0.344634	0.327803	0.327396	0.341255	0.341838	0.341826	0.339745	0.329003	0.335415	0.352532	0.353414	0.357874	0.493321	0.514665	0.35443	0.358006	0.356707	0.356893	0.325558	0.324176	0.321896	0.3319	0.331353	0.331042	0.255073	0.256988	0	0.363133	0.360401	0.358514	0.372996	0.38968	0.367329	0.370318	0.372643	0.377236	0.502293	0.502733	0.505741	0.502562	0.503325	0.503105	0.578243	0.52646	0.50824	0.513549	0.51585	0.529454	0.47213	0.443655	0.4384	0.436897	0.437289	0.443556	0.369727	0.343983	0.344956	0.343201	0.345744	0.344049	0.621599	0.498901	0.500545	0.511337	0.505292	0.506358	0.520706	0.478859	0.465765	0.467429	0.468358	0.47665	0.474021	0.458625	0.460516	0.457678	0.458109	0.459024	0.457624	0.461546	0.463984	0.455302	0.454734	0.45438
ERR607346-k20-n1-x5e9	0.568083	0.54975	0.522992	0.35487	0.375492	0.378085	0.410656	0.358771	0.341949	0.317207	0.314745	0.318251	0.325072	0.360675	0.357213	0.324339	0.324805	0.323358	0.433658	0.366357	0.35184	0.32856	0.328875	0.325335	0.652154	0.671864	0.470346	0.475812	0.473201	0.472498	0.426696	0.419811	0.426734	0.371276	0.373654	0.372284	0.35292	0.338251	0.363133	0	0.23786	0.238205	0.516573	0.535789	0.359484	0.361559	0.360866	0.361393	0.482029	0.489941	0.501101	0.491641	0.489791	0.492072	0.680085	0.636701	0.616741	0.624357	0.626364	0.639207	0.562573	0.517262	0.497806	0.495151	0.491559	0.516394	0.485994	0.430627	0.407598	0.407324	0.402868	0.429671	0.677803	0.506546	0.514228	0.538561	0.505985	0.511196	0.618618	0.575828	0.556751	0.560732	0.561728	0.571804	0.543074	0.499225	0.483263	0.488071	0.490255	0.499181	0.436353	0.425424	0.425886	0.457486	0.453074	0.451164
ERR607347-k20-n1-x5e9	0.565774	0.54741	0.520951	0.354043	0.374507	0.377123	0.407877	0.356208	0.339428	0.31552	0.313409	0.316765	0.323637	0.358747	0.355161	0.322863	0.323231	0.321665	0.431308	0.36426	0.349713	0.326971	0.327429	0.32414	0.649771	0.669706	0.468064	0.473788	0.471176	0.470375	0.424426	0.417545	0.424348	0.369134	0.371651	0.370269	0.350323	0.335668	0.360401	0.23786	0	0.237725	0.513912	0.53333	0.357774	0.359932	0.359284	0.360215	0.481294	0.48907	0.500033	0.490743	0.48889	0.491167	0.678257	0.634628	0.614631	0.622217	0.624097	0.637029	0.560463	0.515063	0.495686	0.493193	0.48951	0.514314	0.483613	0.428114	0.405139	0.404828	0.40052	0.427182	0.676332	0.505263	0.512819	0.537034	0.504882	0.510002	0.616954	0.574042	0.554974	0.558949	0.559851	0.569981	0.541025	0.497316	0.481406	0.48605	0.488295	0.497343	0.435309	0.424644	0.425165	0.456002	0.451595	0.449658
ERR607348-k20-n1-x5e9	0.563707	0.545239	0.518884	0.352565	0.372746	0.375325	0.405838	0.354517	0.338223	0.314806	0.312588	0.315795	0.32217	0.356782	0.353339	0.321149	0.321815	0.320315	0.429167	0.362189	0.347959	0.325559	0.326004	0.322758	0.648158	0.668011	0.466607	0.472198	0.469472	0.468704	0.422229	0.415452	0.422243	0.367503	0.369817	0.368371	0.348364	0.333721	0.358514	0.238205	0.237725	0	0.512011	0.531476	0.356547	0.35882	0.358182	0.359016	0.480978	0.488613	0.499489	0.490221	0.488506	0.49071	0.676851	0.633208	0.613156	0.620714	0.622757	0.635695	0.558889	0.51357	0.494337	0.491798	0.488143	0.51281	0.481825	0.426387	0.403647	0.403242	0.398898	0.425392	0.675241	0.504609	0.512045	0.53618	0.504162	0.509345	0.615665	0.572785	0.553687	0.557657	0.558603	0.568673	0.539906	0.496386	0.480634	0.485238	0.487375	0.496353	0.434611	0.424191	0.424865	0.455016	0.450641	0.448773
ERR605775-k20-n1-x5e9	0.322952	0.316029	0.316225	0.432859	0.417157	0.414268	0.365681	0.418697	0.443314	0.468083	0.472004	0.465878	0.437297	0.398433	0.400891	0.435071	0.434782	0.436286	0.355199	0.399678	0.41631	0.445076	0.445092	0.451222	0.426012	0.440532	0.392845	0.389133	0.387575	0.386552	0.360478	0.365169	0.359727	0.408754	0.406956	0.407667	0.377341	0.38885	0.372996	0.516573	0.513912	0.512011	0	0.268481	0.395545	0.3973	0.400092	0.404239	0.523391	0.516632	0.510404	0.51546	0.518262	0.516087	0.51596	0.469589	0.457121	0.461059	0.462371	0.47205	0.442604	0.443399	0.451058	0.452875	0.455841	0.444305	0.348729	0.372663	0.391713	0.392404	0.396996	0.373325	0.551091	0.500125	0.496121	0.490429	0.508193	0.50551	0.497928	0.474128	0.470979	0.471623	0.471396	0.473434	0.470077	0.485307	0.49774	0.49324	0.492253	0.486104	0.510122	0.5246	0.526001	0.492401	0.496208	0.497146
