	ERR607811-k20-n1-x5e9	ERR607812-k20-n1-x5e9	ERR607813-k20-n1-x5e9	ERR607814-k20-n1-x5e9	ERR607815-k20-n1-x5e9	ERR607816-k20-n1-x5e9	ERR609259-k20-n1-x5e9	ERR609260-k20-n1-x5e9	ERR609261-k20-n1-x5e9	ERR609262-k20-n1-x5e9	ERR609263-k20-n1-x5e9	ERR609264-k20-n1-x5e9	ERR608695-k20-n1-x5e9	ERR608696-k20-n1-x5e9	ERR608697-k20-n1-x5e9	ERR608698-k20-n1-x5e9	ERR608699-k20-n1-x5e9	ERR608700-k20-n1-x5e9	ERR605964-k20-n1-x5e9	ERR605965-k20-n1-x5e9	ERR605966-k20-n1-x5e9	ERR605967-k20-n1-x5e9	ERR605968-k20-n1-x5e9	ERR605969-k20-n1-x5e9	ERR607206-k20-n1-x5e9	ERR607207-k20-n1-x5e9	ERR607208-k20-n1-x5e9	ERR607209-k20-n1-x5e9	ERR607210-k20-n1-x5e9	ERR607211-k20-n1-x5e9	ERR607579-k20-n1-x5e9	ERR607580-k20-n1-x5e9	ERR607581-k20-n1-x5e9	ERR607582-k20-n1-x5e9	ERR607583-k20-n1-x5e9	ERR607584-k20-n1-x5e9	ERR605799-k20-n1-x5e9	ERR605800-k20-n1-x5e9	ERR605801-k20-n1-x5e9	ERR605802-k20-n1-x5e9	ERR605803-k20-n1-x5e9	ERR605804-k20-n1-x5e9	ERR607627-k20-n1-x5e9	ERR607628-k20-n1-x5e9	ERR607629-k20-n1-x5e9	ERR607630-k20-n1-x5e9	ERR607631-k20-n1-x5e9	ERR607632-k20-n1-x5e9	ERR608689-k20-n1-x5e9	ERR608690-k20-n1-x5e9	ERR608691-k20-n1-x5e9	ERR608692-k20-n1-x5e9	ERR608693-k20-n1-x5e9	ERR608694-k20-n1-x5e9	ERR605611-k20-n1-x5e9	ERR605612-k20-n1-x5e9	ERR605613-k20-n1-x5e9	ERR605614-k20-n1-x5e9	ERR605615-k20-n1-x5e9	ERR605616-k20-n1-x5e9	ERR607415-k20-n1-x5e9	ERR607416-k20-n1-x5e9	ERR607417-k20-n1-x5e9	ERR607418-k20-n1-x5e9	ERR607419-k20-n1-x5e9	ERR607420-k20-n1-x5e9	ERR608463-k20-n1-x5e9	ERR608464-k20-n1-x5e9	ERR608465-k20-n1-x5e9	ERR608466-k20-n1-x5e9	ERR608467-k20-n1-x5e9	ERR608468-k20-n1-x5e9	ERR608901-k20-n1-x5e9	ERR608902-k20-n1-x5e9	ERR608903-k20-n1-x5e9	ERR608904-k20-n1-x5e9	ERR608905-k20-n1-x5e9	ERR608906-k20-n1-x5e9	ERR608603-k20-n1-x5e9	ERR608604-k20-n1-x5e9	ERR608605-k20-n1-x5e9	ERR608606-k20-n1-x5e9	ERR608607-k20-n1-x5e9	ERR608608-k20-n1-x5e9	ERR605994-k20-n1-x5e9	ERR605995-k20-n1-x5e9	ERR605996-k20-n1-x5e9	ERR605997-k20-n1-x5e9	ERR605998-k20-n1-x5e9	ERR605999-k20-n1-x5e9	ERR605689-k20-n1-x5e9	ERR605690-k20-n1-x5e9	ERR605691-k20-n1-x5e9	ERR605692-k20-n1-x5e9	ERR605693-k20-n1-x5e9	ERR605694-k20-n1-x5e9
ERR607811-k20-n1-x5e9	0	0.261561	0.262808	0.367193	0.363949	0.36244	0.436873	0.4364	0.433496	0.393535	0.442264	0.441971	0.366674	0.381802	0.394212	0.383321	0.382124	0.382169	0.395927	0.444067	0.447655	0.391599	0.392223	0.389468	0.368083	0.428029	0.346951	0.37472	0.370301	0.385199	0.385798	0.386539	0.380503	0.409835	0.408408	0.408811	0.364482	0.380432	0.374573	0.3794	0.381777	0.386082	0.411423	0.396547	0.396731	0.412849	0.413481	0.412879	0.549839	0.540642	0.542606	0.542883	0.543546	0.541171	0.529223	0.528162	0.52951	0.52411	0.542501	0.540195	0.343876	0.349048	0.343634	0.403764	0.40161	0.401548	0.340739	0.311596	0.309849	0.310697	0.311143	0.310963	0.4582	0.461409	0.461786	0.453004	0.452453	0.452753	0.425426	0.438314	0.438643	0.362787	0.365749	0.362073	0.514405	0.469717	0.469241	0.499299	0.496619	0.499321	0.50369	0.492206	0.486278	0.481316	0.470546	0.470572
ERR607812-k20-n1-x5e9	0.261561	0	0.264471	0.352537	0.349095	0.347637	0.426023	0.426039	0.424238	0.385028	0.431727	0.431631	0.369916	0.373419	0.384305	0.374799	0.373673	0.37408	0.393194	0.432878	0.436272	0.384739	0.385341	0.383033	0.368879	0.416614	0.352451	0.366903	0.363279	0.395223	0.382538	0.382833	0.377049	0.401257	0.399939	0.400501	0.374145	0.391578	0.366577	0.371993	0.374431	0.37854	0.401819	0.390435	0.390112	0.402796	0.403494	0.402859	0.55073	0.538427	0.539237	0.539235	0.539791	0.538942	0.524418	0.524606	0.526175	0.52108	0.539924	0.537664	0.33603	0.340006	0.334721	0.39126	0.389164	0.389151	0.350785	0.315037	0.309501	0.309334	0.309402	0.314385	0.455647	0.457098	0.457836	0.453547	0.453298	0.453115	0.413155	0.42567	0.426157	0.354789	0.357771	0.354304	0.521532	0.470371	0.469614	0.504541	0.502356	0.504988	0.496315	0.485983	0.480308	0.476711	0.470917	0.469885
ERR607813-k20-n1-x5e9	0.262808	0.264471	0	0.380261	0.376746	0.375149	0.450134	0.45006	0.447615	0.40597	0.455732	0.455527	0.366892	0.385641	0.397905	0.386716	0.385316	0.385603	0.407364	0.455782	0.459188	0.401774	0.402579	0.39942	0.37741	0.439537	0.346596	0.384097	0.37926	0.381244	0.395929	0.397169	0.390176	0.422301	0.420547	0.42113	0.360221	0.375879	0.38457	0.389719	0.392529	0.397131	0.424942	0.409988	0.409808	0.426255	0.426956	0.426401	0.55779	0.549057	0.551487	0.551648	0.552534	0.549745	0.540309	0.539216	0.540401	0.534339	0.554132	0.551471	0.354482	0.359583	0.353554	0.415902	0.413806	0.413693	0.339515	0.311684	0.312465	0.312911	0.31403	0.311942	0.466303	0.469394	0.470224	0.455771	0.455253	0.455795	0.436267	0.449084	0.449801	0.368716	0.372064	0.367891	0.512213	0.468035	0.468006	0.495418	0.492907	0.495624	0.508945	0.497142	0.491076	0.484541	0.473745	0.473841
ERR607814-k20-n1-x5e9	0.367193	0.352537	0.380261	0	0.243072	0.243814	0.333883	0.335783	0.34072	0.33537	0.339284	0.340164	0.46256	0.384836	0.380839	0.387986	0.387836	0.388889	0.396584	0.346249	0.346641	0.363386	0.36339	0.365088	0.41203	0.33336	0.456171	0.350009	0.355557	0.521821	0.385827	0.380524	0.383451	0.349077	0.349593	0.350262	0.500988	0.521213	0.344618	0.347997	0.346949	0.347541	0.333654	0.356075	0.355668	0.330638	0.33079	0.32951	0.55753	0.525487	0.516284	0.514694	0.512814	0.524514	0.480598	0.48942	0.493166	0.494753	0.505427	0.504991	0.326188	0.321508	0.323899	0.303997	0.303713	0.303969	0.472864	0.418112	0.392691	0.390017	0.383091	0.415484	0.461005	0.450548	0.452236	0.50519	0.504154	0.501745	0.331363	0.334201	0.333456	0.361723	0.357945	0.362442	0.617042	0.541465	0.53907	0.599126	0.598947	0.601431	0.472455	0.475036	0.476718	0.491525	0.518758	0.511162
ERR607815-k20-n1-x5e9	0.363949	0.349095	0.376746	0.243072	0	0.243554	0.334338	0.336391	0.341423	0.334788	0.340079	0.340976	0.459535	0.382324	0.378474	0.385583	0.385328	0.386456	0.39547	0.346681	0.347274	0.362286	0.362298	0.363571	0.410143	0.333378	0.452986	0.348501	0.353885	0.518652	0.384827	0.3793	0.38211	0.348679	0.349292	0.349938	0.497596	0.518052	0.343006	0.346837	0.345873	0.346415	0.333891	0.355725	0.355388	0.330652	0.331	0.329607	0.557016	0.525132	0.516056	0.514487	0.51275	0.524237	0.480977	0.489614	0.493355	0.494618	0.505796	0.505177	0.324347	0.32008	0.322244	0.304186	0.303902	0.303928	0.469531	0.414714	0.389469	0.386822	0.379981	0.41208	0.459751	0.449366	0.4513	0.503084	0.502109	0.499754	0.331053	0.334187	0.33376	0.359276	0.355739	0.360228	0.614424	0.538602	0.53599	0.596163	0.596021	0.598569	0.471259	0.473493	0.475121	0.489557	0.516592	0.508944
ERR607816-k20-n1-x5e9	0.36244	0.347637	0.375149	0.243814	0.243554	0	0.334684	0.336688	0.341222	0.334479	0.340392	0.341351	0.458416	0.382155	0.378909	0.38559	0.385287	0.386415	0.394629	0.347776	0.348249	0.362187	0.362331	0.363445	0.408774	0.334182	0.451775	0.348143	0.353461	0.517187	0.383211	0.377837	0.380691	0.34789	0.348583	0.349111	0.496217	0.516558	0.34275	0.346645	0.345609	0.346498	0.332937	0.354204	0.353714	0.329932	0.330294	0.328962	0.55616	0.524698	0.515667	0.514018	0.512334	0.523751	0.480257	0.488786	0.492483	0.493684	0.504818	0.504262	0.323482	0.319301	0.321417	0.304334	0.304094	0.304436	0.468076	0.413383	0.388098	0.385619	0.378719	0.410922	0.458843	0.448599	0.450309	0.502117	0.50092	0.498589	0.331541	0.334856	0.334285	0.358583	0.355145	0.359574	0.613329	0.538034	0.535589	0.595337	0.595271	0.597777	0.471757	0.473736	0.4752	0.489559	0.516026	0.508499
ERR609259-k20-n1-x5e9	0.436873	0.426023	0.450134	0.333883	0.334338	0.334684	0	0.23755	0.24135	0.257911	0.242645	0.242878	0.493763	0.426454	0.424973	0.431566	0.43054	0.431923	0.372472	0.325741	0.326158	0.350457	0.349769	0.35253	0.390275	0.307413	0.457035	0.336286	0.343083	0.526066	0.367855	0.361638	0.368527	0.325741	0.326601	0.326589	0.506309	0.525612	0.328459	0.330419	0.326349	0.324175	0.313859	0.336099	0.336636	0.312111	0.311777	0.311804	0.520864	0.487544	0.476938	0.476565	0.473707	0.486408	0.420658	0.430255	0.434114	0.439544	0.443463	0.443512	0.34283	0.33871	0.343544	0.316226	0.31719	0.316522	0.49052	0.442163	0.418228	0.416943	0.409456	0.439553	0.450694	0.441976	0.441094	0.508592	0.508406	0.505093	0.337444	0.339572	0.335334	0.385292	0.380267	0.385519	0.627761	0.562787	0.560522	0.618169	0.617518	0.620009	0.480133	0.48336	0.485066	0.504675	0.527619	0.519939
ERR609260-k20-n1-x5e9	0.4364	0.426039	0.45006	0.335783	0.336391	0.336688	0.23755	0	0.238982	0.256784	0.241918	0.241813	0.493494	0.429392	0.428909	0.434567	0.433522	0.434995	0.369063	0.326924	0.32748	0.3499	0.348491	0.351416	0.38637	0.308719	0.455132	0.335642	0.34221	0.523793	0.364723	0.359111	0.365947	0.324673	0.325635	0.325559	0.504575	0.523681	0.328166	0.329458	0.325287	0.322919	0.312646	0.333275	0.334377	0.311161	0.310689	0.310853	0.518193	0.485951	0.475753	0.475657	0.472655	0.48483	0.418117	0.426979	0.431009	0.436759	0.439422	0.439562	0.342147	0.338259	0.343333	0.317754	0.318695	0.318028	0.488353	0.441271	0.417944	0.416978	0.409456	0.438476	0.449779	0.44172	0.440269	0.508268	0.508086	0.504946	0.339885	0.342635	0.337992	0.387069	0.381964	0.38709	0.627088	0.564601	0.562364	0.618774	0.617951	0.620411	0.48278	0.485456	0.486971	0.5067	0.527365	0.519844
ERR609261-k20-n1-x5e9	0.433496	0.424238	0.447615	0.34072	0.341423	0.341222	0.24135	0.238982	0	0.255971	0.244216	0.243744	0.490668	0.434977	0.4363	0.440589	0.439368	0.440633	0.360568	0.332294	0.333493	0.349388	0.347902	0.350783	0.377336	0.316019	0.450961	0.337772	0.343466	0.518544	0.356937	0.351739	0.359089	0.321634	0.322389	0.322267	0.499215	0.517678	0.328099	0.329163	0.324231	0.321424	0.309066	0.325061	0.326642	0.308486	0.308026	0.308194	0.510401	0.481009	0.47196	0.472288	0.469315	0.480056	0.4123	0.419697	0.423078	0.429115	0.429857	0.430314	0.341167	0.338002	0.343721	0.322385	0.323478	0.322397	0.482027	0.438084	0.416087	0.415697	0.408387	0.435131	0.445558	0.439232	0.436898	0.505277	0.505058	0.502084	0.345431	0.349789	0.344162	0.389407	0.384301	0.389442	0.622093	0.565089	0.563042	0.617228	0.616194	0.618854	0.488652	0.490168	0.490986	0.510558	0.526372	0.519542
ERR609262-k20-n1-x5e9	0.393535	0.385028	0.40597	0.33537	0.334788	0.334479	0.257911	0.256784	0.255971	0	0.263965	0.263758	0.464466	0.415253	0.41789	0.419529	0.418651	0.419816	0.344936	0.334949	0.337065	0.329573	0.328381	0.329511	0.350117	0.31195	0.40652	0.309581	0.313887	0.475252	0.330682	0.326517	0.330052	0.312724	0.312375	0.312473	0.454601	0.474227	0.302857	0.30602	0.303528	0.303017	0.310175	0.314838	0.315197	0.310347	0.310443	0.310543	0.495611	0.468882	0.462474	0.462792	0.460958	0.468596	0.413485	0.417339	0.420066	0.420898	0.431434	0.430037	0.319904	0.318182	0.320538	0.320405	0.320466	0.319689	0.444225	0.397293	0.376263	0.375544	0.36923	0.395232	0.42718	0.421414	0.420373	0.475947	0.475644	0.473064	0.342014	0.348847	0.346012	0.361091	0.357292	0.361001	0.592842	0.53224	0.530038	0.583345	0.582052	0.584611	0.476712	0.475075	0.474879	0.489295	0.503355	0.497005
ERR609263-k20-n1-x5e9	0.442264	0.431727	0.455732	0.339284	0.340079	0.340392	0.242645	0.241918	0.244216	0.263965	0	0.240097	0.496854	0.43226	0.431365	0.437266	0.436202	0.437646	0.374059	0.329921	0.330496	0.354661	0.353329	0.356579	0.392512	0.313418	0.461609	0.342005	0.348662	0.529732	0.371749	0.365959	0.373155	0.330435	0.331417	0.331518	0.510489	0.529426	0.334105	0.335328	0.330976	0.32837	0.317696	0.339021	0.34032	0.315845	0.315423	0.315438	0.522244	0.489762	0.479577	0.479243	0.476314	0.488688	0.421945	0.431195	0.435287	0.441252	0.443228	0.443555	0.347712	0.343735	0.34911	0.321703	0.322737	0.322035	0.493943	0.447255	0.423838	0.422835	0.415481	0.444377	0.454008	0.445965	0.44445	0.512906	0.512628	0.509367	0.343206	0.345793	0.340694	0.39165	0.386531	0.391786	0.630581	0.568031	0.565794	0.622341	0.621561	0.62406	0.484951	0.488007	0.489629	0.509604	0.530667	0.52307
ERR609264-k20-n1-x5e9	0.441971	0.431631	0.455527	0.340164	0.340976	0.341351	0.242878	0.241813	0.243744	0.263758	0.240097	0	0.497015	0.433531	0.432771	0.438668	0.437613	0.438934	0.373324	0.331209	0.331785	0.355145	0.353839	0.356847	0.391674	0.31468	0.461215	0.342522	0.349072	0.52925	0.370423	0.364761	0.371829	0.329659	0.330757	0.330597	0.509913	0.528682	0.33429	0.335412	0.330892	0.328345	0.316703	0.337582	0.338982	0.315052	0.314573	0.314907	0.521448	0.489444	0.479368	0.479113	0.476014	0.488308	0.421482	0.430525	0.43449	0.440496	0.442197	0.442559	0.347132	0.343498	0.348748	0.321853	0.322969	0.322267	0.493093	0.446789	0.423576	0.422615	0.415305	0.443848	0.453602	0.44574	0.444034	0.512532	0.512376	0.509257	0.3443	0.347063	0.342033	0.392339	0.387237	0.392409	0.63034	0.568743	0.56646	0.622664	0.621775	0.624179	0.486541	0.489297	0.490944	0.510772	0.531172	0.523547
ERR608695-k20-n1-x5e9	0.366674	0.369916	0.366892	0.46256	0.459535	0.458416	0.493763	0.493494	0.490668	0.464466	0.496854	0.497015	0	0.336634	0.353827	0.337911	0.336757	0.336385	0.458062	0.50117	0.504215	0.45611	0.456834	0.454753	0.432307	0.486807	0.413872	0.441694	0.437631	0.435047	0.489965	0.4899	0.486514	0.501614	0.501041	0.501336	0.424264	0.43582	0.440399	0.442461	0.444749	0.448022	0.495642	0.490274	0.491765	0.495934	0.495954	0.496118	0.609573	0.598867	0.598752	0.598713	0.598863	0.59812	0.591574	0.594739	0.597334	0.594438	0.607964	0.606905	0.415018	0.420029	0.41587	0.470031	0.468252	0.468252	0.390263	0.376721	0.378491	0.379486	0.380716	0.376511	0.513771	0.517224	0.517515	0.508553	0.508178	0.508439	0.476136	0.488364	0.487952	0.41485	0.418724	0.414229	0.524293	0.490842	0.491459	0.511912	0.509448	0.511506	0.51161	0.500024	0.493172	0.486826	0.472294	0.473455
ERR608696-k20-n1-x5e9	0.381802	0.373419	0.385641	0.384836	0.382324	0.382155	0.426454	0.429392	0.434977	0.415253	0.43226	0.433531	0.336634	0	0.266599	0.26608	0.266052	0.266267	0.452372	0.429484	0.430552	0.416835	0.418339	0.416845	0.445082	0.411603	0.440747	0.395213	0.396435	0.489014	0.48027	0.476561	0.47481	0.459318	0.459529	0.460189	0.471187	0.48951	0.395441	0.398582	0.401376	0.405031	0.448532	0.465903	0.465875	0.445976	0.445895	0.445116	0.60933	0.58156	0.574532	0.572727	0.571937	0.580489	0.564578	0.574504	0.57917	0.577373	0.594257	0.593358	0.377806	0.377781	0.373403	0.396175	0.394724	0.394964	0.447925	0.399417	0.382678	0.379916	0.377435	0.398515	0.497014	0.489938	0.494017	0.507414	0.50663	0.505105	0.396859	0.403461	0.405444	0.369127	0.370347	0.369762	0.571086	0.491227	0.489454	0.541117	0.540372	0.543109	0.453241	0.449881	0.448062	0.449642	0.47106	0.465748
ERR608697-k20-n1-x5e9	0.394212	0.384305	0.397905	0.380839	0.378474	0.378909	0.424973	0.428909	0.4363	0.41789	0.431365	0.432771	0.353827	0.266599	0	0.267323	0.267772	0.268379	0.461362	0.42606	0.42649	0.420794	0.422549	0.421342	0.456866	0.407881	0.453267	0.398462	0.400605	0.503633	0.487532	0.483488	0.481927	0.461922	0.462139	0.462869	0.485456	0.504387	0.399111	0.402629	0.40557	0.409351	0.451005	0.47218	0.471613	0.447767	0.447819	0.446738	0.615693	0.585232	0.577206	0.574899	0.574034	0.584268	0.567398	0.578422	0.583332	0.581756	0.599359	0.598453	0.384108	0.38253	0.378219	0.393308	0.392075	0.392338	0.463857	0.412085	0.393324	0.389855	0.386857	0.411343	0.502256	0.493151	0.49824	0.514253	0.513356	0.511747	0.391846	0.396349	0.399392	0.371583	0.372293	0.372194	0.583098	0.497884	0.495505	0.550996	0.55075	0.553252	0.450825	0.449304	0.448372	0.451439	0.47914	0.472896
ERR608698-k20-n1-x5e9	0.383321	0.374799	0.386716	0.387986	0.385583	0.38559	0.431566	0.434567	0.440589	0.419529	0.437266	0.438668	0.337911	0.26608	0.267323	0	0.264087	0.264792	0.456654	0.432807	0.433751	0.419105	0.420815	0.419147	0.449084	0.414782	0.441786	0.397336	0.398613	0.489444	0.483798	0.480235	0.478297	0.46341	0.463352	0.464224	0.471609	0.489919	0.398284	0.401041	0.40423	0.408242	0.453364	0.470625	0.470358	0.450597	0.450474	0.449718	0.612192	0.58405	0.577064	0.575163	0.574543	0.582936	0.568557	0.57845	0.583227	0.581122	0.598635	0.597722	0.381642	0.381335	0.376644	0.399765	0.39838	0.398737	0.449746	0.400556	0.383869	0.381161	0.378576	0.399817	0.499921	0.492471	0.496746	0.508753	0.507892	0.506456	0.399923	0.406178	0.408534	0.370107	0.371276	0.370579	0.571665	0.490237	0.488437	0.539676	0.538989	0.54158	0.454101	0.450451	0.448937	0.449464	0.471776	0.466347
ERR608699-k20-n1-x5e9	0.382124	0.373673	0.385316	0.387836	0.385328	0.385287	0.43054	0.433522	0.439368	0.418651	0.436202	0.437613	0.336757	0.266052	0.267772	0.264087	0	0.264811	0.455524	0.432514	0.433451	0.418632	0.420063	0.418732	0.447409	0.414385	0.440452	0.396885	0.39774	0.488103	0.48265	0.479243	0.477128	0.462524	0.462457	0.463193	0.470835	0.489038	0.398037	0.40079	0.40389	0.40767	0.452315	0.469393	0.469283	0.44958	0.4495	0.448734	0.611801	0.58394	0.577051	0.575213	0.574463	0.582929	0.56778	0.577759	0.582469	0.580504	0.597731	0.596768	0.380676	0.38019	0.375618	0.399399	0.397911	0.398127	0.448185	0.399587	0.382935	0.380223	0.377753	0.3989	0.499637	0.49223	0.496428	0.508371	0.507562	0.506163	0.400034	0.406487	0.408728	0.37017	0.371708	0.370694	0.571294	0.490293	0.48874	0.539702	0.5389	0.541655	0.455057	0.451353	0.449725	0.450307	0.471531	0.466506
ERR608700-k20-n1-x5e9	0.382169	0.37408	0.385603	0.388889	0.386456	0.386415	0.431923	0.434995	0.440633	0.419816	0.437646	0.438934	0.336385	0.266267	0.268379	0.264792	0.264811	0	0.455662	0.433277	0.434414	0.419038	0.420589	0.419041	0.447792	0.415465	0.440594	0.397771	0.39867	0.488056	0.483988	0.480402	0.478405	0.463852	0.463802	0.464626	0.470749	0.488742	0.398713	0.401379	0.40435	0.408356	0.453574	0.470618	0.470647	0.450948	0.45098	0.450124	0.612259	0.584732	0.577802	0.576009	0.575305	0.583459	0.568673	0.578489	0.583379	0.58138	0.598458	0.59763	0.380778	0.380868	0.376166	0.400326	0.398891	0.399238	0.448167	0.399677	0.38326	0.380618	0.378009	0.399016	0.499755	0.492632	0.496815	0.508503	0.507669	0.506244	0.401309	0.407688	0.4098	0.370755	0.372328	0.371438	0.570475	0.490084	0.488522	0.539118	0.538366	0.54109	0.454683	0.450903	0.449524	0.449895	0.470972	0.465852
ERR605964-k20-n1-x5e9	0.395927	0.393194	0.407364	0.396584	0.39547	0.394629	0.372472	0.369063	0.360568	0.344936	0.374059	0.373324	0.458062	0.452372	0.461362	0.456654	0.455524	0.455662	0	0.329394	0.334346	0.286095	0.285093	0.285316	0.319275	0.370476	0.379398	0.341447	0.340231	0.434048	0.357647	0.357788	0.359926	0.367278	0.366591	0.36648	0.424311	0.438872	0.342708	0.344388	0.342352	0.340779	0.370052	0.357985	0.359742	0.371261	0.371475	0.372182	0.468885	0.460101	0.461137	0.462858	0.462295	0.459869	0.426917	0.423754	0.424297	0.423871	0.428848	0.427693	0.356868	0.359047	0.362159	0.385535	0.384996	0.384528	0.424563	0.399853	0.391462	0.392178	0.388576	0.397758	0.440645	0.443832	0.438999	0.478538	0.478014	0.476673	0.402083	0.413171	0.408342	0.395265	0.394019	0.395113	0.553576	0.521907	0.52087	0.561168	0.558473	0.561233	0.504773	0.497992	0.493561	0.504797	0.494201	0.492404
ERR605965-k20-n1-x5e9	0.444067	0.432878	0.455782	0.346249	0.346681	0.347776	0.325741	0.326924	0.332294	0.334949	0.329921	0.331209	0.50117	0.429484	0.42606	0.432807	0.432514	0.433277	0.329394	0	0.249032	0.287593	0.287715	0.290404	0.401665	0.312482	0.456593	0.338922	0.345032	0.523793	0.400061	0.394615	0.399126	0.360149	0.360894	0.361007	0.511128	0.530307	0.342816	0.34434	0.343049	0.34164	0.356524	0.378943	0.378592	0.353055	0.353029	0.352385	0.523059	0.485874	0.474428	0.473114	0.470653	0.484568	0.435668	0.44547	0.449862	0.452972	0.461634	0.461213	0.363113	0.358951	0.361989	0.337714	0.33855	0.337901	0.505865	0.455897	0.43284	0.430041	0.423891	0.453953	0.464723	0.454124	0.455098	0.515734	0.514836	0.511992	0.346224	0.347156	0.344775	0.387331	0.383212	0.388182	0.621336	0.546704	0.544217	0.606466	0.606273	0.608896	0.468908	0.472851	0.475231	0.493635	0.52185	0.513665
ERR605966-k20-n1-x5e9	0.447655	0.436272	0.459188	0.346641	0.347274	0.348249	0.326158	0.32748	0.333493	0.337065	0.330496	0.331785	0.504215	0.430552	0.42649	0.433751	0.433451	0.434414	0.334346	0.249032	0	0.291304	0.291373	0.294064	0.406443	0.313107	0.461102	0.341812	0.348398	0.528357	0.403769	0.398225	0.402803	0.362426	0.362965	0.363327	0.515701	0.534915	0.345901	0.347569	0.346072	0.344697	0.35835	0.382181	0.381691	0.354695	0.354838	0.354053	0.526255	0.488436	0.47658	0.475034	0.472428	0.48703	0.437776	0.448083	0.452571	0.455826	0.464621	0.464164	0.365824	0.361428	0.364597	0.338317	0.338987	0.338312	0.509935	0.459678	0.436191	0.43339	0.427219	0.457716	0.467457	0.456477	0.457627	0.518849	0.517786	0.515063	0.346424	0.346658	0.344451	0.389717	0.385361	0.39028	0.624738	0.549443	0.546824	0.609518	0.609411	0.611958	0.469517	0.473984	0.476603	0.495185	0.524575	0.516353
ERR605967-k20-n1-x5e9	0.391599	0.384739	0.401774	0.363386	0.362286	0.362187	0.350457	0.3499	0.349388	0.329573	0.354661	0.355145	0.45611	0.416835	0.420794	0.419105	0.418632	0.419038	0.286095	0.287593	0.291304	0	0.257415	0.257848	0.346542	0.333314	0.386898	0.314676	0.315935	0.450326	0.367724	0.365353	0.366392	0.35794	0.357229	0.357638	0.439294	0.457513	0.322326	0.321758	0.321841	0.322057	0.361033	0.363769	0.363609	0.359939	0.360548	0.360262	0.489508	0.465917	0.461521	0.461595	0.460978	0.465157	0.432313	0.435079	0.438517	0.436556	0.449173	0.447428	0.342101	0.342059	0.342621	0.35552	0.355008	0.354713	0.443585	0.400554	0.384188	0.382696	0.378278	0.398853	0.439756	0.435585	0.434812	0.476947	0.475942	0.474027	0.367346	0.37518	0.372871	0.365824	0.36392	0.366085	0.567549	0.504009	0.502356	0.554254	0.552701	0.555606	0.468282	0.464705	0.463701	0.474561	0.483661	0.478492
ERR605968-k20-n1-x5e9	0.392223	0.385341	0.402579	0.36339	0.362298	0.362331	0.349769	0.348491	0.347902	0.328381	0.353329	0.353839	0.456834	0.418339	0.422549	0.420815	0.420063	0.420589	0.285093	0.287715	0.291373	0.257415	0	0.255106	0.344638	0.331554	0.386445	0.312649	0.313835	0.44991	0.366766	0.364565	0.365632	0.357903	0.357341	0.357748	0.439051	0.456725	0.320393	0.317659	0.317908	0.317748	0.361166	0.363259	0.363993	0.360248	0.360606	0.360523	0.489348	0.466351	0.462112	0.46253	0.46167	0.465447	0.431486	0.433894	0.437787	0.435867	0.446834	0.445141	0.341578	0.341949	0.342212	0.355645	0.354988	0.354779	0.442925	0.40116	0.384621	0.383411	0.379113	0.398752	0.440403	0.43638	0.435196	0.478291	0.477426	0.475381	0.368251	0.375903	0.373626	0.368092	0.366084	0.368247	0.568763	0.506946	0.505179	0.556355	0.553769	0.556638	0.468927	0.465114	0.464465	0.475806	0.482806	0.477771
ERR605969-k20-n1-x5e9	0.389468	0.383033	0.39942	0.365088	0.363571	0.363445	0.35253	0.351416	0.350783	0.329511	0.356579	0.356847	0.454753	0.416845	0.421342	0.419147	0.418732	0.419041	0.285316	0.290404	0.294064	0.257848	0.255106	0	0.343633	0.332995	0.382852	0.311933	0.312839	0.445807	0.366986	0.364973	0.36564	0.359732	0.359148	0.359471	0.435158	0.453126	0.320419	0.318463	0.318689	0.318857	0.363586	0.365177	0.365545	0.362647	0.363243	0.363074	0.489399	0.46656	0.462629	0.462932	0.462476	0.465773	0.433535	0.435699	0.43941	0.437136	0.449072	0.447317	0.341638	0.341897	0.341874	0.357174	0.356284	0.356179	0.440178	0.398231	0.381819	0.38081	0.37651	0.396085	0.440036	0.436151	0.435038	0.476385	0.475403	0.473403	0.369709	0.377664	0.375424	0.366583	0.365014	0.36684	0.565851	0.503544	0.502065	0.553081	0.550475	0.553213	0.468072	0.463942	0.463337	0.474015	0.480914	0.475852
ERR607206-k20-n1-x5e9	0.368083	0.368879	0.37741	0.41203	0.410143	0.408774	0.390275	0.38637	0.377336	0.350117	0.392512	0.391674	0.432307	0.445082	0.456866	0.449084	0.447409	0.447792	0.319275	0.401665	0.406443	0.346542	0.344638	0.343633	0	0.357323	0.306441	0.304637	0.299819	0.35978	0.35513	0.3573	0.356876	0.382995	0.382109	0.381919	0.379002	0.391542	0.343765	0.344607	0.343379	0.343346	0.386714	0.365469	0.367681	0.389187	0.389694	0.390137	0.485626	0.48457	0.488212	0.490437	0.490401	0.484879	0.445599	0.439183	0.439538	0.436899	0.443525	0.441978	0.358004	0.36224	0.363081	0.405157	0.403778	0.403488	0.382688	0.366623	0.363126	0.365971	0.363719	0.364659	0.439915	0.446793	0.442208	0.465223	0.464969	0.464031	0.422217	0.435128	0.431299	0.394404	0.394676	0.393366	0.529492	0.508408	0.507979	0.539382	0.535116	0.537942	0.508977	0.498627	0.49325	0.499739	0.478495	0.478745
ERR607207-k20-n1-x5e9	0.428029	0.416614	0.439537	0.33336	0.333378	0.334182	0.307413	0.308719	0.316019	0.31195	0.313418	0.31468	0.486807	0.411603	0.407881	0.414782	0.414385	0.415465	0.370476	0.312482	0.313107	0.333314	0.331554	0.332995	0.357323	0	0.412717	0.274002	0.281704	0.487583	0.389319	0.384139	0.387689	0.353371	0.353749	0.354009	0.494425	0.514225	0.32373	0.324506	0.323482	0.32241	0.347459	0.368376	0.368322	0.344439	0.344512	0.343904	0.532533	0.498293	0.487854	0.486776	0.48447	0.49713	0.435232	0.444186	0.449097	0.450718	0.461992	0.461312	0.349506	0.345638	0.347394	0.326859	0.326715	0.326883	0.490776	0.438608	0.414181	0.412133	0.405743	0.436531	0.458687	0.447797	0.449342	0.507951	0.5069	0.504081	0.338394	0.339902	0.338623	0.376104	0.371905	0.37626	0.615852	0.539674	0.537342	0.598807	0.597782	0.600374	0.458044	0.461284	0.464138	0.481631	0.510664	0.502061
ERR607208-k20-n1-x5e9	0.346951	0.352451	0.346596	0.456171	0.452986	0.451775	0.457035	0.455132	0.450961	0.40652	0.461609	0.461215	0.413872	0.440747	0.453267	0.441786	0.440452	0.440594	0.379398	0.456593	0.461102	0.386898	0.386445	0.382852	0.306441	0.412717	0	0.34051	0.332685	0.294297	0.398925	0.402381	0.395164	0.438773	0.436957	0.437125	0.323889	0.335081	0.382034	0.384837	0.387984	0.391139	0.449852	0.427655	0.427784	0.452184	0.453017	0.452921	0.519817	0.520008	0.525987	0.527569	0.529125	0.521303	0.503009	0.496809	0.497622	0.48952	0.509795	0.506413	0.392133	0.39807	0.392521	0.454666	0.452579	0.452334	0.352421	0.340265	0.346878	0.348834	0.350923	0.34124	0.463193	0.469449	0.46874	0.45316	0.452631	0.45349	0.465739	0.478758	0.478423	0.401273	0.404513	0.399875	0.491775	0.464037	0.464278	0.484107	0.479849	0.482598	0.512046	0.498141	0.491094	0.48536	0.463296	0.465005
ERR607209-k20-n1-x5e9	0.37472	0.366903	0.384097	0.350009	0.348501	0.348143	0.336286	0.335642	0.337772	0.309581	0.342005	0.342522	0.441694	0.395213	0.398462	0.397336	0.396885	0.397771	0.341447	0.338922	0.341812	0.314676	0.312649	0.311933	0.304637	0.274002	0.34051	0	0.248047	0.413276	0.362157	0.359432	0.358994	0.354326	0.353573	0.354003	0.425582	0.444935	0.304699	0.305625	0.306287	0.307508	0.355852	0.358703	0.359161	0.354851	0.355713	0.355112	0.510149	0.486259	0.481529	0.481539	0.480718	0.485608	0.438819	0.44172	0.445481	0.442594	0.458746	0.456901	0.329437	0.32907	0.327541	0.345342	0.344062	0.344082	0.430349	0.383156	0.363928	0.36307	0.358476	0.381163	0.437822	0.432374	0.432938	0.471771	0.470632	0.468882	0.358543	0.366579	0.365556	0.353703	0.351951	0.353276	0.567131	0.498659	0.497084	0.550341	0.548153	0.550906	0.457108	0.453259	0.452548	0.462426	0.475488	0.469541
ERR607210-k20-n1-x5e9	0.370301	0.363279	0.37926	0.355557	0.353885	0.353461	0.343083	0.34221	0.343466	0.313887	0.348662	0.349072	0.437631	0.396435	0.400605	0.398613	0.39774	0.39867	0.340231	0.345032	0.348398	0.315935	0.313835	0.312839	0.299819	0.281704	0.332685	0.248047	0	0.404485	0.361899	0.359608	0.358988	0.357718	0.357139	0.357434	0.418032	0.437149	0.30641	0.307179	0.308286	0.309336	0.360181	0.360696	0.361031	0.35941	0.36016	0.359773	0.508712	0.486737	0.48282	0.482982	0.482265	0.486155	0.441271	0.44326	0.446974	0.443609	0.460109	0.458069	0.33105	0.331145	0.329268	0.351385	0.349996	0.350082	0.424356	0.378637	0.360673	0.359823	0.355544	0.376686	0.437743	0.433116	0.433659	0.469165	0.468073	0.466207	0.364457	0.373006	0.372048	0.354452	0.352932	0.353986	0.56184	0.495498	0.494162	0.545612	0.543293	0.546064	0.459701	0.454967	0.454074	0.462679	0.472916	0.467602
ERR607211-k20-n1-x5e9	0.385199	0.395223	0.381244	0.521821	0.518652	0.517187	0.526066	0.523793	0.518544	0.475252	0.529732	0.52925	0.435047	0.489014	0.503633	0.489444	0.488103	0.488056	0.434048	0.523793	0.528357	0.450326	0.44991	0.445807	0.35978	0.487583	0.294297	0.413276	0.404485	0	0.454005	0.458749	0.450445	0.502651	0.500712	0.50103	0.321422	0.321253	0.447708	0.449205	0.452458	0.455907	0.514826	0.488442	0.488951	0.517292	0.518128	0.518177	0.551287	0.561006	0.57003	0.57223	0.574473	0.562439	0.553167	0.544707	0.544546	0.53554	0.554237	0.550762	0.453477	0.460441	0.454566	0.521001	0.519135	0.518875	0.357518	0.373121	0.390071	0.393307	0.397535	0.373864	0.505054	0.515161	0.513643	0.480343	0.480166	0.481914	0.530539	0.543976	0.543491	0.457169	0.461392	0.455432	0.47739	0.482036	0.483316	0.478775	0.473762	0.475632	0.557976	0.54171	0.533532	0.522787	0.487651	0.492732
ERR607579-k20-n1-x5e9	0.385798	0.382538	0.395929	0.385827	0.384827	0.383211	0.367855	0.364723	0.356937	0.330682	0.371749	0.370423	0.489965	0.48027	0.487532	0.483798	0.48265	0.483988	0.357647	0.400061	0.403769	0.367724	0.366766	0.366986	0.35513	0.389319	0.398925	0.362157	0.361899	0.454005	0	0.238108	0.239003	0.264407	0.262798	0.262764	0.432573	0.448464	0.352421	0.357151	0.354159	0.354553	0.30288	0.276701	0.277056	0.30686	0.307441	0.308154	0.475336	0.463289	0.463966	0.465389	0.464972	0.464123	0.416528	0.411409	0.411104	0.409263	0.419654	0.417513	0.33144	0.332996	0.334818	0.358959	0.357935	0.357468	0.406432	0.374519	0.363962	0.365236	0.360972	0.37274	0.414476	0.416394	0.412302	0.452569	0.452868	0.451183	0.399332	0.410455	0.406578	0.39024	0.388429	0.389802	0.573092	0.533318	0.532574	0.571502	0.56907	0.571944	0.524815	0.518646	0.516229	0.524827	0.520587	0.517487
ERR607580-k20-n1-x5e9	0.386539	0.382833	0.397169	0.380524	0.3793	0.377837	0.361638	0.359111	0.351739	0.326517	0.365959	0.364761	0.4899	0.476561	0.483488	0.480235	0.479243	0.480402	0.357788	0.394615	0.398225	0.365353	0.364565	0.364973	0.3573	0.384139	0.402381	0.359432	0.359608	0.458749	0.238108	0	0.238735	0.258385	0.256915	0.25656	0.437442	0.453841	0.349309	0.354697	0.351715	0.352347	0.296996	0.273339	0.273554	0.300561	0.30137	0.302087	0.476998	0.46279	0.462661	0.463664	0.463197	0.463774	0.415006	0.410874	0.410671	0.408992	0.419798	0.417965	0.328231	0.328953	0.331468	0.352745	0.351828	0.351413	0.411027	0.376409	0.364413	0.365499	0.361007	0.37494	0.414548	0.415151	0.411759	0.454063	0.454156	0.452444	0.39349	0.404154	0.400344	0.387179	0.384995	0.386801	0.57662	0.53373	0.532863	0.573849	0.572077	0.574529	0.522229	0.516655	0.514202	0.523236	0.521733	0.518429
ERR607581-k20-n1-x5e9	0.380503	0.377049	0.390176	0.383451	0.38211	0.380691	0.368527	0.365947	0.359089	0.330052	0.373155	0.371829	0.486514	0.47481	0.481927	0.478297	0.477128	0.478405	0.359926	0.399126	0.402803	0.366392	0.365632	0.36564	0.356876	0.387689	0.395164	0.358994	0.358988	0.450445	0.239003	0.238735	0	0.264505	0.262774	0.262765	0.428884	0.445202	0.349993	0.355607	0.353103	0.354028	0.304295	0.27942	0.279033	0.307915	0.308814	0.30945	0.477747	0.46452	0.464876	0.465838	0.465646	0.465465	0.420144	0.41568	0.415254	0.412684	0.425507	0.423056	0.32919	0.330657	0.331897	0.35723	0.356485	0.3558	0.404218	0.369687	0.358629	0.359793	0.355633	0.36855	0.414685	0.415475	0.412358	0.45029	0.450339	0.448616	0.396833	0.407785	0.40449	0.385129	0.383691	0.384829	0.571414	0.528339	0.527277	0.567421	0.565469	0.568041	0.521774	0.515879	0.513317	0.521206	0.519239	0.516083
ERR607582-k20-n1-x5e9	0.409835	0.401257	0.422301	0.349077	0.348679	0.34789	0.325741	0.324673	0.321634	0.312724	0.330435	0.329659	0.501614	0.459318	0.461922	0.46341	0.462524	0.463852	0.367278	0.360149	0.362426	0.35794	0.357903	0.359732	0.382995	0.353371	0.438773	0.354326	0.357718	0.502651	0.264407	0.258385	0.264505	0	0.231834	0.231735	0.481686	0.500161	0.343607	0.348854	0.345464	0.344878	0.267502	0.269797	0.269015	0.268641	0.268959	0.269117	0.496819	0.47022	0.46425	0.464242	0.462348	0.470212	0.410782	0.414002	0.415496	0.41758	0.426522	0.425562	0.3215	0.319043	0.322811	0.317059	0.316996	0.316323	0.452003	0.406069	0.385517	0.384603	0.378145	0.403822	0.426128	0.420382	0.419004	0.47717	0.477411	0.474534	0.36139	0.368394	0.364213	0.381483	0.377505	0.381731	0.606851	0.547983	0.546434	0.598283	0.597841	0.600499	0.505776	0.505006	0.504493	0.517988	0.531987	0.525995
ERR607583-k20-n1-x5e9	0.408408	0.399939	0.420547	0.349593	0.349292	0.348583	0.326601	0.325635	0.322389	0.312375	0.331417	0.330757	0.501041	0.459529	0.462139	0.463352	0.462457	0.463802	0.366591	0.360894	0.362965	0.357229	0.357341	0.359148	0.382109	0.353749	0.436957	0.353573	0.357139	0.500712	0.262798	0.256915	0.262774	0.231834	0	0.231791	0.479513	0.498074	0.342995	0.348501	0.345048	0.344653	0.268395	0.269403	0.268465	0.269377	0.269722	0.26986	0.495057	0.468672	0.462775	0.462826	0.461027	0.468673	0.410036	0.413119	0.414591	0.41641	0.425778	0.424746	0.321235	0.318879	0.322407	0.317985	0.318019	0.317244	0.450129	0.40413	0.383867	0.382703	0.376463	0.402045	0.424938	0.419304	0.417878	0.47532	0.475673	0.472577	0.361465	0.36852	0.364667	0.380553	0.376728	0.380692	0.605444	0.546427	0.544762	0.596772	0.596195	0.598768	0.505946	0.505018	0.504479	0.517685	0.531619	0.525487
ERR607584-k20-n1-x5e9	0.408811	0.400501	0.42113	0.350262	0.349938	0.349111	0.326589	0.325559	0.322267	0.312473	0.331518	0.330597	0.501336	0.460189	0.462869	0.464224	0.463193	0.464626	0.36648	0.361007	0.363327	0.357638	0.357748	0.359471	0.381919	0.354009	0.437125	0.354003	0.357434	0.50103	0.262764	0.25656	0.262765	0.231735	0.231791	0	0.479873	0.498318	0.34339	0.348944	0.345283	0.345088	0.268088	0.26953	0.26818	0.269444	0.269674	0.270018	0.494977	0.468764	0.462932	0.462904	0.461086	0.46881	0.410079	0.413173	0.414464	0.416543	0.425652	0.424651	0.321755	0.319381	0.323078	0.318622	0.318657	0.31773	0.450516	0.40469	0.38464	0.383589	0.377254	0.402716	0.425203	0.419716	0.418146	0.475862	0.476182	0.47329	0.362296	0.369325	0.365366	0.381424	0.377734	0.381586	0.605789	0.547159	0.545411	0.597246	0.596729	0.599369	0.506592	0.505592	0.505006	0.518332	0.531901	0.525937
ERR605799-k20-n1-x5e9	0.364482	0.374145	0.360221	0.500988	0.497596	0.496217	0.506309	0.504575	0.499215	0.454601	0.510489	0.509913	0.424264	0.471187	0.485456	0.471609	0.470835	0.470749	0.424311	0.511128	0.515701	0.439294	0.439051	0.435158	0.379002	0.494425	0.323889	0.425582	0.418032	0.321422	0.432573	0.437442	0.428884	0.481686	0.479513	0.479873	0	0.277287	0.401283	0.404301	0.407692	0.411709	0.492036	0.465331	0.465506	0.494571	0.495485	0.495371	0.534291	0.542246	0.550915	0.553019	0.555245	0.543753	0.538571	0.530216	0.529831	0.520393	0.540716	0.537155	0.434617	0.441554	0.435656	0.502331	0.500287	0.499882	0.343311	0.351684	0.367854	0.370479	0.375093	0.353345	0.482131	0.49233	0.491158	0.457107	0.456921	0.458462	0.511627	0.525101	0.524845	0.437189	0.441467	0.435932	0.47138	0.467983	0.469135	0.470534	0.466368	0.468435	0.545235	0.529403	0.521313	0.51152	0.480095	0.484103
ERR605800-k20-n1-x5e9	0.380432	0.391578	0.375879	0.521213	0.518052	0.516558	0.525612	0.523681	0.517678	0.474227	0.529426	0.528682	0.43582	0.48951	0.504387	0.489919	0.489038	0.488742	0.438872	0.530307	0.534915	0.457513	0.456725	0.453126	0.391542	0.514225	0.335081	0.444935	0.437149	0.321253	0.448464	0.453841	0.445202	0.500161	0.498074	0.498318	0.277287	0	0.423499	0.425515	0.428831	0.432432	0.5106	0.482552	0.482789	0.513493	0.514141	0.514283	0.542823	0.55445	0.564262	0.566699	0.569033	0.556353	0.552124	0.542686	0.542411	0.532998	0.551746	0.548096	0.452797	0.460244	0.454403	0.521671	0.519755	0.519361	0.348015	0.365559	0.384474	0.387844	0.392822	0.367288	0.495594	0.507151	0.505113	0.468406	0.46829	0.47007	0.531695	0.545149	0.544811	0.457009	0.461337	0.455741	0.469933	0.479586	0.481	0.474658	0.469702	0.471917	0.561058	0.544633	0.536569	0.526221	0.489909	0.494893
ERR605801-k20-n1-x5e9	0.374573	0.366577	0.38457	0.344618	0.343006	0.34275	0.328459	0.328166	0.328099	0.302857	0.334105	0.33429	0.440399	0.395441	0.399111	0.398284	0.398037	0.398713	0.342708	0.342816	0.345901	0.322326	0.320393	0.320419	0.343765	0.32373	0.382034	0.304699	0.30641	0.447708	0.352421	0.349309	0.349993	0.343607	0.342995	0.34339	0.401283	0.423499	0	0.253016	0.253213	0.254212	0.342277	0.344188	0.344679	0.341535	0.341894	0.341527	0.502472	0.477457	0.47274	0.472479	0.471418	0.477122	0.431456	0.434126	0.43679	0.434687	0.449533	0.447461	0.328816	0.328058	0.328095	0.342516	0.34161	0.341337	0.429149	0.381795	0.362988	0.361583	0.356989	0.380472	0.42895	0.423721	0.424061	0.466822	0.465727	0.463861	0.355837	0.363818	0.362538	0.35449	0.352334	0.354563	0.568569	0.503081	0.501266	0.555288	0.553842	0.556528	0.463241	0.460066	0.458543	0.470104	0.481747	0.476267
ERR605802-k20-n1-x5e9	0.3794	0.371993	0.389719	0.347997	0.346837	0.346645	0.330419	0.329458	0.329163	0.30602	0.335328	0.335412	0.442461	0.398582	0.402629	0.401041	0.40079	0.401379	0.344388	0.34434	0.347569	0.321758	0.317659	0.318463	0.344607	0.324506	0.384837	0.305625	0.307179	0.449205	0.357151	0.354697	0.355607	0.348854	0.348501	0.348944	0.404301	0.425515	0.253016	0	0.247635	0.248067	0.34664	0.348124	0.349821	0.345762	0.346222	0.345855	0.504943	0.480948	0.476305	0.476199	0.475239	0.480031	0.433097	0.435303	0.439053	0.436994	0.448554	0.446963	0.33226	0.331913	0.331838	0.346181	0.345252	0.345329	0.431633	0.386188	0.367628	0.366405	0.361942	0.383713	0.43161	0.426892	0.42643	0.470379	0.46943	0.467507	0.359841	0.367897	0.366017	0.358757	0.356728	0.358987	0.570308	0.506174	0.504424	0.556191	0.553433	0.55642	0.463236	0.45965	0.459134	0.470606	0.479215	0.47376
ERR605803-k20-n1-x5e9	0.381777	0.374431	0.392529	0.346949	0.345873	0.345609	0.326349	0.325287	0.324231	0.303528	0.330976	0.330892	0.444749	0.401376	0.40557	0.40423	0.40389	0.40435	0.342352	0.343049	0.346072	0.321841	0.317908	0.318689	0.343379	0.323482	0.387984	0.306287	0.308286	0.452458	0.354159	0.351715	0.353103	0.345464	0.345048	0.345283	0.407692	0.428831	0.253213	0.247635	0	0.247548	0.342278	0.343742	0.345314	0.341525	0.341875	0.34155	0.503893	0.480122	0.475307	0.475397	0.474331	0.479349	0.429722	0.431846	0.435452	0.433903	0.444268	0.442737	0.331569	0.331236	0.331965	0.344304	0.343492	0.343361	0.433564	0.388616	0.370088	0.36918	0.364342	0.386334	0.431044	0.426878	0.425766	0.471988	0.471148	0.469152	0.358952	0.366962	0.364651	0.361041	0.358778	0.36099	0.572794	0.510538	0.508885	0.560262	0.557559	0.560432	0.465495	0.462087	0.461731	0.47402	0.481892	0.476411
ERR605804-k20-n1-x5e9	0.386082	0.37854	0.397131	0.347541	0.346415	0.346498	0.324175	0.322919	0.321424	0.303017	0.32837	0.328345	0.448022	0.405031	0.409351	0.408242	0.40767	0.408356	0.340779	0.34164	0.344697	0.322057	0.317748	0.318857	0.343346	0.32241	0.391139	0.307508	0.309336	0.455907	0.354553	0.352347	0.354028	0.344878	0.344653	0.345088	0.411709	0.432432	0.254212	0.248067	0.247548	0	0.341207	0.343064	0.344999	0.340407	0.340601	0.340522	0.502898	0.479541	0.474509	0.474694	0.473513	0.478546	0.427027	0.429178	0.432939	0.431791	0.440711	0.439472	0.333193	0.332675	0.333681	0.344305	0.343619	0.343468	0.436578	0.392481	0.374086	0.373418	0.368403	0.390208	0.431756	0.427689	0.426298	0.474724	0.47386	0.471621	0.359469	0.367344	0.364605	0.364842	0.362104	0.364822	0.575616	0.514917	0.513206	0.564202	0.561761	0.564494	0.467853	0.464494	0.464167	0.477118	0.484206	0.478937
ERR607627-k20-n1-x5e9	0.411423	0.401819	0.424942	0.333654	0.333891	0.332937	0.313859	0.312646	0.309066	0.310175	0.317696	0.316703	0.495642	0.448532	0.451005	0.453364	0.452315	0.453574	0.370052	0.356524	0.35835	0.361033	0.361166	0.363586	0.386714	0.347459	0.449852	0.355852	0.360181	0.514826	0.30288	0.296996	0.304295	0.267502	0.268395	0.268088	0.492036	0.5106	0.342277	0.34664	0.342278	0.341207	0	0.242398	0.24161	0.229895	0.229796	0.229903	0.502374	0.474346	0.467283	0.467095	0.465108	0.474259	0.410479	0.415789	0.418084	0.422289	0.427168	0.426982	0.315332	0.31244	0.31727	0.303251	0.30368	0.302797	0.459416	0.413279	0.391225	0.390539	0.383588	0.410685	0.43016	0.424136	0.422087	0.486049	0.486201	0.483265	0.352378	0.358899	0.353879	0.38207	0.377734	0.382158	0.612822	0.553743	0.551813	0.605469	0.605185	0.607846	0.500002	0.499959	0.499955	0.515606	0.530522	0.524292
