.	ERR610199-k20-n1-x5e9	ERR610200-k20-n1-x5e9	ERR610201-k20-n1-x5e9	ERR610202-k20-n1-x5e9	ERR610203-k20-n1-x5e9	ERR610204-k20-n1-x5e9	ERR608007-k20-n1-x5e9	ERR608008-k20-n1-x5e9	ERR608009-k20-n1-x5e9	ERR608010-k20-n1-x5e9	ERR608011-k20-n1-x5e9	ERR608012-k20-n1-x5e9	ERR609119-k20-n1-x5e9	ERR609120-k20-n1-x5e9	ERR609121-k20-n1-x5e9	ERR609122-k20-n1-x5e9	ERR609123-k20-n1-x5e9	ERR609124-k20-n1-x5e9	ERR610223-k20-n1-x5e9	ERR610224-k20-n1-x5e9	ERR610225-k20-n1-x5e9	ERR610226-k20-n1-x5e9	ERR610227-k20-n1-x5e9	ERR610228-k20-n1-x5e9	ERR607158-k20-n1-x5e9	ERR607159-k20-n1-x5e9	ERR607160-k20-n1-x5e9	ERR607161-k20-n1-x5e9	ERR607162-k20-n1-x5e9	ERR607163-k20-n1-x5e9	ERR606660-k20-n1-x5e9	ERR606661-k20-n1-x5e9	ERR606662-k20-n1-x5e9	ERR606663-k20-n1-x5e9	ERR606664-k20-n1-x5e9	ERR606665-k20-n1-x5e9	ERR608013-k20-n1-x5e9	ERR608014-k20-n1-x5e9	ERR608015-k20-n1-x5e9	ERR608016-k20-n1-x5e9	ERR608017-k20-n1-x5e9	ERR608018-k20-n1-x5e9	ERR607343-k20-n1-x5e9	ERR607344-k20-n1-x5e9	ERR607345-k20-n1-x5e9	ERR607346-k20-n1-x5e9	ERR607347-k20-n1-x5e9	ERR607348-k20-n1-x5e9	ERR608943-k20-n1-x5e9	ERR608944-k20-n1-x5e9	ERR608945-k20-n1-x5e9	ERR608946-k20-n1-x5e9	ERR608947-k20-n1-x5e9	ERR608948-k20-n1-x5e9	ERR608389-k20-n1-x5e9	ERR608390-k20-n1-x5e9	ERR608391-k20-n1-x5e9	ERR608392-k20-n1-x5e9	ERR608393-k20-n1-x5e9	ERR608394-k20-n1-x5e9	ERR608275-k20-n1-x5e9	ERR608276-k20-n1-x5e9	ERR608277-k20-n1-x5e9	ERR608278-k20-n1-x5e9	ERR608279-k20-n1-x5e9	ERR608280-k20-n1-x5e9	ERR608057-k20-n1-x5e9	ERR608058-k20-n1-x5e9	ERR608059-k20-n1-x5e9	ERR608060-k20-n1-x5e9	ERR608061-k20-n1-x5e9	ERR608062-k20-n1-x5e9	ERR605653-k20-n1-x5e9	ERR605654-k20-n1-x5e9	ERR605655-k20-n1-x5e9	ERR605656-k20-n1-x5e9	ERR605657-k20-n1-x5e9	ERR605658-k20-n1-x5e9	ERR605994-k20-n1-x5e9	ERR605995-k20-n1-x5e9	ERR605996-k20-n1-x5e9	ERR605997-k20-n1-x5e9	ERR605998-k20-n1-x5e9	ERR605999-k20-n1-x5e9	ERR608371-k20-n1-x5e9	ERR608372-k20-n1-x5e9	ERR608373-k20-n1-x5e9	ERR608374-k20-n1-x5e9	ERR608375-k20-n1-x5e9	ERR608376-k20-n1-x5e9	ERR605928-k20-n1-x5e9	ERR605929-k20-n1-x5e9	ERR605930-k20-n1-x5e9	ERR605931-k20-n1-x5e9	ERR605932-k20-n1-x5e9	ERR605933-k20-n1-x5e9
ERR610199-k20-n1-x5e9	8.10247e-09	5.74113e-09	5.7673e-09	5.78178e-09	5.79524e-09	5.78428e-09	5.12363e-09	5.1046e-09	5.06064e-09	5.02722e-09	5.02349e-09	5.04229e-09	4.79324e-09	4.72941e-09	4.77798e-09	4.80057e-09	4.82137e-09	4.78963e-09	4.7304e-09	4.59543e-09	4.67832e-09	4.72424e-09	4.71948e-09	4.71133e-09	4.75895e-09	4.8248e-09	4.7549e-09	4.83876e-09	4.85128e-09	4.64679e-09	4.6866e-09	4.73238e-09	4.72497e-09	4.70738e-09	4.77092e-09	4.78526e-09	4.93175e-09	4.95059e-09	4.96126e-09	4.95523e-09	4.9622e-09	4.95312e-09	4.86328e-09	4.89876e-09	4.82704e-09	4.91128e-09	4.92723e-09	4.92058e-09	3.55954e-09	3.58861e-09	3.57955e-09	3.53443e-09	3.5413e-09	3.53018e-09	3.49251e-09	3.49612e-09	3.54434e-09	3.54661e-09	3.54597e-09	3.49149e-09	4.394e-09	4.40258e-09	4.42652e-09	4.42326e-09	4.4389e-09	4.41132e-09	1.64795e-09	1.65299e-09	1.66726e-09	1.6649e-09	1.66079e-09	1.65955e-09	3.40867e-09	3.41644e-09	3.40865e-09	3.4235e-09	3.39812e-09	3.40745e-09	3.45349e-09	3.51971e-09	3.52343e-09	3.43173e-09	3.47702e-09	3.47507e-09	3.52806e-09	3.57369e-09	3.54316e-09	3.50765e-09	3.52884e-09	3.51185e-09	3.31717e-09	3.46432e-09	3.45929e-09	3.32251e-09	3.35967e-09	3.35985e-09
ERR610200-k20-n1-x5e9	5.74113e-09	1.1398e-08	5.90107e-09	5.76044e-09	5.76803e-09	5.7531e-09	5.19504e-09	4.95284e-09	4.96383e-09	4.93704e-09	4.94478e-09	4.95249e-09	4.70886e-09	4.72865e-09	4.71924e-09	4.69757e-09	4.7028e-09	4.70882e-09	4.54942e-09	4.6834e-09	4.56963e-09	4.58671e-09	4.58172e-09	4.57588e-09	4.84176e-09	4.82433e-09	4.80944e-09	4.79023e-09	4.75672e-09	4.64185e-09	4.80074e-09	4.68177e-09	4.69325e-09	4.70766e-09	4.73489e-09	4.75621e-09	4.98253e-09	4.94378e-09	4.96751e-09	4.96034e-09	4.96872e-09	4.9691e-09	4.79455e-09	4.78788e-09	4.75062e-09	4.81219e-09	4.80872e-09	4.81153e-09	3.40523e-09	3.41902e-09	3.42965e-09	3.33682e-09	3.341e-09	3.32865e-09	3.39242e-09	3.36e-09	3.37804e-09	3.37035e-09	3.37679e-09	3.3624e-09	4.44663e-09	4.35572e-09	4.33704e-09	4.33482e-09	4.34115e-09	4.36072e-09	1.61607e-09	1.59962e-09	1.59677e-09	1.60562e-09	1.60403e-09	1.6008e-09	3.27745e-09	3.29037e-09	3.28499e-09	3.27236e-09	3.30267e-09	3.30312e-09	3.35739e-09	3.31946e-09	3.32016e-09	3.28985e-09	3.34188e-09	3.33906e-09	3.37099e-09	3.38438e-09	3.38804e-09	3.33946e-09	3.33399e-09	3.32565e-09	3.22062e-09	3.22417e-09	3.22052e-09	3.15195e-09	3.19155e-09	3.18053e-09
ERR610201-k20-n1-x5e9	5.7673e-09	5.90107e-09	8.71972e-09	5.73741e-09	5.7602e-09	5.73918e-09	5.13611e-09	5.02699e-09	5.05657e-09	5.04108e-09	5.02403e-09	5.03721e-09	4.76356e-09	4.72707e-09	4.75464e-09	4.77717e-09	4.77278e-09	4.7378e-09	4.66403e-09	4.64342e-09	4.66423e-09	4.66692e-09	4.65459e-09	4.6454e-09	4.78917e-09	4.86912e-09	4.76748e-09	4.81713e-09	4.77605e-09	4.63534e-09	4.7578e-09	4.70072e-09	4.72414e-09	4.73452e-09	4.74698e-09	4.76054e-09	4.96468e-09	4.95261e-09	4.94774e-09	4.95423e-09	4.9585e-09	4.95791e-09	4.87493e-09	4.87399e-09	4.85179e-09	4.85953e-09	4.84895e-09	4.85115e-09	3.51949e-09	3.56107e-09	3.55091e-09	3.52755e-09	3.52232e-09	3.51258e-09	3.45164e-09	3.50683e-09	3.51316e-09	3.51358e-09	3.51616e-09	3.5055e-09	4.37903e-09	4.41068e-09	4.40922e-09	4.406e-09	4.41359e-09	4.42174e-09	1.616e-09	1.66256e-09	1.6599e-09	1.65945e-09	1.65665e-09	1.66169e-09	3.40839e-09	3.40815e-09	3.41335e-09	3.40894e-09	3.40397e-09	3.4069e-09	3.41761e-09	3.45688e-09	3.44464e-09	3.40519e-09	3.45176e-09	3.44719e-09	3.49605e-09	3.52253e-09	3.49147e-09	3.497e-09	3.49981e-09	3.49899e-09	3.29911e-09	3.38645e-09	3.39706e-09	3.27476e-09	3.31483e-09	3.30061e-09
ERR610202-k20-n1-x5e9	5.78178e-09	5.76044e-09	5.73741e-09	7.87766e-09	5.80794e-09	5.78815e-09	5.10093e-09	5.05977e-09	5.06995e-09	5.00089e-09	4.97089e-09	5.0009e-09	4.80678e-09	4.75127e-09	4.79493e-09	4.77855e-09	4.7941e-09	4.78146e-09	4.71845e-09	4.63907e-09	4.71587e-09	4.73511e-09	4.74296e-09	4.73106e-09	4.84208e-09	4.88409e-09	4.79268e-09	4.85746e-09	4.84213e-09	4.67934e-09	4.80094e-09	4.78378e-09	4.78974e-09	4.81306e-09	4.81938e-09	4.83356e-09	4.93534e-09	4.94101e-09	4.9485e-09	4.98622e-09	4.99162e-09	4.96954e-09	4.93289e-09	4.94299e-09	4.91542e-09	4.95495e-09	4.96969e-09	4.96127e-09	3.60688e-09	3.593e-09	3.58528e-09	3.55234e-09	3.56106e-09	3.55903e-09	3.52901e-09	3.56331e-09	3.58069e-09	3.57241e-09	3.58653e-09	3.56394e-09	4.42903e-09	4.47282e-09	4.46487e-09	4.46161e-09	4.47043e-09	4.48363e-09	1.67391e-09	1.68774e-09	1.68971e-09	1.68454e-09	1.68181e-09	1.68146e-09	3.45015e-09	3.45068e-09	3.44261e-09	3.44031e-09	3.43885e-09	3.439e-09	3.46057e-09	3.55994e-09	3.55963e-09	3.43083e-09	3.47587e-09	3.46918e-09	3.56368e-09	3.59839e-09	3.58928e-09	3.53154e-09	3.55401e-09	3.55263e-09	3.3513e-09	3.44955e-09	3.43976e-09	3.37537e-09	3.42103e-09	3.39768e-09
ERR610203-k20-n1-x5e9	5.79524e-09	5.76803e-09	5.7602e-09	5.80794e-09	7.92405e-09	5.8049e-09	5.10326e-09	5.07319e-09	5.09065e-09	4.98834e-09	4.98274e-09	5.00778e-09	4.80267e-09	4.76249e-09	4.80915e-09	4.79556e-09	4.80223e-09	4.79282e-09	4.73591e-09	4.63715e-09	4.70874e-09	4.73604e-09	4.73211e-09	4.72774e-09	4.82581e-09	4.87567e-09	4.79753e-09	4.85088e-09	4.83808e-09	4.67724e-09	4.79448e-09	4.77624e-09	4.79947e-09	4.82417e-09	4.82131e-09	4.83824e-09	4.9416e-09	4.95418e-09	4.96576e-09	4.98722e-09	4.99352e-09	4.97958e-09	4.95004e-09	4.93889e-09	4.9126e-09	4.96076e-09	4.9616e-09	4.95418e-09	3.59681e-09	3.60637e-09	3.58345e-09	3.54903e-09	3.5446e-09	3.55527e-09	3.52168e-09	3.56193e-09	3.57603e-09	3.57307e-09	3.56891e-09	3.56168e-09	4.43091e-09	4.46897e-09	4.47239e-09	4.47939e-09	4.46029e-09	4.47897e-09	1.67037e-09	1.68479e-09	1.68564e-09	1.68498e-09	1.68135e-09	1.67944e-09	3.44729e-09	3.44736e-09	3.44113e-09	3.42968e-09	3.43815e-09	3.43803e-09	3.46595e-09	3.56266e-09	3.56104e-09	3.44501e-09	3.47112e-09	3.46447e-09	3.56745e-09	3.59534e-09	3.58719e-09	3.525e-09	3.54777e-09	3.54871e-09	3.34157e-09	3.45027e-09	3.44629e-09	3.36585e-09	3.40925e-09	3.39257e-09
ERR610204-k20-n1-x5e9	5.78428e-09	5.7531e-09	5.73918e-09	5.78815e-09	5.8049e-09	7.87138e-09	5.09745e-09	5.0667e-09	5.07595e-09	5.00138e-09	4.97431e-09	5.00704e-09	4.8121e-09	4.75577e-09	4.79909e-09	4.78706e-09	4.7985e-09	4.78749e-09	4.72324e-09	4.64029e-09	4.71504e-09	4.73915e-09	4.72537e-09	4.71715e-09	4.84223e-09	4.88915e-09	4.79841e-09	4.85867e-09	4.84464e-09	4.68593e-09	4.78976e-09	4.78366e-09	4.78789e-09	4.81123e-09	4.80384e-09	4.83336e-09	4.93741e-09	4.94577e-09	4.9515e-09	4.98708e-09	4.99543e-09	4.97571e-09	4.92915e-09	4.92207e-09	4.91879e-09	4.95747e-09	4.97149e-09	4.95691e-09	3.60889e-09	3.59508e-09	3.58694e-09	3.55526e-09	3.56497e-09	3.55232e-09	3.53101e-09	3.56691e-09	3.58249e-09	3.56743e-09	3.57863e-09	3.56463e-09	4.43112e-09	4.47523e-09	4.46015e-09	4.46387e-09	4.46999e-09	4.4821e-09	1.67373e-09	1.68697e-09	1.6895e-09	1.68593e-09	1.683e-09	1.68272e-09	3.45915e-09	3.45604e-09	3.44599e-09	3.44168e-09	3.44718e-09	3.44466e-09	3.47093e-09	3.5664e-09	3.56388e-09	3.44055e-09	3.48319e-09	3.47706e-09	3.56783e-09	3.60345e-09	3.59404e-09	3.53725e-09	3.55634e-09	3.55989e-09	3.35739e-09	3.46086e-09	3.44799e-09	3.38197e-09	3.42769e-09	3.40535e-09
ERR608007-k20-n1-x5e9	5.12363e-09	5.19504e-09	5.13611e-09	5.10093e-09	5.10326e-09	5.09745e-09	1.08534e-08	6.08648e-09	6.17267e-09	5.98116e-09	5.95835e-09	5.97797e-09	4.60197e-09	4.61657e-09	4.55291e-09	4.61242e-09	4.61965e-09	4.57011e-09	4.84595e-09	4.7946e-09	4.81732e-09	4.80216e-09	4.81169e-09	4.81475e-09	4.51799e-09	4.65608e-09	4.59491e-09	4.62783e-09	4.60893e-09	4.49285e-09	4.4996e-09	4.52456e-09	4.5285e-09	4.52299e-09	4.58427e-09	4.59668e-09	5.20837e-09	5.3054e-09	5.28763e-09	5.20131e-09	5.20881e-09	5.19988e-09	4.93498e-09	4.94767e-09	4.93941e-09	4.96862e-09	4.96497e-09	4.95965e-09	3.52314e-09	3.57862e-09	3.56185e-09	3.46664e-09	3.46938e-09	3.4726e-09	3.3981e-09	3.4394e-09	3.49065e-09	3.49038e-09	3.49376e-09	3.43163e-09	4.38932e-09	4.40704e-09	4.40735e-09	4.42189e-09	4.41818e-09	4.41465e-09	1.62418e-09	1.64952e-09	1.65896e-09	1.65459e-09	1.64661e-09	1.64898e-09	3.31386e-09	3.3025e-09	3.30483e-09	3.30446e-09	3.26994e-09	3.27853e-09	3.43082e-09	3.54481e-09	3.53407e-09	3.44936e-09	3.4763e-09	3.48117e-09	3.50578e-09	3.56527e-09	3.53251e-09	3.47068e-09	3.50829e-09	3.5029e-09	3.28809e-09	3.40283e-09	3.39175e-09	3.33487e-09	3.36844e-09	3.35512e-09
ERR608008-k20-n1-x5e9	5.1046e-09	4.95284e-09	5.02699e-09	5.05977e-09	5.07319e-09	5.0667e-09	6.08648e-09	8.09561e-09	6.08812e-09	5.90983e-09	5.88486e-09	5.91297e-09	4.62224e-09	4.5823e-09	4.60319e-09	4.56938e-09	4.61498e-09	4.61782e-09	4.89074e-09	4.70774e-09	4.87175e-09	4.85058e-09	4.8488e-09	4.84061e-09	4.59326e-09	4.71092e-09	4.60499e-09	4.65949e-09	4.65457e-09	4.50587e-09	4.52542e-09	4.60798e-09	4.62642e-09	4.6388e-09	4.62163e-09	4.65936e-09	5.12484e-09	5.18301e-09	5.18815e-09	5.18755e-09	5.19229e-09	5.18415e-09	5.00898e-09	5.00748e-09	4.98907e-09	5.02746e-09	5.04416e-09	5.03379e-09	3.62544e-09	3.64853e-09	3.63163e-09	3.62537e-09	3.62764e-09	3.62086e-09	3.53158e-09	3.59274e-09	3.61706e-09	3.62063e-09	3.61629e-09	3.58364e-09	4.40439e-09	4.4779e-09	4.47182e-09	4.48406e-09	4.48937e-09	4.48127e-09	1.67781e-09	1.70358e-09	1.71454e-09	1.71097e-09	1.70581e-09	1.70648e-09	3.46089e-09	3.45098e-09	3.45305e-09	3.45534e-09	3.42581e-09	3.41682e-09	3.49236e-09	3.67273e-09	3.6639e-09	3.53339e-09	3.56075e-09	3.56239e-09	3.65839e-09	3.69409e-09	3.65432e-09	3.63295e-09	3.67397e-09	3.66837e-09	3.39722e-09	3.54545e-09	3.53881e-09	3.48698e-09	3.51727e-09	3.5049e-09
ERR608009-k20-n1-x5e9	5.06064e-09	4.96383e-09	5.05657e-09	5.06995e-09	5.09065e-09	5.07595e-09	6.17267e-09	6.08812e-09	8.45716e-09	5.95253e-09	5.93537e-09	5.94679e-09	4.63395e-09	4.55043e-09	4.59319e-09	4.64437e-09	4.64897e-09	4.60275e-09	4.89773e-09	4.68577e-09	4.82355e-09	4.85273e-09	4.86077e-09	4.85006e-09	4.51687e-09	4.6448e-09	4.57598e-09	4.66391e-09	4.65932e-09	4.45956e-09	4.47685e-09	4.58022e-09	4.56217e-09	4.55556e-09	4.6138e-09	4.62178e-09	5.11462e-09	5.18771e-09	5.18573e-09	5.15649e-09	5.15704e-09	5.15679e-09	4.94211e-09	4.97423e-09	4.92721e-09	4.97582e-09	5.00216e-09	4.98567e-09	3.58828e-09	3.63318e-09	3.60957e-09	3.58811e-09	3.59574e-09	3.59097e-09	3.5093e-09	3.546e-09	3.58458e-09	3.58297e-09	3.5841e-09	3.53312e-09	4.37943e-09	4.44265e-09	4.45014e-09	4.45341e-09	4.46413e-09	4.44185e-09	1.66209e-09	1.68231e-09	1.69569e-09	1.6914e-09	1.68524e-09	1.68461e-09	3.40508e-09	3.40375e-09	3.40809e-09	3.42952e-09	3.38007e-09	3.38154e-09	3.48125e-09	3.60051e-09	3.60764e-09	3.5046e-09	3.54042e-09	3.54153e-09	3.60997e-09	3.67416e-09	3.62121e-09	3.60598e-09	3.63543e-09	3.6327e-09	3.3603e-09	3.55424e-09	3.54684e-09	3.39588e-09	3.43647e-09	3.43524e-09
ERR608010-k20-n1-x5e9	5.02722e-09	4.93704e-09	5.04108e-09	5.00089e-09	4.98834e-09	5.00138e-09	5.98116e-09	5.90983e-09	5.95253e-09	7.79371e-09	5.86374e-09	5.90474e-09	4.61105e-09	4.5632e-09	4.57249e-09	4.61913e-09	4.6334e-09	4.58685e-09	4.84809e-09	4.72289e-09	4.84388e-09	4.79634e-09	4.81397e-09	4.81477e-09	4.59361e-09	4.72929e-09	4.62817e-09	4.66216e-09	4.65201e-09	4.51566e-09	4.57259e-09	4.59658e-09	4.58411e-09	4.61059e-09	4.65712e-09	4.6721e-09	5.07798e-09	5.15692e-09	5.17061e-09	5.16296e-09	5.16771e-09	5.17589e-09	4.92379e-09	4.91931e-09	4.94625e-09	5.04322e-09	5.03872e-09	5.04977e-09	3.64049e-09	3.6792e-09	3.6588e-09	3.63802e-09	3.64236e-09	3.63093e-09	3.5475e-09	3.61575e-09	3.6277e-09	3.62581e-09	3.62491e-09	3.61125e-09	4.43264e-09	4.45823e-09	4.41555e-09	4.42112e-09	4.43561e-09	4.46745e-09	1.68199e-09	1.71581e-09	1.71402e-09	1.71334e-09	1.70883e-09	1.7069e-09	3.46557e-09	3.4728e-09	3.46862e-09	3.48022e-09	3.46054e-09	3.45734e-09	3.49771e-09	3.64741e-09	3.64207e-09	3.58644e-09	3.60835e-09	3.59917e-09	3.65804e-09	3.70542e-09	3.67587e-09	3.65141e-09	3.674e-09	3.68122e-09	3.47606e-09	3.57378e-09	3.56354e-09	3.50056e-09	3.53315e-09	3.53134e-09
ERR608011-k20-n1-x5e9	5.02349e-09	4.94478e-09	5.02403e-09	4.97089e-09	4.98274e-09	4.97431e-09	5.95835e-09	5.88486e-09	5.93537e-09	5.86374e-09	7.78095e-09	5.87836e-09	4.60091e-09	4.57086e-09	4.55615e-09	4.61995e-09	4.62174e-09	4.57585e-09	4.81235e-09	4.71117e-09	4.82676e-09	4.78744e-09	4.79958e-09	4.79832e-09	4.59747e-09	4.71827e-09	4.61608e-09	4.65024e-09	4.63164e-09	4.50841e-09	4.57699e-09	4.58548e-09	4.56903e-09	4.60878e-09	4.64889e-09	4.6668e-09	5.06604e-09	5.139e-09	5.14769e-09	5.15725e-09	5.16925e-09	5.17476e-09	4.93367e-09	4.90029e-09	4.94038e-09	5.01914e-09	5.03508e-09	5.02209e-09	3.63246e-09	3.66098e-09	3.65805e-09	3.62462e-09	3.63018e-09	3.61634e-09	3.54368e-09	3.60625e-09	3.61513e-09	3.60847e-09	3.62061e-09	3.60224e-09	4.42431e-09	4.4582e-09	4.40262e-09	4.4137e-09	4.41691e-09	4.46826e-09	1.67672e-09	1.71138e-09	1.70636e-09	1.71161e-09	1.70726e-09	1.70521e-09	3.45653e-09	3.45902e-09	3.46047e-09	3.46938e-09	3.44637e-09	3.44636e-09	3.50123e-09	3.63179e-09	3.63777e-09	3.56386e-09	3.58417e-09	3.57721e-09	3.63207e-09	3.68457e-09	3.65813e-09	3.64028e-09	3.66619e-09	3.66393e-09	3.46101e-09	3.54871e-09	3.54812e-09	3.47677e-09	3.52296e-09	3.51518e-09
ERR608012-k20-n1-x5e9	5.04229e-09	4.95249e-09	5.03721e-09	5.0009e-09	5.00778e-09	5.00704e-09	5.97797e-09	5.91297e-09	5.94679e-09	5.90474e-09	5.87836e-09	7.80797e-09	4.63343e-09	4.578e-09	4.57924e-09	4.6351e-09	4.64897e-09	4.59644e-09	4.84409e-09	4.73953e-09	4.83378e-09	4.80718e-09	4.82217e-09	4.829e-09	4.59971e-09	4.74278e-09	4.63895e-09	4.67872e-09	4.64711e-09	4.52963e-09	4.59627e-09	4.61479e-09	4.6006e-09	4.62543e-09	4.67876e-09	4.6831e-09	5.0991e-09	5.14889e-09	5.18676e-09	5.18693e-09	5.19083e-09	5.1844e-09	4.92791e-09	4.9293e-09	4.94031e-09	5.04008e-09	5.05488e-09	5.06575e-09	3.65024e-09	3.68667e-09	3.67309e-09	3.64854e-09	3.63596e-09	3.64419e-09	3.56049e-09	3.61977e-09	3.63187e-09	3.63088e-09	3.63944e-09	3.616e-09	4.43666e-09	4.46499e-09	4.42402e-09	4.43516e-09	4.43996e-09	4.47557e-09	1.68587e-09	1.71735e-09	1.71719e-09	1.71022e-09	1.70619e-09	1.70543e-09	3.46144e-09	3.48579e-09	3.48156e-09	3.48924e-09	3.46518e-09	3.46076e-09	3.50489e-09	3.65272e-09	3.6447e-09	3.58016e-09	3.60272e-09	3.60741e-09	3.65827e-09	3.71712e-09	3.67339e-09	3.66003e-09	3.68066e-09	3.6881e-09	3.48515e-09	3.56297e-09	3.56708e-09	3.5032e-09	3.53976e-09	3.53823e-09
ERR609119-k20-n1-x5e9	4.79324e-09	4.70886e-09	4.76356e-09	4.80678e-09	4.80267e-09	4.8121e-09	4.60197e-09	4.62224e-09	4.63395e-09	4.61105e-09	4.60091e-09	4.63343e-09	7.6372e-09	5.57528e-09	5.61578e-09	5.51716e-09	5.50504e-09	5.57956e-09	4.59625e-09	4.50334e-09	4.59379e-09	4.58969e-09	4.59684e-09	4.57952e-09	4.77339e-09	4.84793e-09	4.76095e-09	4.72246e-09	4.77283e-09	4.64404e-09	4.64405e-09	4.69577e-09	4.73083e-09	4.73279e-09	4.66865e-09	4.72235e-09	4.65061e-09	4.66526e-09	4.6683e-09	4.72268e-09	4.72589e-09	4.7116e-09	4.60618e-09	4.60772e-09	4.59738e-09	4.6578e-09	4.66664e-09	4.6632e-09	3.63752e-09	3.66836e-09	3.6731e-09	3.62881e-09	3.62328e-09	3.62006e-09	3.5381e-09	3.60816e-09	3.63122e-09	3.61626e-09	3.62462e-09	3.60512e-09	4.40249e-09	4.42436e-09	4.43292e-09	4.42459e-09	4.43104e-09	4.43353e-09	1.68205e-09	1.70018e-09	1.7069e-09	1.70627e-09	1.70639e-09	1.7045e-09	3.55967e-09	3.55216e-09	3.54254e-09	3.54036e-09	3.54134e-09	3.54015e-09	3.54035e-09	3.6743e-09	3.66118e-09	3.55156e-09	3.58616e-09	3.59552e-09	3.62577e-09	3.64133e-09	3.63512e-09	3.59135e-09	3.58809e-09	3.59501e-09	3.45631e-09	3.54402e-09	3.54115e-09	3.50601e-09	3.54759e-09	3.53449e-09
ERR609120-k20-n1-x5e9	4.72941e-09	4.72865e-09	4.72707e-09	4.75127e-09	4.76249e-09	4.75577e-09	4.61657e-09	4.5823e-09	4.55043e-09	4.5632e-09	4.57086e-09	4.578e-09	5.57528e-09	9.30404e-09	5.5549e-09	5.56827e-09	5.56969e-09	5.5494e-09	4.52837e-09	4.55054e-09	4.51351e-09	4.54252e-09	4.55164e-09	4.53971e-09	4.71274e-09	4.83874e-09	4.72618e-09	4.77693e-09	4.78291e-09	4.67739e-09	4.68162e-09	4.67824e-09	4.6798e-09	4.70441e-09	4.73009e-09	4.74469e-09	4.67735e-09	4.63618e-09	4.60886e-09	4.64524e-09	4.6489e-09	4.63962e-09	4.54856e-09	4.52355e-09	4.51993e-09	4.59576e-09	4.59217e-09	4.59701e-09	3.59618e-09	3.60497e-09	3.59173e-09	3.49741e-09	3.49744e-09	3.50191e-09	3.44305e-09	3.5161e-09	3.56967e-09	3.56042e-09	3.56862e-09	3.51512e-09	4.36147e-09	4.37555e-09	4.39802e-09	4.38608e-09	4.38648e-09	4.38282e-09	1.62347e-09	1.66006e-09	1.67718e-09	1.66676e-09	1.6684e-09	1.66796e-09	3.48295e-09	3.44386e-09	3.42351e-09	3.41654e-09	3.41891e-09	3.42052e-09	3.48741e-09	3.53271e-09	3.53208e-09	3.48315e-09	3.52768e-09	3.51966e-09	3.54831e-09	3.57801e-09	3.56707e-09	3.47913e-09	3.48651e-09	3.49326e-09	3.3901e-09	3.41347e-09	3.4189e-09	3.37284e-09	3.4188e-09	3.41928e-09
ERR609121-k20-n1-x5e9	4.77798e-09	4.71924e-09	4.75464e-09	4.79493e-09	4.80915e-09	4.79909e-09	4.55291e-09	4.60319e-09	4.59319e-09	4.57249e-09	4.55615e-09	4.57924e-09	5.61578e-09	5.5549e-09	7.79586e-09	5.59026e-09	5.58355e-09	5.61907e-09	4.57247e-09	4.51393e-09	4.57115e-09	4.59641e-09	4.60318e-09	4.59126e-09	4.78937e-09	4.82139e-09	4.75739e-09	4.81268e-09	4.79996e-09	4.63328e-09	4.72941e-09	4.73787e-09	4.76608e-09	4.77079e-09	4.77777e-09	4.80059e-09	4.61956e-09	4.63018e-09	4.63346e-09	4.66938e-09	4.67201e-09	4.66327e-09	4.60246e-09	4.59786e-09	4.57162e-09	4.62574e-09	4.62688e-09	4.61399e-09	3.65629e-09	3.65789e-09	3.65773e-09	3.59174e-09	3.58612e-09	3.5789e-09	3.57477e-09	3.60472e-09	3.60949e-09	3.59784e-09	3.61327e-09	3.60293e-09	4.4195e-09	4.43026e-09	4.43421e-09	4.42959e-09	4.4261e-09	4.43969e-09	1.69478e-09	1.70043e-09	1.70416e-09	1.70377e-09	1.70452e-09	1.69896e-09	3.53928e-09	3.53645e-09	3.52888e-09	3.51472e-09	3.52395e-09	3.52369e-09	3.55051e-09	3.6219e-09	3.61922e-09	3.51755e-09	3.55332e-09	3.55388e-09	3.61031e-09	3.6322e-09	3.62208e-09	3.56754e-09	3.57106e-09	3.58529e-09	3.42722e-09	3.51914e-09	3.51349e-09	3.45046e-09	3.49348e-09	3.47884e-09
ERR609122-k20-n1-x5e9	4.80057e-09	4.69757e-09	4.77717e-09	4.77855e-09	4.79556e-09	4.78706e-09	4.61242e-09	4.56938e-09	4.64437e-09	4.61913e-09	4.61995e-09	4.6351e-09	5.51716e-09	5.56827e-09	5.59026e-09	7.66494e-09	5.5394e-09	5.54886e-09	4.58744e-09	4.51452e-09	4.59889e-09	4.5884e-09	4.58531e-09	4.56585e-09	4.74785e-09	4.84107e-09	4.76333e-09	4.74615e-09	4.72235e-09	4.63975e-09	4.62583e-09	4.66339e-09	4.69556e-09	4.7233e-09	4.67989e-09	4.68016e-09	4.64764e-09	4.68048e-09	4.66777e-09	4.72729e-09	4.73303e-09	4.7219e-09	4.59947e-09	4.59012e-09	4.58848e-09	4.65568e-09	4.66897e-09	4.65555e-09	3.64843e-09	3.67322e-09	3.66676e-09	3.63426e-09	3.62448e-09	3.62164e-09	3.54153e-09	3.6195e-09	3.63538e-09	3.63154e-09	3.62494e-09	3.61453e-09	4.37568e-09	4.44307e-09	4.4261e-09	4.42676e-09	4.42465e-09	4.44879e-09	1.68085e-09	1.69955e-09	1.70991e-09	1.70814e-09	1.70778e-09	1.70431e-09	3.55587e-09	3.538e-09	3.5521e-09	3.54774e-09	3.54391e-09	3.53854e-09	3.56362e-09	3.68895e-09	3.67375e-09	3.57284e-09	3.60894e-09	3.60285e-09	3.62554e-09	3.64367e-09	3.62658e-09	3.58671e-09	3.6045e-09	3.60249e-09	3.47578e-09	3.56363e-09	3.56693e-09	3.53362e-09	3.57947e-09	3.56251e-09
ERR609123-k20-n1-x5e9	4.82137e-09	4.7028e-09	4.77278e-09	4.7941e-09	4.80223e-09	4.7985e-09	4.61965e-09	4.61498e-09	4.64897e-09	4.6334e-09	4.62174e-09	4.64897e-09	5.50504e-09	5.56969e-09	5.58355e-09	5.5394e-09	7.6557e-09	5.57821e-09	4.59421e-09	4.5076e-09	4.59409e-09	4.58982e-09	4.58525e-09	4.58554e-09	4.76917e-09	4.85679e-09	4.75384e-09	4.73804e-09	4.75552e-09	4.64077e-09	4.63466e-09	4.67972e-09	4.70439e-09	4.72245e-09	4.68114e-09	4.68025e-09	4.65426e-09	4.67043e-09	4.68712e-09	4.72114e-09	4.73747e-09	4.72333e-09	4.61147e-09	4.61095e-09	4.59444e-09	4.66386e-09	4.66811e-09	4.66374e-09	3.63254e-09	3.67824e-09	3.66536e-09	3.63464e-09	3.63148e-09	3.61732e-09	3.54107e-09	3.60315e-09	3.62883e-09	3.61925e-09	3.63276e-09	3.60135e-09	4.38261e-09	4.42575e-09	4.43535e-09	4.42574e-09	4.42376e-09	4.43632e-09	1.68376e-09	1.69974e-09	1.71011e-09	1.7054e-09	1.70315e-09	1.70505e-09	3.56077e-09	3.54214e-09	3.54984e-09	3.55539e-09	3.53764e-09	3.5491e-09	3.55307e-09	3.67943e-09	3.68261e-09	3.56532e-09	3.5932e-09	3.59508e-09	3.62697e-09	3.64745e-09	3.62889e-09	3.60338e-09	3.59908e-09	3.60551e-09	3.47099e-09	3.55694e-09	3.55945e-09	3.52279e-09	3.56868e-09	3.55853e-09
ERR609124-k20-n1-x5e9	4.78963e-09	4.70882e-09	4.7378e-09	4.78146e-09	4.79282e-09	4.78749e-09	4.57011e-09	4.61782e-09	4.60275e-09	4.58685e-09	4.57585e-09	4.59644e-09	5.57956e-09	5.5494e-09	5.61907e-09	5.54886e-09	5.57821e-09	7.6421e-09	4.56865e-09	4.50748e-09	4.58089e-09	4.57913e-09	4.59259e-09	4.5885e-09	4.77085e-09	4.8342e-09	4.7493e-09	4.79897e-09	4.78994e-09	4.63956e-09	4.6735e-09	4.70742e-09	4.73588e-09	4.74067e-09	4.73327e-09	4.76354e-09	4.62504e-09	4.64727e-09	4.64427e-09	4.68351e-09	4.68515e-09	4.67781e-09	4.59407e-09	4.5888e-09	4.57757e-09	4.63482e-09	4.62912e-09	4.63726e-09	3.65121e-09	3.62614e-09	3.64054e-09	3.59146e-09	3.59259e-09	3.58886e-09	3.55708e-09	3.5936e-09	3.60167e-09	3.59498e-09	3.60343e-09	3.59475e-09	4.39696e-09	4.41689e-09	4.42995e-09	4.41013e-09	4.41383e-09	4.42825e-09	1.68088e-09	1.69512e-09	1.69684e-09	1.69481e-09	1.69499e-09	1.69738e-09	3.54071e-09	3.53824e-09	3.53444e-09	3.51603e-09	3.52685e-09	3.51945e-09	3.54046e-09	3.63964e-09	3.64354e-09	3.52304e-09	3.57463e-09	3.56652e-09	3.5996e-09	3.62164e-09	3.61908e-09	3.57338e-09	3.58094e-09	3.58314e-09	3.43832e-09	3.53204e-09	3.51998e-09	3.47536e-09	3.50852e-09	3.50221e-09
ERR610223-k20-n1-x5e9	4.7304e-09	4.54942e-09	4.66403e-09	4.71845e-09	4.73591e-09	4.72324e-09	4.84595e-09	4.89074e-09	4.89773e-09	4.84809e-09	4.81235e-09	4.84409e-09	4.59625e-09	4.52837e-09	4.57247e-09	4.58744e-09	4.59421e-09	4.56865e-09	7.89175e-09	5.67586e-09	5.78418e-09	5.76431e-09	5.77661e-09	5.75648e-09	4.54573e-09	4.67218e-09	4.56446e-09	4.63109e-09	4.61819e-09	4.43924e-09	4.5271e-09	4.57167e-09	4.57049e-09	4.58518e-09	4.59777e-09	4.6091e-09	4.91224e-09	4.95813e-09	4.96417e-09	4.96502e-09	4.965e-09	4.94813e-09	5.05077e-09	5.07279e-09	5.05028e-09	5.03783e-09	5.05861e-09	5.04864e-09	3.67355e-09	3.66927e-09	3.65997e-09	3.65641e-09	3.6639e-09	3.66075e-09	3.56999e-09	3.62797e-09	3.6481e-09	3.6471e-09	3.65966e-09	3.62398e-09	4.35858e-09	4.43211e-09	4.42558e-09	4.42774e-09	4.43655e-09	4.43564e-09	1.7188e-09	1.74369e-09	1.74818e-09	1.74345e-09	1.73893e-09	1.73854e-09	3.51942e-09	3.51467e-09	3.50039e-09	3.51411e-09	3.48004e-09	3.48031e-09	3.48215e-09	3.65728e-09	3.65622e-09	3.51589e-09	3.54521e-09	3.54916e-09	3.6683e-09	3.70103e-09	3.67378e-09	3.63806e-09	3.66929e-09	3.66738e-09	3.41603e-09	3.5804e-09	3.56848e-09	3.48782e-09	3.52378e-09	3.51063e-09
ERR610224-k20-n1-x5e9	4.59543e-09	4.6834e-09	4.64342e-09	4.63907e-09	4.63715e-09	4.64029e-09	4.7946e-09	4.70774e-09	4.68577e-09	4.72289e-09	4.71117e-09	4.73953e-09	4.50334e-09	4.55054e-09	4.51393e-09	4.51452e-09	4.5076e-09	4.50748e-09	5.67586e-09	1.07746e-08	5.73298e-09	5.70464e-09	5.72248e-09	5.71273e-09	4.58418e-09	4.6277e-09	4.55263e-09	4.58668e-09	4.56964e-09	4.42634e-09	4.70692e-09	4.56483e-09	4.5645e-09	4.61314e-09	4.63784e-09	4.64752e-09	5.05e-09	5.05532e-09	5.01293e-09	4.94799e-09	4.95351e-09	4.96499e-09	5.04194e-09	5.00437e-09	5.00888e-09	4.96078e-09	4.98644e-09	4.98295e-09	3.5243e-09	3.55769e-09	3.55774e-09	3.44039e-09	3.43666e-09	3.43635e-09	3.47932e-09	3.47187e-09	3.47449e-09	3.46934e-09	3.47845e-09	3.47068e-09	4.41449e-09	4.35572e-09	4.35077e-09	4.34174e-09	4.33298e-09	4.36518e-09	1.69555e-09	1.6766e-09	1.67097e-09	1.68144e-09	1.6828e-09	1.67919e-09	3.36402e-09	3.36736e-09	3.35868e-09	3.36219e-09	3.37204e-09	3.36921e-09	3.37758e-09	3.40297e-09	3.40171e-09	3.33393e-09	3.3808e-09	3.37753e-09	3.49227e-09	3.50792e-09	3.513e-09	3.44837e-09	3.45672e-09	3.44876e-09	3.30177e-09	3.33178e-09	3.32215e-09	3.25539e-09	3.3074e-09	3.29266e-09
ERR610225-k20-n1-x5e9	4.67832e-09	4.56963e-09	4.66423e-09	4.71587e-09	4.70874e-09	4.71504e-09	4.81732e-09	4.87175e-09	4.82355e-09	4.84388e-09	4.82676e-09	4.83378e-09	4.59379e-09	4.51351e-09	4.57115e-09	4.59889e-09	4.59409e-09	4.58089e-09	5.78418e-09	5.73298e-09	8.17412e-09	5.74723e-09	5.77677e-09	5.76008e-09	4.54483e-09	4.61753e-09	4.55352e-09	4.64168e-09	4.64035e-09	4.42359e-09	4.56938e-09	4.58329e-09	4.56635e-09	4.55861e-09	4.62026e-09	4.65057e-09	4.92043e-09	4.96443e-09	4.96176e-09	4.95097e-09	4.95458e-09	4.96005e-09	5.00372e-09	5.03369e-09	4.99991e-09	5.01991e-09	5.02337e-09	5.02116e-09	3.64028e-09	3.65389e-09	3.65218e-09	3.61322e-09	3.61427e-09	3.59784e-09	3.57436e-09	3.58668e-09	3.59636e-09	3.60175e-09	3.61004e-09	3.5811e-09	4.37574e-09	4.38949e-09	4.39324e-09	4.39942e-09	4.40365e-09	4.39816e-09	1.7075e-09	1.72451e-09	1.72901e-09	1.72143e-09	1.71837e-09	1.72232e-09	3.47833e-09	3.4848e-09	3.4829e-09	3.49783e-09	3.473e-09	3.47527e-09	3.45821e-09	3.54442e-09	3.54275e-09	3.46495e-09	3.50267e-09	3.4989e-09	3.60363e-09	3.65477e-09	3.63048e-09	3.60373e-09	3.61895e-09	3.61853e-09	3.36853e-09	3.53868e-09	3.53502e-09	3.38569e-09	3.43329e-09	3.43161e-09
ERR610226-k20-n1-x5e9	4.72424e-09	4.58671e-09	4.66692e-09	4.73511e-09	4.73604e-09	4.73915e-09	4.80216e-09	4.85058e-09	4.85273e-09	4.79634e-09	4.78744e-09	4.80718e-09	4.58969e-09	4.54252e-09	4.59641e-09	4.5884e-09	4.58982e-09	4.57913e-09	5.76431e-09	5.70464e-09	5.74723e-09	7.89846e-09	5.77867e-09	5.76376e-09	4.59748e-09	4.67348e-09	4.57672e-09	4.63893e-09	4.6279e-09	4.45379e-09	4.6305e-09	4.61503e-09	4.63002e-09	4.65949e-09	4.65599e-09	4.67698e-09	4.91578e-09	4.93701e-09	4.94527e-09	4.95315e-09	4.95751e-09	4.94277e-09	5.06866e-09	5.06149e-09	5.03932e-09	5.04365e-09	5.04861e-09	5.04393e-09	3.6709e-09	3.68237e-09	3.66057e-09	3.63217e-09	3.62709e-09	3.63702e-09	3.58154e-09	3.62976e-09	3.64578e-09	3.64442e-09	3.63793e-09	3.62845e-09	4.38182e-09	4.4301e-09	4.43442e-09	4.43897e-09	4.43852e-09	4.43745e-09	1.73374e-09	1.74419e-09	1.74467e-09	1.74544e-09	1.74338e-09	1.7413e-09	3.51414e-09	3.51737e-09	3.50538e-09	3.49573e-09	3.49927e-09	3.5037e-09	3.4765e-09	3.61371e-09	3.60364e-09	3.48252e-09	3.50701e-09	3.50424e-09	3.65857e-09	3.68991e-09	3.67792e-09	3.62376e-09	3.6488e-09	3.64928e-09	3.39993e-09	3.53592e-09	3.52728e-09	3.44536e-09	3.4811e-09	3.47332e-09
ERR610227-k20-n1-x5e9	4.71948e-09	4.58172e-09	4.65459e-09	4.74296e-09	4.73211e-09	4.72537e-09	4.81169e-09	4.8488e-09	4.86077e-09	4.81397e-09	4.79958e-09	4.82217e-09	4.59684e-09	4.55164e-09	4.60318e-09	4.58531e-09	4.58525e-09	4.59259e-09	5.77661e-09	5.72248e-09	5.77677e-09	5.77867e-09	7.84428e-09	5.76652e-09	4.60937e-09	4.69643e-09	4.58929e-09	4.64593e-09	4.64674e-09	4.46065e-09	4.62682e-09	4.60954e-09	4.62748e-09	4.64385e-09	4.6488e-09	4.66482e-09	4.9112e-09	4.94697e-09	4.94096e-09	4.9674e-09	4.97054e-09	4.95611e-09	5.05365e-09	5.06376e-09	5.0367e-09	5.0564e-09	5.05404e-09	5.06018e-09	3.67619e-09	3.67468e-09	3.66678e-09	3.64906e-09	3.63877e-09	3.64372e-09	3.58402e-09	3.63557e-09	3.6452e-09	3.63621e-09	3.64242e-09	3.63135e-09	4.38677e-09	4.43207e-09	4.43167e-09	4.44167e-09	4.4272e-09	4.44074e-09	1.72937e-09	1.74657e-09	1.74885e-09	1.74922e-09	1.74661e-09	1.74627e-09	3.53054e-09	3.53164e-09	3.52079e-09	3.50869e-09	3.51572e-09	3.51005e-09	3.48217e-09	3.61809e-09	3.61582e-09	3.48792e-09	3.5258e-09	3.52124e-09	3.66684e-09	3.69377e-09	3.67318e-09	3.64057e-09	3.65115e-09	3.65558e-09	3.41761e-09	3.54573e-09	3.53311e-09	3.46776e-09	3.49861e-09	3.48802e-09
ERR610228-k20-n1-x5e9	4.71133e-09	4.57588e-09	4.6454e-09	4.73106e-09	4.72774e-09	4.71715e-09	4.81475e-09	4.84061e-09	4.85006e-09	4.81477e-09	4.79832e-09	4.829e-09	4.57952e-09	4.53971e-09	4.59126e-09	4.56585e-09	4.58554e-09	4.5885e-09	5.75648e-09	5.71273e-09	5.76008e-09	5.76376e-09	5.76652e-09	7.84202e-09	4.60862e-09	4.68172e-09	4.57948e-09	4.62826e-09	4.62441e-09	4.4584e-09	4.61836e-09	4.60619e-09	4.62183e-09	4.6355e-09	4.6395e-09	4.67037e-09	4.91297e-09	4.9438e-09	4.94489e-09	4.95964e-09	4.97197e-09	4.96327e-09	5.04963e-09	5.04917e-09	5.04987e-09	5.06236e-09	5.06062e-09	5.05494e-09	3.67572e-09	3.67766e-09	3.674e-09	3.64145e-09	3.64517e-09	3.64685e-09	3.58839e-09	3.61707e-09	3.65425e-09	3.65505e-09	3.64714e-09	3.61609e-09	4.38765e-09	4.43477e-09	4.43019e-09	4.43985e-09	4.43502e-09	4.44107e-09	1.72965e-09	1.74812e-09	1.74646e-09	1.74916e-09	1.74807e-09	1.74454e-09	3.5282e-09	3.52699e-09	3.52434e-09	3.52034e-09	3.50811e-09	3.51731e-09	3.48308e-09	3.61842e-09	3.6169e-09	3.4881e-09	3.52286e-09	3.52863e-09	3.66364e-09	3.69377e-09	3.68057e-09	3.64128e-09	3.66004e-09	3.66139e-09	3.42043e-09	3.53935e-09	3.52823e-09	3.46369e-09	3.514e-09	3.49525e-09
ERR607158-k20-n1-x5e9	4.75895e-09	4.84176e-09	4.78917e-09	4.84208e-09	4.82581e-09	4.84223e-09	4.51799e-09	4.59326e-09	4.51687e-09	4.59361e-09	4.59747e-09	4.59971e-09	4.77339e-09	4.71274e-09	4.78937e-09	4.74785e-09	4.76917e-09	4.77085e-09	4.54573e-09	4.58418e-09	4.54483e-09	4.59748e-09	4.60937e-09	4.60862e-09	7.94398e-09	5.24145e-09	5.25011e-09	5.32543e-09	5.31373e-09	5.1274e-09	5.00234e-09	4.87123e-09	4.85527e-09	4.88566e-09	4.96298e-09	4.98283e-09	4.69155e-09	4.63952e-09	4.64657e-09	4.72945e-09	4.73868e-09	4.72123e-09	4.64488e-09	4.62913e-09	4.6048e-09	4.68667e-09	4.69343e-09	4.68709e-09	3.75158e-09	3.73699e-09	3.74205e-09	3.64506e-09	3.64326e-09	3.64005e-09	3.71371e-09	3.65413e-09	3.65242e-09	3.63975e-09	3.65011e-09	3.65647e-09	4.4706e-09	4.43586e-09	4.41603e-09	4.39675e-09	4.40995e-09	4.45018e-09	1.74554e-09	1.73772e-09	1.72397e-09	1.73134e-09	1.73286e-09	1.72341e-09	3.77413e-09	3.83414e-09	3.84371e-09	3.84059e-09	3.89274e-09	3.89229e-09	3.86846e-09	3.68475e-09	3.67843e-09	3.65501e-09	3.69029e-09	3.68994e-09	3.68418e-09	3.70269e-09	3.71789e-09	3.66654e-09	3.66034e-09	3.6486e-09	3.89492e-09	3.73269e-09	3.72055e-09	3.72203e-09	3.7859e-09	3.77825e-09
ERR607159-k20-n1-x5e9	4.8248e-09	4.82433e-09	4.86912e-09	4.88409e-09	4.87567e-09	4.88915e-09	4.65608e-09	4.71092e-09	4.6448e-09	4.72929e-09	4.71827e-09	4.74278e-09	4.84793e-09	4.83874e-09	4.82139e-09	4.84107e-09	4.85679e-09	4.8342e-09	4.67218e-09	4.6277e-09	4.61753e-09	4.67348e-09	4.69643e-09	4.68172e-09	5.24145e-09	7.07473e-09	5.33582e-09	5.33896e-09	5.32255e-09	5.17159e-09	4.82518e-09	4.85857e-09	4.84999e-09	4.85891e-09	4.91307e-09	4.93088e-09	4.78289e-09	4.80052e-09	4.83188e-09	4.82452e-09	4.82686e-09	4.81707e-09	4.72597e-09	4.72347e-09	4.68982e-09	4.79002e-09	4.79602e-09	4.80124e-09	3.82926e-09	3.84512e-09	3.84375e-09	3.74604e-09	3.74326e-09	3.74923e-09	3.73307e-09	3.73512e-09	3.76486e-09	3.74831e-09	3.75857e-09	3.73158e-09	4.48913e-09	4.43079e-09	4.4623e-09	4.45687e-09	4.46951e-09	4.43592e-09	1.75958e-09	1.76491e-09	1.76387e-09	1.76764e-09	1.76938e-09	1.76966e-09	3.8504e-09	3.85152e-09	3.83752e-09	3.88009e-09	3.88066e-09	3.88463e-09	3.88164e-09	3.87656e-09	3.87566e-09	3.83645e-09	3.86459e-09	3.86835e-09	3.78485e-09	3.79155e-09	3.77725e-09	3.7236e-09	3.73483e-09	3.73542e-09	3.95089e-09	3.8494e-09	3.83502e-09	3.86004e-09	3.92024e-09	3.92574e-09
ERR607160-k20-n1-x5e9	4.7549e-09	4.80944e-09	4.76748e-09	4.79268e-09	4.79753e-09	4.79841e-09	4.59491e-09	4.60499e-09	4.57598e-09	4.62817e-09	4.61608e-09	4.63895e-09	4.76095e-09	4.72618e-09	4.75739e-09	4.76333e-09	4.75384e-09	4.7493e-09	4.56446e-09	4.55263e-09	4.55352e-09	4.57672e-09	4.58929e-09	4.57948e-09	5.25011e-09	5.33582e-09	8.69058e-09	5.25832e-09	5.22954e-09	5.13786e-09	4.784e-09	4.76148e-09	4.77688e-09	4.77523e-09	4.81269e-09	4.82631e-09	4.75557e-09	4.68329e-09	4.69058e-09	4.7346e-09	4.73749e-09	4.73047e-09	4.63923e-09	4.64957e-09	4.59876e-09	4.69781e-09	4.68975e-09	4.69355e-09	3.7008e-09	3.70129e-09	3.69965e-09	3.64881e-09	3.64655e-09	3.64869e-09	3.55321e-09	3.64928e-09	3.65001e-09	3.64559e-09	3.64121e-09	3.64912e-09	4.35823e-09	4.39045e-09	4.39393e-09	4.38997e-09	4.39372e-09	4.39927e-09	1.67307e-09	1.71562e-09	1.72103e-09	1.72189e-09	1.7257e-09	1.7204e-09	3.75389e-09	3.76166e-09	3.75153e-09	3.72915e-09	3.75046e-09	3.74945e-09	3.75392e-09	3.70338e-09	3.70238e-09	3.70467e-09	3.7224e-09	3.72812e-09	3.66454e-09	3.67013e-09	3.6591e-09	3.62055e-09	3.63307e-09	3.63996e-09	3.78881e-09	3.65709e-09	3.65734e-09	3.69461e-09	3.74201e-09	3.753e-09
ERR607161-k20-n1-x5e9	4.83876e-09	4.79023e-09	4.81713e-09	4.85746e-09	4.85088e-09	4.85867e-09	4.62783e-09	4.65949e-09	4.66391e-09	4.66216e-09	4.65024e-09	4.67872e-09	4.72246e-09	4.77693e-09	4.81268e-09	4.74615e-09	4.73804e-09	4.79897e-09	4.63109e-09	4.58668e-09	4.64168e-09	4.63893e-09	4.64593e-09	4.62826e-09	5.32543e-09	5.33896e-09	5.25832e-09	7.35721e-09	5.27496e-09	5.15508e-09	4.76614e-09	4.81628e-09	4.85141e-09	4.85752e-09	4.78708e-09	4.84662e-09	4.76087e-09	4.75521e-09	4.74914e-09	4.81893e-09	4.83024e-09	4.80572e-09	4.72768e-09	4.72148e-09	4.71065e-09	4.76193e-09	4.77032e-09	4.76626e-09	3.74749e-09	3.7586e-09	3.76683e-09	3.71861e-09	3.72151e-09	3.70778e-09	3.6467e-09	3.68981e-09	3.71254e-09	3.69629e-09	3.70349e-09	3.68872e-09	4.43281e-09	4.43928e-09	4.45853e-09	4.43343e-09	4.43905e-09	4.44768e-09	1.73402e-09	1.74035e-09	1.74218e-09	1.74436e-09	1.74625e-09	1.74313e-09	3.81281e-09	3.82786e-09	3.82654e-09	3.82641e-09	3.84695e-09	3.84432e-09	3.81407e-09	3.84329e-09	3.82576e-09	3.72528e-09	3.75316e-09	3.76488e-09	3.72354e-09	3.73605e-09	3.72957e-09	3.6874e-09	3.68706e-09	3.68518e-09	3.8561e-09	3.76456e-09	3.75936e-09	3.82068e-09	3.8718e-09	3.86583e-09
ERR607162-k20-n1-x5e9	4.85128e-09	4.75672e-09	4.77605e-09	4.84213e-09	4.83808e-09	4.84464e-09	4.60893e-09	4.65457e-09	4.65932e-09	4.65201e-09	4.63164e-09	4.64711e-09	4.77283e-09	4.78291e-09	4.79996e-09	4.72235e-09	4.75552e-09	4.78994e-09	4.61819e-09	4.56964e-09	4.64035e-09	4.6279e-09	4.64674e-09	4.62441e-09	5.31373e-09	5.32255e-09	5.22954e-09	5.27496e-09	7.38053e-09	5.14626e-09	4.78088e-09	4.82154e-09	4.82782e-09	4.8633e-09	4.82405e-09	4.86194e-09	4.73631e-09	4.73406e-09	4.74047e-09	4.7916e-09	4.7979e-09	4.78468e-09	4.72326e-09	4.69402e-09	4.68131e-09	4.74549e-09	4.74122e-09	4.75253e-09	3.75406e-09	3.74412e-09	3.74798e-09	3.70523e-09	3.70108e-09	3.70272e-09	3.65517e-09	3.66669e-09	3.70184e-09	3.68924e-09	3.69469e-09	3.66862e-09	4.42403e-09	4.44253e-09	4.43757e-09	4.43684e-09	4.44178e-09	4.45156e-09	1.7353e-09	1.73173e-09	1.73742e-09	1.73397e-09	1.73735e-09	1.73846e-09	3.78616e-09	3.80796e-09	3.80824e-09	3.79808e-09	3.81877e-09	3.81223e-09	3.78783e-09	3.82211e-09	3.8185e-09	3.70192e-09	3.74733e-09	3.74263e-09	3.7167e-09	3.72034e-09	3.7123e-09	3.68046e-09	3.67728e-09	3.68281e-09	3.8219e-09	3.74862e-09	3.72495e-09	3.79745e-09	3.84289e-09	3.8427e-09
ERR607163-k20-n1-x5e9	4.64679e-09	4.64185e-09	4.63534e-09	4.67934e-09	4.67724e-09	4.68593e-09	4.49285e-09	4.50587e-09	4.45956e-09	4.51566e-09	4.50841e-09	4.52963e-09	4.64404e-09	4.67739e-09	4.63328e-09	4.63975e-09	4.64077e-09	4.63956e-09	4.43924e-09	4.42634e-09	4.42359e-09	4.45379e-09	4.46065e-09	4.4584e-09	5.1274e-09	5.17159e-09	5.13786e-09	5.15508e-09	5.14626e-09	9.34176e-09	4.62613e-09	4.64019e-09	4.64688e-09	4.65424e-09	4.69975e-09	4.71697e-09	4.61745e-09	4.64485e-09	4.60858e-09	4.60947e-09	4.61382e-09	4.61858e-09	4.50116e-09	4.51193e-09	4.47215e-09	4.56551e-09	4.57206e-09	4.56275e-09	3.60519e-09	3.62683e-09	3.62968e-09	3.49499e-09	3.49514e-09	3.49278e-09	3.4734e-09	3.46673e-09	3.50672e-09	3.49965e-09	3.52051e-09	3.46871e-09	4.2907e-09	4.26548e-09	4.27305e-09	4.26263e-09	4.26886e-09	4.27878e-09	1.64107e-09	1.63835e-09	1.64935e-09	1.64158e-09	1.64465e-09	1.64197e-09	3.58468e-09	3.59627e-09	3.60025e-09	3.59898e-09	3.61374e-09	3.61092e-09	3.68274e-09	3.64384e-09	3.63556e-09	3.58358e-09	3.61435e-09	3.61631e-09	3.5077e-09	3.5516e-09	3.5415e-09	3.47156e-09	3.46559e-09	3.46858e-09	3.66665e-09	3.55712e-09	3.53196e-09	3.60311e-09	3.65289e-09	3.64989e-09
ERR606660-k20-n1-x5e9	4.6866e-09	4.80074e-09	4.7578e-09	4.80094e-09	4.79448e-09	4.78976e-09	4.4996e-09	4.52542e-09	4.47685e-09	4.57259e-09	4.57699e-09	4.59627e-09	4.64405e-09	4.68162e-09	4.72941e-09	4.62583e-09	4.63466e-09	4.6735e-09	4.5271e-09	4.70692e-09	4.56938e-09	4.6305e-09	4.62682e-09	4.61836e-09	5.00234e-09	4.82518e-09	4.784e-09	4.76614e-09	4.78088e-09	4.62613e-09	1.19327e-08	5.7562e-09	5.76579e-09	5.80108e-09	5.82279e-09	5.88083e-09	4.66826e-09	4.54864e-09	4.58302e-09	4.70105e-09	4.71269e-09	4.69879e-09	4.72395e-09	4.71939e-09	4.67702e-09	4.78238e-09	4.78172e-09	4.79118e-09	3.36911e-09	3.37464e-09	3.40384e-09	3.26149e-09	3.25477e-09	3.25749e-09	3.43674e-09	3.35375e-09	3.35524e-09	3.3319e-09	3.35274e-09	3.35719e-09	4.40593e-09	4.26985e-09	4.25264e-09	4.22814e-09	4.2353e-09	4.29305e-09	1.69388e-09	1.65712e-09	1.64403e-09	1.6486e-09	1.65005e-09	1.64817e-09	3.31589e-09	3.34718e-09	3.34705e-09	3.30732e-09	3.41348e-09	3.40595e-09	3.26296e-09	3.12573e-09	3.116e-09	3.092e-09	3.13377e-09	3.12985e-09	3.38374e-09	3.37703e-09	3.40881e-09	3.31887e-09	3.30855e-09	3.30628e-09	3.26491e-09	3.1274e-09	3.12081e-09	3.0738e-09	3.14385e-09	3.12212e-09
ERR606661-k20-n1-x5e9	4.73238e-09	4.68177e-09	4.70072e-09	4.78378e-09	4.77624e-09	4.78366e-09	4.52456e-09	4.60798e-09	4.58022e-09	4.59658e-09	4.58548e-09	4.61479e-09	4.69577e-09	4.67824e-09	4.73787e-09	4.66339e-09	4.67972e-09	4.70742e-09	4.57167e-09	4.56483e-09	4.58329e-09	4.61503e-09	4.60954e-09	4.60619e-09	4.87123e-09	4.85857e-09	4.76148e-09	4.81628e-09	4.82154e-09	4.64019e-09	5.7562e-09	7.66148e-09	5.64667e-09	5.67335e-09	5.65903e-09	5.6782e-09	4.6222e-09	4.61256e-09	4.60442e-09	4.70126e-09	4.70536e-09	4.68422e-09	4.72568e-09	4.71611e-09	4.69231e-09	4.76142e-09	4.75665e-09	4.76363e-09	3.50912e-09	3.48801e-09	3.49767e-09	3.42039e-09	3.41074e-09	3.41569e-09	3.47527e-09	3.47393e-09	3.4821e-09	3.45734e-09	3.47098e-09	3.47457e-09	4.26688e-09	4.27027e-09	4.26568e-09	4.26295e-09	4.24786e-09	4.27846e-09	1.69145e-09	1.68514e-09	1.68103e-09	1.6806e-09	1.68404e-09	1.68301e-09	3.44819e-09	3.45968e-09	3.45163e-09	3.42063e-09	3.48237e-09	3.47191e-09	3.34178e-09	3.3736e-09	3.36495e-09	3.26352e-09	3.31418e-09	3.30915e-09	3.48599e-09	3.50338e-09	3.50664e-09	3.43757e-09	3.43934e-09	3.43499e-09	3.32567e-09	3.32454e-09	3.31391e-09	3.28591e-09	3.33003e-09	3.31438e-09
