	ERR608445-k20-n1-x5e9	ERR608446-k20-n1-x5e9	ERR608447-k20-n1-x5e9	ERR608448-k20-n1-x5e9	ERR608449-k20-n1-x5e9	ERR608450-k20-n1-x5e9	ERR609523-k20-n1-x5e9	ERR609524-k20-n1-x5e9	ERR609525-k20-n1-x5e9	ERR609526-k20-n1-x5e9	ERR609527-k20-n1-x5e9	ERR609528-k20-n1-x5e9	ERR610087-k20-n1-x5e9	ERR610088-k20-n1-x5e9	ERR610089-k20-n1-x5e9	ERR610090-k20-n1-x5e9	ERR610091-k20-n1-x5e9	ERR610092-k20-n1-x5e9	ERR605399-k20-n1-x5e9	ERR605400-k20-n1-x5e9	ERR605401-k20-n1-x5e9	ERR605402-k20-n1-x5e9	ERR605403-k20-n1-x5e9	ERR605404-k20-n1-x5e9	ERR608695-k20-n1-x5e9	ERR608696-k20-n1-x5e9	ERR608697-k20-n1-x5e9	ERR608698-k20-n1-x5e9	ERR608699-k20-n1-x5e9	ERR608700-k20-n1-x5e9	ERR608925-k20-n1-x5e9	ERR608926-k20-n1-x5e9	ERR608927-k20-n1-x5e9	ERR608928-k20-n1-x5e9	ERR608929-k20-n1-x5e9	ERR608930-k20-n1-x5e9	ERR608457-k20-n1-x5e9	ERR608458-k20-n1-x5e9	ERR608459-k20-n1-x5e9	ERR608460-k20-n1-x5e9	ERR608461-k20-n1-x5e9	ERR608462-k20-n1-x5e9	ERR607373-k20-n1-x5e9	ERR607374-k20-n1-x5e9	ERR607375-k20-n1-x5e9	ERR607376-k20-n1-x5e9	ERR607377-k20-n1-x5e9	ERR607378-k20-n1-x5e9	ERR607925-k20-n1-x5e9	ERR607926-k20-n1-x5e9	ERR607927-k20-n1-x5e9	ERR607928-k20-n1-x5e9	ERR607929-k20-n1-x5e9	ERR607930-k20-n1-x5e9	ERR608149-k20-n1-x5e9	ERR608150-k20-n1-x5e9	ERR608151-k20-n1-x5e9	ERR608152-k20-n1-x5e9	ERR608153-k20-n1-x5e9	ERR608154-k20-n1-x5e9	ERR606654-k20-n1-x5e9	ERR606655-k20-n1-x5e9	ERR606656-k20-n1-x5e9	ERR606657-k20-n1-x5e9	ERR606658-k20-n1-x5e9	ERR606659-k20-n1-x5e9	ERR607995-k20-n1-x5e9	ERR607996-k20-n1-x5e9	ERR607997-k20-n1-x5e9	ERR607998-k20-n1-x5e9	ERR607999-k20-n1-x5e9	ERR608000-k20-n1-x5e9	ERR605617-k20-n1-x5e9	ERR605618-k20-n1-x5e9	ERR605619-k20-n1-x5e9	ERR605620-k20-n1-x5e9	ERR605621-k20-n1-x5e9	ERR605622-k20-n1-x5e9	ERR607379-k20-n1-x5e9	ERR607380-k20-n1-x5e9	ERR607381-k20-n1-x5e9	ERR607382-k20-n1-x5e9	ERR607383-k20-n1-x5e9	ERR607384-k20-n1-x5e9	ERR606678-k20-n1-x5e9	ERR606679-k20-n1-x5e9	ERR606680-k20-n1-x5e9	ERR606681-k20-n1-x5e9	ERR606682-k20-n1-x5e9	ERR606683-k20-n1-x5e9	ERR605695-k20-n1-x5e9	ERR605696-k20-n1-x5e9	ERR605697-k20-n1-x5e9	ERR605698-k20-n1-x5e9	ERR605699-k20-n1-x5e9	ERR605700-k20-n1-x5e9
ERR608445-k20-n1-x5e9	0	0.291478	0.312513	0.321278	0.325351	0.291374	0.436016	0.435316	0.444861	0.512028	0.495645	0.497644	0.529588	0.484761	0.658545	0.490217	0.476988	0.476973	0.466792	0.516217	0.461268	0.463843	0.462473	0.462707	0.517123	0.515808	0.52322	0.518383	0.518064	0.518634	0.444272	0.447377	0.453673	0.44618	0.445303	0.445558	0.440564	0.464029	0.474239	0.483157	0.47682	0.474512	0.429457	0.464342	0.473875	0.465227	0.463981	0.463962	0.422327	0.348973	0.617101	0.377649	0.369499	0.371477	0.294009	0.31328	0.330278	0.332597	0.336066	0.311918	0.452537	0.3873	0.381995	0.366838	0.375692	0.370913	0.431268	0.459326	0.457946	0.406587	0.414497	0.417033	0.394316	0.378497	0.372948	0.370879	0.367698	0.366448	0.418019	0.437764	0.437483	0.39735	0.402266	0.403421	0.43942	0.414927	0.40652	0.398917	0.427087	0.422521	0.412896	0.396637	0.390381	0.372103	0.358188	0.359383
ERR608446-k20-n1-x5e9	0.291478	0	0.257625	0.261175	0.263926	0.254826	0.416006	0.416149	0.476651	0.469872	0.456785	0.459233	0.5565	0.465465	0.699757	0.462306	0.477266	0.475755	0.445776	0.543544	0.450659	0.45353	0.451011	0.452557	0.52476	0.49155	0.494058	0.49404	0.494089	0.494899	0.461781	0.427791	0.427745	0.428154	0.42763	0.428573	0.439696	0.43154	0.435883	0.440447	0.436962	0.435923	0.42816	0.424339	0.42908	0.424482	0.423531	0.423808	0.480841	0.382403	0.662389	0.429374	0.419003	0.421219	0.319099	0.286972	0.287593	0.287697	0.289355	0.287435	0.501217	0.354908	0.353062	0.392104	0.361156	0.365438	0.367518	0.391593	0.392409	0.3465	0.351702	0.353596	0.341036	0.334365	0.330899	0.329645	0.339969	0.338369	0.367675	0.380162	0.381744	0.355515	0.357292	0.357495	0.478844	0.374064	0.37036	0.372378	0.385924	0.382952	0.360981	0.351319	0.348506	0.337352	0.358517	0.354158
ERR608447-k20-n1-x5e9	0.312513	0.257625	0	0.252089	0.252962	0.25835	0.416823	0.417301	0.493975	0.456605	0.445544	0.448077	0.57369	0.466917	0.718543	0.459653	0.483559	0.48141	0.446363	0.559812	0.455129	0.459076	0.456101	0.457835	0.535942	0.49216	0.492465	0.494608	0.494617	0.495595	0.474034	0.429041	0.42649	0.430275	0.430078	0.430985	0.448286	0.428893	0.430434	0.43173	0.430136	0.429265	0.435852	0.417144	0.419277	0.417193	0.416356	0.416715	0.502536	0.400514	0.680639	0.450772	0.440354	0.442533	0.338036	0.291151	0.283899	0.283414	0.283591	0.292419	0.518593	0.348936	0.34886	0.406617	0.362045	0.369676	0.34733	0.368227	0.369717	0.329501	0.333376	0.334705	0.327882	0.326159	0.32396	0.32439	0.336375	0.335587	0.355018	0.363136	0.365384	0.348666	0.348909	0.348735	0.493337	0.362548	0.361109	0.366964	0.373026	0.371	0.346348	0.34046	0.339864	0.334133	0.366624	0.35999
ERR608448-k20-n1-x5e9	0.321278	0.261175	0.252089	0	0.250225	0.260598	0.419285	0.41999	0.500846	0.454566	0.444298	0.446745	0.579297	0.468478	0.724354	0.45992	0.487535	0.485141	0.448161	0.565606	0.458004	0.461729	0.458458	0.460627	0.539173	0.491572	0.490995	0.493971	0.494178	0.495026	0.479167	0.430591	0.427259	0.432085	0.431787	0.432949	0.451774	0.428322	0.42863	0.429264	0.428265	0.427818	0.439705	0.415683	0.417039	0.415891	0.415279	0.415511	0.510283	0.407397	0.686446	0.458465	0.447973	0.450104	0.34563	0.29462	0.285252	0.28359	0.283548	0.295743	0.525761	0.350305	0.350905	0.413956	0.366079	0.374681	0.341361	0.36089	0.362966	0.324954	0.327893	0.329182	0.326774	0.326902	0.3247	0.325417	0.339425	0.338797	0.3516	0.358132	0.360737	0.347234	0.346844	0.346226	0.499912	0.362372	0.36173	0.368997	0.372477	0.370886	0.344555	0.340338	0.339862	0.335833	0.372437	0.365361
ERR608449-k20-n1-x5e9	0.325351	0.263926	0.252962	0.250225	0	0.262898	0.418801	0.419493	0.503197	0.450489	0.440624	0.443008	0.583088	0.469445	0.728095	0.459802	0.488232	0.485852	0.448201	0.568433	0.458647	0.462898	0.459806	0.461722	0.541354	0.492644	0.491801	0.4951	0.495414	0.496448	0.480809	0.430839	0.42721	0.432503	0.432227	0.433544	0.453347	0.428773	0.428655	0.428153	0.42748	0.427261	0.440755	0.414891	0.415747	0.414955	0.414328	0.414718	0.513817	0.411075	0.690327	0.462871	0.452098	0.454152	0.349014	0.296478	0.285939	0.284685	0.283713	0.297786	0.52761	0.348668	0.34944	0.416113	0.365373	0.374823	0.337605	0.356617	0.358555	0.322204	0.325152	0.326238	0.325036	0.326232	0.324639	0.326277	0.33872	0.338455	0.350089	0.355854	0.358131	0.347238	0.346778	0.346304	0.501174	0.359548	0.359401	0.367045	0.369171	0.36761	0.341468	0.337955	0.337847	0.335725	0.373337	0.366311
ERR608450-k20-n1-x5e9	0.291374	0.254826	0.25835	0.260598	0.262898	0	0.417646	0.417605	0.478291	0.469517	0.456733	0.459059	0.55811	0.466692	0.700866	0.462985	0.476975	0.475361	0.44666	0.544899	0.451657	0.454675	0.451932	0.453489	0.525237	0.492575	0.495139	0.495038	0.495062	0.495859	0.462294	0.428839	0.428981	0.429048	0.428738	0.429719	0.440838	0.433176	0.437593	0.441437	0.438239	0.437152	0.429059	0.425518	0.43036	0.42553	0.424692	0.424863	0.479815	0.381929	0.662653	0.428451	0.418051	0.420227	0.318635	0.286793	0.287816	0.287445	0.289029	0.286296	0.500327	0.35395	0.352112	0.391354	0.360187	0.364438	0.366706	0.390534	0.390966	0.345694	0.351432	0.35328	0.340068	0.333101	0.329816	0.32875	0.337474	0.33629	0.367157	0.379502	0.380833	0.355288	0.357323	0.357694	0.478071	0.372692	0.369009	0.370994	0.384044	0.381294	0.359831	0.350393	0.347555	0.336911	0.357687	0.352926
ERR609523-k20-n1-x5e9	0.436016	0.416006	0.416823	0.419285	0.418801	0.417646	0	0.244811	0.356691	0.34211	0.319284	0.322989	0.484802	0.366938	0.657367	0.365533	0.372001	0.370781	0.322111	0.454433	0.325006	0.334003	0.331473	0.332008	0.464711	0.436192	0.441822	0.440325	0.439248	0.440384	0.361849	0.320872	0.32297	0.322509	0.322639	0.322844	0.334963	0.33356	0.341447	0.347698	0.34185	0.339271	0.329089	0.332675	0.340987	0.333625	0.33291	0.332777	0.571264	0.501502	0.732111	0.534518	0.527311	0.529293	0.439886	0.421226	0.420232	0.422546	0.422329	0.42253	0.542518	0.437826	0.435242	0.458181	0.437278	0.437891	0.444457	0.466605	0.465261	0.427062	0.432877	0.4348	0.429307	0.424198	0.423472	0.427248	0.422927	0.423456	0.472185	0.482853	0.482966	0.4652	0.467193	0.467844	0.513196	0.443167	0.437893	0.436269	0.453346	0.450138	0.439949	0.431064	0.429249	0.426596	0.434941	0.431527
ERR609524-k20-n1-x5e9	0.435316	0.416149	0.417301	0.41999	0.419493	0.417605	0.244811	0	0.355139	0.344612	0.321699	0.325318	0.483775	0.368283	0.656246	0.367376	0.372047	0.371094	0.323037	0.452774	0.32516	0.334105	0.331755	0.332151	0.465072	0.437729	0.443449	0.441895	0.440888	0.441801	0.361114	0.32182	0.324113	0.323252	0.323237	0.323409	0.334909	0.334683	0.342963	0.349313	0.343426	0.340694	0.329133	0.334229	0.342805	0.335223	0.334554	0.334298	0.570154	0.500954	0.73123	0.533536	0.526344	0.528325	0.439239	0.42108	0.420477	0.423055	0.422478	0.422455	0.540884	0.437781	0.434808	0.456797	0.436573	0.437204	0.446144	0.468459	0.467036	0.428362	0.43439	0.436282	0.42998	0.42468	0.423791	0.427402	0.422576	0.423268	0.473038	0.483874	0.484116	0.465725	0.467824	0.468657	0.511236	0.443253	0.437764	0.435796	0.453496	0.450226	0.440643	0.431376	0.429543	0.426784	0.43393	0.430845
ERR609525-k20-n1-x5e9	0.444861	0.476651	0.493975	0.500846	0.503197	0.478291	0.356691	0.355139	0	0.495514	0.471752	0.47452	0.399295	0.43355	0.539102	0.454955	0.405711	0.409002	0.411415	0.369085	0.388057	0.38815	0.388942	0.387263	0.455543	0.495808	0.509659	0.499171	0.497726	0.497911	0.353018	0.407155	0.420152	0.402984	0.40186	0.401125	0.372771	0.43753	0.455716	0.473878	0.462461	0.458855	0.375096	0.455791	0.470662	0.456977	0.455748	0.455243	0.532734	0.508351	0.679104	0.51124	0.507717	0.509138	0.453925	0.482148	0.496495	0.499656	0.50219	0.482182	0.509741	0.525457	0.518847	0.470587	0.507246	0.497227	0.556043	0.581405	0.579813	0.533482	0.540696	0.543173	0.520295	0.503937	0.499685	0.498592	0.490284	0.489217	0.566268	0.582421	0.582345	0.548702	0.552544	0.553871	0.498995	0.53994	0.530599	0.520146	0.551225	0.546769	0.537589	0.5213	0.515444	0.499507	0.472016	0.476323
ERR609526-k20-n1-x5e9	0.512028	0.469872	0.456605	0.454566	0.450489	0.469517	0.34211	0.344612	0.495514	0	0.248094	0.248028	0.592358	0.413363	0.750691	0.385556	0.429279	0.425398	0.373198	0.565208	0.395811	0.410474	0.406556	0.408039	0.526537	0.45647	0.453418	0.461785	0.460913	0.461806	0.447721	0.366585	0.359306	0.373279	0.373914	0.374316	0.422199	0.376115	0.369683	0.352566	0.358494	0.357577	0.40197	0.339743	0.337752	0.341483	0.341992	0.341481	0.635778	0.560875	0.792877	0.601761	0.594243	0.596059	0.516074	0.477271	0.463236	0.464553	0.460626	0.477366	0.622222	0.459333	0.464023	0.541301	0.479839	0.492476	0.416566	0.425047	0.418818	0.422442	0.425722	0.425797	0.442974	0.450531	0.453268	0.461989	0.45379	0.456654	0.473833	0.47166	0.466824	0.490439	0.490744	0.490289	0.58521	0.438206	0.443363	0.45385	0.436046	0.437116	0.43998	0.445191	0.448912	0.46545	0.494156	0.487728
ERR609527-k20-n1-x5e9	0.495645	0.456785	0.445544	0.444298	0.440624	0.456733	0.319284	0.321699	0.471752	0.248094	0	0.244731	0.577172	0.404775	0.737227	0.38012	0.416955	0.413253	0.360442	0.547721	0.380425	0.395776	0.391833	0.393178	0.516542	0.453861	0.452722	0.459321	0.458365	0.459151	0.429035	0.352409	0.346889	0.359107	0.359657	0.359857	0.403083	0.363574	0.359421	0.345027	0.349193	0.347799	0.38356	0.331379	0.33148	0.333384	0.333669	0.332982	0.620224	0.545884	0.781302	0.586267	0.578836	0.580641	0.497991	0.462086	0.449707	0.451353	0.447877	0.462157	0.602563	0.447033	0.450911	0.522196	0.464284	0.475462	0.414291	0.427063	0.42128	0.415466	0.419704	0.420126	0.436979	0.442432	0.444459	0.453112	0.443372	0.44619	0.465949	0.466981	0.462584	0.479021	0.479823	0.479626	0.5654	0.430173	0.433263	0.441153	0.430096	0.430132	0.433264	0.436066	0.43861	0.45339	0.47828	0.472422
ERR609528-k20-n1-x5e9	0.497644	0.459233	0.448077	0.446745	0.443008	0.459059	0.322989	0.325318	0.47452	0.248028	0.244731	0	0.579837	0.40777	0.739144	0.383	0.41908	0.415461	0.363069	0.549939	0.382977	0.398646	0.394545	0.395962	0.518387	0.456029	0.454802	0.461468	0.460574	0.461314	0.430951	0.354975	0.349394	0.361512	0.362165	0.362331	0.405834	0.366718	0.362426	0.347805	0.351959	0.350505	0.385943	0.334002	0.334065	0.336113	0.336298	0.335598	0.621474	0.547582	0.782455	0.587792	0.580284	0.582141	0.500034	0.464497	0.452155	0.454033	0.450295	0.464606	0.603616	0.448693	0.452531	0.52409	0.465899	0.477149	0.415833	0.428432	0.422237	0.417432	0.421588	0.422224	0.439154	0.444644	0.446673	0.45564	0.445007	0.447952	0.467737	0.468732	0.464074	0.481222	0.482184	0.482015	0.566494	0.431376	0.434554	0.442364	0.430944	0.430997	0.435033	0.437883	0.440543	0.455674	0.480055	0.474247
ERR610087-k20-n1-x5e9	0.529588	0.5565	0.57369	0.579297	0.583088	0.55811	0.484802	0.483775	0.399295	0.592358	0.577172	0.579837	0	0.407974	0.446911	0.442961	0.394546	0.396941	0.471333	0.364711	0.446105	0.432208	0.436134	0.433909	0.395196	0.462288	0.478173	0.462397	0.460916	0.46053	0.415347	0.47065	0.482215	0.462077	0.462065	0.461415	0.437762	0.501147	0.51991	0.543282	0.530363	0.528195	0.448165	0.526725	0.540039	0.526428	0.525221	0.525047	0.618523	0.59414	0.708284	0.593648	0.590397	0.591774	0.552726	0.575525	0.589017	0.590132	0.592954	0.574655	0.665217	0.638111	0.634473	0.605975	0.632727	0.627679	0.635629	0.651616	0.651631	0.6217	0.625518	0.627013	0.580018	0.563101	0.558859	0.551914	0.561487	0.557756	0.657866	0.665652	0.666777	0.644381	0.646054	0.646527	0.652748	0.641293	0.636977	0.635347	0.650093	0.647809	0.616302	0.603705	0.600224	0.579587	0.565859	0.56908
ERR610088-k20-n1-x5e9	0.484761	0.465465	0.466917	0.468478	0.469445	0.466692	0.366938	0.368283	0.43355	0.413363	0.404775	0.40777	0.407974	0	0.612192	0.261709	0.289572	0.28579	0.342204	0.451347	0.344887	0.339367	0.340142	0.340268	0.394643	0.348564	0.353012	0.35095	0.350682	0.350406	0.385533	0.345284	0.345346	0.342001	0.343046	0.343906	0.363677	0.359708	0.368471	0.380052	0.372461	0.371923	0.363762	0.365166	0.372049	0.364496	0.364115	0.364099	0.614227	0.550709	0.747886	0.577609	0.570173	0.572452	0.50503	0.487656	0.486507	0.486648	0.486859	0.487506	0.642731	0.525993	0.526692	0.556042	0.537087	0.541533	0.493974	0.504355	0.503932	0.489116	0.491298	0.491814	0.450592	0.444473	0.444056	0.441368	0.454506	0.452145	0.537718	0.538154	0.539073	0.536778	0.53685	0.536503	0.617101	0.517088	0.517761	0.525005	0.522801	0.522177	0.487003	0.482772	0.483647	0.475828	0.493435	0.490531
ERR610089-k20-n1-x5e9	0.658545	0.699757	0.718543	0.724354	0.728095	0.700866	0.657367	0.656246	0.539102	0.750691	0.737227	0.739144	0.446911	0.612192	0	0.640835	0.588964	0.592187	0.65094	0.489171	0.626714	0.616608	0.619844	0.617669	0.560805	0.644048	0.658694	0.643915	0.642626	0.642333	0.578441	0.64881	0.660186	0.641965	0.641233	0.640747	0.613403	0.676349	0.692752	0.712206	0.701326	0.699082	0.621341	0.698777	0.710477	0.698823	0.697754	0.697379	0.689764	0.706682	0.702985	0.689357	0.690051	0.69058	0.676642	0.713002	0.728455	0.729704	0.732938	0.711714	0.735425	0.766759	0.762277	0.716166	0.755742	0.748233	0.777283	0.792472	0.791939	0.763373	0.767427	0.768932	0.73076	0.714256	0.709853	0.703934	0.70675	0.703622	0.786892	0.79596	0.796503	0.772604	0.774855	0.775779	0.734382	0.77331	0.767934	0.762786	0.78076	0.778301	0.758384	0.745696	0.74119	0.721766	0.696203	0.701317
ERR610090-k20-n1-x5e9	0.490217	0.462306	0.459653	0.45992	0.459802	0.462985	0.365533	0.367376	0.454955	0.385556	0.38012	0.383	0.442961	0.261709	0.640835	0	0.301351	0.296398	0.342188	0.479461	0.351797	0.349816	0.34979	0.349957	0.414969	0.351572	0.352488	0.354768	0.354574	0.354828	0.399866	0.343163	0.340131	0.341856	0.343341	0.343989	0.374178	0.353421	0.357665	0.363625	0.358776	0.35876	0.369927	0.349957	0.353932	0.349463	0.3492	0.349412	0.621766	0.553863	0.759182	0.584854	0.576953	0.579231	0.508238	0.483311	0.478805	0.478538	0.477875	0.483324	0.645509	0.513972	0.515776	0.557322	0.528486	0.535208	0.473422	0.482022	0.481158	0.472101	0.473527	0.473716	0.438385	0.436173	0.436218	0.435351	0.447798	0.446167	0.522208	0.520683	0.52111	0.525214	0.524669	0.524197	0.617585	0.501767	0.503907	0.513016	0.506024	0.506184	0.471897	0.470478	0.472238	0.46889	0.492753	0.488811
ERR610091-k20-n1-x5e9	0.476988	0.477266	0.483559	0.487535	0.488232	0.476975	0.372001	0.372047	0.405711	0.429279	0.416955	0.41908	0.394546	0.289572	0.588964	0.301351	0	0.257686	0.352863	0.42507	0.345061	0.345098	0.346065	0.344755	0.389066	0.381155	0.392912	0.384965	0.383465	0.382962	0.35808	0.353916	0.361577	0.350372	0.350775	0.350366	0.35829	0.385712	0.399756	0.410142	0.401259	0.398676	0.351621	0.390076	0.402823	0.390191	0.389141	0.388431	0.587433	0.538823	0.734528	0.557859	0.551731	0.553769	0.494603	0.494889	0.498653	0.500345	0.500709	0.492817	0.611919	0.529816	0.528423	0.537912	0.529745	0.530931	0.514797	0.530021	0.526236	0.50789	0.513615	0.51467	0.469578	0.458161	0.457954	0.457712	0.449718	0.448493	0.552611	0.557953	0.555746	0.549522	0.552415	0.552381	0.585313	0.522544	0.520126	0.519902	0.525029	0.523552	0.501625	0.492617	0.492632	0.485029	0.478137	0.478078
ERR610092-k20-n1-x5e9	0.476973	0.475755	0.48141	0.485141	0.485852	0.475361	0.370781	0.371094	0.409002	0.425398	0.413253	0.415461	0.396941	0.28579	0.592187	0.296398	0.257686	0	0.351043	0.428818	0.344189	0.344239	0.345192	0.343712	0.389097	0.377957	0.388904	0.381482	0.380162	0.379707	0.359885	0.352352	0.35923	0.348654	0.349209	0.348808	0.358335	0.383335	0.396794	0.407012	0.398362	0.395777	0.351461	0.386944	0.399196	0.387018	0.386077	0.385344	0.589445	0.53925	0.735846	0.559046	0.552608	0.554892	0.494893	0.493657	0.496936	0.498498	0.498812	0.491906	0.614279	0.527936	0.526772	0.538865	0.528951	0.530407	0.511364	0.526273	0.522484	0.504931	0.510426	0.511427	0.466681	0.455719	0.455472	0.455286	0.448405	0.447169	0.550207	0.554998	0.552967	0.547679	0.550371	0.550308	0.587249	0.520156	0.517887	0.518509	0.522609	0.52135	0.499022	0.490692	0.490686	0.483358	0.478365	0.478254
ERR605399-k20-n1-x5e9	0.466792	0.445776	0.446363	0.448161	0.448201	0.44666	0.322111	0.323037	0.411415	0.373198	0.360442	0.363069	0.471333	0.342204	0.65094	0.342188	0.352863	0.351043	0	0.414097	0.264529	0.268982	0.267372	0.268188	0.431269	0.390368	0.394761	0.393486	0.392831	0.39306	0.367749	0.320348	0.321244	0.319352	0.319932	0.319806	0.341039	0.333832	0.341853	0.348225	0.342167	0.340291	0.337991	0.33527	0.343331	0.335182	0.334262	0.333925	0.59895	0.532294	0.745062	0.562042	0.554943	0.557022	0.478298	0.4595	0.457897	0.458982	0.458916	0.459498	0.603718	0.490555	0.489978	0.519008	0.496796	0.500338	0.469813	0.484085	0.48231	0.46178	0.465576	0.466634	0.430171	0.424775	0.425202	0.426095	0.42773	0.426812	0.510467	0.514605	0.514381	0.508061	0.509242	0.509322	0.573249	0.48273	0.481387	0.485213	0.488414	0.487062	0.45851	0.451908	0.452756	0.448405	0.460067	0.457037
ERR605400-k20-n1-x5e9	0.516217	0.543544	0.559812	0.565606	0.568433	0.544899	0.454433	0.452774	0.369085	0.565208	0.547721	0.549939	0.364711	0.451347	0.489171	0.479461	0.42507	0.428818	0.414097	0	0.386256	0.377467	0.380393	0.378187	0.423172	0.48699	0.502313	0.487728	0.486467	0.486078	0.390406	0.45227	0.464475	0.445049	0.443991	0.443288	0.417233	0.482719	0.501213	0.521684	0.509463	0.506463	0.425383	0.506678	0.520701	0.506441	0.504944	0.504572	0.598559	0.580745	0.701164	0.57892	0.57653	0.577833	0.532544	0.556759	0.569867	0.571665	0.574404	0.55562	0.623164	0.612336	0.607771	0.575818	0.602512	0.596128	0.617596	0.63588	0.634777	0.602147	0.607216	0.608987	0.559845	0.542627	0.539462	0.535243	0.534262	0.531518	0.638856	0.648654	0.648869	0.62499	0.627531	0.628345	0.607077	0.614349	0.608507	0.603612	0.622031	0.619243	0.591434	0.576587	0.573065	0.555236	0.532968	0.5367
ERR605401-k20-n1-x5e9	0.461268	0.450659	0.455129	0.458004	0.458647	0.451657	0.325006	0.32516	0.388057	0.395811	0.380425	0.382977	0.446105	0.344887	0.626714	0.351797	0.345061	0.344189	0.264529	0.386256	0	0.263768	0.262906	0.262651	0.415881	0.39443	0.402355	0.397774	0.396515	0.396873	0.350047	0.32422	0.328787	0.322056	0.322144	0.322179	0.332211	0.344837	0.356395	0.36718	0.359036	0.356737	0.331082	0.352277	0.362965	0.352499	0.351438	0.350797	0.587385	0.527182	0.73327	0.552421	0.545883	0.547765	0.473197	0.463814	0.465871	0.467157	0.467659	0.463639	0.593167	0.500233	0.498588	0.514912	0.502478	0.503776	0.486961	0.50316	0.501218	0.476825	0.481198	0.482554	0.443199	0.43469	0.43358	0.433902	0.433387	0.43232	0.523541	0.529767	0.529262	0.518477	0.52018	0.520316	0.564419	0.494827	0.492219	0.49365	0.501461	0.49964	0.472185	0.463146	0.462167	0.455201	0.458568	0.45745
ERR605402-k20-n1-x5e9	0.463843	0.45353	0.459076	0.461729	0.462898	0.454675	0.334003	0.334105	0.38815	0.410474	0.395776	0.398646	0.432208	0.339367	0.616608	0.349816	0.345098	0.344239	0.268982	0.377467	0.263768	0	0.259446	0.259618	0.406824	0.385625	0.393438	0.387919	0.387099	0.387444	0.352861	0.328744	0.333221	0.325299	0.32529	0.325555	0.334046	0.347327	0.359883	0.372959	0.364027	0.362137	0.33626	0.359039	0.369341	0.358226	0.35742	0.357086	0.591557	0.531382	0.731607	0.555298	0.5488	0.55078	0.478033	0.468685	0.471603	0.472575	0.473491	0.468589	0.604321	0.510595	0.509074	0.523537	0.513884	0.514856	0.49484	0.509989	0.508947	0.484346	0.488207	0.489392	0.447364	0.438343	0.437215	0.43528	0.440303	0.438371	0.53149	0.536802	0.537307	0.525303	0.526587	0.526762	0.577323	0.506081	0.503755	0.506005	0.513019	0.511377	0.480013	0.471187	0.47051	0.460888	0.466638	0.465013
ERR605403-k20-n1-x5e9	0.462473	0.451011	0.456101	0.458458	0.459806	0.451932	0.331473	0.331755	0.388942	0.406556	0.391833	0.394545	0.436134	0.340142	0.619844	0.34979	0.346065	0.345192	0.267372	0.380393	0.262906	0.259446	0	0.259063	0.409518	0.386722	0.394238	0.389211	0.388269	0.388451	0.353482	0.32736	0.331598	0.324145	0.324223	0.324362	0.333516	0.345818	0.358051	0.370345	0.361595	0.359749	0.335181	0.356319	0.366498	0.355783	0.354614	0.354291	0.590881	0.529882	0.731916	0.554445	0.547862	0.549891	0.476436	0.466466	0.468709	0.469611	0.470488	0.466115	0.602018	0.506817	0.505509	0.520979	0.510329	0.511405	0.491581	0.506727	0.505706	0.48112	0.484978	0.486201	0.444299	0.435655	0.434473	0.433115	0.437471	0.435558	0.5279	0.533247	0.533696	0.52189	0.523169	0.523452	0.574714	0.502281	0.499988	0.502274	0.509303	0.507683	0.476624	0.467661	0.467002	0.457693	0.463902	0.462323
ERR605404-k20-n1-x5e9	0.462707	0.452557	0.457835	0.460627	0.461722	0.453489	0.332008	0.332151	0.387263	0.408039	0.393178	0.395962	0.433909	0.340268	0.617669	0.349957	0.344755	0.343712	0.268188	0.378187	0.262651	0.259618	0.259063	0	0.407977	0.387068	0.394841	0.389553	0.388472	0.388764	0.352399	0.32829	0.332629	0.324917	0.324854	0.324879	0.333558	0.34734	0.359588	0.372141	0.363272	0.361451	0.334977	0.357913	0.368264	0.357499	0.356287	0.355955	0.590598	0.530356	0.731709	0.554485	0.547854	0.549755	0.476756	0.467636	0.470407	0.471378	0.472277	0.467233	0.601074	0.508325	0.506802	0.520988	0.511272	0.512118	0.493511	0.50901	0.507865	0.483007	0.487032	0.488341	0.445918	0.436955	0.435732	0.434315	0.438235	0.436395	0.530051	0.535557	0.535866	0.523791	0.525297	0.525458	0.574195	0.503749	0.501293	0.503513	0.510741	0.508987	0.478451	0.469319	0.468666	0.459266	0.464556	0.462833
ERR608695-k20-n1-x5e9	0.517123	0.52476	0.535942	0.539173	0.541354	0.525237	0.464711	0.465072	0.455543	0.526537	0.516542	0.518387	0.395196	0.394643	0.560805	0.414969	0.389066	0.389097	0.431269	0.423172	0.415881	0.406824	0.409518	0.407977	0	0.336634	0.353827	0.337911	0.336757	0.336385	0.384921	0.409043	0.418519	0.402447	0.402739	0.401971	0.391566	0.43703	0.453343	0.472016	0.460863	0.459428	0.399517	0.45825	0.471091	0.458469	0.456959	0.456799	0.618901	0.580942	0.730447	0.592802	0.588051	0.589637	0.537183	0.543606	0.550939	0.551158	0.552953	0.541918	0.686645	0.613456	0.612669	0.618473	0.617853	0.618369	0.573054	0.585832	0.583915	0.566972	0.5701	0.571159	0.538469	0.526777	0.523778	0.519053	0.528026	0.524852	0.613583	0.617507	0.616499	0.608261	0.609484	0.609509	0.664651	0.607555	0.607222	0.610068	0.612369	0.611369	0.571085	0.562905	0.561315	0.547788	0.548831	0.549439
ERR608696-k20-n1-x5e9	0.515808	0.49155	0.49216	0.491572	0.492644	0.492575	0.436192	0.437729	0.495808	0.45647	0.453861	0.456029	0.462288	0.348564	0.644048	0.351572	0.381155	0.377957	0.390368	0.48699	0.39443	0.385625	0.386722	0.387068	0.336634	0	0.266599	0.26608	0.266052	0.266267	0.418634	0.37266	0.370336	0.368298	0.369847	0.370312	0.389276	0.375495	0.381595	0.393347	0.386804	0.387862	0.396377	0.387304	0.392384	0.386261	0.385562	0.385811	0.642538	0.579478	0.76188	0.60551	0.598631	0.600596	0.536488	0.514426	0.51172	0.50997	0.510588	0.514012	0.698179	0.575212	0.577005	0.612843	0.590896	0.596989	0.507296	0.51195	0.512704	0.508011	0.507682	0.507669	0.483875	0.48052	0.480059	0.475275	0.495716	0.492601	0.560785	0.556948	0.558055	0.56257	0.561272	0.560543	0.674677	0.56318	0.566688	0.577022	0.56697	0.567541	0.519792	0.518438	0.520456	0.512272	0.537675	0.534453
ERR608697-k20-n1-x5e9	0.52322	0.494058	0.492465	0.490995	0.491801	0.495139	0.441822	0.443449	0.509659	0.453418	0.452722	0.454802	0.478173	0.353012	0.658694	0.352488	0.392912	0.388904	0.394761	0.502313	0.402355	0.393438	0.394238	0.394841	0.353827	0.266599	0	0.267323	0.267772	0.268379	0.43303	0.37868	0.373791	0.37453	0.3763	0.376881	0.400745	0.375772	0.378983	0.389066	0.38393	0.385473	0.407241	0.38559	0.388193	0.384003	0.383791	0.384029	0.652332	0.586412	0.769659	0.614255	0.607156	0.609061	0.544217	0.517475	0.512805	0.510778	0.511149	0.517438	0.706064	0.576421	0.578753	0.619036	0.594046	0.600984	0.502816	0.505144	0.506615	0.505103	0.503663	0.503331	0.482602	0.480944	0.480935	0.476104	0.499162	0.496078	0.558472	0.552714	0.554544	0.561817	0.559815	0.55887	0.682718	0.56363	0.567751	0.579435	0.567064	0.568115	0.518559	0.518766	0.521495	0.514429	0.543966	0.540268
ERR608698-k20-n1-x5e9	0.518383	0.49404	0.494608	0.493971	0.4951	0.495038	0.440325	0.441895	0.499171	0.461785	0.459321	0.461468	0.462397	0.35095	0.643915	0.354768	0.384965	0.381482	0.393486	0.487728	0.397774	0.387919	0.389211	0.389553	0.337911	0.26608	0.267323	0	0.264087	0.264792	0.423021	0.376966	0.374512	0.372195	0.373705	0.374248	0.393331	0.378533	0.384479	0.396388	0.38983	0.390984	0.400932	0.391323	0.396215	0.389518	0.388987	0.389278	0.646348	0.583045	0.763097	0.608898	0.601969	0.603844	0.540017	0.517607	0.514807	0.513003	0.513671	0.517043	0.702787	0.579312	0.581069	0.616128	0.594817	0.600844	0.511089	0.515378	0.516267	0.51166	0.511149	0.511105	0.486549	0.483104	0.482807	0.477607	0.49913	0.495779	0.564605	0.560278	0.561684	0.565717	0.564477	0.563613	0.679959	0.567917	0.57134	0.581722	0.571715	0.572268	0.523733	0.522249	0.524596	0.515659	0.541347	0.538049
ERR608699-k20-n1-x5e9	0.518064	0.494089	0.494617	0.494178	0.495414	0.495062	0.439248	0.440888	0.497726	0.460913	0.458365	0.460574	0.460916	0.350682	0.642626	0.354574	0.383465	0.380162	0.392831	0.486467	0.396515	0.387099	0.388269	0.388472	0.336757	0.266052	0.267772	0.264087	0	0.264811	0.421084	0.375906	0.373634	0.370915	0.372566	0.37301	0.391917	0.378142	0.384341	0.396345	0.389591	0.390688	0.399325	0.391006	0.395766	0.389089	0.38865	0.388904	0.645327	0.582346	0.762592	0.607962	0.601148	0.603093	0.539485	0.517384	0.514614	0.512923	0.51362	0.516789	0.701607	0.578702	0.580521	0.615609	0.594248	0.600137	0.511103	0.515558	0.516427	0.511551	0.511206	0.511076	0.486907	0.483285	0.483056	0.477878	0.498888	0.495722	0.564605	0.56049	0.561884	0.565881	0.564646	0.563787	0.678522	0.566957	0.570442	0.580705	0.57075	0.571383	0.523125	0.521778	0.523963	0.515345	0.540876	0.53757
ERR608700-k20-n1-x5e9	0.518634	0.494899	0.495595	0.495026	0.496448	0.495859	0.440384	0.441801	0.497911	0.461806	0.459151	0.461314	0.46053	0.350406	0.642333	0.354828	0.382962	0.379707	0.39306	0.486078	0.396873	0.387444	0.388451	0.388764	0.336385	0.266267	0.268379	0.264792	0.264811	0	0.420964	0.376554	0.374062	0.371517	0.373021	0.373651	0.392486	0.379321	0.385697	0.397826	0.391093	0.391937	0.399567	0.391703	0.396979	0.390051	0.389412	0.389602	0.645079	0.582427	0.762257	0.608026	0.6011	0.603042	0.539833	0.518173	0.515711	0.513861	0.514527	0.517552	0.701932	0.579426	0.581131	0.616158	0.594895	0.600826	0.512249	0.516577	0.517403	0.512772	0.512428	0.512423	0.487317	0.483677	0.483367	0.478313	0.499118	0.495845	0.565515	0.561491	0.562722	0.566883	0.56566	0.564889	0.67883	0.567799	0.571325	0.581489	0.571499	0.572113	0.523993	0.522473	0.524701	0.516096	0.541187	0.537844
ERR608925-k20-n1-x5e9	0.444272	0.461781	0.474034	0.479167	0.480809	0.462294	0.361849	0.361114	0.353018	0.447721	0.429035	0.430951	0.415347	0.385533	0.578441	0.399866	0.35808	0.359885	0.367749	0.390406	0.350047	0.352861	0.353482	0.352399	0.384921	0.418634	0.43303	0.423021	0.421084	0.420964	0	0.30956	0.323461	0.306411	0.305722	0.30446	0.318366	0.376855	0.394536	0.410239	0.399034	0.395674	0.313038	0.389056	0.404993	0.391104	0.389217	0.38881	0.536204	0.499889	0.694216	0.511898	0.508045	0.5095	0.448523	0.465482	0.475478	0.477877	0.479161	0.463887	0.564699	0.526399	0.523756	0.515297	0.520774	0.517945	0.510394	0.532444	0.528577	0.496135	0.502602	0.504821	0.490969	0.478228	0.474722	0.475458	0.466237	0.465811	0.538865	0.550969	0.54838	0.529127	0.532818	0.533487	0.538918	0.524961	0.520181	0.515851	0.531895	0.528849	0.507188	0.495062	0.491084	0.481347	0.46537	0.467643
ERR608926-k20-n1-x5e9	0.447377	0.427791	0.429041	0.430591	0.430839	0.428839	0.320872	0.32182	0.407155	0.366585	0.352409	0.354975	0.47065	0.345284	0.64881	0.343163	0.353916	0.352352	0.320348	0.45227	0.32422	0.328744	0.32736	0.32829	0.409043	0.37266	0.37868	0.376966	0.375906	0.376554	0.30956	0	0.254184	0.254202	0.254519	0.254804	0.310106	0.3072	0.316263	0.324687	0.317625	0.315541	0.304815	0.308234	0.318203	0.30967	0.308452	0.308386	0.574437	0.506652	0.729561	0.538055	0.531333	0.533155	0.451616	0.433573	0.432986	0.433624	0.433276	0.4336	0.593841	0.485883	0.485915	0.516813	0.492811	0.496573	0.442236	0.459291	0.456976	0.433024	0.437001	0.438377	0.437753	0.433286	0.43216	0.433917	0.43459	0.434781	0.483749	0.489852	0.488802	0.480943	0.482438	0.482494	0.562452	0.477122	0.476126	0.479252	0.483224	0.481465	0.452635	0.446893	0.446204	0.443322	0.455681	0.452967
ERR608927-k20-n1-x5e9	0.453673	0.427745	0.42649	0.427259	0.42721	0.428981	0.32297	0.324113	0.420152	0.359306	0.346889	0.349394	0.482215	0.345346	0.660186	0.340131	0.361577	0.35923	0.321244	0.464475	0.328787	0.333221	0.331598	0.332629	0.418519	0.370336	0.373791	0.374512	0.373634	0.374062	0.323461	0.254184	0	0.256543	0.256601	0.257326	0.317915	0.301972	0.308292	0.315411	0.309688	0.307996	0.313298	0.301295	0.309035	0.302257	0.301461	0.301346	0.584126	0.512754	0.73682	0.546449	0.539143	0.541107	0.457981	0.433935	0.431084	0.431501	0.430922	0.434475	0.602723	0.4848	0.485391	0.522142	0.494142	0.499137	0.435067	0.450219	0.448611	0.427119	0.430175	0.431297	0.433776	0.431095	0.430551	0.432103	0.435752	0.435701	0.479119	0.483393	0.482924	0.477623	0.478404	0.478308	0.5709	0.474685	0.474641	0.479405	0.480775	0.479402	0.448904	0.444662	0.444672	0.442739	0.460331	0.456735
ERR608928-k20-n1-x5e9	0.44618	0.428154	0.430275	0.432085	0.432503	0.429048	0.322509	0.323252	0.402984	0.373279	0.359107	0.361512	0.462077	0.342001	0.641965	0.341856	0.350372	0.348654	0.319352	0.445049	0.322056	0.325299	0.324145	0.324917	0.402447	0.368298	0.37453	0.372195	0.370915	0.371517	0.306411	0.254202	0.256543	0	0.252786	0.252737	0.306885	0.307661	0.317379	0.326892	0.31936	0.317111	0.303301	0.311443	0.321681	0.31232	0.310796	0.310815	0.573244	0.506193	0.726792	0.5366	0.529607	0.531571	0.451297	0.434556	0.434796	0.435393	0.435335	0.434428	0.595515	0.489608	0.489545	0.517726	0.496297	0.499743	0.446268	0.46305	0.46109	0.436632	0.44059	0.442005	0.439296	0.434092	0.433183	0.433749	0.435908	0.435701	0.48755	0.493583	0.49267	0.483748	0.485414	0.485443	0.565138	0.48179	0.480837	0.483755	0.488101	0.486443	0.456228	0.45003	0.449475	0.44512	0.45678	0.454137
ERR608929-k20-n1-x5e9	0.445303	0.42763	0.430078	0.431787	0.432227	0.428738	0.322639	0.323237	0.40186	0.373914	0.359657	0.362165	0.462065	0.343046	0.641233	0.343341	0.350775	0.349209	0.319932	0.443991	0.322144	0.32529	0.324223	0.324854	0.402739	0.369847	0.3763	0.373705	0.372566	0.373021	0.305722	0.254519	0.256601	0.252786	0	0.253006	0.307009	0.308906	0.31888	0.328653	0.320899	0.318458	0.302862	0.312213	0.322787	0.313033	0.311988	0.311852	0.572224	0.5051	0.725866	0.53565	0.528725	0.530495	0.450295	0.434225	0.434549	0.435153	0.435158	0.434065	0.593772	0.489002	0.488869	0.516247	0.495352	0.498694	0.447006	0.464151	0.461982	0.437215	0.441252	0.442604	0.439266	0.43396	0.432802	0.43379	0.435507	0.435183	0.487843	0.49398	0.493086	0.483815	0.485561	0.485639	0.563516	0.481276	0.48003	0.482887	0.487496	0.485788	0.456275	0.449851	0.449083	0.444581	0.455513	0.453165
ERR608930-k20-n1-x5e9	0.445558	0.428573	0.430985	0.432949	0.433544	0.429719	0.322844	0.323409	0.401125	0.374316	0.359857	0.362331	0.461415	0.343906	0.640747	0.343989	0.350366	0.348808	0.319806	0.443288	0.322179	0.325555	0.324362	0.324879	0.401971	0.370312	0.376881	0.374248	0.37301	0.373651	0.30446	0.254804	0.257326	0.252737	0.253006	0	0.306718	0.309662	0.319904	0.329633	0.321721	0.31954	0.302628	0.313289	0.323873	0.31435	0.313091	0.312705	0.571696	0.505203	0.725632	0.535414	0.528703	0.53042	0.450596	0.435159	0.435515	0.436259	0.436406	0.434917	0.593945	0.490014	0.489723	0.516883	0.496036	0.499295	0.448144	0.465172	0.463029	0.438195	0.442438	0.443671	0.440569	0.434937	0.434025	0.435154	0.436005	0.435804	0.488712	0.494983	0.494022	0.484686	0.486269	0.48657	0.56365	0.482474	0.481184	0.483962	0.488716	0.486975	0.457363	0.450913	0.4502	0.445888	0.456432	0.454062
ERR608457-k20-n1-x5e9	0.440564	0.439696	0.448286	0.451774	0.453347	0.440838	0.334963	0.334909	0.372771	0.422199	0.403083	0.405834	0.437762	0.363677	0.613403	0.374178	0.35829	0.358335	0.341039	0.417233	0.332211	0.334046	0.333516	0.333558	0.391566	0.389276	0.400745	0.393331	0.391917	0.392486	0.318366	0.310106	0.317915	0.306885	0.307009	0.306718	0	0.287809	0.305029	0.323311	0.311111	0.308455	0.301761	0.346374	0.360183	0.34762	0.34582	0.345791	0.561686	0.506259	0.71437	0.528599	0.522751	0.524505	0.443235	0.442467	0.449405	0.450721	0.452019	0.442187	0.584536	0.514238	0.511938	0.517604	0.512736	0.512301	0.481301	0.502298	0.500856	0.465232	0.47052	0.472397	0.469872	0.459773	0.457561	0.456942	0.456396	0.455323	0.515181	0.525689	0.525821	0.504309	0.506806	0.507251	0.559349	0.514359	0.510262	0.508721	0.522683	0.519727	0.48629	0.475851	0.473047	0.463286	0.461384	0.461287
ERR608458-k20-n1-x5e9	0.464029	0.43154	0.428893	0.428322	0.428773	0.433176	0.33356	0.334683	0.43753	0.376115	0.363574	0.366718	0.501147	0.359708	0.676349	0.353421	0.385712	0.383335	0.333832	0.482719	0.344837	0.347327	0.345818	0.34734	0.43703	0.375495	0.375772	0.378533	0.378142	0.379321	0.376855	0.3072	0.301972	0.307661	0.308906	0.309662	0.287809	0	0.246018	0.254901	0.249316	0.248646	0.332883	0.302991	0.307138	0.302599	0.301817	0.302467	0.603162	0.529029	0.749372	0.563414	0.556212	0.558014	0.467205	0.436229	0.432452	0.431752	0.431687	0.437496	0.618741	0.497587	0.497787	0.535071	0.506987	0.511889	0.43731	0.45128	0.452564	0.426592	0.428122	0.429207	0.443523	0.441895	0.441769	0.442028	0.450789	0.449998	0.482736	0.486386	0.488452	0.478612	0.478484	0.47824	0.589869	0.491924	0.491401	0.496396	0.499318	0.497847	0.457777	0.453781	0.454153	0.450664	0.472832	0.468606
ERR608459-k20-n1-x5e9	0.474239	0.435883	0.430434	0.42863	0.428655	0.437593	0.341447	0.342963	0.455716	0.369683	0.359421	0.362426	0.51991	0.368471	0.692752	0.357665	0.399756	0.396794	0.341853	0.501213	0.356395	0.359883	0.358051	0.359588	0.453343	0.381595	0.378983	0.384479	0.384341	0.385697	0.394536	0.316263	0.308292	0.317379	0.31888	0.319904	0.305029	0.246018	0	0.24665	0.244002	0.245116	0.347282	0.301356	0.301882	0.300768	0.300551	0.301295	0.614136	0.537567	0.758986	0.573886	0.566591	0.568305	0.477253	0.440626	0.4341	0.432891	0.432321	0.442312	0.627686	0.497326	0.498156	0.542726	0.509377	0.515623	0.429767	0.441459	0.443595	0.420935	0.421259	0.422106	0.442589	0.443533	0.443675	0.444466	0.454666	0.454195	0.478141	0.479838	0.482347	0.476507	0.475414	0.475025	0.598223	0.489973	0.490494	0.497051	0.49707	0.495936	0.455226	0.453342	0.454249	0.453098	0.480308	0.475291
ERR608460-k20-n1-x5e9	0.483157	0.440447	0.43173	0.429264	0.428153	0.441437	0.347698	0.349313	0.473878	0.352566	0.345027	0.347805	0.543282	0.380052	0.712206	0.363625	0.410142	0.407012	0.348225	0.521684	0.36718	0.372959	0.370345	0.372141	0.472016	0.393347	0.389066	0.396388	0.396345	0.397826	0.410239	0.324687	0.315411	0.326892	0.328653	0.329633	0.323311	0.254901	0.24665	0	0.240918	0.242242	0.359654	0.299406	0.297587	0.298603	0.29869	0.299211	0.622106	0.544175	0.76926	0.582527	0.575027	0.576747	0.485304	0.444531	0.434744	0.433865	0.432511	0.445741	0.631585	0.49143	0.493183	0.54617	0.505606	0.513358	0.419042	0.429281	0.430626	0.413149	0.413534	0.414171	0.439427	0.442805	0.444182	0.446565	0.454011	0.454299	0.471512	0.471627	0.473407	0.473268	0.472344	0.471989	0.600646	0.481648	0.483011	0.490656	0.4871	0.486501	0.448367	0.448621	0.450653	0.453554	0.484012	0.47804
ERR608461-k20-n1-x5e9	0.47682	0.436962	0.430136	0.428265	0.42748	0.438239	0.34185	0.343426	0.462461	0.358494	0.349193	0.351959	0.530363	0.372461	0.701326	0.358776	0.401259	0.398362	0.342167	0.509463	0.359036	0.364027	0.361595	0.363272	0.460863	0.386804	0.38393	0.38983	0.389591	0.391093	0.399034	0.317625	0.309688	0.31936	0.320899	0.321721	0.311111	0.249316	0.244002	0.240918	0	0.241367	0.350035	0.298063	0.298299	0.297548	0.297104	0.297775	0.616061	0.539239	0.763196	0.576416	0.568932	0.570693	0.479199	0.441234	0.433353	0.432511	0.431498	0.442522	0.627287	0.492784	0.494117	0.542412	0.505504	0.512315	0.424109	0.435469	0.436798	0.41669	0.417554	0.418228	0.439945	0.441761	0.44256	0.444512	0.451985	0.451976	0.4743	0.475649	0.477417	0.474236	0.473545	0.473263	0.596901	0.484167	0.484887	0.491763	0.490181	0.489297	0.450659	0.449397	0.450987	0.451981	0.479756	0.474361
ERR608462-k20-n1-x5e9	0.474512	0.435923	0.429265	0.427818	0.427261	0.437152	0.339271	0.340694	0.458855	0.357577	0.347799	0.350505	0.528195	0.371923	0.699082	0.35876	0.398676	0.395777	0.340291	0.506463	0.356737	0.362137	0.359749	0.361451	0.459428	0.387862	0.385473	0.390984	0.390688	0.391937	0.395674	0.315541	0.307996	0.317111	0.318458	0.31954	0.308455	0.248646	0.245116	0.242242	0.241367	0	0.347032	0.29815	0.299239	0.297695	0.297149	0.297576	0.613227	0.536699	0.761118	0.573824	0.566535	0.568144	0.476663	0.43994	0.432203	0.431578	0.430758	0.441176	0.624067	0.491272	0.4924	0.539612	0.503224	0.509847	0.424794	0.436832	0.43772	0.41664	0.417992	0.418908	0.439475	0.440982	0.44202	0.44406	0.450277	0.450477	0.47445	0.476363	0.477956	0.474021	0.47371	0.473348	0.593486	0.482931	0.483392	0.489586	0.488735	0.487701	0.449763	0.448144	0.449997	0.45073	0.477043	0.471813
ERR607373-k20-n1-x5e9	0.429457	0.42816	0.435852	0.439705	0.440755	0.429059	0.329089	0.329133	0.375096	0.40197	0.38356	0.385943	0.448165	0.363762	0.621341	0.369927	0.351621	0.351461	0.337991	0.425383	0.331082	0.33626	0.335181	0.334977	0.399517	0.396377	0.407241	0.400932	0.399325	0.399567	0.313038	0.304815	0.313298	0.303301	0.302862	0.302628	0.301761	0.332883	0.347282	0.359654	0.350035	0.347032	0	0.304497	0.319987	0.30695	0.305529	0.304866	0.547544	0.49034	0.710121	0.515071	0.508903	0.510813	0.432756	0.431657	0.437295	0.43908	0.439652	0.430753	0.567619	0.48971	0.487851	0.499191	0.488823	0.489102	0.468117	0.490108	0.486872	0.454055	0.460173	0.462057	0.453327	0.4437	0.441225	0.442722	0.436794	0.436664	0.4971	0.508281	0.506214	0.489019	0.492263	0.492783	0.53878	0.487488	0.483552	0.481819	0.494444	0.491716	0.467718	0.457564	0.455036	0.44806	0.445176	0.44482
