	ERR605375-k20-n1-x5e9	ERR605376-k20-n1-x5e9	ERR605377-k20-n1-x5e9	ERR605378-k20-n1-x5e9	ERR605379-k20-n1-x5e9	ERR605380-k20-n1-x5e9	ERR608227-k20-n1-x5e9	ERR608228-k20-n1-x5e9	ERR608229-k20-n1-x5e9	ERR608230-k20-n1-x5e9	ERR608231-k20-n1-x5e9	ERR608232-k20-n1-x5e9	ERR608105-k20-n1-x5e9	ERR608106-k20-n1-x5e9	ERR608107-k20-n1-x5e9	ERR608108-k20-n1-x5e9	ERR608109-k20-n1-x5e9	ERR608110-k20-n1-x5e9	ERR609151-k20-n1-x5e9	ERR609152-k20-n1-x5e9	ERR609153-k20-n1-x5e9	ERR609154-k20-n1-x5e9	ERR609155-k20-n1-x5e9	ERR609156-k20-n1-x5e9	ERR609987-k20-n1-x5e9	ERR609988-k20-n1-x5e9	ERR609989-k20-n1-x5e9	ERR609990-k20-n1-x5e9	ERR609991-k20-n1-x5e9	ERR609992-k20-n1-x5e9	ERR606012-k20-n1-x5e9	ERR606013-k20-n1-x5e9	ERR606014-k20-n1-x5e9	ERR606015-k20-n1-x5e9	ERR606016-k20-n1-x5e9	ERR606017-k20-n1-x5e9	ERR608555-k20-n1-x5e9	ERR608556-k20-n1-x5e9	ERR608557-k20-n1-x5e9	ERR608558-k20-n1-x5e9	ERR608559-k20-n1-x5e9	ERR608560-k20-n1-x5e9	ERR607409-k20-n1-x5e9	ERR607410-k20-n1-x5e9	ERR607411-k20-n1-x5e9	ERR607412-k20-n1-x5e9	ERR607413-k20-n1-x5e9	ERR607414-k20-n1-x5e9	ERR609051-k20-n1-x5e9	ERR609052-k20-n1-x5e9	ERR609053-k20-n1-x5e9	ERR609054-k20-n1-x5e9	ERR609055-k20-n1-x5e9	ERR609056-k20-n1-x5e9	ERR608365-k20-n1-x5e9	ERR608366-k20-n1-x5e9	ERR608367-k20-n1-x5e9	ERR608368-k20-n1-x5e9	ERR608369-k20-n1-x5e9	ERR608370-k20-n1-x5e9	ERR608275-k20-n1-x5e9	ERR608276-k20-n1-x5e9	ERR608277-k20-n1-x5e9	ERR608278-k20-n1-x5e9	ERR608279-k20-n1-x5e9	ERR608280-k20-n1-x5e9	ERR608299-k20-n1-x5e9	ERR608300-k20-n1-x5e9	ERR608301-k20-n1-x5e9	ERR608302-k20-n1-x5e9	ERR608303-k20-n1-x5e9	ERR608304-k20-n1-x5e9	ERR606654-k20-n1-x5e9	ERR606655-k20-n1-x5e9	ERR606656-k20-n1-x5e9	ERR606657-k20-n1-x5e9	ERR606658-k20-n1-x5e9	ERR606659-k20-n1-x5e9	ERR606666-k20-n1-x5e9	ERR606667-k20-n1-x5e9	ERR606668-k20-n1-x5e9	ERR606669-k20-n1-x5e9	ERR606670-k20-n1-x5e9	ERR606671-k20-n1-x5e9	ERR606030-k20-n1-x5e9	ERR606031-k20-n1-x5e9	ERR606032-k20-n1-x5e9	ERR606033-k20-n1-x5e9	ERR606034-k20-n1-x5e9	ERR606035-k20-n1-x5e9	ERR605695-k20-n1-x5e9	ERR605696-k20-n1-x5e9	ERR605697-k20-n1-x5e9	ERR605698-k20-n1-x5e9	ERR605699-k20-n1-x5e9	ERR605700-k20-n1-x5e9
ERR605375-k20-n1-x5e9	0	0.410923	0.259265	0.261688	0.261655	0.260112	0.48006	0.371085	0.387909	0.371891	0.369662	0.371404	0.368612	0.364421	0.370986	0.354688	0.354981	0.355533	0.33626	0.339755	0.350549	0.37294	0.340637	0.342229	0.434011	0.331527	0.617524	0.338386	0.360646	0.357205	0.393789	0.3169	0.315891	0.364973	0.356991	0.363251	0.34939	0.351059	0.35969	0.375889	0.375737	0.380052	0.464756	0.429028	0.432964	0.452672	0.449654	0.45592	0.495159	0.502969	0.510209	0.491239	0.490496	0.490533	0.461351	0.454171	0.456908	0.460766	0.460791	0.454013	0.372328	0.354506	0.355389	0.357244	0.357292	0.354626	0.456507	0.467948	0.480248	0.484297	0.486533	0.470359	0.563	0.45603	0.454088	0.47597	0.457463	0.458776	0.557461	0.440087	0.439262	0.444092	0.445956	0.445251	0.432381	0.429227	0.431921	0.415876	0.413804	0.414908	0.443853	0.43533	0.434585	0.430206	0.438929	0.435919
ERR605376-k20-n1-x5e9	0.410923	0	0.381156	0.377702	0.379234	0.380938	0.40204	0.482093	0.447831	0.519592	0.515655	0.520722	0.429133	0.485985	0.510248	0.477902	0.472991	0.463269	0.40324	0.402564	0.395352	0.364925	0.408134	0.405501	0.35758	0.471512	0.474021	0.496189	0.44144	0.443571	0.348697	0.417209	0.423729	0.356381	0.362402	0.357725	0.451892	0.50772	0.524226	0.5517	0.551738	0.5575	0.474714	0.515838	0.529208	0.483604	0.485164	0.479172	0.599294	0.637216	0.648866	0.601846	0.599088	0.594625	0.540838	0.572484	0.586419	0.590238	0.592279	0.570835	0.427303	0.469926	0.492854	0.493659	0.498492	0.470855	0.585996	0.61258	0.628735	0.632527	0.635496	0.615262	0.572889	0.586706	0.58086	0.533347	0.571195	0.56203	0.558153	0.566229	0.560351	0.547095	0.573071	0.569382	0.519524	0.573976	0.577736	0.520783	0.522907	0.518885	0.582361	0.566083	0.561573	0.542561	0.515953	0.520358
ERR605377-k20-n1-x5e9	0.259265	0.381156	0	0.257058	0.257124	0.256565	0.458025	0.377889	0.384106	0.387556	0.38427	0.387168	0.362622	0.374328	0.386761	0.36397	0.36264	0.360704	0.325373	0.327917	0.334716	0.352077	0.329619	0.33057	0.409503	0.341448	0.593207	0.353602	0.353902	0.351471	0.36729	0.315627	0.31652	0.3456	0.338991	0.344117	0.346427	0.365393	0.37713	0.39769	0.39727	0.402309	0.454105	0.435002	0.441974	0.44809	0.445587	0.449779	0.500454	0.517252	0.526241	0.499815	0.49864	0.497719	0.461023	0.463762	0.469774	0.473742	0.474209	0.463267	0.361439	0.358214	0.365219	0.367241	0.368341	0.358333	0.466492	0.484318	0.498834	0.502791	0.50532	0.486871	0.549325	0.466727	0.463769	0.47028	0.463542	0.462313	0.542218	0.448686	0.446229	0.446743	0.454921	0.453337	0.430475	0.44474	0.448088	0.420794	0.419621	0.41957	0.458172	0.447182	0.444901	0.437511	0.436877	0.435804
ERR605378-k20-n1-x5e9	0.261688	0.377702	0.257058	0	0.25345	0.253733	0.449222	0.370907	0.374626	0.383705	0.380863	0.383995	0.356497	0.366788	0.379494	0.359216	0.357959	0.355037	0.328145	0.331907	0.340305	0.351386	0.333729	0.334663	0.403647	0.340632	0.589863	0.3536	0.359935	0.35722	0.370031	0.312676	0.313514	0.340254	0.33439	0.339054	0.350862	0.367229	0.378691	0.400135	0.399935	0.405238	0.44862	0.42619	0.432245	0.437769	0.435469	0.439871	0.504979	0.519855	0.528359	0.499923	0.498657	0.497542	0.463638	0.464719	0.470943	0.474224	0.474897	0.46423	0.362699	0.357561	0.364931	0.365887	0.36774	0.357541	0.472974	0.487404	0.501057	0.504653	0.50724	0.489906	0.559939	0.472845	0.469947	0.476986	0.471156	0.47005	0.552485	0.455328	0.45325	0.454587	0.462797	0.461343	0.438435	0.446954	0.450076	0.422344	0.421088	0.420956	0.460971	0.450185	0.448395	0.438437	0.441507	0.440124
ERR605379-k20-n1-x5e9	0.261655	0.379234	0.257124	0.25345	0	0.253894	0.450775	0.371172	0.375425	0.383307	0.380572	0.383466	0.356731	0.366567	0.379098	0.358987	0.357428	0.354731	0.328288	0.332063	0.340522	0.351956	0.334149	0.33487	0.40492	0.339914	0.591071	0.352699	0.359709	0.357054	0.370644	0.312332	0.313044	0.340986	0.33474	0.339507	0.351146	0.367222	0.377969	0.399287	0.399161	0.404332	0.449131	0.425903	0.431916	0.438158	0.435762	0.440209	0.504792	0.519393	0.527829	0.499959	0.498525	0.497448	0.463876	0.464629	0.470434	0.473739	0.474599	0.463981	0.363412	0.357856	0.364934	0.365976	0.367849	0.358021	0.472618	0.486702	0.500255	0.503848	0.506376	0.489249	0.560166	0.472121	0.469491	0.476995	0.470834	0.469876	0.552996	0.45521	0.45303	0.45464	0.462453	0.460914	0.438604	0.446318	0.449269	0.422377	0.421051	0.420964	0.4605	0.449768	0.448205	0.438644	0.442089	0.440495
ERR605380-k20-n1-x5e9	0.260112	0.380938	0.256565	0.253733	0.253894	0	0.452118	0.371014	0.375992	0.38264	0.379849	0.38283	0.357387	0.366804	0.379058	0.358872	0.357424	0.355184	0.329184	0.332564	0.341193	0.353287	0.334335	0.335194	0.406695	0.339359	0.59237	0.351751	0.359149	0.356283	0.371728	0.312581	0.31315	0.342665	0.336162	0.340923	0.350583	0.365961	0.376941	0.398091	0.397833	0.402966	0.449465	0.426005	0.431956	0.438731	0.436377	0.440916	0.504425	0.518776	0.527238	0.49978	0.498479	0.497371	0.464221	0.464821	0.470526	0.473962	0.474532	0.464158	0.363568	0.357557	0.364531	0.365431	0.367168	0.357396	0.472039	0.486065	0.499514	0.503213	0.505707	0.488448	0.560071	0.471475	0.46887	0.477327	0.470382	0.469493	0.553033	0.454404	0.452371	0.454033	0.461602	0.460177	0.438023	0.445527	0.448571	0.422397	0.420904	0.420826	0.460135	0.449609	0.447899	0.438582	0.442086	0.440543
ERR608227-k20-n1-x5e9	0.48006	0.40204	0.458025	0.449222	0.450775	0.452118	0	0.401877	0.350371	0.454542	0.450977	0.457107	0.390772	0.447311	0.473721	0.448041	0.442653	0.430612	0.428073	0.430388	0.42836	0.387016	0.435891	0.434258	0.374483	0.484931	0.502457	0.508078	0.47852	0.479858	0.395653	0.427676	0.432952	0.378332	0.386499	0.381506	0.435342	0.486115	0.502342	0.533673	0.533871	0.540449	0.441058	0.47647	0.488738	0.437101	0.439722	0.43344	0.615935	0.647772	0.65779	0.608585	0.605553	0.600649	0.553721	0.577519	0.590862	0.592197	0.595106	0.576742	0.421219	0.459448	0.48346	0.481571	0.487921	0.46077	0.599659	0.618369	0.633135	0.635117	0.638437	0.621311	0.647969	0.630686	0.626436	0.595056	0.623951	0.617835	0.63333	0.611717	0.608132	0.601646	0.621302	0.618619	0.557172	0.591628	0.594677	0.545573	0.54883	0.544189	0.610369	0.597296	0.592533	0.570889	0.559748	0.562729
ERR608228-k20-n1-x5e9	0.371085	0.482093	0.377889	0.370907	0.371172	0.371014	0.401877	0	0.268708	0.262152	0.26111	0.263764	0.332808	0.313523	0.31943	0.317837	0.31816	0.317528	0.373726	0.379414	0.393048	0.398737	0.381137	0.382794	0.447679	0.360278	0.627613	0.36659	0.403836	0.400599	0.42755	0.335053	0.333011	0.383067	0.37729	0.381879	0.341177	0.326159	0.332235	0.353342	0.353924	0.359347	0.439713	0.385864	0.385642	0.412422	0.409325	0.417509	0.525244	0.525777	0.530724	0.508628	0.507385	0.506849	0.482971	0.469306	0.471752	0.472107	0.473378	0.46972	0.379086	0.352281	0.352789	0.350081	0.352322	0.352508	0.487905	0.485913	0.495263	0.496142	0.498704	0.488568	0.633134	0.523702	0.522812	0.547406	0.530912	0.533656	0.625342	0.510036	0.510576	0.519094	0.517317	0.517702	0.489275	0.465214	0.466771	0.45861	0.457232	0.4574	0.487156	0.481495	0.481199	0.471139	0.490605	0.487216
ERR608229-k20-n1-x5e9	0.387909	0.447831	0.384106	0.374626	0.375425	0.375992	0.350371	0.268708	0	0.306093	0.303671	0.308438	0.324049	0.332578	0.348041	0.337581	0.335544	0.3292	0.371297	0.376987	0.387475	0.376407	0.380349	0.380917	0.411776	0.382574	0.590958	0.396961	0.412417	0.410665	0.403076	0.340121	0.340912	0.358126	0.356156	0.358465	0.352263	0.361761	0.372246	0.400304	0.400983	0.407187	0.422986	0.393116	0.397559	0.397583	0.396259	0.400442	0.546059	0.557068	0.563677	0.530376	0.528357	0.525984	0.49425	0.492916	0.499289	0.499808	0.501899	0.493203	0.373403	0.366314	0.376744	0.37382	0.378428	0.367739	0.515926	0.519841	0.531173	0.532102	0.535149	0.522782	0.633115	0.550022	0.548014	0.554099	0.553051	0.55262	0.623427	0.534555	0.533602	0.537295	0.54335	0.542528	0.50251	0.495871	0.497994	0.474397	0.474592	0.473289	0.517769	0.509219	0.507485	0.492076	0.50314	0.501705
ERR608230-k20-n1-x5e9	0.371891	0.519592	0.387556	0.383705	0.383307	0.38264	0.454542	0.262152	0.306093	0	0.242643	0.241811	0.360685	0.319333	0.314423	0.322704	0.325852	0.330172	0.389555	0.395255	0.410067	0.429422	0.395123	0.397538	0.487771	0.356659	0.66347	0.353214	0.410259	0.406113	0.459298	0.350009	0.346051	0.4185	0.410256	0.41706	0.348536	0.309953	0.309412	0.319554	0.320195	0.324103	0.467787	0.396843	0.392522	0.441313	0.436962	0.447926	0.511642	0.500734	0.503608	0.495288	0.495171	0.496327	0.4818	0.4556	0.453105	0.45325	0.453403	0.456202	0.398464	0.356459	0.347374	0.345279	0.3451	0.356112	0.467026	0.458636	0.465436	0.465839	0.468145	0.46064	0.63549	0.503414	0.503973	0.546961	0.515312	0.520992	0.629986	0.49226	0.4944	0.507581	0.497537	0.499004	0.484043	0.442838	0.443673	0.45293	0.449682	0.451884	0.464558	0.46239	0.463579	0.460286	0.487973	0.482635
ERR608231-k20-n1-x5e9	0.369662	0.515655	0.38427	0.380863	0.380572	0.379849	0.450977	0.26111	0.303671	0.242643	0	0.242354	0.357572	0.318483	0.315072	0.321207	0.324122	0.328314	0.3858	0.391156	0.405773	0.425064	0.391338	0.39362	0.484429	0.355142	0.66046	0.352673	0.407156	0.402978	0.454833	0.347493	0.34358	0.414721	0.40625	0.413178	0.344784	0.308593	0.309001	0.320014	0.320499	0.324615	0.465028	0.396255	0.392991	0.439779	0.435382	0.446096	0.510563	0.501316	0.50455	0.49534	0.495169	0.496216	0.480141	0.455602	0.453499	0.453958	0.454072	0.455936	0.395112	0.354586	0.346114	0.344412	0.34408	0.35402	0.466527	0.459694	0.466889	0.467525	0.469865	0.461568	0.632827	0.503192	0.503528	0.545047	0.514316	0.519923	0.627121	0.491451	0.49355	0.50623	0.496928	0.498241	0.482182	0.443286	0.444353	0.451987	0.448858	0.451065	0.465175	0.462607	0.46354	0.460203	0.486466	0.481524
ERR608232-k20-n1-x5e9	0.371404	0.520722	0.387168	0.383995	0.383466	0.38283	0.457107	0.263764	0.308438	0.241811	0.242354	0	0.362026	0.320773	0.315972	0.323268	0.326568	0.33135	0.389234	0.394606	0.409463	0.429975	0.394421	0.39693	0.489675	0.356414	0.66491	0.352621	0.409632	0.40528	0.459349	0.350484	0.346472	0.41968	0.411144	0.418178	0.347679	0.308625	0.307835	0.317328	0.317909	0.321818	0.469414	0.399252	0.395215	0.444124	0.439767	0.450539	0.510027	0.499	0.501925	0.494586	0.494527	0.495893	0.480994	0.454688	0.452141	0.452464	0.45235	0.455109	0.398484	0.356488	0.346886	0.345083	0.34446	0.35602	0.464827	0.456998	0.463884	0.464434	0.466568	0.458984	0.633875	0.501617	0.502282	0.545758	0.513355	0.519249	0.628422	0.490328	0.492652	0.505915	0.495499	0.496961	0.482409	0.441373	0.442389	0.452264	0.448889	0.451223	0.463135	0.461054	0.46211	0.459484	0.486802	0.481514
ERR608105-k20-n1-x5e9	0.368612	0.429133	0.362622	0.356497	0.356731	0.357387	0.390772	0.332808	0.324049	0.360685	0.357572	0.362026	0	0.281779	0.304323	0.277106	0.273559	0.26699	0.354239	0.357507	0.365177	0.360112	0.360418	0.360987	0.392941	0.362475	0.576193	0.378445	0.374936	0.373621	0.379393	0.330128	0.331504	0.342379	0.338518	0.341068	0.33514	0.361322	0.376024	0.402604	0.402896	0.409446	0.409604	0.393763	0.40163	0.394859	0.393521	0.397159	0.517012	0.536707	0.54634	0.508039	0.505872	0.503363	0.465826	0.472723	0.481617	0.484295	0.485982	0.471654	0.347756	0.351343	0.364596	0.363812	0.367708	0.35085	0.492971	0.505851	0.519437	0.52211	0.525083	0.508395	0.60274	0.524574	0.521368	0.523675	0.523795	0.522484	0.592481	0.507333	0.505479	0.506682	0.514628	0.513467	0.469754	0.47727	0.479897	0.447666	0.44668	0.445449	0.497802	0.486233	0.484705	0.469607	0.470332	0.469776
ERR608106-k20-n1-x5e9	0.364421	0.485985	0.374328	0.366788	0.366567	0.366804	0.447311	0.313523	0.332578	0.319333	0.318483	0.320773	0.281779	0	0.252231	0.253352	0.254489	0.25604	0.379837	0.38566	0.400206	0.406756	0.387045	0.389243	0.449513	0.348401	0.63164	0.353007	0.395908	0.392601	0.434119	0.335662	0.332896	0.386529	0.379748	0.384699	0.347375	0.3295	0.335491	0.35338	0.353871	0.359377	0.441359	0.382005	0.380728	0.412122	0.40871	0.418111	0.511996	0.509582	0.514689	0.493453	0.492371	0.492085	0.472858	0.455726	0.457362	0.458345	0.459316	0.456077	0.379585	0.348464	0.347064	0.344776	0.346828	0.348497	0.477297	0.473157	0.481633	0.482849	0.485453	0.475514	0.630397	0.509384	0.508437	0.5386	0.51804	0.521458	0.623286	0.496176	0.497117	0.507342	0.503346	0.503833	0.479472	0.449284	0.450316	0.444007	0.441722	0.442408	0.471669	0.465968	0.467145	0.457407	0.478707	0.474614
ERR608107-k20-n1-x5e9	0.370986	0.510248	0.386761	0.379494	0.379098	0.379058	0.473721	0.31943	0.348041	0.314423	0.315072	0.315972	0.304323	0.252231	0	0.259782	0.262873	0.26806	0.396742	0.402982	0.419128	0.429732	0.403849	0.406223	0.474431	0.351802	0.653573	0.351451	0.409571	0.405704	0.458031	0.348715	0.34457	0.41001	0.402341	0.408175	0.361605	0.327288	0.328819	0.341481	0.342368	0.346711	0.458826	0.387238	0.382017	0.426898	0.422974	0.43386	0.51438	0.503054	0.506058	0.493281	0.492529	0.493344	0.481425	0.455596	0.453863	0.454232	0.454795	0.456314	0.398178	0.357559	0.350445	0.347955	0.348601	0.35759	0.476292	0.464965	0.470719	0.471451	0.473583	0.467248	0.642083	0.507533	0.507571	0.548098	0.519863	0.525191	0.635994	0.496343	0.498237	0.511915	0.503104	0.504284	0.48745	0.443624	0.443949	0.449113	0.44595	0.447728	0.466522	0.463352	0.46537	0.458682	0.486776	0.481608
ERR608108-k20-n1-x5e9	0.354688	0.477902	0.36397	0.359216	0.358987	0.358872	0.448041	0.317837	0.337581	0.322704	0.321207	0.323268	0.277106	0.253352	0.259782	0	0.247893	0.250528	0.366812	0.37141	0.384813	0.3965	0.372569	0.374493	0.443839	0.341703	0.626209	0.347113	0.379472	0.376007	0.420407	0.328686	0.326522	0.378867	0.371033	0.376624	0.334788	0.32403	0.332248	0.350457	0.350742	0.355903	0.439904	0.388461	0.389503	0.416285	0.412732	0.421375	0.501997	0.504183	0.51047	0.488749	0.487553	0.487141	0.462685	0.449811	0.452538	0.454766	0.455414	0.449664	0.367853	0.341435	0.340884	0.340203	0.341732	0.340833	0.467169	0.468845	0.478884	0.481116	0.483453	0.471347	0.613985	0.498625	0.497334	0.524678	0.504372	0.507159	0.606792	0.484752	0.485051	0.493124	0.49023	0.490505	0.46413	0.443746	0.445224	0.43463	0.431929	0.432947	0.465401	0.457926	0.459153	0.450476	0.4654	0.461964
ERR608109-k20-n1-x5e9	0.354981	0.472991	0.36264	0.357959	0.357428	0.357424	0.442653	0.31816	0.335544	0.325852	0.324122	0.326568	0.273559	0.254489	0.262873	0.247893	0	0.249711	0.365067	0.369541	0.382689	0.392336	0.370825	0.372627	0.438015	0.342016	0.62113	0.348601	0.377167	0.37408	0.416035	0.327305	0.325644	0.374282	0.366818	0.372257	0.334204	0.32698	0.335806	0.354837	0.355125	0.360379	0.435765	0.387139	0.389007	0.412597	0.409224	0.417368	0.503132	0.506966	0.513727	0.490272	0.488977	0.488503	0.463008	0.45212	0.455352	0.457641	0.458371	0.45177	0.365182	0.34118	0.342179	0.341392	0.34323	0.340717	0.469277	0.471954	0.482239	0.48443	0.486934	0.474415	0.613244	0.501031	0.499573	0.52472	0.506169	0.508722	0.605835	0.48672	0.48675	0.494403	0.492256	0.492281	0.464673	0.446264	0.447918	0.435712	0.432866	0.433774	0.46791	0.460071	0.461127	0.452107	0.465546	0.46239
ERR608110-k20-n1-x5e9	0.355533	0.463269	0.360704	0.355037	0.354731	0.355184	0.430612	0.317528	0.3292	0.330172	0.328314	0.33135	0.26699	0.25604	0.26806	0.250528	0.249711	0	0.361053	0.36547	0.378106	0.384524	0.367028	0.368882	0.427878	0.344264	0.612123	0.353154	0.376322	0.373521	0.407956	0.324802	0.323766	0.366019	0.359165	0.364076	0.333212	0.332179	0.342547	0.363671	0.36391	0.369525	0.430172	0.386752	0.389332	0.407458	0.404285	0.411823	0.505706	0.512609	0.519801	0.492946	0.491542	0.490523	0.462585	0.455052	0.45944	0.461665	0.462749	0.454655	0.360952	0.341271	0.344859	0.344184	0.346307	0.341207	0.473923	0.47843	0.48937	0.491681	0.494235	0.480841	0.61132	0.505348	0.503504	0.523693	0.509321	0.510906	0.603281	0.490414	0.490223	0.496475	0.49649	0.496386	0.465093	0.451746	0.453617	0.436568	0.434588	0.434762	0.473672	0.464982	0.465556	0.454858	0.465889	0.463405
ERR609151-k20-n1-x5e9	0.33626	0.40324	0.325373	0.328145	0.328288	0.329184	0.428073	0.373726	0.371297	0.389555	0.3858	0.389234	0.354239	0.379837	0.396742	0.366812	0.365067	0.361053	0	0.250611	0.255292	0.274491	0.254443	0.254716	0.397198	0.361504	0.575096	0.376372	0.362634	0.36043	0.343085	0.317544	0.319812	0.331356	0.327017	0.331996	0.329132	0.365265	0.380073	0.407585	0.407311	0.41377	0.465305	0.461499	0.470198	0.464686	0.462482	0.46413	0.505447	0.530371	0.541877	0.508748	0.507067	0.505756	0.446465	0.459824	0.470712	0.475361	0.476152	0.459131	0.341436	0.3508	0.363277	0.365925	0.367587	0.351895	0.461544	0.49327	0.513439	0.517699	0.52146	0.49696	0.527625	0.475939	0.470998	0.45854	0.465625	0.460539	0.52107	0.455024	0.451062	0.444869	0.462248	0.458997	0.421318	0.459694	0.464014	0.420328	0.421133	0.419701	0.476217	0.462178	0.457771	0.446176	0.436757	0.436882
ERR609152-k20-n1-x5e9	0.339755	0.402564	0.327917	0.331907	0.332063	0.332564	0.430388	0.379414	0.376987	0.395255	0.391156	0.394606	0.357507	0.38566	0.402982	0.37141	0.369541	0.36547	0.250611	0	0.253642	0.274112	0.253811	0.253921	0.397201	0.364737	0.572879	0.380163	0.361085	0.359192	0.340331	0.32147	0.324022	0.332779	0.328623	0.333354	0.330179	0.369189	0.384562	0.411914	0.411637	0.418089	0.467738	0.467452	0.476751	0.46982	0.467608	0.468837	0.506255	0.533323	0.545188	0.511524	0.509793	0.508393	0.447031	0.462651	0.474062	0.478918	0.47976	0.461577	0.341633	0.354005	0.367395	0.370181	0.372072	0.355061	0.462692	0.496508	0.516984	0.521544	0.525281	0.500138	0.523131	0.477188	0.47199	0.456898	0.465525	0.460013	0.516902	0.456238	0.452072	0.444849	0.463049	0.45972	0.42032	0.46345	0.467789	0.422709	0.423516	0.422077	0.479454	0.464915	0.460365	0.448822	0.436014	0.436579
ERR609153-k20-n1-x5e9	0.350549	0.395352	0.334716	0.340305	0.340522	0.341193	0.42836	0.393048	0.387475	0.410067	0.405773	0.409463	0.365177	0.400206	0.419128	0.384813	0.382689	0.378106	0.255292	0.253642	0	0.271489	0.257253	0.256889	0.393613	0.37733	0.563985	0.393151	0.3629	0.361464	0.332756	0.333093	0.336572	0.335121	0.331497	0.336111	0.334714	0.381686	0.397808	0.425358	0.424823	0.431211	0.469482	0.478002	0.488545	0.477368	0.475408	0.475347	0.507887	0.539913	0.552674	0.516791	0.514992	0.51316	0.447868	0.469421	0.482096	0.487355	0.488188	0.468277	0.343065	0.363931	0.379476	0.382355	0.384286	0.364774	0.467224	0.504836	0.526296	0.531087	0.534825	0.50844	0.511549	0.482332	0.476606	0.453645	0.467776	0.46116	0.50428	0.46015	0.455201	0.445282	0.466321	0.462538	0.419254	0.472551	0.47705	0.428107	0.42924	0.427567	0.487678	0.472438	0.46709	0.45556	0.437085	0.438599
ERR609154-k20-n1-x5e9	0.37294	0.364925	0.352077	0.351386	0.351956	0.353287	0.387016	0.398737	0.376407	0.429422	0.425064	0.429975	0.360112	0.406756	0.429732	0.3965	0.392336	0.384524	0.274491	0.274112	0.271489	0	0.279646	0.27793	0.361898	0.396573	0.530503	0.418052	0.384469	0.384101	0.32203	0.342297	0.347179	0.31664	0.317884	0.318462	0.359673	0.411591	0.428702	0.460012	0.459972	0.466779	0.461726	0.476627	0.487532	0.464249	0.463439	0.461696	0.535801	0.569492	0.581979	0.538292	0.535744	0.532626	0.467912	0.493508	0.508191	0.512545	0.514158	0.492475	0.350953	0.381748	0.402094	0.403563	0.407583	0.383217	0.503168	0.536515	0.556716	0.560786	0.56465	0.540237	0.530971	0.515984	0.50999	0.474496	0.50168	0.493532	0.522713	0.494872	0.489371	0.478788	0.503489	0.499392	0.448747	0.501519	0.505907	0.449512	0.451679	0.448454	0.518143	0.502057	0.496596	0.479243	0.460565	0.462914
ERR609155-k20-n1-x5e9	0.340637	0.408134	0.329619	0.333729	0.334149	0.334335	0.435891	0.381137	0.380349	0.395123	0.391338	0.394421	0.360418	0.387045	0.403849	0.372569	0.370825	0.367028	0.254443	0.253811	0.257253	0.279646	0	0.253139	0.40265	0.365704	0.577678	0.380099	0.361927	0.359927	0.345067	0.324156	0.326567	0.337752	0.333403	0.338303	0.330581	0.368294	0.383384	0.410019	0.40959	0.416124	0.469781	0.468568	0.477872	0.471861	0.469619	0.471099	0.504736	0.531469	0.543146	0.510457	0.508874	0.507447	0.446862	0.461381	0.472544	0.477548	0.478037	0.46049	0.344151	0.355114	0.367542	0.370428	0.372024	0.355608	0.46083	0.494717	0.515126	0.519618	0.523409	0.498184	0.522699	0.475064	0.470152	0.456852	0.46354	0.458342	0.51653	0.454324	0.450216	0.443239	0.460757	0.457569	0.419758	0.461586	0.466085	0.422386	0.423044	0.421666	0.477966	0.463559	0.459234	0.448239	0.436074	0.436496
ERR609156-k20-n1-x5e9	0.342229	0.405501	0.33057	0.334663	0.33487	0.335194	0.434258	0.382794	0.380917	0.397538	0.39362	0.39693	0.360987	0.389243	0.406223	0.374493	0.372627	0.368882	0.254716	0.253921	0.256889	0.27793	0.253139	0	0.40058	0.367349	0.575026	0.382483	0.36167	0.359661	0.342888	0.324956	0.327737	0.336447	0.331763	0.336784	0.33181	0.371172	0.386172	0.413056	0.412643	0.419155	0.469445	0.469654	0.479205	0.47208	0.469875	0.471198	0.506669	0.533956	0.545807	0.512494	0.510955	0.509438	0.448252	0.464116	0.475218	0.480209	0.480973	0.462808	0.344027	0.357041	0.369839	0.372775	0.374444	0.357409	0.463216	0.497288	0.517908	0.522398	0.52618	0.500797	0.522274	0.477173	0.472132	0.457084	0.465189	0.459828	0.515945	0.456387	0.452018	0.444797	0.462783	0.459409	0.420689	0.464016	0.468417	0.423741	0.424454	0.423098	0.480281	0.465901	0.461274	0.450438	0.437323	0.437874
ERR609987-k20-n1-x5e9	0.434011	0.35758	0.409503	0.403647	0.40492	0.406695	0.374483	0.447679	0.411776	0.487771	0.484429	0.489675	0.392941	0.449513	0.474431	0.443839	0.438015	0.427878	0.397198	0.397201	0.393613	0.361898	0.40265	0.40058	0	0.403835	0.45259	0.431617	0.379378	0.381689	0.365708	0.404061	0.40964	0.355307	0.360249	0.356043	0.421926	0.476293	0.492949	0.521283	0.521455	0.52719	0.407023	0.451345	0.466643	0.413282	0.414766	0.408208	0.594365	0.628723	0.639596	0.592375	0.589596	0.584841	0.544015	0.570216	0.582765	0.586107	0.588061	0.568932	0.400049	0.440187	0.463777	0.463722	0.46935	0.441087	0.584902	0.603575	0.617065	0.620495	0.623054	0.606128	0.613538	0.594704	0.590056	0.558274	0.585908	0.579638	0.596541	0.574254	0.570186	0.562229	0.581402	0.578777	0.532403	0.570911	0.57396	0.525622	0.526924	0.522981	0.580742	0.566359	0.562387	0.543294	0.523941	0.527399
ERR609988-k20-n1-x5e9	0.331527	0.471512	0.341448	0.340632	0.339914	0.339359	0.484931	0.360278	0.382574	0.356659	0.355142	0.356414	0.362475	0.348401	0.351802	0.341703	0.342016	0.344264	0.361504	0.364737	0.37733	0.396573	0.365704	0.367349	0.403835	0	0.605208	0.257726	0.303865	0.299916	0.420536	0.331484	0.328989	0.385822	0.376933	0.382886	0.344824	0.335685	0.341925	0.354066	0.354097	0.357613	0.433147	0.382017	0.384512	0.417441	0.413036	0.421976	0.503875	0.506925	0.51286	0.496312	0.495594	0.495664	0.482844	0.471977	0.472652	0.476017	0.475705	0.471824	0.375269	0.349911	0.347549	0.34892	0.349169	0.349578	0.475221	0.474931	0.482379	0.485929	0.487348	0.476892	0.604551	0.483985	0.48346	0.515926	0.491606	0.495775	0.596305	0.4695	0.470504	0.480032	0.473534	0.474395	0.468182	0.447853	0.44948	0.44561	0.442151	0.443383	0.457907	0.451588	0.452104	0.448182	0.461514	0.458035
ERR609989-k20-n1-x5e9	0.617524	0.474021	0.593207	0.589863	0.591071	0.59237	0.502457	0.627613	0.590958	0.66347	0.66046	0.66491	0.576193	0.63164	0.653573	0.626209	0.62113	0.612123	0.575096	0.572879	0.563985	0.530503	0.577678	0.575026	0.45259	0.605208	0	0.627788	0.567296	0.570857	0.51678	0.592356	0.598244	0.53203	0.539672	0.533952	0.600928	0.654293	0.668934	0.692481	0.692418	0.697252	0.553822	0.625938	0.640624	0.574877	0.578106	0.567488	0.728088	0.7658	0.77604	0.731755	0.729342	0.724545	0.679058	0.712497	0.725561	0.728774	0.73059	0.710894	0.574304	0.619425	0.641511	0.641858	0.64657	0.620267	0.72455	0.746748	0.759514	0.762572	0.764903	0.748939	0.694952	0.733405	0.728514	0.681739	0.720308	0.71218	0.672169	0.714587	0.709721	0.697273	0.719756	0.716678	0.667608	0.720224	0.723259	0.673054	0.675196	0.670846	0.728009	0.714459	0.709864	0.692072	0.66321	0.668258
ERR609990-k20-n1-x5e9	0.338386	0.496189	0.353602	0.3536	0.352699	0.351751	0.508078	0.36659	0.396961	0.353214	0.352673	0.352621	0.378445	0.353007	0.351451	0.347113	0.348601	0.353154	0.376372	0.380163	0.393151	0.418052	0.380099	0.382483	0.431617	0.257726	0.627788	0	0.317632	0.312609	0.441987	0.343894	0.340584	0.408477	0.399118	0.405654	0.35313	0.331312	0.333707	0.339729	0.339957	0.342306	0.448449	0.387553	0.387151	0.432034	0.42728	0.437697	0.500214	0.496357	0.500881	0.492183	0.492008	0.493037	0.487009	0.469204	0.46735	0.470251	0.469465	0.469465	0.390015	0.356243	0.348997	0.349837	0.349002	0.35556	0.468879	0.463824	0.469326	0.472414	0.473578	0.46537	0.61187	0.47896	0.479673	0.523037	0.490234	0.496223	0.604908	0.465782	0.468244	0.480916	0.468929	0.470589	0.471842	0.440105	0.441521	0.448114	0.444289	0.446425	0.449489	0.445793	0.447375	0.446947	0.466955	0.462269
ERR609991-k20-n1-x5e9	0.360646	0.44144	0.353902	0.359935	0.359709	0.359149	0.47852	0.403836	0.412417	0.410259	0.407156	0.409632	0.374936	0.395908	0.409571	0.379472	0.377167	0.376322	0.362634	0.361085	0.3629	0.384469	0.361927	0.36167	0.379378	0.303865	0.567296	0.317632	0	0.26143	0.385128	0.358282	0.360514	0.37576	0.36646	0.371338	0.350384	0.381465	0.394679	0.410259	0.409877	0.413921	0.427808	0.422019	0.432792	0.43623	0.432663	0.437084	0.516509	0.541718	0.551803	0.524265	0.523242	0.521814	0.490361	0.503208	0.509836	0.51492	0.514751	0.500764	0.369577	0.377916	0.386832	0.389574	0.391263	0.375788	0.498868	0.515393	0.527066	0.531764	0.533242	0.516835	0.572611	0.508925	0.505876	0.506276	0.501798	0.500452	0.56157	0.490664	0.48862	0.484517	0.489395	0.488758	0.466654	0.487589	0.490463	0.465334	0.461407	0.461469	0.494811	0.483289	0.482189	0.47652	0.457836	0.458665
ERR609992-k20-n1-x5e9	0.357205	0.443571	0.351471	0.35722	0.357054	0.356283	0.479858	0.400599	0.410665	0.406113	0.402978	0.40528	0.373621	0.392601	0.405704	0.376007	0.37408	0.373521	0.36043	0.359192	0.361464	0.384101	0.359927	0.359661	0.381689	0.299916	0.570857	0.312609	0.26143	0	0.386902	0.355772	0.357766	0.375941	0.366557	0.371908	0.347812	0.376915	0.38978	0.405132	0.40478	0.408627	0.42878	0.420168	0.430629	0.436177	0.432413	0.436926	0.512419	0.537086	0.547004	0.520101	0.518807	0.517566	0.486638	0.498591	0.504995	0.510031	0.509742	0.49621	0.367913	0.374231	0.382535	0.385303	0.386795	0.37211	0.49371	0.51011	0.521871	0.526427	0.52796	0.511495	0.571537	0.50381	0.500903	0.503494	0.497248	0.496191	0.560581	0.485738	0.483893	0.480434	0.48446	0.483997	0.463342	0.482512	0.48544	0.461349	0.457297	0.457524	0.48998	0.47864	0.477654	0.472353	0.45487	0.455714
ERR606012-k20-n1-x5e9	0.393789	0.348697	0.36729	0.370031	0.370644	0.371728	0.395653	0.42755	0.403076	0.459298	0.454833	0.459349	0.379393	0.434119	0.458031	0.420407	0.416035	0.407956	0.343085	0.340331	0.332756	0.32203	0.345067	0.342888	0.365708	0.420536	0.51678	0.441987	0.385128	0.386902	0	0.33524	0.34246	0.29165	0.293221	0.292979	0.376271	0.436996	0.454833	0.483955	0.483579	0.489878	0.465048	0.493818	0.507102	0.477609	0.477283	0.474426	0.562193	0.601492	0.61404	0.570164	0.567921	0.564571	0.49811	0.530909	0.5455	0.550066	0.5515	0.528935	0.374512	0.415144	0.437013	0.438614	0.442501	0.415631	0.537872	0.570973	0.589547	0.59366	0.596782	0.57396	0.533241	0.550433	0.544573	0.500102	0.533318	0.52396	0.52415	0.52976	0.52398	0.509852	0.535301	0.531795	0.471143	0.53428	0.538381	0.482615	0.483887	0.480437	0.545955	0.529536	0.523949	0.508609	0.47955	0.483796
ERR606013-k20-n1-x5e9	0.3169	0.417209	0.315627	0.312676	0.312332	0.312581	0.427676	0.335053	0.340121	0.350009	0.347493	0.350484	0.330128	0.335662	0.348715	0.328686	0.327305	0.324802	0.317544	0.32147	0.333093	0.342297	0.324156	0.324956	0.404061	0.331484	0.592356	0.343894	0.358282	0.355772	0.33524	0	0.250073	0.295202	0.286877	0.293156	0.325061	0.336739	0.348912	0.373844	0.373879	0.380108	0.448732	0.419118	0.424375	0.432192	0.429551	0.434485	0.518534	0.531189	0.53964	0.510589	0.50949	0.508078	0.465609	0.465362	0.472171	0.475122	0.476144	0.464832	0.355736	0.344899	0.352139	0.352355	0.354691	0.345552	0.478313	0.492361	0.506361	0.509335	0.512381	0.495222	0.577045	0.491372	0.488314	0.493881	0.489862	0.488251	0.572826	0.476099	0.474134	0.475485	0.48406	0.482785	0.447869	0.454224	0.457329	0.427954	0.426691	0.426028	0.472673	0.461762	0.460019	0.448523	0.453785	0.451869
ERR606014-k20-n1-x5e9	0.315891	0.423729	0.31652	0.313514	0.313044	0.31315	0.432952	0.333011	0.340912	0.346051	0.34358	0.346472	0.331504	0.332896	0.34457	0.326522	0.325644	0.323766	0.319812	0.324022	0.336572	0.347179	0.326567	0.327737	0.40964	0.328989	0.598244	0.340584	0.360514	0.357766	0.34246	0.250073	0	0.301051	0.292144	0.29882	0.325972	0.332732	0.344282	0.368688	0.368709	0.374849	0.451867	0.418353	0.42285	0.434093	0.43129	0.436626	0.518484	0.528813	0.536767	0.509918	0.508633	0.507798	0.466744	0.464015	0.470082	0.473081	0.474057	0.463538	0.359015	0.344567	0.350205	0.350106	0.352247	0.344983	0.476891	0.489403	0.503031	0.505955	0.508913	0.49236	0.580742	0.489846	0.486864	0.496018	0.489191	0.488366	0.576529	0.474849	0.473154	0.475617	0.482894	0.481822	0.449294	0.451554	0.454521	0.42826	0.426803	0.426258	0.470244	0.459824	0.458457	0.447559	0.455051	0.452941
ERR606015-k20-n1-x5e9	0.364973	0.356381	0.3456	0.340254	0.340986	0.342665	0.378332	0.383067	0.358126	0.4185	0.414721	0.41968	0.342379	0.386529	0.41001	0.378867	0.374282	0.366019	0.331356	0.332779	0.335121	0.31664	0.337752	0.336447	0.355307	0.385822	0.53203	0.408477	0.37576	0.375941	0.29165	0.295202	0.301051	0	0.260939	0.260778	0.362612	0.407459	0.424472	0.454131	0.454161	0.460894	0.441084	0.449566	0.46046	0.435342	0.434907	0.433712	0.556537	0.585304	0.59604	0.552974	0.550976	0.547482	0.491667	0.512548	0.525128	0.52852	0.53056	0.511164	0.364571	0.388389	0.407874	0.408068	0.412656	0.388792	0.529415	0.551449	0.567328	0.570601	0.573839	0.554344	0.572397	0.540969	0.536047	0.507285	0.5301	0.52352	0.56481	0.522994	0.518452	0.510214	0.530006	0.527313	0.476877	0.512336	0.515839	0.464789	0.465562	0.462322	0.527131	0.512388	0.509277	0.491054	0.476511	0.478538
ERR606016-k20-n1-x5e9	0.356991	0.362402	0.338991	0.33439	0.33474	0.336162	0.386499	0.37729	0.356156	0.410256	0.40625	0.411144	0.338518	0.379748	0.402341	0.371033	0.366818	0.359165	0.327017	0.328623	0.331497	0.317884	0.333403	0.331763	0.360249	0.376933	0.539672	0.399118	0.36646	0.366557	0.293221	0.286877	0.292144	0.260939	0	0.257827	0.356295	0.399075	0.416063	0.445116	0.445087	0.451689	0.4423	0.446777	0.457314	0.435914	0.4351	0.434421	0.552475	0.5799	0.590473	0.549005	0.546713	0.543746	0.487612	0.507213	0.519191	0.522867	0.524704	0.505513	0.361567	0.381986	0.400628	0.401008	0.405497	0.382438	0.523667	0.54546	0.561285	0.564673	0.567822	0.548155	0.571631	0.534143	0.529157	0.503071	0.523188	0.516918	0.564606	0.516581	0.512168	0.504086	0.523228	0.520687	0.472075	0.505369	0.508945	0.459562	0.458996	0.45618	0.520474	0.505727	0.502855	0.485451	0.470729	0.4725
ERR606017-k20-n1-x5e9	0.363251	0.357725	0.344117	0.339054	0.339507	0.340923	0.381506	0.381879	0.358465	0.41706	0.413178	0.418178	0.341068	0.384699	0.408175	0.376624	0.372257	0.364076	0.331996	0.333354	0.336111	0.318462	0.338303	0.336784	0.356043	0.382886	0.533952	0.405654	0.371338	0.371908	0.292979	0.293156	0.29882	0.260778	0.257827	0	0.362607	0.407067	0.424348	0.453755	0.453777	0.460476	0.44103	0.448569	0.459456	0.434832	0.434307	0.433008	0.558731	0.586727	0.597154	0.554719	0.552378	0.548971	0.492995	0.51367	0.525995	0.529498	0.531424	0.512039	0.364789	0.387642	0.407372	0.407669	0.412392	0.388404	0.531235	0.552507	0.568166	0.57146	0.574607	0.555358	0.57544	0.541537	0.536511	0.508268	0.530583	0.523928	0.567909	0.523794	0.51932	0.511049	0.530904	0.528151	0.478272	0.512567	0.516016	0.465699	0.465244	0.462232	0.527168	0.512233	0.509334	0.491131	0.47604	0.477786
ERR608555-k20-n1-x5e9	0.34939	0.451892	0.346427	0.350862	0.351146	0.350583	0.435342	0.341177	0.352263	0.348536	0.344784	0.347679	0.33514	0.347375	0.361605	0.334788	0.334204	0.333212	0.329132	0.330179	0.334714	0.359673	0.330581	0.33181	0.421926	0.344824	0.600928	0.35313	0.350384	0.347812	0.376271	0.325061	0.325972	0.362612	0.356295	0.362607	0	0.277636	0.293336	0.319653	0.319413	0.326015	0.437834	0.421578	0.430302	0.437964	0.434729	0.439419	0.489522	0.510249	0.520754	0.494169	0.493195	0.492183	0.45042	0.455969	0.462747	0.466955	0.467047	0.455129	0.335806	0.333072	0.340699	0.342862	0.343971	0.332522	0.450221	0.474305	0.491598	0.495409	0.498499	0.477324	0.56381	0.489895	0.48745	0.497858	0.487222	0.48681	0.554094	0.469384	0.468275	0.468691	0.473446	0.472407	0.438028	0.455495	0.459182	0.436148	0.435772	0.435965	0.468972	0.458585	0.455427	0.449619	0.446978	0.44632
ERR608556-k20-n1-x5e9	0.351059	0.50772	0.365393	0.367229	0.367222	0.365961	0.486115	0.326159	0.361761	0.309953	0.308593	0.308625	0.361322	0.3295	0.327288	0.32403	0.32698	0.332179	0.365265	0.369189	0.381686	0.411591	0.368294	0.371172	0.476293	0.335685	0.654293	0.331312	0.381465	0.376915	0.436996	0.336739	0.332732	0.407459	0.399075	0.407067	0.277636	0	0.241803	0.255459	0.255526	0.260289	0.469972	0.411258	0.410887	0.453605	0.448844	0.458771	0.487874	0.483574	0.488784	0.481621	0.481587	0.482898	0.462434	0.440945	0.439442	0.441927	0.44119	0.441743	0.376713	0.338056	0.329077	0.329816	0.328115	0.338116	0.436953	0.441212	0.452616	0.455007	0.457622	0.443992	0.600222	0.476923	0.476906	0.519113	0.485363	0.490723	0.593701	0.461189	0.463253	0.474628	0.46518	0.466102	0.454433	0.428232	0.430091	0.435867	0.433815	0.436132	0.443547	0.439911	0.439961	0.440564	0.462091	0.457428
ERR608557-k20-n1-x5e9	0.35969	0.524226	0.37713	0.378691	0.377969	0.376941	0.502342	0.332235	0.372246	0.309412	0.309001	0.307835	0.376024	0.335491	0.328819	0.332248	0.335806	0.342547	0.380073	0.384562	0.397808	0.428702	0.383384	0.386172	0.492949	0.341925	0.668934	0.333707	0.394679	0.38978	0.454833	0.348912	0.344282	0.424472	0.416063	0.424348	0.293336	0.241803	0	0.245876	0.246155	0.249654	0.481662	0.415238	0.412196	0.462973	0.457924	0.468745	0.490586	0.479679	0.483193	0.482255	0.482601	0.484601	0.470581	0.443132	0.438939	0.440949	0.439798	0.444239	0.392038	0.347613	0.334795	0.335325	0.332965	0.347608	0.437617	0.436355	0.445729	0.447563	0.450079	0.438929	0.609689	0.477148	0.478105	0.52738	0.488667	0.495333	0.603521	0.462851	0.465803	0.479648	0.466456	0.468093	0.462801	0.426444	0.427877	0.442243	0.439792	0.443009	0.441853	0.440402	0.441147	0.444153	0.471002	0.46553
ERR608558-k20-n1-x5e9	0.375889	0.5517	0.39769	0.400135	0.399287	0.398091	0.533673	0.353342	0.400304	0.319554	0.320014	0.317328	0.402604	0.35338	0.341481	0.350457	0.354837	0.363671	0.407585	0.411914	0.425358	0.460012	0.410019	0.413056	0.521283	0.354066	0.692481	0.339729	0.410259	0.405132	0.483955	0.373844	0.368688	0.454131	0.445116	0.453755	0.319653	0.255459	0.245876	0	0.235574	0.236008	0.499424	0.424688	0.419491	0.480612	0.475065	0.487155	0.493766	0.474222	0.475629	0.485198	0.486314	0.488992	0.484889	0.450349	0.441834	0.443629	0.441794	0.451546	0.417084	0.367767	0.350154	0.350909	0.347337	0.367146	0.438794	0.429667	0.435431	0.43699	0.438778	0.431539	0.624133	0.478152	0.480462	0.541423	0.493678	0.502692	0.619	0.466433	0.470943	0.48814	0.467913	0.470611	0.476211	0.425334	0.425989	0.454389	0.450732	0.454921	0.4392	0.441174	0.443623	0.451962	0.483606	0.477311
ERR608559-k20-n1-x5e9	0.375737	0.551738	0.39727	0.399935	0.399161	0.397833	0.533871	0.353924	0.400983	0.320195	0.320499	0.317909	0.402896	0.353871	0.342368	0.350742	0.355125	0.36391	0.407311	0.411637	0.424823	0.459972	0.40959	0.412643	0.521455	0.354097	0.692418	0.339957	0.409877	0.40478	0.483579	0.373879	0.368709	0.454161	0.445087	0.453777	0.319413	0.255526	0.246155	0.235574	0	0.236045	0.500018	0.425686	0.420682	0.481385	0.475858	0.487898	0.493686	0.474385	0.475734	0.48551	0.486506	0.489265	0.484747	0.450377	0.442038	0.443975	0.441849	0.451572	0.416795	0.367734	0.350054	0.351014	0.347271	0.367038	0.4383	0.429671	0.435561	0.437148	0.438891	0.431489	0.623335	0.477729	0.480028	0.540901	0.493224	0.50211	0.618258	0.465959	0.470491	0.487641	0.467335	0.470097	0.475559	0.425254	0.425842	0.454232	0.450504	0.454911	0.438968	0.441122	0.443601	0.451909	0.483241	0.476974
ERR608560-k20-n1-x5e9	0.380052	0.5575	0.402309	0.405238	0.404332	0.402966	0.540449	0.359347	0.407187	0.324103	0.324615	0.321818	0.409446	0.359377	0.346711	0.355903	0.360379	0.369525	0.41377	0.418089	0.431211	0.466779	0.416124	0.419155	0.52719	0.357613	0.697252	0.342306	0.413921	0.408627	0.489878	0.380108	0.374849	0.460894	0.451689	0.460476	0.326015	0.260289	0.249654	0.236008	0.236045	0	0.503718	0.428098	0.422478	0.48521	0.479527	0.491768	0.495169	0.474134	0.474883	0.486968	0.488057	0.490997	0.488778	0.453282	0.444053	0.445847	0.443718	0.454594	0.422931	0.373077	0.354659	0.355648	0.351715	0.372413	0.439741	0.429472	0.434319	0.435983	0.437501	0.431031	0.626441	0.478775	0.481422	0.544219	0.494882	0.504234	0.621546	0.467568	0.472427	0.49004	0.468366	0.471373	0.479264	0.426312	0.426884	0.457776	0.454031	0.458527	0.4396	0.442333	0.445427	0.454752	0.486896	0.480529
ERR607409-k20-n1-x5e9	0.464756	0.474714	0.454105	0.44862	0.449131	0.449465	0.441058	0.439713	0.422986	0.467787	0.465028	0.469414	0.409604	0.441359	0.458826	0.439904	0.435765	0.430172	0.465305	0.467738	0.469482	0.461726	0.469781	0.469445	0.407023	0.433147	0.553822	0.448449	0.427808	0.42878	0.465048	0.448732	0.451867	0.441084	0.4423	0.44103	0.437834	0.469972	0.481662	0.499424	0.500018	0.503718	0	0.340484	0.357217	0.306173	0.306599	0.303843	0.587518	0.608805	0.616068	0.581732	0.579594	0.576077	0.569778	0.577229	0.581857	0.58407	0.585157	0.575772	0.428654	0.446051	0.461074	0.460059	0.464657	0.445599	0.588879	0.587057	0.592655	0.594836	0.595785	0.588508	0.697106	0.616728	0.616727	0.628196	0.622985	0.624673	0.67621	0.599963	0.600421	0.604899	0.603832	0.604627	0.577708	0.573265	0.574699	0.559851	0.558653	0.557555	0.573799	0.56664	0.565861	0.554507	0.556315	0.556441
