	ERR607481-k20-n1-x5e9	ERR607482-k20-n1-x5e9	ERR607483-k20-n1-x5e9	ERR607484-k20-n1-x5e9	ERR607485-k20-n1-x5e9	ERR607486-k20-n1-x5e9	ERR605557-k20-n1-x5e9	ERR605558-k20-n1-x5e9	ERR605559-k20-n1-x5e9	ERR605560-k20-n1-x5e9	ERR605561-k20-n1-x5e9	ERR605562-k20-n1-x5e9	ERR608063-k20-n1-x5e9	ERR608064-k20-n1-x5e9	ERR608065-k20-n1-x5e9	ERR608066-k20-n1-x5e9	ERR608067-k20-n1-x5e9	ERR608068-k20-n1-x5e9	ERR605872-k20-n1-x5e9	ERR605873-k20-n1-x5e9	ERR605874-k20-n1-x5e9	ERR605875-k20-n1-x5e9	ERR605876-k20-n1-x5e9	ERR605877-k20-n1-x5e9	ERR608621-k20-n1-x5e9	ERR608622-k20-n1-x5e9	ERR608623-k20-n1-x5e9	ERR608624-k20-n1-x5e9	ERR608625-k20-n1-x5e9	ERR608626-k20-n1-x5e9	ERR607849-k20-n1-x5e9	ERR607850-k20-n1-x5e9	ERR607851-k20-n1-x5e9	ERR607852-k20-n1-x5e9	ERR607853-k20-n1-x5e9	ERR607854-k20-n1-x5e9	ERR605849-k20-n1-x5e9	ERR605850-k20-n1-x5e9	ERR605851-k20-n1-x5e9	ERR605852-k20-n1-x5e9	ERR605853-k20-n1-x5e9	ERR605854-k20-n1-x5e9	ERR608525-k20-n1-x5e9	ERR608526-k20-n1-x5e9	ERR608527-k20-n1-x5e9	ERR608528-k20-n1-x5e9	ERR608529-k20-n1-x5e9	ERR608530-k20-n1-x5e9	ERR608689-k20-n1-x5e9	ERR608690-k20-n1-x5e9	ERR608691-k20-n1-x5e9	ERR608692-k20-n1-x5e9	ERR608693-k20-n1-x5e9	ERR608694-k20-n1-x5e9	ERR608025-k20-n1-x5e9	ERR608026-k20-n1-x5e9	ERR608027-k20-n1-x5e9	ERR608028-k20-n1-x5e9	ERR608029-k20-n1-x5e9	ERR608030-k20-n1-x5e9	ERR608057-k20-n1-x5e9	ERR608058-k20-n1-x5e9	ERR608059-k20-n1-x5e9	ERR608060-k20-n1-x5e9	ERR608061-k20-n1-x5e9	ERR608062-k20-n1-x5e9	ERR608603-k20-n1-x5e9	ERR608604-k20-n1-x5e9	ERR608605-k20-n1-x5e9	ERR608606-k20-n1-x5e9	ERR608607-k20-n1-x5e9	ERR608608-k20-n1-x5e9	ERR608507-k20-n1-x5e9	ERR608508-k20-n1-x5e9	ERR608509-k20-n1-x5e9	ERR608510-k20-n1-x5e9	ERR608511-k20-n1-x5e9	ERR608512-k20-n1-x5e9	ERR605994-k20-n1-x5e9	ERR605995-k20-n1-x5e9	ERR605996-k20-n1-x5e9	ERR605997-k20-n1-x5e9	ERR605998-k20-n1-x5e9	ERR605999-k20-n1-x5e9	ERR605689-k20-n1-x5e9	ERR605690-k20-n1-x5e9	ERR605691-k20-n1-x5e9	ERR605692-k20-n1-x5e9	ERR605693-k20-n1-x5e9	ERR605694-k20-n1-x5e9	ERR608099-k20-n1-x5e9	ERR608100-k20-n1-x5e9	ERR608101-k20-n1-x5e9	ERR608102-k20-n1-x5e9	ERR608103-k20-n1-x5e9	ERR608104-k20-n1-x5e9
ERR607481-k20-n1-x5e9	0	0.798082	0.801262	0.783694	0.784079	0.783302	0.943805	0.94979	0.96034	0.952679	0.948623	0.954691	1.11052	1.08523	1.23359	1.09984	1.09769	1.09992	1.00001	1.0095	0.933491	0.936911	0.937033	0.936761	0.981753	0.950637	0.940327	0.925468	0.924126	0.923236	0.928248	0.925617	0.92866	0.909971	0.910375	0.909357	0.979828	0.98818	0.904392	0.903695	0.905512	0.902563	0.970555	0.936672	0.926267	0.909892	0.906048	0.902888	1.1526	1.1305	1.12556	1.12625	1.12358	1.13096	1.14208	1.11565	1.11408	1.11482	1.11376	1.11405	1.32699	1.31628	1.31343	1.31493	1.31497	1.31448	0.944716	0.940918	0.939601	0.964332	0.959093	0.96693	1.08343	1.08033	1.07996	1.11674	1.11612	1.11705	1.16171	1.12229	1.11992	1.14936	1.14993	1.15107	1.08343	1.08695	1.08849	1.09576	1.11705	1.11103	1.08087	1.07521	1.07381	1.08981	1.08841	1.0882
ERR607482-k20-n1-x5e9	0.798082	0	0.798202	0.782052	0.782298	0.78121	0.941021	0.948081	0.959201	0.949949	0.946949	0.952174	1.10981	1.08398	1.23305	1.10012	1.09824	1.09821	0.999888	1.00844	0.934069	0.935709	0.938205	0.937882	0.98082	0.94709	0.937677	0.923625	0.921902	0.922523	0.929594	0.923033	0.928345	0.909677	0.910471	0.90576	0.977877	0.987848	0.904677	0.904262	0.906425	0.904866	0.969704	0.936892	0.922455	0.909564	0.906181	0.901047	1.15132	1.12935	1.12535	1.12509	1.12251	1.13042	1.14118	1.11587	1.11403	1.11488	1.11292	1.11312	1.32659	1.31574	1.31359	1.31482	1.31491	1.31434	0.940863	0.937927	0.937191	0.964153	0.957651	0.966618	1.08343	1.07926	1.07953	1.11556	1.11397	1.11503	1.1598	1.11892	1.11761	1.14854	1.1487	1.14973	1.0815	1.08656	1.08731	1.09577	1.11524	1.10901	1.07932	1.07303	1.07354	1.08797	1.08687	1.08816
ERR607483-k20-n1-x5e9	0.801262	0.798202	0	0.783448	0.78385	0.783578	0.944905	0.951265	0.961874	0.953809	0.950083	0.956023	1.11143	1.08514	1.23364	1.10024	1.0978	1.1002	1.00106	1.01067	0.934335	0.938643	0.938504	0.939035	0.984037	0.950918	0.940681	0.926069	0.924953	0.923747	0.930339	0.927174	0.929862	0.911272	0.911852	0.910558	0.981971	0.989648	0.906316	0.906474	0.908098	0.905343	0.973287	0.937908	0.92728	0.911293	0.907542	0.904472	1.15324	1.13109	1.12576	1.12626	1.12383	1.13131	1.14411	1.11676	1.11506	1.11602	1.11462	1.11523	1.32737	1.31641	1.31355	1.31494	1.31504	1.31461	0.944595	0.94076	0.939302	0.963141	0.95829	0.966233	1.08379	1.08051	1.08018	1.11659	1.11615	1.11706	1.16176	1.12038	1.11833	1.14863	1.14862	1.15004	1.0824	1.08592	1.08759	1.09489	1.11721	1.11091	1.08101	1.07488	1.07391	1.0895	1.08814	1.08764
ERR607484-k20-n1-x5e9	0.783694	0.782052	0.783448	0	0.752948	0.753879	0.927612	0.933129	0.945742	0.935787	0.933265	0.935592	1.1007	1.07218	1.22584	1.09091	1.08947	1.08986	0.98792	0.995582	0.925	0.929781	0.929495	0.928421	0.968879	0.93145	0.922801	0.906599	0.906839	0.90636	0.910051	0.907322	0.912235	0.892393	0.893312	0.892074	0.964751	0.974776	0.890137	0.892565	0.892132	0.890825	0.958439	0.921629	0.907453	0.894284	0.892669	0.885567	1.13904	1.12122	1.11745	1.11624	1.116	1.12198	1.12918	1.10874	1.10213	1.10566	1.105	1.10457	1.32313	1.31358	1.30979	1.31183	1.31191	1.31162	0.928567	0.925068	0.926209	0.953389	0.945153	0.954522	1.07409	1.06832	1.06917	1.1007	1.09878	1.09928	1.15307	1.10459	1.10278	1.13972	1.14058	1.14106	1.06741	1.07486	1.07765	1.08473	1.10079	1.09676	1.06774	1.06046	1.0598	1.07816	1.07486	1.07578
ERR607485-k20-n1-x5e9	0.784079	0.782298	0.78385	0.752948	0	0.753598	0.927795	0.93346	0.945803	0.933873	0.931675	0.936073	1.10084	1.07253	1.22586	1.09008	1.08843	1.0893	0.988055	0.995085	0.925164	0.929856	0.928692	0.928547	0.96945	0.931661	0.923514	0.907084	0.908079	0.905894	0.911027	0.907746	0.911671	0.893149	0.893982	0.892093	0.964977	0.97366	0.890593	0.893711	0.892848	0.890815	0.958776	0.921431	0.907949	0.894129	0.893222	0.886045	1.13893	1.12151	1.11726	1.1161	1.1158	1.12214	1.1298	1.10925	1.10255	1.10622	1.10532	1.10461	1.32323	1.31364	1.30966	1.31183	1.31202	1.31148	0.928268	0.925055	0.924152	0.953132	0.944588	0.952918	1.0745	1.0685	1.06838	1.09978	1.09871	1.09926	1.15315	1.10413	1.10228	1.13925	1.14024	1.14094	1.06737	1.07436	1.07775	1.08452	1.10092	1.09658	1.06769	1.06077	1.05998	1.07832	1.07495	1.07599
ERR607486-k20-n1-x5e9	0.783302	0.78121	0.783578	0.753879	0.753598	0	0.927995	0.933436	0.946775	0.936086	0.931564	0.937274	1.102	1.0732	1.2263	1.09027	1.08845	1.09019	0.98867	0.996737	0.924313	0.930181	0.928625	0.926763	0.968753	0.931886	0.924124	0.907255	0.905892	0.905457	0.912172	0.908451	0.911922	0.895087	0.895862	0.892614	0.964621	0.975085	0.889977	0.891054	0.891826	0.892138	0.960504	0.922462	0.90898	0.895606	0.893636	0.883922	1.1395	1.12231	1.11787	1.11821	1.11512	1.12224	1.12802	1.10918	1.1023	1.10613	1.10448	1.10375	1.32327	1.31357	1.30987	1.31194	1.31207	1.31161	0.929164	0.927216	0.926768	0.954686	0.945522	0.955079	1.07431	1.06828	1.0682	1.09915	1.0986	1.09888	1.15353	1.10405	1.1022	1.14	1.14064	1.14173	1.06799	1.07386	1.07646	1.08517	1.10125	1.09697	1.06753	1.06159	1.06029	1.07864	1.07596	1.07503
ERR605557-k20-n1-x5e9	0.943805	0.941021	0.944905	0.927612	0.927795	0.927995	0	0.793794	0.797592	0.800494	0.794205	0.799956	1.1202	1.09548	1.23923	1.1107	1.10852	1.11048	0.944336	0.948365	0.899595	0.902857	0.902555	0.903845	0.950359	0.919969	0.908495	0.888552	0.888391	0.887641	0.950278	0.946557	0.95159	0.932893	0.933351	0.930446	0.91531	0.920045	0.866498	0.865147	0.867119	0.868379	0.974615	0.940823	0.929471	0.910388	0.909167	0.903792	1.14724	1.1245	1.12063	1.11932	1.11838	1.12476	1.14472	1.11852	1.11558	1.11723	1.11538	1.11497	1.32692	1.31606	1.31318	1.31457	1.31444	1.31444	0.96136	0.956099	0.954999	0.985206	0.978072	0.986152	1.08347	1.07994	1.08011	1.11645	1.11534	1.11643	1.11972	1.07987	1.07804	1.11183	1.11671	1.11668	1.03774	1.04059	1.04167	1.05193	1.06918	1.06566	1.08201	1.07672	1.07488	1.09079	1.09073	1.08984
ERR605558-k20-n1-x5e9	0.94979	0.948081	0.951265	0.933129	0.93346	0.933436	0.793794	0	0.808292	0.802411	0.801704	0.800939	1.12514	1.09882	1.24142	1.11373	1.11212	1.11326	0.953132	0.957232	0.905364	0.906053	0.90755	0.908437	0.957891	0.926408	0.920013	0.897825	0.898134	0.898316	0.954502	0.951576	0.955082	0.937937	0.938284	0.936886	0.921767	0.928164	0.870661	0.871094	0.871268	0.871781	0.981681	0.946966	0.933708	0.918719	0.915574	0.911485	1.15223	1.12916	1.12354	1.12329	1.12111	1.12831	1.14905	1.12043	1.11763	1.11965	1.11813	1.11874	1.32818	1.3165	1.31401	1.31567	1.31547	1.31532	0.967352	0.9642	0.963286	0.990605	0.98317	0.991801	1.08613	1.08359	1.08336	1.12228	1.12074	1.12188	1.12569	1.08694	1.08538	1.11781	1.12199	1.12135	1.04526	1.04829	1.0482	1.05717	1.07735	1.07345	1.08844	1.08075	1.07917	1.09368	1.09398	1.09346
ERR605559-k20-n1-x5e9	0.96034	0.959201	0.961874	0.945742	0.945803	0.946775	0.797592	0.808292	0	0.812965	0.809301	0.810986	1.13517	1.10512	1.24521	1.12405	1.12125	1.12287	0.958121	0.958235	0.91399	0.916011	0.916649	0.917173	0.968861	0.934817	0.927994	0.907306	0.908139	0.907841	0.968394	0.965016	0.968921	0.953946	0.953616	0.952336	0.928611	0.932612	0.881097	0.878541	0.881991	0.88039	0.989312	0.959599	0.948329	0.933898	0.930642	0.925772	1.15734	1.13899	1.12952	1.12913	1.12702	1.13888	1.15401	1.12631	1.12476	1.12624	1.12448	1.12391	1.32998	1.31863	1.31601	1.3176	1.31747	1.31724	0.981217	0.974959	0.974119	1.00177	0.993869	1.00291	1.0943	1.09039	1.09036	1.13021	1.12917	1.12867	1.12904	1.09055	1.08979	1.11991	1.12443	1.12472	1.0489	1.05142	1.05212	1.06467	1.08083	1.0794	1.09423	1.09194	1.08949	1.10145	1.10077	1.10029
ERR605560-k20-n1-x5e9	0.952679	0.949949	0.953809	0.935787	0.933873	0.936086	0.800494	0.802411	0.812965	0	0.799018	0.802707	1.12848	1.1003	1.24208	1.11557	1.11336	1.11432	0.956918	0.959402	0.909952	0.911628	0.909973	0.911126	0.960016	0.927016	0.921304	0.898181	0.899508	0.90041	0.956029	0.952664	0.956334	0.941499	0.940957	0.937843	0.928636	0.933172	0.873201	0.874269	0.874162	0.875942	0.983805	0.948745	0.936592	0.920151	0.916487	0.912631	1.15451	1.13151	1.12449	1.12439	1.12197	1.13069	1.15037	1.12244	1.12043	1.12176	1.12	1.12008	1.32855	1.31698	1.31406	1.31563	1.31546	1.31564	0.969113	0.963932	0.962539	0.990459	0.984276	0.992473	1.08912	1.08464	1.08568	1.1243	1.12274	1.12433	1.12775	1.08654	1.08615	1.11879	1.12231	1.12291	1.04539	1.04942	1.04992	1.06046	1.0804	1.07676	1.08817	1.08343	1.08223	1.09574	1.09462	1.09399
ERR605561-k20-n1-x5e9	0.948623	0.946949	0.950083	0.933265	0.931675	0.931564	0.794205	0.801704	0.809301	0.799018	0	0.798607	1.1253	1.09914	1.24113	1.11404	1.11167	1.11325	0.952895	0.957901	0.906945	0.908229	0.907775	0.908253	0.958784	0.925942	0.919153	0.896445	0.897165	0.897158	0.954395	0.951764	0.953952	0.937673	0.937484	0.936863	0.923799	0.928191	0.86953	0.871204	0.870334	0.872637	0.980249	0.945191	0.933582	0.916688	0.913758	0.910277	1.15203	1.12926	1.1234	1.12289	1.12112	1.12821	1.14937	1.12093	1.11828	1.11923	1.11771	1.11869	1.32814	1.3168	1.31396	1.31537	1.31524	1.31529	0.966838	0.963025	0.962413	0.989445	0.981749	0.989913	1.08763	1.08318	1.08398	1.12196	1.12077	1.12132	1.12571	1.08521	1.08435	1.11723	1.12111	1.12048	1.04422	1.0477	1.04739	1.05829	1.07753	1.07328	1.08786	1.08119	1.07882	1.09297	1.09386	1.09375
ERR605562-k20-n1-x5e9	0.954691	0.952174	0.956023	0.935592	0.936073	0.937274	0.799956	0.800939	0.810986	0.802707	0.798607	0	1.129	1.09985	1.24234	1.11597	1.11439	1.11463	0.953072	0.955534	0.908887	0.910445	0.909106	0.91083	0.960113	0.927933	0.922031	0.89877	0.899825	0.900869	0.957961	0.954197	0.957372	0.942509	0.941531	0.93995	0.92377	0.929847	0.872168	0.873648	0.873353	0.874593	0.985682	0.949521	0.937799	0.922962	0.918284	0.9145	1.15488	1.13114	1.12467	1.12439	1.12227	1.1311	1.1506	1.12278	1.11944	1.12235	1.12031	1.12074	1.32882	1.31719	1.31435	1.316	1.31594	1.31574	0.970553	0.964706	0.963941	0.991511	0.985125	0.993826	1.08945	1.08531	1.08652	1.12513	1.12337	1.12458	1.12561	1.08492	1.08372	1.11681	1.1208	1.12041	1.04354	1.04754	1.04759	1.05797	1.07823	1.07461	1.08848	1.08403	1.08296	1.09596	1.0952	1.0948
ERR608063-k20-n1-x5e9	1.11052	1.10981	1.11143	1.1007	1.10084	1.102	1.1202	1.12514	1.13517	1.12848	1.1253	1.129	0	0.781275	1.05206	0.808648	0.804463	0.805833	1.12264	1.12774	1.05897	1.05831	1.05773	1.05636	1.14481	1.1237	1.11551	1.10542	1.10555	1.10435	1.11335	1.10961	1.11499	1.09868	1.09876	1.09742	1.13616	1.14178	1.07686	1.07651	1.07497	1.07242	1.146	1.12532	1.11675	1.10267	1.10162	1.09924	0.991867	0.979267	0.976618	0.975931	0.973167	0.97942	0.903608	0.888933	0.891455	0.890345	0.889469	0.889813	1.29129	1.2815	1.27882	1.28048	1.2804	1.27998	0.952808	0.949889	0.947818	0.979375	0.971999	0.979479	0.899575	0.897543	0.895771	0.942514	0.93999	0.944165	1.05765	1.01762	1.01684	1.05066	1.05121	1.0516	0.962284	0.965837	0.969891	0.982356	0.99666	0.9903	0.896287	0.894041	0.886965	0.907621	0.907494	0.908733
ERR608064-k20-n1-x5e9	1.08523	1.08398	1.08514	1.07218	1.07253	1.0732	1.09548	1.09882	1.10512	1.1003	1.09914	1.09985	0.781275	0	1.03719	0.772556	0.76691	0.768491	1.09377	1.10117	1.03397	1.03395	1.03311	1.03216	1.12087	1.09455	1.08895	1.07864	1.07967	1.07853	1.08483	1.08188	1.0867	1.0758	1.07621	1.07431	1.1048	1.10984	1.04737	1.04699	1.0457	1.04614	1.12395	1.09436	1.08828	1.07837	1.07776	1.07248	0.97559	0.956324	0.953225	0.950636	0.947113	0.954921	0.89264	0.864728	0.856171	0.861253	0.859479	0.857343	1.28584	1.27471	1.27025	1.27248	1.27247	1.27235	0.922279	0.923306	0.924347	0.949841	0.940639	0.949588	0.869609	0.859456	0.861391	0.916387	0.914616	0.916964	1.03505	0.981093	0.980566	1.02608	1.0287	1.03007	0.923294	0.925921	0.93249	0.946815	0.967021	0.960481	0.852626	0.855625	0.855131	0.869933	0.869296	0.867306
ERR608065-k20-n1-x5e9	1.23359	1.23305	1.23364	1.22584	1.22586	1.2263	1.23923	1.24142	1.24521	1.24208	1.24113	1.24234	1.05206	1.03719	0	1.04737	1.04626	1.04688	1.23657	1.23978	1.20293	1.20378	1.20311	1.20283	1.25175	1.23936	1.2356	1.22935	1.22976	1.22977	1.23373	1.2319	1.23431	1.22734	1.22736	1.2264	1.24506	1.24803	1.21351	1.21334	1.21292	1.21275	1.25242	1.23939	1.23534	1.22915	1.22832	1.2264	1.14746	1.14251	1.14123	1.14025	1.13851	1.14246	1.10368	1.09404	1.09636	1.09442	1.0943	1.09452	1.33407	1.32815	1.32635	1.32735	1.32734	1.32725	1.1354	1.13364	1.13324	1.14385	1.14002	1.14407	1.09811	1.09638	1.09573	1.11526	1.11536	1.11518	1.18053	1.15689	1.15624	1.1759	1.1777	1.17776	1.13347	1.13434	1.13512	1.14162	1.15084	1.14818	1.09818	1.09904	1.09893	1.10105	1.10087	1.10114
ERR608066-k20-n1-x5e9	1.09984	1.10012	1.10024	1.09091	1.09008	1.09027	1.1107	1.11373	1.12405	1.11557	1.11404	1.11597	0.808648	0.772556	1.04737	0	0.787199	0.785654	1.11246	1.12051	1.05032	1.04982	1.0493	1.04819	1.13898	1.1111	1.10519	1.09651	1.09757	1.09614	1.10181	1.09821	1.10277	1.09054	1.09101	1.09021	1.1247	1.13201	1.06671	1.0662	1.06565	1.06515	1.14106	1.11322	1.10392	1.09382	1.09339	1.09076	0.98507	0.971083	0.966619	0.964466	0.961703	0.970095	0.903376	0.882919	0.884099	0.881615	0.879893	0.882039	1.28962	1.2792	1.27585	1.27768	1.27763	1.27737	0.940552	0.93634	0.935277	0.963627	0.958173	0.964091	0.887753	0.884414	0.883141	0.92836	0.927929	0.928705	1.04436	1.00051	0.998343	1.03642	1.03765	1.03857	0.944653	0.949519	0.95169	0.962554	0.983501	0.977826	0.877912	0.873191	0.870921	0.891604	0.891622	0.892039
ERR608067-k20-n1-x5e9	1.09769	1.09824	1.0978	1.08947	1.08843	1.08845	1.10852	1.11212	1.12125	1.11336	1.11167	1.11439	0.804463	0.76691	1.04626	0.787199	0	0.78278	1.1097	1.11781	1.04824	1.04787	1.04755	1.04601	1.13781	1.10913	1.10334	1.09476	1.0947	1.09441	1.09974	1.09654	1.10078	1.0902	1.08948	1.08713	1.12131	1.12974	1.06511	1.06447	1.06402	1.06354	1.13885	1.10983	1.10203	1.09256	1.09215	1.0888	0.982837	0.968333	0.963413	0.961492	0.960866	0.96789	0.902134	0.879633	0.883368	0.87937	0.878707	0.877712	1.28936	1.27876	1.27624	1.27724	1.27733	1.27686	0.936712	0.934322	0.932981	0.964361	0.95609	0.963158	0.887764	0.880659	0.881765	0.926875	0.924527	0.926786	1.04343	0.996994	0.996467	1.03531	1.03678	1.03739	0.941993	0.947598	0.950474	0.961561	0.982329	0.974533	0.875472	0.870175	0.869464	0.889515	0.889299	0.890141
ERR608068-k20-n1-x5e9	1.09992	1.09821	1.1002	1.08986	1.0893	1.09019	1.11048	1.11326	1.12287	1.11432	1.11325	1.11463	0.805833	0.768491	1.04688	0.785654	0.78278	0	1.11104	1.11948	1.04988	1.05017	1.04967	1.04912	1.13857	1.10935	1.10406	1.09573	1.09557	1.09548	1.09992	1.09721	1.10074	1.08973	1.09046	1.08863	1.12279	1.1303	1.06637	1.0647	1.06505	1.06497	1.13983	1.11086	1.10303	1.09316	1.09277	1.08953	0.985051	0.970068	0.965255	0.963386	0.961026	0.967746	0.902401	0.882065	0.885477	0.880109	0.879766	0.878371	1.2897	1.27908	1.27605	1.27748	1.27767	1.27732	0.938727	0.934755	0.934135	0.964433	0.956221	0.9626	0.887759	0.883378	0.882361	0.925823	0.926707	0.928482	1.04351	0.998116	0.996825	1.03561	1.03672	1.03693	0.942445	0.94858	0.951223	0.961112	0.981426	0.974946	0.875283	0.871651	0.871685	0.889652	0.890444	0.889415
ERR605872-k20-n1-x5e9	1.00001	0.999888	1.00106	0.98792	0.988055	0.98867	0.944336	0.953132	0.958121	0.956918	0.952895	0.953072	1.12264	1.09377	1.23657	1.11246	1.1097	1.11104	0	0.79063	0.742551	0.747615	0.748102	0.749084	1.00539	0.981329	0.974638	0.957588	0.95784	0.95783	0.997923	0.995122	0.999452	0.982211	0.983413	0.981471	0.924333	0.927132	0.885116	0.88503	0.885351	0.888043	1.03335	1.01134	1.00139	0.987517	0.984846	0.981449	1.14859	1.13167	1.12382	1.1224	1.11998	1.13124	1.14725	1.12073	1.11937	1.12051	1.11833	1.11799	1.33027	1.31921	1.31608	1.31771	1.31753	1.31754	0.982277	0.974184	0.973011	0.997263	0.992958	0.998943	1.08701	1.08283	1.08357	1.123	1.12228	1.1228	1.11441	1.07881	1.07762	1.10931	1.11465	1.11393	1.04868	1.05099	1.05108	1.06489	1.07732	1.07602	1.08888	1.08735	1.08735	1.0968	1.09656	1.09563
ERR605873-k20-n1-x5e9	1.0095	1.00844	1.01067	0.995582	0.995085	0.996737	0.948365	0.957232	0.958235	0.959402	0.957901	0.955534	1.12774	1.10117	1.23978	1.12051	1.11781	1.11948	0.79063	0	0.757243	0.76135	0.760628	0.760707	1.00822	0.988431	0.981631	0.961778	0.962236	0.963819	1.00397	1.00392	1.00596	0.992604	0.992623	0.990238	0.926408	0.930379	0.893244	0.892251	0.893149	0.89349	1.03726	1.01718	1.01084	0.994997	0.993748	0.988036	1.15441	1.13968	1.13267	1.13195	1.12914	1.13976	1.15238	1.12982	1.1237	1.12791	1.12624	1.12462	1.33177	1.32168	1.31786	1.31989	1.3196	1.31951	0.989512	0.986725	0.986235	1.00812	1.00157	1.00893	1.09722	1.09132	1.09145	1.12987	1.12917	1.1292	1.11695	1.08155	1.0816	1.11477	1.12045	1.12049	1.05452	1.057	1.05669	1.0721	1.08059	1.07963	1.09466	1.09353	1.09258	1.10598	1.10487	1.10404
ERR605874-k20-n1-x5e9	0.933491	0.934069	0.934335	0.925	0.925164	0.924313	0.899595	0.905364	0.91399	0.909952	0.906945	0.908887	1.05897	1.03397	1.20293	1.05032	1.04824	1.04988	0.742551	0.757243	0	0.665228	0.666319	0.662486	0.960627	0.92322	0.917628	0.90492	0.905267	0.905396	0.925494	0.920709	0.925949	0.912354	0.913575	0.912246	0.891829	0.899192	0.824049	0.824446	0.824362	0.823432	0.977502	0.939517	0.928919	0.922008	0.923047	0.914914	1.09268	1.07384	1.06952	1.0702	1.06939	1.07386	1.09096	1.0688	1.06375	1.06625	1.06452	1.06471	1.31435	1.3044	1.30042	1.30254	1.30234	1.30212	0.905854	0.898647	0.89776	0.94028	0.930479	0.938782	1.03025	1.02305	1.02387	1.06155	1.05981	1.06174	1.09572	1.04778	1.04601	1.08347	1.0869	1.08726	1.01271	1.01782	1.01913	1.02988	1.04433	1.04016	1.02725	1.02172	1.02085	1.03874	1.03791	1.03747
ERR605875-k20-n1-x5e9	0.936911	0.935709	0.938643	0.929781	0.929856	0.930181	0.902857	0.906053	0.916011	0.911628	0.908229	0.910445	1.05831	1.03395	1.20378	1.04982	1.04787	1.05017	0.747615	0.76135	0.665228	0	0.660002	0.657197	0.960211	0.924555	0.91873	0.908181	0.909875	0.908889	0.926055	0.921386	0.927688	0.912433	0.913625	0.913502	0.893017	0.90088	0.825853	0.822764	0.822575	0.82317	0.978484	0.942535	0.931893	0.922174	0.920393	0.91961	1.09412	1.07533	1.07017	1.07046	1.07024	1.07577	1.08989	1.07023	1.06397	1.06827	1.06558	1.06515	1.31445	1.30497	1.30078	1.30311	1.30285	1.30265	0.911533	0.902507	0.900664	0.938531	0.935331	0.939044	1.02973	1.02575	1.02511	1.06356	1.06204	1.06293	1.09663	1.05169	1.04989	1.08523	1.08826	1.08874	1.01526	1.01917	1.02163	1.03245	1.0434	1.04078	1.02854	1.02287	1.02132	1.0418	1.04	1.03975
ERR605876-k20-n1-x5e9	0.937033	0.938205	0.938504	0.929495	0.928692	0.928625	0.902555	0.90755	0.916649	0.909973	0.907775	0.909106	1.05773	1.03311	1.20311	1.0493	1.04755	1.04967	0.748102	0.760628	0.666319	0.660002	0	0.657294	0.961368	0.925933	0.918624	0.907645	0.908238	0.907617	0.923912	0.921365	0.925542	0.91436	0.915363	0.914262	0.891685	0.899435	0.827259	0.822865	0.823108	0.821722	0.977616	0.942658	0.932827	0.923047	0.923896	0.917484	1.09292	1.07547	1.06995	1.0709	1.06985	1.07486	1.08872	1.06878	1.06309	1.06639	1.06377	1.06338	1.31424	1.30447	1.3007	1.30294	1.30263	1.30215	0.909428	0.902363	0.900256	0.941349	0.935021	0.941031	1.03037	1.02476	1.02327	1.06281	1.06118	1.06129	1.09631	1.05209	1.0509	1.08619	1.08824	1.08913	1.01439	1.02047	1.0223	1.03293	1.04301	1.04068	1.02811	1.02395	1.02263	1.04051	1.04007	1.04015
ERR605877-k20-n1-x5e9	0.936761	0.937882	0.939035	0.928421	0.928547	0.926763	0.903845	0.908437	0.917173	0.911126	0.908253	0.91083	1.05636	1.03216	1.20283	1.04819	1.04601	1.04912	0.749084	0.760707	0.662486	0.657197	0.657294	0	0.960638	0.927546	0.92064	0.907333	0.907492	0.906638	0.924543	0.922595	0.92644	0.91359	0.914943	0.913507	0.893927	0.899587	0.824531	0.821107	0.82036	0.821409	0.97701	0.940937	0.931042	0.927051	0.923244	0.916711	1.09223	1.07449	1.07045	1.07233	1.06937	1.07509	1.08738	1.06685	1.06193	1.06594	1.06169	1.06206	1.31383	1.3042	1.3004	1.30251	1.30221	1.30225	0.908357	0.901789	0.90095	0.942428	0.9341	0.944548	1.03015	1.02348	1.02315	1.06217	1.06064	1.06192	1.09666	1.05233	1.05083	1.08669	1.08923	1.08941	1.01552	1.01969	1.0217	1.03468	1.04319	1.04162	1.02697	1.02346	1.022	1.03982	1.04041	1.03999
ERR608621-k20-n1-x5e9	0.981753	0.98082	0.984037	0.968879	0.96945	0.968753	0.950359	0.957891	0.968861	0.960016	0.958784	0.960113	1.14481	1.12087	1.25175	1.13898	1.13781	1.13857	1.00539	1.00822	0.960627	0.960211	0.961368	0.960638	0	0.851056	0.843648	0.827968	0.827331	0.828769	0.958735	0.954993	0.958476	0.946592	0.94703	0.944594	0.983044	0.98398	0.932123	0.930539	0.931699	0.930966	0.962267	0.94949	0.938359	0.927878	0.925503	0.920407	1.16855	1.1566	1.15191	1.15179	1.14848	1.15637	1.16054	1.14447	1.13887	1.14222	1.14061	1.14112	1.33369	1.32539	1.3219	1.32391	1.32393	1.32355	0.995462	0.992941	0.991064	1.01887	1.01124	1.0201	1.11417	1.10969	1.10878	1.14046	1.13951	1.14012	1.1652	1.1307	1.12885	1.15965	1.1627	1.16306	1.09226	1.09867	1.10071	1.11274	1.12101	1.11952	1.10477	1.1012	1.09973	1.1199	1.11919	1.11834
ERR608622-k20-n1-x5e9	0.950637	0.94709	0.950918	0.93145	0.931661	0.931886	0.919969	0.926408	0.934817	0.927016	0.925942	0.927933	1.1237	1.09455	1.23936	1.1111	1.10913	1.10935	0.981329	0.988431	0.92322	0.924555	0.925933	0.927546	0.851056	0	0.804877	0.784319	0.784469	0.784262	0.929418	0.925227	0.928087	0.910405	0.911561	0.910358	0.956314	0.964563	0.894423	0.891986	0.896216	0.894011	0.952776	0.916401	0.904314	0.89263	0.888763	0.882836	1.15361	1.12911	1.12355	1.12117	1.11937	1.12892	1.14966	1.12	1.11766	1.11895	1.11806	1.1179	1.32934	1.31718	1.31437	1.31611	1.31623	1.31575	0.956513	0.95282	0.952692	0.977863	0.971956	0.981097	1.08183	1.07856	1.07815	1.11809	1.11741	1.11772	1.14733	1.10464	1.10287	1.13531	1.13807	1.13775	1.06548	1.06791	1.06981	1.07738	1.10138	1.09687	1.08279	1.07492	1.07418	1.08829	1.08642	1.08706
ERR608623-k20-n1-x5e9	0.940327	0.937677	0.940681	0.922801	0.923514	0.924124	0.908495	0.920013	0.927994	0.921304	0.919153	0.922031	1.11551	1.08895	1.2356	1.10519	1.10334	1.10406	0.974638	0.981631	0.917628	0.91873	0.918624	0.92064	0.843648	0.804877	0	0.769762	0.77123	0.772153	0.92561	0.918327	0.923265	0.903924	0.904891	0.902032	0.948058	0.956327	0.888816	0.888786	0.891566	0.892074	0.945461	0.908594	0.897285	0.882833	0.879561	0.875741	1.14671	1.1226	1.11838	1.11696	1.1148	1.12254	1.1425	1.11659	1.11342	1.11411	1.11356	1.11324	1.32717	1.31566	1.3133	1.31441	1.31454	1.31432	0.948035	0.943012	0.942759	0.969496	0.964412	0.972704	1.0765	1.07089	1.07244	1.10914	1.10833	1.10937	1.14091	1.09681	1.09501	1.12904	1.1321	1.13206	1.0568	1.06215	1.06298	1.0706	1.09262	1.08723	1.07217	1.06598	1.06766	1.08177	1.07964	1.07953
ERR608624-k20-n1-x5e9	0.925468	0.923625	0.926069	0.906599	0.907084	0.907255	0.888552	0.897825	0.907306	0.898181	0.896445	0.89877	1.10542	1.07864	1.22935	1.09651	1.09476	1.09573	0.957588	0.961778	0.90492	0.908181	0.907645	0.907333	0.827968	0.784319	0.769762	0	0.743911	0.741678	0.906435	0.902609	0.904406	0.887569	0.888639	0.887973	0.92985	0.937384	0.872124	0.872346	0.8734	0.871729	0.932566	0.895725	0.881538	0.867493	0.867382	0.859501	1.13308	1.11492	1.10893	1.10908	1.10759	1.11519	1.12841	1.10858	1.10114	1.10567	1.10446	1.10349	1.32329	1.31363	1.30978	1.31195	1.31206	1.31133	0.935718	0.931993	0.931526	0.96042	0.953719	0.962377	1.06949	1.06152	1.06233	1.0945	1.09322	1.09374	1.13032	1.08232	1.07983	1.12004	1.12276	1.1229	1.04171	1.04772	1.05108	1.05961	1.07482	1.07128	1.06162	1.05548	1.05482	1.07326	1.06994	1.06991
ERR608625-k20-n1-x5e9	0.924126	0.921902	0.924953	0.906839	0.908079	0.905892	0.888391	0.898134	0.908139	0.899508	0.897165	0.899825	1.10555	1.07967	1.22976	1.09757	1.0947	1.09557	0.95784	0.962236	0.905267	0.909875	0.908238	0.907492	0.827331	0.784469	0.77123	0.743911	0	0.74412	0.905695	0.903035	0.905176	0.887548	0.888183	0.885489	0.931492	0.937914	0.871399	0.873029	0.872843	0.873453	0.932761	0.893852	0.881021	0.86763	0.864607	0.859855	1.13385	1.11477	1.10957	1.10904	1.10888	1.11533	1.12842	1.10773	1.10177	1.10615	1.10355	1.10373	1.3232	1.31386	1.30993	1.31169	1.31168	1.31151	0.933096	0.929454	0.929081	0.958034	0.954481	0.960653	1.06911	1.06169	1.06318	1.09435	1.09327	1.09493	1.13106	1.08312	1.07981	1.12101	1.12255	1.12277	1.04263	1.04801	1.05086	1.06008	1.07489	1.07181	1.06073	1.05522	1.05476	1.07243	1.07114	1.06924
ERR608626-k20-n1-x5e9	0.923236	0.922523	0.923747	0.90636	0.905894	0.905457	0.887641	0.898316	0.907841	0.90041	0.897158	0.900869	1.10435	1.07853	1.22977	1.09614	1.09441	1.09548	0.95783	0.963819	0.905396	0.908889	0.907617	0.906638	0.828769	0.784262	0.772153	0.741678	0.74412	0	0.907155	0.903274	0.905805	0.887141	0.887998	0.887241	0.931411	0.937952	0.870687	0.871676	0.871433	0.871371	0.932747	0.894839	0.881232	0.868271	0.866986	0.858955	1.13223	1.11426	1.10984	1.1099	1.10824	1.11562	1.1276	1.10709	1.10044	1.10415	1.10269	1.10265	1.32295	1.31362	1.30962	1.31152	1.31159	1.31143	0.934045	0.933372	0.932253	0.961756	0.953604	0.963793	1.06954	1.06095	1.06265	1.09438	1.09186	1.09415	1.13205	1.0831	1.08082	1.12114	1.12427	1.12358	1.0424	1.04807	1.0511	1.06143	1.07617	1.07116	1.06192	1.05438	1.05447	1.07234	1.07085	1.07027
ERR607849-k20-n1-x5e9	0.928248	0.929594	0.930339	0.910051	0.911027	0.912172	0.950278	0.954502	0.968394	0.956029	0.954395	0.957961	1.11335	1.08483	1.23373	1.10181	1.09974	1.09992	0.997923	1.00397	0.925494	0.926055	0.923912	0.924543	0.958735	0.929418	0.92561	0.906435	0.905695	0.907155	0	0.829964	0.836628	0.823315	0.8248	0.819522	0.972061	0.980988	0.891393	0.891341	0.891537	0.89004	0.955471	0.923073	0.913481	0.899144	0.895573	0.891477	1.14768	1.1263	1.11847	1.11763	1.11668	1.1256	1.13589	1.1072	1.10654	1.10706	1.1055	1.10679	1.32661	1.31473	1.31198	1.31352	1.31356	1.31342	0.947544	0.942459	0.940405	0.969347	0.962416	0.971328	1.07317	1.07021	1.07017	1.11189	1.11122	1.11096	1.15904	1.11758	1.11664	1.14485	1.14523	1.14616	1.07807	1.08051	1.08283	1.09188	1.1159	1.11074	1.0719	1.06903	1.06684	1.08037	1.08051	1.0801
ERR607850-k20-n1-x5e9	0.925617	0.923033	0.927174	0.907322	0.907746	0.908451	0.946557	0.951576	0.965016	0.952664	0.951764	0.954197	1.10961	1.08188	1.2319	1.09821	1.09654	1.09721	0.995122	1.00392	0.920709	0.921386	0.921365	0.922595	0.954993	0.925227	0.918327	0.902609	0.903035	0.903274	0.829964	0	0.830428	0.81438	0.815619	0.814049	0.968449	0.977708	0.888424	0.888667	0.888786	0.88814	0.950412	0.919579	0.907226	0.894298	0.891292	0.887179	1.14617	1.12207	1.11695	1.11666	1.11457	1.12216	1.13578	1.10635	1.10405	1.10547	1.104	1.10483	1.32589	1.31382	1.31137	1.31297	1.31302	1.31269	0.941554	0.938691	0.937601	0.965243	0.958891	0.969023	1.06983	1.06705	1.06668	1.10837	1.10784	1.10848	1.15644	1.11486	1.11399	1.14318	1.14381	1.14381	1.07527	1.07968	1.08092	1.08778	1.11295	1.10741	1.07232	1.06391	1.06241	1.07787	1.07808	1.07786
ERR607851-k20-n1-x5e9	0.92866	0.928345	0.929862	0.912235	0.911671	0.911922	0.95159	0.955082	0.968921	0.956334	0.953952	0.957372	1.11499	1.0867	1.23431	1.10277	1.10078	1.10074	0.999452	1.00596	0.925949	0.927688	0.925542	0.92644	0.958476	0.928087	0.923265	0.904406	0.905176	0.905805	0.836628	0.830428	0	0.823563	0.82392	0.818238	0.973689	0.982669	0.893351	0.892545	0.89418	0.893821	0.955967	0.923827	0.911366	0.897975	0.896446	0.891438	1.14851	1.12747	1.119	1.11879	1.11645	1.12608	1.1382	1.10911	1.10736	1.10856	1.10736	1.10827	1.32691	1.31484	1.31226	1.31384	1.31388	1.31359	0.94704	0.942803	0.941032	0.970694	0.963445	0.971494	1.07443	1.06999	1.07128	1.11228	1.11175	1.11139	1.15916	1.11683	1.11514	1.14483	1.14458	1.14517	1.07683	1.08074	1.08278	1.0913	1.11615	1.11105	1.07394	1.06882	1.06745	1.08052	1.08149	1.07989
ERR607852-k20-n1-x5e9	0.909971	0.909677	0.911272	0.892393	0.893149	0.895087	0.932893	0.937937	0.953946	0.941499	0.937673	0.942509	1.09868	1.0758	1.22734	1.09054	1.0902	1.08973	0.982211	0.992604	0.912354	0.912433	0.91436	0.91359	0.946592	0.910405	0.903924	0.887569	0.887548	0.887141	0.823315	0.81438	0.823563	0	0.795656	0.794038	0.957485	0.965221	0.882074	0.882033	0.88331	0.885152	0.939364	0.910304	0.894479	0.879967	0.876827	0.872178	1.13589	1.11466	1.10946	1.10904	1.10712	1.11436	1.12547	1.09912	1.09799	1.09982	1.09821	1.09794	1.32276	1.31183	1.3093	1.3108	1.31086	1.31102	0.929025	0.924018	0.922488	0.953907	0.946938	0.956144	1.06244	1.05892	1.05896	1.09554	1.09435	1.09598	1.1482	1.10368	1.1021	1.13466	1.13562	1.13593	1.06312	1.07168	1.0723	1.07906	1.10051	1.0932	1.05844	1.05364	1.0527	1.07006	1.07009	1.07015
ERR607853-k20-n1-x5e9	0.910375	0.910471	0.911852	0.893312	0.893982	0.895862	0.933351	0.938284	0.953616	0.940957	0.937484	0.941531	1.09876	1.07621	1.22736	1.09101	1.08948	1.09046	0.983413	0.992623	0.913575	0.913625	0.915363	0.914943	0.94703	0.911561	0.904891	0.888639	0.888183	0.887998	0.8248	0.815619	0.82392	0.795656	0	0.792691	0.958145	0.966334	0.882901	0.883037	0.884199	0.885831	0.940512	0.911043	0.895844	0.880964	0.87835	0.873394	1.13618	1.11497	1.11006	1.10881	1.10753	1.11415	1.12604	1.09946	1.09787	1.09964	1.09848	1.09841	1.3228	1.31189	1.3093	1.31086	1.3109	1.31104	0.929576	0.925067	0.923452	0.955128	0.9477	0.957019	1.06261	1.05864	1.05918	1.09596	1.09477	1.09579	1.14777	1.10394	1.10258	1.13481	1.13569	1.13604	1.06313	1.0717	1.07193	1.07892	1.10034	1.09323	1.05875	1.05395	1.05303	1.0702	1.07001	1.07054
ERR607854-k20-n1-x5e9	0.909357	0.90576	0.910558	0.892074	0.892093	0.892614	0.930446	0.936886	0.952336	0.937843	0.936863	0.93995	1.09742	1.07431	1.2264	1.09021	1.08713	1.08863	0.981471	0.990238	0.912246	0.913502	0.914262	0.913507	0.944594	0.910358	0.902032	0.887973	0.885489	0.887241	0.819522	0.814049	0.818238	0.794038	0.792691	0	0.956899	0.963491	0.886144	0.883204	0.886707	0.88564	0.938095	0.90675	0.89208	0.878257	0.875949	0.869186	1.13427	1.11315	1.10792	1.1073	1.10489	1.1129	1.12355	1.0987	1.09589	1.09785	1.09627	1.09807	1.32216	1.31147	1.30877	1.31094	1.31104	1.31063	0.927663	0.922775	0.92117	0.95278	0.944357	0.953993	1.06094	1.05953	1.05853	1.09291	1.09148	1.09353	1.14753	1.1016	1.0996	1.1337	1.1347	1.13469	1.06163	1.06878	1.07055	1.07774	1.09801	1.09167	1.05616	1.05092	1.05002	1.06869	1.06801	1.06822
ERR605849-k20-n1-x5e9	0.979828	0.977877	0.981971	0.964751	0.964977	0.964621	0.91531	0.921767	0.928611	0.928636	0.923799	0.92377	1.13616	1.1048	1.24506	1.1247	1.12131	1.12279	0.924333	0.926408	0.891829	0.893017	0.891685	0.893927	0.983044	0.956314	0.948058	0.92985	0.931492	0.931411	0.972061	0.968449	0.973689	0.957485	0.958145	0.956899	0	0.822498	0.767304	0.767107	0.770511	0.769524	1.01322	0.988306	0.977591	0.964796	0.962494	0.957254	1.15178	1.13288	1.12443	1.12256	1.12086	1.13287	1.15545	1.1265	1.12454	1.12617	1.12423	1.12424	1.3322	1.32085	1.31822	1.31986	1.31979	1.31942	1.00272	0.996071	0.995679	1.02017	1.01401	1.02172	1.09398	1.09077	1.08967	1.12874	1.12872	1.12842	1.11959	1.08043	1.07882	1.11156	1.11711	1.11729	1.04527	1.04729	1.04654	1.06034	1.07499	1.07524	1.09254	1.0923	1.08995	1.09946	1.09975	1.09807
ERR605850-k20-n1-x5e9	0.98818	0.987848	0.989648	0.974776	0.97366	0.975085	0.920045	0.928164	0.932612	0.933172	0.928191	0.929847	1.14178	1.10984	1.24803	1.13201	1.12974	1.1303	0.927132	0.930379	0.899192	0.90088	0.899435	0.899587	0.98398	0.964563	0.956327	0.937384	0.937914	0.937952	0.980988	0.977708	0.982669	0.965221	0.966334	0.963491	0.822498	0	0.777505	0.774948	0.776093	0.776627	1.01729	0.994918	0.986786	0.970993	0.968908	0.964876	1.15667	1.14095	1.13278	1.13126	1.12851	1.13987	1.15808	1.13396	1.12804	1.131	1.12914	1.12896	1.33318	1.32286	1.31945	1.32107	1.32091	1.32096	1.00963	1.00899	1.00773	1.02909	1.02269	1.02969	1.10216	1.09563	1.09641	1.1354	1.13417	1.13441	1.12326	1.08454	1.08486	1.11694	1.12235	1.12337	1.04879	1.05095	1.05158	1.06724	1.07725	1.07627	1.09772	1.09562	1.0939	1.10698	1.10616	1.1053
ERR605851-k20-n1-x5e9	0.904392	0.904677	0.906316	0.890137	0.890593	0.889977	0.866498	0.870661	0.881097	0.873201	0.86953	0.872168	1.07686	1.04737	1.21351	1.06671	1.06511	1.06637	0.885116	0.893244	0.824049	0.825853	0.827259	0.824531	0.932123	0.894423	0.888816	0.872124	0.871399	0.870687	0.891393	0.888424	0.893351	0.882074	0.882901	0.886144	0.767304	0.777505	0	0.677887	0.677469	0.680103	0.949702	0.909707	0.900034	0.892584	0.890383	0.881243	1.09741	1.07699	1.07492	1.07267	1.06956	1.07786	1.0997	1.07702	1.07199	1.0751	1.07249	1.07346	1.31632	1.30602	1.30257	1.30441	1.30444	1.30426	0.925859	0.919224	0.918077	0.957757	0.949114	0.958903	1.03818	1.03168	1.03122	1.06958	1.06792	1.06868	1.0963	1.04482	1.04327	1.08251	1.08556	1.08759	1.00755	1.01189	1.01375	1.02569	1.0404	1.03904	1.03119	1.02732	1.02331	1.04422	1.04315	1.04104
ERR605852-k20-n1-x5e9	0.903695	0.904262	0.906474	0.892565	0.893711	0.891054	0.865147	0.871094	0.878541	0.874269	0.871204	0.873648	1.07651	1.04699	1.21334	1.0662	1.06447	1.0647	0.88503	0.892251	0.824446	0.822764	0.822865	0.821107	0.930539	0.891986	0.888786	0.872346	0.873029	0.871676	0.891341	0.888667	0.892545	0.882033	0.883037	0.883204	0.767107	0.774948	0.677887	0	0.67074	0.666546	0.949213	0.912005	0.901114	0.894249	0.889892	0.882366	1.09656	1.07814	1.0742	1.07494	1.07038	1.07737	1.0985	1.07604	1.07035	1.07369	1.07129	1.07201	1.31636	1.30642	1.30281	1.30498	1.30487	1.30417	0.928765	0.921495	0.919718	0.960073	0.951558	0.962293	1.03817	1.03221	1.03161	1.06895	1.06867	1.06886	1.09791	1.04848	1.04581	1.08382	1.08676	1.0873	1.00881	1.01209	1.01492	1.02716	1.03856	1.03705	1.03207	1.02712	1.02386	1.04378	1.04309	1.0434
ERR605853-k20-n1-x5e9	0.905512	0.906425	0.908098	0.892132	0.892848	0.891826	0.867119	0.871268	0.881991	0.874162	0.870334	0.873353	1.07497	1.0457	1.21292	1.06565	1.06402	1.06505	0.885351	0.893149	0.824362	0.822575	0.823108	0.82036	0.931699	0.896216	0.891566	0.8734	0.872843	0.871433	0.891537	0.888786	0.89418	0.88331	0.884199	0.886707	0.770511	0.776093	0.677469	0.67074	0	0.671561	0.948913	0.911449	0.902026	0.89378	0.890886	0.882415	1.09638	1.07742	1.07551	1.07379	1.07045	1.07793	1.09727	1.07515	1.07125	1.07393	1.0706	1.07195	1.31612	1.30618	1.30284	1.30467	1.3045	1.30437	0.928548	0.922524	0.920375	0.960624	0.952182	0.961743	1.0372	1.03192	1.03135	1.06902	1.06843	1.0689	1.09778	1.04855	1.04795	1.08453	1.08691	1.08901	1.00984	1.01335	1.01588	1.0284	1.03971	1.03823	1.03197	1.0281	1.02394	1.0435	1.04363	1.04287
ERR605854-k20-n1-x5e9	0.902563	0.904866	0.905343	0.890825	0.890815	0.892138	0.868379	0.871781	0.88039	0.875942	0.872637	0.874593	1.07242	1.04614	1.21275	1.06515	1.06354	1.06497	0.888043	0.89349	0.823432	0.82317	0.821722	0.821409	0.930966	0.894011	0.892074	0.871729	0.873453	0.871371	0.89004	0.88814	0.893821	0.885152	0.885831	0.88564	0.769524	0.776627	0.680103	0.666546	0.671561	0	0.948019	0.912147	0.902594	0.892793	0.890083	0.882553	1.09492	1.07708	1.07412	1.07287	1.0699	1.07729	1.09472	1.07371	1.06913	1.07316	1.06973	1.06924	1.31606	1.30603	1.30265	1.30477	1.30433	1.3039	0.927686	0.921407	0.919362	0.960097	0.951592	0.962236	1.03716	1.0303	1.03007	1.06913	1.069	1.06914	1.09822	1.05041	1.04926	1.08533	1.0881	1.08935	1.00975	1.0145	1.01698	1.02968	1.03961	1.03737	1.03097	1.02641	1.02242	1.04472	1.04347	1.04256
ERR608525-k20-n1-x5e9	0.970555	0.969704	0.973287	0.958439	0.958776	0.960504	0.974615	0.981681	0.989312	0.983805	0.980249	0.985682	1.146	1.12395	1.25242	1.14106	1.13885	1.13983	1.03335	1.03726	0.977502	0.978484	0.977616	0.97701	0.962267	0.952776	0.945461	0.932566	0.932761	0.932747	0.955471	0.950412	0.955967	0.939364	0.940512	0.938095	1.01322	1.01729	0.949702	0.949213	0.948913	0.948019	0	0.870459	0.863343	0.850709	0.846704	0.844186	1.17494	1.16361	1.15847	1.15835	1.15749	1.16352	1.15936	1.14577	1.14003	1.14378	1.14187	1.14144	1.33351	1.32602	1.32277	1.32459	1.3245	1.3241	0.991098	0.98753	0.986999	1.01275	1.00876	1.01518	1.11776	1.11283	1.11175	1.14152	1.14132	1.14155	1.18302	1.14806	1.14723	1.17652	1.17522	1.17626	1.12155	1.12703	1.13026	1.13935	1.14893	1.14649	1.1085	1.10294	1.10095	1.12358	1.12265	1.12212
ERR608526-k20-n1-x5e9	0.936672	0.936892	0.937908	0.921629	0.921431	0.922462	0.940823	0.946966	0.959599	0.948745	0.945191	0.949521	1.12532	1.09436	1.23939	1.11322	1.10983	1.11086	1.01134	1.01718	0.939517	0.942535	0.942658	0.940937	0.94949	0.916401	0.908594	0.895725	0.893852	0.894839	0.923073	0.919579	0.923827	0.910304	0.911043	0.90675	0.988306	0.994918	0.909707	0.912005	0.911449	0.912147	0.870459	0	0.819864	0.812551	0.808396	0.800392	1.15845	1.13891	1.12928	1.12879	1.12678	1.13774	1.14532	1.11708	1.11477	1.11686	1.11436	1.11547	1.32928	1.31716	1.31447	1.31585	1.31599	1.31574	0.955351	0.946656	0.945521	0.975137	0.967148	0.977354	1.08091	1.07808	1.0782	1.11873	1.11837	1.11854	1.16511	1.12238	1.12179	1.14895	1.15002	1.15017	1.08892	1.09413	1.09478	1.10395	1.12804	1.12434	1.08038	1.07804	1.07616	1.08897	1.08756	1.08708
ERR608527-k20-n1-x5e9	0.926267	0.922455	0.92728	0.907453	0.907949	0.90898	0.929471	0.933708	0.948329	0.936592	0.933582	0.937799	1.11675	1.08828	1.23534	1.10392	1.10203	1.10303	1.00139	1.01084	0.928919	0.931893	0.932827	0.931042	0.938359	0.904314	0.897285	0.881538	0.881021	0.881232	0.913481	0.907226	0.911366	0.894479	0.895844	0.89208	0.977591	0.986786	0.900034	0.901114	0.902026	0.902594	0.863343	0.819864	0	0.791784	0.789634	0.783517	1.15361	1.12954	1.12331	1.12277	1.12037	1.12975	1.1414	1.11338	1.10974	1.11177	1.11045	1.11066	1.3276	1.31561	1.31291	1.31454	1.31468	1.31436	0.940992	0.936389	0.937961	0.964699	0.958679	0.965963	1.07552	1.07205	1.07167	1.1122	1.11131	1.1116	1.15851	1.11476	1.11347	1.14505	1.14448	1.14533	1.0846	1.08768	1.09008	1.09584	1.12126	1.11694	1.07693	1.06796	1.06681	1.08219	1.08024	1.08035
ERR608528-k20-n1-x5e9	0.909892	0.909564	0.911293	0.894284	0.894129	0.895606	0.910388	0.918719	0.933898	0.920151	0.916688	0.922962	1.10267	1.07837	1.22915	1.09382	1.09256	1.09316	0.987517	0.994997	0.922008	0.922174	0.923047	0.927051	0.927878	0.89263	0.882833	0.867493	0.86763	0.868271	0.899144	0.894298	0.897975	0.879967	0.880964	0.878257	0.964796	0.970993	0.892584	0.894249	0.89378	0.892793	0.850709	0.812551	0.791784	0	0.766508	0.761635	1.13984	1.11971	1.11555	1.11367	1.1115	1.12014	1.12655	1.10278	1.09913	1.10311	1.10232	1.10184	1.32341	1.31316	1.31	1.31195	1.31204	1.31178	0.927615	0.924061	0.923069	0.95152	0.945159	0.95299	1.06538	1.06238	1.06408	1.09585	1.09436	1.09621	1.14991	1.10358	1.10178	1.13605	1.136	1.13722	1.06986	1.07678	1.08155	1.08818	1.10557	1.09847	1.06002	1.05481	1.05359	1.07371	1.07132	1.07095
