	ERR609057-k20-n1-x5e9	ERR609058-k20-n1-x5e9	ERR609059-k20-n1-x5e9	ERR609060-k20-n1-x5e9	ERR609061-k20-n1-x5e9	ERR609062-k20-n1-x5e9	ERR608853-k20-n1-x5e9	ERR608854-k20-n1-x5e9	ERR608855-k20-n1-x5e9	ERR608856-k20-n1-x5e9	ERR608857-k20-n1-x5e9	ERR608858-k20-n1-x5e9	ERR605958-k20-n1-x5e9	ERR605959-k20-n1-x5e9	ERR605960-k20-n1-x5e9	ERR605961-k20-n1-x5e9	ERR605962-k20-n1-x5e9	ERR605963-k20-n1-x5e9	ERR607567-k20-n1-x5e9	ERR607568-k20-n1-x5e9	ERR607569-k20-n1-x5e9	ERR607570-k20-n1-x5e9	ERR607571-k20-n1-x5e9	ERR607572-k20-n1-x5e9	ERR605587-k20-n1-x5e9	ERR605588-k20-n1-x5e9	ERR605589-k20-n1-x5e9	ERR605590-k20-n1-x5e9	ERR605591-k20-n1-x5e9	ERR605592-k20-n1-x5e9	ERR607224-k20-n1-x5e9	ERR607225-k20-n1-x5e9	ERR607226-k20-n1-x5e9	ERR607227-k20-n1-x5e9	ERR607228-k20-n1-x5e9	ERR607229-k20-n1-x5e9	ERR605333-k20-n1-x5e9	ERR605334-k20-n1-x5e9	ERR605335-k20-n1-x5e9	ERR605336-k20-n1-x5e9	ERR605337-k20-n1-x5e9	ERR605338-k20-n1-x5e9	ERR605775-k20-n1-x5e9	ERR605776-k20-n1-x5e9	ERR605777-k20-n1-x5e9	ERR605778-k20-n1-x5e9	ERR605779-k20-n1-x5e9	ERR605780-k20-n1-x5e9	ERR608943-k20-n1-x5e9	ERR608944-k20-n1-x5e9	ERR608945-k20-n1-x5e9	ERR608946-k20-n1-x5e9	ERR608947-k20-n1-x5e9	ERR608948-k20-n1-x5e9	ERR608799-k20-n1-x5e9	ERR608800-k20-n1-x5e9	ERR608801-k20-n1-x5e9	ERR608802-k20-n1-x5e9	ERR608803-k20-n1-x5e9	ERR608804-k20-n1-x5e9	ERR605659-k20-n1-x5e9	ERR605660-k20-n1-x5e9	ERR605661-k20-n1-x5e9	ERR605662-k20-n1-x5e9	ERR605663-k20-n1-x5e9	ERR605664-k20-n1-x5e9	ERR607995-k20-n1-x5e9	ERR607996-k20-n1-x5e9	ERR607997-k20-n1-x5e9	ERR607998-k20-n1-x5e9	ERR607999-k20-n1-x5e9	ERR608000-k20-n1-x5e9	ERR606030-k20-n1-x5e9	ERR606031-k20-n1-x5e9	ERR606032-k20-n1-x5e9	ERR606033-k20-n1-x5e9	ERR606034-k20-n1-x5e9	ERR606035-k20-n1-x5e9	ERR608647-k20-n1-x5e9	ERR608648-k20-n1-x5e9	ERR608649-k20-n1-x5e9	ERR608650-k20-n1-x5e9	ERR608651-k20-n1-x5e9	ERR608652-k20-n1-x5e9	ERR608579-k20-n1-x5e9	ERR608580-k20-n1-x5e9	ERR608581-k20-n1-x5e9	ERR608582-k20-n1-x5e9	ERR608583-k20-n1-x5e9	ERR608584-k20-n1-x5e9	ERR605928-k20-n1-x5e9	ERR605929-k20-n1-x5e9	ERR605930-k20-n1-x5e9	ERR605931-k20-n1-x5e9	ERR605932-k20-n1-x5e9	ERR605933-k20-n1-x5e9
ERR609057-k20-n1-x5e9	0	0.364118	0.252215	0.249496	0.248474	0.248815	0.360703	0.308527	0.307155	0.307174	0.306916	0.307642	0.363348	0.338181	0.340821	0.342124	0.34322	0.344704	0.374693	0.310728	0.308622	0.347532	0.344069	0.35624	0.389388	0.375656	0.362258	0.372354	0.376824	0.372143	0.35929	0.305628	0.385548	0.295685	0.297861	0.454486	0.30679	0.442978	0.315123	0.310671	0.309984	0.310507	0.360488	0.377974	0.334045	0.336016	0.338125	0.342254	0.444257	0.447415	0.447927	0.438401	0.438101	0.437394	0.434927	0.440708	0.441757	0.423026	0.422945	0.423311	0.439455	0.438869	0.440177	0.442575	0.446236	0.445428	0.452133	0.46954	0.470297	0.436571	0.440485	0.441893	0.443998	0.430558	0.433048	0.421485	0.419509	0.420495	0.439564	0.4294	0.432747	0.431637	0.430028	0.430383	0.33365	0.299988	0.303386	0.303321	0.302277	0.303928	0.57391	0.517092	0.51679	0.559187	0.558478	0.561231
ERR609058-k20-n1-x5e9	0.364118	0	0.347607	0.380587	0.381291	0.370366	0.355653	0.406803	0.417658	0.406456	0.404806	0.406375	0.358161	0.450004	0.454823	0.380734	0.382634	0.380065	0.343604	0.38583	0.401047	0.329827	0.333458	0.326253	0.541173	0.526761	0.511708	0.52379	0.528305	0.523649	0.354841	0.442088	0.308685	0.379612	0.373618	0.334082	0.401348	0.33414	0.381827	0.366476	0.370456	0.367724	0.318131	0.313749	0.473419	0.474367	0.477092	0.481163	0.54042	0.548804	0.549184	0.503662	0.504083	0.505379	0.53916	0.54918	0.550451	0.498811	0.499659	0.501579	0.512339	0.498266	0.495466	0.492251	0.503233	0.499029	0.56755	0.588714	0.58906	0.546438	0.551841	0.553999	0.491086	0.534383	0.53821	0.484391	0.486616	0.482351	0.502661	0.520222	0.532508	0.528533	0.526242	0.521265	0.355875	0.425706	0.438889	0.437257	0.435313	0.438551	0.51441	0.512849	0.514857	0.515344	0.513728	0.515025
ERR609059-k20-n1-x5e9	0.252215	0.347607	0	0.259359	0.258082	0.252361	0.340257	0.304919	0.307598	0.304444	0.303485	0.304099	0.350654	0.350413	0.353627	0.342752	0.343242	0.344693	0.356564	0.308842	0.311671	0.336386	0.333037	0.343902	0.403326	0.388175	0.373026	0.38511	0.38967	0.38498	0.338237	0.313882	0.369018	0.292765	0.293553	0.436516	0.301323	0.422336	0.304155	0.300602	0.300348	0.300359	0.347783	0.362838	0.344115	0.344804	0.346483	0.349975	0.446333	0.452197	0.451864	0.437837	0.437638	0.43738	0.439837	0.44808	0.448513	0.425394	0.425303	0.426088	0.441749	0.438729	0.439078	0.442165	0.442023	0.441433	0.460147	0.480359	0.479965	0.443087	0.448252	0.450085	0.433487	0.436051	0.439374	0.418709	0.417016	0.417514	0.431104	0.429541	0.435814	0.434354	0.432562	0.430335	0.316631	0.303579	0.311392	0.309247	0.307832	0.30975	0.563917	0.518463	0.518578	0.555288	0.554017	0.556699
ERR609060-k20-n1-x5e9	0.249496	0.380587	0.259359	0	0.244464	0.248548	0.375996	0.313527	0.310079	0.311759	0.311534	0.312214	0.373641	0.331406	0.333411	0.345676	0.34668	0.348232	0.387606	0.314234	0.309349	0.358534	0.354592	0.368133	0.377075	0.364641	0.352689	0.361142	0.365377	0.36087	0.373976	0.300438	0.400705	0.299937	0.303414	0.470144	0.312393	0.459554	0.32439	0.319898	0.318769	0.319648	0.3736	0.39196	0.32681	0.329246	0.331689	0.335915	0.442921	0.444252	0.445143	0.440552	0.440084	0.439056	0.431671	0.435735	0.436984	0.42338	0.423336	0.423163	0.436689	0.43823	0.440129	0.442495	0.447246	0.446627	0.445311	0.460741	0.462136	0.43172	0.434738	0.435949	0.450735	0.426529	0.428896	0.424242	0.421744	0.423153	0.444994	0.429688	0.430917	0.430207	0.428984	0.430496	0.34633	0.298799	0.299621	0.300215	0.299395	0.300992	0.580963	0.517819	0.517045	0.563474	0.562936	0.565341
ERR609061-k20-n1-x5e9	0.248474	0.381291	0.258082	0.244464	0	0.247631	0.373853	0.31124	0.307891	0.309686	0.309325	0.309942	0.373538	0.332338	0.334162	0.347005	0.348124	0.349508	0.387085	0.313947	0.309182	0.359126	0.355112	0.368636	0.375836	0.363127	0.350751	0.359447	0.363754	0.359205	0.371849	0.29854	0.400748	0.29869	0.301913	0.470138	0.309959	0.459288	0.322025	0.318172	0.316843	0.31808	0.374288	0.392922	0.325497	0.327703	0.33016	0.333902	0.440574	0.442201	0.443143	0.438954	0.438384	0.437286	0.429643	0.43417	0.435265	0.421892	0.421713	0.421525	0.436767	0.438304	0.440003	0.442588	0.446593	0.446078	0.44387	0.459656	0.460846	0.430003	0.433129	0.43441	0.448203	0.425074	0.427278	0.423002	0.420273	0.421808	0.442229	0.427282	0.428785	0.427935	0.426686	0.428027	0.344917	0.297276	0.297988	0.298599	0.297662	0.299361	0.581817	0.51962	0.519075	0.565194	0.564577	0.567083
ERR609062-k20-n1-x5e9	0.248815	0.370366	0.252361	0.248548	0.247631	0	0.359816	0.3072	0.306548	0.305797	0.30515	0.305791	0.363266	0.337352	0.33989	0.344011	0.344166	0.345846	0.374409	0.310236	0.309022	0.350272	0.346367	0.359056	0.383054	0.369116	0.355632	0.366125	0.370323	0.365846	0.357649	0.302333	0.390106	0.294348	0.296633	0.458551	0.303905	0.446121	0.312863	0.309955	0.308728	0.309696	0.364573	0.381617	0.329311	0.330017	0.332024	0.335574	0.442006	0.445441	0.445454	0.438803	0.438507	0.43752	0.432783	0.438931	0.439378	0.423728	0.423393	0.423626	0.437152	0.436885	0.43833	0.441477	0.442134	0.44171	0.448868	0.466555	0.466712	0.433824	0.438331	0.439782	0.440656	0.427702	0.430535	0.41972	0.416846	0.418244	0.436852	0.427471	0.430725	0.42989	0.428459	0.427925	0.332355	0.297231	0.30142	0.300195	0.299088	0.300478	0.575293	0.519815	0.519377	0.561837	0.560878	0.56351
ERR608853-k20-n1-x5e9	0.360703	0.355653	0.340257	0.375996	0.373853	0.359816	0	0.298425	0.313091	0.301242	0.299864	0.300363	0.357964	0.434382	0.438692	0.398051	0.399366	0.400067	0.320957	0.34796	0.362693	0.333317	0.331979	0.334344	0.485132	0.4688	0.450692	0.465556	0.47007	0.465378	0.320682	0.397672	0.360383	0.357115	0.353831	0.405657	0.350328	0.380901	0.335187	0.336159	0.337275	0.336336	0.353072	0.355249	0.421984	0.422979	0.423019	0.424841	0.472932	0.485677	0.484114	0.455168	0.455296	0.456241	0.474304	0.488772	0.48783	0.449984	0.450079	0.451948	0.490722	0.480979	0.477851	0.481951	0.473419	0.472966	0.503431	0.531564	0.528549	0.480796	0.488731	0.491545	0.431408	0.485489	0.489896	0.446569	0.447732	0.446587	0.423924	0.450056	0.465258	0.461904	0.459102	0.450192	0.298956	0.361246	0.376679	0.372004	0.370605	0.372632	0.546561	0.545566	0.546864	0.562297	0.561413	0.563825
ERR608854-k20-n1-x5e9	0.308527	0.406803	0.304919	0.313527	0.31124	0.3072	0.298425	0	0.23818	0.238025	0.238452	0.238305	0.376813	0.368447	0.370895	0.374816	0.377163	0.379042	0.367263	0.310641	0.311296	0.353885	0.34887	0.362769	0.398678	0.38408	0.367763	0.380031	0.38465	0.379631	0.356482	0.323217	0.406898	0.318225	0.320108	0.473807	0.309894	0.453097	0.315983	0.319846	0.318094	0.319467	0.382164	0.397805	0.345117	0.348712	0.348868	0.351065	0.422074	0.428787	0.428231	0.422887	0.42244	0.422179	0.414644	0.424421	0.424392	0.407311	0.407123	0.407559	0.452217	0.452195	0.45181	0.457127	0.452395	0.453239	0.434532	0.458351	0.457151	0.415714	0.42112	0.423404	0.427696	0.428415	0.431595	0.420315	0.419418	0.421367	0.40561	0.402783	0.409641	0.407963	0.406342	0.403339	0.317435	0.292023	0.298713	0.296818	0.296411	0.297157	0.585735	0.540437	0.540081	0.580784	0.581108	0.583782
ERR608855-k20-n1-x5e9	0.307155	0.417658	0.307598	0.310079	0.307891	0.306548	0.313091	0.23818	0	0.238712	0.239692	0.239213	0.384674	0.361692	0.363585	0.376004	0.378714	0.380307	0.379071	0.312427	0.309361	0.362274	0.357242	0.371654	0.388032	0.374423	0.358873	0.370097	0.374457	0.369676	0.368127	0.316958	0.417481	0.319765	0.322609	0.48579	0.311968	0.466068	0.321694	0.325209	0.323079	0.324924	0.391428	0.408179	0.338073	0.342368	0.342827	0.344899	0.419306	0.424416	0.424329	0.423391	0.422945	0.422142	0.410017	0.418278	0.418813	0.406069	0.405773	0.406139	0.451035	0.452684	0.452578	0.457813	0.454705	0.455427	0.427301	0.449392	0.448894	0.409784	0.414267	0.416326	0.433354	0.424156	0.426859	0.422047	0.421164	0.423417	0.409991	0.401396	0.406392	0.404882	0.403454	0.402028	0.328503	0.288821	0.292358	0.291585	0.291401	0.292318	0.593459	0.541896	0.541356	0.585626	0.58616	0.588786
ERR608856-k20-n1-x5e9	0.307174	0.406456	0.304444	0.311759	0.309686	0.305797	0.301242	0.238025	0.238712	0	0.23703	0.236875	0.377003	0.366071	0.368196	0.372606	0.37507	0.376543	0.368174	0.309706	0.309879	0.353174	0.348251	0.362325	0.397379	0.382884	0.36691	0.378906	0.38338	0.378567	0.358432	0.322005	0.406886	0.317518	0.319359	0.474275	0.310684	0.453932	0.317009	0.320085	0.318049	0.31987	0.382034	0.397788	0.344284	0.34719	0.34777	0.349995	0.423007	0.429582	0.42906	0.423591	0.423141	0.422778	0.41555	0.424746	0.424832	0.408039	0.407744	0.408118	0.452071	0.452355	0.452241	0.457196	0.453218	0.453873	0.434417	0.457674	0.456683	0.415927	0.421195	0.423196	0.429631	0.42843	0.431511	0.420574	0.419668	0.421606	0.407919	0.404092	0.410619	0.40886	0.407473	0.404654	0.319123	0.29195	0.297986	0.295825	0.295237	0.296452	0.586265	0.53948	0.539271	0.580133	0.580437	0.582962
ERR608857-k20-n1-x5e9	0.306916	0.404806	0.303485	0.311534	0.309325	0.30515	0.299864	0.238452	0.239692	0.23703	0	0.236877	0.374856	0.365653	0.368045	0.371527	0.373711	0.375573	0.366817	0.309738	0.309867	0.352318	0.347265	0.361111	0.398089	0.383578	0.367361	0.379572	0.38407	0.379319	0.35604	0.321839	0.405099	0.315989	0.318027	0.47222	0.309651	0.452051	0.315721	0.318921	0.317084	0.318785	0.380515	0.395957	0.344568	0.347468	0.348024	0.350129	0.423803	0.430438	0.429754	0.423642	0.423249	0.423089	0.416319	0.425714	0.425715	0.40818	0.408233	0.408688	0.45168	0.451414	0.451415	0.456412	0.451959	0.452756	0.435738	0.4591	0.457906	0.417075	0.422577	0.424633	0.428409	0.428772	0.432016	0.420185	0.419119	0.420907	0.407674	0.404658	0.411538	0.409782	0.4082	0.405214	0.318019	0.292452	0.298476	0.296556	0.29604	0.296906	0.584624	0.538849	0.538631	0.579205	0.579323	0.581967
ERR608858-k20-n1-x5e9	0.307642	0.406375	0.304099	0.312214	0.309942	0.305791	0.300363	0.238305	0.239213	0.236875	0.236877	0	0.376121	0.366086	0.3686	0.372361	0.374732	0.37633	0.367763	0.310109	0.310248	0.353046	0.348147	0.362149	0.397569	0.382879	0.366902	0.378991	0.383562	0.378682	0.357217	0.32225	0.407051	0.317289	0.318998	0.473932	0.310125	0.45359	0.316916	0.320151	0.318364	0.319917	0.381803	0.397202	0.344329	0.347006	0.347606	0.349611	0.423173	0.429713	0.429054	0.423625	0.42334	0.422738	0.415458	0.42495	0.424869	0.408266	0.407974	0.408365	0.451901	0.451816	0.451664	0.456753	0.452032	0.452818	0.43468	0.458193	0.457026	0.416143	0.421681	0.42383	0.428621	0.428496	0.431678	0.420252	0.418962	0.421036	0.407068	0.403933	0.410775	0.40903	0.407497	0.4045	0.318324	0.291989	0.2982	0.296007	0.295384	0.296394	0.585556	0.539418	0.539221	0.579881	0.580011	0.582784
ERR605958-k20-n1-x5e9	0.363348	0.358161	0.350654	0.373641	0.373538	0.363266	0.357964	0.376813	0.384674	0.377003	0.374856	0.376121	0	0.34424	0.348792	0.295542	0.294353	0.294908	0.35035	0.359101	0.370369	0.343481	0.342122	0.344195	0.47014	0.456478	0.442267	0.453983	0.45791	0.454037	0.350523	0.397194	0.358072	0.355532	0.35297	0.403188	0.366759	0.390168	0.354339	0.346606	0.349164	0.346872	0.323531	0.32765	0.401308	0.401498	0.403004	0.406252	0.493616	0.500449	0.499173	0.476455	0.476866	0.476795	0.486319	0.495449	0.494788	0.465296	0.465931	0.466829	0.461266	0.450888	0.448945	0.449868	0.449933	0.447857	0.509801	0.528964	0.526866	0.495686	0.501318	0.503174	0.447038	0.478285	0.481479	0.443888	0.442795	0.441054	0.471312	0.478813	0.486158	0.484696	0.482442	0.479112	0.340281	0.380609	0.392632	0.389499	0.387936	0.390341	0.510221	0.491428	0.492684	0.513206	0.511403	0.513549
ERR605959-k20-n1-x5e9	0.338181	0.450004	0.350413	0.331406	0.332338	0.337352	0.434382	0.368447	0.361692	0.366071	0.365653	0.366086	0.34424	0	0.250805	0.294586	0.293937	0.296863	0.43215	0.353684	0.345514	0.400455	0.39637	0.410191	0.370337	0.363329	0.357687	0.360361	0.363328	0.360281	0.430781	0.336773	0.447514	0.349844	0.353888	0.510289	0.364743	0.504214	0.379748	0.372818	0.37292	0.373428	0.398697	0.417977	0.326328	0.32789	0.3305	0.334848	0.456602	0.452779	0.453265	0.46254	0.462522	0.460666	0.436082	0.435353	0.436022	0.438916	0.43935	0.438174	0.427822	0.43245	0.435326	0.436734	0.444688	0.444004	0.441264	0.448123	0.449586	0.437194	0.438064	0.43827	0.47322	0.424381	0.424746	0.436999	0.4322	0.434795	0.47894	0.450339	0.44405	0.445823	0.445325	0.450848	0.398771	0.340442	0.336953	0.338264	0.338108	0.339054	0.57632	0.497618	0.496363	0.551898	0.551242	0.553846
ERR605960-k20-n1-x5e9	0.340821	0.454823	0.353627	0.333411	0.334162	0.33989	0.438692	0.370895	0.363585	0.368196	0.368045	0.3686	0.348792	0.250805	0	0.298504	0.297678	0.300632	0.436297	0.356218	0.34764	0.404193	0.400245	0.414143	0.368681	0.362098	0.356949	0.359215	0.362022	0.359096	0.434957	0.337495	0.45234	0.352723	0.357014	0.514984	0.367378	0.509151	0.383062	0.376508	0.376361	0.376973	0.40365	0.422909	0.326416	0.328102	0.330936	0.335287	0.457132	0.452804	0.453479	0.463965	0.463921	0.46197	0.436176	0.435138	0.435881	0.440367	0.440242	0.439052	0.429185	0.43428	0.437162	0.4388	0.446628	0.446124	0.440787	0.447024	0.448637	0.43727	0.437848	0.437921	0.475548	0.424608	0.42496	0.439105	0.434313	0.437027	0.480925	0.451256	0.444649	0.446244	0.445839	0.451758	0.402844	0.341798	0.337942	0.339455	0.339105	0.340106	0.580222	0.500734	0.499435	0.555566	0.555073	0.557463
ERR605961-k20-n1-x5e9	0.342124	0.380734	0.342752	0.345676	0.347005	0.344011	0.398051	0.374816	0.376004	0.372606	0.371527	0.372361	0.295542	0.294586	0.298504	0	0.259804	0.259778	0.384059	0.348225	0.350833	0.352364	0.350965	0.357987	0.438476	0.427552	0.417678	0.424666	0.428396	0.424674	0.394577	0.371927	0.383955	0.344442	0.343989	0.438014	0.369026	0.436367	0.369657	0.355415	0.357557	0.356489	0.339067	0.352371	0.375992	0.374719	0.378032	0.382946	0.485103	0.486237	0.486581	0.470447	0.470634	0.469965	0.4711	0.475001	0.475932	0.45229	0.453075	0.453242	0.442522	0.437099	0.43811	0.435829	0.447225	0.444531	0.487587	0.500578	0.501652	0.47581	0.479115	0.480075	0.470264	0.45877	0.46086	0.438269	0.436048	0.435499	0.484499	0.472603	0.473841	0.473055	0.471883	0.473221	0.369869	0.3658	0.371441	0.370925	0.369409	0.371935	0.527014	0.468442	0.469145	0.503635	0.502672	0.505113
ERR605962-k20-n1-x5e9	0.34322	0.382634	0.343242	0.34668	0.348124	0.344166	0.399366	0.377163	0.378714	0.37507	0.373711	0.374732	0.294353	0.293937	0.297678	0.259804	0	0.257525	0.385589	0.350146	0.353161	0.354627	0.352975	0.360185	0.438161	0.426962	0.417112	0.424592	0.428218	0.42438	0.393653	0.371731	0.384156	0.343386	0.343217	0.437567	0.369101	0.436774	0.369594	0.355858	0.357847	0.356699	0.340397	0.353356	0.376081	0.373813	0.376928	0.381772	0.487119	0.488506	0.488527	0.472411	0.472768	0.471985	0.473356	0.477556	0.478022	0.454843	0.455637	0.455607	0.442	0.436164	0.43743	0.435336	0.444899	0.442443	0.489975	0.502817	0.503594	0.478382	0.481991	0.483059	0.470451	0.459997	0.462116	0.438881	0.435676	0.435013	0.485555	0.474667	0.475964	0.475412	0.474084	0.475095	0.371818	0.368249	0.374188	0.373134	0.371484	0.374064	0.527998	0.470676	0.471048	0.505315	0.503433	0.505731
ERR605963-k20-n1-x5e9	0.344704	0.380065	0.344693	0.348232	0.349508	0.345846	0.400067	0.379042	0.380307	0.376543	0.375573	0.37633	0.294908	0.296863	0.300632	0.259778	0.257525	0	0.385235	0.351054	0.354515	0.353595	0.352162	0.358676	0.441578	0.430442	0.420852	0.427957	0.431792	0.427976	0.395191	0.374853	0.383061	0.345224	0.344681	0.435997	0.371887	0.435396	0.371728	0.357491	0.359651	0.358494	0.339121	0.351747	0.37997	0.37786	0.380998	0.385795	0.489908	0.49112	0.491163	0.474489	0.474704	0.473844	0.475864	0.479885	0.480486	0.456651	0.457295	0.457447	0.444256	0.438329	0.439546	0.437185	0.447608	0.444756	0.492492	0.505422	0.506221	0.480798	0.484525	0.485476	0.472864	0.462614	0.464597	0.440934	0.437885	0.437019	0.487949	0.477054	0.478458	0.477782	0.47645	0.477526	0.372923	0.37068	0.376696	0.375757	0.374012	0.376521	0.527429	0.470193	0.470607	0.504402	0.502279	0.504423
ERR607567-k20-n1-x5e9	0.374693	0.343604	0.356564	0.387606	0.387085	0.374409	0.320957	0.367263	0.379071	0.368174	0.366817	0.367763	0.35035	0.43215	0.436297	0.384059	0.385589	0.385235	0	0.316499	0.3339	0.282864	0.282789	0.28057	0.494079	0.48053	0.466159	0.477887	0.481668	0.47776	0.353261	0.420331	0.363348	0.37938	0.376061	0.398825	0.386793	0.385893	0.372644	0.367124	0.369336	0.367514	0.347131	0.346753	0.439086	0.439488	0.440075	0.44257	0.503948	0.512745	0.510919	0.486323	0.486796	0.48735	0.50084	0.511766	0.510624	0.47868	0.479373	0.480764	0.488896	0.477781	0.4752	0.476741	0.473836	0.47235	0.518758	0.541179	0.537938	0.502727	0.509189	0.51142	0.468352	0.507184	0.510772	0.472409	0.473196	0.47139	0.470987	0.48639	0.496053	0.494329	0.492346	0.486346	0.312052	0.379688	0.394462	0.391028	0.389331	0.391489	0.510135	0.509053	0.510794	0.52188	0.520271	0.522728
ERR607568-k20-n1-x5e9	0.310728	0.38583	0.308842	0.314234	0.313947	0.310236	0.34796	0.310641	0.312427	0.309706	0.309738	0.310109	0.359101	0.353684	0.356218	0.348225	0.350146	0.351054	0.316499	0	0.257621	0.293847	0.288888	0.302984	0.402309	0.390925	0.37875	0.387466	0.391031	0.387119	0.374401	0.339915	0.398339	0.329924	0.331314	0.459819	0.339022	0.448979	0.343683	0.339343	0.339538	0.339677	0.365238	0.379731	0.356252	0.358879	0.359926	0.363246	0.448692	0.451685	0.450925	0.446343	0.44624	0.445758	0.43771	0.443598	0.443329	0.429792	0.430173	0.430335	0.441231	0.439931	0.43955	0.44201	0.444905	0.444127	0.445542	0.463011	0.461589	0.434007	0.438008	0.439409	0.455899	0.445304	0.447591	0.438214	0.436908	0.437651	0.445754	0.435114	0.436805	0.436857	0.435619	0.435605	0.317092	0.302427	0.309529	0.308631	0.307496	0.309062	0.549138	0.497171	0.497376	0.537938	0.537702	0.540289
ERR607569-k20-n1-x5e9	0.308622	0.401047	0.311671	0.309349	0.309182	0.309022	0.362693	0.311296	0.309361	0.309879	0.309867	0.310248	0.370369	0.345514	0.34764	0.350833	0.353161	0.354515	0.3339	0.257621	0	0.307178	0.30181	0.317168	0.389168	0.378907	0.367875	0.375111	0.378583	0.374844	0.387486	0.33207	0.411994	0.33113	0.333568	0.475737	0.341209	0.465824	0.349553	0.345311	0.345211	0.345908	0.377804	0.394096	0.347424	0.350928	0.352204	0.355527	0.443918	0.445092	0.444761	0.44465	0.444505	0.443795	0.431074	0.435231	0.435376	0.426319	0.426506	0.426464	0.439163	0.439917	0.440141	0.442635	0.447038	0.446618	0.435545	0.451103	0.450389	0.4253	0.428145	0.429371	0.46083	0.438874	0.440598	0.438618	0.437191	0.438555	0.448157	0.431441	0.430926	0.431395	0.430459	0.432065	0.329901	0.297353	0.3009	0.30135	0.300508	0.301817	0.559744	0.499608	0.49917	0.545095	0.54534	0.547927
ERR607570-k20-n1-x5e9	0.347532	0.329827	0.336386	0.358534	0.359126	0.350272	0.333317	0.353885	0.362274	0.353174	0.352318	0.353046	0.343481	0.400455	0.404193	0.352364	0.354627	0.353595	0.282864	0.293847	0.307178	0	0.263587	0.265275	0.476831	0.464111	0.451049	0.461194	0.465037	0.460906	0.361452	0.397802	0.351479	0.356824	0.354377	0.395795	0.374723	0.391114	0.365629	0.354104	0.356641	0.355297	0.330262	0.335374	0.420124	0.421627	0.423418	0.427168	0.493074	0.498827	0.498286	0.471181	0.471657	0.472052	0.486821	0.495151	0.495249	0.460487	0.461291	0.462426	0.470893	0.461498	0.45965	0.458606	0.465898	0.463164	0.503458	0.523095	0.52221	0.487171	0.492136	0.494005	0.47198	0.491151	0.494207	0.459688	0.460218	0.458203	0.470783	0.475587	0.482777	0.480883	0.479191	0.476111	0.317317	0.362605	0.374506	0.372909	0.370988	0.373877	0.506911	0.482359	0.483762	0.501622	0.501111	0.503166
ERR607571-k20-n1-x5e9	0.344069	0.333458	0.333037	0.354592	0.355112	0.346367	0.331979	0.34887	0.357242	0.348251	0.347265	0.348147	0.342122	0.39637	0.400245	0.350965	0.352975	0.352162	0.282789	0.288888	0.30181	0.263587	0	0.265499	0.470474	0.45773	0.444702	0.454764	0.458675	0.454463	0.360314	0.392754	0.353799	0.353823	0.351297	0.400174	0.370641	0.394303	0.361967	0.351425	0.35386	0.352696	0.331579	0.337385	0.414432	0.416033	0.417541	0.421389	0.488782	0.494454	0.493992	0.468986	0.469161	0.469568	0.482396	0.490599	0.490551	0.457686	0.45833	0.459701	0.468144	0.459283	0.457765	0.456934	0.463421	0.460853	0.49869	0.518268	0.517246	0.482667	0.487505	0.489459	0.469461	0.487353	0.490382	0.457664	0.458089	0.456232	0.467625	0.471693	0.478569	0.476743	0.475259	0.472236	0.3143	0.356675	0.36858	0.366786	0.365022	0.367838	0.509934	0.483556	0.48487	0.504731	0.503988	0.506118
ERR607572-k20-n1-x5e9	0.35624	0.326253	0.343902	0.368133	0.368636	0.359056	0.334344	0.362769	0.371654	0.362325	0.361111	0.362149	0.344195	0.410191	0.414143	0.357987	0.360185	0.358676	0.28057	0.302984	0.317168	0.265275	0.265499	0	0.487119	0.47433	0.461067	0.471348	0.475147	0.471172	0.362412	0.408101	0.349341	0.364762	0.361781	0.389838	0.38222	0.385338	0.37135	0.359851	0.36278	0.360946	0.329701	0.333079	0.429993	0.431407	0.432989	0.436772	0.501163	0.507392	0.506798	0.478411	0.478827	0.479306	0.495726	0.50425	0.504257	0.468603	0.469303	0.470662	0.477839	0.467468	0.465498	0.464458	0.47105	0.468281	0.512767	0.532635	0.531551	0.496521	0.501476	0.503374	0.476521	0.499955	0.50307	0.466492	0.467284	0.465025	0.476928	0.483853	0.491578	0.489457	0.487877	0.484396	0.319823	0.372331	0.384742	0.382991	0.381117	0.383965	0.50409	0.485444	0.486977	0.50127	0.500545	0.502861
ERR605587-k20-n1-x5e9	0.389388	0.541173	0.403326	0.377075	0.375836	0.383054	0.485132	0.398678	0.388032	0.397379	0.398089	0.397569	0.47014	0.370337	0.368681	0.438476	0.438161	0.441578	0.494079	0.402309	0.389168	0.476831	0.470474	0.487119	0	0.242623	0.248549	0.244097	0.242902	0.243955	0.480353	0.341364	0.532011	0.401083	0.408009	0.595342	0.390728	0.580733	0.417452	0.423511	0.421221	0.423451	0.500765	0.51891	0.339354	0.340079	0.338105	0.337192	0.470344	0.463782	0.461518	0.511548	0.510754	0.508683	0.450564	0.44661	0.444757	0.491278	0.490464	0.488664	0.463361	0.477036	0.481305	0.489343	0.480514	0.483695	0.433922	0.436046	0.433226	0.441787	0.442823	0.442167	0.516783	0.443979	0.442881	0.49278	0.486711	0.492308	0.510361	0.47221	0.458259	0.464241	0.464375	0.471576	0.454646	0.365595	0.35587	0.356154	0.357449	0.354986	0.652204	0.579928	0.577839	0.637298	0.636772	0.639648
ERR605588-k20-n1-x5e9	0.375656	0.526761	0.388175	0.364641	0.363127	0.369116	0.4688	0.38408	0.374423	0.382884	0.383578	0.382879	0.456478	0.363329	0.362098	0.427552	0.426962	0.430442	0.48053	0.390925	0.378907	0.464111	0.45773	0.47433	0.242623	0	0.243019	0.241979	0.241662	0.241782	0.462783	0.329224	0.51673	0.385486	0.392487	0.580914	0.373936	0.565162	0.400148	0.406858	0.404484	0.406563	0.486795	0.504636	0.330566	0.330712	0.328929	0.327779	0.461798	0.45661	0.454239	0.501202	0.500349	0.498433	0.443606	0.441176	0.43929	0.481666	0.480745	0.479292	0.456046	0.468488	0.472797	0.480969	0.471019	0.474081	0.431115	0.435966	0.433028	0.436278	0.438215	0.437841	0.502944	0.436533	0.43593	0.481007	0.474863	0.48039	0.497036	0.461814	0.449684	0.455331	0.455165	0.461254	0.439734	0.35408	0.345655	0.345165	0.346251	0.343931	0.644147	0.574977	0.573044	0.630777	0.630036	0.632899
ERR605589-k20-n1-x5e9	0.362258	0.511708	0.373026	0.352689	0.350751	0.355632	0.450692	0.367763	0.358873	0.36691	0.367361	0.366902	0.442267	0.357687	0.356949	0.417678	0.417112	0.420852	0.466159	0.37875	0.367875	0.451049	0.444702	0.461067	0.248549	0.243019	0	0.242832	0.243799	0.242736	0.443786	0.317519	0.500397	0.369912	0.376477	0.565694	0.356832	0.548977	0.381732	0.389131	0.386555	0.388699	0.472214	0.490249	0.322372	0.323629	0.321772	0.320643	0.45218	0.448517	0.446353	0.48896	0.488303	0.48645	0.435587	0.435005	0.433167	0.47034	0.469487	0.468214	0.44967	0.460803	0.464021	0.472589	0.461975	0.465084	0.427647	0.435589	0.432523	0.429996	0.432526	0.432479	0.488421	0.429646	0.429681	0.469536	0.463841	0.469038	0.482239	0.450449	0.440376	0.445185	0.444806	0.449931	0.423273	0.341967	0.334803	0.33427	0.335204	0.333036	0.635554	0.56991	0.568227	0.624473	0.623655	0.626589
ERR605590-k20-n1-x5e9	0.372354	0.52379	0.38511	0.361142	0.359447	0.366125	0.465556	0.380031	0.370097	0.378906	0.379572	0.378991	0.453983	0.360361	0.359215	0.424666	0.424592	0.427957	0.477887	0.387466	0.375111	0.461194	0.454764	0.471348	0.244097	0.241979	0.242832	0	0.240481	0.239943	0.45988	0.325628	0.51344	0.381973	0.388881	0.578053	0.371111	0.562723	0.396981	0.403241	0.400863	0.403162	0.484001	0.502241	0.32821	0.329372	0.327639	0.326904	0.458603	0.453422	0.45143	0.496998	0.496318	0.494272	0.440233	0.437859	0.436155	0.47721	0.476419	0.474974	0.454343	0.466784	0.47037	0.478274	0.469496	0.472665	0.428366	0.433518	0.430958	0.432854	0.434556	0.434186	0.500543	0.434127	0.433557	0.478423	0.472515	0.47794	0.493708	0.458338	0.446412	0.451623	0.45154	0.457751	0.436599	0.350426	0.341783	0.341869	0.343081	0.340891	0.64189	0.571857	0.570045	0.628201	0.627684	0.630493
ERR605591-k20-n1-x5e9	0.376824	0.528305	0.38967	0.365377	0.363754	0.370323	0.47007	0.38465	0.374457	0.38338	0.38407	0.383562	0.45791	0.363328	0.362022	0.428396	0.428218	0.431792	0.481668	0.391031	0.378583	0.465037	0.458675	0.475147	0.242902	0.241662	0.243799	0.240481	0	0.240242	0.464751	0.329652	0.518258	0.38697	0.393784	0.582481	0.376147	0.567314	0.402062	0.408446	0.405945	0.408208	0.488244	0.506511	0.330778	0.331625	0.329878	0.328944	0.461362	0.455852	0.45374	0.500663	0.499903	0.497907	0.442757	0.440096	0.438266	0.480814	0.480016	0.478472	0.456446	0.469254	0.472921	0.480972	0.47188	0.47492	0.429594	0.434127	0.431164	0.435015	0.436604	0.436192	0.504094	0.436385	0.435779	0.481836	0.475828	0.481348	0.497673	0.461722	0.449279	0.454721	0.454726	0.461098	0.440695	0.353906	0.345206	0.345136	0.34638	0.343983	0.644385	0.57398	0.572157	0.630574	0.62998	0.632874
ERR605592-k20-n1-x5e9	0.372143	0.523649	0.38498	0.36087	0.359205	0.365846	0.465378	0.379631	0.369676	0.378567	0.379319	0.378682	0.454037	0.360281	0.359096	0.424674	0.42438	0.427976	0.47776	0.387119	0.374844	0.460906	0.454463	0.471172	0.243955	0.241782	0.242736	0.239943	0.240242	0	0.459843	0.325333	0.513215	0.381894	0.388719	0.577901	0.371096	0.562693	0.397007	0.403119	0.400751	0.402969	0.4838	0.502125	0.327852	0.328885	0.327211	0.32659	0.458599	0.453377	0.45135	0.496845	0.496057	0.494139	0.440215	0.437828	0.436221	0.476994	0.476192	0.474676	0.454199	0.466785	0.470399	0.478135	0.469493	0.472609	0.428373	0.433634	0.430932	0.432813	0.43451	0.434154	0.500562	0.434037	0.43356	0.478267	0.472458	0.477894	0.493688	0.458159	0.446389	0.451464	0.451445	0.457664	0.436301	0.349888	0.341318	0.3414	0.342508	0.340438	0.641654	0.571572	0.56965	0.627843	0.627341	0.630272
ERR607224-k20-n1-x5e9	0.35929	0.354841	0.338237	0.373976	0.371849	0.357649	0.320682	0.356482	0.368127	0.358432	0.35604	0.357217	0.350523	0.430781	0.434957	0.394577	0.393653	0.395191	0.353261	0.374401	0.387486	0.361452	0.360314	0.362412	0.480353	0.462783	0.443786	0.45988	0.464751	0.459843	0	0.359128	0.306707	0.306914	0.302195	0.35815	0.334015	0.356275	0.315773	0.316406	0.317351	0.315927	0.352883	0.353908	0.420614	0.420887	0.421536	0.423305	0.475376	0.488542	0.487216	0.454482	0.454341	0.455473	0.481013	0.495792	0.495035	0.45417	0.454324	0.456187	0.471659	0.459906	0.457715	0.461866	0.450317	0.449762	0.514725	0.541997	0.53956	0.49115	0.499402	0.50213	0.418229	0.481008	0.485765	0.4356	0.436326	0.434732	0.425944	0.454603	0.470609	0.466822	0.463837	0.455005	0.331369	0.383634	0.397697	0.393088	0.391728	0.393372	0.543819	0.548006	0.549248	0.562068	0.559231	0.561915
ERR607225-k20-n1-x5e9	0.305628	0.442088	0.313882	0.300438	0.29854	0.302333	0.397672	0.323217	0.316958	0.322005	0.321839	0.32225	0.397194	0.336773	0.337495	0.371927	0.371731	0.374853	0.420331	0.339915	0.33207	0.397802	0.392754	0.408101	0.341364	0.329224	0.317519	0.325628	0.329652	0.325333	0.359128	0	0.409405	0.273523	0.279625	0.483342	0.309	0.485761	0.328173	0.330152	0.327782	0.330052	0.410775	0.429059	0.314922	0.316029	0.317301	0.319503	0.42022	0.421163	0.421008	0.434479	0.433801	0.432506	0.409719	0.414032	0.414327	0.417941	0.417301	0.4171	0.423799	0.429448	0.431988	0.43714	0.434843	0.435958	0.421922	0.437449	0.438054	0.409281	0.413019	0.413945	0.443302	0.406935	0.408699	0.420674	0.416396	0.4202	0.429846	0.40887	0.407768	0.408238	0.407097	0.40923	0.373586	0.309596	0.306736	0.306485	0.307021	0.306416	0.600638	0.537075	0.536271	0.586283	0.585562	0.588311
ERR607226-k20-n1-x5e9	0.385548	0.308685	0.369018	0.400705	0.400748	0.390106	0.360383	0.406898	0.417481	0.406886	0.405099	0.407051	0.358072	0.447514	0.45234	0.383955	0.384156	0.383061	0.363348	0.398339	0.411994	0.351479	0.353799	0.349341	0.532011	0.51673	0.500397	0.51344	0.518258	0.513215	0.306707	0.409405	0	0.340048	0.333484	0.294714	0.385538	0.320662	0.364922	0.350408	0.353838	0.35142	0.329498	0.325923	0.468649	0.469631	0.472167	0.475948	0.524008	0.534016	0.534533	0.484371	0.484597	0.486093	0.527153	0.538795	0.539984	0.483384	0.484312	0.486344	0.491587	0.47616	0.473184	0.470526	0.479121	0.47543	0.560515	0.583574	0.584008	0.53661	0.542668	0.544922	0.471159	0.522529	0.526545	0.467266	0.46994	0.465715	0.480315	0.502866	0.517331	0.512587	0.510121	0.503746	0.369421	0.432308	0.44484	0.443112	0.441161	0.444099	0.5113	0.512215	0.514239	0.514302	0.512319	0.513872
ERR607227-k20-n1-x5e9	0.295685	0.379612	0.292765	0.299937	0.29869	0.294348	0.357115	0.318225	0.319765	0.317518	0.315989	0.317289	0.355532	0.349844	0.352723	0.344442	0.343386	0.345224	0.37938	0.329924	0.33113	0.356824	0.353823	0.364762	0.401083	0.385486	0.369912	0.381973	0.38697	0.381894	0.306914	0.273523	0.340048	0	0.246862	0.412025	0.297719	0.419613	0.301412	0.296897	0.29632	0.296706	0.357786	0.372334	0.348752	0.349025	0.351286	0.354799	0.438	0.443935	0.444235	0.427108	0.426471	0.42639	0.434022	0.442834	0.443459	0.416069	0.416211	0.416686	0.42522	0.421907	0.422864	0.425219	0.426233	0.425479	0.45813	0.47888	0.479396	0.438282	0.443832	0.445675	0.427733	0.429136	0.432288	0.409298	0.406967	0.407692	0.421643	0.420442	0.4275	0.425149	0.423224	0.420797	0.342872	0.324677	0.330165	0.328614	0.327619	0.328888	0.563673	0.516301	0.51649	0.552765	0.551238	0.553638
ERR607228-k20-n1-x5e9	0.297861	0.373618	0.293553	0.303414	0.301913	0.296633	0.353831	0.320108	0.322609	0.319359	0.318027	0.318998	0.35297	0.353888	0.357014	0.343989	0.343217	0.344681	0.376061	0.331314	0.333568	0.354377	0.351297	0.361781	0.408009	0.392487	0.376477	0.388881	0.393784	0.388719	0.302195	0.279625	0.333484	0.246862	0	0.40464	0.298997	0.41279	0.300573	0.295754	0.295181	0.295657	0.353813	0.367494	0.354146	0.354434	0.356723	0.360137	0.440967	0.447393	0.44762	0.427813	0.427524	0.427458	0.437528	0.446808	0.447366	0.417557	0.417615	0.418413	0.427248	0.422971	0.423824	0.425901	0.426992	0.426027	0.463005	0.484183	0.484653	0.442422	0.448277	0.450078	0.427099	0.432953	0.436429	0.409897	0.408003	0.408195	0.421952	0.422831	0.430646	0.428213	0.426163	0.423331	0.34089	0.328427	0.335147	0.33329	0.332153	0.333582	0.560519	0.515722	0.515944	0.550334	0.548657	0.551258
ERR607229-k20-n1-x5e9	0.454486	0.334082	0.436516	0.470144	0.470138	0.458551	0.405657	0.473807	0.48579	0.474275	0.47222	0.473932	0.403188	0.510289	0.514984	0.438014	0.437567	0.435997	0.398825	0.459819	0.475737	0.395795	0.400174	0.389838	0.595342	0.580914	0.565694	0.578053	0.582481	0.577901	0.35815	0.483342	0.294714	0.412025	0.40464	0	0.452528	0.316072	0.428939	0.413724	0.41767	0.414851	0.369813	0.357733	0.534169	0.534479	0.536889	0.540488	0.578055	0.588762	0.589087	0.53378	0.534495	0.536234	0.583292	0.595153	0.59617	0.536039	0.536956	0.539422	0.540315	0.52229	0.518429	0.514493	0.523023	0.518443	0.616354	0.638911	0.639092	0.592836	0.599165	0.60129	0.515653	0.578369	0.582597	0.517032	0.520022	0.514841	0.529182	0.557802	0.573149	0.568118	0.565697	0.558299	0.422046	0.500048	0.513356	0.51119	0.509309	0.512121	0.507388	0.535077	0.537369	0.519308	0.516748	0.51724
ERR605333-k20-n1-x5e9	0.30679	0.401348	0.301323	0.312393	0.309959	0.303905	0.350328	0.309894	0.311968	0.310684	0.309651	0.310125	0.366759	0.364743	0.367378	0.369026	0.369101	0.371887	0.386793	0.339022	0.341209	0.374723	0.370641	0.38222	0.390728	0.373936	0.356832	0.371111	0.376147	0.371096	0.334015	0.309	0.385538	0.297719	0.298997	0.452528	0	0.408678	0.250153	0.255772	0.253802	0.254947	0.367579	0.382244	0.333402	0.334915	0.335948	0.33775	0.439732	0.446831	0.445844	0.440801	0.440099	0.439936	0.43622	0.445836	0.44563	0.430481	0.430137	0.430789	0.440626	0.439053	0.439551	0.445284	0.437851	0.438457	0.460244	0.482987	0.481357	0.442182	0.448386	0.450356	0.421696	0.429955	0.433404	0.416469	0.414447	0.415961	0.423926	0.423601	0.430717	0.429416	0.427507	0.424313	0.344529	0.325552	0.331557	0.328629	0.328288	0.328776	0.583718	0.544943	0.545366	0.581549	0.580208	0.583215
ERR605334-k20-n1-x5e9	0.442978	0.33414	0.422336	0.459554	0.459288	0.446121	0.380901	0.453097	0.466068	0.453932	0.452051	0.45359	0.390168	0.504214	0.509151	0.436367	0.436774	0.435396	0.385893	0.448979	0.465824	0.391114	0.394303	0.385338	0.580733	0.565162	0.548977	0.562723	0.567314	0.562693	0.356275	0.485761	0.320662	0.419613	0.41279	0.316072	0.408678	0	0.381828	0.369896	0.374278	0.370896	0.353709	0.341469	0.514079	0.514803	0.516675	0.519735	0.570315	0.581813	0.581522	0.532822	0.533654	0.535038	0.575282	0.587848	0.588335	0.534681	0.535284	0.537661	0.539706	0.522121	0.518644	0.516966	0.519306	0.516084	0.608783	0.632881	0.631845	0.586049	0.592737	0.595173	0.498475	0.569016	0.57327	0.509506	0.512345	0.507764	0.520215	0.550316	0.565946	0.561427	0.55905	0.550938	0.404528	0.485668	0.49991	0.496949	0.495191	0.497832	0.520936	0.550744	0.553381	0.541103	0.538809	0.54003
ERR605335-k20-n1-x5e9	0.315123	0.381827	0.304155	0.32439	0.322025	0.312863	0.335187	0.315983	0.321694	0.317009	0.315721	0.316916	0.354339	0.379748	0.383062	0.369657	0.369594	0.371728	0.372644	0.343683	0.349553	0.365629	0.361967	0.37135	0.417452	0.400148	0.381732	0.396981	0.402062	0.397007	0.315773	0.328173	0.364922	0.301412	0.300573	0.428939	0.250153	0.381828	0	0.250594	0.249535	0.249585	0.352006	0.364037	0.353409	0.355138	0.356013	0.358136	0.450599	0.459845	0.45879	0.443999	0.444014	0.443749	0.449654	0.460989	0.460742	0.4365	0.436491	0.437451	0.448852	0.443949	0.443069	0.448263	0.440472	0.440668	0.477329	0.501778	0.499936	0.45743	0.464275	0.46655	0.417289	0.444036	0.44801	0.418791	0.41814	0.418172	0.42454	0.433168	0.443021	0.440747	0.438609	0.433591	0.334759	0.33854	0.347837	0.344371	0.343659	0.344798	0.571595	0.544305	0.545062	0.574675	0.57305	0.575938
ERR605336-k20-n1-x5e9	0.310671	0.366476	0.300602	0.319898	0.318172	0.309955	0.336159	0.319846	0.325209	0.320085	0.318921	0.320151	0.346606	0.372818	0.376508	0.355415	0.355858	0.357491	0.367124	0.339343	0.345311	0.354104	0.351425	0.359851	0.423511	0.406858	0.389131	0.403241	0.408446	0.403119	0.316406	0.330152	0.350408	0.296897	0.295754	0.413724	0.255772	0.369896	0.250594	0	0.24669	0.246439	0.337519	0.350207	0.357885	0.359494	0.361044	0.363975	0.455458	0.463576	0.463278	0.442795	0.442878	0.442838	0.453642	0.464081	0.464252	0.434985	0.434956	0.436123	0.444836	0.438945	0.438066	0.441217	0.438948	0.438282	0.48108	0.50456	0.503614	0.460804	0.467015	0.469119	0.42299	0.446482	0.450297	0.417985	0.417404	0.417028	0.430781	0.437436	0.44698	0.444468	0.442388	0.438012	0.334993	0.341525	0.350534	0.347717	0.346885	0.348313	0.559404	0.528533	0.528997	0.557896	0.556614	0.559323
ERR605337-k20-n1-x5e9	0.309984	0.370456	0.300348	0.318769	0.316843	0.308728	0.337275	0.318094	0.323079	0.318049	0.317084	0.318364	0.349164	0.37292	0.376361	0.357557	0.357847	0.359651	0.369336	0.339538	0.345211	0.356641	0.35386	0.36278	0.421221	0.404484	0.386555	0.400863	0.405945	0.400751	0.317351	0.327782	0.353838	0.29632	0.295181	0.41767	0.253802	0.374278	0.249535	0.24669	0	0.246102	0.341111	0.354009	0.355892	0.357424	0.358934	0.361995	0.453814	0.462124	0.461814	0.442243	0.442423	0.442348	0.452146	0.462661	0.462903	0.434301	0.434396	0.435508	0.444867	0.439508	0.438643	0.442222	0.439154	0.438536	0.479646	0.503259	0.502184	0.459384	0.465696	0.467771	0.422354	0.445153	0.449098	0.417649	0.417064	0.416852	0.429448	0.435988	0.445607	0.442937	0.441031	0.436563	0.335443	0.339822	0.348622	0.345879	0.345289	0.346764	0.563207	0.531888	0.532501	0.561719	0.560476	0.563213
ERR605338-k20-n1-x5e9	0.310507	0.367724	0.300359	0.319648	0.31808	0.309696	0.336336	0.319467	0.324924	0.31987	0.318785	0.319917	0.346872	0.373428	0.376973	0.356489	0.356699	0.358494	0.367514	0.339677	0.345908	0.355297	0.352696	0.360946	0.423451	0.406563	0.388699	0.403162	0.408208	0.402969	0.315927	0.330052	0.35142	0.296706	0.295657	0.414851	0.254947	0.370896	0.249585	0.246439	0.246102	0	0.338637	0.351034	0.357286	0.358726	0.360319	0.363413	0.456359	0.46468	0.464261	0.444295	0.444226	0.444122	0.454564	0.465127	0.465327	0.436197	0.436264	0.437277	0.446277	0.440438	0.43952	0.442978	0.439795	0.439184	0.482096	0.505593	0.504406	0.461901	0.468248	0.47024	0.422989	0.447247	0.451088	0.418748	0.418066	0.417732	0.431169	0.438565	0.448094	0.44554	0.443476	0.438901	0.33493	0.341189	0.350478	0.347462	0.346731	0.348113	0.561323	0.531127	0.531744	0.560519	0.558902	0.561763
ERR605775-k20-n1-x5e9	0.360488	0.318131	0.347783	0.3736	0.374288	0.364573	0.353072	0.382164	0.391428	0.382034	0.380515	0.381803	0.323531	0.398697	0.40365	0.339067	0.340397	0.339121	0.347131	0.365238	0.377804	0.330262	0.331579	0.329701	0.500765	0.486795	0.472214	0.484001	0.488244	0.4838	0.352883	0.410775	0.329498	0.357786	0.353813	0.369813	0.367579	0.353709	0.352006	0.337519	0.341111	0.338637	0	0.268481	0.395545	0.3973	0.400092	0.404239	0.50395	0.511138	0.511272	0.475605	0.475799	0.476527	0.499484	0.5089	0.509592	0.466492	0.467477	0.468839	0.469209	0.456942	0.45476	0.452906	0.461937	0.458827	0.525598	0.546471	0.54612	0.506651	0.511905	0.513809	0.458983	0.491817	0.495437	0.448695	0.449894	0.447032	0.475736	0.485854	0.49535	0.49248	0.49084	0.486685	0.33827	0.390645	0.402622	0.400754	0.398997	0.401832	0.502162	0.48439	0.486264	0.498807	0.49778	0.499784
