	ERR608311-k20-n1-x5e9	ERR608312-k20-n1-x5e9	ERR608313-k20-n1-x5e9	ERR608314-k20-n1-x5e9	ERR608315-k20-n1-x5e9	ERR608316-k20-n1-x5e9	ERR608209-k20-n1-x5e9	ERR608210-k20-n1-x5e9	ERR608211-k20-n1-x5e9	ERR608212-k20-n1-x5e9	ERR608213-k20-n1-x5e9	ERR608214-k20-n1-x5e9	ERR610253-k20-n1-x5e9	ERR610254-k20-n1-x5e9	ERR610255-k20-n1-x5e9	ERR610256-k20-n1-x5e9	ERR610257-k20-n1-x5e9	ERR610258-k20-n1-x5e9	ERR608227-k20-n1-x5e9	ERR608228-k20-n1-x5e9	ERR608229-k20-n1-x5e9	ERR608230-k20-n1-x5e9	ERR608231-k20-n1-x5e9	ERR608232-k20-n1-x5e9	ERR608257-k20-n1-x5e9	ERR608258-k20-n1-x5e9	ERR608259-k20-n1-x5e9	ERR608260-k20-n1-x5e9	ERR608261-k20-n1-x5e9	ERR608262-k20-n1-x5e9	ERR605665-k20-n1-x5e9	ERR605666-k20-n1-x5e9	ERR605667-k20-n1-x5e9	ERR605668-k20-n1-x5e9	ERR605669-k20-n1-x5e9	ERR605670-k20-n1-x5e9	ERR607242-k20-n1-x5e9	ERR607243-k20-n1-x5e9	ERR607244-k20-n1-x5e9	ERR607245-k20-n1-x5e9	ERR607246-k20-n1-x5e9	ERR607247-k20-n1-x5e9	ERR608525-k20-n1-x5e9	ERR608526-k20-n1-x5e9	ERR608527-k20-n1-x5e9	ERR608528-k20-n1-x5e9	ERR608529-k20-n1-x5e9	ERR608530-k20-n1-x5e9	ERR608913-k20-n1-x5e9	ERR608914-k20-n1-x5e9	ERR608915-k20-n1-x5e9	ERR608916-k20-n1-x5e9	ERR608917-k20-n1-x5e9	ERR608918-k20-n1-x5e9	ERR605934-k20-n1-x5e9	ERR605935-k20-n1-x5e9	ERR605936-k20-n1-x5e9	ERR605937-k20-n1-x5e9	ERR605938-k20-n1-x5e9	ERR605939-k20-n1-x5e9	ERR610235-k20-n1-x5e9	ERR610236-k20-n1-x5e9	ERR610237-k20-n1-x5e9	ERR610238-k20-n1-x5e9	ERR610239-k20-n1-x5e9	ERR610240-k20-n1-x5e9	ERR607805-k20-n1-x5e9	ERR607806-k20-n1-x5e9	ERR607807-k20-n1-x5e9	ERR607808-k20-n1-x5e9	ERR607809-k20-n1-x5e9	ERR607810-k20-n1-x5e9	ERR605988-k20-n1-x5e9	ERR605989-k20-n1-x5e9	ERR605990-k20-n1-x5e9	ERR605991-k20-n1-x5e9	ERR605992-k20-n1-x5e9	ERR605993-k20-n1-x5e9	ERR608371-k20-n1-x5e9	ERR608372-k20-n1-x5e9	ERR608373-k20-n1-x5e9	ERR608374-k20-n1-x5e9	ERR608375-k20-n1-x5e9	ERR608376-k20-n1-x5e9	ERR605701-k20-n1-x5e9	ERR605702-k20-n1-x5e9	ERR605703-k20-n1-x5e9	ERR605704-k20-n1-x5e9	ERR605705-k20-n1-x5e9	ERR605706-k20-n1-x5e9	ERR605689-k20-n1-x5e9	ERR605690-k20-n1-x5e9	ERR605691-k20-n1-x5e9	ERR605692-k20-n1-x5e9	ERR605693-k20-n1-x5e9	ERR605694-k20-n1-x5e9
ERR608311-k20-n1-x5e9	0	0.904245	0.900558	0.886463	0.889378	0.889974	1.02731	1.01457	1.00849	1.01573	1.01699	1.02184	0.999473	1.06443	1.01317	0.985191	0.99253	0.987272	1.098	1.01286	1.03601	0.994305	0.995776	0.993926	0.975786	0.965955	0.959517	0.940618	0.940055	0.940517	0.958569	0.967647	0.96936	0.969677	0.964468	0.965473	1.06832	1.01684	1.10885	1.0427	1.04515	1.14193	1.0415	1.01948	1.01433	0.995906	0.994719	0.990438	1.05962	1.05797	1.05567	1.08824	1.08893	1.08676	1.11532	1.08518	1.08344	1.10851	1.10923	1.11098	1.11609	1.16629	1.12404	1.09918	1.09938	1.09802	1.07902	1.07175	1.07097	1.09155	1.09251	1.09146	1.10738	1.07432	1.0723	1.09963	1.09706	1.09879	1.05149	1.04606	1.0426	1.06213	1.05997	1.05865	1.06446	1.06898	1.07172	1.07388	1.06937	1.07052	1.09164	1.09659	1.09991	1.10941	1.12119	1.11757
ERR608312-k20-n1-x5e9	0.904245	0	0.850085	0.836031	0.83929	0.841434	0.996145	0.968658	0.963004	0.972958	0.97737	0.983652	0.955685	1.0387	0.972519	0.946796	0.95285	0.948514	1.06201	0.968633	0.996261	0.950079	0.952428	0.950752	0.936223	0.915164	0.903817	0.895745	0.897336	0.897029	0.920172	0.930745	0.9326	0.930627	0.929586	0.932873	1.04965	0.98101	1.08297	1.00705	1.01041	1.12013	1.01787	0.988326	0.974625	0.957608	0.955165	0.949776	1.02408	1.02075	1.02098	1.0613	1.06051	1.05771	1.09155	1.04841	1.04771	1.07353	1.07428	1.07736	1.08118	1.14627	1.09624	1.06074	1.06032	1.05861	1.05004	1.04497	1.04756	1.05716	1.05428	1.05476	1.08836	1.03691	1.03716	1.06673	1.06744	1.06824	1.01493	1.01153	1.01174	1.02423	1.02067	1.01964	1.03726	1.04462	1.04694	1.05095	1.04865	1.04955	1.05762	1.0608	1.06133	1.07231	1.09765	1.09429
ERR608313-k20-n1-x5e9	0.900558	0.850085	0	0.826937	0.829358	0.830536	0.987867	0.956613	0.951479	0.962083	0.967567	0.974216	0.946697	1.03333	0.963823	0.938711	0.943183	0.940193	1.05477	0.9576	0.98554	0.941298	0.942206	0.941376	0.927289	0.906079	0.897093	0.884917	0.883454	0.884193	0.913756	0.923418	0.92361	0.921969	0.92427	0.926716	1.04335	0.974377	1.07781	0.998184	1.00175	1.11289	1.01476	0.978328	0.964978	0.947555	0.945059	0.940536	1.01764	1.0133	1.01511	1.05075	1.04921	1.04758	1.08407	1.04199	1.0407	1.06376	1.06448	1.06829	1.07219	1.14188	1.08834	1.05329	1.05373	1.05126	1.04258	1.03713	1.03855	1.05154	1.0488	1.049	1.08418	1.03147	1.02994	1.05749	1.05874	1.06123	1.00923	1.00505	1.00496	1.01609	1.01162	1.01197	1.03018	1.03915	1.04113	1.04392	1.04524	1.04572	1.0498	1.05528	1.0564	1.06369	1.09143	1.08621
ERR608314-k20-n1-x5e9	0.886463	0.836031	0.826937	0	0.806064	0.804565	0.974741	0.942716	0.938464	0.948915	0.952491	0.958087	0.933283	1.02326	0.949873	0.917423	0.929196	0.921864	1.04732	0.942703	0.971761	0.923229	0.926496	0.924084	0.907409	0.892353	0.882357	0.863654	0.864723	0.863462	0.894987	0.90957	0.908369	0.906659	0.911497	0.913096	1.02917	0.957232	1.06891	0.984288	0.986861	1.10409	0.999939	0.962455	0.949646	0.934006	0.93109	0.925958	1.00608	1.00284	1.00207	1.03674	1.03667	1.03474	1.06941	1.02898	1.02847	1.05244	1.05284	1.05641	1.05948	1.13188	1.07795	1.04305	1.04357	1.04333	1.03165	1.02315	1.02442	1.04036	1.03805	1.03997	1.07216	1.0209	1.01894	1.04489	1.04426	1.04574	0.996478	0.990993	0.99069	1.00382	1.00225	1.00125	1.01961	1.02556	1.02698	1.03017	1.02986	1.03102	1.03929	1.04465	1.04556	1.05549	1.07857	1.07111
ERR608315-k20-n1-x5e9	0.889378	0.83929	0.829358	0.806064	0	0.812321	0.977998	0.946029	0.940979	0.951267	0.954422	0.961972	0.936909	1.02389	0.95144	0.923191	0.932419	0.928231	1.04915	0.946026	0.974399	0.929513	0.931471	0.928984	0.912932	0.894142	0.889507	0.867631	0.868275	0.868532	0.900955	0.909264	0.911226	0.910093	0.909671	0.909989	1.03317	0.961376	1.06981	0.98641	0.988482	1.10493	1.00364	0.96568	0.953352	0.935725	0.933705	0.929515	1.00779	1.00422	1.00473	1.0423	1.04079	1.03872	1.07364	1.0321	1.03279	1.05487	1.05473	1.0588	1.0632	1.13495	1.08171	1.04503	1.04501	1.04482	1.03664	1.02725	1.02708	1.04158	1.04103	1.04165	1.07576	1.02359	1.02317	1.04736	1.04753	1.04904	0.997921	0.995426	0.994835	1.00645	1.00389	1.00286	1.01943	1.02721	1.02861	1.03307	1.03215	1.0329	1.04348	1.046	1.0473	1.05584	1.08173	1.07554
ERR608316-k20-n1-x5e9	0.889974	0.841434	0.830536	0.804565	0.812321	0	0.980163	0.95039	0.94285	0.952993	0.957664	0.963236	0.935377	1.02396	0.952935	0.924316	0.933818	0.928289	1.05041	0.947611	0.977111	0.93354	0.935089	0.931485	0.913779	0.893429	0.890209	0.868954	0.868609	0.868551	0.902335	0.909797	0.910962	0.909721	0.90991	0.909328	1.03243	0.962802	1.06942	0.986409	0.989613	1.10592	1.00288	0.967028	0.955309	0.934889	0.93467	0.928051	1.00949	1.00592	1.00511	1.04377	1.04231	1.04132	1.07529	1.0349	1.03436	1.05704	1.05754	1.05993	1.06598	1.13535	1.0836	1.04672	1.04713	1.04483	1.03717	1.02702	1.02799	1.04349	1.04101	1.04286	1.07565	1.02454	1.02512	1.04868	1.04816	1.05132	0.999393	0.99671	0.99555	1.0079	1.00442	1.00531	1.01989	1.02763	1.03037	1.03383	1.03248	1.03349	1.04375	1.04708	1.04928	1.05764	1.08174	1.07672
ERR608209-k20-n1-x5e9	1.02731	0.996145	0.987867	0.974741	0.977998	0.980163	0	0.837434	0.831927	0.846195	0.850956	0.857892	0.978031	1.04482	0.994015	0.97155	0.977428	0.972611	1.04905	0.963678	0.987699	0.948098	0.949881	0.947392	0.940518	0.925147	0.913299	0.910581	0.911867	0.910258	0.933542	0.94596	0.947733	0.945049	0.947525	0.947318	1.04388	0.976471	1.06994	1.0017	1.00499	1.10981	1.00735	0.983256	0.972189	0.95967	0.955837	0.953213	1.07493	1.06781	1.06837	1.10598	1.1061	1.10409	1.13258	1.08757	1.08665	1.11625	1.11694	1.11804	1.12426	1.18424	1.13575	1.10707	1.10734	1.10559	1.09228	1.08795	1.08907	1.10397	1.1007	1.10084	1.12863	1.07781	1.07656	1.10789	1.10736	1.10861	1.06519	1.05947	1.06113	1.0774	1.0743	1.07358	1.0806	1.08852	1.09112	1.09203	1.09362	1.09293	1.0957	1.10113	1.1034	1.1143	1.13428	1.12997
ERR608210-k20-n1-x5e9	1.01457	0.968658	0.956613	0.942716	0.946029	0.95039	0.837434	0	0.786142	0.810218	0.815458	0.821536	0.944512	1.02978	0.961354	0.940035	0.947931	0.943325	1.02169	0.926149	0.952373	0.914381	0.916434	0.91298	0.907006	0.885105	0.879601	0.868058	0.868244	0.867509	0.909979	0.91948	0.920485	0.916697	0.925867	0.923905	1.02657	0.946365	1.05133	0.969707	0.973841	1.08842	0.990469	0.953821	0.941852	0.925033	0.921974	0.919412	1.05111	1.04419	1.04661	1.08036	1.07992	1.07873	1.1104	1.0602	1.05975	1.08561	1.08642	1.08873	1.09488	1.16933	1.11376	1.07902	1.07944	1.07706	1.07465	1.06341	1.06612	1.08084	1.07709	1.07868	1.11257	1.05476	1.05385	1.07935	1.07893	1.0816	1.04295	1.03721	1.03972	1.04891	1.04446	1.04444	1.05887	1.06646	1.06938	1.07112	1.07299	1.07388	1.07311	1.07743	1.07927	1.08633	1.11318	1.10766
ERR608211-k20-n1-x5e9	1.00849	0.963004	0.951479	0.938464	0.940979	0.94285	0.831927	0.786142	0	0.803648	0.809967	0.820623	0.94082	1.02832	0.956697	0.933429	0.940763	0.933665	1.0195	0.919263	0.946461	0.901655	0.904384	0.900661	0.898687	0.885059	0.866589	0.861604	0.861364	0.859307	0.899203	0.918249	0.918234	0.914587	0.922321	0.923944	1.02096	0.937715	1.04839	0.964461	0.968372	1.08725	0.988137	0.949164	0.933979	0.921027	0.919075	0.915369	1.04587	1.04036	1.04207	1.07043	1.07066	1.06822	1.10161	1.05206	1.05024	1.08006	1.08064	1.0834	1.08653	1.16509	1.10514	1.07332	1.07336	1.07284	1.06669	1.0583	1.06072	1.07586	1.07302	1.07402	1.10519	1.04721	1.04518	1.07309	1.07228	1.07358	1.03846	1.02778	1.03095	1.04443	1.04016	1.0379	1.05414	1.06055	1.06394	1.06463	1.06759	1.06865	1.06523	1.07219	1.07446	1.08027	1.10567	1.09932
ERR608212-k20-n1-x5e9	1.01573	0.972958	0.962083	0.948915	0.951267	0.952993	0.846195	0.810218	0.803648	0	0.819161	0.829645	0.954255	1.0332	0.969487	0.949526	0.954299	0.951001	1.02992	0.936428	0.964782	0.922886	0.925893	0.921948	0.916761	0.893692	0.887018	0.875737	0.87889	0.875446	0.911458	0.920581	0.921902	0.919391	0.924547	0.925153	1.02683	0.953383	1.05561	0.976409	0.979456	1.09266	0.996545	0.960952	0.947673	0.933873	0.929784	0.928047	1.05111	1.04682	1.04762	1.08416	1.08365	1.08151	1.1133	1.06806	1.06707	1.09159	1.09143	1.09367	1.10078	1.17176	1.11791	1.08249	1.08256	1.08179	1.0747	1.06631	1.06906	1.08195	1.08006	1.08016	1.1124	1.05734	1.05675	1.08315	1.08289	1.08438	1.04482	1.03999	1.04173	1.05167	1.0479	1.04683	1.05803	1.06564	1.06782	1.0703	1.07122	1.07212	1.07761	1.08189	1.08319	1.08986	1.11621	1.10997
ERR608213-k20-n1-x5e9	1.01699	0.97737	0.967567	0.952491	0.954422	0.957664	0.850956	0.815458	0.809967	0.819161	0	0.832196	0.958251	1.03595	0.97455	0.954973	0.957244	0.952733	1.03294	0.941136	0.967988	0.926175	0.929548	0.925495	0.922078	0.899348	0.889618	0.882142	0.881206	0.882439	0.913415	0.924389	0.925634	0.92282	0.926981	0.928009	1.02995	0.956842	1.05844	0.979944	0.983126	1.09541	0.998919	0.965338	0.951588	0.938445	0.935403	0.931016	1.05438	1.04922	1.04961	1.0873	1.08688	1.08555	1.11575	1.07251	1.07079	1.09377	1.09524	1.09759	1.10436	1.17395	1.12113	1.08582	1.08581	1.08503	1.07717	1.07049	1.07095	1.08426	1.08185	1.08332	1.11411	1.06088	1.05891	1.0863	1.08702	1.08769	1.04633	1.04213	1.04332	1.05405	1.05081	1.04934	1.06123	1.06842	1.072	1.07316	1.07504	1.07335	1.0797	1.08389	1.08627	1.0926	1.11919	1.11262
ERR608214-k20-n1-x5e9	1.02184	0.983652	0.974216	0.958087	0.961972	0.963236	0.857892	0.821536	0.820623	0.829645	0.832196	0	0.963989	1.04094	0.97947	0.959273	0.963077	0.960065	1.0371	0.948889	0.97454	0.933648	0.937344	0.932846	0.929075	0.905842	0.89882	0.891721	0.890729	0.891157	0.918169	0.931637	0.93248	0.929716	0.933335	0.935054	1.0351	0.963091	1.06245	0.985473	0.988603	1.10109	1.00232	0.972179	0.959998	0.944391	0.942788	0.93746	1.05801	1.05467	1.05445	1.0935	1.09297	1.09112	1.1224	1.07518	1.07526	1.10076	1.10089	1.10422	1.10997	1.17762	1.12528	1.09034	1.09072	1.09007	1.08204	1.07714	1.0779	1.0897	1.08742	1.08736	1.12014	1.0655	1.06501	1.09339	1.09373	1.09432	1.05193	1.04715	1.04874	1.06054	1.05479	1.05506	1.06639	1.07416	1.07659	1.07928	1.07932	1.07966	1.08492	1.08839	1.0905	1.0993	1.12371	1.11901
ERR610253-k20-n1-x5e9	0.999473	0.955685	0.946697	0.933283	0.936909	0.935377	0.978031	0.944512	0.94082	0.954255	0.958251	0.963989	0	0.86547	0.769537	0.733868	0.740626	0.734827	0.999792	0.898403	0.925664	0.87689	0.880781	0.878958	0.844198	0.834644	0.819522	0.81514	0.814419	0.813172	0.830778	0.847792	0.849091	0.846941	0.850086	0.851883	0.979156	0.898793	1.01943	0.931344	0.932298	1.06324	0.937981	0.897509	0.884458	0.867074	0.866507	0.859176	1.06434	1.05685	1.05789	1.0905	1.08915	1.08782	1.11326	1.06863	1.06682	1.09682	1.09667	1.09933	1.10723	1.18137	1.12103	1.09415	1.09448	1.09315	1.0861	1.07754	1.08002	1.09542	1.09284	1.09326	1.11458	1.06609	1.06392	1.09262	1.09288	1.09408	1.0621	1.054	1.05578	1.07372	1.06854	1.06758	1.06578	1.07462	1.07814	1.07939	1.08168	1.08325	1.06696	1.07243	1.07385	1.08465	1.1034	1.1003
ERR610254-k20-n1-x5e9	1.06443	1.0387	1.03333	1.02326	1.02389	1.02396	1.04482	1.02978	1.02832	1.0332	1.03595	1.04094	0.86547	0	0.87689	0.859524	0.862614	0.860554	1.05308	0.988955	1.00618	0.975692	0.976568	0.976039	0.941584	0.939442	0.934943	0.926131	0.926452	0.926705	0.9374	0.946059	0.947047	0.947127	0.942614	0.945372	1.03383	0.987393	1.07738	1.01065	1.0124	1.11049	0.991808	0.973599	0.966176	0.9565	0.952912	0.948319	1.13209	1.12931	1.12888	1.15775	1.1579	1.15625	1.17475	1.14479	1.14451	1.16712	1.16597	1.16768	1.17555	1.22386	1.1846	1.16299	1.16352	1.1619	1.15011	1.14337	1.14151	1.15946	1.15836	1.15957	1.16921	1.13827	1.13687	1.15811	1.15856	1.15831	1.1342	1.12731	1.12541	1.14232	1.14093	1.13979	1.12854	1.13343	1.13469	1.13765	1.13416	1.13522	1.13805	1.14299	1.14343	1.15238	1.16273	1.16037
ERR610255-k20-n1-x5e9	1.01317	0.972519	0.963823	0.949873	0.95144	0.952935	0.994015	0.961354	0.956697	0.969487	0.97455	0.97947	0.769537	0.87689	0	0.757184	0.768422	0.758078	1.00568	0.916234	0.941303	0.899598	0.903035	0.898897	0.86057	0.852904	0.849301	0.836693	0.836828	0.836195	0.855872	0.868243	0.866279	0.86451	0.87695	0.872976	0.990375	0.915145	1.03088	0.943317	0.94567	1.06841	0.948304	0.912866	0.900336	0.883742	0.883182	0.877361	1.07877	1.07236	1.07364	1.10656	1.10564	1.10292	1.12683	1.08504	1.08405	1.10991	1.10983	1.11162	1.12059	1.1892	1.13842	1.10684	1.10768	1.1056	1.10061	1.09182	1.09366	1.10817	1.10607	1.10592	1.13136	1.08259	1.08082	1.10367	1.10387	1.10614	1.07789	1.07007	1.06976	1.0865	1.08177	1.08149	1.07981	1.0863	1.08907	1.09247	1.09098	1.09253	1.08225	1.08716	1.08817	1.09507	1.11841	1.11234
ERR610256-k20-n1-x5e9	0.985191	0.946796	0.938711	0.917423	0.923191	0.924316	0.97155	0.940035	0.933429	0.949526	0.954973	0.959273	0.733868	0.859524	0.757184	0	0.733243	0.729437	0.998219	0.890027	0.924393	0.877469	0.87881	0.875297	0.851445	0.823643	0.811459	0.801133	0.803371	0.801351	0.813868	0.830765	0.833842	0.831944	0.832126	0.834285	0.967288	0.893234	1.01288	0.918833	0.923233	1.05886	0.92995	0.894696	0.879948	0.854652	0.854298	0.848916	1.05444	1.04881	1.0493	1.08504	1.08457	1.08279	1.10864	1.06555	1.06647	1.09313	1.09272	1.09647	1.10496	1.1768	1.11734	1.0865	1.08709	1.08489	1.07711	1.07112	1.07221	1.08844	1.08534	1.08606	1.10533	1.05779	1.05679	1.08796	1.08735	1.08837	1.05252	1.04497	1.04378	1.0637	1.05914	1.05982	1.05473	1.06427	1.06568	1.06924	1.06779	1.06827	1.06193	1.06681	1.06934	1.07789	1.09962	1.09499
ERR610257-k20-n1-x5e9	0.99253	0.95285	0.943183	0.929196	0.932419	0.933818	0.977428	0.947931	0.940763	0.954299	0.957244	0.963077	0.740626	0.862614	0.768422	0.733243	0	0.72898	1.00034	0.897209	0.92756	0.878655	0.880406	0.879041	0.843416	0.833392	0.82059	0.809572	0.808578	0.809466	0.823762	0.84092	0.841185	0.839591	0.839537	0.842251	0.971966	0.896067	1.01795	0.927898	0.933326	1.06299	0.933657	0.898152	0.88132	0.861493	0.859906	0.851132	1.05969	1.05584	1.0559	1.08993	1.08943	1.08738	1.11387	1.07074	1.06874	1.10001	1.09901	1.10068	1.10919	1.17999	1.12151	1.09368	1.09444	1.09069	1.08288	1.07443	1.07701	1.09304	1.09036	1.09093	1.11071	1.06474	1.06344	1.09217	1.09148	1.09328	1.0599	1.05181	1.051	1.07078	1.06573	1.06536	1.06184	1.06935	1.07241	1.07626	1.0743	1.07467	1.06809	1.0738	1.07381	1.08533	1.10239	1.09987
ERR610258-k20-n1-x5e9	0.987272	0.948514	0.940193	0.921864	0.928231	0.928289	0.972611	0.943325	0.933665	0.951001	0.952733	0.960065	0.734827	0.860554	0.758078	0.729437	0.72898	0	0.997383	0.888987	0.924339	0.875386	0.875145	0.877041	0.844411	0.827309	0.814529	0.803297	0.801986	0.803688	0.818457	0.833075	0.835898	0.834551	0.832813	0.835228	0.96871	0.891551	1.01412	0.920396	0.925314	1.0604	0.929205	0.894803	0.880838	0.856976	0.854155	0.848238	1.05466	1.05127	1.05067	1.08614	1.08635	1.08424	1.10925	1.0653	1.06552	1.09535	1.09479	1.09709	1.10452	1.17738	1.11848	1.08712	1.08796	1.08742	1.0782	1.07152	1.07503	1.08875	1.08755	1.08776	1.10604	1.05866	1.05816	1.08905	1.08837	1.08811	1.05508	1.04739	1.04638	1.06552	1.06174	1.0605	1.05554	1.06531	1.06721	1.07113	1.06987	1.07019	1.063	1.06886	1.07081	1.08095	1.1	1.09639
ERR608227-k20-n1-x5e9	1.098	1.06201	1.05477	1.04732	1.04915	1.05041	1.04905	1.02169	1.0195	1.02992	1.03294	1.0371	0.999792	1.05308	1.00568	0.998219	1.00034	0.997383	0	0.875713	0.88585	0.874081	0.875071	0.874201	0.986876	0.976105	0.967906	0.971598	0.971856	0.970325	1.00975	1.01996	1.0199	1.01781	1.02296	1.0238	1.08582	1.03261	1.10922	1.04833	1.05072	1.13825	1.0325	1.00173	0.991317	0.987425	0.987306	0.984729	1.15065	1.14708	1.14738	1.16844	1.16854	1.16704	1.19137	1.15919	1.15825	1.17808	1.1789	1.18041	1.1829	1.23574	1.19485	1.17348	1.17405	1.17297	1.17003	1.16376	1.1651	1.1754	1.17302	1.17311	1.1947	1.15787	1.15642	1.17601	1.17575	1.17665	1.15188	1.14459	1.14661	1.15724	1.15435	1.15242	1.15628	1.16359	1.16597	1.16914	1.16837	1.16992	1.16514	1.16913	1.17013	1.17513	1.19178	1.18756
ERR608228-k20-n1-x5e9	1.01286	0.968633	0.9576	0.942703	0.946026	0.947611	0.963678	0.926149	0.919263	0.936428	0.941136	0.948889	0.898403	0.988955	0.916234	0.890027	0.897209	0.888987	0.875713	0	0.79027	0.73235	0.734756	0.730285	0.879762	0.868112	0.849518	0.844077	0.843138	0.843256	0.889838	0.909052	0.912986	0.909848	0.909721	0.912762	1.0061	0.92546	1.0402	0.955153	0.958598	1.07953	0.958402	0.919081	0.901053	0.88706	0.886103	0.882252	1.07089	1.06644	1.06695	1.09324	1.09334	1.09229	1.12169	1.07585	1.07606	1.10294	1.1029	1.10579	1.11065	1.18608	1.1292	1.0991	1.09961	1.09715	1.09111	1.08309	1.08605	1.09934	1.09764	1.09899	1.12819	1.0747	1.07339	1.09949	1.10013	1.10093	1.06804	1.05742	1.061	1.07552	1.07045	1.07033	1.08162	1.08806	1.08978	1.09285	1.09456	1.09481	1.08704	1.09459	1.09716	1.10256	1.12546	1.11945
ERR608229-k20-n1-x5e9	1.03601	0.996261	0.98554	0.971761	0.974399	0.977111	0.987699	0.952373	0.946461	0.964782	0.967988	0.97454	0.925664	1.00618	0.941303	0.924393	0.92756	0.924339	0.88585	0.79027	0	0.775091	0.777372	0.776851	0.912765	0.888418	0.878171	0.879305	0.879769	0.878968	0.924288	0.935965	0.935783	0.93229	0.940317	0.939955	1.0315	0.958125	1.05822	0.982593	0.985568	1.09598	0.979746	0.942788	0.927324	0.916744	0.914989	0.910986	1.08973	1.08415	1.08695	1.11846	1.11827	1.11689	1.1449	1.09769	1.09725	1.12213	1.12386	1.12504	1.13207	1.20074	1.14852	1.1162	1.11657	1.11399	1.11153	1.10636	1.10889	1.11808	1.11417	1.11501	1.14995	1.09717	1.09434	1.12244	1.12334	1.12458	1.0882	1.08105	1.08403	1.09532	1.08976	1.0887	1.10277	1.11051	1.11184	1.11357	1.11646	1.11723	1.1072	1.11211	1.11356	1.11946	1.14743	1.14242
ERR608230-k20-n1-x5e9	0.994305	0.950079	0.941298	0.923229	0.929513	0.93354	0.948098	0.914381	0.901655	0.922886	0.926175	0.933648	0.87689	0.975692	0.899598	0.877469	0.878655	0.875386	0.874081	0.73235	0.775091	0	0.716284	0.714585	0.866433	0.842676	0.827713	0.819889	0.818874	0.819836	0.867561	0.880209	0.88376	0.881978	0.882729	0.885265	0.989942	0.908972	1.02666	0.93726	0.943577	1.07169	0.945641	0.903159	0.890308	0.867033	0.866882	0.860898	1.05453	1.04852	1.04992	1.08118	1.08043	1.0805	1.11067	1.06155	1.06109	1.09149	1.09274	1.09518	1.10103	1.17709	1.11576	1.08577	1.08541	1.08398	1.07643	1.06806	1.07174	1.08511	1.08155	1.08424	1.11131	1.0591	1.05788	1.08861	1.08774	1.08853	1.05154	1.04214	1.04583	1.06181	1.05476	1.05523	1.06464	1.07304	1.0753	1.07706	1.07842	1.07875	1.07263	1.0794	1.08185	1.08982	1.11199	1.10837
ERR608231-k20-n1-x5e9	0.995776	0.952428	0.942206	0.926496	0.931471	0.935089	0.949881	0.916434	0.904384	0.925893	0.929548	0.937344	0.880781	0.976568	0.903035	0.87881	0.880406	0.875145	0.875071	0.734756	0.777372	0.716284	0	0.713394	0.868471	0.843538	0.831683	0.821851	0.820372	0.821455	0.868048	0.882794	0.884867	0.882038	0.884357	0.885096	0.98943	0.910699	1.0281	0.940274	0.94451	1.07362	0.944083	0.905165	0.889999	0.868642	0.867308	0.860846	1.05611	1.0517	1.05161	1.08288	1.08289	1.08213	1.11187	1.06477	1.06348	1.09363	1.09498	1.09625	1.10316	1.17879	1.11647	1.08747	1.08827	1.08594	1.07766	1.07102	1.07304	1.08744	1.08436	1.08452	1.1121	1.06102	1.05941	1.08941	1.08924	1.09115	1.05373	1.04417	1.04753	1.0637	1.05763	1.05642	1.06485	1.0739	1.07713	1.07963	1.08048	1.08164	1.07568	1.08154	1.0836	1.09188	1.11317	1.10955
ERR608232-k20-n1-x5e9	0.993926	0.950752	0.941376	0.924084	0.928984	0.931485	0.947392	0.91298	0.900661	0.921948	0.925495	0.932846	0.878958	0.976039	0.898897	0.875297	0.879041	0.877041	0.874201	0.730285	0.776851	0.714585	0.713394	0	0.86675	0.842985	0.828232	0.818742	0.817029	0.818799	0.864259	0.879429	0.883196	0.880234	0.880496	0.882029	0.988304	0.909001	1.02729	0.935782	0.94169	1.07151	0.942486	0.902031	0.889256	0.867379	0.866044	0.858764	1.05387	1.04812	1.04905	1.08069	1.08211	1.08044	1.11042	1.06244	1.06241	1.09103	1.09266	1.09511	1.10136	1.17714	1.11547	1.08524	1.08581	1.08379	1.07555	1.0685	1.07209	1.08635	1.08288	1.08403	1.11044	1.05854	1.05721	1.08819	1.08822	1.08872	1.05122	1.04334	1.04431	1.06184	1.05563	1.05428	1.06357	1.07221	1.07396	1.07788	1.07864	1.07909	1.0741	1.07957	1.08271	1.09042	1.11149	1.10813
ERR608257-k20-n1-x5e9	0.975786	0.936223	0.927289	0.907409	0.912932	0.913779	0.940518	0.907006	0.898687	0.916761	0.922078	0.929075	0.844198	0.941584	0.86057	0.851445	0.843416	0.844411	0.986876	0.879762	0.912765	0.866433	0.868471	0.86675	0	0.711465	0.697479	0.688147	0.690684	0.687596	0.817588	0.834096	0.836756	0.834603	0.834395	0.836865	0.964797	0.888152	1.0085	0.912433	0.914538	1.05497	0.922834	0.884001	0.868213	0.847158	0.843942	0.838741	1.04751	1.04204	1.04057	1.0776	1.07732	1.07558	1.10329	1.06001	1.05832	1.08418	1.08451	1.08687	1.09935	1.17135	1.11174	1.08236	1.08304	1.08039	1.07148	1.06643	1.06635	1.08203	1.08046	1.08003	1.1003	1.04933	1.04759	1.07817	1.0774	1.07886	1.04668	1.03964	1.04024	1.05737	1.05456	1.05317	1.05509	1.06273	1.06684	1.06947	1.06735	1.06802	1.05735	1.06206	1.06575	1.07419	1.0953	1.09094
ERR608258-k20-n1-x5e9	0.965955	0.915164	0.906079	0.892353	0.894142	0.893429	0.925147	0.885105	0.885059	0.893692	0.899348	0.905842	0.834644	0.939442	0.852904	0.823643	0.833392	0.827309	0.976105	0.868112	0.888418	0.842676	0.843538	0.842985	0.711465	0	0.658844	0.663489	0.660767	0.665098	0.797009	0.815345	0.8159	0.812781	0.818361	0.81718	0.958824	0.868336	0.997767	0.90075	0.904592	1.04602	0.916093	0.866937	0.850703	0.84589	0.841981	0.833698	1.03419	1.02742	1.02698	1.06221	1.06231	1.06101	1.08938	1.03389	1.03235	1.06302	1.06443	1.06648	1.07814	1.16056	1.09695	1.06475	1.06566	1.06356	1.05673	1.04823	1.0517	1.06882	1.06452	1.06411	1.09081	1.03009	1.02777	1.05879	1.06092	1.06093	1.03141	1.02161	1.02315	1.04131	1.03879	1.03563	1.03676	1.04508	1.04799	1.05246	1.05352	1.05485	1.04037	1.04581	1.04864	1.05699	1.08264	1.07831
ERR608259-k20-n1-x5e9	0.959517	0.903817	0.897093	0.882357	0.889507	0.890209	0.913299	0.879601	0.866589	0.887018	0.889618	0.89882	0.819522	0.934943	0.849301	0.811459	0.82059	0.814529	0.967906	0.849518	0.878171	0.827713	0.831683	0.828232	0.697479	0.658844	0	0.638116	0.637322	0.638128	0.797411	0.803234	0.804559	0.801348	0.810562	0.80818	0.951793	0.857543	0.990731	0.895116	0.900375	1.04059	0.91007	0.86063	0.84963	0.826639	0.824121	0.817357	1.02337	1.01697	1.01793	1.05247	1.05115	1.04971	1.08078	1.02238	1.01972	1.05621	1.05707	1.05915	1.06867	1.15358	1.08865	1.05407	1.05475	1.05205	1.04851	1.03615	1.03835	1.05918	1.05487	1.05595	1.08294	1.01876	1.01783	1.0512	1.05117	1.0519	1.02096	1.01129	1.01295	1.03219	1.02587	1.0248	1.02886	1.03833	1.04117	1.04315	1.04699	1.04628	1.02917	1.03525	1.03884	1.04801	1.07584	1.07009
ERR608260-k20-n1-x5e9	0.940618	0.895745	0.884917	0.863654	0.867631	0.868954	0.910581	0.868058	0.861604	0.875737	0.882142	0.891721	0.81514	0.926131	0.836693	0.801133	0.809572	0.803297	0.971598	0.844077	0.879305	0.819889	0.821851	0.818742	0.688147	0.663489	0.638116	0	0.623952	0.621392	0.765071	0.78585	0.792283	0.790082	0.786616	0.788071	0.942002	0.842939	0.982708	0.880385	0.884991	1.0348	0.898603	0.856307	0.838297	0.815088	0.813113	0.804792	1.00955	0.999531	0.999869	1.04464	1.04523	1.04179	1.0734	1.01352	1.01362	1.0494	1.04937	1.05359	1.06563	1.14634	1.08299	1.04699	1.04748	1.045	1.0339	1.02493	1.02771	1.04689	1.04362	1.04438	1.07121	1.00503	1.00487	1.0412	1.04163	1.04351	1.00458	0.995042	0.995569	1.02121	1.01632	1.01353	1.01593	1.02871	1.03271	1.03313	1.0361	1.03783	1.02019	1.0255	1.03025	1.0424	1.06864	1.06297
ERR608261-k20-n1-x5e9	0.940055	0.897336	0.883454	0.864723	0.868275	0.868609	0.911867	0.868244	0.861364	0.87889	0.881206	0.890729	0.814419	0.926452	0.836828	0.803371	0.808578	0.801986	0.971856	0.843138	0.879769	0.818874	0.820372	0.817029	0.690684	0.660767	0.637322	0.623952	0	0.624168	0.763827	0.785504	0.791618	0.788838	0.785302	0.788265	0.94297	0.842917	0.981869	0.879215	0.884222	1.03456	0.898146	0.855023	0.838222	0.814062	0.811218	0.802081	1.00955	1.00034	0.999083	1.04622	1.04528	1.04332	1.07312	1.01548	1.01468	1.04865	1.04982	1.05265	1.06557	1.14697	1.08388	1.04703	1.04749	1.04525	1.0351	1.0254	1.02738	1.04694	1.04398	1.04352	1.0713	1.00748	1.00675	1.04251	1.04237	1.04316	1.00648	0.994609	0.998053	1.02314	1.01665	1.01556	1.01573	1.02946	1.03302	1.03366	1.03558	1.03729	1.02009	1.02507	1.0308	1.04227	1.06853	1.06245
ERR608262-k20-n1-x5e9	0.940517	0.897029	0.884193	0.863462	0.868532	0.868551	0.910258	0.867509	0.859307	0.875446	0.882439	0.891157	0.813172	0.926705	0.836195	0.801351	0.809466	0.803688	0.970325	0.843256	0.878968	0.819836	0.821455	0.818799	0.687596	0.665098	0.638128	0.621392	0.624168	0	0.764793	0.785958	0.792773	0.790224	0.786132	0.787051	0.942506	0.843362	0.982614	0.880409	0.88305	1.03418	0.899429	0.855973	0.83875	0.815358	0.811681	0.80385	1.00993	1.00042	1.0002	1.0447	1.04428	1.04251	1.07347	1.01415	1.0147	1.05027	1.0495	1.05289	1.06662	1.14683	1.08339	1.04756	1.04844	1.04563	1.03428	1.02379	1.02786	1.04786	1.04312	1.0443	1.07113	1.00585	1.00569	1.04204	1.04142	1.04421	1.00544	0.995669	0.996388	1.02236	1.01603	1.01477	1.0166	1.02991	1.03328	1.03367	1.03758	1.03652	1.01907	1.02529	1.03004	1.04241	1.06878	1.06292
ERR605665-k20-n1-x5e9	0.958569	0.920172	0.913756	0.894987	0.900955	0.902335	0.933542	0.909979	0.899203	0.911458	0.913415	0.918169	0.830778	0.9374	0.855872	0.813868	0.823762	0.818457	1.00975	0.889838	0.924288	0.867561	0.868048	0.864259	0.817588	0.797009	0.797411	0.765071	0.763827	0.764793	0	0.660338	0.664374	0.664087	0.664799	0.662857	0.916942	0.833399	0.968608	0.870011	0.876051	1.01832	0.925715	0.886748	0.88065	0.850438	0.848658	0.839926	1.02521	1.02016	1.0186	1.06067	1.06024	1.05936	1.07027	1.02497	1.02398	1.05607	1.05574	1.05887	1.07572	1.14643	1.09028	1.05692	1.05785	1.05508	1.04294	1.03153	1.03127	1.05368	1.05129	1.05348	1.0764	1.02296	1.02253	1.05391	1.05202	1.05409	1.03029	1.02204	1.02029	1.04341	1.03875	1.03873	1.00546	1.01263	1.01612	1.01902	1.01798	1.01855	1.02808	1.03184	1.03626	1.04743	1.06564	1.0618
ERR605666-k20-n1-x5e9	0.967647	0.930745	0.923418	0.90957	0.909264	0.909797	0.94596	0.91948	0.918249	0.920581	0.924389	0.931637	0.847792	0.946059	0.868243	0.830765	0.84092	0.833075	1.01996	0.909052	0.935965	0.880209	0.882794	0.879429	0.834096	0.815345	0.803234	0.78585	0.785504	0.785958	0.660338	0	0.682048	0.681299	0.674539	0.68041	0.924721	0.846477	0.977019	0.882665	0.884911	1.02482	0.936363	0.896368	0.88425	0.870938	0.868318	0.857807	1.03623	1.03128	1.02931	1.07146	1.07064	1.06848	1.07824	1.03754	1.03777	1.06341	1.06327	1.0659	1.08434	1.15432	1.09809	1.06782	1.06897	1.06707	1.05203	1.04543	1.04479	1.06291	1.06237	1.06158	1.0847	1.03614	1.03318	1.06333	1.06158	1.06352	1.04055	1.03318	1.03244	1.05466	1.05173	1.04976	1.01437	1.02083	1.02389	1.02979	1.02528	1.02727	1.03854	1.04254	1.04603	1.05854	1.07394	1.06988
ERR605667-k20-n1-x5e9	0.96936	0.9326	0.92361	0.908369	0.911226	0.910962	0.947733	0.920485	0.918234	0.921902	0.925634	0.93248	0.849091	0.947047	0.866279	0.833842	0.841185	0.835898	1.0199	0.912986	0.935783	0.88376	0.884867	0.883196	0.836756	0.8159	0.804559	0.792283	0.791618	0.792773	0.664374	0.682048	0	0.689488	0.680155	0.685723	0.92904	0.850135	0.979331	0.883103	0.886584	1.02778	0.93895	0.899738	0.885666	0.873977	0.872905	0.862828	1.03771	1.03205	1.03236	1.07103	1.0709	1.07025	1.08142	1.04076	1.03949	1.06637	1.06557	1.06787	1.0864	1.15622	1.10106	1.07052	1.07171	1.06992	1.05291	1.04706	1.04632	1.06433	1.06242	1.06325	1.08646	1.03696	1.03547	1.06534	1.06412	1.06615	1.04157	1.03528	1.03414	1.05416	1.05229	1.05184	1.01561	1.02317	1.02615	1.03256	1.02721	1.0286	1.03976	1.04594	1.0481	1.05875	1.07632	1.07346
ERR605668-k20-n1-x5e9	0.969677	0.930627	0.921969	0.906659	0.910093	0.909721	0.945049	0.916697	0.914587	0.919391	0.92282	0.929716	0.846941	0.947127	0.86451	0.831944	0.839591	0.834551	1.01781	0.909848	0.93229	0.881978	0.882038	0.880234	0.834603	0.812781	0.801348	0.790082	0.788838	0.790224	0.664087	0.681299	0.689488	0	0.677989	0.683343	0.930605	0.848788	0.978596	0.881894	0.885646	1.02768	0.939225	0.898347	0.883884	0.872315	0.871405	0.861486	1.03863	1.03189	1.03261	1.07057	1.07081	1.06946	1.08052	1.0373	1.03593	1.06334	1.06283	1.06543	1.08391	1.15555	1.09906	1.06855	1.06954	1.06794	1.05317	1.04685	1.0467	1.06542	1.06209	1.06306	1.08659	1.03515	1.03355	1.06331	1.06314	1.06467	1.04111	1.03419	1.034	1.05354	1.05125	1.05064	1.01599	1.02416	1.02715	1.03257	1.02882	1.03001	1.03718	1.04397	1.04588	1.0565	1.07537	1.07197
ERR605669-k20-n1-x5e9	0.964468	0.929586	0.92427	0.911497	0.909671	0.90991	0.947525	0.925867	0.922321	0.924547	0.926981	0.933335	0.850086	0.942614	0.87695	0.832126	0.839537	0.832813	1.02296	0.909721	0.940317	0.882729	0.884357	0.880496	0.834395	0.818361	0.810562	0.786616	0.785302	0.786132	0.664799	0.674539	0.680155	0.677989	0	0.668583	0.918488	0.848543	0.977493	0.888284	0.88984	1.02511	0.934297	0.899161	0.885746	0.866933	0.864304	0.855972	1.03198	1.02832	1.02742	1.07094	1.06934	1.0676	1.07938	1.04356	1.04338	1.06848	1.06645	1.06775	1.08878	1.15291	1.101	1.06926	1.07041	1.06901	1.04941	1.043	1.03988	1.06073	1.05946	1.06077	1.08072	1.03578	1.03501	1.06379	1.06198	1.0632	1.03768	1.03058	1.02902	1.05112	1.0503	1.0495	1.01019	1.01767	1.02078	1.02574	1.01883	1.01903	1.04205	1.04694	1.04857	1.06329	1.07432	1.07071
ERR605670-k20-n1-x5e9	0.965473	0.932873	0.926716	0.913096	0.909989	0.909328	0.947318	0.923905	0.923944	0.925153	0.928009	0.935054	0.851883	0.945372	0.872976	0.834285	0.842251	0.835228	1.0238	0.912762	0.939955	0.885265	0.885096	0.882029	0.836865	0.81718	0.80818	0.788071	0.788265	0.787051	0.662857	0.68041	0.685723	0.683343	0.668583	0	0.921125	0.849553	0.980732	0.888471	0.887583	1.02744	0.934857	0.899473	0.888011	0.869823	0.867587	0.859938	1.03394	1.03116	1.02881	1.07223	1.07096	1.06965	1.08124	1.04507	1.04537	1.07	1.06663	1.07052	1.08966	1.15514	1.10165	1.07148	1.07266	1.0706	1.05154	1.04538	1.04257	1.06375	1.06275	1.06321	1.08218	1.03692	1.03559	1.06402	1.06242	1.06337	1.03924	1.03297	1.03025	1.0536	1.05102	1.0498	1.01357	1.02034	1.02301	1.02842	1.02126	1.02179	1.04396	1.04847	1.05027	1.06447	1.0767	1.07256
ERR607242-k20-n1-x5e9	1.06832	1.04965	1.04335	1.02917	1.03317	1.03243	1.04388	1.02657	1.02096	1.02683	1.02995	1.0351	0.979156	1.03383	0.990375	0.967288	0.971966	0.96871	1.08582	1.0061	1.0315	0.989942	0.98943	0.988304	0.964797	0.958824	0.951793	0.942002	0.94297	0.942506	0.916942	0.924721	0.92904	0.930605	0.918488	0.921125	0	0.806079	0.863924	0.814184	0.815024	0.905584	1.02379	1.00708	0.999708	0.983894	0.980578	0.975304	1.12212	1.11691	1.11536	1.1534	1.1538	1.1522	1.06981	1.06339	1.06515	1.072	1.06939	1.07298	1.09636	1.14112	1.10269	1.08065	1.08192	1.08062	1.03024	1.03132	1.03132	1.03345	1.03379	1.03585	1.16137	1.12586	1.12488	1.15179	1.15047	1.15206	1.12346	1.11899	1.1161	1.13711	1.13495	1.13275	1.01734	1.02239	1.02335	1.02525	1.02257	1.0214	1.07897	1.07996	1.07941	1.09638	1.10368	1.10276
ERR607243-k20-n1-x5e9	1.01684	0.98101	0.974377	0.957232	0.961376	0.962802	0.976471	0.946365	0.937715	0.953383	0.956842	0.963091	0.898793	0.987393	0.915145	0.893234	0.896067	0.891551	1.03261	0.92546	0.958125	0.908972	0.910699	0.909001	0.888152	0.868336	0.857543	0.842939	0.842917	0.843362	0.833399	0.846477	0.850135	0.848788	0.848543	0.849553	0.806079	0	0.847242	0.753451	0.756645	0.89842	0.973665	0.939195	0.927959	0.905572	0.902684	0.899181	1.06863	1.06408	1.06436	1.09923	1.09862	1.09664	1.04505	1.01906	1.01913	1.03477	1.035	1.03785	1.06177	1.12997	1.07237	1.04599	1.04689	1.04491	1.00419	1.00285	1.00555	1.00679	1.00779	1.00882	1.11432	1.06626	1.06425	1.0958	1.09441	1.09487	1.07225	1.06381	1.06484	1.08194	1.07902	1.07775	0.980931	0.987829	0.99013	0.991433	0.991522	0.991597	1.03661	1.04126	1.04109	1.05269	1.06879	1.06709
ERR607244-k20-n1-x5e9	1.10885	1.08297	1.07781	1.06891	1.06981	1.06942	1.06994	1.05133	1.04839	1.05561	1.05844	1.06245	1.01943	1.07738	1.03088	1.01288	1.01795	1.01412	1.10922	1.0402	1.05822	1.02666	1.0281	1.02729	1.0085	0.997767	0.990731	0.982708	0.981869	0.982614	0.968608	0.977019	0.979331	0.978596	0.977493	0.980732	0.863924	0.847242	0	0.853334	0.855322	0.918023	1.06685	1.04312	1.03581	1.02618	1.0242	1.02014	1.1535	1.14974	1.14921	1.17413	1.1743	1.17345	1.07877	1.0755	1.0754	1.07846	1.07492	1.07795	1.09981	1.14707	1.10516	1.09314	1.094	1.09358	1.06137	1.06123	1.06137	1.0607	1.06099	1.06229	1.18562	1.15207	1.15031	1.17166	1.1716	1.17183	1.15548	1.14959	1.14876	1.16358	1.16178	1.15994	1.05451	1.05471	1.0569	1.05599	1.05712	1.05695	1.09328	1.09602	1.09411	1.10641	1.11335	1.11309
ERR607245-k20-n1-x5e9	1.0427	1.00705	0.998184	0.984288	0.98641	0.986409	1.0017	0.969707	0.964461	0.976409	0.979944	0.985473	0.931344	1.01065	0.943317	0.918833	0.927898	0.920396	1.04833	0.955153	0.982593	0.93726	0.940274	0.935782	0.912433	0.90075	0.895116	0.880385	0.879215	0.880409	0.870011	0.882665	0.883103	0.881894	0.888284	0.888471	0.814184	0.753451	0.853334	0	0.777425	0.885902	0.996938	0.964048	0.952216	0.937019	0.936077	0.930564	1.09089	1.08751	1.08725	1.11906	1.11828	1.11723	1.05004	1.03034	1.03114	1.04059	1.03839	1.04148	1.06732	1.1302	1.08189	1.05475	1.05597	1.05586	1.01612	1.01293	1.01373	1.01829	1.01876	1.01969	1.1369	1.09029	1.08852	1.11249	1.11123	1.11209	1.09473	1.0877	1.08788	1.10249	1.10101	1.09995	1.0004	1.0037	1.0041	1.00535	1.00689	1.00643	1.04982	1.05341	1.05177	1.06304	1.08054	1.07579
ERR607246-k20-n1-x5e9	1.04515	1.01041	1.00175	0.986861	0.988482	0.989613	1.00499	0.973841	0.968372	0.979456	0.983126	0.988603	0.932298	1.0124	0.94567	0.923233	0.933326	0.925314	1.05072	0.958598	0.985568	0.943577	0.94451	0.94169	0.914538	0.904592	0.900375	0.884991	0.884222	0.88305	0.876051	0.884911	0.886584	0.885646	0.88984	0.887583	0.815024	0.756645	0.855322	0.777425	0	0.885331	0.999864	0.967527	0.955684	0.939711	0.937599	0.934971	1.09243	1.08918	1.0883	1.12167	1.12087	1.11947	1.05228	1.03248	1.03285	1.04141	1.04037	1.04324	1.06821	1.13071	1.08352	1.05633	1.05749	1.05496	1.01896	1.01399	1.01609	1.02041	1.01963	1.02063	1.13891	1.09354	1.09201	1.11454	1.11279	1.11397	1.09619	1.09063	1.08978	1.1058	1.10194	1.10152	1.00162	1.00524	1.0068	1.00846	1.0078	1.00643	1.0516	1.05387	1.0525	1.06382	1.08154	1.07836
ERR607247-k20-n1-x5e9	1.14193	1.12013	1.11289	1.10409	1.10493	1.10592	1.10981	1.08842	1.08725	1.09266	1.09541	1.10109	1.06324	1.11049	1.06841	1.05886	1.06299	1.0604	1.13825	1.07953	1.09598	1.07169	1.07362	1.07151	1.05497	1.04602	1.04059	1.0348	1.03456	1.03418	1.01832	1.02482	1.02778	1.02768	1.02511	1.02744	0.905584	0.89842	0.918023	0.885902	0.885331	0	1.1022	1.08296	1.07452	1.06684	1.06553	1.06199	1.18254	1.18034	1.17888	1.20239	1.20193	1.20096	1.09332	1.09954	1.101	1.09156	1.08983	1.09206	1.11386	1.15415	1.12128	1.10925	1.10961	1.10972	1.08668	1.0873	1.08852	1.08128	1.08188	1.08348	1.21303	1.18319	1.18286	1.1985	1.19768	1.1984	1.18495	1.1813	1.18099	1.19185	1.19007	1.18931	1.08215	1.08528	1.0859	1.08546	1.08648	1.08627	1.11658	1.11568	1.11359	1.12252	1.13103	1.13046
ERR608525-k20-n1-x5e9	1.0415	1.01787	1.01476	0.999939	1.00364	1.00288	1.00735	0.990469	0.988137	0.996545	0.998919	1.00232	0.937981	0.991808	0.948304	0.92995	0.933657	0.929205	1.0325	0.958402	0.979746	0.945641	0.944083	0.942486	0.922834	0.916093	0.91007	0.898603	0.898146	0.899429	0.925715	0.936363	0.93895	0.939225	0.934297	0.934857	1.02379	0.973665	1.06685	0.996938	0.999864	1.1022	0	0.87724	0.869361	0.856035	0.852288	0.849895	1.11878	1.11357	1.11171	1.14508	1.14509	1.14317	1.16569	1.13232	1.13179	1.15752	1.15622	1.1592	1.16515	1.21477	1.17428	1.14974	1.14983	1.14866	1.13279	1.12543	1.12433	1.14571	1.14372	1.14456	1.16026	1.12599	1.12489	1.15005	1.14909	1.15011	1.11637	1.10831	1.10608	1.12711	1.12504	1.12446	1.1172	1.12231	1.12377	1.12734	1.1229	1.12395	1.13334	1.13748	1.14027	1.14949	1.16053	1.15773
ERR608526-k20-n1-x5e9	1.01948	0.988326	0.978328	0.962455	0.96568	0.967028	0.983256	0.953821	0.949164	0.960952	0.965338	0.972179	0.897509	0.973599	0.912866	0.894696	0.898152	0.894803	1.00173	0.919081	0.942788	0.903159	0.905165	0.902031	0.884001	0.866937	0.86063	0.856307	0.855023	0.855973	0.886748	0.896368	0.899738	0.898347	0.899161	0.899473	1.00708	0.939195	1.04312	0.964048	0.967527	1.08296	0.87724	0	0.82732	0.81711	0.813117	0.805443	1.08614	1.08236	1.08293	1.12065	1.11993	1.11874	1.14289	1.10207	1.10226	1.12431	1.12611	1.12802	1.13609	1.19874	1.15054	1.1169	1.1169	1.11516	1.10716	1.10369	1.10346	1.11444	1.1124	1.11354	1.14218	1.09568	1.09445	1.12062	1.12153	1.12307	1.08534	1.08018	1.07901	1.0935	1.09065	1.08818	1.09153	1.09872	1.10175	1.1045	1.10322	1.10384	1.10288	1.10741	1.10779	1.11648	1.13951	1.13567
ERR608527-k20-n1-x5e9	1.01433	0.974625	0.964978	0.949646	0.953352	0.955309	0.972189	0.941852	0.933979	0.947673	0.951588	0.959998	0.884458	0.966176	0.900336	0.879948	0.88132	0.880838	0.991317	0.901053	0.927324	0.890308	0.889999	0.889256	0.868213	0.850703	0.84963	0.838297	0.838222	0.83875	0.88065	0.88425	0.885666	0.883884	0.885746	0.888011	0.999708	0.927959	1.03581	0.952216	0.955684	1.07452	0.869361	0.82732	0	0.795479	0.793379	0.787786	1.07832	1.07515	1.0755	1.11077	1.1103	1.10814	1.13503	1.09416	1.09247	1.1152	1.11613	1.11835	1.12471	1.19297	1.14399	1.1085	1.1093	1.10827	1.10072	1.09398	1.09431	1.10847	1.10563	1.10692	1.13561	1.08666	1.0871	1.11108	1.11209	1.11251	1.07779	1.07289	1.07408	1.08559	1.0823	1.08106	1.08334	1.09243	1.09482	1.09781	1.09719	1.09752	1.09735	1.10053	1.10241	1.10824	1.13248	1.12812
ERR608528-k20-n1-x5e9	0.995906	0.957608	0.947555	0.934006	0.935725	0.934889	0.95967	0.925033	0.921027	0.933873	0.938445	0.944391	0.867074	0.9565	0.883742	0.854652	0.861493	0.856976	0.987425	0.88706	0.916744	0.867033	0.868642	0.867379	0.847158	0.84589	0.826639	0.815088	0.814062	0.815358	0.850438	0.870938	0.873977	0.872315	0.866933	0.869823	0.983894	0.905572	1.02618	0.937019	0.939711	1.06684	0.856035	0.81711	0.795479	0	0.768753	0.764194	1.06618	1.06344	1.06258	1.09401	1.09384	1.0925	1.11848	1.07905	1.0795	1.105	1.10367	1.10615	1.11269	1.18338	1.13061	1.0977	1.0984	1.09722	1.08606	1.07953	1.08061	1.0972	1.09628	1.09643	1.12184	1.07395	1.07207	1.09836	1.09777	1.09838	1.06585	1.05585	1.05644	1.07477	1.07094	1.06906	1.07089	1.07811	1.07993	1.08326	1.08165	1.08158	1.0826	1.08861	1.09228	1.09977	1.11768	1.11089
