	ERR608311-k20-n1-x5e9	ERR608312-k20-n1-x5e9	ERR608313-k20-n1-x5e9	ERR608314-k20-n1-x5e9	ERR608315-k20-n1-x5e9	ERR608316-k20-n1-x5e9	ERR608209-k20-n1-x5e9	ERR608210-k20-n1-x5e9	ERR608211-k20-n1-x5e9	ERR608212-k20-n1-x5e9	ERR608213-k20-n1-x5e9	ERR608214-k20-n1-x5e9	ERR610253-k20-n1-x5e9	ERR610254-k20-n1-x5e9	ERR610255-k20-n1-x5e9	ERR610256-k20-n1-x5e9	ERR610257-k20-n1-x5e9	ERR610258-k20-n1-x5e9	ERR608227-k20-n1-x5e9	ERR608228-k20-n1-x5e9	ERR608229-k20-n1-x5e9	ERR608230-k20-n1-x5e9	ERR608231-k20-n1-x5e9	ERR608232-k20-n1-x5e9	ERR608257-k20-n1-x5e9	ERR608258-k20-n1-x5e9	ERR608259-k20-n1-x5e9	ERR608260-k20-n1-x5e9	ERR608261-k20-n1-x5e9	ERR608262-k20-n1-x5e9	ERR605665-k20-n1-x5e9	ERR605666-k20-n1-x5e9	ERR605667-k20-n1-x5e9	ERR605668-k20-n1-x5e9	ERR605669-k20-n1-x5e9	ERR605670-k20-n1-x5e9	ERR607242-k20-n1-x5e9	ERR607243-k20-n1-x5e9	ERR607244-k20-n1-x5e9	ERR607245-k20-n1-x5e9	ERR607246-k20-n1-x5e9	ERR607247-k20-n1-x5e9	ERR608525-k20-n1-x5e9	ERR608526-k20-n1-x5e9	ERR608527-k20-n1-x5e9	ERR608528-k20-n1-x5e9	ERR608529-k20-n1-x5e9	ERR608530-k20-n1-x5e9	ERR608913-k20-n1-x5e9	ERR608914-k20-n1-x5e9	ERR608915-k20-n1-x5e9	ERR608916-k20-n1-x5e9	ERR608917-k20-n1-x5e9	ERR608918-k20-n1-x5e9	ERR605934-k20-n1-x5e9	ERR605935-k20-n1-x5e9	ERR605936-k20-n1-x5e9	ERR605937-k20-n1-x5e9	ERR605938-k20-n1-x5e9	ERR605939-k20-n1-x5e9	ERR610235-k20-n1-x5e9	ERR610236-k20-n1-x5e9	ERR610237-k20-n1-x5e9	ERR610238-k20-n1-x5e9	ERR610239-k20-n1-x5e9	ERR610240-k20-n1-x5e9	ERR607805-k20-n1-x5e9	ERR607806-k20-n1-x5e9	ERR607807-k20-n1-x5e9	ERR607808-k20-n1-x5e9	ERR607809-k20-n1-x5e9	ERR607810-k20-n1-x5e9	ERR605988-k20-n1-x5e9	ERR605989-k20-n1-x5e9	ERR605990-k20-n1-x5e9	ERR605991-k20-n1-x5e9	ERR605992-k20-n1-x5e9	ERR605993-k20-n1-x5e9	ERR608371-k20-n1-x5e9	ERR608372-k20-n1-x5e9	ERR608373-k20-n1-x5e9	ERR608374-k20-n1-x5e9	ERR608375-k20-n1-x5e9	ERR608376-k20-n1-x5e9	ERR605701-k20-n1-x5e9	ERR605702-k20-n1-x5e9	ERR605703-k20-n1-x5e9	ERR605704-k20-n1-x5e9	ERR605705-k20-n1-x5e9	ERR605706-k20-n1-x5e9	ERR605689-k20-n1-x5e9	ERR605690-k20-n1-x5e9	ERR605691-k20-n1-x5e9	ERR605692-k20-n1-x5e9	ERR605693-k20-n1-x5e9	ERR605694-k20-n1-x5e9
ERR608311-k20-n1-x5e9	0	0.31828	0.333924	0.347312	0.337638	0.335393	0.375432	0.413623	0.433441	0.40224	0.399508	0.393455	0.480053	0.416526	0.455063	0.495919	0.485982	0.491275	0.395181	0.436075	0.408743	0.470928	0.467557	0.472417	0.493898	0.540195	0.560967	0.597408	0.59918	0.596725	0.553991	0.535453	0.527756	0.528658	0.542806	0.538513	0.39775	0.47397	0.396097	0.425953	0.423137	0.416649	0.344502	0.37522	0.388891	0.411145	0.412507	0.418703	0.495338	0.506541	0.505405	0.472819	0.471632	0.472805	0.466978	0.532895	0.535906	0.490286	0.487936	0.488228	0.5136	0.518035	0.499891	0.522021	0.522439	0.524085	0.507017	0.522046	0.524164	0.484258	0.488534	0.49037	0.476871	0.521444	0.524489	0.48931	0.49049	0.488907	0.542281	0.547073	0.545871	0.536576	0.537976	0.538421	0.574997	0.564661	0.563097	0.559167	0.565759	0.563543	0.523773	0.50958	0.501658	0.494638	0.464621	0.468347
ERR608312-k20-n1-x5e9	0.31828	0	0.272225	0.278979	0.274855	0.274991	0.34455	0.350925	0.364049	0.347025	0.346343	0.343997	0.421776	0.424752	0.406784	0.437933	0.431092	0.434302	0.397673	0.368886	0.351885	0.40101	0.398458	0.403045	0.431295	0.468692	0.488327	0.528976	0.530725	0.528165	0.49305	0.476485	0.469195	0.467617	0.489924	0.484963	0.397631	0.414214	0.396486	0.377783	0.376724	0.438716	0.354372	0.328702	0.333709	0.349364	0.350885	0.356312	0.454501	0.459357	0.460985	0.436932	0.435166	0.435752	0.443608	0.47354	0.475483	0.445912	0.445862	0.446321	0.463193	0.522288	0.461222	0.470226	0.470559	0.471509	0.46388	0.472893	0.478715	0.444468	0.445076	0.446564	0.46858	0.467845	0.469766	0.451796	0.45423	0.452801	0.500839	0.499819	0.502246	0.497786	0.496339	0.496103	0.52973	0.523108	0.522432	0.517575	0.531589	0.528846	0.467277	0.456664	0.450497	0.444831	0.43944	0.438936
ERR608313-k20-n1-x5e9	0.333924	0.272225	0	0.271487	0.269939	0.271031	0.348794	0.343871	0.353396	0.342989	0.343453	0.34282	0.410611	0.434513	0.400094	0.425212	0.419888	0.42212	0.408707	0.35833	0.346821	0.386808	0.384694	0.388909	0.418082	0.451148	0.469943	0.510797	0.512601	0.50997	0.478011	0.462623	0.455294	0.453287	0.477451	0.472468	0.405638	0.403219	0.407382	0.373535	0.37345	0.453256	0.366726	0.327513	0.328849	0.340728	0.342043	0.34671	0.448808	0.45131	0.453787	0.434808	0.432811	0.433249	0.444975	0.462729	0.464264	0.442316	0.443069	0.443502	0.456744	0.531077	0.459406	0.461881	0.46216	0.462987	0.456284	0.462933	0.469747	0.439558	0.438648	0.439929	0.472772	0.459098	0.460603	0.450108	0.452638	0.451518	0.492571	0.48964	0.49313	0.491447	0.488859	0.488366	0.519368	0.514408	0.513738	0.508973	0.524726	0.52205	0.457966	0.448765	0.443422	0.43907	0.441691	0.439723
ERR608314-k20-n1-x5e9	0.347312	0.278979	0.271487	0	0.265747	0.266334	0.355941	0.341812	0.346963	0.340021	0.341442	0.343132	0.396638	0.438489	0.391031	0.407245	0.403698	0.405103	0.427478	0.349233	0.348424	0.369954	0.368223	0.371961	0.397653	0.428534	0.446926	0.486077	0.487902	0.485326	0.453867	0.43875	0.432357	0.430242	0.452698	0.44793	0.406405	0.386405	0.419336	0.36542	0.366042	0.46953	0.375647	0.327401	0.325326	0.329391	0.330146	0.333325	0.438123	0.439319	0.441136	0.433911	0.431931	0.431536	0.443427	0.45151	0.452914	0.438779	0.439071	0.44012	0.454194	0.540131	0.461185	0.453459	0.45394	0.454256	0.443616	0.448562	0.454329	0.430778	0.430305	0.43128	0.472045	0.447294	0.448656	0.445593	0.447534	0.446761	0.4787	0.474773	0.477601	0.479606	0.477533	0.476803	0.500161	0.495775	0.495979	0.491857	0.505895	0.503538	0.445972	0.438374	0.434279	0.433973	0.440446	0.437246
ERR608315-k20-n1-x5e9	0.337638	0.274855	0.269939	0.265747	0	0.266131	0.349529	0.341456	0.349265	0.338749	0.339519	0.340166	0.402034	0.432074	0.393085	0.414642	0.409877	0.411789	0.417109	0.35294	0.347199	0.377361	0.375349	0.379231	0.40565	0.439441	0.458418	0.498288	0.500092	0.497396	0.464479	0.448648	0.441847	0.440066	0.462407	0.457377	0.4015	0.392553	0.410524	0.366092	0.36644	0.458727	0.367449	0.325489	0.326032	0.333451	0.334359	0.337918	0.441212	0.443713	0.445536	0.433401	0.431286	0.431328	0.442363	0.45713	0.458828	0.4399	0.439831	0.440534	0.45622	0.534002	0.460217	0.457538	0.457815	0.458425	0.447946	0.45439	0.460035	0.433247	0.433297	0.434284	0.46966	0.452028	0.453783	0.44613	0.448059	0.447166	0.483766	0.480752	0.483447	0.48343	0.481612	0.48109	0.507338	0.50216	0.502159	0.497809	0.511692	0.509132	0.451505	0.442613	0.438173	0.436206	0.438907	0.436232
ERR608316-k20-n1-x5e9	0.335393	0.274991	0.271031	0.266334	0.266131	0	0.350325	0.344248	0.352646	0.339905	0.340723	0.341417	0.403513	0.430201	0.393872	0.415587	0.410697	0.412876	0.417745	0.35534	0.349259	0.380048	0.377899	0.381818	0.407089	0.441539	0.460564	0.499672	0.501637	0.499002	0.46503	0.448998	0.442388	0.44096	0.461969	0.457279	0.398998	0.393587	0.409612	0.366644	0.366917	0.457679	0.365808	0.32594	0.326813	0.334419	0.335343	0.338967	0.442124	0.445144	0.446495	0.434717	0.432683	0.432515	0.44182	0.4595	0.46102	0.440724	0.440688	0.441449	0.458159	0.533251	0.461714	0.459346	0.459773	0.460356	0.448837	0.455631	0.460982	0.43424	0.434319	0.4355	0.468113	0.453577	0.455343	0.446133	0.448135	0.447197	0.484556	0.481984	0.484282	0.484151	0.482585	0.482129	0.507758	0.502334	0.502366	0.498099	0.51104	0.508565	0.453091	0.443812	0.439462	0.437741	0.438154	0.435704
ERR608209-k20-n1-x5e9	0.375432	0.34455	0.348794	0.355941	0.349529	0.350325	0	0.28773	0.308911	0.280972	0.277828	0.272233	0.428282	0.396535	0.403457	0.453014	0.441087	0.447025	0.364627	0.365786	0.337999	0.406231	0.402957	0.408351	0.430404	0.4828	0.506865	0.556221	0.558211	0.555384	0.518821	0.498594	0.490828	0.489244	0.513233	0.507312	0.375094	0.414181	0.362316	0.363349	0.361015	0.40352	0.343203	0.329366	0.338343	0.358675	0.359825	0.367153	0.473971	0.480814	0.482582	0.449935	0.448782	0.448999	0.467816	0.508346	0.511057	0.472602	0.471051	0.470447	0.487662	0.525329	0.479585	0.498775	0.49881	0.500698	0.487167	0.49768	0.504335	0.464854	0.46712	0.468666	0.487141	0.499548	0.502326	0.475085	0.47607	0.473764	0.519561	0.523181	0.525959	0.508877	0.509417	0.509864	0.559721	0.54879	0.547675	0.540312	0.555228	0.551621	0.507201	0.494588	0.488924	0.481297	0.467712	0.467945
ERR608210-k20-n1-x5e9	0.413623	0.350925	0.343871	0.341812	0.341456	0.344248	0.28773	0	0.260677	0.262119	0.263702	0.266505	0.390133	0.432998	0.381395	0.410776	0.403831	0.406717	0.41079	0.328528	0.324082	0.354802	0.35331	0.357162	0.380096	0.418491	0.44033	0.492149	0.494192	0.491187	0.465868	0.448959	0.442263	0.43843	0.468673	0.462386	0.404694	0.373103	0.405076	0.348192	0.348327	0.457425	0.38314	0.327439	0.32426	0.329306	0.329963	0.334424	0.457006	0.456117	0.459834	0.448616	0.446851	0.446281	0.4747	0.474161	0.475547	0.46193	0.462107	0.462092	0.471653	0.558741	0.478839	0.475239	0.475263	0.476373	0.46385	0.466524	0.47578	0.450421	0.449024	0.449624	0.503274	0.471753	0.472826	0.469256	0.470695	0.469395	0.494071	0.491354	0.49754	0.488122	0.485673	0.485594	0.525955	0.519186	0.519334	0.511864	0.531433	0.527645	0.477029	0.469753	0.467606	0.464957	0.475381	0.471394
ERR608211-k20-n1-x5e9	0.433441	0.364049	0.353396	0.346963	0.349265	0.352646	0.308911	0.260677	0	0.269602	0.273098	0.278897	0.381482	0.450449	0.379873	0.399136	0.394836	0.396404	0.4343	0.323673	0.330925	0.341079	0.340432	0.343356	0.365435	0.395787	0.415734	0.467449	0.469552	0.466627	0.446665	0.431457	0.425417	0.420763	0.452869	0.446653	0.419761	0.362298	0.426511	0.350251	0.35148	0.481245	0.404492	0.337905	0.330275	0.327996	0.328391	0.330907	0.453867	0.449957	0.454306	0.453686	0.451863	0.450493	0.481759	0.464472	0.465272	0.463658	0.464394	0.464625	0.471588	0.574231	0.484543	0.470587	0.47046	0.471238	0.458411	0.457614	0.467447	0.449297	0.446826	0.447098	0.512219	0.464258	0.46465	0.472358	0.47349	0.472165	0.486602	0.481152	0.488441	0.483055	0.479475	0.47909	0.513817	0.508912	0.509368	0.502296	0.523042	0.51933	0.469195	0.464659	0.463617	0.464123	0.483144	0.47754
ERR608212-k20-n1-x5e9	0.40224	0.347025	0.342989	0.340021	0.338749	0.339905	0.280972	0.262119	0.269602	0	0.257572	0.260301	0.390207	0.417825	0.377328	0.409998	0.401798	0.4057	0.405546	0.332269	0.326409	0.359774	0.357715	0.361855	0.380471	0.425454	0.448704	0.498873	0.500927	0.498196	0.467066	0.448202	0.441479	0.43913	0.465003	0.458967	0.387473	0.371895	0.394138	0.342327	0.342311	0.446606	0.369882	0.322397	0.321802	0.327649	0.328221	0.332103	0.451256	0.45273	0.455217	0.444696	0.443495	0.442785	0.467986	0.479068	0.480774	0.462005	0.461387	0.46144	0.474741	0.551221	0.478561	0.476557	0.476766	0.477959	0.459766	0.464673	0.47198	0.445557	0.446065	0.44661	0.492436	0.472362	0.474081	0.465822	0.466829	0.465209	0.489392	0.488788	0.493118	0.482536	0.481718	0.481802	0.521621	0.513136	0.5132	0.506276	0.522468	0.518901	0.479487	0.470793	0.468151	0.466481	0.468678	0.465644
ERR608213-k20-n1-x5e9	0.399508	0.346343	0.343453	0.341442	0.339519	0.340723	0.277828	0.263702	0.273098	0.257572	0	0.2596	0.392245	0.413461	0.377687	0.412718	0.404005	0.408097	0.401453	0.335127	0.326821	0.364429	0.362045	0.36629	0.384533	0.431068	0.454546	0.504648	0.506772	0.503954	0.471236	0.45188	0.444837	0.442768	0.468147	0.462163	0.383965	0.374282	0.389244	0.342407	0.34209	0.441178	0.366121	0.321881	0.322446	0.33001	0.330786	0.33485	0.453329	0.455543	0.457674	0.445468	0.444153	0.443496	0.468228	0.482924	0.484788	0.463831	0.463177	0.463202	0.477179	0.549132	0.479684	0.479762	0.480062	0.481121	0.46194	0.467585	0.474624	0.447192	0.447863	0.448675	0.492114	0.475621	0.477363	0.467292	0.468139	0.46656	0.4919	0.492047	0.495986	0.48456	0.484033	0.484014	0.525037	0.515908	0.51586	0.508932	0.524771	0.521074	0.483175	0.474073	0.471283	0.469146	0.469051	0.466228
ERR608214-k20-n1-x5e9	0.393455	0.343997	0.34282	0.343132	0.340166	0.341417	0.272233	0.266505	0.278897	0.260301	0.2596	0	0.400794	0.409871	0.383528	0.423254	0.413455	0.418138	0.390521	0.340349	0.326405	0.373455	0.370759	0.375451	0.396203	0.444049	0.467696	0.517992	0.520017	0.517246	0.484156	0.464597	0.457459	0.455367	0.481054	0.474992	0.382254	0.383851	0.381416	0.346548	0.345458	0.431606	0.36093	0.322264	0.324863	0.33616	0.33683	0.341906	0.457864	0.460987	0.463264	0.444873	0.443647	0.443215	0.467852	0.48782	0.489798	0.46468	0.463867	0.463818	0.478105	0.543349	0.478149	0.483462	0.483504	0.484917	0.468089	0.474934	0.482195	0.451045	0.452062	0.45291	0.490993	0.480632	0.482605	0.468133	0.469429	0.467443	0.498979	0.499771	0.503783	0.490786	0.490098	0.490238	0.534225	0.524791	0.524501	0.517338	0.533509	0.529824	0.488272	0.478208	0.474772	0.471059	0.468301	0.466404
ERR610253-k20-n1-x5e9	0.480053	0.421776	0.410611	0.396638	0.402034	0.403513	0.428282	0.390133	0.381482	0.390207	0.392245	0.400794	0	0.381931	0.248524	0.245295	0.238945	0.241433	0.488368	0.340873	0.371063	0.327914	0.326894	0.32691	0.306258	0.350157	0.377141	0.436031	0.438321	0.434919	0.380636	0.360788	0.351189	0.350187	0.379059	0.372914	0.406042	0.324414	0.458792	0.346873	0.349512	0.51974	0.428076	0.36287	0.351503	0.333033	0.332356	0.329224	0.4248	0.420303	0.421303	0.461857	0.459908	0.457743	0.518197	0.497188	0.496845	0.515345	0.5163	0.517767	0.495602	0.60594	0.515149	0.474375	0.475245	0.4747	0.424984	0.422126	0.42477	0.436006	0.433044	0.432743	0.536132	0.486003	0.486266	0.512295	0.513856	0.514138	0.408599	0.408987	0.412705	0.409644	0.406746	0.406895	0.454228	0.443879	0.441717	0.43428	0.454001	0.450155	0.494961	0.494942	0.494009	0.505956	0.52591	0.519274
ERR610254-k20-n1-x5e9	0.416526	0.424752	0.434513	0.438489	0.432074	0.430201	0.396535	0.432998	0.450449	0.417825	0.413461	0.409871	0.381931	0	0.338829	0.411696	0.39042	0.401925	0.392218	0.423501	0.400897	0.452879	0.44847	0.452986	0.448984	0.519546	0.549345	0.602226	0.604335	0.601395	0.537779	0.512201	0.501404	0.504051	0.520822	0.514983	0.334886	0.435706	0.361244	0.387983	0.383468	0.394314	0.350879	0.377922	0.390465	0.408079	0.408453	0.413054	0.473378	0.486489	0.484492	0.4629	0.462547	0.463137	0.504431	0.573431	0.57606	0.537427	0.535419	0.535477	0.527752	0.524393	0.513417	0.529686	0.530383	0.532178	0.491326	0.50814	0.507771	0.475821	0.480663	0.482412	0.498552	0.549746	0.553429	0.523367	0.525108	0.52325	0.490368	0.505956	0.50354	0.47481	0.479147	0.480615	0.557733	0.537703	0.53342	0.524956	0.535175	0.531158	0.565809	0.55278	0.545413	0.544345	0.514224	0.516903
ERR610255-k20-n1-x5e9	0.455063	0.406784	0.400094	0.391031	0.393085	0.393872	0.403457	0.381395	0.379873	0.377328	0.377687	0.383528	0.248524	0.338829	0	0.272587	0.257341	0.26485	0.455675	0.341386	0.357629	0.343506	0.340971	0.342807	0.327514	0.38617	0.415762	0.475699	0.478018	0.474577	0.414391	0.391098	0.380123	0.38053	0.407562	0.400969	0.37364	0.332779	0.42285	0.333469	0.333985	0.48286	0.398245	0.346853	0.341322	0.332344	0.332122	0.331634	0.421899	0.421955	0.422544	0.448336	0.446522	0.444801	0.5049	0.506208	0.506761	0.509879	0.510254	0.511442	0.49137	0.581633	0.503103	0.475949	0.476859	0.477037	0.427814	0.430805	0.432903	0.432062	0.430898	0.430871	0.518255	0.490576	0.49165	0.503585	0.505203	0.504825	0.41549	0.42104	0.42334	0.410771	0.409693	0.410261	0.471131	0.456976	0.454102	0.445759	0.464208	0.460084	0.502814	0.498863	0.496255	0.504806	0.513339	0.508752
ERR610256-k20-n1-x5e9	0.495919	0.437933	0.425212	0.407245	0.414642	0.415587	0.453014	0.410776	0.399136	0.409998	0.412718	0.423254	0.245295	0.411696	0.272587	0	0.236306	0.233436	0.51856	0.357852	0.396966	0.3329	0.3322	0.330859	0.300127	0.333314	0.357108	0.407706	0.40974	0.406654	0.353062	0.336631	0.328647	0.328951	0.350094	0.345175	0.425907	0.328444	0.487634	0.36515	0.369162	0.547797	0.448292	0.381349	0.368275	0.34226	0.341206	0.336023	0.429986	0.424548	0.42394	0.477867	0.476031	0.473429	0.528746	0.499194	0.498548	0.526207	0.526816	0.529109	0.509621	0.62414	0.531977	0.481382	0.482268	0.481283	0.425665	0.420565	0.420382	0.443217	0.440299	0.439982	0.546595	0.488735	0.488697	0.523164	0.524194	0.525008	0.406385	0.404194	0.405918	0.414248	0.411522	0.411328	0.437806	0.429716	0.428507	0.42372	0.438704	0.435698	0.494872	0.49706	0.497313	0.513012	0.535906	0.528715
ERR610257-k20-n1-x5e9	0.485982	0.431092	0.419888	0.403698	0.409877	0.410697	0.441087	0.403831	0.394836	0.401798	0.404005	0.413455	0.238945	0.39042	0.257341	0.236306	0	0.233917	0.503341	0.352681	0.386929	0.333799	0.332393	0.331889	0.303776	0.34687	0.373438	0.427531	0.429816	0.426498	0.369104	0.350086	0.340651	0.34141	0.364044	0.358517	0.410811	0.327462	0.47163	0.355991	0.358929	0.532177	0.4348	0.37172	0.360231	0.337977	0.337294	0.333239	0.425289	0.421402	0.420831	0.469368	0.467465	0.465166	0.523287	0.502837	0.502509	0.523674	0.524156	0.526237	0.505266	0.613451	0.524955	0.479598	0.480409	0.47984	0.423445	0.420576	0.420719	0.438074	0.435843	0.435575	0.53928	0.490424	0.490745	0.519415	0.520465	0.521107	0.404036	0.404647	0.406269	0.408324	0.406388	0.406356	0.444369	0.433953	0.43203	0.425968	0.441851	0.438541	0.498672	0.499143	0.498393	0.512487	0.531192	0.524712
ERR610258-k20-n1-x5e9	0.491275	0.434302	0.42212	0.405103	0.411789	0.412876	0.447025	0.406717	0.396404	0.4057	0.408097	0.418138	0.241433	0.401925	0.26485	0.233436	0.233917	0	0.51133	0.354525	0.391645	0.332551	0.331382	0.330612	0.300893	0.338947	0.364191	0.417004	0.419291	0.41595	0.360724	0.342962	0.334297	0.334766	0.357115	0.351716	0.419239	0.327469	0.480176	0.36051	0.364049	0.540556	0.441939	0.376227	0.363901	0.339748	0.338748	0.334017	0.427404	0.422599	0.422036	0.473479	0.471538	0.469118	0.52599	0.500471	0.499956	0.524627	0.525295	0.527342	0.507105	0.61916	0.528305	0.480083	0.48094	0.480137	0.424259	0.420219	0.420182	0.44036	0.437731	0.437553	0.543257	0.489197	0.489386	0.521173	0.522271	0.523058	0.404735	0.403838	0.405549	0.410718	0.408337	0.408154	0.441067	0.431805	0.430213	0.424694	0.440375	0.437241	0.496455	0.49793	0.497708	0.512661	0.533667	0.526833
ERR608227-k20-n1-x5e9	0.395181	0.397673	0.408707	0.427478	0.417109	0.417745	0.364627	0.41079	0.4343	0.405546	0.401453	0.390521	0.488368	0.392218	0.455675	0.51856	0.503341	0.51133	0	0.401877	0.350371	0.454542	0.450977	0.457107	0.514306	0.564764	0.58786	0.636964	0.638643	0.635938	0.606271	0.587253	0.578351	0.577439	0.601675	0.596173	0.413498	0.500896	0.368862	0.441155	0.436629	0.377493	0.357974	0.384577	0.399154	0.432087	0.433952	0.442454	0.528091	0.538286	0.540385	0.483071	0.482064	0.4842	0.512479	0.575545	0.578029	0.527707	0.52762	0.526385	0.527686	0.511802	0.507488	0.549727	0.549963	0.552145	0.546899	0.561259	0.56837	0.518233	0.519549	0.521982	0.522981	0.566718	0.569474	0.529361	0.532342	0.529338	0.571584	0.578726	0.581576	0.556706	0.556473	0.557431	0.631068	0.618674	0.615698	0.607592	0.624171	0.620583	0.576239	0.561848	0.553403	0.540296	0.516067	0.519921
ERR608228-k20-n1-x5e9	0.436075	0.368886	0.35833	0.349233	0.35294	0.35534	0.365786	0.328528	0.323673	0.332269	0.335127	0.340349	0.340873	0.423501	0.341386	0.357852	0.352681	0.354525	0.401877	0	0.268708	0.262152	0.26111	0.263764	0.342528	0.376545	0.398947	0.453378	0.455405	0.452111	0.434497	0.418444	0.411007	0.407949	0.4373	0.431524	0.410175	0.354132	0.43283	0.349311	0.350648	0.489522	0.394994	0.326661	0.317177	0.310522	0.31088	0.312082	0.4402	0.436733	0.440014	0.449347	0.447367	0.445902	0.488612	0.474258	0.474364	0.478314	0.478737	0.479652	0.472438	0.577764	0.487397	0.466159	0.466335	0.466425	0.44266	0.442211	0.450283	0.438844	0.435594	0.435765	0.515454	0.470602	0.471011	0.48325	0.484654	0.484051	0.458046	0.454281	0.460827	0.455467	0.451317	0.451161	0.500755	0.494323	0.493505	0.486548	0.506191	0.502717	0.479073	0.475521	0.474119	0.477955	0.49512	0.489671
ERR608229-k20-n1-x5e9	0.408743	0.351885	0.346821	0.348424	0.347199	0.349259	0.337999	0.324082	0.330925	0.326409	0.326821	0.326405	0.371063	0.400897	0.357629	0.396966	0.386929	0.391645	0.350371	0.268708	0	0.306093	0.303671	0.308438	0.385346	0.426951	0.450063	0.505024	0.507034	0.503823	0.481865	0.464162	0.455849	0.453097	0.483207	0.47714	0.394913	0.385182	0.396735	0.355813	0.35487	0.447688	0.365801	0.315926	0.314272	0.325068	0.326573	0.3316	0.454997	0.455642	0.459765	0.443073	0.441333	0.440966	0.481054	0.490938	0.492048	0.475975	0.476607	0.476758	0.471842	0.551211	0.476264	0.477314	0.477416	0.478274	0.46383	0.468181	0.477277	0.449543	0.447305	0.44842	0.50574	0.486395	0.487674	0.481206	0.483457	0.481867	0.484241	0.483678	0.489871	0.476834	0.473232	0.473464	0.534795	0.52637	0.524731	0.516827	0.537324	0.533534	0.494967	0.487298	0.483217	0.480324	0.486508	0.483611
ERR608230-k20-n1-x5e9	0.470928	0.40101	0.386808	0.369954	0.377361	0.380048	0.406231	0.354802	0.341079	0.359774	0.364429	0.373455	0.327914	0.452879	0.343506	0.3329	0.333799	0.332551	0.454542	0.262152	0.306093	0	0.242643	0.241811	0.314966	0.336958	0.35689	0.407782	0.409734	0.406483	0.394809	0.381461	0.375625	0.372136	0.399426	0.394196	0.435746	0.340825	0.474049	0.362349	0.365671	0.532453	0.431854	0.355699	0.341063	0.319463	0.319088	0.316609	0.436521	0.42933	0.431496	0.465208	0.463351	0.461102	0.506208	0.469524	0.468858	0.492215	0.492315	0.49412	0.484159	0.606424	0.50724	0.466208	0.466417	0.46588	0.433174	0.427146	0.433563	0.439966	0.436017	0.435624	0.532795	0.466375	0.466215	0.496257	0.496677	0.496926	0.440516	0.433621	0.440028	0.443661	0.4391	0.438656	0.473206	0.469223	0.469186	0.463304	0.481576	0.478315	0.4742	0.474883	0.476007	0.486314	0.512972	0.505542
ERR608231-k20-n1-x5e9	0.467557	0.398458	0.384694	0.368223	0.375349	0.377899	0.402957	0.35331	0.340432	0.357715	0.362045	0.370759	0.326894	0.44847	0.340971	0.3322	0.332393	0.331382	0.450977	0.26111	0.303671	0.242643	0	0.242354	0.314871	0.339453	0.360124	0.411096	0.413052	0.409891	0.396357	0.382411	0.376197	0.373155	0.399637	0.394562	0.431614	0.340348	0.470625	0.360196	0.363285	0.528791	0.427264	0.352442	0.338137	0.317344	0.316807	0.314764	0.435557	0.429149	0.431042	0.464136	0.462007	0.459652	0.50501	0.471089	0.470615	0.492294	0.492343	0.49398	0.484761	0.604571	0.506976	0.466879	0.467454	0.466964	0.432449	0.427295	0.433408	0.439012	0.435284	0.434913	0.531384	0.467547	0.467494	0.496023	0.496579	0.4967	0.440056	0.433723	0.439862	0.442709	0.438468	0.438002	0.473782	0.46924	0.469078	0.463291	0.481032	0.477864	0.475572	0.475712	0.47671	0.48689	0.51195	0.504874
ERR608232-k20-n1-x5e9	0.472417	0.403045	0.388909	0.371961	0.379231	0.381818	0.408351	0.357162	0.343356	0.361855	0.36629	0.375451	0.32691	0.452986	0.342807	0.330859	0.331889	0.330612	0.457107	0.263764	0.308438	0.241811	0.242354	0	0.313161	0.335478	0.355459	0.405943	0.407884	0.404707	0.392616	0.379239	0.373224	0.370151	0.396417	0.391418	0.435697	0.340109	0.47593	0.363082	0.366276	0.534162	0.432666	0.357175	0.342335	0.320172	0.319927	0.317143	0.436017	0.42887	0.430794	0.466088	0.464202	0.461842	0.507496	0.470824	0.470324	0.494055	0.494343	0.496011	0.486072	0.607784	0.509198	0.467257	0.467583	0.467054	0.432502	0.426404	0.432518	0.440311	0.436299	0.435933	0.533675	0.467337	0.467233	0.497752	0.498252	0.498495	0.438839	0.432125	0.438196	0.442244	0.437831	0.437391	0.471455	0.467189	0.467118	0.461592	0.479192	0.476001	0.475576	0.476372	0.477611	0.488341	0.514677	0.507212
ERR608257-k20-n1-x5e9	0.493898	0.431295	0.418082	0.397653	0.40565	0.407089	0.430404	0.380096	0.365435	0.380471	0.384533	0.396203	0.306258	0.448984	0.327514	0.300127	0.303776	0.300893	0.514306	0.342528	0.385346	0.314966	0.314871	0.313161	0	0.266059	0.292185	0.348043	0.350174	0.346973	0.352891	0.338291	0.333505	0.332433	0.352144	0.347003	0.432816	0.321605	0.48823	0.360602	0.364481	0.548509	0.448114	0.376142	0.362003	0.332924	0.331833	0.326714	0.422849	0.415279	0.415352	0.469626	0.467734	0.464835	0.516677	0.476625	0.475976	0.505775	0.505544	0.507418	0.497352	0.618599	0.521323	0.47036	0.471116	0.470002	0.419309	0.411765	0.413996	0.435709	0.433146	0.432488	0.537203	0.466907	0.466615	0.503675	0.503462	0.504006	0.406399	0.401214	0.405201	0.412881	0.410479	0.409671	0.43378	0.427465	0.427987	0.422863	0.437601	0.434516	0.47639	0.478432	0.481091	0.496691	0.522274	0.514338
ERR608258-k20-n1-x5e9	0.540195	0.468692	0.451148	0.428534	0.439441	0.441539	0.4828	0.418491	0.395787	0.425454	0.431068	0.444049	0.350157	0.519546	0.38617	0.333314	0.34687	0.338947	0.564764	0.376545	0.426951	0.336958	0.339453	0.335478	0.266059	0	0.2395	0.28018	0.281744	0.279045	0.334316	0.33326	0.333694	0.328708	0.350078	0.346615	0.495763	0.353507	0.544125	0.409664	0.414828	0.602276	0.506028	0.424888	0.406237	0.372829	0.371417	0.364484	0.460637	0.446965	0.448834	0.509468	0.507389	0.504371	0.550031	0.476109	0.47394	0.526246	0.527099	0.529267	0.519864	0.65978	0.551974	0.489965	0.490445	0.488662	0.452107	0.436479	0.441323	0.472944	0.467576	0.466471	0.575912	0.476935	0.474904	0.530009	0.529874	0.530839	0.442969	0.427505	0.434846	0.457898	0.45236	0.450632	0.443076	0.446324	0.449004	0.446628	0.462225	0.460162	0.47882	0.487556	0.493107	0.511552	0.553192	0.543282
ERR608259-k20-n1-x5e9	0.560967	0.488327	0.469943	0.446926	0.458418	0.460564	0.506865	0.44033	0.415734	0.448704	0.454546	0.467696	0.377141	0.549345	0.415762	0.357108	0.373438	0.364191	0.58786	0.398947	0.450063	0.35689	0.360124	0.355459	0.292185	0.2395	0	0.260855	0.26202	0.259808	0.336326	0.340914	0.343387	0.337647	0.357279	0.355144	0.522268	0.374504	0.568469	0.43422	0.439676	0.625274	0.53163	0.449802	0.430312	0.396428	0.394895	0.387763	0.480785	0.46568	0.468107	0.529729	0.527613	0.524567	0.566433	0.482664	0.479787	0.539314	0.540253	0.542685	0.535157	0.678185	0.568989	0.504418	0.504823	0.50275	0.471166	0.453319	0.458677	0.493108	0.487183	0.485834	0.593381	0.486851	0.484077	0.544435	0.544222	0.545449	0.465111	0.446649	0.454516	0.48239	0.475963	0.474073	0.453688	0.460505	0.463841	0.462702	0.477689	0.475968	0.48658	0.497332	0.50385	0.523057	0.569055	0.558457
ERR608260-k20-n1-x5e9	0.597408	0.528976	0.510797	0.486077	0.498288	0.499672	0.556221	0.492149	0.467449	0.498873	0.504648	0.517992	0.436031	0.602226	0.475699	0.407706	0.427531	0.417004	0.636964	0.453378	0.505024	0.407782	0.411096	0.405943	0.348043	0.28018	0.260855	0	0.236952	0.237162	0.344254	0.357789	0.364429	0.36006	0.365124	0.366173	0.567562	0.420189	0.61575	0.483643	0.489374	0.669546	0.576823	0.499981	0.48097	0.445506	0.443593	0.435683	0.522108	0.507027	0.508041	0.574379	0.572385	0.56934	0.599714	0.509262	0.506201	0.572942	0.573217	0.576007	0.575629	0.714605	0.609839	0.541847	0.542214	0.540061	0.510475	0.491377	0.494544	0.535209	0.530012	0.528565	0.624805	0.514418	0.511307	0.577233	0.576068	0.577771	0.510563	0.489521	0.495072	0.532652	0.526857	0.524687	0.474377	0.486423	0.49139	0.494493	0.501237	0.501164	0.511415	0.524494	0.53234	0.554612	0.600585	0.589969
ERR608261-k20-n1-x5e9	0.59918	0.530725	0.512601	0.487902	0.500092	0.501637	0.558211	0.494192	0.469552	0.500927	0.506772	0.520017	0.438321	0.604335	0.478018	0.40974	0.429816	0.419291	0.638643	0.455405	0.507034	0.409734	0.413052	0.407884	0.350174	0.281744	0.26202	0.236952	0	0.236987	0.345562	0.359295	0.366181	0.361699	0.366397	0.367543	0.569438	0.422025	0.617581	0.485568	0.491309	0.671163	0.578807	0.502099	0.483044	0.447576	0.445793	0.437734	0.524059	0.508961	0.509905	0.576212	0.574258	0.571145	0.601244	0.510555	0.507384	0.574304	0.574665	0.577338	0.577268	0.716156	0.611499	0.54355	0.543924	0.541727	0.512346	0.493205	0.496276	0.53701	0.531933	0.530366	0.626218	0.515768	0.51265	0.578503	0.577476	0.579015	0.512423	0.491348	0.49683	0.534611	0.528841	0.526716	0.47567	0.487849	0.49277	0.496011	0.50262	0.502597	0.512866	0.525994	0.533836	0.556013	0.602102	0.591432
ERR608262-k20-n1-x5e9	0.596725	0.528165	0.50997	0.485326	0.497396	0.499002	0.555384	0.491187	0.466627	0.498196	0.503954	0.517246	0.434919	0.601395	0.474577	0.406654	0.426498	0.41595	0.635938	0.452111	0.503823	0.406483	0.409891	0.404707	0.346973	0.279045	0.259808	0.237162	0.236987	0	0.344054	0.357712	0.364065	0.359661	0.36515	0.366134	0.566861	0.419193	0.614868	0.482657	0.488415	0.668757	0.576115	0.498998	0.479974	0.444506	0.442622	0.434803	0.521312	0.506253	0.507229	0.573358	0.57151	0.568426	0.599123	0.508523	0.505549	0.57227	0.572667	0.57538	0.574778	0.714004	0.608986	0.541084	0.541373	0.53919	0.509657	0.490585	0.493678	0.534243	0.52913	0.527605	0.624164	0.513679	0.510608	0.576524	0.575389	0.576972	0.509581	0.488597	0.494162	0.531652	0.525817	0.523603	0.47374	0.485792	0.490619	0.493669	0.500692	0.500608	0.51087	0.523923	0.531698	0.553953	0.6001	0.589457
ERR605665-k20-n1-x5e9	0.553991	0.49305	0.478011	0.453867	0.464479	0.46503	0.518821	0.465868	0.446665	0.467066	0.471236	0.484156	0.380636	0.537779	0.414391	0.353062	0.369104	0.360724	0.606271	0.434497	0.481865	0.394809	0.396357	0.392616	0.352891	0.334316	0.336326	0.344254	0.345562	0.344054	0	0.245277	0.250058	0.248937	0.25532	0.254414	0.4977	0.355097	0.555487	0.41671	0.42255	0.612902	0.529217	0.45942	0.443738	0.409639	0.407738	0.399855	0.487223	0.476853	0.475807	0.541739	0.539912	0.536969	0.559945	0.493869	0.491832	0.544171	0.54365	0.546274	0.554323	0.679471	0.583026	0.520523	0.521511	0.519807	0.478362	0.465734	0.465149	0.501192	0.498627	0.497536	0.583858	0.492456	0.490601	0.546031	0.54446	0.546331	0.479723	0.466631	0.467848	0.4982	0.494995	0.493731	0.436259	0.442012	0.445686	0.447975	0.453902	0.453468	0.483361	0.492466	0.498048	0.520772	0.557396	0.547825
ERR605666-k20-n1-x5e9	0.535453	0.476485	0.462623	0.43875	0.448648	0.448998	0.498594	0.448959	0.431457	0.448202	0.45188	0.464597	0.360788	0.512201	0.391098	0.336631	0.350086	0.342962	0.587253	0.418444	0.464162	0.381461	0.382411	0.379239	0.338291	0.33326	0.340914	0.357789	0.359295	0.357712	0.245277	0	0.243118	0.243014	0.250952	0.248711	0.472905	0.3367	0.533023	0.394486	0.39992	0.591627	0.507832	0.440188	0.425529	0.392347	0.390596	0.383026	0.472444	0.463816	0.462254	0.526393	0.524632	0.521621	0.545829	0.489613	0.488153	0.533442	0.532298	0.534843	0.543826	0.664148	0.570242	0.510977	0.51213	0.51063	0.4652	0.45473	0.453704	0.486397	0.484693	0.483905	0.56831	0.484953	0.483692	0.533634	0.531944	0.533787	0.465948	0.455357	0.455902	0.482035	0.479761	0.478639	0.430452	0.432538	0.435941	0.437228	0.442997	0.442091	0.478167	0.48485	0.489975	0.511758	0.543233	0.534226
ERR605667-k20-n1-x5e9	0.527756	0.469195	0.455294	0.432357	0.441847	0.442388	0.490828	0.442263	0.425417	0.441479	0.444837	0.457459	0.351189	0.501404	0.380123	0.328647	0.340651	0.334297	0.578351	0.411007	0.455849	0.375625	0.376197	0.373224	0.333505	0.333694	0.343387	0.364429	0.366181	0.364065	0.250058	0.243118	0	0.242533	0.253304	0.25038	0.462919	0.329988	0.524078	0.386069	0.391479	0.583317	0.498664	0.431246	0.416607	0.384487	0.382634	0.375525	0.465965	0.457812	0.456189	0.519189	0.517426	0.514466	0.540033	0.488123	0.486841	0.529956	0.528985	0.531457	0.538507	0.657805	0.564434	0.506201	0.507186	0.505812	0.459008	0.449352	0.448237	0.479775	0.478046	0.477161	0.562023	0.482246	0.48111	0.529564	0.52811	0.529797	0.459252	0.449863	0.450124	0.474715	0.472363	0.471347	0.428705	0.429861	0.43201	0.432927	0.439604	0.438561	0.476492	0.48272	0.486381	0.507897	0.53827	0.529593
ERR605668-k20-n1-x5e9	0.528658	0.467617	0.453287	0.430242	0.440066	0.44096	0.489244	0.43843	0.420763	0.43913	0.442768	0.455367	0.350187	0.504051	0.38053	0.328951	0.34141	0.334766	0.577439	0.407949	0.453097	0.372136	0.373155	0.370151	0.332433	0.328708	0.337647	0.36006	0.361699	0.359661	0.248937	0.243014	0.242533	0	0.255819	0.252424	0.466315	0.328652	0.524277	0.385352	0.390868	0.583637	0.500405	0.430559	0.415438	0.383324	0.381478	0.374454	0.466178	0.457173	0.456176	0.517905	0.516005	0.513165	0.539504	0.482587	0.481057	0.526143	0.525428	0.527754	0.534443	0.657416	0.561454	0.50273	0.503681	0.502257	0.459355	0.448802	0.448898	0.479375	0.477301	0.476348	0.563027	0.478793	0.477345	0.527053	0.52579	0.527524	0.460591	0.450024	0.451449	0.475701	0.472766	0.471794	0.430046	0.432111	0.434453	0.434494	0.443499	0.442317	0.471867	0.478761	0.482829	0.503701	0.537147	0.528059
ERR605669-k20-n1-x5e9	0.542806	0.489924	0.477451	0.452698	0.462407	0.461969	0.513233	0.468673	0.452869	0.465003	0.468147	0.481054	0.379059	0.520822	0.407562	0.350094	0.364044	0.357115	0.601675	0.4373	0.483207	0.399426	0.399637	0.396417	0.352144	0.350078	0.357279	0.365124	0.366397	0.36515	0.25532	0.250952	0.253304	0.255819	0	0.242663	0.47904	0.354105	0.545694	0.410384	0.41574	0.602964	0.515891	0.454284	0.440805	0.406959	0.404973	0.397068	0.482093	0.475281	0.471936	0.539962	0.538193	0.535228	0.554562	0.506345	0.504994	0.547379	0.544961	0.547816	0.560981	0.673005	0.585672	0.525824	0.527013	0.525551	0.473421	0.463982	0.460308	0.496226	0.495835	0.494976	0.573183	0.498033	0.497093	0.544528	0.54183	0.543875	0.473343	0.463993	0.462033	0.491037	0.490037	0.489147	0.433164	0.434818	0.438	0.44138	0.438873	0.43876	0.493762	0.499721	0.504232	0.527612	0.551518	0.543176
ERR605670-k20-n1-x5e9	0.538513	0.484963	0.472468	0.44793	0.457377	0.457279	0.507312	0.462386	0.446653	0.458967	0.462163	0.474992	0.372914	0.514983	0.400969	0.345175	0.358517	0.351716	0.596173	0.431524	0.47714	0.394196	0.394562	0.391418	0.347003	0.346615	0.355144	0.366173	0.367543	0.366134	0.254414	0.248711	0.25038	0.252424	0.242663	0	0.473888	0.34815	0.539729	0.403827	0.409107	0.59735	0.510838	0.448647	0.435133	0.401657	0.39962	0.391904	0.477884	0.470883	0.467633	0.53491	0.533227	0.530159	0.55037	0.502236	0.501101	0.542797	0.54043	0.543183	0.556046	0.6688	0.580722	0.521593	0.522639	0.521238	0.469877	0.460617	0.457301	0.492117	0.491724	0.490808	0.569438	0.493971	0.49313	0.540013	0.53741	0.539249	0.469485	0.460397	0.458764	0.486531	0.485596	0.484526	0.431543	0.432615	0.43582	0.438671	0.437447	0.437072	0.489688	0.495551	0.499944	0.52295	0.547189	0.538781
ERR607242-k20-n1-x5e9	0.39775	0.397631	0.405638	0.406405	0.4015	0.398998	0.375094	0.404694	0.419761	0.387473	0.383965	0.382254	0.406042	0.334886	0.37364	0.425907	0.410811	0.419239	0.413498	0.410175	0.394913	0.435746	0.431614	0.435697	0.432816	0.495763	0.522268	0.567562	0.569438	0.566861	0.4977	0.472905	0.462919	0.466315	0.47904	0.473888	0	0.366717	0.312535	0.316136	0.313	0.360364	0.350104	0.363974	0.373907	0.387358	0.387195	0.391372	0.469462	0.481177	0.478665	0.466621	0.465715	0.465912	0.469425	0.535402	0.538053	0.502125	0.498722	0.499556	0.514099	0.529464	0.504153	0.512776	0.513452	0.515029	0.469384	0.484262	0.483721	0.454747	0.460295	0.46136	0.481577	0.523588	0.526424	0.501707	0.501905	0.500347	0.500313	0.510446	0.507578	0.491607	0.495058	0.495802	0.52219	0.50539	0.502062	0.496463	0.501885	0.498754	0.525955	0.513169	0.505862	0.507669	0.477812	0.480135
ERR607243-k20-n1-x5e9	0.47397	0.414214	0.403219	0.386405	0.392553	0.393587	0.414181	0.373103	0.362298	0.371895	0.374282	0.383851	0.324414	0.435706	0.332779	0.328444	0.327462	0.327469	0.500896	0.354132	0.385182	0.340825	0.340348	0.340109	0.321605	0.353507	0.374504	0.420189	0.422025	0.419193	0.355097	0.3367	0.329988	0.328652	0.354105	0.34815	0.366717	0	0.417712	0.28025	0.284633	0.483761	0.435284	0.370122	0.35946	0.339257	0.338057	0.335345	0.438206	0.433425	0.434071	0.472084	0.470064	0.467859	0.491125	0.463774	0.463793	0.482402	0.481562	0.483167	0.490636	0.601778	0.510176	0.47049	0.471128	0.47097	0.42778	0.424126	0.427242	0.434904	0.433964	0.433505	0.522289	0.462226	0.46224	0.490069	0.489308	0.489719	0.449099	0.445177	0.447993	0.453074	0.451171	0.450711	0.437258	0.431165	0.431471	0.426642	0.441737	0.438733	0.458257	0.457683	0.458586	0.471932	0.493403	0.486263
ERR607244-k20-n1-x5e9	0.396097	0.396486	0.407382	0.419336	0.410524	0.409612	0.362316	0.405076	0.426511	0.394138	0.389244	0.381416	0.458792	0.361244	0.42285	0.487634	0.47163	0.480176	0.368862	0.43283	0.396735	0.474049	0.470625	0.47593	0.48823	0.544125	0.568469	0.61575	0.617581	0.614868	0.555487	0.533023	0.524078	0.524277	0.545694	0.539729	0.312535	0.417712	0	0.347918	0.342947	0.303215	0.359186	0.379638	0.393848	0.420222	0.421335	0.428443	0.507073	0.517755	0.51834	0.474611	0.473767	0.474949	0.475713	0.544617	0.547759	0.495507	0.493373	0.492588	0.511693	0.507084	0.493589	0.52724	0.527573	0.530112	0.514106	0.529393	0.534201	0.487515	0.491396	0.493593	0.495719	0.539969	0.542792	0.503654	0.504726	0.502251	0.552133	0.560215	0.56106	0.538951	0.540698	0.541584	0.57745	0.562752	0.560277	0.552502	0.565822	0.562018	0.537792	0.522314	0.514084	0.505143	0.475545	0.479129
ERR607245-k20-n1-x5e9	0.425953	0.377783	0.373535	0.36542	0.366092	0.366644	0.363349	0.348192	0.350251	0.342327	0.342407	0.346548	0.346873	0.387983	0.333469	0.36515	0.355991	0.36051	0.441155	0.349311	0.355813	0.362349	0.360196	0.363082	0.360602	0.409664	0.43422	0.483643	0.485568	0.482657	0.41671	0.394486	0.386069	0.385352	0.410384	0.403827	0.316136	0.28025	0.347918	0	0.255863	0.411961	0.384572	0.338857	0.336934	0.334476	0.334185	0.335956	0.442431	0.444115	0.444631	0.452044	0.450251	0.44902	0.463209	0.472841	0.47436	0.463688	0.461424	0.462305	0.477264	0.558902	0.484615	0.470448	0.471135	0.471896	0.439284	0.444368	0.448423	0.431945	0.433134	0.433674	0.49356	0.469211	0.470426	0.471409	0.470946	0.47019	0.470499	0.471754	0.473797	0.466666	0.466669	0.466777	0.475062	0.464575	0.463793	0.457215	0.472021	0.46852	0.466539	0.459161	0.45646	0.46123	0.464182	0.460425
ERR607246-k20-n1-x5e9	0.423137	0.376724	0.37345	0.366042	0.36644	0.366917	0.361015	0.348327	0.35148	0.342311	0.34209	0.345458	0.349512	0.383468	0.333985	0.369162	0.358929	0.364049	0.436629	0.350648	0.35487	0.365671	0.363285	0.366276	0.364481	0.414828	0.439676	0.489374	0.491309	0.488415	0.42255	0.39992	0.391479	0.390868	0.41574	0.409107	0.313	0.284633	0.342947	0.255863	0	0.406322	0.381044	0.338223	0.337026	0.3363	0.335942	0.338445	0.443928	0.446069	0.446587	0.451515	0.449751	0.448753	0.463604	0.475883	0.477399	0.464695	0.462431	0.463119	0.47822	0.556669	0.484422	0.472483	0.473254	0.473944	0.441427	0.446975	0.451187	0.432966	0.434618	0.434963	0.493398	0.472005	0.473493	0.472495	0.472009	0.471124	0.472965	0.474599	0.476518	0.468531	0.468461	0.46859	0.479049	0.468161	0.467319	0.460597	0.475288	0.471729	0.46935	0.461624	0.458613	0.4629	0.464184	0.460902
ERR607247-k20-n1-x5e9	0.416649	0.438716	0.453256	0.46953	0.458727	0.457679	0.40352	0.457425	0.481245	0.446606	0.441178	0.431606	0.51974	0.394314	0.48286	0.547797	0.532177	0.540556	0.377493	0.489522	0.447688	0.532453	0.528791	0.534162	0.548509	0.602276	0.625274	0.669546	0.671163	0.668757	0.612902	0.591627	0.583317	0.583637	0.602964	0.59735	0.360364	0.483761	0.303215	0.411961	0.406322	0	0.389473	0.431615	0.448246	0.4775	0.478828	0.486535	0.554243	0.566572	0.566753	0.514064	0.513368	0.515169	0.509156	0.588791	0.592179	0.532271	0.52989	0.528775	0.550367	0.510341	0.526806	0.570065	0.570571	0.57278	0.562241	0.579133	0.583382	0.532524	0.537317	0.539538	0.526143	0.585222	0.588579	0.541821	0.542929	0.540037	0.601072	0.610085	0.610341	0.58655	0.588835	0.589864	0.627628	0.612879	0.610353	0.602639	0.614349	0.61078	0.582001	0.565568	0.55668	0.544627	0.507455	0.512976
ERR608525-k20-n1-x5e9	0.344502	0.354372	0.366726	0.375647	0.367449	0.365808	0.343203	0.38314	0.404492	0.369882	0.366121	0.36093	0.428076	0.350879	0.398245	0.448292	0.4348	0.441939	0.357974	0.394994	0.365801	0.431854	0.427264	0.432666	0.448114	0.506028	0.53163	0.576823	0.578807	0.576115	0.529217	0.507832	0.498664	0.500405	0.515891	0.510838	0.350104	0.435284	0.359186	0.384572	0.381044	0.389473	0	0.303106	0.3186	0.344323	0.345843	0.352778	0.480702	0.492688	0.491219	0.461186	0.460577	0.461559	0.474607	0.540454	0.543585	0.500078	0.498082	0.498457	0.511109	0.517571	0.49734	0.517858	0.518452	0.520298	0.492647	0.508651	0.510002	0.471943	0.476409	0.478337	0.481506	0.526681	0.529721	0.496701	0.498051	0.496532	0.517814	0.526481	0.524814	0.508381	0.510933	0.511515	0.564197	0.550512	0.547867	0.542272	0.550676	0.547866	0.53086	0.516935	0.509095	0.504072	0.47445	0.47778
