	ERR608293-k20-n1-x5e9	ERR608294-k20-n1-x5e9	ERR608295-k20-n1-x5e9	ERR608296-k20-n1-x5e9	ERR608297-k20-n1-x5e9	ERR608298-k20-n1-x5e9	ERR610193-k20-n1-x5e9	ERR610194-k20-n1-x5e9	ERR610195-k20-n1-x5e9	ERR610196-k20-n1-x5e9	ERR610197-k20-n1-x5e9	ERR610198-k20-n1-x5e9	ERR608817-k20-n1-x5e9	ERR608818-k20-n1-x5e9	ERR608819-k20-n1-x5e9	ERR608820-k20-n1-x5e9	ERR608821-k20-n1-x5e9	ERR608822-k20-n1-x5e9	ERR605665-k20-n1-x5e9	ERR605666-k20-n1-x5e9	ERR605667-k20-n1-x5e9	ERR605668-k20-n1-x5e9	ERR605669-k20-n1-x5e9	ERR605670-k20-n1-x5e9	ERR607397-k20-n1-x5e9	ERR607398-k20-n1-x5e9	ERR607399-k20-n1-x5e9	ERR607400-k20-n1-x5e9	ERR607401-k20-n1-x5e9	ERR607402-k20-n1-x5e9	ERR605737-k20-n1-x5e9	ERR605738-k20-n1-x5e9	ERR605739-k20-n1-x5e9	ERR605740-k20-n1-x5e9	ERR605741-k20-n1-x5e9	ERR605742-k20-n1-x5e9	ERR608659-k20-n1-x5e9	ERR608660-k20-n1-x5e9	ERR608661-k20-n1-x5e9	ERR608662-k20-n1-x5e9	ERR608663-k20-n1-x5e9	ERR608664-k20-n1-x5e9	ERR609881-k20-n1-x5e9	ERR609882-k20-n1-x5e9	ERR609883-k20-n1-x5e9	ERR609884-k20-n1-x5e9	ERR609885-k20-n1-x5e9	ERR609886-k20-n1-x5e9	ERR608787-k20-n1-x5e9	ERR608788-k20-n1-x5e9	ERR608789-k20-n1-x5e9	ERR608790-k20-n1-x5e9	ERR608791-k20-n1-x5e9	ERR608792-k20-n1-x5e9	ERR608389-k20-n1-x5e9	ERR608390-k20-n1-x5e9	ERR608391-k20-n1-x5e9	ERR608392-k20-n1-x5e9	ERR608393-k20-n1-x5e9	ERR608394-k20-n1-x5e9	ERR605988-k20-n1-x5e9	ERR605989-k20-n1-x5e9	ERR605990-k20-n1-x5e9	ERR605991-k20-n1-x5e9	ERR605992-k20-n1-x5e9	ERR605993-k20-n1-x5e9	ERR605659-k20-n1-x5e9	ERR605660-k20-n1-x5e9	ERR605661-k20-n1-x5e9	ERR605662-k20-n1-x5e9	ERR605663-k20-n1-x5e9	ERR605664-k20-n1-x5e9	ERR605976-k20-n1-x5e9	ERR605977-k20-n1-x5e9	ERR605978-k20-n1-x5e9	ERR605979-k20-n1-x5e9	ERR605980-k20-n1-x5e9	ERR605981-k20-n1-x5e9	ERR605611-k20-n1-x5e9	ERR605612-k20-n1-x5e9	ERR605613-k20-n1-x5e9	ERR605614-k20-n1-x5e9	ERR605615-k20-n1-x5e9	ERR605616-k20-n1-x5e9	ERR608215-k20-n1-x5e9	ERR608216-k20-n1-x5e9	ERR608217-k20-n1-x5e9	ERR608218-k20-n1-x5e9	ERR608219-k20-n1-x5e9	ERR608220-k20-n1-x5e9	ERR607311-k20-n1-x5e9	ERR607312-k20-n1-x5e9	ERR607313-k20-n1-x5e9	ERR607314-k20-n1-x5e9	ERR607315-k20-n1-x5e9	ERR607316-k20-n1-x5e9
ERR608293-k20-n1-x5e9	0	0.296746	0.315177	0.341206	0.339976	0.345677	0.603971	0.544718	0.57893	0.611068	0.610449	0.611821	0.335276	0.397615	0.41303	0.345083	0.347574	0.341108	0.55119	0.527625	0.517195	0.519386	0.536794	0.531323	0.375388	0.460643	0.47699	0.386779	0.391451	0.379473	0.405482	0.389265	0.378998	0.374414	0.387447	0.383702	0.375115	0.377042	0.379428	0.449885	0.447809	0.445986	0.347439	0.346096	0.348764	0.493349	0.473849	0.470058	0.489206	0.500823	0.499191	0.468861	0.468402	0.469898	0.459778	0.487456	0.503464	0.505305	0.507419	0.488634	0.498695	0.550664	0.554051	0.52143	0.523454	0.5211	0.527678	0.514182	0.509723	0.509458	0.51275	0.510265	0.515552	0.594399	0.598422	0.537484	0.537562	0.535268	0.512089	0.503023	0.50074	0.494573	0.508187	0.505202	0.570143	0.581664	0.581566	0.521148	0.524806	0.519654	0.490633	0.503412	0.501953	0.478621	0.481751	0.484533
ERR608294-k20-n1-x5e9	0.296746	0	0.248469	0.260637	0.260239	0.26403	0.549849	0.557445	0.535275	0.553721	0.553622	0.554406	0.333785	0.332306	0.340485	0.317706	0.316641	0.319649	0.473038	0.450325	0.440043	0.440414	0.465127	0.458922	0.340677	0.383805	0.396884	0.327021	0.330291	0.32438	0.343846	0.337752	0.332905	0.329346	0.347768	0.34567	0.368663	0.362641	0.375831	0.378356	0.376568	0.375626	0.369403	0.358008	0.349041	0.419601	0.405078	0.402088	0.450408	0.453545	0.454813	0.447625	0.446273	0.446148	0.442476	0.442922	0.451077	0.452393	0.453514	0.445051	0.497921	0.500503	0.502617	0.492357	0.494788	0.493221	0.47833	0.470778	0.468524	0.468415	0.476344	0.474311	0.477247	0.530615	0.534237	0.483301	0.484241	0.482083	0.469177	0.465957	0.465944	0.460677	0.478966	0.476279	0.509609	0.51893	0.520231	0.4691	0.472704	0.468319	0.456005	0.45969	0.461431	0.458446	0.456225	0.455458
ERR608295-k20-n1-x5e9	0.315177	0.248469	0	0.250318	0.250147	0.253153	0.544607	0.569596	0.533958	0.546723	0.546843	0.547445	0.343987	0.324254	0.329666	0.323432	0.321315	0.327005	0.456225	0.434169	0.42372	0.423757	0.45021	0.444057	0.340299	0.368747	0.380135	0.320414	0.322948	0.319537	0.335964	0.333638	0.33007	0.327681	0.346279	0.344559	0.378998	0.371266	0.386839	0.367491	0.366081	0.36546	0.383629	0.370392	0.358324	0.404639	0.392381	0.389678	0.445543	0.446321	0.448209	0.448811	0.446992	0.446623	0.444967	0.438243	0.443451	0.44464	0.44511	0.440414	0.50402	0.493623	0.495254	0.492473	0.495133	0.493875	0.471452	0.465981	0.46418	0.464487	0.472799	0.471002	0.471453	0.517097	0.520472	0.473834	0.475092	0.473317	0.461933	0.460261	0.460311	0.455787	0.474666	0.471899	0.497255	0.505826	0.507534	0.459688	0.46311	0.459182	0.453059	0.453704	0.456225	0.459903	0.456195	0.454432
ERR608296-k20-n1-x5e9	0.341206	0.260637	0.250318	0	0.239855	0.239673	0.5475	0.593095	0.542408	0.544773	0.545406	0.54559	0.355697	0.315213	0.317253	0.335178	0.33175	0.340626	0.427157	0.405675	0.396133	0.396135	0.421379	0.41536	0.332886	0.342735	0.353066	0.309954	0.310838	0.311451	0.32529	0.328087	0.328116	0.328283	0.340941	0.340474	0.399717	0.390349	0.408904	0.353762	0.353412	0.353117	0.407469	0.391563	0.3733	0.379187	0.369197	0.366571	0.437575	0.435906	0.437233	0.453885	0.45186	0.451057	0.448	0.432967	0.434138	0.436036	0.435492	0.435103	0.512623	0.486841	0.488161	0.495924	0.4978	0.497074	0.461519	0.45891	0.458367	0.460334	0.46478	0.464088	0.460538	0.497085	0.500471	0.460013	0.461169	0.459788	0.447668	0.447814	0.448951	0.446126	0.462146	0.460049	0.477453	0.485612	0.487162	0.444356	0.447321	0.444037	0.449388	0.446953	0.448611	0.463837	0.459338	0.456235
ERR608297-k20-n1-x5e9	0.339976	0.260239	0.250147	0.239855	0	0.240131	0.547981	0.592312	0.542972	0.545442	0.546008	0.546189	0.354919	0.315447	0.317614	0.335011	0.330997	0.339963	0.428444	0.407028	0.397325	0.397281	0.422337	0.416175	0.33268	0.344093	0.354571	0.31037	0.311044	0.311548	0.325425	0.327719	0.327676	0.327894	0.339662	0.339697	0.398389	0.389291	0.407669	0.35402	0.353304	0.353361	0.406199	0.390658	0.372112	0.380135	0.36967	0.367328	0.437709	0.436239	0.437616	0.453757	0.451899	0.450919	0.447487	0.433292	0.434348	0.436497	0.435702	0.4351	0.512079	0.487495	0.488785	0.495888	0.497726	0.49697	0.461884	0.458985	0.458626	0.460435	0.464718	0.463812	0.460357	0.498036	0.501487	0.460311	0.461541	0.459954	0.448124	0.448103	0.449227	0.446304	0.462211	0.460194	0.478416	0.486544	0.488106	0.4452	0.448138	0.444718	0.449479	0.447112	0.448481	0.463443	0.458978	0.455911
ERR608298-k20-n1-x5e9	0.345677	0.26403	0.253153	0.239673	0.240131	0	0.552027	0.599532	0.547729	0.54805	0.548824	0.548819	0.358596	0.315444	0.316856	0.339084	0.335004	0.344564	0.422609	0.401182	0.391769	0.391987	0.416166	0.410274	0.331462	0.338563	0.348908	0.308578	0.309064	0.310646	0.323599	0.326904	0.327973	0.328865	0.338654	0.339258	0.40474	0.395496	0.414145	0.353166	0.352904	0.352681	0.411944	0.395871	0.376049	0.375133	0.365317	0.362897	0.436382	0.434358	0.435464	0.455638	0.453671	0.452689	0.448719	0.43322	0.433315	0.43565	0.434537	0.434937	0.514807	0.487785	0.488983	0.498213	0.500069	0.499445	0.460594	0.458339	0.458178	0.460598	0.46365	0.463088	0.45837	0.494485	0.497785	0.458463	0.459306	0.458089	0.444329	0.444461	0.446042	0.443681	0.458608	0.456515	0.474124	0.482216	0.483627	0.441694	0.444478	0.441272	0.449536	0.446345	0.447482	0.465445	0.460902	0.457491
ERR610193-k20-n1-x5e9	0.603971	0.549849	0.544607	0.5475	0.547981	0.552027	0	0.42844	0.274066	0.269581	0.26779	0.269539	0.542555	0.49889	0.494389	0.498474	0.498527	0.50386	0.559583	0.557587	0.555406	0.546991	0.581242	0.576656	0.60024	0.572606	0.566379	0.562407	0.565391	0.562075	0.555638	0.560814	0.561962	0.549356	0.590572	0.585961	0.480421	0.472054	0.479047	0.474758	0.471622	0.471601	0.570172	0.565337	0.570867	0.557986	0.566549	0.568801	0.662957	0.655324	0.663666	0.641159	0.641058	0.640425	0.617318	0.593363	0.595295	0.590561	0.593992	0.593863	0.613666	0.552426	0.551676	0.558552	0.561103	0.56108	0.599113	0.60125	0.602166	0.593943	0.626361	0.622276	0.667938	0.627645	0.627709	0.625123	0.626731	0.624282	0.697853	0.710391	0.7155	0.711403	0.735563	0.733971	0.656599	0.651023	0.654986	0.680587	0.681883	0.682249	0.632895	0.625951	0.639466	0.627864	0.62122	0.620135
ERR610194-k20-n1-x5e9	0.544718	0.557445	0.569596	0.593095	0.592312	0.599532	0.42844	0	0.37837	0.462842	0.459506	0.464076	0.519333	0.562931	0.573517	0.500955	0.505968	0.498158	0.684702	0.672015	0.666653	0.663778	0.685944	0.681323	0.613138	0.656532	0.662229	0.602336	0.607957	0.595527	0.603094	0.591545	0.584336	0.570231	0.607061	0.600806	0.443296	0.448639	0.433251	0.571775	0.567861	0.566216	0.508902	0.517519	0.541059	0.65589	0.648562	0.647947	0.694178	0.699219	0.702872	0.649564	0.650086	0.651459	0.622905	0.639569	0.655713	0.65278	0.658034	0.639353	0.600897	0.630013	0.632566	0.590743	0.593329	0.591139	0.65939	0.648415	0.646093	0.637503	0.662927	0.657925	0.702298	0.725776	0.727955	0.690315	0.690205	0.687139	0.731437	0.733419	0.735875	0.728864	0.750414	0.747971	0.737397	0.739687	0.740825	0.731081	0.733405	0.731173	0.663502	0.671221	0.679413	0.638189	0.639505	0.643066
ERR610195-k20-n1-x5e9	0.57893	0.535275	0.533958	0.542408	0.542972	0.547729	0.274066	0.37837	0	0.29995	0.29711	0.300449	0.52321	0.497918	0.497609	0.481002	0.48246	0.485005	0.583058	0.577033	0.573509	0.56666	0.598788	0.593915	0.591614	0.581694	0.579125	0.557902	0.561871	0.55594	0.552226	0.553149	0.552107	0.53833	0.581305	0.576144	0.453409	0.446866	0.449724	0.483061	0.479591	0.479044	0.543346	0.540732	0.550657	0.57157	0.575372	0.576869	0.660229	0.655589	0.663009	0.631473	0.631579	0.631323	0.607178	0.592054	0.598167	0.593572	0.597807	0.592551	0.599756	0.559215	0.559398	0.55254	0.555208	0.554644	0.602831	0.601469	0.601426	0.592637	0.625145	0.620644	0.667109	0.643815	0.644514	0.630852	0.63222	0.629568	0.697025	0.707217	0.711944	0.70683	0.731686	0.729724	0.66813	0.664952	0.668279	0.68336	0.685001	0.684585	0.629248	0.625714	0.638608	0.618926	0.613557	0.613639
ERR610196-k20-n1-x5e9	0.611068	0.553721	0.546723	0.544773	0.545442	0.54805	0.269581	0.462842	0.29995	0	0.256642	0.256346	0.540999	0.488303	0.482086	0.500785	0.499803	0.506534	0.527901	0.528253	0.527225	0.518975	0.550049	0.546269	0.590321	0.553009	0.545374	0.553391	0.555584	0.554048	0.547243	0.554989	0.557453	0.547019	0.582775	0.579124	0.492588	0.483264	0.493753	0.457785	0.45563	0.455766	0.579429	0.572402	0.572646	0.533136	0.544338	0.546881	0.653898	0.645401	0.653015	0.640463	0.640329	0.639264	0.611999	0.584519	0.583885	0.579385	0.582164	0.584627	0.609765	0.539181	0.538174	0.55501	0.55674	0.557336	0.585056	0.589501	0.590921	0.58452	0.612428	0.609411	0.654095	0.60605	0.605873	0.610696	0.612105	0.610187	0.685615	0.699486	0.704972	0.702358	0.723435	0.722325	0.637505	0.631074	0.634449	0.66948	0.670195	0.671187	0.624745	0.616259	0.628396	0.6249	0.618019	0.616291
ERR610197-k20-n1-x5e9	0.610449	0.553622	0.546843	0.545406	0.546008	0.548824	0.26779	0.459506	0.29711	0.256642	0	0.256552	0.541334	0.489613	0.483584	0.500763	0.499905	0.506481	0.531967	0.532125	0.530875	0.522527	0.554089	0.550226	0.591627	0.55555	0.548001	0.554816	0.557014	0.555274	0.54872	0.556216	0.558403	0.547813	0.583988	0.580341	0.491732	0.482399	0.492677	0.45977	0.45743	0.457693	0.578955	0.572194	0.572893	0.536458	0.547415	0.55	0.655475	0.647123	0.654804	0.640907	0.640866	0.639932	0.613267	0.586342	0.58592	0.581404	0.584133	0.586367	0.610799	0.541505	0.540381	0.556346	0.558139	0.558706	0.587451	0.591576	0.593017	0.586376	0.614714	0.611529	0.656272	0.609163	0.608927	0.613119	0.614617	0.612597	0.687724	0.70145	0.706845	0.704058	0.725411	0.724331	0.640181	0.633893	0.637219	0.671345	0.672129	0.673055	0.626013	0.617681	0.630074	0.625597	0.618845	0.61715
ERR610198-k20-n1-x5e9	0.611821	0.554406	0.547445	0.54559	0.546189	0.548819	0.269539	0.464076	0.300449	0.256346	0.256552	0	0.542192	0.489301	0.483012	0.50173	0.500836	0.507802	0.529031	0.529553	0.528489	0.520039	0.551504	0.54763	0.591603	0.554245	0.546474	0.55469	0.55696	0.555202	0.548495	0.556253	0.558712	0.548139	0.584001	0.580501	0.493813	0.484289	0.49487	0.458729	0.456495	0.456813	0.580729	0.573629	0.57397	0.534536	0.545814	0.548346	0.655221	0.64676	0.654383	0.641366	0.641426	0.640331	0.613483	0.585993	0.585276	0.580836	0.583492	0.586093	0.611409	0.540798	0.539727	0.55662	0.558514	0.558951	0.586728	0.591222	0.592642	0.58624	0.61428	0.611221	0.65571	0.607303	0.607075	0.612235	0.613754	0.611744	0.687047	0.700958	0.706409	0.703765	0.724883	0.723799	0.638668	0.632174	0.635527	0.670711	0.671385	0.672408	0.62586	0.617237	0.62958	0.626041	0.619094	0.617343
ERR608817-k20-n1-x5e9	0.335276	0.333785	0.343987	0.355697	0.354919	0.358596	0.542555	0.519333	0.52321	0.540999	0.541334	0.542192	0	0.316657	0.332455	0.281804	0.282258	0.279784	0.490913	0.469285	0.459783	0.462889	0.475287	0.47074	0.343496	0.412183	0.426393	0.352229	0.356085	0.345353	0.377955	0.367148	0.360368	0.357876	0.365817	0.363397	0.350539	0.349694	0.359135	0.391555	0.389628	0.388087	0.359383	0.35142	0.340758	0.435436	0.41898	0.415734	0.477352	0.485957	0.483528	0.471596	0.471182	0.471172	0.438922	0.457901	0.470708	0.472477	0.474243	0.458365	0.472733	0.507434	0.510464	0.488058	0.489263	0.488449	0.487662	0.477633	0.474667	0.475961	0.475275	0.473646	0.492021	0.553156	0.556984	0.50797	0.507607	0.505694	0.500345	0.497477	0.497882	0.495416	0.503597	0.502275	0.53531	0.544499	0.54338	0.50989	0.512089	0.508976	0.470847	0.480395	0.477824	0.467785	0.469841	0.470529
ERR608818-k20-n1-x5e9	0.397615	0.332306	0.324254	0.315213	0.315447	0.315444	0.49889	0.562931	0.497918	0.488303	0.489613	0.489301	0.316657	0	0.258597	0.295024	0.290225	0.302116	0.400085	0.382489	0.374102	0.374687	0.394605	0.389769	0.338665	0.336135	0.343012	0.316287	0.317124	0.317245	0.338329	0.343607	0.344755	0.34472	0.356828	0.356559	0.386722	0.377168	0.397908	0.323257	0.322522	0.322203	0.415084	0.399181	0.37871	0.356616	0.350982	0.349558	0.452329	0.45024	0.451439	0.469601	0.468246	0.466799	0.442126	0.425507	0.426341	0.427655	0.427377	0.426435	0.495022	0.462705	0.463412	0.47578	0.476689	0.477039	0.445441	0.445305	0.445023	0.447157	0.451155	0.45055	0.465539	0.485802	0.488693	0.459791	0.460311	0.459297	0.46956	0.474709	0.4774	0.477097	0.489225	0.488321	0.474954	0.48028	0.480424	0.46727	0.46879	0.467226	0.450808	0.44774	0.448904	0.466828	0.462395	0.458938
ERR608819-k20-n1-x5e9	0.41303	0.340485	0.329666	0.317253	0.317614	0.316856	0.494389	0.573517	0.497609	0.482086	0.483584	0.483012	0.332455	0.258597	0	0.30754	0.301966	0.315157	0.388694	0.372544	0.364808	0.364641	0.386799	0.381829	0.347685	0.330786	0.335052	0.320367	0.320446	0.322694	0.340063	0.348209	0.350399	0.35059	0.363971	0.364008	0.399265	0.388973	0.410272	0.319316	0.318462	0.319045	0.428903	0.412325	0.391359	0.349443	0.346768	0.345901	0.454078	0.449629	0.451902	0.474387	0.473013	0.471331	0.449412	0.426293	0.424248	0.425677	0.424987	0.427536	0.503505	0.459195	0.459646	0.478624	0.479807	0.48008	0.443935	0.445577	0.445821	0.448029	0.453349	0.452869	0.466859	0.478089	0.480662	0.45677	0.457703	0.456706	0.47015	0.476767	0.479795	0.479645	0.492947	0.491971	0.46907	0.473165	0.473901	0.465592	0.467036	0.465763	0.453765	0.448088	0.45014	0.472393	0.466602	0.462676
ERR608820-k20-n1-x5e9	0.345083	0.317706	0.323432	0.335178	0.335011	0.339084	0.498474	0.500955	0.481002	0.500785	0.500763	0.50173	0.281804	0.295024	0.30754	0	0.263648	0.264503	0.474163	0.453658	0.444693	0.445315	0.465804	0.460373	0.354488	0.401083	0.412347	0.343191	0.347403	0.338204	0.36406	0.35628	0.351626	0.345494	0.366703	0.363098	0.335429	0.330844	0.342734	0.366908	0.364043	0.362923	0.357503	0.348324	0.343231	0.421715	0.40889	0.406476	0.473925	0.478396	0.479323	0.462786	0.462047	0.462261	0.437653	0.44486	0.456009	0.456572	0.458898	0.445837	0.474296	0.485828	0.488282	0.470479	0.471897	0.471307	0.474452	0.465819	0.463805	0.462702	0.47154	0.468984	0.492739	0.537892	0.541299	0.495206	0.495259	0.493055	0.501279	0.500986	0.502413	0.498501	0.513947	0.512014	0.526473	0.533641	0.533856	0.503737	0.50649	0.50325	0.464741	0.470534	0.472252	0.461059	0.46078	0.460993
ERR608821-k20-n1-x5e9	0.347574	0.316641	0.321315	0.33175	0.330997	0.335004	0.498527	0.505968	0.48246	0.499803	0.499905	0.500836	0.282258	0.290225	0.301966	0.263648	0	0.265137	0.467274	0.446903	0.437953	0.438645	0.458824	0.453449	0.350304	0.394319	0.405233	0.338754	0.342579	0.333845	0.35978	0.352741	0.348206	0.342708	0.363146	0.359755	0.337693	0.332324	0.345566	0.361408	0.358851	0.357904	0.360456	0.350369	0.343375	0.414845	0.402519	0.400078	0.470675	0.474648	0.475442	0.461923	0.461196	0.461158	0.436327	0.441819	0.451966	0.452672	0.454786	0.442488	0.474536	0.482495	0.48458	0.469655	0.471254	0.470313	0.470045	0.462107	0.460348	0.459625	0.467769	0.465286	0.488588	0.532363	0.535764	0.490436	0.490584	0.488397	0.49691	0.496862	0.49845	0.494682	0.510008	0.508046	0.520872	0.527987	0.528125	0.499345	0.502006	0.498954	0.462334	0.467339	0.469015	0.460094	0.459503	0.459189
ERR608822-k20-n1-x5e9	0.341108	0.319649	0.327005	0.340626	0.339963	0.344564	0.50386	0.498158	0.485005	0.506534	0.506481	0.507802	0.279784	0.302116	0.315157	0.264503	0.265137	0	0.481775	0.461141	0.45219	0.452978	0.4726	0.467209	0.356122	0.407684	0.419292	0.34763	0.351778	0.341755	0.368877	0.359739	0.354491	0.347961	0.368807	0.365089	0.333475	0.329503	0.3402	0.373376	0.370905	0.369589	0.35364	0.345475	0.34136	0.428556	0.415151	0.412741	0.476343	0.481655	0.482379	0.46354	0.462682	0.463095	0.437956	0.448116	0.459944	0.460599	0.463079	0.448641	0.4727	0.489662	0.492008	0.471705	0.473219	0.472323	0.477971	0.468758	0.466583	0.465217	0.474012	0.471198	0.495294	0.543591	0.547025	0.499258	0.499373	0.496973	0.504172	0.503151	0.504465	0.500495	0.515532	0.513612	0.531422	0.538844	0.538972	0.50773	0.510407	0.507072	0.46688	0.473454	0.474981	0.461241	0.46156	0.462127
ERR605665-k20-n1-x5e9	0.55119	0.473038	0.456225	0.427157	0.428444	0.422609	0.559583	0.684702	0.583058	0.527901	0.531967	0.529031	0.490913	0.400085	0.388694	0.474163	0.467274	0.481775	0	0.245277	0.250058	0.248937	0.25532	0.254414	0.439745	0.358941	0.350286	0.411566	0.40789	0.418672	0.388746	0.410238	0.420756	0.427689	0.424207	0.427519	0.535407	0.524627	0.546711	0.388298	0.391316	0.393106	0.547	0.527617	0.499179	0.326889	0.346643	0.348621	0.517672	0.505721	0.506911	0.564831	0.563223	0.560455	0.534846	0.493212	0.477201	0.480115	0.475889	0.494288	0.583858	0.492456	0.490601	0.546031	0.54446	0.546331	0.463896	0.477863	0.482518	0.489711	0.483488	0.486127	0.493188	0.443524	0.443443	0.467065	0.466614	0.46799	0.479552	0.494279	0.500718	0.50695	0.509623	0.510918	0.47075	0.467942	0.467998	0.503334	0.501872	0.504149	0.525329	0.510474	0.510481	0.559843	0.552501	0.546343
ERR605666-k20-n1-x5e9	0.527625	0.450325	0.434169	0.405675	0.407028	0.401182	0.557587	0.672015	0.577033	0.528253	0.532125	0.529553	0.469285	0.382489	0.372544	0.453658	0.446903	0.461141	0.245277	0	0.243118	0.243014	0.250952	0.248711	0.417088	0.344887	0.339252	0.390371	0.386865	0.396993	0.364079	0.384233	0.394921	0.402442	0.397466	0.401054	0.516437	0.506197	0.528102	0.375983	0.378689	0.380373	0.523675	0.503971	0.474911	0.314731	0.330523	0.331762	0.501954	0.491476	0.491949	0.548652	0.547062	0.544263	0.518362	0.480065	0.465745	0.469188	0.46515	0.481166	0.56831	0.484953	0.483692	0.533634	0.531944	0.533787	0.451935	0.463764	0.468471	0.475717	0.468143	0.47067	0.47737	0.441812	0.442637	0.45557	0.454525	0.455737	0.462799	0.475381	0.481816	0.487419	0.490203	0.491232	0.465872	0.465172	0.464837	0.490477	0.489382	0.49104	0.51135	0.498198	0.497582	0.545232	0.53861	0.532579
ERR605667-k20-n1-x5e9	0.517195	0.440043	0.42372	0.396133	0.397325	0.391769	0.555406	0.666653	0.573509	0.527225	0.530875	0.528489	0.459783	0.374102	0.364808	0.444693	0.437953	0.45219	0.250058	0.243118	0	0.242533	0.253304	0.25038	0.407302	0.338104	0.333519	0.381204	0.377698	0.387649	0.355181	0.374975	0.38456	0.392253	0.387886	0.391314	0.508263	0.497781	0.519836	0.369911	0.372571	0.374318	0.514	0.494259	0.464934	0.310413	0.324308	0.325226	0.495125	0.485061	0.485556	0.541226	0.539544	0.53691	0.511345	0.474128	0.460564	0.463807	0.459717	0.475194	0.562023	0.482246	0.48111	0.529564	0.52811	0.529797	0.447974	0.459228	0.462787	0.470095	0.463105	0.465596	0.470781	0.441539	0.442448	0.451956	0.451171	0.45242	0.456861	0.468882	0.474146	0.479575	0.483268	0.484113	0.462922	0.462902	0.462576	0.484389	0.483506	0.484758	0.504944	0.492291	0.49149	0.538569	0.531755	0.52586
ERR605668-k20-n1-x5e9	0.519386	0.440414	0.423757	0.396135	0.397281	0.391987	0.546991	0.663778	0.56666	0.518975	0.522527	0.520039	0.462889	0.374687	0.364641	0.445315	0.438645	0.452978	0.248937	0.243014	0.242533	0	0.255819	0.252424	0.412349	0.340543	0.334835	0.383469	0.380031	0.390118	0.356288	0.376854	0.386541	0.393245	0.391516	0.394785	0.507903	0.497104	0.519154	0.368824	0.371277	0.37322	0.515279	0.495914	0.467431	0.311925	0.327049	0.328559	0.496332	0.485427	0.486571	0.540816	0.538966	0.536414	0.512512	0.473392	0.459344	0.462344	0.458512	0.474574	0.563027	0.478793	0.477345	0.527053	0.52579	0.527524	0.447047	0.4589	0.462817	0.469218	0.46461	0.46682	0.4733	0.43917	0.439984	0.450632	0.450051	0.451055	0.459677	0.472114	0.477781	0.482195	0.487846	0.488552	0.462883	0.462208	0.462333	0.484778	0.484045	0.485358	0.505644	0.492238	0.492489	0.538566	0.531558	0.52547
ERR605669-k20-n1-x5e9	0.536794	0.465127	0.45021	0.421379	0.422337	0.416166	0.581242	0.685944	0.598788	0.550049	0.554089	0.551504	0.475287	0.394605	0.386799	0.465804	0.458824	0.4726	0.25532	0.250952	0.253304	0.255819	0	0.242663	0.420059	0.35247	0.348439	0.399782	0.395923	0.405921	0.377587	0.396136	0.406361	0.415573	0.40202	0.406334	0.52868	0.519082	0.540886	0.388595	0.391691	0.393066	0.533426	0.513638	0.482329	0.321214	0.334722	0.335889	0.509576	0.500486	0.499348	0.560039	0.558571	0.555839	0.525435	0.490703	0.476793	0.480856	0.47637	0.491236	0.573183	0.498033	0.497093	0.544528	0.54183	0.543875	0.461771	0.472946	0.47748	0.486187	0.470641	0.474042	0.480344	0.450216	0.451079	0.464529	0.462458	0.464053	0.46753	0.479979	0.486137	0.493664	0.489255	0.491289	0.471559	0.471453	0.469724	0.499084	0.497464	0.499241	0.519616	0.507255	0.504387	0.554551	0.549021	0.54311
ERR605670-k20-n1-x5e9	0.531323	0.458922	0.444057	0.41536	0.416175	0.410274	0.576656	0.681323	0.593915	0.546269	0.550226	0.54763	0.47074	0.389769	0.381829	0.460373	0.453449	0.467209	0.254414	0.248711	0.25038	0.252424	0.242663	0	0.415658	0.348902	0.344932	0.394613	0.390829	0.40067	0.37117	0.389693	0.399937	0.408785	0.396316	0.400684	0.523432	0.513773	0.535621	0.384569	0.387567	0.38905	0.527715	0.50797	0.476892	0.318531	0.331547	0.332776	0.5055	0.496385	0.495451	0.555195	0.553843	0.551068	0.521179	0.486311	0.472753	0.476635	0.472262	0.487156	0.569438	0.493971	0.49313	0.540013	0.53741	0.539249	0.457742	0.468763	0.473204	0.481728	0.46701	0.470337	0.476836	0.44808	0.44908	0.460554	0.458515	0.460024	0.46381	0.475928	0.482053	0.489051	0.485857	0.487615	0.469403	0.469549	0.468042	0.495237	0.493677	0.495259	0.515827	0.503553	0.500919	0.550383	0.544871	0.538867
ERR607397-k20-n1-x5e9	0.375388	0.340677	0.340299	0.332886	0.33268	0.331462	0.60024	0.613138	0.591614	0.590321	0.591627	0.591603	0.343496	0.338665	0.347685	0.354488	0.350304	0.356122	0.439745	0.417088	0.407302	0.412349	0.420059	0.415658	0	0.302687	0.31977	0.26403	0.264432	0.262045	0.350524	0.348501	0.346832	0.352741	0.342061	0.344013	0.426701	0.422389	0.438389	0.391459	0.39138	0.390637	0.410806	0.395224	0.368252	0.387643	0.371455	0.368131	0.412716	0.41848	0.413591	0.441772	0.440615	0.439504	0.40859	0.411653	0.416448	0.420697	0.419512	0.412461	0.467359	0.47527	0.477711	0.477008	0.477635	0.47782	0.438148	0.43285	0.43131	0.437694	0.424334	0.425432	0.4234	0.487683	0.491719	0.44538	0.445413	0.444799	0.416122	0.413757	0.414272	0.41551	0.416887	0.41653	0.456915	0.468588	0.466616	0.426171	0.427814	0.424846	0.429339	0.433373	0.426339	0.44792	0.447569	0.444783
ERR607398-k20-n1-x5e9	0.460643	0.383805	0.368747	0.342735	0.344093	0.338563	0.572606	0.656532	0.581694	0.553009	0.55555	0.554245	0.412183	0.336135	0.330786	0.401083	0.394319	0.407684	0.358941	0.344887	0.338104	0.340543	0.35247	0.348902	0.302687	0	0.242231	0.277655	0.273938	0.285492	0.353632	0.36825	0.373501	0.380991	0.376226	0.379594	0.479377	0.469622	0.491422	0.363146	0.365069	0.365707	0.485245	0.465999	0.436211	0.333184	0.333757	0.333144	0.424902	0.416381	0.41624	0.474624	0.472801	0.470472	0.447072	0.413018	0.402516	0.406028	0.402468	0.414845	0.516347	0.453574	0.453459	0.492322	0.492736	0.494068	0.422509	0.430276	0.431974	0.439379	0.431583	0.434019	0.428652	0.429906	0.432148	0.422106	0.423135	0.423894	0.413316	0.422501	0.425847	0.430822	0.435208	0.435755	0.408953	0.414253	0.413893	0.409759	0.409789	0.410021	0.443521	0.43316	0.430598	0.478596	0.471586	0.465301
ERR607399-k20-n1-x5e9	0.47699	0.396884	0.380135	0.353066	0.354571	0.348908	0.566379	0.662229	0.579125	0.545374	0.548001	0.546474	0.426393	0.343012	0.335052	0.412347	0.405233	0.419292	0.350286	0.339252	0.333519	0.334835	0.348439	0.344932	0.31977	0.242231	0	0.29044	0.28666	0.29916	0.362886	0.379566	0.385639	0.392701	0.389476	0.392983	0.489553	0.479129	0.501263	0.364356	0.366207	0.367287	0.499324	0.479788	0.450828	0.332199	0.337015	0.336952	0.434129	0.423371	0.424575	0.484168	0.482354	0.479683	0.457861	0.419148	0.406454	0.409438	0.405417	0.421151	0.526363	0.453495	0.452755	0.497416	0.49806	0.499418	0.425767	0.435615	0.437565	0.444811	0.438991	0.441568	0.436847	0.424719	0.426386	0.42475	0.426209	0.427148	0.421598	0.432597	0.436455	0.441504	0.446985	0.44744	0.406837	0.41027	0.410473	0.415452	0.415088	0.415986	0.451	0.438724	0.437262	0.4872	0.479107	0.472796
ERR607400-k20-n1-x5e9	0.386779	0.327021	0.320414	0.309954	0.31037	0.308578	0.562407	0.602336	0.557902	0.553391	0.554816	0.55469	0.352229	0.316287	0.320367	0.343191	0.338754	0.34763	0.411566	0.390371	0.381204	0.383469	0.399782	0.394613	0.26403	0.277655	0.29044	0	0.246753	0.24773	0.332072	0.335185	0.335973	0.339486	0.340549	0.342248	0.417072	0.409582	0.427894	0.362784	0.362419	0.362217	0.41302	0.395935	0.372175	0.3642	0.353295	0.351041	0.406771	0.406312	0.405307	0.434412	0.432781	0.431629	0.408165	0.395086	0.395766	0.399134	0.397915	0.396443	0.471355	0.448556	0.450207	0.459743	0.460879	0.461018	0.418383	0.416353	0.416043	0.42033	0.416923	0.417197	0.420483	0.462931	0.466426	0.425724	0.42617	0.425394	0.412826	0.414312	0.416565	0.416105	0.425703	0.424659	0.43944	0.448498	0.448103	0.414149	0.416197	0.413645	0.421957	0.420266	0.418034	0.442295	0.438675	0.434723
ERR607401-k20-n1-x5e9	0.391451	0.330291	0.322948	0.310838	0.311044	0.309064	0.565391	0.607957	0.561871	0.555584	0.557014	0.55696	0.356085	0.317124	0.320446	0.347403	0.342579	0.351778	0.40789	0.386865	0.377698	0.380031	0.395923	0.390829	0.264432	0.273938	0.28666	0.246753	0	0.248373	0.332151	0.336176	0.33711	0.341356	0.341282	0.342571	0.422127	0.414493	0.43303	0.362587	0.36271	0.362564	0.41763	0.400394	0.37611	0.361012	0.350536	0.348242	0.406148	0.405323	0.40407	0.436337	0.434697	0.433168	0.409807	0.395461	0.39551	0.398965	0.397716	0.396992	0.474073	0.449244	0.450678	0.462345	0.463158	0.463482	0.418093	0.416716	0.41649	0.421152	0.416677	0.417213	0.418829	0.460032	0.463637	0.424337	0.424675	0.423913	0.410798	0.412326	0.414529	0.414669	0.423455	0.422557	0.436827	0.445833	0.445398	0.412194	0.414306	0.411733	0.422138	0.41973	0.417048	0.44394	0.440109	0.436153
ERR607402-k20-n1-x5e9	0.379473	0.32438	0.319537	0.311451	0.311548	0.310646	0.562075	0.595527	0.55594	0.554048	0.555274	0.555202	0.345353	0.317245	0.322694	0.338204	0.333845	0.341755	0.418672	0.396993	0.387649	0.390118	0.405921	0.40067	0.262045	0.285492	0.29916	0.24773	0.248373	0	0.333733	0.334828	0.335033	0.338162	0.339035	0.339949	0.410219	0.403543	0.421068	0.364933	0.364419	0.364143	0.404803	0.388271	0.365633	0.36933	0.357585	0.354942	0.406842	0.407779	0.406179	0.431363	0.429969	0.428756	0.404403	0.395139	0.39728	0.400947	0.399965	0.396435	0.465789	0.449499	0.451395	0.456777	0.45782	0.457898	0.419935	0.416485	0.416137	0.420152	0.416438	0.416274	0.421369	0.468078	0.47179	0.428344	0.428537	0.427521	0.41508	0.415416	0.417362	0.416821	0.426198	0.425012	0.444796	0.45423	0.45369	0.417635	0.419783	0.416857	0.421128	0.420767	0.418283	0.439233	0.436513	0.432744
ERR605737-k20-n1-x5e9	0.405482	0.343846	0.335964	0.32529	0.325425	0.323599	0.555638	0.603094	0.552226	0.547243	0.54872	0.548495	0.377955	0.338329	0.340063	0.36406	0.35978	0.368877	0.388746	0.364079	0.355181	0.356288	0.377587	0.37117	0.350524	0.353632	0.362886	0.332072	0.332151	0.333733	0	0.247125	0.25249	0.257474	0.262371	0.262799	0.426139	0.41905	0.436622	0.370449	0.370732	0.370845	0.397724	0.380381	0.356465	0.341896	0.331421	0.328946	0.456657	0.455508	0.455104	0.480631	0.4788	0.477536	0.461927	0.448181	0.446623	0.450491	0.449221	0.449819	0.511687	0.484236	0.485415	0.495746	0.496028	0.495877	0.434021	0.431168	0.432302	0.435812	0.434702	0.434309	0.442016	0.481158	0.484328	0.443224	0.442381	0.441498	0.424165	0.423663	0.426583	0.423848	0.43714	0.435292	0.487342	0.494522	0.494947	0.464578	0.466377	0.463871	0.470329	0.467713	0.466761	0.487901	0.485152	0.481461
ERR605738-k20-n1-x5e9	0.389265	0.337752	0.333638	0.328087	0.327719	0.326904	0.560814	0.591545	0.553149	0.554989	0.556216	0.556253	0.367148	0.343607	0.348209	0.35628	0.352741	0.359739	0.410238	0.384233	0.374975	0.376854	0.396136	0.389693	0.348501	0.36825	0.379566	0.335185	0.336176	0.334828	0.247125	0	0.247392	0.251499	0.255681	0.255287	0.414438	0.408461	0.424314	0.379345	0.37923	0.379054	0.378549	0.361799	0.339981	0.358512	0.344969	0.34209	0.46038	0.461651	0.460832	0.4785	0.476794	0.475658	0.458748	0.452111	0.453475	0.457523	0.456607	0.453303	0.503819	0.490486	0.492129	0.494106	0.494059	0.493613	0.440206	0.434116	0.43533	0.438196	0.43563	0.434938	0.445544	0.495412	0.498837	0.451335	0.450115	0.44888	0.430292	0.427526	0.429924	0.426218	0.438843	0.436833	0.500532	0.508471	0.508621	0.473552	0.475793	0.472613	0.472552	0.472418	0.471079	0.486133	0.484629	0.481566
ERR605739-k20-n1-x5e9	0.378998	0.332905	0.33007	0.328116	0.327676	0.327973	0.561962	0.584336	0.552107	0.557453	0.558403	0.558712	0.360368	0.344755	0.350399	0.351626	0.348206	0.354491	0.420756	0.394921	0.38456	0.386541	0.406361	0.399937	0.346832	0.373501	0.385639	0.335973	0.33711	0.335033	0.25249	0.247392	0	0.249101	0.256906	0.255454	0.407797	0.402462	0.417712	0.383519	0.382956	0.382707	0.368796	0.353335	0.332206	0.366994	0.352199	0.349008	0.460016	0.462292	0.461415	0.474984	0.473263	0.47236	0.455765	0.452249	0.454919	0.458675	0.458129	0.453482	0.499639	0.493351	0.494977	0.49394	0.494235	0.493766	0.44362	0.437146	0.436313	0.439319	0.437991	0.436979	0.447004	0.50141	0.504979	0.456011	0.455017	0.453697	0.432529	0.428995	0.430353	0.426424	0.440011	0.437878	0.504095	0.512602	0.512796	0.474988	0.47735	0.474018	0.47132	0.472216	0.471052	0.482869	0.481553	0.478859
ERR605740-k20-n1-x5e9	0.374414	0.329346	0.327681	0.328283	0.327894	0.328865	0.549356	0.570231	0.53833	0.547019	0.547813	0.548139	0.357876	0.34472	0.35059	0.345494	0.342708	0.347961	0.427689	0.402442	0.392253	0.393245	0.415573	0.408785	0.352741	0.380991	0.392701	0.339486	0.341356	0.338162	0.257474	0.251499	0.249101	0	0.262223	0.259981	0.397707	0.39264	0.406801	0.382879	0.381781	0.381284	0.360713	0.346242	0.328936	0.374188	0.359659	0.35672	0.464064	0.466566	0.466228	0.473275	0.471608	0.47106	0.455933	0.452789	0.456875	0.459913	0.459707	0.453978	0.497213	0.491122	0.492809	0.488786	0.489348	0.488575	0.445705	0.438448	0.437584	0.438903	0.44159	0.439796	0.453421	0.50584	0.509316	0.459163	0.458165	0.456695	0.441089	0.437962	0.439435	0.434341	0.450358	0.447891	0.510295	0.518296	0.518755	0.480777	0.483327	0.479882	0.47278	0.474075	0.474079	0.481063	0.479874	0.477899
ERR605741-k20-n1-x5e9	0.387447	0.347768	0.346279	0.340941	0.339662	0.338654	0.590572	0.607061	0.581305	0.582775	0.583988	0.584001	0.365817	0.356828	0.363971	0.366703	0.363146	0.368807	0.424207	0.397466	0.387886	0.391516	0.40202	0.396316	0.342061	0.376226	0.389476	0.340549	0.341282	0.339035	0.262371	0.255681	0.256906	0.262223	0	0.246702	0.425495	0.421179	0.436561	0.396267	0.396409	0.395901	0.379325	0.363475	0.337634	0.369706	0.352569	0.349145	0.463761	0.467503	0.464457	0.486006	0.484474	0.483487	0.462319	0.462559	0.464839	0.469428	0.468032	0.463136	0.503744	0.506255	0.508449	0.505768	0.504271	0.503892	0.451407	0.444014	0.444245	0.449013	0.435765	0.435645	0.444225	0.50637	0.510244	0.459825	0.457379	0.456599	0.430532	0.425213	0.426917	0.424412	0.427871	0.426573	0.507558	0.516846	0.516005	0.478635	0.48039	0.477088	0.478291	0.480214	0.476088	0.492508	0.492673	0.490121
ERR605742-k20-n1-x5e9	0.383702	0.34567	0.344559	0.340474	0.339697	0.339258	0.585961	0.600806	0.576144	0.579124	0.580341	0.580501	0.363397	0.356559	0.364008	0.363098	0.359755	0.365089	0.427519	0.401054	0.391314	0.394785	0.406334	0.400684	0.344013	0.379594	0.392983	0.342248	0.342571	0.339949	0.262799	0.255287	0.255454	0.259981	0.246702	0	0.420626	0.416254	0.431366	0.39607	0.396021	0.395471	0.374396	0.358582	0.334241	0.372694	0.355881	0.352325	0.464973	0.469036	0.46594	0.484684	0.483276	0.482156	0.461307	0.462363	0.465402	0.469793	0.468719	0.463192	0.501849	0.505348	0.507635	0.503165	0.501898	0.501585	0.451651	0.443839	0.444078	0.448369	0.436457	0.436186	0.446344	0.50856	0.512224	0.461281	0.458774	0.457986	0.433261	0.427814	0.429616	0.426811	0.431352	0.429799	0.51016	0.51944	0.518622	0.480812	0.482821	0.479501	0.478443	0.480673	0.476836	0.491141	0.491443	0.489068
ERR608659-k20-n1-x5e9	0.375115	0.368663	0.378998	0.399717	0.398389	0.40474	0.480421	0.443296	0.453409	0.492588	0.491732	0.493813	0.350539	0.386722	0.399265	0.335429	0.337693	0.333475	0.535407	0.516437	0.508263	0.507903	0.52868	0.523432	0.426701	0.479377	0.489553	0.417072	0.422127	0.410219	0.426139	0.414438	0.407797	0.397707	0.425495	0.420626	0	0.273224	0.275134	0.372756	0.368835	0.366938	0.361527	0.358914	0.366752	0.479384	0.466934	0.46498	0.53303	0.538885	0.540057	0.507923	0.50753	0.508455	0.477416	0.4918	0.505625	0.505007	0.508475	0.492028	0.494288	0.519261	0.521486	0.491406	0.492997	0.491153	0.520029	0.509078	0.507011	0.503204	0.517048	0.513262	0.544475	0.587706	0.590628	0.543887	0.54303	0.540289	0.563007	0.562489	0.564122	0.558912	0.575825	0.573717	0.585579	0.591588	0.591884	0.566669	0.569577	0.566167	0.515989	0.523007	0.527382	0.503631	0.504028	0.505991
ERR608660-k20-n1-x5e9	0.377042	0.362641	0.371266	0.390349	0.389291	0.395496	0.472054	0.448639	0.446866	0.483264	0.482399	0.484289	0.349694	0.377168	0.388973	0.330844	0.332324	0.329503	0.524627	0.506197	0.497781	0.497104	0.519082	0.513773	0.422389	0.469622	0.479129	0.409582	0.414493	0.403543	0.41905	0.408461	0.402462	0.39264	0.421179	0.416254	0.273224	0	0.276329	0.359897	0.356228	0.354212	0.364324	0.360292	0.366492	0.469252	0.457634	0.455821	0.527472	0.532253	0.533876	0.503754	0.503266	0.503917	0.474589	0.485279	0.498539	0.497955	0.501213	0.485872	0.493276	0.511849	0.51403	0.486945	0.488761	0.487169	0.513494	0.503132	0.501213	0.497469	0.512343	0.508509	0.539761	0.579032	0.581956	0.537184	0.53653	0.533846	0.557792	0.55812	0.559806	0.554761	0.57235	0.570346	0.577334	0.582943	0.583473	0.559891	0.562667	0.559464	0.51033	0.51641	0.521056	0.499358	0.498864	0.500444
ERR608661-k20-n1-x5e9	0.379428	0.375831	0.386839	0.408904	0.407669	0.414145	0.479047	0.433251	0.449724	0.493753	0.492677	0.49487	0.359135	0.397908	0.410272	0.342734	0.345566	0.3402	0.546711	0.528102	0.519836	0.519154	0.540886	0.535621	0.438389	0.491422	0.501263	0.427894	0.43303	0.421068	0.436622	0.424314	0.417712	0.406801	0.436561	0.431366	0.275134	0.276329	0	0.384691	0.381054	0.37858	0.364304	0.363074	0.373904	0.491541	0.479308	0.477424	0.541394	0.547185	0.548873	0.513432	0.512994	0.513798	0.48497	0.499463	0.51362	0.513045	0.51675	0.499969	0.499312	0.525036	0.527463	0.495351	0.497228	0.495379	0.527558	0.516246	0.51404	0.509697	0.525236	0.521371	0.553721	0.596341	0.599327	0.552219	0.551523	0.548643	0.572225	0.571529	0.573134	0.567548	0.585654	0.583385	0.59485	0.600774	0.601301	0.575362	0.578298	0.574877	0.523492	0.530726	0.535739	0.50933	0.509746	0.511775
ERR608662-k20-n1-x5e9	0.449885	0.378356	0.367491	0.353762	0.35402	0.353166	0.474758	0.571775	0.483061	0.457785	0.45977	0.458729	0.391555	0.323257	0.319316	0.366908	0.361408	0.373376	0.388298	0.375983	0.369911	0.368824	0.388595	0.384569	0.391459	0.363146	0.364356	0.362784	0.362587	0.364933	0.370449	0.379345	0.383519	0.382879	0.396267	0.39607	0.372756	0.359897	0.384691	0	0.252033	0.25238	0.448007	0.431324	0.410663	0.347406	0.349406	0.349712	0.480317	0.474795	0.476896	0.499508	0.498535	0.496657	0.467467	0.441512	0.438258	0.438857	0.438179	0.442194	0.513054	0.459658	0.459613	0.482562	0.483138	0.483613	0.453814	0.456375	0.457507	0.459636	0.464701	0.464374	0.482955	0.480441	0.482399	0.466743	0.46674	0.465716	0.495496	0.504047	0.50805	0.508552	0.520237	0.519757	0.48236	0.484356	0.484839	0.490656	0.491751	0.491062	0.474647	0.467239	0.470369	0.493906	0.48785	0.483763
ERR608663-k20-n1-x5e9	0.447809	0.376568	0.366081	0.353412	0.353304	0.352904	0.471622	0.567861	0.479591	0.45563	0.45743	0.456495	0.389628	0.322522	0.318462	0.364043	0.358851	0.370905	0.391316	0.378689	0.372571	0.371277	0.391691	0.387567	0.39138	0.365069	0.366207	0.362419	0.36271	0.364419	0.370732	0.37923	0.382956	0.381781	0.396409	0.396021	0.368835	0.356228	0.381054	0.252033	0	0.252142	0.445413	0.428863	0.408892	0.349981	0.351577	0.351796	0.480236	0.475068	0.477123	0.498002	0.497024	0.495368	0.466184	0.440583	0.438031	0.438402	0.437847	0.441478	0.511649	0.459374	0.459201	0.481212	0.481623	0.482122	0.453953	0.456446	0.45729	0.459081	0.465099	0.464647	0.483609	0.481812	0.48359	0.46734	0.467457	0.466328	0.496369	0.504916	0.508814	0.509149	0.521392	0.520801	0.483507	0.485456	0.486057	0.491253	0.492351	0.491712	0.474068	0.466995	0.470236	0.492546	0.486344	0.482536
ERR608664-k20-n1-x5e9	0.445986	0.375626	0.36546	0.353117	0.353361	0.352681	0.471601	0.566216	0.479044	0.455766	0.457693	0.456813	0.388087	0.322203	0.319045	0.362923	0.357904	0.369589	0.393106	0.380373	0.374318	0.37322	0.393066	0.38905	0.390637	0.365707	0.367287	0.362217	0.362564	0.364143	0.370845	0.379054	0.382707	0.381284	0.395901	0.395471	0.366938	0.354212	0.37858	0.25238	0.252142	0	0.443657	0.427226	0.407511	0.351011	0.352206	0.352565	0.480564	0.475496	0.477499	0.497964	0.496914	0.495328	0.465747	0.441238	0.43882	0.439187	0.438608	0.4419	0.510696	0.459691	0.459616	0.480772	0.481148	0.48189	0.454544	0.456457	0.457377	0.459087	0.465099	0.464608	0.483962	0.483129	0.485187	0.468117	0.468248	0.46716	0.496935	0.505275	0.509176	0.509548	0.521645	0.521077	0.484748	0.486958	0.487393	0.492025	0.493253	0.492432	0.47393	0.467089	0.470329	0.491954	0.486131	0.482253
ERR609881-k20-n1-x5e9	0.347439	0.369403	0.383629	0.407469	0.406199	0.411944	0.570172	0.508902	0.543346	0.579429	0.578955	0.580729	0.359383	0.415084	0.428903	0.357503	0.360456	0.35364	0.547	0.523675	0.514	0.515279	0.533426	0.527715	0.410806	0.485245	0.499324	0.41302	0.41763	0.404803	0.397724	0.378549	0.368796	0.360713	0.379325	0.374396	0.361527	0.364324	0.364304	0.448007	0.445413	0.443657	0	0.267765	0.280046	0.459793	0.439856	0.436431	0.502697	0.513206	0.512634	0.476778	0.475919	0.477402	0.457311	0.484546	0.500071	0.502037	0.505078	0.48526	0.463304	0.519919	0.522795	0.481999	0.482568	0.480753	0.491903	0.475123	0.471725	0.468934	0.475889	0.471783	0.504208	0.581739	0.585682	0.520478	0.518956	0.516179	0.507659	0.498889	0.498265	0.490341	0.50606	0.502933	0.578842	0.588377	0.588214	0.54017	0.543836	0.53896	0.497558	0.509092	0.510053	0.482076	0.486034	0.488458
