	ERR609081-k20-n1-x5e9	ERR609082-k20-n1-x5e9	ERR609083-k20-n1-x5e9	ERR609084-k20-n1-x5e9	ERR609085-k20-n1-x5e9	ERR609086-k20-n1-x5e9	ERR606716-k20-n1-x5e9	ERR606717-k20-n1-x5e9	ERR606718-k20-n1-x5e9	ERR606719-k20-n1-x5e9	ERR606720-k20-n1-x5e9	ERR606721-k20-n1-x5e9	ERR610247-k20-n1-x5e9	ERR610248-k20-n1-x5e9	ERR610249-k20-n1-x5e9	ERR610250-k20-n1-x5e9	ERR610251-k20-n1-x5e9	ERR610252-k20-n1-x5e9	ERR607457-k20-n1-x5e9	ERR607458-k20-n1-x5e9	ERR607459-k20-n1-x5e9	ERR607460-k20-n1-x5e9	ERR607461-k20-n1-x5e9	ERR607462-k20-n1-x5e9	ERR607248-k20-n1-x5e9	ERR607249-k20-n1-x5e9	ERR607250-k20-n1-x5e9	ERR607251-k20-n1-x5e9	ERR607252-k20-n1-x5e9	ERR607253-k20-n1-x5e9	ERR607627-k20-n1-x5e9	ERR607628-k20-n1-x5e9	ERR607629-k20-n1-x5e9	ERR607630-k20-n1-x5e9	ERR607631-k20-n1-x5e9	ERR607632-k20-n1-x5e9	ERR605866-k20-n1-x5e9	ERR605867-k20-n1-x5e9	ERR605868-k20-n1-x5e9	ERR605869-k20-n1-x5e9	ERR605870-k20-n1-x5e9	ERR605871-k20-n1-x5e9	ERR605787-k20-n1-x5e9	ERR605788-k20-n1-x5e9	ERR605789-k20-n1-x5e9	ERR605790-k20-n1-x5e9	ERR605791-k20-n1-x5e9	ERR605792-k20-n1-x5e9	ERR608913-k20-n1-x5e9	ERR608914-k20-n1-x5e9	ERR608915-k20-n1-x5e9	ERR608916-k20-n1-x5e9	ERR608917-k20-n1-x5e9	ERR608918-k20-n1-x5e9	ERR608603-k20-n1-x5e9	ERR608604-k20-n1-x5e9	ERR608605-k20-n1-x5e9	ERR608606-k20-n1-x5e9	ERR608607-k20-n1-x5e9	ERR608608-k20-n1-x5e9	ERR605934-k20-n1-x5e9	ERR605935-k20-n1-x5e9	ERR605936-k20-n1-x5e9	ERR605937-k20-n1-x5e9	ERR605938-k20-n1-x5e9	ERR605939-k20-n1-x5e9	ERR608799-k20-n1-x5e9	ERR608800-k20-n1-x5e9	ERR608801-k20-n1-x5e9	ERR608802-k20-n1-x5e9	ERR608803-k20-n1-x5e9	ERR608804-k20-n1-x5e9	ERR607995-k20-n1-x5e9	ERR607996-k20-n1-x5e9	ERR607997-k20-n1-x5e9	ERR607998-k20-n1-x5e9	ERR607999-k20-n1-x5e9	ERR608000-k20-n1-x5e9	ERR607983-k20-n1-x5e9	ERR607984-k20-n1-x5e9	ERR607985-k20-n1-x5e9	ERR607986-k20-n1-x5e9	ERR607987-k20-n1-x5e9	ERR607988-k20-n1-x5e9	ERR607609-k20-n1-x5e9	ERR607610-k20-n1-x5e9	ERR607611-k20-n1-x5e9	ERR607612-k20-n1-x5e9	ERR607613-k20-n1-x5e9	ERR607614-k20-n1-x5e9	ERR608215-k20-n1-x5e9	ERR608216-k20-n1-x5e9	ERR608217-k20-n1-x5e9	ERR608218-k20-n1-x5e9	ERR608219-k20-n1-x5e9	ERR608220-k20-n1-x5e9
ERR609081-k20-n1-x5e9	0	0.864171	0.77585	0.755208	0.755717	0.766187	0.985075	0.878841	0.887746	0.922033	0.901313	0.906634	0.889611	0.963204	0.893285	0.881472	0.882287	0.880298	0.956548	0.952084	0.955481	0.931679	0.933195	0.93215	1.00907	0.927554	1.03846	0.956055	0.961523	1.08342	0.887706	0.907	0.904575	0.885263	0.884753	0.883972	1.07441	1.08208	0.960817	0.962144	0.963027	0.965064	1.09076	1.10921	0.984093	1.00821	1.01167	1.01613	1.0669	1.05919	1.05894	1.08979	1.08897	1.08773	0.946398	0.939741	0.940899	0.966206	0.961466	0.966858	1.10668	1.05904	1.05838	1.08713	1.08643	1.08892	1.04535	1.04126	1.0403	1.06236	1.06099	1.05992	1.02844	1.01611	1.01645	1.03874	1.03672	1.03522	1.1181	1.10859	1.1095	1.1486	1.1478	1.14896	1.04851	1.06129	1.06045	1.06037	1.06352	1.0646	1.07128	1.06637	1.06683	1.09493	1.09498	1.0955
ERR609082-k20-n1-x5e9	0.864171	0	0.879533	0.866553	0.865001	0.872851	1.04525	0.962471	0.968155	1.00181	0.974406	0.983754	0.977498	1.02824	0.982898	0.965009	0.964462	0.964037	1.02844	1.02709	1.02628	1.01082	1.01221	1.01215	1.07206	1.00887	1.0947	1.03276	1.03657	1.13212	0.979572	0.991746	0.990471	0.976598	0.976308	0.975402	1.12205	1.12998	1.03378	1.03726	1.03609	1.03666	1.135	1.14856	1.05247	1.06856	1.0696	1.073	1.12583	1.122	1.12191	1.14792	1.14726	1.14619	1.01878	1.01319	1.01326	1.03682	1.03166	1.0376	1.16063	1.11943	1.11821	1.14619	1.14564	1.14735	1.10622	1.10236	1.10153	1.12241	1.12126	1.12137	1.08943	1.08075	1.08102	1.09625	1.0947	1.09475	1.16801	1.16066	1.16076	1.19532	1.1946	1.19519	1.10946	1.1225	1.12255	1.12084	1.12379	1.12351	1.12619	1.12312	1.12274	1.15018	1.14941	1.15117
ERR609083-k20-n1-x5e9	0.77585	0.879533	0	0.773565	0.774664	0.785867	0.98921	0.889899	0.898516	0.930867	0.902275	0.911128	0.905483	0.973503	0.911729	0.889776	0.891143	0.889859	0.964616	0.962098	0.964406	0.940893	0.942575	0.939126	1.01741	0.938293	1.04763	0.96557	0.971271	1.08913	0.900867	0.915657	0.91397	0.898305	0.897624	0.897247	1.08189	1.08908	0.971824	0.973853	0.973525	0.973642	1.0961	1.11475	0.99364	1.01735	1.0195	1.02354	1.07193	1.06845	1.06968	1.09899	1.09939	1.09691	0.957406	0.950749	0.950281	0.976197	0.970764	0.978109	1.11522	1.07123	1.06978	1.09632	1.09518	1.0975	1.05566	1.05069	1.05018	1.07042	1.06923	1.06834	1.03428	1.0268	1.02496	1.04759	1.04636	1.04546	1.12535	1.11571	1.11583	1.15554	1.1539	1.15503	1.05758	1.0701	1.07036	1.06847	1.0697	1.06967	1.07887	1.07205	1.07293	1.10246	1.10455	1.10389
ERR609084-k20-n1-x5e9	0.755208	0.866553	0.773565	0	0.750879	0.763915	0.986875	0.878378	0.887232	0.924206	0.901757	0.907224	0.886571	0.96396	0.892065	0.879664	0.879699	0.877289	0.956213	0.953203	0.955631	0.93129	0.93239	0.933778	1.01149	0.927245	1.03877	0.956934	0.961265	1.08336	0.887781	0.908733	0.907023	0.886128	0.88599	0.886073	1.07388	1.08275	0.958555	0.961998	0.962063	0.962746	1.09091	1.10812	0.984842	1.00866	1.01301	1.01665	1.06721	1.05954	1.05929	1.08912	1.08864	1.08751	0.94637	0.941955	0.942057	0.965398	0.96046	0.968008	1.10614	1.05686	1.05601	1.08595	1.08532	1.08812	1.04634	1.04182	1.04054	1.06082	1.05992	1.05901	1.02781	1.01612	1.01529	1.03811	1.03572	1.03551	1.11763	1.10899	1.10955	1.14944	1.14928	1.14904	1.04969	1.06056	1.06005	1.05895	1.06405	1.06316	1.07369	1.06654	1.06706	1.09499	1.09411	1.09598
ERR609085-k20-n1-x5e9	0.755717	0.865001	0.774664	0.750879	0	0.763924	0.988174	0.878433	0.886075	0.922549	0.901949	0.907658	0.888039	0.962854	0.891893	0.879951	0.880539	0.878177	0.955948	0.953925	0.9553	0.932855	0.933108	0.93384	1.01023	0.928392	1.03783	0.954571	0.960257	1.08224	0.886896	0.907398	0.904823	0.88517	0.884804	0.884541	1.07373	1.08311	0.958598	0.962487	0.962996	0.963891	1.09006	1.10824	0.983573	1.00947	1.01162	1.01722	1.06822	1.05998	1.06029	1.09009	1.08964	1.08788	0.946287	0.941106	0.940825	0.966583	0.959937	0.966729	1.10545	1.05659	1.05627	1.0869	1.08613	1.08792	1.04565	1.0417	1.04106	1.06123	1.0596	1.05886	1.02839	1.01609	1.01634	1.0378	1.03525	1.03344	1.11787	1.10814	1.11002	1.14896	1.14858	1.14921	1.04889	1.06166	1.06025	1.05866	1.06358	1.06279	1.0732	1.067	1.06777	1.09479	1.094	1.0945
ERR609086-k20-n1-x5e9	0.766187	0.872851	0.785867	0.763915	0.763924	0	0.988904	0.884145	0.89486	0.92987	0.901396	0.908876	0.897472	0.96879	0.902846	0.887329	0.886733	0.886745	0.961985	0.958689	0.960568	0.936435	0.938177	0.936842	1.01475	0.936461	1.0434	0.962478	0.967634	1.08733	0.894275	0.912963	0.911069	0.892472	0.892023	0.890789	1.08018	1.08683	0.966955	0.967659	0.969047	0.969644	1.09382	1.11226	0.989009	1.01363	1.01656	1.0212	1.07016	1.06605	1.06691	1.09646	1.09506	1.09341	0.952067	0.949295	0.948597	0.972127	0.965547	0.973201	1.11162	1.06627	1.06596	1.09354	1.092	1.09436	1.05291	1.04788	1.04788	1.06747	1.06584	1.06603	1.03439	1.02362	1.02141	1.04454	1.04214	1.04171	1.12353	1.11456	1.11448	1.15389	1.1525	1.15398	1.05586	1.06822	1.06762	1.06611	1.06937	1.06799	1.07764	1.07178	1.07228	1.10127	1.1018	1.10222
ERR606716-k20-n1-x5e9	0.985075	1.04525	0.98921	0.986875	0.988174	0.988904	0	0.790068	0.791528	0.812016	0.796157	0.807251	1.01194	1.04657	1.00924	0.99044	0.991584	0.988051	1.01226	1.01087	1.01654	0.99772	0.998696	0.997434	0.960342	0.953206	0.985877	0.956118	0.958692	1.01299	0.961762	0.972762	0.974295	0.962133	0.962864	0.963732	1.03242	1.03022	0.978167	0.974722	0.970787	0.969427	1.00562	1.00795	0.954442	0.954575	0.953891	0.952346	1.12309	1.12113	1.11802	1.15808	1.15725	1.15632	1.0272	1.02731	1.02495	1.04999	1.04318	1.05171	1.08259	1.08244	1.08277	1.08811	1.08622	1.08865	1.11497	1.11557	1.11252	1.13351	1.13332	1.13264	1.08578	1.08154	1.074	1.09829	1.1017	1.10164	1.16306	1.1593	1.15694	1.20028	1.19812	1.19962	1.11626	1.12012	1.12147	1.12212	1.12515	1.12588	1.13046	1.12696	1.12422	1.15084	1.14993	1.15102
ERR606717-k20-n1-x5e9	0.878841	0.962471	0.889899	0.878378	0.878433	0.884145	0.790068	0	0.662917	0.717158	0.672324	0.690103	0.897164	0.959808	0.9042	0.873904	0.874538	0.873222	0.922846	0.921332	0.924265	0.904395	0.905239	0.906611	0.92435	0.869171	0.960498	0.893113	0.898491	1.00142	0.86134	0.880199	0.879731	0.858747	0.857771	0.85815	1.01177	1.01658	0.915932	0.915422	0.91082	0.910426	1.00297	1.01539	0.904149	0.915735	0.917412	0.918166	1.04423	1.04174	1.03868	1.07941	1.07797	1.0767	0.921534	0.915808	0.913968	0.954372	0.946822	0.955862	1.04396	1.01345	1.01286	1.0371	1.03408	1.03648	1.02475	1.02235	1.01854	1.04842	1.04893	1.04883	0.99362	0.986329	0.981883	1.00641	1.00628	1.00691	1.10014	1.09271	1.09149	1.13891	1.13629	1.13772	1.02872	1.04228	1.04344	1.04264	1.04511	1.04587	1.04757	1.04268	1.0408	1.07897	1.0775	1.07959
ERR606718-k20-n1-x5e9	0.887746	0.968155	0.898516	0.887232	0.886075	0.89486	0.791528	0.662917	0	0.724574	0.681702	0.704002	0.907137	0.967136	0.912616	0.881113	0.881916	0.881098	0.926911	0.925146	0.929132	0.906398	0.908099	0.906227	0.926372	0.878663	0.96312	0.900966	0.907439	1.00288	0.87029	0.889171	0.889706	0.867962	0.866937	0.867134	1.01525	1.01945	0.919621	0.914906	0.913268	0.912431	1.00431	1.01555	0.906924	0.917566	0.919419	0.921416	1.05061	1.04716	1.04554	1.08553	1.08432	1.08343	0.931191	0.924556	0.922755	0.963673	0.955446	0.964527	1.0481	1.02068	1.02128	1.04025	1.03672	1.04015	1.03427	1.02982	1.02599	1.05544	1.0557	1.05342	0.997354	0.992475	0.985781	1.01388	1.01501	1.01389	1.10493	1.09723	1.09617	1.14318	1.14128	1.14317	1.03678	1.04746	1.04873	1.04915	1.05067	1.05204	1.05176	1.04605	1.04674	1.084	1.08341	1.0838
ERR606719-k20-n1-x5e9	0.922033	1.00181	0.930867	0.924206	0.922549	0.92987	0.812016	0.717158	0.724574	0	0.735981	0.744113	0.950171	0.999626	0.950685	0.931441	0.932929	0.930048	0.962588	0.962093	0.964954	0.943995	0.943596	0.944184	0.942867	0.906666	0.971243	0.919058	0.922004	1.00143	0.905261	0.922999	0.923517	0.905425	0.904601	0.906218	1.01547	1.01478	0.938226	0.933447	0.931022	0.929791	0.995918	1.00118	0.924114	0.933722	0.932746	0.933456	1.08337	1.07845	1.07703	1.11165	1.11202	1.10935	0.973224	0.973437	0.970934	0.999225	0.992212	1.00107	1.05519	1.0405	1.04188	1.05221	1.04996	1.05352	1.06958	1.06682	1.06436	1.08867	1.08791	1.08599	1.03847	1.03067	1.0262	1.05141	1.05274	1.05247	1.1311	1.1254	1.12422	1.16471	1.16321	1.16468	1.07046	1.07965	1.08068	1.0806	1.08278	1.08388	1.08839	1.08234	1.08137	1.11155	1.11128	1.11244
ERR606720-k20-n1-x5e9	0.901313	0.974406	0.902275	0.901757	0.901949	0.901396	0.796157	0.672324	0.681702	0.735981	0	0.712672	0.919083	0.976526	0.923691	0.892138	0.893475	0.890309	0.933911	0.932996	0.93597	0.912891	0.915166	0.913512	0.929308	0.886515	0.966842	0.902445	0.907026	1.00655	0.877778	0.890205	0.891876	0.877233	0.876019	0.876518	1.02043	1.02285	0.92582	0.919584	0.916632	0.91722	1.00734	1.01743	0.9118	0.921866	0.924382	0.926916	1.05751	1.05366	1.05151	1.09012	1.0898	1.08877	0.943233	0.936105	0.933604	0.970884	0.968524	0.971621	1.04979	1.0278	1.02737	1.04294	1.04156	1.04403	1.04035	1.03961	1.03548	1.06506	1.06455	1.06256	1.00456	0.998051	0.992183	1.02464	1.02525	1.02271	1.1106	1.10343	1.1017	1.14677	1.14583	1.14675	1.04336	1.05526	1.05642	1.05614	1.05888	1.06015	1.05955	1.05268	1.05079	1.08974	1.08942	1.08993
ERR606721-k20-n1-x5e9	0.906634	0.983754	0.911128	0.907224	0.907658	0.908876	0.807251	0.690103	0.704002	0.744113	0.712672	0	0.932383	0.983812	0.938086	0.906465	0.907843	0.904465	0.945213	0.942355	0.947855	0.922681	0.924438	0.923455	0.941962	0.898826	0.971545	0.907992	0.913637	1.01166	0.894489	0.898091	0.898704	0.892284	0.891435	0.891767	1.02397	1.02565	0.930783	0.926178	0.924904	0.923949	1.00909	1.02009	0.91947	0.932096	0.932558	0.932767	1.06478	1.06313	1.0606	1.09976	1.09863	1.09796	0.955287	0.951181	0.948596	0.980892	0.972768	0.981239	1.05733	1.03626	1.0366	1.05045	1.04765	1.05167	1.05259	1.04932	1.0466	1.07044	1.07149	1.06905	1.01716	1.00732	0.999519	1.03443	1.03479	1.03453	1.11903	1.11099	1.10994	1.15392	1.15191	1.15439	1.05418	1.065	1.06594	1.06696	1.06538	1.06637	1.07038	1.06376	1.0622	1.09715	1.09931	1.09754
ERR610247-k20-n1-x5e9	0.889611	0.977498	0.905483	0.886571	0.888039	0.897472	1.01194	0.897164	0.907137	0.950171	0.919083	0.932383	0	0.836921	0.742761	0.710553	0.71164	0.711842	0.963031	0.95715	0.961069	0.930761	0.931839	0.931484	1.00773	0.926527	1.03195	0.950224	0.954953	1.08279	0.912343	0.924146	0.923347	0.911878	0.910761	0.909978	1.06768	1.0779	0.940523	0.945257	0.945541	0.946657	1.09406	1.11088	0.981211	1.00562	1.01017	1.01507	1.03987	1.03258	1.03511	1.06993	1.06922	1.06686	0.926013	0.917647	0.918893	0.942672	0.937475	0.946326	1.09054	1.03385	1.0326	1.06455	1.06547	1.06827	1.01919	1.01244	1.01459	1.02953	1.02968	1.02793	0.989125	0.971924	0.972822	1.00156	0.99912	0.997046	1.098	1.09048	1.09326	1.13504	1.13363	1.13518	1.02853	1.03954	1.03897	1.0382	1.0406	1.04027	1.04763	1.04091	1.04312	1.07073	1.07171	1.07178
ERR610248-k20-n1-x5e9	0.963204	1.02824	0.973503	0.96396	0.962854	0.96879	1.04657	0.959808	0.967136	0.999626	0.976526	0.983812	0.836921	0	0.837301	0.81979	0.821126	0.817232	1.01228	1.01042	1.0136	0.993012	0.994032	0.993614	1.05104	0.989681	1.07794	1.01339	1.01852	1.12184	0.971711	0.98776	0.986613	0.971974	0.97169	0.971356	1.11224	1.11819	1.01368	1.01264	1.0127	1.01312	1.12704	1.14003	1.03692	1.05214	1.05406	1.05678	1.09265	1.08654	1.08515	1.12195	1.1229	1.1215	0.990714	0.986062	0.985381	1.01222	1.00646	1.01429	1.14146	1.09751	1.09759	1.12721	1.12627	1.12793	1.07484	1.07316	1.07211	1.09268	1.09144	1.09037	1.0492	1.03861	1.03595	1.05923	1.05803	1.05819	1.14018	1.13199	1.13161	1.17536	1.17409	1.17554	1.07971	1.08868	1.0893	1.08854	1.09295	1.09392	1.09851	1.09546	1.09488	1.11883	1.11879	1.11933
ERR610249-k20-n1-x5e9	0.893285	0.982898	0.911729	0.892065	0.891893	0.902846	1.00924	0.9042	0.912616	0.950685	0.923691	0.938086	0.742761	0.837301	0	0.726193	0.724711	0.722193	0.962551	0.960497	0.961495	0.938202	0.938883	0.939236	1.00695	0.928079	1.03844	0.955344	0.961891	1.0857	0.911266	0.930855	0.92764	0.908958	0.908227	0.90741	1.07205	1.0813	0.952362	0.954601	0.953472	0.955122	1.09396	1.10926	0.985988	1.00617	1.01065	1.01442	1.04497	1.03845	1.03915	1.07128	1.07087	1.07038	0.934058	0.929098	0.929914	0.950869	0.944334	0.95312	1.09445	1.04265	1.04097	1.07391	1.07389	1.07639	1.02447	1.02316	1.0222	1.03743	1.03681	1.03535	0.995837	0.982716	0.982551	1.0112	1.00709	1.0061	1.10381	1.09489	1.09541	1.13728	1.136	1.13708	1.03284	1.04536	1.04563	1.04337	1.04617	1.04569	1.05451	1.04774	1.04851	1.07631	1.07805	1.0776
ERR610250-k20-n1-x5e9	0.881472	0.965009	0.889776	0.879664	0.879951	0.887329	0.99044	0.873904	0.881113	0.931441	0.892138	0.906465	0.710553	0.81979	0.726193	0	0.686288	0.685486	0.937994	0.938572	0.937971	0.915139	0.9146	0.915473	0.987731	0.905272	1.01966	0.936282	0.940244	1.07024	0.891184	0.909524	0.906802	0.88803	0.88714	0.886754	1.05841	1.07016	0.930526	0.933483	0.933055	0.93422	1.08369	1.10223	0.965671	0.990153	0.992509	0.99865	1.02775	1.01975	1.02092	1.05576	1.05551	1.05298	0.908319	0.897296	0.89962	0.936405	0.931694	0.93703	1.07807	1.02373	1.02307	1.05599	1.05655	1.05992	1.00461	0.996888	0.997397	1.02214	1.02057	1.0187	0.969737	0.955313	0.955722	0.986125	0.981994	0.98006	1.08698	1.07849	1.07859	1.12502	1.12274	1.1243	1.01197	1.02672	1.02591	1.02428	1.02885	1.02851	1.0311	1.02235	1.02438	1.0603	1.06052	1.06124
ERR610251-k20-n1-x5e9	0.882287	0.964462	0.891143	0.879699	0.880539	0.886733	0.991584	0.874538	0.881916	0.932929	0.893475	0.907843	0.71164	0.821126	0.724711	0.686288	0	0.685757	0.939327	0.937315	0.939091	0.913607	0.915334	0.91436	0.988419	0.906392	1.01934	0.937083	0.941075	1.07055	0.892613	0.91058	0.907675	0.889502	0.888551	0.887317	1.05864	1.06926	0.9309	0.933889	0.931259	0.933511	1.08392	1.10232	0.966336	0.990433	0.992827	0.999388	1.0287	1.02031	1.02221	1.05598	1.0566	1.05388	0.908463	0.897063	0.897909	0.935873	0.932796	0.937428	1.07878	1.02427	1.02328	1.05685	1.05639	1.06044	1.00445	0.997713	0.998018	1.02239	1.02117	1.01932	0.968659	0.955766	0.956393	0.986576	0.982793	0.980692	1.08672	1.07808	1.07899	1.12441	1.12312	1.12406	1.01295	1.02737	1.02675	1.02518	1.02947	1.0291	1.03146	1.02315	1.02479	1.06041	1.06099	1.06196
ERR610252-k20-n1-x5e9	0.880298	0.964037	0.889859	0.877289	0.878177	0.886745	0.988051	0.873222	0.881098	0.930048	0.890309	0.904465	0.711842	0.817232	0.722193	0.685486	0.685757	0	0.938657	0.93618	0.938558	0.91313	0.915274	0.913925	0.986427	0.905506	1.0188	0.935821	0.938901	1.06981	0.889233	0.909315	0.906084	0.887288	0.886136	0.885991	1.05729	1.0683	0.929652	0.933361	0.930483	0.932455	1.08255	1.10108	0.96423	0.987592	0.992873	0.997468	1.02702	1.01979	1.01919	1.05401	1.05397	1.05382	0.905801	0.896818	0.897687	0.936802	0.92869	0.939856	1.07667	1.02225	1.02086	1.05512	1.05514	1.05822	1.00283	0.996502	0.995514	1.01889	1.01884	1.01754	0.967817	0.954998	0.954566	0.983564	0.979914	0.979561	1.08588	1.07642	1.07726	1.12384	1.12098	1.12355	1.0126	1.02493	1.02479	1.024	1.0279	1.02716	1.02982	1.02231	1.02274	1.0602	1.06025	1.06049
ERR607457-k20-n1-x5e9	0.956548	1.02844	0.964616	0.956213	0.955948	0.961985	1.01226	0.922846	0.926911	0.962588	0.933911	0.945213	0.963031	1.01228	0.962551	0.937994	0.939327	0.938657	0	0.855274	0.859179	0.834972	0.835448	0.834671	1.04691	0.987806	1.07935	1.00782	1.01409	1.11765	0.900156	0.914306	0.913404	0.897848	0.898625	0.898858	1.12368	1.13066	1.02367	1.02358	1.02212	1.02094	1.12003	1.13429	1.02157	1.03869	1.04142	1.04391	1.0835	1.08187	1.08017	1.12075	1.12088	1.11932	0.988353	0.980177	0.978236	1.0073	1.00128	1.00971	1.14021	1.10053	1.10004	1.12398	1.12455	1.12724	1.07535	1.07237	1.07061	1.08743	1.08735	1.08557	1.04115	1.03408	1.03028	1.0566	1.05633	1.05532	1.13206	1.12584	1.12479	1.16965	1.16854	1.16971	1.07469	1.08112	1.08093	1.08115	1.0817	1.0829	1.09324	1.08818	1.08783	1.11457	1.11495	1.11551
ERR607458-k20-n1-x5e9	0.952084	1.02709	0.962098	0.953203	0.953925	0.958689	1.01087	0.921332	0.925146	0.962093	0.932996	0.942355	0.95715	1.01042	0.960497	0.938572	0.937315	0.93618	0.855274	0	0.856779	0.833713	0.835041	0.831773	1.04618	0.987575	1.07773	1.00623	1.01105	1.11611	0.89788	0.913969	0.913516	0.897468	0.898461	0.898372	1.12109	1.12969	1.02112	1.02034	1.01795	1.01789	1.11772	1.13263	1.01906	1.0372	1.03944	1.04276	1.08245	1.07921	1.07751	1.11791	1.11776	1.1164	0.982521	0.977118	0.974976	1.00393	0.997549	1.00569	1.13685	1.09791	1.09732	1.1205	1.12139	1.12422	1.07271	1.06867	1.06746	1.08468	1.08369	1.08414	1.04044	1.03213	1.02725	1.0546	1.05264	1.05149	1.13055	1.12374	1.12341	1.16767	1.16545	1.16778	1.07255	1.07984	1.0791	1.07938	1.08035	1.08003	1.09105	1.08701	1.08617	1.11327	1.11432	1.11444
ERR607459-k20-n1-x5e9	0.955481	1.02628	0.964406	0.955631	0.9553	0.960568	1.01654	0.924265	0.929132	0.964954	0.93597	0.947855	0.961069	1.0136	0.961495	0.937971	0.939091	0.938558	0.859179	0.856779	0	0.837316	0.837621	0.836335	1.04767	0.987715	1.07914	1.00865	1.01396	1.11749	0.901896	0.916399	0.916031	0.898506	0.898976	0.898838	1.1225	1.13064	1.02314	1.02304	1.02037	1.01927	1.12024	1.13325	1.02151	1.0401	1.04255	1.04409	1.0848	1.08042	1.08073	1.11951	1.12002	1.11942	0.986864	0.980747	0.978472	1.00677	0.999103	1.00683	1.14031	1.09861	1.09827	1.12319	1.12378	1.12664	1.07566	1.07138	1.06924	1.08597	1.08613	1.08478	1.0418	1.03459	1.03005	1.05712	1.05568	1.05523	1.13184	1.12633	1.12504	1.16965	1.16834	1.17057	1.07442	1.08129	1.08115	1.08125	1.08187	1.08264	1.09373	1.08801	1.08762	1.11437	1.11483	1.11601
ERR607460-k20-n1-x5e9	0.931679	1.01082	0.940893	0.93129	0.932855	0.936435	0.99772	0.904395	0.906398	0.943995	0.912891	0.922681	0.930761	0.993012	0.938202	0.915139	0.913607	0.91313	0.834972	0.833713	0.837316	0	0.807582	0.806784	1.03184	0.966698	1.0678	0.988771	0.993399	1.10309	0.872829	0.890233	0.88954	0.872311	0.873326	0.873079	1.10782	1.1158	1.00104	1.00167	1.00021	0.999561	1.10589	1.12231	0.999851	1.02313	1.02487	1.02899	1.06983	1.06547	1.06557	1.10312	1.10171	1.10013	0.962606	0.957933	0.956249	0.984994	0.98129	0.986752	1.12352	1.08277	1.0826	1.10619	1.10586	1.10837	1.05542	1.05247	1.05229	1.0708	1.07049	1.07005	1.02385	1.01389	1.01163	1.03721	1.03697	1.03579	1.11849	1.1133	1.1138	1.15519	1.15326	1.15533	1.05586	1.06565	1.06633	1.06593	1.06763	1.06695	1.07763	1.07217	1.07144	1.10128	1.10133	1.10234
ERR607461-k20-n1-x5e9	0.933195	1.01221	0.942575	0.93239	0.933108	0.938177	0.998696	0.905239	0.908099	0.943596	0.915166	0.924438	0.931839	0.994032	0.938883	0.9146	0.915334	0.915274	0.835448	0.835041	0.837621	0.807582	0	0.807199	1.03347	0.968293	1.06843	0.990253	0.994373	1.10453	0.874377	0.89124	0.890561	0.873969	0.873676	0.874136	1.1084	1.11673	1.0023	1.00285	1.0014	1.00038	1.10685	1.12319	1.0012	1.02409	1.02595	1.03011	1.06988	1.06722	1.06617	1.10358	1.10301	1.10065	0.963898	0.958722	0.957655	0.985425	0.98241	0.988338	1.12425	1.08337	1.08329	1.10627	1.10702	1.10907	1.05708	1.05294	1.05365	1.07216	1.07201	1.07117	1.02455	1.01446	1.0126	1.03776	1.03764	1.03664	1.11999	1.11456	1.1148	1.15616	1.15429	1.1565	1.05719	1.06612	1.06747	1.06723	1.06792	1.06821	1.07823	1.07313	1.0728	1.10243	1.10251	1.10253
ERR607462-k20-n1-x5e9	0.93215	1.01215	0.939126	0.933778	0.93384	0.936842	0.997434	0.906611	0.906227	0.944184	0.913512	0.923455	0.931484	0.993614	0.939236	0.915473	0.91436	0.913925	0.834671	0.831773	0.836335	0.806784	0.807199	0	1.03068	0.96496	1.06666	0.98905	0.993577	1.10449	0.876155	0.889454	0.88816	0.876054	0.875692	0.87579	1.10739	1.11638	1.00109	1.00251	0.999306	0.998756	1.10572	1.12292	1.0015	1.02287	1.02535	1.02885	1.06814	1.0661	1.06388	1.10144	1.10054	1.09859	0.961627	0.957781	0.957228	0.986659	0.979672	0.988202	1.1222	1.08209	1.08119	1.10481	1.10437	1.10752	1.05458	1.05233	1.0512	1.06942	1.07059	1.06993	1.02301	1.01529	1.01225	1.03834	1.03626	1.03572	1.11864	1.11394	1.11286	1.15451	1.15199	1.15386	1.05509	1.06489	1.06463	1.06563	1.06736	1.0663	1.07567	1.07101	1.07035	1.1017	1.10117	1.10179
ERR607248-k20-n1-x5e9	1.00907	1.07206	1.01741	1.01149	1.01023	1.01475	0.960342	0.92435	0.926372	0.942867	0.929308	0.941962	1.00773	1.05104	1.00695	0.987731	0.988419	0.986427	1.04691	1.04618	1.04767	1.03184	1.03347	1.03068	0	0.810624	0.867411	0.818925	0.820369	0.91251	1.00605	1.01845	1.01805	1.00536	1.00376	1.00366	1.0001	1.00153	0.933993	0.926613	0.92635	0.924886	0.986068	0.991759	0.926307	0.927678	0.927602	0.929736	1.08512	1.08165	1.07957	1.12206	1.12278	1.12089	1.00979	1.00737	1.00516	1.03193	1.02477	1.03107	1.04573	1.04112	1.04186	1.0493	1.04609	1.04969	1.07138	1.07345	1.07175	1.08814	1.08737	1.08639	1.0583	1.05361	1.04961	1.07187	1.07349	1.07247	1.12586	1.12146	1.11953	1.1645	1.16286	1.1648	1.0712	1.07375	1.07514	1.07374	1.0749	1.07568	1.09428	1.08998	1.08809	1.1114	1.11067	1.11173
ERR607249-k20-n1-x5e9	0.927554	1.00887	0.938293	0.927245	0.928392	0.936461	0.953206	0.869171	0.878663	0.906666	0.886515	0.898826	0.926527	0.989681	0.928079	0.905272	0.906392	0.905506	0.987806	0.987575	0.987715	0.966698	0.968293	0.96496	0.810624	0	0.847824	0.750077	0.755821	0.900294	0.93971	0.952856	0.950743	0.938522	0.936905	0.936536	0.982916	0.988431	0.876989	0.874688	0.873964	0.873581	0.987519	0.996211	0.89371	0.906052	0.907287	0.911881	1.03024	1.02433	1.02538	1.06445	1.06487	1.06229	0.938655	0.932265	0.931605	0.961778	0.954832	0.96149	1.02066	0.994598	0.993877	1.0092	1.00814	1.01058	1.01116	1.00777	1.00724	1.02757	1.02689	1.0263	0.997553	0.987299	0.984059	1.01122	1.01003	1.00968	1.08254	1.07404	1.07344	1.12124	1.1205	1.12126	1.01184	1.01882	1.01987	1.01675	1.01992	1.02011	1.03945	1.03295	1.03251	1.05946	1.06002	1.061
ERR607250-k20-n1-x5e9	1.03846	1.0947	1.04763	1.03877	1.03783	1.0434	0.985877	0.960498	0.96312	0.971243	0.966842	0.971545	1.03195	1.07794	1.03844	1.01966	1.01934	1.0188	1.07935	1.07773	1.07914	1.0678	1.06843	1.06666	0.867411	0.847824	0	0.849447	0.852828	0.923839	1.04256	1.05472	1.05344	1.04031	1.03954	1.03927	0.997771	0.994472	0.945799	0.943122	0.941966	0.941571	0.986839	0.987637	0.943524	0.943992	0.944167	0.9455	1.12108	1.11635	1.11638	1.14512	1.14483	1.14454	1.03997	1.03515	1.03449	1.06134	1.05737	1.06145	1.05525	1.04799	1.04845	1.05426	1.05306	1.0551	1.09951	1.0982	1.09639	1.11822	1.11751	1.11651	1.09039	1.08534	1.08365	1.09716	1.09738	1.09752	1.15787	1.15129	1.15085	1.1864	1.18581	1.18689	1.10032	1.11119	1.11113	1.11111	1.11231	1.11231	1.12189	1.11825	1.11741	1.14201	1.14165	1.14213
ERR607251-k20-n1-x5e9	0.956055	1.03276	0.96557	0.956934	0.954571	0.962478	0.956118	0.893113	0.900966	0.919058	0.902445	0.907992	0.950224	1.01339	0.955344	0.936282	0.937083	0.935821	1.00782	1.00623	1.00865	0.988771	0.990253	0.98905	0.818925	0.750077	0.849447	0	0.775688	0.890783	0.962998	0.978726	0.97703	0.961318	0.960927	0.960607	0.97401	0.976234	0.890922	0.886606	0.885063	0.884431	0.971193	0.985361	0.899525	0.907753	0.908923	0.911021	1.05273	1.05141	1.04995	1.08252	1.08329	1.08081	0.960633	0.957538	0.957252	0.985199	0.979555	0.984686	1.02402	1.00068	1.00133	1.01477	1.0127	1.01574	1.03369	1.03148	1.02932	1.04928	1.04983	1.04751	1.02116	1.01373	1.01248	1.03229	1.0321	1.03078	1.1025	1.09461	1.09363	1.13491	1.13245	1.13472	1.03626	1.04307	1.0447	1.04372	1.04221	1.04285	1.05995	1.05518	1.05526	1.08347	1.08246	1.08297
ERR607252-k20-n1-x5e9	0.961523	1.03657	0.971271	0.961265	0.960257	0.967634	0.958692	0.898491	0.907439	0.922004	0.907026	0.913637	0.954953	1.01852	0.961891	0.940244	0.941075	0.938901	1.01409	1.01105	1.01396	0.993399	0.994373	0.993577	0.820369	0.755821	0.852828	0.775688	0	0.891172	0.970654	0.982288	0.980989	0.967935	0.966436	0.966621	0.975278	0.977543	0.894066	0.889638	0.889858	0.88921	0.972776	0.987362	0.904516	0.910244	0.912546	0.913764	1.05669	1.05314	1.05332	1.08683	1.08649	1.08546	0.966446	0.961517	0.960608	0.990324	0.983057	0.98945	1.02663	1.0044	1.00432	1.01748	1.01487	1.01766	1.03869	1.03589	1.03449	1.0524	1.05233	1.05098	1.02515	1.01921	1.01632	1.03602	1.03584	1.03531	1.10537	1.09737	1.09684	1.13732	1.13548	1.13781	1.03762	1.04868	1.04813	1.04715	1.04541	1.04594	1.06405	1.05868	1.05769	1.0848	1.08582	1.08508
ERR607253-k20-n1-x5e9	1.08342	1.13212	1.08913	1.08336	1.08224	1.08733	1.01299	1.00142	1.00288	1.00143	1.00655	1.01166	1.08279	1.12184	1.0857	1.07024	1.07055	1.06981	1.11765	1.11611	1.11749	1.10309	1.10453	1.10449	0.91251	0.900294	0.923839	0.890783	0.891172	0	1.09094	1.09717	1.09615	1.08892	1.08812	1.08814	1.00715	1.00009	0.974125	0.969414	0.970434	0.970247	0.9922	0.993612	0.970796	0.975391	0.975171	0.97726	1.15569	1.15294	1.15284	1.1772	1.1777	1.17582	1.09052	1.08585	1.08539	1.10308	1.09988	1.10379	1.07179	1.07777	1.07839	1.07239	1.06814	1.0713	1.14294	1.141	1.14001	1.15424	1.15345	1.15296	1.13065	1.12314	1.12208	1.14043	1.14024	1.13932	1.18857	1.18405	1.18401	1.21285	1.21078	1.21242	1.14377	1.149	1.15005	1.14795	1.14847	1.14859	1.15931	1.15534	1.15465	1.17485	1.17515	1.17498
ERR607627-k20-n1-x5e9	0.887706	0.979572	0.900867	0.887781	0.886896	0.894275	0.961762	0.86134	0.87029	0.905261	0.877778	0.894489	0.912343	0.971711	0.911266	0.891184	0.892613	0.889233	0.900156	0.89788	0.901896	0.872829	0.874377	0.876155	1.00605	0.93971	1.04256	0.962998	0.970654	1.09094	0	0.767011	0.766082	0.745344	0.744853	0.748088	1.09001	1.09779	0.978665	0.97835	0.977527	0.977237	1.0907	1.10581	0.980462	0.998173	1.00178	1.00474	1.05299	1.04833	1.04665	1.08301	1.08197	1.08194	0.946727	0.942745	0.941224	0.967104	0.958878	0.967962	1.10792	1.06738	1.06565	1.09554	1.09368	1.09665	1.03773	1.03835	1.03508	1.05539	1.05502	1.05317	1.0059	0.995406	0.991915	1.02361	1.02209	1.02062	1.10578	1.09717	1.09601	1.14074	1.13903	1.14123	1.0371	1.04973	1.04953	1.05023	1.05073	1.05074	1.05908	1.05323	1.05251	1.08339	1.08467	1.08515
ERR607628-k20-n1-x5e9	0.907	0.991746	0.915657	0.908733	0.907398	0.912963	0.972762	0.880199	0.889171	0.922999	0.890205	0.898091	0.924146	0.98776	0.930855	0.909524	0.91058	0.909315	0.914306	0.913969	0.916399	0.890233	0.89124	0.889454	1.01845	0.952856	1.05472	0.978726	0.982288	1.09717	0.767011	0	0.786264	0.767886	0.767593	0.766938	1.0967	1.10517	0.991967	0.991431	0.989062	0.988537	1.09618	1.11567	0.991538	1.01213	1.01473	1.01851	1.0652	1.06533	1.06267	1.09565	1.09454	1.09288	0.957165	0.95354	0.953017	0.981102	0.974975	0.981445	1.11813	1.08109	1.08062	1.106	1.10538	1.10717	1.05223	1.04971	1.04683	1.06911	1.06932	1.06789	1.02081	1.01202	1.00849	1.03452	1.03333	1.03316	1.11713	1.1093	1.1077	1.14947	1.14733	1.14927	1.05294	1.06391	1.0648	1.06428	1.06499	1.06455	1.07107	1.06662	1.06541	1.09827	1.09819	1.09949
ERR607629-k20-n1-x5e9	0.904575	0.990471	0.91397	0.907023	0.904823	0.911069	0.974295	0.879731	0.889706	0.923517	0.891876	0.898704	0.923347	0.986613	0.92764	0.906802	0.907675	0.906084	0.913404	0.913516	0.916031	0.88954	0.890561	0.88816	1.01805	0.950743	1.05344	0.97703	0.980989	1.09615	0.766082	0.786264	0	0.766955	0.766569	0.766669	1.09556	1.10377	0.989388	0.989873	0.988454	0.987242	1.09625	1.11471	0.990524	1.01311	1.01464	1.01857	1.06459	1.0639	1.06172	1.09404	1.093	1.09132	0.955015	0.952247	0.9511	0.97876	0.97271	0.97976	1.11816	1.0784	1.07787	1.10368	1.10341	1.10537	1.05069	1.04798	1.04547	1.06699	1.06735	1.06586	1.01943	1.01112	1.00819	1.03318	1.03145	1.03114	1.11638	1.10832	1.10708	1.14891	1.14649	1.14837	1.05143	1.06274	1.0634	1.06381	1.06334	1.06323	1.07008	1.06485	1.06512	1.09765	1.09673	1.09815
ERR607630-k20-n1-x5e9	0.885263	0.976598	0.898305	0.886128	0.88517	0.892472	0.962133	0.858747	0.867962	0.905425	0.877233	0.892284	0.911878	0.971974	0.908958	0.88803	0.889502	0.887288	0.897848	0.897468	0.898506	0.872311	0.873969	0.876054	1.00536	0.938522	1.04031	0.961318	0.967935	1.08892	0.745344	0.767886	0.766955	0	0.743515	0.742337	1.08886	1.09702	0.977585	0.977494	0.977416	0.976087	1.08992	1.10534	0.977646	0.997309	1.00043	1.00381	1.05158	1.04838	1.04722	1.08344	1.0822	1.08119	0.948336	0.938834	0.93713	0.963148	0.955974	0.965451	1.10609	1.06505	1.0644	1.09497	1.09274	1.09533	1.03641	1.03557	1.03343	1.05273	1.05299	1.05232	1.0054	0.994606	0.989548	1.02149	1.01951	1.01849	1.10412	1.09534	1.09545	1.13968	1.13931	1.14019	1.03764	1.04755	1.04836	1.04815	1.04999	1.04972	1.05764	1.05276	1.05171	1.08398	1.08312	1.08472
ERR607631-k20-n1-x5e9	0.884753	0.976308	0.897624	0.88599	0.884804	0.892023	0.962864	0.857771	0.866937	0.904601	0.876019	0.891435	0.910761	0.97169	0.908227	0.88714	0.888551	0.886136	0.898625	0.898461	0.898976	0.873326	0.873676	0.875692	1.00376	0.936905	1.03954	0.960927	0.966436	1.08812	0.744853	0.767593	0.766569	0.743515	0	0.742856	1.08822	1.09683	0.976458	0.976882	0.976274	0.975457	1.08938	1.10524	0.976663	0.998443	0.999561	1.00318	1.05072	1.04735	1.04613	1.08281	1.08126	1.08012	0.947864	0.938431	0.937549	0.963898	0.957298	0.965047	1.10567	1.06455	1.06451	1.09413	1.0921	1.09527	1.0369	1.03471	1.03293	1.05201	1.05252	1.05157	1.00477	0.993881	0.989291	1.02144	1.01901	1.01841	1.10342	1.09599	1.09585	1.14038	1.13854	1.13974	1.03702	1.0469	1.04828	1.04756	1.04932	1.04996	1.05721	1.05179	1.05192	1.08357	1.08306	1.08462
ERR607632-k20-n1-x5e9	0.883972	0.975402	0.897247	0.886073	0.884541	0.890789	0.963732	0.85815	0.867134	0.906218	0.876518	0.891767	0.909978	0.971356	0.90741	0.886754	0.887317	0.885991	0.898858	0.898372	0.898838	0.873079	0.874136	0.87579	1.00366	0.936536	1.03927	0.960607	0.966621	1.08814	0.748088	0.766938	0.766669	0.742337	0.742856	0	1.08814	1.09612	0.975899	0.975927	0.975583	0.974904	1.0896	1.10556	0.977901	0.998771	0.99964	1.00378	1.05055	1.04745	1.04721	1.08242	1.08103	1.07999	0.947397	0.938423	0.936712	0.962739	0.956353	0.963916	1.10548	1.06429	1.06367	1.09366	1.09174	1.09507	1.03691	1.03499	1.03278	1.05231	1.05177	1.0508	1.00447	0.993516	0.989455	1.0212	1.01877	1.01798	1.10329	1.09569	1.09573	1.1396	1.13813	1.1394	1.03692	1.04708	1.04813	1.04737	1.04925	1.0496	1.0569	1.05176	1.05208	1.08333	1.08276	1.0849
ERR605866-k20-n1-x5e9	1.07441	1.12205	1.08189	1.07388	1.07373	1.08018	1.03242	1.01177	1.01525	1.01547	1.02043	1.02397	1.06768	1.11224	1.07205	1.05841	1.05864	1.05729	1.12368	1.12109	1.1225	1.10782	1.1084	1.10739	1.0001	0.982916	0.997771	0.97401	0.975278	1.00715	1.09001	1.0967	1.09556	1.08886	1.08822	1.08814	0	0.927334	0.885282	0.886216	0.887918	0.888166	0.995307	0.997337	0.975317	0.985628	0.987938	0.9921	1.16724	1.16303	1.16337	1.18418	1.18411	1.18329	1.07779	1.07238	1.07319	1.0836	1.08089	1.08514	1.08312	1.07931	1.07879	1.07531	1.07427	1.07547	1.15333	1.14977	1.15015	1.15992	1.15954	1.15867	1.12674	1.11744	1.11763	1.13509	1.13327	1.13279	1.19951	1.19446	1.19522	1.22108	1.2206	1.22111	1.15207	1.15787	1.15804	1.15645	1.15804	1.15762	1.16926	1.16456	1.16495	1.1819	1.182	1.18226
ERR605867-k20-n1-x5e9	1.08208	1.12998	1.08908	1.08275	1.08311	1.08683	1.03022	1.01658	1.01945	1.01478	1.02285	1.02565	1.0779	1.11819	1.0813	1.07016	1.06926	1.0683	1.13066	1.12969	1.13064	1.1158	1.11673	1.11638	1.00153	0.988431	0.994472	0.976234	0.977543	1.00009	1.09779	1.10517	1.10377	1.09702	1.09683	1.09612	0.927334	0	0.891532	0.89338	0.894356	0.89474	0.989718	0.989561	0.981014	0.985843	0.987294	0.989795	1.17306	1.16951	1.1696	1.19104	1.19156	1.19021	1.08654	1.08247	1.083	1.09251	1.08915	1.09325	1.08412	1.0831	1.08357	1.0764	1.0751	1.07697	1.16029	1.15772	1.15746	1.16693	1.1664	1.16632	1.1358	1.12754	1.12726	1.14246	1.14068	1.14048	1.20503	1.19988	1.19981	1.22662	1.22596	1.22685	1.15899	1.16409	1.16468	1.16336	1.16479	1.16454	1.17658	1.17312	1.17323	1.18885	1.18877	1.18947
ERR605868-k20-n1-x5e9	0.960817	1.03378	0.971824	0.958555	0.958598	0.966955	0.978167	0.915932	0.919621	0.938226	0.92582	0.930783	0.940523	1.01368	0.952362	0.930526	0.9309	0.929652	1.02367	1.02112	1.02314	1.00104	1.0023	1.00109	0.933993	0.876989	0.945799	0.890922	0.894066	0.974125	0.978665	0.991967	0.989388	0.977585	0.976458	0.975899	0.885282	0.891532	0	0.7823	0.78544	0.785558	0.976039	0.991328	0.906849	0.920869	0.923939	0.929862	1.07674	1.07027	1.07087	1.10197	1.10213	1.09953	0.957962	0.949739	0.950477	0.974238	0.970026	0.976557	1.03313	1.00263	1.00203	1.01713	1.01584	1.01986	1.05618	1.05318	1.05249	1.06659	1.06723	1.06516	1.02425	1.01772	1.01784	1.03458	1.03269	1.03188	1.1229	1.11541	1.1163	1.15241	1.15108	1.15281	1.05475	1.06486	1.06671	1.06296	1.06421	1.06364	1.08077	1.07499	1.07696	1.09885	1.10019	1.09987
ERR605869-k20-n1-x5e9	0.962144	1.03726	0.973853	0.961998	0.962487	0.967659	0.974722	0.915422	0.914906	0.933447	0.919584	0.926178	0.945257	1.01264	0.954601	0.933483	0.933889	0.933361	1.02358	1.02034	1.02304	1.00167	1.00285	1.00251	0.926613	0.874688	0.943122	0.886606	0.889638	0.969414	0.97835	0.991431	0.989873	0.977494	0.976882	0.975927	0.886216	0.89338	0.7823	0	0.778041	0.779021	0.972602	0.98678	0.903643	0.914782	0.917264	0.920982	1.075	1.07035	1.0713	1.1036	1.10372	1.10118	0.959664	0.954903	0.954565	0.978431	0.972342	0.979605	1.03076	1.00456	1.00275	1.01506	1.01398	1.01705	1.05745	1.05442	1.0538	1.0695	1.06863	1.06804	1.02574	1.01883	1.01994	1.03683	1.03495	1.03404	1.12223	1.11678	1.11654	1.15436	1.15156	1.15457	1.05489	1.06391	1.06549	1.06287	1.06528	1.06362	1.08194	1.07627	1.07735	1.09988	1.09953	1.10052
ERR605870-k20-n1-x5e9	0.963027	1.03609	0.973525	0.962063	0.962996	0.969047	0.970787	0.91082	0.913268	0.931022	0.916632	0.924904	0.945541	1.0127	0.953472	0.933055	0.931259	0.930483	1.02212	1.01795	1.02037	1.00021	1.0014	0.999306	0.92635	0.873964	0.941966	0.885063	0.889858	0.970434	0.977527	0.989062	0.988454	0.977416	0.976274	0.975583	0.887918	0.894356	0.78544	0.778041	0	0.776857	0.972521	0.985977	0.902144	0.91228	0.915236	0.918875	1.07487	1.06951	1.07073	1.10308	1.10255	1.101	0.959483	0.954137	0.954521	0.976732	0.971881	0.978958	1.02935	1.00487	1.00433	1.01551	1.01458	1.01742	1.05602	1.05337	1.05206	1.06763	1.06804	1.06789	1.02496	1.01836	1.01618	1.03505	1.03444	1.03334	1.12069	1.11503	1.11579	1.1529	1.15105	1.15331	1.05409	1.06385	1.06485	1.06149	1.06435	1.06387	1.08082	1.0759	1.0758	1.0988	1.09923	1.09932
ERR605871-k20-n1-x5e9	0.965064	1.03666	0.973642	0.962746	0.963891	0.969644	0.969427	0.910426	0.912431	0.929791	0.91722	0.923949	0.946657	1.01312	0.955122	0.93422	0.933511	0.932455	1.02094	1.01789	1.01927	0.999561	1.00038	0.998756	0.924886	0.873581	0.941571	0.884431	0.88921	0.970247	0.977237	0.988537	0.987242	0.976087	0.975457	0.974904	0.888166	0.89474	0.785558	0.779021	0.776857	0	0.97307	0.985908	0.902736	0.91074	0.913127	0.917294	1.07328	1.06899	1.06956	1.10216	1.102	1.10065	0.958355	0.954086	0.95333	0.976658	0.971819	0.978499	1.02913	1.00573	1.0051	1.016	1.01495	1.01761	1.05451	1.05275	1.05235	1.06757	1.06845	1.06729	1.02352	1.0169	1.01523	1.03496	1.03331	1.03206	1.1192	1.11373	1.11429	1.15175	1.14993	1.15237	1.05353	1.06248	1.06339	1.06043	1.0629	1.06257	1.08018	1.07474	1.07454	1.09813	1.0982	1.09856
ERR605787-k20-n1-x5e9	1.09076	1.135	1.0961	1.09091	1.09006	1.09382	1.00562	1.00297	1.00431	0.995918	1.00734	1.00909	1.09406	1.12704	1.09396	1.08369	1.08392	1.08255	1.12003	1.11772	1.12024	1.10589	1.10685	1.10572	0.986068	0.987519	0.986839	0.971193	0.972776	0.9922	1.0907	1.09618	1.09625	1.08992	1.08938	1.0896	0.995307	0.989718	0.976039	0.972602	0.972521	0.97307	0	0.921666	0.898143	0.903368	0.904537	0.907775	1.18038	1.17836	1.17816	1.20026	1.20025	1.19922	1.09538	1.09145	1.09096	1.10273	1.09859	1.10343	1.08176	1.0864	1.08784	1.07917	1.07718	1.07932	1.17077	1.16918	1.16774	1.17817	1.17803	1.17737	1.1453	1.13827	1.13666	1.15194	1.15169	1.15097	1.21187	1.20765	1.20704	1.23388	1.23261	1.23425	1.17224	1.1761	1.1772	1.1762	1.17609	1.17643	1.18499	1.18138	1.18105	1.19626	1.19665	1.19729
ERR605788-k20-n1-x5e9	1.10921	1.14856	1.11475	1.10812	1.10824	1.11226	1.00795	1.01539	1.01555	1.00118	1.01743	1.02009	1.11088	1.14003	1.10926	1.10223	1.10232	1.10108	1.13429	1.13263	1.13325	1.12231	1.12319	1.12292	0.991759	0.996211	0.987637	0.985361	0.987362	0.993612	1.10581	1.11567	1.11471	1.10534	1.10524	1.10556	0.997337	0.989561	0.991328	0.98678	0.985977	0.985908	0.921666	0	0.913119	0.913113	0.914102	0.914898	1.19182	1.18866	1.18834	1.21065	1.21114	1.21002	1.11133	1.11062	1.10945	1.1212	1.11745	1.12197	1.08472	1.09414	1.09504	1.08593	1.08478	1.08624	1.18204	1.18098	1.18035	1.19054	1.19103	1.18917	1.15737	1.15359	1.1511	1.16403	1.16471	1.16437	1.22023	1.21616	1.21556	1.24215	1.24118	1.24245	1.18251	1.18648	1.18677	1.18562	1.18716	1.18753	1.19535	1.19259	1.1922	1.20625	1.20608	1.20624
ERR605789-k20-n1-x5e9	0.984093	1.05247	0.99364	0.984842	0.983573	0.989009	0.954442	0.904149	0.906924	0.924114	0.9118	0.91947	0.981211	1.03692	0.985988	0.965671	0.966336	0.96423	1.02157	1.01906	1.02151	0.999851	1.0012	1.0015	0.926307	0.89371	0.943524	0.899525	0.904516	0.970796	0.980462	0.991538	0.990524	0.977646	0.976663	0.977901	0.975317	0.981014	0.906849	0.903643	0.902144	0.902736	0.898143	0.913119	0	0.817431	0.819192	0.821615	1.09503	1.09198	1.09131	1.12632	1.12606	1.12386	0.982207	0.977355	0.976059	1.00016	0.994938	1.00112	1.04043	1.02292	1.02449	1.03044	1.02896	1.03233	1.08142	1.07795	1.07697	1.09156	1.09095	1.09097	1.04958	1.04115	1.03958	1.05844	1.05867	1.05729	1.13902	1.13401	1.1325	1.17145	1.16968	1.1718	1.08454	1.08855	1.0905	1.08799	1.08857	1.08814	1.1003	1.09733	1.0967	1.11762	1.11829	1.1178
ERR605790-k20-n1-x5e9	1.00821	1.06856	1.01735	1.00866	1.00947	1.01363	0.954575	0.915735	0.917566	0.933722	0.921866	0.932096	1.00562	1.05214	1.00617	0.990153	0.990433	0.987592	1.03869	1.0372	1.0401	1.02313	1.02409	1.02287	0.927678	0.906052	0.943992	0.907753	0.910244	0.975391	0.998173	1.01213	1.01311	0.997309	0.998443	0.998771	0.985628	0.985843	0.920869	0.914782	0.91228	0.91074	0.903368	0.913113	0.817431	0	0.820455	0.820675	1.10838	1.10407	1.10269	1.1401	1.13977	1.13841	1.00387	1.002	1.00178	1.0238	1.01656	1.02437	1.04483	1.03321	1.03365	1.04026	1.03783	1.04112	1.09454	1.094	1.0924	1.10783	1.10738	1.10648	1.06333	1.05693	1.05306	1.07219	1.07504	1.07505	1.14692	1.14252	1.14119	1.18232	1.18054	1.18215	1.09638	1.09999	1.10057	1.09996	1.1027	1.10236	1.11468	1.11036	1.10898	1.12944	1.12807	1.12941
