	ERR605387-k20-n1-x5e9	ERR605388-k20-n1-x5e9	ERR605389-k20-n1-x5e9	ERR605390-k20-n1-x5e9	ERR605391-k20-n1-x5e9	ERR605392-k20-n1-x5e9	ERR605515-k20-n1-x5e9	ERR605516-k20-n1-x5e9	ERR605517-k20-n1-x5e9	ERR605518-k20-n1-x5e9	ERR605519-k20-n1-x5e9	ERR605520-k20-n1-x5e9	ERR609679-k20-n1-x5e9	ERR609680-k20-n1-x5e9	ERR609681-k20-n1-x5e9	ERR609682-k20-n1-x5e9	ERR609683-k20-n1-x5e9	ERR609684-k20-n1-x5e9	ERR607152-k20-n1-x5e9	ERR607153-k20-n1-x5e9	ERR607154-k20-n1-x5e9	ERR607155-k20-n1-x5e9	ERR607156-k20-n1-x5e9	ERR607157-k20-n1-x5e9	ERR605473-k20-n1-x5e9	ERR605474-k20-n1-x5e9	ERR605475-k20-n1-x5e9	ERR605476-k20-n1-x5e9	ERR605477-k20-n1-x5e9	ERR605478-k20-n1-x5e9	ERR608615-k20-n1-x5e9	ERR608616-k20-n1-x5e9	ERR608617-k20-n1-x5e9	ERR608618-k20-n1-x5e9	ERR608619-k20-n1-x5e9	ERR608620-k20-n1-x5e9	ERR607224-k20-n1-x5e9	ERR607225-k20-n1-x5e9	ERR607226-k20-n1-x5e9	ERR607227-k20-n1-x5e9	ERR607228-k20-n1-x5e9	ERR607229-k20-n1-x5e9	ERR610205-k20-n1-x5e9	ERR610206-k20-n1-x5e9	ERR610207-k20-n1-x5e9	ERR610208-k20-n1-x5e9	ERR610209-k20-n1-x5e9	ERR610210-k20-n1-x5e9	ERR608943-k20-n1-x5e9	ERR608944-k20-n1-x5e9	ERR608945-k20-n1-x5e9	ERR608946-k20-n1-x5e9	ERR608947-k20-n1-x5e9	ERR608948-k20-n1-x5e9	ERR607989-k20-n1-x5e9	ERR607990-k20-n1-x5e9	ERR607991-k20-n1-x5e9	ERR607992-k20-n1-x5e9	ERR607993-k20-n1-x5e9	ERR607994-k20-n1-x5e9	ERR608463-k20-n1-x5e9	ERR608464-k20-n1-x5e9	ERR608465-k20-n1-x5e9	ERR608466-k20-n1-x5e9	ERR608467-k20-n1-x5e9	ERR608468-k20-n1-x5e9	ERR608081-k20-n1-x5e9	ERR608082-k20-n1-x5e9	ERR608083-k20-n1-x5e9	ERR608084-k20-n1-x5e9	ERR608085-k20-n1-x5e9	ERR608086-k20-n1-x5e9	ERR608057-k20-n1-x5e9	ERR608058-k20-n1-x5e9	ERR608059-k20-n1-x5e9	ERR608060-k20-n1-x5e9	ERR608061-k20-n1-x5e9	ERR608062-k20-n1-x5e9	ERR607609-k20-n1-x5e9	ERR607610-k20-n1-x5e9	ERR607611-k20-n1-x5e9	ERR607612-k20-n1-x5e9	ERR607613-k20-n1-x5e9	ERR607614-k20-n1-x5e9	ERR608883-k20-n1-x5e9	ERR608884-k20-n1-x5e9	ERR608885-k20-n1-x5e9	ERR608886-k20-n1-x5e9	ERR608887-k20-n1-x5e9	ERR608888-k20-n1-x5e9	ERR607983-k20-n1-x5e9	ERR607984-k20-n1-x5e9	ERR607985-k20-n1-x5e9	ERR607986-k20-n1-x5e9	ERR607987-k20-n1-x5e9	ERR607988-k20-n1-x5e9
ERR605387-k20-n1-x5e9	0	0.410964	0.256783	0.25983	0.258335	0.258822	0.355031	0.345479	0.33513	0.343173	0.345665	0.34282	0.424134	0.405502	0.383588	0.326106	0.320198	0.321965	0.397098	0.341099	0.427581	0.341177	0.343963	0.488608	0.353933	0.345731	0.338704	0.34507	0.347144	0.345228	0.372819	0.364755	0.381632	0.340875	0.339509	0.338375	0.357386	0.324568	0.376312	0.306292	0.307397	0.439244	0.360595	0.402181	0.345074	0.365956	0.370595	0.371419	0.460056	0.463597	0.462917	0.455194	0.455146	0.45507	0.44971	0.457034	0.597235	0.446521	0.447859	0.447375	0.410846	0.367027	0.350461	0.350717	0.346251	0.365485	0.464368	0.466982	0.466564	0.463634	0.463516	0.464975	0.932665	0.932809	0.933696	0.934657	0.932935	0.933561	0.458521	0.455969	0.457912	0.454981	0.456452	0.457198	0.467489	0.47205	0.471401	0.457187	0.456954	0.45556	0.49654	0.495057	0.496148	0.50267	0.502325	0.501638
ERR605388-k20-n1-x5e9	0.410964	0	0.384111	0.380232	0.38258	0.382119	0.537383	0.521506	0.501264	0.517478	0.522018	0.517276	0.334954	0.338243	0.350124	0.498987	0.457254	0.44009	0.394819	0.498511	0.364608	0.438629	0.4326	0.371543	0.528648	0.513865	0.495243	0.510821	0.515747	0.511419	0.375006	0.384585	0.371714	0.513807	0.510967	0.50893	0.399149	0.507538	0.338791	0.443589	0.437041	0.328601	0.534026	0.38626	0.496297	0.545799	0.552163	0.553576	0.596589	0.604943	0.604689	0.561306	0.561845	0.563192	0.580331	0.609104	0.531259	0.588324	0.592521	0.591393	0.352893	0.376824	0.397027	0.401201	0.405618	0.378552	0.595422	0.605456	0.604632	0.581243	0.583355	0.586215	0.950085	0.966119	0.971154	0.969753	0.968207	0.969138	0.604124	0.58818	0.59095	0.587466	0.583175	0.582969	0.610216	0.617501	0.617299	0.568929	0.571957	0.566326	0.616067	0.61986	0.620011	0.583389	0.585475	0.58157
ERR605389-k20-n1-x5e9	0.256783	0.384111	0	0.256873	0.255897	0.256333	0.37484	0.363097	0.348823	0.35993	0.362933	0.359633	0.40101	0.383273	0.362342	0.339886	0.323754	0.320961	0.379438	0.354761	0.407998	0.341196	0.342355	0.466111	0.371472	0.361068	0.349673	0.359252	0.362329	0.35975	0.357067	0.351004	0.365586	0.355963	0.354267	0.352716	0.342783	0.341901	0.356038	0.31143	0.310608	0.415119	0.377109	0.383176	0.354656	0.383148	0.388552	0.389594	0.470547	0.475778	0.475068	0.460519	0.460743	0.460705	0.456846	0.471024	0.580968	0.457578	0.459858	0.459128	0.389453	0.352404	0.341092	0.342011	0.338886	0.351424	0.473439	0.478488	0.477382	0.470366	0.47076	0.472778	0.930452	0.933463	0.93524	0.935678	0.933997	0.934736	0.471046	0.464468	0.466971	0.464123	0.463948	0.4646	0.480087	0.485738	0.484944	0.463732	0.463919	0.461775	0.503984	0.503914	0.504481	0.503407	0.503477	0.502133
ERR605390-k20-n1-x5e9	0.25983	0.380232	0.256873	0	0.253831	0.25399	0.378719	0.367321	0.353138	0.3631	0.366639	0.362853	0.397744	0.380611	0.363151	0.345242	0.329105	0.326465	0.383356	0.354339	0.402188	0.338639	0.339258	0.46028	0.375334	0.364914	0.353759	0.362442	0.366009	0.362925	0.352107	0.345372	0.359363	0.358088	0.356087	0.354583	0.3526	0.346101	0.354228	0.31392	0.313106	0.411999	0.379034	0.386197	0.357068	0.387307	0.392418	0.393498	0.476365	0.480419	0.480184	0.463022	0.463076	0.463235	0.465914	0.476005	0.581101	0.463336	0.465162	0.464553	0.387092	0.34769	0.335729	0.336154	0.333493	0.346389	0.479463	0.483232	0.483327	0.475589	0.475505	0.477398	0.93307	0.935136	0.9367	0.937297	0.93565	0.936273	0.476491	0.471724	0.473617	0.470617	0.471085	0.471715	0.48454	0.489626	0.489243	0.466264	0.466805	0.46449	0.510643	0.509766	0.510938	0.507985	0.508368	0.506821
ERR605391-k20-n1-x5e9	0.258335	0.38258	0.255897	0.253831	0	0.253417	0.376552	0.365205	0.351354	0.361036	0.36458	0.360815	0.399353	0.382099	0.364172	0.342978	0.327506	0.325178	0.384084	0.352854	0.404568	0.338394	0.339562	0.46278	0.373217	0.363276	0.352231	0.360897	0.363951	0.361099	0.35337	0.346861	0.360639	0.356188	0.354272	0.352915	0.352169	0.343917	0.355586	0.313046	0.31225	0.413983	0.377034	0.386975	0.355646	0.384954	0.390131	0.391203	0.474446	0.478644	0.478443	0.461806	0.462224	0.462049	0.46412	0.474242	0.581937	0.461673	0.463479	0.462989	0.388309	0.348023	0.335879	0.336379	0.333572	0.346993	0.477716	0.481471	0.481476	0.473813	0.473858	0.475874	0.932849	0.934774	0.93634	0.936929	0.93528	0.935978	0.474912	0.47003	0.472183	0.469062	0.469553	0.470039	0.482898	0.487863	0.487569	0.465017	0.465718	0.463428	0.509023	0.508223	0.509249	0.50708	0.507255	0.505803
ERR605392-k20-n1-x5e9	0.258822	0.382119	0.256333	0.25399	0.253417	0	0.37616	0.364964	0.350731	0.360589	0.364068	0.360264	0.39935	0.381941	0.363869	0.343559	0.327942	0.325387	0.384947	0.353574	0.404609	0.33926	0.340178	0.462743	0.373019	0.362778	0.351981	0.360426	0.363694	0.360971	0.353918	0.347096	0.360641	0.357036	0.354816	0.353401	0.352859	0.344542	0.355818	0.313609	0.312958	0.413685	0.378011	0.387586	0.356802	0.385863	0.390951	0.392029	0.476076	0.480201	0.47978	0.463663	0.463906	0.463866	0.465808	0.475317	0.583011	0.463141	0.464897	0.464234	0.388389	0.348605	0.336341	0.336827	0.33395	0.347222	0.479512	0.483139	0.483104	0.475778	0.475761	0.477636	0.93345	0.93536	0.93693	0.937509	0.935894	0.93651	0.476159	0.471734	0.473708	0.47058	0.471324	0.471817	0.484384	0.489292	0.488857	0.466723	0.467413	0.464898	0.510817	0.50991	0.511004	0.509071	0.509315	0.507921
ERR605515-k20-n1-x5e9	0.355031	0.537383	0.37484	0.378719	0.376552	0.37616	0	0.250558	0.258651	0.252956	0.251479	0.252823	0.518725	0.499679	0.474749	0.335964	0.361909	0.37552	0.479979	0.357953	0.521981	0.401742	0.407729	0.582333	0.306294	0.309261	0.318522	0.311595	0.310301	0.31232	0.469239	0.457331	0.47792	0.36024	0.361302	0.361324	0.448169	0.343005	0.484841	0.374233	0.379415	0.546469	0.383973	0.503122	0.397749	0.375945	0.374914	0.374707	0.470735	0.467312	0.465305	0.494476	0.494024	0.492216	0.470109	0.448752	0.674427	0.457032	0.45437	0.454995	0.501997	0.45334	0.429414	0.428215	0.421953	0.450708	0.487623	0.48031	0.478969	0.501138	0.499477	0.49955	0.953515	0.945292	0.943485	0.94594	0.944155	0.944483	0.460815	0.4773	0.478576	0.477806	0.485552	0.487485	0.471411	0.470293	0.468269	0.495531	0.493148	0.494728	0.516085	0.509425	0.509605	0.550537	0.548585	0.550363
ERR605516-k20-n1-x5e9	0.345479	0.521506	0.363097	0.367321	0.365205	0.364964	0.250558	0	0.253975	0.251508	0.25083	0.251448	0.502992	0.483784	0.458957	0.331082	0.351902	0.364135	0.464442	0.352783	0.506157	0.389689	0.39521	0.566654	0.305457	0.305735	0.312294	0.308388	0.30733	0.308678	0.456437	0.445192	0.465341	0.358676	0.359551	0.359185	0.434725	0.341391	0.470008	0.365092	0.369823	0.530938	0.383842	0.489947	0.393077	0.377007	0.376784	0.376488	0.471531	0.469135	0.46713	0.491956	0.491514	0.48993	0.469034	0.452188	0.664917	0.457974	0.456032	0.456477	0.487538	0.440256	0.417389	0.416615	0.410664	0.437593	0.487595	0.481633	0.480091	0.499526	0.498249	0.498544	0.951118	0.944253	0.942884	0.945092	0.943245	0.943662	0.46307	0.477107	0.47861	0.477667	0.484638	0.486489	0.473701	0.473487	0.471303	0.493435	0.491329	0.49253	0.515773	0.509853	0.509958	0.546643	0.544876	0.546193
ERR605517-k20-n1-x5e9	0.33513	0.501264	0.348823	0.353138	0.351354	0.350731	0.258651	0.253975	0	0.253853	0.254571	0.253818	0.483269	0.4642	0.439544	0.328601	0.34211	0.351606	0.446705	0.349798	0.487971	0.378634	0.38332	0.547996	0.308049	0.305764	0.307103	0.306218	0.306644	0.307155	0.439025	0.428271	0.447703	0.357011	0.35764	0.356881	0.417982	0.341124	0.450935	0.355793	0.359541	0.511575	0.383828	0.472693	0.387656	0.378184	0.378826	0.378777	0.471745	0.470888	0.468874	0.487544	0.487258	0.485833	0.467186	0.4559	0.65122	0.4585	0.457294	0.457657	0.468583	0.423159	0.402085	0.401616	0.395503	0.420658	0.486472	0.48245	0.480392	0.496589	0.495524	0.496012	0.94747	0.942314	0.941488	0.943375	0.941676	0.942125	0.46533	0.475912	0.477876	0.476674	0.482554	0.484221	0.475604	0.476448	0.474285	0.48973	0.488055	0.488699	0.514446	0.509558	0.509485	0.540864	0.539163	0.540221
ERR605518-k20-n1-x5e9	0.343173	0.517478	0.35993	0.3631	0.361036	0.360589	0.252956	0.251508	0.253853	0	0.250063	0.250101	0.49888	0.479753	0.455617	0.330821	0.350605	0.362373	0.461781	0.350946	0.50201	0.386955	0.392247	0.562507	0.305835	0.306094	0.311016	0.306749	0.306313	0.307296	0.451294	0.439913	0.459972	0.356413	0.357205	0.356997	0.432912	0.340924	0.466117	0.363342	0.367832	0.527126	0.381654	0.48642	0.390587	0.375452	0.375257	0.375267	0.471226	0.468862	0.467094	0.49005	0.489677	0.487915	0.469467	0.45232	0.661958	0.45769	0.455692	0.456213	0.483471	0.435714	0.413037	0.411864	0.405938	0.433023	0.486935	0.481097	0.47971	0.498544	0.496984	0.497137	0.950672	0.943725	0.942371	0.94457	0.942852	0.94326	0.463456	0.477228	0.478767	0.477564	0.484546	0.486237	0.47325	0.473121	0.471126	0.491599	0.489441	0.490635	0.51575	0.509826	0.510187	0.545481	0.5437	0.544925
ERR605519-k20-n1-x5e9	0.345665	0.522018	0.362933	0.366639	0.36458	0.364068	0.251479	0.25083	0.254571	0.250063	0	0.249954	0.503259	0.484157	0.459416	0.331223	0.352141	0.364302	0.465216	0.352726	0.506729	0.390412	0.395897	0.56713	0.305944	0.306596	0.312336	0.307349	0.306818	0.307993	0.455493	0.44418	0.464301	0.357074	0.358088	0.357814	0.435345	0.341179	0.470391	0.365503	0.370147	0.531428	0.382039	0.489416	0.39202	0.37503	0.374679	0.374521	0.470397	0.468023	0.465937	0.490786	0.490401	0.488846	0.468331	0.450921	0.664564	0.456888	0.454887	0.45522	0.487478	0.43986	0.417008	0.415783	0.409854	0.436999	0.486429	0.480349	0.478719	0.498397	0.49693	0.497272	0.951041	0.943894	0.942481	0.944715	0.942963	0.94338	0.462126	0.476264	0.477801	0.476886	0.484007	0.485764	0.472229	0.472059	0.469948	0.492095	0.490048	0.491384	0.514839	0.508972	0.508957	0.546069	0.544245	0.54561
ERR605520-k20-n1-x5e9	0.34282	0.517276	0.359633	0.362853	0.360815	0.360264	0.252823	0.251448	0.253818	0.250101	0.249954	0	0.498863	0.479692	0.455513	0.330754	0.35029	0.362182	0.461863	0.351414	0.502106	0.387182	0.392423	0.562604	0.305818	0.305973	0.310838	0.306666	0.30591	0.307165	0.451279	0.439781	0.459969	0.356433	0.357238	0.35698	0.43267	0.34106	0.466083	0.363297	0.367963	0.527076	0.381798	0.486364	0.39079	0.375357	0.375089	0.37504	0.471043	0.468618	0.466895	0.49009	0.489526	0.488001	0.469041	0.45201	0.661664	0.457408	0.455493	0.45594	0.483294	0.435609	0.412855	0.411765	0.405778	0.432895	0.486695	0.480868	0.479303	0.49836	0.496684	0.497084	0.950463	0.943581	0.942245	0.944423	0.942679	0.943082	0.462828	0.476693	0.478132	0.477123	0.484065	0.485765	0.472896	0.472732	0.470763	0.491259	0.489335	0.490383	0.515419	0.509532	0.50967	0.545207	0.543502	0.544676
ERR609679-k20-n1-x5e9	0.424134	0.334954	0.40101	0.397744	0.399353	0.39935	0.518725	0.502992	0.483269	0.49888	0.503259	0.498863	0	0.27983	0.288902	0.441858	0.398048	0.380079	0.360589	0.460836	0.336827	0.401738	0.395807	0.353535	0.498793	0.484001	0.464635	0.480595	0.485286	0.481232	0.357404	0.364713	0.355448	0.485096	0.482354	0.480303	0.393075	0.488896	0.343843	0.428781	0.423401	0.348513	0.499996	0.359937	0.461087	0.51185	0.518249	0.519682	0.579071	0.586761	0.586684	0.545	0.545679	0.546669	0.565428	0.591978	0.537683	0.572424	0.576599	0.575489	0.340293	0.355988	0.372746	0.376382	0.380573	0.357199	0.581779	0.591154	0.590343	0.569087	0.570553	0.573412	0.947308	0.961378	0.965913	0.964669	0.963394	0.964227	0.588329	0.573538	0.576193	0.572779	0.568984	0.568894	0.594276	0.601288	0.601185	0.555576	0.558444	0.553212	0.602879	0.606219	0.606612	0.574597	0.576395	0.572823
ERR609680-k20-n1-x5e9	0.405502	0.338243	0.383273	0.380611	0.382099	0.381941	0.499679	0.483784	0.4642	0.479753	0.484157	0.479692	0.27983	0	0.278524	0.41979	0.376792	0.359127	0.349298	0.441283	0.331505	0.383448	0.377567	0.357159	0.478743	0.464007	0.444863	0.460717	0.465428	0.461274	0.347334	0.353415	0.346523	0.466172	0.463702	0.46159	0.378788	0.468778	0.335307	0.40969	0.404217	0.349459	0.481151	0.352438	0.442458	0.492968	0.49954	0.500815	0.563904	0.57164	0.571502	0.531285	0.531915	0.532732	0.550788	0.57674	0.539219	0.557295	0.561318	0.560196	0.33655	0.344734	0.35916	0.362436	0.366002	0.34606	0.567579	0.576713	0.575881	0.555455	0.556701	0.559565	0.94346	0.956589	0.96091	0.95986	0.958516	0.959317	0.573218	0.558884	0.56157	0.558113	0.554404	0.554351	0.57949	0.58662	0.586402	0.54163	0.544594	0.539665	0.589356	0.592364	0.592739	0.562765	0.564305	0.560931
ERR609681-k20-n1-x5e9	0.383588	0.350124	0.362342	0.363151	0.364172	0.363869	0.474749	0.458957	0.439544	0.455617	0.459416	0.455513	0.288902	0.278524	0	0.390602	0.347473	0.330812	0.333125	0.41915	0.338312	0.366885	0.362086	0.372885	0.453283	0.438386	0.419313	0.435729	0.439855	0.436138	0.342244	0.346997	0.345274	0.441687	0.439345	0.43714	0.35454	0.442639	0.332312	0.38673	0.381853	0.357753	0.456054	0.338276	0.417641	0.465656	0.472477	0.473864	0.540686	0.549174	0.548405	0.512916	0.51342	0.51421	0.524451	0.553078	0.541098	0.533195	0.53745	0.536412	0.335534	0.338904	0.349466	0.353533	0.355776	0.339069	0.544123	0.554142	0.552209	0.533247	0.53537	0.538125	0.936177	0.949306	0.953671	0.952535	0.951221	0.952044	0.549605	0.534204	0.537573	0.534277	0.530535	0.530618	0.556929	0.56456	0.563916	0.522735	0.524853	0.520518	0.566736	0.570224	0.570207	0.54465	0.545815	0.542724
ERR609682-k20-n1-x5e9	0.326106	0.498987	0.339886	0.345242	0.342978	0.343559	0.335964	0.331082	0.328601	0.330821	0.331223	0.330754	0.441858	0.41979	0.390602	0	0.265774	0.277701	0.417744	0.317254	0.465377	0.346973	0.352373	0.52987	0.315214	0.311552	0.311877	0.312524	0.312524	0.312648	0.414083	0.403823	0.424401	0.324717	0.324884	0.324463	0.388974	0.311264	0.43083	0.323998	0.328095	0.497667	0.32845	0.427683	0.326892	0.326601	0.329456	0.329863	0.44878	0.450083	0.448867	0.459512	0.45907	0.457869	0.44337	0.442295	0.633805	0.437654	0.437868	0.437818	0.451377	0.403782	0.381768	0.381054	0.375074	0.401263	0.46189	0.461229	0.459943	0.467594	0.466907	0.467913	0.937862	0.934508	0.93436	0.935832	0.934238	0.934734	0.447381	0.45009	0.451972	0.449858	0.453124	0.454225	0.457135	0.460038	0.458859	0.463512	0.461888	0.46268	0.492355	0.489081	0.489854	0.51489	0.513185	0.513828
ERR609683-k20-n1-x5e9	0.320198	0.457254	0.323754	0.329105	0.327506	0.327942	0.361909	0.351902	0.34211	0.350605	0.352141	0.35029	0.398048	0.376792	0.347473	0.265774	0	0.257922	0.380269	0.328622	0.425786	0.332274	0.334952	0.488013	0.338973	0.330052	0.322014	0.329717	0.331178	0.329654	0.38276	0.375161	0.392647	0.340744	0.340303	0.339013	0.359546	0.332274	0.394636	0.319522	0.320983	0.457568	0.349097	0.391088	0.332135	0.35063	0.355589	0.356612	0.461741	0.46637	0.464957	0.46099	0.460921	0.460502	0.451154	0.462519	0.606266	0.45161	0.453441	0.452963	0.413459	0.373803	0.357665	0.35815	0.353882	0.371297	0.471627	0.475323	0.473214	0.471733	0.472714	0.474417	0.932703	0.933881	0.935133	0.935801	0.934202	0.934866	0.464414	0.459713	0.462506	0.460037	0.46079	0.461587	0.47358	0.478744	0.477409	0.466539	0.465684	0.465209	0.500274	0.499542	0.499644	0.509939	0.508546	0.508669
ERR609684-k20-n1-x5e9	0.321965	0.44009	0.320961	0.326465	0.325178	0.325387	0.37552	0.364135	0.351606	0.362373	0.364302	0.362182	0.380079	0.359127	0.330812	0.277701	0.257922	0	0.366503	0.336219	0.409485	0.329334	0.33107	0.470228	0.351638	0.341002	0.330033	0.340068	0.34205	0.340302	0.371628	0.365606	0.381166	0.350839	0.349996	0.348483	0.349918	0.343493	0.380067	0.321447	0.321567	0.44071	0.360052	0.3773	0.337635	0.363024	0.368617	0.369602	0.469234	0.474879	0.473506	0.463913	0.463729	0.463473	0.45699	0.472757	0.595029	0.459563	0.462009	0.461321	0.39895	0.363373	0.350573	0.351612	0.347854	0.360961	0.477654	0.482996	0.480556	0.475921	0.477056	0.478947	0.931281	0.934429	0.936255	0.936582	0.935061	0.935746	0.473251	0.465933	0.468959	0.466207	0.466046	0.466704	0.48221	0.488089	0.486851	0.470226	0.469749	0.468627	0.505491	0.50584	0.505716	0.510125	0.509253	0.508582
ERR607152-k20-n1-x5e9	0.397098	0.394819	0.379438	0.383356	0.384084	0.384947	0.479979	0.464442	0.446705	0.461781	0.465216	0.461863	0.360589	0.349298	0.333125	0.417744	0.380269	0.366503	0	0.376013	0.305711	0.319146	0.313906	0.350818	0.450321	0.4345	0.415511	0.432374	0.436673	0.432764	0.367002	0.370927	0.373386	0.44084	0.439168	0.437143	0.332646	0.437	0.340596	0.378943	0.373592	0.370946	0.449753	0.332322	0.40714	0.458463	0.466169	0.467526	0.526361	0.537648	0.536721	0.49561	0.496101	0.497056	0.505686	0.5455	0.535037	0.520506	0.52612	0.524686	0.36589	0.368771	0.375811	0.379981	0.380447	0.368079	0.527215	0.540692	0.537337	0.513594	0.517215	0.51971	0.927246	0.943284	0.948214	0.946678	0.945336	0.946203	0.539887	0.518048	0.522029	0.518417	0.512451	0.512433	0.545615	0.555144	0.55422	0.506548	0.508482	0.504024	0.547718	0.553376	0.552532	0.521685	0.522156	0.51932
ERR607153-k20-n1-x5e9	0.341099	0.498511	0.354761	0.354339	0.352854	0.353574	0.357953	0.352783	0.349798	0.350946	0.352726	0.351414	0.460836	0.441283	0.41915	0.317254	0.328622	0.336219	0.376013	0	0.416085	0.278387	0.284617	0.488135	0.326801	0.322502	0.321353	0.32181	0.323753	0.322109	0.407097	0.396376	0.415393	0.334384	0.334466	0.333645	0.396246	0.3201	0.420735	0.321882	0.32501	0.48675	0.333598	0.425092	0.328195	0.33977	0.343217	0.343813	0.459208	0.459954	0.460441	0.457328	0.457388	0.456297	0.458929	0.457351	0.626689	0.449922	0.450288	0.450196	0.450133	0.400136	0.378312	0.377072	0.372063	0.397949	0.470578	0.469605	0.471158	0.471588	0.469913	0.470939	0.939896	0.936319	0.936088	0.937543	0.936004	0.936517	0.462528	0.463808	0.464856	0.461559	0.464445	0.465103	0.467848	0.470684	0.470811	0.462987	0.462367	0.462024	0.501431	0.497889	0.49983	0.513864	0.513061	0.513131
ERR607154-k20-n1-x5e9	0.427581	0.364608	0.407998	0.402188	0.404568	0.404609	0.521981	0.506157	0.487971	0.50201	0.506729	0.502106	0.336827	0.331505	0.338312	0.465377	0.425786	0.409485	0.305711	0.416085	0	0.343623	0.33609	0.298736	0.494124	0.478799	0.459313	0.475052	0.480848	0.475612	0.360558	0.366683	0.358496	0.48226	0.479554	0.477679	0.38809	0.482855	0.329925	0.416048	0.409407	0.341162	0.493624	0.355185	0.451427	0.509165	0.51588	0.517445	0.572981	0.581321	0.582216	0.528776	0.529788	0.531188	0.562103	0.591107	0.525018	0.568406	0.573022	0.571804	0.358972	0.362553	0.375997	0.379647	0.38336	0.364239	0.573938	0.584439	0.584834	0.55683	0.558496	0.561274	0.94283	0.957624	0.962317	0.961035	0.959602	0.960427	0.586221	0.56883	0.571138	0.566813	0.56199	0.561419	0.589542	0.59721	0.597597	0.541308	0.544777	0.538585	0.595533	0.599283	0.600248	0.557472	0.560065	0.555952
ERR607155-k20-n1-x5e9	0.341177	0.438629	0.341196	0.338639	0.338394	0.33926	0.401742	0.389689	0.378634	0.386955	0.390412	0.387182	0.401738	0.383448	0.366885	0.346973	0.332274	0.329334	0.319146	0.278387	0.343623	0	0.251342	0.413807	0.369556	0.357761	0.346399	0.35558	0.35993	0.35603	0.36439	0.358026	0.370364	0.366689	0.365008	0.36377	0.364254	0.35934	0.36495	0.320733	0.319447	0.423756	0.373173	0.377278	0.34519	0.385112	0.390893	0.392314	0.486603	0.491484	0.491971	0.464107	0.464451	0.464227	0.480722	0.494604	0.586256	0.478875	0.48149	0.480784	0.39832	0.359584	0.347449	0.347731	0.345517	0.358433	0.493024	0.497933	0.498824	0.485289	0.485492	0.487162	0.935229	0.93814	0.939847	0.940204	0.938547	0.939183	0.494865	0.486978	0.488997	0.484849	0.484324	0.484251	0.49968	0.505228	0.505409	0.472876	0.473983	0.471088	0.521908	0.521667	0.523128	0.512182	0.512508	0.510908
ERR607156-k20-n1-x5e9	0.343963	0.4326	0.342355	0.339258	0.339562	0.340178	0.407729	0.39521	0.38332	0.392247	0.395897	0.392423	0.395807	0.377567	0.362086	0.352373	0.334952	0.33107	0.313906	0.284617	0.33609	0.251342	0	0.405611	0.375402	0.363302	0.351099	0.360972	0.365416	0.361618	0.361323	0.355729	0.367216	0.372468	0.370831	0.369387	0.36221	0.364888	0.36001	0.323474	0.321617	0.417107	0.379118	0.37264	0.349737	0.391407	0.397292	0.398676	0.490586	0.495685	0.496202	0.466596	0.467125	0.467008	0.484084	0.499267	0.582178	0.482819	0.485656	0.484905	0.393642	0.357085	0.346473	0.346758	0.344986	0.355776	0.496765	0.502079	0.502968	0.488298	0.488798	0.490568	0.935002	0.938676	0.940549	0.940846	0.939221	0.939898	0.499181	0.490422	0.492519	0.488235	0.487451	0.487408	0.504042	0.509918	0.509959	0.475698	0.477037	0.474012	0.525026	0.525127	0.526591	0.513521	0.513871	0.512172
ERR607157-k20-n1-x5e9	0.488608	0.371543	0.466111	0.46028	0.46278	0.462743	0.582333	0.566654	0.547996	0.562507	0.56713	0.562604	0.353535	0.357159	0.372885	0.52987	0.488013	0.470228	0.350818	0.488135	0.298736	0.413807	0.405611	0	0.558076	0.542888	0.523445	0.539116	0.544508	0.539887	0.403156	0.412954	0.398401	0.544887	0.542094	0.540018	0.435128	0.547584	0.367871	0.479952	0.472948	0.343501	0.557316	0.388896	0.515257	0.57179	0.578428	0.579853	0.62263	0.631734	0.632198	0.576063	0.577165	0.578562	0.610074	0.642409	0.51571	0.618899	0.623825	0.622529	0.382317	0.406684	0.427127	0.430968	0.436121	0.407973	0.622321	0.633771	0.633721	0.603882	0.606165	0.60898	0.954345	0.973528	0.979195	0.977275	0.976005	0.976821	0.636303	0.617428	0.620053	0.615723	0.610219	0.609582	0.639339	0.647277	0.6475	0.588335	0.59233	0.585817	0.640702	0.645503	0.646069	0.597068	0.599741	0.595161
ERR605473-k20-n1-x5e9	0.353933	0.528648	0.371472	0.375334	0.373217	0.373019	0.306294	0.305457	0.308049	0.305835	0.305944	0.305818	0.498793	0.478743	0.453283	0.315214	0.338973	0.351638	0.450321	0.326801	0.494124	0.369556	0.375402	0.558076	0	0.246562	0.255502	0.249499	0.247989	0.249041	0.452276	0.440958	0.461518	0.348517	0.349485	0.349418	0.414706	0.313229	0.454587	0.3399	0.3454	0.520025	0.349312	0.469067	0.358017	0.345307	0.346334	0.34649	0.460801	0.459299	0.458283	0.478006	0.47751	0.475956	0.461284	0.449227	0.66002	0.450521	0.449235	0.449653	0.490392	0.441625	0.418361	0.416823	0.41075	0.439158	0.475353	0.471028	0.470565	0.484735	0.483032	0.48358	0.946899	0.940611	0.939503	0.941536	0.940019	0.940449	0.457314	0.466636	0.467642	0.465917	0.47151	0.472796	0.465385	0.466188	0.465145	0.480952	0.478712	0.480427	0.506204	0.500934	0.501779	0.535537	0.533776	0.535015
ERR605474-k20-n1-x5e9	0.345731	0.513865	0.361068	0.364914	0.363276	0.362778	0.309261	0.305735	0.305764	0.306094	0.306596	0.305973	0.484001	0.464007	0.438386	0.311552	0.330052	0.341002	0.4345	0.322502	0.478799	0.357761	0.363302	0.542888	0.246562	0	0.250185	0.247862	0.247134	0.247489	0.440377	0.429585	0.449655	0.347769	0.348502	0.348368	0.400104	0.312316	0.439277	0.330397	0.335089	0.504731	0.350011	0.455227	0.353216	0.347419	0.349088	0.349597	0.460928	0.460641	0.459502	0.474204	0.473704	0.472249	0.459186	0.452192	0.649705	0.450697	0.450067	0.450231	0.476939	0.429623	0.40766	0.406275	0.400549	0.427238	0.474371	0.471738	0.470794	0.481732	0.480669	0.481273	0.943927	0.939143	0.938464	0.940299	0.938671	0.939158	0.458567	0.465189	0.466558	0.464547	0.469287	0.470521	0.466944	0.468685	0.46762	0.477552	0.475683	0.476884	0.504919	0.50052	0.501214	0.530097	0.528373	0.529379
ERR605475-k20-n1-x5e9	0.338704	0.495243	0.349673	0.353759	0.352231	0.351981	0.318522	0.312294	0.307103	0.311016	0.312336	0.310838	0.464635	0.444863	0.419313	0.311877	0.322014	0.330033	0.415511	0.321353	0.459313	0.346399	0.351099	0.523445	0.255502	0.250185	0	0.250591	0.251242	0.250279	0.425059	0.41482	0.434009	0.349739	0.349897	0.349404	0.383519	0.315312	0.420239	0.322412	0.325883	0.485236	0.352916	0.437372	0.349226	0.351919	0.354923	0.355394	0.462367	0.463771	0.462844	0.470435	0.470115	0.468922	0.458897	0.457445	0.636294	0.452843	0.4531	0.452998	0.459851	0.414961	0.394911	0.393712	0.38871	0.412744	0.474402	0.473697	0.472515	0.47964	0.478777	0.479924	0.940642	0.937655	0.937611	0.939134	0.937631	0.938156	0.462569	0.465546	0.467322	0.465004	0.468619	0.469676	0.47027	0.473132	0.472167	0.474881	0.473449	0.474088	0.504624	0.501352	0.502024	0.524858	0.523332	0.524008
ERR605476-k20-n1-x5e9	0.34507	0.510821	0.359252	0.362442	0.360897	0.360426	0.311595	0.308388	0.306218	0.306749	0.307349	0.306666	0.480595	0.460717	0.435729	0.312524	0.329717	0.340068	0.432374	0.32181	0.475052	0.35558	0.360972	0.539116	0.249499	0.247862	0.250591	0	0.246569	0.246415	0.436467	0.425318	0.44524	0.347342	0.347741	0.347402	0.399566	0.313871	0.436464	0.329944	0.334575	0.501595	0.349375	0.452407	0.351989	0.347451	0.349372	0.349612	0.461723	0.461427	0.460602	0.473243	0.472905	0.47158	0.460732	0.453285	0.647669	0.451591	0.451069	0.451201	0.473772	0.426127	0.404354	0.402774	0.397245	0.423788	0.475044	0.472385	0.471724	0.482087	0.480698	0.481499	0.943875	0.939002	0.93833	0.940159	0.938679	0.939161	0.460138	0.46641	0.467778	0.46583	0.470324	0.471603	0.467694	0.469382	0.468496	0.477091	0.475232	0.476354	0.505708	0.501301	0.502206	0.529967	0.528285	0.529236
ERR605477-k20-n1-x5e9	0.347144	0.515747	0.362329	0.366009	0.363951	0.363694	0.310301	0.30733	0.306644	0.306313	0.306818	0.30591	0.485286	0.465428	0.439855	0.312524	0.331178	0.34205	0.436673	0.323753	0.480848	0.35993	0.365416	0.544508	0.247989	0.247134	0.251242	0.246569	0	0.246066	0.440765	0.42998	0.450103	0.347096	0.347718	0.347839	0.402125	0.312727	0.441057	0.331929	0.336843	0.506456	0.348604	0.455866	0.352594	0.34569	0.347147	0.34755	0.460543	0.460204	0.459258	0.474356	0.473777	0.472451	0.459463	0.451378	0.650813	0.450305	0.449681	0.449836	0.478172	0.43072	0.408576	0.406976	0.401405	0.428134	0.47427	0.471298	0.470646	0.481916	0.480668	0.481286	0.944381	0.939253	0.938544	0.940367	0.938858	0.939316	0.45846	0.465172	0.466779	0.464757	0.469544	0.470933	0.466499	0.468102	0.467089	0.477819	0.475829	0.47725	0.504872	0.500441	0.501159	0.53089	0.529096	0.530214
ERR605478-k20-n1-x5e9	0.345228	0.511419	0.35975	0.362925	0.361099	0.360971	0.31232	0.308678	0.307155	0.307296	0.307993	0.307165	0.481232	0.461274	0.436138	0.312648	0.329654	0.340302	0.432764	0.322109	0.475612	0.35603	0.361618	0.539887	0.249041	0.247489	0.250279	0.246415	0.246066	0	0.436409	0.425778	0.445708	0.346728	0.347235	0.346974	0.399459	0.312904	0.436604	0.329636	0.3341	0.50195	0.347851	0.451802	0.350686	0.346028	0.347933	0.348251	0.461232	0.460921	0.460215	0.472848	0.472565	0.471145	0.460171	0.452756	0.647645	0.450854	0.450438	0.450585	0.474357	0.426593	0.404762	0.40313	0.39759	0.424322	0.474175	0.471547	0.471019	0.481235	0.479831	0.480585	0.943768	0.938921	0.938257	0.9401	0.938601	0.939025	0.459468	0.465767	0.466992	0.465107	0.469796	0.470935	0.467168	0.468908	0.46812	0.476668	0.474665	0.475853	0.505274	0.500968	0.501737	0.529518	0.527898	0.528947
ERR608615-k20-n1-x5e9	0.372819	0.375006	0.357067	0.352107	0.35337	0.353918	0.469239	0.456437	0.439025	0.451294	0.455493	0.451279	0.357404	0.347334	0.342244	0.414083	0.38276	0.371628	0.367002	0.407097	0.360558	0.36439	0.361323	0.403156	0.452276	0.440377	0.425059	0.436467	0.440765	0.436409	0	0.263725	0.264217	0.370415	0.367283	0.365412	0.372047	0.423337	0.340613	0.372903	0.369061	0.377837	0.418308	0.338314	0.383933	0.431336	0.437337	0.438758	0.513671	0.520256	0.520987	0.481579	0.482182	0.482744	0.50396	0.524688	0.536083	0.505944	0.509395	0.508451	0.327502	0.307911	0.312792	0.313803	0.315953	0.308309	0.512051	0.519646	0.52018	0.499992	0.500012	0.502611	0.932153	0.940797	0.944291	0.943655	0.942575	0.943243	0.522172	0.510054	0.511866	0.508481	0.506417	0.505974	0.523975	0.530575	0.53112	0.485949	0.488931	0.483962	0.54106	0.542558	0.543921	0.51731	0.519277	0.516088
ERR608616-k20-n1-x5e9	0.364755	0.384585	0.351004	0.345372	0.346861	0.347096	0.457331	0.445192	0.428271	0.439913	0.44418	0.439781	0.364713	0.353415	0.346997	0.403823	0.375161	0.365606	0.370927	0.396376	0.366683	0.358026	0.355729	0.412954	0.440958	0.429585	0.41482	0.425318	0.42998	0.425778	0.263725	0	0.265135	0.35619	0.353151	0.351176	0.373927	0.412777	0.345586	0.365437	0.362416	0.387977	0.406018	0.34428	0.374089	0.419511	0.425208	0.426482	0.507182	0.512758	0.513679	0.476718	0.477142	0.477763	0.499655	0.516392	0.544611	0.499317	0.502544	0.501605	0.333901	0.306868	0.307868	0.30807	0.309503	0.307012	0.506014	0.51223	0.513337	0.495369	0.494871	0.497252	0.933083	0.939856	0.942843	0.942507	0.941476	0.942078	0.51501	0.505268	0.506454	0.503304	0.50195	0.501718	0.516215	0.522208	0.522877	0.48075	0.483658	0.478816	0.536441	0.537041	0.538774	0.515664	0.517684	0.514473
ERR608617-k20-n1-x5e9	0.381632	0.371714	0.365586	0.359363	0.360639	0.360641	0.47792	0.465341	0.447703	0.459972	0.464301	0.459969	0.355448	0.346523	0.345274	0.424401	0.392647	0.381166	0.373386	0.415393	0.358496	0.370364	0.367216	0.398401	0.461518	0.449655	0.434009	0.44524	0.450103	0.445708	0.264217	0.265135	0	0.380995	0.377767	0.375832	0.381818	0.433837	0.341983	0.382251	0.378219	0.375394	0.427935	0.343404	0.393675	0.4422	0.448071	0.449369	0.523133	0.529161	0.530182	0.488942	0.489397	0.490314	0.515104	0.534103	0.535726	0.51585	0.519338	0.51826	0.327247	0.309013	0.315417	0.316029	0.319119	0.309689	0.521499	0.528597	0.529704	0.508984	0.508835	0.511211	0.934972	0.943641	0.947116	0.946532	0.945436	0.946084	0.53165	0.520266	0.521832	0.518412	0.516214	0.515998	0.532864	0.539023	0.539843	0.493584	0.496727	0.491537	0.550389	0.551477	0.553213	0.5246	0.52713	0.523535
ERR608618-k20-n1-x5e9	0.340875	0.513807	0.355963	0.358088	0.356188	0.357036	0.36024	0.358676	0.357011	0.356413	0.357074	0.356433	0.485096	0.466172	0.441687	0.324717	0.340744	0.350839	0.44084	0.334384	0.48226	0.366689	0.372468	0.544887	0.348517	0.347769	0.349739	0.347342	0.347096	0.346728	0.370415	0.35619	0.380995	0	0.243464	0.243659	0.40539	0.314859	0.44232	0.332869	0.337455	0.50959	0.30175	0.427684	0.3079	0.30302	0.304654	0.304944	0.430933	0.430146	0.430492	0.439546	0.439171	0.437997	0.430884	0.422911	0.628641	0.419565	0.419419	0.419116	0.450041	0.395849	0.370987	0.36813	0.361603	0.392993	0.435759	0.432842	0.43407	0.44144	0.438881	0.439554	0.935666	0.930018	0.929396	0.93104	0.929928	0.930209	0.429556	0.435046	0.435594	0.433731	0.43827	0.439249	0.431259	0.433168	0.433299	0.43712	0.435893	0.436716	0.473568	0.468663	0.470603	0.496471	0.495187	0.495936
ERR608619-k20-n1-x5e9	0.339509	0.510967	0.354267	0.356087	0.354272	0.354816	0.361302	0.359551	0.35764	0.357205	0.358088	0.357238	0.482354	0.463702	0.439345	0.324884	0.340303	0.349996	0.439168	0.334466	0.479554	0.365008	0.370831	0.542094	0.349485	0.348502	0.349897	0.347741	0.347718	0.347235	0.367283	0.353151	0.377767	0.243464	0	0.243521	0.404291	0.315571	0.439681	0.332142	0.336494	0.507065	0.301861	0.425427	0.307097	0.303591	0.30534	0.305715	0.431298	0.430729	0.431064	0.438992	0.438407	0.437485	0.431689	0.423777	0.626697	0.420252	0.420222	0.419819	0.447191	0.392875	0.368136	0.365366	0.358892	0.390068	0.436169	0.433172	0.434747	0.441419	0.438739	0.439311	0.935425	0.929865	0.929326	0.930923	0.929828	0.930156	0.430083	0.435519	0.435875	0.434133	0.438645	0.439607	0.431841	0.433819	0.434147	0.436629	0.435601	0.436236	0.474029	0.469195	0.471172	0.496135	0.49487	0.495421
ERR608620-k20-n1-x5e9	0.338375	0.50893	0.352716	0.354583	0.352915	0.353401	0.361324	0.359185	0.356881	0.356997	0.357814	0.35698	0.480303	0.46159	0.43714	0.324463	0.339013	0.348483	0.437143	0.333645	0.477679	0.36377	0.369387	0.540018	0.349418	0.348368	0.349404	0.347402	0.347839	0.346974	0.365412	0.351176	0.375832	0.243659	0.243521	0	0.402594	0.315599	0.437845	0.331074	0.335642	0.505131	0.302004	0.423355	0.306414	0.303717	0.305568	0.305712	0.431338	0.430774	0.431284	0.438674	0.438129	0.437135	0.431165	0.424091	0.625283	0.420253	0.420219	0.419824	0.445298	0.391	0.366542	0.363738	0.357267	0.38819	0.436032	0.433256	0.434631	0.441249	0.438549	0.439186	0.935147	0.929718	0.929301	0.930873	0.929762	0.930067	0.430465	0.435431	0.435912	0.433941	0.438423	0.439352	0.432284	0.434343	0.434565	0.436522	0.435608	0.436138	0.474012	0.469127	0.471102	0.495451	0.494452	0.494889
ERR607224-k20-n1-x5e9	0.357386	0.399149	0.342783	0.3526	0.352169	0.352859	0.448169	0.434725	0.417982	0.432912	0.435345	0.43267	0.393075	0.378788	0.35454	0.388974	0.359546	0.349918	0.332646	0.396246	0.38809	0.364254	0.36221	0.435128	0.414706	0.400104	0.383519	0.399566	0.402125	0.399459	0.372047	0.373927	0.381818	0.40539	0.404291	0.402594	0	0.359128	0.306707	0.306914	0.302195	0.35815	0.411367	0.33396	0.371519	0.417646	0.426182	0.427523	0.475376	0.488542	0.487216	0.454482	0.454341	0.455473	0.449877	0.497167	0.538008	0.468448	0.474955	0.473264	0.384032	0.377946	0.379396	0.382791	0.381154	0.376091	0.474694	0.490478	0.486338	0.461953	0.466177	0.468952	0.914514	0.928882	0.933477	0.932028	0.93073	0.931638	0.487731	0.461518	0.46591	0.461948	0.454289	0.454178	0.496625	0.507386	0.506222	0.46251	0.463266	0.460597	0.496228	0.503137	0.502109	0.479584	0.478852	0.477045
ERR607225-k20-n1-x5e9	0.324568	0.507538	0.341901	0.346101	0.343917	0.344542	0.343005	0.341391	0.341124	0.340924	0.341179	0.34106	0.488896	0.468778	0.442639	0.311264	0.332274	0.343493	0.437	0.3201	0.482855	0.35934	0.364888	0.547584	0.313229	0.312316	0.315312	0.313871	0.312727	0.312904	0.423337	0.412777	0.433837	0.314859	0.315571	0.315599	0.359128	0	0.409405	0.273523	0.279625	0.483342	0.312342	0.436018	0.316589	0.312959	0.31609	0.3165	0.42022	0.421163	0.421008	0.434479	0.433801	0.432506	0.416414	0.415904	0.629598	0.407839	0.408517	0.408043	0.470371	0.420468	0.396992	0.395542	0.389127	0.417936	0.43074	0.429894	0.43093	0.436203	0.434614	0.435568	0.932385	0.927536	0.926996	0.928691	0.927106	0.927607	0.418291	0.419208	0.420335	0.41681	0.419611	0.420424	0.428064	0.431029	0.430928	0.436221	0.433972	0.43593	0.463168	0.459404	0.461174	0.490488	0.48846	0.489683
ERR607226-k20-n1-x5e9	0.376312	0.338791	0.356038	0.354228	0.355586	0.355818	0.484841	0.470008	0.450935	0.466117	0.470391	0.466083	0.343843	0.335307	0.332312	0.43083	0.394636	0.380067	0.340596	0.420735	0.329925	0.36495	0.36001	0.367871	0.454587	0.439277	0.420239	0.436464	0.441057	0.436604	0.340613	0.345586	0.341983	0.44232	0.439681	0.437845	0.306707	0.409405	0	0.340048	0.333484	0.294714	0.453476	0.333584	0.411408	0.468151	0.475627	0.477295	0.524008	0.534016	0.534533	0.484371	0.484597	0.486093	0.509613	0.544575	0.512098	0.518335	0.523879	0.522313	0.350467	0.346884	0.356953	0.360468	0.362409	0.348119	0.523832	0.536162	0.536183	0.506199	0.50819	0.511168	0.927071	0.941267	0.945846	0.944577	0.943312	0.94412	0.536351	0.515526	0.518033	0.513268	0.507118	0.506362	0.542102	0.550852	0.551289	0.494536	0.497595	0.492404	0.546427	0.550973	0.552095	0.512542	0.514385	0.510919
ERR607227-k20-n1-x5e9	0.306292	0.443589	0.31143	0.31392	0.313046	0.313609	0.374233	0.365092	0.355793	0.363342	0.365503	0.363297	0.428781	0.40969	0.38673	0.323998	0.319522	0.321447	0.378943	0.321882	0.416048	0.320733	0.323474	0.479952	0.3399	0.330397	0.322412	0.329944	0.331929	0.329636	0.372903	0.365437	0.382251	0.332869	0.332142	0.331074	0.306914	0.273523	0.340048	0	0.246862	0.412025	0.338121	0.380204	0.315507	0.347485	0.353961	0.355208	0.438	0.443935	0.444235	0.427108	0.426471	0.42639	0.428456	0.446689	0.584541	0.428147	0.431362	0.430499	0.415584	0.372956	0.356634	0.356617	0.351931	0.370834	0.443286	0.449441	0.449885	0.437242	0.437705	0.439537	0.923701	0.925333	0.926711	0.927246	0.925626	0.926231	0.443517	0.43304	0.435099	0.430559	0.429044	0.428884	0.451977	0.45821	0.458364	0.431947	0.431888	0.43074	0.473789	0.474036	0.475482	0.47516	0.474288	0.473735
ERR607228-k20-n1-x5e9	0.307397	0.437041	0.310608	0.313106	0.31225	0.312958	0.379415	0.369823	0.359541	0.367832	0.370147	0.367963	0.423401	0.404217	0.381853	0.328095	0.320983	0.321567	0.373592	0.32501	0.409407	0.319447	0.321617	0.472948	0.3454	0.335089	0.325883	0.334575	0.336843	0.3341	0.369061	0.362416	0.378219	0.337455	0.336494	0.335642	0.302195	0.279625	0.333484	0.246862	0	0.40464	0.342871	0.37451	0.317994	0.352893	0.359466	0.360664	0.440967	0.447393	0.44762	0.427813	0.427524	0.427458	0.430614	0.450889	0.580255	0.431278	0.434846	0.433768	0.410288	0.369446	0.35423	0.354125	0.350052	0.367515	0.445869	0.452698	0.452929	0.439025	0.4395	0.441434	0.92322	0.92557	0.927158	0.92759	0.925961	0.926614	0.447052	0.435398	0.437655	0.432906	0.431171	0.431	0.455533	0.46214	0.462224	0.433238	0.43342	0.431924	0.475864	0.476605	0.477943	0.474763	0.474245	0.473338
ERR607229-k20-n1-x5e9	0.439244	0.328601	0.415119	0.411999	0.413983	0.413685	0.546469	0.530938	0.511575	0.527126	0.531428	0.527076	0.348513	0.349459	0.357753	0.497667	0.457568	0.44071	0.370946	0.48675	0.341162	0.423756	0.417107	0.343501	0.520025	0.504731	0.485236	0.501595	0.506456	0.50195	0.377837	0.387977	0.375394	0.50959	0.507065	0.505131	0.35815	0.483342	0.294714	0.412025	0.40464	0	0.522153	0.362136	0.480026	0.536109	0.543258	0.544933	0.578055	0.588762	0.589087	0.53378	0.534495	0.536234	0.562627	0.600644	0.495218	0.573837	0.579555	0.577951	0.364859	0.385987	0.404964	0.408811	0.413153	0.386993	0.576549	0.589874	0.589411	0.557177	0.560129	0.562942	0.937577	0.956951	0.962673	0.960732	0.959419	0.960251	0.591338	0.569094	0.571815	0.567189	0.560211	0.559514	0.596411	0.605253	0.605704	0.5447	0.548294	0.542118	0.595814	0.60144	0.602004	0.553529	0.555986	0.551606
ERR610205-k20-n1-x5e9	0.360595	0.534026	0.377109	0.379034	0.377034	0.378011	0.383973	0.383842	0.383828	0.381654	0.382039	0.381798	0.499996	0.481151	0.456054	0.32845	0.349097	0.360052	0.449753	0.333598	0.493624	0.373173	0.379118	0.557316	0.349312	0.350011	0.352916	0.349375	0.348604	0.347851	0.418308	0.406018	0.427935	0.30175	0.301861	0.302004	0.411367	0.312342	0.453476	0.338121	0.342871	0.522153	0	0.408049	0.249629	0.240165	0.241951	0.242784	0.420019	0.41892	0.420957	0.431194	0.430316	0.429224	0.425104	0.420637	0.633424	0.413091	0.413383	0.413064	0.476866	0.423812	0.399519	0.39632	0.390281	0.42127	0.422453	0.420049	0.423634	0.427885	0.423858	0.424591	0.935502	0.92962	0.928932	0.930628	0.929881	0.930132	0.424622	0.425387	0.425001	0.42237	0.425485	0.425863	0.4237	0.425714	0.427584	0.431338	0.429468	0.431799	0.465694	0.460526	0.463857	0.492965	0.49094	0.492188
