	ERR605321-k20-n1-x5e9	ERR605322-k20-n1-x5e9	ERR605323-k20-n1-x5e9	ERR605324-k20-n1-x5e9	ERR605325-k20-n1-x5e9	ERR605326-k20-n1-x5e9	ERR605369-k20-n1-x5e9	ERR605370-k20-n1-x5e9	ERR605371-k20-n1-x5e9	ERR605372-k20-n1-x5e9	ERR605373-k20-n1-x5e9	ERR605374-k20-n1-x5e9	ERR610075-k20-n1-x5e9	ERR610076-k20-n1-x5e9	ERR610077-k20-n1-x5e9	ERR610078-k20-n1-x5e9	ERR610079-k20-n1-x5e9	ERR610080-k20-n1-x5e9	ERR605958-k20-n1-x5e9	ERR605959-k20-n1-x5e9	ERR605960-k20-n1-x5e9	ERR605961-k20-n1-x5e9	ERR605962-k20-n1-x5e9	ERR605963-k20-n1-x5e9	ERR605922-k20-n1-x5e9	ERR605923-k20-n1-x5e9	ERR605924-k20-n1-x5e9	ERR605925-k20-n1-x5e9	ERR605926-k20-n1-x5e9	ERR605927-k20-n1-x5e9	ERR605787-k20-n1-x5e9	ERR605788-k20-n1-x5e9	ERR605789-k20-n1-x5e9	ERR605790-k20-n1-x5e9	ERR605791-k20-n1-x5e9	ERR605792-k20-n1-x5e9	ERR605423-k20-n1-x5e9	ERR605424-k20-n1-x5e9	ERR605425-k20-n1-x5e9	ERR605426-k20-n1-x5e9	ERR605427-k20-n1-x5e9	ERR605428-k20-n1-x5e9	ERR607373-k20-n1-x5e9	ERR607374-k20-n1-x5e9	ERR607375-k20-n1-x5e9	ERR607376-k20-n1-x5e9	ERR607377-k20-n1-x5e9	ERR607378-k20-n1-x5e9	ERR608149-k20-n1-x5e9	ERR608150-k20-n1-x5e9	ERR608151-k20-n1-x5e9	ERR608152-k20-n1-x5e9	ERR608153-k20-n1-x5e9	ERR608154-k20-n1-x5e9	ERR605683-k20-n1-x5e9	ERR605684-k20-n1-x5e9	ERR605685-k20-n1-x5e9	ERR605686-k20-n1-x5e9	ERR605687-k20-n1-x5e9	ERR605688-k20-n1-x5e9	ERR605259-k20-n1-x5e9	ERR605260-k20-n1-x5e9	ERR605261-k20-n1-x5e9	ERR605262-k20-n1-x5e9	ERR605263-k20-n1-x5e9	ERR605264-k20-n1-x5e9	ERR608057-k20-n1-x5e9	ERR608058-k20-n1-x5e9	ERR608059-k20-n1-x5e9	ERR608060-k20-n1-x5e9	ERR608061-k20-n1-x5e9	ERR608062-k20-n1-x5e9	ERR605653-k20-n1-x5e9	ERR605654-k20-n1-x5e9	ERR605655-k20-n1-x5e9	ERR605656-k20-n1-x5e9	ERR605657-k20-n1-x5e9	ERR605658-k20-n1-x5e9	ERR606000-k20-n1-x5e9	ERR606001-k20-n1-x5e9	ERR606002-k20-n1-x5e9	ERR606003-k20-n1-x5e9	ERR606004-k20-n1-x5e9	ERR606005-k20-n1-x5e9	ERR607603-k20-n1-x5e9	ERR607604-k20-n1-x5e9	ERR607605-k20-n1-x5e9	ERR607606-k20-n1-x5e9	ERR607607-k20-n1-x5e9	ERR607608-k20-n1-x5e9	ERR608099-k20-n1-x5e9	ERR608100-k20-n1-x5e9	ERR608101-k20-n1-x5e9	ERR608102-k20-n1-x5e9	ERR608103-k20-n1-x5e9	ERR608104-k20-n1-x5e9
ERR605321-k20-n1-x5e9	0	0.413813	0.246559	0.252949	0.251282	0.250696	0.297142	0.455012	0.3053	0.311647	0.310627	0.310321	0.499859	0.339494	0.67472	0.364056	0.392933	0.38859	0.395691	0.33338	0.334092	0.374837	0.37435	0.37813	0.358227	0.337975	0.340646	0.337984	0.337855	0.340328	0.581545	0.603323	0.408643	0.444196	0.447828	0.451171	0.302985	0.420973	0.297924	0.305071	0.30419	0.303168	0.368528	0.326145	0.327881	0.326762	0.326495	0.326114	0.472308	0.436398	0.426644	0.428029	0.425765	0.437293	0.418596	0.429633	0.433144	0.451957	0.498825	0.490908	0.440925	0.43795	0.465649	0.445113	0.444064	0.443098	0.936423	0.931394	0.9307	0.932502	0.9308	0.93134	0.446981	0.455033	0.458011	0.470011	0.459233	0.461151	0.469314	0.427483	0.427398	0.45304	0.452657	0.454822	0.321181	0.32802	0.330152	0.329338	0.336197	0.338192	0.44053	0.439783	0.437499	0.451103	0.4519	0.451083
ERR605322-k20-n1-x5e9	0.413813	0	0.386935	0.375	0.377843	0.377721	0.425644	0.316327	0.400542	0.394381	0.396757	0.397072	0.339093	0.410232	0.497322	0.374024	0.366694	0.368796	0.337947	0.436221	0.441357	0.370691	0.371246	0.370209	0.376008	0.495046	0.499561	0.420896	0.42132	0.41813	0.39925	0.420662	0.361501	0.351567	0.351049	0.350921	0.464959	0.312689	0.434983	0.429445	0.431741	0.4287	0.370751	0.448879	0.464069	0.449384	0.447822	0.447605	0.463188	0.48597	0.499271	0.501738	0.504492	0.485106	0.475774	0.464996	0.461913	0.44848	0.451885	0.449989	0.552379	0.540909	0.487996	0.521471	0.522329	0.527715	0.931785	0.945088	0.94957	0.948499	0.947005	0.947875	0.48331	0.468626	0.465656	0.466395	0.462013	0.460565	0.454364	0.511348	0.513984	0.469392	0.469146	0.468214	0.456289	0.421115	0.417617	0.413729	0.39949	0.396752	0.52952	0.542465	0.542697	0.51295	0.51725	0.517777
ERR605323-k20-n1-x5e9	0.246559	0.386935	0	0.246585	0.245956	0.24509	0.298435	0.430327	0.298209	0.304116	0.303834	0.303029	0.476052	0.333588	0.653229	0.350045	0.374208	0.370352	0.373818	0.335118	0.337007	0.3624	0.361662	0.36498	0.34058	0.350992	0.354385	0.334959	0.334609	0.336488	0.559574	0.581325	0.392061	0.42392	0.427018	0.430128	0.316031	0.399823	0.303085	0.309924	0.309482	0.307879	0.351527	0.328465	0.333977	0.329694	0.329008	0.328833	0.457466	0.42858	0.422536	0.424419	0.422949	0.429467	0.410777	0.418748	0.420952	0.437361	0.479892	0.472253	0.445266	0.439808	0.453431	0.440124	0.439332	0.439791	0.930873	0.928537	0.928701	0.930046	0.928458	0.929039	0.44465	0.449485	0.451246	0.462965	0.450785	0.452542	0.452859	0.428053	0.428489	0.443373	0.443033	0.445036	0.323943	0.320877	0.322496	0.321215	0.324902	0.326544	0.439497	0.442187	0.439809	0.445798	0.447355	0.446929
ERR605324-k20-n1-x5e9	0.252949	0.375	0.246585	0	0.243598	0.242938	0.299124	0.418025	0.297286	0.299317	0.29919	0.298761	0.461861	0.327878	0.642172	0.340182	0.368963	0.365117	0.364992	0.327994	0.329983	0.348421	0.348095	0.351171	0.337665	0.351706	0.355293	0.327261	0.327588	0.328774	0.544472	0.567183	0.378269	0.411442	0.415024	0.418593	0.31682	0.385453	0.302476	0.305048	0.304959	0.303353	0.348042	0.328205	0.33416	0.328753	0.328024	0.327872	0.456643	0.428548	0.423659	0.424896	0.423919	0.42917	0.41207	0.418899	0.420843	0.433741	0.478831	0.470757	0.450859	0.445361	0.453584	0.445511	0.444789	0.445677	0.931812	0.929277	0.92944	0.930734	0.929181	0.929743	0.437831	0.441901	0.443617	0.453437	0.44543	0.446469	0.450251	0.425947	0.426554	0.436628	0.436572	0.438258	0.3284	0.3226	0.323051	0.320765	0.322944	0.323433	0.442942	0.445819	0.444857	0.445991	0.447527	0.44706
ERR605325-k20-n1-x5e9	0.251282	0.377843	0.245956	0.243598	0	0.242865	0.298484	0.421051	0.297838	0.300127	0.299769	0.299509	0.465118	0.328926	0.644897	0.342596	0.370988	0.366982	0.367726	0.327805	0.329815	0.350297	0.350072	0.353145	0.338866	0.350242	0.353549	0.327581	0.327976	0.329124	0.547922	0.570377	0.380921	0.414294	0.417857	0.4215	0.315812	0.388882	0.301936	0.304984	0.304712	0.303144	0.34933	0.327486	0.332981	0.327724	0.327356	0.327235	0.456744	0.427913	0.422651	0.423781	0.422964	0.428531	0.411435	0.41872	0.420617	0.434205	0.479387	0.471504	0.448867	0.443254	0.453466	0.444108	0.443242	0.444155	0.93188	0.929091	0.929152	0.930518	0.928946	0.929526	0.437806	0.442204	0.443941	0.454082	0.445723	0.446668	0.450615	0.424503	0.425019	0.436586	0.436468	0.438264	0.327458	0.322452	0.322997	0.320724	0.323458	0.324121	0.441635	0.444281	0.443261	0.445056	0.446496	0.446031
ERR605326-k20-n1-x5e9	0.250696	0.377721	0.24509	0.242938	0.242865	0	0.298324	0.420875	0.297245	0.300013	0.299813	0.299387	0.464989	0.328584	0.644794	0.342092	0.369993	0.365857	0.36687	0.328092	0.330214	0.350454	0.350034	0.352951	0.337884	0.350151	0.353707	0.327728	0.327884	0.329103	0.54788	0.570426	0.380905	0.414109	0.417628	0.421223	0.316103	0.388711	0.302015	0.305257	0.305167	0.303565	0.348497	0.327306	0.332927	0.327817	0.327194	0.327187	0.456431	0.427836	0.422471	0.42385	0.422789	0.428352	0.41113	0.418285	0.420187	0.433848	0.47881	0.470817	0.448931	0.443333	0.453004	0.443827	0.443047	0.443926	0.931508	0.928915	0.929049	0.930403	0.928832	0.929359	0.438657	0.442804	0.444564	0.454878	0.446093	0.447208	0.45039	0.424988	0.425506	0.437115	0.436804	0.438361	0.326617	0.321447	0.322385	0.320069	0.322414	0.32349	0.44123	0.443895	0.442838	0.444997	0.446349	0.445899
ERR605369-k20-n1-x5e9	0.297142	0.425644	0.298435	0.299124	0.298484	0.298324	0	0.410073	0.246793	0.251487	0.250359	0.250009	0.484603	0.336856	0.661571	0.356964	0.386069	0.3818	0.379315	0.322064	0.322776	0.356044	0.354661	0.357968	0.363659	0.352564	0.355221	0.343764	0.342786	0.344596	0.571995	0.594529	0.404351	0.439523	0.443546	0.447171	0.323346	0.41772	0.316425	0.320134	0.319648	0.318909	0.379644	0.347567	0.350095	0.347426	0.34722	0.347085	0.483109	0.452602	0.444742	0.446189	0.444813	0.453334	0.421693	0.430613	0.433759	0.44897	0.495059	0.487333	0.453609	0.449322	0.468465	0.454692	0.453986	0.453839	0.94081	0.936571	0.935923	0.937746	0.936012	0.936508	0.454571	0.460492	0.4636	0.474156	0.465991	0.467063	0.458044	0.419493	0.419668	0.439393	0.438506	0.440262	0.34674	0.349355	0.350301	0.348476	0.353537	0.354279	0.462254	0.461836	0.460693	0.468811	0.469921	0.46917
ERR605370-k20-n1-x5e9	0.455012	0.316327	0.430327	0.418025	0.421051	0.420875	0.410073	0	0.381808	0.373593	0.37607	0.376757	0.343574	0.423112	0.491451	0.387082	0.379641	0.382136	0.343115	0.443779	0.448197	0.374023	0.373916	0.37238	0.40164	0.513905	0.518328	0.441918	0.441526	0.43885	0.409502	0.429298	0.383962	0.374909	0.374786	0.374741	0.488116	0.342728	0.460121	0.453711	0.456349	0.453735	0.400819	0.473224	0.487281	0.4735	0.472114	0.471585	0.490706	0.511397	0.523171	0.525601	0.528319	0.510526	0.489328	0.477868	0.475473	0.460678	0.46347	0.462363	0.569431	0.558165	0.50468	0.539532	0.540609	0.546026	0.941719	0.954186	0.958245	0.957371	0.955811	0.956658	0.506284	0.492055	0.489935	0.49052	0.487254	0.485668	0.457569	0.51663	0.51951	0.47111	0.470381	0.469385	0.481367	0.448386	0.444837	0.44097	0.428067	0.425062	0.553533	0.565142	0.565933	0.537652	0.541443	0.541858
ERR605371-k20-n1-x5e9	0.3053	0.400542	0.298209	0.297286	0.297838	0.297245	0.246793	0.381808	0	0.246077	0.245614	0.245421	0.460662	0.334422	0.639203	0.34557	0.368657	0.364909	0.357391	0.327148	0.328773	0.344647	0.343165	0.346125	0.349769	0.368292	0.371658	0.344785	0.343792	0.344932	0.549889	0.572357	0.389611	0.420302	0.423876	0.426934	0.338294	0.397727	0.324422	0.327651	0.327683	0.326353	0.36565	0.352966	0.35873	0.353407	0.35261	0.352497	0.471212	0.448256	0.444036	0.445694	0.445015	0.448832	0.417094	0.422738	0.424228	0.43644	0.477473	0.470334	0.460344	0.454297	0.459129	0.452666	0.452604	0.453484	0.936248	0.934809	0.935102	0.936376	0.934731	0.935281	0.45411	0.456713	0.4584	0.468441	0.458935	0.459903	0.443151	0.423417	0.42426	0.431948	0.431197	0.432734	0.352256	0.346325	0.347233	0.344897	0.34697	0.347431	0.463901	0.46644	0.464958	0.466949	0.468723	0.468388
ERR605372-k20-n1-x5e9	0.311647	0.394381	0.304116	0.299317	0.300127	0.300013	0.251487	0.373593	0.246077	0	0.24319	0.243071	0.451006	0.331784	0.631868	0.340277	0.368361	0.364806	0.354192	0.323061	0.324698	0.335005	0.333738	0.33635	0.351649	0.370224	0.37348	0.340964	0.340319	0.340907	0.539812	0.563344	0.381067	0.413973	0.417811	0.421771	0.341558	0.389781	0.327122	0.326553	0.32715	0.325681	0.366803	0.354702	0.360496	0.354436	0.353982	0.353822	0.473437	0.450334	0.44654	0.447988	0.447689	0.450796	0.420456	0.425436	0.427086	0.43591	0.479832	0.472299	0.466621	0.460378	0.46155	0.459672	0.459543	0.460798	0.938041	0.936106	0.936279	0.937636	0.935975	0.9365	0.4509	0.453063	0.454785	0.46322	0.45805	0.458144	0.443489	0.422656	0.423468	0.427724	0.42697	0.428042	0.358046	0.350867	0.350495	0.347442	0.348222	0.348253	0.468559	0.470802	0.47069	0.469005	0.470387	0.469994
ERR605373-k20-n1-x5e9	0.310627	0.396757	0.303834	0.29919	0.299769	0.299813	0.250359	0.37607	0.245614	0.24319	0	0.243222	0.453552	0.332279	0.634122	0.341412	0.369404	0.365689	0.355537	0.322318	0.324065	0.33584	0.334915	0.337349	0.351973	0.368547	0.371846	0.340759	0.340013	0.340557	0.542432	0.565802	0.38302	0.415705	0.419742	0.423558	0.340104	0.391729	0.32628	0.325941	0.326475	0.325088	0.36725	0.353674	0.359238	0.353416	0.352828	0.352687	0.474192	0.450655	0.446693	0.447776	0.447521	0.451163	0.421254	0.426672	0.428307	0.437634	0.481369	0.473849	0.466066	0.459978	0.46261	0.459573	0.459179	0.460617	0.938184	0.936138	0.936301	0.937637	0.935989	0.936578	0.451757	0.453986	0.455865	0.464463	0.458877	0.458991	0.445066	0.422828	0.423717	0.429076	0.428202	0.429449	0.35673	0.350085	0.350116	0.346997	0.348197	0.348188	0.468191	0.470277	0.470044	0.468973	0.470415	0.470144
ERR605374-k20-n1-x5e9	0.310321	0.397072	0.303029	0.298761	0.299509	0.299387	0.250009	0.376757	0.245421	0.243071	0.243222	0	0.453995	0.332465	0.634532	0.341854	0.36938	0.365744	0.355602	0.322751	0.324402	0.336472	0.335291	0.338199	0.351921	0.368496	0.371839	0.341084	0.340162	0.340626	0.542784	0.566168	0.38322	0.415921	0.419649	0.42364	0.339991	0.392185	0.326062	0.326132	0.326504	0.325091	0.367448	0.354228	0.359568	0.353915	0.353235	0.353052	0.473623	0.44996	0.446068	0.447348	0.446929	0.450492	0.42029	0.425441	0.427335	0.436828	0.480474	0.472952	0.464992	0.458837	0.46135	0.458272	0.458094	0.459361	0.937933	0.935933	0.936092	0.937447	0.935755	0.936317	0.451232	0.453818	0.455628	0.464073	0.458314	0.458491	0.443933	0.421896	0.422774	0.427947	0.42728	0.428445	0.356616	0.350016	0.349975	0.347129	0.34829	0.348214	0.467186	0.46945	0.469169	0.468208	0.469721	0.469301
ERR610075-k20-n1-x5e9	0.499859	0.339093	0.476052	0.461861	0.465118	0.464989	0.484603	0.343574	0.460662	0.451006	0.453552	0.453995	0	0.404582	0.436685	0.35949	0.355343	0.358481	0.385421	0.482977	0.487469	0.40851	0.409465	0.406594	0.426791	0.537278	0.541388	0.463438	0.463267	0.459655	0.373494	0.396307	0.373697	0.36073	0.3608	0.361326	0.517054	0.341348	0.487799	0.478543	0.48172	0.478578	0.406466	0.487415	0.50154	0.487298	0.486054	0.485431	0.505646	0.531127	0.546102	0.547675	0.550745	0.53037	0.52548	0.513632	0.509682	0.490322	0.494716	0.492745	0.604291	0.594511	0.540694	0.577712	0.578385	0.583694	0.94795	0.961184	0.965517	0.964584	0.963175	0.964051	0.511322	0.495299	0.491871	0.489294	0.491642	0.489145	0.503272	0.557689	0.560336	0.512319	0.51171	0.510461	0.500346	0.465812	0.460905	0.456659	0.441779	0.438452	0.575406	0.587569	0.589548	0.555485	0.559089	0.559671
ERR610076-k20-n1-x5e9	0.339494	0.410232	0.333588	0.327878	0.328926	0.328584	0.336856	0.423112	0.334422	0.331784	0.332279	0.332465	0.404582	0	0.605122	0.26525	0.306774	0.302207	0.379314	0.348035	0.349993	0.355707	0.355221	0.356595	0.351874	0.364112	0.367317	0.335943	0.335027	0.335062	0.526804	0.551707	0.356521	0.392326	0.396981	0.401014	0.344047	0.385807	0.328398	0.326233	0.32742	0.325305	0.347325	0.333818	0.339646	0.333783	0.333529	0.332869	0.478763	0.455063	0.452366	0.453265	0.452601	0.455557	0.442456	0.447566	0.44858	0.455697	0.500342	0.492359	0.484822	0.480848	0.48668	0.484041	0.482888	0.484103	0.94114	0.938057	0.938017	0.939663	0.937884	0.938485	0.439706	0.442545	0.444256	0.452588	0.448475	0.448663	0.47901	0.453462	0.453971	0.459706	0.459101	0.460306	0.341457	0.334518	0.333358	0.329913	0.330678	0.330886	0.471644	0.47378	0.474506	0.470616	0.472026	0.471659
ERR610077-k20-n1-x5e9	0.67472	0.497322	0.653229	0.642172	0.644897	0.644794	0.661571	0.491451	0.639203	0.631868	0.634122	0.634532	0.436685	0.605122	0	0.565262	0.544722	0.549168	0.554844	0.659914	0.663912	0.589393	0.590402	0.587336	0.601577	0.70725	0.710576	0.643107	0.64296	0.639565	0.430835	0.420518	0.556485	0.526368	0.523561	0.520644	0.691064	0.513968	0.666183	0.658899	0.661371	0.658824	0.582643	0.664592	0.677099	0.664628	0.663609	0.663254	0.633109	0.673348	0.690403	0.692247	0.695529	0.671972	0.670412	0.655221	0.650534	0.627498	0.602607	0.605598	0.742402	0.732606	0.671329	0.711966	0.713063	0.718627	0.99079	1.01303	1.01921	1.01703	1.01595	1.01679	0.661114	0.643299	0.638649	0.633731	0.633982	0.631706	0.630747	0.7056	0.708343	0.654204	0.653557	0.651983	0.674067	0.642359	0.638507	0.635451	0.62147	0.618562	0.714778	0.728163	0.729311	0.693676	0.697971	0.698662
ERR610078-k20-n1-x5e9	0.364056	0.374024	0.350045	0.340182	0.342596	0.342092	0.356964	0.387082	0.34557	0.340277	0.341412	0.341854	0.35949	0.26525	0.565262	0	0.286774	0.284119	0.356672	0.36469	0.367745	0.344447	0.344758	0.344804	0.345354	0.396714	0.400644	0.347918	0.347377	0.345913	0.486045	0.511484	0.334575	0.362444	0.366372	0.370241	0.375064	0.353475	0.352115	0.347046	0.349278	0.34652	0.336181	0.355326	0.365003	0.355419	0.354636	0.353939	0.468913	0.457806	0.460512	0.461765	0.462193	0.45786	0.446854	0.446985	0.44637	0.446839	0.484009	0.477005	0.503494	0.49721	0.484505	0.49364	0.492929	0.495442	0.937719	0.938617	0.939712	0.94059	0.939012	0.939656	0.441624	0.43883	0.439011	0.44488	0.441951	0.441654	0.468861	0.466252	0.467587	0.456784	0.456251	0.456932	0.365551	0.346711	0.343992	0.340297	0.334857	0.333918	0.484146	0.489979	0.491013	0.477042	0.479297	0.479286
ERR610079-k20-n1-x5e9	0.392933	0.366694	0.374208	0.368963	0.370988	0.369993	0.386069	0.379641	0.368657	0.368361	0.369404	0.36938	0.355343	0.306774	0.544722	0.286774	0	0.257935	0.356618	0.405066	0.408953	0.371304	0.368229	0.368276	0.351363	0.436249	0.440705	0.381115	0.377366	0.376409	0.478493	0.497526	0.352955	0.350579	0.352302	0.351769	0.411193	0.355551	0.384918	0.385053	0.386569	0.383516	0.339881	0.390192	0.403932	0.390764	0.389468	0.388424	0.469146	0.475562	0.482574	0.485114	0.485565	0.473773	0.459618	0.454057	0.454453	0.454361	0.461966	0.457839	0.523726	0.51537	0.492588	0.503053	0.503099	0.506325	0.935393	0.942646	0.945366	0.945318	0.943103	0.944018	0.466519	0.458816	0.45912	0.46678	0.445711	0.446972	0.467893	0.49446	0.496419	0.473704	0.470842	0.471559	0.394007	0.366484	0.367298	0.364636	0.356594	0.35593	0.504866	0.51454	0.511782	0.496815	0.502612	0.502776
ERR610080-k20-n1-x5e9	0.38859	0.368796	0.370352	0.365117	0.366982	0.365857	0.3818	0.382136	0.364909	0.364806	0.365689	0.365744	0.358481	0.302207	0.549168	0.284119	0.257935	0	0.357098	0.401045	0.404966	0.369857	0.366934	0.367322	0.349538	0.431468	0.436048	0.377423	0.37384	0.373021	0.482269	0.501321	0.35279	0.35268	0.355009	0.354563	0.40671	0.357457	0.380632	0.380808	0.382301	0.379447	0.338936	0.38553	0.399101	0.385998	0.384723	0.383652	0.46833	0.47316	0.479492	0.481992	0.482466	0.471322	0.457249	0.452107	0.452693	0.452967	0.462904	0.458229	0.520831	0.512557	0.491118	0.500815	0.500611	0.503922	0.935168	0.941972	0.944607	0.944606	0.942431	0.943341	0.464787	0.457802	0.458131	0.466215	0.445261	0.446688	0.467272	0.491253	0.493369	0.471965	0.469305	0.469911	0.389609	0.362577	0.363546	0.360803	0.353133	0.35259	0.501832	0.511407	0.50867	0.494185	0.499744	0.500039
ERR605958-k20-n1-x5e9	0.395691	0.337947	0.373818	0.364992	0.367726	0.36687	0.379315	0.343115	0.357391	0.354192	0.355537	0.355602	0.385421	0.379314	0.554844	0.356672	0.356618	0.357098	0	0.34424	0.348792	0.295542	0.294353	0.294908	0.340605	0.441203	0.445557	0.377694	0.377106	0.374815	0.451545	0.474247	0.351023	0.355952	0.357633	0.359238	0.421116	0.3401	0.39445	0.391889	0.393479	0.391088	0.343476	0.400271	0.414467	0.401108	0.399308	0.398821	0.451818	0.460622	0.469157	0.470724	0.47244	0.459487	0.450889	0.445253	0.443355	0.438476	0.455332	0.451755	0.515422	0.505922	0.471218	0.491608	0.49201	0.495909	0.931002	0.938093	0.941007	0.94046	0.939259	0.939931	0.45952	0.450004	0.447925	0.452601	0.444141	0.443597	0.42307	0.462308	0.464497	0.432878	0.432084	0.431992	0.414155	0.385968	0.384064	0.380277	0.370354	0.368231	0.495392	0.504408	0.504348	0.48493	0.488287	0.48886
ERR605959-k20-n1-x5e9	0.33338	0.436221	0.335118	0.327994	0.327805	0.328092	0.322064	0.443779	0.327148	0.323061	0.322318	0.322751	0.482977	0.348035	0.659914	0.36469	0.405066	0.401045	0.34424	0	0.250805	0.294586	0.293937	0.296863	0.36765	0.341401	0.343689	0.326731	0.326638	0.326334	0.554346	0.57932	0.385316	0.427164	0.433081	0.43861	0.332474	0.412791	0.326959	0.322101	0.32202	0.321916	0.37849	0.337207	0.338546	0.335612	0.334913	0.335364	0.486271	0.450239	0.44265	0.441706	0.441196	0.450943	0.442844	0.452003	0.454692	0.463327	0.517751	0.508759	0.465958	0.464151	0.482292	0.475956	0.474625	0.474288	0.946794	0.93873	0.937359	0.939466	0.937968	0.938277	0.435538	0.442239	0.445768	0.452722	0.455486	0.454534	0.461337	0.407502	0.407178	0.42621	0.425808	0.427113	0.359868	0.362846	0.361657	0.356714	0.360364	0.360065	0.46154	0.457164	0.460984	0.46393	0.462876	0.461795
ERR605960-k20-n1-x5e9	0.334092	0.441357	0.337007	0.329983	0.329815	0.330214	0.322776	0.448197	0.328773	0.324698	0.324065	0.324402	0.487469	0.349993	0.663912	0.367745	0.408953	0.404966	0.348792	0.250805	0	0.298504	0.297678	0.300632	0.371437	0.339976	0.341889	0.328588	0.328382	0.328478	0.558977	0.583831	0.389417	0.431624	0.437563	0.4434	0.331931	0.417541	0.327376	0.322468	0.322936	0.322709	0.382075	0.337858	0.338273	0.336237	0.335248	0.336005	0.48907	0.451871	0.444046	0.442691	0.442213	0.45274	0.444525	0.45408	0.456825	0.465856	0.520716	0.511854	0.466121	0.464596	0.484527	0.477299	0.47596	0.475491	0.947697	0.93932	0.93779	0.939881	0.938469	0.938715	0.437631	0.44498	0.448499	0.455514	0.458387	0.45745	0.464093	0.407758	0.407336	0.42844	0.42817	0.429279	0.360324	0.364801	0.363293	0.358566	0.362866	0.362335	0.462312	0.45741	0.461508	0.465318	0.46395	0.462956
ERR605961-k20-n1-x5e9	0.374837	0.370691	0.3624	0.348421	0.350297	0.350454	0.356044	0.374023	0.344647	0.335005	0.33584	0.336472	0.40851	0.355707	0.589393	0.344447	0.371304	0.369857	0.295542	0.294586	0.298504	0	0.259804	0.259778	0.354212	0.40083	0.404658	0.342772	0.342502	0.339747	0.476533	0.50331	0.342598	0.369135	0.374344	0.379869	0.386044	0.352904	0.366257	0.356836	0.358771	0.357273	0.355958	0.372298	0.381781	0.370896	0.369516	0.369376	0.469191	0.45615	0.458786	0.458612	0.460153	0.455792	0.450195	0.450452	0.451511	0.447113	0.488146	0.481064	0.500746	0.494406	0.479581	0.494027	0.493435	0.495883	0.941369	0.94017	0.94089	0.941794	0.940217	0.94067	0.436579	0.432634	0.43428	0.435983	0.440149	0.437925	0.442987	0.435109	0.436235	0.417654	0.417357	0.417329	0.39605	0.378914	0.375242	0.369512	0.363571	0.361145	0.486148	0.488896	0.492881	0.476809	0.478005	0.477805
ERR605962-k20-n1-x5e9	0.37435	0.371246	0.361662	0.348095	0.350072	0.350034	0.354661	0.373916	0.343165	0.333738	0.334915	0.335291	0.409465	0.355221	0.590402	0.344758	0.368229	0.366934	0.294353	0.293937	0.297678	0.259804	0	0.257525	0.353831	0.400964	0.404685	0.342593	0.341024	0.338403	0.476809	0.502908	0.342555	0.367477	0.372411	0.377755	0.385412	0.352869	0.365321	0.356216	0.357977	0.356234	0.357207	0.374041	0.383855	0.372437	0.370919	0.370945	0.470167	0.457799	0.460714	0.46066	0.462312	0.457449	0.450342	0.450312	0.451801	0.447642	0.487138	0.48013	0.500918	0.494297	0.47929	0.49355	0.492953	0.495446	0.941813	0.94079	0.941616	0.942495	0.940747	0.941273	0.437388	0.432962	0.434875	0.437166	0.439395	0.43708	0.441485	0.434395	0.435906	0.41689	0.415437	0.415408	0.397809	0.379992	0.377039	0.370746	0.364849	0.362638	0.48853	0.491561	0.495181	0.478919	0.480657	0.480503
ERR605963-k20-n1-x5e9	0.37813	0.370209	0.36498	0.351171	0.353145	0.352951	0.357968	0.37238	0.346125	0.33635	0.337349	0.338199	0.406594	0.356595	0.587336	0.344804	0.368276	0.367322	0.294908	0.296863	0.300632	0.259778	0.257525	0	0.355482	0.403698	0.407498	0.344605	0.34297	0.340393	0.47387	0.50039	0.342079	0.366589	0.371941	0.377293	0.388678	0.351693	0.368495	0.359014	0.360884	0.359376	0.358242	0.375934	0.385823	0.37451	0.372909	0.373027	0.471716	0.459822	0.463032	0.462894	0.464515	0.459394	0.452878	0.452622	0.453921	0.449033	0.488368	0.481231	0.503926	0.497427	0.48156	0.496607	0.496152	0.498599	0.942368	0.941534	0.942327	0.943162	0.941478	0.941957	0.438547	0.434256	0.435775	0.437742	0.440824	0.438526	0.443667	0.437322	0.438615	0.418677	0.417215	0.417009	0.400271	0.381937	0.37895	0.372429	0.36639	0.363975	0.490901	0.493833	0.497758	0.480933	0.482681	0.48233
ERR605922-k20-n1-x5e9	0.358227	0.376008	0.34058	0.337665	0.338866	0.337884	0.363659	0.40164	0.349769	0.351649	0.351973	0.351921	0.426791	0.351874	0.601577	0.345354	0.351363	0.349538	0.340605	0.36765	0.371437	0.354212	0.353831	0.355482	0	0.34646	0.350988	0.294805	0.293856	0.294002	0.500455	0.522359	0.359728	0.376126	0.378256	0.380399	0.383984	0.371595	0.360424	0.362975	0.363494	0.3617	0.329838	0.357451	0.369371	0.358821	0.357507	0.356797	0.456639	0.451424	0.455003	0.456701	0.457141	0.450928	0.441805	0.44117	0.440168	0.445687	0.470529	0.46543	0.476106	0.467591	0.450163	0.456176	0.455849	0.458842	0.93133	0.935272	0.937367	0.937339	0.936065	0.936647	0.456226	0.452705	0.451963	0.460449	0.44738	0.448473	0.439242	0.455431	0.456924	0.445179	0.444709	0.44558	0.357075	0.334908	0.335166	0.332977	0.327907	0.327502	0.47782	0.485154	0.483735	0.473852	0.476818	0.477073
ERR605923-k20-n1-x5e9	0.337975	0.495046	0.350992	0.351706	0.350242	0.350151	0.352564	0.513905	0.368292	0.370224	0.368547	0.368496	0.537278	0.364112	0.70725	0.396714	0.436249	0.431468	0.441203	0.341401	0.339976	0.40083	0.400964	0.403698	0.34646	0	0.24581	0.286582	0.286527	0.289596	0.610091	0.632873	0.432461	0.475083	0.480343	0.485138	0.327315	0.470385	0.333954	0.335844	0.334344	0.335242	0.405764	0.331576	0.32554	0.330399	0.33041	0.330651	0.518891	0.473205	0.45949	0.458422	0.456149	0.474342	0.466844	0.480662	0.484311	0.500996	0.555021	0.546236	0.449772	0.451489	0.495324	0.470691	0.468745	0.466213	0.955943	0.945226	0.942882	0.945461	0.944072	0.944257	0.461849	0.47432	0.478612	0.488407	0.486136	0.486824	0.506566	0.434897	0.433456	0.473598	0.473724	0.475594	0.336402	0.356653	0.357991	0.355057	0.365925	0.367368	0.470255	0.461377	0.463612	0.482536	0.480438	0.479168
ERR605924-k20-n1-x5e9	0.340646	0.499561	0.354385	0.355293	0.353549	0.353707	0.355221	0.518328	0.371658	0.37348	0.371846	0.371839	0.541388	0.367317	0.710576	0.400644	0.440705	0.436048	0.445557	0.343689	0.341889	0.404658	0.404685	0.407498	0.350988	0.24581	0	0.289933	0.289962	0.292924	0.613937	0.636728	0.436482	0.479598	0.484696	0.489575	0.328526	0.474483	0.336201	0.338094	0.336564	0.337564	0.40993	0.33414	0.32739	0.332547	0.333049	0.333206	0.522563	0.47629	0.462082	0.460876	0.458654	0.477325	0.470084	0.484123	0.487735	0.504578	0.559025	0.550225	0.451061	0.453188	0.498588	0.473285	0.471398	0.468561	0.957215	0.946103	0.943628	0.946242	0.944911	0.945059	0.463843	0.476765	0.481005	0.49082	0.488996	0.48966	0.510065	0.436521	0.435026	0.476632	0.476814	0.478717	0.338704	0.360082	0.361339	0.358669	0.369724	0.371297	0.472215	0.46288	0.465051	0.485078	0.482833	0.481376
ERR605925-k20-n1-x5e9	0.337984	0.420896	0.334959	0.327261	0.327581	0.327728	0.343764	0.441918	0.344785	0.340964	0.340759	0.341084	0.463438	0.335943	0.643107	0.347918	0.381115	0.377423	0.377694	0.326731	0.328588	0.342772	0.342593	0.344605	0.294805	0.286582	0.289933	0	0.253572	0.25423	0.535061	0.559617	0.368335	0.404037	0.409041	0.414021	0.343159	0.399232	0.331517	0.32767	0.328146	0.327528	0.356923	0.328995	0.332706	0.327159	0.326504	0.326215	0.482089	0.45267	0.4482	0.44785	0.447892	0.453317	0.446906	0.453309	0.455512	0.462913	0.509929	0.501606	0.462145	0.458172	0.467487	0.463951	0.462819	0.463397	0.944201	0.939236	0.938717	0.940291	0.938743	0.939074	0.438305	0.442248	0.445366	0.451859	0.450647	0.450035	0.465585	0.430062	0.430315	0.437936	0.438164	0.43925	0.339051	0.335617	0.334448	0.3297	0.331793	0.331204	0.470498	0.469773	0.472617	0.469776	0.469946	0.469362
ERR605926-k20-n1-x5e9	0.337855	0.42132	0.334609	0.327588	0.327976	0.327884	0.342786	0.441526	0.343792	0.340319	0.340013	0.340162	0.463267	0.335027	0.64296	0.347377	0.377366	0.37384	0.377106	0.326638	0.328382	0.342502	0.341024	0.34297	0.293856	0.286527	0.289962	0.253572	0	0.252123	0.535281	0.55925	0.36857	0.402472	0.407765	0.412615	0.342432	0.399321	0.330931	0.327517	0.327878	0.327099	0.358245	0.331037	0.33529	0.329318	0.328441	0.328145	0.483708	0.455288	0.450879	0.450707	0.450647	0.455607	0.447632	0.453685	0.456476	0.463776	0.50942	0.501291	0.462988	0.458966	0.467886	0.464343	0.463247	0.463912	0.944793	0.940095	0.939712	0.941208	0.939472	0.939855	0.4403	0.444006	0.447271	0.454127	0.451114	0.450654	0.465037	0.430485	0.43104	0.437995	0.437048	0.438039	0.340787	0.33646	0.336179	0.330926	0.333372	0.332683	0.473112	0.472631	0.475148	0.47231	0.472999	0.472305
ERR605927-k20-n1-x5e9	0.340328	0.41813	0.336488	0.328774	0.329124	0.329103	0.344596	0.43885	0.344932	0.340907	0.340557	0.340626	0.459655	0.335062	0.639565	0.345913	0.376409	0.373021	0.374815	0.326334	0.328478	0.339747	0.338403	0.340393	0.294002	0.289596	0.292924	0.25423	0.252123	0	0.531102	0.555333	0.365447	0.399673	0.405008	0.409577	0.344569	0.395898	0.332331	0.328282	0.32859	0.327897	0.357545	0.332525	0.337093	0.330698	0.329825	0.329631	0.483518	0.455447	0.451693	0.451234	0.451335	0.455786	0.448446	0.453967	0.4566	0.463111	0.508926	0.500651	0.464775	0.460694	0.468	0.465966	0.464901	0.465587	0.944864	0.940215	0.939889	0.941388	0.939676	0.940029	0.43885	0.442233	0.445263	0.451867	0.449564	0.449171	0.464599	0.430836	0.431236	0.43687	0.436007	0.437232	0.343253	0.338366	0.337599	0.332348	0.333753	0.333301	0.474019	0.473632	0.476314	0.472495	0.473348	0.472527
ERR605787-k20-n1-x5e9	0.581545	0.39925	0.559574	0.544472	0.547922	0.54788	0.571995	0.409502	0.549889	0.539812	0.542432	0.542784	0.373494	0.526804	0.430835	0.486045	0.478493	0.482269	0.451545	0.554346	0.558977	0.476533	0.476809	0.47387	0.500455	0.610091	0.613937	0.535061	0.535281	0.531102	0	0.302936	0.40553	0.377931	0.376238	0.376487	0.589216	0.392332	0.561925	0.550625	0.553949	0.551413	0.498386	0.579188	0.592359	0.57847	0.576994	0.576689	0.575271	0.605999	0.621772	0.622956	0.626434	0.604722	0.605945	0.593614	0.590446	0.568094	0.566862	0.566734	0.66554	0.656326	0.60002	0.640468	0.641009	0.646254	0.97598	0.990393	0.995043	0.993802	0.992362	0.99318	0.562862	0.544079	0.540848	0.534046	0.540442	0.537204	0.559033	0.619876	0.622611	0.567709	0.567486	0.565685	0.595473	0.563176	0.558235	0.553892	0.539092	0.53558	0.649797	0.660816	0.663225	0.628667	0.632114	0.632652
ERR605788-k20-n1-x5e9	0.603323	0.420662	0.581325	0.567183	0.570377	0.570426	0.594529	0.429298	0.572357	0.563344	0.565802	0.566168	0.396307	0.551707	0.420518	0.511484	0.497526	0.501321	0.474247	0.57932	0.583831	0.50331	0.502908	0.50039	0.522359	0.632873	0.636728	0.559617	0.55925	0.555333	0.302936	0	0.43434	0.401185	0.398189	0.396926	0.612164	0.417573	0.585145	0.574843	0.578053	0.575457	0.521719	0.603112	0.616481	0.602662	0.601182	0.600782	0.592683	0.626125	0.642069	0.643556	0.646912	0.624438	0.623967	0.610769	0.608003	0.585971	0.577192	0.577988	0.682962	0.673551	0.616233	0.656481	0.656947	0.66232	0.9818	0.997764	1.00272	1.00125	0.999698	1.00056	0.58515	0.566109	0.562983	0.556809	0.559453	0.556795	0.574018	0.639966	0.642755	0.586878	0.586343	0.584416	0.618147	0.585873	0.581506	0.577176	0.562803	0.559514	0.668714	0.680177	0.682155	0.647968	0.651833	0.652504
ERR605789-k20-n1-x5e9	0.408643	0.361501	0.392061	0.378269	0.380921	0.380905	0.404351	0.383962	0.389611	0.381067	0.38302	0.38322	0.373697	0.356521	0.556485	0.334575	0.352955	0.35279	0.351023	0.385316	0.389417	0.342598	0.342555	0.342079	0.359728	0.432461	0.436482	0.368335	0.36857	0.365447	0.40553	0.43434	0	0.286539	0.290837	0.296998	0.405611	0.321501	0.379387	0.369331	0.37233	0.369774	0.366644	0.407198	0.418823	0.406478	0.405183	0.404947	0.489768	0.489505	0.496284	0.496941	0.498433	0.488558	0.488369	0.485514	0.484585	0.477003	0.509086	0.503274	0.530352	0.524131	0.500562	0.519148	0.518223	0.521422	0.948931	0.951023	0.95261	0.953241	0.951503	0.952197	0.440201	0.431833	0.431244	0.432152	0.434785	0.432942	0.478135	0.488353	0.490048	0.465512	0.465266	0.465077	0.426259	0.40302	0.3991	0.394412	0.385765	0.383059	0.521503	0.527419	0.529558	0.509716	0.512221	0.512249
ERR605790-k20-n1-x5e9	0.444196	0.351567	0.42392	0.411442	0.414294	0.414109	0.439523	0.374909	0.420302	0.413973	0.415705	0.415921	0.36073	0.392326	0.526368	0.362444	0.350579	0.35268	0.355952	0.427164	0.431624	0.369135	0.367477	0.366589	0.376126	0.475083	0.479598	0.404037	0.402472	0.399673	0.377931	0.401185	0.286539	0	0.26944	0.27085	0.446854	0.321217	0.418426	0.410321	0.413304	0.410609	0.381751	0.445972	0.459863	0.445716	0.443995	0.443201	0.495078	0.51002	0.520709	0.52198	0.524144	0.508264	0.505961	0.498682	0.497752	0.487509	0.497236	0.493784	0.556226	0.548206	0.513165	0.536605	0.536311	0.54027	0.949118	0.956748	0.959626	0.95941	0.957463	0.958302	0.464883	0.451965	0.451045	0.45186	0.442831	0.442235	0.482012	0.517692	0.519862	0.48261	0.481122	0.481023	0.461485	0.431979	0.429211	0.42508	0.413638	0.410985	0.546545	0.555268	0.555819	0.532283	0.536643	0.536888
ERR605791-k20-n1-x5e9	0.447828	0.351049	0.427018	0.415024	0.417857	0.417628	0.443546	0.374786	0.423876	0.417811	0.419742	0.419649	0.3608	0.396981	0.523561	0.366372	0.352302	0.355009	0.357633	0.433081	0.437563	0.374344	0.372411	0.371941	0.378256	0.480343	0.484696	0.409041	0.407765	0.405008	0.376238	0.398189	0.290837	0.26944	0	0.270186	0.451606	0.322654	0.423038	0.415449	0.41827	0.415468	0.383041	0.449737	0.464023	0.449737	0.448184	0.447458	0.496044	0.512229	0.523186	0.524713	0.526651	0.510561	0.508368	0.500756	0.49961	0.489353	0.496502	0.493374	0.55918	0.55104	0.514802	0.538355	0.538192	0.542284	0.948827	0.957161	0.960233	0.959971	0.958036	0.958836	0.468661	0.45549	0.4545	0.455163	0.445207	0.444853	0.483373	0.522064	0.524396	0.486349	0.484882	0.484764	0.464655	0.434415	0.431899	0.428063	0.416211	0.413591	0.548711	0.558096	0.55815	0.534499	0.53896	0.539264
ERR605792-k20-n1-x5e9	0.451171	0.350921	0.430128	0.418593	0.4215	0.421223	0.447171	0.374741	0.426934	0.421771	0.423558	0.42364	0.361326	0.401014	0.520644	0.370241	0.351769	0.354563	0.359238	0.43861	0.4434	0.379869	0.377755	0.377293	0.380399	0.485138	0.489575	0.414021	0.412615	0.409577	0.376487	0.396926	0.296998	0.27085	0.270186	0	0.45608	0.324945	0.42743	0.420397	0.423218	0.420476	0.384748	0.453803	0.468319	0.453869	0.45212	0.451494	0.497274	0.515177	0.526436	0.528048	0.530076	0.513395	0.510515	0.502204	0.501122	0.491002	0.494276	0.49166	0.561912	0.553643	0.516276	0.539931	0.539765	0.544007	0.948899	0.957887	0.961182	0.960749	0.958803	0.959693	0.472971	0.45942	0.458103	0.459462	0.447278	0.447225	0.484405	0.526626	0.528955	0.490031	0.488392	0.48819	0.467901	0.43705	0.434852	0.431081	0.419137	0.416694	0.551649	0.561368	0.56104	0.537605	0.54233	0.54267
ERR605423-k20-n1-x5e9	0.302985	0.464959	0.316031	0.31682	0.315812	0.316103	0.323346	0.488116	0.338294	0.341558	0.340104	0.339991	0.517054	0.344047	0.691064	0.375064	0.411193	0.40671	0.421116	0.332474	0.331931	0.386044	0.385412	0.388678	0.383984	0.327315	0.328526	0.343159	0.342432	0.344569	0.589216	0.612164	0.405611	0.446854	0.451606	0.45608	0	0.416856	0.25444	0.259244	0.257462	0.258451	0.396784	0.336749	0.334258	0.336113	0.336163	0.336003	0.508104	0.467587	0.455213	0.455508	0.45318	0.467988	0.45723	0.469599	0.473508	0.489594	0.541271	0.532614	0.462135	0.463506	0.502559	0.480443	0.478474	0.476465	0.95338	0.943819	0.94171	0.944397	0.94255	0.942903	0.436941	0.448313	0.453055	0.464114	0.457966	0.458898	0.503927	0.444169	0.443525	0.475631	0.475304	0.477144	0.34458	0.360354	0.361957	0.35988	0.368787	0.370248	0.465679	0.459304	0.458621	0.477172	0.47675	0.475684
ERR605424-k20-n1-x5e9	0.420973	0.312689	0.399823	0.385453	0.388882	0.388711	0.41772	0.342728	0.397727	0.389781	0.391729	0.392185	0.341348	0.385807	0.513968	0.353475	0.355551	0.357457	0.3401	0.412791	0.417541	0.352904	0.352869	0.351693	0.371595	0.470385	0.474483	0.399232	0.399321	0.395898	0.392332	0.417573	0.321501	0.321217	0.322654	0.324945	0.416856	0	0.387259	0.377934	0.380773	0.378231	0.367327	0.432587	0.446241	0.432203	0.430756	0.430572	0.482317	0.494774	0.504964	0.506413	0.508688	0.493619	0.489759	0.482609	0.480986	0.469101	0.486713	0.482811	0.55241	0.543825	0.506612	0.533092	0.53292	0.537111	0.944458	0.951379	0.954165	0.954055	0.952424	0.95314	0.45406	0.440171	0.438709	0.438367	0.438128	0.436006	0.474418	0.5077	0.509926	0.473555	0.473221	0.472335	0.448537	0.418782	0.415029	0.410252	0.398173	0.394955	0.533293	0.542146	0.543284	0.518747	0.521856	0.522244
ERR605425-k20-n1-x5e9	0.297924	0.434983	0.303085	0.302476	0.301936	0.302015	0.316425	0.460121	0.324422	0.327122	0.32628	0.326062	0.487799	0.328398	0.666183	0.352115	0.384918	0.380632	0.39445	0.326959	0.327376	0.366257	0.365321	0.368495	0.360424	0.333954	0.336201	0.331517	0.330931	0.332331	0.561925	0.585145	0.379387	0.418426	0.423038	0.42743	0.25444	0.387259	0	0.253933	0.253151	0.252893	0.373117	0.330728	0.33224	0.330675	0.330472	0.330081	0.490149	0.456012	0.447468	0.447951	0.446069	0.456226	0.446446	0.45618	0.458552	0.472439	0.520847	0.51264	0.462612	0.461755	0.488368	0.472473	0.470655	0.469575	0.947086	0.940013	0.938679	0.940888	0.939147	0.939549	0.427778	0.435586	0.438843	0.449673	0.442126	0.443282	0.48582	0.441196	0.441068	0.463104	0.462428	0.46434	0.339092	0.345859	0.347152	0.344999	0.350788	0.351976	0.460821	0.458	0.456994	0.468509	0.469162	0.468255
ERR605426-k20-n1-x5e9	0.305071	0.429445	0.309924	0.305048	0.304984	0.305257	0.320134	0.453711	0.327651	0.326553	0.325941	0.326132	0.478543	0.326233	0.658899	0.347046	0.385053	0.380808	0.391889	0.322101	0.322468	0.356836	0.356216	0.359014	0.362975	0.335844	0.338094	0.32767	0.327517	0.328282	0.550625	0.574843	0.369331	0.410321	0.415449	0.420397	0.259244	0.377934	0.253933	0	0.250171	0.249782	0.373942	0.332451	0.333801	0.331457	0.331137	0.331328	0.492373	0.458195	0.450005	0.450039	0.448762	0.458203	0.450243	0.459364	0.462162	0.472773	0.524025	0.515348	0.468345	0.467597	0.491221	0.479343	0.477552	0.47685	0.949055	0.941392	0.939925	0.942298	0.940531	0.940888	0.421914	0.429389	0.432932	0.441838	0.439363	0.439447	0.487483	0.44034	0.440146	0.459345	0.459292	0.460643	0.345563	0.351156	0.351193	0.348168	0.353155	0.353501	0.465529	0.462376	0.462992	0.470783	0.470853	0.4699
ERR605427-k20-n1-x5e9	0.30419	0.431741	0.309482	0.304959	0.304712	0.305167	0.319648	0.456349	0.327683	0.32715	0.326475	0.326504	0.48172	0.32742	0.661371	0.349278	0.386569	0.382301	0.393479	0.32202	0.322936	0.358771	0.357977	0.360884	0.363494	0.334344	0.336564	0.328146	0.327878	0.32859	0.553949	0.578053	0.37233	0.413304	0.41827	0.423218	0.257462	0.380773	0.253151	0.250171	0	0.249626	0.375267	0.332296	0.333512	0.331257	0.33117	0.331097	0.493343	0.45862	0.450115	0.450207	0.448666	0.458601	0.450206	0.459779	0.462367	0.473516	0.524589	0.516102	0.46776	0.467125	0.491889	0.479012	0.477157	0.476424	0.949216	0.94144	0.939944	0.942275	0.940531	0.940898	0.423101	0.430728	0.434512	0.443532	0.440353	0.440692	0.488093	0.440025	0.439908	0.460286	0.460017	0.461248	0.34515	0.351337	0.351509	0.348455	0.353751	0.354569	0.465403	0.461944	0.462362	0.470897	0.471034	0.470076
ERR605428-k20-n1-x5e9	0.303168	0.4287	0.307879	0.303353	0.303144	0.303565	0.318909	0.453735	0.326353	0.325681	0.325088	0.325091	0.478578	0.325305	0.658824	0.34652	0.383516	0.379447	0.391088	0.321916	0.322709	0.357273	0.356234	0.359376	0.3617	0.335242	0.337564	0.327528	0.327099	0.327897	0.551413	0.575457	0.369774	0.410609	0.415468	0.420476	0.258451	0.378231	0.252893	0.249782	0.249626	0	0.372465	0.331331	0.332766	0.33038	0.329878	0.330011	0.491123	0.456887	0.448775	0.448834	0.447483	0.456915	0.44889	0.458229	0.4607	0.471759	0.52258	0.514014	0.467143	0.466296	0.490114	0.477657	0.475878	0.475272	0.948502	0.941008	0.939596	0.94188	0.94011	0.940501	0.422192	0.429931	0.43328	0.442503	0.438978	0.439503	0.486475	0.44002	0.439958	0.45948	0.459157	0.460454	0.343915	0.349302	0.349715	0.346311	0.351579	0.35223	0.464364	0.461462	0.461803	0.469663	0.469973	0.46918
ERR607373-k20-n1-x5e9	0.368528	0.370751	0.351527	0.348042	0.34933	0.348497	0.379644	0.400819	0.36565	0.366803	0.36725	0.367448	0.406466	0.347325	0.582643	0.336181	0.339881	0.338936	0.343476	0.37849	0.382075	0.355958	0.357207	0.358242	0.329838	0.405764	0.40993	0.356923	0.358245	0.357545	0.498386	0.521719	0.366644	0.381751	0.383041	0.384748	0.396784	0.367327	0.373117	0.373942	0.375267	0.372465	0	0.304497	0.319987	0.30695	0.305529	0.304866	0.432756	0.431657	0.437295	0.43908	0.439652	0.430753	0.443064	0.442139	0.441483	0.44426	0.469527	0.463982	0.501739	0.49434	0.480768	0.485072	0.484607	0.487019	0.924249	0.929002	0.931461	0.931435	0.930184	0.930792	0.447355	0.443119	0.442066	0.448972	0.437869	0.438972	0.460474	0.474493	0.476193	0.463431	0.464077	0.464892	0.338642	0.312689	0.312087	0.310962	0.304133	0.303303	0.459447	0.468854	0.466622	0.454134	0.457666	0.457917
