	ERR609875-k20-n1-x5e9	ERR609876-k20-n1-x5e9	ERR609877-k20-n1-x5e9	ERR609878-k20-n1-x5e9	ERR609879-k20-n1-x5e9	ERR609880-k20-n1-x5e9	ERR610181-k20-n1-x5e9	ERR610182-k20-n1-x5e9	ERR610183-k20-n1-x5e9	ERR610184-k20-n1-x5e9	ERR610185-k20-n1-x5e9	ERR610186-k20-n1-x5e9	ERR610157-k20-n1-x5e9	ERR610158-k20-n1-x5e9	ERR610159-k20-n1-x5e9	ERR610160-k20-n1-x5e9	ERR610161-k20-n1-x5e9	ERR610162-k20-n1-x5e9	ERR607549-k20-n1-x5e9	ERR607550-k20-n1-x5e9	ERR607551-k20-n1-x5e9	ERR607552-k20-n1-x5e9	ERR607553-k20-n1-x5e9	ERR607554-k20-n1-x5e9	ERR608695-k20-n1-x5e9	ERR608696-k20-n1-x5e9	ERR608697-k20-n1-x5e9	ERR608698-k20-n1-x5e9	ERR608699-k20-n1-x5e9	ERR608700-k20-n1-x5e9	ERR608841-k20-n1-x5e9	ERR608842-k20-n1-x5e9	ERR608843-k20-n1-x5e9	ERR608844-k20-n1-x5e9	ERR608845-k20-n1-x5e9	ERR608846-k20-n1-x5e9	ERR607451-k20-n1-x5e9	ERR607452-k20-n1-x5e9	ERR607453-k20-n1-x5e9	ERR607454-k20-n1-x5e9	ERR607455-k20-n1-x5e9	ERR607456-k20-n1-x5e9	ERR605787-k20-n1-x5e9	ERR605788-k20-n1-x5e9	ERR605789-k20-n1-x5e9	ERR605790-k20-n1-x5e9	ERR605791-k20-n1-x5e9	ERR605792-k20-n1-x5e9	ERR608365-k20-n1-x5e9	ERR608366-k20-n1-x5e9	ERR608367-k20-n1-x5e9	ERR608368-k20-n1-x5e9	ERR608369-k20-n1-x5e9	ERR608370-k20-n1-x5e9	ERR608389-k20-n1-x5e9	ERR608390-k20-n1-x5e9	ERR608391-k20-n1-x5e9	ERR608392-k20-n1-x5e9	ERR608393-k20-n1-x5e9	ERR608394-k20-n1-x5e9	ERR608757-k20-n1-x5e9	ERR608758-k20-n1-x5e9	ERR608759-k20-n1-x5e9	ERR608760-k20-n1-x5e9	ERR608761-k20-n1-x5e9	ERR608762-k20-n1-x5e9	ERR605928-k20-n1-x5e9	ERR605929-k20-n1-x5e9	ERR605930-k20-n1-x5e9	ERR605931-k20-n1-x5e9	ERR605932-k20-n1-x5e9	ERR605933-k20-n1-x5e9	ERR605259-k20-n1-x5e9	ERR605260-k20-n1-x5e9	ERR605261-k20-n1-x5e9	ERR605262-k20-n1-x5e9	ERR605263-k20-n1-x5e9	ERR605264-k20-n1-x5e9	ERR605309-k20-n1-x5e9	ERR605310-k20-n1-x5e9	ERR605311-k20-n1-x5e9	ERR605312-k20-n1-x5e9	ERR605313-k20-n1-x5e9	ERR605314-k20-n1-x5e9	ERR605297-k20-n1-x5e9	ERR605298-k20-n1-x5e9	ERR605299-k20-n1-x5e9	ERR605300-k20-n1-x5e9	ERR605301-k20-n1-x5e9	ERR605302-k20-n1-x5e9	ERR605689-k20-n1-x5e9	ERR605690-k20-n1-x5e9	ERR605691-k20-n1-x5e9	ERR605692-k20-n1-x5e9	ERR605693-k20-n1-x5e9	ERR605694-k20-n1-x5e9
ERR609875-k20-n1-x5e9	0	0.269185	0.28101	0.449626	0.415849	0.399476	0.401136	0.496581	0.400311	0.41159	0.409245	0.411797	0.453712	0.411319	0.43404	0.463475	0.463225	0.464435	0.436092	0.450013	0.455908	0.447088	0.446149	0.446033	0.380337	0.361378	0.369937	0.362829	0.362523	0.362179	0.438044	0.415571	0.41682	0.411422	0.411241	0.412502	0.381231	0.358635	0.362416	0.356192	0.355013	0.356681	0.461067	0.488278	0.331241	0.355878	0.360019	0.365049	0.524008	0.523561	0.52701	0.529479	0.530422	0.522825	0.475868	0.470316	0.476349	0.476919	0.479007	0.470583	0.502518	0.492153	0.495443	0.496305	0.498716	0.492823	0.509394	0.458679	0.459053	0.490745	0.488946	0.490285	0.541348	0.537544	0.528943	0.539964	0.538913	0.540601	0.568185	0.564734	0.560687	0.569967	0.570447	0.570249	0.535669	0.537906	0.551608	0.553471	0.552399	0.551299	0.451113	0.441802	0.437753	0.437436	0.436689	0.434092
ERR609876-k20-n1-x5e9	0.269185	0	0.271274	0.427157	0.39381	0.377709	0.399682	0.509584	0.404343	0.406905	0.405163	0.406966	0.44	0.414131	0.42297	0.447956	0.447804	0.448914	0.428685	0.435276	0.440425	0.432607	0.431753	0.431731	0.390507	0.35849	0.365107	0.360034	0.359968	0.359573	0.444639	0.412938	0.412611	0.409842	0.409885	0.410967	0.38828	0.354665	0.356329	0.352689	0.351904	0.353339	0.478232	0.50486	0.334765	0.364014	0.368208	0.373465	0.52207	0.517354	0.519265	0.521577	0.52223	0.516884	0.476905	0.466705	0.470615	0.471334	0.47292	0.467043	0.504306	0.489981	0.491112	0.491669	0.493524	0.490387	0.519268	0.462618	0.462788	0.500085	0.498329	0.500061	0.531358	0.528406	0.526399	0.533177	0.531954	0.5331	0.55786	0.554984	0.556641	0.562688	0.563049	0.562389	0.530279	0.533641	0.553147	0.551303	0.550174	0.548514	0.444058	0.436606	0.43351	0.436202	0.440866	0.437091
ERR609877-k20-n1-x5e9	0.28101	0.271274	0	0.393945	0.360115	0.344506	0.402066	0.526065	0.413137	0.401519	0.400732	0.4016	0.421396	0.415135	0.407693	0.42527	0.42527	0.426084	0.408996	0.408799	0.414053	0.406877	0.406171	0.406147	0.406421	0.362668	0.367339	0.365585	0.365404	0.365002	0.447094	0.405863	0.404409	0.404908	0.404771	0.405841	0.394109	0.349367	0.349756	0.34932	0.348394	0.349329	0.505578	0.530646	0.346125	0.376869	0.381242	0.38561	0.514849	0.506145	0.50625	0.508898	0.508913	0.505677	0.47674	0.462051	0.462938	0.464172	0.464592	0.462225	0.502572	0.484309	0.482761	0.483011	0.483706	0.484275	0.533958	0.475363	0.475085	0.518455	0.516677	0.518723	0.514648	0.512619	0.519702	0.518831	0.517385	0.517747	0.539124	0.537092	0.545902	0.546099	0.546253	0.545122	0.517946	0.522413	0.550591	0.541565	0.540411	0.537883	0.440084	0.434835	0.432943	0.441558	0.449904	0.445046
ERR609878-k20-n1-x5e9	0.449626	0.427157	0.393945	0	0.25861	0.266951	0.502643	0.67942	0.543121	0.48281	0.48629	0.482285	0.405759	0.541126	0.432132	0.388104	0.388563	0.387381	0.468967	0.391677	0.38226	0.39509	0.395843	0.396607	0.568469	0.472377	0.461164	0.475855	0.476087	0.476727	0.583388	0.500292	0.488666	0.505961	0.506418	0.507329	0.547868	0.459947	0.448259	0.463595	0.464205	0.464236	0.683758	0.704325	0.51056	0.550993	0.555436	0.559957	0.586341	0.541713	0.525089	0.5257	0.522708	0.542935	0.577657	0.53254	0.514677	0.516336	0.512577	0.53274	0.600254	0.555399	0.53806	0.534594	0.530224	0.554583	0.673554	0.591349	0.588729	0.653187	0.652671	0.655134	0.513702	0.522045	0.586068	0.551634	0.549099	0.544188	0.52687	0.534068	0.596085	0.56875	0.567161	0.561974	0.562198	0.574211	0.641893	0.60799	0.605918	0.599763	0.492874	0.505865	0.512717	0.537068	0.580795	0.570386
ERR609879-k20-n1-x5e9	0.415849	0.39381	0.360115	0.25861	0	0.252558	0.475499	0.649366	0.513463	0.455948	0.459146	0.455747	0.393828	0.509414	0.412816	0.378704	0.379189	0.378416	0.441318	0.375688	0.369569	0.378304	0.378762	0.379201	0.537094	0.445873	0.437064	0.449534	0.449794	0.450394	0.551045	0.470822	0.460359	0.476081	0.476295	0.477489	0.514626	0.429824	0.419413	0.433347	0.433734	0.433797	0.653072	0.67412	0.476688	0.516432	0.520819	0.525121	0.562362	0.522987	0.509055	0.510301	0.507715	0.523589	0.551455	0.50991	0.494408	0.496395	0.492807	0.510138	0.57377	0.531824	0.516397	0.513711	0.509799	0.530896	0.646991	0.567817	0.565597	0.628418	0.627626	0.630148	0.500838	0.507346	0.563569	0.532562	0.530173	0.526106	0.516063	0.521508	0.575257	0.551101	0.54984	0.54534	0.541374	0.552384	0.616265	0.584014	0.582081	0.57621	0.474313	0.484668	0.490513	0.514039	0.552815	0.543008
ERR609880-k20-n1-x5e9	0.399476	0.377709	0.344506	0.266951	0.252558	0	0.463556	0.635523	0.49993	0.444802	0.447759	0.444598	0.389728	0.495237	0.405165	0.376533	0.376847	0.376191	0.430333	0.370599	0.3659	0.372561	0.372955	0.373333	0.522529	0.433691	0.425852	0.437379	0.437569	0.438131	0.536735	0.458177	0.448416	0.463011	0.46332	0.464273	0.499327	0.415884	0.406062	0.419266	0.419558	0.419729	0.638135	0.659622	0.460504	0.500132	0.504649	0.508987	0.552236	0.515384	0.502948	0.50437	0.502022	0.515976	0.539774	0.500088	0.485468	0.487621	0.484317	0.500096	0.562279	0.521829	0.507313	0.504873	0.501558	0.520959	0.634467	0.55684	0.554596	0.616409	0.615623	0.618184	0.496603	0.502027	0.55416	0.52539	0.523023	0.519233	0.512956	0.517536	0.566893	0.544938	0.543674	0.539553	0.533163	0.543546	0.605249	0.574251	0.572467	0.566749	0.466126	0.475092	0.480369	0.503187	0.539773	0.530117
ERR610181-k20-n1-x5e9	0.401136	0.399682	0.402066	0.502643	0.475499	0.463556	0	0.437893	0.264682	0.254218	0.252282	0.253841	0.36291	0.318727	0.330068	0.386495	0.385961	0.388058	0.392739	0.413591	0.421248	0.408108	0.407821	0.40756	0.443258	0.406191	0.409299	0.407373	0.407189	0.408506	0.383606	0.333443	0.330974	0.330734	0.331181	0.332452	0.395783	0.352929	0.351045	0.35204	0.351089	0.351374	0.515627	0.542178	0.377065	0.411404	0.41579	0.421005	0.453878	0.442094	0.445974	0.446973	0.448002	0.442747	0.448033	0.42882	0.428452	0.429566	0.430059	0.430613	0.440074	0.41571	0.414254	0.413737	0.415358	0.416689	0.553789	0.491199	0.491358	0.533075	0.533792	0.536309	0.479634	0.472456	0.458348	0.469809	0.469122	0.472068	0.515383	0.508012	0.487356	0.504136	0.505621	0.507246	0.448493	0.449216	0.475205	0.466101	0.464664	0.462978	0.469854	0.465864	0.463493	0.46729	0.48392	0.478507
ERR610182-k20-n1-x5e9	0.496581	0.509584	0.526065	0.67942	0.649366	0.635523	0.437893	0	0.388447	0.456024	0.450756	0.456665	0.578267	0.408329	0.539035	0.596141	0.595714	0.597856	0.522774	0.59296	0.605293	0.58767	0.586354	0.58574	0.477385	0.539981	0.554835	0.541458	0.540183	0.540315	0.401757	0.473018	0.486429	0.464794	0.464119	0.463929	0.418569	0.487307	0.50051	0.483392	0.482053	0.481467	0.408823	0.414778	0.458698	0.436012	0.433862	0.431986	0.536743	0.574904	0.59118	0.594669	0.596739	0.572741	0.505938	0.542156	0.559718	0.561125	0.56425	0.542565	0.487416	0.524054	0.54154	0.545907	0.551127	0.524656	0.519898	0.553825	0.556743	0.53822	0.536624	0.537491	0.620457	0.608155	0.542971	0.583326	0.584481	0.590777	0.651574	0.64046	0.580022	0.615238	0.617653	0.622239	0.560847	0.551946	0.503037	0.535085	0.535922	0.54052	0.600092	0.584462	0.575862	0.566672	0.526866	0.532483
ERR610183-k20-n1-x5e9	0.400311	0.404343	0.413137	0.543121	0.513463	0.49993	0.264682	0.388447	0	0.28171	0.277688	0.281968	0.411729	0.3067	0.372396	0.434969	0.434504	0.436639	0.408055	0.450494	0.460697	0.444623	0.443881	0.443479	0.427498	0.420867	0.428907	0.422193	0.421771	0.422426	0.359179	0.343704	0.347505	0.338218	0.338223	0.338886	0.374288	0.363302	0.367498	0.361151	0.359978	0.35994	0.472927	0.499115	0.367732	0.389881	0.392971	0.397229	0.457786	0.462364	0.471374	0.473193	0.474821	0.461979	0.44251	0.439418	0.446244	0.447162	0.44883	0.441276	0.430878	0.423986	0.429428	0.430814	0.4342	0.425041	0.530683	0.487863	0.489121	0.515926	0.516597	0.518879	0.505844	0.496386	0.462079	0.485774	0.485777	0.490147	0.541858	0.532638	0.496025	0.521308	0.523168	0.525928	0.461789	0.459341	0.462669	0.466688	0.465944	0.466284	0.489237	0.480462	0.475919	0.474926	0.475166	0.472955
ERR610184-k20-n1-x5e9	0.41159	0.406905	0.401519	0.48281	0.455948	0.444802	0.254218	0.456024	0.28171	0	0.24243	0.241773	0.34405	0.317513	0.311888	0.363457	0.362976	0.365127	0.367825	0.388673	0.39748	0.383307	0.382917	0.382518	0.457692	0.415987	0.418756	0.417802	0.417644	0.418768	0.382647	0.322225	0.319214	0.321848	0.32253	0.323227	0.398727	0.349072	0.346514	0.349694	0.348505	0.34808	0.541535	0.566128	0.390638	0.423919	0.427743	0.432143	0.445261	0.430344	0.431759	0.433822	0.433856	0.430099	0.448282	0.426178	0.423038	0.425236	0.424018	0.427777	0.438356	0.410607	0.405689	0.405748	0.40582	0.410726	0.569519	0.508985	0.50908	0.554114	0.554446	0.557293	0.461076	0.454222	0.450756	0.451599	0.450861	0.452892	0.49573	0.488229	0.473786	0.483496	0.484912	0.486155	0.430935	0.433012	0.471832	0.45149	0.449947	0.446735	0.473102	0.470757	0.469433	0.478319	0.494704	0.488865
ERR610185-k20-n1-x5e9	0.409245	0.405163	0.400732	0.48629	0.459146	0.447759	0.252282	0.450756	0.277688	0.24243	0	0.242103	0.34738	0.315633	0.314632	0.366931	0.366366	0.368617	0.369994	0.391908	0.400861	0.386377	0.386063	0.385604	0.45383	0.413981	0.417049	0.416154	0.415829	0.416909	0.380229	0.322543	0.320213	0.321898	0.32236	0.323261	0.395807	0.348375	0.346512	0.348481	0.347532	0.347169	0.536277	0.561038	0.387277	0.420352	0.424219	0.428513	0.445373	0.431449	0.433588	0.435456	0.435682	0.431397	0.446603	0.425524	0.423051	0.425216	0.424357	0.427232	0.436869	0.410462	0.406349	0.406215	0.406556	0.410637	0.565617	0.505757	0.506087	0.550369	0.550707	0.553411	0.463589	0.456768	0.450466	0.453482	0.452678	0.455049	0.498168	0.490661	0.474567	0.485613	0.487028	0.488308	0.432756	0.434743	0.470936	0.45239	0.450766	0.447856	0.472664	0.469869	0.468172	0.476489	0.491971	0.486257
ERR610186-k20-n1-x5e9	0.411797	0.406966	0.4016	0.482285	0.455747	0.444598	0.253841	0.456665	0.281968	0.241773	0.242103	0	0.343271	0.318833	0.311422	0.362482	0.362023	0.364197	0.368992	0.388458	0.397225	0.383232	0.382836	0.382415	0.457594	0.414851	0.417361	0.417203	0.41682	0.417971	0.3836	0.322793	0.319739	0.322371	0.323063	0.323736	0.399494	0.349369	0.346856	0.349884	0.348762	0.348519	0.541928	0.566704	0.390859	0.424442	0.428356	0.432925	0.445789	0.430165	0.431601	0.43343	0.433593	0.42999	0.448125	0.425801	0.422423	0.4248	0.423556	0.427152	0.43852	0.41056	0.405508	0.405379	0.405297	0.410713	0.569406	0.508097	0.50826	0.553782	0.554129	0.556912	0.460947	0.454129	0.450873	0.451848	0.450907	0.453167	0.495333	0.487987	0.473951	0.483613	0.484977	0.486182	0.431323	0.433597	0.472817	0.452456	0.450928	0.447689	0.472307	0.469869	0.468829	0.477474	0.494364	0.488504
ERR610157-k20-n1-x5e9	0.453712	0.44	0.421396	0.405759	0.393828	0.389728	0.36291	0.578267	0.411729	0.34405	0.34738	0.343271	0	0.383675	0.247361	0.242347	0.24219	0.242552	0.390367	0.346661	0.344814	0.344722	0.345193	0.34583	0.512956	0.423204	0.414557	0.426278	0.426381	0.427983	0.46704	0.370324	0.356347	0.375289	0.376989	0.377865	0.46507	0.374313	0.361474	0.377407	0.377543	0.377358	0.627816	0.651518	0.45511	0.498964	0.50389	0.508747	0.496125	0.453232	0.441555	0.441417	0.439655	0.455041	0.505495	0.46154	0.446953	0.448271	0.445034	0.463634	0.50701	0.459519	0.443324	0.439801	0.436287	0.459724	0.637505	0.557535	0.556007	0.616294	0.617399	0.619749	0.464602	0.466156	0.509735	0.484342	0.482656	0.479935	0.489313	0.488552	0.519691	0.505467	0.505039	0.503166	0.473087	0.482769	0.550625	0.515556	0.513378	0.507247	0.483579	0.491005	0.494043	0.511405	0.549885	0.540642
ERR610158-k20-n1-x5e9	0.411319	0.414131	0.415135	0.541126	0.509414	0.495237	0.318727	0.408329	0.3067	0.317513	0.315633	0.318833	0.383675	0	0.336697	0.404881	0.404322	0.406896	0.366243	0.431585	0.445596	0.425441	0.423915	0.423262	0.436211	0.440712	0.45128	0.443981	0.443057	0.443698	0.319192	0.311864	0.319913	0.307788	0.307303	0.3076	0.345327	0.346453	0.353969	0.345603	0.344288	0.342976	0.488368	0.510469	0.377928	0.388535	0.390183	0.391971	0.440183	0.454498	0.465698	0.46976	0.470714	0.453243	0.438787	0.443409	0.450006	0.453436	0.453051	0.444521	0.417547	0.418192	0.424098	0.42759	0.429782	0.418341	0.54759	0.524979	0.526284	0.548743	0.547754	0.550125	0.502266	0.49106	0.456469	0.473368	0.473729	0.478282	0.535367	0.524043	0.481357	0.503379	0.505534	0.509237	0.445264	0.441502	0.446445	0.441909	0.441424	0.441484	0.514592	0.505523	0.500987	0.505553	0.493376	0.491965
ERR610159-k20-n1-x5e9	0.43404	0.42297	0.407693	0.432132	0.412816	0.405165	0.330068	0.539035	0.372396	0.311888	0.314632	0.311422	0.247361	0.336697	0	0.264392	0.264185	0.265671	0.363504	0.347317	0.351309	0.343737	0.343582	0.343759	0.490574	0.416296	0.412474	0.419545	0.419504	0.421075	0.423475	0.332209	0.321353	0.336355	0.337742	0.33874	0.430759	0.349929	0.340222	0.352586	0.352162	0.351728	0.597106	0.620867	0.427296	0.468505	0.473066	0.477698	0.469204	0.435377	0.428914	0.43008	0.428809	0.436783	0.480656	0.443834	0.433038	0.434973	0.432227	0.446077	0.475844	0.433857	0.420969	0.418978	0.416315	0.434296	0.617009	0.545984	0.545049	0.599594	0.600374	0.602741	0.457987	0.455701	0.483235	0.46508	0.463721	0.462963	0.486556	0.48246	0.495146	0.48892	0.489187	0.488808	0.447359	0.454518	0.515681	0.48304	0.480913	0.475634	0.483297	0.486678	0.488043	0.503271	0.532403	0.524358
ERR610160-k20-n1-x5e9	0.463475	0.447956	0.42527	0.388104	0.378704	0.376533	0.386495	0.596141	0.434969	0.363457	0.366931	0.362482	0.242347	0.404881	0.264392	0	0.235426	0.235404	0.395759	0.342176	0.339235	0.341693	0.342385	0.342752	0.522031	0.430467	0.421422	0.434029	0.434098	0.435444	0.483857	0.388373	0.374578	0.394216	0.395483	0.396144	0.476511	0.384889	0.372284	0.3887	0.38888	0.388425	0.643277	0.666121	0.468134	0.510901	0.515512	0.519969	0.508286	0.464185	0.450653	0.45073	0.448426	0.465885	0.516068	0.471823	0.456142	0.457633	0.453885	0.473471	0.520892	0.473781	0.456598	0.453165	0.448884	0.473457	0.647134	0.568561	0.566771	0.628263	0.629238	0.631787	0.467262	0.470553	0.521988	0.491013	0.489074	0.485413	0.488324	0.489307	0.530252	0.5098	0.508951	0.506209	0.48473	0.495268	0.566271	0.528654	0.526401	0.51978	0.488678	0.497361	0.500939	0.520711	0.559094	0.549611
ERR610161-k20-n1-x5e9	0.463225	0.447804	0.42527	0.388563	0.379189	0.376847	0.385961	0.595714	0.434504	0.362976	0.366366	0.362023	0.24219	0.404322	0.264185	0.235426	0	0.235525	0.395543	0.34224	0.33935	0.341646	0.342386	0.342732	0.521783	0.430326	0.421359	0.433862	0.433917	0.435213	0.48338	0.387792	0.37407	0.393756	0.394952	0.39567	0.476014	0.38442	0.37182	0.388112	0.388346	0.387921	0.642883	0.665798	0.467919	0.510657	0.51527	0.519588	0.50777	0.463502	0.450044	0.450136	0.447821	0.465185	0.515756	0.471368	0.455665	0.45729	0.453489	0.47308	0.520383	0.473133	0.456084	0.452585	0.448363	0.472843	0.646831	0.568184	0.566362	0.627867	0.628754	0.631264	0.466808	0.47009	0.52146	0.49048	0.48858	0.485005	0.488258	0.489225	0.529907	0.509543	0.508771	0.50597	0.484092	0.494766	0.565699	0.528014	0.525743	0.519199	0.48828	0.49697	0.500598	0.520262	0.558606	0.549289
ERR610162-k20-n1-x5e9	0.464435	0.448914	0.426084	0.387381	0.378416	0.376191	0.388058	0.597856	0.436639	0.365127	0.368617	0.364197	0.242552	0.406896	0.265671	0.235404	0.235525	0	0.397469	0.343001	0.339717	0.342625	0.343258	0.343661	0.522979	0.430875	0.421731	0.434548	0.434493	0.43598	0.48562	0.390042	0.376225	0.395942	0.397183	0.397847	0.477909	0.386028	0.3732	0.389584	0.389854	0.389543	0.644525	0.667364	0.469458	0.512305	0.516996	0.521428	0.509505	0.46495	0.451322	0.451404	0.449075	0.466741	0.517173	0.472556	0.456799	0.45829	0.454553	0.474335	0.522254	0.474996	0.457612	0.454169	0.449893	0.474691	0.648017	0.569071	0.567188	0.62889	0.629772	0.632292	0.467735	0.471136	0.523117	0.491925	0.490105	0.486395	0.488904	0.489971	0.531459	0.510834	0.510115	0.507209	0.486106	0.496857	0.567954	0.530297	0.527869	0.521424	0.488598	0.497509	0.501251	0.520942	0.559715	0.550316
ERR607549-k20-n1-x5e9	0.436092	0.428685	0.408996	0.468967	0.441318	0.430333	0.392739	0.522774	0.408055	0.367825	0.369994	0.368992	0.390367	0.366243	0.363504	0.395759	0.395543	0.397469	0	0.291934	0.308243	0.287941	0.286254	0.285553	0.485804	0.459585	0.465642	0.465367	0.464276	0.465066	0.381672	0.330819	0.331589	0.334622	0.334394	0.334294	0.395748	0.357004	0.3584	0.360469	0.359644	0.357836	0.581919	0.602028	0.432845	0.453014	0.454262	0.455864	0.439967	0.43245	0.433892	0.439358	0.437789	0.43185	0.451283	0.437737	0.434268	0.439117	0.435901	0.438971	0.44166	0.422476	0.416733	0.419393	0.41753	0.422147	0.595699	0.558763	0.558575	0.599396	0.598468	0.601691	0.466737	0.460348	0.469141	0.453187	0.452615	0.453456	0.488621	0.481026	0.475505	0.470284	0.47117	0.47217	0.433314	0.436803	0.484629	0.450641	0.449119	0.444789	0.505096	0.502961	0.501435	0.517927	0.519333	0.514831
ERR607550-k20-n1-x5e9	0.450013	0.435276	0.408799	0.391677	0.375688	0.370599	0.413591	0.59296	0.450494	0.388673	0.391908	0.388458	0.346661	0.431585	0.347317	0.342176	0.34224	0.343001	0.291934	0	0.239783	0.2384	0.238305	0.238673	0.516444	0.443413	0.439669	0.448502	0.448019	0.449005	0.463935	0.378268	0.368208	0.384857	0.38537	0.385844	0.458285	0.377485	0.368449	0.381796	0.382109	0.381249	0.634957	0.656717	0.463825	0.500836	0.504247	0.507615	0.486157	0.449381	0.438135	0.440852	0.437972	0.450543	0.493783	0.455501	0.441928	0.445031	0.44089	0.457295	0.499304	0.457966	0.442385	0.440917	0.436891	0.45775	0.633884	0.566115	0.564567	0.622408	0.622795	0.625748	0.460462	0.461951	0.507861	0.476404	0.474905	0.471707	0.477149	0.476925	0.512733	0.491441	0.490816	0.488172	0.468663	0.478668	0.54789	0.508228	0.505958	0.499591	0.484268	0.49052	0.493138	0.514525	0.543273	0.534997
ERR607551-k20-n1-x5e9	0.455908	0.440425	0.414053	0.38226	0.369569	0.3659	0.421248	0.605293	0.460697	0.39748	0.400861	0.397225	0.344814	0.445596	0.351309	0.339235	0.33935	0.339717	0.308243	0.239783	0	0.241511	0.241953	0.242691	0.523948	0.44462	0.438651	0.449212	0.449031	0.450082	0.479747	0.391294	0.380028	0.398005	0.398648	0.399203	0.47106	0.386111	0.375533	0.390216	0.390697	0.390214	0.643855	0.665885	0.471848	0.510858	0.514375	0.518027	0.497098	0.456558	0.443646	0.445644	0.442656	0.457978	0.503541	0.46213	0.447127	0.449809	0.445636	0.463893	0.511275	0.467414	0.45077	0.448594	0.444278	0.467306	0.64093	0.568812	0.566965	0.626972	0.627516	0.630508	0.464724	0.467601	0.51788	0.485357	0.483748	0.480147	0.480633	0.481715	0.522974	0.500312	0.499493	0.496381	0.479322	0.490035	0.56058	0.52133	0.519093	0.512502	0.48381	0.49157	0.494827	0.516601	0.549613	0.540765
ERR607552-k20-n1-x5e9	0.447088	0.432607	0.406877	0.39509	0.378304	0.372561	0.408108	0.58767	0.444623	0.383307	0.386377	0.383232	0.344722	0.425441	0.343737	0.341693	0.341646	0.342625	0.287941	0.2384	0.241511	0	0.236341	0.236641	0.513579	0.441778	0.438341	0.446561	0.446052	0.44703	0.458487	0.37297	0.36294	0.379083	0.379674	0.380038	0.454202	0.374084	0.365426	0.378142	0.378163	0.377506	0.63049	0.6525	0.459829	0.496632	0.500029	0.503508	0.481734	0.445648	0.435094	0.437818	0.43516	0.446727	0.489917	0.452069	0.438982	0.442081	0.437904	0.453798	0.494687	0.453636	0.438179	0.436941	0.433165	0.453351	0.630789	0.563374	0.56169	0.618993	0.619342	0.622254	0.458819	0.459866	0.503995	0.473587	0.472136	0.46909	0.476267	0.475504	0.508871	0.488905	0.48834	0.486037	0.46444	0.474154	0.542851	0.503517	0.50135	0.494893	0.483007	0.488656	0.491187	0.512199	0.540107	0.531904
ERR607553-k20-n1-x5e9	0.446149	0.431753	0.406171	0.395843	0.378762	0.372955	0.407821	0.586354	0.443881	0.382917	0.386063	0.382836	0.345193	0.423915	0.343582	0.342385	0.342386	0.343258	0.286254	0.238305	0.241953	0.236341	0	0.236392	0.512752	0.441773	0.438437	0.446481	0.446085	0.446994	0.456829	0.371637	0.361855	0.377745	0.378328	0.378753	0.452713	0.373172	0.364677	0.377182	0.377259	0.376459	0.629395	0.651285	0.458762	0.495244	0.498778	0.502041	0.480789	0.445015	0.434711	0.437471	0.4348	0.446177	0.488911	0.451463	0.438541	0.441708	0.437587	0.453237	0.493335	0.452611	0.437371	0.436338	0.432387	0.452483	0.630079	0.563193	0.561645	0.618661	0.618914	0.621872	0.45828	0.459168	0.502878	0.472563	0.470978	0.468247	0.475674	0.474909	0.507652	0.487933	0.487436	0.485001	0.463225	0.472832	0.541395	0.502091	0.499926	0.493644	0.483094	0.488675	0.491223	0.512119	0.539516	0.531318
ERR607554-k20-n1-x5e9	0.446033	0.431731	0.406147	0.396607	0.379201	0.373333	0.40756	0.58574	0.443479	0.382518	0.385604	0.382415	0.34583	0.423262	0.343759	0.342752	0.342732	0.343661	0.285553	0.238673	0.242691	0.236641	0.236392	0	0.512473	0.442049	0.439022	0.446823	0.446373	0.447415	0.456121	0.371536	0.361794	0.377567	0.378106	0.378457	0.452113	0.372987	0.364536	0.377048	0.377016	0.376069	0.629025	0.65081	0.458484	0.494757	0.498063	0.501432	0.479805	0.444457	0.434343	0.437206	0.434541	0.445602	0.488044	0.451098	0.438228	0.441391	0.437259	0.452753	0.492628	0.452134	0.436976	0.435846	0.431976	0.451793	0.629432	0.562962	0.561508	0.618179	0.618445	0.621501	0.458195	0.458972	0.502264	0.472102	0.470494	0.467766	0.47567	0.474699	0.50729	0.487461	0.486833	0.484612	0.462564	0.472131	0.54059	0.501211	0.498892	0.492725	0.483193	0.488588	0.491091	0.511978	0.538889	0.530716
ERR608695-k20-n1-x5e9	0.380337	0.390507	0.406421	0.568469	0.537094	0.522529	0.443258	0.477385	0.427498	0.457692	0.45383	0.457594	0.512956	0.436211	0.490574	0.522031	0.521783	0.522979	0.485804	0.516444	0.523948	0.513579	0.512752	0.512473	0	0.336634	0.353827	0.337911	0.336757	0.336385	0.437987	0.449568	0.455651	0.443646	0.44376	0.443657	0.377177	0.396017	0.405633	0.392426	0.392237	0.393047	0.441093	0.466168	0.374337	0.382933	0.384038	0.387717	0.562441	0.57268	0.578681	0.580925	0.582233	0.57127	0.501341	0.510775	0.523192	0.522276	0.525564	0.510844	0.529908	0.533368	0.541499	0.542331	0.54584	0.533471	0.515327	0.492465	0.493911	0.505987	0.50537	0.50598	0.608299	0.604113	0.587135	0.601452	0.60037	0.602172	0.632808	0.629227	0.618573	0.62911	0.629785	0.62994	0.597982	0.598835	0.602094	0.607599	0.606885	0.606471	0.51161	0.500024	0.493172	0.486826	0.472294	0.473455
ERR608696-k20-n1-x5e9	0.361378	0.35849	0.362668	0.472377	0.445873	0.433691	0.406191	0.539981	0.420867	0.415987	0.413981	0.414851	0.423204	0.440712	0.416296	0.430467	0.430326	0.430875	0.459585	0.443413	0.44462	0.441778	0.441773	0.442049	0.336634	0	0.266599	0.26608	0.266052	0.266267	0.472883	0.426541	0.421803	0.424201	0.425058	0.425819	0.413871	0.36133	0.357779	0.358809	0.358911	0.361097	0.517554	0.546238	0.373341	0.412581	0.417564	0.424162	0.546965	0.531154	0.529175	0.529563	0.530245	0.531208	0.49822	0.47791	0.479493	0.477677	0.47944	0.478352	0.532431	0.509292	0.507485	0.505397	0.506975	0.509613	0.54947	0.476294	0.475975	0.521324	0.522097	0.523371	0.559412	0.559375	0.570788	0.571399	0.569557	0.569192	0.582439	0.582528	0.597932	0.598296	0.598022	0.596252	0.572463	0.577721	0.605968	0.600544	0.599299	0.596747	0.453241	0.449881	0.448062	0.449642	0.47106	0.465748
ERR608697-k20-n1-x5e9	0.369937	0.365107	0.367339	0.461164	0.437064	0.425852	0.409299	0.554835	0.428907	0.418756	0.417049	0.417361	0.414557	0.45128	0.412474	0.421422	0.421359	0.421731	0.465642	0.439669	0.438651	0.438341	0.438437	0.439022	0.353827	0.266599	0	0.267323	0.267772	0.268379	0.486329	0.432967	0.426167	0.431152	0.432112	0.433037	0.428958	0.36736	0.361789	0.365517	0.365911	0.368168	0.533105	0.561896	0.384009	0.426427	0.431908	0.438656	0.552284	0.531701	0.527949	0.527815	0.528276	0.53219	0.506003	0.48064	0.479772	0.477963	0.479458	0.481212	0.540606	0.512943	0.509623	0.506671	0.50796	0.513432	0.560505	0.480625	0.480066	0.529529	0.530736	0.531981	0.557944	0.559038	0.575241	0.57394	0.571881	0.571171	0.580477	0.581562	0.601662	0.600388	0.600089	0.597812	0.575778	0.581789	0.613164	0.606657	0.605377	0.602428	0.450825	0.449304	0.448372	0.451439	0.47914	0.472896
ERR608698-k20-n1-x5e9	0.362829	0.360034	0.365585	0.475855	0.449534	0.437379	0.407373	0.541458	0.422193	0.417802	0.416154	0.417203	0.426278	0.443981	0.419545	0.434029	0.433862	0.434548	0.465367	0.448502	0.449212	0.446561	0.446481	0.446823	0.337911	0.26608	0.267323	0	0.264087	0.264792	0.477163	0.430558	0.42558	0.427728	0.428768	0.429458	0.418253	0.365058	0.361565	0.362379	0.362667	0.364771	0.516309	0.545043	0.374103	0.413552	0.418585	0.42549	0.550197	0.534134	0.532185	0.532557	0.533248	0.534165	0.501184	0.480352	0.481913	0.4801	0.481817	0.480687	0.535691	0.511946	0.51018	0.507929	0.509626	0.512101	0.550147	0.475367	0.475313	0.520049	0.520659	0.522016	0.562666	0.562904	0.573781	0.575187	0.573389	0.572998	0.586012	0.586189	0.601567	0.602242	0.602016	0.600188	0.57608	0.581236	0.608916	0.604244	0.60308	0.600462	0.454101	0.450451	0.448937	0.449464	0.471776	0.466347
ERR608699-k20-n1-x5e9	0.362523	0.359968	0.365404	0.476087	0.449794	0.437569	0.407189	0.540183	0.421771	0.417644	0.415829	0.41682	0.426381	0.443057	0.419504	0.434098	0.433917	0.434493	0.464276	0.448019	0.449031	0.446052	0.446085	0.446373	0.336757	0.266052	0.267772	0.264087	0	0.264811	0.475496	0.42967	0.424906	0.427002	0.427802	0.428381	0.416258	0.364239	0.360774	0.361481	0.361815	0.363623	0.515688	0.544497	0.374218	0.41309	0.418152	0.424771	0.549896	0.534163	0.532163	0.532567	0.533265	0.534089	0.500727	0.480349	0.481958	0.480316	0.482106	0.480814	0.535365	0.511988	0.510288	0.508108	0.509662	0.51228	0.54974	0.47607	0.47586	0.520159	0.520804	0.522157	0.562383	0.562336	0.573363	0.574657	0.572827	0.572498	0.585423	0.585549	0.600951	0.601517	0.601352	0.599473	0.5754	0.580704	0.608492	0.60365	0.602545	0.599888	0.455057	0.451353	0.449725	0.450307	0.471531	0.466506
ERR608700-k20-n1-x5e9	0.362179	0.359573	0.365002	0.476727	0.450394	0.438131	0.408506	0.540315	0.422426	0.418768	0.416909	0.417971	0.427983	0.443698	0.421075	0.435444	0.435213	0.43598	0.465066	0.449005	0.450082	0.44703	0.446994	0.447415	0.336385	0.266267	0.268379	0.264792	0.264811	0	0.4759	0.430808	0.426348	0.427958	0.428862	0.429641	0.416068	0.364456	0.361416	0.36175	0.362001	0.363978	0.515374	0.544178	0.374063	0.413105	0.418132	0.424628	0.550483	0.535038	0.533199	0.533426	0.534277	0.534833	0.500722	0.480748	0.482656	0.480894	0.482614	0.481102	0.535632	0.512834	0.5111	0.50904	0.510785	0.512924	0.548775	0.475457	0.475174	0.519403	0.520141	0.521512	0.563082	0.563139	0.573883	0.575369	0.573601	0.573185	0.586262	0.586413	0.601694	0.602352	0.602134	0.600228	0.576342	0.581484	0.608993	0.604365	0.603208	0.600667	0.454683	0.450903	0.449524	0.449895	0.470972	0.465852
ERR608841-k20-n1-x5e9	0.438044	0.444639	0.447094	0.583388	0.551045	0.536735	0.383606	0.401757	0.359179	0.382647	0.380229	0.3836	0.46704	0.319192	0.423475	0.483857	0.48338	0.48562	0.381672	0.463935	0.479747	0.458487	0.456829	0.456121	0.437987	0.472883	0.486329	0.477163	0.475496	0.4759	0	0.301171	0.316914	0.296404	0.295676	0.294806	0.33505	0.372815	0.385873	0.372172	0.371008	0.369854	0.475942	0.495008	0.406001	0.401598	0.400277	0.399429	0.454545	0.481221	0.494356	0.499525	0.500547	0.479849	0.442398	0.463072	0.475055	0.478285	0.478973	0.464398	0.4198	0.438062	0.449085	0.453694	0.456581	0.43912	0.545531	0.547602	0.549362	0.561606	0.561097	0.563074	0.53502	0.523471	0.481932	0.500946	0.501421	0.506287	0.562477	0.550937	0.502439	0.524543	0.526582	0.531005	0.470246	0.465463	0.454785	0.456711	0.457136	0.458468	0.547155	0.536323	0.529441	0.532244	0.507418	0.509098
ERR608842-k20-n1-x5e9	0.415571	0.412938	0.405863	0.500292	0.470822	0.458177	0.333443	0.473018	0.343704	0.322225	0.322543	0.322793	0.370324	0.311864	0.332209	0.388373	0.387792	0.390042	0.330819	0.378268	0.391294	0.37297	0.371637	0.371536	0.449568	0.426541	0.432967	0.430558	0.42967	0.430808	0.301171	0	0.241229	0.241331	0.241479	0.241469	0.363975	0.326933	0.329181	0.328446	0.327904	0.326942	0.536905	0.55991	0.39621	0.420584	0.422514	0.425366	0.433222	0.428676	0.433936	0.438012	0.43822	0.428742	0.439712	0.42714	0.4276	0.430596	0.428962	0.429105	0.423975	0.405	0.403351	0.405548	0.405666	0.405888	0.577499	0.536023	0.536295	0.572775	0.573364	0.575999	0.477715	0.469459	0.46055	0.46066	0.46054	0.462798	0.505114	0.496034	0.474126	0.483311	0.484486	0.48689	0.43093	0.432057	0.464801	0.443779	0.443082	0.440396	0.50014	0.495844	0.493068	0.503013	0.507151	0.502877
ERR608843-k20-n1-x5e9	0.41682	0.412611	0.404409	0.488666	0.460359	0.448416	0.330974	0.486429	0.347505	0.319214	0.320213	0.319739	0.356347	0.319913	0.321353	0.374578	0.37407	0.376225	0.331589	0.368208	0.380028	0.36294	0.361855	0.361794	0.455651	0.421803	0.426167	0.42558	0.424906	0.426348	0.316914	0.241229	0	0.244089	0.244797	0.244954	0.374936	0.326706	0.326177	0.328332	0.32781	0.327248	0.547922	0.571522	0.400494	0.429188	0.431676	0.435163	0.436757	0.42584	0.42909	0.432598	0.432779	0.426279	0.444691	0.426515	0.424493	0.427463	0.425707	0.428709	0.431193	0.406249	0.402382	0.403748	0.403578	0.407518	0.58469	0.536455	0.53632	0.57709	0.577624	0.580357	0.472758	0.465341	0.463175	0.460068	0.459408	0.461372	0.499823	0.491578	0.47563	0.482338	0.48334	0.485387	0.431339	0.43372	0.472603	0.44908	0.447903	0.44505	0.495509	0.492612	0.490499	0.501155	0.510698	0.5058
ERR608844-k20-n1-x5e9	0.411422	0.409842	0.404908	0.505961	0.476081	0.463011	0.330734	0.464794	0.338218	0.321848	0.321898	0.322371	0.375289	0.307788	0.336355	0.394216	0.393756	0.395942	0.334622	0.384857	0.398005	0.379083	0.377745	0.377567	0.443646	0.424201	0.431152	0.427728	0.427002	0.427958	0.296404	0.241331	0.244089	0	0.239531	0.240159	0.35901	0.326093	0.329108	0.32694	0.326359	0.325336	0.527712	0.550936	0.390539	0.413987	0.415934	0.418804	0.432904	0.430684	0.436805	0.44089	0.441343	0.430729	0.43684	0.426219	0.427606	0.430692	0.429373	0.428251	0.421322	0.404505	0.404217	0.406563	0.407417	0.405474	0.571166	0.530627	0.531048	0.566068	0.566401	0.569061	0.481559	0.47276	0.460593	0.463444	0.463082	0.465794	0.509369	0.499921	0.475355	0.486613	0.487993	0.490603	0.433255	0.4337	0.462942	0.44477	0.443899	0.441729	0.499296	0.494116	0.491234	0.499797	0.502443	0.498716
ERR608845-k20-n1-x5e9	0.411241	0.409885	0.404771	0.506418	0.476295	0.46332	0.331181	0.464119	0.338223	0.32253	0.32236	0.323063	0.376989	0.307303	0.337742	0.395483	0.394952	0.397183	0.334394	0.38537	0.398648	0.379674	0.378328	0.378106	0.44376	0.425058	0.432112	0.428768	0.427802	0.428862	0.295676	0.241479	0.244797	0.239531	0	0.240122	0.358344	0.326193	0.329652	0.327154	0.326232	0.325414	0.526714	0.549943	0.390116	0.412868	0.414511	0.417596	0.432804	0.431132	0.437479	0.441597	0.442034	0.431015	0.437082	0.426775	0.428351	0.431434	0.430156	0.428644	0.421146	0.405104	0.40476	0.407171	0.407996	0.405976	0.57129	0.531717	0.532082	0.566696	0.567067	0.569694	0.481566	0.472758	0.459766	0.463097	0.462866	0.465536	0.509412	0.499992	0.47476	0.486419	0.487733	0.490416	0.433227	0.4337	0.462023	0.444102	0.443119	0.441114	0.500144	0.494919	0.491973	0.500665	0.502606	0.498921
ERR608846-k20-n1-x5e9	0.412502	0.410967	0.405841	0.507329	0.477489	0.464273	0.332452	0.463929	0.338886	0.323227	0.323261	0.323736	0.377865	0.3076	0.33874	0.396144	0.39567	0.397847	0.334294	0.385844	0.399203	0.380038	0.378753	0.378457	0.443657	0.425819	0.433037	0.429458	0.428381	0.429641	0.294806	0.241469	0.244954	0.240159	0.240122	0	0.357669	0.326385	0.329783	0.327319	0.326345	0.325783	0.527033	0.550216	0.39098	0.413495	0.415477	0.418341	0.431919	0.430921	0.437424	0.441452	0.441993	0.430829	0.43599	0.426534	0.428111	0.431074	0.42987	0.428129	0.420324	0.404364	0.404399	0.406927	0.407609	0.405422	0.570726	0.531657	0.53189	0.566377	0.566846	0.569329	0.481769	0.473014	0.460205	0.463045	0.462958	0.465663	0.509422	0.500048	0.474675	0.486251	0.487589	0.490303	0.432966	0.433247	0.461675	0.443446	0.44275	0.440805	0.500226	0.49504	0.491998	0.500491	0.502209	0.498407
ERR607451-k20-n1-x5e9	0.381231	0.38828	0.394109	0.547868	0.514626	0.499327	0.395783	0.418569	0.374288	0.398727	0.395807	0.399494	0.46507	0.345327	0.430759	0.476511	0.476014	0.477909	0.395748	0.458285	0.47106	0.454202	0.452713	0.452113	0.377177	0.413871	0.428958	0.418253	0.416258	0.416068	0.33505	0.363975	0.374936	0.35901	0.358344	0.357669	0	0.314358	0.328845	0.312527	0.312002	0.311014	0.44892	0.470371	0.367726	0.363986	0.362796	0.363231	0.474394	0.497751	0.508432	0.512699	0.513806	0.495961	0.436848	0.456781	0.469497	0.47161	0.473192	0.457138	0.441347	0.456199	0.466572	0.469907	0.472975	0.456757	0.503503	0.499848	0.501428	0.514981	0.513844	0.515789	0.541894	0.53327	0.502297	0.518404	0.518524	0.521749	0.568363	0.560253	0.529102	0.544947	0.546506	0.54882	0.503422	0.501147	0.496239	0.499419	0.499458	0.49989	0.505044	0.492715	0.485348	0.485991	0.459568	0.461564
ERR607452-k20-n1-x5e9	0.358635	0.354665	0.349367	0.459947	0.429824	0.415884	0.352929	0.487307	0.363302	0.349072	0.348375	0.349369	0.374313	0.346453	0.349929	0.384889	0.38442	0.386028	0.357004	0.377485	0.386111	0.374084	0.373172	0.372987	0.396017	0.36133	0.36736	0.365058	0.364239	0.364456	0.372815	0.326933	0.326706	0.326093	0.326193	0.326385	0.314358	0	0.259957	0.26006	0.259571	0.259538	0.511212	0.537013	0.359132	0.389171	0.392096	0.395923	0.461171	0.454287	0.456436	0.459407	0.459601	0.453983	0.43717	0.42285	0.424775	0.425882	0.42575	0.423932	0.449033	0.429626	0.428846	0.429276	0.430354	0.430335	0.539638	0.487564	0.487459	0.52939	0.529672	0.531856	0.490968	0.48636	0.487076	0.486323	0.485595	0.48644	0.516882	0.512098	0.508622	0.512126	0.51288	0.512971	0.474835	0.478106	0.508495	0.494593	0.493845	0.491083	0.45358	0.448828	0.445729	0.454037	0.461891	0.457326
ERR607453-k20-n1-x5e9	0.362416	0.356329	0.349756	0.448259	0.419413	0.406062	0.351045	0.50051	0.367498	0.346514	0.346512	0.346856	0.361474	0.353969	0.340222	0.372284	0.37182	0.3732	0.3584	0.368449	0.375533	0.365426	0.364677	0.364536	0.405633	0.357779	0.361789	0.361565	0.360774	0.361416	0.385873	0.329181	0.326177	0.329108	0.329652	0.329783	0.328845	0.259957	0	0.261433	0.261553	0.262106	0.523836	0.549901	0.365301	0.399649	0.403104	0.407407	0.464226	0.450846	0.451213	0.453585	0.453969	0.451132	0.442769	0.422204	0.421527	0.422668	0.422042	0.423457	0.455446	0.430329	0.426948	0.426881	0.427521	0.431127	0.548589	0.489142	0.488701	0.534917	0.535765	0.537723	0.486784	0.483211	0.489817	0.486151	0.485285	0.485619	0.512369	0.508234	0.510277	0.51159	0.512036	0.511789	0.475552	0.479528	0.515317	0.499243	0.498275	0.495086	0.449046	0.445921	0.443521	0.452871	0.467328	0.462148
ERR607454-k20-n1-x5e9	0.356192	0.352689	0.34932	0.463595	0.433347	0.419266	0.35204	0.483392	0.361151	0.349694	0.348481	0.349884	0.377407	0.345603	0.352586	0.3887	0.388112	0.389584	0.360469	0.381796	0.390216	0.378142	0.377182	0.377048	0.392426	0.358809	0.365517	0.362379	0.361481	0.36175	0.372172	0.328446	0.328332	0.32694	0.327154	0.327319	0.312527	0.26006	0.261433	0	0.258276	0.25832	0.505918	0.531908	0.356261	0.385391	0.388352	0.392284	0.46255	0.456276	0.458837	0.461668	0.461956	0.456008	0.437087	0.42372	0.426027	0.427216	0.42723	0.424693	0.449291	0.430874	0.430405	0.431144	0.432479	0.431483	0.536336	0.48449	0.484507	0.525188	0.52545	0.527713	0.494217	0.489733	0.48892	0.489536	0.488591	0.489724	0.520304	0.515406	0.511033	0.515533	0.516245	0.516362	0.477795	0.480742	0.509341	0.497151	0.496086	0.49363	0.45332	0.448219	0.444937	0.452222	0.45933	0.455165
ERR607455-k20-n1-x5e9	0.355013	0.351904	0.348394	0.464205	0.433734	0.419558	0.351089	0.482053	0.359978	0.348505	0.347532	0.348762	0.377543	0.344288	0.352162	0.38888	0.388346	0.389854	0.359644	0.382109	0.390697	0.378163	0.377259	0.377016	0.392237	0.358911	0.365911	0.362667	0.361815	0.362001	0.371008	0.327904	0.32781	0.326359	0.326232	0.326345	0.312002	0.259571	0.261553	0.258276	0	0.2582	0.504835	0.530677	0.354713	0.38368	0.386392	0.390579	0.461117	0.455406	0.458054	0.460944	0.461357	0.454943	0.436048	0.422796	0.425177	0.426547	0.426667	0.42366	0.447847	0.429897	0.429433	0.430096	0.431453	0.430331	0.535384	0.483639	0.483576	0.52424	0.524652	0.526846	0.493339	0.488524	0.487138	0.488087	0.487364	0.488314	0.519508	0.514473	0.509508	0.51428	0.51497	0.515224	0.476252	0.479013	0.507615	0.495126	0.49425	0.491819	0.452735	0.447413	0.444476	0.451647	0.458037	0.453948
ERR607456-k20-n1-x5e9	0.356681	0.353339	0.349329	0.464236	0.433797	0.419729	0.351374	0.481467	0.35994	0.34808	0.347169	0.348519	0.377358	0.342976	0.351728	0.388425	0.387921	0.389543	0.357836	0.381249	0.390214	0.377506	0.376459	0.376069	0.393047	0.361097	0.368168	0.364771	0.363623	0.363978	0.369854	0.326942	0.327248	0.325336	0.325414	0.325783	0.311014	0.259538	0.262106	0.25832	0.2582	0	0.505833	0.531618	0.356532	0.384716	0.387451	0.391321	0.460073	0.454519	0.457234	0.460157	0.460569	0.453992	0.435112	0.422501	0.424896	0.426246	0.426363	0.423552	0.446705	0.429186	0.42862	0.429227	0.430444	0.429362	0.535685	0.484963	0.485091	0.525475	0.525537	0.527804	0.492366	0.48748	0.486393	0.486915	0.485997	0.48702	0.518545	0.513414	0.508454	0.512862	0.513517	0.513848	0.474859	0.477591	0.506549	0.49358	0.492664	0.490135	0.453556	0.44834	0.445132	0.452801	0.458477	0.454293
ERR605787-k20-n1-x5e9	0.461067	0.478232	0.505578	0.683758	0.653072	0.638135	0.515627	0.408823	0.472927	0.541535	0.536277	0.541928	0.627816	0.488368	0.597106	0.643277	0.642883	0.644525	0.581919	0.634957	0.643855	0.63049	0.629395	0.629025	0.441093	0.517554	0.533105	0.516309	0.515688	0.515374	0.475942	0.536905	0.547922	0.527712	0.526714	0.527033	0.44892	0.511212	0.523836	0.505918	0.504835	0.505833	0	0.302936	0.40553	0.377931	0.376238	0.376487	0.609221	0.639451	0.652943	0.655909	0.658157	0.637812	0.553287	0.584882	0.602937	0.602942	0.607422	0.584917	0.559566	0.588903	0.605538	0.608834	0.614651	0.589918	0.490683	0.528408	0.531324	0.497434	0.495497	0.494426	0.66554	0.656326	0.60002	0.640468	0.641009	0.646254	0.691756	0.683672	0.638128	0.669861	0.671598	0.674554	0.629056	0.62248	0.576976	0.613348	0.614024	0.618312	0.593305	0.576185	0.567499	0.552509	0.511219	0.518565
