	ERR610253-k20-n1-x5e9	ERR610254-k20-n1-x5e9	ERR610255-k20-n1-x5e9	ERR610256-k20-n1-x5e9	ERR610257-k20-n1-x5e9	ERR610258-k20-n1-x5e9	ERR605515-k20-n1-x5e9	ERR605516-k20-n1-x5e9	ERR605517-k20-n1-x5e9	ERR605518-k20-n1-x5e9	ERR605519-k20-n1-x5e9	ERR605520-k20-n1-x5e9	ERR610037-k20-n1-x5e9	ERR610038-k20-n1-x5e9	ERR610039-k20-n1-x5e9	ERR610040-k20-n1-x5e9	ERR610041-k20-n1-x5e9	ERR610042-k20-n1-x5e9	ERR609333-k20-n1-x5e9	ERR609334-k20-n1-x5e9	ERR609335-k20-n1-x5e9	ERR609336-k20-n1-x5e9	ERR609337-k20-n1-x5e9	ERR609338-k20-n1-x5e9	ERR608751-k20-n1-x5e9	ERR608752-k20-n1-x5e9	ERR608753-k20-n1-x5e9	ERR608754-k20-n1-x5e9	ERR608755-k20-n1-x5e9	ERR608756-k20-n1-x5e9	ERR608561-k20-n1-x5e9	ERR608562-k20-n1-x5e9	ERR608563-k20-n1-x5e9	ERR608564-k20-n1-x5e9	ERR608565-k20-n1-x5e9	ERR608566-k20-n1-x5e9	ERR608221-k20-n1-x5e9	ERR608222-k20-n1-x5e9	ERR608223-k20-n1-x5e9	ERR608224-k20-n1-x5e9	ERR608225-k20-n1-x5e9	ERR608226-k20-n1-x5e9	ERR607543-k20-n1-x5e9	ERR607544-k20-n1-x5e9	ERR607545-k20-n1-x5e9	ERR607546-k20-n1-x5e9	ERR607547-k20-n1-x5e9	ERR607548-k20-n1-x5e9	ERR605934-k20-n1-x5e9	ERR605935-k20-n1-x5e9	ERR605936-k20-n1-x5e9	ERR605937-k20-n1-x5e9	ERR605938-k20-n1-x5e9	ERR605939-k20-n1-x5e9	ERR608787-k20-n1-x5e9	ERR608788-k20-n1-x5e9	ERR608789-k20-n1-x5e9	ERR608790-k20-n1-x5e9	ERR608791-k20-n1-x5e9	ERR608792-k20-n1-x5e9	ERR610235-k20-n1-x5e9	ERR610236-k20-n1-x5e9	ERR610237-k20-n1-x5e9	ERR610238-k20-n1-x5e9	ERR610239-k20-n1-x5e9	ERR610240-k20-n1-x5e9	ERR608305-k20-n1-x5e9	ERR608306-k20-n1-x5e9	ERR608307-k20-n1-x5e9	ERR608308-k20-n1-x5e9	ERR608309-k20-n1-x5e9	ERR608310-k20-n1-x5e9	ERR607899-k20-n1-x5e9	ERR607900-k20-n1-x5e9	ERR607901-k20-n1-x5e9	ERR607902-k20-n1-x5e9	ERR607903-k20-n1-x5e9	ERR607904-k20-n1-x5e9	ERR608057-k20-n1-x5e9	ERR608058-k20-n1-x5e9	ERR608059-k20-n1-x5e9	ERR608060-k20-n1-x5e9	ERR608061-k20-n1-x5e9	ERR608062-k20-n1-x5e9	ERR608389-k20-n1-x5e9	ERR608390-k20-n1-x5e9	ERR608391-k20-n1-x5e9	ERR608392-k20-n1-x5e9	ERR608393-k20-n1-x5e9	ERR608394-k20-n1-x5e9	ERR605309-k20-n1-x5e9	ERR605310-k20-n1-x5e9	ERR605311-k20-n1-x5e9	ERR605312-k20-n1-x5e9	ERR605313-k20-n1-x5e9	ERR605314-k20-n1-x5e9
ERR610253-k20-n1-x5e9	0	0.862124	0.764129	0.724952	0.733065	0.726545	0.92078	0.919861	0.92143	0.918192	0.919255	0.919331	1.00578	0.926365	1.1168	0.927846	0.951024	0.95008	0.936109	0.937037	1.02959	0.874059	0.876502	0.878982	0.913571	0.875341	0.875481	0.899938	0.892713	0.90234	0.911253	0.907839	0.911672	0.872693	0.873711	0.872318	0.952564	0.938287	0.956709	0.860732	0.859997	0.859293	0.961956	0.957531	0.960726	0.93152	0.933217	0.932504	1.10152	1.05354	1.05121	1.08413	1.08403	1.08658	1.07702	1.06977	1.07188	1.09662	1.09552	1.09349	1.09332	1.17203	1.10735	1.08157	1.08164	1.08052	1.13331	1.09619	1.09047	1.08896	1.0916	1.09467	1.03537	1.02422	1.02584	1.04249	1.03962	1.03797	1.32423	1.31347	1.31	1.31178	1.31231	1.31187	1.0842	1.05508	1.05003	1.05072	1.04809	1.05654	1.11386	1.11903	1.15157	1.13736	1.13743	1.13469
ERR610254-k20-n1-x5e9	0.862124	0	0.874475	0.854335	0.858559	0.856081	0.995366	1.00038	1.00154	0.999617	0.999136	1.00002	1.06968	1.01023	1.15678	1.00783	1.02227	1.02261	1.00008	1.00077	1.07654	0.954345	0.957665	0.958569	0.982227	0.961441	0.964075	0.976651	0.973327	0.980435	1.00358	1.00491	1.0049	0.976695	0.977287	0.979091	1.00867	0.997072	1.0162	0.947772	0.947313	0.947602	1.02752	1.02516	1.02901	1.00993	1.01143	1.01079	1.16577	1.13362	1.133	1.158	1.15646	1.15809	1.14296	1.13811	1.13813	1.16189	1.16132	1.15971	1.16637	1.21684	1.17521	1.15479	1.15512	1.15361	1.18003	1.1572	1.15433	1.15479	1.15634	1.15779	1.10658	1.10064	1.09809	1.11868	1.11702	1.11603	1.33881	1.3314	1.32899	1.33028	1.33041	1.33003	1.14487	1.12637	1.12349	1.1245	1.12165	1.12645	1.1652	1.16837	1.19828	1.18185	1.18151	1.17999
ERR610255-k20-n1-x5e9	0.764129	0.874475	0	0.749119	0.762556	0.751276	0.927069	0.933095	0.935191	0.932486	0.931342	0.932756	1.01981	0.942778	1.12494	0.939685	0.967001	0.966888	0.947323	0.947026	1.03554	0.884965	0.892354	0.890642	0.925201	0.887868	0.888987	0.911808	0.908561	0.914541	0.932204	0.931855	0.932367	0.896936	0.897324	0.898341	0.96137	0.948152	0.968281	0.878787	0.878159	0.878936	0.97467	0.97039	0.975937	0.94581	0.946527	0.947338	1.11583	1.07065	1.06918	1.09763	1.09755	1.09917	1.08781	1.08187	1.08302	1.11541	1.11423	1.11246	1.10766	1.18036	1.12654	1.09529	1.09585	1.09407	1.14304	1.11437	1.10443	1.10359	1.10725	1.11285	1.05211	1.04066	1.04138	1.06002	1.05676	1.05495	1.3281	1.31695	1.31415	1.31548	1.31589	1.31555	1.09464	1.06856	1.0661	1.06656	1.0651	1.06967	1.12472	1.12912	1.16017	1.14679	1.14644	1.14541
ERR610256-k20-n1-x5e9	0.724952	0.854335	0.749119	0	0.724886	0.720688	0.89963	0.908392	0.914458	0.907469	0.90684	0.907525	0.991364	0.91896	1.10917	0.914659	0.932602	0.932888	0.925348	0.925944	1.02358	0.868229	0.867479	0.869464	0.897238	0.872847	0.869489	0.881074	0.876812	0.885571	0.899207	0.900221	0.900265	0.859085	0.858966	0.858642	0.945747	0.931441	0.951547	0.8468	0.848001	0.850627	0.951369	0.946942	0.952915	0.916181	0.915829	0.914806	1.09655	1.05031	1.0511	1.08011	1.07969	1.08339	1.06665	1.05833	1.05983	1.09011	1.08945	1.08838	1.09151	1.16741	1.10367	1.07379	1.0741	1.07215	1.12021	1.08799	1.08408	1.08306	1.08483	1.08733	1.02583	1.01544	1.01394	1.03377	1.03243	1.03233	1.32206	1.31107	1.30753	1.30948	1.3098	1.30916	1.07639	1.04516	1.04175	1.04137	1.03991	1.04627	1.10375	1.11007	1.14257	1.12868	1.12832	1.12588
ERR610257-k20-n1-x5e9	0.733065	0.858559	0.762556	0.724886	0	0.721036	0.909178	0.920468	0.915031	0.91701	0.920109	0.91694	0.999018	0.922555	1.11266	0.926	0.940759	0.940248	0.932604	0.930603	1.02713	0.870134	0.86753	0.870307	0.907268	0.87038	0.880919	0.888943	0.884485	0.896056	0.908105	0.906526	0.907931	0.868887	0.869837	0.871576	0.947875	0.93611	0.956621	0.854176	0.851283	0.853944	0.95565	0.952033	0.957072	0.924811	0.924314	0.923601	1.10226	1.056	1.05361	1.08779	1.08659	1.08809	1.07582	1.06645	1.06786	1.09478	1.09379	1.09178	1.096	1.17076	1.10822	1.0816	1.08211	1.07847	1.12773	1.09316	1.08763	1.08899	1.09035	1.0933	1.03522	1.02345	1.02258	1.03978	1.03859	1.03722	1.32325	1.31259	1.3094	1.31099	1.31146	1.3109	1.081	1.05172	1.04721	1.04815	1.0461	1.0525	1.10994	1.11444	1.14763	1.13233	1.13233	1.13124
ERR610258-k20-n1-x5e9	0.726545	0.856081	0.751276	0.720688	0.721036	0	0.903333	0.9128	0.911425	0.912792	0.910279	0.91218	0.994304	0.916705	1.10955	0.918484	0.935301	0.934368	0.928423	0.928402	1.0235	0.871721	0.867322	0.867769	0.900393	0.869981	0.871842	0.882762	0.879213	0.889493	0.901224	0.899701	0.902671	0.861162	0.859429	0.861462	0.944567	0.930595	0.95237	0.849736	0.846699	0.848721	0.95251	0.948128	0.953192	0.916568	0.918697	0.91762	1.09731	1.0503	1.04998	1.08264	1.08218	1.08445	1.0695	1.06012	1.06116	1.09197	1.09041	1.08851	1.09095	1.16791	1.10487	1.07451	1.07507	1.07476	1.12306	1.08935	1.08545	1.08436	1.0864	1.08915	1.02815	1.01684	1.01575	1.0355	1.03267	1.03217	1.32231	1.3114	1.30798	1.30996	1.31026	1.30969	1.07672	1.04747	1.04274	1.04252	1.04035	1.04823	1.10548	1.11097	1.14356	1.12959	1.12974	1.12809
ERR605515-k20-n1-x5e9	0.92078	0.995366	0.927069	0.89963	0.909178	0.903333	0	0.702969	0.706074	0.706681	0.703419	0.704689	0.941771	0.854072	1.06939	0.847504	0.875781	0.872126	0.914287	0.915171	1.00083	0.866729	0.870942	0.871516	0.937746	0.912264	0.91005	0.930107	0.925998	0.932431	0.890192	0.890801	0.887477	0.832591	0.832936	0.834224	1.0043	0.994837	1.01185	0.921253	0.920516	0.921377	0.951456	0.946644	0.954551	0.921022	0.921826	0.920322	1.04012	1.01404	1.01332	1.03136	1.02944	1.0321	1.04751	1.04108	1.03963	1.08229	1.08156	1.07895	1.04906	1.11869	1.0639	1.03352	1.03378	1.03349	1.10147	1.07821	1.06922	1.07124	1.0729	1.07647	1.01586	1.00334	1.00008	1.0228	1.02345	1.02319	1.31499	1.30438	1.30129	1.3034	1.30325	1.30318	1.05921	1.03371	1.02943	1.03035	1.02987	1.03471	1.03805	1.04278	1.07182	1.06106	1.06056	1.05953
ERR605516-k20-n1-x5e9	0.919861	1.00038	0.933095	0.908392	0.920468	0.9128	0.702969	0	0.715487	0.714576	0.714343	0.714122	0.946653	0.862913	1.07339	0.856867	0.871691	0.869733	0.917584	0.918799	1.00231	0.87136	0.878047	0.876088	0.944129	0.918095	0.91714	0.934909	0.930571	0.936469	0.893771	0.89617	0.892341	0.841105	0.843604	0.845291	1.01052	0.999424	1.01584	0.925395	0.924349	0.925225	0.959578	0.956453	0.964264	0.927108	0.927976	0.926359	1.04422	1.02004	1.01955	1.03506	1.03241	1.03502	1.05365	1.04718	1.04439	1.08589	1.08413	1.08234	1.05313	1.11967	1.06578	1.03756	1.03737	1.03643	1.10508	1.08039	1.07552	1.07652	1.07961	1.08006	1.0217	1.01299	1.00865	1.02996	1.0309	1.02827	1.31602	1.30572	1.30236	1.30428	1.30401	1.3036	1.06355	1.03928	1.03748	1.03893	1.03565	1.03972	1.04294	1.04934	1.07273	1.06305	1.06304	1.06316
ERR605517-k20-n1-x5e9	0.92143	1.00154	0.935191	0.914458	0.915031	0.911425	0.706074	0.715487	0	0.71874	0.715905	0.717671	0.947542	0.866945	1.07395	0.857775	0.86796	0.866074	0.914888	0.916306	0.999739	0.873453	0.87562	0.881497	0.943802	0.922901	0.919716	0.934671	0.931942	0.938215	0.891616	0.891605	0.894398	0.844875	0.847618	0.846236	1.01198	1.00204	1.01891	0.925548	0.92484	0.925154	0.958981	0.957625	0.962133	0.927015	0.926696	0.92561	1.04167	1.02296	1.02128	1.03422	1.03259	1.03462	1.05431	1.04893	1.0473	1.08648	1.08483	1.08317	1.05436	1.11805	1.06353	1.03675	1.03707	1.03597	1.10907	1.08156	1.07728	1.07756	1.07934	1.0806	1.02267	1.01466	1.01129	1.03139	1.03487	1.03214	1.31609	1.30594	1.3023	1.30449	1.30439	1.304	1.06702	1.04057	1.03606	1.03751	1.0344	1.04122	1.04522	1.04828	1.07022	1.06225	1.0621	1.0611
ERR605518-k20-n1-x5e9	0.918192	0.999617	0.932486	0.907469	0.91701	0.912792	0.706681	0.714576	0.71874	0	0.713748	0.714041	0.948166	0.863214	1.07398	0.855522	0.87309	0.87174	0.917669	0.919315	1.00069	0.871448	0.879964	0.877108	0.944636	0.918382	0.917012	0.934093	0.93144	0.937853	0.892047	0.893526	0.893698	0.842002	0.84125	0.842977	1.00954	0.99981	1.0171	0.924763	0.923682	0.925025	0.960554	0.955435	0.9634	0.926104	0.926352	0.927242	1.04463	1.0179	1.0175	1.03281	1.03092	1.03434	1.05436	1.04733	1.04596	1.08482	1.08394	1.08168	1.05212	1.1196	1.06351	1.03608	1.03678	1.03556	1.10596	1.08032	1.07612	1.07719	1.07924	1.08023	1.02223	1.01291	1.01016	1.02909	1.02941	1.02929	1.31608	1.30564	1.30224	1.30384	1.30382	1.30374	1.06492	1.03842	1.03555	1.03766	1.03692	1.03916	1.04344	1.04986	1.07257	1.06332	1.06337	1.0635
ERR605519-k20-n1-x5e9	0.919255	0.999136	0.931342	0.90684	0.920109	0.910279	0.703419	0.714343	0.715905	0.713748	0	0.711552	0.946156	0.862052	1.07351	0.856528	0.870435	0.871233	0.917968	0.91741	1.00214	0.871718	0.878661	0.877127	0.942307	0.915556	0.915978	0.932037	0.93015	0.937227	0.8908	0.894482	0.892844	0.840721	0.83964	0.841987	1.01012	0.998012	1.01534	0.924541	0.924431	0.923812	0.957857	0.952858	0.960243	0.924106	0.924335	0.925635	1.04419	1.01759	1.01756	1.03473	1.0309	1.0335	1.05252	1.04598	1.04461	1.08325	1.08243	1.08077	1.0516	1.11981	1.06323	1.03619	1.037	1.03387	1.10398	1.07938	1.07485	1.07671	1.07803	1.08006	1.01952	1.01266	1.00713	1.02764	1.02803	1.02814	1.31608	1.30522	1.30203	1.30382	1.30366	1.30325	1.06352	1.03665	1.03508	1.038	1.03424	1.03713	1.04262	1.04956	1.07331	1.0623	1.06262	1.06205
ERR605520-k20-n1-x5e9	0.919331	1.00002	0.932756	0.907525	0.91694	0.91218	0.704689	0.714122	0.717671	0.714041	0.711552	0	0.94611	0.861669	1.07355	0.854627	0.87209	0.868456	0.918141	0.916398	1.00108	0.871694	0.88019	0.877395	0.942418	0.918771	0.916798	0.934433	0.93177	0.938595	0.89105	0.893725	0.892152	0.841505	0.84056	0.842099	1.00926	0.999289	1.0159	0.924792	0.923525	0.92467	0.958785	0.954877	0.962305	0.924924	0.925466	0.924117	1.04276	1.01682	1.01718	1.03236	1.03011	1.03341	1.05344	1.04729	1.04392	1.08417	1.08334	1.08107	1.05101	1.11903	1.06218	1.0342	1.03474	1.03365	1.10581	1.08017	1.07577	1.07667	1.07946	1.0795	1.02249	1.01247	1.01024	1.02896	1.02907	1.02883	1.316	1.30559	1.30224	1.30385	1.30375	1.30365	1.06429	1.03851	1.03443	1.03683	1.03721	1.03937	1.04276	1.04845	1.07127	1.06245	1.06215	1.06232
ERR610037-k20-n1-x5e9	1.00578	1.06968	1.01981	0.991364	0.999018	0.994304	0.941771	0.946653	0.947542	0.948166	0.946156	0.94611	0	0.842402	1.05585	0.841674	0.858535	0.856183	1.01871	1.01922	1.08927	0.976591	0.980331	0.980739	1.00443	0.97949	0.978096	0.997454	0.994564	1.00137	0.959568	0.959008	0.961877	0.919995	0.919712	0.921072	1.05479	1.04541	1.06093	0.988122	0.989003	0.990576	1.0276	1.02506	1.02838	1.00388	1.00534	1.00367	1.11317	1.08199	1.08078	1.10675	1.10562	1.10859	1.09239	1.08643	1.08481	1.11794	1.11668	1.11468	1.11221	1.16679	1.12013	1.09625	1.09633	1.09528	1.14204	1.11754	1.11383	1.11377	1.11579	1.11778	1.06562	1.06107	1.05801	1.07199	1.07201	1.0716	1.32662	1.3184	1.3148	1.31686	1.31675	1.3164	1.10036	1.0804	1.07309	1.07362	1.0718	1.08092	1.10184	1.10512	1.13345	1.11438	1.11497	1.11447
ERR610038-k20-n1-x5e9	0.926365	1.01023	0.942778	0.91896	0.922555	0.916705	0.854072	0.862913	0.866945	0.863214	0.862052	0.861669	0.842402	0	1.0043	0.732388	0.739187	0.73971	0.948196	0.94913	1.03433	0.900661	0.900931	0.902385	0.926183	0.906	0.903505	0.916735	0.912198	0.921273	0.871028	0.870654	0.873925	0.823892	0.823672	0.823501	0.997131	0.985346	1.00254	0.902801	0.904804	0.906906	0.95951	0.95641	0.962275	0.925412	0.926626	0.924355	1.05284	1.02165	1.0229	1.04362	1.04098	1.04538	1.02437	1.01861	1.01635	1.05902	1.05742	1.05658	1.05135	1.12163	1.0615	1.03033	1.03066	1.02993	1.0895	1.05788	1.05385	1.05418	1.05634	1.0563	1.00186	0.994007	0.989659	1.00857	1.00984	1.01034	1.31142	1.30106	1.29741	1.29967	1.29952	1.29898	1.03947	1.01091	1.00814	1.00897	1.00715	1.01167	1.04333	1.04887	1.07598	1.06447	1.06424	1.06243
ERR610039-k20-n1-x5e9	1.1168	1.15678	1.12494	1.10917	1.11266	1.10955	1.06939	1.07339	1.07395	1.07398	1.07351	1.07355	1.05585	1.0043	0	1.00174	1.00938	1.00802	1.12242	1.12305	1.1663	1.0937	1.09619	1.09674	1.10887	1.09682	1.09681	1.10708	1.10526	1.10927	1.08228	1.08211	1.08301	1.05709	1.05758	1.05856	1.14473	1.13954	1.14815	1.10022	1.10066	1.1014	1.12916	1.12729	1.13031	1.11388	1.11499	1.11377	1.18914	1.17429	1.1734	1.18617	1.18482	1.18689	1.17466	1.17172	1.17006	1.19577	1.19585	1.19405	1.19029	1.22829	1.19666	1.17838	1.17887	1.17795	1.21065	1.19451	1.19128	1.19189	1.19326	1.19464	1.15989	1.15515	1.15271	1.16539	1.16651	1.16601	1.34766	1.34123	1.33925	1.34036	1.34017	1.34021	1.18033	1.16582	1.16421	1.16542	1.16381	1.16589	1.18214	1.18431	1.20115	1.19354	1.19329	1.1929
ERR610040-k20-n1-x5e9	0.927846	1.00783	0.939685	0.914659	0.926	0.918484	0.847504	0.856867	0.857775	0.855522	0.856528	0.854627	0.841674	0.732388	1.00174	0	0.743399	0.743734	0.944988	0.945416	1.03098	0.890493	0.897955	0.898087	0.923087	0.898174	0.898881	0.91513	0.913168	0.917933	0.871732	0.874208	0.872746	0.819454	0.818724	0.8204	0.994832	0.984374	0.999541	0.903931	0.903525	0.905837	0.959284	0.954842	0.962337	0.923827	0.924275	0.922796	1.04904	1.01802	1.01631	1.03939	1.03634	1.03877	1.02511	1.01749	1.01529	1.05915	1.05735	1.05535	1.04574	1.11819	1.05926	1.02707	1.02716	1.0258	1.08369	1.05744	1.05136	1.05238	1.05544	1.05681	0.999337	0.990253	0.986716	1.00702	1.00807	1.0063	1.31151	1.30057	1.29716	1.29933	1.29917	1.29878	1.03507	1.00983	1.00891	1.00989	1.00821	1.01037	1.03745	1.04423	1.07366	1.05991	1.06028	1.05925
ERR610041-k20-n1-x5e9	0.951024	1.02227	0.967001	0.932602	0.940759	0.935301	0.875781	0.871691	0.86796	0.87309	0.870435	0.87209	0.858535	0.739187	1.00938	0.743399	0	0.730258	0.964009	0.964712	1.03802	0.902767	0.903716	0.905698	0.936078	0.915238	0.918655	0.940162	0.935113	0.939713	0.893068	0.892777	0.899982	0.848247	0.849051	0.851541	1.01324	1.00553	1.0204	0.9245	0.926464	0.927787	0.974723	0.971967	0.978192	0.948391	0.95183	0.950677	1.062	1.04198	1.04253	1.06129	1.05639	1.05996	1.03542	1.03359	1.02964	1.07203	1.07177	1.06808	1.06796	1.12636	1.07624	1.04946	1.05001	1.04903	1.09689	1.06687	1.06161	1.06377	1.06515	1.0655	1.01487	1.01002	1.00362	1.0222	1.02302	1.02375	1.31201	1.30407	1.30092	1.30264	1.30211	1.30228	1.04603	1.02601	1.02166	1.02422	1.02294	1.02607	1.05018	1.05462	1.08017	1.06405	1.06359	1.0626
ERR610042-k20-n1-x5e9	0.95008	1.02261	0.966888	0.932888	0.940248	0.934368	0.872126	0.869733	0.866074	0.87174	0.871233	0.868456	0.856183	0.73971	1.00802	0.743734	0.730258	0	0.96325	0.963231	1.03821	0.903503	0.903867	0.904689	0.936429	0.915743	0.918254	0.93964	0.932773	0.941663	0.890435	0.891228	0.895422	0.847401	0.848902	0.848131	1.01418	1.00459	1.01944	0.923882	0.92469	0.924719	0.973653	0.971667	0.976577	0.946869	0.949516	0.948052	1.06139	1.04105	1.03988	1.05942	1.05615	1.05912	1.03441	1.03256	1.02836	1.07038	1.07015	1.06737	1.06676	1.1252	1.07476	1.04765	1.04799	1.0471	1.09776	1.06705	1.06203	1.06402	1.0648	1.06497	1.01485	1.00833	1.00347	1.02036	1.02301	1.02218	1.31188	1.3037	1.3006	1.30233	1.30185	1.30184	1.04526	1.02653	1.02251	1.02462	1.02183	1.02639	1.05	1.05339	1.07936	1.06359	1.06366	1.06282
ERR609333-k20-n1-x5e9	0.936109	1.00008	0.947323	0.925348	0.932604	0.928423	0.914287	0.917584	0.914888	0.917669	0.917968	0.918141	1.01871	0.948196	1.12242	0.944988	0.964009	0.96325	0	0.820318	0.913048	0.794033	0.793151	0.794246	0.966387	0.942101	0.942918	0.958711	0.954548	0.961815	0.982796	0.98008	0.982742	0.948586	0.947305	0.947582	1.01827	1.0107	1.02183	0.953079	0.951355	0.951527	1.03128	1.02872	1.03274	1.00473	1.00554	1.00511	1.06959	1.05388	1.05385	1.06393	1.06166	1.06455	1.12661	1.11715	1.11735	1.15178	1.1505	1.14882	1.08419	1.13828	1.094	1.06998	1.07096	1.07015	1.16099	1.14096	1.13652	1.13538	1.13764	1.14021	1.09795	1.08674	1.08486	1.10096	1.10103	1.10044	1.33643	1.32588	1.32293	1.32444	1.32444	1.32418	1.13086	1.10076	1.09698	1.09936	1.09809	1.10184	1.08843	1.09192	1.10401	1.10066	1.10129	1.10206
ERR609334-k20-n1-x5e9	0.937037	1.00077	0.947026	0.925944	0.930603	0.928402	0.915171	0.918799	0.916306	0.919315	0.91741	0.916398	1.01922	0.94913	1.12305	0.945416	0.964712	0.963231	0.820318	0	0.912674	0.793728	0.793928	0.794778	0.966217	0.941208	0.942724	0.958189	0.953212	0.961599	0.9836	0.980807	0.983256	0.947241	0.946595	0.948595	1.01625	1.01083	1.02233	0.95214	0.951099	0.951033	1.03173	1.02903	1.03358	1.00547	1.00623	1.00574	1.07157	1.05429	1.056	1.0656	1.06381	1.06696	1.12625	1.11756	1.11756	1.15142	1.15082	1.14921	1.08592	1.1392	1.09539	1.07172	1.07253	1.07149	1.16091	1.14106	1.13645	1.13588	1.13782	1.14034	1.09657	1.08742	1.0845	1.1013	1.10083	1.101	1.33658	1.32611	1.3228	1.32449	1.32451	1.32414	1.1313	1.10079	1.09671	1.09799	1.09706	1.10176	1.08975	1.09187	1.10492	1.10195	1.10281	1.1019
ERR609335-k20-n1-x5e9	1.02959	1.07654	1.03554	1.02358	1.02713	1.0235	1.00083	1.00231	0.999739	1.00069	1.00214	1.00108	1.08927	1.03433	1.1663	1.03098	1.03802	1.03821	0.913048	0.912674	0	0.901017	0.8956	0.897587	1.04685	1.03533	1.03679	1.04154	1.0396	1.04421	1.06628	1.06727	1.06657	1.044	1.04345	1.04425	1.09207	1.08588	1.09508	1.03778	1.03843	1.03969	1.10467	1.10318	1.10661	1.08313	1.08338	1.08266	1.11836	1.11726	1.11831	1.11663	1.11396	1.11625	1.18164	1.17791	1.1774	1.20238	1.20174	1.20089	1.13183	1.16936	1.13719	1.12357	1.12463	1.12338	1.20941	1.19224	1.18932	1.19	1.1908	1.19214	1.16144	1.1565	1.15347	1.16744	1.16774	1.16733	1.35005	1.34266	1.34069	1.34189	1.34179	1.34163	1.18301	1.16579	1.16443	1.16591	1.16441	1.16645	1.14341	1.14604	1.14918	1.15028	1.15085	1.15107
ERR609336-k20-n1-x5e9	0.874059	0.954345	0.884965	0.868229	0.870134	0.871721	0.866729	0.87136	0.873453	0.871448	0.871718	0.871694	0.976591	0.900661	1.0937	0.890493	0.902767	0.903503	0.794033	0.793728	0.901017	0	0.732976	0.728024	0.894209	0.878427	0.877426	0.892042	0.888223	0.893531	0.923447	0.926408	0.926105	0.880409	0.878714	0.881041	0.975329	0.966267	0.982648	0.885485	0.885572	0.886046	0.97765	0.974086	0.980533	0.944622	0.946584	0.945878	1.05647	1.03675	1.03609	1.04886	1.04698	1.04976	1.0823	1.07692	1.07516	1.1116	1.11011	1.10841	1.07182	1.13283	1.08216	1.05544	1.05668	1.05538	1.12229	1.09714	1.0957	1.09595	1.09592	1.09797	1.04936	1.03919	1.03533	1.05911	1.05929	1.0575	1.32412	1.31468	1.31202	1.31369	1.31368	1.31333	1.08445	1.06039	1.05686	1.05809	1.05719	1.06069	1.05579	1.05989	1.08256	1.07356	1.0728	1.07209
ERR609337-k20-n1-x5e9	0.876502	0.957665	0.892354	0.867479	0.86753	0.867322	0.870942	0.878047	0.87562	0.879964	0.878661	0.88019	0.980331	0.900931	1.09619	0.897955	0.903716	0.903867	0.793151	0.793928	0.8956	0.732976	0	0.718381	0.902662	0.885406	0.887456	0.896383	0.892452	0.902041	0.929543	0.929608	0.929705	0.888355	0.888472	0.88781	0.978263	0.969863	0.986122	0.889917	0.887489	0.889116	0.981645	0.978565	0.983702	0.95078	0.951126	0.950298	1.05435	1.03619	1.03664	1.05105	1.04968	1.05304	1.08842	1.08194	1.08007	1.11354	1.11437	1.11168	1.07318	1.13223	1.07975	1.0561	1.05727	1.05606	1.12816	1.10105	1.09737	1.09836	1.09987	1.09985	1.0548	1.04631	1.04298	1.06309	1.0639	1.06342	1.32526	1.31606	1.31338	1.31495	1.31494	1.31485	1.08834	1.067	1.06065	1.0635	1.06158	1.06748	1.05995	1.06296	1.08369	1.07581	1.07741	1.07627
ERR609338-k20-n1-x5e9	0.878982	0.958569	0.890642	0.869464	0.870307	0.867769	0.871516	0.876088	0.881497	0.877108	0.877127	0.877395	0.980739	0.902385	1.09674	0.898087	0.905698	0.904689	0.794246	0.794778	0.897587	0.728024	0.718381	0	0.901619	0.888557	0.884946	0.895908	0.892097	0.900125	0.929594	0.928413	0.931292	0.886537	0.886741	0.887185	0.978465	0.968403	0.986316	0.889126	0.890746	0.889686	0.981454	0.978167	0.983777	0.94983	0.951164	0.950262	1.05541	1.03906	1.0398	1.05224	1.05034	1.05285	1.08764	1.08179	1.08029	1.11471	1.11391	1.11248	1.07572	1.13306	1.08178	1.05732	1.0587	1.05649	1.12752	1.10164	1.09761	1.09837	1.09902	1.10051	1.05532	1.04717	1.04175	1.06277	1.06416	1.06356	1.32502	1.31622	1.31296	1.3149	1.3149	1.31455	1.08869	1.06582	1.06127	1.06262	1.06081	1.06616	1.05853	1.06409	1.08413	1.07629	1.07624	1.07511
ERR608751-k20-n1-x5e9	0.913571	0.982227	0.925201	0.897238	0.907268	0.900393	0.937746	0.944129	0.943802	0.944636	0.942307	0.942418	1.00443	0.926183	1.10887	0.923087	0.936078	0.936429	0.966387	0.966217	1.04685	0.894209	0.902662	0.901619	0	0.757133	0.763804	0.792144	0.788222	0.799265	0.921965	0.923307	0.925499	0.888948	0.88896	0.89117	0.970459	0.960589	0.976319	0.888463	0.888321	0.89105	0.972627	0.96875	0.973612	0.94596	0.945479	0.946163	1.12596	1.09433	1.09312	1.11439	1.11405	1.11549	1.07941	1.07667	1.07489	1.11444	1.11322	1.1103	1.11816	1.17658	1.13405	1.10192	1.10276	1.10016	1.12884	1.10433	1.09647	1.09836	1.09991	1.10368	1.05917	1.05214	1.0474	1.06857	1.06906	1.06834	1.323	1.31364	1.31122	1.31247	1.31256	1.31225	1.08227	1.06254	1.06163	1.06478	1.062	1.06257	1.12159	1.1259	1.15666	1.14002	1.13928	1.13781
ERR608752-k20-n1-x5e9	0.875341	0.961441	0.887868	0.872847	0.87038	0.869981	0.912264	0.918095	0.922901	0.918382	0.915556	0.918771	0.97949	0.906	1.09682	0.898174	0.915238	0.915743	0.942101	0.941208	1.03533	0.878427	0.885406	0.888557	0.757133	0	0.730272	0.749707	0.74322	0.751362	0.886422	0.884934	0.884283	0.843514	0.842149	0.844397	0.945962	0.936944	0.954456	0.854792	0.853237	0.855199	0.943903	0.940849	0.945467	0.910437	0.913255	0.911433	1.10261	1.06241	1.06181	1.08845	1.08717	1.09105	1.05942	1.05293	1.05296	1.08603	1.08677	1.08472	1.09417	1.16332	1.10466	1.07514	1.07609	1.07367	1.1082	1.08027	1.07619	1.07634	1.07711	1.07986	1.03226	1.02163	1.01879	1.04299	1.04107	1.03988	1.31831	1.30808	1.30449	1.30614	1.30643	1.30651	1.06648	1.037	1.03265	1.034	1.03427	1.0378	1.10299	1.10675	1.14053	1.12541	1.12439	1.1226
ERR608753-k20-n1-x5e9	0.875481	0.964075	0.888987	0.869489	0.880919	0.871842	0.91005	0.91714	0.919716	0.917012	0.915978	0.916798	0.978096	0.903505	1.09681	0.898881	0.918655	0.918254	0.942918	0.942724	1.03679	0.877426	0.887456	0.884946	0.763804	0.730272	0	0.750637	0.74445	0.754057	0.884266	0.886853	0.884497	0.837651	0.83946	0.838727	0.950411	0.936071	0.955264	0.858235	0.856174	0.854279	0.945615	0.940679	0.94695	0.908741	0.91188	0.910585	1.10145	1.05775	1.05694	1.08524	1.08416	1.08636	1.05831	1.0496	1.05037	1.08502	1.08497	1.08224	1.08832	1.1616	1.10283	1.07101	1.07161	1.0709	1.10593	1.07872	1.07523	1.07566	1.07675	1.07827	1.02946	1.01945	1.01672	1.03825	1.03702	1.03549	1.31857	1.30762	1.30412	1.30614	1.30636	1.30593	1.06412	1.03593	1.03524	1.03557	1.03241	1.03705	1.09825	1.10673	1.13912	1.12429	1.12313	1.12198
ERR608754-k20-n1-x5e9	0.899938	0.976651	0.911808	0.881074	0.888943	0.882762	0.930107	0.934909	0.934671	0.934093	0.932037	0.934433	0.997454	0.916735	1.10708	0.91513	0.940162	0.93964	0.958711	0.958189	1.04154	0.892042	0.896383	0.895908	0.792144	0.749707	0.750637	0	0.771212	0.782026	0.908172	0.905828	0.907082	0.869819	0.869891	0.871227	0.960364	0.949299	0.968685	0.876989	0.876197	0.877859	0.963987	0.959881	0.964455	0.936372	0.93668	0.935747	1.11469	1.0762	1.07537	1.10102	1.10076	1.10255	1.07442	1.06869	1.06816	1.10341	1.10284	1.09971	1.10294	1.17108	1.1212	1.0894	1.08992	1.08907	1.12661	1.09694	1.08787	1.08863	1.09045	1.09568	1.05079	1.03929	1.03867	1.05664	1.05622	1.0557	1.32239	1.31223	1.3094	1.31107	1.31127	1.31136	1.0766	1.05486	1.05137	1.05171	1.05133	1.05565	1.11754	1.12054	1.15252	1.13802	1.1374	1.13556
ERR608755-k20-n1-x5e9	0.892713	0.973327	0.908561	0.876812	0.884485	0.879213	0.925998	0.930571	0.931942	0.93144	0.93015	0.93177	0.994564	0.912198	1.10526	0.913168	0.935113	0.932773	0.954548	0.953212	1.0396	0.888223	0.892452	0.892097	0.788222	0.74322	0.74445	0.771212	0	0.77786	0.907566	0.901012	0.906366	0.867593	0.865762	0.866709	0.957695	0.946667	0.965461	0.874993	0.8739	0.875149	0.959854	0.957498	0.961268	0.931591	0.932312	0.932122	1.11118	1.07341	1.07418	1.09949	1.09842	1.10048	1.07047	1.06445	1.06492	1.10004	1.09907	1.09522	1.10082	1.16948	1.11786	1.08624	1.08696	1.08667	1.12431	1.09244	1.08449	1.08471	1.08636	1.09077	1.04613	1.03749	1.03637	1.05342	1.05304	1.05339	1.32127	1.31144	1.30842	1.31031	1.31055	1.31019	1.07395	1.05219	1.04794	1.04807	1.04654	1.05307	1.11469	1.11805	1.15112	1.13532	1.13503	1.13326
ERR608756-k20-n1-x5e9	0.90234	0.980435	0.914541	0.885571	0.896056	0.889493	0.932431	0.936469	0.938215	0.937853	0.937227	0.938595	1.00137	0.921273	1.10927	0.917933	0.939713	0.941663	0.961815	0.961599	1.04421	0.893531	0.902041	0.900125	0.799265	0.751362	0.754057	0.782026	0.77786	0	0.913001	0.913428	0.91298	0.876052	0.875889	0.87804	0.96465	0.953253	0.97236	0.883301	0.880661	0.882578	0.966895	0.962069	0.968511	0.936941	0.940313	0.938331	1.11835	1.08036	1.07932	1.10373	1.10286	1.10579	1.07514	1.06985	1.06981	1.10641	1.10551	1.10318	1.10655	1.17291	1.12393	1.09145	1.09225	1.09209	1.12886	1.10061	1.09204	1.09222	1.09392	1.09942	1.05345	1.04365	1.04125	1.06006	1.05926	1.05837	1.32295	1.3125	1.31027	1.3112	1.3114	1.31101	1.07937	1.05825	1.05555	1.05644	1.05371	1.05922	1.11877	1.12321	1.15451	1.13948	1.13874	1.13841
ERR608561-k20-n1-x5e9	0.911253	1.00358	0.932204	0.899207	0.908105	0.901224	0.890192	0.893771	0.891616	0.892047	0.8908	0.89105	0.959568	0.871028	1.08228	0.871732	0.893068	0.890435	0.982796	0.9836	1.06628	0.923447	0.929543	0.929594	0.921965	0.886422	0.884266	0.908172	0.907566	0.913001	0	0.741788	0.752259	0.703663	0.70527	0.704176	0.976808	0.964896	0.980804	0.887033	0.887732	0.887215	0.947587	0.944174	0.949497	0.915863	0.916753	0.915246	1.0798	1.03414	1.03237	1.06424	1.06318	1.06623	1.04029	1.03336	1.03419	1.06592	1.06515	1.0625	1.07478	1.15318	1.08988	1.06098	1.06124	1.05968	1.10755	1.07007	1.06403	1.0629	1.06543	1.06855	1.00242	0.996198	0.995348	1.00772	1.00773	1.00566	1.31498	1.30519	1.30055	1.30314	1.30327	1.30259	1.05183	1.02395	1.01809	1.01858	1.01681	1.02545	1.09049	1.09599	1.12781	1.11214	1.1117	1.11003
ERR608562-k20-n1-x5e9	0.907839	1.00491	0.931855	0.900221	0.906526	0.899701	0.890801	0.89617	0.891605	0.893526	0.894482	0.893725	0.959008	0.870654	1.08211	0.874208	0.892777	0.891228	0.98008	0.980807	1.06727	0.926408	0.929608	0.928413	0.923307	0.884934	0.886853	0.905828	0.901012	0.913428	0.741788	0	0.747698	0.702765	0.702949	0.70158	0.976369	0.962885	0.980211	0.882105	0.880414	0.882991	0.947089	0.94154	0.94685	0.912914	0.913433	0.91182	1.07964	1.03111	1.02935	1.06314	1.06159	1.06464	1.04023	1.03123	1.03161	1.06396	1.06257	1.06067	1.07242	1.1525	1.08671	1.05706	1.05729	1.0557	1.10684	1.06786	1.06399	1.06244	1.06439	1.06712	1.00603	0.99283	0.992127	1.00718	1.0051	1.00311	1.31497	1.30416	1.30049	1.30229	1.30252	1.30221	1.0516	1.0214	1.01678	1.01694	1.01513	1.02287	1.08939	1.09533	1.12684	1.11204	1.11153	1.11068
ERR608563-k20-n1-x5e9	0.911672	1.0049	0.932367	0.900265	0.907931	0.902671	0.887477	0.892341	0.894398	0.893698	0.892844	0.892152	0.961877	0.873925	1.08301	0.872746	0.899982	0.895422	0.982742	0.983256	1.06657	0.926105	0.929705	0.931292	0.925499	0.884283	0.884497	0.907082	0.906366	0.91298	0.752259	0.747698	0	0.705228	0.707348	0.709916	0.975702	0.964203	0.982307	0.890131	0.888498	0.891689	0.949804	0.944765	0.950108	0.914287	0.915205	0.914911	1.08052	1.0347	1.0311	1.06319	1.06393	1.06604	1.04213	1.03356	1.03454	1.06953	1.06879	1.06474	1.07431	1.15354	1.09208	1.05928	1.05969	1.05992	1.10954	1.07297	1.06446	1.06348	1.06647	1.07211	1.00491	1.0002	0.998104	1.01068	1.00978	1.008	1.31612	1.30562	1.30147	1.3039	1.3041	1.30344	1.05398	1.02739	1.01932	1.02015	1.01815	1.02869	1.09229	1.09939	1.13155	1.11574	1.11398	1.11234
ERR608564-k20-n1-x5e9	0.872693	0.976695	0.896936	0.859085	0.868887	0.861162	0.832591	0.841105	0.844875	0.842002	0.840721	0.841505	0.919995	0.823892	1.05709	0.819454	0.848247	0.847401	0.948586	0.947241	1.044	0.880409	0.888355	0.886537	0.888948	0.843514	0.837651	0.869819	0.867593	0.876052	0.703663	0.702765	0.705228	0	0.632662	0.633841	0.948376	0.932782	0.955547	0.845372	0.845796	0.844758	0.912411	0.908593	0.913496	0.872629	0.873872	0.87245	1.05004	0.992236	0.990385	1.03032	1.03057	1.03442	1.00495	0.995695	0.995913	1.03464	1.03482	1.03059	1.04566	1.1277	1.06079	1.02594	1.02561	1.02404	1.07433	1.03789	1.03213	1.03085	1.03376	1.03781	0.958078	0.946248	0.946394	0.964941	0.962731	0.96269	1.30781	1.29531	1.29122	1.29326	1.29338	1.29339	1.02202	0.986078	0.979101	0.978879	0.976899	0.987449	1.05816	1.06005	1.09894	1.07942	1.07772	1.07744
ERR608565-k20-n1-x5e9	0.873711	0.977287	0.897324	0.858966	0.869837	0.859429	0.832936	0.843604	0.847618	0.84125	0.83964	0.84056	0.919712	0.823672	1.05758	0.818724	0.849051	0.848902	0.947305	0.946595	1.04345	0.878714	0.888472	0.886741	0.88896	0.842149	0.83946	0.869891	0.865762	0.875889	0.70527	0.702949	0.707348	0.632662	0	0.637864	0.949572	0.934419	0.95584	0.846346	0.845497	0.846322	0.909406	0.906036	0.912463	0.872472	0.874457	0.873737	1.04945	0.99228	0.98958	1.03133	1.0315	1.0344	1.00508	0.99607	0.996124	1.03425	1.03356	1.03126	1.04707	1.12737	1.06057	1.02612	1.02547	1.02422	1.07498	1.03892	1.0322	1.03033	1.03391	1.03869	0.957858	0.946596	0.947356	0.966353	0.96302	0.961276	1.30794	1.2956	1.29151	1.29369	1.29384	1.29341	1.02192	0.985858	0.979873	0.980001	0.977793	0.987257	1.05813	1.06093	1.09943	1.07912	1.07891	1.07761
ERR608566-k20-n1-x5e9	0.872318	0.979091	0.898341	0.858642	0.871576	0.861462	0.834224	0.845291	0.846236	0.842977	0.841987	0.842099	0.921072	0.823501	1.05856	0.8204	0.851541	0.848131	0.947582	0.948595	1.04425	0.881041	0.88781	0.887185	0.89117	0.844397	0.838727	0.871227	0.866709	0.87804	0.704176	0.70158	0.709916	0.633841	0.637864	0	0.950157	0.934737	0.955439	0.84554	0.845997	0.847952	0.911514	0.907461	0.912332	0.87381	0.874909	0.873983	1.05112	0.992856	0.991442	1.03221	1.03128	1.0356	1.0056	0.995251	0.99586	1.03565	1.03459	1.03151	1.04694	1.12798	1.06179	1.02535	1.02556	1.02438	1.07549	1.03893	1.03146	1.03229	1.03448	1.03795	0.958559	0.949145	0.946117	0.966989	0.964391	0.962211	1.30779	1.29573	1.29144	1.29376	1.29392	1.29345	1.02172	0.98659	0.980783	0.98144	0.977449	0.987723	1.05822	1.06186	1.10018	1.07968	1.07852	1.07798
ERR608221-k20-n1-x5e9	0.952564	1.00867	0.96137	0.945747	0.947875	0.944567	1.0043	1.01052	1.01198	1.00954	1.01012	1.00926	1.05479	0.997131	1.14473	0.994832	1.01324	1.01418	1.01827	1.01625	1.09207	0.975329	0.978263	0.978465	0.970459	0.945962	0.950411	0.960364	0.957695	0.96465	0.976808	0.976369	0.975702	0.948376	0.949572	0.950157	0	0.922051	0.942107	0.862497	0.859365	0.861464	1.01699	1.01473	1.01832	0.999247	0.99941	0.998095	1.16187	1.12557	1.12397	1.15121	1.14946	1.15124	1.13844	1.13303	1.13326	1.15546	1.15516	1.15321	1.16079	1.21498	1.16988	1.14979	1.15	1.14753	1.17667	1.15286	1.14919	1.15035	1.15134	1.15294	1.10005	1.09334	1.09244	1.11052	1.10913	1.1073	1.33827	1.32999	1.3273	1.32882	1.329	1.32869	1.14048	1.11983	1.1162	1.11657	1.11453	1.12152	1.16684	1.16939	1.19983	1.18482	1.18439	1.18183
ERR608222-k20-n1-x5e9	0.938287	0.997072	0.948152	0.931441	0.93611	0.930595	0.994837	0.999424	1.00204	0.99981	0.998012	0.999289	1.04541	0.985346	1.13954	0.984374	1.00553	1.00459	1.0107	1.01083	1.08588	0.966267	0.969863	0.968403	0.960589	0.936944	0.936071	0.949299	0.946667	0.953253	0.964896	0.962885	0.964203	0.932782	0.934419	0.934737	0.922051	0	0.928033	0.848664	0.847193	0.845661	1.00947	1.00633	1.00932	0.98675	0.987246	0.986827	1.15546	1.11556	1.11344	1.14288	1.14341	1.14513	1.13134	1.12479	1.12556	1.15012	1.14889	1.14743	1.1543	1.20983	1.164	1.14103	1.14141	1.14085	1.17142	1.14759	1.14392	1.14338	1.14533	1.14799	1.0924	1.08528	1.085	1.10027	1.09885	1.09679	1.33686	1.32791	1.32469	1.32666	1.32683	1.3266	1.13475	1.11395	1.10725	1.10761	1.10498	1.11468	1.16108	1.16516	1.196	1.17858	1.1785	1.17673
ERR608223-k20-n1-x5e9	0.956709	1.0162	0.968281	0.951547	0.956621	0.95237	1.01185	1.01584	1.01891	1.0171	1.01534	1.0159	1.06093	1.00254	1.14815	0.999541	1.0204	1.01944	1.02183	1.02233	1.09508	0.982648	0.986122	0.986316	0.976319	0.954456	0.955264	0.968685	0.965461	0.97236	0.980804	0.980211	0.982307	0.955547	0.95584	0.955439	0.942107	0.928033	0	0.869719	0.868372	0.87083	1.02321	1.01968	1.02243	1.00558	1.00564	1.00495	1.16422	1.12858	1.12751	1.15202	1.15096	1.15359	1.14129	1.135	1.13554	1.1582	1.15755	1.15535	1.16258	1.21725	1.17177	1.15106	1.15138	1.1505	1.18008	1.1553	1.15212	1.15259	1.15378	1.15536	1.10358	1.09633	1.09495	1.11404	1.11314	1.11261	1.33904	1.33094	1.32821	1.32956	1.32966	1.32945	1.14408	1.12377	1.11976	1.1206	1.11888	1.12438	1.16926	1.17279	1.20302	1.18854	1.18806	1.18563
ERR608224-k20-n1-x5e9	0.860732	0.947772	0.878787	0.8468	0.854176	0.849736	0.921253	0.925395	0.925548	0.924763	0.924541	0.924792	0.988122	0.902801	1.10022	0.903931	0.9245	0.923882	0.953079	0.95214	1.03778	0.885485	0.889917	0.889126	0.888463	0.854792	0.858235	0.876989	0.874993	0.883301	0.887033	0.882105	0.890131	0.845372	0.846346	0.84554	0.862497	0.848664	0.869719	0	0.748812	0.751084	0.948116	0.942754	0.949315	0.916532	0.915453	0.914618	1.10061	1.06099	1.05856	1.08847	1.0873	1.08894	1.07228	1.06601	1.06623	1.09719	1.09621	1.09372	1.10086	1.17278	1.11513	1.08672	1.08712	1.08737	1.12549	1.09289	1.08543	1.08504	1.08714	1.0917	1.03167	1.02327	1.02155	1.03993	1.0393	1.03808	1.32217	1.31256	1.30895	1.31091	1.31107	1.31073	1.07601	1.05241	1.04645	1.04713	1.04618	1.05332	1.11354	1.11955	1.15204	1.13558	1.1354	1.13369
ERR608225-k20-n1-x5e9	0.859997	0.947313	0.878159	0.848001	0.851283	0.846699	0.920516	0.924349	0.92484	0.923682	0.924431	0.923525	0.989003	0.904804	1.10066	0.903525	0.926464	0.92469	0.951355	0.951099	1.03843	0.885572	0.887489	0.890746	0.888321	0.853237	0.856174	0.876197	0.8739	0.880661	0.887732	0.880414	0.888498	0.845796	0.845497	0.845997	0.859365	0.847193	0.868372	0.748812	0	0.752677	0.947159	0.941887	0.949058	0.913907	0.915435	0.915436	1.10143	1.06036	1.05907	1.08837	1.08637	1.08922	1.07269	1.06565	1.06629	1.09824	1.09666	1.09447	1.10086	1.17273	1.11592	1.08673	1.08689	1.08569	1.12622	1.09343	1.08515	1.08624	1.08686	1.09169	1.03099	1.02364	1.02191	1.0405	1.03846	1.03694	1.32214	1.31302	1.30885	1.31093	1.31114	1.31088	1.07552	1.05312	1.04556	1.0459	1.04553	1.05394	1.11424	1.11962	1.15182	1.13626	1.13568	1.13405
ERR608226-k20-n1-x5e9	0.859293	0.947602	0.878936	0.850627	0.853944	0.848721	0.921377	0.925225	0.925154	0.925025	0.923812	0.92467	0.990576	0.906906	1.1014	0.905837	0.927787	0.924719	0.951527	0.951033	1.03969	0.886046	0.889116	0.889686	0.89105	0.855199	0.854279	0.877859	0.875149	0.882578	0.887215	0.882991	0.891689	0.844758	0.846322	0.847952	0.861464	0.845661	0.87083	0.751084	0.752677	0	0.948453	0.943302	0.950635	0.915433	0.917473	0.916439	1.1014	1.061	1.05982	1.08729	1.08721	1.08922	1.07199	1.06461	1.06513	1.09923	1.09778	1.09433	1.10019	1.17247	1.11659	1.08564	1.08548	1.0855	1.12637	1.09328	1.08596	1.08609	1.0872	1.09276	1.03217	1.025	1.02199	1.04063	1.03931	1.03792	1.32246	1.31281	1.30914	1.31123	1.31142	1.31083	1.07605	1.05338	1.0467	1.0471	1.04541	1.05445	1.11358	1.12043	1.15306	1.13658	1.13523	1.13414
ERR607543-k20-n1-x5e9	0.961956	1.02752	0.97467	0.951369	0.95565	0.95251	0.951456	0.959578	0.958981	0.960554	0.957857	0.958785	1.0276	0.95951	1.12916	0.959284	0.974723	0.973653	1.03128	1.03173	1.10467	0.97765	0.981645	0.981454	0.972627	0.943903	0.945615	0.963987	0.959854	0.966895	0.947587	0.947089	0.949804	0.912411	0.909406	0.911514	1.01699	1.00947	1.02321	0.948116	0.947159	0.948453	0	0.852248	0.856507	0.827938	0.829954	0.829033	1.13164	1.09036	1.0903	1.1163	1.11575	1.1195	1.09436	1.08603	1.08509	1.12428	1.12307	1.12146	1.12819	1.1891	1.1418	1.10866	1.10812	1.10632	1.14246	1.11985	1.1148	1.11432	1.11619	1.11948	1.06708	1.05587	1.05382	1.07253	1.07102	1.07139	1.3262	1.31476	1.31194	1.31353	1.31355	1.31305	1.10419	1.07222	1.06949	1.07044	1.07062	1.07259	1.12842	1.13221	1.16032	1.14819	1.14727	1.14806
ERR607544-k20-n1-x5e9	0.957531	1.02516	0.97039	0.946942	0.952033	0.948128	0.946644	0.956453	0.957625	0.955435	0.952858	0.954877	1.02506	0.95641	1.12729	0.954842	0.971967	0.971667	1.02872	1.02903	1.10318	0.974086	0.978565	0.978167	0.96875	0.940849	0.940679	0.959881	0.957498	0.962069	0.944174	0.94154	0.944765	0.908593	0.906036	0.907461	1.01473	1.00633	1.01968	0.942754	0.941887	0.943302	0.852248	0	0.852508	0.827641	0.826148	0.826086	1.13072	1.08738	1.08714	1.11355	1.11371	1.11666	1.09003	1.08257	1.08229	1.12134	1.12026	1.11897	1.12594	1.18728	1.1393	1.10508	1.10557	1.10292	1.14082	1.11728	1.11176	1.11309	1.11489	1.11625	1.06217	1.0521	1.05171	1.06932	1.0692	1.06777	1.32579	1.31413	1.31106	1.31275	1.31289	1.31237	1.10069	1.07021	1.06698	1.06784	1.06771	1.07069	1.12592	1.13049	1.1586	1.14719	1.14819	1.14621
ERR607545-k20-n1-x5e9	0.960726	1.02901	0.975937	0.952915	0.957072	0.953192	0.954551	0.964264	0.962133	0.9634	0.960243	0.962305	1.02838	0.962275	1.13031	0.962337	0.978192	0.976577	1.03274	1.03358	1.10661	0.980533	0.983702	0.983777	0.973612	0.945467	0.94695	0.964455	0.961268	0.968511	0.949497	0.94685	0.950108	0.913496	0.912463	0.912332	1.01832	1.00932	1.02243	0.949315	0.949058	0.950635	0.856507	0.852508	0	0.829631	0.83007	0.828847	1.13269	1.09037	1.08988	1.11714	1.11629	1.11961	1.09603	1.08597	1.08561	1.12376	1.12352	1.12193	1.12892	1.19023	1.14154	1.10808	1.10794	1.10704	1.14434	1.12101	1.11512	1.11566	1.11699	1.11983	1.06733	1.05559	1.05502	1.07294	1.07226	1.07141	1.32681	1.31524	1.31179	1.31342	1.31343	1.31333	1.10559	1.07313	1.07067	1.07129	1.07132	1.07409	1.1298	1.13329	1.16199	1.15029	1.14972	1.15043
ERR607546-k20-n1-x5e9	0.93152	1.00993	0.94581	0.916181	0.924811	0.916568	0.921022	0.927108	0.927015	0.926104	0.924106	0.924924	1.00388	0.925412	1.11388	0.923827	0.948391	0.946869	1.00473	1.00547	1.08313	0.944622	0.95078	0.94983	0.94596	0.910437	0.908741	0.936372	0.931591	0.936941	0.915863	0.912914	0.914287	0.872629	0.872472	0.87381	0.999247	0.98675	1.00558	0.916532	0.913907	0.915433	0.827938	0.827641	0.829631	0	0.785599	0.783727	1.10412	1.06389	1.06235	1.0896	1.08943	1.09229	1.06843	1.06153	1.06202	1.09807	1.09745	1.09531	1.09932	1.17099	1.11696	1.0848	1.08521	1.08411	1.12534	1.09398	1.08393	1.08454	1.08688	1.09284	1.03644	1.02708	1.02516	1.04448	1.04427	1.04268	1.31939	1.30908	1.30604	1.30802	1.30813	1.30798	1.07474	1.05038	1.04606	1.04683	1.04386	1.05132	1.10915	1.11235	1.14477	1.1307	1.12988	1.12838
