	ERR605878-k20-n1-x5e9	ERR605879-k20-n1-x5e9	ERR605880-k20-n1-x5e9	ERR605881-k20-n1-x5e9	ERR605882-k20-n1-x5e9	ERR605883-k20-n1-x5e9	ERR608263-k20-n1-x5e9	ERR608264-k20-n1-x5e9	ERR608265-k20-n1-x5e9	ERR608266-k20-n1-x5e9	ERR608267-k20-n1-x5e9	ERR608268-k20-n1-x5e9	ERR605521-k20-n1-x5e9	ERR605522-k20-n1-x5e9	ERR605523-k20-n1-x5e9	ERR605524-k20-n1-x5e9	ERR605525-k20-n1-x5e9	ERR605526-k20-n1-x5e9	ERR607152-k20-n1-x5e9	ERR607153-k20-n1-x5e9	ERR607154-k20-n1-x5e9	ERR607155-k20-n1-x5e9	ERR607156-k20-n1-x5e9	ERR607157-k20-n1-x5e9	ERR607230-k20-n1-x5e9	ERR607231-k20-n1-x5e9	ERR607232-k20-n1-x5e9	ERR607233-k20-n1-x5e9	ERR607234-k20-n1-x5e9	ERR607235-k20-n1-x5e9	ERR608853-k20-n1-x5e9	ERR608854-k20-n1-x5e9	ERR608855-k20-n1-x5e9	ERR608856-k20-n1-x5e9	ERR608857-k20-n1-x5e9	ERR608858-k20-n1-x5e9	ERR606642-k20-n1-x5e9	ERR606643-k20-n1-x5e9	ERR606644-k20-n1-x5e9	ERR606645-k20-n1-x5e9	ERR606646-k20-n1-x5e9	ERR606647-k20-n1-x5e9	ERR607475-k20-n1-x5e9	ERR607476-k20-n1-x5e9	ERR607477-k20-n1-x5e9	ERR607478-k20-n1-x5e9	ERR607479-k20-n1-x5e9	ERR607480-k20-n1-x5e9	ERR608757-k20-n1-x5e9	ERR608758-k20-n1-x5e9	ERR608759-k20-n1-x5e9	ERR608760-k20-n1-x5e9	ERR608761-k20-n1-x5e9	ERR608762-k20-n1-x5e9	ERR605695-k20-n1-x5e9	ERR605696-k20-n1-x5e9	ERR605697-k20-n1-x5e9	ERR605698-k20-n1-x5e9	ERR605699-k20-n1-x5e9	ERR605700-k20-n1-x5e9	ERR605259-k20-n1-x5e9	ERR605260-k20-n1-x5e9	ERR605261-k20-n1-x5e9	ERR605262-k20-n1-x5e9	ERR605263-k20-n1-x5e9	ERR605264-k20-n1-x5e9	ERR607899-k20-n1-x5e9	ERR607900-k20-n1-x5e9	ERR607901-k20-n1-x5e9	ERR607902-k20-n1-x5e9	ERR607903-k20-n1-x5e9	ERR607904-k20-n1-x5e9	ERR607609-k20-n1-x5e9	ERR607610-k20-n1-x5e9	ERR607611-k20-n1-x5e9	ERR607612-k20-n1-x5e9	ERR607613-k20-n1-x5e9	ERR607614-k20-n1-x5e9	ERR608507-k20-n1-x5e9	ERR608508-k20-n1-x5e9	ERR608509-k20-n1-x5e9	ERR608510-k20-n1-x5e9	ERR608511-k20-n1-x5e9	ERR608512-k20-n1-x5e9	ERR608579-k20-n1-x5e9	ERR608580-k20-n1-x5e9	ERR608581-k20-n1-x5e9	ERR608582-k20-n1-x5e9	ERR608583-k20-n1-x5e9	ERR608584-k20-n1-x5e9	ERR605928-k20-n1-x5e9	ERR605929-k20-n1-x5e9	ERR605930-k20-n1-x5e9	ERR605931-k20-n1-x5e9	ERR605932-k20-n1-x5e9	ERR605933-k20-n1-x5e9
ERR605878-k20-n1-x5e9	0	0.301051	0.410476	0.407965	0.410207	0.413235	0.44509	0.484953	0.503446	0.532299	0.530674	0.538775	0.573132	0.560371	0.543996	0.554154	0.56008	0.553722	0.518921	0.581465	0.463256	0.530422	0.525047	0.459995	0.457633	0.464677	0.415264	0.417419	0.415236	0.454526	0.536307	0.585734	0.593943	0.585063	0.583862	0.58514	0.551292	0.593393	0.583465	0.499028	0.568415	0.553423	0.457417	0.458742	0.453239	0.533284	0.530186	0.529014	0.608641	0.627643	0.641593	0.643174	0.648653	0.628629	0.683681	0.673264	0.671123	0.650383	0.644273	0.646732	0.711576	0.705625	0.667097	0.699291	0.698967	0.702479	0.687978	0.694945	0.696631	0.678589	0.679815	0.680413	0.696885	0.695059	0.696017	0.694004	0.694891	0.695027	0.668895	0.671548	0.672654	0.622154	0.626672	0.622347	0.521125	0.587347	0.597413	0.597524	0.595536	0.59873	0.526956	0.538945	0.541353	0.515334	0.514699	0.513299
ERR605879-k20-n1-x5e9	0.301051	0	0.433458	0.429078	0.431207	0.433039	0.45449	0.50245	0.52168	0.550018	0.548375	0.556095	0.588514	0.575447	0.559032	0.569912	0.57567	0.569444	0.526394	0.597128	0.472079	0.544834	0.5392	0.463339	0.456447	0.480379	0.412179	0.428868	0.425824	0.446377	0.545252	0.600239	0.609094	0.599751	0.598372	0.599636	0.548294	0.607416	0.597129	0.507751	0.580802	0.565201	0.459618	0.4628	0.45541	0.546752	0.54353	0.542391	0.618349	0.640378	0.654864	0.656786	0.662222	0.641452	0.696818	0.685782	0.68356	0.66315	0.653408	0.656481	0.723702	0.717283	0.677167	0.709618	0.709541	0.713159	0.701915	0.709584	0.710815	0.691997	0.693641	0.694348	0.709832	0.706677	0.708	0.705857	0.706239	0.706493	0.680894	0.684243	0.684843	0.63362	0.63834	0.633741	0.53356	0.60333	0.613869	0.613698	0.611613	0.614668	0.536192	0.555213	0.557625	0.528786	0.527831	0.52643
ERR605880-k20-n1-x5e9	0.410476	0.433458	0	0.274355	0.275099	0.277627	0.406118	0.368572	0.371631	0.384237	0.383552	0.389768	0.42024	0.415135	0.408197	0.409219	0.413606	0.4088	0.476492	0.438261	0.460368	0.423327	0.423462	0.501713	0.490406	0.37772	0.502267	0.404651	0.408678	0.556515	0.470138	0.457564	0.458965	0.455994	0.455265	0.456147	0.54653	0.450224	0.444471	0.438351	0.443847	0.440896	0.495052	0.488786	0.499868	0.447109	0.44596	0.446239	0.542601	0.532303	0.535876	0.53512	0.538172	0.532768	0.55613	0.551532	0.552128	0.539055	0.554998	0.553478	0.592195	0.590124	0.584421	0.596674	0.595191	0.596237	0.557628	0.558467	0.559703	0.559598	0.558563	0.55828	0.574885	0.5865	0.586961	0.58586	0.592071	0.59318	0.566509	0.564018	0.566374	0.551755	0.553595	0.552378	0.425138	0.432686	0.437814	0.439425	0.43778	0.440381	0.515758	0.458303	0.459105	0.487747	0.487579	0.488687
ERR605881-k20-n1-x5e9	0.407965	0.429078	0.274355	0	0.267708	0.268535	0.399955	0.370536	0.376263	0.388322	0.387409	0.393424	0.422008	0.415732	0.408611	0.410357	0.41492	0.410084	0.471205	0.442609	0.457081	0.424316	0.423876	0.496177	0.482449	0.376339	0.496841	0.400041	0.403466	0.550749	0.46638	0.460716	0.463652	0.459181	0.45833	0.458917	0.53965	0.451467	0.445029	0.432031	0.440987	0.436894	0.491202	0.485314	0.496169	0.44769	0.446913	0.446798	0.541041	0.534418	0.539145	0.539171	0.542332	0.534765	0.558813	0.553219	0.554396	0.54105	0.550889	0.549858	0.594905	0.592191	0.585029	0.597128	0.595863	0.596942	0.562417	0.564076	0.564613	0.563749	0.56397	0.563974	0.579039	0.589308	0.590567	0.589247	0.594966	0.596245	0.569609	0.568088	0.569462	0.552902	0.554902	0.553378	0.422393	0.437258	0.443682	0.444053	0.442149	0.444602	0.511727	0.460658	0.461825	0.485346	0.483633	0.485064
ERR605882-k20-n1-x5e9	0.410207	0.431207	0.275099	0.267708	0	0.267657	0.397507	0.369063	0.375176	0.386679	0.385598	0.391448	0.419102	0.412565	0.405432	0.407461	0.411664	0.406962	0.467516	0.440516	0.455705	0.422224	0.421815	0.495408	0.480518	0.375365	0.497438	0.399871	0.403037	0.551066	0.462146	0.457625	0.46058	0.4559	0.455059	0.455697	0.534802	0.447741	0.441113	0.427673	0.43627	0.432319	0.489848	0.484166	0.495202	0.444928	0.444241	0.444098	0.538313	0.532544	0.537102	0.537333	0.540373	0.532718	0.556159	0.55047	0.551377	0.538338	0.547091	0.546318	0.592606	0.589903	0.582485	0.594103	0.593088	0.594103	0.559835	0.561872	0.562024	0.561213	0.561638	0.561549	0.576458	0.586412	0.587827	0.586573	0.592305	0.59349	0.566945	0.565587	0.566925	0.550887	0.552604	0.551284	0.418069	0.433817	0.440629	0.440684	0.438922	0.441197	0.511381	0.461704	0.463179	0.486712	0.484816	0.486412
ERR605883-k20-n1-x5e9	0.413235	0.433039	0.277627	0.268535	0.267657	0	0.394299	0.368101	0.374492	0.385361	0.384321	0.389768	0.416726	0.40995	0.402361	0.405075	0.409509	0.404918	0.463959	0.439538	0.455393	0.421326	0.420822	0.494913	0.477382	0.374532	0.496965	0.399384	0.402279	0.551134	0.457985	0.454837	0.458377	0.453591	0.452423	0.453106	0.529693	0.444251	0.437552	0.423862	0.432154	0.427755	0.489023	0.483087	0.494408	0.443369	0.442643	0.442538	0.535837	0.530788	0.535685	0.536017	0.539049	0.531154	0.55406	0.548037	0.549004	0.536506	0.543267	0.542586	0.590583	0.587789	0.580243	0.591448	0.590186	0.591364	0.558254	0.56064	0.56046	0.559798	0.560473	0.560462	0.574755	0.584186	0.58571	0.584621	0.590027	0.591376	0.565095	0.564002	0.565066	0.549831	0.551356	0.55	0.413982	0.431493	0.4389	0.43841	0.436475	0.438843	0.510325	0.463448	0.464645	0.488387	0.486087	0.487785
ERR608263-k20-n1-x5e9	0.44509	0.45449	0.406118	0.399955	0.397507	0.394299	0	0.309149	0.327532	0.350502	0.348779	0.35372	0.421452	0.408035	0.391697	0.403684	0.407351	0.403129	0.377089	0.439079	0.390003	0.399134	0.395847	0.421035	0.399145	0.370875	0.44341	0.370396	0.37081	0.496636	0.353054	0.4039	0.415259	0.40414	0.402639	0.403678	0.415133	0.428025	0.419131	0.356585	0.401452	0.388116	0.383919	0.379952	0.391882	0.371549	0.370417	0.369098	0.466416	0.485765	0.497988	0.50133	0.505062	0.486407	0.546322	0.533594	0.529884	0.515007	0.497685	0.500767	0.578535	0.570125	0.534424	0.556218	0.556227	0.559998	0.536822	0.550761	0.550138	0.523371	0.527653	0.528358	0.546543	0.535432	0.538768	0.536585	0.534822	0.53534	0.510679	0.516508	0.514738	0.480872	0.483174	0.480235	0.340138	0.411969	0.426021	0.423515	0.421397	0.424388	0.50109	0.502591	0.50452	0.508961	0.507498	0.509358
ERR608264-k20-n1-x5e9	0.484953	0.50245	0.368572	0.370536	0.369063	0.368101	0.309149	0	0.259636	0.270723	0.2699	0.273719	0.35786	0.350942	0.342756	0.346492	0.349234	0.346062	0.39806	0.37458	0.410999	0.35919	0.359592	0.463458	0.458217	0.350111	0.495425	0.389145	0.392949	0.552548	0.363274	0.351847	0.355556	0.350331	0.34971	0.350709	0.473435	0.374593	0.369438	0.370055	0.365527	0.362413	0.43158	0.422914	0.440325	0.347925	0.348348	0.34862	0.459252	0.451258	0.455681	0.456664	0.459355	0.452117	0.496082	0.487728	0.486604	0.474265	0.480357	0.479647	0.531793	0.525996	0.511509	0.523275	0.522542	0.52462	0.480842	0.489494	0.491005	0.472554	0.474013	0.474173	0.49589	0.494838	0.496194	0.494009	0.496044	0.496703	0.471542	0.472528	0.473375	0.459205	0.460417	0.45962	0.331002	0.3445	0.352854	0.352795	0.350983	0.353837	0.522829	0.476779	0.477383	0.508586	0.508641	0.510733
ERR608265-k20-n1-x5e9	0.503446	0.52168	0.371631	0.376263	0.375176	0.374492	0.327532	0.259636	0	0.26037	0.259909	0.262555	0.34825	0.343979	0.338661	0.339743	0.341949	0.339258	0.410374	0.363797	0.426233	0.35887	0.360567	0.481947	0.476746	0.357613	0.513699	0.404506	0.409099	0.570406	0.372851	0.34399	0.345016	0.342537	0.342475	0.342949	0.488902	0.36588	0.362553	0.382104	0.363359	0.363443	0.450126	0.440909	0.459094	0.351477	0.352106	0.352557	0.46352	0.447638	0.449147	0.449509	0.451527	0.449096	0.486133	0.479561	0.478848	0.468237	0.480714	0.478949	0.522016	0.517265	0.510147	0.517766	0.516552	0.518406	0.468352	0.475265	0.477357	0.461937	0.462285	0.46232	0.484825	0.486828	0.487528	0.485485	0.48865	0.48929	0.464743	0.464048	0.465596	0.459785	0.460506	0.460295	0.337314	0.331746	0.337038	0.338265	0.336759	0.339586	0.534986	0.479319	0.479445	0.51736	0.518147	0.520018
ERR608266-k20-n1-x5e9	0.532299	0.550018	0.384237	0.388322	0.386679	0.385361	0.350502	0.270723	0.26037	0	0.251366	0.25143	0.334275	0.333781	0.334563	0.331343	0.331914	0.331107	0.425962	0.353905	0.45104	0.362856	0.366267	0.508748	0.498993	0.372789	0.539963	0.42824	0.432926	0.595387	0.382606	0.336499	0.33443	0.334285	0.333907	0.334509	0.505136	0.3529	0.351907	0.396279	0.357667	0.362416	0.476944	0.467771	0.486659	0.359949	0.361611	0.362326	0.468764	0.445546	0.443298	0.443021	0.444011	0.446144	0.470502	0.465865	0.46655	0.459678	0.477369	0.474304	0.507456	0.504036	0.508121	0.507911	0.506803	0.507446	0.451794	0.456885	0.458557	0.448988	0.449204	0.44895	0.470204	0.475597	0.476415	0.474713	0.479206	0.48009	0.456972	0.454952	0.45653	0.463454	0.46349	0.46397	0.344188	0.315514	0.318365	0.319258	0.317926	0.32017	0.552448	0.489033	0.488813	0.533757	0.53403	0.53627
ERR608267-k20-n1-x5e9	0.530674	0.548375	0.383552	0.387409	0.385598	0.384321	0.348779	0.2699	0.259909	0.251366	0	0.251718	0.335377	0.334606	0.334473	0.331699	0.332696	0.331544	0.424359	0.354411	0.449303	0.362512	0.365615	0.506934	0.497628	0.37184	0.53858	0.426773	0.431192	0.593813	0.382214	0.337633	0.336142	0.335063	0.335163	0.33546	0.504034	0.353859	0.352501	0.395248	0.357796	0.362325	0.475616	0.466307	0.485263	0.359816	0.361117	0.361872	0.468514	0.446202	0.444094	0.44378	0.444884	0.446851	0.472013	0.467112	0.467699	0.46054	0.477277	0.474395	0.508793	0.50519	0.508383	0.508742	0.507595	0.50841	0.453206	0.458484	0.460141	0.450324	0.450644	0.450359	0.471565	0.476697	0.477538	0.475785	0.48022	0.481186	0.458076	0.456166	0.457574	0.463427	0.463412	0.464101	0.343937	0.31694	0.320335	0.32094	0.319669	0.321899	0.551235	0.488556	0.488222	0.532555	0.532924	0.535087
ERR608268-k20-n1-x5e9	0.538775	0.556095	0.389768	0.393424	0.391448	0.389768	0.35372	0.273719	0.262555	0.25143	0.251718	0	0.332341	0.332002	0.333299	0.330029	0.33057	0.330047	0.42609	0.352487	0.454338	0.363968	0.367246	0.512578	0.501665	0.375793	0.544115	0.432615	0.437019	0.599442	0.38129	0.33356	0.331606	0.331424	0.331165	0.33138	0.50475	0.349377	0.348765	0.396789	0.354648	0.359924	0.480296	0.470884	0.490391	0.35991	0.361321	0.362376	0.468684	0.445369	0.442203	0.442192	0.442834	0.445958	0.468228	0.463428	0.464336	0.458358	0.475225	0.472205	0.504922	0.501424	0.506906	0.505343	0.504065	0.504825	0.448959	0.454216	0.455551	0.446503	0.446934	0.446586	0.466813	0.47229	0.473005	0.471357	0.475925	0.476854	0.454648	0.452654	0.453894	0.463247	0.463043	0.46387	0.343496	0.312025	0.315093	0.315526	0.314238	0.316411	0.555788	0.493334	0.493036	0.538301	0.538706	0.540911
ERR605521-k20-n1-x5e9	0.573132	0.588514	0.42024	0.422008	0.419102	0.416726	0.421452	0.35786	0.34825	0.334275	0.335377	0.332341	0	0.247359	0.256094	0.24992	0.248446	0.249696	0.413529	0.316131	0.453129	0.338656	0.343581	0.517608	0.494717	0.362432	0.543088	0.427792	0.431767	0.597307	0.394962	0.337658	0.33463	0.336125	0.335687	0.336034	0.502479	0.309473	0.310376	0.386761	0.321897	0.33208	0.503553	0.494964	0.514492	0.370999	0.373167	0.374004	0.476226	0.448986	0.442715	0.44382	0.443343	0.449091	0.445052	0.439167	0.440393	0.437374	0.454171	0.449653	0.4677	0.463113	0.471472	0.466146	0.465143	0.46613	0.45349	0.459932	0.46034	0.450526	0.452517	0.452179	0.460307	0.463804	0.465466	0.463241	0.466864	0.46811	0.453534	0.452052	0.452628	0.473127	0.470858	0.473269	0.363733	0.318549	0.320061	0.318967	0.318286	0.318767	0.571298	0.511888	0.511493	0.557658	0.556185	0.558723
ERR605522-k20-n1-x5e9	0.560371	0.575447	0.415135	0.415732	0.412565	0.40995	0.408035	0.350942	0.343979	0.333781	0.334606	0.332002	0.247359	0	0.250731	0.24848	0.247932	0.248217	0.398131	0.318464	0.436901	0.330563	0.334806	0.500722	0.478379	0.350594	0.527107	0.412138	0.416183	0.582296	0.383395	0.33628	0.335436	0.335029	0.333983	0.334289	0.487697	0.310455	0.309404	0.371639	0.315746	0.323516	0.488142	0.47993	0.498867	0.361695	0.36398	0.364688	0.468964	0.446751	0.442774	0.444549	0.444346	0.446776	0.450598	0.442742	0.443411	0.438355	0.449313	0.445617	0.472894	0.467009	0.467228	0.466572	0.465822	0.467467	0.4601	0.468267	0.468469	0.454725	0.457438	0.457226	0.465684	0.466161	0.468211	0.465712	0.468198	0.469337	0.454185	0.453904	0.453888	0.468003	0.465979	0.467947	0.354442	0.322113	0.325914	0.32433	0.323411	0.324261	0.560962	0.507447	0.507436	0.549341	0.54764	0.55011
ERR605523-k20-n1-x5e9	0.543996	0.559032	0.408197	0.408611	0.405432	0.402361	0.391697	0.342756	0.338661	0.334563	0.334473	0.333299	0.256094	0.250731	0	0.25046	0.251195	0.250428	0.380338	0.324014	0.418112	0.3243	0.327303	0.480937	0.458528	0.337641	0.508498	0.394728	0.398369	0.564373	0.369047	0.334866	0.336507	0.334226	0.333013	0.333662	0.469642	0.31393	0.311031	0.355775	0.312961	0.317129	0.468907	0.460766	0.479593	0.351254	0.352829	0.35336	0.460852	0.44442	0.443295	0.445345	0.445999	0.444338	0.45786	0.448548	0.447503	0.440109	0.445894	0.443315	0.480401	0.473431	0.463908	0.468675	0.468058	0.470451	0.466823	0.476825	0.476882	0.458998	0.462235	0.462189	0.472179	0.469353	0.471733	0.469014	0.470504	0.47146	0.454856	0.45602	0.455732	0.461855	0.460274	0.461927	0.342688	0.32728	0.333556	0.33199	0.330597	0.331982	0.547767	0.501515	0.5019	0.53943	0.537448	0.539979
ERR605524-k20-n1-x5e9	0.554154	0.569912	0.409219	0.410357	0.407461	0.405075	0.403684	0.346492	0.339743	0.331343	0.331699	0.330029	0.24992	0.24848	0.25046	0	0.246336	0.246594	0.395356	0.317993	0.432392	0.328353	0.33216	0.496003	0.474435	0.345821	0.522604	0.407368	0.411284	0.577851	0.381192	0.335144	0.334551	0.333978	0.333095	0.33361	0.485725	0.31189	0.310277	0.36985	0.316923	0.324083	0.483361	0.474875	0.493915	0.358632	0.360666	0.361286	0.467304	0.445355	0.441827	0.443406	0.443562	0.445258	0.452101	0.444324	0.444142	0.43805	0.450032	0.446339	0.475059	0.46918	0.467425	0.467754	0.467076	0.469008	0.460409	0.46875	0.469112	0.454572	0.457069	0.457102	0.466731	0.466883	0.468933	0.46641	0.468984	0.469982	0.45396	0.453672	0.454064	0.465569	0.463804	0.465864	0.352221	0.322256	0.326421	0.325278	0.32434	0.325298	0.556416	0.502275	0.502226	0.544325	0.542683	0.545007
ERR605525-k20-n1-x5e9	0.56008	0.57567	0.413606	0.41492	0.411664	0.409509	0.407351	0.349234	0.341949	0.331914	0.332696	0.33057	0.248446	0.247932	0.251195	0.246336	0	0.246552	0.398309	0.317401	0.43744	0.330553	0.334533	0.501101	0.479035	0.350519	0.528021	0.412782	0.416858	0.582909	0.381817	0.333892	0.332757	0.332451	0.331713	0.332314	0.488188	0.310214	0.309658	0.373122	0.317015	0.324974	0.487554	0.479063	0.498359	0.360029	0.361938	0.36266	0.467161	0.444296	0.440192	0.441669	0.441654	0.444161	0.448563	0.441132	0.441249	0.436187	0.448605	0.444858	0.471425	0.465699	0.466094	0.464903	0.464337	0.46584	0.45687	0.465097	0.465361	0.451468	0.453953	0.453933	0.46304	0.46367	0.465659	0.463212	0.465916	0.466891	0.45123	0.450827	0.451341	0.465259	0.463328	0.46549	0.352602	0.319629	0.323705	0.322328	0.321298	0.32207	0.559803	0.505268	0.50513	0.548083	0.546412	0.548967
ERR605526-k20-n1-x5e9	0.553722	0.569444	0.4088	0.410084	0.406962	0.404918	0.403129	0.346062	0.339258	0.331107	0.331544	0.330047	0.249696	0.248217	0.250428	0.246594	0.246552	0	0.394916	0.318433	0.432124	0.328116	0.332297	0.495669	0.474341	0.345953	0.522376	0.407208	0.411345	0.577617	0.380272	0.334609	0.334223	0.333709	0.33271	0.333336	0.485592	0.312197	0.31077	0.369857	0.317171	0.324167	0.482667	0.474092	0.493379	0.357653	0.359663	0.360523	0.46716	0.445459	0.441922	0.443552	0.443704	0.44543	0.452176	0.444519	0.444301	0.438193	0.45015	0.446624	0.47538	0.469562	0.467474	0.468281	0.467574	0.469392	0.460462	0.468803	0.469271	0.454524	0.457067	0.456958	0.466916	0.466985	0.468898	0.466514	0.469004	0.469946	0.453939	0.453635	0.454063	0.465348	0.463608	0.465708	0.351126	0.321597	0.325714	0.324586	0.323535	0.324689	0.556707	0.502461	0.502479	0.544387	0.543035	0.545209
ERR607152-k20-n1-x5e9	0.518921	0.526394	0.476492	0.471205	0.467516	0.463959	0.377089	0.39806	0.410374	0.425962	0.424359	0.42609	0.413529	0.398131	0.380338	0.395356	0.398309	0.394916	0	0.376013	0.305711	0.319146	0.313906	0.350818	0.408465	0.383281	0.463942	0.38903	0.389533	0.51745	0.349993	0.401285	0.413036	0.402251	0.39985	0.401688	0.392437	0.408182	0.398575	0.334551	0.377025	0.362421	0.394231	0.389876	0.403226	0.369584	0.368357	0.36808	0.449762	0.472173	0.484982	0.489584	0.493386	0.472692	0.536737	0.519346	0.513659	0.496713	0.466927	0.470772	0.558051	0.545572	0.489121	0.520648	0.521771	0.527921	0.539667	0.5584	0.558214	0.51831	0.524516	0.525716	0.539887	0.518048	0.522029	0.518417	0.512451	0.512433	0.492628	0.501182	0.498898	0.462064	0.46261	0.461514	0.35989	0.425761	0.440376	0.436844	0.435208	0.43743	0.530016	0.540903	0.542571	0.547476	0.54473	0.54648
ERR607153-k20-n1-x5e9	0.581465	0.597128	0.438261	0.442609	0.440516	0.439538	0.439079	0.37458	0.363797	0.353905	0.354411	0.352487	0.316131	0.318464	0.324014	0.317993	0.317401	0.318433	0.376013	0	0.416085	0.278387	0.284617	0.488135	0.520415	0.386935	0.562175	0.448853	0.453535	0.617404	0.405343	0.346205	0.342105	0.344145	0.343693	0.344428	0.514897	0.327093	0.327684	0.398822	0.340001	0.348952	0.506771	0.498155	0.516908	0.378257	0.380341	0.381629	0.47595	0.445587	0.439089	0.439281	0.439066	0.445975	0.454172	0.448192	0.448993	0.443695	0.464887	0.45979	0.478301	0.473357	0.47913	0.476589	0.475754	0.477289	0.454959	0.461701	0.464276	0.448443	0.44976	0.449579	0.462528	0.463808	0.464856	0.461559	0.464445	0.465103	0.450022	0.448013	0.449829	0.467208	0.465062	0.467656	0.38112	0.335499	0.335484	0.33586	0.335721	0.336327	0.586945	0.521918	0.521119	0.568921	0.567894	0.570317
ERR607154-k20-n1-x5e9	0.463256	0.472079	0.460368	0.457081	0.455705	0.455393	0.390003	0.410999	0.426233	0.45104	0.449303	0.454338	0.453129	0.436901	0.418112	0.432392	0.43744	0.432124	0.305711	0.416085	0	0.343623	0.33609	0.298736	0.408409	0.377941	0.419297	0.36073	0.361337	0.474891	0.402708	0.454312	0.464479	0.454293	0.452204	0.454174	0.440648	0.461455	0.450335	0.365399	0.430362	0.413623	0.370999	0.367538	0.374055	0.401666	0.398653	0.398355	0.480348	0.504074	0.519886	0.523954	0.529571	0.505472	0.579988	0.563134	0.558386	0.534529	0.512636	0.51635	0.600084	0.588339	0.52496	0.56825	0.569182	0.575736	0.585934	0.601206	0.603754	0.564046	0.5682	0.569495	0.586221	0.56883	0.571138	0.566813	0.56199	0.561419	0.538937	0.54588	0.545916	0.487463	0.490648	0.487165	0.410591	0.476711	0.489244	0.488002	0.486176	0.489182	0.518035	0.52271	0.524159	0.518417	0.516386	0.51739
ERR607155-k20-n1-x5e9	0.530422	0.544834	0.423327	0.424316	0.422224	0.421326	0.399134	0.35919	0.35887	0.362856	0.362512	0.363968	0.338656	0.330563	0.3243	0.328353	0.330553	0.328116	0.319146	0.278387	0.343623	0	0.251342	0.413807	0.468758	0.352951	0.505199	0.395804	0.399746	0.562595	0.37797	0.358061	0.361083	0.356762	0.355253	0.356895	0.474437	0.350329	0.344508	0.358396	0.341933	0.339913	0.449065	0.440975	0.457585	0.35615	0.356696	0.357848	0.458172	0.446288	0.448786	0.450838	0.453252	0.446527	0.486171	0.473996	0.472426	0.45745	0.460606	0.45889	0.510134	0.501344	0.475735	0.493308	0.493076	0.497188	0.489996	0.501615	0.504129	0.475237	0.478358	0.478876	0.494865	0.486978	0.488997	0.484849	0.484324	0.484251	0.464399	0.466645	0.467541	0.453719	0.45295	0.45396	0.363666	0.364255	0.371625	0.370742	0.369384	0.371594	0.552885	0.507132	0.50755	0.538559	0.53675	0.538786
ERR607156-k20-n1-x5e9	0.525047	0.5392	0.423462	0.423876	0.421815	0.420822	0.395847	0.359592	0.360567	0.366267	0.365615	0.367246	0.343581	0.334806	0.327303	0.33216	0.334533	0.332297	0.313906	0.284617	0.33609	0.251342	0	0.405611	0.463402	0.351021	0.499155	0.390829	0.394346	0.556452	0.376464	0.362146	0.365644	0.360595	0.359121	0.36072	0.470322	0.354598	0.348506	0.355081	0.344082	0.34104	0.443145	0.435254	0.451613	0.355942	0.356269	0.357406	0.457455	0.447938	0.45174	0.453775	0.456467	0.448336	0.490954	0.478187	0.476422	0.460726	0.461935	0.460622	0.514525	0.505534	0.477047	0.496269	0.496082	0.500419	0.49479	0.50671	0.50924	0.479348	0.482662	0.483489	0.499181	0.490422	0.492519	0.488235	0.487451	0.487408	0.467371	0.470124	0.471029	0.453826	0.453642	0.454325	0.363416	0.369279	0.377253	0.37622	0.374816	0.376974	0.549336	0.506779	0.507274	0.536127	0.534127	0.536186
ERR607157-k20-n1-x5e9	0.459995	0.463339	0.501713	0.496177	0.495408	0.494913	0.421035	0.463458	0.481947	0.508748	0.506934	0.512578	0.517608	0.500722	0.480937	0.496003	0.501101	0.495669	0.350818	0.488135	0.298736	0.413807	0.405611	0	0.410613	0.427927	0.405061	0.388026	0.38655	0.448313	0.446527	0.515001	0.526288	0.514911	0.513262	0.514747	0.454753	0.524323	0.51246	0.408611	0.490267	0.471297	0.372434	0.373274	0.371629	0.455503	0.452139	0.451297	0.516342	0.550963	0.569092	0.573545	0.579415	0.55174	0.631148	0.61385	0.608598	0.583905	0.554717	0.559807	0.649175	0.637396	0.56816	0.614767	0.615921	0.622656	0.637153	0.652818	0.654843	0.614619	0.61927	0.620704	0.636303	0.617428	0.620053	0.615723	0.610219	0.609582	0.587813	0.595848	0.595229	0.528297	0.532414	0.527768	0.46049	0.538553	0.551815	0.550245	0.548268	0.551404	0.521511	0.552847	0.55528	0.530598	0.528055	0.52816
ERR607230-k20-n1-x5e9	0.457633	0.456447	0.490406	0.482449	0.480518	0.477382	0.399145	0.458217	0.476746	0.498993	0.497628	0.501665	0.494717	0.478379	0.458528	0.474435	0.479035	0.474341	0.408465	0.520415	0.408409	0.468758	0.463402	0.410613	0	0.383574	0.348902	0.345554	0.342182	0.388556	0.438442	0.507419	0.519102	0.508209	0.505973	0.50736	0.404452	0.510022	0.499946	0.404298	0.476928	0.459368	0.413177	0.414122	0.416464	0.462331	0.460308	0.458639	0.536091	0.565314	0.579309	0.583012	0.587287	0.566058	0.613353	0.598408	0.593454	0.577915	0.548211	0.552977	0.62488	0.614809	0.562062	0.594167	0.594849	0.599862	0.626853	0.64095	0.640197	0.611935	0.616525	0.617418	0.630976	0.616953	0.620466	0.617821	0.614202	0.61452	0.59278	0.599394	0.597508	0.556798	0.559762	0.556052	0.442323	0.522755	0.536271	0.533708	0.531747	0.534012	0.513675	0.554262	0.556474	0.53938	0.536255	0.537382
ERR607231-k20-n1-x5e9	0.464677	0.480379	0.37772	0.376339	0.375365	0.374532	0.370875	0.350111	0.357613	0.372789	0.37184	0.375793	0.362432	0.350594	0.337641	0.345821	0.350519	0.345953	0.383281	0.386935	0.377941	0.352951	0.351021	0.427927	0.383574	0	0.416441	0.301382	0.305449	0.479214	0.394226	0.40087	0.406312	0.399889	0.398161	0.399632	0.467286	0.392949	0.384653	0.35864	0.375609	0.367839	0.42905	0.421763	0.435769	0.379536	0.378468	0.378507	0.482735	0.482986	0.489602	0.491587	0.495017	0.483798	0.517785	0.506756	0.505122	0.489987	0.489056	0.489032	0.532571	0.525	0.494444	0.517717	0.517551	0.521158	0.52995	0.538901	0.540466	0.519577	0.521855	0.522229	0.538084	0.534985	0.536628	0.533266	0.534094	0.5343	0.510908	0.512701	0.51378	0.488399	0.49021	0.488656	0.372522	0.401136	0.410162	0.409486	0.407571	0.410472	0.507154	0.474746	0.47569	0.494238	0.492681	0.494566
ERR607232-k20-n1-x5e9	0.415264	0.412179	0.502267	0.496841	0.497438	0.496965	0.44341	0.495425	0.513699	0.539963	0.53858	0.544115	0.543088	0.527107	0.508498	0.522604	0.528021	0.522376	0.463942	0.562175	0.419297	0.505199	0.499155	0.405061	0.348902	0.416441	0	0.357757	0.353852	0.343325	0.502036	0.563063	0.572843	0.562849	0.561282	0.562588	0.481487	0.565882	0.555455	0.458985	0.535781	0.519111	0.422994	0.426438	0.420326	0.508971	0.506126	0.504828	0.57993	0.605907	0.620619	0.623781	0.628837	0.607377	0.658139	0.644178	0.640179	0.619998	0.598895	0.602846	0.6712	0.661807	0.607278	0.645749	0.646291	0.651388	0.673872	0.685299	0.686753	0.658414	0.661454	0.662413	0.677389	0.666614	0.668576	0.665313	0.66265	0.662544	0.640041	0.645292	0.645125	0.593056	0.597337	0.592839	0.504699	0.577243	0.588476	0.587464	0.585463	0.588447	0.523551	0.559873	0.562098	0.531486	0.528963	0.528935
ERR607233-k20-n1-x5e9	0.417419	0.428868	0.404651	0.400041	0.399871	0.399384	0.370396	0.389145	0.404506	0.42824	0.426773	0.432615	0.427792	0.412138	0.394728	0.407368	0.412782	0.407208	0.38903	0.448853	0.36073	0.395804	0.390829	0.388026	0.345554	0.301382	0.357757	0	0.279694	0.417459	0.417467	0.457604	0.466294	0.456708	0.455045	0.456507	0.456274	0.455193	0.44464	0.372084	0.427916	0.413606	0.400444	0.396471	0.403677	0.413482	0.411437	0.410739	0.507037	0.52214	0.533895	0.536502	0.541367	0.522868	0.569609	0.556256	0.553545	0.53448	0.522201	0.524387	0.584493	0.575564	0.530111	0.56308	0.563327	0.568031	0.58372	0.594361	0.59592	0.570156	0.573034	0.573719	0.589822	0.582467	0.584561	0.580963	0.580032	0.580084	0.55601	0.559857	0.560346	0.517424	0.520765	0.517521	0.407138	0.46611	0.477479	0.476206	0.474156	0.477222	0.492718	0.490774	0.492614	0.487299	0.485063	0.485903
ERR607234-k20-n1-x5e9	0.415236	0.425824	0.408678	0.403466	0.403037	0.402279	0.37081	0.392949	0.409099	0.432926	0.431192	0.437019	0.431767	0.416183	0.398369	0.411284	0.416858	0.411345	0.389533	0.453535	0.361337	0.399746	0.394346	0.38655	0.342182	0.305449	0.353852	0.279694	0	0.412546	0.419032	0.461196	0.469916	0.460456	0.458578	0.460062	0.454338	0.459133	0.448499	0.373133	0.431119	0.41642	0.400217	0.396816	0.40325	0.416305	0.414187	0.413432	0.509338	0.525298	0.537377	0.540221	0.544893	0.526163	0.57343	0.559949	0.557144	0.538079	0.52461	0.526712	0.588301	0.57925	0.533073	0.566324	0.566497	0.571146	0.587669	0.598417	0.599913	0.573781	0.576822	0.577589	0.593574	0.585788	0.587893	0.584378	0.583288	0.583303	0.559146	0.563277	0.56341	0.520381	0.52364	0.520239	0.409555	0.470492	0.481913	0.480584	0.478295	0.481409	0.492863	0.493936	0.495886	0.488778	0.486329	0.487206
ERR607235-k20-n1-x5e9	0.454526	0.446377	0.556515	0.550749	0.551066	0.551134	0.496636	0.552548	0.570406	0.595387	0.593813	0.599442	0.597307	0.582296	0.564373	0.577851	0.582909	0.577617	0.51745	0.617404	0.474891	0.562595	0.556452	0.448313	0.388556	0.479214	0.343325	0.417459	0.412546	0	0.554551	0.616768	0.626374	0.616556	0.614983	0.616395	0.516731	0.619743	0.609939	0.514329	0.590593	0.574361	0.466784	0.472568	0.461935	0.564136	0.561356	0.560129	0.623746	0.652024	0.666883	0.669824	0.674836	0.652908	0.701903	0.6883	0.684204	0.664615	0.641223	0.645522	0.713103	0.704045	0.649553	0.687434	0.687851	0.693078	0.718126	0.729374	0.730552	0.702939	0.70614	0.70693	0.720957	0.709782	0.712018	0.708781	0.705937	0.705771	0.684828	0.69039	0.690036	0.637557	0.641702	0.636853	0.559469	0.631019	0.64191	0.640687	0.638745	0.641566	0.553594	0.601539	0.603887	0.565965	0.563602	0.562941
ERR608853-k20-n1-x5e9	0.536307	0.545252	0.470138	0.46638	0.462146	0.457985	0.353054	0.363274	0.372851	0.382606	0.382214	0.38129	0.394962	0.383395	0.369047	0.381192	0.381817	0.380272	0.349993	0.405343	0.402708	0.37797	0.376464	0.446527	0.438442	0.394226	0.502036	0.417467	0.419032	0.554551	0	0.298425	0.313091	0.301242	0.299864	0.300363	0.406074	0.384909	0.378484	0.350397	0.362224	0.35378	0.390655	0.383863	0.40343	0.318334	0.317964	0.317781	0.419071	0.434217	0.443174	0.447964	0.450479	0.434371	0.498777	0.484196	0.478852	0.469487	0.448585	0.451147	0.525528	0.514253	0.478006	0.492587	0.49328	0.497618	0.482909	0.504357	0.503019	0.460975	0.467696	0.468896	0.481797	0.457019	0.461406	0.458883	0.452358	0.452623	0.435317	0.443984	0.440525	0.422519	0.422197	0.42182	0.298956	0.361246	0.376679	0.372004	0.370605	0.372632	0.546561	0.545566	0.546864	0.562297	0.561413	0.563825
ERR608854-k20-n1-x5e9	0.585734	0.600239	0.457564	0.460716	0.457625	0.454837	0.4039	0.351847	0.34399	0.336499	0.337633	0.33356	0.337658	0.33628	0.334866	0.335144	0.333892	0.334609	0.401285	0.346205	0.454312	0.358061	0.362146	0.515001	0.507419	0.40087	0.563063	0.457604	0.461196	0.616768	0.298425	0	0.23818	0.238025	0.238452	0.238305	0.480672	0.334475	0.334724	0.388848	0.338373	0.344399	0.466416	0.456818	0.479443	0.320443	0.322703	0.324	0.434672	0.41182	0.40745	0.40944	0.409094	0.412324	0.44467	0.436708	0.434706	0.432964	0.44295	0.439997	0.474673	0.467262	0.466777	0.460862	0.460769	0.462237	0.420806	0.436579	0.436775	0.406729	0.410173	0.410574	0.424533	0.412864	0.415035	0.4128	0.411621	0.412108	0.397839	0.399617	0.399056	0.42076	0.418233	0.420687	0.317435	0.292023	0.298713	0.296818	0.296411	0.297157	0.585735	0.540437	0.540081	0.580784	0.581108	0.583782
ERR608855-k20-n1-x5e9	0.593943	0.609094	0.458965	0.463652	0.46058	0.458377	0.415259	0.355556	0.345016	0.33443	0.336142	0.331606	0.33463	0.335436	0.336507	0.334551	0.332757	0.334223	0.413036	0.342105	0.464479	0.361083	0.365644	0.526288	0.519102	0.406312	0.572843	0.466294	0.469916	0.626374	0.313091	0.23818	0	0.238712	0.239692	0.239213	0.493636	0.332852	0.334393	0.39919	0.341417	0.349545	0.479363	0.469616	0.492003	0.328503	0.330801	0.332366	0.442551	0.41447	0.407814	0.409197	0.408154	0.415259	0.440732	0.43453	0.43315	0.432681	0.447921	0.444275	0.471001	0.464554	0.470022	0.461496	0.46104	0.462013	0.415741	0.429463	0.430506	0.403807	0.406286	0.40638	0.420664	0.412351	0.413818	0.411637	0.411586	0.412221	0.39882	0.39888	0.399179	0.426444	0.423762	0.426754	0.328503	0.288821	0.292358	0.291585	0.291401	0.292318	0.593459	0.541896	0.541356	0.585626	0.58616	0.588786
ERR608856-k20-n1-x5e9	0.585063	0.599751	0.455994	0.459181	0.4559	0.453591	0.40414	0.350331	0.342537	0.334285	0.335063	0.331424	0.336125	0.335029	0.334226	0.333978	0.332451	0.333709	0.402251	0.344145	0.454293	0.356762	0.360595	0.514911	0.508209	0.399889	0.562849	0.456708	0.460456	0.616556	0.301242	0.238025	0.238712	0	0.23703	0.236875	0.482825	0.33416	0.334432	0.38957	0.338286	0.344631	0.46694	0.457354	0.479778	0.320683	0.322794	0.324181	0.436447	0.412881	0.408117	0.409979	0.409598	0.41308	0.44493	0.437088	0.435608	0.433385	0.444197	0.441071	0.474865	0.467649	0.467864	0.461998	0.461724	0.463276	0.421455	0.436551	0.437031	0.407465	0.410967	0.411253	0.425617	0.414639	0.416823	0.414408	0.413553	0.413953	0.399428	0.401152	0.400545	0.421803	0.419403	0.421761	0.319123	0.29195	0.297986	0.295825	0.295237	0.296452	0.586265	0.53948	0.539271	0.580133	0.580437	0.582962
ERR608857-k20-n1-x5e9	0.583862	0.598372	0.455265	0.45833	0.455059	0.452423	0.402639	0.34971	0.342475	0.333907	0.335163	0.331165	0.335687	0.333983	0.333013	0.333095	0.331713	0.33271	0.39985	0.343693	0.452204	0.355253	0.359121	0.513262	0.505973	0.398161	0.561282	0.455045	0.458578	0.614983	0.299864	0.238452	0.239692	0.23703	0	0.236877	0.480478	0.332692	0.332831	0.386998	0.336281	0.342362	0.46582	0.456311	0.478676	0.320459	0.322274	0.323598	0.435402	0.412843	0.408422	0.410129	0.409684	0.41291	0.445244	0.436973	0.435387	0.433238	0.442958	0.439947	0.475374	0.468114	0.467007	0.46178	0.461469	0.463382	0.422496	0.437996	0.438339	0.408475	0.412065	0.412407	0.426562	0.415338	0.417404	0.414983	0.413956	0.414476	0.399537	0.401363	0.400813	0.42121	0.418927	0.421384	0.318019	0.292452	0.298476	0.296556	0.29604	0.296906	0.584624	0.538849	0.538631	0.579205	0.579323	0.581967
ERR608858-k20-n1-x5e9	0.58514	0.599636	0.456147	0.458917	0.455697	0.453106	0.403678	0.350709	0.342949	0.334509	0.33546	0.33138	0.336034	0.334289	0.333662	0.33361	0.332314	0.333336	0.401688	0.344428	0.454174	0.356895	0.36072	0.514747	0.50736	0.399632	0.562588	0.456507	0.460062	0.616395	0.300363	0.238305	0.239213	0.236875	0.236877	0	0.481801	0.333582	0.333614	0.388543	0.336844	0.343351	0.467066	0.457459	0.479964	0.320948	0.323259	0.324619	0.435701	0.412496	0.408098	0.410012	0.40943	0.412787	0.444628	0.436718	0.435293	0.433239	0.443211	0.440027	0.474768	0.467417	0.46739	0.461551	0.461134	0.462834	0.421579	0.436965	0.437296	0.40764	0.411218	0.411633	0.425578	0.414527	0.416631	0.414286	0.413283	0.413847	0.399328	0.401033	0.400412	0.421613	0.419223	0.421659	0.318324	0.291989	0.2982	0.296007	0.295384	0.296394	0.585556	0.539418	0.539221	0.579881	0.580011	0.582784
ERR606642-k20-n1-x5e9	0.551292	0.548294	0.54653	0.53965	0.534802	0.529693	0.415133	0.473435	0.488902	0.505136	0.504034	0.50475	0.502479	0.487697	0.469642	0.485725	0.488188	0.485592	0.392437	0.514897	0.440648	0.474437	0.470322	0.454753	0.404452	0.467286	0.481487	0.456274	0.454338	0.516731	0.406074	0.480672	0.493636	0.482825	0.480478	0.481801	0	0.457744	0.447715	0.351756	0.41985	0.400641	0.442406	0.44187	0.450439	0.453419	0.452663	0.450876	0.529991	0.560871	0.572561	0.577278	0.579758	0.561207	0.608767	0.594295	0.588296	0.579649	0.543043	0.548615	0.628069	0.617076	0.568879	0.59124	0.592494	0.59721	0.607586	0.62616	0.623233	0.590997	0.597486	0.598622	0.609991	0.58855	0.593376	0.591719	0.585401	0.586312	0.570002	0.57858	0.574403	0.550801	0.551555	0.54974	0.41854	0.501539	0.516394	0.512224	0.510681	0.51239	0.584807	0.621861	0.623269	0.622168	0.619805	0.62155
ERR606643-k20-n1-x5e9	0.593393	0.607416	0.450224	0.451467	0.447741	0.444251	0.428025	0.374593	0.36588	0.3529	0.353859	0.349377	0.309473	0.310455	0.31393	0.31189	0.310214	0.312197	0.408182	0.327093	0.461455	0.350329	0.354598	0.524323	0.510022	0.392949	0.565882	0.455193	0.459133	0.619743	0.384909	0.334475	0.332852	0.33416	0.332692	0.333582	0.457744	0	0.245721	0.343223	0.259465	0.272495	0.511295	0.503151	0.522558	0.378585	0.381089	0.381497	0.480609	0.458362	0.452167	0.453886	0.452309	0.458121	0.45627	0.450503	0.450491	0.452198	0.463111	0.459701	0.478596	0.472953	0.479758	0.471125	0.470625	0.471611	0.453754	0.463472	0.461952	0.450132	0.453513	0.453208	0.46265	0.461031	0.463743	0.461881	0.46364	0.465124	0.45261	0.452279	0.451575	0.478385	0.476164	0.478812	0.357102	0.319459	0.322463	0.320567	0.319942	0.319816	0.595082	0.546876	0.54648	0.589253	0.587778	0.590484
ERR606644-k20-n1-x5e9	0.583465	0.597129	0.444471	0.445029	0.441113	0.437552	0.419131	0.369438	0.362553	0.351907	0.352501	0.348765	0.310376	0.309404	0.311031	0.310277	0.309658	0.31077	0.398575	0.327684	0.450335	0.344508	0.348506	0.51246	0.499946	0.384653	0.555455	0.44464	0.448499	0.609939	0.378484	0.334724	0.334393	0.334432	0.332831	0.333614	0.447715	0.245721	0	0.331398	0.254423	0.265015	0.501264	0.493124	0.512393	0.373459	0.375612	0.376349	0.477437	0.458214	0.453204	0.455483	0.454199	0.457914	0.460698	0.45401	0.453584	0.453788	0.461679	0.458802	0.483256	0.476918	0.478578	0.473355	0.47306	0.474455	0.45909	0.4695	0.467979	0.454081	0.457849	0.457643	0.467584	0.46454	0.467476	0.465457	0.466745	0.46812	0.454777	0.455115	0.454236	0.476311	0.474368	0.476821	0.35199	0.322465	0.327121	0.324462	0.324166	0.32397	0.58887	0.543258	0.543217	0.583598	0.581971	0.584574
ERR606645-k20-n1-x5e9	0.499028	0.507751	0.438351	0.432031	0.427673	0.423862	0.356585	0.370055	0.382104	0.396279	0.395248	0.396789	0.386761	0.371639	0.355775	0.36985	0.373122	0.369857	0.334551	0.398822	0.365399	0.358396	0.355081	0.408611	0.404298	0.35864	0.458985	0.372084	0.373133	0.514329	0.350397	0.388848	0.39919	0.38957	0.386998	0.388543	0.351756	0.343223	0.331398	0	0.305049	0.288212	0.410137	0.404764	0.41904	0.368815	0.368086	0.367308	0.471417	0.486481	0.495378	0.499489	0.502157	0.486904	0.530891	0.516943	0.513327	0.501912	0.479275	0.482179	0.553123	0.542669	0.501953	0.524843	0.525469	0.529997	0.533252	0.548944	0.547867	0.518193	0.523762	0.524473	0.537957	0.523198	0.527109	0.524161	0.520879	0.521565	0.502415	0.508602	0.506247	0.483587	0.484111	0.48298	0.344526	0.40244	0.416091	0.41247	0.41064	0.412579	0.537238	0.535603	0.537418	0.546866	0.543857	0.545853
ERR606646-k20-n1-x5e9	0.568415	0.580802	0.443847	0.440987	0.43627	0.432154	0.401452	0.365527	0.363359	0.357667	0.357796	0.354648	0.321897	0.315746	0.312961	0.316923	0.317015	0.317171	0.377025	0.340001	0.430362	0.341933	0.344082	0.490267	0.476928	0.375609	0.535781	0.427916	0.431119	0.590593	0.362224	0.338373	0.341417	0.338286	0.336281	0.336844	0.41985	0.259465	0.254423	0.305049	0	0.251932	0.480511	0.473059	0.491776	0.364721	0.366633	0.366785	0.470309	0.459977	0.458479	0.461668	0.461268	0.459844	0.473219	0.463775	0.462805	0.460578	0.456986	0.455836	0.495775	0.487743	0.477789	0.479106	0.47904	0.481443	0.472629	0.485394	0.483515	0.464336	0.469222	0.469425	0.479745	0.472264	0.475804	0.473717	0.473347	0.474524	0.459538	0.462038	0.46024	0.472837	0.471157	0.472934	0.33939	0.333608	0.341922	0.338257	0.337045	0.337755	0.57686	0.543115	0.543557	0.576364	0.574049	0.576566
ERR606647-k20-n1-x5e9	0.553423	0.565201	0.440896	0.436894	0.432319	0.427755	0.388116	0.362413	0.363443	0.362416	0.362325	0.359924	0.33208	0.323516	0.317129	0.324083	0.324974	0.324167	0.362421	0.348952	0.413623	0.339913	0.34104	0.471297	0.459368	0.367839	0.519111	0.413606	0.41642	0.574361	0.35378	0.344399	0.349545	0.344631	0.342362	0.343351	0.400641	0.272495	0.265015	0.288212	0.251932	0	0.463376	0.456361	0.474406	0.360115	0.36202	0.361578	0.465902	0.461658	0.462667	0.466251	0.466585	0.461486	0.482664	0.471911	0.470251	0.46575	0.456884	0.456685	0.505333	0.496504	0.478237	0.484655	0.484909	0.487981	0.482531	0.496408	0.494608	0.472397	0.477675	0.477976	0.488937	0.479067	0.482759	0.480439	0.479209	0.480319	0.464653	0.46825	0.466021	0.470778	0.469539	0.470798	0.333951	0.344294	0.354624	0.350641	0.349411	0.350443	0.566661	0.54001	0.54069	0.568544	0.566001	0.568603
ERR607475-k20-n1-x5e9	0.457417	0.459618	0.495052	0.491202	0.489848	0.489023	0.383919	0.43158	0.450126	0.476944	0.475616	0.480296	0.503553	0.488142	0.468907	0.483361	0.487554	0.482667	0.394231	0.506771	0.370999	0.449065	0.443145	0.372434	0.413177	0.42905	0.422994	0.400444	0.400217	0.466784	0.390655	0.466416	0.479363	0.46694	0.46582	0.467066	0.442406	0.511295	0.501264	0.410137	0.480511	0.463376	0	0.274025	0.277786	0.367776	0.364127	0.362651	0.464191	0.500813	0.519925	0.524492	0.530609	0.502251	0.594832	0.578097	0.571981	0.550169	0.523693	0.528436	0.614294	0.602195	0.538218	0.578674	0.579917	0.586085	0.585744	0.604859	0.606856	0.559434	0.564673	0.566073	0.580281	0.556207	0.558623	0.554809	0.547551	0.546635	0.527541	0.537006	0.535566	0.46947	0.473718	0.468502	0.40489	0.49098	0.504813	0.503019	0.501252	0.504348	0.51707	0.544875	0.5473	0.530342	0.530377	0.530652
