	ERR610253-k20-n1-x5e9	ERR610254-k20-n1-x5e9	ERR610255-k20-n1-x5e9	ERR610256-k20-n1-x5e9	ERR610257-k20-n1-x5e9	ERR610258-k20-n1-x5e9	ERR605515-k20-n1-x5e9	ERR605516-k20-n1-x5e9	ERR605517-k20-n1-x5e9	ERR605518-k20-n1-x5e9	ERR605519-k20-n1-x5e9	ERR605520-k20-n1-x5e9	ERR610037-k20-n1-x5e9	ERR610038-k20-n1-x5e9	ERR610039-k20-n1-x5e9	ERR610040-k20-n1-x5e9	ERR610041-k20-n1-x5e9	ERR610042-k20-n1-x5e9	ERR609333-k20-n1-x5e9	ERR609334-k20-n1-x5e9	ERR609335-k20-n1-x5e9	ERR609336-k20-n1-x5e9	ERR609337-k20-n1-x5e9	ERR609338-k20-n1-x5e9	ERR608751-k20-n1-x5e9	ERR608752-k20-n1-x5e9	ERR608753-k20-n1-x5e9	ERR608754-k20-n1-x5e9	ERR608755-k20-n1-x5e9	ERR608756-k20-n1-x5e9	ERR608561-k20-n1-x5e9	ERR608562-k20-n1-x5e9	ERR608563-k20-n1-x5e9	ERR608564-k20-n1-x5e9	ERR608565-k20-n1-x5e9	ERR608566-k20-n1-x5e9	ERR608221-k20-n1-x5e9	ERR608222-k20-n1-x5e9	ERR608223-k20-n1-x5e9	ERR608224-k20-n1-x5e9	ERR608225-k20-n1-x5e9	ERR608226-k20-n1-x5e9	ERR607543-k20-n1-x5e9	ERR607544-k20-n1-x5e9	ERR607545-k20-n1-x5e9	ERR607546-k20-n1-x5e9	ERR607547-k20-n1-x5e9	ERR607548-k20-n1-x5e9	ERR605934-k20-n1-x5e9	ERR605935-k20-n1-x5e9	ERR605936-k20-n1-x5e9	ERR605937-k20-n1-x5e9	ERR605938-k20-n1-x5e9	ERR605939-k20-n1-x5e9	ERR608787-k20-n1-x5e9	ERR608788-k20-n1-x5e9	ERR608789-k20-n1-x5e9	ERR608790-k20-n1-x5e9	ERR608791-k20-n1-x5e9	ERR608792-k20-n1-x5e9	ERR610235-k20-n1-x5e9	ERR610236-k20-n1-x5e9	ERR610237-k20-n1-x5e9	ERR610238-k20-n1-x5e9	ERR610239-k20-n1-x5e9	ERR610240-k20-n1-x5e9	ERR608305-k20-n1-x5e9	ERR608306-k20-n1-x5e9	ERR608307-k20-n1-x5e9	ERR608308-k20-n1-x5e9	ERR608309-k20-n1-x5e9	ERR608310-k20-n1-x5e9	ERR607899-k20-n1-x5e9	ERR607900-k20-n1-x5e9	ERR607901-k20-n1-x5e9	ERR607902-k20-n1-x5e9	ERR607903-k20-n1-x5e9	ERR607904-k20-n1-x5e9	ERR608057-k20-n1-x5e9	ERR608058-k20-n1-x5e9	ERR608059-k20-n1-x5e9	ERR608060-k20-n1-x5e9	ERR608061-k20-n1-x5e9	ERR608062-k20-n1-x5e9	ERR608389-k20-n1-x5e9	ERR608390-k20-n1-x5e9	ERR608391-k20-n1-x5e9	ERR608392-k20-n1-x5e9	ERR608393-k20-n1-x5e9	ERR608394-k20-n1-x5e9	ERR605309-k20-n1-x5e9	ERR605310-k20-n1-x5e9	ERR605311-k20-n1-x5e9	ERR605312-k20-n1-x5e9	ERR605313-k20-n1-x5e9	ERR605314-k20-n1-x5e9
ERR610253-k20-n1-x5e9	0	0.381931	0.248524	0.245295	0.238945	0.241433	0.381581	0.378171	0.373851	0.375499	0.376785	0.375821	0.424733	0.340053	0.595441	0.352158	0.372854	0.37167	0.368862	0.370853	0.512966	0.330547	0.326327	0.328727	0.344679	0.321622	0.32752	0.318062	0.317064	0.322757	0.350721	0.348595	0.355406	0.406391	0.402694	0.401503	0.44975	0.439061	0.45859	0.335605	0.335791	0.335539	0.394904	0.390039	0.396641	0.356632	0.357471	0.357096	0.518197	0.497188	0.496845	0.515345	0.5163	0.517767	0.445084	0.438128	0.440612	0.477487	0.475024	0.473481	0.495602	0.60594	0.515149	0.474375	0.475245	0.4747	0.565884	0.527419	0.514063	0.516561	0.516744	0.524687	0.41954	0.430161	0.43416	0.40785	0.408316	0.408042	0.930163	0.927429	0.927694	0.92884	0.928034	0.928431	0.470747	0.443233	0.436958	0.439567	0.43719	0.445688	0.499123	0.492075	0.484271	0.488178	0.489391	0.490282
ERR610254-k20-n1-x5e9	0.381931	0	0.338829	0.411696	0.39042	0.401925	0.500745	0.486564	0.468601	0.483251	0.486348	0.483261	0.341623	0.453545	0.462415	0.480627	0.430225	0.432807	0.337946	0.338175	0.371921	0.43992	0.415013	0.419602	0.371714	0.454892	0.472608	0.387872	0.393933	0.380515	0.431911	0.442572	0.4284	0.564896	0.561363	0.560114	0.372778	0.374544	0.380061	0.417687	0.41612	0.413828	0.373071	0.37631	0.375647	0.408023	0.407363	0.406904	0.504431	0.573431	0.57606	0.537427	0.535419	0.535477	0.484705	0.49614	0.493465	0.473583	0.472484	0.473624	0.527752	0.524393	0.513417	0.529686	0.530383	0.532178	0.518846	0.50852	0.509665	0.510491	0.509278	0.507288	0.529807	0.551048	0.551875	0.503437	0.509841	0.511211	0.920848	0.938647	0.94433	0.942468	0.941434	0.942318	0.464349	0.49093	0.504252	0.5073	0.508581	0.491841	0.589806	0.577078	0.51534	0.548042	0.550572	0.555607
ERR610255-k20-n1-x5e9	0.248524	0.338829	0	0.272587	0.257341	0.26485	0.39927	0.391826	0.382426	0.388937	0.391145	0.38912	0.390984	0.353161	0.561714	0.372803	0.371301	0.371032	0.340059	0.34153	0.475178	0.342506	0.329442	0.333244	0.332101	0.341582	0.352628	0.31344	0.314528	0.315014	0.35255	0.354908	0.354912	0.441775	0.437924	0.436628	0.418962	0.409811	0.4275	0.337792	0.337471	0.336259	0.373086	0.369403	0.374502	0.350351	0.350847	0.350468	0.5049	0.506208	0.506761	0.509879	0.510254	0.511442	0.440369	0.437836	0.439445	0.463062	0.460622	0.459831	0.49137	0.581633	0.503103	0.475949	0.476859	0.477037	0.547648	0.51313	0.502411	0.504553	0.504632	0.510687	0.437314	0.452357	0.455601	0.419657	0.422012	0.422533	0.923986	0.925711	0.927324	0.927686	0.92683	0.92736	0.45691	0.440957	0.439756	0.442725	0.441305	0.443155	0.513186	0.503901	0.477804	0.491834	0.493584	0.495658
ERR610256-k20-n1-x5e9	0.245295	0.411696	0.272587	0	0.236306	0.233436	0.368438	0.367856	0.367144	0.366317	0.36626	0.366285	0.447971	0.330264	0.616838	0.334292	0.365343	0.363515	0.393087	0.394976	0.538271	0.316287	0.320229	0.320756	0.349428	0.308413	0.31217	0.326414	0.323537	0.331953	0.357883	0.354107	0.366016	0.380773	0.377467	0.37649	0.474391	0.463347	0.484271	0.340325	0.341312	0.341632	0.411812	0.406442	0.415096	0.365655	0.366957	0.366301	0.528746	0.499194	0.498548	0.526207	0.526816	0.529109	0.450889	0.442723	0.443786	0.493115	0.491046	0.48906	0.509621	0.62414	0.531977	0.481382	0.482268	0.481283	0.575984	0.538195	0.523746	0.52723	0.527253	0.534925	0.407806	0.416361	0.418309	0.403351	0.403739	0.40323	0.933744	0.929081	0.92874	0.930232	0.929283	0.929666	0.480018	0.448759	0.439603	0.442619	0.439326	0.450896	0.486298	0.481176	0.489962	0.482545	0.483017	0.482665
ERR610257-k20-n1-x5e9	0.238945	0.39042	0.257341	0.236306	0	0.233917	0.375846	0.373282	0.369828	0.371272	0.371873	0.371266	0.432284	0.332347	0.602348	0.341182	0.361596	0.36019	0.377842	0.379535	0.521686	0.317394	0.316517	0.317729	0.339263	0.312462	0.319171	0.318311	0.316143	0.322879	0.35538	0.353287	0.362399	0.397377	0.393809	0.392712	0.4605	0.450092	0.470557	0.337872	0.338551	0.338467	0.400712	0.395828	0.403722	0.359786	0.360908	0.360197	0.523287	0.502837	0.502509	0.523674	0.524156	0.526237	0.444485	0.437954	0.438967	0.483524	0.481344	0.47977	0.505266	0.613451	0.524955	0.479598	0.480409	0.47984	0.568652	0.531937	0.518442	0.521675	0.521658	0.528649	0.412413	0.423503	0.425797	0.403073	0.404352	0.404207	0.92971	0.926981	0.927227	0.928395	0.927484	0.927949	0.472366	0.445366	0.438324	0.441339	0.438367	0.44739	0.491029	0.484433	0.482737	0.480708	0.481736	0.482115
ERR610258-k20-n1-x5e9	0.241433	0.401925	0.26485	0.233436	0.233917	0	0.371972	0.37045	0.368401	0.36874	0.368805	0.368646	0.440784	0.330888	0.61018	0.337288	0.363729	0.361989	0.385686	0.387688	0.530673	0.316925	0.318446	0.319551	0.34458	0.309666	0.314625	0.322012	0.319575	0.327342	0.355988	0.352936	0.363494	0.388098	0.384633	0.38364	0.467815	0.456992	0.477703	0.338571	0.339466	0.339684	0.406538	0.401474	0.409733	0.362761	0.36393	0.363212	0.52599	0.500471	0.499956	0.524627	0.525295	0.527342	0.447513	0.439891	0.441094	0.488184	0.486067	0.484381	0.507105	0.61916	0.528305	0.480083	0.48094	0.480137	0.572639	0.53538	0.52121	0.524641	0.524529	0.531902	0.409676	0.419479	0.421698	0.402815	0.403719	0.403143	0.931908	0.92806	0.927966	0.929288	0.928429	0.928819	0.476394	0.446879	0.438693	0.44168	0.438614	0.449021	0.488657	0.48277	0.48646	0.481632	0.482368	0.482435
ERR605515-k20-n1-x5e9	0.381581	0.500745	0.39927	0.368438	0.375846	0.371972	0	0.250558	0.258651	0.252956	0.251479	0.252823	0.462417	0.331108	0.63103	0.32752	0.373233	0.370571	0.421121	0.421536	0.560799	0.350292	0.358845	0.358811	0.408943	0.360644	0.359301	0.382844	0.379816	0.388358	0.362752	0.35738	0.371676	0.3604	0.358906	0.358386	0.501573	0.491633	0.510364	0.371219	0.373595	0.373791	0.428879	0.423858	0.431103	0.381488	0.383215	0.383285	0.517198	0.476535	0.475781	0.508048	0.506359	0.5087	0.497466	0.489746	0.490138	0.534945	0.533394	0.530943	0.524136	0.637136	0.546693	0.497102	0.497803	0.496868	0.580836	0.542567	0.526129	0.530924	0.531146	0.538858	0.453036	0.452322	0.450263	0.463167	0.463617	0.462701	0.953515	0.945292	0.943485	0.94594	0.944155	0.944483	0.500817	0.468616	0.458111	0.461331	0.458387	0.469273	0.48859	0.4881	0.514574	0.503653	0.503412	0.501459
ERR605516-k20-n1-x5e9	0.378171	0.486564	0.391826	0.367856	0.373282	0.37045	0.250558	0	0.253975	0.251508	0.25083	0.251448	0.447006	0.329052	0.617285	0.329155	0.365666	0.363242	0.406826	0.407092	0.545504	0.347578	0.353139	0.35355	0.400017	0.361024	0.361926	0.37561	0.373143	0.38025	0.356678	0.352758	0.364828	0.371283	0.369635	0.369033	0.487467	0.477755	0.496405	0.364665	0.366584	0.366663	0.416645	0.412069	0.418906	0.373429	0.375165	0.375314	0.50825	0.47603	0.475741	0.501623	0.499574	0.5018	0.493588	0.487428	0.48729	0.528484	0.526918	0.524472	0.519486	0.627052	0.539976	0.494154	0.495003	0.494421	0.571834	0.534744	0.518977	0.523608	0.523996	0.531011	0.455667	0.456559	0.454563	0.463598	0.464657	0.463768	0.951118	0.944253	0.942884	0.945092	0.943245	0.943662	0.49358	0.464864	0.456245	0.459614	0.456976	0.465715	0.49141	0.489852	0.510363	0.502284	0.50233	0.500769
ERR605517-k20-n1-x5e9	0.373851	0.468601	0.382426	0.367144	0.369828	0.368401	0.258651	0.253975	0	0.253853	0.254571	0.253818	0.427485	0.328164	0.599598	0.332364	0.359713	0.357501	0.388663	0.389001	0.525425	0.345204	0.347119	0.347995	0.387805	0.361739	0.364722	0.366187	0.364539	0.369867	0.348632	0.34688	0.355967	0.384351	0.382352	0.381472	0.46862	0.459214	0.477546	0.3568	0.358146	0.358173	0.400361	0.396045	0.40251	0.362908	0.364319	0.363722	0.497523	0.477002	0.477067	0.495612	0.493424	0.495402	0.488642	0.483971	0.483797	0.519349	0.517679	0.51579	0.51315	0.613784	0.530861	0.490534	0.491423	0.490758	0.56008	0.524185	0.509597	0.514125	0.513851	0.520577	0.458245	0.461326	0.459196	0.463431	0.464906	0.464319	0.94747	0.942314	0.941488	0.943375	0.941676	0.942125	0.483659	0.459607	0.453613	0.456719	0.454812	0.460309	0.496009	0.493216	0.50534	0.501126	0.501511	0.500461
ERR605518-k20-n1-x5e9	0.375499	0.483251	0.388937	0.366317	0.371272	0.36874	0.252956	0.251508	0.253853	0	0.250063	0.250101	0.443936	0.330032	0.61449	0.330478	0.368048	0.365393	0.402971	0.403151	0.541616	0.347832	0.352853	0.353307	0.398637	0.361086	0.361765	0.373567	0.371208	0.378202	0.352711	0.349048	0.360797	0.372192	0.370569	0.369785	0.482599	0.472694	0.491287	0.361594	0.363614	0.36359	0.412609	0.407991	0.414682	0.370053	0.371601	0.371405	0.504622	0.472869	0.472779	0.497888	0.495931	0.498056	0.492338	0.48613	0.486382	0.525267	0.523667	0.521365	0.51476	0.623003	0.535219	0.490536	0.491214	0.490406	0.569102	0.531388	0.51585	0.520294	0.52037	0.527765	0.455342	0.456324	0.454552	0.462747	0.463642	0.462824	0.950672	0.943725	0.942371	0.94457	0.942852	0.94326	0.491006	0.462373	0.454368	0.457202	0.45502	0.463176	0.492901	0.491296	0.510195	0.503171	0.503203	0.501657
ERR605519-k20-n1-x5e9	0.376785	0.486348	0.391145	0.36626	0.371873	0.368805	0.251479	0.25083	0.254571	0.250063	0	0.249954	0.44753	0.329398	0.617748	0.328921	0.367138	0.364679	0.406723	0.40716	0.545481	0.346675	0.352417	0.352879	0.399405	0.359968	0.360511	0.374919	0.372723	0.379823	0.355117	0.351466	0.363616	0.369634	0.367918	0.367324	0.486907	0.477015	0.495741	0.363706	0.365621	0.365627	0.415892	0.411061	0.418249	0.372289	0.373856	0.373506	0.507844	0.474995	0.474752	0.501261	0.499353	0.501596	0.493078	0.486713	0.486811	0.527563	0.526013	0.523704	0.517706	0.62627	0.538668	0.492334	0.493226	0.492445	0.571563	0.534028	0.518344	0.522987	0.523063	0.530275	0.454265	0.45523	0.453076	0.462371	0.463318	0.462464	0.951041	0.943894	0.942481	0.944715	0.942963	0.94338	0.49298	0.463744	0.455152	0.458177	0.455822	0.464416	0.49133	0.489965	0.510473	0.502276	0.502123	0.50068
ERR605520-k20-n1-x5e9	0.375821	0.483261	0.38912	0.366285	0.371266	0.368646	0.252823	0.251448	0.253818	0.250101	0.249954	0	0.443526	0.329665	0.614224	0.330094	0.367455	0.365023	0.402812	0.40304	0.541321	0.347178	0.352264	0.352889	0.397923	0.360705	0.361496	0.373146	0.370869	0.377589	0.352449	0.349073	0.360604	0.372215	0.370425	0.369914	0.482343	0.472495	0.490902	0.361326	0.363076	0.363178	0.412275	0.407638	0.414311	0.369702	0.371379	0.371148	0.504534	0.473101	0.472865	0.497917	0.496014	0.498088	0.492064	0.485823	0.486195	0.525077	0.523557	0.521373	0.514812	0.622905	0.535213	0.490354	0.491154	0.490288	0.568834	0.531223	0.515853	0.520114	0.520243	0.52751	0.455011	0.456136	0.454308	0.462555	0.463491	0.46261	0.950463	0.943581	0.942245	0.944423	0.942679	0.943082	0.490755	0.46226	0.454231	0.457098	0.455054	0.463105	0.49247	0.490906	0.509857	0.502746	0.502788	0.501319
ERR610037-k20-n1-x5e9	0.424733	0.341623	0.390984	0.447971	0.432284	0.440784	0.462417	0.447006	0.427485	0.443936	0.44753	0.443526	0	0.395649	0.423369	0.424431	0.376714	0.378532	0.332454	0.331464	0.380985	0.43885	0.416963	0.42111	0.373677	0.448866	0.464344	0.381243	0.387388	0.374628	0.396871	0.40807	0.392111	0.537335	0.534122	0.53296	0.356052	0.356511	0.362341	0.40202	0.40056	0.398441	0.34815	0.351797	0.348978	0.383934	0.382931	0.382696	0.475811	0.54128	0.543936	0.50376	0.50087	0.501308	0.487986	0.497947	0.496044	0.474932	0.474275	0.474848	0.512093	0.520554	0.499541	0.515616	0.516205	0.517958	0.499254	0.485299	0.484532	0.486527	0.485617	0.484782	0.52626	0.543393	0.543329	0.507002	0.512443	0.513354	0.9284	0.941591	0.945945	0.944874	0.943511	0.944363	0.452881	0.475432	0.488458	0.491046	0.492917	0.47657	0.574661	0.563794	0.51515	0.542905	0.545027	0.54912
ERR610038-k20-n1-x5e9	0.340053	0.453545	0.353161	0.330264	0.332347	0.330888	0.331108	0.329052	0.328164	0.330032	0.329398	0.329665	0.395649	0	0.585059	0.24266	0.276327	0.273243	0.393169	0.393781	0.535678	0.318293	0.322697	0.32234	0.349554	0.317274	0.322885	0.33316	0.330041	0.337793	0.348625	0.345354	0.358272	0.369756	0.367114	0.366231	0.480754	0.471936	0.491227	0.352551	0.354633	0.354531	0.406708	0.402256	0.410564	0.363218	0.364964	0.36442	0.512623	0.491012	0.490757	0.514777	0.513078	0.515649	0.447133	0.441757	0.439919	0.494613	0.49271	0.490281	0.514095	0.618568	0.533602	0.483957	0.484932	0.484011	0.562362	0.527132	0.511786	0.517243	0.516964	0.523198	0.414723	0.423487	0.421853	0.413437	0.416445	0.415949	0.932393	0.928883	0.928536	0.930194	0.928514	0.929071	0.467889	0.441191	0.432148	0.436916	0.433206	0.442638	0.463809	0.458559	0.469304	0.460069	0.460375	0.460288
ERR610039-k20-n1-x5e9	0.595441	0.462415	0.561714	0.616838	0.602348	0.61018	0.63103	0.617285	0.599598	0.61449	0.617748	0.614224	0.423369	0.585059	0	0.60854	0.555586	0.558216	0.495525	0.494523	0.415372	0.608509	0.588022	0.591762	0.540851	0.619104	0.632895	0.556901	0.562747	0.549537	0.569865	0.580862	0.563881	0.694188	0.691603	0.690602	0.467596	0.477536	0.467561	0.572147	0.570456	0.568585	0.503729	0.509644	0.504351	0.553165	0.551908	0.551877	0.589236	0.672997	0.675941	0.624153	0.621009	0.620803	0.624522	0.637354	0.63458	0.598769	0.598577	0.600299	0.635941	0.576157	0.613632	0.646722	0.647237	0.649507	0.571288	0.589111	0.59863	0.598566	0.597136	0.590433	0.670572	0.686803	0.686623	0.651378	0.656558	0.657643	0.970387	0.9907	0.996529	0.994528	0.993417	0.994257	0.579217	0.614773	0.630696	0.632562	0.635132	0.615361	0.708639	0.698949	0.647239	0.676106	0.67807	0.6823
ERR610040-k20-n1-x5e9	0.352158	0.480627	0.372803	0.334292	0.341182	0.337288	0.32752	0.329155	0.332364	0.330478	0.328921	0.330094	0.424431	0.24266	0.60854	0	0.29012	0.286293	0.417677	0.418668	0.560098	0.321215	0.331747	0.330419	0.366953	0.317482	0.319507	0.349554	0.345107	0.355285	0.359615	0.35438	0.370855	0.350496	0.348348	0.347739	0.503404	0.493899	0.513724	0.363143	0.365601	0.366177	0.427064	0.421962	0.431042	0.377454	0.379292	0.378715	0.524094	0.491096	0.490517	0.523266	0.521972	0.524685	0.458125	0.450745	0.44933	0.509762	0.507898	0.505156	0.522768	0.634337	0.545245	0.48925	0.490336	0.489257	0.575354	0.53931	0.523009	0.528448	0.528395	0.535221	0.41138	0.417037	0.414542	0.416085	0.418189	0.41714	0.938083	0.932196	0.93114	0.933144	0.931559	0.93203	0.481539	0.44988	0.438463	0.442695	0.438583	0.451246	0.459158	0.456163	0.480927	0.463938	0.463838	0.4625
ERR610041-k20-n1-x5e9	0.372854	0.430225	0.371301	0.365343	0.361596	0.363729	0.373233	0.365666	0.359713	0.368048	0.367138	0.367455	0.376714	0.276327	0.555586	0.29012	0	0.240614	0.392694	0.392773	0.515808	0.334866	0.331048	0.330725	0.338284	0.351091	0.36516	0.347488	0.345698	0.347636	0.38194	0.383732	0.391487	0.425863	0.423135	0.422412	0.478168	0.473219	0.490209	0.380425	0.382137	0.381418	0.40898	0.407028	0.415914	0.383572	0.385206	0.384694	0.519958	0.53267	0.533606	0.539512	0.534749	0.537554	0.456096	0.458618	0.451705	0.504357	0.502914	0.500932	0.544076	0.61338	0.554439	0.514122	0.515259	0.515076	0.556975	0.535627	0.524741	0.530931	0.529772	0.53035	0.443997	0.459085	0.454165	0.436981	0.444025	0.444303	0.927651	0.931576	0.933309	0.933672	0.931536	0.932435	0.470173	0.462706	0.459003	0.465012	0.461355	0.462647	0.488571	0.480081	0.470871	0.466309	0.467306	0.46914
ERR610042-k20-n1-x5e9	0.37167	0.432807	0.371032	0.363515	0.36019	0.361989	0.370571	0.363242	0.357501	0.365393	0.364679	0.365023	0.378532	0.273243	0.558216	0.286293	0.240614	0	0.393497	0.393673	0.518021	0.333782	0.330419	0.329845	0.339264	0.349233	0.362813	0.347115	0.345412	0.347806	0.380247	0.381835	0.390032	0.422295	0.419744	0.418844	0.479181	0.474196	0.491446	0.379102	0.380778	0.38006	0.409414	0.407556	0.41639	0.383	0.384581	0.384183	0.519508	0.530477	0.531375	0.538206	0.533633	0.5365	0.455764	0.457764	0.451011	0.504277	0.502837	0.500798	0.542763	0.614296	0.553763	0.512452	0.513505	0.513341	0.557914	0.535883	0.524618	0.530839	0.529687	0.530616	0.442058	0.45701	0.452093	0.435516	0.442426	0.442709	0.927851	0.931333	0.932911	0.933432	0.931292	0.932147	0.470391	0.461844	0.457923	0.463813	0.460281	0.462039	0.48683	0.478613	0.470589	0.46547	0.466476	0.468175
ERR609333-k20-n1-x5e9	0.368862	0.337946	0.340059	0.393087	0.377842	0.385686	0.421121	0.406826	0.388663	0.402971	0.406723	0.402812	0.332454	0.393169	0.495525	0.417677	0.392694	0.393497	0	0.25728	0.367655	0.356143	0.332845	0.338222	0.352374	0.405672	0.419472	0.348317	0.353288	0.344236	0.378506	0.387203	0.375454	0.505679	0.502223	0.50104	0.369016	0.364602	0.375261	0.369524	0.36812	0.366163	0.352362	0.353699	0.352694	0.367043	0.366579	0.366261	0.475696	0.518974	0.521019	0.493687	0.491826	0.492219	0.481977	0.487238	0.486713	0.478685	0.477101	0.477181	0.49841	0.540419	0.494522	0.497615	0.498374	0.499644	0.520727	0.496679	0.491875	0.493586	0.49305	0.495655	0.503612	0.5191	0.519841	0.486456	0.490811	0.491664	0.930682	0.93902	0.94225	0.941855	0.940576	0.941294	0.45996	0.467753	0.476093	0.478835	0.480024	0.469419	0.547571	0.537709	0.495271	0.520878	0.522968	0.526077
ERR609334-k20-n1-x5e9	0.370853	0.338175	0.34153	0.394976	0.379535	0.387688	0.421536	0.407092	0.389001	0.403151	0.40716	0.40304	0.331464	0.393781	0.494523	0.418668	0.392773	0.393673	0.25728	0	0.36674	0.357402	0.334221	0.33926	0.353559	0.407166	0.421203	0.349303	0.353974	0.34492	0.379501	0.388295	0.376363	0.507198	0.503815	0.502709	0.36902	0.364722	0.375208	0.370139	0.368998	0.366837	0.352703	0.353443	0.352939	0.367488	0.367246	0.366991	0.476375	0.519635	0.52178	0.494344	0.492571	0.492726	0.48299	0.488229	0.487918	0.479831	0.478147	0.478319	0.499608	0.540868	0.495535	0.498776	0.499559	0.500754	0.521213	0.49704	0.492377	0.494157	0.493452	0.496029	0.505366	0.520703	0.521424	0.488336	0.492811	0.493553	0.931211	0.939612	0.942755	0.942427	0.941051	0.941884	0.460672	0.468655	0.477173	0.479765	0.480972	0.469895	0.548702	0.538727	0.496259	0.521866	0.523969	0.527031
ERR609335-k20-n1-x5e9	0.512966	0.371921	0.475178	0.538271	0.521686	0.530673	0.560799	0.545504	0.525425	0.541616	0.545481	0.541321	0.380985	0.535678	0.415372	0.560098	0.515808	0.518021	0.367655	0.36674	0	0.509106	0.484187	0.489033	0.465557	0.548153	0.563207	0.479555	0.48647	0.471798	0.503412	0.515445	0.49688	0.639952	0.637009	0.635823	0.393964	0.400822	0.394679	0.496537	0.494614	0.492458	0.431595	0.437439	0.43199	0.482418	0.481298	0.481094	0.5299	0.614425	0.617534	0.563798	0.561541	0.561007	0.573005	0.584902	0.58316	0.544965	0.544156	0.545991	0.573026	0.528132	0.550276	0.586022	0.586748	0.588933	0.536578	0.539933	0.547058	0.546972	0.545312	0.541284	0.618043	0.635202	0.635361	0.597493	0.602846	0.604031	0.950644	0.969965	0.975745	0.973844	0.97277	0.973681	0.526702	0.560608	0.577265	0.579133	0.58212	0.561509	0.654905	0.644369	0.585698	0.619715	0.622033	0.626413
ERR609336-k20-n1-x5e9	0.330547	0.43992	0.342506	0.316287	0.317394	0.316925	0.350292	0.347578	0.345204	0.347832	0.346675	0.347178	0.43885	0.318293	0.608509	0.321215	0.334866	0.333782	0.356143	0.357402	0.509106	0	0.24927	0.248458	0.342964	0.318254	0.326535	0.335232	0.331996	0.338911	0.377842	0.376273	0.387621	0.398407	0.395585	0.39487	0.484562	0.475802	0.495363	0.35995	0.361866	0.361937	0.419446	0.415621	0.424571	0.379612	0.381141	0.380839	0.526267	0.515216	0.515417	0.535094	0.533751	0.536028	0.468743	0.465235	0.462234	0.515237	0.513303	0.511312	0.535106	0.628674	0.551983	0.504675	0.505858	0.505113	0.576654	0.546057	0.532963	0.537687	0.537019	0.541865	0.43364	0.444351	0.440933	0.432168	0.436237	0.435825	0.936097	0.934435	0.934762	0.935959	0.934517	0.935074	0.487358	0.46609	0.459015	0.463409	0.460007	0.467122	0.476528	0.471156	0.478173	0.467792	0.468525	0.468331
ERR609337-k20-n1-x5e9	0.326327	0.415013	0.329442	0.320229	0.316517	0.318446	0.358845	0.353139	0.347119	0.352853	0.352417	0.352264	0.416963	0.322697	0.588022	0.331747	0.331048	0.330419	0.332845	0.334221	0.484187	0.24927	0	0.246855	0.331483	0.325975	0.336963	0.327518	0.325298	0.329567	0.37372	0.374108	0.382052	0.417316	0.414306	0.413367	0.465205	0.457355	0.476182	0.356165	0.357611	0.357159	0.404342	0.401037	0.409311	0.371746	0.373116	0.372522	0.516647	0.51726	0.5178	0.528911	0.527624	0.529718	0.463529	0.462157	0.458962	0.504578	0.50269	0.501194	0.528461	0.613658	0.541983	0.501644	0.502661	0.502195	0.565347	0.536387	0.524697	0.529214	0.52841	0.532519	0.44053	0.453762	0.450823	0.434506	0.439251	0.439138	0.932065	0.932698	0.933716	0.934524	0.933084	0.933771	0.477936	0.46213	0.457783	0.462336	0.459463	0.463294	0.484796	0.477702	0.471426	0.46861	0.469831	0.470626
ERR609338-k20-n1-x5e9	0.328727	0.419602	0.333244	0.320756	0.317729	0.319551	0.358811	0.35355	0.347995	0.353307	0.352879	0.352889	0.42111	0.32234	0.591762	0.330419	0.330725	0.329845	0.338222	0.33926	0.489033	0.248458	0.246855	0	0.332993	0.32544	0.336229	0.329333	0.327226	0.332083	0.376372	0.376549	0.384885	0.415677	0.412715	0.411786	0.469414	0.4618	0.480539	0.358175	0.359672	0.359203	0.407966	0.404631	0.413037	0.374366	0.376064	0.375553	0.519917	0.519598	0.520121	0.532461	0.530888	0.533124	0.465433	0.463865	0.460456	0.507886	0.506015	0.504337	0.532241	0.61755	0.546086	0.504452	0.505625	0.505275	0.568282	0.539528	0.527643	0.53235	0.531664	0.535545	0.44052	0.453414	0.450259	0.435221	0.439933	0.439823	0.932729	0.93323	0.934165	0.934994	0.933541	0.934184	0.480557	0.464455	0.459593	0.464286	0.461155	0.465419	0.484109	0.477356	0.473047	0.468757	0.469936	0.470619
ERR608751-k20-n1-x5e9	0.344679	0.371714	0.332101	0.349428	0.339263	0.34458	0.408943	0.400017	0.387805	0.398637	0.399405	0.397923	0.373677	0.349554	0.540851	0.366953	0.338284	0.339264	0.352374	0.353559	0.465557	0.342964	0.331483	0.332993	0	0.297417	0.316032	0.260995	0.261384	0.258418	0.34888	0.35488	0.353769	0.443548	0.440153	0.438861	0.402451	0.396052	0.414083	0.333693	0.333325	0.332442	0.352832	0.351228	0.357838	0.34155	0.341959	0.341492	0.496796	0.524584	0.525965	0.519176	0.51741	0.51907	0.439295	0.444493	0.440577	0.467208	0.465902	0.464866	0.511278	0.571109	0.515432	0.492367	0.493514	0.493989	0.522292	0.498998	0.491542	0.495223	0.494111	0.495576	0.448476	0.466544	0.464187	0.434308	0.440225	0.440723	0.918749	0.92555	0.928498	0.928159	0.926948	0.927698	0.440235	0.440842	0.444557	0.448375	0.447071	0.441599	0.519768	0.51059	0.48713	0.494065	0.495294	0.497693
ERR608752-k20-n1-x5e9	0.321622	0.454892	0.341582	0.308413	0.312462	0.309666	0.360644	0.361024	0.361739	0.361086	0.359968	0.360705	0.448866	0.317274	0.619104	0.317482	0.351091	0.349233	0.405672	0.407166	0.548153	0.318254	0.325975	0.32544	0.297417	0	0.238513	0.273205	0.267651	0.280843	0.341642	0.336975	0.351261	0.354522	0.351634	0.350726	0.473055	0.462212	0.483715	0.327849	0.330049	0.330404	0.406012	0.40025	0.409383	0.355806	0.357533	0.356983	0.525929	0.495955	0.495268	0.524344	0.524194	0.526571	0.449687	0.442144	0.441946	0.495799	0.494257	0.491758	0.513273	0.625847	0.535486	0.483128	0.484418	0.483267	0.568385	0.531018	0.515966	0.520178	0.520149	0.527352	0.408491	0.416113	0.415294	0.408598	0.409789	0.40924	0.934051	0.928968	0.928462	0.930018	0.928922	0.929383	0.473307	0.441982	0.432353	0.435657	0.432286	0.443636	0.484518	0.480801	0.496764	0.485141	0.485046	0.48436
ERR608753-k20-n1-x5e9	0.32752	0.472608	0.352628	0.31217	0.319171	0.314625	0.359301	0.361926	0.364722	0.361765	0.360511	0.361496	0.464344	0.322885	0.632895	0.319507	0.36516	0.362813	0.419472	0.421203	0.563207	0.326535	0.336963	0.336229	0.316032	0.238513	0	0.286416	0.280317	0.294697	0.346458	0.340055	0.356444	0.34175	0.339124	0.338318	0.485876	0.474643	0.49614	0.334616	0.336676	0.337386	0.418347	0.412416	0.421243	0.364687	0.366252	0.365716	0.532756	0.492069	0.49093	0.526256	0.52655	0.529096	0.458092	0.448315	0.449422	0.504365	0.502664	0.50017	0.515087	0.635281	0.540036	0.484527	0.485586	0.484138	0.577314	0.537846	0.521705	0.525918	0.526173	0.534355	0.408102	0.412583	0.412564	0.411594	0.411516	0.41046	0.938981	0.931762	0.93056	0.932548	0.931484	0.931799	0.483129	0.447133	0.435546	0.438307	0.434618	0.448828	0.484485	0.48207	0.505421	0.491476	0.491138	0.489804
ERR608754-k20-n1-x5e9	0.318062	0.387872	0.31344	0.326414	0.318311	0.322012	0.382844	0.37561	0.366187	0.373567	0.374919	0.373146	0.381243	0.33316	0.556901	0.349554	0.347488	0.347115	0.348317	0.349303	0.479555	0.335232	0.327518	0.329333	0.260995	0.273205	0.286416	0	0.241694	0.243015	0.31799	0.321031	0.321565	0.412393	0.408886	0.40756	0.400174	0.390743	0.410254	0.30672	0.306636	0.305903	0.348603	0.345049	0.350859	0.322946	0.323679	0.322994	0.489509	0.493699	0.494539	0.496373	0.495799	0.497248	0.434983	0.43436	0.433764	0.460256	0.458796	0.457273	0.487873	0.575064	0.4989	0.470572	0.471503	0.471756	0.527274	0.493478	0.48225	0.485536	0.48544	0.490543	0.434184	0.447958	0.448198	0.42213	0.42549	0.425755	0.923942	0.925152	0.926652	0.927092	0.925906	0.926448	0.439887	0.425926	0.425913	0.428905	0.427814	0.427252	0.508922	0.501326	0.486959	0.493628	0.494646	0.496084
ERR608755-k20-n1-x5e9	0.317064	0.393933	0.314528	0.323537	0.316143	0.319575	0.379816	0.373143	0.364539	0.371208	0.372723	0.370869	0.387388	0.330041	0.562747	0.345107	0.345698	0.345412	0.353288	0.353974	0.48647	0.331996	0.325298	0.327226	0.261384	0.267651	0.280317	0.241694	0	0.243768	0.318914	0.321441	0.323339	0.406458	0.40292	0.401722	0.407411	0.397585	0.417508	0.307263	0.30749	0.307177	0.353329	0.349662	0.355796	0.324958	0.325522	0.325057	0.493709	0.49422	0.494641	0.499575	0.499132	0.500489	0.434986	0.43349	0.432894	0.46258	0.461095	0.459578	0.490283	0.580295	0.502661	0.471482	0.472391	0.472445	0.531115	0.496851	0.485216	0.488796	0.488372	0.493902	0.430182	0.443548	0.443711	0.419129	0.422344	0.422487	0.924146	0.924925	0.926293	0.92683	0.925572	0.926132	0.442221	0.426434	0.425415	0.428291	0.426914	0.427765	0.505523	0.498101	0.48644	0.491494	0.492327	0.493677
ERR608756-k20-n1-x5e9	0.322757	0.380515	0.315014	0.331953	0.322879	0.327342	0.388358	0.38025	0.369867	0.378202	0.379823	0.377589	0.374628	0.337793	0.549537	0.355285	0.347636	0.347806	0.344236	0.34492	0.471798	0.338911	0.329567	0.332083	0.258418	0.280843	0.294697	0.243015	0.243768	0	0.321541	0.325567	0.324509	0.421072	0.417515	0.416276	0.393739	0.384283	0.403607	0.309552	0.309243	0.308538	0.344752	0.341456	0.346871	0.323435	0.324078	0.323454	0.487986	0.497372	0.498235	0.496766	0.495936	0.4971	0.435197	0.435603	0.434445	0.458235	0.456857	0.455441	0.488743	0.570363	0.497879	0.4725	0.473508	0.473911	0.523404	0.491018	0.480349	0.483826	0.483415	0.488166	0.437859	0.452462	0.45253	0.424767	0.428541	0.42884	0.922746	0.925017	0.926869	0.927088	0.92584	0.926458	0.43757	0.426812	0.427959	0.430983	0.430008	0.428071	0.512127	0.503988	0.486763	0.494953	0.495924	0.497682
ERR608561-k20-n1-x5e9	0.350721	0.431911	0.35255	0.357883	0.35538	0.355988	0.362752	0.356678	0.348632	0.352711	0.355117	0.352449	0.396871	0.348625	0.569865	0.359615	0.38194	0.380247	0.378506	0.379501	0.503412	0.377842	0.37372	0.376372	0.34888	0.341642	0.346458	0.31799	0.318914	0.321541	0	0.25293	0.254145	0.35612	0.352608	0.351431	0.400063	0.388165	0.407795	0.304551	0.304326	0.304231	0.350395	0.345604	0.349961	0.320231	0.320815	0.320048	0.4681	0.454738	0.455183	0.461337	0.461184	0.46263	0.455021	0.451102	0.453587	0.468506	0.467389	0.466103	0.466989	0.571686	0.482408	0.454744	0.455167	0.455506	0.523167	0.48187	0.468484	0.470916	0.471652	0.479687	0.44057	0.44655	0.44837	0.436842	0.436898	0.436934	0.938207	0.93434	0.934362	0.935698	0.934526	0.934847	0.445026	0.422948	0.422253	0.422861	0.422884	0.42406	0.522404	0.517971	0.517058	0.521906	0.522449	0.522356
ERR608562-k20-n1-x5e9	0.348595	0.442572	0.354908	0.354107	0.353287	0.352936	0.35738	0.352758	0.34688	0.349048	0.351466	0.349073	0.40807	0.345354	0.580862	0.35438	0.383732	0.381835	0.387203	0.388295	0.515445	0.376273	0.374108	0.376549	0.35488	0.336975	0.340055	0.321031	0.321441	0.325567	0.25293	0	0.256197	0.342792	0.339451	0.338137	0.412295	0.40001	0.420316	0.306017	0.306129	0.306244	0.359501	0.354284	0.359298	0.323872	0.324625	0.32385	0.47417	0.451936	0.452116	0.464335	0.464566	0.465941	0.456718	0.450965	0.453991	0.473129	0.471886	0.470153	0.468971	0.580341	0.487098	0.454933	0.455494	0.455355	0.530422	0.487758	0.473526	0.476012	0.476757	0.485538	0.435964	0.440443	0.442574	0.434138	0.433347	0.433285	0.939814	0.934775	0.934388	0.935924	0.934754	0.93509	0.450341	0.424114	0.421443	0.421999	0.421684	0.425354	0.51853	0.514858	0.518639	0.521053	0.521551	0.521027
ERR608563-k20-n1-x5e9	0.355406	0.4284	0.354912	0.366016	0.362399	0.363494	0.371676	0.364828	0.355967	0.360797	0.363616	0.360604	0.392111	0.358272	0.563881	0.370855	0.391487	0.390032	0.375454	0.376363	0.49688	0.387621	0.382052	0.384885	0.353769	0.351261	0.356444	0.321565	0.323339	0.324509	0.254145	0.256197	0	0.36906	0.365724	0.364524	0.390259	0.378577	0.397706	0.306567	0.306013	0.305725	0.34592	0.341636	0.344749	0.320841	0.320773	0.320269	0.466219	0.455539	0.456105	0.458261	0.458344	0.459346	0.45979	0.456393	0.459276	0.467798	0.466544	0.465246	0.464658	0.566247	0.478428	0.455872	0.456294	0.456696	0.520574	0.479208	0.466534	0.46824	0.469193	0.477105	0.449574	0.455686	0.457982	0.444546	0.444471	0.444462	0.939145	0.935752	0.935888	0.93712	0.935966	0.93637	0.445659	0.425495	0.426335	0.426475	0.426856	0.426733	0.53056	0.526033	0.52246	0.529701	0.530258	0.530393
ERR608564-k20-n1-x5e9	0.406391	0.564896	0.441775	0.380773	0.397377	0.388098	0.3604	0.371283	0.384351	0.372192	0.369634	0.372215	0.537335	0.369756	0.694188	0.350496	0.425863	0.422295	0.505679	0.507198	0.639952	0.398407	0.417316	0.415677	0.443548	0.354522	0.34175	0.412393	0.406458	0.421072	0.35612	0.342792	0.36906	0	0.238046	0.238415	0.555564	0.543464	0.564558	0.394674	0.397777	0.399121	0.484566	0.477602	0.486899	0.422744	0.424775	0.424206	0.563656	0.486767	0.484047	0.544342	0.545072	0.54797	0.510667	0.495972	0.498637	0.558071	0.556735	0.553627	0.544971	0.681627	0.577473	0.510158	0.510506	0.508788	0.618366	0.5759	0.556913	0.560878	0.561916	0.571871	0.427845	0.417475	0.417469	0.449124	0.444772	0.443129	0.964782	0.950866	0.947488	0.95066	0.949481	0.949525	0.532665	0.485195	0.467167	0.468549	0.464381	0.486377	0.501569	0.505797	0.558248	0.533068	0.53182	0.527787
ERR608565-k20-n1-x5e9	0.402694	0.561363	0.437924	0.377467	0.393809	0.384633	0.358906	0.369635	0.382352	0.370569	0.367918	0.370425	0.534122	0.367114	0.691603	0.348348	0.423135	0.419744	0.502223	0.503815	0.637009	0.395585	0.414306	0.412715	0.440153	0.351634	0.339124	0.408886	0.40292	0.417515	0.352608	0.339451	0.365724	0.238046	0	0.23796	0.552603	0.540478	0.561539	0.391813	0.394677	0.396053	0.481412	0.474538	0.483776	0.419714	0.421802	0.421153	0.561507	0.485133	0.482628	0.542221	0.543099	0.546031	0.507834	0.493062	0.495873	0.555065	0.553765	0.550645	0.54237	0.679181	0.574919	0.507659	0.508006	0.506404	0.616387	0.573725	0.554825	0.558781	0.559837	0.569774	0.425582	0.415494	0.415773	0.446191	0.44193	0.440347	0.963688	0.949926	0.9466	0.94976	0.948572	0.948642	0.530084	0.482579	0.464833	0.466174	0.461995	0.483895	0.500459	0.504366	0.555835	0.531092	0.529912	0.525904
ERR608566-k20-n1-x5e9	0.401503	0.560114	0.436628	0.37649	0.392712	0.38364	0.358386	0.369033	0.381472	0.369785	0.367324	0.369914	0.53296	0.366231	0.690602	0.347739	0.422412	0.418844	0.50104	0.502709	0.635823	0.39487	0.413367	0.411786	0.438861	0.350726	0.338318	0.40756	0.401722	0.416276	0.351431	0.338137	0.364524	0.238415	0.23796	0	0.551126	0.539078	0.560181	0.390408	0.393302	0.394619	0.48021	0.473406	0.48254	0.418371	0.420583	0.419958	0.560401	0.484489	0.481915	0.54128	0.542118	0.545004	0.506685	0.49191	0.494788	0.553906	0.552612	0.549514	0.541496	0.678219	0.573899	0.506788	0.507215	0.50552	0.615278	0.572587	0.553593	0.557677	0.558635	0.568636	0.425053	0.415156	0.41528	0.4455	0.441142	0.43961	0.963328	0.949631	0.946316	0.949487	0.948289	0.948374	0.528842	0.481586	0.463867	0.465152	0.461077	0.482842	0.499976	0.503897	0.554959	0.530285	0.529088	0.52523
ERR608221-k20-n1-x5e9	0.44975	0.372778	0.418962	0.474391	0.4605	0.467815	0.501573	0.487467	0.46862	0.482599	0.486907	0.482343	0.356052	0.480754	0.467596	0.503404	0.478168	0.479181	0.369016	0.36902	0.393964	0.484562	0.465205	0.469414	0.402451	0.473055	0.485876	0.400174	0.407411	0.393739	0.400063	0.412295	0.390259	0.555564	0.552603	0.551126	0	0.270604	0.271986	0.3685	0.36575	0.364034	0.346059	0.349858	0.343496	0.390534	0.38867	0.388377	0.482375	0.542462	0.545375	0.498823	0.496994	0.496412	0.531341	0.538806	0.539504	0.501745	0.501648	0.50258	0.514652	0.519186	0.499491	0.52847	0.52863	0.530628	0.499126	0.48462	0.487108	0.486062	0.48592	0.485003	0.561857	0.574167	0.575415	0.546918	0.549827	0.550662	0.948776	0.958428	0.962242	0.96142	0.960186	0.960852	0.478282	0.498991	0.514594	0.514781	0.518051	0.499545	0.629129	0.621232	0.585796	0.609952	0.611657	0.613896
ERR608222-k20-n1-x5e9	0.439061	0.374544	0.409811	0.463347	0.450092	0.456992	0.491633	0.477755	0.459214	0.472694	0.477015	0.472495	0.356511	0.471936	0.477536	0.493899	0.473219	0.474196	0.364602	0.364722	0.400822	0.475802	0.457355	0.4618	0.396052	0.462212	0.474643	0.390743	0.397585	0.384283	0.388165	0.40001	0.378577	0.543464	0.540478	0.539078	0.270604	0	0.273147	0.355816	0.353171	0.351452	0.340441	0.343249	0.337513	0.380666	0.378885	0.3784	0.477825	0.533176	0.535776	0.491902	0.490796	0.490179	0.525052	0.531747	0.532754	0.496315	0.496125	0.496833	0.506647	0.520224	0.493154	0.519847	0.519899	0.522066	0.499053	0.480783	0.481531	0.480765	0.480572	0.481051	0.553083	0.564822	0.56618	0.538745	0.541212	0.541976	0.947734	0.956193	0.959716	0.959094	0.957909	0.958537	0.473461	0.491549	0.50617	0.506088	0.509595	0.491864	0.621998	0.614425	0.581054	0.604575	0.606172	0.60821
ERR608223-k20-n1-x5e9	0.45859	0.380061	0.4275	0.484271	0.470557	0.477703	0.510364	0.496405	0.477546	0.491287	0.495741	0.490902	0.362341	0.491227	0.467561	0.513724	0.490209	0.491446	0.375261	0.375208	0.394679	0.495363	0.476182	0.480539	0.414083	0.483715	0.49614	0.410254	0.417508	0.403607	0.407795	0.420316	0.397706	0.564558	0.561539	0.560181	0.271986	0.273147	0	0.378533	0.375679	0.373834	0.352878	0.356778	0.34978	0.398801	0.396747	0.396459	0.486971	0.546601	0.549312	0.501629	0.50009	0.499377	0.539051	0.546334	0.547384	0.507195	0.506828	0.508175	0.517906	0.51928	0.501816	0.533519	0.533616	0.535756	0.502783	0.488193	0.491089	0.489791	0.489605	0.488919	0.570422	0.582459	0.584065	0.555434	0.558022	0.559012	0.95151	0.961023	0.964847	0.963992	0.962787	0.963447	0.484897	0.505496	0.521085	0.52109	0.524721	0.506117	0.636863	0.62914	0.593047	0.618311	0.619888	0.622014
ERR608224-k20-n1-x5e9	0.335605	0.417687	0.337792	0.340325	0.337872	0.338571	0.371219	0.364665	0.3568	0.361594	0.363706	0.361326	0.40202	0.352551	0.572147	0.363143	0.380425	0.379102	0.369524	0.370139	0.496537	0.35995	0.356165	0.358175	0.333693	0.327849	0.334616	0.30672	0.307263	0.309552	0.304551	0.306017	0.306567	0.394674	0.391813	0.390408	0.3685	0.355816	0.378533	0	0.249084	0.249401	0.349309	0.34465	0.349888	0.319559	0.320245	0.319585	0.476755	0.468228	0.468755	0.473854	0.473562	0.474884	0.464319	0.461115	0.462494	0.479906	0.478813	0.477313	0.480826	0.579327	0.494978	0.467329	0.467551	0.46771	0.530045	0.491965	0.479101	0.48171	0.482088	0.489506	0.447282	0.453619	0.454293	0.444342	0.444804	0.444755	0.939766	0.936845	0.937167	0.938323	0.937076	0.93743	0.453689	0.434334	0.433621	0.435199	0.434648	0.435219	0.527989	0.523514	0.523464	0.526402	0.527056	0.526719
ERR608225-k20-n1-x5e9	0.335791	0.41612	0.337471	0.341312	0.338551	0.339466	0.373595	0.366584	0.358146	0.363614	0.365621	0.363076	0.40056	0.354633	0.570456	0.365601	0.382137	0.380778	0.36812	0.368998	0.494614	0.361866	0.357611	0.359672	0.333325	0.330049	0.336676	0.306636	0.30749	0.309243	0.304326	0.306129	0.306013	0.397777	0.394677	0.393302	0.36575	0.353171	0.375679	0.249084	0	0.2492	0.347878	0.343316	0.348085	0.319052	0.31986	0.318929	0.476578	0.469347	0.469937	0.473908	0.473564	0.47514	0.464641	0.461694	0.463437	0.479382	0.478238	0.476569	0.480865	0.578395	0.494446	0.467891	0.46806	0.468513	0.529363	0.491371	0.478651	0.481332	0.481692	0.488715	0.449187	0.455685	0.456443	0.44585	0.446397	0.446271	0.939798	0.937086	0.937509	0.938572	0.937372	0.937697	0.453496	0.434811	0.434736	0.435962	0.435641	0.435575	0.530205	0.525626	0.524496	0.528263	0.528876	0.528589
ERR608226-k20-n1-x5e9	0.335539	0.413828	0.336259	0.341632	0.338467	0.339684	0.373791	0.366663	0.358173	0.36359	0.365627	0.363178	0.398441	0.354531	0.568585	0.366177	0.381418	0.38006	0.366163	0.366837	0.492458	0.361937	0.357159	0.359203	0.332442	0.330404	0.337386	0.305903	0.307177	0.308538	0.304231	0.306244	0.305725	0.399121	0.396053	0.394619	0.364034	0.351452	0.373834	0.249401	0.2492	0	0.346467	0.341953	0.347003	0.318789	0.319305	0.318724	0.475799	0.469658	0.470289	0.473808	0.473315	0.474798	0.464223	0.461413	0.462865	0.478366	0.477295	0.475846	0.480129	0.576938	0.493291	0.467478	0.467711	0.468152	0.528192	0.490392	0.477779	0.480399	0.480639	0.487845	0.449392	0.45611	0.456971	0.445663	0.446276	0.446194	0.939165	0.936668	0.937184	0.938212	0.937013	0.93738	0.452137	0.434017	0.434102	0.435417	0.435201	0.435109	0.530324	0.525656	0.523489	0.527747	0.528472	0.528326
ERR607543-k20-n1-x5e9	0.394904	0.373071	0.373086	0.411812	0.400712	0.406538	0.428879	0.416645	0.400361	0.412609	0.415892	0.412275	0.34815	0.406708	0.503729	0.427064	0.40898	0.409414	0.352362	0.352703	0.431595	0.419446	0.404342	0.407966	0.352832	0.406012	0.418347	0.348603	0.353329	0.344752	0.350395	0.359501	0.34592	0.484566	0.481412	0.48021	0.346059	0.340441	0.352878	0.349309	0.347878	0.346467	0	0.263275	0.263979	0.283107	0.282044	0.282083	0.450367	0.494823	0.497232	0.466905	0.465083	0.46595	0.461343	0.467335	0.467137	0.453134	0.452421	0.452116	0.473625	0.519893	0.469408	0.474132	0.474738	0.476156	0.480327	0.454247	0.449139	0.450844	0.450592	0.452949	0.487396	0.500912	0.501129	0.473818	0.477528	0.478273	0.926392	0.932845	0.93578	0.935527	0.934215	0.934856	0.426024	0.436033	0.44705	0.448709	0.450607	0.436665	0.551301	0.543307	0.514826	0.532761	0.53413	0.536254
