	ERR608075-k20-n1-x5e9	ERR608076-k20-n1-x5e9	ERR608077-k20-n1-x5e9	ERR608078-k20-n1-x5e9	ERR608079-k20-n1-x5e9	ERR608080-k20-n1-x5e9	ERR610175-k20-n1-x5e9	ERR610176-k20-n1-x5e9	ERR610177-k20-n1-x5e9	ERR610178-k20-n1-x5e9	ERR610179-k20-n1-x5e9	ERR610180-k20-n1-x5e9	ERR607141-k20-n1-x5e9	ERR607142-k20-n1-x5e9	ERR607143-k20-n1-x5e9	ERR607144-k20-n1-x5e9	ERR607145-k20-n1-x5e9	ERR607146-k20-n1-x5e9	ERR605952-k20-n1-x5e9	ERR605953-k20-n1-x5e9	ERR605954-k20-n1-x5e9	ERR605955-k20-n1-x5e9	ERR605956-k20-n1-x5e9	ERR605957-k20-n1-x5e9	ERR605665-k20-n1-x5e9	ERR605666-k20-n1-x5e9	ERR605667-k20-n1-x5e9	ERR605668-k20-n1-x5e9	ERR605669-k20-n1-x5e9	ERR605670-k20-n1-x5e9	ERR608817-k20-n1-x5e9	ERR608818-k20-n1-x5e9	ERR608819-k20-n1-x5e9	ERR608820-k20-n1-x5e9	ERR608821-k20-n1-x5e9	ERR608822-k20-n1-x5e9	ERR609301-k20-n1-x5e9	ERR609302-k20-n1-x5e9	ERR609303-k20-n1-x5e9	ERR609304-k20-n1-x5e9	ERR609305-k20-n1-x5e9	ERR609306-k20-n1-x5e9	ERR605916-k20-n1-x5e9	ERR605917-k20-n1-x5e9	ERR605918-k20-n1-x5e9	ERR605919-k20-n1-x5e9	ERR605920-k20-n1-x5e9	ERR605921-k20-n1-x5e9	ERR605611-k20-n1-x5e9	ERR605612-k20-n1-x5e9	ERR605613-k20-n1-x5e9	ERR605614-k20-n1-x5e9	ERR605615-k20-n1-x5e9	ERR605616-k20-n1-x5e9	ERR605701-k20-n1-x5e9	ERR605702-k20-n1-x5e9	ERR605703-k20-n1-x5e9	ERR605704-k20-n1-x5e9	ERR605705-k20-n1-x5e9	ERR605706-k20-n1-x5e9	ERR607609-k20-n1-x5e9	ERR607610-k20-n1-x5e9	ERR607611-k20-n1-x5e9	ERR607612-k20-n1-x5e9	ERR607613-k20-n1-x5e9	ERR607614-k20-n1-x5e9	ERR608081-k20-n1-x5e9	ERR608082-k20-n1-x5e9	ERR608083-k20-n1-x5e9	ERR608084-k20-n1-x5e9	ERR608085-k20-n1-x5e9	ERR608086-k20-n1-x5e9	ERR606030-k20-n1-x5e9	ERR606031-k20-n1-x5e9	ERR606032-k20-n1-x5e9	ERR606033-k20-n1-x5e9	ERR606034-k20-n1-x5e9	ERR606035-k20-n1-x5e9	ERR605653-k20-n1-x5e9	ERR605654-k20-n1-x5e9	ERR605655-k20-n1-x5e9	ERR605656-k20-n1-x5e9	ERR605657-k20-n1-x5e9	ERR605658-k20-n1-x5e9	ERR605635-k20-n1-x5e9	ERR605636-k20-n1-x5e9	ERR605637-k20-n1-x5e9	ERR605638-k20-n1-x5e9	ERR605639-k20-n1-x5e9	ERR605640-k20-n1-x5e9	ERR608579-k20-n1-x5e9	ERR608580-k20-n1-x5e9	ERR608581-k20-n1-x5e9	ERR608582-k20-n1-x5e9	ERR608583-k20-n1-x5e9	ERR608584-k20-n1-x5e9
ERR608075-k20-n1-x5e9	0	0.280118	0.303117	0.335829	0.337023	0.333522	0.38151	0.551619	0.41291	0.370092	0.379528	0.370095	0.434739	0.430713	0.43023	0.446469	0.452932	0.443226	0.407068	0.377052	0.378514	0.360544	0.362985	0.362068	0.397252	0.38828	0.386269	0.381385	0.405153	0.400593	0.426054	0.354868	0.348436	0.391823	0.388107	0.398798	0.429647	0.43071	0.539037	0.425526	0.425177	0.428061	0.498584	0.516824	0.398801	0.401618	0.406325	0.41063	0.548519	0.557802	0.563272	0.561661	0.576558	0.575865	0.513252	0.51485	0.517621	0.514531	0.528209	0.526119	0.51635	0.534295	0.534356	0.532449	0.540825	0.541718	0.527368	0.516909	0.520795	0.534635	0.530901	0.531344	0.542077	0.489472	0.489083	0.502724	0.498252	0.499998	0.460699	0.465234	0.469255	0.471909	0.478907	0.477255	0.502684	0.509692	0.512491	0.512036	0.524534	0.52364	0.422701	0.371997	0.369137	0.370776	0.370148	0.371398
ERR608076-k20-n1-x5e9	0.280118	0	0.251187	0.275243	0.276217	0.273301	0.43023	0.618172	0.472349	0.419955	0.432509	0.419916	0.414935	0.412307	0.413482	0.415945	0.42012	0.414506	0.451726	0.36629	0.365152	0.386702	0.391064	0.390798	0.377588	0.379221	0.380957	0.373328	0.398798	0.395492	0.48852	0.396561	0.382653	0.453027	0.447896	0.461259	0.483506	0.48445	0.599235	0.440331	0.447643	0.449843	0.561792	0.580467	0.43123	0.437846	0.441924	0.445754	0.564072	0.576925	0.582897	0.582584	0.59739	0.596978	0.511347	0.519009	0.522771	0.520833	0.536492	0.534667	0.518907	0.54593	0.544608	0.543241	0.554052	0.555084	0.536616	0.520091	0.526196	0.549044	0.543241	0.543	0.570217	0.492531	0.490446	0.525514	0.520457	0.523576	0.484915	0.496831	0.502171	0.506702	0.515334	0.513961	0.504376	0.51724	0.521599	0.521238	0.537214	0.536356	0.477146	0.396595	0.386134	0.390305	0.390472	0.390827
ERR608077-k20-n1-x5e9	0.303117	0.251187	0	0.26044	0.261075	0.25886	0.455004	0.644256	0.498893	0.444805	0.457959	0.444598	0.416554	0.414454	0.416301	0.412548	0.415797	0.411904	0.472243	0.370307	0.368183	0.403617	0.408359	0.408503	0.376193	0.382103	0.38523	0.377068	0.401477	0.398941	0.514091	0.41781	0.402606	0.479367	0.473741	0.487668	0.506428	0.50731	0.622938	0.45028	0.460149	0.462011	0.587017	0.605648	0.448222	0.455916	0.459298	0.462966	0.573013	0.58701	0.592971	0.593601	0.607543	0.607295	0.514719	0.524411	0.528554	0.527314	0.542713	0.541292	0.524661	0.554414	0.552717	0.551691	0.563131	0.564229	0.545106	0.52685	0.533317	0.559502	0.55307	0.552563	0.583567	0.498448	0.49577	0.538455	0.533162	0.536696	0.499711	0.513703	0.519245	0.524538	0.533129	0.531814	0.509423	0.5241	0.529039	0.528935	0.545188	0.544454	0.500376	0.412719	0.400162	0.404975	0.405249	0.405361
ERR608078-k20-n1-x5e9	0.335829	0.275243	0.26044	0	0.241317	0.241646	0.497638	0.678026	0.540324	0.482864	0.496604	0.4829	0.439506	0.436199	0.440063	0.426613	0.429508	0.426807	0.484358	0.369522	0.366826	0.419845	0.423627	0.424761	0.360355	0.370462	0.376154	0.37006	0.382482	0.382292	0.534234	0.436558	0.421314	0.506697	0.500645	0.514946	0.528589	0.529595	0.646655	0.442766	0.457027	0.457575	0.614436	0.63236	0.458183	0.465066	0.466767	0.468859	0.569999	0.584969	0.591232	0.594428	0.602461	0.603101	0.504722	0.515774	0.520618	0.521681	0.531395	0.530806	0.519999	0.551246	0.549987	0.549838	0.561471	0.56294	0.544435	0.526034	0.530248	0.562554	0.557225	0.556285	0.585447	0.496716	0.49374	0.546159	0.539958	0.544684	0.516598	0.532591	0.538598	0.546624	0.548065	0.548142	0.502425	0.517863	0.523651	0.525214	0.536206	0.536241	0.513883	0.419785	0.40637	0.409594	0.410276	0.409215
ERR608079-k20-n1-x5e9	0.337023	0.276217	0.261075	0.241317	0	0.241389	0.498995	0.679282	0.541752	0.484245	0.497998	0.484384	0.440047	0.436785	0.44056	0.426907	0.429793	0.427233	0.485027	0.369691	0.366813	0.420577	0.424425	0.425558	0.360021	0.370381	0.376123	0.370004	0.382248	0.381919	0.535177	0.437533	0.422273	0.50791	0.501788	0.516019	0.529576	0.53046	0.647581	0.442944	0.457196	0.457713	0.615423	0.633361	0.458839	0.465552	0.467401	0.469255	0.570002	0.584875	0.591118	0.594412	0.602327	0.602979	0.504462	0.515515	0.520362	0.521532	0.531068	0.530393	0.519839	0.551176	0.54983	0.549755	0.561431	0.562885	0.544289	0.525788	0.529972	0.562489	0.557128	0.556215	0.585501	0.496467	0.493342	0.546333	0.540137	0.544738	0.517065	0.533056	0.539076	0.54723	0.548458	0.548622	0.502256	0.517702	0.523384	0.525104	0.535922	0.535947	0.514674	0.420409	0.407024	0.410094	0.410966	0.409884
ERR608080-k20-n1-x5e9	0.333522	0.273301	0.25886	0.241646	0.241389	0	0.495073	0.676202	0.537999	0.480582	0.494192	0.480478	0.437339	0.434134	0.437807	0.424895	0.427846	0.425082	0.482792	0.368515	0.365816	0.418268	0.421959	0.423197	0.360263	0.370263	0.375692	0.369646	0.382591	0.382213	0.532728	0.434902	0.419642	0.504994	0.498951	0.513172	0.527322	0.528178	0.645286	0.442339	0.456334	0.456897	0.61267	0.630619	0.456912	0.463756	0.465695	0.467773	0.569467	0.584424	0.590621	0.59368	0.602011	0.602611	0.504652	0.515507	0.520242	0.521217	0.531324	0.530651	0.519492	0.550636	0.549342	0.549167	0.560845	0.56228	0.543555	0.525151	0.529533	0.561465	0.556208	0.555228	0.584633	0.496015	0.492902	0.545088	0.539003	0.543688	0.515125	0.531084	0.537015	0.544929	0.546718	0.54672	0.502095	0.517571	0.523164	0.524711	0.536038	0.535965	0.51269	0.418667	0.405188	0.408463	0.409193	0.40815
ERR610175-k20-n1-x5e9	0.38151	0.43023	0.455004	0.497638	0.498995	0.495073	0	0.427294	0.276413	0.264832	0.263814	0.264185	0.47481	0.472748	0.468872	0.500211	0.506769	0.496508	0.427809	0.456389	0.458809	0.404981	0.410121	0.407595	0.499661	0.487057	0.480586	0.475027	0.5091	0.50333	0.408274	0.385246	0.386687	0.367263	0.367643	0.371129	0.40012	0.401601	0.476795	0.484668	0.473717	0.478698	0.431229	0.449328	0.425274	0.431092	0.437283	0.443974	0.574032	0.580049	0.583372	0.576782	0.602717	0.60002	0.566936	0.564961	0.565325	0.55876	0.580934	0.57769	0.56084	0.570586	0.569516	0.567534	0.573104	0.57344	0.563078	0.55732	0.562591	0.561981	0.557396	0.558465	0.563823	0.535211	0.53613	0.52495	0.525027	0.523432	0.470347	0.466001	0.465898	0.460847	0.48366	0.479341	0.552995	0.556219	0.556102	0.552656	0.573223	0.571124	0.421302	0.421528	0.424208	0.427853	0.426825	0.430017
ERR610176-k20-n1-x5e9	0.551619	0.618172	0.644256	0.678026	0.679282	0.676202	0.427294	0	0.379996	0.433853	0.419012	0.433049	0.650178	0.647503	0.64318	0.676957	0.683689	0.672784	0.522311	0.626374	0.629899	0.554994	0.554355	0.552121	0.661125	0.643559	0.636101	0.635504	0.654193	0.649538	0.444028	0.519345	0.533922	0.442385	0.448042	0.436316	0.470273	0.470246	0.412416	0.614334	0.595704	0.599636	0.398481	0.395053	0.550094	0.546036	0.55057	0.554544	0.656632	0.65199	0.652044	0.644181	0.662247	0.659418	0.685865	0.675485	0.673727	0.667604	0.678759	0.675831	0.674987	0.666178	0.668242	0.665892	0.664363	0.664139	0.665894	0.671943	0.672042	0.654561	0.655296	0.65763	0.619137	0.656335	0.659191	0.611309	0.61368	0.608838	0.58067	0.562963	0.558798	0.551579	0.561267	0.557698	0.67083	0.663317	0.660908	0.658307	0.665139	0.663707	0.483333	0.565408	0.577745	0.576717	0.57481	0.578035
ERR610177-k20-n1-x5e9	0.41291	0.472349	0.498893	0.540324	0.541752	0.537999	0.276413	0.379996	0	0.284221	0.276097	0.283625	0.513549	0.511239	0.506926	0.541073	0.547922	0.536978	0.436113	0.493633	0.496648	0.430901	0.434293	0.431599	0.535787	0.52076	0.513629	0.509726	0.539831	0.534312	0.397979	0.403505	0.410253	0.362155	0.364323	0.363401	0.396936	0.398114	0.44805	0.508983	0.494613	0.499567	0.404515	0.420139	0.443791	0.446967	0.453292	0.459673	0.586838	0.590011	0.592502	0.585248	0.610672	0.607674	0.59064	0.585976	0.58568	0.578954	0.598875	0.595619	0.582789	0.586947	0.586797	0.584465	0.588028	0.588063	0.581518	0.579559	0.58338	0.576831	0.573698	0.57514	0.568757	0.558199	0.559776	0.536211	0.536885	0.534472	0.486129	0.477199	0.475922	0.469592	0.490589	0.486162	0.575665	0.575666	0.574835	0.57152	0.589154	0.587164	0.418975	0.44695	0.453502	0.455634	0.454181	0.457515
ERR610178-k20-n1-x5e9	0.370092	0.419955	0.444805	0.482864	0.484245	0.480582	0.264832	0.433853	0.284221	0	0.260915	0.258966	0.471821	0.468822	0.465845	0.494716	0.501607	0.490964	0.406231	0.437444	0.440069	0.387497	0.39172	0.38974	0.478206	0.464658	0.458099	0.453565	0.484431	0.478989	0.392198	0.36698	0.369023	0.355815	0.355735	0.36032	0.386331	0.387708	0.471097	0.458424	0.447771	0.452454	0.42601	0.444505	0.403684	0.408579	0.414277	0.420333	0.555391	0.561486	0.564855	0.559482	0.582453	0.580264	0.54733	0.545094	0.545242	0.539554	0.559105	0.556056	0.543604	0.552698	0.552401	0.550519	0.556099	0.556601	0.54644	0.541437	0.545185	0.546701	0.543018	0.544064	0.545102	0.518359	0.519532	0.509917	0.509274	0.508255	0.457444	0.453769	0.453601	0.450628	0.468119	0.464591	0.533997	0.536761	0.536667	0.534014	0.551678	0.549964	0.400504	0.399827	0.403142	0.405657	0.404585	0.407551
ERR610179-k20-n1-x5e9	0.379528	0.432509	0.457959	0.496604	0.497998	0.494192	0.263814	0.419012	0.276097	0.260915	0	0.260739	0.481459	0.478591	0.475174	0.505313	0.512338	0.501654	0.409326	0.449433	0.452104	0.395367	0.399421	0.397204	0.491016	0.476838	0.469921	0.465654	0.496109	0.490681	0.388915	0.372668	0.376385	0.353415	0.353449	0.356814	0.38496	0.386343	0.462176	0.468139	0.456149	0.460934	0.416509	0.43434	0.409897	0.41431	0.420002	0.426102	0.559932	0.565173	0.568246	0.562364	0.585754	0.583405	0.55571	0.55248	0.552545	0.546452	0.565997	0.562833	0.550855	0.558245	0.558026	0.556203	0.560961	0.561351	0.552282	0.548383	0.551939	0.55105	0.54764	0.548815	0.547554	0.525953	0.527231	0.513828	0.513534	0.511977	0.462264	0.457057	0.456569	0.452866	0.470819	0.467084	0.541907	0.543553	0.543227	0.540378	0.557819	0.556085	0.400337	0.408301	0.412828	0.415065	0.414036	0.417233
ERR610180-k20-n1-x5e9	0.370095	0.419916	0.444598	0.4829	0.484384	0.480478	0.264185	0.433049	0.283625	0.258966	0.260739	0	0.471472	0.468479	0.465441	0.494259	0.501112	0.490509	0.407297	0.438339	0.44084	0.388353	0.392843	0.390681	0.478997	0.465697	0.459038	0.454361	0.485573	0.480059	0.393173	0.368188	0.369901	0.356632	0.356527	0.360816	0.387415	0.388835	0.471522	0.460163	0.449469	0.454126	0.426098	0.444733	0.405004	0.40984	0.415473	0.421675	0.556718	0.562909	0.566279	0.56075	0.58388	0.581583	0.548528	0.546222	0.546428	0.540639	0.560392	0.557299	0.544595	0.55387	0.553487	0.551828	0.557321	0.557839	0.547734	0.542596	0.546472	0.54779	0.544114	0.545237	0.545969	0.519256	0.520253	0.510783	0.510162	0.509139	0.458057	0.45447	0.454206	0.451056	0.468773	0.465267	0.535144	0.538103	0.537987	0.535311	0.553102	0.551315	0.401459	0.400975	0.404499	0.407175	0.40601	0.408973
ERR607141-k20-n1-x5e9	0.434739	0.414935	0.416554	0.439506	0.440047	0.437339	0.47481	0.650178	0.513549	0.471821	0.481459	0.471472	0	0.236871	0.237093	0.248379	0.251382	0.247304	0.488519	0.419042	0.418301	0.428099	0.43268	0.43178	0.460657	0.457605	0.45663	0.4476	0.483159	0.477757	0.552104	0.473432	0.461211	0.515762	0.511621	0.522906	0.512957	0.513189	0.620411	0.491271	0.492996	0.495973	0.584203	0.60274	0.471491	0.47922	0.483472	0.487795	0.55586	0.565291	0.570089	0.566289	0.588523	0.586207	0.540938	0.544127	0.546474	0.540244	0.563936	0.560809	0.533475	0.552437	0.550075	0.546743	0.554862	0.554462	0.539376	0.524754	0.535955	0.544923	0.537218	0.53708	0.565586	0.494405	0.493281	0.518073	0.513241	0.515452	0.53355	0.543862	0.54856	0.550933	0.56428	0.562765	0.528097	0.536354	0.538699	0.534524	0.55838	0.556014	0.53219	0.461795	0.451507	0.456255	0.457404	0.457916
ERR607142-k20-n1-x5e9	0.430713	0.412307	0.414454	0.436199	0.436785	0.434134	0.472748	0.647503	0.511239	0.468822	0.478591	0.468479	0.236871	0	0.237065	0.248637	0.252191	0.24717	0.481705	0.413186	0.412567	0.422235	0.426514	0.42555	0.454728	0.451297	0.45018	0.441576	0.476126	0.470826	0.546695	0.46789	0.455823	0.511031	0.506838	0.518196	0.507693	0.507984	0.616145	0.484095	0.486062	0.488743	0.580146	0.598734	0.465098	0.472487	0.476784	0.480865	0.549912	0.559203	0.564187	0.560566	0.582184	0.580042	0.535312	0.53823	0.540529	0.534531	0.55757	0.554502	0.528116	0.546641	0.544476	0.541115	0.549208	0.548749	0.534079	0.519833	0.53056	0.539801	0.532246	0.532089	0.559319	0.488821	0.487696	0.512774	0.507689	0.510105	0.529431	0.53963	0.544445	0.547238	0.559621	0.558054	0.522389	0.530239	0.532718	0.528685	0.551824	0.549495	0.525766	0.455379	0.44519	0.44974	0.450905	0.451296
ERR607143-k20-n1-x5e9	0.43023	0.413482	0.416301	0.440063	0.44056	0.437807	0.468872	0.64318	0.506926	0.465845	0.475174	0.465441	0.237093	0.237065	0	0.252242	0.255622	0.25021	0.481234	0.416184	0.415763	0.422045	0.426282	0.425215	0.45873	0.454692	0.453235	0.444562	0.480077	0.474663	0.545028	0.467474	0.455603	0.508775	0.504673	0.515782	0.50542	0.505501	0.613085	0.486827	0.487924	0.490942	0.576388	0.594929	0.46524	0.472537	0.477065	0.481265	0.551473	0.56032	0.565134	0.561191	0.583573	0.581291	0.53854	0.541126	0.543344	0.537051	0.560558	0.55737	0.530601	0.548469	0.54633	0.542933	0.550738	0.550247	0.535805	0.521897	0.53289	0.540728	0.533279	0.533147	0.559749	0.491232	0.490107	0.512537	0.507699	0.509872	0.529439	0.539083	0.54367	0.54623	0.559297	0.557741	0.525199	0.53277	0.534949	0.530754	0.554447	0.552037	0.525117	0.456372	0.446597	0.451253	0.452163	0.452967
ERR607144-k20-n1-x5e9	0.446469	0.415945	0.412548	0.426613	0.426907	0.424895	0.500211	0.676957	0.541073	0.494716	0.505313	0.494259	0.248379	0.248637	0.252242	0	0.235176	0.235792	0.506458	0.417747	0.416462	0.443381	0.447696	0.447396	0.452035	0.45327	0.454318	0.445249	0.476439	0.472207	0.572261	0.489395	0.476233	0.538713	0.534193	0.546171	0.537264	0.537551	0.64607	0.494213	0.499695	0.501847	0.6119	0.630248	0.486359	0.493855	0.497323	0.500929	0.563641	0.575051	0.580521	0.578692	0.597196	0.595674	0.538839	0.544409	0.547559	0.542679	0.564056	0.561437	0.536022	0.558473	0.556316	0.553395	0.562719	0.5626	0.546801	0.530107	0.540565	0.555942	0.548613	0.54807	0.579377	0.498044	0.496221	0.533397	0.527651	0.530832	0.544918	0.557444	0.562616	0.566223	0.577195	0.576134	0.528487	0.538902	0.542245	0.538853	0.561096	0.559207	0.550227	0.47312	0.461161	0.465337	0.466853	0.466798
ERR607145-k20-n1-x5e9	0.452932	0.42012	0.415797	0.429508	0.429793	0.427846	0.506769	0.683689	0.547922	0.501607	0.512338	0.501112	0.251382	0.252191	0.255622	0.235176	0	0.236458	0.516269	0.424733	0.423119	0.45201	0.456443	0.456115	0.457959	0.460166	0.46167	0.452281	0.483458	0.47937	0.581231	0.498147	0.484782	0.547515	0.542986	0.554944	0.546459	0.546866	0.654315	0.503102	0.50884	0.510971	0.620479	0.638596	0.495783	0.503209	0.506624	0.510362	0.571988	0.583665	0.589008	0.587232	0.605837	0.604318	0.545294	0.551464	0.554808	0.550057	0.571437	0.568914	0.542947	0.566312	0.564044	0.561163	0.570703	0.570582	0.554343	0.537166	0.547786	0.563797	0.55641	0.555686	0.588342	0.505318	0.5033	0.54164	0.535891	0.53912	0.551339	0.564141	0.569471	0.572903	0.584202	0.583271	0.535437	0.546461	0.550036	0.546591	0.569062	0.567133	0.559891	0.482116	0.469938	0.474401	0.475947	0.475774
ERR607146-k20-n1-x5e9	0.443226	0.414506	0.411904	0.426807	0.427233	0.425082	0.496508	0.672784	0.536978	0.490964	0.501654	0.490509	0.247304	0.24717	0.25021	0.235792	0.236458	0	0.503403	0.416926	0.415584	0.439792	0.443982	0.443476	0.451867	0.452333	0.453779	0.444481	0.475787	0.471376	0.569141	0.487047	0.474097	0.535363	0.530883	0.542769	0.533751	0.534064	0.642339	0.493477	0.498445	0.500631	0.607807	0.626011	0.484133	0.490788	0.494466	0.498172	0.562702	0.573727	0.579388	0.577159	0.595881	0.594267	0.538747	0.543974	0.547368	0.54227	0.563474	0.560733	0.535865	0.558008	0.555946	0.552946	0.562106	0.561902	0.546245	0.529907	0.540381	0.554855	0.547793	0.547219	0.577379	0.497225	0.495526	0.530633	0.524826	0.527857	0.54233	0.55453	0.55991	0.563376	0.574104	0.573064	0.528033	0.538176	0.541857	0.538163	0.560199	0.558275	0.547544	0.471356	0.459847	0.463849	0.46531	0.465221
ERR605952-k20-n1-x5e9	0.407068	0.451726	0.472243	0.484358	0.485027	0.482792	0.427809	0.522311	0.436113	0.406231	0.409326	0.407297	0.488519	0.481705	0.481234	0.506458	0.516269	0.503403	0	0.344196	0.349004	0.285371	0.282081	0.28267	0.419976	0.395999	0.386194	0.389693	0.401794	0.396831	0.364758	0.34429	0.34998	0.362136	0.357716	0.365359	0.333841	0.333686	0.443666	0.351267	0.336759	0.339081	0.396849	0.414671	0.300606	0.299876	0.300593	0.30124	0.434947	0.432648	0.433868	0.432952	0.439271	0.438191	0.466786	0.452569	0.450204	0.445962	0.451805	0.448814	0.461481	0.450452	0.454203	0.451422	0.450023	0.4506	0.459942	0.467186	0.46411	0.457264	0.45907	0.460956	0.424402	0.444666	0.448038	0.423724	0.421742	0.422202	0.461779	0.458724	0.458515	0.468194	0.452886	0.454275	0.447236	0.436821	0.43396	0.43396	0.433349	0.432555	0.320411	0.324212	0.334452	0.330459	0.329165	0.330692
ERR605953-k20-n1-x5e9	0.377052	0.36629	0.370307	0.369522	0.369691	0.368515	0.456389	0.626374	0.493633	0.437444	0.449433	0.438339	0.419042	0.413186	0.416184	0.417747	0.424733	0.416926	0.344196	0	0.237584	0.283124	0.285251	0.287193	0.326137	0.320568	0.319909	0.316643	0.335189	0.331662	0.469912	0.379865	0.368303	0.44721	0.440517	0.454964	0.430111	0.430383	0.563742	0.343287	0.352843	0.353564	0.523426	0.543816	0.344843	0.353675	0.354209	0.355493	0.460015	0.472021	0.477482	0.481049	0.489232	0.489276	0.432098	0.433521	0.435827	0.434382	0.446889	0.444951	0.442342	0.45986	0.460122	0.458437	0.46657	0.467896	0.465174	0.45479	0.457233	0.479285	0.47575	0.475587	0.491769	0.422332	0.421655	0.460429	0.454585	0.459352	0.466164	0.478812	0.483467	0.493686	0.489939	0.490629	0.420807	0.427512	0.430444	0.430939	0.442068	0.441442	0.426195	0.337236	0.327425	0.329074	0.329718	0.328839
ERR605954-k20-n1-x5e9	0.378514	0.365152	0.368183	0.366826	0.366813	0.365816	0.458809	0.629899	0.496648	0.440069	0.452104	0.44084	0.418301	0.412567	0.415763	0.416462	0.423119	0.415584	0.349004	0.237584	0	0.286899	0.289466	0.291582	0.324861	0.32049	0.320063	0.316806	0.335123	0.331864	0.474067	0.382707	0.370845	0.451034	0.444336	0.458911	0.434252	0.434665	0.567888	0.34543	0.355505	0.356192	0.528177	0.548326	0.349005	0.357882	0.358491	0.360049	0.462359	0.474939	0.480379	0.484054	0.492342	0.492314	0.432575	0.434637	0.436994	0.435754	0.448346	0.446418	0.443107	0.461485	0.46161	0.459988	0.468412	0.469809	0.466861	0.4561	0.458591	0.481626	0.477919	0.477621	0.495147	0.423707	0.422912	0.463727	0.457747	0.462766	0.468184	0.481268	0.485869	0.496147	0.492662	0.493518	0.421833	0.429083	0.432143	0.432741	0.444086	0.44341	0.43056	0.340032	0.329699	0.331504	0.332342	0.331352
ERR605955-k20-n1-x5e9	0.360544	0.386702	0.403617	0.419845	0.420577	0.418268	0.404981	0.554994	0.430901	0.387497	0.395367	0.388353	0.428099	0.422235	0.422045	0.443381	0.45201	0.439792	0.285371	0.283124	0.286899	0	0.245333	0.245468	0.372338	0.353895	0.348288	0.346362	0.36837	0.362465	0.40682	0.34095	0.336849	0.383001	0.377437	0.389192	0.362833	0.362729	0.491904	0.345637	0.340398	0.343317	0.443864	0.464056	0.305586	0.307753	0.310509	0.313181	0.446751	0.45159	0.456037	0.454387	0.467282	0.465861	0.450212	0.443256	0.444071	0.438879	0.452163	0.449007	0.450257	0.453925	0.455246	0.45224	0.455922	0.456681	0.459157	0.457024	0.458783	0.46127	0.460317	0.461315	0.45607	0.426419	0.427921	0.426411	0.422353	0.424498	0.444875	0.448856	0.452369	0.460021	0.455595	0.455573	0.432757	0.430896	0.431593	0.429846	0.439316	0.438092	0.366534	0.316292	0.316414	0.315554	0.314816	0.315775
ERR605956-k20-n1-x5e9	0.362985	0.391064	0.408359	0.423627	0.424425	0.421959	0.410121	0.554355	0.434293	0.39172	0.399421	0.392843	0.43268	0.426514	0.426282	0.447696	0.456443	0.443982	0.282081	0.285251	0.289466	0.245333	0	0.24308	0.373931	0.35449	0.349079	0.347808	0.366703	0.361022	0.405848	0.343152	0.340218	0.383883	0.37838	0.389784	0.361968	0.361687	0.490184	0.345056	0.339803	0.342309	0.442145	0.462144	0.304878	0.304796	0.307534	0.309754	0.446365	0.450449	0.455272	0.453768	0.46494	0.46341	0.451375	0.443634	0.444494	0.439671	0.450816	0.44777	0.452433	0.455015	0.457062	0.453759	0.45721	0.457848	0.461587	0.460116	0.461237	0.463529	0.463013	0.463997	0.454633	0.428294	0.429887	0.426917	0.421925	0.423852	0.446512	0.449845	0.453298	0.461575	0.454605	0.454839	0.433749	0.431082	0.431999	0.430777	0.437598	0.436494	0.365718	0.318682	0.319683	0.318048	0.316887	0.318064
ERR605957-k20-n1-x5e9	0.362068	0.390798	0.408503	0.424761	0.425558	0.423197	0.407595	0.552121	0.431599	0.38974	0.397204	0.390681	0.43178	0.42555	0.425215	0.447396	0.456115	0.443476	0.28267	0.287193	0.291582	0.245468	0.24308	0	0.376323	0.35683	0.351458	0.34989	0.369752	0.363944	0.405392	0.343268	0.340182	0.382633	0.376994	0.388361	0.360858	0.360413	0.488657	0.347618	0.342119	0.344893	0.4403	0.460214	0.305883	0.305936	0.308788	0.311299	0.448036	0.452044	0.456766	0.454898	0.466689	0.465278	0.453626	0.446114	0.446971	0.441887	0.453468	0.450359	0.454408	0.457008	0.459027	0.455567	0.458971	0.45955	0.463207	0.461742	0.462921	0.464585	0.464162	0.46519	0.455821	0.429665	0.431456	0.427114	0.422209	0.424019	0.446281	0.449716	0.453176	0.460979	0.454674	0.454739	0.436002	0.433308	0.434215	0.43265	0.440215	0.438868	0.365926	0.320102	0.321272	0.319647	0.318586	0.319618
ERR605665-k20-n1-x5e9	0.397252	0.377588	0.376193	0.360355	0.360021	0.360263	0.499661	0.661125	0.535787	0.478206	0.491016	0.478997	0.460657	0.454728	0.45873	0.452035	0.457959	0.451867	0.419976	0.326137	0.324861	0.372338	0.373931	0.376323	0	0.245277	0.250058	0.248937	0.25532	0.254414	0.490913	0.400085	0.388694	0.474163	0.467274	0.481775	0.459829	0.460832	0.591502	0.34592	0.361875	0.361414	0.567118	0.585762	0.388043	0.395945	0.395366	0.395422	0.479552	0.494279	0.500718	0.50695	0.509623	0.510918	0.436259	0.442012	0.445686	0.447975	0.453902	0.453468	0.459894	0.482463	0.482833	0.482983	0.492518	0.494546	0.490836	0.479107	0.478417	0.510642	0.507759	0.507175	0.513854	0.436525	0.435297	0.486348	0.479741	0.485263	0.483064	0.497818	0.502851	0.514773	0.507512	0.50911	0.431686	0.441941	0.446344	0.449684	0.455371	0.455884	0.457046	0.367348	0.357468	0.357933	0.359138	0.356893
ERR605666-k20-n1-x5e9	0.38828	0.379221	0.382103	0.370462	0.370381	0.370263	0.487057	0.643559	0.52076	0.464658	0.476838	0.465697	0.457605	0.451297	0.454692	0.45327	0.460166	0.452333	0.395999	0.320568	0.32049	0.353895	0.35449	0.35683	0.245277	0	0.243118	0.243014	0.250952	0.248711	0.469285	0.382489	0.372544	0.453658	0.446903	0.461141	0.436019	0.436804	0.569393	0.330559	0.34332	0.343039	0.544044	0.562685	0.366647	0.373362	0.372803	0.372583	0.462799	0.475381	0.481816	0.487419	0.490203	0.491232	0.430452	0.432538	0.435941	0.437228	0.442997	0.442091	0.45112	0.469164	0.470207	0.469911	0.478052	0.480001	0.477987	0.468882	0.467671	0.495241	0.493222	0.492975	0.493494	0.426518	0.425937	0.468136	0.461548	0.466861	0.472371	0.485206	0.49012	0.502314	0.4934	0.494878	0.423209	0.430297	0.434143	0.437022	0.441494	0.442009	0.434035	0.350146	0.342189	0.341559	0.342721	0.340651
ERR605667-k20-n1-x5e9	0.386269	0.380957	0.38523	0.376154	0.376123	0.375692	0.480586	0.636101	0.513629	0.458099	0.469921	0.459038	0.45663	0.45018	0.453235	0.454318	0.46167	0.453779	0.386194	0.319909	0.320063	0.348288	0.349079	0.351458	0.250058	0.243118	0	0.242533	0.253304	0.25038	0.459783	0.374102	0.364808	0.444693	0.437953	0.45219	0.426178	0.427018	0.560374	0.324643	0.335677	0.335771	0.534983	0.554041	0.357719	0.365507	0.364881	0.364931	0.456861	0.468882	0.474146	0.479575	0.483268	0.484113	0.428705	0.429861	0.43201	0.432927	0.439604	0.438561	0.447378	0.463454	0.464538	0.464095	0.471694	0.473577	0.472029	0.463946	0.462624	0.488504	0.486342	0.4862	0.485048	0.422794	0.422484	0.461542	0.455359	0.460542	0.468942	0.481289	0.485144	0.497244	0.488582	0.490233	0.420761	0.426792	0.42929	0.432139	0.437109	0.437187	0.423723	0.341852	0.334526	0.334368	0.335329	0.333406
ERR605668-k20-n1-x5e9	0.381385	0.373328	0.377068	0.37006	0.370004	0.369646	0.475027	0.635504	0.509726	0.453565	0.465654	0.454361	0.4476	0.441576	0.444562	0.445249	0.452281	0.444481	0.389693	0.316643	0.316806	0.346362	0.347808	0.34989	0.248937	0.243014	0.242533	0	0.255819	0.252424	0.462889	0.374687	0.364641	0.445315	0.438645	0.452978	0.427493	0.428337	0.562204	0.329077	0.339991	0.340374	0.536386	0.555633	0.36014	0.368035	0.367678	0.368257	0.459677	0.472114	0.477781	0.482195	0.487846	0.488552	0.430046	0.432111	0.434453	0.434494	0.443499	0.442317	0.447938	0.465358	0.466194	0.465587	0.473606	0.475439	0.472938	0.46375	0.463447	0.489034	0.486423	0.486339	0.488602	0.42191	0.421411	0.461595	0.45533	0.460445	0.466962	0.479825	0.48401	0.495425	0.489034	0.490375	0.421647	0.428761	0.431523	0.433483	0.441092	0.441035	0.427731	0.343394	0.335258	0.335492	0.336723	0.334857
ERR605669-k20-n1-x5e9	0.405153	0.398798	0.401477	0.382482	0.382248	0.382591	0.5091	0.654193	0.539831	0.484431	0.496109	0.485573	0.483159	0.476126	0.480077	0.476439	0.483458	0.475787	0.401794	0.335189	0.335123	0.36837	0.366703	0.369752	0.25532	0.250952	0.253304	0.255819	0	0.242663	0.475287	0.394605	0.386799	0.465804	0.458824	0.4726	0.447395	0.448256	0.576931	0.330841	0.345044	0.344045	0.553979	0.571453	0.375887	0.378898	0.377102	0.375543	0.46753	0.479979	0.486137	0.493664	0.489255	0.491289	0.433164	0.434818	0.438	0.44138	0.438873	0.43876	0.457741	0.474398	0.476657	0.476865	0.48456	0.486694	0.485447	0.477504	0.473851	0.504323	0.503586	0.5033	0.496701	0.435719	0.435257	0.477438	0.470016	0.475628	0.483975	0.495908	0.50033	0.513843	0.497691	0.500264	0.428294	0.434428	0.438191	0.442895	0.438623	0.439861	0.4389	0.360193	0.354313	0.351855	0.352893	0.350334
ERR605670-k20-n1-x5e9	0.400593	0.395492	0.398941	0.382292	0.381919	0.382213	0.50333	0.649538	0.534312	0.478989	0.490681	0.480059	0.477757	0.470826	0.474663	0.472207	0.47937	0.471376	0.396831	0.331662	0.331864	0.362465	0.361022	0.363944	0.254414	0.248711	0.25038	0.252424	0.242663	0	0.47074	0.389769	0.381829	0.460373	0.453449	0.467209	0.441263	0.441964	0.5717	0.328183	0.341626	0.340564	0.548501	0.56623	0.370979	0.37384	0.37234	0.371044	0.46381	0.475928	0.482053	0.489051	0.485857	0.487615	0.431543	0.432615	0.43582	0.438671	0.437447	0.437072	0.454752	0.470968	0.473104	0.473066	0.48063	0.482803	0.481827	0.473988	0.470756	0.499908	0.499109	0.498908	0.492302	0.43197	0.431583	0.472147	0.464771	0.470323	0.479786	0.491594	0.49621	0.509404	0.493923	0.496382	0.425774	0.431548	0.435174	0.439424	0.436368	0.4374	0.434339	0.355836	0.350034	0.34764	0.348568	0.346234
ERR608817-k20-n1-x5e9	0.426054	0.48852	0.514091	0.534234	0.535177	0.532728	0.408274	0.444028	0.397979	0.392198	0.388915	0.393173	0.552104	0.546695	0.545028	0.572261	0.581231	0.569141	0.364758	0.469912	0.474067	0.40682	0.405848	0.405392	0.490913	0.469285	0.459783	0.462889	0.475287	0.47074	0	0.316657	0.332455	0.281804	0.282258	0.279784	0.34943	0.34973	0.401214	0.43064	0.413034	0.415903	0.365072	0.377881	0.377673	0.374913	0.376284	0.378277	0.500345	0.497477	0.497882	0.495416	0.503597	0.502275	0.525234	0.511763	0.509318	0.504514	0.511	0.508335	0.508165	0.495979	0.499574	0.498003	0.496029	0.49671	0.502608	0.511804	0.507844	0.496111	0.498448	0.500776	0.471038	0.505107	0.508564	0.473508	0.474131	0.472319	0.472041	0.461551	0.458917	0.462257	0.45313	0.453191	0.507132	0.497007	0.493518	0.493365	0.49368	0.492685	0.307356	0.371655	0.386227	0.383001	0.381206	0.38378
ERR608818-k20-n1-x5e9	0.354868	0.396561	0.41781	0.436558	0.437533	0.434902	0.385246	0.519345	0.403505	0.36698	0.372668	0.368188	0.473432	0.46789	0.467474	0.489395	0.498147	0.487047	0.34429	0.379865	0.382707	0.34095	0.343152	0.343268	0.400085	0.382489	0.374102	0.374687	0.394605	0.389769	0.316657	0	0.258597	0.295024	0.290225	0.302116	0.358082	0.359187	0.470768	0.366732	0.358185	0.360964	0.428339	0.448508	0.327373	0.332755	0.334824	0.338025	0.46956	0.474709	0.4774	0.477097	0.489225	0.488321	0.465748	0.458451	0.457647	0.45344	0.466313	0.463428	0.452371	0.454253	0.455601	0.454444	0.457832	0.458912	0.457289	0.457802	0.456781	0.459883	0.458577	0.459944	0.464718	0.447724	0.449884	0.445827	0.444166	0.445348	0.437559	0.438572	0.439339	0.445399	0.443416	0.443171	0.449391	0.44684	0.445253	0.445397	0.454236	0.452969	0.322166	0.299565	0.305056	0.304815	0.304093	0.305546
ERR608819-k20-n1-x5e9	0.348436	0.382653	0.402606	0.421314	0.422273	0.419642	0.386687	0.533922	0.410253	0.369023	0.376385	0.369901	0.461211	0.455823	0.455603	0.476233	0.484782	0.474097	0.34998	0.368303	0.370845	0.336849	0.340218	0.340182	0.388694	0.372544	0.364808	0.364641	0.386799	0.381829	0.332455	0.258597	0	0.30754	0.301966	0.315157	0.36724	0.36818	0.484938	0.363208	0.357194	0.359826	0.44311	0.463623	0.327876	0.335477	0.337479	0.340757	0.47015	0.476767	0.479795	0.479645	0.492947	0.491971	0.460763	0.455146	0.454653	0.450406	0.465001	0.462272	0.447948	0.453195	0.453942	0.452819	0.45719	0.458469	0.455063	0.453343	0.453298	0.459279	0.456906	0.458052	0.4698	0.443327	0.444896	0.446867	0.445149	0.446712	0.437536	0.440865	0.44212	0.448655	0.448283	0.448199	0.444892	0.444301	0.443211	0.443153	0.454202	0.452769	0.334847	0.296099	0.298594	0.299744	0.298873	0.300443
ERR608820-k20-n1-x5e9	0.391823	0.453027	0.479367	0.506697	0.50791	0.504994	0.367263	0.442385	0.362155	0.355815	0.353415	0.356632	0.515762	0.511031	0.508775	0.538713	0.547515	0.535363	0.362136	0.44721	0.451034	0.383001	0.383883	0.382633	0.474163	0.453658	0.444693	0.445315	0.465804	0.460373	0.281804	0.295024	0.30754	0	0.263648	0.264503	0.340046	0.340427	0.411854	0.426514	0.410153	0.413606	0.366524	0.383547	0.366207	0.366702	0.370149	0.373928	0.501279	0.500986	0.502413	0.498501	0.513947	0.512014	0.518568	0.507439	0.505637	0.499706	0.512717	0.509607	0.500889	0.494142	0.496102	0.493904	0.493811	0.494295	0.497511	0.502911	0.501854	0.491164	0.491292	0.493521	0.479808	0.493434	0.496425	0.466249	0.466716	0.465153	0.455051	0.446177	0.444883	0.445847	0.447148	0.445714	0.499758	0.492728	0.490218	0.488628	0.496758	0.495123	0.317271	0.357496	0.369066	0.367999	0.366169	0.369072
ERR608821-k20-n1-x5e9	0.388107	0.447896	0.473741	0.500645	0.501788	0.498951	0.367643	0.448042	0.364323	0.355735	0.353449	0.356527	0.511621	0.506838	0.504673	0.534193	0.542986	0.530883	0.357716	0.440517	0.444336	0.377437	0.37838	0.376994	0.467274	0.446903	0.437953	0.438645	0.458824	0.453449	0.282258	0.290225	0.301966	0.263648	0	0.265137	0.338999	0.339362	0.414963	0.419835	0.403887	0.407474	0.369456	0.386956	0.360112	0.360803	0.364238	0.367902	0.49691	0.496862	0.49845	0.494682	0.510008	0.508046	0.512569	0.501718	0.500171	0.494148	0.507154	0.503858	0.495573	0.48947	0.49139	0.489369	0.489536	0.489979	0.492872	0.497962	0.496937	0.487188	0.487161	0.489305	0.476591	0.48822	0.491223	0.462796	0.462963	0.461568	0.451938	0.443937	0.442571	0.444422	0.445118	0.443605	0.493995	0.487249	0.484709	0.483409	0.491292	0.489647	0.314666	0.351166	0.362289	0.361217	0.359325	0.362248
ERR608822-k20-n1-x5e9	0.398798	0.461259	0.487668	0.514946	0.516019	0.513172	0.371129	0.436316	0.363401	0.36032	0.356814	0.360816	0.522906	0.518196	0.515782	0.546171	0.554944	0.542769	0.365359	0.454964	0.458911	0.389192	0.389784	0.388361	0.481775	0.461141	0.45219	0.452978	0.4726	0.467209	0.279784	0.302116	0.315157	0.264503	0.265137	0	0.340972	0.341148	0.40627	0.43231	0.415434	0.418978	0.361661	0.377602	0.371251	0.371049	0.374335	0.378092	0.504172	0.503151	0.504465	0.500495	0.515532	0.513612	0.523286	0.511897	0.509995	0.504041	0.516416	0.513113	0.505684	0.497949	0.49996	0.497764	0.497347	0.497868	0.501816	0.507784	0.506446	0.494796	0.495136	0.497511	0.48104	0.498538	0.501573	0.468959	0.469628	0.467595	0.458414	0.448744	0.446824	0.447683	0.448548	0.447084	0.504545	0.49698	0.494252	0.492751	0.500034	0.498491	0.318233	0.364592	0.376568	0.375355	0.373464	0.376389
ERR609301-k20-n1-x5e9	0.429647	0.483506	0.506428	0.528589	0.529576	0.527322	0.40012	0.470273	0.396936	0.386331	0.38496	0.387415	0.512957	0.507693	0.50542	0.537264	0.546459	0.533751	0.333841	0.430111	0.434252	0.362833	0.361968	0.360858	0.459829	0.436019	0.426178	0.427493	0.447395	0.441263	0.34943	0.358082	0.36724	0.340046	0.338999	0.340972	0	0.259452	0.360555	0.363146	0.341552	0.345811	0.358866	0.374399	0.34284	0.342468	0.34461	0.346812	0.45667	0.453281	0.454741	0.450542	0.464559	0.462181	0.496723	0.482655	0.480464	0.474234	0.4855	0.482115	0.484876	0.473978	0.476802	0.473707	0.472207	0.472634	0.484304	0.491673	0.490062	0.478565	0.479422	0.481573	0.44104	0.467367	0.471029	0.43326	0.433365	0.431634	0.457858	0.449923	0.448364	0.45319	0.44802	0.447107	0.475678	0.465471	0.462558	0.460843	0.466135	0.464456	0.332256	0.364575	0.375632	0.373657	0.372217	0.374664
ERR609302-k20-n1-x5e9	0.43071	0.48445	0.50731	0.529595	0.53046	0.528178	0.401601	0.470246	0.398114	0.387708	0.386343	0.388835	0.513189	0.507984	0.505501	0.537551	0.546866	0.534064	0.333686	0.430383	0.434665	0.362729	0.361687	0.360413	0.460832	0.436804	0.427018	0.428337	0.448256	0.441964	0.34973	0.359187	0.36818	0.340427	0.339362	0.341148	0.259452	0	0.359812	0.364082	0.342397	0.346446	0.357342	0.372902	0.342796	0.342014	0.344174	0.346135	0.456824	0.453165	0.454648	0.450395	0.464113	0.461852	0.497455	0.483298	0.481137	0.474803	0.48594	0.482553	0.485739	0.474571	0.477265	0.474209	0.472472	0.473022	0.484709	0.492033	0.490445	0.478526	0.479638	0.481656	0.44117	0.46817	0.471813	0.43353	0.433507	0.431812	0.458819	0.450797	0.449394	0.454098	0.448707	0.447647	0.476214	0.465837	0.462875	0.461209	0.466185	0.464605	0.332645	0.365431	0.376417	0.374424	0.373078	0.375492
ERR609303-k20-n1-x5e9	0.539037	0.599235	0.622938	0.646655	0.647581	0.645286	0.476795	0.412416	0.44805	0.471097	0.462176	0.471522	0.620411	0.616145	0.613085	0.64607	0.654315	0.642339	0.443666	0.563742	0.567888	0.491904	0.490184	0.488657	0.591502	0.569393	0.560374	0.562204	0.576931	0.5717	0.401214	0.470768	0.484938	0.411854	0.414963	0.40627	0.360555	0.359812	0	0.504918	0.482393	0.485862	0.356236	0.352637	0.469456	0.464386	0.466452	0.467993	0.549758	0.54061	0.539866	0.533338	0.543478	0.540908	0.604204	0.58811	0.585021	0.578623	0.58583	0.582782	0.588672	0.570886	0.574298	0.571335	0.566549	0.566703	0.580002	0.591297	0.588826	0.567983	0.570398	0.573255	0.515783	0.575225	0.579188	0.523715	0.525876	0.521808	0.543603	0.528196	0.524404	0.524329	0.51823	0.516896	0.584822	0.571139	0.567174	0.565104	0.565501	0.564085	0.414651	0.493743	0.507644	0.504892	0.50333	0.505894
ERR609304-k20-n1-x5e9	0.425526	0.440331	0.45028	0.442766	0.442944	0.442339	0.484668	0.614334	0.508983	0.458424	0.468139	0.460163	0.491271	0.484095	0.486827	0.494213	0.503102	0.493477	0.351267	0.343287	0.34543	0.345637	0.345056	0.347618	0.34592	0.330559	0.324643	0.329077	0.330841	0.328183	0.43064	0.366732	0.363208	0.426514	0.419835	0.43231	0.363146	0.364082	0.504918	0	0.248982	0.248428	0.49845	0.517336	0.326964	0.33263	0.329114	0.327357	0.42093	0.42938	0.433193	0.439911	0.437786	0.438692	0.418068	0.411907	0.411825	0.412144	0.413516	0.412436	0.421051	0.424909	0.427889	0.427548	0.431599	0.43374	0.440292	0.439924	0.434495	0.453699	0.454422	0.45481	0.443424	0.412807	0.414876	0.43586	0.431412	0.435862	0.468723	0.476618	0.478974	0.492423	0.475276	0.478117	0.404454	0.402656	0.402613	0.405898	0.403366	0.403741	0.378329	0.31908	0.319293	0.315902	0.317007	0.315241
ERR609305-k20-n1-x5e9	0.425177	0.447643	0.460149	0.457027	0.457196	0.456334	0.473717	0.595704	0.494613	0.447771	0.456149	0.449469	0.492996	0.486062	0.487924	0.499695	0.50884	0.498445	0.336759	0.352843	0.355505	0.340398	0.339803	0.342119	0.361875	0.34332	0.335677	0.339991	0.345044	0.341626	0.413034	0.358185	0.357194	0.410153	0.403887	0.415434	0.341552	0.342397	0.482393	0.248982	0	0.247068	0.476726	0.495166	0.317489	0.322156	0.319111	0.317475	0.416147	0.421808	0.425055	0.430171	0.4297	0.43026	0.425059	0.416178	0.415276	0.414209	0.417032	0.415434	0.423897	0.422933	0.426312	0.425469	0.428077	0.429972	0.43772	0.439982	0.434661	0.447684	0.448855	0.449663	0.431057	0.414346	0.416955	0.426151	0.422423	0.426174	0.465107	0.470679	0.472212	0.485247	0.468009	0.470683	0.409468	0.404858	0.403806	0.406227	0.404173	0.404004	0.361124	0.315085	0.317995	0.314176	0.315112	0.313856
ERR609306-k20-n1-x5e9	0.428061	0.449843	0.462011	0.457575	0.457713	0.456897	0.478698	0.599636	0.499567	0.452454	0.460934	0.454126	0.495973	0.488743	0.490942	0.501847	0.510971	0.500631	0.339081	0.353564	0.356192	0.343317	0.342309	0.344893	0.361414	0.343039	0.335771	0.340374	0.344045	0.340564	0.415903	0.360964	0.359826	0.413606	0.407474	0.418978	0.345811	0.346446	0.485862	0.248428	0.247068	0	0.480321	0.498581	0.319608	0.324014	0.320711	0.318999	0.415677	0.421518	0.424898	0.430256	0.428737	0.429477	0.424239	0.415274	0.414545	0.413773	0.415694	0.414093	0.423251	0.422358	0.425765	0.425047	0.42755	0.42936	0.437643	0.439812	0.434198	0.447994	0.449216	0.449975	0.431585	0.414615	0.417338	0.427666	0.423929	0.427694	0.467291	0.472869	0.474687	0.487839	0.469775	0.472555	0.408582	0.403915	0.402988	0.40554	0.402508	0.402624	0.363557	0.316896	0.319341	0.315517	0.316417	0.314982
ERR605916-k20-n1-x5e9	0.498584	0.561792	0.587017	0.614436	0.615423	0.61267	0.431229	0.398481	0.404515	0.42601	0.416509	0.426098	0.584203	0.580146	0.576388	0.6119	0.620479	0.607807	0.396849	0.523426	0.528177	0.443864	0.442145	0.4403	0.567118	0.544044	0.534983	0.536386	0.553979	0.548501	0.365072	0.428339	0.44311	0.366524	0.369456	0.361661	0.358866	0.357342	0.356236	0.49845	0.476726	0.480321	0	0.276906	0.40104	0.395663	0.399313	0.40248	0.520004	0.510186	0.509516	0.501456	0.517277	0.513996	0.574249	0.557138	0.554244	0.54652	0.55702	0.553255	0.564101	0.545318	0.5483	0.544545	0.539442	0.539247	0.55243	0.56432	0.56308	0.537149	0.539525	0.542385	0.49489	0.550736	0.554668	0.495842	0.498637	0.493967	0.506187	0.489482	0.486289	0.485153	0.482464	0.480735	0.554073	0.5397	0.535958	0.532532	0.53659	0.534751	0.37526	0.45426	0.468511	0.466177	0.463957	0.467067
