	ERR608323-k20-n1-x5e9	ERR608324-k20-n1-x5e9	ERR608325-k20-n1-x5e9	ERR608326-k20-n1-x5e9	ERR608327-k20-n1-x5e9	ERR608328-k20-n1-x5e9	ERR609875-k20-n1-x5e9	ERR609876-k20-n1-x5e9	ERR609877-k20-n1-x5e9	ERR609878-k20-n1-x5e9	ERR609879-k20-n1-x5e9	ERR609880-k20-n1-x5e9	ERR609529-k20-n1-x5e9	ERR609530-k20-n1-x5e9	ERR609531-k20-n1-x5e9	ERR609532-k20-n1-x5e9	ERR609533-k20-n1-x5e9	ERR609534-k20-n1-x5e9	ERR609003-k20-n1-x5e9	ERR609004-k20-n1-x5e9	ERR609005-k20-n1-x5e9	ERR609006-k20-n1-x5e9	ERR609007-k20-n1-x5e9	ERR609008-k20-n1-x5e9	ERR606012-k20-n1-x5e9	ERR606013-k20-n1-x5e9	ERR606014-k20-n1-x5e9	ERR606015-k20-n1-x5e9	ERR606016-k20-n1-x5e9	ERR606017-k20-n1-x5e9	ERR607585-k20-n1-x5e9	ERR607586-k20-n1-x5e9	ERR607587-k20-n1-x5e9	ERR607588-k20-n1-x5e9	ERR607589-k20-n1-x5e9	ERR607590-k20-n1-x5e9	ERR605799-k20-n1-x5e9	ERR605800-k20-n1-x5e9	ERR605801-k20-n1-x5e9	ERR605802-k20-n1-x5e9	ERR605803-k20-n1-x5e9	ERR605804-k20-n1-x5e9	ERR608531-k20-n1-x5e9	ERR608532-k20-n1-x5e9	ERR608533-k20-n1-x5e9	ERR608534-k20-n1-x5e9	ERR608535-k20-n1-x5e9	ERR608536-k20-n1-x5e9	ERR608943-k20-n1-x5e9	ERR608944-k20-n1-x5e9	ERR608945-k20-n1-x5e9	ERR608946-k20-n1-x5e9	ERR608947-k20-n1-x5e9	ERR608948-k20-n1-x5e9	ERR608913-k20-n1-x5e9	ERR608914-k20-n1-x5e9	ERR608915-k20-n1-x5e9	ERR608916-k20-n1-x5e9	ERR608917-k20-n1-x5e9	ERR608918-k20-n1-x5e9	ERR607951-k20-n1-x5e9	ERR607952-k20-n1-x5e9	ERR607953-k20-n1-x5e9	ERR607954-k20-n1-x5e9	ERR607955-k20-n1-x5e9	ERR607956-k20-n1-x5e9	ERR608341-k20-n1-x5e9	ERR608342-k20-n1-x5e9	ERR608343-k20-n1-x5e9	ERR608344-k20-n1-x5e9	ERR608345-k20-n1-x5e9	ERR608346-k20-n1-x5e9	ERR607781-k20-n1-x5e9	ERR607782-k20-n1-x5e9	ERR607783-k20-n1-x5e9	ERR607784-k20-n1-x5e9	ERR607785-k20-n1-x5e9	ERR607786-k20-n1-x5e9	ERR607995-k20-n1-x5e9	ERR607996-k20-n1-x5e9	ERR607997-k20-n1-x5e9	ERR607998-k20-n1-x5e9	ERR607999-k20-n1-x5e9	ERR608000-k20-n1-x5e9	ERR607747-k20-n1-x5e9	ERR607748-k20-n1-x5e9	ERR607749-k20-n1-x5e9	ERR607750-k20-n1-x5e9	ERR607751-k20-n1-x5e9	ERR607752-k20-n1-x5e9	ERR608883-k20-n1-x5e9	ERR608884-k20-n1-x5e9	ERR608885-k20-n1-x5e9	ERR608886-k20-n1-x5e9	ERR608887-k20-n1-x5e9	ERR608888-k20-n1-x5e9
ERR608323-k20-n1-x5e9	0	1.03525	1.03691	1.03345	1.04225	1.03946	1.11688	1.11257	1.10958	1.08548	1.08604	1.08892	1.11634	1.11638	1.15905	1.10697	1.10775	1.11356	1.11181	1.09618	1.0944	1.09446	1.09535	1.09484	1.14893	1.10905	1.10834	1.13309	1.13166	1.13443	1.15869	1.13348	1.12575	1.15103	1.15018	1.15149	1.17016	1.1765	1.12161	1.1229	1.12281	1.12266	1.11757	1.09749	1.09368	1.08765	1.08737	1.08749	1.18882	1.18739	1.18768	1.20038	1.19975	1.19854	1.19565	1.19242	1.19237	1.20998	1.20928	1.20923	1.21493	1.20413	1.29207	1.20844	1.20809	1.20772	1.21793	1.2035	1.20027	1.20058	1.20074	1.20356	1.19936	1.21111	1.19905	1.21312	1.1998	1.19967	1.16281	1.15617	1.15557	1.16968	1.16788	1.16798	1.21271	1.20538	1.20487	1.20488	1.20515	1.20472	1.19213	1.19059	1.19033	1.20412	1.20387	1.20512
ERR608324-k20-n1-x5e9	1.03525	0	0.963757	0.958112	0.969266	0.966037	1.03148	1.02585	1.02266	0.985601	0.988385	0.99201	1.03081	1.03176	1.09684	1.02223	1.02314	1.02801	1.02563	0.999991	0.998512	0.999406	0.998952	0.99985	1.08561	1.02274	1.02208	1.06118	1.05855	1.06303	1.09873	1.06535	1.05415	1.08828	1.08739	1.0889	1.11283	1.12134	1.04184	1.04204	1.04304	1.04157	1.03775	1.0038	0.999593	0.991473	0.991143	0.991346	1.12576	1.12236	1.12203	1.13958	1.13883	1.13672	1.13435	1.1305	1.13008	1.15075	1.15001	1.14871	1.15865	1.14592	1.26094	1.15159	1.15103	1.15109	1.16144	1.14361	1.1406	1.14167	1.14159	1.14459	1.13905	1.15412	1.13826	1.15581	1.13993	1.13906	1.08753	1.07954	1.079	1.09904	1.09646	1.09462	1.15528	1.14744	1.14787	1.1473	1.14733	1.14739	1.12909	1.12669	1.12582	1.14515	1.1448	1.14544
ERR608325-k20-n1-x5e9	1.03691	0.963757	0	0.964206	0.975307	0.971032	1.04866	1.04347	1.04207	1.00937	1.01111	1.01565	1.05316	1.05299	1.11003	1.03826	1.0395	1.04637	1.04576	1.02246	1.02021	1.01999	1.02082	1.0203	1.09916	1.04224	1.03883	1.07796	1.0761	1.07956	1.11455	1.08024	1.07062	1.10228	1.10004	1.10352	1.1241	1.13161	1.05657	1.05801	1.05721	1.05819	1.05912	1.02341	1.01654	1.01091	1.011	1.01026	1.1398	1.13719	1.13842	1.15009	1.14966	1.14831	1.14667	1.14324	1.1439	1.16547	1.16454	1.16464	1.17159	1.15902	1.26805	1.16322	1.16318	1.16241	1.17714	1.15603	1.15294	1.15347	1.15357	1.15656	1.15197	1.16551	1.15202	1.16779	1.15285	1.15291	1.10785	1.0978	1.09641	1.11547	1.11316	1.11247	1.16722	1.15956	1.15999	1.16046	1.15965	1.16017	1.14347	1.14163	1.14163	1.15623	1.15594	1.15637
ERR608326-k20-n1-x5e9	1.03345	0.958112	0.964206	0	0.962573	0.958674	1.02563	1.02149	1.01596	0.977054	0.982737	0.98571	1.02591	1.02556	1.0911	1.01551	1.01543	1.02195	1.01953	0.994187	0.993075	0.993797	0.993646	0.994005	1.08047	1.01942	1.01848	1.05649	1.05309	1.05734	1.0919	1.05966	1.05017	1.08517	1.08292	1.08504	1.10922	1.11687	1.03682	1.03617	1.03701	1.03558	1.032	0.99979	0.995418	0.986553	0.986337	0.987232	1.12123	1.11916	1.1181	1.1362	1.13531	1.13473	1.13111	1.12724	1.1265	1.14737	1.14696	1.1466	1.15464	1.14153	1.25883	1.14826	1.14678	1.14772	1.15844	1.14184	1.13695	1.13843	1.13875	1.14056	1.13546	1.14966	1.13482	1.15253	1.13504	1.13505	1.08369	1.0772	1.07434	1.09502	1.09263	1.09222	1.15235	1.14454	1.14367	1.14327	1.14302	1.14344	1.12544	1.12262	1.12193	1.14226	1.14201	1.14295
ERR608327-k20-n1-x5e9	1.04225	0.969266	0.975307	0.962573	0	0.969596	1.03935	1.03413	1.03119	0.997756	0.999109	1.00291	1.03988	1.03927	1.10159	1.0264	1.02713	1.03424	1.03161	1.01121	1.01138	1.01207	1.01112	1.01218	1.09211	1.03321	1.03076	1.07198	1.06833	1.07135	1.10494	1.07251	1.06247	1.09344	1.09191	1.09409	1.11929	1.12679	1.0497	1.0507	1.04968	1.05028	1.05064	1.01554	1.01204	1.00439	1.00419	1.00365	1.13369	1.13144	1.13183	1.1473	1.14664	1.14571	1.14077	1.13668	1.13682	1.15988	1.15964	1.15859	1.16218	1.15224	1.26419	1.15741	1.15657	1.15558	1.16783	1.15042	1.14695	1.14838	1.14771	1.1505	1.14616	1.15945	1.14624	1.16159	1.14714	1.14629	1.09987	1.09013	1.08846	1.1111	1.10877	1.10827	1.16151	1.15399	1.15321	1.15315	1.15343	1.15276	1.13796	1.13721	1.13664	1.15229	1.15269	1.15319
ERR608328-k20-n1-x5e9	1.03946	0.966037	0.971032	0.958674	0.969596	0	1.03291	1.02743	1.02433	0.989067	0.990255	0.994414	1.03059	1.03106	1.09662	1.01835	1.02037	1.02724	1.02615	1.00468	1.00257	1.00303	1.00284	1.00269	1.08589	1.02642	1.02417	1.06561	1.06208	1.06649	1.09893	1.06684	1.05509	1.08913	1.0877	1.08894	1.11444	1.12325	1.04405	1.04431	1.04575	1.04459	1.04118	1.00774	1.00418	0.997635	0.997383	0.99621	1.12795	1.12696	1.12678	1.14321	1.14187	1.14065	1.13631	1.13437	1.13344	1.15441	1.15455	1.15353	1.15876	1.14776	1.26226	1.15327	1.15215	1.15144	1.16293	1.14595	1.14286	1.14422	1.1448	1.14539	1.14182	1.15511	1.14155	1.15812	1.14172	1.14192	1.09262	1.08348	1.08216	1.10453	1.10276	1.10109	1.15745	1.15022	1.15029	1.14981	1.14959	1.14965	1.13368	1.13108	1.13073	1.14906	1.1477	1.14854
ERR609875-k20-n1-x5e9	1.11688	1.03148	1.04866	1.02563	1.03935	1.03291	0	0.78068	0.771146	0.723719	0.727641	0.735798	0.942015	0.942517	1.02175	0.920095	0.922125	0.932693	0.935402	0.895369	0.892625	0.893117	0.894991	0.892913	0.95932	0.900549	0.900081	0.932589	0.930713	0.932039	1.04889	1.0043	0.98874	1.03158	1.02981	1.03303	1.00104	1.0091	0.914547	0.91421	0.913025	0.91475	0.981327	0.944629	0.936353	0.925413	0.924815	0.925247	1.0563	1.05431	1.055	1.07862	1.07693	1.07478	1.07271	1.06747	1.06758	1.10047	1.09903	1.09691	1.09546	1.08065	1.23101	1.08825	1.0857	1.085	1.09988	1.07524	1.07252	1.07248	1.07142	1.07509	1.07136	1.08965	1.0705	1.09236	1.074	1.07132	1.02427	1.01735	1.01404	1.03653	1.03541	1.03503	1.09437	1.08384	1.08362	1.08481	1.08522	1.08566	1.06186	1.06008	1.06014	1.0858	1.08455	1.08645
ERR609876-k20-n1-x5e9	1.11257	1.02585	1.04347	1.02149	1.03413	1.02743	0.78068	0	0.744861	0.707111	0.708481	0.718421	0.932573	0.930607	1.01538	0.912291	0.91396	0.923247	0.925943	0.884775	0.885598	0.882678	0.884458	0.885086	0.946008	0.88878	0.888056	0.921919	0.917174	0.921041	1.03969	0.995444	0.980021	1.02649	1.02589	1.02647	0.993761	0.999724	0.902055	0.901883	0.901783	0.899682	0.971002	0.934267	0.926763	0.913004	0.912675	0.909046	1.04961	1.04624	1.04585	1.07134	1.07068	1.06878	1.06584	1.06211	1.06046	1.08969	1.09013	1.08796	1.08966	1.07116	1.22656	1.08172	1.08199	1.0807	1.09074	1.06897	1.06261	1.06482	1.06677	1.06865	1.06228	1.0833	1.06223	1.08716	1.06308	1.06206	1.02004	1.00751	1.0038	1.028	1.0277	1.02625	1.08874	1.07726	1.07632	1.07509	1.07599	1.07618	1.05352	1.05233	1.0515	1.0789	1.07873	1.07974
ERR609877-k20-n1-x5e9	1.10958	1.02266	1.04207	1.01596	1.03119	1.02433	0.771146	0.744861	0	0.694835	0.694655	0.702985	0.924668	0.924193	1.01092	0.894861	0.897211	0.911649	0.915415	0.880419	0.884209	0.883014	0.881367	0.882259	0.936424	0.88032	0.87858	0.91318	0.909983	0.913609	1.03144	0.987417	0.9726	1.02192	1.02027	1.02342	0.987021	0.995859	0.890387	0.889552	0.887175	0.888961	0.961595	0.929199	0.921274	0.903082	0.902342	0.901138	1.04282	1.04185	1.03982	1.07055	1.06908	1.06689	1.05984	1.05379	1.05326	1.08693	1.08604	1.08482	1.08239	1.0649	1.22409	1.07586	1.07249	1.07382	1.08687	1.06283	1.05696	1.05949	1.05876	1.06179	1.05748	1.07919	1.05745	1.08524	1.05799	1.05763	1.01077	1.00023	0.995445	1.02448	1.02681	1.02387	1.08438	1.07045	1.06891	1.06877	1.0705	1.06963	1.04919	1.04854	1.04697	1.0784	1.07675	1.07861
ERR609878-k20-n1-x5e9	1.08548	0.985601	1.00937	0.977054	0.997756	0.989067	0.723719	0.707111	0.694835	0	0.624001	0.628879	0.874951	0.876331	0.975606	0.84677	0.848584	0.863519	0.867555	0.820486	0.823577	0.822591	0.822845	0.822407	0.928405	0.852416	0.850494	0.900095	0.893724	0.896352	1.00426	0.946151	0.926986	0.988317	0.985204	0.989748	0.972014	0.985282	0.861454	0.860739	0.860824	0.859442	0.920333	0.875065	0.867014	0.849005	0.848995	0.847842	0.993793	0.993141	0.992349	1.0258	1.02355	1.02132	1.01361	1.00605	1.00527	1.04856	1.04967	1.04697	1.04509	1.01852	1.20124	1.03234	1.02887	1.02982	1.05215	1.01885	1.00815	1.01192	1.01312	1.01829	1.00877	1.03838	1.00962	1.04267	1.01095	1.0101	0.962519	0.948204	0.94439	0.976069	0.979798	0.980106	1.04423	1.0247	1.02419	1.02357	1.02448	1.02447	1.00223	1.00156	1.00003	1.03585	1.03325	1.03596
ERR609879-k20-n1-x5e9	1.08604	0.988385	1.01111	0.982737	0.999109	0.990255	0.727641	0.708481	0.694655	0.624001	0	0.624425	0.880088	0.882086	0.974988	0.843242	0.843366	0.858125	0.870345	0.823622	0.819776	0.821071	0.820166	0.820263	0.923603	0.857181	0.853361	0.894653	0.888845	0.894396	1.00376	0.947233	0.929033	0.989956	0.98729	0.99053	0.975389	0.985136	0.865787	0.864818	0.863312	0.863821	0.919551	0.883221	0.872807	0.856833	0.854118	0.852996	0.995198	0.996566	0.993104	1.03025	1.0288	1.02739	1.01892	1.01368	1.01126	1.05491	1.05543	1.05342	1.04773	1.02318	1.20279	1.03731	1.0359	1.03578	1.05504	1.02504	1.01494	1.02012	1.02059	1.02446	1.01299	1.04137	1.01262	1.04554	1.01456	1.01246	0.968456	0.954838	0.949663	0.975305	0.977109	0.97615	1.04758	1.03208	1.03131	1.02898	1.02932	1.02963	1.00362	1.00291	0.999662	1.03837	1.03858	1.04013
ERR609880-k20-n1-x5e9	1.08892	0.99201	1.01565	0.98571	1.00291	0.994414	0.735798	0.718421	0.702985	0.628879	0.624425	0	0.88826	0.889314	0.977581	0.847898	0.849206	0.86349	0.877319	0.828912	0.827727	0.823727	0.827345	0.823726	0.927358	0.861446	0.859088	0.894887	0.891334	0.895292	1.00745	0.9527	0.934406	0.99265	0.990588	0.993484	0.976466	0.987299	0.868484	0.868256	0.868286	0.867551	0.922082	0.888841	0.877753	0.861795	0.861267	0.861452	1.00094	1.0001	0.997793	1.03455	1.03436	1.03141	1.02466	1.01919	1.01775	1.05654	1.05532	1.05506	1.05186	1.03023	1.20529	1.04268	1.03948	1.03886	1.05768	1.02955	1.02289	1.02548	1.02643	1.02891	1.02089	1.0465	1.01968	1.05099	1.02216	1.01861	0.967582	0.96315	0.958152	0.981029	0.980064	0.979963	1.05183	1.03815	1.0361	1.03625	1.03603	1.03693	1.00724	1.00551	1.00538	1.04334	1.04245	1.04457
ERR609529-k20-n1-x5e9	1.11634	1.03081	1.05316	1.02591	1.03988	1.03059	0.942015	0.932573	0.924668	0.874951	0.880088	0.88826	0	0.827698	0.923338	0.802328	0.802766	0.818143	0.938774	0.901082	0.898959	0.896823	0.899028	0.897516	1.00947	0.94033	0.939074	0.986525	0.980693	0.985995	1.03954	0.991937	0.981647	1.02246	1.01881	1.02511	1.04766	1.05665	0.957639	0.958956	0.956394	0.957462	0.974222	0.941359	0.931965	0.920831	0.920251	0.918915	1.05836	1.05458	1.05369	1.07676	1.07528	1.07503	1.0709	1.06721	1.06763	1.1051	1.1038	1.1022	1.09609	1.08089	1.23218	1.08884	1.08775	1.08689	1.10679	1.07931	1.07465	1.07696	1.07631	1.07873	1.07372	1.08988	1.07425	1.09353	1.07384	1.07389	1.03162	1.02299	1.01877	1.0433	1.04326	1.04175	1.09489	1.08612	1.08547	1.08401	1.0843	1.08449	1.06738	1.06464	1.06403	1.08809	1.08785	1.0894
ERR609530-k20-n1-x5e9	1.11638	1.03176	1.05299	1.02556	1.03927	1.03106	0.942517	0.930607	0.924193	0.876331	0.882086	0.889314	0.827698	0	0.922761	0.803088	0.80473	0.818864	0.93867	0.901444	0.900505	0.89882	0.899246	0.897792	1.00904	0.94058	0.938511	0.985644	0.980807	0.985231	1.04016	0.992609	0.983543	1.02408	1.01953	1.02613	1.04774	1.05748	0.957056	0.957416	0.956905	0.958328	0.97293	0.942164	0.932506	0.921562	0.920192	0.918191	1.0578	1.05577	1.05339	1.0767	1.07552	1.07373	1.07005	1.06703	1.06716	1.10498	1.10417	1.10268	1.09535	1.08114	1.23197	1.08828	1.08596	1.08673	1.107	1.07776	1.07444	1.07696	1.07643	1.07855	1.07252	1.08965	1.07174	1.09355	1.0738	1.07345	1.03102	1.0223	1.01984	1.04392	1.04383	1.04224	1.09424	1.08586	1.08429	1.08396	1.08456	1.08419	1.06829	1.06538	1.06449	1.08834	1.08816	1.08928
ERR609531-k20-n1-x5e9	1.15905	1.09684	1.11003	1.0911	1.10159	1.09662	1.02175	1.01538	1.01092	0.975606	0.974988	0.977581	0.923338	0.922761	0	0.906493	0.908128	0.916826	1.01273	0.995881	0.994439	0.994478	0.994425	0.994625	1.07518	1.0193	1.01785	1.05885	1.05479	1.05932	1.08823	1.06069	1.05067	1.08275	1.08129	1.08261	1.10765	1.11472	1.03692	1.03827	1.03787	1.03758	1.0451	1.01884	1.01483	1.00979	1.00855	1.00748	1.12329	1.12342	1.12185	1.14212	1.14142	1.14126	1.13614	1.13494	1.1322	1.15867	1.15835	1.15702	1.15312	1.14367	1.26231	1.15019	1.14854	1.14848	1.15815	1.14235	1.13831	1.14195	1.14154	1.1418	1.13739	1.15089	1.13785	1.15504	1.13779	1.13684	1.0979	1.09124	1.08667	1.11209	1.11186	1.11066	1.15517	1.14743	1.14657	1.14583	1.14631	1.14579	1.13382	1.1315	1.12947	1.15244	1.15177	1.15199
ERR609532-k20-n1-x5e9	1.10697	1.02223	1.03826	1.01551	1.0264	1.01835	0.920095	0.912291	0.894861	0.84677	0.843242	0.847898	0.802328	0.803088	0.906493	0	0.75021	0.764256	0.907719	0.874043	0.877016	0.876615	0.875183	0.876279	0.988704	0.922339	0.919947	0.968574	0.963857	0.967854	1.0115	0.974681	0.961921	1.00779	1.00376	1.00762	1.0404	1.04942	0.939122	0.939115	0.935642	0.935464	0.948114	0.919662	0.911395	0.895929	0.895275	0.891684	1.03967	1.03955	1.03752	1.06829	1.06708	1.06661	1.05881	1.0534	1.05163	1.08587	1.08581	1.08316	1.07899	1.06477	1.22412	1.07753	1.07542	1.07529	1.08649	1.06886	1.05957	1.06421	1.06429	1.06731	1.05742	1.07634	1.05771	1.08143	1.05747	1.05686	1.01599	1.00628	1.00085	1.02722	1.02901	1.02715	1.08314	1.07117	1.06979	1.06845	1.06792	1.06818	1.05185	1.05137	1.04836	1.08006	1.07985	1.08005
ERR609533-k20-n1-x5e9	1.10775	1.02314	1.0395	1.01543	1.02713	1.02037	0.922125	0.91396	0.897211	0.848584	0.843366	0.849206	0.802766	0.80473	0.908128	0.75021	0	0.76496	0.908692	0.874905	0.877538	0.877778	0.876329	0.876794	0.989325	0.92319	0.921297	0.969031	0.964554	0.970146	1.01341	0.974581	0.962784	1.00757	1.00563	1.00831	1.04138	1.04987	0.940085	0.93904	0.938038	0.937195	0.949898	0.921327	0.915522	0.896466	0.896202	0.893926	1.04104	1.04019	1.03934	1.06886	1.06818	1.06698	1.05929	1.0551	1.05269	1.08707	1.08653	1.08512	1.08071	1.06639	1.22445	1.07796	1.07678	1.07587	1.08714	1.0692	1.06095	1.06604	1.06539	1.06853	1.0586	1.07863	1.05814	1.08259	1.05823	1.05852	1.01724	1.00695	1.00188	1.02894	1.02916	1.02769	1.08421	1.07218	1.07032	1.06879	1.06962	1.06875	1.05313	1.05225	1.05009	1.08104	1.08066	1.08101
ERR609534-k20-n1-x5e9	1.11356	1.02801	1.04637	1.02195	1.03424	1.02724	0.932693	0.923247	0.911649	0.863519	0.858125	0.86349	0.818143	0.818864	0.916826	0.764256	0.76496	0	0.918275	0.887914	0.888659	0.888518	0.886736	0.887111	0.998627	0.935401	0.931341	0.978728	0.974436	0.980051	1.02219	0.985304	0.971919	1.01601	1.01212	1.01512	1.05039	1.05525	0.954899	0.953667	0.951982	0.949537	0.96147	0.930199	0.926023	0.912324	0.911536	0.907858	1.05017	1.05129	1.04849	1.07696	1.07654	1.07475	1.0656	1.06573	1.06282	1.09558	1.09573	1.09337	1.08682	1.07574	1.22826	1.08379	1.08341	1.08218	1.09387	1.07525	1.07023	1.07538	1.076	1.07575	1.06843	1.08583	1.06866	1.08953	1.06851	1.06644	1.02538	1.01843	1.01308	1.03835	1.03968	1.0373	1.0919	1.0827	1.08048	1.07934	1.07924	1.07914	1.06236	1.06123	1.05856	1.08893	1.08763	1.08914
ERR609003-k20-n1-x5e9	1.11181	1.02563	1.04576	1.01953	1.03161	1.02615	0.935402	0.925943	0.915415	0.867555	0.870345	0.877319	0.938774	0.93867	1.01273	0.907719	0.908692	0.918275	0	0.772511	0.77606	0.773559	0.774285	0.772717	1.00411	0.94559	0.942942	0.986643	0.984072	0.988137	1.02505	0.98492	0.973366	1.0159	1.01281	1.01872	1.05997	1.0666	0.966759	0.967374	0.963776	0.963244	0.933123	0.911323	0.905315	0.891657	0.89141	0.890892	1.04719	1.04696	1.04358	1.0681	1.06639	1.06572	1.05403	1.05163	1.0507	1.08604	1.0855	1.08411	1.07204	1.06522	1.21466	1.07066	1.06888	1.06985	1.07905	1.05823	1.05582	1.05719	1.05682	1.05739	1.05723	1.06962	1.05899	1.07304	1.0574	1.05743	1.00632	1.00142	0.997298	1.02061	1.02259	1.02032	1.07581	1.06866	1.06571	1.06454	1.06556	1.06504	1.05044	1.04893	1.04787	1.07195	1.07142	1.07152
ERR609004-k20-n1-x5e9	1.09618	0.999991	1.02246	0.994187	1.01121	1.00468	0.895369	0.884775	0.880419	0.820486	0.823622	0.828912	0.901082	0.901444	0.995881	0.874043	0.874905	0.887914	0.772511	0	0.735316	0.739868	0.739205	0.739072	0.980986	0.903799	0.898162	0.956004	0.950691	0.956922	1.01153	0.961256	0.946124	1.00008	0.995779	1.00199	1.03573	1.04633	0.928882	0.928674	0.929072	0.929826	0.908463	0.866502	0.860484	0.850656	0.850765	0.851652	1.01762	1.01597	1.01378	1.03915	1.03757	1.03546	1.02598	1.02139	1.02166	1.05572	1.05519	1.05595	1.05317	1.03657	1.20111	1.04547	1.0439	1.0434	1.05785	1.02921	1.02462	1.02715	1.02706	1.03029	1.02756	1.04663	1.02815	1.05067	1.02737	1.03003	0.976518	0.964318	0.959204	0.991317	0.990009	0.989222	1.05375	1.04012	1.03917	1.03787	1.03873	1.03863	1.02013	1.01891	1.01734	1.04492	1.04341	1.04502
ERR609005-k20-n1-x5e9	1.0944	0.998512	1.02021	0.993075	1.01138	1.00257	0.892625	0.885598	0.884209	0.823577	0.819776	0.827727	0.898959	0.900505	0.994439	0.877016	0.877538	0.888659	0.77606	0.735316	0	0.734774	0.736584	0.735789	0.983097	0.902187	0.898978	0.954414	0.950923	0.955663	1.01598	0.961315	0.94534	1.00025	0.998087	1.00123	1.03339	1.04573	0.930763	0.931064	0.931306	0.933174	0.909869	0.865774	0.859775	0.853063	0.852604	0.855884	1.01505	1.01227	1.01178	1.03505	1.03461	1.03347	1.02549	1.02073	1.0207	1.05441	1.05431	1.05143	1.05569	1.03816	1.2011	1.04507	1.0427	1.04262	1.05651	1.02795	1.02798	1.02651	1.02609	1.0293	1.02734	1.04642	1.02761	1.05045	1.02894	1.02716	0.974425	0.960869	0.956009	0.989347	0.987252	0.98574	1.05138	1.03936	1.03894	1.03909	1.04019	1.03957	1.01744	1.0166	1.01574	1.04184	1.041	1.04294
ERR609006-k20-n1-x5e9	1.09446	0.999406	1.01999	0.993797	1.01207	1.00303	0.893117	0.882678	0.883014	0.822591	0.821071	0.823727	0.896823	0.89882	0.994478	0.876615	0.877778	0.888518	0.773559	0.739868	0.734774	0	0.735121	0.732817	0.982267	0.902549	0.899636	0.954795	0.951131	0.955466	1.01337	0.961381	0.944881	0.999144	0.996123	1.00025	1.03415	1.04566	0.930771	0.930132	0.931725	0.932122	0.908507	0.86717	0.861184	0.853814	0.851861	0.853362	1.01513	1.01447	1.01282	1.03771	1.03542	1.03382	1.02546	1.02215	1.02094	1.05641	1.05549	1.05387	1.05426	1.0398	1.20209	1.0448	1.04294	1.0432	1.05616	1.02991	1.02679	1.02799	1.02633	1.02895	1.02892	1.04573	1.02822	1.04983	1.02971	1.02649	0.975412	0.960912	0.956877	0.989923	0.988295	0.986109	1.05316	1.04024	1.03995	1.03906	1.04016	1.03964	1.0189	1.01766	1.01663	1.04369	1.04227	1.04325
ERR609007-k20-n1-x5e9	1.09535	0.998952	1.02082	0.993646	1.01112	1.00284	0.894991	0.884458	0.881367	0.822845	0.820166	0.827345	0.899028	0.899246	0.994425	0.875183	0.876329	0.886736	0.774285	0.739205	0.736584	0.735121	0	0.734042	0.98306	0.901788	0.898027	0.955151	0.950102	0.954576	1.01465	0.962165	0.944677	0.999601	0.996677	1.0014	1.03513	1.04581	0.931494	0.933096	0.931494	0.931799	0.911132	0.868215	0.859426	0.853556	0.853982	0.853298	1.01622	1.01402	1.01271	1.03815	1.03605	1.03437	1.02605	1.02147	1.02019	1.05627	1.05583	1.05504	1.0532	1.03872	1.2015	1.04538	1.04365	1.04297	1.0555	1.02872	1.02612	1.02736	1.02701	1.02948	1.02878	1.04599	1.028	1.05032	1.03001	1.02746	0.976301	0.961764	0.957459	0.99067	0.988339	0.987668	1.05183	1.0406	1.03912	1.03823	1.03992	1.03909	1.01916	1.01843	1.01744	1.04266	1.04285	1.04365
ERR609008-k20-n1-x5e9	1.09484	0.99985	1.0203	0.994005	1.01218	1.00269	0.892913	0.885086	0.882259	0.822407	0.820263	0.823726	0.897516	0.897792	0.994625	0.876279	0.876794	0.887111	0.772717	0.739072	0.735789	0.732817	0.734042	0	0.982331	0.902646	0.899819	0.954549	0.951084	0.954784	1.01249	0.96134	0.944549	0.999514	0.996715	1.00087	1.03374	1.04588	0.930099	0.930245	0.931061	0.931794	0.907826	0.867692	0.860369	0.854926	0.854061	0.854808	1.01457	1.01432	1.01234	1.0371	1.03514	1.03466	1.02458	1.02146	1.02115	1.05644	1.05495	1.05342	1.05418	1.03907	1.20186	1.04411	1.04245	1.04372	1.0562	1.02911	1.02713	1.02689	1.0267	1.02787	1.0285	1.04475	1.02788	1.04927	1.02899	1.02673	0.974538	0.962562	0.95675	0.989091	0.989319	0.986948	1.05228	1.03989	1.03855	1.03881	1.03972	1.04019	1.01881	1.01789	1.01585	1.04366	1.04227	1.04293
ERR606012-k20-n1-x5e9	1.14893	1.08561	1.09916	1.08047	1.09211	1.08589	0.95932	0.946008	0.936424	0.928405	0.923603	0.927358	1.00947	1.00904	1.07518	0.988704	0.989325	0.998627	1.00411	0.980986	0.983097	0.982267	0.98306	0.982331	0	0.85308	0.856063	0.87134	0.865996	0.869715	1.09144	1.06131	1.04997	1.08789	1.08669	1.08855	1.02088	1.02498	0.960757	0.9605	0.959617	0.958796	1.0153	0.999147	0.993395	0.984018	0.983765	0.982624	1.11719	1.11462	1.11333	1.14147	1.1403	1.13906	1.1313	1.12979	1.1272	1.1532	1.15268	1.1515	1.15179	1.13819	1.25673	1.14621	1.1451	1.1454	1.15287	1.13778	1.13242	1.1356	1.13644	1.13705	1.13086	1.14669	1.12966	1.15005	1.13114	1.12841	1.08604	1.08019	1.07654	1.09409	1.09495	1.09335	1.14945	1.13977	1.13883	1.13673	1.13806	1.1378	1.1213	1.11985	1.1182	1.1479	1.14704	1.14809
ERR606013-k20-n1-x5e9	1.10905	1.02274	1.04224	1.01942	1.03321	1.02642	0.900549	0.88878	0.88032	0.852416	0.857181	0.861446	0.94033	0.94058	1.0193	0.922339	0.92319	0.935401	0.94559	0.903799	0.902187	0.902549	0.901788	0.902646	0.85308	0	0.78595	0.821793	0.817272	0.822236	1.05338	1.00885	0.995218	1.03563	1.0328	1.03888	0.981333	0.988203	0.904636	0.906168	0.905781	0.903716	0.960473	0.923538	0.915787	0.902191	0.902247	0.902222	1.05952	1.05644	1.05567	1.07706	1.07499	1.07385	1.07318	1.0688	1.06798	1.10111	1.10115	1.09853	1.09916	1.08502	1.22927	1.0917	1.08897	1.08945	1.10482	1.07913	1.07437	1.07582	1.07652	1.07914	1.07364	1.09046	1.07558	1.09314	1.07539	1.07552	1.02511	1.01662	1.01627	1.0366	1.03633	1.03464	1.09308	1.08465	1.0844	1.08322	1.08426	1.08429	1.06689	1.06493	1.06445	1.0868	1.08641	1.08703
ERR606014-k20-n1-x5e9	1.10834	1.02208	1.03883	1.01848	1.03076	1.02417	0.900081	0.888056	0.87858	0.850494	0.853361	0.859088	0.939074	0.938511	1.01785	0.919947	0.921297	0.931341	0.942942	0.898162	0.898978	0.899636	0.898027	0.899819	0.856063	0.78595	0	0.820113	0.816357	0.820235	1.05205	1.00801	0.991792	1.03353	1.03062	1.03506	0.981704	0.988659	0.901938	0.902658	0.90289	0.902426	0.959113	0.91838	0.911201	0.89894	0.899118	0.89835	1.05808	1.05487	1.05419	1.07511	1.07471	1.07184	1.07023	1.06661	1.06705	1.09913	1.09817	1.09514	1.09871	1.08553	1.22841	1.09008	1.08837	1.08872	1.10314	1.07736	1.07367	1.07434	1.07414	1.0768	1.07361	1.08991	1.07271	1.09197	1.07634	1.07403	1.02379	1.01888	1.01759	1.03631	1.03309	1.03277	1.09337	1.08337	1.08331	1.08135	1.08396	1.0827	1.06495	1.06386	1.06398	1.08593	1.08472	1.08626
ERR606015-k20-n1-x5e9	1.13309	1.06118	1.07796	1.05649	1.07198	1.06561	0.932589	0.921919	0.91318	0.900095	0.894653	0.894887	0.986525	0.985644	1.05885	0.968574	0.969031	0.978728	0.986643	0.956004	0.954414	0.954795	0.955151	0.954549	0.87134	0.821793	0.820113	0	0.835523	0.839945	1.08073	1.03761	1.02475	1.07115	1.06951	1.07275	0.999666	1.00889	0.935739	0.934864	0.935198	0.934072	0.996777	0.968379	0.96386	0.949815	0.950186	0.949899	1.09056	1.0907	1.08995	1.1166	1.11588	1.11368	1.1099	1.10382	1.10241	1.13404	1.13345	1.13312	1.13583	1.11375	1.24618	1.12585	1.12355	1.12448	1.13814	1.11556	1.10634	1.10953	1.11007	1.11474	1.1035	1.12789	1.10332	1.13062	1.1053	1.1033	1.06387	1.05424	1.05165	1.07129	1.07155	1.07168	1.1301	1.11609	1.1162	1.11413	1.11487	1.11555	1.09864	1.09866	1.09722	1.12523	1.12455	1.12678
ERR606016-k20-n1-x5e9	1.13166	1.05855	1.0761	1.05309	1.06833	1.06208	0.930713	0.917174	0.909983	0.893724	0.888845	0.891334	0.980693	0.980807	1.05479	0.963857	0.964554	0.974436	0.984072	0.950691	0.950923	0.951131	0.950102	0.951084	0.865996	0.817272	0.816357	0.835523	0	0.835952	1.07897	1.03406	1.02165	1.06812	1.06659	1.06941	0.995696	1.00516	0.929933	0.928387	0.929999	0.929252	0.99449	0.964786	0.959364	0.946532	0.94707	0.94638	1.08768	1.08694	1.08694	1.11402	1.11303	1.11098	1.1071	1.10031	1.09928	1.13192	1.13172	1.13051	1.13298	1.11082	1.24486	1.12337	1.12092	1.12143	1.13523	1.11146	1.10284	1.10586	1.10716	1.11141	1.1003	1.12501	1.10021	1.12864	1.10168	1.09964	1.06168	1.05063	1.04799	1.06881	1.06878	1.06812	1.12755	1.1125	1.11226	1.11068	1.11244	1.11198	1.0968	1.09653	1.09516	1.12318	1.12194	1.12399
ERR606017-k20-n1-x5e9	1.13443	1.06303	1.07956	1.05734	1.07135	1.06649	0.932039	0.921041	0.913609	0.896352	0.894396	0.895292	0.985995	0.985231	1.05932	0.967854	0.970146	0.980051	0.988137	0.956922	0.955663	0.955466	0.954576	0.954784	0.869715	0.822236	0.820235	0.839945	0.835952	0	1.08081	1.03894	1.02394	1.07103	1.06806	1.0719	0.997317	1.0062	0.931192	0.931616	0.931911	0.930724	0.997992	0.969455	0.96353	0.951187	0.951316	0.950828	1.09095	1.09014	1.08925	1.11786	1.11676	1.11443	1.11066	1.10427	1.10341	1.13324	1.13264	1.13306	1.13554	1.11501	1.24673	1.12698	1.12472	1.12415	1.13899	1.11547	1.1067	1.10982	1.11044	1.11485	1.10355	1.12889	1.10364	1.1305	1.10493	1.10331	1.06419	1.05473	1.0517	1.07215	1.07174	1.07175	1.13031	1.11571	1.11608	1.11483	1.11555	1.11599	1.09866	1.0987	1.09784	1.1266	1.12485	1.12752
ERR607585-k20-n1-x5e9	1.15869	1.09873	1.11455	1.0919	1.10494	1.09893	1.04889	1.03969	1.03144	1.00426	1.00376	1.00745	1.03954	1.04016	1.08823	1.0115	1.01341	1.02219	1.02505	1.01153	1.01598	1.01337	1.01465	1.01249	1.09144	1.05338	1.05205	1.08073	1.07897	1.08081	0	0.983656	0.975683	1.01297	1.01149	1.01531	1.09627	1.10338	1.03552	1.03367	1.03257	1.03186	1.04709	1.03016	1.02377	1.01236	1.01156	1.01202	1.14431	1.14496	1.14402	1.16351	1.16347	1.16172	1.15149	1.15043	1.14875	1.1768	1.17599	1.17562	1.16762	1.15875	1.27119	1.16422	1.16298	1.16269	1.17556	1.15955	1.15679	1.1581	1.1581	1.15841	1.15371	1.16601	1.15394	1.17061	1.15299	1.15236	1.11178	1.10746	1.102	1.1225	1.12286	1.12288	1.17007	1.16224	1.16018	1.15935	1.1595	1.1593	1.14955	1.15028	1.14926	1.16876	1.16776	1.16916
ERR607586-k20-n1-x5e9	1.13348	1.06535	1.08024	1.05966	1.07251	1.06684	1.0043	0.995444	0.987417	0.946151	0.947233	0.9527	0.991937	0.992609	1.06069	0.974681	0.974581	0.985304	0.98492	0.961256	0.961315	0.961381	0.962165	0.96134	1.06131	1.00885	1.00801	1.03761	1.03406	1.03894	0.983656	0	0.926085	0.979862	0.979106	0.979744	1.06846	1.07757	0.992695	0.993343	0.992648	0.992071	1.00095	0.984156	0.977001	0.967133	0.966203	0.964259	1.10472	1.10201	1.09989	1.12836	1.1279	1.12718	1.11972	1.11749	1.11614	1.14212	1.14157	1.14072	1.13945	1.12559	1.25229	1.13431	1.13268	1.13299	1.14406	1.12633	1.12181	1.12561	1.12543	1.12553	1.11773	1.13518	1.11777	1.13858	1.11858	1.11758	1.06979	1.06373	1.05917	1.07853	1.0787	1.07841	1.13963	1.12968	1.12885	1.12754	1.12797	1.12767	1.10843	1.10597	1.10439	1.13496	1.13495	1.13543
ERR607587-k20-n1-x5e9	1.12575	1.05415	1.07062	1.05017	1.06247	1.05509	0.98874	0.980021	0.9726	0.926986	0.929033	0.934406	0.981647	0.983543	1.05067	0.961921	0.962784	0.971919	0.973366	0.946124	0.94534	0.944881	0.944677	0.944549	1.04997	0.995218	0.991792	1.02475	1.02165	1.02394	0.975683	0.926085	0	0.970592	0.965983	0.971511	1.05811	1.06878	0.9802	0.979498	0.977226	0.977454	0.988852	0.966857	0.959564	0.949191	0.948724	0.947517	1.09076	1.08948	1.08767	1.11751	1.117	1.11563	1.11088	1.10488	1.10402	1.13218	1.13174	1.13064	1.13057	1.11431	1.24728	1.12636	1.12344	1.12354	1.13545	1.11768	1.10971	1.11224	1.11274	1.11714	1.10518	1.12595	1.10491	1.12953	1.10604	1.10397	1.05835	1.05208	1.04837	1.06724	1.06669	1.06674	1.12948	1.1186	1.11798	1.11568	1.1164	1.116	1.09551	1.09543	1.09469	1.12467	1.12448	1.125
ERR607588-k20-n1-x5e9	1.15103	1.08828	1.10228	1.08517	1.09344	1.08913	1.03158	1.02649	1.02192	0.988317	0.989956	0.99265	1.02246	1.02408	1.08275	1.00779	1.00757	1.01601	1.0159	1.00008	1.00025	0.999144	0.999601	0.999514	1.08789	1.03563	1.03353	1.07115	1.06812	1.07103	1.01297	0.979862	0.970592	0	0.997111	1.00242	1.08661	1.09469	1.02395	1.02262	1.02138	1.02153	1.0407	1.00988	1.00808	1.00047	0.999751	0.999645	1.13276	1.13343	1.13191	1.14961	1.14847	1.14764	1.14283	1.13986	1.13856	1.16508	1.16493	1.1632	1.15862	1.1493	1.26556	1.15623	1.15376	1.1544	1.16555	1.14902	1.14492	1.14663	1.14656	1.14845	1.14281	1.15518	1.14382	1.1584	1.14322	1.14276	1.09987	1.0911	1.08761	1.11055	1.11172	1.11053	1.15943	1.15245	1.15091	1.15006	1.15031	1.15	1.13784	1.13736	1.13612	1.15542	1.15477	1.15519
ERR607589-k20-n1-x5e9	1.15018	1.08739	1.10004	1.08292	1.09191	1.0877	1.02981	1.02589	1.02027	0.985204	0.98729	0.990588	1.01881	1.01953	1.08129	1.00376	1.00563	1.01212	1.01281	0.995779	0.998087	0.996123	0.996677	0.996715	1.08669	1.0328	1.03062	1.06951	1.06659	1.06806	1.01149	0.979106	0.965983	0.997111	0	0.999667	1.08586	1.0942	1.02134	1.02035	1.01964	1.01927	1.03973	1.00764	1.00548	0.998653	0.997321	0.997657	1.13129	1.1312	1.13015	1.14879	1.14774	1.14679	1.14045	1.1386	1.1373	1.16318	1.16326	1.16151	1.15757	1.14911	1.26509	1.1543	1.15304	1.1524	1.16405	1.14771	1.14367	1.14541	1.14552	1.14661	1.14313	1.15442	1.14191	1.15842	1.14246	1.14154	1.09803	1.089	1.08501	1.11012	1.10919	1.10843	1.15876	1.15117	1.14991	1.14894	1.14919	1.14889	1.13693	1.13593	1.1361	1.15396	1.15366	1.15451
ERR607590-k20-n1-x5e9	1.15149	1.0889	1.10352	1.08504	1.09409	1.08894	1.03303	1.02647	1.02342	0.989748	0.99053	0.993484	1.02511	1.02613	1.08261	1.00762	1.00831	1.01512	1.01872	1.00199	1.00123	1.00025	1.0014	1.00087	1.08855	1.03888	1.03506	1.07275	1.06941	1.0719	1.01531	0.979744	0.971511	1.00242	0.999667	0	1.08839	1.09529	1.02347	1.02237	1.02235	1.0225	1.04224	1.01305	1.00889	1.00166	1.00112	1.00222	1.13402	1.13408	1.13285	1.14995	1.14916	1.1485	1.14272	1.14132	1.13942	1.16612	1.1659	1.16493	1.15976	1.14986	1.26643	1.15649	1.15495	1.15496	1.16729	1.14944	1.14584	1.14787	1.14822	1.14865	1.14356	1.15547	1.14342	1.15904	1.14369	1.14341	1.10199	1.09343	1.08909	1.11109	1.11182	1.11121	1.16	1.15257	1.15167	1.15057	1.15143	1.15069	1.13956	1.13909	1.137	1.15646	1.15571	1.15647
ERR605799-k20-n1-x5e9	1.17016	1.11283	1.1241	1.10922	1.11929	1.11444	1.00104	0.993761	0.987021	0.972014	0.975389	0.976466	1.04766	1.04774	1.10765	1.0404	1.04138	1.05039	1.05997	1.03573	1.03339	1.03415	1.03513	1.03374	1.02088	0.981333	0.981704	0.999666	0.995696	0.997317	1.09627	1.06846	1.05811	1.08661	1.08586	1.08839	0	0.948673	0.858417	0.860217	0.860645	0.860698	1.07043	1.04627	1.04443	1.03407	1.0334	1.0341	1.09449	1.0926	1.09237	1.11288	1.11266	1.11194	1.11622	1.11112	1.11161	1.13444	1.135	1.13411	1.1365	1.12395	1.25053	1.1308	1.12921	1.12866	1.13619	1.11796	1.11183	1.11493	1.11434	1.11657	1.10691	1.11942	1.10666	1.12014	1.1078	1.10709	1.07518	1.06923	1.06955	1.08322	1.08194	1.08131	1.12608	1.11674	1.11709	1.11687	1.11713	1.11787	1.10105	1.09862	1.09825	1.12055	1.12027	1.12107
ERR605800-k20-n1-x5e9	1.1765	1.12134	1.13161	1.11687	1.12679	1.12325	1.0091	0.999724	0.995859	0.985282	0.985136	0.987299	1.05665	1.05748	1.11472	1.04942	1.04987	1.05525	1.0666	1.04633	1.04573	1.04566	1.04581	1.04588	1.02498	0.988203	0.988659	1.00889	1.00516	1.0062	1.10338	1.07757	1.06878	1.09469	1.0942	1.09529	0.948673	0	0.876717	0.877687	0.877039	0.876514	1.08026	1.0545	1.05158	1.04574	1.04495	1.04496	1.10564	1.10508	1.1042	1.12167	1.12128	1.12084	1.12382	1.12156	1.12104	1.14363	1.14333	1.1425	1.14426	1.13253	1.25495	1.13829	1.13714	1.13654	1.14302	1.12536	1.12203	1.12452	1.12487	1.12576	1.11554	1.12705	1.11533	1.1293	1.11719	1.11591	1.08561	1.07992	1.07894	1.09468	1.09375	1.09315	1.13297	1.12655	1.12695	1.12496	1.1269	1.1255	1.11301	1.11165	1.11061	1.12945	1.12853	1.12932
ERR605801-k20-n1-x5e9	1.12161	1.04184	1.05657	1.03682	1.0497	1.04405	0.914547	0.902055	0.890387	0.861454	0.865787	0.868484	0.957639	0.957056	1.03692	0.939122	0.940085	0.954899	0.966759	0.928882	0.930763	0.930771	0.931494	0.930099	0.960757	0.904636	0.901938	0.935739	0.929933	0.931192	1.03552	0.992695	0.9802	1.02395	1.02134	1.02347	0.858417	0.876717	0	0.731995	0.730842	0.730157	0.983471	0.950812	0.943767	0.926981	0.926061	0.927601	0.99979	1.00218	1.00127	1.02828	1.02799	1.02782	1.03102	1.02208	1.02179	1.05666	1.05705	1.05559	1.05763	1.0378	1.20896	1.05071	1.04617	1.04677	1.05898	1.03246	1.0235	1.02707	1.02716	1.03112	1.01602	1.03637	1.0153	1.03762	1.01773	1.01532	0.987382	0.977788	0.976952	0.994655	0.995192	0.99524	1.04611	1.03157	1.03022	1.03014	1.0312	1.0306	1.01241	1.01074	1.01042	1.03734	1.03851	1.03847
ERR605802-k20-n1-x5e9	1.1229	1.04204	1.05801	1.03617	1.0507	1.04431	0.91421	0.901883	0.889552	0.860739	0.864818	0.868256	0.958956	0.957416	1.03827	0.939115	0.93904	0.953667	0.967374	0.928674	0.931064	0.930132	0.933096	0.930245	0.9605	0.906168	0.902658	0.934864	0.928387	0.931616	1.03367	0.993343	0.979498	1.02262	1.02035	1.02237	0.860217	0.877687	0.731995	0	0.723327	0.722882	0.983141	0.95097	0.94644	0.927774	0.927049	0.928	1.00211	1.00411	1.00281	1.0314	1.03115	1.02998	1.03156	1.02295	1.02358	1.05858	1.05867	1.0572	1.05817	1.03838	1.20972	1.05116	1.04665	1.04767	1.05986	1.03358	1.02486	1.02857	1.02879	1.03295	1.01708	1.03744	1.01808	1.03823	1.01857	1.01602	0.988715	0.979455	0.978104	0.995704	0.998349	0.998985	1.04725	1.03282	1.03149	1.03102	1.0324	1.03126	1.0144	1.01273	1.01205	1.03963	1.04057	1.04102
ERR605803-k20-n1-x5e9	1.12281	1.04304	1.05721	1.03701	1.04968	1.04575	0.913025	0.901783	0.887175	0.860824	0.863312	0.868286	0.956394	0.956905	1.03787	0.935642	0.938038	0.951982	0.963776	0.929072	0.931306	0.931725	0.931494	0.931061	0.959617	0.905781	0.90289	0.935198	0.929999	0.931911	1.03257	0.992648	0.977226	1.02138	1.01964	1.02235	0.860645	0.877039	0.730842	0.723327	0	0.722683	0.983962	0.950151	0.9449	0.927365	0.927229	0.925763	1.00099	1.00179	1.00091	1.03002	1.02908	1.02691	1.02832	1.02127	1.02158	1.05808	1.05799	1.05645	1.05646	1.03849	1.20887	1.04803	1.04606	1.0447	1.05732	1.03189	1.02404	1.02742	1.02722	1.0303	1.01625	1.03418	1.01482	1.03702	1.01575	1.01476	0.988033	0.977965	0.97639	0.995891	0.99794	0.998538	1.04544	1.03011	1.03019	1.02856	1.03057	1.0291	1.01328	1.01227	1.01184	1.04036	1.0376	1.04031
ERR605804-k20-n1-x5e9	1.12266	1.04157	1.05819	1.03558	1.05028	1.04459	0.91475	0.899682	0.888961	0.859442	0.863821	0.867551	0.957462	0.958328	1.03758	0.935464	0.937195	0.949537	0.963244	0.929826	0.933174	0.932122	0.931799	0.931794	0.958796	0.903716	0.902426	0.934072	0.929252	0.930724	1.03186	0.992071	0.977454	1.02153	1.01927	1.0225	0.860698	0.876514	0.730157	0.722882	0.722683	0	0.982183	0.949996	0.945084	0.926409	0.926472	0.92804	1.00083	1.00217	1.00088	1.0305	1.02846	1.02667	1.02755	1.02061	1.02032	1.05697	1.05771	1.05616	1.05505	1.03755	1.2087	1.04787	1.0447	1.0455	1.05796	1.03187	1.02336	1.02706	1.02725	1.03026	1.0142	1.03392	1.01518	1.03661	1.01537	1.0135	0.986703	0.977649	0.974866	0.99557	0.997966	0.999832	1.04375	1.02921	1.02893	1.02864	1.02896	1.02885	1.01236	1.01266	1.0115	1.03964	1.03754	1.04095
ERR608531-k20-n1-x5e9	1.11757	1.03775	1.05912	1.032	1.05064	1.04118	0.981327	0.971002	0.961595	0.920333	0.919551	0.922082	0.974222	0.97293	1.0451	0.948114	0.949898	0.96147	0.933123	0.908463	0.909869	0.908507	0.911132	0.907826	1.0153	0.960473	0.959113	0.996777	0.99449	0.997992	1.04709	1.00095	0.988852	1.0407	1.03973	1.04224	1.07043	1.08026	0.983471	0.983141	0.983962	0.982183	0	0.841573	0.837419	0.827139	0.8268	0.828362	1.05911	1.06031	1.0585	1.08434	1.08294	1.08167	1.07048	1.06641	1.06424	1.09725	1.09681	1.09627	1.1015	1.07977	1.2224	1.09188	1.0887	1.08958	1.10224	1.08028	1.073	1.07513	1.0767	1.07932	1.07138	1.09171	1.07067	1.09707	1.07013	1.06951	1.02691	1.01789	1.01385	1.03796	1.0369	1.03745	1.09871	1.08393	1.08192	1.08138	1.08191	1.08152	1.06867	1.06816	1.0675	1.09279	1.09232	1.09392
ERR608532-k20-n1-x5e9	1.09749	1.0038	1.02341	0.99979	1.01554	1.00774	0.944629	0.934267	0.929199	0.875065	0.883221	0.888841	0.941359	0.942164	1.01884	0.919662	0.921327	0.930199	0.911323	0.866502	0.865774	0.86717	0.868215	0.867692	0.999147	0.923538	0.91838	0.968379	0.964786	0.969455	1.03016	0.984156	0.966857	1.00988	1.00764	1.01305	1.04627	1.0545	0.950812	0.95097	0.950151	0.949996	0.841573	0	0.788169	0.775044	0.775605	0.776321	1.03268	1.02969	1.02951	1.05003	1.0485	1.04812	1.04285	1.03864	1.03911	1.06848	1.06789	1.06628	1.07326	1.06102	1.21161	1.06595	1.06507	1.06432	1.07727	1.05206	1.04871	1.04878	1.04977	1.05222	1.04863	1.06431	1.04818	1.06683	1.04977	1.04871	0.995677	0.990999	0.987541	1.00653	1.00503	1.0032	1.0698	1.05977	1.06057	1.0604	1.06112	1.06085	1.04048	1.03966	1.03925	1.05979	1.06115	1.06123
ERR608533-k20-n1-x5e9	1.09368	0.999593	1.01654	0.995418	1.01204	1.00418	0.936353	0.926763	0.921274	0.867014	0.872807	0.877753	0.931965	0.932506	1.01483	0.911395	0.915522	0.926023	0.905315	0.860484	0.859775	0.861184	0.859426	0.860369	0.993395	0.915787	0.911201	0.96386	0.959364	0.96353	1.02377	0.977001	0.959564	1.00808	1.00548	1.00889	1.04443	1.05158	0.943767	0.94644	0.9449	0.945084	0.837419	0.788169	0	0.766354	0.766358	0.763739	1.02691	1.02514	1.02435	1.04686	1.04528	1.04312	1.04026	1.03687	1.03692	1.06215	1.06154	1.06018	1.07202	1.05565	1.20944	1.06383	1.06204	1.06076	1.07325	1.04893	1.04413	1.04666	1.04698	1.04875	1.04177	1.06287	1.04185	1.06437	1.04425	1.04238	0.99274	0.981263	0.979275	1.00066	0.998563	0.998401	1.06748	1.05774	1.05876	1.05737	1.05713	1.05798	1.03555	1.0338	1.03369	1.05757	1.05734	1.05859
ERR608534-k20-n1-x5e9	1.08765	0.991473	1.01091	0.986553	1.00439	0.997635	0.925413	0.913004	0.903082	0.849005	0.856833	0.861795	0.920831	0.921562	1.00979	0.895929	0.896466	0.912324	0.891657	0.850656	0.853063	0.853814	0.853556	0.854926	0.984018	0.902191	0.89894	0.949815	0.946532	0.951187	1.01236	0.967133	0.949191	1.00047	0.998653	1.00166	1.03407	1.04574	0.926981	0.927774	0.927365	0.926409	0.827139	0.775044	0.766354	0	0.736429	0.73658	1.0185	1.01735	1.01716	1.04233	1.04031	1.03817	1.03227	1.02555	1.02566	1.05438	1.05302	1.05289	1.06541	1.04681	1.2068	1.05629	1.0538	1.05426	1.06688	1.04101	1.03405	1.03549	1.03681	1.04087	1.03378	1.05733	1.03398	1.0594	1.03527	1.03345	0.982713	0.970783	0.966872	0.993555	0.993491	0.99546	1.06281	1.04705	1.04799	1.047	1.04754	1.04786	1.02664	1.0259	1.02624	1.05239	1.05211	1.05444
ERR608535-k20-n1-x5e9	1.08737	0.991143	1.011	0.986337	1.00419	0.997383	0.924815	0.912675	0.902342	0.848995	0.854118	0.861267	0.920251	0.920192	1.00855	0.895275	0.896202	0.911536	0.89141	0.850765	0.852604	0.851861	0.853982	0.854061	0.983765	0.902247	0.899118	0.950186	0.94707	0.951316	1.01156	0.966203	0.948724	0.999751	0.997321	1.00112	1.0334	1.04495	0.926061	0.927049	0.927229	0.926472	0.8268	0.775605	0.766358	0.736429	0	0.735952	1.01919	1.01654	1.01629	1.04299	1.04059	1.03822	1.03203	1.02533	1.02559	1.05436	1.0535	1.05305	1.06504	1.04701	1.20623	1.05653	1.05411	1.05391	1.06682	1.03975	1.03382	1.03564	1.03667	1.04104	1.03392	1.05691	1.03253	1.05909	1.03559	1.03356	0.982348	0.970543	0.966602	0.993454	0.993018	0.994857	1.0627	1.04732	1.04805	1.04731	1.04754	1.0479	1.02687	1.0265	1.02648	1.0527	1.05249	1.05448
