	ERR608001-k20-n1-x5e9	ERR608002-k20-n1-x5e9	ERR608003-k20-n1-x5e9	ERR608004-k20-n1-x5e9	ERR608005-k20-n1-x5e9	ERR608006-k20-n1-x5e9	ERR605581-k20-n1-x5e9	ERR605582-k20-n1-x5e9	ERR605583-k20-n1-x5e9	ERR605584-k20-n1-x5e9	ERR605585-k20-n1-x5e9	ERR605586-k20-n1-x5e9	ERR610205-k20-n1-x5e9	ERR610206-k20-n1-x5e9	ERR610207-k20-n1-x5e9	ERR610208-k20-n1-x5e9	ERR610209-k20-n1-x5e9	ERR610210-k20-n1-x5e9	ERR605327-k20-n1-x5e9	ERR605328-k20-n1-x5e9	ERR605329-k20-n1-x5e9	ERR605330-k20-n1-x5e9	ERR605331-k20-n1-x5e9	ERR605332-k20-n1-x5e9	ERR608829-k20-n1-x5e9	ERR608830-k20-n1-x5e9	ERR608831-k20-n1-x5e9	ERR608832-k20-n1-x5e9	ERR608833-k20-n1-x5e9	ERR608834-k20-n1-x5e9	ERR609301-k20-n1-x5e9	ERR609302-k20-n1-x5e9	ERR609303-k20-n1-x5e9	ERR609304-k20-n1-x5e9	ERR609305-k20-n1-x5e9	ERR609306-k20-n1-x5e9	ERR609277-k20-n1-x5e9	ERR609278-k20-n1-x5e9	ERR609279-k20-n1-x5e9	ERR609280-k20-n1-x5e9	ERR609281-k20-n1-x5e9	ERR609282-k20-n1-x5e9	ERR607555-k20-n1-x5e9	ERR607556-k20-n1-x5e9	ERR607557-k20-n1-x5e9	ERR607558-k20-n1-x5e9	ERR607559-k20-n1-x5e9	ERR607560-k20-n1-x5e9	ERR608365-k20-n1-x5e9	ERR608366-k20-n1-x5e9	ERR608367-k20-n1-x5e9	ERR608368-k20-n1-x5e9	ERR608369-k20-n1-x5e9	ERR608370-k20-n1-x5e9	ERR608647-k20-n1-x5e9	ERR608648-k20-n1-x5e9	ERR608649-k20-n1-x5e9	ERR608650-k20-n1-x5e9	ERR608651-k20-n1-x5e9	ERR608652-k20-n1-x5e9	ERR609517-k20-n1-x5e9	ERR609518-k20-n1-x5e9	ERR609519-k20-n1-x5e9	ERR609520-k20-n1-x5e9	ERR609521-k20-n1-x5e9	ERR609522-k20-n1-x5e9	ERR607337-k20-n1-x5e9	ERR607338-k20-n1-x5e9	ERR607339-k20-n1-x5e9	ERR607340-k20-n1-x5e9	ERR607341-k20-n1-x5e9	ERR607342-k20-n1-x5e9	ERR608161-k20-n1-x5e9	ERR608162-k20-n1-x5e9	ERR608163-k20-n1-x5e9	ERR608164-k20-n1-x5e9	ERR608165-k20-n1-x5e9	ERR608166-k20-n1-x5e9	ERR608215-k20-n1-x5e9	ERR608216-k20-n1-x5e9	ERR608217-k20-n1-x5e9	ERR608218-k20-n1-x5e9	ERR608219-k20-n1-x5e9	ERR608220-k20-n1-x5e9	ERR605635-k20-n1-x5e9	ERR605636-k20-n1-x5e9	ERR605637-k20-n1-x5e9	ERR605638-k20-n1-x5e9	ERR605639-k20-n1-x5e9	ERR605640-k20-n1-x5e9	ERR608341-k20-n1-x5e9	ERR608342-k20-n1-x5e9	ERR608343-k20-n1-x5e9	ERR608344-k20-n1-x5e9	ERR608345-k20-n1-x5e9	ERR608346-k20-n1-x5e9
ERR608001-k20-n1-x5e9	0	1.076	1.06265	1.06103	1.0619	1.06218	1.0912	1.09828	1.09884	1.09727	1.0978	1.09669	1.06115	1.10782	1.06506	1.05857	1.05778	1.05824	1.09506	1.1713	1.10417	1.10449	1.10464	1.10476	1.13449	1.13128	1.13745	1.0889	1.08983	1.09079	1.11656	1.11665	1.16157	1.09559	1.09881	1.0997	1.0648	1.06619	1.06888	1.07086	1.06892	1.06933	1.07783	1.07766	1.07841	1.06987	1.06966	1.07035	1.2065	1.18848	1.18353	1.18449	1.18292	1.18956	1.18965	1.17763	1.17415	1.17475	1.17556	1.17822	1.21864	1.21845	1.25362	1.20956	1.20982	1.21219	1.18962	1.18515	1.18483	1.20891	1.20811	1.20987	1.21186	1.20644	1.20655	1.23498	1.2329	1.23529	1.18184	1.17868	1.17889	1.19759	1.19694	1.19759	1.17816	1.184	1.18513	1.18591	1.18604	1.18657	1.2079	1.19026	1.18676	1.18855	1.18884	1.19001
ERR608002-k20-n1-x5e9	1.076	0	1.03076	1.03063	1.0311	1.03255	1.0714	1.08089	1.08114	1.07864	1.07845	1.07852	1.01968	1.08279	1.0313	1.02259	1.02455	1.0233	1.07146	1.15531	1.08313	1.08262	1.08232	1.08263	1.11359	1.10787	1.11661	1.06339	1.06336	1.06412	1.09645	1.09695	1.14601	1.07389	1.07462	1.07609	1.03437	1.03748	1.04255	1.04309	1.03972	1.04029	1.04651	1.04687	1.04604	1.04453	1.04467	1.04575	1.18965	1.16822	1.161	1.16021	1.15975	1.16974	1.17282	1.15624	1.15148	1.15125	1.15202	1.15646	1.1994	1.19973	1.23946	1.193	1.19325	1.19457	1.17162	1.16502	1.16634	1.19081	1.19043	1.19197	1.19478	1.18762	1.18922	1.21888	1.21663	1.21886	1.16306	1.15927	1.15992	1.17684	1.1769	1.17707	1.16098	1.16592	1.16635	1.16582	1.16877	1.16893	1.19105	1.17064	1.16558	1.16607	1.16724	1.17076
ERR608003-k20-n1-x5e9	1.06265	1.03076	0	1.01604	1.0153	1.01609	1.05725	1.06738	1.06852	1.06415	1.06505	1.06461	1.00153	1.07027	1.00771	1.00468	1.00507	1.00451	1.05394	1.1454	1.06793	1.06778	1.06652	1.06696	1.10026	1.09315	1.10384	1.04563	1.04629	1.04773	1.08459	1.08536	1.13691	1.06327	1.06278	1.06466	1.01689	1.02038	1.02599	1.0266	1.02373	1.02406	1.03143	1.03159	1.03098	1.02756	1.02808	1.02869	1.18054	1.15583	1.15007	1.14941	1.14938	1.1567	1.16246	1.14326	1.13975	1.13957	1.13998	1.14336	1.18904	1.18888	1.23185	1.1827	1.18196	1.18528	1.15911	1.15223	1.15359	1.18001	1.17973	1.18118	1.18581	1.17766	1.17947	1.2104	1.20813	1.21075	1.1516	1.14669	1.14825	1.1641	1.16455	1.16457	1.15017	1.15461	1.15554	1.15509	1.15988	1.15917	1.18168	1.15828	1.15389	1.15407	1.15407	1.15735
ERR608004-k20-n1-x5e9	1.06103	1.03063	1.01604	0	1.00598	1.00723	1.03332	1.04523	1.04826	1.04443	1.04457	1.04507	0.991352	1.05859	0.995182	0.992218	0.992288	0.99032	1.03504	1.13204	1.0482	1.04901	1.04829	1.04877	1.08909	1.08438	1.09181	1.02688	1.02734	1.02913	1.07044	1.07125	1.12451	1.043	1.04527	1.04636	1.00052	1.002	1.00733	1.01033	1.00652	1.00676	1.0173	1.01708	1.01695	1.01303	1.01354	1.01415	1.17024	1.14709	1.14124	1.14097	1.14051	1.14859	1.15021	1.13522	1.13071	1.13071	1.13131	1.13523	1.18292	1.18341	1.2253	1.17237	1.17248	1.17619	1.14812	1.14221	1.1429	1.17261	1.1717	1.17321	1.17576	1.16855	1.16895	1.20292	1.20028	1.20315	1.14228	1.13775	1.13841	1.15725	1.15842	1.15825	1.13888	1.14382	1.14473	1.14531	1.14717	1.14714	1.17145	1.14856	1.14513	1.14636	1.14621	1.1487
ERR608005-k20-n1-x5e9	1.0619	1.0311	1.0153	1.00598	0	1.00615	1.03205	1.0437	1.04719	1.04329	1.04274	1.04362	0.99202	1.06	0.995842	0.991432	0.991649	0.991679	1.03499	1.13179	1.04655	1.04707	1.04729	1.04665	1.08759	1.08424	1.091	1.0247	1.02604	1.02746	1.0696	1.06988	1.12321	1.04103	1.04348	1.04433	0.99884	1.00064	1.00582	1.00857	1.00425	1.00471	1.01664	1.01718	1.01668	1.0112	1.0114	1.01261	1.1687	1.14556	1.13919	1.13961	1.13872	1.14699	1.14804	1.13355	1.12812	1.12866	1.13056	1.13373	1.18203	1.18214	1.22428	1.17002	1.17034	1.17429	1.14649	1.14156	1.14149	1.17117	1.17088	1.17161	1.17409	1.16608	1.16725	1.20182	1.19898	1.20149	1.14097	1.13588	1.13693	1.15659	1.15622	1.15708	1.1367	1.14209	1.14323	1.14425	1.14566	1.14642	1.17017	1.14714	1.14363	1.14445	1.14551	1.14684
ERR608006-k20-n1-x5e9	1.06218	1.03255	1.01609	1.00723	1.00615	0	1.03573	1.04785	1.05154	1.04713	1.04692	1.04719	0.99323	1.06099	0.996263	0.994158	0.99401	0.992996	1.0359	1.13287	1.04911	1.05111	1.05032	1.05097	1.08886	1.08507	1.09156	1.02795	1.02929	1.03011	1.0727	1.07338	1.12519	1.04376	1.04652	1.04841	1.00204	1.00295	1.00817	1.0119	1.00665	1.00744	1.01837	1.01838	1.01895	1.01431	1.01287	1.01371	1.16991	1.14708	1.14149	1.14186	1.14051	1.14822	1.1506	1.13503	1.13021	1.13064	1.13263	1.13577	1.18394	1.18386	1.22549	1.17311	1.17314	1.17673	1.1486	1.14279	1.14324	1.17229	1.17262	1.17348	1.17622	1.16911	1.16865	1.20365	1.20066	1.20321	1.14267	1.13898	1.13931	1.15719	1.15825	1.1583	1.13901	1.14504	1.14667	1.1453	1.14815	1.14752	1.17298	1.14917	1.14505	1.14631	1.14698	1.14912
ERR605581-k20-n1-x5e9	1.0912	1.0714	1.05725	1.03332	1.03205	1.03573	0	0.834489	0.841821	0.837802	0.836223	0.837653	0.905093	0.988521	0.913607	0.889627	0.887634	0.888293	0.918261	1.04742	0.934734	0.941473	0.941202	0.939156	1.02807	1.02372	1.03478	0.949245	0.952119	0.953196	0.969166	0.969481	1.03823	0.909377	0.916485	0.91621	0.877763	0.876005	0.880634	0.894545	0.879582	0.87987	0.928871	0.928609	0.932789	0.917788	0.916969	0.917485	1.0993	1.0777	1.07251	1.07532	1.07295	1.07717	1.07203	1.06136	1.05738	1.05944	1.06025	1.06163	1.12244	1.12251	1.17056	1.09371	1.09443	1.09748	1.07576	1.07223	1.06945	1.11524	1.11399	1.11576	1.11029	1.1011	1.0999	1.15303	1.15011	1.15429	1.07079	1.06617	1.06401	1.09682	1.0951	1.09655	1.04659	1.05107	1.05469	1.05791	1.04904	1.05128	1.10407	1.08142	1.07636	1.08095	1.08079	1.0801
ERR605582-k20-n1-x5e9	1.09828	1.08089	1.06738	1.04523	1.0437	1.04785	0.834489	0	0.856732	0.852653	0.851219	0.852791	0.920473	0.996834	0.92567	0.908546	0.907042	0.906153	0.930653	1.05622	0.944795	0.952198	0.95096	0.950593	1.03489	1.03305	1.04241	0.96104	0.963674	0.963607	0.981917	0.982034	1.05038	0.922798	0.931027	0.931701	0.894889	0.892821	0.897757	0.906724	0.894525	0.894977	0.939978	0.94033	0.943289	0.930174	0.929508	0.929355	1.10917	1.08491	1.07921	1.08229	1.08018	1.08576	1.08295	1.07035	1.06383	1.06795	1.06882	1.06896	1.13014	1.12943	1.17843	1.10361	1.10512	1.10956	1.0845	1.07908	1.07672	1.12308	1.12139	1.12313	1.12132	1.11197	1.11077	1.15932	1.15551	1.15922	1.07815	1.07525	1.07423	1.10295	1.10324	1.10347	1.05448	1.0618	1.06598	1.06771	1.05972	1.06032	1.11447	1.08835	1.08432	1.08781	1.08786	1.08695
ERR605583-k20-n1-x5e9	1.09884	1.08114	1.06852	1.04826	1.04719	1.05154	0.841821	0.856732	0	0.859362	0.8594	0.857852	0.92311	0.998735	0.930236	0.912009	0.91277	0.913699	0.9334	1.05587	0.946845	0.953536	0.951297	0.950618	1.03738	1.03334	1.0455	0.96602	0.968323	0.968752	0.984066	0.983956	1.05587	0.931633	0.935571	0.937109	0.902284	0.900603	0.898981	0.911197	0.902227	0.902747	0.943377	0.945532	0.946991	0.933577	0.932915	0.933626	1.11406	1.08653	1.08028	1.08333	1.08305	1.08634	1.08843	1.07	1.06724	1.06885	1.06938	1.06959	1.1286	1.12834	1.17603	1.10429	1.1046	1.10943	1.08962	1.08234	1.08048	1.12572	1.12433	1.12605	1.12181	1.11249	1.11224	1.15642	1.15279	1.15709	1.08225	1.07694	1.07583	1.10396	1.10349	1.10409	1.057	1.06333	1.06303	1.06674	1.05926	1.06085	1.11862	1.09072	1.08573	1.08982	1.08893	1.08962
ERR605584-k20-n1-x5e9	1.09727	1.07864	1.06415	1.04443	1.04329	1.04713	0.837802	0.852653	0.859362	0	0.851569	0.851901	0.917012	0.995576	0.925022	0.906649	0.904897	0.905602	0.93251	1.05616	0.945161	0.9521	0.95006	0.949918	1.03329	1.03085	1.04106	0.960068	0.9623	0.962704	0.981558	0.981482	1.05094	0.924497	0.932037	0.933423	0.894817	0.894158	0.897568	0.907073	0.896246	0.896641	0.940517	0.941365	0.943785	0.928919	0.930571	0.931168	1.10985	1.08256	1.07903	1.08073	1.08022	1.08418	1.08454	1.06774	1.06372	1.06555	1.06723	1.06727	1.12815	1.12863	1.17657	1.1034	1.10358	1.10893	1.08547	1.07804	1.07563	1.1227	1.12121	1.12289	1.1202	1.11171	1.11096	1.15785	1.15386	1.15738	1.07815	1.07553	1.07342	1.10145	1.10138	1.10304	1.05472	1.06219	1.06572	1.06511	1.05962	1.05903	1.1147	1.08715	1.08376	1.08703	1.08577	1.08622
ERR605585-k20-n1-x5e9	1.0978	1.07845	1.06505	1.04457	1.04274	1.04692	0.836223	0.851219	0.8594	0.851569	0	0.848965	0.917481	0.996909	0.923443	0.907112	0.905689	0.903522	0.932123	1.05777	0.945106	0.950886	0.950944	0.950956	1.03432	1.03127	1.04082	0.960095	0.961772	0.962558	0.981013	0.981128	1.05009	0.923126	0.930725	0.931105	0.893358	0.893319	0.898263	0.904845	0.893646	0.893734	0.939001	0.940076	0.942728	0.928548	0.928509	0.928075	1.10834	1.08287	1.07788	1.08025	1.07786	1.08256	1.0826	1.06801	1.06322	1.06568	1.06561	1.06818	1.12902	1.12909	1.17747	1.10313	1.10474	1.10926	1.08397	1.07803	1.07573	1.12129	1.12101	1.12249	1.12089	1.11196	1.11026	1.15788	1.15432	1.15864	1.07715	1.07417	1.07256	1.10076	1.10022	1.10129	1.0544	1.06217	1.06453	1.06666	1.05867	1.06009	1.11347	1.0856	1.08308	1.08613	1.08539	1.08601
ERR605586-k20-n1-x5e9	1.09669	1.07852	1.06461	1.04507	1.04362	1.04719	0.837653	0.852791	0.857852	0.851901	0.848965	0	0.918623	0.995404	0.923201	0.907981	0.90584	0.904809	0.9334	1.05808	0.947238	0.95266	0.951398	0.952193	1.03416	1.03023	1.04172	0.960133	0.961718	0.963145	0.980561	0.980705	1.05222	0.925415	0.932909	0.934247	0.89563	0.894622	0.89528	0.904396	0.894896	0.894936	0.941073	0.940658	0.94258	0.928753	0.930168	0.930604	1.11054	1.0833	1.07882	1.08048	1.07958	1.08452	1.08484	1.0679	1.06392	1.06655	1.06565	1.0674	1.12946	1.13007	1.17703	1.10333	1.1041	1.10951	1.08487	1.07857	1.07651	1.12256	1.12115	1.12354	1.12141	1.1132	1.11211	1.15897	1.15531	1.15894	1.07747	1.07515	1.0734	1.10209	1.10175	1.10122	1.05506	1.06293	1.06533	1.06557	1.05993	1.05961	1.11552	1.08774	1.08394	1.08688	1.087	1.0868
ERR610205-k20-n1-x5e9	1.06115	1.01968	1.00153	0.991352	0.99202	0.99323	0.905093	0.920473	0.92311	0.917012	0.917481	0.918623	0	0.854141	0.723102	0.732966	0.729467	0.726505	0.897382	1.04263	0.916057	0.918185	0.917143	0.916551	0.976111	0.965245	0.980779	0.879532	0.882765	0.883182	0.949413	0.950628	1.03497	0.911701	0.920376	0.921339	0.836009	0.839977	0.848849	0.856191	0.845365	0.845568	0.897433	0.899783	0.898393	0.884011	0.884986	0.88547	1.08294	1.04961	1.04003	1.03912	1.03877	1.05122	1.05879	1.03312	1.02523	1.02487	1.02652	1.03471	1.09199	1.09336	1.15677	1.08128	1.08165	1.08659	1.05573	1.0462	1.04712	1.08507	1.08472	1.086	1.09155	1.08142	1.08355	1.1283	1.12469	1.12983	1.04508	1.03779	1.03852	1.06695	1.0679	1.06892	1.03343	1.04363	1.0449	1.04343	1.05113	1.04939	1.08515	1.05361	1.04628	1.04713	1.04783	1.05342
ERR610206-k20-n1-x5e9	1.10782	1.08279	1.07027	1.05859	1.06	1.06099	0.988521	0.996834	0.998735	0.995576	0.996909	0.995404	0.854141	0	0.8546	0.853236	0.856843	0.855251	0.992287	1.10237	1.00483	1.00844	1.00856	1.00828	1.04753	1.04175	1.05278	0.978795	0.980814	0.982011	1.02954	1.03068	1.09329	0.992051	0.995744	0.99759	0.951113	0.951152	0.954675	0.967054	0.955433	0.954668	0.991348	0.990316	0.993494	0.984103	0.985243	0.985209	1.14662	1.12888	1.1193	1.12015	1.11815	1.1291	1.12731	1.11319	1.10539	1.10827	1.10879	1.11382	1.16192	1.16264	1.20654	1.1493	1.14965	1.15278	1.12895	1.12305	1.12254	1.15096	1.14963	1.15147	1.15565	1.15063	1.15088	1.18726	1.18392	1.18775	1.11555	1.11262	1.11182	1.14158	1.14115	1.14315	1.10542	1.10994	1.11117	1.11422	1.11173	1.11252	1.14923	1.12998	1.12552	1.12815	1.12827	1.12968
ERR610207-k20-n1-x5e9	1.06506	1.0313	1.00771	0.995182	0.995842	0.996263	0.913607	0.92567	0.930236	0.925022	0.923443	0.923201	0.723102	0.8546	0	0.729443	0.729433	0.729546	0.913411	1.04816	0.927046	0.92895	0.929566	0.928477	0.983831	0.975017	0.990017	0.896094	0.897617	0.897965	0.95954	0.961102	1.03949	0.919066	0.92023	0.922641	0.854369	0.8583	0.862284	0.87396	0.860355	0.860583	0.904171	0.902671	0.904778	0.902258	0.905542	0.904763	1.08885	1.06087	1.05182	1.05244	1.05101	1.06257	1.06571	1.04382	1.03846	1.03801	1.03865	1.04548	1.1041	1.10459	1.16285	1.09063	1.09152	1.09361	1.06507	1.06128	1.06173	1.09794	1.09672	1.10001	1.09841	1.08924	1.09128	1.14223	1.13884	1.14228	1.05527	1.05075	1.05139	1.0792	1.0778	1.07944	1.04435	1.05145	1.0524	1.05272	1.05666	1.05623	1.09152	1.06621	1.05759	1.06054	1.06079	1.0663
ERR610208-k20-n1-x5e9	1.05857	1.02259	1.00468	0.992218	0.991432	0.994158	0.889627	0.908546	0.912009	0.906649	0.907112	0.907981	0.732966	0.853236	0.729443	0	0.717405	0.718649	0.889282	1.03948	0.905913	0.908597	0.908333	0.90927	0.972237	0.962947	0.978795	0.873857	0.876865	0.875757	0.944929	0.946117	1.02727	0.898847	0.905992	0.90636	0.829722	0.829136	0.838692	0.849654	0.838732	0.838877	0.898244	0.896352	0.899672	0.875668	0.876018	0.876491	1.07769	1.04546	1.03871	1.03921	1.03759	1.04643	1.05183	1.0297	1.02507	1.02514	1.02545	1.02992	1.09306	1.09371	1.15531	1.07727	1.07791	1.08174	1.05234	1.0433	1.0434	1.08309	1.08244	1.08423	1.08756	1.07693	1.07819	1.12385	1.11934	1.12471	1.04026	1.03388	1.03389	1.06493	1.06537	1.06528	1.02814	1.03644	1.03831	1.03924	1.04128	1.042	1.08125	1.04918	1.04231	1.04442	1.04509	1.04861
ERR610209-k20-n1-x5e9	1.05778	1.02455	1.00507	0.992288	0.991649	0.99401	0.887634	0.907042	0.91277	0.904897	0.905689	0.90584	0.729467	0.856843	0.729433	0.717405	0	0.714052	0.890318	1.03774	0.908008	0.907744	0.907362	0.908846	0.971129	0.962111	0.978125	0.876073	0.87697	0.877071	0.94608	0.946288	1.02705	0.897668	0.903716	0.905538	0.829295	0.828378	0.83498	0.847519	0.839239	0.839254	0.897142	0.893569	0.898829	0.877938	0.87691	0.877277	1.07682	1.04483	1.03779	1.03803	1.03538	1.04622	1.04988	1.02872	1.02314	1.0249	1.02807	1.02836	1.09246	1.09277	1.15479	1.07753	1.07802	1.08056	1.05109	1.04307	1.04276	1.08364	1.08219	1.08418	1.08643	1.07593	1.07646	1.12333	1.11984	1.12314	1.03894	1.03404	1.03385	1.06406	1.06423	1.06519	1.02701	1.03625	1.03783	1.03763	1.0408	1.04051	1.08014	1.04877	1.04232	1.0434	1.04448	1.04854
ERR610210-k20-n1-x5e9	1.05824	1.0233	1.00451	0.99032	0.991679	0.992996	0.888293	0.906153	0.913699	0.905602	0.903522	0.904809	0.726505	0.855251	0.729546	0.718649	0.714052	0	0.892827	1.03827	0.907733	0.909135	0.907164	0.907048	0.971719	0.961961	0.977903	0.874304	0.875334	0.876891	0.943717	0.945026	1.02655	0.896445	0.90232	0.904304	0.82652	0.830891	0.837371	0.846771	0.840289	0.84068	0.896445	0.893324	0.897908	0.876396	0.87788	0.877867	1.0766	1.04427	1.03736	1.03797	1.03635	1.04494	1.0506	1.02924	1.02279	1.025	1.02626	1.02957	1.09097	1.09208	1.15511	1.07701	1.07797	1.08033	1.05043	1.04163	1.04133	1.08251	1.08199	1.08453	1.0852	1.0756	1.07725	1.1228	1.11918	1.12388	1.0386	1.03285	1.03304	1.06236	1.06475	1.06479	1.02708	1.03679	1.03649	1.03854	1.0405	1.04122	1.07873	1.04785	1.04338	1.04336	1.04407	1.04807
ERR605327-k20-n1-x5e9	1.09506	1.07146	1.05394	1.03504	1.03499	1.0359	0.918261	0.930653	0.9334	0.93251	0.932123	0.9334	0.897382	0.992287	0.913411	0.889282	0.890318	0.892827	0	0.877494	0.765298	0.769734	0.767546	0.76808	1.02693	1.0198	1.0299	0.944215	0.947257	0.946812	0.973771	0.974266	1.04718	0.92742	0.931121	0.931835	0.879396	0.876971	0.884015	0.899831	0.881918	0.881475	0.923556	0.923926	0.925838	0.925303	0.922124	0.922766	1.10091	1.07958	1.06976	1.07179	1.06951	1.08086	1.08099	1.06505	1.05684	1.05889	1.06038	1.0652	1.05529	1.05733	1.1134	1.03769	1.03778	1.03778	1.08277	1.07753	1.07658	1.11454	1.11294	1.11614	1.04597	1.04026	1.04138	1.07996	1.07742	1.0796	1.06865	1.06632	1.06489	1.09313	1.09313	1.09486	0.996391	0.999904	1.00013	0.999552	0.999858	0.998553	1.10286	1.08351	1.07553	1.07853	1.07822	1.08348
ERR605328-k20-n1-x5e9	1.1713	1.15531	1.1454	1.13204	1.13179	1.13287	1.04742	1.05622	1.05587	1.05616	1.05777	1.05808	1.04263	1.10237	1.04816	1.03948	1.03774	1.03827	0.877494	0	0.880751	0.880063	0.881907	0.880251	1.12446	1.12169	1.129	1.06989	1.07109	1.0703	1.08792	1.08834	1.14023	1.0595	1.06301	1.06508	1.02662	1.02606	1.02902	1.03667	1.03078	1.03142	1.06012	1.06072	1.0617	1.0527	1.05369	1.0542	1.18582	1.17067	1.16546	1.1661	1.16504	1.17141	1.17034	1.16176	1.15591	1.15779	1.15829	1.16105	1.10566	1.10806	1.14819	1.09027	1.08874	1.08931	1.17251	1.16822	1.16753	1.19429	1.19297	1.19508	1.09347	1.091	1.09143	1.11011	1.10694	1.10972	1.16142	1.15598	1.15543	1.18063	1.18143	1.18054	1.0759	1.07643	1.07569	1.07438	1.07479	1.07346	1.18765	1.17244	1.16922	1.1714	1.17082	1.17144
ERR605329-k20-n1-x5e9	1.10417	1.08313	1.06793	1.0482	1.04655	1.04911	0.934734	0.944795	0.946845	0.945161	0.945106	0.947238	0.916057	1.00483	0.927046	0.905913	0.908008	0.907733	0.765298	0.880751	0	0.785	0.78531	0.785601	1.03567	1.03029	1.04002	0.959767	0.961157	0.961901	0.987514	0.987654	1.05589	0.941215	0.944146	0.945538	0.897103	0.897725	0.903341	0.918147	0.901029	0.90142	0.940156	0.94033	0.941718	0.930549	0.932225	0.932905	1.11089	1.0891	1.08356	1.08415	1.08302	1.09099	1.0885	1.07701	1.06968	1.07271	1.07494	1.07753	1.06559	1.06758	1.11879	1.04151	1.04154	1.04323	1.09219	1.08676	1.08572	1.12725	1.12587	1.1291	1.0519	1.04604	1.0456	1.08436	1.08015	1.0839	1.08012	1.07515	1.07369	1.10365	1.10417	1.1036	1.00484	1.00791	1.00771	1.00865	1.00707	1.00663	1.11447	1.09197	1.08869	1.09003	1.08983	1.09199
ERR605330-k20-n1-x5e9	1.10449	1.08262	1.06778	1.04901	1.04707	1.05111	0.941473	0.952198	0.953536	0.9521	0.950886	0.95266	0.918185	1.00844	0.92895	0.908597	0.907744	0.909135	0.769734	0.880063	0.785	0	0.78447	0.782712	1.03684	1.03161	1.04202	0.959959	0.962851	0.962223	0.989799	0.991074	1.05938	0.945431	0.94901	0.948843	0.899293	0.901516	0.908138	0.916662	0.90445	0.90512	0.946318	0.94445	0.948013	0.932076	0.935038	0.936045	1.11406	1.09101	1.08474	1.08655	1.08471	1.09194	1.09132	1.07729	1.07412	1.0759	1.07673	1.07879	1.06438	1.06578	1.11931	1.04203	1.04113	1.04378	1.09348	1.08851	1.0883	1.12917	1.1291	1.12991	1.054	1.04675	1.04657	1.08396	1.07881	1.08326	1.08199	1.07614	1.07614	1.10392	1.10454	1.10492	1.0069	1.01004	1.00941	1.01063	1.01004	1.01073	1.11747	1.09223	1.08787	1.09072	1.0908	1.09227
ERR605331-k20-n1-x5e9	1.10464	1.08232	1.06652	1.04829	1.04729	1.05032	0.941202	0.95096	0.951297	0.95006	0.950944	0.951398	0.917143	1.00856	0.929566	0.908333	0.907362	0.907164	0.767546	0.881907	0.78531	0.78447	0	0.783537	1.03619	1.03047	1.04179	0.959728	0.961404	0.962311	0.989671	0.989999	1.05881	0.944675	0.947751	0.949191	0.898432	0.898004	0.906571	0.917349	0.903945	0.904696	0.944553	0.942873	0.945964	0.933773	0.933059	0.933438	1.11352	1.09006	1.08445	1.08412	1.08272	1.09117	1.09019	1.07679	1.07137	1.07405	1.07614	1.07784	1.06412	1.06568	1.11809	1.04237	1.04088	1.04282	1.0936	1.08798	1.08697	1.12955	1.12691	1.12891	1.05263	1.04577	1.04564	1.0837	1.07892	1.08337	1.08122	1.07529	1.07472	1.10385	1.10379	1.10436	1.00496	1.0082	1.00838	1.00825	1.00941	1.00835	1.1162	1.09211	1.08871	1.08918	1.08987	1.09103
ERR605332-k20-n1-x5e9	1.10476	1.08263	1.06696	1.04877	1.04665	1.05097	0.939156	0.950593	0.950618	0.949918	0.950956	0.952193	0.916551	1.00828	0.928477	0.90927	0.908846	0.907048	0.76808	0.880251	0.785601	0.782712	0.783537	0	1.03583	1.03113	1.04196	0.959354	0.961796	0.963052	0.990152	0.990258	1.0581	0.945592	0.947399	0.948474	0.898982	0.898715	0.904608	0.916809	0.904077	0.904834	0.944404	0.942953	0.946372	0.933976	0.93292	0.93338	1.11307	1.08979	1.08352	1.08515	1.08283	1.09121	1.09051	1.07695	1.07225	1.07406	1.07654	1.07683	1.06388	1.06562	1.11841	1.04178	1.04106	1.04263	1.09387	1.08853	1.08753	1.12952	1.12765	1.12951	1.05255	1.04585	1.04615	1.08338	1.07972	1.08375	1.08022	1.07589	1.07526	1.10449	1.10397	1.10461	1.00556	1.00869	1.00902	1.00936	1.01048	1.00899	1.11679	1.09266	1.08811	1.08945	1.09054	1.09162
ERR608829-k20-n1-x5e9	1.13449	1.11359	1.10026	1.08909	1.08759	1.08886	1.02807	1.03489	1.03738	1.03329	1.03432	1.03416	0.976111	1.04753	0.983831	0.972237	0.971129	0.971719	1.02693	1.12446	1.03567	1.03684	1.03619	1.03583	0	0.968762	0.980089	0.892536	0.893952	0.896479	1.03092	1.03119	1.09588	1.002	1.00583	1.00702	0.967779	0.967822	0.971015	0.976885	0.970254	0.970867	1.00771	1.00863	1.00963	0.996383	0.996768	0.997069	1.1464	1.12784	1.12036	1.12089	1.121	1.12818	1.12894	1.11472	1.11048	1.11048	1.11148	1.11414	1.16319	1.16405	1.20964	1.15278	1.15308	1.15564	1.13154	1.12713	1.1276	1.15596	1.15513	1.15624	1.15393	1.14767	1.14867	1.18585	1.18311	1.18633	1.11681	1.1119	1.112	1.14129	1.14206	1.14264	1.1085	1.11728	1.11901	1.12043	1.1213	1.12153	1.14908	1.13044	1.12479	1.12671	1.1262	1.1291
ERR608830-k20-n1-x5e9	1.13128	1.10787	1.09315	1.08438	1.08424	1.08507	1.02372	1.03305	1.03334	1.03085	1.03127	1.03023	0.965245	1.04175	0.975017	0.962947	0.962111	0.961961	1.0198	1.12169	1.03029	1.03161	1.03047	1.03113	0.968762	0	0.974204	0.886547	0.885312	0.885984	1.02584	1.02648	1.09328	0.995727	0.999623	1.0002	0.956916	0.959472	0.966405	0.969829	0.962267	0.962472	1.00185	1.00102	1.00356	0.98773	0.98923	0.989208	1.14478	1.12267	1.11573	1.11581	1.11433	1.1236	1.1257	1.10982	1.10425	1.10523	1.10642	1.10994	1.15784	1.15831	1.20703	1.14938	1.14976	1.15159	1.12931	1.12231	1.1226	1.15075	1.15007	1.15208	1.15053	1.14394	1.1452	1.18264	1.17909	1.183	1.11116	1.10756	1.108	1.13668	1.13721	1.13815	1.10303	1.11169	1.11307	1.11396	1.11631	1.11579	1.1463	1.12414	1.12029	1.12161	1.12127	1.12456
ERR608831-k20-n1-x5e9	1.13745	1.11661	1.10384	1.09181	1.091	1.09156	1.03478	1.04241	1.0455	1.04106	1.04082	1.04172	0.980779	1.05278	0.990017	0.978795	0.978125	0.977903	1.0299	1.129	1.04002	1.04202	1.04179	1.04196	0.980089	0.974204	0	0.901781	0.902797	0.901504	1.03607	1.03671	1.10073	1.00984	1.01363	1.0146	0.972636	0.972856	0.97772	0.9815	0.977741	0.978326	1.01449	1.01425	1.01626	1.00181	1.00277	1.002	1.15097	1.13154	1.12411	1.12448	1.1238	1.13217	1.133	1.11829	1.1135	1.1145	1.11517	1.11882	1.16688	1.16702	1.21208	1.1556	1.15639	1.15893	1.13532	1.12981	1.13054	1.15964	1.15923	1.16065	1.15769	1.15153	1.1516	1.18897	1.18563	1.189	1.12283	1.11643	1.11676	1.14523	1.14464	1.14617	1.11475	1.12273	1.12427	1.12591	1.12642	1.12723	1.15208	1.13296	1.12875	1.13022	1.13022	1.13257
ERR608832-k20-n1-x5e9	1.0889	1.06339	1.04563	1.02688	1.0247	1.02795	0.949245	0.96104	0.96602	0.960068	0.960095	0.960133	0.879532	0.978795	0.896094	0.873857	0.876073	0.874304	0.944215	1.06989	0.959767	0.959959	0.959728	0.959354	0.892536	0.886547	0.901781	0	0.788702	0.787938	0.960317	0.961101	1.03474	0.913406	0.91585	0.915486	0.867911	0.869911	0.877145	0.893707	0.874712	0.875173	0.919719	0.918334	0.922487	0.907265	0.907644	0.908053	1.08767	1.06209	1.05448	1.05496	1.05248	1.06401	1.06324	1.04889	1.04086	1.04223	1.044	1.04925	1.11387	1.11358	1.1682	1.09403	1.09448	1.09777	1.06798	1.06102	1.06093	1.10365	1.10335	1.10536	1.09516	1.08738	1.08747	1.1405	1.13702	1.1405	1.05688	1.05098	1.05156	1.08116	1.08214	1.08167	1.04624	1.05419	1.05412	1.05449	1.05534	1.05569	1.0902	1.06484	1.06174	1.06231	1.06257	1.0643
ERR608833-k20-n1-x5e9	1.08983	1.06336	1.04629	1.02734	1.02604	1.02929	0.952119	0.963674	0.968323	0.9623	0.961772	0.961718	0.882765	0.980814	0.897617	0.876865	0.87697	0.875334	0.947257	1.07109	0.961157	0.962851	0.961404	0.961796	0.893952	0.885312	0.902797	0.788702	0	0.792707	0.961443	0.962154	1.03532	0.914413	0.917032	0.919052	0.871128	0.872854	0.878752	0.891846	0.87806	0.878562	0.922017	0.920008	0.924509	0.909723	0.909731	0.909455	1.08869	1.0636	1.05544	1.05609	1.05485	1.06384	1.06405	1.04866	1.04175	1.04381	1.0445	1.04902	1.11434	1.11482	1.16905	1.09472	1.09545	1.098	1.06782	1.06077	1.06084	1.10524	1.10473	1.10705	1.09683	1.08733	1.08805	1.14113	1.13795	1.14165	1.05675	1.05115	1.05126	1.08119	1.0819	1.08233	1.04669	1.0533	1.0548	1.05495	1.05764	1.05664	1.09193	1.0663	1.06322	1.06186	1.06247	1.06523
ERR608834-k20-n1-x5e9	1.09079	1.06412	1.04773	1.02913	1.02746	1.03011	0.953196	0.963607	0.968752	0.962704	0.962558	0.963145	0.883182	0.982011	0.897965	0.875757	0.877071	0.876891	0.946812	1.0703	0.961901	0.962223	0.962311	0.963052	0.896479	0.885984	0.901504	0.787938	0.792707	0	0.96166	0.962581	1.03589	0.915364	0.917449	0.919691	0.872075	0.872991	0.88013	0.892417	0.877481	0.877709	0.92305	0.922447	0.924691	0.908286	0.909874	0.907841	1.08968	1.06292	1.05695	1.05514	1.05425	1.06532	1.06495	1.04852	1.04133	1.04322	1.04528	1.0487	1.11498	1.11565	1.1688	1.0937	1.09443	1.09813	1.06853	1.06189	1.06189	1.10498	1.10459	1.10759	1.09747	1.08807	1.0887	1.1408	1.13752	1.14133	1.05815	1.05112	1.05223	1.08172	1.08246	1.08186	1.04573	1.05362	1.05474	1.05547	1.0568	1.0568	1.09302	1.06561	1.06231	1.0619	1.06245	1.06588
ERR609301-k20-n1-x5e9	1.11656	1.09645	1.08459	1.07044	1.0696	1.0727	0.969166	0.981917	0.984066	0.981558	0.981013	0.980561	0.949413	1.02954	0.95954	0.944929	0.94608	0.943717	0.973771	1.08792	0.987514	0.989799	0.989671	0.990152	1.03092	1.02584	1.03607	0.960317	0.961443	0.96166	0	0.865306	0.962643	0.809064	0.813781	0.817531	0.875038	0.877784	0.87619	0.880181	0.878488	0.878661	0.967594	0.966463	0.968059	0.950433	0.952011	0.953064	1.07963	1.04816	1.04229	1.0441	1.04335	1.05026	1.04748	1.02843	1.02559	1.02457	1.02629	1.0287	1.10926	1.10954	1.16236	1.08758	1.08807	1.09294	1.04748	1.04095	1.03991	1.0837	1.08159	1.08431	1.09688	1.08696	1.08713	1.13579	1.13325	1.13604	1.04796	1.04355	1.043	1.06576	1.06567	1.06637	1.02444	1.03053	1.02902	1.03076	1.03006	1.02941	1.08774	1.05565	1.05114	1.05386	1.0541	1.05528
ERR609302-k20-n1-x5e9	1.11665	1.09695	1.08536	1.07125	1.06988	1.07338	0.969481	0.982034	0.983956	0.981482	0.981128	0.980705	0.950628	1.03068	0.961102	0.946117	0.946288	0.945026	0.974266	1.08834	0.987654	0.991074	0.989999	0.990258	1.03119	1.02648	1.03671	0.961101	0.962154	0.962581	0.865306	0	0.963266	0.809982	0.814919	0.817615	0.87658	0.879443	0.878344	0.881393	0.880403	0.880571	0.967542	0.967409	0.969129	0.951831	0.953341	0.953956	1.08052	1.04863	1.04321	1.04539	1.04453	1.05055	1.04796	1.02777	1.02608	1.02576	1.02689	1.02959	1.11028	1.11058	1.16238	1.08811	1.08895	1.09385	1.0481	1.04205	1.0409	1.08424	1.08246	1.08494	1.09775	1.08743	1.0881	1.13636	1.13371	1.13734	1.04918	1.04402	1.04433	1.0667	1.06614	1.06742	1.02447	1.03114	1.03005	1.03099	1.03046	1.02929	1.08862	1.05711	1.05247	1.05508	1.05406	1.05635
ERR609303-k20-n1-x5e9	1.16157	1.14601	1.13691	1.12451	1.12321	1.12519	1.03823	1.05038	1.05587	1.05094	1.05009	1.05222	1.03497	1.09329	1.03949	1.02727	1.02705	1.02655	1.04718	1.14023	1.05589	1.05938	1.05881	1.0581	1.09588	1.09328	1.10073	1.03474	1.03532	1.03589	0.962643	0.963266	0	0.915175	0.919813	0.920016	0.96893	0.96743	0.969386	0.979155	0.973478	0.973488	1.04636	1.04616	1.04832	1.03608	1.03658	1.03743	1.13333	1.11477	1.10985	1.11303	1.11104	1.1158	1.10617	1.09701	1.09543	1.09651	1.0971	1.09764	1.16172	1.16186	1.20396	1.14282	1.14319	1.14552	1.1102	1.10729	1.10606	1.13885	1.13658	1.13853	1.14735	1.14039	1.14018	1.18135	1.17906	1.18177	1.11398	1.11034	1.10923	1.12934	1.12874	1.12908	1.09452	1.09715	1.09911	1.09941	1.09599	1.09619	1.14047	1.12174	1.11701	1.12019	1.11982	1.12098
ERR609304-k20-n1-x5e9	1.09559	1.07389	1.06327	1.043	1.04103	1.04376	0.909377	0.922798	0.931633	0.924497	0.923126	0.925415	0.911701	0.992051	0.919066	0.898847	0.897668	0.896445	0.92742	1.0595	0.941215	0.945431	0.944675	0.945592	1.002	0.995727	1.00984	0.913406	0.914413	0.915364	0.809064	0.809982	0.915175	0	0.729389	0.727431	0.809852	0.807619	0.809514	0.827971	0.813368	0.813011	0.923598	0.921017	0.925328	0.904351	0.906553	0.907655	1.03712	1.01442	1.00634	1.00854	1.00685	1.01453	1.00261	0.992887	0.985526	0.989701	0.989064	0.994799	1.0778	1.07851	1.13815	1.04932	1.04887	1.05301	1.00789	1.00152	1.00101	1.04488	1.04183	1.04401	1.0578	1.05034	1.04922	1.10397	1.09989	1.10375	1.01091	1.00431	1.00192	1.03387	1.0359	1.03457	0.981741	0.988012	0.988424	0.99073	0.985351	0.984709	1.0468	1.02146	1.01951	1.02164	1.02018	1.0195
ERR609305-k20-n1-x5e9	1.09881	1.07462	1.06278	1.04527	1.04348	1.04652	0.916485	0.931027	0.935571	0.932037	0.930725	0.932909	0.920376	0.995744	0.92023	0.905992	0.903716	0.90232	0.931121	1.06301	0.944146	0.94901	0.947751	0.947399	1.00583	0.999623	1.01363	0.91585	0.917032	0.917449	0.813781	0.814919	0.919813	0.729389	0	0.737702	0.812408	0.814232	0.814212	0.83304	0.810583	0.810691	0.929556	0.929127	0.931969	0.91025	0.911945	0.912291	1.04196	1.01536	1.01016	1.01382	1.01384	1.01551	1.00516	0.992273	0.991384	0.992019	0.99065	0.992103	1.08009	1.08016	1.14092	1.0517	1.05151	1.05585	1.00958	1.00587	1.00297	1.04582	1.04393	1.04563	1.06267	1.05343	1.05133	1.10545	1.10152	1.10625	1.01373	1.00838	1.00864	1.03625	1.0347	1.03573	0.986421	0.992067	0.992656	0.99648	0.990585	0.991131	1.05103	1.02421	1.01923	1.02346	1.02251	1.02229
ERR609306-k20-n1-x5e9	1.0997	1.07609	1.06466	1.04636	1.04433	1.04841	0.91621	0.931701	0.937109	0.933423	0.931105	0.934247	0.921339	0.99759	0.922641	0.90636	0.905538	0.904304	0.931835	1.06508	0.945538	0.948843	0.949191	0.948474	1.00702	1.0002	1.0146	0.915486	0.919052	0.919691	0.817531	0.817615	0.920016	0.727431	0.737702	0	0.814361	0.814686	0.815253	0.83487	0.813829	0.813641	0.93176	0.929553	0.935453	0.912543	0.912086	0.913313	1.042	1.01775	1.01381	1.01677	1.01323	1.01874	1.0057	0.993915	0.992728	0.995534	0.994068	0.994568	1.08082	1.0815	1.14241	1.05221	1.05276	1.05592	1.01292	1.00648	1.00372	1.04659	1.04453	1.04747	1.06231	1.05278	1.05168	1.10607	1.10234	1.10589	1.01497	1.01068	1.00945	1.037	1.03716	1.03862	0.987181	0.992893	0.993478	0.996505	0.991306	0.990606	1.05132	1.02543	1.02039	1.02341	1.02312	1.02441
ERR609277-k20-n1-x5e9	1.0648	1.03437	1.01689	1.00052	0.99884	1.00204	0.877763	0.894889	0.902284	0.894817	0.893358	0.89563	0.836009	0.951113	0.854369	0.829722	0.829295	0.82652	0.879396	1.02662	0.897103	0.899293	0.898432	0.898982	0.967779	0.956916	0.972636	0.867911	0.871128	0.872075	0.875038	0.87658	0.96893	0.809852	0.812408	0.814361	0	0.608143	0.615726	0.639021	0.62322	0.623416	0.879709	0.878221	0.881268	0.874742	0.878723	0.877391	1.01949	0.985041	0.973471	0.974159	0.974	0.988129	0.987778	0.964876	0.956502	0.957129	0.958388	0.965002	1.04419	1.04434	1.10991	1.02427	1.02491	1.02976	0.990067	0.981462	0.980485	1.02776	1.02485	1.02855	1.03599	1.0255	1.02477	1.08093	1.0781	1.08181	0.978804	0.977588	0.977169	1.00385	1.00329	1.00497	0.950907	0.955259	0.954896	0.957796	0.955849	0.956933	1.02641	0.99438	0.984034	0.989083	0.98842	0.994911
ERR609278-k20-n1-x5e9	1.06619	1.03748	1.02038	1.002	1.00064	1.00295	0.876005	0.892821	0.900603	0.894158	0.893319	0.894622	0.839977	0.951152	0.8583	0.829136	0.828378	0.830891	0.876971	1.02606	0.897725	0.901516	0.898004	0.898715	0.967822	0.959472	0.972856	0.869911	0.872854	0.872991	0.877784	0.879443	0.96743	0.807619	0.814232	0.814686	0.608143	0	0.618382	0.645273	0.622556	0.622558	0.881557	0.880543	0.884074	0.878502	0.873772	0.874849	1.0201	0.987606	0.974204	0.97754	0.973673	0.988879	0.98937	0.965675	0.956273	0.959463	0.96095	0.966723	1.04612	1.04674	1.11068	1.0252	1.0261	1.02919	0.990903	0.982963	0.981554	1.02775	1.02561	1.02862	1.03575	1.0256	1.02641	1.08181	1.07921	1.08275	0.980058	0.980593	0.978999	1.00509	1.00522	1.00728	0.95083	0.954687	0.956604	0.956932	0.955807	0.954836	1.02718	0.997205	0.985609	0.989664	0.990408	0.996093
ERR609279-k20-n1-x5e9	1.06888	1.04255	1.02599	1.00733	1.00582	1.00817	0.880634	0.897757	0.898981	0.897568	0.898263	0.89528	0.848849	0.954675	0.862284	0.838692	0.83498	0.837371	0.884015	1.02902	0.903341	0.908138	0.906571	0.904608	0.971015	0.966405	0.97772	0.877145	0.878752	0.88013	0.87619	0.878344	0.969386	0.809514	0.814212	0.815253	0.615726	0.618382	0	0.65962	0.632428	0.63277	0.886138	0.885228	0.888582	0.875042	0.876071	0.876955	1.02326	0.993061	0.978747	0.981381	0.980597	0.992549	0.990058	0.970475	0.960232	0.963314	0.96578	0.971461	1.05023	1.05031	1.11295	1.02825	1.02916	1.0318	0.992713	0.986277	0.984502	1.0296	1.02809	1.02996	1.03889	1.02729	1.02772	1.08369	1.08004	1.08455	0.98123	0.978507	0.977272	1.01101	1.00979	1.01231	0.951782	0.958409	0.958392	0.960098	0.958211	0.957016	1.03022	0.999426	0.991135	0.997212	0.997845	0.997812
ERR609280-k20-n1-x5e9	1.07086	1.04309	1.0266	1.01033	1.00857	1.0119	0.894545	0.906724	0.911197	0.907073	0.904845	0.904396	0.856191	0.967054	0.87396	0.849654	0.847519	0.846771	0.899831	1.03667	0.918147	0.916662	0.917349	0.916809	0.976885	0.969829	0.9815	0.893707	0.891846	0.892417	0.880181	0.881393	0.979155	0.827971	0.83304	0.83487	0.639021	0.645273	0.65962	0	0.648479	0.649094	0.900009	0.899846	0.902411	0.878471	0.881871	0.882202	1.02804	0.999362	0.989079	0.990643	0.989989	1.00034	0.999531	0.979237	0.972519	0.973774	0.975468	0.979565	1.05351	1.05385	1.12176	1.03894	1.0397	1.03906	1.00406	0.994732	0.993598	1.0362	1.03359	1.03805	1.04475	1.03464	1.0361	1.09082	1.08795	1.09162	0.988066	0.982594	0.981912	1.01741	1.01704	1.01783	0.961527	0.968991	0.972827	0.974653	0.974237	0.974838	1.03522	1.00664	1.00067	1.0027	1.0042	1.00777
ERR609281-k20-n1-x5e9	1.06892	1.03972	1.02373	1.00652	1.00425	1.00665	0.879582	0.894525	0.902227	0.896246	0.893646	0.894896	0.845365	0.955433	0.860355	0.838732	0.839239	0.840289	0.881918	1.03078	0.901029	0.90445	0.903945	0.904077	0.970254	0.962267	0.977741	0.874712	0.87806	0.877481	0.878488	0.880403	0.973478	0.813368	0.810583	0.813829	0.62322	0.622556	0.632428	0.648479	0	0.6213	0.88759	0.885423	0.889757	0.87529	0.87766	0.877377	1.02279	0.988024	0.979069	0.981935	0.980419	0.99008	0.992221	0.969261	0.960927	0.964727	0.964113	0.969546	1.05204	1.05315	1.11349	1.02331	1.02309	1.02705	0.995115	0.985779	0.984299	1.03273	1.03146	1.034	1.03938	1.02897	1.02881	1.08551	1.08075	1.08536	0.987467	0.979164	0.977693	1.00744	1.00766	1.00797	0.961045	0.963168	0.961851	0.963361	0.962063	0.961477	1.02984	0.997555	0.989177	0.992432	0.992992	0.997071
ERR609282-k20-n1-x5e9	1.06933	1.04029	1.02406	1.00676	1.00471	1.00744	0.87987	0.894977	0.902747	0.896641	0.893734	0.894936	0.845568	0.954668	0.860583	0.838877	0.839254	0.84068	0.881475	1.03142	0.90142	0.90512	0.904696	0.904834	0.970867	0.962472	0.978326	0.875173	0.878562	0.877709	0.878661	0.880571	0.973488	0.813011	0.810691	0.813641	0.623416	0.622558	0.63277	0.649094	0.6213	0	0.888225	0.885585	0.890216	0.875771	0.877223	0.877973	1.02299	0.988348	0.979047	0.982417	0.980917	0.990478	0.992568	0.969029	0.961188	0.965219	0.964746	0.970012	1.0526	1.05346	1.11385	1.02329	1.02314	1.02747	0.995756	0.98608	0.984534	1.03292	1.03162	1.03422	1.03946	1.02918	1.02895	1.08555	1.0809	1.08548	0.987713	0.979629	0.97795	1.00803	1.00816	1.00798	0.961234	0.961219	0.962157	0.963767	0.96221	0.961849	1.0301	0.997926	0.987729	0.992884	0.992988	0.997364
ERR607555-k20-n1-x5e9	1.07783	1.04651	1.03143	1.0173	1.01664	1.01837	0.928871	0.939978	0.943377	0.940517	0.939001	0.941073	0.897433	0.991348	0.904171	0.898244	0.897142	0.896445	0.923556	1.06012	0.940156	0.946318	0.944553	0.944404	1.00771	1.00185	1.01449	0.919719	0.922017	0.92305	0.967594	0.967542	1.04636	0.923598	0.929556	0.93176	0.879709	0.881557	0.886138	0.900009	0.88759	0.888225	0	0.739409	0.737558	0.726943	0.727436	0.728565	1.08846	1.0614	1.0535	1.05443	1.05364	1.06374	1.06792	1.04736	1.04103	1.04159	1.04381	1.04681	1.10632	1.10728	1.16579	1.09236	1.09271	1.09717	1.06853	1.06025	1.05967	1.09759	1.09713	1.09772	1.09733	1.09066	1.09131	1.13728	1.13323	1.13839	1.05347	1.05011	1.04889	1.07917	1.07886	1.08072	1.03964	1.04814	1.05062	1.04892	1.04764	1.04748	1.08985	1.06471	1.05911	1.06237	1.0626	1.0644
ERR607556-k20-n1-x5e9	1.07766	1.04687	1.03159	1.01708	1.01718	1.01838	0.928609	0.94033	0.945532	0.941365	0.940076	0.940658	0.899783	0.990316	0.902671	0.896352	0.893569	0.893324	0.923926	1.06072	0.94033	0.94445	0.942873	0.942953	1.00863	1.00102	1.01425	0.918334	0.920008	0.922447	0.966463	0.967409	1.04616	0.921017	0.929127	0.929553	0.878221	0.880543	0.885228	0.899846	0.885423	0.885585	0.739409	0	0.740441	0.725539	0.727604	0.728545	1.08819	1.06067	1.05165	1.05271	1.05238	1.06116	1.06491	1.04611	1.03919	1.04134	1.04114	1.04595	1.10496	1.106	1.16487	1.0911	1.09151	1.09614	1.06578	1.05996	1.05984	1.09658	1.09518	1.09783	1.09816	1.08965	1.08886	1.13506	1.13081	1.13566	1.05269	1.04676	1.04575	1.07669	1.07772	1.07851	1.03953	1.04611	1.04844	1.05167	1.05073	1.05058	1.08919	1.06435	1.05708	1.06013	1.06113	1.06432
ERR607557-k20-n1-x5e9	1.07841	1.04604	1.03098	1.01695	1.01668	1.01895	0.932789	0.943289	0.946991	0.943785	0.942728	0.94258	0.898393	0.993494	0.904778	0.899672	0.898829	0.897908	0.925838	1.0617	0.941718	0.948013	0.945964	0.946372	1.00963	1.00356	1.01626	0.922487	0.924509	0.924691	0.968059	0.969129	1.04832	0.925328	0.931969	0.935453	0.881268	0.884074	0.888582	0.902411	0.889757	0.890216	0.737558	0.740441	0	0.726408	0.727626	0.727809	1.0886	1.06144	1.05385	1.05477	1.05302	1.0638	1.06803	1.04744	1.04112	1.04166	1.04296	1.04735	1.10599	1.10713	1.1659	1.09242	1.09241	1.09744	1.06782	1.0609	1.0603	1.09775	1.09579	1.09782	1.0984	1.0914	1.0921	1.13768	1.13271	1.13879	1.05404	1.04947	1.04938	1.07914	1.07936	1.07946	1.04085	1.04922	1.05044	1.05005	1.04998	1.0494	1.09087	1.06476	1.05964	1.06115	1.06201	1.06441
ERR607558-k20-n1-x5e9	1.06987	1.04453	1.02756	1.01303	1.0112	1.01431	0.917788	0.930174	0.933577	0.928919	0.928548	0.928753	0.884011	0.984103	0.902258	0.875668	0.877938	0.876396	0.925303	1.0527	0.930549	0.932076	0.933773	0.933976	0.996383	0.98773	1.00181	0.907265	0.909723	0.908286	0.950433	0.951831	1.03608	0.904351	0.91025	0.912543	0.874742	0.878502	0.875042	0.878471	0.87529	0.875771	0.726943	0.725539	0.726408	0	0.701369	0.700041	1.07689	1.04833	1.03981	1.0406	1.04004	1.05142	1.05273	1.03501	1.02733	1.02956	1.02968	1.03524	1.09673	1.09789	1.15678	1.07937	1.08023	1.084	1.0551	1.04851	1.0483	1.09014	1.08838	1.09261	1.08666	1.07754	1.07644	1.12612	1.1231	1.12594	1.03596	1.02809	1.02805	1.06699	1.06693	1.06818	1.02196	1.03382	1.03405	1.0365	1.03555	1.03634	1.08001	1.0534	1.04543	1.04811	1.04873	1.0548
