	ERR608203-k20-n1-x5e9	ERR608204-k20-n1-x5e9	ERR608205-k20-n1-x5e9	ERR608206-k20-n1-x5e9	ERR608207-k20-n1-x5e9	ERR608208-k20-n1-x5e9	ERR610031-k20-n1-x5e9	ERR610032-k20-n1-x5e9	ERR610033-k20-n1-x5e9	ERR610034-k20-n1-x5e9	ERR610035-k20-n1-x5e9	ERR610036-k20-n1-x5e9	ERR610187-k20-n1-x5e9	ERR610188-k20-n1-x5e9	ERR610189-k20-n1-x5e9	ERR610190-k20-n1-x5e9	ERR610191-k20-n1-x5e9	ERR610192-k20-n1-x5e9	ERR605581-k20-n1-x5e9	ERR605582-k20-n1-x5e9	ERR605583-k20-n1-x5e9	ERR605584-k20-n1-x5e9	ERR605585-k20-n1-x5e9	ERR605586-k20-n1-x5e9	ERR607585-k20-n1-x5e9	ERR607586-k20-n1-x5e9	ERR607587-k20-n1-x5e9	ERR607588-k20-n1-x5e9	ERR607589-k20-n1-x5e9	ERR607590-k20-n1-x5e9	ERR605737-k20-n1-x5e9	ERR605738-k20-n1-x5e9	ERR605739-k20-n1-x5e9	ERR605740-k20-n1-x5e9	ERR605741-k20-n1-x5e9	ERR605742-k20-n1-x5e9	ERR605781-k20-n1-x5e9	ERR605782-k20-n1-x5e9	ERR605783-k20-n1-x5e9	ERR605784-k20-n1-x5e9	ERR605785-k20-n1-x5e9	ERR605786-k20-n1-x5e9	ERR608811-k20-n1-x5e9	ERR608812-k20-n1-x5e9	ERR608813-k20-n1-x5e9	ERR608814-k20-n1-x5e9	ERR608815-k20-n1-x5e9	ERR608816-k20-n1-x5e9	ERR608787-k20-n1-x5e9	ERR608788-k20-n1-x5e9	ERR608789-k20-n1-x5e9	ERR608790-k20-n1-x5e9	ERR608791-k20-n1-x5e9	ERR608792-k20-n1-x5e9	ERR607781-k20-n1-x5e9	ERR607782-k20-n1-x5e9	ERR607783-k20-n1-x5e9	ERR607784-k20-n1-x5e9	ERR607785-k20-n1-x5e9	ERR607786-k20-n1-x5e9	ERR608985-k20-n1-x5e9	ERR608986-k20-n1-x5e9	ERR608987-k20-n1-x5e9	ERR608988-k20-n1-x5e9	ERR608989-k20-n1-x5e9	ERR608990-k20-n1-x5e9	ERR608025-k20-n1-x5e9	ERR608026-k20-n1-x5e9	ERR608027-k20-n1-x5e9	ERR608028-k20-n1-x5e9	ERR608029-k20-n1-x5e9	ERR608030-k20-n1-x5e9	ERR607983-k20-n1-x5e9	ERR607984-k20-n1-x5e9	ERR607985-k20-n1-x5e9	ERR607986-k20-n1-x5e9	ERR607987-k20-n1-x5e9	ERR607988-k20-n1-x5e9	ERR608389-k20-n1-x5e9	ERR608390-k20-n1-x5e9	ERR608391-k20-n1-x5e9	ERR608392-k20-n1-x5e9	ERR608393-k20-n1-x5e9	ERR608394-k20-n1-x5e9	ERR605701-k20-n1-x5e9	ERR605702-k20-n1-x5e9	ERR605703-k20-n1-x5e9	ERR605704-k20-n1-x5e9	ERR605705-k20-n1-x5e9	ERR605706-k20-n1-x5e9	ERR608099-k20-n1-x5e9	ERR608100-k20-n1-x5e9	ERR608101-k20-n1-x5e9	ERR608102-k20-n1-x5e9	ERR608103-k20-n1-x5e9	ERR608104-k20-n1-x5e9
ERR608203-k20-n1-x5e9	0	0.276996	0.297737	0.331033	0.331069	0.328155	0.390355	0.380863	0.565186	0.401906	0.402733	0.400965	0.352372	0.506212	0.376458	0.346061	0.345397	0.345759	0.382705	0.397537	0.4005	0.395582	0.397569	0.396905	0.561471	0.443165	0.42651	0.50864	0.50163	0.518215	0.374962	0.382838	0.388177	0.385393	0.402226	0.401415	0.561051	0.579333	0.398696	0.399505	0.400588	0.401268	0.397504	0.385138	0.40629	0.320677	0.320045	0.319383	0.485858	0.479359	0.482853	0.498551	0.497773	0.495913	0.504592	0.53489	0.505745	0.542437	0.508392	0.50877	0.458693	0.45555	0.458508	0.474752	0.472576	0.475876	0.557384	0.515484	0.511881	0.513659	0.511958	0.511891	0.529804	0.52294	0.525417	0.542601	0.54271	0.542274	0.471072	0.443497	0.440124	0.440392	0.439997	0.443657	0.487581	0.485759	0.487503	0.48356	0.497854	0.495241	0.480062	0.477254	0.48171	0.478607	0.477734	0.476879
ERR608204-k20-n1-x5e9	0.276996	0	0.251593	0.275375	0.275622	0.273091	0.445722	0.368941	0.622896	0.376912	0.415669	0.412283	0.390786	0.56932	0.427987	0.373503	0.373016	0.372157	0.428934	0.448068	0.453495	0.447385	0.448581	0.448705	0.619067	0.503622	0.486041	0.568463	0.56151	0.577593	0.406293	0.421559	0.429642	0.429058	0.443504	0.443955	0.620147	0.637644	0.456409	0.458472	0.458989	0.459746	0.457121	0.442731	0.465828	0.332761	0.332476	0.333806	0.505912	0.493239	0.498303	0.529983	0.528861	0.526347	0.508748	0.548294	0.50984	0.556553	0.514797	0.514439	0.473837	0.46657	0.470219	0.508167	0.505232	0.509649	0.590937	0.534206	0.524368	0.529938	0.52913	0.528185	0.536557	0.526107	0.52974	0.562784	0.562423	0.562899	0.507227	0.464537	0.452602	0.452781	0.450866	0.465393	0.481042	0.485131	0.488077	0.485284	0.501801	0.499606	0.483312	0.473195	0.479254	0.489741	0.486088	0.484772
ERR608205-k20-n1-x5e9	0.297737	0.251593	0	0.261178	0.26114	0.259481	0.469923	0.370536	0.645849	0.372286	0.424627	0.421099	0.413818	0.595375	0.453818	0.392872	0.392197	0.391203	0.450263	0.470155	0.476384	0.470087	0.471081	0.471375	0.6422	0.529196	0.511584	0.593064	0.586107	0.601944	0.424352	0.441514	0.450281	0.450398	0.46324	0.463908	0.644533	0.661265	0.482235	0.484377	0.484567	0.485305	0.483774	0.469095	0.492651	0.34766	0.347917	0.349326	0.519132	0.504381	0.510187	0.547228	0.545881	0.543132	0.515109	0.557472	0.516149	0.56586	0.521521	0.521055	0.485697	0.476987	0.480674	0.526247	0.52309	0.527678	0.606286	0.54588	0.533998	0.540917	0.540044	0.539	0.543512	0.53195	0.535721	0.575456	0.574575	0.575606	0.525307	0.478772	0.464164	0.464111	0.46157	0.479512	0.482597	0.489001	0.492394	0.490531	0.506709	0.504737	0.490124	0.477344	0.483559	0.499836	0.495449	0.493935
ERR608206-k20-n1-x5e9	0.331033	0.275375	0.261178	0	0.241563	0.241874	0.49815	0.361696	0.673345	0.35322	0.414821	0.410784	0.451499	0.628205	0.492278	0.41981	0.419763	0.417908	0.468738	0.489594	0.498304	0.49114	0.491058	0.492139	0.668415	0.561793	0.546006	0.62554	0.618768	0.633764	0.442503	0.461602	0.471443	0.474797	0.478283	0.480764	0.678448	0.693804	0.51625	0.517345	0.516174	0.516192	0.52032	0.506252	0.530266	0.366846	0.368024	0.36971	0.530992	0.515725	0.519612	0.570277	0.568836	0.565847	0.514609	0.557896	0.515479	0.567151	0.519905	0.51941	0.495812	0.486054	0.488055	0.548756	0.544919	0.550007	0.614433	0.551916	0.538569	0.546276	0.545186	0.543956	0.543292	0.531718	0.534213	0.587191	0.585184	0.587101	0.544281	0.49657	0.479161	0.480083	0.476482	0.497231	0.473574	0.482062	0.486354	0.487005	0.497159	0.496223	0.4945	0.479507	0.482651	0.511704	0.508131	0.50637
ERR608207-k20-n1-x5e9	0.331069	0.275622	0.26114	0.241563	0	0.241723	0.497776	0.360518	0.673304	0.35216	0.413864	0.409917	0.451874	0.628434	0.492565	0.419887	0.419889	0.418149	0.468293	0.489267	0.498013	0.490801	0.49069	0.491744	0.668535	0.562052	0.546324	0.625885	0.619076	0.634155	0.442002	0.461253	0.470938	0.474421	0.477857	0.480365	0.678643	0.69396	0.516307	0.51728	0.516254	0.516254	0.52053	0.506435	0.530555	0.366794	0.367763	0.36959	0.530614	0.515295	0.519149	0.570163	0.568733	0.565657	0.513726	0.556998	0.514707	0.566235	0.518954	0.5185	0.495384	0.485618	0.48766	0.548542	0.544643	0.549715	0.614015	0.551307	0.537962	0.545863	0.54466	0.543331	0.542701	0.531001	0.533534	0.586768	0.584713	0.586647	0.544052	0.496179	0.478715	0.479724	0.476022	0.496893	0.47268	0.481118	0.485353	0.486195	0.496162	0.495104	0.493917	0.478794	0.481843	0.511174	0.507667	0.505844
ERR608208-k20-n1-x5e9	0.328155	0.273091	0.259481	0.241874	0.241723	0	0.4956	0.360849	0.671242	0.353112	0.413982	0.410094	0.448473	0.625718	0.489329	0.417121	0.417236	0.415334	0.466523	0.487377	0.496074	0.488922	0.488871	0.489864	0.666195	0.55932	0.543409	0.623313	0.616361	0.631573	0.440462	0.459587	0.46919	0.472501	0.476413	0.478766	0.676087	0.691389	0.513456	0.514672	0.513558	0.513599	0.517536	0.503359	0.527525	0.364627	0.365534	0.367465	0.529115	0.51399	0.517963	0.568024	0.566551	0.563564	0.51373	0.556987	0.514726	0.566135	0.519132	0.518505	0.494076	0.484458	0.486627	0.54664	0.542712	0.547851	0.612879	0.550468	0.537185	0.544913	0.543739	0.54239	0.542374	0.5307	0.533375	0.585548	0.583587	0.585559	0.542105	0.494428	0.477091	0.477969	0.474351	0.495009	0.473065	0.481385	0.485541	0.48616	0.496548	0.495514	0.493113	0.478147	0.481475	0.509914	0.506153	0.504497
ERR610031-k20-n1-x5e9	0.390355	0.445722	0.469923	0.49815	0.497776	0.4956	0	0.397733	0.425103	0.439142	0.376073	0.377392	0.344325	0.395601	0.330442	0.355719	0.356571	0.357923	0.316178	0.314702	0.311483	0.311781	0.314076	0.312582	0.490078	0.395364	0.387959	0.44635	0.439554	0.452941	0.327053	0.314669	0.309574	0.305833	0.320068	0.316644	0.454782	0.471834	0.321296	0.321814	0.321789	0.320184	0.33559	0.333792	0.343032	0.375551	0.373729	0.372646	0.476753	0.48267	0.482141	0.473243	0.471764	0.471789	0.499338	0.500319	0.500459	0.504011	0.499804	0.501271	0.458227	0.463071	0.463545	0.442387	0.441618	0.44258	0.498093	0.496797	0.504644	0.500009	0.49731	0.498667	0.524648	0.526408	0.526705	0.51207	0.51272	0.510442	0.447978	0.456946	0.465799	0.468554	0.469769	0.458072	0.507648	0.493013	0.490932	0.484558	0.495213	0.491574	0.497386	0.507783	0.507941	0.485139	0.488634	0.489073
ERR610032-k20-n1-x5e9	0.380863	0.368941	0.370536	0.361696	0.360518	0.360849	0.397733	0	0.602488	0.250046	0.281004	0.277161	0.415801	0.579009	0.451021	0.37582	0.377224	0.374896	0.392351	0.413683	0.424001	0.417057	0.415683	0.417787	0.634165	0.531892	0.518799	0.597436	0.589733	0.604305	0.351251	0.370293	0.379886	0.388083	0.381472	0.385056	0.630969	0.646007	0.457998	0.458324	0.455783	0.454072	0.480823	0.469076	0.492776	0.337561	0.339036	0.340838	0.488573	0.478853	0.478801	0.537413	0.535419	0.532734	0.455871	0.484712	0.456936	0.494071	0.458574	0.459064	0.453933	0.447379	0.446698	0.510522	0.505548	0.511038	0.553699	0.498653	0.488884	0.495129	0.492562	0.491813	0.492552	0.485866	0.486145	0.537465	0.534626	0.536955	0.507719	0.471196	0.457291	0.461121	0.456959	0.472442	0.419855	0.419549	0.421599	0.422109	0.428487	0.427147	0.461693	0.45539	0.452627	0.478367	0.478345	0.477233
ERR610033-k20-n1-x5e9	0.565186	0.622896	0.645849	0.673345	0.673304	0.671242	0.425103	0.602488	0	0.636104	0.570368	0.57269	0.509204	0.382795	0.470286	0.536539	0.536497	0.538719	0.480368	0.463609	0.453098	0.459175	0.461498	0.458851	0.425702	0.443738	0.453981	0.423723	0.42403	0.422034	0.516547	0.496493	0.486716	0.479786	0.491171	0.486221	0.394747	0.393076	0.449727	0.448667	0.448948	0.44796	0.440244	0.45104	0.437665	0.564555	0.562784	0.56098	0.607735	0.620163	0.618133	0.577924	0.577568	0.579258	0.642567	0.631366	0.6434	0.632049	0.641048	0.642557	0.599918	0.608357	0.608408	0.55045	0.553122	0.550016	0.58346	0.622599	0.638186	0.629334	0.626684	0.62871	0.657639	0.662861	0.662118	0.626352	0.627768	0.62436	0.556015	0.591396	0.608008	0.609653	0.61268	0.591846	0.663345	0.64783	0.644965	0.638721	0.644766	0.641915	0.639529	0.653257	0.653143	0.621336	0.625894	0.626726
ERR610034-k20-n1-x5e9	0.401906	0.376912	0.372286	0.35322	0.35216	0.353112	0.439142	0.250046	0.636104	0	0.306218	0.301669	0.450656	0.614986	0.487966	0.409567	0.41069	0.408328	0.4284	0.450448	0.460689	0.453522	0.452153	0.453968	0.659017	0.558768	0.545483	0.62387	0.616207	0.630676	0.390443	0.410815	0.420968	0.428613	0.422373	0.426042	0.661611	0.676044	0.492461	0.493016	0.490353	0.488775	0.51495	0.502623	0.526545	0.36201	0.3637	0.365735	0.515304	0.503767	0.504374	0.565556	0.563877	0.561006	0.47691	0.512472	0.4778	0.522866	0.480153	0.480117	0.48042	0.472294	0.471661	0.54076	0.535845	0.541361	0.581069	0.5227	0.511165	0.51853	0.516385	0.51536	0.513695	0.504969	0.505253	0.566095	0.56313	0.565733	0.533826	0.493257	0.476973	0.480121	0.475817	0.4942	0.427792	0.43311	0.436257	0.439203	0.443122	0.442889	0.481204	0.470766	0.467635	0.502196	0.501367	0.499931
ERR610035-k20-n1-x5e9	0.402733	0.415669	0.424627	0.414821	0.413864	0.413982	0.376073	0.281004	0.570368	0.306218	0	0.240369	0.424644	0.549713	0.448151	0.383012	0.385166	0.383272	0.365698	0.379938	0.394183	0.387475	0.384601	0.388235	0.612211	0.523304	0.514787	0.58565	0.577706	0.591051	0.342374	0.351907	0.360847	0.372554	0.343005	0.347896	0.612308	0.624479	0.445046	0.437761	0.433497	0.429448	0.470758	0.462725	0.484277	0.357015	0.358337	0.359366	0.480781	0.478806	0.47355	0.53311	0.531441	0.529032	0.457955	0.469552	0.459014	0.478691	0.455494	0.457027	0.451217	0.449427	0.445357	0.501877	0.496332	0.50156	0.52094	0.485924	0.483747	0.485398	0.479714	0.480101	0.489257	0.488335	0.485435	0.525482	0.521793	0.523701	0.49608	0.477214	0.468905	0.474591	0.470376	0.477168	0.434117	0.424916	0.426185	0.427205	0.418873	0.418034	0.468059	0.469825	0.462432	0.480517	0.485108	0.484542
ERR610036-k20-n1-x5e9	0.400965	0.412283	0.421099	0.410784	0.409917	0.410094	0.377392	0.277161	0.57269	0.301669	0.240369	0	0.424265	0.552008	0.448633	0.382452	0.384504	0.382563	0.366777	0.3815	0.395919	0.389005	0.386105	0.389754	0.613728	0.523792	0.515129	0.586744	0.578644	0.592137	0.342274	0.352546	0.361423	0.37329	0.344836	0.3498	0.613736	0.626179	0.445918	0.439027	0.434871	0.430978	0.47191	0.46353	0.485271	0.355576	0.356923	0.357997	0.480869	0.478254	0.473227	0.533151	0.531486	0.529077	0.457491	0.470195	0.4585	0.479382	0.45523	0.456725	0.450536	0.448743	0.444956	0.502285	0.49671	0.501854	0.522631	0.486226	0.483317	0.485423	0.479867	0.480179	0.489079	0.487812	0.484975	0.52597	0.522344	0.524332	0.496114	0.476081	0.467248	0.472963	0.468768	0.476087	0.432228	0.423462	0.424872	0.425841	0.418071	0.417255	0.467153	0.468393	0.461269	0.479957	0.484378	0.483697
ERR610187-k20-n1-x5e9	0.352372	0.390786	0.413818	0.451499	0.451874	0.448473	0.344325	0.415801	0.509204	0.450656	0.424644	0.424265	0	0.404899	0.258273	0.255973	0.25536	0.256499	0.363662	0.372647	0.369783	0.366648	0.370141	0.367687	0.533213	0.421953	0.407186	0.479494	0.473043	0.488641	0.343035	0.343671	0.342212	0.336366	0.363522	0.361144	0.506251	0.526422	0.355907	0.360367	0.361465	0.362906	0.358387	0.349001	0.365585	0.346925	0.344629	0.344181	0.455107	0.453045	0.457278	0.454908	0.453313	0.452618	0.481326	0.492826	0.482458	0.495454	0.485045	0.486	0.43147	0.432361	0.435326	0.429076	0.427492	0.430041	0.519445	0.490057	0.490569	0.489843	0.48991	0.490128	0.503235	0.50118	0.504401	0.495722	0.496833	0.494856	0.44807	0.43313	0.436053	0.436597	0.437363	0.434862	0.497123	0.487006	0.485526	0.476471	0.498581	0.49432	0.462	0.467913	0.473317	0.449601	0.449688	0.449489
ERR610188-k20-n1-x5e9	0.506212	0.56932	0.595375	0.628205	0.628434	0.625718	0.395601	0.579009	0.382795	0.614986	0.549713	0.552008	0.404899	0	0.358268	0.439393	0.438723	0.441901	0.439509	0.424482	0.411921	0.41685	0.420458	0.416258	0.433903	0.411906	0.416768	0.413094	0.412336	0.416742	0.469366	0.449378	0.438382	0.430156	0.447166	0.441962	0.389477	0.399857	0.394242	0.392984	0.393664	0.393367	0.377653	0.387578	0.376342	0.51137	0.509155	0.507153	0.545097	0.558711	0.5571	0.509235	0.509044	0.511086	0.593181	0.579402	0.59404	0.578862	0.591654	0.593352	0.53953	0.548844	0.54938	0.483254	0.486544	0.482774	0.532637	0.569435	0.5858	0.576015	0.574219	0.576322	0.60532	0.610792	0.610849	0.565981	0.567972	0.563711	0.496481	0.53364	0.552173	0.553341	0.556613	0.533857	0.625135	0.608333	0.605033	0.597191	0.607097	0.603577	0.582216	0.598002	0.599122	0.559952	0.564759	0.565661
ERR610189-k20-n1-x5e9	0.376458	0.427987	0.453818	0.492278	0.492565	0.489329	0.330442	0.451021	0.470286	0.487966	0.448151	0.448633	0.258273	0.358268	0	0.286804	0.286069	0.288523	0.36218	0.364753	0.357851	0.356899	0.360928	0.357908	0.499378	0.39592	0.383926	0.445891	0.440117	0.454616	0.357938	0.350563	0.345257	0.337195	0.366071	0.362304	0.465326	0.485466	0.337083	0.341377	0.342921	0.344445	0.334041	0.328849	0.338956	0.376961	0.374386	0.373169	0.466392	0.468915	0.471967	0.452484	0.451383	0.451529	0.501956	0.506617	0.502958	0.508243	0.504544	0.505724	0.447741	0.451571	0.454127	0.426563	0.426242	0.42707	0.513177	0.500257	0.505507	0.502107	0.501812	0.502442	0.521525	0.521542	0.524145	0.502568	0.504119	0.501349	0.444758	0.444996	0.453759	0.454332	0.456336	0.446521	0.523245	0.510638	0.508705	0.499725	0.519254	0.515029	0.484315	0.493742	0.498402	0.467574	0.468941	0.468984
ERR610190-k20-n1-x5e9	0.346061	0.373503	0.392872	0.41981	0.419887	0.417121	0.355719	0.37582	0.536539	0.409567	0.383012	0.382452	0.255973	0.439393	0.286804	0	0.237884	0.237853	0.358016	0.371409	0.373148	0.367945	0.369757	0.369265	0.558115	0.449241	0.435176	0.511472	0.504384	0.519861	0.328332	0.335131	0.336558	0.336451	0.35086	0.350592	0.543252	0.56192	0.378776	0.381375	0.380667	0.380917	0.387567	0.376479	0.397631	0.325923	0.324538	0.324818	0.439012	0.435205	0.437582	0.458913	0.457199	0.456085	0.452888	0.465311	0.453926	0.469226	0.455662	0.45661	0.410987	0.410407	0.411565	0.43141	0.427943	0.432122	0.508116	0.469706	0.467947	0.468698	0.468421	0.468304	0.476506	0.474246	0.476589	0.482961	0.482484	0.48182	0.446536	0.424746	0.422932	0.424614	0.42345	0.426236	0.464369	0.454485	0.453043	0.445468	0.464375	0.460516	0.43667	0.441498	0.444291	0.431462	0.432159	0.431825
ERR610191-k20-n1-x5e9	0.345397	0.373016	0.392197	0.419763	0.419889	0.417236	0.356571	0.377224	0.536497	0.41069	0.385166	0.384504	0.25536	0.438723	0.286069	0.237884	0	0.237884	0.359039	0.372207	0.373709	0.368505	0.370524	0.370199	0.557327	0.448151	0.43394	0.510284	0.503434	0.518768	0.329363	0.336149	0.337747	0.33697	0.351929	0.351842	0.542702	0.561582	0.378597	0.381298	0.3806	0.38111	0.386913	0.375879	0.396937	0.326303	0.325188	0.325042	0.440086	0.435999	0.438486	0.459265	0.457473	0.456195	0.45436	0.467184	0.4554	0.471037	0.45718	0.458088	0.412002	0.411342	0.412684	0.431832	0.428335	0.432507	0.509071	0.471046	0.468993	0.469673	0.469617	0.469438	0.477896	0.475593	0.477958	0.483981	0.483629	0.482932	0.447226	0.425287	0.423564	0.425247	0.423998	0.426677	0.465681	0.456081	0.454744	0.447135	0.466196	0.462357	0.437864	0.442406	0.445402	0.432581	0.432855	0.43261
ERR610192-k20-n1-x5e9	0.345759	0.372157	0.391203	0.417908	0.418149	0.415334	0.357923	0.374896	0.538719	0.408328	0.383272	0.382563	0.256499	0.441901	0.288523	0.237853	0.237884	0	0.359849	0.373333	0.375273	0.369908	0.3717	0.371216	0.560024	0.451175	0.436943	0.513309	0.506232	0.521748	0.32912	0.336297	0.338434	0.337854	0.352171	0.352547	0.545663	0.56443	0.381126	0.38367	0.383068	0.383357	0.389479	0.378115	0.399725	0.325483	0.324245	0.324439	0.439594	0.435247	0.437859	0.460006	0.458169	0.456802	0.452163	0.465101	0.453303	0.46899	0.455046	0.456166	0.410774	0.410443	0.411373	0.43252	0.428676	0.433167	0.509391	0.470239	0.467989	0.469016	0.468665	0.468706	0.476183	0.473719	0.475977	0.483048	0.482514	0.482215	0.447797	0.425256	0.422997	0.4247	0.423494	0.426548	0.463678	0.4539	0.452753	0.4451	0.464153	0.460347	0.436247	0.440643	0.443641	0.431554	0.432089	0.431642
ERR605581-k20-n1-x5e9	0.382705	0.428934	0.450263	0.468738	0.468293	0.466523	0.316178	0.392351	0.480368	0.4284	0.365698	0.366777	0.363662	0.439509	0.36218	0.358016	0.359039	0.359849	0	0.260682	0.265754	0.263125	0.262526	0.263511	0.516438	0.42196	0.414334	0.479436	0.471871	0.48537	0.313969	0.306527	0.306238	0.307948	0.308534	0.306785	0.501575	0.517956	0.350476	0.347213	0.345056	0.343409	0.377966	0.373903	0.386984	0.368174	0.367561	0.366688	0.477848	0.481909	0.47973	0.490387	0.489138	0.488282	0.493604	0.499755	0.494861	0.505599	0.493027	0.494871	0.455567	0.459058	0.457851	0.458687	0.456435	0.459451	0.502987	0.493877	0.49986	0.49651	0.492874	0.493991	0.518382	0.519115	0.518451	0.52105	0.520318	0.519758	0.455529	0.457782	0.462468	0.466188	0.466116	0.458287	0.487795	0.474881	0.474245	0.470177	0.474999	0.472326	0.489882	0.497524	0.495413	0.485239	0.488832	0.488742
ERR605582-k20-n1-x5e9	0.397537	0.448068	0.470155	0.489594	0.489267	0.487377	0.314702	0.413683	0.463609	0.450448	0.379938	0.3815	0.372647	0.424482	0.364753	0.371409	0.372207	0.373333	0.260682	0	0.263269	0.26217	0.26176	0.262588	0.504365	0.416852	0.411273	0.470264	0.462946	0.475818	0.326844	0.315223	0.313365	0.314327	0.312447	0.310342	0.488573	0.503351	0.348474	0.344276	0.341695	0.339589	0.375014	0.373162	0.384128	0.385673	0.385003	0.383713	0.485819	0.491852	0.489083	0.494037	0.492752	0.492295	0.506044	0.508521	0.507116	0.513872	0.504741	0.506625	0.465782	0.470487	0.468973	0.462333	0.460343	0.462624	0.501695	0.501275	0.509218	0.504653	0.500747	0.502119	0.528987	0.530755	0.529672	0.526553	0.52603	0.525127	0.458639	0.46722	0.474339	0.477724	0.478034	0.46776	0.503422	0.489412	0.488394	0.484422	0.487408	0.484781	0.502141	0.511458	0.509083	0.495527	0.4995	0.499719
ERR605583-k20-n1-x5e9	0.4005	0.453495	0.476384	0.498304	0.498013	0.496074	0.311483	0.424001	0.453098	0.460689	0.394183	0.395919	0.369783	0.411921	0.357851	0.373148	0.373709	0.375273	0.265754	0.263269	0	0.261876	0.262609	0.261826	0.491698	0.404706	0.399703	0.456727	0.449442	0.462098	0.331976	0.319569	0.314872	0.314205	0.318328	0.315835	0.472673	0.488806	0.339046	0.337696	0.335509	0.333845	0.36404	0.362755	0.371781	0.389503	0.388409	0.387014	0.486599	0.493165	0.490959	0.489135	0.487884	0.48775	0.50984	0.511708	0.510886	0.516716	0.508807	0.51054	0.467175	0.472447	0.471426	0.457812	0.456299	0.458174	0.500984	0.503116	0.511833	0.506599	0.503598	0.50524	0.532183	0.534024	0.533229	0.526606	0.526515	0.52503	0.454781	0.466259	0.474844	0.477833	0.478534	0.466526	0.509747	0.495787	0.493938	0.489466	0.494618	0.491925	0.504837	0.514519	0.512661	0.496582	0.5004	0.500672
ERR605584-k20-n1-x5e9	0.395582	0.447385	0.470087	0.49114	0.490801	0.488922	0.311781	0.417057	0.459175	0.453522	0.387475	0.389005	0.366648	0.41685	0.356899	0.367945	0.368505	0.369908	0.263125	0.26217	0.261876	0	0.259631	0.259613	0.496572	0.407601	0.401768	0.460894	0.453875	0.466581	0.3275	0.316073	0.312154	0.311663	0.315252	0.31267	0.479312	0.495908	0.341417	0.338461	0.336408	0.334996	0.366345	0.364479	0.374718	0.384224	0.383385	0.381828	0.483635	0.48961	0.4875	0.488144	0.487006	0.486894	0.505379	0.507893	0.506431	0.513106	0.504396	0.506124	0.463837	0.468402	0.467247	0.456845	0.455116	0.456846	0.500458	0.500269	0.508247	0.503475	0.500405	0.501828	0.528161	0.529804	0.529119	0.524391	0.523991	0.522625	0.453834	0.463241	0.471133	0.474194	0.474796	0.463669	0.504454	0.490648	0.489042	0.484482	0.489705	0.486892	0.500606	0.510042	0.508026	0.493075	0.497052	0.49724
ERR605585-k20-n1-x5e9	0.397569	0.448581	0.471081	0.491058	0.49069	0.488871	0.314076	0.415683	0.461498	0.452153	0.384601	0.386105	0.370141	0.420458	0.360928	0.369757	0.370524	0.3717	0.262526	0.26176	0.262609	0.259631	0	0.259717	0.49918	0.410999	0.405383	0.46471	0.457421	0.470229	0.327413	0.316422	0.312455	0.312878	0.31419	0.312311	0.483767	0.499803	0.345268	0.342117	0.339953	0.338087	0.370588	0.368723	0.379312	0.38481	0.383735	0.382762	0.483406	0.489585	0.487089	0.490047	0.488672	0.488433	0.504133	0.506601	0.505224	0.511715	0.502882	0.504715	0.463208	0.468093	0.466835	0.458025	0.456267	0.458271	0.499876	0.499478	0.50765	0.502733	0.49949	0.500874	0.527058	0.528858	0.527883	0.524077	0.523543	0.522519	0.454986	0.464312	0.471837	0.47507	0.475566	0.464605	0.503134	0.489319	0.487655	0.483309	0.487882	0.485207	0.499981	0.509217	0.507191	0.493099	0.496865	0.497255
ERR605586-k20-n1-x5e9	0.396905	0.448705	0.471375	0.492139	0.491744	0.489864	0.312582	0.417787	0.458851	0.453968	0.388235	0.389754	0.367687	0.416258	0.357908	0.369265	0.370199	0.371216	0.263511	0.262588	0.261826	0.259613	0.259717	0	0.4954	0.406837	0.401072	0.459882	0.453132	0.465985	0.328704	0.317255	0.313092	0.31235	0.316234	0.313612	0.479027	0.495405	0.342026	0.339313	0.337122	0.335651	0.366145	0.364493	0.374839	0.385229	0.38396	0.3827	0.484093	0.490234	0.488221	0.488753	0.487443	0.48717	0.505413	0.507814	0.506517	0.512988	0.504528	0.506143	0.464162	0.468955	0.467947	0.456942	0.455422	0.457287	0.500438	0.500719	0.508997	0.504241	0.501292	0.502554	0.528404	0.529983	0.529231	0.524696	0.524332	0.522991	0.454475	0.464211	0.472235	0.475187	0.475935	0.464548	0.504902	0.491166	0.489551	0.484945	0.490233	0.48742	0.501114	0.510501	0.508364	0.493787	0.497565	0.497868
ERR607585-k20-n1-x5e9	0.561471	0.619067	0.6422	0.668415	0.668535	0.666195	0.490078	0.634165	0.425702	0.659017	0.612211	0.613728	0.533213	0.433903	0.499378	0.558115	0.557327	0.560024	0.516438	0.504365	0.491698	0.496572	0.49918	0.4954	0	0.367955	0.3849	0.336007	0.337014	0.332101	0.562375	0.547105	0.538452	0.53156	0.54646	0.542276	0.425379	0.42834	0.47695	0.476163	0.476557	0.476458	0.457239	0.466521	0.455139	0.574205	0.572368	0.570029	0.638423	0.649305	0.647582	0.61115	0.611526	0.612777	0.678093	0.678662	0.678855	0.682888	0.676712	0.677822	0.628749	0.636082	0.635923	0.585396	0.587744	0.58524	0.625626	0.652279	0.666163	0.658303	0.656975	0.658201	0.689601	0.692234	0.690974	0.669566	0.670791	0.667812	0.576214	0.607592	0.624384	0.624502	0.627938	0.607349	0.686477	0.676209	0.674313	0.6706	0.674957	0.673108	0.663931	0.673976	0.673281	0.650031	0.653903	0.65445
ERR607586-k20-n1-x5e9	0.443165	0.503622	0.529196	0.561793	0.562052	0.55932	0.395364	0.531892	0.443738	0.558768	0.523304	0.523792	0.421953	0.411906	0.39592	0.449241	0.448151	0.451175	0.42196	0.416852	0.404706	0.407601	0.410999	0.406837	0.367955	0	0.288868	0.318403	0.313823	0.325474	0.462741	0.451097	0.444138	0.434891	0.459582	0.454806	0.426984	0.443346	0.381045	0.384111	0.385565	0.386954	0.362479	0.365877	0.361741	0.461179	0.45907	0.456885	0.563417	0.569617	0.570686	0.539492	0.539498	0.540145	0.601312	0.613096	0.602224	0.61883	0.602331	0.603408	0.547816	0.552702	0.554018	0.513335	0.514717	0.513752	0.578408	0.583202	0.592553	0.58735	0.586493	0.587269	0.618048	0.617746	0.617645	0.605439	0.607169	0.604449	0.505084	0.52102	0.535744	0.535258	0.538519	0.521721	0.60248	0.594311	0.592856	0.588653	0.598585	0.596231	0.583112	0.590085	0.591308	0.570773	0.572927	0.57309
ERR607587-k20-n1-x5e9	0.42651	0.486041	0.511584	0.546006	0.546324	0.543409	0.387959	0.518799	0.453981	0.545483	0.514787	0.515129	0.407186	0.416768	0.383926	0.435176	0.43394	0.436943	0.414334	0.411273	0.399703	0.401768	0.405383	0.401072	0.3849	0.288868	0	0.328692	0.3238	0.337201	0.451796	0.441455	0.434809	0.425191	0.452898	0.447817	0.434131	0.452049	0.372347	0.376866	0.379001	0.380383	0.354538	0.355957	0.35445	0.445998	0.443708	0.441244	0.556442	0.561247	0.563256	0.532374	0.532558	0.533189	0.593959	0.608454	0.594841	0.614192	0.595677	0.596624	0.540078	0.54421	0.546064	0.506842	0.508716	0.507752	0.577757	0.577901	0.585956	0.581405	0.580667	0.581396	0.611252	0.610085	0.610666	0.599897	0.601954	0.59915	0.499437	0.511151	0.525184	0.524268	0.527882	0.512076	0.593469	0.586198	0.584944	0.580474	0.592207	0.589683	0.57464	0.580652	0.582635	0.562554	0.563811	0.563951
ERR607588-k20-n1-x5e9	0.50864	0.568463	0.593064	0.62554	0.625885	0.623313	0.44635	0.597436	0.423723	0.62387	0.58565	0.586744	0.479494	0.413094	0.445891	0.511472	0.510284	0.513309	0.479436	0.470264	0.456727	0.460894	0.46471	0.459882	0.336007	0.318403	0.328692	0	0.300362	0.301922	0.521349	0.50701	0.498848	0.488816	0.513625	0.508508	0.40272	0.414012	0.428469	0.430475	0.432531	0.433807	0.404943	0.412791	0.400475	0.52872	0.526635	0.524315	0.609627	0.617859	0.61828	0.57724	0.577525	0.578784	0.650378	0.656982	0.651193	0.661017	0.650814	0.651881	0.597632	0.60342	0.604946	0.551796	0.554601	0.552171	0.614681	0.629006	0.63999	0.633684	0.632601	0.633672	0.664622	0.665435	0.665426	0.643624	0.645932	0.64249	0.546976	0.57086	0.587334	0.586839	0.590704	0.571228	0.656823	0.647566	0.646029	0.641436	0.650779	0.648299	0.633641	0.642013	0.643442	0.618377	0.620928	0.621346
ERR607589-k20-n1-x5e9	0.50163	0.56151	0.586107	0.618768	0.619076	0.616361	0.439554	0.589733	0.42403	0.616207	0.577706	0.578644	0.473043	0.412336	0.440117	0.504384	0.503434	0.506232	0.471871	0.462946	0.449442	0.453875	0.457421	0.453132	0.337014	0.313823	0.3238	0.300362	0	0.302261	0.514476	0.500088	0.491901	0.482344	0.50668	0.501575	0.404218	0.415546	0.423043	0.424453	0.426363	0.427569	0.40014	0.407454	0.39639	0.521186	0.518935	0.516482	0.604364	0.612068	0.612704	0.573421	0.573243	0.574505	0.644585	0.651525	0.645563	0.65589	0.645095	0.646143	0.591721	0.597525	0.59899	0.547394	0.549922	0.547606	0.609912	0.623417	0.634419	0.628222	0.627218	0.628086	0.659104	0.659855	0.659802	0.6391	0.641174	0.637903	0.541822	0.565118	0.58144	0.581008	0.584765	0.565462	0.6507	0.641469	0.639967	0.635325	0.644452	0.642025	0.627775	0.636151	0.637569	0.612775	0.615414	0.615808
ERR607590-k20-n1-x5e9	0.518215	0.577593	0.601944	0.633764	0.634155	0.631573	0.452941	0.604305	0.422034	0.630676	0.591051	0.592137	0.488641	0.416742	0.454616	0.519861	0.518768	0.521748	0.48537	0.475818	0.462098	0.466581	0.470229	0.465985	0.332101	0.325474	0.337201	0.301922	0.302261	0	0.528167	0.513062	0.505205	0.495582	0.51908	0.514056	0.402634	0.412858	0.436519	0.437708	0.439456	0.440535	0.41393	0.421796	0.409129	0.537346	0.53503	0.532721	0.61589	0.624177	0.624314	0.584569	0.584609	0.585876	0.655616	0.661264	0.656545	0.665399	0.655915	0.6571	0.603511	0.609577	0.610807	0.558463	0.561307	0.558659	0.61933	0.634464	0.645681	0.639435	0.638147	0.639253	0.669732	0.67091	0.670733	0.649058	0.65091	0.647702	0.553376	0.577925	0.594307	0.594071	0.597803	0.578242	0.662564	0.652952	0.651401	0.646847	0.655519	0.653158	0.639825	0.648352	0.649588	0.624758	0.627383	0.627767
ERR605737-k20-n1-x5e9	0.374962	0.406293	0.424352	0.442503	0.442002	0.440462	0.327053	0.351251	0.516547	0.390443	0.342374	0.342274	0.343035	0.469366	0.357938	0.328332	0.329363	0.32912	0.313969	0.326844	0.331976	0.3275	0.327413	0.328704	0.562375	0.462741	0.451796	0.521349	0.514476	0.528167	0	0.247125	0.25249	0.257474	0.262371	0.262799	0.525158	0.541899	0.361644	0.361676	0.360005	0.358942	0.389048	0.381051	0.398864	0.335879	0.335581	0.335535	0.456657	0.455508	0.455104	0.480631	0.4788	0.477536	0.459022	0.465772	0.46029	0.470266	0.460259	0.461999	0.431439	0.43275	0.432153	0.452395	0.448869	0.453054	0.50746	0.477382	0.477308	0.477186	0.474843	0.475133	0.489352	0.488926	0.489554	0.497585	0.496155	0.496186	0.461927	0.448181	0.446623	0.450491	0.449221	0.449819	0.455671	0.442372	0.44133	0.434681	0.448072	0.444271	0.46236	0.468366	0.468048	0.459375	0.46146	0.46138
ERR605738-k20-n1-x5e9	0.382838	0.421559	0.441514	0.461602	0.461253	0.459587	0.314669	0.370293	0.496493	0.410815	0.351907	0.352546	0.343671	0.449378	0.350563	0.335131	0.336149	0.336297	0.306527	0.315223	0.319569	0.316073	0.316422	0.317255	0.547105	0.451097	0.441455	0.50701	0.500088	0.513062	0.247125	0	0.247392	0.251499	0.255681	0.255287	0.505234	0.521677	0.348723	0.347705	0.345674	0.344825	0.37616	0.370059	0.38553	0.347337	0.346755	0.346229	0.46038	0.461651	0.460832	0.4785	0.476794	0.475658	0.46877	0.471567	0.470077	0.475439	0.469418	0.471186	0.437775	0.44053	0.439632	0.449643	0.446777	0.450175	0.502367	0.481037	0.48362	0.481705	0.479007	0.479586	0.497223	0.498097	0.498506	0.498991	0.497812	0.49742	0.458748	0.452111	0.453475	0.457523	0.456607	0.453303	0.468916	0.453923	0.452739	0.445957	0.457565	0.453786	0.471792	0.479734	0.479156	0.466187	0.46894	0.46891
ERR605739-k20-n1-x5e9	0.388177	0.429642	0.450281	0.471443	0.470938	0.46919	0.309574	0.379886	0.486716	0.420968	0.360847	0.361423	0.342212	0.438382	0.345257	0.336558	0.337747	0.338434	0.306238	0.313365	0.314872	0.312154	0.312455	0.313092	0.538452	0.444138	0.434809	0.498848	0.491901	0.505205	0.25249	0.247392	0	0.249101	0.256906	0.255454	0.495609	0.512421	0.342445	0.343057	0.340954	0.339737	0.368983	0.363814	0.378398	0.352851	0.352171	0.351222	0.460016	0.462292	0.461415	0.474984	0.473263	0.47236	0.470841	0.471797	0.472111	0.475268	0.471332	0.473041	0.43828	0.44165	0.441103	0.44615	0.443767	0.446642	0.498337	0.480828	0.484418	0.48196	0.479692	0.480436	0.498402	0.499767	0.500057	0.497663	0.49682	0.496096	0.455765	0.452249	0.454919	0.458675	0.458129	0.453482	0.474176	0.459069	0.456695	0.449982	0.461955	0.458103	0.473502	0.482267	0.481664	0.466703	0.46957	0.469685
ERR605740-k20-n1-x5e9	0.385393	0.429058	0.450398	0.474797	0.474421	0.472501	0.305833	0.388083	0.479786	0.428613	0.372554	0.37329	0.336366	0.430156	0.337195	0.336451	0.33697	0.337854	0.307948	0.314327	0.314205	0.311663	0.312878	0.31235	0.53156	0.434891	0.425191	0.488816	0.482344	0.495582	0.257474	0.251499	0.249101	0	0.262223	0.259981	0.484767	0.502241	0.334378	0.334876	0.333731	0.333385	0.359371	0.354127	0.367976	0.35427	0.353496	0.352374	0.464064	0.466566	0.466228	0.473275	0.471608	0.47106	0.478123	0.480206	0.479469	0.483577	0.479137	0.480705	0.443275	0.446568	0.446396	0.445051	0.44298	0.44568	0.503075	0.486753	0.490481	0.487798	0.485737	0.48663	0.505501	0.506481	0.507182	0.501676	0.501274	0.500175	0.455933	0.452789	0.456875	0.459913	0.459707	0.453978	0.481579	0.466914	0.464849	0.4573	0.471229	0.467333	0.478805	0.487574	0.487797	0.470426	0.472907	0.473017
ERR605741-k20-n1-x5e9	0.402226	0.443504	0.46324	0.478283	0.477857	0.476413	0.320068	0.381472	0.491171	0.422373	0.343005	0.344836	0.363522	0.447166	0.366071	0.35086	0.351929	0.352171	0.308534	0.312447	0.318328	0.315252	0.31419	0.316234	0.54646	0.459582	0.452898	0.513625	0.50668	0.51908	0.262371	0.255681	0.256906	0.262223	0	0.246702	0.510988	0.525076	0.35934	0.353777	0.350598	0.347559	0.387707	0.383307	0.398185	0.364141	0.363618	0.362969	0.463761	0.467503	0.464457	0.486006	0.484474	0.483487	0.472222	0.468916	0.473442	0.472792	0.470829	0.472855	0.442705	0.446726	0.444761	0.455813	0.452668	0.455624	0.492033	0.480356	0.485731	0.482247	0.478367	0.479435	0.498799	0.501445	0.500592	0.500407	0.498743	0.498404	0.462319	0.462559	0.464839	0.469428	0.468032	0.463136	0.474735	0.457929	0.456	0.450401	0.454603	0.451468	0.477683	0.487595	0.484846	0.472778	0.47729	0.477264
ERR605742-k20-n1-x5e9	0.401415	0.443955	0.463908	0.480764	0.480365	0.478766	0.316644	0.385056	0.486221	0.426042	0.347896	0.3498	0.361144	0.441962	0.362304	0.350592	0.351842	0.352547	0.306785	0.310342	0.315835	0.31267	0.312311	0.313612	0.542276	0.454806	0.447817	0.508508	0.501575	0.514056	0.262799	0.255287	0.255454	0.259981	0.246702	0	0.504667	0.518882	0.354354	0.349069	0.346099	0.343409	0.382477	0.378632	0.392505	0.364907	0.364472	0.36363	0.464973	0.469036	0.46594	0.484684	0.483276	0.482156	0.475199	0.472054	0.47634	0.475786	0.47392	0.475889	0.444443	0.448478	0.446754	0.454436	0.451475	0.454515	0.492916	0.482219	0.487923	0.484437	0.480407	0.481604	0.501431	0.503997	0.503363	0.501466	0.500203	0.499464	0.461307	0.462363	0.465402	0.469793	0.468719	0.463192	0.477816	0.460954	0.459115	0.453206	0.458321	0.454985	0.479924	0.489657	0.487309	0.474323	0.478613	0.47873
ERR605781-k20-n1-x5e9	0.561051	0.620147	0.644533	0.678448	0.678643	0.676087	0.454782	0.630969	0.394747	0.661611	0.612308	0.613736	0.506251	0.389477	0.465326	0.543252	0.542702	0.545663	0.501575	0.488573	0.472673	0.479312	0.483767	0.479027	0.425379	0.426984	0.434131	0.40272	0.404218	0.402634	0.525158	0.505234	0.495609	0.484767	0.510988	0.504667	0	0.308387	0.401042	0.402667	0.405229	0.406985	0.408723	0.420868	0.401413	0.560607	0.558338	0.555985	0.626161	0.637024	0.637443	0.583817	0.583751	0.586087	0.670699	0.666088	0.671543	0.666775	0.670649	0.671868	0.619999	0.627857	0.629583	0.561254	0.564892	0.561422	0.620736	0.64794	0.661546	0.653508	0.652413	0.654095	0.683316	0.686764	0.687141	0.646795	0.649627	0.645564	0.565641	0.598859	0.617021	0.617253	0.621279	0.599319	0.674344	0.660936	0.658462	0.651607	0.662444	0.659447	0.658289	0.670699	0.672836	0.636747	0.640276	0.640926
ERR605782-k20-n1-x5e9	0.579333	0.637644	0.661265	0.693804	0.69396	0.691389	0.471834	0.646007	0.393076	0.676044	0.624479	0.626179	0.526422	0.399857	0.485466	0.56192	0.561582	0.56443	0.517956	0.503351	0.488806	0.495908	0.499803	0.495405	0.42834	0.443346	0.452049	0.414012	0.415546	0.412858	0.541899	0.521677	0.512421	0.502241	0.525076	0.518882	0.308387	0	0.421933	0.42232	0.42466	0.425688	0.428367	0.441042	0.421652	0.57874	0.576381	0.5741	0.639625	0.650713	0.650721	0.598257	0.598265	0.600342	0.684208	0.67856	0.685144	0.679184	0.683819	0.685153	0.63472	0.642712	0.644038	0.576107	0.579827	0.576179	0.629612	0.659951	0.674112	0.665816	0.664081	0.665896	0.696136	0.699797	0.699922	0.659738	0.662291	0.658461	0.579505	0.614162	0.632313	0.632696	0.636617	0.61448	0.687368	0.673688	0.671507	0.664856	0.674121	0.671223	0.672599	0.684976	0.686797	0.651333	0.655001	0.65562
ERR605783-k20-n1-x5e9	0.398696	0.456409	0.482235	0.51625	0.516307	0.513456	0.321296	0.457998	0.449727	0.492461	0.445046	0.445918	0.355907	0.394242	0.337083	0.378776	0.378597	0.381126	0.350476	0.348474	0.339046	0.341417	0.345268	0.342026	0.47695	0.381045	0.372347	0.428469	0.423043	0.436519	0.361644	0.348723	0.342445	0.334378	0.35934	0.354354	0.401042	0.421933	0	0.271469	0.272642	0.273558	0.318757	0.317796	0.322769	0.389893	0.387834	0.385716	0.506099	0.511966	0.513127	0.488726	0.487883	0.488244	0.541896	0.54845	0.542875	0.552207	0.542793	0.544077	0.490571	0.495566	0.496959	0.462114	0.462429	0.462576	0.530024	0.530146	0.53879	0.533508	0.53202	0.53322	0.561903	0.562294	0.563027	0.54439	0.546013	0.543184	0.462513	0.473826	0.485843	0.486615	0.489019	0.474388	0.530191	0.518085	0.516053	0.50998	0.522152	0.519072	0.52714	0.536581	0.538585	0.511788	0.514483	0.51482
ERR605784-k20-n1-x5e9	0.399505	0.458472	0.484377	0.517345	0.51728	0.514672	0.321814	0.458324	0.448667	0.493016	0.437761	0.439027	0.360367	0.392984	0.341377	0.381375	0.381298	0.38367	0.347213	0.344276	0.337696	0.338461	0.342117	0.339313	0.476163	0.384111	0.376866	0.430475	0.424453	0.437708	0.361676	0.347705	0.343057	0.334876	0.353777	0.349069	0.402667	0.42232	0.271469	0	0.266248	0.266137	0.323973	0.323818	0.328664	0.393163	0.391076	0.3892	0.507627	0.514215	0.514573	0.491867	0.491205	0.491706	0.544053	0.549481	0.545114	0.553721	0.544353	0.545611	0.492908	0.498143	0.499268	0.464043	0.464577	0.464532	0.528396	0.530981	0.540348	0.534717	0.531844	0.533469	0.56438	0.565113	0.565346	0.546031	0.546981	0.544645	0.463017	0.476101	0.487916	0.489339	0.491497	0.476288	0.531024	0.518394	0.516942	0.511042	0.520123	0.517099	0.5301	0.539689	0.541228	0.514159	0.517962	0.518237
ERR605785-k20-n1-x5e9	0.400588	0.458989	0.484567	0.516174	0.516254	0.513558	0.321789	0.455783	0.448948	0.490353	0.433497	0.434871	0.361465	0.393664	0.342921	0.380667	0.3806	0.383068	0.345056	0.341695	0.335509	0.336408	0.339953	0.337122	0.476557	0.385565	0.379001	0.432531	0.426363	0.439456	0.360005	0.345674	0.340954	0.333731	0.350598	0.346099	0.405229	0.42466	0.272642	0.266248	0	0.265661	0.326389	0.326287	0.331428	0.392171	0.390307	0.388343	0.505532	0.512431	0.512401	0.491659	0.491036	0.491513	0.541009	0.545951	0.54209	0.550235	0.541053	0.542439	0.490485	0.495849	0.496521	0.463328	0.463581	0.463707	0.524935	0.528074	0.537593	0.531796	0.528926	0.530429	0.561133	0.562067	0.562229	0.543746	0.54487	0.542404	0.461731	0.47522	0.486728	0.488367	0.490507	0.475276	0.527464	0.514536	0.513213	0.507524	0.515609	0.512517	0.527331	0.537165	0.538061	0.512012	0.51593	0.516293
ERR605786-k20-n1-x5e9	0.401268	0.459746	0.485305	0.516192	0.516254	0.513599	0.320184	0.454072	0.44796	0.488775	0.429448	0.430978	0.362906	0.393367	0.344445	0.380917	0.38111	0.383357	0.343409	0.339589	0.333845	0.334996	0.338087	0.335651	0.476458	0.386954	0.380383	0.433807	0.427569	0.440535	0.358942	0.344825	0.339737	0.333385	0.347559	0.343409	0.406985	0.425688	0.273558	0.266137	0.265661	0	0.327324	0.327583	0.332878	0.391999	0.39019	0.388213	0.504471	0.51163	0.511236	0.491703	0.490919	0.491554	0.53979	0.544053	0.540921	0.548413	0.539505	0.541022	0.489657	0.49525	0.49576	0.463303	0.463449	0.463469	0.522357	0.526132	0.536139	0.530134	0.526969	0.528722	0.560068	0.561207	0.561246	0.542835	0.543968	0.541453	0.460924	0.475266	0.486889	0.488776	0.490695	0.475473	0.526194	0.513073	0.511654	0.506113	0.513288	0.510419	0.526893	0.536909	0.537502	0.511962	0.51605	0.516437
ERR608811-k20-n1-x5e9	0.397504	0.457121	0.483774	0.52032	0.52053	0.517536	0.33559	0.480823	0.440244	0.51495	0.470758	0.47191	0.358387	0.377653	0.334041	0.387567	0.386913	0.389479	0.377966	0.375014	0.36404	0.366345	0.370588	0.366145	0.457239	0.362479	0.354538	0.404943	0.40014	0.41393	0.389048	0.37616	0.368983	0.359371	0.387707	0.382477	0.408723	0.428367	0.318757	0.323973	0.326389	0.327324	0	0.264681	0.265983	0.370128	0.367332	0.364994	0.500805	0.506573	0.508572	0.474602	0.4741	0.474763	0.537538	0.54243	0.538575	0.545265	0.539256	0.540482	0.48567	0.491287	0.493388	0.448207	0.449815	0.448694	0.52583	0.529327	0.538588	0.532757	0.532218	0.533342	0.557423	0.558225	0.559505	0.534482	0.536729	0.533342	0.456098	0.470164	0.484104	0.484187	0.487247	0.471165	0.548767	0.536391	0.534315	0.526676	0.542406	0.538555	0.524007	0.533941	0.537019	0.506492	0.508783	0.509137
