	ERR608013-k20-n1-x5e9	ERR608014-k20-n1-x5e9	ERR608015-k20-n1-x5e9	ERR608016-k20-n1-x5e9	ERR608017-k20-n1-x5e9	ERR608018-k20-n1-x5e9	ERR610247-k20-n1-x5e9	ERR610248-k20-n1-x5e9	ERR610249-k20-n1-x5e9	ERR610250-k20-n1-x5e9	ERR610251-k20-n1-x5e9	ERR610252-k20-n1-x5e9	ERR608257-k20-n1-x5e9	ERR608258-k20-n1-x5e9	ERR608259-k20-n1-x5e9	ERR608260-k20-n1-x5e9	ERR608261-k20-n1-x5e9	ERR608262-k20-n1-x5e9	ERR605327-k20-n1-x5e9	ERR605328-k20-n1-x5e9	ERR605329-k20-n1-x5e9	ERR605330-k20-n1-x5e9	ERR605331-k20-n1-x5e9	ERR605332-k20-n1-x5e9	ERR608695-k20-n1-x5e9	ERR608696-k20-n1-x5e9	ERR608697-k20-n1-x5e9	ERR608698-k20-n1-x5e9	ERR608699-k20-n1-x5e9	ERR608700-k20-n1-x5e9	ERR607176-k20-n1-x5e9	ERR607177-k20-n1-x5e9	ERR607178-k20-n1-x5e9	ERR607179-k20-n1-x5e9	ERR607180-k20-n1-x5e9	ERR607181-k20-n1-x5e9	ERR607597-k20-n1-x5e9	ERR607598-k20-n1-x5e9	ERR607599-k20-n1-x5e9	ERR607600-k20-n1-x5e9	ERR607601-k20-n1-x5e9	ERR607602-k20-n1-x5e9	ERR605713-k20-n1-x5e9	ERR605714-k20-n1-x5e9	ERR605715-k20-n1-x5e9	ERR605716-k20-n1-x5e9	ERR605717-k20-n1-x5e9	ERR605718-k20-n1-x5e9	ERR606654-k20-n1-x5e9	ERR606655-k20-n1-x5e9	ERR606656-k20-n1-x5e9	ERR606657-k20-n1-x5e9	ERR606658-k20-n1-x5e9	ERR606659-k20-n1-x5e9	ERR608439-k20-n1-x5e9	ERR608440-k20-n1-x5e9	ERR608441-k20-n1-x5e9	ERR608442-k20-n1-x5e9	ERR608443-k20-n1-x5e9	ERR608444-k20-n1-x5e9	ERR605934-k20-n1-x5e9	ERR605935-k20-n1-x5e9	ERR605936-k20-n1-x5e9	ERR605937-k20-n1-x5e9	ERR605938-k20-n1-x5e9	ERR605939-k20-n1-x5e9	ERR607781-k20-n1-x5e9	ERR607782-k20-n1-x5e9	ERR607783-k20-n1-x5e9	ERR607784-k20-n1-x5e9	ERR607785-k20-n1-x5e9	ERR607786-k20-n1-x5e9	ERR608057-k20-n1-x5e9	ERR608058-k20-n1-x5e9	ERR608059-k20-n1-x5e9	ERR608060-k20-n1-x5e9	ERR608061-k20-n1-x5e9	ERR608062-k20-n1-x5e9	ERR605653-k20-n1-x5e9	ERR605654-k20-n1-x5e9	ERR605655-k20-n1-x5e9	ERR605656-k20-n1-x5e9	ERR605657-k20-n1-x5e9	ERR605658-k20-n1-x5e9	ERR606000-k20-n1-x5e9	ERR606001-k20-n1-x5e9	ERR606002-k20-n1-x5e9	ERR606003-k20-n1-x5e9	ERR606004-k20-n1-x5e9	ERR606005-k20-n1-x5e9	ERR605701-k20-n1-x5e9	ERR605702-k20-n1-x5e9	ERR605703-k20-n1-x5e9	ERR605704-k20-n1-x5e9	ERR605705-k20-n1-x5e9	ERR605706-k20-n1-x5e9
ERR608013-k20-n1-x5e9	0	0.30217	0.319839	0.357521	0.357406	0.355321	0.51843	0.392962	0.479557	0.554384	0.554168	0.556267	0.511602	0.555856	0.576295	0.617177	0.61878	0.616573	0.471412	0.401474	0.455301	0.441232	0.443359	0.443935	0.376642	0.438323	0.453524	0.437253	0.436368	0.435763	0.4638	0.547488	0.393293	0.490836	0.486626	0.376845	0.527256	0.500714	0.500682	0.52617	0.526502	0.525784	0.443703	0.423395	0.418785	0.407049	0.421311	0.416269	0.699478	0.649808	0.647182	0.634148	0.649155	0.646276	0.536151	0.540617	0.550908	0.551112	0.554715	0.541094	0.506124	0.557927	0.560874	0.511571	0.509843	0.508904	0.629781	0.640696	0.630937	0.644457	0.631466	0.632333	0.973352	0.97904	0.981968	0.98164	0.980097	0.980751	0.533258	0.519413	0.5179	0.51167	0.522249	0.518797	0.560482	0.586491	0.588225	0.550439	0.551184	0.549429	0.633252	0.624654	0.624113	0.618283	0.630555	0.627705
ERR608014-k20-n1-x5e9	0.30217	0	0.273418	0.30202	0.302213	0.300227	0.464194	0.385998	0.429907	0.50173	0.501245	0.503263	0.46349	0.499508	0.518562	0.561957	0.563635	0.561278	0.435942	0.424861	0.427017	0.410833	0.412671	0.41347	0.371183	0.388888	0.400053	0.386937	0.38651	0.386236	0.448046	0.499421	0.37886	0.447447	0.444056	0.387521	0.492747	0.476281	0.47342	0.490934	0.491406	0.490134	0.394343	0.378882	0.375957	0.363714	0.388079	0.382344	0.702344	0.623328	0.621813	0.623283	0.628013	0.627458	0.528381	0.51895	0.524516	0.52318	0.526508	0.519822	0.488807	0.513827	0.515838	0.479644	0.479197	0.478549	0.601714	0.621353	0.602805	0.625933	0.605436	0.605978	0.97118	0.970911	0.972213	0.972759	0.971429	0.971775	0.499087	0.489413	0.488886	0.482704	0.49988	0.495885	0.54856	0.549771	0.550894	0.52384	0.525401	0.523934	0.599131	0.593527	0.593749	0.587543	0.604182	0.601113
ERR608015-k20-n1-x5e9	0.319839	0.273418	0	0.286858	0.286847	0.285413	0.443652	0.38959	0.412691	0.480931	0.480512	0.482314	0.44544	0.477107	0.495327	0.539297	0.541013	0.538582	0.424633	0.438504	0.419411	0.403091	0.404738	0.405602	0.377186	0.374214	0.382949	0.372169	0.372026	0.371866	0.4435	0.480072	0.379417	0.431752	0.428683	0.397174	0.481358	0.469971	0.465666	0.4791	0.479739	0.478198	0.379053	0.366083	0.364469	0.352916	0.379802	0.37396	0.702586	0.614118	0.613049	0.620435	0.620951	0.621449	0.528731	0.514096	0.51714	0.515513	0.518487	0.515128	0.487418	0.500927	0.5024	0.473435	0.473378	0.472992	0.592068	0.615178	0.593211	0.620064	0.596528	0.59698	0.970902	0.968506	0.969177	0.970058	0.968766	0.969056	0.489864	0.482136	0.482306	0.476769	0.495224	0.491301	0.546217	0.537741	0.538455	0.517216	0.518948	0.517383	0.586743	0.582403	0.582885	0.576805	0.594874	0.591639
ERR608016-k20-n1-x5e9	0.357521	0.30202	0.286858	0	0.261633	0.262502	0.399514	0.387895	0.375574	0.428709	0.428523	0.429913	0.392286	0.421265	0.439423	0.480036	0.481817	0.479619	0.386798	0.456819	0.388245	0.377045	0.377729	0.378428	0.384997	0.351571	0.357496	0.350845	0.35059	0.350475	0.408585	0.42485	0.374265	0.385013	0.38316	0.411012	0.439555	0.436515	0.43218	0.437148	0.437581	0.435991	0.34025	0.33318	0.33477	0.329077	0.34533	0.341413	0.677064	0.575199	0.574933	0.593581	0.583722	0.586118	0.509742	0.4895	0.488795	0.48736	0.48908	0.489829	0.474583	0.474036	0.475305	0.461076	0.460375	0.460923	0.555564	0.581871	0.556618	0.588073	0.559314	0.559781	0.961844	0.958005	0.958136	0.959272	0.957755	0.958093	0.461985	0.458038	0.460025	0.458655	0.469013	0.466383	0.523571	0.504465	0.504973	0.494604	0.496002	0.495383	0.542183	0.538669	0.540168	0.535652	0.54998	0.547302
ERR608017-k20-n1-x5e9	0.357406	0.302213	0.286847	0.261633	0	0.262054	0.398296	0.386785	0.374526	0.427512	0.427256	0.428735	0.390859	0.420001	0.438362	0.479238	0.481135	0.478701	0.385329	0.45622	0.386883	0.375471	0.37637	0.377139	0.384176	0.350977	0.35678	0.3501	0.350107	0.349621	0.407442	0.423157	0.373546	0.38356	0.38163	0.410533	0.438096	0.435318	0.431125	0.435716	0.436075	0.434625	0.338921	0.331981	0.333338	0.328109	0.343945	0.340084	0.676164	0.574207	0.573873	0.592699	0.582551	0.585183	0.509098	0.488714	0.487999	0.486398	0.488277	0.489	0.473854	0.473472	0.474712	0.460625	0.459819	0.460443	0.55435	0.580569	0.55541	0.5868	0.558059	0.558512	0.96159	0.957687	0.957856	0.958975	0.957478	0.957815	0.461308	0.457318	0.45937	0.457917	0.467893	0.465452	0.522968	0.503612	0.504184	0.49403	0.495259	0.494503	0.540817	0.537404	0.538833	0.534351	0.548469	0.545741
ERR608018-k20-n1-x5e9	0.355321	0.300227	0.285413	0.262502	0.262054	0	0.399894	0.386006	0.375534	0.429633	0.429425	0.430794	0.393064	0.422575	0.440896	0.48194	0.483689	0.481437	0.386151	0.454572	0.387274	0.375854	0.376475	0.377661	0.383672	0.351616	0.357704	0.350847	0.350619	0.35026	0.407946	0.425676	0.372469	0.385122	0.383053	0.408996	0.438959	0.435439	0.431113	0.436592	0.436998	0.43549	0.340288	0.333101	0.334192	0.328557	0.345069	0.341293	0.676203	0.57517	0.574758	0.592681	0.583414	0.585745	0.508326	0.488285	0.487792	0.486274	0.488146	0.488562	0.473208	0.473666	0.474915	0.460243	0.459558	0.459971	0.555176	0.581205	0.556316	0.587384	0.558981	0.559458	0.961507	0.957701	0.957894	0.959008	0.957567	0.957872	0.461661	0.457456	0.459149	0.457647	0.468147	0.465614	0.522519	0.504107	0.50467	0.493839	0.495249	0.494403	0.542472	0.538786	0.540135	0.535486	0.549956	0.547202
ERR610247-k20-n1-x5e9	0.51843	0.464194	0.443652	0.399514	0.398296	0.399894	0	0.397807	0.256328	0.254811	0.254287	0.255883	0.319828	0.322284	0.336287	0.382708	0.384412	0.381533	0.362216	0.534619	0.381271	0.381036	0.379835	0.379994	0.493084	0.410994	0.403774	0.412205	0.413213	0.414428	0.405653	0.340667	0.428777	0.33975	0.341133	0.491946	0.376232	0.399642	0.39319	0.37353	0.373954	0.372472	0.359428	0.374361	0.377897	0.383701	0.393676	0.393673	0.636369	0.484609	0.486648	0.542071	0.501942	0.510002	0.512763	0.470116	0.455868	0.452148	0.451191	0.470258	0.520645	0.46429	0.462969	0.500879	0.502212	0.504058	0.47388	0.504714	0.475002	0.510731	0.479651	0.479614	0.949114	0.939291	0.937341	0.939757	0.938748	0.938956	0.464384	0.474733	0.478069	0.484974	0.490308	0.489735	0.495192	0.428508	0.427604	0.459478	0.460923	0.462078	0.459476	0.459071	0.459813	0.454691	0.475671	0.472704
ERR610248-k20-n1-x5e9	0.392962	0.385998	0.38959	0.387895	0.386785	0.386006	0.397807	0	0.35011	0.436246	0.435999	0.43929	0.422892	0.481537	0.507913	0.557621	0.559501	0.556632	0.377439	0.372962	0.360192	0.35346	0.354995	0.355468	0.411073	0.435995	0.448375	0.437465	0.436769	0.436945	0.361626	0.464193	0.329374	0.403657	0.398695	0.341556	0.422739	0.394507	0.396001	0.422182	0.422733	0.422748	0.39575	0.380805	0.374615	0.370276	0.373991	0.372111	0.566522	0.531337	0.527314	0.505007	0.52411	0.518909	0.448899	0.451034	0.45958	0.460194	0.463316	0.451377	0.469966	0.519007	0.521685	0.488	0.486474	0.486222	0.522359	0.522209	0.523332	0.524218	0.522772	0.524242	0.930396	0.940004	0.943788	0.942931	0.941859	0.942614	0.482279	0.471496	0.469001	0.469774	0.470836	0.468958	0.448934	0.489647	0.492292	0.454634	0.455086	0.453947	0.541638	0.527664	0.525085	0.517489	0.531544	0.527939
ERR610249-k20-n1-x5e9	0.479557	0.429907	0.412691	0.375574	0.374526	0.375534	0.256328	0.35011	0	0.285928	0.285384	0.287965	0.323313	0.349382	0.369981	0.421565	0.423493	0.420399	0.339267	0.49028	0.351644	0.349365	0.348822	0.349032	0.461127	0.398005	0.396258	0.399444	0.400009	0.401174	0.374087	0.354031	0.386848	0.329352	0.328909	0.446836	0.364814	0.376034	0.370676	0.362537	0.363225	0.36198	0.343478	0.351621	0.352889	0.356578	0.36729	0.366528	0.61288	0.482153	0.482396	0.520199	0.493113	0.497668	0.484897	0.448796	0.438993	0.436188	0.436005	0.44914	0.496411	0.463683	0.463442	0.483676	0.484518	0.485791	0.471484	0.494953	0.472564	0.499988	0.4762	0.476688	0.940477	0.934641	0.933964	0.935604	0.934624	0.934928	0.454001	0.459262	0.461478	0.467186	0.472452	0.471476	0.468624	0.425715	0.426148	0.439255	0.440847	0.441506	0.467465	0.462654	0.462403	0.455946	0.476789	0.473369
ERR610250-k20-n1-x5e9	0.554384	0.50173	0.480931	0.428709	0.427512	0.429633	0.254811	0.436246	0.285928	0	0.237622	0.23756	0.320985	0.308589	0.316777	0.349948	0.351449	0.348868	0.382626	0.569645	0.405225	0.409222	0.407238	0.407219	0.519025	0.431286	0.422677	0.43364	0.434358	0.435471	0.424329	0.331041	0.464499	0.353551	0.356486	0.529181	0.382677	0.414762	0.408936	0.380023	0.38039	0.379015	0.380411	0.398923	0.403523	0.412596	0.415195	0.416423	0.645223	0.480493	0.484484	0.554829	0.502443	0.513381	0.531493	0.48742	0.470204	0.467211	0.464882	0.486909	0.541396	0.476175	0.474378	0.523238	0.524351	0.526705	0.470436	0.504549	0.471431	0.511875	0.475421	0.475262	0.953508	0.941957	0.939428	0.942078	0.941098	0.941217	0.476225	0.489448	0.493355	0.502608	0.502607	0.503333	0.514387	0.43786	0.436339	0.481357	0.482825	0.484581	0.44554	0.448224	0.449497	0.44727	0.463104	0.461189
ERR610251-k20-n1-x5e9	0.554168	0.501245	0.480512	0.428523	0.427256	0.429425	0.254287	0.435999	0.285384	0.237622	0	0.237667	0.321347	0.30876	0.317107	0.350426	0.352106	0.349385	0.382798	0.569409	0.405317	0.40894	0.407086	0.407183	0.518868	0.431134	0.422469	0.433379	0.433986	0.435172	0.424761	0.331665	0.464471	0.353958	0.356823	0.528963	0.383007	0.414844	0.40913	0.380187	0.380742	0.379183	0.380303	0.39892	0.40354	0.41259	0.415455	0.416574	0.645484	0.480765	0.48468	0.554954	0.502765	0.513707	0.531545	0.487517	0.470269	0.467193	0.464954	0.486977	0.541252	0.475778	0.473912	0.522895	0.524018	0.526354	0.470739	0.504767	0.471732	0.512155	0.475717	0.475558	0.953423	0.941918	0.93936	0.942019	0.941011	0.941183	0.476156	0.489498	0.493372	0.502401	0.502606	0.503191	0.514318	0.437452	0.435995	0.481061	0.482406	0.484191	0.446091	0.448736	0.449957	0.447557	0.463779	0.461894
ERR610252-k20-n1-x5e9	0.556267	0.503263	0.482314	0.429913	0.428735	0.430794	0.255883	0.43929	0.287965	0.23756	0.237667	0	0.322166	0.307669	0.315173	0.347465	0.348961	0.346448	0.38474	0.571964	0.407524	0.411325	0.409328	0.409398	0.520626	0.431949	0.422941	0.434233	0.434776	0.435945	0.426888	0.331461	0.467057	0.355223	0.358276	0.531661	0.384481	0.417111	0.411199	0.381752	0.382134	0.380756	0.382053	0.40067	0.405369	0.414554	0.417294	0.418449	0.647793	0.482308	0.486383	0.557527	0.504723	0.515852	0.534052	0.489896	0.472447	0.469395	0.467054	0.489352	0.543155	0.476595	0.474706	0.524565	0.525692	0.528047	0.471956	0.506587	0.472903	0.514121	0.476962	0.476794	0.954394	0.942642	0.939998	0.942706	0.941705	0.941848	0.477377	0.490995	0.494968	0.504086	0.504304	0.504939	0.516921	0.43914	0.437613	0.483505	0.484855	0.486762	0.446422	0.449356	0.450743	0.448589	0.464544	0.462743
ERR608257-k20-n1-x5e9	0.511602	0.46349	0.44544	0.392286	0.390859	0.393064	0.319828	0.422892	0.323313	0.320985	0.321347	0.322166	0	0.266059	0.292185	0.348043	0.350174	0.346973	0.338914	0.521134	0.357549	0.363355	0.361308	0.36149	0.492489	0.423643	0.421474	0.426705	0.42635	0.427557	0.363853	0.311455	0.408542	0.309044	0.311236	0.474784	0.327982	0.351285	0.34686	0.325633	0.325931	0.324755	0.359963	0.372184	0.376683	0.386447	0.381377	0.382452	0.607214	0.461725	0.462328	0.518151	0.474294	0.48167	0.479451	0.439603	0.424331	0.423242	0.42108	0.439061	0.516677	0.476625	0.475976	0.505775	0.505544	0.507418	0.428775	0.450204	0.429922	0.456034	0.432073	0.432709	0.934799	0.928527	0.927729	0.929422	0.92801	0.928402	0.460646	0.469313	0.473028	0.482234	0.477026	0.47816	0.482107	0.431517	0.431266	0.458314	0.458407	0.460589	0.43378	0.427465	0.427987	0.422863	0.437601	0.434516
ERR608258-k20-n1-x5e9	0.555856	0.499508	0.477107	0.421265	0.420001	0.422575	0.322284	0.481537	0.349382	0.308589	0.30876	0.307669	0.266059	0	0.2395	0.28018	0.281744	0.279045	0.388676	0.579706	0.413596	0.417498	0.415049	0.41524	0.529399	0.435642	0.425534	0.437957	0.438105	0.439468	0.429351	0.315392	0.468917	0.347446	0.351624	0.53499	0.37731	0.41457	0.407743	0.374075	0.37471	0.372939	0.384916	0.404766	0.41147	0.420769	0.42284	0.423426	0.659598	0.491209	0.494897	0.568604	0.513955	0.525109	0.535156	0.488469	0.469199	0.466555	0.463615	0.488268	0.550031	0.476109	0.47394	0.526246	0.527099	0.529267	0.459566	0.49641	0.460605	0.504066	0.465453	0.465256	0.955105	0.942392	0.939508	0.942351	0.941079	0.941216	0.480122	0.494556	0.499735	0.508641	0.508668	0.509275	0.530466	0.449496	0.447611	0.494274	0.495045	0.497106	0.443076	0.446324	0.449004	0.446628	0.462225	0.460162
ERR608259-k20-n1-x5e9	0.576295	0.518562	0.495327	0.439423	0.438362	0.440896	0.336287	0.507913	0.369981	0.316777	0.317107	0.315173	0.292185	0.2395	0	0.260855	0.26202	0.259808	0.41403	0.604334	0.440024	0.443471	0.441015	0.441279	0.547599	0.44812	0.435893	0.450164	0.450433	0.451707	0.45752	0.328511	0.49548	0.370506	0.375139	0.56062	0.40412	0.444056	0.436878	0.400602	0.40116	0.399226	0.402512	0.423935	0.431087	0.4403	0.443732	0.444199	0.681706	0.508159	0.512862	0.591232	0.533813	0.546146	0.55991	0.512205	0.492155	0.489076	0.486053	0.511893	0.566433	0.482664	0.479787	0.539314	0.540253	0.542685	0.478849	0.520211	0.479672	0.528281	0.485196	0.48481	0.964525	0.949758	0.946178	0.949385	0.948125	0.948169	0.493302	0.509485	0.514855	0.523842	0.524957	0.525472	0.552243	0.462952	0.460698	0.513053	0.513694	0.515831	0.453688	0.460505	0.463841	0.462702	0.477689	0.475968
ERR608260-k20-n1-x5e9	0.617177	0.561957	0.539297	0.480036	0.479238	0.48194	0.382708	0.557621	0.421565	0.349948	0.350426	0.347465	0.348043	0.28018	0.260855	0	0.236952	0.237162	0.461754	0.649883	0.488366	0.49316	0.490581	0.490841	0.580265	0.479119	0.465781	0.481311	0.481598	0.482544	0.504088	0.36182	0.546885	0.417757	0.423008	0.609294	0.454765	0.497175	0.490737	0.451678	0.452102	0.450281	0.439668	0.462395	0.470608	0.481214	0.479669	0.480932	0.71795	0.541244	0.547468	0.631991	0.569847	0.583922	0.604848	0.559001	0.538467	0.535792	0.532096	0.558149	0.599714	0.509262	0.506201	0.572942	0.573217	0.576007	0.517993	0.564186	0.518626	0.574161	0.523272	0.522611	0.981613	0.964642	0.960356	0.963902	0.962471	0.962429	0.522993	0.540767	0.546804	0.556843	0.55443	0.555416	0.592454	0.498626	0.49586	0.554289	0.554612	0.556901	0.474377	0.486423	0.49139	0.494493	0.501237	0.501164
ERR608261-k20-n1-x5e9	0.61878	0.563635	0.541013	0.481817	0.481135	0.483689	0.384412	0.559501	0.423493	0.351449	0.352106	0.348961	0.350174	0.281744	0.26202	0.236952	0	0.236987	0.463703	0.651626	0.490391	0.495251	0.492592	0.492808	0.582038	0.480953	0.467515	0.48298	0.483318	0.484181	0.50605	0.363232	0.548805	0.419611	0.424875	0.611055	0.457085	0.499443	0.49317	0.454016	0.454448	0.45256	0.441375	0.464206	0.472444	0.482978	0.4814	0.482763	0.719643	0.542676	0.549061	0.633723	0.571381	0.585502	0.60664	0.560885	0.540333	0.53759	0.533951	0.559976	0.601244	0.510555	0.507384	0.574304	0.574665	0.577338	0.519488	0.56598	0.52019	0.576015	0.524901	0.524247	0.982304	0.965234	0.960917	0.964487	0.963023	0.963021	0.524539	0.54232	0.548379	0.558393	0.555952	0.556872	0.594074	0.500167	0.497171	0.55586	0.556066	0.558423	0.47567	0.487849	0.49277	0.496011	0.50262	0.502597
ERR608262-k20-n1-x5e9	0.616573	0.561278	0.538582	0.479619	0.478701	0.481437	0.381533	0.556632	0.420399	0.348868	0.349385	0.346448	0.346973	0.279045	0.259808	0.237162	0.236987	0	0.460853	0.649117	0.487496	0.492271	0.48963	0.489868	0.579785	0.478525	0.465207	0.480639	0.481058	0.481907	0.503256	0.360836	0.546061	0.416743	0.422005	0.608433	0.453786	0.496212	0.489821	0.450737	0.451165	0.449365	0.438919	0.461629	0.469892	0.480337	0.479051	0.480308	0.717322	0.540263	0.546644	0.631289	0.569075	0.583114	0.604026	0.557978	0.537479	0.534794	0.531024	0.557195	0.599123	0.508523	0.505549	0.57227	0.572667	0.57538	0.516951	0.563245	0.517662	0.573184	0.522341	0.521669	0.981223	0.964295	0.959988	0.963542	0.962119	0.962101	0.522436	0.54022	0.546181	0.556222	0.554018	0.554929	0.591623	0.497801	0.494929	0.553492	0.553742	0.556051	0.47374	0.485792	0.490619	0.493669	0.500692	0.500608
ERR605327-k20-n1-x5e9	0.471412	0.435942	0.424633	0.386798	0.385329	0.386151	0.362216	0.377439	0.339267	0.382626	0.382798	0.38474	0.338914	0.388676	0.41403	0.461754	0.463703	0.460853	0	0.411652	0.253775	0.258547	0.257837	0.257272	0.444731	0.40918	0.414289	0.412448	0.411936	0.412332	0.311035	0.338475	0.338318	0.297005	0.295246	0.39881	0.343814	0.342313	0.340543	0.343614	0.343624	0.34373	0.331693	0.331907	0.332293	0.34048	0.33279	0.333707	0.578205	0.468697	0.467311	0.492335	0.471706	0.473868	0.462189	0.437718	0.431838	0.432746	0.432599	0.437861	0.476147	0.476549	0.477451	0.479908	0.477972	0.479469	0.463959	0.475257	0.465036	0.481023	0.465508	0.46703	0.932154	0.932217	0.933155	0.934118	0.932357	0.93303	0.43808	0.437982	0.439583	0.447847	0.440489	0.441024	0.447347	0.437806	0.439069	0.43639	0.43603	0.436778	0.448257	0.437041	0.436351	0.430843	0.442831	0.439468
ERR605328-k20-n1-x5e9	0.401474	0.424861	0.438504	0.456819	0.45622	0.454572	0.534619	0.372962	0.49028	0.569645	0.569409	0.571964	0.521134	0.579706	0.604334	0.649883	0.651626	0.649117	0.411652	0	0.38442	0.375872	0.378304	0.378895	0.444142	0.503453	0.518549	0.504513	0.503587	0.503142	0.407647	0.537702	0.350626	0.47229	0.466701	0.317503	0.499914	0.461259	0.464172	0.500879	0.500697	0.501329	0.466867	0.444943	0.438395	0.432623	0.432037	0.429244	0.58774	0.595444	0.589815	0.544721	0.58165	0.572902	0.488362	0.509029	0.523582	0.52608	0.530203	0.509802	0.493464	0.575324	0.578695	0.522009	0.519209	0.518478	0.589669	0.581055	0.590637	0.581845	0.589111	0.590822	0.945298	0.962188	0.967382	0.965839	0.964387	0.965292	0.524997	0.507227	0.50354	0.500822	0.499924	0.497555	0.491319	0.560941	0.564119	0.509777	0.509314	0.507517	0.600281	0.583766	0.581091	0.573476	0.583449	0.579808
ERR605329-k20-n1-x5e9	0.455301	0.427017	0.419411	0.388245	0.386883	0.387274	0.381271	0.360192	0.351644	0.405225	0.405317	0.407524	0.357549	0.413596	0.440024	0.488366	0.490391	0.487496	0.253775	0.38442	0	0.254465	0.254022	0.253462	0.433838	0.416025	0.424	0.419686	0.418843	0.419126	0.302694	0.3625	0.322112	0.312387	0.309439	0.375659	0.353039	0.342122	0.341743	0.353231	0.353276	0.353557	0.341593	0.336849	0.334248	0.341401	0.331841	0.332267	0.566502	0.47768	0.475207	0.486738	0.47654	0.476091	0.453059	0.436402	0.4343	0.435687	0.436397	0.43666	0.470041	0.487387	0.488835	0.481162	0.478498	0.480073	0.472985	0.478807	0.474119	0.483852	0.473836	0.475388	0.929242	0.932555	0.934402	0.934794	0.933195	0.933942	0.443727	0.440732	0.440538	0.447997	0.439877	0.43993	0.441073	0.44936	0.451076	0.438209	0.437505	0.438067	0.463234	0.449938	0.448203	0.442464	0.453274	0.449901
ERR605330-k20-n1-x5e9	0.441232	0.410833	0.403091	0.377045	0.375471	0.375854	0.381036	0.35346	0.349365	0.409222	0.40894	0.411325	0.363355	0.417498	0.443471	0.49316	0.495251	0.492271	0.258547	0.375872	0.254465	0	0.25126	0.250873	0.424414	0.406397	0.41438	0.409231	0.408568	0.408809	0.310522	0.36892	0.314347	0.31552	0.312204	0.365954	0.361345	0.349023	0.347988	0.361138	0.36108	0.360981	0.336825	0.330852	0.328251	0.332088	0.329693	0.329223	0.575769	0.486598	0.483959	0.493652	0.486237	0.485841	0.454845	0.437459	0.436393	0.437412	0.438529	0.438043	0.464133	0.480984	0.482508	0.470959	0.469141	0.470221	0.480993	0.488942	0.482114	0.493675	0.482559	0.48399	0.931607	0.934289	0.936011	0.936425	0.934877	0.935574	0.440152	0.436292	0.436176	0.44152	0.438084	0.437347	0.443746	0.450095	0.451675	0.435651	0.43548	0.435453	0.4718	0.459367	0.457787	0.451168	0.464845	0.461318
ERR605331-k20-n1-x5e9	0.443359	0.412671	0.404738	0.377729	0.37637	0.376475	0.379835	0.354995	0.348822	0.407238	0.407086	0.409328	0.361308	0.415049	0.441015	0.490581	0.492592	0.48963	0.257837	0.378304	0.254022	0.25126	0	0.251332	0.426022	0.406866	0.414609	0.409766	0.409184	0.40937	0.310282	0.366226	0.315858	0.314243	0.310943	0.367779	0.359967	0.348419	0.347358	0.359938	0.359908	0.359936	0.336128	0.33069	0.328466	0.332303	0.329311	0.328927	0.576153	0.485564	0.483179	0.493822	0.485461	0.485271	0.4555	0.437737	0.436469	0.437374	0.438332	0.43829	0.46474	0.480352	0.481843	0.47155	0.469621	0.470721	0.479828	0.488038	0.480959	0.49273	0.481273	0.482744	0.931703	0.934183	0.935865	0.936318	0.934722	0.935416	0.44018	0.43653	0.436452	0.442194	0.438118	0.437719	0.443664	0.449002	0.45064	0.435547	0.435343	0.435532	0.469833	0.457569	0.456008	0.449429	0.462851	0.459293
ERR605332-k20-n1-x5e9	0.443935	0.41347	0.405602	0.378428	0.377139	0.377661	0.379994	0.355468	0.349032	0.407219	0.407183	0.409398	0.36149	0.41524	0.441279	0.490841	0.492808	0.489868	0.257272	0.378895	0.253462	0.250873	0.251332	0	0.425972	0.406841	0.414757	0.409714	0.409175	0.409424	0.309945	0.366524	0.316491	0.314068	0.3109	0.368378	0.35953	0.347783	0.347104	0.359358	0.359194	0.35943	0.336541	0.33115	0.328754	0.332935	0.329786	0.329171	0.574988	0.485028	0.482635	0.493268	0.484829	0.484544	0.455205	0.437808	0.436379	0.43716	0.438147	0.438227	0.464593	0.480587	0.482191	0.471821	0.469714	0.470806	0.479369	0.487414	0.480586	0.492124	0.480797	0.482344	0.931627	0.934154	0.93583	0.936321	0.934693	0.935422	0.439838	0.436266	0.436257	0.441866	0.43787	0.437406	0.443641	0.449265	0.450903	0.435808	0.435463	0.435673	0.469457	0.457203	0.455414	0.449109	0.462362	0.458806
ERR608695-k20-n1-x5e9	0.376642	0.371183	0.377186	0.384997	0.384176	0.383672	0.493084	0.411073	0.461127	0.519025	0.518868	0.520626	0.492489	0.529399	0.547599	0.580265	0.582038	0.579785	0.444731	0.444142	0.433838	0.424414	0.426022	0.425972	0	0.336634	0.353827	0.337911	0.336757	0.336385	0.441547	0.505246	0.404345	0.459971	0.456728	0.41452	0.485997	0.470034	0.47028	0.485777	0.4857	0.485575	0.404084	0.388461	0.383331	0.376267	0.385238	0.382111	0.686645	0.613456	0.612669	0.618473	0.617853	0.618369	0.528254	0.524855	0.530412	0.530695	0.532625	0.524605	0.484059	0.524896	0.527579	0.493163	0.491895	0.492263	0.597674	0.615432	0.598518	0.622819	0.598521	0.599282	0.968602	0.970348	0.972317	0.972719	0.971425	0.971906	0.494287	0.484518	0.482631	0.480508	0.485942	0.483853	0.553905	0.565274	0.566583	0.544416	0.545577	0.54518	0.586195	0.580768	0.580096	0.577249	0.585757	0.583879
ERR608696-k20-n1-x5e9	0.438323	0.388888	0.374214	0.351571	0.350977	0.351616	0.410994	0.435995	0.398005	0.431286	0.431134	0.431949	0.423643	0.435642	0.44812	0.479119	0.480953	0.478525	0.40918	0.503453	0.416025	0.406397	0.406866	0.406841	0.336634	0	0.266599	0.26608	0.266052	0.266267	0.441464	0.423809	0.41967	0.401415	0.40095	0.460654	0.444373	0.453441	0.448775	0.442435	0.442741	0.441599	0.344894	0.345517	0.346141	0.342499	0.362751	0.359533	0.698179	0.575212	0.577005	0.612843	0.590896	0.596989	0.535797	0.509369	0.504414	0.502368	0.502935	0.509387	0.481586	0.462441	0.463311	0.46478	0.465176	0.466315	0.559103	0.594112	0.560016	0.603097	0.563403	0.563525	0.971201	0.962958	0.961835	0.963984	0.962763	0.962937	0.454115	0.454907	0.456721	0.456823	0.46937	0.466899	0.550406	0.513349	0.513276	0.517442	0.519316	0.519508	0.530582	0.532326	0.533793	0.531332	0.545773	0.543965
ERR608697-k20-n1-x5e9	0.453524	0.400053	0.382949	0.357496	0.35678	0.357704	0.403774	0.448375	0.396258	0.422677	0.422469	0.422941	0.421474	0.425534	0.435893	0.465781	0.467515	0.465207	0.414289	0.518549	0.424	0.41438	0.414609	0.414757	0.353827	0.266599	0	0.267323	0.267772	0.268379	0.451668	0.418031	0.431277	0.402137	0.402423	0.475206	0.447588	0.460883	0.45517	0.445555	0.445792	0.444405	0.347177	0.350965	0.3526	0.349757	0.37198	0.368794	0.706064	0.576421	0.578753	0.619036	0.594046	0.600984	0.544246	0.51469	0.508102	0.505602	0.505993	0.514876	0.48946	0.458601	0.458769	0.467881	0.469068	0.470207	0.559811	0.597866	0.560614	0.606975	0.564884	0.564834	0.974302	0.96446	0.962671	0.965184	0.963982	0.964122	0.455833	0.459215	0.461305	0.461543	0.475803	0.47316	0.556684	0.511204	0.510864	0.520256	0.522209	0.522464	0.528427	0.53177	0.533619	0.531235	0.547096	0.545305
ERR608698-k20-n1-x5e9	0.437253	0.386937	0.372169	0.350845	0.3501	0.350847	0.412205	0.437465	0.399444	0.43364	0.433379	0.434233	0.426705	0.437957	0.450164	0.481311	0.48298	0.480639	0.412448	0.504513	0.419686	0.409231	0.409766	0.409714	0.337911	0.26608	0.267323	0	0.264087	0.264792	0.445637	0.427318	0.421057	0.404015	0.403635	0.461438	0.449068	0.457858	0.453214	0.447026	0.44737	0.445996	0.346675	0.347136	0.348078	0.343912	0.365456	0.362112	0.702787	0.579312	0.581069	0.616128	0.594817	0.600844	0.538838	0.512265	0.507367	0.505039	0.505605	0.512138	0.483265	0.462662	0.463383	0.464199	0.464824	0.465753	0.563024	0.59842	0.564066	0.607371	0.567459	0.567575	0.972888	0.964349	0.963101	0.965296	0.96396	0.964169	0.455925	0.456838	0.458808	0.458245	0.471867	0.46931	0.552643	0.514692	0.514712	0.518048	0.519769	0.51996	0.534744	0.536494	0.538216	0.535522	0.550386	0.548662
ERR608699-k20-n1-x5e9	0.436368	0.38651	0.372026	0.35059	0.350107	0.350619	0.413213	0.436769	0.400009	0.434358	0.433986	0.434776	0.42635	0.438105	0.450433	0.481598	0.483318	0.481058	0.411936	0.503587	0.418843	0.408568	0.409184	0.409175	0.336757	0.266052	0.267772	0.264087	0	0.264811	0.444357	0.426873	0.419981	0.403676	0.403232	0.460356	0.448019	0.456764	0.45197	0.445962	0.446406	0.444992	0.346821	0.346995	0.347929	0.343819	0.365004	0.361494	0.701607	0.578702	0.580521	0.615609	0.594248	0.600137	0.538224	0.512061	0.507232	0.505101	0.505627	0.511875	0.483406	0.4639	0.464893	0.465236	0.465844	0.466834	0.562273	0.597525	0.563183	0.606459	0.566638	0.566758	0.97254	0.964197	0.963022	0.965153	0.963834	0.964049	0.456037	0.456829	0.458818	0.458245	0.471454	0.469023	0.552217	0.514965	0.514946	0.518316	0.519905	0.520141	0.534201	0.535866	0.537546	0.534777	0.549544	0.547796
ERR608700-k20-n1-x5e9	0.435763	0.386236	0.371866	0.350475	0.349621	0.35026	0.414428	0.436945	0.401174	0.435471	0.435172	0.435945	0.427557	0.439468	0.451707	0.482544	0.484181	0.481907	0.412332	0.503142	0.419126	0.408809	0.40937	0.409424	0.336385	0.266267	0.268379	0.264792	0.264811	0	0.444673	0.427795	0.420252	0.404396	0.403914	0.460184	0.449382	0.458098	0.453286	0.447396	0.447761	0.446639	0.346977	0.346669	0.347679	0.343662	0.364579	0.361473	0.701932	0.579426	0.581131	0.616158	0.594895	0.600826	0.538547	0.51256	0.507874	0.505848	0.506558	0.512502	0.482835	0.464168	0.465076	0.464809	0.465252	0.466369	0.563412	0.598755	0.56445	0.607625	0.567851	0.567895	0.972808	0.964527	0.963371	0.965521	0.964184	0.964392	0.455957	0.456671	0.458658	0.457987	0.471259	0.468589	0.552598	0.515983	0.51584	0.518935	0.520741	0.520842	0.534957	0.536721	0.538386	0.53585	0.550363	0.548513
ERR607176-k20-n1-x5e9	0.4638	0.448046	0.4435	0.408585	0.407442	0.407946	0.405653	0.361626	0.374087	0.424329	0.424761	0.426888	0.363853	0.429351	0.45752	0.504088	0.50605	0.503256	0.311035	0.407647	0.302694	0.310522	0.310282	0.309945	0.441547	0.441464	0.451668	0.445637	0.444357	0.444673	0	0.356166	0.304268	0.301973	0.298563	0.356372	0.352651	0.334106	0.337112	0.353499	0.35269	0.353731	0.372084	0.364727	0.360786	0.370058	0.347269	0.349697	0.539285	0.478739	0.475071	0.474918	0.471013	0.468178	0.442279	0.434998	0.435619	0.43857	0.438337	0.43442	0.482896	0.51932	0.521114	0.507891	0.504819	0.506304	0.470276	0.466787	0.471055	0.470866	0.468271	0.470237	0.923653	0.931231	0.934072	0.933677	0.932231	0.933008	0.467462	0.461613	0.460835	0.470199	0.452195	0.453815	0.434154	0.465065	0.467148	0.449666	0.448588	0.449276	0.478217	0.461737	0.458964	0.454262	0.458533	0.455608
ERR607177-k20-n1-x5e9	0.547488	0.499421	0.480072	0.42485	0.423157	0.425676	0.340667	0.464193	0.354031	0.331041	0.331665	0.331461	0.311455	0.315392	0.328511	0.36182	0.363232	0.360836	0.338475	0.537702	0.3625	0.36892	0.366226	0.366524	0.505246	0.423809	0.418031	0.427318	0.426873	0.427795	0.356166	0	0.409125	0.270458	0.275071	0.483265	0.358073	0.389538	0.384495	0.356543	0.35636	0.355691	0.357854	0.375117	0.380501	0.392487	0.388058	0.389424	0.631568	0.469955	0.472675	0.540725	0.488946	0.498804	0.519818	0.479088	0.462271	0.46164	0.45861	0.478532	0.529717	0.4766	0.475287	0.515919	0.515456	0.51753	0.458924	0.489406	0.460186	0.497488	0.462848	0.463224	0.949686	0.940528	0.938496	0.940981	0.939411	0.939741	0.459742	0.471657	0.475778	0.48649	0.481304	0.482137	0.501106	0.436562	0.43551	0.473205	0.472887	0.474951	0.427554	0.427022	0.429006	0.427145	0.439028	0.437052
ERR607178-k20-n1-x5e9	0.393293	0.37886	0.379417	0.374265	0.373546	0.372469	0.428777	0.329374	0.386848	0.464499	0.464471	0.467057	0.408542	0.468917	0.49548	0.546885	0.548805	0.546061	0.338318	0.350626	0.322112	0.314347	0.315858	0.316491	0.404345	0.41967	0.431277	0.421057	0.419981	0.420252	0.304268	0.409125	0	0.340065	0.334616	0.289076	0.402253	0.374346	0.374579	0.401956	0.401984	0.402285	0.367844	0.35146	0.346474	0.343805	0.346638	0.343996	0.577648	0.527128	0.522843	0.506057	0.520658	0.515862	0.449713	0.447835	0.454615	0.456062	0.459022	0.44888	0.464972	0.509619	0.512002	0.478063	0.475913	0.475654	0.515708	0.517421	0.516962	0.519854	0.516837	0.518502	0.93341	0.941398	0.944455	0.944005	0.94254	0.943333	0.465789	0.454923	0.453412	0.454554	0.455212	0.453177	0.45172	0.485147	0.487347	0.451192	0.450754	0.449781	0.52766	0.513382	0.511351	0.50363	0.517641	0.513718
ERR607179-k20-n1-x5e9	0.490836	0.447447	0.431752	0.385013	0.38356	0.385122	0.33975	0.403657	0.329352	0.353551	0.353958	0.355223	0.309044	0.347446	0.370506	0.417757	0.419611	0.416743	0.297005	0.47229	0.312387	0.31552	0.314243	0.314068	0.459971	0.401415	0.402137	0.404015	0.403676	0.404396	0.301973	0.270458	0.340065	0	0.243373	0.411857	0.338185	0.349791	0.346566	0.33631	0.336262	0.336109	0.32839	0.336085	0.338825	0.348227	0.344352	0.344746	0.600162	0.466654	0.4662	0.508307	0.475665	0.480385	0.477821	0.444736	0.434035	0.433814	0.432548	0.444285	0.494573	0.470953	0.470853	0.487929	0.486117	0.487724	0.456449	0.475958	0.457834	0.482231	0.459111	0.460138	0.937592	0.933719	0.933409	0.934904	0.933186	0.933701	0.442625	0.447355	0.450259	0.458926	0.454196	0.45442	0.462935	0.42831	0.428749	0.440991	0.440087	0.441324	0.443362	0.435711	0.436223	0.431158	0.444795	0.441772
ERR607180-k20-n1-x5e9	0.486626	0.444056	0.428683	0.38316	0.38163	0.383053	0.341133	0.398695	0.328909	0.356486	0.356823	0.358276	0.311236	0.351624	0.375139	0.423008	0.424875	0.422005	0.295246	0.466701	0.309439	0.312204	0.310943	0.3109	0.456728	0.40095	0.402423	0.403635	0.403232	0.403914	0.298563	0.275071	0.334616	0.243373	0	0.406095	0.337744	0.347631	0.344428	0.336366	0.33615	0.335912	0.327696	0.334254	0.336692	0.345637	0.341863	0.341957	0.597919	0.467551	0.466821	0.506161	0.475359	0.479986	0.475266	0.442868	0.432848	0.432869	0.431743	0.442613	0.492633	0.471704	0.472048	0.486715	0.484898	0.486326	0.457138	0.475564	0.45854	0.481635	0.459677	0.460746	0.93691	0.933461	0.933297	0.934704	0.93301	0.933536	0.442812	0.446656	0.449324	0.457987	0.453334	0.453407	0.460774	0.429226	0.429789	0.439664	0.438773	0.439847	0.445958	0.437776	0.43802	0.432726	0.446485	0.443325
ERR607181-k20-n1-x5e9	0.376845	0.387521	0.397174	0.411012	0.410533	0.408996	0.491946	0.341556	0.446836	0.529181	0.528963	0.531661	0.474784	0.53499	0.56062	0.609294	0.611055	0.608433	0.39881	0.317503	0.375659	0.365954	0.367779	0.368378	0.41452	0.460654	0.475206	0.461438	0.460356	0.460184	0.356372	0.483265	0.289076	0.411857	0.406095	0	0.462148	0.425407	0.427709	0.462258	0.462223	0.462724	0.422931	0.40169	0.394933	0.388733	0.391284	0.387755	0.587112	0.573566	0.568111	0.531426	0.562442	0.554815	0.467323	0.481012	0.494029	0.496108	0.499982	0.481858	0.480716	0.549319	0.552645	0.501581	0.49892	0.498033	0.56283	0.558208	0.563847	0.559396	0.562855	0.564306	0.94036	0.953895	0.958318	0.957098	0.955687	0.956464	0.503632	0.487607	0.484858	0.482887	0.483909	0.481398	0.47742	0.533789	0.536517	0.486838	0.485861	0.48427	0.580516	0.565073	0.562718	0.554757	0.566855	0.563051
ERR607597-k20-n1-x5e9	0.527256	0.492747	0.481358	0.439555	0.438096	0.438959	0.376232	0.422739	0.364814	0.382677	0.383007	0.384481	0.327982	0.37731	0.40412	0.454765	0.457085	0.453786	0.343814	0.499914	0.353039	0.361345	0.359967	0.35953	0.485997	0.444373	0.447588	0.449068	0.448019	0.449382	0.352651	0.358073	0.402253	0.338185	0.337744	0.462148	0	0.251147	0.247682	0.235023	0.234441	0.234792	0.38845	0.394127	0.394047	0.404689	0.394573	0.395822	0.559704	0.437741	0.437334	0.479667	0.442705	0.44766	0.446368	0.414072	0.402312	0.403823	0.401552	0.414034	0.511721	0.501126	0.501245	0.516752	0.516697	0.518588	0.396882	0.403303	0.397879	0.408171	0.398282	0.399734	0.920214	0.919168	0.919963	0.920957	0.919698	0.920233	0.462994	0.467585	0.469303	0.480297	0.469127	0.471224	0.46086	0.440204	0.440622	0.455094	0.455662	0.457928	0.424551	0.411564	0.409667	0.404035	0.417013	0.413505
ERR607598-k20-n1-x5e9	0.500714	0.476281	0.469971	0.436515	0.435318	0.435439	0.399642	0.394507	0.376034	0.414762	0.414844	0.417111	0.351285	0.41457	0.444056	0.497175	0.499443	0.496212	0.342313	0.461259	0.342122	0.349023	0.348419	0.347783	0.470034	0.453441	0.460883	0.457858	0.456764	0.458098	0.334106	0.389538	0.374346	0.349791	0.347631	0.425407	0.251147	0	0.240021	0.252869	0.252427	0.253061	0.396203	0.394957	0.392413	0.401226	0.387939	0.388921	0.536545	0.447233	0.444484	0.463077	0.44365	0.444056	0.42029	0.399742	0.394926	0.397435	0.396636	0.399457	0.497552	0.512157	0.513326	0.512103	0.511074	0.51265	0.409488	0.403717	0.410449	0.406587	0.408874	0.410741	0.912946	0.917464	0.919797	0.919837	0.918578	0.919245	0.466594	0.465864	0.466095	0.475795	0.462389	0.464209	0.443595	0.451152	0.45248	0.448482	0.448548	0.450202	0.44844	0.431127	0.42801	0.420627	0.432372	0.428485
ERR607599-k20-n1-x5e9	0.500682	0.47342	0.465666	0.43218	0.431125	0.431113	0.39319	0.396001	0.370676	0.408936	0.40913	0.411199	0.34686	0.407743	0.436878	0.490737	0.49317	0.489821	0.340543	0.464172	0.341743	0.347988	0.347358	0.347104	0.47028	0.448775	0.45517	0.453214	0.45197	0.453286	0.337112	0.384495	0.374579	0.346566	0.344428	0.427709	0.247682	0.240021	0	0.249316	0.249069	0.249567	0.392144	0.391902	0.389693	0.398229	0.388098	0.388781	0.542278	0.447216	0.444816	0.466491	0.445189	0.446342	0.424004	0.400297	0.394368	0.396595	0.395755	0.400609	0.49836	0.508081	0.508885	0.510181	0.509777	0.511249	0.408124	0.405398	0.409126	0.408469	0.408639	0.410468	0.914266	0.917569	0.919732	0.919904	0.918724	0.919289	0.464741	0.464751	0.46514	0.474648	0.463693	0.465265	0.446152	0.448125	0.449261	0.447762	0.448346	0.44984	0.446009	0.429562	0.426633	0.4192	0.432813	0.428857
ERR607600-k20-n1-x5e9	0.52617	0.490934	0.4791	0.437148	0.435716	0.436592	0.37353	0.422182	0.362537	0.380023	0.380187	0.381752	0.325633	0.374075	0.400602	0.451678	0.454016	0.450737	0.343614	0.500879	0.353231	0.361138	0.359938	0.359358	0.485777	0.442435	0.445555	0.447026	0.445962	0.447396	0.353499	0.356543	0.401956	0.33631	0.336366	0.462258	0.235023	0.252869	0.249316	0	0.233288	0.233359	0.387179	0.393035	0.392718	0.403368	0.394033	0.395277	0.561812	0.438203	0.438029	0.481197	0.443946	0.449045	0.447217	0.414279	0.402479	0.403646	0.401455	0.414132	0.511105	0.498749	0.498962	0.515109	0.515064	0.516805	0.398146	0.405325	0.399199	0.409989	0.399578	0.400893	0.92079	0.91944	0.920105	0.921118	0.919885	0.920383	0.462024	0.466663	0.468354	0.479239	0.468752	0.470715	0.460803	0.438538	0.438795	0.453866	0.454267	0.456498	0.424727	0.412138	0.41009	0.404197	0.417882	0.414311
ERR607601-k20-n1-x5e9	0.526502	0.491406	0.479739	0.437581	0.436075	0.436998	0.373954	0.422733	0.363225	0.38039	0.380742	0.382134	0.325931	0.37471	0.40116	0.452102	0.454448	0.451165	0.343624	0.500697	0.353276	0.36108	0.359908	0.359194	0.4857	0.442741	0.445792	0.44737	0.446406	0.447761	0.35269	0.35636	0.401984	0.336262	0.33615	0.462223	0.234441	0.252427	0.249069	0.233288	0	0.233153	0.387624	0.393461	0.39304	0.403841	0.394076	0.395392	0.560631	0.43752	0.43711	0.480327	0.442949	0.448059	0.446632	0.413657	0.401781	0.403096	0.400898	0.413496	0.510565	0.499011	0.499193	0.515118	0.514937	0.516845	0.397423	0.404339	0.398531	0.409148	0.398814	0.400159	0.920565	0.91933	0.919998	0.920972	0.919784	0.920234	0.461909	0.466587	0.46805	0.478862	0.468168	0.470228	0.460234	0.438571	0.438882	0.45385	0.454222	0.456427	0.424089	0.411322	0.409268	0.403475	0.416757	0.413263
ERR607602-k20-n1-x5e9	0.525784	0.490134	0.478198	0.435991	0.434625	0.43549	0.372472	0.422748	0.36198	0.379015	0.379183	0.380756	0.324755	0.372939	0.399226	0.450281	0.45256	0.449365	0.34373	0.501329	0.353557	0.360981	0.359936	0.35943	0.485575	0.441599	0.444405	0.445996	0.444992	0.446639	0.353731	0.355691	0.402285	0.336109	0.335912	0.462724	0.234792	0.253061	0.249567	0.233359	0.233153	0	0.386652	0.392619	0.392639	0.403164	0.394047	0.39522	0.56233	0.438667	0.438327	0.481511	0.444261	0.449404	0.447368	0.414154	0.402236	0.403251	0.401194	0.413904	0.510675	0.497968	0.498241	0.514421	0.514491	0.516388	0.397989	0.405385	0.399022	0.410181	0.399361	0.400742	0.920899	0.9194	0.920043	0.921077	0.919868	0.920334	0.461735	0.466408	0.468067	0.478838	0.46862	0.470632	0.461089	0.438217	0.438588	0.453673	0.454217	0.456385	0.424447	0.411941	0.410014	0.403963	0.417747	0.414303
ERR605713-k20-n1-x5e9	0.443703	0.394343	0.379053	0.34025	0.338921	0.340288	0.359428	0.39575	0.343478	0.380411	0.380303	0.382053	0.359963	0.384916	0.402512	0.439668	0.441375	0.438919	0.331693	0.466867	0.341593	0.336825	0.336128	0.336541	0.404084	0.344894	0.347177	0.346675	0.346821	0.346977	0.372084	0.357854	0.367844	0.32839	0.327696	0.422931	0.38845	0.396203	0.392144	0.387179	0.387624	0.386652	0	0.258548	0.262328	0.26764	0.27617	0.275186	0.642057	0.510926	0.511652	0.547972	0.523254	0.528643	0.49464	0.465614	0.458938	0.458582	0.458279	0.465966	0.463675	0.44293	0.443974	0.451069	0.449186	0.450846	0.505786	0.534807	0.507173	0.543397	0.509502	0.510089	0.951454	0.945596	0.944892	0.946835	0.945033	0.945383	0.423652	0.425659	0.428631	0.433854	0.437209	0.435709	0.493972	0.460111	0.460411	0.464224	0.46414	0.464791	0.479924	0.47724	0.479122	0.476	0.488923	0.486688
