	ERR608001-k20-n1-x5e9	ERR608002-k20-n1-x5e9	ERR608003-k20-n1-x5e9	ERR608004-k20-n1-x5e9	ERR608005-k20-n1-x5e9	ERR608006-k20-n1-x5e9	ERR605581-k20-n1-x5e9	ERR605582-k20-n1-x5e9	ERR605583-k20-n1-x5e9	ERR605584-k20-n1-x5e9	ERR605585-k20-n1-x5e9	ERR605586-k20-n1-x5e9	ERR610205-k20-n1-x5e9	ERR610206-k20-n1-x5e9	ERR610207-k20-n1-x5e9	ERR610208-k20-n1-x5e9	ERR610209-k20-n1-x5e9	ERR610210-k20-n1-x5e9	ERR605327-k20-n1-x5e9	ERR605328-k20-n1-x5e9	ERR605329-k20-n1-x5e9	ERR605330-k20-n1-x5e9	ERR605331-k20-n1-x5e9	ERR605332-k20-n1-x5e9	ERR608829-k20-n1-x5e9	ERR608830-k20-n1-x5e9	ERR608831-k20-n1-x5e9	ERR608832-k20-n1-x5e9	ERR608833-k20-n1-x5e9	ERR608834-k20-n1-x5e9	ERR609301-k20-n1-x5e9	ERR609302-k20-n1-x5e9	ERR609303-k20-n1-x5e9	ERR609304-k20-n1-x5e9	ERR609305-k20-n1-x5e9	ERR609306-k20-n1-x5e9	ERR609277-k20-n1-x5e9	ERR609278-k20-n1-x5e9	ERR609279-k20-n1-x5e9	ERR609280-k20-n1-x5e9	ERR609281-k20-n1-x5e9	ERR609282-k20-n1-x5e9	ERR607555-k20-n1-x5e9	ERR607556-k20-n1-x5e9	ERR607557-k20-n1-x5e9	ERR607558-k20-n1-x5e9	ERR607559-k20-n1-x5e9	ERR607560-k20-n1-x5e9	ERR608365-k20-n1-x5e9	ERR608366-k20-n1-x5e9	ERR608367-k20-n1-x5e9	ERR608368-k20-n1-x5e9	ERR608369-k20-n1-x5e9	ERR608370-k20-n1-x5e9	ERR608647-k20-n1-x5e9	ERR608648-k20-n1-x5e9	ERR608649-k20-n1-x5e9	ERR608650-k20-n1-x5e9	ERR608651-k20-n1-x5e9	ERR608652-k20-n1-x5e9	ERR609517-k20-n1-x5e9	ERR609518-k20-n1-x5e9	ERR609519-k20-n1-x5e9	ERR609520-k20-n1-x5e9	ERR609521-k20-n1-x5e9	ERR609522-k20-n1-x5e9	ERR607337-k20-n1-x5e9	ERR607338-k20-n1-x5e9	ERR607339-k20-n1-x5e9	ERR607340-k20-n1-x5e9	ERR607341-k20-n1-x5e9	ERR607342-k20-n1-x5e9	ERR608161-k20-n1-x5e9	ERR608162-k20-n1-x5e9	ERR608163-k20-n1-x5e9	ERR608164-k20-n1-x5e9	ERR608165-k20-n1-x5e9	ERR608166-k20-n1-x5e9	ERR608215-k20-n1-x5e9	ERR608216-k20-n1-x5e9	ERR608217-k20-n1-x5e9	ERR608218-k20-n1-x5e9	ERR608219-k20-n1-x5e9	ERR608220-k20-n1-x5e9	ERR605635-k20-n1-x5e9	ERR605636-k20-n1-x5e9	ERR605637-k20-n1-x5e9	ERR605638-k20-n1-x5e9	ERR605639-k20-n1-x5e9	ERR605640-k20-n1-x5e9	ERR608341-k20-n1-x5e9	ERR608342-k20-n1-x5e9	ERR608343-k20-n1-x5e9	ERR608344-k20-n1-x5e9	ERR608345-k20-n1-x5e9	ERR608346-k20-n1-x5e9
ERR608001-k20-n1-x5e9	0	0.334356	0.348607	0.356304	0.358935	0.354298	0.572294	0.559602	0.544935	0.550425	0.554507	0.549835	0.65301	0.4965	0.61863	0.665998	0.671088	0.672286	0.602628	0.448468	0.581118	0.56995	0.571873	0.572795	0.427998	0.438132	0.423196	0.563065	0.55963	0.558507	0.547093	0.546734	0.46989	0.682561	0.664232	0.667768	0.751269	0.749914	0.741446	0.710159	0.761132	0.760507	0.650828	0.65509	0.649758	0.693191	0.691435	0.691473	0.667283	0.697981	0.711655	0.714073	0.716623	0.696244	0.677459	0.697391	0.708784	0.704675	0.703123	0.698128	0.610315	0.610192	0.567913	0.647629	0.644973	0.637119	0.696747	0.699732	0.700028	0.658362	0.662067	0.657148	0.641593	0.648441	0.650571	0.600138	0.601529	0.598079	0.746127	0.753214	0.753726	0.711912	0.715417	0.710745	0.727165	0.71707	0.71404	0.710637	0.717438	0.715736	0.648037	0.680586	0.697726	0.6906	0.68945	0.68105
ERR608002-k20-n1-x5e9	0.334356	0	0.300142	0.310071	0.311377	0.308459	0.53392	0.523105	0.507719	0.512827	0.517525	0.511965	0.608571	0.460963	0.574138	0.624062	0.629186	0.630455	0.560456	0.412927	0.539587	0.525578	0.528056	0.528752	0.381722	0.387929	0.375292	0.513273	0.509373	0.508427	0.505229	0.505081	0.447106	0.648336	0.62973	0.633801	0.714788	0.713813	0.705897	0.671106	0.725686	0.725153	0.612652	0.616377	0.610436	0.654253	0.652286	0.652369	0.638798	0.664494	0.67743	0.679396	0.68205	0.663218	0.650091	0.66455	0.67506	0.670681	0.669216	0.665723	0.572411	0.572416	0.545735	0.614224	0.6115	0.60459	0.666986	0.668428	0.66999	0.631196	0.635293	0.63039	0.608449	0.613853	0.61728	0.569394	0.57096	0.567235	0.71341	0.719976	0.721145	0.679252	0.683263	0.678365	0.694563	0.685539	0.682529	0.678521	0.689316	0.687269	0.618118	0.645573	0.66263	0.654702	0.653851	0.646567
ERR608003-k20-n1-x5e9	0.348607	0.300142	0	0.300088	0.299974	0.299187	0.517115	0.507109	0.491512	0.496422	0.501335	0.49559	0.589403	0.446606	0.554796	0.605588	0.610743	0.61205	0.542069	0.401652	0.521345	0.506524	0.508952	0.510094	0.366197	0.3704	0.360727	0.491761	0.488127	0.48693	0.487862	0.487724	0.440204	0.632918	0.614127	0.618355	0.698815	0.697957	0.690186	0.65411	0.710026	0.709511	0.595302	0.59914	0.59293	0.636876	0.634967	0.634965	0.624574	0.649254	0.66216	0.663942	0.66668	0.648229	0.637036	0.649839	0.659953	0.65563	0.654088	0.651095	0.557757	0.557894	0.53936	0.600034	0.597271	0.590496	0.653223	0.654128	0.656054	0.618383	0.622637	0.617675	0.593723	0.598415	0.602474	0.556445	0.557642	0.55447	0.698438	0.704794	0.706191	0.664402	0.668492	0.663636	0.679868	0.671247	0.668262	0.66403	0.675974	0.673926	0.604062	0.629716	0.646958	0.638751	0.637909	0.630898
ERR608004-k20-n1-x5e9	0.356304	0.310071	0.300088	0	0.288185	0.28927	0.480463	0.469504	0.455303	0.460098	0.464888	0.459512	0.560059	0.412943	0.52386	0.574906	0.580523	0.581671	0.50872	0.376994	0.487307	0.474248	0.476532	0.477509	0.347872	0.352074	0.344918	0.462992	0.45935	0.45827	0.455748	0.455201	0.414764	0.599129	0.579642	0.583494	0.671776	0.670466	0.661672	0.625669	0.683113	0.682558	0.56203	0.566233	0.560186	0.606672	0.604698	0.604738	0.595426	0.622511	0.635861	0.638386	0.641013	0.62112	0.60643	0.621664	0.63263	0.628574	0.626833	0.62288	0.543077	0.543016	0.533982	0.577058	0.574625	0.567947	0.624209	0.625845	0.626853	0.590091	0.593938	0.588959	0.568851	0.574358	0.577044	0.537166	0.537666	0.535125	0.672904	0.679981	0.680906	0.638023	0.642079	0.637084	0.651432	0.641538	0.638724	0.635068	0.644107	0.642164	0.576735	0.604648	0.621623	0.614145	0.613319	0.605518
ERR608005-k20-n1-x5e9	0.358935	0.311377	0.299974	0.288185	0	0.288379	0.475747	0.464515	0.450519	0.455223	0.460001	0.454751	0.555913	0.409727	0.519533	0.570899	0.576377	0.577783	0.504064	0.374753	0.482678	0.469485	0.472013	0.472748	0.345975	0.349993	0.343125	0.458882	0.455188	0.454233	0.450761	0.450514	0.412334	0.594684	0.575267	0.579265	0.667898	0.666588	0.657675	0.621413	0.679409	0.678765	0.557559	0.561761	0.555683	0.602463	0.600475	0.600536	0.592653	0.619422	0.632919	0.63544	0.63811	0.618179	0.603226	0.618417	0.629209	0.625165	0.62348	0.619485	0.541344	0.541182	0.534436	0.574735	0.572235	0.565794	0.621083	0.622597	0.623705	0.587424	0.591241	0.586177	0.566445	0.571737	0.57451	0.535668	0.536277	0.533826	0.669732	0.676915	0.677806	0.634945	0.638995	0.63394	0.647659	0.637735	0.635007	0.631388	0.640375	0.638471	0.57436	0.60162	0.618639	0.61117	0.610162	0.602477
ERR608006-k20-n1-x5e9	0.354298	0.308459	0.299187	0.28927	0.288379	0	0.483783	0.472399	0.458077	0.462743	0.467868	0.462215	0.563107	0.415262	0.52682	0.578027	0.583409	0.584734	0.51198	0.378261	0.4904	0.477225	0.479581	0.480621	0.3495	0.353949	0.346286	0.466419	0.462702	0.46153	0.457778	0.457508	0.415088	0.601518	0.582116	0.586184	0.674692	0.67338	0.664497	0.628595	0.686001	0.685419	0.56439	0.568493	0.562537	0.609429	0.60738	0.607348	0.597999	0.625175	0.638688	0.641165	0.643746	0.623912	0.608314	0.623785	0.634786	0.63066	0.62892	0.624921	0.545555	0.545367	0.534734	0.579943	0.577335	0.57052	0.625933	0.627627	0.628659	0.591777	0.595646	0.590684	0.571279	0.576898	0.579406	0.539303	0.539975	0.536981	0.675227	0.682445	0.683276	0.640066	0.644064	0.63906	0.653617	0.643727	0.640868	0.637136	0.646152	0.644236	0.579537	0.607366	0.624517	0.617003	0.616029	0.608311
ERR605581-k20-n1-x5e9	0.572294	0.53392	0.517115	0.480463	0.475747	0.483783	0	0.260682	0.265754	0.263125	0.262526	0.263511	0.385378	0.375571	0.361643	0.387321	0.392577	0.393574	0.321983	0.408161	0.314934	0.317703	0.318242	0.317916	0.428531	0.421249	0.438571	0.359889	0.360419	0.361062	0.318127	0.318402	0.417623	0.372925	0.355959	0.358902	0.470614	0.466969	0.453364	0.42009	0.482985	0.482217	0.380401	0.383668	0.382154	0.418158	0.416693	0.416563	0.477176	0.485289	0.491519	0.496072	0.496122	0.484036	0.469247	0.471587	0.476776	0.47663	0.474888	0.471579	0.497241	0.49672	0.576302	0.474956	0.475351	0.4772	0.482096	0.481928	0.480431	0.49105	0.490849	0.490477	0.483581	0.483912	0.481642	0.519311	0.516146	0.517259	0.515948	0.52353	0.522415	0.498627	0.500341	0.497578	0.469775	0.460994	0.45993	0.460224	0.458713	0.458021	0.478708	0.483574	0.489824	0.489087	0.488695	0.483402
ERR605582-k20-n1-x5e9	0.559602	0.523105	0.507109	0.469504	0.464515	0.472399	0.260682	0	0.263269	0.26217	0.26176	0.262588	0.404598	0.368321	0.376813	0.407174	0.412852	0.413883	0.334754	0.393685	0.322923	0.325363	0.326466	0.32608	0.420438	0.414542	0.430559	0.369596	0.369626	0.370158	0.318001	0.317969	0.402527	0.390743	0.372028	0.375109	0.492727	0.489013	0.475213	0.442484	0.504692	0.503902	0.395812	0.399646	0.397746	0.43765	0.43642	0.436113	0.482786	0.496966	0.505027	0.509786	0.510004	0.495436	0.476484	0.484156	0.490747	0.490417	0.488368	0.484145	0.499644	0.498586	0.56887	0.479887	0.480135	0.480551	0.49164	0.492729	0.490821	0.494576	0.494307	0.493558	0.488409	0.490028	0.487576	0.518469	0.515444	0.516118	0.531117	0.539357	0.538053	0.510631	0.512351	0.509503	0.485118	0.47506	0.473728	0.473975	0.470131	0.469535	0.483308	0.493897	0.502008	0.500858	0.500249	0.49381
ERR605583-k20-n1-x5e9	0.544935	0.507719	0.491512	0.455303	0.450519	0.458077	0.265754	0.263269	0	0.261876	0.262609	0.261826	0.40948	0.3593	0.380091	0.413267	0.419099	0.42025	0.339147	0.381451	0.324785	0.325238	0.326513	0.326187	0.407189	0.401722	0.417133	0.367654	0.366969	0.367583	0.31556	0.31576	0.392212	0.400592	0.381143	0.384372	0.50198	0.498421	0.484717	0.451164	0.514029	0.513199	0.40238	0.406221	0.40399	0.445272	0.443937	0.443681	0.483497	0.499606	0.50842	0.512726	0.513269	0.49806	0.478881	0.487434	0.494715	0.493811	0.491925	0.487619	0.491504	0.491025	0.557721	0.476613	0.476252	0.476216	0.494259	0.495305	0.49376	0.494169	0.494691	0.493387	0.484547	0.486679	0.484952	0.510196	0.507152	0.507618	0.53552	0.54381	0.542654	0.513008	0.515028	0.511814	0.491175	0.481167	0.478564	0.478572	0.477218	0.476489	0.481528	0.494402	0.503855	0.501597	0.501028	0.494416
ERR605584-k20-n1-x5e9	0.550425	0.512827	0.496422	0.460098	0.455223	0.462743	0.263125	0.26217	0.261876	0	0.259631	0.259613	0.402642	0.361225	0.374404	0.406177	0.411784	0.412979	0.335332	0.38764	0.322255	0.322987	0.323859	0.32354	0.410871	0.404665	0.420974	0.36444	0.364062	0.364367	0.314857	0.315252	0.397456	0.393689	0.374656	0.37784	0.494516	0.491009	0.477304	0.443947	0.506733	0.505803	0.396597	0.400475	0.398194	0.438574	0.437151	0.43691	0.481101	0.495618	0.503875	0.508228	0.50871	0.494066	0.475733	0.48291	0.489845	0.489048	0.486974	0.482948	0.49219	0.491507	0.561418	0.475276	0.475246	0.475583	0.490406	0.491169	0.489685	0.491942	0.492165	0.491354	0.48374	0.485636	0.483484	0.511591	0.508661	0.509113	0.530194	0.53841	0.537213	0.508551	0.510528	0.507397	0.485882	0.476127	0.473847	0.473632	0.472176	0.47141	0.479827	0.491133	0.499995	0.498058	0.497447	0.490939
ERR605585-k20-n1-x5e9	0.554507	0.517525	0.501335	0.464888	0.460001	0.467868	0.262526	0.26176	0.262609	0.259631	0	0.259717	0.40275	0.363228	0.374936	0.405545	0.411178	0.412292	0.336025	0.391354	0.323146	0.324704	0.325657	0.32537	0.415239	0.409058	0.425514	0.36683	0.366851	0.367167	0.31696	0.31716	0.399622	0.39168	0.37269	0.375871	0.493528	0.489991	0.476115	0.443211	0.505601	0.504846	0.395495	0.399309	0.397387	0.437424	0.436184	0.435865	0.481085	0.49529	0.503527	0.507879	0.508185	0.493682	0.474669	0.482142	0.488921	0.488196	0.486266	0.482054	0.495515	0.494764	0.564827	0.476991	0.477034	0.47753	0.489301	0.490282	0.488532	0.491897	0.491798	0.491113	0.484762	0.486729	0.484336	0.513862	0.510802	0.511309	0.529222	0.537569	0.536285	0.507937	0.509701	0.506844	0.484783	0.475034	0.472688	0.472592	0.4705	0.46976	0.480588	0.491591	0.500128	0.498547	0.497971	0.49125
ERR605586-k20-n1-x5e9	0.549835	0.511965	0.49559	0.459512	0.454751	0.462215	0.263511	0.262588	0.261826	0.259613	0.259717	0	0.403413	0.360863	0.375123	0.406431	0.412045	0.413355	0.336638	0.387648	0.323376	0.324165	0.325015	0.324818	0.410201	0.403891	0.419994	0.364986	0.364774	0.365074	0.315744	0.316279	0.396764	0.394073	0.375204	0.378544	0.495081	0.49151	0.477791	0.444767	0.50723	0.506381	0.396932	0.400707	0.398673	0.438758	0.437403	0.437089	0.481893	0.496477	0.504685	0.508989	0.509335	0.494864	0.476167	0.483127	0.490125	0.489309	0.48726	0.483239	0.492805	0.492353	0.561193	0.476237	0.476191	0.476561	0.490349	0.491222	0.489692	0.492226	0.492498	0.491553	0.484285	0.486136	0.484066	0.511629	0.508735	0.509196	0.530431	0.538778	0.537609	0.508733	0.510676	0.507705	0.486352	0.476781	0.474315	0.474186	0.472781	0.472045	0.480566	0.492132	0.501063	0.499215	0.49875	0.491986
ERR610205-k20-n1-x5e9	0.65301	0.608571	0.589403	0.560059	0.555913	0.563107	0.385378	0.404598	0.40948	0.402642	0.40275	0.403413	0	0.408049	0.249629	0.240165	0.241951	0.242784	0.340857	0.516996	0.357083	0.36146	0.360033	0.359649	0.50141	0.489357	0.510377	0.363501	0.365488	0.366719	0.40013	0.401218	0.527469	0.354847	0.352937	0.354713	0.403379	0.403458	0.394392	0.356722	0.419415	0.418884	0.321753	0.321038	0.319241	0.336408	0.334647	0.335063	0.468674	0.43701	0.431741	0.432931	0.431832	0.438428	0.435996	0.410554	0.409313	0.407921	0.407855	0.411609	0.552966	0.553028	0.658138	0.521801	0.52291	0.530654	0.429199	0.422789	0.425733	0.466305	0.465376	0.468354	0.489034	0.480996	0.481056	0.551209	0.547268	0.550499	0.448108	0.452035	0.455028	0.434987	0.436499	0.435551	0.425763	0.423298	0.421276	0.41798	0.436533	0.434326	0.483037	0.451304	0.443869	0.445772	0.446945	0.452882
ERR610206-k20-n1-x5e9	0.4965	0.460963	0.446606	0.412943	0.409727	0.415262	0.375571	0.368321	0.3593	0.361225	0.363228	0.360863	0.408049	0	0.359814	0.420535	0.429041	0.430966	0.39511	0.365254	0.373448	0.372741	0.374113	0.373835	0.385273	0.382583	0.394408	0.398886	0.396951	0.396062	0.360158	0.359731	0.384111	0.466702	0.444343	0.447501	0.576912	0.574077	0.559896	0.521644	0.589848	0.588757	0.424588	0.430704	0.424867	0.489411	0.487066	0.486915	0.470559	0.501466	0.516817	0.520927	0.522582	0.499748	0.454717	0.48424	0.501708	0.496268	0.49395	0.485096	0.525823	0.525768	0.558713	0.523209	0.521853	0.519433	0.473091	0.479388	0.47876	0.442241	0.443747	0.441286	0.483139	0.488411	0.487343	0.492228	0.488893	0.489703	0.557994	0.570079	0.570069	0.504493	0.508183	0.502857	0.528435	0.511143	0.505112	0.500949	0.506499	0.504317	0.471704	0.498219	0.513403	0.509882	0.507919	0.49947
ERR610207-k20-n1-x5e9	0.61863	0.574138	0.554796	0.52386	0.519533	0.52682	0.361643	0.376813	0.380091	0.374404	0.374936	0.375123	0.249629	0.359814	0	0.262134	0.267978	0.269441	0.325046	0.477094	0.333378	0.337113	0.336238	0.336153	0.468684	0.457263	0.477787	0.35073	0.35203	0.352998	0.370083	0.370709	0.490205	0.362612	0.352607	0.355019	0.439981	0.438857	0.427136	0.38517	0.455958	0.45515	0.318814	0.320818	0.316811	0.357582	0.355326	0.355093	0.450617	0.432672	0.434145	0.436009	0.436015	0.43326	0.417705	0.407378	0.413127	0.409854	0.409052	0.408804	0.540031	0.539965	0.635505	0.514631	0.515179	0.521026	0.417515	0.414723	0.417106	0.439114	0.438527	0.440507	0.474411	0.468505	0.468571	0.529603	0.525789	0.528652	0.461868	0.469071	0.471312	0.431855	0.434237	0.431608	0.435167	0.427211	0.423519	0.419444	0.43595	0.433323	0.465374	0.444562	0.442776	0.443617	0.443873	0.446482
ERR610208-k20-n1-x5e9	0.665998	0.624062	0.605588	0.574906	0.570899	0.578027	0.387321	0.407174	0.413267	0.406177	0.405545	0.406431	0.240165	0.420535	0.262134	0	0.234345	0.23458	0.345147	0.529119	0.362607	0.369477	0.367727	0.36732	0.513972	0.502322	0.523859	0.371125	0.373471	0.374865	0.408631	0.409576	0.536903	0.34161	0.342754	0.343648	0.387218	0.386631	0.376586	0.34614	0.401841	0.401335	0.318324	0.31678	0.317589	0.325876	0.324836	0.324774	0.471948	0.439351	0.432501	0.434138	0.43239	0.440468	0.437611	0.410123	0.407117	0.40731	0.407171	0.410776	0.55917	0.55909	0.665049	0.521654	0.522907	0.53124	0.429264	0.422785	0.424306	0.473521	0.47208	0.475518	0.493111	0.485206	0.484216	0.558821	0.554815	0.558278	0.44102	0.445023	0.446622	0.435479	0.436012	0.435813	0.417617	0.416345	0.414662	0.413034	0.427233	0.425555	0.486641	0.454706	0.446215	0.449267	0.450429	0.455882
ERR610209-k20-n1-x5e9	0.671088	0.629186	0.610743	0.580523	0.576377	0.583409	0.392577	0.412852	0.419099	0.411784	0.411178	0.412045	0.241951	0.429041	0.267978	0.234345	0	0.233994	0.349993	0.535645	0.368436	0.375087	0.373112	0.372983	0.519132	0.507417	0.528826	0.374073	0.376673	0.378091	0.414544	0.415729	0.543268	0.343004	0.34563	0.346622	0.381635	0.381236	0.37199	0.342926	0.396009	0.395536	0.322969	0.32107	0.322387	0.325435	0.324603	0.324614	0.476959	0.442485	0.434625	0.43584	0.434096	0.443661	0.443684	0.414014	0.40956	0.410081	0.410369	0.41453	0.561492	0.561489	0.668672	0.523471	0.524791	0.533493	0.434848	0.427619	0.42935	0.480721	0.479263	0.4826	0.496811	0.488668	0.487647	0.563077	0.559052	0.562474	0.440956	0.444186	0.445958	0.439081	0.439421	0.439628	0.418777	0.418751	0.417423	0.416002	0.430509	0.429016	0.49096	0.457557	0.448264	0.451454	0.452703	0.458572
ERR610210-k20-n1-x5e9	0.672286	0.630455	0.61205	0.581671	0.577783	0.584734	0.393574	0.413883	0.42025	0.412979	0.412292	0.413355	0.242784	0.430966	0.269441	0.23458	0.233994	0	0.351011	0.537249	0.369495	0.376286	0.37441	0.374034	0.520275	0.508541	0.529949	0.374651	0.377241	0.378742	0.415838	0.416803	0.544591	0.342907	0.345942	0.346621	0.380305	0.37983	0.370693	0.342165	0.394661	0.39416	0.323522	0.321446	0.322808	0.325	0.323998	0.324119	0.477727	0.442907	0.434933	0.436162	0.434353	0.444079	0.444638	0.414524	0.409859	0.410485	0.410649	0.414965	0.562081	0.562052	0.669567	0.523732	0.525153	0.533858	0.435581	0.428261	0.429987	0.481969	0.480555	0.483935	0.497538	0.489155	0.488259	0.564036	0.55993	0.563396	0.440871	0.443893	0.445795	0.439719	0.440019	0.440143	0.418633	0.418725	0.41755	0.416367	0.430571	0.429086	0.491849	0.45801	0.448584	0.451828	0.453096	0.45921
ERR605327-k20-n1-x5e9	0.602628	0.560456	0.542069	0.50872	0.504064	0.51198	0.321983	0.334754	0.339147	0.335332	0.336025	0.336638	0.340857	0.39511	0.325046	0.345147	0.349993	0.351011	0	0.411652	0.253775	0.258547	0.257837	0.257272	0.450162	0.440259	0.459465	0.343325	0.345048	0.3458	0.340958	0.340914	0.461983	0.353892	0.342548	0.345473	0.436198	0.433296	0.421493	0.383836	0.450514	0.44977	0.342964	0.345201	0.342772	0.375155	0.373946	0.373848	0.463872	0.45618	0.45932	0.462975	0.463075	0.455999	0.449308	0.442224	0.445	0.444759	0.443434	0.442588	0.498343	0.497878	0.597324	0.471844	0.472413	0.477261	0.457177	0.45469	0.45499	0.4741	0.473522	0.474219	0.467653	0.463932	0.463135	0.516326	0.512969	0.515082	0.485881	0.492148	0.492269	0.469529	0.471468	0.469057	0.433731	0.427281	0.426042	0.424979	0.431923	0.430276	0.471309	0.459826	0.461049	0.461242	0.461427	0.460479
ERR605328-k20-n1-x5e9	0.448468	0.412927	0.401652	0.376994	0.374753	0.378261	0.408161	0.393685	0.381451	0.38764	0.391354	0.387648	0.516996	0.365254	0.477094	0.529119	0.535645	0.537249	0.411652	0	0.38442	0.375872	0.378304	0.378895	0.362707	0.365207	0.366612	0.439256	0.436661	0.435588	0.387864	0.386564	0.36147	0.532938	0.51127	0.515005	0.627726	0.625109	0.613889	0.578073	0.639417	0.638694	0.50966	0.514699	0.509104	0.561157	0.559394	0.559135	0.540721	0.572983	0.587987	0.591688	0.593654	0.571513	0.546054	0.568563	0.581006	0.577359	0.575184	0.569213	0.498911	0.49854	0.502952	0.519402	0.517433	0.510569	0.566164	0.570073	0.569678	0.53357	0.536281	0.532051	0.517759	0.52489	0.525659	0.498	0.4974	0.495412	0.62639	0.635386	0.635274	0.587691	0.591365	0.586438	0.582339	0.568613	0.564961	0.561849	0.565544	0.563604	0.530502	0.561093	0.57779	0.572165	0.570671	0.561931
ERR605329-k20-n1-x5e9	0.581118	0.539587	0.521345	0.487307	0.482678	0.4904	0.314934	0.322923	0.324785	0.322255	0.323146	0.323376	0.357083	0.373448	0.333378	0.362607	0.368436	0.369495	0.253775	0.38442	0	0.254465	0.254022	0.253462	0.430561	0.421671	0.440342	0.343883	0.345114	0.3455	0.328635	0.328476	0.438857	0.368731	0.353752	0.356878	0.461212	0.458196	0.44547	0.40768	0.475232	0.474394	0.353664	0.357258	0.354067	0.394621	0.393229	0.393202	0.463054	0.464595	0.470563	0.474609	0.474995	0.463929	0.450252	0.450691	0.456156	0.455267	0.453597	0.451047	0.492283	0.491817	0.581447	0.47028	0.470578	0.473484	0.461197	0.460354	0.460281	0.469623	0.469413	0.469356	0.465112	0.463302	0.462449	0.506371	0.502975	0.505008	0.499485	0.506988	0.506915	0.477372	0.479566	0.476531	0.447618	0.438727	0.436326	0.435303	0.440178	0.438512	0.468543	0.46574	0.470193	0.469564	0.469434	0.46628
ERR605330-k20-n1-x5e9	0.56995	0.525578	0.506524	0.474248	0.469485	0.477225	0.317703	0.325363	0.325238	0.322987	0.324704	0.324165	0.36146	0.372741	0.337113	0.369477	0.375087	0.376286	0.258547	0.375872	0.254465	0	0.25126	0.250873	0.417923	0.408319	0.426887	0.337306	0.337915	0.338063	0.325973	0.325619	0.433358	0.380508	0.365189	0.368523	0.46815	0.465501	0.453772	0.414103	0.482329	0.481638	0.363706	0.366805	0.363036	0.402791	0.401439	0.401444	0.467487	0.468863	0.475225	0.478679	0.479406	0.468248	0.459286	0.457844	0.463005	0.461596	0.460088	0.458329	0.482736	0.482367	0.572581	0.466612	0.466528	0.46923	0.470044	0.468679	0.469077	0.475677	0.475946	0.475523	0.463899	0.46192	0.46192	0.500118	0.496879	0.498651	0.506026	0.513062	0.513434	0.483461	0.485883	0.482792	0.455688	0.447834	0.445591	0.44357	0.45181	0.449961	0.470156	0.46752	0.472878	0.470991	0.470892	0.468118
ERR605331-k20-n1-x5e9	0.571873	0.528056	0.508952	0.476532	0.472013	0.479581	0.318242	0.326466	0.326513	0.323859	0.325657	0.325015	0.360033	0.374113	0.336238	0.367727	0.373112	0.37441	0.257837	0.378304	0.254022	0.25126	0	0.251332	0.420154	0.410393	0.428923	0.337502	0.338486	0.338575	0.326822	0.326264	0.43532	0.378399	0.363202	0.366746	0.465661	0.46301	0.451225	0.411837	0.479856	0.47919	0.36215	0.365244	0.361559	0.400947	0.399519	0.399605	0.467371	0.468002	0.474049	0.477463	0.478187	0.467344	0.458678	0.456943	0.461717	0.460527	0.458979	0.457308	0.48405	0.483765	0.574413	0.466786	0.467039	0.470091	0.469428	0.467821	0.468333	0.47551	0.475841	0.475442	0.464678	0.46251	0.462307	0.501584	0.498211	0.500018	0.504533	0.511348	0.51177	0.482575	0.485004	0.481922	0.453806	0.446142	0.443972	0.44204	0.450044	0.448282	0.47034	0.467056	0.472179	0.470414	0.470442	0.467568
ERR605332-k20-n1-x5e9	0.572795	0.528752	0.510094	0.477509	0.472748	0.480621	0.317916	0.32608	0.326187	0.32354	0.32537	0.324818	0.359649	0.373835	0.336153	0.36732	0.372983	0.374034	0.257272	0.378895	0.253462	0.250873	0.251332	0	0.4212	0.411307	0.430071	0.338348	0.339087	0.339138	0.327005	0.326632	0.435448	0.377857	0.362685	0.366121	0.465593	0.463053	0.4511	0.41185	0.479791	0.479216	0.361817	0.364701	0.361111	0.400457	0.399095	0.399129	0.46693	0.467785	0.473792	0.477446	0.478075	0.467151	0.458033	0.456217	0.461316	0.460001	0.458593	0.456731	0.484085	0.483728	0.574564	0.466726	0.466826	0.469943	0.468672	0.467125	0.467584	0.474988	0.475282	0.474966	0.464383	0.462505	0.462265	0.501717	0.4984	0.500156	0.504193	0.511178	0.511534	0.482211	0.484621	0.481591	0.453596	0.445824	0.443556	0.44175	0.449651	0.447782	0.470056	0.466997	0.472099	0.470343	0.470365	0.467489
ERR608829-k20-n1-x5e9	0.427998	0.381722	0.366197	0.347872	0.345975	0.3495	0.428531	0.420438	0.407189	0.410871	0.415239	0.410201	0.50141	0.385273	0.468684	0.513972	0.519132	0.520275	0.450162	0.362707	0.430561	0.417923	0.420154	0.4212	0	0.280771	0.282684	0.36897	0.364949	0.363639	0.396753	0.396031	0.387823	0.531228	0.512756	0.516652	0.607186	0.605604	0.596124	0.560724	0.6189	0.618348	0.503614	0.507406	0.502152	0.544177	0.542212	0.542313	0.541723	0.564984	0.577229	0.579499	0.581913	0.56356	0.554015	0.563642	0.572131	0.568906	0.567573	0.564403	0.485649	0.485494	0.503639	0.513275	0.511002	0.505724	0.571403	0.571575	0.57249	0.54833	0.551605	0.547634	0.514896	0.519359	0.521594	0.495047	0.495004	0.493423	0.61236	0.619359	0.620165	0.583548	0.586987	0.582749	0.5884	0.580163	0.577314	0.574312	0.58388	0.581952	0.524124	0.547415	0.562861	0.555947	0.555027	0.547898
ERR608830-k20-n1-x5e9	0.438132	0.387929	0.3704	0.352074	0.349993	0.353949	0.421249	0.414542	0.401722	0.404665	0.409058	0.403891	0.489357	0.382583	0.457263	0.502322	0.507417	0.508541	0.440259	0.365207	0.421671	0.408319	0.410393	0.411307	0.280771	0	0.282714	0.355698	0.352009	0.350842	0.389552	0.389248	0.392629	0.521962	0.503823	0.507704	0.596799	0.595451	0.585981	0.550016	0.608821	0.608162	0.493251	0.496721	0.491542	0.532958	0.531061	0.531127	0.536131	0.557091	0.568807	0.570833	0.573293	0.555935	0.547865	0.555338	0.563498	0.560066	0.558858	0.556007	0.481008	0.480793	0.50637	0.507483	0.505553	0.50063	0.563967	0.563547	0.564863	0.542879	0.546194	0.542477	0.508142	0.511976	0.514662	0.491302	0.491242	0.4897	0.603718	0.610434	0.611315	0.57543	0.578874	0.574867	0.580088	0.572292	0.569521	0.566344	0.577052	0.574986	0.518527	0.539336	0.554434	0.54732	0.546641	0.540069
ERR608831-k20-n1-x5e9	0.423196	0.375292	0.360727	0.344918	0.343125	0.346286	0.438571	0.430559	0.417133	0.420974	0.425514	0.419994	0.510377	0.394408	0.477787	0.523859	0.528826	0.529949	0.459465	0.366612	0.440342	0.426887	0.428923	0.430071	0.282684	0.282714	0	0.378164	0.374325	0.373118	0.404877	0.404647	0.391906	0.542103	0.523567	0.527808	0.616065	0.614678	0.605571	0.569814	0.627885	0.62725	0.514133	0.517744	0.512384	0.553872	0.552082	0.551946	0.55148	0.573838	0.585994	0.588137	0.590642	0.572585	0.564163	0.572999	0.581286	0.578008	0.576684	0.573728	0.490567	0.490335	0.50496	0.521182	0.518881	0.513122	0.58082	0.580959	0.582028	0.557445	0.56083	0.556726	0.523124	0.527077	0.52965	0.500955	0.501163	0.499051	0.621331	0.628105	0.628982	0.592547	0.596058	0.591886	0.597932	0.589982	0.587151	0.583942	0.594413	0.592532	0.533433	0.556105	0.571371	0.56419	0.563485	0.556726
ERR608832-k20-n1-x5e9	0.563065	0.513273	0.491761	0.462992	0.458882	0.466419	0.359889	0.369596	0.367654	0.36444	0.36683	0.364986	0.363501	0.398886	0.35073	0.371125	0.374073	0.374651	0.343325	0.439256	0.343883	0.337306	0.337502	0.338348	0.36897	0.355698	0.378164	0	0.255053	0.254959	0.354196	0.354582	0.456962	0.398742	0.388033	0.391503	0.459338	0.458097	0.448743	0.412631	0.473026	0.472482	0.376733	0.378006	0.375281	0.399328	0.397631	0.397871	0.476725	0.471076	0.474765	0.476437	0.477574	0.470935	0.479048	0.465147	0.46582	0.464824	0.464289	0.46574	0.476521	0.476757	0.57309	0.464924	0.464809	0.46856	0.486747	0.48179	0.483552	0.499315	0.500545	0.499871	0.463174	0.459276	0.460797	0.498281	0.49509	0.497201	0.500706	0.505243	0.506337	0.490069	0.492261	0.490167	0.476276	0.474479	0.473032	0.471422	0.484167	0.482501	0.469848	0.462033	0.466728	0.463041	0.463642	0.462413
ERR608833-k20-n1-x5e9	0.55963	0.509373	0.488127	0.45935	0.455188	0.462702	0.360419	0.369626	0.366969	0.364062	0.366851	0.364774	0.365488	0.396951	0.35203	0.373471	0.376673	0.377241	0.345048	0.436661	0.345114	0.337915	0.338486	0.339087	0.364949	0.352009	0.374325	0.255053	0	0.254957	0.353204	0.35361	0.454188	0.401161	0.390475	0.393844	0.462273	0.461124	0.451731	0.415475	0.475967	0.475391	0.378826	0.380234	0.377299	0.402047	0.400287	0.400389	0.477652	0.472573	0.47621	0.477944	0.479199	0.472252	0.480083	0.466379	0.46722	0.466317	0.465622	0.467108	0.474892	0.475125	0.570489	0.464711	0.464627	0.468263	0.487708	0.482712	0.48448	0.499441	0.500786	0.500283	0.462971	0.459325	0.461182	0.496721	0.493539	0.495739	0.502364	0.506879	0.508051	0.491216	0.493439	0.49122	0.478055	0.476046	0.474772	0.473062	0.485995	0.484329	0.470495	0.463068	0.468243	0.464454	0.464722	0.463705
ERR608834-k20-n1-x5e9	0.558507	0.508427	0.48693	0.45827	0.454233	0.46153	0.361062	0.370158	0.367583	0.364367	0.367167	0.365074	0.366719	0.396062	0.352998	0.374865	0.378091	0.378742	0.3458	0.435588	0.3455	0.338063	0.338575	0.339138	0.363639	0.350842	0.373118	0.254959	0.254957	0	0.353543	0.353794	0.453152	0.402363	0.391423	0.394913	0.464231	0.462996	0.453543	0.417271	0.477868	0.4773	0.37975	0.380969	0.378094	0.403347	0.401775	0.402002	0.477919	0.473174	0.477068	0.478857	0.480103	0.473032	0.480045	0.466814	0.468028	0.466936	0.466321	0.46751	0.474633	0.474883	0.569603	0.464892	0.464539	0.468046	0.488047	0.482939	0.484812	0.49909	0.500417	0.49976	0.46291	0.459285	0.461205	0.495953	0.493088	0.495091	0.503563	0.508196	0.509287	0.49176	0.49405	0.491734	0.479165	0.476934	0.475337	0.473698	0.486615	0.484891	0.470308	0.463623	0.468794	0.465161	0.465462	0.464207
ERR609301-k20-n1-x5e9	0.547093	0.505229	0.487862	0.455748	0.450761	0.457778	0.318127	0.318001	0.31556	0.314857	0.31696	0.315744	0.40013	0.360158	0.370083	0.408631	0.414544	0.415838	0.340958	0.387864	0.328635	0.325973	0.326822	0.327005	0.396753	0.389552	0.404877	0.354196	0.353204	0.353543	0	0.259452	0.360555	0.363146	0.341552	0.345811	0.493697	0.491008	0.478283	0.439158	0.507736	0.506825	0.393892	0.397687	0.393944	0.438756	0.436955	0.436739	0.466423	0.478161	0.486969	0.49111	0.49196	0.477511	0.458337	0.463596	0.471087	0.469376	0.467621	0.464498	0.483545	0.483247	0.555503	0.474281	0.473737	0.474469	0.472776	0.472792	0.472751	0.471548	0.472355	0.471293	0.470877	0.471703	0.471173	0.497147	0.494412	0.495435	0.518596	0.526915	0.526853	0.491518	0.493893	0.490498	0.475678	0.465471	0.462558	0.460843	0.466135	0.464456	0.468152	0.476025	0.484637	0.482454	0.481791	0.476716
ERR609302-k20-n1-x5e9	0.546734	0.505081	0.487724	0.455201	0.450514	0.457508	0.318402	0.317969	0.31576	0.315252	0.31716	0.316279	0.401218	0.359731	0.370709	0.409576	0.415729	0.416803	0.340914	0.386564	0.328476	0.325619	0.326264	0.326632	0.396031	0.389248	0.404647	0.354582	0.35361	0.353794	0.259452	0	0.359812	0.364082	0.342397	0.346446	0.494961	0.492225	0.479564	0.440384	0.508973	0.508056	0.394393	0.398402	0.394592	0.439487	0.437804	0.437555	0.466476	0.478282	0.487378	0.491476	0.492463	0.477929	0.458697	0.464183	0.471827	0.470246	0.46824	0.465033	0.484615	0.484091	0.55588	0.475332	0.47458	0.475171	0.473118	0.473325	0.473097	0.471215	0.471996	0.470909	0.471359	0.472063	0.471658	0.497382	0.494594	0.495452	0.519482	0.527867	0.527755	0.492032	0.4947	0.491149	0.476214	0.465837	0.462875	0.461209	0.466185	0.464605	0.468375	0.476284	0.485113	0.482786	0.482201	0.477147
ERR609303-k20-n1-x5e9	0.46989	0.447106	0.440204	0.414764	0.412334	0.415088	0.417623	0.402527	0.392212	0.397456	0.399622	0.396764	0.527469	0.384111	0.490205	0.536903	0.543268	0.544591	0.461983	0.36147	0.438857	0.433358	0.43532	0.435448	0.387823	0.392629	0.391906	0.456962	0.454188	0.453152	0.360555	0.359812	0	0.504918	0.482393	0.485862	0.622374	0.619565	0.607277	0.573946	0.633566	0.63265	0.515304	0.520109	0.515719	0.565011	0.563201	0.563032	0.538355	0.572465	0.586293	0.590689	0.592279	0.571036	0.539992	0.562403	0.574397	0.571438	0.569184	0.562894	0.5262	0.526037	0.525965	0.538161	0.536577	0.530754	0.560651	0.564615	0.563643	0.534819	0.536773	0.533095	0.535511	0.542251	0.541524	0.52511	0.524128	0.522523	0.619912	0.629406	0.628867	0.584064	0.587187	0.58279	0.584822	0.571139	0.567174	0.565104	0.565501	0.564085	0.534856	0.564341	0.579484	0.57515	0.573793	0.565158
ERR609304-k20-n1-x5e9	0.682561	0.648336	0.632918	0.599129	0.594684	0.601518	0.372925	0.390743	0.400592	0.393689	0.39168	0.394073	0.354847	0.466702	0.362612	0.34161	0.343004	0.342907	0.353892	0.532938	0.368731	0.380508	0.378399	0.377857	0.531228	0.521962	0.542103	0.398742	0.401161	0.402363	0.363146	0.364082	0.504918	0	0.248982	0.248428	0.369071	0.365194	0.351213	0.333446	0.37649	0.375496	0.344352	0.343772	0.348028	0.350408	0.35024	0.349956	0.475871	0.452693	0.44702	0.451169	0.448862	0.452712	0.442393	0.422938	0.418988	0.422648	0.421567	0.422334	0.555184	0.554553	0.65933	0.504226	0.50591	0.514483	0.442771	0.438508	0.436816	0.488657	0.48619	0.489312	0.499446	0.494118	0.490078	0.568271	0.564201	0.567354	0.448565	0.453926	0.451879	0.455071	0.454289	0.454571	0.404454	0.402656	0.402613	0.405898	0.403366	0.403741	0.491238	0.468126	0.460533	0.466253	0.466434	0.46773
ERR609305-k20-n1-x5e9	0.664232	0.62973	0.614127	0.579642	0.575267	0.582116	0.355959	0.372028	0.381143	0.374656	0.37269	0.375204	0.352937	0.444343	0.352607	0.342754	0.34563	0.345942	0.342548	0.51127	0.353752	0.365189	0.363202	0.362685	0.512756	0.503823	0.523567	0.388033	0.390475	0.391423	0.341552	0.342397	0.482393	0.248982	0	0.247068	0.388593	0.384689	0.369851	0.346337	0.396787	0.395751	0.340505	0.34097	0.343819	0.357806	0.357112	0.356805	0.466036	0.44882	0.446036	0.45058	0.448547	0.44868	0.433522	0.41993	0.419003	0.42153	0.42017	0.419492	0.545311	0.544621	0.645558	0.497357	0.498748	0.506382	0.436263	0.433486	0.4316	0.475704	0.473292	0.476097	0.490203	0.485797	0.481795	0.555652	0.551614	0.554568	0.453885	0.460604	0.458663	0.451742	0.451598	0.451014	0.409468	0.404858	0.403806	0.406227	0.404173	0.404004	0.481197	0.462957	0.457804	0.462664	0.462742	0.462596
ERR609306-k20-n1-x5e9	0.667768	0.633801	0.618355	0.583494	0.579265	0.586184	0.358902	0.375109	0.384372	0.37784	0.375871	0.378544	0.354713	0.447501	0.355019	0.343648	0.346622	0.346621	0.345473	0.515005	0.356878	0.368523	0.366746	0.366121	0.516652	0.507704	0.527808	0.391503	0.393844	0.394913	0.345811	0.346446	0.485862	0.248428	0.247068	0	0.387549	0.383471	0.368709	0.346415	0.395398	0.394313	0.340888	0.341283	0.34455	0.357316	0.356935	0.356652	0.466967	0.449535	0.446559	0.451067	0.448945	0.449464	0.433505	0.419894	0.418731	0.421526	0.420163	0.419324	0.548216	0.547566	0.648249	0.499362	0.500825	0.508274	0.435852	0.43293	0.430951	0.476336	0.473702	0.476774	0.491797	0.487419	0.483327	0.557879	0.55375	0.55679	0.453339	0.460121	0.458158	0.451863	0.451511	0.451177	0.408582	0.403915	0.402988	0.40554	0.402508	0.402624	0.482659	0.464277	0.458998	0.464122	0.464003	0.463904
ERR609277-k20-n1-x5e9	0.751269	0.714788	0.698815	0.671776	0.667898	0.674692	0.470614	0.492727	0.50198	0.494516	0.493528	0.495081	0.403379	0.576912	0.439981	0.387218	0.381635	0.380305	0.436198	0.627726	0.461212	0.46815	0.465661	0.465593	0.607186	0.596799	0.616065	0.459338	0.462273	0.464231	0.493697	0.494961	0.622374	0.369071	0.388593	0.387549	0	0.239855	0.243873	0.258875	0.248049	0.248388	0.428436	0.423484	0.4292	0.384134	0.385627	0.385848	0.557761	0.512523	0.496209	0.497234	0.493991	0.514252	0.538777	0.494942	0.477906	0.484503	0.485117	0.494372	0.603004	0.602877	0.718859	0.554472	0.556861	0.568527	0.530229	0.519502	0.520175	0.588672	0.586652	0.59006	0.565765	0.556	0.554241	0.634917	0.631403	0.634484	0.476266	0.471454	0.471471	0.519879	0.517767	0.520782	0.447293	0.461181	0.465581	0.470013	0.475467	0.476245	0.565472	0.524402	0.508436	0.513953	0.516052	0.523933
ERR609278-k20-n1-x5e9	0.749914	0.713813	0.697957	0.670466	0.666588	0.67338	0.466969	0.489013	0.498421	0.491009	0.489991	0.49151	0.403458	0.574077	0.438857	0.386631	0.381236	0.37983	0.433296	0.625109	0.458196	0.465501	0.46301	0.463053	0.605604	0.595451	0.614678	0.458097	0.461124	0.462996	0.491008	0.492225	0.619565	0.365194	0.384689	0.383471	0.239855	0	0.242026	0.258172	0.248087	0.248174	0.425935	0.421134	0.426977	0.382992	0.384492	0.384733	0.555623	0.511622	0.495607	0.496905	0.49363	0.513016	0.536289	0.493589	0.476911	0.483554	0.484056	0.492944	0.602319	0.602017	0.717476	0.552879	0.55529	0.566845	0.528291	0.517865	0.518319	0.586713	0.584522	0.587931	0.564461	0.554912	0.55294	0.63376	0.63026	0.633377	0.475946	0.471524	0.471193	0.518872	0.51676	0.519615	0.44555	0.458835	0.463379	0.468054	0.472239	0.473189	0.56359	0.523567	0.507879	0.513511	0.515528	0.523019
ERR609279-k20-n1-x5e9	0.741446	0.705897	0.690186	0.661672	0.657675	0.664497	0.453364	0.475213	0.484717	0.477304	0.476115	0.477791	0.394392	0.559896	0.427136	0.376586	0.37199	0.370693	0.421493	0.613889	0.44547	0.453772	0.451225	0.4511	0.596124	0.585981	0.605571	0.448743	0.451731	0.453543	0.478283	0.479564	0.607277	0.351213	0.369851	0.368709	0.243873	0.242026	0	0.2547	0.252283	0.252209	0.413059	0.408628	0.414735	0.374779	0.376229	0.37638	0.544073	0.502723	0.487902	0.489819	0.486481	0.504021	0.522865	0.483032	0.467857	0.474329	0.474668	0.482273	0.595429	0.595222	0.709448	0.544509	0.546922	0.558298	0.515734	0.506148	0.506055	0.573727	0.571523	0.57495	0.554635	0.545596	0.543184	0.624769	0.621085	0.624316	0.469168	0.466272	0.465433	0.509006	0.506753	0.509453	0.437612	0.449162	0.452969	0.457932	0.460294	0.461257	0.552704	0.515006	0.500125	0.506092	0.507891	0.514355
ERR609280-k20-n1-x5e9	0.710159	0.671106	0.65411	0.625669	0.621413	0.628595	0.42009	0.442484	0.451164	0.443947	0.443211	0.444767	0.356722	0.521644	0.38517	0.34614	0.342926	0.342165	0.383836	0.578073	0.40768	0.414103	0.411837	0.41185	0.560724	0.550016	0.569814	0.412631	0.415475	0.417271	0.439158	0.440384	0.573946	0.333446	0.346337	0.346415	0.258875	0.258172	0.2547	0	0.273521	0.273389	0.382365	0.378595	0.3825	0.355906	0.356471	0.356745	0.516629	0.47624	0.463709	0.46539	0.462871	0.477701	0.4949	0.457029	0.444707	0.449356	0.449603	0.456976	0.569511	0.569309	0.685478	0.524706	0.526992	0.537584	0.488854	0.479524	0.480658	0.541204	0.539369	0.542439	0.528721	0.519349	0.518068	0.597059	0.593415	0.596573	0.457734	0.456208	0.456788	0.483692	0.482778	0.484264	0.422499	0.431197	0.434052	0.436296	0.445045	0.444798	0.52614	0.488465	0.47529	0.479981	0.481555	0.488325
ERR609281-k20-n1-x5e9	0.761132	0.725686	0.710026	0.683113	0.679409	0.686001	0.482985	0.504692	0.514029	0.506733	0.505601	0.50723	0.419415	0.589848	0.455958	0.401841	0.396009	0.394661	0.450514	0.639417	0.475232	0.482329	0.479856	0.479791	0.6189	0.608821	0.627885	0.473026	0.475967	0.477868	0.507736	0.508973	0.633566	0.37649	0.396787	0.395398	0.248049	0.248087	0.252283	0.273521	0	0.242971	0.44251	0.43751	0.44357	0.39642	0.3981	0.398388	0.569135	0.524583	0.508019	0.509055	0.505745	0.525892	0.55098	0.507564	0.490094	0.496953	0.497583	0.50676	0.612983	0.612898	0.727302	0.561926	0.564173	0.575814	0.54276	0.532084	0.532512	0.601484	0.599367	0.60278	0.576602	0.567051	0.565007	0.645311	0.641763	0.644852	0.485533	0.480366	0.479923	0.531833	0.529489	0.532682	0.457697	0.472066	0.476697	0.481667	0.485488	0.48641	0.576398	0.53601	0.519966	0.525605	0.527733	0.535284
ERR609282-k20-n1-x5e9	0.760507	0.725153	0.709511	0.682558	0.678765	0.685419	0.482217	0.503902	0.513199	0.505803	0.504846	0.506381	0.418884	0.588757	0.45515	0.401335	0.395536	0.39416	0.44977	0.638694	0.474394	0.481638	0.47919	0.479216	0.618348	0.608162	0.62725	0.472482	0.475391	0.4773	0.506825	0.508056	0.63265	0.375496	0.395751	0.394313	0.248388	0.248174	0.252209	0.273389	0.242971	0	0.441765	0.436744	0.442946	0.396111	0.397744	0.398094	0.568277	0.523917	0.507538	0.508557	0.505211	0.525308	0.550085	0.506787	0.489538	0.496439	0.497003	0.506042	0.612623	0.612423	0.726747	0.561329	0.563622	0.575291	0.541968	0.531319	0.531726	0.600564	0.598386	0.601801	0.575805	0.566388	0.564213	0.6446	0.641084	0.644171	0.485262	0.480291	0.479686	0.53132	0.528992	0.532054	0.45725	0.471435	0.476019	0.481076	0.484596	0.485708	0.57556	0.535335	0.519424	0.525138	0.527183	0.53471
ERR607555-k20-n1-x5e9	0.650828	0.612652	0.595302	0.56203	0.557559	0.56439	0.380401	0.395812	0.40238	0.396597	0.395495	0.396932	0.321753	0.424588	0.318814	0.318324	0.322969	0.323522	0.342964	0.50966	0.353664	0.363706	0.36215	0.361817	0.503614	0.493251	0.514133	0.376733	0.378826	0.37975	0.393892	0.394393	0.515304	0.344352	0.340505	0.340888	0.428436	0.425935	0.413059	0.382365	0.44251	0.441765	0	0.237251	0.237316	0.268481	0.26665	0.26652	0.454762	0.434325	0.43223	0.43646	0.43485	0.434919	0.413449	0.400609	0.403641	0.403393	0.401899	0.400886	0.555335	0.554741	0.653199	0.517229	0.518562	0.52532	0.411672	0.408991	0.40873	0.448409	0.446243	0.449349	0.481686	0.476175	0.473846	0.546333	0.542265	0.545489	0.448349	0.456181	0.456231	0.428732	0.429486	0.428212	0.414928	0.406996	0.4043	0.403644	0.410383	0.408897	0.472254	0.450855	0.446214	0.450535	0.450267	0.452033
