	ERR605369-k20-n1-x5e9	ERR605370-k20-n1-x5e9	ERR605371-k20-n1-x5e9	ERR605372-k20-n1-x5e9	ERR605373-k20-n1-x5e9	ERR605374-k20-n1-x5e9	ERR605515-k20-n1-x5e9	ERR605516-k20-n1-x5e9	ERR605517-k20-n1-x5e9	ERR605518-k20-n1-x5e9	ERR605519-k20-n1-x5e9	ERR605520-k20-n1-x5e9	ERR609163-k20-n1-x5e9	ERR609164-k20-n1-x5e9	ERR609165-k20-n1-x5e9	ERR609166-k20-n1-x5e9	ERR609167-k20-n1-x5e9	ERR609168-k20-n1-x5e9	ERR610247-k20-n1-x5e9	ERR610248-k20-n1-x5e9	ERR610249-k20-n1-x5e9	ERR610250-k20-n1-x5e9	ERR610251-k20-n1-x5e9	ERR610252-k20-n1-x5e9	ERR605327-k20-n1-x5e9	ERR605328-k20-n1-x5e9	ERR605329-k20-n1-x5e9	ERR605330-k20-n1-x5e9	ERR605331-k20-n1-x5e9	ERR605332-k20-n1-x5e9	ERR607242-k20-n1-x5e9	ERR607243-k20-n1-x5e9	ERR607244-k20-n1-x5e9	ERR607245-k20-n1-x5e9	ERR607246-k20-n1-x5e9	ERR607247-k20-n1-x5e9	ERR607627-k20-n1-x5e9	ERR607628-k20-n1-x5e9	ERR607629-k20-n1-x5e9	ERR607630-k20-n1-x5e9	ERR607631-k20-n1-x5e9	ERR607632-k20-n1-x5e9	ERR607475-k20-n1-x5e9	ERR607476-k20-n1-x5e9	ERR607477-k20-n1-x5e9	ERR607478-k20-n1-x5e9	ERR607479-k20-n1-x5e9	ERR607480-k20-n1-x5e9	ERR608567-k20-n1-x5e9	ERR608568-k20-n1-x5e9	ERR608569-k20-n1-x5e9	ERR608570-k20-n1-x5e9	ERR608571-k20-n1-x5e9	ERR608572-k20-n1-x5e9	ERR608389-k20-n1-x5e9	ERR608390-k20-n1-x5e9	ERR608391-k20-n1-x5e9	ERR608392-k20-n1-x5e9	ERR608393-k20-n1-x5e9	ERR608394-k20-n1-x5e9	ERR608647-k20-n1-x5e9	ERR608648-k20-n1-x5e9	ERR608649-k20-n1-x5e9	ERR608650-k20-n1-x5e9	ERR608651-k20-n1-x5e9	ERR608652-k20-n1-x5e9	ERR607805-k20-n1-x5e9	ERR607806-k20-n1-x5e9	ERR607807-k20-n1-x5e9	ERR607808-k20-n1-x5e9	ERR607809-k20-n1-x5e9	ERR607810-k20-n1-x5e9	ERR608161-k20-n1-x5e9	ERR608162-k20-n1-x5e9	ERR608163-k20-n1-x5e9	ERR608164-k20-n1-x5e9	ERR608165-k20-n1-x5e9	ERR608166-k20-n1-x5e9	ERR607415-k20-n1-x5e9	ERR607416-k20-n1-x5e9	ERR607417-k20-n1-x5e9	ERR607418-k20-n1-x5e9	ERR607419-k20-n1-x5e9	ERR607420-k20-n1-x5e9	ERR607983-k20-n1-x5e9	ERR607984-k20-n1-x5e9	ERR607985-k20-n1-x5e9	ERR607986-k20-n1-x5e9	ERR607987-k20-n1-x5e9	ERR607988-k20-n1-x5e9	ERR605928-k20-n1-x5e9	ERR605929-k20-n1-x5e9	ERR605930-k20-n1-x5e9	ERR605931-k20-n1-x5e9	ERR605932-k20-n1-x5e9	ERR605933-k20-n1-x5e9
ERR605369-k20-n1-x5e9	0	0.410073	0.246793	0.251487	0.250359	0.250009	0.32027	0.317301	0.316713	0.317172	0.317546	0.316893	0.338788	0.339637	0.349812	0.369569	0.340451	0.341194	0.34931	0.422151	0.344008	0.355448	0.356047	0.357142	0.326653	0.49911	0.341859	0.347757	0.346277	0.345941	0.413429	0.318113	0.468766	0.347456	0.351058	0.528436	0.350599	0.364487	0.365324	0.349292	0.349516	0.349276	0.529584	0.521327	0.540767	0.392034	0.394558	0.395244	0.517464	0.483193	0.475369	0.480898	0.480419	0.485265	0.484137	0.457749	0.449696	0.453734	0.451265	0.459206	0.460036	0.440567	0.437244	0.439433	0.438445	0.440562	0.443935	0.440803	0.440399	0.455808	0.456036	0.455301	0.497375	0.491699	0.490008	0.556379	0.552584	0.555178	0.353668	0.351347	0.353532	0.345376	0.345078	0.344864	0.491576	0.487735	0.488607	0.518474	0.516276	0.517632	0.598177	0.537862	0.536947	0.586016	0.584915	0.587585
ERR605370-k20-n1-x5e9	0.410073	0	0.381808	0.373593	0.37607	0.376757	0.476651	0.460394	0.440452	0.456698	0.460949	0.456407	0.412659	0.413184	0.409188	0.364999	0.424488	0.423511	0.485492	0.344796	0.441195	0.520411	0.520338	0.523129	0.401584	0.343597	0.379928	0.373073	0.374976	0.375076	0.343573	0.437049	0.336968	0.378783	0.374702	0.3661	0.469528	0.445772	0.446404	0.47244	0.473178	0.473392	0.387631	0.383466	0.393037	0.38951	0.387679	0.386771	0.514947	0.528043	0.540032	0.53686	0.534578	0.529457	0.486127	0.50741	0.520245	0.522306	0.524894	0.508363	0.518659	0.534287	0.544259	0.54169	0.539577	0.535006	0.517307	0.531581	0.533351	0.497208	0.50177	0.503274	0.513207	0.518085	0.518009	0.512828	0.511419	0.510386	0.418895	0.425553	0.421438	0.480966	0.479248	0.478969	0.576716	0.579691	0.580009	0.553958	0.554867	0.552213	0.518496	0.521464	0.523222	0.523869	0.521708	0.523221
ERR605371-k20-n1-x5e9	0.246793	0.381808	0	0.246077	0.245614	0.245421	0.331049	0.32444	0.317924	0.323033	0.324205	0.322934	0.327896	0.328343	0.335888	0.349226	0.331029	0.331608	0.359676	0.400017	0.344829	0.37192	0.372291	0.373918	0.31938	0.473683	0.328167	0.333953	0.332647	0.332583	0.389219	0.320889	0.445098	0.335603	0.338474	0.504276	0.351369	0.357368	0.358772	0.351087	0.351305	0.35134	0.505872	0.497832	0.517275	0.375887	0.377913	0.378603	0.506102	0.478378	0.473564	0.478103	0.477132	0.48008	0.473243	0.454251	0.449727	0.453601	0.451746	0.455508	0.453373	0.4412	0.441126	0.442351	0.441002	0.441239	0.44193	0.442315	0.44164	0.450123	0.451215	0.450685	0.489053	0.484941	0.483199	0.543576	0.539745	0.54197	0.347333	0.346515	0.348473	0.35306	0.352554	0.352182	0.491504	0.489344	0.489727	0.511396	0.509438	0.510283	0.583159	0.531827	0.531404	0.575131	0.57394	0.576469
ERR605372-k20-n1-x5e9	0.251487	0.373593	0.246077	0	0.24319	0.243071	0.33512	0.328021	0.320955	0.325768	0.327347	0.325315	0.332962	0.3343	0.342564	0.348539	0.337803	0.338204	0.355789	0.39223	0.338634	0.373627	0.37399	0.375788	0.31817	0.466063	0.326562	0.329161	0.328051	0.327655	0.387489	0.318747	0.435363	0.328517	0.330929	0.494813	0.357862	0.363436	0.364331	0.357519	0.357861	0.357561	0.499249	0.491045	0.510089	0.374042	0.375833	0.376572	0.506659	0.478828	0.474595	0.478163	0.477197	0.480643	0.473082	0.453484	0.449552	0.452814	0.451498	0.45475	0.460156	0.44692	0.446598	0.447298	0.446118	0.447016	0.444809	0.445294	0.446129	0.449907	0.450531	0.450238	0.488584	0.48417	0.48341	0.53909	0.53541	0.537689	0.345637	0.34516	0.345632	0.35481	0.354086	0.353616	0.49845	0.495657	0.496723	0.514228	0.512637	0.513186	0.577189	0.522029	0.521647	0.565073	0.563973	0.566609
ERR605373-k20-n1-x5e9	0.250359	0.37607	0.245614	0.24319	0	0.243222	0.333929	0.32666	0.320403	0.324458	0.326173	0.324258	0.333101	0.334348	0.342972	0.350082	0.337767	0.338064	0.355254	0.394376	0.338975	0.372114	0.372459	0.374258	0.31877	0.468565	0.327469	0.330258	0.328974	0.328865	0.389435	0.31845	0.43777	0.329653	0.332373	0.497364	0.35721	0.363109	0.364022	0.356733	0.357217	0.356779	0.501257	0.49327	0.512188	0.375202	0.377002	0.377658	0.507552	0.479268	0.475004	0.478515	0.477697	0.481249	0.473955	0.45394	0.44974	0.453058	0.45166	0.455107	0.460094	0.446488	0.446066	0.446959	0.445755	0.446772	0.44499	0.445169	0.445934	0.450458	0.451399	0.45086	0.489743	0.485416	0.484295	0.540976	0.537261	0.539393	0.345537	0.345027	0.345492	0.353572	0.352714	0.352312	0.498153	0.49537	0.496401	0.514804	0.513059	0.513582	0.579196	0.523687	0.523186	0.567021	0.565852	0.56845
ERR605374-k20-n1-x5e9	0.250009	0.376757	0.245421	0.243071	0.243222	0	0.333694	0.326571	0.320137	0.324502	0.326155	0.324174	0.332823	0.333876	0.342479	0.349909	0.33711	0.337682	0.355443	0.394678	0.339152	0.372084	0.37236	0.374211	0.318623	0.468714	0.327204	0.330317	0.329505	0.329108	0.389279	0.318594	0.438107	0.330052	0.332726	0.497672	0.357294	0.363133	0.363958	0.356775	0.356971	0.356817	0.501592	0.493489	0.512622	0.375359	0.377375	0.377742	0.507107	0.478615	0.474221	0.477893	0.477325	0.480454	0.473461	0.453497	0.449065	0.452527	0.451226	0.454558	0.459314	0.445737	0.445368	0.446167	0.444964	0.445876	0.444119	0.444338	0.4451	0.449959	0.450675	0.450236	0.489012	0.484405	0.483412	0.540249	0.536784	0.538889	0.346098	0.345492	0.346115	0.353844	0.353066	0.352874	0.497366	0.494519	0.495457	0.514044	0.51246	0.512938	0.579032	0.523872	0.523294	0.567199	0.566037	0.568708
ERR605515-k20-n1-x5e9	0.32027	0.476651	0.331049	0.33512	0.333929	0.333694	0	0.250558	0.258651	0.252956	0.251479	0.252823	0.383056	0.384206	0.395363	0.417268	0.382636	0.383547	0.371005	0.464307	0.375766	0.366874	0.367406	0.367138	0.356279	0.532331	0.375387	0.380249	0.378118	0.37878	0.447735	0.337039	0.499698	0.375033	0.380052	0.556905	0.377222	0.402152	0.403413	0.374305	0.374084	0.373781	0.565941	0.557831	0.57638	0.430629	0.432928	0.433877	0.544633	0.506725	0.497036	0.502123	0.502258	0.508438	0.500817	0.468616	0.458111	0.461331	0.458387	0.469273	0.497541	0.468734	0.459507	0.464037	0.463675	0.46835	0.454913	0.448315	0.447955	0.468808	0.468505	0.467382	0.510589	0.503359	0.501658	0.571568	0.568122	0.570777	0.368992	0.365754	0.368384	0.347296	0.347323	0.347518	0.516085	0.509425	0.509605	0.550537	0.548585	0.550363	0.604703	0.536127	0.534943	0.589647	0.588344	0.590943
ERR605516-k20-n1-x5e9	0.317301	0.460394	0.32444	0.328021	0.32666	0.326571	0.250558	0	0.253975	0.251508	0.25083	0.251448	0.375048	0.375761	0.386167	0.405073	0.375268	0.375857	0.372775	0.450851	0.372054	0.372751	0.373304	0.373392	0.347381	0.516055	0.363763	0.368544	0.366468	0.367135	0.432546	0.332709	0.483943	0.363596	0.36795	0.541161	0.374725	0.39611	0.397637	0.372202	0.372089	0.371609	0.552177	0.544229	0.562553	0.42013	0.422437	0.423425	0.537657	0.503054	0.494854	0.499433	0.499308	0.504432	0.49358	0.464864	0.456245	0.459614	0.456976	0.465715	0.49386	0.468377	0.460582	0.464751	0.464097	0.467972	0.452568	0.447543	0.447334	0.463933	0.464378	0.463357	0.504395	0.498095	0.496316	0.56289	0.559609	0.562071	0.36127	0.358842	0.361086	0.347645	0.347604	0.347413	0.515773	0.509853	0.509958	0.546643	0.544876	0.546193	0.594024	0.52945	0.528383	0.580431	0.578825	0.581261
ERR605517-k20-n1-x5e9	0.316713	0.440452	0.317924	0.320955	0.320403	0.320137	0.258651	0.253975	0	0.253853	0.254571	0.253818	0.365883	0.366439	0.37568	0.390474	0.366981	0.367617	0.375234	0.433087	0.368406	0.379808	0.380408	0.380831	0.338606	0.496038	0.350732	0.35511	0.353282	0.353997	0.413201	0.330001	0.464155	0.351274	0.355263	0.521514	0.372086	0.388812	0.390698	0.370105	0.370124	0.369836	0.533471	0.525551	0.543744	0.406284	0.408451	0.409134	0.528214	0.497564	0.491546	0.495279	0.494662	0.499141	0.483659	0.459607	0.453613	0.456719	0.454812	0.460309	0.48855	0.466927	0.461393	0.464713	0.463884	0.466664	0.448436	0.446078	0.445672	0.45689	0.457711	0.456828	0.495722	0.490304	0.488679	0.550878	0.547574	0.549816	0.352368	0.350972	0.353127	0.349593	0.349086	0.349215	0.514446	0.509558	0.509485	0.540864	0.539163	0.540221	0.579935	0.520493	0.519837	0.568641	0.567019	0.569572
ERR605518-k20-n1-x5e9	0.317172	0.456698	0.323033	0.325768	0.324458	0.324502	0.252956	0.251508	0.253853	0	0.250063	0.250101	0.374351	0.375372	0.385751	0.402737	0.375047	0.375703	0.369667	0.445988	0.368384	0.371264	0.371874	0.372028	0.345787	0.512258	0.3613	0.365041	0.362906	0.363692	0.429443	0.330748	0.479281	0.360128	0.364486	0.536714	0.374826	0.395399	0.39712	0.37194	0.372071	0.371598	0.548007	0.540053	0.558259	0.416999	0.419259	0.420275	0.535561	0.501036	0.49341	0.497468	0.497159	0.502509	0.491006	0.462373	0.454368	0.457202	0.45502	0.463176	0.493649	0.467939	0.46038	0.464087	0.463526	0.467519	0.450777	0.446084	0.446257	0.461085	0.461291	0.460321	0.501719	0.495408	0.493911	0.559232	0.555875	0.558252	0.358643	0.356315	0.358151	0.346798	0.346573	0.346439	0.51575	0.509826	0.510187	0.545481	0.5437	0.544925	0.589985	0.524452	0.523436	0.575558	0.574273	0.576663
ERR605519-k20-n1-x5e9	0.317546	0.460949	0.324205	0.327347	0.326173	0.326155	0.251479	0.25083	0.254571	0.250063	0	0.249954	0.375333	0.376291	0.38662	0.405453	0.375478	0.376258	0.370316	0.44962	0.370345	0.370261	0.370678	0.37089	0.347723	0.51671	0.363889	0.36814	0.366115	0.366743	0.432768	0.332073	0.483998	0.363294	0.36793	0.541308	0.374336	0.395704	0.397395	0.371357	0.371453	0.37108	0.551896	0.543952	0.562183	0.419612	0.4219	0.42268	0.537048	0.502189	0.493998	0.498293	0.498229	0.503527	0.49298	0.463744	0.455152	0.458177	0.455822	0.464416	0.493406	0.467428	0.459641	0.463593	0.463017	0.466894	0.451251	0.446362	0.446054	0.462681	0.462957	0.462057	0.503622	0.497302	0.495472	0.562177	0.558738	0.561094	0.360609	0.357968	0.360467	0.346517	0.346386	0.346493	0.514839	0.508972	0.508957	0.546069	0.544245	0.54561	0.593411	0.528186	0.526993	0.579668	0.578237	0.580772
ERR605520-k20-n1-x5e9	0.316893	0.456407	0.322934	0.325315	0.324258	0.324174	0.252823	0.251448	0.253818	0.250101	0.249954	0	0.374231	0.375295	0.38563	0.402891	0.374827	0.375457	0.369934	0.445542	0.368422	0.371315	0.37164	0.371969	0.345633	0.512128	0.361014	0.365073	0.363186	0.363621	0.42925	0.330961	0.479305	0.360196	0.36461	0.536623	0.374502	0.395292	0.396949	0.371853	0.371706	0.371351	0.547881	0.539936	0.558283	0.417016	0.418965	0.420098	0.53532	0.500868	0.493275	0.497185	0.49698	0.502351	0.490755	0.46226	0.454231	0.457098	0.455054	0.463105	0.493291	0.467627	0.460194	0.46395	0.463271	0.467112	0.450314	0.445941	0.446054	0.460792	0.46115	0.460218	0.501526	0.49523	0.49354	0.558937	0.555413	0.558026	0.358655	0.356033	0.358309	0.346746	0.346771	0.346606	0.515419	0.509532	0.50967	0.545207	0.543502	0.544676	0.589654	0.524215	0.523117	0.575368	0.574055	0.576459
ERR609163-k20-n1-x5e9	0.338788	0.412659	0.327896	0.332962	0.333101	0.332823	0.383056	0.375048	0.365883	0.374351	0.375333	0.374231	0	0.247609	0.250841	0.272108	0.252658	0.252886	0.379881	0.388107	0.357827	0.393897	0.394396	0.396518	0.313108	0.450753	0.31453	0.324324	0.32306	0.322853	0.359983	0.327092	0.4252	0.332401	0.333048	0.48436	0.313885	0.303898	0.304919	0.316733	0.316818	0.317486	0.475248	0.466935	0.487739	0.343749	0.345919	0.346582	0.482987	0.46137	0.458992	0.463337	0.462743	0.463149	0.460503	0.449026	0.447286	0.451664	0.449428	0.451126	0.416829	0.418861	0.426818	0.425282	0.423197	0.419566	0.428151	0.432852	0.430387	0.436154	0.437618	0.437792	0.475104	0.472801	0.470223	0.528589	0.524513	0.526955	0.340245	0.340347	0.343672	0.354249	0.354275	0.353504	0.467462	0.469215	0.469127	0.47886	0.47678	0.477344	0.583722	0.547512	0.547581	0.583397	0.582594	0.585389
ERR609164-k20-n1-x5e9	0.339637	0.413184	0.328343	0.3343	0.334348	0.333876	0.384206	0.375761	0.366439	0.375372	0.376291	0.375295	0.247609	0	0.249449	0.272385	0.251985	0.25204	0.383783	0.389976	0.361589	0.397147	0.397638	0.399711	0.314117	0.450692	0.314938	0.32558	0.324002	0.32414	0.358883	0.329419	0.426114	0.334208	0.334857	0.484932	0.31487	0.303896	0.305388	0.317599	0.317918	0.31856	0.476206	0.467765	0.488802	0.344869	0.346915	0.347664	0.483191	0.462796	0.460313	0.465011	0.464069	0.464314	0.46153	0.450958	0.449203	0.453963	0.451676	0.453049	0.416237	0.419554	0.427846	0.426337	0.424259	0.420097	0.428945	0.434015	0.430943	0.43731	0.439329	0.439329	0.476094	0.473846	0.471063	0.529931	0.525702	0.528383	0.342322	0.342683	0.346058	0.356832	0.356837	0.355781	0.46784	0.469839	0.46967	0.479202	0.477071	0.477659	0.584406	0.55057	0.55066	0.585846	0.584785	0.587615
ERR609165-k20-n1-x5e9	0.349812	0.409188	0.335888	0.342564	0.342972	0.342479	0.395363	0.386167	0.37568	0.385751	0.38662	0.38563	0.250841	0.249449	0	0.270649	0.25528	0.25487	0.396759	0.386876	0.37238	0.410023	0.410357	0.41264	0.320768	0.444607	0.318189	0.32987	0.328706	0.32862	0.352288	0.341159	0.423511	0.341537	0.341593	0.480575	0.321862	0.306097	0.308169	0.325247	0.325351	0.32626	0.469862	0.461897	0.482676	0.344588	0.346485	0.346926	0.480252	0.46478	0.464004	0.46862	0.467531	0.466345	0.460167	0.454959	0.454844	0.459628	0.457457	0.456955	0.413999	0.423229	0.433159	0.431412	0.429268	0.423706	0.43193	0.439193	0.435138	0.439673	0.442421	0.442492	0.476126	0.475324	0.47218	0.527917	0.523822	0.526229	0.348938	0.349981	0.353951	0.367999	0.368013	0.3671	0.469637	0.472976	0.472289	0.478458	0.476199	0.476831	0.581539	0.555307	0.555771	0.587255	0.585984	0.588838
ERR609166-k20-n1-x5e9	0.369569	0.364999	0.349226	0.348539	0.350082	0.349909	0.417268	0.405073	0.390474	0.402737	0.405453	0.402891	0.272108	0.272385	0.270649	0	0.283079	0.282588	0.408534	0.351193	0.37305	0.435385	0.435649	0.438218	0.325259	0.397156	0.314044	0.318293	0.318069	0.318328	0.326928	0.351859	0.373946	0.326137	0.323995	0.429327	0.352764	0.329506	0.329949	0.356515	0.356759	0.357441	0.423446	0.415226	0.434537	0.330185	0.330923	0.331109	0.472252	0.464811	0.468974	0.470007	0.468656	0.466476	0.450755	0.45347	0.458166	0.461996	0.461568	0.455303	0.429798	0.44333	0.45507	0.451755	0.449545	0.444184	0.443699	0.453746	0.453595	0.439915	0.442571	0.443095	0.470243	0.470552	0.46926	0.505505	0.501814	0.503504	0.351437	0.354283	0.354401	0.389573	0.388855	0.388128	0.490568	0.493911	0.494359	0.481611	0.48121	0.480136	0.55287	0.531418	0.532015	0.555581	0.554244	0.556778
ERR609167-k20-n1-x5e9	0.340451	0.424488	0.331029	0.337803	0.337767	0.33711	0.382636	0.375268	0.366981	0.375047	0.375478	0.374827	0.252658	0.251985	0.25528	0.283079	0	0.249288	0.38398	0.39949	0.364841	0.394019	0.394527	0.39639	0.319249	0.462364	0.321669	0.333069	0.331628	0.331388	0.36862	0.331709	0.43771	0.341411	0.342749	0.496301	0.314249	0.306095	0.307629	0.31666	0.316676	0.317312	0.487076	0.478826	0.499853	0.352614	0.354886	0.355712	0.488223	0.466107	0.462721	0.468002	0.467201	0.467684	0.465781	0.453898	0.451115	0.455942	0.453364	0.455778	0.418549	0.41995	0.427166	0.426235	0.424149	0.420466	0.430063	0.434289	0.430718	0.440465	0.442048	0.441996	0.479967	0.47761	0.47434	0.535782	0.53156	0.534103	0.345778	0.345549	0.34986	0.355858	0.355881	0.355213	0.467339	0.469213	0.468658	0.482434	0.480082	0.480923	0.590614	0.55505	0.555204	0.591691	0.590695	0.593628
ERR609168-k20-n1-x5e9	0.341194	0.423511	0.331608	0.338204	0.338064	0.337682	0.383547	0.375857	0.367617	0.375703	0.376258	0.375457	0.252886	0.25204	0.25487	0.282588	0.249288	0	0.385159	0.398841	0.365632	0.395225	0.395746	0.397581	0.31916	0.46126	0.321355	0.332715	0.331233	0.330984	0.367582	0.332889	0.436973	0.341932	0.343054	0.495507	0.314518	0.305454	0.307346	0.317063	0.317102	0.317672	0.486006	0.47783	0.498779	0.352329	0.354596	0.355382	0.487609	0.466119	0.462977	0.46808	0.467326	0.467498	0.465446	0.453937	0.451618	0.456419	0.453726	0.45566	0.418391	0.420119	0.427599	0.426507	0.424603	0.42052	0.430249	0.434791	0.430893	0.440418	0.44221	0.44221	0.479871	0.477508	0.474452	0.5355	0.53124	0.533846	0.345931	0.34599	0.350096	0.356523	0.356722	0.355868	0.467239	0.469208	0.468595	0.482128	0.479658	0.480497	0.59034	0.555558	0.555568	0.591888	0.590874	0.593652
ERR610247-k20-n1-x5e9	0.34931	0.485492	0.359676	0.355789	0.355254	0.355443	0.371005	0.372775	0.375234	0.369667	0.370316	0.369934	0.379881	0.383783	0.396759	0.408534	0.38398	0.385159	0	0.397807	0.256328	0.254811	0.254287	0.255883	0.362216	0.534619	0.381271	0.381036	0.379835	0.379994	0.457897	0.337343	0.497752	0.374747	0.378723	0.557096	0.363295	0.386156	0.383825	0.359256	0.359432	0.358086	0.546937	0.537333	0.556693	0.407606	0.409584	0.411173	0.529857	0.483917	0.472641	0.475411	0.476677	0.485987	0.494793	0.454421	0.443048	0.4435	0.441554	0.455963	0.482	0.447482	0.440122	0.440327	0.441152	0.448207	0.445386	0.435328	0.442135	0.456737	0.451571	0.450787	0.500776	0.49144	0.492944	0.559296	0.555489	0.558508	0.361077	0.355625	0.355899	0.335722	0.335364	0.335086	0.501755	0.493321	0.497274	0.528442	0.527363	0.528351	0.610661	0.527734	0.526177	0.585635	0.586494	0.589025
ERR610248-k20-n1-x5e9	0.422151	0.344796	0.400017	0.39223	0.394376	0.394678	0.464307	0.450851	0.433087	0.445988	0.44962	0.445542	0.388107	0.389976	0.386876	0.351193	0.39949	0.398841	0.397807	0	0.35011	0.436246	0.435999	0.43929	0.377439	0.372962	0.360192	0.35346	0.354995	0.355468	0.343063	0.405394	0.352978	0.35767	0.354001	0.396498	0.425154	0.40353	0.403864	0.426815	0.427561	0.427634	0.384585	0.377836	0.392207	0.351227	0.349242	0.348848	0.480972	0.486286	0.496955	0.492826	0.490895	0.486964	0.451766	0.465623	0.477856	0.478864	0.481222	0.466325	0.482467	0.493151	0.503389	0.499569	0.498133	0.493885	0.476592	0.4895	0.493141	0.458652	0.461516	0.46284	0.475456	0.47817	0.478964	0.486011	0.483023	0.483243	0.375462	0.380574	0.377625	0.433293	0.431613	0.430833	0.539442	0.541425	0.542354	0.518752	0.520003	0.517246	0.514053	0.496976	0.498623	0.512726	0.512229	0.514398
ERR610249-k20-n1-x5e9	0.344008	0.441195	0.344829	0.338634	0.338975	0.339152	0.375766	0.372054	0.368406	0.368384	0.370345	0.368422	0.357827	0.361589	0.37238	0.37305	0.364841	0.365632	0.256328	0.35011	0	0.285928	0.285384	0.287965	0.339267	0.49028	0.351644	0.349365	0.348822	0.349032	0.417665	0.328137	0.453596	0.344719	0.347184	0.5137	0.355953	0.367551	0.365479	0.353302	0.353857	0.352784	0.503734	0.49391	0.513288	0.373365	0.374739	0.376229	0.505985	0.468364	0.461903	0.463133	0.463353	0.470201	0.471368	0.440467	0.434629	0.435378	0.434451	0.442022	0.466467	0.442303	0.440158	0.43904	0.439145	0.443298	0.436794	0.432357	0.438859	0.441032	0.437421	0.436881	0.481216	0.473747	0.475552	0.532353	0.528611	0.531261	0.339689	0.336873	0.335756	0.338053	0.33739	0.336678	0.497363	0.491575	0.494945	0.511817	0.51123	0.511453	0.581785	0.50793	0.507232	0.559422	0.559967	0.562551
ERR610250-k20-n1-x5e9	0.355448	0.520411	0.37192	0.373627	0.372114	0.372084	0.366874	0.372751	0.379808	0.371264	0.370261	0.371315	0.393897	0.397147	0.410023	0.435385	0.394019	0.395225	0.254811	0.436246	0.285928	0	0.237622	0.23756	0.382626	0.569645	0.405225	0.409222	0.407238	0.407219	0.484937	0.352708	0.535186	0.404482	0.409401	0.593599	0.364868	0.395321	0.394285	0.359677	0.359412	0.358329	0.581504	0.572193	0.59182	0.434775	0.437368	0.438737	0.545608	0.496941	0.482649	0.487623	0.489029	0.498719	0.51081	0.46695	0.452515	0.453443	0.45024	0.468454	0.488113	0.448459	0.437696	0.439941	0.440925	0.448675	0.4517	0.438739	0.442205	0.470667	0.465693	0.464725	0.516246	0.50652	0.50655	0.582147	0.57819	0.581596	0.378808	0.372702	0.375514	0.336701	0.337408	0.33685	0.49969	0.490056	0.492993	0.539928	0.537692	0.539584	0.634178	0.551947	0.550085	0.612511	0.613177	0.616066
ERR610251-k20-n1-x5e9	0.356047	0.520338	0.372291	0.37399	0.372459	0.37236	0.367406	0.373304	0.380408	0.371874	0.370678	0.37164	0.394396	0.397638	0.410357	0.435649	0.394527	0.395746	0.254287	0.435999	0.285384	0.237622	0	0.237667	0.382798	0.569409	0.405317	0.40894	0.407086	0.407183	0.485041	0.352869	0.534933	0.404384	0.409486	0.593157	0.365294	0.395887	0.394682	0.360299	0.359979	0.358888	0.581157	0.571881	0.591404	0.434516	0.436887	0.438467	0.545485	0.496774	0.4825	0.487459	0.488809	0.498579	0.510757	0.466865	0.452342	0.453369	0.450105	0.468283	0.488225	0.448662	0.437721	0.439975	0.440919	0.448728	0.451531	0.438526	0.442329	0.470393	0.465439	0.464376	0.516178	0.506512	0.506431	0.581884	0.577961	0.581395	0.378856	0.37256	0.37542	0.336775	0.337485	0.337115	0.499585	0.490077	0.493026	0.539724	0.53751	0.53947	0.633688	0.551287	0.549355	0.611983	0.612572	0.615532
ERR610252-k20-n1-x5e9	0.357142	0.523129	0.373918	0.375788	0.374258	0.374211	0.367138	0.373392	0.380831	0.372028	0.37089	0.371969	0.396518	0.399711	0.41264	0.438218	0.39639	0.397581	0.255883	0.43929	0.287965	0.23756	0.237667	0	0.38474	0.571964	0.407524	0.411325	0.409328	0.409398	0.487481	0.354128	0.537592	0.406645	0.411701	0.595763	0.366618	0.397805	0.396531	0.361537	0.36116	0.360149	0.583868	0.57456	0.594099	0.437121	0.439786	0.4411	0.54785	0.498881	0.484461	0.489403	0.490905	0.500629	0.512993	0.468656	0.453851	0.45478	0.451629	0.470143	0.49062	0.450348	0.439134	0.44159	0.442682	0.450649	0.45316	0.439763	0.443533	0.472354	0.467349	0.466218	0.518218	0.5084	0.508309	0.5842	0.580167	0.583564	0.380525	0.374364	0.377204	0.337439	0.338114	0.337601	0.501133	0.491487	0.49436	0.542034	0.539668	0.541741	0.635761	0.55307	0.55115	0.61402	0.614699	0.61746
ERR605327-k20-n1-x5e9	0.326653	0.401584	0.31938	0.31817	0.31877	0.318623	0.356279	0.347381	0.338606	0.345787	0.347723	0.345633	0.313108	0.314117	0.320768	0.325259	0.319249	0.31916	0.362216	0.377439	0.339267	0.382626	0.382798	0.38474	0	0.411652	0.253775	0.258547	0.257837	0.257272	0.352357	0.299259	0.401589	0.299232	0.30087	0.462651	0.330403	0.329223	0.329919	0.331222	0.331637	0.331564	0.47419	0.465778	0.485335	0.349237	0.3508	0.351385	0.491506	0.466978	0.46509	0.467349	0.46683	0.468381	0.456683	0.441521	0.440032	0.443566	0.441928	0.442575	0.449308	0.442224	0.445	0.444759	0.443434	0.442588	0.42491	0.428512	0.429474	0.427309	0.428081	0.428202	0.467653	0.463932	0.463135	0.516326	0.512969	0.515082	0.312912	0.313377	0.313481	0.332564	0.331498	0.331128	0.493131	0.491872	0.492546	0.501672	0.500934	0.500236	0.556531	0.507725	0.507643	0.5474	0.546083	0.54846
ERR605328-k20-n1-x5e9	0.49911	0.343597	0.473683	0.466063	0.468565	0.468714	0.532331	0.516055	0.496038	0.512258	0.51671	0.512128	0.450753	0.450692	0.444607	0.397156	0.462364	0.46126	0.534619	0.372962	0.49028	0.569645	0.569409	0.571964	0.411652	0	0.38442	0.375872	0.378304	0.378895	0.347534	0.472363	0.313666	0.404505	0.399046	0.318124	0.504481	0.475444	0.476206	0.507754	0.508412	0.5089	0.358662	0.358124	0.361699	0.414494	0.411319	0.409972	0.526818	0.549674	0.565619	0.560121	0.557743	0.550635	0.500047	0.531339	0.548198	0.549687	0.552668	0.532072	0.546054	0.568563	0.581006	0.577359	0.575184	0.569213	0.53558	0.553694	0.55647	0.508314	0.513392	0.515628	0.517759	0.52489	0.525659	0.498	0.4974	0.495412	0.448687	0.456259	0.451157	0.517364	0.515341	0.514957	0.60671	0.61106	0.611244	0.573063	0.575101	0.571148	0.495648	0.522527	0.52526	0.508551	0.505916	0.506204
ERR605329-k20-n1-x5e9	0.341859	0.379928	0.328167	0.326562	0.327469	0.327204	0.375387	0.363763	0.350732	0.3613	0.363889	0.361014	0.31453	0.314938	0.318189	0.314044	0.321669	0.321355	0.381271	0.360192	0.351644	0.405225	0.405317	0.407524	0.253775	0.38442	0	0.254465	0.254022	0.253462	0.331437	0.314913	0.378896	0.298158	0.298406	0.438034	0.342588	0.332651	0.334254	0.344358	0.344742	0.344996	0.450593	0.442475	0.461314	0.340053	0.341092	0.341338	0.484999	0.469123	0.470688	0.471679	0.470871	0.470401	0.451433	0.445159	0.447266	0.450641	0.449717	0.446224	0.450252	0.450691	0.456156	0.455267	0.453597	0.451047	0.430649	0.438056	0.43847	0.428441	0.430371	0.430487	0.465112	0.463302	0.462449	0.506371	0.502975	0.505008	0.317752	0.319838	0.319606	0.351346	0.350118	0.349596	0.50003	0.500296	0.500559	0.50113	0.500815	0.499695	0.542477	0.505456	0.506062	0.538471	0.536844	0.539262
ERR605330-k20-n1-x5e9	0.347757	0.373073	0.333953	0.329161	0.330258	0.330317	0.380249	0.368544	0.35511	0.365041	0.36814	0.365073	0.324324	0.32558	0.32987	0.318293	0.333069	0.332715	0.381036	0.35346	0.349365	0.409222	0.40894	0.411325	0.258547	0.375872	0.254465	0	0.25126	0.250873	0.331554	0.316835	0.367497	0.29353	0.293156	0.426566	0.352978	0.343459	0.344227	0.354466	0.354935	0.354952	0.442933	0.43476	0.453021	0.340079	0.340634	0.341144	0.486378	0.470517	0.473124	0.472959	0.471936	0.471887	0.451231	0.444591	0.447921	0.45055	0.450366	0.44559	0.459286	0.457844	0.463005	0.461596	0.460088	0.458329	0.434215	0.441459	0.443718	0.428028	0.429485	0.430113	0.463899	0.46192	0.46192	0.500118	0.496879	0.498651	0.318777	0.321466	0.319413	0.356424	0.354943	0.354429	0.507874	0.507671	0.508488	0.505491	0.505475	0.504164	0.533861	0.493232	0.493648	0.52536	0.524027	0.526417
ERR605331-k20-n1-x5e9	0.346277	0.374976	0.332647	0.328051	0.328974	0.329505	0.378118	0.366468	0.353282	0.362906	0.366115	0.363186	0.32306	0.324002	0.328706	0.318069	0.331628	0.331233	0.379835	0.354995	0.348822	0.407238	0.407086	0.409328	0.257837	0.378304	0.254022	0.25126	0	0.251332	0.332648	0.31532	0.369607	0.293661	0.2934	0.428864	0.351495	0.342401	0.343392	0.352863	0.35322	0.353302	0.445066	0.436748	0.455277	0.340698	0.341327	0.341928	0.486928	0.470297	0.472662	0.472749	0.471824	0.471876	0.451782	0.444428	0.447305	0.450084	0.449778	0.445438	0.458678	0.456943	0.461717	0.460527	0.458979	0.457308	0.433685	0.440553	0.442678	0.428125	0.429731	0.43035	0.464678	0.46251	0.462307	0.501584	0.498211	0.500018	0.318192	0.320594	0.318624	0.354652	0.35308	0.352734	0.506995	0.506611	0.507446	0.505298	0.505382	0.504096	0.535692	0.494609	0.494972	0.527023	0.525636	0.528078
ERR605332-k20-n1-x5e9	0.345941	0.375076	0.332583	0.327655	0.328865	0.329108	0.37878	0.367135	0.353997	0.363692	0.366743	0.363621	0.322853	0.32414	0.32862	0.318328	0.331388	0.330984	0.379994	0.355468	0.349032	0.407219	0.407183	0.409398	0.257272	0.378895	0.253462	0.250873	0.251332	0	0.33262	0.315448	0.370491	0.29396	0.293914	0.429428	0.351124	0.342044	0.343084	0.352428	0.352751	0.352954	0.445231	0.437201	0.455531	0.340689	0.341315	0.342065	0.486634	0.470098	0.472268	0.472461	0.471499	0.471422	0.45175	0.444614	0.447467	0.45019	0.449714	0.445618	0.458033	0.456217	0.461316	0.460001	0.458593	0.456731	0.433372	0.440325	0.442305	0.427931	0.429635	0.430176	0.464383	0.462505	0.462265	0.501717	0.4984	0.500156	0.318074	0.320451	0.318843	0.354488	0.352992	0.352532	0.506448	0.50604	0.506822	0.505186	0.504853	0.503688	0.535575	0.49471	0.495242	0.52737	0.525938	0.528349
ERR607242-k20-n1-x5e9	0.413429	0.343573	0.389219	0.387489	0.389435	0.389279	0.447735	0.432546	0.413201	0.429443	0.432768	0.42925	0.359983	0.358883	0.352288	0.326928	0.36862	0.367582	0.457897	0.343063	0.417665	0.484937	0.485041	0.487481	0.352357	0.347534	0.331437	0.331554	0.332648	0.33262	0	0.366717	0.312535	0.316136	0.313	0.360364	0.414653	0.389268	0.391469	0.417348	0.417933	0.41851	0.400155	0.394937	0.40986	0.361436	0.360443	0.359686	0.489509	0.50055	0.511098	0.509187	0.506935	0.50121	0.459867	0.480395	0.491862	0.494621	0.495901	0.480952	0.480414	0.499054	0.510178	0.507839	0.505435	0.499448	0.469384	0.484262	0.483721	0.454747	0.460295	0.46136	0.477396	0.482324	0.480452	0.492811	0.490254	0.490427	0.376304	0.382257	0.381375	0.433385	0.431859	0.431437	0.540707	0.544658	0.543858	0.524184	0.524332	0.522134	0.509278	0.5143	0.516002	0.525037	0.522593	0.524746
ERR607243-k20-n1-x5e9	0.318113	0.437049	0.320889	0.318747	0.31845	0.318594	0.337039	0.332709	0.330001	0.330748	0.332073	0.330961	0.327092	0.329419	0.341159	0.351859	0.331709	0.332889	0.337343	0.405394	0.328137	0.352708	0.352869	0.354128	0.299259	0.472363	0.314913	0.316835	0.31532	0.315448	0.366717	0	0.417712	0.28025	0.284633	0.483761	0.335657	0.34864	0.348558	0.33383	0.334314	0.333516	0.513196	0.504471	0.523683	0.378865	0.381097	0.382018	0.511626	0.475896	0.468759	0.472233	0.472297	0.477802	0.473969	0.445766	0.439085	0.441973	0.440112	0.447028	0.464543	0.444048	0.441586	0.442479	0.44149	0.444391	0.42778	0.424126	0.427242	0.434904	0.433964	0.433505	0.48086	0.474385	0.474157	0.536286	0.532697	0.535348	0.326198	0.323657	0.323686	0.32232	0.321197	0.321417	0.497408	0.492608	0.494548	0.516047	0.514876	0.515326	0.577613	0.511088	0.510172	0.560182	0.559321	0.561975
ERR607244-k20-n1-x5e9	0.468766	0.336968	0.445098	0.435363	0.43777	0.438107	0.499698	0.483943	0.464155	0.479281	0.483998	0.479305	0.4252	0.426114	0.423511	0.373946	0.43771	0.436973	0.497752	0.352978	0.453596	0.535186	0.534933	0.537592	0.401589	0.313666	0.378896	0.367497	0.369607	0.370491	0.312535	0.417712	0	0.347918	0.342947	0.303215	0.48069	0.456431	0.456504	0.483009	0.483861	0.483856	0.373868	0.369592	0.377641	0.397556	0.395018	0.394203	0.518393	0.532246	0.545766	0.540318	0.538159	0.533506	0.486399	0.509308	0.524465	0.525512	0.528838	0.510261	0.534878	0.549255	0.559669	0.556115	0.554237	0.55013	0.514106	0.529393	0.534201	0.487515	0.491396	0.493593	0.501665	0.50663	0.508371	0.489108	0.488524	0.487016	0.421804	0.428253	0.422602	0.487262	0.485218	0.484913	0.591507	0.593944	0.594963	0.561696	0.563789	0.560303	0.491917	0.496935	0.499054	0.492022	0.490211	0.491259
ERR607245-k20-n1-x5e9	0.347456	0.378783	0.335603	0.328517	0.329653	0.330052	0.375033	0.363596	0.351274	0.360128	0.363294	0.360196	0.332401	0.334208	0.341537	0.326137	0.341411	0.341932	0.374747	0.35767	0.344719	0.404482	0.404384	0.406645	0.299232	0.404505	0.298158	0.29353	0.293661	0.29396	0.316136	0.28025	0.347918	0	0.255863	0.411961	0.365361	0.360906	0.36133	0.365424	0.366135	0.365757	0.45435	0.446031	0.463636	0.354726	0.355389	0.355846	0.496494	0.477363	0.478672	0.47836	0.477478	0.478739	0.457442	0.447443	0.450093	0.452213	0.452543	0.448292	0.472667	0.466027	0.469308	0.468267	0.466782	0.466521	0.439284	0.444368	0.448423	0.431945	0.433134	0.433674	0.469474	0.466336	0.467289	0.504244	0.501423	0.503004	0.326867	0.328723	0.325667	0.360777	0.359079	0.358949	0.51767	0.515902	0.517411	0.516043	0.516168	0.514833	0.534276	0.484735	0.485102	0.519419	0.517602	0.520074
ERR607246-k20-n1-x5e9	0.351058	0.374702	0.338474	0.330929	0.332373	0.332726	0.380052	0.36795	0.355263	0.364486	0.36793	0.36461	0.333048	0.334857	0.341593	0.323995	0.342749	0.343054	0.378723	0.354001	0.347184	0.409401	0.409486	0.411701	0.30087	0.399046	0.298406	0.293156	0.2934	0.293914	0.313	0.284633	0.342947	0.255863	0	0.406322	0.368571	0.362324	0.362757	0.368765	0.369493	0.36919	0.449145	0.441061	0.45864	0.353045	0.353781	0.354606	0.496135	0.478465	0.480336	0.479729	0.478903	0.479846	0.457535	0.449039	0.452255	0.454399	0.454965	0.449786	0.473463	0.468405	0.472203	0.470946	0.469375	0.468658	0.441427	0.446975	0.451187	0.432966	0.434618	0.434963	0.469774	0.467332	0.467969	0.503084	0.499842	0.501363	0.328582	0.330601	0.327601	0.364988	0.363145	0.363024	0.5199	0.518415	0.519952	0.516519	0.516665	0.515378	0.532535	0.485181	0.485614	0.518058	0.516493	0.518735
ERR607247-k20-n1-x5e9	0.528436	0.3661	0.504276	0.494813	0.497364	0.497672	0.556905	0.541161	0.521514	0.536714	0.541308	0.536623	0.48436	0.484932	0.480575	0.429327	0.496301	0.495507	0.557096	0.396498	0.5137	0.593599	0.593157	0.595763	0.462651	0.318124	0.438034	0.426566	0.428864	0.429428	0.360364	0.483761	0.303215	0.411961	0.406322	0	0.540283	0.514094	0.514638	0.542722	0.543506	0.54372	0.376513	0.376663	0.376162	0.44931	0.446036	0.445094	0.554776	0.576507	0.592169	0.585896	0.583592	0.577555	0.525681	0.555613	0.572623	0.573468	0.577061	0.55603	0.580298	0.598734	0.609692	0.606074	0.604134	0.599262	0.562241	0.579133	0.583382	0.532524	0.537317	0.539538	0.540849	0.547574	0.548841	0.512769	0.513034	0.510538	0.480956	0.487869	0.482222	0.547834	0.545605	0.545488	0.636469	0.6398	0.640519	0.601999	0.604232	0.600348	0.500478	0.527686	0.529927	0.507537	0.505687	0.505291
ERR607627-k20-n1-x5e9	0.350599	0.469528	0.351369	0.357862	0.35721	0.357294	0.377222	0.374725	0.372086	0.374826	0.374336	0.374502	0.313885	0.31487	0.321862	0.352764	0.314249	0.314518	0.363295	0.425154	0.355953	0.364868	0.365294	0.366618	0.330403	0.504481	0.342588	0.352978	0.351495	0.351124	0.414653	0.335657	0.48069	0.365361	0.368571	0.540283	0	0.242398	0.24161	0.229895	0.229796	0.229903	0.504431	0.494687	0.517371	0.344516	0.347752	0.348925	0.48686	0.450985	0.441903	0.448845	0.448875	0.453252	0.4619	0.435681	0.428257	0.432313	0.429119	0.437936	0.400542	0.384721	0.38673	0.386894	0.38562	0.385307	0.413016	0.411646	0.408701	0.43076	0.429333	0.429205	0.472995	0.466806	0.46465	0.539771	0.535585	0.538932	0.315332	0.31244	0.31727	0.303251	0.30368	0.302797	0.43722	0.436061	0.436495	0.469105	0.466092	0.46767	0.613893	0.560655	0.559959	0.606401	0.606638	0.609578
ERR607628-k20-n1-x5e9	0.364487	0.445772	0.357368	0.363436	0.363109	0.363133	0.402152	0.39611	0.388812	0.395399	0.395704	0.395292	0.303898	0.303896	0.306097	0.329506	0.306095	0.305454	0.386156	0.40353	0.367551	0.395321	0.395887	0.397805	0.329223	0.475444	0.332651	0.343459	0.342401	0.342044	0.389268	0.34864	0.456431	0.360906	0.362324	0.514094	0.242398	0	0.230811	0.246471	0.246511	0.247527	0.47108	0.461605	0.48467	0.320213	0.32328	0.324152	0.469338	0.443613	0.439468	0.445386	0.444642	0.4454	0.45033	0.436034	0.433468	0.438274	0.435357	0.438057	0.383927	0.386001	0.395878	0.393656	0.391625	0.386617	0.41417	0.418598	0.414704	0.426543	0.42714	0.427337	0.464322	0.460715	0.457911	0.524523	0.520268	0.523458	0.317484	0.317178	0.321647	0.327413	0.32739	0.32664	0.437432	0.440303	0.440077	0.453156	0.450517	0.451237	0.602007	0.562881	0.562935	0.600416	0.600162	0.603006
ERR607629-k20-n1-x5e9	0.365324	0.446404	0.358772	0.364331	0.364022	0.363958	0.403413	0.397637	0.390698	0.39712	0.397395	0.396949	0.304919	0.305388	0.308169	0.329949	0.307629	0.307346	0.383825	0.403864	0.365479	0.394285	0.394682	0.396531	0.329919	0.476206	0.334254	0.344227	0.343392	0.343084	0.391469	0.348558	0.456504	0.36133	0.362757	0.514638	0.24161	0.230811	0	0.245915	0.246033	0.246615	0.470949	0.461254	0.484591	0.320027	0.32282	0.323791	0.46954	0.442783	0.438113	0.443835	0.443349	0.4448	0.45084	0.434918	0.432073	0.436665	0.434085	0.437333	0.384047	0.384675	0.394433	0.392027	0.389887	0.385719	0.413539	0.417322	0.414189	0.425928	0.425911	0.42591	0.463788	0.459773	0.457514	0.523872	0.519906	0.522914	0.318267	0.317708	0.321836	0.327101	0.326917	0.326088	0.436618	0.439051	0.439403	0.452512	0.449936	0.450643	0.602323	0.561766	0.561719	0.59968	0.599917	0.60268
ERR607630-k20-n1-x5e9	0.349292	0.47244	0.351087	0.357519	0.356733	0.356775	0.374305	0.372202	0.370105	0.37194	0.371357	0.371853	0.316733	0.317599	0.325247	0.356515	0.31666	0.317063	0.359256	0.426815	0.353302	0.359677	0.360299	0.361537	0.331222	0.507754	0.344358	0.354466	0.352863	0.352428	0.417348	0.33383	0.483009	0.365424	0.368765	0.542722	0.229895	0.246471	0.245915	0	0.228406	0.228546	0.50817	0.498341	0.521052	0.347751	0.350961	0.352226	0.489058	0.452131	0.442578	0.449274	0.44945	0.454153	0.463419	0.435701	0.427654	0.431576	0.428259	0.437768	0.403497	0.385774	0.386694	0.387201	0.386047	0.386093	0.413467	0.411119	0.408335	0.431402	0.429929	0.429663	0.474386	0.467778	0.465734	0.541394	0.537411	0.540675	0.314841	0.311591	0.316553	0.299947	0.300492	0.299692	0.438738	0.437012	0.437444	0.471764	0.468928	0.470439	0.614927	0.55988	0.559117	0.606575	0.60689	0.609697
ERR607631-k20-n1-x5e9	0.349516	0.473178	0.351305	0.357861	0.357217	0.356971	0.374084	0.372089	0.370124	0.372071	0.371453	0.371706	0.316818	0.317918	0.325351	0.356759	0.316676	0.317102	0.359432	0.427561	0.353857	0.359412	0.359979	0.36116	0.331637	0.508412	0.344742	0.354935	0.35322	0.352751	0.417933	0.334314	0.483861	0.366135	0.369493	0.543506	0.229796	0.246511	0.246033	0.228406	0	0.228314	0.508796	0.499085	0.521674	0.348384	0.351669	0.35282	0.489403	0.452208	0.442776	0.449614	0.449699	0.454423	0.463472	0.435822	0.427733	0.431687	0.428239	0.438001	0.403667	0.385718	0.386579	0.387134	0.385874	0.386112	0.413389	0.410979	0.408207	0.431687	0.430048	0.429772	0.474672	0.468171	0.465991	0.541815	0.537689	0.541034	0.315349	0.312168	0.31713	0.299979	0.30076	0.299667	0.438567	0.436734	0.437234	0.472213	0.469107	0.470828	0.615165	0.560148	0.559492	0.606977	0.607364	0.610184
ERR607632-k20-n1-x5e9	0.349276	0.473392	0.35134	0.357561	0.356779	0.356817	0.373781	0.371609	0.369836	0.371598	0.37108	0.371351	0.317486	0.31856	0.32626	0.357441	0.317312	0.317672	0.358086	0.427634	0.352784	0.358329	0.358888	0.360149	0.331564	0.5089	0.344996	0.354952	0.353302	0.352954	0.41851	0.333516	0.483856	0.365757	0.36919	0.54372	0.229903	0.247527	0.246615	0.228546	0.228314	0	0.50924	0.499433	0.522134	0.348779	0.352023	0.35318	0.490185	0.452757	0.443207	0.449999	0.450248	0.455111	0.464262	0.436129	0.428067	0.431778	0.428603	0.438317	0.404994	0.386748	0.387413	0.387812	0.386697	0.387024	0.413712	0.411301	0.408778	0.431921	0.430264	0.430068	0.475176	0.468381	0.46649	0.542233	0.538058	0.54141	0.315046	0.311726	0.3167	0.299243	0.299712	0.298901	0.439448	0.437453	0.438154	0.472863	0.469801	0.471534	0.615591	0.55985	0.559283	0.6069	0.607149	0.610131
ERR607475-k20-n1-x5e9	0.529584	0.387631	0.505872	0.499249	0.501257	0.501592	0.565941	0.552177	0.533471	0.548007	0.551896	0.547881	0.475248	0.476206	0.469862	0.423446	0.487076	0.486006	0.546937	0.384585	0.503734	0.581504	0.581157	0.583868	0.47419	0.358662	0.450593	0.442933	0.445066	0.445231	0.400155	0.513196	0.373868	0.45435	0.449145	0.376513	0.504431	0.47108	0.470949	0.50817	0.508796	0.50924	0	0.274025	0.277786	0.367776	0.364127	0.362651	0.496647	0.526675	0.544941	0.538844	0.536507	0.52784	0.482025	0.518612	0.537823	0.538712	0.542285	0.519672	0.514718	0.544993	0.561593	0.556026	0.553761	0.545799	0.53395	0.553444	0.556274	0.505818	0.510528	0.513294	0.506721	0.514586	0.515534	0.480661	0.480484	0.479178	0.462327	0.469146	0.464613	0.529258	0.527523	0.527011	0.582766	0.58906	0.589611	0.538431	0.541358	0.536704	0.51707	0.544875	0.5473	0.530342	0.530377	0.530652
