	ERR608203-k20-n1-x5e9	ERR608204-k20-n1-x5e9	ERR608205-k20-n1-x5e9	ERR608206-k20-n1-x5e9	ERR608207-k20-n1-x5e9	ERR608208-k20-n1-x5e9	ERR607158-k20-n1-x5e9	ERR607159-k20-n1-x5e9	ERR607160-k20-n1-x5e9	ERR607161-k20-n1-x5e9	ERR607162-k20-n1-x5e9	ERR607163-k20-n1-x5e9	ERR605581-k20-n1-x5e9	ERR605582-k20-n1-x5e9	ERR605583-k20-n1-x5e9	ERR605584-k20-n1-x5e9	ERR605585-k20-n1-x5e9	ERR605586-k20-n1-x5e9	ERR607549-k20-n1-x5e9	ERR607550-k20-n1-x5e9	ERR607551-k20-n1-x5e9	ERR607552-k20-n1-x5e9	ERR607553-k20-n1-x5e9	ERR607554-k20-n1-x5e9	ERR607591-k20-n1-x5e9	ERR607592-k20-n1-x5e9	ERR607593-k20-n1-x5e9	ERR607594-k20-n1-x5e9	ERR607595-k20-n1-x5e9	ERR607596-k20-n1-x5e9	ERR607627-k20-n1-x5e9	ERR607628-k20-n1-x5e9	ERR607629-k20-n1-x5e9	ERR607630-k20-n1-x5e9	ERR607631-k20-n1-x5e9	ERR607632-k20-n1-x5e9	ERR607633-k20-n1-x5e9	ERR607634-k20-n1-x5e9	ERR607635-k20-n1-x5e9	ERR607636-k20-n1-x5e9	ERR607637-k20-n1-x5e9	ERR607638-k20-n1-x5e9	ERR605339-k20-n1-x5e9	ERR605340-k20-n1-x5e9	ERR605341-k20-n1-x5e9	ERR605342-k20-n1-x5e9	ERR605343-k20-n1-x5e9	ERR605344-k20-n1-x5e9	ERR608757-k20-n1-x5e9	ERR608758-k20-n1-x5e9	ERR608759-k20-n1-x5e9	ERR608760-k20-n1-x5e9	ERR608761-k20-n1-x5e9	ERR608762-k20-n1-x5e9	ERR608451-k20-n1-x5e9	ERR608452-k20-n1-x5e9	ERR608453-k20-n1-x5e9	ERR608454-k20-n1-x5e9	ERR608455-k20-n1-x5e9	ERR608456-k20-n1-x5e9	ERR608707-k20-n1-x5e9	ERR608708-k20-n1-x5e9	ERR608709-k20-n1-x5e9	ERR608710-k20-n1-x5e9	ERR608711-k20-n1-x5e9	ERR608712-k20-n1-x5e9	ERR605265-k20-n1-x5e9	ERR605266-k20-n1-x5e9	ERR605267-k20-n1-x5e9	ERR605268-k20-n1-x5e9	ERR605269-k20-n1-x5e9	ERR605270-k20-n1-x5e9	ERR605976-k20-n1-x5e9	ERR605977-k20-n1-x5e9	ERR605978-k20-n1-x5e9	ERR605979-k20-n1-x5e9	ERR605980-k20-n1-x5e9	ERR605981-k20-n1-x5e9	ERR608371-k20-n1-x5e9	ERR608372-k20-n1-x5e9	ERR608373-k20-n1-x5e9	ERR608374-k20-n1-x5e9	ERR608375-k20-n1-x5e9	ERR608376-k20-n1-x5e9	ERR605928-k20-n1-x5e9	ERR605929-k20-n1-x5e9	ERR605930-k20-n1-x5e9	ERR605931-k20-n1-x5e9	ERR605932-k20-n1-x5e9	ERR605933-k20-n1-x5e9	ERR608117-k20-n1-x5e9	ERR608118-k20-n1-x5e9	ERR608119-k20-n1-x5e9	ERR608120-k20-n1-x5e9	ERR608121-k20-n1-x5e9	ERR608122-k20-n1-x5e9
ERR608203-k20-n1-x5e9	0	0.276996	0.297737	0.331033	0.331069	0.328155	0.386092	0.373337	0.38025	0.345702	0.345394	0.433313	0.382705	0.397537	0.4005	0.395582	0.397569	0.396905	0.396856	0.385142	0.38774	0.381625	0.381475	0.381576	0.344755	0.338062	0.337188	0.340908	0.341606	0.34082	0.373623	0.389655	0.389481	0.369923	0.370458	0.369266	0.427082	0.404645	0.420707	0.414592	0.415119	0.417041	0.388325	0.417105	0.385198	0.37743	0.378412	0.37796	0.491487	0.461131	0.456027	0.454173	0.454916	0.461178	0.513364	0.47432	0.464882	0.462288	0.461302	0.473847	0.509441	0.474113	0.467751	0.466957	0.469504	0.473793	0.494012	0.495302	0.521546	0.512927	0.511812	0.510052	0.490051	0.482617	0.484688	0.465697	0.464939	0.463039	0.473656	0.465148	0.470518	0.477318	0.47427	0.473375	0.56817	0.491271	0.490463	0.54198	0.541316	0.543541	0.511335	0.502741	0.505775	0.514726	0.511109	0.509948
ERR608204-k20-n1-x5e9	0.276996	0	0.251593	0.275375	0.275622	0.273091	0.424281	0.35054	0.431852	0.352913	0.355946	0.494295	0.428934	0.448068	0.453495	0.447385	0.448581	0.448705	0.420917	0.373602	0.369014	0.371829	0.372474	0.373202	0.339775	0.355261	0.350964	0.336204	0.337161	0.33535	0.387153	0.416673	0.415192	0.381607	0.381846	0.380121	0.483601	0.457255	0.476019	0.469488	0.469744	0.472112	0.375268	0.465728	0.382993	0.374998	0.375114	0.375825	0.527445	0.4835	0.471617	0.467548	0.466457	0.48397	0.554405	0.505726	0.490706	0.486835	0.484956	0.505582	0.545796	0.497734	0.484845	0.485855	0.48888	0.497751	0.50188	0.507022	0.551965	0.533142	0.531374	0.527707	0.506866	0.46625	0.466886	0.470807	0.470954	0.469764	0.481017	0.465877	0.473853	0.490381	0.484921	0.483375	0.613445	0.52275	0.520702	0.582866	0.582972	0.585171	0.517517	0.503059	0.507435	0.527197	0.521354	0.519548
ERR608205-k20-n1-x5e9	0.297737	0.251593	0	0.261178	0.26114	0.259481	0.442969	0.348354	0.455872	0.36378	0.368058	0.52002	0.450263	0.470155	0.476384	0.470087	0.471081	0.471375	0.435482	0.376848	0.369244	0.375647	0.376576	0.377601	0.346884	0.369902	0.36494	0.343637	0.344715	0.342551	0.399398	0.432931	0.431255	0.393398	0.393394	0.391767	0.508813	0.481686	0.5008	0.494364	0.494428	0.49706	0.376801	0.48781	0.388357	0.381293	0.380778	0.38206	0.545451	0.498108	0.483915	0.479106	0.477322	0.498501	0.573543	0.522773	0.506105	0.502176	0.499924	0.522818	0.563471	0.512393	0.497214	0.499151	0.50242	0.512398	0.509154	0.515948	0.567361	0.544608	0.542746	0.538379	0.517239	0.464377	0.464273	0.478036	0.47829	0.477647	0.489869	0.472247	0.480968	0.501503	0.495181	0.493415	0.633238	0.540121	0.537691	0.60214	0.60265	0.604774	0.525409	0.508981	0.513609	0.537614	0.531256	0.529332
ERR608206-k20-n1-x5e9	0.331033	0.275375	0.261178	0	0.241563	0.241874	0.455379	0.341238	0.487816	0.375932	0.381587	0.554239	0.468738	0.489594	0.498304	0.49114	0.491058	0.492139	0.437416	0.367553	0.35915	0.367977	0.369063	0.369781	0.347202	0.380101	0.37593	0.345056	0.345753	0.343889	0.404185	0.442362	0.441481	0.397961	0.397545	0.39624	0.538091	0.510525	0.529014	0.52389	0.523708	0.526776	0.366632	0.510496	0.382454	0.380021	0.378789	0.380373	0.56309	0.514756	0.497621	0.493199	0.489779	0.514726	0.593437	0.543051	0.525081	0.521997	0.518698	0.542754	0.580363	0.52855	0.511116	0.515568	0.518539	0.528277	0.510237	0.519091	0.581939	0.549722	0.547543	0.541768	0.522199	0.459032	0.458556	0.485782	0.486056	0.48635	0.493526	0.47511	0.481633	0.510243	0.504736	0.5029	0.659394	0.571079	0.568725	0.633736	0.633803	0.636418	0.528695	0.511175	0.513212	0.546386	0.541085	0.538899
ERR608207-k20-n1-x5e9	0.331069	0.275622	0.26114	0.241563	0	0.241723	0.454962	0.340458	0.487657	0.375556	0.380804	0.554314	0.468293	0.489267	0.498013	0.490801	0.49069	0.491744	0.436749	0.366854	0.358206	0.367299	0.368246	0.369026	0.34672	0.37953	0.375445	0.344655	0.345171	0.343406	0.40327	0.441538	0.440754	0.397072	0.396581	0.395306	0.537798	0.510335	0.528653	0.523612	0.523423	0.526494	0.365698	0.510151	0.381643	0.379067	0.377943	0.379515	0.562798	0.514362	0.49726	0.492744	0.489317	0.514423	0.593156	0.542773	0.524763	0.521633	0.518279	0.542345	0.580089	0.528155	0.510727	0.515179	0.518241	0.527914	0.509484	0.518458	0.581549	0.54902	0.547028	0.541105	0.521654	0.458366	0.457982	0.485605	0.485617	0.485901	0.492798	0.474388	0.480816	0.509611	0.504111	0.502286	0.659649	0.571351	0.568974	0.633967	0.634053	0.636669	0.527927	0.510505	0.512536	0.545854	0.540502	0.538441
ERR608208-k20-n1-x5e9	0.328155	0.273091	0.259481	0.241874	0.241723	0	0.453435	0.34077	0.48518	0.374387	0.379684	0.551724	0.466523	0.487377	0.496074	0.488922	0.488871	0.489864	0.43582	0.366668	0.358227	0.367079	0.367938	0.368726	0.345955	0.378264	0.374036	0.343812	0.344541	0.342648	0.402748	0.440574	0.43969	0.396479	0.396078	0.394696	0.535316	0.507977	0.526309	0.521292	0.520985	0.523899	0.366059	0.508326	0.381546	0.378843	0.377659	0.37917	0.561127	0.512703	0.495789	0.491316	0.487852	0.51283	0.591346	0.540942	0.522985	0.519772	0.516618	0.540759	0.578432	0.526601	0.509328	0.513513	0.516652	0.526374	0.509184	0.517861	0.580218	0.548393	0.546337	0.540416	0.520677	0.458253	0.457922	0.484423	0.484615	0.484926	0.492122	0.473817	0.480341	0.508619	0.503	0.501184	0.657143	0.568663	0.566355	0.631544	0.631582	0.634138	0.527364	0.509914	0.512081	0.544755	0.539424	0.537351
ERR607158-k20-n1-x5e9	0.386092	0.424281	0.442969	0.455379	0.454962	0.453435	0	0.357923	0.298655	0.297918	0.293535	0.355639	0.311654	0.319218	0.324654	0.321324	0.320622	0.322746	0.336784	0.389175	0.403329	0.384375	0.382719	0.382068	0.353656	0.323869	0.328035	0.352295	0.351731	0.353431	0.333897	0.321192	0.3239	0.335409	0.335725	0.336353	0.364927	0.347164	0.356677	0.356664	0.355975	0.359184	0.367278	0.313316	0.342413	0.339104	0.341526	0.338803	0.436328	0.427336	0.426568	0.429625	0.429587	0.427118	0.45354	0.432665	0.426971	0.430138	0.428523	0.432075	0.454873	0.438581	0.437781	0.441349	0.441096	0.439025	0.430067	0.424141	0.433845	0.420482	0.420601	0.420693	0.428834	0.486752	0.490741	0.446479	0.444805	0.444261	0.433655	0.441391	0.437739	0.432452	0.43524	0.435625	0.563764	0.535858	0.536493	0.569448	0.567297	0.56999	0.463605	0.469564	0.466313	0.463085	0.465299	0.465233
ERR607159-k20-n1-x5e9	0.373337	0.35054	0.348354	0.341238	0.340458	0.34077	0.357923	0	0.407106	0.272325	0.278092	0.485228	0.406067	0.428529	0.437886	0.430706	0.43007	0.431609	0.38815	0.337362	0.335414	0.336879	0.336964	0.337679	0.317571	0.341574	0.339368	0.316734	0.317274	0.316438	0.353351	0.386965	0.387279	0.348748	0.348193	0.347598	0.492737	0.464783	0.482606	0.478852	0.478506	0.481849	0.294842	0.438307	0.303662	0.300325	0.299828	0.300719	0.519547	0.474371	0.457404	0.455406	0.451406	0.474271	0.549714	0.500861	0.482607	0.48141	0.478057	0.50066	0.537299	0.487987	0.471896	0.478208	0.480317	0.488491	0.443754	0.451783	0.518461	0.480939	0.479238	0.473278	0.470274	0.427149	0.427655	0.443168	0.442622	0.44354	0.454417	0.442321	0.445328	0.470217	0.466775	0.465421	0.633875	0.555162	0.553247	0.614501	0.61381	0.616513	0.486528	0.473986	0.473601	0.504078	0.500782	0.498688
ERR607160-k20-n1-x5e9	0.38025	0.431852	0.455872	0.487816	0.487657	0.48518	0.298655	0.407106	0	0.333453	0.326751	0.287582	0.317075	0.318884	0.315808	0.315169	0.318015	0.31682	0.396718	0.444648	0.455819	0.43897	0.43761	0.437402	0.403318	0.366747	0.368943	0.400645	0.400829	0.402019	0.385806	0.368922	0.369069	0.387465	0.388385	0.388238	0.33846	0.327402	0.335963	0.331732	0.3322	0.333522	0.42406	0.303782	0.40257	0.392286	0.395288	0.392654	0.441331	0.43981	0.445726	0.448643	0.451889	0.440536	0.448299	0.433646	0.433912	0.435234	0.436291	0.433111	0.459243	0.450919	0.456261	0.454117	0.453882	0.452249	0.470815	0.462835	0.445442	0.460079	0.4606	0.463438	0.467131	0.520092	0.523728	0.469171	0.46769	0.465401	0.475346	0.481057	0.482268	0.466359	0.467546	0.46804	0.525896	0.49229	0.493127	0.516494	0.514641	0.516824	0.504447	0.508883	0.510074	0.49495	0.494521	0.495094
ERR607161-k20-n1-x5e9	0.345702	0.352913	0.36378	0.375932	0.375556	0.374387	0.297918	0.272325	0.333453	0	0.241538	0.40966	0.348459	0.368098	0.376232	0.370086	0.370007	0.3715	0.358868	0.349329	0.354765	0.345661	0.345007	0.345203	0.313695	0.311669	0.31135	0.311533	0.311972	0.312111	0.327813	0.344131	0.344798	0.325329	0.325505	0.324926	0.425175	0.399019	0.415969	0.412189	0.411701	0.41527	0.311767	0.370117	0.303707	0.295319	0.296848	0.29573	0.474859	0.438913	0.428003	0.427765	0.425905	0.438688	0.500656	0.457399	0.442662	0.442762	0.440035	0.456971	0.494409	0.453191	0.442328	0.446851	0.44815	0.453475	0.42643	0.428123	0.472725	0.447222	0.446267	0.442845	0.443742	0.441416	0.443767	0.426589	0.425014	0.424883	0.435984	0.431249	0.433593	0.442198	0.440446	0.440073	0.594143	0.52514	0.524263	0.576912	0.575452	0.578135	0.468144	0.462641	0.46325	0.475866	0.47382	0.472595
ERR607162-k20-n1-x5e9	0.345394	0.355946	0.368058	0.381587	0.380804	0.379684	0.293535	0.278092	0.326751	0.241538	0	0.402515	0.343641	0.362816	0.370459	0.364685	0.364476	0.365773	0.357485	0.352509	0.358672	0.34866	0.347945	0.34801	0.316008	0.311156	0.311205	0.313794	0.31409	0.3143	0.327657	0.341793	0.342603	0.325363	0.325759	0.325181	0.419135	0.39326	0.41008	0.406539	0.405781	0.409478	0.315599	0.364017	0.306213	0.297483	0.29913	0.297646	0.471395	0.436892	0.426864	0.426743	0.425101	0.436758	0.496535	0.454318	0.440305	0.440397	0.437914	0.453846	0.491372	0.451223	0.441247	0.445378	0.446823	0.451687	0.426366	0.427109	0.469154	0.445236	0.444239	0.441293	0.442762	0.444392	0.446884	0.426986	0.425336	0.425059	0.435972	0.431991	0.434125	0.440996	0.439736	0.43916	0.59108	0.523591	0.522737	0.574178	0.572695	0.575388	0.468007	0.463248	0.463762	0.474748	0.472647	0.471623
ERR607163-k20-n1-x5e9	0.433313	0.494295	0.52002	0.554239	0.554314	0.551724	0.355639	0.485228	0.287582	0.40966	0.402515	0	0.352962	0.343898	0.334617	0.337799	0.34153	0.338497	0.450072	0.511304	0.523006	0.505556	0.504078	0.503797	0.472675	0.430978	0.434262	0.470031	0.470136	0.471337	0.44916	0.423273	0.423961	0.451532	0.452569	0.452625	0.335321	0.340064	0.338991	0.335603	0.336789	0.335999	0.495969	0.326864	0.473696	0.46415	0.467043	0.464291	0.458644	0.476433	0.489141	0.493202	0.497852	0.477436	0.452624	0.458699	0.467242	0.468979	0.471387	0.45784	0.472727	0.484642	0.496669	0.49204	0.4911	0.48533	0.520938	0.510406	0.467954	0.49884	0.499913	0.50513	0.508882	0.576231	0.580195	0.517853	0.516034	0.513292	0.523378	0.53226	0.532622	0.509908	0.512375	0.513063	0.509615	0.503667	0.505482	0.508106	0.50591	0.507009	0.549762	0.557484	0.558349	0.534682	0.535738	0.536634
ERR605581-k20-n1-x5e9	0.382705	0.428934	0.450263	0.468738	0.468293	0.466523	0.311654	0.406067	0.317075	0.348459	0.343641	0.352962	0	0.260682	0.265754	0.263125	0.262526	0.263511	0.372431	0.41764	0.429895	0.413404	0.411685	0.411447	0.380608	0.35096	0.354795	0.379776	0.379324	0.381082	0.370105	0.36045	0.362972	0.372001	0.372218	0.372582	0.367285	0.355193	0.362164	0.360543	0.361297	0.363142	0.397591	0.323291	0.377527	0.373298	0.375339	0.373218	0.45544	0.453191	0.456346	0.459544	0.46064	0.453294	0.469358	0.455664	0.45373	0.45598	0.455781	0.454317	0.475414	0.466256	0.468521	0.469689	0.469319	0.466503	0.465559	0.459565	0.457751	0.457497	0.457333	0.458695	0.463307	0.512565	0.51593	0.471406	0.469417	0.468356	0.474256	0.479015	0.476463	0.472865	0.475306	0.475426	0.53859	0.509352	0.51023	0.53828	0.535678	0.538513	0.505035	0.508525	0.505769	0.50328	0.505058	0.504848
ERR605582-k20-n1-x5e9	0.397537	0.448068	0.470155	0.489594	0.489267	0.487377	0.319218	0.428529	0.318884	0.368098	0.362816	0.343898	0.260682	0	0.263269	0.26217	0.26176	0.262588	0.38379	0.437543	0.450361	0.433056	0.431356	0.430973	0.400527	0.367682	0.371945	0.399765	0.399329	0.401108	0.386573	0.371805	0.374448	0.388715	0.389109	0.389649	0.361746	0.353444	0.357518	0.356956	0.357881	0.359172	0.419114	0.321847	0.397815	0.393912	0.396129	0.393514	0.456838	0.461312	0.466609	0.470441	0.472147	0.461444	0.46702	0.460129	0.460788	0.463251	0.463703	0.458876	0.475919	0.473467	0.477966	0.47866	0.477864	0.473678	0.477596	0.470076	0.459448	0.463694	0.464054	0.466314	0.471083	0.52891	0.532456	0.483786	0.481367	0.480047	0.486328	0.492586	0.489442	0.482983	0.486166	0.486408	0.533218	0.514279	0.515593	0.53748	0.534568	0.537307	0.516402	0.52137	0.518272	0.512338	0.514969	0.515196
ERR605583-k20-n1-x5e9	0.4005	0.453495	0.476384	0.498304	0.498013	0.496074	0.324654	0.437886	0.315808	0.376232	0.370459	0.334617	0.265754	0.263269	0	0.261876	0.262609	0.261826	0.389971	0.445448	0.458155	0.441212	0.439329	0.438972	0.408967	0.374147	0.378477	0.407688	0.407072	0.408847	0.393678	0.377077	0.379829	0.395943	0.396178	0.396844	0.354899	0.347965	0.351671	0.350185	0.351515	0.351992	0.42883	0.320052	0.406971	0.402487	0.404594	0.402256	0.453691	0.460909	0.467755	0.471423	0.473633	0.461116	0.462154	0.457408	0.459623	0.461863	0.462299	0.45629	0.471389	0.472021	0.478124	0.477722	0.476762	0.4721	0.482523	0.474817	0.458198	0.466807	0.467533	0.470003	0.474572	0.534437	0.537991	0.487991	0.486263	0.48469	0.489321	0.49596	0.4933	0.485166	0.487911	0.488313	0.523088	0.506754	0.508325	0.528306	0.525779	0.52823	0.519106	0.524436	0.521623	0.514153	0.516061	0.51625
ERR605584-k20-n1-x5e9	0.395582	0.447385	0.470087	0.49114	0.490801	0.488922	0.321324	0.430706	0.315169	0.370086	0.364685	0.337799	0.263125	0.26217	0.261876	0	0.259631	0.259613	0.385438	0.438604	0.451273	0.434283	0.432484	0.4321	0.401917	0.368127	0.372446	0.400728	0.400295	0.402154	0.38764	0.372323	0.375115	0.389602	0.389935	0.390397	0.356553	0.348668	0.352936	0.351285	0.352317	0.353306	0.421699	0.32068	0.400385	0.39578	0.397995	0.395507	0.452864	0.458084	0.464203	0.467711	0.469708	0.458253	0.462537	0.45579	0.457261	0.459487	0.459921	0.454571	0.47164	0.469928	0.475339	0.475224	0.474396	0.47007	0.47832	0.470956	0.457516	0.464016	0.46445	0.466872	0.471679	0.529097	0.532608	0.483772	0.481824	0.480442	0.484791	0.491038	0.488346	0.481165	0.484005	0.48417	0.526347	0.506742	0.508214	0.529642	0.527079	0.529819	0.514762	0.519719	0.516962	0.510268	0.512556	0.512688
ERR605585-k20-n1-x5e9	0.397569	0.448581	0.471081	0.491058	0.49069	0.488871	0.320622	0.43007	0.318015	0.370007	0.364476	0.34153	0.262526	0.26176	0.262609	0.259631	0	0.259717	0.383821	0.437366	0.450005	0.432755	0.431201	0.430668	0.400885	0.367577	0.371826	0.399816	0.39931	0.40113	0.38629	0.371157	0.374131	0.388222	0.388522	0.389335	0.359035	0.351128	0.355199	0.354298	0.355095	0.356258	0.420402	0.321557	0.398834	0.394512	0.396679	0.394256	0.453465	0.458601	0.464429	0.467857	0.469643	0.458547	0.463868	0.456787	0.458213	0.46031	0.460623	0.455529	0.472634	0.470702	0.475729	0.476017	0.475095	0.470646	0.477385	0.470145	0.458236	0.463259	0.463709	0.465948	0.470987	0.528529	0.532225	0.483555	0.481684	0.480413	0.48378	0.490302	0.487173	0.480459	0.483278	0.483598	0.529322	0.509879	0.511332	0.533441	0.530753	0.533196	0.513851	0.518985	0.516023	0.509879	0.512281	0.512228
ERR605586-k20-n1-x5e9	0.396905	0.448705	0.471375	0.492139	0.491744	0.489864	0.322746	0.431609	0.31682	0.3715	0.365773	0.338497	0.263511	0.262588	0.261826	0.259613	0.259717	0	0.38576	0.439002	0.451499	0.434593	0.43296	0.432401	0.402367	0.368591	0.373167	0.401216	0.400633	0.402494	0.387691	0.372295	0.375142	0.389607	0.389854	0.390557	0.356821	0.348819	0.353185	0.35179	0.352928	0.353598	0.422071	0.321136	0.400732	0.396206	0.398395	0.396047	0.453456	0.459004	0.465155	0.468662	0.470641	0.45904	0.462928	0.456505	0.458121	0.460284	0.460751	0.455077	0.472111	0.470719	0.476296	0.476088	0.475479	0.470858	0.479293	0.472211	0.458807	0.465426	0.465969	0.468114	0.472735	0.529944	0.533421	0.48488	0.483	0.481657	0.484989	0.491261	0.488415	0.481332	0.484041	0.48446	0.526277	0.507099	0.508618	0.529793	0.527314	0.529955	0.515251	0.520229	0.517472	0.510947	0.513068	0.513087
ERR607549-k20-n1-x5e9	0.396856	0.420917	0.435482	0.437416	0.436749	0.43582	0.336784	0.38815	0.396718	0.358868	0.357485	0.450072	0.372431	0.38379	0.389971	0.385438	0.383821	0.38576	0	0.291934	0.308243	0.287941	0.286254	0.285553	0.328402	0.310131	0.314887	0.328779	0.328061	0.329401	0.301666	0.298117	0.300612	0.303294	0.303211	0.303967	0.389767	0.367345	0.37846	0.379762	0.378248	0.382307	0.368699	0.382738	0.349686	0.350872	0.352351	0.350596	0.44166	0.422476	0.416733	0.419393	0.41753	0.422147	0.464608	0.434917	0.424822	0.427433	0.424757	0.434247	0.460704	0.433362	0.426879	0.433209	0.433636	0.433434	0.433621	0.432848	0.464878	0.436201	0.435775	0.433113	0.439874	0.479984	0.483495	0.454385	0.454395	0.455016	0.403788	0.411011	0.405334	0.40797	0.410665	0.410812	0.595699	0.558763	0.558575	0.599396	0.598468	0.601691	0.433397	0.438144	0.432822	0.439494	0.441893	0.441667
ERR607550-k20-n1-x5e9	0.385142	0.373602	0.376848	0.367553	0.366854	0.366668	0.389175	0.337362	0.444648	0.349329	0.352509	0.511304	0.41764	0.437543	0.445448	0.438604	0.437366	0.439002	0.291934	0	0.239783	0.2384	0.238305	0.238673	0.305964	0.324107	0.323551	0.306841	0.306741	0.306558	0.318496	0.350428	0.350432	0.315512	0.314895	0.314555	0.46967	0.441281	0.4582	0.455867	0.455365	0.459041	0.33077	0.446206	0.330528	0.332343	0.332098	0.332385	0.499304	0.457966	0.442385	0.440917	0.436891	0.45775	0.529689	0.483167	0.465905	0.465359	0.461827	0.483072	0.518307	0.470745	0.455151	0.462611	0.464307	0.471564	0.448094	0.455245	0.516829	0.477746	0.476249	0.4705	0.469211	0.447086	0.448417	0.456719	0.457713	0.459033	0.42425	0.416229	0.415423	0.441661	0.438991	0.437802	0.633884	0.566115	0.564567	0.622408	0.622795	0.625748	0.456492	0.447203	0.444129	0.475884	0.473591	0.471931
ERR607551-k20-n1-x5e9	0.38774	0.369014	0.369244	0.35915	0.358206	0.358227	0.403329	0.335414	0.455819	0.354765	0.358672	0.523006	0.429895	0.450361	0.458155	0.451273	0.450005	0.451499	0.308243	0.239783	0	0.241511	0.241953	0.242691	0.311201	0.334526	0.332935	0.312003	0.311974	0.31151	0.330062	0.365677	0.365277	0.326763	0.325847	0.325355	0.484397	0.455656	0.473171	0.470253	0.469963	0.473469	0.332964	0.460086	0.336447	0.33767	0.337242	0.337914	0.511275	0.467414	0.45077	0.448594	0.444278	0.467306	0.542146	0.49387	0.475822	0.474812	0.471284	0.493862	0.530043	0.480401	0.46378	0.47081	0.472956	0.481158	0.455865	0.464065	0.528063	0.488965	0.487252	0.481309	0.478693	0.44602	0.446703	0.461355	0.462733	0.464024	0.433401	0.422903	0.42337	0.452055	0.44846	0.447112	0.64093	0.568812	0.566965	0.626972	0.627516	0.630508	0.465442	0.453764	0.451206	0.485888	0.482594	0.480796
ERR607552-k20-n1-x5e9	0.381625	0.371829	0.375647	0.367977	0.367299	0.367079	0.384375	0.336879	0.43897	0.345661	0.34866	0.505556	0.413404	0.433056	0.441212	0.434283	0.432755	0.434593	0.287941	0.2384	0.241511	0	0.236341	0.236641	0.303876	0.320166	0.319649	0.304584	0.304314	0.3041	0.314209	0.344727	0.344744	0.311374	0.310782	0.310558	0.463163	0.434781	0.451717	0.449327	0.44874	0.452494	0.330519	0.440637	0.329355	0.330131	0.330244	0.330301	0.494687	0.453636	0.438179	0.436941	0.433165	0.453351	0.524762	0.478168	0.460872	0.460474	0.457058	0.47806	0.513634	0.466234	0.45088	0.458256	0.459976	0.467003	0.445186	0.451906	0.512313	0.473995	0.472537	0.466896	0.466265	0.446745	0.448113	0.453665	0.454747	0.455986	0.420674	0.413331	0.41265	0.436892	0.434509	0.433346	0.630789	0.563374	0.56169	0.618993	0.619342	0.622254	0.452794	0.444129	0.441159	0.471204	0.46891	0.467421
ERR607553-k20-n1-x5e9	0.381475	0.372474	0.376576	0.369063	0.368246	0.367938	0.382719	0.336964	0.43761	0.345007	0.347945	0.504078	0.411685	0.431356	0.439329	0.432484	0.431201	0.43296	0.286254	0.238305	0.241953	0.236341	0	0.236392	0.303262	0.318865	0.318549	0.303807	0.303604	0.303575	0.312815	0.342966	0.34315	0.309981	0.309549	0.309172	0.461518	0.433019	0.449923	0.447667	0.447163	0.450718	0.329976	0.438622	0.328303	0.329206	0.329402	0.329428	0.493335	0.452611	0.437371	0.436338	0.432387	0.452483	0.523273	0.476933	0.459823	0.459399	0.455979	0.476767	0.512431	0.465384	0.450271	0.457574	0.459175	0.466076	0.444224	0.450895	0.511061	0.472676	0.47127	0.465654	0.465122	0.446794	0.448239	0.453226	0.454097	0.455406	0.4201	0.413019	0.412058	0.436163	0.433898	0.432747	0.630079	0.563193	0.561645	0.618661	0.618914	0.621872	0.452327	0.443805	0.440799	0.47055	0.468321	0.466817
ERR607554-k20-n1-x5e9	0.381576	0.373202	0.377601	0.369781	0.369026	0.368726	0.382068	0.337679	0.437402	0.345203	0.34801	0.503797	0.411447	0.430973	0.438972	0.4321	0.430668	0.432401	0.285553	0.238673	0.242691	0.236641	0.236392	0	0.303846	0.319001	0.318715	0.304436	0.304155	0.303987	0.31281	0.342525	0.342715	0.310037	0.309478	0.309067	0.460953	0.432675	0.449468	0.447207	0.446602	0.450359	0.33069	0.4384	0.328698	0.329761	0.329912	0.329958	0.492628	0.452134	0.436976	0.435846	0.431976	0.451793	0.52256	0.476385	0.459296	0.459082	0.455561	0.476235	0.511721	0.464817	0.449765	0.457102	0.458806	0.465649	0.443723	0.450383	0.510265	0.471841	0.470324	0.464821	0.464563	0.447038	0.448552	0.452978	0.453906	0.455181	0.419716	0.412847	0.411852	0.435735	0.43353	0.432482	0.629432	0.562962	0.561508	0.618179	0.618445	0.621501	0.451773	0.443517	0.440431	0.470044	0.467937	0.466396
ERR607591-k20-n1-x5e9	0.344755	0.339775	0.346884	0.347202	0.34672	0.345955	0.353656	0.317571	0.403318	0.313695	0.316008	0.472675	0.380608	0.400527	0.408967	0.401917	0.400885	0.402367	0.328402	0.305964	0.311201	0.303876	0.303262	0.303846	0	0.251051	0.249419	0.237095	0.236662	0.236982	0.283615	0.311525	0.310901	0.281699	0.281066	0.280649	0.433079	0.403753	0.4217	0.41886	0.418444	0.422112	0.312197	0.406965	0.307222	0.305007	0.305698	0.305289	0.476319	0.434933	0.420292	0.419438	0.416076	0.434958	0.505384	0.457573	0.440693	0.440553	0.436996	0.457759	0.497623	0.450242	0.435809	0.442288	0.443978	0.451327	0.432616	0.437903	0.493831	0.458969	0.457741	0.452877	0.452355	0.439905	0.441802	0.43905	0.439872	0.440809	0.405252	0.399111	0.400029	0.417934	0.415042	0.414293	0.616819	0.547253	0.545904	0.602598	0.602864	0.605606	0.442773	0.435706	0.434445	0.457522	0.454762	0.453381
ERR607592-k20-n1-x5e9	0.338062	0.355261	0.369902	0.380101	0.37953	0.378264	0.323869	0.341574	0.366747	0.311669	0.311156	0.430978	0.35096	0.367682	0.374147	0.368127	0.367577	0.368591	0.310131	0.324107	0.334526	0.320166	0.318865	0.319001	0.251051	0	0.240529	0.251082	0.250414	0.251341	0.275061	0.284753	0.285737	0.275159	0.274955	0.274936	0.388216	0.360749	0.376988	0.375034	0.374424	0.378232	0.331928	0.368452	0.317164	0.313092	0.314736	0.313167	0.447014	0.414335	0.405045	0.405787	0.404099	0.414462	0.472845	0.430995	0.417586	0.418475	0.415474	0.430974	0.468754	0.429423	0.419525	0.425007	0.426065	0.430259	0.426977	0.427909	0.467289	0.440601	0.440126	0.436731	0.438257	0.454598	0.457357	0.43456	0.435	0.435051	0.398015	0.39833	0.397639	0.403149	0.402463	0.402152	0.591741	0.532645	0.531814	0.581504	0.581142	0.583946	0.434901	0.434084	0.432363	0.442111	0.441087	0.440222
ERR607593-k20-n1-x5e9	0.337188	0.350964	0.36494	0.37593	0.375445	0.374036	0.328035	0.339368	0.368943	0.31135	0.311205	0.434262	0.354795	0.371945	0.378477	0.372446	0.371826	0.373167	0.314887	0.323551	0.332935	0.319649	0.318549	0.318715	0.249419	0.240529	0	0.249371	0.24906	0.249629	0.276315	0.288449	0.288054	0.276128	0.275993	0.275622	0.391989	0.363876	0.380772	0.378298	0.377791	0.381667	0.331348	0.372619	0.317884	0.313274	0.314866	0.313493	0.449632	0.415282	0.405027	0.405559	0.403774	0.415439	0.475623	0.432266	0.418348	0.418667	0.415834	0.43254	0.471684	0.430482	0.420062	0.425274	0.42636	0.431545	0.428101	0.429529	0.469813	0.443767	0.442793	0.439758	0.440308	0.452802	0.455554	0.434683	0.435403	0.435514	0.39889	0.398024	0.398336	0.4045	0.402735	0.402489	0.593166	0.531594	0.530692	0.581452	0.581536	0.584414	0.435429	0.433453	0.432528	0.442995	0.441166	0.440168
ERR607594-k20-n1-x5e9	0.340908	0.336204	0.343637	0.345056	0.344655	0.343812	0.352295	0.316734	0.400645	0.311533	0.313794	0.470031	0.379776	0.399765	0.407688	0.400728	0.399816	0.401216	0.328779	0.306841	0.312003	0.304584	0.303807	0.304436	0.237095	0.251082	0.249371	0	0.235497	0.23553	0.284429	0.311426	0.311194	0.281723	0.281094	0.280902	0.431346	0.401981	0.420137	0.416992	0.41643	0.420223	0.312474	0.405747	0.307189	0.304599	0.305268	0.305038	0.474947	0.433472	0.418944	0.418093	0.414818	0.433513	0.504133	0.456244	0.439394	0.439056	0.435657	0.456418	0.496611	0.448933	0.434471	0.440882	0.442551	0.449829	0.432725	0.437734	0.492803	0.458786	0.457538	0.452718	0.451448	0.439252	0.441076	0.437538	0.438336	0.439103	0.405673	0.399406	0.400573	0.417919	0.414838	0.414062	0.614797	0.544823	0.543257	0.600333	0.600474	0.603161	0.443067	0.436065	0.434964	0.45732	0.454458	0.452945
ERR607595-k20-n1-x5e9	0.341606	0.337161	0.344715	0.345753	0.345171	0.344541	0.351731	0.317274	0.400829	0.311972	0.31409	0.470136	0.379324	0.399329	0.407072	0.400295	0.39931	0.400633	0.328061	0.306741	0.311974	0.304314	0.303604	0.304155	0.236662	0.250414	0.24906	0.235497	0	0.2352	0.283494	0.310476	0.31008	0.280993	0.280597	0.280195	0.431029	0.40161	0.419774	0.416636	0.416146	0.41985	0.312494	0.405284	0.307109	0.304519	0.305101	0.30489	0.474522	0.43318	0.418836	0.417847	0.414692	0.433127	0.503732	0.455854	0.439133	0.438816	0.435237	0.456061	0.495926	0.448718	0.434338	0.440718	0.442468	0.449646	0.432324	0.437449	0.49226	0.458069	0.456933	0.452031	0.451063	0.439476	0.441189	0.437683	0.4384	0.43917	0.404799	0.398808	0.399837	0.417102	0.413978	0.413443	0.614991	0.545509	0.5441	0.600759	0.600964	0.603737	0.442305	0.435453	0.43434	0.456763	0.45394	0.452509
ERR607596-k20-n1-x5e9	0.34082	0.33535	0.342551	0.343889	0.343406	0.342648	0.353431	0.316438	0.402019	0.312111	0.3143	0.471337	0.381082	0.401108	0.408847	0.402154	0.40113	0.402494	0.329401	0.306558	0.31151	0.3041	0.303575	0.303987	0.236982	0.251341	0.249629	0.23553	0.2352	0	0.284707	0.3121	0.311685	0.281715	0.28157	0.280949	0.432572	0.403156	0.421215	0.41829	0.417571	0.421393	0.312831	0.407015	0.307808	0.305033	0.305591	0.305591	0.475529	0.433717	0.419179	0.418033	0.414988	0.433716	0.5048	0.456618	0.439771	0.439351	0.435789	0.456868	0.497018	0.44929	0.434767	0.441072	0.44273	0.450184	0.432926	0.43803	0.493455	0.459232	0.457942	0.453219	0.451927	0.438697	0.440413	0.43768	0.438426	0.439308	0.405251	0.39893	0.400218	0.417718	0.414473	0.413702	0.615446	0.545263	0.543601	0.600777	0.60089	0.603789	0.442633	0.435448	0.434475	0.457061	0.454115	0.452731
ERR607627-k20-n1-x5e9	0.373623	0.387153	0.399398	0.404185	0.40327	0.402748	0.333897	0.353351	0.385806	0.327813	0.327657	0.44916	0.370105	0.386573	0.393678	0.38764	0.38629	0.387691	0.301666	0.318496	0.330062	0.314209	0.312815	0.31281	0.283615	0.275061	0.276315	0.284429	0.283494	0.284707	0	0.242398	0.24161	0.229895	0.229796	0.229903	0.388098	0.35911	0.375716	0.374296	0.373275	0.377726	0.33717	0.377806	0.320582	0.317617	0.319646	0.317951	0.450723	0.418167	0.407436	0.408808	0.405977	0.418462	0.474912	0.432745	0.418684	0.420244	0.416994	0.433244	0.470086	0.429669	0.418872	0.425884	0.426628	0.431479	0.422887	0.424474	0.468049	0.43705	0.436173	0.432974	0.443175	0.462179	0.464924	0.444292	0.445398	0.446315	0.386445	0.389063	0.387388	0.392322	0.391918	0.392159	0.613893	0.560655	0.559959	0.606401	0.606638	0.609578	0.419462	0.420045	0.418122	0.429364	0.428685	0.427953
ERR607628-k20-n1-x5e9	0.389655	0.416673	0.432931	0.442362	0.441538	0.440574	0.321192	0.386965	0.368922	0.344131	0.341793	0.423273	0.36045	0.371805	0.377077	0.372323	0.371157	0.372295	0.298117	0.350428	0.365677	0.344727	0.342966	0.342525	0.311525	0.284753	0.288449	0.311426	0.310476	0.3121	0.242398	0	0.230811	0.246471	0.246511	0.247527	0.352534	0.326932	0.340412	0.340979	0.33919	0.343973	0.368026	0.353763	0.344439	0.340485	0.342819	0.340573	0.430289	0.408896	0.403502	0.406825	0.405411	0.409177	0.44955	0.415953	0.406164	0.409029	0.406379	0.416329	0.449541	0.419413	0.413916	0.419832	0.419757	0.42093	0.425946	0.423503	0.449641	0.42619	0.426011	0.424551	0.43847	0.483812	0.487537	0.450739	0.451193	0.451576	0.387003	0.397086	0.393618	0.384337	0.386623	0.387328	0.602007	0.562881	0.562935	0.600416	0.600162	0.603006	0.417637	0.425182	0.422994	0.419031	0.420491	0.420719
ERR607629-k20-n1-x5e9	0.389481	0.415192	0.431255	0.441481	0.440754	0.43969	0.3239	0.387279	0.369069	0.344798	0.342603	0.423961	0.362972	0.374448	0.379829	0.375115	0.374131	0.375142	0.300612	0.350432	0.365277	0.344744	0.34315	0.342715	0.310901	0.285737	0.288054	0.311194	0.31008	0.311685	0.24161	0.230811	0	0.245915	0.246033	0.246615	0.352688	0.326318	0.340925	0.340609	0.339207	0.343497	0.368881	0.354472	0.345803	0.341446	0.344014	0.341532	0.430651	0.407952	0.402117	0.405152	0.403593	0.408582	0.449806	0.415217	0.404826	0.407533	0.404852	0.415669	0.44967	0.418246	0.412339	0.418206	0.418024	0.420169	0.426054	0.42366	0.449902	0.427546	0.427277	0.425724	0.43959	0.483468	0.487044	0.450629	0.451548	0.451829	0.385457	0.394827	0.392487	0.382845	0.384198	0.385289	0.602323	0.561766	0.561719	0.59968	0.599917	0.60268	0.416198	0.423168	0.421776	0.417599	0.418484	0.418466
ERR607630-k20-n1-x5e9	0.369923	0.381607	0.393398	0.397961	0.397072	0.396479	0.335409	0.348748	0.387465	0.325329	0.325363	0.451532	0.372001	0.388715	0.395943	0.389602	0.388222	0.389607	0.303294	0.315512	0.326763	0.311374	0.309981	0.310037	0.281699	0.275159	0.276128	0.281723	0.280993	0.281715	0.229895	0.246471	0.245915	0	0.228406	0.228546	0.392324	0.362891	0.380032	0.37834	0.377366	0.381603	0.334096	0.381099	0.318543	0.315629	0.317179	0.315835	0.45338	0.419647	0.408297	0.409258	0.406439	0.419721	0.47795	0.434952	0.420551	0.421731	0.418478	0.435484	0.472813	0.431349	0.420308	0.42695	0.427861	0.432865	0.423485	0.42554	0.470769	0.43906	0.438143	0.434697	0.444078	0.459181	0.461892	0.44336	0.444436	0.445174	0.387243	0.388783	0.387489	0.393927	0.393302	0.393241	0.614927	0.55988	0.559117	0.606575	0.60689	0.609697	0.420629	0.420152	0.41847	0.431145	0.430203	0.42933
ERR607631-k20-n1-x5e9	0.370458	0.381846	0.393394	0.397545	0.396581	0.396078	0.335725	0.348193	0.388385	0.325505	0.325759	0.452569	0.372218	0.389109	0.396178	0.389935	0.388522	0.389854	0.303211	0.314895	0.325847	0.310782	0.309549	0.309478	0.281066	0.274955	0.275993	0.281094	0.280597	0.28157	0.229796	0.246511	0.246033	0.228406	0	0.228314	0.393148	0.363593	0.380518	0.379079	0.378079	0.382317	0.333647	0.381637	0.317945	0.315275	0.316971	0.315518	0.453499	0.419894	0.408489	0.40949	0.406509	0.41997	0.478463	0.435439	0.420916	0.422095	0.418936	0.435871	0.473165	0.431709	0.420554	0.427413	0.428389	0.433329	0.423345	0.425521	0.470957	0.438931	0.438169	0.434601	0.444042	0.458723	0.461461	0.443545	0.444507	0.445384	0.387028	0.388607	0.387225	0.394177	0.393288	0.393361	0.615165	0.560148	0.559492	0.606977	0.607364	0.610184	0.420597	0.420066	0.41813	0.431368	0.430408	0.429602
ERR607632-k20-n1-x5e9	0.369266	0.380121	0.391767	0.39624	0.395306	0.394696	0.336353	0.347598	0.388238	0.324926	0.325181	0.452625	0.372582	0.389649	0.396844	0.390397	0.389335	0.390557	0.303967	0.314555	0.325355	0.310558	0.309172	0.309067	0.280649	0.274936	0.275622	0.280902	0.280195	0.280949	0.229903	0.247527	0.246615	0.228546	0.228314	0	0.393807	0.364209	0.381279	0.379718	0.378653	0.38296	0.333487	0.382052	0.318265	0.315098	0.316821	0.315367	0.454527	0.420606	0.409095	0.40998	0.407204	0.420663	0.479383	0.43623	0.421613	0.422663	0.419442	0.436508	0.474224	0.432297	0.421019	0.427709	0.42868	0.433838	0.424442	0.426671	0.472077	0.440447	0.439498	0.43589	0.445034	0.459008	0.461629	0.443774	0.444844	0.445826	0.388098	0.389311	0.388172	0.394963	0.394125	0.394237	0.615591	0.55985	0.559283	0.6069	0.607149	0.610131	0.421428	0.420743	0.419122	0.432239	0.431108	0.430207
ERR607633-k20-n1-x5e9	0.427082	0.483601	0.508813	0.538091	0.537798	0.535316	0.364927	0.492737	0.33846	0.425175	0.419135	0.335321	0.367285	0.361746	0.354899	0.356553	0.359035	0.356821	0.389767	0.46967	0.484397	0.463163	0.461518	0.460953	0.433079	0.388216	0.391989	0.431346	0.431029	0.432572	0.388098	0.352534	0.352688	0.392324	0.393148	0.393807	0	0.257253	0.253987	0.255226	0.254773	0.255329	0.481606	0.333242	0.456052	0.448182	0.451454	0.448541	0.419796	0.438556	0.451009	0.456102	0.460175	0.440207	0.412558	0.418265	0.426652	0.429337	0.431307	0.418573	0.433535	0.443812	0.4561	0.452947	0.45186	0.445274	0.498725	0.488379	0.451411	0.47407	0.475027	0.479539	0.486384	0.565534	0.569737	0.506205	0.505913	0.50378	0.466985	0.481718	0.48026	0.449781	0.453206	0.454844	0.526243	0.526769	0.528603	0.533625	0.532444	0.534542	0.491816	0.505511	0.505678	0.473506	0.47671	0.477984
ERR607634-k20-n1-x5e9	0.404645	0.457255	0.481686	0.510525	0.510335	0.507977	0.347164	0.464783	0.327402	0.399019	0.39326	0.340064	0.355193	0.353444	0.347965	0.348668	0.351128	0.348819	0.367345	0.441281	0.455656	0.434781	0.433019	0.432675	0.403753	0.360749	0.363876	0.401981	0.40161	0.403156	0.35911	0.326932	0.326318	0.362891	0.363593	0.364209	0.257253	0	0.253863	0.25346	0.253266	0.254501	0.45436	0.324975	0.429095	0.420895	0.424142	0.421203	0.414348	0.422871	0.432263	0.436738	0.440395	0.42446	0.413814	0.407936	0.412419	0.414535	0.415968	0.40829	0.430271	0.429855	0.438801	0.436743	0.435653	0.431486	0.479882	0.47082	0.444548	0.460579	0.461458	0.464923	0.471302	0.542901	0.547056	0.487066	0.487254	0.485214	0.445177	0.458161	0.45767	0.430089	0.432439	0.433794	0.534458	0.520771	0.521901	0.535893	0.53563	0.537957	0.472196	0.483883	0.484788	0.456504	0.458627	0.459483
ERR607635-k20-n1-x5e9	0.420707	0.476019	0.5008	0.529014	0.528653	0.526309	0.356677	0.482606	0.335963	0.415969	0.41008	0.338991	0.362164	0.357518	0.351671	0.352936	0.355199	0.353185	0.37846	0.4582	0.473171	0.451717	0.449923	0.449468	0.4217	0.376988	0.380772	0.420137	0.419774	0.421215	0.375716	0.340412	0.340925	0.380032	0.380518	0.381279	0.253987	0.253863	0	0.254288	0.253327	0.254202	0.470973	0.329455	0.445092	0.437619	0.440601	0.43775	0.416589	0.432332	0.443971	0.448635	0.452518	0.433861	0.411928	0.414253	0.421133	0.42398	0.425582	0.414094	0.431268	0.43837	0.449392	0.446892	0.445754	0.439476	0.49058	0.48071	0.447861	0.46707	0.468169	0.472202	0.479353	0.557227	0.561505	0.49914	0.498839	0.496893	0.45741	0.472013	0.470322	0.441016	0.444423	0.445807	0.530276	0.526963	0.528625	0.536635	0.535559	0.537828	0.483056	0.496427	0.496355	0.46565	0.468821	0.470061
ERR607636-k20-n1-x5e9	0.414592	0.469488	0.494364	0.52389	0.523612	0.521292	0.356664	0.478852	0.331732	0.412189	0.406539	0.335603	0.360543	0.356956	0.350185	0.351285	0.354298	0.35179	0.379762	0.455867	0.470253	0.449327	0.447667	0.447207	0.41886	0.375034	0.378298	0.416992	0.416636	0.41829	0.374296	0.340979	0.340609	0.37834	0.379079	0.379718	0.255226	0.25346	0.254288	0	0.25162	0.252317	0.468248	0.32855	0.443	0.434909	0.437855	0.4351	0.417834	0.43177	0.442865	0.447332	0.451376	0.433184	0.413616	0.413595	0.420036	0.422557	0.424508	0.41391	0.432739	0.437965	0.448526	0.445807	0.444453	0.439123	0.490893	0.481212	0.449048	0.469021	0.469903	0.473987	0.480123	0.554751	0.558794	0.49744	0.497474	0.495374	0.457594	0.471218	0.47027	0.441652	0.444421	0.445709	0.528655	0.521799	0.523289	0.532571	0.531688	0.53394	0.483957	0.496236	0.496802	0.466881	0.469413	0.47045
ERR607637-k20-n1-x5e9	0.415119	0.469744	0.494428	0.523708	0.523423	0.520985	0.355975	0.478506	0.3322	0.411701	0.405781	0.336789	0.361297	0.357881	0.351515	0.352317	0.355095	0.352928	0.378248	0.455365	0.469963	0.44874	0.447163	0.446602	0.418444	0.374424	0.377791	0.41643	0.416146	0.417571	0.373275	0.33919	0.339207	0.377366	0.378079	0.378653	0.254773	0.253266	0.253327	0.25162	0	0.2522	0.467743	0.328718	0.442213	0.43411	0.43734	0.434438	0.417185	0.430875	0.441812	0.446281	0.450138	0.432433	0.413228	0.413269	0.41934	0.421954	0.423475	0.413174	0.432317	0.437161	0.447478	0.444901	0.443761	0.438488	0.489561	0.479827	0.448289	0.467563	0.468501	0.472536	0.4788	0.553891	0.55798	0.496511	0.496343	0.494368	0.456107	0.470059	0.46909	0.440001	0.442887	0.44417	0.529985	0.523012	0.524583	0.533982	0.533152	0.535309	0.48223	0.494757	0.495419	0.465036	0.467621	0.468588
ERR607638-k20-n1-x5e9	0.417041	0.472112	0.49706	0.526776	0.526494	0.523899	0.359184	0.481849	0.333522	0.41527	0.409478	0.335999	0.363142	0.359172	0.351992	0.353306	0.356258	0.353598	0.382307	0.459041	0.473469	0.452494	0.450718	0.450359	0.422112	0.378232	0.381667	0.420223	0.41985	0.421393	0.377726	0.343973	0.343497	0.381603	0.382317	0.38296	0.255329	0.254501	0.254202	0.252317	0.2522	0	0.471369	0.330165	0.446162	0.438111	0.441302	0.43826	0.417656	0.432723	0.44393	0.448559	0.452545	0.434021	0.412941	0.414128	0.421029	0.423166	0.42516	0.414239	0.432467	0.438423	0.449345	0.44645	0.445332	0.439663	0.49198	0.482209	0.449035	0.46949	0.47057	0.474617	0.481097	0.556467	0.560738	0.498806	0.498835	0.496701	0.45923	0.47299	0.472053	0.442819	0.445711	0.447077	0.527848	0.522168	0.523764	0.532542	0.531862	0.533812	0.48499	0.497453	0.498133	0.467659	0.470346	0.471393
ERR605339-k20-n1-x5e9	0.388325	0.375268	0.376801	0.366632	0.365698	0.366059	0.367278	0.294842	0.42406	0.311767	0.315599	0.495969	0.397591	0.419114	0.42883	0.421699	0.420402	0.422071	0.368699	0.33077	0.332964	0.330519	0.329976	0.33069	0.312197	0.331928	0.331348	0.312474	0.312494	0.312831	0.33717	0.368026	0.368881	0.334096	0.333647	0.333487	0.481606	0.45436	0.470973	0.468248	0.467743	0.471369	0	0.400725	0.247006	0.249257	0.248229	0.249105	0.516985	0.477141	0.461739	0.460749	0.456693	0.476713	0.545717	0.500852	0.483843	0.483875	0.480383	0.500815	0.528683	0.483293	0.468492	0.475869	0.477464	0.484174	0.440635	0.447801	0.511093	0.472214	0.470837	0.465203	0.466279	0.440072	0.441143	0.450714	0.450227	0.451629	0.449955	0.441569	0.44128	0.46589	0.463469	0.462596	0.635493	0.568489	0.567022	0.623164	0.622395	0.625349	0.483426	0.474189	0.471651	0.501134	0.49912	0.497576
