	ERR605357-k20-n1-x5e9	ERR605358-k20-n1-x5e9	ERR605359-k20-n1-x5e9	ERR605360-k20-n1-x5e9	ERR605361-k20-n1-x5e9	ERR605362-k20-n1-x5e9	ERR609075-k20-n1-x5e9	ERR609076-k20-n1-x5e9	ERR609077-k20-n1-x5e9	ERR609078-k20-n1-x5e9	ERR609079-k20-n1-x5e9	ERR609080-k20-n1-x5e9	ERR608063-k20-n1-x5e9	ERR608064-k20-n1-x5e9	ERR608065-k20-n1-x5e9	ERR608066-k20-n1-x5e9	ERR608067-k20-n1-x5e9	ERR608068-k20-n1-x5e9	ERR607585-k20-n1-x5e9	ERR607586-k20-n1-x5e9	ERR607587-k20-n1-x5e9	ERR607588-k20-n1-x5e9	ERR607589-k20-n1-x5e9	ERR607590-k20-n1-x5e9	ERR608811-k20-n1-x5e9	ERR608812-k20-n1-x5e9	ERR608813-k20-n1-x5e9	ERR608814-k20-n1-x5e9	ERR608815-k20-n1-x5e9	ERR608816-k20-n1-x5e9	ERR607463-k20-n1-x5e9	ERR607464-k20-n1-x5e9	ERR607465-k20-n1-x5e9	ERR607466-k20-n1-x5e9	ERR607467-k20-n1-x5e9	ERR607468-k20-n1-x5e9	ERR608457-k20-n1-x5e9	ERR608458-k20-n1-x5e9	ERR608459-k20-n1-x5e9	ERR608460-k20-n1-x5e9	ERR608461-k20-n1-x5e9	ERR608462-k20-n1-x5e9	ERR607391-k20-n1-x5e9	ERR607392-k20-n1-x5e9	ERR607393-k20-n1-x5e9	ERR607394-k20-n1-x5e9	ERR607395-k20-n1-x5e9	ERR607396-k20-n1-x5e9	ERR608913-k20-n1-x5e9	ERR608914-k20-n1-x5e9	ERR608915-k20-n1-x5e9	ERR608916-k20-n1-x5e9	ERR608917-k20-n1-x5e9	ERR608918-k20-n1-x5e9	ERR607989-k20-n1-x5e9	ERR607990-k20-n1-x5e9	ERR607991-k20-n1-x5e9	ERR607992-k20-n1-x5e9	ERR607993-k20-n1-x5e9	ERR607994-k20-n1-x5e9	ERR608341-k20-n1-x5e9	ERR608342-k20-n1-x5e9	ERR608343-k20-n1-x5e9	ERR608344-k20-n1-x5e9	ERR608345-k20-n1-x5e9	ERR608346-k20-n1-x5e9	ERR608081-k20-n1-x5e9	ERR608082-k20-n1-x5e9	ERR608083-k20-n1-x5e9	ERR608084-k20-n1-x5e9	ERR608085-k20-n1-x5e9	ERR608086-k20-n1-x5e9	ERR605485-k20-n1-x5e9	ERR605486-k20-n1-x5e9	ERR605487-k20-n1-x5e9	ERR605488-k20-n1-x5e9	ERR605489-k20-n1-x5e9	ERR605490-k20-n1-x5e9	ERR607983-k20-n1-x5e9	ERR607984-k20-n1-x5e9	ERR607985-k20-n1-x5e9	ERR607986-k20-n1-x5e9	ERR607987-k20-n1-x5e9	ERR607988-k20-n1-x5e9	ERR605994-k20-n1-x5e9	ERR605995-k20-n1-x5e9	ERR605996-k20-n1-x5e9	ERR605997-k20-n1-x5e9	ERR605998-k20-n1-x5e9	ERR605999-k20-n1-x5e9	ERR608117-k20-n1-x5e9	ERR608118-k20-n1-x5e9	ERR608119-k20-n1-x5e9	ERR608120-k20-n1-x5e9	ERR608121-k20-n1-x5e9	ERR608122-k20-n1-x5e9
ERR605357-k20-n1-x5e9	0	0.412266	0.269756	0.27371	0.272593	0.272104	0.339137	0.359338	0.329645	0.344453	0.34271	0.332625	0.531556	0.514121	0.636276	0.516718	0.51642	0.517071	0.510685	0.408329	0.39784	0.464614	0.457854	0.471994	0.349134	0.343755	0.356194	0.359822	0.358838	0.357258	0.367042	0.361339	0.375484	0.367876	0.366595	0.363805	0.337357	0.363236	0.377521	0.392082	0.3823	0.379795	0.386588	0.392282	0.40212	0.394882	0.394802	0.394036	0.454161	0.459071	0.458738	0.457842	0.456146	0.455794	0.487269	0.497816	0.587852	0.486501	0.48837	0.487997	0.48531	0.487648	0.494633	0.492086	0.491789	0.488145	0.503338	0.507088	0.506165	0.500164	0.500347	0.502198	0.525889	0.51861	0.508717	0.51766	0.519772	0.517454	0.530686	0.52995	0.530478	0.527937	0.528331	0.52697	0.532387	0.484495	0.483735	0.52273	0.520114	0.523072	0.517709	0.519513	0.518998	0.513452	0.513259	0.512965
ERR605358-k20-n1-x5e9	0.412266	0	0.388489	0.382711	0.384588	0.384398	0.504313	0.388618	0.485949	0.511785	0.509027	0.492244	0.639247	0.641487	0.634117	0.63176	0.634193	0.634315	0.425155	0.414952	0.421948	0.402279	0.402322	0.402325	0.399467	0.409689	0.395319	0.532682	0.530731	0.528812	0.412503	0.421289	0.408767	0.539104	0.536934	0.531929	0.467	0.532805	0.551158	0.571446	0.55969	0.55684	0.473258	0.5389	0.552763	0.542548	0.541272	0.541613	0.573648	0.586244	0.585888	0.538241	0.53767	0.539518	0.618904	0.644471	0.564999	0.62634	0.630126	0.629147	0.578826	0.608094	0.623583	0.618032	0.617022	0.608724	0.634631	0.643409	0.642305	0.62253	0.624281	0.626903	0.669602	0.661126	0.648856	0.659809	0.662466	0.659792	0.652201	0.655607	0.655324	0.622927	0.624844	0.621464	0.492633	0.522714	0.524675	0.508223	0.504848	0.50566	0.64325	0.650556	0.650239	0.629467	0.630623	0.631373
ERR605359-k20-n1-x5e9	0.269756	0.388489	0	0.269932	0.269656	0.26875	0.358032	0.346522	0.344008	0.364089	0.362293	0.348732	0.536982	0.525269	0.624857	0.524589	0.525103	0.5255	0.491624	0.396803	0.389251	0.448144	0.441638	0.455006	0.3398	0.33744	0.346088	0.380973	0.379544	0.377844	0.356939	0.353914	0.364248	0.387313	0.38585	0.382519	0.341495	0.382709	0.399102	0.415878	0.404918	0.402191	0.387319	0.408939	0.420756	0.411902	0.411871	0.411325	0.463353	0.471295	0.470204	0.459508	0.458266	0.458515	0.498566	0.514824	0.573762	0.501017	0.5036	0.502913	0.4888	0.499039	0.50855	0.505399	0.504694	0.499594	0.515805	0.52158	0.519951	0.510604	0.511377	0.51351	0.543882	0.535939	0.524437	0.53447	0.536942	0.534377	0.541495	0.542077	0.542239	0.533175	0.53352	0.531801	0.517543	0.48269	0.482368	0.513812	0.51045	0.513417	0.528942	0.532752	0.531779	0.522346	0.523069	0.52297
ERR605360-k20-n1-x5e9	0.27371	0.382711	0.269932	0	0.267687	0.266828	0.3608	0.341183	0.347981	0.366091	0.364065	0.351596	0.549028	0.534786	0.626744	0.534181	0.534665	0.535091	0.48898	0.392149	0.383262	0.441426	0.435242	0.448823	0.3346	0.332563	0.33958	0.386121	0.384441	0.382732	0.352699	0.349509	0.358481	0.393509	0.391726	0.387813	0.347455	0.387186	0.403738	0.421727	0.410549	0.408154	0.387642	0.408132	0.41947	0.410918	0.410728	0.410459	0.468333	0.475232	0.475248	0.458111	0.456802	0.457015	0.509135	0.522485	0.573211	0.509139	0.511531	0.510938	0.493286	0.502596	0.512572	0.508511	0.508067	0.503163	0.523857	0.528767	0.528298	0.5178	0.518154	0.520132	0.551158	0.543525	0.532694	0.54196	0.544272	0.541866	0.550125	0.55009	0.550755	0.539122	0.539924	0.537832	0.512706	0.473436	0.473193	0.503466	0.500333	0.503478	0.536963	0.539993	0.540004	0.529323	0.529288	0.529278
ERR605361-k20-n1-x5e9	0.272593	0.384588	0.269656	0.267687	0	0.267324	0.35968	0.34163	0.34725	0.365077	0.363052	0.350512	0.548407	0.534067	0.62709	0.533542	0.533901	0.534429	0.49055	0.393008	0.384003	0.442887	0.436653	0.450035	0.334979	0.332603	0.340096	0.384474	0.38274	0.381353	0.353	0.34988	0.358855	0.391942	0.390344	0.38633	0.346644	0.38624	0.402161	0.419994	0.408874	0.40666	0.387221	0.406757	0.418159	0.409811	0.409402	0.409212	0.467755	0.474692	0.474636	0.458214	0.456647	0.456897	0.508094	0.52143	0.573823	0.508209	0.510425	0.509846	0.492711	0.501855	0.511617	0.507726	0.507217	0.502226	0.52289	0.527879	0.527279	0.516802	0.517203	0.519273	0.550449	0.542829	0.531861	0.541148	0.543593	0.5411	0.549026	0.548998	0.549685	0.538312	0.539156	0.537	0.513138	0.473175	0.472889	0.504102	0.501018	0.50408	0.53608	0.539085	0.539169	0.528489	0.528498	0.528314
ERR605362-k20-n1-x5e9	0.272104	0.384398	0.26875	0.266828	0.267324	0	0.359254	0.34259	0.346818	0.364894	0.362886	0.350243	0.547109	0.533202	0.627356	0.532636	0.533029	0.533463	0.489773	0.392504	0.384057	0.442877	0.436528	0.450013	0.335108	0.332975	0.340529	0.383969	0.382286	0.380637	0.352944	0.349635	0.359137	0.391063	0.389397	0.385825	0.345422	0.385273	0.401509	0.419403	0.40823	0.405866	0.386562	0.406921	0.418478	0.409967	0.409804	0.409322	0.467564	0.474527	0.474244	0.458671	0.457354	0.457468	0.507115	0.52054	0.573901	0.507228	0.50968	0.509124	0.492774	0.501794	0.511578	0.507812	0.507392	0.502233	0.522067	0.52698	0.526426	0.516308	0.516693	0.518764	0.549581	0.541969	0.531074	0.540399	0.54274	0.540332	0.548328	0.54833	0.548887	0.538095	0.538854	0.536786	0.513988	0.475337	0.474979	0.505889	0.502784	0.505652	0.535285	0.53835	0.538203	0.527975	0.527999	0.527884
ERR609075-k20-n1-x5e9	0.339137	0.504313	0.358032	0.3608	0.35968	0.359254	0	0.361971	0.252518	0.247425	0.247687	0.25056	0.503726	0.475595	0.651566	0.482639	0.480893	0.481821	0.572612	0.465812	0.45185	0.524463	0.518054	0.532202	0.399683	0.390273	0.408678	0.341653	0.340866	0.341514	0.402885	0.392386	0.413034	0.335019	0.334454	0.334568	0.358963	0.34109	0.347204	0.355518	0.349228	0.348677	0.432572	0.400206	0.403159	0.40061	0.401887	0.401061	0.430189	0.427438	0.428773	0.453585	0.451592	0.449844	0.452398	0.452727	0.609414	0.443505	0.444538	0.44402	0.473385	0.455022	0.45467	0.454103	0.454733	0.455995	0.459827	0.459762	0.461989	0.459045	0.457094	0.458527	0.487899	0.48189	0.473942	0.480173	0.482544	0.479976	0.494014	0.490559	0.492999	0.502348	0.502087	0.501775	0.572061	0.499474	0.497381	0.552131	0.550463	0.553147	0.475166	0.473039	0.475339	0.475027	0.472158	0.471602
ERR609076-k20-n1-x5e9	0.359338	0.388618	0.346522	0.341183	0.34163	0.34259	0.361971	0	0.344046	0.370209	0.367275	0.350355	0.555145	0.552668	0.587459	0.542687	0.544675	0.544871	0.48359	0.407681	0.402601	0.435094	0.431494	0.441259	0.349413	0.353094	0.349411	0.448181	0.445806	0.444323	0.339097	0.341548	0.339275	0.438503	0.435769	0.431436	0.384002	0.437087	0.455319	0.477419	0.464521	0.461941	0.436706	0.469162	0.480819	0.471904	0.471538	0.471631	0.484135	0.493904	0.4951	0.45472	0.453748	0.454795	0.532116	0.556324	0.52823	0.535572	0.539687	0.538661	0.495451	0.515917	0.530694	0.525088	0.524105	0.517161	0.542241	0.550774	0.551837	0.527924	0.52859	0.531342	0.593523	0.584326	0.571044	0.582257	0.585386	0.582214	0.567619	0.569802	0.571265	0.5378	0.540062	0.536425	0.487254	0.464915	0.465326	0.477873	0.47316	0.476003	0.550866	0.558214	0.560157	0.535045	0.535222	0.536123
ERR609077-k20-n1-x5e9	0.329645	0.485949	0.344008	0.347981	0.34725	0.346818	0.252518	0.344046	0	0.256617	0.255531	0.250843	0.493091	0.472428	0.636504	0.475414	0.47466	0.475363	0.556062	0.45332	0.44124	0.510845	0.504052	0.517919	0.386679	0.378764	0.395924	0.348183	0.347336	0.347242	0.388235	0.379291	0.398743	0.339248	0.338591	0.337632	0.347339	0.345662	0.355253	0.365474	0.357679	0.356177	0.425342	0.407474	0.41341	0.408857	0.409896	0.408797	0.426407	0.42696	0.427372	0.447009	0.445544	0.443963	0.448062	0.458127	0.593502	0.444769	0.446975	0.446251	0.464643	0.454243	0.456666	0.456057	0.456196	0.455036	0.459318	0.462515	0.463319	0.456115	0.455577	0.457383	0.495423	0.487862	0.477886	0.486271	0.488823	0.485984	0.49183	0.490422	0.492058	0.494914	0.494478	0.494133	0.557995	0.494738	0.493237	0.542839	0.540462	0.543314	0.47339	0.474414	0.475641	0.470892	0.469247	0.469152
ERR609078-k20-n1-x5e9	0.344453	0.511785	0.364089	0.366091	0.365077	0.364894	0.247425	0.370209	0.256617	0	0.245169	0.250963	0.508691	0.477877	0.657538	0.486225	0.484289	0.485065	0.578314	0.470101	0.455568	0.529517	0.522685	0.537349	0.404504	0.393973	0.4133	0.339772	0.338858	0.339758	0.408354	0.397059	0.418153	0.334213	0.33365	0.33405	0.362738	0.339564	0.344216	0.351561	0.345893	0.345709	0.434619	0.396921	0.39878	0.396991	0.39816	0.397495	0.432214	0.428193	0.430044	0.456178	0.454116	0.452061	0.455104	0.451592	0.615517	0.443811	0.444418	0.444092	0.476755	0.455703	0.454416	0.45362	0.454626	0.456547	0.461063	0.459676	0.462576	0.461357	0.458757	0.459963	0.486926	0.481564	0.474544	0.4796	0.481927	0.479538	0.495898	0.491646	0.494341	0.505965	0.505528	0.505316	0.577037	0.501014	0.498819	0.555257	0.553915	0.556542	0.47675	0.473418	0.476294	0.477614	0.474144	0.473507
ERR609079-k20-n1-x5e9	0.34271	0.509027	0.362293	0.364065	0.363052	0.362886	0.247687	0.367275	0.255531	0.245169	0	0.250443	0.508493	0.478174	0.655894	0.486282	0.484271	0.485177	0.575949	0.46786	0.453376	0.527066	0.520456	0.535024	0.402097	0.392237	0.4112	0.340083	0.339147	0.340059	0.405874	0.394872	0.41588	0.334385	0.333822	0.334133	0.361235	0.339889	0.344834	0.352872	0.346947	0.346616	0.433347	0.397096	0.399276	0.39735	0.398383	0.397697	0.43166	0.4281	0.429828	0.454974	0.452963	0.450816	0.455284	0.452771	0.613627	0.444604	0.445245	0.444832	0.475978	0.455654	0.454814	0.454034	0.454729	0.456759	0.461743	0.460462	0.463483	0.461621	0.459132	0.460404	0.488217	0.482695	0.475427	0.480862	0.483088	0.480803	0.49613	0.492064	0.494759	0.505119	0.504916	0.504633	0.574954	0.49961	0.497579	0.553515	0.552006	0.554431	0.477189	0.474146	0.477103	0.477664	0.474435	0.473478
ERR609080-k20-n1-x5e9	0.332625	0.492244	0.348732	0.351596	0.350512	0.350243	0.25056	0.350355	0.250843	0.250963	0.250443	0	0.50193	0.47783	0.644359	0.482305	0.481142	0.481921	0.561187	0.456183	0.44333	0.514023	0.507156	0.521625	0.390203	0.381778	0.399318	0.345163	0.34425	0.344541	0.393233	0.383606	0.403167	0.33805	0.337598	0.337104	0.351734	0.344239	0.352609	0.361738	0.354327	0.353461	0.425253	0.401746	0.406462	0.402325	0.403185	0.402523	0.430186	0.429314	0.429984	0.450289	0.448705	0.447028	0.453629	0.458724	0.601621	0.447312	0.448764	0.448159	0.469875	0.456508	0.458021	0.457048	0.457652	0.456878	0.463119	0.464594	0.465992	0.460935	0.459963	0.461524	0.494216	0.48736	0.478567	0.485703	0.488144	0.485605	0.496513	0.494209	0.495904	0.501047	0.500662	0.500145	0.563134	0.495705	0.494047	0.545146	0.542824	0.545347	0.47767	0.47719	0.478795	0.475949	0.474316	0.473801
ERR608063-k20-n1-x5e9	0.531556	0.639247	0.536982	0.549028	0.548407	0.547109	0.503726	0.555145	0.493091	0.508691	0.508493	0.50193	0	0.264752	0.52075	0.243457	0.245761	0.244764	0.682036	0.625282	0.622514	0.666671	0.66158	0.670869	0.554569	0.550633	0.56477	0.505296	0.505234	0.505635	0.530725	0.526549	0.543278	0.473986	0.474945	0.47567	0.501757	0.508145	0.512511	0.510877	0.509509	0.506689	0.605315	0.601698	0.607132	0.603799	0.604713	0.603494	0.376531	0.385966	0.379635	0.423519	0.423514	0.421817	0.313149	0.385822	0.522993	0.34532	0.354071	0.351894	0.341044	0.350204	0.356481	0.362382	0.35861	0.351303	0.325157	0.350354	0.342368	0.314122	0.322253	0.323705	0.433054	0.416916	0.396092	0.415065	0.41902	0.413997	0.352655	0.363303	0.361428	0.356591	0.353262	0.354453	0.568297	0.548152	0.547391	0.582934	0.581695	0.583936	0.310754	0.333216	0.327496	0.306041	0.314511	0.315448
ERR608064-k20-n1-x5e9	0.514121	0.641487	0.525269	0.534786	0.534067	0.533202	0.475595	0.552668	0.472428	0.477877	0.478174	0.47783	0.264752	0	0.560704	0.2472	0.242318	0.24323	0.680439	0.607466	0.601219	0.655751	0.650054	0.661003	0.543041	0.536096	0.553058	0.468422	0.468426	0.469305	0.525353	0.517816	0.537386	0.441552	0.442848	0.444372	0.490286	0.476126	0.476546	0.47242	0.473321	0.471339	0.575862	0.552544	0.55504	0.553839	0.554978	0.553827	0.343752	0.343776	0.33998	0.401509	0.40044	0.398132	0.28776	0.324473	0.555647	0.297922	0.302483	0.301215	0.332662	0.308544	0.304859	0.311703	0.309873	0.309747	0.289189	0.300817	0.296208	0.2944	0.296838	0.296834	0.375025	0.363282	0.348552	0.360679	0.364088	0.359946	0.328016	0.329869	0.329872	0.362994	0.359244	0.361908	0.573015	0.518707	0.516517	0.570541	0.570881	0.573289	0.285576	0.291542	0.288675	0.298602	0.299584	0.298304
ERR608065-k20-n1-x5e9	0.636276	0.634117	0.624857	0.626744	0.62709	0.627356	0.651566	0.587459	0.636504	0.657538	0.655894	0.644359	0.52075	0.560704	0	0.529879	0.535537	0.534321	0.691255	0.67495	0.676164	0.683797	0.683047	0.687135	0.605783	0.610621	0.607447	0.66954	0.668235	0.667368	0.578322	0.583884	0.578088	0.650322	0.648858	0.646194	0.621219	0.664114	0.675551	0.687265	0.680356	0.677748	0.696042	0.715186	0.72294	0.717344	0.717512	0.717225	0.573604	0.588969	0.587902	0.537008	0.538816	0.54114	0.585671	0.638992	0.39709	0.606435	0.613554	0.611769	0.512481	0.561228	0.582095	0.577339	0.574241	0.562528	0.587031	0.607018	0.604945	0.561601	0.567503	0.569338	0.669043	0.656064	0.638108	0.653907	0.657874	0.653389	0.598883	0.608599	0.609219	0.541758	0.545303	0.540621	0.530322	0.587555	0.589259	0.565667	0.562714	0.56406	0.570242	0.590993	0.591768	0.542367	0.54839	0.550471
ERR608066-k20-n1-x5e9	0.516718	0.63176	0.524589	0.534181	0.533542	0.532636	0.482639	0.542687	0.475414	0.486225	0.486282	0.482305	0.243457	0.2472	0.529879	0	0.233218	0.232969	0.676534	0.610271	0.605356	0.654152	0.648848	0.659086	0.538703	0.533312	0.548194	0.482985	0.483014	0.483553	0.516183	0.510164	0.527799	0.452172	0.453082	0.453967	0.48938	0.487082	0.490035	0.488661	0.487785	0.485492	0.588621	0.576245	0.580433	0.577976	0.579021	0.577685	0.353007	0.358341	0.353929	0.399328	0.398792	0.396939	0.29995	0.359115	0.526594	0.320636	0.328402	0.326535	0.325613	0.320145	0.32391	0.329145	0.326142	0.321217	0.302634	0.3235	0.318758	0.293305	0.298515	0.299483	0.409255	0.394298	0.375	0.391554	0.395654	0.390715	0.337042	0.344163	0.344087	0.346369	0.343149	0.344806	0.560372	0.520477	0.519166	0.563721	0.563553	0.565637	0.290962	0.308121	0.305716	0.289517	0.293563	0.293714
ERR608067-k20-n1-x5e9	0.51642	0.634193	0.525103	0.534665	0.533901	0.533029	0.480893	0.544675	0.47466	0.484289	0.484271	0.481142	0.245761	0.242318	0.535537	0.233218	0	0.231976	0.678141	0.610325	0.605018	0.655078	0.649676	0.660122	0.539688	0.534004	0.549341	0.479865	0.479923	0.480497	0.518087	0.511675	0.529847	0.449669	0.450677	0.451703	0.489799	0.484771	0.487219	0.485353	0.484679	0.482473	0.586921	0.572058	0.57593	0.573754	0.574763	0.573598	0.350692	0.355018	0.350739	0.39916	0.398587	0.396707	0.296173	0.351556	0.532055	0.31478	0.321923	0.320111	0.326912	0.317315	0.319464	0.325017	0.322121	0.318529	0.298236	0.317559	0.312872	0.291435	0.296109	0.296733	0.402234	0.387853	0.369285	0.385073	0.389188	0.384142	0.333921	0.340156	0.340122	0.348404	0.345042	0.346689	0.563403	0.52006	0.518507	0.565232	0.565021	0.567332	0.287977	0.303051	0.300901	0.289035	0.292498	0.292535
ERR608068-k20-n1-x5e9	0.517071	0.634315	0.5255	0.535091	0.534429	0.533463	0.481821	0.544871	0.475363	0.485065	0.485177	0.481921	0.244764	0.24323	0.534321	0.232969	0.231976	0	0.678498	0.611107	0.60602	0.655761	0.650249	0.660714	0.540227	0.534597	0.549962	0.481248	0.481298	0.481838	0.518293	0.512359	0.530162	0.45083	0.451752	0.452833	0.490519	0.485987	0.488588	0.486813	0.486146	0.48392	0.587995	0.573658	0.57742	0.575209	0.576263	0.575081	0.351329	0.355973	0.351812	0.399504	0.398872	0.396894	0.297444	0.353717	0.530956	0.316552	0.323908	0.321921	0.326471	0.318167	0.320845	0.326058	0.323041	0.319267	0.298982	0.318598	0.314016	0.291314	0.296638	0.297172	0.403558	0.388977	0.370075	0.386161	0.390358	0.385355	0.334922	0.341478	0.341364	0.348234	0.345078	0.346504	0.562791	0.520369	0.518841	0.56504	0.564937	0.567167	0.288391	0.303914	0.301813	0.289138	0.292671	0.292834
ERR607585-k20-n1-x5e9	0.510685	0.425155	0.491624	0.48898	0.49055	0.489773	0.572612	0.48359	0.556062	0.578314	0.575949	0.561187	0.682036	0.680439	0.691255	0.676534	0.678141	0.678498	0	0.367955	0.3849	0.336007	0.337014	0.332101	0.457239	0.466521	0.455139	0.574205	0.572368	0.570029	0.462962	0.471343	0.462015	0.576786	0.574378	0.569435	0.496215	0.563962	0.581278	0.599694	0.588688	0.586212	0.453384	0.544426	0.559747	0.548689	0.547026	0.547625	0.609882	0.623046	0.621364	0.579416	0.578948	0.580795	0.655091	0.675509	0.621285	0.662911	0.665555	0.664903	0.615664	0.645002	0.659457	0.654255	0.653401	0.644583	0.672393	0.679121	0.676232	0.66541	0.667211	0.669641	0.715029	0.708965	0.699585	0.707759	0.709417	0.707629	0.689601	0.692234	0.690974	0.669566	0.670791	0.667812	0.531183	0.570707	0.572669	0.555285	0.5521	0.55236	0.683769	0.688916	0.686411	0.674971	0.676719	0.677065
ERR607586-k20-n1-x5e9	0.408329	0.414952	0.396803	0.392149	0.393008	0.392504	0.465812	0.407681	0.45332	0.470101	0.46786	0.456183	0.625282	0.607466	0.67495	0.610271	0.610325	0.611107	0.367955	0	0.288868	0.318403	0.313823	0.325474	0.362479	0.365877	0.361741	0.461179	0.45907	0.456885	0.375795	0.378144	0.377429	0.46632	0.463715	0.458566	0.392439	0.449847	0.467665	0.488528	0.476607	0.47454	0.355357	0.425354	0.440326	0.429219	0.427865	0.428604	0.526675	0.535572	0.535955	0.500768	0.499445	0.500765	0.581151	0.58932	0.608348	0.580667	0.581972	0.58162	0.545597	0.561863	0.574266	0.568829	0.568213	0.562044	0.594138	0.597074	0.596204	0.589532	0.589413	0.591507	0.634139	0.629039	0.62082	0.627388	0.629179	0.627393	0.618048	0.617746	0.617645	0.605439	0.607169	0.604449	0.51146	0.494069	0.495065	0.50489	0.502302	0.504204	0.609587	0.610736	0.609991	0.603179	0.602576	0.60246
ERR607587-k20-n1-x5e9	0.39784	0.421948	0.389251	0.383262	0.384003	0.384057	0.45185	0.402601	0.44124	0.455568	0.453376	0.44333	0.622514	0.601219	0.676164	0.605356	0.605018	0.60602	0.3849	0.288868	0	0.328692	0.3238	0.337201	0.354538	0.355957	0.35445	0.445998	0.443708	0.441244	0.370182	0.370394	0.371964	0.452177	0.449278	0.444248	0.382486	0.434092	0.451226	0.472903	0.460705	0.459018	0.347193	0.408276	0.422485	0.411896	0.410547	0.411401	0.518459	0.526079	0.527187	0.492498	0.491176	0.492422	0.575062	0.579641	0.609997	0.572096	0.573107	0.572828	0.540019	0.552706	0.564455	0.55872	0.558475	0.553099	0.586072	0.587913	0.587733	0.582158	0.58128	0.58345	0.625016	0.620302	0.612724	0.618467	0.620356	0.618551	0.611252	0.610085	0.610666	0.599897	0.601954	0.59915	0.513293	0.485085	0.485771	0.500875	0.498932	0.500961	0.602143	0.602175	0.602104	0.596183	0.594875	0.594744
ERR607588-k20-n1-x5e9	0.464614	0.402279	0.448144	0.441426	0.442887	0.442877	0.524463	0.435094	0.510845	0.529517	0.527066	0.514023	0.666671	0.655751	0.683797	0.654152	0.655078	0.655761	0.336007	0.318403	0.328692	0	0.300362	0.301922	0.404943	0.412791	0.400475	0.52872	0.526635	0.524315	0.412512	0.41917	0.409719	0.531715	0.528906	0.523723	0.453776	0.516689	0.534456	0.555665	0.543572	0.541545	0.41066	0.493069	0.50774	0.496633	0.49494	0.495874	0.5762	0.586941	0.587036	0.540272	0.539662	0.541475	0.631328	0.644336	0.610628	0.633095	0.635067	0.634615	0.587558	0.610566	0.624686	0.618568	0.617896	0.610645	0.643788	0.648287	0.647547	0.636293	0.636705	0.639118	0.685546	0.680038	0.671468	0.678527	0.680458	0.678542	0.664622	0.665435	0.665426	0.643624	0.645932	0.64249	0.512965	0.523099	0.525012	0.514246	0.511909	0.512688	0.656959	0.659908	0.659502	0.647703	0.647622	0.64787
ERR607589-k20-n1-x5e9	0.457854	0.402322	0.441638	0.435242	0.436653	0.436528	0.518054	0.431494	0.504052	0.522685	0.520456	0.507156	0.66158	0.650054	0.683047	0.648848	0.649676	0.650249	0.337014	0.313823	0.3238	0.300362	0	0.302261	0.40014	0.407454	0.39639	0.521186	0.518935	0.516482	0.408753	0.414854	0.406163	0.524441	0.521812	0.516556	0.446558	0.509137	0.52696	0.548104	0.536301	0.533939	0.404253	0.485755	0.500707	0.489582	0.487932	0.488729	0.570722	0.581187	0.581301	0.536358	0.535483	0.536973	0.62525	0.638107	0.610661	0.626881	0.629001	0.628522	0.582845	0.605137	0.619211	0.613196	0.612483	0.605224	0.638204	0.642625	0.641774	0.631176	0.631494	0.63387	0.680111	0.674531	0.665824	0.672933	0.674894	0.673058	0.659104	0.659855	0.659802	0.6391	0.641174	0.637903	0.513064	0.521369	0.523088	0.514469	0.511835	0.512552	0.651743	0.654488	0.653979	0.642698	0.642691	0.642898
ERR607590-k20-n1-x5e9	0.471994	0.402325	0.455006	0.448823	0.450035	0.450013	0.532202	0.441259	0.517919	0.537349	0.535024	0.521625	0.670869	0.661003	0.687135	0.659086	0.660122	0.660714	0.332101	0.325474	0.337201	0.301922	0.302261	0	0.41393	0.421796	0.409129	0.537346	0.53503	0.532721	0.420816	0.427856	0.418054	0.54004	0.537207	0.532129	0.462011	0.525271	0.543124	0.563963	0.551989	0.549756	0.418723	0.502705	0.517688	0.50652	0.50486	0.505523	0.582798	0.593651	0.593559	0.547726	0.547204	0.549017	0.636341	0.650491	0.61385	0.638796	0.640974	0.640439	0.593795	0.617432	0.63153	0.625663	0.62475	0.617537	0.649906	0.654677	0.653716	0.642376	0.642888	0.645272	0.69142	0.685851	0.677103	0.684387	0.686264	0.684402	0.669732	0.67091	0.670733	0.649058	0.65091	0.647702	0.516969	0.531529	0.533272	0.521113	0.51862	0.519088	0.662912	0.666141	0.665515	0.65369	0.65362	0.653932
ERR608811-k20-n1-x5e9	0.349134	0.399467	0.3398	0.3346	0.334979	0.335108	0.399683	0.349413	0.386679	0.404504	0.402097	0.390203	0.554569	0.543041	0.605783	0.538703	0.539688	0.540227	0.457239	0.362479	0.354538	0.404943	0.40014	0.41393	0	0.264681	0.265983	0.370128	0.367332	0.364994	0.314493	0.314033	0.317052	0.400747	0.397801	0.392316	0.338529	0.391068	0.409136	0.432116	0.41913	0.417244	0.382873	0.416635	0.428632	0.419404	0.419209	0.419361	0.471726	0.479942	0.481155	0.445305	0.443929	0.44508	0.520625	0.537042	0.545525	0.520819	0.52373	0.522959	0.486731	0.502837	0.516169	0.510099	0.50952	0.503474	0.529855	0.535978	0.536738	0.518913	0.51878	0.521403	0.581863	0.5742	0.562766	0.571733	0.574544	0.571701	0.557423	0.558225	0.559505	0.534482	0.536729	0.533342	0.489895	0.456857	0.456936	0.47889	0.476772	0.479143	0.54259	0.547128	0.548774	0.530117	0.529725	0.530092
ERR608812-k20-n1-x5e9	0.343755	0.409689	0.33744	0.332563	0.332603	0.332975	0.390273	0.353094	0.378764	0.393973	0.392237	0.381778	0.550633	0.536096	0.610621	0.533312	0.534004	0.534597	0.466521	0.365877	0.355957	0.412791	0.407454	0.421796	0.264681	0	0.267404	0.355366	0.352551	0.350204	0.316264	0.31359	0.319413	0.388094	0.384935	0.379964	0.331335	0.37779	0.395344	0.418176	0.405253	0.403561	0.37908	0.405108	0.416492	0.407876	0.407858	0.407868	0.464728	0.471675	0.473412	0.440996	0.439376	0.440519	0.513276	0.526894	0.551618	0.511793	0.514416	0.513788	0.48303	0.495287	0.507638	0.501736	0.50128	0.496046	0.521503	0.526578	0.527856	0.511566	0.510946	0.513047	0.573071	0.565846	0.554984	0.563252	0.566154	0.563304	0.55027	0.550246	0.551862	0.529956	0.532227	0.528982	0.495935	0.454799	0.454499	0.482099	0.480244	0.483102	0.535021	0.538557	0.540425	0.523758	0.52256	0.522742
ERR608813-k20-n1-x5e9	0.356194	0.395319	0.346088	0.33958	0.340096	0.340529	0.408678	0.349411	0.395924	0.4133	0.4112	0.399318	0.56477	0.553058	0.607447	0.548194	0.549341	0.549962	0.455139	0.361741	0.35445	0.400475	0.39639	0.409129	0.265983	0.267404	0	0.381687	0.379214	0.37687	0.315808	0.316061	0.316587	0.411539	0.408671	0.403111	0.34789	0.401454	0.419721	0.443205	0.430079	0.428042	0.38803	0.423617	0.435731	0.426299	0.426038	0.426372	0.479454	0.488013	0.489469	0.449255	0.448177	0.449565	0.531046	0.54688	0.545113	0.530608	0.533511	0.532791	0.494053	0.510495	0.524528	0.517997	0.517329	0.51147	0.539169	0.54521	0.546372	0.527699	0.527329	0.529881	0.591176	0.583692	0.572528	0.581113	0.584113	0.581205	0.566711	0.567366	0.568921	0.542016	0.544516	0.540906	0.487994	0.45556	0.455994	0.474904	0.473243	0.475527	0.55198	0.556311	0.558333	0.538954	0.538198	0.538562
ERR608814-k20-n1-x5e9	0.359822	0.532682	0.380973	0.386121	0.384474	0.383969	0.341653	0.448181	0.348183	0.339772	0.340083	0.345163	0.505296	0.468422	0.66954	0.482985	0.479865	0.481248	0.574205	0.461179	0.445998	0.52872	0.521186	0.537346	0.370128	0.355366	0.381687	0	0.245496	0.245883	0.411962	0.398819	0.423929	0.301573	0.301733	0.302032	0.336363	0.297044	0.297857	0.300154	0.297043	0.297162	0.409621	0.358652	0.358873	0.358237	0.360378	0.358956	0.42827	0.423076	0.423675	0.461528	0.45949	0.457336	0.443717	0.432394	0.629991	0.431235	0.43028	0.430452	0.476412	0.45094	0.447071	0.447314	0.448275	0.451341	0.451095	0.44711	0.448476	0.456774	0.453813	0.454552	0.479059	0.475631	0.470964	0.473814	0.475417	0.473685	0.486728	0.481376	0.48324	0.507079	0.506277	0.506562	0.591816	0.517868	0.515368	0.574464	0.574614	0.577444	0.470537	0.4649	0.465915	0.476035	0.472888	0.471702
ERR608815-k20-n1-x5e9	0.358838	0.530731	0.379544	0.384441	0.38274	0.382286	0.340866	0.445806	0.347336	0.338858	0.339147	0.34425	0.505234	0.468426	0.668235	0.483014	0.479923	0.481298	0.572368	0.45907	0.443708	0.526635	0.518935	0.53503	0.367332	0.352551	0.379214	0.245496	0	0.245198	0.409607	0.396629	0.421516	0.301481	0.301533	0.301839	0.334736	0.29637	0.297346	0.300154	0.296948	0.297232	0.408696	0.358357	0.358681	0.357934	0.359762	0.358594	0.427665	0.42231	0.423362	0.459942	0.457797	0.455856	0.443849	0.432695	0.628297	0.431143	0.430558	0.430593	0.475645	0.450843	0.447126	0.447122	0.448308	0.45115	0.450952	0.447082	0.448752	0.456369	0.453424	0.454235	0.479887	0.476425	0.471657	0.474576	0.476124	0.474455	0.486576	0.481248	0.483191	0.506428	0.505855	0.505921	0.58972	0.515465	0.512991	0.572094	0.572131	0.574952	0.470369	0.464859	0.465922	0.475908	0.47252	0.471436
ERR608816-k20-n1-x5e9	0.357258	0.528812	0.377844	0.382732	0.381353	0.380637	0.341514	0.444323	0.347242	0.339758	0.340059	0.344541	0.505635	0.469305	0.667368	0.483553	0.480497	0.481838	0.570029	0.456885	0.441244	0.524315	0.516482	0.532721	0.364994	0.350204	0.37687	0.245883	0.245198	0	0.40747	0.394608	0.419317	0.301719	0.301636	0.301988	0.333007	0.296546	0.297944	0.301385	0.297959	0.298106	0.406148	0.357034	0.357797	0.35688	0.358731	0.357316	0.427393	0.422521	0.423352	0.459063	0.456977	0.454895	0.444592	0.434114	0.627049	0.432365	0.431526	0.431823	0.474835	0.450835	0.447587	0.447458	0.448272	0.451036	0.451953	0.448241	0.449771	0.457034	0.45426	0.455028	0.481092	0.477554	0.472616	0.475613	0.477296	0.475552	0.487595	0.482302	0.48425	0.506345	0.505924	0.505916	0.587632	0.51397	0.511549	0.570224	0.570428	0.573289	0.471177	0.465903	0.466851	0.476242	0.473142	0.472131
ERR607463-k20-n1-x5e9	0.367042	0.412503	0.356939	0.352699	0.353	0.352944	0.402885	0.339097	0.388235	0.408354	0.405874	0.393233	0.530725	0.525353	0.578322	0.516183	0.518087	0.518293	0.462962	0.375795	0.370182	0.412512	0.408753	0.420816	0.314493	0.316264	0.315808	0.411962	0.409607	0.40747	0	0.26232	0.263034	0.371068	0.367765	0.362148	0.342003	0.397837	0.416383	0.439838	0.426525	0.424502	0.404793	0.43728	0.449132	0.44032	0.439912	0.440243	0.457365	0.466959	0.468082	0.427563	0.426647	0.427938	0.504516	0.528844	0.517429	0.507595	0.511736	0.510638	0.467471	0.48669	0.501592	0.495628	0.494498	0.487922	0.510573	0.519703	0.520329	0.495918	0.496531	0.49912	0.5831	0.574296	0.561051	0.571657	0.574913	0.57151	0.540013	0.542294	0.543765	0.510958	0.513288	0.509651	0.482246	0.452485	0.452705	0.472294	0.469441	0.471603	0.52135	0.528685	0.530695	0.505998	0.50592	0.506737
ERR607464-k20-n1-x5e9	0.361339	0.421289	0.353914	0.349509	0.34988	0.349635	0.392386	0.341548	0.379291	0.397059	0.394872	0.383606	0.526549	0.517816	0.583884	0.510164	0.511675	0.512359	0.471343	0.378144	0.370394	0.41917	0.414854	0.427856	0.314033	0.31359	0.316061	0.398819	0.396629	0.394608	0.26232	0	0.265705	0.356863	0.353603	0.348112	0.33584	0.385058	0.403173	0.426518	0.413562	0.411557	0.401502	0.42755	0.438471	0.429996	0.429787	0.430094	0.450174	0.458637	0.459984	0.423972	0.422268	0.423728	0.497214	0.518887	0.52422	0.498741	0.50231	0.501374	0.463509	0.478927	0.49295	0.48686	0.485842	0.48033	0.502236	0.510377	0.511435	0.488128	0.488358	0.49095	0.574208	0.565856	0.552849	0.562906	0.566119	0.562835	0.532847	0.534498	0.536415	0.506227	0.508603	0.50509	0.488813	0.450734	0.450863	0.475612	0.473157	0.475326	0.513572	0.520026	0.522466	0.499116	0.498419	0.499001
ERR607465-k20-n1-x5e9	0.375484	0.408767	0.364248	0.358481	0.358855	0.359137	0.413034	0.339275	0.398743	0.418153	0.41588	0.403167	0.543278	0.537386	0.578088	0.527799	0.529847	0.530162	0.462015	0.377429	0.371964	0.409719	0.406163	0.418054	0.317052	0.319413	0.316587	0.423929	0.421516	0.419317	0.263034	0.265705	0	0.384959	0.381874	0.375821	0.353557	0.409742	0.428188	0.452343	0.439262	0.437065	0.411599	0.444848	0.456515	0.447524	0.447399	0.447675	0.46704	0.476457	0.478239	0.432022	0.430778	0.432662	0.517477	0.540898	0.515303	0.51986	0.523838	0.522712	0.475412	0.49567	0.511346	0.504535	0.503447	0.496981	0.522191	0.530948	0.532209	0.506882	0.507042	0.509668	0.594055	0.585586	0.572479	0.582762	0.586091	0.582668	0.551387	0.553583	0.555376	0.519471	0.522222	0.518443	0.479595	0.450714	0.451212	0.467371	0.464893	0.466456	0.532694	0.539854	0.542472	0.516513	0.516033	0.516823
ERR607466-k20-n1-x5e9	0.367876	0.539104	0.387313	0.393509	0.391942	0.391063	0.335019	0.438503	0.339248	0.334213	0.334385	0.33805	0.473986	0.441552	0.650322	0.452172	0.449669	0.45083	0.576786	0.46632	0.452177	0.531715	0.524441	0.54004	0.400747	0.388094	0.411539	0.301573	0.301481	0.301719	0.371068	0.356863	0.384959	0	0.240707	0.241848	0.332868	0.299317	0.301432	0.30578	0.301848	0.301553	0.423044	0.379467	0.381019	0.38001	0.381562	0.380499	0.408787	0.404033	0.40449	0.444728	0.442624	0.440555	0.418197	0.416514	0.611749	0.408547	0.409197	0.408845	0.455127	0.429725	0.426136	0.427025	0.427442	0.430699	0.422034	0.421296	0.422712	0.42469	0.422284	0.423357	0.475757	0.470337	0.463076	0.468202	0.470435	0.467985	0.461374	0.457545	0.459827	0.479563	0.478664	0.478999	0.586675	0.512871	0.510656	0.569786	0.569347	0.571739	0.439746	0.436715	0.438271	0.443748	0.440844	0.440078
ERR607467-k20-n1-x5e9	0.366595	0.536934	0.38585	0.391726	0.390344	0.389397	0.334454	0.435769	0.338591	0.33365	0.333822	0.337598	0.474945	0.442848	0.648858	0.453082	0.450677	0.451752	0.574378	0.463715	0.449278	0.528906	0.521812	0.537207	0.397801	0.384935	0.408671	0.301733	0.301533	0.301636	0.367765	0.353603	0.381874	0.240707	0	0.241724	0.331474	0.29904	0.301537	0.306907	0.302475	0.302184	0.421483	0.378703	0.380447	0.379122	0.380691	0.379708	0.409194	0.404391	0.405267	0.443663	0.441592	0.43965	0.419541	0.417983	0.609865	0.409964	0.410641	0.410448	0.454942	0.429986	0.426925	0.427611	0.427939	0.431146	0.423283	0.422615	0.42414	0.425425	0.422929	0.423977	0.477711	0.472351	0.464886	0.470129	0.472207	0.469844	0.462686	0.458927	0.461346	0.479923	0.478874	0.479237	0.584711	0.510571	0.508413	0.567418	0.566961	0.569479	0.440874	0.43818	0.439931	0.444554	0.44154	0.440788
ERR607468-k20-n1-x5e9	0.363805	0.531929	0.382519	0.387813	0.38633	0.385825	0.334568	0.431436	0.337632	0.33405	0.334133	0.337104	0.47567	0.444372	0.646194	0.453967	0.451703	0.452833	0.569435	0.458566	0.444248	0.523723	0.516556	0.532129	0.392316	0.379964	0.403111	0.302032	0.301839	0.301988	0.362148	0.348112	0.375821	0.241848	0.241724	0	0.327685	0.29879	0.302589	0.308911	0.303983	0.303709	0.417524	0.377375	0.379775	0.378095	0.379493	0.378631	0.408523	0.404335	0.405247	0.440975	0.438877	0.437104	0.420931	0.420554	0.606415	0.411813	0.412658	0.412297	0.453284	0.429961	0.427658	0.427913	0.428281	0.430866	0.425009	0.4247	0.426277	0.426551	0.424192	0.425211	0.480714	0.475345	0.467531	0.472965	0.475212	0.472726	0.463956	0.46041	0.462753	0.479119	0.478487	0.478721	0.5802	0.507023	0.504832	0.563029	0.562674	0.565162	0.442552	0.440055	0.441797	0.445434	0.442443	0.441644
ERR608457-k20-n1-x5e9	0.337357	0.467	0.341495	0.347455	0.346644	0.345422	0.358963	0.384002	0.347339	0.362738	0.361235	0.351734	0.501757	0.490286	0.621219	0.48938	0.489799	0.490519	0.496215	0.392439	0.382486	0.453776	0.446558	0.462011	0.338529	0.331335	0.34789	0.336363	0.334736	0.333007	0.342003	0.33584	0.353557	0.332868	0.331474	0.327685	0	0.287809	0.305029	0.323311	0.311111	0.308455	0.372141	0.38313	0.393842	0.385851	0.386664	0.385542	0.433357	0.43971	0.438248	0.441805	0.440886	0.440127	0.461382	0.480971	0.573671	0.465342	0.468416	0.467579	0.463397	0.468341	0.476507	0.473952	0.473511	0.468789	0.473944	0.480567	0.478948	0.469064	0.469682	0.471924	0.540036	0.532294	0.521266	0.530399	0.532789	0.530112	0.506226	0.507274	0.507408	0.50111	0.501213	0.499783	0.537754	0.494019	0.493145	0.532244	0.529701	0.532614	0.489001	0.49342	0.492831	0.48366	0.484289	0.484407
ERR608458-k20-n1-x5e9	0.363236	0.532805	0.382709	0.387186	0.38624	0.385273	0.34109	0.437087	0.345662	0.339564	0.339889	0.344239	0.508145	0.476126	0.664114	0.487082	0.484771	0.485987	0.563962	0.449847	0.434092	0.516689	0.509137	0.525271	0.391068	0.37779	0.401454	0.297044	0.29637	0.296546	0.397837	0.385058	0.409742	0.299317	0.29904	0.29879	0.287809	0	0.246018	0.254901	0.249316	0.248646	0.406005	0.36178	0.362953	0.361563	0.363585	0.362096	0.428622	0.424714	0.425816	0.45699	0.455024	0.453062	0.450422	0.445845	0.622387	0.440408	0.440699	0.440554	0.477694	0.455636	0.454077	0.453374	0.454088	0.456642	0.452669	0.450769	0.452558	0.455668	0.452601	0.453844	0.504881	0.500467	0.494441	0.498483	0.500417	0.498314	0.491315	0.486972	0.489213	0.505723	0.505367	0.505258	0.587791	0.514801	0.512554	0.569768	0.569309	0.572183	0.471027	0.46742	0.469075	0.474379	0.470811	0.470274
ERR608459-k20-n1-x5e9	0.377521	0.551158	0.399102	0.403738	0.402161	0.401509	0.347204	0.455319	0.355253	0.344216	0.344834	0.352609	0.512511	0.476546	0.675551	0.490035	0.487219	0.488588	0.581278	0.467665	0.451226	0.534456	0.52696	0.543124	0.409136	0.395344	0.419721	0.297857	0.297346	0.297944	0.416383	0.403173	0.428188	0.301432	0.301537	0.302589	0.305029	0.246018	0	0.24665	0.244002	0.245116	0.42058	0.365386	0.364225	0.365153	0.367102	0.365653	0.433508	0.426784	0.428777	0.466105	0.464279	0.461903	0.451872	0.441264	0.635627	0.438861	0.438244	0.438311	0.485934	0.458539	0.454173	0.454105	0.455106	0.459367	0.451669	0.447643	0.450259	0.457134	0.453105	0.453982	0.499917	0.496843	0.492015	0.494625	0.496263	0.494507	0.490978	0.485459	0.488125	0.510989	0.510326	0.510742	0.602374	0.525735	0.523283	0.5831	0.58312	0.585727	0.47058	0.464891	0.467143	0.476388	0.472113	0.471315
ERR608460-k20-n1-x5e9	0.392082	0.571446	0.415878	0.421727	0.419994	0.419403	0.355518	0.477419	0.365474	0.351561	0.352872	0.361738	0.510877	0.47242	0.687265	0.488661	0.485353	0.486813	0.599694	0.488528	0.472903	0.555665	0.548104	0.563963	0.432116	0.418176	0.443205	0.300154	0.300154	0.301385	0.439838	0.426518	0.452343	0.30578	0.306907	0.308911	0.323311	0.254901	0.24665	0	0.240918	0.242242	0.435083	0.372176	0.369216	0.371041	0.373283	0.371651	0.438156	0.430076	0.43103	0.479235	0.47719	0.474654	0.447295	0.43256	0.650866	0.43316	0.431899	0.431995	0.493004	0.46149	0.45422	0.455744	0.45708	0.462162	0.448524	0.442964	0.444842	0.457171	0.453567	0.454288	0.489205	0.486901	0.483847	0.485244	0.48653	0.484943	0.487866	0.481775	0.483813	0.515732	0.514391	0.515545	0.619485	0.542678	0.540168	0.601291	0.60114	0.603775	0.468198	0.460803	0.462143	0.477565	0.47365	0.472486
ERR608461-k20-n1-x5e9	0.3823	0.55969	0.404918	0.410549	0.408874	0.40823	0.349228	0.464521	0.357679	0.345893	0.346947	0.354327	0.509509	0.473321	0.680356	0.487785	0.484679	0.486146	0.588688	0.476607	0.460705	0.543572	0.536301	0.551989	0.41913	0.405253	0.430079	0.297043	0.296948	0.297959	0.426525	0.413562	0.439262	0.301848	0.302475	0.303983	0.311111	0.249316	0.244002	0.240918	0	0.241367	0.425386	0.367466	0.365699	0.366619	0.36874	0.367173	0.434456	0.427732	0.428548	0.471997	0.470077	0.46757	0.447617	0.436197	0.642217	0.43483	0.434061	0.434003	0.487697	0.459073	0.453459	0.454287	0.455442	0.459619	0.449432	0.44502	0.446898	0.45635	0.453036	0.453669	0.493445	0.490539	0.486619	0.488701	0.490292	0.488595	0.488403	0.482821	0.48493	0.512225	0.511018	0.511874	0.609981	0.534413	0.532	0.591994	0.591732	0.594473	0.468758	0.462504	0.464029	0.476072	0.47244	0.471605
ERR608462-k20-n1-x5e9	0.379795	0.55684	0.402191	0.408154	0.40666	0.405866	0.348677	0.461941	0.356177	0.345709	0.346616	0.353461	0.506689	0.471339	0.677748	0.485492	0.482473	0.48392	0.586212	0.47454	0.459018	0.541545	0.533939	0.549756	0.417244	0.403561	0.428042	0.297162	0.297232	0.298106	0.424502	0.411557	0.437065	0.301553	0.302184	0.303709	0.308455	0.248646	0.245116	0.242242	0.241367	0	0.423945	0.368381	0.367584	0.367627	0.369776	0.368081	0.433301	0.42686	0.427633	0.471072	0.469179	0.466845	0.445411	0.435934	0.639648	0.433809	0.433235	0.433242	0.485996	0.458382	0.453166	0.454127	0.455174	0.45898	0.448368	0.444455	0.445937	0.454938	0.451941	0.452563	0.493195	0.489853	0.4856	0.488355	0.489823	0.488091	0.486887	0.481619	0.483593	0.510133	0.508906	0.509645	0.60811	0.533864	0.53141	0.590579	0.590399	0.593033	0.467518	0.461913	0.46306	0.474648	0.471156	0.470301
ERR607391-k20-n1-x5e9	0.386588	0.473258	0.387319	0.387642	0.387221	0.386562	0.432572	0.436706	0.425342	0.434619	0.433347	0.425253	0.605315	0.575862	0.696042	0.588621	0.586921	0.587995	0.453384	0.355357	0.347193	0.41066	0.404253	0.418723	0.382873	0.37908	0.38803	0.409621	0.408696	0.406148	0.404793	0.401502	0.411599	0.423044	0.421483	0.417524	0.372141	0.406005	0.42058	0.435083	0.425386	0.423945	0	0.323406	0.337617	0.327573	0.326657	0.326765	0.497447	0.503139	0.502066	0.492356	0.491091	0.49106	0.543885	0.5386	0.63773	0.53894	0.538378	0.538537	0.523159	0.528392	0.535665	0.531722	0.531991	0.527318	0.561147	0.559456	0.557249	0.565051	0.564652	0.565931	0.582035	0.578765	0.574589	0.578124	0.57899	0.578205	0.587218	0.584164	0.583543	0.592443	0.593024	0.591712	0.540151	0.498142	0.497704	0.530002	0.526695	0.529602	0.579198	0.576027	0.573506	0.580288	0.579901	0.578817
