	ERR608075-k20-n1-x5e9	ERR608076-k20-n1-x5e9	ERR608077-k20-n1-x5e9	ERR608078-k20-n1-x5e9	ERR608079-k20-n1-x5e9	ERR608080-k20-n1-x5e9	ERR605473-k20-n1-x5e9	ERR605474-k20-n1-x5e9	ERR605475-k20-n1-x5e9	ERR605476-k20-n1-x5e9	ERR605477-k20-n1-x5e9	ERR605478-k20-n1-x5e9	ERR608829-k20-n1-x5e9	ERR608830-k20-n1-x5e9	ERR608831-k20-n1-x5e9	ERR608832-k20-n1-x5e9	ERR608833-k20-n1-x5e9	ERR608834-k20-n1-x5e9	ERR605910-k20-n1-x5e9	ERR605911-k20-n1-x5e9	ERR605912-k20-n1-x5e9	ERR605913-k20-n1-x5e9	ERR605914-k20-n1-x5e9	ERR605915-k20-n1-x5e9	ERR605958-k20-n1-x5e9	ERR605959-k20-n1-x5e9	ERR605960-k20-n1-x5e9	ERR605961-k20-n1-x5e9	ERR605962-k20-n1-x5e9	ERR605963-k20-n1-x5e9	ERR609327-k20-n1-x5e9	ERR609328-k20-n1-x5e9	ERR609329-k20-n1-x5e9	ERR609330-k20-n1-x5e9	ERR609331-k20-n1-x5e9	ERR609332-k20-n1-x5e9	ERR607699-k20-n1-x5e9	ERR607700-k20-n1-x5e9	ERR607701-k20-n1-x5e9	ERR607702-k20-n1-x5e9	ERR607703-k20-n1-x5e9	ERR607704-k20-n1-x5e9	ERR605922-k20-n1-x5e9	ERR605923-k20-n1-x5e9	ERR605924-k20-n1-x5e9	ERR605925-k20-n1-x5e9	ERR605926-k20-n1-x5e9	ERR605927-k20-n1-x5e9	ERR608365-k20-n1-x5e9	ERR608366-k20-n1-x5e9	ERR608367-k20-n1-x5e9	ERR608368-k20-n1-x5e9	ERR608369-k20-n1-x5e9	ERR608370-k20-n1-x5e9	ERR605934-k20-n1-x5e9	ERR605935-k20-n1-x5e9	ERR605936-k20-n1-x5e9	ERR605937-k20-n1-x5e9	ERR605938-k20-n1-x5e9	ERR605939-k20-n1-x5e9	ERR605928-k20-n1-x5e9	ERR605929-k20-n1-x5e9	ERR605930-k20-n1-x5e9	ERR605931-k20-n1-x5e9	ERR605932-k20-n1-x5e9	ERR605933-k20-n1-x5e9	ERR608775-k20-n1-x5e9	ERR608776-k20-n1-x5e9	ERR608777-k20-n1-x5e9	ERR608778-k20-n1-x5e9	ERR608779-k20-n1-x5e9	ERR608780-k20-n1-x5e9	ERR608081-k20-n1-x5e9	ERR608082-k20-n1-x5e9	ERR608083-k20-n1-x5e9	ERR608084-k20-n1-x5e9	ERR608085-k20-n1-x5e9	ERR608086-k20-n1-x5e9	ERR605653-k20-n1-x5e9	ERR605654-k20-n1-x5e9	ERR605655-k20-n1-x5e9	ERR605656-k20-n1-x5e9	ERR605657-k20-n1-x5e9	ERR605658-k20-n1-x5e9	ERR605695-k20-n1-x5e9	ERR605696-k20-n1-x5e9	ERR605697-k20-n1-x5e9	ERR605698-k20-n1-x5e9	ERR605699-k20-n1-x5e9	ERR605700-k20-n1-x5e9	ERR608185-k20-n1-x5e9	ERR608186-k20-n1-x5e9	ERR608187-k20-n1-x5e9	ERR608188-k20-n1-x5e9	ERR608189-k20-n1-x5e9	ERR608190-k20-n1-x5e9
ERR608075-k20-n1-x5e9	0	0.280118	0.303117	0.335829	0.337023	0.333522	0.402191	0.40218	0.405147	0.400838	0.402221	0.401113	0.470331	0.458746	0.47739	0.348393	0.350047	0.351376	0.426587	0.441508	0.400082	0.396648	0.400052	0.404278	0.416794	0.350102	0.351189	0.367813	0.368682	0.36909	0.406362	0.408174	0.531199	0.398659	0.398591	0.407764	0.525911	0.521494	0.524614	0.523477	0.522856	0.523974	0.402842	0.370632	0.372311	0.354407	0.354843	0.354187	0.532495	0.510452	0.506637	0.50686	0.507175	0.510042	0.498462	0.459081	0.459113	0.475744	0.475027	0.476339	0.579222	0.497731	0.496816	0.549501	0.54902	0.551156	0.490387	0.493964	0.495247	0.476816	0.478517	0.476852	0.527368	0.516909	0.520795	0.534635	0.530901	0.531344	0.460699	0.465234	0.469255	0.471909	0.478907	0.477255	0.50288	0.501968	0.505937	0.500845	0.527949	0.523391	0.520037	0.515139	0.517369	0.527196	0.526002	0.523507
ERR608076-k20-n1-x5e9	0.280118	0	0.251187	0.275243	0.276217	0.273301	0.413677	0.419776	0.430227	0.419476	0.419069	0.419519	0.536642	0.524793	0.543423	0.397765	0.400191	0.402244	0.479468	0.497521	0.396835	0.398761	0.401843	0.404958	0.47526	0.367687	0.366368	0.417707	0.418854	0.419574	0.46559	0.467538	0.595667	0.445665	0.446147	0.459454	0.525693	0.513784	0.522087	0.519326	0.518809	0.520246	0.449459	0.360861	0.360333	0.381573	0.382553	0.383442	0.560403	0.522285	0.51215	0.510864	0.510151	0.523226	0.540925	0.464914	0.463116	0.507843	0.508679	0.510416	0.628416	0.534352	0.532049	0.594881	0.595108	0.597118	0.469273	0.468422	0.47083	0.474066	0.474665	0.474769	0.536616	0.520091	0.526196	0.549044	0.543241	0.543	0.484915	0.496831	0.502171	0.506702	0.515334	0.513961	0.505659	0.510611	0.516616	0.517211	0.556863	0.55026	0.517618	0.50568	0.50983	0.531135	0.527218	0.524163
ERR608077-k20-n1-x5e9	0.303117	0.251187	0	0.26044	0.261075	0.25886	0.423747	0.431677	0.444389	0.431896	0.431006	0.43199	0.563729	0.551918	0.570387	0.422351	0.424657	0.426924	0.502434	0.521094	0.401623	0.405566	0.408298	0.410678	0.499716	0.382782	0.380505	0.441469	0.44261	0.443619	0.490586	0.492694	0.620867	0.466603	0.467602	0.48188	0.530266	0.515555	0.525828	0.52238	0.521891	0.523549	0.470479	0.365713	0.364135	0.399345	0.400464	0.401701	0.575124	0.532279	0.519793	0.518033	0.517126	0.53354	0.560806	0.474801	0.472321	0.52576	0.526818	0.528725	0.649102	0.5528	0.550233	0.615076	0.615603	0.617474	0.466713	0.463643	0.466567	0.479445	0.4797	0.480314	0.545106	0.52685	0.533317	0.559502	0.55307	0.552563	0.499711	0.513703	0.519245	0.524538	0.533129	0.531814	0.511539	0.518591	0.525062	0.52823	0.571197	0.564293	0.52165	0.507206	0.511796	0.537593	0.532702	0.529596
ERR608078-k20-n1-x5e9	0.335829	0.275243	0.26044	0	0.241317	0.241646	0.4276	0.437774	0.453641	0.439692	0.437083	0.439682	0.598025	0.587156	0.605798	0.451317	0.454091	0.456436	0.526152	0.544965	0.395012	0.39932	0.40046	0.400655	0.521172	0.401604	0.398971	0.470403	0.471209	0.47311	0.518271	0.520157	0.6487	0.479758	0.481425	0.497179	0.525278	0.509331	0.519689	0.517165	0.516507	0.518735	0.483616	0.366783	0.364727	0.417812	0.417861	0.420218	0.583049	0.536765	0.521493	0.52049	0.518504	0.537985	0.584386	0.49576	0.492895	0.554042	0.554573	0.556981	0.673898	0.583267	0.58073	0.64576	0.64593	0.648218	0.45395	0.450466	0.451909	0.478239	0.477618	0.479206	0.544435	0.526034	0.530248	0.562554	0.557225	0.556285	0.516598	0.532591	0.538598	0.546624	0.548065	0.548142	0.507668	0.516891	0.524522	0.534178	0.576944	0.569503	0.515907	0.500763	0.503168	0.535136	0.53104	0.527985
ERR608079-k20-n1-x5e9	0.337023	0.276217	0.261075	0.241317	0	0.241389	0.427939	0.438201	0.454305	0.440134	0.437465	0.440073	0.599233	0.588305	0.60695	0.452433	0.455093	0.457539	0.526986	0.54589	0.395025	0.399272	0.40036	0.400428	0.522012	0.402385	0.399573	0.471385	0.472135	0.474061	0.519209	0.521167	0.649745	0.48044	0.482276	0.497962	0.525082	0.508865	0.519498	0.516839	0.516147	0.518335	0.484215	0.367022	0.364873	0.418533	0.418638	0.420838	0.583314	0.536909	0.521561	0.520412	0.518392	0.538157	0.585055	0.496145	0.493317	0.554896	0.55537	0.557907	0.674685	0.584136	0.581532	0.646628	0.64669	0.649128	0.453563	0.449937	0.451336	0.478143	0.477511	0.479217	0.544289	0.525788	0.529972	0.562489	0.557128	0.556215	0.517065	0.533056	0.539076	0.54723	0.548458	0.548622	0.50747	0.516784	0.52437	0.534218	0.577079	0.569692	0.515712	0.50052	0.502867	0.535159	0.530895	0.527871
ERR608080-k20-n1-x5e9	0.333522	0.273301	0.25886	0.241646	0.241389	0	0.426905	0.436987	0.45267	0.438816	0.436232	0.43863	0.59604	0.58506	0.603831	0.449413	0.451973	0.454415	0.524642	0.543511	0.394636	0.399044	0.400237	0.400477	0.51956	0.399938	0.397349	0.468587	0.46945	0.471329	0.516451	0.518454	0.647018	0.478329	0.480079	0.495726	0.524672	0.508636	0.519046	0.516494	0.515795	0.517967	0.482231	0.366002	0.364066	0.416326	0.416572	0.418739	0.581971	0.535804	0.520792	0.51959	0.517618	0.536969	0.582496	0.493883	0.49101	0.552164	0.552744	0.555238	0.672232	0.581273	0.578711	0.643932	0.644097	0.646414	0.453673	0.450137	0.451602	0.477443	0.476798	0.478376	0.543555	0.525151	0.529533	0.561465	0.556208	0.555228	0.515125	0.531084	0.537015	0.544929	0.546718	0.54672	0.506983	0.516179	0.523629	0.532926	0.575769	0.568346	0.515248	0.500123	0.502693	0.534502	0.530198	0.52718
ERR605473-k20-n1-x5e9	0.402191	0.413677	0.423747	0.4276	0.427939	0.426905	0	0.246562	0.255502	0.249499	0.247989	0.249041	0.519607	0.509465	0.528642	0.389253	0.392354	0.393875	0.391792	0.411044	0.317137	0.316149	0.317677	0.320953	0.403314	0.333123	0.333154	0.374699	0.373689	0.376707	0.409006	0.411545	0.544516	0.368787	0.371164	0.383828	0.469151	0.471487	0.469358	0.470215	0.469831	0.470555	0.357725	0.326218	0.328159	0.327822	0.327055	0.328707	0.499506	0.473776	0.468328	0.470695	0.469377	0.474183	0.519113	0.484789	0.484418	0.511764	0.510838	0.512679	0.604172	0.538649	0.537326	0.589458	0.588324	0.591201	0.462873	0.470459	0.470477	0.441791	0.442421	0.441	0.475353	0.471028	0.470565	0.484735	0.483032	0.48358	0.457265	0.46512	0.468316	0.478281	0.47317	0.473777	0.445165	0.444173	0.447108	0.451266	0.477363	0.471828	0.470296	0.473178	0.472858	0.47345	0.474586	0.473228
ERR605474-k20-n1-x5e9	0.40218	0.419776	0.431677	0.437774	0.438201	0.436987	0.246562	0	0.250185	0.247862	0.247134	0.247489	0.507433	0.497527	0.516532	0.382344	0.385364	0.386862	0.378565	0.396647	0.323248	0.320464	0.322186	0.325892	0.389937	0.332196	0.332597	0.365131	0.363888	0.36691	0.397316	0.399501	0.530737	0.359853	0.362101	0.373449	0.471164	0.475347	0.472059	0.47323	0.472767	0.473357	0.347167	0.332525	0.335121	0.324146	0.322807	0.32425	0.493479	0.471802	0.468345	0.470977	0.469868	0.472075	0.511635	0.485489	0.485305	0.506934	0.50566	0.507407	0.594997	0.533491	0.532477	0.581933	0.580454	0.583197	0.469907	0.478305	0.478368	0.444283	0.445198	0.443306	0.474371	0.471738	0.470794	0.481732	0.480669	0.481273	0.454517	0.460297	0.46323	0.472969	0.466913	0.467533	0.446375	0.44333	0.445833	0.448081	0.469964	0.464911	0.472782	0.477265	0.47665	0.473998	0.475631	0.474509
ERR605475-k20-n1-x5e9	0.405147	0.430227	0.444389	0.453641	0.454305	0.45267	0.255502	0.250185	0	0.250591	0.251242	0.250279	0.491156	0.481638	0.500329	0.374951	0.377615	0.379068	0.362817	0.379967	0.334224	0.330804	0.332709	0.337118	0.373891	0.334614	0.335752	0.355621	0.35473	0.357292	0.382741	0.384728	0.512568	0.350424	0.352223	0.36188	0.474816	0.481101	0.476539	0.477772	0.477351	0.477817	0.335911	0.344315	0.347286	0.323991	0.322752	0.323789	0.487725	0.471585	0.470572	0.473276	0.472491	0.471879	0.502675	0.48791	0.48819	0.502585	0.501163	0.502848	0.582572	0.526914	0.526134	0.571995	0.570669	0.573264	0.479834	0.488947	0.489075	0.448755	0.449985	0.447741	0.474402	0.473697	0.472515	0.47964	0.478777	0.479924	0.45287	0.456666	0.458174	0.46755	0.461521	0.461957	0.450598	0.445832	0.44631	0.446456	0.463701	0.459729	0.476968	0.483298	0.482652	0.475908	0.477918	0.477142
ERR605476-k20-n1-x5e9	0.400838	0.419476	0.431896	0.439692	0.440134	0.438816	0.249499	0.247862	0.250591	0	0.246569	0.246415	0.503247	0.493291	0.512219	0.3793	0.38215	0.383545	0.37573	0.394326	0.325328	0.323287	0.325187	0.329267	0.387011	0.330744	0.331462	0.362138	0.361054	0.364111	0.394195	0.396495	0.527471	0.358913	0.361129	0.372137	0.472226	0.476346	0.473069	0.474119	0.473696	0.474182	0.346319	0.333959	0.33663	0.323459	0.322747	0.323779	0.49339	0.472136	0.46912	0.471382	0.470519	0.4723	0.508973	0.483758	0.483624	0.504506	0.503536	0.50523	0.591657	0.529894	0.528634	0.578284	0.577106	0.579781	0.471297	0.479582	0.479753	0.4447	0.445717	0.443867	0.475044	0.472385	0.471724	0.482087	0.480698	0.481499	0.453776	0.459622	0.46161	0.47099	0.466551	0.466928	0.44832	0.445461	0.446936	0.448229	0.470983	0.466019	0.47363	0.478227	0.477795	0.474626	0.475993	0.474939
ERR605477-k20-n1-x5e9	0.402221	0.419069	0.431006	0.437083	0.437465	0.436232	0.247989	0.247134	0.251242	0.246569	0	0.246066	0.507884	0.498103	0.517186	0.382214	0.38519	0.386555	0.380047	0.398778	0.322721	0.320494	0.322219	0.326174	0.391094	0.332089	0.332483	0.366087	0.365155	0.368044	0.398523	0.400538	0.531942	0.360679	0.363007	0.374435	0.470688	0.474394	0.471448	0.472402	0.472038	0.472619	0.348193	0.332119	0.33444	0.324689	0.323761	0.325372	0.494832	0.472338	0.46871	0.471143	0.469881	0.472596	0.51259	0.485414	0.485308	0.507768	0.506715	0.508455	0.595644	0.533677	0.532315	0.582383	0.581087	0.583987	0.468731	0.47704	0.477097	0.443535	0.444357	0.442753	0.47427	0.471298	0.470646	0.481916	0.480668	0.481286	0.455563	0.461786	0.464055	0.473737	0.468507	0.469002	0.447136	0.444627	0.446528	0.449051	0.472031	0.466933	0.471836	0.476181	0.475751	0.473425	0.474939	0.473696
ERR605478-k20-n1-x5e9	0.401113	0.419519	0.43199	0.439682	0.440073	0.43863	0.249041	0.247489	0.250279	0.246415	0.246066	0	0.503608	0.493694	0.512741	0.379469	0.382309	0.383872	0.376117	0.394965	0.324889	0.322944	0.324927	0.329062	0.388025	0.331575	0.33212	0.363019	0.362271	0.365274	0.395078	0.396932	0.527967	0.359235	0.361317	0.372468	0.471391	0.475635	0.472419	0.473332	0.472839	0.47351	0.346259	0.333689	0.336071	0.323424	0.322546	0.32404	0.493201	0.4717	0.46864	0.470841	0.469964	0.471867	0.51014	0.48443	0.484237	0.505454	0.504559	0.506199	0.592703	0.530697	0.529559	0.579214	0.578034	0.58071	0.470861	0.479189	0.479363	0.444077	0.445115	0.443278	0.474175	0.471547	0.471019	0.481235	0.479831	0.480585	0.45426	0.460234	0.462159	0.47158	0.46714	0.46755	0.4479	0.445193	0.446692	0.448248	0.47121	0.466146	0.473055	0.477547	0.477356	0.473929	0.475312	0.474307
ERR608829-k20-n1-x5e9	0.470331	0.536642	0.563729	0.598025	0.599233	0.59604	0.519607	0.507433	0.491156	0.503247	0.507884	0.503608	0	0.280771	0.282684	0.36897	0.364949	0.363639	0.394363	0.385131	0.544733	0.538463	0.541371	0.547238	0.39658	0.482921	0.487516	0.411552	0.414017	0.410551	0.363699	0.36245	0.347388	0.425565	0.422405	0.409943	0.601728	0.613579	0.606275	0.607178	0.607082	0.606512	0.440362	0.539446	0.543169	0.467717	0.469591	0.465604	0.541723	0.564984	0.577229	0.579499	0.581913	0.56356	0.489394	0.552422	0.55548	0.503163	0.502174	0.501336	0.498956	0.500555	0.502751	0.493076	0.492699	0.492897	0.623875	0.633526	0.634512	0.572709	0.576244	0.57157	0.579678	0.586045	0.586972	0.567853	0.56808	0.57053	0.516674	0.501504	0.498825	0.493577	0.502759	0.499494	0.58694	0.574139	0.570467	0.550027	0.53942	0.541868	0.601802	0.611831	0.612885	0.590161	0.592928	0.592704
ERR608830-k20-n1-x5e9	0.458746	0.524793	0.551918	0.587156	0.588305	0.58506	0.509465	0.497527	0.481638	0.493291	0.498103	0.493694	0.280771	0	0.282714	0.355698	0.352009	0.350842	0.387251	0.379964	0.534156	0.528532	0.531414	0.537463	0.390331	0.471757	0.47634	0.401707	0.404656	0.401482	0.355243	0.354254	0.353274	0.416735	0.413488	0.402015	0.593499	0.604855	0.597877	0.598606	0.598516	0.597837	0.432052	0.528259	0.531995	0.456774	0.458808	0.454876	0.536131	0.557091	0.568807	0.570833	0.573293	0.555935	0.484463	0.543312	0.5462	0.496307	0.495646	0.49487	0.498976	0.49483	0.496668	0.490892	0.490853	0.491135	0.6142	0.623746	0.624929	0.563145	0.566827	0.562129	0.571631	0.577401	0.578502	0.560113	0.559901	0.562385	0.509025	0.49466	0.49201	0.486799	0.497395	0.493925	0.578904	0.566419	0.562884	0.542659	0.5344	0.536639	0.592915	0.602614	0.60387	0.581582	0.583958	0.583765
ERR608831-k20-n1-x5e9	0.47739	0.543423	0.570387	0.605798	0.60695	0.603831	0.528642	0.516532	0.500329	0.512219	0.517186	0.512741	0.282684	0.282714	0	0.378164	0.374325	0.373118	0.402098	0.392987	0.554398	0.548488	0.551475	0.557559	0.406099	0.491111	0.495554	0.418711	0.421461	0.41794	0.371902	0.371058	0.350736	0.436894	0.4338	0.421252	0.610908	0.62232	0.615465	0.616101	0.616081	0.615382	0.451242	0.548323	0.552022	0.476531	0.47846	0.47441	0.55148	0.573838	0.585994	0.588137	0.590642	0.572585	0.496221	0.558107	0.561005	0.508272	0.507417	0.506364	0.503131	0.504558	0.506687	0.495481	0.494996	0.495192	0.63242	0.641806	0.643035	0.581625	0.585274	0.580543	0.589172	0.595033	0.596286	0.57702	0.576876	0.57933	0.524109	0.508978	0.506486	0.500457	0.511381	0.507845	0.596167	0.583476	0.580012	0.559043	0.549352	0.551598	0.610828	0.620451	0.621837	0.599274	0.601616	0.601519
ERR608832-k20-n1-x5e9	0.348393	0.397765	0.422351	0.451317	0.452433	0.449413	0.389253	0.382344	0.374951	0.3793	0.382214	0.379469	0.36897	0.355698	0.378164	0	0.255053	0.254959	0.35933	0.371056	0.401262	0.398392	0.400919	0.406694	0.358679	0.354824	0.358092	0.336719	0.339377	0.339056	0.328095	0.330201	0.447559	0.33402	0.332819	0.335838	0.494463	0.500705	0.496872	0.49712	0.496858	0.496885	0.354249	0.393285	0.396642	0.344885	0.347855	0.346048	0.476725	0.471076	0.474765	0.476437	0.477574	0.470935	0.462478	0.465315	0.466556	0.458686	0.458405	0.459416	0.535535	0.47684	0.477354	0.516273	0.516708	0.518872	0.49622	0.50523	0.506424	0.454957	0.457805	0.454298	0.481149	0.480534	0.482103	0.480331	0.47823	0.479562	0.439587	0.437448	0.438201	0.440523	0.445653	0.444054	0.480155	0.47342	0.472942	0.462471	0.476477	0.474259	0.490831	0.496327	0.497737	0.486755	0.487762	0.486747
ERR608833-k20-n1-x5e9	0.350047	0.400191	0.424657	0.454091	0.455093	0.451973	0.392354	0.385364	0.377615	0.38215	0.38519	0.382309	0.364949	0.352009	0.374325	0.255053	0	0.254957	0.358578	0.370162	0.404391	0.401372	0.404049	0.409703	0.358253	0.357237	0.36034	0.336705	0.339596	0.339446	0.326766	0.328769	0.444394	0.335112	0.333966	0.336551	0.496022	0.502263	0.498424	0.498707	0.498384	0.498315	0.355845	0.396303	0.399758	0.347312	0.350325	0.348426	0.477652	0.472573	0.47621	0.477944	0.479199	0.472252	0.461771	0.465889	0.467215	0.458061	0.458034	0.4589	0.533417	0.475405	0.475724	0.513991	0.514426	0.51642	0.498116	0.507054	0.508404	0.456702	0.459592	0.455999	0.482593	0.48209	0.483577	0.481503	0.479283	0.480907	0.440398	0.437906	0.438469	0.440566	0.446237	0.444585	0.48194	0.475194	0.474536	0.463814	0.477696	0.475337	0.492425	0.498081	0.499485	0.488181	0.48922	0.488083
ERR608834-k20-n1-x5e9	0.351376	0.402244	0.426924	0.456436	0.457539	0.454415	0.393875	0.386862	0.379068	0.383545	0.386555	0.383872	0.363639	0.350842	0.373118	0.254959	0.254957	0	0.359092	0.370126	0.40595	0.403161	0.405778	0.411476	0.358306	0.359156	0.3623	0.337506	0.340524	0.340232	0.326325	0.328226	0.443176	0.335188	0.334094	0.336205	0.496848	0.50329	0.499282	0.499486	0.499162	0.499193	0.355999	0.398109	0.401673	0.348691	0.351801	0.349931	0.477919	0.473174	0.477068	0.478857	0.480103	0.473032	0.461485	0.46721	0.468399	0.458307	0.458394	0.459211	0.532752	0.475739	0.476204	0.513962	0.514289	0.516294	0.49971	0.508764	0.509967	0.457588	0.46048	0.456954	0.482817	0.48248	0.484037	0.481337	0.479198	0.480739	0.441097	0.438226	0.438769	0.440599	0.446396	0.444749	0.482936	0.475916	0.4752	0.464326	0.477751	0.475716	0.493284	0.499127	0.500467	0.488779	0.489776	0.488729
ERR605910-k20-n1-x5e9	0.426587	0.479468	0.502434	0.526152	0.526986	0.524642	0.391792	0.378565	0.362817	0.37573	0.380047	0.376117	0.394363	0.387251	0.402098	0.35933	0.358578	0.359092	0	0.269745	0.394551	0.386276	0.389401	0.395978	0.328265	0.382036	0.386012	0.334852	0.335623	0.334913	0.336466	0.337918	0.416792	0.355633	0.354925	0.350934	0.500236	0.514076	0.505165	0.506596	0.506555	0.505945	0.349015	0.435388	0.439646	0.371287	0.371452	0.369133	0.458341	0.470149	0.48025	0.483528	0.484994	0.469414	0.449362	0.487179	0.489575	0.461396	0.459728	0.459953	0.50579	0.474834	0.47514	0.49828	0.497207	0.499202	0.531431	0.542523	0.543137	0.477936	0.481186	0.476511	0.487645	0.494121	0.493672	0.479545	0.480277	0.482138	0.445335	0.436388	0.435142	0.437723	0.437507	0.435804	0.483153	0.469738	0.467149	0.452012	0.447014	0.447194	0.504596	0.516601	0.51694	0.493095	0.496674	0.496542
ERR605911-k20-n1-x5e9	0.441508	0.497521	0.521094	0.544965	0.54589	0.543511	0.411044	0.396647	0.379967	0.394326	0.398778	0.394965	0.385131	0.379964	0.392987	0.371056	0.370162	0.370126	0.269745	0	0.417118	0.407874	0.410811	0.417138	0.329918	0.401046	0.405168	0.345568	0.346038	0.344716	0.339328	0.340049	0.401851	0.364921	0.364087	0.35709	0.514989	0.529573	0.520152	0.521906	0.521752	0.521277	0.359087	0.455732	0.460109	0.388605	0.388067	0.385549	0.465633	0.483236	0.494866	0.498432	0.499802	0.482138	0.451276	0.500462	0.503131	0.467598	0.465362	0.465394	0.499087	0.479072	0.479969	0.495796	0.493882	0.495921	0.548713	0.559968	0.560444	0.494494	0.497844	0.493069	0.501147	0.508797	0.508063	0.491796	0.493236	0.495307	0.455391	0.443848	0.442755	0.444611	0.442696	0.440841	0.49813	0.483359	0.480879	0.46424	0.452924	0.454123	0.519851	0.532535	0.532491	0.507554	0.511502	0.511326
ERR605912-k20-n1-x5e9	0.400082	0.396835	0.401623	0.395012	0.395025	0.394636	0.317137	0.323248	0.334224	0.325328	0.322721	0.324889	0.544733	0.534156	0.554398	0.401262	0.404391	0.40595	0.394551	0.417118	0	0.248998	0.248947	0.24961	0.431644	0.342619	0.34118	0.401162	0.401122	0.404448	0.438613	0.440923	0.57611	0.387135	0.390117	0.405638	0.431542	0.428373	0.429411	0.429808	0.429314	0.430575	0.387299	0.323548	0.32431	0.351035	0.351095	0.353709	0.485937	0.447707	0.436618	0.438668	0.435997	0.448834	0.521244	0.466397	0.464891	0.509911	0.509405	0.511756	0.616318	0.540872	0.538949	0.600598	0.599893	0.602919	0.412087	0.418362	0.418211	0.404895	0.404376	0.404446	0.449275	0.440593	0.439822	0.465959	0.463079	0.462988	0.449892	0.462957	0.466738	0.478972	0.471256	0.472791	0.416744	0.420925	0.425254	0.436762	0.472471	0.465116	0.430237	0.428984	0.428071	0.440412	0.440326	0.438446
ERR605913-k20-n1-x5e9	0.396648	0.398761	0.405566	0.39932	0.399272	0.399044	0.316149	0.320464	0.330804	0.323287	0.320494	0.322944	0.538463	0.528532	0.548488	0.398392	0.401372	0.403161	0.386276	0.407874	0.248998	0	0.242958	0.243528	0.423193	0.340257	0.339521	0.392602	0.391336	0.39469	0.432985	0.435103	0.568812	0.38166	0.384666	0.399387	0.435111	0.433708	0.433524	0.43448	0.433935	0.435075	0.380319	0.325861	0.32707	0.345192	0.343176	0.346138	0.481172	0.446503	0.437127	0.439659	0.437107	0.44703	0.516139	0.466935	0.465787	0.504935	0.503139	0.505649	0.611063	0.538225	0.536434	0.595102	0.593687	0.596795	0.419668	0.426638	0.425982	0.408533	0.408194	0.407767	0.45057	0.443275	0.441984	0.46527	0.46395	0.464207	0.447536	0.459139	0.463373	0.475558	0.464613	0.466369	0.417826	0.420127	0.42485	0.435121	0.46576	0.458647	0.434276	0.434158	0.432915	0.442437	0.443814	0.442011
ERR605914-k20-n1-x5e9	0.400052	0.401843	0.408298	0.40046	0.40036	0.400237	0.317677	0.322186	0.332709	0.325187	0.322219	0.324927	0.541371	0.531414	0.551475	0.400919	0.404049	0.405778	0.389401	0.410811	0.248947	0.242958	0	0.242993	0.425579	0.343929	0.343154	0.396445	0.395206	0.398697	0.435182	0.437339	0.570768	0.382034	0.38522	0.399926	0.434275	0.432899	0.43247	0.433733	0.433182	0.434554	0.381915	0.327639	0.328996	0.348052	0.346199	0.349347	0.481863	0.447146	0.437506	0.440245	0.437594	0.447738	0.517601	0.469062	0.467974	0.507165	0.505511	0.508147	0.612477	0.540668	0.538942	0.597483	0.595993	0.599081	0.418013	0.425174	0.424214	0.408092	0.407565	0.407383	0.450074	0.442957	0.441117	0.465323	0.464119	0.464235	0.448741	0.460434	0.464654	0.477092	0.465216	0.467131	0.416966	0.419419	0.42424	0.43516	0.465542	0.45848	0.433228	0.433301	0.431649	0.441977	0.443369	0.441692
ERR605915-k20-n1-x5e9	0.404278	0.404958	0.410678	0.400655	0.400428	0.400477	0.320953	0.325892	0.337118	0.329267	0.326174	0.329062	0.547238	0.537463	0.557559	0.406694	0.409703	0.411476	0.395978	0.417138	0.24961	0.243528	0.242993	0	0.430377	0.348707	0.347905	0.402528	0.401049	0.404668	0.440614	0.44275	0.5757	0.385661	0.389192	0.403907	0.435698	0.433781	0.433677	0.434988	0.434345	0.43589	0.385764	0.329726	0.330866	0.352824	0.350821	0.354016	0.485334	0.450447	0.440305	0.443027	0.440285	0.451022	0.521896	0.473143	0.472081	0.512334	0.510425	0.513095	0.616596	0.545842	0.544249	0.602503	0.600878	0.604096	0.417394	0.424469	0.42336	0.410371	0.409683	0.409676	0.452464	0.445108	0.44305	0.468806	0.467531	0.467791	0.452271	0.464129	0.468543	0.481407	0.468031	0.470205	0.41822	0.421268	0.426252	0.438498	0.468199	0.461107	0.434418	0.434145	0.432031	0.444048	0.445612	0.443746
ERR605958-k20-n1-x5e9	0.416794	0.47526	0.499716	0.521172	0.522012	0.51956	0.403314	0.389937	0.373891	0.387011	0.391094	0.388025	0.39658	0.390331	0.406099	0.358679	0.358253	0.358306	0.328265	0.329918	0.431644	0.423193	0.425579	0.430377	0	0.34424	0.348792	0.295542	0.294353	0.294908	0.345871	0.346885	0.422323	0.35667	0.355857	0.350823	0.51774	0.530866	0.521881	0.523859	0.52341	0.523256	0.340605	0.441203	0.445557	0.377694	0.377106	0.374815	0.472157	0.487422	0.497264	0.500876	0.501899	0.486246	0.456059	0.503543	0.506023	0.478304	0.475074	0.47593	0.510221	0.491428	0.492684	0.513206	0.511403	0.513549	0.537829	0.548909	0.548589	0.491042	0.493868	0.489643	0.500735	0.506947	0.504972	0.495356	0.496549	0.498465	0.45952	0.450004	0.447925	0.452601	0.444141	0.443597	0.494641	0.481491	0.478267	0.466597	0.455171	0.456353	0.517017	0.528287	0.527033	0.508473	0.512255	0.512179
ERR605959-k20-n1-x5e9	0.350102	0.367687	0.382782	0.401604	0.402385	0.399938	0.333123	0.332196	0.334614	0.330744	0.332089	0.331575	0.482921	0.471757	0.491111	0.354824	0.357237	0.359156	0.382036	0.401046	0.342619	0.340257	0.343929	0.348707	0.34424	0	0.250805	0.294586	0.293937	0.296863	0.399122	0.401769	0.531374	0.37987	0.380834	0.391501	0.469299	0.469028	0.469309	0.468616	0.46814	0.468715	0.36765	0.341401	0.343689	0.326731	0.326638	0.326334	0.48483	0.457507	0.453473	0.454459	0.454218	0.458007	0.487324	0.446256	0.445928	0.470692	0.469902	0.471409	0.57632	0.497618	0.496363	0.551898	0.551242	0.553846	0.454588	0.460636	0.461802	0.431133	0.432642	0.430612	0.472121	0.464727	0.467876	0.478743	0.475462	0.475873	0.435538	0.442239	0.445768	0.452722	0.455486	0.454534	0.445544	0.443531	0.446656	0.444361	0.474065	0.468374	0.465994	0.465216	0.467241	0.469469	0.46896	0.467229
ERR605960-k20-n1-x5e9	0.351189	0.366368	0.380505	0.398971	0.399573	0.397349	0.333154	0.332597	0.335752	0.331462	0.332483	0.33212	0.487516	0.47634	0.495554	0.358092	0.36034	0.3623	0.386012	0.405168	0.34118	0.339521	0.343154	0.347905	0.348792	0.250805	0	0.298504	0.297678	0.300632	0.402839	0.405586	0.535906	0.383226	0.384294	0.395226	0.469832	0.469025	0.469587	0.468885	0.468372	0.468926	0.371437	0.339976	0.341889	0.328588	0.328382	0.328478	0.487138	0.458533	0.45381	0.454822	0.454548	0.459375	0.491011	0.44723	0.446845	0.47349	0.472745	0.474173	0.580222	0.500734	0.499435	0.555566	0.555073	0.557463	0.453339	0.459252	0.460573	0.431035	0.432625	0.430651	0.472844	0.464983	0.468444	0.480055	0.476483	0.476708	0.437631	0.44498	0.448499	0.455514	0.458387	0.45745	0.445864	0.44432	0.447534	0.445868	0.476636	0.470697	0.466192	0.464902	0.467058	0.470111	0.469384	0.467675
ERR605961-k20-n1-x5e9	0.367813	0.417707	0.441469	0.470403	0.471385	0.468587	0.374699	0.365131	0.355621	0.362138	0.366087	0.363019	0.411552	0.401707	0.418711	0.336719	0.336705	0.337506	0.334852	0.345568	0.401162	0.392602	0.396445	0.402528	0.295542	0.294586	0.298504	0	0.259804	0.259778	0.351248	0.353419	0.459163	0.365288	0.364471	0.36574	0.503989	0.510784	0.506688	0.506753	0.506455	0.506521	0.354212	0.40083	0.404658	0.342772	0.342502	0.339747	0.480024	0.476056	0.48043	0.482652	0.483821	0.475523	0.456861	0.462148	0.463751	0.449674	0.447846	0.448319	0.527014	0.468442	0.469145	0.503635	0.502672	0.505113	0.509881	0.518288	0.51941	0.469198	0.471939	0.468171	0.495358	0.494422	0.496754	0.492443	0.491364	0.492652	0.436579	0.432634	0.43428	0.435983	0.440149	0.437925	0.479364	0.470284	0.470922	0.458608	0.468593	0.466612	0.503622	0.508653	0.510319	0.498629	0.500381	0.499338
ERR605962-k20-n1-x5e9	0.368682	0.418854	0.44261	0.471209	0.472135	0.46945	0.373689	0.363888	0.35473	0.361054	0.365155	0.362271	0.414017	0.404656	0.421461	0.339377	0.339596	0.340524	0.335623	0.346038	0.401122	0.391336	0.395206	0.401049	0.294353	0.293937	0.297678	0.259804	0	0.257525	0.352966	0.355153	0.460664	0.365557	0.365176	0.366636	0.506145	0.51309	0.508861	0.509221	0.508801	0.508801	0.353831	0.400964	0.404685	0.342593	0.341024	0.338403	0.480745	0.477776	0.482636	0.484894	0.48615	0.476934	0.457408	0.463545	0.465359	0.450799	0.447772	0.448383	0.527998	0.470676	0.471048	0.505315	0.503433	0.505731	0.512066	0.52046	0.521295	0.472123	0.474642	0.470896	0.497989	0.497034	0.499195	0.495152	0.494281	0.495604	0.437388	0.432962	0.434875	0.437166	0.439395	0.43708	0.480027	0.470783	0.47144	0.459029	0.46722	0.4652	0.505989	0.511242	0.51247	0.501246	0.503349	0.502285
ERR605963-k20-n1-x5e9	0.36909	0.419574	0.443619	0.47311	0.474061	0.471329	0.376707	0.36691	0.357292	0.364111	0.368044	0.365274	0.410551	0.401482	0.41794	0.339056	0.339446	0.340232	0.334913	0.344716	0.404448	0.39469	0.398697	0.404668	0.294908	0.296863	0.300632	0.259778	0.257525	0	0.35162	0.353593	0.457906	0.366776	0.366082	0.36731	0.508633	0.515494	0.511375	0.511535	0.511097	0.511166	0.355482	0.403698	0.407498	0.344605	0.34297	0.340393	0.482559	0.47995	0.484902	0.48715	0.488362	0.479219	0.457665	0.464536	0.466176	0.450654	0.447792	0.448075	0.527429	0.470193	0.470607	0.504402	0.502279	0.504423	0.514414	0.522767	0.523664	0.474202	0.476871	0.472987	0.500225	0.499376	0.501597	0.497172	0.496301	0.497681	0.438547	0.434256	0.435775	0.437742	0.440824	0.438526	0.482869	0.473574	0.47433	0.461751	0.469494	0.467662	0.50848	0.513557	0.515044	0.503626	0.505585	0.504551
ERR609327-k20-n1-x5e9	0.406362	0.46559	0.490586	0.518271	0.519209	0.516451	0.409006	0.397316	0.382741	0.394195	0.398523	0.395078	0.363699	0.355243	0.371902	0.328095	0.326766	0.326325	0.336466	0.339328	0.438613	0.432985	0.435182	0.440614	0.345871	0.399122	0.402839	0.351248	0.352966	0.35162	0	0.263864	0.366363	0.293929	0.292566	0.286815	0.52055	0.532125	0.524521	0.526185	0.526018	0.525633	0.354435	0.440226	0.444318	0.376728	0.377883	0.375156	0.482692	0.494709	0.503457	0.507092	0.508319	0.494074	0.45244	0.492012	0.494613	0.4653	0.463596	0.463876	0.509394	0.480261	0.481466	0.502835	0.501711	0.503382	0.540002	0.550533	0.551281	0.49191	0.49508	0.490886	0.506087	0.51138	0.510448	0.50022	0.500351	0.502498	0.450053	0.440936	0.439104	0.441194	0.441515	0.440112	0.500022	0.488436	0.485413	0.470175	0.466341	0.466982	0.52291	0.533445	0.533297	0.513998	0.517162	0.516816
ERR609328-k20-n1-x5e9	0.408174	0.467538	0.492694	0.520157	0.521167	0.518454	0.411545	0.399501	0.384728	0.396495	0.400538	0.396932	0.36245	0.354254	0.371058	0.330201	0.328769	0.328226	0.337918	0.340049	0.440923	0.435103	0.437339	0.44275	0.346885	0.401769	0.405586	0.353419	0.355153	0.353593	0.263864	0	0.364479	0.295472	0.293679	0.28784	0.523219	0.534903	0.527215	0.528865	0.528794	0.528397	0.355578	0.442632	0.446762	0.378967	0.379701	0.377106	0.484459	0.497418	0.50629	0.50981	0.511016	0.496659	0.45357	0.494302	0.496795	0.4671	0.465117	0.465529	0.508976	0.48165	0.482903	0.50346	0.50186	0.503632	0.542506	0.55306	0.553631	0.494773	0.49796	0.493683	0.508835	0.514192	0.513169	0.502898	0.50321	0.505265	0.45171	0.442385	0.44046	0.442499	0.442457	0.440951	0.502132	0.490382	0.487347	0.472105	0.467342	0.468087	0.525536	0.536064	0.535752	0.516717	0.519948	0.519615
ERR609329-k20-n1-x5e9	0.531199	0.595667	0.620867	0.6487	0.649745	0.647018	0.544516	0.530737	0.512568	0.527471	0.531942	0.527967	0.347388	0.353274	0.350736	0.447559	0.444394	0.443176	0.416792	0.401851	0.57611	0.568812	0.570768	0.5757	0.422323	0.531374	0.535906	0.459163	0.460664	0.457906	0.366363	0.364479	0	0.424242	0.421503	0.405751	0.625563	0.640694	0.630865	0.63308	0.633028	0.632339	0.463094	0.579267	0.583265	0.509085	0.509641	0.506501	0.558202	0.592214	0.606523	0.610427	0.612383	0.590787	0.508003	0.592397	0.5959	0.538976	0.536491	0.536044	0.500711	0.537253	0.539549	0.518134	0.515939	0.515567	0.656942	0.667617	0.667885	0.605489	0.608896	0.604135	0.604678	0.614813	0.612654	0.592336	0.594293	0.597166	0.545084	0.527899	0.523672	0.521064	0.519678	0.517724	0.608231	0.593215	0.588046	0.568136	0.542002	0.546659	0.62835	0.641676	0.640884	0.615338	0.619595	0.619875
ERR609330-k20-n1-x5e9	0.398659	0.445665	0.466603	0.479758	0.48044	0.478329	0.368787	0.359853	0.350424	0.358913	0.360679	0.359235	0.425565	0.416735	0.436894	0.33402	0.335112	0.335188	0.355633	0.364921	0.387135	0.38166	0.382034	0.385661	0.35667	0.37987	0.383226	0.365288	0.365557	0.366776	0.293929	0.295472	0.424242	0	0.260481	0.264661	0.481237	0.492758	0.483939	0.487089	0.486589	0.486924	0.333024	0.398446	0.402622	0.356365	0.356454	0.356181	0.463923	0.467882	0.472668	0.477362	0.477251	0.466687	0.468833	0.490971	0.492918	0.485016	0.482739	0.484468	0.544718	0.510288	0.510676	0.545151	0.543567	0.545918	0.494991	0.506676	0.505962	0.453948	0.456061	0.452876	0.470228	0.475578	0.470978	0.471255	0.472753	0.474223	0.445663	0.442417	0.44213	0.450615	0.437459	0.438826	0.46209	0.452952	0.450805	0.445116	0.44403	0.443003	0.481259	0.492742	0.48971	0.476108	0.480294	0.480079
ERR609331-k20-n1-x5e9	0.398591	0.446147	0.467602	0.481425	0.482276	0.480079	0.371164	0.362101	0.352223	0.361129	0.363007	0.361317	0.422405	0.413488	0.4338	0.332819	0.333966	0.334094	0.354925	0.364087	0.390117	0.384666	0.38522	0.389192	0.355857	0.380834	0.384294	0.364471	0.365176	0.366082	0.292566	0.293679	0.421503	0.260481	0	0.264754	0.483694	0.495083	0.486624	0.489535	0.489058	0.489308	0.333594	0.400713	0.404709	0.356977	0.35736	0.357303	0.464794	0.469294	0.474497	0.478952	0.478837	0.468249	0.467225	0.49064	0.492548	0.483677	0.481488	0.483122	0.542356	0.50823	0.508481	0.54253	0.541088	0.543203	0.497142	0.508867	0.508137	0.455944	0.458058	0.454918	0.472112	0.477432	0.473118	0.47262	0.473968	0.475765	0.445467	0.441943	0.441503	0.449756	0.437227	0.438342	0.464129	0.454666	0.452455	0.446275	0.445073	0.444189	0.483479	0.494792	0.491945	0.478112	0.482341	0.481953
ERR609332-k20-n1-x5e9	0.407764	0.459454	0.48188	0.497179	0.497962	0.495726	0.383828	0.373449	0.36188	0.372137	0.374435	0.372468	0.409943	0.402015	0.421252	0.335838	0.336551	0.336205	0.350934	0.35709	0.405638	0.399387	0.399926	0.403907	0.350823	0.391501	0.395226	0.36574	0.366636	0.36731	0.286815	0.28784	0.405751	0.264661	0.264754	0	0.493617	0.506281	0.496937	0.500036	0.499585	0.499757	0.336348	0.41612	0.420519	0.366855	0.366946	0.366411	0.466848	0.476718	0.483364	0.487927	0.488166	0.475225	0.465265	0.498502	0.500639	0.484991	0.482675	0.484184	0.534209	0.507429	0.508202	0.537062	0.535537	0.537649	0.511087	0.52288	0.522276	0.467169	0.46947	0.46605	0.480244	0.48677	0.482253	0.478783	0.480759	0.482562	0.450722	0.44516	0.444155	0.451574	0.438591	0.439754	0.474531	0.463764	0.460981	0.45315	0.44682	0.446818	0.494058	0.506245	0.503453	0.487188	0.491725	0.491594
ERR607699-k20-n1-x5e9	0.525911	0.525693	0.530266	0.525278	0.525082	0.524672	0.469151	0.471164	0.474816	0.472226	0.470688	0.471391	0.601728	0.593499	0.610908	0.494463	0.496022	0.496848	0.500236	0.514989	0.431542	0.435111	0.434275	0.435698	0.51774	0.469299	0.469832	0.503989	0.506145	0.508633	0.52055	0.523219	0.625563	0.481237	0.483694	0.493617	0	0.243832	0.237694	0.239101	0.239297	0.238979	0.494146	0.467223	0.4685	0.479695	0.482481	0.483893	0.360535	0.312206	0.301748	0.302893	0.300901	0.31415	0.468801	0.424241	0.423785	0.462616	0.463765	0.46682	0.571818	0.496851	0.494662	0.557538	0.558885	0.561705	0.350691	0.362917	0.364068	0.307396	0.307363	0.306356	0.312555	0.30749	0.307377	0.330246	0.32701	0.325823	0.39491	0.408445	0.410228	0.422094	0.416041	0.418186	0.339772	0.341778	0.342715	0.352232	0.39265	0.384694	0.29769	0.307105	0.308204	0.296955	0.297221	0.296751
ERR607700-k20-n1-x5e9	0.521494	0.513784	0.515555	0.509331	0.508865	0.508636	0.471487	0.475347	0.481101	0.476346	0.474394	0.475635	0.613579	0.604855	0.62232	0.500705	0.502263	0.50329	0.514076	0.529573	0.428373	0.433708	0.432899	0.433781	0.530866	0.469028	0.469025	0.510784	0.51309	0.515494	0.532125	0.534903	0.640694	0.492758	0.495083	0.506281	0.243832	0	0.240443	0.239577	0.239796	0.240316	0.506357	0.462564	0.463177	0.483467	0.486306	0.48784	0.386744	0.329338	0.312855	0.312428	0.309774	0.331688	0.479184	0.414258	0.412868	0.46535	0.46698	0.470304	0.583764	0.499258	0.496566	0.565278	0.566745	0.569603	0.33137	0.340255	0.341997	0.307984	0.306999	0.307579	0.331234	0.318605	0.320192	0.354406	0.3493	0.347587	0.396305	0.413442	0.416441	0.428246	0.424492	0.426348	0.342512	0.349785	0.352559	0.365661	0.4139	0.405178	0.301027	0.301017	0.303197	0.310655	0.307976	0.306608
ERR607701-k20-n1-x5e9	0.524614	0.522087	0.525828	0.519689	0.519498	0.519046	0.469358	0.472059	0.476539	0.473069	0.471448	0.472419	0.606275	0.597877	0.615465	0.496872	0.498424	0.499282	0.505165	0.520152	0.429411	0.433524	0.43247	0.433677	0.521881	0.469309	0.469587	0.506688	0.508861	0.511375	0.524521	0.527215	0.630865	0.483939	0.486624	0.496937	0.237694	0.240443	0	0.238489	0.238448	0.238521	0.497731	0.465364	0.466478	0.481079	0.483668	0.485205	0.369451	0.318399	0.305657	0.30652	0.303963	0.320166	0.472316	0.421548	0.420877	0.464372	0.46551	0.468783	0.575926	0.498406	0.496118	0.560941	0.562142	0.565071	0.342437	0.353961	0.354725	0.307154	0.306723	0.306245	0.318829	0.311456	0.310706	0.339057	0.33578	0.334334	0.395175	0.409937	0.412003	0.424244	0.417765	0.419941	0.339296	0.343257	0.344809	0.356292	0.398882	0.39067	0.297541	0.303996	0.30439	0.301086	0.300973	0.300172
ERR607702-k20-n1-x5e9	0.523477	0.519326	0.52238	0.517165	0.516839	0.516494	0.470215	0.47323	0.477772	0.474119	0.472402	0.473332	0.607178	0.598606	0.616101	0.49712	0.498707	0.499486	0.506596	0.521906	0.429808	0.43448	0.433733	0.434988	0.523859	0.468616	0.468885	0.506753	0.509221	0.511535	0.526185	0.528865	0.63308	0.487089	0.489535	0.500036	0.239101	0.239577	0.238489	0	0.236547	0.236681	0.499896	0.464511	0.465499	0.481032	0.484078	0.485503	0.372934	0.319461	0.305701	0.305888	0.303604	0.321433	0.473699	0.419053	0.418015	0.463885	0.465163	0.468406	0.577469	0.497467	0.494917	0.560917	0.562291	0.565195	0.340989	0.351771	0.353202	0.306571	0.306161	0.305953	0.320412	0.311509	0.312367	0.340713	0.336371	0.334847	0.396024	0.411322	0.413503	0.42532	0.420946	0.422539	0.341284	0.345707	0.347462	0.358664	0.403387	0.395071	0.297935	0.302478	0.304319	0.302017	0.300529	0.299645
ERR607703-k20-n1-x5e9	0.522856	0.518809	0.521891	0.516507	0.516147	0.515795	0.469831	0.472767	0.477351	0.473696	0.472038	0.472839	0.607082	0.598516	0.616081	0.496858	0.498384	0.499162	0.506555	0.521752	0.429314	0.433935	0.433182	0.434345	0.52341	0.46814	0.468372	0.506455	0.508801	0.511097	0.526018	0.528794	0.633028	0.486589	0.489058	0.499585	0.239297	0.239796	0.238448	0.236547	0	0.236831	0.499509	0.464047	0.464988	0.480614	0.483589	0.485115	0.373234	0.319862	0.306295	0.306203	0.303939	0.321841	0.473611	0.418663	0.417661	0.463674	0.465021	0.468356	0.577512	0.497516	0.494925	0.56103	0.562464	0.565297	0.340434	0.351089	0.352428	0.306574	0.306207	0.305823	0.321044	0.311854	0.312793	0.3418	0.337145	0.335791	0.395778	0.411306	0.413426	0.425341	0.420482	0.422501	0.340604	0.345401	0.347234	0.35856	0.403158	0.394846	0.297905	0.302445	0.304359	0.302451	0.301152	0.299926
ERR607704-k20-n1-x5e9	0.523974	0.520246	0.523549	0.518735	0.518335	0.517967	0.470555	0.473357	0.477817	0.474182	0.472619	0.47351	0.606512	0.597837	0.615382	0.496885	0.498315	0.499193	0.505945	0.521277	0.430575	0.435075	0.434554	0.43589	0.523256	0.468715	0.468926	0.506521	0.508801	0.511166	0.525633	0.528397	0.632339	0.486924	0.489308	0.499757	0.238979	0.240316	0.238521	0.236681	0.236831	0	0.499639	0.465156	0.466226	0.481153	0.484076	0.485549	0.37129	0.318277	0.304965	0.305168	0.302859	0.320334	0.473128	0.419501	0.418491	0.463406	0.464786	0.468081	0.576842	0.497244	0.494703	0.560234	0.561753	0.564567	0.343106	0.353804	0.355386	0.306821	0.306549	0.306173	0.319473	0.310812	0.311905	0.339207	0.334903	0.333354	0.396345	0.411434	0.413435	0.425144	0.420917	0.422663	0.341476	0.345627	0.347111	0.357903	0.402179	0.393994	0.298197	0.303271	0.305432	0.301297	0.300047	0.299191
ERR605922-k20-n1-x5e9	0.402842	0.449459	0.470479	0.483616	0.484215	0.482231	0.357725	0.347167	0.335911	0.346319	0.348193	0.346259	0.440362	0.432052	0.451242	0.354249	0.355845	0.355999	0.349015	0.359087	0.387299	0.380319	0.381915	0.385764	0.340605	0.36765	0.371437	0.354212	0.353831	0.355482	0.354435	0.355578	0.463094	0.333024	0.333594	0.336348	0.494146	0.506357	0.497731	0.499896	0.499509	0.499639	0	0.34646	0.350988	0.294805	0.293856	0.294002	0.469977	0.474227	0.480073	0.48375	0.484039	0.472932	0.472827	0.497835	0.499358	0.490954	0.488489	0.490188	0.543343	0.513319	0.513885	0.54598	0.544278	0.546855	0.512164	0.523307	0.523039	0.468602	0.470861	0.467391	0.479059	0.484442	0.481738	0.477563	0.478665	0.480339	0.456226	0.452705	0.451963	0.460449	0.44738	0.448473	0.468803	0.458429	0.455841	0.450632	0.447843	0.446708	0.49316	0.504363	0.502717	0.486483	0.49004	0.48993
