	ERR608013-k20-n1-x5e9	ERR608014-k20-n1-x5e9	ERR608015-k20-n1-x5e9	ERR608016-k20-n1-x5e9	ERR608017-k20-n1-x5e9	ERR608018-k20-n1-x5e9	ERR609063-k20-n1-x5e9	ERR609064-k20-n1-x5e9	ERR609065-k20-n1-x5e9	ERR609066-k20-n1-x5e9	ERR609067-k20-n1-x5e9	ERR609068-k20-n1-x5e9	ERR607451-k20-n1-x5e9	ERR607452-k20-n1-x5e9	ERR607453-k20-n1-x5e9	ERR607454-k20-n1-x5e9	ERR607455-k20-n1-x5e9	ERR607456-k20-n1-x5e9	ERR610151-k20-n1-x5e9	ERR610152-k20-n1-x5e9	ERR610153-k20-n1-x5e9	ERR610154-k20-n1-x5e9	ERR610155-k20-n1-x5e9	ERR610156-k20-n1-x5e9	ERR607236-k20-n1-x5e9	ERR607237-k20-n1-x5e9	ERR607238-k20-n1-x5e9	ERR607239-k20-n1-x5e9	ERR607240-k20-n1-x5e9	ERR607241-k20-n1-x5e9	ERR607793-k20-n1-x5e9	ERR607794-k20-n1-x5e9	ERR607795-k20-n1-x5e9	ERR607796-k20-n1-x5e9	ERR607797-k20-n1-x5e9	ERR607798-k20-n1-x5e9	ERR605339-k20-n1-x5e9	ERR605340-k20-n1-x5e9	ERR605341-k20-n1-x5e9	ERR605342-k20-n1-x5e9	ERR605343-k20-n1-x5e9	ERR605344-k20-n1-x5e9	ERR605831-k20-n1-x5e9	ERR605832-k20-n1-x5e9	ERR605833-k20-n1-x5e9	ERR605834-k20-n1-x5e9	ERR605835-k20-n1-x5e9	ERR605836-k20-n1-x5e9	ERR608745-k20-n1-x5e9	ERR608746-k20-n1-x5e9	ERR608747-k20-n1-x5e9	ERR608748-k20-n1-x5e9	ERR608749-k20-n1-x5e9	ERR608750-k20-n1-x5e9	ERR608365-k20-n1-x5e9	ERR608366-k20-n1-x5e9	ERR608367-k20-n1-x5e9	ERR608368-k20-n1-x5e9	ERR608369-k20-n1-x5e9	ERR608370-k20-n1-x5e9	ERR608395-k20-n1-x5e9	ERR608396-k20-n1-x5e9	ERR608397-k20-n1-x5e9	ERR608398-k20-n1-x5e9	ERR608399-k20-n1-x5e9	ERR608400-k20-n1-x5e9	ERR608149-k20-n1-x5e9	ERR608150-k20-n1-x5e9	ERR608151-k20-n1-x5e9	ERR608152-k20-n1-x5e9	ERR608153-k20-n1-x5e9	ERR608154-k20-n1-x5e9	ERR608215-k20-n1-x5e9	ERR608216-k20-n1-x5e9	ERR608217-k20-n1-x5e9	ERR608218-k20-n1-x5e9	ERR608219-k20-n1-x5e9	ERR608220-k20-n1-x5e9	ERR605994-k20-n1-x5e9	ERR605995-k20-n1-x5e9	ERR605996-k20-n1-x5e9	ERR605997-k20-n1-x5e9	ERR605998-k20-n1-x5e9	ERR605999-k20-n1-x5e9	ERR608099-k20-n1-x5e9	ERR608100-k20-n1-x5e9	ERR608101-k20-n1-x5e9	ERR608102-k20-n1-x5e9	ERR608103-k20-n1-x5e9	ERR608104-k20-n1-x5e9	ERR608117-k20-n1-x5e9	ERR608118-k20-n1-x5e9	ERR608119-k20-n1-x5e9	ERR608120-k20-n1-x5e9	ERR608121-k20-n1-x5e9	ERR608122-k20-n1-x5e9
ERR608013-k20-n1-x5e9	0	0.891133	0.882689	0.873941	0.873594	0.872957	0.999359	1.06238	1.00262	0.99506	0.994507	0.998332	1.00316	0.976898	0.974967	0.975275	0.974813	0.9749	0.976771	1.06063	0.990609	0.976177	0.975519	0.973206	1.06645	1.00071	1.09768	1.02149	1.0233	1.11994	1.17198	1.15733	1.16059	1.17851	1.18133	1.1808	0.959475	1.01813	0.969234	0.971064	0.969583	0.969912	1.03059	1.04527	0.981026	0.981758	0.981653	0.979778	1.19975	1.1812	1.17416	1.17606	1.177	1.18196	1.13296	1.11206	1.10687	1.10756	1.10571	1.11399	1.14327	1.12803	1.12463	1.12289	1.12132	1.12797	1.13022	1.11564	1.10611	1.10625	1.10605	1.11636	1.10679	1.10249	1.10378	1.12901	1.12995	1.13024	1.17312	1.13005	1.12808	1.15878	1.15957	1.16019	1.10943	1.10265	1.10122	1.11755	1.11685	1.11676	1.11951	1.1151	1.11371	1.12706	1.12759	1.12776
ERR608014-k20-n1-x5e9	0.891133	0	0.840828	0.81765	0.817454	0.818173	0.961841	1.02973	0.970707	0.95386	0.953801	0.959854	0.982196	0.93683	0.93447	0.936244	0.934693	0.935072	0.935316	1.03068	0.949764	0.936441	0.935385	0.932055	1.03628	0.96011	1.0705	0.991374	0.993592	1.10064	1.14726	1.13446	1.13908	1.15594	1.16031	1.1583	0.916303	0.994087	0.929137	0.929554	0.927399	0.929675	1.00318	1.01536	0.939359	0.942317	0.94176	0.941571	1.18366	1.16217	1.15135	1.15402	1.15517	1.16299	1.11109	1.07832	1.06846	1.06929	1.06936	1.08095	1.12321	1.10338	1.09574	1.09351	1.0916	1.10434	1.11059	1.08575	1.07186	1.07081	1.06957	1.08717	1.07968	1.07441	1.07513	1.09633	1.0968	1.09757	1.15192	1.09923	1.09883	1.13248	1.1349	1.13543	1.07281	1.06861	1.06952	1.08396	1.08086	1.08022	1.08672	1.07763	1.07832	1.10314	1.10089	1.10018
ERR608015-k20-n1-x5e9	0.882689	0.840828	0	0.809064	0.809022	0.808216	0.951768	1.0204	0.96247	0.944919	0.945544	0.951612	0.97615	0.933012	0.926751	0.931671	0.930245	0.930767	0.9228	1.02634	0.942174	0.926206	0.924856	0.922956	1.0329	0.954287	1.06316	0.984581	0.986007	1.09641	1.14351	1.13161	1.1353	1.15171	1.15469	1.15457	0.901818	0.983504	0.918073	0.919105	0.91668	0.918847	0.997711	1.01027	0.928853	0.931916	0.932157	0.931511	1.17895	1.1569	1.14517	1.14718	1.14759	1.15719	1.10715	1.06973	1.06318	1.06289	1.06209	1.0716	1.12059	1.0968	1.0857	1.08269	1.08083	1.09805	1.10557	1.07513	1.06277	1.06088	1.06106	1.07756	1.07203	1.06484	1.06612	1.0879	1.08914	1.08923	1.14906	1.09564	1.09316	1.12431	1.12683	1.12762	1.06659	1.06192	1.06456	1.07349	1.07135	1.07033	1.07815	1.0708	1.07189	1.09444	1.09176	1.09016
ERR608016-k20-n1-x5e9	0.873941	0.81765	0.809064	0	0.778523	0.781344	0.928477	1.00542	0.939689	0.922421	0.922796	0.928342	0.948068	0.903412	0.901529	0.902541	0.901195	0.901621	0.902109	1.01543	0.921135	0.898992	0.896271	0.895151	1.01429	0.929882	1.04852	0.963955	0.965502	1.08028	1.12984	1.11585	1.11996	1.13896	1.14054	1.14055	0.875679	0.960025	0.882458	0.884872	0.880603	0.881485	0.976067	0.991663	0.898611	0.89835	0.899408	0.89825	1.16469	1.14175	1.13304	1.1345	1.13529	1.14309	1.08034	1.05334	1.04553	1.0452	1.04471	1.05449	1.10122	1.0723	1.06536	1.06391	1.06181	1.07305	1.08309	1.05577	1.04564	1.04489	1.04556	1.05666	1.05208	1.04671	1.04686	1.07462	1.07608	1.0761	1.13204	1.08504	1.08334	1.11591	1.1166	1.1169	1.05002	1.04119	1.04381	1.0583	1.05759	1.05643	1.06223	1.05748	1.05699	1.07212	1.07205	1.07145
ERR608017-k20-n1-x5e9	0.873594	0.817454	0.809022	0.778523	0	0.779807	0.928539	1.00507	0.939463	0.922068	0.922485	0.927591	0.947591	0.902452	0.900934	0.901397	0.900611	0.901083	0.901738	1.01516	0.921118	0.899181	0.89578	0.894972	1.01368	0.92975	1.04843	0.963526	0.965022	1.07983	1.12999	1.11569	1.11922	1.13865	1.14082	1.14059	0.87575	0.959612	0.881829	0.884576	0.880208	0.881729	0.976229	0.991774	0.898132	0.898148	0.899295	0.897396	1.16412	1.14152	1.13224	1.13445	1.13492	1.14238	1.08047	1.05243	1.04542	1.04486	1.04475	1.05413	1.10125	1.07213	1.06519	1.06367	1.06177	1.07294	1.08298	1.05531	1.04551	1.04501	1.04524	1.05679	1.05184	1.04632	1.04668	1.07489	1.07645	1.07567	1.13213	1.08475	1.08343	1.11569	1.11662	1.11707	1.04926	1.04169	1.04381	1.05832	1.05744	1.05637	1.06157	1.05761	1.05633	1.07204	1.07214	1.07136
ERR608018-k20-n1-x5e9	0.872957	0.818173	0.808216	0.781344	0.779807	0	0.930043	1.0066	0.940266	0.922999	0.922817	0.927732	0.949113	0.90283	0.902012	0.902966	0.90166	0.902039	0.901249	1.01682	0.920206	0.901053	0.897987	0.893998	1.01495	0.929951	1.04775	0.96405	0.966239	1.081	1.13037	1.11699	1.11985	1.1382	1.14144	1.141	0.87608	0.960043	0.88467	0.884183	0.882983	0.883656	0.976706	0.991851	0.897435	0.90087	0.898179	0.89963	1.1655	1.14272	1.13311	1.13491	1.13513	1.14242	1.08113	1.05303	1.04647	1.04645	1.0451	1.05474	1.10229	1.0722	1.0646	1.06455	1.06212	1.07344	1.08395	1.05619	1.04597	1.04471	1.04611	1.05642	1.05209	1.04672	1.04633	1.07453	1.07636	1.07677	1.13299	1.08471	1.08331	1.11575	1.11722	1.11775	1.04991	1.04246	1.04202	1.05854	1.05728	1.05707	1.0613	1.05772	1.05694	1.07179	1.07231	1.07107
ERR609063-k20-n1-x5e9	0.999359	0.961841	0.951768	0.928477	0.928539	0.930043	0	0.885062	0.795191	0.776762	0.776983	0.783631	0.939774	0.896767	0.896483	0.895515	0.896187	0.896329	0.87926	0.971294	0.896077	0.877951	0.876298	0.874202	0.973981	0.905723	0.997942	0.931996	0.932956	1.02154	1.14555	1.13143	1.13595	1.1534	1.15564	1.15598	0.856731	0.915474	0.861931	0.859203	0.859166	0.859011	0.922885	0.937401	0.868009	0.871016	0.868827	0.869647	1.17862	1.157	1.14799	1.15073	1.1508	1.15846	1.09359	1.06768	1.06046	1.06091	1.05884	1.07006	1.11435	1.08347	1.07734	1.0765	1.07431	1.08505	1.1021	1.07395	1.06402	1.06434	1.06479	1.07592	1.0693	1.06415	1.06346	1.09378	1.09552	1.09415	1.11405	1.07104	1.0699	1.10514	1.10834	1.10905	1.06655	1.05852	1.05961	1.07529	1.07444	1.07416	1.07708	1.07246	1.0707	1.08653	1.0866	1.08636
ERR609064-k20-n1-x5e9	1.06238	1.02973	1.0204	1.00542	1.00507	1.0066	0.885062	0	0.889303	0.886934	0.886193	0.886647	1.00493	0.978957	0.979451	0.978984	0.980087	0.979832	0.969539	1.0365	0.980101	0.969604	0.968831	0.967132	1.042	0.989125	1.06209	1.00258	1.00309	1.07502	1.18778	1.17492	1.1777	1.19391	1.19659	1.19636	0.950578	0.990329	0.958427	0.957262	0.956607	0.956267	0.994982	1.00885	0.962833	0.964438	0.963209	0.963183	1.21579	1.19767	1.19118	1.19205	1.19347	1.19827	1.14902	1.13026	1.1243	1.12492	1.12254	1.13066	1.16007	1.14203	1.13648	1.1367	1.13637	1.14349	1.15076	1.13436	1.12599	1.12565	1.12483	1.13522	1.1242	1.11881	1.11845	1.14905	1.14901	1.15093	1.16251	1.12478	1.12295	1.1537	1.15617	1.15656	1.12797	1.12139	1.11942	1.13522	1.13556	1.13379	1.13541	1.13024	1.12988	1.14458	1.14447	1.14401
ERR609065-k20-n1-x5e9	1.00262	0.970707	0.96247	0.939689	0.939463	0.940266	0.795191	0.889303	0	0.787641	0.787598	0.791137	0.9423	0.902023	0.902836	0.902148	0.903316	0.903198	0.890209	0.966012	0.900943	0.887824	0.886995	0.88519	0.97455	0.912414	0.997989	0.936901	0.937349	1.02464	1.1496	1.13493	1.13677	1.15507	1.15744	1.15702	0.855296	0.916143	0.863472	0.862224	0.862618	0.861333	0.926648	0.935602	0.872361	0.874027	0.87153	0.871386	1.18065	1.15946	1.15119	1.15413	1.1553	1.1604	1.10119	1.0736	1.06912	1.07042	1.06845	1.07434	1.11667	1.0901	1.08119	1.08093	1.07945	1.0916	1.10821	1.07755	1.06954	1.07025	1.06853	1.07961	1.07549	1.07005	1.06874	1.09894	1.09843	1.09873	1.11745	1.0778	1.07607	1.11005	1.11209	1.11275	1.07484	1.0666	1.06459	1.08108	1.08061	1.08054	1.08074	1.07632	1.0766	1.09176	1.09263	1.0909
ERR609066-k20-n1-x5e9	0.99506	0.95386	0.944919	0.922421	0.922068	0.922999	0.776762	0.886934	0.787641	0	0.765776	0.772475	0.932902	0.890353	0.885929	0.889236	0.887118	0.887039	0.868125	0.965723	0.888077	0.8669	0.867044	0.864093	0.969706	0.900855	0.995962	0.929174	0.930396	1.01662	1.1419	1.12652	1.1309	1.15024	1.15323	1.15346	0.857773	0.91219	0.856468	0.851248	0.851698	0.851349	0.918714	0.931905	0.863036	0.863858	0.864055	0.865386	1.17552	1.15467	1.14581	1.14746	1.14824	1.15494	1.08839	1.06546	1.05465	1.05463	1.05297	1.06744	1.10858	1.07898	1.07435	1.07239	1.07166	1.08066	1.09517	1.07001	1.06162	1.0612	1.05919	1.07031	1.0647	1.05951	1.06041	1.09095	1.09044	1.09178	1.112	1.06544	1.06354	1.10114	1.1041	1.1052	1.05949	1.0536	1.05362	1.07383	1.0716	1.0708	1.07509	1.06658	1.06465	1.0838	1.08396	1.08197
ERR609067-k20-n1-x5e9	0.994507	0.953801	0.945544	0.922796	0.922485	0.922817	0.776983	0.886193	0.787598	0.765776	0	0.772055	0.93397	0.890755	0.88792	0.888603	0.886694	0.887428	0.869231	0.965643	0.88971	0.867067	0.867218	0.863531	0.971193	0.90147	0.9978	0.930136	0.931094	1.01814	1.14224	1.12577	1.13013	1.1501	1.15266	1.15262	0.859674	0.912698	0.857038	0.854344	0.85183	0.851192	0.919458	0.933182	0.863655	0.864561	0.864891	0.865543	1.17502	1.15391	1.14543	1.14707	1.1479	1.15408	1.08766	1.06528	1.05401	1.05425	1.05277	1.06829	1.10816	1.08035	1.07349	1.07252	1.07034	1.07992	1.09417	1.06911	1.06099	1.06039	1.05869	1.07118	1.06411	1.06	1.06084	1.09063	1.09011	1.0916	1.1118	1.06573	1.06376	1.10148	1.10449	1.10571	1.05921	1.0537	1.05285	1.07389	1.0714	1.07056	1.07489	1.06543	1.06477	1.0836	1.08357	1.08258
ERR609068-k20-n1-x5e9	0.998332	0.959854	0.951612	0.928342	0.927591	0.927732	0.783631	0.886647	0.791137	0.772475	0.772055	0	0.935023	0.893566	0.895972	0.892699	0.892091	0.891859	0.876768	0.967313	0.894731	0.874931	0.8721	0.869833	0.970487	0.905563	0.999876	0.933699	0.932255	1.01941	1.14371	1.12988	1.13311	1.1523	1.15447	1.15478	0.854645	0.912243	0.855769	0.854989	0.853543	0.854648	0.922752	0.934457	0.866844	0.865698	0.867082	0.864239	1.1773	1.15591	1.14798	1.1495	1.15011	1.15642	1.09061	1.06823	1.05933	1.05999	1.05847	1.06958	1.11061	1.0819	1.07512	1.0748	1.07464	1.0835	1.09886	1.07193	1.06349	1.06583	1.0639	1.07353	1.06802	1.06258	1.06307	1.09533	1.09461	1.09521	1.11339	1.07183	1.06968	1.10555	1.10859	1.10973	1.06418	1.05884	1.05708	1.07405	1.07523	1.0769	1.07684	1.07101	1.06894	1.0862	1.08846	1.08647
ERR607451-k20-n1-x5e9	1.00316	0.982196	0.97615	0.948068	0.947591	0.949113	0.939774	1.00493	0.9423	0.932902	0.93397	0.935023	0	0.815587	0.813743	0.816482	0.815549	0.81493	0.958775	1.02803	0.970593	0.954952	0.954467	0.951371	1.00553	0.952571	1.05086	0.977683	0.978896	1.08012	1.12499	1.11391	1.11308	1.13067	1.13451	1.13358	0.916932	0.988739	0.928345	0.9366	0.932376	0.934333	1.00423	1.01271	0.944423	0.944916	0.94355	0.940389	1.16805	1.15111	1.14062	1.14399	1.14497	1.15177	1.09379	1.06361	1.05793	1.06114	1.05954	1.06404	1.10751	1.09073	1.07985	1.07913	1.07608	1.0909	1.09323	1.07079	1.05782	1.05886	1.05791	1.07174	1.06562	1.06157	1.05971	1.08414	1.08442	1.08564	1.15134	1.11693	1.11554	1.14284	1.1454	1.14663	1.06111	1.05915	1.05695	1.07158	1.07178	1.07129	1.06528	1.06249	1.05821	1.08475	1.08484	1.08377
ERR607452-k20-n1-x5e9	0.976898	0.93683	0.933012	0.903412	0.902452	0.90283	0.896767	0.978957	0.902023	0.890353	0.890755	0.893566	0.815587	0	0.744577	0.755823	0.756763	0.755599	0.906331	1.00744	0.930388	0.902163	0.903262	0.900428	0.97925	0.902518	1.02102	0.936789	0.938938	1.04588	1.10224	1.0837	1.08622	1.10887	1.11315	1.1133	0.880414	0.954724	0.887327	0.887026	0.887325	0.88565	0.96616	0.980582	0.900358	0.902307	0.901326	0.900223	1.14701	1.12773	1.11736	1.12178	1.12206	1.12762	1.05525	1.02977	1.01846	1.02268	1.02113	1.03129	1.07502	1.05181	1.04282	1.04266	1.0418	1.05245	1.05744	1.03403	1.02193	1.02362	1.02134	1.03599	1.03129	1.02807	1.02754	1.05257	1.05245	1.05386	1.12257	1.07518	1.07302	1.11382	1.11628	1.11577	1.02474	1.01796	1.01712	1.03733	1.03684	1.03659	1.03471	1.02641	1.02424	1.04667	1.04773	1.04587
ERR607453-k20-n1-x5e9	0.974967	0.93447	0.926751	0.901529	0.900934	0.902012	0.896483	0.979451	0.902836	0.885929	0.88792	0.895972	0.813743	0.744577	0	0.748405	0.750518	0.750493	0.904584	1.01151	0.927727	0.904274	0.90099	0.900508	0.982434	0.899831	1.02506	0.936413	0.938475	1.05024	1.09995	1.08022	1.08339	1.10822	1.11224	1.1122	0.876815	0.953971	0.894583	0.894969	0.897587	0.891983	0.97024	0.981685	0.908228	0.91146	0.909729	0.907144	1.14522	1.12705	1.11614	1.11893	1.12053	1.1283	1.05426	1.02478	1.01745	1.019	1.01828	1.02692	1.07096	1.04897	1.0438	1.04365	1.03978	1.05045	1.05551	1.03539	1.01851	1.01904	1.01806	1.03633	1.03083	1.02386	1.02324	1.04883	1.04959	1.04997	1.12272	1.07148	1.06913	1.11272	1.11456	1.11486	1.02151	1.0152	1.01427	1.03322	1.031	1.03124	1.03053	1.02537	1.02213	1.04471	1.04751	1.04621
ERR607454-k20-n1-x5e9	0.975275	0.936244	0.931671	0.902541	0.901397	0.902966	0.895515	0.978984	0.902148	0.889236	0.888603	0.892699	0.816482	0.755823	0.748405	0	0.753875	0.752965	0.905626	1.00838	0.929107	0.901767	0.901078	0.901766	0.981789	0.904636	1.02111	0.937416	0.940145	1.04727	1.10191	1.0851	1.08746	1.11007	1.11388	1.11353	0.882661	0.955702	0.885223	0.888426	0.887062	0.884234	0.966544	0.981029	0.898357	0.90127	0.899374	0.897027	1.14742	1.12759	1.11804	1.12075	1.1225	1.12717	1.05503	1.02959	1.01987	1.02139	1.02121	1.03261	1.0762	1.04993	1.043	1.04404	1.0409	1.05086	1.0579	1.03445	1.02344	1.02423	1.02327	1.03544	1.03008	1.02902	1.02913	1.0532	1.05371	1.0547	1.12258	1.07575	1.07356	1.1143	1.1146	1.11475	1.02282	1.01839	1.01586	1.03831	1.03661	1.03579	1.03554	1.02598	1.02447	1.04705	1.04811	1.04678
ERR607455-k20-n1-x5e9	0.974813	0.934693	0.930245	0.901195	0.900611	0.90166	0.896187	0.980087	0.903316	0.887118	0.886694	0.892091	0.815549	0.756763	0.750518	0.753875	0	0.756191	0.906207	1.00939	0.929206	0.902688	0.901893	0.899528	0.982462	0.906681	1.02224	0.936593	0.940553	1.04846	1.102	1.08531	1.08751	1.10942	1.11326	1.1131	0.882432	0.954357	0.885823	0.88653	0.885651	0.885621	0.966474	0.981078	0.8976	0.900343	0.898194	0.898574	1.14784	1.12697	1.11729	1.12067	1.12283	1.12696	1.05554	1.03035	1.01863	1.02104	1.02117	1.03179	1.07637	1.04987	1.04345	1.04276	1.04099	1.05105	1.05699	1.03423	1.0242	1.02363	1.02244	1.03548	1.03065	1.02869	1.028	1.05314	1.05346	1.05424	1.12273	1.07692	1.07453	1.11521	1.11509	1.11514	1.02278	1.01915	1.01631	1.03886	1.03665	1.03706	1.03517	1.02667	1.02386	1.04546	1.04703	1.04656
ERR607456-k20-n1-x5e9	0.9749	0.935072	0.930767	0.901621	0.901083	0.902039	0.896329	0.979832	0.903198	0.887039	0.887428	0.891859	0.81493	0.755599	0.750493	0.752965	0.756191	0	0.906072	1.00987	0.929417	0.902393	0.902476	0.899535	0.982148	0.906668	1.02265	0.937941	0.940491	1.04853	1.10173	1.08595	1.08784	1.109	1.1135	1.1138	0.883053	0.955513	0.886223	0.886792	0.88592	0.885942	0.966384	0.98265	0.896953	0.900125	0.898093	0.898057	1.14768	1.12786	1.11776	1.12172	1.12336	1.1271	1.05555	1.03037	1.01877	1.02101	1.02128	1.03259	1.07669	1.05049	1.04393	1.04268	1.04099	1.05149	1.05733	1.03445	1.02421	1.02487	1.02268	1.03553	1.03055	1.02898	1.02879	1.05422	1.05385	1.05452	1.12302	1.07746	1.0753	1.11587	1.1154	1.11623	1.02345	1.01938	1.01677	1.03928	1.03708	1.03709	1.03509	1.02686	1.02415	1.04651	1.04755	1.04671
ERR610151-k20-n1-x5e9	0.976771	0.935316	0.9228	0.902109	0.901738	0.901249	0.87926	0.969539	0.890209	0.868125	0.869231	0.876768	0.958775	0.906331	0.904584	0.905626	0.906207	0.906072	0	0.835493	0.715717	0.70217	0.701961	0.702184	0.934798	0.860496	0.964034	0.896514	0.895975	0.982959	1.13728	1.11657	1.12133	1.14783	1.15154	1.15099	0.834913	0.891222	0.846633	0.847484	0.84489	0.846267	0.864987	0.884154	0.82011	0.823604	0.824607	0.824011	1.17255	1.15318	1.14449	1.14491	1.14535	1.15373	1.09297	1.06281	1.05331	1.0531	1.05112	1.06509	1.10375	1.08319	1.07483	1.07345	1.07035	1.08484	1.0888	1.06436	1.05223	1.05153	1.05	1.06548	1.06088	1.05485	1.05518	1.08364	1.08399	1.0848	1.09977	1.04591	1.04362	1.08891	1.09361	1.09445	1.05626	1.05133	1.05449	1.06571	1.06514	1.06435	1.06752	1.05969	1.05952	1.08161	1.08021	1.07843
ERR610152-k20-n1-x5e9	1.06063	1.03068	1.02634	1.01543	1.01516	1.01682	0.971294	1.0365	0.966012	0.965723	0.965643	0.967313	1.02803	1.00744	1.01151	1.00838	1.00939	1.00987	0.835493	0	0.833971	0.830326	0.830043	0.830563	0.962541	0.944116	0.988767	0.948609	0.948478	0.986357	1.20128	1.18835	1.19052	1.20744	1.20909	1.20868	0.936915	0.939675	0.938579	0.940831	0.93982	0.94086	0.909653	0.917897	0.917594	0.918434	0.917566	0.916359	1.22452	1.21048	1.20428	1.20638	1.20658	1.21036	1.16725	1.15169	1.14545	1.14624	1.14447	1.15165	1.17558	1.16361	1.15984	1.15946	1.15752	1.16426	1.16398	1.15184	1.14367	1.14462	1.14485	1.15272	1.14278	1.14086	1.14029	1.16659	1.16799	1.16726	1.13497	1.10627	1.10546	1.13955	1.14541	1.14485	1.14834	1.14101	1.13925	1.15599	1.15622	1.15589	1.15184	1.14831	1.1466	1.16053	1.16244	1.16107
ERR610153-k20-n1-x5e9	0.990609	0.949764	0.942174	0.921135	0.921118	0.920206	0.896077	0.980101	0.900943	0.888077	0.88971	0.894731	0.970593	0.930388	0.927727	0.929107	0.929206	0.929417	0.715717	0.833971	0	0.715261	0.714126	0.710959	0.934759	0.88026	0.963883	0.904788	0.908129	0.977719	1.15046	1.13615	1.13985	1.15835	1.16136	1.16139	0.858775	0.897108	0.851461	0.851119	0.851178	0.850826	0.865929	0.880852	0.82577	0.829	0.829076	0.826639	1.1829	1.16251	1.15511	1.15681	1.15684	1.16332	1.1031	1.07991	1.0693	1.07044	1.06855	1.083	1.12229	1.09516	1.08823	1.08675	1.08578	1.09643	1.10337	1.07838	1.07092	1.06951	1.0677	1.08018	1.07511	1.07219	1.07369	1.10013	1.09921	1.10155	1.10406	1.06091	1.05861	1.09788	1.10218	1.10269	1.07327	1.06725	1.0674	1.08628	1.08377	1.08308	1.08589	1.07546	1.07571	1.09349	1.09235	1.09203
ERR610154-k20-n1-x5e9	0.976177	0.936441	0.926206	0.898992	0.899181	0.901053	0.877951	0.969604	0.887824	0.8669	0.867067	0.874931	0.954952	0.902163	0.904274	0.901767	0.902688	0.902393	0.70217	0.830326	0.715261	0	0.694924	0.694017	0.927886	0.860302	0.963768	0.892735	0.895843	0.981722	1.13533	1.11494	1.11826	1.14531	1.14925	1.14865	0.829317	0.887732	0.83861	0.841542	0.83939	0.841863	0.862295	0.879994	0.814174	0.817057	0.8172	0.813968	1.16989	1.1512	1.14214	1.14377	1.14457	1.15223	1.08881	1.06242	1.05251	1.0516	1.05101	1.06384	1.1	1.0824	1.07352	1.07121	1.0695	1.08322	1.08705	1.06199	1.0514	1.05024	1.04936	1.06357	1.05938	1.05382	1.05468	1.08251	1.08287	1.08426	1.09959	1.04918	1.04765	1.09153	1.09604	1.09661	1.05611	1.05296	1.05397	1.06762	1.0659	1.06469	1.06627	1.05911	1.05872	1.08143	1.07921	1.07799
ERR610155-k20-n1-x5e9	0.975519	0.935385	0.924856	0.896271	0.89578	0.897987	0.876298	0.968831	0.886995	0.867044	0.867218	0.8721	0.954467	0.903262	0.90099	0.901078	0.901893	0.902476	0.701961	0.830043	0.714126	0.694924	0	0.697273	0.93001	0.858097	0.962953	0.893494	0.894918	0.982646	1.13293	1.11338	1.11637	1.14381	1.14755	1.14735	0.827102	0.887494	0.838033	0.841556	0.838441	0.839431	0.862584	0.87909	0.811941	0.815616	0.814478	0.812764	1.1686	1.14987	1.14072	1.14346	1.14312	1.15076	1.08848	1.05899	1.05049	1.05083	1.04921	1.06155	1.09954	1.08245	1.07062	1.0698	1.06664	1.08314	1.08569	1.05983	1.04897	1.04824	1.04709	1.06146	1.05809	1.05276	1.05386	1.08142	1.08099	1.08151	1.09905	1.04709	1.04539	1.09014	1.09542	1.09474	1.05363	1.05117	1.05053	1.06579	1.06243	1.06239	1.06611	1.05644	1.05677	1.07935	1.07688	1.07664
ERR610156-k20-n1-x5e9	0.973206	0.932055	0.922956	0.895151	0.894972	0.893998	0.874202	0.967132	0.88519	0.864093	0.863531	0.869833	0.951371	0.900428	0.900508	0.901766	0.899528	0.899535	0.702184	0.830563	0.710959	0.694017	0.697273	0	0.927798	0.858403	0.961936	0.892573	0.892982	0.982818	1.13193	1.11205	1.11531	1.14319	1.14623	1.14572	0.823483	0.885613	0.836175	0.837278	0.836241	0.837805	0.860215	0.877736	0.808105	0.813416	0.810754	0.811062	1.16836	1.14883	1.13972	1.14307	1.14367	1.14898	1.08726	1.05788	1.04943	1.04948	1.04757	1.05948	1.09804	1.08119	1.07028	1.06832	1.06648	1.08207	1.08328	1.05913	1.048	1.04652	1.0464	1.05976	1.05725	1.05195	1.05203	1.0793	1.07966	1.08082	1.09976	1.04636	1.04491	1.08982	1.09397	1.0947	1.05284	1.04952	1.04926	1.06436	1.06205	1.06063	1.06411	1.05606	1.05608	1.07699	1.07662	1.07474
ERR607236-k20-n1-x5e9	1.06645	1.03628	1.0329	1.01429	1.01368	1.01495	0.973981	1.042	0.97455	0.969706	0.971193	0.970487	1.00553	0.97925	0.982434	0.981789	0.982462	0.982148	0.934798	0.962541	0.934759	0.927886	0.93001	0.927798	0	0.81823	0.901367	0.834396	0.835316	0.908762	1.15745	1.14451	1.14535	1.16506	1.16825	1.16787	0.921725	0.940142	0.924926	0.928345	0.926823	0.927987	0.924279	0.929452	0.921841	0.920612	0.919997	0.918925	1.19704	1.18172	1.17418	1.17712	1.17819	1.18189	1.1293	1.11073	1.10133	1.10273	1.10059	1.11209	1.14166	1.12995	1.12393	1.12375	1.12195	1.13011	1.1302	1.1153	1.10654	1.10822	1.10663	1.11582	1.1053	1.1017	1.10172	1.12708	1.12632	1.12783	1.11442	1.08309	1.08247	1.12162	1.1257	1.12561	1.10535	1.10025	1.09789	1.12008	1.12018	1.11946	1.11366	1.10821	1.10499	1.12477	1.12654	1.12578
ERR607237-k20-n1-x5e9	1.00071	0.96011	0.954287	0.929882	0.92975	0.929951	0.905723	0.989125	0.912414	0.900855	0.90147	0.905563	0.952571	0.902518	0.899831	0.904636	0.906681	0.906668	0.860496	0.944116	0.88026	0.860302	0.858097	0.858403	0.81823	0	0.860167	0.770655	0.775009	0.885276	1.11412	1.09572	1.0988	1.12135	1.12583	1.1266	0.853117	0.906885	0.8574	0.853889	0.852758	0.854384	0.891766	0.903765	0.852611	0.852717	0.855843	0.855173	1.15837	1.13712	1.12769	1.13123	1.13137	1.13778	1.06983	1.04267	1.03198	1.0321	1.03277	1.04422	1.09163	1.0671	1.0584	1.05822	1.05744	1.06758	1.07403	1.049	1.0375	1.03672	1.0356	1.05078	1.04415	1.04026	1.04029	1.06157	1.062	1.06368	1.08495	1.03782	1.03598	1.08082	1.08253	1.08328	1.04004	1.03529	1.03447	1.05379	1.05126	1.0501	1.05082	1.04243	1.04138	1.06165	1.062	1.0603
ERR607238-k20-n1-x5e9	1.09768	1.0705	1.06316	1.04852	1.04843	1.04775	0.997942	1.06209	0.997989	0.995962	0.9978	0.999876	1.05086	1.02102	1.02506	1.02111	1.02224	1.02265	0.964034	0.988767	0.963883	0.963768	0.962953	0.961936	0.901367	0.860167	0	0.869359	0.868916	0.918513	1.18759	1.17708	1.17927	1.19288	1.1957	1.19605	0.965326	0.971008	0.96698	0.964545	0.965278	0.96489	0.957884	0.965802	0.962538	0.962775	0.963327	0.96234	1.22181	1.20632	1.1971	1.19941	1.20043	1.20691	1.15896	1.14171	1.13456	1.13451	1.13378	1.14223	1.1755	1.15707	1.15155	1.15117	1.14986	1.15793	1.16277	1.14347	1.13785	1.13831	1.1366	1.14484	1.13758	1.13241	1.13245	1.15479	1.15431	1.1549	1.12567	1.09713	1.09609	1.12895	1.13586	1.13488	1.13994	1.13596	1.13562	1.1471	1.147	1.14665	1.14357	1.14017	1.13971	1.15113	1.15256	1.15079
ERR607239-k20-n1-x5e9	1.02149	0.991374	0.984581	0.963955	0.963526	0.96405	0.931996	1.00258	0.936901	0.929174	0.930136	0.933699	0.977683	0.936789	0.936413	0.937416	0.936593	0.937941	0.896514	0.948609	0.904788	0.892735	0.893494	0.892573	0.834396	0.770655	0.869359	0	0.787932	0.900027	1.13323	1.11978	1.12322	1.14105	1.14413	1.14398	0.872379	0.919214	0.880778	0.880677	0.880177	0.880952	0.905996	0.918521	0.877409	0.87938	0.877861	0.877779	1.17719	1.15469	1.14628	1.14805	1.14848	1.15568	1.09962	1.06777	1.06183	1.06261	1.06199	1.06837	1.11845	1.09669	1.08391	1.08327	1.08056	1.09696	1.10436	1.07518	1.06355	1.06407	1.06465	1.07637	1.06864	1.06542	1.0654	1.08599	1.08788	1.08753	1.09833	1.05458	1.05455	1.08802	1.09339	1.09346	1.06856	1.06609	1.06481	1.07721	1.07669	1.07619	1.07477	1.06988	1.07064	1.08751	1.08758	1.08522
ERR607240-k20-n1-x5e9	1.0233	0.993592	0.986007	0.965502	0.965022	0.966239	0.932956	1.00309	0.937349	0.930396	0.931094	0.932255	0.978896	0.938938	0.938475	0.940145	0.940553	0.940491	0.895975	0.948478	0.908129	0.895843	0.894918	0.892982	0.835316	0.775009	0.868916	0.787932	0	0.89776	1.13389	1.12159	1.12454	1.14118	1.14448	1.14519	0.875246	0.919371	0.884397	0.884824	0.883485	0.884992	0.90599	0.919356	0.879813	0.881392	0.879716	0.880283	1.17802	1.15599	1.14638	1.14918	1.14958	1.15766	1.10205	1.06964	1.0633	1.06392	1.06371	1.07152	1.11849	1.098	1.08534	1.08479	1.08232	1.09821	1.10547	1.07665	1.06509	1.06635	1.06546	1.07741	1.07005	1.06621	1.067	1.0882	1.0889	1.0881	1.09888	1.05597	1.05423	1.08957	1.09439	1.09456	1.07023	1.06818	1.06722	1.07758	1.07738	1.07755	1.07538	1.07135	1.07068	1.09044	1.08981	1.08821
ERR607241-k20-n1-x5e9	1.11994	1.10064	1.09641	1.08028	1.07983	1.081	1.02154	1.07502	1.02464	1.01662	1.01814	1.01941	1.08012	1.04588	1.05024	1.04727	1.04846	1.04853	0.982959	0.986357	0.977719	0.981722	0.982646	0.982818	0.908762	0.885276	0.918513	0.900027	0.89776	0	1.20699	1.19658	1.19817	1.21304	1.21563	1.21553	0.988819	0.987699	0.990632	0.98989	0.98968	0.989881	0.970546	0.972419	0.984558	0.986624	0.986051	0.986691	1.23811	1.2239	1.21706	1.21813	1.21881	1.22403	1.18362	1.16304	1.15822	1.15902	1.1588	1.16357	1.19427	1.18116	1.17486	1.17446	1.17247	1.18159	1.18496	1.16793	1.1594	1.15987	1.15891	1.16865	1.16494	1.16143	1.16118	1.17463	1.17509	1.17502	1.13262	1.10875	1.10826	1.13609	1.14382	1.14371	1.16261	1.1604	1.16059	1.16848	1.16841	1.16822	1.16527	1.16245	1.16247	1.17522	1.17618	1.17437
ERR607793-k20-n1-x5e9	1.17198	1.14726	1.14351	1.12984	1.12999	1.13037	1.14555	1.18778	1.1496	1.1419	1.14224	1.14371	1.12499	1.10224	1.09995	1.10191	1.102	1.10173	1.13728	1.20128	1.15046	1.13533	1.13293	1.13193	1.15745	1.11412	1.18759	1.13323	1.13389	1.20699	0	0.872071	0.873686	0.918283	0.925901	0.924766	1.11591	1.16854	1.12059	1.12311	1.12141	1.12268	1.1796	1.18629	1.13073	1.13081	1.13006	1.12914	1.02304	1.01193	1.00332	1.00734	1.00527	1.01066	0.967531	0.946921	0.939687	0.941268	0.941059	0.946602	0.986015	0.978064	0.968223	0.966848	0.963453	0.977473	0.966431	0.95075	0.940809	0.942494	0.941697	0.951029	0.955689	0.952567	0.95216	0.963594	0.963579	0.964435	1.08294	1.03542	1.03451	1.07587	1.07564	1.07634	0.912101	0.919969	0.916377	0.922733	0.923672	0.922251	0.956276	0.953414	0.951296	0.970355	0.971882	0.970603
ERR607794-k20-n1-x5e9	1.15733	1.13446	1.13161	1.11585	1.11569	1.11699	1.13143	1.17492	1.13493	1.12652	1.12577	1.12988	1.11391	1.0837	1.08022	1.0851	1.08531	1.08595	1.11657	1.18835	1.13615	1.11494	1.11338	1.11205	1.14451	1.09572	1.17708	1.11978	1.12159	1.19658	0.872071	0	0.85721	0.892745	0.900749	0.89988	1.10078	1.1572	1.10655	1.109	1.10772	1.10868	1.16854	1.17586	1.11731	1.11842	1.11649	1.11572	1.01504	0.999703	0.984563	0.988117	0.989495	0.999532	0.951081	0.92333	0.919156	0.921272	0.919993	0.922433	0.971642	0.954467	0.948331	0.948104	0.94481	0.952326	0.952626	0.932229	0.91978	0.919002	0.920874	0.931048	0.933383	0.931549	0.931818	0.941599	0.944976	0.944077	1.07012	1.02004	1.01727	1.06005	1.061	1.06205	0.894308	0.894696	0.89242	0.900422	0.901153	0.899514	0.933863	0.936127	0.932568	0.950304	0.95283	0.94995
ERR607795-k20-n1-x5e9	1.16059	1.13908	1.1353	1.11996	1.11922	1.11985	1.13595	1.1777	1.13677	1.1309	1.13013	1.13311	1.11308	1.08622	1.08339	1.08746	1.08751	1.08784	1.12133	1.19052	1.13985	1.11826	1.11637	1.11531	1.14535	1.0988	1.17927	1.12322	1.12454	1.19817	0.873686	0.85721	0	0.894463	0.904059	0.900825	1.10443	1.1588	1.10909	1.11149	1.11001	1.1113	1.17082	1.17761	1.12002	1.1201	1.1192	1.11784	1.01515	1.00216	0.987998	0.992453	0.991887	1.00129	0.952161	0.926793	0.926352	0.9264	0.92521	0.928523	0.973813	0.957244	0.952006	0.952094	0.949455	0.956703	0.951895	0.934287	0.922768	0.923292	0.922949	0.933993	0.936358	0.937356	0.936666	0.945365	0.946356	0.947313	1.07373	1.02518	1.0252	1.06529	1.06706	1.06788	0.898897	0.898427	0.89734	0.904243	0.906372	0.903437	0.936938	0.935853	0.937754	0.953044	0.956522	0.955732
ERR607796-k20-n1-x5e9	1.17851	1.15594	1.15171	1.13896	1.13865	1.1382	1.1534	1.19391	1.15507	1.15024	1.1501	1.1523	1.13067	1.10887	1.10822	1.11007	1.10942	1.109	1.14783	1.20744	1.15835	1.14531	1.14381	1.14319	1.16506	1.12135	1.19288	1.14105	1.14118	1.21304	0.918283	0.892745	0.894463	0	0.934619	0.934198	1.12246	1.17456	1.12763	1.13123	1.12874	1.13087	1.18536	1.19339	1.13772	1.13822	1.13676	1.13656	1.02907	1.02154	1.01328	1.01462	1.0151	1.02087	0.978387	0.959304	0.955811	0.958096	0.95721	0.959175	0.999601	0.985741	0.984402	0.982839	0.980326	0.985186	0.977845	0.967683	0.955104	0.956849	0.957666	0.967698	0.969666	0.966039	0.964955	0.976506	0.978184	0.977497	1.09306	1.05091	1.04815	1.08777	1.08832	1.08898	0.929504	0.930044	0.928688	0.935259	0.938244	0.93682	0.966717	0.96755	0.965174	0.982043	0.988068	0.986037
ERR607797-k20-n1-x5e9	1.18133	1.16031	1.15469	1.14054	1.14082	1.14144	1.15564	1.19659	1.15744	1.15323	1.15266	1.15447	1.13451	1.11315	1.11224	1.11388	1.11326	1.1135	1.15154	1.20909	1.16136	1.14925	1.14755	1.14623	1.16825	1.12583	1.1957	1.14413	1.14448	1.21563	0.925901	0.900749	0.904059	0.934619	0	0.938762	1.12545	1.1767	1.13153	1.13446	1.133	1.13446	1.18805	1.19696	1.1408	1.14234	1.14002	1.13986	1.03205	1.02506	1.01624	1.0194	1.01874	1.02407	0.983192	0.966079	0.962429	0.963617	0.96252	0.966384	1.00692	0.991067	0.990648	0.990025	0.986243	0.990346	0.981778	0.97473	0.960678	0.961851	0.962271	0.975454	0.97584	0.972472	0.971398	0.981974	0.983026	0.982825	1.09591	1.05674	1.05435	1.0911	1.09267	1.09313	0.935111	0.936871	0.935877	0.942339	0.943343	0.942434	0.974569	0.97645	0.972294	0.988003	0.990572	0.989169
ERR607798-k20-n1-x5e9	1.1808	1.1583	1.15457	1.14055	1.14059	1.141	1.15598	1.19636	1.15702	1.15346	1.15262	1.15478	1.13358	1.1133	1.1122	1.11353	1.1131	1.1138	1.15099	1.20868	1.16139	1.14865	1.14735	1.14572	1.16787	1.1266	1.19605	1.14398	1.14519	1.21553	0.924766	0.89988	0.900825	0.934198	0.938762	0	1.12559	1.17667	1.13052	1.13457	1.13249	1.13389	1.18805	1.19635	1.1413	1.14172	1.14034	1.13874	1.03108	1.02418	1.01503	1.01746	1.01864	1.02345	0.981418	0.964751	0.961742	0.964004	0.962386	0.964839	1.00439	0.989965	0.990349	0.987815	0.98493	0.987737	0.980472	0.972765	0.960006	0.960847	0.961731	0.97229	0.974268	0.970362	0.971338	0.981643	0.982392	0.98215	1.09496	1.05544	1.05281	1.09049	1.09058	1.09233	0.934783	0.937097	0.9335	0.94107	0.942857	0.941929	0.97401	0.974653	0.970854	0.986971	0.989931	0.990218
ERR605339-k20-n1-x5e9	0.959475	0.916303	0.901818	0.875679	0.87575	0.87608	0.856731	0.950578	0.855296	0.857773	0.859674	0.854645	0.916932	0.880414	0.876815	0.882661	0.882432	0.883053	0.834913	0.936915	0.858775	0.829317	0.827102	0.823483	0.921725	0.853117	0.965326	0.872379	0.875246	0.988819	1.11591	1.10078	1.10443	1.12246	1.12545	1.12559	0	0.756835	0.681136	0.684239	0.682553	0.684351	0.871558	0.893085	0.807978	0.809583	0.807383	0.806193	1.15589	1.13059	1.11929	1.12288	1.12351	1.13196	1.0675	1.04056	1.03175	1.03257	1.03132	1.04264	1.08257	1.05969	1.05089	1.05113	1.05138	1.06075	1.0688	1.04563	1.03457	1.035	1.03308	1.04776	1.0337	1.02861	1.02849	1.06707	1.06693	1.06695	1.10149	1.05264	1.04927	1.08927	1.09203	1.09305	1.03716	1.03253	1.02942	1.04909	1.0482	1.04831	1.0513	1.04357	1.04239	1.06449	1.06415	1.06322
ERR605340-k20-n1-x5e9	1.01813	0.994087	0.983504	0.960025	0.959612	0.960043	0.915474	0.990329	0.916143	0.91219	0.912698	0.912243	0.988739	0.954724	0.953971	0.955702	0.954357	0.955513	0.891222	0.939675	0.897108	0.887732	0.887494	0.885613	0.940142	0.906885	0.971008	0.919214	0.919371	0.987699	1.16854	1.1572	1.1588	1.17456	1.1767	1.17667	0.756835	0	0.770452	0.777115	0.773224	0.777266	0.907695	0.914076	0.877766	0.878334	0.877438	0.875511	1.19774	1.18178	1.17102	1.1746	1.17475	1.18226	1.13291	1.10225	1.09666	1.09794	1.09681	1.10303	1.14364	1.12568	1.11588	1.11383	1.11127	1.12684	1.13345	1.10928	1.09658	1.09649	1.09584	1.11045	1.10348	1.09841	1.09767	1.12144	1.12177	1.12195	1.12708	1.09151	1.08867	1.12093	1.12681	1.12696	1.10007	1.09747	1.09709	1.10872	1.10813	1.10758	1.10878	1.10389	1.1023	1.12711	1.12661	1.1251
ERR605341-k20-n1-x5e9	0.969234	0.929137	0.918073	0.882458	0.881829	0.88467	0.861931	0.958427	0.863472	0.856468	0.857038	0.855769	0.928345	0.887327	0.894583	0.885223	0.885823	0.886223	0.846633	0.938579	0.851461	0.83861	0.838033	0.836175	0.924926	0.8574	0.96698	0.880778	0.884397	0.990632	1.12059	1.10655	1.10909	1.12763	1.13153	1.13052	0.681136	0.770452	0	0.698433	0.696926	0.697228	0.883672	0.894701	0.819208	0.820197	0.818746	0.818087	1.1609	1.1407	1.12626	1.13098	1.13198	1.14139	1.07468	1.0514	1.03987	1.04203	1.04044	1.05064	1.08821	1.06881	1.05975	1.05895	1.05588	1.07004	1.078	1.05349	1.04347	1.04608	1.04353	1.05442	1.04769	1.03966	1.03933	1.0768	1.07604	1.0784	1.10577	1.05836	1.05732	1.0965	1.09966	1.10133	1.04564	1.03992	1.03815	1.0569	1.05967	1.05876	1.05769	1.05288	1.05043	1.0724	1.0739	1.07246
ERR605342-k20-n1-x5e9	0.971064	0.929554	0.919105	0.884872	0.884576	0.884183	0.859203	0.957262	0.862224	0.851248	0.854344	0.854989	0.9366	0.887026	0.894969	0.888426	0.88653	0.886792	0.847484	0.940831	0.851119	0.841542	0.841556	0.837278	0.928345	0.853889	0.964545	0.880677	0.884824	0.98989	1.12311	1.109	1.11149	1.13123	1.13446	1.13457	0.684239	0.777115	0.698433	0	0.694194	0.696355	0.882956	0.897604	0.820719	0.821876	0.820797	0.819873	1.16343	1.14287	1.12917	1.13355	1.13516	1.1445	1.07746	1.04982	1.04253	1.04416	1.04303	1.05157	1.09153	1.06926	1.06133	1.06038	1.05793	1.0706	1.08194	1.05526	1.04414	1.04418	1.04658	1.05678	1.05174	1.04225	1.04193	1.07565	1.07874	1.07557	1.10553	1.0551	1.05305	1.09486	1.099	1.10012	1.04755	1.04122	1.04176	1.05723	1.05673	1.05777	1.05881	1.05521	1.05243	1.07362	1.07483	1.07264
ERR605343-k20-n1-x5e9	0.969583	0.927399	0.91668	0.880603	0.880208	0.882983	0.859166	0.956607	0.862618	0.851698	0.85183	0.853543	0.932376	0.887325	0.897587	0.887062	0.885651	0.88592	0.84489	0.93982	0.851178	0.83939	0.838441	0.836241	0.926823	0.852758	0.965278	0.880177	0.883485	0.98968	1.12141	1.10772	1.11001	1.12874	1.133	1.13249	0.682553	0.773224	0.696926	0.694194	0	0.692788	0.881176	0.895996	0.818088	0.81907	0.818375	0.818052	1.16279	1.14229	1.12802	1.13162	1.13293	1.1424	1.07628	1.04937	1.04153	1.04166	1.04074	1.04958	1.08979	1.06853	1.05985	1.0594	1.05666	1.0695	1.08029	1.05358	1.04175	1.04354	1.04461	1.05383	1.04964	1.04003	1.03948	1.07462	1.07716	1.07586	1.1046	1.05401	1.05283	1.09437	1.09821	1.09889	1.04504	1.04094	1.03916	1.05685	1.05611	1.05663	1.05828	1.05349	1.05104	1.07277	1.07272	1.07201
ERR605344-k20-n1-x5e9	0.969912	0.929675	0.918847	0.881485	0.881729	0.883656	0.859011	0.956267	0.861333	0.851349	0.851192	0.854648	0.934333	0.88565	0.891983	0.884234	0.885621	0.885942	0.846267	0.94086	0.850826	0.841863	0.839431	0.837805	0.927987	0.854384	0.96489	0.880952	0.884992	0.989881	1.12268	1.10868	1.1113	1.13087	1.13446	1.13389	0.684351	0.777266	0.697228	0.696355	0.692788	0	0.882889	0.896883	0.820014	0.820558	0.820334	0.818712	1.16336	1.14283	1.12886	1.13358	1.13492	1.14421	1.0774	1.05016	1.04168	1.04434	1.04117	1.05052	1.09153	1.06936	1.06091	1.06052	1.05794	1.07045	1.08173	1.05498	1.04358	1.0438	1.04515	1.05701	1.05179	1.04255	1.04175	1.07457	1.07721	1.0754	1.10519	1.05567	1.05401	1.09536	1.09958	1.10039	1.0475	1.04121	1.04149	1.05676	1.05695	1.05775	1.05836	1.05529	1.0518	1.07355	1.07489	1.07311
ERR605831-k20-n1-x5e9	1.03059	1.00318	0.997711	0.976067	0.976229	0.976706	0.922885	0.994982	0.926648	0.918714	0.919458	0.922752	1.00423	0.96616	0.97024	0.966544	0.966474	0.966384	0.864987	0.909653	0.865929	0.862295	0.862584	0.860215	0.924279	0.891766	0.957884	0.905996	0.90599	0.970546	1.1796	1.16854	1.17082	1.18536	1.18805	1.18805	0.871558	0.907695	0.883672	0.882956	0.881176	0.882889	0	0.801	0.767475	0.769847	0.770144	0.771079	1.2084	1.19242	1.18186	1.1851	1.18612	1.19279	1.14357	1.11489	1.10735	1.10887	1.108	1.11672	1.15529	1.14079	1.1312	1.13045	1.12794	1.14213	1.1468	1.12563	1.11157	1.11087	1.10964	1.12671	1.12	1.11456	1.11435	1.13511	1.13536	1.13606	1.12218	1.08442	1.08365	1.11734	1.12385	1.12479	1.11208	1.10973	1.10767	1.12184	1.12018	1.11936	1.12101	1.11299	1.1124	1.13589	1.13575	1.13491
ERR605832-k20-n1-x5e9	1.04527	1.01536	1.01027	0.991663	0.991774	0.991851	0.937401	1.00885	0.935602	0.931905	0.933182	0.934457	1.01271	0.980582	0.981685	0.981029	0.981078	0.98265	0.884154	0.917897	0.880852	0.879994	0.87909	0.877736	0.929452	0.903765	0.965802	0.918521	0.919356	0.972419	1.18629	1.17586	1.17761	1.19339	1.19696	1.19635	0.893085	0.914076	0.894701	0.897604	0.895996	0.896883	0.801	0	0.786031	0.789469	0.78718	0.785314	1.21486	1.19939	1.19135	1.19432	1.194	1.20013	1.15237	1.12876	1.11806	1.11851	1.11771	1.13004	1.1627	1.14751	1.14244	1.14172	1.13993	1.14894	1.15384	1.13669	1.1254	1.12517	1.12325	1.13818	1.12815	1.12622	1.12698	1.14867	1.14784	1.14966	1.12656	1.0913	1.09086	1.12605	1.13192	1.13179	1.12174	1.11796	1.11872	1.13601	1.13446	1.13366	1.13458	1.12506	1.12278	1.14561	1.14655	1.1468
ERR605833-k20-n1-x5e9	0.981026	0.939359	0.928853	0.898611	0.898132	0.897435	0.868009	0.962833	0.872361	0.863036	0.863655	0.866844	0.944423	0.900358	0.908228	0.898357	0.8976	0.896953	0.82011	0.917594	0.82577	0.814174	0.811941	0.808105	0.921841	0.852611	0.962538	0.877409	0.879813	0.984558	1.13073	1.11731	1.12002	1.13772	1.1408	1.1413	0.807978	0.877766	0.819208	0.820719	0.818088	0.820014	0.767475	0.786031	0	0.685026	0.686097	0.683491	1.17022	1.14845	1.13483	1.13899	1.13981	1.15033	1.08498	1.05828	1.04998	1.05155	1.05024	1.05969	1.10017	1.08052	1.0708	1.06937	1.06798	1.08147	1.09094	1.06378	1.05459	1.05752	1.05485	1.06573	1.06063	1.0522	1.05245	1.08876	1.08737	1.08734	1.1058	1.05696	1.05556	1.095	1.09916	1.10047	1.05503	1.05018	1.04837	1.06492	1.06616	1.06788	1.06661	1.06171	1.05968	1.07959	1.08019	1.07866
ERR605834-k20-n1-x5e9	0.981758	0.942317	0.931916	0.89835	0.898148	0.90087	0.871016	0.964438	0.874027	0.863858	0.864561	0.865698	0.944916	0.902307	0.91146	0.90127	0.900343	0.900125	0.823604	0.918434	0.829	0.817057	0.815616	0.813416	0.920612	0.852717	0.962775	0.87938	0.881392	0.986624	1.13081	1.11842	1.1201	1.13822	1.14234	1.14172	0.809583	0.878334	0.820197	0.821876	0.81907	0.820558	0.769847	0.789469	0.685026	0	0.677558	0.679271	1.16986	1.15043	1.13633	1.14056	1.14137	1.1503	1.08544	1.06013	1.05302	1.05344	1.05264	1.06021	1.10056	1.08121	1.07266	1.07244	1.06982	1.08095	1.09128	1.06615	1.05509	1.05637	1.05831	1.06639	1.06383	1.0546	1.05395	1.08772	1.0893	1.08772	1.10712	1.06012	1.05919	1.09757	1.10075	1.10183	1.05659	1.0531	1.05098	1.06774	1.06775	1.06736	1.06803	1.0639	1.06091	1.08166	1.08228	1.08172
