.	ERR608293-k20-n1-x5e9	ERR608294-k20-n1-x5e9	ERR608295-k20-n1-x5e9	ERR608296-k20-n1-x5e9	ERR608297-k20-n1-x5e9	ERR608298-k20-n1-x5e9	ERR610193-k20-n1-x5e9	ERR610194-k20-n1-x5e9	ERR610195-k20-n1-x5e9	ERR610196-k20-n1-x5e9	ERR610197-k20-n1-x5e9	ERR610198-k20-n1-x5e9	ERR608817-k20-n1-x5e9	ERR608818-k20-n1-x5e9	ERR608819-k20-n1-x5e9	ERR608820-k20-n1-x5e9	ERR608821-k20-n1-x5e9	ERR608822-k20-n1-x5e9	ERR605665-k20-n1-x5e9	ERR605666-k20-n1-x5e9	ERR605667-k20-n1-x5e9	ERR605668-k20-n1-x5e9	ERR605669-k20-n1-x5e9	ERR605670-k20-n1-x5e9	ERR607397-k20-n1-x5e9	ERR607398-k20-n1-x5e9	ERR607399-k20-n1-x5e9	ERR607400-k20-n1-x5e9	ERR607401-k20-n1-x5e9	ERR607402-k20-n1-x5e9	ERR605737-k20-n1-x5e9	ERR605738-k20-n1-x5e9	ERR605739-k20-n1-x5e9	ERR605740-k20-n1-x5e9	ERR605741-k20-n1-x5e9	ERR605742-k20-n1-x5e9	ERR608659-k20-n1-x5e9	ERR608660-k20-n1-x5e9	ERR608661-k20-n1-x5e9	ERR608662-k20-n1-x5e9	ERR608663-k20-n1-x5e9	ERR608664-k20-n1-x5e9	ERR609881-k20-n1-x5e9	ERR609882-k20-n1-x5e9	ERR609883-k20-n1-x5e9	ERR609884-k20-n1-x5e9	ERR609885-k20-n1-x5e9	ERR609886-k20-n1-x5e9	ERR608787-k20-n1-x5e9	ERR608788-k20-n1-x5e9	ERR608789-k20-n1-x5e9	ERR608790-k20-n1-x5e9	ERR608791-k20-n1-x5e9	ERR608792-k20-n1-x5e9	ERR608389-k20-n1-x5e9	ERR608390-k20-n1-x5e9	ERR608391-k20-n1-x5e9	ERR608392-k20-n1-x5e9	ERR608393-k20-n1-x5e9	ERR608394-k20-n1-x5e9	ERR605988-k20-n1-x5e9	ERR605989-k20-n1-x5e9	ERR605990-k20-n1-x5e9	ERR605991-k20-n1-x5e9	ERR605992-k20-n1-x5e9	ERR605993-k20-n1-x5e9	ERR605659-k20-n1-x5e9	ERR605660-k20-n1-x5e9	ERR605661-k20-n1-x5e9	ERR605662-k20-n1-x5e9	ERR605663-k20-n1-x5e9	ERR605664-k20-n1-x5e9	ERR605976-k20-n1-x5e9	ERR605977-k20-n1-x5e9	ERR605978-k20-n1-x5e9	ERR605979-k20-n1-x5e9	ERR605980-k20-n1-x5e9	ERR605981-k20-n1-x5e9	ERR605611-k20-n1-x5e9	ERR605612-k20-n1-x5e9	ERR605613-k20-n1-x5e9	ERR605614-k20-n1-x5e9	ERR605615-k20-n1-x5e9	ERR605616-k20-n1-x5e9	ERR608215-k20-n1-x5e9	ERR608216-k20-n1-x5e9	ERR608217-k20-n1-x5e9	ERR608218-k20-n1-x5e9	ERR608219-k20-n1-x5e9	ERR608220-k20-n1-x5e9	ERR607311-k20-n1-x5e9	ERR607312-k20-n1-x5e9	ERR607313-k20-n1-x5e9	ERR607314-k20-n1-x5e9	ERR607315-k20-n1-x5e9	ERR607316-k20-n1-x5e9
ERR608293-k20-n1-x5e9	3.45789e+09	3.98903e+09	4.14757e+09	4.42489e+09	4.41329e+09	4.47534e+09	3.67773e+09	2.47406e+09	3.39674e+09	3.95394e+09	3.92691e+09	3.95904e+09	3.6323e+09	4.42726e+09	4.55342e+09	3.77228e+09	3.82302e+09	3.70655e+09	5.60252e+09	5.43604e+09	5.37248e+09	5.37621e+09	5.48684e+09	5.44871e+09	4.24632e+09	5.08543e+09	5.19905e+09	4.41913e+09	4.46486e+09	4.33455e+09	4.44027e+09	4.25369e+09	4.16629e+09	4.08898e+09	4.18207e+09	4.13779e+09	3.28992e+09	3.39984e+09	3.19936e+09	4.62823e+09	4.59653e+09	4.57937e+09	3.16971e+09	3.32716e+09	3.55354e+09	5.15924e+09	4.99138e+09	4.96681e+09	4.04932e+09	4.21755e+09	4.21091e+09	3.44058e+09	3.4497e+09	3.48099e+09	3.63032e+09	4.12143e+09	4.35244e+09	4.33201e+09	4.3928e+09	4.11736e+09	3.16161e+09	4.24001e+09	4.27161e+09	3.58505e+09	3.59399e+09	3.5752e+09	4.391e+09	4.1992e+09	4.15394e+09	4.07963e+09	4.16073e+09	4.11736e+09	4.35068e+09	5.21663e+09	5.24897e+09	4.60237e+09	4.59205e+09	4.56198e+09	4.4823e+09	4.32445e+09	4.27962e+09	4.17966e+09	4.23214e+09	4.20762e+09	5.06983e+09	5.15594e+09	5.15524e+09	4.54754e+09	4.58178e+09	4.53907e+09	3.89821e+09	4.10243e+09	4.11468e+09	3.49669e+09	3.58619e+09	3.65678e+09
ERR608294-k20-n1-x5e9	3.98903e+09	5.03541e+09	5.10403e+09	5.47713e+09	5.46092e+09	5.54351e+09	4.60752e+09	2.96095e+09	4.21871e+09	4.9673e+09	4.93136e+09	4.97429e+09	4.38554e+09	5.48079e+09	5.65896e+09	4.59605e+09	4.66381e+09	4.50649e+09	7.07981e+09	6.8479e+09	6.75951e+09	6.77186e+09	6.89889e+09	6.84959e+09	5.19269e+09	6.35949e+09	6.52165e+09	5.45565e+09	5.51668e+09	5.33993e+09	5.49304e+09	5.23707e+09	5.11648e+09	5.01847e+09	5.12623e+09	5.06797e+09	3.9803e+09	4.12622e+09	3.86643e+09	5.76911e+09	5.72782e+09	5.70345e+09	3.79295e+09	3.99709e+09	4.28774e+09	6.46446e+09	6.22832e+09	6.19334e+09	4.98763e+09	5.22075e+09	5.20432e+09	4.19726e+09	4.21019e+09	4.25199e+09	4.41907e+09	5.0904e+09	5.40262e+09	5.37943e+09	5.45852e+09	5.08336e+09	3.81691e+09	5.27557e+09	5.32018e+09	4.39999e+09	4.41034e+09	4.38491e+09	5.45157e+09	5.19213e+09	5.1288e+09	5.03655e+09	5.12498e+09	5.06967e+09	5.36525e+09	6.56941e+09	6.61457e+09	5.73336e+09	5.71783e+09	5.67894e+09	5.54001e+09	5.32575e+09	5.26367e+09	5.13678e+09	5.19165e+09	5.16008e+09	6.35668e+09	6.48038e+09	6.474e+09	5.65131e+09	5.69561e+09	5.63804e+09	4.79175e+09	5.0699e+09	5.07621e+09	4.26462e+09	4.38618e+09	4.48108e+09
ERR608295-k20-n1-x5e9	4.14757e+09	5.10403e+09	5.50841e+09	5.74423e+09	5.72688e+09	5.81493e+09	4.83536e+09	3.07179e+09	4.41603e+09	5.21899e+09	5.1805e+09	5.22625e+09	4.5701e+09	5.74847e+09	5.94156e+09	4.79778e+09	4.87028e+09	4.70158e+09	7.47e+09	7.21926e+09	7.12505e+09	7.13923e+09	7.27088e+09	7.21782e+09	5.43185e+09	6.69216e+09	6.86926e+09	5.71903e+09	5.7846e+09	5.5943e+09	5.76161e+09	5.48555e+09	5.35671e+09	5.25191e+09	5.36454e+09	5.30282e+09	4.1458e+09	4.30105e+09	4.02569e+09	6.06032e+09	6.01592e+09	5.98949e+09	3.9443e+09	4.16047e+09	4.46892e+09	6.80699e+09	6.55022e+09	6.51232e+09	5.22928e+09	5.48023e+09	5.46137e+09	4.38738e+09	4.40192e+09	4.44617e+09	4.6163e+09	5.33628e+09	5.67213e+09	5.64821e+09	5.73316e+09	5.32887e+09	3.97823e+09	5.53936e+09	5.58784e+09	4.6017e+09	4.61193e+09	4.58454e+09	5.72289e+09	5.44424e+09	5.37649e+09	5.27864e+09	5.37045e+09	5.31178e+09	5.62899e+09	6.92767e+09	6.97685e+09	6.02735e+09	6.01009e+09	5.96782e+09	5.81633e+09	5.58676e+09	5.52146e+09	5.38609e+09	5.44259e+09	5.40964e+09	6.69606e+09	6.8305e+09	6.82233e+09	5.93982e+09	5.98722e+09	5.92496e+09	5.01925e+09	5.31888e+09	5.32347e+09	4.45708e+09	4.58764e+09	4.68927e+09
ERR608296-k20-n1-x5e9	4.42489e+09	5.47713e+09	5.74423e+09	6.3839e+09	6.18126e+09	6.28148e+09	5.1958e+09	3.25298e+09	4.72882e+09	5.62548e+09	5.58215e+09	5.63297e+09	4.89847e+09	6.20734e+09	6.42348e+09	5.14392e+09	5.22421e+09	5.03712e+09	8.157e+09	7.87448e+09	7.76569e+09	7.78128e+09	7.93683e+09	7.87656e+09	5.86309e+09	7.2759e+09	7.47413e+09	6.17816e+09	6.25257e+09	6.03867e+09	6.2258e+09	5.91689e+09	5.77064e+09	5.65271e+09	5.78641e+09	5.71719e+09	4.42432e+09	4.59412e+09	4.29269e+09	6.55882e+09	6.50801e+09	6.47856e+09	4.20297e+09	4.44012e+09	4.78281e+09	7.4076e+09	7.11901e+09	7.07706e+09	5.65152e+09	5.92979e+09	5.91115e+09	4.71116e+09	4.72733e+09	4.7759e+09	4.96217e+09	5.75933e+09	6.13395e+09	6.10608e+09	6.20099e+09	5.75151e+09	4.26127e+09	5.98591e+09	6.03944e+09	4.9443e+09	4.95744e+09	4.92654e+09	6.19304e+09	5.88244e+09	5.80539e+09	5.6949e+09	5.80598e+09	5.73913e+09	6.09451e+09	7.54527e+09	7.59955e+09	6.53585e+09	6.51763e+09	6.47027e+09	6.30698e+09	6.05238e+09	5.9784e+09	5.82653e+09	5.89789e+09	5.85988e+09	7.28796e+09	7.4378e+09	7.42993e+09	6.444e+09	6.49738e+09	6.42723e+09	5.4134e+09	5.74539e+09	5.75296e+09	4.78848e+09	4.93084e+09	5.04356e+09
ERR608297-k20-n1-x5e9	4.41329e+09	5.46092e+09	5.72688e+09	6.18126e+09	6.34482e+09	6.26152e+09	5.17827e+09	3.24484e+09	4.71264e+09	5.60583e+09	5.5629e+09	5.61355e+09	4.8849e+09	6.18783e+09	6.40302e+09	5.12845e+09	5.20957e+09	5.02289e+09	8.12706e+09	7.84564e+09	7.73791e+09	7.7536e+09	7.90899e+09	7.84951e+09	5.84554e+09	7.25001e+09	7.44699e+09	6.15839e+09	6.23298e+09	6.01997e+09	6.20643e+09	5.89951e+09	5.75382e+09	5.63615e+09	5.77134e+09	5.70126e+09	4.4133e+09	4.58208e+09	4.28188e+09	6.53808e+09	6.48832e+09	6.45811e+09	4.19245e+09	4.42821e+09	4.77041e+09	7.38203e+09	7.09586e+09	7.05327e+09	5.63383e+09	5.91066e+09	5.89193e+09	4.69702e+09	4.71274e+09	4.76158e+09	4.94822e+09	5.74078e+09	6.11453e+09	6.08601e+09	6.18136e+09	5.73388e+09	4.24957e+09	5.96541e+09	6.01885e+09	4.92925e+09	4.94245e+09	4.91172e+09	6.17289e+09	5.86418e+09	5.78683e+09	5.67714e+09	5.78837e+09	5.72236e+09	6.07639e+09	7.51808e+09	7.57185e+09	6.51482e+09	6.49641e+09	6.44988e+09	6.28622e+09	6.03296e+09	5.95925e+09	5.80816e+09	5.87961e+09	5.84148e+09	7.26184e+09	7.41119e+09	7.40328e+09	6.42157e+09	6.47483e+09	6.40537e+09	5.39656e+09	5.72733e+09	5.7357e+09	4.77478e+09	4.91664e+09	5.02893e+09
ERR608298-k20-n1-x5e9	4.47534e+09	5.54351e+09	5.81493e+09	6.28148e+09	6.26152e+09	6.55164e+09	5.24821e+09	3.28009e+09	4.77425e+09	5.68692e+09	5.64259e+09	5.69465e+09	4.95693e+09	6.28788e+09	6.50819e+09	5.20379e+09	5.28633e+09	5.09556e+09	8.28104e+09	7.99303e+09	7.88173e+09	7.89683e+09	8.05968e+09	7.99771e+09	5.94259e+09	7.382e+09	7.58348e+09	6.2616e+09	6.33784e+09	6.1191e+09	6.31071e+09	5.99658e+09	5.84625e+09	5.72534e+09	5.86677e+09	5.79435e+09	4.47223e+09	4.64389e+09	4.33848e+09	6.64592e+09	6.59421e+09	6.5642e+09	4.24932e+09	4.48981e+09	4.83987e+09	7.51665e+09	7.22296e+09	7.17974e+09	5.72858e+09	6.01166e+09	5.99342e+09	4.76841e+09	4.78466e+09	4.83426e+09	5.02513e+09	5.83379e+09	6.21646e+09	6.18693e+09	6.28481e+09	5.82705e+09	4.31132e+09	6.06088e+09	6.11548e+09	5.00234e+09	5.01566e+09	4.98411e+09	6.27687e+09	5.96097e+09	5.88174e+09	5.76845e+09	5.88522e+09	5.81706e+09	6.18094e+09	7.655e+09	7.71055e+09	6.62644e+09	6.60904e+09	6.56043e+09	6.39988e+09	6.14158e+09	6.06521e+09	5.90971e+09	5.98576e+09	5.94712e+09	7.39628e+09	7.54892e+09	7.54156e+09	6.53665e+09	6.59146e+09	6.51996e+09	5.48365e+09	5.82214e+09	5.83133e+09	4.84692e+09	4.99119e+09	5.10612e+09
ERR610193-k20-n1-x5e9	3.67773e+09	4.60752e+09	4.83536e+09	5.1958e+09	5.17827e+09	5.24821e+09	5.85135e+09	3.43216e+09	5.10878e+09	6.09436e+09	6.0529e+09	6.10575e+09	4.26956e+09	5.47525e+09	5.68422e+09	4.56954e+09	4.63512e+09	4.4696e+09	7.24791e+09	6.93784e+09	6.82338e+09	6.87458e+09	6.93028e+09	6.88062e+09	4.87196e+09	6.18725e+09	6.40724e+09	5.23068e+09	5.28462e+09	5.11621e+09	5.32194e+09	5.04546e+09	4.91703e+09	4.8569e+09	4.85596e+09	4.81282e+09	4.07227e+09	4.23058e+09	3.97008e+09	5.94354e+09	5.90658e+09	5.87927e+09	3.67485e+09	3.86812e+09	4.11991e+09	6.4517e+09	6.14026e+09	6.08847e+09	4.66858e+09	4.92608e+09	4.87931e+09	3.99479e+09	4.00473e+09	4.04631e+09	4.27444e+09	5.01309e+09	5.33472e+09	5.33346e+09	5.40162e+09	5.00961e+09	3.81241e+09	5.50924e+09	5.56528e+09	4.55537e+09	4.56459e+09	4.53434e+09	5.4449e+09	5.15681e+09	5.08442e+09	5.02268e+09	5.00919e+09	4.96544e+09	5.07097e+09	6.61856e+09	6.67871e+09	5.63043e+09	5.61105e+09	5.57692e+09	5.07659e+09	4.81515e+09	4.73581e+09	4.62713e+09	4.61145e+09	4.58412e+09	6.17741e+09	6.36193e+09	6.33975e+09	5.25983e+09	5.30508e+09	5.23758e+09	4.61022e+09	4.91374e+09	4.87191e+09	4.12447e+09	4.25913e+09	4.35321e+09
ERR610194-k20-n1-x5e9	2.47406e+09	2.96095e+09	3.07179e+09	3.25298e+09	3.24484e+09	3.28009e+09	3.43216e+09	2.4406e+09	3.18277e+09	3.64687e+09	3.62649e+09	3.6513e+09	2.79729e+09	3.39878e+09	3.49436e+09	2.94698e+09	2.98073e+09	2.89606e+09	4.24893e+09	4.10745e+09	4.05259e+09	4.07071e+09	4.11854e+09	4.09284e+09	3.11644e+09	3.74941e+09	3.84781e+09	3.28483e+09	3.31153e+09	3.22824e+09	3.32533e+09	3.19006e+09	3.12722e+09	3.09358e+09	3.09863e+09	3.07522e+09	2.68098e+09	2.76539e+09	2.62451e+09	3.61892e+09	3.59998e+09	3.58728e+09	2.46702e+09	2.57514e+09	2.71345e+09	3.87348e+09	3.73021e+09	3.70626e+09	2.93326e+09	3.06098e+09	3.04296e+09	2.56235e+09	2.56742e+09	2.58981e+09	2.74876e+09	3.12569e+09	3.2871e+09	3.28315e+09	3.31872e+09	3.12519e+09	2.4857e+09	3.36545e+09	3.39119e+09	2.87753e+09	2.88288e+09	2.86824e+09	3.35394e+09	3.21063e+09	3.17373e+09	3.13818e+09	3.14023e+09	3.1161e+09	3.17577e+09	3.92101e+09	3.94833e+09	3.44254e+09	3.43532e+09	3.41738e+09	3.17461e+09	3.04064e+09	2.99776e+09	2.93805e+09	2.93317e+09	2.91854e+09	3.70316e+09	3.78732e+09	3.78215e+09	3.23941e+09	3.26344e+09	3.23017e+09	2.90357e+09	3.05758e+09	3.04225e+09	2.64203e+09	2.7114e+09	2.76104e+09
ERR610195-k20-n1-x5e9	3.39674e+09	4.21871e+09	4.41603e+09	4.72882e+09	4.71264e+09	4.77425e+09	5.10878e+09	3.18277e+09	4.81534e+09	5.47897e+09	5.4438e+09	5.48828e+09	3.92e+09	4.96969e+09	5.14713e+09	4.18582e+09	4.24264e+09	4.09795e+09	6.47048e+09	6.21154e+09	6.11513e+09	6.15604e+09	6.20858e+09	6.16622e+09	4.44738e+09	5.57763e+09	5.76187e+09	4.7593e+09	4.80533e+09	4.66014e+09	4.83865e+09	4.60024e+09	4.48963e+09	4.43711e+09	4.43412e+09	4.39608e+09	3.74688e+09	3.88781e+09	3.65691e+09	5.3676e+09	5.33538e+09	5.31222e+09	3.39314e+09	3.56584e+09	3.78803e+09	5.79956e+09	5.53679e+09	5.49278e+09	4.24496e+09	4.46776e+09	4.4288e+09	3.65204e+09	3.66052e+09	3.69738e+09	3.90735e+09	4.55197e+09	4.82938e+09	4.82787e+09	4.88662e+09	4.54882e+09	3.49443e+09	4.97552e+09	5.02307e+09	4.14881e+09	4.157e+09	4.13091e+09	4.92596e+09	4.67731e+09	4.61491e+09	4.56068e+09	4.54846e+09	4.51013e+09	4.60347e+09	5.92725e+09	5.97802e+09	5.08488e+09	5.06825e+09	5.03835e+09	4.60881e+09	4.38127e+09	4.3108e+09	4.21578e+09	4.19964e+09	4.17623e+09	5.54936e+09	5.70419e+09	5.68679e+09	4.75978e+09	4.79921e+09	4.74146e+09	4.19426e+09	4.45839e+09	4.42266e+09	3.76753e+09	3.88637e+09	3.96866e+09
ERR610196-k20-n1-x5e9	3.95394e+09	4.9673e+09	5.21899e+09	5.62548e+09	5.60583e+09	5.68692e+09	6.09436e+09	3.64687e+09	5.47897e+09	6.83518e+09	6.56183e+09	6.62287e+09	4.61911e+09	5.95299e+09	6.18557e+09	4.93226e+09	5.00601e+09	4.82328e+09	7.99357e+09	7.63985e+09	7.50775e+09	7.56053e+09	7.6493e+09	7.58878e+09	5.30356e+09	6.77542e+09	7.02127e+09	5.68712e+09	5.749e+09	5.55904e+09	5.78345e+09	5.47418e+09	5.33027e+09	5.25728e+09	5.27741e+09	5.22672e+09	4.37187e+09	4.54488e+09	4.25621e+09	6.4811e+09	6.43711e+09	6.40683e+09	3.94655e+09	4.16068e+09	4.44741e+09	7.08498e+09	6.73394e+09	6.67643e+09	5.0844e+09	5.36788e+09	5.321e+09	4.32001e+09	4.33087e+09	4.37735e+09	4.63849e+09	5.45242e+09	5.81293e+09	5.81007e+09	5.8874e+09	5.45018e+09	4.13258e+09	6.0052e+09	6.06718e+09	4.93496e+09	4.94771e+09	4.91291e+09	5.94456e+09	5.62108e+09	5.54029e+09	5.46513e+09	5.47208e+09	5.4194e+09	5.54527e+09	7.27202e+09	7.33945e+09	6.15281e+09	6.13281e+09	6.09269e+09	5.54819e+09	5.25774e+09	5.16992e+09	5.04382e+09	5.04452e+09	5.01203e+09	6.78172e+09	6.98758e+09	6.96753e+09	5.74031e+09	5.79278e+09	5.71603e+09	5.01468e+09	5.35055e+09	5.31202e+09	4.46804e+09	4.61459e+09	4.71881e+09
ERR610197-k20-n1-x5e9	3.92691e+09	4.93136e+09	5.1805e+09	5.58215e+09	5.5629e+09	5.64259e+09	6.0529e+09	3.62649e+09	5.4438e+09	6.56183e+09	6.73576e+09	6.57417e+09	4.58442e+09	5.90524e+09	6.13539e+09	4.89633e+09	4.96918e+09	4.78822e+09	7.91536e+09	7.566e+09	7.43624e+09	7.48931e+09	7.57351e+09	7.51418e+09	5.25993e+09	6.71478e+09	6.95826e+09	5.64034e+09	5.70167e+09	5.51403e+09	5.73578e+09	5.42985e+09	5.28805e+09	5.21623e+09	5.23443e+09	5.18418e+09	4.34204e+09	4.51384e+09	4.2277e+09	6.42724e+09	6.38426e+09	6.35382e+09	3.91904e+09	4.1309e+09	4.4142e+09	7.01871e+09	6.67161e+09	6.61437e+09	5.04066e+09	5.32121e+09	5.27431e+09	4.28694e+09	4.2974e+09	4.34307e+09	4.60023e+09	5.40565e+09	5.76222e+09	5.75955e+09	5.83634e+09	5.40375e+09	4.09923e+09	5.95261e+09	6.01451e+09	4.89464e+09	4.90706e+09	4.87263e+09	5.89117e+09	5.57178e+09	5.49158e+09	5.41813e+09	5.42276e+09	5.3713e+09	5.49481e+09	7.20222e+09	7.26933e+09	6.09677e+09	6.0765e+09	6.03727e+09	5.49727e+09	5.20986e+09	5.12315e+09	4.99907e+09	4.99799e+09	4.96568e+09	6.71778e+09	6.92113e+09	6.90142e+09	5.68923e+09	5.74087e+09	5.66511e+09	4.97317e+09	5.30574e+09	5.26631e+09	4.43303e+09	4.57802e+09	4.6813e+09
ERR610198-k20-n1-x5e9	3.95904e+09	4.97429e+09	5.22625e+09	5.63297e+09	5.61355e+09	5.69465e+09	6.10575e+09	3.6513e+09	5.48828e+09	6.62287e+09	6.57417e+09	6.86059e+09	4.62419e+09	5.96073e+09	6.19392e+09	4.93874e+09	5.01234e+09	4.82867e+09	8.00285e+09	7.64792e+09	7.51586e+09	7.56973e+09	7.65627e+09	7.59622e+09	5.30853e+09	6.78251e+09	7.02935e+09	5.69283e+09	5.75446e+09	5.56515e+09	5.78952e+09	5.47979e+09	5.33573e+09	5.26324e+09	5.28266e+09	5.2314e+09	4.37698e+09	4.55076e+09	4.26143e+09	6.48999e+09	6.44622e+09	6.4153e+09	3.9503e+09	4.1649e+09	4.45162e+09	7.09195e+09	6.74007e+09	6.68252e+09	5.08823e+09	5.37188e+09	5.32481e+09	4.32487e+09	4.33508e+09	4.38172e+09	4.6419e+09	5.45686e+09	5.81801e+09	5.81497e+09	5.89283e+09	5.45464e+09	4.13515e+09	6.01021e+09	6.07249e+09	4.93889e+09	4.95109e+09	4.91677e+09	5.94856e+09	5.6246e+09	5.54373e+09	5.46862e+09	5.47457e+09	5.42209e+09	5.54809e+09	7.27874e+09	7.34651e+09	6.1571e+09	6.13656e+09	6.09687e+09	5.55135e+09	5.26032e+09	5.17252e+09	5.04655e+09	5.0467e+09	5.0141e+09	6.78799e+09	6.99448e+09	6.97448e+09	5.74485e+09	5.79756e+09	5.72057e+09	5.01964e+09	5.35649e+09	5.31694e+09	4.47237e+09	4.61936e+09	4.72378e+09
ERR608817-k20-n1-x5e9	3.6323e+09	4.38554e+09	4.5701e+09	4.89847e+09	4.8849e+09	4.95693e+09	4.26956e+09	2.79729e+09	3.92e+09	4.61911e+09	4.58442e+09	4.62419e+09	4.28348e+09	5.08221e+09	5.23434e+09	4.28707e+09	4.34815e+09	4.20875e+09	6.4665e+09	6.25468e+09	6.17312e+09	6.17561e+09	6.3289e+09	6.27872e+09	4.78442e+09	5.79397e+09	5.93573e+09	4.98634e+09	5.0405e+09	4.88861e+09	5.00006e+09	4.77718e+09	4.67146e+09	4.58065e+09	4.69561e+09	4.64304e+09	3.69678e+09	3.82448e+09	3.58963e+09	5.29184e+09	5.25443e+09	5.23347e+09	3.51202e+09	3.6958e+09	3.96669e+09	5.91804e+09	5.70866e+09	5.67756e+09	4.5362e+09	4.73348e+09	4.72792e+09	3.82381e+09	3.83386e+09	3.87171e+09	4.08287e+09	4.65985e+09	4.93275e+09	4.91021e+09	4.98053e+09	4.65718e+09	3.56953e+09	4.84632e+09	4.88457e+09	4.06792e+09	4.08034e+09	4.05507e+09	5.00249e+09	4.7713e+09	4.715e+09	4.62672e+09	4.72958e+09	4.67751e+09	4.90849e+09	5.97296e+09	6.01243e+09	5.21478e+09	5.20444e+09	5.16869e+09	5.02291e+09	4.82838e+09	4.77096e+09	4.64973e+09	4.7229e+09	4.69097e+09	5.77242e+09	5.88307e+09	5.88608e+09	5.09538e+09	5.13849e+09	5.08404e+09	4.3856e+09	4.62518e+09	4.64155e+09	3.91433e+09	4.01699e+09	4.10082e+09
ERR608818-k20-n1-x5e9	4.42726e+09	5.48079e+09	5.74847e+09	6.20734e+09	6.18783e+09	6.28788e+09	5.47525e+09	3.39878e+09	4.96969e+09	5.95299e+09	5.90524e+09	5.96073e+09	5.08221e+09	6.6832e+09	6.68921e+09	5.33368e+09	5.41832e+09	5.22156e+09	8.44885e+09	8.13718e+09	8.0188e+09	8.03301e+09	8.2181e+09	8.14995e+09	5.98663e+09	7.46223e+09	7.67587e+09	6.30816e+09	6.38419e+09	6.16678e+09	6.34097e+09	6.02066e+09	5.86943e+09	5.74989e+09	5.88566e+09	5.81486e+09	4.55199e+09	4.72631e+09	4.41342e+09	6.78473e+09	6.73296e+09	6.70249e+09	4.28568e+09	4.52819e+09	4.88294e+09	7.64707e+09	7.33525e+09	7.28835e+09	5.7405e+09	6.02462e+09	6.00591e+09	4.78133e+09	4.79627e+09	4.84727e+09	5.09191e+09	5.91361e+09	6.29934e+09	6.27257e+09	6.36923e+09	5.90906e+09	4.40453e+09	6.20424e+09	6.262e+09	5.11533e+09	5.13187e+09	5.09682e+09	6.38826e+09	6.06013e+09	5.97993e+09	5.86583e+09	5.98208e+09	5.91287e+09	6.21958e+09	7.76896e+09	7.82744e+09	6.68807e+09	6.67162e+09	6.62187e+09	6.38113e+09	6.10725e+09	6.02731e+09	5.8669e+09	5.94753e+09	5.90578e+09	7.46686e+09	7.63237e+09	7.63022e+09	6.51692e+09	6.5753e+09	6.49908e+09	5.5349e+09	5.87623e+09	5.88541e+09	4.8918e+09	5.03716e+09	5.15331e+09
ERR608819-k20-n1-x5e9	4.55342e+09	5.65896e+09	5.94156e+09	6.42348e+09	6.40302e+09	6.50819e+09	5.68422e+09	3.49436e+09	5.14713e+09	6.18557e+09	6.13539e+09	6.19392e+09	5.23434e+09	6.68921e+09	7.16645e+09	5.50137e+09	5.59044e+09	5.38425e+09	8.79171e+09	8.46037e+09	8.33432e+09	8.3516e+09	8.53818e+09	8.46744e+09	6.17894e+09	7.74192e+09	7.97133e+09	6.52332e+09	6.60361e+09	6.37412e+09	6.56213e+09	6.22398e+09	6.06525e+09	5.94123e+09	6.07798e+09	6.00417e+09	4.68858e+09	4.87038e+09	4.54541e+09	7.03513e+09	6.98171e+09	6.94799e+09	4.4096e+09	4.66188e+09	5.02987e+09	7.94014e+09	7.60773e+09	7.55748e+09	5.93917e+09	6.24055e+09	6.21782e+09	4.93861e+09	4.95413e+09	5.00748e+09	5.25381e+09	6.12142e+09	6.5295e+09	6.50143e+09	6.60288e+09	6.1158e+09	4.53898e+09	6.43628e+09	6.49707e+09	5.28894e+09	5.30523e+09	5.26921e+09	6.62011e+09	6.27457e+09	6.18991e+09	6.07157e+09	6.18774e+09	6.11577e+09	6.43608e+09	8.07884e+09	8.14133e+09	6.93638e+09	6.91787e+09	6.8662e+09	6.60575e+09	6.31722e+09	6.23334e+09	6.06696e+09	6.14602e+09	6.10315e+09	7.75631e+09	7.9338e+09	7.92908e+09	6.75435e+09	6.81515e+09	6.73511e+09	5.72299e+09	6.08392e+09	6.09072e+09	5.05072e+09	5.20468e+09	5.3261e+09
ERR608820-k20-n1-x5e9	3.77228e+09	4.59605e+09	4.79778e+09	5.14392e+09	5.12845e+09	5.20379e+09	4.56954e+09	2.94698e+09	4.18582e+09	4.93226e+09	4.89633e+09	4.93874e+09	4.28707e+09	5.33368e+09	5.50137e+09	4.65282e+09	4.5557e+09	4.40544e+09	6.80146e+09	6.57158e+09	6.48285e+09	6.49387e+09	6.62928e+09	6.57933e+09	4.96609e+09	6.06838e+09	6.22643e+09	5.21428e+09	5.27044e+09	5.10825e+09	5.24009e+09	4.99986e+09	4.8849e+09	4.79626e+09	4.89216e+09	4.83964e+09	3.87414e+09	4.01318e+09	3.7642e+09	5.5711e+09	5.53341e+09	5.51017e+09	3.66294e+09	3.85629e+09	4.13046e+09	6.20797e+09	5.97692e+09	5.94192e+09	4.73642e+09	4.95372e+09	4.93883e+09	4.00371e+09	4.01489e+09	4.05405e+09	4.25787e+09	4.88853e+09	5.18039e+09	5.16009e+09	5.23269e+09	4.88453e+09	3.71714e+09	5.11315e+09	5.15564e+09	4.28022e+09	4.29293e+09	4.26575e+09	5.2513e+09	5.00402e+09	4.94229e+09	4.8559e+09	4.93909e+09	4.88707e+09	5.11367e+09	6.28634e+09	6.33016e+09	5.4749e+09	5.46273e+09	5.4259e+09	5.23218e+09	5.02217e+09	4.95954e+09	4.83758e+09	4.89262e+09	4.86139e+09	6.04908e+09	6.1736e+09	6.17151e+09	5.32954e+09	5.37301e+09	5.31633e+09	4.58545e+09	4.84601e+09	4.85197e+09	4.0939e+09	4.20644e+09	4.2953e+09
ERR608821-k20-n1-x5e9	3.82302e+09	4.66381e+09	4.87028e+09	5.22421e+09	5.20957e+09	5.28633e+09	4.63512e+09	2.98073e+09	4.24264e+09	5.00601e+09	4.96918e+09	5.01234e+09	4.34815e+09	5.41832e+09	5.59044e+09	4.5557e+09	4.78761e+09	4.46801e+09	6.92448e+09	6.68869e+09	6.59779e+09	6.60882e+09	6.74896e+09	6.69756e+09	5.04543e+09	6.17366e+09	6.33604e+09	5.29777e+09	5.3557e+09	5.18976e+09	5.32427e+09	5.07856e+09	4.96147e+09	4.87019e+09	4.96942e+09	4.91559e+09	3.92668e+09	4.06878e+09	3.81438e+09	5.66335e+09	5.62427e+09	5.60023e+09	3.71141e+09	3.90877e+09	4.18964e+09	6.31711e+09	6.07998e+09	6.04433e+09	4.81284e+09	5.03509e+09	5.02034e+09	4.0631e+09	4.07442e+09	4.1147e+09	4.32187e+09	4.96625e+09	5.26566e+09	5.24465e+09	5.31909e+09	4.96296e+09	3.77011e+09	5.19617e+09	5.24048e+09	4.34367e+09	4.35616e+09	4.32937e+09	5.33932e+09	5.08579e+09	5.02234e+09	4.93356e+09	5.0201e+09	4.96697e+09	5.19923e+09	6.3988e+09	6.44362e+09	5.56851e+09	5.55584e+09	5.51825e+09	5.32066e+09	5.10638e+09	5.04228e+09	4.91777e+09	4.97452e+09	4.94279e+09	6.15696e+09	6.28429e+09	6.28248e+09	5.41983e+09	5.46442e+09	5.40608e+09	4.65721e+09	4.92398e+09	4.93018e+09	4.15484e+09	4.26973e+09	4.36112e+09
ERR608822-k20-n1-x5e9	3.70655e+09	4.50649e+09	4.70158e+09	5.03712e+09	5.02289e+09	5.09556e+09	4.4696e+09	2.89606e+09	4.09795e+09	4.82328e+09	4.78822e+09	4.82867e+09	4.20875e+09	5.22156e+09	5.38425e+09	4.40544e+09	4.46801e+09	4.47909e+09	6.64591e+09	6.42312e+09	6.33694e+09	6.34714e+09	6.48107e+09	6.43243e+09	4.86947e+09	5.93672e+09	6.08979e+09	5.10767e+09	5.16269e+09	5.00555e+09	5.13161e+09	4.89914e+09	4.78766e+09	4.70158e+09	4.79597e+09	4.74474e+09	3.80375e+09	3.93939e+09	3.69665e+09	5.45206e+09	5.41446e+09	5.39218e+09	3.59917e+09	3.78758e+09	4.05536e+09	6.07152e+09	5.84776e+09	5.81362e+09	4.64113e+09	4.85177e+09	4.8377e+09	3.92671e+09	3.93792e+09	3.97592e+09	4.17701e+09	4.78865e+09	5.07253e+09	5.05239e+09	5.123e+09	4.7858e+09	3.65019e+09	5.00614e+09	5.04798e+09	4.19682e+09	4.20906e+09	4.18309e+09	5.1426e+09	4.90215e+09	4.84212e+09	4.75815e+09	4.83963e+09	4.78935e+09	5.01008e+09	6.14564e+09	6.18818e+09	5.35938e+09	5.34727e+09	5.31188e+09	5.12503e+09	4.92139e+09	4.86031e+09	4.741e+09	4.7959e+09	4.76527e+09	5.91703e+09	6.03753e+09	6.03582e+09	5.217e+09	5.2597e+09	5.2046e+09	4.494e+09	4.7473e+09	4.7536e+09	4.01636e+09	4.12549e+09	4.21187e+09
ERR605665-k20-n1-x5e9	5.60252e+09	7.07981e+09	7.47e+09	8.157e+09	8.12706e+09	8.28104e+09	7.24791e+09	4.24893e+09	6.47048e+09	7.99357e+09	7.91536e+09	8.00285e+09	6.4665e+09	8.44885e+09	8.79171e+09	6.80146e+09	6.92448e+09	6.64591e+09	1.26202e+10	1.17015e+10	1.14779e+10	1.15043e+10	1.18474e+10	1.17278e+10	7.88333e+09	1.01683e+10	1.05197e+10	8.35211e+09	8.46904e+09	8.1412e+09	8.54419e+09	8.05261e+09	7.81616e+09	7.63218e+09	7.86063e+09	7.75325e+09	5.79175e+09	6.02988e+09	5.60193e+09	9.09576e+09	9.01262e+09	8.96403e+09	5.48032e+09	5.82012e+09	6.32778e+09	1.06224e+10	1.00962e+10	1.00189e+10	7.60996e+09	8.03457e+09	8.0089e+09	6.20665e+09	6.22831e+09	6.30139e+09	6.64592e+09	7.84843e+09	8.4376e+09	8.3937e+09	8.54139e+09	7.84106e+09	5.72204e+09	8.39005e+09	8.48005e+09	6.74486e+09	6.77679e+09	6.72371e+09	8.69681e+09	8.18875e+09	8.05886e+09	7.88215e+09	8.08213e+09	7.97463e+09	8.41974e+09	1.09137e+10	1.10139e+10	9.15593e+09	9.138e+09	9.0586e+09	8.72205e+09	8.30274e+09	8.17596e+09	7.92851e+09	8.07836e+09	8.01154e+09	1.02837e+10	1.05576e+10	1.05551e+10	8.77943e+09	8.87262e+09	8.75109e+09	7.29799e+09	7.80522e+09	7.82192e+09	6.36197e+09	6.56755e+09	6.73381e+09
ERR605666-k20-n1-x5e9	5.43604e+09	6.8479e+09	7.21926e+09	7.87448e+09	7.84564e+09	7.99303e+09	6.93784e+09	4.10745e+09	6.21154e+09	7.63985e+09	7.566e+09	7.64792e+09	6.25468e+09	8.13718e+09	8.46037e+09	6.57158e+09	6.68869e+09	6.42312e+09	1.17015e+10	1.1533e+10	1.09917e+10	1.10141e+10	1.13385e+10	1.12279e+10	7.6171e+09	9.77179e+09	1.00971e+10	8.05838e+09	8.16981e+09	7.85805e+09	8.24991e+09	7.78476e+09	7.55828e+09	7.38018e+09	7.60514e+09	7.50121e+09	5.60114e+09	5.82779e+09	5.41816e+09	8.7394e+09	8.66103e+09	8.61495e+09	5.31587e+09	5.64261e+09	6.13075e+09	1.01964e+10	9.70754e+09	9.63616e+09	7.3421e+09	7.74325e+09	7.72181e+09	5.99688e+09	6.01748e+09	6.08776e+09	6.41756e+09	7.5574e+09	8.11514e+09	8.07105e+09	8.21172e+09	7.55036e+09	5.52908e+09	8.05399e+09	8.13757e+09	6.4985e+09	6.52954e+09	6.47875e+09	8.36479e+09	7.88675e+09	7.76216e+09	7.59282e+09	7.79004e+09	7.68732e+09	8.11924e+09	1.04418e+10	1.05329e+10	8.80477e+09	8.79011e+09	8.71466e+09	8.41227e+09	8.0199e+09	7.89884e+09	7.66376e+09	7.80873e+09	7.74557e+09	9.85607e+09	1.01072e+10	1.01069e+10	8.45415e+09	8.5419e+09	8.42817e+09	7.0352e+09	7.51457e+09	7.53331e+09	6.13998e+09	6.33444e+09	6.49341e+09
ERR605667-k20-n1-x5e9	5.37248e+09	6.75951e+09	7.12505e+09	7.76569e+09	7.73791e+09	7.88173e+09	6.82338e+09	4.05259e+09	6.11513e+09	7.50775e+09	7.43624e+09	7.51586e+09	6.17312e+09	8.0188e+09	8.33432e+09	6.48285e+09	6.59779e+09	6.33694e+09	1.14779e+10	1.09917e+10	1.11236e+10	1.08181e+10	1.11287e+10	1.10221e+10	7.51373e+09	9.62042e+09	9.9366e+09	7.94435e+09	8.05388e+09	7.74803e+09	8.12992e+09	7.67435e+09	7.45542e+09	7.27993e+09	7.49944e+09	7.39777e+09	5.5274e+09	5.75115e+09	5.3479e+09	8.6038e+09	8.52697e+09	8.4815e+09	5.25104e+09	5.57232e+09	6.05277e+09	1.0028e+10	9.5542e+09	9.48508e+09	7.23869e+09	7.63166e+09	7.61047e+09	5.91753e+09	5.93809e+09	6.00663e+09	6.32893e+09	7.44581e+09	7.99125e+09	7.94886e+09	8.08737e+09	7.43908e+09	5.45307e+09	7.92148e+09	8.00311e+09	6.39821e+09	6.42778e+09	6.37846e+09	8.23128e+09	7.76367e+09	7.6458e+09	7.47919e+09	7.67068e+09	7.56981e+09	8.00194e+09	1.02561e+10	1.03453e+10	8.6629e+09	8.64731e+09	8.57297e+09	8.28687e+09	7.90351e+09	7.78955e+09	7.5589e+09	7.69829e+09	7.63688e+09	9.69442e+09	9.93791e+09	9.93757e+09	8.33075e+09	8.41616e+09	8.30607e+09	6.93508e+09	7.40463e+09	7.42383e+09	6.05559e+09	6.24768e+09	6.40354e+09
ERR605668-k20-n1-x5e9	5.37621e+09	6.77186e+09	7.13923e+09	7.78128e+09	7.7536e+09	7.89683e+09	6.87458e+09	4.07071e+09	6.15604e+09	7.56053e+09	7.48931e+09	7.56973e+09	6.17561e+09	8.03301e+09	8.3516e+09	6.49387e+09	6.60882e+09	6.34714e+09	1.15043e+10	1.10141e+10	1.08181e+10	1.11683e+10	1.11436e+10	1.10384e+10	7.51184e+09	9.63127e+09	9.95192e+09	7.95287e+09	8.06238e+09	7.75552e+09	8.14282e+09	7.68392e+09	7.46423e+09	7.29147e+09	7.503e+09	7.40168e+09	5.53967e+09	5.76491e+09	5.36084e+09	8.62479e+09	8.54851e+09	8.50228e+09	5.25759e+09	5.5783e+09	6.05701e+09	1.00432e+10	9.56436e+09	9.49319e+09	7.24828e+09	7.64545e+09	7.62148e+09	5.93095e+09	5.95219e+09	6.02056e+09	6.33728e+09	7.46369e+09	8.01233e+09	7.97086e+09	8.10862e+09	7.45649e+09	5.46035e+09	7.95229e+09	8.03554e+09	6.42095e+09	6.44984e+09	6.4002e+09	8.25162e+09	7.78057e+09	7.66103e+09	7.49768e+09	7.68007e+09	7.58015e+09	8.00728e+09	1.02886e+10	1.03785e+10	8.68607e+09	8.66954e+09	8.59608e+09	8.29155e+09	7.90585e+09	7.78998e+09	7.5633e+09	7.69434e+09	7.63351e+09	9.71409e+09	9.96145e+09	9.95878e+09	8.34569e+09	8.43057e+09	8.32001e+09	6.94619e+09	7.41972e+09	7.43458e+09	6.06776e+09	6.26099e+09	6.41792e+09
ERR605669-k20-n1-x5e9	5.48684e+09	6.89889e+09	7.27088e+09	7.93683e+09	7.90899e+09	8.05968e+09	6.93028e+09	4.11854e+09	6.20858e+09	7.6493e+09	7.57351e+09	7.65627e+09	6.3289e+09	8.2181e+09	8.53818e+09	6.62928e+09	6.74896e+09	6.48107e+09	1.18474e+10	1.13385e+10	1.11287e+10	1.11436e+10	1.1884e+10	1.14149e+10	7.72159e+09	9.89146e+09	1.02153e+10	8.14714e+09	8.2614e+09	7.94567e+09	8.32955e+09	7.86269e+09	7.63427e+09	7.44784e+09	7.70471e+09	7.59682e+09	5.64374e+09	5.87097e+09	5.4563e+09	8.82534e+09	8.74437e+09	8.69876e+09	5.36391e+09	5.69554e+09	6.19842e+09	1.03279e+10	9.83956e+09	9.7674e+09	7.42009e+09	7.82022e+09	7.8057e+09	6.04219e+09	6.06264e+09	6.1335e+09	6.48668e+09	7.62675e+09	8.18957e+09	8.1419e+09	8.28634e+09	7.62193e+09	5.59395e+09	8.11604e+09	8.19897e+09	6.55145e+09	6.58716e+09	6.53489e+09	8.4486e+09	7.96726e+09	7.84165e+09	7.66371e+09	7.89725e+09	7.78942e+09	8.22859e+09	1.05554e+10	1.06473e+10	8.89661e+09	8.88665e+09	8.8085e+09	8.51825e+09	8.12084e+09	7.99914e+09	7.75244e+09	7.93082e+09	7.86228e+09	9.97498e+09	1.0226e+10	1.02333e+10	8.54026e+09	8.6316e+09	8.51593e+09	7.10643e+09	7.58838e+09	7.61731e+09	6.19518e+09	6.38751e+09	6.54795e+09
ERR605670-k20-n1-x5e9	5.44871e+09	6.84959e+09	7.21782e+09	7.87656e+09	7.84951e+09	7.99771e+09	6.88062e+09	4.09284e+09	6.16622e+09	7.58878e+09	7.51418e+09	7.59622e+09	6.27872e+09	8.14995e+09	8.46744e+09	6.57933e+09	6.69756e+09	6.43243e+09	1.17278e+10	1.12279e+10	1.10221e+10	1.10384e+10	1.14149e+10	1.16398e+10	7.65726e+09	9.80236e+09	1.01228e+10	8.08099e+09	8.19386e+09	7.88176e+09	8.26486e+09	7.80286e+09	7.57676e+09	7.39349e+09	7.64403e+09	7.53705e+09	5.60338e+09	5.82875e+09	5.41788e+09	8.7489e+09	8.66913e+09	8.62357e+09	5.32727e+09	5.65552e+09	6.15251e+09	1.02305e+10	9.74886e+09	9.67719e+09	7.36092e+09	7.75754e+09	7.74219e+09	5.99895e+09	6.01872e+09	6.08911e+09	6.43628e+09	7.5664e+09	8.12253e+09	8.07622e+09	8.21879e+09	7.56033e+09	5.55035e+09	8.05069e+09	8.13246e+09	6.50243e+09	6.53736e+09	6.48641e+09	8.37868e+09	7.90247e+09	7.77847e+09	7.60312e+09	7.83065e+09	7.72417e+09	8.15907e+09	1.04576e+10	1.05479e+10	8.82288e+09	8.81275e+09	8.73571e+09	8.44667e+09	8.05456e+09	7.93428e+09	7.69218e+09	7.86368e+09	7.79699e+09	9.88323e+09	1.01306e+10	1.01366e+10	8.47053e+09	8.56075e+09	8.44705e+09	7.04898e+09	7.52614e+09	7.55369e+09	6.14788e+09	6.33843e+09	6.49778e+09
ERR607397-k20-n1-x5e9	4.24632e+09	5.19269e+09	5.43185e+09	5.86309e+09	5.84554e+09	5.94259e+09	4.87196e+09	3.11644e+09	4.44738e+09	5.30356e+09	5.25993e+09	5.30853e+09	4.78442e+09	5.98663e+09	6.17894e+09	4.96609e+09	5.04543e+09	4.86947e+09	7.88333e+09	7.6171e+09	7.51373e+09	7.51184e+09	7.72159e+09	7.65726e+09	6.03499e+09	7.17141e+09	7.35382e+09	6.09012e+09	6.16456e+09	5.95875e+09	5.99877e+09	5.71094e+09	5.57327e+09	5.44769e+09	5.62377e+09	5.55161e+09	4.24959e+09	4.40385e+09	4.11684e+09	6.28151e+09	6.23223e+09	6.2053e+09	4.08042e+09	4.31035e+09	4.65962e+09	7.17717e+09	6.91552e+09	6.87672e+09	5.55913e+09	5.81289e+09	5.81126e+09	4.6083e+09	4.62201e+09	4.67014e+09	4.91518e+09	5.65534e+09	6.01351e+09	5.97998e+09	6.07465e+09	5.65139e+09	4.24898e+09	5.85679e+09	5.90572e+09	4.85773e+09	4.87417e+09	4.84131e+09	6.09227e+09	5.79371e+09	5.72043e+09	5.60004e+09	5.75888e+09	5.68761e+09	6.03442e+09	7.37493e+09	7.42564e+09	6.40181e+09	6.38766e+09	6.33866e+09	6.22506e+09	5.98062e+09	5.90949e+09	5.74805e+09	5.86216e+09	5.81903e+09	7.16273e+09	7.29828e+09	7.30435e+09	6.32045e+09	6.37724e+09	6.30692e+09	5.31495e+09	5.62328e+09	5.65413e+09	4.69364e+09	4.8228e+09	4.93204e+09
ERR607398-k20-n1-x5e9	5.08543e+09	6.35949e+09	6.69216e+09	7.2759e+09	7.25001e+09	7.382e+09	6.18725e+09	3.74941e+09	5.57763e+09	6.77542e+09	6.71478e+09	6.78251e+09	5.79397e+09	7.46223e+09	7.74192e+09	6.06838e+09	6.17366e+09	5.93672e+09	1.01683e+10	9.77179e+09	9.62042e+09	9.63127e+09	9.89146e+09	9.80236e+09	7.17141e+09	9.35972e+09	9.36841e+09	7.55536e+09	7.65671e+09	7.37143e+09	7.46189e+09	7.05855e+09	6.86976e+09	6.70933e+09	6.91232e+09	6.81912e+09	5.1533e+09	5.35751e+09	4.98708e+09	7.91321e+09	7.84498e+09	7.80667e+09	4.89647e+09	5.19045e+09	5.63272e+09	9.12781e+09	8.73524e+09	8.67665e+09	6.88446e+09	7.24607e+09	7.22837e+09	5.64324e+09	5.66233e+09	5.72527e+09	6.01118e+09	7.03858e+09	7.53573e+09	7.49674e+09	7.62321e+09	7.0304e+09	5.14835e+09	7.37663e+09	7.44846e+09	5.99893e+09	6.01987e+09	5.97541e+09	7.64352e+09	7.22407e+09	7.12171e+09	6.96834e+09	7.14739e+09	7.05435e+09	7.49652e+09	9.46072e+09	9.53702e+09	8.06187e+09	8.04035e+09	7.97342e+09	7.76229e+09	7.41821e+09	7.32027e+09	7.1076e+09	7.23805e+09	7.18175e+09	9.12695e+09	9.33382e+09	9.33344e+09	7.93059e+09	8.00792e+09	7.90778e+09	6.57388e+09	7.00369e+09	7.02727e+09	5.75292e+09	5.93243e+09	6.07849e+09
ERR607399-k20-n1-x5e9	5.19905e+09	6.52165e+09	6.86926e+09	7.47413e+09	7.44699e+09	7.58348e+09	6.40724e+09	3.84781e+09	5.76187e+09	7.02127e+09	6.95826e+09	7.02935e+09	5.93573e+09	7.67587e+09	7.97133e+09	6.22643e+09	6.33604e+09	6.08979e+09	1.05197e+10	1.00971e+10	9.9366e+09	9.95192e+09	1.02153e+10	1.01228e+10	7.35382e+09	9.36841e+09	9.95252e+09	7.76153e+09	7.86621e+09	7.56962e+09	7.66736e+09	7.24561e+09	7.04889e+09	6.88475e+09	7.08895e+09	6.99257e+09	5.28439e+09	5.49656e+09	5.11402e+09	8.15611e+09	8.086e+09	8.0451e+09	5.00949e+09	5.31315e+09	5.76675e+09	9.41569e+09	8.9972e+09	8.93512e+09	7.06821e+09	7.448e+09	7.42517e+09	5.78921e+09	5.80891e+09	5.87475e+09	6.165e+09	7.23781e+09	7.75724e+09	7.71879e+09	7.85072e+09	7.22871e+09	5.2769e+09	7.60695e+09	7.68345e+09	6.16824e+09	6.18894e+09	6.14308e+09	7.8699e+09	7.43035e+09	7.32409e+09	7.16653e+09	7.34406e+09	7.24778e+09	7.70009e+09	9.77955e+09	9.86123e+09	8.30304e+09	8.27917e+09	8.20954e+09	7.97407e+09	7.61327e+09	7.51056e+09	7.29158e+09	7.42092e+09	7.36347e+09	9.42041e+09	9.64215e+09	9.63931e+09	8.15691e+09	8.23792e+09	8.13242e+09	6.75371e+09	7.20274e+09	7.22329e+09	5.90447e+09	6.09281e+09	6.24332e+09
ERR607400-k20-n1-x5e9	4.41913e+09	5.45565e+09	5.71903e+09	6.17816e+09	6.15839e+09	6.2616e+09	5.23068e+09	3.28483e+09	4.7593e+09	5.68712e+09	5.64034e+09	5.69283e+09	4.98634e+09	6.30816e+09	6.52332e+09	5.21428e+09	5.29777e+09	5.10767e+09	8.35211e+09	8.05838e+09	7.94435e+09	7.95287e+09	8.14714e+09	8.08099e+09	6.09012e+09	7.55536e+09	7.76153e+09	6.59768e+09	6.47573e+09	6.25389e+09	6.31428e+09	6.00018e+09	5.85029e+09	5.72386e+09	5.88333e+09	5.80839e+09	4.46314e+09	4.63151e+09	4.32614e+09	6.64474e+09	6.59333e+09	6.56328e+09	4.26215e+09	4.50544e+09	4.86442e+09	7.57581e+09	7.28184e+09	7.23756e+09	5.82799e+09	6.11127e+09	6.09867e+09	4.83557e+09	4.85099e+09	4.90154e+09	5.14018e+09	5.95629e+09	6.34543e+09	6.31318e+09	6.41301e+09	5.95082e+09	4.43329e+09	6.20892e+09	6.26385e+09	5.12549e+09	5.14156e+09	5.10704e+09	6.4296e+09	6.10461e+09	6.02382e+09	5.90353e+09	6.04199e+09	5.96953e+09	6.318e+09	7.81404e+09	7.87111e+09	6.75722e+09	6.74099e+09	6.68967e+09	6.51853e+09	6.25164e+09	6.1724e+09	6.00842e+09	6.10442e+09	6.06148e+09	7.5547e+09	7.7099e+09	7.70985e+09	6.64525e+09	6.7039e+09	6.62843e+09	5.57645e+09	5.91589e+09	5.93465e+09	4.92123e+09	5.06471e+09	5.18216e+09
ERR607401-k20-n1-x5e9	4.46486e+09	5.51668e+09	5.7846e+09	6.25257e+09	6.23298e+09	6.33784e+09	5.28462e+09	3.31153e+09	4.80533e+09	5.749e+09	5.70167e+09	5.75446e+09	5.0405e+09	6.38419e+09	6.60361e+09	5.27044e+09	5.3557e+09	5.16269e+09	8.46904e+09	8.16981e+09	8.05388e+09	8.06238e+09	8.2614e+09	8.19386e+09	6.16456e+09	7.65671e+09	7.86621e+09	6.47573e+09	6.76145e+09	6.32999e+09	6.39199e+09	6.07205e+09	5.92005e+09	5.79055e+09	5.95432e+09	5.87935e+09	4.5077e+09	4.67829e+09	4.36884e+09	6.72722e+09	6.6739e+09	6.64334e+09	4.3057e+09	4.55222e+09	4.91663e+09	7.67875e+09	7.3793e+09	7.33447e+09	5.90151e+09	6.18936e+09	6.17726e+09	4.89068e+09	4.90633e+09	4.95837e+09	5.19978e+09	6.02879e+09	6.4244e+09	6.39153e+09	6.49268e+09	6.0228e+09	4.48149e+09	6.28335e+09	6.33962e+09	5.18175e+09	5.19886e+09	5.16345e+09	6.50978e+09	6.17889e+09	6.09689e+09	5.97409e+09	6.11721e+09	6.04312e+09	6.4008e+09	7.92228e+09	7.9798e+09	6.84501e+09	6.82891e+09	6.77687e+09	6.60497e+09	6.33444e+09	6.25433e+09	6.08651e+09	6.1862e+09	6.14226e+09	7.65758e+09	7.81534e+09	7.81543e+09	6.73316e+09	6.79242e+09	6.71598e+09	5.64476e+09	5.99034e+09	6.01056e+09	4.97791e+09	5.12361e+09	5.24247e+09
ERR607402-k20-n1-x5e9	4.33455e+09	5.33993e+09	5.5943e+09	6.03867e+09	6.01997e+09	6.1191e+09	5.11621e+09	3.22824e+09	4.66014e+09	5.55904e+09	5.51403e+09	5.56515e+09	4.88861e+09	6.16678e+09	6.37412e+09	5.10825e+09	5.18976e+09	5.00555e+09	8.1412e+09	7.85805e+09	7.74803e+09	7.75552e+09	7.94567e+09	7.88176e+09	5.95875e+09	7.37143e+09	7.56962e+09	6.25389e+09	6.32999e+09	6.30928e+09	6.17112e+09	5.86832e+09	5.72291e+09	5.60003e+09	5.75645e+09	5.68475e+09	4.37806e+09	4.54129e+09	4.24402e+09	6.49245e+09	6.4426e+09	6.41343e+09	4.18327e+09	4.42023e+09	4.76925e+09	7.39345e+09	7.10933e+09	7.06722e+09	5.69901e+09	5.97232e+09	5.96159e+09	4.73559e+09	4.75013e+09	4.79975e+09	5.03496e+09	5.82452e+09	6.20115e+09	6.16879e+09	6.26571e+09	5.81933e+09	4.34803e+09	6.06885e+09	6.12177e+09	5.01983e+09	5.03584e+09	5.00219e+09	6.28302e+09	5.96933e+09	5.89044e+09	5.77353e+09	5.90977e+09	5.84007e+09	6.17584e+09	7.62084e+09	7.67543e+09	6.59976e+09	6.58468e+09	6.5353e+09	6.36797e+09	6.11042e+09	6.0338e+09	5.87371e+09	5.96813e+09	5.92655e+09	7.36838e+09	7.51782e+09	7.51834e+09	6.48808e+09	6.54498e+09	6.47248e+09	5.45529e+09	5.78381e+09	5.80283e+09	4.81967e+09	4.95797e+09	5.07243e+09
ERR605737-k20-n1-x5e9	4.44027e+09	5.49304e+09	5.76161e+09	6.2258e+09	6.20643e+09	6.31071e+09	5.32194e+09	3.32533e+09	4.83865e+09	5.78345e+09	5.73578e+09	5.78952e+09	5.00006e+09	6.34097e+09	6.56213e+09	5.24009e+09	5.32427e+09	5.13161e+09	8.54419e+09	8.24991e+09	8.12992e+09	8.14282e+09	8.32955e+09	8.26486e+09	5.99877e+09	7.46189e+09	7.66736e+09	6.31428e+09	6.39199e+09	6.17112e+09	6.76891e+09	6.24264e+09	6.07998e+09	5.94826e+09	6.10827e+09	6.03348e+09	4.50176e+09	4.67114e+09	4.36371e+09	6.71016e+09	6.65655e+09	6.6254e+09	4.34637e+09	4.59342e+09	4.95744e+09	7.7382e+09	7.43464e+09	7.38956e+09	5.76453e+09	6.04703e+09	6.03312e+09	4.78355e+09	4.79983e+09	4.85049e+09	5.07362e+09	5.88659e+09	6.27787e+09	6.243e+09	6.3424e+09	5.87981e+09	4.39031e+09	6.17262e+09	6.22833e+09	5.09172e+09	5.10987e+09	5.07636e+09	6.46493e+09	6.14081e+09	6.05542e+09	5.93618e+09	6.06915e+09	5.99825e+09	6.33427e+09	7.83852e+09	7.89647e+09	6.78712e+09	6.77503e+09	6.72392e+09	6.56833e+09	6.30511e+09	6.22307e+09	6.06422e+09	6.14958e+09	6.10878e+09	7.46409e+09	7.62088e+09	7.61751e+09	6.5678e+09	6.62571e+09	6.55209e+09	5.51454e+09	5.8537e+09	5.86918e+09	4.86749e+09	5.00816e+09	5.12486e+09
ERR605738-k20-n1-x5e9	4.25369e+09	5.23707e+09	5.48555e+09	5.91689e+09	5.89951e+09	5.99658e+09	5.04546e+09	3.19006e+09	4.60024e+09	5.47418e+09	5.42985e+09	5.47979e+09	4.77718e+09	6.02066e+09	6.22398e+09	4.99986e+09	5.07856e+09	4.89914e+09	8.05261e+09	7.78476e+09	7.67435e+09	7.68392e+09	7.86269e+09	7.80286e+09	5.71094e+09	7.05855e+09	7.24561e+09	6.00018e+09	6.07205e+09	5.86832e+09	6.24264e+09	6.12568e+09	5.7915e+09	5.66748e+09	5.82123e+09	5.75122e+09	4.30569e+09	4.465e+09	4.17552e+09	6.36053e+09	6.31072e+09	6.28192e+09	4.16812e+09	4.40221e+09	4.74492e+09	7.31586e+09	7.03829e+09	6.99692e+09	5.47335e+09	5.73447e+09	5.72252e+09	4.55585e+09	4.57102e+09	4.61894e+09	4.83444e+09	5.5889e+09	5.95168e+09	5.91786e+09	6.01108e+09	5.58368e+09	4.1957e+09	5.85175e+09	5.90297e+09	4.84824e+09	4.86643e+09	4.83531e+09	6.13174e+09	5.83355e+09	5.75218e+09	5.64059e+09	5.77102e+09	5.70442e+09	6.01534e+09	7.3981e+09	7.45122e+09	6.43062e+09	6.42044e+09	6.37318e+09	6.23049e+09	5.98722e+09	5.9107e+09	5.76252e+09	5.84527e+09	5.80698e+09	7.0481e+09	7.19197e+09	7.18988e+09	6.21848e+09	6.27167e+09	6.20442e+09	5.2398e+09	5.55481e+09	5.57067e+09	4.63497e+09	4.76563e+09	4.87501e+09
