	ERR608293-k20-n1-x5e9	ERR608294-k20-n1-x5e9	ERR608295-k20-n1-x5e9	ERR608296-k20-n1-x5e9	ERR608297-k20-n1-x5e9	ERR608298-k20-n1-x5e9	ERR610253-k20-n1-x5e9	ERR610254-k20-n1-x5e9	ERR610255-k20-n1-x5e9	ERR610256-k20-n1-x5e9	ERR610257-k20-n1-x5e9	ERR610258-k20-n1-x5e9	ERR608105-k20-n1-x5e9	ERR608106-k20-n1-x5e9	ERR608107-k20-n1-x5e9	ERR608108-k20-n1-x5e9	ERR608109-k20-n1-x5e9	ERR608110-k20-n1-x5e9	ERR607817-k20-n1-x5e9	ERR607818-k20-n1-x5e9	ERR607819-k20-n1-x5e9	ERR607820-k20-n1-x5e9	ERR607821-k20-n1-x5e9	ERR607822-k20-n1-x5e9	ERR607627-k20-n1-x5e9	ERR607628-k20-n1-x5e9	ERR607629-k20-n1-x5e9	ERR607630-k20-n1-x5e9	ERR607631-k20-n1-x5e9	ERR607632-k20-n1-x5e9	ERR605922-k20-n1-x5e9	ERR605923-k20-n1-x5e9	ERR605924-k20-n1-x5e9	ERR605925-k20-n1-x5e9	ERR605926-k20-n1-x5e9	ERR605927-k20-n1-x5e9	ERR607573-k20-n1-x5e9	ERR607574-k20-n1-x5e9	ERR607575-k20-n1-x5e9	ERR607576-k20-n1-x5e9	ERR607577-k20-n1-x5e9	ERR607578-k20-n1-x5e9	ERR608167-k20-n1-x5e9	ERR608168-k20-n1-x5e9	ERR608169-k20-n1-x5e9	ERR608170-k20-n1-x5e9	ERR608171-k20-n1-x5e9	ERR608172-k20-n1-x5e9	ERR608439-k20-n1-x5e9	ERR608440-k20-n1-x5e9	ERR608441-k20-n1-x5e9	ERR608442-k20-n1-x5e9	ERR608443-k20-n1-x5e9	ERR608444-k20-n1-x5e9	ERR607415-k20-n1-x5e9	ERR607416-k20-n1-x5e9	ERR607417-k20-n1-x5e9	ERR607418-k20-n1-x5e9	ERR607419-k20-n1-x5e9	ERR607420-k20-n1-x5e9	ERR608757-k20-n1-x5e9	ERR608758-k20-n1-x5e9	ERR608759-k20-n1-x5e9	ERR608760-k20-n1-x5e9	ERR608761-k20-n1-x5e9	ERR608762-k20-n1-x5e9	ERR607899-k20-n1-x5e9	ERR607900-k20-n1-x5e9	ERR607901-k20-n1-x5e9	ERR607902-k20-n1-x5e9	ERR607903-k20-n1-x5e9	ERR607904-k20-n1-x5e9	ERR607995-k20-n1-x5e9	ERR607996-k20-n1-x5e9	ERR607997-k20-n1-x5e9	ERR607998-k20-n1-x5e9	ERR607999-k20-n1-x5e9	ERR608000-k20-n1-x5e9	ERR607805-k20-n1-x5e9	ERR607806-k20-n1-x5e9	ERR607807-k20-n1-x5e9	ERR607808-k20-n1-x5e9	ERR607809-k20-n1-x5e9	ERR607810-k20-n1-x5e9	ERR608389-k20-n1-x5e9	ERR608390-k20-n1-x5e9	ERR608391-k20-n1-x5e9	ERR608392-k20-n1-x5e9	ERR608393-k20-n1-x5e9	ERR608394-k20-n1-x5e9	ERR608185-k20-n1-x5e9	ERR608186-k20-n1-x5e9	ERR608187-k20-n1-x5e9	ERR608188-k20-n1-x5e9	ERR608189-k20-n1-x5e9	ERR608190-k20-n1-x5e9
ERR608293-k20-n1-x5e9	0	0.90258	0.90107	0.885836	0.885851	0.885121	0.975777	1.02632	0.982995	0.971519	0.974795	0.972922	1.02718	1.00682	1.00819	1.00546	1.00713	1.01234	0.97653	0.973451	0.980413	0.952898	0.953785	0.955934	0.992962	1.00083	1.00053	0.991255	0.990802	0.991615	1.01428	0.986233	0.986818	1.0034	1.00304	1.00521	1.05462	1.05009	1.05492	1.02647	1.02712	1.02612	1.02122	1.0154	1.0215	0.996085	0.995105	0.995446	1.18114	1.16769	1.16	1.16036	1.15828	1.16761	1.00311	0.998192	1.00109	0.993989	0.99429	0.994056	1.17712	1.16105	1.15415	1.15367	1.15202	1.16234	1.13662	1.13005	1.12817	1.14652	1.1459	1.1457	1.10213	1.09707	1.09363	1.11154	1.11143	1.11103	1.16451	1.15905	1.15765	1.17276	1.17135	1.17183	1.16625	1.14801	1.14584	1.14654	1.14427	1.14871	1.14479	1.1382	1.13571	1.15378	1.15339	1.15242
ERR608294-k20-n1-x5e9	0.90258	0	0.856219	0.836977	0.835908	0.837017	0.929084	0.998828	0.941262	0.925672	0.927912	0.924163	0.989273	0.951858	0.950976	0.955597	0.957374	0.964437	0.92912	0.923767	0.932899	0.895562	0.896716	0.897302	0.94323	0.954101	0.954294	0.942642	0.942128	0.942381	0.981612	0.938556	0.937514	0.96202	0.960459	0.963932	1.02391	1.01814	1.02293	0.99858	0.998419	0.996856	0.988195	0.982096	0.987598	0.949615	0.950425	0.949574	1.15832	1.13743	1.1267	1.12521	1.12313	1.13771	0.957526	0.952097	0.955402	0.944197	0.945557	0.945068	1.15436	1.12807	1.1188	1.1152	1.11494	1.12942	1.10558	1.09378	1.09297	1.1119	1.11019	1.10982	1.06643	1.05805	1.05768	1.07875	1.07834	1.07634	1.1316	1.12692	1.12805	1.13805	1.13583	1.13631	1.14034	1.11167	1.10895	1.10893	1.10909	1.1124	1.11384	1.10529	1.10247	1.12015	1.11862	1.11693
ERR608295-k20-n1-x5e9	0.90107	0.856219	0	0.826485	0.828001	0.826875	0.917451	0.995499	0.932721	0.915569	0.918518	0.916217	0.981384	0.942031	0.941471	0.945489	0.94793	0.95261	0.916569	0.910472	0.920702	0.881345	0.88396	0.886019	0.934508	0.945925	0.945196	0.932971	0.9325	0.932764	0.974956	0.929952	0.929769	0.953841	0.954626	0.957533	1.02038	1.01562	1.02003	0.99149	0.991209	0.99011	0.980583	0.973884	0.979755	0.942509	0.942811	0.941276	1.15183	1.1291	1.11799	1.11587	1.11382	1.12973	0.948892	0.94234	0.946356	0.938064	0.935652	0.935634	1.14763	1.11977	1.11042	1.10722	1.10671	1.12059	1.0969	1.0854	1.08614	1.10524	1.10256	1.10142	1.05985	1.04967	1.04967	1.07106	1.06896	1.06744	1.12569	1.11983	1.12165	1.13117	1.12854	1.1302	1.13357	1.10415	1.10146	1.102	1.10186	1.10514	1.10653	1.09599	1.09423	1.1124	1.11089	1.11018
ERR608296-k20-n1-x5e9	0.885836	0.836977	0.826485	0	0.798384	0.795055	0.893908	0.979171	0.90643	0.887639	0.893194	0.891616	0.955327	0.915367	0.915398	0.917766	0.921726	0.925255	0.889107	0.88462	0.894556	0.850857	0.849881	0.853214	0.907054	0.918155	0.916903	0.909056	0.908729	0.908445	0.952915	0.906324	0.905845	0.932452	0.932419	0.93536	1.00382	0.997833	1.0037	0.97153	0.972677	0.971758	0.955102	0.950109	0.954679	0.916121	0.916839	0.917779	1.13802	1.11165	1.10177	1.09882	1.09858	1.1113	0.923481	0.915759	0.919432	0.906529	0.90802	0.907654	1.132	1.10256	1.09466	1.09342	1.09228	1.10385	1.07878	1.06633	1.0674	1.08811	1.08496	1.08555	1.04102	1.03134	1.03134	1.05316	1.05111	1.04932	1.11164	1.10345	1.10402	1.11678	1.11536	1.11641	1.11592	1.08973	1.08674	1.08676	1.08697	1.09059	1.0881	1.07902	1.07674	1.0973	1.09401	1.09389
ERR608297-k20-n1-x5e9	0.885851	0.835908	0.828001	0.798384	0	0.796915	0.894879	0.978558	0.906551	0.888061	0.893119	0.892029	0.956551	0.916273	0.916885	0.918457	0.921821	0.926465	0.887407	0.88471	0.894354	0.850818	0.850699	0.853478	0.907853	0.918833	0.917828	0.907579	0.908912	0.909202	0.953632	0.90546	0.905433	0.933213	0.931708	0.936073	1.00415	0.998313	1.00372	0.971481	0.972751	0.971852	0.956096	0.950872	0.955432	0.916319	0.917027	0.918173	1.13697	1.11139	1.10146	1.0993	1.09804	1.11169	0.922231	0.915736	0.920074	0.907387	0.906545	0.906383	1.13204	1.10228	1.09573	1.09305	1.0928	1.10438	1.07921	1.06682	1.0665	1.08884	1.08584	1.08567	1.04028	1.03191	1.03212	1.05374	1.05166	1.04992	1.11256	1.10467	1.10507	1.11718	1.11619	1.11705	1.11644	1.08964	1.08777	1.08758	1.08671	1.09062	1.08843	1.07931	1.07692	1.09826	1.09504	1.09491
ERR608298-k20-n1-x5e9	0.885121	0.837017	0.826875	0.795055	0.796915	0	0.89192	0.980214	0.906398	0.88845	0.892306	0.8901	0.954957	0.918201	0.916469	0.916619	0.92072	0.92543	0.889183	0.883501	0.892754	0.847313	0.850145	0.8524	0.906926	0.915825	0.914267	0.906976	0.906413	0.906272	0.951888	0.905051	0.903118	0.928862	0.931136	0.932746	1.00262	0.998312	1.00273	0.968835	0.969905	0.968919	0.955261	0.948194	0.954598	0.917829	0.917662	0.91784	1.13568	1.11019	1.10092	1.09901	1.09765	1.11063	0.920372	0.916381	0.917803	0.905664	0.904311	0.904206	1.12951	1.102	1.09428	1.09184	1.09214	1.10372	1.07746	1.06676	1.06542	1.08589	1.08494	1.08432	1.03942	1.03117	1.02941	1.05325	1.05027	1.04901	1.11037	1.10214	1.10318	1.11724	1.11432	1.11472	1.11382	1.08909	1.0865	1.08631	1.0864	1.08975	1.08808	1.0778	1.07598	1.09524	1.09455	1.09194
ERR610253-k20-n1-x5e9	0.975777	0.929084	0.917451	0.893908	0.894879	0.89192	0	0.877195	0.779703	0.75203	0.758368	0.753058	0.930651	0.887138	0.883606	0.890463	0.89449	0.902048	0.880473	0.871931	0.880324	0.828819	0.828893	0.832299	0.891832	0.911507	0.909442	0.892126	0.892737	0.891648	0.946062	0.892696	0.891463	0.920167	0.919133	0.921099	1.00505	1.00121	1.00455	0.966705	0.969065	0.967767	0.967163	0.959716	0.96591	0.923175	0.924359	0.923668	1.11951	1.09601	1.0871	1.08576	1.08308	1.09768	0.908483	0.900815	0.903548	0.892768	0.891416	0.891171	1.11238	1.08633	1.07719	1.0759	1.07371	1.08765	1.05899	1.04729	1.04821	1.06912	1.06728	1.06582	1.03415	1.02354	1.02164	1.04785	1.04505	1.04469	1.09416	1.08681	1.0892	1.10231	1.10018	1.10054	1.10326	1.07546	1.07072	1.07213	1.06971	1.07661	1.0713	1.06113	1.0593	1.07965	1.07648	1.07689
ERR610254-k20-n1-x5e9	1.02632	0.998828	0.995499	0.979171	0.978558	0.980214	0.877195	0	0.887429	0.872923	0.875863	0.873911	1.01442	0.991824	0.992148	0.989349	0.993613	0.997597	0.968095	0.965011	0.974553	0.943248	0.944268	0.946627	0.986789	0.99562	0.995382	0.986118	0.986001	0.985899	1.01019	0.981301	0.981851	0.999834	0.999186	1.00094	1.06076	1.05724	1.06121	1.0327	1.03364	1.03287	1.03979	1.03502	1.04093	1.01173	1.01261	1.01398	1.17377	1.16014	1.15273	1.1517	1.14939	1.15937	0.99246	0.987834	0.992876	0.984306	0.984917	0.984651	1.16956	1.15337	1.14567	1.14353	1.14371	1.15492	1.12612	1.11953	1.11616	1.13775	1.13669	1.13625	1.10316	1.09823	1.0951	1.11567	1.11481	1.11374	1.15621	1.15111	1.14916	1.16505	1.16399	1.1652	1.16103	1.14147	1.13932	1.14046	1.13768	1.14143	1.13616	1.12947	1.12716	1.14625	1.14564	1.14488
ERR610255-k20-n1-x5e9	0.982995	0.941262	0.932721	0.90643	0.906551	0.906398	0.779703	0.887429	0	0.772243	0.780918	0.771936	0.947856	0.907904	0.910676	0.911225	0.912448	0.916448	0.889941	0.88693	0.895133	0.849863	0.851431	0.852387	0.913526	0.922357	0.921757	0.910192	0.909746	0.908906	0.955471	0.906679	0.908799	0.933664	0.932073	0.935847	1.01398	1.01231	1.01355	0.98229	0.982632	0.981734	0.980351	0.971836	0.979612	0.943796	0.943293	0.943202	1.13253	1.10665	1.098	1.09619	1.09445	1.10768	0.922319	0.913582	0.918423	0.904908	0.904915	0.904716	1.12642	1.0978	1.09126	1.08868	1.08834	1.10056	1.07453	1.06252	1.06245	1.08415	1.08175	1.08023	1.04868	1.03969	1.03828	1.06205	1.05988	1.05709	1.10779	1.10019	1.10166	1.11474	1.11278	1.11256	1.11242	1.08711	1.08484	1.08596	1.08483	1.08795	1.08475	1.07581	1.07347	1.09416	1.09163	1.09
ERR610256-k20-n1-x5e9	0.971519	0.925672	0.915569	0.887639	0.888061	0.88845	0.75203	0.872923	0.772243	0	0.751347	0.745809	0.923211	0.882632	0.882835	0.881125	0.882749	0.887917	0.865158	0.860086	0.872901	0.824074	0.824221	0.823929	0.885794	0.896048	0.894926	0.884043	0.883913	0.882681	0.936348	0.884031	0.882257	0.915758	0.914324	0.917117	0.999916	0.995819	1.0001	0.96252	0.963657	0.962971	0.961452	0.95179	0.961731	0.91481	0.9163	0.916237	1.11122	1.09033	1.07762	1.0769	1.07409	1.09037	0.896931	0.890107	0.895043	0.890278	0.889648	0.888895	1.10629	1.07941	1.07031	1.06814	1.06757	1.07994	1.05048	1.0396	1.03691	1.06144	1.06037	1.0599	1.02347	1.01355	1.01013	1.03926	1.03815	1.03552	1.08671	1.081	1.08188	1.09643	1.09361	1.09455	1.09601	1.06662	1.06443	1.06443	1.06311	1.0675	1.06367	1.05302	1.05003	1.07242	1.07164	1.07048
ERR610257-k20-n1-x5e9	0.974795	0.927912	0.918518	0.893194	0.893119	0.892306	0.758368	0.875863	0.780918	0.751347	0	0.748113	0.927909	0.886172	0.886627	0.88574	0.890704	0.899661	0.873606	0.868582	0.882316	0.82547	0.82859	0.828745	0.888931	0.901721	0.90054	0.887443	0.88712	0.886214	0.93892	0.889824	0.887408	0.918348	0.917457	0.918995	1.00383	0.999092	1.00395	0.965384	0.966364	0.965372	0.962901	0.955554	0.962668	0.922028	0.921452	0.922846	1.11486	1.09436	1.08516	1.08301	1.08008	1.094	0.900192	0.894525	0.898928	0.888427	0.887788	0.887975	1.10911	1.08701	1.07516	1.07317	1.07221	1.08707	1.05838	1.04629	1.04445	1.06619	1.06575	1.06449	1.031	1.01949	1.01669	1.04714	1.04472	1.04219	1.09147	1.08434	1.08648	1.10062	1.09827	1.0987	1.10023	1.07246	1.06883	1.06988	1.0677	1.073	1.07157	1.05936	1.0564	1.07769	1.07701	1.0754
ERR610258-k20-n1-x5e9	0.972922	0.924163	0.916217	0.891616	0.892029	0.8901	0.753058	0.873911	0.771936	0.745809	0.748113	0	0.924705	0.882202	0.881418	0.882631	0.885825	0.892729	0.866634	0.861437	0.875314	0.820747	0.821637	0.823402	0.886514	0.898	0.897541	0.884097	0.885009	0.884568	0.934214	0.885168	0.883019	0.913624	0.914888	0.917977	1.00126	0.99485	1.00141	0.961504	0.963846	0.962864	0.957388	0.954411	0.957755	0.917105	0.916468	0.918614	1.11143	1.0913	1.08087	1.07809	1.07564	1.09148	0.895949	0.888993	0.893237	0.888481	0.886871	0.886404	1.10673	1.0816	1.07068	1.06954	1.06846	1.08263	1.05216	1.04056	1.03845	1.06284	1.06031	1.06046	1.02464	1.01462	1.01315	1.0417	1.03989	1.03743	1.08727	1.08155	1.08413	1.09676	1.09559	1.09571	1.09633	1.06838	1.06491	1.06515	1.06311	1.06897	1.06509	1.05423	1.05122	1.07254	1.0714	1.07026
ERR608105-k20-n1-x5e9	1.02718	0.989273	0.981384	0.955327	0.956551	0.954957	0.930651	1.01442	0.947856	0.923211	0.927909	0.924705	0	0.821199	0.821866	0.82633	0.829293	0.833556	0.916653	0.910076	0.9212	0.875136	0.877978	0.879931	0.940675	0.953191	0.952537	0.938841	0.93853	0.937493	0.998466	0.954458	0.955095	0.979611	0.978816	0.981566	1.04636	1.04205	1.04689	1.0197	1.01983	1.01906	1.00201	0.996203	1.00247	0.965668	0.965641	0.964094	1.13606	1.11369	1.10282	1.10064	1.09868	1.1137	0.963885	0.957547	0.962629	0.955386	0.952047	0.952482	1.13058	1.10289	1.09392	1.09178	1.09091	1.10349	1.08361	1.07272	1.07248	1.09229	1.09055	1.08947	1.05082	1.04087	1.03995	1.06296	1.06194	1.06022	1.11227	1.10691	1.10801	1.11817	1.11633	1.1181	1.11642	1.08819	1.08581	1.08697	1.08688	1.08835	1.09213	1.08133	1.07944	1.09897	1.09774	1.09721
ERR608106-k20-n1-x5e9	1.00682	0.951858	0.942031	0.915367	0.916273	0.918201	0.887138	0.991824	0.907904	0.882632	0.886172	0.882202	0.821199	0	0.760269	0.775904	0.778497	0.78704	0.872815	0.871081	0.879136	0.8225	0.825833	0.825531	0.902708	0.919378	0.916719	0.900549	0.900545	0.898819	0.974891	0.919868	0.917697	0.943902	0.943386	0.944572	1.02332	1.01717	1.02287	0.986013	0.987585	0.987089	0.968066	0.963385	0.967773	0.929402	0.928254	0.930843	1.11191	1.0855	1.07571	1.07442	1.07159	1.08629	0.932085	0.926262	0.929294	0.915277	0.914799	0.914991	1.10433	1.07604	1.06727	1.06435	1.06434	1.07835	1.05345	1.04265	1.04171	1.06138	1.05959	1.05855	1.01976	1.00732	1.00738	1.03239	1.02966	1.02794	1.08579	1.0789	1.08073	1.09505	1.09178	1.09255	1.09052	1.06276	1.05772	1.05718	1.05596	1.06344	1.0613	1.05113	1.05078	1.06895	1.06792	1.06612
ERR608107-k20-n1-x5e9	1.00819	0.950976	0.941471	0.915398	0.916885	0.916469	0.883606	0.992148	0.910676	0.882835	0.886627	0.881418	0.821866	0.760269	0	0.768502	0.777039	0.785392	0.876461	0.867797	0.881992	0.822348	0.823855	0.822399	0.901535	0.918961	0.916483	0.899492	0.899531	0.897713	0.973815	0.914027	0.911843	0.942413	0.941888	0.943376	1.02085	1.01729	1.02045	0.983528	0.983431	0.982824	0.969477	0.962307	0.968386	0.92779	0.928141	0.929222	1.10817	1.08388	1.07496	1.07208	1.06921	1.08575	0.930768	0.9216	0.924565	0.914958	0.912819	0.913366	1.1019	1.07509	1.0626	1.06002	1.05983	1.0762	1.05205	1.03725	1.0379	1.05712	1.05636	1.05656	1.01675	1.00342	1.00437	1.03244	1.02922	1.02715	1.08317	1.07631	1.07759	1.09108	1.08817	1.08884	1.09055	1.05925	1.05536	1.05473	1.05433	1.06	1.06132	1.04803	1.0478	1.06509	1.06444	1.06193
ERR608108-k20-n1-x5e9	1.00546	0.955597	0.945489	0.917766	0.918457	0.916619	0.890463	0.989349	0.911225	0.881125	0.88574	0.882631	0.82633	0.775904	0.768502	0	0.773416	0.782763	0.874885	0.871994	0.880196	0.824776	0.824878	0.827775	0.900165	0.916206	0.91514	0.898342	0.8979	0.896538	0.970504	0.919757	0.917583	0.94264	0.940577	0.943767	1.02165	1.01741	1.02243	0.986379	0.987628	0.986354	0.968157	0.960733	0.968352	0.92708	0.929136	0.930014	1.10894	1.08515	1.07476	1.07362	1.07104	1.08474	0.930897	0.924955	0.926904	0.915206	0.914117	0.914372	1.10125	1.07522	1.06616	1.06502	1.06364	1.077	1.05197	1.04126	1.04105	1.0599	1.06014	1.05899	1.02041	1.00685	1.00538	1.03202	1.02978	1.02949	1.08489	1.07868	1.07892	1.09442	1.09182	1.0932	1.08845	1.06323	1.05708	1.05694	1.05616	1.06394	1.0617	1.05112	1.05099	1.06805	1.06815	1.06683
ERR608109-k20-n1-x5e9	1.00713	0.957374	0.94793	0.921726	0.921821	0.92072	0.89449	0.993613	0.912448	0.882749	0.890704	0.885825	0.829293	0.778497	0.777039	0.773416	0	0.790572	0.877483	0.872823	0.883777	0.828902	0.827981	0.830869	0.906018	0.919895	0.917736	0.904557	0.90367	0.902176	0.971254	0.923965	0.921874	0.945077	0.94498	0.946779	1.02468	1.01848	1.02531	0.98854	0.991005	0.9904	0.970903	0.964215	0.971122	0.932351	0.931582	0.933144	1.11144	1.08716	1.07802	1.07585	1.07407	1.08657	0.932312	0.92625	0.929478	0.915758	0.916135	0.916559	1.10491	1.07608	1.06784	1.0672	1.06626	1.07823	1.05381	1.04262	1.04342	1.06244	1.06131	1.06254	1.02213	1.00965	1.00853	1.03333	1.03269	1.03138	1.08622	1.08	1.0818	1.09608	1.09475	1.09432	1.08997	1.06495	1.06023	1.05983	1.05884	1.06519	1.06309	1.05355	1.0518	1.07095	1.06958	1.06971
ERR608110-k20-n1-x5e9	1.01234	0.964437	0.95261	0.925255	0.926465	0.92543	0.902048	0.997597	0.916448	0.887917	0.899661	0.892729	0.833556	0.78704	0.785392	0.782763	0.790572	0	0.883306	0.879757	0.889842	0.836026	0.836931	0.839741	0.912928	0.925375	0.923837	0.909816	0.910015	0.90868	0.977012	0.925746	0.926931	0.952242	0.951859	0.953988	1.02888	1.02365	1.02927	0.99354	0.996225	0.995298	0.976094	0.968865	0.976085	0.939953	0.939909	0.941854	1.11647	1.09039	1.08099	1.07905	1.07659	1.09026	0.938486	0.930494	0.934399	0.921484	0.921552	0.921603	1.10879	1.08109	1.07127	1.07055	1.07041	1.08206	1.05792	1.04764	1.04581	1.06764	1.06625	1.06545	1.02462	1.01596	1.01398	1.0397	1.03699	1.03607	1.09081	1.08411	1.08665	1.09935	1.09732	1.09766	1.09408	1.067	1.06512	1.06524	1.06252	1.06767	1.06873	1.05755	1.05609	1.07557	1.07334	1.07373
ERR607817-k20-n1-x5e9	0.97653	0.92912	0.916569	0.889107	0.887407	0.889183	0.880473	0.968095	0.889941	0.865158	0.873606	0.866634	0.916653	0.872815	0.876461	0.874885	0.877483	0.883306	0	0.721894	0.736428	0.671624	0.675106	0.676814	0.874946	0.88191	0.8817	0.870496	0.869474	0.868832	0.931406	0.869545	0.869478	0.907569	0.905683	0.910413	0.989095	0.981845	0.989112	0.951348	0.953337	0.953127	0.923253	0.917685	0.923247	0.886593	0.88774	0.887989	1.09229	1.06782	1.05727	1.05372	1.05265	1.06757	0.884068	0.878899	0.883772	0.869023	0.869785	0.869141	1.09093	1.06047	1.05017	1.04705	1.04794	1.06078	1.02898	1.01607	1.01483	1.04063	1.04021	1.03946	0.996024	0.981258	0.980753	1.01273	1.01171	1.00849	1.06872	1.06087	1.06184	1.0763	1.07461	1.07469	1.07399	1.04458	1.04052	1.04079	1.03991	1.04539	1.04068	1.02795	1.02517	1.05038	1.04894	1.04748
ERR607818-k20-n1-x5e9	0.973451	0.923767	0.910472	0.88462	0.88471	0.883501	0.871931	0.965011	0.88693	0.860086	0.868582	0.861437	0.910076	0.871081	0.867797	0.871994	0.872823	0.879757	0.721894	0	0.731108	0.662533	0.664741	0.664009	0.867148	0.881368	0.879366	0.864631	0.863561	0.86251	0.930145	0.864464	0.864291	0.902223	0.901684	0.903927	0.984587	0.978741	0.985164	0.951153	0.95145	0.951486	0.920265	0.914842	0.919895	0.88024	0.879113	0.879564	1.09044	1.06369	1.05269	1.04956	1.04661	1.06461	0.883043	0.881623	0.879699	0.86496	0.863357	0.861748	1.08594	1.05578	1.04446	1.04402	1.04279	1.05625	1.02616	1.0105	1.00775	1.03541	1.0354	1.03435	0.988794	0.978703	0.978033	1.00864	1.00559	1.00342	1.06297	1.05542	1.05674	1.07323	1.07077	1.07211	1.07206	1.04241	1.03651	1.03657	1.03509	1.04338	1.03648	1.02304	1.02001	1.04507	1.04346	1.04291
ERR607819-k20-n1-x5e9	0.980413	0.932899	0.920702	0.894556	0.894354	0.892754	0.880324	0.974553	0.895133	0.872901	0.882316	0.875314	0.9212	0.879136	0.881992	0.880196	0.883777	0.889842	0.736428	0.731108	0	0.682646	0.685799	0.688796	0.880252	0.88787	0.886673	0.878904	0.878241	0.877345	0.938438	0.876341	0.876614	0.912871	0.913684	0.916764	0.993599	0.986478	0.993702	0.956548	0.958321	0.957498	0.927025	0.921881	0.926277	0.893959	0.891509	0.891035	1.09573	1.07152	1.06078	1.05816	1.05623	1.07189	0.889541	0.884136	0.888554	0.875238	0.877153	0.876335	1.09316	1.06337	1.053	1.05082	1.04885	1.06436	1.03412	1.0219	1.01903	1.04612	1.04393	1.04284	0.999719	0.987214	0.986423	1.01679	1.01481	1.01315	1.07308	1.06502	1.06584	1.08121	1.07798	1.07862	1.07879	1.04716	1.04552	1.04554	1.04475	1.04802	1.04442	1.03329	1.03096	1.05365	1.05336	1.05199
ERR607820-k20-n1-x5e9	0.952898	0.895562	0.881345	0.850857	0.850818	0.847313	0.828819	0.943248	0.849863	0.824074	0.82547	0.820747	0.875136	0.8225	0.822348	0.824776	0.828902	0.836026	0.671624	0.662533	0.682646	0	0.591335	0.591433	0.826403	0.843466	0.842238	0.824055	0.823124	0.823113	0.893364	0.821945	0.823514	0.86565	0.863519	0.864684	0.960863	0.955153	0.962556	0.919856	0.9215	0.921469	0.891086	0.882503	0.89144	0.837062	0.837371	0.837497	1.06043	1.03146	1.01498	1.01332	1.01074	1.03176	0.84109	0.833947	0.839795	0.827761	0.828211	0.827575	1.05466	1.02114	1.00898	1.00652	1.00576	1.0222	0.988422	0.972808	0.971491	1.00029	1.00176	1.00014	0.952937	0.939767	0.937347	0.971927	0.96904	0.967375	1.02896	1.02451	1.02498	1.03891	1.03624	1.03764	1.04038	1.00374	1.00023	0.999987	0.999481	1.00527	1.0006	0.987437	0.982815	1.01152	1.01096	1.01124
ERR607821-k20-n1-x5e9	0.953785	0.896716	0.88396	0.849881	0.850699	0.850145	0.828893	0.944268	0.851431	0.824221	0.82859	0.821637	0.877978	0.825833	0.823855	0.824878	0.827981	0.836931	0.675106	0.664741	0.685799	0.591335	0	0.592707	0.827811	0.84417	0.842302	0.826006	0.824919	0.823817	0.895815	0.826492	0.824619	0.866045	0.864581	0.866373	0.961304	0.955724	0.962413	0.921534	0.92318	0.923597	0.893914	0.882551	0.893897	0.838079	0.839333	0.83802	1.06172	1.03275	1.01645	1.01559	1.01108	1.03268	0.843894	0.834419	0.840253	0.830861	0.831269	0.830438	1.05688	1.02121	1.00942	1.00754	1.00597	1.02273	0.988887	0.975236	0.972302	1.00098	1.00024	1.00047	0.952635	0.941639	0.937511	0.972461	0.970915	0.968267	1.0306	1.02564	1.02631	1.04096	1.03748	1.03802	1.04121	1.00355	1.00208	1.00187	1.00034	1.00457	1.00173	0.989821	0.98516	1.01231	1.01165	1.01038
ERR607822-k20-n1-x5e9	0.955934	0.897302	0.886019	0.853214	0.853478	0.8524	0.832299	0.946627	0.852387	0.823929	0.828745	0.823402	0.879931	0.825531	0.822399	0.827775	0.830869	0.839741	0.676814	0.664009	0.688796	0.591433	0.592707	0	0.826316	0.846295	0.844647	0.827889	0.826565	0.825644	0.896903	0.827546	0.825838	0.868322	0.866591	0.869641	0.961771	0.955757	0.962865	0.923422	0.92411	0.923888	0.893759	0.885508	0.893928	0.840124	0.839508	0.841699	1.06231	1.0356	1.01915	1.01573	1.01369	1.03511	0.843739	0.838249	0.843277	0.833425	0.836087	0.834724	1.0582	1.02395	1.0114	1.00798	1.00846	1.02463	0.991006	0.976394	0.97417	1.00218	1.00193	1.00157	0.955363	0.943272	0.94049	0.975904	0.972272	0.970274	1.03019	1.02893	1.02794	1.04111	1.03737	1.0392	1.04255	1.0061	1.00233	1.00238	1.00131	1.00769	1.00475	0.988616	0.98766	1.01318	1.01176	1.01156
ERR607627-k20-n1-x5e9	0.992962	0.94323	0.934508	0.907054	0.907853	0.906926	0.891832	0.986789	0.913526	0.885794	0.888931	0.886514	0.940675	0.902708	0.901535	0.900165	0.906018	0.912928	0.874946	0.867148	0.880252	0.826403	0.827811	0.826316	0	0.779631	0.778845	0.763404	0.76274	0.765512	0.945741	0.89665	0.89438	0.92521	0.923691	0.926074	0.984942	0.981547	0.986329	0.946843	0.949019	0.948405	0.937238	0.930375	0.938269	0.897231	0.89781	0.897693	1.10853	1.08997	1.08009	1.07854	1.07682	1.09047	0.864137	0.856311	0.860662	0.853238	0.85346	0.853458	1.1037	1.08156	1.07057	1.06744	1.06674	1.08239	1.05708	1.04444	1.04155	1.06463	1.06511	1.06494	1.02119	1.01088	1.00816	1.0394	1.03758	1.03614	1.0872	1.08234	1.0808	1.09759	1.0948	1.09588	1.09275	1.06572	1.06214	1.06325	1.062	1.06623	1.06495	1.05403	1.05054	1.07133	1.072	1.07083
ERR607628-k20-n1-x5e9	1.00083	0.954101	0.945925	0.918155	0.918833	0.915825	0.911507	0.99562	0.922357	0.896048	0.901721	0.898	0.953191	0.919378	0.918961	0.916206	0.919895	0.925375	0.88191	0.881368	0.88787	0.843466	0.84417	0.846295	0.779631	0	0.79479	0.781609	0.781239	0.780722	0.957609	0.913345	0.914566	0.936664	0.93637	0.938934	0.998276	0.992439	1.00001	0.960716	0.960578	0.960856	0.945906	0.94035	0.94696	0.911808	0.911203	0.912307	1.12122	1.09863	1.08947	1.0886	1.08786	1.09805	0.875576	0.86932	0.873699	0.863684	0.864661	0.864078	1.11533	1.09057	1.08163	1.07992	1.08117	1.09157	1.06863	1.05688	1.05456	1.07654	1.07658	1.07754	1.03479	1.02582	1.02322	1.04926	1.04775	1.0474	1.09866	1.09437	1.09336	1.10824	1.10678	1.10815	1.10091	1.07697	1.07425	1.07526	1.07503	1.07773	1.07515	1.06707	1.06144	1.08318	1.08349	1.08287
ERR607629-k20-n1-x5e9	1.00053	0.954294	0.945196	0.916903	0.917828	0.914267	0.909442	0.995382	0.921757	0.894926	0.90054	0.897541	0.952537	0.916719	0.916483	0.91514	0.917736	0.923837	0.8817	0.879366	0.886673	0.842238	0.842302	0.844647	0.778845	0.79479	0	0.780842	0.780309	0.780486	0.957474	0.91335	0.913563	0.935789	0.935586	0.938718	0.997767	0.992757	0.999458	0.959721	0.962039	0.961208	0.945891	0.940976	0.946402	0.910589	0.910011	0.911727	1.12098	1.09843	1.08897	1.08792	1.08712	1.09856	0.876654	0.868974	0.873864	0.862888	0.864845	0.864591	1.11554	1.0898	1.08079	1.07975	1.08028	1.09094	1.06767	1.05576	1.05393	1.07632	1.07572	1.07578	1.03362	1.02522	1.0233	1.04819	1.04621	1.04563	1.09802	1.09363	1.09281	1.10725	1.10587	1.10707	1.10069	1.07611	1.0731	1.07454	1.07365	1.07699	1.07415	1.06557	1.06202	1.08231	1.08215	1.08166
ERR607630-k20-n1-x5e9	0.991255	0.942642	0.932971	0.909056	0.907579	0.906976	0.892126	0.986118	0.910192	0.884043	0.887443	0.884097	0.938841	0.900549	0.899492	0.898342	0.904557	0.909816	0.870496	0.864631	0.878904	0.824055	0.826006	0.827889	0.763404	0.781609	0.780842	0	0.760816	0.759786	0.94456	0.894952	0.895159	0.926127	0.923607	0.927547	0.986346	0.980191	0.987735	0.945989	0.946685	0.946047	0.936946	0.928715	0.937363	0.897668	0.894928	0.89639	1.10893	1.08841	1.08043	1.07831	1.07561	1.08977	0.861929	0.853754	0.859485	0.851529	0.849818	0.849418	1.1039	1.08032	1.06921	1.06735	1.06583	1.08222	1.05576	1.04318	1.04147	1.0646	1.06335	1.06349	1.02135	1.01057	1.00594	1.03811	1.03554	1.03422	1.08685	1.08021	1.081	1.09615	1.09391	1.09483	1.09147	1.06516	1.06139	1.06234	1.06173	1.06579	1.06288	1.05248	1.04807	1.07197	1.0705	1.06827
ERR607631-k20-n1-x5e9	0.990802	0.942128	0.9325	0.908729	0.908912	0.906413	0.892737	0.986001	0.909746	0.883913	0.88712	0.885009	0.93853	0.900545	0.899531	0.8979	0.90367	0.910015	0.869474	0.863561	0.878241	0.823124	0.824919	0.826565	0.76274	0.781239	0.780309	0.760816	0	0.760469	0.943856	0.894322	0.89537	0.926265	0.923215	0.927095	0.985892	0.979635	0.987615	0.945609	0.946368	0.945891	0.936255	0.927874	0.936197	0.896373	0.896653	0.894842	1.10829	1.08877	1.07942	1.07734	1.07501	1.08896	0.862184	0.854549	0.859243	0.851679	0.851257	0.850431	1.10332	1.07955	1.06864	1.06647	1.06488	1.08194	1.05536	1.04231	1.04054	1.06406	1.06251	1.06244	1.02061	1.00971	1.00552	1.03782	1.03495	1.03405	1.08693	1.07965	1.08002	1.09567	1.09288	1.09437	1.09114	1.06434	1.06077	1.06142	1.06057	1.0652	1.06233	1.05199	1.04735	1.07101	1.06982	1.06942
ERR607632-k20-n1-x5e9	0.991615	0.942381	0.932764	0.908445	0.909202	0.906272	0.891648	0.985899	0.908906	0.882681	0.886214	0.884568	0.937493	0.898819	0.897713	0.896538	0.902176	0.90868	0.868832	0.86251	0.877345	0.823113	0.823817	0.825644	0.765512	0.780722	0.780486	0.759786	0.760469	0	0.943839	0.894319	0.895035	0.925363	0.924131	0.926891	0.986223	0.979617	0.987497	0.94552	0.946138	0.945198	0.935534	0.92792	0.936712	0.896106	0.896604	0.894717	1.10828	1.08924	1.07964	1.07738	1.07582	1.08877	0.860962	0.855166	0.858662	0.853027	0.851635	0.851148	1.10327	1.07954	1.06844	1.06688	1.0663	1.08137	1.05531	1.04232	1.04185	1.06382	1.0628	1.06357	1.02052	1.00952	1.00587	1.03781	1.03494	1.03386	1.08679	1.07994	1.08081	1.09537	1.09379	1.09443	1.0914	1.06436	1.06074	1.06115	1.06083	1.06505	1.06239	1.05189	1.04859	1.07075	1.0693	1.06915
ERR605922-k20-n1-x5e9	1.01428	0.981612	0.974956	0.952915	0.953632	0.951888	0.946062	1.01019	0.955471	0.936348	0.93892	0.934214	0.998466	0.974891	0.973815	0.970504	0.971254	0.977012	0.931406	0.930145	0.938438	0.893364	0.895815	0.896903	0.945741	0.957609	0.957474	0.94456	0.943856	0.943839	0	0.738114	0.739172	0.742162	0.736388	0.742549	1.03281	1.02829	1.03401	1.00138	1.00155	1.00068	0.908776	0.904598	0.911072	0.883177	0.882716	0.881888	1.13987	1.12235	1.11489	1.11322	1.11084	1.12195	0.953444	0.952984	0.95513	0.945063	0.945757	0.945344	1.13304	1.11379	1.10602	1.10578	1.10527	1.11409	1.08702	1.07843	1.07614	1.0974	1.0981	1.09762	1.05848	1.04963	1.04568	1.07123	1.07122	1.06943	1.0018	1.00425	1.00263	1.00764	1.01011	1.01044	1.11861	1.10074	1.09715	1.09785	1.0958	1.10104	1.09191	1.08423	1.0808	1.10213	1.10269	1.10112
ERR605923-k20-n1-x5e9	0.986233	0.938556	0.929952	0.906324	0.90546	0.905051	0.892696	0.981301	0.906679	0.884031	0.889824	0.885168	0.954458	0.919868	0.914027	0.919757	0.923965	0.925746	0.869545	0.864464	0.876341	0.821945	0.826492	0.827546	0.89665	0.913345	0.91335	0.894952	0.894322	0.894319	0.738114	0	0.671675	0.706521	0.708031	0.7121	0.994846	0.990452	0.994796	0.959337	0.961454	0.960505	0.890247	0.883932	0.89107	0.855331	0.85411	0.855285	1.10799	1.0838	1.07251	1.07058	1.06963	1.08352	0.911442	0.903311	0.907776	0.889338	0.890745	0.889999	1.09961	1.07199	1.06225	1.06056	1.06006	1.07239	1.03816	1.02604	1.02547	1.05136	1.05017	1.0482	1.00715	0.996161	0.994644	1.02321	1.02198	1.01849	0.987194	0.981534	0.981891	0.99451	0.991886	0.992871	1.08502	1.05699	1.05157	1.05181	1.05052	1.05757	1.04909	1.03793	1.03528	1.06001	1.05869	1.05693
ERR605924-k20-n1-x5e9	0.986818	0.937514	0.929769	0.905845	0.905433	0.903118	0.891463	0.981851	0.908799	0.882257	0.887408	0.883019	0.955095	0.917697	0.911843	0.917583	0.921874	0.926931	0.869478	0.864291	0.876614	0.823514	0.824619	0.825838	0.89438	0.914566	0.913563	0.895159	0.89537	0.895035	0.739172	0.671675	0	0.707755	0.704866	0.710317	0.994819	0.990579	0.994732	0.959707	0.961725	0.960809	0.889346	0.88469	0.889647	0.855688	0.855137	0.856579	1.10802	1.08393	1.07198	1.07193	1.07093	1.08376	0.91063	0.901878	0.906426	0.888625	0.889998	0.890027	1.09964	1.07116	1.06219	1.06054	1.05896	1.073	1.03952	1.02604	1.0246	1.05106	1.04906	1.04915	1.00667	0.996097	0.995146	1.02389	1.02014	1.01869	0.986581	0.982012	0.98213	0.994358	0.993073	0.993477	1.08449	1.05579	1.05064	1.05078	1.05162	1.05658	1.04742	1.03809	1.03617	1.05982	1.05787	1.05652
ERR605925-k20-n1-x5e9	1.0034	0.96202	0.953841	0.932452	0.933213	0.928862	0.920167	0.999834	0.933664	0.915758	0.918348	0.913624	0.979611	0.943902	0.942413	0.94264	0.945077	0.952242	0.907569	0.902223	0.912871	0.86565	0.866045	0.868322	0.92521	0.936664	0.935789	0.926127	0.926265	0.925363	0.742162	0.706521	0.707755	0	0.723319	0.728164	1.01724	1.0122	1.01718	0.981577	0.981324	0.98049	0.902147	0.899561	0.903455	0.872096	0.869409	0.87259	1.12571	1.10659	1.09501	1.09462	1.09196	1.10755	0.93491	0.930611	0.931077	0.928329	0.926702	0.92639	1.11868	1.095	1.08469	1.08441	1.08375	1.0967	1.06816	1.05501	1.05567	1.07521	1.0761	1.07491	1.03799	1.02644	1.02452	1.05052	1.04854	1.04746	1.00048	0.999724	1.00092	1.0028	1.00427	1.00384	1.1052	1.07967	1.07547	1.07591	1.07541	1.0803	1.07432	1.06485	1.06176	1.08248	1.08197	1.08065
ERR605926-k20-n1-x5e9	1.00304	0.960459	0.954626	0.932419	0.931708	0.931136	0.919133	0.999186	0.932073	0.914324	0.917457	0.914888	0.978816	0.943386	0.941888	0.940577	0.94498	0.951859	0.905683	0.901684	0.913684	0.863519	0.864581	0.866591	0.923691	0.93637	0.935586	0.923607	0.923215	0.924131	0.736388	0.708031	0.704866	0.723319	0	0.72513	1.01667	1.01065	1.01663	0.97955	0.981799	0.981219	0.898411	0.89804	0.899353	0.870171	0.8686	0.870955	1.1245	1.10599	1.0957	1.09381	1.09119	1.10625	0.93282	0.926699	0.930139	0.925373	0.924124	0.924595	1.11843	1.09534	1.08445	1.08359	1.08306	1.09597	1.06654	1.05556	1.05271	1.0766	1.07468	1.07504	1.03518	1.02551	1.02385	1.04977	1.05011	1.04817	0.999871	0.998857	1.00102	1.0034	1.00351	1.00469	1.10582	1.07777	1.0753	1.07585	1.07477	1.0782	1.07392	1.06487	1.06157	1.08182	1.08175	1.07994
ERR605927-k20-n1-x5e9	1.00521	0.963932	0.957533	0.93536	0.936073	0.932746	0.921099	1.00094	0.935847	0.917117	0.918995	0.917977	0.981566	0.944572	0.943376	0.943767	0.946779	0.953988	0.910413	0.903927	0.916764	0.864684	0.866373	0.869641	0.926074	0.938934	0.938718	0.927547	0.927095	0.926891	0.742549	0.7121	0.710317	0.728164	0.72513	0	1.01832	1.01399	1.01858	0.981668	0.983964	0.983195	0.901405	0.897016	0.902382	0.871903	0.870284	0.873356	1.12566	1.10597	1.09674	1.09577	1.09312	1.10621	0.935034	0.932253	0.934779	0.926687	0.927443	0.927491	1.1203	1.09611	1.08654	1.08448	1.08471	1.09853	1.06823	1.05685	1.05434	1.07684	1.07742	1.07521	1.03633	1.0246	1.0239	1.05276	1.04971	1.04868	1.00033	1.00007	1.00049	1.00361	1.00344	1.00464	1.10641	1.08007	1.07533	1.07605	1.07507	1.08037	1.07613	1.06545	1.06334	1.08385	1.0831	1.0807
ERR607573-k20-n1-x5e9	1.05462	1.02391	1.02038	1.00382	1.00415	1.00262	1.00505	1.06076	1.01398	0.999916	1.00383	1.00126	1.04636	1.02332	1.02085	1.02165	1.02468	1.02888	0.989095	0.984587	0.993599	0.960863	0.961304	0.961771	0.984942	0.998276	0.997767	0.986346	0.985892	0.986223	1.03281	0.994846	0.994819	1.01724	1.01667	1.01832	0	0.966711	0.972997	0.938594	0.940334	0.940506	1.04424	1.04152	1.04515	1.01628	1.01688	1.01697	1.17834	1.16245	1.15495	1.15432	1.1525	1.16236	1.00079	0.996608	0.9977	0.989055	0.987986	0.987499	1.17237	1.15376	1.14637	1.14519	1.14485	1.15519	1.13206	1.12366	1.12273	1.1428	1.14117	1.14152	1.0998	1.09324	1.09219	1.11197	1.1102	1.10879	1.15947	1.15362	1.15395	1.16757	1.16684	1.1665	1.16425	1.1443	1.14017	1.14109	1.13971	1.14459	1.13879	1.12988	1.12701	1.14714	1.14551	1.14598
ERR607574-k20-n1-x5e9	1.05009	1.01814	1.01562	0.997833	0.998313	0.998312	1.00121	1.05724	1.01231	0.995819	0.999092	0.99485	1.04205	1.01717	1.01729	1.01741	1.01848	1.02365	0.981845	0.978741	0.986478	0.955153	0.955724	0.955757	0.981547	0.992439	0.992757	0.980191	0.979635	0.979617	1.02829	0.990452	0.990579	1.0122	1.01065	1.01399	0.966711	0	0.966023	0.930626	0.930204	0.929707	1.04132	1.03731	1.04154	1.01357	1.01335	1.01162	1.17512	1.1599	1.15301	1.15137	1.14927	1.15985	0.995373	0.990031	0.993564	0.983146	0.982857	0.981868	1.16931	1.15066	1.14369	1.14133	1.1409	1.15203	1.12869	1.11999	1.11937	1.13939	1.13806	1.13753	1.09677	1.08977	1.08852	1.10735	1.1059	1.1047	1.15647	1.14998	1.15014	1.16448	1.16285	1.16299	1.16145	1.14036	1.13651	1.1374	1.13661	1.141	1.13405	1.12659	1.12365	1.14416	1.14267	1.14084
ERR607575-k20-n1-x5e9	1.05492	1.02293	1.02003	1.0037	1.00372	1.00273	1.00455	1.06121	1.01355	1.0001	1.00395	1.00141	1.04689	1.02287	1.02045	1.02243	1.02531	1.02927	0.989112	0.985164	0.993702	0.962556	0.962413	0.962865	0.986329	1.00001	0.999458	0.987735	0.987615	0.987497	1.03401	0.994796	0.994732	1.01718	1.01663	1.01858	0.972997	0.966023	0	0.937499	0.939764	0.939998	1.04555	1.04249	1.04545	1.01777	1.01787	1.01788	1.1796	1.16332	1.15608	1.15503	1.15343	1.16351	1.0021	0.997756	0.998712	0.989751	0.989191	0.988459	1.17413	1.15493	1.1466	1.14598	1.1458	1.1559	1.13335	1.12457	1.12414	1.14384	1.1419	1.1427	1.10142	1.09417	1.09383	1.11298	1.11098	1.10961	1.16055	1.15476	1.15509	1.16854	1.16737	1.16725	1.16588	1.1454	1.14118	1.14178	1.14089	1.14559	1.13965	1.13094	1.12832	1.14845	1.14647	1.14683
ERR607576-k20-n1-x5e9	1.02647	0.99858	0.99149	0.97153	0.971481	0.968835	0.966705	1.0327	0.98229	0.96252	0.965384	0.961504	1.0197	0.986013	0.983528	0.986379	0.98854	0.99354	0.951348	0.951153	0.956548	0.919856	0.921534	0.923422	0.946843	0.960716	0.959721	0.945989	0.945609	0.94552	1.00138	0.959337	0.959707	0.981577	0.97955	0.981668	0.938594	0.930626	0.937499	0	0.897779	0.897294	1.01627	1.01164	1.01694	0.981478	0.980977	0.979922	1.16167	1.14164	1.13177	1.12956	1.12768	1.1419	0.964132	0.959671	0.96264	0.95034	0.950635	0.949497	1.1547	1.13103	1.12136	1.11919	1.11801	1.13203	1.1093	1.10162	1.10005	1.11664	1.11636	1.11558	1.07708	1.06677	1.06529	1.08838	1.08637	1.08524	1.13443	1.13109	1.13065	1.14432	1.14152	1.14207	1.14473	1.11852	1.11305	1.11298	1.11242	1.11918	1.11537	1.1086	1.10605	1.12232	1.12151	1.12048
ERR607577-k20-n1-x5e9	1.02712	0.998419	0.991209	0.972677	0.972751	0.969905	0.969065	1.03364	0.982632	0.963657	0.966364	0.963846	1.01983	0.987585	0.983431	0.987628	0.991005	0.996225	0.953337	0.95145	0.958321	0.9215	0.92318	0.92411	0.949019	0.960578	0.962039	0.946685	0.946368	0.946138	1.00155	0.961454	0.961725	0.981324	0.981799	0.983964	0.940334	0.930204	0.939764	0.897779	0	0.895485	1.01714	1.01266	1.01711	0.981763	0.981285	0.981519	1.16168	1.1426	1.13326	1.13083	1.12954	1.14294	0.96436	0.960283	0.963171	0.951174	0.952204	0.951711	1.15549	1.13216	1.12194	1.12007	1.11778	1.13279	1.1108	1.10232	1.10171	1.11799	1.11679	1.11649	1.07759	1.0677	1.06657	1.08839	1.08664	1.08628	1.13599	1.13158	1.13226	1.14537	1.14304	1.14285	1.146	1.11774	1.11362	1.11389	1.11372	1.11881	1.11682	1.10872	1.10684	1.12356	1.12176	1.12147
ERR607578-k20-n1-x5e9	1.02612	0.996856	0.99011	0.971758	0.971852	0.968919	0.967767	1.03287	0.981734	0.962971	0.965372	0.962864	1.01906	0.987089	0.982824	0.986354	0.9904	0.995298	0.953127	0.951486	0.957498	0.921469	0.923597	0.923888	0.948405	0.960856	0.961208	0.946047	0.945891	0.945198	1.00068	0.960505	0.960809	0.98049	0.981219	0.983195	0.940506	0.929707	0.939998	0.897294	0.895485	0	1.01698	1.01255	1.01757	0.981438	0.980939	0.981227	1.16148	1.14283	1.13309	1.13077	1.12951	1.14265	0.963699	0.959529	0.962837	0.951063	0.951641	0.95118	1.15546	1.13197	1.12191	1.12027	1.11787	1.1324	1.11072	1.10228	1.10173	1.11774	1.11664	1.11651	1.07721	1.06735	1.06614	1.08793	1.08625	1.08588	1.13581	1.13173	1.13201	1.14511	1.14294	1.14314	1.14617	1.11808	1.11349	1.11374	1.11369	1.11866	1.11652	1.10878	1.1076	1.12337	1.1218	1.12136
ERR608167-k20-n1-x5e9	1.02122	0.988195	0.980583	0.955102	0.956096	0.955261	0.967163	1.03979	0.980351	0.961452	0.962901	0.957388	1.00201	0.968066	0.969477	0.968157	0.970903	0.976094	0.923253	0.920265	0.927025	0.891086	0.893914	0.893759	0.937238	0.945906	0.945891	0.936946	0.936255	0.935534	0.908776	0.890247	0.889346	0.902147	0.898411	0.901405	1.04424	1.04132	1.04555	1.01627	1.01714	1.01698	0	0.809614	0.816503	0.793991	0.795132	0.795907	1.1411	1.12033	1.10856	1.10824	1.10644	1.12044	0.951898	0.947044	0.948631	0.942625	0.944615	0.943817	1.1366	1.10986	1.10126	1.10065	1.10124	1.11081	1.08994	1.08108	1.07938	1.10006	1.10181	1.09988	1.05543	1.04733	1.04282	1.06764	1.06692	1.06603	1.04865	1.04968	1.04807	1.04826	1.04847	1.05035	1.12031	1.09661	1.09445	1.09491	1.09385	1.09669	1.08776	1.08047	1.07835	1.09816	1.0981	1.09642
ERR608168-k20-n1-x5e9	1.0154	0.982096	0.973884	0.950109	0.950872	0.948194	0.959716	1.03502	0.971836	0.95179	0.955554	0.954411	0.996203	0.963385	0.962307	0.960733	0.964215	0.968865	0.917685	0.914842	0.921881	0.882503	0.882551	0.885508	0.930375	0.94035	0.940976	0.928715	0.927874	0.92792	0.904598	0.883932	0.88469	0.899561	0.89804	0.897016	1.04152	1.03731	1.04249	1.01164	1.01266	1.01255	0.809614	0	0.809587	0.786913	0.784854	0.785274	1.13786	1.11595	1.10428	1.10322	1.10203	1.11609	0.944471	0.941159	0.943409	0.936221	0.936877	0.936023	1.13242	1.10647	1.09792	1.09706	1.09676	1.10583	1.08578	1.07678	1.07463	1.09605	1.09564	1.095	1.05087	1.04218	1.03877	1.06329	1.06167	1.0623	1.04613	1.04562	1.0439	1.04574	1.04584	1.04684	1.11723	1.09305	1.08947	1.09028	1.09025	1.09322	1.08368	1.0774	1.07274	1.09464	1.09287	1.09257
ERR608169-k20-n1-x5e9	1.0215	0.987598	0.979755	0.954679	0.955432	0.954598	0.96591	1.04093	0.979612	0.961731	0.962668	0.957755	1.00247	0.967773	0.968386	0.968352	0.971122	0.976085	0.923247	0.919895	0.926277	0.89144	0.893897	0.893928	0.938269	0.94696	0.946402	0.937363	0.936197	0.936712	0.911072	0.89107	0.889647	0.903455	0.899353	0.902382	1.04515	1.04154	1.04545	1.01694	1.01711	1.01757	0.816503	0.809587	0	0.794527	0.796045	0.796216	1.14201	1.12042	1.10837	1.10853	1.1065	1.1208	0.952637	0.947202	0.948785	0.94295	0.944741	0.944157	1.13731	1.11045	1.10094	1.1006	1.10153	1.11111	1.09037	1.08088	1.07959	1.09999	1.10139	1.09967	1.05564	1.04752	1.04346	1.06821	1.06694	1.06606	1.04969	1.05015	1.04984	1.04895	1.04854	1.05096	1.12123	1.09642	1.09423	1.09479	1.09338	1.09722	1.08833	1.0809	1.07864	1.09807	1.09867	1.09643
ERR608170-k20-n1-x5e9	0.996085	0.949615	0.942509	0.916121	0.916319	0.917829	0.923175	1.01173	0.943796	0.91481	0.922028	0.917105	0.965668	0.929402	0.92779	0.92708	0.932351	0.939953	0.886593	0.88024	0.893959	0.837062	0.838079	0.840124	0.897231	0.911808	0.910589	0.897668	0.896373	0.896106	0.883177	0.855331	0.855688	0.872096	0.870171	0.871903	1.01628	1.01357	1.01777	0.981478	0.981763	0.981438	0.793991	0.786913	0.794527	0	0.748772	0.750318	1.11287	1.09161	1.08293	1.08195	1.07865	1.09329	0.915821	0.907306	0.911772	0.902923	0.902987	0.900718	1.10603	1.08423	1.07331	1.07128	1.07077	1.08621	1.06142	1.04872	1.04596	1.06814	1.06858	1.06638	1.02199	1.01182	1.00857	1.0397	1.03638	1.0346	1.02859	1.02681	1.02597	1.03199	1.02969	1.03145	1.09519	1.06805	1.06475	1.06571	1.06461	1.06865	1.05967	1.05113	1.04678	1.06889	1.06629	1.06589
