	ERR608445-k20-n1-x5e9	ERR608446-k20-n1-x5e9	ERR608447-k20-n1-x5e9	ERR608448-k20-n1-x5e9	ERR608449-k20-n1-x5e9	ERR608450-k20-n1-x5e9	ERR608075-k20-n1-x5e9	ERR608076-k20-n1-x5e9	ERR608077-k20-n1-x5e9	ERR608078-k20-n1-x5e9	ERR608079-k20-n1-x5e9	ERR608080-k20-n1-x5e9	ERR610031-k20-n1-x5e9	ERR610032-k20-n1-x5e9	ERR610033-k20-n1-x5e9	ERR610034-k20-n1-x5e9	ERR610035-k20-n1-x5e9	ERR610036-k20-n1-x5e9	ERR609151-k20-n1-x5e9	ERR609152-k20-n1-x5e9	ERR609153-k20-n1-x5e9	ERR609154-k20-n1-x5e9	ERR609155-k20-n1-x5e9	ERR609156-k20-n1-x5e9	ERR608257-k20-n1-x5e9	ERR608258-k20-n1-x5e9	ERR608259-k20-n1-x5e9	ERR608260-k20-n1-x5e9	ERR608261-k20-n1-x5e9	ERR608262-k20-n1-x5e9	ERR607549-k20-n1-x5e9	ERR607550-k20-n1-x5e9	ERR607551-k20-n1-x5e9	ERR607552-k20-n1-x5e9	ERR607553-k20-n1-x5e9	ERR607554-k20-n1-x5e9	ERR609271-k20-n1-x5e9	ERR609272-k20-n1-x5e9	ERR609273-k20-n1-x5e9	ERR609274-k20-n1-x5e9	ERR609275-k20-n1-x5e9	ERR609276-k20-n1-x5e9	ERR605831-k20-n1-x5e9	ERR605832-k20-n1-x5e9	ERR605833-k20-n1-x5e9	ERR605834-k20-n1-x5e9	ERR605835-k20-n1-x5e9	ERR605836-k20-n1-x5e9	ERR608793-k20-n1-x5e9	ERR608794-k20-n1-x5e9	ERR608795-k20-n1-x5e9	ERR608796-k20-n1-x5e9	ERR608797-k20-n1-x5e9	ERR608798-k20-n1-x5e9	ERR610229-k20-n1-x5e9	ERR610230-k20-n1-x5e9	ERR610231-k20-n1-x5e9	ERR610232-k20-n1-x5e9	ERR610233-k20-n1-x5e9	ERR610234-k20-n1-x5e9	ERR608689-k20-n1-x5e9	ERR608690-k20-n1-x5e9	ERR608691-k20-n1-x5e9	ERR608692-k20-n1-x5e9	ERR608693-k20-n1-x5e9	ERR608694-k20-n1-x5e9	ERR607337-k20-n1-x5e9	ERR607338-k20-n1-x5e9	ERR607339-k20-n1-x5e9	ERR607340-k20-n1-x5e9	ERR607341-k20-n1-x5e9	ERR607342-k20-n1-x5e9	ERR605617-k20-n1-x5e9	ERR605618-k20-n1-x5e9	ERR605619-k20-n1-x5e9	ERR605620-k20-n1-x5e9	ERR605621-k20-n1-x5e9	ERR605622-k20-n1-x5e9	ERR605653-k20-n1-x5e9	ERR605654-k20-n1-x5e9	ERR605655-k20-n1-x5e9	ERR605656-k20-n1-x5e9	ERR605657-k20-n1-x5e9	ERR605658-k20-n1-x5e9	ERR605701-k20-n1-x5e9	ERR605702-k20-n1-x5e9	ERR605703-k20-n1-x5e9	ERR605704-k20-n1-x5e9	ERR605705-k20-n1-x5e9	ERR605706-k20-n1-x5e9	ERR605695-k20-n1-x5e9	ERR605696-k20-n1-x5e9	ERR605697-k20-n1-x5e9	ERR605698-k20-n1-x5e9	ERR605699-k20-n1-x5e9	ERR605700-k20-n1-x5e9
ERR608445-k20-n1-x5e9	0	0.291478	0.312513	0.321278	0.325351	0.291374	0.512796	0.550348	0.567896	0.581299	0.581711	0.579866	0.442188	0.506356	0.550222	0.53546	0.490491	0.491138	0.42765	0.428329	0.427064	0.436485	0.428976	0.429631	0.465829	0.515359	0.538136	0.580752	0.582548	0.579962	0.445078	0.494474	0.505532	0.49012	0.488972	0.488381	0.495631	0.49176	0.484156	0.472647	0.496164	0.493012	0.456413	0.460619	0.496937	0.4964	0.497057	0.498648	0.340082	0.350864	0.348339	0.341098	0.340889	0.339164	0.385376	0.451752	0.378245	0.370055	0.370459	0.371313	0.378743	0.3753	0.381369	0.382136	0.384187	0.374713	0.351802	0.35473	0.354298	0.341881	0.343204	0.341264	0.394316	0.378497	0.372948	0.370879	0.367698	0.366448	0.375284	0.365062	0.360742	0.363999	0.356849	0.356888	0.428126	0.409324	0.405166	0.395565	0.409814	0.405732	0.412896	0.396637	0.390381	0.372103	0.358188	0.359383
ERR608446-k20-n1-x5e9	0.291478	0	0.257625	0.261175	0.263926	0.254826	0.479909	0.502048	0.515357	0.527093	0.527222	0.525648	0.4508	0.461617	0.590096	0.486825	0.465422	0.464657	0.431108	0.434336	0.440816	0.457425	0.434389	0.436045	0.423016	0.45986	0.480057	0.523055	0.524847	0.522173	0.426414	0.448883	0.456644	0.4449	0.44428	0.444012	0.449607	0.447771	0.444231	0.436451	0.452187	0.449961	0.466971	0.478789	0.454637	0.456494	0.457567	0.459823	0.33038	0.327667	0.328787	0.359499	0.358667	0.354966	0.37128	0.509799	0.388707	0.344255	0.346627	0.343894	0.397739	0.366171	0.36125	0.359271	0.359382	0.364729	0.329657	0.323957	0.326181	0.356308	0.356338	0.357379	0.341036	0.334365	0.330899	0.329645	0.339969	0.338369	0.344142	0.346901	0.345958	0.352909	0.353376	0.353374	0.371959	0.35916	0.356078	0.346415	0.369252	0.365057	0.360981	0.351319	0.348506	0.337352	0.358517	0.354158
ERR608447-k20-n1-x5e9	0.312513	0.257625	0	0.252089	0.252962	0.25835	0.47592	0.490009	0.500821	0.509446	0.509622	0.508148	0.46174	0.447882	0.608753	0.470374	0.458093	0.456976	0.441012	0.444537	0.452658	0.473008	0.444348	0.44613	0.413466	0.443457	0.461569	0.502575	0.5043	0.501712	0.425251	0.43591	0.441969	0.432381	0.431944	0.431738	0.437592	0.43642	0.434681	0.431139	0.440577	0.438928	0.479969	0.493315	0.444011	0.44643	0.447241	0.449533	0.338336	0.331123	0.332462	0.377734	0.376881	0.372686	0.382635	0.535887	0.407362	0.350572	0.353863	0.349432	0.411922	0.372902	0.363733	0.361017	0.360261	0.370941	0.330696	0.322076	0.325092	0.370451	0.369969	0.371662	0.327882	0.326159	0.32396	0.32439	0.336375	0.335587	0.343486	0.351268	0.352407	0.361184	0.361086	0.361528	0.353325	0.343718	0.341905	0.333239	0.357038	0.352882	0.346348	0.34046	0.339864	0.334133	0.366624	0.35999
ERR608448-k20-n1-x5e9	0.321278	0.261175	0.252089	0	0.250225	0.260598	0.474879	0.485938	0.495471	0.504081	0.504142	0.50266	0.466928	0.446142	0.61509	0.467166	0.459672	0.458288	0.445692	0.449733	0.458597	0.47882	0.449247	0.451359	0.411869	0.438383	0.455624	0.496423	0.49821	0.495594	0.427302	0.433194	0.43851	0.430002	0.429689	0.429585	0.434867	0.434411	0.433274	0.43027	0.438428	0.436969	0.484875	0.499033	0.442071	0.445145	0.446	0.448416	0.341948	0.333225	0.335598	0.382702	0.382101	0.377855	0.38325	0.542798	0.410825	0.350337	0.354068	0.3492	0.417864	0.37645	0.365936	0.36259	0.361743	0.374479	0.334001	0.324367	0.327686	0.377001	0.376281	0.378467	0.326774	0.326902	0.3247	0.325417	0.339425	0.338797	0.345239	0.355004	0.356259	0.365223	0.366393	0.366882	0.350947	0.342769	0.340921	0.332432	0.357501	0.353436	0.344555	0.340338	0.339862	0.335833	0.372437	0.365361
ERR608449-k20-n1-x5e9	0.325351	0.263926	0.252962	0.250225	0	0.262898	0.475373	0.485078	0.49424	0.501419	0.501399	0.500085	0.46891	0.442538	0.618173	0.462988	0.456413	0.454892	0.447223	0.451059	0.459973	0.481592	0.450564	0.452622	0.410106	0.435477	0.452512	0.492364	0.494077	0.491405	0.425848	0.430093	0.43512	0.426877	0.426354	0.42628	0.432433	0.431824	0.430936	0.429855	0.435894	0.434515	0.487427	0.501749	0.439719	0.44272	0.44336	0.445799	0.344719	0.335668	0.337301	0.388186	0.387605	0.383156	0.389199	0.549072	0.417361	0.354979	0.358786	0.353659	0.419767	0.377369	0.366178	0.362803	0.361493	0.375126	0.333938	0.324114	0.327207	0.380085	0.379264	0.381261	0.325036	0.326232	0.324639	0.326277	0.33872	0.338455	0.346998	0.357436	0.358943	0.36869	0.368666	0.369169	0.346414	0.338807	0.337282	0.329183	0.353349	0.34925	0.341468	0.337955	0.337847	0.335725	0.373337	0.366311
ERR608450-k20-n1-x5e9	0.291374	0.254826	0.25835	0.260598	0.262898	0	0.480532	0.502633	0.515824	0.526826	0.527017	0.525401	0.45194	0.461687	0.591098	0.486458	0.464107	0.463303	0.43258	0.435541	0.441967	0.459122	0.435578	0.436927	0.423595	0.460735	0.480552	0.522676	0.524439	0.521813	0.426618	0.44923	0.457047	0.4454	0.44465	0.444293	0.449995	0.448024	0.444359	0.437384	0.45225	0.45	0.468525	0.479964	0.454956	0.456544	0.457311	0.459593	0.33083	0.328573	0.328935	0.360574	0.359917	0.356067	0.373222	0.510395	0.390435	0.345399	0.347527	0.344641	0.397742	0.366848	0.361935	0.359449	0.359774	0.364701	0.329834	0.324623	0.326125	0.356999	0.35716	0.358119	0.340068	0.333101	0.329816	0.32875	0.337474	0.33629	0.343308	0.345988	0.34483	0.352171	0.351128	0.351479	0.370544	0.357734	0.354949	0.345438	0.367269	0.362986	0.359831	0.350393	0.347555	0.336911	0.357687	0.352926
ERR608075-k20-n1-x5e9	0.512796	0.479909	0.47592	0.474879	0.475373	0.480532	0	0.280118	0.303117	0.335829	0.337023	0.333522	0.419705	0.396707	0.586479	0.410384	0.427563	0.424902	0.448372	0.454111	0.46842	0.474151	0.455089	0.456905	0.356474	0.361966	0.374262	0.407766	0.409365	0.407243	0.430508	0.403682	0.403039	0.400963	0.401171	0.401654	0.378603	0.379371	0.383513	0.362355	0.384418	0.383725	0.438504	0.455998	0.39409	0.394148	0.397638	0.401389	0.545241	0.539962	0.542091	0.555167	0.553935	0.551139	0.488959	0.616866	0.509843	0.476235	0.477161	0.47392	0.603004	0.57312	0.564895	0.56272	0.561872	0.571743	0.546205	0.537207	0.539413	0.572045	0.572753	0.572892	0.472091	0.471885	0.47325	0.470199	0.486787	0.484649	0.460699	0.465234	0.469255	0.471909	0.478907	0.477255	0.513252	0.51485	0.517621	0.514531	0.528209	0.526119	0.50288	0.501968	0.505937	0.500845	0.527949	0.523391
ERR608076-k20-n1-x5e9	0.550348	0.502048	0.490009	0.485938	0.485078	0.502633	0.280118	0	0.251187	0.275243	0.276217	0.273301	0.477848	0.393247	0.646685	0.392595	0.447211	0.443362	0.496079	0.502484	0.518782	0.530281	0.502549	0.505063	0.366426	0.334977	0.334155	0.355985	0.357179	0.355545	0.460275	0.401622	0.393725	0.400456	0.40162	0.402438	0.377638	0.38226	0.39312	0.383543	0.386114	0.387599	0.495945	0.516021	0.39795	0.400552	0.403785	0.407728	0.565439	0.555163	0.558602	0.585515	0.584182	0.581001	0.517272	0.6671	0.548331	0.498983	0.501066	0.496097	0.631885	0.594433	0.582398	0.579206	0.577708	0.592931	0.563573	0.55178	0.555177	0.599847	0.599953	0.601099	0.479733	0.486761	0.489928	0.488199	0.508805	0.507181	0.484915	0.496831	0.502171	0.506702	0.515334	0.513961	0.511347	0.519009	0.522771	0.520833	0.536492	0.534667	0.505659	0.510611	0.516616	0.517211	0.556863	0.55026
ERR608077-k20-n1-x5e9	0.567896	0.515357	0.500821	0.495471	0.49424	0.515824	0.303117	0.251187	0	0.26044	0.261075	0.25886	0.502097	0.397863	0.669816	0.3912	0.458079	0.454071	0.517128	0.523479	0.540297	0.553603	0.523315	0.525939	0.378585	0.334859	0.327492	0.34159	0.342573	0.341122	0.475301	0.407376	0.397094	0.407057	0.40851	0.409299	0.385184	0.390531	0.403426	0.398971	0.39382	0.395855	0.520141	0.540749	0.405761	0.409176	0.412113	0.415625	0.577398	0.565613	0.569193	0.601036	0.599598	0.596475	0.534767	0.68811	0.568112	0.514697	0.517193	0.511597	0.6449	0.605343	0.592051	0.58856	0.586986	0.603712	0.573963	0.561502	0.564996	0.613896	0.613729	0.615223	0.488124	0.497929	0.501381	0.500375	0.521409	0.520099	0.499711	0.513703	0.519245	0.524538	0.533129	0.531814	0.514719	0.524411	0.528554	0.527314	0.542713	0.541292	0.511539	0.518591	0.525062	0.52823	0.571197	0.564293
ERR608078-k20-n1-x5e9	0.581299	0.527093	0.509446	0.504081	0.501419	0.526826	0.335829	0.275243	0.26044	0	0.241317	0.241646	0.525507	0.388832	0.694018	0.373616	0.44637	0.442205	0.534534	0.539866	0.555459	0.577006	0.538695	0.54137	0.383626	0.333623	0.321664	0.315377	0.316122	0.315634	0.473196	0.397715	0.3868	0.398528	0.400033	0.400674	0.386658	0.391752	0.404301	0.415965	0.393848	0.396337	0.547474	0.567673	0.405275	0.406874	0.408281	0.410334	0.583117	0.570786	0.572549	0.617315	0.616057	0.612751	0.566802	0.715316	0.600259	0.540124	0.543425	0.537171	0.651008	0.611082	0.596513	0.593405	0.591063	0.609111	0.573323	0.561107	0.563609	0.620679	0.619754	0.622106	0.493482	0.505886	0.510476	0.512907	0.525839	0.526086	0.516598	0.532591	0.538598	0.546624	0.548065	0.548142	0.504722	0.515774	0.520618	0.521681	0.531395	0.530806	0.507668	0.516891	0.524522	0.534178	0.576944	0.569503
ERR608079-k20-n1-x5e9	0.581711	0.527222	0.509622	0.504142	0.501399	0.527017	0.337023	0.276217	0.261075	0.241317	0	0.241389	0.526425	0.3888	0.695016	0.373421	0.446494	0.442217	0.535343	0.540683	0.55628	0.577992	0.539486	0.542126	0.38379	0.333681	0.321376	0.314549	0.315051	0.314858	0.473652	0.397993	0.387142	0.398779	0.40025	0.401051	0.387041	0.392138	0.404696	0.416782	0.394141	0.396859	0.548414	0.568566	0.405404	0.407013	0.408469	0.410579	0.583135	0.570787	0.572589	0.617729	0.616538	0.613131	0.567809	0.716198	0.601237	0.540864	0.544187	0.537803	0.650957	0.611035	0.596371	0.593278	0.59104	0.60908	0.57321	0.561014	0.563463	0.62078	0.619856	0.622301	0.493418	0.505982	0.510562	0.513116	0.525684	0.526111	0.517065	0.533056	0.539076	0.54723	0.548458	0.548622	0.504462	0.515515	0.520362	0.521532	0.531068	0.530393	0.50747	0.516784	0.52437	0.534218	0.577079	0.569692
ERR608080-k20-n1-x5e9	0.579866	0.525648	0.508148	0.50266	0.500085	0.525401	0.333522	0.273301	0.25886	0.241646	0.241389	0	0.524051	0.388628	0.692789	0.373929	0.446377	0.442071	0.533112	0.53848	0.55409	0.57546	0.537383	0.539988	0.382517	0.332927	0.320962	0.316008	0.31671	0.316239	0.472467	0.397405	0.386555	0.398147	0.399621	0.400397	0.385641	0.390739	0.403236	0.414425	0.392887	0.395501	0.545719	0.566031	0.404499	0.406337	0.40776	0.410002	0.581898	0.569504	0.571485	0.61576	0.614508	0.611182	0.564519	0.713522	0.598074	0.537996	0.541163	0.534928	0.64989	0.609914	0.59535	0.592236	0.589992	0.607942	0.572412	0.560306	0.56279	0.619554	0.618616	0.620956	0.492438	0.5046	0.509162	0.511298	0.524669	0.524827	0.515125	0.531084	0.537015	0.544929	0.546718	0.54672	0.504652	0.515507	0.520242	0.521217	0.531324	0.530651	0.506983	0.516179	0.523629	0.532926	0.575769	0.568346
ERR610031-k20-n1-x5e9	0.442188	0.4508	0.46174	0.466928	0.46891	0.45194	0.419705	0.477848	0.502097	0.525507	0.526425	0.524051	0	0.397733	0.425103	0.439142	0.376073	0.377392	0.311006	0.312179	0.315975	0.314411	0.315945	0.315816	0.397854	0.45762	0.484252	0.53266	0.534552	0.53176	0.382583	0.43969	0.452253	0.434392	0.432739	0.432533	0.417705	0.412429	0.40269	0.372548	0.418441	0.414432	0.313574	0.318508	0.409202	0.408395	0.41067	0.412318	0.493945	0.499526	0.497961	0.491457	0.489759	0.488742	0.488397	0.542038	0.483609	0.481004	0.481108	0.48137	0.506077	0.501309	0.504086	0.505839	0.50636	0.501982	0.484705	0.485576	0.48524	0.477401	0.478403	0.476659	0.470804	0.457118	0.454564	0.453312	0.451364	0.44971	0.460028	0.450152	0.448845	0.452615	0.446929	0.445997	0.507648	0.493013	0.490932	0.484558	0.495213	0.491574	0.495421	0.48211	0.478951	0.465614	0.454253	0.455247
ERR610032-k20-n1-x5e9	0.506356	0.461617	0.447882	0.446142	0.442538	0.461687	0.396707	0.393247	0.397863	0.388832	0.3888	0.388628	0.397733	0	0.602488	0.250046	0.281004	0.277161	0.414332	0.418097	0.432167	0.470708	0.416272	0.419352	0.323991	0.327757	0.339687	0.364318	0.365763	0.363446	0.360016	0.321564	0.323428	0.321052	0.320347	0.321153	0.309128	0.308084	0.310659	0.33315	0.312018	0.312192	0.45295	0.473151	0.308093	0.309577	0.308241	0.307471	0.503785	0.495763	0.493576	0.552001	0.550952	0.547653	0.549266	0.674917	0.5737	0.516057	0.519838	0.513756	0.557065	0.522114	0.509649	0.509077	0.505943	0.520756	0.473263	0.465457	0.465608	0.52356	0.521484	0.524717	0.426218	0.433235	0.436502	0.443624	0.44143	0.443113	0.465845	0.477706	0.481688	0.494261	0.484045	0.485989	0.419855	0.419549	0.421599	0.422109	0.428487	0.427147	0.432241	0.435846	0.440127	0.452931	0.483789	0.47691
ERR610033-k20-n1-x5e9	0.550222	0.590096	0.608753	0.61509	0.618173	0.591098	0.586479	0.646685	0.669816	0.694018	0.695016	0.692789	0.425103	0.602488	0	0.636104	0.570368	0.57269	0.46785	0.464885	0.454814	0.422609	0.470164	0.467579	0.588373	0.642249	0.664789	0.704716	0.706311	0.703992	0.557749	0.624104	0.635694	0.619532	0.61818	0.617787	0.608444	0.603477	0.593542	0.563417	0.608076	0.604278	0.446684	0.431337	0.601333	0.599411	0.601305	0.602509	0.620899	0.632248	0.630622	0.592933	0.59209	0.5928	0.593515	0.534819	0.568205	0.601824	0.600257	0.603036	0.598324	0.616945	0.627205	0.630091	0.632014	0.618649	0.621114	0.625657	0.624616	0.588782	0.591054	0.586727	0.625861	0.608405	0.604153	0.60068	0.595013	0.593153	0.595128	0.578363	0.574114	0.57231	0.567167	0.56538	0.663345	0.64783	0.644965	0.638721	0.644766	0.641915	0.648038	0.632558	0.627451	0.609318	0.577047	0.582697
ERR610034-k20-n1-x5e9	0.53546	0.486825	0.470374	0.467166	0.462988	0.486458	0.410384	0.392595	0.3912	0.373616	0.373421	0.373929	0.439142	0.250046	0.636104	0	0.306218	0.301669	0.457507	0.461453	0.475287	0.512966	0.459329	0.462409	0.349827	0.332372	0.335165	0.342586	0.343398	0.341953	0.390949	0.330905	0.327925	0.332438	0.332382	0.333226	0.319678	0.320536	0.326234	0.356474	0.323121	0.324731	0.491401	0.511491	0.326492	0.328466	0.326359	0.325147	0.530613	0.521064	0.519266	0.580249	0.579248	0.575862	0.57053	0.700367	0.597459	0.536176	0.540355	0.533716	0.586545	0.548785	0.534512	0.533134	0.529788	0.546979	0.502343	0.492881	0.49308	0.558494	0.556286	0.559722	0.441576	0.452031	0.456225	0.463493	0.463116	0.464983	0.481645	0.496132	0.50081	0.513428	0.504131	0.505956	0.427792	0.43311	0.436257	0.439203	0.443122	0.442889	0.44623	0.453999	0.459771	0.476007	0.511944	0.504698
ERR610035-k20-n1-x5e9	0.490491	0.465422	0.458093	0.459672	0.456413	0.464107	0.427563	0.447211	0.458079	0.44637	0.446494	0.446377	0.376073	0.281004	0.570368	0.306218	0	0.240369	0.389706	0.389225	0.397162	0.444737	0.386876	0.389055	0.343285	0.379077	0.399164	0.424675	0.426319	0.424223	0.33623	0.346564	0.357623	0.344299	0.342927	0.34256	0.347208	0.341071	0.33264	0.358558	0.344853	0.342458	0.436027	0.450204	0.335056	0.326645	0.323863	0.320125	0.496296	0.49505	0.488439	0.547382	0.546432	0.54327	0.570583	0.664177	0.58577	0.535434	0.539019	0.534075	0.535595	0.513878	0.506305	0.507571	0.504636	0.512213	0.461151	0.459271	0.455803	0.500813	0.497952	0.50035	0.443432	0.442813	0.445569	0.455242	0.429687	0.432925	0.480343	0.485018	0.48853	0.502915	0.474417	0.478447	0.434117	0.424916	0.426185	0.427205	0.418873	0.418034	0.444321	0.440625	0.44292	0.45418	0.457295	0.45345
ERR610036-k20-n1-x5e9	0.491138	0.464657	0.456976	0.458288	0.454892	0.463303	0.424902	0.443362	0.454071	0.442205	0.442217	0.442071	0.377392	0.277161	0.57269	0.301669	0.240369	0	0.39124	0.391035	0.399415	0.446784	0.388627	0.390807	0.341419	0.375378	0.39514	0.420381	0.421905	0.419904	0.337334	0.344585	0.354984	0.34212	0.340866	0.340406	0.343633	0.337748	0.330096	0.356244	0.341563	0.339444	0.437131	0.45169	0.332317	0.324249	0.321364	0.318134	0.496297	0.494654	0.488388	0.547643	0.546584	0.543387	0.569055	0.664574	0.584955	0.533826	0.537548	0.53233	0.536947	0.514288	0.506393	0.507527	0.504536	0.512561	0.461406	0.459217	0.455963	0.501958	0.499168	0.501772	0.441146	0.440848	0.44379	0.453507	0.428953	0.43199	0.478353	0.483605	0.486998	0.501424	0.473895	0.477638	0.432228	0.423462	0.424872	0.425841	0.418071	0.417255	0.442426	0.439241	0.441664	0.453158	0.458166	0.453899
ERR609151-k20-n1-x5e9	0.42765	0.431108	0.441012	0.445692	0.447223	0.43258	0.448372	0.496079	0.517128	0.534534	0.535343	0.533112	0.311006	0.414332	0.46785	0.457507	0.389706	0.39124	0	0.250611	0.255292	0.274491	0.254443	0.254716	0.38418	0.451149	0.480772	0.535517	0.537544	0.534507	0.362642	0.428891	0.44311	0.422905	0.421192	0.420755	0.414406	0.409226	0.398353	0.377043	0.415152	0.411009	0.323312	0.331251	0.394872	0.394976	0.396661	0.39816	0.458976	0.46405	0.462316	0.469113	0.467682	0.466321	0.492302	0.553291	0.490427	0.478425	0.479399	0.478641	0.475842	0.471066	0.474892	0.476644	0.477103	0.472216	0.438319	0.4414	0.441111	0.429493	0.429802	0.428907	0.46186	0.450214	0.44752	0.448047	0.443011	0.442634	0.472735	0.46621	0.464817	0.471091	0.462781	0.462868	0.489519	0.471415	0.467975	0.459516	0.472649	0.468677	0.476217	0.462178	0.457771	0.446176	0.436757	0.436882
ERR609152-k20-n1-x5e9	0.428329	0.434336	0.444537	0.449733	0.451059	0.435541	0.454111	0.502484	0.523479	0.539866	0.540683	0.53848	0.312179	0.418097	0.464885	0.461453	0.389225	0.391035	0.250611	0	0.253642	0.274112	0.253811	0.253921	0.388434	0.456611	0.486386	0.54032	0.542239	0.539228	0.362897	0.432712	0.447363	0.426719	0.42489	0.424468	0.41955	0.413718	0.402393	0.382307	0.419658	0.415456	0.32621	0.332418	0.399284	0.399018	0.400477	0.401803	0.460386	0.466164	0.46414	0.471229	0.469535	0.46845	0.49827	0.55391	0.495219	0.48393	0.485007	0.484088	0.475341	0.472281	0.476683	0.478833	0.479055	0.473603	0.439256	0.44298	0.442272	0.42879	0.429202	0.428121	0.466043	0.454019	0.451044	0.45236	0.444651	0.444408	0.477175	0.470195	0.4689	0.475463	0.465029	0.465361	0.492598	0.473749	0.470276	0.462131	0.473586	0.469663	0.479454	0.464915	0.460365	0.448822	0.436014	0.436579
ERR609153-k20-n1-x5e9	0.427064	0.440816	0.452658	0.458597	0.459973	0.441967	0.46842	0.518782	0.540297	0.555459	0.55628	0.55409	0.315975	0.432167	0.454814	0.475287	0.397162	0.399415	0.255292	0.253642	0	0.271489	0.257253	0.256889	0.402534	0.472441	0.5025	0.555111	0.557154	0.554108	0.367529	0.444073	0.459619	0.438129	0.436578	0.435879	0.434207	0.428233	0.415271	0.397435	0.433734	0.429376	0.330201	0.333227	0.413908	0.41295	0.414075	0.414905	0.462922	0.470671	0.46801	0.47182	0.470603	0.469508	0.504502	0.54733	0.498289	0.49046	0.491364	0.490926	0.472712	0.474679	0.480572	0.483035	0.483622	0.476058	0.44197	0.447106	0.445801	0.427862	0.428035	0.426902	0.476242	0.462826	0.459763	0.46102	0.450097	0.450374	0.48442	0.476005	0.474105	0.48056	0.467533	0.46835	0.500907	0.481284	0.477338	0.469317	0.478865	0.47518	0.487678	0.472438	0.46709	0.45556	0.437085	0.438599
ERR609154-k20-n1-x5e9	0.436485	0.457425	0.473008	0.47882	0.481592	0.459122	0.474151	0.530281	0.553603	0.577006	0.577992	0.57546	0.314411	0.470708	0.422609	0.512966	0.444737	0.446784	0.274491	0.274112	0.271489	0	0.279646	0.27793	0.434647	0.501383	0.530139	0.584059	0.585942	0.583031	0.410608	0.483098	0.496652	0.47696	0.475419	0.474991	0.465579	0.460323	0.449886	0.419096	0.466409	0.462087	0.319145	0.317458	0.449168	0.448997	0.451492	0.453303	0.48619	0.494126	0.493461	0.474271	0.472497	0.472625	0.491879	0.517088	0.478831	0.489588	0.489287	0.490503	0.488451	0.493394	0.501345	0.503526	0.505161	0.495448	0.475627	0.479813	0.479834	0.448641	0.450427	0.447584	0.498773	0.483378	0.479434	0.477151	0.475347	0.47381	0.492435	0.480528	0.47795	0.480031	0.476025	0.474836	0.535127	0.51661	0.512974	0.503801	0.517536	0.513358	0.518143	0.502057	0.496596	0.479243	0.460565	0.462914
ERR609155-k20-n1-x5e9	0.428976	0.434389	0.444348	0.449247	0.450564	0.435578	0.455089	0.502549	0.523315	0.538695	0.539486	0.537383	0.315945	0.416272	0.470164	0.459329	0.386876	0.388627	0.254443	0.253811	0.257253	0.279646	0	0.253139	0.386957	0.455005	0.484865	0.538532	0.540502	0.537494	0.360469	0.430124	0.444978	0.4241	0.422339	0.421945	0.418145	0.412428	0.400908	0.382446	0.415725	0.41157	0.330069	0.337018	0.3978	0.396891	0.398343	0.399617	0.459885	0.465609	0.463172	0.472259	0.470862	0.46968	0.500148	0.557546	0.49806	0.484492	0.485694	0.484844	0.475161	0.471879	0.475977	0.477962	0.478413	0.473006	0.437458	0.441243	0.440392	0.428417	0.428617	0.427833	0.465269	0.453298	0.450759	0.452061	0.443887	0.443917	0.47776	0.471192	0.470091	0.476637	0.465713	0.466384	0.490568	0.47184	0.468521	0.460228	0.471685	0.467728	0.477966	0.463559	0.459234	0.448239	0.436074	0.436496
ERR609156-k20-n1-x5e9	0.429631	0.436045	0.44613	0.451359	0.452622	0.436927	0.456905	0.505063	0.525939	0.54137	0.542126	0.539988	0.315816	0.419352	0.467579	0.462409	0.389055	0.390807	0.254716	0.253921	0.256889	0.27793	0.253139	0	0.390172	0.458287	0.488065	0.541477	0.543447	0.540492	0.362656	0.433311	0.448065	0.427247	0.425416	0.424972	0.421125	0.415482	0.403742	0.385114	0.418844	0.414391	0.329468	0.335658	0.400566	0.399852	0.401211	0.40234	0.461579	0.467714	0.465156	0.472951	0.471775	0.470465	0.500881	0.555972	0.498154	0.485796	0.486859	0.486093	0.475568	0.47317	0.477359	0.479574	0.480023	0.474101	0.439471	0.443204	0.442316	0.429367	0.429496	0.428686	0.467841	0.455592	0.452943	0.454129	0.445793	0.445742	0.479272	0.472277	0.471168	0.477757	0.466659	0.467062	0.493121	0.474433	0.470768	0.462719	0.473787	0.469898	0.480281	0.465901	0.461274	0.450438	0.437323	0.437874
ERR608257-k20-n1-x5e9	0.465829	0.423016	0.413466	0.411869	0.410106	0.423595	0.356474	0.366426	0.378585	0.383626	0.38379	0.382517	0.397854	0.323991	0.588373	0.349827	0.343285	0.341419	0.38418	0.388434	0.402534	0.434647	0.386957	0.390172	0	0.266059	0.292185	0.348043	0.350174	0.346973	0.34019	0.328908	0.334707	0.324798	0.323919	0.324415	0.34134	0.340707	0.340548	0.345075	0.345964	0.34452	0.428521	0.448296	0.331178	0.332007	0.333364	0.335283	0.458527	0.451004	0.450451	0.499912	0.498996	0.495603	0.497569	0.630453	0.521559	0.468657	0.471996	0.466581	0.526485	0.493124	0.483807	0.482397	0.48028	0.492197	0.429053	0.422388	0.42435	0.468699	0.467522	0.469851	0.42476	0.428004	0.429958	0.433517	0.436498	0.437337	0.460646	0.469313	0.473028	0.482234	0.477026	0.47816	0.43378	0.427465	0.427987	0.422863	0.437601	0.434516	0.42986	0.428782	0.431242	0.435941	0.464764	0.458284
ERR608258-k20-n1-x5e9	0.515359	0.45986	0.443457	0.438383	0.435477	0.460735	0.361966	0.334977	0.334859	0.333623	0.333681	0.332927	0.45762	0.327757	0.642249	0.332372	0.379077	0.375378	0.451149	0.456611	0.472441	0.501383	0.455005	0.458287	0.266059	0	0.2395	0.28018	0.281744	0.279045	0.39391	0.335787	0.330995	0.334132	0.334761	0.33592	0.343948	0.347448	0.355571	0.366935	0.351103	0.352216	0.485398	0.506835	0.345203	0.34886	0.349908	0.352153	0.502323	0.489777	0.491017	0.544913	0.543716	0.54015	0.520768	0.672752	0.553432	0.491169	0.494999	0.488353	0.574653	0.533114	0.519306	0.516513	0.513882	0.531705	0.476672	0.465446	0.468553	0.528792	0.527612	0.530551	0.44137	0.451856	0.455597	0.458685	0.469771	0.47032	0.480122	0.494556	0.499735	0.508641	0.508668	0.509275	0.443076	0.446324	0.449004	0.446628	0.462225	0.460162	0.44717	0.454076	0.459838	0.469597	0.512194	0.504329
ERR608259-k20-n1-x5e9	0.538136	0.480057	0.461569	0.455624	0.452512	0.480552	0.374262	0.334155	0.327492	0.321664	0.321376	0.320962	0.484252	0.339687	0.664789	0.335165	0.399164	0.39514	0.480772	0.486386	0.5025	0.530139	0.484865	0.488065	0.292185	0.2395	0	0.260855	0.26202	0.259808	0.420291	0.349609	0.341343	0.349276	0.350098	0.35137	0.354666	0.359274	0.36991	0.383928	0.362254	0.364122	0.511161	0.532603	0.360554	0.364604	0.365663	0.367689	0.524381	0.510474	0.51234	0.566733	0.565402	0.561903	0.536733	0.691634	0.571424	0.507259	0.511251	0.504253	0.596352	0.552997	0.537985	0.534588	0.532003	0.551437	0.501411	0.488834	0.492245	0.556095	0.554952	0.557974	0.454406	0.467115	0.471351	0.474506	0.487287	0.487803	0.493302	0.509485	0.514855	0.523842	0.524957	0.525472	0.453688	0.460505	0.463841	0.462702	0.477689	0.475968	0.460674	0.470063	0.476631	0.488122	0.533851	0.525661
ERR608260-k20-n1-x5e9	0.580752	0.523055	0.502575	0.496423	0.492364	0.522676	0.407766	0.355985	0.34159	0.315377	0.314549	0.316008	0.53266	0.364318	0.704716	0.342586	0.424675	0.420381	0.535517	0.54032	0.555111	0.584059	0.538532	0.541477	0.348043	0.28018	0.260855	0	0.236952	0.237162	0.461556	0.376426	0.364903	0.378592	0.379647	0.380763	0.381372	0.385907	0.397903	0.422525	0.387408	0.390312	0.560781	0.581002	0.394839	0.396821	0.396618	0.397345	0.56835	0.554424	0.555166	0.61309	0.611872	0.608253	0.581419	0.729822	0.615869	0.549762	0.554048	0.546738	0.63667	0.593353	0.576907	0.573649	0.570748	0.5913	0.549621	0.53659	0.538602	0.608656	0.607113	0.610364	0.485182	0.500143	0.505561	0.510336	0.51901	0.520236	0.522993	0.540767	0.546804	0.556843	0.55443	0.555416	0.474377	0.486423	0.49139	0.494493	0.501237	0.501164	0.489349	0.501944	0.510103	0.526117	0.571361	0.563286
ERR608261-k20-n1-x5e9	0.582548	0.524847	0.5043	0.49821	0.494077	0.524439	0.409365	0.357179	0.342573	0.316122	0.315051	0.31671	0.534552	0.365763	0.706311	0.343398	0.426319	0.421905	0.537544	0.542239	0.557154	0.585942	0.540502	0.543447	0.350174	0.281744	0.26202	0.236952	0	0.236987	0.463527	0.378186	0.36636	0.38028	0.38143	0.382567	0.382975	0.387611	0.399626	0.424354	0.389064	0.392059	0.562781	0.582935	0.396712	0.398549	0.398459	0.399106	0.570203	0.556368	0.557155	0.614955	0.613691	0.610171	0.58322	0.731515	0.617602	0.551726	0.555928	0.548693	0.63825	0.594856	0.578417	0.575164	0.572217	0.59287	0.551616	0.538506	0.540526	0.610704	0.609153	0.61237	0.486646	0.501741	0.507091	0.511943	0.520517	0.521742	0.524539	0.54232	0.548379	0.558393	0.555952	0.556872	0.47567	0.487849	0.49277	0.496011	0.50262	0.502597	0.49102	0.503696	0.511862	0.527919	0.573204	0.565109
ERR608262-k20-n1-x5e9	0.579962	0.522173	0.501712	0.495594	0.491405	0.521813	0.407243	0.355545	0.341122	0.315634	0.314858	0.316239	0.53176	0.363446	0.703992	0.341953	0.424223	0.419904	0.534507	0.539228	0.554108	0.583031	0.537494	0.540492	0.346973	0.279045	0.259808	0.237162	0.236987	0	0.460813	0.375792	0.364204	0.37774	0.379025	0.38009	0.380447	0.385316	0.397282	0.421605	0.38677	0.389687	0.559937	0.580302	0.394111	0.396222	0.396031	0.396701	0.567515	0.553564	0.55435	0.612201	0.610918	0.607419	0.580515	0.729325	0.615068	0.549177	0.55328	0.546069	0.635997	0.592529	0.576148	0.572823	0.569839	0.590511	0.548574	0.535516	0.537652	0.607697	0.606196	0.609393	0.484344	0.499352	0.504637	0.509456	0.518246	0.5195	0.522436	0.54022	0.546181	0.556222	0.554018	0.554929	0.47374	0.485792	0.490619	0.493669	0.500692	0.500608	0.488818	0.501324	0.509357	0.525258	0.570748	0.562669
ERR607549-k20-n1-x5e9	0.445078	0.426414	0.425251	0.427302	0.425848	0.426618	0.430508	0.460275	0.475301	0.473196	0.473652	0.472467	0.382583	0.360016	0.557749	0.390949	0.33623	0.337334	0.362642	0.362897	0.367529	0.410608	0.360469	0.362656	0.34019	0.39391	0.420291	0.461556	0.463527	0.460813	0	0.291934	0.308243	0.287941	0.286254	0.285553	0.378637	0.373865	0.363188	0.375868	0.377647	0.374581	0.423092	0.437391	0.369116	0.369013	0.367311	0.366008	0.444131	0.444982	0.439787	0.489562	0.489125	0.486318	0.52402	0.616121	0.535852	0.491673	0.494885	0.490813	0.501955	0.483615	0.479003	0.479928	0.477939	0.483053	0.410246	0.41035	0.408116	0.440652	0.438163	0.440801	0.440785	0.437574	0.43678	0.444331	0.428145	0.430853	0.471636	0.474576	0.475218	0.487597	0.467975	0.470962	0.439723	0.426393	0.424092	0.421397	0.42432	0.42205	0.437708	0.430853	0.429339	0.434105	0.438666	0.435498
ERR607550-k20-n1-x5e9	0.494474	0.448883	0.43591	0.433194	0.430093	0.44923	0.403682	0.401622	0.407376	0.397715	0.397993	0.397405	0.43969	0.321564	0.624104	0.330905	0.346564	0.344585	0.428891	0.432712	0.444073	0.483098	0.430124	0.433311	0.328908	0.335787	0.349609	0.376426	0.378186	0.375792	0.291934	0	0.239783	0.2384	0.238305	0.238673	0.340974	0.340794	0.340421	0.364238	0.343625	0.343248	0.476049	0.495762	0.344442	0.348574	0.346607	0.34602	0.481958	0.473414	0.471532	0.532624	0.531971	0.528522	0.533918	0.665	0.559882	0.498869	0.503025	0.496786	0.55241	0.517142	0.504996	0.503738	0.500689	0.515893	0.449973	0.44168	0.441915	0.505363	0.50312	0.506702	0.433348	0.440724	0.442616	0.449973	0.447823	0.450046	0.471801	0.484278	0.487369	0.499838	0.489792	0.492042	0.421678	0.421243	0.422083	0.422762	0.429462	0.428369	0.430875	0.435614	0.438904	0.452217	0.484629	0.478029
ERR607551-k20-n1-x5e9	0.505532	0.456644	0.441969	0.43851	0.43512	0.457047	0.403039	0.393725	0.397094	0.3868	0.387142	0.386555	0.452253	0.323428	0.635694	0.327925	0.357623	0.354984	0.44311	0.447363	0.459619	0.496652	0.444978	0.448065	0.334707	0.330995	0.341343	0.364903	0.36636	0.364204	0.308243	0.239783	0	0.241511	0.241953	0.242691	0.341184	0.342288	0.344184	0.367921	0.344849	0.345047	0.487181	0.507499	0.347927	0.352921	0.351031	0.350886	0.49198	0.482016	0.480842	0.541761	0.541022	0.537642	0.537057	0.673389	0.564978	0.502541	0.506714	0.500114	0.563684	0.52636	0.513159	0.511481	0.508481	0.52498	0.461816	0.452326	0.45298	0.518907	0.5167	0.520359	0.436868	0.446014	0.448317	0.455173	0.455998	0.458016	0.47555	0.489386	0.492885	0.504931	0.49699	0.498985	0.424925	0.427052	0.428383	0.429432	0.437268	0.436138	0.43524	0.441857	0.445741	0.459776	0.495701	0.488814
ERR607552-k20-n1-x5e9	0.49012	0.4449	0.432381	0.430002	0.426877	0.4454	0.400963	0.400456	0.407057	0.398528	0.398779	0.398147	0.434392	0.321052	0.619532	0.332438	0.344299	0.34212	0.422905	0.426719	0.438129	0.47696	0.4241	0.427247	0.324798	0.334132	0.349276	0.378592	0.38028	0.37774	0.287941	0.2384	0.241511	0	0.236341	0.236641	0.34006	0.339704	0.339134	0.361296	0.342599	0.342153	0.470412	0.490208	0.342494	0.346168	0.344352	0.343983	0.477801	0.46942	0.467412	0.527948	0.52738	0.524	0.530089	0.660903	0.555654	0.495296	0.499385	0.493114	0.548254	0.513271	0.501372	0.500201	0.497311	0.512056	0.445501	0.43748	0.437727	0.499567	0.49735	0.500973	0.43124	0.438061	0.440031	0.447035	0.445036	0.447237	0.469643	0.481642	0.484899	0.497074	0.487179	0.489235	0.421378	0.419879	0.420885	0.420794	0.428119	0.426694	0.429339	0.433301	0.436594	0.448937	0.480768	0.474227
ERR607553-k20-n1-x5e9	0.488972	0.44428	0.431944	0.429689	0.426354	0.44465	0.401171	0.40162	0.40851	0.400033	0.40025	0.399621	0.432739	0.320347	0.61818	0.332382	0.342927	0.340866	0.421192	0.42489	0.436578	0.475419	0.422339	0.425416	0.323919	0.334761	0.350098	0.379647	0.38143	0.379025	0.286254	0.238305	0.241953	0.236341	0	0.236392	0.339945	0.339493	0.338527	0.360754	0.342247	0.341715	0.468979	0.488768	0.342118	0.345794	0.344028	0.343693	0.476948	0.46876	0.466722	0.527211	0.52656	0.523077	0.53032	0.660245	0.555512	0.495574	0.499623	0.493402	0.546965	0.512421	0.500565	0.499486	0.496585	0.511074	0.444521	0.436812	0.436878	0.498371	0.496181	0.499769	0.430541	0.437328	0.439201	0.446211	0.443794	0.446083	0.469173	0.481081	0.484265	0.496498	0.486398	0.488616	0.420765	0.419201	0.420141	0.420091	0.427111	0.425752	0.428716	0.432516	0.435711	0.448164	0.479377	0.472908
ERR607554-k20-n1-x5e9	0.488381	0.444012	0.431738	0.429585	0.42628	0.444293	0.401654	0.402438	0.409299	0.400674	0.401051	0.400397	0.432533	0.321153	0.617787	0.333226	0.34256	0.340406	0.420755	0.424468	0.435879	0.474991	0.421945	0.424972	0.324415	0.33592	0.35137	0.380763	0.382567	0.38009	0.285553	0.238673	0.242691	0.236641	0.236392	0	0.34051	0.339684	0.338718	0.361021	0.342634	0.342022	0.468802	0.488391	0.342507	0.345834	0.344069	0.343393	0.476244	0.468252	0.465916	0.526669	0.526013	0.52259	0.530185	0.659749	0.555336	0.495339	0.499388	0.493185	0.546597	0.512141	0.500361	0.499249	0.496434	0.510778	0.44402	0.436208	0.436285	0.497647	0.495437	0.499	0.430687	0.437225	0.439174	0.44626	0.443313	0.445619	0.468992	0.480715	0.483926	0.496283	0.485722	0.487974	0.42087	0.419047	0.419939	0.419905	0.426741	0.425382	0.428509	0.432115	0.435341	0.44777	0.478526	0.472148
ERR609271-k20-n1-x5e9	0.495631	0.449607	0.437592	0.434867	0.432433	0.449995	0.378603	0.377638	0.385184	0.386658	0.387041	0.385641	0.417705	0.309128	0.608444	0.319678	0.347208	0.343633	0.414406	0.41955	0.434207	0.465579	0.418145	0.421125	0.34134	0.343948	0.354666	0.381372	0.382975	0.380447	0.378637	0.340974	0.341184	0.34006	0.339945	0.34051	0	0.242128	0.246694	0.263268	0.247849	0.24864	0.437366	0.458471	0.312678	0.315939	0.316022	0.317731	0.501277	0.492922	0.492704	0.541615	0.540419	0.536721	0.516374	0.650891	0.542381	0.485507	0.489222	0.483381	0.550707	0.513984	0.501991	0.500581	0.497941	0.512672	0.481749	0.473318	0.474426	0.526494	0.524852	0.527629	0.412405	0.418749	0.421413	0.425863	0.431311	0.431811	0.446996	0.458548	0.462715	0.473831	0.468458	0.469421	0.423602	0.424995	0.42675	0.426199	0.436897	0.435217	0.429752	0.432453	0.436346	0.443743	0.478333	0.471273
ERR609272-k20-n1-x5e9	0.49176	0.447771	0.43642	0.434411	0.431824	0.448024	0.379371	0.38226	0.390531	0.391752	0.392138	0.390739	0.412429	0.308084	0.603477	0.320536	0.341071	0.337748	0.409226	0.413718	0.428233	0.460323	0.412428	0.415482	0.340707	0.347448	0.359274	0.385907	0.387611	0.385316	0.373865	0.340794	0.342288	0.339704	0.339493	0.339684	0.242128	0	0.244286	0.261631	0.247368	0.247435	0.432849	0.45354	0.311838	0.314182	0.314372	0.315698	0.498898	0.490994	0.490594	0.539471	0.538532	0.534746	0.517648	0.64836	0.542342	0.486504	0.490139	0.484395	0.546388	0.510931	0.499378	0.498304	0.495655	0.509424	0.478801	0.470942	0.47162	0.522734	0.521168	0.523835	0.411688	0.417172	0.419763	0.424536	0.427887	0.42845	0.445975	0.456757	0.460923	0.472399	0.46527	0.466489	0.42288	0.423072	0.424743	0.424544	0.43369	0.432033	0.428989	0.430768	0.434243	0.441652	0.473777	0.466958
ERR609273-k20-n1-x5e9	0.484156	0.444231	0.434681	0.433274	0.430936	0.444359	0.383513	0.39312	0.403426	0.404301	0.404696	0.403236	0.40269	0.310659	0.593542	0.326234	0.33264	0.330096	0.398353	0.402393	0.415271	0.449886	0.400908	0.403742	0.340548	0.355571	0.36991	0.397903	0.399626	0.397282	0.363188	0.340421	0.344184	0.339134	0.338527	0.338718	0.246694	0.244286	0	0.26122	0.249726	0.249211	0.42362	0.443807	0.312495	0.31385	0.313831	0.314388	0.492952	0.486459	0.485128	0.533921	0.533008	0.529298	0.516698	0.641484	0.539376	0.484898	0.488504	0.483223	0.537969	0.505214	0.494632	0.493898	0.491417	0.503771	0.47143	0.46493	0.464878	0.513864	0.511959	0.514581	0.411609	0.415415	0.417483	0.422848	0.422677	0.42344	0.444973	0.454368	0.457987	0.469773	0.460164	0.461762	0.421727	0.420163	0.421389	0.420887	0.428479	0.426822	0.427472	0.42778	0.430641	0.437451	0.465424	0.459252
ERR609274-k20-n1-x5e9	0.472647	0.436451	0.431139	0.43027	0.429855	0.437384	0.362355	0.383543	0.398971	0.415965	0.416782	0.414425	0.372548	0.33315	0.563417	0.356474	0.358558	0.356244	0.377043	0.382307	0.397435	0.419096	0.382446	0.385114	0.345075	0.366935	0.383928	0.422525	0.424354	0.421605	0.375868	0.364238	0.367921	0.361296	0.360754	0.361021	0.263268	0.261631	0.26122	0	0.268348	0.266948	0.386494	0.40684	0.324538	0.327261	0.329548	0.332427	0.493526	0.487715	0.488474	0.519456	0.517977	0.514712	0.48507	0.611224	0.505808	0.461855	0.464499	0.460312	0.533956	0.502973	0.494516	0.493524	0.491992	0.502048	0.481222	0.474407	0.47579	0.511546	0.511004	0.512329	0.412543	0.412105	0.412948	0.413737	0.423587	0.422635	0.430629	0.436612	0.43966	0.448067	0.44674	0.44668	0.443057	0.439971	0.440746	0.437339	0.451556	0.449015	0.440401	0.437478	0.439252	0.436641	0.462896	0.457598
ERR609275-k20-n1-x5e9	0.496164	0.452187	0.440577	0.438428	0.435894	0.45225	0.384418	0.386114	0.39382	0.393848	0.394141	0.392887	0.418441	0.312018	0.608076	0.323121	0.344853	0.341563	0.415152	0.419658	0.433734	0.466409	0.415725	0.418844	0.345964	0.351103	0.362254	0.387408	0.389064	0.38677	0.377647	0.343625	0.344849	0.342599	0.342247	0.342634	0.247849	0.247368	0.249726	0.268348	0	0.245106	0.43825	0.459082	0.315493	0.317837	0.317904	0.319133	0.502669	0.494946	0.494065	0.543567	0.542572	0.538878	0.521467	0.651997	0.546357	0.489918	0.493527	0.487855	0.549836	0.514517	0.502792	0.501593	0.499031	0.512883	0.482284	0.474424	0.475048	0.526771	0.52491	0.527633	0.415606	0.421335	0.424141	0.429003	0.432043	0.432732	0.450239	0.461307	0.465425	0.476875	0.469664	0.470908	0.425009	0.425781	0.427579	0.427278	0.436205	0.434825	0.432096	0.434221	0.438018	0.445613	0.47804	0.471217
ERR609276-k20-n1-x5e9	0.493012	0.449961	0.438928	0.436969	0.434515	0.45	0.383725	0.387599	0.395855	0.396337	0.396859	0.395501	0.414432	0.312192	0.604278	0.324731	0.342458	0.339444	0.411009	0.415456	0.429376	0.462087	0.41157	0.414391	0.34452	0.352216	0.364122	0.390312	0.392059	0.389687	0.374581	0.343248	0.345047	0.342153	0.341715	0.342022	0.24864	0.247435	0.249211	0.266948	0.245106	0	0.434545	0.455029	0.315481	0.317354	0.317296	0.318582	0.500091	0.492588	0.491613	0.540749	0.539812	0.536031	0.51964	0.649029	0.544028	0.488138	0.491716	0.486309	0.546946	0.512174	0.500877	0.499729	0.497156	0.510559	0.479601	0.472099	0.472441	0.523343	0.521668	0.524289	0.414711	0.419927	0.42225	0.427163	0.429625	0.43033	0.44862	0.459254	0.463155	0.474646	0.466934	0.468176	0.424658	0.424737	0.426313	0.425941	0.434714	0.43316	0.431016	0.432649	0.436222	0.443466	0.474722	0.468103
ERR605831-k20-n1-x5e9	0.456413	0.466971	0.479969	0.484875	0.487427	0.468525	0.438504	0.495945	0.520141	0.547474	0.548414	0.545719	0.313574	0.45295	0.446684	0.491401	0.436027	0.437131	0.323312	0.32621	0.330201	0.319145	0.330069	0.329468	0.428521	0.485398	0.511161	0.560781	0.562781	0.559937	0.423092	0.476049	0.487181	0.470412	0.468979	0.468802	0.437366	0.432849	0.42362	0.386494	0.43825	0.434545	0	0.264252	0.395247	0.395143	0.39873	0.401666	0.513959	0.518974	0.519131	0.502792	0.501209	0.500174	0.483955	0.53185	0.476604	0.482294	0.482041	0.482774	0.511137	0.507956	0.51251	0.514029	0.515414	0.508825	0.509995	0.5106	0.511056	0.497336	0.498831	0.496696	0.48469	0.470478	0.467478	0.463785	0.467898	0.465237	0.472195	0.461509	0.460086	0.46103	0.46171	0.459849	0.528261	0.513653	0.511845	0.504052	0.517924	0.514184	0.516631	0.502714	0.499652	0.482931	0.473703	0.474919
