	ERR610193-k20-n1-x5e9	ERR610194-k20-n1-x5e9	ERR610195-k20-n1-x5e9	ERR610196-k20-n1-x5e9	ERR610197-k20-n1-x5e9	ERR610198-k20-n1-x5e9	ERR605605-k20-n1-x5e9	ERR605606-k20-n1-x5e9	ERR605607-k20-n1-x5e9	ERR605608-k20-n1-x5e9	ERR605609-k20-n1-x5e9	ERR605610-k20-n1-x5e9	ERR609003-k20-n1-x5e9	ERR609004-k20-n1-x5e9	ERR609005-k20-n1-x5e9	ERR609006-k20-n1-x5e9	ERR609007-k20-n1-x5e9	ERR609008-k20-n1-x5e9	ERR607585-k20-n1-x5e9	ERR607586-k20-n1-x5e9	ERR607587-k20-n1-x5e9	ERR607588-k20-n1-x5e9	ERR607589-k20-n1-x5e9	ERR607590-k20-n1-x5e9	ERR607397-k20-n1-x5e9	ERR607398-k20-n1-x5e9	ERR607399-k20-n1-x5e9	ERR607400-k20-n1-x5e9	ERR607401-k20-n1-x5e9	ERR607402-k20-n1-x5e9	ERR608561-k20-n1-x5e9	ERR608562-k20-n1-x5e9	ERR608563-k20-n1-x5e9	ERR608564-k20-n1-x5e9	ERR608565-k20-n1-x5e9	ERR608566-k20-n1-x5e9	ERR608701-k20-n1-x5e9	ERR608702-k20-n1-x5e9	ERR608703-k20-n1-x5e9	ERR608704-k20-n1-x5e9	ERR608705-k20-n1-x5e9	ERR608706-k20-n1-x5e9	ERR608069-k20-n1-x5e9	ERR608070-k20-n1-x5e9	ERR608071-k20-n1-x5e9	ERR608072-k20-n1-x5e9	ERR608073-k20-n1-x5e9	ERR608074-k20-n1-x5e9	ERR608943-k20-n1-x5e9	ERR608944-k20-n1-x5e9	ERR608945-k20-n1-x5e9	ERR608946-k20-n1-x5e9	ERR608947-k20-n1-x5e9	ERR608948-k20-n1-x5e9	ERR608913-k20-n1-x5e9	ERR608914-k20-n1-x5e9	ERR608915-k20-n1-x5e9	ERR608916-k20-n1-x5e9	ERR608917-k20-n1-x5e9	ERR608918-k20-n1-x5e9	ERR608787-k20-n1-x5e9	ERR608788-k20-n1-x5e9	ERR608789-k20-n1-x5e9	ERR608790-k20-n1-x5e9	ERR608791-k20-n1-x5e9	ERR608792-k20-n1-x5e9	ERR607781-k20-n1-x5e9	ERR607782-k20-n1-x5e9	ERR607783-k20-n1-x5e9	ERR607784-k20-n1-x5e9	ERR607785-k20-n1-x5e9	ERR607786-k20-n1-x5e9	ERR608025-k20-n1-x5e9	ERR608026-k20-n1-x5e9	ERR608027-k20-n1-x5e9	ERR608028-k20-n1-x5e9	ERR608029-k20-n1-x5e9	ERR608030-k20-n1-x5e9	ERR607805-k20-n1-x5e9	ERR607806-k20-n1-x5e9	ERR607807-k20-n1-x5e9	ERR607808-k20-n1-x5e9	ERR607809-k20-n1-x5e9	ERR607810-k20-n1-x5e9	ERR605988-k20-n1-x5e9	ERR605989-k20-n1-x5e9	ERR605990-k20-n1-x5e9	ERR605991-k20-n1-x5e9	ERR605992-k20-n1-x5e9	ERR605993-k20-n1-x5e9	ERR608057-k20-n1-x5e9	ERR608058-k20-n1-x5e9	ERR608059-k20-n1-x5e9	ERR608060-k20-n1-x5e9	ERR608061-k20-n1-x5e9	ERR608062-k20-n1-x5e9
ERR610193-k20-n1-x5e9	0	0.42844	0.274066	0.269581	0.26779	0.269539	0.571849	0.573568	0.572512	0.560578	0.593816	0.590358	0.546109	0.531892	0.530802	0.534336	0.534628	0.536089	0.597393	0.491535	0.47363	0.536167	0.532267	0.54621	0.60024	0.572606	0.566379	0.562407	0.565391	0.562075	0.477597	0.477144	0.47015	0.546992	0.545421	0.544831	0.588276	0.560276	0.555229	0.554597	0.555705	0.557464	0.465629	0.468366	0.458883	0.498747	0.496607	0.497268	0.666417	0.655687	0.658279	0.661177	0.661227	0.659915	0.613496	0.606724	0.613183	0.591209	0.589387	0.589557	0.662957	0.655324	0.663666	0.641159	0.641058	0.640425	0.694279	0.73698	0.695097	0.744756	0.701607	0.700816	0.724118	0.691102	0.687181	0.690063	0.690641	0.690195	0.615291	0.610488	0.62358	0.600013	0.595018	0.595719	0.613666	0.552426	0.551676	0.558552	0.561103	0.56108	1.0299	1.01497	1.01192	1.01501	1.01436	1.01417
ERR610194-k20-n1-x5e9	0.42844	0	0.37837	0.462842	0.459506	0.464076	0.677479	0.667272	0.662077	0.652549	0.672767	0.668914	0.558446	0.628208	0.639247	0.639149	0.638005	0.64005	0.468305	0.42337	0.422548	0.41875	0.41892	0.424557	0.613138	0.656532	0.662229	0.602336	0.607957	0.595527	0.556893	0.566865	0.545477	0.688509	0.686551	0.685572	0.580995	0.626491	0.633503	0.618963	0.618467	0.61948	0.574304	0.581478	0.57055	0.63509	0.632814	0.633513	0.725883	0.725813	0.726453	0.699954	0.700781	0.700747	0.654233	0.661505	0.664224	0.604648	0.603646	0.605802	0.694178	0.699219	0.702872	0.649564	0.650086	0.651459	0.743711	0.761378	0.744639	0.766131	0.746287	0.746575	0.711493	0.718326	0.726752	0.722242	0.721903	0.722934	0.668593	0.679237	0.687441	0.637987	0.639303	0.641624	0.600897	0.630013	0.632566	0.590743	0.593329	0.591139	1.02304	1.02549	1.02756	1.02777	1.02688	1.02726
ERR610195-k20-n1-x5e9	0.274066	0.37837	0	0.29995	0.29711	0.300449	0.588182	0.585715	0.583112	0.571484	0.602604	0.598802	0.535074	0.543424	0.546141	0.548856	0.548709	0.550438	0.562602	0.459878	0.443585	0.49921	0.495801	0.50906	0.591614	0.581694	0.579125	0.557902	0.561871	0.55594	0.479782	0.482537	0.470324	0.575842	0.573985	0.573336	0.574041	0.562908	0.561243	0.556324	0.556997	0.558666	0.477507	0.481929	0.471263	0.523004	0.520664	0.521438	0.671617	0.66372	0.665919	0.659928	0.660107	0.659131	0.611764	0.608249	0.614148	0.58107	0.579226	0.579919	0.660229	0.655589	0.663009	0.631473	0.631579	0.631323	0.697306	0.734645	0.698195	0.741632	0.703667	0.703145	0.713873	0.688606	0.687517	0.688663	0.689136	0.689008	0.617232	0.616475	0.628874	0.596894	0.593317	0.594588	0.599756	0.559215	0.559398	0.55254	0.555208	0.554644	1.02495	1.01338	1.01143	1.0139	1.01323	1.01313
ERR610196-k20-n1-x5e9	0.269581	0.462842	0.29995	0	0.256642	0.256346	0.54764	0.551844	0.552052	0.54154	0.571918	0.569159	0.538033	0.510993	0.508105	0.511255	0.511653	0.51282	0.61134	0.504843	0.487245	0.555057	0.550178	0.564967	0.590321	0.553009	0.545374	0.553391	0.555584	0.554048	0.46822	0.465937	0.463892	0.513968	0.512822	0.512338	0.583235	0.5464	0.539938	0.541675	0.542624	0.544767	0.445187	0.446952	0.439662	0.469329	0.467452	0.46819	0.652047	0.640433	0.64224	0.654429	0.654337	0.652804	0.604212	0.596429	0.6019	0.591555	0.589615	0.589438	0.653898	0.645401	0.653015	0.640463	0.640329	0.639264	0.681351	0.72653	0.682084	0.735313	0.688168	0.687233	0.71546	0.679519	0.674499	0.677977	0.678297	0.677682	0.603127	0.596241	0.608148	0.592449	0.587611	0.588065	0.609765	0.539181	0.538174	0.55501	0.55674	0.557336	1.02718	1.01124	1.00783	1.01115	1.01039	1.01016
ERR610197-k20-n1-x5e9	0.26779	0.459506	0.29711	0.256642	0	0.256552	0.550975	0.554862	0.555024	0.544217	0.574834	0.571979	0.539019	0.513612	0.510856	0.514062	0.514587	0.515639	0.610107	0.503573	0.486197	0.553287	0.548778	0.563297	0.591627	0.55555	0.548001	0.554816	0.557014	0.555274	0.469298	0.4674	0.464544	0.51774	0.51643	0.516025	0.58404	0.548357	0.542126	0.543504	0.544528	0.546535	0.447653	0.449606	0.442143	0.47272	0.470962	0.471643	0.654216	0.642853	0.644722	0.655744	0.655841	0.654268	0.605773	0.598139	0.603746	0.592088	0.590219	0.590154	0.655475	0.647123	0.654804	0.640907	0.640866	0.639932	0.683508	0.728386	0.684329	0.737025	0.690322	0.68939	0.716683	0.681254	0.676508	0.679777	0.680151	0.679755	0.604897	0.598402	0.610218	0.593716	0.589034	0.589448	0.610799	0.541505	0.540381	0.556346	0.558139	0.558706	1.02768	1.01195	1.00852	1.01187	1.01112	1.01086
ERR610198-k20-n1-x5e9	0.269539	0.464076	0.300449	0.256346	0.256552	0	0.548792	0.553293	0.553303	0.542915	0.573328	0.570534	0.539023	0.512063	0.508923	0.512195	0.512799	0.513819	0.612583	0.506134	0.488509	0.556131	0.551452	0.566106	0.591603	0.554245	0.546474	0.55469	0.55696	0.555202	0.469143	0.466926	0.464632	0.514426	0.513287	0.512815	0.584408	0.547508	0.540952	0.542732	0.543822	0.545762	0.446421	0.4481	0.440695	0.470076	0.468296	0.468926	0.65334	0.641707	0.643562	0.655622	0.655578	0.654063	0.605531	0.597708	0.60317	0.59268	0.590784	0.59067	0.655221	0.64676	0.654383	0.641366	0.641426	0.640331	0.682762	0.727912	0.683466	0.736737	0.689542	0.688582	0.716764	0.680833	0.675838	0.679347	0.679777	0.679176	0.6043	0.597556	0.609315	0.593599	0.588822	0.589225	0.611409	0.540798	0.539727	0.55662	0.558514	0.558951	1.02771	1.01183	1.00838	1.01171	1.01098	1.01072
ERR605605-k20-n1-x5e9	0.571849	0.677479	0.588182	0.54764	0.550975	0.548792	0	0.250497	0.25479	0.258132	0.263334	0.263147	0.422087	0.345785	0.342401	0.341627	0.342011	0.341626	0.642133	0.541225	0.528337	0.60479	0.59744	0.611777	0.416847	0.353615	0.350282	0.391292	0.388416	0.397246	0.38187	0.374929	0.392012	0.356762	0.355072	0.35495	0.436551	0.361743	0.354235	0.363947	0.365047	0.365429	0.377515	0.374842	0.380353	0.365861	0.366248	0.366197	0.442167	0.43847	0.436958	0.474045	0.473096	0.471538	0.456397	0.448261	0.446911	0.510017	0.508236	0.505295	0.482755	0.472683	0.472996	0.529971	0.528107	0.525636	0.451534	0.480147	0.452596	0.488928	0.454646	0.455124	0.551576	0.495195	0.485556	0.491742	0.490086	0.488899	0.429662	0.420048	0.418541	0.451296	0.449619	0.448769	0.563125	0.486042	0.484755	0.530986	0.530107	0.531549	0.94784	0.939029	0.937182	0.939741	0.938095	0.938433
ERR605606-k20-n1-x5e9	0.573568	0.667272	0.585715	0.551844	0.554862	0.553293	0.250497	0	0.249269	0.252195	0.255727	0.254815	0.404787	0.34043	0.340372	0.338945	0.338552	0.338678	0.627462	0.527074	0.514825	0.590201	0.582804	0.597096	0.39935	0.347643	0.347276	0.375577	0.372924	0.380892	0.370771	0.365437	0.380352	0.368269	0.366093	0.365683	0.416614	0.349286	0.344017	0.350826	0.351546	0.351776	0.374825	0.373116	0.377748	0.372301	0.372307	0.372452	0.435673	0.434462	0.432837	0.462365	0.461531	0.460138	0.44543	0.439236	0.437471	0.497512	0.495837	0.492792	0.470689	0.462345	0.461949	0.516573	0.514609	0.512301	0.444221	0.467885	0.445355	0.476083	0.446509	0.447271	0.536677	0.484017	0.476365	0.481182	0.47907	0.478157	0.420396	0.413516	0.411597	0.439829	0.43915	0.438531	0.550231	0.482466	0.481753	0.521609	0.520762	0.522011	0.941933	0.935242	0.934046	0.936219	0.934514	0.934978
ERR605607-k20-n1-x5e9	0.572512	0.662077	0.583112	0.552052	0.555024	0.553303	0.25479	0.249269	0	0.250739	0.25614	0.254894	0.397659	0.338725	0.339831	0.338522	0.338406	0.338487	0.62088	0.520241	0.507968	0.583633	0.576147	0.590394	0.391856	0.345009	0.345971	0.369167	0.366733	0.374181	0.365924	0.361493	0.375285	0.373339	0.371073	0.370575	0.408178	0.344082	0.339893	0.345749	0.346452	0.346639	0.373569	0.372083	0.376528	0.374804	0.374655	0.374674	0.433105	0.432554	0.431265	0.456826	0.456276	0.454786	0.440363	0.434942	0.433233	0.49117	0.489288	0.486501	0.46558	0.457857	0.457677	0.510279	0.508331	0.506023	0.441775	0.463528	0.442912	0.47141	0.443825	0.444565	0.530511	0.479543	0.472335	0.476708	0.475079	0.474246	0.415587	0.409865	0.407908	0.434104	0.433292	0.432623	0.545007	0.481528	0.480981	0.518491	0.517853	0.519031	0.939452	0.933453	0.932501	0.934487	0.932989	0.933452
ERR605608-k20-n1-x5e9	0.560578	0.652549	0.571484	0.54154	0.544217	0.542915	0.258132	0.252195	0.250739	0	0.260477	0.258239	0.395628	0.337983	0.33923	0.338443	0.338345	0.338704	0.616161	0.513631	0.50087	0.576868	0.569503	0.584084	0.392799	0.347477	0.348027	0.367329	0.365268	0.372179	0.35955	0.355039	0.368021	0.375408	0.372912	0.372369	0.40711	0.343833	0.33932	0.344505	0.345325	0.34566	0.369331	0.368042	0.371418	0.373001	0.372664	0.372641	0.435002	0.434236	0.433429	0.454664	0.453808	0.452575	0.438218	0.432362	0.431468	0.485406	0.483545	0.480684	0.464819	0.456882	0.457414	0.505807	0.503697	0.501593	0.444501	0.467129	0.445607	0.474648	0.44713	0.447814	0.531866	0.480568	0.473672	0.478017	0.476505	0.475563	0.414477	0.408717	0.408382	0.430661	0.429746	0.4291	0.541033	0.475729	0.475242	0.511737	0.51126	0.51223	0.93966	0.933483	0.932495	0.934519	0.933017	0.933479
ERR605609-k20-n1-x5e9	0.593816	0.672767	0.602604	0.571918	0.574834	0.573328	0.263334	0.255727	0.25614	0.260477	0	0.247953	0.396491	0.345183	0.348615	0.345198	0.344569	0.344643	0.622061	0.526494	0.51593	0.588937	0.581353	0.595129	0.389109	0.349543	0.35249	0.373393	0.370528	0.377699	0.377659	0.373857	0.38809	0.381183	0.379188	0.378682	0.407002	0.3496	0.347268	0.35138	0.351715	0.351626	0.384277	0.383124	0.388768	0.385637	0.385904	0.385737	0.437931	0.439385	0.436401	0.465881	0.465335	0.463848	0.44751	0.444112	0.440396	0.502132	0.500485	0.497507	0.469858	0.464065	0.461861	0.518638	0.516832	0.514497	0.445358	0.463051	0.446359	0.471572	0.445475	0.446489	0.52646	0.480367	0.474866	0.478332	0.475238	0.474626	0.421445	0.417284	0.412315	0.441404	0.442482	0.441757	0.546599	0.492377	0.492405	0.526101	0.524332	0.525749	0.939099	0.934781	0.934312	0.936051	0.934212	0.934776
ERR605610-k20-n1-x5e9	0.590358	0.668914	0.598802	0.569159	0.571979	0.570534	0.263147	0.254815	0.254894	0.258239	0.247953	0	0.394403	0.344472	0.348139	0.344633	0.344096	0.34419	0.619402	0.523152	0.512436	0.585599	0.578111	0.591872	0.386929	0.348717	0.351938	0.370483	0.367672	0.374585	0.374504	0.371075	0.384492	0.382542	0.380323	0.379905	0.404216	0.347292	0.345205	0.34899	0.349257	0.349219	0.382509	0.381718	0.38683	0.385498	0.385616	0.385483	0.435984	0.437347	0.434598	0.46225	0.461482	0.460209	0.444374	0.440946	0.437417	0.497963	0.496263	0.493354	0.467069	0.461399	0.459201	0.514693	0.512838	0.510522	0.44343	0.460997	0.444553	0.469245	0.443708	0.444819	0.524498	0.478332	0.472969	0.476341	0.473266	0.472724	0.418904	0.414849	0.410416	0.437877	0.439029	0.438514	0.543627	0.489178	0.489369	0.522577	0.520684	0.521985	0.938184	0.933951	0.933512	0.935231	0.933391	0.933894
ERR609003-k20-n1-x5e9	0.546109	0.558446	0.535074	0.538033	0.539019	0.539023	0.422087	0.404787	0.397659	0.395628	0.396491	0.394403	0	0.321447	0.340127	0.336891	0.334958	0.336609	0.49599	0.402873	0.395908	0.463513	0.45626	0.470682	0.320237	0.369205	0.382597	0.325764	0.327573	0.321678	0.341549	0.349226	0.343033	0.454361	0.451229	0.450131	0.313888	0.339124	0.350165	0.335811	0.33439	0.334684	0.370737	0.375418	0.373891	0.417079	0.415536	0.415547	0.475907	0.483577	0.481325	0.469361	0.469395	0.469639	0.435103	0.443969	0.440179	0.44936	0.448259	0.447947	0.458293	0.464519	0.461503	0.469246	0.468515	0.467866	0.482139	0.485075	0.482983	0.491073	0.480636	0.482378	0.476958	0.473933	0.483043	0.477783	0.475519	0.476575	0.436699	0.449045	0.446463	0.431269	0.435555	0.436418	0.477277	0.490498	0.492825	0.483817	0.484527	0.484256	0.926098	0.932704	0.935753	0.93547	0.93412	0.934838
ERR609004-k20-n1-x5e9	0.531892	0.628208	0.543424	0.510993	0.513612	0.512063	0.345785	0.34043	0.338725	0.337983	0.345183	0.344472	0.321447	0	0.24665	0.246939	0.247111	0.24721	0.589795	0.481918	0.467866	0.549923	0.542331	0.557785	0.356858	0.31015	0.31109	0.330918	0.328778	0.336303	0.325876	0.321118	0.334732	0.349044	0.346249	0.345451	0.376839	0.309507	0.305111	0.310597	0.311225	0.311837	0.322325	0.32105	0.325233	0.327827	0.327155	0.327025	0.437987	0.43716	0.43603	0.455377	0.454963	0.453703	0.429593	0.424602	0.423341	0.474043	0.472189	0.469799	0.455909	0.448495	0.449214	0.494304	0.492613	0.490383	0.449743	0.474143	0.450805	0.482345	0.45219	0.453104	0.523352	0.473903	0.468131	0.471542	0.470398	0.469809	0.419931	0.415724	0.415486	0.434862	0.433175	0.432632	0.528324	0.465913	0.465438	0.500565	0.501004	0.501952	0.938445	0.932474	0.931802	0.933593	0.932259	0.932666
ERR609005-k20-n1-x5e9	0.530802	0.639247	0.546141	0.508105	0.510856	0.508923	0.342401	0.340372	0.339831	0.33923	0.348615	0.348139	0.340127	0.24665	0	0.24521	0.245729	0.24565	0.605204	0.496628	0.481981	0.564628	0.556942	0.572557	0.372582	0.312376	0.309775	0.342923	0.340299	0.349435	0.334018	0.326878	0.343199	0.336529	0.334003	0.333175	0.394317	0.317255	0.309779	0.318908	0.31981	0.320483	0.324413	0.321791	0.326379	0.320371	0.319717	0.31972	0.439128	0.436395	0.435769	0.460361	0.45945	0.458159	0.436329	0.428875	0.428542	0.482784	0.480834	0.47811	0.46344	0.453619	0.455271	0.503305	0.501734	0.499119	0.452184	0.480476	0.453058	0.488638	0.455565	0.456296	0.535815	0.481474	0.473452	0.478345	0.477642	0.476758	0.4253	0.417925	0.418584	0.442518	0.439482	0.438714	0.540079	0.467662	0.466562	0.508179	0.508684	0.509873	0.942468	0.93471	0.933386	0.935483	0.934269	0.934596
ERR609006-k20-n1-x5e9	0.534336	0.639149	0.548856	0.511255	0.514062	0.512195	0.341627	0.338945	0.338522	0.338443	0.345198	0.344633	0.336891	0.246939	0.24521	0	0.2439	0.243832	0.602991	0.495433	0.481096	0.563193	0.555446	0.57109	0.369055	0.311735	0.310266	0.341184	0.338425	0.347236	0.334125	0.327726	0.343637	0.338473	0.336026	0.335055	0.391115	0.316375	0.309975	0.317761	0.318526	0.319176	0.32448	0.322211	0.327287	0.321876	0.321327	0.321456	0.438976	0.436741	0.43563	0.460551	0.459692	0.458318	0.435607	0.429033	0.427866	0.48282	0.480916	0.478324	0.462003	0.453059	0.453915	0.502881	0.50128	0.498883	0.451558	0.478747	0.452497	0.487124	0.454437	0.45512	0.532646	0.479554	0.472135	0.476631	0.475407	0.474535	0.424689	0.418149	0.418031	0.441698	0.439599	0.438828	0.538044	0.467583	0.466854	0.506954	0.506914	0.508271	0.9418	0.934469	0.933276	0.935309	0.933974	0.934327
ERR609007-k20-n1-x5e9	0.534628	0.638005	0.548709	0.511653	0.514587	0.512799	0.342011	0.338552	0.338406	0.338345	0.344569	0.344096	0.334958	0.247111	0.245729	0.2439	0	0.244189	0.601573	0.494108	0.479736	0.561706	0.55403	0.569529	0.367728	0.311636	0.310678	0.339864	0.337417	0.345716	0.333484	0.32728	0.342878	0.339997	0.337493	0.336729	0.389897	0.315806	0.309988	0.317549	0.317995	0.318768	0.324548	0.322453	0.32745	0.323047	0.322329	0.322517	0.43925	0.437152	0.435783	0.46024	0.459377	0.457925	0.435185	0.428792	0.427576	0.48213	0.480212	0.477792	0.461613	0.452733	0.453615	0.502149	0.500693	0.498147	0.451252	0.478079	0.452181	0.486578	0.453898	0.454676	0.531509	0.479073	0.471794	0.476029	0.474637	0.47384	0.424545	0.418036	0.417767	0.441155	0.439026	0.438379	0.536584	0.467219	0.466556	0.50598	0.505914	0.50722	0.941416	0.934289	0.93315	0.935159	0.933794	0.934115
ERR609008-k20-n1-x5e9	0.536089	0.64005	0.550438	0.51282	0.515639	0.513819	0.341626	0.338678	0.338487	0.338704	0.344643	0.34419	0.336609	0.24721	0.24565	0.243832	0.244189	0	0.603117	0.495929	0.481787	0.563638	0.555965	0.571512	0.368776	0.312152	0.31062	0.341501	0.338936	0.34743	0.334826	0.328526	0.344555	0.338678	0.336058	0.335418	0.39137	0.316713	0.310414	0.318007	0.318722	0.31957	0.324915	0.3225	0.327635	0.322339	0.321727	0.321688	0.439759	0.437511	0.436221	0.461465	0.460602	0.459041	0.436242	0.429678	0.428513	0.483813	0.482027	0.479454	0.462459	0.453793	0.454474	0.503697	0.50209	0.49969	0.451859	0.47901	0.452906	0.487531	0.454649	0.455322	0.532576	0.47965	0.472456	0.476731	0.475314	0.474614	0.4253	0.418745	0.418286	0.442318	0.440328	0.439479	0.538081	0.46834	0.467643	0.50746	0.507565	0.508655	0.941753	0.934581	0.933436	0.935394	0.934025	0.934396
ERR607585-k20-n1-x5e9	0.597393	0.468305	0.562602	0.61134	0.610107	0.612583	0.642133	0.627462	0.62088	0.616161	0.622061	0.619402	0.49599	0.589795	0.605204	0.602991	0.601573	0.603117	0	0.367955	0.3849	0.336007	0.337014	0.332101	0.532976	0.605674	0.616805	0.544519	0.549247	0.536438	0.541812	0.553135	0.53464	0.668252	0.666092	0.665044	0.499388	0.572318	0.583956	0.566831	0.565254	0.565539	0.565707	0.572674	0.565714	0.622442	0.620813	0.621205	0.672037	0.678238	0.676756	0.650696	0.651428	0.652058	0.609882	0.623046	0.621364	0.579416	0.578948	0.580795	0.638423	0.649305	0.647582	0.61115	0.611526	0.612777	0.678093	0.678662	0.678855	0.682888	0.676712	0.677822	0.625626	0.652279	0.666163	0.658303	0.656975	0.658201	0.624388	0.641017	0.641993	0.600147	0.605023	0.607272	0.57774	0.637402	0.640279	0.600255	0.602048	0.600271	0.983912	0.997751	1.00235	1.00102	0.999905	1.00068
ERR607586-k20-n1-x5e9	0.491535	0.42337	0.459878	0.504843	0.503573	0.506134	0.541225	0.527074	0.520241	0.513631	0.526494	0.523152	0.402873	0.481918	0.496628	0.495433	0.494108	0.495929	0.367955	0	0.288868	0.318403	0.313823	0.325474	0.448444	0.50395	0.513542	0.444119	0.449011	0.437239	0.426382	0.437238	0.41802	0.565454	0.562975	0.561911	0.415769	0.468192	0.478183	0.461636	0.460262	0.461149	0.4483	0.455677	0.447209	0.511149	0.509064	0.509508	0.591763	0.595292	0.594655	0.572413	0.572972	0.573023	0.526675	0.535572	0.535955	0.500768	0.499445	0.500765	0.563417	0.569617	0.570686	0.539492	0.539498	0.540145	0.601312	0.613096	0.602224	0.61883	0.602331	0.603408	0.578408	0.583202	0.592553	0.58735	0.586493	0.587269	0.539771	0.552571	0.556426	0.516969	0.519575	0.521782	0.517591	0.545767	0.548053	0.517562	0.519772	0.518091	0.964743	0.969899	0.972706	0.972575	0.971386	0.971928
ERR607587-k20-n1-x5e9	0.47363	0.422548	0.443585	0.487245	0.486197	0.488509	0.528337	0.514825	0.507968	0.50087	0.51593	0.512436	0.395908	0.467866	0.481981	0.481096	0.479736	0.481787	0.3849	0.288868	0	0.328692	0.3238	0.337201	0.443346	0.491881	0.500526	0.433728	0.438623	0.427683	0.410628	0.421144	0.401935	0.550739	0.548077	0.546999	0.412048	0.455971	0.465035	0.449367	0.448105	0.449021	0.432066	0.439211	0.43033	0.494871	0.492765	0.493069	0.583268	0.58587	0.58552	0.563743	0.564412	0.564524	0.518459	0.526079	0.527187	0.492498	0.491176	0.492422	0.556442	0.561247	0.563256	0.532374	0.532558	0.533189	0.593959	0.608454	0.594841	0.614192	0.595677	0.596624	0.577757	0.577901	0.585956	0.581405	0.580667	0.581396	0.530886	0.542472	0.547235	0.50835	0.510409	0.512291	0.513938	0.533883	0.536108	0.507868	0.510532	0.508848	0.964244	0.967711	0.970023	0.970138	0.968962	0.969441
ERR607588-k20-n1-x5e9	0.536167	0.41875	0.49921	0.555057	0.553287	0.556131	0.60479	0.590201	0.583633	0.576868	0.588937	0.585599	0.463513	0.549923	0.564628	0.563193	0.561706	0.563638	0.336007	0.318403	0.328692	0	0.300362	0.301922	0.505795	0.569475	0.579382	0.505475	0.510561	0.497585	0.49252	0.503994	0.483263	0.630663	0.628267	0.627202	0.470247	0.533897	0.544346	0.526992	0.525598	0.526187	0.518031	0.525222	0.51675	0.579232	0.577366	0.577765	0.642609	0.647052	0.646548	0.617473	0.618174	0.61863	0.5762	0.586941	0.587036	0.540272	0.539662	0.541475	0.609627	0.617859	0.61828	0.57724	0.577525	0.578784	0.650378	0.656982	0.651193	0.661017	0.650814	0.651881	0.614681	0.629006	0.63999	0.633684	0.632601	0.633672	0.591687	0.606247	0.610042	0.565129	0.568605	0.570843	0.551692	0.595226	0.59783	0.55879	0.561056	0.558931	0.978143	0.98717	0.990766	0.990118	0.988887	0.9895
ERR607589-k20-n1-x5e9	0.532267	0.41892	0.495801	0.550178	0.548778	0.551452	0.59744	0.582804	0.576147	0.569503	0.581353	0.578111	0.45626	0.542331	0.556942	0.555446	0.55403	0.555965	0.337014	0.313823	0.3238	0.300362	0	0.302261	0.498703	0.561934	0.571957	0.49809	0.503326	0.490381	0.485263	0.496681	0.476166	0.623461	0.621031	0.619995	0.46337	0.526305	0.536875	0.519745	0.518065	0.518844	0.510437	0.517768	0.509105	0.571827	0.569671	0.570109	0.636702	0.641088	0.640479	0.612266	0.612927	0.613341	0.570722	0.581187	0.581301	0.536358	0.535483	0.536973	0.604364	0.612068	0.612704	0.573421	0.573243	0.574505	0.644585	0.651525	0.645563	0.65589	0.645095	0.646143	0.609912	0.623417	0.634419	0.628222	0.627218	0.628086	0.585677	0.600195	0.603806	0.559504	0.562978	0.565103	0.547896	0.589983	0.592564	0.554396	0.556703	0.554567	0.97654	0.985216	0.988739	0.988069	0.986871	0.987476
ERR607590-k20-n1-x5e9	0.54621	0.424557	0.50906	0.564967	0.563297	0.566106	0.611777	0.597096	0.590394	0.584084	0.595129	0.591872	0.470682	0.557785	0.572557	0.57109	0.569529	0.571512	0.332101	0.325474	0.337201	0.301922	0.302261	0	0.511857	0.57659	0.586674	0.512566	0.517907	0.504793	0.501488	0.512951	0.49226	0.638239	0.635883	0.634946	0.476523	0.541226	0.552028	0.5345	0.533061	0.533693	0.527111	0.534362	0.526102	0.587805	0.585865	0.586229	0.648349	0.652999	0.652382	0.623676	0.624189	0.624693	0.582798	0.593651	0.593559	0.547726	0.547204	0.549017	0.61589	0.624177	0.624314	0.584569	0.584609	0.585876	0.655616	0.661264	0.656545	0.665399	0.655915	0.6571	0.61933	0.634464	0.645681	0.639435	0.638147	0.639253	0.59812	0.612726	0.616319	0.571865	0.575508	0.577723	0.558034	0.603146	0.605772	0.566427	0.568765	0.566815	0.979801	0.989424	0.993094	0.992306	0.991101	0.991776
ERR607397-k20-n1-x5e9	0.60024	0.613138	0.591614	0.590321	0.591627	0.591603	0.416847	0.39935	0.391856	0.392799	0.389109	0.386929	0.320237	0.356858	0.372582	0.369055	0.367728	0.368776	0.532976	0.448444	0.443346	0.505795	0.498703	0.511857	0	0.302687	0.31977	0.26403	0.264432	0.262045	0.368546	0.373886	0.373065	0.457324	0.45424	0.452945	0.315817	0.330745	0.341535	0.329648	0.328286	0.328062	0.396443	0.399737	0.400835	0.430258	0.429078	0.429392	0.417554	0.428422	0.425715	0.41581	0.415864	0.415759	0.399206	0.407975	0.402454	0.431861	0.430821	0.429562	0.412716	0.41848	0.413591	0.441772	0.440615	0.439504	0.420636	0.416438	0.421433	0.422127	0.417935	0.419996	0.441823	0.4296	0.437354	0.432839	0.430478	0.431375	0.398492	0.410674	0.405344	0.401386	0.405776	0.406384	0.467359	0.47527	0.477711	0.477008	0.477635	0.47782	0.9098	0.916714	0.919794	0.919362	0.918148	0.918897
ERR607398-k20-n1-x5e9	0.572606	0.656532	0.581694	0.553009	0.55555	0.554245	0.353615	0.347643	0.345009	0.347477	0.349543	0.348717	0.369205	0.31015	0.312376	0.311735	0.311636	0.312152	0.605674	0.50395	0.491881	0.569475	0.561934	0.57659	0.302687	0	0.242231	0.277655	0.273938	0.285492	0.356432	0.352274	0.365954	0.369506	0.366816	0.366105	0.378719	0.313788	0.310342	0.316446	0.316816	0.31691	0.355366	0.354015	0.359254	0.357692	0.357019	0.35737	0.390447	0.391091	0.389563	0.416884	0.416289	0.414707	0.403574	0.398252	0.396128	0.459722	0.457435	0.455044	0.424902	0.416381	0.41624	0.474624	0.472801	0.470472	0.39947	0.421583	0.400404	0.430009	0.401405	0.402373	0.49688	0.442596	0.435171	0.439838	0.438709	0.437962	0.39152	0.386952	0.38405	0.412499	0.41054	0.409913	0.516347	0.453574	0.453459	0.492322	0.492736	0.494068	0.926502	0.920755	0.92009	0.921773	0.920665	0.920967
ERR607399-k20-n1-x5e9	0.566379	0.662229	0.579125	0.545374	0.548001	0.546474	0.350282	0.347276	0.345971	0.348027	0.35249	0.351938	0.382597	0.31109	0.309775	0.310266	0.310678	0.31062	0.616805	0.513542	0.500526	0.579382	0.571957	0.586674	0.31977	0.242231	0	0.29044	0.28666	0.29916	0.360694	0.354679	0.370287	0.357511	0.354725	0.354186	0.39487	0.321377	0.315146	0.324523	0.325271	0.32565	0.353501	0.351117	0.356705	0.348883	0.348306	0.348438	0.394037	0.392237	0.391203	0.424423	0.423715	0.422048	0.410954	0.403117	0.401961	0.467575	0.465322	0.4627	0.434129	0.423371	0.424575	0.484168	0.482354	0.479683	0.404351	0.431784	0.405225	0.440441	0.407432	0.408221	0.510479	0.451873	0.442412	0.448329	0.447576	0.446444	0.397543	0.389908	0.388163	0.42021	0.417065	0.416314	0.526363	0.453495	0.452755	0.497416	0.49806	0.499418	0.931349	0.923544	0.922189	0.92424	0.923167	0.923419
ERR607400-k20-n1-x5e9	0.562407	0.602336	0.557902	0.553391	0.554816	0.55469	0.391292	0.375577	0.369167	0.367329	0.373393	0.370483	0.325764	0.330918	0.342923	0.341184	0.339864	0.341501	0.544519	0.444119	0.433728	0.505475	0.49809	0.512566	0.26403	0.277655	0.29044	0	0.246753	0.24773	0.338898	0.341831	0.34261	0.426749	0.423451	0.422277	0.327674	0.312457	0.318676	0.310336	0.309594	0.309579	0.364825	0.367078	0.367044	0.396115	0.394485	0.39501	0.404385	0.411162	0.409872	0.401742	0.401552	0.401145	0.38752	0.390147	0.387676	0.419518	0.418015	0.416463	0.406771	0.406312	0.405307	0.434412	0.432781	0.431629	0.410605	0.418393	0.411598	0.424152	0.411262	0.412947	0.461415	0.43	0.431838	0.430453	0.428532	0.428953	0.385906	0.392469	0.391354	0.389125	0.390723	0.390957	0.471355	0.448556	0.450207	0.459743	0.460879	0.461018	0.914484	0.915884	0.917477	0.917942	0.916668	0.917167
ERR607401-k20-n1-x5e9	0.565391	0.607957	0.561871	0.555584	0.557014	0.55696	0.388416	0.372924	0.366733	0.365268	0.370528	0.367672	0.327573	0.328778	0.340299	0.338425	0.337417	0.338936	0.549247	0.449011	0.438623	0.510561	0.503326	0.517907	0.264432	0.273938	0.28666	0.246753	0	0.248373	0.339893	0.342389	0.344099	0.423084	0.419777	0.418606	0.329498	0.310715	0.316755	0.309071	0.308421	0.308368	0.364113	0.366283	0.366723	0.393842	0.392281	0.392734	0.401779	0.408314	0.407162	0.401013	0.400919	0.400162	0.387088	0.389393	0.386787	0.421572	0.419961	0.418312	0.406148	0.405323	0.40407	0.436337	0.434697	0.433168	0.408438	0.416389	0.409525	0.422228	0.409031	0.41061	0.462131	0.428926	0.430357	0.429227	0.427535	0.427799	0.384754	0.390838	0.389454	0.38983	0.390936	0.391143	0.474073	0.449244	0.450678	0.462345	0.463158	0.463482	0.914677	0.915693	0.917151	0.917617	0.916389	0.916905
ERR607402-k20-n1-x5e9	0.562075	0.595527	0.55594	0.554048	0.555274	0.555202	0.397246	0.380892	0.374181	0.372179	0.377699	0.374585	0.321678	0.336303	0.349435	0.347236	0.345716	0.34743	0.536438	0.437239	0.427683	0.497585	0.490381	0.504793	0.262045	0.285492	0.29916	0.24773	0.248373	0	0.340344	0.34406	0.343317	0.434363	0.431023	0.429846	0.323501	0.316223	0.323575	0.3139	0.312703	0.312836	0.367827	0.370732	0.37022	0.402268	0.400664	0.401122	0.408394	0.415616	0.414471	0.402982	0.403027	0.402754	0.387793	0.3916	0.389143	0.41647	0.415035	0.413746	0.406842	0.407779	0.406179	0.431363	0.429969	0.428756	0.41459	0.420738	0.41557	0.426279	0.414946	0.416617	0.457304	0.42983	0.433253	0.431068	0.429164	0.429675	0.38736	0.395445	0.394451	0.388675	0.390753	0.391294	0.465789	0.449499	0.451395	0.456777	0.45782	0.457898	0.913689	0.916084	0.91797	0.918199	0.916953	0.91748
ERR608561-k20-n1-x5e9	0.477597	0.556893	0.479782	0.46822	0.469298	0.469143	0.38187	0.370771	0.365924	0.35955	0.377659	0.374504	0.341549	0.325876	0.334018	0.334125	0.333484	0.334826	0.541812	0.426382	0.410628	0.49252	0.485263	0.501488	0.368546	0.356432	0.360694	0.338898	0.339893	0.340344	0	0.25293	0.254145	0.35612	0.352608	0.351431	0.361763	0.326645	0.327615	0.32278	0.323055	0.324108	0.321221	0.323767	0.320954	0.357136	0.355421	0.355673	0.45754	0.457592	0.457855	0.454174	0.454128	0.453266	0.422488	0.420647	0.422025	0.441033	0.439369	0.437652	0.455021	0.451102	0.453587	0.468506	0.467389	0.466103	0.47246	0.494891	0.473559	0.501561	0.475703	0.476716	0.519052	0.482016	0.48089	0.481359	0.480503	0.480345	0.42194	0.422829	0.427402	0.420955	0.419572	0.419822	0.496144	0.450943	0.451512	0.466788	0.467741	0.467657	0.938207	0.93434	0.934362	0.935698	0.934526	0.934847
ERR608562-k20-n1-x5e9	0.477144	0.566865	0.482537	0.465937	0.4674	0.466926	0.374929	0.365437	0.361493	0.355039	0.373857	0.371075	0.349226	0.321118	0.326878	0.327726	0.32728	0.328526	0.553135	0.437238	0.421144	0.503994	0.496681	0.512951	0.373886	0.352274	0.354679	0.341831	0.342389	0.34406	0.25293	0	0.256197	0.342792	0.339451	0.338137	0.370449	0.326215	0.324947	0.322837	0.323113	0.32417	0.317534	0.318948	0.316793	0.347824	0.346069	0.346266	0.454792	0.453908	0.454427	0.454295	0.454149	0.453182	0.423999	0.420129	0.422079	0.445945	0.443975	0.442241	0.456718	0.450965	0.453991	0.473129	0.471886	0.470153	0.470599	0.495492	0.471576	0.502355	0.474274	0.475087	0.524793	0.483605	0.480619	0.482029	0.481372	0.481142	0.421859	0.420374	0.425401	0.423205	0.420945	0.420906	0.503013	0.449553	0.449925	0.470491	0.471327	0.471269	0.939814	0.934775	0.934388	0.935924	0.934754	0.93509
ERR608563-k20-n1-x5e9	0.47015	0.545477	0.470324	0.463892	0.464544	0.464632	0.392012	0.380352	0.375285	0.368021	0.38809	0.384492	0.343033	0.334732	0.343199	0.343637	0.342878	0.344555	0.53464	0.41802	0.401935	0.483263	0.476166	0.49226	0.373065	0.365954	0.370287	0.34261	0.344099	0.343317	0.254145	0.256197	0	0.36906	0.365724	0.364524	0.363367	0.333823	0.335172	0.329356	0.329264	0.330321	0.325706	0.328993	0.324666	0.365873	0.363814	0.364177	0.465297	0.465358	0.466021	0.457837	0.457763	0.457121	0.42667	0.425001	0.426842	0.438818	0.436909	0.435717	0.45979	0.456393	0.459276	0.467798	0.466544	0.465246	0.480065	0.501948	0.481112	0.508263	0.483525	0.484465	0.522561	0.48793	0.487425	0.487629	0.486902	0.486841	0.42766	0.429253	0.434833	0.423625	0.422139	0.422402	0.495126	0.452735	0.453394	0.464725	0.465838	0.465619	0.939145	0.935752	0.935888	0.93712	0.935966	0.93637
ERR608564-k20-n1-x5e9	0.546992	0.688509	0.575842	0.513968	0.51774	0.514426	0.356762	0.368269	0.373339	0.375408	0.381183	0.382542	0.454361	0.349044	0.336529	0.338473	0.339997	0.338678	0.668252	0.565454	0.550739	0.630663	0.623461	0.638239	0.457324	0.369506	0.357511	0.426749	0.423084	0.434363	0.35612	0.342792	0.36906	0	0.238046	0.238415	0.477968	0.386102	0.372755	0.389454	0.390755	0.391717	0.362373	0.356573	0.36478	0.322319	0.323313	0.323119	0.464351	0.454607	0.453814	0.505074	0.504372	0.502202	0.480462	0.467265	0.468008	0.535654	0.533679	0.530808	0.510667	0.495972	0.498637	0.558071	0.556735	0.553627	0.482514	0.523296	0.483053	0.533186	0.48687	0.48666	0.589174	0.525283	0.511774	0.520089	0.519424	0.517974	0.464678	0.448375	0.449362	0.490104	0.48519	0.483747	0.590528	0.491549	0.489124	0.549941	0.54971	0.551478	0.964782	0.950866	0.947488	0.95066	0.949481	0.949525
ERR608565-k20-n1-x5e9	0.545421	0.686551	0.573985	0.512822	0.51643	0.513287	0.355072	0.366093	0.371073	0.372912	0.379188	0.380323	0.451229	0.346249	0.334003	0.336026	0.337493	0.336058	0.666092	0.562975	0.548077	0.628267	0.621031	0.635883	0.45424	0.366816	0.354725	0.423451	0.419777	0.431023	0.352608	0.339451	0.365724	0.238046	0	0.23796	0.474667	0.382706	0.369514	0.386007	0.38742	0.388406	0.360153	0.354535	0.362721	0.321218	0.322075	0.321859	0.461831	0.452276	0.451512	0.501921	0.501212	0.499049	0.477705	0.464574	0.465341	0.532812	0.530814	0.527945	0.507834	0.493062	0.495873	0.555065	0.553765	0.550645	0.479925	0.520302	0.480653	0.530084	0.484353	0.484131	0.586679	0.522852	0.509476	0.517722	0.517077	0.515639	0.462035	0.445907	0.446933	0.487357	0.482373	0.48104	0.588355	0.489942	0.487512	0.547804	0.547652	0.549406	0.963688	0.949926	0.9466	0.94976	0.948572	0.948642
ERR608566-k20-n1-x5e9	0.544831	0.685572	0.573336	0.512338	0.516025	0.512815	0.35495	0.365683	0.370575	0.372369	0.378682	0.379905	0.450131	0.345451	0.333175	0.335055	0.336729	0.335418	0.665044	0.561911	0.546999	0.627202	0.619995	0.634946	0.452945	0.366105	0.354186	0.422277	0.418606	0.429846	0.351431	0.338137	0.364524	0.238415	0.23796	0	0.473351	0.38178	0.368485	0.384982	0.386467	0.387226	0.359538	0.353855	0.362093	0.320989	0.321922	0.321802	0.460998	0.451493	0.45078	0.50104	0.500192	0.498062	0.476765	0.46364	0.464379	0.531725	0.529725	0.526946	0.506685	0.49191	0.494788	0.553906	0.552612	0.549514	0.479466	0.519627	0.479985	0.529385	0.48373	0.483617	0.585445	0.521664	0.508377	0.516545	0.515975	0.514561	0.461105	0.445073	0.446148	0.486305	0.481369	0.479943	0.587291	0.489019	0.486703	0.546857	0.546739	0.548519	0.963328	0.949631	0.946316	0.949487	0.948289	0.948374
ERR608701-k20-n1-x5e9	0.588276	0.580995	0.574041	0.583235	0.58404	0.584408	0.436551	0.416614	0.408178	0.40711	0.407002	0.404216	0.313888	0.376839	0.394317	0.391115	0.389897	0.39137	0.499388	0.415769	0.412048	0.470247	0.46337	0.476523	0.315817	0.378719	0.39487	0.327674	0.329498	0.323501	0.361763	0.370449	0.363367	0.477968	0.474667	0.473351	0	0.298903	0.31433	0.296067	0.294163	0.293736	0.402452	0.407008	0.405837	0.447382	0.445745	0.446348	0.466301	0.477149	0.47553	0.454962	0.455237	0.455703	0.433591	0.444325	0.440078	0.44923	0.448288	0.447934	0.448491	0.456793	0.452874	0.46167	0.460895	0.460339	0.469606	0.46133	0.47028	0.465412	0.467043	0.469235	0.465799	0.46749	0.477566	0.47145	0.469927	0.47108	0.440969	0.454857	0.451505	0.436615	0.440659	0.441899	0.487508	0.51058	0.513384	0.502613	0.503749	0.502921	0.917611	0.928254	0.932214	0.931361	0.930148	0.930888
ERR608702-k20-n1-x5e9	0.560276	0.626491	0.562908	0.5464	0.548357	0.547508	0.361743	0.349286	0.344082	0.343833	0.3496	0.347292	0.339124	0.309507	0.317255	0.316375	0.315806	0.316713	0.572318	0.468192	0.455971	0.533897	0.526305	0.541226	0.330745	0.313788	0.321377	0.312457	0.310715	0.316223	0.326645	0.326215	0.333823	0.386102	0.382706	0.38178	0.298903	0	0.240878	0.240771	0.241209	0.241173	0.346666	0.347198	0.349703	0.366233	0.364827	0.365054	0.424775	0.42884	0.42811	0.433416	0.433083	0.432288	0.417613	0.416273	0.414651	0.459509	0.457829	0.455589	0.43701	0.433295	0.43263	0.474052	0.472368	0.47061	0.43314	0.444245	0.433894	0.450533	0.434193	0.435627	0.498158	0.45773	0.455356	0.456702	0.455803	0.455512	0.414933	0.415782	0.414057	0.426931	0.426131	0.425867	0.520154	0.48015	0.480779	0.503928	0.504948	0.505273	0.927059	0.925683	0.926304	0.927289	0.926167	0.926576
ERR608703-k20-n1-x5e9	0.555229	0.633503	0.561243	0.539938	0.542126	0.540952	0.354235	0.344017	0.339893	0.33932	0.347268	0.345205	0.350165	0.305111	0.309779	0.309975	0.309988	0.310414	0.583956	0.478183	0.465035	0.544346	0.536875	0.552028	0.341535	0.310342	0.315146	0.318676	0.316755	0.323575	0.327615	0.324947	0.335172	0.372755	0.369514	0.368485	0.31433	0.240878	0	0.24287	0.243763	0.24386	0.342304	0.341961	0.344887	0.355841	0.354551	0.354725	0.422679	0.424884	0.424699	0.43475	0.434235	0.43332	0.420061	0.416319	0.415324	0.464157	0.462233	0.459777	0.440552	0.434333	0.434601	0.47935	0.477585	0.475603	0.432132	0.447489	0.432936	0.453845	0.43419	0.435346	0.507189	0.46134	0.456788	0.459486	0.458672	0.458235	0.415713	0.413806	0.413066	0.429786	0.428047	0.427562	0.527695	0.477773	0.478059	0.506686	0.507625	0.50818	0.930049	0.92674	0.926699	0.928056	0.926994	0.927323
ERR608704-k20-n1-x5e9	0.554597	0.618963	0.556324	0.541675	0.543504	0.542732	0.363947	0.350826	0.345749	0.344505	0.35138	0.34899	0.335811	0.310597	0.318908	0.317761	0.317549	0.318007	0.566831	0.461636	0.449367	0.526992	0.519745	0.5345	0.329648	0.316446	0.324523	0.310336	0.309071	0.3139	0.32278	0.322837	0.329356	0.389454	0.386007	0.384982	0.296067	0.240771	0.24287	0	0.239416	0.239274	0.34514	0.346035	0.347822	0.367423	0.365959	0.366236	0.426143	0.430223	0.42955	0.431995	0.431642	0.431094	0.415806	0.414939	0.413026	0.455095	0.453278	0.451162	0.435688	0.432234	0.431516	0.469925	0.468366	0.46686	0.434591	0.445874	0.435381	0.451681	0.435684	0.437104	0.496501	0.457223	0.455522	0.456427	0.455296	0.454919	0.413636	0.415035	0.413969	0.42392	0.423352	0.423185	0.515505	0.476739	0.477505	0.498629	0.499712	0.499855	0.926514	0.925473	0.926153	0.927075	0.92589	0.926315
ERR608705-k20-n1-x5e9	0.555705	0.618467	0.556997	0.542624	0.544528	0.543822	0.365047	0.351546	0.346452	0.345325	0.351715	0.349257	0.33439	0.311225	0.31981	0.318526	0.317995	0.318722	0.565254	0.460262	0.448105	0.525598	0.518065	0.533061	0.328286	0.316816	0.325271	0.309594	0.308421	0.312703	0.323055	0.323113	0.329264	0.390755	0.38742	0.386467	0.294163	0.241209	0.243763	0.239416	0	0.239515	0.345413	0.346241	0.348298	0.368334	0.366884	0.367117	0.426639	0.430839	0.430073	0.43242	0.431936	0.431288	0.415668	0.414955	0.412953	0.454762	0.452994	0.45105	0.435313	0.432123	0.431607	0.469542	0.46798	0.466357	0.43473	0.445566	0.435508	0.451601	0.435727	0.437225	0.495732	0.456847	0.455265	0.456186	0.454871	0.454746	0.413702	0.415556	0.414211	0.423739	0.423493	0.423185	0.514248	0.476693	0.477444	0.497924	0.498945	0.498893	0.926354	0.925404	0.926185	0.927073	0.925823	0.926274
ERR608706-k20-n1-x5e9	0.557464	0.61948	0.558666	0.544767	0.546535	0.545762	0.365429	0.351776	0.346639	0.34566	0.351626	0.349219	0.334684	0.311837	0.320483	0.319176	0.318768	0.31957	0.565539	0.461149	0.449021	0.526187	0.518844	0.533693	0.328062	0.31691	0.32565	0.309579	0.308368	0.312836	0.324108	0.32417	0.330321	0.391717	0.388406	0.387226	0.293736	0.241173	0.24386	0.239274	0.239515	0	0.346848	0.347935	0.349744	0.369794	0.368321	0.368495	0.426156	0.430661	0.429894	0.432044	0.431778	0.431149	0.415757	0.415202	0.413178	0.455066	0.453435	0.451361	0.435388	0.432334	0.431232	0.469816	0.468165	0.466661	0.43428	0.444671	0.435191	0.450425	0.435259	0.436728	0.495062	0.456577	0.455056	0.455981	0.45472	0.454455	0.414179	0.415937	0.41458	0.424137	0.42379	0.42368	0.514675	0.477818	0.478732	0.498911	0.499803	0.500108	0.926049	0.925274	0.926104	0.926966	0.925717	0.926181
ERR608069-k20-n1-x5e9	0.465629	0.574304	0.477507	0.445187	0.447653	0.446421	0.377515	0.374825	0.373569	0.369331	0.384277	0.382509	0.370737	0.322325	0.324413	0.32448	0.324548	0.324915	0.565707	0.4483	0.432066	0.518031	0.510437	0.527111	0.396443	0.355366	0.353501	0.364825	0.364113	0.367827	0.321221	0.317534	0.325706	0.362373	0.360153	0.359538	0.402452	0.346666	0.342304	0.34514	0.345413	0.346848	0	0.255467	0.256049	0.276628	0.275282	0.275535	0.475377	0.470843	0.470008	0.488375	0.488017	0.48666	0.44629	0.440562	0.441356	0.473971	0.471793	0.469919	0.485347	0.478291	0.480925	0.506613	0.505433	0.50332	0.494373	0.52942	0.495163	0.538933	0.497934	0.498012	0.550229	0.505367	0.500346	0.503509	0.502294	0.501899	0.444912	0.440395	0.444188	0.450068	0.447933	0.447795	0.515592	0.448117	0.447677	0.478677	0.478696	0.479535	0.952219	0.943796	0.942265	0.944446	0.943155	0.943324
