	ERR609247-k20-n1-x5e9	ERR609248-k20-n1-x5e9	ERR609249-k20-n1-x5e9	ERR609250-k20-n1-x5e9	ERR609251-k20-n1-x5e9	ERR609252-k20-n1-x5e9	ERR608013-k20-n1-x5e9	ERR608014-k20-n1-x5e9	ERR608015-k20-n1-x5e9	ERR608016-k20-n1-x5e9	ERR608017-k20-n1-x5e9	ERR608018-k20-n1-x5e9	ERR610031-k20-n1-x5e9	ERR610032-k20-n1-x5e9	ERR610033-k20-n1-x5e9	ERR610034-k20-n1-x5e9	ERR610035-k20-n1-x5e9	ERR610036-k20-n1-x5e9	ERR610087-k20-n1-x5e9	ERR610088-k20-n1-x5e9	ERR610089-k20-n1-x5e9	ERR610090-k20-n1-x5e9	ERR610091-k20-n1-x5e9	ERR610092-k20-n1-x5e9	ERR610075-k20-n1-x5e9	ERR610076-k20-n1-x5e9	ERR610077-k20-n1-x5e9	ERR610078-k20-n1-x5e9	ERR610079-k20-n1-x5e9	ERR610080-k20-n1-x5e9	ERR608925-k20-n1-x5e9	ERR608926-k20-n1-x5e9	ERR608927-k20-n1-x5e9	ERR608928-k20-n1-x5e9	ERR608929-k20-n1-x5e9	ERR608930-k20-n1-x5e9	ERR609333-k20-n1-x5e9	ERR609334-k20-n1-x5e9	ERR609335-k20-n1-x5e9	ERR609336-k20-n1-x5e9	ERR609337-k20-n1-x5e9	ERR609338-k20-n1-x5e9	ERR605435-k20-n1-x5e9	ERR605436-k20-n1-x5e9	ERR605437-k20-n1-x5e9	ERR605438-k20-n1-x5e9	ERR605439-k20-n1-x5e9	ERR605440-k20-n1-x5e9	ERR608943-k20-n1-x5e9	ERR608944-k20-n1-x5e9	ERR608945-k20-n1-x5e9	ERR608946-k20-n1-x5e9	ERR608947-k20-n1-x5e9	ERR608948-k20-n1-x5e9	ERR605485-k20-n1-x5e9	ERR605486-k20-n1-x5e9	ERR605487-k20-n1-x5e9	ERR605488-k20-n1-x5e9	ERR605489-k20-n1-x5e9	ERR605490-k20-n1-x5e9	ERR607669-k20-n1-x5e9	ERR607670-k20-n1-x5e9	ERR607671-k20-n1-x5e9	ERR607672-k20-n1-x5e9	ERR607673-k20-n1-x5e9	ERR607674-k20-n1-x5e9	ERR610229-k20-n1-x5e9	ERR610230-k20-n1-x5e9	ERR610231-k20-n1-x5e9	ERR610232-k20-n1-x5e9	ERR610233-k20-n1-x5e9	ERR610234-k20-n1-x5e9	ERR605940-k20-n1-x5e9	ERR605941-k20-n1-x5e9	ERR605942-k20-n1-x5e9	ERR605943-k20-n1-x5e9	ERR605944-k20-n1-x5e9	ERR605945-k20-n1-x5e9	ERR608883-k20-n1-x5e9	ERR608884-k20-n1-x5e9	ERR608885-k20-n1-x5e9	ERR608886-k20-n1-x5e9	ERR608887-k20-n1-x5e9	ERR608888-k20-n1-x5e9	ERR606000-k20-n1-x5e9	ERR606001-k20-n1-x5e9	ERR606002-k20-n1-x5e9	ERR606003-k20-n1-x5e9	ERR606004-k20-n1-x5e9	ERR606005-k20-n1-x5e9	ERR607311-k20-n1-x5e9	ERR607312-k20-n1-x5e9	ERR607313-k20-n1-x5e9	ERR607314-k20-n1-x5e9	ERR607315-k20-n1-x5e9	ERR607316-k20-n1-x5e9
ERR609247-k20-n1-x5e9	0	0.64784	0.651232	0.680155	0.641985	0.642741	0.978057	0.933953	0.925319	0.905294	0.904647	0.903376	0.919109	0.839195	1.0542	0.820183	0.873625	0.87074	0.973572	0.855962	1.09295	0.840958	0.870915	0.87202	0.963103	0.858461	1.08638	0.884223	0.89901	0.895416	0.921323	0.870589	0.866028	0.868678	0.872028	0.873053	0.95147	0.951648	1.04965	0.88752	0.895328	0.896882	0.872322	0.972939	0.878922	0.87822	0.877767	0.876836	0.98149	0.977538	0.977046	1.01021	1.0089	1.00657	1.00737	1.01418	1.02187	1.01541	1.01429	1.01567	0.999814	0.993881	0.992911	0.998358	0.999321	0.996631	1.0398	1.12113	1.05388	1.02735	1.02644	1.02632	1.09679	1.04849	1.04396	1.07976	1.07525	1.0761	0.994085	0.991201	0.989717	1.02568	1.02225	1.02651	1.05054	1.00043	0.998667	1.03416	1.03482	1.03615	1.03757	1.02378	1.0236	1.05615	1.0514	1.04721
ERR609248-k20-n1-x5e9	0.64784	0	0.648576	0.67816	0.643059	0.642577	0.977866	0.936901	0.928461	0.905249	0.903767	0.90321	0.920098	0.840814	1.05313	0.819606	0.873001	0.869776	0.974192	0.85624	1.09297	0.842953	0.868262	0.871444	0.965764	0.860188	1.08843	0.88748	0.898512	0.894822	0.92143	0.869744	0.867281	0.871872	0.874739	0.874109	0.952348	0.952603	1.04879	0.888201	0.896359	0.895558	0.873356	0.974174	0.87933	0.879028	0.879314	0.879825	0.983616	0.979802	0.976886	1.01157	1.01112	1.0082	1.0086	1.01507	1.02248	1.01689	1.01531	1.01452	0.998505	0.995213	0.994067	0.997415	0.998393	0.995641	1.04442	1.1226	1.05729	1.03073	1.02998	1.02891	1.09635	1.05016	1.04524	1.08124	1.07556	1.07817	0.996308	0.992119	0.991512	1.0267	1.02459	1.02719	1.0487	1.00208	1.00091	1.03455	1.03472	1.03681	1.03904	1.0244	1.02363	1.05764	1.05128	1.04909
ERR609249-k20-n1-x5e9	0.651232	0.648576	0	0.687495	0.644824	0.645794	0.98241	0.944184	0.934843	0.905961	0.904497	0.905327	0.922028	0.846177	1.0539	0.82314	0.874065	0.873916	0.981689	0.866876	1.09605	0.849934	0.871041	0.871544	0.970677	0.869195	1.09161	0.886423	0.901182	0.896776	0.920844	0.87611	0.872176	0.877527	0.880851	0.879972	0.955423	0.954925	1.05223	0.893912	0.898603	0.899139	0.879935	0.97724	0.885448	0.885991	0.884237	0.884888	0.984861	0.98593	0.983486	1.0152	1.01509	1.01378	1.00972	1.01734	1.02489	1.01776	1.01595	1.01766	1.00171	0.999309	0.998958	1.00067	1.00083	0.998094	1.05016	1.12477	1.06294	1.03303	1.03246	1.03276	1.09711	1.05594	1.05047	1.08641	1.08057	1.08144	1.00101	0.997357	0.996392	1.02945	1.02925	1.03002	1.05195	1.00727	1.0066	1.03784	1.03725	1.03794	1.03892	1.02836	1.02678	1.05955	1.05547	1.05224
ERR609250-k20-n1-x5e9	0.680155	0.67816	0.687495	0	0.671322	0.671259	0.992001	0.953243	0.94612	0.911104	0.911161	0.913374	0.941296	0.870174	1.06201	0.841345	0.901882	0.899736	0.986043	0.865389	1.10214	0.866492	0.885609	0.885465	0.978112	0.88143	1.0998	0.891713	0.918005	0.914016	0.945949	0.888928	0.890588	0.886125	0.887007	0.887909	0.971857	0.972403	1.06375	0.913774	0.922695	0.923101	0.896457	0.987921	0.902604	0.90376	0.901627	0.903251	0.997489	0.996134	0.994371	1.01931	1.01771	1.01592	1.0229	1.03274	1.04088	1.03247	1.03067	1.03282	1.01583	1.01194	1.01242	1.01464	1.01504	1.01238	1.05073	1.12987	1.06427	1.03357	1.03521	1.03328	1.10328	1.05844	1.05416	1.09045	1.08639	1.0874	1.01139	1.00905	1.00926	1.03491	1.03262	1.03489	1.06349	1.01544	1.01458	1.04369	1.04438	1.04502	1.04836	1.03616	1.03633	1.069	1.06326	1.05884
ERR609251-k20-n1-x5e9	0.641985	0.643059	0.644824	0.671322	0	0.629636	0.973292	0.929635	0.922171	0.895445	0.895433	0.89592	0.911861	0.833485	1.04763	0.821305	0.862566	0.862932	0.970542	0.8489	1.08838	0.834528	0.870209	0.866639	0.960049	0.852792	1.08307	0.874724	0.894649	0.891914	0.916117	0.862641	0.858141	0.861353	0.864276	0.863104	0.947266	0.944921	1.04344	0.870083	0.878442	0.877029	0.864262	0.965039	0.872744	0.872534	0.870081	0.872536	0.973138	0.970995	0.969881	1.00435	1.00373	1.00053	1.004	1.0103	1.01845	1.01185	1.00997	1.01208	0.991686	0.985793	0.984926	0.989568	0.990308	0.987613	1.0396	1.1178	1.05163	1.02252	1.02391	1.02127	1.08977	1.04539	1.03975	1.07693	1.07228	1.07303	0.987086	0.984668	0.982987	1.01892	1.01712	1.0214	1.04478	0.993462	0.99196	1.0271	1.02822	1.02997	1.03174	1.01891	1.0187	1.05197	1.04716	1.04474
ERR609252-k20-n1-x5e9	0.642741	0.642577	0.645794	0.671259	0.629636	0	0.973281	0.929504	0.92269	0.89597	0.895478	0.89653	0.912068	0.833709	1.04745	0.818474	0.861611	0.862873	0.968811	0.84867	1.08858	0.833652	0.870648	0.866855	0.960098	0.85387	1.08334	0.876206	0.894002	0.892538	0.914508	0.862588	0.859413	0.861678	0.863366	0.864111	0.945299	0.94567	1.04401	0.870341	0.878719	0.877411	0.86484	0.965789	0.870345	0.872724	0.870747	0.872662	0.973711	0.97049	0.970045	1.00392	1.00408	1.0011	1.00427	1.01037	1.01799	1.01178	1.00985	1.01054	0.992071	0.985415	0.984765	0.99007	0.989515	0.986304	1.03984	1.11776	1.05212	1.02323	1.02425	1.02129	1.08972	1.04431	1.03959	1.07709	1.07111	1.07321	0.986647	0.984819	0.983342	1.01942	1.01727	1.02056	1.04478	0.993491	0.991919	1.02705	1.02774	1.03025	1.032	1.01882	1.01729	1.05177	1.04564	1.04489
ERR608013-k20-n1-x5e9	0.978057	0.977866	0.98241	0.992001	0.973292	0.973281	0	0.898236	0.889934	0.877613	0.877357	0.876986	1.0149	0.969404	1.11333	0.951646	0.986905	0.98665	1.08618	1.01215	1.16466	1.00524	1.02094	1.02089	1.06475	0.994121	1.1509	1.00576	1.01794	1.0157	1.00341	0.971546	0.970112	0.969644	0.971287	0.97076	1.03793	1.03921	1.11285	0.998464	1.00524	1.00466	0.98715	1.05753	0.991937	0.991579	0.990774	0.992325	1.09434	1.09195	1.09033	1.11159	1.11132	1.10979	1.12844	1.13338	1.13793	1.13319	1.13316	1.13317	1.11095	1.10565	1.10637	1.1103	1.1097	1.10744	1.11574	1.16757	1.12268	1.10709	1.10724	1.10746	1.17102	1.13585	1.13377	1.15722	1.15314	1.15455	1.09778	1.09522	1.09392	1.11826	1.11719	1.11816	1.14698	1.10905	1.10908	1.1324	1.13346	1.1335	1.1242	1.11382	1.11535	1.13439	1.13045	1.12922
ERR608014-k20-n1-x5e9	0.933953	0.936901	0.944184	0.953243	0.929635	0.929504	0.898236	0	0.84926	0.82397	0.824028	0.824767	0.992344	0.933492	1.09603	0.909366	0.959255	0.958141	1.05885	0.973279	1.14757	0.966182	0.992098	0.993482	1.03318	0.955241	1.13446	0.971125	0.99162	0.988669	0.985879	0.936414	0.932941	0.933214	0.935657	0.937056	1.01649	1.01719	1.09416	0.968293	0.972767	0.973611	0.949817	1.02723	0.954615	0.952053	0.951697	0.952293	1.06121	1.05832	1.05958	1.07933	1.07786	1.0776	1.10391	1.11164	1.11853	1.11211	1.11045	1.11199	1.07954	1.07673	1.07789	1.07872	1.07774	1.07716	1.08361	1.14775	1.09267	1.07373	1.07384	1.07309	1.15041	1.107	1.10209	1.13494	1.13183	1.13251	1.06685	1.06415	1.06477	1.08684	1.08656	1.08862	1.12728	1.0768	1.07698	1.10477	1.10782	1.10833	1.09714	1.08324	1.08551	1.1112	1.10585	1.10385
ERR608015-k20-n1-x5e9	0.925319	0.928461	0.934843	0.94612	0.922171	0.92269	0.889934	0.84926	0	0.815782	0.815787	0.815489	0.983864	0.919262	1.09254	0.90104	0.953259	0.951072	1.05016	0.963981	1.145	0.954594	0.985222	0.983802	1.02416	0.944681	1.13059	0.961033	0.98574	0.982725	0.978774	0.928849	0.92402	0.927031	0.92781	0.929242	1.0077	1.00878	1.09102	0.960929	0.965091	0.967249	0.942366	1.02399	0.94664	0.942452	0.943192	0.943535	1.05594	1.05223	1.0533	1.06905	1.06758	1.06593	1.09845	1.10468	1.11237	1.10442	1.10401	1.10434	1.07538	1.07159	1.0729	1.07498	1.07398	1.07238	1.07473	1.14451	1.08767	1.06359	1.0636	1.06239	1.14654	1.0965	1.09211	1.13009	1.12666	1.12797	1.05991	1.05915	1.06051	1.07744	1.07624	1.07823	1.1231	1.07001	1.07019	1.09615	1.09829	1.09967	1.08697	1.0742	1.07558	1.10484	1.09933	1.0961
ERR608016-k20-n1-x5e9	0.905294	0.905249	0.905961	0.911104	0.895445	0.89597	0.877613	0.82397	0.815782	0	0.780497	0.783452	0.95216	0.884635	1.07227	0.86814	0.908022	0.907235	1.0319	0.939314	1.13172	0.932236	0.953584	0.953721	1.00719	0.918301	1.11541	0.932271	0.952729	0.948299	0.946836	0.896919	0.894048	0.892991	0.896405	0.898239	0.98159	0.981926	1.06531	0.921976	0.930954	0.929614	0.907334	0.999076	0.913007	0.911599	0.91123	0.912435	1.03426	1.03098	1.03275	1.05182	1.05137	1.04914	1.07872	1.08327	1.09151	1.0832	1.08309	1.08352	1.05412	1.04898	1.04932	1.05179	1.05171	1.04941	1.06005	1.13389	1.07676	1.04836	1.04798	1.04769	1.13134	1.08286	1.07899	1.11426	1.11099	1.11171	1.03954	1.03743	1.03638	1.06038	1.059	1.05948	1.09683	1.05019	1.05096	1.07669	1.07786	1.07845	1.06696	1.05608	1.05864	1.08367	1.07721	1.07432
ERR608017-k20-n1-x5e9	0.904647	0.903767	0.904497	0.911161	0.895433	0.895478	0.877357	0.824028	0.815787	0.780497	0	0.782127	0.951336	0.883788	1.07115	0.867442	0.907008	0.903925	1.03142	0.939004	1.13154	0.931647	0.952886	0.952989	1.00572	0.916856	1.11484	0.932402	0.952276	0.947587	0.947363	0.89692	0.894482	0.893266	0.896522	0.897518	0.981566	0.981358	1.06566	0.92207	0.930313	0.928841	0.905913	0.99883	0.912749	0.911535	0.910519	0.911882	1.03425	1.03115	1.0326	1.05252	1.0518	1.04932	1.07874	1.083	1.0911	1.08324	1.08295	1.08355	1.05371	1.04873	1.04867	1.05157	1.05157	1.04895	1.06095	1.1343	1.07756	1.04922	1.04872	1.04829	1.13145	1.08231	1.07887	1.11406	1.11012	1.11179	1.03984	1.03771	1.03646	1.06038	1.05916	1.05986	1.09687	1.04967	1.05076	1.07647	1.07779	1.07838	1.06681	1.05586	1.05895	1.08351	1.07694	1.07406
ERR608018-k20-n1-x5e9	0.903376	0.90321	0.905327	0.913374	0.89592	0.89653	0.876986	0.824767	0.815489	0.783452	0.782127	0	0.954069	0.887208	1.07204	0.870992	0.907301	0.907216	1.03298	0.938038	1.13151	0.931848	0.953389	0.953045	1.0072	0.919306	1.11474	0.933388	0.953173	0.950998	0.948257	0.896408	0.895331	0.89456	0.897032	0.898751	0.983076	0.9835	1.06517	0.924094	0.931407	0.930779	0.907369	0.99986	0.91357	0.911248	0.911435	0.912	1.03485	1.0321	1.0309	1.0511	1.05193	1.05074	1.07883	1.08456	1.09214	1.08474	1.0828	1.08442	1.0547	1.04838	1.05026	1.05268	1.05138	1.05025	1.06167	1.13413	1.07753	1.04899	1.04951	1.0481	1.13199	1.08317	1.07901	1.11547	1.11077	1.11295	1.03947	1.03858	1.03745	1.0593	1.0604	1.06068	1.09688	1.05115	1.0518	1.07591	1.07878	1.07907	1.06807	1.05703	1.0583	1.08409	1.07766	1.07444
ERR610031-k20-n1-x5e9	0.919109	0.920098	0.922028	0.941296	0.911861	0.912068	1.0149	0.992344	0.983864	0.95216	0.951336	0.954069	0	0.792534	1.01601	0.769805	0.82216	0.821128	1.04619	0.956163	1.13854	0.947257	0.966554	0.966959	1.00107	0.917274	1.11156	0.932831	0.949748	0.94532	0.964458	0.92289	0.919686	0.92066	0.920794	0.922307	0.956184	0.956675	1.03571	0.90983	0.912751	0.913645	0.899605	0.965244	0.901293	0.902727	0.901662	0.902756	1.08019	1.08027	1.07874	1.10306	1.10287	1.09998	1.06961	1.07433	1.08155	1.07498	1.07482	1.07446	1.08648	1.08346	1.08227	1.08519	1.08449	1.08335	1.12572	1.18048	1.13486	1.10886	1.11063	1.1083	1.12705	1.09222	1.08764	1.12472	1.12024	1.12194	1.08541	1.08491	1.08431	1.10962	1.10752	1.11048	1.09359	1.05928	1.05946	1.07801	1.07901	1.08021	1.1077	1.09435	1.09282	1.12877	1.12683	1.12259
ERR610032-k20-n1-x5e9	0.839195	0.840814	0.846177	0.870174	0.833485	0.833709	0.969404	0.933492	0.919262	0.884635	0.883788	0.887208	0.792534	0	0.966391	0.666226	0.725164	0.725894	0.998425	0.892862	1.10947	0.879978	0.897161	0.896696	0.950662	0.847737	1.07937	0.863311	0.874585	0.871295	0.898307	0.857217	0.85346	0.858585	0.861025	0.86011	0.887813	0.886657	0.985957	0.832007	0.839511	0.840085	0.820058	0.903666	0.825204	0.825231	0.825094	0.825564	1.02602	1.02487	1.02185	1.05177	1.05057	1.04992	1.00942	1.01531	1.02435	1.01531	1.01447	1.01538	1.03206	1.02789	1.02785	1.03217	1.03129	1.02907	1.07967	1.14817	1.09232	1.0622	1.06211	1.06176	1.07891	1.04242	1.04156	1.07376	1.06878	1.07136	1.03103	1.03147	1.02811	1.05918	1.05879	1.06031	1.03652	1.00081	1.0012	1.02278	1.02396	1.02433	1.0567	1.04712	1.04549	1.07717	1.07391	1.07125
ERR610033-k20-n1-x5e9	1.0542	1.05313	1.0539	1.06201	1.04763	1.04745	1.11333	1.09603	1.09254	1.07227	1.07115	1.07204	1.01601	0.966391	0	0.953275	0.972459	0.972051	1.13385	1.07751	1.19388	1.06988	1.07803	1.07962	1.10489	1.0494	1.17326	1.05992	1.06551	1.06325	1.07367	1.04903	1.04859	1.04861	1.04943	1.04959	1.07284	1.07314	1.12112	1.037	1.04088	1.03949	1.03429	1.0789	1.03436	1.03772	1.03581	1.03777	1.16671	1.16736	1.16577	1.18633	1.18552	1.18437	1.15927	1.16191	1.16581	1.16303	1.16242	1.16221	1.17109	1.16855	1.16789	1.16992	1.16923	1.16863	1.19882	1.23506	1.20505	1.18883	1.18866	1.18775	1.1983	1.17915	1.1761	1.19715	1.19424	1.19537	1.17074	1.17094	1.1691	1.19009	1.18885	1.18971	1.17159	1.15223	1.15166	1.1664	1.16574	1.16705	1.18626	1.17987	1.17816	1.19927	1.19679	1.19484
ERR610034-k20-n1-x5e9	0.820183	0.819606	0.82314	0.841345	0.821305	0.818474	0.951646	0.909366	0.90104	0.86814	0.867442	0.870992	0.769805	0.666226	0.953275	0	0.69415	0.694255	0.981081	0.86486	1.09675	0.851582	0.882877	0.882211	0.934307	0.820383	1.06537	0.84637	0.858067	0.857185	0.879779	0.825557	0.82608	0.825417	0.828026	0.82855	0.867405	0.868737	0.971064	0.80784	0.815105	0.81485	0.794946	0.883378	0.797439	0.800112	0.798795	0.800993	1.00587	1.00236	1.00052	1.03756	1.03544	1.03438	0.994776	1.00042	1.00665	0.999736	1.00108	0.99954	1.01521	1.00682	1.00598	1.01314	1.01261	1.00831	1.0657	1.13784	1.0772	1.0488	1.05029	1.0473	1.0669	1.02736	1.02369	1.06022	1.05478	1.05717	1.01075	1.00926	1.00619	1.04663	1.04452	1.04652	1.02163	0.981923	0.980632	1.00921	1.009	1.01066	1.04188	1.02979	1.02794	1.06393	1.05891	1.05644
ERR610035-k20-n1-x5e9	0.873625	0.873001	0.874065	0.901882	0.862566	0.861611	0.986905	0.959255	0.953259	0.908022	0.907008	0.907301	0.82216	0.725164	0.972459	0.69415	0	0.724764	1.027	0.921165	1.12399	0.914155	0.910172	0.911019	0.978105	0.877156	1.09255	0.890395	0.888737	0.884208	0.909247	0.864393	0.86882	0.862149	0.863964	0.86512	0.900666	0.901371	0.986216	0.84401	0.853004	0.850705	0.843718	0.913651	0.849479	0.857882	0.854716	0.855561	1.04632	1.04677	1.04226	1.07618	1.07581	1.07247	1.02257	1.02979	1.03669	1.03194	1.03081	1.03176	1.05067	1.046	1.04303	1.04782	1.04865	1.04526	1.11283	1.16325	1.11716	1.09149	1.09212	1.09043	1.08476	1.06263	1.05838	1.08973	1.08497	1.08599	1.05184	1.05201	1.04854	1.08189	1.07889	1.08193	1.04165	1.02103	1.02188	1.03561	1.03308	1.03465	1.07015	1.06131	1.05565	1.09284	1.09089	1.08714
ERR610036-k20-n1-x5e9	0.87074	0.869776	0.873916	0.899736	0.862932	0.862873	0.98665	0.958141	0.951072	0.907235	0.903925	0.907216	0.821128	0.725894	0.972051	0.694255	0.724764	0	1.02645	0.92046	1.12292	0.914569	0.908331	0.909448	0.976029	0.876641	1.09296	0.890628	0.886753	0.884089	0.911365	0.86487	0.871225	0.863639	0.865402	0.864897	0.900118	0.900777	0.98557	0.841461	0.85195	0.850229	0.844306	0.913976	0.848214	0.855307	0.854005	0.853966	1.04527	1.04604	1.0409	1.07446	1.07282	1.07235	1.02028	1.02995	1.03661	1.03104	1.02947	1.03114	1.04847	1.04531	1.04244	1.04659	1.0462	1.04418	1.11088	1.16243	1.11589	1.09063	1.09096	1.09029	1.08315	1.06037	1.05671	1.08791	1.08258	1.08505	1.05122	1.0504	1.04702	1.07979	1.07802	1.08007	1.04079	1.01875	1.01924	1.03413	1.03349	1.0345	1.06881	1.05953	1.05434	1.09146	1.08908	1.08478
ERR610087-k20-n1-x5e9	0.973572	0.974192	0.981689	0.986043	0.970542	0.968811	1.08618	1.05885	1.05016	1.0319	1.03142	1.03298	1.04619	0.998425	1.13385	0.981081	1.027	1.02645	0	0.901887	1.09799	0.89725	0.921947	0.923115	1.04735	0.973914	1.13891	0.982293	1.00515	1.00251	1.0478	1.01581	1.01332	1.01143	1.01407	1.01372	1.06643	1.06684	1.12897	1.03287	1.03614	1.03741	1.01731	1.08541	1.02079	1.01796	1.01797	1.01875	1.11004	1.10931	1.1088	1.1257	1.12456	1.12368	1.12591	1.13185	1.13929	1.13228	1.13143	1.13154	1.12137	1.11887	1.12006	1.12149	1.12133	1.11947	1.12789	1.18795	1.14069	1.11841	1.12015	1.11738	1.17897	1.14161	1.13909	1.1651	1.16246	1.16287	1.11808	1.1163	1.11603	1.13449	1.13291	1.13408	1.15907	1.12472	1.12358	1.1441	1.144	1.14495	1.1455	1.13728	1.13735	1.15774	1.15375	1.15182
ERR610088-k20-n1-x5e9	0.855962	0.85624	0.866876	0.865389	0.8489	0.84867	1.01215	0.973279	0.963981	0.939314	0.939004	0.938038	0.956163	0.892862	1.07751	0.86486	0.921165	0.92046	0.901887	0	1.04357	0.755845	0.803687	0.801852	0.959914	0.853689	1.08508	0.874905	0.905178	0.899674	0.963455	0.917244	0.909749	0.911639	0.914358	0.916002	0.982878	0.983789	1.0669	0.929425	0.933369	0.934811	0.909241	1.00374	0.912301	0.911108	0.909843	0.909713	1.02836	1.02504	1.02583	1.04888	1.04779	1.04607	1.0542	1.06218	1.06801	1.06339	1.06103	1.06364	1.04087	1.03682	1.03849	1.04072	1.04065	1.03842	1.0562	1.13511	1.0747	1.04324	1.04343	1.0418	1.12276	1.07103	1.06859	1.10174	1.09805	1.09904	1.04013	1.0369	1.03688	1.06077	1.05987	1.06167	1.08965	1.04261	1.04227	1.0708	1.07133	1.07199	1.07395	1.0653	1.06608	1.08884	1.08428	1.08207
ERR610089-k20-n1-x5e9	1.09295	1.09297	1.09605	1.10214	1.08838	1.08858	1.16466	1.14757	1.145	1.13172	1.13154	1.13151	1.13854	1.10947	1.19388	1.09675	1.12399	1.12292	1.09799	1.04357	0	1.04129	1.05435	1.05433	1.13711	1.0921	1.19717	1.0979	1.11189	1.11009	1.139	1.11645	1.11639	1.11528	1.11602	1.11689	1.15839	1.15866	1.2011	1.13199	1.13532	1.13498	1.12453	1.16845	1.12674	1.12629	1.12563	1.12605	1.18875	1.18824	1.18778	1.20146	1.20095	1.2006	1.20309	1.2073	1.21159	1.20776	1.20707	1.20746	1.19632	1.19456	1.1944	1.19558	1.19554	1.19436	1.20726	1.24411	1.21338	1.19754	1.19795	1.19694	1.23838	1.21355	1.21126	1.2307	1.22826	1.22884	1.19427	1.19485	1.19379	1.20703	1.20611	1.20712	1.2249	1.19878	1.19873	1.21431	1.21431	1.21531	1.21425	1.20828	1.20819	1.22512	1.22288	1.2208
ERR610090-k20-n1-x5e9	0.840958	0.842953	0.849934	0.866492	0.834528	0.833652	1.00524	0.966182	0.954594	0.932236	0.931647	0.931848	0.947257	0.879978	1.06988	0.851582	0.914155	0.914569	0.89725	0.755845	1.04129	0	0.789123	0.790474	0.951431	0.841201	1.08095	0.866084	0.89543	0.890673	0.955686	0.90044	0.898376	0.898838	0.90039	0.902073	0.975567	0.975755	1.06356	0.92153	0.927257	0.925841	0.905671	0.995509	0.903818	0.903351	0.900496	0.904476	1.02012	1.01853	1.0193	1.04359	1.04194	1.03971	1.04583	1.05436	1.06332	1.05445	1.05377	1.0528	1.03271	1.02999	1.03121	1.03185	1.03225	1.03073	1.05089	1.13055	1.06377	1.03778	1.03899	1.03509	1.11309	1.06565	1.05998	1.09368	1.08868	1.08903	1.03104	1.03234	1.03328	1.05609	1.05399	1.05662	1.08522	1.03562	1.03565	1.06582	1.06611	1.06835	1.06893	1.05479	1.05555	1.08522	1.08075	1.0777
ERR610091-k20-n1-x5e9	0.870915	0.868262	0.871041	0.885609	0.870209	0.870648	1.02094	0.992098	0.985222	0.953584	0.952886	0.953389	0.966554	0.897161	1.07803	0.882877	0.910172	0.908331	0.921947	0.803687	1.05435	0.789123	0	0.803239	0.975214	0.879383	1.09063	0.895072	0.902248	0.900089	0.965698	0.921631	0.923035	0.921686	0.922851	0.923701	0.996263	0.996349	1.07424	0.93211	0.942446	0.941786	0.922452	1.01465	0.929658	0.933539	0.931345	0.932724	1.04054	1.03932	1.03732	1.06181	1.06254	1.06012	1.0605	1.06654	1.07538	1.06899	1.06673	1.06796	1.04985	1.04627	1.04452	1.0482	1.04768	1.04512	1.08477	1.14589	1.09734	1.06329	1.06387	1.06154	1.12687	1.08461	1.0814	1.11715	1.11171	1.11348	1.05078	1.05022	1.04842	1.07205	1.0711	1.07274	1.09479	1.05693	1.05632	1.07812	1.07735	1.07885	1.07941	1.0713	1.06796	1.10141	1.09644	1.09298
ERR610092-k20-n1-x5e9	0.87202	0.871444	0.871544	0.885465	0.866639	0.866855	1.02089	0.993482	0.983802	0.953721	0.952989	0.953045	0.966959	0.896696	1.07962	0.882211	0.911019	0.909448	0.923115	0.801852	1.05433	0.790474	0.803239	0	0.975158	0.877912	1.09137	0.894602	0.903889	0.901697	0.965671	0.923502	0.922152	0.920726	0.923468	0.923609	0.997535	0.99677	1.07417	0.933256	0.94332	0.939175	0.92281	1.01393	0.928808	0.932158	0.929792	0.93221	1.04018	1.03976	1.03769	1.06291	1.06265	1.06016	1.0604	1.06693	1.07446	1.06839	1.06708	1.06806	1.04926	1.0469	1.04475	1.04804	1.04848	1.04587	1.08274	1.14622	1.09851	1.0634	1.06328	1.06149	1.12806	1.0861	1.08195	1.11694	1.1116	1.11318	1.05069	1.05107	1.04981	1.0728	1.07062	1.07278	1.09497	1.05658	1.05598	1.07914	1.07819	1.07989	1.0799	1.07146	1.06959	1.10074	1.09629	1.092
ERR610075-k20-n1-x5e9	0.963103	0.965764	0.970677	0.978112	0.960049	0.960098	1.06475	1.03318	1.02416	1.00719	1.00572	1.0072	1.00107	0.950662	1.10489	0.934307	0.978105	0.976029	1.04735	0.959914	1.13711	0.951431	0.975214	0.975158	0	0.886164	1.09175	0.90335	0.926449	0.921922	1.01794	0.982527	0.980233	0.980961	0.983073	0.983026	1.03211	1.0323	1.10903	0.990939	0.99762	0.99706	0.977137	1.05179	0.982702	0.980546	0.981224	0.981804	1.11224	1.10737	1.10751	1.13015	1.13007	1.12817	1.12447	1.13079	1.13602	1.13003	1.13016	1.13009	1.12438	1.1189	1.11894	1.12279	1.12237	1.12056	1.1329	1.19137	1.14303	1.123	1.12354	1.12236	1.18093	1.1458	1.14172	1.16611	1.16255	1.16343	1.11873	1.11515	1.11497	1.14102	1.1393	1.14134	1.15899	1.11888	1.11871	1.14327	1.1429	1.14342	1.14643	1.13709	1.13762	1.15871	1.15513	1.15281
ERR610076-k20-n1-x5e9	0.858461	0.860188	0.869195	0.88143	0.852792	0.85387	0.994121	0.955241	0.944681	0.918301	0.916856	0.919306	0.917274	0.847737	1.0494	0.820383	0.877156	0.876641	0.973914	0.853689	1.0921	0.841201	0.879383	0.877912	0.886164	0	1.03713	0.784743	0.81861	0.81406	0.936969	0.881947	0.87633	0.880816	0.88116	0.88166	0.952212	0.952652	1.04779	0.892367	0.898057	0.898419	0.876523	0.974006	0.879578	0.876598	0.877347	0.877676	1.03972	1.03825	1.03644	1.06384	1.063	1.06068	1.06162	1.06949	1.07884	1.07005	1.06906	1.06993	1.05484	1.05054	1.05161	1.05456	1.05474	1.05206	1.07095	1.14707	1.08445	1.05825	1.05764	1.05792	1.12852	1.08255	1.07863	1.10972	1.10444	1.10579	1.05119	1.04935	1.04908	1.0782	1.07598	1.07765	1.09935	1.04965	1.05021	1.08005	1.07971	1.08035	1.08483	1.07031	1.07114	1.09846	1.09318	1.09242
ERR610077-k20-n1-x5e9	1.08638	1.08843	1.09161	1.0998	1.08307	1.08334	1.1509	1.13446	1.13059	1.11541	1.11484	1.11474	1.11156	1.07937	1.17326	1.06537	1.09255	1.09296	1.13891	1.08508	1.19717	1.08095	1.09063	1.09137	1.09175	1.03713	0	1.04663	1.05725	1.05462	1.12099	1.09705	1.09661	1.09578	1.09717	1.09638	1.13774	1.13726	1.18501	1.10686	1.1099	1.1096	1.09969	1.14851	1.10222	1.10227	1.1018	1.10267	1.19482	1.19402	1.19286	1.20801	1.20723	1.20676	1.20373	1.20891	1.21379	1.20987	1.20875	1.20912	1.20232	1.19977	1.20031	1.20157	1.20205	1.20036	1.2116	1.24763	1.21715	1.20276	1.20327	1.20206	1.24319	1.21898	1.21646	1.23555	1.23232	1.23288	1.20035	1.20006	1.19951	1.21524	1.21453	1.21524	1.22701	1.20162	1.20089	1.21668	1.21634	1.21746	1.21736	1.21149	1.21117	1.22793	1.22547	1.22346
ERR610078-k20-n1-x5e9	0.884223	0.88748	0.886423	0.891713	0.874724	0.876206	1.00576	0.971125	0.961033	0.932271	0.932402	0.933388	0.932831	0.863311	1.05992	0.84637	0.890395	0.890628	0.982293	0.874905	1.0979	0.866084	0.895072	0.894602	0.90335	0.784743	1.04663	0	0.841292	0.834447	0.952565	0.901357	0.899601	0.898295	0.901102	0.902615	0.968945	0.967834	1.05601	0.906265	0.915509	0.915354	0.890188	0.988395	0.896124	0.895669	0.894882	0.896175	1.05184	1.04924	1.05044	1.07307	1.07134	1.06906	1.07419	1.07952	1.08749	1.07956	1.07919	1.07954	1.06834	1.06229	1.06274	1.06638	1.06541	1.06325	1.08107	1.15531	1.0987	1.06634	1.06622	1.06563	1.13982	1.09224	1.08819	1.1235	1.11939	1.12042	1.0634	1.0606	1.06119	1.08521	1.08387	1.08606	1.10775	1.06212	1.06141	1.088	1.0883	1.08883	1.09092	1.08169	1.0824	1.10898	1.10286	1.09899
ERR610079-k20-n1-x5e9	0.89901	0.898512	0.901182	0.918005	0.894649	0.894002	1.01794	0.99162	0.98574	0.952729	0.952276	0.953173	0.949748	0.874585	1.06551	0.858067	0.888737	0.886753	1.00515	0.905178	1.11189	0.89543	0.902248	0.903889	0.926449	0.81861	1.05725	0.841292	0	0.836611	0.958372	0.91467	0.915241	0.911916	0.914457	0.91612	0.985781	0.984686	1.06747	0.918525	0.924949	0.926138	0.911387	1.00499	0.918462	0.918816	0.920626	0.919779	1.07042	1.0684	1.06653	1.09077	1.08963	1.08708	1.08312	1.08979	1.09779	1.09266	1.09043	1.09195	1.07963	1.07663	1.07507	1.07905	1.07962	1.07814	1.11331	1.16824	1.12375	1.09248	1.09371	1.09135	1.14815	1.10919	1.1065	1.13997	1.13486	1.13523	1.07979	1.07854	1.07615	1.10006	1.09878	1.10109	1.11833	1.0808	1.08034	1.1008	1.09963	1.10053	1.10086	1.09306	1.09188	1.1234	1.1207	1.11576
ERR610080-k20-n1-x5e9	0.895416	0.894822	0.896776	0.914016	0.891914	0.892538	1.0157	0.988669	0.982725	0.948299	0.947587	0.950998	0.94532	0.871295	1.06325	0.857185	0.884208	0.884089	1.00251	0.899674	1.11009	0.890673	0.900089	0.901697	0.921922	0.81406	1.05462	0.834447	0.836611	0	0.956022	0.912301	0.91227	0.908862	0.911459	0.911374	0.981263	0.980702	1.06443	0.914673	0.923303	0.925166	0.906221	1.00124	0.916167	0.916794	0.91867	0.91731	1.06705	1.06659	1.06257	1.08721	1.08714	1.08578	1.0814	1.08806	1.09697	1.08951	1.08781	1.08903	1.07853	1.0729	1.07249	1.07768	1.07698	1.07474	1.11016	1.16608	1.12076	1.089	1.08911	1.08711	1.14742	1.10708	1.1041	1.13702	1.13218	1.13363	1.07754	1.07552	1.07368	1.09795	1.09687	1.09871	1.11613	1.07733	1.07795	1.09753	1.09641	1.09796	1.09967	1.09057	1.0905	1.12115	1.11765	1.11302
ERR608925-k20-n1-x5e9	0.921323	0.92143	0.920844	0.945949	0.916117	0.914508	1.00341	0.985879	0.978774	0.946836	0.947363	0.948257	0.964458	0.898307	1.07367	0.879779	0.909247	0.911365	1.0478	0.963455	1.139	0.955686	0.965698	0.965671	1.01794	0.936969	1.12099	0.952565	0.958372	0.956022	0	0.825419	0.824407	0.828097	0.828603	0.829184	0.996237	0.995483	1.07311	0.932406	0.936188	0.937138	0.928486	1.00913	0.928109	0.93304	0.932008	0.932063	1.07275	1.07334	1.07266	1.098	1.09731	1.09537	1.09673	1.10194	1.11009	1.10411	1.10295	1.10389	1.07719	1.07557	1.07313	1.07649	1.07733	1.07573	1.12686	1.17262	1.13335	1.10703	1.10823	1.1056	1.15284	1.12073	1.1164	1.1507	1.14692	1.14815	1.0758	1.07756	1.07608	1.10097	1.09882	1.10165	1.12821	1.09295	1.09313	1.11527	1.11618	1.11823	1.10349	1.09195	1.08891	1.1247	1.12217	1.11847
ERR608926-k20-n1-x5e9	0.870589	0.869744	0.87611	0.888928	0.862641	0.862588	0.971546	0.936414	0.928849	0.896919	0.89692	0.896408	0.92289	0.857217	1.04903	0.825557	0.864393	0.86487	1.01581	0.917244	1.11645	0.90044	0.921631	0.923502	0.982527	0.881947	1.09705	0.901357	0.91467	0.912301	0.825419	0	0.752779	0.762127	0.763929	0.766647	0.954814	0.955644	1.04047	0.887352	0.891328	0.891932	0.873506	0.9715	0.874584	0.875754	0.876603	0.87673	1.0347	1.03325	1.03204	1.05896	1.0593	1.05764	1.0641	1.07179	1.07905	1.07309	1.07112	1.0716	1.04272	1.03747	1.0377	1.04199	1.0412	1.03947	1.07751	1.14566	1.09152	1.06467	1.06526	1.06315	1.12685	1.08824	1.08369	1.11492	1.10887	1.11158	1.03606	1.03485	1.03413	1.06382	1.06334	1.06421	1.09171	1.05393	1.05408	1.07997	1.08045	1.08237	1.06875	1.05991	1.05758	1.08492	1.08158	1.07902
ERR608927-k20-n1-x5e9	0.866028	0.867281	0.872176	0.890588	0.858141	0.859413	0.970112	0.932941	0.92402	0.894048	0.894482	0.895331	0.919686	0.85346	1.04859	0.82608	0.86882	0.871225	1.01332	0.909749	1.11639	0.898376	0.923035	0.922152	0.980233	0.87633	1.09661	0.899601	0.915241	0.91227	0.824407	0.752779	0	0.756262	0.759126	0.758728	0.953719	0.952945	1.04249	0.889933	0.89279	0.893779	0.874066	0.970117	0.874258	0.874231	0.875403	0.875406	1.0305	1.03038	1.02785	1.05811	1.05667	1.05447	1.06223	1.06955	1.07889	1.07141	1.06921	1.07026	1.04149	1.0359	1.0357	1.04017	1.03934	1.03766	1.07531	1.1454	1.08624	1.06148	1.06229	1.06286	1.12403	1.08421	1.08041	1.11095	1.10585	1.10658	1.03304	1.03272	1.0312	1.06307	1.06064	1.06476	1.09187	1.05002	1.05117	1.0799	1.08161	1.08098	1.06931	1.05508	1.0549	1.08358	1.07987	1.07745
ERR608928-k20-n1-x5e9	0.868678	0.871872	0.877527	0.886125	0.861353	0.861678	0.969644	0.933214	0.927031	0.892991	0.893266	0.89456	0.92066	0.858585	1.04861	0.825417	0.862149	0.863639	1.01143	0.911639	1.11528	0.898838	0.921686	0.920726	0.980961	0.880816	1.09578	0.898295	0.911916	0.908862	0.828097	0.762127	0.756262	0	0.760673	0.760797	0.953223	0.953901	1.03971	0.885502	0.888934	0.89006	0.868791	0.97014	0.872189	0.87245	0.874183	0.873242	1.03358	1.03257	1.03035	1.0577	1.05656	1.05585	1.06236	1.07179	1.07735	1.07268	1.0712	1.0726	1.04143	1.03671	1.03596	1.04073	1.04081	1.03794	1.07611	1.14481	1.0918	1.06185	1.0631	1.0611	1.12639	1.0862	1.08334	1.11394	1.10865	1.11107	1.03536	1.03454	1.03208	1.06202	1.06106	1.0633	1.09034	1.05306	1.0533	1.0782	1.07863	1.08003	1.06792	1.05931	1.05856	1.08393	1.07975	1.07768
ERR608929-k20-n1-x5e9	0.872028	0.874739	0.880851	0.887007	0.864276	0.863366	0.971287	0.935657	0.92781	0.896405	0.896522	0.897032	0.920794	0.861025	1.04943	0.828026	0.863964	0.865402	1.01407	0.914358	1.11602	0.90039	0.922851	0.923468	0.983073	0.88116	1.09717	0.901102	0.914457	0.911459	0.828603	0.763929	0.759126	0.760673	0	0.763325	0.954617	0.954413	1.03983	0.886933	0.890927	0.891464	0.871626	0.97234	0.874052	0.874154	0.875551	0.875403	1.03569	1.03339	1.03254	1.05895	1.05814	1.05693	1.0639	1.07214	1.07903	1.07427	1.0726	1.07389	1.04205	1.0388	1.03773	1.04259	1.04214	1.03972	1.07712	1.14598	1.09361	1.06398	1.06525	1.06339	1.12763	1.08723	1.08427	1.11547	1.11022	1.11231	1.03657	1.03581	1.03421	1.06406	1.06216	1.06404	1.0912	1.05363	1.05353	1.08028	1.08068	1.08224	1.06898	1.06131	1.05937	1.08558	1.08186	1.07915
ERR608930-k20-n1-x5e9	0.873053	0.874109	0.879972	0.887909	0.863104	0.864111	0.97076	0.937056	0.929242	0.898239	0.897518	0.898751	0.922307	0.86011	1.04959	0.82855	0.86512	0.864897	1.01372	0.916002	1.11689	0.902073	0.923701	0.923609	0.983026	0.88166	1.09638	0.902615	0.91612	0.911374	0.829184	0.766647	0.758728	0.760797	0.763325	0	0.954572	0.955779	1.04037	0.885704	0.892153	0.892159	0.873068	0.972571	0.872671	0.876103	0.874373	0.876644	1.03658	1.03509	1.03439	1.06093	1.05903	1.05848	1.06608	1.07388	1.07978	1.07511	1.07417	1.07498	1.04344	1.04036	1.03943	1.04411	1.04401	1.04149	1.07944	1.14626	1.09465	1.06595	1.06608	1.06448	1.12875	1.08876	1.08594	1.1167	1.11087	1.11373	1.03848	1.03672	1.03602	1.06578	1.06397	1.06536	1.09258	1.05472	1.05522	1.08211	1.08212	1.08378	1.06956	1.0632	1.06089	1.08638	1.08287	1.07969
ERR609333-k20-n1-x5e9	0.95147	0.952348	0.955423	0.971857	0.947266	0.945299	1.03793	1.01649	1.0077	0.98159	0.981566	0.983076	0.956184	0.887813	1.07284	0.867405	0.900666	0.900118	1.06643	0.982878	1.15839	0.975567	0.996263	0.997535	1.03211	0.952212	1.13774	0.968945	0.985781	0.981263	0.996237	0.954814	0.953719	0.953223	0.954617	0.954572	0	0.819203	0.911278	0.794153	0.793296	0.794279	0.896003	0.933314	0.893698	0.894058	0.894561	0.895414	1.09183	1.09086	1.08929	1.11314	1.11224	1.10964	1.05287	1.05681	1.06163	1.05766	1.05692	1.05781	1.10065	1.09799	1.09768	1.09997	1.09926	1.09908	1.13393	1.18668	1.14318	1.11901	1.11974	1.11792	1.10506	1.07973	1.07562	1.11182	1.10847	1.1102	1.09908	1.0988	1.0991	1.12138	1.11942	1.12262	1.05603	1.03769	1.03826	1.04793	1.0488	1.05027	1.11201	1.09972	1.09703	1.13305	1.13104	1.12743
ERR609334-k20-n1-x5e9	0.951648	0.952603	0.954925	0.972403	0.944921	0.94567	1.03921	1.01719	1.00878	0.981926	0.981358	0.9835	0.956675	0.886657	1.07314	0.868737	0.901371	0.900777	1.06684	0.983789	1.15866	0.975755	0.996349	0.99677	1.0323	0.952652	1.13726	0.967834	0.984686	0.980702	0.995483	0.955644	0.952945	0.953901	0.954413	0.955779	0.819203	0	0.910916	0.793944	0.794108	0.794854	0.896957	0.934741	0.89526	0.895109	0.895488	0.896239	1.09161	1.09115	1.09005	1.11277	1.11205	1.10916	1.05391	1.05749	1.06278	1.05804	1.05818	1.0575	1.10099	1.09832	1.09758	1.10006	1.09974	1.09846	1.1342	1.18664	1.14326	1.11908	1.12018	1.11799	1.10599	1.0808	1.07624	1.11233	1.10905	1.11073	1.09965	1.09923	1.09899	1.12217	1.12003	1.12289	1.05806	1.03948	1.03983	1.04944	1.05019	1.05098	1.11267	1.09954	1.09817	1.13377	1.13164	1.12793
ERR609335-k20-n1-x5e9	1.04965	1.04879	1.05223	1.06375	1.04344	1.04401	1.11285	1.09416	1.09102	1.06531	1.06566	1.06517	1.03571	0.985957	1.12112	0.971064	0.986216	0.98557	1.12897	1.0669	1.2011	1.06356	1.07424	1.07417	1.10903	1.04779	1.18501	1.05601	1.06747	1.06443	1.07311	1.04047	1.04249	1.03971	1.03983	1.04037	0.911278	0.910916	0	0.900719	0.89522	0.897248	0.985867	1.00362	0.980463	0.982062	0.982146	0.983008	1.15933	1.15921	1.15786	1.17477	1.17407	1.17322	1.11412	1.11752	1.11968	1.11837	1.11831	1.1179	1.16595	1.16475	1.16368	1.16569	1.16583	1.1649	1.19143	1.22839	1.1973	1.17898	1.1794	1.17791	1.14589	1.13207	1.13046	1.15471	1.15268	1.15368	1.16556	1.16547	1.16312	1.18116	1.18032	1.18159	1.10625	1.10327	1.1039	1.10368	1.10246	1.10336	1.16738	1.16122	1.15962	1.18467	1.18274	1.18064
ERR609336-k20-n1-x5e9	0.88752	0.888201	0.893912	0.913774	0.870083	0.870341	0.998464	0.968293	0.960929	0.921976	0.92207	0.924094	0.90983	0.832007	1.037	0.80784	0.84401	0.841461	1.03287	0.929425	1.13199	0.92153	0.93211	0.933256	0.990939	0.892367	1.10686	0.906265	0.918525	0.914673	0.932406	0.887352	0.889933	0.885502	0.886933	0.885704	0.794153	0.793944	0.900719	0	0.732828	0.727707	0.854976	0.92182	0.860714	0.865373	0.86296	0.866564	1.04682	1.04626	1.04362	1.07359	1.07215	1.07058	1.0157	1.02413	1.02855	1.02488	1.02468	1.02473	1.05635	1.05202	1.05092	1.05521	1.05539	1.05343	1.10297	1.16043	1.11061	1.08362	1.08448	1.08334	1.08645	1.06372	1.05944	1.09237	1.087	1.08946	1.05679	1.05512	1.05275	1.08302	1.08223	1.0838	1.03409	1.0127	1.01412	1.02903	1.02846	1.02824	1.07435	1.06377	1.0607	1.09683	1.09186	1.08963
ERR609337-k20-n1-x5e9	0.895328	0.896359	0.898603	0.922695	0.878442	0.878719	1.00524	0.972767	0.965091	0.930954	0.930313	0.931407	0.912751	0.839511	1.04088	0.815105	0.853004	0.85195	1.03614	0.933369	1.13532	0.927257	0.942446	0.94332	0.99762	0.898057	1.1099	0.915509	0.924949	0.923303	0.936188	0.891328	0.89279	0.888934	0.890927	0.892153	0.793296	0.794108	0.89522	0.732828	0	0.717964	0.864645	0.920919	0.856373	0.858783	0.859877	0.855689	1.05131	1.05341	1.0511	1.07888	1.07685	1.0751	1.01998	1.02647	1.03274	1.02892	1.02633	1.02923	1.06084	1.05981	1.05828	1.05846	1.05865	1.05803	1.10559	1.16398	1.11294	1.08892	1.09042	1.08851	1.08935	1.06483	1.06066	1.09213	1.08784	1.08826	1.06301	1.06169	1.05891	1.0876	1.08523	1.08877	1.03452	1.01438	1.01698	1.02987	1.03008	1.0311	1.07737	1.06996	1.06617	1.09776	1.0959	1.09447
ERR609338-k20-n1-x5e9	0.896882	0.895558	0.899139	0.923101	0.877029	0.877411	1.00466	0.973611	0.967249	0.929614	0.928841	0.930779	0.913645	0.840085	1.03949	0.81485	0.850705	0.850229	1.03741	0.934811	1.13498	0.925841	0.941786	0.939175	0.99706	0.898419	1.1096	0.915354	0.926138	0.925166	0.937138	0.891932	0.893779	0.89006	0.891464	0.892159	0.794279	0.794854	0.897248	0.727707	0.717964	0	0.862639	0.923821	0.858806	0.858443	0.861689	0.859734	1.05305	1.05295	1.04909	1.07858	1.07705	1.07551	1.02144	1.02712	1.03246	1.02758	1.02692	1.02785	1.06031	1.05834	1.05684	1.05905	1.05892	1.05824	1.1061	1.16365	1.1135	1.08978	1.09083	1.08774	1.08844	1.06526	1.06278	1.09259	1.08945	1.09016	1.0621	1.0612	1.05861	1.08741	1.08572	1.08752	1.03603	1.01858	1.0182	1.02967	1.02928	1.03054	1.07796	1.06858	1.06576	1.0982	1.0966	1.09429
ERR605435-k20-n1-x5e9	0.872322	0.873356	0.879935	0.896457	0.864262	0.86484	0.98715	0.949817	0.942366	0.907334	0.905913	0.907369	0.899605	0.820058	1.03429	0.794946	0.843718	0.844306	1.01731	0.909241	1.12453	0.905671	0.922452	0.92281	0.977137	0.876523	1.09969	0.890188	0.911387	0.906221	0.928486	0.873506	0.874066	0.868791	0.871626	0.873068	0.896003	0.896957	0.985867	0.854976	0.864645	0.862639	0	0.82229	0.738104	0.739522	0.738261	0.739974	1.0357	1.03461	1.03324	1.05919	1.0587	1.05689	1.00128	1.00999	1.0174	1.0112	1.00964	1.01135	1.04876	1.04324	1.04226	1.04697	1.04624	1.0444	1.07782	1.14856	1.08864	1.06251	1.06153	1.06155	1.07801	1.0432	1.03967	1.07365	1.07043	1.07097	1.04496	1.04327	1.04117	1.07074	1.06921	1.07006	1.03251	1.00131	1.00096	1.01806	1.01795	1.01887	1.06753	1.05591	1.05492	1.08877	1.08411	1.08081
ERR605436-k20-n1-x5e9	0.972939	0.974174	0.97724	0.987921	0.965039	0.965789	1.05753	1.02723	1.02399	0.999076	0.99883	0.99986	0.965244	0.903666	1.0789	0.883378	0.913651	0.913976	1.08541	1.00374	1.16845	0.995509	1.01465	1.01393	1.05179	0.974006	1.14851	0.988395	1.00499	1.00124	1.00913	0.9715	0.970117	0.97014	0.97234	0.972571	0.933314	0.934741	1.00362	0.92182	0.920919	0.923821	0.82229	0	0.82457	0.820535	0.825173	0.820843	1.1024	1.10258	1.09967	1.12808	1.12784	1.12686	1.05535	1.05901	1.06233	1.05847	1.05967	1.05848	1.11193	1.10864	1.10855	1.1108	1.11062	1.10775	1.14107	1.19127	1.14787	1.12789	1.12847	1.12744	1.10148	1.08315	1.07998	1.10774	1.10417	1.10576	1.10934	1.10938	1.10755	1.13618	1.13578	1.13635	1.06277	1.0447	1.04538	1.05537	1.0549	1.05493	1.12558	1.11542	1.11386	1.14257	1.14104	1.13824
ERR605437-k20-n1-x5e9	0.878922	0.87933	0.885448	0.902604	0.872744	0.870345	0.991937	0.954615	0.94664	0.913007	0.912749	0.91357	0.901293	0.825204	1.03436	0.797439	0.849479	0.848214	1.02079	0.912301	1.12674	0.903818	0.929658	0.928808	0.982702	0.879578	1.10222	0.896124	0.918462	0.916167	0.928109	0.874584	0.874258	0.872189	0.874052	0.872671	0.893698	0.89526	0.980463	0.860714	0.856373	0.858806	0.738104	0.82457	0	0.730158	0.729587	0.73083	1.03924	1.04022	1.03857	1.06311	1.06155	1.06017	1.00479	1.01098	1.01871	1.012	1.01185	1.0116	1.04984	1.04794	1.04733	1.04966	1.04899	1.04697	1.08243	1.1506	1.09128	1.06673	1.06835	1.06553	1.07669	1.04432	1.04093	1.07344	1.06926	1.0713	1.04983	1.04708	1.04529	1.07409	1.07201	1.07371	1.0301	1.00244	1.00453	1.01701	1.01695	1.01858	1.06888	1.05976	1.0576	1.08959	1.08633	1.08428
ERR605438-k20-n1-x5e9	0.87822	0.879028	0.885991	0.90376	0.872534	0.872724	0.991579	0.952053	0.942452	0.911599	0.911535	0.911248	0.902727	0.825231	1.03772	0.800112	0.857882	0.855307	1.01796	0.911108	1.12629	0.903351	0.933539	0.932158	0.980546	0.876598	1.10227	0.895669	0.918816	0.916794	0.93304	0.875754	0.874231	0.87245	0.874154	0.876103	0.894058	0.895109	0.982062	0.865373	0.858783	0.858443	0.739522	0.820535	0.730158	0	0.7234	0.723379	1.04006	1.03957	1.03777	1.06144	1.06032	1.05868	1.00635	1.0124	1.01883	1.01276	1.01148	1.01298	1.052	1.04938	1.04906	1.04901	1.05041	1.04725	1.07664	1.14956	1.08696	1.06262	1.06323	1.06138	1.07799	1.04075	1.03789	1.07124	1.06668	1.06877	1.05158	1.04776	1.04539	1.07315	1.0716	1.07394	1.0316	0.999893	1.00265	1.01588	1.01608	1.01766	1.07003	1.05925	1.05865	1.08904	1.08559	1.08462
