	ERR608075-k20-n1-x5e9	ERR608076-k20-n1-x5e9	ERR608077-k20-n1-x5e9	ERR608078-k20-n1-x5e9	ERR608079-k20-n1-x5e9	ERR608080-k20-n1-x5e9	ERR610025-k20-n1-x5e9	ERR610026-k20-n1-x5e9	ERR610027-k20-n1-x5e9	ERR610028-k20-n1-x5e9	ERR610029-k20-n1-x5e9	ERR610030-k20-n1-x5e9	ERR607158-k20-n1-x5e9	ERR607159-k20-n1-x5e9	ERR607160-k20-n1-x5e9	ERR607161-k20-n1-x5e9	ERR607162-k20-n1-x5e9	ERR607163-k20-n1-x5e9	ERR607164-k20-n1-x5e9	ERR607165-k20-n1-x5e9	ERR607166-k20-n1-x5e9	ERR607167-k20-n1-x5e9	ERR607168-k20-n1-x5e9	ERR607169-k20-n1-x5e9	ERR607579-k20-n1-x5e9	ERR607580-k20-n1-x5e9	ERR607581-k20-n1-x5e9	ERR607582-k20-n1-x5e9	ERR607583-k20-n1-x5e9	ERR607584-k20-n1-x5e9	ERR607875-k20-n1-x5e9	ERR607876-k20-n1-x5e9	ERR607877-k20-n1-x5e9	ERR607878-k20-n1-x5e9	ERR607879-k20-n1-x5e9	ERR607880-k20-n1-x5e9	ERR607343-k20-n1-x5e9	ERR607344-k20-n1-x5e9	ERR607345-k20-n1-x5e9	ERR607346-k20-n1-x5e9	ERR607347-k20-n1-x5e9	ERR607348-k20-n1-x5e9	ERR607391-k20-n1-x5e9	ERR607392-k20-n1-x5e9	ERR607393-k20-n1-x5e9	ERR607394-k20-n1-x5e9	ERR607395-k20-n1-x5e9	ERR607396-k20-n1-x5e9	ERR607499-k20-n1-x5e9	ERR607500-k20-n1-x5e9	ERR607501-k20-n1-x5e9	ERR607502-k20-n1-x5e9	ERR607503-k20-n1-x5e9	ERR607504-k20-n1-x5e9	ERR607669-k20-n1-x5e9	ERR607670-k20-n1-x5e9	ERR607671-k20-n1-x5e9	ERR607672-k20-n1-x5e9	ERR607673-k20-n1-x5e9	ERR607674-k20-n1-x5e9	ERR608799-k20-n1-x5e9	ERR608800-k20-n1-x5e9	ERR608801-k20-n1-x5e9	ERR608802-k20-n1-x5e9	ERR608803-k20-n1-x5e9	ERR608804-k20-n1-x5e9	ERR607983-k20-n1-x5e9	ERR607984-k20-n1-x5e9	ERR607985-k20-n1-x5e9	ERR607986-k20-n1-x5e9	ERR607987-k20-n1-x5e9	ERR607988-k20-n1-x5e9	ERR605617-k20-n1-x5e9	ERR605618-k20-n1-x5e9	ERR605619-k20-n1-x5e9	ERR605620-k20-n1-x5e9	ERR605621-k20-n1-x5e9	ERR605622-k20-n1-x5e9	ERR607379-k20-n1-x5e9	ERR607380-k20-n1-x5e9	ERR607381-k20-n1-x5e9	ERR607382-k20-n1-x5e9	ERR607383-k20-n1-x5e9	ERR607384-k20-n1-x5e9	ERR605994-k20-n1-x5e9	ERR605995-k20-n1-x5e9	ERR605996-k20-n1-x5e9	ERR605997-k20-n1-x5e9	ERR605998-k20-n1-x5e9	ERR605999-k20-n1-x5e9	ERR607603-k20-n1-x5e9	ERR607604-k20-n1-x5e9	ERR607605-k20-n1-x5e9	ERR607606-k20-n1-x5e9	ERR607607-k20-n1-x5e9	ERR607608-k20-n1-x5e9
ERR608075-k20-n1-x5e9	0	0.696043	0.68307	0.666244	0.665571	0.669971	0.942352	0.875871	1.05197	0.863903	0.904634	0.901062	0.875042	0.824904	0.909312	0.849244	0.848772	0.942748	0.934419	0.871621	0.953062	0.884098	0.886753	0.995733	0.906638	0.902587	0.908238	0.866408	0.864423	0.865507	0.885496	0.881152	0.884458	0.860138	0.861166	0.857223	0.82873	0.830752	0.830317	0.783793	0.782979	0.780896	0.89086	0.843386	0.846217	0.843222	0.844779	0.843818	1.10566	1.07505	1.23195	1.08988	1.08593	1.08821	1.05466	1.05287	1.05292	1.05531	1.0545	1.05312	1.03196	1.02707	1.02609	1.04468	1.0445	1.04367	1.09579	1.08882	1.08867	1.13097	1.12914	1.13178	1.05984	1.05963	1.06404	1.06575	1.07022	1.07011	1.05979	1.04916	1.04697	1.06752	1.06653	1.06547	1.14077	1.08045	1.07922	1.11992	1.11983	1.12147	0.853623	0.859263	0.860963	0.855986	0.864766	0.864586
ERR608076-k20-n1-x5e9	0.696043	0	0.646394	0.643748	0.643126	0.644505	0.933472	0.863577	1.05172	0.855253	0.895836	0.89423	0.877828	0.807108	0.894141	0.832676	0.838718	0.934206	0.92816	0.847405	0.944776	0.8786	0.879939	0.988389	0.892844	0.887513	0.893048	0.856075	0.85776	0.858241	0.873146	0.866132	0.870741	0.848042	0.849165	0.84701	0.827469	0.816391	0.829122	0.762494	0.760401	0.763786	0.884654	0.83531	0.829228	0.832168	0.832402	0.832464	1.0964	1.0644	1.2254	1.08017	1.07782	1.07916	1.04571	1.03768	1.04085	1.04369	1.04248	1.04055	1.01527	1.00764	1.00853	1.0299	1.02858	1.02713	1.08719	1.07746	1.079	1.12099	1.11963	1.12045	1.04328	1.04863	1.05285	1.05325	1.06097	1.06194	1.04173	1.03161	1.03033	1.05415	1.05132	1.05053	1.13085	1.06732	1.06513	1.10111	1.10347	1.10435	0.838087	0.855355	0.857743	0.856577	0.860971	0.861472
ERR608077-k20-n1-x5e9	0.68307	0.646394	0	0.630535	0.629572	0.631618	0.930302	0.857069	1.04878	0.854183	0.891333	0.888191	0.876744	0.799866	0.888184	0.826083	0.829244	0.928924	0.925147	0.83939	0.93821	0.872215	0.878441	0.98306	0.889424	0.882194	0.886888	0.845417	0.844672	0.845235	0.869978	0.86522	0.866974	0.853353	0.853533	0.84963	0.812365	0.806424	0.811042	0.765791	0.764311	0.759474	0.882333	0.824543	0.821748	0.823666	0.822625	0.824998	1.09366	1.05965	1.22266	1.07583	1.07198	1.07326	1.0378	1.03021	1.03307	1.03654	1.03832	1.03446	1.00681	0.998284	0.998591	1.02068	1.02053	1.01834	1.08204	1.07159	1.07287	1.11639	1.11467	1.11722	1.03573	1.04151	1.04602	1.04679	1.05769	1.05623	1.03375	1.02188	1.02098	1.04734	1.04491	1.043	1.12565	1.05949	1.05817	1.09701	1.09898	1.09907	0.831595	0.845066	0.847263	0.844493	0.855463	0.855628
ERR608078-k20-n1-x5e9	0.666244	0.643748	0.630535	0	0.598364	0.602458	0.919014	0.84286	1.03631	0.82563	0.869937	0.867619	0.850188	0.790352	0.878921	0.803803	0.808769	0.913348	0.910492	0.822348	0.921977	0.854944	0.8581	0.972428	0.876013	0.867821	0.877272	0.827975	0.829129	0.829344	0.862668	0.856768	0.862807	0.828915	0.830822	0.829002	0.794272	0.788537	0.793917	0.731765	0.732891	0.732044	0.867362	0.808963	0.801907	0.80813	0.806482	0.805112	1.07942	1.04387	1.2161	1.06324	1.05753	1.06062	1.02092	1.01735	1.0175	1.01981	1.01926	1.01826	0.994539	0.988973	0.988754	1.01104	1.00983	1.00966	1.06913	1.05847	1.05881	1.10924	1.1078	1.10991	1.02408	1.02799	1.03313	1.03431	1.04128	1.04277	1.02077	1.01347	1.01183	1.03395	1.03228	1.03076	1.11744	1.05658	1.05466	1.0931	1.09465	1.09669	0.806942	0.824957	0.828393	0.82393	0.830882	0.833952
ERR608079-k20-n1-x5e9	0.665571	0.643126	0.629572	0.598364	0	0.60154	0.919008	0.842146	1.03633	0.826158	0.869013	0.867001	0.849459	0.789969	0.878557	0.803193	0.808449	0.913509	0.909962	0.822213	0.921926	0.854497	0.85718	0.972498	0.876051	0.869636	0.876502	0.828457	0.828746	0.829624	0.864039	0.857214	0.862349	0.829998	0.83161	0.82885	0.794939	0.788064	0.793278	0.732083	0.732809	0.731621	0.86868	0.808965	0.801812	0.808077	0.80603	0.808698	1.07951	1.04315	1.21592	1.06298	1.05757	1.05997	1.02114	1.01688	1.01709	1.01963	1.01862	1.01831	0.994259	0.989422	0.989435	1.01055	1.01108	1.0095	1.0687	1.05801	1.05838	1.10902	1.10775	1.10962	1.02365	1.02769	1.03256	1.03442	1.04102	1.04217	1.02032	1.01346	1.01139	1.03355	1.03212	1.03087	1.11731	1.05628	1.05477	1.09377	1.09493	1.09616	0.807126	0.825067	0.828304	0.824053	0.832004	0.834021
ERR608080-k20-n1-x5e9	0.669971	0.644505	0.631618	0.602458	0.60154	0	0.920936	0.845465	1.03702	0.828595	0.87153	0.869167	0.852874	0.79403	0.880887	0.807981	0.811862	0.915443	0.910722	0.82265	0.92436	0.854948	0.860156	0.97341	0.879433	0.871931	0.878792	0.831573	0.832312	0.832612	0.865472	0.858582	0.865379	0.833135	0.834555	0.832029	0.797549	0.792133	0.794145	0.737286	0.734127	0.736643	0.869246	0.80976	0.806205	0.808861	0.807704	0.809208	1.08115	1.04483	1.21651	1.06378	1.0593	1.06115	1.02249	1.01732	1.01875	1.01988	1.02092	1.01781	0.995714	0.989547	0.990102	1.01195	1.01164	1.0113	1.07049	1.05822	1.05967	1.1113	1.1083	1.1104	1.02604	1.02933	1.03449	1.03636	1.04371	1.04341	1.02232	1.01326	1.01268	1.03558	1.03377	1.03234	1.11763	1.05605	1.0544	1.09459	1.0964	1.09631	0.811414	0.828255	0.828566	0.826462	0.833577	0.835892
ERR610025-k20-n1-x5e9	0.942352	0.933472	0.930302	0.919014	0.919008	0.920936	0	0.766916	0.986459	0.768609	0.791308	0.790498	0.911729	0.870016	0.946101	0.89172	0.891631	0.976041	0.990299	0.935954	1.00989	0.955352	0.959427	1.04264	0.993813	0.988833	0.995813	0.962106	0.96019	0.959741	0.964656	0.962264	0.966401	0.946068	0.947248	0.946187	0.96474	0.964759	0.965699	0.93182	0.928732	0.930455	0.979691	0.947334	0.946006	0.946838	0.945808	0.945731	1.07294	1.05138	1.20774	1.06253	1.05931	1.06125	1.03939	1.03816	1.03782	1.03992	1.03952	1.03928	1.02863	1.02481	1.02172	1.04233	1.04277	1.04033	1.08233	1.07667	1.07711	1.1222	1.12026	1.12279	1.03473	1.03478	1.03749	1.03952	1.03885	1.0403	1.05148	1.04515	1.04146	1.06107	1.06212	1.0608	1.12714	1.08687	1.08576	1.11692	1.11676	1.11775	0.942788	0.951872	0.953452	0.951626	0.956473	0.96006
ERR610026-k20-n1-x5e9	0.875871	0.863577	0.857069	0.84286	0.842146	0.845465	0.766916	0	0.928936	0.667643	0.695551	0.692473	0.847214	0.787879	0.879846	0.813771	0.817463	0.919949	0.925959	0.863129	0.954868	0.893065	0.898359	0.996383	0.932191	0.928504	0.934544	0.89776	0.898581	0.897874	0.900796	0.899708	0.90022	0.887131	0.888711	0.887564	0.903134	0.902332	0.905024	0.861921	0.856894	0.857856	0.921203	0.881921	0.880544	0.881032	0.880199	0.879141	1.02063	0.992972	1.17731	1.01163	1.00779	1.00828	0.979512	0.975093	0.973346	0.978603	0.979035	0.978123	0.963411	0.959272	0.957678	0.987791	0.986603	0.985903	1.03207	1.02492	1.0239	1.07517	1.0727	1.07513	0.971937	0.975563	0.979666	0.984166	0.983138	0.983176	0.991896	0.983404	0.978488	1.00837	1.00629	1.00526	1.08762	1.03558	1.03339	1.07183	1.07262	1.07398	0.873064	0.886287	0.890843	0.887043	0.895442	0.899009
ERR610027-k20-n1-x5e9	1.05197	1.05172	1.04878	1.03631	1.03633	1.03702	0.986459	0.928936	0	0.924496	0.946255	0.943201	1.02624	1.00284	1.05358	1.01394	1.0145	1.07261	1.08475	1.04926	1.10135	1.06328	1.06512	1.12626	1.09124	1.08851	1.09298	1.06852	1.06974	1.06944	1.07117	1.06934	1.07216	1.06003	1.06094	1.05871	1.07118	1.06953	1.07197	1.04758	1.04636	1.04717	1.07722	1.05429	1.05495	1.05448	1.05336	1.05378	1.15146	1.13334	1.25192	1.1457	1.14268	1.14394	1.12714	1.1259	1.12537	1.12629	1.12721	1.12625	1.11936	1.11767	1.11619	1.13349	1.13308	1.13249	1.15891	1.15494	1.15397	1.18837	1.18702	1.18801	1.12397	1.12354	1.12616	1.12846	1.12576	1.12655	1.13546	1.13304	1.12983	1.14443	1.1434	1.14357	1.18824	1.15948	1.1585	1.18298	1.18356	1.18365	1.05196	1.05661	1.05989	1.0587	1.06375	1.06486
ERR610028-k20-n1-x5e9	0.863903	0.855253	0.854183	0.82563	0.826158	0.828595	0.768609	0.667643	0.924496	0	0.681665	0.679944	0.83231	0.782819	0.873787	0.803172	0.805045	0.911034	0.91895	0.849797	0.94425	0.87928	0.884323	0.990757	0.931246	0.923889	0.934313	0.888045	0.885599	0.884966	0.896085	0.8968	0.897653	0.872929	0.874874	0.872085	0.892036	0.890596	0.891578	0.844145	0.844918	0.844131	0.918186	0.868793	0.868885	0.870515	0.868492	0.869759	1.01391	0.984456	1.17344	1.00223	0.998771	1.0018	0.969472	0.965859	0.965878	0.968451	0.968483	0.967582	0.955589	0.952072	0.950647	0.980776	0.980498	0.979714	1.0276	1.01792	1.01705	1.07242	1.07016	1.07219	0.963955	0.965896	0.972564	0.976918	0.975113	0.975883	0.982277	0.975917	0.972542	1.00063	0.998969	0.998487	1.07987	1.02917	1.02824	1.06816	1.07024	1.07006	0.861253	0.874751	0.878337	0.876223	0.884152	0.886993
ERR610029-k20-n1-x5e9	0.904634	0.895836	0.891333	0.869937	0.869013	0.87153	0.791308	0.695551	0.946255	0.681665	0	0.695454	0.850641	0.815125	0.902189	0.840195	0.845478	0.938571	0.935619	0.890009	0.973472	0.911244	0.91369	1.01249	0.954188	0.950866	0.958635	0.927802	0.928811	0.928318	0.925405	0.923695	0.928374	0.909786	0.911616	0.908593	0.931735	0.929691	0.929199	0.881122	0.880284	0.879953	0.934801	0.907137	0.906746	0.907084	0.906457	0.905465	1.02387	1.00594	1.18175	1.01915	1.01741	1.01853	0.995161	0.992541	0.989204	0.992596	0.993557	0.993471	0.984493	0.983677	0.981197	1.01011	1.01009	1.00938	1.04565	1.03911	1.03717	1.08702	1.08493	1.08671	0.992629	0.99343	0.998928	1.00319	0.994567	0.996227	1.00773	1.00585	0.996602	1.02469	1.02626	1.02595	1.09982	1.05897	1.06001	1.09079	1.09108	1.09273	0.895344	0.909843	0.916271	0.915416	0.914254	0.916782
ERR610030-k20-n1-x5e9	0.901062	0.89423	0.888191	0.867619	0.867001	0.869167	0.790498	0.692473	0.943201	0.679944	0.695454	0	0.848075	0.811925	0.898645	0.839686	0.84217	0.935536	0.932105	0.885281	0.970692	0.907931	0.911429	1.01015	0.951931	0.946551	0.955752	0.924775	0.926186	0.925714	0.92107	0.922693	0.923211	0.908314	0.909954	0.908702	0.928255	0.925468	0.929773	0.879152	0.876747	0.875692	0.929724	0.905127	0.905203	0.904531	0.904181	0.902986	1.02197	1.00285	1.18066	1.01774	1.01531	1.01699	0.992075	0.990806	0.986734	0.991976	0.993637	0.990387	0.981881	0.982733	0.977624	1.00882	1.00835	1.0086	1.04343	1.03774	1.03535	1.08631	1.08392	1.08469	0.990608	0.991724	0.995945	1.00187	0.991141	0.993178	1.00653	1.00207	0.994425	1.02372	1.02362	1.02265	1.09846	1.05804	1.05652	1.08845	1.08991	1.08978	0.894609	0.906576	0.911878	0.91117	0.912718	0.913159
ERR607158-k20-n1-x5e9	0.875042	0.877828	0.876744	0.850188	0.849459	0.852874	0.911729	0.847214	1.02624	0.83231	0.850641	0.848075	0	0.76016	0.841509	0.76583	0.76889	0.882625	0.857447	0.804941	0.900019	0.829984	0.83344	0.943528	0.932443	0.925511	0.935719	0.900399	0.902721	0.90235	0.925876	0.921844	0.927704	0.906075	0.90724	0.905271	0.895909	0.895861	0.898316	0.855828	0.853947	0.855115	0.915382	0.88079	0.880648	0.881378	0.880393	0.881413	1.05605	1.04041	1.19446	1.05212	1.04928	1.05097	1.04098	1.0394	1.03677	1.04055	1.03982	1.03964	1.02857	1.02618	1.02417	1.04901	1.04876	1.04787	1.08998	1.08272	1.08149	1.12365	1.12182	1.12366	1.02494	1.02405	1.02805	1.03337	1.02745	1.02809	1.05922	1.05375	1.04935	1.07404	1.07272	1.07256	1.11133	1.07614	1.07575	1.10913	1.11052	1.11143	0.880075	0.894362	0.895206	0.896301	0.901166	0.905293
ERR607159-k20-n1-x5e9	0.824904	0.807108	0.799866	0.790352	0.789969	0.79403	0.870016	0.787879	1.00284	0.782819	0.815125	0.811925	0.76016	0	0.784686	0.708319	0.713032	0.837048	0.824733	0.747807	0.856104	0.786648	0.793155	0.911318	0.884713	0.879925	0.88672	0.849401	0.848587	0.848579	0.875993	0.873553	0.874711	0.856874	0.857842	0.856202	0.845674	0.84356	0.847513	0.794125	0.792519	0.792068	0.884275	0.837111	0.836052	0.835825	0.835503	0.836332	1.0378	1.01074	1.1822	1.02717	1.02215	1.02494	1.0068	1.00249	1.00192	1.00518	1.0042	1.00366	0.987205	0.98161	0.979046	1.00824	1.00738	1.00668	1.05865	1.05078	1.04983	1.09787	1.09484	1.09768	0.986102	0.98673	0.991964	0.993357	0.996421	0.997092	1.02393	1.01296	1.01013	1.03608	1.03555	1.03512	1.09008	1.03386	1.03273	1.07168	1.07402	1.07453	0.838938	0.85291	0.855057	0.852526	0.865569	0.867628
ERR607160-k20-n1-x5e9	0.909312	0.894141	0.888184	0.878921	0.878557	0.880887	0.946101	0.879846	1.05358	0.873787	0.902189	0.898645	0.841509	0.784686	0	0.81183	0.817773	0.909511	0.907663	0.846143	0.929261	0.868062	0.870491	0.972473	0.961678	0.956738	0.963754	0.927478	0.927891	0.927999	0.953599	0.948358	0.953675	0.932539	0.933345	0.930387	0.92492	0.921214	0.92686	0.885056	0.885348	0.885212	0.955806	0.917195	0.916011	0.916869	0.915381	0.916095	1.09486	1.07064	1.21552	1.08175	1.0784	1.08048	1.06884	1.06504	1.066	1.06722	1.06678	1.06645	1.05306	1.05067	1.04973	1.06483	1.06501	1.06306	1.10953	1.10357	1.10415	1.14697	1.14629	1.14724	1.04967	1.0498	1.05353	1.05417	1.0555	1.05662	1.08161	1.07726	1.07457	1.09087	1.0903	1.09063	1.13479	1.09183	1.09078	1.11977	1.12241	1.12269	0.919925	0.928722	0.930427	0.930409	0.934769	0.937352
ERR607161-k20-n1-x5e9	0.849244	0.832676	0.826083	0.803803	0.803193	0.807981	0.89172	0.813771	1.01394	0.803172	0.840195	0.839686	0.76583	0.708319	0.81183	0	0.741638	0.854914	0.847123	0.78514	0.876194	0.791566	0.794381	0.924885	0.909654	0.899993	0.908048	0.866694	0.867559	0.866884	0.89719	0.894769	0.896864	0.872323	0.873118	0.869602	0.861518	0.85997	0.85985	0.816011	0.813364	0.814536	0.902944	0.858719	0.865086	0.858151	0.855669	0.857489	1.05377	1.0298	1.19172	1.04172	1.03921	1.04158	1.02602	1.02474	1.02282	1.0266	1.02599	1.02607	1.00923	1.0054	1.00384	1.02538	1.02461	1.02349	1.07501	1.06744	1.06751	1.11209	1.11104	1.11209	1.00739	1.00511	1.01046	1.01167	1.01319	1.01284	1.04423	1.03555	1.03313	1.05409	1.05339	1.05146	1.1045	1.04733	1.04788	1.08945	1.09159	1.09156	0.871357	0.869912	0.868992	0.869115	0.875232	0.875411
ERR607162-k20-n1-x5e9	0.848772	0.838718	0.829244	0.808769	0.808449	0.811862	0.891631	0.817463	1.0145	0.805045	0.845478	0.84217	0.76889	0.713032	0.817773	0.741638	0	0.856868	0.851322	0.791273	0.877799	0.797039	0.800439	0.929045	0.908312	0.904877	0.910446	0.869966	0.868913	0.868672	0.899457	0.896408	0.897957	0.876708	0.877548	0.872688	0.862418	0.865147	0.864871	0.820022	0.819752	0.817527	0.904964	0.859408	0.862638	0.859674	0.860386	0.860353	1.0583	1.03147	1.19411	1.04494	1.04113	1.04312	1.02716	1.02654	1.02625	1.02764	1.02722	1.02558	1.01243	1.0086	1.00686	1.02737	1.02781	1.0263	1.07555	1.06893	1.06831	1.11318	1.11124	1.1138	1.01111	1.00719	1.01182	1.01347	1.01587	1.0163	1.04712	1.03799	1.03426	1.05494	1.05435	1.05343	1.10725	1.05022	1.04931	1.09229	1.09307	1.09452	0.866048	0.872073	0.873577	0.868756	0.8774	0.878326
ERR607163-k20-n1-x5e9	0.942748	0.934206	0.928924	0.913348	0.913509	0.915443	0.976041	0.919949	1.07261	0.911034	0.938571	0.935536	0.882625	0.837048	0.909511	0.854914	0.856868	0	0.940927	0.891316	0.960957	0.905934	0.908846	1.00347	0.992972	0.991775	0.993554	0.964151	0.964816	0.965121	0.982195	0.980288	0.98127	0.968311	0.968754	0.967493	0.960417	0.957622	0.960963	0.924642	0.922644	0.924084	0.985131	0.952914	0.95099	0.950565	0.950995	0.949947	1.12011	1.09756	1.22844	1.11011	1.10744	1.10949	1.0917	1.08811	1.08728	1.09088	1.09074	1.08811	1.07555	1.07427	1.0718	1.0954	1.0948	1.09485	1.13309	1.12612	1.12651	1.16557	1.16354	1.16507	1.07279	1.07589	1.08028	1.08258	1.08292	1.08402	1.10354	1.0999	1.09702	1.11729	1.11619	1.11535	1.15129	1.11011	1.10978	1.14026	1.14212	1.14239	0.955594	0.963946	0.96653	0.96406	0.969513	0.970413
ERR607164-k20-n1-x5e9	0.934419	0.92816	0.925147	0.910492	0.909962	0.910722	0.990299	0.925959	1.08475	0.91895	0.935619	0.932105	0.857447	0.824733	0.907663	0.847123	0.851322	0.940927	0	0.782337	0.866274	0.801623	0.804357	0.919378	0.967004	0.962962	0.970204	0.938154	0.937531	0.937897	0.970705	0.966343	0.974096	0.953897	0.954601	0.95283	0.939898	0.939929	0.944263	0.904105	0.903873	0.901759	0.970273	0.940069	0.940228	0.93938	0.93991	0.939474	1.08761	1.07432	1.19603	1.08137	1.0785	1.08007	1.1074	1.10542	1.10365	1.10698	1.10778	1.10618	1.09653	1.09573	1.09357	1.11188	1.11158	1.11109	1.14629	1.13964	1.14071	1.18085	1.17985	1.18055	1.06189	1.05916	1.06091	1.06217	1.0603	1.05919	1.11484	1.11149	1.10648	1.12493	1.12598	1.12504	1.13852	1.10892	1.10916	1.13559	1.13998	1.14126	0.930476	0.938262	0.941608	0.940608	0.944689	0.948029
ERR607165-k20-n1-x5e9	0.871621	0.847405	0.83939	0.822348	0.822213	0.82265	0.935954	0.863129	1.04926	0.849797	0.890009	0.885281	0.804941	0.747807	0.846143	0.78514	0.791273	0.891316	0.782337	0	0.825186	0.728854	0.727837	0.876941	0.905346	0.897821	0.906909	0.866437	0.86912	0.868763	0.90742	0.903083	0.909759	0.880558	0.881553	0.87852	0.870296	0.869094	0.869245	0.82455	0.822055	0.823857	0.918418	0.876552	0.878715	0.876949	0.876197	0.877989	1.06821	1.04686	1.19141	1.05747	1.05429	1.05658	1.06633	1.06022	1.06134	1.06512	1.06434	1.06303	1.04843	1.04294	1.04202	1.06224	1.06214	1.06096	1.10923	1.10166	1.10199	1.14446	1.14354	1.14346	1.02434	1.02365	1.02678	1.02652	1.031	1.03079	1.06996	1.06243	1.06117	1.08233	1.08019	1.07929	1.11794	1.06526	1.06544	1.1047	1.1085	1.10949	0.874579	0.875387	0.87694	0.874925	0.880903	0.883728
ERR607166-k20-n1-x5e9	0.953062	0.944776	0.93821	0.921977	0.921926	0.92436	1.00989	0.954868	1.10135	0.94425	0.973472	0.970692	0.900019	0.856104	0.929261	0.876194	0.877799	0.960957	0.866274	0.825186	0	0.833737	0.837549	0.949013	0.988532	0.985695	0.988063	0.959448	0.958975	0.959451	0.987816	0.985662	0.987004	0.971713	0.972619	0.970015	0.959091	0.958043	0.961755	0.924817	0.922634	0.923843	0.999001	0.962202	0.960066	0.961941	0.960434	0.962753	1.12265	1.10263	1.21843	1.11361	1.11067	1.11234	1.1223	1.11746	1.11767	1.12186	1.12164	1.11948	1.10685	1.10371	1.1034	1.12397	1.12425	1.12367	1.1606	1.15426	1.15439	1.18993	1.1892	1.19032	1.07956	1.08164	1.08528	1.08642	1.09047	1.08992	1.12624	1.12083	1.11874	1.13808	1.13644	1.13612	1.15709	1.11846	1.11726	1.14953	1.15271	1.15266	0.957202	0.966637	0.967286	0.965189	0.970123	0.97272
ERR607167-k20-n1-x5e9	0.884098	0.8786	0.872215	0.854944	0.854497	0.854948	0.955352	0.893065	1.06328	0.87928	0.911244	0.907931	0.829984	0.786648	0.868062	0.791566	0.797039	0.905934	0.801623	0.728854	0.833737	0	0.757544	0.886418	0.92985	0.923205	0.930623	0.895777	0.896528	0.896849	0.932462	0.926018	0.93095	0.909516	0.910146	0.909286	0.897549	0.893165	0.893814	0.8567	0.855307	0.856335	0.940895	0.896599	0.895022	0.894482	0.895837	0.895324	1.07603	1.0603	1.19313	1.06781	1.06479	1.06717	1.08246	1.07826	1.07918	1.08253	1.08181	1.08023	1.06726	1.06179	1.06131	1.08148	1.08062	1.08105	1.12684	1.11865	1.1186	1.15579	1.15465	1.1559	1.03582	1.03512	1.03781	1.03966	1.04319	1.04262	1.08837	1.08236	1.07974	1.09998	1.09925	1.09763	1.12341	1.07966	1.07767	1.11396	1.11778	1.11896	0.888803	0.903566	0.907395	0.905147	0.908929	0.91084
ERR607168-k20-n1-x5e9	0.886753	0.879939	0.878441	0.8581	0.85718	0.860156	0.959427	0.898359	1.06512	0.884323	0.91369	0.911429	0.83344	0.793155	0.870491	0.794381	0.800439	0.908846	0.804357	0.727837	0.837549	0.757544	0	0.886873	0.932601	0.924903	0.931626	0.899286	0.897781	0.896777	0.93569	0.930063	0.934252	0.912807	0.91153	0.9122	0.897823	0.897049	0.897782	0.857998	0.858008	0.857485	0.943766	0.900584	0.89654	0.898385	0.898055	0.898549	1.07868	1.06334	1.196	1.0718	1.06875	1.07067	1.08435	1.08174	1.08167	1.08393	1.08336	1.08166	1.06989	1.0647	1.0637	1.08404	1.08276	1.08178	1.12836	1.121	1.12138	1.15751	1.15629	1.15776	1.04014	1.03973	1.04259	1.04418	1.04812	1.04878	1.09069	1.08388	1.08047	1.10215	1.10065	1.09972	1.12549	1.08314	1.08058	1.11672	1.12062	1.12181	0.891014	0.906314	0.907035	0.902586	0.910282	0.913928
ERR607169-k20-n1-x5e9	0.995733	0.988389	0.98306	0.972428	0.972498	0.97341	1.04264	0.996383	1.12626	0.990757	1.01249	1.01015	0.943528	0.911318	0.972473	0.924885	0.929045	1.00347	0.919378	0.876941	0.949013	0.886418	0.886873	0	1.02162	1.01677	1.0218	1.00074	1.00136	1.00142	1.02257	1.0195	1.02237	1.00922	1.00941	1.00899	1.00084	1.00194	1.00071	0.971974	0.971087	0.971248	1.03045	1.00522	1.00356	1.00512	1.00502	1.00547	1.14523	1.13409	1.2336	1.13938	1.13745	1.13898	1.15231	1.14919	1.14973	1.15179	1.15165	1.15044	1.14029	1.13573	1.13385	1.15104	1.15121	1.14973	1.18602	1.18043	1.18042	1.20899	1.20757	1.20879	1.11449	1.11532	1.11722	1.11812	1.12018	1.12007	1.15585	1.14953	1.14754	1.16609	1.16482	1.16384	1.17871	1.14562	1.14386	1.17138	1.17539	1.17512	0.999248	1.00657	1.00692	1.00488	1.01012	1.01147
ERR607579-k20-n1-x5e9	0.906638	0.892844	0.889424	0.876013	0.876051	0.879433	0.993813	0.932191	1.09124	0.931246	0.954188	0.951931	0.932443	0.884713	0.961678	0.909654	0.908312	0.992972	0.967004	0.905346	0.988532	0.92985	0.932601	1.02162	0	0.839342	0.847189	0.808108	0.810774	0.810079	0.949684	0.946561	0.950963	0.931779	0.932545	0.931145	0.896256	0.897667	0.898303	0.869578	0.863643	0.863811	0.937194	0.895092	0.897045	0.893968	0.894108	0.894167	1.13045	1.10622	1.24783	1.11783	1.11469	1.1167	1.08854	1.08458	1.08412	1.08949	1.08906	1.0871	1.07355	1.06928	1.06911	1.08516	1.08627	1.08457	1.12674	1.11983	1.12024	1.1606	1.15831	1.15946	1.09562	1.09661	1.10081	1.10249	1.10433	1.10436	1.09362	1.08542	1.08304	1.10363	1.1016	1.10218	1.17099	1.12837	1.12714	1.15653	1.15601	1.15717	0.883857	0.88733	0.889104	0.886387	0.89321	0.897017
ERR607580-k20-n1-x5e9	0.902587	0.887513	0.882194	0.867821	0.869636	0.871931	0.988833	0.928504	1.08851	0.923889	0.950866	0.946551	0.925511	0.879925	0.956738	0.899993	0.904877	0.991775	0.962962	0.897821	0.985695	0.923205	0.924903	1.01677	0.839342	0	0.839778	0.802463	0.802145	0.801184	0.945123	0.940553	0.945732	0.923786	0.924286	0.923189	0.89009	0.888509	0.892172	0.859299	0.858385	0.860578	0.930949	0.888962	0.887718	0.889703	0.888844	0.890656	1.12657	1.10299	1.2461	1.11452	1.11215	1.1135	1.08694	1.08142	1.081	1.08508	1.0846	1.08342	1.06949	1.06521	1.06402	1.08174	1.08088	1.08152	1.1236	1.11733	1.11773	1.15626	1.15501	1.15673	1.0913	1.09391	1.09607	1.09902	1.10114	1.10107	1.08862	1.08092	1.07926	1.09947	1.09774	1.09666	1.1679	1.12381	1.12301	1.15269	1.15336	1.15358	0.872875	0.881989	0.882468	0.880562	0.88815	0.890714
ERR607581-k20-n1-x5e9	0.908238	0.893048	0.886888	0.877272	0.876502	0.878792	0.995813	0.934544	1.09298	0.934313	0.958635	0.955752	0.935719	0.88672	0.963754	0.908048	0.910446	0.993554	0.970204	0.906909	0.988063	0.930623	0.931626	1.0218	0.847189	0.839778	0	0.809396	0.809564	0.810029	0.950496	0.947629	0.950532	0.932071	0.932325	0.931948	0.897031	0.89813	0.899263	0.868397	0.863847	0.862708	0.939555	0.896691	0.897124	0.895414	0.895451	0.895993	1.13245	1.10703	1.24821	1.11936	1.11643	1.1185	1.09074	1.08614	1.0861	1.09006	1.09055	1.08898	1.07494	1.06993	1.06904	1.08513	1.08456	1.08472	1.12728	1.12111	1.12106	1.16183	1.15911	1.16057	1.09646	1.0978	1.10046	1.1024	1.10628	1.106	1.09445	1.08641	1.08395	1.10449	1.10122	1.10173	1.17165	1.12688	1.12597	1.1549	1.15568	1.15657	0.882308	0.88933	0.891929	0.888411	0.895205	0.897453
ERR607582-k20-n1-x5e9	0.866408	0.856075	0.845417	0.827975	0.828457	0.831573	0.962106	0.89776	1.06852	0.888045	0.927802	0.924775	0.900399	0.849401	0.927478	0.866694	0.869966	0.964151	0.938154	0.866437	0.959448	0.895777	0.899286	1.00074	0.808108	0.802463	0.809396	0	0.750358	0.750037	0.913715	0.910642	0.9134	0.8903	0.890914	0.890869	0.855106	0.850573	0.855891	0.813441	0.812253	0.813507	0.903879	0.852487	0.852972	0.852838	0.850225	0.853676	1.11131	1.08331	1.23546	1.09935	1.09418	1.09727	1.06396	1.05897	1.05933	1.0622	1.0617	1.0606	1.04527	1.04145	1.04096	1.06074	1.06018	1.05994	1.10528	1.09889	1.09821	1.13812	1.13609	1.13771	1.06937	1.07221	1.07634	1.07731	1.08145	1.0826	1.0664	1.05971	1.05968	1.07813	1.0768	1.07642	1.15324	1.09802	1.0971	1.13629	1.13712	1.13844	0.838852	0.845923	0.8487	0.84618	0.857585	0.861399
ERR607583-k20-n1-x5e9	0.864423	0.85776	0.844672	0.829129	0.828746	0.832312	0.96019	0.898581	1.06974	0.885599	0.928811	0.926186	0.902721	0.848587	0.927891	0.867559	0.868913	0.964816	0.937531	0.86912	0.958975	0.896528	0.897781	1.00136	0.810774	0.802145	0.809564	0.750358	0	0.752417	0.914996	0.910828	0.9146	0.89103	0.891897	0.888815	0.856228	0.851144	0.857543	0.813969	0.813773	0.813681	0.902498	0.854286	0.852885	0.850594	0.851768	0.8516	1.11112	1.08224	1.23551	1.09909	1.09532	1.09623	1.0636	1.05865	1.05945	1.06197	1.06117	1.0609	1.0467	1.04107	1.04107	1.06091	1.0595	1.05897	1.10583	1.09793	1.09862	1.13837	1.13682	1.13847	1.06908	1.07293	1.07686	1.07651	1.0817	1.08184	1.06611	1.05983	1.05943	1.07825	1.07553	1.07619	1.1535	1.09852	1.09792	1.13598	1.13775	1.1377	0.840024	0.84693	0.849238	0.84887	0.858688	0.862761
ERR607584-k20-n1-x5e9	0.865507	0.858241	0.845235	0.829344	0.829624	0.832612	0.959741	0.897874	1.06944	0.884966	0.928318	0.925714	0.90235	0.848579	0.927999	0.866884	0.868672	0.965121	0.937897	0.868763	0.959451	0.896849	0.896777	1.00142	0.810079	0.801184	0.810029	0.750037	0.752417	0	0.913259	0.909942	0.914551	0.891122	0.891974	0.888896	0.856986	0.851539	0.858191	0.8145	0.814422	0.814444	0.90289	0.854516	0.853112	0.851432	0.853236	0.852489	1.11105	1.08168	1.23532	1.09879	1.09551	1.09632	1.06368	1.05898	1.05957	1.06208	1.06108	1.06016	1.04604	1.04116	1.04054	1.06114	1.0598	1.05797	1.10522	1.09811	1.09878	1.13846	1.13699	1.13845	1.06901	1.07258	1.07605	1.07694	1.08165	1.08135	1.06576	1.05891	1.05926	1.07714	1.07589	1.07615	1.15312	1.09884	1.09829	1.13556	1.13751	1.13854	0.839361	0.846504	0.848959	0.849023	0.857644	0.862974
ERR607875-k20-n1-x5e9	0.885496	0.873146	0.869978	0.862668	0.864039	0.865472	0.964656	0.900796	1.07117	0.896085	0.925405	0.92107	0.925876	0.875993	0.953599	0.89719	0.899457	0.982195	0.970705	0.90742	0.987816	0.932462	0.93569	1.02257	0.949684	0.945123	0.950496	0.913715	0.914996	0.913259	0	0.839572	0.84251	0.825393	0.827147	0.824794	0.911477	0.909133	0.910694	0.872544	0.869753	0.868717	0.940053	0.900568	0.900648	0.900468	0.900262	0.901082	1.12468	1.0998	1.24371	1.11045	1.10666	1.10919	1.0814	1.07945	1.07964	1.08065	1.08058	1.08046	1.06247	1.05744	1.05665	1.07336	1.0723	1.07215	1.12316	1.11602	1.11641	1.15792	1.15584	1.15843	1.08741	1.08762	1.09157	1.09178	1.09587	1.09554	1.08313	1.07532	1.07198	1.09062	1.09161	1.09095	1.16631	1.12136	1.11979	1.14959	1.14955	1.15045	0.900203	0.908932	0.911593	0.908926	0.917548	0.919462
ERR607876-k20-n1-x5e9	0.881152	0.866132	0.86522	0.856768	0.857214	0.858582	0.962264	0.899708	1.06934	0.8968	0.923695	0.922693	0.921844	0.873553	0.948358	0.894769	0.896408	0.980288	0.966343	0.903083	0.985662	0.926018	0.930063	1.0195	0.946561	0.940553	0.947629	0.910642	0.910828	0.909942	0.839572	0	0.837216	0.821589	0.822747	0.8226	0.905821	0.904122	0.905841	0.872111	0.868867	0.866914	0.937267	0.896796	0.899039	0.896285	0.896659	0.896587	1.12228	1.09699	1.24264	1.10924	1.10567	1.10739	1.07968	1.07672	1.07683	1.07997	1.07978	1.07983	1.05867	1.05349	1.05304	1.07062	1.06942	1.07023	1.1206	1.1146	1.11387	1.15483	1.15315	1.15509	1.08302	1.08534	1.08893	1.09043	1.09387	1.09363	1.07929	1.07211	1.06986	1.08928	1.08808	1.08756	1.1644	1.11842	1.11632	1.14713	1.14741	1.14811	0.897551	0.906003	0.907684	0.905257	0.911717	0.914088
ERR607877-k20-n1-x5e9	0.884458	0.870741	0.866974	0.862807	0.862349	0.865379	0.966401	0.90022	1.07216	0.897653	0.928374	0.923211	0.927704	0.874711	0.953675	0.896864	0.897957	0.98127	0.974096	0.909759	0.987004	0.93095	0.934252	1.02237	0.950963	0.945732	0.950532	0.9134	0.9146	0.914551	0.84251	0.837216	0	0.822772	0.823892	0.825719	0.910269	0.908297	0.909884	0.871195	0.870694	0.870107	0.941624	0.901841	0.90194	0.902501	0.900924	0.90321	1.12508	1.09954	1.2433	1.11149	1.10747	1.10871	1.08199	1.07898	1.07877	1.08031	1.08023	1.07974	1.06166	1.05527	1.05501	1.07111	1.07093	1.07088	1.12329	1.11599	1.11613	1.15756	1.15513	1.15769	1.08565	1.08746	1.09077	1.09107	1.09524	1.09548	1.08208	1.07399	1.07182	1.09157	1.09005	1.08998	1.16524	1.11886	1.11849	1.14727	1.14824	1.14855	0.900974	0.909302	0.911345	0.910831	0.917755	0.920254
ERR607878-k20-n1-x5e9	0.860138	0.848042	0.853353	0.828915	0.829998	0.833135	0.946068	0.887131	1.06003	0.872929	0.909786	0.908314	0.906075	0.856874	0.932539	0.872323	0.876708	0.968311	0.953897	0.880558	0.971713	0.909516	0.912807	1.00922	0.931779	0.923786	0.932071	0.8903	0.89103	0.891122	0.825393	0.821589	0.822772	0	0.796623	0.793315	0.887749	0.886536	0.887812	0.847779	0.846973	0.847709	0.925188	0.879355	0.874747	0.877659	0.878682	0.878715	1.1109	1.08662	1.2365	1.09836	1.09644	1.09724	1.06829	1.06243	1.06279	1.0664	1.06625	1.06388	1.04356	1.03982	1.0385	1.05853	1.05798	1.05569	1.11066	1.10311	1.10456	1.14331	1.14055	1.14265	1.06963	1.07379	1.07827	1.08027	1.08464	1.08431	1.06506	1.05844	1.05519	1.07845	1.07603	1.07571	1.15431	1.10381	1.10336	1.13751	1.1383	1.13867	0.874936	0.886408	0.888468	0.888428	0.895311	0.896546
ERR607879-k20-n1-x5e9	0.861166	0.849165	0.853533	0.830822	0.83161	0.834555	0.947248	0.888711	1.06094	0.874874	0.911616	0.909954	0.90724	0.857842	0.933345	0.873118	0.877548	0.968754	0.954601	0.881553	0.972619	0.910146	0.91153	1.00941	0.932545	0.924286	0.932325	0.890914	0.891897	0.891974	0.827147	0.822747	0.823892	0.796623	0	0.794311	0.888645	0.88684	0.888833	0.847324	0.848146	0.848991	0.926784	0.88066	0.876189	0.878975	0.879088	0.880265	1.11145	1.08726	1.23644	1.09914	1.09716	1.09823	1.06839	1.06309	1.06362	1.06639	1.06724	1.0644	1.04398	1.04035	1.03926	1.05866	1.0584	1.0565	1.11141	1.10369	1.10532	1.14276	1.14122	1.14294	1.06958	1.07424	1.07876	1.08078	1.08504	1.08417	1.06623	1.05993	1.05639	1.07952	1.07738	1.07678	1.1544	1.10434	1.10345	1.13795	1.13836	1.13889	0.876255	0.888168	0.890104	0.889867	0.896515	0.898036
ERR607880-k20-n1-x5e9	0.857223	0.84701	0.84963	0.829002	0.82885	0.832029	0.946187	0.887564	1.05871	0.872085	0.908593	0.908702	0.905271	0.856202	0.930387	0.869602	0.872688	0.967493	0.95283	0.87852	0.970015	0.909286	0.9122	1.00899	0.931145	0.923189	0.931948	0.890869	0.888815	0.888896	0.824794	0.8226	0.825719	0.793315	0.794311	0	0.887535	0.885908	0.886006	0.845662	0.844468	0.844854	0.922731	0.877254	0.873673	0.877721	0.875655	0.878525	1.11052	1.08618	1.23642	1.09873	1.0956	1.09772	1.06598	1.06098	1.06297	1.06587	1.06476	1.06287	1.04314	1.03797	1.03766	1.05687	1.05639	1.05663	1.1117	1.10284	1.10271	1.14224	1.14024	1.14316	1.06908	1.0724	1.07775	1.07947	1.08448	1.08286	1.06581	1.05726	1.05616	1.07857	1.07608	1.07615	1.15313	1.10305	1.1018	1.13647	1.1369	1.13855	0.872712	0.887347	0.887848	0.885584	0.893473	0.896597
ERR607343-k20-n1-x5e9	0.82873	0.827469	0.812365	0.794272	0.794939	0.797549	0.96474	0.903134	1.07118	0.892036	0.931735	0.928255	0.895909	0.845674	0.92492	0.861518	0.862418	0.960417	0.939898	0.870296	0.959091	0.897549	0.897823	1.00084	0.896256	0.89009	0.897031	0.855106	0.856228	0.856986	0.911477	0.905821	0.910269	0.887749	0.888645	0.887535	0	0.735583	0.745837	0.697807	0.696458	0.694902	0.906383	0.85769	0.856607	0.855015	0.856136	0.856386	1.10934	1.08166	1.23462	1.0981	1.09395	1.09569	1.05956	1.05598	1.05518	1.05976	1.05907	1.05674	1.03854	1.03392	1.03423	1.05475	1.05346	1.05265	1.10399	1.0957	1.09636	1.13633	1.13441	1.13619	1.06194	1.06579	1.06815	1.06991	1.07435	1.07481	1.06569	1.05977	1.05796	1.07803	1.07635	1.07523	1.14901	1.0941	1.09194	1.13151	1.13226	1.13357	0.852984	0.860423	0.864536	0.861551	0.872279	0.874956
ERR607344-k20-n1-x5e9	0.830752	0.816391	0.806424	0.788537	0.788064	0.792133	0.964759	0.902332	1.06953	0.890596	0.929691	0.925468	0.895861	0.84356	0.921214	0.85997	0.865147	0.957622	0.939929	0.869094	0.958043	0.893165	0.897049	1.00194	0.897667	0.888509	0.89813	0.850573	0.851144	0.851539	0.909133	0.904122	0.908297	0.886536	0.88684	0.885908	0.735583	0	0.737804	0.692782	0.692166	0.691993	0.907075	0.857354	0.854503	0.852879	0.85518	0.854751	1.10821	1.07942	1.23295	1.09415	1.09057	1.09274	1.05804	1.0536	1.05298	1.05595	1.05659	1.05582	1.03549	1.03313	1.03261	1.05033	1.0488	1.04829	1.10103	1.09415	1.0945	1.13503	1.13306	1.13494	1.05863	1.06338	1.06678	1.06869	1.07296	1.07263	1.06235	1.05826	1.05528	1.07559	1.07299	1.07293	1.14668	1.0888	1.08774	1.12836	1.12924	1.12987	0.851802	0.85836	0.860543	0.858433	0.869137	0.872604
ERR607345-k20-n1-x5e9	0.830317	0.829122	0.811042	0.793917	0.793278	0.794145	0.965699	0.905024	1.07197	0.891578	0.929199	0.929773	0.898316	0.847513	0.92686	0.85985	0.864871	0.960963	0.944263	0.869245	0.961755	0.893814	0.897782	1.00071	0.898303	0.892172	0.899263	0.855891	0.857543	0.858191	0.910694	0.905841	0.909884	0.887812	0.888833	0.886006	0.745837	0.737804	0	0.700265	0.699332	0.70242	0.908188	0.85814	0.85575	0.855107	0.856622	0.856898	1.10856	1.08066	1.2343	1.09705	1.09374	1.09475	1.06022	1.0551	1.05617	1.0605	1.05917	1.05766	1.03882	1.03352	1.03344	1.05355	1.05225	1.05173	1.1039	1.09512	1.096	1.1345	1.13361	1.13435	1.06052	1.06431	1.06744	1.06928	1.07387	1.07563	1.0657	1.05874	1.05653	1.07721	1.07485	1.07428	1.14827	1.09275	1.09112	1.12962	1.13006	1.13002	0.853398	0.863948	0.867598	0.86517	0.87425	0.874332
ERR607346-k20-n1-x5e9	0.783793	0.762494	0.765791	0.731765	0.732083	0.737286	0.93182	0.861921	1.04758	0.844145	0.881122	0.879152	0.855828	0.794125	0.885056	0.816011	0.820022	0.924642	0.904105	0.82455	0.924817	0.8567	0.857998	0.971974	0.869578	0.859299	0.868397	0.813441	0.813969	0.8145	0.872544	0.872111	0.871195	0.847779	0.847324	0.845662	0.697807	0.692782	0.700265	0	0.63013	0.632052	0.874949	0.811841	0.807694	0.808685	0.809101	0.810445	1.07897	1.04614	1.21632	1.06286	1.05929	1.06135	1.02074	1.01506	1.01455	1.01837	1.01868	1.01634	0.996249	0.992243	0.990481	1.01733	1.01681	1.01442	1.07139	1.0617	1.06355	1.10982	1.10851	1.10927	1.02207	1.0287	1.03343	1.03657	1.04	1.04104	1.02574	1.0192	1.01536	1.04287	1.04055	1.03884	1.12177	1.06435	1.06367	1.10278	1.10295	1.10323	0.808577	0.821542	0.823628	0.823144	0.832348	0.835492
ERR607347-k20-n1-x5e9	0.782979	0.760401	0.764311	0.732891	0.732809	0.734127	0.928732	0.856894	1.04636	0.844918	0.880284	0.876747	0.853947	0.792519	0.885348	0.813364	0.819752	0.922644	0.903873	0.822055	0.922634	0.855307	0.858008	0.971087	0.863643	0.858385	0.863847	0.812253	0.813773	0.814422	0.869753	0.868867	0.870694	0.846973	0.848146	0.844468	0.696458	0.692166	0.699332	0.63013	0	0.627683	0.874416	0.812479	0.804563	0.808804	0.8103	0.809567	1.0779	1.04632	1.21529	1.06301	1.05683	1.06061	1.01947	1.0132	1.01518	1.01958	1.01852	1.01635	0.995588	0.989854	0.989764	1.01686	1.01576	1.01323	1.07128	1.06175	1.06227	1.10927	1.10832	1.10875	1.02203	1.02924	1.03322	1.03495	1.04026	1.03914	1.02473	1.01711	1.013	1.04141	1.04048	1.03862	1.12035	1.06326	1.06096	1.10123	1.10092	1.10257	0.806229	0.820496	0.82283	0.82166	0.831447	0.833995
ERR607348-k20-n1-x5e9	0.780896	0.763786	0.759474	0.732044	0.731621	0.736643	0.930455	0.857856	1.04717	0.844131	0.879953	0.875692	0.855115	0.792068	0.885212	0.814536	0.817527	0.924084	0.901759	0.823857	0.923843	0.856335	0.857485	0.971248	0.863811	0.860578	0.862708	0.813507	0.813681	0.814444	0.868717	0.866914	0.870107	0.847709	0.848991	0.844854	0.694902	0.691993	0.70242	0.632052	0.627683	0	0.871508	0.811073	0.80678	0.810518	0.808214	0.812087	1.07906	1.04574	1.21629	1.06368	1.05879	1.06028	1.02136	1.01472	1.01437	1.01974	1.02003	1.01648	0.995527	0.990953	0.989003	1.0156	1.01588	1.01584	1.07067	1.06299	1.06357	1.11001	1.10848	1.11011	1.02122	1.02842	1.03441	1.03544	1.04114	1.04011	1.02449	1.01822	1.01502	1.04169	1.04036	1.04052	1.12111	1.06429	1.06218	1.10071	1.10211	1.10293	0.806949	0.821454	0.821847	0.821662	0.832022	0.835098
ERR607391-k20-n1-x5e9	0.89086	0.884654	0.882333	0.867362	0.86868	0.869246	0.979691	0.921203	1.07722	0.918186	0.934801	0.929724	0.915382	0.884275	0.955806	0.902944	0.904964	0.985131	0.970273	0.918418	0.999001	0.940895	0.943766	1.03045	0.937194	0.930949	0.939555	0.903879	0.902498	0.90289	0.940053	0.937267	0.941624	0.925188	0.926784	0.922731	0.906383	0.907075	0.908188	0.874949	0.874416	0.871508	0	0.788509	0.79302	0.792153	0.789104	0.792784	1.11386	1.09494	1.24242	1.10632	1.10423	1.10475	1.07355	1.06945	1.06826	1.07374	1.07476	1.07203	1.06431	1.06054	1.05865	1.08046	1.08078	1.07944	1.11423	1.10916	1.10713	1.15089	1.14852	1.15119	1.08712	1.08871	1.0922	1.09565	1.09335	1.09409	1.08515	1.0789	1.07355	1.09667	1.09747	1.09597	1.15829	1.12179	1.1211	1.14901	1.14762	1.14887	0.887475	0.894646	0.897032	0.897016	0.903372	0.904499
ERR607392-k20-n1-x5e9	0.843386	0.83531	0.824543	0.808963	0.808965	0.80976	0.947334	0.881921	1.05429	0.868793	0.907137	0.905127	0.88079	0.837111	0.917195	0.858719	0.859408	0.952914	0.940069	0.876552	0.962202	0.896599	0.900584	1.00522	0.895092	0.888962	0.896691	0.852487	0.854286	0.854516	0.900568	0.896796	0.901841	0.879355	0.88066	0.877254	0.85769	0.857354	0.85814	0.811841	0.812479	0.811073	0.788509	0	0.733896	0.734207	0.736303	0.735604	1.09557	1.06661	1.22722	1.08197	1.07696	1.07986	1.04224	1.03865	1.04084	1.04183	1.04177	1.03945	1.03239	1.02641	1.02437	1.04576	1.04465	1.04447	1.08867	1.08035	1.08049	1.12544	1.12397	1.12585	1.05543	1.05867	1.06117	1.06348	1.06676	1.06611	1.05343	1.04683	1.04421	1.06534	1.06596	1.06357	1.13758	1.08285	1.08192	1.12188	1.12159	1.12286	0.844001	0.850389	0.851521	0.852727	0.858006	0.861186
ERR607393-k20-n1-x5e9	0.846217	0.829228	0.821748	0.801907	0.801812	0.806205	0.946006	0.880544	1.05495	0.868885	0.906746	0.905203	0.880648	0.836052	0.916011	0.865086	0.862638	0.95099	0.940228	0.878715	0.960066	0.895022	0.89654	1.00356	0.897045	0.887718	0.897124	0.852972	0.852885	0.853112	0.900648	0.899039	0.90194	0.874747	0.876189	0.873673	0.856607	0.854503	0.85575	0.807694	0.804563	0.80678	0.79302	0.733896	0	0.737282	0.736199	0.738826	1.09349	1.0638	1.22646	1.07965	1.07682	1.07902	1.0413	1.0383	1.03726	1.04157	1.04111	1.04107	1.02758	1.02298	1.02161	1.04373	1.04267	1.04196	1.08702	1.07948	1.07987	1.12444	1.1232	1.12408	1.05367	1.05562	1.05847	1.06195	1.06527	1.06493	1.05323	1.04412	1.04173	1.06462	1.0619	1.06071	1.1365	1.07936	1.07932	1.11882	1.11964	1.12061	0.850421	0.850534	0.851117	0.85244	0.855486	0.859658
