	ERR608203-k20-n1-x5e9	ERR608204-k20-n1-x5e9	ERR608205-k20-n1-x5e9	ERR608206-k20-n1-x5e9	ERR608207-k20-n1-x5e9	ERR608208-k20-n1-x5e9	ERR610031-k20-n1-x5e9	ERR610032-k20-n1-x5e9	ERR610033-k20-n1-x5e9	ERR610034-k20-n1-x5e9	ERR610035-k20-n1-x5e9	ERR610036-k20-n1-x5e9	ERR610187-k20-n1-x5e9	ERR610188-k20-n1-x5e9	ERR610189-k20-n1-x5e9	ERR610190-k20-n1-x5e9	ERR610191-k20-n1-x5e9	ERR610192-k20-n1-x5e9	ERR605581-k20-n1-x5e9	ERR605582-k20-n1-x5e9	ERR605583-k20-n1-x5e9	ERR605584-k20-n1-x5e9	ERR605585-k20-n1-x5e9	ERR605586-k20-n1-x5e9	ERR607585-k20-n1-x5e9	ERR607586-k20-n1-x5e9	ERR607587-k20-n1-x5e9	ERR607588-k20-n1-x5e9	ERR607589-k20-n1-x5e9	ERR607590-k20-n1-x5e9	ERR605737-k20-n1-x5e9	ERR605738-k20-n1-x5e9	ERR605739-k20-n1-x5e9	ERR605740-k20-n1-x5e9	ERR605741-k20-n1-x5e9	ERR605742-k20-n1-x5e9	ERR605781-k20-n1-x5e9	ERR605782-k20-n1-x5e9	ERR605783-k20-n1-x5e9	ERR605784-k20-n1-x5e9	ERR605785-k20-n1-x5e9	ERR605786-k20-n1-x5e9	ERR608811-k20-n1-x5e9	ERR608812-k20-n1-x5e9	ERR608813-k20-n1-x5e9	ERR608814-k20-n1-x5e9	ERR608815-k20-n1-x5e9	ERR608816-k20-n1-x5e9	ERR608787-k20-n1-x5e9	ERR608788-k20-n1-x5e9	ERR608789-k20-n1-x5e9	ERR608790-k20-n1-x5e9	ERR608791-k20-n1-x5e9	ERR608792-k20-n1-x5e9	ERR607781-k20-n1-x5e9	ERR607782-k20-n1-x5e9	ERR607783-k20-n1-x5e9	ERR607784-k20-n1-x5e9	ERR607785-k20-n1-x5e9	ERR607786-k20-n1-x5e9	ERR608985-k20-n1-x5e9	ERR608986-k20-n1-x5e9	ERR608987-k20-n1-x5e9	ERR608988-k20-n1-x5e9	ERR608989-k20-n1-x5e9	ERR608990-k20-n1-x5e9	ERR608025-k20-n1-x5e9	ERR608026-k20-n1-x5e9	ERR608027-k20-n1-x5e9	ERR608028-k20-n1-x5e9	ERR608029-k20-n1-x5e9	ERR608030-k20-n1-x5e9	ERR607983-k20-n1-x5e9	ERR607984-k20-n1-x5e9	ERR607985-k20-n1-x5e9	ERR607986-k20-n1-x5e9	ERR607987-k20-n1-x5e9	ERR607988-k20-n1-x5e9	ERR608389-k20-n1-x5e9	ERR608390-k20-n1-x5e9	ERR608391-k20-n1-x5e9	ERR608392-k20-n1-x5e9	ERR608393-k20-n1-x5e9	ERR608394-k20-n1-x5e9	ERR605701-k20-n1-x5e9	ERR605702-k20-n1-x5e9	ERR605703-k20-n1-x5e9	ERR605704-k20-n1-x5e9	ERR605705-k20-n1-x5e9	ERR605706-k20-n1-x5e9	ERR608099-k20-n1-x5e9	ERR608100-k20-n1-x5e9	ERR608101-k20-n1-x5e9	ERR608102-k20-n1-x5e9	ERR608103-k20-n1-x5e9	ERR608104-k20-n1-x5e9
ERR608203-k20-n1-x5e9	0	0.731225	0.715816	0.690495	0.689796	0.688139	0.930784	0.86225	1.05873	0.836479	0.890701	0.893508	0.923715	1.01782	0.939122	0.900062	0.900807	0.896513	0.904979	0.919344	0.921333	0.918335	0.916821	0.916227	1.00301	0.9497	0.933363	0.98858	0.988441	0.989706	0.911951	0.928033	0.933449	0.939101	0.936258	0.938396	1.08713	1.10335	0.969993	0.968475	0.970101	0.970027	0.946591	0.937306	0.949666	0.850437	0.849729	0.849272	1.05682	1.0463	1.0485	1.07507	1.07461	1.0729	1.03238	1.05696	1.03217	1.06145	1.03487	1.03314	1.02564	1.02151	1.02116	1.05763	1.05878	1.05973	1.11035	1.08615	1.08162	1.0838	1.08297	1.0835	1.08664	1.0775	1.07716	1.12005	1.11849	1.12037	1.0583	1.02861	1.0239	1.02311	1.02126	1.02914	1.03475	1.04379	1.04616	1.04999	1.05048	1.05073	1.03411	1.02883	1.03147	1.04405	1.04352	1.04336
ERR608204-k20-n1-x5e9	0.731225	0	0.686893	0.668636	0.668675	0.665049	0.927728	0.850725	1.05841	0.823322	0.889468	0.888467	0.90637	1.01871	0.930712	0.889951	0.891805	0.889898	0.899005	0.911757	0.91904	0.911203	0.910591	0.912115	1.01079	0.949519	0.93217	0.987901	0.986227	0.990199	0.908927	0.917074	0.924919	0.928006	0.930317	0.933332	1.08649	1.10476	0.965584	0.96458	0.966113	0.966765	0.937557	0.927644	0.941579	0.841474	0.84252	0.844977	1.0468	1.03661	1.04	1.07054	1.06969	1.06686	1.02442	1.04747	1.02299	1.05136	1.02723	1.02433	1.01609	1.01473	1.01576	1.05113	1.04836	1.05224	1.11297	1.08041	1.07628	1.07971	1.07873	1.07858	1.08022	1.0704	1.07121	1.11281	1.11112	1.11204	1.05227	1.0195	1.01452	1.0133	1.01331	1.0209	1.02134	1.03373	1.03732	1.04105	1.04448	1.04554	1.02331	1.01508	1.01764	1.0344	1.0343	1.03384
ERR608205-k20-n1-x5e9	0.715816	0.686893	0	0.658685	0.658622	0.657723	0.917221	0.84212	1.0562	0.821078	0.884153	0.883582	0.899788	1.01653	0.920211	0.892387	0.891668	0.892931	0.89513	0.908697	0.912591	0.906111	0.907666	0.906969	1.0086	0.94597	0.925911	0.983407	0.980932	0.987022	0.90999	0.912251	0.918305	0.922444	0.924701	0.927809	1.08373	1.10243	0.956064	0.957042	0.957927	0.959037	0.932622	0.915796	0.935975	0.830196	0.831246	0.834154	1.04158	1.03458	1.03871	1.06138	1.06152	1.0578	1.01805	1.04461	1.01805	1.04592	1.02077	1.01836	1.01121	1.0067	1.00804	1.04307	1.04246	1.04464	1.10722	1.0787	1.07114	1.07553	1.07388	1.07452	1.07419	1.06504	1.0663	1.10753	1.10707	1.10811	1.04657	1.01447	1.00686	1.0066	1.00625	1.01586	1.01696	1.02483	1.02892	1.03179	1.03637	1.03552	1.01654	1.00897	1.00938	1.02859	1.02518	1.023
ERR608206-k20-n1-x5e9	0.690495	0.668636	0.658685	0	0.626391	0.62997	0.900986	0.821423	1.04309	0.799413	0.851097	0.851009	0.901491	1.00337	0.909171	0.871288	0.872971	0.870448	0.877577	0.889429	0.889237	0.887276	0.887568	0.885992	0.992235	0.929407	0.906736	0.969829	0.967353	0.973021	0.882764	0.896531	0.908762	0.914835	0.909775	0.914102	1.07427	1.09302	0.942108	0.942477	0.943381	0.943852	0.911272	0.901909	0.917711	0.809965	0.808509	0.81284	1.02974	1.01893	1.02191	1.05138	1.05136	1.04916	1.00113	1.02915	0.999277	1.03222	1.00421	1.00043	0.995304	0.991019	0.99102	1.03132	1.031	1.0329	1.09091	1.06251	1.05705	1.05936	1.05801	1.05889	1.06159	1.05059	1.05121	1.09876	1.09734	1.09814	1.03547	0.999857	0.992836	0.992902	0.991011	1.00103	1.00549	1.0099	1.01331	1.01483	1.01775	1.0168	1.0013	0.990578	0.992307	1.01452	1.01289	1.01155
ERR608207-k20-n1-x5e9	0.689796	0.668675	0.658622	0.626391	0	0.627548	0.900426	0.820478	1.0415	0.798711	0.850425	0.8497	0.901475	1.00308	0.909686	0.871327	0.873237	0.870637	0.87702	0.888652	0.888175	0.886486	0.886812	0.885182	0.991959	0.92894	0.906582	0.970027	0.967093	0.973208	0.882618	0.896394	0.908306	0.914604	0.909703	0.913868	1.07434	1.09295	0.942506	0.942315	0.943757	0.943318	0.911942	0.901885	0.918041	0.808377	0.808883	0.813349	1.02942	1.01878	1.0216	1.05091	1.05144	1.04753	1.00091	1.02879	0.999187	1.03187	1.00296	1.00002	0.995199	0.990943	0.991089	1.03145	1.02965	1.03261	1.09018	1.0621	1.05652	1.05911	1.05786	1.05772	1.06152	1.05045	1.0506	1.09814	1.09706	1.09802	1.03516	0.999201	0.992434	0.992506	0.990453	1.00031	1.00498	1.00938	1.0126	1.01431	1.017	1.01614	1.00133	0.990356	0.99178	1.0144	1.01294	1.01078
ERR608208-k20-n1-x5e9	0.688139	0.665049	0.657723	0.62997	0.627548	0	0.900822	0.821096	1.04243	0.800624	0.849978	0.849144	0.896233	1.00277	0.907636	0.872349	0.874296	0.869434	0.877961	0.887346	0.891484	0.885859	0.886326	0.884795	0.992003	0.929351	0.90756	0.97086	0.967338	0.973389	0.882436	0.898061	0.908972	0.910531	0.910619	0.916722	1.07332	1.09324	0.94367	0.940415	0.942518	0.943	0.912182	0.899626	0.916739	0.808343	0.80859	0.813911	1.02927	1.0185	1.02125	1.05224	1.05099	1.04791	1.00082	1.02993	1.0009	1.03262	1.00392	0.999873	0.995255	0.990557	0.991865	1.03217	1.0315	1.03316	1.09127	1.06297	1.05566	1.06031	1.05833	1.05752	1.06173	1.05056	1.05092	1.09774	1.09688	1.09764	1.0337	0.999656	0.993714	0.992898	0.989865	1.00081	1.00433	1.01062	1.01167	1.01409	1.01731	1.01789	1.00079	0.991502	0.991955	1.01523	1.01317	1.01208
ERR610031-k20-n1-x5e9	0.930784	0.927728	0.917221	0.900986	0.900426	0.900822	0	0.794523	1.01758	0.771209	0.825382	0.824463	0.986292	1.0584	0.997049	0.963016	0.963032	0.962281	0.943897	0.955388	0.957713	0.954869	0.954982	0.956413	1.05008	1.00421	0.993287	1.04128	1.03775	1.04237	0.911651	0.918836	0.925848	0.931644	0.924602	0.926691	1.05432	1.0678	0.963582	0.960258	0.961306	0.960596	0.970609	0.969384	0.9736	0.911152	0.909812	0.912864	1.11238	1.10392	1.10393	1.13835	1.13705	1.13569	1.08735	1.10961	1.08732	1.11459	1.08877	1.0883	1.086	1.08295	1.08208	1.12439	1.12376	1.12435	1.14959	1.1231	1.1183	1.12243	1.11923	1.11953	1.13019	1.12357	1.12404	1.16777	1.1667	1.16694	1.11547	1.08381	1.07867	1.07947	1.0787	1.08422	1.055	1.0615	1.06348	1.0676	1.06587	1.06718	1.091	1.08771	1.08652	1.10112	1.09935	1.09941
ERR610032-k20-n1-x5e9	0.86225	0.850725	0.84212	0.821423	0.820478	0.821096	0.794523	0	0.969286	0.667973	0.729014	0.729399	0.918715	1.01598	0.938721	0.897614	0.899503	0.899211	0.870425	0.883287	0.886461	0.883057	0.881685	0.884014	1.0069	0.954538	0.940118	0.993763	0.990387	0.995223	0.840086	0.840804	0.851285	0.855286	0.848891	0.849615	1.0125	1.03037	0.899309	0.895276	0.89677	0.895928	0.914696	0.906843	0.9191	0.837096	0.838356	0.840237	1.06003	1.05399	1.05289	1.08952	1.08757	1.08466	1.03735	1.05658	1.03711	1.0623	1.03823	1.03693	1.03721	1.03291	1.03263	1.07138	1.06896	1.07161	1.10245	1.08179	1.07407	1.07929	1.07618	1.07681	1.08799	1.0802	1.07928	1.12326	1.12269	1.12344	1.06034	1.03554	1.02929	1.03046	1.02874	1.03618	0.991233	0.999127	1.00236	1.0086	1.0055	1.00502	1.04024	1.03266	1.03147	1.05401	1.05165	1.05198
ERR610033-k20-n1-x5e9	1.05873	1.05841	1.0562	1.04309	1.0415	1.04243	1.01758	0.969286	0	0.955989	0.975405	0.975032	1.0947	1.1343	1.09965	1.08072	1.082	1.08046	1.06356	1.06992	1.07262	1.07146	1.06992	1.07146	1.12722	1.10428	1.09488	1.12389	1.12235	1.12307	1.04331	1.04695	1.0518	1.05465	1.04891	1.05118	1.13099	1.13987	1.07473	1.07212	1.07264	1.07145	1.08234	1.07959	1.0842	1.0427	1.04206	1.04375	1.18971	1.18676	1.1861	1.20867	1.20763	1.20619	1.1758	1.18866	1.17552	1.19194	1.17607	1.17522	1.17587	1.17365	1.17282	1.19786	1.19706	1.19794	1.21347	1.20023	1.19738	1.19965	1.19807	1.19781	1.20606	1.20106	1.20006	1.22913	1.22723	1.22879	1.18678	1.17347	1.16941	1.17035	1.16874	1.17341	1.15011	1.15316	1.15479	1.15615	1.15459	1.15469	1.17772	1.17379	1.17238	1.18652	1.18594	1.18668
ERR610034-k20-n1-x5e9	0.836479	0.823322	0.821078	0.799413	0.798711	0.800624	0.771209	0.667973	0.955989	0	0.696779	0.696992	0.901711	0.998568	0.914566	0.875744	0.87841	0.87658	0.856861	0.865656	0.865655	0.866314	0.863738	0.864522	0.99142	0.937942	0.92051	0.978905	0.973829	0.97847	0.818228	0.833871	0.837445	0.839735	0.836397	0.837132	1.00211	1.01764	0.881212	0.877931	0.876399	0.875149	0.889989	0.881719	0.898175	0.812275	0.811086	0.815689	1.04676	1.03936	1.03757	1.07486	1.07346	1.07014	1.01979	1.04244	1.01996	1.04893	1.01971	1.01927	1.01937	1.01589	1.01403	1.0564	1.05595	1.0573	1.08829	1.06491	1.05978	1.06361	1.06012	1.06134	1.07298	1.06522	1.06557	1.11131	1.10999	1.1114	1.04458	1.01784	1.01192	1.01342	1.01176	1.01822	0.976179	0.982586	0.986009	0.987402	0.986215	0.985458	1.02308	1.01203	1.00974	1.03719	1.03587	1.03591
ERR610035-k20-n1-x5e9	0.890701	0.889468	0.884153	0.851097	0.850425	0.849978	0.825382	0.729014	0.975405	0.696779	0	0.728773	0.957569	1.03056	0.968065	0.926306	0.926108	0.924619	0.878243	0.89583	0.899909	0.899783	0.899068	0.901188	1.0123	0.971592	0.958206	1.00856	1.00374	1.00894	0.847454	0.85052	0.864405	0.87465	0.84947	0.854125	1.01311	1.02529	0.915121	0.906519	0.905518	0.903416	0.925987	0.921503	0.932064	0.867286	0.864646	0.8661	1.07419	1.07217	1.06923	1.10631	1.10538	1.10286	1.0554	1.07451	1.05596	1.07875	1.05398	1.05579	1.05258	1.05002	1.04783	1.08901	1.08781	1.08922	1.1066	1.08887	1.08681	1.08886	1.08435	1.08576	1.09986	1.0942	1.09268	1.14024	1.13714	1.13865	1.07456	1.054	1.04863	1.05063	1.05006	1.05368	1.00835	1.01412	1.01692	1.0213	1.01298	1.01406	1.0612	1.05721	1.05166	1.07115	1.07353	1.07351
ERR610036-k20-n1-x5e9	0.893508	0.888467	0.883582	0.851009	0.8497	0.849144	0.824463	0.729399	0.975032	0.696992	0.728773	0	0.954612	1.03075	0.967554	0.922287	0.924666	0.924	0.878849	0.894934	0.901223	0.899574	0.897124	0.900236	1.01352	0.971577	0.957863	1.00798	1.0043	1.00946	0.848429	0.851183	0.861759	0.871825	0.84995	0.855231	1.01324	1.02506	0.914348	0.906395	0.905665	0.903085	0.92644	0.921516	0.93197	0.86501	0.86809	0.87059	1.07353	1.07086	1.0668	1.10547	1.10326	1.10183	1.05648	1.07188	1.05655	1.07876	1.0538	1.05393	1.05081	1.04955	1.04735	1.08811	1.08759	1.08749	1.10502	1.08889	1.08507	1.08817	1.08354	1.08384	1.09871	1.09487	1.09436	1.13789	1.13637	1.13725	1.07328	1.05185	1.04745	1.05018	1.04991	1.05129	1.00657	1.01248	1.01633	1.02223	1.01136	1.01298	1.05911	1.05393	1.04949	1.07036	1.07157	1.07125
ERR610187-k20-n1-x5e9	0.923715	0.90637	0.899788	0.901491	0.901475	0.896233	0.986292	0.918715	1.0947	0.901711	0.957569	0.954612	0	0.939633	0.834484	0.803086	0.802861	0.799555	0.981217	0.995349	0.99685	0.992705	0.99167	0.992386	1.05672	1.00498	0.991372	1.03425	1.03148	1.03782	0.96848	0.97812	0.983693	0.984698	0.990508	0.992204	1.12112	1.13627	1.02387	1.02302	1.02482	1.02513	1.02173	1.01092	1.02542	0.946833	0.946429	0.948808	1.06081	1.05226	1.05278	1.08669	1.08571	1.08403	1.03991	1.05574	1.03843	1.05689	1.0414	1.04059	1.03759	1.03448	1.03509	1.07618	1.07444	1.07738	1.12153	1.08861	1.08492	1.08771	1.08685	1.08571	1.08614	1.07982	1.07991	1.12009	1.11776	1.12063	1.07711	1.04267	1.03999	1.03892	1.03823	1.04438	1.04837	1.05657	1.05905	1.05881	1.0637	1.0637	1.04139	1.03518	1.037	1.04931	1.04802	1.04764
ERR610188-k20-n1-x5e9	1.01782	1.01871	1.01653	1.00337	1.00308	1.00277	1.0584	1.01598	1.1343	0.998568	1.03056	1.03075	0.939633	0	0.951138	0.915562	0.915989	0.91389	1.05257	1.06219	1.06492	1.06203	1.06174	1.06316	1.09045	1.06482	1.05575	1.08377	1.08148	1.08452	1.04434	1.05223	1.05807	1.06141	1.05875	1.06152	1.1596	1.17151	1.08959	1.08772	1.08748	1.08726	1.09432	1.08913	1.09733	1.04101	1.04211	1.04336	1.13216	1.12806	1.12687	1.15484	1.1542	1.15253	1.11687	1.12473	1.11661	1.12771	1.11695	1.11571	1.11487	1.11428	1.1135	1.14347	1.14404	1.14429	1.16721	1.15061	1.14873	1.15022	1.1493	1.14872	1.15193	1.14696	1.14656	1.17848	1.17636	1.17842	1.13985	1.12031	1.11811	1.11861	1.1173	1.1207	1.12115	1.12608	1.12751	1.1297	1.12828	1.12853	1.12077	1.11917	1.11736	1.1292	1.12977	1.12861
ERR610189-k20-n1-x5e9	0.939122	0.930712	0.920211	0.909171	0.909686	0.907636	0.997049	0.938721	1.09965	0.914566	0.968065	0.967554	0.834484	0.951138	0	0.816528	0.817548	0.816893	0.993748	1.00589	1.00597	1.00368	1.00234	1.00352	1.05898	1.00795	0.99527	1.04551	1.04296	1.04619	0.981405	0.993025	0.996698	0.997343	1.00154	1.00378	1.12617	1.14096	1.03293	1.0352	1.03383	1.0342	1.03156	1.02281	1.03383	0.963544	0.963022	0.964627	1.07959	1.0703	1.07127	1.098	1.09874	1.09703	1.05225	1.07186	1.05043	1.07494	1.05293	1.05274	1.05309	1.04913	1.04912	1.08837	1.08855	1.09047	1.12885	1.10162	1.09452	1.09961	1.09776	1.09775	1.09685	1.08999	1.09056	1.13247	1.13083	1.13344	1.09037	1.05844	1.05267	1.05187	1.05062	1.05971	1.06163	1.07018	1.07357	1.07154	1.07725	1.07577	1.05502	1.0513	1.05193	1.06582	1.06279	1.06268
ERR610190-k20-n1-x5e9	0.900062	0.889951	0.892387	0.871288	0.871327	0.872349	0.963016	0.897614	1.08072	0.875744	0.926306	0.922287	0.803086	0.915562	0.816528	0	0.772322	0.769376	0.955583	0.969564	0.970499	0.966298	0.967723	0.967007	1.03728	0.990268	0.974992	1.01738	1.01651	1.01893	0.946543	0.95619	0.961584	0.965714	0.967667	0.969452	1.10814	1.12667	1.00406	1.00292	1.00367	1.00372	1.00724	0.995931	1.01127	0.922657	0.923473	0.926211	1.04505	1.0373	1.03837	1.07137	1.07111	1.06793	1.02097	1.03846	1.01945	1.04029	1.02312	1.02007	1.0205	1.01999	1.0193	1.05613	1.0542	1.05679	1.10067	1.07268	1.06955	1.07275	1.07155	1.07111	1.07211	1.06288	1.06337	1.10328	1.10138	1.10327	1.05539	1.02782	1.02366	1.0228	1.02198	1.02997	1.03314	1.0372	1.0387	1.03939	1.04274	1.04317	1.02333	1.01863	1.01838	1.03661	1.0373	1.03548
ERR610191-k20-n1-x5e9	0.900807	0.891805	0.891668	0.872971	0.873237	0.874296	0.963032	0.899503	1.082	0.87841	0.926108	0.924666	0.802861	0.915989	0.817548	0.772322	0	0.769242	0.957619	0.971043	0.97106	0.966848	0.9678	0.968172	1.03736	0.990251	0.975404	1.01895	1.01743	1.02039	0.948212	0.958178	0.963589	0.966903	0.967354	0.968798	1.1089	1.12738	1.00353	1.00438	1.00474	1.00491	1.00782	0.997564	1.01154	0.924821	0.923536	0.927947	1.04449	1.03718	1.03684	1.07048	1.07085	1.06727	1.02132	1.03887	1.01954	1.03917	1.02243	1.0209	1.02021	1.0203	1.01916	1.05634	1.05365	1.05722	1.09963	1.072	1.06958	1.07264	1.07119	1.0708	1.07215	1.06295	1.06368	1.10287	1.10138	1.10295	1.05558	1.02879	1.02448	1.02387	1.02131	1.03001	1.03316	1.03695	1.03929	1.04008	1.04337	1.04377	1.02333	1.0181	1.019	1.03633	1.03609	1.03492
ERR610192-k20-n1-x5e9	0.896513	0.889898	0.892931	0.870448	0.870637	0.869434	0.962281	0.899211	1.08046	0.87658	0.924619	0.924	0.799555	0.91389	0.816893	0.769376	0.769242	0	0.954202	0.969162	0.969803	0.966818	0.967115	0.966867	1.03575	0.989554	0.974432	1.0182	1.01697	1.01887	0.946361	0.955616	0.961613	0.96483	0.967144	0.968159	1.10816	1.1266	1.00336	1.00319	1.00258	1.00279	1.00687	0.996489	1.01084	0.92132	0.92279	0.924653	1.04297	1.03551	1.03686	1.06929	1.06854	1.066	1.0179	1.03743	1.01832	1.03744	1.02086	1.019	1.01952	1.01851	1.01743	1.05429	1.05231	1.05615	1.09843	1.07147	1.06835	1.07093	1.06977	1.07116	1.06963	1.06055	1.06139	1.10119	1.10002	1.10229	1.05398	1.02805	1.02169	1.02176	1.01848	1.02911	1.03133	1.03545	1.0376	1.03932	1.04135	1.04251	1.02113	1.01542	1.01611	1.03476	1.03399	1.03331
ERR605581-k20-n1-x5e9	0.904979	0.899005	0.89513	0.877577	0.87702	0.877961	0.943897	0.870425	1.06356	0.856861	0.878243	0.878849	0.981217	1.05257	0.993748	0.955583	0.957619	0.954202	0	0.837399	0.844451	0.840428	0.839097	0.840391	1.03886	0.995299	0.984991	1.02615	1.02327	1.02834	0.919511	0.92937	0.935205	0.941152	0.929584	0.933993	1.10522	1.12025	0.994955	0.991182	0.990575	0.988978	0.983755	0.977875	0.989194	0.902248	0.903921	0.904595	1.08999	1.0873	1.08586	1.12691	1.12588	1.12301	1.07698	1.09157	1.07676	1.09519	1.07602	1.07667	1.07209	1.07148	1.06913	1.11123	1.10889	1.11232	1.13208	1.10684	1.10572	1.10832	1.10407	1.10472	1.1189	1.11402	1.11293	1.15511	1.15258	1.15398	1.09286	1.07129	1.06794	1.07009	1.06867	1.07116	1.05685	1.06374	1.06703	1.07195	1.06597	1.06679	1.08102	1.07589	1.0724	1.09068	1.09186	1.09192
ERR605582-k20-n1-x5e9	0.919344	0.911757	0.908697	0.889429	0.888652	0.887346	0.955388	0.883287	1.06992	0.865656	0.89583	0.894934	0.995349	1.06219	1.00589	0.969564	0.971043	0.969162	0.837399	0	0.859409	0.855306	0.854098	0.855555	1.04747	1.00486	0.993298	1.03864	1.03466	1.04078	0.934547	0.937382	0.947171	0.955057	0.941538	0.946593	1.11283	1.12709	1.00603	1.00204	1.00219	1.00062	0.997378	0.990286	1.00111	0.915706	0.917346	0.918875	1.10085	1.09453	1.09223	1.13296	1.13217	1.13022	1.08535	1.09868	1.08452	1.10487	1.08329	1.08333	1.07839	1.07822	1.07697	1.11961	1.11896	1.1204	1.13732	1.11288	1.11205	1.11302	1.11106	1.1117	1.12548	1.12122	1.1186	1.16405	1.16131	1.16305	1.10283	1.07806	1.07563	1.07756	1.07714	1.07808	1.06565	1.07201	1.07488	1.08085	1.07242	1.07354	1.08816	1.08648	1.0827	1.09796	1.09907	1.09924
ERR605583-k20-n1-x5e9	0.921333	0.91904	0.912591	0.889237	0.888175	0.891484	0.957713	0.886461	1.07262	0.865655	0.899909	0.901223	0.99685	1.06492	1.00597	0.970499	0.97106	0.969803	0.844451	0.859409	0	0.861502	0.861941	0.860095	1.05068	1.00676	0.994749	1.04335	1.0393	1.04504	0.93343	0.940919	0.947107	0.955551	0.943353	0.948011	1.10764	1.121	1.00183	1.00009	0.99946	0.998225	0.992214	0.987308	0.995546	0.914922	0.915632	0.918434	1.10562	1.0982	1.09668	1.13494	1.13399	1.1332	1.0862	1.10362	1.08574	1.10996	1.08611	1.08498	1.08036	1.08036	1.07849	1.12167	1.12007	1.12205	1.14053	1.11701	1.11471	1.11532	1.1131	1.11337	1.12646	1.12169	1.1209	1.16655	1.1644	1.16493	1.10739	1.07978	1.07705	1.0784	1.0784	1.07969	1.06801	1.07392	1.07716	1.08149	1.07446	1.07653	1.08912	1.08824	1.08582	1.09996	1.09966	1.0993
ERR605584-k20-n1-x5e9	0.918335	0.911203	0.906111	0.887276	0.886486	0.885859	0.954869	0.883057	1.07146	0.866314	0.899783	0.899574	0.992705	1.06203	1.00368	0.966298	0.966848	0.966818	0.840428	0.855306	0.861502	0	0.854091	0.854166	1.04751	1.00332	0.99188	1.03822	1.0339	1.04097	0.9323	0.938614	0.94577	0.953828	0.941758	0.946036	1.10969	1.12475	1.00299	0.999869	0.999771	0.998744	0.994278	0.986428	0.997912	0.914197	0.915763	0.917279	1.10075	1.09419	1.09307	1.13171	1.13154	1.12955	1.0837	1.0987	1.08369	1.10504	1.08223	1.08249	1.07766	1.07648	1.07521	1.1182	1.11738	1.11973	1.13824	1.11361	1.1124	1.11429	1.11053	1.11143	1.1244	1.11974	1.1188	1.16332	1.16137	1.16279	1.10333	1.07688	1.07398	1.07565	1.07535	1.07712	1.06664	1.07186	1.07466	1.08053	1.07334	1.07421	1.08675	1.08694	1.08224	1.09615	1.09644	1.09661
ERR605585-k20-n1-x5e9	0.916821	0.910591	0.907666	0.887568	0.886812	0.886326	0.954982	0.881685	1.06992	0.863738	0.899068	0.897124	0.99167	1.06174	1.00234	0.967723	0.9678	0.967115	0.839097	0.854098	0.861941	0.854091	0	0.851577	1.04707	1.00339	0.992752	1.03801	1.03464	1.0394	0.933371	0.938964	0.948046	0.953456	0.942085	0.945206	1.11224	1.12674	1.00431	1.00038	1.00084	0.999212	0.99538	0.988695	0.999973	0.914236	0.916082	0.918126	1.09885	1.0926	1.09088	1.13218	1.13023	1.12913	1.08245	1.09798	1.08224	1.10442	1.08246	1.0815	1.07669	1.07675	1.07441	1.11831	1.11669	1.11885	1.13613	1.11239	1.11071	1.11291	1.1095	1.10952	1.12454	1.11871	1.11838	1.16223	1.16076	1.1621	1.10205	1.07621	1.07445	1.07596	1.07389	1.07593	1.06538	1.07219	1.07454	1.07906	1.07346	1.07409	1.08559	1.08429	1.08071	1.09627	1.09619	1.09638
ERR605586-k20-n1-x5e9	0.916227	0.912115	0.906969	0.885992	0.885182	0.884795	0.956413	0.884014	1.07146	0.864522	0.901188	0.900236	0.992386	1.06316	1.00352	0.967007	0.968172	0.966867	0.840391	0.855555	0.860095	0.854166	0.851577	0	1.04804	1.00288	0.9922	1.03877	1.0351	1.04119	0.932987	0.940262	0.947202	0.953227	0.943558	0.947625	1.11134	1.12642	1.00431	1.00121	1.00115	0.999795	0.995919	0.987904	0.999257	0.915179	0.916739	0.918491	1.10056	1.09424	1.09146	1.13279	1.13087	1.13021	1.08258	1.09886	1.08348	1.10509	1.08275	1.08311	1.07823	1.07765	1.07617	1.11894	1.11739	1.11865	1.13851	1.11416	1.11127	1.11329	1.11071	1.11139	1.12488	1.11872	1.1187	1.16363	1.16152	1.16288	1.10422	1.077	1.0746	1.07589	1.07427	1.07746	1.06646	1.07262	1.07582	1.08098	1.07397	1.07483	1.08732	1.08566	1.08188	1.0964	1.09643	1.0978
ERR607585-k20-n1-x5e9	1.00301	1.01079	1.0086	0.992235	0.991959	0.992003	1.05008	1.0069	1.12722	0.99142	1.0123	1.01352	1.05672	1.09045	1.05898	1.03728	1.03736	1.03575	1.03886	1.04747	1.05068	1.04751	1.04707	1.04804	0	0.987429	0.979618	1.01672	1.0153	1.0186	1.0415	1.04953	1.05545	1.06089	1.05162	1.05522	1.1536	1.16416	1.08087	1.07837	1.07746	1.07678	1.0795	1.07488	1.08328	1.02074	1.02231	1.02398	1.16977	1.16604	1.16481	1.1898	1.18912	1.18789	1.15764	1.17027	1.15779	1.17477	1.15696	1.15634	1.15194	1.15103	1.14995	1.17873	1.17833	1.18022	1.19308	1.1797	1.17873	1.17894	1.17801	1.17785	1.18941	1.18463	1.18398	1.21525	1.21463	1.2148	1.16667	1.15054	1.14868	1.14999	1.14926	1.15036	1.15403	1.15795	1.16031	1.16309	1.15824	1.15923	1.15994	1.15832	1.1557	1.1678	1.16838	1.16827
ERR607586-k20-n1-x5e9	0.9497	0.949519	0.94597	0.929407	0.92894	0.929351	1.00421	0.954538	1.10428	0.937942	0.971592	0.971577	1.00498	1.06482	1.00795	0.990268	0.990251	0.989554	0.995299	1.00486	1.00676	1.00332	1.00339	1.00288	0.987429	0	0.929301	0.982842	0.982163	0.98228	1.0004	1.00696	1.01265	1.01549	1.01095	1.0133	1.13017	1.14423	1.03824	1.03621	1.03641	1.03644	1.03386	1.02626	1.03935	0.971354	0.971205	0.974687	1.13797	1.13308	1.13282	1.15523	1.15492	1.15301	1.12167	1.1394	1.12157	1.14259	1.1226	1.12163	1.11914	1.11841	1.11643	1.14365	1.14368	1.14521	1.16752	1.15298	1.15	1.15221	1.15082	1.15106	1.16043	1.15323	1.15298	1.18657	1.18568	1.18682	1.1351	1.11711	1.1137	1.1142	1.11199	1.11812	1.11429	1.11895	1.12015	1.12346	1.12119	1.12148	1.12368	1.11531	1.11306	1.13492	1.13444	1.13513
ERR607587-k20-n1-x5e9	0.933363	0.93217	0.925911	0.906736	0.906582	0.90756	0.993287	0.940118	1.09488	0.92051	0.958206	0.957863	0.991372	1.05575	0.99527	0.974992	0.975404	0.974432	0.984991	0.993298	0.994749	0.99188	0.992752	0.9922	0.979618	0.929301	0	0.97368	0.969194	0.974168	0.985713	0.993703	1.00191	1.00333	1.0011	1.00511	1.12342	1.13741	1.02733	1.02605	1.02712	1.02698	1.02076	1.01317	1.02462	0.954392	0.954566	0.957493	1.1289	1.12324	1.12358	1.14682	1.14633	1.14546	1.10908	1.13018	1.10867	1.13351	1.11008	1.10801	1.10874	1.10481	1.10485	1.13526	1.13431	1.13523	1.16157	1.14604	1.13972	1.14363	1.14281	1.14242	1.15031	1.14221	1.14122	1.17883	1.17821	1.1788	1.12716	1.10687	1.10009	1.10042	1.09844	1.1075	1.10547	1.10964	1.11162	1.11404	1.11362	1.11396	1.10984	1.10303	1.10087	1.12412	1.12284	1.12169
ERR607588-k20-n1-x5e9	0.98858	0.987901	0.983407	0.969829	0.970027	0.97086	1.04128	0.993763	1.12389	0.978905	1.00856	1.00798	1.03425	1.08377	1.04551	1.01738	1.01895	1.0182	1.02615	1.03864	1.04335	1.03822	1.03801	1.03877	1.01672	0.982842	0.97368	0	1.00007	1.00485	1.02755	1.03422	1.04037	1.04497	1.03877	1.04225	1.14824	1.16144	1.07068	1.06958	1.0696	1.06962	1.06928	1.06412	1.07223	1.00969	1.0105	1.01252	1.15762	1.15448	1.15411	1.17945	1.17857	1.17661	1.14644	1.15919	1.14734	1.16225	1.14693	1.14648	1.14132	1.1402	1.13989	1.16791	1.1668	1.16879	1.18949	1.1731	1.17037	1.17201	1.17095	1.17088	1.18013	1.17514	1.17529	1.20547	1.20441	1.20517	1.15674	1.13946	1.13671	1.13822	1.13787	1.14008	1.14044	1.14746	1.14979	1.15392	1.15056	1.1514	1.1486	1.14523	1.14359	1.15595	1.15588	1.15566
ERR607589-k20-n1-x5e9	0.988441	0.986227	0.980932	0.967353	0.967093	0.967338	1.03775	0.990387	1.12235	0.973829	1.00374	1.0043	1.03148	1.08148	1.04296	1.01651	1.01743	1.01697	1.02327	1.03466	1.0393	1.0339	1.03464	1.0351	1.0153	0.982163	0.969194	1.00007	0	1.00214	1.02726	1.03044	1.037	1.04144	1.03456	1.03853	1.14715	1.15955	1.0679	1.06669	1.06716	1.06689	1.068	1.06268	1.07107	1.00554	1.00775	1.00864	1.15651	1.15375	1.15366	1.17768	1.1769	1.17525	1.14685	1.15852	1.14555	1.16237	1.14627	1.14534	1.14031	1.13878	1.13857	1.16696	1.16586	1.16656	1.18819	1.17134	1.16958	1.17089	1.16989	1.16975	1.17888	1.17514	1.17416	1.20412	1.20268	1.20365	1.15549	1.13796	1.13642	1.13764	1.13655	1.13881	1.13757	1.14583	1.14759	1.15179	1.14818	1.14907	1.14752	1.14348	1.14256	1.15494	1.15485	1.15469
ERR607590-k20-n1-x5e9	0.989706	0.990199	0.987022	0.973021	0.973208	0.973389	1.04237	0.995223	1.12307	0.97847	1.00894	1.00946	1.03782	1.08452	1.04619	1.01893	1.02039	1.01887	1.02834	1.04078	1.04504	1.04097	1.0394	1.04119	1.0186	0.98228	0.974168	1.00485	1.00214	0	1.03013	1.03564	1.04341	1.04819	1.04143	1.04554	1.14965	1.16136	1.07319	1.07242	1.07097	1.07113	1.07095	1.06438	1.07399	1.01053	1.0097	1.01156	1.15805	1.15489	1.1543	1.17998	1.17856	1.17735	1.14708	1.15935	1.14688	1.16277	1.14729	1.14704	1.14244	1.14153	1.14036	1.16891	1.16814	1.16976	1.18961	1.17288	1.17109	1.17296	1.1717	1.17154	1.18027	1.17565	1.17506	1.20629	1.20515	1.20639	1.15904	1.14095	1.13856	1.13928	1.13785	1.14139	1.14257	1.1491	1.15171	1.15431	1.15189	1.15172	1.14932	1.14646	1.14451	1.15756	1.15664	1.15695
ERR605737-k20-n1-x5e9	0.911951	0.908927	0.90999	0.882764	0.882618	0.882436	0.911651	0.840086	1.04331	0.818228	0.847454	0.848429	0.96848	1.04434	0.981405	0.946543	0.948212	0.946361	0.919511	0.934547	0.93343	0.9323	0.933371	0.932987	1.0415	1.0004	0.985713	1.02755	1.02726	1.03013	0	0.772543	0.785745	0.79582	0.787803	0.792161	0.98656	1.00438	0.90642	0.901888	0.904095	0.904434	0.915186	0.909401	0.917453	0.853699	0.856271	0.857334	1.09268	1.08714	1.08744	1.12036	1.11895	1.11569	1.07653	1.0946	1.076	1.09781	1.07721	1.07494	1.0739	1.07431	1.07353	1.10682	1.10324	1.10733	1.13648	1.11299	1.11005	1.11293	1.11085	1.11188	1.12243	1.11482	1.11302	1.15075	1.14852	1.15036	1.09204	1.07058	1.06642	1.06697	1.06584	1.07094	1.02343	1.02473	1.02576	1.02858	1.02939	1.02792	1.07758	1.07316	1.07173	1.08992	1.09094	1.09043
ERR605738-k20-n1-x5e9	0.928033	0.917074	0.912251	0.896531	0.896394	0.898061	0.918836	0.840804	1.04695	0.833871	0.85052	0.851183	0.97812	1.05223	0.993025	0.95619	0.958178	0.955616	0.92937	0.937382	0.940919	0.938614	0.938964	0.940262	1.04953	1.00696	0.993703	1.03422	1.03044	1.03564	0.772543	0	0.793763	0.798404	0.794858	0.794134	0.98844	1.00329	0.907398	0.905625	0.906538	0.906045	0.917042	0.913828	0.921412	0.867886	0.869386	0.871139	1.09695	1.09278	1.09308	1.12901	1.12805	1.1256	1.08625	1.09986	1.08618	1.10317	1.08642	1.08504	1.08033	1.07986	1.0778	1.11667	1.1142	1.11701	1.1434	1.11819	1.11514	1.11721	1.11538	1.11571	1.12642	1.12268	1.12146	1.15927	1.15694	1.159	1.10012	1.07718	1.07491	1.07654	1.07654	1.07772	1.02477	1.02838	1.03144	1.03421	1.03317	1.03287	1.08734	1.08045	1.07802	1.09591	1.09567	1.09466
ERR605739-k20-n1-x5e9	0.933449	0.924919	0.918305	0.908762	0.908306	0.908972	0.925848	0.851285	1.0518	0.837445	0.864405	0.861759	0.983693	1.05807	0.996698	0.961584	0.963589	0.961613	0.935205	0.947171	0.947107	0.94577	0.948046	0.947202	1.05545	1.01265	1.00191	1.04037	1.037	1.04341	0.785745	0.793763	0	0.806622	0.801366	0.803987	0.99618	1.00948	0.916299	0.915049	0.916227	0.916064	0.927301	0.919682	0.930432	0.876714	0.878425	0.878354	1.1014	1.09694	1.09656	1.13238	1.13118	1.13078	1.08756	1.10292	1.0879	1.10621	1.08834	1.08895	1.08473	1.0828	1.083	1.12105	1.11946	1.12203	1.14765	1.1204	1.11869	1.12088	1.11884	1.11825	1.12946	1.12397	1.12314	1.16334	1.16145	1.16315	1.10594	1.0815	1.07782	1.07854	1.07708	1.08222	1.0312	1.03485	1.03702	1.03842	1.0389	1.03942	1.09091	1.08611	1.08319	1.09972	1.09862	1.09838
ERR605740-k20-n1-x5e9	0.939101	0.928006	0.922444	0.914835	0.914604	0.910531	0.931644	0.855286	1.05465	0.839735	0.87465	0.871825	0.984698	1.06141	0.997343	0.965714	0.966903	0.96483	0.941152	0.955057	0.955551	0.953828	0.953456	0.953227	1.06089	1.01549	1.00333	1.04497	1.04144	1.04819	0.79582	0.798404	0.806622	0	0.804469	0.806846	0.997504	1.01105	0.920969	0.917391	0.919272	0.919359	0.929181	0.921915	0.932832	0.879661	0.880132	0.881995	1.10596	1.09972	1.09866	1.13533	1.13362	1.13263	1.09142	1.10684	1.09022	1.11076	1.09181	1.09138	1.08786	1.08584	1.08547	1.12587	1.12339	1.12561	1.15176	1.12529	1.12236	1.12407	1.12257	1.1222	1.1333	1.12787	1.12652	1.16661	1.16482	1.16668	1.11165	1.08329	1.08163	1.08177	1.08084	1.08384	1.03387	1.03918	1.04191	1.0419	1.04295	1.04333	1.09289	1.08836	1.08733	1.10136	1.10103	1.10112
ERR605741-k20-n1-x5e9	0.936258	0.930317	0.924701	0.909775	0.909703	0.910619	0.924602	0.848891	1.04891	0.836397	0.84947	0.84995	0.990508	1.05875	1.00154	0.967667	0.967354	0.967144	0.929584	0.941538	0.943353	0.941758	0.942085	0.943558	1.05162	1.01095	1.0011	1.03877	1.03456	1.04143	0.787803	0.794858	0.801366	0.804469	0	0.792828	0.994836	1.00807	0.917447	0.912274	0.911582	0.910593	0.927421	0.923117	0.931331	0.879909	0.880058	0.881859	1.10148	1.0987	1.09771	1.13572	1.13539	1.13291	1.09057	1.10525	1.09047	1.10816	1.09036	1.0908	1.08655	1.08432	1.08355	1.12339	1.12114	1.12349	1.14475	1.12003	1.1186	1.11996	1.11728	1.11795	1.13018	1.12556	1.1248	1.16472	1.16246	1.16418	1.10583	1.08315	1.08083	1.08192	1.08162	1.0847	1.02907	1.03313	1.0351	1.03619	1.03234	1.03439	1.09404	1.08869	1.08463	1.1014	1.10302	1.10269
ERR605742-k20-n1-x5e9	0.938396	0.933332	0.927809	0.914102	0.913868	0.916722	0.926691	0.849615	1.05118	0.837132	0.854125	0.855231	0.992204	1.06152	1.00378	0.969452	0.968798	0.968159	0.933993	0.946593	0.948011	0.946036	0.945206	0.947625	1.05522	1.0133	1.00511	1.04225	1.03853	1.04554	0.792161	0.794134	0.803987	0.806846	0.792828	0	0.995678	1.00755	0.918545	0.913984	0.913298	0.912346	0.929197	0.923576	0.933642	0.881255	0.880628	0.882909	1.10477	1.10018	1.09972	1.13658	1.13563	1.13451	1.09151	1.10645	1.09105	1.10984	1.09155	1.09152	1.08694	1.08765	1.08567	1.12561	1.12333	1.12607	1.14612	1.12239	1.11984	1.12245	1.11972	1.12009	1.13314	1.12674	1.12621	1.16608	1.16472	1.16611	1.10871	1.08476	1.08311	1.08379	1.08228	1.0848	1.03079	1.03501	1.03692	1.03844	1.03544	1.03563	1.0945	1.09021	1.08595	1.10299	1.10303	1.10306
ERR605781-k20-n1-x5e9	1.08713	1.08649	1.08373	1.07427	1.07434	1.07332	1.05432	1.0125	1.13099	1.00211	1.01311	1.01324	1.12112	1.1596	1.12617	1.10814	1.1089	1.10816	1.10522	1.11283	1.10764	1.10969	1.11224	1.11134	1.1536	1.13017	1.12342	1.14824	1.14715	1.14965	0.98656	0.98844	0.99618	0.997504	0.994836	0.995678	0	0.904805	0.888743	0.892378	0.89258	0.894416	0.965961	0.969584	0.964288	0.9746	0.973345	0.97335	1.21504	1.21031	1.2107	1.22663	1.22679	1.22535	1.20384	1.21586	1.20357	1.21834	1.20425	1.20441	1.20097	1.19948	1.19938	1.21969	1.21916	1.22061	1.24122	1.22715	1.22406	1.22552	1.22506	1.22506	1.23015	1.22601	1.22619	1.24967	1.24912	1.24999	1.21438	1.19843	1.19595	1.19603	1.19586	1.19853	1.09052	1.0899	1.09049	1.09037	1.09172	1.09092	1.20464	1.20158	1.20118	1.20971	1.20893	1.20805
ERR605782-k20-n1-x5e9	1.10335	1.10476	1.10243	1.09302	1.09295	1.09324	1.0678	1.03037	1.13987	1.01764	1.02529	1.02506	1.13627	1.17151	1.14096	1.12667	1.12738	1.1266	1.12025	1.12709	1.121	1.12475	1.12674	1.12642	1.16416	1.14423	1.13741	1.16144	1.15955	1.16136	1.00438	1.00329	1.00948	1.01105	1.00807	1.00755	0.904805	0	0.907602	0.909169	0.910364	0.911631	0.978576	0.980888	0.975864	0.991028	0.99047	0.990476	1.22575	1.22159	1.22216	1.23751	1.23701	1.23592	1.21395	1.22661	1.21365	1.2285	1.21431	1.21402	1.21307	1.21104	1.21096	1.22954	1.22861	1.2304	1.2488	1.23645	1.23295	1.23516	1.23453	1.23467	1.23942	1.23498	1.23465	1.25753	1.25693	1.25775	1.22377	1.21088	1.20702	1.20728	1.20663	1.21102	1.10156	1.10043	1.10018	1.0983	1.10017	1.09959	1.21455	1.21314	1.21161	1.22125	1.22066	1.22024
ERR605783-k20-n1-x5e9	0.969993	0.965584	0.956064	0.942108	0.942506	0.94367	0.963582	0.899309	1.07473	0.881212	0.915121	0.914348	1.02387	1.08959	1.03293	1.00406	1.00353	1.00336	0.994955	1.00603	1.00183	1.00299	1.00431	1.00431	1.08087	1.03824	1.02733	1.07068	1.0679	1.07319	0.90642	0.907398	0.916299	0.920969	0.917447	0.918545	0.888743	0.907602	0	0.800707	0.801357	0.80316	0.91329	0.913752	0.913129	0.885528	0.88403	0.88649	1.14122	1.13331	1.13399	1.16165	1.16138	1.15945	1.12134	1.14089	1.12159	1.14448	1.12295	1.12234	1.11811	1.11503	1.11464	1.15041	1.15003	1.15074	1.17879	1.15481	1.15015	1.15341	1.15149	1.15198	1.15969	1.15359	1.15416	1.19158	1.19012	1.19118	1.14398	1.11629	1.11181	1.11235	1.11154	1.11676	1.00564	1.01019	1.01073	1.01364	1.01292	1.01255	1.12272	1.11934	1.1185	1.12966	1.12897	1.12859
ERR605784-k20-n1-x5e9	0.968475	0.96458	0.957042	0.942477	0.942315	0.940415	0.960258	0.895276	1.07212	0.877931	0.906519	0.906395	1.02302	1.08772	1.0352	1.00292	1.00438	1.00319	0.991182	1.00204	1.00009	0.999869	1.00038	1.00121	1.07837	1.03621	1.02605	1.06958	1.06669	1.07242	0.901888	0.905625	0.915049	0.917391	0.912274	0.913984	0.892378	0.909169	0.800707	0	0.794504	0.794738	0.915058	0.914595	0.916237	0.884916	0.885442	0.886718	1.13995	1.13254	1.1327	1.16119	1.1606	1.15869	1.12021	1.13949	1.12073	1.14409	1.12125	1.12125	1.11741	1.11476	1.11388	1.14932	1.14876	1.15072	1.17698	1.15408	1.14968	1.15168	1.15022	1.15045	1.15781	1.15266	1.15297	1.19076	1.18911	1.19016	1.14148	1.11509	1.11132	1.11239	1.1105	1.11544	1.00388	1.00799	1.00907	1.01284	1.00921	1.0095	1.12245	1.11914	1.11812	1.12982	1.12872	1.12806
ERR605785-k20-n1-x5e9	0.970101	0.966113	0.957927	0.943381	0.943757	0.942518	0.961306	0.89677	1.07264	0.876399	0.905518	0.905665	1.02482	1.08748	1.03383	1.00367	1.00474	1.00258	0.990575	1.00219	0.99946	0.999771	1.00084	1.00115	1.07746	1.03641	1.02712	1.0696	1.06716	1.07097	0.904095	0.906538	0.916227	0.919272	0.911582	0.913298	0.89258	0.910364	0.801357	0.794504	0	0.795483	0.916639	0.91715	0.917514	0.886585	0.885236	0.888182	1.13948	1.13119	1.13128	1.16126	1.16044	1.15862	1.1201	1.13854	1.11948	1.14267	1.11996	1.12061	1.11594	1.11339	1.1132	1.14847	1.14837	1.14991	1.17496	1.15235	1.14814	1.15071	1.14911	1.14831	1.15757	1.15161	1.15172	1.18976	1.18883	1.19	1.14176	1.11431	1.10988	1.11239	1.11112	1.11435	1.00042	1.00508	1.00561	1.00897	1.00577	1.00627	1.12182	1.11835	1.11663	1.12973	1.12777	1.12792
ERR605786-k20-n1-x5e9	0.970027	0.966765	0.959037	0.943852	0.943318	0.943	0.960596	0.895928	1.07145	0.875149	0.903416	0.903085	1.02513	1.08726	1.0342	1.00372	1.00491	1.00279	0.988978	1.00062	0.998225	0.998744	0.999212	0.999795	1.07678	1.03644	1.02698	1.06962	1.06689	1.07113	0.904434	0.906045	0.916064	0.919359	0.910593	0.912346	0.894416	0.911631	0.80316	0.794738	0.795483	0	0.917249	0.917921	0.918687	0.886525	0.885467	0.888448	1.13965	1.13105	1.13125	1.16141	1.16042	1.15897	1.12018	1.13877	1.1195	1.14275	1.12003	1.12054	1.11605	1.11316	1.1133	1.14892	1.14849	1.15011	1.17438	1.15144	1.14774	1.15047	1.149	1.14793	1.15774	1.15168	1.15197	1.18977	1.18902	1.19014	1.14141	1.11407	1.10985	1.11257	1.11124	1.11428	0.999201	1.004	1.00435	1.00794	1.00414	1.00476	1.12231	1.11869	1.11717	1.13005	1.12864	1.12847
ERR608811-k20-n1-x5e9	0.946591	0.937557	0.932622	0.911272	0.911942	0.912182	0.970609	0.914696	1.08234	0.889989	0.925987	0.92644	1.02173	1.09432	1.03156	1.00724	1.00782	1.00687	0.983755	0.997378	0.992214	0.994278	0.99538	0.995919	1.0795	1.03386	1.02076	1.06928	1.068	1.07095	0.915186	0.917042	0.927301	0.929181	0.927421	0.929197	0.965961	0.978576	0.91329	0.915058	0.916639	0.917249	0	0.816225	0.819479	0.804079	0.803595	0.80254	1.13575	1.12921	1.13078	1.1507	1.15114	1.14895	1.11149	1.13577	1.11092	1.13899	1.11374	1.1119	1.1107	1.10592	1.10687	1.13737	1.13729	1.13803	1.17675	1.15652	1.14913	1.15434	1.15399	1.15333	1.15557	1.14699	1.14701	1.18534	1.18429	1.18584	1.13585	1.11202	1.10469	1.10398	1.10187	1.11281	1.05015	1.05153	1.0528	1.05347	1.05707	1.05557	1.11283	1.10885	1.10868	1.12672	1.12432	1.12292
ERR608812-k20-n1-x5e9	0.937306	0.927644	0.915796	0.901909	0.901885	0.899626	0.969384	0.906843	1.07959	0.881719	0.921503	0.921516	1.01092	1.08913	1.02281	0.995931	0.997564	0.996489	0.977875	0.990286	0.987308	0.986428	0.988695	0.987904	1.07488	1.02626	1.01317	1.06412	1.06268	1.06438	0.909401	0.913828	0.919682	0.921915	0.923117	0.923576	0.969584	0.980888	0.913752	0.914595	0.91715	0.917921	0.816225	0	0.815276	0.788605	0.787906	0.792453	1.12954	1.12064	1.12207	1.14547	1.14465	1.14275	1.1044	1.12815	1.10328	1.13309	1.10623	1.10508	1.10249	1.09637	1.09742	1.13359	1.13233	1.13357	1.17268	1.1504	1.14212	1.14684	1.14669	1.14581	1.14793	1.14047	1.14093	1.18056	1.1793	1.18046	1.13085	1.10328	1.09524	1.09528	1.09422	1.1038	1.04374	1.0503	1.05054	1.04879	1.05305	1.0513	1.10588	1.10174	1.10293	1.11723	1.11484	1.11402
ERR608813-k20-n1-x5e9	0.949666	0.941579	0.935975	0.917711	0.918041	0.916739	0.9736	0.9191	1.0842	0.898175	0.932064	0.93197	1.02542	1.09733	1.03383	1.01127	1.01154	1.01084	0.989194	1.00111	0.995546	0.997912	0.999973	0.999257	1.08328	1.03935	1.02462	1.07223	1.07107	1.07399	0.917453	0.921412	0.930432	0.932832	0.931331	0.933642	0.964288	0.975864	0.913129	0.916237	0.917514	0.918687	0.819479	0.815276	0	0.800761	0.799991	0.801198	1.13849	1.13264	1.13429	1.15326	1.15224	1.15035	1.11572	1.13882	1.11561	1.14202	1.11763	1.1159	1.11582	1.11118	1.11102	1.13925	1.1393	1.14032	1.17973	1.16075	1.15445	1.15807	1.15786	1.1578	1.15951	1.15073	1.15141	1.18706	1.18739	1.187	1.1394	1.11674	1.10912	1.10884	1.10599	1.11717	1.05302	1.05461	1.05703	1.05524	1.0596	1.0587	1.11677	1.11044	1.1111	1.12957	1.12717	1.12639
ERR608814-k20-n1-x5e9	0.850437	0.841474	0.830196	0.809965	0.808377	0.808343	0.911152	0.837096	1.0427	0.812275	0.867286	0.86501	0.946833	1.04101	0.963544	0.922657	0.924821	0.92132	0.902248	0.915706	0.914922	0.914197	0.914236	0.915179	1.02074	0.971354	0.954392	1.00969	1.00554	1.01053	0.853699	0.867886	0.876714	0.879661	0.879909	0.881255	0.9746	0.991028	0.885528	0.884916	0.886585	0.886525	0.804079	0.788605	0.800761	0	0.707048	0.707411	1.07486	1.06543	1.06787	1.09308	1.09177	1.09079	1.05083	1.07377	1.05072	1.07806	1.05236	1.05162	1.04664	1.04154	1.04248	1.07681	1.07574	1.07829	1.1232	1.10078	1.09646	1.10066	1.09868	1.09857	1.10272	1.09435	1.09467	1.13526	1.13443	1.13588	1.07595	1.04848	1.04181	1.04157	1.04153	1.04931	0.997972	1.0051	1.0068	1.00895	1.00946	1.00984	1.05277	1.05095	1.0493	1.06503	1.06119	1.06125
ERR608815-k20-n1-x5e9	0.849729	0.84252	0.831246	0.808509	0.808883	0.80859	0.909812	0.838356	1.04206	0.811086	0.864646	0.86809	0.946429	1.04211	0.963022	0.923473	0.923536	0.92279	0.903921	0.917346	0.915632	0.915763	0.916082	0.916739	1.02231	0.971205	0.954566	1.0105	1.00775	1.0097	0.856271	0.869386	0.878425	0.880132	0.880058	0.880628	0.973345	0.99047	0.88403	0.885442	0.885236	0.885467	0.803595	0.787906	0.799991	0.707048	0	0.703688	1.07569	1.06576	1.06798	1.09375	1.09262	1.09107	1.05165	1.07479	1.05078	1.07807	1.05311	1.05189	1.04439	1.04222	1.04289	1.0757	1.07605	1.07722	1.12325	1.10045	1.09648	1.10022	1.09918	1.09892	1.10245	1.09492	1.09503	1.13489	1.13431	1.1358	1.0765	1.04722	1.04258	1.04341	1.04158	1.04831	0.998237	1.00487	1.00608	1.00775	1.009	1.01092	1.053	1.0509	1.04991	1.06542	1.06213	1.06067
