	ERR608173-k20-n1-x5e9	ERR608174-k20-n1-x5e9	ERR608175-k20-n1-x5e9	ERR608176-k20-n1-x5e9	ERR608177-k20-n1-x5e9	ERR608178-k20-n1-x5e9	ERR608007-k20-n1-x5e9	ERR608008-k20-n1-x5e9	ERR608009-k20-n1-x5e9	ERR608010-k20-n1-x5e9	ERR608011-k20-n1-x5e9	ERR608012-k20-n1-x5e9	ERR610169-k20-n1-x5e9	ERR610170-k20-n1-x5e9	ERR610171-k20-n1-x5e9	ERR610172-k20-n1-x5e9	ERR610173-k20-n1-x5e9	ERR610174-k20-n1-x5e9	ERR605399-k20-n1-x5e9	ERR605400-k20-n1-x5e9	ERR605401-k20-n1-x5e9	ERR605402-k20-n1-x5e9	ERR605403-k20-n1-x5e9	ERR605404-k20-n1-x5e9	ERR607621-k20-n1-x5e9	ERR607622-k20-n1-x5e9	ERR607623-k20-n1-x5e9	ERR607624-k20-n1-x5e9	ERR607625-k20-n1-x5e9	ERR607626-k20-n1-x5e9	ERR608555-k20-n1-x5e9	ERR608556-k20-n1-x5e9	ERR608557-k20-n1-x5e9	ERR608558-k20-n1-x5e9	ERR608559-k20-n1-x5e9	ERR608560-k20-n1-x5e9	ERR605878-k20-n1-x5e9	ERR605879-k20-n1-x5e9	ERR605880-k20-n1-x5e9	ERR605881-k20-n1-x5e9	ERR605882-k20-n1-x5e9	ERR605883-k20-n1-x5e9	ERR608713-k20-n1-x5e9	ERR608714-k20-n1-x5e9	ERR608715-k20-n1-x5e9	ERR608716-k20-n1-x5e9	ERR608717-k20-n1-x5e9	ERR608718-k20-n1-x5e9	ERR608943-k20-n1-x5e9	ERR608944-k20-n1-x5e9	ERR608945-k20-n1-x5e9	ERR608946-k20-n1-x5e9	ERR608947-k20-n1-x5e9	ERR608948-k20-n1-x5e9	ERR608389-k20-n1-x5e9	ERR608390-k20-n1-x5e9	ERR608391-k20-n1-x5e9	ERR608392-k20-n1-x5e9	ERR608393-k20-n1-x5e9	ERR608394-k20-n1-x5e9	ERR608463-k20-n1-x5e9	ERR608464-k20-n1-x5e9	ERR608465-k20-n1-x5e9	ERR608466-k20-n1-x5e9	ERR608467-k20-n1-x5e9	ERR608468-k20-n1-x5e9	ERR606666-k20-n1-x5e9	ERR606667-k20-n1-x5e9	ERR606668-k20-n1-x5e9	ERR606669-k20-n1-x5e9	ERR606670-k20-n1-x5e9	ERR606671-k20-n1-x5e9	ERR608025-k20-n1-x5e9	ERR608026-k20-n1-x5e9	ERR608027-k20-n1-x5e9	ERR608028-k20-n1-x5e9	ERR608029-k20-n1-x5e9	ERR608030-k20-n1-x5e9	ERR606030-k20-n1-x5e9	ERR606031-k20-n1-x5e9	ERR606032-k20-n1-x5e9	ERR606033-k20-n1-x5e9	ERR606034-k20-n1-x5e9	ERR606035-k20-n1-x5e9	ERR608215-k20-n1-x5e9	ERR608216-k20-n1-x5e9	ERR608217-k20-n1-x5e9	ERR608218-k20-n1-x5e9	ERR608219-k20-n1-x5e9	ERR608220-k20-n1-x5e9	ERR606678-k20-n1-x5e9	ERR606679-k20-n1-x5e9	ERR606680-k20-n1-x5e9	ERR606681-k20-n1-x5e9	ERR606682-k20-n1-x5e9	ERR606683-k20-n1-x5e9
ERR608173-k20-n1-x5e9	0	0.290119	0.310978	0.284988	0.281307	0.275927	0.368038	0.357738	0.333539	0.395898	0.391639	0.397104	0.412759	0.372073	0.381234	0.440818	0.439139	0.442074	0.384157	0.443126	0.3807	0.368105	0.37014	0.370219	0.56389	0.54835	0.548464	0.562561	0.562669	0.563461	0.397427	0.401764	0.410682	0.428597	0.429401	0.434002	0.469149	0.488517	0.347498	0.348071	0.349549	0.3505	0.413236	0.428744	0.434207	0.424236	0.424545	0.424745	0.540685	0.53846	0.538951	0.526969	0.527088	0.526353	0.478315	0.468685	0.474902	0.473755	0.476394	0.468423	0.401788	0.358727	0.347506	0.345395	0.344641	0.357139	0.669079	0.565039	0.565984	0.574245	0.571499	0.572458	0.576811	0.554476	0.556327	0.555014	0.553703	0.554053	0.542813	0.51601	0.516751	0.506254	0.504057	0.503348	0.552918	0.554114	0.55569	0.552724	0.555184	0.553093	0.662076	0.573532	0.574329	0.581223	0.579248	0.578885
ERR608174-k20-n1-x5e9	0.290119	0	0.262975	0.265331	0.266142	0.268056	0.419127	0.324133	0.323747	0.346784	0.344271	0.3481	0.367331	0.417059	0.354051	0.392268	0.390911	0.39292	0.387395	0.500285	0.397259	0.386509	0.387165	0.388567	0.527614	0.520551	0.51917	0.52608	0.526491	0.526827	0.416992	0.387065	0.387573	0.395784	0.397133	0.399939	0.529957	0.550417	0.373351	0.379601	0.381404	0.383227	0.432211	0.405616	0.404449	0.401553	0.402472	0.403579	0.528338	0.52078	0.522611	0.525123	0.524917	0.523651	0.499379	0.470122	0.467808	0.466056	0.467265	0.470446	0.459598	0.403308	0.382951	0.37827	0.375078	0.401964	0.69365	0.561496	0.564485	0.579665	0.567598	0.569969	0.59972	0.559045	0.554572	0.557154	0.556361	0.555865	0.555097	0.498657	0.497954	0.509646	0.506163	0.507148	0.530343	0.527621	0.530438	0.544852	0.546542	0.545939	0.681711	0.5614	0.565006	0.576483	0.565892	0.566863
ERR608175-k20-n1-x5e9	0.310978	0.262975	0	0.271931	0.274538	0.279707	0.445419	0.322121	0.333587	0.334381	0.332833	0.335727	0.355583	0.43876	0.351762	0.376865	0.375791	0.37734	0.394383	0.524353	0.408769	0.39994	0.399777	0.401672	0.514171	0.510821	0.509008	0.51259	0.51303	0.513177	0.428782	0.387519	0.384865	0.38794	0.38922	0.391164	0.557181	0.577627	0.393523	0.400985	0.402621	0.404091	0.44242	0.40117	0.397406	0.397555	0.398764	0.400258	0.525335	0.51582	0.51775	0.526842	0.526559	0.524988	0.509741	0.474393	0.468497	0.466738	0.467414	0.474686	0.483924	0.425482	0.402384	0.397933	0.393735	0.423813	0.702283	0.560598	0.564299	0.581854	0.566096	0.569098	0.608697	0.561951	0.555236	0.559006	0.558347	0.557771	0.560122	0.493555	0.492197	0.512853	0.508855	0.510425	0.523211	0.518797	0.522091	0.543777	0.545262	0.545165	0.688239	0.557002	0.561434	0.574644	0.560791	0.562224
ERR608176-k20-n1-x5e9	0.284988	0.265331	0.271931	0	0.26034	0.262797	0.41484	0.327939	0.326881	0.351086	0.348121	0.351987	0.370479	0.404784	0.353202	0.392774	0.391687	0.393811	0.374373	0.486897	0.382767	0.374292	0.37474	0.375848	0.525091	0.51536	0.51475	0.523779	0.523956	0.5246	0.40125	0.37796	0.380425	0.389426	0.390434	0.39318	0.524328	0.543814	0.369593	0.372918	0.374039	0.374362	0.414432	0.396138	0.397226	0.391898	0.392567	0.393385	0.520276	0.51435	0.514995	0.517867	0.517727	0.516548	0.486947	0.462021	0.460774	0.460015	0.46115	0.462038	0.445431	0.391772	0.371749	0.368315	0.364996	0.389775	0.677117	0.549833	0.552309	0.565554	0.554618	0.556879	0.583987	0.546869	0.543842	0.545359	0.543879	0.543707	0.540024	0.491317	0.491068	0.498726	0.495183	0.496211	0.524871	0.52331	0.525349	0.536839	0.538651	0.537685	0.664398	0.55065	0.553566	0.563233	0.554482	0.55501
ERR608177-k20-n1-x5e9	0.281307	0.266142	0.274538	0.26034	0	0.261725	0.410186	0.32965	0.326465	0.354356	0.351235	0.355487	0.373232	0.400268	0.354153	0.396263	0.394899	0.397231	0.372587	0.481389	0.379752	0.370813	0.371532	0.37258	0.527305	0.516811	0.516259	0.525921	0.526222	0.526883	0.39852	0.377895	0.381311	0.39145	0.392316	0.395242	0.519037	0.538347	0.366017	0.369294	0.370099	0.370523	0.411712	0.396764	0.398608	0.392658	0.393197	0.393916	0.520217	0.514673	0.51522	0.516839	0.516596	0.515441	0.484254	0.460624	0.460267	0.459379	0.46055	0.46072	0.439855	0.386818	0.367571	0.364335	0.361019	0.385138	0.674582	0.548691	0.551157	0.563879	0.5537	0.555646	0.581371	0.545456	0.543033	0.544037	0.54258	0.542409	0.537655	0.491318	0.491059	0.496871	0.49338	0.494238	0.52586	0.524729	0.52659	0.536579	0.538326	0.537318	0.662306	0.550444	0.552987	0.562337	0.554247	0.554735
ERR608178-k20-n1-x5e9	0.275927	0.268056	0.279707	0.262797	0.261725	0	0.399409	0.332953	0.324597	0.36183	0.358368	0.362916	0.380261	0.393236	0.357865	0.404989	0.403493	0.406119	0.374309	0.47316	0.379406	0.369573	0.370468	0.371055	0.534984	0.523319	0.522729	0.533634	0.533848	0.534506	0.398029	0.381886	0.38636	0.398651	0.399488	0.402958	0.50786	0.52763	0.360715	0.363504	0.364529	0.365378	0.412114	0.403211	0.405669	0.3987	0.399348	0.400179	0.523756	0.5189	0.519688	0.517877	0.517648	0.516611	0.482473	0.461053	0.461921	0.46088	0.462572	0.461063	0.4316	0.379623	0.361702	0.358564	0.355729	0.378107	0.67368	0.552051	0.554111	0.566005	0.55739	0.559307	0.580674	0.547055	0.545319	0.545988	0.544556	0.54464	0.538688	0.495953	0.49587	0.497928	0.494926	0.495426	0.531065	0.530383	0.532307	0.539106	0.541226	0.539733	0.662726	0.555487	0.557592	0.566461	0.559881	0.560079
ERR608007-k20-n1-x5e9	0.368038	0.419127	0.445419	0.41484	0.410186	0.399409	0	0.407048	0.354915	0.46139	0.456821	0.463811	0.496889	0.361242	0.454707	0.530564	0.528272	0.531933	0.456623	0.405446	0.438998	0.423618	0.426892	0.425762	0.649963	0.62878	0.628448	0.648608	0.648428	0.649549	0.434734	0.470035	0.483852	0.511433	0.512078	0.517673	0.393012	0.409953	0.381393	0.383519	0.385666	0.387815	0.456577	0.509431	0.51755	0.504587	0.504587	0.504747	0.600027	0.601637	0.603292	0.569032	0.569563	0.569779	0.512757	0.523835	0.538129	0.536241	0.540429	0.524608	0.371454	0.359709	0.368283	0.367863	0.37198	0.360977	0.67927	0.621418	0.620102	0.619942	0.629897	0.629025	0.59895	0.598999	0.60679	0.602031	0.602195	0.60295	0.582238	0.58935	0.591252	0.558413	0.559945	0.556611	0.622818	0.626795	0.628684	0.60479	0.608062	0.604783	0.680547	0.63985	0.637747	0.639662	0.648621	0.646739
ERR608008-k20-n1-x5e9	0.357738	0.324133	0.322121	0.327939	0.32965	0.332953	0.407048	0	0.269049	0.264462	0.262796	0.265705	0.337581	0.419949	0.330956	0.358615	0.357387	0.35941	0.381801	0.518216	0.395825	0.390033	0.38974	0.391538	0.51539	0.506947	0.505719	0.513862	0.514012	0.514767	0.399948	0.358574	0.355997	0.361243	0.362331	0.364386	0.561151	0.580697	0.396354	0.404779	0.404794	0.405633	0.413818	0.37613	0.373785	0.372919	0.37393	0.375274	0.511374	0.504262	0.506086	0.513153	0.512884	0.511469	0.503666	0.470497	0.465069	0.464049	0.463865	0.471121	0.473411	0.416019	0.392444	0.388421	0.383898	0.414462	0.684113	0.547207	0.550758	0.566576	0.55238	0.555039	0.591826	0.546056	0.540301	0.543763	0.543249	0.542961	0.546285	0.490346	0.489715	0.506268	0.503128	0.504804	0.514871	0.512397	0.515413	0.52991	0.531372	0.531124	0.668022	0.545428	0.548744	0.560059	0.550111	0.550734
ERR608009-k20-n1-x5e9	0.333539	0.323747	0.333587	0.326881	0.326465	0.324597	0.354915	0.269049	0	0.307984	0.30488	0.310325	0.369991	0.38914	0.347945	0.399994	0.398176	0.401078	0.387631	0.482412	0.392026	0.381343	0.382434	0.383332	0.550993	0.538355	0.537026	0.549419	0.549421	0.550234	0.396186	0.375654	0.379036	0.394776	0.396021	0.399767	0.512485	0.532906	0.367388	0.376146	0.377149	0.379012	0.41508	0.40492	0.405938	0.400721	0.401592	0.402479	0.531502	0.526367	0.528794	0.520919	0.520901	0.519961	0.497368	0.474664	0.475824	0.473978	0.475646	0.475579	0.437616	0.384244	0.365632	0.36146	0.359292	0.383207	0.681687	0.56471	0.566842	0.578342	0.571732	0.573244	0.590326	0.556025	0.553812	0.555094	0.555051	0.554793	0.552955	0.512912	0.512903	0.513873	0.512403	0.512438	0.540852	0.540197	0.543441	0.545207	0.547467	0.546216	0.670967	0.569496	0.571319	0.580238	0.576138	0.575884
ERR608010-k20-n1-x5e9	0.395898	0.346784	0.334381	0.351086	0.354356	0.36183	0.46139	0.264462	0.307984	0	0.245089	0.244069	0.325255	0.458751	0.336698	0.332437	0.332201	0.332836	0.395102	0.557707	0.415927	0.414897	0.413274	0.415359	0.487884	0.484932	0.483976	0.48633	0.486715	0.487194	0.418168	0.361254	0.353107	0.345813	0.347036	0.346894	0.60914	0.627622	0.435944	0.443424	0.443195	0.443098	0.42772	0.365778	0.359491	0.363925	0.365312	0.366565	0.502987	0.493731	0.494854	0.517157	0.516771	0.514728	0.521171	0.47998	0.469006	0.46852	0.466765	0.48043	0.513791	0.456476	0.430289	0.426202	0.420482	0.454105	0.692953	0.540826	0.545866	0.565332	0.544041	0.547826	0.60198	0.547543	0.538176	0.543789	0.543209	0.542302	0.550375	0.480042	0.478571	0.510844	0.506329	0.509466	0.499009	0.494496	0.497292	0.525276	0.525819	0.526826	0.672433	0.53216	0.537291	0.550873	0.534689	0.536165
ERR608011-k20-n1-x5e9	0.391639	0.344271	0.332833	0.348121	0.351235	0.358368	0.456821	0.262796	0.30488	0.245089	0	0.244793	0.325368	0.454154	0.334678	0.333294	0.332938	0.333792	0.391837	0.553409	0.412054	0.410894	0.409558	0.41128	0.488524	0.484843	0.48404	0.487152	0.487411	0.487807	0.414484	0.359028	0.351545	0.345197	0.346304	0.346564	0.604945	0.623408	0.431806	0.439065	0.438643	0.438596	0.423965	0.364419	0.35873	0.362552	0.363867	0.365117	0.501792	0.492926	0.494017	0.515086	0.514756	0.512802	0.517742	0.477431	0.466689	0.46637	0.464729	0.477736	0.509257	0.452038	0.425924	0.421856	0.416294	0.449624	0.69042	0.53937	0.54432	0.563287	0.54249	0.546279	0.598998	0.545187	0.536312	0.541623	0.540972	0.540181	0.547687	0.479009	0.477741	0.50844	0.504144	0.507103	0.498711	0.494606	0.497251	0.52402	0.524605	0.525458	0.66993	0.531194	0.536109	0.549334	0.533757	0.53506
ERR608012-k20-n1-x5e9	0.397104	0.3481	0.335727	0.351987	0.355487	0.362916	0.463811	0.265705	0.310325	0.244069	0.244793	0	0.324938	0.459629	0.336808	0.330935	0.330773	0.331185	0.394305	0.558672	0.415357	0.414701	0.413043	0.415092	0.485369	0.482346	0.481605	0.483856	0.48425	0.484648	0.417524	0.360275	0.35191	0.343872	0.344978	0.344949	0.610861	0.629319	0.437189	0.444388	0.444033	0.443687	0.426354	0.36364	0.357481	0.362256	0.36332	0.364677	0.501034	0.491852	0.492845	0.5163	0.515925	0.513903	0.520575	0.479326	0.467962	0.467598	0.465786	0.479573	0.514425	0.457492	0.431028	0.427064	0.421309	0.454968	0.691474	0.538892	0.544	0.563516	0.541758	0.545666	0.600527	0.545941	0.536472	0.542282	0.541404	0.540714	0.548849	0.478272	0.476794	0.509876	0.505435	0.508479	0.496985	0.492469	0.495092	0.523752	0.524329	0.52533	0.670781	0.529752	0.534976	0.548536	0.531996	0.533483
ERR610169-k20-n1-x5e9	0.412759	0.367331	0.355583	0.370479	0.373232	0.380261	0.496889	0.337581	0.369991	0.325255	0.325368	0.324938	0	0.416442	0.259659	0.25352	0.25251	0.253956	0.369153	0.543214	0.391098	0.392418	0.389697	0.391976	0.459052	0.449197	0.447336	0.457262	0.457691	0.458064	0.391988	0.332212	0.323473	0.320446	0.32139	0.32241	0.614366	0.632555	0.445182	0.454705	0.453795	0.454399	0.396796	0.331872	0.326196	0.330457	0.331794	0.332986	0.455398	0.447291	0.449653	0.469162	0.468677	0.466614	0.499861	0.455259	0.442357	0.442295	0.440063	0.456827	0.499993	0.44054	0.41315	0.408934	0.402957	0.438298	0.652622	0.491355	0.496149	0.516001	0.496787	0.499662	0.57113	0.511861	0.500828	0.507216	0.507189	0.506471	0.502837	0.433107	0.432599	0.463544	0.459308	0.462952	0.462943	0.460597	0.464034	0.477748	0.478635	0.4792	0.626975	0.487254	0.490831	0.502814	0.493198	0.493701
ERR610170-k20-n1-x5e9	0.372073	0.417059	0.43876	0.404784	0.400268	0.393236	0.361242	0.419949	0.38914	0.458751	0.454154	0.459629	0.416442	0	0.367745	0.446643	0.444209	0.448568	0.379127	0.376257	0.360741	0.353464	0.355006	0.353994	0.583972	0.553155	0.554424	0.5827	0.582328	0.583867	0.352064	0.396937	0.413609	0.44224	0.442348	0.448858	0.449355	0.463234	0.388378	0.38621	0.384415	0.383811	0.364634	0.429774	0.441897	0.425481	0.424995	0.424498	0.513317	0.519652	0.519812	0.483945	0.484531	0.484934	0.445517	0.459696	0.472497	0.473298	0.475891	0.460099	0.331744	0.316168	0.319607	0.321441	0.323401	0.314937	0.573527	0.522484	0.519555	0.515129	0.530296	0.528177	0.508031	0.512513	0.522275	0.516311	0.514895	0.516338	0.477636	0.50498	0.508337	0.465128	0.465709	0.46285	0.549032	0.556833	0.557208	0.519257	0.522491	0.518531	0.567653	0.546335	0.541174	0.538419	0.556296	0.553231
ERR610171-k20-n1-x5e9	0.381234	0.354051	0.351762	0.353202	0.354153	0.357865	0.454707	0.330956	0.347945	0.336698	0.334678	0.336808	0.259659	0.367745	0	0.282522	0.280709	0.283802	0.3435	0.499586	0.358977	0.358449	0.356133	0.358115	0.478667	0.461025	0.459861	0.477025	0.477127	0.477951	0.35803	0.317515	0.316527	0.32583	0.326432	0.329861	0.574048	0.592391	0.413202	0.421821	0.420689	0.421326	0.36589	0.329281	0.329612	0.3264	0.327321	0.328228	0.451707	0.447574	0.449541	0.453001	0.452784	0.451281	0.472805	0.437014	0.429704	0.429915	0.428811	0.438674	0.454672	0.39647	0.371213	0.367335	0.362215	0.39462	0.627797	0.482353	0.485113	0.500046	0.489165	0.490644	0.546548	0.496138	0.489219	0.49309	0.492685	0.492432	0.480915	0.432203	0.432828	0.444383	0.441211	0.443389	0.469128	0.469885	0.472728	0.470195	0.471863	0.471189	0.604755	0.486384	0.487549	0.496053	0.494311	0.493616
ERR610172-k20-n1-x5e9	0.440818	0.392268	0.376865	0.392774	0.396263	0.404989	0.530564	0.358615	0.399994	0.332437	0.333294	0.330935	0.25352	0.446643	0.282522	0	0.241021	0.240861	0.383403	0.569063	0.408266	0.413654	0.410239	0.412598	0.441907	0.435374	0.434296	0.440547	0.440796	0.441135	0.406182	0.341066	0.328683	0.31532	0.315988	0.314821	0.644443	0.661799	0.472343	0.480706	0.479458	0.479203	0.406504	0.328417	0.321085	0.328863	0.330087	0.331292	0.452366	0.443505	0.444514	0.479416	0.478876	0.476703	0.513633	0.46725	0.451568	0.452326	0.448969	0.468723	0.526658	0.469567	0.441992	0.437974	0.431505	0.466914	0.656644	0.488806	0.494864	0.517285	0.491546	0.495305	0.576576	0.514595	0.502043	0.509455	0.509475	0.508388	0.507864	0.430626	0.429644	0.473866	0.468922	0.473672	0.454419	0.451143	0.453581	0.478755	0.478558	0.480265	0.628113	0.478199	0.483361	0.496549	0.481624	0.482615
ERR610173-k20-n1-x5e9	0.439139	0.390911	0.375791	0.391687	0.394899	0.403493	0.528272	0.357387	0.398176	0.332201	0.332938	0.330773	0.25251	0.444209	0.280709	0.241021	0	0.24122	0.382375	0.567302	0.407003	0.412031	0.40866	0.411045	0.442767	0.435671	0.434459	0.441105	0.441427	0.441788	0.404708	0.339953	0.328093	0.315392	0.315792	0.314938	0.642541	0.659783	0.470747	0.479185	0.477793	0.477538	0.405269	0.328194	0.320985	0.328544	0.329829	0.330804	0.451621	0.442929	0.443946	0.477973	0.47742	0.475195	0.512109	0.465906	0.450547	0.451053	0.447769	0.467195	0.524738	0.467545	0.43992	0.436136	0.42949	0.464799	0.655717	0.488386	0.494411	0.51654	0.491203	0.495011	0.575508	0.513844	0.501458	0.508762	0.508815	0.507775	0.506909	0.430145	0.429147	0.472568	0.467703	0.472466	0.454253	0.451084	0.453669	0.477806	0.477594	0.47916	0.627508	0.478584	0.483441	0.49663	0.482094	0.483063
ERR610174-k20-n1-x5e9	0.442074	0.39292	0.37734	0.393811	0.397231	0.406119	0.531933	0.35941	0.401078	0.332836	0.333792	0.331185	0.253956	0.448568	0.283802	0.240861	0.24122	0	0.384935	0.570784	0.410025	0.415239	0.412037	0.414336	0.441745	0.435589	0.43437	0.440248	0.440494	0.440958	0.408178	0.342568	0.330172	0.31645	0.317044	0.315968	0.645701	0.662975	0.473484	0.481977	0.480717	0.480416	0.408581	0.329557	0.322238	0.330288	0.33152	0.332602	0.453154	0.444124	0.445169	0.480706	0.480101	0.47775	0.515089	0.468431	0.452816	0.453379	0.450024	0.469905	0.528373	0.471353	0.443651	0.439705	0.433052	0.468496	0.658131	0.490053	0.496283	0.518687	0.49277	0.496713	0.577959	0.51598	0.503449	0.510844	0.510852	0.509824	0.509612	0.431557	0.430616	0.475357	0.470471	0.475214	0.454859	0.4514	0.453948	0.479709	0.479531	0.481095	0.629615	0.479116	0.484344	0.49773	0.482373	0.483389
ERR605399-k20-n1-x5e9	0.384157	0.387395	0.394383	0.374373	0.372587	0.374309	0.456623	0.381801	0.387631	0.395102	0.391837	0.394305	0.369153	0.379127	0.3435	0.383403	0.382375	0.384935	0	0.414097	0.264529	0.268982	0.267372	0.268188	0.511005	0.487599	0.489011	0.510611	0.510362	0.511822	0.341611	0.336453	0.343647	0.356782	0.356768	0.360385	0.549651	0.565227	0.405689	0.40666	0.403834	0.401033	0.33283	0.335985	0.343617	0.333658	0.332901	0.332606	0.475445	0.477162	0.475935	0.47739	0.476977	0.476174	0.466647	0.450744	0.449739	0.452526	0.451479	0.45152	0.420064	0.374519	0.35581	0.355538	0.350423	0.372509	0.594866	0.475827	0.476424	0.484666	0.479676	0.480527	0.52816	0.497352	0.497233	0.497249	0.494407	0.494814	0.470821	0.454451	0.456174	0.449801	0.446966	0.448164	0.497416	0.501796	0.501728	0.492644	0.493869	0.492361	0.573249	0.48273	0.481387	0.485213	0.488414	0.487062
ERR605400-k20-n1-x5e9	0.443126	0.500285	0.524353	0.486897	0.481389	0.47316	0.405446	0.518216	0.482412	0.557707	0.553409	0.558672	0.543214	0.376257	0.499586	0.569063	0.567302	0.570784	0.414097	0	0.386256	0.377467	0.380393	0.378187	0.664003	0.636168	0.637421	0.663334	0.66297	0.664383	0.439718	0.495261	0.511857	0.538858	0.538778	0.544297	0.419403	0.42338	0.445975	0.439674	0.438538	0.436886	0.440414	0.517074	0.52881	0.512999	0.512062	0.511352	0.600728	0.607636	0.606968	0.572756	0.573205	0.574037	0.51678	0.54255	0.557626	0.558749	0.561863	0.543088	0.353698	0.37479	0.391244	0.395124	0.398917	0.375485	0.6049	0.591824	0.587484	0.578871	0.597616	0.595245	0.568274	0.589022	0.601288	0.59422	0.591488	0.59336	0.548873	0.589397	0.592397	0.545508	0.546578	0.543042	0.632987	0.64057	0.640262	0.605339	0.608295	0.604178	0.607077	0.614349	0.608507	0.603612	0.622031	0.619243
ERR605401-k20-n1-x5e9	0.3807	0.397259	0.408769	0.382767	0.379752	0.379406	0.438998	0.395825	0.392026	0.415927	0.412054	0.415357	0.391098	0.360741	0.358977	0.408266	0.407003	0.410025	0.264529	0.386256	0	0.263768	0.262906	0.262651	0.531525	0.505528	0.507244	0.530895	0.53071	0.532268	0.33638	0.349109	0.359601	0.377565	0.37753	0.382068	0.52745	0.542446	0.39903	0.398561	0.395608	0.392702	0.328709	0.354565	0.364533	0.352085	0.351085	0.3504	0.486261	0.489811	0.488585	0.482239	0.482117	0.481619	0.461347	0.455023	0.457794	0.460203	0.460144	0.455437	0.396055	0.357256	0.343139	0.343618	0.339903	0.355299	0.58297	0.483396	0.482779	0.487149	0.487882	0.487961	0.520575	0.50049	0.503528	0.501759	0.498868	0.499911	0.469362	0.467862	0.470167	0.453996	0.451921	0.451939	0.512246	0.517898	0.517529	0.501337	0.502826	0.500699	0.564419	0.494827	0.492219	0.49365	0.501461	0.49964
ERR605402-k20-n1-x5e9	0.368105	0.386509	0.39994	0.374292	0.370813	0.369573	0.423618	0.390033	0.381343	0.414897	0.410894	0.414701	0.392418	0.353464	0.358449	0.413654	0.412031	0.415239	0.268982	0.377467	0.263768	0	0.259446	0.259618	0.538592	0.513801	0.515088	0.537829	0.537642	0.538984	0.343814	0.356443	0.367194	0.386912	0.387052	0.391752	0.510577	0.526765	0.385024	0.385142	0.382882	0.380981	0.339189	0.365588	0.374557	0.362014	0.361429	0.361077	0.495261	0.497931	0.49716	0.486686	0.486703	0.486222	0.462296	0.455576	0.45956	0.46145	0.461932	0.456164	0.389207	0.348087	0.334783	0.334929	0.332049	0.346213	0.593589	0.494431	0.493843	0.498329	0.500129	0.499981	0.528342	0.508751	0.511674	0.509863	0.507407	0.508218	0.479906	0.475241	0.477383	0.459345	0.457576	0.45709	0.520093	0.525228	0.525411	0.508851	0.510676	0.50838	0.577323	0.506081	0.503755	0.506005	0.513019	0.511377
ERR605403-k20-n1-x5e9	0.37014	0.387165	0.399777	0.37474	0.371532	0.370468	0.426892	0.38974	0.382434	0.413274	0.409558	0.413043	0.389697	0.355006	0.356133	0.410239	0.40866	0.412037	0.267372	0.380393	0.262906	0.259446	0	0.259063	0.535251	0.510273	0.511565	0.534472	0.534292	0.535642	0.342698	0.35397	0.364669	0.383804	0.383838	0.388644	0.515024	0.531029	0.388095	0.388394	0.386015	0.38395	0.337109	0.361986	0.371031	0.358478	0.357966	0.357628	0.491754	0.494296	0.49356	0.483882	0.483841	0.483644	0.461752	0.454153	0.457892	0.459608	0.46004	0.454593	0.391315	0.35026	0.336493	0.336411	0.333072	0.34821	0.59142	0.490709	0.490204	0.494917	0.496219	0.496161	0.526884	0.5061	0.508842	0.507306	0.504653	0.50562	0.476979	0.471637	0.473731	0.456646	0.454543	0.454421	0.516686	0.52175	0.521904	0.505691	0.507353	0.505011	0.574714	0.502281	0.499988	0.502274	0.509303	0.507683
ERR605404-k20-n1-x5e9	0.370219	0.388567	0.401672	0.375848	0.37258	0.371055	0.425762	0.391538	0.383332	0.415359	0.41128	0.415092	0.391976	0.353994	0.358115	0.412598	0.411045	0.414336	0.268188	0.378187	0.262651	0.259618	0.259063	0	0.53739	0.512188	0.513547	0.536702	0.536546	0.537852	0.342763	0.355763	0.366442	0.385801	0.385944	0.39069	0.513163	0.528881	0.386951	0.387248	0.38467	0.382692	0.337692	0.364286	0.373159	0.360764	0.359953	0.359564	0.493467	0.496294	0.495395	0.485544	0.485396	0.485064	0.461947	0.45515	0.459357	0.460995	0.461618	0.455806	0.389943	0.349693	0.336441	0.336411	0.333068	0.347729	0.590639	0.491935	0.491324	0.495626	0.497402	0.497363	0.52689	0.507229	0.510166	0.508462	0.505697	0.506644	0.477318	0.473644	0.475876	0.457707	0.455569	0.455438	0.51861	0.523894	0.523894	0.507199	0.508919	0.506749	0.574195	0.503749	0.501293	0.503513	0.510741	0.508987
ERR607621-k20-n1-x5e9	0.56389	0.527614	0.514171	0.525091	0.527305	0.534984	0.649963	0.51539	0.550993	0.487884	0.488524	0.485369	0.459052	0.583972	0.478667	0.441907	0.442767	0.441745	0.511005	0.664003	0.531525	0.538592	0.535251	0.53739	0	0.254831	0.254234	0.241508	0.241529	0.241498	0.530534	0.485214	0.475581	0.459028	0.459227	0.456427	0.732535	0.746755	0.589872	0.59464	0.592708	0.591243	0.526421	0.465729	0.46045	0.468414	0.46845	0.469803	0.358312	0.34128	0.339689	0.422698	0.421496	0.418302	0.463539	0.401932	0.377018	0.378023	0.372608	0.402795	0.62657	0.583948	0.56336	0.560845	0.555264	0.5821	0.627585	0.416906	0.428381	0.461263	0.413713	0.421294	0.534192	0.455854	0.438092	0.448903	0.448167	0.446267	0.463872	0.348337	0.344587	0.428022	0.421824	0.428805	0.321067	0.310415	0.310919	0.393504	0.389907	0.395276	0.59206	0.382326	0.394758	0.416791	0.376518	0.380774
ERR607622-k20-n1-x5e9	0.54835	0.520551	0.510821	0.51536	0.516811	0.523319	0.62878	0.506947	0.538355	0.484932	0.484843	0.482346	0.449197	0.553155	0.461025	0.435374	0.435671	0.435589	0.487599	0.636168	0.505528	0.513801	0.510273	0.512188	0.254831	0	0.241762	0.254505	0.254096	0.2551	0.495606	0.457655	0.450824	0.438936	0.43898	0.437364	0.713762	0.727532	0.576434	0.58051	0.578188	0.576345	0.491469	0.441989	0.440055	0.444467	0.444296	0.445405	0.314434	0.302543	0.30013	0.375987	0.37486	0.372011	0.422539	0.365537	0.34362	0.34545	0.340239	0.366452	0.595988	0.55539	0.53622	0.534	0.528414	0.553426	0.582186	0.372237	0.38235	0.413132	0.369773	0.376281	0.489088	0.41253	0.396962	0.406461	0.405629	0.404041	0.414012	0.315185	0.313172	0.383357	0.377612	0.384609	0.29443	0.290881	0.290122	0.346599	0.34324	0.347923	0.545503	0.34774	0.356861	0.374917	0.345367	0.347872
ERR607623-k20-n1-x5e9	0.548464	0.51917	0.509008	0.51475	0.516259	0.522729	0.628448	0.505719	0.537026	0.483976	0.48404	0.481605	0.447336	0.554424	0.459861	0.434296	0.434459	0.43437	0.489011	0.637421	0.507244	0.515088	0.511565	0.513547	0.254234	0.241762	0	0.254103	0.253548	0.254301	0.497675	0.458184	0.450844	0.439137	0.439344	0.437537	0.713965	0.727976	0.576623	0.58132	0.579191	0.577492	0.493938	0.443021	0.440407	0.445328	0.445219	0.44651	0.315121	0.302215	0.300731	0.375574	0.374668	0.371753	0.424475	0.366194	0.343652	0.345494	0.340132	0.367414	0.597236	0.555847	0.53652	0.534291	0.52867	0.554209	0.585048	0.374779	0.385033	0.415876	0.372724	0.379266	0.492094	0.414797	0.398729	0.408251	0.407991	0.406239	0.416488	0.315549	0.313433	0.384491	0.379208	0.385929	0.294729	0.290098	0.290321	0.346929	0.343885	0.348599	0.548887	0.35084	0.360105	0.378371	0.3492	0.351442
ERR607624-k20-n1-x5e9	0.562561	0.52608	0.51259	0.523779	0.525921	0.533634	0.648608	0.513862	0.549419	0.48633	0.487152	0.483856	0.457262	0.5827	0.477025	0.440547	0.441105	0.440248	0.510611	0.663334	0.530895	0.537829	0.534472	0.536702	0.241508	0.254505	0.254103	0	0.239611	0.239372	0.529689	0.484197	0.474415	0.457989	0.458247	0.455496	0.731918	0.746163	0.589196	0.594089	0.592177	0.590718	0.526016	0.465151	0.459864	0.467769	0.467689	0.469136	0.356473	0.339331	0.337786	0.420348	0.419201	0.415962	0.462185	0.400205	0.375288	0.376043	0.370587	0.400975	0.625606	0.582818	0.562303	0.559664	0.55408	0.580872	0.626828	0.415708	0.427101	0.460135	0.41284	0.420456	0.533496	0.454848	0.437114	0.447929	0.447263	0.44533	0.462293	0.346139	0.34238	0.425918	0.419597	0.426659	0.320034	0.309284	0.309981	0.391707	0.388158	0.393542	0.591346	0.381641	0.394193	0.416132	0.376297	0.380444
ERR607625-k20-n1-x5e9	0.562669	0.526491	0.51303	0.523956	0.526222	0.533848	0.648428	0.514012	0.549421	0.486715	0.487411	0.48425	0.457691	0.582328	0.477127	0.440796	0.441427	0.440494	0.510362	0.66297	0.53071	0.537642	0.534292	0.536546	0.241529	0.254096	0.253548	0.239611	0	0.239377	0.529167	0.483847	0.474267	0.457904	0.458157	0.455434	0.731746	0.745896	0.589127	0.594026	0.592034	0.590728	0.525397	0.464925	0.459849	0.467537	0.467481	0.468955	0.355619	0.338705	0.337114	0.419682	0.418581	0.415295	0.461373	0.399644	0.374729	0.375517	0.370231	0.40038	0.625244	0.582542	0.56199	0.559444	0.553787	0.580606	0.625776	0.414863	0.426331	0.459279	0.411993	0.419475	0.532567	0.454013	0.43625	0.447103	0.446419	0.444521	0.461226	0.345663	0.342084	0.425465	0.419011	0.426223	0.319211	0.308661	0.309355	0.39087	0.387263	0.392749	0.590355	0.380982	0.393398	0.41548	0.375533	0.379917
ERR607626-k20-n1-x5e9	0.563461	0.526827	0.513177	0.5246	0.526883	0.534506	0.649549	0.514767	0.550234	0.487194	0.487807	0.484648	0.458064	0.583867	0.477951	0.441135	0.441788	0.440958	0.511822	0.664383	0.532268	0.538984	0.535642	0.537852	0.241498	0.2551	0.254301	0.239372	0.239377	0	0.531226	0.485466	0.475731	0.459327	0.4595	0.456784	0.732618	0.746916	0.590033	0.59498	0.593062	0.591706	0.52739	0.466432	0.461179	0.468988	0.468972	0.470386	0.357461	0.340422	0.338736	0.421444	0.420266	0.417028	0.463153	0.40093	0.375952	0.376644	0.371192	0.401719	0.626727	0.583909	0.56338	0.560744	0.555165	0.582035	0.628051	0.41712	0.428669	0.461604	0.414326	0.421881	0.534741	0.456174	0.438262	0.449077	0.448337	0.446473	0.463589	0.347064	0.343489	0.427212	0.420778	0.427951	0.320645	0.309815	0.31067	0.392575	0.389088	0.394517	0.592653	0.383056	0.395576	0.417678	0.377703	0.381915
ERR608555-k20-n1-x5e9	0.397427	0.416992	0.428782	0.40125	0.39852	0.398029	0.434734	0.399948	0.396186	0.418168	0.414484	0.417524	0.391988	0.352064	0.35803	0.406182	0.404708	0.408178	0.341611	0.439718	0.33638	0.343814	0.342698	0.342763	0.530534	0.495606	0.497675	0.529689	0.529167	0.531226	0	0.277636	0.293336	0.319653	0.319413	0.326015	0.548441	0.562121	0.434776	0.434622	0.430733	0.427534	0.294691	0.339311	0.352633	0.337042	0.33591	0.335039	0.452951	0.461015	0.46013	0.444972	0.445262	0.445061	0.441372	0.438693	0.442742	0.445719	0.444856	0.439887	0.388274	0.355043	0.343298	0.344099	0.34003	0.352227	0.554094	0.469384	0.468275	0.468691	0.473446	0.472407	0.484991	0.469036	0.474143	0.470659	0.469386	0.470175	0.438028	0.455495	0.459182	0.436148	0.435772	0.435965	0.487732	0.497471	0.497017	0.459291	0.461498	0.458306	0.535266	0.491187	0.486344	0.48308	0.499647	0.496361
ERR608556-k20-n1-x5e9	0.401764	0.387065	0.387519	0.37796	0.377895	0.381886	0.470035	0.358574	0.375654	0.361254	0.359028	0.360275	0.332212	0.396937	0.317515	0.341066	0.339953	0.342568	0.336453	0.495261	0.349109	0.356443	0.35397	0.355763	0.485214	0.457655	0.458184	0.484197	0.483847	0.485466	0.277636	0	0.241803	0.255459	0.255526	0.260289	0.593031	0.609227	0.443278	0.448701	0.445968	0.444172	0.319633	0.296178	0.301692	0.294928	0.294314	0.294841	0.431912	0.433528	0.433855	0.4393	0.438889	0.437808	0.463251	0.435609	0.42945	0.431869	0.429496	0.437232	0.447774	0.39673	0.373993	0.371891	0.365422	0.394456	0.593701	0.461189	0.463253	0.474628	0.46518	0.466102	0.517121	0.472817	0.468444	0.470668	0.470188	0.470102	0.454433	0.428232	0.430091	0.435867	0.433815	0.436132	0.45552	0.460975	0.462152	0.444156	0.445686	0.444349	0.568869	0.47152	0.470352	0.473986	0.479093	0.477184
ERR608557-k20-n1-x5e9	0.410682	0.387573	0.384865	0.380425	0.381311	0.38636	0.483852	0.355997	0.379036	0.353107	0.351545	0.35191	0.323473	0.413609	0.316527	0.328683	0.328093	0.330172	0.343647	0.511857	0.359601	0.367194	0.364669	0.366442	0.475581	0.450824	0.450844	0.474415	0.474267	0.475731	0.293336	0.241803	0	0.245876	0.246155	0.249654	0.607168	0.623579	0.452074	0.458739	0.456149	0.454899	0.33219	0.292253	0.294836	0.291698	0.291617	0.292006	0.431043	0.430758	0.43135	0.443495	0.442785	0.44183	0.473226	0.4407	0.432486	0.434314	0.431557	0.442696	0.465907	0.412992	0.388724	0.386053	0.379164	0.410777	0.603521	0.462851	0.465803	0.479648	0.466456	0.468093	0.527283	0.477994	0.471511	0.475244	0.475035	0.474559	0.462801	0.426444	0.427877	0.442243	0.439792	0.443009	0.450534	0.454589	0.456124	0.445004	0.446267	0.445369	0.577881	0.46993	0.469928	0.475331	0.476904	0.475574
ERR608558-k20-n1-x5e9	0.428597	0.395784	0.38794	0.389426	0.39145	0.398651	0.511433	0.361243	0.394776	0.345813	0.345197	0.343872	0.320446	0.44224	0.32583	0.31532	0.315392	0.31645	0.356782	0.538858	0.377565	0.386912	0.383804	0.385801	0.459028	0.438936	0.439137	0.457989	0.457904	0.459327	0.319653	0.255459	0.245876	0	0.235574	0.236008	0.631912	0.647981	0.469554	0.47547	0.472927	0.471251	0.352127	0.290789	0.289523	0.291656	0.291609	0.292228	0.432631	0.430079	0.429804	0.456919	0.456154	0.454717	0.489416	0.452021	0.440348	0.442358	0.438882	0.45378	0.495021	0.442343	0.416369	0.413761	0.406463	0.439317	0.619	0.466433	0.470943	0.48814	0.467913	0.470611	0.541724	0.487227	0.478157	0.483555	0.482898	0.48215	0.476211	0.425334	0.425989	0.454389	0.450732	0.454921	0.444202	0.446559	0.447788	0.450814	0.45093	0.45138	0.591163	0.466207	0.468053	0.475798	0.470672	0.47013
ERR608559-k20-n1-x5e9	0.429401	0.397133	0.38922	0.390434	0.392316	0.399488	0.512078	0.362331	0.396021	0.347036	0.346304	0.344978	0.32139	0.442348	0.326432	0.315988	0.315792	0.317044	0.356768	0.538778	0.37753	0.387052	0.383838	0.385944	0.459227	0.43898	0.439344	0.458247	0.458157	0.4595	0.319413	0.255526	0.246155	0.235574	0	0.236045	0.63241	0.648484	0.470234	0.476147	0.473567	0.471758	0.351531	0.290504	0.289799	0.291293	0.291604	0.292247	0.43242	0.429839	0.429617	0.457009	0.456254	0.454778	0.489387	0.452257	0.440575	0.442767	0.439266	0.45394	0.495001	0.442511	0.41693	0.414253	0.40683	0.439541	0.618258	0.465959	0.470491	0.487641	0.467335	0.470097	0.541209	0.486979	0.478031	0.483184	0.482762	0.481885	0.475559	0.425254	0.425842	0.454232	0.450504	0.454911	0.444248	0.446764	0.447737	0.450713	0.450856	0.451178	0.590193	0.465692	0.46753	0.475157	0.470139	0.46952
ERR608560-k20-n1-x5e9	0.434002	0.399939	0.391164	0.39318	0.395242	0.402958	0.517673	0.364386	0.399767	0.346894	0.346564	0.344949	0.32241	0.448858	0.329861	0.314821	0.314938	0.315968	0.360385	0.544297	0.382068	0.391752	0.388644	0.39069	0.456427	0.437364	0.437537	0.455496	0.455434	0.456784	0.326015	0.260289	0.249654	0.236008	0.236045	0	0.637378	0.653412	0.474212	0.480165	0.477534	0.47576	0.356814	0.292129	0.290241	0.29301	0.293375	0.293986	0.433874	0.430791	0.430406	0.460898	0.460028	0.458605	0.493577	0.455705	0.443318	0.445469	0.441994	0.457349	0.501293	0.44893	0.42288	0.42039	0.41312	0.445863	0.621546	0.467568	0.472427	0.49004	0.468366	0.471373	0.544807	0.489818	0.480265	0.485869	0.485212	0.48443	0.479264	0.426312	0.426884	0.457776	0.454031	0.458527	0.443796	0.445845	0.446893	0.453149	0.453091	0.453768	0.593251	0.465599	0.468034	0.47605	0.469367	0.469113
ERR605878-k20-n1-x5e9	0.469149	0.529957	0.557181	0.524328	0.519037	0.50786	0.393012	0.561151	0.512485	0.60914	0.604945	0.610861	0.614366	0.449355	0.574048	0.644443	0.642541	0.645701	0.549651	0.419403	0.52745	0.510577	0.515024	0.513163	0.732535	0.713762	0.713965	0.731918	0.731746	0.732618	0.548441	0.593031	0.607168	0.631912	0.63241	0.637378	0	0.301051	0.410476	0.407965	0.410207	0.413235	0.561204	0.622814	0.630809	0.618397	0.618299	0.618001	0.693959	0.69617	0.696525	0.663582	0.664254	0.664891	0.588325	0.610561	0.627934	0.6263	0.631098	0.610813	0.426311	0.444749	0.463601	0.465224	0.471237	0.447804	0.734608	0.698395	0.696416	0.694031	0.706068	0.704826	0.666856	0.680317	0.690373	0.684969	0.683964	0.685148	0.661797	0.677461	0.67952	0.642077	0.643744	0.639945	0.711748	0.715972	0.716707	0.696454	0.699321	0.696104	0.743457	0.716652	0.714773	0.716117	0.724101	0.72251
ERR605879-k20-n1-x5e9	0.488517	0.550417	0.577627	0.543814	0.538347	0.52763	0.409953	0.580697	0.532906	0.627622	0.623408	0.629319	0.632555	0.463234	0.592391	0.661799	0.659783	0.662975	0.565227	0.42338	0.542446	0.526765	0.531029	0.528881	0.746755	0.727532	0.727976	0.746163	0.745896	0.746916	0.562121	0.609227	0.623579	0.647981	0.648484	0.653412	0.301051	0	0.433458	0.429078	0.431207	0.433039	0.574171	0.638393	0.646792	0.634121	0.633969	0.633451	0.706472	0.709278	0.709446	0.676252	0.67703	0.677566	0.59952	0.624713	0.642308	0.640856	0.645895	0.624938	0.435008	0.460383	0.48034	0.482694	0.488557	0.462825	0.736868	0.709093	0.706714	0.702996	0.716198	0.714912	0.674189	0.690839	0.701788	0.695877	0.694445	0.695814	0.670395	0.691121	0.693215	0.65361	0.655237	0.651286	0.725336	0.729827	0.730354	0.708787	0.711789	0.708427	0.746855	0.727959	0.725514	0.725823	0.735029	0.733295
ERR605880-k20-n1-x5e9	0.347498	0.373351	0.393523	0.369593	0.366017	0.360715	0.381393	0.396354	0.367388	0.435944	0.431806	0.437189	0.445182	0.388378	0.413202	0.472343	0.470747	0.473484	0.405689	0.445975	0.39903	0.385024	0.388095	0.386951	0.589872	0.576434	0.576623	0.589196	0.589127	0.590033	0.434776	0.443278	0.452074	0.469554	0.470234	0.474212	0.410476	0.433458	0	0.274355	0.275099	0.277627	0.443968	0.463924	0.46852	0.46014	0.460514	0.460558	0.578788	0.575879	0.576087	0.568571	0.568931	0.568175	0.50911	0.50225	0.510328	0.508389	0.51155	0.502797	0.42007	0.381489	0.373212	0.371364	0.371719	0.381643	0.690987	0.589977	0.591177	0.60006	0.595979	0.597477	0.602268	0.584632	0.587249	0.586248	0.585002	0.585422	0.578228	0.551108	0.551868	0.544156	0.542575	0.54195	0.584775	0.585687	0.586833	0.590994	0.592685	0.591309	0.685671	0.596044	0.597807	0.605622	0.601322	0.601148
ERR605881-k20-n1-x5e9	0.348071	0.379601	0.400985	0.372918	0.369294	0.363504	0.383519	0.404779	0.376146	0.443424	0.439065	0.444388	0.454705	0.38621	0.421821	0.480706	0.479185	0.481977	0.40666	0.439674	0.398561	0.385142	0.388394	0.387248	0.59464	0.58051	0.58132	0.594089	0.594026	0.59498	0.434622	0.448701	0.458739	0.47547	0.476147	0.480165	0.407965	0.429078	0.274355	0	0.267708	0.268535	0.443423	0.469465	0.475332	0.465541	0.465806	0.465542	0.582851	0.580903	0.580438	0.573233	0.573454	0.572892	0.507741	0.505484	0.514209	0.512908	0.51602	0.505132	0.414277	0.380856	0.374554	0.373957	0.37426	0.380163	0.68707	0.591101	0.59199	0.598676	0.595387	0.596782	0.598165	0.584888	0.589078	0.587278	0.584805	0.585542	0.576327	0.55439	0.55531	0.54356	0.541231	0.540625	0.589428	0.591073	0.591575	0.594638	0.596318	0.594816	0.681737	0.597277	0.598387	0.604532	0.601041	0.600636
ERR605882-k20-n1-x5e9	0.349549	0.381404	0.402621	0.374039	0.370099	0.364529	0.385666	0.404794	0.377149	0.443195	0.438643	0.444033	0.453795	0.384415	0.420689	0.479458	0.477793	0.480717	0.403834	0.438538	0.395608	0.382882	0.386015	0.38467	0.592708	0.578188	0.579191	0.592177	0.592034	0.593062	0.430733	0.445968	0.456149	0.472927	0.473567	0.477534	0.410207	0.431207	0.275099	0.267708	0	0.267657	0.438941	0.466597	0.472593	0.462447	0.462727	0.462497	0.580264	0.578731	0.57806	0.571261	0.571467	0.571037	0.505502	0.503661	0.51262	0.511275	0.514419	0.503508	0.412653	0.379972	0.373544	0.373271	0.373216	0.378998	0.682353	0.587913	0.588769	0.594953	0.59188	0.593145	0.594332	0.581842	0.586361	0.58441	0.581787	0.582575	0.572852	0.552348	0.553411	0.54133	0.53891	0.538273	0.587037	0.588871	0.589252	0.592269	0.593827	0.592367	0.67681	0.594179	0.59516	0.600819	0.597672	0.597297
ERR605883-k20-n1-x5e9	0.3505	0.383227	0.404091	0.374362	0.370523	0.365378	0.387815	0.405633	0.379012	0.443098	0.438596	0.443687	0.454399	0.383811	0.421326	0.479203	0.477538	0.480416	0.401033	0.436886	0.392702	0.380981	0.38395	0.382692	0.591243	0.576345	0.577492	0.590718	0.590728	0.591706	0.427534	0.444172	0.454899	0.471251	0.471758	0.47576	0.413235	0.433039	0.277627	0.268535	0.267657	0	0.434799	0.464069	0.470724	0.46028	0.460435	0.460315	0.578476	0.577234	0.576164	0.570166	0.570516	0.569854	0.503163	0.502382	0.511261	0.510311	0.513341	0.502127	0.410754	0.379286	0.373175	0.37346	0.373383	0.378498	0.677539	0.584758	0.585593	0.591321	0.588318	0.58963	0.589932	0.578916	0.583806	0.581623	0.578725	0.579734	0.569142	0.550914	0.551876	0.539441	0.536836	0.536217	0.585556	0.587579	0.587612	0.590944	0.59235	0.59085	0.671683	0.591164	0.591906	0.597321	0.594305	0.593834
ERR608713-k20-n1-x5e9	0.413236	0.432211	0.44242	0.414432	0.411712	0.412114	0.456577	0.413818	0.41508	0.42772	0.423965	0.426354	0.396796	0.364634	0.36589	0.406504	0.405269	0.408581	0.33283	0.440414	0.328709	0.339189	0.337109	0.337692	0.526421	0.491469	0.493938	0.526016	0.525397	0.52739	0.294691	0.319633	0.33219	0.352127	0.351531	0.356814	0.561204	0.574171	0.443968	0.443423	0.438941	0.434799	0	0.296284	0.311367	0.295288	0.293497	0.292066	0.452208	0.460613	0.458714	0.450752	0.450579	0.450407	0.446369	0.444036	0.446797	0.450614	0.449404	0.444829	0.400466	0.368845	0.356716	0.358259	0.353633	0.366176	0.549139	0.46183	0.460886	0.461713	0.464371	0.463657	0.48198	0.465801	0.471132	0.46769	0.466059	0.466776	0.437393	0.455935	0.459497	0.43968	0.438645	0.439658	0.48704	0.496933	0.495633	0.461959	0.463596	0.460765	0.527568	0.480592	0.47581	0.472491	0.487874	0.484696
