	ERR608143-k20-n1-x5e9	ERR608144-k20-n1-x5e9	ERR608145-k20-n1-x5e9	ERR608146-k20-n1-x5e9	ERR608147-k20-n1-x5e9	ERR608148-k20-n1-x5e9	ERR606036-k20-n1-x5e9	ERR606037-k20-n1-x5e9	ERR606038-k20-n1-x5e9	ERR606039-k20-n1-x5e9	ERR606040-k20-n1-x5e9	ERR606041-k20-n1-x5e9	ERR605599-k20-n1-x5e9	ERR605600-k20-n1-x5e9	ERR605601-k20-n1-x5e9	ERR605602-k20-n1-x5e9	ERR605603-k20-n1-x5e9	ERR605604-k20-n1-x5e9	ERR607463-k20-n1-x5e9	ERR607464-k20-n1-x5e9	ERR607465-k20-n1-x5e9	ERR607466-k20-n1-x5e9	ERR607467-k20-n1-x5e9	ERR607468-k20-n1-x5e9	ERR607200-k20-n1-x5e9	ERR607201-k20-n1-x5e9	ERR607202-k20-n1-x5e9	ERR607203-k20-n1-x5e9	ERR607204-k20-n1-x5e9	ERR607205-k20-n1-x5e9	ERR606684-k20-n1-x5e9	ERR606685-k20-n1-x5e9	ERR606686-k20-n1-x5e9	ERR606687-k20-n1-x5e9	ERR606688-k20-n1-x5e9	ERR606689-k20-n1-x5e9	ERR607343-k20-n1-x5e9	ERR607344-k20-n1-x5e9	ERR607345-k20-n1-x5e9	ERR607346-k20-n1-x5e9	ERR607347-k20-n1-x5e9	ERR607348-k20-n1-x5e9	ERR608031-k20-n1-x5e9	ERR608032-k20-n1-x5e9	ERR608033-k20-n1-x5e9	ERR608034-k20-n1-x5e9	ERR608035-k20-n1-x5e9	ERR608036-k20-n1-x5e9	ERR608161-k20-n1-x5e9	ERR608162-k20-n1-x5e9	ERR608163-k20-n1-x5e9	ERR608164-k20-n1-x5e9	ERR608165-k20-n1-x5e9	ERR608166-k20-n1-x5e9	ERR607951-k20-n1-x5e9	ERR607952-k20-n1-x5e9	ERR607953-k20-n1-x5e9	ERR607954-k20-n1-x5e9	ERR607955-k20-n1-x5e9	ERR607956-k20-n1-x5e9	ERR608389-k20-n1-x5e9	ERR608390-k20-n1-x5e9	ERR608391-k20-n1-x5e9	ERR608392-k20-n1-x5e9	ERR608393-k20-n1-x5e9	ERR608394-k20-n1-x5e9	ERR608671-k20-n1-x5e9	ERR608672-k20-n1-x5e9	ERR608673-k20-n1-x5e9	ERR608674-k20-n1-x5e9	ERR608675-k20-n1-x5e9	ERR608676-k20-n1-x5e9	ERR608799-k20-n1-x5e9	ERR608800-k20-n1-x5e9	ERR608801-k20-n1-x5e9	ERR608802-k20-n1-x5e9	ERR608803-k20-n1-x5e9	ERR608804-k20-n1-x5e9	ERR608025-k20-n1-x5e9	ERR608026-k20-n1-x5e9	ERR608027-k20-n1-x5e9	ERR608028-k20-n1-x5e9	ERR608029-k20-n1-x5e9	ERR608030-k20-n1-x5e9	ERR608603-k20-n1-x5e9	ERR608604-k20-n1-x5e9	ERR608605-k20-n1-x5e9	ERR608606-k20-n1-x5e9	ERR608607-k20-n1-x5e9	ERR608608-k20-n1-x5e9	ERR608099-k20-n1-x5e9	ERR608100-k20-n1-x5e9	ERR608101-k20-n1-x5e9	ERR608102-k20-n1-x5e9	ERR608103-k20-n1-x5e9	ERR608104-k20-n1-x5e9
ERR608143-k20-n1-x5e9	0	0.403517	0.353536	0.403819	0.371701	0.386288	0.412413	0.50067	0.503974	0.431841	0.436067	0.433646	0.530327	0.517176	0.501741	0.507883	0.512788	0.50805	0.351273	0.355039	0.346161	0.474921	0.471384	0.465369	0.460378	0.454823	0.430382	0.417057	0.416399	0.462044	0.499448	0.537825	0.527145	0.497713	0.542736	0.535872	0.430136	0.44225	0.421701	0.581222	0.578619	0.576769	0.378787	0.382897	0.375356	0.400597	0.39926	0.402875	0.528709	0.531601	0.53567	0.509546	0.509869	0.508168	0.534078	0.554661	0.611857	0.532979	0.537178	0.535547	0.507624	0.52539	0.541662	0.540284	0.544292	0.526656	0.538957	0.545059	0.55718	0.556458	0.559893	0.546798	0.585341	0.591718	0.593655	0.543902	0.545507	0.546639	0.584226	0.591993	0.601574	0.595462	0.596276	0.597232	0.520859	0.533068	0.534524	0.441301	0.446421	0.439952	0.582287	0.591124	0.596105	0.562715	0.563009	0.563739
ERR608144-k20-n1-x5e9	0.403517	0	0.27301	0.254826	0.263972	0.257928	0.376166	0.356425	0.357576	0.354189	0.358352	0.358476	0.396116	0.392729	0.390813	0.388372	0.390383	0.388719	0.396837	0.384834	0.404952	0.335182	0.33371	0.331645	0.511135	0.395396	0.531064	0.430222	0.4366	0.577486	0.520095	0.396778	0.392732	0.398329	0.406744	0.404477	0.308612	0.30724	0.308059	0.392564	0.389964	0.388057	0.359536	0.354036	0.356879	0.336894	0.336525	0.335113	0.484391	0.477666	0.48044	0.525595	0.522873	0.525054	0.491925	0.469543	0.685754	0.471806	0.469643	0.469999	0.473251	0.447021	0.445815	0.445093	0.445293	0.448411	0.519247	0.488884	0.482595	0.480452	0.480988	0.488112	0.462475	0.462262	0.464567	0.449552	0.450309	0.449651	0.555753	0.516869	0.513839	0.515193	0.515404	0.515224	0.364675	0.370554	0.373149	0.346999	0.346283	0.346674	0.475557	0.473599	0.479759	0.471467	0.468556	0.468166
ERR608145-k20-n1-x5e9	0.353536	0.27301	0	0.275879	0.265156	0.268444	0.366366	0.386113	0.387994	0.354234	0.359378	0.358108	0.429257	0.421792	0.413787	0.414496	0.418084	0.414799	0.364758	0.354835	0.369177	0.364701	0.361815	0.357923	0.489665	0.398272	0.495982	0.411395	0.416109	0.541511	0.509574	0.434085	0.426841	0.418751	0.443215	0.438832	0.325579	0.329914	0.32023	0.447581	0.444909	0.442969	0.343292	0.340453	0.339099	0.33336	0.332442	0.332876	0.485769	0.481443	0.485732	0.509041	0.506823	0.508435	0.496236	0.486443	0.662515	0.47972	0.479781	0.479292	0.472334	0.458587	0.464276	0.462439	0.464668	0.460205	0.516122	0.495229	0.495494	0.492853	0.494824	0.495815	0.493436	0.494919	0.497696	0.467445	0.46857	0.46853	0.55888	0.533699	0.534657	0.533532	0.534206	0.534279	0.402142	0.410891	0.413969	0.353683	0.355587	0.352989	0.500908	0.502213	0.509261	0.490521	0.487769	0.487674
ERR608146-k20-n1-x5e9	0.403819	0.254826	0.275879	0	0.260231	0.254685	0.371474	0.354986	0.356279	0.351771	0.355508	0.355656	0.38986	0.386291	0.384231	0.38179	0.383642	0.382118	0.393676	0.381815	0.402366	0.330418	0.3291	0.327152	0.505195	0.389895	0.527865	0.425461	0.431816	0.574276	0.513464	0.390558	0.38641	0.391149	0.39924	0.397003	0.305079	0.30409	0.305062	0.389511	0.387061	0.385036	0.354296	0.349484	0.352769	0.33249	0.332344	0.330681	0.48074	0.474348	0.476587	0.522876	0.520041	0.522188	0.485578	0.464796	0.683805	0.466974	0.464887	0.465024	0.468107	0.443311	0.442319	0.441841	0.442015	0.444138	0.514058	0.484553	0.478664	0.476449	0.476905	0.483569	0.45834	0.458904	0.460593	0.446379	0.44726	0.446654	0.549088	0.511223	0.508842	0.509585	0.509446	0.509593	0.361685	0.368536	0.370089	0.34465	0.343615	0.344101	0.471316	0.469986	0.475378	0.467225	0.465417	0.464906
ERR608147-k20-n1-x5e9	0.371701	0.263972	0.265156	0.260231	0	0.256292	0.357133	0.368921	0.371381	0.346222	0.350304	0.349432	0.402659	0.39594	0.389562	0.389754	0.392488	0.389932	0.367753	0.357648	0.375195	0.341703	0.339779	0.336274	0.483585	0.382616	0.500642	0.405742	0.411279	0.547762	0.496652	0.404325	0.397851	0.392451	0.412012	0.408102	0.308542	0.312104	0.306363	0.420317	0.417636	0.415707	0.335677	0.332218	0.334024	0.322079	0.32133	0.320974	0.475285	0.470799	0.473326	0.508109	0.5052	0.507193	0.480261	0.468676	0.666227	0.465013	0.464574	0.464154	0.460345	0.444537	0.448105	0.447624	0.448717	0.44541	0.504679	0.482069	0.480166	0.478289	0.479573	0.481457	0.471751	0.474181	0.475825	0.452338	0.453548	0.453207	0.542159	0.513699	0.514345	0.513369	0.513264	0.513554	0.380167	0.38931	0.390613	0.34418	0.344659	0.343227	0.481057	0.482695	0.487894	0.473074	0.471774	0.471685
ERR608148-k20-n1-x5e9	0.386288	0.257928	0.268444	0.254685	0.256292	0	0.36293	0.362139	0.363908	0.347929	0.351874	0.351928	0.394394	0.389039	0.384769	0.383718	0.386127	0.384031	0.37843	0.367637	0.386646	0.334105	0.332534	0.329765	0.491852	0.383142	0.511934	0.412733	0.418688	0.558937	0.502582	0.395273	0.389878	0.389071	0.403271	0.400192	0.304827	0.306605	0.303714	0.405046	0.402611	0.40063	0.342573	0.338229	0.340547	0.324584	0.323985	0.32314	0.476295	0.47094	0.473296	0.513881	0.510898	0.512944	0.480753	0.464993	0.673672	0.464154	0.462743	0.462754	0.462313	0.442356	0.443876	0.443378	0.444147	0.443173	0.507637	0.481535	0.47769	0.475975	0.476748	0.480992	0.463413	0.4652	0.466909	0.447266	0.448311	0.447939	0.543556	0.51065	0.509801	0.509709	0.509745	0.50963	0.370075	0.378204	0.379617	0.34235	0.342251	0.342011	0.474573	0.47514	0.480239	0.468407	0.46694	0.466812
ERR606036-k20-n1-x5e9	0.412413	0.376166	0.366366	0.371474	0.357133	0.36293	0	0.338388	0.342925	0.285823	0.284712	0.285109	0.415792	0.40372	0.393271	0.398032	0.40131	0.398333	0.376659	0.372538	0.383179	0.396423	0.395151	0.39094	0.456236	0.387273	0.472105	0.390307	0.394652	0.516804	0.458817	0.412847	0.403252	0.381789	0.415435	0.40949	0.351668	0.360135	0.349274	0.47891	0.476722	0.474908	0.341727	0.342016	0.342906	0.344757	0.343891	0.344641	0.499807	0.498894	0.500269	0.519426	0.517451	0.518019	0.492733	0.499128	0.657761	0.488988	0.490383	0.489229	0.471902	0.47563	0.483625	0.484822	0.486322	0.47512	0.517223	0.511478	0.514483	0.514958	0.516257	0.510515	0.523636	0.528516	0.528345	0.505893	0.507006	0.507568	0.546879	0.537854	0.544174	0.540013	0.537563	0.538777	0.429566	0.440838	0.440581	0.384276	0.386608	0.383837	0.530613	0.536052	0.537655	0.520106	0.522657	0.522479
ERR606037-k20-n1-x5e9	0.50067	0.356425	0.386113	0.354986	0.368921	0.362139	0.338388	0	0.247853	0.293415	0.29241	0.294536	0.389464	0.391112	0.397368	0.390814	0.390664	0.391291	0.460614	0.448803	0.468336	0.371995	0.371926	0.372485	0.56251	0.432377	0.579508	0.475442	0.482847	0.622708	0.558902	0.383014	0.382689	0.406178	0.39626	0.396446	0.341891	0.336095	0.342761	0.377488	0.375544	0.374488	0.412483	0.406818	0.410058	0.38727	0.386389	0.38461	0.52489	0.515629	0.518335	0.570525	0.568109	0.570246	0.528863	0.496739	0.722382	0.504185	0.500389	0.501206	0.509282	0.475335	0.467728	0.468166	0.467445	0.475258	0.563472	0.528856	0.518171	0.516499	0.516425	0.527256	0.490326	0.485755	0.486689	0.494354	0.495142	0.49378	0.597084	0.548593	0.541846	0.545792	0.543954	0.543586	0.372826	0.373873	0.376712	0.38067	0.379328	0.381581	0.510212	0.503405	0.508423	0.511577	0.509738	0.508637
ERR606038-k20-n1-x5e9	0.503974	0.357576	0.387994	0.356279	0.371381	0.363908	0.342925	0.247853	0	0.296809	0.296047	0.298098	0.390214	0.392362	0.399135	0.39218	0.392236	0.392817	0.463962	0.451782	0.471492	0.372479	0.372509	0.37331	0.565815	0.434424	0.582973	0.478619	0.485916	0.626188	0.562382	0.383574	0.383679	0.408441	0.397111	0.397702	0.343348	0.337322	0.344318	0.37494	0.372779	0.37172	0.415641	0.409838	0.413207	0.389828	0.388946	0.387251	0.52674	0.517055	0.51985	0.572917	0.570333	0.572571	0.530863	0.497466	0.724744	0.505632	0.501674	0.502486	0.511467	0.47655	0.468274	0.468653	0.467876	0.47647	0.565599	0.530391	0.519082	0.517442	0.517242	0.528539	0.489746	0.484741	0.485829	0.49444	0.494995	0.493715	0.599288	0.549743	0.542453	0.546836	0.544882	0.544617	0.372282	0.372797	0.376013	0.382263	0.380635	0.383163	0.5099	0.502663	0.508002	0.511684	0.509618	0.508443
ERR606039-k20-n1-x5e9	0.431841	0.354189	0.354234	0.351771	0.346222	0.347929	0.285823	0.293415	0.296809	0	0.255075	0.255216	0.40905	0.401415	0.397779	0.396754	0.399518	0.396996	0.399543	0.390919	0.404606	0.384811	0.383212	0.380453	0.506189	0.401322	0.510031	0.418605	0.424126	0.553703	0.516003	0.409064	0.401584	0.397068	0.416869	0.412727	0.336538	0.34037	0.332417	0.448893	0.446526	0.444793	0.361879	0.359402	0.35874	0.35228	0.350682	0.350853	0.509439	0.504235	0.507628	0.534036	0.532079	0.533053	0.512591	0.5008	0.680188	0.495301	0.494775	0.494278	0.487136	0.473126	0.475876	0.476001	0.477712	0.472564	0.539327	0.519198	0.516866	0.515898	0.517339	0.517995	0.516914	0.517279	0.518321	0.501508	0.502777	0.502507	0.577825	0.549699	0.550121	0.549944	0.547114	0.547626	0.407694	0.415639	0.418031	0.368548	0.370005	0.368461	0.528908	0.529042	0.533939	0.519541	0.520247	0.519623
ERR606040-k20-n1-x5e9	0.436067	0.358352	0.359378	0.355508	0.350304	0.351874	0.284712	0.29241	0.296047	0.255075	0	0.252855	0.410306	0.402155	0.399121	0.398016	0.400635	0.398496	0.402959	0.394774	0.408172	0.387532	0.386291	0.383476	0.507603	0.403048	0.51179	0.420321	0.425572	0.555303	0.51725	0.409123	0.401847	0.397154	0.41621	0.412137	0.339374	0.343339	0.335581	0.44997	0.447594	0.446031	0.365561	0.363199	0.362677	0.356304	0.354915	0.35506	0.51295	0.507956	0.510917	0.537545	0.535548	0.536502	0.51501	0.503553	0.682651	0.498284	0.497553	0.497209	0.489769	0.476355	0.478875	0.479413	0.480865	0.475609	0.541737	0.52223	0.519992	0.519322	0.520455	0.520828	0.519602	0.520043	0.520815	0.505158	0.506375	0.50612	0.579996	0.552008	0.552664	0.552476	0.549144	0.549821	0.410601	0.418488	0.42048	0.372951	0.374451	0.372965	0.531838	0.531994	0.536588	0.52284	0.523709	0.523063
ERR606041-k20-n1-x5e9	0.433646	0.358476	0.358108	0.355656	0.349432	0.351928	0.285109	0.294536	0.298098	0.255216	0.252855	0	0.412267	0.404131	0.40065	0.399824	0.402693	0.400199	0.401026	0.393283	0.406172	0.389023	0.387631	0.384546	0.506761	0.402885	0.509753	0.419119	0.424474	0.553389	0.517811	0.411579	0.404029	0.398923	0.419112	0.414971	0.339893	0.344241	0.33562	0.452867	0.450479	0.44878	0.364588	0.362699	0.36153	0.35607	0.354536	0.354984	0.513397	0.508246	0.511356	0.536672	0.534967	0.535816	0.515858	0.50476	0.681557	0.498964	0.498486	0.498025	0.490097	0.476836	0.479667	0.480039	0.481747	0.476203	0.54198	0.522951	0.520611	0.519917	0.521309	0.521441	0.521337	0.521847	0.522578	0.505923	0.507163	0.506835	0.580982	0.553489	0.554116	0.553838	0.550528	0.551146	0.412435	0.420368	0.42237	0.372969	0.374611	0.372659	0.533143	0.533371	0.538253	0.523749	0.524376	0.523796
ERR605599-k20-n1-x5e9	0.530327	0.396116	0.429257	0.38986	0.402659	0.394394	0.415792	0.389464	0.390214	0.40905	0.410306	0.412267	0	0.253164	0.260567	0.25727	0.255456	0.256983	0.463562	0.453329	0.475995	0.360553	0.361669	0.362852	0.499247	0.373375	0.547036	0.431905	0.439772	0.594408	0.496135	0.334089	0.333802	0.350263	0.336745	0.337347	0.361273	0.358456	0.368321	0.387867	0.386479	0.384814	0.398847	0.39347	0.401999	0.374114	0.375084	0.372195	0.486115	0.480207	0.477952	0.547756	0.544055	0.546914	0.483161	0.459775	0.712741	0.47299	0.469405	0.469876	0.480956	0.455056	0.447495	0.451142	0.448584	0.456011	0.521975	0.491346	0.480128	0.481807	0.479536	0.489962	0.441842	0.445569	0.444177	0.453648	0.453702	0.452991	0.531686	0.487798	0.483483	0.48608	0.483587	0.4835	0.366893	0.3721	0.368468	0.393645	0.390285	0.393947	0.463032	0.46365	0.461476	0.469515	0.470822	0.470386
ERR605600-k20-n1-x5e9	0.517176	0.392729	0.421792	0.386291	0.39594	0.389039	0.40372	0.391112	0.392362	0.401415	0.402155	0.404131	0.253164	0	0.256775	0.255192	0.254047	0.255009	0.450079	0.440743	0.462227	0.359601	0.360433	0.360721	0.483791	0.363378	0.5313	0.417261	0.424694	0.57934	0.48282	0.335382	0.333384	0.343007	0.33674	0.336309	0.3566	0.355552	0.362846	0.399694	0.397991	0.396305	0.386215	0.381468	0.389628	0.364067	0.36514	0.36268	0.4793	0.47433	0.472092	0.537896	0.534314	0.536919	0.476253	0.457644	0.703393	0.468048	0.465223	0.465382	0.472824	0.451198	0.446114	0.449654	0.447509	0.452006	0.513974	0.48626	0.477042	0.478698	0.476599	0.484948	0.44541	0.450314	0.448845	0.452672	0.452829	0.452282	0.524058	0.485043	0.482494	0.483798	0.48109	0.481205	0.370688	0.377527	0.373852	0.388743	0.385754	0.388951	0.463923	0.466253	0.464124	0.468077	0.46985	0.469558
ERR605601-k20-n1-x5e9	0.501741	0.390813	0.413787	0.384231	0.389562	0.384769	0.393271	0.397368	0.399135	0.397779	0.399121	0.40065	0.260567	0.256775	0	0.256078	0.256073	0.255997	0.435194	0.426183	0.44728	0.360961	0.361387	0.360998	0.466469	0.353769	0.513563	0.402011	0.409187	0.562224	0.467604	0.341661	0.337923	0.340209	0.34304	0.34124	0.354557	0.355474	0.360028	0.414723	0.412964	0.411149	0.373163	0.368807	0.376607	0.354284	0.355255	0.352941	0.472906	0.469115	0.467088	0.527855	0.524236	0.526689	0.469724	0.456478	0.69256	0.46385	0.461806	0.46169	0.465716	0.449101	0.446491	0.449748	0.448105	0.449911	0.505314	0.481518	0.474469	0.476214	0.474415	0.480432	0.450237	0.456433	0.455136	0.452156	0.452349	0.452402	0.516353	0.48295	0.482676	0.482587	0.480465	0.480723	0.377467	0.385876	0.382395	0.385169	0.382875	0.385195	0.466404	0.470626	0.468555	0.46801	0.470118	0.470056
ERR605602-k20-n1-x5e9	0.507883	0.388372	0.414496	0.38179	0.389754	0.383718	0.398032	0.390814	0.39218	0.396754	0.398016	0.399824	0.25727	0.255192	0.256078	0	0.253091	0.253576	0.442354	0.432814	0.454126	0.358955	0.359657	0.359743	0.47804	0.359465	0.523871	0.410791	0.418221	0.571963	0.478407	0.339228	0.336454	0.343608	0.341489	0.340502	0.353143	0.352617	0.358839	0.405015	0.403245	0.40163	0.379315	0.374461	0.382457	0.358116	0.359061	0.356804	0.475627	0.470972	0.469077	0.532172	0.528448	0.531087	0.4737	0.45667	0.69817	0.465327	0.462621	0.462756	0.469371	0.449151	0.445228	0.448176	0.446299	0.449601	0.510469	0.483879	0.475471	0.476993	0.474902	0.482366	0.44735	0.452486	0.451281	0.451377	0.451484	0.451238	0.52209	0.484861	0.483	0.483862	0.481675	0.481928	0.371939	0.37939	0.376116	0.384034	0.381492	0.384075	0.464792	0.467618	0.46595	0.467455	0.469204	0.468889
ERR605603-k20-n1-x5e9	0.512788	0.390383	0.418084	0.383642	0.392488	0.386127	0.40131	0.390664	0.392236	0.399518	0.400635	0.402693	0.255456	0.254047	0.256073	0.253091	0	0.253413	0.446734	0.437046	0.458539	0.359175	0.359991	0.360169	0.48195	0.362687	0.528747	0.415277	0.422805	0.576689	0.481256	0.337752	0.335462	0.344192	0.339907	0.33909	0.354655	0.353833	0.360821	0.401572	0.399915	0.398281	0.383068	0.378321	0.386323	0.36119	0.362304	0.35994	0.477742	0.472905	0.470803	0.535423	0.531782	0.534306	0.475511	0.457491	0.701297	0.466922	0.464353	0.464259	0.471613	0.450544	0.445984	0.449042	0.447131	0.451128	0.512604	0.485493	0.476749	0.478098	0.476104	0.4839	0.446576	0.451561	0.450118	0.45244	0.452812	0.452156	0.523684	0.485307	0.483179	0.484215	0.481917	0.482098	0.371008	0.378265	0.374733	0.386317	0.383459	0.386366	0.464517	0.467019	0.465047	0.467902	0.469728	0.469396
ERR605604-k20-n1-x5e9	0.50805	0.388719	0.414799	0.382118	0.389932	0.384031	0.398333	0.391291	0.392817	0.396996	0.398496	0.400199	0.256983	0.255009	0.255997	0.253576	0.253413	0	0.44215	0.432513	0.453954	0.358684	0.359382	0.359427	0.477639	0.359405	0.523498	0.41039	0.417878	0.571562	0.47816	0.339347	0.336599	0.343291	0.341699	0.340355	0.353332	0.353152	0.358951	0.405687	0.403908	0.402285	0.379206	0.37455	0.382559	0.357822	0.359052	0.356783	0.475724	0.471161	0.469235	0.532003	0.528521	0.531109	0.473838	0.456829	0.69827	0.465647	0.463117	0.463013	0.469496	0.449331	0.445539	0.448682	0.44668	0.450134	0.510359	0.483864	0.475517	0.476984	0.475072	0.482353	0.447489	0.452764	0.451406	0.45128	0.451605	0.451182	0.522077	0.484798	0.483145	0.484023	0.481753	0.482003	0.372376	0.379884	0.376447	0.38412	0.381387	0.38409	0.464894	0.467879	0.466293	0.46747	0.469117	0.469
ERR607463-k20-n1-x5e9	0.351273	0.396837	0.364758	0.393676	0.367753	0.37843	0.376659	0.460614	0.463962	0.399543	0.402959	0.401026	0.463562	0.450079	0.435194	0.442354	0.446734	0.44215	0	0.26232	0.263034	0.371068	0.367765	0.362148	0.400152	0.376215	0.40009	0.349902	0.351004	0.447452	0.438625	0.456987	0.445751	0.414971	0.460639	0.453226	0.378551	0.391294	0.372478	0.528102	0.525414	0.523343	0.318447	0.322029	0.31748	0.336939	0.335947	0.338668	0.464864	0.467733	0.469937	0.464214	0.461982	0.462508	0.462967	0.483889	0.601982	0.464658	0.468574	0.466977	0.442543	0.460023	0.475187	0.475514	0.478865	0.46116	0.46596	0.47093	0.481801	0.482599	0.485348	0.472296	0.511118	0.52072	0.522077	0.468979	0.469857	0.47198	0.505045	0.512182	0.522253	0.515944	0.515726	0.516623	0.45614	0.469715	0.469613	0.385265	0.389231	0.384305	0.508936	0.521377	0.524646	0.488721	0.491345	0.492114
ERR607464-k20-n1-x5e9	0.355039	0.384834	0.354835	0.381815	0.357648	0.367637	0.372538	0.448803	0.451782	0.390919	0.394774	0.393283	0.453329	0.440743	0.426183	0.432814	0.437046	0.432513	0.26232	0	0.265705	0.356863	0.353603	0.348112	0.405826	0.370054	0.409046	0.350004	0.351761	0.457617	0.44224	0.446271	0.435304	0.406995	0.450619	0.443637	0.366977	0.378839	0.361377	0.514911	0.512183	0.510143	0.313464	0.315804	0.312107	0.327827	0.327319	0.329466	0.460695	0.462445	0.464923	0.46491	0.462739	0.463426	0.460156	0.476709	0.608184	0.459255	0.462682	0.461183	0.439369	0.452605	0.466401	0.466645	0.469755	0.453829	0.465147	0.466165	0.47521	0.475822	0.478196	0.467082	0.501334	0.510367	0.512011	0.460028	0.460787	0.462708	0.504742	0.506332	0.515321	0.509527	0.509426	0.510483	0.443231	0.45656	0.45663	0.374209	0.377989	0.373514	0.500384	0.512005	0.515719	0.481115	0.483066	0.483731
ERR607465-k20-n1-x5e9	0.346161	0.404952	0.369177	0.402366	0.375195	0.386646	0.383179	0.468336	0.471492	0.404606	0.408172	0.406172	0.475995	0.462227	0.44728	0.454126	0.458539	0.453954	0.263034	0.265705	0	0.384959	0.381874	0.375821	0.403808	0.386177	0.396604	0.354495	0.3548	0.442723	0.447143	0.470697	0.459252	0.428157	0.47466	0.467275	0.388439	0.400919	0.381725	0.54025	0.537503	0.535558	0.326018	0.329921	0.323798	0.346107	0.345307	0.347889	0.471903	0.47465	0.477445	0.465673	0.463957	0.464265	0.471981	0.493715	0.599578	0.473051	0.477214	0.47555	0.449681	0.46827	0.483926	0.484012	0.487529	0.469385	0.472916	0.478939	0.490736	0.491197	0.494269	0.480673	0.523107	0.532261	0.533876	0.478632	0.479629	0.481634	0.514124	0.522722	0.533011	0.526645	0.526339	0.527335	0.467856	0.481221	0.481457	0.393118	0.397401	0.391977	0.520047	0.532283	0.536201	0.498724	0.501063	0.501781
ERR607466-k20-n1-x5e9	0.474921	0.335182	0.364701	0.330418	0.341703	0.334105	0.396423	0.371995	0.372479	0.384811	0.387532	0.389023	0.360553	0.359601	0.360961	0.358955	0.359175	0.358684	0.371068	0.356863	0.384959	0	0.240707	0.241848	0.489619	0.360282	0.53102	0.414942	0.422802	0.581013	0.488472	0.337545	0.335955	0.347573	0.344681	0.343454	0.314882	0.312555	0.319694	0.3693	0.366928	0.365153	0.357439	0.351263	0.358757	0.329746	0.33018	0.327552	0.458431	0.451455	0.451273	0.518791	0.514885	0.517979	0.45426	0.427673	0.685615	0.438502	0.434794	0.435746	0.448279	0.418735	0.412988	0.414978	0.412884	0.420324	0.485489	0.450155	0.439152	0.439315	0.437596	0.44901	0.405363	0.409535	0.410563	0.401915	0.401742	0.401318	0.507842	0.459893	0.455054	0.457723	0.457196	0.456542	0.331452	0.338243	0.336916	0.343199	0.340055	0.343502	0.422623	0.424235	0.426507	0.423788	0.423172	0.422802
ERR607467-k20-n1-x5e9	0.471384	0.33371	0.361815	0.3291	0.339779	0.332534	0.395151	0.371926	0.372509	0.383212	0.386291	0.387631	0.361669	0.360433	0.361387	0.359657	0.359991	0.359382	0.367765	0.353603	0.381874	0.240707	0	0.241724	0.487928	0.359644	0.528679	0.41302	0.420899	0.578762	0.48762	0.339171	0.337251	0.348192	0.346467	0.344952	0.313906	0.311781	0.318403	0.371306	0.368633	0.36687	0.354884	0.348976	0.356359	0.328141	0.32835	0.325742	0.457859	0.450851	0.450846	0.517275	0.513449	0.516494	0.45412	0.428293	0.683998	0.438474	0.434935	0.435704	0.447929	0.418567	0.413061	0.415294	0.413343	0.420445	0.484771	0.449652	0.439111	0.439069	0.437604	0.448671	0.406907	0.411115	0.412281	0.40196	0.401975	0.401638	0.50771	0.460704	0.455872	0.458405	0.458068	0.457465	0.332517	0.339392	0.338063	0.341741	0.338912	0.342199	0.423807	0.425727	0.427904	0.424525	0.423769	0.423297
ERR607468-k20-n1-x5e9	0.465369	0.331645	0.357923	0.327152	0.336274	0.329765	0.39094	0.372485	0.37331	0.380453	0.383476	0.384546	0.362852	0.360721	0.360998	0.359743	0.360169	0.359427	0.362148	0.348112	0.375821	0.241848	0.241724	0	0.48408	0.357795	0.523937	0.409401	0.417079	0.574255	0.484531	0.341629	0.33927	0.348145	0.348593	0.346968	0.311869	0.31028	0.316147	0.37558	0.373157	0.371251	0.350387	0.344697	0.351696	0.324381	0.324852	0.32236	0.455876	0.448859	0.449217	0.514037	0.51004	0.513126	0.452288	0.427878	0.680395	0.436985	0.433878	0.434531	0.445329	0.417487	0.41286	0.414946	0.413138	0.419274	0.482318	0.448388	0.438641	0.438638	0.437322	0.44755	0.408986	0.413431	0.414514	0.402544	0.402482	0.402227	0.506205	0.460682	0.456687	0.458643	0.458034	0.457729	0.334577	0.342108	0.340874	0.339757	0.337108	0.340142	0.425057	0.427442	0.429679	0.424515	0.424006	0.42384
ERR607200-k20-n1-x5e9	0.460378	0.511135	0.489665	0.505195	0.483585	0.491852	0.456236	0.56251	0.565815	0.506189	0.507603	0.506761	0.499247	0.483791	0.466469	0.47804	0.48195	0.477639	0.400152	0.405826	0.403808	0.489619	0.487928	0.48408	0	0.358821	0.318404	0.310565	0.307784	0.36333	0.366746	0.495525	0.482676	0.434533	0.48835	0.48019	0.488668	0.500571	0.487277	0.611122	0.608942	0.607001	0.410556	0.415575	0.415644	0.433845	0.434563	0.436176	0.507397	0.516113	0.513317	0.506401	0.504125	0.503941	0.491296	0.531993	0.616224	0.514321	0.519049	0.517119	0.490644	0.525538	0.540159	0.543447	0.545041	0.526261	0.491832	0.517557	0.530546	0.534634	0.535627	0.518079	0.556722	0.571278	0.570977	0.520802	0.521426	0.523555	0.494466	0.535163	0.552046	0.54171	0.539232	0.541408	0.535916	0.549667	0.54631	0.487751	0.48975	0.486302	0.554789	0.572314	0.570148	0.537994	0.54374	0.544828
ERR607201-k20-n1-x5e9	0.454823	0.395396	0.398272	0.389895	0.382616	0.383142	0.387273	0.432377	0.434424	0.401322	0.403048	0.402885	0.373375	0.363378	0.353769	0.359465	0.362687	0.359405	0.376215	0.370054	0.386177	0.360282	0.359644	0.357795	0.358821	0	0.405654	0.282661	0.289441	0.464318	0.427623	0.367921	0.357237	0.336037	0.368099	0.36245	0.37222	0.378813	0.37306	0.476462	0.474109	0.471999	0.348341	0.34704	0.350754	0.343482	0.343797	0.343512	0.458016	0.457172	0.456351	0.496035	0.492537	0.494441	0.449421	0.449667	0.653206	0.447772	0.447864	0.447182	0.446155	0.443181	0.446361	0.449965	0.449535	0.444317	0.469153	0.456119	0.454978	0.457647	0.457156	0.455764	0.450619	0.4612	0.46174	0.425962	0.426135	0.427175	0.488418	0.470341	0.474475	0.471693	0.469527	0.470286	0.402339	0.413652	0.411288	0.379122	0.378331	0.378231	0.461525	0.472339	0.472844	0.451556	0.454813	0.455178
ERR607202-k20-n1-x5e9	0.430382	0.531064	0.495982	0.527865	0.500642	0.511934	0.472105	0.579508	0.582973	0.510031	0.51179	0.509753	0.547036	0.5313	0.513563	0.523871	0.528747	0.523498	0.40009	0.409046	0.396604	0.53102	0.528679	0.523937	0.318404	0.405654	0	0.336335	0.330641	0.312457	0.433229	0.547434	0.533987	0.489057	0.545183	0.536546	0.514394	0.527222	0.508908	0.652192	0.649871	0.648049	0.432497	0.438417	0.432936	0.460982	0.460654	0.463522	0.535439	0.543298	0.54382	0.508681	0.508553	0.506608	0.532881	0.571537	0.594883	0.547642	0.553286	0.55121	0.520994	0.555638	0.572892	0.574668	0.577794	0.556463	0.526628	0.552528	0.568022	0.570645	0.57334	0.55399	0.605897	0.617639	0.618598	0.560535	0.561427	0.563934	0.548005	0.585098	0.600357	0.591231	0.589188	0.591153	0.575748	0.588803	0.587725	0.508659	0.512284	0.507385	0.601012	0.616667	0.618064	0.57879	0.583294	0.584229
ERR607203-k20-n1-x5e9	0.417057	0.430222	0.411395	0.425461	0.405742	0.412733	0.390307	0.475442	0.478619	0.418605	0.420321	0.419119	0.431905	0.417261	0.402011	0.410791	0.415277	0.41039	0.349902	0.350004	0.354495	0.414942	0.41302	0.409401	0.310565	0.282661	0.336335	0	0.256223	0.393804	0.406245	0.429706	0.416668	0.378531	0.428395	0.420581	0.409015	0.42003	0.406059	0.541373	0.539001	0.536874	0.349216	0.351815	0.350867	0.363404	0.363544	0.364908	0.470105	0.473581	0.473584	0.480266	0.477915	0.478171	0.463501	0.484068	0.622348	0.469734	0.472805	0.471312	0.454836	0.47152	0.482836	0.485326	0.487136	0.472443	0.471302	0.47702	0.48486	0.487395	0.488872	0.477201	0.504228	0.515837	0.516633	0.466567	0.467201	0.469019	0.495275	0.503236	0.51374	0.507186	0.504699	0.506235	0.461413	0.474736	0.473152	0.408955	0.410873	0.40789	0.507135	0.521014	0.522069	0.489745	0.49392	0.494475
ERR607204-k20-n1-x5e9	0.416399	0.4366	0.416109	0.431816	0.411279	0.418688	0.394652	0.482847	0.485916	0.424126	0.425572	0.424474	0.439772	0.424694	0.409187	0.418221	0.422805	0.417878	0.351004	0.351761	0.3548	0.422802	0.420899	0.417079	0.307784	0.289441	0.330641	0.256223	0	0.3877	0.405695	0.437543	0.424087	0.384843	0.435964	0.427901	0.415608	0.427051	0.412389	0.549679	0.547145	0.545141	0.352972	0.355963	0.354723	0.368749	0.368934	0.37019	0.473909	0.478066	0.477645	0.481304	0.478758	0.479061	0.46705	0.489659	0.62087	0.474367	0.47776	0.476117	0.458137	0.476922	0.488786	0.491359	0.493092	0.477527	0.473706	0.48154	0.489957	0.492743	0.494167	0.481605	0.511513	0.523323	0.524035	0.472863	0.473701	0.475544	0.497416	0.508159	0.51923	0.512313	0.509836	0.511317	0.469445	0.482917	0.481232	0.415258	0.417264	0.41389	0.514028	0.528121	0.529106	0.495847	0.500265	0.500949
ERR607205-k20-n1-x5e9	0.462044	0.577486	0.541511	0.574276	0.547762	0.558937	0.516804	0.622708	0.626188	0.553703	0.555303	0.553389	0.594408	0.57934	0.562224	0.571963	0.576689	0.571562	0.447452	0.457617	0.442723	0.581013	0.578762	0.574255	0.36333	0.464318	0.312457	0.393804	0.3877	0	0.465427	0.595408	0.582468	0.538651	0.59283	0.584582	0.562151	0.574991	0.556662	0.694498	0.692382	0.690652	0.482522	0.488806	0.482942	0.51166	0.511303	0.514203	0.574722	0.583427	0.583493	0.539713	0.54026	0.537478	0.572924	0.61427	0.58997	0.589287	0.595221	0.593149	0.561674	0.598723	0.616238	0.617598	0.620769	0.599073	0.566155	0.595234	0.611264	0.613854	0.616672	0.596351	0.650195	0.661358	0.662096	0.605923	0.606729	0.609078	0.584123	0.626433	0.642388	0.63304	0.630641	0.632667	0.622592	0.635164	0.634116	0.556491	0.560147	0.555051	0.643854	0.659249	0.660394	0.621895	0.62651	0.627451
ERR606684-k20-n1-x5e9	0.499448	0.520095	0.509574	0.513464	0.496652	0.502582	0.458817	0.558902	0.562382	0.516003	0.51725	0.517811	0.496135	0.48282	0.467604	0.478407	0.481256	0.47816	0.438625	0.44224	0.447143	0.488472	0.48762	0.484531	0.366746	0.427623	0.433229	0.406245	0.405695	0.465427	0	0.453118	0.44161	0.391962	0.442352	0.434297	0.486125	0.496648	0.488211	0.586372	0.584528	0.582714	0.422544	0.426199	0.430244	0.439373	0.440905	0.44146	0.536225	0.544267	0.539336	0.551602	0.548653	0.548504	0.509421	0.54587	0.650807	0.534617	0.538242	0.536819	0.514876	0.543705	0.555519	0.559173	0.559936	0.544498	0.52847	0.547816	0.55728	0.56115	0.560846	0.547964	0.565842	0.578822	0.57712	0.549208	0.549424	0.551184	0.50981	0.54838	0.563629	0.554491	0.551714	0.55344	0.538335	0.550857	0.546061	0.506686	0.508036	0.505716	0.56798	0.582237	0.576978	0.560002	0.565789	0.566846
ERR606685-k20-n1-x5e9	0.537825	0.396778	0.434085	0.390558	0.404325	0.395273	0.412847	0.383014	0.383574	0.409064	0.409123	0.411579	0.334089	0.335382	0.341661	0.339228	0.337752	0.339347	0.456987	0.446271	0.470697	0.337545	0.339171	0.341629	0.495525	0.367921	0.547434	0.429706	0.437543	0.595408	0.453118	0	0.245026	0.273862	0.24781	0.249274	0.356839	0.353949	0.365541	0.369445	0.367877	0.366379	0.396859	0.391854	0.40107	0.370702	0.372305	0.36905	0.492275	0.486506	0.483823	0.55628	0.552339	0.554999	0.479169	0.45466	0.715984	0.470045	0.466182	0.467064	0.482765	0.455771	0.446965	0.451417	0.448117	0.45707	0.520992	0.489496	0.477444	0.479243	0.476555	0.488171	0.430478	0.434329	0.432759	0.448509	0.448037	0.447469	0.525599	0.48055	0.475171	0.478698	0.475931	0.475409	0.365535	0.369621	0.365566	0.400982	0.39671	0.401174	0.456108	0.455596	0.452609	0.465539	0.46701	0.466821
ERR606686-k20-n1-x5e9	0.527145	0.392732	0.426841	0.38641	0.397851	0.389878	0.403252	0.382689	0.383679	0.401584	0.401847	0.404029	0.333802	0.333384	0.337923	0.336454	0.335462	0.336599	0.445751	0.435304	0.459252	0.335955	0.337251	0.33927	0.482676	0.357237	0.533987	0.416668	0.424087	0.582468	0.44161	0.245026	0	0.265528	0.248125	0.248546	0.352704	0.35077	0.360379	0.378654	0.377104	0.375477	0.386438	0.381739	0.390605	0.362258	0.36364	0.360793	0.487241	0.482138	0.479516	0.548703	0.54498	0.547514	0.47442	0.453037	0.708833	0.466446	0.462854	0.463681	0.476907	0.452888	0.445538	0.450139	0.447234	0.454152	0.514921	0.485684	0.47487	0.476833	0.474423	0.484408	0.433051	0.43756	0.436236	0.446566	0.446304	0.445753	0.520434	0.47854	0.474322	0.47712	0.474138	0.473788	0.367601	0.37283	0.368861	0.395843	0.392118	0.396136	0.456957	0.457719	0.455161	0.464258	0.466022	0.465848
ERR606687-k20-n1-x5e9	0.497713	0.398329	0.418751	0.391149	0.392451	0.389071	0.381789	0.406178	0.408441	0.397068	0.397154	0.398923	0.350263	0.343007	0.340209	0.343608	0.344192	0.343291	0.414971	0.406995	0.428157	0.347573	0.348192	0.348145	0.434533	0.336037	0.489057	0.378531	0.384843	0.538651	0.391962	0.273862	0.265528	0	0.266516	0.261234	0.356761	0.360268	0.362892	0.423141	0.421334	0.41936	0.360624	0.358389	0.366367	0.346872	0.34825	0.345918	0.477367	0.475691	0.472368	0.528734	0.524971	0.526903	0.460555	0.455571	0.685247	0.461171	0.459658	0.459726	0.462834	0.453205	0.45248	0.456951	0.455284	0.45434	0.496406	0.478846	0.473627	0.476438	0.474495	0.477638	0.450504	0.458673	0.457044	0.451782	0.4516	0.452015	0.498462	0.475709	0.477769	0.476578	0.472639	0.473049	0.391958	0.401085	0.3967	0.395937	0.393798	0.395793	0.467721	0.473517	0.470276	0.468214	0.471931	0.472039
ERR606688-k20-n1-x5e9	0.542736	0.406744	0.443215	0.39924	0.412012	0.403271	0.415435	0.39626	0.397111	0.416869	0.41621	0.419112	0.336745	0.33674	0.34304	0.341489	0.339907	0.341699	0.460639	0.450619	0.47466	0.344681	0.346467	0.348593	0.48835	0.368099	0.545183	0.428395	0.435964	0.59283	0.442352	0.24781	0.248125	0.266516	0	0.243058	0.365133	0.363153	0.374369	0.378736	0.377396	0.375875	0.399607	0.395186	0.404904	0.3755	0.37697	0.37384	0.493748	0.489111	0.485461	0.557742	0.553838	0.556537	0.477475	0.457281	0.716349	0.472453	0.468768	0.469484	0.483353	0.460245	0.452331	0.457348	0.454002	0.461263	0.519749	0.491516	0.480505	0.482734	0.479801	0.48992	0.434075	0.439111	0.437001	0.453569	0.45311	0.45244	0.519175	0.479079	0.475317	0.477936	0.474029	0.473854	0.374744	0.379503	0.374542	0.409788	0.405743	0.409903	0.459222	0.459897	0.455543	0.469033	0.471659	0.471292
ERR606689-k20-n1-x5e9	0.535872	0.404477	0.438832	0.397003	0.408102	0.400192	0.40949	0.396446	0.397702	0.412727	0.412137	0.414971	0.337347	0.336309	0.34124	0.340502	0.33909	0.340355	0.453226	0.443637	0.467275	0.343454	0.344952	0.346968	0.48019	0.36245	0.536546	0.420581	0.427901	0.584582	0.434297	0.249274	0.248546	0.261234	0.243058	0	0.362685	0.361529	0.371358	0.384975	0.383505	0.381975	0.393012	0.388796	0.398338	0.370185	0.371805	0.368766	0.490622	0.486477	0.482792	0.553199	0.549335	0.551756	0.47406	0.456011	0.711515	0.469923	0.466469	0.467111	0.479477	0.458342	0.451285	0.456379	0.453262	0.459409	0.515666	0.488702	0.478391	0.480989	0.478153	0.487288	0.435509	0.441244	0.439018	0.452182	0.45164	0.451236	0.515456	0.477564	0.474785	0.4769	0.47278	0.472705	0.376003	0.38166	0.37683	0.406475	0.402689	0.406604	0.459473	0.460926	0.45679	0.467736	0.47049	0.470248
ERR607343-k20-n1-x5e9	0.430136	0.308612	0.325579	0.305079	0.308542	0.304827	0.351668	0.341891	0.343348	0.336538	0.339374	0.339893	0.361273	0.3566	0.354557	0.353143	0.354655	0.353332	0.378551	0.366977	0.388439	0.314882	0.313906	0.311869	0.488668	0.37222	0.514394	0.409015	0.415608	0.562151	0.486125	0.356839	0.352704	0.356761	0.365133	0.362685	0	0.254417	0.255073	0.35292	0.350323	0.348364	0.326777	0.322302	0.326226	0.3053	0.304922	0.303445	0.466353	0.460543	0.461981	0.510574	0.507795	0.509932	0.46491	0.447033	0.673137	0.449094	0.447413	0.447235	0.44935	0.42726	0.427009	0.427369	0.427569	0.427913	0.499419	0.47177	0.465973	0.465099	0.465129	0.47096	0.448193	0.45009	0.450709	0.440958	0.441622	0.441395	0.528822	0.492488	0.490947	0.491845	0.490647	0.490667	0.347348	0.355603	0.355941	0.330881	0.330006	0.330717	0.462563	0.462932	0.465802	0.459691	0.459125	0.458634
ERR607344-k20-n1-x5e9	0.44225	0.30724	0.329914	0.30409	0.312104	0.306605	0.360135	0.336095	0.337322	0.34037	0.343339	0.344241	0.358456	0.355552	0.355474	0.352617	0.353833	0.353152	0.391294	0.378839	0.400919	0.312555	0.311781	0.31028	0.500571	0.378813	0.527222	0.42003	0.427051	0.574991	0.496648	0.353949	0.35077	0.360268	0.363153	0.361529	0.254417	0	0.256988	0.338251	0.335668	0.333721	0.338216	0.332867	0.33771	0.31321	0.31304	0.310993	0.470308	0.463421	0.465062	0.518066	0.514905	0.517333	0.469993	0.44736	0.68135	0.452029	0.449519	0.449626	0.455047	0.428392	0.426165	0.426505	0.426267	0.429478	0.505669	0.474673	0.467262	0.466155	0.465776	0.473836	0.443592	0.444253	0.445199	0.439686	0.440208	0.439698	0.534603	0.49376	0.490867	0.49239	0.49159	0.491598	0.3407	0.347485	0.348151	0.332478	0.33135	0.332908	0.459857	0.458481	0.461844	0.459063	0.457866	0.457223
ERR607345-k20-n1-x5e9	0.421701	0.308059	0.32023	0.305062	0.306363	0.303714	0.349274	0.342761	0.344318	0.332417	0.335581	0.33562	0.368321	0.362846	0.360028	0.358839	0.360821	0.358951	0.372478	0.361377	0.381725	0.319694	0.318403	0.316147	0.487277	0.37306	0.508908	0.406059	0.412389	0.556662	0.488211	0.365541	0.360379	0.362892	0.374369	0.371358	0.255073	0.256988	0	0.363133	0.360401	0.358514	0.323954	0.319659	0.322627	0.304406	0.303608	0.302308	0.466329	0.460636	0.462637	0.507029	0.504295	0.506439	0.46698	0.450235	0.669489	0.450454	0.449063	0.448783	0.449316	0.428309	0.429252	0.429169	0.429816	0.429168	0.499776	0.47255	0.467711	0.466744	0.467088	0.471999	0.453664	0.455305	0.456337	0.443011	0.443819	0.443562	0.532039	0.49675	0.495658	0.496397	0.495259	0.495349	0.352775	0.361065	0.361824	0.328814	0.328832	0.329065	0.467069	0.467639	0.471275	0.462522	0.461912	0.461471
ERR607346-k20-n1-x5e9	0.581222	0.392564	0.447581	0.389511	0.420317	0.405046	0.47891	0.377488	0.37494	0.448893	0.44997	0.452867	0.387867	0.399694	0.414723	0.405015	0.401572	0.405687	0.528102	0.514911	0.54025	0.3693	0.371306	0.37558	0.611122	0.476462	0.652192	0.541373	0.549679	0.694498	0.586372	0.369445	0.378654	0.423141	0.378736	0.384975	0.35292	0.338251	0.363133	0	0.23786	0.238205	0.47045	0.46276	0.471788	0.433847	0.434721	0.43095	0.540633	0.530239	0.52914	0.610371	0.606896	0.610158	0.535124	0.488235	0.764919	0.512629	0.506083	0.507917	0.53423	0.486608	0.468849	0.470007	0.466101	0.487632	0.581241	0.536188	0.517853	0.516836	0.51372	0.534631	0.442369	0.434472	0.433964	0.481772	0.481338	0.478777	0.594572	0.530901	0.517479	0.525638	0.524899	0.523515	0.355609	0.348453	0.347758	0.424777	0.419525	0.425928	0.474245	0.459777	0.460175	0.495302	0.491762	0.490137
ERR607347-k20-n1-x5e9	0.578619	0.389964	0.444909	0.387061	0.417636	0.402611	0.476722	0.375544	0.372779	0.446526	0.447594	0.450479	0.386479	0.397991	0.412964	0.403245	0.399915	0.403908	0.525414	0.512183	0.537503	0.366928	0.368633	0.373157	0.608942	0.474109	0.649871	0.539001	0.547145	0.692382	0.584528	0.367877	0.377104	0.421334	0.377396	0.383505	0.350323	0.335668	0.360401	0.23786	0	0.237725	0.467809	0.46021	0.469002	0.431284	0.432049	0.428199	0.538721	0.528213	0.527153	0.608272	0.604852	0.608082	0.533524	0.48655	0.763204	0.510905	0.504324	0.506256	0.53229	0.484789	0.467148	0.468278	0.464376	0.485769	0.579348	0.534358	0.51601	0.5148	0.511837	0.532771	0.441085	0.433239	0.432874	0.479688	0.479177	0.476584	0.59291	0.529213	0.515866	0.52412	0.523344	0.522039	0.353498	0.346333	0.345894	0.422052	0.416898	0.423114	0.472777	0.458512	0.458968	0.493529	0.489955	0.488356
ERR607348-k20-n1-x5e9	0.576769	0.388057	0.442969	0.385036	0.415707	0.40063	0.474908	0.374488	0.37172	0.444793	0.446031	0.44878	0.384814	0.396305	0.411149	0.40163	0.398281	0.402285	0.523343	0.510143	0.535558	0.365153	0.36687	0.371251	0.607001	0.471999	0.648049	0.536874	0.545141	0.690652	0.582714	0.366379	0.375477	0.41936	0.375875	0.381975	0.348364	0.333721	0.358514	0.238205	0.237725	0	0.465478	0.457886	0.466776	0.428914	0.429767	0.426022	0.537602	0.527057	0.526111	0.60702	0.60356	0.606867	0.532403	0.485715	0.762235	0.509808	0.503243	0.50525	0.530971	0.483418	0.466014	0.467183	0.463285	0.484447	0.578075	0.533084	0.514983	0.513792	0.510807	0.531567	0.440595	0.432821	0.432577	0.478571	0.478071	0.475639	0.591684	0.528168	0.514975	0.523227	0.522459	0.521033	0.352367	0.345393	0.344971	0.420287	0.415128	0.421393	0.472007	0.457956	0.458507	0.4925	0.489013	0.487469
ERR608031-k20-n1-x5e9	0.378787	0.359536	0.343292	0.354296	0.335677	0.342573	0.341727	0.412483	0.415641	0.361879	0.365561	0.364588	0.398847	0.386215	0.373163	0.379315	0.383068	0.379206	0.318447	0.313464	0.326018	0.357439	0.354884	0.350387	0.410556	0.348341	0.432497	0.349216	0.352972	0.482522	0.422544	0.396859	0.386438	0.360624	0.399607	0.393012	0.326777	0.338216	0.323954	0.47045	0.467809	0.465478	0	0.256907	0.257225	0.263959	0.263702	0.264611	0.457655	0.458349	0.459385	0.477953	0.47507	0.476397	0.450316	0.461926	0.628508	0.450154	0.452601	0.45113	0.433971	0.441447	0.45226	0.453658	0.455552	0.442414	0.469412	0.464661	0.469936	0.471424	0.472727	0.465301	0.483667	0.492702	0.493167	0.454924	0.455626	0.456925	0.497487	0.492253	0.500088	0.495043	0.493933	0.495052	0.407361	0.421318	0.419886	0.352079	0.354468	0.350932	0.48682	0.497323	0.498924	0.472752	0.475502	0.475897
