	ERR608495-k20-n1-x5e9	ERR608496-k20-n1-x5e9	ERR608497-k20-n1-x5e9	ERR608498-k20-n1-x5e9	ERR608499-k20-n1-x5e9	ERR608500-k20-n1-x5e9	ERR609175-k20-n1-x5e9	ERR609176-k20-n1-x5e9	ERR609177-k20-n1-x5e9	ERR609178-k20-n1-x5e9	ERR609179-k20-n1-x5e9	ERR609180-k20-n1-x5e9	ERR609145-k20-n1-x5e9	ERR609146-k20-n1-x5e9	ERR609147-k20-n1-x5e9	ERR609148-k20-n1-x5e9	ERR609149-k20-n1-x5e9	ERR609150-k20-n1-x5e9	ERR609993-k20-n1-x5e9	ERR609994-k20-n1-x5e9	ERR609995-k20-n1-x5e9	ERR609996-k20-n1-x5e9	ERR609997-k20-n1-x5e9	ERR609998-k20-n1-x5e9	ERR607887-k20-n1-x5e9	ERR607888-k20-n1-x5e9	ERR607889-k20-n1-x5e9	ERR607890-k20-n1-x5e9	ERR607891-k20-n1-x5e9	ERR607892-k20-n1-x5e9	ERR608013-k20-n1-x5e9	ERR608014-k20-n1-x5e9	ERR608015-k20-n1-x5e9	ERR608016-k20-n1-x5e9	ERR608017-k20-n1-x5e9	ERR608018-k20-n1-x5e9	ERR609339-k20-n1-x5e9	ERR609340-k20-n1-x5e9	ERR609341-k20-n1-x5e9	ERR609342-k20-n1-x5e9	ERR609343-k20-n1-x5e9	ERR609344-k20-n1-x5e9	ERR609333-k20-n1-x5e9	ERR609334-k20-n1-x5e9	ERR609335-k20-n1-x5e9	ERR609336-k20-n1-x5e9	ERR609337-k20-n1-x5e9	ERR609338-k20-n1-x5e9	ERR605533-k20-n1-x5e9	ERR605534-k20-n1-x5e9	ERR605535-k20-n1-x5e9	ERR605536-k20-n1-x5e9	ERR605537-k20-n1-x5e9	ERR605538-k20-n1-x5e9	ERR609051-k20-n1-x5e9	ERR609052-k20-n1-x5e9	ERR609053-k20-n1-x5e9	ERR609054-k20-n1-x5e9	ERR609055-k20-n1-x5e9	ERR609056-k20-n1-x5e9	ERR608149-k20-n1-x5e9	ERR608150-k20-n1-x5e9	ERR608151-k20-n1-x5e9	ERR608152-k20-n1-x5e9	ERR608153-k20-n1-x5e9	ERR608154-k20-n1-x5e9	ERR608389-k20-n1-x5e9	ERR608390-k20-n1-x5e9	ERR608391-k20-n1-x5e9	ERR608392-k20-n1-x5e9	ERR608393-k20-n1-x5e9	ERR608394-k20-n1-x5e9	ERR608463-k20-n1-x5e9	ERR608464-k20-n1-x5e9	ERR608465-k20-n1-x5e9	ERR608466-k20-n1-x5e9	ERR608467-k20-n1-x5e9	ERR608468-k20-n1-x5e9	ERR607311-k20-n1-x5e9	ERR607312-k20-n1-x5e9	ERR607313-k20-n1-x5e9	ERR607314-k20-n1-x5e9	ERR607315-k20-n1-x5e9	ERR607316-k20-n1-x5e9	ERR607983-k20-n1-x5e9	ERR607984-k20-n1-x5e9	ERR607985-k20-n1-x5e9	ERR607986-k20-n1-x5e9	ERR607987-k20-n1-x5e9	ERR607988-k20-n1-x5e9	ERR605689-k20-n1-x5e9	ERR605690-k20-n1-x5e9	ERR605691-k20-n1-x5e9	ERR605692-k20-n1-x5e9	ERR605693-k20-n1-x5e9	ERR605694-k20-n1-x5e9
ERR608495-k20-n1-x5e9	0	0.293015	0.31138	0.327433	0.315258	0.312512	0.332972	0.332609	0.332612	0.349873	0.334998	0.335429	0.387544	0.356796	0.367756	0.401355	0.401699	0.390857	0.352379	0.392074	0.513109	0.411886	0.376306	0.377463	0.344691	0.349644	0.346088	0.372757	0.372321	0.374893	0.413479	0.388342	0.38352	0.355865	0.354163	0.35437	0.379198	0.382109	0.473394	0.390825	0.388311	0.390664	0.349435	0.350694	0.453217	0.377687	0.365911	0.368614	0.527224	0.52629	0.527335	0.530166	0.529162	0.530506	0.50778	0.530501	0.54049	0.508791	0.507316	0.505471	0.452582	0.452229	0.458647	0.459841	0.46096	0.451469	0.443936	0.445739	0.452699	0.454428	0.455094	0.446012	0.369307	0.336723	0.326696	0.327656	0.324362	0.334298	0.466529	0.469978	0.469298	0.473503	0.472182	0.470977	0.514376	0.514836	0.514673	0.512413	0.512321	0.510987	0.492627	0.484355	0.479626	0.484281	0.47628	0.474944
ERR608496-k20-n1-x5e9	0.293015	0	0.248226	0.255516	0.250438	0.250224	0.356929	0.359863	0.371069	0.399601	0.356263	0.359605	0.33943	0.391869	0.334391	0.345681	0.346133	0.342076	0.404591	0.344904	0.582928	0.356954	0.363391	0.361743	0.3021	0.30331	0.300288	0.31281	0.312286	0.313856	0.471798	0.422117	0.40466	0.359543	0.357967	0.35919	0.421785	0.425267	0.541569	0.385642	0.392405	0.394587	0.390797	0.392318	0.525231	0.356649	0.357294	0.358814	0.529927	0.53474	0.541384	0.538533	0.536818	0.538816	0.503117	0.498419	0.502995	0.492147	0.491825	0.492581	0.4771	0.446083	0.441455	0.440631	0.440449	0.44688	0.467477	0.43963	0.435037	0.436209	0.434933	0.440894	0.440384	0.386623	0.362937	0.360271	0.35404	0.384104	0.469827	0.461867	0.464637	0.491194	0.484233	0.480016	0.499318	0.494246	0.496092	0.517235	0.516649	0.517001	0.468556	0.468131	0.46817	0.479257	0.50057	0.49435
ERR608497-k20-n1-x5e9	0.31138	0.248226	0	0.248345	0.246712	0.24701	0.371183	0.374412	0.387057	0.417158	0.369913	0.373622	0.33745	0.40795	0.337104	0.341187	0.341328	0.33991	0.422559	0.341942	0.600633	0.350729	0.369158	0.366903	0.302521	0.302224	0.299812	0.30682	0.306152	0.307241	0.489582	0.43695	0.417585	0.370193	0.368853	0.370075	0.437426	0.440681	0.559274	0.391213	0.39999	0.402225	0.407094	0.408509	0.544048	0.359527	0.363645	0.364674	0.535709	0.541707	0.549289	0.545382	0.543268	0.545672	0.507252	0.495564	0.498472	0.493797	0.49379	0.495261	0.488227	0.451864	0.444414	0.443148	0.442507	0.452807	0.47874	0.44534	0.438162	0.438807	0.437226	0.44674	0.460094	0.404096	0.37873	0.375564	0.369175	0.401804	0.476587	0.466134	0.469753	0.500476	0.492493	0.487806	0.501212	0.49482	0.497138	0.524217	0.523498	0.523983	0.468977	0.47077	0.471554	0.484425	0.511749	0.50465
ERR608498-k20-n1-x5e9	0.327433	0.255516	0.248345	0	0.243797	0.244348	0.385253	0.38819	0.400792	0.436557	0.38195	0.385937	0.337241	0.427425	0.33898	0.338051	0.337786	0.336554	0.441432	0.334704	0.619449	0.338895	0.363404	0.360782	0.300025	0.298637	0.297995	0.298621	0.297962	0.298485	0.511969	0.459542	0.439861	0.387274	0.385691	0.387521	0.44986	0.45292	0.574731	0.387233	0.398349	0.400149	0.423335	0.424756	0.562461	0.354452	0.362561	0.362785	0.542892	0.549839	0.558567	0.553662	0.551311	0.554255	0.50503	0.488014	0.489821	0.492562	0.493224	0.495289	0.495358	0.455349	0.445261	0.444076	0.442736	0.455931	0.487691	0.450959	0.440946	0.442444	0.439786	0.452135	0.480882	0.42569	0.399507	0.396425	0.389578	0.422799	0.482019	0.469987	0.472191	0.509874	0.50182	0.496642	0.49812	0.491204	0.492948	0.527824	0.526501	0.527662	0.472131	0.475926	0.478056	0.493655	0.52332	0.515775
ERR608499-k20-n1-x5e9	0.315258	0.250438	0.246712	0.243797	0	0.24347	0.37451	0.377114	0.389714	0.423077	0.371696	0.37537	0.335822	0.414542	0.335344	0.338359	0.338399	0.33628	0.428058	0.33635	0.60681	0.343526	0.361136	0.358621	0.298883	0.298363	0.296871	0.301942	0.301347	0.302277	0.497999	0.446425	0.427454	0.376478	0.375011	0.37663	0.439219	0.442464	0.563063	0.385216	0.394886	0.397067	0.411441	0.412755	0.549753	0.353487	0.35905	0.359777	0.537897	0.544017	0.552313	0.54792	0.545752	0.548472	0.503964	0.491379	0.494008	0.491844	0.492117	0.493998	0.488858	0.451563	0.443429	0.442526	0.441501	0.452324	0.480553	0.446731	0.438304	0.439648	0.437662	0.447818	0.466929	0.412063	0.386372	0.38341	0.376496	0.409137	0.477492	0.466911	0.469322	0.503294	0.495793	0.490812	0.49831	0.492032	0.49381	0.523786	0.522677	0.523395	0.470223	0.472581	0.474112	0.488227	0.515169	0.507848
ERR608500-k20-n1-x5e9	0.312512	0.250224	0.24701	0.244348	0.24347	0	0.372691	0.375206	0.387108	0.42145	0.369816	0.373458	0.336351	0.413396	0.335232	0.339422	0.339419	0.33668	0.426312	0.335454	0.604894	0.342869	0.358542	0.356153	0.298094	0.297676	0.296319	0.301833	0.301277	0.301957	0.497007	0.446112	0.427599	0.376007	0.374769	0.376389	0.436714	0.440017	0.560512	0.382111	0.391805	0.393678	0.409367	0.410721	0.547505	0.351307	0.356811	0.357118	0.537337	0.543241	0.551464	0.547435	0.545245	0.547825	0.501997	0.490307	0.493365	0.490943	0.491218	0.493051	0.486614	0.450219	0.442277	0.441496	0.440505	0.450964	0.478637	0.445685	0.437626	0.439138	0.436868	0.446921	0.464759	0.410418	0.384905	0.382318	0.375394	0.407424	0.476117	0.465754	0.467741	0.501859	0.494594	0.48953	0.496549	0.490528	0.49208	0.522195	0.520936	0.521703	0.470723	0.472681	0.47427	0.488685	0.514161	0.506926
ERR609175-k20-n1-x5e9	0.332972	0.356929	0.371183	0.385253	0.37451	0.372691	0	0.253003	0.25784	0.277967	0.257804	0.258426	0.36178	0.327646	0.342089	0.377328	0.378029	0.367754	0.327561	0.373777	0.502128	0.398382	0.362709	0.363997	0.359674	0.364895	0.359829	0.387166	0.386991	0.389358	0.43651	0.410632	0.405323	0.382103	0.380735	0.381006	0.34191	0.344356	0.450075	0.377086	0.371141	0.374239	0.320959	0.321402	0.438289	0.36797	0.352261	0.356491	0.507777	0.506788	0.509015	0.511474	0.510595	0.512339	0.500173	0.518242	0.527646	0.497204	0.495687	0.494446	0.440148	0.434515	0.439248	0.441234	0.442359	0.434846	0.438809	0.435652	0.440241	0.443081	0.443226	0.437134	0.379721	0.343579	0.333923	0.334413	0.331745	0.342942	0.458223	0.459997	0.460436	0.466284	0.464433	0.462851	0.49821	0.498634	0.499412	0.494567	0.49437	0.493413	0.475984	0.467858	0.463603	0.468717	0.464174	0.461519
ERR609176-k20-n1-x5e9	0.332609	0.359863	0.374412	0.38819	0.377114	0.375206	0.253003	0	0.256132	0.277342	0.257638	0.257935	0.364547	0.328659	0.343916	0.380014	0.38068	0.36976	0.326445	0.374959	0.500065	0.399723	0.360638	0.362219	0.361623	0.366894	0.36237	0.38968	0.389456	0.391789	0.436636	0.413113	0.408279	0.384593	0.383214	0.383183	0.339885	0.342167	0.446508	0.375536	0.369344	0.372375	0.320012	0.31975	0.435394	0.367523	0.351534	0.355387	0.508896	0.507576	0.509661	0.512335	0.511438	0.513333	0.500061	0.519631	0.529276	0.498566	0.497035	0.495498	0.439573	0.435618	0.440716	0.442958	0.444027	0.435721	0.438752	0.437108	0.442402	0.445502	0.445414	0.43868	0.378432	0.344434	0.335134	0.33621	0.3339	0.343863	0.45897	0.461582	0.461215	0.46714	0.4656	0.463908	0.498713	0.49959	0.500051	0.494791	0.494507	0.493294	0.479026	0.470485	0.466029	0.471591	0.464581	0.462354
ERR609177-k20-n1-x5e9	0.332612	0.371069	0.387057	0.400792	0.389714	0.387108	0.25784	0.256132	0	0.276316	0.261671	0.261095	0.38039	0.334222	0.356898	0.396761	0.397031	0.385156	0.32505	0.387072	0.490333	0.411715	0.364903	0.36692	0.371807	0.377403	0.373604	0.401326	0.401342	0.403609	0.437643	0.420845	0.418926	0.396309	0.395107	0.3952	0.332133	0.334593	0.432007	0.374876	0.3665	0.369527	0.318122	0.318888	0.423642	0.372162	0.354327	0.358414	0.512627	0.510227	0.511118	0.515075	0.514219	0.515902	0.498876	0.524062	0.534928	0.501895	0.500371	0.498783	0.434356	0.437515	0.444613	0.447281	0.44853	0.43735	0.436299	0.441432	0.448332	0.451729	0.451817	0.442827	0.371621	0.345471	0.33996	0.341791	0.339791	0.344702	0.45955	0.464175	0.462379	0.466363	0.466147	0.464947	0.499246	0.501459	0.501266	0.493019	0.492565	0.491366	0.489291	0.479656	0.474384	0.479496	0.465849	0.464926
ERR609178-k20-n1-x5e9	0.349873	0.399601	0.417158	0.436557	0.423077	0.42145	0.277967	0.277342	0.276316	0	0.289205	0.287089	0.410918	0.315932	0.389229	0.427883	0.429185	0.418943	0.308595	0.430595	0.453383	0.457386	0.41479	0.417038	0.413008	0.41878	0.41258	0.444041	0.443675	0.446463	0.398935	0.388543	0.391062	0.388942	0.388039	0.387048	0.343958	0.34591	0.414913	0.427914	0.417472	0.420686	0.318045	0.317576	0.393183	0.422913	0.402434	0.407423	0.515946	0.511472	0.509654	0.515426	0.515353	0.516082	0.531528	0.559521	0.57022	0.528107	0.525853	0.522671	0.451156	0.462119	0.472799	0.474638	0.477135	0.461847	0.445475	0.457659	0.46938	0.471147	0.473108	0.459251	0.344277	0.324612	0.327503	0.329324	0.330123	0.325399	0.47701	0.484145	0.486024	0.47051	0.470823	0.471714	0.533664	0.535335	0.536416	0.514071	0.515239	0.512612	0.498825	0.486262	0.479307	0.476265	0.4584	0.458963
ERR609179-k20-n1-x5e9	0.334998	0.356263	0.369913	0.38195	0.371696	0.369816	0.257804	0.257638	0.261671	0.289205	0	0.255128	0.359846	0.337703	0.33963	0.374633	0.37499	0.364151	0.337416	0.367757	0.512589	0.391298	0.354082	0.355335	0.355245	0.360282	0.356336	0.381705	0.381718	0.383818	0.448401	0.422981	0.417133	0.389036	0.387714	0.388075	0.345154	0.347647	0.456959	0.365525	0.360336	0.363205	0.327605	0.327671	0.447872	0.356531	0.341955	0.345544	0.511428	0.510793	0.513561	0.515566	0.514401	0.516449	0.495974	0.513469	0.522878	0.49507	0.493845	0.492849	0.440946	0.433939	0.437776	0.440031	0.440768	0.43411	0.441572	0.437082	0.440812	0.444001	0.443762	0.438294	0.390309	0.354654	0.343641	0.34417	0.340912	0.353474	0.459032	0.460312	0.459499	0.470176	0.468144	0.46628	0.494023	0.494827	0.495063	0.49384	0.493273	0.492353	0.478704	0.471386	0.467265	0.474433	0.470236	0.467396
ERR609180-k20-n1-x5e9	0.335429	0.359605	0.373622	0.385937	0.37537	0.373458	0.258426	0.257935	0.261095	0.287089	0.255128	0	0.364122	0.337165	0.343453	0.37894	0.37948	0.368474	0.335126	0.371937	0.508617	0.395407	0.356563	0.357797	0.358901	0.363959	0.359821	0.385772	0.38581	0.388126	0.446334	0.422417	0.417177	0.3904	0.389049	0.389409	0.343445	0.345945	0.453089	0.367327	0.361658	0.364675	0.326561	0.32672	0.443745	0.359734	0.344511	0.348066	0.511313	0.510328	0.512801	0.515284	0.514021	0.516154	0.497201	0.515881	0.525528	0.496673	0.495477	0.494243	0.440694	0.435259	0.439911	0.442086	0.442845	0.43545	0.441218	0.438556	0.442865	0.446124	0.445593	0.439668	0.387114	0.353002	0.342634	0.343813	0.340958	0.351485	0.459546	0.46168	0.460366	0.469672	0.468279	0.466521	0.495717	0.496642	0.496896	0.494395	0.49379	0.492861	0.480542	0.47281	0.468621	0.475337	0.46941	0.466768
ERR609145-k20-n1-x5e9	0.387544	0.33943	0.33745	0.337241	0.335822	0.336351	0.36178	0.364547	0.38039	0.410918	0.359846	0.364122	0	0.3586	0.250333	0.245841	0.245677	0.246037	0.41972	0.323351	0.603715	0.333432	0.35807	0.35587	0.334149	0.334443	0.330823	0.336981	0.336079	0.33712	0.505016	0.453216	0.433992	0.385315	0.384151	0.385717	0.439819	0.442659	0.565226	0.399986	0.409381	0.411931	0.408868	0.409616	0.551041	0.363682	0.368615	0.369876	0.517114	0.523907	0.534117	0.528803	0.526275	0.529602	0.504748	0.486948	0.488168	0.487428	0.487594	0.489651	0.489082	0.448738	0.43891	0.438038	0.437124	0.44995	0.478184	0.441317	0.430889	0.433181	0.431039	0.442621	0.479105	0.423645	0.398883	0.396408	0.390338	0.422033	0.479191	0.467196	0.471162	0.504313	0.497277	0.491898	0.500383	0.492672	0.495362	0.525867	0.52478	0.525669	0.445153	0.448152	0.451697	0.466028	0.498415	0.489173
ERR609146-k20-n1-x5e9	0.356796	0.391869	0.40795	0.427425	0.414542	0.413396	0.327646	0.328659	0.334222	0.315932	0.337703	0.337165	0.3586	0	0.339185	0.376026	0.37782	0.3684	0.319558	0.424783	0.471525	0.450991	0.419161	0.420402	0.412711	0.418368	0.410323	0.441153	0.440146	0.44315	0.381776	0.357424	0.355316	0.352763	0.352313	0.351297	0.381668	0.384186	0.456439	0.449506	0.444051	0.44719	0.337226	0.336619	0.423926	0.432921	0.415744	0.420608	0.509644	0.506685	0.507229	0.510767	0.510746	0.511553	0.54266	0.563247	0.571944	0.532192	0.529743	0.52644	0.470672	0.472011	0.479877	0.480716	0.483436	0.471819	0.453322	0.456999	0.466413	0.467535	0.470087	0.457865	0.358055	0.327838	0.32524	0.326359	0.326829	0.328276	0.486218	0.489514	0.494324	0.480233	0.47963	0.479658	0.54809	0.546969	0.548814	0.533252	0.53474	0.532094	0.481215	0.469347	0.464683	0.459688	0.449936	0.448903
ERR609147-k20-n1-x5e9	0.367756	0.334391	0.337104	0.33898	0.335344	0.335232	0.342089	0.343916	0.356898	0.389229	0.33963	0.343453	0.250333	0.339185	0	0.257607	0.257416	0.251992	0.397559	0.32293	0.582485	0.337067	0.3428	0.341326	0.329354	0.330764	0.327455	0.338993	0.338447	0.339853	0.488316	0.441546	0.424944	0.377035	0.375814	0.377281	0.416873	0.419735	0.541268	0.383981	0.391172	0.393868	0.387318	0.387861	0.527611	0.351621	0.352666	0.354588	0.51075	0.515864	0.524862	0.521109	0.518648	0.521922	0.494496	0.486262	0.489879	0.482221	0.482272	0.483637	0.471923	0.438587	0.431728	0.431955	0.43131	0.439423	0.462972	0.433055	0.425944	0.428693	0.426889	0.43416	0.456707	0.405296	0.382423	0.380691	0.375106	0.403282	0.468715	0.459602	0.461922	0.492409	0.486646	0.481745	0.493101	0.487504	0.489298	0.514102	0.513139	0.513654	0.44737	0.447363	0.449326	0.462613	0.485741	0.477852
ERR609148-k20-n1-x5e9	0.401355	0.345681	0.341187	0.338051	0.338359	0.339422	0.377328	0.380014	0.396761	0.427883	0.374633	0.37894	0.245841	0.376026	0.257607	0	0.241085	0.244238	0.436797	0.324764	0.619054	0.331047	0.365329	0.362578	0.338465	0.337928	0.334878	0.336713	0.335941	0.336502	0.51914	0.465676	0.445442	0.395124	0.394086	0.396003	0.45637	0.459162	0.581653	0.408378	0.419356	0.421861	0.425483	0.426244	0.567479	0.370018	0.377776	0.378851	0.523812	0.531515	0.54242	0.536244	0.533537	0.537129	0.510596	0.487545	0.487181	0.491474	0.491934	0.494295	0.500607	0.456948	0.444903	0.443768	0.442486	0.457809	0.489246	0.449059	0.437021	0.438561	0.436119	0.450102	0.49549	0.439287	0.413721	0.410683	0.404557	0.437201	0.487386	0.473562	0.47805	0.514183	0.506322	0.500866	0.505153	0.49653	0.499408	0.534232	0.533209	0.534288	0.447783	0.45241	0.456827	0.472262	0.508813	0.499219
ERR609149-k20-n1-x5e9	0.401699	0.346133	0.341328	0.337786	0.338399	0.339419	0.378029	0.38068	0.397031	0.429185	0.37499	0.37948	0.245677	0.37782	0.257416	0.241085	0	0.243873	0.438604	0.324142	0.620497	0.330007	0.364249	0.361524	0.338006	0.337579	0.334438	0.336071	0.335462	0.335962	0.520811	0.467559	0.447395	0.396704	0.395678	0.397342	0.456984	0.45975	0.582742	0.407222	0.418468	0.420939	0.426589	0.427702	0.568885	0.369228	0.377115	0.378105	0.524109	0.53182	0.542815	0.536441	0.533871	0.537334	0.509511	0.486387	0.486006	0.490762	0.491239	0.493835	0.500559	0.456751	0.444576	0.443708	0.442243	0.457764	0.489321	0.449089	0.436709	0.438573	0.43616	0.450058	0.496781	0.440974	0.415174	0.412241	0.406043	0.438886	0.487431	0.473523	0.478065	0.514648	0.506859	0.50117	0.504356	0.495686	0.498476	0.534097	0.532856	0.533983	0.447694	0.452446	0.456905	0.472852	0.509304	0.49956
ERR609150-k20-n1-x5e9	0.390857	0.342076	0.33991	0.336554	0.33628	0.33668	0.367754	0.36976	0.385156	0.418943	0.364151	0.368474	0.246037	0.3684	0.251992	0.244238	0.243873	0	0.427517	0.320571	0.610538	0.328398	0.352149	0.349524	0.332938	0.33304	0.330533	0.334582	0.333926	0.334556	0.513004	0.462382	0.443549	0.39205	0.39082	0.392776	0.445176	0.44783	0.570926	0.396754	0.407135	0.409522	0.415811	0.416367	0.55774	0.35975	0.366243	0.367285	0.520248	0.527014	0.537762	0.532211	0.529525	0.533034	0.502612	0.484163	0.485242	0.486901	0.487314	0.489636	0.491282	0.451025	0.44028	0.439742	0.438386	0.451351	0.481208	0.44445	0.433494	0.435751	0.433326	0.445109	0.486251	0.432227	0.407466	0.404981	0.39866	0.429764	0.48103	0.468709	0.471834	0.507954	0.501145	0.495809	0.499337	0.491791	0.49387	0.527461	0.526175	0.527078	0.448007	0.451235	0.455214	0.470976	0.502452	0.493437
ERR609993-k20-n1-x5e9	0.352379	0.404591	0.422559	0.441432	0.428058	0.426312	0.327561	0.326445	0.32505	0.308595	0.337416	0.335126	0.41972	0.319558	0.397559	0.436797	0.438604	0.427517	0	0.399501	0.423324	0.428313	0.378759	0.381056	0.410693	0.41679	0.41026	0.442179	0.441635	0.4445	0.393489	0.383317	0.385603	0.382322	0.381327	0.380912	0.349031	0.351195	0.416928	0.429634	0.420412	0.423042	0.323296	0.322164	0.395209	0.42612	0.406087	0.410449	0.513398	0.508185	0.506714	0.512885	0.513032	0.513368	0.535539	0.565064	0.57569	0.533142	0.530707	0.527084	0.460355	0.472543	0.483363	0.485325	0.487456	0.472381	0.449203	0.463669	0.475336	0.47737	0.479739	0.464575	0.33636	0.319455	0.321921	0.325394	0.325976	0.319205	0.486027	0.493399	0.494909	0.478965	0.480149	0.480998	0.544842	0.546416	0.547018	0.527129	0.528268	0.525525	0.496772	0.483145	0.476776	0.473523	0.450381	0.451486
ERR609994-k20-n1-x5e9	0.392074	0.344904	0.341942	0.334704	0.33635	0.335454	0.373777	0.374959	0.387072	0.430595	0.367757	0.371937	0.323351	0.424783	0.32293	0.324764	0.324142	0.320571	0.399501	0	0.598284	0.243241	0.274683	0.271352	0.307375	0.306784	0.307224	0.306409	0.30659	0.306372	0.539411	0.49431	0.477264	0.422764	0.421075	0.423655	0.427858	0.430486	0.56174	0.35462	0.366368	0.368041	0.41358	0.414137	0.558913	0.329077	0.339121	0.338263	0.526776	0.533407	0.543965	0.539076	0.53615	0.539894	0.48919	0.471607	0.473173	0.481457	0.482464	0.48529	0.488913	0.4489	0.437251	0.438141	0.435452	0.450064	0.48498	0.450241	0.438175	0.44194	0.438291	0.451449	0.490216	0.439605	0.414171	0.413374	0.406032	0.436528	0.483105	0.471651	0.471047	0.514958	0.508426	0.502798	0.4862	0.480367	0.481228	0.522748	0.52037	0.521907	0.460144	0.463797	0.466888	0.486821	0.51299	0.504475
ERR609995-k20-n1-x5e9	0.513109	0.582928	0.600633	0.619449	0.60681	0.604894	0.502128	0.500065	0.490333	0.453383	0.512589	0.508617	0.603715	0.471525	0.582485	0.619054	0.620497	0.610538	0.423324	0.598284	0	0.622118	0.568084	0.571307	0.596015	0.60157	0.596247	0.624952	0.624465	0.627148	0.450193	0.493844	0.511902	0.537111	0.536915	0.535354	0.485038	0.48456	0.417831	0.596901	0.584104	0.58588	0.476325	0.475104	0.389691	0.602584	0.58168	0.58573	0.630106	0.620728	0.613155	0.623997	0.625241	0.623918	0.665571	0.706108	0.717313	0.669806	0.667223	0.662291	0.577402	0.612683	0.628631	0.630753	0.63394	0.611621	0.567301	0.602887	0.620249	0.621499	0.624907	0.603368	0.414495	0.457032	0.478163	0.483023	0.487576	0.458297	0.61347	0.627216	0.627516	0.591693	0.5969	0.600688	0.675491	0.680214	0.679696	0.643248	0.645076	0.641537	0.639063	0.622633	0.614397	0.603005	0.557311	0.56438
ERR609996-k20-n1-x5e9	0.411886	0.356954	0.350729	0.338895	0.343526	0.342869	0.398382	0.399723	0.411715	0.457386	0.391298	0.395407	0.333432	0.450991	0.337067	0.331047	0.330007	0.328398	0.428313	0.243241	0.622118	0	0.287224	0.28288	0.315584	0.313798	0.31619	0.306527	0.307024	0.306016	0.561882	0.515834	0.497956	0.440966	0.439261	0.442054	0.453162	0.455804	0.58577	0.363096	0.378202	0.379444	0.439604	0.44045	0.583155	0.336187	0.351265	0.349656	0.536902	0.544976	0.556389	0.550377	0.547149	0.551096	0.494005	0.46929	0.468743	0.486206	0.487879	0.491337	0.50523	0.461787	0.447509	0.447969	0.444537	0.46279	0.500413	0.462003	0.447618	0.451101	0.447123	0.463112	0.514896	0.464102	0.438026	0.43682	0.429345	0.460951	0.494438	0.481397	0.480242	0.529078	0.522171	0.516014	0.491358	0.484336	0.484976	0.536021	0.533307	0.535215	0.465614	0.471824	0.475825	0.49786	0.528969	0.519759
ERR609997-k20-n1-x5e9	0.376306	0.363391	0.369158	0.363404	0.361136	0.358542	0.362709	0.360638	0.364903	0.41479	0.354082	0.356563	0.35807	0.419161	0.3428	0.365329	0.364249	0.352149	0.378759	0.274683	0.568084	0.287224	0	0.240883	0.325417	0.327568	0.329969	0.338456	0.339122	0.339469	0.52934	0.498771	0.487795	0.43293	0.430844	0.433372	0.39863	0.400124	0.524289	0.335279	0.341434	0.342597	0.396323	0.39617	0.529766	0.324389	0.326456	0.32585	0.535024	0.537432	0.545558	0.544668	0.541316	0.545236	0.482205	0.485982	0.492679	0.488914	0.4895	0.491159	0.470804	0.449582	0.444251	0.44696	0.44475	0.448718	0.473812	0.457124	0.450527	0.455989	0.452459	0.456916	0.466657	0.430707	0.411108	0.412876	0.405772	0.425874	0.481777	0.476782	0.470489	0.510702	0.508896	0.504073	0.486471	0.485694	0.48344	0.514478	0.51142	0.512416	0.488596	0.486556	0.488017	0.507009	0.506053	0.50073
ERR609998-k20-n1-x5e9	0.377463	0.361743	0.366903	0.360782	0.358621	0.356153	0.363997	0.362219	0.36692	0.417038	0.355335	0.357797	0.35587	0.420402	0.341326	0.362578	0.361524	0.349524	0.381056	0.271352	0.571307	0.28288	0.240883	0	0.323451	0.325449	0.327632	0.335452	0.336024	0.336379	0.530625	0.498955	0.487623	0.432321	0.4303	0.432792	0.40124	0.403044	0.527932	0.335712	0.342527	0.343724	0.398188	0.398303	0.532699	0.323384	0.326376	0.325546	0.535265	0.537815	0.546322	0.54507	0.54171	0.545521	0.482902	0.485207	0.491657	0.488927	0.489525	0.491322	0.472954	0.450266	0.444654	0.447273	0.444976	0.449724	0.475332	0.457301	0.45038	0.455606	0.452129	0.457182	0.469212	0.432153	0.412102	0.413563	0.406417	0.427296	0.482599	0.477339	0.471251	0.511896	0.509964	0.504968	0.487164	0.48617	0.484017	0.51609	0.512976	0.514154	0.487117	0.485633	0.487142	0.506342	0.507286	0.501547
ERR607887-k20-n1-x5e9	0.344691	0.3021	0.302521	0.300025	0.298883	0.298094	0.359674	0.361623	0.371807	0.413008	0.355245	0.358901	0.334149	0.412711	0.329354	0.338465	0.338006	0.332938	0.410693	0.307375	0.596015	0.315584	0.325417	0.323451	0	0.239466	0.239895	0.246965	0.247099	0.248136	0.512756	0.467993	0.451411	0.400197	0.398831	0.400712	0.408653	0.411754	0.540902	0.344829	0.35357	0.3557	0.392811	0.393835	0.536464	0.321799	0.326866	0.327425	0.53025	0.536155	0.544508	0.540685	0.538052	0.541323	0.481824	0.471525	0.475583	0.475078	0.475567	0.477613	0.466919	0.430189	0.421557	0.421842	0.419964	0.430968	0.466372	0.434508	0.42544	0.428399	0.425292	0.435795	0.460175	0.408044	0.383156	0.381725	0.374478	0.405193	0.462395	0.452785	0.452304	0.491998	0.485429	0.480185	0.470719	0.466259	0.467047	0.500281	0.498508	0.499425	0.468433	0.470619	0.471575	0.48827	0.511437	0.504219
ERR607888-k20-n1-x5e9	0.349644	0.30331	0.302224	0.298637	0.298363	0.297676	0.364895	0.366894	0.377403	0.41878	0.360282	0.363959	0.334443	0.418368	0.330764	0.337928	0.337579	0.33304	0.41679	0.306784	0.60157	0.313798	0.327568	0.325449	0.239466	0	0.239975	0.244006	0.24405	0.245035	0.518228	0.472723	0.455757	0.403919	0.402505	0.40445	0.413705	0.416773	0.546438	0.346031	0.355527	0.357436	0.398307	0.39976	0.542338	0.322877	0.329097	0.329554	0.532971	0.53927	0.547713	0.54361	0.540982	0.544266	0.483224	0.470727	0.474347	0.475936	0.476616	0.4789	0.47065	0.432527	0.423052	0.422834	0.421026	0.433281	0.470211	0.43675	0.427132	0.429844	0.426569	0.438126	0.466239	0.413871	0.388371	0.386477	0.379285	0.410632	0.464967	0.454656	0.454165	0.495229	0.488323	0.482748	0.471313	0.466317	0.467375	0.502759	0.500881	0.502034	0.469662	0.472303	0.473663	0.490717	0.515389	0.507953
ERR607889-k20-n1-x5e9	0.346088	0.300288	0.299812	0.297995	0.296871	0.296319	0.359829	0.36237	0.373604	0.41258	0.356336	0.359821	0.330823	0.410323	0.327455	0.334878	0.334438	0.330533	0.41026	0.307224	0.596247	0.31619	0.329969	0.327632	0.239895	0.239975	0	0.246799	0.246675	0.247832	0.510712	0.464206	0.446927	0.396608	0.395211	0.396938	0.411013	0.414188	0.543281	0.350778	0.359298	0.361634	0.3934	0.394543	0.537426	0.3263	0.331359	0.33201	0.529299	0.535456	0.543934	0.539809	0.537386	0.540516	0.485236	0.473355	0.477019	0.476445	0.476704	0.478732	0.469536	0.431341	0.422471	0.422402	0.420622	0.432284	0.467682	0.434514	0.425285	0.427654	0.424815	0.435829	0.460216	0.406669	0.381221	0.379123	0.372108	0.403853	0.463586	0.453283	0.453793	0.492412	0.485527	0.480197	0.473514	0.46841	0.46978	0.502086	0.50063	0.501475	0.465764	0.46786	0.469367	0.485424	0.510603	0.503029
ERR607890-k20-n1-x5e9	0.372757	0.31281	0.30682	0.298621	0.301942	0.301833	0.387166	0.38968	0.401326	0.444041	0.381705	0.385772	0.336981	0.441153	0.338993	0.336713	0.336071	0.334582	0.442179	0.306409	0.624952	0.306527	0.338456	0.335452	0.246965	0.244006	0.246799	0	0.236751	0.236555	0.540837	0.49241	0.473769	0.419622	0.418412	0.420567	0.438076	0.44092	0.57111	0.356667	0.369157	0.371058	0.422477	0.423895	0.566983	0.330332	0.341487	0.341187	0.541324	0.549007	0.558834	0.553408	0.550485	0.55415	0.489825	0.468234	0.46928	0.480636	0.481668	0.484753	0.488103	0.44426	0.431268	0.430691	0.428293	0.445372	0.486249	0.447272	0.434571	0.436917	0.433404	0.44886	0.492367	0.438479	0.411738	0.409296	0.401939	0.435447	0.476356	0.463579	0.463621	0.509414	0.501737	0.495697	0.476124	0.469302	0.470633	0.515579	0.513312	0.515039	0.47205	0.47754	0.479991	0.498894	0.530143	0.521642
ERR607891-k20-n1-x5e9	0.372321	0.312286	0.306152	0.297962	0.301347	0.301277	0.386991	0.389456	0.401342	0.443675	0.381718	0.38581	0.336079	0.440146	0.338447	0.335941	0.335462	0.333926	0.441635	0.30659	0.624465	0.307024	0.339122	0.336024	0.247099	0.24405	0.246675	0.236751	0	0.23693	0.539726	0.491026	0.47241	0.418294	0.416973	0.419159	0.438539	0.441493	0.571314	0.358218	0.370914	0.372538	0.422147	0.423568	0.566803	0.331255	0.342464	0.341971	0.540867	0.548689	0.558411	0.552954	0.549975	0.553575	0.490216	0.46858	0.469613	0.48064	0.481599	0.484738	0.488521	0.444518	0.431615	0.430925	0.428345	0.445649	0.486119	0.446929	0.434183	0.43653	0.432795	0.448508	0.491719	0.437537	0.410743	0.408338	0.401031	0.434565	0.476322	0.463365	0.46372	0.509304	0.501318	0.495408	0.476995	0.470171	0.471607	0.516095	0.513929	0.515651	0.471108	0.476549	0.479018	0.497938	0.529318	0.520868
ERR607892-k20-n1-x5e9	0.374893	0.313856	0.307241	0.298485	0.302277	0.301957	0.389358	0.391789	0.403609	0.446463	0.383818	0.388126	0.33712	0.44315	0.339853	0.336502	0.335962	0.334556	0.4445	0.306372	0.627148	0.306016	0.339469	0.336379	0.248136	0.245035	0.247832	0.236555	0.23693	0	0.542713	0.494048	0.475235	0.420692	0.419516	0.421681	0.440506	0.443424	0.573519	0.357926	0.370826	0.372509	0.42469	0.426109	0.569349	0.331086	0.342729	0.342449	0.542009	0.549992	0.559769	0.554205	0.551309	0.555004	0.490678	0.468334	0.468998	0.481248	0.482307	0.485445	0.490077	0.44583	0.432569	0.431864	0.429219	0.446917	0.487935	0.448457	0.435414	0.437919	0.434162	0.450039	0.494686	0.440699	0.413984	0.411463	0.404167	0.437693	0.477791	0.464736	0.464941	0.511195	0.503275	0.497213	0.476883	0.470032	0.471352	0.517128	0.514857	0.516685	0.471878	0.47763	0.480338	0.499524	0.531194	0.522698
ERR608013-k20-n1-x5e9	0.413479	0.471798	0.489582	0.511969	0.497999	0.497007	0.43651	0.436636	0.437643	0.398935	0.448401	0.446334	0.505016	0.381776	0.488316	0.51914	0.520811	0.513004	0.393489	0.539411	0.450193	0.561882	0.52934	0.530625	0.512756	0.518228	0.510712	0.540837	0.539726	0.542713	0	0.30217	0.319839	0.357521	0.357406	0.355321	0.488068	0.490551	0.513672	0.564662	0.559479	0.562237	0.434288	0.434107	0.440685	0.547448	0.530866	0.535083	0.575666	0.570124	0.56645	0.572313	0.573308	0.572273	0.627955	0.655043	0.663813	0.618033	0.615158	0.610505	0.551246	0.565823	0.577658	0.577707	0.580777	0.564581	0.520954	0.538282	0.553452	0.552458	0.556548	0.537976	0.36441	0.369831	0.382368	0.383902	0.388022	0.370328	0.563446	0.570465	0.576919	0.544584	0.545984	0.548653	0.644444	0.64374	0.644798	0.622286	0.624727	0.621102	0.555946	0.541286	0.534506	0.521376	0.498927	0.502043
ERR608014-k20-n1-x5e9	0.388342	0.422117	0.43695	0.459542	0.446425	0.446112	0.410632	0.413113	0.420845	0.388543	0.422981	0.422417	0.453216	0.357424	0.441546	0.465676	0.467559	0.462382	0.383317	0.49431	0.493844	0.515834	0.498771	0.498955	0.467993	0.472723	0.464206	0.49241	0.491026	0.494048	0.30217	0	0.273418	0.30202	0.302213	0.300227	0.483805	0.487302	0.536865	0.541115	0.539701	0.542661	0.420342	0.42046	0.47329	0.514407	0.501353	0.505738	0.54958	0.546952	0.54644	0.548787	0.54986	0.549022	0.604751	0.620721	0.62718	0.586861	0.584416	0.580305	0.539028	0.538426	0.546236	0.545106	0.54795	0.537884	0.504936	0.507209	0.518389	0.516776	0.52043	0.507483	0.381879	0.355366	0.356387	0.355292	0.357862	0.356502	0.538794	0.54113	0.550417	0.525624	0.523757	0.524832	0.619393	0.615737	0.618267	0.604505	0.606766	0.603696	0.513875	0.501975	0.496899	0.485129	0.480484	0.480107
ERR608015-k20-n1-x5e9	0.38352	0.40466	0.417585	0.439861	0.427454	0.427599	0.405323	0.408279	0.418926	0.391062	0.417133	0.417177	0.433992	0.355316	0.424944	0.445442	0.447395	0.443549	0.385603	0.477264	0.511902	0.497956	0.487795	0.487623	0.451411	0.455757	0.446927	0.473769	0.47241	0.475235	0.319839	0.273418	0	0.286858	0.286847	0.285413	0.485024	0.488183	0.547196	0.532379	0.532689	0.535637	0.420152	0.420143	0.487901	0.502211	0.490928	0.495188	0.5439	0.542617	0.543392	0.544582	0.545383	0.544682	0.59741	0.608391	0.613984	0.576793	0.574294	0.57074	0.537572	0.530656	0.536438	0.53505	0.537807	0.530606	0.502966	0.498959	0.507923	0.506142	0.509609	0.499216	0.393691	0.357768	0.353473	0.351323	0.352717	0.358512	0.532126	0.532245	0.542203	0.52193	0.518907	0.519393	0.610946	0.606033	0.609104	0.599728	0.602051	0.599278	0.50169	0.491456	0.487016	0.476611	0.479226	0.477714
ERR608016-k20-n1-x5e9	0.355865	0.359543	0.370193	0.387274	0.376478	0.376007	0.382103	0.384593	0.396309	0.388942	0.389036	0.3904	0.385315	0.352763	0.377035	0.395124	0.396704	0.39205	0.382322	0.422764	0.537111	0.440966	0.43293	0.432321	0.400197	0.403919	0.396608	0.419622	0.418294	0.420692	0.357521	0.30202	0.286858	0	0.261633	0.262502	0.468368	0.471437	0.549343	0.486047	0.489648	0.492391	0.408742	0.408702	0.504124	0.452188	0.445175	0.448411	0.526121	0.52677	0.530759	0.530297	0.529825	0.530348	0.559824	0.566337	0.571497	0.541637	0.539865	0.537577	0.513828	0.500258	0.502485	0.501328	0.502977	0.499916	0.482026	0.470559	0.475425	0.474605	0.476704	0.470519	0.405427	0.360206	0.347279	0.345321	0.343609	0.358918	0.506124	0.503222	0.511118	0.505886	0.502245	0.501198	0.57659	0.571057	0.573368	0.575269	0.576762	0.574731	0.47364	0.465717	0.463824	0.461318	0.469469	0.465814
ERR608017-k20-n1-x5e9	0.354163	0.357967	0.368853	0.385691	0.375011	0.374769	0.380735	0.383214	0.395107	0.388039	0.387714	0.389049	0.384151	0.352313	0.375814	0.394086	0.395678	0.39082	0.381327	0.421075	0.536915	0.439261	0.430844	0.4303	0.398831	0.402505	0.395211	0.418412	0.416973	0.419516	0.357406	0.302213	0.286847	0.261633	0	0.262054	0.467194	0.470266	0.548648	0.484666	0.488314	0.490996	0.407805	0.407756	0.503554	0.450839	0.443895	0.447209	0.525473	0.526222	0.530135	0.529809	0.529271	0.529926	0.558956	0.56539	0.570508	0.540843	0.539056	0.536731	0.512902	0.499374	0.501595	0.500579	0.502105	0.499163	0.48116	0.469803	0.474624	0.473885	0.475988	0.469785	0.404847	0.359479	0.346326	0.344351	0.342615	0.35845	0.505482	0.502612	0.510625	0.50542	0.501804	0.500665	0.575572	0.57001	0.572367	0.57467	0.57608	0.574054	0.473038	0.465093	0.463315	0.460847	0.468999	0.465328
ERR608018-k20-n1-x5e9	0.35437	0.35919	0.370075	0.387521	0.37663	0.376389	0.381006	0.383183	0.3952	0.387048	0.388075	0.389409	0.385717	0.351297	0.377281	0.396003	0.397342	0.392776	0.380912	0.423655	0.535354	0.442054	0.433372	0.432792	0.400712	0.40445	0.396938	0.420567	0.419159	0.421681	0.355321	0.300227	0.285413	0.262502	0.262054	0	0.466696	0.470006	0.547424	0.486192	0.489353	0.49228	0.407411	0.407402	0.502154	0.452503	0.445259	0.448719	0.52503	0.525805	0.529642	0.529115	0.528773	0.529402	0.559576	0.566437	0.571748	0.541438	0.539375	0.537203	0.512637	0.499414	0.501856	0.500795	0.502445	0.499121	0.480892	0.469824	0.474821	0.474027	0.476024	0.469671	0.403382	0.358363	0.345631	0.343861	0.342096	0.357487	0.505271	0.502765	0.510794	0.5049	0.501375	0.500114	0.576035	0.570496	0.572816	0.57421	0.575652	0.573517	0.473556	0.465564	0.463438	0.460563	0.468583	0.464965
ERR609339-k20-n1-x5e9	0.379198	0.421785	0.437426	0.44986	0.439219	0.436714	0.34191	0.339885	0.332133	0.343958	0.345154	0.343445	0.439819	0.381668	0.416873	0.45637	0.456984	0.445176	0.349031	0.427858	0.485038	0.453162	0.39863	0.40124	0.408653	0.413705	0.411013	0.438076	0.438539	0.440506	0.488068	0.483805	0.485024	0.468368	0.467194	0.466696	0	0.252413	0.356035	0.342601	0.323499	0.326097	0.327002	0.326801	0.409521	0.394847	0.371866	0.376111	0.54882	0.54426	0.5432	0.549524	0.54878	0.550211	0.514098	0.546072	0.558424	0.523276	0.52189	0.520099	0.430917	0.444815	0.455409	0.458635	0.460392	0.445271	0.454308	0.467805	0.475774	0.48015	0.480253	0.469618	0.384351	0.373573	0.375195	0.37829	0.37666	0.373265	0.474965	0.482697	0.478706	0.478816	0.480397	0.479864	0.492646	0.498954	0.498515	0.475052	0.474764	0.473096	0.544012	0.534026	0.528336	0.532643	0.511064	0.511679
ERR609340-k20-n1-x5e9	0.382109	0.425267	0.440681	0.45292	0.442464	0.440017	0.344356	0.342167	0.334593	0.34591	0.347647	0.345945	0.442659	0.384186	0.419735	0.459162	0.45975	0.44783	0.351195	0.430486	0.48456	0.455804	0.400124	0.403044	0.411754	0.416773	0.414188	0.44092	0.441493	0.443424	0.490551	0.487302	0.488183	0.471437	0.470266	0.470006	0.252413	0	0.35391	0.344197	0.325011	0.327638	0.328779	0.328988	0.409295	0.397094	0.374378	0.378353	0.549726	0.544907	0.54377	0.550442	0.549453	0.551171	0.5144	0.546812	0.559305	0.524136	0.522606	0.520697	0.43132	0.445792	0.45628	0.459842	0.461501	0.446351	0.454821	0.469152	0.47723	0.481474	0.481749	0.471017	0.385547	0.376384	0.37818	0.381036	0.379705	0.375824	0.475729	0.483723	0.479306	0.479484	0.481316	0.480709	0.492824	0.499445	0.498991	0.475194	0.474879	0.473191	0.545726	0.535548	0.530243	0.534478	0.511763	0.5124
ERR609341-k20-n1-x5e9	0.473394	0.541569	0.559274	0.574731	0.563063	0.560512	0.450075	0.446508	0.432007	0.414913	0.456959	0.453089	0.565226	0.456439	0.541268	0.581653	0.582742	0.570926	0.416928	0.56174	0.417831	0.58577	0.524289	0.527932	0.540902	0.546438	0.543281	0.57111	0.571314	0.573519	0.513672	0.536865	0.547196	0.549343	0.548648	0.547424	0.356035	0.35391	0	0.487011	0.466833	0.46861	0.416133	0.415789	0.373689	0.528844	0.504376	0.508547	0.61165	0.602612	0.595506	0.606622	0.606956	0.606829	0.599392	0.646199	0.659908	0.613324	0.610994	0.606945	0.498928	0.540895	0.558208	0.561666	0.564645	0.539992	0.517029	0.555193	0.571207	0.574385	0.576431	0.556511	0.407652	0.438159	0.456204	0.460682	0.463441	0.439238	0.553246	0.56906	0.565124	0.537681	0.544281	0.547426	0.590703	0.599393	0.598292	0.553553	0.554187	0.551134	0.628118	0.613782	0.605391	0.60088	0.557179	0.563279
ERR609342-k20-n1-x5e9	0.390825	0.385642	0.391213	0.387233	0.385216	0.382111	0.377086	0.375536	0.374876	0.427914	0.365525	0.367327	0.399986	0.449506	0.383981	0.408378	0.407222	0.396754	0.429634	0.35462	0.596901	0.363096	0.335279	0.335712	0.344829	0.346031	0.350778	0.356667	0.358218	0.357926	0.564662	0.541115	0.532379	0.486047	0.484666	0.486192	0.342601	0.344197	0.487011	0	0.244689	0.245231	0.397283	0.398515	0.526978	0.312909	0.312912	0.312138	0.557822	0.559952	0.565344	0.56563	0.562662	0.566141	0.478693	0.485928	0.493844	0.491946	0.493123	0.494572	0.458246	0.439829	0.435725	0.438826	0.436433	0.439883	0.478096	0.46458	0.45974	0.465171	0.461247	0.466101	0.476262	0.444382	0.427923	0.428967	0.422623	0.440927	0.475827	0.47281	0.464111	0.50632	0.50363	0.499133	0.454567	0.45671	0.454215	0.48607	0.482518	0.484342	0.528654	0.527078	0.525785	0.543641	0.5442	0.540022
ERR609343-k20-n1-x5e9	0.388311	0.392405	0.39999	0.398349	0.394886	0.391805	0.371141	0.369344	0.3665	0.417472	0.360336	0.361658	0.409381	0.444051	0.391172	0.419356	0.418468	0.407135	0.420412	0.366368	0.584104	0.378202	0.341434	0.342527	0.35357	0.355527	0.359298	0.369157	0.370914	0.370826	0.559479	0.539701	0.532689	0.489648	0.488314	0.489353	0.323499	0.325011	0.466833	0.244689	0	0.241938	0.386668	0.387886	0.51201	0.31981	0.314597	0.314706	0.560026	0.560964	0.56529	0.566728	0.56387	0.567413	0.480516	0.493459	0.502669	0.495484	0.496186	0.497405	0.449196	0.436312	0.434693	0.438073	0.436106	0.436357	0.473787	0.465033	0.462165	0.467615	0.464235	0.466687	0.465717	0.437457	0.42366	0.425093	0.419165	0.434194	0.473931	0.47303	0.463954	0.501729	0.500093	0.496021	0.453526	0.457324	0.454815	0.477927	0.474508	0.476004	0.536391	0.533438	0.531424	0.547651	0.543638	0.540282
ERR609344-k20-n1-x5e9	0.390664	0.394587	0.402225	0.400149	0.397067	0.393678	0.374239	0.372375	0.369527	0.420686	0.363205	0.364675	0.411931	0.44719	0.393868	0.421861	0.420939	0.409522	0.423042	0.368041	0.58588	0.379444	0.342597	0.343724	0.3557	0.357436	0.361634	0.371058	0.372538	0.372509	0.562237	0.542661	0.535637	0.492391	0.490996	0.49228	0.326097	0.327638	0.46861	0.245231	0.241938	0	0.389807	0.390784	0.514099	0.320906	0.316234	0.316014	0.562265	0.56323	0.567555	0.569016	0.566183	0.569505	0.481478	0.494391	0.503618	0.496936	0.49769	0.498746	0.451712	0.438857	0.43694	0.440383	0.438556	0.438842	0.476129	0.467439	0.464571	0.470079	0.466501	0.469227	0.468178	0.440394	0.426628	0.427999	0.422061	0.436968	0.476171	0.475274	0.466101	0.504336	0.502593	0.498488	0.455063	0.458739	0.456196	0.479952	0.476477	0.478001	0.53898	0.536049	0.53412	0.550468	0.546156	0.54287
ERR609333-k20-n1-x5e9	0.349435	0.390797	0.407094	0.423335	0.411441	0.409367	0.320959	0.320012	0.318122	0.318045	0.327605	0.326561	0.408868	0.337226	0.387318	0.425483	0.426589	0.415811	0.323296	0.41358	0.476325	0.439604	0.396323	0.398188	0.392811	0.398307	0.3934	0.422477	0.422147	0.42469	0.434288	0.420342	0.420152	0.408742	0.407805	0.407411	0.327002	0.328779	0.416133	0.397283	0.386668	0.389807	0	0.25728	0.367655	0.356143	0.332845	0.338222	0.521702	0.517905	0.517162	0.522326	0.521952	0.522933	0.530212	0.55528	0.565744	0.529626	0.527992	0.525206	0.459087	0.465183	0.473927	0.475801	0.477659	0.465518	0.45996	0.467753	0.476093	0.478835	0.480024	0.469419	0.370487	0.348482	0.346655	0.348536	0.347736	0.348368	0.483	0.488696	0.488383	0.483178	0.483661	0.483198	0.526409	0.528681	0.529159	0.514081	0.51425	0.512631	0.505353	0.494669	0.488498	0.489948	0.475216	0.47509
