	ERR609145-k20-n1-x5e9	ERR609146-k20-n1-x5e9	ERR609147-k20-n1-x5e9	ERR609148-k20-n1-x5e9	ERR609149-k20-n1-x5e9	ERR609150-k20-n1-x5e9	ERR608105-k20-n1-x5e9	ERR608106-k20-n1-x5e9	ERR608107-k20-n1-x5e9	ERR608108-k20-n1-x5e9	ERR608109-k20-n1-x5e9	ERR608110-k20-n1-x5e9	ERR607457-k20-n1-x5e9	ERR607458-k20-n1-x5e9	ERR607459-k20-n1-x5e9	ERR607460-k20-n1-x5e9	ERR607461-k20-n1-x5e9	ERR607462-k20-n1-x5e9	ERR610205-k20-n1-x5e9	ERR610206-k20-n1-x5e9	ERR610207-k20-n1-x5e9	ERR610208-k20-n1-x5e9	ERR610209-k20-n1-x5e9	ERR610210-k20-n1-x5e9	ERR605671-k20-n1-x5e9	ERR605672-k20-n1-x5e9	ERR605673-k20-n1-x5e9	ERR605674-k20-n1-x5e9	ERR605675-k20-n1-x5e9	ERR605676-k20-n1-x5e9	ERR607817-k20-n1-x5e9	ERR607818-k20-n1-x5e9	ERR607819-k20-n1-x5e9	ERR607820-k20-n1-x5e9	ERR607821-k20-n1-x5e9	ERR607822-k20-n1-x5e9	ERR608427-k20-n1-x5e9	ERR608428-k20-n1-x5e9	ERR608429-k20-n1-x5e9	ERR608430-k20-n1-x5e9	ERR608431-k20-n1-x5e9	ERR608432-k20-n1-x5e9	ERR607555-k20-n1-x5e9	ERR607556-k20-n1-x5e9	ERR607557-k20-n1-x5e9	ERR607558-k20-n1-x5e9	ERR607559-k20-n1-x5e9	ERR607560-k20-n1-x5e9	ERR608943-k20-n1-x5e9	ERR608944-k20-n1-x5e9	ERR608945-k20-n1-x5e9	ERR608946-k20-n1-x5e9	ERR608947-k20-n1-x5e9	ERR608948-k20-n1-x5e9	ERR607669-k20-n1-x5e9	ERR607670-k20-n1-x5e9	ERR607671-k20-n1-x5e9	ERR607672-k20-n1-x5e9	ERR607673-k20-n1-x5e9	ERR607674-k20-n1-x5e9	ERR608365-k20-n1-x5e9	ERR608366-k20-n1-x5e9	ERR608367-k20-n1-x5e9	ERR608368-k20-n1-x5e9	ERR608369-k20-n1-x5e9	ERR608370-k20-n1-x5e9	ERR608305-k20-n1-x5e9	ERR608306-k20-n1-x5e9	ERR608307-k20-n1-x5e9	ERR608308-k20-n1-x5e9	ERR608309-k20-n1-x5e9	ERR608310-k20-n1-x5e9	ERR608081-k20-n1-x5e9	ERR608082-k20-n1-x5e9	ERR608083-k20-n1-x5e9	ERR608084-k20-n1-x5e9	ERR608085-k20-n1-x5e9	ERR608086-k20-n1-x5e9	ERR606030-k20-n1-x5e9	ERR606031-k20-n1-x5e9	ERR606032-k20-n1-x5e9	ERR606033-k20-n1-x5e9	ERR606034-k20-n1-x5e9	ERR606035-k20-n1-x5e9	ERR608161-k20-n1-x5e9	ERR608162-k20-n1-x5e9	ERR608163-k20-n1-x5e9	ERR608164-k20-n1-x5e9	ERR608165-k20-n1-x5e9	ERR608166-k20-n1-x5e9	ERR608371-k20-n1-x5e9	ERR608372-k20-n1-x5e9	ERR608373-k20-n1-x5e9	ERR608374-k20-n1-x5e9	ERR608375-k20-n1-x5e9	ERR608376-k20-n1-x5e9
ERR609145-k20-n1-x5e9	0	0.3586	0.250333	0.245841	0.245677	0.246037	0.389078	0.34536	0.336378	0.345307	0.348207	0.355111	0.402419	0.396566	0.401245	0.378448	0.377879	0.375162	0.348514	0.474985	0.360611	0.350314	0.350003	0.349994	0.373029	0.384738	0.389333	0.388798	0.405381	0.404196	0.326475	0.330054	0.324497	0.435106	0.432108	0.430238	0.396608	0.337751	0.334624	0.330449	0.33022	0.330062	0.37225	0.370669	0.370416	0.366833	0.366115	0.36665	0.451676	0.447283	0.447676	0.463069	0.462627	0.460952	0.456138	0.450489	0.452172	0.455293	0.454072	0.452459	0.485392	0.453885	0.447831	0.449532	0.448737	0.45488	0.564344	0.520291	0.502917	0.506255	0.507382	0.516931	0.464381	0.456395	0.459443	0.472991	0.469671	0.470163	0.476187	0.421022	0.421387	0.440371	0.43533	0.438693	0.492496	0.4839	0.484394	0.551278	0.547786	0.550606	0.450725	0.441564	0.446259	0.458179	0.45503	0.454084
ERR609146-k20-n1-x5e9	0.3586	0	0.339185	0.376026	0.37782	0.3684	0.33507	0.364711	0.385012	0.361651	0.357633	0.350663	0.342855	0.342469	0.339297	0.346233	0.345087	0.346891	0.424196	0.384577	0.396554	0.436757	0.441718	0.442936	0.393363	0.382576	0.380977	0.372248	0.398976	0.39373	0.4271	0.439645	0.418137	0.578826	0.575895	0.573845	0.3421	0.377366	0.395182	0.419565	0.419135	0.425127	0.430038	0.433451	0.428246	0.467353	0.465443	0.465572	0.514124	0.517776	0.518203	0.488092	0.48847	0.488892	0.518727	0.52176	0.523127	0.519039	0.518345	0.518808	0.490116	0.499942	0.508988	0.511893	0.51353	0.499135	0.504262	0.473595	0.467419	0.468197	0.469069	0.472841	0.51885	0.521854	0.523736	0.511254	0.510733	0.512778	0.484518	0.494486	0.497237	0.460477	0.460087	0.457885	0.479802	0.479714	0.481563	0.49217	0.490247	0.490899	0.501485	0.504227	0.50674	0.493279	0.493667	0.493731
ERR609147-k20-n1-x5e9	0.250333	0.339185	0	0.257607	0.257416	0.251992	0.372181	0.340062	0.336923	0.336397	0.33823	0.344162	0.38189	0.376759	0.381751	0.360823	0.360576	0.358166	0.34745	0.450868	0.351382	0.348898	0.349853	0.350142	0.360545	0.369114	0.373035	0.373082	0.386111	0.384961	0.331584	0.337874	0.329227	0.453754	0.450863	0.448714	0.377465	0.334783	0.336839	0.336258	0.335526	0.336504	0.361838	0.361777	0.361221	0.368145	0.367277	0.367547	0.446883	0.445545	0.445166	0.455167	0.454716	0.453442	0.450226	0.447401	0.448147	0.449728	0.448724	0.447698	0.471402	0.448305	0.4453	0.447991	0.447451	0.448628	0.548515	0.507632	0.49179	0.495348	0.496265	0.504166	0.458126	0.453677	0.454921	0.464672	0.462696	0.4634	0.459256	0.41973	0.420773	0.429273	0.424628	0.427506	0.480683	0.473577	0.473507	0.537713	0.533956	0.53662	0.442878	0.437328	0.440273	0.448435	0.446887	0.446183
ERR609148-k20-n1-x5e9	0.245841	0.376026	0.257607	0	0.241085	0.244238	0.402739	0.353407	0.341239	0.35497	0.358428	0.366194	0.417371	0.411406	0.416152	0.391999	0.391392	0.388751	0.352369	0.4915	0.369609	0.353232	0.351826	0.351787	0.383616	0.397116	0.401824	0.401719	0.417792	0.417172	0.325221	0.326773	0.324126	0.421063	0.418164	0.416322	0.40997	0.343091	0.337346	0.329395	0.329203	0.32831	0.379212	0.37713	0.377208	0.366577	0.36608	0.366793	0.455517	0.449577	0.450132	0.470491	0.469872	0.467881	0.460231	0.452886	0.45488	0.45924	0.45773	0.455888	0.495099	0.459395	0.451324	0.452237	0.451281	0.460407	0.575327	0.530684	0.512576	0.51603	0.517139	0.52712	0.46897	0.459107	0.462749	0.479491	0.47549	0.475755	0.486654	0.423272	0.422759	0.449162	0.443646	0.447251	0.502115	0.492712	0.493379	0.562433	0.558927	0.561743	0.456064	0.444889	0.450423	0.465371	0.4615	0.460343
ERR609149-k20-n1-x5e9	0.245677	0.37782	0.257416	0.241085	0	0.243873	0.404083	0.35448	0.342066	0.355708	0.359285	0.367239	0.418087	0.412322	0.417218	0.392863	0.392279	0.389566	0.352423	0.492357	0.370016	0.3527	0.351396	0.351261	0.383742	0.397418	0.402382	0.402398	0.417843	0.417126	0.324624	0.326343	0.323817	0.419457	0.416692	0.414891	0.410783	0.343577	0.337527	0.329112	0.328913	0.327803	0.378731	0.37655	0.376885	0.365629	0.365227	0.365749	0.454489	0.448589	0.449228	0.470292	0.469566	0.467875	0.459117	0.451805	0.453687	0.458104	0.456694	0.454891	0.494995	0.458977	0.450659	0.451799	0.450641	0.459956	0.575706	0.531176	0.513093	0.516417	0.517596	0.527529	0.468376	0.458437	0.461815	0.479027	0.475128	0.475378	0.485962	0.422073	0.421753	0.448624	0.443006	0.446846	0.502233	0.492848	0.493412	0.563164	0.559597	0.562496	0.455234	0.444109	0.449375	0.464729	0.460918	0.459761
ERR609150-k20-n1-x5e9	0.246037	0.3684	0.251992	0.244238	0.243873	0	0.395268	0.351095	0.341606	0.349861	0.353126	0.360632	0.407586	0.402065	0.407292	0.383634	0.383206	0.380418	0.351007	0.480482	0.364626	0.35015	0.349596	0.349557	0.3756	0.387878	0.392828	0.393455	0.406183	0.405568	0.32526	0.328708	0.324632	0.428026	0.425154	0.423229	0.401227	0.341644	0.338042	0.330456	0.33014	0.329353	0.371527	0.369876	0.370373	0.36398	0.363639	0.36408	0.450896	0.446708	0.446381	0.465862	0.465423	0.463712	0.454594	0.448919	0.449912	0.453538	0.452255	0.450649	0.486858	0.454885	0.448135	0.449819	0.448818	0.45526	0.567807	0.524965	0.507676	0.511281	0.512368	0.521101	0.463984	0.455976	0.458108	0.473682	0.47108	0.471305	0.476265	0.419652	0.419936	0.441769	0.436097	0.43971	0.495939	0.487518	0.487158	0.556584	0.552842	0.555792	0.450267	0.44103	0.444868	0.458906	0.456304	0.455193
ERR608105-k20-n1-x5e9	0.389078	0.33507	0.372181	0.402739	0.404083	0.395268	0	0.281779	0.304323	0.277106	0.273559	0.26699	0.328943	0.32824	0.327013	0.32738	0.326869	0.32745	0.391368	0.37242	0.364962	0.403425	0.408425	0.409762	0.38494	0.377167	0.37685	0.370382	0.390402	0.386538	0.39047	0.402608	0.382654	0.548068	0.544945	0.542784	0.332419	0.357906	0.374367	0.394834	0.394124	0.399714	0.388607	0.391844	0.387221	0.428694	0.42647	0.426634	0.486938	0.491448	0.491802	0.463062	0.462997	0.463167	0.496703	0.500435	0.501818	0.49752	0.496793	0.497094	0.465826	0.472723	0.481617	0.484295	0.485982	0.471654	0.501606	0.468875	0.460756	0.461871	0.462273	0.466937	0.487066	0.490905	0.492679	0.478423	0.478079	0.480128	0.469754	0.47727	0.479897	0.447666	0.44668	0.445449	0.457987	0.456519	0.45811	0.482734	0.479999	0.48151	0.466877	0.470389	0.473099	0.457608	0.458124	0.458358
ERR608106-k20-n1-x5e9	0.34536	0.364711	0.340062	0.353407	0.35448	0.351095	0.281779	0	0.252231	0.253352	0.254489	0.25604	0.361235	0.356828	0.358617	0.343307	0.342595	0.341609	0.349933	0.424991	0.34391	0.361635	0.364102	0.365153	0.374914	0.378258	0.380985	0.375685	0.39975	0.396801	0.336916	0.345354	0.330151	0.483052	0.479807	0.477698	0.35789	0.326629	0.332819	0.344203	0.343567	0.347476	0.365729	0.366014	0.36253	0.383306	0.38146	0.381765	0.465182	0.463963	0.465648	0.45402	0.453693	0.452853	0.477503	0.476122	0.479104	0.477881	0.476532	0.475902	0.472858	0.455726	0.457362	0.458345	0.459316	0.456077	0.534815	0.491474	0.477411	0.478959	0.480184	0.489262	0.468325	0.464755	0.469519	0.466872	0.463357	0.464494	0.479472	0.449284	0.450316	0.444007	0.441722	0.442408	0.468325	0.461435	0.463992	0.512433	0.509582	0.511945	0.449371	0.444923	0.451285	0.447014	0.443733	0.44325
ERR608107-k20-n1-x5e9	0.336378	0.385012	0.336923	0.341239	0.342066	0.341606	0.304323	0.252231	0	0.259782	0.262873	0.26806	0.380021	0.374922	0.377404	0.358007	0.357531	0.355686	0.343129	0.448961	0.346355	0.353414	0.354546	0.355117	0.379606	0.386927	0.390318	0.386264	0.409711	0.407335	0.323787	0.329275	0.317925	0.457993	0.454706	0.452703	0.376339	0.325709	0.326263	0.332375	0.332004	0.334692	0.364853	0.363944	0.361437	0.371333	0.369785	0.370129	0.462216	0.458515	0.46054	0.4575	0.45684	0.455602	0.475001	0.471165	0.474537	0.474859	0.473408	0.472241	0.481425	0.455596	0.453863	0.454232	0.454795	0.456314	0.550795	0.505361	0.489654	0.491449	0.492668	0.503125	0.467501	0.460796	0.466572	0.469287	0.464765	0.465465	0.48745	0.443624	0.443949	0.449113	0.44595	0.447728	0.4785	0.469838	0.472332	0.528666	0.52554	0.52821	0.449263	0.441542	0.449055	0.449918	0.445608	0.444884
ERR608108-k20-n1-x5e9	0.345307	0.361651	0.336397	0.35497	0.355708	0.349861	0.277106	0.253352	0.259782	0	0.247893	0.250528	0.351001	0.347235	0.349468	0.334485	0.333869	0.332618	0.349634	0.413228	0.339168	0.358507	0.361811	0.362513	0.365302	0.367325	0.370492	0.367377	0.384248	0.381677	0.338919	0.347982	0.333528	0.486639	0.483447	0.481266	0.354765	0.33257	0.340121	0.350082	0.349545	0.352685	0.353882	0.354967	0.35229	0.378307	0.376486	0.376628	0.457696	0.458613	0.459107	0.448612	0.448084	0.447337	0.468772	0.46887	0.470809	0.46845	0.467409	0.467076	0.462685	0.449811	0.452538	0.454766	0.455414	0.449664	0.528977	0.488999	0.475379	0.477941	0.478527	0.486352	0.461652	0.460331	0.463074	0.459493	0.457551	0.458919	0.46413	0.443746	0.445224	0.43463	0.431929	0.432947	0.462998	0.457148	0.458376	0.509715	0.50654	0.508962	0.441421	0.439345	0.443509	0.438418	0.43708	0.436812
ERR608109-k20-n1-x5e9	0.348207	0.357633	0.33823	0.358428	0.359285	0.353126	0.273559	0.254489	0.262873	0.247893	0	0.249711	0.34776	0.344363	0.346335	0.332419	0.331897	0.330816	0.353153	0.409226	0.34133	0.362164	0.365899	0.366726	0.366112	0.366887	0.36995	0.366422	0.383438	0.380986	0.3431	0.352529	0.337138	0.49178	0.488582	0.486391	0.351429	0.33381	0.342354	0.353648	0.352945	0.356229	0.35646	0.357635	0.354795	0.38239	0.380657	0.380713	0.460513	0.461568	0.462039	0.450381	0.449726	0.449116	0.47142	0.471805	0.473435	0.471032	0.469943	0.469811	0.463008	0.45212	0.455352	0.457641	0.458371	0.45177	0.526253	0.486839	0.473646	0.475932	0.476629	0.484158	0.464398	0.463491	0.466049	0.461746	0.460165	0.461439	0.464673	0.446264	0.447918	0.435712	0.432866	0.433774	0.462522	0.456908	0.458329	0.507153	0.503915	0.506254	0.44423	0.442764	0.446663	0.440818	0.439616	0.439513
ERR608110-k20-n1-x5e9	0.355111	0.350663	0.344162	0.366194	0.367239	0.360632	0.26699	0.25604	0.26806	0.250528	0.249711	0	0.342753	0.339522	0.340977	0.329798	0.329064	0.328435	0.358579	0.400749	0.343356	0.368957	0.37283	0.373856	0.368033	0.367028	0.369482	0.365116	0.383673	0.380697	0.35158	0.361733	0.345211	0.503517	0.500421	0.498193	0.346257	0.336047	0.346283	0.360069	0.359429	0.363245	0.362258	0.363882	0.360419	0.391403	0.38943	0.389551	0.464977	0.466708	0.467228	0.451105	0.450687	0.450447	0.476097	0.477049	0.47891	0.475961	0.47502	0.474804	0.462585	0.455052	0.45944	0.461665	0.462749	0.454655	0.521021	0.482119	0.469711	0.471624	0.472142	0.479673	0.467498	0.467484	0.470131	0.463436	0.462068	0.463448	0.465093	0.451746	0.453617	0.436568	0.434588	0.434762	0.460008	0.455114	0.45668	0.501002	0.497941	0.500134	0.447571	0.446991	0.450833	0.442602	0.44162	0.441548
ERR607457-k20-n1-x5e9	0.402419	0.342855	0.38189	0.417371	0.418087	0.407586	0.328943	0.361235	0.380021	0.351001	0.34776	0.342753	0	0.262514	0.263395	0.267796	0.267979	0.269098	0.395542	0.36062	0.368441	0.401521	0.407111	0.408303	0.382937	0.373602	0.371379	0.368765	0.378509	0.375748	0.406389	0.418719	0.401167	0.55528	0.552452	0.550343	0.337274	0.377358	0.394471	0.413721	0.413112	0.417109	0.378144	0.381833	0.37853	0.422009	0.419954	0.419823	0.479461	0.486327	0.485322	0.461853	0.461807	0.462323	0.479528	0.485341	0.485222	0.480312	0.480013	0.481083	0.455576	0.471526	0.481148	0.485354	0.486365	0.470275	0.486737	0.461533	0.455754	0.458423	0.457574	0.459936	0.481757	0.488884	0.486886	0.475014	0.476074	0.478465	0.455531	0.478058	0.481321	0.447937	0.448216	0.446605	0.453345	0.454709	0.454137	0.47833	0.475466	0.477201	0.464261	0.470987	0.469635	0.457483	0.459358	0.459723
ERR607458-k20-n1-x5e9	0.396566	0.342469	0.376759	0.411406	0.412322	0.402065	0.32824	0.356828	0.374922	0.347235	0.344363	0.339522	0.262514	0	0.263437	0.265423	0.265388	0.266171	0.390289	0.364418	0.364186	0.396159	0.401455	0.402614	0.379909	0.371679	0.369394	0.36692	0.377468	0.374179	0.400403	0.4123	0.395089	0.548629	0.545732	0.543592	0.337546	0.373078	0.389338	0.408209	0.407562	0.411642	0.374236	0.377719	0.374371	0.416347	0.414384	0.414281	0.475903	0.482173	0.481407	0.458898	0.459104	0.459684	0.475867	0.48114	0.481235	0.476661	0.476307	0.477271	0.454573	0.467903	0.477126	0.480953	0.4823	0.46686	0.488655	0.461662	0.45525	0.457784	0.457282	0.460029	0.478242	0.484812	0.483048	0.472109	0.473089	0.475262	0.454774	0.474152	0.477252	0.445651	0.445902	0.444569	0.452177	0.452856	0.452651	0.479426	0.476387	0.478108	0.460854	0.466883	0.465928	0.454728	0.456167	0.456357
ERR607459-k20-n1-x5e9	0.401245	0.339297	0.381751	0.416152	0.417218	0.407292	0.327013	0.358617	0.377404	0.349468	0.346335	0.340977	0.263395	0.263437	0	0.268043	0.267914	0.269436	0.395614	0.36193	0.368117	0.402792	0.408265	0.409329	0.383859	0.374844	0.372382	0.369009	0.382142	0.378689	0.406295	0.418575	0.400539	0.555946	0.55313	0.550999	0.336721	0.375297	0.392094	0.412427	0.411882	0.416265	0.38126	0.384917	0.381145	0.424319	0.422136	0.422135	0.481666	0.487768	0.487341	0.462252	0.462475	0.462805	0.48252	0.487771	0.488168	0.483403	0.483094	0.483919	0.4583	0.472689	0.48221	0.486017	0.487453	0.471689	0.487231	0.460523	0.454573	0.456766	0.456417	0.459175	0.483876	0.490431	0.489275	0.476877	0.477558	0.479889	0.459662	0.4794	0.48252	0.449291	0.44958	0.447831	0.454549	0.455265	0.455471	0.477477	0.474902	0.476465	0.466849	0.472838	0.472446	0.459644	0.461077	0.461356
ERR607460-k20-n1-x5e9	0.378448	0.346233	0.360823	0.391999	0.392863	0.383634	0.32738	0.343307	0.358007	0.334485	0.332419	0.329798	0.267796	0.265423	0.268043	0	0.25852	0.258685	0.369512	0.374264	0.348152	0.374706	0.379786	0.380701	0.369478	0.364434	0.363505	0.361152	0.373837	0.371042	0.379059	0.390229	0.37415	0.526	0.52312	0.52093	0.338026	0.357649	0.371802	0.388398	0.387742	0.391086	0.356586	0.359391	0.356484	0.394291	0.392343	0.392377	0.461012	0.466133	0.465584	0.448623	0.448632	0.448858	0.461793	0.465772	0.466352	0.462377	0.462065	0.462665	0.450126	0.455763	0.462809	0.466347	0.467339	0.454988	0.495964	0.464263	0.454927	0.457937	0.457462	0.462272	0.464814	0.469719	0.468581	0.460894	0.460997	0.462888	0.450862	0.458886	0.461647	0.437477	0.437318	0.436935	0.449374	0.447948	0.447776	0.484582	0.481718	0.483765	0.447455	0.451614	0.451274	0.443039	0.443643	0.443752
ERR607461-k20-n1-x5e9	0.377879	0.345087	0.360576	0.391392	0.392279	0.383206	0.326869	0.342595	0.357531	0.333869	0.331897	0.329064	0.267979	0.265388	0.267914	0.25852	0	0.258554	0.369496	0.374851	0.348236	0.375048	0.379871	0.380879	0.368941	0.363958	0.363001	0.360837	0.373881	0.371262	0.378927	0.390035	0.373893	0.525967	0.523055	0.520876	0.338031	0.356903	0.371183	0.387941	0.387603	0.391068	0.357274	0.35999	0.356975	0.394923	0.392901	0.392848	0.462322	0.467363	0.466726	0.449699	0.449841	0.449902	0.462854	0.466821	0.467394	0.463403	0.463074	0.463576	0.451398	0.456416	0.463662	0.467187	0.468266	0.455978	0.497128	0.46489	0.455917	0.458508	0.457968	0.462959	0.465731	0.470542	0.469455	0.461655	0.461762	0.46372	0.452415	0.459694	0.462528	0.43817	0.438238	0.437467	0.450209	0.448833	0.448904	0.485078	0.482204	0.484312	0.448723	0.45266	0.452611	0.444271	0.444844	0.444953
ERR607462-k20-n1-x5e9	0.375162	0.346891	0.358166	0.388751	0.389566	0.380418	0.32745	0.341609	0.355686	0.332618	0.330816	0.328435	0.269098	0.266171	0.269436	0.258685	0.258554	0	0.366615	0.376343	0.346329	0.372011	0.376686	0.377734	0.367204	0.362876	0.362068	0.360258	0.37263	0.370058	0.37594	0.387092	0.371215	0.522731	0.519714	0.517642	0.337796	0.355075	0.368906	0.385263	0.384543	0.387877	0.35393	0.356873	0.353864	0.391118	0.38915	0.38911	0.458544	0.463575	0.46303	0.447042	0.447039	0.447025	0.458889	0.46279	0.463312	0.459658	0.459068	0.459771	0.449249	0.453493	0.46041	0.46389	0.464763	0.452963	0.497238	0.464543	0.455024	0.457977	0.457549	0.462672	0.462596	0.467114	0.466002	0.458964	0.459092	0.460833	0.44988	0.456017	0.458811	0.435985	0.435643	0.435148	0.448379	0.446985	0.446731	0.485103	0.482352	0.484529	0.445319	0.449193	0.448939	0.441635	0.442201	0.442176
ERR610205-k20-n1-x5e9	0.348514	0.424196	0.34745	0.352369	0.352423	0.351007	0.391368	0.349933	0.343129	0.349634	0.353153	0.358579	0.395542	0.390289	0.395614	0.369512	0.369496	0.366615	0	0.408049	0.249629	0.240165	0.241951	0.242784	0.368597	0.381005	0.383613	0.385768	0.398065	0.396871	0.333681	0.33549	0.333282	0.450092	0.446347	0.444446	0.412976	0.360044	0.357874	0.355903	0.355386	0.35447	0.321753	0.321038	0.319241	0.336408	0.334647	0.335063	0.420019	0.41892	0.420957	0.431194	0.430316	0.429224	0.429871	0.429706	0.433729	0.431241	0.430173	0.430011	0.468674	0.43701	0.431741	0.432931	0.431832	0.438428	0.577294	0.535841	0.52104	0.523514	0.524083	0.533155	0.422453	0.420049	0.423634	0.427885	0.423858	0.424591	0.45558	0.414556	0.416275	0.431918	0.429556	0.432985	0.489034	0.480996	0.481056	0.551209	0.547268	0.550499	0.410589	0.406632	0.412033	0.415616	0.411147	0.410942
ERR610206-k20-n1-x5e9	0.474985	0.384577	0.450868	0.4915	0.492357	0.480482	0.37242	0.424991	0.448961	0.413228	0.409226	0.400749	0.36062	0.364418	0.36193	0.374264	0.374851	0.376343	0.408049	0	0.359814	0.420535	0.429041	0.430966	0.425292	0.410586	0.405827	0.403726	0.409709	0.405664	0.48434	0.496399	0.479388	0.635093	0.632077	0.63001	0.395623	0.457548	0.476489	0.495982	0.495185	0.498977	0.424588	0.430704	0.424867	0.489411	0.487066	0.486915	0.505863	0.518509	0.518432	0.470997	0.471536	0.472704	0.51107	0.523945	0.524735	0.513901	0.514196	0.516567	0.470559	0.501466	0.516817	0.520927	0.522582	0.499748	0.513807	0.501321	0.502192	0.502592	0.501494	0.500594	0.498844	0.515136	0.513009	0.480969	0.48448	0.487893	0.449275	0.51357	0.518642	0.459883	0.462639	0.459189	0.483139	0.488411	0.487343	0.492228	0.488893	0.489703	0.484028	0.499927	0.497814	0.467397	0.471445	0.473129
ERR610207-k20-n1-x5e9	0.360611	0.396554	0.351382	0.369609	0.370016	0.364626	0.364962	0.34391	0.346355	0.339168	0.34133	0.343356	0.368441	0.364186	0.368117	0.348152	0.348236	0.346329	0.249629	0.359814	0	0.262134	0.267978	0.269441	0.356927	0.363017	0.363976	0.365819	0.377246	0.375311	0.355639	0.361744	0.353803	0.494956	0.49137	0.489301	0.393738	0.36729	0.372005	0.377291	0.376563	0.377163	0.318814	0.320818	0.316811	0.357582	0.355326	0.355093	0.422242	0.42629	0.427902	0.418281	0.418005	0.417432	0.431774	0.436372	0.439905	0.433859	0.433104	0.433818	0.450617	0.432672	0.434145	0.436009	0.436015	0.43326	0.557822	0.520061	0.507878	0.510085	0.51025	0.517741	0.421393	0.425709	0.42791	0.41865	0.416621	0.418135	0.433405	0.421096	0.424179	0.416319	0.415317	0.41712	0.474411	0.468505	0.468571	0.529603	0.525789	0.528652	0.407884	0.410631	0.414106	0.405244	0.40292	0.403414
ERR610208-k20-n1-x5e9	0.350314	0.436757	0.348898	0.353232	0.3527	0.35015	0.403425	0.361635	0.353414	0.358507	0.362164	0.368957	0.401521	0.396159	0.402792	0.374706	0.375048	0.372011	0.240165	0.420535	0.262134	0	0.234345	0.23458	0.37139	0.384898	0.387786	0.391742	0.398457	0.398454	0.329759	0.330962	0.331403	0.433812	0.430421	0.428397	0.417327	0.363114	0.360278	0.353981	0.35349	0.351647	0.318324	0.31678	0.317589	0.325876	0.324836	0.324774	0.417255	0.416045	0.416571	0.43783	0.437037	0.435962	0.423969	0.423333	0.425702	0.425011	0.424051	0.423565	0.471948	0.439351	0.432501	0.434138	0.43239	0.440468	0.580441	0.540647	0.52574	0.528782	0.529052	0.53744	0.421674	0.418617	0.419875	0.431418	0.428132	0.42871	0.456881	0.412585	0.414028	0.437131	0.434287	0.438475	0.493111	0.485206	0.484216	0.558821	0.554815	0.558278	0.409841	0.405173	0.408093	0.418927	0.415203	0.415004
ERR610209-k20-n1-x5e9	0.350003	0.441718	0.349853	0.351826	0.351396	0.349596	0.408425	0.364102	0.354546	0.361811	0.365899	0.37283	0.407111	0.401455	0.408265	0.379786	0.379871	0.376686	0.241951	0.429041	0.267978	0.234345	0	0.233994	0.3754	0.389827	0.392629	0.396673	0.40369	0.40379	0.327431	0.327825	0.329205	0.425933	0.422351	0.420504	0.420787	0.362432	0.358407	0.350975	0.350453	0.348214	0.322969	0.32107	0.322387	0.325435	0.324603	0.324614	0.41981	0.417753	0.418294	0.442334	0.441545	0.440329	0.426901	0.424994	0.427601	0.427693	0.42657	0.425943	0.476959	0.442485	0.434625	0.43584	0.434096	0.443661	0.584001	0.54357	0.528277	0.531409	0.531782	0.54047	0.425078	0.420711	0.42222	0.435963	0.432469	0.432915	0.462913	0.413974	0.415202	0.441892	0.438763	0.443145	0.496811	0.488668	0.487647	0.563077	0.559052	0.562474	0.413639	0.407693	0.41102	0.423908	0.419936	0.419427
ERR610210-k20-n1-x5e9	0.349994	0.442936	0.350142	0.351787	0.351261	0.349557	0.409762	0.365153	0.355117	0.362513	0.366726	0.373856	0.408303	0.402614	0.409329	0.380701	0.380879	0.377734	0.242784	0.430966	0.269441	0.23458	0.233994	0	0.376163	0.390619	0.393744	0.39772	0.404615	0.404684	0.326943	0.32734	0.32903	0.42419	0.420708	0.418857	0.421386	0.362543	0.358062	0.350252	0.349795	0.347682	0.323522	0.321446	0.322808	0.325	0.323998	0.324119	0.419965	0.417738	0.418225	0.44331	0.442493	0.441162	0.427013	0.425141	0.427529	0.427756	0.426627	0.426009	0.477727	0.442907	0.434933	0.436162	0.434353	0.444079	0.584664	0.544294	0.528832	0.532021	0.532347	0.541154	0.425247	0.420596	0.422103	0.436606	0.43308	0.43346	0.463821	0.414196	0.415326	0.442833	0.439676	0.444014	0.497538	0.489155	0.488259	0.564036	0.55993	0.563396	0.414172	0.408017	0.411368	0.424776	0.420863	0.420256
ERR605671-k20-n1-x5e9	0.373029	0.393363	0.360545	0.383616	0.383742	0.3756	0.38494	0.374914	0.379606	0.365302	0.366112	0.368033	0.382937	0.379909	0.383859	0.369478	0.368941	0.367204	0.368597	0.425292	0.356927	0.37139	0.3754	0.376163	0	0.263236	0.266098	0.269281	0.277916	0.276808	0.384079	0.392358	0.381862	0.51326	0.510225	0.508291	0.399133	0.386344	0.393583	0.399904	0.399185	0.399989	0.3698	0.371519	0.369952	0.397009	0.395828	0.395734	0.478776	0.482128	0.48131	0.47826	0.478034	0.477361	0.478708	0.480886	0.481111	0.478638	0.478069	0.478319	0.489285	0.480947	0.483307	0.48671	0.48661	0.48085	0.561862	0.529355	0.517917	0.521453	0.521111	0.526518	0.48599	0.488309	0.48721	0.486978	0.487119	0.488271	0.46537	0.458356	0.46077	0.449432	0.446761	0.448024	0.492178	0.488512	0.487463	0.539957	0.536347	0.538652	0.46821	0.469316	0.4692	0.468621	0.468972	0.469013
ERR605672-k20-n1-x5e9	0.384738	0.382576	0.369114	0.397116	0.397418	0.387878	0.377167	0.378258	0.386927	0.367325	0.366887	0.367028	0.373602	0.371679	0.374844	0.364434	0.363958	0.362876	0.381005	0.410586	0.363017	0.384898	0.389827	0.390619	0.263236	0	0.263328	0.265974	0.272717	0.270816	0.398291	0.407918	0.395403	0.532781	0.529847	0.527816	0.391485	0.392715	0.402689	0.412187	0.411568	0.413	0.378251	0.380612	0.378583	0.411762	0.410352	0.410354	0.487536	0.492071	0.491032	0.482614	0.482372	0.481948	0.487482	0.491012	0.490965	0.487438	0.487086	0.487629	0.489109	0.487769	0.492276	0.495826	0.496139	0.487028	0.55394	0.524272	0.514401	0.517776	0.517567	0.521655	0.493833	0.497862	0.496296	0.492625	0.493345	0.494988	0.464134	0.468556	0.471233	0.451581	0.449676	0.450066	0.490153	0.488282	0.486918	0.532384	0.528959	0.530971	0.475248	0.478394	0.477662	0.473617	0.474801	0.475033
ERR605673-k20-n1-x5e9	0.389333	0.380977	0.373035	0.401824	0.402382	0.392828	0.37685	0.380985	0.390318	0.370492	0.36995	0.369482	0.371379	0.369394	0.372382	0.363505	0.363001	0.362068	0.383613	0.405827	0.363976	0.387786	0.392629	0.393744	0.266098	0.263328	0	0.26522	0.273877	0.271692	0.40238	0.412044	0.399299	0.537762	0.535028	0.532904	0.389228	0.3948	0.405616	0.41596	0.415279	0.417271	0.380327	0.382803	0.380712	0.415581	0.414106	0.413948	0.488522	0.493486	0.49265	0.481833	0.481689	0.481382	0.488299	0.492068	0.492301	0.488677	0.488502	0.489119	0.488607	0.488608	0.493752	0.497289	0.497751	0.488129	0.550695	0.521524	0.512091	0.515221	0.514709	0.519055	0.49448	0.499063	0.497397	0.492814	0.493218	0.494787	0.463048	0.470757	0.473617	0.452534	0.451086	0.451056	0.488368	0.48646	0.485319	0.529005	0.525423	0.527489	0.475876	0.479526	0.478617	0.47401	0.47485	0.475061
ERR605674-k20-n1-x5e9	0.388798	0.372248	0.373082	0.401719	0.402398	0.393455	0.370382	0.375685	0.386264	0.367377	0.366422	0.365116	0.368765	0.36692	0.369009	0.361152	0.360837	0.360258	0.385768	0.403726	0.365819	0.391742	0.396673	0.39772	0.269281	0.265974	0.26522	0	0.278678	0.275488	0.403243	0.413218	0.39901	0.541355	0.53842	0.536479	0.383623	0.390074	0.401829	0.414343	0.413778	0.416271	0.386563	0.389092	0.38635	0.420957	0.419437	0.419519	0.49348	0.497959	0.497395	0.483734	0.483628	0.483353	0.49418	0.497528	0.498165	0.494597	0.494367	0.494826	0.491086	0.491285	0.49668	0.499679	0.500334	0.490466	0.547546	0.517012	0.507796	0.510322	0.510218	0.514626	0.49935	0.503206	0.502345	0.496772	0.496965	0.498595	0.469114	0.474399	0.477105	0.454337	0.452982	0.452753	0.487221	0.485338	0.484898	0.524164	0.520756	0.522607	0.48073	0.483845	0.48384	0.477798	0.478444	0.47872
ERR605675-k20-n1-x5e9	0.405381	0.398976	0.386111	0.417792	0.417843	0.406183	0.390402	0.39975	0.409711	0.384248	0.383438	0.383673	0.378509	0.377468	0.382142	0.373837	0.373881	0.37263	0.398065	0.409709	0.377246	0.398457	0.40369	0.404615	0.277916	0.272717	0.273877	0.278678	0	0.262414	0.416496	0.426051	0.415114	0.546084	0.543291	0.541315	0.402137	0.41423	0.425676	0.432844	0.431998	0.433148	0.38438	0.387541	0.386754	0.422599	0.42144	0.421289	0.492279	0.499003	0.496833	0.490074	0.49013	0.489733	0.49092	0.496264	0.494687	0.490722	0.490614	0.491534	0.489439	0.494962	0.500561	0.50486	0.504831	0.493507	0.555144	0.531901	0.523552	0.527561	0.526505	0.528581	0.497712	0.504019	0.500329	0.496204	0.498567	0.500329	0.457797	0.476774	0.479908	0.455933	0.453044	0.4537	0.49559	0.495311	0.492369	0.538626	0.535023	0.536722	0.478866	0.484591	0.481606	0.477444	0.480275	0.480729
ERR605676-k20-n1-x5e9	0.404196	0.39373	0.384961	0.417172	0.417126	0.405568	0.386538	0.396801	0.407335	0.381677	0.380986	0.380697	0.375748	0.374179	0.378689	0.371042	0.371262	0.370058	0.396871	0.405664	0.375311	0.398454	0.40379	0.404684	0.276808	0.270816	0.271692	0.275488	0.262414	0	0.416477	0.426319	0.414754	0.548298	0.545551	0.543503	0.399375	0.412704	0.424419	0.4325	0.43163	0.433014	0.384358	0.387525	0.386352	0.423555	0.422246	0.422072	0.492374	0.499186	0.497274	0.488646	0.488651	0.488389	0.491183	0.496604	0.495325	0.490998	0.491084	0.4919	0.488453	0.494109	0.499967	0.504443	0.50444	0.492688	0.553308	0.529607	0.521182	0.524922	0.524087	0.526188	0.497515	0.503823	0.500573	0.495492	0.497791	0.499388	0.457612	0.476862	0.47997	0.454962	0.452191	0.452397	0.493964	0.493436	0.490812	0.535403	0.531624	0.533525	0.478627	0.484444	0.481583	0.476647	0.479357	0.479748
ERR607817-k20-n1-x5e9	0.326475	0.4271	0.331584	0.325221	0.324624	0.32526	0.39047	0.336916	0.323787	0.338919	0.3431	0.35158	0.406389	0.400403	0.406295	0.379059	0.378927	0.37594	0.333681	0.48434	0.355639	0.329759	0.327431	0.326943	0.384079	0.398291	0.40238	0.403243	0.416496	0.416477	0	0.245827	0.24659	0.349101	0.3459	0.344055	0.394141	0.323565	0.316481	0.307171	0.30686	0.305823	0.357368	0.35422	0.356301	0.337932	0.337769	0.337961	0.456055	0.450154	0.450068	0.475249	0.474865	0.473024	0.459817	0.452171	0.453381	0.459348	0.457874	0.455984	0.496607	0.461936	0.45352	0.454277	0.453113	0.462482	0.570985	0.527188	0.509596	0.512986	0.513938	0.52366	0.46482	0.454778	0.45664	0.477504	0.473552	0.473613	0.498117	0.436503	0.436076	0.466297	0.461857	0.465704	0.496675	0.48768	0.487554	0.559841	0.556303	0.559608	0.449309	0.437752	0.441936	0.460808	0.456709	0.455273
ERR607818-k20-n1-x5e9	0.330054	0.439645	0.337874	0.326773	0.326343	0.328708	0.402608	0.345354	0.329275	0.347982	0.352529	0.361733	0.418719	0.4123	0.418575	0.390229	0.390035	0.387092	0.33549	0.496399	0.361744	0.330962	0.327825	0.32734	0.392358	0.407918	0.412044	0.413218	0.426051	0.426319	0.245827	0	0.248245	0.335913	0.332753	0.330829	0.406966	0.330788	0.321311	0.309057	0.309	0.30697	0.362543	0.358802	0.361315	0.337683	0.337744	0.337931	0.457437	0.450447	0.450611	0.479562	0.478783	0.477065	0.461349	0.452809	0.454149	0.460978	0.459379	0.45733	0.503337	0.465328	0.455105	0.455485	0.454091	0.466162	0.580053	0.535876	0.517796	0.521156	0.522109	0.532351	0.466761	0.455313	0.457691	0.480818	0.47626	0.476212	0.504191	0.437148	0.436343	0.471606	0.467111	0.471248	0.503952	0.494559	0.494346	0.568517	0.56507	0.568172	0.45166	0.43884	0.443443	0.464517	0.459694	0.458222
ERR607819-k20-n1-x5e9	0.324497	0.418137	0.329227	0.324126	0.323817	0.324632	0.382654	0.330151	0.317925	0.333528	0.337138	0.345211	0.401167	0.395089	0.400539	0.37415	0.373893	0.371215	0.333282	0.479388	0.353803	0.331403	0.329205	0.32903	0.381862	0.395403	0.399299	0.39901	0.415114	0.414754	0.24659	0.248245	0	0.358524	0.355412	0.353285	0.387063	0.317359	0.311389	0.304797	0.304948	0.304343	0.359014	0.356138	0.357405	0.341767	0.341406	0.341725	0.458196	0.452364	0.452597	0.473958	0.473452	0.471879	0.462462	0.455101	0.456624	0.462188	0.460682	0.458799	0.495729	0.462041	0.454358	0.455161	0.454051	0.462844	0.566683	0.52215	0.504765	0.507803	0.508822	0.518961	0.466535	0.456452	0.458921	0.478093	0.473794	0.473918	0.499008	0.438313	0.437922	0.465214	0.461198	0.464725	0.493756	0.484747	0.485005	0.554495	0.551063	0.553975	0.450608	0.439269	0.443928	0.461076	0.456747	0.455365
ERR607820-k20-n1-x5e9	0.435106	0.578826	0.453754	0.421063	0.419457	0.428026	0.548068	0.483052	0.457993	0.486639	0.49178	0.503517	0.55528	0.548629	0.555946	0.526	0.525967	0.522731	0.450092	0.635093	0.494956	0.433812	0.425933	0.42419	0.51326	0.532781	0.537762	0.541355	0.546084	0.548298	0.349101	0.335913	0.358524	0	0.236736	0.236988	0.541473	0.451262	0.432427	0.403372	0.403512	0.397167	0.478128	0.471839	0.478269	0.416024	0.418157	0.418257	0.536299	0.522456	0.521394	0.583101	0.582182	0.579808	0.538275	0.521815	0.521625	0.535802	0.534025	0.53062	0.610638	0.559763	0.540089	0.539042	0.535757	0.5616	0.678675	0.638177	0.619075	0.622935	0.624002	0.634184	0.55469	0.534768	0.536077	0.581023	0.575671	0.574235	0.608308	0.512551	0.509065	0.577349	0.571677	0.577399	0.609556	0.599068	0.59789	0.67685	0.673485	0.676638	0.544792	0.523417	0.527253	0.569394	0.563251	0.561182
ERR607821-k20-n1-x5e9	0.432108	0.575895	0.450863	0.418164	0.416692	0.425154	0.544945	0.479807	0.454706	0.483447	0.488582	0.500421	0.552452	0.545732	0.55313	0.52312	0.523055	0.519714	0.446347	0.632077	0.49137	0.430421	0.422351	0.420708	0.510225	0.529847	0.535028	0.53842	0.543291	0.545551	0.3459	0.332753	0.355412	0.236736	0	0.236813	0.538605	0.448143	0.429223	0.4002	0.400438	0.39409	0.47491	0.46866	0.475042	0.413252	0.415251	0.415385	0.533687	0.519858	0.518904	0.58023	0.579318	0.576955	0.535774	0.519498	0.519284	0.533343	0.53155	0.528178	0.607967	0.557066	0.537456	0.536329	0.533066	0.558933	0.676643	0.635936	0.616816	0.620642	0.621717	0.632063	0.55176	0.531829	0.533182	0.57798	0.572569	0.571191	0.605719	0.510022	0.506521	0.574593	0.568993	0.574656	0.607038	0.596437	0.59533	0.67443	0.671012	0.674249	0.541896	0.520623	0.524608	0.566418	0.560287	0.558113
ERR607822-k20-n1-x5e9	0.430238	0.573845	0.448714	0.416322	0.414891	0.423229	0.542784	0.477698	0.452703	0.481266	0.486391	0.498193	0.550343	0.543592	0.550999	0.52093	0.520876	0.517642	0.444446	0.63001	0.489301	0.428397	0.420504	0.418857	0.508291	0.527816	0.532904	0.536479	0.541315	0.543503	0.344055	0.330829	0.353285	0.236988	0.236813	0	0.536613	0.446224	0.427364	0.398452	0.398678	0.392496	0.472762	0.466408	0.472862	0.411295	0.413289	0.413365	0.532035	0.518271	0.51732	0.578522	0.577633	0.575215	0.534042	0.51782	0.517666	0.531709	0.529935	0.526562	0.606089	0.555317	0.535764	0.534703	0.531496	0.55721	0.675034	0.634437	0.615211	0.619135	0.620172	0.630456	0.550017	0.530266	0.531621	0.576223	0.570796	0.569417	0.603819	0.5085	0.505005	0.572866	0.567193	0.572936	0.605335	0.594783	0.59358	0.672807	0.669423	0.672623	0.539956	0.518768	0.522679	0.564394	0.558355	0.556169
ERR608427-k20-n1-x5e9	0.396608	0.3421	0.377465	0.40997	0.410783	0.401227	0.332419	0.35789	0.376339	0.354765	0.351429	0.346257	0.337274	0.337546	0.336721	0.338026	0.338031	0.337796	0.412976	0.395623	0.393738	0.417327	0.420787	0.421386	0.399133	0.391485	0.389228	0.383623	0.402137	0.399375	0.394141	0.406966	0.387063	0.541473	0.538605	0.536613	0	0.30507	0.325514	0.35019	0.350135	0.356268	0.415644	0.417725	0.415875	0.443003	0.441578	0.441555	0.512199	0.515581	0.514929	0.499207	0.499477	0.499141	0.515124	0.517035	0.516666	0.516001	0.515231	0.515454	0.496169	0.504566	0.511292	0.513736	0.51501	0.503273	0.498354	0.470143	0.464004	0.465062	0.465448	0.46857	0.515423	0.517741	0.516514	0.513888	0.513465	0.515286	0.49832	0.501723	0.504026	0.482341	0.48166	0.480689	0.47503	0.475165	0.475726	0.496499	0.494411	0.494993	0.496975	0.498601	0.498769	0.49503	0.495256	0.495149
ERR608428-k20-n1-x5e9	0.337751	0.377366	0.334783	0.343091	0.343577	0.341644	0.357906	0.326629	0.325709	0.33257	0.33381	0.336047	0.377358	0.373078	0.375297	0.357649	0.356903	0.355075	0.360044	0.457548	0.36729	0.363114	0.362432	0.362543	0.386344	0.392715	0.3948	0.390074	0.41423	0.412704	0.323565	0.330788	0.317359	0.451262	0.448143	0.446224	0.30507	0	0.251703	0.263188	0.262905	0.267241	0.388225	0.386541	0.386223	0.384429	0.383478	0.383669	0.482966	0.479019	0.479701	0.484955	0.485017	0.483636	0.489288	0.484073	0.485828	0.489333	0.487676	0.486549	0.501736	0.480876	0.478443	0.478979	0.479295	0.481223	0.543194	0.499739	0.485194	0.487198	0.488491	0.497542	0.490735	0.483496	0.485945	0.497661	0.493623	0.494174	0.508549	0.46448	0.464913	0.474682	0.472205	0.473669	0.485796	0.478855	0.480661	0.531403	0.528728	0.530843	0.474696	0.466143	0.471061	0.480627	0.47652	0.475563
ERR608429-k20-n1-x5e9	0.334624	0.395182	0.336839	0.337346	0.337527	0.338042	0.374367	0.332819	0.326263	0.340121	0.342354	0.346283	0.394471	0.389338	0.392094	0.371802	0.371183	0.368906	0.357874	0.476489	0.372005	0.360278	0.358407	0.358062	0.393583	0.402689	0.405616	0.401829	0.425676	0.424419	0.316481	0.321311	0.311389	0.432427	0.429223	0.427364	0.325514	0.251703	0	0.25348	0.253613	0.256666	0.39191	0.389351	0.389445	0.379041	0.378398	0.378641	0.482579	0.476676	0.477686	0.48861	0.48847	0.486946	0.489332	0.482217	0.484228	0.489058	0.48751	0.485936	0.509366	0.482401	0.477499	0.477549	0.477557	0.483102	0.556858	0.51189	0.495926	0.498025	0.49953	0.509681	0.491465	0.481834	0.485161	0.500412	0.495555	0.495916	0.516384	0.46265	0.462458	0.480299	0.477434	0.479461	0.494715	0.486286	0.488389	0.544043	0.541497	0.543827	0.476257	0.46532	0.471156	0.48421	0.479084	0.477962
ERR608430-k20-n1-x5e9	0.330449	0.419565	0.336258	0.329395	0.329112	0.330456	0.394834	0.344203	0.332375	0.350082	0.353648	0.360069	0.413721	0.408209	0.412427	0.388398	0.387941	0.385263	0.355903	0.495982	0.377291	0.353981	0.350975	0.350252	0.399904	0.412187	0.41596	0.414343	0.432844	0.4325	0.307171	0.309057	0.304797	0.403372	0.4002	0.398452	0.35019	0.263188	0.25348	0	0.244096	0.24424	0.390622	0.387255	0.388729	0.367736	0.367702	0.367964	0.47692	0.470015	0.470414	0.490979	0.490962	0.488999	0.483466	0.475022	0.476454	0.482569	0.480927	0.479142	0.513362	0.480719	0.472993	0.47304	0.472415	0.48135	0.571827	0.52705	0.509806	0.512671	0.513888	0.523953	0.487573	0.476413	0.479191	0.499517	0.4949	0.494962	0.518264	0.455324	0.454738	0.482096	0.478069	0.481145	0.504109	0.495149	0.49606	0.560268	0.557374	0.559981	0.473411	0.460697	0.466082	0.484046	0.479177	0.477831
ERR608431-k20-n1-x5e9	0.33022	0.419135	0.335526	0.329203	0.328913	0.33014	0.394124	0.343567	0.332004	0.349545	0.352945	0.359429	0.413112	0.407562	0.411882	0.387742	0.387603	0.384543	0.355386	0.495185	0.376563	0.35349	0.350453	0.349795	0.399185	0.411568	0.415279	0.413778	0.431998	0.43163	0.30686	0.309	0.304948	0.403512	0.400438	0.398678	0.350135	0.262905	0.253613	0.244096	0	0.244322	0.389557	0.386068	0.387524	0.367003	0.366906	0.367291	0.476184	0.469243	0.469695	0.490035	0.489792	0.488113	0.482538	0.474273	0.475673	0.481898	0.480044	0.478199	0.512425	0.479932	0.472289	0.472464	0.471803	0.480631	0.571257	0.526431	0.509352	0.512139	0.513462	0.523486	0.486826	0.475595	0.478412	0.498666	0.494145	0.494119	0.516928	0.454683	0.453904	0.480964	0.477136	0.480077	0.503764	0.494503	0.495503	0.559845	0.556891	0.559452	0.472553	0.46008	0.46535	0.483165	0.478489	0.47704
ERR608432-k20-n1-x5e9	0.330062	0.425127	0.336504	0.32831	0.327803	0.329353	0.399714	0.347476	0.334692	0.352685	0.356229	0.363245	0.417109	0.411642	0.416265	0.391086	0.391068	0.387877	0.35447	0.498977	0.377163	0.351647	0.348214	0.347682	0.399989	0.413	0.417271	0.416271	0.433148	0.433014	0.305823	0.30697	0.304343	0.397167	0.39409	0.392496	0.356268	0.267241	0.256666	0.24424	0.244322	0	0.388072	0.384394	0.386267	0.363655	0.363586	0.364046	0.473735	0.466526	0.466951	0.489774	0.489596	0.487619	0.479496	0.470884	0.472137	0.478362	0.47665	0.474888	0.51254	0.478663	0.470453	0.470619	0.46988	0.479416	0.574669	0.530022	0.512467	0.515532	0.5168	0.526808	0.48468	0.473314	0.47578	0.497367	0.492817	0.49279	0.516256	0.452448	0.451691	0.480854	0.476891	0.480039	0.505088	0.496012	0.496564	0.563056	0.560287	0.562996	0.470584	0.457872	0.462919	0.481917	0.477189	0.475818
ERR607555-k20-n1-x5e9	0.37225	0.430038	0.361838	0.379212	0.378731	0.371527	0.388607	0.365729	0.364853	0.353882	0.35646	0.362258	0.378144	0.374236	0.38126	0.356586	0.357274	0.35393	0.321753	0.424588	0.318814	0.318324	0.322969	0.323522	0.3698	0.378251	0.380327	0.386563	0.38438	0.384358	0.357368	0.362543	0.359014	0.478128	0.47491	0.472762	0.415644	0.388225	0.39191	0.390622	0.389557	0.388072	0	0.237251	0.237316	0.268481	0.26665	0.26652	0.412906	0.417555	0.416529	0.428813	0.428075	0.427188	0.413921	0.41856	0.419068	0.414845	0.414667	0.415388	0.454762	0.434325	0.43223	0.43646	0.43485	0.434919	0.566705	0.532178	0.518795	0.522767	0.522449	0.528874	0.418427	0.423095	0.420636	0.423474	0.423343	0.424326	0.437036	0.42044	0.42299	0.428519	0.426055	0.429493	0.481686	0.476175	0.473846	0.546333	0.542265	0.545489	0.399351	0.402373	0.40102	0.40434	0.40398	0.40411
