	ERR609581-k20-n1-x5e9	ERR609582-k20-n1-x5e9	ERR609583-k20-n1-x5e9	ERR609584-k20-n1-x5e9	ERR609585-k20-n1-x5e9	ERR609586-k20-n1-x5e9	ERR608209-k20-n1-x5e9	ERR608210-k20-n1-x5e9	ERR608211-k20-n1-x5e9	ERR608212-k20-n1-x5e9	ERR608213-k20-n1-x5e9	ERR608214-k20-n1-x5e9	ERR610037-k20-n1-x5e9	ERR610038-k20-n1-x5e9	ERR610039-k20-n1-x5e9	ERR610040-k20-n1-x5e9	ERR610041-k20-n1-x5e9	ERR610042-k20-n1-x5e9	ERR608377-k20-n1-x5e9	ERR608378-k20-n1-x5e9	ERR608379-k20-n1-x5e9	ERR608380-k20-n1-x5e9	ERR608381-k20-n1-x5e9	ERR608382-k20-n1-x5e9	ERR607579-k20-n1-x5e9	ERR607580-k20-n1-x5e9	ERR607581-k20-n1-x5e9	ERR607582-k20-n1-x5e9	ERR607583-k20-n1-x5e9	ERR607584-k20-n1-x5e9	ERR605866-k20-n1-x5e9	ERR605867-k20-n1-x5e9	ERR605868-k20-n1-x5e9	ERR605869-k20-n1-x5e9	ERR605870-k20-n1-x5e9	ERR605871-k20-n1-x5e9	ERR605775-k20-n1-x5e9	ERR605776-k20-n1-x5e9	ERR605777-k20-n1-x5e9	ERR605778-k20-n1-x5e9	ERR605779-k20-n1-x5e9	ERR605780-k20-n1-x5e9	ERR607561-k20-n1-x5e9	ERR607562-k20-n1-x5e9	ERR607563-k20-n1-x5e9	ERR607564-k20-n1-x5e9	ERR607565-k20-n1-x5e9	ERR607566-k20-n1-x5e9	ERR605533-k20-n1-x5e9	ERR605534-k20-n1-x5e9	ERR605535-k20-n1-x5e9	ERR605536-k20-n1-x5e9	ERR605537-k20-n1-x5e9	ERR605538-k20-n1-x5e9	ERR608707-k20-n1-x5e9	ERR608708-k20-n1-x5e9	ERR608709-k20-n1-x5e9	ERR608710-k20-n1-x5e9	ERR608711-k20-n1-x5e9	ERR608712-k20-n1-x5e9	ERR610235-k20-n1-x5e9	ERR610236-k20-n1-x5e9	ERR610237-k20-n1-x5e9	ERR610238-k20-n1-x5e9	ERR610239-k20-n1-x5e9	ERR610240-k20-n1-x5e9	ERR610229-k20-n1-x5e9	ERR610230-k20-n1-x5e9	ERR610231-k20-n1-x5e9	ERR610232-k20-n1-x5e9	ERR610233-k20-n1-x5e9	ERR610234-k20-n1-x5e9	ERR608799-k20-n1-x5e9	ERR608800-k20-n1-x5e9	ERR608801-k20-n1-x5e9	ERR608802-k20-n1-x5e9	ERR608803-k20-n1-x5e9	ERR608804-k20-n1-x5e9	ERR608883-k20-n1-x5e9	ERR608884-k20-n1-x5e9	ERR608885-k20-n1-x5e9	ERR608886-k20-n1-x5e9	ERR608887-k20-n1-x5e9	ERR608888-k20-n1-x5e9	ERR605689-k20-n1-x5e9	ERR605690-k20-n1-x5e9	ERR605691-k20-n1-x5e9	ERR605692-k20-n1-x5e9	ERR605693-k20-n1-x5e9	ERR605694-k20-n1-x5e9	ERR608185-k20-n1-x5e9	ERR608186-k20-n1-x5e9	ERR608187-k20-n1-x5e9	ERR608188-k20-n1-x5e9	ERR608189-k20-n1-x5e9	ERR608190-k20-n1-x5e9
ERR609581-k20-n1-x5e9	0	0.274582	0.284334	0.455598	0.433175	0.431089	0.390127	0.435154	0.455725	0.420774	0.415752	0.408748	0.331258	0.479564	0.429287	0.506064	0.461296	0.463348	0.368189	0.386402	0.396136	0.41336	0.412549	0.416188	0.420999	0.42631	0.419781	0.469263	0.467356	0.467706	0.43737	0.441419	0.464541	0.458268	0.456607	0.45453	0.34341	0.335092	0.496968	0.497509	0.499301	0.502611	0.402875	0.406098	0.405902	0.45152	0.450434	0.448342	0.555788	0.547931	0.542722	0.552017	0.552878	0.552547	0.49035	0.509947	0.523566	0.519096	0.517902	0.51065	0.537848	0.52295	0.520532	0.547611	0.548126	0.550107	0.521576	0.512234	0.501891	0.525149	0.524469	0.526264	0.56097	0.5717	0.57189	0.525528	0.526374	0.528266	0.577007	0.584886	0.584373	0.538989	0.541284	0.536357	0.556908	0.541711	0.533996	0.527289	0.489957	0.494662	0.588382	0.602726	0.602184	0.573824	0.578313	0.578685
ERR609582-k20-n1-x5e9	0.274582	0	0.273046	0.432021	0.409688	0.407568	0.382502	0.422408	0.441335	0.40769	0.403087	0.397412	0.323487	0.458275	0.440695	0.485199	0.44137	0.443315	0.367666	0.37786	0.38592	0.399875	0.399034	0.401816	0.403608	0.408781	0.40271	0.449668	0.447885	0.448046	0.444834	0.451087	0.453398	0.447015	0.445136	0.443079	0.33367	0.327338	0.476105	0.476793	0.478606	0.481867	0.397633	0.39971	0.40057	0.438878	0.438267	0.43649	0.546671	0.539266	0.535297	0.543861	0.544425	0.544413	0.481554	0.497705	0.509987	0.506312	0.505021	0.498629	0.528942	0.525831	0.513918	0.5364	0.536644	0.538713	0.514307	0.518073	0.497521	0.515231	0.514859	0.516165	0.544667	0.555382	0.555527	0.511352	0.512088	0.513968	0.561266	0.569077	0.568405	0.525327	0.527386	0.52284	0.544367	0.529802	0.522388	0.517845	0.4836	0.487258	0.572549	0.586913	0.586321	0.558242	0.562863	0.563274
ERR609583-k20-n1-x5e9	0.284334	0.273046	0	0.405702	0.381851	0.379321	0.386676	0.4214	0.438296	0.405179	0.401099	0.397278	0.320958	0.4352	0.453888	0.461424	0.412489	0.414422	0.370193	0.377156	0.38414	0.392685	0.391829	0.393385	0.385893	0.39032	0.386193	0.428862	0.427139	0.427432	0.468234	0.476045	0.453174	0.445744	0.443051	0.440184	0.331941	0.328187	0.454146	0.454149	0.45542	0.458362	0.398138	0.399327	0.402541	0.430113	0.430544	0.428198	0.541657	0.535018	0.531891	0.540181	0.539998	0.540491	0.471014	0.484936	0.495869	0.493652	0.492487	0.485509	0.527241	0.533453	0.515209	0.52886	0.529543	0.531294	0.516083	0.529983	0.502573	0.511053	0.511004	0.51192	0.526322	0.537676	0.537173	0.498084	0.498786	0.500341	0.543207	0.55149	0.550432	0.51114	0.512749	0.508713	0.537168	0.523745	0.516827	0.515639	0.482017	0.485181	0.553506	0.568787	0.567195	0.539907	0.544969	0.545443
ERR609584-k20-n1-x5e9	0.455598	0.432021	0.405702	0	0.250156	0.251477	0.463903	0.427466	0.416507	0.421747	0.424088	0.434665	0.442292	0.313576	0.613937	0.315917	0.344204	0.342193	0.494123	0.442551	0.430559	0.400553	0.400213	0.393331	0.373777	0.369357	0.375187	0.340211	0.341079	0.34105	0.597925	0.61531	0.446122	0.444954	0.441063	0.438372	0.423409	0.44095	0.312447	0.312722	0.312253	0.312508	0.485615	0.480804	0.487242	0.436108	0.440561	0.44041	0.534181	0.539359	0.548135	0.545017	0.542365	0.545835	0.505985	0.467865	0.456724	0.463186	0.46416	0.46832	0.52683	0.63152	0.546806	0.497387	0.498303	0.497465	0.532111	0.645812	0.551449	0.500433	0.504097	0.49887	0.427792	0.431507	0.429828	0.447105	0.4467	0.445957	0.446604	0.448766	0.446864	0.465175	0.462518	0.464581	0.48122	0.482648	0.484286	0.502768	0.51982	0.512852	0.451011	0.456901	0.454686	0.453204	0.455667	0.45466
ERR609585-k20-n1-x5e9	0.433175	0.409688	0.381851	0.250156	0	0.244299	0.45255	0.425465	0.418578	0.416657	0.417986	0.427139	0.421715	0.318092	0.593908	0.326711	0.333385	0.332162	0.476479	0.431601	0.4217	0.394764	0.394499	0.388037	0.36069	0.357651	0.363081	0.339029	0.339641	0.339672	0.586396	0.602734	0.448582	0.445477	0.440902	0.43789	0.407038	0.422658	0.324077	0.323695	0.32308	0.32356	0.471278	0.466827	0.473529	0.42872	0.433228	0.43271	0.533531	0.536798	0.54398	0.542608	0.539981	0.543388	0.493536	0.461986	0.454172	0.460001	0.460481	0.462667	0.526439	0.618889	0.542349	0.499182	0.499945	0.499511	0.531006	0.632268	0.546051	0.500119	0.503647	0.498916	0.433838	0.440439	0.438551	0.446452	0.446175	0.445958	0.452154	0.456515	0.454235	0.462673	0.460089	0.46157	0.489679	0.488469	0.48885	0.505596	0.51345	0.507849	0.45815	0.467347	0.464467	0.456622	0.460312	0.459689
ERR609586-k20-n1-x5e9	0.431089	0.407568	0.379321	0.251477	0.244299	0	0.452326	0.426639	0.420213	0.41716	0.418575	0.427616	0.419396	0.318533	0.591566	0.327507	0.331358	0.330026	0.474965	0.43121	0.421758	0.395061	0.394978	0.388596	0.359317	0.356246	0.361746	0.339007	0.339434	0.33962	0.586503	0.602747	0.450845	0.447462	0.443019	0.439943	0.405775	0.421182	0.325385	0.325169	0.324515	0.324663	0.470158	0.465958	0.472767	0.428938	0.433467	0.432781	0.534905	0.538025	0.544805	0.543694	0.541256	0.544557	0.492384	0.461897	0.454285	0.460182	0.460558	0.462304	0.528095	0.618266	0.543312	0.500832	0.501616	0.501227	0.532501	0.631661	0.546947	0.501733	0.505025	0.500626	0.434439	0.441325	0.439347	0.4468	0.44628	0.446184	0.452903	0.457498	0.455094	0.46281	0.460257	0.461783	0.492681	0.491166	0.491194	0.507959	0.514212	0.508877	0.458557	0.468338	0.465305	0.456609	0.460579	0.459924
ERR608209-k20-n1-x5e9	0.390127	0.382502	0.386676	0.463903	0.45255	0.452326	0	0.28773	0.308911	0.280972	0.277828	0.272233	0.363968	0.449768	0.505518	0.471575	0.457737	0.458194	0.358869	0.326554	0.329597	0.339294	0.339588	0.343773	0.40764	0.409645	0.402787	0.436415	0.434823	0.435343	0.410122	0.427138	0.370269	0.366374	0.36666	0.36694	0.335097	0.339394	0.450475	0.450916	0.453831	0.458718	0.387084	0.386214	0.387173	0.406879	0.405396	0.404027	0.53166	0.528069	0.52701	0.5311	0.531675	0.531309	0.484689	0.485048	0.494202	0.488368	0.488893	0.484885	0.487662	0.525329	0.479585	0.498775	0.49881	0.500698	0.466385	0.517045	0.458555	0.472444	0.471169	0.47263	0.525412	0.532176	0.533252	0.490805	0.491961	0.493075	0.543462	0.548397	0.548867	0.508945	0.511867	0.50679	0.507201	0.494588	0.488924	0.481297	0.467712	0.467945	0.55574	0.564239	0.56608	0.545165	0.547633	0.547109
ERR608210-k20-n1-x5e9	0.435154	0.422408	0.4214	0.427466	0.425465	0.426639	0.28773	0	0.260677	0.262119	0.263702	0.266505	0.399724	0.414139	0.557953	0.430248	0.444218	0.443424	0.404558	0.341843	0.333501	0.327293	0.327973	0.328862	0.40117	0.399743	0.394568	0.404563	0.403372	0.404188	0.45597	0.477643	0.346664	0.34917	0.349919	0.351403	0.359981	0.374041	0.40456	0.406451	0.40996	0.415551	0.41701	0.413065	0.414545	0.401583	0.401154	0.400966	0.522878	0.523731	0.527054	0.526777	0.526506	0.527153	0.496194	0.474064	0.475233	0.471083	0.472508	0.474449	0.471653	0.558741	0.478839	0.475239	0.475263	0.476373	0.452435	0.556323	0.460886	0.451922	0.451516	0.450907	0.490583	0.493143	0.495246	0.464354	0.465206	0.465435	0.50912	0.511142	0.512545	0.486733	0.488704	0.485457	0.477029	0.469753	0.467606	0.464957	0.475381	0.471394	0.520729	0.524496	0.528328	0.514453	0.514621	0.513438
ERR608211-k20-n1-x5e9	0.455725	0.441335	0.438296	0.416507	0.418578	0.420213	0.308911	0.260677	0	0.269602	0.273098	0.278897	0.417531	0.403439	0.5787	0.416956	0.44158	0.440333	0.427246	0.358056	0.346457	0.333981	0.334893	0.33423	0.403854	0.401097	0.397005	0.397372	0.396492	0.397259	0.479942	0.502509	0.348999	0.353502	0.35418	0.355935	0.376662	0.393008	0.389959	0.392444	0.396088	0.4019	0.433933	0.429356	0.431226	0.407124	0.407527	0.40765	0.523482	0.526021	0.530986	0.529127	0.528347	0.529718	0.503298	0.47348	0.471345	0.467849	0.469768	0.473774	0.471588	0.574231	0.484543	0.470587	0.47046	0.471238	0.454285	0.574526	0.469094	0.449737	0.45004	0.44839	0.479034	0.479713	0.482168	0.457555	0.458396	0.458205	0.497525	0.498333	0.500066	0.481214	0.482782	0.480127	0.469195	0.464659	0.463617	0.464123	0.483144	0.47754	0.508688	0.51026	0.514764	0.504582	0.503825	0.502246
ERR608212-k20-n1-x5e9	0.420774	0.40769	0.405179	0.421747	0.416657	0.41716	0.280972	0.262119	0.269602	0	0.257572	0.260301	0.383797	0.40719	0.543688	0.425432	0.428405	0.427981	0.392029	0.335975	0.330072	0.324203	0.324503	0.324793	0.389945	0.389638	0.384904	0.399434	0.398234	0.398918	0.452461	0.472469	0.352129	0.351137	0.350819	0.351453	0.347522	0.359371	0.402438	0.403001	0.406024	0.411097	0.406142	0.402929	0.40499	0.395429	0.395212	0.394679	0.519981	0.519365	0.522325	0.5234	0.522943	0.52373	0.485202	0.467823	0.470289	0.46696	0.4679	0.46804	0.474741	0.551221	0.478561	0.476557	0.476766	0.477959	0.457988	0.549959	0.462829	0.455094	0.454622	0.454487	0.488798	0.49293	0.494394	0.462745	0.463767	0.464008	0.507297	0.510497	0.511204	0.483087	0.485143	0.481507	0.479487	0.470793	0.468151	0.466481	0.468678	0.465644	0.519305	0.524999	0.527604	0.511861	0.513218	0.512337
ERR608213-k20-n1-x5e9	0.415752	0.403087	0.401099	0.424088	0.417986	0.418575	0.277828	0.263702	0.273098	0.257572	0	0.2596	0.379398	0.40935	0.53892	0.428453	0.428424	0.428214	0.387826	0.334328	0.329051	0.324811	0.325436	0.325769	0.388993	0.38897	0.383955	0.401239	0.399902	0.400647	0.448258	0.4679	0.354011	0.352284	0.352209	0.352507	0.344073	0.355138	0.40576	0.406245	0.40907	0.414202	0.402619	0.399667	0.401878	0.394969	0.394785	0.394033	0.521513	0.520675	0.523319	0.524762	0.524393	0.525187	0.484301	0.468917	0.472194	0.468549	0.469511	0.46893	0.477179	0.549132	0.479684	0.479762	0.480062	0.481121	0.460296	0.547341	0.463603	0.458121	0.457765	0.457446	0.492182	0.496915	0.498188	0.465506	0.466374	0.466781	0.510824	0.514329	0.514918	0.485376	0.487386	0.48371	0.483175	0.474073	0.471283	0.469146	0.469051	0.466228	0.522797	0.52889	0.531179	0.514804	0.516493	0.51557
ERR608214-k20-n1-x5e9	0.408748	0.397412	0.397278	0.434665	0.427139	0.427616	0.272233	0.266505	0.278897	0.260301	0.2596	0	0.37552	0.420667	0.531345	0.440533	0.437847	0.437634	0.381068	0.330293	0.326808	0.32652	0.326877	0.328418	0.393436	0.393754	0.38775	0.409834	0.408434	0.409159	0.437721	0.457231	0.356262	0.355004	0.354899	0.355461	0.340947	0.350462	0.417442	0.41829	0.421406	0.426459	0.398749	0.395983	0.397547	0.397182	0.396351	0.395785	0.523475	0.521935	0.523838	0.525719	0.525501	0.526181	0.48458	0.472434	0.477019	0.472826	0.473556	0.472543	0.478105	0.543349	0.478149	0.483462	0.483504	0.484917	0.459833	0.540408	0.460541	0.46025	0.459522	0.459748	0.500519	0.505427	0.506802	0.470881	0.471874	0.47235	0.518778	0.522491	0.523248	0.490591	0.492852	0.488673	0.488272	0.478208	0.474772	0.471059	0.468301	0.466404	0.531126	0.537773	0.540257	0.52234	0.524059	0.523292
ERR610037-k20-n1-x5e9	0.331258	0.323487	0.320958	0.442292	0.421715	0.419396	0.363968	0.399724	0.417531	0.383797	0.379398	0.37552	0	0.395649	0.423369	0.424431	0.376714	0.378532	0.361745	0.363362	0.370143	0.380356	0.379531	0.38167	0.376465	0.381195	0.375728	0.421465	0.419503	0.419707	0.452847	0.462149	0.436364	0.430331	0.427999	0.425247	0.317955	0.315307	0.447262	0.448378	0.449804	0.452804	0.385905	0.38692	0.389766	0.419439	0.419484	0.417358	0.530407	0.523997	0.520753	0.528949	0.529028	0.529485	0.454387	0.467096	0.478768	0.475723	0.474687	0.467947	0.512093	0.520554	0.499541	0.515616	0.516205	0.517958	0.502602	0.521483	0.489019	0.499148	0.498886	0.500007	0.51576	0.527112	0.527188	0.485176	0.485797	0.48775	0.530849	0.539349	0.538458	0.496	0.498009	0.493964	0.527905	0.514209	0.507035	0.505249	0.472993	0.475932	0.545246	0.560758	0.559991	0.530395	0.535248	0.53579
ERR610038-k20-n1-x5e9	0.479564	0.458275	0.4352	0.313576	0.318092	0.318533	0.449768	0.414139	0.403439	0.40719	0.40935	0.420667	0.395649	0	0.585059	0.24266	0.276327	0.273243	0.487418	0.437145	0.425975	0.39657	0.396198	0.389485	0.360311	0.35603	0.361599	0.330015	0.330489	0.330815	0.590597	0.607764	0.439511	0.43872	0.434452	0.431488	0.411697	0.429287	0.303383	0.304785	0.304056	0.304437	0.479211	0.47399	0.480494	0.4306	0.435174	0.434731	0.52388	0.528736	0.53735	0.534846	0.531964	0.535663	0.481791	0.442731	0.431453	0.438475	0.43928	0.443647	0.514095	0.618568	0.533602	0.483957	0.484932	0.484011	0.523879	0.636849	0.542566	0.491462	0.494971	0.489866	0.410515	0.415909	0.414546	0.428143	0.42746	0.427083	0.426123	0.429864	0.427696	0.442055	0.439101	0.441726	0.477297	0.477772	0.478712	0.497869	0.512503	0.505688	0.435968	0.444348	0.442492	0.4349	0.438054	0.437366
ERR610039-k20-n1-x5e9	0.429287	0.440695	0.453888	0.613937	0.593908	0.591566	0.505518	0.557953	0.5787	0.543688	0.53892	0.531345	0.423369	0.585059	0	0.60854	0.555586	0.558216	0.456591	0.50791	0.521836	0.542376	0.541693	0.545528	0.542883	0.548829	0.542966	0.592383	0.59074	0.590754	0.509173	0.499934	0.584661	0.578019	0.576748	0.574888	0.475969	0.461753	0.620966	0.621309	0.62246	0.624734	0.503484	0.50919	0.508294	0.566952	0.565452	0.563292	0.649919	0.64094	0.633925	0.644606	0.645438	0.644731	0.573655	0.604084	0.619652	0.615547	0.613591	0.604659	0.635941	0.576157	0.613632	0.646722	0.647237	0.649507	0.622754	0.562468	0.598414	0.628163	0.626853	0.629391	0.661192	0.672143	0.672081	0.627919	0.628367	0.630495	0.672625	0.680531	0.67987	0.635717	0.638086	0.633385	0.661982	0.64725	0.639113	0.631666	0.587027	0.593547	0.683984	0.698533	0.697522	0.669276	0.67386	0.674667
ERR610040-k20-n1-x5e9	0.506064	0.485199	0.461424	0.315917	0.326711	0.327507	0.471575	0.430248	0.416956	0.425432	0.428453	0.440533	0.424431	0.24266	0.60854	0	0.29012	0.286293	0.509337	0.456659	0.444219	0.412419	0.412124	0.404855	0.38303	0.377834	0.384702	0.341755	0.342834	0.342964	0.609285	0.626711	0.448485	0.448735	0.444443	0.441567	0.437082	0.455156	0.302073	0.303609	0.302373	0.3014	0.499477	0.494133	0.500885	0.445509	0.450431	0.450344	0.530043	0.53637	0.546082	0.542106	0.538951	0.543045	0.497985	0.455147	0.441581	0.448991	0.450276	0.455712	0.522768	0.634337	0.545245	0.48925	0.490336	0.489257	0.534895	0.654312	0.556473	0.50007	0.503969	0.498197	0.40977	0.413102	0.411248	0.437868	0.436975	0.436212	0.425037	0.426846	0.424552	0.452352	0.448738	0.452248	0.477271	0.480458	0.482268	0.503685	0.524442	0.516593	0.431998	0.437457	0.435141	0.435835	0.438096	0.436914
ERR610041-k20-n1-x5e9	0.461296	0.44137	0.412489	0.344204	0.333385	0.331358	0.457737	0.444218	0.44158	0.428405	0.428424	0.437847	0.376714	0.276327	0.555586	0.29012	0	0.240614	0.474907	0.447411	0.442124	0.416897	0.416179	0.409813	0.360385	0.359949	0.366294	0.354228	0.354803	0.354534	0.598709	0.61126	0.477408	0.46771	0.462008	0.457022	0.410787	0.421844	0.345759	0.341002	0.338901	0.33756	0.474582	0.4715	0.479467	0.443292	0.448105	0.446997	0.545574	0.545812	0.551749	0.553458	0.550034	0.553958	0.475207	0.454559	0.449022	0.456239	0.455983	0.454045	0.544076	0.61338	0.554439	0.514122	0.515259	0.515076	0.556527	0.634365	0.566218	0.52311	0.526257	0.522371	0.439588	0.450242	0.446988	0.453004	0.452375	0.452315	0.454702	0.462093	0.458271	0.460972	0.45807	0.459755	0.51748	0.513716	0.513245	0.531705	0.519908	0.5166	0.463417	0.477668	0.472658	0.457922	0.464521	0.464499
ERR610042-k20-n1-x5e9	0.463348	0.443315	0.414422	0.342193	0.332162	0.330026	0.458194	0.443424	0.440333	0.427981	0.428214	0.437634	0.378532	0.273243	0.558216	0.286293	0.240614	0	0.476692	0.447788	0.442238	0.416487	0.415842	0.409544	0.360812	0.359953	0.366571	0.353197	0.353661	0.35352	0.599005	0.611814	0.47569	0.466486	0.460861	0.455817	0.411399	0.423062	0.342754	0.338148	0.336037	0.334727	0.475748	0.472303	0.48032	0.443062	0.44797	0.446796	0.543962	0.544553	0.550769	0.552262	0.548751	0.552681	0.47584	0.453929	0.448182	0.455502	0.455458	0.453546	0.542763	0.614296	0.553763	0.512452	0.513505	0.513341	0.555217	0.635101	0.565346	0.521487	0.52466	0.520737	0.437645	0.448077	0.44485	0.451488	0.451185	0.45108	0.453019	0.460163	0.456468	0.460167	0.457002	0.459037	0.515436	0.511855	0.511511	0.530034	0.519449	0.516003	0.461411	0.47542	0.470465	0.456222	0.46268	0.462577
ERR608377-k20-n1-x5e9	0.368189	0.367666	0.370193	0.494123	0.476479	0.474965	0.358869	0.404558	0.427246	0.392029	0.387826	0.381068	0.361745	0.487418	0.456591	0.509337	0.474907	0.476692	0	0.306119	0.319973	0.342005	0.341334	0.346497	0.424242	0.428336	0.422558	0.463766	0.462402	0.462565	0.413399	0.420251	0.432106	0.426967	0.425713	0.423809	0.353003	0.346974	0.493462	0.494431	0.495973	0.499167	0.381515	0.384799	0.386096	0.430033	0.428788	0.426226	0.558979	0.552795	0.548105	0.555854	0.556168	0.555658	0.500361	0.51658	0.52961	0.524588	0.524277	0.51689	0.529969	0.524755	0.513954	0.540061	0.540521	0.542275	0.511685	0.514662	0.494802	0.515136	0.513921	0.515975	0.562516	0.57146	0.571293	0.533381	0.534404	0.53578	0.578203	0.584739	0.583975	0.547496	0.549727	0.544813	0.547847	0.533196	0.525324	0.51822	0.485672	0.490188	0.588291	0.599938	0.598862	0.578408	0.582096	0.58208
ERR608378-k20-n1-x5e9	0.386402	0.37786	0.377156	0.442551	0.431601	0.43121	0.326554	0.341843	0.358056	0.335975	0.334328	0.330293	0.363362	0.437145	0.50791	0.456659	0.447411	0.447788	0.306119	0	0.264112	0.275034	0.275297	0.27931	0.39155	0.392145	0.386759	0.41205	0.410647	0.411092	0.421267	0.438663	0.371454	0.371581	0.370929	0.37047	0.333014	0.339417	0.4342	0.43702	0.439387	0.44358	0.376475	0.375963	0.377354	0.391376	0.390139	0.388373	0.525766	0.523114	0.521851	0.525802	0.525873	0.526038	0.487691	0.484659	0.492353	0.487541	0.48796	0.485368	0.485293	0.531116	0.479787	0.493452	0.493853	0.494978	0.465574	0.524119	0.460214	0.467753	0.466675	0.467714	0.51677	0.522672	0.523619	0.489889	0.490828	0.492049	0.533284	0.537639	0.537866	0.50794	0.510125	0.505934	0.497418	0.485897	0.479356	0.473877	0.462857	0.462863	0.543886	0.552053	0.552941	0.536548	0.538375	0.537618
ERR608379-k20-n1-x5e9	0.396136	0.38592	0.38414	0.430559	0.4217	0.421758	0.329597	0.333501	0.346457	0.330072	0.329051	0.326808	0.370143	0.425975	0.521836	0.444219	0.442124	0.442238	0.319973	0.264112	0	0.266243	0.266429	0.269642	0.386723	0.386471	0.3813	0.40027	0.399167	0.399823	0.433954	0.453347	0.363907	0.366188	0.36547	0.365432	0.336206	0.345968	0.419956	0.42371	0.426085	0.430519	0.382792	0.380643	0.382439	0.386997	0.386063	0.384509	0.521553	0.52002	0.519996	0.522609	0.522712	0.522962	0.487941	0.479186	0.485169	0.480358	0.481151	0.480258	0.478407	0.537894	0.476989	0.48506	0.485438	0.486532	0.459042	0.532731	0.45774	0.459937	0.45936	0.459778	0.50572	0.510529	0.511753	0.480894	0.481696	0.482544	0.522166	0.525775	0.526313	0.499823	0.501793	0.497809	0.488504	0.478042	0.472105	0.467948	0.463417	0.462448	0.532756	0.539676	0.541205	0.526414	0.527607	0.526727
ERR608380-k20-n1-x5e9	0.41336	0.399875	0.392685	0.400553	0.394764	0.395061	0.339294	0.327293	0.333981	0.324203	0.324811	0.32652	0.380356	0.39657	0.542376	0.412419	0.416897	0.416487	0.342005	0.275034	0.266243	0	0.255537	0.255468	0.374334	0.372844	0.369649	0.375831	0.374943	0.375641	0.461189	0.48144	0.356434	0.358109	0.356577	0.356225	0.344598	0.357577	0.388022	0.391059	0.393312	0.397305	0.393204	0.390126	0.393256	0.379707	0.379906	0.378902	0.51387	0.514318	0.516539	0.517404	0.516766	0.517728	0.4854	0.46827	0.470444	0.467478	0.468723	0.468881	0.473156	0.551547	0.478186	0.47248	0.473013	0.47361	0.458024	0.550968	0.463632	0.451661	0.451836	0.451192	0.482649	0.486803	0.487724	0.465139	0.465883	0.46634	0.499624	0.502703	0.502832	0.484395	0.485761	0.482766	0.471788	0.463619	0.459495	0.459608	0.462013	0.459384	0.509472	0.515559	0.516586	0.505345	0.506535	0.505481
ERR608381-k20-n1-x5e9	0.412549	0.399034	0.391829	0.400213	0.394499	0.394978	0.339588	0.327973	0.334893	0.324503	0.325436	0.326877	0.379531	0.396198	0.541693	0.412124	0.416179	0.415842	0.341334	0.275297	0.266429	0.255537	0	0.256179	0.374448	0.372749	0.369886	0.376068	0.375208	0.375977	0.460918	0.481096	0.35688	0.358183	0.356825	0.356538	0.344079	0.357392	0.388529	0.391473	0.393556	0.397595	0.392596	0.389929	0.39276	0.379852	0.380075	0.379155	0.514439	0.514632	0.516907	0.517846	0.517367	0.518271	0.485632	0.469044	0.471149	0.468289	0.469273	0.469476	0.474561	0.551905	0.479563	0.47361	0.474329	0.474865	0.459526	0.551253	0.464852	0.453104	0.453225	0.452465	0.483134	0.487152	0.487958	0.465907	0.466496	0.467022	0.50002	0.50305	0.503204	0.485164	0.486325	0.483458	0.472529	0.464236	0.460396	0.460506	0.462659	0.459936	0.509811	0.515849	0.516773	0.505682	0.507007	0.50594
ERR608382-k20-n1-x5e9	0.416188	0.401816	0.393385	0.393331	0.388037	0.388596	0.343773	0.328862	0.33423	0.324793	0.325769	0.328418	0.38167	0.389485	0.545528	0.404855	0.409813	0.409544	0.346497	0.27931	0.269642	0.255468	0.256179	0	0.370608	0.368956	0.366454	0.369953	0.36941	0.369882	0.468583	0.488659	0.358563	0.359789	0.358115	0.357613	0.34659	0.360024	0.381609	0.384396	0.386451	0.390304	0.395654	0.392527	0.395917	0.379019	0.379665	0.378479	0.513019	0.513473	0.516472	0.517334	0.516451	0.517713	0.484466	0.465826	0.467108	0.464825	0.465839	0.466354	0.474004	0.554947	0.480053	0.47125	0.471856	0.472351	0.460103	0.555486	0.466852	0.451798	0.452465	0.451222	0.477287	0.481289	0.48197	0.461521	0.462009	0.462601	0.494185	0.497078	0.497137	0.480838	0.481935	0.479137	0.469795	0.462088	0.458784	0.460323	0.463187	0.460206	0.503725	0.509528	0.510478	0.49995	0.501261	0.499947
ERR607579-k20-n1-x5e9	0.420999	0.403608	0.385893	0.373777	0.36069	0.359317	0.40764	0.40117	0.403854	0.389945	0.388993	0.393436	0.376465	0.360311	0.542883	0.38303	0.360385	0.360812	0.424242	0.39155	0.386723	0.374334	0.374448	0.370608	0	0.238108	0.239003	0.264407	0.262798	0.262764	0.563075	0.576304	0.479455	0.477839	0.475055	0.473248	0.371922	0.382639	0.38135	0.383017	0.384343	0.386837	0.419194	0.414279	0.420315	0.397757	0.401392	0.400144	0.547705	0.547201	0.55029	0.552482	0.55091	0.553175	0.436062	0.415274	0.415122	0.418252	0.417506	0.416632	0.506229	0.57391	0.511986	0.490217	0.491397	0.491889	0.502453	0.580871	0.506983	0.481795	0.483681	0.481578	0.42717	0.440228	0.440816	0.404967	0.404513	0.405776	0.442876	0.452687	0.452809	0.415115	0.414938	0.41418	0.524815	0.518646	0.516229	0.524827	0.520587	0.517487	0.456603	0.475565	0.476251	0.435948	0.441124	0.442058
ERR607580-k20-n1-x5e9	0.42631	0.408781	0.39032	0.369357	0.357651	0.356246	0.409645	0.399743	0.401097	0.389638	0.38897	0.393754	0.381195	0.35603	0.548829	0.377834	0.359949	0.359953	0.428336	0.392145	0.386471	0.372844	0.372749	0.368956	0.238108	0	0.238735	0.258385	0.256915	0.25656	0.565889	0.579944	0.477136	0.476128	0.473539	0.471591	0.374527	0.38643	0.375596	0.377889	0.379099	0.381593	0.422216	0.417141	0.422971	0.397292	0.400892	0.399707	0.54693	0.547157	0.550394	0.552241	0.550527	0.55297	0.438217	0.414389	0.41304	0.416581	0.415912	0.415929	0.504867	0.577656	0.512085	0.488141	0.489188	0.489657	0.501086	0.58476	0.507021	0.479752	0.481814	0.479367	0.422519	0.435061	0.435778	0.402059	0.401436	0.402722	0.438569	0.447949	0.448172	0.413219	0.412711	0.412361	0.522229	0.516655	0.514202	0.523236	0.521733	0.518429	0.45166	0.470075	0.470828	0.431604	0.436534	0.43735
ERR607581-k20-n1-x5e9	0.419781	0.40271	0.386193	0.375187	0.363081	0.361746	0.402787	0.394568	0.397005	0.384904	0.383955	0.38775	0.375728	0.361599	0.542966	0.384702	0.366294	0.366571	0.422558	0.386759	0.3813	0.369649	0.369886	0.366454	0.239003	0.238735	0	0.264505	0.262774	0.262765	0.557278	0.571177	0.473188	0.472467	0.470126	0.468585	0.368277	0.379895	0.38115	0.383527	0.384999	0.387941	0.417495	0.412376	0.417829	0.395812	0.398869	0.397701	0.5464	0.546238	0.54908	0.551153	0.549632	0.551837	0.437349	0.415497	0.414895	0.417765	0.417112	0.416866	0.502475	0.573028	0.508519	0.48785	0.488967	0.489444	0.497066	0.578951	0.502063	0.477823	0.479635	0.477587	0.428237	0.440582	0.441418	0.403766	0.403674	0.404836	0.444485	0.453706	0.454218	0.415335	0.415412	0.414564	0.521774	0.515879	0.513317	0.521206	0.519239	0.516083	0.458216	0.476474	0.477666	0.437611	0.442323	0.443211
ERR607582-k20-n1-x5e9	0.469263	0.449668	0.428862	0.340211	0.339029	0.339007	0.436415	0.404563	0.397372	0.399434	0.401239	0.409834	0.421465	0.330015	0.592383	0.341755	0.354228	0.353197	0.463766	0.41205	0.40027	0.375831	0.376068	0.369953	0.264407	0.258385	0.264505	0	0.231834	0.231735	0.594581	0.611139	0.469471	0.471268	0.468317	0.46675	0.407568	0.424254	0.341499	0.344736	0.345251	0.347216	0.452851	0.446723	0.453127	0.405911	0.410526	0.409888	0.54601	0.54961	0.556077	0.554585	0.552186	0.555383	0.463915	0.424632	0.41554	0.421369	0.421915	0.426307	0.506663	0.607928	0.52387	0.481968	0.483193	0.482485	0.506423	0.618423	0.522681	0.478665	0.481752	0.477271	0.397414	0.405789	0.406454	0.398911	0.398057	0.398068	0.414179	0.420353	0.420775	0.413476	0.411318	0.413538	0.505776	0.505006	0.504493	0.517988	0.531987	0.525995	0.424214	0.437876	0.439188	0.4116	0.41452	0.414602
ERR607583-k20-n1-x5e9	0.467356	0.447885	0.427139	0.341079	0.339641	0.339434	0.434823	0.403372	0.396492	0.398234	0.399902	0.408434	0.419503	0.330489	0.59074	0.342834	0.354803	0.353661	0.462402	0.410647	0.399167	0.374943	0.375208	0.36941	0.262798	0.256915	0.262774	0.231834	0	0.231791	0.593129	0.609876	0.468851	0.470904	0.468012	0.466427	0.405521	0.422389	0.342279	0.345463	0.346163	0.348158	0.451632	0.445333	0.451544	0.40518	0.409814	0.40928	0.545531	0.549142	0.555551	0.554064	0.551606	0.554804	0.462491	0.423409	0.414338	0.420169	0.420734	0.425139	0.505449	0.606437	0.522504	0.481107	0.482341	0.481724	0.504734	0.616522	0.520818	0.477312	0.480428	0.476121	0.397421	0.405994	0.406756	0.397655	0.396715	0.396914	0.414178	0.420643	0.420852	0.412128	0.410259	0.412338	0.505946	0.505018	0.504479	0.517685	0.531619	0.525487	0.42458	0.438317	0.439679	0.411431	0.414457	0.414527
ERR607584-k20-n1-x5e9	0.467706	0.448046	0.427432	0.34105	0.339672	0.33962	0.435343	0.404188	0.397259	0.398918	0.400647	0.409159	0.419707	0.330815	0.590754	0.342964	0.354534	0.35352	0.462565	0.411092	0.399823	0.375641	0.375977	0.369882	0.262764	0.25656	0.262765	0.231735	0.231791	0	0.593555	0.610254	0.4699	0.471557	0.468885	0.467195	0.405812	0.422506	0.342295	0.345543	0.346199	0.348274	0.451927	0.44563	0.451891	0.405379	0.410039	0.409393	0.546132	0.549627	0.556075	0.55459	0.552194	0.555407	0.46265	0.423847	0.414764	0.420591	0.420988	0.42559	0.506205	0.606911	0.52325	0.481847	0.483046	0.482456	0.505615	0.617046	0.521694	0.4782	0.481275	0.476999	0.397802	0.40638	0.407132	0.398174	0.397255	0.397499	0.414417	0.420875	0.42124	0.412606	0.410756	0.412803	0.506592	0.505592	0.505006	0.518332	0.531901	0.525937	0.424914	0.438714	0.440183	0.411724	0.414763	0.414854
ERR605866-k20-n1-x5e9	0.43737	0.444834	0.468234	0.597925	0.586396	0.586503	0.410122	0.45597	0.479942	0.452461	0.448258	0.437721	0.452847	0.590597	0.509173	0.609285	0.598709	0.599005	0.413399	0.421267	0.433954	0.461189	0.460918	0.468583	0.563075	0.565889	0.557278	0.594581	0.593129	0.593555	0	0.286504	0.408633	0.406179	0.409165	0.41016	0.426012	0.418817	0.58766	0.588789	0.591593	0.596323	0.47061	0.474307	0.468821	0.524362	0.520529	0.51902	0.581152	0.573451	0.567583	0.57487	0.577043	0.575041	0.584492	0.599773	0.613583	0.605174	0.605397	0.600464	0.557617	0.531303	0.53633	0.584264	0.584697	0.586702	0.539893	0.515846	0.517578	0.561434	0.558479	0.562311	0.661247	0.665319	0.666677	0.626425	0.62798	0.629034	0.675534	0.678616	0.679131	0.643366	0.646648	0.641003	0.574561	0.558653	0.550682	0.532353	0.506598	0.511717	0.68579	0.690854	0.692479	0.679401	0.680637	0.68
ERR605867-k20-n1-x5e9	0.441419	0.451087	0.476045	0.61531	0.602734	0.602747	0.427138	0.477643	0.502509	0.472469	0.4679	0.457231	0.462149	0.607764	0.499934	0.626711	0.61126	0.611814	0.420251	0.438663	0.453347	0.48144	0.481096	0.488659	0.576304	0.579944	0.571177	0.611139	0.609876	0.610254	0.286504	0	0.434385	0.430482	0.433114	0.433595	0.440532	0.429923	0.606586	0.607187	0.609987	0.614244	0.480511	0.485022	0.479319	0.540402	0.536481	0.535004	0.595031	0.586304	0.579964	0.588063	0.590179	0.588076	0.593108	0.612393	0.627126	0.618786	0.618676	0.612997	0.573633	0.533204	0.550121	0.600748	0.601246	0.603352	0.55732	0.516707	0.532699	0.57905	0.57616	0.58025	0.676817	0.681502	0.68274	0.641245	0.642664	0.643963	0.690776	0.694223	0.694707	0.657289	0.660548	0.654594	0.592941	0.576264	0.568371	0.549987	0.518794	0.52477	0.70052	0.7064	0.707787	0.693675	0.695257	0.694737
ERR605868-k20-n1-x5e9	0.464541	0.453398	0.453174	0.446122	0.448582	0.450845	0.370269	0.346664	0.348999	0.352129	0.354011	0.356262	0.436364	0.439511	0.584661	0.448485	0.477408	0.47569	0.432106	0.371454	0.363907	0.356434	0.35688	0.358563	0.479455	0.477136	0.473188	0.469471	0.468851	0.4699	0.408633	0.434385	0	0.263684	0.264596	0.26646	0.392845	0.406351	0.42219	0.424531	0.427552	0.432797	0.454981	0.45296	0.453166	0.441013	0.440028	0.439882	0.498043	0.499845	0.503953	0.50213	0.50208	0.502611	0.539707	0.518559	0.519158	0.514886	0.516735	0.519084	0.476649	0.566858	0.485436	0.48053	0.481166	0.481519	0.466829	0.571509	0.476959	0.46593	0.465676	0.465304	0.535482	0.534307	0.535235	0.523974	0.525205	0.524722	0.552374	0.551533	0.552023	0.547234	0.548247	0.545278	0.446281	0.439957	0.437273	0.434563	0.451478	0.446894	0.560847	0.558784	0.560961	0.564985	0.564222	0.562355
ERR605869-k20-n1-x5e9	0.458268	0.447015	0.445744	0.444954	0.445477	0.447462	0.366374	0.34917	0.353502	0.351137	0.352284	0.355004	0.430331	0.43872	0.578019	0.448735	0.46771	0.466486	0.426967	0.371581	0.366188	0.358109	0.358183	0.359789	0.477839	0.476128	0.472467	0.471268	0.470904	0.471557	0.406179	0.430482	0.263684	0	0.257119	0.257896	0.389133	0.401135	0.424619	0.422815	0.425429	0.430302	0.45078	0.449394	0.449939	0.440634	0.439328	0.439171	0.4982	0.498811	0.503258	0.501917	0.501642	0.502453	0.536375	0.519104	0.52041	0.51657	0.518362	0.519038	0.481379	0.563258	0.488268	0.4845	0.485304	0.485748	0.473879	0.569178	0.481852	0.472077	0.47164	0.47161	0.538713	0.538433	0.538853	0.527487	0.528955	0.528304	0.556196	0.555824	0.555802	0.549419	0.550421	0.54745	0.449371	0.441445	0.439292	0.436764	0.445697	0.441421	0.56422	0.563107	0.564369	0.567635	0.568076	0.566297
ERR605870-k20-n1-x5e9	0.456607	0.445136	0.443051	0.441063	0.440902	0.443019	0.36666	0.349919	0.35418	0.350819	0.352209	0.354899	0.427999	0.434452	0.576748	0.444443	0.462008	0.460861	0.425713	0.370929	0.36547	0.356577	0.356825	0.358115	0.475055	0.473539	0.470126	0.468317	0.468012	0.468885	0.409165	0.433114	0.264596	0.257119	0	0.256897	0.387575	0.399292	0.421016	0.41884	0.421473	0.426083	0.449415	0.447851	0.448663	0.438597	0.437508	0.437183	0.496913	0.497567	0.501978	0.501006	0.500476	0.501263	0.534138	0.51728	0.518544	0.514848	0.516623	0.517073	0.481911	0.563391	0.488711	0.484029	0.484823	0.48532	0.474974	0.569568	0.482795	0.472101	0.471693	0.471188	0.536261	0.536291	0.536536	0.526166	0.527356	0.52691	0.553739	0.553532	0.553227	0.547506	0.548489	0.545518	0.44853	0.440732	0.43844	0.436677	0.444249	0.440348	0.561479	0.560735	0.561694	0.565167	0.565786	0.563978
ERR605871-k20-n1-x5e9	0.45453	0.443079	0.440184	0.438372	0.43789	0.439943	0.36694	0.351403	0.355935	0.351453	0.352507	0.355461	0.425247	0.431488	0.574888	0.441567	0.457022	0.455817	0.423809	0.37047	0.365432	0.356225	0.356538	0.357613	0.473248	0.471591	0.468585	0.46675	0.466427	0.467195	0.41016	0.433595	0.26646	0.257896	0.256897	0	0.386552	0.397832	0.419126	0.416713	0.419109	0.423605	0.447986	0.446793	0.44772	0.437801	0.436791	0.436475	0.496666	0.496913	0.501447	0.500615	0.499934	0.500963	0.532322	0.516229	0.517571	0.514157	0.515706	0.515986	0.482929	0.562536	0.489435	0.484239	0.485159	0.485545	0.477284	0.569629	0.484708	0.473302	0.473091	0.472819	0.53501	0.535248	0.535315	0.525623	0.52695	0.526438	0.55264	0.552584	0.552099	0.547054	0.547915	0.545048	0.448939	0.441045	0.438815	0.437594	0.443092	0.439369	0.560191	0.559562	0.5603	0.563905	0.564692	0.562921
ERR605775-k20-n1-x5e9	0.34341	0.33367	0.331941	0.423409	0.407038	0.405775	0.335097	0.359981	0.376662	0.347522	0.344073	0.340947	0.317955	0.411697	0.475969	0.437082	0.410787	0.411399	0.353003	0.333014	0.336206	0.344598	0.344079	0.34659	0.371922	0.374527	0.368277	0.407568	0.405521	0.405812	0.426012	0.440532	0.392845	0.389133	0.387575	0.386552	0	0.268481	0.395545	0.3973	0.400092	0.404239	0.382791	0.382283	0.383854	0.403762	0.403425	0.401574	0.51427	0.509497	0.508012	0.513861	0.513765	0.514174	0.448741	0.452775	0.462771	0.459081	0.458134	0.453746	0.48208	0.513441	0.472874	0.487512	0.48817	0.489703	0.467495	0.51056	0.457614	0.46655	0.466015	0.467186	0.499484	0.5089	0.509592	0.466492	0.467477	0.468839	0.516836	0.523816	0.523771	0.482378	0.484623	0.480551	0.499004	0.48632	0.479886	0.476717	0.457978	0.458809	0.529095	0.542166	0.542673	0.515595	0.519259	0.519511
ERR605776-k20-n1-x5e9	0.335092	0.327338	0.328187	0.44095	0.422658	0.421182	0.339394	0.374041	0.393008	0.359371	0.355138	0.350462	0.315307	0.429287	0.461753	0.455156	0.421844	0.423062	0.346974	0.339417	0.345968	0.357577	0.357392	0.360024	0.382639	0.38643	0.379895	0.424254	0.422389	0.422506	0.418817	0.429923	0.406351	0.401135	0.399292	0.397832	0.268481	0	0.417185	0.417965	0.42049	0.424436	0.381495	0.382019	0.383773	0.413174	0.412568	0.410411	0.521262	0.515049	0.512554	0.519781	0.51996	0.520287	0.451124	0.461932	0.473756	0.469766	0.468724	0.462801	0.491569	0.506651	0.478702	0.499143	0.49959	0.501469	0.477576	0.503055	0.463696	0.478414	0.477666	0.479457	0.514898	0.524854	0.525428	0.479886	0.481024	0.482567	0.531741	0.539246	0.53892	0.494866	0.497345	0.492603	0.512259	0.497997	0.491271	0.487019	0.461191	0.463323	0.543975	0.557642	0.557773	0.52981	0.533947	0.534208
ERR605777-k20-n1-x5e9	0.496968	0.476105	0.454146	0.312447	0.324077	0.325385	0.450475	0.40456	0.389959	0.402438	0.40576	0.417442	0.447262	0.303383	0.620966	0.302073	0.345759	0.342754	0.493462	0.4342	0.419956	0.388022	0.388529	0.381609	0.38135	0.375596	0.38115	0.341499	0.342279	0.342295	0.58766	0.606586	0.42219	0.424619	0.421016	0.419126	0.395545	0.417185	0	0.246316	0.246617	0.247558	0.490732	0.485536	0.491431	0.43681	0.441133	0.441032	0.525478	0.532035	0.541437	0.537031	0.534073	0.537858	0.493347	0.449147	0.436076	0.442123	0.443459	0.449694	0.504332	0.622958	0.528278	0.473987	0.474705	0.473712	0.511364	0.639764	0.534579	0.479085	0.482716	0.476907	0.408521	0.410372	0.409632	0.429451	0.428955	0.427672	0.427182	0.428337	0.427179	0.449649	0.446741	0.449434	0.464597	0.467985	0.470043	0.489647	0.515358	0.507393	0.431723	0.43525	0.434813	0.435166	0.436276	0.43508
ERR605778-k20-n1-x5e9	0.497509	0.476793	0.454149	0.312722	0.323695	0.325169	0.450916	0.406451	0.392444	0.403001	0.406245	0.41829	0.448378	0.304785	0.621309	0.303609	0.341002	0.338148	0.494431	0.43702	0.42371	0.391059	0.391473	0.384396	0.383017	0.377889	0.383527	0.344736	0.345463	0.345543	0.588789	0.607187	0.424531	0.422815	0.41884	0.416713	0.3973	0.417965	0.246316	0	0.241287	0.241897	0.491922	0.486773	0.492937	0.438895	0.443175	0.443086	0.526771	0.532766	0.542749	0.538392	0.535247	0.539124	0.493753	0.450993	0.438047	0.444498	0.445842	0.45106	0.508154	0.62369	0.531421	0.477006	0.477819	0.47689	0.515943	0.640917	0.538671	0.483175	0.486899	0.481231	0.41149	0.413637	0.412428	0.433261	0.43301	0.431775	0.430775	0.431942	0.430373	0.452467	0.449626	0.45221	0.465807	0.468901	0.471669	0.491264	0.514258	0.506172	0.434899	0.438561	0.437519	0.438179	0.440087	0.438921
ERR605779-k20-n1-x5e9	0.499301	0.478606	0.45542	0.312253	0.32308	0.324515	0.453831	0.40996	0.396088	0.406024	0.40907	0.421406	0.449804	0.304056	0.62246	0.302373	0.338901	0.336037	0.495973	0.439387	0.426085	0.393312	0.393556	0.386451	0.384343	0.379099	0.384999	0.345251	0.346163	0.346199	0.591593	0.609987	0.427552	0.425429	0.421473	0.419109	0.400092	0.42049	0.246617	0.241287	0	0.241109	0.493438	0.488368	0.494505	0.440219	0.444604	0.444434	0.527539	0.53356	0.543518	0.539257	0.535986	0.539885	0.494597	0.452059	0.43907	0.445815	0.44716	0.452252	0.510336	0.624947	0.5334	0.478569	0.479509	0.478376	0.518716	0.642689	0.541242	0.485326	0.489154	0.48336	0.411133	0.413309	0.411915	0.434508	0.434129	0.432852	0.430097	0.431398	0.429584	0.453211	0.450194	0.452858	0.467338	0.470357	0.473034	0.493263	0.515457	0.507498	0.433941	0.437614	0.436265	0.437525	0.439687	0.438543
ERR605780-k20-n1-x5e9	0.502611	0.481867	0.458362	0.312508	0.32356	0.324663	0.458718	0.415551	0.4019	0.411097	0.414202	0.426459	0.452804	0.304437	0.624734	0.3014	0.33756	0.334727	0.499167	0.44358	0.430519	0.397305	0.397595	0.390304	0.386837	0.381593	0.387941	0.347216	0.348158	0.348274	0.596323	0.614244	0.432797	0.430302	0.426083	0.423605	0.404239	0.424436	0.247558	0.241897	0.241109	0	0.49667	0.491673	0.497962	0.443508	0.447906	0.447731	0.530589	0.53653	0.546481	0.542345	0.539086	0.543082	0.496775	0.454586	0.441686	0.448579	0.449768	0.454807	0.515013	0.628377	0.537809	0.482556	0.483533	0.482545	0.524294	0.646432	0.546489	0.490433	0.494212	0.488462	0.412365	0.414654	0.413205	0.437525	0.437142	0.435887	0.431313	0.432709	0.43061	0.456003	0.452811	0.455615	0.471193	0.474386	0.477011	0.497678	0.51886	0.511029	0.434599	0.438387	0.436758	0.438604	0.440789	0.43978
ERR607561-k20-n1-x5e9	0.402875	0.397633	0.398138	0.485615	0.471278	0.470158	0.387084	0.41701	0.433933	0.406142	0.402619	0.398749	0.385905	0.479211	0.503484	0.499477	0.474582	0.475748	0.381515	0.376475	0.382792	0.393204	0.392596	0.395654	0.419194	0.422216	0.417495	0.452851	0.451632	0.451927	0.47061	0.480511	0.454981	0.45078	0.449415	0.447986	0.382791	0.381495	0.490732	0.491922	0.493438	0.49667	0	0.278546	0.279772	0.309195	0.307069	0.305865	0.542207	0.537031	0.533788	0.540423	0.540594	0.540628	0.480383	0.490439	0.501516	0.497022	0.496533	0.49064	0.511465	0.524971	0.499624	0.518909	0.51979	0.521343	0.499649	0.523491	0.487415	0.501183	0.500524	0.50172	0.535896	0.54471	0.544931	0.50519	0.505973	0.507529	0.549255	0.555852	0.555569	0.516206	0.518644	0.514067	0.533284	0.520211	0.513437	0.507684	0.48297	0.485197	0.559982	0.572229	0.571832	0.548433	0.551994	0.552164
