	ERR608293-k20-n1-x5e9	ERR608294-k20-n1-x5e9	ERR608295-k20-n1-x5e9	ERR608296-k20-n1-x5e9	ERR608297-k20-n1-x5e9	ERR608298-k20-n1-x5e9	ERR610253-k20-n1-x5e9	ERR610254-k20-n1-x5e9	ERR610255-k20-n1-x5e9	ERR610256-k20-n1-x5e9	ERR610257-k20-n1-x5e9	ERR610258-k20-n1-x5e9	ERR608105-k20-n1-x5e9	ERR608106-k20-n1-x5e9	ERR608107-k20-n1-x5e9	ERR608108-k20-n1-x5e9	ERR608109-k20-n1-x5e9	ERR608110-k20-n1-x5e9	ERR607817-k20-n1-x5e9	ERR607818-k20-n1-x5e9	ERR607819-k20-n1-x5e9	ERR607820-k20-n1-x5e9	ERR607821-k20-n1-x5e9	ERR607822-k20-n1-x5e9	ERR607627-k20-n1-x5e9	ERR607628-k20-n1-x5e9	ERR607629-k20-n1-x5e9	ERR607630-k20-n1-x5e9	ERR607631-k20-n1-x5e9	ERR607632-k20-n1-x5e9	ERR605922-k20-n1-x5e9	ERR605923-k20-n1-x5e9	ERR605924-k20-n1-x5e9	ERR605925-k20-n1-x5e9	ERR605926-k20-n1-x5e9	ERR605927-k20-n1-x5e9	ERR607573-k20-n1-x5e9	ERR607574-k20-n1-x5e9	ERR607575-k20-n1-x5e9	ERR607576-k20-n1-x5e9	ERR607577-k20-n1-x5e9	ERR607578-k20-n1-x5e9	ERR608167-k20-n1-x5e9	ERR608168-k20-n1-x5e9	ERR608169-k20-n1-x5e9	ERR608170-k20-n1-x5e9	ERR608171-k20-n1-x5e9	ERR608172-k20-n1-x5e9	ERR608439-k20-n1-x5e9	ERR608440-k20-n1-x5e9	ERR608441-k20-n1-x5e9	ERR608442-k20-n1-x5e9	ERR608443-k20-n1-x5e9	ERR608444-k20-n1-x5e9	ERR607415-k20-n1-x5e9	ERR607416-k20-n1-x5e9	ERR607417-k20-n1-x5e9	ERR607418-k20-n1-x5e9	ERR607419-k20-n1-x5e9	ERR607420-k20-n1-x5e9	ERR608757-k20-n1-x5e9	ERR608758-k20-n1-x5e9	ERR608759-k20-n1-x5e9	ERR608760-k20-n1-x5e9	ERR608761-k20-n1-x5e9	ERR608762-k20-n1-x5e9	ERR607899-k20-n1-x5e9	ERR607900-k20-n1-x5e9	ERR607901-k20-n1-x5e9	ERR607902-k20-n1-x5e9	ERR607903-k20-n1-x5e9	ERR607904-k20-n1-x5e9	ERR607995-k20-n1-x5e9	ERR607996-k20-n1-x5e9	ERR607997-k20-n1-x5e9	ERR607998-k20-n1-x5e9	ERR607999-k20-n1-x5e9	ERR608000-k20-n1-x5e9	ERR607805-k20-n1-x5e9	ERR607806-k20-n1-x5e9	ERR607807-k20-n1-x5e9	ERR607808-k20-n1-x5e9	ERR607809-k20-n1-x5e9	ERR607810-k20-n1-x5e9	ERR608389-k20-n1-x5e9	ERR608390-k20-n1-x5e9	ERR608391-k20-n1-x5e9	ERR608392-k20-n1-x5e9	ERR608393-k20-n1-x5e9	ERR608394-k20-n1-x5e9	ERR608185-k20-n1-x5e9	ERR608186-k20-n1-x5e9	ERR608187-k20-n1-x5e9	ERR608188-k20-n1-x5e9	ERR608189-k20-n1-x5e9	ERR608190-k20-n1-x5e9
ERR608293-k20-n1-x5e9	0	0.296746	0.315177	0.341206	0.339976	0.345677	0.420651	0.312602	0.38377	0.446768	0.42866	0.438454	0.361905	0.42128	0.447356	0.410672	0.406128	0.396995	0.488459	0.501116	0.482497	0.64094	0.638005	0.635899	0.428055	0.392963	0.394015	0.432162	0.432736	0.433449	0.39186	0.513	0.517418	0.44395	0.444989	0.442718	0.378633	0.376653	0.381419	0.367655	0.367557	0.36778	0.381887	0.384533	0.384486	0.431976	0.430216	0.429087	0.437133	0.455001	0.46855	0.471117	0.474376	0.455604	0.395606	0.40214	0.400011	0.460535	0.458733	0.458333	0.439952	0.467281	0.482374	0.486994	0.491761	0.468454	0.537206	0.55735	0.558407	0.512563	0.518144	0.519589	0.555607	0.581231	0.580467	0.531571	0.538215	0.540898	0.491666	0.50962	0.510406	0.472036	0.476475	0.478672	0.459778	0.487456	0.503464	0.505305	0.507419	0.488634	0.553279	0.571487	0.571403	0.533018	0.538087	0.539203
ERR608294-k20-n1-x5e9	0.296746	0	0.248469	0.260637	0.260239	0.26403	0.339218	0.339878	0.315417	0.364961	0.349494	0.357468	0.319176	0.344074	0.363317	0.337371	0.335142	0.329036	0.404159	0.415392	0.397801	0.562431	0.559112	0.556928	0.35094	0.328425	0.32738	0.353827	0.354565	0.354623	0.34861	0.429624	0.434056	0.370344	0.37284	0.371173	0.399527	0.394049	0.399605	0.356758	0.358523	0.358572	0.348778	0.346621	0.347984	0.364321	0.363856	0.362507	0.432588	0.421766	0.425591	0.426179	0.428503	0.42298	0.329032	0.331862	0.329625	0.376708	0.375024	0.374555	0.429241	0.426148	0.432554	0.43497	0.438439	0.427925	0.473662	0.490071	0.4932	0.45281	0.455885	0.456636	0.487751	0.510662	0.512029	0.46484	0.469509	0.471783	0.441068	0.451301	0.4547	0.430529	0.431401	0.432662	0.442476	0.442922	0.451077	0.452393	0.453514	0.445051	0.493237	0.507773	0.509794	0.475971	0.47886	0.479277
ERR608295-k20-n1-x5e9	0.315177	0.248469	0	0.250318	0.250147	0.253153	0.323278	0.352956	0.305709	0.348279	0.334123	0.341126	0.320565	0.332587	0.348483	0.327787	0.326633	0.322053	0.38717	0.397665	0.381284	0.544368	0.540989	0.538768	0.336638	0.31893	0.317208	0.338978	0.339636	0.339598	0.346086	0.412283	0.416392	0.358677	0.36149	0.360306	0.41395	0.407699	0.413772	0.366361	0.368298	0.368634	0.35206	0.348752	0.351231	0.355734	0.355485	0.354641	0.437484	0.419823	0.420424	0.420466	0.422041	0.421257	0.320647	0.322163	0.31985	0.360013	0.358026	0.357934	0.432097	0.421305	0.425043	0.426814	0.429326	0.422911	0.460893	0.475989	0.479692	0.441489	0.443587	0.44421	0.473602	0.495535	0.49743	0.451423	0.455168	0.457352	0.433282	0.441015	0.445041	0.426637	0.425954	0.426786	0.444967	0.438243	0.443451	0.44464	0.44511	0.440414	0.480727	0.494283	0.496796	0.464591	0.466821	0.467035
ERR608296-k20-n1-x5e9	0.341206	0.260637	0.250318	0	0.239855	0.239673	0.304035	0.371948	0.296131	0.322431	0.311169	0.316461	0.327994	0.323579	0.334152	0.317321	0.317696	0.316575	0.362943	0.372008	0.358645	0.51563	0.512151	0.509912	0.31052	0.299836	0.298403	0.312145	0.312695	0.312387	0.340838	0.386167	0.390336	0.34387	0.346365	0.346298	0.438329	0.432107	0.438625	0.386155	0.388328	0.388856	0.360361	0.35543	0.359746	0.346039	0.346465	0.345772	0.442917	0.417901	0.414011	0.413911	0.41447	0.418765	0.310066	0.309768	0.309558	0.334629	0.333491	0.33342	0.436145	0.41629	0.415395	0.416627	0.417793	0.417386	0.440236	0.454468	0.457797	0.423214	0.425355	0.425672	0.451033	0.472414	0.473942	0.42994	0.434071	0.435998	0.421847	0.426364	0.429142	0.422104	0.420974	0.421433	0.448	0.432967	0.434138	0.436036	0.435492	0.435103	0.46076	0.4734	0.475762	0.446386	0.44868	0.448643
ERR608297-k20-n1-x5e9	0.339976	0.260239	0.250147	0.239855	0	0.240131	0.304853	0.370753	0.296366	0.323458	0.312151	0.317711	0.327215	0.324265	0.335007	0.317516	0.317711	0.316664	0.364173	0.373538	0.359844	0.517192	0.513683	0.511524	0.311837	0.300316	0.299309	0.313524	0.313941	0.313772	0.340173	0.387389	0.391469	0.343893	0.346418	0.346227	0.437122	0.430935	0.437502	0.385148	0.387577	0.387753	0.359475	0.354772	0.359122	0.346141	0.34678	0.346263	0.44245	0.417947	0.414148	0.413976	0.414635	0.418683	0.30991	0.309956	0.309635	0.33601	0.33454	0.334396	0.435693	0.416361	0.415701	0.416863	0.418433	0.417326	0.441207	0.455561	0.4588	0.424182	0.426408	0.426822	0.452228	0.473476	0.475	0.431186	0.435198	0.437257	0.422401	0.427066	0.429959	0.422402	0.421508	0.422035	0.447487	0.433292	0.434348	0.436497	0.435702	0.4351	0.461905	0.474429	0.476711	0.447305	0.449712	0.449805
ERR608298-k20-n1-x5e9	0.345677	0.26403	0.253153	0.239673	0.240131	0	0.301691	0.374632	0.295405	0.318556	0.307703	0.312923	0.330923	0.324831	0.334137	0.317204	0.317824	0.317634	0.360526	0.369417	0.356474	0.511714	0.508251	0.505971	0.306066	0.296216	0.295101	0.307589	0.308208	0.307816	0.339831	0.382765	0.387003	0.342615	0.344999	0.345202	0.443357	0.437246	0.443957	0.390875	0.392968	0.393592	0.363624	0.358458	0.36329	0.346455	0.346969	0.346518	0.443929	0.418027	0.413483	0.413485	0.413639	0.418809	0.309538	0.309416	0.309591	0.331849	0.33026	0.330159	0.43668	0.415632	0.414069	0.415273	0.416651	0.416446	0.437046	0.451253	0.454387	0.420255	0.422767	0.422978	0.447518	0.468966	0.470336	0.426819	0.430819	0.432783	0.420566	0.424486	0.426832	0.422141	0.421186	0.421528	0.448719	0.43322	0.433315	0.43565	0.434537	0.434937	0.457408	0.470011	0.47225	0.443305	0.445588	0.445607
ERR610253-k20-n1-x5e9	0.420651	0.339218	0.323278	0.304035	0.304853	0.301691	0	0.381931	0.248524	0.245295	0.238945	0.241433	0.367422	0.338168	0.337301	0.334058	0.336545	0.340526	0.349283	0.354082	0.347787	0.481104	0.477545	0.475288	0.304836	0.309839	0.307443	0.304018	0.304584	0.303816	0.352697	0.355107	0.35832	0.338781	0.341667	0.342797	0.490887	0.485082	0.491941	0.436372	0.439219	0.438928	0.406635	0.400169	0.406119	0.367917	0.369784	0.369643	0.470879	0.435898	0.424693	0.423603	0.422653	0.436347	0.329378	0.326154	0.327882	0.324199	0.323758	0.322949	0.458271	0.424949	0.416345	0.415764	0.414676	0.425511	0.41954	0.430161	0.43416	0.40785	0.408316	0.408042	0.433004	0.451673	0.45389	0.415645	0.418085	0.41966	0.424984	0.422126	0.42477	0.436006	0.433044	0.432743	0.470747	0.443233	0.436958	0.439567	0.43719	0.445688	0.443412	0.453131	0.456184	0.43302	0.433792	0.433453
ERR610254-k20-n1-x5e9	0.312602	0.339878	0.352956	0.371948	0.370753	0.374632	0.381931	0	0.338829	0.411696	0.39042	0.401925	0.376902	0.430124	0.454016	0.416923	0.412837	0.404846	0.493008	0.504867	0.488365	0.642004	0.639058	0.636938	0.42426	0.388733	0.389397	0.428102	0.429025	0.429536	0.382297	0.506372	0.51111	0.439163	0.439416	0.437744	0.40693	0.404963	0.410725	0.394445	0.395224	0.39503	0.411347	0.413405	0.414352	0.451003	0.450656	0.448993	0.438739	0.454821	0.466563	0.469525	0.472321	0.455075	0.40316	0.409195	0.408044	0.461739	0.460137	0.459514	0.435661	0.461951	0.475558	0.480429	0.484127	0.462498	0.529807	0.551048	0.551875	0.503437	0.509841	0.511211	0.554339	0.58131	0.580178	0.529197	0.536519	0.539209	0.491326	0.50814	0.507771	0.475821	0.480663	0.482412	0.464349	0.49093	0.504252	0.5073	0.508581	0.491841	0.546812	0.566338	0.566132	0.525041	0.530777	0.531988
ERR610255-k20-n1-x5e9	0.38377	0.315417	0.305709	0.296131	0.296366	0.295405	0.248524	0.338829	0	0.272587	0.257341	0.26485	0.348538	0.341123	0.349039	0.333839	0.334599	0.334487	0.374741	0.38297	0.37175	0.520711	0.517237	0.514923	0.316855	0.307289	0.305052	0.318288	0.319104	0.318689	0.338852	0.383163	0.387325	0.345183	0.347346	0.34754	0.461755	0.45624	0.462893	0.411893	0.4145	0.414384	0.391317	0.386739	0.39137	0.373287	0.374408	0.373801	0.450522	0.424117	0.418604	0.418498	0.418574	0.424912	0.327115	0.326641	0.327207	0.344784	0.343964	0.343206	0.439408	0.41774	0.414821	0.415631	0.416193	0.418419	0.437314	0.452357	0.455601	0.419657	0.422012	0.422533	0.455689	0.477967	0.479297	0.434389	0.438667	0.440744	0.427814	0.430805	0.432903	0.432062	0.430898	0.430871	0.45691	0.440957	0.439756	0.442725	0.441305	0.443155	0.460005	0.473642	0.475662	0.444856	0.447326	0.447361
ERR610256-k20-n1-x5e9	0.446768	0.364961	0.348279	0.322431	0.323458	0.318556	0.245295	0.411696	0.272587	0	0.236306	0.233436	0.388803	0.352515	0.346762	0.346232	0.349636	0.356075	0.337274	0.340189	0.338795	0.449553	0.446152	0.443994	0.298051	0.31354	0.312739	0.296061	0.296073	0.295626	0.36182	0.342238	0.34486	0.344691	0.346994	0.349413	0.512839	0.507237	0.514756	0.457571	0.460207	0.460214	0.420355	0.413248	0.420965	0.369733	0.372205	0.372621	0.48512	0.448184	0.434151	0.433375	0.431183	0.447799	0.335325	0.331013	0.33502	0.314738	0.315361	0.314496	0.471919	0.435365	0.423543	0.422783	0.420163	0.435378	0.407806	0.416361	0.418309	0.403351	0.403739	0.40323	0.417081	0.434194	0.43454	0.404785	0.407455	0.408742	0.425665	0.420565	0.420382	0.443217	0.440299	0.439982	0.480018	0.448759	0.439603	0.442619	0.439326	0.450896	0.431952	0.439627	0.440967	0.426832	0.427768	0.42729
ERR610257-k20-n1-x5e9	0.42866	0.349494	0.334123	0.311169	0.312151	0.307703	0.238945	0.39042	0.257341	0.236306	0	0.233917	0.37822	0.349115	0.347149	0.34164	0.344425	0.349551	0.347053	0.351675	0.347422	0.4707	0.467229	0.464887	0.296587	0.304364	0.303329	0.295611	0.295876	0.295298	0.352321	0.352206	0.355214	0.343246	0.345763	0.347667	0.500449	0.494827	0.502424	0.446406	0.449121	0.448917	0.413087	0.406392	0.413707	0.370406	0.372684	0.37258	0.473627	0.439385	0.427293	0.426805	0.425082	0.439169	0.330621	0.327189	0.330895	0.320279	0.320325	0.319547	0.46081	0.427826	0.418191	0.417895	0.416087	0.427899	0.412413	0.423503	0.425797	0.403073	0.404352	0.404207	0.425225	0.444649	0.445113	0.409389	0.412828	0.414356	0.423445	0.420576	0.420719	0.438074	0.435843	0.435575	0.472366	0.445366	0.438324	0.441339	0.438367	0.44739	0.436235	0.446471	0.447901	0.42745	0.429058	0.428783
ERR610258-k20-n1-x5e9	0.438454	0.357468	0.341126	0.316461	0.317711	0.312923	0.241433	0.401925	0.26485	0.233436	0.233917	0	0.383508	0.350024	0.346108	0.343457	0.346589	0.3524	0.34124	0.344826	0.342083	0.459653	0.456132	0.453834	0.296961	0.309017	0.308004	0.29562	0.295862	0.295134	0.357422	0.346291	0.349273	0.343589	0.346101	0.348257	0.507107	0.501453	0.509036	0.452408	0.455096	0.45501	0.416734	0.409791	0.417192	0.369508	0.372059	0.372185	0.479386	0.443539	0.43041	0.429851	0.427965	0.443369	0.332811	0.328695	0.33263	0.31672	0.317338	0.316442	0.466494	0.431388	0.420597	0.419996	0.417702	0.431415	0.409676	0.419479	0.421698	0.402815	0.403719	0.403143	0.420482	0.43871	0.439283	0.406419	0.409429	0.410777	0.424259	0.420219	0.420182	0.44036	0.437731	0.437553	0.476394	0.446879	0.438693	0.44168	0.438614	0.449021	0.433628	0.442603	0.444193	0.426763	0.427954	0.42753
ERR608105-k20-n1-x5e9	0.361905	0.319176	0.320565	0.327994	0.327215	0.330923	0.367422	0.376902	0.348538	0.388803	0.37822	0.383508	0	0.281779	0.304323	0.277106	0.273559	0.26699	0.39047	0.402608	0.382654	0.548068	0.544945	0.542784	0.385594	0.371919	0.371761	0.385993	0.386903	0.386344	0.357532	0.426512	0.430772	0.364481	0.36505	0.363034	0.399117	0.393905	0.399656	0.356449	0.35811	0.358491	0.338276	0.337051	0.337478	0.354407	0.35326	0.352218	0.442843	0.430113	0.433119	0.433254	0.43533	0.430325	0.330582	0.334576	0.330511	0.381	0.37868	0.378778	0.440801	0.435092	0.441601	0.44322	0.446888	0.43605	0.487	0.497929	0.500419	0.472871	0.475297	0.475742	0.496512	0.514297	0.515135	0.480013	0.483996	0.485581	0.448613	0.456967	0.462527	0.434755	0.436211	0.437229	0.437185	0.436231	0.444201	0.44509	0.446845	0.436539	0.507783	0.517089	0.518693	0.497334	0.499994	0.499441
ERR608106-k20-n1-x5e9	0.42128	0.344074	0.332587	0.323579	0.324265	0.324831	0.338168	0.430124	0.341123	0.352515	0.349115	0.350024	0.281779	0	0.252231	0.253352	0.254489	0.25604	0.336916	0.345354	0.330151	0.483052	0.479807	0.477698	0.360576	0.367026	0.36496	0.35857	0.359515	0.358078	0.368435	0.373711	0.376941	0.337566	0.33921	0.338343	0.453433	0.446794	0.452267	0.398084	0.400538	0.400747	0.363486	0.35802	0.360523	0.336152	0.33646	0.335973	0.470705	0.437567	0.430791	0.428774	0.429182	0.438144	0.323172	0.32176	0.318713	0.338078	0.336141	0.336403	0.464506	0.434826	0.431617	0.430354	0.431899	0.435734	0.45568	0.459767	0.464272	0.448981	0.448141	0.44783	0.457712	0.469092	0.47231	0.445925	0.446889	0.447814	0.43582	0.434346	0.442573	0.433559	0.430982	0.43102	0.455888	0.430427	0.428371	0.428841	0.428955	0.431124	0.478027	0.48106	0.484819	0.473553	0.473506	0.471911
ERR608107-k20-n1-x5e9	0.447356	0.363317	0.348483	0.334152	0.335007	0.334137	0.337301	0.454016	0.349039	0.346762	0.347149	0.346108	0.304323	0.252231	0	0.259782	0.262873	0.26806	0.323787	0.329275	0.317925	0.457993	0.454706	0.452703	0.35953	0.373236	0.371004	0.356325	0.357164	0.355493	0.379703	0.358294	0.360766	0.33693	0.338841	0.338847	0.477142	0.470394	0.475974	0.419733	0.422485	0.422596	0.381544	0.374889	0.37814	0.339892	0.340502	0.340391	0.486036	0.447215	0.437205	0.434607	0.434116	0.448078	0.331066	0.327838	0.325358	0.329432	0.328086	0.328528	0.47851	0.441742	0.434638	0.432328	0.433051	0.442564	0.448711	0.449584	0.454764	0.446042	0.443932	0.443339	0.44712	0.455097	0.459232	0.438284	0.43784	0.438366	0.438042	0.432313	0.441062	0.440334	0.436623	0.436099	0.468814	0.435548	0.429333	0.429922	0.428948	0.436458	0.47126	0.471289	0.475628	0.469918	0.468646	0.466749
ERR608108-k20-n1-x5e9	0.410672	0.337371	0.327787	0.317321	0.317516	0.317204	0.334058	0.416923	0.333839	0.346232	0.34164	0.343457	0.277106	0.253352	0.259782	0	0.247893	0.250528	0.338919	0.347982	0.333528	0.486639	0.483447	0.481266	0.348948	0.3514	0.350131	0.34751	0.348392	0.347428	0.354709	0.373408	0.377204	0.334458	0.335338	0.334857	0.449388	0.443286	0.449755	0.396194	0.398274	0.398907	0.359801	0.354896	0.358653	0.335603	0.336057	0.335502	0.459576	0.429707	0.42374	0.422854	0.422887	0.429921	0.315574	0.314498	0.312764	0.334278	0.332302	0.332859	0.454064	0.428089	0.425295	0.425323	0.426676	0.428704	0.451432	0.457815	0.460764	0.443441	0.444315	0.44409	0.455497	0.469279	0.470912	0.442858	0.44539	0.44671	0.43036	0.430739	0.436421	0.429202	0.428475	0.428334	0.448311	0.426952	0.425709	0.427347	0.426766	0.427657	0.47345	0.478766	0.480903	0.467963	0.469185	0.467962
ERR608109-k20-n1-x5e9	0.406128	0.335142	0.326633	0.317696	0.317711	0.317824	0.336545	0.412837	0.334599	0.349636	0.344425	0.346589	0.273559	0.254489	0.262873	0.247893	0	0.249711	0.3431	0.352529	0.337138	0.49178	0.488582	0.486391	0.351571	0.352491	0.351513	0.350421	0.351267	0.35031	0.353484	0.37727	0.381167	0.335499	0.336287	0.335526	0.444166	0.437969	0.444396	0.391106	0.393414	0.394115	0.35652	0.351601	0.355014	0.33578	0.336091	0.335607	0.458421	0.430006	0.424653	0.424012	0.424403	0.43033	0.315489	0.315319	0.313203	0.337853	0.33606	0.336364	0.452822	0.428692	0.426802	0.426886	0.428721	0.429582	0.454623	0.461435	0.464408	0.446235	0.447369	0.44717	0.45907	0.473105	0.474623	0.446158	0.448894	0.450146	0.432099	0.433113	0.438772	0.429418	0.428965	0.429031	0.446882	0.427484	0.427097	0.428736	0.428374	0.428094	0.47675	0.482386	0.484504	0.470854	0.472322	0.471112
ERR608110-k20-n1-x5e9	0.396995	0.329036	0.322053	0.316575	0.316664	0.317634	0.340526	0.404846	0.334487	0.356075	0.349551	0.3524	0.26699	0.25604	0.26806	0.250528	0.249711	0	0.35158	0.361733	0.345211	0.503517	0.500421	0.498193	0.357813	0.355745	0.354713	0.356766	0.357706	0.356765	0.353291	0.386583	0.390516	0.339413	0.34022	0.339183	0.434403	0.428381	0.434455	0.382649	0.384948	0.385546	0.351395	0.347172	0.349805	0.337949	0.337894	0.337117	0.454451	0.428431	0.424854	0.424363	0.425037	0.429008	0.316691	0.317121	0.314447	0.345462	0.343654	0.343754	0.449429	0.428287	0.428171	0.428443	0.43091	0.429241	0.460448	0.467864	0.470974	0.450559	0.451809	0.451569	0.466166	0.480865	0.482544	0.452238	0.45512	0.456428	0.434133	0.436607	0.442663	0.428999	0.428799	0.429104	0.444181	0.427772	0.429003	0.430512	0.430526	0.428384	0.482379	0.488541	0.490764	0.475221	0.476803	0.475701
ERR607817-k20-n1-x5e9	0.488459	0.404159	0.38717	0.362943	0.364173	0.360526	0.349283	0.493008	0.374741	0.337274	0.347053	0.34124	0.39047	0.336916	0.323787	0.338919	0.3431	0.35158	0	0.245827	0.24659	0.349101	0.3459	0.344055	0.348078	0.377012	0.376387	0.343915	0.343914	0.342566	0.387588	0.326465	0.327442	0.341241	0.343137	0.345017	0.512624	0.506249	0.513603	0.45344	0.456537	0.45647	0.399496	0.391562	0.398919	0.332607	0.335173	0.335868	0.511106	0.469753	0.454567	0.452397	0.45012	0.469138	0.336964	0.331493	0.333982	0.305077	0.305049	0.305125	0.502594	0.46055	0.448351	0.445494	0.443535	0.460632	0.42762	0.424374	0.425467	0.43775	0.435113	0.434091	0.420034	0.424543	0.424877	0.42169	0.421023	0.420887	0.437922	0.428304	0.431785	0.452132	0.448318	0.447664	0.486146	0.446113	0.434377	0.435622	0.43286	0.447004	0.452437	0.448962	0.449962	0.461404	0.460084	0.457885
ERR607818-k20-n1-x5e9	0.501116	0.415392	0.397665	0.372008	0.373538	0.369417	0.354082	0.504867	0.38297	0.340189	0.351675	0.344826	0.402608	0.345354	0.329275	0.347982	0.352529	0.361733	0.245827	0	0.248245	0.335913	0.332753	0.330829	0.352995	0.384261	0.383649	0.348415	0.348115	0.347027	0.397825	0.32523	0.325701	0.34819	0.350255	0.35217	0.525222	0.518839	0.526087	0.465834	0.468785	0.468724	0.41208	0.403956	0.411415	0.341342	0.344138	0.344952	0.519977	0.476774	0.460906	0.458247	0.455679	0.476399	0.347022	0.340764	0.343313	0.308013	0.308684	0.308639	0.511101	0.466578	0.452948	0.44967	0.44726	0.466804	0.427044	0.42212	0.423469	0.439224	0.435679	0.434604	0.417656	0.420147	0.421049	0.420841	0.419471	0.419166	0.4422	0.4309	0.434819	0.458402	0.454029	0.453223	0.49474	0.452173	0.438886	0.439814	0.436964	0.453194	0.451489	0.446617	0.447955	0.461966	0.459994	0.457644
ERR607819-k20-n1-x5e9	0.482497	0.397801	0.381284	0.358645	0.359844	0.356474	0.347787	0.488365	0.37175	0.338795	0.347422	0.342083	0.382654	0.330151	0.317925	0.333528	0.337138	0.345211	0.24659	0.248245	0	0.358524	0.355412	0.353285	0.349894	0.377726	0.376772	0.345652	0.345894	0.344489	0.385738	0.328402	0.329773	0.337987	0.340126	0.341417	0.50494	0.497973	0.505272	0.445094	0.448279	0.447931	0.392264	0.384316	0.390918	0.327807	0.330159	0.330537	0.508197	0.46691	0.452651	0.450266	0.448423	0.46662	0.333585	0.328073	0.329361	0.305699	0.305485	0.305497	0.500116	0.458571	0.447075	0.444244	0.442831	0.458934	0.430416	0.427227	0.429155	0.439293	0.436507	0.435436	0.423531	0.428163	0.429261	0.42401	0.423235	0.423084	0.43775	0.428671	0.43327	0.449733	0.445721	0.445155	0.483154	0.44347	0.432672	0.433635	0.431305	0.444488	0.455291	0.452099	0.453667	0.463242	0.461756	0.459615
ERR607820-k20-n1-x5e9	0.64094	0.562431	0.544368	0.51563	0.517192	0.511714	0.481104	0.642004	0.520711	0.449553	0.4707	0.459653	0.548068	0.483052	0.457993	0.486639	0.49178	0.503517	0.349101	0.335913	0.358524	0	0.236736	0.236988	0.469516	0.514183	0.513806	0.463209	0.462277	0.461414	0.526352	0.40081	0.397392	0.470074	0.470965	0.473904	0.649906	0.644749	0.651506	0.596477	0.599155	0.599133	0.54672	0.538787	0.546646	0.465972	0.469089	0.470819	0.638299	0.594033	0.573873	0.570966	0.567012	0.592897	0.483714	0.475999	0.480596	0.418178	0.420334	0.419911	0.626385	0.578125	0.558941	0.553702	0.548894	0.577611	0.495117	0.476587	0.475783	0.52618	0.520033	0.517673	0.465741	0.449994	0.449356	0.488243	0.483212	0.481106	0.539954	0.521027	0.522504	0.566194	0.560773	0.559315	0.604873	0.555259	0.535369	0.53581	0.531802	0.556098	0.512222	0.494903	0.494513	0.538838	0.534156	0.531229
ERR607821-k20-n1-x5e9	0.638005	0.559112	0.540989	0.512151	0.513683	0.508251	0.477545	0.639058	0.517237	0.446152	0.467229	0.456132	0.544945	0.479807	0.454706	0.483447	0.488582	0.500421	0.3459	0.332753	0.355412	0.236736	0	0.236813	0.466275	0.510877	0.510503	0.459978	0.45897	0.45813	0.523496	0.398079	0.394533	0.467037	0.467941	0.470869	0.647479	0.642313	0.648928	0.593778	0.596443	0.596498	0.543949	0.535997	0.543766	0.462916	0.466161	0.46797	0.635651	0.591219	0.570984	0.568192	0.564269	0.590114	0.480626	0.472824	0.477397	0.415151	0.417045	0.416634	0.62375	0.575368	0.556159	0.550941	0.546106	0.574853	0.492521	0.474233	0.473505	0.523277	0.517176	0.514843	0.463609	0.448083	0.447618	0.485721	0.480665	0.478525	0.53727	0.518293	0.519884	0.563525	0.557985	0.556567	0.60244	0.552666	0.532793	0.533232	0.529217	0.553553	0.509854	0.49265	0.492472	0.536241	0.531369	0.528565
ERR607822-k20-n1-x5e9	0.635899	0.556928	0.538768	0.509912	0.511524	0.505971	0.475288	0.636938	0.514923	0.443994	0.464887	0.453834	0.542784	0.477698	0.452703	0.481266	0.486391	0.498193	0.344055	0.330829	0.353285	0.236988	0.236813	0	0.464013	0.508585	0.508249	0.457741	0.456694	0.455935	0.521257	0.39633	0.392969	0.465154	0.466107	0.468962	0.645762	0.640464	0.647189	0.591939	0.59456	0.594578	0.541866	0.533944	0.541796	0.460925	0.464121	0.465853	0.633774	0.589318	0.569134	0.56633	0.562394	0.588272	0.47848	0.47064	0.47526	0.41306	0.414953	0.414479	0.621872	0.573481	0.554365	0.549143	0.544293	0.572995	0.490997	0.472767	0.472011	0.52157	0.515422	0.513103	0.462065	0.4468	0.44622	0.484075	0.479189	0.477067	0.535454	0.516707	0.518137	0.561681	0.55623	0.554752	0.600695	0.551	0.531087	0.531672	0.527546	0.55186	0.50843	0.491438	0.491077	0.534676	0.529886	0.52704
ERR607627-k20-n1-x5e9	0.428055	0.35094	0.336638	0.31052	0.311837	0.306066	0.304836	0.42426	0.316855	0.298051	0.296587	0.296961	0.385594	0.360576	0.35953	0.348948	0.351571	0.357813	0.348078	0.352995	0.349894	0.469516	0.466275	0.464013	0	0.242398	0.24161	0.229895	0.229796	0.229903	0.358708	0.36183	0.365152	0.355038	0.357075	0.359124	0.498909	0.493526	0.501679	0.444604	0.447062	0.447599	0.406959	0.400146	0.408599	0.363083	0.365651	0.365699	0.461844	0.427904	0.414583	0.415502	0.413305	0.427696	0.315332	0.31244	0.31727	0.303251	0.30368	0.302797	0.450723	0.418167	0.407436	0.408808	0.405977	0.418462	0.399541	0.413205	0.413558	0.390259	0.393205	0.393014	0.408113	0.430381	0.42932	0.391391	0.396621	0.398332	0.413016	0.411646	0.408701	0.43076	0.429333	0.429205	0.4619	0.435681	0.428257	0.432313	0.429119	0.437936	0.417017	0.430192	0.429931	0.408102	0.41153	0.411506
ERR607628-k20-n1-x5e9	0.392963	0.328425	0.31893	0.299836	0.300316	0.296216	0.309839	0.388733	0.307289	0.31354	0.304364	0.309017	0.371919	0.367026	0.373236	0.3514	0.352491	0.355745	0.377012	0.384261	0.377726	0.514183	0.510877	0.508585	0.242398	0	0.230811	0.246471	0.246511	0.247527	0.349477	0.391612	0.395909	0.366678	0.367999	0.369531	0.479732	0.474945	0.483045	0.430811	0.43299	0.433766	0.400366	0.39546	0.403018	0.376373	0.378598	0.377893	0.43926	0.414038	0.405737	0.4078	0.406308	0.413711	0.317484	0.317178	0.321647	0.327413	0.32739	0.32664	0.430289	0.408896	0.403502	0.406825	0.405411	0.409177	0.415507	0.434911	0.434949	0.396985	0.402363	0.402923	0.432132	0.459201	0.45747	0.409391	0.416599	0.419109	0.41417	0.418598	0.414704	0.426543	0.42714	0.427337	0.45033	0.436034	0.433468	0.438274	0.435357	0.438057	0.432611	0.450766	0.449913	0.416076	0.421477	0.422145
ERR607629-k20-n1-x5e9	0.394015	0.32738	0.317208	0.298403	0.299309	0.295101	0.307443	0.389397	0.305052	0.312739	0.303329	0.308004	0.371761	0.36496	0.371004	0.350131	0.351513	0.354713	0.376387	0.383649	0.376772	0.513806	0.510503	0.508249	0.24161	0.230811	0	0.245915	0.246033	0.246615	0.351441	0.391282	0.395551	0.366672	0.368413	0.370214	0.480376	0.475416	0.483387	0.430745	0.43291	0.433666	0.401515	0.396183	0.403639	0.376658	0.378559	0.378151	0.439779	0.413397	0.404769	0.406576	0.405118	0.413493	0.318267	0.317708	0.321836	0.327101	0.326917	0.326088	0.430651	0.407952	0.402117	0.405152	0.403593	0.408582	0.414254	0.433297	0.433977	0.395401	0.400284	0.40086	0.430979	0.457749	0.456739	0.407843	0.414526	0.41709	0.413539	0.417322	0.414189	0.425928	0.425911	0.42591	0.45084	0.434918	0.432073	0.436665	0.434085	0.437333	0.431257	0.449119	0.449015	0.414548	0.419402	0.420019
ERR607630-k20-n1-x5e9	0.432162	0.353827	0.338978	0.312145	0.313524	0.307589	0.304018	0.428102	0.318288	0.296061	0.295611	0.29562	0.385993	0.35857	0.356325	0.34751	0.350421	0.356766	0.343915	0.348415	0.345652	0.463209	0.459978	0.457741	0.229895	0.246471	0.245915	0	0.228406	0.228546	0.359445	0.357166	0.360366	0.352769	0.354561	0.356903	0.500961	0.495393	0.503494	0.445865	0.448298	0.44887	0.407722	0.40068	0.409063	0.361429	0.364057	0.364244	0.464805	0.429762	0.416122	0.416743	0.414544	0.429601	0.314841	0.311591	0.316553	0.299947	0.300492	0.299692	0.45338	0.419647	0.408297	0.409258	0.406439	0.419721	0.398278	0.410937	0.411613	0.390315	0.392796	0.392574	0.405793	0.427199	0.426333	0.389893	0.394797	0.396485	0.413467	0.411119	0.408335	0.431402	0.429929	0.429663	0.463419	0.435701	0.427654	0.431576	0.428259	0.437768	0.416155	0.428154	0.428139	0.408107	0.411202	0.411067
ERR607631-k20-n1-x5e9	0.432736	0.354565	0.339636	0.312695	0.313941	0.308208	0.304584	0.429025	0.319104	0.296073	0.295876	0.295862	0.386903	0.359515	0.357164	0.348392	0.351267	0.357706	0.343914	0.348115	0.345894	0.462277	0.45897	0.456694	0.229796	0.246511	0.246033	0.228406	0	0.228314	0.359792	0.357091	0.360167	0.353376	0.355114	0.357454	0.50127	0.495716	0.503997	0.446345	0.448785	0.449451	0.407905	0.400709	0.409325	0.361189	0.363804	0.363844	0.46531	0.430317	0.416534	0.417066	0.414614	0.429992	0.315349	0.312168	0.31713	0.299979	0.30076	0.299667	0.453499	0.419894	0.408489	0.40949	0.406509	0.41997	0.397781	0.410409	0.41089	0.390039	0.392646	0.392316	0.405327	0.42671	0.425765	0.389666	0.394616	0.39631	0.413389	0.410979	0.408207	0.431687	0.430048	0.429772	0.463472	0.435822	0.427733	0.431687	0.428239	0.438001	0.415589	0.427701	0.427531	0.407902	0.410822	0.410812
ERR607632-k20-n1-x5e9	0.433449	0.354623	0.339598	0.312387	0.313772	0.307816	0.303816	0.429536	0.318689	0.295626	0.295298	0.295134	0.386344	0.358078	0.355493	0.347428	0.35031	0.356765	0.342566	0.347027	0.344489	0.461414	0.45813	0.455935	0.229903	0.247527	0.246615	0.228546	0.228314	0	0.360025	0.355997	0.359162	0.352384	0.354412	0.356497	0.501248	0.495886	0.504075	0.446281	0.448762	0.449283	0.407775	0.400615	0.409237	0.360806	0.363275	0.363552	0.466329	0.430984	0.41703	0.417723	0.415294	0.430643	0.315046	0.311726	0.3167	0.299243	0.299712	0.298901	0.454527	0.420606	0.409095	0.40998	0.407204	0.420663	0.398468	0.410892	0.411515	0.390535	0.393272	0.392905	0.405623	0.426753	0.425921	0.389924	0.39474	0.396385	0.413712	0.411301	0.408778	0.431921	0.430264	0.430068	0.464262	0.436129	0.428067	0.431778	0.428603	0.438317	0.416123	0.428	0.428064	0.408401	0.411277	0.411241
ERR605922-k20-n1-x5e9	0.39186	0.34861	0.346086	0.340838	0.340173	0.339831	0.352697	0.382297	0.338852	0.36182	0.352321	0.357422	0.357532	0.368435	0.379703	0.354709	0.353484	0.353291	0.387588	0.397825	0.385738	0.526352	0.523496	0.521257	0.358708	0.349477	0.351441	0.359445	0.359792	0.360025	0	0.34646	0.350988	0.294805	0.293856	0.294002	0.440895	0.436197	0.444544	0.39664	0.399014	0.399287	0.353331	0.350729	0.357015	0.348927	0.350086	0.348851	0.461104	0.447671	0.446717	0.448111	0.448198	0.447421	0.334014	0.336388	0.33826	0.365488	0.36425	0.364167	0.453295	0.445802	0.446937	0.449406	0.450247	0.445891	0.471162	0.483478	0.482606	0.461638	0.465832	0.466105	0.482215	0.501694	0.499076	0.469621	0.475285	0.476952	0.428041	0.435243	0.434144	0.427378	0.430307	0.43071	0.455335	0.452414	0.455311	0.458227	0.457272	0.453021	0.49316	0.504363	0.502717	0.486483	0.49004	0.48993
ERR605923-k20-n1-x5e9	0.513	0.429624	0.412283	0.386167	0.387389	0.382765	0.355107	0.506372	0.383163	0.342238	0.352206	0.346291	0.426512	0.373711	0.358294	0.373408	0.37727	0.386583	0.326465	0.32523	0.328402	0.40081	0.398079	0.39633	0.36183	0.391612	0.391282	0.357166	0.357091	0.355997	0.34646	0	0.24581	0.286582	0.286527	0.289596	0.539217	0.533655	0.540326	0.481878	0.484982	0.484968	0.428089	0.420485	0.427576	0.360374	0.363161	0.363834	0.533886	0.49157	0.475291	0.473167	0.470768	0.491246	0.367464	0.36185	0.363925	0.328328	0.328525	0.328642	0.520706	0.477012	0.461914	0.459238	0.456407	0.476756	0.439888	0.435286	0.437617	0.449474	0.4475	0.446061	0.431541	0.434149	0.435399	0.433114	0.432821	0.43243	0.441084	0.428713	0.431964	0.458697	0.455305	0.454211	0.5103	0.468996	0.454979	0.456995	0.453593	0.470149	0.463282	0.459312	0.461183	0.471977	0.470472	0.468464
ERR605924-k20-n1-x5e9	0.517418	0.434056	0.416392	0.390336	0.391469	0.387003	0.35832	0.51111	0.387325	0.34486	0.355214	0.349273	0.430772	0.376941	0.360766	0.377204	0.381167	0.390516	0.327442	0.325701	0.329773	0.397392	0.394533	0.392969	0.365152	0.395909	0.395551	0.360366	0.360167	0.359162	0.350988	0.24581	0	0.289933	0.289962	0.292924	0.542842	0.537292	0.544022	0.485514	0.488625	0.488635	0.432083	0.42438	0.431393	0.363456	0.36621	0.366995	0.537585	0.495092	0.4784	0.476353	0.47377	0.494772	0.370684	0.365078	0.367282	0.330116	0.330276	0.330732	0.524367	0.479964	0.464717	0.461927	0.458938	0.479957	0.441245	0.435959	0.438532	0.451641	0.44935	0.447726	0.432	0.433715	0.435102	0.434137	0.433533	0.433016	0.443899	0.430926	0.434365	0.461839	0.458293	0.457184	0.513715	0.471316	0.457107	0.458983	0.455587	0.472627	0.464516	0.459908	0.461933	0.473749	0.471996	0.469882
ERR605925-k20-n1-x5e9	0.44395	0.370344	0.358677	0.34387	0.343893	0.342615	0.338781	0.439163	0.345183	0.344691	0.343246	0.343589	0.364481	0.337566	0.33693	0.334458	0.335499	0.339413	0.341241	0.34819	0.337987	0.470074	0.467037	0.465154	0.355038	0.366678	0.366672	0.352769	0.353376	0.352384	0.294805	0.286582	0.289933	0	0.253572	0.25423	0.471719	0.465844	0.472296	0.416229	0.419423	0.419142	0.367008	0.361174	0.366032	0.328777	0.329824	0.329784	0.490201	0.457942	0.449053	0.448094	0.44763	0.457778	0.33017	0.328429	0.32763	0.332832	0.331508	0.332036	0.479907	0.450114	0.443575	0.443267	0.443478	0.450167	0.454183	0.457559	0.460003	0.45168	0.452588	0.452119	0.456349	0.467189	0.467999	0.448085	0.450631	0.451214	0.42698	0.424275	0.428544	0.43009	0.429755	0.429371	0.472022	0.445722	0.440817	0.442955	0.441568	0.446568	0.478772	0.481762	0.48338	0.477692	0.478796	0.477483
ERR605926-k20-n1-x5e9	0.444989	0.37284	0.36149	0.346365	0.346418	0.344999	0.341667	0.439416	0.347346	0.346994	0.345763	0.346101	0.36505	0.33921	0.338841	0.335338	0.336287	0.34022	0.343137	0.350255	0.340126	0.470965	0.467941	0.466107	0.357075	0.367999	0.368413	0.354561	0.355114	0.354412	0.293856	0.286527	0.289962	0.253572	0	0.252123	0.473052	0.467347	0.473834	0.418453	0.421602	0.42163	0.368777	0.363395	0.368138	0.331514	0.332967	0.332425	0.491755	0.460103	0.451482	0.450619	0.45008	0.459784	0.331584	0.329771	0.329404	0.334785	0.333291	0.334114	0.481543	0.452441	0.446002	0.445791	0.445896	0.452208	0.457025	0.460483	0.462523	0.454714	0.455989	0.455511	0.458919	0.469742	0.470223	0.450815	0.453827	0.45459	0.430206	0.427463	0.431458	0.433449	0.433533	0.433205	0.474039	0.448261	0.443371	0.445684	0.444289	0.448782	0.481561	0.484609	0.485862	0.480584	0.48206	0.480698
ERR605927-k20-n1-x5e9	0.442718	0.371173	0.360306	0.346298	0.346227	0.345202	0.342797	0.437744	0.34754	0.349413	0.347667	0.348257	0.363034	0.338343	0.338847	0.334857	0.335526	0.339183	0.345017	0.35217	0.341417	0.473904	0.470869	0.468962	0.359124	0.369531	0.370214	0.356903	0.357454	0.356497	0.294002	0.289596	0.292924	0.25423	0.252123	0	0.469616	0.463743	0.470216	0.41493	0.418138	0.418151	0.365996	0.360835	0.365402	0.33068	0.331819	0.331636	0.490806	0.459448	0.451241	0.450479	0.449993	0.459425	0.331521	0.330182	0.329107	0.336886	0.33553	0.335965	0.480895	0.452195	0.446413	0.446222	0.446481	0.452179	0.458884	0.462248	0.464578	0.456277	0.45732	0.456933	0.460737	0.471434	0.472026	0.452581	0.455293	0.455997	0.430599	0.428509	0.432579	0.432866	0.432963	0.432643	0.472861	0.447765	0.443168	0.445447	0.444289	0.448416	0.483187	0.486177	0.487565	0.482112	0.48343	0.482096
ERR607573-k20-n1-x5e9	0.378633	0.399527	0.41395	0.438329	0.437122	0.443357	0.490887	0.40693	0.461755	0.512839	0.500449	0.507107	0.399117	0.453433	0.477142	0.449388	0.444166	0.434403	0.512624	0.525222	0.50494	0.649906	0.647479	0.645762	0.498909	0.479732	0.480376	0.500961	0.50127	0.501248	0.440895	0.539217	0.542842	0.471719	0.473052	0.469616	0	0.297789	0.299055	0.312452	0.311173	0.311324	0.386943	0.392227	0.387513	0.446006	0.443574	0.442312	0.499713	0.512281	0.52402	0.525493	0.52897	0.512695	0.43344	0.439939	0.434729	0.497719	0.495407	0.495267	0.503622	0.523006	0.536798	0.539454	0.544313	0.524447	0.586672	0.598215	0.59924	0.573095	0.576074	0.576772	0.59593	0.612953	0.612419	0.581387	0.585356	0.587097	0.538576	0.553232	0.557358	0.512663	0.516219	0.518547	0.495318	0.518463	0.534353	0.534448	0.538045	0.518981	0.603774	0.613496	0.613524	0.594431	0.597089	0.597115
ERR607574-k20-n1-x5e9	0.376653	0.394049	0.407699	0.432107	0.430935	0.437246	0.485082	0.404963	0.45624	0.507237	0.494827	0.501453	0.393905	0.446794	0.470394	0.443286	0.437969	0.428381	0.506249	0.518839	0.497973	0.644749	0.642313	0.640464	0.493526	0.474945	0.475416	0.495393	0.495716	0.495886	0.436197	0.533655	0.537292	0.465844	0.467347	0.463743	0.297789	0	0.297907	0.307519	0.305988	0.306389	0.382296	0.386841	0.382492	0.439559	0.437039	0.435804	0.496432	0.50764	0.519346	0.520547	0.523947	0.508141	0.427386	0.433588	0.428457	0.49131	0.489273	0.488857	0.499696	0.518295	0.531784	0.534247	0.539271	0.51963	0.581827	0.593251	0.594265	0.568325	0.571061	0.571889	0.59114	0.608033	0.607596	0.576586	0.580381	0.582053	0.533722	0.548207	0.552529	0.50771	0.511339	0.513418	0.491278	0.513258	0.529159	0.529051	0.53261	0.513914	0.598903	0.608609	0.608657	0.589652	0.592366	0.592359
ERR607575-k20-n1-x5e9	0.381419	0.399605	0.413772	0.438625	0.437502	0.443957	0.491941	0.410725	0.462893	0.514756	0.502424	0.509036	0.399656	0.452267	0.475974	0.449755	0.444396	0.434455	0.513603	0.526087	0.505272	0.651506	0.648928	0.647189	0.501679	0.483045	0.483387	0.503494	0.503997	0.504075	0.444544	0.540326	0.544022	0.472296	0.473834	0.470216	0.299055	0.297907	0	0.311129	0.31003	0.31074	0.388031	0.393004	0.387412	0.446743	0.44419	0.442744	0.5033	0.514144	0.525931	0.52709	0.530585	0.514986	0.435038	0.441621	0.435664	0.499176	0.497031	0.496747	0.507105	0.525262	0.538727	0.541282	0.546312	0.526572	0.589373	0.600507	0.601913	0.575706	0.578269	0.578927	0.598891	0.615259	0.61527	0.583979	0.587646	0.58936	0.541264	0.555656	0.560356	0.514607	0.518075	0.520195	0.498821	0.520225	0.536152	0.535909	0.539762	0.520945	0.606665	0.616093	0.616537	0.597213	0.599592	0.599609
ERR607576-k20-n1-x5e9	0.367655	0.356758	0.366361	0.386155	0.385148	0.390875	0.436372	0.394445	0.411893	0.457571	0.446406	0.452408	0.356449	0.398084	0.419733	0.396194	0.391106	0.382649	0.45344	0.465834	0.445094	0.596477	0.593778	0.591939	0.444604	0.430811	0.430745	0.445865	0.446345	0.446281	0.39664	0.481878	0.485514	0.416229	0.418453	0.41493	0.312452	0.307519	0.311129	0	0.281413	0.281087	0.345585	0.348127	0.344811	0.389867	0.387486	0.386202	0.476245	0.476564	0.484693	0.485206	0.488407	0.477265	0.37862	0.383939	0.378563	0.438106	0.436086	0.435744	0.476355	0.484401	0.494818	0.496765	0.50118	0.485663	0.540409	0.550528	0.552068	0.528553	0.530703	0.531115	0.547958	0.564191	0.564222	0.53402	0.537351	0.538901	0.496285	0.508418	0.513458	0.473639	0.476049	0.477654	0.465014	0.477194	0.490387	0.490261	0.493397	0.478023	0.55902	0.567582	0.568172	0.551091	0.55302	0.552792
ERR607577-k20-n1-x5e9	0.367557	0.358523	0.368298	0.388328	0.387577	0.392968	0.439219	0.395224	0.4145	0.460207	0.449121	0.455096	0.35811	0.400538	0.422485	0.398274	0.393414	0.384948	0.456537	0.468785	0.448279	0.599155	0.596443	0.59456	0.447062	0.43299	0.43291	0.448298	0.448785	0.448762	0.399014	0.484982	0.488625	0.419423	0.421602	0.418138	0.311173	0.305988	0.31003	0.281413	0	0.28167	0.347236	0.349683	0.345786	0.392422	0.389932	0.388764	0.476764	0.478057	0.486412	0.486903	0.489958	0.478699	0.381051	0.386626	0.38132	0.441084	0.438989	0.438677	0.477573	0.485928	0.49669	0.498498	0.502985	0.487253	0.542187	0.552535	0.554127	0.530453	0.532447	0.532904	0.550007	0.566178	0.566321	0.536019	0.539323	0.540918	0.498104	0.510382	0.515347	0.475269	0.477665	0.479436	0.466058	0.478617	0.492301	0.492059	0.495383	0.479667	0.560943	0.569563	0.570105	0.552853	0.554796	0.554544
ERR607578-k20-n1-x5e9	0.36778	0.358572	0.368634	0.388856	0.387753	0.393592	0.438928	0.39503	0.414384	0.460214	0.448917	0.45501	0.358491	0.400747	0.422596	0.398907	0.394115	0.385546	0.45647	0.468724	0.447931	0.599133	0.596498	0.594578	0.447599	0.433766	0.433666	0.44887	0.449451	0.449283	0.399287	0.484968	0.488635	0.419142	0.42163	0.418151	0.311324	0.306389	0.31074	0.281087	0.28167	0	0.347169	0.349494	0.34618	0.392325	0.390008	0.388774	0.477291	0.478233	0.486788	0.487216	0.490335	0.479164	0.381359	0.386805	0.381406	0.441267	0.439218	0.4389	0.477618	0.486082	0.496689	0.498571	0.503161	0.487345	0.542609	0.552775	0.554377	0.530704	0.532776	0.533347	0.550152	0.566365	0.56644	0.536138	0.539554	0.541031	0.498242	0.510694	0.515576	0.475515	0.477594	0.479632	0.466475	0.47884	0.492529	0.492255	0.495686	0.479991	0.560913	0.569565	0.570197	0.5529	0.554986	0.55458
ERR608167-k20-n1-x5e9	0.381887	0.348778	0.35206	0.360361	0.359475	0.363624	0.406635	0.411347	0.391317	0.420355	0.413087	0.416734	0.338276	0.363486	0.381544	0.359801	0.35652	0.351395	0.399496	0.41208	0.392264	0.54672	0.543949	0.541866	0.406959	0.400366	0.401515	0.407722	0.407905	0.407775	0.353331	0.428089	0.432083	0.367008	0.368777	0.365996	0.386943	0.382296	0.388031	0.345585	0.347236	0.347169	0	0.26606	0.266445	0.296858	0.294826	0.293858	0.476283	0.467519	0.471087	0.471443	0.473227	0.467667	0.341154	0.345315	0.341899	0.392581	0.390821	0.390588	0.477048	0.474945	0.48126	0.482331	0.485719	0.475902	0.512231	0.520866	0.520956	0.505496	0.507299	0.50765	0.517312	0.532361	0.531354	0.507066	0.510411	0.511817	0.462972	0.472882	0.476601	0.446958	0.448834	0.450348	0.459176	0.462119	0.471627	0.471743	0.473883	0.462872	0.534389	0.541344	0.541078	0.530343	0.532377	0.53169
