	ERR608203-k20-n1-x5e9	ERR608204-k20-n1-x5e9	ERR608205-k20-n1-x5e9	ERR608206-k20-n1-x5e9	ERR608207-k20-n1-x5e9	ERR608208-k20-n1-x5e9	ERR609247-k20-n1-x5e9	ERR609248-k20-n1-x5e9	ERR609249-k20-n1-x5e9	ERR609250-k20-n1-x5e9	ERR609251-k20-n1-x5e9	ERR609252-k20-n1-x5e9	ERR609057-k20-n1-x5e9	ERR609058-k20-n1-x5e9	ERR609059-k20-n1-x5e9	ERR609060-k20-n1-x5e9	ERR609061-k20-n1-x5e9	ERR609062-k20-n1-x5e9	ERR610037-k20-n1-x5e9	ERR610038-k20-n1-x5e9	ERR610039-k20-n1-x5e9	ERR610040-k20-n1-x5e9	ERR610041-k20-n1-x5e9	ERR610042-k20-n1-x5e9	ERR605473-k20-n1-x5e9	ERR605474-k20-n1-x5e9	ERR605475-k20-n1-x5e9	ERR605476-k20-n1-x5e9	ERR605477-k20-n1-x5e9	ERR605478-k20-n1-x5e9	ERR608841-k20-n1-x5e9	ERR608842-k20-n1-x5e9	ERR608843-k20-n1-x5e9	ERR608844-k20-n1-x5e9	ERR608845-k20-n1-x5e9	ERR608846-k20-n1-x5e9	ERR606042-k20-n1-x5e9	ERR606043-k20-n1-x5e9	ERR606044-k20-n1-x5e9	ERR606045-k20-n1-x5e9	ERR606046-k20-n1-x5e9	ERR606047-k20-n1-x5e9	ERR608069-k20-n1-x5e9	ERR608070-k20-n1-x5e9	ERR608071-k20-n1-x5e9	ERR608072-k20-n1-x5e9	ERR608073-k20-n1-x5e9	ERR608074-k20-n1-x5e9	ERR605533-k20-n1-x5e9	ERR605534-k20-n1-x5e9	ERR605535-k20-n1-x5e9	ERR605536-k20-n1-x5e9	ERR605537-k20-n1-x5e9	ERR605538-k20-n1-x5e9	ERR607925-k20-n1-x5e9	ERR607926-k20-n1-x5e9	ERR607927-k20-n1-x5e9	ERR607928-k20-n1-x5e9	ERR607929-k20-n1-x5e9	ERR607930-k20-n1-x5e9	ERR607989-k20-n1-x5e9	ERR607990-k20-n1-x5e9	ERR607991-k20-n1-x5e9	ERR607992-k20-n1-x5e9	ERR607993-k20-n1-x5e9	ERR607994-k20-n1-x5e9	ERR608149-k20-n1-x5e9	ERR608150-k20-n1-x5e9	ERR608151-k20-n1-x5e9	ERR608152-k20-n1-x5e9	ERR608153-k20-n1-x5e9	ERR608154-k20-n1-x5e9	ERR606654-k20-n1-x5e9	ERR606655-k20-n1-x5e9	ERR606656-k20-n1-x5e9	ERR606657-k20-n1-x5e9	ERR606658-k20-n1-x5e9	ERR606659-k20-n1-x5e9	ERR608567-k20-n1-x5e9	ERR608568-k20-n1-x5e9	ERR608569-k20-n1-x5e9	ERR608570-k20-n1-x5e9	ERR608571-k20-n1-x5e9	ERR608572-k20-n1-x5e9	ERR605617-k20-n1-x5e9	ERR605618-k20-n1-x5e9	ERR605619-k20-n1-x5e9	ERR605620-k20-n1-x5e9	ERR605621-k20-n1-x5e9	ERR605622-k20-n1-x5e9	ERR605988-k20-n1-x5e9	ERR605989-k20-n1-x5e9	ERR605990-k20-n1-x5e9	ERR605991-k20-n1-x5e9	ERR605992-k20-n1-x5e9	ERR605993-k20-n1-x5e9
ERR608203-k20-n1-x5e9	0	0.276996	0.297737	0.331033	0.331069	0.328155	0.383175	0.383295	0.38098	0.352689	0.393293	0.392864	0.340723	0.434681	0.35026	0.334859	0.336631	0.339682	0.441347	0.380988	0.604258	0.387558	0.418976	0.417455	0.378632	0.376302	0.377091	0.375232	0.376587	0.375563	0.436368	0.370605	0.364164	0.369141	0.370358	0.37127	0.524524	0.409719	0.407006	0.474511	0.466219	0.471392	0.324584	0.325841	0.323143	0.352916	0.350917	0.351425	0.519172	0.523356	0.530922	0.527461	0.525872	0.527994	0.622669	0.548429	0.757717	0.580766	0.573401	0.575216	0.490504	0.471118	0.641422	0.473751	0.472027	0.472261	0.492203	0.462535	0.458839	0.457291	0.457472	0.463006	0.656729	0.525546	0.526256	0.565579	0.538478	0.544236	0.523169	0.489668	0.485182	0.485295	0.485557	0.491131	0.447872	0.446218	0.446946	0.445136	0.458436	0.456621	0.513953	0.451395	0.451569	0.473444	0.472694	0.472708
ERR608204-k20-n1-x5e9	0.276996	0	0.251593	0.275375	0.275622	0.273091	0.360547	0.362743	0.367248	0.350104	0.370185	0.370431	0.368666	0.49568	0.387108	0.355333	0.357046	0.36764	0.499531	0.391487	0.657733	0.388131	0.446187	0.443921	0.381488	0.385932	0.395096	0.386002	0.385497	0.386016	0.491127	0.404559	0.392031	0.406016	0.407596	0.408535	0.579746	0.457837	0.453172	0.531464	0.522991	0.528414	0.337018	0.33368	0.334623	0.331171	0.329841	0.330271	0.54198	0.549998	0.560479	0.553753	0.551588	0.55444	0.659651	0.579365	0.78994	0.617039	0.609105	0.611	0.501517	0.463883	0.683535	0.476108	0.472159	0.472797	0.526435	0.4814	0.470014	0.467213	0.466274	0.482606	0.68634	0.530583	0.533343	0.591847	0.550829	0.560078	0.556135	0.509978	0.498738	0.500687	0.502172	0.51179	0.45108	0.457069	0.459657	0.459128	0.47694	0.475696	0.555107	0.460927	0.45926	0.50419	0.5035	0.50419
ERR608205-k20-n1-x5e9	0.297737	0.251593	0	0.261178	0.26114	0.259481	0.358675	0.361496	0.368879	0.357946	0.367606	0.36805	0.387203	0.52193	0.407894	0.372263	0.373506	0.385873	0.524252	0.40196	0.6794	0.394705	0.460482	0.457807	0.390574	0.397137	0.408797	0.397535	0.396439	0.397587	0.515166	0.424425	0.410457	0.426808	0.428303	0.429358	0.602667	0.480934	0.475795	0.556018	0.547641	0.553197	0.351512	0.346766	0.349039	0.332608	0.331644	0.332078	0.554994	0.564263	0.575672	0.567927	0.565519	0.568681	0.675757	0.594343	0.804119	0.633368	0.625452	0.627202	0.510062	0.466399	0.702015	0.482246	0.477467	0.478214	0.543892	0.494732	0.480639	0.477791	0.47604	0.496003	0.699296	0.536596	0.540097	0.605043	0.559272	0.56974	0.572539	0.523159	0.509679	0.512345	0.514085	0.525089	0.457941	0.466905	0.470057	0.470467	0.488463	0.487749	0.573569	0.470831	0.468587	0.520862	0.520158	0.521106
ERR608206-k20-n1-x5e9	0.331033	0.275375	0.261178	0	0.241563	0.241874	0.349775	0.351734	0.359521	0.367267	0.354848	0.355671	0.411002	0.55652	0.430235	0.395393	0.395998	0.40714	0.552122	0.404384	0.704255	0.390125	0.459723	0.456969	0.396092	0.405545	0.421035	0.407959	0.404995	0.407661	0.536901	0.444267	0.430274	0.44852	0.450029	0.450763	0.626464	0.510669	0.505201	0.587698	0.579319	0.585285	0.369861	0.364201	0.37033	0.334685	0.334983	0.33495	0.574087	0.584119	0.596506	0.588383	0.585264	0.589201	0.686511	0.606317	0.819969	0.646971	0.639323	0.641067	0.508008	0.461705	0.724644	0.481891	0.47648	0.477448	0.559525	0.508696	0.491429	0.489132	0.486125	0.509602	0.703101	0.534029	0.53875	0.613534	0.558775	0.571011	0.588601	0.538516	0.52259	0.527595	0.529369	0.540141	0.465775	0.477669	0.482032	0.485924	0.495934	0.496734	0.594997	0.490055	0.487624	0.547242	0.546154	0.547714
ERR608207-k20-n1-x5e9	0.331069	0.275622	0.26114	0.241563	0	0.241723	0.348894	0.350957	0.358819	0.36681	0.354058	0.354831	0.410663	0.556431	0.429965	0.394952	0.39548	0.406736	0.551939	0.403664	0.704154	0.389269	0.459019	0.456151	0.395281	0.404816	0.420356	0.407329	0.404123	0.407054	0.536746	0.443958	0.429966	0.448226	0.449678	0.450455	0.626295	0.510553	0.504958	0.587492	0.579136	0.585087	0.369732	0.364086	0.370268	0.334322	0.334639	0.334643	0.574183	0.58427	0.596731	0.588484	0.585431	0.58926	0.686156	0.605844	0.819853	0.64662	0.639049	0.64069	0.507185	0.460925	0.724476	0.4811	0.475685	0.476535	0.559185	0.508284	0.490916	0.48865	0.485681	0.509183	0.70263	0.533323	0.53817	0.612959	0.558026	0.570326	0.588275	0.538184	0.522155	0.527216	0.529045	0.539771	0.465476	0.477478	0.481849	0.485674	0.49562	0.496385	0.595192	0.490211	0.487805	0.547412	0.546344	0.547794
ERR608208-k20-n1-x5e9	0.328155	0.273091	0.259481	0.241874	0.241723	0	0.349381	0.35139	0.359017	0.365787	0.354727	0.355498	0.408842	0.55401	0.42808	0.393166	0.393658	0.40512	0.549631	0.40292	0.702247	0.389203	0.458464	0.45576	0.394849	0.40397	0.419261	0.406301	0.403411	0.406013	0.534644	0.442028	0.427992	0.446127	0.447595	0.448363	0.624329	0.508205	0.502655	0.585093	0.576742	0.582828	0.367381	0.362005	0.368043	0.333192	0.333459	0.333432	0.572353	0.582384	0.594698	0.586517	0.583441	0.587446	0.685062	0.604568	0.818563	0.645277	0.637623	0.639298	0.507008	0.460945	0.722753	0.480826	0.475409	0.476341	0.557566	0.506659	0.48971	0.487334	0.484453	0.507725	0.701971	0.533239	0.538056	0.612125	0.55785	0.570073	0.586646	0.53667	0.520875	0.525631	0.52745	0.538193	0.464427	0.476179	0.48033	0.484082	0.494505	0.495319	0.59295	0.488229	0.485749	0.545084	0.544018	0.545511
ERR609247-k20-n1-x5e9	0.383175	0.360547	0.358675	0.349775	0.348894	0.349381	0	0.239907	0.243384	0.260931	0.247614	0.247746	0.378431	0.526359	0.393535	0.366249	0.365703	0.374407	0.503288	0.34115	0.666703	0.328584	0.395659	0.392383	0.357445	0.365377	0.378016	0.36769	0.364667	0.36707	0.490293	0.398899	0.386854	0.405026	0.405792	0.406601	0.587673	0.4742	0.468484	0.554962	0.545875	0.552442	0.358554	0.35418	0.361095	0.335404	0.335586	0.335338	0.552706	0.561691	0.572974	0.56635	0.563093	0.567312	0.649036	0.568701	0.795692	0.610426	0.602668	0.604584	0.452223	0.420565	0.689834	0.43325	0.429437	0.430041	0.519753	0.47221	0.456057	0.45569	0.452262	0.473167	0.647245	0.476037	0.480528	0.557801	0.499218	0.511823	0.551045	0.503642	0.488303	0.495073	0.496156	0.505338	0.433735	0.443733	0.447056	0.452932	0.457283	0.45869	0.570803	0.480872	0.47921	0.533306	0.532324	0.534125
ERR609248-k20-n1-x5e9	0.383295	0.362743	0.361496	0.351734	0.350957	0.35139	0.239907	0	0.241635	0.260765	0.247097	0.247115	0.377211	0.524934	0.391403	0.365427	0.364644	0.372532	0.500846	0.338082	0.66461	0.32569	0.390681	0.387442	0.355988	0.363628	0.376118	0.366113	0.362834	0.365664	0.487268	0.396893	0.384919	0.402956	0.403457	0.404261	0.585109	0.472472	0.466692	0.553292	0.54408	0.550446	0.35868	0.354556	0.361513	0.336797	0.33708	0.336857	0.552456	0.561175	0.572487	0.565997	0.562681	0.567031	0.646597	0.566463	0.794615	0.6082	0.600508	0.602414	0.449089	0.41918	0.688315	0.431301	0.427479	0.42816	0.517297	0.470791	0.454672	0.454618	0.451228	0.471519	0.644053	0.473473	0.47784	0.554919	0.496197	0.508789	0.549172	0.502504	0.487261	0.49427	0.495196	0.504013	0.432944	0.442637	0.44588	0.45227	0.454964	0.456466	0.569557	0.481703	0.4801	0.533464	0.532264	0.534034
ERR609249-k20-n1-x5e9	0.38098	0.367248	0.368879	0.359521	0.358819	0.359017	0.243384	0.241635	0	0.258165	0.250296	0.250087	0.369372	0.51492	0.380934	0.359376	0.358275	0.364416	0.489028	0.329282	0.654202	0.31875	0.376393	0.373394	0.352228	0.358103	0.368941	0.360784	0.357631	0.359978	0.472165	0.384381	0.373966	0.390875	0.391104	0.391924	0.572161	0.462	0.45652	0.542674	0.533477	0.539913	0.355779	0.352319	0.359386	0.339315	0.339576	0.339231	0.549441	0.55741	0.568085	0.562359	0.559127	0.563342	0.635727	0.556904	0.787809	0.598304	0.590623	0.5925	0.438797	0.415718	0.679095	0.42484	0.421957	0.422433	0.506133	0.462511	0.447811	0.448215	0.44486	0.463226	0.631448	0.466338	0.470278	0.544236	0.486852	0.498841	0.539512	0.495305	0.481157	0.488228	0.489038	0.496718	0.430422	0.438542	0.441377	0.448035	0.447655	0.44954	0.561486	0.481352	0.480234	0.530034	0.528688	0.530582
ERR609250-k20-n1-x5e9	0.352689	0.350104	0.357946	0.367267	0.36681	0.365787	0.260931	0.260765	0.258165	0	0.273178	0.272466	0.335213	0.471891	0.347691	0.326091	0.325816	0.332859	0.452352	0.321309	0.624093	0.32157	0.37145	0.368555	0.341101	0.343276	0.3498	0.344265	0.343228	0.343869	0.442053	0.355355	0.34524	0.359239	0.359794	0.360891	0.538821	0.420061	0.414659	0.501421	0.491681	0.497766	0.34069	0.338155	0.341633	0.340797	0.340257	0.339974	0.528958	0.535917	0.545587	0.54062	0.53808	0.541631	0.620847	0.54019	0.768955	0.579968	0.572169	0.574022	0.436012	0.418472	0.650307	0.420946	0.419054	0.419358	0.483694	0.441525	0.430178	0.43017	0.428025	0.442779	0.619723	0.462702	0.464611	0.526152	0.479573	0.488975	0.517058	0.47365	0.461745	0.466752	0.467465	0.475147	0.417419	0.422206	0.424016	0.427573	0.434679	0.434906	0.536974	0.460198	0.45926	0.501346	0.500752	0.501795
ERR609251-k20-n1-x5e9	0.393293	0.370185	0.367606	0.354848	0.354058	0.354727	0.247614	0.247097	0.250296	0.273178	0	0.242797	0.390205	0.536951	0.404281	0.378365	0.377452	0.385263	0.51269	0.348755	0.67372	0.334373	0.40042	0.39706	0.364915	0.373059	0.386187	0.375664	0.372123	0.375027	0.498803	0.409398	0.397483	0.415601	0.415998	0.416859	0.595648	0.484905	0.479309	0.564656	0.555721	0.562046	0.366778	0.362429	0.369772	0.341448	0.342183	0.341948	0.559179	0.568249	0.579613	0.572917	0.569551	0.573789	0.653511	0.574397	0.800527	0.615987	0.608231	0.610154	0.456931	0.425107	0.697078	0.438725	0.43475	0.435425	0.52682	0.480242	0.463884	0.463784	0.46013	0.4808	0.651576	0.480574	0.485514	0.564055	0.504246	0.517181	0.55804	0.511385	0.496011	0.503034	0.50399	0.512864	0.440776	0.451113	0.454515	0.460784	0.46332	0.464877	0.577389	0.488542	0.486856	0.541418	0.540045	0.542014
ERR609252-k20-n1-x5e9	0.392864	0.370431	0.36805	0.355671	0.354831	0.355498	0.247746	0.247115	0.250087	0.272466	0.242797	0	0.389263	0.535713	0.403285	0.377429	0.376493	0.384253	0.51113	0.347358	0.67247	0.333336	0.398882	0.395404	0.364478	0.372494	0.385349	0.374993	0.371718	0.374547	0.497332	0.407988	0.396358	0.414139	0.414756	0.415581	0.594456	0.483773	0.478174	0.563485	0.554576	0.56098	0.366357	0.361999	0.369313	0.341839	0.34236	0.342059	0.558259	0.567282	0.578585	0.572001	0.568609	0.572912	0.652437	0.573234	0.799618	0.614691	0.60697	0.608871	0.455693	0.424395	0.695878	0.437717	0.433761	0.434462	0.525524	0.478998	0.462786	0.462748	0.459064	0.479722	0.650322	0.479764	0.484451	0.562625	0.503047	0.515852	0.556724	0.510389	0.494959	0.501948	0.502986	0.511652	0.439962	0.450106	0.453395	0.459898	0.462087	0.463636	0.576028	0.487893	0.486323	0.540382	0.539103	0.540972
ERR609057-k20-n1-x5e9	0.340723	0.368666	0.387203	0.411002	0.410663	0.408842	0.378431	0.377211	0.369372	0.335213	0.390205	0.389263	0	0.364118	0.252215	0.249496	0.248474	0.248815	0.383819	0.327379	0.562887	0.345169	0.356412	0.355246	0.33721	0.330333	0.325637	0.329693	0.331855	0.329402	0.375018	0.313221	0.310288	0.31262	0.312981	0.31456	0.456998	0.339448	0.33537	0.415528	0.406063	0.411654	0.349822	0.350924	0.350047	0.37834	0.376522	0.376926	0.522015	0.524667	0.530696	0.529432	0.527771	0.530285	0.588553	0.516292	0.737638	0.548877	0.542122	0.543813	0.440251	0.447176	0.600955	0.435324	0.436901	0.436368	0.453261	0.4285	0.427109	0.428196	0.428254	0.430015	0.585417	0.472074	0.470538	0.498122	0.476364	0.478623	0.489615	0.460114	0.456696	0.459385	0.45879	0.462501	0.431203	0.427328	0.427375	0.42803	0.432932	0.4325	0.512928	0.472143	0.472644	0.488701	0.488981	0.48879
ERR609058-k20-n1-x5e9	0.434681	0.49568	0.52193	0.55652	0.556431	0.55401	0.526359	0.524934	0.51492	0.471891	0.536951	0.535713	0.364118	0	0.347607	0.380587	0.381291	0.370366	0.320959	0.457115	0.450818	0.484643	0.45117	0.452589	0.466333	0.45147	0.433106	0.448509	0.453319	0.448922	0.346555	0.391547	0.403093	0.382443	0.382138	0.382364	0.360067	0.335209	0.339426	0.321937	0.320855	0.320268	0.455422	0.46146	0.454447	0.514295	0.511872	0.512375	0.547088	0.54083	0.537119	0.544768	0.545271	0.545164	0.562661	0.529297	0.687121	0.533506	0.530134	0.531569	0.527759	0.556244	0.521581	0.534085	0.538595	0.537449	0.471855	0.493257	0.507354	0.509154	0.512443	0.493267	0.578155	0.561041	0.555788	0.52229	0.550595	0.54331	0.497552	0.51047	0.523678	0.519363	0.517182	0.512273	0.524012	0.508149	0.50458	0.500161	0.503971	0.501087	0.492967	0.533658	0.536283	0.501686	0.503081	0.500715
ERR609059-k20-n1-x5e9	0.35026	0.387108	0.407894	0.430235	0.429965	0.42808	0.393535	0.391403	0.380934	0.347691	0.404281	0.403285	0.252215	0.347607	0	0.259359	0.258082	0.252361	0.365814	0.331091	0.545028	0.351751	0.345674	0.345679	0.346554	0.337341	0.329163	0.336885	0.338859	0.336365	0.354456	0.307318	0.308948	0.306137	0.306323	0.307311	0.435773	0.329372	0.326326	0.399316	0.390004	0.395253	0.360087	0.362294	0.361347	0.394581	0.392787	0.393159	0.522202	0.523164	0.527823	0.528328	0.526727	0.529014	0.574141	0.50674	0.727959	0.536675	0.530351	0.532016	0.436653	0.453047	0.587382	0.437633	0.440342	0.439503	0.442116	0.426533	0.427995	0.429726	0.430203	0.427421	0.569369	0.471483	0.468929	0.487185	0.471513	0.471982	0.479668	0.45797	0.457324	0.459543	0.458687	0.45984	0.436572	0.430049	0.429443	0.430773	0.430104	0.429879	0.503185	0.478482	0.479607	0.488103	0.487915	0.487639
ERR609060-k20-n1-x5e9	0.334859	0.355333	0.372263	0.395393	0.394952	0.393166	0.366249	0.365427	0.359376	0.326091	0.378365	0.377429	0.249496	0.380587	0.259359	0	0.244464	0.248548	0.399091	0.324479	0.577424	0.339026	0.360516	0.359279	0.330499	0.325527	0.323503	0.32492	0.326522	0.324767	0.390979	0.320392	0.315412	0.320827	0.321283	0.322551	0.473996	0.351978	0.347256	0.431473	0.421501	0.427151	0.343123	0.343604	0.343194	0.3663	0.364319	0.36475	0.522049	0.525774	0.532731	0.530487	0.528648	0.531307	0.598465	0.523236	0.745389	0.557645	0.550492	0.552212	0.442102	0.442731	0.612977	0.433613	0.434578	0.434191	0.461493	0.431404	0.427459	0.42782	0.427575	0.432693	0.596255	0.471654	0.470741	0.50597	0.47892	0.482653	0.496747	0.462996	0.457492	0.460154	0.460195	0.464959	0.426546	0.424403	0.424936	0.425855	0.433079	0.432623	0.519199	0.467718	0.467911	0.490197	0.489987	0.490024
ERR609061-k20-n1-x5e9	0.336631	0.357046	0.373506	0.395998	0.39548	0.393658	0.365703	0.364644	0.358275	0.325816	0.377452	0.376493	0.248474	0.381291	0.258082	0.244464	0	0.247631	0.398917	0.322162	0.577204	0.336549	0.357272	0.356119	0.329554	0.324851	0.322683	0.324444	0.325765	0.32407	0.389506	0.318658	0.31345	0.319209	0.319728	0.320799	0.473073	0.351737	0.346618	0.431412	0.421562	0.427091	0.344379	0.344649	0.344584	0.366907	0.365108	0.365456	0.522699	0.526362	0.533343	0.531029	0.529181	0.532012	0.597409	0.522304	0.74519	0.556648	0.549637	0.551285	0.439162	0.440816	0.612417	0.431181	0.432263	0.431798	0.459946	0.429917	0.426004	0.426393	0.426168	0.431239	0.59343	0.469236	0.468279	0.503776	0.47627	0.479945	0.495683	0.462052	0.456376	0.459232	0.459334	0.464001	0.425957	0.424056	0.424282	0.425409	0.432	0.431488	0.519497	0.468692	0.468953	0.49132	0.491165	0.49104
ERR609062-k20-n1-x5e9	0.339682	0.36764	0.385873	0.40714	0.406736	0.40512	0.374407	0.372532	0.364416	0.332859	0.385263	0.384253	0.248815	0.370366	0.252361	0.248548	0.247631	0	0.386672	0.321858	0.56583	0.338959	0.346499	0.34574	0.33311	0.326314	0.322265	0.326191	0.327595	0.325743	0.376229	0.313997	0.311565	0.313811	0.314251	0.315238	0.459355	0.343278	0.339109	0.419993	0.409861	0.415456	0.348531	0.349755	0.349698	0.375819	0.374382	0.374617	0.521992	0.524521	0.530866	0.529607	0.5277	0.530335	0.587735	0.515342	0.739254	0.548149	0.54136	0.543018	0.436364	0.444401	0.604655	0.432341	0.43411	0.433474	0.452555	0.428352	0.426284	0.427409	0.427315	0.42909	0.582994	0.468073	0.466321	0.495862	0.472002	0.474532	0.489442	0.460336	0.456673	0.459432	0.459163	0.461904	0.428365	0.424413	0.424926	0.426291	0.428188	0.428006	0.512558	0.471937	0.472722	0.489605	0.48898	0.48897
ERR610037-k20-n1-x5e9	0.441347	0.499531	0.524252	0.552122	0.551939	0.549631	0.503288	0.500846	0.489028	0.452352	0.51269	0.51113	0.383819	0.320959	0.365814	0.399091	0.398917	0.386672	0	0.395649	0.423369	0.424431	0.376714	0.378532	0.451381	0.43675	0.41876	0.434512	0.438635	0.434957	0.335265	0.375046	0.38691	0.368467	0.367439	0.367444	0.377118	0.354994	0.358207	0.355908	0.352284	0.353499	0.45017	0.456044	0.450742	0.505051	0.503246	0.503681	0.530407	0.523997	0.520753	0.528949	0.529028	0.529485	0.538139	0.506954	0.683941	0.512671	0.509034	0.510572	0.498054	0.530339	0.529837	0.508313	0.513039	0.511743	0.455197	0.476697	0.489585	0.492232	0.494453	0.476212	0.537103	0.525655	0.520215	0.486359	0.512018	0.504901	0.481878	0.496224	0.507979	0.505496	0.503084	0.497543	0.497763	0.481471	0.477997	0.476463	0.46945	0.468022	0.473445	0.521678	0.524291	0.492675	0.493521	0.491622
ERR610038-k20-n1-x5e9	0.380988	0.391487	0.40196	0.404384	0.403664	0.40292	0.34115	0.338082	0.329282	0.321309	0.348755	0.347358	0.327379	0.457115	0.331091	0.324479	0.322162	0.321858	0.395649	0	0.585059	0.24266	0.276327	0.273243	0.333226	0.331383	0.334224	0.33428	0.332829	0.333962	0.409812	0.333186	0.327342	0.338581	0.33836	0.339132	0.513694	0.409173	0.404203	0.487653	0.477861	0.484157	0.363918	0.363454	0.367979	0.371218	0.371008	0.371049	0.52388	0.528736	0.53735	0.534846	0.531964	0.535663	0.592976	0.517192	0.756128	0.555983	0.548671	0.550525	0.411607	0.414419	0.635718	0.408952	0.409454	0.40903	0.463752	0.431175	0.422528	0.424716	0.422348	0.432047	0.574205	0.432542	0.433352	0.488241	0.442529	0.449947	0.500737	0.46542	0.456213	0.463102	0.46274	0.467188	0.408721	0.409624	0.411106	0.418297	0.409774	0.411655	0.527495	0.475817	0.475621	0.507845	0.50704	0.50807
ERR610039-k20-n1-x5e9	0.604258	0.657733	0.6794	0.704255	0.704154	0.702247	0.666703	0.66461	0.654202	0.624093	0.67372	0.67247	0.562887	0.450818	0.545028	0.577424	0.577204	0.56583	0.423369	0.585059	0	0.60854	0.555586	0.558216	0.62114	0.608094	0.59107	0.605656	0.609499	0.606197	0.478722	0.550311	0.562832	0.543395	0.542331	0.54205	0.442742	0.51067	0.515854	0.460916	0.465076	0.462199	0.614173	0.620009	0.614563	0.664546	0.662976	0.663299	0.649919	0.64094	0.633925	0.644606	0.645438	0.644731	0.60865	0.625276	0.673828	0.611245	0.612205	0.61227	0.639067	0.674876	0.554805	0.652864	0.657913	0.656512	0.582403	0.618014	0.633052	0.635723	0.638339	0.616863	0.610077	0.666796	0.660882	0.607847	0.649475	0.64009	0.600977	0.631031	0.645943	0.64181	0.639462	0.631651	0.646963	0.630322	0.626109	0.62366	0.614817	0.613288	0.57625	0.65552	0.658587	0.614116	0.614505	0.612369
ERR610040-k20-n1-x5e9	0.387558	0.388131	0.394705	0.390125	0.389269	0.389203	0.328584	0.32569	0.31875	0.32157	0.334373	0.333336	0.345169	0.484643	0.351751	0.339026	0.336549	0.338959	0.424431	0.24266	0.60854	0	0.29012	0.286293	0.33546	0.337531	0.344263	0.340308	0.338012	0.340212	0.434415	0.351896	0.344041	0.358325	0.358363	0.359081	0.540513	0.435624	0.430118	0.515134	0.505812	0.512216	0.363857	0.362192	0.368245	0.360091	0.36049	0.360282	0.530043	0.53637	0.546082	0.542106	0.538951	0.543045	0.606635	0.529519	0.768715	0.570168	0.562649	0.564558	0.415974	0.409547	0.65502	0.410103	0.409049	0.409042	0.479623	0.442187	0.430419	0.432154	0.428972	0.442918	0.590675	0.436383	0.438814	0.505443	0.451396	0.461488	0.51534	0.476124	0.464401	0.471917	0.472031	0.477718	0.410371	0.414473	0.416516	0.424397	0.417045	0.419242	0.540766	0.47864	0.477975	0.518193	0.517311	0.518767
ERR610041-k20-n1-x5e9	0.418976	0.446187	0.460482	0.459723	0.459019	0.458464	0.395659	0.390681	0.376393	0.37145	0.40042	0.398882	0.356412	0.45117	0.345674	0.360516	0.357272	0.346499	0.376714	0.276327	0.555586	0.29012	0	0.240614	0.373176	0.366021	0.362599	0.369409	0.368146	0.369342	0.388447	0.345038	0.34743	0.348979	0.347833	0.347989	0.485688	0.411265	0.408549	0.474611	0.463324	0.46995	0.406558	0.408244	0.412723	0.424633	0.424547	0.424533	0.545574	0.545812	0.551749	0.553458	0.550034	0.553958	0.568598	0.510071	0.745635	0.540077	0.534343	0.53582	0.419789	0.445684	0.624015	0.432047	0.434917	0.434119	0.458022	0.446305	0.444238	0.447885	0.446158	0.445423	0.538437	0.446637	0.444529	0.470073	0.440586	0.442678	0.496384	0.479931	0.47652	0.483094	0.482071	0.480079	0.441316	0.436072	0.437107	0.446224	0.415384	0.418603	0.520449	0.509191	0.510658	0.524058	0.521109	0.52186
ERR610042-k20-n1-x5e9	0.417455	0.443921	0.457807	0.456969	0.456151	0.45576	0.392383	0.387442	0.373394	0.368555	0.39706	0.395404	0.355246	0.452589	0.345679	0.359279	0.356119	0.34574	0.378532	0.273243	0.558216	0.286293	0.240614	0	0.3708	0.363868	0.360889	0.367386	0.366073	0.367348	0.390261	0.344713	0.34662	0.348818	0.347626	0.347729	0.48853	0.412368	0.409231	0.476542	0.465308	0.471858	0.404448	0.406042	0.410503	0.421716	0.421643	0.421555	0.543962	0.544553	0.550769	0.552262	0.548751	0.552681	0.570025	0.510504	0.746716	0.541208	0.535528	0.536798	0.418827	0.443382	0.625497	0.430437	0.433025	0.43226	0.458583	0.445701	0.442889	0.446771	0.444843	0.44484	0.540674	0.445415	0.443582	0.471124	0.440233	0.442744	0.497216	0.479531	0.475741	0.482401	0.481297	0.479655	0.439286	0.434277	0.435522	0.444613	0.414363	0.417468	0.520723	0.507238	0.508607	0.522996	0.520261	0.520947
ERR605473-k20-n1-x5e9	0.378632	0.381488	0.390574	0.396092	0.395281	0.394849	0.357445	0.355988	0.352228	0.341101	0.364915	0.364478	0.33721	0.466333	0.346554	0.330499	0.329554	0.33311	0.451381	0.333226	0.62114	0.33546	0.373176	0.3708	0	0.246562	0.255502	0.249499	0.247989	0.249041	0.457402	0.385104	0.377712	0.388012	0.387931	0.389203	0.520092	0.401607	0.395945	0.483787	0.473948	0.480265	0.36608	0.365166	0.36788	0.370297	0.369774	0.369791	0.528232	0.533944	0.542859	0.53899	0.536491	0.540026	0.627592	0.553899	0.774482	0.590514	0.582896	0.584765	0.461284	0.449227	0.66002	0.450521	0.449235	0.449653	0.501258	0.467005	0.457896	0.458348	0.456658	0.467723	0.608283	0.462454	0.46398	0.517186	0.475506	0.482613	0.534302	0.497551	0.488206	0.493558	0.493667	0.499103	0.425959	0.428639	0.430683	0.434401	0.437586	0.437793	0.546802	0.483519	0.482977	0.517601	0.516697	0.517949
ERR605474-k20-n1-x5e9	0.376302	0.385932	0.397137	0.405545	0.404816	0.40397	0.365377	0.363628	0.358103	0.343276	0.373059	0.372494	0.330333	0.45147	0.337341	0.325527	0.324851	0.326314	0.43675	0.331383	0.608094	0.337531	0.366021	0.363868	0.246562	0	0.250185	0.247862	0.247134	0.247489	0.444666	0.377502	0.371387	0.37969	0.37944	0.380783	0.50448	0.387503	0.382022	0.468201	0.458185	0.464245	0.366711	0.366571	0.368452	0.377096	0.376642	0.376451	0.524106	0.528852	0.537004	0.53421	0.531759	0.535035	0.619409	0.547395	0.767496	0.582576	0.57512	0.577033	0.459186	0.452192	0.649705	0.450697	0.450067	0.450231	0.49328	0.462711	0.455401	0.456177	0.454911	0.463138	0.598573	0.460935	0.461732	0.50816	0.471397	0.476975	0.526856	0.492983	0.485311	0.490112	0.489953	0.49458	0.425684	0.426211	0.427971	0.431503	0.433006	0.43322	0.538349	0.482576	0.482518	0.512031	0.510896	0.511939
ERR605475-k20-n1-x5e9	0.377091	0.395096	0.408797	0.421035	0.420356	0.419261	0.378016	0.376118	0.368941	0.3498	0.386187	0.385349	0.325637	0.433106	0.329163	0.323503	0.322683	0.322265	0.41876	0.334224	0.59107	0.344263	0.362599	0.360889	0.255502	0.250185	0	0.250591	0.251242	0.250279	0.428667	0.369535	0.365648	0.371286	0.37085	0.372074	0.484495	0.370788	0.365996	0.448996	0.439299	0.445145	0.369548	0.370184	0.371287	0.38782	0.387027	0.386951	0.520373	0.523926	0.530343	0.528593	0.526448	0.529769	0.609366	0.540047	0.758272	0.573244	0.565832	0.567574	0.458897	0.457445	0.636294	0.452843	0.4531	0.452998	0.484806	0.459396	0.454512	0.455289	0.454533	0.459815	0.586919	0.462442	0.462301	0.498996	0.469834	0.473619	0.518346	0.488663	0.483479	0.487168	0.486741	0.490459	0.428834	0.427294	0.427288	0.43021	0.431212	0.431235	0.528093	0.483364	0.483457	0.506706	0.505836	0.506717
ERR605476-k20-n1-x5e9	0.375232	0.386002	0.397535	0.407959	0.407329	0.406301	0.36769	0.366113	0.360784	0.344265	0.375664	0.374993	0.329693	0.448509	0.336885	0.32492	0.324444	0.326191	0.434512	0.33428	0.605656	0.340308	0.369409	0.367386	0.249499	0.247862	0.250591	0	0.246569	0.246415	0.442762	0.376089	0.370262	0.378356	0.378075	0.379402	0.501943	0.384584	0.379332	0.465124	0.455402	0.461446	0.365873	0.365449	0.367117	0.377521	0.376941	0.376795	0.522826	0.527572	0.535065	0.531996	0.529878	0.533128	0.618864	0.547012	0.766061	0.581816	0.574371	0.576156	0.460732	0.453285	0.647669	0.451591	0.451069	0.451201	0.492754	0.462613	0.455552	0.456038	0.454994	0.463011	0.598961	0.463302	0.46413	0.508872	0.473982	0.479438	0.525982	0.492238	0.485219	0.489349	0.489033	0.493961	0.426969	0.427467	0.428485	0.431217	0.434658	0.434677	0.536592	0.48162	0.481415	0.510263	0.509428	0.510569
ERR605477-k20-n1-x5e9	0.376587	0.385497	0.396439	0.404995	0.404123	0.403411	0.364667	0.362834	0.357631	0.343228	0.372123	0.371718	0.331855	0.453319	0.338859	0.326522	0.325765	0.327595	0.438635	0.332829	0.609499	0.338012	0.368146	0.366073	0.247989	0.247134	0.251242	0.246569	0	0.246066	0.445565	0.377728	0.371418	0.380168	0.37996	0.381211	0.506137	0.389281	0.383584	0.469899	0.460064	0.466257	0.366144	0.365868	0.367922	0.376108	0.375326	0.375299	0.525059	0.530096	0.537878	0.534584	0.532296	0.535531	0.620684	0.548394	0.768421	0.583943	0.576289	0.578044	0.459463	0.451378	0.650813	0.450305	0.449681	0.449836	0.494529	0.463416	0.456092	0.456424	0.455077	0.463817	0.600095	0.462139	0.463092	0.510119	0.473074	0.479173	0.527805	0.493518	0.485889	0.490319	0.490256	0.495054	0.426865	0.427942	0.42907	0.432153	0.434965	0.434946	0.539715	0.48299	0.483057	0.513353	0.512295	0.513416
ERR605478-k20-n1-x5e9	0.375563	0.386016	0.397587	0.407661	0.407054	0.406013	0.36707	0.365664	0.359978	0.343869	0.375027	0.374547	0.329402	0.448922	0.336365	0.324767	0.32407	0.325743	0.434957	0.333962	0.606197	0.340212	0.369342	0.367348	0.249041	0.247489	0.250279	0.246415	0.246066	0	0.442527	0.37562	0.369815	0.378042	0.377804	0.379007	0.502284	0.384748	0.379319	0.46543	0.455615	0.461666	0.365829	0.365546	0.367439	0.377382	0.376652	0.376613	0.523643	0.528576	0.535867	0.5328	0.530671	0.533896	0.618541	0.546908	0.766057	0.581875	0.574236	0.576121	0.460171	0.452756	0.647645	0.450854	0.450438	0.450585	0.492513	0.4621	0.455206	0.455633	0.454514	0.462568	0.598563	0.462937	0.463815	0.508715	0.473546	0.479024	0.525867	0.492122	0.484898	0.489111	0.48905	0.49369	0.427186	0.427905	0.428687	0.43148	0.434987	0.435003	0.537403	0.482194	0.481971	0.511104	0.510344	0.511359
ERR608841-k20-n1-x5e9	0.436368	0.491127	0.515166	0.536901	0.536746	0.534644	0.490293	0.487268	0.472165	0.442053	0.498803	0.497332	0.375018	0.346555	0.354456	0.390979	0.389506	0.376229	0.335265	0.409812	0.478722	0.434415	0.388447	0.390261	0.457402	0.444666	0.428667	0.442762	0.445565	0.442527	0	0.301171	0.316914	0.296404	0.295676	0.294806	0.38137	0.360161	0.36243	0.376842	0.374212	0.376902	0.448893	0.453725	0.451223	0.497063	0.495408	0.495645	0.553952	0.549668	0.546803	0.553891	0.552984	0.553885	0.524222	0.48764	0.688441	0.500113	0.496172	0.497464	0.453299	0.499443	0.520904	0.471578	0.477855	0.47612	0.422975	0.445024	0.458283	0.461446	0.463288	0.44459	0.525013	0.511365	0.506628	0.483903	0.49858	0.492672	0.462178	0.473633	0.484348	0.483829	0.48156	0.474574	0.500524	0.487306	0.482933	0.484411	0.472807	0.472833	0.49469	0.533903	0.537162	0.517318	0.519048	0.517518
ERR608842-k20-n1-x5e9	0.370605	0.404559	0.424425	0.444267	0.443958	0.442028	0.398899	0.396893	0.384381	0.355355	0.409398	0.407988	0.313221	0.391547	0.307318	0.320392	0.318658	0.313997	0.375046	0.333186	0.550311	0.351896	0.345038	0.344713	0.385104	0.377502	0.369535	0.376089	0.377728	0.37562	0.301171	0	0.241229	0.241331	0.241479	0.241469	0.45226	0.359928	0.356911	0.425818	0.418915	0.424026	0.380859	0.38238	0.382674	0.411605	0.410034	0.410272	0.534315	0.535831	0.539482	0.540326	0.538389	0.540789	0.560033	0.490457	0.723223	0.52292	0.516249	0.517785	0.405932	0.430809	0.574622	0.410819	0.414425	0.413365	0.421798	0.404637	0.406505	0.408311	0.408566	0.405844	0.555535	0.462783	0.460584	0.480943	0.462176	0.463285	0.465065	0.442054	0.441198	0.444277	0.443299	0.444391	0.442088	0.436805	0.434812	0.437327	0.434622	0.435338	0.509511	0.488824	0.490155	0.500644	0.502442	0.501963
ERR608843-k20-n1-x5e9	0.364164	0.392031	0.410457	0.430274	0.429966	0.427992	0.386854	0.384919	0.373966	0.34524	0.397483	0.396358	0.310288	0.403093	0.308948	0.315412	0.31345	0.311565	0.38691	0.327342	0.562832	0.344041	0.34743	0.34662	0.377712	0.371387	0.365648	0.370262	0.371418	0.369815	0.316914	0.241229	0	0.244089	0.244797	0.244954	0.46611	0.366435	0.362415	0.437131	0.429925	0.435217	0.373432	0.374278	0.374851	0.400054	0.398244	0.398796	0.534473	0.537057	0.541595	0.541341	0.539349	0.541943	0.569477	0.496396	0.730263	0.530985	0.524043	0.525797	0.404999	0.423798	0.584929	0.406053	0.409227	0.408143	0.428682	0.404989	0.404067	0.405419	0.405395	0.406509	0.564422	0.460176	0.458583	0.486425	0.462407	0.46479	0.471337	0.442714	0.439558	0.443045	0.442667	0.445186	0.437305	0.433749	0.432207	0.434813	0.43467	0.435473	0.516313	0.485226	0.486177	0.502036	0.503999	0.503592
ERR608844-k20-n1-x5e9	0.369141	0.406016	0.426808	0.44852	0.448226	0.446127	0.405026	0.402956	0.390875	0.359239	0.415601	0.414139	0.31262	0.382443	0.306137	0.320827	0.319209	0.313811	0.368467	0.338581	0.543395	0.358325	0.348979	0.348818	0.388012	0.37969	0.371286	0.378356	0.380168	0.378042	0.296404	0.241331	0.244089	0	0.239531	0.240159	0.445276	0.353723	0.351054	0.417105	0.410095	0.415032	0.381695	0.383755	0.383176	0.415543	0.413957	0.414095	0.531833	0.532901	0.536011	0.537356	0.535462	0.537716	0.557555	0.489046	0.719087	0.520479	0.51369	0.515065	0.410132	0.435921	0.568613	0.415027	0.418828	0.417692	0.419877	0.405175	0.408193	0.410022	0.410449	0.406332	0.555314	0.466474	0.464024	0.480626	0.4649	0.465308	0.462532	0.441609	0.441509	0.44415	0.44311	0.443621	0.444048	0.437665	0.435626	0.437538	0.435809	0.436211	0.505442	0.487763	0.489186	0.496508	0.498276	0.4976
ERR608845-k20-n1-x5e9	0.370358	0.407596	0.428303	0.450029	0.449678	0.447595	0.405792	0.403457	0.391104	0.359794	0.415998	0.414756	0.312981	0.382138	0.306323	0.321283	0.319728	0.314251	0.367439	0.33836	0.542331	0.358363	0.347833	0.347626	0.387931	0.37944	0.37085	0.378075	0.37996	0.377804	0.295676	0.241479	0.244797	0.239531	0	0.240122	0.443417	0.352346	0.349895	0.415715	0.408564	0.413594	0.382391	0.384413	0.383943	0.416417	0.414829	0.415075	0.532488	0.533255	0.536521	0.5379	0.536027	0.538296	0.557245	0.48906	0.71917	0.520097	0.513375	0.514885	0.410168	0.436225	0.568499	0.41541	0.419218	0.417984	0.419887	0.405641	0.409049	0.410668	0.411275	0.406756	0.55385	0.466114	0.463577	0.479406	0.464201	0.464505	0.462333	0.442143	0.442059	0.444486	0.443567	0.443974	0.444119	0.437795	0.435671	0.437721	0.435316	0.435805	0.50527	0.488455	0.489942	0.497027	0.498764	0.497956
ERR608846-k20-n1-x5e9	0.37127	0.408535	0.429358	0.450763	0.450455	0.448363	0.406601	0.404261	0.391924	0.360891	0.416859	0.415581	0.31456	0.382364	0.307311	0.322551	0.320799	0.315238	0.367444	0.339132	0.54205	0.359081	0.347989	0.347729	0.389203	0.380783	0.372074	0.379402	0.381211	0.379007	0.294806	0.241469	0.244954	0.240159	0.240122	0	0.443725	0.353798	0.351079	0.416466	0.409214	0.414445	0.383243	0.385263	0.384795	0.417149	0.415625	0.415886	0.532212	0.533069	0.536221	0.537589	0.535726	0.537998	0.555887	0.487866	0.718242	0.51885	0.511976	0.513651	0.409359	0.436046	0.56755	0.414874	0.418891	0.417623	0.418663	0.405122	0.408473	0.410147	0.410926	0.406049	0.553351	0.465993	0.463478	0.479173	0.464184	0.46436	0.461681	0.441425	0.441755	0.444272	0.443228	0.443577	0.444656	0.438227	0.436065	0.437985	0.435517	0.435867	0.504463	0.488713	0.490401	0.497108	0.498649	0.497895
ERR606042-k20-n1-x5e9	0.524524	0.579746	0.602667	0.626464	0.626295	0.624329	0.587673	0.585109	0.572161	0.538821	0.595648	0.594456	0.456998	0.360067	0.435773	0.473996	0.473073	0.459355	0.377118	0.513694	0.442742	0.540513	0.485688	0.48853	0.520092	0.50448	0.484495	0.501943	0.506137	0.502284	0.38137	0.45226	0.46611	0.445276	0.443417	0.443725	0	0.344838	0.350567	0.299624	0.302746	0.301758	0.542403	0.547249	0.543462	0.590888	0.588927	0.589307	0.596795	0.588402	0.58236	0.592714	0.592693	0.593327	0.544263	0.536084	0.67542	0.530662	0.529044	0.529997	0.542706	0.590553	0.501066	0.561133	0.567802	0.566096	0.483358	0.521387	0.538579	0.541378	0.544356	0.520258	0.503841	0.566551	0.558812	0.492954	0.543077	0.530267	0.507195	0.536317	0.551778	0.548715	0.546035	0.536951	0.572598	0.555764	0.551003	0.549679	0.538502	0.537821	0.516627	0.588933	0.592453	0.553668	0.554142	0.552054
ERR606043-k20-n1-x5e9	0.409719	0.457837	0.480934	0.510669	0.510553	0.508205	0.4742	0.472472	0.462	0.420061	0.484905	0.483773	0.339448	0.335209	0.329372	0.351978	0.351737	0.343278	0.354994	0.409173	0.51067	0.435624	0.411265	0.412368	0.401607	0.387503	0.370788	0.384584	0.389281	0.384748	0.360161	0.359928	0.366435	0.353723	0.352346	0.353798	0.344838	0	0.248674	0.298883	0.290189	0.293976	0.432786	0.436256	0.43216	0.477264	0.474938	0.47542	0.53528	0.53235	0.533042	0.536953	0.536408	0.53777	0.565032	0.510229	0.706097	0.529119	0.523103	0.524735	0.47418	0.501943	0.546535	0.478379	0.483072	0.481723	0.444571	0.447135	0.456492	0.457957	0.4603	0.447751	0.540672	0.492586	0.486897	0.464644	0.482044	0.475537	0.476152	0.470229	0.476653	0.475339	0.473886	0.471898	0.478651	0.467008	0.463842	0.461492	0.464434	0.462566	0.494022	0.500073	0.502404	0.488743	0.488885	0.487395
ERR606044-k20-n1-x5e9	0.407006	0.453172	0.475795	0.505201	0.504958	0.502655	0.468484	0.466692	0.45652	0.414659	0.479309	0.478174	0.33537	0.339426	0.326326	0.347256	0.346618	0.339109	0.358207	0.404203	0.515854	0.430118	0.408549	0.409231	0.395945	0.382022	0.365996	0.379332	0.383584	0.379319	0.36243	0.356911	0.362415	0.351054	0.349895	0.351079	0.350567	0.248674	0	0.303886	0.295156	0.299081	0.429408	0.4329	0.428885	0.472488	0.470186	0.470612	0.535353	0.532965	0.534041	0.537658	0.536933	0.538391	0.567811	0.511083	0.709208	0.53143	0.525315	0.526923	0.470829	0.497515	0.551145	0.474417	0.478872	0.477776	0.445211	0.445299	0.453492	0.455097	0.457198	0.445937	0.541916	0.488931	0.483374	0.46433	0.478879	0.473034	0.47703	0.46891	0.474322	0.473455	0.471976	0.470582	0.47552	0.464289	0.461459	0.459349	0.462482	0.460886	0.496464	0.498792	0.500807	0.48976	0.489869	0.488374
ERR606045-k20-n1-x5e9	0.474511	0.531464	0.556018	0.587698	0.587492	0.585093	0.554962	0.553292	0.542674	0.501421	0.564656	0.563485	0.415528	0.321937	0.399316	0.431473	0.431412	0.419993	0.355908	0.487653	0.460916	0.515134	0.474611	0.476542	0.483787	0.468201	0.448996	0.465124	0.469899	0.46543	0.376842	0.425818	0.437131	0.417105	0.415715	0.416466	0.299624	0.298883	0.303886	0	0.262027	0.261449	0.499014	0.504331	0.498293	0.551943	0.549446	0.549969	0.561826	0.554307	0.550637	0.558718	0.558934	0.559007	0.559101	0.529432	0.683269	0.531715	0.527932	0.529188	0.533555	0.5688	0.509695	0.542745	0.548174	0.546733	0.472826	0.498985	0.514744	0.516493	0.519954	0.498541	0.543409	0.55245	0.545437	0.49254	0.534331	0.523695	0.496387	0.513291	0.527269	0.52288	0.52061	0.514462	0.539885	0.523338	0.519655	0.515008	0.514437	0.512045	0.498757	0.546324	0.549748	0.51063	0.511099	0.5086
ERR606046-k20-n1-x5e9	0.466219	0.522991	0.547641	0.579319	0.579136	0.576742	0.545875	0.54408	0.533477	0.491681	0.555721	0.554576	0.406063	0.320855	0.390004	0.421501	0.421562	0.409861	0.352284	0.477861	0.465076	0.505812	0.463324	0.465308	0.473948	0.458185	0.439299	0.455402	0.460064	0.455615	0.374212	0.418915	0.429925	0.410095	0.408564	0.409214	0.302746	0.290189	0.295156	0.262027	0	0.257581	0.491818	0.496789	0.490973	0.544008	0.541554	0.542073	0.558075	0.551087	0.547868	0.555589	0.55576	0.556053	0.559148	0.527079	0.685874	0.530559	0.526455	0.527961	0.526864	0.561955	0.514119	0.535972	0.54123	0.539866	0.468622	0.492873	0.507988	0.510047	0.513375	0.492316	0.541197	0.544791	0.537538	0.485991	0.526299	0.515947	0.492964	0.508093	0.521423	0.517375	0.515314	0.509032	0.531751	0.515341	0.511794	0.507632	0.505847	0.503494	0.495781	0.539692	0.543096	0.505907	0.505321	0.502861
ERR606047-k20-n1-x5e9	0.471392	0.528414	0.553197	0.585285	0.585087	0.582828	0.552442	0.550446	0.539913	0.497766	0.562046	0.56098	0.411654	0.320268	0.395253	0.427151	0.427091	0.415456	0.353499	0.484157	0.462199	0.512216	0.46995	0.471858	0.480265	0.464245	0.445145	0.461446	0.466257	0.461666	0.376902	0.424026	0.435217	0.415032	0.413594	0.414445	0.301758	0.293976	0.299081	0.261449	0.257581	0	0.497112	0.502267	0.496279	0.549964	0.547494	0.547952	0.561306	0.554239	0.550747	0.558693	0.558743	0.55913	0.561801	0.530835	0.685406	0.5336	0.529681	0.531008	0.532672	0.567772	0.512888	0.541624	0.547066	0.54559	0.472581	0.497997	0.513482	0.515325	0.518946	0.497489	0.54441	0.55062	0.543562	0.490437	0.532254	0.521504	0.496495	0.512765	0.526306	0.522188	0.519982	0.51357	0.53728	0.52067	0.517098	0.512709	0.511433	0.50904	0.498176	0.544146	0.547491	0.509064	0.508662	0.506168
ERR608069-k20-n1-x5e9	0.324584	0.337018	0.351512	0.369861	0.369732	0.367381	0.358554	0.35868	0.355779	0.34069	0.366778	0.366357	0.349822	0.455422	0.360087	0.343123	0.344379	0.348531	0.45017	0.363918	0.614173	0.363857	0.406558	0.404448	0.36608	0.366711	0.369548	0.365873	0.366144	0.365829	0.448893	0.380859	0.373432	0.381695	0.382391	0.383243	0.542403	0.432786	0.429408	0.499014	0.491818	0.497112	0	0.255467	0.256049	0.276628	0.275282	0.275535	0.510923	0.517066	0.525239	0.520543	0.5187	0.521292	0.618274	0.543767	0.759341	0.578858	0.571052	0.573061	0.478052	0.452294	0.653023	0.460935	0.45808	0.458532	0.496681	0.463958	0.456577	0.455488	0.454619	0.463775	0.652643	0.511708	0.514183	0.564806	0.529233	0.537294	0.527337	0.49192	0.48531	0.486714	0.487088	0.493173	0.435984	0.436839	0.43783	0.437994	0.449864	0.449059	0.515592	0.448117	0.447677	0.478677	0.478696	0.479535
