	ERR608317-k20-n1-x5e9	ERR608318-k20-n1-x5e9	ERR608319-k20-n1-x5e9	ERR608320-k20-n1-x5e9	ERR608321-k20-n1-x5e9	ERR608322-k20-n1-x5e9	ERR608445-k20-n1-x5e9	ERR608446-k20-n1-x5e9	ERR608447-k20-n1-x5e9	ERR608448-k20-n1-x5e9	ERR608449-k20-n1-x5e9	ERR608450-k20-n1-x5e9	ERR610113-k20-n1-x5e9	ERR610114-k20-n1-x5e9	ERR610115-k20-n1-x5e9	ERR610116-k20-n1-x5e9	ERR610117-k20-n1-x5e9	ERR610118-k20-n1-x5e9	ERR605521-k20-n1-x5e9	ERR605522-k20-n1-x5e9	ERR605523-k20-n1-x5e9	ERR605524-k20-n1-x5e9	ERR605525-k20-n1-x5e9	ERR605526-k20-n1-x5e9	ERR607887-k20-n1-x5e9	ERR607888-k20-n1-x5e9	ERR607889-k20-n1-x5e9	ERR607890-k20-n1-x5e9	ERR607891-k20-n1-x5e9	ERR607892-k20-n1-x5e9	ERR609523-k20-n1-x5e9	ERR609524-k20-n1-x5e9	ERR609525-k20-n1-x5e9	ERR609526-k20-n1-x5e9	ERR609527-k20-n1-x5e9	ERR609528-k20-n1-x5e9	ERR605345-k20-n1-x5e9	ERR605346-k20-n1-x5e9	ERR605347-k20-n1-x5e9	ERR605348-k20-n1-x5e9	ERR605349-k20-n1-x5e9	ERR605350-k20-n1-x5e9	ERR609283-k20-n1-x5e9	ERR609284-k20-n1-x5e9	ERR609285-k20-n1-x5e9	ERR609286-k20-n1-x5e9	ERR609287-k20-n1-x5e9	ERR609288-k20-n1-x5e9	ERR608745-k20-n1-x5e9	ERR608746-k20-n1-x5e9	ERR608747-k20-n1-x5e9	ERR608748-k20-n1-x5e9	ERR608749-k20-n1-x5e9	ERR608750-k20-n1-x5e9	ERR608161-k20-n1-x5e9	ERR608162-k20-n1-x5e9	ERR608163-k20-n1-x5e9	ERR608164-k20-n1-x5e9	ERR608165-k20-n1-x5e9	ERR608166-k20-n1-x5e9	ERR608401-k20-n1-x5e9	ERR608402-k20-n1-x5e9	ERR608403-k20-n1-x5e9	ERR608404-k20-n1-x5e9	ERR608405-k20-n1-x5e9	ERR608406-k20-n1-x5e9	ERR607899-k20-n1-x5e9	ERR607900-k20-n1-x5e9	ERR607901-k20-n1-x5e9	ERR607902-k20-n1-x5e9	ERR607903-k20-n1-x5e9	ERR607904-k20-n1-x5e9	ERR605653-k20-n1-x5e9	ERR605654-k20-n1-x5e9	ERR605655-k20-n1-x5e9	ERR605656-k20-n1-x5e9	ERR605657-k20-n1-x5e9	ERR605658-k20-n1-x5e9	ERR608883-k20-n1-x5e9	ERR608884-k20-n1-x5e9	ERR608885-k20-n1-x5e9	ERR608886-k20-n1-x5e9	ERR608887-k20-n1-x5e9	ERR608888-k20-n1-x5e9	ERR605635-k20-n1-x5e9	ERR605636-k20-n1-x5e9	ERR605637-k20-n1-x5e9	ERR605638-k20-n1-x5e9	ERR605639-k20-n1-x5e9	ERR605640-k20-n1-x5e9	ERR607603-k20-n1-x5e9	ERR607604-k20-n1-x5e9	ERR607605-k20-n1-x5e9	ERR607606-k20-n1-x5e9	ERR607607-k20-n1-x5e9	ERR607608-k20-n1-x5e9
ERR608317-k20-n1-x5e9	0	0.891574	0.900036	0.891745	0.895913	0.893852	1.16042	1.13594	1.13295	1.12914	1.12731	1.13702	1.11436	1.04577	1.18716	1.0439	1.06552	1.06194	1.04093	1.04523	1.05087	1.04359	1.04476	1.04329	0.998083	0.998682	0.996094	0.994503	0.995783	0.992213	1.01794	1.02051	1.08208	0.999046	1.00683	1.00658	1.06848	1.15261	1.07992	1.08185	1.08151	1.08103	1.02912	1.03148	1.03664	1.04063	1.03534	1.03633	1.22743	1.20929	1.20065	1.20293	1.20276	1.21033	1.16811	1.16157	1.16258	1.19807	1.19504	1.19858	1.17431	1.15454	1.14769	1.14575	1.14455	1.15468	1.12268	1.11158	1.11261	1.12881	1.12666	1.12533	1.15614	1.16131	1.16421	1.16538	1.16842	1.16741	1.13253	1.12862	1.12916	1.14659	1.14594	1.14682	1.13504	1.14242	1.14376	1.14307	1.14635	1.14645	1.00539	1.01314	1.01255	1.00912	1.01226	1.01386
ERR608318-k20-n1-x5e9	0.891574	0	0.798023	0.766035	0.785837	0.778669	1.08643	1.05418	1.04871	1.04374	1.04066	1.05415	1.037	0.941714	1.13546	0.936271	0.972031	0.966582	0.934908	0.946403	0.954438	0.943781	0.944391	0.943645	0.885979	0.888426	0.883131	0.881419	0.882539	0.881172	0.915028	0.918003	1.00283	0.889941	0.905231	0.903359	0.986659	1.09527	0.999082	1.00047	1.00054	0.999267	0.919131	0.922854	0.931349	0.943546	0.928399	0.927326	1.17684	1.15337	1.14524	1.14566	1.14608	1.15401	1.09681	1.08812	1.08982	1.14032	1.13706	1.14098	1.10508	1.07843	1.06878	1.06598	1.06563	1.07885	1.03574	1.02508	1.02793	1.04293	1.03933	1.03742	1.08134	1.08668	1.09012	1.09276	1.09656	1.09557	1.04732	1.04367	1.045	1.06821	1.06749	1.06955	1.05349	1.06211	1.06315	1.06139	1.06788	1.06696	0.894971	0.911576	0.91279	0.910237	0.91546	0.916855
ERR608319-k20-n1-x5e9	0.900036	0.798023	0	0.797847	0.808712	0.803507	1.1104	1.06975	1.06681	1.06159	1.06102	1.06991	1.05205	0.966027	1.14986	0.961289	0.99972	0.994018	0.961809	0.969493	0.978688	0.966365	0.966923	0.96639	0.918843	0.917439	0.916128	0.905792	0.906209	0.902873	0.938852	0.94257	1.02079	0.915322	0.921885	0.921676	1.00839	1.11204	1.01944	1.02147	1.01961	1.01895	0.949021	0.95261	0.95972	0.967208	0.958592	0.957722	1.18949	1.16523	1.15707	1.15705	1.15897	1.16651	1.11769	1.10684	1.10832	1.15235	1.1499	1.15368	1.12577	1.09547	1.08406	1.08032	1.08061	1.09505	1.05589	1.04407	1.04595	1.06115	1.05837	1.05651	1.09499	1.10194	1.10613	1.10912	1.11225	1.11182	1.06741	1.06315	1.06458	1.08198	1.0815	1.08342	1.07373	1.08317	1.08357	1.08311	1.08864	1.08841	0.926637	0.935069	0.934648	0.933376	0.93957	0.941509
ERR608320-k20-n1-x5e9	0.891745	0.766035	0.797847	0	0.778799	0.770927	1.08126	1.04996	1.04467	1.03992	1.037	1.05001	1.03158	0.934319	1.13217	0.928275	0.964739	0.958759	0.92773	0.938066	0.948107	0.938026	0.93881	0.936856	0.88171	0.880391	0.879218	0.877286	0.878643	0.876704	0.908774	0.909924	0.997182	0.878595	0.89737	0.89475	0.981582	1.0902	0.994082	0.996594	0.994249	0.993125	0.914766	0.916017	0.922131	0.937797	0.921671	0.922127	1.17366	1.15043	1.14124	1.14252	1.14346	1.15144	1.09435	1.08451	1.08666	1.13675	1.13353	1.13773	1.10029	1.07407	1.06499	1.06178	1.06198	1.07366	1.03368	1.02178	1.02394	1.03917	1.03581	1.03492	1.07611	1.08318	1.08613	1.08848	1.09054	1.08989	1.04463	1.04021	1.04105	1.06537	1.06483	1.06663	1.04843	1.05744	1.05737	1.05851	1.06133	1.06197	0.888049	0.905384	0.908433	0.905059	0.908549	0.911459
ERR608321-k20-n1-x5e9	0.895913	0.785837	0.808712	0.778799	0	0.792318	1.09545	1.05802	1.05538	1.05255	1.05195	1.06017	1.04002	0.948333	1.13898	0.943305	0.97584	0.971155	0.944584	0.949335	0.960943	0.949736	0.949451	0.948424	0.895828	0.895396	0.893933	0.889358	0.890312	0.886158	0.920695	0.923523	1.00486	0.893978	0.900319	0.899861	0.992049	1.10087	1.00568	1.00725	1.00624	1.00488	0.931993	0.934386	0.940368	0.950199	0.934798	0.937084	1.18037	1.15685	1.14786	1.14927	1.15083	1.15832	1.10584	1.09451	1.09515	1.14695	1.14279	1.14677	1.11338	1.08229	1.0727	1.07192	1.0705	1.08277	1.04474	1.03342	1.03362	1.05246	1.05009	1.0474	1.08561	1.09133	1.09517	1.09645	1.0983	1.09884	1.05589	1.0515	1.05295	1.07369	1.07423	1.07427	1.0595	1.06656	1.06781	1.06885	1.07146	1.07154	0.905942	0.91756	0.919647	0.915882	0.920984	0.924714
ERR608322-k20-n1-x5e9	0.893852	0.778669	0.803507	0.770927	0.792318	0	1.08937	1.05554	1.05245	1.04886	1.04515	1.05575	1.03576	0.943242	1.13499	0.938118	0.971061	0.964793	0.940391	0.946057	0.956739	0.943005	0.944012	0.943978	0.888259	0.887338	0.886388	0.881868	0.883165	0.881624	0.915284	0.91799	1.0046	0.890796	0.895161	0.89671	0.985889	1.09661	1.00064	1.00376	1.00262	1.00057	0.924149	0.9258	0.935053	0.943575	0.928968	0.929996	1.17766	1.15448	1.14413	1.14637	1.14779	1.1554	1.0999	1.08975	1.09043	1.14269	1.13914	1.14247	1.10746	1.07878	1.07044	1.06779	1.06712	1.07832	1.03922	1.0279	1.02917	1.04706	1.04244	1.04187	1.08079	1.08898	1.09089	1.09279	1.09482	1.09435	1.04977	1.04897	1.04825	1.07023	1.0699	1.07108	1.05511	1.06187	1.06291	1.0628	1.06566	1.06587	0.896717	0.911159	0.911958	0.909943	0.915314	0.918271
ERR608445-k20-n1-x5e9	1.16042	1.08643	1.1104	1.08126	1.09545	1.08937	0	0.825911	0.816599	0.818633	0.815015	0.821995	1.15115	1.08031	1.22045	1.07709	1.10035	1.09553	1.0942	1.0972	1.10555	1.09775	1.097	1.09772	1.06788	1.06787	1.06857	1.06465	1.06506	1.06453	1.06017	1.0616	1.12428	1.0303	1.04048	1.03899	1.10287	1.18109	1.11084	1.11605	1.11489	1.11408	1.04657	1.04698	1.04792	1.06286	1.05003	1.04966	1.02594	0.99455	0.979053	0.983035	0.981045	0.994546	0.954666	0.943063	0.940702	1.0006	0.993595	1.00015	0.904529	0.881824	0.876255	0.872383	0.871319	0.881987	0.860639	0.846642	0.844212	0.86307	0.864278	0.863437	0.910802	0.92253	0.926102	0.929182	0.924604	0.927433	0.869291	0.869571	0.865708	0.890713	0.888426	0.889817	0.87602	0.887852	0.886475	0.884927	0.884891	0.8841	1.06999	1.07589	1.07627	1.07475	1.08054	1.08344
ERR608446-k20-n1-x5e9	1.13594	1.05418	1.06975	1.04996	1.05802	1.05554	0.825911	0	0.755223	0.75182	0.74807	0.770138	1.12973	1.05446	1.20355	1.04963	1.07135	1.06759	1.06726	1.07278	1.07985	1.07366	1.07244	1.07369	1.03611	1.03538	1.03575	1.02916	1.02981	1.02944	1.03336	1.03228	1.10217	1.00037	1.01159	1.00969	1.06787	1.16157	1.08147	1.08637	1.08477	1.08408	1.01338	1.0131	1.01738	1.03089	1.0178	1.01827	1.00303	0.972551	0.960747	0.964349	0.963638	0.973174	0.921301	0.908243	0.908963	0.975643	0.970631	0.975484	0.876785	0.84541	0.831261	0.828856	0.829726	0.845088	0.8149	0.814803	0.817054	0.808076	0.809781	0.809237	0.87142	0.884198	0.889987	0.893009	0.893789	0.89411	0.815651	0.816395	0.818925	0.844831	0.84272	0.846941	0.836864	0.84136	0.841938	0.837896	0.844984	0.842247	1.03943	1.04933	1.05049	1.05039	1.05306	1.05489
ERR608447-k20-n1-x5e9	1.13295	1.04871	1.06681	1.04467	1.05538	1.05245	0.816599	0.755223	0	0.746101	0.745581	0.754743	1.12574	1.04633	1.20128	1.04353	1.06815	1.06485	1.06164	1.06589	1.07618	1.06547	1.0651	1.06617	1.03088	1.03084	1.03078	1.02708	1.02758	1.02665	1.02704	1.02804	1.09743	0.993605	1.00459	1.00423	1.06432	1.15807	1.07273	1.07868	1.07696	1.07601	1.00693	1.00835	1.01233	1.02742	1.0116	1.0114	0.99946	0.973	0.955021	0.958962	0.958821	0.972435	0.918888	0.90331	0.90347	0.971832	0.965797	0.972749	0.872476	0.840151	0.819068	0.813103	0.81165	0.841267	0.822377	0.802225	0.800757	0.80532	0.807211	0.804944	0.860268	0.877539	0.882301	0.888909	0.890237	0.890908	0.814507	0.82277	0.825929	0.839247	0.834338	0.841855	0.839271	0.840449	0.838606	0.836737	0.843324	0.841985	1.03303	1.0439	1.04355	1.04251	1.04791	1.05048
ERR608448-k20-n1-x5e9	1.12914	1.04374	1.06159	1.03992	1.05255	1.04886	0.818633	0.75182	0.746101	0	0.740918	0.748726	1.12463	1.04519	1.20012	1.04091	1.069	1.06555	1.0603	1.06369	1.07304	1.06501	1.06311	1.06487	1.02862	1.02918	1.02797	1.02434	1.02483	1.02215	1.0242	1.02525	1.09601	0.992363	1.00278	1.00417	1.0627	1.15731	1.07204	1.07661	1.07456	1.07401	1.004	1.00572	1.01045	1.02369	1.00883	1.01027	0.999871	0.972061	0.956494	0.956946	0.957204	0.971724	0.915686	0.902071	0.903604	0.969859	0.963645	0.971916	0.87176	0.838439	0.814939	0.812019	0.807779	0.836449	0.816347	0.79472	0.795559	0.802513	0.8024	0.803578	0.858504	0.872311	0.88044	0.886333	0.887199	0.887274	0.817789	0.823068	0.822319	0.831879	0.828066	0.833985	0.836303	0.847307	0.843255	0.83621	0.844518	0.843074	1.03078	1.04273	1.0424	1.04025	1.04618	1.04746
ERR608449-k20-n1-x5e9	1.12731	1.04066	1.06102	1.037	1.05195	1.04515	0.815015	0.74807	0.745581	0.740918	0	0.744093	1.12196	1.04251	1.19887	1.03761	1.0686	1.06302	1.05628	1.06241	1.07086	1.06356	1.06252	1.06316	1.02608	1.02646	1.02546	1.02113	1.02119	1.01848	1.02081	1.02187	1.09281	0.989869	0.999341	0.999349	1.06097	1.15571	1.06971	1.07329	1.07266	1.07172	1.00224	1.00208	1.006	1.02081	1.00651	1.00752	0.998835	0.968191	0.953501	0.955921	0.954827	0.968011	0.91195	0.902188	0.900602	0.96778	0.962201	0.97006	0.867942	0.832265	0.810224	0.808516	0.803679	0.830233	0.808838	0.791603	0.789338	0.803836	0.80305	0.803626	0.855074	0.869542	0.874578	0.881537	0.883111	0.88337	0.824777	0.817941	0.815436	0.827487	0.823886	0.830296	0.829883	0.846329	0.842848	0.835948	0.84492	0.842559	1.02745	1.03863	1.04061	1.03906	1.04371	1.04452
ERR608450-k20-n1-x5e9	1.13702	1.05415	1.06991	1.05001	1.06017	1.05575	0.821995	0.770138	0.754743	0.748726	0.744093	0	1.12968	1.05487	1.20389	1.04856	1.07014	1.06727	1.06695	1.07232	1.0796	1.07297	1.07185	1.07348	1.03603	1.03717	1.03612	1.0313	1.03187	1.03009	1.03378	1.03365	1.1018	0.999682	1.01149	1.01091	1.06707	1.16074	1.08049	1.08578	1.08371	1.08266	1.01273	1.01245	1.01553	1.03061	1.01645	1.01711	1.00054	0.969519	0.95665	0.961005	0.959959	0.969161	0.916666	0.905177	0.904202	0.972731	0.967268	0.973104	0.871595	0.840995	0.826293	0.824463	0.823314	0.840382	0.808309	0.815738	0.810951	0.805185	0.807838	0.804261	0.865956	0.881137	0.884704	0.889696	0.888616	0.891069	0.810458	0.81507	0.813395	0.842625	0.838906	0.842408	0.833852	0.835304	0.836855	0.831938	0.840423	0.835896	1.0392	1.04979	1.05257	1.05053	1.05347	1.05538
ERR610113-k20-n1-x5e9	1.11436	1.037	1.05205	1.03158	1.04002	1.03576	1.15115	1.12973	1.12574	1.12463	1.12196	1.12968	0	0.902033	1.10549	0.898787	0.926839	0.920281	0.998492	1.00436	1.00993	1.00369	1.00293	1.00492	0.981887	0.982588	0.981401	0.977332	0.978508	0.976064	0.97497	0.976003	1.04797	0.948952	0.957914	0.957559	1.0649	1.15277	1.07757	1.08068	1.08044	1.08037	1.01652	1.01678	1.01995	1.02937	1.0206	1.02239	1.22215	1.20534	1.19652	1.19871	1.19901	1.20627	1.16551	1.15979	1.16047	1.19641	1.19411	1.1972	1.16463	1.14781	1.13992	1.13977	1.13968	1.14817	1.1205	1.1104	1.10862	1.12889	1.12891	1.12862	1.13427	1.13937	1.14235	1.14533	1.14519	1.14509	1.12761	1.12432	1.124	1.14553	1.14413	1.14512	1.11621	1.12414	1.12609	1.12831	1.12752	1.12847	0.975143	0.98228	0.985043	0.985371	0.98626	0.988658
ERR610114-k20-n1-x5e9	1.04577	0.941714	0.966027	0.934319	0.948333	0.943242	1.08031	1.05446	1.04633	1.04519	1.04251	1.05487	0.902033	0	1.04115	0.752273	0.803061	0.79693	0.887731	0.896238	0.908644	0.897384	0.894488	0.898654	0.861518	0.865415	0.860668	0.86334	0.864163	0.862047	0.8612	0.862852	0.957446	0.826183	0.843136	0.841299	0.984242	1.09488	0.996763	1.00277	1.00123	1.00049	0.911542	0.909363	0.914382	0.933928	0.916988	0.916855	1.17403	1.15281	1.14358	1.14679	1.14735	1.15392	1.09893	1.09175	1.09191	1.14314	1.14135	1.14401	1.09737	1.07678	1.06669	1.06741	1.06679	1.07703	1.04257	1.03656	1.03402	1.05024	1.05191	1.04941	1.05927	1.06762	1.07042	1.07472	1.07373	1.07463	1.04963	1.04828	1.04718	1.07475	1.07277	1.07498	1.03817	1.04586	1.04791	1.04853	1.04954	1.04886	0.851397	0.864981	0.870904	0.86933	0.874305	0.878215
ERR610115-k20-n1-x5e9	1.18716	1.13546	1.14986	1.13217	1.13898	1.13499	1.22045	1.20355	1.20128	1.20012	1.19887	1.20389	1.10549	1.04115	0	1.04141	1.05823	1.05404	1.10836	1.11166	1.11656	1.11185	1.11147	1.1115	1.09638	1.09822	1.09674	1.09509	1.09598	1.09505	1.09187	1.09216	1.1381	1.07361	1.07969	1.07974	1.15601	1.21365	1.16243	1.16528	1.16429	1.16325	1.12156	1.12122	1.12311	1.13011	1.12358	1.12362	1.26967	1.25809	1.25197	1.25414	1.25526	1.25878	1.23026	1.22594	1.2258	1.25249	1.25043	1.25291	1.22851	1.21677	1.21137	1.21097	1.21035	1.21727	1.19798	1.193	1.19143	1.2024	1.20213	1.20187	1.20714	1.21151	1.2132	1.21577	1.21406	1.2146	1.20201	1.20136	1.20062	1.21585	1.21515	1.21606	1.19535	1.19922	1.19994	1.20094	1.19982	1.19972	1.0911	1.09514	1.09735	1.09639	1.09871	1.1
ERR610116-k20-n1-x5e9	1.0439	0.936271	0.961289	0.928275	0.943305	0.938118	1.07709	1.04963	1.04353	1.04091	1.03761	1.04856	0.898787	0.752273	1.04141	0	0.798766	0.788443	0.880653	0.888137	0.902657	0.88799	0.886329	0.88682	0.858059	0.858685	0.857534	0.864226	0.865383	0.861928	0.852715	0.853406	0.95417	0.816585	0.831886	0.830771	0.980093	1.09134	0.992426	0.998188	0.997193	0.996403	0.905145	0.905802	0.911606	0.928472	0.913552	0.914031	1.16977	1.15059	1.14047	1.14327	1.14467	1.15201	1.0972	1.08839	1.08891	1.13864	1.13474	1.13937	1.09188	1.0736	1.06271	1.06133	1.05989	1.07443	1.04145	1.02856	1.02675	1.04595	1.04549	1.04395	1.05353	1.0633	1.06793	1.07107	1.07262	1.07192	1.0463	1.04419	1.04409	1.07202	1.06988	1.07237	1.03628	1.04144	1.04326	1.04379	1.04422	1.04386	0.844494	0.854026	0.858935	0.855443	0.866262	0.870918
ERR610117-k20-n1-x5e9	1.06552	0.972031	0.99972	0.964739	0.97584	0.971061	1.10035	1.07135	1.06815	1.069	1.0686	1.07014	0.926839	0.803061	1.05823	0.798766	0	0.812537	0.920539	0.924581	0.935105	0.925927	0.924453	0.927029	0.892353	0.894045	0.894029	0.88982	0.891362	0.888597	0.893145	0.893127	0.978102	0.850742	0.855575	0.859011	1.00756	1.11209	1.02135	1.02659	1.02561	1.02448	0.946458	0.9448	0.944682	0.966036	0.945734	0.94761	1.18276	1.16394	1.1554	1.15932	1.15943	1.164	1.11567	1.10689	1.1054	1.15807	1.15479	1.15853	1.11603	1.09088	1.0829	1.08253	1.08325	1.09141	1.06277	1.0557	1.05138	1.07303	1.07441	1.07299	1.07839	1.08342	1.08708	1.09208	1.08448	1.08613	1.07135	1.07111	1.06853	1.09352	1.0919	1.09345	1.0581	1.06264	1.06639	1.06952	1.06063	1.06255	0.882783	0.894056	0.897134	0.896238	0.900524	0.903818
ERR610118-k20-n1-x5e9	1.06194	0.966582	0.994018	0.958759	0.971155	0.964793	1.09553	1.06759	1.06485	1.06555	1.06302	1.06727	0.920281	0.79693	1.05404	0.788443	0.812537	0	0.913441	0.9191	0.930772	0.920866	0.919846	0.91979	0.886038	0.886707	0.887221	0.883551	0.885169	0.88097	0.886988	0.884849	0.974073	0.845881	0.851229	0.8482	1.00255	1.10852	1.01439	1.02346	1.02168	1.0207	0.93897	0.936943	0.939604	0.959785	0.940557	0.939764	1.17949	1.16077	1.15271	1.15585	1.15598	1.16076	1.11133	1.10296	1.10136	1.15541	1.15127	1.15471	1.1108	1.08739	1.07993	1.08012	1.07841	1.08695	1.05976	1.05033	1.04633	1.06775	1.06922	1.06684	1.07413	1.08079	1.08222	1.08806	1.08051	1.08199	1.06652	1.06625	1.06387	1.08912	1.08807	1.09	1.05344	1.05793	1.06052	1.06494	1.05645	1.05844	0.872191	0.883642	0.890218	0.889539	0.894505	0.897492
ERR605521-k20-n1-x5e9	1.04093	0.934908	0.961809	0.92773	0.944584	0.940391	1.0942	1.06726	1.06164	1.0603	1.05628	1.06695	0.998492	0.887731	1.10836	0.880653	0.920539	0.913441	0	0.712876	0.72865	0.717055	0.714795	0.717336	0.893641	0.897389	0.893602	0.897596	0.898388	0.895866	0.875699	0.878149	0.972091	0.84223	0.855636	0.854877	0.907	0.992492	0.917069	0.921264	0.918701	0.91845	0.894105	0.893106	0.898221	0.915148	0.90159	0.902856	1.17907	1.16065	1.15139	1.15361	1.15441	1.16195	1.05283	1.04599	1.04572	1.08537	1.08114	1.08437	1.08817	1.07201	1.05677	1.05799	1.05654	1.06901	1.06035	1.0487	1.04716	1.06363	1.06413	1.06398	1.01371	1.01956	1.02417	1.0276	1.02579	1.02716	1.06696	1.06797	1.06778	1.0926	1.08971	1.09215	1.00668	1.00954	1.00883	1.00879	1.00846	1.00815	0.88921	0.897648	0.899249	0.89902	0.907651	0.909699
ERR605522-k20-n1-x5e9	1.04523	0.946403	0.969493	0.938066	0.949335	0.946057	1.0972	1.07278	1.06589	1.06369	1.06241	1.07232	1.00436	0.896238	1.11166	0.888137	0.924581	0.9191	0.712876	0	0.740585	0.723383	0.723598	0.724236	0.896071	0.898699	0.896409	0.900008	0.901111	0.899966	0.886287	0.88934	0.975024	0.850024	0.864557	0.863741	0.908854	0.990474	0.916284	0.918564	0.91825	0.918373	0.901172	0.899021	0.903968	0.924137	0.906079	0.905677	1.18205	1.16348	1.1541	1.15758	1.15843	1.16432	1.05351	1.04691	1.04804	1.08626	1.0827	1.0865	1.08982	1.07296	1.06269	1.06242	1.06028	1.06997	1.06146	1.055	1.05341	1.06907	1.06999	1.06793	1.01501	1.02408	1.02549	1.02757	1.02504	1.02492	1.07255	1.07094	1.06967	1.09616	1.09654	1.09541	1.00856	1.00974	1.00963	1.01164	1.01035	1.0101	0.894867	0.905018	0.908495	0.906491	0.918802	0.920615
ERR605523-k20-n1-x5e9	1.05087	0.954438	0.978688	0.948107	0.960943	0.956739	1.10555	1.07985	1.07618	1.07304	1.07086	1.0796	1.00993	0.908644	1.11656	0.902657	0.935105	0.930772	0.72865	0.740585	0	0.740042	0.74059	0.739862	0.907451	0.910445	0.906698	0.908292	0.908784	0.906084	0.897527	0.899165	0.985347	0.866014	0.881735	0.879378	0.917151	0.994616	0.920593	0.924225	0.923197	0.923285	0.910029	0.911233	0.916702	0.933399	0.917084	0.915431	1.18783	1.16891	1.1611	1.16343	1.16412	1.16996	1.05654	1.05002	1.05096	1.08763	1.085	1.08818	1.09781	1.07883	1.06864	1.06835	1.0687	1.07637	1.0701	1.06255	1.0615	1.07773	1.07818	1.07617	1.02392	1.02687	1.03047	1.031	1.0298	1.02911	1.08036	1.0789	1.07858	1.1034	1.1017	1.10343	1.01343	1.01623	1.01643	1.01765	1.01657	1.01653	0.905803	0.921116	0.923227	0.922821	0.928524	0.930397
ERR605524-k20-n1-x5e9	1.04359	0.943781	0.966365	0.938026	0.949736	0.943005	1.09775	1.07366	1.06547	1.06501	1.06356	1.07297	1.00369	0.897384	1.11185	0.88799	0.925927	0.920866	0.717055	0.723383	0.740042	0	0.719065	0.723652	0.898529	0.899084	0.89825	0.899135	0.90021	0.899214	0.889422	0.889646	0.976321	0.853138	0.865292	0.866114	0.908695	0.989572	0.917308	0.918415	0.917057	0.917096	0.89782	0.900964	0.904842	0.923722	0.904431	0.906746	1.1826	1.1642	1.15572	1.15848	1.159	1.16518	1.05319	1.04638	1.04777	1.08665	1.08168	1.08655	1.0906	1.0717	1.06324	1.06292	1.06287	1.07095	1.06285	1.0561	1.05346	1.07016	1.06971	1.06804	1.01678	1.02304	1.02405	1.02579	1.02622	1.02591	1.07175	1.07034	1.07017	1.09528	1.09449	1.09554	1.00867	1.01036	1.01161	1.01158	1.01188	1.01113	0.89424	0.906937	0.907521	0.908322	0.918399	0.919199
ERR605525-k20-n1-x5e9	1.04476	0.944391	0.966923	0.93881	0.949451	0.944012	1.097	1.07244	1.0651	1.06311	1.06252	1.07185	1.00293	0.894488	1.11147	0.886329	0.924453	0.919846	0.714795	0.723598	0.74059	0.719065	0	0.718854	0.897847	0.89728	0.89773	0.899431	0.900728	0.900376	0.885567	0.888687	0.976134	0.850378	0.865114	0.863091	0.909283	0.990828	0.91547	0.918028	0.918299	0.918221	0.898912	0.900799	0.902743	0.922247	0.905388	0.903369	1.18164	1.16405	1.154	1.15745	1.15825	1.16405	1.05314	1.04648	1.04704	1.08551	1.08192	1.08551	1.08978	1.07202	1.06254	1.06141	1.06034	1.07037	1.06142	1.0542	1.05237	1.06971	1.06909	1.06686	1.01583	1.02341	1.02551	1.02671	1.02567	1.02534	1.07125	1.06974	1.06828	1.09503	1.09558	1.09552	1.00889	1.01106	1.01103	1.01076	1.01155	1.01013	0.893568	0.905537	0.908499	0.907489	0.917568	0.919842
ERR605526-k20-n1-x5e9	1.04329	0.943645	0.96639	0.936856	0.948424	0.943978	1.09772	1.07369	1.06617	1.06487	1.06316	1.07348	1.00492	0.898654	1.1115	0.88682	0.927029	0.91979	0.717336	0.724236	0.739862	0.723652	0.718854	0	0.899194	0.898679	0.899115	0.898331	0.89863	0.899748	0.886793	0.890661	0.976711	0.85129	0.865574	0.865716	0.907797	0.989699	0.914731	0.918412	0.916705	0.915747	0.898196	0.900537	0.902883	0.920431	0.904365	0.904367	1.18307	1.16423	1.15521	1.15847	1.15912	1.16489	1.05327	1.04633	1.04704	1.0864	1.08132	1.08573	1.09028	1.07241	1.0635	1.06299	1.06108	1.07052	1.06317	1.0551	1.05419	1.07024	1.06942	1.06785	1.01646	1.02277	1.02427	1.02617	1.02536	1.02571	1.07244	1.07075	1.06845	1.09563	1.09476	1.09543	1.00831	1.01072	1.01095	1.01143	1.01048	1.011	0.895445	0.907119	0.908389	0.908623	0.918056	0.920184
ERR607887-k20-n1-x5e9	0.998083	0.885979	0.918843	0.88171	0.895828	0.888259	1.06788	1.03611	1.03088	1.02862	1.02608	1.03603	0.981887	0.861518	1.09638	0.858059	0.892353	0.886038	0.893641	0.896071	0.907451	0.898529	0.897847	0.899194	0	0.738916	0.743038	0.729881	0.731061	0.727072	0.853246	0.853271	0.953254	0.812282	0.823148	0.824362	0.967128	1.08451	0.979943	0.983632	0.98145	0.981318	0.89985	0.900195	0.899505	0.913455	0.905846	0.908579	1.16083	1.1404	1.12903	1.13262	1.13359	1.1412	1.08455	1.07344	1.07383	1.12283	1.11782	1.12284	1.08252	1.05964	1.04862	1.04743	1.04599	1.05927	1.02432	1.01277	1.01068	1.03294	1.03464	1.03382	1.05201	1.0612	1.06398	1.06875	1.06701	1.06798	1.02968	1.02782	1.02672	1.05391	1.05234	1.05493	1.02724	1.03536	1.0375	1.04009	1.03871	1.03922	0.843298	0.841156	0.841816	0.839611	0.847762	0.847983
ERR607888-k20-n1-x5e9	0.998682	0.888426	0.917439	0.880391	0.895396	0.887338	1.06787	1.03538	1.03084	1.02918	1.02646	1.03717	0.982588	0.865415	1.09822	0.858685	0.894045	0.886707	0.897389	0.898699	0.910445	0.899084	0.89728	0.898679	0.738916	0	0.739852	0.727371	0.728319	0.725218	0.852758	0.856449	0.954432	0.8126	0.82588	0.824824	0.968759	1.08493	0.980207	0.985856	0.983301	0.983673	0.90313	0.90458	0.902257	0.91482	0.904574	0.906719	1.16132	1.14173	1.12857	1.1316	1.13276	1.14193	1.08458	1.0727	1.0735	1.12169	1.11776	1.1224	1.08316	1.05925	1.04845	1.04793	1.04564	1.05885	1.02497	1.01262	1.01014	1.03448	1.03324	1.0315	1.05167	1.06201	1.06519	1.06844	1.06789	1.06791	1.02993	1.02618	1.02719	1.05512	1.05357	1.05436	1.02896	1.03695	1.03715	1.03996	1.0387	1.03949	0.842943	0.842473	0.844052	0.843171	0.846751	0.852144
ERR607889-k20-n1-x5e9	0.996094	0.883131	0.916128	0.879218	0.893933	0.886388	1.06857	1.03575	1.03078	1.02797	1.02546	1.03612	0.981401	0.860668	1.09674	0.857534	0.894029	0.887221	0.893602	0.896409	0.906698	0.89825	0.89773	0.899115	0.743038	0.739852	0	0.730211	0.731332	0.72728	0.853163	0.853265	0.953257	0.813693	0.824827	0.826018	0.967156	1.08442	0.979898	0.983289	0.981172	0.981078	0.899692	0.900018	0.900047	0.912649	0.906017	0.908941	1.16163	1.14075	1.12915	1.13267	1.13387	1.14168	1.0846	1.07308	1.07391	1.12244	1.11731	1.12277	1.08328	1.05985	1.04876	1.04717	1.04616	1.0595	1.02419	1.0122	1.0108	1.03244	1.03408	1.03301	1.05162	1.06096	1.06383	1.06856	1.06781	1.06824	1.0292	1.0274	1.02635	1.05329	1.0518	1.05441	1.02764	1.03586	1.0379	1.04005	1.03996	1.04063	0.843417	0.841463	0.842257	0.839877	0.847621	0.847837
ERR607890-k20-n1-x5e9	0.994503	0.881419	0.905792	0.877286	0.889358	0.881868	1.06465	1.02916	1.02708	1.02434	1.02113	1.0313	0.977332	0.86334	1.09509	0.864226	0.88982	0.883551	0.897596	0.900008	0.908292	0.899135	0.899431	0.898331	0.729881	0.727371	0.730211	0	0.715473	0.714682	0.849532	0.854275	0.951804	0.804876	0.819543	0.819356	0.963513	1.08494	0.979342	0.981861	0.980109	0.98048	0.89076	0.894229	0.900622	0.908598	0.897786	0.898483	1.15878	1.13572	1.12136	1.12506	1.12663	1.13665	1.07736	1.06895	1.06913	1.11731	1.1139	1.11821	1.08079	1.0543	1.04258	1.04194	1.04018	1.05492	1.01728	1.00558	1.00207	1.02692	1.02473	1.02413	1.04753	1.05714	1.05896	1.06356	1.06367	1.06476	1.02355	1.02084	1.01994	1.04809	1.04714	1.04994	1.0231	1.03187	1.03222	1.03313	1.03426	1.03411	0.830252	0.846712	0.844541	0.844302	0.845914	0.847073
ERR607891-k20-n1-x5e9	0.995783	0.882539	0.906209	0.878643	0.890312	0.883165	1.06506	1.02981	1.02758	1.02483	1.02119	1.03187	0.978508	0.864163	1.09598	0.865383	0.891362	0.885169	0.898388	0.901111	0.908784	0.90021	0.900728	0.89863	0.731061	0.728319	0.731332	0.715473	0	0.715576	0.850898	0.85529	0.952683	0.805864	0.820814	0.820918	0.963989	1.08528	0.979927	0.982353	0.980519	0.980514	0.891276	0.89502	0.901086	0.909287	0.897933	0.898638	1.15932	1.13574	1.12157	1.12521	1.12668	1.13695	1.07761	1.06904	1.06951	1.11742	1.11407	1.11852	1.08151	1.05495	1.04299	1.04263	1.03972	1.0553	1.01794	1.00617	1.00303	1.02715	1.02507	1.02439	1.04795	1.05756	1.05968	1.06349	1.06431	1.06484	1.0233	1.02184	1.02053	1.04873	1.04657	1.05073	1.02311	1.03227	1.03271	1.03406	1.03539	1.0349	0.831731	0.848108	0.845839	0.845866	0.847124	0.848389
ERR607892-k20-n1-x5e9	0.992213	0.881172	0.902873	0.876704	0.886158	0.881624	1.06453	1.02944	1.02665	1.02215	1.01848	1.03009	0.976064	0.862047	1.09505	0.861928	0.888597	0.88097	0.895866	0.899966	0.906084	0.899214	0.900376	0.899748	0.727072	0.725218	0.72728	0.714682	0.715576	0	0.848281	0.852789	0.949613	0.805562	0.817529	0.817044	0.961631	1.08435	0.977917	0.980447	0.980281	0.980684	0.889535	0.891543	0.899322	0.908994	0.89459	0.896002	1.15922	1.13453	1.11994	1.12436	1.12525	1.13586	1.07657	1.06751	1.06784	1.11761	1.11342	1.11675	1.08045	1.05385	1.0424	1.04087	1.03874	1.05319	1.01584	1.00289	1.00195	1.02499	1.02478	1.02306	1.04783	1.05612	1.05927	1.06295	1.06305	1.06397	1.02289	1.01968	1.01911	1.04795	1.04537	1.04756	1.02249	1.02988	1.03165	1.03299	1.03327	1.03388	0.828571	0.847914	0.845028	0.84206	0.845264	0.847549
ERR609523-k20-n1-x5e9	1.01794	0.915028	0.938852	0.908774	0.920695	0.915284	1.06017	1.03336	1.02704	1.0242	1.02081	1.03378	0.97497	0.8612	1.09187	0.852715	0.893145	0.886988	0.875699	0.886287	0.897527	0.889422	0.885567	0.886793	0.853246	0.852758	0.853163	0.849532	0.850898	0.848281	0	0.786466	0.894688	0.744063	0.76695	0.765015	0.949205	1.0678	0.960787	0.967911	0.96742	0.966486	0.872805	0.875203	0.879032	0.90002	0.880892	0.881526	1.16063	1.13951	1.12967	1.13359	1.13413	1.14026	1.08096	1.07111	1.07262	1.12843	1.12515	1.12901	1.07985	1.05756	1.04773	1.04732	1.04788	1.05814	1.02266	1.01492	1.0151	1.03103	1.03215	1.0302	1.04941	1.05669	1.05992	1.06439	1.06386	1.06333	1.02861	1.02646	1.02515	1.05418	1.05212	1.05472	1.01744	1.02461	1.02639	1.02833	1.02587	1.02721	0.840717	0.857244	0.860103	0.859243	0.863826	0.867598
ERR609524-k20-n1-x5e9	1.02051	0.918003	0.94257	0.909924	0.923523	0.91799	1.0616	1.03228	1.02804	1.02525	1.02187	1.03365	0.976003	0.862852	1.09216	0.853406	0.893127	0.884849	0.878149	0.88934	0.899165	0.889646	0.888687	0.890661	0.853271	0.856449	0.853265	0.854275	0.85529	0.852789	0.786466	0	0.896462	0.74757	0.769115	0.767541	0.949884	1.0682	0.964325	0.969413	0.968649	0.967636	0.876139	0.877988	0.882486	0.90292	0.883865	0.884374	1.16075	1.13929	1.13045	1.13413	1.13324	1.14065	1.08003	1.07201	1.07183	1.12894	1.12556	1.12949	1.08042	1.05781	1.04688	1.04771	1.04753	1.05784	1.02375	1.01546	1.01522	1.03191	1.03219	1.03124	1.05106	1.05723	1.0608	1.0637	1.06329	1.06296	1.0291	1.02639	1.02652	1.05438	1.05342	1.05428	1.01823	1.02426	1.02666	1.02919	1.02703	1.02789	0.843901	0.857829	0.862815	0.863732	0.866957	0.870293
ERR609525-k20-n1-x5e9	1.08208	1.00283	1.02079	0.997182	1.00486	1.0046	1.12428	1.10217	1.09743	1.09601	1.09281	1.1018	1.04797	0.957446	1.1381	0.95417	0.978102	0.974073	0.972091	0.975024	0.985347	0.976321	0.976134	0.976711	0.953254	0.954432	0.953257	0.951804	0.952683	0.949613	0.894688	0.896462	0	0.858815	0.870474	0.869187	1.02295	1.11871	1.03004	1.0352	1.0336	1.03334	0.972608	0.972433	0.974278	0.98981	0.975286	0.975274	1.19997	1.1838	1.17553	1.17803	1.17845	1.184	1.14015	1.13319	1.13382	1.17458	1.17195	1.17555	1.13637	1.123	1.11324	1.11309	1.11148	1.12263	1.08692	1.0811	1.08003	1.09928	1.09879	1.09709	1.11476	1.12192	1.12439	1.12933	1.12588	1.12609	1.0939	1.09087	1.09059	1.1204	1.11914	1.1211	1.08292	1.08832	1.09073	1.09351	1.09106	1.09087	0.944079	0.952096	0.955874	0.953852	0.960742	0.962849
ERR609526-k20-n1-x5e9	0.999046	0.889941	0.915322	0.878595	0.893978	0.890796	1.0303	1.00037	0.993605	0.992363	0.989869	0.999682	0.948952	0.826183	1.07361	0.816585	0.850742	0.845881	0.84223	0.850024	0.866014	0.853138	0.850378	0.85129	0.812282	0.8126	0.813693	0.804876	0.805864	0.805562	0.744063	0.74757	0.858815	0	0.673513	0.671337	0.915201	1.04874	0.927957	0.93594	0.933368	0.93325	0.840558	0.841753	0.840093	0.870205	0.832985	0.83583	1.13659	1.11009	1.10014	1.10451	1.10467	1.11058	1.05267	1.04442	1.04364	1.10302	1.09802	1.10274	1.0495	1.02912	1.01641	1.01616	1.01358	1.02914	0.983902	0.974347	0.970433	1.00044	0.998745	0.998128	1.02014	1.02963	1.03228	1.0399	1.03323	1.0342	0.992462	0.989922	0.986411	1.02713	1.0261	1.02887	0.976775	0.984703	0.987675	0.992506	0.984657	0.986655	0.798035	0.813762	0.81708	0.816844	0.827738	0.832493
ERR609527-k20-n1-x5e9	1.00683	0.905231	0.921885	0.89737	0.900319	0.895161	1.04048	1.01159	1.00459	1.00278	0.999341	1.01149	0.957914	0.843136	1.07969	0.831886	0.855575	0.851229	0.855636	0.864557	0.881735	0.865292	0.865114	0.865574	0.823148	0.82588	0.824827	0.819543	0.820814	0.817529	0.76695	0.769115	0.870474	0.673513	0	0.686291	0.92424	1.05545	0.937367	0.947497	0.945516	0.945099	0.852983	0.853228	0.855958	0.883692	0.848228	0.848354	1.14191	1.117	1.10542	1.10972	1.10987	1.11849	1.0611	1.0512	1.05102	1.10724	1.10303	1.10757	1.05728	1.03496	1.0271	1.0266	1.02413	1.03513	0.994742	0.984119	0.98079	1.00875	1.00988	1.00751	1.02966	1.0396	1.04165	1.0456	1.04056	1.03999	1.006	1.00251	0.999344	1.03593	1.03618	1.03551	0.987523	0.99902	1.00168	1.00277	0.997318	0.997323	0.811127	0.82799	0.833091	0.831753	0.844977	0.849381
ERR609528-k20-n1-x5e9	1.00658	0.903359	0.921676	0.89475	0.899861	0.89671	1.03899	1.00969	1.00423	1.00417	0.999349	1.01091	0.957559	0.841299	1.07974	0.830771	0.859011	0.8482	0.854877	0.863741	0.879378	0.866114	0.863091	0.865716	0.824362	0.824824	0.826018	0.819356	0.820918	0.817044	0.765015	0.767541	0.869187	0.671337	0.686291	0	0.923913	1.05524	0.936068	0.945794	0.943398	0.941972	0.851542	0.852163	0.855807	0.886378	0.84747	0.848153	1.1415	1.11645	1.10545	1.11023	1.10984	1.11712	1.06029	1.05176	1.05104	1.10668	1.10311	1.10706	1.05624	1.03551	1.02503	1.02537	1.02252	1.03543	0.994167	0.984333	0.980489	1.00796	1.00788	1.00789	1.02803	1.03888	1.04395	1.04652	1.04025	1.04074	1.00473	1.0004	0.998491	1.03853	1.035	1.03666	0.985201	0.996367	1.00153	1.00331	0.997688	0.996928	0.812717	0.825971	0.830341	0.829232	0.84186	0.846063
ERR605345-k20-n1-x5e9	1.06848	0.986659	1.00839	0.981582	0.992049	0.985889	1.10287	1.06787	1.06432	1.0627	1.06097	1.06707	1.0649	0.984242	1.15601	0.980093	1.00756	1.00255	0.907	0.908854	0.917151	0.908695	0.909283	0.907797	0.967128	0.968759	0.967156	0.963513	0.963989	0.961631	0.949205	0.949884	1.02295	0.915201	0.92424	0.923913	0	0.914585	0.817023	0.82427	0.824091	0.824167	0.940548	0.94138	0.945	0.959548	0.9462	0.944937	1.18107	1.16048	1.15099	1.15478	1.15403	1.16195	1.04826	1.04094	1.04138	1.0736	1.07015	1.07321	1.08704	1.06251	1.05015	1.05082	1.04961	1.0609	1.06252	1.05459	1.05387	1.06708	1.06772	1.06649	1.01785	1.02135	1.0248	1.02625	1.02514	1.02383	1.07248	1.07039	1.06933	1.08921	1.08719	1.08968	0.999599	1.00394	1.00368	1.00123	1.00321	1.00099	0.977944	0.986151	0.987717	0.985547	0.991113	0.993589
ERR605346-k20-n1-x5e9	1.15261	1.09527	1.11204	1.0902	1.10087	1.09661	1.18109	1.16157	1.15807	1.15731	1.15571	1.16074	1.15277	1.09488	1.21365	1.09134	1.11209	1.10852	0.992492	0.990474	0.994616	0.989572	0.990828	0.989699	1.08451	1.08493	1.08442	1.08494	1.08528	1.08435	1.0678	1.0682	1.11871	1.04874	1.05545	1.05524	0.914585	0	0.915195	0.919534	0.917421	0.918568	1.06311	1.06388	1.06392	1.07608	1.06793	1.06717	1.23952	1.22626	1.21901	1.2213	1.22192	1.22739	1.09655	1.09158	1.09252	1.10264	1.09934	1.1017	1.15207	1.1392	1.12915	1.12971	1.1292	1.13702	1.15764	1.15203	1.15057	1.16	1.16047	1.15955	1.07826	1.0796	1.08097	1.08167	1.08012	1.08047	1.16252	1.16181	1.16093	1.1774	1.17579	1.17748	1.07908	1.07651	1.07567	1.0736	1.07408	1.07338	1.08973	1.09353	1.0952	1.09376	1.09838	1.10056
ERR605347-k20-n1-x5e9	1.07992	0.999082	1.01944	0.994082	1.00568	1.00064	1.11084	1.08147	1.07273	1.07204	1.06971	1.08049	1.07757	0.996763	1.16243	0.992426	1.02135	1.01439	0.917069	0.916284	0.920593	0.917308	0.91547	0.914731	0.979943	0.980207	0.979898	0.979342	0.979927	0.977917	0.960787	0.964325	1.03004	0.927957	0.937367	0.936068	0.817023	0.915195	0	0.829034	0.829501	0.829189	0.955076	0.954686	0.957986	0.973968	0.958707	0.959459	1.18653	1.16974	1.15819	1.16255	1.16291	1.17017	1.05165	1.04696	1.04683	1.07379	1.07019	1.07244	1.09389	1.07443	1.06059	1.06094	1.05821	1.07177	1.07331	1.06661	1.06507	1.07592	1.07701	1.07572	1.02328	1.02801	1.0307	1.03344	1.03136	1.03074	1.0803	1.0796	1.07986	1.10294	1.10113	1.10386	1.0106	1.00994	1.00891	1.00891	1.00757	1.00803	0.990266	0.997747	0.99917	0.997858	1.00302	1.00607
ERR605348-k20-n1-x5e9	1.08185	1.00047	1.02147	0.996594	1.00725	1.00376	1.11605	1.08637	1.07868	1.07661	1.07329	1.08578	1.08068	1.00277	1.16528	0.998188	1.02659	1.02346	0.921264	0.918564	0.924225	0.918415	0.918028	0.918412	0.983632	0.985856	0.983289	0.981861	0.982353	0.980447	0.967911	0.969413	1.0352	0.93594	0.947497	0.945794	0.82427	0.919534	0.829034	0	0.825483	0.826657	0.960507	0.960831	0.964426	0.978081	0.964814	0.964315	1.19087	1.17358	1.16298	1.16647	1.16632	1.17374	1.05507	1.04935	1.05144	1.07508	1.07217	1.07452	1.09876	1.079	1.06603	1.06581	1.06403	1.07762	1.07763	1.07221	1.0707	1.08021	1.08052	1.0797	1.02673	1.03124	1.0328	1.03518	1.03528	1.03564	1.08358	1.08371	1.08362	1.10683	1.10525	1.10784	1.01406	1.01467	1.01358	1.01166	1.01478	1.01282	0.993857	1.0022	1.00397	1.00304	1.00821	1.01017
ERR605349-k20-n1-x5e9	1.08151	1.00054	1.01961	0.994249	1.00624	1.00262	1.11489	1.08477	1.07696	1.07456	1.07266	1.08371	1.08044	1.00123	1.16429	0.997193	1.02561	1.02168	0.918701	0.91825	0.923197	0.917057	0.918299	0.916705	0.98145	0.983301	0.981172	0.980109	0.980519	0.980281	0.96742	0.968649	1.0336	0.933368	0.945516	0.943398	0.824091	0.917421	0.829501	0.825483	0	0.825869	0.956901	0.95743	0.962127	0.97627	0.96212	0.962325	1.19029	1.17196	1.16116	1.16477	1.16574	1.17349	1.05375	1.05	1.05027	1.0743	1.07122	1.07361	1.0983	1.07842	1.06384	1.06385	1.06265	1.07591	1.07649	1.07024	1.06822	1.07766	1.07916	1.07821	1.02469	1.03047	1.03312	1.03462	1.03363	1.03361	1.08304	1.08293	1.08226	1.106	1.10421	1.10591	1.01216	1.01327	1.01112	1.01107	1.01301	1.01174	0.993503	1.00193	1.00322	1.00098	1.00788	1.01045
ERR605350-k20-n1-x5e9	1.08103	0.999267	1.01895	0.993125	1.00488	1.00057	1.11408	1.08408	1.07601	1.07401	1.07172	1.08266	1.08037	1.00049	1.16325	0.996403	1.02448	1.0207	0.91845	0.918373	0.923285	0.917096	0.918221	0.915747	0.981318	0.983673	0.981078	0.98048	0.980514	0.980684	0.966486	0.967636	1.03334	0.93325	0.945099	0.941972	0.824167	0.918568	0.829189	0.826657	0.825869	0	0.957064	0.957593	0.962146	0.975839	0.961941	0.96143	1.18997	1.17165	1.16067	1.16432	1.16536	1.17282	1.05356	1.04981	1.04964	1.0738	1.07059	1.07326	1.09778	1.07683	1.06341	1.06352	1.06235	1.07535	1.07557	1.0695	1.06724	1.07725	1.07839	1.07742	1.02431	1.02953	1.03203	1.0338	1.03336	1.03305	1.08252	1.08214	1.08186	1.10549	1.10368	1.10549	1.01182	1.01287	1.01029	1.01008	1.01221	1.01083	0.993082	1.00003	1.00304	1.00069	1.00694	1.00964
ERR609283-k20-n1-x5e9	1.02912	0.919131	0.949021	0.914766	0.931993	0.924149	1.04657	1.01338	1.00693	1.004	1.00224	1.01273	1.01652	0.911542	1.12156	0.905145	0.946458	0.93897	0.894105	0.901172	0.910029	0.89782	0.898912	0.898196	0.89985	0.90313	0.899692	0.89076	0.891276	0.889535	0.872805	0.876139	0.972608	0.840558	0.852983	0.851542	0.940548	1.06311	0.955076	0.960507	0.956901	0.957064	0	0.731386	0.733902	0.749925	0.756017	0.748381	1.14342	1.12172	1.10946	1.11358	1.11453	1.12284	1.06862	1.05928	1.05832	1.11011	1.10626	1.11083	1.06041	1.03747	1.02499	1.02463	1.02203	1.03706	1.00339	0.993312	0.990771	1.00777	1.00754	1.00677	1.03084	1.03958	1.04449	1.04953	1.04686	1.04701	1.01041	1.00858	1.00806	1.03108	1.02949	1.03256	0.99737	1.00483	1.0065	1.00701	1.00886	1.00802	0.906055	0.909359	0.909329	0.909455	0.915381	0.916591
ERR609284-k20-n1-x5e9	1.03148	0.922854	0.95261	0.916017	0.934386	0.9258	1.04698	1.0131	1.00835	1.00572	1.00208	1.01245	1.01678	0.909363	1.12122	0.905802	0.9448	0.936943	0.893106	0.899021	0.911233	0.900964	0.900799	0.900537	0.900195	0.90458	0.900018	0.894229	0.89502	0.891543	0.875203	0.877988	0.972433	0.841753	0.853228	0.852163	0.94138	1.06388	0.954686	0.960831	0.95743	0.957593	0.731386	0	0.73139	0.750319	0.74724	0.744202	1.14332	1.12176	1.11027	1.11498	1.11593	1.12291	1.06911	1.06026	1.05971	1.11232	1.10788	1.11273	1.06212	1.03824	1.02577	1.02446	1.02387	1.03927	1.00536	0.993763	0.993188	1.00943	1.00986	1.00814	1.03201	1.04114	1.0452	1.05098	1.04743	1.04922	1.01256	1.0092	1.00845	1.03288	1.03225	1.03472	0.99741	1.00629	1.0094	1.00711	1.00799	1.00766	0.903257	0.911422	0.911179	0.90927	0.915016	0.918748
ERR609285-k20-n1-x5e9	1.03664	0.931349	0.95972	0.922131	0.940368	0.935053	1.04792	1.01738	1.01233	1.01045	1.006	1.01553	1.01995	0.914382	1.12311	0.911606	0.944682	0.939604	0.898221	0.903968	0.916702	0.904842	0.902743	0.902883	0.899505	0.902257	0.900047	0.900622	0.901086	0.899322	0.879032	0.882486	0.974278	0.840093	0.855958	0.855807	0.945	1.06392	0.957986	0.964426	0.962127	0.962146	0.733902	0.73139	0	0.760341	0.743993	0.744082	1.14373	1.12427	1.11323	1.1169	1.11729	1.12529	1.07013	1.06181	1.06191	1.11607	1.11227	1.11653	1.06251	1.04264	1.0293	1.028	1.02575	1.04255	1.00907	0.998073	0.996243	1.01227	1.01224	1.01186	1.03631	1.04497	1.04921	1.05624	1.05193	1.05258	1.01331	1.01514	1.01361	1.03828	1.03689	1.0391	1.00142	1.00698	1.00807	1.00818	1.00635	1.00635	0.903188	0.913501	0.911811	0.913365	0.92016	0.924137
ERR609286-k20-n1-x5e9	1.04063	0.943546	0.967208	0.937797	0.950199	0.943575	1.06286	1.03089	1.02742	1.02369	1.02081	1.03061	1.02937	0.933928	1.13011	0.928472	0.966036	0.959785	0.915148	0.924137	0.933399	0.923722	0.922247	0.920431	0.913455	0.91482	0.912649	0.908598	0.909287	0.908994	0.90002	0.90292	0.98981	0.870205	0.883692	0.886378	0.959548	1.07608	0.973968	0.978081	0.97627	0.975839	0.749925	0.750319	0.760341	0	0.757842	0.759557	1.15682	1.13397	1.12471	1.12662	1.12721	1.13484	1.08035	1.07067	1.07282	1.1277	1.1245	1.12849	1.07839	1.0523	1.04329	1.04214	1.04078	1.05368	1.02032	1.01104	1.01192	1.02527	1.02458	1.02417	1.05099	1.05652	1.05976	1.06255	1.06346	1.0631	1.02745	1.0237	1.02443	1.04745	1.04723	1.0493	1.01503	1.02076	1.02336	1.02241	1.02394	1.02459	0.918451	0.936384	0.93504	0.934673	0.939631	0.942627
