	ERR605321-k20-n1-x5e9	ERR605322-k20-n1-x5e9	ERR605323-k20-n1-x5e9	ERR605324-k20-n1-x5e9	ERR605325-k20-n1-x5e9	ERR605326-k20-n1-x5e9	ERR607487-k20-n1-x5e9	ERR607488-k20-n1-x5e9	ERR607489-k20-n1-x5e9	ERR607490-k20-n1-x5e9	ERR607491-k20-n1-x5e9	ERR607492-k20-n1-x5e9	ERR608227-k20-n1-x5e9	ERR608228-k20-n1-x5e9	ERR608229-k20-n1-x5e9	ERR608230-k20-n1-x5e9	ERR608231-k20-n1-x5e9	ERR608232-k20-n1-x5e9	ERR610151-k20-n1-x5e9	ERR610152-k20-n1-x5e9	ERR610153-k20-n1-x5e9	ERR610154-k20-n1-x5e9	ERR610155-k20-n1-x5e9	ERR610156-k20-n1-x5e9	ERR606012-k20-n1-x5e9	ERR606013-k20-n1-x5e9	ERR606014-k20-n1-x5e9	ERR606015-k20-n1-x5e9	ERR606016-k20-n1-x5e9	ERR606017-k20-n1-x5e9	ERR608561-k20-n1-x5e9	ERR608562-k20-n1-x5e9	ERR608563-k20-n1-x5e9	ERR608564-k20-n1-x5e9	ERR608565-k20-n1-x5e9	ERR608566-k20-n1-x5e9	ERR608695-k20-n1-x5e9	ERR608696-k20-n1-x5e9	ERR608697-k20-n1-x5e9	ERR608698-k20-n1-x5e9	ERR608699-k20-n1-x5e9	ERR608700-k20-n1-x5e9	ERR605831-k20-n1-x5e9	ERR605832-k20-n1-x5e9	ERR605833-k20-n1-x5e9	ERR605834-k20-n1-x5e9	ERR605835-k20-n1-x5e9	ERR605836-k20-n1-x5e9	ERR607499-k20-n1-x5e9	ERR607500-k20-n1-x5e9	ERR607501-k20-n1-x5e9	ERR607502-k20-n1-x5e9	ERR607503-k20-n1-x5e9	ERR607504-k20-n1-x5e9	ERR609051-k20-n1-x5e9	ERR609052-k20-n1-x5e9	ERR609053-k20-n1-x5e9	ERR609054-k20-n1-x5e9	ERR609055-k20-n1-x5e9	ERR609056-k20-n1-x5e9	ERR607989-k20-n1-x5e9	ERR607990-k20-n1-x5e9	ERR607991-k20-n1-x5e9	ERR607992-k20-n1-x5e9	ERR607993-k20-n1-x5e9	ERR607994-k20-n1-x5e9	ERR608365-k20-n1-x5e9	ERR608366-k20-n1-x5e9	ERR608367-k20-n1-x5e9	ERR608368-k20-n1-x5e9	ERR608369-k20-n1-x5e9	ERR608370-k20-n1-x5e9	ERR605659-k20-n1-x5e9	ERR605660-k20-n1-x5e9	ERR605661-k20-n1-x5e9	ERR605662-k20-n1-x5e9	ERR605663-k20-n1-x5e9	ERR605664-k20-n1-x5e9	ERR607805-k20-n1-x5e9	ERR607806-k20-n1-x5e9	ERR607807-k20-n1-x5e9	ERR607808-k20-n1-x5e9	ERR607809-k20-n1-x5e9	ERR607810-k20-n1-x5e9	ERR605635-k20-n1-x5e9	ERR605636-k20-n1-x5e9	ERR605637-k20-n1-x5e9	ERR605638-k20-n1-x5e9	ERR605639-k20-n1-x5e9	ERR605640-k20-n1-x5e9	ERR607311-k20-n1-x5e9	ERR607312-k20-n1-x5e9	ERR607313-k20-n1-x5e9	ERR607314-k20-n1-x5e9	ERR607315-k20-n1-x5e9	ERR607316-k20-n1-x5e9
ERR605321-k20-n1-x5e9	0	0.413813	0.246559	0.252949	0.251282	0.250696	0.367581	0.363613	0.369756	0.34195	0.342808	0.34251	0.535513	0.378441	0.417713	0.353176	0.352336	0.351135	0.334446	0.470742	0.346606	0.328095	0.329097	0.327736	0.456056	0.356118	0.351622	0.429733	0.41945	0.427878	0.344964	0.340664	0.354312	0.361252	0.358557	0.35788	0.48706	0.423953	0.423683	0.428717	0.427892	0.428903	0.419958	0.4391	0.324915	0.326306	0.32598	0.326504	0.494967	0.469761	0.703684	0.483388	0.479185	0.480797	0.48464	0.473107	0.476689	0.480343	0.481183	0.483384	0.421303	0.417418	0.642197	0.414609	0.414281	0.414051	0.469235	0.442687	0.437052	0.440869	0.439109	0.443475	0.426403	0.432484	0.435421	0.442242	0.434909	0.436921	0.422651	0.417952	0.416095	0.439668	0.43907	0.438279	0.399386	0.397813	0.39834	0.399205	0.404575	0.403927	0.471607	0.462302	0.460234	0.503146	0.497196	0.491941
ERR605322-k20-n1-x5e9	0.413813	0	0.386935	0.375	0.377843	0.377721	0.384964	0.39104	0.385527	0.440138	0.438215	0.438989	0.380283	0.413236	0.385594	0.448719	0.444728	0.449736	0.439411	0.333258	0.398895	0.437234	0.441087	0.443748	0.326408	0.358525	0.36452	0.321511	0.32384	0.321881	0.401347	0.41286	0.395327	0.546744	0.543497	0.542325	0.414649	0.454775	0.469111	0.457263	0.455837	0.455764	0.331405	0.326299	0.474396	0.47314	0.475312	0.477125	0.526158	0.552228	0.617866	0.531791	0.535336	0.535029	0.550206	0.585757	0.59755	0.552248	0.549799	0.545846	0.512761	0.542836	0.529057	0.521505	0.525889	0.524753	0.492468	0.519176	0.532278	0.536289	0.538028	0.517757	0.491939	0.476706	0.473984	0.472573	0.477306	0.474196	0.487051	0.503083	0.504702	0.465829	0.470741	0.472684	0.525502	0.512254	0.508746	0.50621	0.509332	0.507671	0.495821	0.506587	0.506346	0.48513	0.487805	0.489957
ERR605323-k20-n1-x5e9	0.246559	0.386935	0	0.246585	0.245956	0.24509	0.353917	0.351005	0.356867	0.340072	0.340167	0.340289	0.513749	0.370298	0.403395	0.352866	0.351133	0.350961	0.332685	0.444525	0.335054	0.32542	0.327287	0.326727	0.428901	0.338942	0.335403	0.405852	0.396173	0.404177	0.338032	0.336566	0.346295	0.38232	0.379284	0.37842	0.471602	0.422033	0.424535	0.426946	0.42571	0.426673	0.397189	0.415082	0.332493	0.333586	0.333634	0.334285	0.485498	0.468228	0.689219	0.477167	0.47407	0.475324	0.480692	0.478439	0.484287	0.479283	0.479527	0.481186	0.417826	0.423604	0.623333	0.415792	0.416765	0.416275	0.457909	0.439597	0.4377	0.441591	0.440565	0.439715	0.424726	0.427187	0.428895	0.43551	0.427632	0.429176	0.417274	0.416367	0.414333	0.430713	0.430888	0.430554	0.405053	0.400081	0.398838	0.399487	0.403418	0.402576	0.462946	0.456501	0.453799	0.491394	0.486355	0.481685
ERR605324-k20-n1-x5e9	0.252949	0.375	0.246585	0	0.243598	0.242938	0.347052	0.344217	0.348577	0.337523	0.337683	0.337541	0.499021	0.359111	0.38903	0.3467	0.345145	0.345683	0.328893	0.434816	0.328587	0.32464	0.326452	0.3266	0.420771	0.328209	0.325392	0.39244	0.382956	0.390527	0.329792	0.328794	0.336182	0.388137	0.384917	0.384199	0.459588	0.409642	0.412552	0.41379	0.412934	0.413971	0.38434	0.402506	0.335995	0.336964	0.337955	0.339744	0.488031	0.471647	0.683453	0.477767	0.475162	0.476306	0.48527	0.483905	0.490004	0.480225	0.480256	0.481345	0.426098	0.429848	0.61712	0.421675	0.422471	0.421953	0.458161	0.441146	0.440379	0.443931	0.443254	0.441158	0.42189	0.423479	0.425107	0.429705	0.42698	0.4277	0.417717	0.417403	0.417223	0.427174	0.427257	0.426692	0.411939	0.407535	0.406297	0.405762	0.413151	0.41196	0.461076	0.454877	0.45387	0.486083	0.480987	0.476585
ERR605325-k20-n1-x5e9	0.251282	0.377843	0.245956	0.243598	0	0.242865	0.348138	0.345448	0.350055	0.33751	0.337682	0.337597	0.501576	0.359994	0.390732	0.346235	0.344932	0.345119	0.328631	0.437617	0.329499	0.324241	0.326084	0.325939	0.423486	0.329981	0.326737	0.395233	0.385616	0.393545	0.330461	0.329211	0.336982	0.385831	0.382713	0.381843	0.462382	0.411274	0.413773	0.415349	0.414649	0.415538	0.387176	0.405444	0.334659	0.335601	0.336502	0.338382	0.487799	0.470438	0.684449	0.477134	0.474359	0.475579	0.484263	0.482149	0.48801	0.479289	0.479263	0.480458	0.424635	0.427936	0.618661	0.419931	0.420886	0.420421	0.457615	0.439729	0.438741	0.442209	0.441458	0.439942	0.421199	0.423091	0.424781	0.42977	0.426453	0.427298	0.416906	0.416237	0.415966	0.426856	0.426941	0.426363	0.410097	0.405745	0.404718	0.40405	0.411557	0.410192	0.460777	0.454307	0.453241	0.486461	0.481311	0.477044
ERR605326-k20-n1-x5e9	0.250696	0.377721	0.24509	0.242938	0.242865	0	0.347555	0.344758	0.349362	0.337104	0.337166	0.337024	0.50191	0.360171	0.391077	0.346634	0.345038	0.345368	0.328283	0.436839	0.329006	0.32355	0.325393	0.325217	0.422522	0.329537	0.326452	0.394902	0.385226	0.393008	0.330818	0.329638	0.337328	0.386153	0.382992	0.382118	0.462374	0.411703	0.414402	0.416141	0.415161	0.416088	0.386832	0.405151	0.334178	0.335348	0.336256	0.337645	0.487186	0.470224	0.684474	0.476924	0.47408	0.475393	0.483669	0.481906	0.487784	0.479151	0.479168	0.480378	0.423846	0.427719	0.618504	0.419586	0.420438	0.419951	0.457546	0.439871	0.438816	0.442428	0.441624	0.439991	0.421651	0.423417	0.425103	0.430215	0.426462	0.427362	0.416775	0.416299	0.415939	0.427197	0.42724	0.426828	0.409891	0.405414	0.404245	0.403748	0.410741	0.409491	0.460784	0.454265	0.453273	0.486349	0.481526	0.476946
ERR607487-k20-n1-x5e9	0.367581	0.384964	0.353917	0.347052	0.348138	0.347555	0	0.254875	0.255934	0.276391	0.275173	0.275395	0.440236	0.344805	0.353268	0.355229	0.352374	0.355258	0.351207	0.399535	0.335292	0.34863	0.350961	0.35198	0.393097	0.326681	0.326644	0.364302	0.358689	0.3642	0.326323	0.331275	0.326736	0.435058	0.431829	0.430797	0.418733	0.397708	0.405403	0.401044	0.399892	0.400522	0.357823	0.372452	0.373707	0.37525	0.377036	0.37887	0.491187	0.488582	0.659026	0.48362	0.483208	0.483841	0.490463	0.505026	0.513981	0.486134	0.484873	0.483565	0.444392	0.456571	0.582728	0.443594	0.445675	0.445193	0.453216	0.452134	0.457403	0.460768	0.461428	0.451515	0.448544	0.444691	0.443976	0.445579	0.449197	0.448006	0.429609	0.436318	0.437741	0.425727	0.426957	0.42763	0.455769	0.448763	0.446628	0.445331	0.453459	0.451945	0.448681	0.448275	0.44892	0.460365	0.457157	0.45465
ERR607488-k20-n1-x5e9	0.363613	0.39104	0.351005	0.344217	0.345448	0.344758	0.254875	0	0.255457	0.270567	0.26951	0.269842	0.445415	0.342689	0.35452	0.350626	0.348306	0.350883	0.347348	0.406034	0.33367	0.344694	0.346925	0.347742	0.398456	0.326931	0.326625	0.368751	0.362909	0.368689	0.325064	0.329018	0.325955	0.42868	0.42542	0.424533	0.423022	0.397155	0.404034	0.400198	0.399215	0.399982	0.36188	0.377457	0.368623	0.3705	0.372176	0.374199	0.491961	0.486747	0.663067	0.483148	0.482436	0.483285	0.489833	0.502088	0.510512	0.484702	0.483618	0.482647	0.442832	0.453124	0.587926	0.440853	0.442856	0.442527	0.45468	0.450685	0.455252	0.458393	0.459021	0.450311	0.447846	0.444833	0.4446	0.446213	0.450002	0.448991	0.428475	0.434281	0.43583	0.426122	0.42697	0.427593	0.452723	0.446297	0.444365	0.44301	0.451784	0.45019	0.449207	0.447832	0.448467	0.462797	0.458743	0.455969
ERR607489-k20-n1-x5e9	0.369756	0.385527	0.356867	0.348577	0.350055	0.349362	0.255934	0.255457	0	0.276678	0.275267	0.275494	0.436409	0.34104	0.348463	0.352787	0.350172	0.353144	0.350526	0.401922	0.335352	0.349693	0.352063	0.353215	0.396058	0.325912	0.325652	0.363399	0.358126	0.363135	0.324161	0.328863	0.323561	0.435059	0.43185	0.430814	0.417035	0.392866	0.399926	0.395638	0.394501	0.395393	0.35747	0.372394	0.375225	0.377367	0.379515	0.381742	0.495427	0.491263	0.65961	0.485928	0.485412	0.486301	0.494727	0.507577	0.51609	0.487975	0.48669	0.485281	0.449496	0.458902	0.583837	0.44666	0.448522	0.44812	0.456718	0.453804	0.458774	0.461764	0.462712	0.453323	0.448993	0.44522	0.444617	0.445388	0.451852	0.450382	0.431273	0.437525	0.439979	0.426435	0.427061	0.427985	0.458448	0.452189	0.450367	0.448649	0.458721	0.457182	0.449983	0.448926	0.450716	0.460899	0.457011	0.454576
ERR607490-k20-n1-x5e9	0.34195	0.440138	0.340072	0.337523	0.33751	0.337104	0.276391	0.270567	0.276678	0	0.24789	0.247229	0.496833	0.349614	0.380561	0.335432	0.334684	0.334917	0.329282	0.453597	0.335241	0.326672	0.327839	0.327508	0.445274	0.346847	0.343603	0.413592	0.405663	0.41346	0.329074	0.326488	0.334646	0.381074	0.378157	0.377445	0.460915	0.403052	0.403873	0.406424	0.405854	0.407155	0.402899	0.422647	0.338237	0.342019	0.342967	0.344896	0.497865	0.475713	0.692429	0.483385	0.480264	0.481591	0.486142	0.480743	0.485501	0.477658	0.477837	0.479031	0.432442	0.427857	0.625165	0.423472	0.423644	0.4235	0.464306	0.442243	0.440055	0.442398	0.441928	0.442688	0.444685	0.44866	0.449604	0.453421	0.454964	0.455293	0.423999	0.422111	0.423386	0.433673	0.432102	0.43196	0.430525	0.428977	0.428332	0.427771	0.438606	0.43725	0.457452	0.449324	0.450116	0.48264	0.475982	0.470979
ERR607491-k20-n1-x5e9	0.342808	0.438215	0.340167	0.337683	0.337682	0.337166	0.275173	0.26951	0.275267	0.24789	0	0.247659	0.494769	0.348362	0.378802	0.335546	0.334581	0.334835	0.329271	0.451641	0.334538	0.327128	0.328324	0.327952	0.443714	0.345615	0.34238	0.411596	0.403541	0.411338	0.328166	0.325827	0.333492	0.383206	0.380311	0.379511	0.459652	0.402628	0.40368	0.406148	0.40556	0.406562	0.401077	0.420847	0.339535	0.343355	0.344524	0.346367	0.49787	0.476174	0.691334	0.483404	0.480178	0.481566	0.48636	0.481509	0.486386	0.477727	0.477786	0.478891	0.433113	0.429201	0.623626	0.424655	0.424616	0.424518	0.463909	0.442214	0.440411	0.442736	0.442497	0.442765	0.444219	0.447864	0.448849	0.452707	0.454527	0.454721	0.424308	0.422421	0.424058	0.433328	0.43176	0.431589	0.431765	0.430032	0.429302	0.428712	0.439686	0.438346	0.457256	0.44902	0.450013	0.481553	0.474989	0.470106
ERR607492-k20-n1-x5e9	0.34251	0.438989	0.340289	0.337541	0.337597	0.337024	0.275395	0.269842	0.275494	0.247229	0.247659	0	0.495494	0.348378	0.379255	0.335324	0.33451	0.334615	0.328827	0.45244	0.334372	0.326688	0.327883	0.327519	0.444401	0.345748	0.342753	0.412099	0.404165	0.412007	0.328219	0.325639	0.333607	0.382001	0.379055	0.378453	0.459913	0.402505	0.403102	0.405867	0.405254	0.406548	0.401641	0.42156	0.338941	0.34282	0.343854	0.345737	0.497842	0.475747	0.691542	0.483339	0.480153	0.481445	0.486085	0.480847	0.485732	0.477324	0.477435	0.478523	0.432838	0.428281	0.62432	0.424004	0.423888	0.423924	0.463932	0.442015	0.43998	0.442253	0.442068	0.442497	0.444316	0.448062	0.449189	0.452915	0.454594	0.455003	0.423992	0.421926	0.423552	0.433295	0.431724	0.431472	0.430974	0.429376	0.428659	0.428035	0.439108	0.437741	0.456893	0.448826	0.449873	0.481581	0.475015	0.469987
ERR608227-k20-n1-x5e9	0.535513	0.380283	0.513749	0.499021	0.501576	0.50191	0.440236	0.445415	0.436409	0.496833	0.494769	0.495494	0	0.401877	0.350371	0.454542	0.450977	0.457107	0.499659	0.386654	0.462714	0.504906	0.507468	0.510488	0.395653	0.427676	0.432952	0.378332	0.386499	0.381506	0.450522	0.462	0.439275	0.603905	0.600834	0.599546	0.425445	0.478538	0.492264	0.478056	0.477636	0.477586	0.402954	0.396886	0.553401	0.555468	0.559105	0.562386	0.595097	0.617688	0.625901	0.594216	0.597709	0.597242	0.615935	0.647772	0.65779	0.608585	0.605553	0.600649	0.586586	0.606994	0.534815	0.58823	0.591797	0.590851	0.553721	0.577519	0.590862	0.592197	0.595106	0.576742	0.569695	0.55609	0.55226	0.546397	0.56557	0.560929	0.546899	0.561259	0.56837	0.518233	0.519549	0.521982	0.609737	0.600513	0.596501	0.592581	0.605027	0.602786	0.539388	0.549952	0.55565	0.5162	0.516933	0.521235
ERR608228-k20-n1-x5e9	0.378441	0.413236	0.370298	0.359111	0.359994	0.360171	0.344805	0.342689	0.34104	0.349614	0.348362	0.348378	0.401877	0	0.268708	0.262152	0.26111	0.263764	0.344727	0.434126	0.34029	0.352984	0.353655	0.354903	0.42755	0.335053	0.333011	0.383067	0.37729	0.381879	0.321031	0.321598	0.319228	0.420234	0.416961	0.415505	0.431347	0.381592	0.383239	0.382617	0.382892	0.383969	0.390983	0.408161	0.391873	0.396052	0.399634	0.403874	0.52764	0.512504	0.681333	0.510525	0.508705	0.509529	0.525244	0.525777	0.530724	0.508628	0.507385	0.506849	0.479874	0.474117	0.609933	0.467174	0.467566	0.46731	0.482971	0.469306	0.471752	0.472107	0.473378	0.46972	0.468977	0.467923	0.468326	0.466887	0.480311	0.478478	0.44266	0.442211	0.450283	0.438844	0.435594	0.435765	0.480622	0.479196	0.477686	0.474711	0.491525	0.489324	0.46946	0.462835	0.470194	0.480442	0.473582	0.470752
ERR608229-k20-n1-x5e9	0.417713	0.385594	0.403395	0.38903	0.390732	0.391077	0.353268	0.35452	0.348463	0.380561	0.378802	0.379255	0.350371	0.268708	0	0.306093	0.303671	0.308438	0.377584	0.405854	0.359015	0.386855	0.388253	0.390617	0.403076	0.340121	0.340912	0.358126	0.356156	0.358465	0.340751	0.345881	0.333647	0.471319	0.468001	0.466679	0.411011	0.389972	0.39609	0.390608	0.390546	0.391229	0.372067	0.384072	0.432473	0.436701	0.440619	0.445003	0.540412	0.537112	0.661335	0.52671	0.52691	0.527176	0.546059	0.557068	0.563677	0.530376	0.528357	0.525984	0.506153	0.507553	0.583492	0.496667	0.498001	0.497559	0.49425	0.492916	0.499289	0.499808	0.501899	0.493203	0.488707	0.483148	0.481954	0.478583	0.496535	0.49323	0.46383	0.468181	0.477277	0.449543	0.447305	0.44842	0.513578	0.509626	0.507293	0.503546	0.5208	0.518293	0.478731	0.477482	0.485768	0.47752	0.472462	0.471877
ERR608230-k20-n1-x5e9	0.353176	0.448719	0.352866	0.3467	0.346235	0.346634	0.355229	0.350626	0.352787	0.335432	0.335546	0.335324	0.454542	0.262152	0.306093	0	0.242643	0.241811	0.32891	0.467128	0.340417	0.334996	0.334705	0.33463	0.459298	0.350009	0.346051	0.4185	0.410256	0.41706	0.324664	0.320445	0.328474	0.376625	0.373459	0.372427	0.462726	0.391793	0.389269	0.393556	0.393993	0.395236	0.421501	0.441249	0.362938	0.36664	0.369453	0.373076	0.522354	0.495923	0.702528	0.502641	0.499076	0.500286	0.511642	0.500734	0.503608	0.495288	0.495171	0.496327	0.460826	0.447205	0.636739	0.445201	0.444358	0.444282	0.4818	0.4556	0.453105	0.45325	0.453403	0.456202	0.459905	0.463992	0.465662	0.467117	0.474518	0.474111	0.433174	0.427146	0.433563	0.439966	0.436017	0.435624	0.454859	0.456006	0.455628	0.453466	0.469236	0.467449	0.46992	0.458905	0.4644	0.491869	0.483879	0.479268
ERR608231-k20-n1-x5e9	0.352336	0.444728	0.351133	0.345145	0.344932	0.345038	0.352374	0.348306	0.350172	0.334684	0.334581	0.33451	0.450977	0.26111	0.303671	0.242643	0	0.242354	0.328886	0.463044	0.339017	0.334388	0.334227	0.334325	0.454833	0.347493	0.34358	0.414721	0.40625	0.413178	0.323304	0.319743	0.327066	0.379089	0.375847	0.374751	0.460073	0.391823	0.389903	0.393724	0.394157	0.395221	0.417948	0.437509	0.362816	0.366393	0.369307	0.372713	0.520641	0.495628	0.700395	0.501933	0.49846	0.499509	0.510563	0.501316	0.50455	0.49534	0.495169	0.496216	0.459832	0.447956	0.634009	0.445256	0.44468	0.444481	0.480141	0.455602	0.453499	0.453958	0.454072	0.455936	0.460312	0.464262	0.465678	0.466889	0.474012	0.473724	0.432449	0.427295	0.433408	0.439012	0.435284	0.434913	0.455156	0.455755	0.455271	0.453272	0.468319	0.466467	0.46902	0.458486	0.463733	0.490434	0.482714	0.478322
ERR608232-k20-n1-x5e9	0.351135	0.449736	0.350961	0.345683	0.345119	0.345368	0.355258	0.350883	0.353144	0.334917	0.334835	0.334615	0.457107	0.263764	0.308438	0.241811	0.242354	0	0.328258	0.467555	0.340333	0.333538	0.333356	0.33325	0.459349	0.350484	0.346472	0.41968	0.411144	0.418178	0.325672	0.321443	0.32964	0.374736	0.371658	0.370602	0.464609	0.393968	0.391572	0.396093	0.396523	0.397699	0.422522	0.442089	0.361133	0.364575	0.36724	0.370666	0.520875	0.494331	0.702995	0.501786	0.498136	0.499388	0.510027	0.499	0.501925	0.494586	0.494527	0.495893	0.458585	0.445478	0.63738	0.44334	0.442658	0.44258	0.480994	0.454688	0.452141	0.452464	0.45235	0.455109	0.459922	0.464358	0.46586	0.467557	0.474065	0.473742	0.432502	0.426404	0.432518	0.440311	0.436299	0.435933	0.45287	0.453958	0.453629	0.451487	0.46669	0.464967	0.469787	0.458629	0.463758	0.492285	0.484399	0.479734
ERR610151-k20-n1-x5e9	0.334446	0.439411	0.332685	0.328893	0.328631	0.328283	0.351207	0.347348	0.350526	0.329282	0.329271	0.328827	0.499659	0.344727	0.377584	0.32891	0.328886	0.328258	0	0.414016	0.254062	0.242251	0.241435	0.241959	0.438848	0.332305	0.327834	0.404955	0.396222	0.404471	0.343887	0.34019	0.348574	0.390204	0.38636	0.385604	0.489733	0.427791	0.425957	0.430093	0.430277	0.431683	0.390843	0.412221	0.323284	0.329377	0.331641	0.335295	0.498774	0.472763	0.691601	0.481628	0.478154	0.479565	0.500657	0.489381	0.492814	0.488486	0.488621	0.490058	0.43321	0.430011	0.625261	0.421478	0.422025	0.421545	0.466204	0.438848	0.435755	0.437133	0.436594	0.439863	0.440995	0.44622	0.447335	0.449962	0.455424	0.455477	0.413239	0.408164	0.412602	0.42406	0.42033	0.419882	0.424711	0.421706	0.419592	0.415835	0.434596	0.432179	0.466301	0.455914	0.459244	0.491133	0.483633	0.47854
ERR610152-k20-n1-x5e9	0.470742	0.333258	0.444525	0.434816	0.437617	0.436839	0.399535	0.406034	0.401922	0.453597	0.451641	0.45244	0.386654	0.434126	0.405854	0.467128	0.463044	0.467555	0.414016	0	0.366536	0.410139	0.413667	0.417262	0.31501	0.37113	0.37777	0.327983	0.331284	0.330529	0.43451	0.445911	0.42939	0.573844	0.570248	0.569061	0.459978	0.502456	0.516038	0.504736	0.503713	0.503861	0.33696	0.328849	0.483925	0.482699	0.484741	0.486669	0.51808	0.551783	0.604674	0.529015	0.53368	0.532918	0.554787	0.596151	0.609183	0.561875	0.559543	0.555518	0.513322	0.554794	0.508033	0.527277	0.533198	0.53156	0.487064	0.521935	0.537816	0.541879	0.543755	0.519908	0.513788	0.498548	0.494915	0.493594	0.495738	0.492594	0.488032	0.506392	0.507381	0.466262	0.471668	0.473622	0.540667	0.523968	0.518825	0.51475	0.518814	0.516706	0.499799	0.512261	0.511082	0.486892	0.491788	0.494018
ERR610153-k20-n1-x5e9	0.346606	0.398895	0.335054	0.328587	0.329499	0.329006	0.335292	0.33367	0.335352	0.335241	0.334538	0.334372	0.462714	0.34029	0.359015	0.340417	0.339017	0.340333	0.254062	0.366536	0	0.255734	0.257665	0.259313	0.396074	0.309145	0.306844	0.365573	0.35807	0.365498	0.34141	0.342495	0.343246	0.427142	0.423191	0.422189	0.468906	0.430689	0.433776	0.433021	0.432987	0.434007	0.354226	0.37258	0.344653	0.348695	0.351384	0.354837	0.488323	0.475446	0.667955	0.476271	0.474748	0.475529	0.499544	0.502202	0.50905	0.491169	0.49062	0.490672	0.434541	0.446237	0.593752	0.430207	0.432715	0.431757	0.452875	0.439956	0.443124	0.445417	0.445772	0.440491	0.440749	0.440263	0.440354	0.441846	0.447693	0.446836	0.412226	0.413842	0.417693	0.415279	0.413507	0.413754	0.437801	0.429882	0.426443	0.422436	0.438456	0.435951	0.45752	0.452095	0.454747	0.475203	0.469794	0.465993
ERR610154-k20-n1-x5e9	0.328095	0.437234	0.32542	0.32464	0.324241	0.32355	0.34863	0.344694	0.349693	0.326672	0.327128	0.326688	0.504906	0.352984	0.386855	0.334996	0.334388	0.333538	0.242251	0.410139	0.255734	0	0.237451	0.237277	0.433519	0.33335	0.3296	0.405827	0.397056	0.405911	0.346917	0.344042	0.35313	0.390169	0.386342	0.385437	0.491243	0.435344	0.435292	0.438497	0.438405	0.439606	0.391523	0.412029	0.318968	0.323657	0.325071	0.327586	0.489733	0.466746	0.690181	0.476242	0.473	0.474333	0.491885	0.484002	0.488313	0.484514	0.485046	0.486551	0.420855	0.424111	0.6226	0.413684	0.414876	0.414359	0.459804	0.435297	0.432689	0.434805	0.43394	0.43605	0.440502	0.445255	0.446274	0.450394	0.450757	0.45143	0.408681	0.405179	0.406664	0.421503	0.419094	0.41879	0.417002	0.412181	0.409595	0.406996	0.421503	0.419423	0.463048	0.454102	0.454622	0.489761	0.483241	0.478094
ERR610155-k20-n1-x5e9	0.329097	0.441087	0.327287	0.326452	0.326084	0.325393	0.350961	0.346925	0.352063	0.327839	0.328324	0.327883	0.507468	0.353655	0.388253	0.334705	0.334227	0.333356	0.241435	0.413667	0.257665	0.237451	0	0.236911	0.437634	0.336475	0.332574	0.409613	0.400799	0.409608	0.347877	0.344687	0.354237	0.387962	0.384178	0.383395	0.493217	0.435525	0.43493	0.438518	0.43854	0.439582	0.394695	0.415624	0.319048	0.323921	0.325283	0.327984	0.491204	0.466853	0.691934	0.476983	0.473379	0.474854	0.492477	0.483252	0.487336	0.484596	0.485165	0.486675	0.421957	0.423778	0.625013	0.413801	0.414979	0.414353	0.461534	0.435733	0.432645	0.434589	0.433869	0.436581	0.440971	0.446257	0.447204	0.451347	0.452189	0.452945	0.409177	0.405066	0.406788	0.422488	0.419641	0.419335	0.416856	0.412695	0.41013	0.407268	0.422539	0.420516	0.463934	0.454434	0.455219	0.490917	0.484016	0.478986
ERR610156-k20-n1-x5e9	0.327736	0.443748	0.326727	0.3266	0.325939	0.325217	0.35198	0.347742	0.353215	0.327508	0.327952	0.327519	0.510488	0.354903	0.390617	0.33463	0.334325	0.33325	0.241959	0.417262	0.259313	0.237277	0.236911	0	0.440422	0.338447	0.334313	0.412164	0.403373	0.412202	0.348787	0.345039	0.355257	0.385001	0.381344	0.380563	0.494818	0.435725	0.435061	0.438886	0.438927	0.440132	0.397472	0.418504	0.316981	0.321981	0.323233	0.325651	0.491758	0.466807	0.69377	0.47755	0.473911	0.4754	0.492461	0.482329	0.48631	0.484619	0.485335	0.486929	0.421398	0.422115	0.627408	0.412992	0.413895	0.413394	0.462677	0.435862	0.432315	0.434341	0.433353	0.436824	0.441307	0.446826	0.44786	0.452086	0.452321	0.453347	0.409389	0.404996	0.406591	0.423503	0.420815	0.420499	0.415569	0.411719	0.409307	0.406632	0.421516	0.419636	0.464876	0.454921	0.455901	0.492306	0.485537	0.480404
ERR606012-k20-n1-x5e9	0.456056	0.326408	0.428901	0.420771	0.423486	0.422522	0.393097	0.398456	0.396058	0.445274	0.443714	0.444401	0.395653	0.42755	0.403076	0.459298	0.454833	0.459349	0.438848	0.31501	0.396074	0.433519	0.437634	0.440422	0	0.33524	0.34246	0.29165	0.293221	0.292979	0.427416	0.438762	0.423306	0.564501	0.561213	0.559948	0.453691	0.494584	0.508311	0.497411	0.49581	0.496151	0.329922	0.321133	0.472821	0.470476	0.472658	0.473821	0.532542	0.562695	0.622529	0.543049	0.546785	0.546284	0.562193	0.601492	0.61404	0.570164	0.567921	0.564571	0.518121	0.555824	0.527823	0.531642	0.537069	0.535576	0.49811	0.530909	0.5455	0.550066	0.5515	0.528935	0.51268	0.497744	0.494661	0.495006	0.491874	0.489373	0.496567	0.513188	0.513402	0.478508	0.484215	0.485885	0.538285	0.522552	0.518123	0.515794	0.515041	0.513692	0.511371	0.521914	0.51999	0.503874	0.507294	0.508905
ERR606013-k20-n1-x5e9	0.356118	0.358525	0.338942	0.328209	0.329981	0.329537	0.326681	0.326931	0.325912	0.346847	0.345615	0.345748	0.427676	0.335053	0.340121	0.350009	0.347493	0.350484	0.332305	0.37113	0.309145	0.33335	0.336475	0.338447	0.33524	0	0.250073	0.295202	0.286877	0.293156	0.338036	0.342728	0.336389	0.453329	0.449765	0.448613	0.437261	0.414581	0.42123	0.416385	0.415744	0.416547	0.3178	0.332323	0.363075	0.363548	0.367077	0.370534	0.505112	0.503075	0.657218	0.496342	0.496201	0.496641	0.518534	0.531189	0.53964	0.510589	0.50949	0.508078	0.464153	0.477177	0.580989	0.461619	0.464328	0.463441	0.465609	0.465362	0.472171	0.475122	0.476144	0.464832	0.445736	0.439851	0.439809	0.439815	0.446914	0.445004	0.437662	0.443291	0.447377	0.431054	0.43226	0.432547	0.461991	0.453449	0.451372	0.447934	0.459531	0.457417	0.469256	0.467652	0.470443	0.477708	0.475285	0.472677
ERR606014-k20-n1-x5e9	0.351622	0.36452	0.335403	0.325392	0.326737	0.326452	0.326644	0.326625	0.325652	0.343603	0.34238	0.342753	0.432952	0.333011	0.340912	0.346051	0.34358	0.346472	0.327834	0.37777	0.306844	0.3296	0.332574	0.334313	0.34246	0.250073	0	0.301051	0.292144	0.29882	0.33581	0.340154	0.334833	0.447569	0.443978	0.442931	0.440458	0.41352	0.418995	0.415264	0.414651	0.41537	0.322177	0.337338	0.357692	0.358592	0.362325	0.365536	0.506141	0.501947	0.661119	0.496102	0.495624	0.496455	0.518484	0.528813	0.536767	0.509918	0.508633	0.507798	0.462658	0.474056	0.585578	0.459278	0.461804	0.46088	0.466744	0.464015	0.470082	0.473081	0.474057	0.463538	0.444502	0.439353	0.439799	0.439832	0.44737	0.445507	0.436549	0.441488	0.445642	0.431499	0.43211	0.432334	0.458987	0.451043	0.449026	0.445708	0.457948	0.455756	0.469788	0.467334	0.470281	0.479758	0.47658	0.474041
ERR606015-k20-n1-x5e9	0.429733	0.321511	0.405852	0.39244	0.395233	0.394902	0.364302	0.368751	0.363399	0.413592	0.411596	0.412099	0.378332	0.383067	0.358126	0.4185	0.414721	0.41968	0.404955	0.327983	0.365573	0.405827	0.409613	0.412164	0.29165	0.295202	0.301051	0	0.260939	0.260778	0.388404	0.398574	0.381457	0.532835	0.529414	0.528264	0.427174	0.447996	0.459809	0.448985	0.448057	0.448071	0.304967	0.303682	0.443111	0.440466	0.443968	0.446777	0.531399	0.549431	0.62894	0.531041	0.533773	0.533595	0.556537	0.585304	0.59604	0.552974	0.550976	0.547482	0.512906	0.536741	0.542479	0.516664	0.520558	0.519451	0.491667	0.512548	0.525128	0.52852	0.53056	0.511164	0.486905	0.473711	0.472127	0.46938	0.476807	0.473211	0.480321	0.493378	0.497375	0.459966	0.46435	0.465582	0.520357	0.508536	0.505703	0.501883	0.508824	0.506728	0.496983	0.50339	0.505943	0.488248	0.490172	0.490847
ERR606016-k20-n1-x5e9	0.41945	0.32384	0.396173	0.382956	0.385616	0.385226	0.358689	0.362909	0.358126	0.405663	0.403541	0.404165	0.386499	0.37729	0.356156	0.410256	0.40625	0.411144	0.396222	0.331284	0.35807	0.397056	0.400799	0.403373	0.293221	0.286877	0.292144	0.260939	0	0.257827	0.381929	0.391641	0.375619	0.524127	0.520739	0.519582	0.428289	0.444507	0.455876	0.445258	0.444327	0.444629	0.303721	0.303941	0.432775	0.429405	0.432822	0.435471	0.528513	0.544657	0.633899	0.527449	0.529889	0.529649	0.552475	0.5799	0.590473	0.549005	0.546713	0.543746	0.506988	0.530629	0.548415	0.510746	0.514555	0.513357	0.487612	0.507213	0.519191	0.522867	0.524704	0.505513	0.481302	0.468229	0.467575	0.464941	0.470327	0.466894	0.475975	0.488139	0.492029	0.457251	0.461438	0.462865	0.513303	0.501316	0.499024	0.495208	0.501108	0.499224	0.494592	0.50006	0.502436	0.488074	0.489971	0.49045
ERR606017-k20-n1-x5e9	0.427878	0.321881	0.404177	0.390527	0.393545	0.393008	0.3642	0.368689	0.363135	0.41346	0.411338	0.412007	0.381506	0.381879	0.358465	0.41706	0.413178	0.418178	0.404471	0.330529	0.365498	0.405911	0.409608	0.412202	0.292979	0.293156	0.29882	0.260778	0.257827	0	0.386991	0.397045	0.380083	0.531771	0.528408	0.527257	0.426227	0.445918	0.457716	0.446823	0.445825	0.445985	0.304485	0.303194	0.441174	0.438124	0.441589	0.444394	0.53404	0.551245	0.632487	0.533071	0.535594	0.535324	0.558731	0.586727	0.597154	0.554719	0.552378	0.548971	0.514829	0.538002	0.546703	0.518247	0.521987	0.521019	0.492995	0.51367	0.525995	0.529498	0.531424	0.512039	0.485892	0.472528	0.471646	0.468747	0.475109	0.471554	0.48171	0.49432	0.498522	0.461589	0.465947	0.467241	0.520625	0.508716	0.506536	0.502609	0.508877	0.506969	0.499219	0.505433	0.507958	0.491274	0.49329	0.494054
ERR608561-k20-n1-x5e9	0.344964	0.401347	0.338032	0.329792	0.330461	0.330818	0.326323	0.325064	0.324161	0.329074	0.328166	0.328219	0.450522	0.321031	0.340751	0.324664	0.323304	0.325672	0.343887	0.43451	0.34141	0.346917	0.347877	0.348787	0.427416	0.338036	0.33581	0.388404	0.381929	0.386991	0	0.25293	0.254145	0.35612	0.352608	0.351431	0.402333	0.348997	0.351513	0.351119	0.350775	0.351595	0.385051	0.402224	0.369543	0.372647	0.375206	0.377935	0.50657	0.492273	0.675757	0.491822	0.489837	0.490851	0.497523	0.499479	0.505396	0.485001	0.484072	0.483493	0.455519	0.449461	0.608337	0.444856	0.444861	0.44474	0.466478	0.452533	0.453354	0.455313	0.455893	0.452423	0.441043	0.441007	0.441608	0.442559	0.450908	0.449694	0.42194	0.422829	0.427402	0.420955	0.419572	0.419822	0.450992	0.45033	0.449659	0.448602	0.461274	0.459734	0.454071	0.448728	0.452598	0.469246	0.463293	0.460068
ERR608562-k20-n1-x5e9	0.340664	0.41286	0.336566	0.328794	0.329211	0.329638	0.331275	0.329018	0.328863	0.326488	0.325827	0.325639	0.462	0.321598	0.345881	0.320445	0.319743	0.321443	0.34019	0.445911	0.342495	0.344042	0.344687	0.345039	0.438762	0.342728	0.340154	0.398574	0.391641	0.397045	0.25293	0	0.256197	0.342792	0.339451	0.338137	0.412425	0.350167	0.350548	0.352696	0.352339	0.353279	0.394317	0.412865	0.363543	0.36749	0.369866	0.372821	0.509321	0.490735	0.682173	0.49242	0.490106	0.491197	0.497979	0.495195	0.500061	0.483684	0.482775	0.482895	0.45491	0.444617	0.616577	0.442133	0.44154	0.441579	0.469507	0.450932	0.450275	0.451871	0.452276	0.451049	0.440152	0.441648	0.442628	0.443746	0.4524	0.451384	0.421859	0.420374	0.425401	0.423205	0.420945	0.420906	0.446966	0.447545	0.447312	0.446301	0.459834	0.458315	0.456527	0.44944	0.453814	0.474042	0.467228	0.463558
ERR608563-k20-n1-x5e9	0.354312	0.395327	0.346295	0.336182	0.336982	0.337328	0.326736	0.325955	0.323561	0.334646	0.333492	0.333607	0.439275	0.319228	0.333647	0.328474	0.327066	0.32964	0.348574	0.42939	0.343246	0.35313	0.354237	0.355257	0.423306	0.336389	0.334833	0.381457	0.375619	0.380083	0.254145	0.256197	0	0.36906	0.365724	0.364524	0.396188	0.346594	0.349968	0.3488	0.348125	0.349022	0.379529	0.396442	0.378155	0.381549	0.3844	0.387669	0.511966	0.499429	0.671966	0.496501	0.495164	0.495932	0.504944	0.508218	0.514202	0.490968	0.48958	0.488777	0.464106	0.458252	0.603723	0.452987	0.452904	0.452864	0.470235	0.458201	0.460012	0.461713	0.46258	0.45819	0.445413	0.444365	0.444559	0.444439	0.455515	0.453929	0.42766	0.429253	0.434833	0.423625	0.422139	0.422402	0.45989	0.45899	0.458193	0.456673	0.470677	0.468957	0.457051	0.452466	0.457396	0.468666	0.46322	0.460312
ERR608564-k20-n1-x5e9	0.361252	0.546744	0.38232	0.388137	0.385831	0.386153	0.435058	0.42868	0.435059	0.381074	0.383206	0.382001	0.603905	0.420234	0.471319	0.376625	0.379089	0.374736	0.390204	0.573844	0.427142	0.390169	0.387962	0.385001	0.564501	0.453329	0.447569	0.532835	0.524127	0.531771	0.35612	0.342792	0.36906	0	0.238046	0.238415	0.533313	0.433886	0.422271	0.437633	0.437639	0.439026	0.522426	0.543238	0.366562	0.371078	0.370277	0.370555	0.554017	0.507837	0.760804	0.532705	0.526311	0.527976	0.520194	0.480117	0.474619	0.506465	0.508334	0.512933	0.473309	0.430318	0.714325	0.450299	0.444789	0.446027	0.532229	0.484707	0.468078	0.468371	0.465473	0.486284	0.479578	0.494921	0.498463	0.505319	0.501867	0.504528	0.464678	0.448375	0.449362	0.490104	0.48519	0.483747	0.437458	0.450222	0.453919	0.457015	0.465879	0.466059	0.516168	0.498971	0.500478	0.552647	0.543441	0.537092
ERR608565-k20-n1-x5e9	0.358557	0.543497	0.379284	0.384917	0.382713	0.382992	0.431829	0.42542	0.43185	0.378157	0.380311	0.379055	0.600834	0.416961	0.468001	0.373459	0.375847	0.371658	0.38636	0.570248	0.423191	0.386342	0.384178	0.381344	0.561213	0.449765	0.443978	0.529414	0.520739	0.528408	0.352608	0.339451	0.365724	0.238046	0	0.23796	0.530951	0.431811	0.42027	0.435523	0.435508	0.436896	0.519023	0.539881	0.364081	0.368815	0.368151	0.368621	0.551706	0.505788	0.758852	0.530323	0.524043	0.525621	0.518556	0.47905	0.473735	0.504753	0.506606	0.51116	0.470853	0.428593	0.711625	0.447939	0.44252	0.443661	0.529505	0.482123	0.465689	0.466025	0.463089	0.483679	0.47751	0.492783	0.496303	0.502929	0.499714	0.502416	0.462035	0.445907	0.446933	0.487357	0.482373	0.48104	0.435686	0.448197	0.451751	0.454693	0.463871	0.463987	0.513679	0.496571	0.498099	0.550156	0.540933	0.534542
ERR608566-k20-n1-x5e9	0.35788	0.542325	0.37842	0.384199	0.381843	0.382118	0.430797	0.424533	0.430814	0.377445	0.379511	0.378453	0.599546	0.415505	0.466679	0.372427	0.374751	0.370602	0.385604	0.569061	0.422189	0.385437	0.383395	0.380563	0.559948	0.448613	0.442931	0.528264	0.519582	0.527257	0.351431	0.338137	0.364524	0.238415	0.23796	0	0.529988	0.431016	0.419569	0.434772	0.434742	0.436015	0.517982	0.538866	0.363773	0.368485	0.36771	0.36829	0.550712	0.50508	0.75782	0.529461	0.523219	0.524827	0.517466	0.478249	0.473117	0.503884	0.505663	0.510224	0.46991	0.428017	0.710652	0.447247	0.441851	0.442903	0.528363	0.481061	0.464843	0.465099	0.462224	0.482727	0.476731	0.49171	0.495262	0.501932	0.498741	0.501397	0.461105	0.445073	0.446148	0.486305	0.481369	0.479943	0.435251	0.447658	0.451116	0.454016	0.463178	0.463285	0.512668	0.495576	0.497095	0.549044	0.539866	0.533436
ERR608695-k20-n1-x5e9	0.48706	0.414649	0.471602	0.459588	0.462382	0.462374	0.418733	0.423022	0.417035	0.460915	0.459652	0.459913	0.425445	0.431347	0.411011	0.462726	0.460073	0.464609	0.489733	0.459978	0.468906	0.491243	0.493217	0.494818	0.453691	0.437261	0.440458	0.427174	0.428289	0.426227	0.402333	0.412425	0.396188	0.533313	0.530951	0.529988	0	0.336634	0.353827	0.337911	0.336757	0.336385	0.420594	0.424463	0.5036	0.503855	0.505803	0.508301	0.592597	0.603878	0.677182	0.588817	0.59118	0.590479	0.585696	0.609222	0.617196	0.579396	0.577235	0.57331	0.574948	0.575573	0.630495	0.571596	0.572131	0.571975	0.562441	0.57268	0.578681	0.580925	0.582233	0.57127	0.530949	0.522792	0.520697	0.517821	0.529706	0.526634	0.528436	0.539128	0.542634	0.509508	0.511698	0.513302	0.574731	0.573355	0.572514	0.573074	0.578353	0.577703	0.535104	0.541313	0.54418	0.527587	0.527212	0.528418
ERR608696-k20-n1-x5e9	0.423953	0.454775	0.422033	0.409642	0.411274	0.411703	0.397708	0.397155	0.392866	0.403052	0.402628	0.402505	0.478538	0.381592	0.389972	0.391793	0.391823	0.393968	0.427791	0.502456	0.430689	0.435344	0.435525	0.435725	0.494584	0.414581	0.41352	0.447996	0.444507	0.445918	0.348997	0.350167	0.346594	0.433886	0.431811	0.431016	0.336634	0	0.266599	0.26608	0.266052	0.266267	0.436333	0.451485	0.431644	0.435084	0.437579	0.441328	0.577906	0.563038	0.706947	0.559745	0.558875	0.558933	0.557715	0.555276	0.558173	0.538228	0.536842	0.535491	0.544936	0.5187	0.661699	0.526706	0.52388	0.524526	0.546965	0.531154	0.529175	0.529563	0.530245	0.531208	0.487539	0.488273	0.488647	0.486032	0.503034	0.500821	0.492204	0.491815	0.498646	0.484485	0.482021	0.48273	0.52201	0.528956	0.530537	0.530917	0.544182	0.54321	0.512673	0.507947	0.51497	0.519037	0.513558	0.511502
ERR608697-k20-n1-x5e9	0.423683	0.469111	0.424535	0.412552	0.413773	0.414402	0.405403	0.404034	0.399926	0.403873	0.40368	0.403102	0.492264	0.383239	0.39609	0.389269	0.389903	0.391572	0.425957	0.516038	0.433776	0.435292	0.43493	0.435061	0.508311	0.42123	0.418995	0.459809	0.455876	0.457716	0.351513	0.350548	0.349968	0.422271	0.42027	0.419569	0.353827	0.266599	0	0.267323	0.267772	0.268379	0.447611	0.464482	0.428131	0.432619	0.435276	0.439378	0.58318	0.563466	0.715037	0.562408	0.561018	0.561252	0.560818	0.552996	0.554473	0.538656	0.537494	0.536685	0.547837	0.516049	0.671548	0.526596	0.523068	0.523858	0.552284	0.531701	0.527949	0.527815	0.528276	0.53219	0.488105	0.490508	0.491566	0.488605	0.507087	0.504959	0.494338	0.491285	0.499185	0.488302	0.484925	0.485342	0.520511	0.529355	0.531218	0.531487	0.546604	0.545543	0.517144	0.510168	0.518029	0.525243	0.518606	0.51608
ERR608698-k20-n1-x5e9	0.428717	0.457263	0.426946	0.41379	0.415349	0.416141	0.401044	0.400198	0.395638	0.406424	0.406148	0.405867	0.478056	0.382617	0.390608	0.393556	0.393724	0.396093	0.430093	0.504736	0.433021	0.438497	0.438518	0.438886	0.497411	0.416385	0.415264	0.448985	0.445258	0.446823	0.351119	0.352696	0.3488	0.437633	0.435523	0.434772	0.337911	0.26608	0.267323	0	0.264087	0.264792	0.437574	0.452806	0.435052	0.438514	0.441032	0.445176	0.581947	0.566801	0.707942	0.563047	0.562052	0.562214	0.562053	0.559259	0.562039	0.541502	0.540053	0.538644	0.549369	0.522538	0.663402	0.530536	0.527699	0.528338	0.550197	0.534134	0.532185	0.532557	0.533248	0.534165	0.489652	0.490343	0.491082	0.487939	0.505959	0.503449	0.49563	0.495053	0.502384	0.486942	0.484805	0.485236	0.525942	0.532921	0.534634	0.534741	0.548714	0.547712	0.515779	0.510745	0.518196	0.521434	0.515809	0.513885
ERR608699-k20-n1-x5e9	0.427892	0.455837	0.42571	0.412934	0.414649	0.415161	0.399892	0.399215	0.394501	0.405854	0.40556	0.405254	0.477636	0.382892	0.390546	0.393993	0.394157	0.396523	0.430277	0.503713	0.432987	0.438405	0.43854	0.438927	0.49581	0.415744	0.414651	0.448057	0.444327	0.445825	0.350775	0.352339	0.348125	0.437639	0.435508	0.434742	0.336757	0.266052	0.267772	0.264087	0	0.264811	0.436682	0.452081	0.43496	0.438137	0.440699	0.4446	0.581403	0.566581	0.707601	0.562882	0.561934	0.562224	0.561685	0.559296	0.561953	0.541596	0.540174	0.538679	0.548763	0.522374	0.662631	0.530005	0.52726	0.527876	0.549896	0.534163	0.532163	0.532567	0.533265	0.534089	0.490098	0.49072	0.491471	0.488311	0.506059	0.503592	0.495655	0.495138	0.502194	0.487025	0.484787	0.485274	0.525264	0.532212	0.534044	0.534055	0.547768	0.546703	0.515798	0.510941	0.518227	0.521196	0.515674	0.513814
ERR608700-k20-n1-x5e9	0.428903	0.455764	0.426673	0.413971	0.415538	0.416088	0.400522	0.399982	0.395393	0.407155	0.406562	0.406548	0.477586	0.383969	0.391229	0.395236	0.395221	0.397699	0.431683	0.503861	0.434007	0.439606	0.439582	0.440132	0.496151	0.416547	0.41537	0.448071	0.444629	0.445985	0.351595	0.353279	0.349022	0.439026	0.436896	0.436015	0.336385	0.266267	0.268379	0.264792	0.264811	0	0.436898	0.451959	0.435744	0.4389	0.441421	0.445402	0.581835	0.567239	0.707246	0.563416	0.562579	0.562607	0.561824	0.559769	0.56254	0.541667	0.540379	0.538739	0.549887	0.523531	0.662698	0.531308	0.528432	0.529103	0.550483	0.535038	0.533199	0.533426	0.534277	0.534833	0.490624	0.491093	0.491816	0.488688	0.506301	0.503941	0.496292	0.495935	0.502973	0.48722	0.485326	0.486019	0.526272	0.533175	0.534898	0.535205	0.548608	0.547566	0.51611	0.511326	0.518527	0.521424	0.515808	0.514058
ERR605831-k20-n1-x5e9	0.419958	0.331405	0.397189	0.38434	0.387176	0.386832	0.357823	0.36188	0.35747	0.402899	0.401077	0.401641	0.402954	0.390983	0.372067	0.421501	0.417948	0.422522	0.390843	0.33696	0.354226	0.391523	0.394695	0.397472	0.329922	0.3178	0.322177	0.304967	0.303721	0.304485	0.385051	0.394317	0.379529	0.522426	0.519023	0.517982	0.420594	0.436333	0.447611	0.437574	0.436682	0.436898	0	0.264252	0.395247	0.395143	0.39873	0.401666	0.528865	0.543882	0.638147	0.527247	0.529699	0.529643	0.550421	0.576404	0.586513	0.546471	0.544468	0.541479	0.510077	0.531257	0.559399	0.512943	0.516392	0.515656	0.494437	0.510521	0.521508	0.524693	0.52635	0.509515	0.471804	0.459753	0.458378	0.456039	0.465239	0.461762	0.472317	0.484423	0.487996	0.454426	0.457519	0.459028	0.510938	0.500134	0.497389	0.494272	0.502349	0.50053	0.495471	0.501115	0.503196	0.489851	0.490769	0.491002
