	ERR605581-k20-n1-x5e9	ERR605582-k20-n1-x5e9	ERR605583-k20-n1-x5e9	ERR605584-k20-n1-x5e9	ERR605585-k20-n1-x5e9	ERR605586-k20-n1-x5e9	ERR609145-k20-n1-x5e9	ERR609146-k20-n1-x5e9	ERR609147-k20-n1-x5e9	ERR609148-k20-n1-x5e9	ERR609149-k20-n1-x5e9	ERR609150-k20-n1-x5e9	ERR608105-k20-n1-x5e9	ERR608106-k20-n1-x5e9	ERR608107-k20-n1-x5e9	ERR608108-k20-n1-x5e9	ERR608109-k20-n1-x5e9	ERR608110-k20-n1-x5e9	ERR610181-k20-n1-x5e9	ERR610182-k20-n1-x5e9	ERR610183-k20-n1-x5e9	ERR610184-k20-n1-x5e9	ERR610185-k20-n1-x5e9	ERR610186-k20-n1-x5e9	ERR609327-k20-n1-x5e9	ERR609328-k20-n1-x5e9	ERR609329-k20-n1-x5e9	ERR609330-k20-n1-x5e9	ERR609331-k20-n1-x5e9	ERR609332-k20-n1-x5e9	ERR607627-k20-n1-x5e9	ERR607628-k20-n1-x5e9	ERR607629-k20-n1-x5e9	ERR607630-k20-n1-x5e9	ERR607631-k20-n1-x5e9	ERR607632-k20-n1-x5e9	ERR605411-k20-n1-x5e9	ERR605412-k20-n1-x5e9	ERR605413-k20-n1-x5e9	ERR605414-k20-n1-x5e9	ERR605415-k20-n1-x5e9	ERR605416-k20-n1-x5e9	ERR607561-k20-n1-x5e9	ERR607562-k20-n1-x5e9	ERR607563-k20-n1-x5e9	ERR607564-k20-n1-x5e9	ERR607565-k20-n1-x5e9	ERR607566-k20-n1-x5e9	ERR605479-k20-n1-x5e9	ERR605480-k20-n1-x5e9	ERR605481-k20-n1-x5e9	ERR605482-k20-n1-x5e9	ERR605483-k20-n1-x5e9	ERR605484-k20-n1-x5e9	ERR607989-k20-n1-x5e9	ERR607990-k20-n1-x5e9	ERR607991-k20-n1-x5e9	ERR607992-k20-n1-x5e9	ERR607993-k20-n1-x5e9	ERR607994-k20-n1-x5e9	ERR609517-k20-n1-x5e9	ERR609518-k20-n1-x5e9	ERR609519-k20-n1-x5e9	ERR609520-k20-n1-x5e9	ERR609521-k20-n1-x5e9	ERR609522-k20-n1-x5e9	ERR607899-k20-n1-x5e9	ERR607900-k20-n1-x5e9	ERR607901-k20-n1-x5e9	ERR607902-k20-n1-x5e9	ERR607903-k20-n1-x5e9	ERR607904-k20-n1-x5e9	ERR605259-k20-n1-x5e9	ERR605260-k20-n1-x5e9	ERR605261-k20-n1-x5e9	ERR605262-k20-n1-x5e9	ERR605263-k20-n1-x5e9	ERR605264-k20-n1-x5e9	ERR608985-k20-n1-x5e9	ERR608986-k20-n1-x5e9	ERR608987-k20-n1-x5e9	ERR608988-k20-n1-x5e9	ERR608989-k20-n1-x5e9	ERR608990-k20-n1-x5e9	ERR608579-k20-n1-x5e9	ERR608580-k20-n1-x5e9	ERR608581-k20-n1-x5e9	ERR608582-k20-n1-x5e9	ERR608583-k20-n1-x5e9	ERR608584-k20-n1-x5e9	ERR608185-k20-n1-x5e9	ERR608186-k20-n1-x5e9	ERR608187-k20-n1-x5e9	ERR608188-k20-n1-x5e9	ERR608189-k20-n1-x5e9	ERR608190-k20-n1-x5e9
ERR605581-k20-n1-x5e9	0	0.260682	0.265754	0.263125	0.262526	0.263511	0.377767	0.346044	0.35579	0.392596	0.39296	0.380313	0.360412	0.379137	0.392844	0.365849	0.363221	0.361999	0.355024	0.446656	0.349945	0.350763	0.348621	0.351443	0.335199	0.33566	0.436438	0.323468	0.323983	0.32388	0.370105	0.36045	0.362972	0.372001	0.372218	0.372582	0.420429	0.321214	0.395317	0.392536	0.394526	0.392409	0.41044	0.408992	0.413852	0.401853	0.404348	0.402636	0.492547	0.487464	0.483994	0.487798	0.489758	0.488388	0.471368	0.488849	0.591937	0.476187	0.478697	0.478035	0.497241	0.49672	0.576302	0.474956	0.475351	0.4772	0.482016	0.494733	0.493145	0.472759	0.477514	0.477847	0.501669	0.493007	0.472362	0.482555	0.482524	0.485641	0.455567	0.459058	0.457851	0.458687	0.456435	0.459451	0.336074	0.354766	0.365448	0.361404	0.360393	0.361684	0.506935	0.518143	0.516152	0.500232	0.504618	0.504238
ERR605582-k20-n1-x5e9	0.260682	0	0.263269	0.26217	0.26176	0.262588	0.397195	0.347003	0.373828	0.413	0.41332	0.400392	0.364678	0.392412	0.408474	0.377727	0.374603	0.371959	0.367241	0.432321	0.354564	0.365293	0.362655	0.366019	0.335234	0.335531	0.422142	0.330888	0.33087	0.327247	0.386573	0.371805	0.374448	0.388715	0.389109	0.389649	0.442202	0.323494	0.416366	0.41378	0.41601	0.413824	0.405941	0.405571	0.410204	0.407757	0.409614	0.407626	0.506585	0.500512	0.495938	0.500864	0.503138	0.501658	0.482505	0.50446	0.584039	0.489895	0.492878	0.492188	0.499644	0.498586	0.56887	0.479887	0.480135	0.480551	0.497627	0.511375	0.509554	0.486655	0.491905	0.492443	0.515575	0.506035	0.477933	0.492379	0.492702	0.496325	0.465782	0.470487	0.468973	0.462333	0.460343	0.462624	0.3378	0.371752	0.384078	0.379687	0.378387	0.379752	0.521691	0.533922	0.531538	0.513705	0.518478	0.518294
ERR605583-k20-n1-x5e9	0.265754	0.263269	0	0.261876	0.262609	0.261826	0.403836	0.341856	0.380368	0.41995	0.420606	0.407805	0.361259	0.393773	0.411532	0.381223	0.377546	0.373527	0.366213	0.419937	0.349417	0.367798	0.364643	0.368236	0.32941	0.329302	0.408986	0.333245	0.332577	0.327698	0.393678	0.377077	0.379829	0.395943	0.396178	0.396844	0.451678	0.32172	0.425286	0.421932	0.424242	0.422107	0.397467	0.39742	0.401798	0.405053	0.406819	0.404635	0.511965	0.505882	0.500294	0.50543	0.507818	0.506172	0.486723	0.509266	0.574316	0.494078	0.497246	0.496239	0.491504	0.491025	0.557721	0.476613	0.476252	0.476216	0.502115	0.516263	0.514727	0.490102	0.495101	0.495772	0.520903	0.511368	0.478446	0.496368	0.496651	0.500776	0.467175	0.472447	0.471426	0.457812	0.456299	0.458174	0.335478	0.377003	0.389558	0.385987	0.384878	0.386546	0.525752	0.538216	0.536111	0.516913	0.5216	0.521377
ERR605584-k20-n1-x5e9	0.263125	0.26217	0.261876	0	0.259631	0.259613	0.397851	0.341868	0.374528	0.413898	0.414255	0.401477	0.359336	0.389173	0.406224	0.376298	0.372961	0.369404	0.362156	0.425147	0.347612	0.362408	0.359441	0.362991	0.329147	0.329501	0.414374	0.329291	0.329054	0.325006	0.38764	0.372323	0.375115	0.389602	0.389935	0.390397	0.444558	0.321172	0.418435	0.41515	0.41751	0.415299	0.399882	0.399325	0.403636	0.403656	0.405247	0.402971	0.506997	0.50115	0.495924	0.500663	0.503012	0.501456	0.482296	0.503905	0.577664	0.489151	0.492092	0.491219	0.49219	0.491507	0.561418	0.475276	0.475246	0.475583	0.496637	0.510411	0.508913	0.48494	0.490071	0.490538	0.51629	0.506971	0.476781	0.492782	0.493003	0.49693	0.463837	0.468402	0.467247	0.456845	0.455116	0.456846	0.334022	0.371156	0.383517	0.3798	0.378654	0.380005	0.520633	0.532895	0.530826	0.512158	0.516825	0.516678
ERR605585-k20-n1-x5e9	0.262526	0.26176	0.262609	0.259631	0	0.259717	0.398376	0.345451	0.374633	0.414135	0.414667	0.401559	0.362583	0.391456	0.408179	0.378265	0.375113	0.371944	0.363956	0.427417	0.350418	0.362936	0.359962	0.363407	0.332669	0.333127	0.41793	0.329684	0.329901	0.326079	0.38629	0.371157	0.374131	0.388222	0.388522	0.389335	0.44364	0.323148	0.417367	0.414325	0.416644	0.414424	0.40267	0.402099	0.406794	0.405178	0.40715	0.404953	0.505814	0.499912	0.494785	0.499424	0.50168	0.500122	0.480735	0.502821	0.57988	0.487945	0.491086	0.490213	0.495515	0.494764	0.564827	0.476991	0.477034	0.47753	0.495573	0.509535	0.507835	0.484187	0.489319	0.489914	0.515275	0.505984	0.476804	0.491564	0.491836	0.495478	0.463208	0.468093	0.466835	0.458025	0.456267	0.458271	0.334657	0.370727	0.382954	0.379185	0.377781	0.379214	0.519609	0.531944	0.529724	0.511226	0.516015	0.515833
ERR605586-k20-n1-x5e9	0.263511	0.262588	0.261826	0.259613	0.259717	0	0.39912	0.342634	0.375754	0.415014	0.415521	0.402617	0.359994	0.390357	0.407461	0.37783	0.374376	0.370641	0.363107	0.424044	0.348732	0.363497	0.360613	0.364308	0.329789	0.330427	0.413844	0.330358	0.329776	0.326136	0.387691	0.372295	0.375142	0.389607	0.389854	0.390557	0.44523	0.322086	0.419237	0.415971	0.418122	0.416053	0.399645	0.399228	0.403716	0.403853	0.405582	0.403442	0.507738	0.501894	0.496699	0.501427	0.5037	0.502026	0.482259	0.504081	0.577217	0.489098	0.492275	0.491363	0.492805	0.492353	0.561193	0.476237	0.476191	0.476561	0.496934	0.510778	0.509202	0.485427	0.490457	0.490971	0.517106	0.507854	0.478217	0.493844	0.494034	0.497672	0.464162	0.468955	0.467947	0.456942	0.455422	0.457287	0.333877	0.371932	0.38412	0.380488	0.379149	0.380808	0.520817	0.533089	0.531	0.512229	0.517004	0.516764
ERR609145-k20-n1-x5e9	0.377767	0.397195	0.403836	0.397851	0.398376	0.39912	0	0.3586	0.250333	0.245841	0.245677	0.246037	0.389078	0.34536	0.336378	0.345307	0.348207	0.355111	0.35194	0.54583	0.387548	0.341789	0.343637	0.34127	0.401855	0.404224	0.540414	0.374228	0.37567	0.388627	0.358958	0.380738	0.380358	0.355664	0.355738	0.354848	0.333084	0.378018	0.324851	0.316338	0.317775	0.317243	0.48	0.4748	0.478595	0.429019	0.432014	0.432427	0.463043	0.465704	0.471749	0.466351	0.466642	0.467076	0.457798	0.435779	0.650674	0.439613	0.437625	0.437596	0.519641	0.519725	0.636574	0.48906	0.490544	0.49929	0.435362	0.434589	0.437312	0.439121	0.43839	0.437309	0.465981	0.464901	0.491719	0.479342	0.477799	0.476962	0.440807	0.435665	0.437722	0.477633	0.473732	0.47854	0.399491	0.328108	0.32235	0.324285	0.324207	0.324538	0.459406	0.458286	0.460402	0.463105	0.462824	0.460935
ERR609146-k20-n1-x5e9	0.346044	0.347003	0.341856	0.341868	0.345451	0.342634	0.3586	0	0.339185	0.376026	0.37782	0.3684	0.33507	0.364711	0.385012	0.361651	0.357633	0.350663	0.349178	0.420033	0.330762	0.368203	0.363925	0.368029	0.327023	0.327699	0.407478	0.36556	0.363723	0.358608	0.421985	0.409623	0.409411	0.423035	0.423776	0.423509	0.464709	0.323017	0.441911	0.432673	0.435538	0.433688	0.389984	0.388714	0.388842	0.400315	0.399645	0.398259	0.535728	0.53178	0.529579	0.531044	0.533382	0.531966	0.508895	0.51832	0.566468	0.504853	0.507037	0.506412	0.465802	0.465941	0.539532	0.472984	0.471674	0.471639	0.513737	0.523726	0.526165	0.500525	0.503233	0.503674	0.537449	0.529086	0.497387	0.522348	0.52215	0.526026	0.474061	0.477724	0.480141	0.448722	0.449097	0.449353	0.362602	0.391107	0.40055	0.399937	0.398132	0.401162	0.536405	0.544744	0.546355	0.526768	0.529155	0.528733
ERR609147-k20-n1-x5e9	0.35579	0.373828	0.380368	0.374528	0.374633	0.375754	0.250333	0.339185	0	0.257607	0.257416	0.251992	0.372181	0.340062	0.336923	0.336397	0.33823	0.344162	0.341671	0.52258	0.370643	0.330797	0.331873	0.330304	0.382251	0.384639	0.518177	0.354114	0.355504	0.36697	0.349052	0.364484	0.364867	0.346875	0.347131	0.346455	0.340492	0.356574	0.325948	0.319368	0.320937	0.320033	0.460666	0.45605	0.460291	0.415213	0.418167	0.418145	0.459406	0.460087	0.463877	0.460569	0.461405	0.46123	0.447295	0.435669	0.634092	0.434953	0.434044	0.434005	0.508937	0.50908	0.621409	0.478086	0.479198	0.487107	0.434222	0.437318	0.438744	0.434594	0.43551	0.43485	0.464632	0.461618	0.479469	0.470336	0.469025	0.46883	0.431105	0.427962	0.429207	0.463603	0.459587	0.464267	0.374723	0.317521	0.316268	0.316401	0.316002	0.316512	0.458454	0.460892	0.461842	0.459486	0.460612	0.459294
ERR609148-k20-n1-x5e9	0.392596	0.413	0.41995	0.413898	0.414135	0.415014	0.245841	0.376026	0.257607	0	0.241085	0.244238	0.402739	0.353407	0.341239	0.35497	0.358428	0.366194	0.363691	0.5621	0.402709	0.352922	0.354919	0.35211	0.41752	0.419733	0.556488	0.386927	0.388614	0.402537	0.366204	0.391794	0.391142	0.362171	0.362206	0.361293	0.327646	0.394011	0.323534	0.31486	0.315777	0.315748	0.49441	0.489211	0.492834	0.440747	0.443698	0.444385	0.465473	0.469238	0.476601	0.46996	0.470078	0.470799	0.464023	0.436531	0.663428	0.443258	0.440436	0.440774	0.529499	0.529581	0.648382	0.497494	0.499171	0.508528	0.43676	0.433752	0.436606	0.443228	0.441611	0.440433	0.467446	0.467719	0.501166	0.485286	0.483646	0.482122	0.448477	0.441983	0.444357	0.489033	0.485112	0.49009	0.414677	0.33596	0.327873	0.330215	0.330397	0.330359	0.460311	0.457078	0.459613	0.466305	0.465174	0.463252
ERR609149-k20-n1-x5e9	0.39296	0.41332	0.420606	0.414255	0.414667	0.415521	0.245677	0.37782	0.257416	0.241085	0	0.243873	0.404083	0.35448	0.342066	0.355708	0.359285	0.367239	0.365134	0.563483	0.404299	0.353375	0.355433	0.352553	0.418533	0.420808	0.557904	0.387153	0.388697	0.402748	0.365941	0.391662	0.391182	0.361694	0.361763	0.360764	0.326025	0.394943	0.321689	0.313682	0.314754	0.314508	0.495584	0.490147	0.494292	0.441663	0.44473	0.445234	0.464132	0.46796	0.475233	0.468657	0.468705	0.469421	0.462869	0.435482	0.664327	0.442274	0.439503	0.439784	0.530274	0.530668	0.64938	0.497728	0.499395	0.508916	0.435728	0.432548	0.435426	0.442568	0.441074	0.439761	0.466347	0.466711	0.500949	0.484346	0.482621	0.481091	0.448105	0.441622	0.443844	0.489581	0.485513	0.49052	0.414694	0.335258	0.327597	0.329768	0.329868	0.329706	0.459298	0.455914	0.458404	0.465438	0.464367	0.462389
ERR609150-k20-n1-x5e9	0.380313	0.400392	0.407805	0.401477	0.401559	0.402617	0.246037	0.3684	0.251992	0.244238	0.243873	0	0.395268	0.351095	0.341606	0.349861	0.353126	0.360632	0.359784	0.552357	0.396048	0.346261	0.348519	0.345695	0.40896	0.411176	0.547545	0.3756	0.377309	0.390854	0.359027	0.381613	0.382114	0.355101	0.355181	0.35438	0.326894	0.383726	0.319406	0.31245	0.3133	0.312951	0.486204	0.481073	0.485376	0.434253	0.437508	0.43791	0.460216	0.463169	0.469441	0.463853	0.46399	0.464762	0.455702	0.433773	0.656533	0.43823	0.436031	0.43622	0.525397	0.525563	0.642414	0.491083	0.492883	0.502038	0.433663	0.432575	0.434266	0.438656	0.43841	0.437271	0.463445	0.462852	0.493624	0.477651	0.476006	0.474766	0.442186	0.436846	0.438121	0.482369	0.478173	0.48303	0.401452	0.328332	0.322611	0.323176	0.323487	0.323281	0.457396	0.456039	0.457504	0.4622	0.462336	0.460505
ERR608105-k20-n1-x5e9	0.360412	0.364678	0.361259	0.359336	0.362583	0.359994	0.389078	0.33507	0.372181	0.402739	0.404083	0.395268	0	0.281779	0.304323	0.277106	0.273559	0.26699	0.360148	0.450343	0.351326	0.371331	0.368796	0.371391	0.337561	0.338491	0.431769	0.35628	0.354887	0.352961	0.385594	0.371919	0.371761	0.385993	0.386903	0.386344	0.457199	0.345486	0.434424	0.426254	0.428999	0.427297	0.389028	0.386777	0.389559	0.385679	0.38599	0.384825	0.524635	0.520466	0.51806	0.519527	0.521654	0.520182	0.480705	0.492841	0.565698	0.478051	0.480651	0.479811	0.479596	0.47996	0.560187	0.476234	0.475692	0.477014	0.487	0.497929	0.500419	0.472871	0.475297	0.475742	0.52819	0.520142	0.495825	0.513697	0.513407	0.516816	0.445771	0.449389	0.451425	0.430337	0.429744	0.430558	0.340261	0.360946	0.370295	0.368842	0.367172	0.369998	0.507783	0.517089	0.518693	0.497334	0.499994	0.499441
ERR608106-k20-n1-x5e9	0.379137	0.392412	0.393773	0.389173	0.391456	0.390357	0.34536	0.364711	0.340062	0.353407	0.35448	0.351095	0.281779	0	0.252231	0.253352	0.254489	0.25604	0.351663	0.511334	0.370364	0.357223	0.356782	0.356835	0.369426	0.371202	0.494608	0.366966	0.366616	0.373591	0.360576	0.367026	0.36496	0.35857	0.359515	0.358078	0.407339	0.369891	0.391462	0.381054	0.383453	0.382225	0.433708	0.428516	0.431854	0.397791	0.399196	0.399491	0.502314	0.501639	0.503936	0.50125	0.502595	0.501869	0.470285	0.461584	0.611057	0.455813	0.455958	0.455721	0.498997	0.499438	0.603718	0.484864	0.485371	0.491169	0.45568	0.459767	0.464272	0.448981	0.448141	0.44783	0.503985	0.499542	0.500606	0.50484	0.503807	0.505176	0.436198	0.434541	0.437998	0.447927	0.445594	0.44885	0.372096	0.334723	0.335319	0.336918	0.335942	0.338321	0.478027	0.48106	0.484819	0.473553	0.473506	0.471911
ERR608107-k20-n1-x5e9	0.392844	0.408474	0.411532	0.406224	0.408179	0.407461	0.336378	0.385012	0.336923	0.341239	0.342066	0.341606	0.304323	0.252231	0	0.259782	0.262873	0.26806	0.360058	0.536362	0.387056	0.361917	0.362146	0.361426	0.388919	0.391214	0.520133	0.378569	0.378597	0.388077	0.35953	0.373236	0.371004	0.356325	0.357164	0.355493	0.39161	0.387314	0.379544	0.368898	0.371013	0.370016	0.454872	0.449435	0.452846	0.410394	0.412558	0.41299	0.497683	0.498552	0.502426	0.498275	0.499295	0.498948	0.470986	0.453964	0.630019	0.452514	0.451495	0.451439	0.512797	0.513314	0.623181	0.494425	0.495274	0.502308	0.448711	0.449584	0.454764	0.446042	0.443932	0.443339	0.498444	0.495829	0.507304	0.505695	0.504352	0.504858	0.439203	0.435374	0.439257	0.460905	0.458298	0.46188	0.390106	0.333841	0.330434	0.333587	0.333053	0.334504	0.47126	0.471289	0.475628	0.469918	0.468646	0.466749
ERR608108-k20-n1-x5e9	0.365849	0.377727	0.381223	0.376298	0.378265	0.37783	0.345307	0.361651	0.336397	0.35497	0.355708	0.349861	0.277106	0.253352	0.259782	0	0.247893	0.250528	0.353157	0.503124	0.367875	0.353074	0.352927	0.352833	0.363823	0.365563	0.488113	0.354338	0.354309	0.36062	0.348948	0.3514	0.350131	0.34751	0.348392	0.347428	0.402756	0.359807	0.38448	0.376138	0.378597	0.376966	0.426876	0.421872	0.426101	0.392419	0.394509	0.394271	0.493241	0.491297	0.492349	0.491356	0.492892	0.491955	0.458035	0.45648	0.603749	0.448402	0.449239	0.448855	0.501199	0.501461	0.602802	0.482448	0.482997	0.488243	0.451432	0.457815	0.460764	0.443441	0.444315	0.44409	0.497054	0.491566	0.490721	0.494029	0.493085	0.494677	0.427997	0.427543	0.429564	0.442006	0.43935	0.442386	0.356508	0.325956	0.329116	0.328731	0.327645	0.32951	0.47345	0.478766	0.480903	0.467963	0.469185	0.467962
ERR608109-k20-n1-x5e9	0.363221	0.374603	0.377546	0.372961	0.375113	0.374376	0.348207	0.357633	0.33823	0.358428	0.359285	0.353126	0.273559	0.254489	0.262873	0.247893	0	0.249711	0.352923	0.498196	0.365545	0.354148	0.353809	0.354044	0.359736	0.36155	0.482528	0.353067	0.352889	0.358408	0.351571	0.352491	0.351513	0.350421	0.351267	0.35031	0.406528	0.357132	0.388003	0.379618	0.382185	0.380565	0.422538	0.417915	0.421908	0.390702	0.3927	0.39214	0.495875	0.493576	0.494556	0.493718	0.495202	0.494493	0.460047	0.459583	0.600644	0.451115	0.451933	0.451554	0.498533	0.49857	0.598647	0.481228	0.481671	0.486431	0.454623	0.461435	0.464408	0.446235	0.447369	0.44717	0.49936	0.493739	0.490984	0.495658	0.494867	0.496541	0.429995	0.429689	0.431908	0.440955	0.438422	0.441446	0.354365	0.328637	0.332244	0.331774	0.330414	0.332565	0.47675	0.482386	0.484504	0.470854	0.472322	0.471112
ERR608110-k20-n1-x5e9	0.361999	0.371959	0.373527	0.369404	0.371944	0.370641	0.355111	0.350663	0.344162	0.366194	0.367239	0.360632	0.26699	0.25604	0.26806	0.250528	0.249711	0	0.350556	0.48795	0.359467	0.354736	0.353737	0.354673	0.353365	0.3549	0.47195	0.352351	0.3521	0.356129	0.357813	0.355745	0.354713	0.356766	0.357706	0.356765	0.417198	0.352903	0.397526	0.388998	0.391461	0.389896	0.414883	0.410751	0.41433	0.387927	0.389351	0.388927	0.501278	0.498622	0.498893	0.498515	0.500232	0.499199	0.464177	0.465808	0.593201	0.455848	0.457231	0.456626	0.493187	0.493291	0.590508	0.479024	0.47926	0.483381	0.460448	0.467864	0.470974	0.450559	0.451809	0.451569	0.504666	0.498539	0.490788	0.498711	0.497945	0.499968	0.431828	0.432426	0.434675	0.43716	0.435072	0.437556	0.351238	0.333994	0.338928	0.338527	0.336947	0.339309	0.482379	0.488541	0.490764	0.475221	0.476803	0.475701
ERR610181-k20-n1-x5e9	0.355024	0.367241	0.366213	0.362156	0.363956	0.363107	0.35194	0.349178	0.341671	0.363691	0.365134	0.359784	0.360148	0.351663	0.360058	0.353157	0.352923	0.350556	0	0.437893	0.264682	0.254218	0.252282	0.253841	0.367213	0.370329	0.480024	0.369337	0.368778	0.37268	0.36812	0.364862	0.362652	0.367829	0.368655	0.367841	0.413696	0.339559	0.391721	0.380168	0.383188	0.38165	0.435398	0.43074	0.433565	0.409708	0.410767	0.410795	0.473133	0.470084	0.467619	0.467789	0.470206	0.46837	0.448102	0.452616	0.583837	0.439279	0.440795	0.44017	0.497309	0.497795	0.593557	0.485391	0.485158	0.489715	0.440874	0.450689	0.456013	0.426772	0.427264	0.427469	0.479634	0.472456	0.458348	0.469809	0.469122	0.472068	0.419644	0.419094	0.421754	0.427842	0.425519	0.429349	0.36004	0.34075	0.343604	0.34457	0.344732	0.346818	0.464781	0.473248	0.477096	0.453179	0.453842	0.453211
ERR610182-k20-n1-x5e9	0.446656	0.432321	0.419937	0.425147	0.427417	0.424044	0.54583	0.420033	0.52258	0.5621	0.563483	0.552357	0.450343	0.511334	0.536362	0.503124	0.498196	0.48795	0.437893	0	0.388447	0.456024	0.450756	0.456665	0.431314	0.430663	0.379092	0.474491	0.472216	0.458299	0.534109	0.503404	0.504086	0.537127	0.537763	0.53826	0.604993	0.427122	0.579194	0.573398	0.576048	0.573993	0.440493	0.444786	0.444845	0.500465	0.498863	0.496773	0.612361	0.603316	0.592928	0.600803	0.604424	0.601531	0.570983	0.609843	0.503936	0.584247	0.589705	0.588237	0.537615	0.537981	0.526958	0.553244	0.551148	0.545084	0.600807	0.618709	0.619898	0.577372	0.582982	0.584295	0.620457	0.608155	0.542971	0.583326	0.584481	0.590777	0.544139	0.553093	0.553326	0.491763	0.494643	0.492	0.430761	0.51481	0.528678	0.525755	0.524463	0.527044	0.616038	0.632332	0.632303	0.597276	0.60226	0.603188
ERR610183-k20-n1-x5e9	0.349945	0.354564	0.349417	0.347612	0.350418	0.348732	0.387548	0.330762	0.370643	0.402709	0.404299	0.396048	0.351326	0.370364	0.387056	0.367875	0.365545	0.359467	0.264682	0.388447	0	0.28171	0.277688	0.281968	0.351608	0.353584	0.438127	0.371998	0.370489	0.368123	0.39479	0.379529	0.377823	0.39589	0.396717	0.396463	0.455889	0.328347	0.430551	0.420522	0.423509	0.421462	0.410721	0.40783	0.409526	0.407892	0.40805	0.407427	0.499315	0.493796	0.488472	0.49139	0.494458	0.492026	0.466702	0.483811	0.553074	0.464898	0.468157	0.467101	0.487659	0.488138	0.565061	0.485377	0.484474	0.486056	0.472696	0.486275	0.490317	0.453795	0.456146	0.45696	0.505844	0.496386	0.462079	0.485774	0.485777	0.490147	0.435082	0.43811	0.440371	0.422227	0.421271	0.423502	0.349689	0.368043	0.376114	0.375648	0.375093	0.377702	0.495136	0.506972	0.509713	0.479857	0.482177	0.482117
ERR610184-k20-n1-x5e9	0.350763	0.365293	0.367798	0.362408	0.362936	0.363497	0.341789	0.368203	0.330797	0.352922	0.353375	0.346261	0.371331	0.357223	0.361917	0.353074	0.354148	0.354736	0.254218	0.456024	0.28171	0	0.24243	0.241773	0.378836	0.381549	0.498764	0.359741	0.360219	0.367204	0.345305	0.344523	0.343414	0.344609	0.345277	0.344795	0.388216	0.344227	0.365385	0.356643	0.359144	0.357682	0.447674	0.442585	0.44726	0.412923	0.415331	0.41515	0.450852	0.447382	0.444927	0.445389	0.447703	0.446041	0.425127	0.43256	0.595217	0.419141	0.421019	0.420312	0.51306	0.512989	0.611902	0.488403	0.48877	0.494518	0.420823	0.431567	0.435116	0.408343	0.40995	0.410148	0.461076	0.454222	0.450756	0.451599	0.450861	0.452892	0.406616	0.405679	0.406382	0.430919	0.427282	0.432049	0.35225	0.321614	0.324116	0.323503	0.324092	0.325236	0.4454	0.454895	0.457195	0.434761	0.436548	0.436135
ERR610185-k20-n1-x5e9	0.348621	0.362655	0.364643	0.359441	0.359962	0.360613	0.343637	0.363925	0.331873	0.354919	0.355433	0.348519	0.368796	0.356782	0.362146	0.352927	0.353809	0.353737	0.252282	0.450756	0.277688	0.24243	0	0.242103	0.375757	0.378218	0.493983	0.35936	0.359888	0.365922	0.347852	0.346277	0.345247	0.347319	0.347917	0.347623	0.391837	0.341682	0.368818	0.359909	0.362408	0.360819	0.444316	0.43941	0.443682	0.411482	0.41362	0.413465	0.45344	0.449989	0.44703	0.447824	0.45016	0.448457	0.426993	0.434842	0.591945	0.421212	0.422974	0.422271	0.509986	0.509862	0.608042	0.486777	0.486989	0.492665	0.423055	0.434043	0.437619	0.410139	0.411877	0.412044	0.463589	0.456768	0.450466	0.453482	0.452678	0.455049	0.407801	0.407066	0.408051	0.429288	0.425927	0.430615	0.350952	0.323665	0.32683	0.326115	0.326493	0.327885	0.447589	0.457232	0.45956	0.43672	0.438531	0.43801
ERR610186-k20-n1-x5e9	0.351443	0.366019	0.368236	0.362991	0.363407	0.364308	0.34127	0.368029	0.330304	0.35211	0.352553	0.345695	0.371391	0.356835	0.361426	0.352833	0.354044	0.354673	0.253841	0.456665	0.281968	0.241773	0.242103	0	0.379544	0.382207	0.499463	0.360724	0.361496	0.367899	0.345913	0.345672	0.344774	0.345384	0.345951	0.345582	0.387885	0.344912	0.365181	0.356333	0.358817	0.357396	0.448217	0.443114	0.447588	0.413308	0.415666	0.415584	0.450564	0.447401	0.444816	0.445236	0.447463	0.445841	0.425162	0.431838	0.595828	0.418847	0.420423	0.419783	0.512496	0.512497	0.611975	0.488037	0.488411	0.494153	0.420249	0.43081	0.434456	0.408185	0.4097	0.409769	0.460947	0.454129	0.450873	0.451848	0.450907	0.453167	0.406754	0.405657	0.406501	0.431192	0.427475	0.432566	0.35344	0.321952	0.324291	0.323799	0.324156	0.325519	0.44489	0.45413	0.456614	0.434563	0.436172	0.435598
ERR609327-k20-n1-x5e9	0.335199	0.335234	0.32941	0.329147	0.332669	0.329789	0.401855	0.327023	0.382251	0.41752	0.418533	0.40896	0.337561	0.369426	0.388919	0.363823	0.359736	0.353365	0.367213	0.431314	0.351608	0.378836	0.375757	0.379544	0	0.263864	0.366363	0.293929	0.292566	0.286815	0.394562	0.380678	0.381541	0.396745	0.397136	0.397219	0.458535	0.328025	0.434721	0.428443	0.430675	0.429144	0.374718	0.373093	0.376192	0.383035	0.382687	0.381129	0.525008	0.520491	0.516985	0.519706	0.521923	0.520474	0.49166	0.506325	0.563018	0.492442	0.494994	0.494344	0.460677	0.460452	0.534623	0.458779	0.458404	0.45823	0.500915	0.513128	0.513683	0.488804	0.49176	0.492438	0.533128	0.525519	0.496543	0.516275	0.515951	0.519461	0.462851	0.466861	0.468301	0.443268	0.442665	0.443379	0.327791	0.36642	0.377839	0.376781	0.374694	0.377447	0.52291	0.533445	0.533297	0.513998	0.517162	0.516816
ERR609328-k20-n1-x5e9	0.33566	0.335531	0.329302	0.329501	0.333127	0.330427	0.404224	0.327699	0.384639	0.419733	0.420808	0.411176	0.338491	0.371202	0.391214	0.365563	0.36155	0.3549	0.370329	0.430663	0.353584	0.381549	0.378218	0.382207	0.263864	0	0.364479	0.295472	0.293679	0.28784	0.397261	0.383153	0.384309	0.399488	0.399986	0.400176	0.460569	0.328489	0.436707	0.430728	0.433051	0.431131	0.374523	0.37305	0.375536	0.384429	0.384109	0.38262	0.527417	0.522774	0.519225	0.522165	0.524384	0.522922	0.494048	0.508928	0.563078	0.495003	0.497497	0.496875	0.461251	0.46092	0.534036	0.459713	0.459411	0.458903	0.503507	0.515706	0.516109	0.491422	0.494632	0.495304	0.535428	0.527634	0.498342	0.518212	0.51788	0.521665	0.465255	0.469347	0.470705	0.444653	0.444175	0.444864	0.329029	0.369209	0.380374	0.379538	0.377387	0.38024	0.525536	0.536064	0.535752	0.516717	0.519948	0.519615
ERR609329-k20-n1-x5e9	0.436438	0.422142	0.408986	0.414374	0.41793	0.413844	0.540414	0.407478	0.518177	0.556488	0.557904	0.547545	0.431769	0.494608	0.520133	0.488113	0.482528	0.47195	0.480024	0.379092	0.438127	0.498764	0.493983	0.499463	0.366363	0.364479	0	0.424242	0.421503	0.405751	0.527064	0.500702	0.501994	0.530212	0.530667	0.531245	0.596887	0.42228	0.573311	0.568295	0.570622	0.568768	0.409551	0.414613	0.413292	0.476033	0.473624	0.471424	0.628133	0.621239	0.613763	0.619734	0.622645	0.62074	0.587926	0.617301	0.531576	0.597663	0.601997	0.600869	0.507125	0.506312	0.491038	0.530978	0.529112	0.521416	0.611328	0.626539	0.626499	0.593891	0.598252	0.599544	0.634986	0.625154	0.571765	0.60643	0.60693	0.612135	0.558222	0.566411	0.567033	0.50645	0.508939	0.506163	0.418794	0.504908	0.518898	0.516951	0.514933	0.517757	0.62835	0.641676	0.640884	0.615338	0.619595	0.619875
ERR609330-k20-n1-x5e9	0.323468	0.330888	0.333245	0.329291	0.329684	0.330358	0.374228	0.36556	0.354114	0.386927	0.387153	0.3756	0.35628	0.366966	0.378569	0.354338	0.353067	0.352351	0.369337	0.474491	0.371998	0.359741	0.35936	0.360724	0.293929	0.295472	0.424242	0	0.260481	0.264661	0.344314	0.338206	0.341439	0.345945	0.346	0.346531	0.404145	0.337015	0.380266	0.378726	0.380174	0.37873	0.407175	0.40414	0.410637	0.386773	0.389404	0.387868	0.48225	0.478035	0.474999	0.477841	0.479397	0.478433	0.448626	0.464438	0.592533	0.453115	0.455425	0.45465	0.490885	0.490354	0.579529	0.459469	0.460154	0.463611	0.459107	0.471995	0.46947	0.451851	0.456168	0.456542	0.496574	0.490075	0.481199	0.482394	0.481747	0.483832	0.435543	0.437966	0.436903	0.447595	0.444558	0.447361	0.313879	0.32149	0.331457	0.328114	0.326952	0.328132	0.481259	0.492742	0.48971	0.476108	0.480294	0.480079
ERR609331-k20-n1-x5e9	0.323983	0.33087	0.332577	0.329054	0.329901	0.329776	0.37567	0.363723	0.355504	0.388614	0.388697	0.377309	0.354887	0.366616	0.378597	0.354309	0.352889	0.3521	0.368778	0.472216	0.370489	0.360219	0.359888	0.361496	0.292566	0.293679	0.421503	0.260481	0	0.264754	0.347619	0.341093	0.344106	0.349306	0.34934	0.350085	0.407274	0.336865	0.383545	0.381655	0.383097	0.381609	0.405615	0.402591	0.408976	0.386486	0.388829	0.387471	0.484677	0.480653	0.477505	0.48041	0.481911	0.481026	0.450976	0.466734	0.590871	0.455292	0.457539	0.456832	0.489031	0.488403	0.57714	0.458582	0.459287	0.462562	0.461202	0.474028	0.471517	0.453804	0.457981	0.458338	0.498768	0.492349	0.481877	0.48437	0.483615	0.485887	0.436784	0.439457	0.438445	0.446824	0.443848	0.4466	0.313127	0.322934	0.33352	0.330288	0.32903	0.330299	0.483479	0.494792	0.491945	0.478112	0.482341	0.481953
ERR609332-k20-n1-x5e9	0.32388	0.327247	0.327698	0.325006	0.326079	0.326136	0.388627	0.358608	0.36697	0.402537	0.402748	0.390854	0.352961	0.373591	0.388077	0.36062	0.358408	0.356129	0.37268	0.458299	0.368123	0.367204	0.365922	0.367899	0.286815	0.28784	0.405751	0.264661	0.264754	0	0.358847	0.347788	0.350857	0.360902	0.361112	0.361699	0.423676	0.333963	0.398953	0.397011	0.398638	0.396901	0.39685	0.394582	0.400631	0.386684	0.388599	0.386984	0.494387	0.489573	0.485576	0.489206	0.490962	0.489906	0.458531	0.47796	0.581009	0.46451	0.467283	0.46655	0.486634	0.48577	0.567497	0.459859	0.460349	0.462242	0.47242	0.48613	0.483765	0.463053	0.467675	0.468174	0.508352	0.501049	0.484121	0.490714	0.490225	0.493	0.442987	0.446789	0.445557	0.445669	0.443268	0.445355	0.310551	0.335385	0.347144	0.343775	0.342174	0.343779	0.494058	0.506245	0.503453	0.487188	0.491725	0.491594
ERR607627-k20-n1-x5e9	0.370105	0.386573	0.393678	0.38764	0.38629	0.387691	0.358958	0.421985	0.349052	0.366204	0.365941	0.359027	0.385594	0.360576	0.35953	0.348948	0.351571	0.357813	0.36812	0.534109	0.39479	0.345305	0.347852	0.345913	0.394562	0.397261	0.527064	0.344314	0.347619	0.358847	0	0.242398	0.24161	0.229895	0.229796	0.229903	0.364601	0.3796	0.343567	0.34228	0.343089	0.342283	0.457945	0.451608	0.458574	0.406095	0.411218	0.410608	0.428296	0.424041	0.421461	0.42377	0.425002	0.424165	0.387239	0.400669	0.61529	0.387402	0.389457	0.388704	0.54893	0.548453	0.649016	0.50966	0.5111	0.518319	0.399541	0.413205	0.413558	0.390259	0.393205	0.393014	0.451174	0.44607	0.466002	0.446877	0.446272	0.446079	0.397273	0.394931	0.393438	0.447969	0.442393	0.448345	0.345098	0.290244	0.291213	0.28946	0.290351	0.289263	0.417017	0.430192	0.429931	0.408102	0.41153	0.411506
ERR607628-k20-n1-x5e9	0.36045	0.371805	0.377077	0.372323	0.371157	0.372295	0.380738	0.409623	0.364484	0.391794	0.391662	0.381613	0.371919	0.367026	0.373236	0.3514	0.352491	0.355745	0.364862	0.503404	0.379529	0.344523	0.346277	0.345672	0.380678	0.383153	0.500702	0.338206	0.341093	0.347788	0.242398	0	0.230811	0.246471	0.246511	0.247527	0.398551	0.363445	0.371469	0.3693	0.370804	0.369503	0.438305	0.432711	0.440012	0.399232	0.404175	0.402813	0.439734	0.432003	0.424446	0.430558	0.433019	0.430989	0.387073	0.419244	0.587773	0.396231	0.400776	0.39941	0.545561	0.544821	0.634066	0.510835	0.511769	0.516893	0.415507	0.434911	0.434949	0.396985	0.402363	0.402923	0.463185	0.454536	0.454448	0.445083	0.445086	0.446943	0.392783	0.394113	0.39163	0.431564	0.426355	0.431554	0.323758	0.301545	0.308563	0.305194	0.30531	0.305035	0.432611	0.450766	0.449913	0.416076	0.421477	0.422145
ERR607629-k20-n1-x5e9	0.362972	0.374448	0.379829	0.375115	0.374131	0.375142	0.380358	0.409411	0.364867	0.391142	0.391182	0.382114	0.371761	0.36496	0.371004	0.350131	0.351513	0.354713	0.362652	0.504086	0.377823	0.343414	0.345247	0.344774	0.381541	0.384309	0.501994	0.341439	0.344106	0.350857	0.24161	0.230811	0	0.245915	0.246033	0.246615	0.399032	0.363864	0.372473	0.369822	0.371397	0.370085	0.439138	0.433174	0.440216	0.399322	0.404075	0.402884	0.439779	0.432101	0.424899	0.43073	0.433334	0.431133	0.387519	0.418515	0.587159	0.39568	0.40012	0.398935	0.545345	0.544667	0.634506	0.511892	0.512827	0.517871	0.414254	0.433297	0.433977	0.395401	0.400284	0.40086	0.462979	0.454307	0.454366	0.445629	0.445633	0.44759	0.391881	0.393032	0.390996	0.430734	0.425738	0.430926	0.32583	0.301706	0.307866	0.304831	0.305165	0.305164	0.431257	0.449119	0.449015	0.414548	0.419402	0.420019
ERR607630-k20-n1-x5e9	0.372001	0.388715	0.395943	0.389602	0.388222	0.389607	0.355664	0.423035	0.346875	0.362171	0.361694	0.355101	0.385993	0.35857	0.356325	0.34751	0.350421	0.356766	0.367829	0.537127	0.39589	0.344609	0.347319	0.345384	0.396745	0.399488	0.530212	0.345945	0.349306	0.360902	0.229895	0.246471	0.245915	0	0.228406	0.228546	0.360659	0.381668	0.340663	0.339068	0.339843	0.33905	0.460037	0.453757	0.460763	0.407045	0.412321	0.411575	0.428281	0.424576	0.422562	0.424264	0.425386	0.424519	0.388933	0.399586	0.618663	0.387462	0.389301	0.388502	0.549623	0.548933	0.650895	0.509893	0.511333	0.51873	0.398278	0.410937	0.411613	0.390315	0.392796	0.392574	0.450655	0.44597	0.467979	0.447885	0.447254	0.44687	0.398894	0.396055	0.394661	0.450097	0.444683	0.450569	0.348558	0.290376	0.290104	0.288585	0.289526	0.288409	0.416155	0.428154	0.428139	0.408107	0.411202	0.411067
ERR607631-k20-n1-x5e9	0.372218	0.389109	0.396178	0.389935	0.388522	0.389854	0.355738	0.423776	0.347131	0.362206	0.361763	0.355181	0.386903	0.359515	0.357164	0.348392	0.351267	0.357706	0.368655	0.537763	0.396717	0.345277	0.347917	0.345951	0.397136	0.399986	0.530667	0.346	0.34934	0.361112	0.229796	0.246511	0.246033	0.228406	0	0.228314	0.359998	0.382379	0.340152	0.338642	0.33936	0.338517	0.46059	0.454287	0.461275	0.407261	0.412488	0.411919	0.427647	0.424133	0.422158	0.423837	0.425037	0.424158	0.388523	0.398848	0.619103	0.387036	0.388716	0.388033	0.549877	0.549222	0.651102	0.509849	0.511234	0.518748	0.397781	0.410409	0.41089	0.390039	0.392646	0.392316	0.450237	0.445668	0.468137	0.447607	0.447085	0.446734	0.39894	0.396186	0.394712	0.450564	0.445118	0.451069	0.348536	0.289937	0.289876	0.28804	0.289196	0.288038	0.415589	0.427701	0.427531	0.407902	0.410822	0.410812
ERR607632-k20-n1-x5e9	0.372582	0.389649	0.396844	0.390397	0.389335	0.390557	0.354848	0.423509	0.346455	0.361293	0.360764	0.35438	0.386344	0.358078	0.355493	0.347428	0.35031	0.356765	0.367841	0.53826	0.396463	0.344795	0.347623	0.345582	0.397219	0.400176	0.531245	0.346531	0.350085	0.361699	0.229903	0.247527	0.246615	0.228546	0.228314	0	0.359786	0.382566	0.340175	0.338457	0.339055	0.338565	0.46101	0.454524	0.461501	0.40743	0.412488	0.411947	0.428797	0.425283	0.423492	0.424906	0.426186	0.425358	0.389878	0.399644	0.619865	0.387976	0.389565	0.388893	0.550044	0.549594	0.651672	0.510568	0.512045	0.519497	0.398468	0.410892	0.411515	0.390535	0.393272	0.392905	0.450977	0.446419	0.469065	0.448666	0.448052	0.447648	0.399638	0.396742	0.395444	0.451103	0.445724	0.451565	0.349357	0.289865	0.289638	0.287951	0.289086	0.287981	0.416123	0.428	0.428064	0.408401	0.411277	0.411241
ERR605411-k20-n1-x5e9	0.420429	0.442202	0.451678	0.444558	0.44364	0.44523	0.333084	0.464709	0.340492	0.327646	0.326025	0.326894	0.457199	0.407339	0.39161	0.402756	0.406528	0.417198	0.413696	0.604993	0.455889	0.388216	0.391837	0.387885	0.458535	0.460569	0.596887	0.404145	0.407274	0.423676	0.364601	0.398551	0.399032	0.360659	0.359998	0.359786	0	0.400405	0.245548	0.248829	0.247223	0.248184	0.535922	0.530465	0.536207	0.476328	0.480787	0.481124	0.429814	0.435057	0.444036	0.437419	0.435932	0.437822	0.445588	0.416323	0.69042	0.429221	0.425187	0.426062	0.561643	0.561205	0.679856	0.512238	0.514827	0.5256	0.422038	0.418504	0.416878	0.436906	0.436056	0.434402	0.440756	0.44436	0.501684	0.466771	0.464807	0.460633	0.45522	0.447125	0.446597	0.516267	0.510992	0.516772	0.434931	0.34603	0.336302	0.336722	0.337893	0.335733	0.440262	0.437259	0.43605	0.453066	0.45258	0.450747
ERR605412-k20-n1-x5e9	0.321214	0.323494	0.32172	0.321172	0.323148	0.322086	0.378018	0.323017	0.356574	0.394011	0.394943	0.383726	0.345486	0.369891	0.387314	0.359807	0.357132	0.352903	0.339559	0.427122	0.328347	0.344227	0.341682	0.344912	0.328025	0.328489	0.42228	0.337015	0.336865	0.333963	0.3796	0.363445	0.363864	0.381668	0.382379	0.382566	0.400405	0	0.371577	0.365134	0.368077	0.365604	0.400863	0.399027	0.402285	0.39962	0.400552	0.399267	0.479025	0.472223	0.466389	0.471616	0.474097	0.472208	0.457189	0.479494	0.558605	0.461502	0.464757	0.463869	0.470546	0.470268	0.550228	0.458235	0.457872	0.458652	0.47638	0.491315	0.491594	0.46066	0.465129	0.465708	0.487951	0.477534	0.443977	0.463978	0.464416	0.468651	0.436729	0.440982	0.441113	0.430068	0.428688	0.430618	0.331245	0.35784	0.3684	0.365662	0.364207	0.366519	0.494938	0.508318	0.507975	0.483133	0.487062	0.487139
ERR605413-k20-n1-x5e9	0.395317	0.416366	0.425286	0.418435	0.417367	0.419237	0.324851	0.441911	0.325948	0.323534	0.321689	0.319406	0.434424	0.391462	0.379544	0.38448	0.388003	0.397526	0.391721	0.579194	0.430551	0.365385	0.368818	0.365181	0.434721	0.436707	0.573311	0.380266	0.383545	0.398953	0.343567	0.371469	0.372473	0.340663	0.340152	0.340175	0.245548	0.371577	0	0.242079	0.241352	0.241386	0.513671	0.508305	0.514477	0.456969	0.461518	0.461486	0.420114	0.422672	0.428297	0.424204	0.423645	0.424576	0.427623	0.409746	0.66891	0.415961	0.413471	0.413921	0.547626	0.547171	0.663371	0.498788	0.50112	0.51128	0.413112	0.414308	0.412572	0.422393	0.422869	0.421615	0.432614	0.433487	0.480355	0.449072	0.447497	0.444351	0.436263	0.429743	0.428818	0.495183	0.489615	0.495476	0.406873	0.32591	0.318979	0.318798	0.3196	0.317961	0.432152	0.433552	0.431931	0.440279	0.440893	0.439646
ERR605414-k20-n1-x5e9	0.392536	0.41378	0.421932	0.41515	0.414325	0.415971	0.316338	0.432673	0.319368	0.31486	0.313682	0.31245	0.426254	0.381054	0.368898	0.376138	0.379618	0.388998	0.380168	0.573398	0.420522	0.356643	0.359909	0.356333	0.428443	0.430728	0.568295	0.378726	0.381655	0.397011	0.34228	0.3693	0.369822	0.339068	0.338642	0.338457	0.248829	0.365134	0.242079	0	0.238877	0.238636	0.508447	0.502961	0.508687	0.451657	0.455884	0.45619	0.422073	0.424698	0.430446	0.42574	0.425442	0.426105	0.42946	0.410175	0.664302	0.415401	0.412936	0.413431	0.541576	0.541135	0.658506	0.496066	0.498229	0.508123	0.413015	0.413995	0.413653	0.420495	0.420428	0.419325	0.432613	0.432927	0.477251	0.448957	0.447237	0.444716	0.433552	0.426996	0.426759	0.489608	0.484336	0.490197	0.405647	0.323611	0.316081	0.31679	0.317248	0.316147	0.432547	0.433543	0.433216	0.438923	0.439414	0.437884
ERR605415-k20-n1-x5e9	0.394526	0.41601	0.424242	0.41751	0.416644	0.418122	0.317775	0.435538	0.320937	0.315777	0.314754	0.3133	0.428999	0.383453	0.371013	0.378597	0.382185	0.391461	0.383188	0.576048	0.423509	0.359144	0.362408	0.358817	0.430675	0.433051	0.570622	0.380174	0.383097	0.398638	0.343089	0.370804	0.371397	0.339843	0.33936	0.339055	0.247223	0.368077	0.241352	0.238877	0	0.238288	0.510542	0.505064	0.510896	0.453412	0.457676	0.458093	0.421384	0.424351	0.430209	0.42537	0.424883	0.425727	0.429314	0.409408	0.666157	0.415321	0.412752	0.413112	0.542988	0.542567	0.660209	0.496648	0.498958	0.509044	0.41246	0.413147	0.412624	0.42045	0.420464	0.419297	0.432126	0.432789	0.478454	0.449213	0.447585	0.444743	0.434119	0.427609	0.427285	0.491049	0.485699	0.491707	0.407272	0.324588	0.316993	0.317337	0.31822	0.316766	0.432031	0.432694	0.432333	0.439025	0.439233	0.437893
ERR605416-k20-n1-x5e9	0.392409	0.413824	0.422107	0.415299	0.414424	0.416053	0.317243	0.433688	0.320033	0.315748	0.314508	0.312951	0.427297	0.382225	0.370016	0.376966	0.380565	0.389896	0.38165	0.573993	0.421462	0.357682	0.360819	0.357396	0.429144	0.431131	0.568768	0.37873	0.381609	0.396901	0.342283	0.369503	0.370085	0.33905	0.338517	0.338565	0.248184	0.365604	0.241386	0.238636	0.238288	0	0.508942	0.503565	0.509336	0.452285	0.45636	0.456827	0.421773	0.424484	0.429953	0.425412	0.425001	0.425904	0.429027	0.409996	0.664897	0.415387	0.412987	0.413322	0.542189	0.54169	0.65906	0.496086	0.498492	0.508319	0.413052	0.414015	0.413525	0.420699	0.420722	0.419679	0.432294	0.432758	0.477221	0.448652	0.446914	0.444162	0.433888	0.427251	0.426904	0.49017	0.48481	0.490718	0.405533	0.32372	0.316243	0.316634	0.317483	0.315936	0.432315	0.433345	0.43292	0.439069	0.439486	0.437848
ERR607561-k20-n1-x5e9	0.41044	0.405941	0.397467	0.399882	0.40267	0.399645	0.48	0.389984	0.460666	0.49441	0.495584	0.486204	0.389028	0.433708	0.454872	0.426876	0.422538	0.414883	0.435398	0.440493	0.410721	0.447674	0.444316	0.448217	0.374718	0.374523	0.409551	0.407175	0.405615	0.39685	0.457945	0.438305	0.439138	0.460037	0.46059	0.46101	0.535922	0.400863	0.513671	0.508447	0.510542	0.508942	0	0.278546	0.279772	0.309195	0.307069	0.305865	0.566954	0.561298	0.556249	0.559985	0.562454	0.560632	0.525364	0.547833	0.549871	0.530492	0.533928	0.533161	0.494384	0.493725	0.538864	0.5001	0.498844	0.495865	0.544979	0.558763	0.5593	0.529373	0.533215	0.534012	0.575064	0.566224	0.527979	0.55294	0.553307	0.557234	0.496977	0.50333	0.504097	0.461596	0.463083	0.462151	0.386137	0.442084	0.453628	0.451961	0.450278	0.452898	0.559982	0.572229	0.571832	0.548433	0.551994	0.552164
