.	ERR610199-k20-n1-x5e9	ERR610200-k20-n1-x5e9	ERR610201-k20-n1-x5e9	ERR610202-k20-n1-x5e9	ERR610203-k20-n1-x5e9	ERR610204-k20-n1-x5e9	ERR608007-k20-n1-x5e9	ERR608008-k20-n1-x5e9	ERR608009-k20-n1-x5e9	ERR608010-k20-n1-x5e9	ERR608011-k20-n1-x5e9	ERR608012-k20-n1-x5e9	ERR609119-k20-n1-x5e9	ERR609120-k20-n1-x5e9	ERR609121-k20-n1-x5e9	ERR609122-k20-n1-x5e9	ERR609123-k20-n1-x5e9	ERR609124-k20-n1-x5e9	ERR610223-k20-n1-x5e9	ERR610224-k20-n1-x5e9	ERR610225-k20-n1-x5e9	ERR610226-k20-n1-x5e9	ERR610227-k20-n1-x5e9	ERR610228-k20-n1-x5e9	ERR607158-k20-n1-x5e9	ERR607159-k20-n1-x5e9	ERR607160-k20-n1-x5e9	ERR607161-k20-n1-x5e9	ERR607162-k20-n1-x5e9	ERR607163-k20-n1-x5e9	ERR606660-k20-n1-x5e9	ERR606661-k20-n1-x5e9	ERR606662-k20-n1-x5e9	ERR606663-k20-n1-x5e9	ERR606664-k20-n1-x5e9	ERR606665-k20-n1-x5e9	ERR608013-k20-n1-x5e9	ERR608014-k20-n1-x5e9	ERR608015-k20-n1-x5e9	ERR608016-k20-n1-x5e9	ERR608017-k20-n1-x5e9	ERR608018-k20-n1-x5e9	ERR607343-k20-n1-x5e9	ERR607344-k20-n1-x5e9	ERR607345-k20-n1-x5e9	ERR607346-k20-n1-x5e9	ERR607347-k20-n1-x5e9	ERR607348-k20-n1-x5e9	ERR608943-k20-n1-x5e9	ERR608944-k20-n1-x5e9	ERR608945-k20-n1-x5e9	ERR608946-k20-n1-x5e9	ERR608947-k20-n1-x5e9	ERR608948-k20-n1-x5e9	ERR608389-k20-n1-x5e9	ERR608390-k20-n1-x5e9	ERR608391-k20-n1-x5e9	ERR608392-k20-n1-x5e9	ERR608393-k20-n1-x5e9	ERR608394-k20-n1-x5e9	ERR608275-k20-n1-x5e9	ERR608276-k20-n1-x5e9	ERR608277-k20-n1-x5e9	ERR608278-k20-n1-x5e9	ERR608279-k20-n1-x5e9	ERR608280-k20-n1-x5e9	ERR608057-k20-n1-x5e9	ERR608058-k20-n1-x5e9	ERR608059-k20-n1-x5e9	ERR608060-k20-n1-x5e9	ERR608061-k20-n1-x5e9	ERR608062-k20-n1-x5e9	ERR605653-k20-n1-x5e9	ERR605654-k20-n1-x5e9	ERR605655-k20-n1-x5e9	ERR605656-k20-n1-x5e9	ERR605657-k20-n1-x5e9	ERR605658-k20-n1-x5e9	ERR605994-k20-n1-x5e9	ERR605995-k20-n1-x5e9	ERR605996-k20-n1-x5e9	ERR605997-k20-n1-x5e9	ERR605998-k20-n1-x5e9	ERR605999-k20-n1-x5e9	ERR608371-k20-n1-x5e9	ERR608372-k20-n1-x5e9	ERR608373-k20-n1-x5e9	ERR608374-k20-n1-x5e9	ERR608375-k20-n1-x5e9	ERR608376-k20-n1-x5e9	ERR605928-k20-n1-x5e9	ERR605929-k20-n1-x5e9	ERR605930-k20-n1-x5e9	ERR605931-k20-n1-x5e9	ERR605932-k20-n1-x5e9	ERR605933-k20-n1-x5e9
ERR610199-k20-n1-x5e9	7.10094e+09	4.26294e+09	6.23747e+09	7.49472e+09	7.44697e+09	7.50074e+09	4.40177e+09	7.04255e+09	6.28597e+09	7.80209e+09	7.73959e+09	7.83645e+09	7.3304e+09	5.08821e+09	7.02847e+09	7.44756e+09	7.40571e+09	7.13506e+09	7.27499e+09	4.37587e+09	6.57076e+09	7.24324e+09	7.31152e+09	7.37841e+09	6.4034e+09	8.43477e+09	5.56052e+09	7.46915e+09	7.37107e+09	4.62742e+09	3.81503e+09	7.18936e+09	6.96303e+09	6.7249e+09	7.43738e+09	7.36599e+09	4e+09	4.77856e+09	5.1052e+09	5.83756e+09	5.84771e+09	5.81078e+09	6.5678e+09	6.77312e+09	6.44209e+09	8.91817e+09	8.88261e+09	8.85455e+09	7.04687e+09	7.25979e+09	7.27355e+09	6.10417e+09	6.1248e+09	6.17323e+09	5.20349e+09	6.06625e+09	6.47452e+09	6.44605e+09	6.54809e+09	6.05943e+09	5.54985e+09	6.42159e+09	6.83956e+09	6.83607e+09	6.93189e+09	6.43733e+09	4.7985e+09	5.86057e+09	6.15216e+09	5.9886e+09	6.00165e+09	6.02733e+09	6.09939e+09	5.76793e+09	5.67513e+09	5.50173e+09	5.5694e+09	5.52763e+09	3.03517e+09	4.45893e+09	4.52291e+09	3.50709e+09	3.49706e+09	3.46302e+09	6.91252e+09	7.20013e+09	7.15456e+09	6.52827e+09	6.61662e+09	6.64239e+09	3.50481e+09	4.94208e+09	4.98605e+09	3.89936e+09	3.88987e+09	3.85639e+09
ERR610200-k20-n1-x5e9	4.26294e+09	3.01889e+09	3.94286e+09	4.57502e+09	4.55103e+09	4.5769e+09	2.91628e+09	4.29159e+09	3.90531e+09	4.67704e+09	4.64749e+09	4.69718e+09	4.47062e+09	3.32953e+09	4.33275e+09	4.52458e+09	4.5048e+09	4.38047e+09	4.43223e+09	2.95683e+09	4.08815e+09	4.433e+09	4.46596e+09	4.49933e+09	4.05774e+09	5.03514e+09	3.591e+09	4.55808e+09	4.50936e+09	3.09532e+09	2.59978e+09	4.43296e+09	4.32027e+09	4.20537e+09	4.56641e+09	4.53083e+09	2.68349e+09	3.10899e+09	3.2833e+09	3.69023e+09	3.69612e+09	3.67604e+09	4.08263e+09	4.18312e+09	4.01453e+09	5.25854e+09	5.24021e+09	5.22712e+09	4.32649e+09	4.42886e+09	4.44206e+09	3.81991e+09	3.83023e+09	3.85666e+09	3.36915e+09	3.81279e+09	4.02367e+09	4.0039e+09	4.05941e+09	3.81021e+09	3.60264e+09	4.03421e+09	4.24166e+09	4.23558e+09	4.28569e+09	4.04357e+09	3.13991e+09	3.7023e+09	3.85094e+09	3.76792e+09	3.77676e+09	3.78956e+09	3.82758e+09	3.65734e+09	3.60852e+09	3.50916e+09	3.56724e+09	3.54172e+09	2.09164e+09	2.91628e+09	2.95286e+09	2.3667e+09	2.36638e+09	2.34441e+09	4.2717e+09	4.41126e+09	4.39695e+09	4.06899e+09	4.10916e+09	4.1222e+09	2.37439e+09	3.18118e+09	3.20456e+09	2.58542e+09	2.58279e+09	2.56236e+09
ERR610201-k20-n1-x5e9	6.23747e+09	3.94286e+09	5.85721e+09	6.75068e+09	6.71054e+09	6.75551e+09	4.04965e+09	6.33687e+09	5.6879e+09	6.9857e+09	6.93305e+09	7.01607e+09	6.60069e+09	4.66827e+09	6.34784e+09	6.69866e+09	6.66345e+09	6.43677e+09	6.55016e+09	4.03967e+09	5.95398e+09	6.52927e+09	6.58679e+09	6.64331e+09	5.82519e+09	7.5443e+09	5.08734e+09	6.72644e+09	6.64318e+09	4.26619e+09	3.52153e+09	6.49002e+09	6.29706e+09	6.09364e+09	6.70445e+09	6.643e+09	3.68846e+09	4.37816e+09	4.66385e+09	5.30676e+09	5.31569e+09	5.28373e+09	5.94562e+09	6.11994e+09	5.83592e+09	7.94508e+09	7.91534e+09	7.89162e+09	6.35071e+09	6.53102e+09	6.54492e+09	5.53398e+09	5.5514e+09	5.59398e+09	4.75269e+09	5.50295e+09	5.8562e+09	5.82957e+09	5.91889e+09	5.49696e+09	5.07968e+09	5.8328e+09	6.19021e+09	6.18611e+09	6.26802e+09	5.84671e+09	4.39319e+09	5.32266e+09	5.5747e+09	5.43369e+09	5.44571e+09	5.46809e+09	5.52651e+09	5.23969e+09	5.15842e+09	5.00507e+09	5.06908e+09	5.03174e+09	2.80841e+09	4.08385e+09	4.14091e+09	3.23374e+09	3.22587e+09	3.19495e+09	6.24174e+09	6.4858e+09	6.44932e+09	5.90942e+09	5.9836e+09	6.00646e+09	3.23141e+09	4.50524e+09	4.5436e+09	3.58049e+09	3.57266e+09	3.54224e+09
ERR610202-k20-n1-x5e9	7.49472e+09	4.57502e+09	6.75068e+09	8.44766e+09	8.15398e+09	8.21618e+09	4.70581e+09	7.66357e+09	6.79893e+09	8.53992e+09	8.46885e+09	8.58182e+09	8.00444e+09	5.46811e+09	7.6665e+09	8.13434e+09	8.08718e+09	7.78385e+09	7.93321e+09	4.69936e+09	7.13059e+09	7.91281e+09	7.99106e+09	8.06867e+09	6.98247e+09	9.30095e+09	5.99694e+09	8.17508e+09	8.06112e+09	4.96234e+09	4.13109e+09	7.87873e+09	7.62006e+09	7.35288e+09	8.17519e+09	8.0932e+09	4.27593e+09	5.11988e+09	5.47844e+09	6.30642e+09	6.31878e+09	6.27628e+09	7.14011e+09	7.37299e+09	6.99249e+09	9.86081e+09	9.81908e+09	9.78619e+09	7.74551e+09	7.98327e+09	8.00353e+09	6.65144e+09	6.67464e+09	6.72901e+09	5.64596e+09	6.6023e+09	7.06097e+09	7.02734e+09	7.14399e+09	6.59525e+09	6.00951e+09	6.98012e+09	7.45559e+09	7.44716e+09	7.5584e+09	6.99937e+09	5.22028e+09	6.39804e+09	6.72348e+09	6.54079e+09	6.55525e+09	6.5838e+09	6.63774e+09	6.26465e+09	6.16109e+09	5.96333e+09	6.05471e+09	6.005e+09	3.24947e+09	4.78412e+09	4.85373e+09	3.74655e+09	3.73514e+09	3.69852e+09	7.58512e+09	7.90815e+09	7.8644e+09	7.14097e+09	7.2365e+09	7.26606e+09	3.76354e+09	5.32469e+09	5.37358e+09	4.17985e+09	4.16968e+09	4.13234e+09
ERR610203-k20-n1-x5e9	7.44697e+09	4.55103e+09	6.71054e+09	8.15398e+09	8.33436e+09	8.15982e+09	4.68047e+09	7.61207e+09	6.7563e+09	8.4789e+09	8.40892e+09	8.52065e+09	7.95252e+09	5.43883e+09	7.61833e+09	8.08081e+09	8.03461e+09	7.73367e+09	7.88207e+09	4.67466e+09	7.08672e+09	7.86107e+09	7.93841e+09	8.01477e+09	6.93957e+09	9.23234e+09	5.96321e+09	8.11993e+09	8.00741e+09	4.9368e+09	4.10832e+09	7.82559e+09	7.56942e+09	7.30507e+09	8.11831e+09	8.03714e+09	4.25356e+09	5.0921e+09	5.44803e+09	6.26883e+09	6.28064e+09	6.23898e+09	7.0947e+09	7.32525e+09	6.94885e+09	9.7857e+09	9.74445e+09	9.71175e+09	7.69076e+09	7.92611e+09	7.94639e+09	6.60838e+09	6.63125e+09	6.68508e+09	5.61147e+09	6.56021e+09	7.01463e+09	6.9808e+09	7.0964e+09	6.5527e+09	5.97417e+09	6.93712e+09	7.40783e+09	7.39971e+09	7.50915e+09	6.95608e+09	5.18938e+09	6.35709e+09	6.67998e+09	6.49895e+09	6.51315e+09	6.54105e+09	6.59582e+09	6.22606e+09	6.12295e+09	5.92734e+09	6.01718e+09	5.96788e+09	3.23258e+09	4.758e+09	4.82732e+09	3.72772e+09	3.71568e+09	3.67968e+09	7.5341e+09	7.85374e+09	7.80987e+09	7.09409e+09	7.18887e+09	7.21828e+09	3.743e+09	5.29379e+09	5.34229e+09	4.15751e+09	4.14733e+09	4.11007e+09
ERR610204-k20-n1-x5e9	7.50074e+09	4.5769e+09	6.75551e+09	8.21618e+09	8.15982e+09	8.45967e+09	4.70963e+09	7.67233e+09	6.80679e+09	8.54983e+09	8.47878e+09	8.59275e+09	8.01319e+09	5.47272e+09	7.67454e+09	8.14445e+09	8.09676e+09	7.79247e+09	7.94171e+09	4.70222e+09	7.13691e+09	7.91966e+09	7.99765e+09	8.07651e+09	6.98688e+09	9.31097e+09	6.0023e+09	8.18256e+09	8.06882e+09	4.96636e+09	4.13252e+09	7.8852e+09	7.62521e+09	7.35763e+09	8.18152e+09	8.09945e+09	4.27933e+09	5.1253e+09	5.4843e+09	6.31289e+09	6.32516e+09	6.28323e+09	7.14708e+09	7.37984e+09	6.99965e+09	9.87201e+09	9.83041e+09	9.79776e+09	7.75191e+09	7.99093e+09	8.01063e+09	6.65713e+09	6.68006e+09	6.7343e+09	5.65088e+09	6.60985e+09	7.06924e+09	7.03547e+09	7.15199e+09	6.60222e+09	6.01329e+09	6.98562e+09	7.46209e+09	7.45389e+09	7.56484e+09	7.00487e+09	5.22277e+09	6.40255e+09	6.72902e+09	6.54587e+09	6.56025e+09	6.58877e+09	6.64581e+09	6.27161e+09	6.16858e+09	5.97057e+09	6.06092e+09	6.01129e+09	3.25202e+09	4.79026e+09	4.85964e+09	3.75091e+09	3.73937e+09	3.70278e+09	7.59173e+09	7.9155e+09	7.8713e+09	7.14657e+09	7.24286e+09	7.27291e+09	3.76712e+09	5.33215e+09	5.38059e+09	4.18542e+09	4.17495e+09	4.13779e+09
ERR608007-k20-n1-x5e9	4.40177e+09	2.91628e+09	4.04965e+09	4.70581e+09	4.68047e+09	4.70963e+09	3.36241e+09	4.76369e+09	4.35163e+09	5.1711e+09	5.13601e+09	5.18778e+09	4.69722e+09	3.48069e+09	4.52557e+09	4.76804e+09	4.74397e+09	4.59057e+09	4.67579e+09	3.03651e+09	4.29495e+09	4.64052e+09	4.67772e+09	4.71327e+09	4.11636e+09	5.27119e+09	3.71031e+09	4.73626e+09	4.68193e+09	3.18297e+09	2.5757e+09	4.57148e+09	4.44959e+09	4.31349e+09	4.69817e+09	4.6596e+09	2.92359e+09	3.4257e+09	3.62416e+09	4.03253e+09	4.03731e+09	4.01598e+09	4.36204e+09	4.47581e+09	4.30045e+09	5.6111e+09	5.59186e+09	5.57632e+09	4.40064e+09	4.5337e+09	4.54091e+09	3.87848e+09	3.8899e+09	3.91886e+09	3.47673e+09	3.97929e+09	4.2032e+09	4.19289e+09	4.24574e+09	3.97609e+09	3.72135e+09	4.20861e+09	4.4326e+09	4.43622e+09	4.48251e+09	4.21794e+09	3.09182e+09	3.73816e+09	3.9095e+09	3.81283e+09	3.82147e+09	3.83697e+09	4.0628e+09	3.87545e+09	3.82e+09	3.7301e+09	3.74281e+09	3.72246e+09	2.18801e+09	3.13536e+09	3.1762e+09	2.53412e+09	2.5275e+09	2.50606e+09	4.34333e+09	4.52362e+09	4.48992e+09	4.11965e+09	4.17575e+09	4.19213e+09	2.52399e+09	3.45823e+09	3.4864e+09	2.80565e+09	2.79827e+09	2.77915e+09
ERR608008-k20-n1-x5e9	7.04255e+09	4.29159e+09	6.33687e+09	7.66357e+09	7.61207e+09	7.67233e+09	4.76369e+09	8.02325e+09	6.91424e+09	8.62681e+09	8.55208e+09	8.66253e+09	7.66723e+09	5.26423e+09	7.31455e+09	7.8117e+09	7.76241e+09	7.44844e+09	7.61578e+09	4.48843e+09	6.83376e+09	7.5405e+09	7.61782e+09	7.69089e+09	6.51835e+09	8.86211e+09	5.70611e+09	7.75593e+09	7.64367e+09	4.73844e+09	3.84212e+09	7.43491e+09	7.18898e+09	6.92241e+09	7.69952e+09	7.62198e+09	4.26058e+09	5.1299e+09	5.49538e+09	6.28866e+09	6.29874e+09	6.25655e+09	6.96069e+09	7.19415e+09	6.8346e+09	9.56302e+09	9.52187e+09	9.48963e+09	7.20616e+09	7.4637e+09	7.47678e+09	6.20731e+09	6.22882e+09	6.28135e+09	5.39914e+09	6.33582e+09	6.771e+09	6.74997e+09	6.85375e+09	6.3316e+09	5.72231e+09	6.66534e+09	7.11651e+09	7.12223e+09	7.21699e+09	6.68293e+09	4.79567e+09	5.94978e+09	6.27335e+09	6.09166e+09	6.10643e+09	6.13587e+09	6.48661e+09	6.12328e+09	6.01712e+09	5.84531e+09	5.88678e+09	5.84624e+09	3.17135e+09	4.72902e+09	4.79987e+09	3.70282e+09	3.69203e+09	3.65666e+09	7.05497e+09	7.40509e+09	7.3388e+09	6.6271e+09	6.73171e+09	6.76357e+09	3.72238e+09	5.32663e+09	5.37816e+09	4.18101e+09	4.17007e+09	4.13609e+09
ERR608009-k20-n1-x5e9	6.28597e+09	3.90531e+09	5.6879e+09	6.79893e+09	6.7563e+09	6.80679e+09	4.35163e+09	6.91424e+09	6.41444e+09	7.61398e+09	7.55212e+09	7.6423e+09	6.80069e+09	4.77005e+09	6.5034e+09	6.92296e+09	6.88102e+09	6.61624e+09	6.76604e+09	4.08149e+09	6.11169e+09	6.69741e+09	6.76178e+09	6.82302e+09	5.81575e+09	7.78116e+09	5.1449e+09	6.86709e+09	6.77358e+09	4.30644e+09	3.47549e+09	6.58827e+09	6.38268e+09	6.15624e+09	6.80355e+09	6.73929e+09	3.8973e+09	4.66971e+09	4.98994e+09	5.6652e+09	5.67334e+09	5.63764e+09	6.22255e+09	6.41768e+09	6.11838e+09	8.36719e+09	8.33359e+09	8.30705e+09	6.36549e+09	6.58648e+09	6.59518e+09	5.52452e+09	5.54285e+09	5.58809e+09	4.845e+09	5.65254e+09	6.01985e+09	6.0039e+09	6.09019e+09	5.64788e+09	5.15114e+09	5.96072e+09	6.33995e+09	6.34675e+09	6.42589e+09	5.97521e+09	4.29232e+09	5.29696e+09	5.57512e+09	5.41936e+09	5.43142e+09	5.45662e+09	5.78564e+09	5.47844e+09	5.38757e+09	5.24362e+09	5.26727e+09	5.23464e+09	2.89851e+09	4.29315e+09	4.35572e+09	3.38383e+09	3.3741e+09	3.3422e+09	6.24967e+09	6.54858e+09	6.489e+09	5.88748e+09	5.9793e+09	6.00678e+09	3.38911e+09	4.80947e+09	4.85422e+09	3.80428e+09	3.79381e+09	3.76436e+09
ERR608010-k20-n1-x5e9	7.80209e+09	4.67704e+09	6.9857e+09	8.53992e+09	8.4789e+09	8.54983e+09	5.1711e+09	8.62681e+09	7.61398e+09	9.96022e+09	9.57302e+09	9.70687e+09	8.54279e+09	5.75427e+09	8.13135e+09	8.71194e+09	8.65409e+09	8.28866e+09	8.47385e+09	4.89451e+09	7.5579e+09	8.39332e+09	8.48439e+09	8.57116e+09	7.22598e+09	9.97931e+09	6.26523e+09	8.65745e+09	8.52512e+09	5.16765e+09	4.21208e+09	8.29356e+09	8.00449e+09	7.69692e+09	8.61274e+09	8.52155e+09	4.62042e+09	5.58432e+09	5.99389e+09	6.90564e+09	6.91694e+09	6.86894e+09	7.69894e+09	7.96977e+09	7.54849e+09	1.08116e+10	1.07618e+10	1.07223e+10	8.06832e+09	8.36604e+09	8.38426e+09	6.89969e+09	6.9241e+09	6.98515e+09	5.95387e+09	7.02353e+09	7.52862e+09	7.50318e+09	7.62483e+09	7.01946e+09	6.29373e+09	7.37086e+09	7.89542e+09	7.90026e+09	8.01344e+09	7.39367e+09	5.30548e+09	6.61329e+09	6.98363e+09	6.77545e+09	6.79316e+09	6.82669e+09	7.18942e+09	6.76742e+09	6.64527e+09	6.44411e+09	6.50543e+09	6.45729e+09	3.44234e+09	5.16089e+09	5.24047e+09	4.0192e+09	4.00753e+09	3.96822e+09	7.88021e+09	8.28345e+09	8.21285e+09	7.3825e+09	7.49973e+09	7.53657e+09	4.05194e+09	5.83816e+09	5.89742e+09	4.55444e+09	4.54208e+09	4.50398e+09
ERR608011-k20-n1-x5e9	7.73959e+09	4.64749e+09	6.93305e+09	8.46885e+09	8.40892e+09	8.47878e+09	5.13601e+09	8.55208e+09	7.55212e+09	9.57302e+09	9.77949e+09	9.61665e+09	8.47182e+09	5.715e+09	8.06662e+09	8.63811e+09	8.58103e+09	8.22063e+09	8.40107e+09	4.86236e+09	7.49758e+09	8.3226e+09	8.41278e+09	8.49883e+09	7.17256e+09	9.88708e+09	6.22049e+09	8.58495e+09	8.45409e+09	5.13342e+09	4.18547e+09	8.22542e+09	7.94037e+09	7.63686e+09	8.54222e+09	8.45172e+09	4.59077e+09	5.54534e+09	5.95094e+09	6.85387e+09	6.86553e+09	6.81807e+09	7.63836e+09	7.90553e+09	7.48965e+09	1.07062e+10	1.06568e+10	1.06181e+10	8.00028e+09	8.29355e+09	8.31177e+09	6.84525e+09	6.86922e+09	6.92939e+09	5.91177e+09	6.96911e+09	7.46909e+09	7.44319e+09	7.56338e+09	6.96564e+09	6.25022e+09	7.31554e+09	7.83469e+09	7.83867e+09	7.95041e+09	7.33821e+09	5.2682e+09	6.56232e+09	6.92764e+09	6.72225e+09	6.74006e+09	6.77315e+09	7.13304e+09	6.71634e+09	6.59548e+09	6.39691e+09	6.45726e+09	6.40981e+09	3.42105e+09	5.12451e+09	5.2029e+09	3.99256e+09	3.98099e+09	3.94196e+09	7.81496e+09	8.21271e+09	8.14353e+09	7.32262e+09	7.43742e+09	7.47418e+09	4.02656e+09	5.79592e+09	5.85416e+09	4.52365e+09	4.5122e+09	4.47417e+09
ERR608012-k20-n1-x5e9	7.83645e+09	4.69718e+09	7.01607e+09	8.58182e+09	8.52065e+09	8.59275e+09	5.18778e+09	8.66253e+09	7.6423e+09	9.70687e+09	9.61665e+09	1.00497e+10	8.58358e+09	5.77745e+09	8.17105e+09	8.75299e+09	8.69449e+09	8.32716e+09	8.51156e+09	4.91406e+09	7.5906e+09	8.43351e+09	8.52467e+09	8.6123e+09	7.2631e+09	1.00328e+10	6.29202e+09	8.70078e+09	8.56726e+09	5.18814e+09	4.23349e+09	8.3374e+09	8.04624e+09	7.7374e+09	8.66079e+09	8.56863e+09	4.63704e+09	5.60434e+09	6.01545e+09	6.93361e+09	6.94524e+09	6.89641e+09	7.73365e+09	8.00607e+09	7.58145e+09	1.08711e+10	1.08201e+10	1.07809e+10	8.11358e+09	8.4124e+09	8.43137e+09	6.93416e+09	6.95864e+09	7.0199e+09	5.98271e+09	7.05751e+09	7.56653e+09	7.54047e+09	7.66293e+09	7.0542e+09	6.32295e+09	7.40571e+09	7.93375e+09	7.93854e+09	8.05244e+09	7.42847e+09	5.33441e+09	6.6487e+09	7.02057e+09	6.81147e+09	6.82943e+09	6.86264e+09	7.22315e+09	6.79821e+09	6.67563e+09	6.47304e+09	6.53677e+09	6.48826e+09	3.45567e+09	5.18015e+09	5.25973e+09	4.03342e+09	4.02135e+09	3.98191e+09	7.92374e+09	8.32888e+09	8.25834e+09	7.42166e+09	7.53836e+09	7.57584e+09	4.06854e+09	5.8606e+09	5.92008e+09	4.57075e+09	4.55908e+09	4.52049e+09
ERR609119-k20-n1-x5e9	7.3304e+09	4.47062e+09	6.60069e+09	8.00444e+09	7.95252e+09	8.01319e+09	4.69722e+09	7.66723e+09	6.80069e+09	8.54279e+09	8.47182e+09	8.58358e+09	8.53325e+09	5.62192e+09	7.90169e+09	8.42041e+09	8.36719e+09	8.03798e+09	7.921e+09	4.67455e+09	7.11338e+09	7.87614e+09	7.95393e+09	8.03288e+09	6.97869e+09	9.41379e+09	6.0471e+09	8.25996e+09	8.14379e+09	4.99961e+09	4.10935e+09	7.94194e+09	7.6783e+09	7.39976e+09	8.23121e+09	8.14901e+09	4.30389e+09	5.16573e+09	5.53191e+09	6.35999e+09	6.37072e+09	6.32764e+09	7.13112e+09	7.36483e+09	6.99105e+09	9.85171e+09	9.80846e+09	9.77486e+09	7.6396e+09	7.89334e+09	7.91313e+09	6.56328e+09	6.58599e+09	6.64126e+09	5.62597e+09	6.59549e+09	7.05798e+09	7.02526e+09	7.13845e+09	6.58833e+09	5.96762e+09	6.94493e+09	7.4218e+09	7.41678e+09	7.52358e+09	6.96454e+09	5.09877e+09	6.28407e+09	6.61828e+09	6.4279e+09	6.4486e+09	6.47606e+09	6.73544e+09	6.35485e+09	6.24419e+09	6.05131e+09	6.12119e+09	6.07633e+09	3.27329e+09	4.85797e+09	4.92906e+09	3.80068e+09	3.79215e+09	3.75583e+09	7.44335e+09	7.78586e+09	7.73476e+09	6.99861e+09	7.0948e+09	7.12674e+09	3.81375e+09	5.44016e+09	5.49198e+09	4.26506e+09	4.25717e+09	4.21992e+09
ERR609120-k20-n1-x5e9	5.08821e+09	3.32953e+09	4.66827e+09	5.46811e+09	5.43883e+09	5.47272e+09	3.48069e+09	5.26423e+09	4.77005e+09	5.75427e+09	5.715e+09	5.77745e+09	5.62192e+09	4.24516e+09	5.41751e+09	5.70032e+09	5.67132e+09	5.49154e+09	5.4178e+09	3.4682e+09	4.96515e+09	5.3953e+09	5.4384e+09	5.48302e+09	4.88844e+09	6.2484e+09	4.35486e+09	5.61348e+09	5.54959e+09	3.70226e+09	3.03153e+09	5.43484e+09	5.28747e+09	5.12758e+09	5.59516e+09	5.54916e+09	3.21066e+09	3.77849e+09	4.00951e+09	4.51429e+09	4.52131e+09	4.49512e+09	4.96621e+09	5.09982e+09	4.88593e+09	6.48349e+09	6.45965e+09	6.44086e+09	5.19188e+09	5.34039e+09	5.35364e+09	4.55468e+09	4.56868e+09	4.60197e+09	4.00739e+09	4.59871e+09	4.87309e+09	4.85278e+09	4.91919e+09	4.59472e+09	4.27776e+09	4.86065e+09	5.13431e+09	5.13145e+09	5.1921e+09	4.8719e+09	3.62957e+09	4.37497e+09	4.57679e+09	4.46188e+09	4.47571e+09	4.49223e+09	4.69413e+09	4.46987e+09	4.40259e+09	4.28557e+09	4.32432e+09	4.29795e+09	2.46214e+09	3.5446e+09	3.59138e+09	2.83885e+09	2.83656e+09	2.81022e+09	5.09182e+09	5.29361e+09	5.26353e+09	4.82815e+09	4.88558e+09	4.90418e+09	2.83239e+09	3.90829e+09	3.94019e+09	3.14221e+09	3.13734e+09	3.11217e+09
ERR609121-k20-n1-x5e9	7.02847e+09	4.33275e+09	6.34784e+09	7.6665e+09	7.61833e+09	7.67454e+09	4.52557e+09	7.31455e+09	6.5034e+09	8.13135e+09	8.06662e+09	8.17105e+09	7.90169e+09	5.41751e+09	7.80538e+09	8.03122e+09	7.98316e+09	7.68754e+09	7.56974e+09	4.5248e+09	6.82145e+09	7.53958e+09	7.61178e+09	7.68468e+09	6.72621e+09	8.96392e+09	5.82662e+09	7.89899e+09	7.79149e+09	4.83215e+09	3.99178e+09	7.6189e+09	7.37333e+09	7.11645e+09	7.89412e+09	7.81748e+09	4.15356e+09	4.96632e+09	5.30944e+09	6.09736e+09	6.10812e+09	6.06729e+09	6.83324e+09	7.04983e+09	6.69821e+09	9.36318e+09	9.32295e+09	9.29241e+09	7.3209e+09	7.55226e+09	7.57416e+09	6.29903e+09	6.3209e+09	6.37255e+09	5.42181e+09	6.32999e+09	6.76327e+09	6.72987e+09	6.83701e+09	6.32356e+09	5.75722e+09	6.67161e+09	7.11711e+09	7.11026e+09	7.21096e+09	6.69063e+09	4.9271e+09	6.04399e+09	6.35574e+09	6.17836e+09	6.19828e+09	6.22384e+09	6.45622e+09	6.10084e+09	5.99693e+09	5.81166e+09	5.88993e+09	5.84535e+09	3.16819e+09	4.66987e+09	4.73697e+09	3.66537e+09	3.65884e+09	3.62333e+09	7.14273e+09	7.45783e+09	7.41585e+09	6.72183e+09	6.80901e+09	6.83879e+09	3.68573e+09	5.21923e+09	5.26807e+09	4.10657e+09	4.10004e+09	4.06378e+09
ERR609122-k20-n1-x5e9	7.44756e+09	4.52458e+09	6.69866e+09	8.13434e+09	8.08081e+09	8.14445e+09	4.76804e+09	7.8117e+09	6.92296e+09	8.71194e+09	8.63811e+09	8.75299e+09	8.42041e+09	5.70032e+09	8.03122e+09	8.83861e+09	8.521e+09	8.17858e+09	8.05722e+09	4.73378e+09	7.22753e+09	8.00574e+09	8.08728e+09	8.16765e+09	7.07578e+09	9.59199e+09	6.13221e+09	8.40256e+09	8.28234e+09	5.0651e+09	4.15356e+09	8.0662e+09	7.7959e+09	7.50823e+09	8.36141e+09	8.27656e+09	4.36551e+09	5.24671e+09	5.62083e+09	6.46522e+09	6.47583e+09	6.4323e+09	7.24978e+09	7.4906e+09	7.10724e+09	1.00459e+10	1.00019e+10	9.96754e+09	7.76389e+09	8.02684e+09	8.04599e+09	6.66626e+09	6.68974e+09	6.74617e+09	5.70799e+09	6.70245e+09	7.17656e+09	7.14473e+09	7.26032e+09	6.69564e+09	6.04967e+09	7.05093e+09	7.53999e+09	7.53656e+09	7.64592e+09	7.07167e+09	5.16325e+09	6.37697e+09	6.72049e+09	6.52532e+09	6.54566e+09	6.57463e+09	6.8488e+09	6.45811e+09	6.34515e+09	6.14992e+09	6.21645e+09	6.17069e+09	3.31667e+09	4.93422e+09	5.00729e+09	3.85589e+09	3.84713e+09	3.81016e+09	7.55971e+09	7.91373e+09	7.85869e+09	7.10381e+09	7.2047e+09	7.23712e+09	3.86743e+09	5.53184e+09	5.58534e+09	4.33149e+09	4.32333e+09	4.28559e+09
ERR609123-k20-n1-x5e9	7.40571e+09	4.5048e+09	6.66345e+09	8.08718e+09	8.03461e+09	8.09676e+09	4.74397e+09	7.76241e+09	6.88102e+09	8.65409e+09	8.58103e+09	8.69449e+09	8.36719e+09	5.67132e+09	7.98316e+09	8.521e+09	8.72579e+09	8.12818e+09	8.00934e+09	4.71256e+09	7.18642e+09	7.95955e+09	8.03977e+09	8.12033e+09	7.03937e+09	9.52865e+09	6.10202e+09	8.3516e+09	8.23271e+09	5.04145e+09	4.13539e+09	8.01993e+09	7.75197e+09	7.46788e+09	8.31287e+09	8.22849e+09	4.34421e+09	5.21879e+09	5.59066e+09	6.4288e+09	6.43937e+09	6.3962e+09	7.20801e+09	7.44629e+09	7.06672e+09	9.97735e+09	9.93355e+09	9.89926e+09	7.71662e+09	7.9766e+09	7.99556e+09	6.6268e+09	6.64993e+09	6.70638e+09	5.67622e+09	6.66217e+09	7.13222e+09	7.10014e+09	7.21455e+09	6.65526e+09	6.01856e+09	7.01054e+09	7.49528e+09	7.49217e+09	7.60007e+09	7.03109e+09	5.1364e+09	6.34035e+09	6.68015e+09	6.4875e+09	6.50747e+09	6.5366e+09	6.80782e+09	6.42076e+09	6.30905e+09	6.11409e+09	6.181e+09	6.13668e+09	3.30054e+09	4.90651e+09	4.97834e+09	3.8359e+09	3.82702e+09	3.79092e+09	7.51502e+09	7.86563e+09	7.81147e+09	7.06328e+09	7.16308e+09	7.19473e+09	3.84786e+09	5.4987e+09	5.55264e+09	4.30801e+09	4.30004e+09	4.26256e+09
ERR609124-k20-n1-x5e9	7.13506e+09	4.38047e+09	6.43677e+09	7.78385e+09	7.73367e+09	7.79247e+09	4.59057e+09	7.44844e+09	6.61624e+09	8.28866e+09	8.22063e+09	8.32716e+09	8.03798e+09	5.49154e+09	7.68754e+09	8.17858e+09	8.12818e+09	8.06574e+09	7.69442e+09	4.57781e+09	6.92507e+09	7.65737e+09	7.73197e+09	7.8078e+09	6.81311e+09	9.12812e+09	5.90688e+09	8.03328e+09	7.92309e+09	4.89466e+09	4.02854e+09	7.73318e+09	7.48185e+09	7.21693e+09	8.01361e+09	7.93483e+09	4.21253e+09	5.04484e+09	5.39576e+09	6.19937e+09	6.20999e+09	6.16808e+09	6.94324e+09	7.16626e+09	6.80803e+09	9.54052e+09	9.49901e+09	9.46767e+09	7.42446e+09	7.6648e+09	7.68645e+09	6.38749e+09	6.40918e+09	6.46265e+09	5.49225e+09	6.42216e+09	6.86569e+09	6.83329e+09	6.94256e+09	6.41725e+09	5.82985e+09	6.76682e+09	7.22404e+09	7.21859e+09	7.32154e+09	6.78802e+09	4.97878e+09	6.1203e+09	6.4403e+09	6.25856e+09	6.27996e+09	6.30641e+09	6.55757e+09	6.19392e+09	6.08688e+09	5.89937e+09	5.97425e+09	5.92993e+09	3.20495e+09	4.73918e+09	4.80737e+09	3.71557e+09	3.70914e+09	3.67364e+09	7.23872e+09	7.56479e+09	7.5192e+09	6.81137e+09	6.90137e+09	6.93115e+09	3.73274e+09	5.3029e+09	5.35317e+09	4.16718e+09	4.16139e+09	4.12487e+09
ERR610223-k20-n1-x5e9	7.27499e+09	4.43223e+09	6.55016e+09	7.93321e+09	7.88207e+09	7.94171e+09	4.67579e+09	7.61578e+09	6.76604e+09	8.47385e+09	8.40107e+09	8.51156e+09	7.921e+09	5.4178e+09	7.56974e+09	8.05722e+09	8.00934e+09	7.69442e+09	8.25881e+09	4.71281e+09	7.19307e+09	7.96463e+09	8.04563e+09	8.12401e+09	6.81847e+09	9.14879e+09	5.91118e+09	8.04094e+09	7.92932e+09	4.89449e+09	4.02579e+09	7.72267e+09	7.46819e+09	7.19868e+09	7.99759e+09	7.91789e+09	4.25945e+09	5.11606e+09	5.47771e+09	6.28383e+09	6.29436e+09	6.25256e+09	7.08728e+09	7.32251e+09	6.94959e+09	9.767e+09	9.72699e+09	9.69413e+09	7.61208e+09	7.86352e+09	7.87736e+09	6.55889e+09	6.58118e+09	6.63507e+09	5.58249e+09	6.5475e+09	7.00396e+09	6.97489e+09	7.08736e+09	6.53875e+09	5.90246e+09	6.86966e+09	7.33714e+09	7.33682e+09	7.44201e+09	6.88796e+09	5.09903e+09	6.28374e+09	6.61407e+09	6.42834e+09	6.44216e+09	6.47126e+09	6.62254e+09	6.24891e+09	6.14284e+09	5.95774e+09	6.01688e+09	5.97264e+09	3.24176e+09	4.81362e+09	4.88436e+09	3.76534e+09	3.75134e+09	3.71564e+09	7.45025e+09	7.7884e+09	7.72898e+09	7.01382e+09	7.11614e+09	7.14721e+09	3.76321e+09	5.36811e+09	5.41851e+09	4.21013e+09	4.19777e+09	4.16155e+09
ERR610224-k20-n1-x5e9	4.37587e+09	2.95683e+09	4.03967e+09	4.69936e+09	4.67466e+09	4.70222e+09	3.03651e+09	4.48843e+09	4.08149e+09	4.89451e+09	4.86236e+09	4.91406e+09	4.67455e+09	3.4682e+09	4.5248e+09	4.73378e+09	4.71256e+09	4.57781e+09	4.71281e+09	3.23255e+09	4.33896e+09	4.70792e+09	4.74454e+09	4.78064e+09	4.20021e+09	5.25929e+09	3.72386e+09	4.74756e+09	4.69563e+09	3.20077e+09	2.67732e+09	4.61366e+09	4.49405e+09	4.37015e+09	4.75175e+09	4.71443e+09	2.80801e+09	3.26235e+09	3.44695e+09	3.87147e+09	3.8775e+09	3.85591e+09	4.28183e+09	4.38914e+09	4.21095e+09	5.53306e+09	5.51415e+09	5.49893e+09	4.51479e+09	4.62819e+09	4.64157e+09	3.97666e+09	3.98765e+09	4.01561e+09	3.514e+09	3.99011e+09	4.2128e+09	4.19464e+09	4.25178e+09	3.98712e+09	3.73429e+09	4.19545e+09	4.41628e+09	4.41188e+09	4.46332e+09	4.20666e+09	3.24226e+09	3.85079e+09	4.01117e+09	3.92148e+09	3.93049e+09	3.94444e+09	4.02327e+09	3.84177e+09	3.7888e+09	3.68827e+09	3.73683e+09	3.71188e+09	2.18549e+09	3.07424e+09	3.1129e+09	2.48711e+09	2.48509e+09	2.46193e+09	4.4502e+09	4.6055e+09	4.58707e+09	4.23126e+09	4.27595e+09	4.29033e+09	2.48707e+09	3.36023e+09	3.38541e+09	2.72465e+09	2.71968e+09	2.6986e+09
ERR610225-k20-n1-x5e9	6.57076e+09	4.08815e+09	5.95398e+09	7.13059e+09	7.08672e+09	7.13691e+09	4.29495e+09	6.83376e+09	6.11169e+09	7.5579e+09	7.49758e+09	7.5906e+09	7.11338e+09	4.96515e+09	6.82145e+09	7.22753e+09	7.18642e+09	6.92507e+09	7.19307e+09	4.33896e+09	6.70598e+09	7.15622e+09	7.22346e+09	7.28906e+09	6.18732e+09	8.14758e+09	5.39889e+09	7.22009e+09	7.12606e+09	4.50322e+09	3.70594e+09	6.95306e+09	6.73715e+09	6.50762e+09	7.18716e+09	7.11962e+09	3.92279e+09	4.68318e+09	5.00082e+09	5.70567e+09	5.71494e+09	5.67938e+09	6.40362e+09	6.60264e+09	6.28471e+09	8.6594e+09	8.62574e+09	8.59849e+09	6.83038e+09	7.04205e+09	7.05599e+09	5.92258e+09	5.94212e+09	5.98951e+09	5.08227e+09	5.92007e+09	6.31143e+09	6.28627e+09	6.3834e+09	5.91237e+09	5.38739e+09	6.22328e+09	6.62326e+09	6.62155e+09	6.71091e+09	6.24005e+09	4.6483e+09	5.6848e+09	5.96956e+09	5.80967e+09	5.82264e+09	5.84736e+09	5.98304e+09	5.66189e+09	5.57004e+09	5.40637e+09	5.46199e+09	5.4228e+09	2.99271e+09	4.40238e+09	4.46498e+09	3.46609e+09	3.45552e+09	3.42212e+09	6.69819e+09	6.98396e+09	6.93568e+09	6.32252e+09	6.40907e+09	6.43544e+09	3.46223e+09	4.88598e+09	4.9293e+09	3.86054e+09	3.84989e+09	3.81688e+09
ERR610226-k20-n1-x5e9	7.24324e+09	4.433e+09	6.52927e+09	7.91281e+09	7.86107e+09	7.91966e+09	4.64052e+09	7.5405e+09	6.69741e+09	8.39332e+09	8.3226e+09	8.43351e+09	7.87614e+09	5.3953e+09	7.53958e+09	8.00574e+09	7.95955e+09	7.65737e+09	7.96463e+09	4.70792e+09	7.15622e+09	8.17134e+09	8.01426e+09	8.09134e+09	6.828e+09	9.10754e+09	5.89381e+09	8.01149e+09	7.90092e+09	4.88241e+09	4.04643e+09	7.71537e+09	7.46271e+09	7.19942e+09	7.99642e+09	7.91743e+09	4.23437e+09	5.07392e+09	5.42892e+09	6.23807e+09	6.24793e+09	6.2063e+09	7.04925e+09	7.27958e+09	6.9087e+09	9.70802e+09	9.66778e+09	9.63512e+09	7.6055e+09	7.84609e+09	7.86569e+09	6.54356e+09	6.5654e+09	6.61955e+09	5.57514e+09	6.52423e+09	6.97525e+09	6.94442e+09	7.05702e+09	6.51696e+09	5.89863e+09	6.85168e+09	7.31548e+09	7.3112e+09	7.41658e+09	6.87174e+09	5.11686e+09	6.28567e+09	6.6093e+09	6.42765e+09	6.44195e+09	6.47026e+09	6.58814e+09	6.21938e+09	6.11455e+09	5.92566e+09	6.001e+09	5.95526e+09	3.23115e+09	4.77515e+09	4.84455e+09	3.73934e+09	3.72646e+09	3.69029e+09	7.44691e+09	7.77437e+09	7.72469e+09	7.01066e+09	7.10744e+09	7.13747e+09	3.74814e+09	5.3204e+09	5.36955e+09	4.17739e+09	4.16612e+09	4.12937e+09
ERR610227-k20-n1-x5e9	7.31152e+09	4.46596e+09	6.58679e+09	7.99106e+09	7.93841e+09	7.99765e+09	4.67772e+09	7.61782e+09	6.76178e+09	8.48439e+09	8.41278e+09	8.52467e+09	7.95393e+09	5.4384e+09	7.61178e+09	8.08728e+09	8.03977e+09	7.73197e+09	8.04563e+09	4.74454e+09	7.22346e+09	8.01426e+09	8.3357e+09	8.17368e+09	6.88789e+09	9.20521e+09	5.94199e+09	8.09083e+09	7.97776e+09	4.9193e+09	4.07704e+09	7.79008e+09	7.53403e+09	7.26639e+09	8.07511e+09	7.9957e+09	4.26669e+09	5.11547e+09	5.47436e+09	6.29298e+09	6.30385e+09	6.26169e+09	7.11591e+09	7.34949e+09	6.97275e+09	9.81868e+09	9.77784e+09	9.74448e+09	7.68256e+09	7.92816e+09	7.94734e+09	6.60606e+09	6.62821e+09	6.68274e+09	5.62336e+09	6.58605e+09	7.04317e+09	7.01199e+09	7.12549e+09	6.57806e+09	5.9485e+09	6.91412e+09	7.38405e+09	7.38018e+09	7.48699e+09	6.93417e+09	5.16007e+09	6.34362e+09	6.67214e+09	6.48742e+09	6.502e+09	6.53096e+09	6.65192e+09	6.27759e+09	6.17143e+09	5.9804e+09	6.05636e+09	6.00916e+09	3.25653e+09	4.81607e+09	4.88663e+09	3.76925e+09	3.75629e+09	3.72008e+09	7.52114e+09	7.85402e+09	7.80324e+09	7.07832e+09	7.17631e+09	7.20669e+09	3.77855e+09	5.36992e+09	5.41951e+09	4.21281e+09	4.20171e+09	4.16426e+09
ERR610228-k20-n1-x5e9	7.37841e+09	4.49933e+09	6.64331e+09	8.06867e+09	8.01477e+09	8.07651e+09	4.71327e+09	7.69089e+09	6.82302e+09	8.57116e+09	8.49883e+09	8.6123e+09	8.03288e+09	5.48302e+09	7.68468e+09	8.16765e+09	8.12033e+09	7.8078e+09	8.12401e+09	4.78064e+09	7.28906e+09	8.09134e+09	8.17368e+09	8.49855e+09	6.9519e+09	9.30504e+09	5.99281e+09	8.17237e+09	8.05817e+09	4.95805e+09	4.10908e+09	7.86679e+09	7.60635e+09	7.33561e+09	8.15676e+09	8.07592e+09	4.29884e+09	5.15665e+09	5.51972e+09	6.34802e+09	6.35873e+09	6.31699e+09	7.18179e+09	7.41944e+09	7.03693e+09	9.92638e+09	9.88508e+09	9.85113e+09	7.75943e+09	8.00857e+09	8.0283e+09	6.66668e+09	6.68963e+09	6.74506e+09	5.67354e+09	6.64616e+09	7.11017e+09	7.07873e+09	7.19408e+09	6.63889e+09	5.99985e+09	6.9773e+09	7.45452e+09	7.45024e+09	7.5587e+09	6.99778e+09	5.20557e+09	6.40297e+09	6.73558e+09	6.54843e+09	6.56319e+09	6.59253e+09	6.71347e+09	6.33488e+09	6.22737e+09	6.03369e+09	6.11099e+09	6.06312e+09	3.28042e+09	4.85469e+09	4.92572e+09	3.79727e+09	3.78435e+09	3.74765e+09	7.59492e+09	7.93224e+09	7.88127e+09	7.14588e+09	7.24534e+09	7.27615e+09	3.80796e+09	5.41514e+09	5.46533e+09	4.24589e+09	4.23444e+09	4.19693e+09
ERR607158-k20-n1-x5e9	6.4034e+09	4.05774e+09	5.82519e+09	6.98247e+09	6.93957e+09	6.98688e+09	4.11636e+09	6.51835e+09	5.81575e+09	7.22598e+09	7.17256e+09	7.2631e+09	6.97869e+09	4.88844e+09	6.72621e+09	7.07578e+09	7.03937e+09	6.81311e+09	6.81847e+09	4.20021e+09	6.18732e+09	6.828e+09	6.88789e+09	6.9519e+09	6.47191e+09	8.09387e+09	5.3859e+09	7.19025e+09	7.09896e+09	4.49712e+09	3.77956e+09	6.95155e+09	6.74114e+09	6.53514e+09	7.20595e+09	7.14038e+09	3.7955e+09	4.48789e+09	4.7797e+09	5.49092e+09	5.50066e+09	5.46419e+09	6.18087e+09	6.36205e+09	6.05309e+09	8.3622e+09	8.32693e+09	8.30168e+09	6.71028e+09	6.89161e+09	6.91801e+09	5.78886e+09	5.80853e+09	5.85378e+09	4.99159e+09	5.76276e+09	6.13926e+09	6.10272e+09	6.20127e+09	5.75767e+09	5.32559e+09	6.10166e+09	6.48539e+09	6.47111e+09	6.56373e+09	6.12056e+09	4.63293e+09	5.59302e+09	5.85584e+09	5.70885e+09	5.72657e+09	5.74766e+09	5.82808e+09	5.52758e+09	5.44164e+09	5.26362e+09	5.38042e+09	5.33412e+09	2.92543e+09	4.20636e+09	4.26492e+09	3.32957e+09	3.32805e+09	3.29533e+09	6.57364e+09	6.82425e+09	6.8061e+09	6.20257e+09	6.27019e+09	6.29436e+09	3.38824e+09	4.67808e+09	4.71749e+09	3.71414e+09	3.71152e+09	3.6788e+09
ERR607159-k20-n1-x5e9	8.43477e+09	5.03514e+09	7.5443e+09	9.30095e+09	9.23234e+09	9.31097e+09	5.27119e+09	8.86211e+09	7.78116e+09	9.97931e+09	9.88708e+09	1.00328e+10	9.41379e+09	6.2484e+09	8.96392e+09	9.59199e+09	9.52865e+09	9.12812e+09	9.14879e+09	5.25929e+09	8.14758e+09	9.10754e+09	9.20521e+09	9.30504e+09	8.09387e+09	1.15552e+10	6.90839e+09	9.68101e+09	9.52941e+09	5.65957e+09	4.65912e+09	9.23052e+09	8.89665e+09	8.55586e+09	9.61611e+09	9.50967e+09	4.82913e+09	5.82533e+09	6.25403e+09	7.25858e+09	7.27201e+09	7.21866e+09	8.22022e+09	8.50866e+09	8.04172e+09	1.17102e+10	1.16529e+10	1.16094e+10	8.9555e+09	9.2678e+09	9.29654e+09	7.58774e+09	7.61652e+09	7.68277e+09	6.44692e+09	7.60647e+09	8.17187e+09	8.13024e+09	8.27076e+09	7.5981e+09	6.8156e+09	7.9861e+09	8.57409e+09	8.56229e+09	8.69796e+09	8.01076e+09	5.87001e+09	7.28575e+09	7.68993e+09	7.46039e+09	7.48559e+09	7.5198e+09	7.7822e+09	7.31626e+09	7.18242e+09	6.94434e+09	7.05118e+09	6.99265e+09	3.66781e+09	5.46954e+09	5.55285e+09	4.24999e+09	4.23941e+09	4.19787e+09	8.69435e+09	9.11445e+09	9.06064e+09	8.13207e+09	8.24662e+09	8.28582e+09	4.30139e+09	6.17401e+09	6.23631e+09	4.80488e+09	4.797e+09	4.75365e+09
ERR607160-k20-n1-x5e9	5.56052e+09	3.591e+09	5.08734e+09	5.99694e+09	5.96321e+09	6.0023e+09	3.71031e+09	5.70611e+09	5.1449e+09	6.26523e+09	6.22049e+09	6.29202e+09	6.0471e+09	4.35486e+09	5.82662e+09	6.13221e+09	6.10202e+09	5.90688e+09	5.91118e+09	3.72386e+09	5.39889e+09	5.89381e+09	5.94199e+09	5.99281e+09	5.3859e+09	6.90839e+09	4.91034e+09	6.1895e+09	6.11693e+09	4.00871e+09	3.2815e+09	5.95864e+09	5.79081e+09	5.61372e+09	6.14449e+09	6.09211e+09	3.42221e+09	4.04e+09	4.29366e+09	4.86528e+09	4.87261e+09	4.84415e+09	5.39815e+09	5.54767e+09	5.30351e+09	7.12153e+09	7.0942e+09	7.07431e+09	5.71779e+09	5.87816e+09	5.89334e+09	4.99647e+09	5.01236e+09	5.05e+09	4.34982e+09	5.00729e+09	5.3169e+09	5.29134e+09	5.36832e+09	5.00227e+09	4.64555e+09	5.29833e+09	5.60929e+09	5.60358e+09	5.67392e+09	5.31187e+09	3.98171e+09	4.80294e+09	5.02618e+09	4.90023e+09	4.91562e+09	4.93422e+09	5.09421e+09	4.84434e+09	4.76994e+09	4.63316e+09	4.69176e+09	4.65995e+09	2.62259e+09	3.78478e+09	3.83635e+09	3.01578e+09	3.01437e+09	2.98554e+09	5.60617e+09	5.82373e+09	5.7941e+09	5.31189e+09	5.37362e+09	5.39394e+09	3.02369e+09	4.18137e+09	4.21629e+09	3.3462e+09	3.34264e+09	3.31493e+09
ERR607161-k20-n1-x5e9	7.46915e+09	4.55808e+09	6.72644e+09	8.17508e+09	8.11993e+09	8.18256e+09	4.73626e+09	7.75593e+09	6.86709e+09	8.65745e+09	8.58495e+09	8.70078e+09	8.25996e+09	5.61348e+09	7.89899e+09	8.40256e+09	8.3516e+09	8.03328e+09	8.04094e+09	4.74756e+09	7.22009e+09	8.01149e+09	8.09083e+09	8.17237e+09	7.19025e+09	9.68101e+09	6.1895e+09	8.74748e+09	8.37313e+09	5.11292e+09	4.20083e+09	8.11661e+09	7.84473e+09	7.56366e+09	8.42432e+09	8.33824e+09	4.34984e+09	5.21361e+09	5.5815e+09	6.43434e+09	6.44646e+09	6.40145e+09	7.24963e+09	7.48549e+09	7.10085e+09	1.00434e+10	9.99838e+09	9.96478e+09	7.83148e+09	8.0809e+09	8.10502e+09	6.71078e+09	6.73499e+09	6.79141e+09	5.73019e+09	6.7097e+09	7.18232e+09	7.14496e+09	7.26281e+09	6.70343e+09	6.08551e+09	7.07564e+09	7.56393e+09	7.5546e+09	7.66647e+09	7.09732e+09	5.24132e+09	6.44195e+09	6.77919e+09	6.58803e+09	6.61105e+09	6.63899e+09	6.84135e+09	6.45614e+09	6.34313e+09	6.14063e+09	6.23354e+09	6.18409e+09	3.30942e+09	4.88771e+09	4.95902e+09	3.82548e+09	3.81913e+09	3.78204e+09	7.63389e+09	7.97268e+09	7.92849e+09	7.17712e+09	7.27128e+09	7.302e+09	3.85675e+09	5.47479e+09	5.52604e+09	4.29596e+09	4.291e+09	4.25305e+09
ERR607162-k20-n1-x5e9	7.37107e+09	4.50936e+09	6.64318e+09	8.06112e+09	8.00741e+09	8.06882e+09	4.68193e+09	7.64367e+09	6.77358e+09	8.52512e+09	8.45409e+09	8.56726e+09	8.14379e+09	5.54959e+09	7.79149e+09	8.28234e+09	8.23271e+09	7.92309e+09	7.92932e+09	4.69563e+09	7.12606e+09	7.90092e+09	7.97776e+09	8.05817e+09	7.09896e+09	9.52941e+09	6.11693e+09	8.37313e+09	8.50368e+09	5.05713e+09	4.15545e+09	8.00548e+09	7.74001e+09	7.4652e+09	8.30592e+09	8.22241e+09	4.30082e+09	5.15125e+09	5.51222e+09	6.35068e+09	6.36237e+09	6.31838e+09	7.15145e+09	7.38252e+09	7.00569e+09	9.88021e+09	9.83578e+09	9.80391e+09	7.71925e+09	7.96292e+09	7.98649e+09	6.62199e+09	6.64575e+09	6.70073e+09	5.65764e+09	6.61918e+09	7.08288e+09	7.04513e+09	7.16123e+09	6.61313e+09	6.01167e+09	6.98357e+09	7.46181e+09	7.45192e+09	7.56163e+09	7.00488e+09	5.17646e+09	6.3565e+09	6.68726e+09	6.4999e+09	6.52274e+09	6.55011e+09	6.74602e+09	6.3688e+09	6.258e+09	6.05912e+09	6.1511e+09	6.10234e+09	3.27236e+09	4.82755e+09	4.89733e+09	3.78177e+09	3.77577e+09	3.73863e+09	7.52679e+09	7.85802e+09	7.81523e+09	7.08056e+09	7.17171e+09	7.20272e+09	3.811e+09	5.40304e+09	5.45354e+09	4.24367e+09	4.2388e+09	4.20134e+09
ERR607163-k20-n1-x5e9	4.62742e+09	3.09532e+09	4.26619e+09	4.96234e+09	4.9368e+09	4.96636e+09	3.18297e+09	4.73844e+09	4.30644e+09	5.16765e+09	5.13342e+09	5.18814e+09	4.99961e+09	3.70226e+09	4.83215e+09	5.0651e+09	5.04145e+09	4.89466e+09	4.89449e+09	3.20077e+09	4.50322e+09	4.88241e+09	4.9193e+09	4.95805e+09	4.49712e+09	5.65957e+09	4.00871e+09	5.11292e+09	5.05713e+09	3.56106e+09	2.81504e+09	4.93458e+09	4.80639e+09	4.67133e+09	5.07834e+09	5.03768e+09	2.94606e+09	3.44141e+09	3.64188e+09	4.09082e+09	4.09664e+09	4.07404e+09	4.50326e+09	4.61799e+09	4.43079e+09	5.82197e+09	5.80131e+09	5.78572e+09	4.72622e+09	4.85051e+09	4.86349e+09	4.16306e+09	4.17532e+09	4.20511e+09	3.66781e+09	4.18126e+09	4.42178e+09	4.40125e+09	4.46114e+09	4.17785e+09	3.92454e+09	4.42644e+09	4.66381e+09	4.65999e+09	4.7135e+09	4.43761e+09	3.36e+09	4.00912e+09	4.18365e+09	4.08499e+09	4.09805e+09	4.11257e+09	4.25487e+09	4.06145e+09	4.00282e+09	3.89553e+09	3.94328e+09	3.91809e+09	2.27107e+09	3.22327e+09	3.26516e+09	2.60026e+09	2.6009e+09	2.57631e+09	4.64509e+09	4.81397e+09	4.79157e+09	4.41569e+09	4.46331e+09	4.47953e+09	2.60016e+09	3.53789e+09	3.56536e+09	2.86374e+09	2.8612e+09	2.83935e+09
ERR606660-k20-n1-x5e9	3.81503e+09	2.59978e+09	3.52153e+09	4.13109e+09	4.10832e+09	4.13252e+09	2.5757e+09	3.84212e+09	3.47549e+09	4.21208e+09	4.18547e+09	4.23349e+09	4.10935e+09	3.03153e+09	3.99178e+09	4.15356e+09	4.13539e+09	4.02854e+09	4.02579e+09	2.67732e+09	3.70594e+09	4.04643e+09	4.07704e+09	4.10908e+09	3.77956e+09	4.65912e+09	3.2815e+09	4.20083e+09	4.15545e+09	2.81504e+09	2.66676e+09	4.21098e+09	4.10245e+09	4.00337e+09	4.351e+09	4.31786e+09	2.39611e+09	2.75858e+09	2.91248e+09	3.30531e+09	3.31166e+09	3.29183e+09	3.70151e+09	3.79358e+09	3.62991e+09	4.83947e+09	4.82054e+09	4.80828e+09	3.9585e+09	4.04863e+09	4.06749e+09	3.45009e+09	3.45965e+09	3.4847e+09	3.05238e+09	3.44883e+09	3.64511e+09	3.62281e+09	3.67587e+09	3.4462e+09	3.27977e+09	3.66613e+09	3.86166e+09	3.85118e+09	3.89995e+09	3.67661e+09	2.86532e+09	3.37189e+09	3.50727e+09	3.43171e+09	3.43996e+09	3.45179e+09	3.48169e+09	3.32635e+09	3.28329e+09	3.18025e+09	3.26756e+09	3.2389e+09	1.87905e+09	2.57889e+09	2.61182e+09	2.08188e+09	2.08572e+09	2.06502e+09	3.90661e+09	4.03249e+09	4.03266e+09	3.70158e+09	3.73473e+09	3.74716e+09	2.14654e+09	2.84002e+09	2.86224e+09	2.29938e+09	2.2985e+09	2.27898e+09
ERR606661-k20-n1-x5e9	7.18936e+09	4.43296e+09	6.49002e+09	7.87873e+09	7.82559e+09	7.8852e+09	4.57148e+09	7.43491e+09	6.58827e+09	8.29356e+09	8.22542e+09	8.3374e+09	7.94194e+09	5.43484e+09	7.6189e+09	8.0662e+09	8.01993e+09	7.73318e+09	7.72267e+09	4.61366e+09	6.95306e+09	7.71537e+09	7.79008e+09	7.86679e+09	6.95155e+09	9.23052e+09	5.95864e+09	8.11661e+09	8.00548e+09	4.93458e+09	4.21098e+09	8.27323e+09	7.76831e+09	7.50091e+09	8.34137e+09	8.25843e+09	4.19238e+09	5.00254e+09	5.34737e+09	6.17058e+09	6.18106e+09	6.13877e+09	6.99137e+09	7.21351e+09	6.84421e+09	9.65803e+09	9.615e+09	9.5832e+09	7.5321e+09	7.75992e+09	7.78916e+09	6.44718e+09	6.46939e+09	6.52256e+09	5.53537e+09	6.44971e+09	6.89424e+09	6.85414e+09	6.96857e+09	6.44337e+09	5.89609e+09	6.82418e+09	7.28541e+09	7.27145e+09	7.37873e+09	6.84387e+09	5.09742e+09	6.23201e+09	6.54838e+09	6.36941e+09	6.38987e+09	6.41573e+09	6.57208e+09	6.21106e+09	6.10726e+09	5.90606e+09	6.01761e+09	5.9672e+09	3.19997e+09	4.67972e+09	4.74635e+09	3.67435e+09	3.66992e+09	3.63299e+09	7.35686e+09	7.66835e+09	7.64141e+09	6.91234e+09	6.99603e+09	7.02538e+09	3.72941e+09	5.24086e+09	5.28995e+09	4.12455e+09	4.11959e+09	4.08253e+09
