	ERR609163-k20-n1-x5e9	ERR609164-k20-n1-x5e9	ERR609165-k20-n1-x5e9	ERR609166-k20-n1-x5e9	ERR609167-k20-n1-x5e9	ERR609168-k20-n1-x5e9	ERR608007-k20-n1-x5e9	ERR608008-k20-n1-x5e9	ERR608009-k20-n1-x5e9	ERR608010-k20-n1-x5e9	ERR608011-k20-n1-x5e9	ERR608012-k20-n1-x5e9	ERR605515-k20-n1-x5e9	ERR605516-k20-n1-x5e9	ERR605517-k20-n1-x5e9	ERR605518-k20-n1-x5e9	ERR605519-k20-n1-x5e9	ERR605520-k20-n1-x5e9	ERR605671-k20-n1-x5e9	ERR605672-k20-n1-x5e9	ERR605673-k20-n1-x5e9	ERR605674-k20-n1-x5e9	ERR605675-k20-n1-x5e9	ERR605676-k20-n1-x5e9	ERR607627-k20-n1-x5e9	ERR607628-k20-n1-x5e9	ERR607629-k20-n1-x5e9	ERR607630-k20-n1-x5e9	ERR607631-k20-n1-x5e9	ERR607632-k20-n1-x5e9	ERR605799-k20-n1-x5e9	ERR605800-k20-n1-x5e9	ERR605801-k20-n1-x5e9	ERR605802-k20-n1-x5e9	ERR605803-k20-n1-x5e9	ERR605804-k20-n1-x5e9	ERR605837-k20-n1-x5e9	ERR605838-k20-n1-x5e9	ERR605839-k20-n1-x5e9	ERR605840-k20-n1-x5e9	ERR605841-k20-n1-x5e9	ERR605842-k20-n1-x5e9	ERR605707-k20-n1-x5e9	ERR605708-k20-n1-x5e9	ERR605709-k20-n1-x5e9	ERR605710-k20-n1-x5e9	ERR605711-k20-n1-x5e9	ERR605712-k20-n1-x5e9	ERR608943-k20-n1-x5e9	ERR608944-k20-n1-x5e9	ERR608945-k20-n1-x5e9	ERR608946-k20-n1-x5e9	ERR608947-k20-n1-x5e9	ERR608948-k20-n1-x5e9	ERR608787-k20-n1-x5e9	ERR608788-k20-n1-x5e9	ERR608789-k20-n1-x5e9	ERR608790-k20-n1-x5e9	ERR608791-k20-n1-x5e9	ERR608792-k20-n1-x5e9	ERR610229-k20-n1-x5e9	ERR610230-k20-n1-x5e9	ERR610231-k20-n1-x5e9	ERR610232-k20-n1-x5e9	ERR610233-k20-n1-x5e9	ERR610234-k20-n1-x5e9	ERR608305-k20-n1-x5e9	ERR608306-k20-n1-x5e9	ERR608307-k20-n1-x5e9	ERR608308-k20-n1-x5e9	ERR608309-k20-n1-x5e9	ERR608310-k20-n1-x5e9	ERR608081-k20-n1-x5e9	ERR608082-k20-n1-x5e9	ERR608083-k20-n1-x5e9	ERR608084-k20-n1-x5e9	ERR608085-k20-n1-x5e9	ERR608086-k20-n1-x5e9	ERR607899-k20-n1-x5e9	ERR607900-k20-n1-x5e9	ERR607901-k20-n1-x5e9	ERR607902-k20-n1-x5e9	ERR607903-k20-n1-x5e9	ERR607904-k20-n1-x5e9	ERR607609-k20-n1-x5e9	ERR607610-k20-n1-x5e9	ERR607611-k20-n1-x5e9	ERR607612-k20-n1-x5e9	ERR607613-k20-n1-x5e9	ERR607614-k20-n1-x5e9	ERR606000-k20-n1-x5e9	ERR606001-k20-n1-x5e9	ERR606002-k20-n1-x5e9	ERR606003-k20-n1-x5e9	ERR606004-k20-n1-x5e9	ERR606005-k20-n1-x5e9
ERR609163-k20-n1-x5e9	0	0.247609	0.250841	0.272108	0.252658	0.252886	0.499442	0.441352	0.448766	0.448098	0.445293	0.446828	0.383056	0.375048	0.365883	0.374351	0.375333	0.374231	0.339137	0.339837	0.339944	0.346197	0.343727	0.342342	0.313885	0.303898	0.304919	0.316733	0.316818	0.317486	0.441573	0.45884	0.326376	0.330421	0.32735	0.32598	0.599854	0.608851	0.53699	0.535358	0.533226	0.53086	0.3863	0.367559	0.359164	0.343799	0.333987	0.33367	0.432593	0.440565	0.439425	0.432372	0.43215	0.431805	0.446279	0.445961	0.444243	0.479442	0.477153	0.475951	0.514591	0.603777	0.523768	0.489182	0.491765	0.488484	0.550498	0.520955	0.510515	0.514639	0.5138	0.518227	0.436906	0.445691	0.442628	0.434923	0.436166	0.438195	0.439691	0.455904	0.455898	0.42475	0.429591	0.430055	0.440044	0.425797	0.428719	0.425858	0.423252	0.42377	0.435699	0.440001	0.441434	0.440477	0.439828	0.441472
ERR609164-k20-n1-x5e9	0.247609	0	0.249449	0.272385	0.251985	0.25204	0.502937	0.445156	0.453087	0.451569	0.44864	0.45015	0.384206	0.375761	0.366439	0.375372	0.376291	0.375295	0.340335	0.340774	0.340922	0.347549	0.342694	0.341581	0.31487	0.303896	0.305388	0.317599	0.317918	0.31856	0.442653	0.459453	0.3276	0.331306	0.328169	0.326372	0.603754	0.612264	0.54156	0.53939	0.537138	0.53476	0.387498	0.368247	0.359786	0.345146	0.332566	0.332559	0.433358	0.441808	0.440452	0.43368	0.433557	0.433174	0.447157	0.447176	0.445033	0.481518	0.479263	0.478058	0.518999	0.605777	0.527667	0.493098	0.495684	0.492347	0.55124	0.52283	0.512505	0.516481	0.515644	0.519758	0.43796	0.447182	0.443674	0.436107	0.437598	0.439523	0.44108	0.457793	0.457342	0.42596	0.431182	0.431735	0.441099	0.426289	0.429436	0.426489	0.423645	0.42432	0.434783	0.441335	0.442688	0.44149	0.44064	0.442205
ERR609165-k20-n1-x5e9	0.250841	0.249449	0	0.270649	0.25528	0.25487	0.50505	0.457432	0.46347	0.464626	0.461685	0.463228	0.395363	0.386167	0.37568	0.385751	0.38662	0.38563	0.346736	0.344859	0.344421	0.351748	0.34298	0.342421	0.321862	0.306097	0.308169	0.325247	0.325351	0.32626	0.439168	0.454944	0.336672	0.339673	0.336016	0.333831	0.606655	0.613893	0.552331	0.549259	0.546795	0.544159	0.398669	0.378471	0.369758	0.354442	0.335041	0.33589	0.43777	0.447797	0.446018	0.436783	0.436679	0.436586	0.447654	0.449826	0.446757	0.481326	0.479311	0.478154	0.523912	0.600928	0.530024	0.497877	0.500651	0.497543	0.547992	0.522811	0.513948	0.518012	0.517016	0.519884	0.440746	0.45197	0.447375	0.437683	0.440098	0.442446	0.446896	0.465218	0.464243	0.43074	0.43663	0.437199	0.446415	0.42849	0.432263	0.429597	0.425648	0.426236	0.432459	0.450139	0.451809	0.445886	0.445059	0.446769
ERR609166-k20-n1-x5e9	0.272108	0.272385	0.270649	0	0.283079	0.282588	0.461919	0.45405	0.446387	0.473764	0.470198	0.473309	0.417268	0.405073	0.390474	0.402737	0.405453	0.402891	0.352655	0.34466	0.341756	0.343678	0.347922	0.344614	0.352764	0.329506	0.329949	0.356515	0.356759	0.357441	0.388562	0.40384	0.340171	0.344868	0.344196	0.344207	0.565469	0.571905	0.540145	0.536909	0.535244	0.533764	0.431935	0.410477	0.400743	0.375738	0.348259	0.351928	0.4602	0.469815	0.469535	0.440493	0.440819	0.441137	0.454373	0.45852	0.457328	0.466607	0.464654	0.464261	0.499317	0.563376	0.4989	0.483732	0.485332	0.483775	0.528909	0.503638	0.497101	0.499776	0.498783	0.501713	0.461955	0.473431	0.47143	0.452763	0.454377	0.456903	0.472545	0.490635	0.491505	0.452229	0.457412	0.458327	0.471636	0.45268	0.455706	0.452035	0.447244	0.447245	0.422541	0.456587	0.458746	0.434375	0.433967	0.434321
ERR609167-k20-n1-x5e9	0.252658	0.251985	0.25528	0.283079	0	0.249288	0.511423	0.447013	0.457286	0.450745	0.448076	0.449362	0.382636	0.375268	0.366981	0.375047	0.375478	0.374827	0.343865	0.345766	0.346263	0.353244	0.347601	0.346813	0.314249	0.306095	0.307629	0.31666	0.316676	0.317312	0.454445	0.471191	0.332552	0.335714	0.332039	0.329803	0.60998	0.61898	0.542469	0.540553	0.538244	0.53554	0.383679	0.365665	0.357861	0.345392	0.336287	0.335686	0.432752	0.440708	0.439079	0.436943	0.436713	0.436256	0.44951	0.44915	0.44661	0.486511	0.484231	0.483123	0.524056	0.613258	0.534028	0.496503	0.499453	0.495788	0.55665	0.527776	0.517156	0.521419	0.5204	0.524573	0.437598	0.446072	0.44228	0.437252	0.438825	0.440573	0.438809	0.455024	0.454179	0.425099	0.430178	0.430632	0.439368	0.425483	0.428836	0.426062	0.42373	0.424639	0.441191	0.443427	0.444732	0.447103	0.446416	0.448143
ERR609168-k20-n1-x5e9	0.252886	0.25204	0.25487	0.282588	0.249288	0	0.511413	0.447982	0.457977	0.451972	0.449147	0.45039	0.383547	0.375857	0.367617	0.375703	0.376258	0.375457	0.34385	0.345633	0.346125	0.353142	0.346838	0.346291	0.314518	0.305454	0.307346	0.317063	0.317102	0.317672	0.453683	0.470397	0.332976	0.335883	0.332357	0.330342	0.610348	0.619048	0.543582	0.541649	0.539251	0.536617	0.384708	0.366416	0.358535	0.345925	0.335949	0.335364	0.432886	0.44109	0.439407	0.436944	0.436798	0.436198	0.44951	0.449427	0.446804	0.486399	0.48415	0.48302	0.524463	0.612662	0.534181	0.497095	0.499974	0.496331	0.555911	0.527676	0.51694	0.521231	0.520335	0.524509	0.437726	0.446543	0.442547	0.43728	0.439108	0.440833	0.439238	0.45571	0.454758	0.425353	0.430648	0.431022	0.43971	0.425521	0.428843	0.426125	0.423818	0.424501	0.440685	0.444099	0.44543	0.447132	0.446553	0.448281
ERR608007-k20-n1-x5e9	0.499442	0.502937	0.50505	0.461919	0.511423	0.511413	0	0.407048	0.354915	0.46139	0.456821	0.463811	0.531462	0.519201	0.50283	0.513198	0.518107	0.513279	0.485156	0.47319	0.469147	0.456982	0.49064	0.485193	0.516162	0.504643	0.503448	0.516291	0.517083	0.516283	0.396414	0.405358	0.466012	0.470519	0.475124	0.480089	0.396138	0.402984	0.45422	0.450962	0.452321	0.454813	0.557873	0.544226	0.537692	0.507595	0.489308	0.49396	0.600027	0.601637	0.603292	0.569032	0.569563	0.569779	0.567098	0.570999	0.575104	0.529701	0.529948	0.530734	0.485436	0.513585	0.472231	0.501126	0.499237	0.501691	0.524829	0.501382	0.502919	0.499782	0.500551	0.503414	0.59916	0.600163	0.603188	0.591207	0.588932	0.590759	0.59051	0.597266	0.600664	0.580367	0.580112	0.58065	0.606863	0.605296	0.605769	0.603292	0.604356	0.604472	0.555946	0.574767	0.576302	0.54269	0.544571	0.542908
ERR608008-k20-n1-x5e9	0.441352	0.445156	0.457432	0.45405	0.447013	0.447982	0.407048	0	0.269049	0.264462	0.262796	0.265705	0.401216	0.399433	0.399362	0.395737	0.397974	0.39637	0.415943	0.424525	0.427067	0.421422	0.448502	0.446714	0.415987	0.438669	0.437128	0.411383	0.411835	0.410203	0.502743	0.522346	0.389267	0.392398	0.395437	0.398605	0.52975	0.547126	0.399597	0.405898	0.405987	0.404822	0.410633	0.408141	0.407559	0.395068	0.427043	0.422339	0.511374	0.504262	0.506086	0.513153	0.512884	0.511469	0.515688	0.506151	0.512319	0.524129	0.523611	0.521589	0.4728	0.61641	0.498526	0.459294	0.460842	0.457438	0.569618	0.524169	0.508795	0.509962	0.511935	0.52215	0.517705	0.505954	0.511439	0.525688	0.519871	0.519996	0.481402	0.475753	0.480307	0.488951	0.484208	0.483406	0.509245	0.528069	0.526949	0.525788	0.534314	0.535054	0.543154	0.489632	0.488759	0.505062	0.506783	0.507289
ERR608009-k20-n1-x5e9	0.448766	0.453087	0.46347	0.446387	0.457286	0.457977	0.354915	0.269049	0	0.307984	0.30488	0.310325	0.430042	0.424037	0.417423	0.418718	0.422571	0.419297	0.422476	0.424834	0.425384	0.416655	0.450149	0.446656	0.435034	0.448169	0.446095	0.431839	0.432585	0.430884	0.465761	0.48447	0.396213	0.400913	0.405017	0.40942	0.483897	0.500866	0.392201	0.396944	0.397845	0.39832	0.447534	0.440836	0.437666	0.41655	0.434216	0.432307	0.531502	0.526367	0.528794	0.520919	0.520901	0.519961	0.522681	0.51646	0.52319	0.515237	0.514838	0.51357	0.458055	0.584352	0.475166	0.455228	0.455555	0.454033	0.551537	0.508035	0.496017	0.495957	0.497719	0.507225	0.534768	0.526124	0.531807	0.537565	0.532109	0.532509	0.506568	0.504512	0.509493	0.508192	0.504128	0.503667	0.532399	0.545719	0.544641	0.542851	0.549449	0.549941	0.540801	0.505405	0.505387	0.505902	0.508137	0.507836
ERR608010-k20-n1-x5e9	0.448098	0.451569	0.464626	0.473764	0.450745	0.451972	0.46139	0.264462	0.307984	0	0.245089	0.244069	0.389488	0.392471	0.39876	0.390298	0.390806	0.39082	0.426552	0.440008	0.4438	0.441397	0.461323	0.460958	0.413445	0.443519	0.442678	0.407703	0.407825	0.406034	0.544553	0.563989	0.400895	0.402238	0.403873	0.405559	0.576669	0.593808	0.422717	0.429624	0.429051	0.426868	0.388749	0.392142	0.394454	0.392072	0.436106	0.429051	0.502987	0.493731	0.494854	0.517157	0.516771	0.514728	0.520602	0.508324	0.513918	0.54307	0.542198	0.53953	0.498786	0.650856	0.530003	0.47671	0.479346	0.474138	0.593958	0.548663	0.531173	0.533561	0.535044	0.545663	0.511919	0.497146	0.502105	0.524539	0.518903	0.518525	0.467748	0.458069	0.461856	0.48143	0.476219	0.47495	0.497651	0.521727	0.520774	0.520056	0.530199	0.531403	0.555593	0.486532	0.485314	0.516073	0.517368	0.518594
ERR608011-k20-n1-x5e9	0.445293	0.44864	0.461685	0.470198	0.448076	0.449147	0.456821	0.262796	0.30488	0.245089	0	0.244793	0.387872	0.390549	0.3962	0.388142	0.389096	0.388835	0.423496	0.436559	0.440376	0.437936	0.457874	0.457295	0.411493	0.440828	0.440112	0.40596	0.406078	0.404402	0.540163	0.559612	0.398125	0.399035	0.400851	0.402448	0.572574	0.58969	0.419999	0.426413	0.425817	0.423584	0.38838	0.391055	0.393241	0.389959	0.432819	0.425974	0.501792	0.492926	0.494017	0.515086	0.514756	0.512802	0.518291	0.506475	0.511915	0.540157	0.539424	0.536712	0.496213	0.647142	0.526896	0.47433	0.477017	0.471882	0.590521	0.545198	0.527878	0.530192	0.531623	0.542219	0.510661	0.496431	0.501177	0.523062	0.517503	0.517208	0.467158	0.458035	0.461638	0.480282	0.475271	0.474035	0.496888	0.520288	0.519471	0.518802	0.528665	0.529929	0.552545	0.485362	0.484038	0.513566	0.514853	0.515893
ERR608012-k20-n1-x5e9	0.446828	0.45015	0.463228	0.473309	0.449362	0.45039	0.463811	0.265705	0.310325	0.244069	0.244793	0	0.387041	0.390247	0.396745	0.38817	0.388689	0.388578	0.425474	0.439255	0.44312	0.441029	0.460021	0.459709	0.411431	0.441796	0.441076	0.405679	0.405783	0.404188	0.54573	0.565067	0.400296	0.401349	0.402903	0.40452	0.578577	0.595634	0.423723	0.430351	0.429591	0.427237	0.385889	0.389554	0.391865	0.390306	0.434451	0.427374	0.501034	0.491852	0.492845	0.5163	0.515925	0.513903	0.519541	0.507271	0.512639	0.542914	0.542185	0.539571	0.500319	0.651963	0.531588	0.477512	0.480375	0.47506	0.593957	0.548633	0.531215	0.533667	0.535193	0.545581	0.510149	0.495532	0.50019	0.523346	0.517778	0.517273	0.465744	0.456071	0.459616	0.479974	0.474719	0.473423	0.49558	0.51963	0.518874	0.518305	0.528394	0.529543	0.554736	0.485753	0.484443	0.515823	0.517129	0.518311
ERR605515-k20-n1-x5e9	0.383056	0.384206	0.395363	0.417268	0.382636	0.383547	0.531462	0.401216	0.430042	0.389488	0.387872	0.387041	0	0.250558	0.258651	0.252956	0.251479	0.252823	0.373852	0.385864	0.391041	0.393851	0.39955	0.400323	0.377222	0.402152	0.403413	0.374305	0.374084	0.373781	0.512276	0.530215	0.348511	0.347383	0.345654	0.344293	0.59853	0.612001	0.464641	0.46516	0.462398	0.458967	0.335595	0.332942	0.33437	0.336137	0.366782	0.359921	0.470735	0.467312	0.465305	0.494476	0.494024	0.492216	0.497466	0.489746	0.490138	0.534945	0.533394	0.530943	0.53374	0.655096	0.555571	0.50488	0.508169	0.503002	0.580836	0.542567	0.526129	0.530924	0.531146	0.538858	0.487623	0.48031	0.478969	0.501138	0.499477	0.49955	0.453036	0.452322	0.450263	0.463167	0.463617	0.462701	0.460815	0.4773	0.478576	0.477806	0.485552	0.487485	0.492193	0.439051	0.438204	0.466854	0.466133	0.46794
ERR605516-k20-n1-x5e9	0.375048	0.375761	0.386167	0.405073	0.375268	0.375857	0.519201	0.399433	0.424037	0.392471	0.390549	0.390247	0.250558	0	0.253975	0.251508	0.25083	0.251448	0.365723	0.375365	0.38034	0.383067	0.388036	0.388904	0.374725	0.39611	0.397637	0.372202	0.372089	0.371609	0.496632	0.514341	0.340687	0.339089	0.337635	0.336295	0.587273	0.600217	0.461695	0.460883	0.458195	0.45462	0.340708	0.334842	0.335358	0.333613	0.356994	0.351248	0.471531	0.469135	0.46713	0.491956	0.491514	0.48993	0.493588	0.487428	0.48729	0.528484	0.526918	0.524472	0.528459	0.644706	0.548163	0.501096	0.503994	0.499252	0.571834	0.534744	0.518977	0.523608	0.523996	0.531011	0.487595	0.481633	0.480091	0.499526	0.498249	0.498544	0.455667	0.456559	0.454563	0.463598	0.464657	0.463768	0.46307	0.477107	0.47861	0.477667	0.484638	0.486489	0.482929	0.438438	0.438166	0.460344	0.459323	0.461089
ERR605517-k20-n1-x5e9	0.365883	0.366439	0.37568	0.390474	0.366981	0.367617	0.50283	0.399362	0.417423	0.39876	0.3962	0.396745	0.258651	0.253975	0	0.253853	0.254571	0.253818	0.357947	0.364801	0.368333	0.370652	0.376774	0.376997	0.372086	0.388812	0.390698	0.370105	0.370124	0.369836	0.477297	0.495071	0.333394	0.333014	0.331968	0.330976	0.572431	0.585045	0.458091	0.456598	0.453972	0.450725	0.349128	0.340677	0.338482	0.332437	0.347374	0.343024	0.471745	0.470888	0.468874	0.487544	0.487258	0.485833	0.488642	0.483971	0.483797	0.519349	0.517679	0.51579	0.520845	0.630462	0.537775	0.495215	0.497993	0.49372	0.56008	0.524185	0.509597	0.514125	0.513851	0.520577	0.486472	0.48245	0.480392	0.496589	0.495524	0.496012	0.458245	0.461326	0.459196	0.463431	0.464906	0.464319	0.46533	0.475912	0.477876	0.476674	0.482554	0.484221	0.472307	0.439252	0.439209	0.454256	0.453408	0.454959
ERR605518-k20-n1-x5e9	0.374351	0.375372	0.385751	0.402737	0.375047	0.375703	0.513198	0.395737	0.418718	0.390298	0.388142	0.38817	0.252956	0.251508	0.253853	0	0.250063	0.250101	0.364631	0.374104	0.378243	0.380023	0.387604	0.388034	0.374826	0.395399	0.39712	0.37194	0.372071	0.371598	0.49251	0.510657	0.338931	0.337999	0.337048	0.336099	0.581687	0.594973	0.456641	0.456297	0.453769	0.45038	0.342228	0.336594	0.335806	0.33247	0.356421	0.350976	0.471226	0.468862	0.467094	0.49005	0.489677	0.487915	0.492338	0.48613	0.486382	0.525267	0.523667	0.521365	0.522663	0.640215	0.542516	0.496036	0.499119	0.494353	0.569102	0.531388	0.51585	0.520294	0.52037	0.527765	0.486935	0.481097	0.47971	0.498544	0.496984	0.497137	0.455342	0.456324	0.454552	0.462747	0.463642	0.462824	0.463456	0.477228	0.478767	0.477564	0.484546	0.486237	0.481002	0.437223	0.436702	0.458147	0.457338	0.458902
ERR605519-k20-n1-x5e9	0.375333	0.376291	0.38662	0.405453	0.375478	0.376258	0.518107	0.397974	0.422571	0.390806	0.389096	0.388689	0.251479	0.25083	0.254571	0.250063	0	0.249954	0.366285	0.376144	0.38051	0.382734	0.38895	0.38953	0.374336	0.395704	0.397395	0.371357	0.371453	0.37108	0.497016	0.515123	0.340562	0.339647	0.338233	0.337218	0.586337	0.599694	0.459682	0.459288	0.456662	0.453245	0.340437	0.335303	0.334845	0.332742	0.357774	0.351593	0.470397	0.468023	0.465937	0.490786	0.490401	0.488846	0.493078	0.486713	0.486811	0.527563	0.526013	0.523704	0.526226	0.643695	0.546456	0.498641	0.501822	0.496828	0.571563	0.534028	0.518344	0.522987	0.523063	0.530275	0.486429	0.480349	0.478719	0.498397	0.49693	0.497272	0.454265	0.45523	0.453076	0.462371	0.463318	0.462464	0.462126	0.476264	0.477801	0.476886	0.484007	0.485764	0.48298	0.437793	0.437402	0.460279	0.459402	0.461235
ERR605520-k20-n1-x5e9	0.374231	0.375295	0.38563	0.402891	0.374827	0.375457	0.513279	0.39637	0.419297	0.39082	0.388835	0.388578	0.252823	0.251448	0.253818	0.250101	0.249954	0	0.364432	0.374187	0.378314	0.379872	0.387515	0.387855	0.374502	0.395292	0.396949	0.371853	0.371706	0.371351	0.492507	0.510514	0.33872	0.337741	0.336858	0.335866	0.581351	0.594726	0.456195	0.455923	0.453282	0.450095	0.34214	0.336731	0.335822	0.332341	0.356285	0.35065	0.471043	0.468618	0.466895	0.49009	0.489526	0.488001	0.492064	0.485823	0.486195	0.525077	0.523557	0.521373	0.522695	0.640065	0.542484	0.495992	0.498937	0.494307	0.568834	0.531223	0.515853	0.520114	0.520243	0.52751	0.486695	0.480868	0.479303	0.49836	0.496684	0.497084	0.455011	0.456136	0.454308	0.462555	0.463491	0.46261	0.462828	0.476693	0.478132	0.477123	0.484065	0.485765	0.480996	0.437226	0.436784	0.458053	0.457326	0.4589
ERR605671-k20-n1-x5e9	0.339137	0.340335	0.346736	0.352655	0.343865	0.34385	0.485156	0.415943	0.422476	0.426552	0.423496	0.425474	0.373852	0.365723	0.357947	0.364631	0.366285	0.364432	0	0.263236	0.266098	0.269281	0.277916	0.276808	0.360043	0.361582	0.362147	0.360262	0.360722	0.360373	0.451324	0.468635	0.337853	0.339595	0.338857	0.338898	0.573417	0.584266	0.496112	0.494058	0.492842	0.490575	0.376786	0.361083	0.355787	0.338938	0.338772	0.337035	0.478776	0.482128	0.48131	0.47826	0.478034	0.477361	0.485453	0.483562	0.483583	0.508693	0.506943	0.505563	0.518591	0.615064	0.529958	0.497601	0.499698	0.496732	0.561862	0.529355	0.517917	0.521453	0.521111	0.526518	0.48599	0.488309	0.48721	0.486978	0.487119	0.488271	0.474874	0.484228	0.484608	0.467526	0.470159	0.47026	0.480679	0.477878	0.479816	0.477395	0.478699	0.479481	0.462959	0.453256	0.454312	0.453364	0.453078	0.454212
ERR605672-k20-n1-x5e9	0.339837	0.340774	0.344859	0.34466	0.345766	0.345633	0.47319	0.424525	0.424834	0.440008	0.436559	0.439255	0.385864	0.375365	0.364801	0.374104	0.376144	0.374187	0.263236	0	0.263328	0.265974	0.272717	0.270816	0.369101	0.364606	0.365527	0.369995	0.370538	0.370361	0.432777	0.449034	0.341122	0.342425	0.341805	0.34229	0.561891	0.571277	0.500318	0.496509	0.495097	0.492888	0.392816	0.375108	0.369251	0.349184	0.33708	0.337241	0.487536	0.492071	0.491032	0.482614	0.482372	0.481948	0.488011	0.488157	0.487594	0.506054	0.504261	0.50337	0.518232	0.602829	0.525827	0.500093	0.501764	0.499523	0.55394	0.524272	0.514401	0.517776	0.517567	0.521655	0.493833	0.497862	0.496296	0.492625	0.493345	0.494988	0.485849	0.496687	0.496785	0.476565	0.479858	0.480101	0.490792	0.485255	0.487567	0.484999	0.485166	0.48575	0.45782	0.460963	0.462385	0.453163	0.45246	0.453441
ERR605673-k20-n1-x5e9	0.339944	0.340922	0.344421	0.341756	0.346263	0.346125	0.469147	0.427067	0.425384	0.4438	0.440376	0.44312	0.391041	0.38034	0.368333	0.378243	0.38051	0.378314	0.266098	0.263328	0	0.26522	0.273877	0.271692	0.371944	0.36584	0.367007	0.372962	0.373493	0.373216	0.427614	0.444339	0.342371	0.345069	0.344668	0.345062	0.559142	0.56847	0.501275	0.498338	0.496881	0.49497	0.398426	0.380677	0.37338	0.352713	0.339256	0.340329	0.488522	0.493486	0.49265	0.481833	0.481689	0.481382	0.487813	0.488163	0.487857	0.503597	0.50201	0.500952	0.516045	0.598134	0.522337	0.49854	0.500151	0.498123	0.550695	0.521524	0.512091	0.515221	0.514709	0.519055	0.49448	0.499063	0.497397	0.492814	0.493218	0.494787	0.487621	0.498991	0.499132	0.477687	0.480876	0.481181	0.492651	0.486072	0.488504	0.485953	0.485784	0.486344	0.455613	0.46311	0.464469	0.453735	0.453268	0.454059
ERR605674-k20-n1-x5e9	0.346197	0.347549	0.351748	0.343678	0.353244	0.353142	0.456982	0.421422	0.416655	0.441397	0.437936	0.441029	0.393851	0.383067	0.370652	0.380023	0.382734	0.379872	0.269281	0.265974	0.26522	0	0.278678	0.275488	0.378224	0.372024	0.37259	0.378991	0.379555	0.379143	0.419085	0.435813	0.342601	0.345195	0.345536	0.346832	0.545256	0.555419	0.491572	0.488455	0.487413	0.485913	0.403729	0.386221	0.379171	0.355918	0.344171	0.34472	0.49348	0.497959	0.497395	0.483734	0.483628	0.483353	0.490213	0.491002	0.49111	0.501418	0.499709	0.498987	0.507245	0.590721	0.513335	0.492623	0.493809	0.492163	0.547546	0.517012	0.507796	0.510322	0.510218	0.514626	0.49935	0.503206	0.502345	0.496772	0.496965	0.498595	0.49212	0.50299	0.503667	0.481803	0.484736	0.48504	0.497698	0.491894	0.494038	0.491233	0.491502	0.49181	0.456985	0.463134	0.464652	0.451035	0.450798	0.45144
ERR605675-k20-n1-x5e9	0.343727	0.342694	0.34298	0.347922	0.347601	0.346838	0.49064	0.448502	0.450149	0.461323	0.457874	0.460021	0.39955	0.388036	0.376774	0.387604	0.38895	0.387515	0.277916	0.272717	0.273877	0.278678	0	0.262414	0.376324	0.366674	0.369293	0.377573	0.377851	0.378107	0.440418	0.454411	0.35517	0.352668	0.350788	0.349598	0.582364	0.589476	0.526591	0.519402	0.517119	0.514126	0.404883	0.38599	0.379319	0.361918	0.333549	0.336215	0.492279	0.499003	0.496833	0.490074	0.49013	0.489733	0.491359	0.494256	0.491266	0.513665	0.512335	0.511197	0.539559	0.609532	0.544104	0.518346	0.520057	0.517998	0.555144	0.531901	0.523552	0.527561	0.526505	0.528581	0.497712	0.504019	0.500329	0.496204	0.498567	0.500329	0.492408	0.505419	0.503837	0.482441	0.487376	0.487681	0.496887	0.487249	0.491042	0.488683	0.487516	0.488291	0.456029	0.474151	0.475686	0.462982	0.461078	0.462302
ERR605676-k20-n1-x5e9	0.342342	0.341581	0.342421	0.344614	0.346813	0.346291	0.485193	0.446714	0.446656	0.460958	0.457295	0.459709	0.400323	0.388904	0.376997	0.388034	0.38953	0.387855	0.276808	0.270816	0.271692	0.275488	0.262414	0	0.376162	0.365828	0.368203	0.377392	0.377784	0.37807	0.43491	0.449046	0.35319	0.351231	0.349611	0.348999	0.577492	0.584416	0.524188	0.517159	0.515107	0.512329	0.406439	0.387177	0.380385	0.361747	0.333683	0.336305	0.492374	0.499186	0.497274	0.488646	0.488651	0.488389	0.490338	0.493261	0.490613	0.511058	0.509416	0.508522	0.535575	0.605712	0.539872	0.515447	0.517139	0.515256	0.553308	0.529607	0.521182	0.524922	0.524087	0.526188	0.497515	0.503823	0.500573	0.495492	0.497791	0.499388	0.492987	0.505989	0.504759	0.482375	0.487209	0.487556	0.497015	0.487193	0.490953	0.488347	0.487132	0.487714	0.454585	0.473165	0.474804	0.46061	0.458685	0.459911
ERR607627-k20-n1-x5e9	0.313885	0.31487	0.321862	0.352764	0.314249	0.314518	0.516162	0.415987	0.435034	0.413445	0.411493	0.411431	0.377222	0.374725	0.372086	0.374826	0.374336	0.374502	0.360043	0.369101	0.371944	0.378224	0.376324	0.376162	0	0.242398	0.24161	0.229895	0.229796	0.229903	0.492036	0.5106	0.342277	0.34664	0.342278	0.341207	0.623681	0.635038	0.531524	0.532766	0.530395	0.527814	0.346631	0.334046	0.328076	0.323855	0.33858	0.333917	0.401179	0.405365	0.40478	0.419722	0.418823	0.418402	0.429932	0.423849	0.423096	0.476411	0.474202	0.472387	0.513397	0.627279	0.531269	0.482669	0.486176	0.481404	0.561514	0.525654	0.511642	0.516165	0.515809	0.522635	0.402009	0.406131	0.403914	0.408322	0.407987	0.409112	0.399541	0.413205	0.413558	0.390259	0.393205	0.393014	0.396724	0.389463	0.391311	0.38929	0.389982	0.391049	0.473006	0.445808	0.446141	0.465738	0.46612	0.468788
ERR607628-k20-n1-x5e9	0.303898	0.303896	0.306097	0.329506	0.306095	0.305454	0.504643	0.438669	0.448169	0.443519	0.440828	0.441796	0.402152	0.39611	0.388812	0.395399	0.395704	0.395292	0.361582	0.364606	0.36584	0.372024	0.366674	0.365828	0.242398	0	0.230811	0.246471	0.246511	0.247527	0.465331	0.482552	0.344188	0.348124	0.343742	0.343064	0.619434	0.628539	0.554853	0.553493	0.551402	0.549023	0.377298	0.358712	0.349982	0.3374	0.33125	0.329679	0.407522	0.416858	0.415921	0.412119	0.411552	0.411333	0.421321	0.420178	0.41758	0.462307	0.459829	0.458421	0.512628	0.607226	0.523741	0.484889	0.487574	0.484092	0.548908	0.517881	0.506811	0.511184	0.510443	0.514937	0.404091	0.415055	0.411703	0.401216	0.403333	0.405125	0.415507	0.434911	0.434949	0.396985	0.402363	0.402923	0.410609	0.391761	0.395056	0.391938	0.388297	0.388803	0.457126	0.45453	0.455648	0.460411	0.460333	0.462484
ERR607629-k20-n1-x5e9	0.304919	0.305388	0.308169	0.329949	0.307629	0.307346	0.503448	0.437128	0.446095	0.442678	0.440112	0.441076	0.403413	0.397637	0.390698	0.39712	0.397395	0.396949	0.362147	0.365527	0.367007	0.37259	0.369293	0.368203	0.24161	0.230811	0	0.245915	0.246033	0.246615	0.465506	0.482789	0.344679	0.349821	0.345314	0.344999	0.619063	0.628345	0.554564	0.554124	0.551963	0.549794	0.377667	0.359402	0.350749	0.337936	0.33407	0.332297	0.406318	0.415227	0.414881	0.410096	0.409387	0.409349	0.420542	0.418685	0.417016	0.460723	0.458204	0.456991	0.509736	0.60701	0.521373	0.482788	0.485563	0.482084	0.549705	0.51786	0.506313	0.510573	0.509792	0.515036	0.402324	0.412982	0.410292	0.399552	0.400972	0.402721	0.414254	0.433297	0.433977	0.395401	0.400284	0.40086	0.409487	0.391252	0.393669	0.390769	0.387189	0.387626	0.457518	0.453184	0.45439	0.459423	0.459916	0.462141
ERR607630-k20-n1-x5e9	0.316733	0.317599	0.325247	0.356515	0.31666	0.317063	0.516291	0.411383	0.431839	0.407703	0.40596	0.405679	0.374305	0.372202	0.370105	0.37194	0.371357	0.371853	0.360262	0.369995	0.372962	0.378991	0.377573	0.377392	0.229895	0.246471	0.245915	0	0.228406	0.228546	0.494571	0.513493	0.341535	0.345762	0.341525	0.340407	0.623743	0.63546	0.52807	0.529469	0.527227	0.524655	0.343155	0.331331	0.325712	0.322112	0.339533	0.33455	0.401498	0.404973	0.404348	0.421017	0.42021	0.419423	0.431516	0.424914	0.424362	0.47805	0.47581	0.47386	0.512854	0.6292	0.531719	0.481924	0.485445	0.480425	0.563012	0.52649	0.512139	0.516436	0.516329	0.523178	0.40259	0.405696	0.403765	0.409678	0.409248	0.410123	0.398278	0.410937	0.411613	0.390315	0.392796	0.392574	0.396811	0.39113	0.392823	0.390694	0.391927	0.393008	0.474766	0.444276	0.44442	0.465751	0.466225	0.468643
ERR607631-k20-n1-x5e9	0.316818	0.317918	0.325351	0.356759	0.316676	0.317102	0.517083	0.411835	0.432585	0.407825	0.406078	0.405783	0.374084	0.372089	0.370124	0.372071	0.371453	0.371706	0.360722	0.370538	0.373493	0.379555	0.377851	0.377784	0.229796	0.246511	0.246033	0.228406	0	0.228314	0.495485	0.514141	0.341894	0.346222	0.341875	0.340601	0.624235	0.635908	0.528062	0.529655	0.527201	0.524606	0.342808	0.331214	0.325555	0.322331	0.339871	0.334953	0.401179	0.404703	0.403955	0.42146	0.420473	0.419705	0.431853	0.425024	0.424575	0.478402	0.476239	0.474249	0.513362	0.62962	0.532265	0.482282	0.485814	0.480955	0.563096	0.526605	0.512329	0.516655	0.516477	0.523319	0.402561	0.405501	0.403503	0.409991	0.409381	0.410365	0.397781	0.410409	0.41089	0.390039	0.392646	0.392316	0.396404	0.390696	0.392395	0.390281	0.391761	0.392888	0.475257	0.444405	0.444515	0.466309	0.466806	0.469377
ERR607632-k20-n1-x5e9	0.317486	0.31856	0.32626	0.357441	0.317312	0.317672	0.516283	0.410203	0.430884	0.406034	0.404402	0.404188	0.373781	0.371609	0.369836	0.371598	0.37108	0.371351	0.360373	0.370361	0.373216	0.379143	0.378107	0.37807	0.229903	0.247527	0.246615	0.228546	0.228314	0	0.495371	0.514283	0.341527	0.345855	0.34155	0.340522	0.623601	0.635453	0.526848	0.528397	0.526271	0.523691	0.342585	0.330973	0.325515	0.322217	0.34062	0.335375	0.401981	0.405378	0.404779	0.421841	0.42103	0.420333	0.432412	0.425556	0.425237	0.478932	0.476608	0.474803	0.512785	0.629945	0.531791	0.482046	0.485402	0.480577	0.563718	0.527067	0.51267	0.516946	0.516802	0.523737	0.403187	0.406059	0.404165	0.410446	0.409899	0.410807	0.398468	0.410892	0.411515	0.390535	0.393272	0.392905	0.397384	0.391936	0.393629	0.391503	0.392958	0.394014	0.47585	0.444472	0.444495	0.466487	0.466817	0.469433
ERR605799-k20-n1-x5e9	0.441573	0.442653	0.439168	0.388562	0.454445	0.453683	0.396414	0.502743	0.465761	0.544553	0.540163	0.54573	0.512276	0.496632	0.477297	0.49251	0.497016	0.492507	0.451324	0.432777	0.427614	0.419085	0.440418	0.43491	0.492036	0.465331	0.465506	0.494571	0.495485	0.495371	0	0.277287	0.401283	0.404301	0.407692	0.411709	0.479292	0.478665	0.537258	0.530343	0.530273	0.531046	0.544748	0.524656	0.51632	0.482668	0.44291	0.450516	0.564078	0.572271	0.572741	0.523855	0.524834	0.525917	0.529525	0.539051	0.539741	0.49424	0.493509	0.495542	0.494992	0.484566	0.472107	0.505822	0.504125	0.507036	0.508533	0.494099	0.496908	0.496201	0.495521	0.495065	0.565427	0.574979	0.575272	0.549842	0.551318	0.554121	0.575453	0.590221	0.592442	0.555021	0.559118	0.560329	0.575456	0.559869	0.562285	0.558129	0.554179	0.553582	0.474273	0.535515	0.538488	0.485211	0.484786	0.482917
ERR605800-k20-n1-x5e9	0.45884	0.459453	0.454944	0.40384	0.471191	0.470397	0.405358	0.522346	0.48447	0.563989	0.559612	0.565067	0.530215	0.514341	0.495071	0.510657	0.515123	0.510514	0.468635	0.449034	0.444339	0.435813	0.454411	0.449046	0.5106	0.482552	0.482789	0.513493	0.514141	0.514283	0.277287	0	0.423499	0.425515	0.428831	0.432432	0.484725	0.481501	0.553519	0.545419	0.545306	0.545814	0.563085	0.542814	0.534804	0.501603	0.458193	0.466399	0.580145	0.588781	0.588826	0.539238	0.540367	0.541586	0.543138	0.553782	0.553603	0.506406	0.505701	0.508043	0.510451	0.482425	0.485113	0.522098	0.520227	0.523476	0.512928	0.503095	0.506991	0.506629	0.505646	0.503831	0.580916	0.59126	0.591097	0.564738	0.566781	0.569709	0.59248	0.607788	0.609487	0.571833	0.576235	0.577377	0.591748	0.575165	0.577694	0.57371	0.569266	0.568735	0.484486	0.552014	0.555053	0.49929	0.498793	0.497014
ERR605801-k20-n1-x5e9	0.326376	0.3276	0.336672	0.340171	0.332552	0.332976	0.466012	0.389267	0.396213	0.400895	0.398125	0.400296	0.348511	0.340687	0.333394	0.338931	0.340562	0.33872	0.337853	0.341122	0.342371	0.342601	0.35517	0.35319	0.342277	0.344188	0.344679	0.341535	0.341894	0.341527	0.401283	0.423499	0	0.253016	0.253213	0.254212	0.560178	0.572288	0.475801	0.474988	0.473769	0.471978	0.369042	0.35351	0.34722	0.32725	0.333122	0.330636	0.44084	0.443641	0.443544	0.437567	0.437629	0.436581	0.450173	0.446593	0.447777	0.473835	0.471934	0.470478	0.477704	0.589279	0.491886	0.45593	0.457879	0.454706	0.537781	0.500223	0.48742	0.490708	0.490761	0.497276	0.45027	0.451494	0.451988	0.450443	0.4494	0.450901	0.438962	0.448106	0.44959	0.430783	0.432876	0.432982	0.44428	0.443026	0.444896	0.441677	0.443762	0.444331	0.439911	0.421036	0.421774	0.424302	0.423684	0.424794
ERR605802-k20-n1-x5e9	0.330421	0.331306	0.339673	0.344868	0.335714	0.335883	0.470519	0.392398	0.400913	0.402238	0.399035	0.401349	0.347383	0.339089	0.333014	0.337999	0.339647	0.337741	0.339595	0.342425	0.345069	0.345195	0.352668	0.351231	0.34664	0.348124	0.349821	0.345762	0.346222	0.345855	0.404301	0.425515	0.253016	0	0.247635	0.248067	0.561857	0.573199	0.476948	0.472198	0.47079	0.468557	0.369486	0.35364	0.34867	0.328948	0.32993	0.327638	0.444061	0.447	0.446374	0.44212	0.442219	0.441376	0.452919	0.450109	0.450202	0.477652	0.475875	0.474603	0.482576	0.591146	0.49662	0.460184	0.462084	0.458953	0.538015	0.50178	0.488993	0.4925	0.492818	0.498436	0.453959	0.455158	0.455218	0.453871	0.45427	0.45569	0.442045	0.450901	0.452106	0.434006	0.437113	0.437282	0.447029	0.44573	0.448289	0.444865	0.447096	0.447622	0.440107	0.421637	0.422605	0.42263	0.421053	0.422489
ERR605803-k20-n1-x5e9	0.32735	0.328169	0.336016	0.344196	0.332039	0.332357	0.475124	0.395437	0.405017	0.403873	0.400851	0.402903	0.345654	0.337635	0.331968	0.337048	0.338233	0.336858	0.338857	0.341805	0.344668	0.345536	0.350788	0.349611	0.342278	0.343742	0.345314	0.341525	0.341875	0.34155	0.407692	0.428831	0.253213	0.247635	0	0.247548	0.56675	0.577683	0.481026	0.476047	0.47458	0.471975	0.366185	0.350014	0.345089	0.326558	0.327008	0.324411	0.441327	0.444487	0.443551	0.441377	0.441358	0.440323	0.451108	0.448305	0.448012	0.478213	0.4765	0.475024	0.486608	0.59399	0.500714	0.462886	0.464897	0.462008	0.53923	0.503633	0.490826	0.494375	0.494351	0.499936	0.450925	0.452546	0.451998	0.451244	0.451894	0.453178	0.439081	0.448445	0.449139	0.431087	0.434511	0.434722	0.443995	0.442088	0.444831	0.44154	0.443591	0.44429	0.440661	0.422978	0.423736	0.425419	0.423527	0.425157
ERR605804-k20-n1-x5e9	0.32598	0.326372	0.333831	0.344207	0.329803	0.330342	0.480089	0.398605	0.40942	0.405559	0.402448	0.40452	0.344293	0.336295	0.330976	0.336099	0.337218	0.335866	0.338898	0.34229	0.345062	0.346832	0.349598	0.348999	0.341207	0.343064	0.344999	0.340407	0.340601	0.340522	0.411709	0.432432	0.254212	0.248067	0.247548	0	0.571547	0.582525	0.484768	0.479676	0.477909	0.475106	0.364322	0.348065	0.34344	0.326452	0.325814	0.323309	0.439712	0.443073	0.441972	0.441484	0.441499	0.440365	0.451061	0.448289	0.447651	0.479914	0.478303	0.476852	0.491029	0.597081	0.505026	0.466383	0.468614	0.465256	0.540623	0.505421	0.492627	0.496608	0.496484	0.501856	0.449558	0.451338	0.450463	0.450484	0.451271	0.452571	0.437752	0.447246	0.44758	0.430165	0.433749	0.434034	0.442245	0.440139	0.443106	0.439907	0.441865	0.44261	0.439789	0.422427	0.423399	0.425814	0.424163	0.425721
ERR605837-k20-n1-x5e9	0.599854	0.603754	0.606655	0.565469	0.60998	0.610348	0.396138	0.52975	0.483897	0.576669	0.572574	0.578577	0.59853	0.587273	0.572431	0.581687	0.586337	0.581351	0.573417	0.561891	0.559142	0.545256	0.582364	0.577492	0.623681	0.619434	0.619063	0.623743	0.624235	0.623601	0.479292	0.484725	0.560178	0.561857	0.56675	0.571547	0	0.287549	0.411759	0.404813	0.406845	0.411749	0.634564	0.625024	0.621138	0.594189	0.581828	0.585705	0.698552	0.697457	0.697794	0.67635	0.676826	0.676926	0.670012	0.673074	0.676962	0.632044	0.632219	0.633197	0.560147	0.568995	0.547107	0.579193	0.576308	0.579377	0.582705	0.567325	0.571602	0.56794	0.569238	0.569499	0.702569	0.69984	0.702253	0.699629	0.697389	0.698971	0.682787	0.685376	0.687218	0.679476	0.679304	0.67939	0.697518	0.704107	0.704315	0.702753	0.706612	0.707243	0.649885	0.656334	0.65773	0.627032	0.62879	0.627206
ERR605838-k20-n1-x5e9	0.608851	0.612264	0.613893	0.571905	0.61898	0.619048	0.402984	0.547126	0.500866	0.593808	0.58969	0.595634	0.612001	0.600217	0.585045	0.594973	0.599694	0.594726	0.584266	0.571277	0.56847	0.555419	0.589476	0.584416	0.635038	0.628539	0.628345	0.63546	0.635908	0.635453	0.478665	0.481501	0.572288	0.573199	0.577683	0.582525	0.287549	0	0.433751	0.425163	0.426886	0.431173	0.648252	0.637643	0.633966	0.60688	0.589636	0.594004	0.708824	0.708535	0.708625	0.685761	0.686291	0.686447	0.67823	0.68272	0.685838	0.639601	0.639874	0.640989	0.57279	0.567918	0.557231	0.592235	0.589368	0.592655	0.583009	0.573106	0.579058	0.575675	0.576689	0.575328	0.712653	0.711013	0.712872	0.70891	0.707184	0.708738	0.694744	0.698238	0.699712	0.690411	0.690775	0.691075	0.70824	0.713097	0.713674	0.712075	0.715326	0.715802	0.654961	0.668084	0.669536	0.63603	0.637363	0.635765
ERR605839-k20-n1-x5e9	0.53699	0.54156	0.552331	0.540145	0.542469	0.543582	0.45422	0.399597	0.392201	0.422717	0.419999	0.423723	0.464641	0.461695	0.458091	0.456641	0.459682	0.456195	0.496112	0.500318	0.501275	0.491572	0.526591	0.524188	0.531524	0.554853	0.554564	0.52807	0.528062	0.526848	0.537258	0.553519	0.475801	0.476948	0.481026	0.484768	0.411759	0.433751	0	0.266871	0.26801	0.26919	0.495232	0.496291	0.496776	0.483547	0.510512	0.507301	0.617938	0.609491	0.609608	0.622257	0.622128	0.62091	0.614756	0.608743	0.614163	0.607006	0.606946	0.605862	0.522303	0.631708	0.539025	0.519783	0.519744	0.518056	0.597169	0.558115	0.547016	0.546921	0.549021	0.557175	0.628952	0.615788	0.618986	0.639782	0.634874	0.634988	0.582438	0.574491	0.575952	0.595876	0.592311	0.59117	0.607735	0.632927	0.632038	0.632125	0.642415	0.644112	0.622642	0.572734	0.572119	0.58061	0.58262	0.582437
ERR605840-k20-n1-x5e9	0.535358	0.53939	0.549259	0.536909	0.540553	0.541649	0.450962	0.405898	0.396944	0.429624	0.426413	0.430351	0.46516	0.460883	0.456598	0.456297	0.459288	0.455923	0.494058	0.496509	0.498338	0.488455	0.519402	0.517159	0.532766	0.553493	0.554124	0.529469	0.529655	0.528397	0.530343	0.545419	0.474988	0.472198	0.476047	0.479676	0.404813	0.425163	0.266871	0	0.259162	0.260309	0.498087	0.497321	0.498484	0.484219	0.503894	0.501377	0.620249	0.612853	0.612194	0.62433	0.624155	0.623016	0.614432	0.609913	0.614106	0.606595	0.606531	0.605578	0.526456	0.626645	0.540688	0.523728	0.523686	0.522316	0.59141	0.554883	0.544802	0.544955	0.546836	0.553363	0.631288	0.619171	0.621574	0.641102	0.637542	0.637699	0.585917	0.578983	0.579735	0.598229	0.595965	0.595188	0.610267	0.633686	0.633539	0.633464	0.643322	0.645045	0.618577	0.574124	0.573719	0.577898	0.578927	0.578948
ERR605841-k20-n1-x5e9	0.533226	0.537138	0.546795	0.535244	0.538244	0.539251	0.452321	0.405987	0.397845	0.429051	0.425817	0.429591	0.462398	0.458195	0.453972	0.453769	0.456662	0.453282	0.492842	0.495097	0.496881	0.487413	0.517119	0.515107	0.530395	0.551402	0.551963	0.527227	0.527201	0.526271	0.530273	0.545306	0.473769	0.47079	0.47458	0.477909	0.406845	0.426886	0.26801	0.259162	0	0.259568	0.495335	0.494682	0.495929	0.482022	0.501076	0.498531	0.617995	0.61085	0.610002	0.623003	0.622856	0.621642	0.612421	0.608129	0.61203	0.605551	0.605563	0.604579	0.526976	0.626219	0.541005	0.523413	0.523343	0.521795	0.589526	0.553467	0.543193	0.543648	0.545504	0.551703	0.629039	0.617167	0.619107	0.639299	0.635859	0.635978	0.583653	0.576845	0.57727	0.596174	0.594144	0.59331	0.607917	0.63121	0.6312	0.63123	0.641086	0.642841	0.616852	0.573354	0.573005	0.577069	0.577978	0.578017
ERR605842-k20-n1-x5e9	0.53086	0.53476	0.544159	0.533764	0.53554	0.536617	0.454813	0.404822	0.39832	0.426868	0.423584	0.427237	0.458967	0.45462	0.450725	0.45038	0.453245	0.450095	0.490575	0.492888	0.49497	0.485913	0.514126	0.512329	0.527814	0.549023	0.549794	0.524655	0.524606	0.523691	0.531046	0.545814	0.471978	0.468557	0.471975	0.475106	0.411749	0.431173	0.26919	0.260309	0.259568	0	0.491985	0.491309	0.492535	0.479531	0.49771	0.49531	0.615947	0.608921	0.607879	0.621924	0.621782	0.620615	0.610478	0.606325	0.610023	0.604862	0.60488	0.603801	0.528537	0.627388	0.54262	0.523946	0.524062	0.522266	0.588906	0.553199	0.542805	0.543434	0.545351	0.551358	0.627099	0.615275	0.616937	0.637529	0.634346	0.634487	0.581385	0.574628	0.574673	0.594266	0.592464	0.591534	0.605609	0.628964	0.629194	0.629237	0.639039	0.641014	0.615293	0.572222	0.571859	0.576266	0.577002	0.577255
ERR605707-k20-n1-x5e9	0.3863	0.387498	0.398669	0.431935	0.383679	0.384708	0.557873	0.410633	0.447534	0.388749	0.38838	0.385889	0.335595	0.340708	0.349128	0.342228	0.340437	0.34214	0.376786	0.392816	0.398426	0.403729	0.404883	0.406439	0.346631	0.377298	0.377667	0.343155	0.342808	0.342585	0.544748	0.563085	0.369042	0.369486	0.366185	0.364322	0.634564	0.648252	0.495232	0.498087	0.495335	0.491985	0	0.244749	0.248952	0.267261	0.321885	0.311572	0.443217	0.439557	0.437729	0.47828	0.477269	0.475579	0.482567	0.471981	0.472283	0.532044	0.530349	0.52761	0.541453	0.671677	0.567044	0.507681	0.511782	0.505372	0.595245	0.556428	0.538682	0.543689	0.543866	0.552245	0.453933	0.446231	0.445118	0.470999	0.468737	0.468585	0.421842	0.421849	0.420484	0.432181	0.432071	0.430859	0.432578	0.447413	0.448105	0.447469	0.454738	0.456607	0.510042	0.448599	0.447473	0.487107	0.487166	0.489592
