	ERR610241-k20-n1-x5e9	ERR610242-k20-n1-x5e9	ERR610243-k20-n1-x5e9	ERR610244-k20-n1-x5e9	ERR610245-k20-n1-x5e9	ERR610246-k20-n1-x5e9	ERR608167-k20-n1-x5e9	ERR608168-k20-n1-x5e9	ERR608169-k20-n1-x5e9	ERR608170-k20-n1-x5e9	ERR608171-k20-n1-x5e9	ERR608172-k20-n1-x5e9	ERR605781-k20-n1-x5e9	ERR605782-k20-n1-x5e9	ERR605783-k20-n1-x5e9	ERR605784-k20-n1-x5e9	ERR605785-k20-n1-x5e9	ERR605786-k20-n1-x5e9	ERR608811-k20-n1-x5e9	ERR608812-k20-n1-x5e9	ERR608813-k20-n1-x5e9	ERR608814-k20-n1-x5e9	ERR608815-k20-n1-x5e9	ERR608816-k20-n1-x5e9	ERR605793-k20-n1-x5e9	ERR605794-k20-n1-x5e9	ERR605795-k20-n1-x5e9	ERR605796-k20-n1-x5e9	ERR605797-k20-n1-x5e9	ERR605798-k20-n1-x5e9	ERR608457-k20-n1-x5e9	ERR608458-k20-n1-x5e9	ERR608459-k20-n1-x5e9	ERR608460-k20-n1-x5e9	ERR608461-k20-n1-x5e9	ERR608462-k20-n1-x5e9	ERR605952-k20-n1-x5e9	ERR605953-k20-n1-x5e9	ERR605954-k20-n1-x5e9	ERR605955-k20-n1-x5e9	ERR605956-k20-n1-x5e9	ERR605957-k20-n1-x5e9	ERR607561-k20-n1-x5e9	ERR607562-k20-n1-x5e9	ERR607563-k20-n1-x5e9	ERR607564-k20-n1-x5e9	ERR607565-k20-n1-x5e9	ERR607566-k20-n1-x5e9	ERR609051-k20-n1-x5e9	ERR609052-k20-n1-x5e9	ERR609053-k20-n1-x5e9	ERR609054-k20-n1-x5e9	ERR609055-k20-n1-x5e9	ERR609056-k20-n1-x5e9	ERR608901-k20-n1-x5e9	ERR608902-k20-n1-x5e9	ERR608903-k20-n1-x5e9	ERR608904-k20-n1-x5e9	ERR608905-k20-n1-x5e9	ERR608906-k20-n1-x5e9	ERR608299-k20-n1-x5e9	ERR608300-k20-n1-x5e9	ERR608301-k20-n1-x5e9	ERR608302-k20-n1-x5e9	ERR608303-k20-n1-x5e9	ERR608304-k20-n1-x5e9	ERR608799-k20-n1-x5e9	ERR608800-k20-n1-x5e9	ERR608801-k20-n1-x5e9	ERR608802-k20-n1-x5e9	ERR608803-k20-n1-x5e9	ERR608804-k20-n1-x5e9	ERR607781-k20-n1-x5e9	ERR607782-k20-n1-x5e9	ERR607783-k20-n1-x5e9	ERR607784-k20-n1-x5e9	ERR607785-k20-n1-x5e9	ERR607786-k20-n1-x5e9	ERR608081-k20-n1-x5e9	ERR608082-k20-n1-x5e9	ERR608083-k20-n1-x5e9	ERR608084-k20-n1-x5e9	ERR608085-k20-n1-x5e9	ERR608086-k20-n1-x5e9	ERR608507-k20-n1-x5e9	ERR608508-k20-n1-x5e9	ERR608509-k20-n1-x5e9	ERR608510-k20-n1-x5e9	ERR608511-k20-n1-x5e9	ERR608512-k20-n1-x5e9	ERR608099-k20-n1-x5e9	ERR608100-k20-n1-x5e9	ERR608101-k20-n1-x5e9	ERR608102-k20-n1-x5e9	ERR608103-k20-n1-x5e9	ERR608104-k20-n1-x5e9
ERR610241-k20-n1-x5e9	0	0.917475	0.821261	0.772823	0.77571	0.770837	0.966068	0.960352	0.965376	0.926941	0.926695	0.926969	1.08874	1.10806	0.981503	0.984203	0.982278	0.984084	0.957914	0.946724	0.961856	0.875739	0.877675	0.879122	1.06603	1.0785	0.958202	0.963926	0.964402	0.964671	0.918019	0.877749	0.873424	0.866978	0.869464	0.871393	0.945476	0.903103	0.900801	0.921296	0.9213	0.92126	1.06452	1.06184	1.06547	1.05054	1.05292	1.05053	1.09726	1.0753	1.06898	1.08995	1.09059	1.09157	1.08826	1.084	1.08537	1.11906	1.11899	1.11879	1.08668	1.06646	1.05668	1.05418	1.0526	1.06589	1.06389	1.0582	1.06024	1.07424	1.07383	1.07306	1.08568	1.10206	1.086	1.10532	1.08822	1.08741	1.07729	1.07208	1.07305	1.08619	1.08189	1.08221	1.0855	1.0805	1.08195	1.11679	1.1157	1.11702	1.08609	1.07846	1.07891	1.09277	1.08986	1.08998
ERR610242-k20-n1-x5e9	0.917475	0	0.939079	0.904901	0.907404	0.904134	1.04855	1.04367	1.04963	1.02684	1.02608	1.02636	1.13006	1.14461	1.05445	1.05542	1.0534	1.05425	1.04295	1.03613	1.0467	0.98683	0.988662	0.98893	1.12685	1.13703	1.04542	1.04655	1.04624	1.04641	1.00916	0.993629	0.99421	0.990901	0.990581	0.990181	1.01946	1.00967	1.0088	1.01597	1.01448	1.0151	1.12568	1.12404	1.1283	1.11874	1.12061	1.11868	1.16122	1.14912	1.14425	1.1602	1.16061	1.16139	1.16108	1.1602	1.15993	1.18517	1.18563	1.18516	1.15609	1.1442	1.13562	1.13423	1.13289	1.14368	1.14528	1.14367	1.14295	1.15749	1.15662	1.15628	1.16081	1.17213	1.16009	1.17474	1.16084	1.16018	1.15215	1.14976	1.14831	1.16043	1.15871	1.15859	1.1598	1.15726	1.15624	1.18229	1.18169	1.18247	1.16152	1.1582	1.15682	1.16793	1.16759	1.16697
ERR610243-k20-n1-x5e9	0.821261	0.939079	0	0.806201	0.809694	0.808567	0.986703	0.982626	0.986745	0.95134	0.949744	0.950221	1.09856	1.11564	0.999023	1.00045	0.999877	1.00086	0.9773	0.969357	0.979319	0.902093	0.902906	0.903671	1.07622	1.09283	0.978847	0.982246	0.983552	0.984533	0.940766	0.906593	0.902628	0.900364	0.901363	0.899898	0.961177	0.926801	0.923267	0.942708	0.944137	0.942854	1.07934	1.07764	1.08079	1.06733	1.06897	1.0678	1.1112	1.09502	1.08778	1.10523	1.10615	1.10625	1.11121	1.10428	1.10689	1.13643	1.13697	1.13477	1.10207	1.08604	1.07846	1.07509	1.07438	1.0858	1.08371	1.08222	1.08133	1.09428	1.09255	1.09142	1.10138	1.12169	1.10038	1.1253	1.10336	1.10298	1.09338	1.08893	1.08888	1.10565	1.10179	1.10029	1.10263	1.09634	1.09762	1.13439	1.1346	1.13484	1.10228	1.09827	1.09777	1.10924	1.1071	1.10662
ERR610244-k20-n1-x5e9	0.772823	0.904901	0.806201	0	0.748105	0.746872	0.945033	0.940746	0.945276	0.903208	0.90216	0.904695	1.07588	1.09696	0.963937	0.963982	0.964574	0.965111	0.942114	0.932766	0.948139	0.847541	0.84915	0.850519	1.05283	1.06604	0.935576	0.941622	0.941147	0.94358	0.894534	0.851759	0.846117	0.846969	0.845057	0.844041	0.925955	0.894353	0.889906	0.898083	0.900705	0.900857	1.04627	1.04382	1.0479	1.03486	1.03824	1.03548	1.08092	1.05886	1.05687	1.0738	1.07549	1.077	1.07605	1.073	1.07298	1.10499	1.1052	1.10264	1.07103	1.05301	1.0437	1.04107	1.03969	1.05452	1.04864	1.04484	1.04374	1.06569	1.06522	1.0634	1.07075	1.09049	1.06981	1.09409	1.07226	1.07083	1.06524	1.05625	1.05846	1.07626	1.0727	1.07169	1.07287	1.06887	1.06862	1.10097	1.09954	1.10041	1.07093	1.06531	1.06459	1.0827	1.07908	1.07923
ERR610245-k20-n1-x5e9	0.77571	0.907404	0.809694	0.748105	0	0.748152	0.94894	0.942054	0.948847	0.903377	0.905752	0.907038	1.07835	1.09955	0.965647	0.967482	0.966272	0.966891	0.945126	0.934332	0.950006	0.852286	0.850581	0.853809	1.05619	1.06907	0.940769	0.944849	0.946829	0.945799	0.897221	0.856869	0.849933	0.84776	0.849439	0.847597	0.927608	0.897338	0.893605	0.901462	0.901904	0.904592	1.0476	1.04517	1.05064	1.03703	1.03989	1.03725	1.08399	1.06034	1.05745	1.07432	1.07664	1.07906	1.07734	1.07261	1.07504	1.1058	1.10655	1.10433	1.07206	1.05396	1.04463	1.0416	1.04047	1.05397	1.05124	1.04721	1.04664	1.06627	1.0665	1.06612	1.0721	1.09201	1.07149	1.09545	1.07333	1.07332	1.06648	1.05848	1.05819	1.07679	1.07233	1.0737	1.07559	1.06924	1.07097	1.10215	1.10102	1.10191	1.07271	1.06793	1.06788	1.08436	1.08186	1.08014
ERR610246-k20-n1-x5e9	0.770837	0.904134	0.808567	0.746872	0.748152	0	0.945344	0.940007	0.945321	0.901943	0.902195	0.902547	1.07606	1.09731	0.964841	0.965377	0.964597	0.965116	0.944338	0.93351	0.947617	0.847515	0.848711	0.852276	1.05282	1.06643	0.934838	0.942955	0.94283	0.94263	0.895534	0.851558	0.845214	0.84543	0.842736	0.845481	0.926098	0.895652	0.890057	0.899749	0.90169	0.901243	1.04649	1.04394	1.04791	1.03525	1.03857	1.0354	1.08098	1.05934	1.05484	1.07258	1.07376	1.07721	1.07543	1.07084	1.07331	1.1053	1.10457	1.10229	1.07045	1.053	1.04316	1.03915	1.03778	1.0526	1.04985	1.0442	1.04458	1.06421	1.06542	1.06333	1.07021	1.09107	1.07055	1.09314	1.07118	1.07026	1.06391	1.05777	1.05811	1.07574	1.07224	1.07228	1.07431	1.06728	1.06933	1.09968	1.09888	1.10034	1.07013	1.0649	1.0649	1.08169	1.07956	1.07767
ERR608167-k20-n1-x5e9	0.966068	1.04855	0.986703	0.945033	0.94894	0.945344	0	0.792979	0.798154	0.776857	0.778204	0.778841	0.986141	0.998741	0.913842	0.909657	0.9101	0.909383	0.914223	0.908083	0.917537	0.869086	0.867305	0.869735	0.969318	0.977278	0.903034	0.9034	0.904092	0.90539	0.944188	0.922145	0.919648	0.913738	0.91683	0.915561	0.936634	0.905288	0.904168	0.927496	0.927917	0.930538	1.07103	1.07073	1.07474	1.05956	1.0631	1.06117	1.09866	1.08116	1.07674	1.09485	1.09628	1.09782	1.09694	1.09231	1.09234	1.13049	1.12993	1.12844	1.08703	1.07203	1.06358	1.06122	1.06044	1.07151	1.07637	1.07329	1.07158	1.09033	1.08888	1.08893	1.09188	1.1067	1.09209	1.11175	1.09274	1.09307	1.08955	1.08482	1.08455	1.09832	1.09698	1.09549	1.08997	1.08739	1.08713	1.12648	1.12474	1.12554	1.09316	1.08815	1.08705	1.10143	1.10007	1.09988
ERR608168-k20-n1-x5e9	0.960352	1.04367	0.982626	0.940746	0.942054	0.940007	0.792979	0	0.793329	0.770658	0.769347	0.770372	0.983928	0.997622	0.910042	0.907349	0.907015	0.906447	0.910425	0.906642	0.913333	0.864299	0.863591	0.864532	0.968212	0.976156	0.900631	0.901259	0.90095	0.902466	0.939124	0.914143	0.913397	0.905535	0.909009	0.908423	0.931322	0.901734	0.90008	0.921981	0.922834	0.923715	1.06792	1.06687	1.07251	1.05672	1.05877	1.05681	1.09444	1.07866	1.07289	1.09225	1.09209	1.0939	1.09181	1.08754	1.08815	1.12696	1.12635	1.12477	1.08318	1.06793	1.05797	1.05607	1.05502	1.06583	1.07279	1.06915	1.06721	1.08502	1.08613	1.08578	1.08971	1.10464	1.08896	1.1073	1.08956	1.09023	1.08532	1.0822	1.08071	1.09523	1.09265	1.09195	1.08711	1.08308	1.08386	1.12142	1.12099	1.12148	1.08997	1.08411	1.08287	1.0968	1.09669	1.09726
ERR608169-k20-n1-x5e9	0.965376	1.04963	0.986745	0.945276	0.948847	0.945321	0.798154	0.793329	0	0.777678	0.779334	0.779549	0.986509	0.999057	0.915002	0.911204	0.91209	0.91154	0.914102	0.908306	0.916862	0.869127	0.866665	0.869189	0.970302	0.977942	0.904562	0.905258	0.90588	0.907614	0.945758	0.922107	0.919201	0.913498	0.916583	0.915806	0.938618	0.905981	0.903354	0.92723	0.928336	0.930526	1.07188	1.07221	1.0754	1.0605	1.06367	1.06158	1.09958	1.08155	1.07698	1.09493	1.09656	1.09887	1.0968	1.0921	1.0922	1.12967	1.12927	1.12783	1.0878	1.07189	1.06332	1.06043	1.06004	1.0713	1.07697	1.07247	1.07101	1.0892	1.08807	1.08802	1.09239	1.10681	1.09203	1.11172	1.09235	1.09342	1.08952	1.0844	1.08467	1.09804	1.09627	1.09499	1.09026	1.0873	1.08673	1.12626	1.12506	1.12501	1.09337	1.08758	1.08703	1.10096	1.09941	1.09909
ERR608170-k20-n1-x5e9	0.926941	1.02684	0.95134	0.903208	0.903377	0.901943	0.776857	0.770658	0.777678	0	0.726451	0.728571	0.979845	0.996106	0.895493	0.892551	0.893931	0.893697	0.898322	0.89635	0.902906	0.833655	0.829902	0.834036	0.96592	0.979403	0.874857	0.879486	0.877752	0.878541	0.910897	0.87482	0.872482	0.873902	0.871929	0.870161	0.907532	0.876863	0.873046	0.891868	0.892793	0.892671	1.04396	1.04261	1.04749	1.03431	1.03652	1.03509	1.07152	1.05305	1.04615	1.06639	1.06857	1.06986	1.06938	1.06692	1.06826	1.09736	1.09719	1.09522	1.05682	1.043	1.03281	1.0302	1.02792	1.04231	1.04413	1.04389	1.04276	1.06185	1.0612	1.05991	1.06371	1.08433	1.0618	1.08909	1.0633	1.0633	1.06182	1.05394	1.05258	1.07351	1.07034	1.06985	1.06516	1.05916	1.05915	1.09279	1.09347	1.09311	1.06305	1.0563	1.05712	1.07275	1.07147	1.07113
ERR608171-k20-n1-x5e9	0.926695	1.02608	0.949744	0.90216	0.905752	0.902195	0.778204	0.769347	0.779334	0.726451	0	0.72435	0.978722	0.99456	0.894876	0.893826	0.892833	0.892299	0.896724	0.894263	0.902906	0.830002	0.831289	0.832081	0.96607	0.979527	0.875709	0.878502	0.877701	0.881195	0.911858	0.875877	0.871261	0.874568	0.871243	0.868685	0.909247	0.876529	0.873902	0.889823	0.892419	0.893439	1.04505	1.0419	1.0476	1.03414	1.03747	1.0355	1.07253	1.05442	1.0478	1.06771	1.06881	1.07092	1.06979	1.06787	1.06955	1.09896	1.09752	1.09527	1.05913	1.04271	1.03359	1.03116	1.02931	1.04291	1.04484	1.04438	1.04317	1.06258	1.06096	1.05995	1.06362	1.08474	1.06352	1.08987	1.06446	1.06428	1.06056	1.05384	1.05402	1.07501	1.07083	1.07018	1.06538	1.05925	1.05922	1.09281	1.09257	1.09256	1.0636	1.05798	1.05738	1.07334	1.07157	1.07153
ERR608172-k20-n1-x5e9	0.926969	1.02636	0.950221	0.904695	0.907038	0.902547	0.778841	0.770372	0.779549	0.728571	0.72435	0	0.978537	0.995512	0.897152	0.893589	0.894382	0.893937	0.898838	0.893882	0.901684	0.831772	0.830047	0.834714	0.965823	0.978861	0.87654	0.881125	0.879582	0.879307	0.913232	0.874214	0.873726	0.876011	0.873073	0.871117	0.91022	0.879348	0.875185	0.891359	0.894099	0.891746	1.04436	1.04287	1.04753	1.03519	1.03828	1.03712	1.07147	1.05436	1.04719	1.06698	1.06959	1.06972	1.07054	1.06896	1.07052	1.09883	1.09884	1.09615	1.05931	1.04301	1.03252	1.0314	1.02924	1.04299	1.04658	1.04322	1.0448	1.06289	1.06284	1.06171	1.06475	1.08531	1.06368	1.0894	1.06445	1.06372	1.06073	1.05485	1.05373	1.07504	1.07093	1.0696	1.06505	1.05904	1.06025	1.09331	1.09337	1.09325	1.06313	1.05883	1.05639	1.07348	1.07276	1.07244
ERR605781-k20-n1-x5e9	1.08874	1.13006	1.09856	1.07588	1.07835	1.07606	0.986141	0.983928	0.986509	0.979845	0.978722	0.978537	0	0.90328	0.888282	0.891731	0.89184	0.893648	0.96667	0.970201	0.965586	0.974911	0.973671	0.973804	0.972679	0.976183	0.963599	0.962422	0.963392	0.965173	1.10793	1.08953	1.08926	1.09024	1.08847	1.08808	1.0339	1.03046	1.03018	1.03582	1.03626	1.03717	1.17397	1.17316	1.17594	1.17068	1.17258	1.17132	1.21303	1.20331	1.20009	1.21035	1.21072	1.21137	1.21369	1.21105	1.21207	1.22949	1.22886	1.22762	1.20698	1.19814	1.19252	1.19206	1.19064	1.19821	1.19951	1.19855	1.19833	1.20759	1.20708	1.20636	1.20945	1.22048	1.20922	1.2231	1.20957	1.20984	1.2038	1.20125	1.20138	1.21077	1.20845	1.20835	1.20966	1.20632	1.20654	1.22658	1.22681	1.22616	1.20865	1.206	1.20558	1.21347	1.21268	1.21202
ERR605782-k20-n1-x5e9	1.10806	1.14461	1.11564	1.09696	1.09955	1.09731	0.998741	0.997622	0.999057	0.996106	0.99456	0.995512	0.90328	0	0.906971	0.908432	0.909536	0.910733	0.979062	0.981583	0.97679	0.991071	0.990355	0.99027	0.980294	0.982235	0.980107	0.978184	0.979529	0.980189	1.12235	1.10661	1.10585	1.10691	1.10486	1.10534	1.05098	1.04888	1.04797	1.05273	1.05301	1.0536	1.18567	1.18478	1.18683	1.18415	1.18564	1.18437	1.22186	1.21293	1.21051	1.21985	1.22031	1.22101	1.22364	1.22163	1.22181	1.23945	1.23913	1.23808	1.21606	1.20914	1.20452	1.20293	1.20228	1.20869	1.21085	1.20901	1.208	1.21955	1.21881	1.2185	1.21893	1.2306	1.2188	1.23271	1.2192	1.21913	1.21439	1.21113	1.21054	1.22102	1.21942	1.21928	1.22056	1.21771	1.21762	1.23631	1.23605	1.23595	1.21836	1.21712	1.21557	1.2243	1.22376	1.22354
ERR605783-k20-n1-x5e9	0.981503	1.05445	0.999023	0.963937	0.965647	0.964841	0.913842	0.910042	0.915002	0.895493	0.894876	0.897152	0.888282	0.906971	0	0.801294	0.802052	0.803785	0.915695	0.916332	0.916413	0.887361	0.88556	0.888089	0.939438	0.951939	0.882037	0.879773	0.881341	0.881552	1.00311	0.976607	0.97596	0.97402	0.972919	0.973135	0.952594	0.930673	0.927731	0.947533	0.947257	0.9477	1.10104	1.09918	1.10375	1.09216	1.09465	1.09276	1.13485	1.12267	1.11745	1.13225	1.13179	1.13302	1.1399	1.13459	1.13551	1.16325	1.16332	1.16265	1.12744	1.1166	1.10784	1.10725	1.10531	1.11467	1.11767	1.11751	1.11657	1.12812	1.1285	1.12727	1.13016	1.14762	1.13051	1.15117	1.1315	1.1311	1.1258	1.12184	1.12139	1.13707	1.13332	1.13277	1.13204	1.12643	1.12699	1.16062	1.16057	1.15958	1.12993	1.12681	1.12576	1.13616	1.1356	1.13545
ERR605784-k20-n1-x5e9	0.984203	1.05542	1.00045	0.963982	0.967482	0.965377	0.909657	0.907349	0.911204	0.892551	0.893826	0.893589	0.891731	0.908432	0.801294	0	0.794857	0.795036	0.916835	0.916561	0.918553	0.885962	0.88627	0.887657	0.936683	0.948803	0.878553	0.872977	0.873339	0.874712	1.00197	0.976752	0.973681	0.971839	0.971016	0.969923	0.95043	0.928802	0.927241	0.943619	0.944036	0.946136	1.10006	1.09844	1.102	1.09052	1.09309	1.09095	1.13322	1.12095	1.11585	1.13045	1.13111	1.13194	1.13815	1.13294	1.13335	1.16232	1.16203	1.16147	1.12621	1.11539	1.10653	1.10601	1.10459	1.11425	1.11662	1.11567	1.11447	1.12919	1.12808	1.12697	1.12865	1.14596	1.12938	1.1505	1.12942	1.12955	1.12377	1.12059	1.11984	1.13564	1.13292	1.13191	1.13074	1.12595	1.12464	1.1593	1.15898	1.15933	1.12905	1.12624	1.12501	1.13577	1.1348	1.13437
ERR605785-k20-n1-x5e9	0.982278	1.0534	0.999877	0.964574	0.966272	0.964597	0.9101	0.907015	0.91209	0.893931	0.892833	0.894382	0.89184	0.909536	0.802052	0.794857	0	0.795876	0.918114	0.918711	0.919543	0.887387	0.885686	0.888745	0.935941	0.947998	0.876946	0.87207	0.873535	0.874144	1.00012	0.97567	0.97573	0.972017	0.972793	0.971417	0.948704	0.929115	0.926063	0.944064	0.944573	0.943997	1.09947	1.0982	1.10301	1.0913	1.09285	1.09114	1.13092	1.11992	1.11468	1.12881	1.12896	1.13047	1.13662	1.13152	1.13206	1.16242	1.16252	1.1607	1.12377	1.11408	1.10619	1.10456	1.10262	1.11251	1.11513	1.11522	1.11377	1.12779	1.12817	1.12596	1.12834	1.14499	1.12784	1.14907	1.12801	1.129	1.12336	1.12023	1.11826	1.13493	1.13257	1.1318	1.12921	1.12405	1.12413	1.15873	1.15838	1.15788	1.12842	1.1251	1.1233	1.13553	1.13358	1.13406
ERR605786-k20-n1-x5e9	0.984084	1.05425	1.00086	0.965111	0.966891	0.965116	0.909383	0.906447	0.91154	0.893697	0.892299	0.893937	0.893648	0.910733	0.803785	0.795036	0.795876	0	0.918516	0.919257	0.920536	0.887261	0.885781	0.888868	0.935646	0.946732	0.876039	0.870482	0.871274	0.872467	0.999491	0.975941	0.975577	0.972086	0.972963	0.971339	0.948453	0.929785	0.926879	0.944761	0.945308	0.944572	1.09902	1.09739	1.10251	1.09069	1.09265	1.09099	1.13088	1.12002	1.11439	1.12913	1.12922	1.13055	1.13668	1.13161	1.13202	1.16227	1.16264	1.16096	1.12328	1.11407	1.10607	1.10464	1.10267	1.11246	1.11542	1.11546	1.11401	1.12825	1.12773	1.12636	1.12822	1.14511	1.12767	1.14902	1.12793	1.12872	1.12329	1.1202	1.11831	1.13509	1.13277	1.13212	1.1293	1.12402	1.12421	1.15916	1.15836	1.15825	1.12877	1.12525	1.12366	1.1357	1.13425	1.13441
ERR608811-k20-n1-x5e9	0.957914	1.04295	0.9773	0.942114	0.945126	0.944338	0.914223	0.910425	0.914102	0.898322	0.896724	0.898838	0.96667	0.979062	0.915695	0.916835	0.918114	0.918516	0	0.819716	0.822886	0.805879	0.80499	0.804071	0.98127	0.991087	0.93112	0.929108	0.930922	0.93282	0.983511	0.952814	0.953136	0.948902	0.94807	0.949463	0.962071	0.939231	0.936032	0.952401	0.952813	0.953731	1.0967	1.09647	1.09962	1.09084	1.09381	1.09183	1.13137	1.11559	1.11179	1.12581	1.12724	1.12832	1.13409	1.13076	1.13143	1.15498	1.15451	1.15316	1.11765	1.107	1.10076	1.09758	1.09745	1.10635	1.10657	1.10442	1.10374	1.12156	1.12142	1.12017	1.12091	1.14241	1.12054	1.14618	1.12276	1.12156	1.12162	1.11319	1.11323	1.13422	1.13109	1.13001	1.12783	1.12249	1.12243	1.1529	1.15233	1.15233	1.12215	1.11881	1.11807	1.13398	1.1321	1.13105
ERR608812-k20-n1-x5e9	0.946724	1.03613	0.969357	0.932766	0.934332	0.93351	0.908083	0.906642	0.908306	0.89635	0.894263	0.893882	0.970201	0.981583	0.916332	0.916561	0.918711	0.919257	0.819716	0	0.819558	0.791686	0.790776	0.79522	0.978293	0.989986	0.927224	0.928017	0.927742	0.930072	0.974537	0.945567	0.940627	0.939351	0.938086	0.938324	0.954028	0.930113	0.928557	0.946783	0.949331	0.948983	1.09236	1.09215	1.09523	1.08424	1.08694	1.08551	1.12531	1.10915	1.10614	1.11915	1.11948	1.12185	1.1279	1.12281	1.12444	1.14965	1.14947	1.1478	1.11406	1.10308	1.09301	1.08997	1.08903	1.10171	1.09957	1.09723	1.09702	1.11439	1.1133	1.1114	1.11469	1.1354	1.11373	1.14079	1.11601	1.11528	1.1134	1.1064	1.10779	1.127	1.12298	1.12105	1.12099	1.11398	1.11518	1.14762	1.14749	1.14722	1.11586	1.1122	1.1128	1.1257	1.12392	1.12341
ERR608813-k20-n1-x5e9	0.961856	1.0467	0.979319	0.948139	0.950006	0.947617	0.917537	0.913333	0.916862	0.902906	0.902906	0.901684	0.965586	0.97679	0.916413	0.918553	0.919543	0.920536	0.822886	0.819558	0	0.803621	0.803065	0.804136	0.983876	0.993152	0.934829	0.935572	0.936172	0.937879	0.988623	0.960067	0.955134	0.953358	0.954491	0.954837	0.964627	0.942221	0.939578	0.95573	0.957783	0.958997	1.09985	1.09902	1.10161	1.09404	1.09646	1.09403	1.13719	1.11886	1.1141	1.12924	1.13125	1.13371	1.13733	1.13253	1.13419	1.15701	1.15711	1.15591	1.12259	1.11051	1.10545	1.10211	1.1009	1.11003	1.10835	1.10554	1.10607	1.12539	1.12534	1.12402	1.12491	1.14594	1.12521	1.14964	1.12641	1.12541	1.12529	1.11697	1.11693	1.13629	1.13376	1.13256	1.13186	1.12671	1.12622	1.15493	1.15468	1.15446	1.12599	1.12065	1.12087	1.13699	1.13507	1.13452
ERR608814-k20-n1-x5e9	0.875739	0.98683	0.902093	0.847541	0.852286	0.847515	0.869086	0.864299	0.869127	0.833655	0.830002	0.831772	0.974911	0.991071	0.887361	0.885962	0.887387	0.887261	0.805879	0.791686	0.803621	0	0.71215	0.712804	0.967439	0.979321	0.871729	0.87309	0.872951	0.876398	0.899241	0.859549	0.857287	0.863695	0.856046	0.855144	0.899985	0.868962	0.867938	0.887326	0.886228	0.888511	1.0418	1.03971	1.04488	1.02892	1.0319	1.02882	1.07346	1.05326	1.04619	1.06604	1.06717	1.06919	1.07206	1.06502	1.068	1.09594	1.09599	1.09532	1.06149	1.04509	1.03447	1.02977	1.02943	1.04308	1.04708	1.04026	1.04013	1.05807	1.05734	1.0574	1.06131	1.08246	1.06154	1.08705	1.06239	1.0622	1.06167	1.05443	1.05444	1.07308	1.06956	1.06801	1.0656	1.06072	1.06174	1.09495	1.0949	1.09456	1.06313	1.06161	1.0596	1.07438	1.07083	1.07128
ERR608815-k20-n1-x5e9	0.877675	0.988662	0.902906	0.84915	0.850581	0.848711	0.867305	0.863591	0.866665	0.829902	0.831289	0.830047	0.973671	0.990355	0.88556	0.88627	0.885686	0.885781	0.80499	0.790776	0.803065	0.71215	0	0.708651	0.967715	0.978697	0.872684	0.874198	0.874489	0.874547	0.897469	0.858058	0.856941	0.860531	0.855279	0.853723	0.900718	0.86962	0.865259	0.885318	0.884188	0.887197	1.04155	1.04045	1.04468	1.02944	1.03306	1.03058	1.07362	1.05393	1.04619	1.06589	1.06805	1.07005	1.07187	1.0661	1.06658	1.0958	1.09534	1.09343	1.06228	1.04472	1.03399	1.03064	1.03002	1.04468	1.04713	1.04111	1.03958	1.05721	1.05764	1.05608	1.06219	1.08326	1.06137	1.08679	1.06298	1.06253	1.06159	1.0547	1.05377	1.07348	1.06858	1.069	1.06575	1.06142	1.06241	1.09452	1.09517	1.0945	1.06355	1.06147	1.06016	1.07473	1.07184	1.0708
ERR608816-k20-n1-x5e9	0.879122	0.98893	0.903671	0.850519	0.853809	0.852276	0.869735	0.864532	0.869189	0.834036	0.832081	0.834714	0.973804	0.99027	0.888089	0.887657	0.888745	0.888868	0.804071	0.79522	0.804136	0.712804	0.708651	0	0.969366	0.980174	0.87451	0.87524	0.87509	0.878054	0.900856	0.85917	0.858824	0.86254	0.85796	0.857596	0.903688	0.871536	0.867252	0.887508	0.888654	0.888062	1.04236	1.04181	1.04635	1.03108	1.03499	1.03228	1.07446	1.05463	1.04869	1.06812	1.0693	1.0711	1.07487	1.06816	1.06938	1.0976	1.09766	1.09589	1.06307	1.04525	1.03562	1.03236	1.03061	1.04549	1.04753	1.04259	1.04224	1.05948	1.05948	1.05839	1.06246	1.08423	1.06346	1.08836	1.06456	1.06361	1.06352	1.05591	1.0562	1.07533	1.0709	1.06937	1.06758	1.06306	1.0642	1.09572	1.09583	1.09633	1.06465	1.06124	1.0623	1.0745	1.07373	1.07333
ERR605793-k20-n1-x5e9	1.06603	1.12685	1.07622	1.05283	1.05619	1.05282	0.969318	0.968212	0.970302	0.96592	0.96607	0.965823	0.972679	0.980294	0.939438	0.936683	0.935941	0.935646	0.98127	0.978293	0.983876	0.967439	0.967715	0.969366	0	0.915672	0.852322	0.853668	0.852605	0.854873	1.05848	1.04632	1.045	1.04232	1.04228	1.04217	1.03233	1.01644	1.015	1.03187	1.03196	1.0331	1.14733	1.14572	1.15005	1.14538	1.14735	1.14573	1.18175	1.16589	1.16271	1.18024	1.18071	1.18201	1.1777	1.17539	1.17543	1.19835	1.19755	1.19652	1.16923	1.15588	1.15056	1.15021	1.14879	1.1549	1.15969	1.15672	1.15521	1.17433	1.17379	1.17339	1.17274	1.18499	1.1726	1.18759	1.17227	1.17132	1.16951	1.16549	1.16447	1.17911	1.17657	1.17632	1.17443	1.17091	1.17129	1.19374	1.19236	1.19259	1.1719	1.16768	1.16559	1.18023	1.18011	1.17961
ERR605794-k20-n1-x5e9	1.0785	1.13703	1.09283	1.06604	1.06907	1.06643	0.977278	0.976156	0.977942	0.979403	0.979527	0.978861	0.976183	0.982235	0.951939	0.948803	0.947998	0.946732	0.991087	0.989986	0.993152	0.979321	0.978697	0.980174	0.915672	0	0.869658	0.865532	0.865368	0.866506	1.07145	1.06317	1.06092	1.0592	1.05942	1.05817	1.04054	1.0297	1.02802	1.04408	1.0431	1.04535	1.15957	1.15716	1.16151	1.15478	1.15634	1.15483	1.19057	1.17807	1.17329	1.18937	1.1901	1.19143	1.18619	1.18454	1.18488	1.20717	1.20747	1.20637	1.1792	1.16787	1.16089	1.15976	1.15911	1.16688	1.17196	1.1696	1.16816	1.18429	1.18394	1.18334	1.18185	1.19356	1.18182	1.19601	1.18212	1.18172	1.18025	1.17602	1.17508	1.18736	1.18667	1.18551	1.18304	1.18167	1.18072	1.20302	1.20353	1.20293	1.18246	1.17965	1.17773	1.18936	1.18961	1.18927
ERR605795-k20-n1-x5e9	0.958202	1.04542	0.978847	0.935576	0.940769	0.934838	0.903034	0.900631	0.904562	0.874857	0.875709	0.87654	0.963599	0.980107	0.882037	0.878553	0.876946	0.876039	0.93112	0.927224	0.934829	0.871729	0.872684	0.87451	0.852322	0.869658	0	0.732988	0.731531	0.732293	0.950801	0.925852	0.92485	0.925063	0.924194	0.92268	0.948387	0.926167	0.921929	0.937019	0.936503	0.93835	1.07022	1.06799	1.07398	1.06557	1.06695	1.06465	1.10265	1.08863	1.08407	1.10214	1.10215	1.10398	1.09853	1.09638	1.09518	1.12758	1.12657	1.12538	1.08748	1.07642	1.06613	1.06542	1.06343	1.07496	1.07554	1.07428	1.0726	1.09539	1.09438	1.09275	1.0921	1.1104	1.09253	1.11254	1.09232	1.09026	1.08936	1.08464	1.08298	1.10366	1.10096	1.10024	1.09443	1.08916	1.08967	1.12126	1.12007	1.1195	1.09126	1.08744	1.08483	1.10247	1.102	1.10084
ERR605796-k20-n1-x5e9	0.963926	1.04655	0.982246	0.941622	0.944849	0.942955	0.9034	0.901259	0.905258	0.879486	0.878502	0.881125	0.962422	0.978184	0.879773	0.872977	0.87207	0.870482	0.929108	0.928017	0.935572	0.87309	0.874198	0.87524	0.853668	0.865532	0.732988	0	0.724151	0.728946	0.954189	0.932188	0.930616	0.928769	0.927503	0.92576	0.948303	0.93097	0.926482	0.936918	0.936736	0.938147	1.07341	1.0713	1.07687	1.06502	1.06844	1.06614	1.10364	1.08854	1.08774	1.10241	1.10476	1.10624	1.09919	1.0985	1.09696	1.13154	1.13174	1.12899	1.08994	1.07801	1.07017	1.0694	1.06759	1.07898	1.07918	1.07769	1.07465	1.10028	1.09976	1.09844	1.09349	1.10895	1.09306	1.11384	1.09249	1.09197	1.09308	1.08685	1.08576	1.10475	1.10371	1.10299	1.09666	1.09406	1.09192	1.12485	1.12324	1.12406	1.09401	1.09067	1.08737	1.10577	1.10542	1.10568
ERR605797-k20-n1-x5e9	0.964402	1.04624	0.983552	0.941147	0.946829	0.94283	0.904092	0.90095	0.90588	0.877752	0.877701	0.879582	0.963392	0.979529	0.881341	0.873339	0.873535	0.871274	0.930922	0.927742	0.936172	0.872951	0.874489	0.87509	0.852605	0.865368	0.731531	0.724151	0	0.725715	0.953567	0.931702	0.931071	0.928799	0.927712	0.928209	0.947591	0.932344	0.927793	0.939222	0.93704	0.93874	1.07391	1.07128	1.07742	1.06602	1.06843	1.06642	1.10242	1.0874	1.08544	1.1018	1.10279	1.10412	1.09866	1.09703	1.09673	1.13103	1.13113	1.12888	1.08855	1.07758	1.06966	1.06773	1.06581	1.07719	1.07878	1.07754	1.07508	1.09965	1.09912	1.09763	1.09183	1.10852	1.09225	1.1129	1.0913	1.09094	1.09216	1.08747	1.08485	1.10346	1.10362	1.10204	1.09665	1.09264	1.0919	1.12327	1.12219	1.12379	1.09296	1.09079	1.08613	1.10472	1.10487	1.1042
ERR605798-k20-n1-x5e9	0.964671	1.04641	0.984533	0.94358	0.945799	0.94263	0.90539	0.902466	0.907614	0.878541	0.881195	0.879307	0.965173	0.980189	0.881552	0.874712	0.874144	0.872467	0.93282	0.930072	0.937879	0.876398	0.874547	0.878054	0.854873	0.866506	0.732293	0.728946	0.725715	0	0.954443	0.934783	0.931298	0.929738	0.927692	0.927819	0.946655	0.932435	0.927518	0.940454	0.937679	0.940705	1.07306	1.07099	1.07686	1.06592	1.06882	1.06669	1.10249	1.08842	1.08549	1.10223	1.10391	1.10593	1.09863	1.09752	1.09709	1.13167	1.13148	1.12973	1.08871	1.07977	1.06928	1.06876	1.06652	1.07886	1.07983	1.07762	1.07582	1.10132	1.1004	1.0991	1.09263	1.10895	1.09344	1.11338	1.09218	1.09233	1.09207	1.0887	1.08544	1.10431	1.10398	1.10421	1.0979	1.09233	1.09194	1.12392	1.12282	1.12362	1.09479	1.09159	1.08798	1.10667	1.10558	1.10583
ERR608457-k20-n1-x5e9	0.918019	1.00916	0.940766	0.894534	0.897221	0.895534	0.944188	0.939124	0.945758	0.910897	0.911858	0.913232	1.10793	1.12235	1.00311	1.00197	1.00012	0.999491	0.983511	0.974537	0.988623	0.899241	0.897469	0.900856	1.05848	1.07145	0.950801	0.954189	0.953567	0.954443	0	0.799917	0.796473	0.790669	0.795348	0.796652	0.9517	0.91467	0.911357	0.934155	0.93496	0.935585	1.06127	1.06138	1.06548	1.05063	1.05337	1.05183	1.08434	1.06759	1.0639	1.08205	1.08458	1.08532	1.08274	1.0777	1.07748	1.1176	1.11717	1.11576	1.07841	1.06142	1.05294	1.05163	1.05075	1.06123	1.06231	1.05901	1.0575	1.07567	1.07597	1.07496	1.08023	1.09376	1.0794	1.09883	1.07993	1.08023	1.07291	1.06825	1.06901	1.08319	1.08132	1.0798	1.07804	1.07684	1.07575	1.11653	1.1148	1.11648	1.0816	1.07728	1.07393	1.08972	1.08814	1.08914
ERR608458-k20-n1-x5e9	0.877749	0.993629	0.906593	0.851759	0.856869	0.851558	0.922145	0.914143	0.922107	0.87482	0.875877	0.874214	1.08953	1.10661	0.976607	0.976752	0.97567	0.975941	0.952814	0.945567	0.960067	0.859549	0.858058	0.85917	1.04632	1.06317	0.925852	0.932188	0.931702	0.934783	0.799917	0	0.737109	0.74651	0.741688	0.738983	0.927645	0.881238	0.878122	0.895481	0.898236	0.898796	1.04133	1.03839	1.04334	1.03019	1.03472	1.03208	1.06791	1.04724	1.04032	1.06027	1.06152	1.0634	1.05805	1.05559	1.05883	1.08619	1.0852	1.08239	1.05439	1.03575	1.02602	1.02345	1.02143	1.03583	1.03243	1.03117	1.03206	1.04859	1.04671	1.04665	1.05369	1.07617	1.05482	1.0813	1.05545	1.05472	1.04712	1.03926	1.04181	1.06198	1.0555	1.05545	1.05684	1.05029	1.05179	1.08403	1.08445	1.0842	1.05362	1.04738	1.04751	1.06277	1.06057	1.06026
ERR608459-k20-n1-x5e9	0.873424	0.99421	0.902628	0.846117	0.849933	0.845214	0.919648	0.913397	0.919201	0.872482	0.871261	0.873726	1.08926	1.10585	0.97596	0.973681	0.97573	0.975577	0.953136	0.940627	0.955134	0.857287	0.856941	0.858824	1.045	1.06092	0.92485	0.930616	0.931071	0.931298	0.796473	0.737109	0	0.757238	0.74271	0.740518	0.922013	0.875055	0.872822	0.895804	0.89624	0.894841	1.03872	1.0373	1.04014	1.02625	1.02901	1.02699	1.06442	1.04225	1.03629	1.05691	1.05789	1.0594	1.05871	1.05067	1.05403	1.08126	1.08213	1.07966	1.05239	1.0329	1.02175	1.0173	1.01722	1.03224	1.03406	1.02574	1.02682	1.04369	1.04229	1.0425	1.04974	1.07195	1.0501	1.07753	1.05241	1.05189	1.0453	1.03543	1.038	1.05622	1.05236	1.0509	1.05282	1.04872	1.05041	1.08301	1.08367	1.08368	1.05024	1.04578	1.04613	1.06056	1.05697	1.05733
ERR608460-k20-n1-x5e9	0.866978	0.990901	0.900364	0.846969	0.84776	0.84543	0.913738	0.905535	0.913498	0.873902	0.874568	0.876011	1.09024	1.10691	0.97402	0.971839	0.972017	0.972086	0.948902	0.939351	0.953358	0.863695	0.860531	0.86254	1.04232	1.0592	0.925063	0.928769	0.928799	0.929738	0.790669	0.74651	0.757238	0	0.74701	0.746762	0.919683	0.871172	0.868365	0.896573	0.895205	0.895875	1.03707	1.03588	1.04074	1.02526	1.02832	1.02596	1.06205	1.03999	1.03191	1.05464	1.05542	1.05749	1.05282	1.04944	1.04962	1.08221	1.08196	1.08025	1.05107	1.02943	1.0172	1.01361	1.01205	1.02851	1.02902	1.0238	1.02341	1.04148	1.04175	1.0414	1.04861	1.07058	1.04885	1.07314	1.0496	1.05111	1.04321	1.03794	1.03733	1.05506	1.05138	1.05004	1.05147	1.04502	1.04649	1.0826	1.08185	1.08237	1.0504	1.04357	1.04287	1.05782	1.05576	1.05638
ERR608461-k20-n1-x5e9	0.869464	0.990581	0.901363	0.845057	0.849439	0.842736	0.91683	0.909009	0.916583	0.871929	0.871243	0.873073	1.08847	1.10486	0.972919	0.971016	0.972793	0.972963	0.94807	0.938086	0.954491	0.856046	0.855279	0.85796	1.04228	1.05942	0.924194	0.927503	0.927712	0.927692	0.795348	0.741688	0.74271	0.74701	0	0.743296	0.916584	0.871308	0.866506	0.89282	0.894251	0.892062	1.03631	1.03443	1.03995	1.02343	1.02657	1.0248	1.06098	1.04039	1.03314	1.05422	1.05493	1.05683	1.05464	1.04762	1.04956	1.0803	1.081	1.07933	1.04938	1.03077	1.02002	1.01604	1.0148	1.0289	1.02878	1.02436	1.02399	1.04297	1.04206	1.04137	1.0484	1.06921	1.04704	1.07357	1.04971	1.04896	1.0429	1.0351	1.03601	1.05501	1.05174	1.05053	1.05184	1.04591	1.04697	1.0818	1.08243	1.08131	1.04816	1.0434	1.04297	1.05768	1.05623	1.05645
ERR608462-k20-n1-x5e9	0.871393	0.990181	0.899898	0.844041	0.847597	0.845481	0.915561	0.908423	0.915806	0.870161	0.868685	0.871117	1.08808	1.10534	0.973135	0.969923	0.971417	0.971339	0.949463	0.938324	0.954837	0.855144	0.853723	0.857596	1.04217	1.05817	0.92268	0.92576	0.928209	0.927819	0.796652	0.738983	0.740518	0.746762	0.743296	0	0.917476	0.872778	0.867279	0.893226	0.892744	0.890985	1.03675	1.03557	1.0384	1.02311	1.02775	1.02427	1.06	1.0405	1.03239	1.05436	1.0551	1.05643	1.05558	1.04777	1.04997	1.08176	1.08066	1.07992	1.04955	1.03097	1.01997	1.01769	1.01573	1.03	1.03039	1.02579	1.02412	1.04397	1.04324	1.04185	1.04791	1.06983	1.04875	1.07426	1.04973	1.04841	1.04334	1.03554	1.03648	1.05532	1.05114	1.05044	1.0518	1.0457	1.04717	1.08236	1.08131	1.08294	1.04796	1.04485	1.04374	1.05873	1.05677	1.05706
ERR605952-k20-n1-x5e9	0.945476	1.01946	0.961177	0.925955	0.927608	0.926098	0.936634	0.931322	0.938618	0.907532	0.909247	0.91022	1.0339	1.05098	0.952594	0.95043	0.948704	0.948453	0.962071	0.954028	0.964627	0.899985	0.900718	0.903688	1.03233	1.04054	0.948387	0.948303	0.947591	0.946655	0.9517	0.927645	0.922013	0.919683	0.916584	0.917476	0	0.738388	0.739713	0.756852	0.756364	0.758795	1.08377	1.08164	1.08592	1.07393	1.07646	1.07478	1.05875	1.04235	1.03751	1.05803	1.06044	1.06227	1.05272	1.05116	1.05075	1.09305	1.09391	1.08995	1.03661	1.02987	1.0247	1.02235	1.02092	1.02894	1.02586	1.02592	1.02375	1.04572	1.04447	1.04358	1.03939	1.05012	1.03888	1.05418	1.03741	1.03727	1.03701	1.03232	1.02905	1.04743	1.04606	1.0446	1.04311	1.04121	1.03971	1.08	1.0779	1.08001	1.04584	1.04366	1.03971	1.05767	1.05913	1.05999
ERR605953-k20-n1-x5e9	0.903103	1.00967	0.926801	0.894353	0.897338	0.895652	0.905288	0.901734	0.905981	0.876863	0.876529	0.879348	1.03046	1.04888	0.930673	0.928802	0.929115	0.929785	0.939231	0.930113	0.942221	0.868962	0.86962	0.871536	1.01644	1.0297	0.926167	0.93097	0.932344	0.932435	0.91467	0.881238	0.875055	0.871172	0.871308	0.872778	0.738388	0	0.668847	0.709442	0.711319	0.710539	1.05942	1.05743	1.0608	1.049	1.05039	1.04998	1.03497	1.0091	1.00203	1.02979	1.03103	1.03163	1.02299	1.01859	1.01938	1.05817	1.05862	1.05449	1.01006	0.989957	0.980413	0.978563	0.977583	0.988856	0.988697	0.986072	0.983903	1.00995	1.00877	1.00639	1.00442	1.02077	1.00459	1.02405	1.00608	1.005	1.00583	0.997198	0.999568	1.01605	1.01348	1.01294	1.01358	1.0092	1.01021	1.04955	1.04751	1.04939	1.01283	1.00512	1.00541	1.02566	1.0227	1.02262
ERR605954-k20-n1-x5e9	0.900801	1.0088	0.923267	0.889906	0.893605	0.890057	0.904168	0.90008	0.903354	0.873046	0.873902	0.875185	1.03018	1.04797	0.927731	0.927241	0.926063	0.926879	0.936032	0.928557	0.939578	0.867938	0.865259	0.867252	1.015	1.02802	0.921929	0.926482	0.927793	0.927518	0.911357	0.878122	0.872822	0.868365	0.866506	0.867279	0.739713	0.668847	0	0.707818	0.708249	0.709161	1.05683	1.05496	1.05887	1.04774	1.04956	1.04691	1.03424	1.00845	0.999233	1.02836	1.02994	1.0306	1.02111	1.01619	1.01662	1.05662	1.05618	1.05223	1.00807	0.986676	0.978822	0.976962	0.975329	0.986887	0.98703	0.984192	0.98205	1.00681	1.00625	1.00494	1.00235	1.02116	1.00285	1.02417	1.00432	1.00372	1.00333	0.996931	0.996839	1.01469	1.01313	1.01305	1.01318	1.00709	1.00834	1.04764	1.04554	1.04687	1.01123	1.00432	1.00417	1.0229	1.02092	1.02129
ERR605955-k20-n1-x5e9	0.921296	1.01597	0.942708	0.898083	0.901462	0.899749	0.927496	0.921981	0.92723	0.891868	0.889823	0.891359	1.03582	1.05273	0.947533	0.943619	0.944064	0.944761	0.952401	0.946783	0.95573	0.887326	0.885318	0.887508	1.03187	1.04408	0.937019	0.936918	0.939222	0.940454	0.934155	0.895481	0.895804	0.896573	0.89282	0.893226	0.756852	0.709442	0.707818	0	0.719781	0.717675	1.06845	1.06713	1.07058	1.05964	1.06316	1.06101	1.04995	1.03099	1.02491	1.04499	1.04647	1.04681	1.0405	1.03538	1.03811	1.0694	1.07013	1.06701	1.02529	1.01318	1.00381	1.00157	0.999359	1.01246	1.00904	1.00837	1.0082	1.0231	1.02176	1.02065	1.02005	1.03735	1.02108	1.04194	1.02129	1.02173	1.01969	1.01364	1.01502	1.03163	1.02849	1.02785	1.02803	1.02362	1.02369	1.06158	1.06137	1.0609	1.02919	1.02494	1.02462	1.03969	1.0385	1.03876
ERR605956-k20-n1-x5e9	0.9213	1.01448	0.944137	0.900705	0.901904	0.90169	0.927917	0.922834	0.928336	0.892793	0.892419	0.894099	1.03626	1.05301	0.947257	0.944036	0.944573	0.945308	0.952813	0.949331	0.957783	0.886228	0.884188	0.888654	1.03196	1.0431	0.936503	0.936736	0.93704	0.937679	0.93496	0.898236	0.89624	0.895205	0.894251	0.892744	0.756364	0.711319	0.708249	0.719781	0	0.715924	1.0684	1.06756	1.0718	1.06237	1.06386	1.06299	1.05036	1.03217	1.02523	1.04515	1.0457	1.04854	1.03967	1.03741	1.03798	1.07059	1.07177	1.06853	1.02309	1.01459	1.00412	1.00322	1.00074	1.01213	1.00787	1.01049	1.00878	1.02479	1.02499	1.02212	1.02138	1.03926	1.02065	1.04383	1.0214	1.02198	1.02144	1.01562	1.01456	1.03262	1.03076	1.02943	1.02984	1.02335	1.02433	1.06208	1.06173	1.06172	1.03015	1.02508	1.02483	1.04027	1.03927	1.03963
ERR605957-k20-n1-x5e9	0.92126	1.0151	0.942854	0.900857	0.904592	0.901243	0.930538	0.923715	0.930526	0.892671	0.893439	0.891746	1.03717	1.0536	0.9477	0.946136	0.943997	0.944572	0.953731	0.948983	0.958997	0.888511	0.887197	0.888062	1.0331	1.04535	0.93835	0.938147	0.93874	0.940705	0.935585	0.898796	0.894841	0.895875	0.892062	0.890985	0.758795	0.710539	0.709161	0.717675	0.715924	0	1.0698	1.06779	1.0714	1.06166	1.06514	1.0631	1.05117	1.03357	1.02687	1.04648	1.04742	1.04909	1.03914	1.03807	1.03952	1.07209	1.07157	1.06788	1.02561	1.01399	1.00509	1.00376	1.00166	1.01367	1.00861	1.01009	1.0103	1.02541	1.02414	1.02353	1.02152	1.03891	1.02226	1.04382	1.02215	1.02199	1.02056	1.01526	1.0171	1.03527	1.03055	1.03023	1.02993	1.0241	1.02522	1.06191	1.0617	1.06218	1.03024	1.02578	1.02512	1.04048	1.03954	1.03908
ERR607561-k20-n1-x5e9	1.06452	1.12568	1.07934	1.04627	1.0476	1.04649	1.07103	1.06792	1.07188	1.04396	1.04505	1.04436	1.17397	1.18567	1.10104	1.10006	1.09947	1.09902	1.0967	1.09236	1.09985	1.0418	1.04155	1.04236	1.14733	1.15957	1.07022	1.07341	1.07391	1.07306	1.06127	1.04133	1.03872	1.03707	1.03631	1.03675	1.08377	1.05942	1.05683	1.06845	1.0684	1.0698	0	0.745935	0.744395	0.728381	0.730719	0.73028	1.11352	1.09304	1.08652	1.09968	1.10263	1.10526	1.12793	1.11894	1.12075	1.14431	1.14367	1.14234	1.15086	1.14304	1.13481	1.1333	1.13272	1.14183	1.14313	1.14107	1.14007	1.15468	1.15452	1.15338	1.15279	1.16909	1.1524	1.17284	1.15279	1.15285	1.14862	1.14494	1.14482	1.16139	1.15833	1.1579	1.15687	1.1518	1.15237	1.18178	1.1819	1.18242	1.15163	1.15021	1.14852	1.16011	1.15808	1.15849
ERR607562-k20-n1-x5e9	1.06184	1.12404	1.07764	1.04382	1.04517	1.04394	1.07073	1.06687	1.07221	1.04261	1.0419	1.04287	1.17316	1.18478	1.09918	1.09844	1.0982	1.09739	1.09647	1.09215	1.09902	1.03971	1.04045	1.04181	1.14572	1.15716	1.06799	1.0713	1.07128	1.07099	1.06138	1.03839	1.0373	1.03588	1.03443	1.03557	1.08164	1.05743	1.05496	1.06713	1.06756	1.06779	0.745935	0	0.741538	0.725115	0.724898	0.724351	1.11202	1.09218	1.08503	1.09917	1.10095	1.10313	1.12457	1.11578	1.11874	1.1417	1.14237	1.14186	1.15049	1.1408	1.13388	1.13115	1.13142	1.13998	1.14086	1.13999	1.13958	1.15254	1.1521	1.14994	1.15055	1.16734	1.151	1.17023	1.15138	1.15198	1.14767	1.14319	1.14357	1.15855	1.15583	1.15513	1.15379	1.14933	1.14899	1.18026	1.18045	1.18051	1.15037	1.14811	1.14705	1.15703	1.15638	1.156
ERR607563-k20-n1-x5e9	1.06547	1.1283	1.08079	1.0479	1.05064	1.04791	1.07474	1.07251	1.0754	1.04749	1.0476	1.04753	1.17594	1.18683	1.10375	1.102	1.10301	1.10251	1.09962	1.09523	1.10161	1.04488	1.04468	1.04635	1.15005	1.16151	1.07398	1.07687	1.07742	1.07686	1.06548	1.04334	1.04014	1.04074	1.03995	1.0384	1.08592	1.0608	1.05887	1.07058	1.0718	1.0714	0.744395	0.741538	0	0.722578	0.723931	0.722609	1.1152	1.09599	1.08742	1.10149	1.10302	1.10618	1.12809	1.11907	1.12231	1.14415	1.14478	1.14291	1.15396	1.14451	1.13696	1.1345	1.13389	1.14317	1.14478	1.14253	1.14194	1.15576	1.15487	1.15449	1.15389	1.17118	1.15449	1.174	1.15458	1.15531	1.15082	1.14749	1.14621	1.16246	1.15955	1.15837	1.15856	1.15323	1.15281	1.1831	1.18286	1.18377	1.15376	1.15199	1.15003	1.16101	1.15957	1.15912
ERR607564-k20-n1-x5e9	1.05054	1.11874	1.06733	1.03486	1.03703	1.03525	1.05956	1.05672	1.0605	1.03431	1.03414	1.03519	1.17068	1.18415	1.09216	1.09052	1.0913	1.09069	1.09084	1.08424	1.09404	1.02892	1.02944	1.03108	1.14538	1.15478	1.06557	1.06502	1.06602	1.06592	1.05063	1.03019	1.02625	1.02526	1.02343	1.02311	1.07393	1.049	1.04774	1.05964	1.06237	1.06166	0.728381	0.725115	0.722578	0	0.694435	0.696439	1.10665	1.08173	1.07516	1.09229	1.09363	1.09677	1.11021	1.10434	1.10661	1.13252	1.13242	1.13039	1.14359	1.13134	1.12558	1.12337	1.12167	1.12996	1.13226	1.12994	1.12835	1.14324	1.14279	1.14258	1.14449	1.15845	1.14351	1.16093	1.14557	1.14393	1.1429	1.13646	1.13579	1.15032	1.14751	1.14709	1.14657	1.14403	1.14303	1.1698	1.16887	1.16978	1.14258	1.13929	1.13823	1.151	1.15103	1.15054
