	ERR605363-k20-n1-x5e9	ERR605364-k20-n1-x5e9	ERR605365-k20-n1-x5e9	ERR605366-k20-n1-x5e9	ERR605367-k20-n1-x5e9	ERR605368-k20-n1-x5e9	ERR609837-k20-n1-x5e9	ERR609838-k20-n1-x5e9	ERR609839-k20-n1-x5e9	ERR609840-k20-n1-x5e9	ERR609841-k20-n1-x5e9	ERR609842-k20-n1-x5e9	ERR605521-k20-n1-x5e9	ERR605522-k20-n1-x5e9	ERR605523-k20-n1-x5e9	ERR605524-k20-n1-x5e9	ERR605525-k20-n1-x5e9	ERR605526-k20-n1-x5e9	ERR610087-k20-n1-x5e9	ERR610088-k20-n1-x5e9	ERR610089-k20-n1-x5e9	ERR610090-k20-n1-x5e9	ERR610091-k20-n1-x5e9	ERR610092-k20-n1-x5e9	ERR605399-k20-n1-x5e9	ERR605400-k20-n1-x5e9	ERR605401-k20-n1-x5e9	ERR605402-k20-n1-x5e9	ERR605403-k20-n1-x5e9	ERR605404-k20-n1-x5e9	ERR606660-k20-n1-x5e9	ERR606661-k20-n1-x5e9	ERR606662-k20-n1-x5e9	ERR606663-k20-n1-x5e9	ERR606664-k20-n1-x5e9	ERR606665-k20-n1-x5e9	ERR605647-k20-n1-x5e9	ERR605648-k20-n1-x5e9	ERR605649-k20-n1-x5e9	ERR605650-k20-n1-x5e9	ERR605651-k20-n1-x5e9	ERR605652-k20-n1-x5e9	ERR607373-k20-n1-x5e9	ERR607374-k20-n1-x5e9	ERR607375-k20-n1-x5e9	ERR607376-k20-n1-x5e9	ERR607377-k20-n1-x5e9	ERR607378-k20-n1-x5e9	ERR605485-k20-n1-x5e9	ERR605486-k20-n1-x5e9	ERR605487-k20-n1-x5e9	ERR605488-k20-n1-x5e9	ERR605489-k20-n1-x5e9	ERR605490-k20-n1-x5e9	ERR608365-k20-n1-x5e9	ERR608366-k20-n1-x5e9	ERR608367-k20-n1-x5e9	ERR608368-k20-n1-x5e9	ERR608369-k20-n1-x5e9	ERR608370-k20-n1-x5e9	ERR608395-k20-n1-x5e9	ERR608396-k20-n1-x5e9	ERR608397-k20-n1-x5e9	ERR608398-k20-n1-x5e9	ERR608399-k20-n1-x5e9	ERR608400-k20-n1-x5e9	ERR607983-k20-n1-x5e9	ERR607984-k20-n1-x5e9	ERR607985-k20-n1-x5e9	ERR607986-k20-n1-x5e9	ERR607987-k20-n1-x5e9	ERR607988-k20-n1-x5e9	ERR608057-k20-n1-x5e9	ERR608058-k20-n1-x5e9	ERR608059-k20-n1-x5e9	ERR608060-k20-n1-x5e9	ERR608061-k20-n1-x5e9	ERR608062-k20-n1-x5e9	ERR608371-k20-n1-x5e9	ERR608372-k20-n1-x5e9	ERR608373-k20-n1-x5e9	ERR608374-k20-n1-x5e9	ERR608375-k20-n1-x5e9	ERR608376-k20-n1-x5e9	ERR605683-k20-n1-x5e9	ERR605684-k20-n1-x5e9	ERR605685-k20-n1-x5e9	ERR605686-k20-n1-x5e9	ERR605687-k20-n1-x5e9	ERR605688-k20-n1-x5e9	ERR607311-k20-n1-x5e9	ERR607312-k20-n1-x5e9	ERR607313-k20-n1-x5e9	ERR607314-k20-n1-x5e9	ERR607315-k20-n1-x5e9	ERR607316-k20-n1-x5e9
ERR605363-k20-n1-x5e9	0	0.421035	0.26602	0.269831	0.26907	0.269252	0.384255	0.376483	0.381128	0.449992	0.440031	0.439187	0.351836	0.348531	0.346731	0.345881	0.349112	0.346442	0.437582	0.323313	0.626097	0.330783	0.343363	0.340407	0.344212	0.440525	0.345748	0.338401	0.339522	0.339208	0.527846	0.398813	0.394391	0.398922	0.410947	0.408872	0.366216	0.365283	0.3669	0.360241	0.38255	0.378396	0.383848	0.389386	0.396756	0.388251	0.387581	0.387154	0.535338	0.532975	0.530093	0.532494	0.533571	0.532829	0.533893	0.526335	0.52711	0.52928	0.529785	0.525985	0.526044	0.502091	0.499259	0.500146	0.49948	0.503886	0.574572	0.569146	0.570112	0.582831	0.583657	0.582392	0.963365	0.958895	0.958532	0.960318	0.958375	0.958939	0.529735	0.524121	0.5262	0.53378	0.532344	0.531492	0.504255	0.50679	0.507914	0.506019	0.547331	0.540317	0.511031	0.507905	0.512905	0.517194	0.513791	0.511947
ERR605364-k20-n1-x5e9	0.421035	0	0.392749	0.385291	0.386993	0.386605	0.43347	0.448898	0.480108	0.638459	0.623783	0.622265	0.511496	0.496048	0.477747	0.491162	0.4972	0.491128	0.346465	0.467723	0.469246	0.498442	0.449368	0.451969	0.487056	0.354082	0.461848	0.448216	0.452704	0.449963	0.503825	0.551563	0.538797	0.530392	0.569392	0.565179	0.514027	0.496643	0.491293	0.481054	0.505615	0.498698	0.480258	0.556723	0.5699	0.556336	0.555135	0.554697	0.677123	0.670905	0.661885	0.669874	0.671906	0.670049	0.615506	0.638373	0.649021	0.651712	0.653509	0.637083	0.569107	0.581518	0.594426	0.596374	0.598226	0.583594	0.677419	0.677948	0.678265	0.654168	0.65643	0.652937	0.982306	0.991923	0.99542	0.994892	0.993239	0.994015	0.640769	0.644875	0.645249	0.632474	0.633734	0.634037	0.603257	0.593744	0.591072	0.572936	0.58081	0.578608	0.596992	0.607215	0.611202	0.576177	0.579436	0.582991
ERR605365-k20-n1-x5e9	0.26602	0.392749	0	0.264963	0.264935	0.264681	0.373482	0.369225	0.378462	0.474796	0.462543	0.46134	0.364632	0.357569	0.350449	0.353626	0.357842	0.354126	0.413208	0.330675	0.602345	0.344454	0.339618	0.337878	0.352114	0.417647	0.345614	0.337739	0.339531	0.338633	0.510733	0.410336	0.403584	0.404591	0.424571	0.42172	0.375366	0.370121	0.369127	0.361898	0.38468	0.379577	0.379974	0.405326	0.415087	0.405033	0.40368	0.403193	0.55166	0.548106	0.543213	0.547236	0.548571	0.547408	0.535512	0.535406	0.538623	0.54102	0.541787	0.534798	0.52023	0.503608	0.50418	0.505216	0.504923	0.505526	0.582111	0.578202	0.578783	0.584702	0.585785	0.584002	0.961719	0.960045	0.960523	0.961817	0.959914	0.960596	0.537783	0.534537	0.535834	0.53977	0.538845	0.538305	0.509924	0.509928	0.509813	0.505298	0.540727	0.534469	0.513246	0.513344	0.517702	0.51491	0.51271	0.511926
ERR605366-k20-n1-x5e9	0.269831	0.385291	0.264963	0	0.262058	0.262143	0.376372	0.373658	0.386864	0.485225	0.473955	0.472889	0.37278	0.365692	0.358277	0.36109	0.365606	0.361169	0.405136	0.332884	0.595795	0.349276	0.347057	0.345214	0.359019	0.414321	0.352196	0.340766	0.343218	0.342456	0.519082	0.420975	0.4138	0.415489	0.436454	0.433647	0.385004	0.379585	0.378338	0.369485	0.396941	0.391482	0.388219	0.413579	0.422771	0.412459	0.411396	0.411113	0.560052	0.556792	0.552177	0.555635	0.557032	0.555887	0.542718	0.541887	0.545067	0.547015	0.547942	0.541277	0.52545	0.50784	0.508916	0.509677	0.509647	0.509925	0.590477	0.58608	0.587159	0.590888	0.592203	0.590456	0.965038	0.962688	0.963062	0.964434	0.962642	0.963219	0.54591	0.542071	0.544289	0.546686	0.545527	0.544949	0.517368	0.51736	0.517298	0.510482	0.548474	0.54188	0.519105	0.518985	0.524701	0.51809	0.515899	0.515286
ERR605367-k20-n1-x5e9	0.26907	0.386993	0.264935	0.262058	0	0.261823	0.377397	0.374335	0.386971	0.483662	0.472309	0.471401	0.37204	0.365305	0.357918	0.360578	0.365076	0.360919	0.407372	0.332669	0.597955	0.348716	0.347014	0.345271	0.35827	0.416127	0.351938	0.340562	0.343084	0.341973	0.520053	0.420008	0.413028	0.414912	0.435421	0.432626	0.384563	0.379329	0.378541	0.369649	0.396682	0.391275	0.388078	0.412451	0.421783	0.411387	0.410452	0.410123	0.559118	0.55591	0.551497	0.554769	0.556155	0.555084	0.54262	0.541283	0.544407	0.546418	0.547325	0.540713	0.525299	0.50733	0.508266	0.509001	0.509038	0.509414	0.589823	0.585394	0.586405	0.590836	0.592174	0.590276	0.965068	0.962606	0.962887	0.964278	0.962445	0.963055	0.545363	0.541415	0.543634	0.546357	0.54513	0.544638	0.517099	0.51736	0.517351	0.510983	0.549063	0.54231	0.518537	0.518168	0.523856	0.517798	0.515597	0.514913
ERR605368-k20-n1-x5e9	0.269252	0.386605	0.264681	0.262143	0.261823	0	0.376665	0.373804	0.386204	0.483245	0.471915	0.470887	0.371513	0.364262	0.357171	0.359906	0.364327	0.36019	0.407232	0.332993	0.597735	0.348877	0.347058	0.345104	0.358012	0.415622	0.351435	0.340788	0.342605	0.341922	0.518873	0.419177	0.412104	0.414146	0.434586	0.431872	0.383722	0.378374	0.377221	0.368675	0.395463	0.390018	0.387233	0.411781	0.421041	0.411036	0.409807	0.409407	0.558311	0.555028	0.550537	0.553916	0.555375	0.554159	0.54155	0.540525	0.543658	0.545708	0.546621	0.539993	0.524538	0.506826	0.507726	0.508301	0.508419	0.508802	0.588661	0.584352	0.585265	0.589647	0.590766	0.589076	0.964598	0.962208	0.962529	0.963852	0.962069	0.962638	0.54432	0.540504	0.542615	0.545335	0.544155	0.543559	0.51624	0.516436	0.51604	0.509947	0.548036	0.541323	0.517744	0.517628	0.523104	0.517241	0.514902	0.514281
ERR609837-k20-n1-x5e9	0.384255	0.43347	0.373482	0.376372	0.377397	0.376665	0	0.258911	0.273019	0.460108	0.437792	0.434981	0.350111	0.336741	0.322055	0.333722	0.337223	0.333713	0.396517	0.360599	0.57591	0.378901	0.346156	0.347531	0.337567	0.368097	0.320109	0.318825	0.319373	0.317883	0.403631	0.362644	0.350212	0.3422	0.381537	0.376907	0.354141	0.340573	0.335641	0.331576	0.346291	0.341206	0.333543	0.390782	0.404458	0.391393	0.389936	0.389775	0.546464	0.537035	0.524114	0.535713	0.538503	0.535666	0.478332	0.493811	0.503874	0.508032	0.509272	0.492921	0.472114	0.468942	0.474825	0.477182	0.478036	0.471103	0.529836	0.531783	0.53206	0.517851	0.51824	0.516258	0.931775	0.939632	0.942752	0.942408	0.941042	0.94175	0.484836	0.492267	0.491184	0.477137	0.479191	0.479479	0.447794	0.441342	0.439591	0.433053	0.449374	0.445586	0.482312	0.488123	0.487787	0.482372	0.482692	0.482283
ERR609838-k20-n1-x5e9	0.376483	0.448898	0.369225	0.373658	0.374335	0.373804	0.258911	0	0.260986	0.436389	0.413925	0.411018	0.332938	0.320879	0.309048	0.318856	0.321527	0.318758	0.41334	0.351729	0.593705	0.366023	0.34092	0.341737	0.323553	0.383339	0.310465	0.311481	0.311184	0.309935	0.41141	0.343669	0.332383	0.326006	0.361339	0.357154	0.338006	0.326779	0.323158	0.320014	0.332695	0.327956	0.326974	0.372952	0.386167	0.373883	0.372543	0.372026	0.530581	0.521368	0.508794	0.520212	0.522813	0.520025	0.471731	0.482408	0.490924	0.49505	0.495907	0.481702	0.472794	0.46422	0.467221	0.469814	0.469909	0.466215	0.518054	0.519352	0.51976	0.51155	0.51152	0.509969	0.931016	0.937188	0.939734	0.939682	0.938226	0.938943	0.472216	0.478668	0.477592	0.466385	0.468291	0.468544	0.436871	0.432432	0.431285	0.428326	0.449982	0.444787	0.475935	0.479741	0.479093	0.480808	0.480321	0.478834
ERR609839-k20-n1-x5e9	0.381128	0.480108	0.378462	0.386864	0.386971	0.386204	0.273019	0.260986	0	0.40442	0.380318	0.377214	0.317388	0.308673	0.300914	0.308098	0.309216	0.308007	0.447023	0.353571	0.622949	0.359706	0.341102	0.341261	0.314308	0.411613	0.307371	0.314265	0.312978	0.312277	0.418118	0.320027	0.310909	0.305482	0.333292	0.329389	0.32272	0.31511	0.313206	0.314005	0.316512	0.314145	0.321375	0.353737	0.366115	0.355176	0.353841	0.353185	0.51027	0.501113	0.489076	0.500412	0.502709	0.500176	0.464279	0.470159	0.476517	0.481353	0.481434	0.469425	0.476626	0.463251	0.463084	0.466071	0.465252	0.465027	0.501553	0.50291	0.502579	0.504616	0.503481	0.502839	0.929065	0.933875	0.936092	0.936262	0.934711	0.935456	0.45509	0.461352	0.458995	0.452689	0.454912	0.455246	0.424893	0.423254	0.422819	0.427335	0.450852	0.445431	0.470869	0.472993	0.470024	0.484235	0.483202	0.48057
ERR609840-k20-n1-x5e9	0.449992	0.638459	0.474796	0.485225	0.483662	0.483245	0.460108	0.436389	0.40442	0	0.247583	0.248818	0.372649	0.388472	0.406719	0.392098	0.387079	0.392596	0.616271	0.425825	0.773629	0.393519	0.454927	0.449962	0.39399	0.59023	0.420964	0.432114	0.428228	0.430254	0.593829	0.366666	0.37979	0.395629	0.35366	0.357034	0.397591	0.41661	0.423335	0.430067	0.421886	0.425396	0.445574	0.365347	0.357567	0.365692	0.366387	0.366188	0.466439	0.470514	0.476979	0.471598	0.470065	0.471366	0.548822	0.507674	0.492939	0.494754	0.491514	0.50906	0.587411	0.544173	0.526384	0.526745	0.523042	0.545091	0.531005	0.521945	0.521942	0.584593	0.581385	0.58423	0.968429	0.956205	0.953168	0.956236	0.95466	0.954875	0.491989	0.478754	0.478415	0.513003	0.510135	0.508472	0.4957	0.512202	0.516624	0.538763	0.587979	0.579538	0.536318	0.521727	0.520143	0.572679	0.565312	0.559138
ERR609841-k20-n1-x5e9	0.440031	0.623783	0.462543	0.473955	0.472309	0.471915	0.437792	0.413925	0.380318	0.247583	0	0.240698	0.356535	0.370675	0.387225	0.374165	0.369289	0.374643	0.600835	0.414531	0.759737	0.384632	0.437692	0.433114	0.377362	0.571453	0.402198	0.414824	0.410871	0.412831	0.570073	0.348236	0.359993	0.374246	0.335717	0.338638	0.37875	0.39586	0.402087	0.409635	0.399199	0.402819	0.424001	0.352586	0.347742	0.353553	0.354048	0.353619	0.461835	0.463459	0.466837	0.464353	0.46327	0.464058	0.531352	0.494721	0.482287	0.484835	0.481606	0.495762	0.570442	0.52986	0.513503	0.514269	0.510615	0.530616	0.516533	0.509185	0.508628	0.567344	0.564064	0.566732	0.960416	0.950398	0.948076	0.950756	0.949147	0.949459	0.475994	0.465917	0.464159	0.495281	0.493397	0.492048	0.478578	0.493814	0.49788	0.520222	0.566985	0.558788	0.522711	0.509734	0.506831	0.55883	0.552184	0.546125
ERR609842-k20-n1-x5e9	0.439187	0.622265	0.46134	0.472889	0.471401	0.470887	0.434981	0.411018	0.377214	0.248818	0.240698	0	0.354586	0.368231	0.384836	0.372106	0.367101	0.372538	0.599034	0.413574	0.758117	0.38384	0.435611	0.431277	0.375431	0.569231	0.400076	0.412874	0.408886	0.410611	0.567117	0.346002	0.357621	0.371483	0.333672	0.336313	0.376481	0.393393	0.399625	0.407175	0.396348	0.399951	0.421697	0.351627	0.34708	0.35254	0.353064	0.35254	0.461731	0.463127	0.466096	0.463934	0.462996	0.463634	0.529623	0.493715	0.481499	0.484221	0.480932	0.494643	0.568719	0.528536	0.512302	0.513214	0.50956	0.529333	0.515042	0.507903	0.50727	0.56553	0.562313	0.564922	0.95959	0.949799	0.947563	0.950203	0.94862	0.948916	0.474369	0.464556	0.462765	0.493443	0.491692	0.490314	0.476766	0.491776	0.495853	0.518203	0.564542	0.55642	0.521283	0.508707	0.505668	0.557472	0.550919	0.54488
ERR605521-k20-n1-x5e9	0.351836	0.511496	0.364632	0.37278	0.37204	0.371513	0.350111	0.332938	0.317388	0.372649	0.356535	0.354586	0	0.247359	0.256094	0.24992	0.248446	0.249696	0.492586	0.340231	0.671358	0.333219	0.358483	0.356073	0.302826	0.461337	0.31485	0.320184	0.317697	0.318871	0.498821	0.324894	0.323908	0.330049	0.331831	0.330515	0.305804	0.309911	0.313733	0.314515	0.321183	0.320415	0.348426	0.326071	0.33137	0.325786	0.324907	0.324405	0.480295	0.474876	0.469057	0.474741	0.476158	0.474441	0.479985	0.464359	0.464239	0.467785	0.46725	0.464281	0.505307	0.473945	0.465203	0.466674	0.464849	0.475368	0.503534	0.499972	0.500804	0.519586	0.518515	0.518659	0.940731	0.937415	0.937265	0.938785	0.936998	0.937541	0.457274	0.455302	0.456023	0.460344	0.460001	0.459549	0.437762	0.443508	0.44598	0.455868	0.500051	0.492064	0.477666	0.471069	0.471884	0.499031	0.494359	0.489974
ERR605522-k20-n1-x5e9	0.348531	0.496048	0.357569	0.365692	0.365305	0.364262	0.336741	0.320879	0.308673	0.388472	0.370675	0.368231	0.247359	0	0.250731	0.24848	0.247932	0.248217	0.477912	0.339195	0.657606	0.336801	0.35014	0.348485	0.300154	0.44476	0.307867	0.312558	0.310463	0.311627	0.484799	0.327413	0.324049	0.327402	0.335946	0.333951	0.305304	0.305325	0.30828	0.308412	0.315498	0.314016	0.341061	0.332799	0.340434	0.332512	0.331504	0.330843	0.487917	0.48138	0.474357	0.481457	0.483179	0.481212	0.476423	0.466532	0.468437	0.472257	0.472112	0.466116	0.497756	0.47048	0.46371	0.465576	0.4641	0.471728	0.505554	0.503071	0.503767	0.516701	0.515775	0.515742	0.938421	0.936919	0.937339	0.938529	0.936714	0.937276	0.45964	0.459505	0.45955	0.460787	0.46106	0.460906	0.436331	0.439735	0.442	0.449905	0.489885	0.482333	0.47579	0.471107	0.471732	0.494173	0.490519	0.4867
ERR605523-k20-n1-x5e9	0.346731	0.477747	0.350449	0.358277	0.357918	0.357171	0.322055	0.309048	0.300914	0.406719	0.387225	0.384836	0.256094	0.250731	0	0.25046	0.251195	0.250428	0.458989	0.337733	0.640265	0.340377	0.343625	0.34269	0.301143	0.425459	0.301689	0.30539	0.303791	0.30447	0.467999	0.33307	0.327335	0.328692	0.344733	0.34184	0.308218	0.304711	0.304329	0.303933	0.313352	0.31129	0.332445	0.341344	0.35097	0.341724	0.340333	0.339905	0.497963	0.490612	0.481303	0.48985	0.491885	0.489672	0.473142	0.469481	0.473767	0.477366	0.477618	0.468903	0.489122	0.466592	0.462679	0.464386	0.463248	0.468028	0.507709	0.506388	0.506862	0.513785	0.513181	0.512588	0.935712	0.93624	0.937281	0.938078	0.936436	0.937087	0.461969	0.463747	0.463492	0.461353	0.461978	0.461933	0.436868	0.438384	0.438853	0.44389	0.480392	0.473333	0.47281	0.470515	0.470914	0.487768	0.484871	0.481658
ERR605524-k20-n1-x5e9	0.345881	0.491162	0.353626	0.36109	0.360578	0.359906	0.333722	0.318856	0.308098	0.392098	0.374165	0.372106	0.24992	0.24848	0.25046	0	0.246336	0.246594	0.471815	0.335757	0.653165	0.334126	0.348879	0.347153	0.300144	0.440664	0.306225	0.309136	0.307685	0.308381	0.483128	0.329418	0.325715	0.329625	0.339617	0.337461	0.306457	0.306707	0.307935	0.306977	0.317346	0.315384	0.338542	0.332709	0.340405	0.332327	0.331711	0.3311	0.490403	0.484147	0.476168	0.483132	0.484983	0.482872	0.475582	0.466368	0.468585	0.472162	0.472114	0.465809	0.495679	0.468388	0.462262	0.463712	0.462328	0.469743	0.505969	0.5035	0.504241	0.515944	0.515077	0.514746	0.938334	0.936751	0.937251	0.938383	0.936686	0.937257	0.459414	0.459355	0.459874	0.46026	0.460163	0.460068	0.4374	0.441022	0.442243	0.448616	0.4901	0.482615	0.473783	0.469418	0.470454	0.490927	0.487304	0.48358
ERR605525-k20-n1-x5e9	0.349112	0.4972	0.357842	0.365606	0.365076	0.364327	0.337223	0.321527	0.309216	0.387079	0.369289	0.367101	0.248446	0.247932	0.251195	0.246336	0	0.246552	0.477869	0.338154	0.657931	0.335181	0.351173	0.349408	0.300521	0.445753	0.307835	0.31209	0.309655	0.310979	0.485308	0.327522	0.324417	0.328678	0.336728	0.334885	0.304884	0.306111	0.307896	0.307746	0.31605	0.314624	0.339237	0.330371	0.337773	0.330158	0.329218	0.329007	0.486413	0.480177	0.472418	0.479239	0.480933	0.479022	0.474409	0.464039	0.465797	0.469245	0.469109	0.463379	0.496353	0.468289	0.461613	0.463174	0.461649	0.469699	0.502931	0.500376	0.501092	0.514303	0.513308	0.513155	0.937792	0.936077	0.936484	0.937669	0.935979	0.93655	0.456718	0.456297	0.456664	0.457916	0.45798	0.45774	0.435194	0.439432	0.440611	0.448439	0.490243	0.482458	0.473191	0.468109	0.469142	0.491788	0.487898	0.483938
ERR605526-k20-n1-x5e9	0.346442	0.491128	0.354126	0.361169	0.360919	0.36019	0.333713	0.318758	0.308007	0.392596	0.374643	0.372538	0.249696	0.248217	0.250428	0.246594	0.246552	0	0.471687	0.33554	0.652745	0.334016	0.348653	0.347054	0.300687	0.440388	0.306251	0.309425	0.307505	0.308611	0.482957	0.330036	0.326007	0.329905	0.340151	0.33814	0.306366	0.306587	0.307898	0.306966	0.317344	0.315288	0.337993	0.332462	0.340239	0.332264	0.331357	0.330817	0.490786	0.48455	0.476757	0.483452	0.4853	0.483196	0.475748	0.46652	0.468861	0.472286	0.472291	0.46597	0.495712	0.468609	0.462486	0.463818	0.462448	0.469904	0.50599	0.503481	0.504284	0.515731	0.514936	0.514719	0.938026	0.936539	0.937046	0.938238	0.936557	0.937117	0.459562	0.4595	0.459917	0.460163	0.460267	0.460153	0.437562	0.44125	0.442322	0.448889	0.490085	0.482811	0.473731	0.469353	0.470328	0.490871	0.487122	0.483675
ERR610087-k20-n1-x5e9	0.437582	0.346465	0.413208	0.405136	0.407372	0.407232	0.396517	0.41334	0.447023	0.616271	0.600835	0.599034	0.492586	0.477912	0.458989	0.471815	0.477869	0.471687	0	0.407974	0.446911	0.442961	0.394546	0.396941	0.471333	0.364711	0.446105	0.432208	0.436134	0.433909	0.486806	0.522438	0.509013	0.501627	0.54215	0.537953	0.498314	0.482028	0.475995	0.46567	0.493034	0.486039	0.448165	0.526725	0.540039	0.526428	0.525221	0.525047	0.663794	0.657306	0.647256	0.655583	0.657849	0.655655	0.585867	0.609848	0.62128	0.623988	0.626058	0.608815	0.539237	0.551463	0.565464	0.567163	0.569646	0.554182	0.649225	0.650304	0.650998	0.623611	0.626004	0.622432	0.969296	0.979767	0.98346	0.982938	0.981605	0.982356	0.610275	0.615549	0.616354	0.600407	0.601434	0.60192	0.57504	0.565206	0.561657	0.541198	0.55217	0.549734	0.570644	0.582005	0.58613	0.548405	0.551166	0.554667
ERR610088-k20-n1-x5e9	0.323313	0.467723	0.330675	0.332884	0.332669	0.332993	0.360599	0.351729	0.353571	0.425825	0.414531	0.413574	0.340231	0.339195	0.337733	0.335757	0.338154	0.33554	0.407974	0	0.612192	0.261709	0.289572	0.28579	0.342204	0.451347	0.344887	0.339367	0.340142	0.340268	0.511354	0.373558	0.369445	0.37523	0.386402	0.384304	0.361167	0.36221	0.363201	0.357989	0.379488	0.375879	0.363762	0.365166	0.372049	0.364496	0.364115	0.364099	0.528068	0.525177	0.521338	0.524056	0.525264	0.52412	0.515606	0.50612	0.506495	0.508737	0.509089	0.506348	0.512661	0.486777	0.483396	0.484015	0.483343	0.489096	0.55153	0.546756	0.548005	0.562455	0.562549	0.561841	0.955408	0.951425	0.951173	0.952991	0.951378	0.951868	0.503626	0.498922	0.50123	0.50748	0.505763	0.505275	0.482866	0.486956	0.487628	0.487167	0.531216	0.523683	0.497187	0.494364	0.498595	0.505834	0.501818	0.499422
ERR610089-k20-n1-x5e9	0.626097	0.469246	0.602345	0.595795	0.597955	0.597735	0.57591	0.593705	0.622949	0.773629	0.759737	0.758117	0.671358	0.657606	0.640265	0.653165	0.657931	0.652745	0.446911	0.612192	0	0.640835	0.588964	0.592187	0.65094	0.489171	0.626714	0.616608	0.619844	0.617669	0.571015	0.69105	0.679171	0.669799	0.70671	0.70304	0.671794	0.655949	0.64996	0.642229	0.660268	0.654735	0.621341	0.698777	0.710477	0.698823	0.697754	0.697379	0.796679	0.789964	0.779752	0.78865	0.790736	0.788528	0.710809	0.743637	0.756538	0.759171	0.761205	0.742243	0.657238	0.685388	0.702706	0.704896	0.707246	0.687208	0.772295	0.775844	0.775595	0.73891	0.741084	0.737506	1.01306	1.03201	1.03741	1.03572	1.03463	1.03547	0.745636	0.753831	0.753262	0.733654	0.735979	0.736601	0.71288	0.699869	0.695452	0.67304	0.658328	0.659889	0.702162	0.716583	0.718735	0.674251	0.679559	0.684634
ERR610090-k20-n1-x5e9	0.330783	0.498442	0.344454	0.349276	0.348716	0.348877	0.378901	0.366023	0.359706	0.393519	0.384632	0.38384	0.333219	0.336801	0.340377	0.334126	0.335181	0.334016	0.442961	0.261709	0.640835	0	0.301351	0.296398	0.342188	0.479461	0.351797	0.349816	0.34979	0.349957	0.526226	0.362137	0.361693	0.370397	0.371128	0.36984	0.356345	0.361969	0.364519	0.361575	0.378475	0.375872	0.369927	0.349957	0.353932	0.349463	0.3492	0.349412	0.509272	0.507848	0.505772	0.50659	0.507475	0.506701	0.514382	0.497254	0.494573	0.496417	0.496389	0.497471	0.520715	0.488971	0.481907	0.482287	0.480641	0.491039	0.541401	0.535353	0.536587	0.560837	0.560325	0.560204	0.956419	0.950136	0.949157	0.951339	0.949768	0.950147	0.49315	0.486234	0.48842	0.500538	0.498267	0.497422	0.478326	0.485243	0.486585	0.490841	0.538825	0.530743	0.495814	0.489925	0.493353	0.511255	0.506177	0.502664
ERR610091-k20-n1-x5e9	0.343363	0.449368	0.339618	0.347057	0.347014	0.347058	0.346156	0.34092	0.341102	0.454927	0.437692	0.435611	0.358483	0.35014	0.343625	0.348879	0.351173	0.348653	0.394546	0.289572	0.588964	0.301351	0	0.257686	0.352863	0.42507	0.345061	0.345098	0.346065	0.344755	0.468061	0.382784	0.374255	0.368595	0.390037	0.38655	0.371727	0.36394	0.364517	0.361912	0.364228	0.361291	0.351621	0.390076	0.402823	0.390191	0.389141	0.388431	0.544867	0.538905	0.532659	0.539206	0.540287	0.539188	0.510646	0.518261	0.522822	0.526835	0.527099	0.516411	0.500363	0.49123	0.493037	0.495826	0.494687	0.491659	0.556775	0.555734	0.554344	0.561646	0.561129	0.560054	0.94949	0.952229	0.953856	0.954543	0.952345	0.953126	0.511542	0.512746	0.51049	0.513138	0.515545	0.515266	0.485033	0.483103	0.484237	0.483353	0.502511	0.497256	0.501465	0.504512	0.503271	0.506953	0.507985	0.506739
ERR610092-k20-n1-x5e9	0.340407	0.451969	0.337878	0.345214	0.345271	0.345104	0.347531	0.341737	0.341261	0.449962	0.433114	0.431277	0.356073	0.348485	0.34269	0.347153	0.349408	0.347054	0.396941	0.28579	0.592187	0.296398	0.257686	0	0.351043	0.428818	0.344189	0.344239	0.345192	0.343712	0.47184	0.380244	0.372119	0.3675	0.387439	0.384194	0.370191	0.362809	0.363784	0.361045	0.364251	0.361369	0.351461	0.386944	0.399196	0.387018	0.386077	0.385344	0.541715	0.536013	0.530037	0.536295	0.537409	0.536117	0.510528	0.516489	0.520504	0.524424	0.524609	0.514573	0.500925	0.490358	0.491818	0.494203	0.493038	0.490872	0.555095	0.55384	0.552505	0.561265	0.560546	0.559704	0.949901	0.952002	0.953421	0.954254	0.952034	0.952831	0.509559	0.510422	0.508232	0.511767	0.513802	0.513643	0.483958	0.482638	0.48376	0.483117	0.504752	0.499215	0.50051	0.503012	0.502059	0.506446	0.50749	0.505888
ERR605399-k20-n1-x5e9	0.344212	0.487056	0.352114	0.359019	0.35827	0.358012	0.337567	0.323553	0.314308	0.39399	0.377362	0.375431	0.302826	0.300154	0.301143	0.300144	0.300521	0.300687	0.471333	0.342204	0.65094	0.342188	0.352863	0.351043	0	0.414097	0.264529	0.268982	0.267372	0.268188	0.479279	0.328853	0.32558	0.32861	0.338138	0.336272	0.313535	0.313806	0.315891	0.315065	0.324111	0.321983	0.337991	0.33527	0.343331	0.335182	0.334262	0.333925	0.49148	0.485846	0.479367	0.485585	0.487002	0.485347	0.486194	0.477067	0.478149	0.481617	0.481509	0.476928	0.499201	0.472937	0.467553	0.469196	0.468069	0.474949	0.515055	0.512039	0.512557	0.527876	0.526974	0.526719	0.941923	0.939893	0.940218	0.941423	0.939802	0.940267	0.469662	0.468346	0.468613	0.472588	0.472187	0.471868	0.444747	0.448414	0.450098	0.456089	0.495281	0.488105	0.478272	0.47432	0.47507	0.494944	0.491098	0.487702
ERR605400-k20-n1-x5e9	0.440525	0.354082	0.417647	0.414321	0.416127	0.415622	0.368097	0.383339	0.411613	0.59023	0.571453	0.569231	0.461337	0.44476	0.425459	0.440664	0.445753	0.440388	0.364711	0.451347	0.489171	0.479461	0.42507	0.428818	0.414097	0	0.386256	0.377467	0.380393	0.378187	0.428837	0.491935	0.478641	0.467636	0.509026	0.504921	0.460156	0.441428	0.435356	0.427659	0.44588	0.439626	0.425383	0.506678	0.520701	0.506441	0.504944	0.504572	0.635378	0.626878	0.615167	0.625893	0.628323	0.625846	0.564386	0.590514	0.602291	0.605975	0.60767	0.58898	0.528898	0.543068	0.555949	0.558347	0.560128	0.545245	0.623337	0.625808	0.625803	0.599842	0.601362	0.598168	0.958568	0.970938	0.975125	0.974044	0.972624	0.973409	0.586563	0.594074	0.593182	0.576212	0.578545	0.579159	0.546833	0.535966	0.533527	0.517762	0.516794	0.515916	0.557428	0.567973	0.569089	0.541772	0.545194	0.547948
ERR605401-k20-n1-x5e9	0.345748	0.461848	0.345614	0.352196	0.351938	0.351435	0.320109	0.310465	0.307371	0.420964	0.402198	0.400076	0.31485	0.307867	0.301689	0.306225	0.307835	0.306251	0.446105	0.344887	0.626714	0.351797	0.345061	0.344189	0.264529	0.386256	0	0.263768	0.262906	0.262651	0.456705	0.340913	0.334145	0.333283	0.352881	0.350083	0.321511	0.316303	0.315477	0.313782	0.323969	0.321028	0.331082	0.352277	0.362965	0.352499	0.351438	0.350797	0.508228	0.501486	0.492671	0.500694	0.502418	0.500494	0.486468	0.486038	0.490122	0.493594	0.493967	0.48536	0.490672	0.472261	0.471195	0.472848	0.4722	0.474179	0.522682	0.521155	0.521421	0.52819	0.52785	0.52697	0.939363	0.940568	0.941834	0.942526	0.940932	0.94148	0.478091	0.479475	0.479067	0.478219	0.478702	0.478662	0.449364	0.450036	0.450271	0.452314	0.484563	0.478378	0.479091	0.478793	0.479139	0.490407	0.488043	0.485681
ERR605402-k20-n1-x5e9	0.338401	0.448216	0.337739	0.340766	0.340562	0.340788	0.318825	0.311481	0.314265	0.432114	0.414824	0.412874	0.320184	0.312558	0.30539	0.309136	0.31209	0.309425	0.432208	0.339367	0.616608	0.349816	0.345098	0.344239	0.268982	0.377467	0.263768	0	0.259446	0.259618	0.463691	0.351688	0.344745	0.344858	0.366155	0.363205	0.329418	0.323602	0.3225	0.317801	0.33576	0.331249	0.33626	0.359039	0.369341	0.358226	0.35742	0.357086	0.517164	0.510953	0.502649	0.509766	0.511689	0.509657	0.492024	0.491581	0.496053	0.498964	0.49989	0.491083	0.492042	0.473209	0.472898	0.47439	0.474198	0.475478	0.532105	0.530054	0.530827	0.533989	0.534148	0.532891	0.94237	0.942954	0.944064	0.944796	0.943265	0.943796	0.487361	0.487718	0.488511	0.486141	0.48619	0.486017	0.457031	0.457341	0.457406	0.456058	0.491071	0.484688	0.482012	0.481697	0.483807	0.489239	0.486865	0.484995
ERR605403-k20-n1-x5e9	0.339522	0.452704	0.339531	0.343218	0.343084	0.342605	0.319373	0.311184	0.312978	0.428228	0.410871	0.408886	0.317697	0.310463	0.303791	0.307685	0.309655	0.307505	0.436134	0.340142	0.619844	0.34979	0.346065	0.345192	0.267372	0.380393	0.262906	0.259446	0	0.259063	0.463592	0.348766	0.342139	0.342013	0.362603	0.360148	0.326662	0.321505	0.320437	0.315922	0.333015	0.329039	0.335181	0.356319	0.366498	0.355783	0.354614	0.354291	0.513369	0.50722	0.498977	0.506064	0.507833	0.505858	0.489996	0.488813	0.49299	0.49607	0.496705	0.488031	0.491135	0.471804	0.471091	0.472351	0.472055	0.474057	0.528615	0.526638	0.527419	0.531529	0.531562	0.530557	0.941518	0.942027	0.9431	0.943883	0.942363	0.942874	0.483779	0.484272	0.484956	0.48283	0.482776	0.482755	0.45374	0.454376	0.454313	0.4538	0.489289	0.482765	0.48024	0.47953	0.481431	0.488431	0.485907	0.484025
ERR605404-k20-n1-x5e9	0.339208	0.449963	0.338633	0.342456	0.341973	0.341922	0.317883	0.309935	0.312277	0.430254	0.412831	0.410611	0.318871	0.311627	0.30447	0.308381	0.310979	0.308611	0.433909	0.340268	0.617669	0.349957	0.344755	0.343712	0.268188	0.378187	0.262651	0.259618	0.259063	0	0.461397	0.349487	0.342253	0.341939	0.363526	0.360802	0.327742	0.322155	0.320933	0.316577	0.333383	0.329011	0.334977	0.357913	0.368264	0.357499	0.356287	0.355955	0.51554	0.50918	0.500698	0.507923	0.509781	0.507917	0.49078	0.490555	0.494889	0.498111	0.498698	0.489746	0.491513	0.472861	0.472558	0.473781	0.473472	0.474901	0.53029	0.528291	0.528998	0.53267	0.532805	0.531475	0.941817	0.942502	0.943647	0.944356	0.942785	0.943369	0.485382	0.48603	0.486525	0.484417	0.484526	0.484318	0.454951	0.455062	0.455124	0.454188	0.488715	0.482602	0.481166	0.480935	0.482625	0.488961	0.486568	0.484743
ERR606660-k20-n1-x5e9	0.527846	0.503825	0.510733	0.519082	0.520053	0.518873	0.403631	0.41141	0.418118	0.593829	0.570073	0.567117	0.498821	0.484799	0.467999	0.483128	0.485308	0.482957	0.486806	0.511354	0.571015	0.526226	0.468061	0.47184	0.479279	0.428837	0.456705	0.463691	0.463592	0.461397	0	0.454955	0.441268	0.423649	0.467108	0.462231	0.49139	0.475032	0.468334	0.47035	0.463374	0.461215	0.441184	0.521197	0.53611	0.523887	0.522703	0.521658	0.638719	0.628298	0.612808	0.627234	0.629672	0.627071	0.557047	0.589414	0.601666	0.606619	0.606957	0.587584	0.540459	0.562554	0.574184	0.578116	0.578159	0.563401	0.600027	0.60689	0.604247	0.586447	0.585779	0.583975	0.945888	0.965365	0.97096	0.968951	0.967977	0.968823	0.567888	0.581607	0.575153	0.560786	0.565656	0.566713	0.535404	0.523495	0.519343	0.51481	0.486275	0.489245	0.568419	0.581295	0.573764	0.566782	0.571028	0.572121
ERR606661-k20-n1-x5e9	0.398813	0.551563	0.410336	0.420975	0.420008	0.419177	0.362644	0.343669	0.320027	0.366666	0.348236	0.346002	0.324894	0.327413	0.33307	0.329418	0.327522	0.330036	0.522438	0.373558	0.69105	0.362137	0.382784	0.380244	0.328853	0.491935	0.340913	0.351688	0.348766	0.349487	0.454955	0	0.243291	0.251806	0.246201	0.245442	0.337121	0.342533	0.345355	0.350486	0.346306	0.347168	0.359973	0.336738	0.341966	0.337993	0.337704	0.336876	0.482918	0.477478	0.470422	0.477129	0.478293	0.476912	0.487807	0.472133	0.470265	0.474111	0.472673	0.472105	0.517019	0.488376	0.4794	0.481344	0.479162	0.48963	0.498557	0.496019	0.495796	0.523601	0.521666	0.52258	0.940013	0.937682	0.937707	0.939051	0.937509	0.938069	0.454385	0.453773	0.451944	0.461514	0.461786	0.461491	0.431352	0.438592	0.440228	0.455212	0.494992	0.487613	0.488992	0.483539	0.480707	0.514625	0.51058	0.505743
ERR606662-k20-n1-x5e9	0.394391	0.538797	0.403584	0.4138	0.413028	0.412104	0.350212	0.332383	0.310909	0.37979	0.359993	0.357621	0.323908	0.324049	0.327335	0.325715	0.324417	0.326007	0.509013	0.369445	0.679171	0.361693	0.374255	0.372119	0.32558	0.478641	0.334145	0.344745	0.342139	0.342253	0.441268	0.243291	0	0.247532	0.251616	0.249587	0.335388	0.338001	0.340273	0.344853	0.341208	0.341483	0.352885	0.34021	0.347041	0.341496	0.341162	0.340138	0.489505	0.48332	0.475042	0.482796	0.484236	0.482544	0.484443	0.473221	0.473068	0.477149	0.475989	0.472912	0.510661	0.4848	0.477565	0.479609	0.47768	0.485888	0.499869	0.498274	0.497979	0.520765	0.519088	0.519622	0.938267	0.937261	0.937671	0.938837	0.937259	0.937852	0.45584	0.456516	0.454496	0.461012	0.4617	0.461606	0.429552	0.434788	0.436245	0.449153	0.486259	0.479349	0.48671	0.482845	0.479796	0.510248	0.50675	0.502223
ERR606663-k20-n1-x5e9	0.398922	0.530392	0.404591	0.415489	0.414912	0.414146	0.3422	0.326006	0.305482	0.395629	0.374246	0.371483	0.330049	0.327402	0.328692	0.329625	0.328678	0.329905	0.501627	0.37523	0.669799	0.370397	0.368595	0.3675	0.32861	0.467636	0.333283	0.344858	0.342013	0.341939	0.423649	0.251806	0.247532	0	0.256812	0.254208	0.339173	0.338638	0.340316	0.345177	0.337321	0.337527	0.348908	0.34986	0.358778	0.351218	0.350503	0.3494	0.497382	0.490148	0.480952	0.490137	0.491498	0.489871	0.482882	0.477295	0.478764	0.483536	0.482401	0.476568	0.505791	0.485044	0.479596	0.482343	0.480403	0.486067	0.502433	0.502121	0.501267	0.519755	0.51795	0.51836	0.93619	0.937297	0.938369	0.939117	0.937483	0.938105	0.459099	0.46194	0.458825	0.462722	0.464668	0.464657	0.429974	0.432969	0.434413	0.446244	0.475644	0.469403	0.487666	0.485828	0.481629	0.509081	0.50693	0.50291
ERR606664-k20-n1-x5e9	0.410947	0.569392	0.424571	0.436454	0.435421	0.434586	0.381537	0.361339	0.333292	0.35366	0.335717	0.333672	0.331831	0.335946	0.344733	0.339617	0.336728	0.340151	0.54215	0.386402	0.70671	0.371128	0.390037	0.387439	0.338138	0.509026	0.352881	0.366155	0.362603	0.363526	0.467108	0.246201	0.251616	0.256812	0	0.239331	0.3446	0.351463	0.355925	0.362827	0.350928	0.352698	0.369731	0.339762	0.344184	0.341121	0.340741	0.339808	0.477923	0.472849	0.467518	0.473551	0.474049	0.473134	0.493861	0.475829	0.472451	0.476753	0.474884	0.475774	0.526346	0.497096	0.486915	0.489261	0.486517	0.49802	0.498668	0.496054	0.495135	0.529735	0.527048	0.528506	0.942173	0.939314	0.939145	0.940589	0.938887	0.939428	0.456032	0.454734	0.451754	0.46561	0.466347	0.466031	0.436738	0.44504	0.448071	0.466206	0.503084	0.495687	0.495821	0.489619	0.48527	0.52448	0.520779	0.515675
ERR606665-k20-n1-x5e9	0.408872	0.565179	0.42172	0.433647	0.432626	0.431872	0.376907	0.357154	0.329389	0.357034	0.338638	0.336313	0.330515	0.333951	0.34184	0.337461	0.334885	0.33814	0.537953	0.384304	0.70304	0.36984	0.38655	0.384194	0.336272	0.504921	0.350083	0.363205	0.360148	0.360802	0.462231	0.245442	0.249587	0.254208	0.239331	0	0.343097	0.349274	0.353397	0.360076	0.348303	0.350036	0.366691	0.339723	0.344518	0.341199	0.340664	0.339726	0.479567	0.474233	0.468448	0.474859	0.475548	0.474496	0.492527	0.476062	0.472967	0.477393	0.475578	0.475884	0.524123	0.495935	0.486112	0.488451	0.485771	0.496665	0.498862	0.49652	0.495542	0.528656	0.526071	0.527413	0.941564	0.939157	0.939082	0.940495	0.938778	0.939337	0.455871	0.455023	0.451944	0.464947	0.465791	0.465524	0.435813	0.443407	0.446391	0.463979	0.49983	0.492806	0.495011	0.489342	0.484806	0.5231	0.519552	0.51449
ERR605647-k20-n1-x5e9	0.366216	0.514027	0.375366	0.385004	0.384563	0.383722	0.354141	0.338006	0.32272	0.397591	0.37875	0.376481	0.305804	0.305304	0.308218	0.306457	0.304884	0.306366	0.498314	0.361167	0.671794	0.356345	0.371727	0.370191	0.313535	0.460156	0.321511	0.329418	0.326662	0.327742	0.49139	0.337121	0.335388	0.339173	0.3446	0.343097	0	0.248638	0.252243	0.25622	0.259367	0.259552	0.345563	0.333985	0.340437	0.333897	0.333143	0.333038	0.464212	0.456956	0.448267	0.456276	0.458316	0.456121	0.449888	0.435692	0.43683	0.441044	0.440663	0.436046	0.481499	0.450967	0.442348	0.444621	0.442656	0.452686	0.469558	0.468022	0.468608	0.485392	0.483812	0.484239	0.928143	0.926773	0.92723	0.928431	0.926676	0.9273	0.418991	0.420784	0.420503	0.420526	0.42073	0.420858	0.409445	0.415121	0.41698	0.429324	0.471846	0.464428	0.455104	0.449445	0.448732	0.479073	0.474613	0.470271
ERR605648-k20-n1-x5e9	0.365283	0.496643	0.370121	0.379585	0.379329	0.378374	0.340573	0.326779	0.31511	0.41661	0.39586	0.393393	0.309911	0.305325	0.304711	0.306707	0.306111	0.306587	0.482028	0.36221	0.655949	0.361969	0.36394	0.362809	0.313806	0.441428	0.316303	0.323602	0.321505	0.322155	0.475032	0.342533	0.338001	0.338638	0.351463	0.349274	0.248638	0	0.247916	0.251425	0.254347	0.253241	0.338842	0.343858	0.353093	0.3443	0.343088	0.342915	0.476302	0.467629	0.457481	0.467298	0.469446	0.467107	0.447037	0.440827	0.444863	0.449366	0.449328	0.44076	0.473499	0.448738	0.442977	0.445639	0.444104	0.450224	0.474479	0.474381	0.47461	0.48314	0.481774	0.481655	0.925742	0.926847	0.928016	0.928808	0.926943	0.927669	0.42477	0.429085	0.427836	0.423387	0.424637	0.42485	0.409986	0.412684	0.414211	0.423794	0.46005	0.453447	0.454732	0.451666	0.4503	0.474844	0.471736	0.468186
ERR605649-k20-n1-x5e9	0.3669	0.491293	0.369127	0.378338	0.378541	0.377221	0.335641	0.323158	0.313206	0.423335	0.402087	0.399625	0.313733	0.30828	0.304329	0.307935	0.307896	0.307898	0.475995	0.363201	0.64996	0.364519	0.364517	0.363784	0.315891	0.435356	0.315477	0.3225	0.320437	0.320933	0.468334	0.345355	0.340273	0.340316	0.355925	0.353397	0.252243	0.247916	0	0.249866	0.25557	0.254393	0.336238	0.347341	0.356624	0.347681	0.346435	0.346456	0.479219	0.470515	0.459037	0.469288	0.471776	0.469077	0.444936	0.441113	0.445992	0.450375	0.450326	0.440885	0.469486	0.446419	0.441862	0.444324	0.442869	0.44806	0.474245	0.474666	0.474902	0.480986	0.479786	0.479215	0.924184	0.926144	0.927586	0.928243	0.926545	0.927252	0.424391	0.429486	0.428187	0.422199	0.423376	0.423669	0.409874	0.411966	0.411945	0.420402	0.456121	0.449465	0.452327	0.450049	0.448815	0.471272	0.468161	0.464898
ERR605650-k20-n1-x5e9	0.360241	0.481054	0.361898	0.369485	0.369649	0.368675	0.331576	0.320014	0.314005	0.430067	0.409635	0.407175	0.314515	0.308412	0.303933	0.306977	0.307746	0.306966	0.46567	0.357989	0.642229	0.361575	0.361912	0.361045	0.315065	0.427659	0.313782	0.317801	0.315922	0.316577	0.47035	0.350486	0.344853	0.345177	0.362827	0.360076	0.25622	0.251425	0.249866	0	0.260745	0.258007	0.336163	0.349614	0.359103	0.349596	0.348643	0.348309	0.485158	0.476703	0.465416	0.475179	0.477716	0.475034	0.446994	0.443982	0.449319	0.453398	0.453688	0.443546	0.468029	0.445252	0.44115	0.443393	0.442217	0.446709	0.480608	0.480579	0.481057	0.483609	0.482724	0.482035	0.925509	0.92727	0.928682	0.929303	0.927658	0.92829	0.430141	0.43469	0.434237	0.426681	0.427663	0.427848	0.413676	0.415263	0.415284	0.42084	0.458088	0.451228	0.452779	0.450735	0.450552	0.468863	0.465773	0.462905
ERR605651-k20-n1-x5e9	0.38255	0.505615	0.38468	0.396941	0.396682	0.395463	0.346291	0.332695	0.316512	0.421886	0.399199	0.396348	0.321183	0.315498	0.313352	0.317346	0.31605	0.317344	0.493034	0.379488	0.660268	0.378475	0.364228	0.364251	0.324111	0.44588	0.323969	0.33576	0.333015	0.333383	0.463374	0.346306	0.341208	0.337321	0.350928	0.348303	0.259367	0.254347	0.25557	0.260745	0	0.246706	0.341265	0.35544	0.365635	0.356168	0.354738	0.354301	0.47959	0.470041	0.458697	0.46991	0.471851	0.469548	0.44712	0.446351	0.451075	0.45645	0.455919	0.445291	0.474236	0.455206	0.45062	0.454023	0.451933	0.455838	0.474354	0.475971	0.474842	0.484332	0.482385	0.48239	0.924016	0.927438	0.929153	0.929565	0.927601	0.928363	0.426254	0.432864	0.42936	0.425254	0.428333	0.428704	0.412013	0.41327	0.414499	0.426256	0.451053	0.445404	0.459522	0.458021	0.453763	0.48135	0.479819	0.476336
ERR605652-k20-n1-x5e9	0.378396	0.498698	0.379577	0.391482	0.391275	0.390018	0.341206	0.327956	0.314145	0.425396	0.402819	0.399951	0.320415	0.314016	0.31129	0.315384	0.314624	0.315288	0.486039	0.375879	0.654735	0.375872	0.361291	0.361369	0.321983	0.439626	0.321028	0.331249	0.329039	0.329011	0.461215	0.347168	0.341483	0.337527	0.352698	0.350036	0.259552	0.253241	0.254393	0.258007	0.246706	0	0.338995	0.355603	0.366132	0.356352	0.354919	0.354508	0.481549	0.471927	0.460473	0.471664	0.473789	0.471422	0.446211	0.446386	0.451573	0.456568	0.456572	0.445509	0.471733	0.452974	0.448951	0.452308	0.450112	0.453735	0.475854	0.477374	0.476491	0.483751	0.481845	0.481808	0.923844	0.927335	0.929096	0.929518	0.927497	0.92832	0.42754	0.434255	0.430956	0.425874	0.42886	0.429254	0.41165	0.412554	0.413598	0.424127	0.449406	0.443667	0.457955	0.456792	0.45286	0.478288	0.47691	0.47361
ERR607373-k20-n1-x5e9	0.383848	0.480258	0.379974	0.388219	0.388078	0.387233	0.333543	0.326974	0.321375	0.445574	0.424001	0.421697	0.348426	0.341061	0.332445	0.338542	0.339237	0.337993	0.448165	0.363762	0.621341	0.369927	0.351621	0.351461	0.337991	0.425383	0.331082	0.33626	0.335181	0.334977	0.441184	0.359973	0.352885	0.348908	0.369731	0.366691	0.345563	0.338842	0.336238	0.336163	0.341265	0.338995	0	0.304497	0.319987	0.30695	0.305529	0.304866	0.516246	0.508311	0.497348	0.507029	0.509205	0.506697	0.450633	0.458823	0.465837	0.470106	0.47052	0.457346	0.456051	0.443516	0.445424	0.447844	0.446915	0.445377	0.49181	0.493089	0.492125	0.494091	0.493692	0.492659	0.924249	0.929002	0.931461	0.931435	0.930184	0.930792	0.440755	0.447002	0.444041	0.438851	0.440827	0.441177	0.443064	0.442139	0.441483	0.44426	0.469527	0.463982	0.449513	0.453181	0.450273	0.460256	0.459221	0.457523
