	ERR605521-k20-n1-x5e9	ERR605522-k20-n1-x5e9	ERR605523-k20-n1-x5e9	ERR605524-k20-n1-x5e9	ERR605525-k20-n1-x5e9	ERR605526-k20-n1-x5e9	ERR610223-k20-n1-x5e9	ERR610224-k20-n1-x5e9	ERR610225-k20-n1-x5e9	ERR610226-k20-n1-x5e9	ERR610227-k20-n1-x5e9	ERR610228-k20-n1-x5e9	ERR609529-k20-n1-x5e9	ERR609530-k20-n1-x5e9	ERR609531-k20-n1-x5e9	ERR609532-k20-n1-x5e9	ERR609533-k20-n1-x5e9	ERR609534-k20-n1-x5e9	ERR607170-k20-n1-x5e9	ERR607171-k20-n1-x5e9	ERR607172-k20-n1-x5e9	ERR607173-k20-n1-x5e9	ERR607174-k20-n1-x5e9	ERR607175-k20-n1-x5e9	ERR608829-k20-n1-x5e9	ERR608830-k20-n1-x5e9	ERR608831-k20-n1-x5e9	ERR608832-k20-n1-x5e9	ERR608833-k20-n1-x5e9	ERR608834-k20-n1-x5e9	ERR606036-k20-n1-x5e9	ERR606037-k20-n1-x5e9	ERR606038-k20-n1-x5e9	ERR606039-k20-n1-x5e9	ERR606040-k20-n1-x5e9	ERR606041-k20-n1-x5e9	ERR605866-k20-n1-x5e9	ERR605867-k20-n1-x5e9	ERR605868-k20-n1-x5e9	ERR605869-k20-n1-x5e9	ERR605870-k20-n1-x5e9	ERR605871-k20-n1-x5e9	ERR608179-k20-n1-x5e9	ERR608180-k20-n1-x5e9	ERR608181-k20-n1-x5e9	ERR608182-k20-n1-x5e9	ERR608183-k20-n1-x5e9	ERR608184-k20-n1-x5e9	ERR607669-k20-n1-x5e9	ERR607670-k20-n1-x5e9	ERR607671-k20-n1-x5e9	ERR607672-k20-n1-x5e9	ERR607673-k20-n1-x5e9	ERR607674-k20-n1-x5e9	ERR608401-k20-n1-x5e9	ERR608402-k20-n1-x5e9	ERR608403-k20-n1-x5e9	ERR608404-k20-n1-x5e9	ERR608405-k20-n1-x5e9	ERR608406-k20-n1-x5e9	ERR608805-k20-n1-x5e9	ERR608806-k20-n1-x5e9	ERR608807-k20-n1-x5e9	ERR608808-k20-n1-x5e9	ERR608809-k20-n1-x5e9	ERR608810-k20-n1-x5e9	ERR607337-k20-n1-x5e9	ERR607338-k20-n1-x5e9	ERR607339-k20-n1-x5e9	ERR607340-k20-n1-x5e9	ERR607341-k20-n1-x5e9	ERR607342-k20-n1-x5e9	ERR608057-k20-n1-x5e9	ERR608058-k20-n1-x5e9	ERR608059-k20-n1-x5e9	ERR608060-k20-n1-x5e9	ERR608061-k20-n1-x5e9	ERR608062-k20-n1-x5e9	ERR607747-k20-n1-x5e9	ERR607748-k20-n1-x5e9	ERR607749-k20-n1-x5e9	ERR607750-k20-n1-x5e9	ERR607751-k20-n1-x5e9	ERR607752-k20-n1-x5e9	ERR605611-k20-n1-x5e9	ERR605612-k20-n1-x5e9	ERR605613-k20-n1-x5e9	ERR605614-k20-n1-x5e9	ERR605615-k20-n1-x5e9	ERR605616-k20-n1-x5e9	ERR605635-k20-n1-x5e9	ERR605636-k20-n1-x5e9	ERR605637-k20-n1-x5e9	ERR605638-k20-n1-x5e9	ERR605639-k20-n1-x5e9	ERR605640-k20-n1-x5e9
ERR605521-k20-n1-x5e9	0	0.247359	0.256094	0.24992	0.248446	0.249696	0.346905	0.448493	0.346025	0.341417	0.34274	0.343043	0.344935	0.345336	0.467189	0.355398	0.354777	0.363362	0.344241	0.314693	0.379907	0.299651	0.300439	0.450478	0.470331	0.459801	0.479573	0.345817	0.348305	0.34953	0.371674	0.351688	0.352908	0.361122	0.361019	0.362734	0.533476	0.552157	0.383465	0.381701	0.37848	0.376589	0.481794	0.4773	0.484249	0.430731	0.432703	0.433164	0.463362	0.463109	0.463187	0.462943	0.461978	0.461692	0.474322	0.450954	0.445809	0.446703	0.446385	0.450216	0.449052	0.450556	0.449487	0.462183	0.461237	0.462137	0.474635	0.470297	0.470542	0.499577	0.498737	0.499955	0.940731	0.937415	0.937265	0.938785	0.936998	0.937541	0.494482	0.486944	0.487667	0.490027	0.490059	0.490008	0.446998	0.451826	0.455991	0.455746	0.466673	0.465841	0.434159	0.431537	0.43229	0.432169	0.438949	0.437774
ERR605522-k20-n1-x5e9	0.247359	0	0.250731	0.24848	0.247932	0.248217	0.352236	0.434046	0.34471	0.345562	0.347691	0.348399	0.337436	0.337418	0.451217	0.351912	0.351266	0.357699	0.331898	0.325325	0.364879	0.299951	0.299463	0.433196	0.456453	0.446151	0.465832	0.3415	0.3437	0.344738	0.361403	0.358793	0.360688	0.356563	0.356223	0.358111	0.519619	0.537681	0.380157	0.377162	0.373731	0.371409	0.470303	0.466026	0.47274	0.422293	0.424121	0.424593	0.467445	0.468638	0.468532	0.467014	0.46626	0.46631	0.467821	0.448931	0.446026	0.447335	0.447124	0.448319	0.453867	0.456306	0.455203	0.46182	0.46123	0.461549	0.474546	0.471253	0.471237	0.494763	0.494099	0.494828	0.938421	0.936919	0.937339	0.938529	0.936714	0.937276	0.495377	0.48994	0.490252	0.492633	0.492747	0.492646	0.446787	0.449727	0.453917	0.452917	0.463668	0.462633	0.440208	0.435618	0.436135	0.435891	0.441139	0.439874
ERR605523-k20-n1-x5e9	0.256094	0.250731	0	0.25046	0.251195	0.250428	0.358702	0.416175	0.34356	0.350818	0.353485	0.354833	0.329721	0.330042	0.432094	0.349213	0.348641	0.35284	0.319253	0.339677	0.348388	0.304819	0.303173	0.413288	0.439133	0.428998	0.448571	0.336565	0.338597	0.339242	0.350885	0.369454	0.371588	0.354961	0.354998	0.356245	0.503093	0.520877	0.377302	0.374136	0.370617	0.368293	0.455255	0.451439	0.457983	0.410758	0.412499	0.413117	0.47148	0.474048	0.473884	0.471675	0.471156	0.471415	0.46092	0.447168	0.446984	0.44797	0.448314	0.446542	0.459257	0.462924	0.461724	0.461728	0.461724	0.461625	0.474772	0.472327	0.472323	0.489115	0.488917	0.48938	0.935712	0.93624	0.937281	0.938078	0.936436	0.937087	0.496283	0.492943	0.493013	0.495145	0.495438	0.495182	0.44857	0.449921	0.452722	0.450916	0.462615	0.461269	0.448152	0.441997	0.440914	0.440448	0.445419	0.444155
ERR605524-k20-n1-x5e9	0.24992	0.24848	0.25046	0	0.246336	0.246594	0.350706	0.429526	0.341497	0.344286	0.346416	0.347601	0.336767	0.337292	0.448424	0.353097	0.352582	0.359004	0.330905	0.327166	0.360573	0.300045	0.299156	0.428342	0.450577	0.440286	0.460089	0.337648	0.33957	0.340608	0.357484	0.357583	0.35952	0.353175	0.353548	0.354833	0.513771	0.532272	0.375298	0.373201	0.369587	0.367677	0.46467	0.46018	0.466936	0.415989	0.418002	0.418584	0.467928	0.469189	0.469253	0.468036	0.467363	0.467242	0.467054	0.448428	0.445768	0.446643	0.446737	0.447542	0.454129	0.45675	0.455718	0.46102	0.460567	0.460954	0.474874	0.47144	0.471728	0.493872	0.493398	0.494203	0.938334	0.936751	0.937251	0.938383	0.936686	0.937257	0.495605	0.490252	0.490761	0.493119	0.493244	0.493175	0.448701	0.451937	0.455295	0.453633	0.466117	0.464713	0.442121	0.437963	0.437403	0.436788	0.443733	0.442296
ERR605525-k20-n1-x5e9	0.248446	0.247932	0.251195	0.246336	0	0.246552	0.34968	0.433082	0.342277	0.342618	0.344628	0.345571	0.33675	0.336842	0.451336	0.350616	0.350234	0.356966	0.332239	0.324402	0.365208	0.299837	0.299348	0.433935	0.455829	0.445336	0.465234	0.339406	0.341622	0.342591	0.361488	0.358213	0.359924	0.356903	0.356985	0.358687	0.52006	0.538474	0.379434	0.37702	0.373699	0.37163	0.469628	0.465001	0.472104	0.420371	0.422429	0.423041	0.464336	0.465632	0.465591	0.464477	0.463743	0.463714	0.466072	0.446545	0.44349	0.444479	0.44431	0.445862	0.450838	0.453329	0.452276	0.458798	0.458296	0.458767	0.472023	0.468473	0.468685	0.492482	0.49163	0.49257	0.937792	0.936077	0.936484	0.937669	0.935979	0.93655	0.492692	0.487065	0.487543	0.489746	0.489871	0.489879	0.445444	0.449053	0.452571	0.451386	0.46304	0.461973	0.438411	0.434183	0.433923	0.433315	0.439937	0.438763
ERR605526-k20-n1-x5e9	0.249696	0.248217	0.250428	0.246594	0.246552	0	0.350278	0.428733	0.341078	0.34375	0.345806	0.346909	0.336804	0.33683	0.447931	0.353101	0.352421	0.358557	0.330719	0.327955	0.360706	0.300821	0.299955	0.42836	0.450044	0.439744	0.459561	0.336813	0.338681	0.339814	0.357636	0.358402	0.360291	0.353469	0.353909	0.355181	0.513233	0.53186	0.374986	0.372786	0.369204	0.367397	0.464042	0.459726	0.466365	0.415478	0.417618	0.417948	0.468059	0.469404	0.469504	0.468301	0.467539	0.467544	0.466817	0.448463	0.445905	0.446721	0.446824	0.447612	0.454265	0.456726	0.455776	0.46071	0.46057	0.460856	0.474891	0.471435	0.471786	0.493732	0.493012	0.493895	0.938026	0.936539	0.937046	0.938238	0.936557	0.937117	0.495629	0.490268	0.490917	0.493034	0.493378	0.493211	0.448976	0.452206	0.45561	0.453904	0.466386	0.46519	0.442478	0.438323	0.437823	0.437078	0.44416	0.44273
ERR610223-k20-n1-x5e9	0.346905	0.352236	0.358702	0.350706	0.34968	0.350278	0	0.419255	0.258651	0.24687	0.246234	0.246151	0.366322	0.367245	0.490874	0.380317	0.379525	0.388535	0.396854	0.344628	0.419568	0.341132	0.342408	0.486574	0.482648	0.470556	0.490712	0.350455	0.35221	0.353684	0.407441	0.364621	0.364236	0.384741	0.388878	0.389995	0.562218	0.583105	0.409645	0.415845	0.414481	0.414895	0.500723	0.494702	0.501075	0.443375	0.445536	0.445637	0.448221	0.445485	0.449468	0.448929	0.447747	0.446864	0.470945	0.435913	0.42736	0.425622	0.425481	0.435803	0.418705	0.417292	0.419085	0.432407	0.431788	0.433472	0.452356	0.444229	0.447912	0.482831	0.482776	0.484255	0.939307	0.932179	0.931163	0.932999	0.932075	0.932359	0.476397	0.465504	0.469857	0.472368	0.472186	0.472572	0.457202	0.464371	0.46777	0.46528	0.484491	0.482839	0.437975	0.438969	0.438172	0.434719	0.454571	0.452454
ERR610224-k20-n1-x5e9	0.448493	0.434046	0.416175	0.429526	0.433082	0.428733	0.419255	0	0.368982	0.409804	0.414709	0.419295	0.391713	0.391872	0.352952	0.435904	0.434852	0.423955	0.3802	0.498139	0.356416	0.438473	0.432953	0.349596	0.358295	0.35675	0.365049	0.397158	0.394909	0.39406	0.392918	0.494523	0.498125	0.43078	0.433566	0.432177	0.439638	0.446622	0.452341	0.447236	0.445612	0.44434	0.405994	0.407105	0.409146	0.406906	0.406146	0.407507	0.539762	0.549165	0.549784	0.541648	0.541837	0.543488	0.461533	0.481662	0.49533	0.49561	0.498647	0.482026	0.528728	0.5372	0.536478	0.495572	0.498268	0.495186	0.511175	0.514601	0.514603	0.4839	0.486138	0.482743	0.929525	0.944516	0.949615	0.947966	0.946994	0.947829	0.538212	0.547907	0.547145	0.549123	0.549635	0.549208	0.520665	0.512512	0.511497	0.503356	0.520508	0.517462	0.550132	0.536889	0.532488	0.528904	0.535058	0.533164
ERR610225-k20-n1-x5e9	0.346025	0.34471	0.34356	0.341497	0.342277	0.341078	0.258651	0.368982	0	0.257948	0.260206	0.262547	0.343388	0.344324	0.446746	0.370269	0.36932	0.373214	0.365871	0.364037	0.377654	0.336265	0.335019	0.438849	0.439167	0.427329	0.447205	0.331664	0.332279	0.333334	0.378124	0.375962	0.376786	0.36762	0.372148	0.372169	0.521081	0.541344	0.394036	0.398177	0.396766	0.397216	0.463366	0.457653	0.463481	0.412073	0.413636	0.414306	0.456047	0.457208	0.46036	0.457147	0.456249	0.45604	0.451438	0.427557	0.425048	0.423641	0.424714	0.4278	0.430119	0.432058	0.433351	0.428763	0.429454	0.429641	0.450287	0.44479	0.447927	0.46688	0.467316	0.467697	0.932345	0.929763	0.930179	0.93121	0.930232	0.930683	0.476136	0.47111	0.47429	0.47683	0.476853	0.477026	0.456811	0.460167	0.462592	0.458035	0.478878	0.476554	0.45167	0.447946	0.445852	0.442129	0.45978	0.457575
ERR610226-k20-n1-x5e9	0.341417	0.345562	0.350818	0.344286	0.342618	0.34375	0.24687	0.409804	0.257948	0	0.240587	0.240995	0.351014	0.352117	0.477789	0.358114	0.357626	0.366225	0.383235	0.343397	0.415507	0.338365	0.339296	0.482625	0.480793	0.469229	0.489865	0.34925	0.350996	0.352367	0.404533	0.373964	0.3742	0.390651	0.394399	0.395862	0.565523	0.585473	0.417435	0.421588	0.419512	0.419137	0.499322	0.493638	0.501078	0.444125	0.446475	0.446459	0.436681	0.435981	0.4387	0.437369	0.436454	0.43589	0.457581	0.425867	0.417661	0.416928	0.416508	0.425223	0.410846	0.411439	0.412041	0.422437	0.421625	0.423416	0.438317	0.431666	0.434228	0.469549	0.468967	0.470758	0.934024	0.928748	0.928352	0.929827	0.928849	0.929211	0.463729	0.45509	0.457749	0.459713	0.459597	0.46	0.443573	0.449764	0.452894	0.451368	0.467305	0.465955	0.429125	0.427857	0.42625	0.423647	0.43957	0.437743
ERR610227-k20-n1-x5e9	0.34274	0.347691	0.353485	0.346416	0.344628	0.345806	0.246234	0.414709	0.260206	0.240587	0	0.240323	0.355004	0.355976	0.482749	0.360604	0.360236	0.369253	0.387414	0.342905	0.420514	0.340373	0.341727	0.487775	0.485049	0.473518	0.4941	0.351966	0.353756	0.355055	0.40773	0.373523	0.373524	0.392796	0.396614	0.397933	0.569336	0.58938	0.419264	0.423525	0.421412	0.421157	0.503053	0.497388	0.504606	0.447281	0.449829	0.44978	0.436484	0.435337	0.438022	0.437095	0.436177	0.435541	0.460277	0.427396	0.418664	0.417706	0.417252	0.426786	0.410302	0.41049	0.411178	0.423644	0.422716	0.424668	0.439248	0.432445	0.434867	0.471848	0.47127	0.473194	0.934958	0.929226	0.928655	0.930255	0.929265	0.92959	0.464318	0.455139	0.457801	0.459582	0.459518	0.459898	0.444245	0.451008	0.45397	0.452775	0.468523	0.467334	0.428372	0.427538	0.426163	0.423529	0.439686	0.437978
ERR610228-k20-n1-x5e9	0.343043	0.348399	0.354833	0.347601	0.345571	0.346909	0.246151	0.419295	0.262547	0.240995	0.240323	0	0.356952	0.358006	0.486394	0.361181	0.360785	0.3705	0.389815	0.340881	0.424057	0.340729	0.342538	0.491802	0.488992	0.477582	0.498198	0.354145	0.35629	0.357446	0.410743	0.373268	0.373249	0.39482	0.39848	0.399998	0.573283	0.593316	0.421324	0.425893	0.423451	0.42317	0.50662	0.500787	0.508131	0.450456	0.452783	0.452642	0.435712	0.434206	0.436978	0.436348	0.435376	0.434615	0.46199	0.428372	0.418983	0.418134	0.417525	0.42769	0.409581	0.409568	0.410125	0.424291	0.4234	0.425345	0.439483	0.432313	0.434849	0.473454	0.472816	0.474682	0.935497	0.929446	0.928785	0.930447	0.929453	0.929768	0.464318	0.454623	0.457385	0.459317	0.459224	0.459475	0.44416	0.451052	0.454368	0.45345	0.46854	0.467584	0.426903	0.426473	0.425351	0.422817	0.438907	0.437037
ERR609529-k20-n1-x5e9	0.344935	0.337436	0.329721	0.336767	0.33675	0.336804	0.366322	0.391713	0.343388	0.351014	0.355004	0.356952	0	0.242811	0.355672	0.267008	0.267162	0.263499	0.320823	0.379945	0.359984	0.341151	0.338586	0.415067	0.452032	0.443715	0.461671	0.375177	0.375937	0.376234	0.394555	0.436329	0.438168	0.415522	0.417719	0.418502	0.546735	0.560832	0.4598	0.457419	0.454233	0.451923	0.487596	0.484917	0.491599	0.454764	0.456472	0.457151	0.443187	0.452745	0.453294	0.44473	0.445142	0.446883	0.423128	0.416916	0.419357	0.421416	0.42232	0.417428	0.436972	0.445838	0.444843	0.418026	0.418685	0.418021	0.426341	0.428225	0.427765	0.432078	0.431274	0.431822	0.91896	0.92517	0.927782	0.927721	0.926491	0.927228	0.450969	0.457231	0.456203	0.458232	0.458826	0.458619	0.41502	0.409747	0.409854	0.406745	0.418811	0.416533	0.44535	0.431121	0.426816	0.424171	0.429363	0.427296
ERR609530-k20-n1-x5e9	0.345336	0.337418	0.330042	0.337292	0.336842	0.33683	0.367245	0.391872	0.344324	0.352117	0.355976	0.358006	0.242811	0	0.354804	0.267615	0.26763	0.264157	0.320903	0.380745	0.359161	0.341335	0.338421	0.414307	0.451894	0.443935	0.461542	0.37624	0.376674	0.376946	0.394878	0.437247	0.438995	0.416	0.417872	0.418767	0.546767	0.560493	0.460625	0.457902	0.454773	0.452484	0.48784	0.485341	0.49166	0.455454	0.457299	0.457683	0.44374	0.453187	0.453784	0.445224	0.445577	0.447248	0.423261	0.417095	0.419874	0.421891	0.422898	0.417741	0.437772	0.446646	0.445663	0.418483	0.419229	0.418363	0.426565	0.428476	0.428159	0.431762	0.431226	0.431529	0.918814	0.925191	0.927806	0.927734	0.926435	0.92717	0.45103	0.457539	0.456447	0.458463	0.459156	0.458752	0.414866	0.40919	0.409571	0.406288	0.418031	0.415648	0.445807	0.431211	0.42688	0.424326	0.429338	0.42739
ERR609531-k20-n1-x5e9	0.467189	0.451217	0.432094	0.448424	0.451336	0.447931	0.490874	0.352952	0.446746	0.477789	0.482749	0.486394	0.355672	0.354804	0	0.399477	0.399244	0.382589	0.381085	0.519883	0.375198	0.460753	0.454712	0.363301	0.416195	0.417145	0.423418	0.453564	0.451675	0.450997	0.440175	0.545039	0.548258	0.487438	0.489405	0.488722	0.506073	0.507594	0.522307	0.515925	0.513598	0.511084	0.477962	0.48076	0.483114	0.48277	0.482203	0.483736	0.546332	0.55974	0.559569	0.548474	0.549305	0.551868	0.462834	0.493261	0.508787	0.510667	0.513595	0.494727	0.545821	0.556901	0.555788	0.504873	0.50774	0.504404	0.5143	0.521451	0.520085	0.479312	0.480913	0.477171	0.926765	0.947589	0.953673	0.951574	0.950601	0.95153	0.537432	0.553414	0.550995	0.552653	0.553606	0.5529	0.509667	0.495933	0.493192	0.485542	0.49523	0.492252	0.559942	0.541706	0.536075	0.532938	0.532825	0.531163
ERR609532-k20-n1-x5e9	0.355398	0.351912	0.349213	0.353097	0.350616	0.353101	0.380317	0.435904	0.370269	0.358114	0.360604	0.361181	0.267008	0.267615	0.399477	0	0.240298	0.24407	0.346094	0.379339	0.414108	0.362683	0.361937	0.47241	0.500305	0.49275	0.511456	0.402211	0.403902	0.404099	0.427634	0.455083	0.456571	0.452281	0.453488	0.455458	0.599232	0.612651	0.495316	0.49142	0.486993	0.483531	0.528118	0.525373	0.533941	0.492213	0.494688	0.49484	0.426618	0.436647	0.434948	0.427764	0.428475	0.430209	0.432371	0.422686	0.420529	0.423503	0.422713	0.421829	0.425465	0.435258	0.432394	0.420481	0.419634	0.420372	0.416122	0.418584	0.415915	0.438959	0.436714	0.438561	0.920343	0.925524	0.927699	0.927731	0.926479	0.927238	0.440916	0.445346	0.441675	0.442169	0.442681	0.442176	0.404686	0.401965	0.402644	0.405453	0.403903	0.403834	0.429262	0.414948	0.410835	0.410723	0.407299	0.406487
ERR609533-k20-n1-x5e9	0.354777	0.351266	0.348641	0.352582	0.350234	0.352421	0.379525	0.434852	0.36932	0.357626	0.360236	0.360785	0.267162	0.26763	0.399244	0.240298	0	0.244699	0.345912	0.379411	0.41337	0.362376	0.361618	0.471421	0.498977	0.491556	0.510238	0.401296	0.402996	0.403285	0.42648	0.454176	0.455661	0.450933	0.452357	0.45429	0.597709	0.611189	0.493826	0.490004	0.48559	0.482211	0.526554	0.523934	0.532415	0.490763	0.493019	0.493074	0.428311	0.438109	0.436539	0.429488	0.430004	0.431684	0.432897	0.423302	0.421234	0.42435	0.423388	0.422416	0.426823	0.436326	0.433527	0.421486	0.420584	0.421207	0.41751	0.419963	0.41742	0.439691	0.437441	0.439463	0.920458	0.925688	0.927882	0.92794	0.926626	0.927366	0.442232	0.446753	0.443085	0.44344	0.44412	0.443599	0.405942	0.403119	0.403883	0.406484	0.405557	0.405343	0.430516	0.416453	0.412175	0.412196	0.408961	0.408195
ERR609534-k20-n1-x5e9	0.363362	0.357699	0.35284	0.359004	0.356966	0.358557	0.388535	0.423955	0.373214	0.366225	0.369253	0.3705	0.263499	0.264157	0.382589	0.24407	0.244699	0	0.340252	0.393081	0.406167	0.369117	0.367714	0.460145	0.491846	0.484957	0.503345	0.405302	0.406593	0.406811	0.426444	0.465667	0.467346	0.45549	0.456989	0.458696	0.592412	0.604795	0.499599	0.494941	0.490551	0.487261	0.522889	0.520879	0.529153	0.491221	0.493372	0.493663	0.435415	0.446551	0.444903	0.436627	0.437268	0.439329	0.427963	0.423288	0.423747	0.426994	0.426656	0.422815	0.434654	0.445303	0.442624	0.422604	0.422283	0.422423	0.419257	0.423058	0.420336	0.434465	0.43231	0.433644	0.918609	0.925903	0.928669	0.928388	0.927092	0.927892	0.444493	0.451688	0.447809	0.448445	0.449173	0.448503	0.40914	0.403997	0.40414	0.405524	0.404567	0.404123	0.440769	0.424682	0.420126	0.419565	0.415605	0.414672
ERR607170-k20-n1-x5e9	0.344241	0.331898	0.319253	0.330905	0.332239	0.330719	0.396854	0.3802	0.365871	0.383235	0.387414	0.389815	0.320823	0.320903	0.381085	0.346094	0.345912	0.340252	0	0.361679	0.297791	0.304693	0.300306	0.352458	0.427229	0.42017	0.437119	0.370248	0.371086	0.370954	0.353753	0.425778	0.42882	0.389794	0.389916	0.390598	0.499393	0.511867	0.425149	0.418698	0.414781	0.411402	0.454806	0.45309	0.45997	0.429239	0.430797	0.4315	0.488653	0.496944	0.495785	0.48956	0.489684	0.491122	0.443438	0.448025	0.454592	0.456494	0.457783	0.44766	0.481924	0.489963	0.48805	0.465826	0.46677	0.465116	0.474997	0.477576	0.476164	0.472134	0.472119	0.470766	0.92746	0.936371	0.939693	0.939081	0.937599	0.938377	0.499686	0.505636	0.50328	0.504922	0.505474	0.504977	0.453108	0.446472	0.446782	0.443275	0.451387	0.449882	0.478325	0.465203	0.46151	0.46108	0.459353	0.458196
ERR607171-k20-n1-x5e9	0.314693	0.325325	0.339677	0.327166	0.324402	0.327955	0.344628	0.498139	0.364037	0.343397	0.342905	0.340881	0.379945	0.380745	0.519883	0.379339	0.379411	0.393081	0.361679	0	0.405717	0.271232	0.276975	0.486596	0.522789	0.51172	0.53126	0.381796	0.384867	0.386394	0.415882	0.346294	0.345072	0.390331	0.390244	0.392707	0.585793	0.605031	0.416275	0.418824	0.41633	0.415259	0.530647	0.524828	0.532179	0.474364	0.476965	0.476955	0.460767	0.45578	0.457257	0.460142	0.458789	0.457649	0.50221	0.466697	0.454234	0.454422	0.452966	0.465666	0.442172	0.439831	0.439743	0.470032	0.467904	0.470265	0.482374	0.474396	0.476163	0.522135	0.520816	0.522876	0.950204	0.941716	0.939958	0.942348	0.940707	0.941048	0.500102	0.486056	0.488443	0.491012	0.490605	0.490861	0.454186	0.463528	0.468709	0.470179	0.481413	0.481008	0.424923	0.428706	0.430574	0.430374	0.442257	0.441316
ERR607172-k20-n1-x5e9	0.379907	0.364879	0.348388	0.360573	0.365208	0.360706	0.419568	0.356416	0.377654	0.415507	0.420514	0.424057	0.359984	0.359161	0.375198	0.414108	0.41337	0.406167	0.297791	0.405717	0	0.333267	0.326996	0.290775	0.373766	0.366539	0.378702	0.367798	0.36629	0.366056	0.346978	0.430884	0.434411	0.367077	0.368751	0.367255	0.424857	0.438775	0.395018	0.391482	0.390219	0.38948	0.411137	0.409088	0.41109	0.393355	0.393202	0.394362	0.535946	0.541912	0.543424	0.537103	0.536758	0.537766	0.475573	0.481366	0.491289	0.491681	0.494381	0.482287	0.523507	0.529242	0.529409	0.499217	0.501517	0.498779	0.521758	0.522141	0.523072	0.504348	0.506297	0.503542	0.93941	0.947775	0.950989	0.95056	0.949125	0.949783	0.544611	0.549554	0.550339	0.553327	0.553829	0.553641	0.503276	0.497455	0.498386	0.490051	0.51108	0.507833	0.524444	0.513981	0.511012	0.50763	0.517137	0.514937
ERR607173-k20-n1-x5e9	0.299651	0.299951	0.304819	0.300045	0.299837	0.300821	0.341132	0.438473	0.336265	0.338365	0.340373	0.340729	0.341151	0.341335	0.460753	0.362683	0.362376	0.369117	0.304693	0.271232	0.333267	0	0.242609	0.411161	0.464831	0.454002	0.473056	0.349638	0.351805	0.353189	0.36612	0.347933	0.348969	0.350939	0.350841	0.352075	0.526495	0.545399	0.384079	0.383728	0.381434	0.380545	0.481353	0.476294	0.482757	0.432262	0.434226	0.434695	0.471425	0.471524	0.472932	0.471463	0.470493	0.470314	0.474271	0.450049	0.446054	0.446408	0.446563	0.449658	0.454172	0.45562	0.455565	0.459646	0.459391	0.459519	0.477632	0.473039	0.47442	0.49755	0.497216	0.497691	0.94113	0.938013	0.937982	0.939423	0.937684	0.938125	0.498267	0.492103	0.493808	0.497067	0.49712	0.497039	0.451929	0.455039	0.458931	0.455877	0.472186	0.470351	0.443908	0.440915	0.440827	0.438884	0.450277	0.448561
ERR607174-k20-n1-x5e9	0.300439	0.299463	0.303173	0.299156	0.299348	0.299955	0.342408	0.432953	0.335019	0.339296	0.341727	0.342538	0.338586	0.338421	0.454712	0.361937	0.361618	0.367714	0.300306	0.276975	0.326996	0.242609	0	0.404223	0.459611	0.448913	0.467664	0.348176	0.350176	0.351361	0.362165	0.349943	0.351263	0.348551	0.348529	0.349625	0.520616	0.539396	0.382212	0.38118	0.378999	0.378188	0.476769	0.471963	0.47826	0.428753	0.430805	0.43123	0.472742	0.47339	0.474706	0.472866	0.472033	0.471847	0.471557	0.449171	0.446054	0.446444	0.446874	0.448812	0.455657	0.457579	0.457479	0.459235	0.458945	0.459042	0.477323	0.47308	0.47455	0.495073	0.49499	0.495344	0.940244	0.937813	0.937975	0.939284	0.937546	0.938052	0.498511	0.493091	0.494577	0.497977	0.497945	0.498044	0.451987	0.454426	0.458387	0.454973	0.471495	0.469509	0.446229	0.442594	0.442212	0.440323	0.451393	0.449609
ERR607175-k20-n1-x5e9	0.450478	0.433196	0.413288	0.428342	0.433935	0.42836	0.486574	0.349596	0.438849	0.482625	0.487775	0.491802	0.415067	0.414307	0.363301	0.47241	0.471421	0.460145	0.352458	0.486596	0.290775	0.411161	0.404223	0	0.356627	0.355411	0.358921	0.419406	0.416958	0.416088	0.384859	0.49569	0.499595	0.417544	0.418755	0.416513	0.396351	0.402189	0.440136	0.433799	0.433605	0.432691	0.40565	0.406849	0.405534	0.413097	0.412089	0.413603	0.587766	0.59541	0.596329	0.589132	0.588964	0.590366	0.50748	0.5263	0.540379	0.540741	0.544263	0.527156	0.578035	0.584777	0.584674	0.545791	0.54879	0.545184	0.567857	0.570324	0.570772	0.536292	0.539423	0.534753	0.948102	0.962277	0.966896	0.965623	0.964192	0.964942	0.590442	0.598702	0.598875	0.601788	0.602412	0.602059	0.553244	0.544377	0.544377	0.534786	0.554526	0.550998	0.58226	0.570249	0.566868	0.563303	0.570147	0.568106
ERR608829-k20-n1-x5e9	0.470331	0.456453	0.439133	0.450577	0.455829	0.450044	0.482648	0.358295	0.439167	0.480793	0.485049	0.488992	0.452032	0.451894	0.416195	0.500305	0.498977	0.491846	0.427229	0.522789	0.373766	0.464831	0.459611	0.356627	0	0.280771	0.282684	0.36897	0.364949	0.363639	0.392578	0.491315	0.495311	0.417994	0.421236	0.419031	0.377668	0.384547	0.428434	0.425887	0.426562	0.426461	0.34968	0.350524	0.348717	0.363238	0.362037	0.362887	0.585906	0.590844	0.592153	0.587099	0.586707	0.587448	0.518007	0.532161	0.54396	0.543628	0.546567	0.532704	0.571457	0.576374	0.57629	0.547976	0.550707	0.547905	0.571403	0.571575	0.57249	0.54833	0.551605	0.547634	0.95259	0.96258	0.966496	0.965602	0.964406	0.965059	0.594931	0.598878	0.5998	0.602174	0.602545	0.602649	0.580149	0.576646	0.577197	0.569846	0.589637	0.586746	0.5884	0.580163	0.577314	0.574312	0.58388	0.581952
ERR608830-k20-n1-x5e9	0.459801	0.446151	0.428998	0.440286	0.445336	0.439744	0.470556	0.35675	0.427329	0.469229	0.473518	0.477582	0.443715	0.443935	0.417145	0.49275	0.491556	0.484957	0.42017	0.51172	0.366539	0.454002	0.448913	0.355411	0.280771	0	0.282714	0.355698	0.352009	0.350842	0.384106	0.479284	0.483066	0.406896	0.410291	0.408174	0.380095	0.389529	0.418166	0.416438	0.417363	0.417268	0.350644	0.35021	0.348666	0.35687	0.355215	0.3567	0.578011	0.582452	0.583967	0.579299	0.57881	0.579505	0.513432	0.52484	0.53599	0.535605	0.538426	0.525383	0.562422	0.567016	0.567224	0.540214	0.542914	0.539993	0.563967	0.563547	0.564863	0.542879	0.546194	0.542477	0.95107	0.960045	0.963602	0.962963	0.961782	0.962411	0.587899	0.590975	0.592336	0.594727	0.595049	0.595075	0.573533	0.570472	0.571274	0.563735	0.584598	0.58161	0.580088	0.572292	0.569521	0.566344	0.577052	0.574986
ERR608831-k20-n1-x5e9	0.479573	0.465832	0.448571	0.460089	0.465234	0.459561	0.490712	0.365049	0.447205	0.489865	0.4941	0.498198	0.461671	0.461542	0.423418	0.511456	0.510238	0.503345	0.437119	0.53126	0.378702	0.473056	0.467664	0.358921	0.282684	0.282714	0	0.378164	0.374325	0.373118	0.400823	0.498355	0.50215	0.424063	0.427403	0.425064	0.373944	0.380301	0.433169	0.431085	0.432347	0.432422	0.352106	0.352526	0.349624	0.367517	0.366123	0.367169	0.595746	0.600314	0.601905	0.596974	0.596475	0.597184	0.528011	0.541249	0.553177	0.552569	0.555708	0.541932	0.58062	0.585257	0.585488	0.556972	0.559726	0.556697	0.58082	0.580959	0.582028	0.557445	0.56083	0.556726	0.956307	0.966049	0.969802	0.969055	0.967813	0.96848	0.604467	0.608193	0.609556	0.612054	0.612326	0.612415	0.589617	0.585994	0.586728	0.57895	0.599669	0.596718	0.597932	0.589982	0.587151	0.583942	0.594413	0.592532
ERR608832-k20-n1-x5e9	0.345817	0.3415	0.336565	0.337648	0.339406	0.336813	0.350455	0.397158	0.331664	0.34925	0.351966	0.354145	0.375177	0.37624	0.453564	0.402211	0.401296	0.405302	0.370248	0.381796	0.367798	0.349638	0.348176	0.419406	0.36897	0.355698	0.378164	0	0.255053	0.254959	0.344212	0.363664	0.36635	0.33861	0.342397	0.342622	0.478435	0.499152	0.359198	0.361162	0.359521	0.359711	0.41223	0.406037	0.411724	0.360399	0.362053	0.362934	0.484168	0.483975	0.485586	0.484725	0.483802	0.483303	0.471081	0.455554	0.45581	0.454968	0.45582	0.4555	0.461817	0.462915	0.463001	0.465181	0.465516	0.465312	0.486747	0.48179	0.483552	0.499315	0.500545	0.499871	0.939338	0.93754	0.93824	0.939219	0.937984	0.938371	0.510899	0.504491	0.506686	0.50888	0.508792	0.509047	0.495593	0.499815	0.502832	0.499612	0.51706	0.515464	0.476276	0.474479	0.473032	0.471422	0.484167	0.482501
ERR608833-k20-n1-x5e9	0.348305	0.3437	0.338597	0.33957	0.341622	0.338681	0.35221	0.394909	0.332279	0.350996	0.353756	0.35629	0.375937	0.376674	0.451675	0.403902	0.402996	0.406593	0.371086	0.384867	0.36629	0.351805	0.350176	0.416958	0.364949	0.352009	0.374325	0.255053	0	0.254957	0.34421	0.366308	0.368975	0.339352	0.343199	0.34328	0.474766	0.495448	0.358718	0.361152	0.359554	0.359826	0.408897	0.402834	0.408288	0.35768	0.359309	0.360141	0.485579	0.48539	0.487178	0.486219	0.485319	0.484814	0.471345	0.456459	0.456765	0.456138	0.456952	0.456392	0.463398	0.464673	0.46471	0.465922	0.466513	0.466201	0.487708	0.482712	0.48448	0.499441	0.500786	0.500283	0.939394	0.937813	0.938616	0.93951	0.938338	0.938721	0.511819	0.505703	0.507833	0.510025	0.510118	0.510251	0.496862	0.500996	0.503939	0.500666	0.518406	0.516771	0.478055	0.476046	0.474772	0.473062	0.485995	0.484329
ERR608834-k20-n1-x5e9	0.34953	0.344738	0.339242	0.340608	0.342591	0.339814	0.353684	0.39406	0.333334	0.352367	0.355055	0.357446	0.376234	0.376946	0.450997	0.404099	0.403285	0.406811	0.370954	0.386394	0.366056	0.353189	0.351361	0.416088	0.363639	0.350842	0.373118	0.254959	0.254957	0	0.343855	0.367959	0.370412	0.339777	0.343814	0.343874	0.473749	0.494694	0.359268	0.36156	0.360453	0.360356	0.408239	0.402374	0.407831	0.357452	0.359217	0.360099	0.486185	0.486114	0.487912	0.486859	0.48592	0.485528	0.470826	0.456458	0.457146	0.456403	0.457288	0.456569	0.464087	0.465529	0.465518	0.466098	0.466603	0.466296	0.488047	0.482939	0.484812	0.49909	0.500417	0.49976	0.939137	0.937784	0.938644	0.939539	0.938345	0.938731	0.512167	0.506196	0.50832	0.510627	0.51054	0.510876	0.497218	0.501324	0.504163	0.500912	0.518607	0.51681	0.479165	0.476934	0.475337	0.473698	0.486615	0.484891
ERR606036-k20-n1-x5e9	0.371674	0.361403	0.350885	0.357484	0.361488	0.357636	0.407441	0.392918	0.378124	0.404533	0.40773	0.410743	0.394555	0.394878	0.440175	0.427634	0.42648	0.426444	0.353753	0.415882	0.346978	0.36612	0.362165	0.384859	0.392578	0.384106	0.400823	0.344212	0.34421	0.343855	0	0.338388	0.342925	0.285823	0.284712	0.285109	0.44752	0.464909	0.358616	0.353445	0.351392	0.348439	0.400675	0.397806	0.403414	0.368209	0.369714	0.370445	0.540978	0.541813	0.541111	0.540859	0.540195	0.539876	0.507263	0.50556	0.510681	0.510769	0.512034	0.50547	0.525843	0.528232	0.52709	0.527769	0.528629	0.527596	0.54533	0.542773	0.542648	0.548124	0.549097	0.54713	0.951139	0.953791	0.955607	0.955852	0.954199	0.954892	0.566663	0.562785	0.562718	0.564593	0.564563	0.564351	0.528943	0.529528	0.532263	0.528558	0.541052	0.539552	0.523555	0.520025	0.519276	0.519912	0.52211	0.521577
ERR606037-k20-n1-x5e9	0.351688	0.358793	0.369454	0.357583	0.358213	0.358402	0.364621	0.494523	0.375962	0.373964	0.373523	0.373268	0.436329	0.437247	0.545039	0.455083	0.454176	0.465667	0.425778	0.346294	0.430884	0.347933	0.349943	0.49569	0.491315	0.479284	0.498355	0.363664	0.366308	0.367959	0.338388	0	0.247853	0.293415	0.29241	0.294536	0.540451	0.562213	0.362887	0.367489	0.366635	0.366632	0.488832	0.48263	0.488528	0.429843	0.431982	0.432247	0.522393	0.513353	0.514993	0.521215	0.519433	0.517223	0.547578	0.515888	0.508078	0.506702	0.506267	0.515694	0.497004	0.491337	0.491829	0.5279	0.526936	0.528129	0.549474	0.539838	0.542316	0.579507	0.579606	0.580171	0.968332	0.957559	0.955306	0.957956	0.956201	0.956439	0.56515	0.547944	0.551632	0.55452	0.553797	0.554184	0.529708	0.540315	0.545963	0.544222	0.560715	0.559829	0.48733	0.496156	0.499433	0.499571	0.512906	0.512225
ERR606038-k20-n1-x5e9	0.352908	0.360688	0.371588	0.35952	0.359924	0.360291	0.364236	0.498125	0.376786	0.3742	0.373524	0.373249	0.438168	0.438995	0.548258	0.456571	0.455661	0.467346	0.42882	0.345072	0.434411	0.348969	0.351263	0.499595	0.495311	0.483066	0.50215	0.36635	0.368975	0.370412	0.342925	0.247853	0	0.296809	0.296047	0.298098	0.544546	0.566399	0.366117	0.371002	0.370302	0.370438	0.492821	0.486583	0.492459	0.433414	0.435687	0.436022	0.522364	0.513072	0.514861	0.521125	0.519332	0.517058	0.549268	0.516705	0.508526	0.506953	0.506624	0.516547	0.496621	0.490671	0.491335	0.528168	0.527272	0.528407	0.549789	0.539898	0.542666	0.580403	0.580537	0.5812	0.968934	0.95778	0.955391	0.958056	0.956404	0.95659	0.565469	0.547765	0.551683	0.554418	0.553788	0.554179	0.529803	0.540701	0.546295	0.544749	0.561291	0.56034	0.48698	0.496162	0.499476	0.499486	0.513408	0.512545
ERR606039-k20-n1-x5e9	0.361122	0.356563	0.354961	0.353175	0.356903	0.353469	0.384741	0.43078	0.36762	0.390651	0.392796	0.39482	0.415522	0.416	0.487438	0.452281	0.450933	0.45549	0.389794	0.390331	0.367077	0.350939	0.348551	0.417544	0.417994	0.406896	0.424063	0.33861	0.339352	0.339777	0.285823	0.293415	0.296809	0	0.255075	0.255216	0.461051	0.482165	0.332639	0.329565	0.329409	0.329247	0.422799	0.417612	0.421829	0.375124	0.3767	0.377288	0.54268	0.53908	0.540258	0.541821	0.540515	0.539376	0.529702	0.513141	0.513596	0.512448	0.513918	0.513311	0.51993	0.518567	0.518787	0.530228	0.530648	0.530109	0.555027	0.548563	0.550359	0.565618	0.566905	0.565682	0.961944	0.95761	0.957435	0.958932	0.95703	0.957492	0.574455	0.5646	0.567252	0.570389	0.570054	0.570178	0.538567	0.543657	0.548622	0.543537	0.561902	0.56019	0.516349	0.51827	0.519792	0.51861	0.529182	0.52802
ERR606040-k20-n1-x5e9	0.361019	0.356223	0.354998	0.353548	0.356985	0.353909	0.388878	0.433566	0.372148	0.394399	0.396614	0.39848	0.417719	0.417872	0.489405	0.453488	0.452357	0.456989	0.389916	0.390244	0.368751	0.350841	0.348529	0.418755	0.421236	0.410291	0.427403	0.342397	0.343199	0.343814	0.284712	0.29241	0.296047	0.255075	0	0.252855	0.463345	0.484091	0.334542	0.329835	0.329464	0.328918	0.42594	0.420967	0.425074	0.379537	0.380781	0.381621	0.545452	0.541765	0.542672	0.544403	0.543097	0.541936	0.532291	0.516398	0.516743	0.515816	0.517039	0.516342	0.52305	0.521618	0.521703	0.533865	0.534225	0.533813	0.557999	0.551701	0.553265	0.568497	0.56973	0.568454	0.962837	0.958658	0.958562	0.96002	0.957969	0.95846	0.577184	0.5674	0.569762	0.573198	0.57264	0.572861	0.539933	0.544668	0.55003	0.545251	0.562151	0.560545	0.517689	0.519416	0.521459	0.520377	0.52933	0.528187
ERR606041-k20-n1-x5e9	0.362734	0.358111	0.356245	0.354833	0.358687	0.355181	0.389995	0.432177	0.372169	0.395862	0.397933	0.399998	0.418502	0.418767	0.488722	0.455458	0.45429	0.458696	0.390598	0.392707	0.367255	0.352075	0.349625	0.416513	0.419031	0.408174	0.425064	0.342622	0.34328	0.343874	0.285109	0.294536	0.298098	0.255216	0.252855	0	0.460409	0.481265	0.333746	0.329618	0.329275	0.329107	0.423922	0.418733	0.422691	0.377695	0.379105	0.379856	0.547282	0.543772	0.544697	0.546289	0.544967	0.543697	0.532698	0.517115	0.51783	0.516698	0.518199	0.517048	0.524857	0.523436	0.523624	0.534749	0.535188	0.534674	0.55939	0.553166	0.554817	0.569131	0.570528	0.569295	0.96326	0.959073	0.958947	0.960398	0.958415	0.958849	0.578773	0.568888	0.57145	0.574841	0.574492	0.574645	0.541761	0.546331	0.551484	0.546438	0.564168	0.56231	0.519855	0.521645	0.523354	0.522254	0.531902	0.530813
ERR605866-k20-n1-x5e9	0.533476	0.519619	0.503093	0.513771	0.52006	0.513233	0.562218	0.439638	0.521081	0.565523	0.569336	0.573283	0.546735	0.546767	0.506073	0.599232	0.597709	0.592412	0.499393	0.585793	0.424857	0.526495	0.520616	0.396351	0.377668	0.380095	0.373944	0.478435	0.474766	0.473749	0.44752	0.540451	0.544546	0.461051	0.463345	0.460409	0	0.286504	0.408633	0.406179	0.409165	0.41016	0.382361	0.383167	0.376532	0.402514	0.400276	0.401681	0.676841	0.678248	0.679721	0.67716	0.676505	0.676526	0.614221	0.624048	0.634324	0.633568	0.63648	0.624631	0.660403	0.662429	0.662875	0.646192	0.648456	0.646062	0.671434	0.669592	0.670997	0.653249	0.656807	0.65275	0.993296	0.999671	1.00239	1.00225	1.00089	1.00151	0.692488	0.691679	0.693808	0.696322	0.696495	0.696542	0.656602	0.654958	0.657078	0.648693	0.671411	0.668149	0.659743	0.655476	0.654528	0.651505	0.662946	0.661163
ERR605867-k20-n1-x5e9	0.552157	0.537681	0.520877	0.532272	0.538474	0.53186	0.583105	0.446622	0.541344	0.585473	0.58938	0.593316	0.560832	0.560493	0.507594	0.612651	0.611189	0.604795	0.511867	0.605031	0.438775	0.545399	0.539396	0.402189	0.384547	0.389529	0.380301	0.499152	0.495448	0.494694	0.464909	0.562213	0.566399	0.482165	0.484091	0.481265	0.286504	0	0.434385	0.430482	0.433114	0.433595	0.391655	0.394062	0.38673	0.420712	0.41857	0.419403	0.690602	0.692788	0.69398	0.690849	0.69033	0.690485	0.623445	0.636644	0.647812	0.647216	0.650168	0.637017	0.675784	0.678387	0.678675	0.659297	0.661598	0.659099	0.683372	0.682337	0.683438	0.662193	0.665567	0.661369	0.996281	1.00448	1.0077	1.00729	1.00582	1.0064	0.703952	0.704619	0.706145	0.708598	0.708844	0.708824	0.66814	0.66508	0.667242	0.658636	0.679841	0.67672	0.674927	0.66947	0.668607	0.665747	0.675206	0.67347
ERR605868-k20-n1-x5e9	0.383465	0.380157	0.377302	0.375298	0.379434	0.374986	0.409645	0.452341	0.394036	0.417435	0.419264	0.421324	0.4598	0.460625	0.522307	0.495316	0.493826	0.499599	0.425149	0.416275	0.395018	0.384079	0.382212	0.440136	0.428434	0.418166	0.433169	0.359198	0.358718	0.359268	0.358616	0.362887	0.366117	0.332639	0.334542	0.333746	0.408633	0.434385	0	0.263684	0.264596	0.26646	0.414081	0.407948	0.410573	0.362444	0.363611	0.364818	0.562797	0.557229	0.559053	0.562467	0.561025	0.55951	0.554156	0.536718	0.535697	0.534184	0.5351	0.53654	0.538626	0.535626	0.536119	0.555614	0.555527	0.555759	0.580432	0.572592	0.575089	0.595767	0.597483	0.596422	0.972617	0.966318	0.965535	0.967413	0.96591	0.966196	0.60033	0.587581	0.591031	0.593725	0.593313	0.593741	0.560202	0.567722	0.572618	0.568322	0.589099	0.587235	0.529966	0.534934	0.536405	0.535246	0.550492	0.548982
ERR605869-k20-n1-x5e9	0.381701	0.377162	0.374136	0.373201	0.37702	0.372786	0.415845	0.447236	0.398177	0.421588	0.423525	0.425893	0.457419	0.457902	0.515925	0.49142	0.490004	0.494941	0.418698	0.418824	0.391482	0.383728	0.38118	0.433799	0.425887	0.416438	0.431085	0.361162	0.361152	0.36156	0.353445	0.367489	0.371002	0.329565	0.329835	0.329618	0.406179	0.430482	0.263684	0	0.257119	0.257896	0.410963	0.40563	0.408611	0.362846	0.364002	0.365092	0.564811	0.560265	0.56103	0.563967	0.562719	0.561252	0.550991	0.536736	0.536608	0.535644	0.536582	0.536088	0.541868	0.53955	0.539442	0.556998	0.556903	0.557029	0.580577	0.573802	0.57532	0.593609	0.595094	0.593865	0.971637	0.966625	0.966279	0.967976	0.966124	0.966539	0.600976	0.589371	0.591836	0.594559	0.594363	0.594567	0.558792	0.565261	0.570567	0.566335	0.583919	0.582171	0.530686	0.534357	0.536352	0.535339	0.546107	0.544866
ERR605870-k20-n1-x5e9	0.37848	0.373731	0.370617	0.369587	0.373699	0.369204	0.414481	0.445612	0.396766	0.419512	0.421412	0.423451	0.454233	0.454773	0.513598	0.486993	0.48559	0.490551	0.414781	0.41633	0.390219	0.381434	0.378999	0.433605	0.426562	0.417363	0.432347	0.359521	0.359554	0.360453	0.351392	0.366635	0.370302	0.329409	0.329464	0.329275	0.409165	0.433114	0.264596	0.257119	0	0.256897	0.411328	0.406054	0.409278	0.362852	0.364072	0.365281	0.561678	0.557201	0.55792	0.560882	0.559597	0.55816	0.548334	0.534343	0.534245	0.533253	0.534141	0.533686	0.539241	0.537231	0.536961	0.555059	0.554798	0.554993	0.577511	0.570981	0.572343	0.591228	0.592645	0.591347	0.970357	0.965668	0.965381	0.96706	0.965163	0.96563	0.598227	0.586567	0.588916	0.591664	0.591265	0.591504	0.55566	0.562007	0.567238	0.563391	0.579963	0.578504	0.52781	0.531184	0.533199	0.532513	0.542092	0.541047
ERR605871-k20-n1-x5e9	0.376589	0.371409	0.368293	0.367677	0.37163	0.367397	0.414895	0.44434	0.397216	0.419137	0.421157	0.42317	0.451923	0.452484	0.511084	0.483531	0.482211	0.487261	0.411402	0.415259	0.38948	0.380545	0.378188	0.432691	0.426461	0.417268	0.432422	0.359711	0.359826	0.360356	0.348439	0.366632	0.370438	0.329247	0.328918	0.329107	0.41016	0.433595	0.26646	0.257896	0.256897	0	0.410728	0.405948	0.409215	0.363014	0.364311	0.365439	0.559742	0.555551	0.555925	0.558836	0.557623	0.556264	0.546145	0.533009	0.532972	0.532101	0.532924	0.532286	0.538012	0.536229	0.535709	0.554223	0.55394	0.554135	0.575598	0.569266	0.570385	0.589532	0.590723	0.589547	0.969395	0.965067	0.964846	0.9665	0.964531	0.965029	0.596482	0.585149	0.587203	0.589792	0.589387	0.58964	0.553187	0.559343	0.564751	0.561074	0.576656	0.5753	0.525896	0.528978	0.531002	0.530514	0.538861	0.537857
ERR608179-k20-n1-x5e9	0.481794	0.470303	0.455255	0.46467	0.469628	0.464042	0.500723	0.405994	0.463366	0.499322	0.503053	0.50662	0.487596	0.48784	0.477962	0.528118	0.526554	0.522889	0.454806	0.530647	0.411137	0.481353	0.476769	0.40565	0.34968	0.350644	0.352106	0.41223	0.408897	0.408239	0.400675	0.488832	0.492821	0.422799	0.42594	0.423922	0.382361	0.391655	0.414081	0.410963	0.411328	0.410728	0	0.295143	0.295767	0.313496	0.312293	0.312091	0.602413	0.603833	0.60405	0.602953	0.602443	0.602405	0.55684	0.563278	0.571214	0.570984	0.572947	0.563124	0.589572	0.592069	0.591439	0.583105	0.585034	0.583237	0.603587	0.601684	0.601953	0.596437	0.598743	0.596051	0.968584	0.973447	0.976047	0.975936	0.974666	0.975234	0.62459	0.62206	0.622838	0.624348	0.624496	0.624506	0.601808	0.602352	0.60395	0.599194	0.615821	0.614062	0.596345	0.592581	0.591123	0.590067	0.597244	0.596079
