.	ERR608203-k20-n1-x5e9	ERR608204-k20-n1-x5e9	ERR608205-k20-n1-x5e9	ERR608206-k20-n1-x5e9	ERR608207-k20-n1-x5e9	ERR608208-k20-n1-x5e9	ERR610031-k20-n1-x5e9	ERR610032-k20-n1-x5e9	ERR610033-k20-n1-x5e9	ERR610034-k20-n1-x5e9	ERR610035-k20-n1-x5e9	ERR610036-k20-n1-x5e9	ERR610187-k20-n1-x5e9	ERR610188-k20-n1-x5e9	ERR610189-k20-n1-x5e9	ERR610190-k20-n1-x5e9	ERR610191-k20-n1-x5e9	ERR610192-k20-n1-x5e9	ERR605581-k20-n1-x5e9	ERR605582-k20-n1-x5e9	ERR605583-k20-n1-x5e9	ERR605584-k20-n1-x5e9	ERR605585-k20-n1-x5e9	ERR605586-k20-n1-x5e9	ERR607585-k20-n1-x5e9	ERR607586-k20-n1-x5e9	ERR607587-k20-n1-x5e9	ERR607588-k20-n1-x5e9	ERR607589-k20-n1-x5e9	ERR607590-k20-n1-x5e9	ERR605737-k20-n1-x5e9	ERR605738-k20-n1-x5e9	ERR605739-k20-n1-x5e9	ERR605740-k20-n1-x5e9	ERR605741-k20-n1-x5e9	ERR605742-k20-n1-x5e9	ERR605781-k20-n1-x5e9	ERR605782-k20-n1-x5e9	ERR605783-k20-n1-x5e9	ERR605784-k20-n1-x5e9	ERR605785-k20-n1-x5e9	ERR605786-k20-n1-x5e9	ERR608811-k20-n1-x5e9	ERR608812-k20-n1-x5e9	ERR608813-k20-n1-x5e9	ERR608814-k20-n1-x5e9	ERR608815-k20-n1-x5e9	ERR608816-k20-n1-x5e9	ERR608787-k20-n1-x5e9	ERR608788-k20-n1-x5e9	ERR608789-k20-n1-x5e9	ERR608790-k20-n1-x5e9	ERR608791-k20-n1-x5e9	ERR608792-k20-n1-x5e9	ERR607781-k20-n1-x5e9	ERR607782-k20-n1-x5e9	ERR607783-k20-n1-x5e9	ERR607784-k20-n1-x5e9	ERR607785-k20-n1-x5e9	ERR607786-k20-n1-x5e9	ERR608985-k20-n1-x5e9	ERR608986-k20-n1-x5e9	ERR608987-k20-n1-x5e9	ERR608988-k20-n1-x5e9	ERR608989-k20-n1-x5e9	ERR608990-k20-n1-x5e9	ERR608025-k20-n1-x5e9	ERR608026-k20-n1-x5e9	ERR608027-k20-n1-x5e9	ERR608028-k20-n1-x5e9	ERR608029-k20-n1-x5e9	ERR608030-k20-n1-x5e9	ERR607983-k20-n1-x5e9	ERR607984-k20-n1-x5e9	ERR607985-k20-n1-x5e9	ERR607986-k20-n1-x5e9	ERR607987-k20-n1-x5e9	ERR607988-k20-n1-x5e9	ERR608389-k20-n1-x5e9	ERR608390-k20-n1-x5e9	ERR608391-k20-n1-x5e9	ERR608392-k20-n1-x5e9	ERR608393-k20-n1-x5e9	ERR608394-k20-n1-x5e9	ERR605701-k20-n1-x5e9	ERR605702-k20-n1-x5e9	ERR605703-k20-n1-x5e9	ERR605704-k20-n1-x5e9	ERR605705-k20-n1-x5e9	ERR605706-k20-n1-x5e9	ERR608099-k20-n1-x5e9	ERR608100-k20-n1-x5e9	ERR608101-k20-n1-x5e9	ERR608102-k20-n1-x5e9	ERR608103-k20-n1-x5e9	ERR608104-k20-n1-x5e9
ERR608203-k20-n1-x5e9	8.09326e-09	5.87958e-09	5.9059e-09	5.92273e-09	5.92671e-09	5.93247e-09	4.83182e-09	4.8457e-09	4.73481e-09	4.89937e-09	4.82381e-09	4.7861e-09	4.96307e-09	4.88351e-09	4.94618e-09	4.98932e-09	4.98972e-09	5.00889e-09	4.94517e-09	4.93577e-09	4.95814e-09	4.93871e-09	4.94754e-09	4.96239e-09	5.13938e-09	5.18522e-09	5.18235e-09	5.18686e-09	5.167e-09	5.18151e-09	4.9134e-09	4.86008e-09	4.86366e-09	4.87157e-09	4.86233e-09	4.87078e-09	4.81189e-09	4.80633e-09	4.77243e-09	4.77677e-09	4.75739e-09	4.76023e-09	5.18076e-09	5.17453e-09	5.18643e-09	5.22038e-09	5.22773e-09	5.25039e-09	3.76745e-09	3.81124e-09	3.79314e-09	3.81029e-09	3.80329e-09	3.79644e-09	3.81422e-09	3.7396e-09	3.78427e-09	3.69712e-09	3.78589e-09	3.70478e-09	3.86874e-09	3.88397e-09	3.88475e-09	3.86686e-09	3.84376e-09	3.85603e-09	3.4831e-09	3.52438e-09	3.52305e-09	3.53755e-09	3.53368e-09	3.5296e-09	3.74041e-09	3.7563e-09	3.76617e-09	3.70087e-09	3.69994e-09	3.69315e-09	3.8186e-09	3.86746e-09	3.87677e-09	3.88174e-09	3.88955e-09	3.86781e-09	3.67822e-09	3.66064e-09	3.6578e-09	3.64876e-09	3.64225e-09	3.64405e-09	3.85216e-09	3.87104e-09	3.82422e-09	3.84204e-09	3.84335e-09	3.84376e-09
ERR608204-k20-n1-x5e9	5.87958e-09	7.95737e-09	6.01582e-09	5.98735e-09	5.98737e-09	6.00287e-09	4.81509e-09	4.88034e-09	4.69849e-09	4.93966e-09	4.79184e-09	4.78122e-09	5.05745e-09	4.83329e-09	4.97346e-09	5.02251e-09	5.01483e-09	5.01572e-09	4.94824e-09	4.95304e-09	4.93437e-09	4.95232e-09	4.954e-09	4.95243e-09	5.01573e-09	5.14312e-09	5.14879e-09	5.14988e-09	5.14534e-09	5.13291e-09	4.89494e-09	4.90467e-09	4.89039e-09	4.92e-09	4.86894e-09	4.87061e-09	4.7795e-09	4.74687e-09	4.77032e-09	4.77008e-09	4.75169e-09	4.74826e-09	5.2163e-09	5.21335e-09	5.21433e-09	5.23786e-09	5.23314e-09	5.23575e-09	3.8248e-09	3.86337e-09	3.83529e-09	3.82169e-09	3.81832e-09	3.82182e-09	3.8484e-09	3.79192e-09	3.82811e-09	3.7555e-09	3.81764e-09	3.74499e-09	3.91498e-09	3.90678e-09	3.89624e-09	3.89389e-09	3.90659e-09	3.89243e-09	3.42746e-09	3.54767e-09	3.54187e-09	3.54529e-09	3.54274e-09	3.54493e-09	3.77191e-09	3.79238e-09	3.79126e-09	3.74923e-09	3.74921e-09	3.75348e-09	3.84123e-09	3.91087e-09	3.92139e-09	3.92966e-09	3.92201e-09	3.90401e-09	3.75536e-09	3.7131e-09	3.70071e-09	3.69339e-09	3.66218e-09	3.65714e-09	3.91091e-09	3.95295e-09	3.90681e-09	3.89361e-09	3.89108e-09	3.89398e-09
ERR608205-k20-n1-x5e9	5.9059e-09	6.01582e-09	7.78989e-09	5.97439e-09	5.97493e-09	5.97631e-09	4.8452e-09	4.88382e-09	4.67342e-09	4.90104e-09	4.77812e-09	4.76447e-09	5.05442e-09	4.80413e-09	5.00521e-09	4.95151e-09	4.96278e-09	4.94044e-09	4.92444e-09	4.92399e-09	4.93208e-09	4.93869e-09	4.92386e-09	4.93931e-09	4.98505e-09	5.11986e-09	5.1467e-09	5.13948e-09	5.14252e-09	5.1099e-09	4.83518e-09	4.88973e-09	4.89019e-09	4.91194e-09	4.86166e-09	4.86296e-09	4.7634e-09	4.7277e-09	4.80073e-09	4.78353e-09	4.77084e-09	4.76365e-09	5.2036e-09	5.25707e-09	5.20791e-09	5.25807e-09	5.2535e-09	5.25356e-09	3.83e-09	3.83986e-09	3.80578e-09	3.86775e-09	3.85481e-09	3.86581e-09	3.85975e-09	3.77667e-09	3.8276e-09	3.76311e-09	3.83013e-09	3.75287e-09	3.91316e-09	3.93011e-09	3.91726e-09	3.92533e-09	3.91813e-09	3.92e-09	3.44803e-09	3.5257e-09	3.55036e-09	3.54568e-09	3.54898e-09	3.54403e-09	3.7902e-09	3.80256e-09	3.79734e-09	3.76666e-09	3.75315e-09	3.75623e-09	3.8515e-09	3.91069e-09	3.94178e-09	3.94219e-09	3.93735e-09	3.90414e-09	3.75029e-09	3.74608e-09	3.73034e-09	3.73086e-09	3.69071e-09	3.70168e-09	3.92563e-09	3.96105e-09	3.93261e-09	3.90206e-09	3.92763e-09	3.94512e-09
ERR608206-k20-n1-x5e9	5.92273e-09	5.98735e-09	5.97439e-09	7.47235e-09	6.00664e-09	5.98669e-09	4.86632e-09	4.91083e-09	4.71964e-09	4.92721e-09	4.90006e-09	4.88258e-09	4.93758e-09	4.83464e-09	4.98798e-09	4.99947e-09	4.99368e-09	4.9982e-09	4.94822e-09	4.96489e-09	5.00466e-09	4.97557e-09	4.9704e-09	4.99213e-09	5.04508e-09	5.15536e-09	5.19573e-09	5.16288e-09	5.16501e-09	5.13856e-09	4.93283e-09	4.90563e-09	4.86168e-09	4.86931e-09	4.87542e-09	4.86837e-09	4.78067e-09	4.75224e-09	4.81656e-09	4.80459e-09	4.79199e-09	4.79035e-09	5.27396e-09	5.26072e-09	5.25431e-09	5.28015e-09	5.29187e-09	5.28387e-09	3.85164e-09	3.89085e-09	3.86748e-09	3.87966e-09	3.86819e-09	3.86439e-09	3.91429e-09	3.82938e-09	3.89616e-09	3.80143e-09	3.88256e-09	3.81372e-09	3.95773e-09	3.97142e-09	3.96926e-09	3.94721e-09	3.93734e-09	3.94232e-09	3.53352e-09	3.5962e-09	3.59949e-09	3.61485e-09	3.61485e-09	3.60804e-09	3.83014e-09	3.85575e-09	3.85679e-09	3.78132e-09	3.77769e-09	3.78364e-09	3.86857e-09	3.94628e-09	3.97036e-09	3.96817e-09	3.97511e-09	3.94187e-09	3.76131e-09	3.78628e-09	3.77725e-09	3.78962e-09	3.76399e-09	3.77558e-09	3.96706e-09	4.02476e-09	3.98576e-09	3.93829e-09	3.94825e-09	3.95819e-09
ERR608207-k20-n1-x5e9	5.92671e-09	5.98737e-09	5.97493e-09	6.00664e-09	7.47293e-09	5.9983e-09	4.87064e-09	4.91677e-09	4.73695e-09	4.93147e-09	4.90464e-09	4.8913e-09	4.93789e-09	4.83767e-09	4.9842e-09	4.99939e-09	4.992e-09	4.99708e-09	4.95235e-09	4.97075e-09	5.01267e-09	4.98151e-09	4.97609e-09	4.99821e-09	5.048e-09	5.1595e-09	5.19716e-09	5.16121e-09	5.16765e-09	5.13698e-09	4.93406e-09	4.90683e-09	4.8653e-09	4.87127e-09	4.87614e-09	4.87035e-09	4.78e-09	4.75337e-09	4.8135e-09	4.80609e-09	4.78911e-09	4.79489e-09	5.26865e-09	5.26112e-09	5.25177e-09	5.29045e-09	5.28969e-09	5.28081e-09	3.8545e-09	3.89221e-09	3.87022e-09	3.88408e-09	3.86762e-09	3.87931e-09	3.91622e-09	3.83258e-09	3.89701e-09	3.80453e-09	3.89252e-09	3.817e-09	3.9587e-09	3.97215e-09	3.96887e-09	3.94624e-09	3.94911e-09	3.945e-09	3.54059e-09	3.59993e-09	3.60423e-09	3.61718e-09	3.61625e-09	3.61834e-09	3.83097e-09	3.85714e-09	3.86247e-09	3.78802e-09	3.78072e-09	3.78499e-09	3.87139e-09	3.95162e-09	3.97365e-09	3.9714e-09	3.97958e-09	3.94774e-09	3.76539e-09	3.79048e-09	3.78297e-09	3.79387e-09	3.77014e-09	3.78102e-09	3.967e-09	4.02665e-09	3.99002e-09	3.93944e-09	3.94798e-09	3.96474e-09
ERR608208-k20-n1-x5e9	5.93247e-09	6.00287e-09	5.97631e-09	5.98669e-09	5.9983e-09	7.46508e-09	4.86515e-09	4.91042e-09	4.72441e-09	4.9178e-09	4.90498e-09	4.89234e-09	4.97447e-09	4.8381e-09	4.99741e-09	4.98959e-09	4.98191e-09	5.00287e-09	4.9431e-09	4.97766e-09	4.98567e-09	4.98345e-09	4.977e-09	4.9984e-09	5.04491e-09	5.15333e-09	5.18661e-09	5.15062e-09	5.16263e-09	5.13257e-09	4.93277e-09	4.89199e-09	4.85773e-09	4.89982e-09	4.86665e-09	4.84595e-09	4.78985e-09	4.74712e-09	4.80147e-09	4.81902e-09	4.79668e-09	4.79496e-09	5.26391e-09	5.27639e-09	5.25984e-09	5.28789e-09	5.28878e-09	5.27443e-09	3.85374e-09	3.8925e-09	3.8711e-09	3.86995e-09	3.86974e-09	3.87379e-09	3.91482e-09	3.82098e-09	3.88164e-09	3.79625e-09	3.88296e-09	3.81615e-09	3.95618e-09	3.97305e-09	3.96079e-09	3.93796e-09	3.93103e-09	3.93813e-09	3.5283e-09	3.59039e-09	3.60975e-09	3.60478e-09	3.61027e-09	3.6181e-09	3.82704e-09	3.85416e-09	3.85757e-09	3.79019e-09	3.78059e-09	3.78703e-09	3.88189e-09	3.94595e-09	3.96161e-09	3.96627e-09	3.98204e-09	3.94173e-09	3.76834e-09	3.77883e-09	3.78829e-09	3.79363e-09	3.76568e-09	3.76509e-09	3.96918e-09	4.01556e-09	3.98656e-09	3.93058e-09	3.94409e-09	3.95196e-09
ERR610031-k20-n1-x5e9	4.83182e-09	4.81509e-09	4.8452e-09	4.86632e-09	4.87064e-09	4.86515e-09	8.97856e-09	5.55963e-09	5.47164e-09	5.57683e-09	5.55278e-09	5.53869e-09	4.68263e-09	4.69412e-09	4.68708e-09	4.73713e-09	4.74272e-09	4.73659e-09	4.89129e-09	4.89452e-09	4.91217e-09	4.89404e-09	4.89008e-09	4.88783e-09	4.88691e-09	4.93175e-09	4.90017e-09	4.89173e-09	4.9107e-09	4.88519e-09	5.17758e-09	5.19534e-09	5.18691e-09	5.19512e-09	5.22026e-09	5.23032e-09	5.50345e-09	5.56173e-09	5.0855e-09	5.10633e-09	5.09123e-09	5.10003e-09	5.22916e-09	5.15296e-09	5.23374e-09	5.03788e-09	5.05073e-09	5.04549e-09	3.42659e-09	3.46487e-09	3.46594e-09	3.34749e-09	3.35145e-09	3.34551e-09	3.51638e-09	3.42983e-09	3.48733e-09	3.37852e-09	3.49631e-09	3.41252e-09	3.52702e-09	3.53791e-09	3.54399e-09	3.39973e-09	3.39526e-09	3.40782e-09	3.24453e-09	3.34271e-09	3.35006e-09	3.34123e-09	3.36266e-09	3.36042e-09	3.47543e-09	3.47831e-09	3.47933e-09	3.32716e-09	3.32385e-09	3.33359e-09	3.45403e-09	3.5693e-09	3.5892e-09	3.58034e-09	3.58041e-09	3.56979e-09	3.69774e-09	3.69774e-09	3.69719e-09	3.68347e-09	3.69692e-09	3.6889e-09	3.53026e-09	3.53758e-09	3.52631e-09	3.5023e-09	3.51652e-09	3.51496e-09
ERR610032-k20-n1-x5e9	4.8457e-09	4.88034e-09	4.88382e-09	4.91083e-09	4.91677e-09	4.91042e-09	5.55963e-09	7.35034e-09	5.44327e-09	5.57939e-09	5.59482e-09	5.57208e-09	4.76779e-09	4.67206e-09	4.71687e-09	4.7724e-09	4.76459e-09	4.75412e-09	4.95754e-09	4.96853e-09	4.98387e-09	4.96517e-09	4.97197e-09	4.96546e-09	4.85929e-09	4.90004e-09	4.8834e-09	4.89341e-09	4.9056e-09	4.88498e-09	5.18708e-09	5.25919e-09	5.23726e-09	5.26708e-09	5.2771e-09	5.30009e-09	5.46398e-09	5.49182e-09	5.11551e-09	5.137e-09	5.11994e-09	5.12876e-09	5.20276e-09	5.17835e-09	5.19975e-09	5.06274e-09	5.05686e-09	5.06334e-09	3.56277e-09	3.5673e-09	3.57784e-09	3.4967e-09	3.50441e-09	3.50993e-09	3.59493e-09	3.56705e-09	3.56692e-09	3.51613e-09	3.58087e-09	3.50099e-09	3.59408e-09	3.61075e-09	3.61102e-09	3.56274e-09	3.57285e-09	3.56868e-09	3.39496e-09	3.39744e-09	3.42327e-09	3.41112e-09	3.42727e-09	3.42259e-09	3.55185e-09	3.5549e-09	3.56957e-09	3.49279e-09	3.4817e-09	3.48705e-09	3.62122e-09	3.62977e-09	3.65163e-09	3.64072e-09	3.64735e-09	3.62905e-09	3.83786e-09	3.83816e-09	3.83121e-09	3.80736e-09	3.82909e-09	3.83693e-09	3.62097e-09	3.65818e-09	3.64447e-09	3.57735e-09	3.59416e-09	3.59049e-09
ERR610033-k20-n1-x5e9	4.73481e-09	4.69849e-09	4.67342e-09	4.71964e-09	4.73695e-09	4.72441e-09	5.47164e-09	5.44327e-09	1.43372e-08	5.44666e-09	5.57933e-09	5.56264e-09	4.61773e-09	4.80974e-09	4.65615e-09	4.64355e-09	4.63376e-09	4.64007e-09	4.84218e-09	4.86536e-09	4.8699e-09	4.84178e-09	4.85756e-09	4.84881e-09	5.01944e-09	4.90585e-09	4.89582e-09	4.97412e-09	4.97702e-09	4.9922e-09	5.10196e-09	5.13455e-09	5.12584e-09	5.148e-09	5.18332e-09	5.18335e-09	5.64297e-09	5.72761e-09	5.06761e-09	5.09164e-09	5.07946e-09	5.09711e-09	5.1752e-09	5.12482e-09	5.18301e-09	4.96738e-09	4.97692e-09	4.97625e-09	3.31923e-09	3.31505e-09	3.32492e-09	3.23864e-09	3.24394e-09	3.24477e-09	3.35567e-09	3.30992e-09	3.33126e-09	3.26397e-09	3.34567e-09	3.27209e-09	3.3528e-09	3.36451e-09	3.37326e-09	3.29986e-09	3.30039e-09	3.30617e-09	3.18779e-09	3.19923e-09	3.19879e-09	3.19934e-09	3.21043e-09	3.21476e-09	3.31452e-09	3.32194e-09	3.34195e-09	3.23254e-09	3.24747e-09	3.23454e-09	3.41651e-09	3.40433e-09	3.4294e-09	3.41607e-09	3.4298e-09	3.40926e-09	3.56775e-09	3.58643e-09	3.58298e-09	3.58916e-09	3.60634e-09	3.60898e-09	3.37713e-09	3.40503e-09	3.40136e-09	3.32773e-09	3.33265e-09	3.32187e-09
ERR610034-k20-n1-x5e9	4.89937e-09	4.93966e-09	4.90104e-09	4.92721e-09	4.93147e-09	4.9178e-09	5.57683e-09	5.57939e-09	5.44666e-09	7.01663e-09	5.63742e-09	5.61555e-09	4.78305e-09	4.73024e-09	4.79296e-09	4.81423e-09	4.80177e-09	4.80163e-09	4.93505e-09	4.97715e-09	5.01562e-09	4.9676e-09	4.98227e-09	4.98714e-09	4.8966e-09	4.92561e-09	4.92722e-09	4.91945e-09	4.94591e-09	4.92913e-09	5.2099e-09	5.18457e-09	5.21077e-09	5.25306e-09	5.24077e-09	5.26368e-09	5.45315e-09	5.51478e-09	5.13323e-09	5.14784e-09	5.15347e-09	5.165e-09	5.27812e-09	5.25249e-09	5.24757e-09	5.10234e-09	5.11206e-09	5.10247e-09	3.59196e-09	3.60549e-09	3.62126e-09	3.54968e-09	3.55165e-09	3.55956e-09	3.64972e-09	3.60219e-09	3.61804e-09	3.54661e-09	3.64325e-09	3.55489e-09	3.65092e-09	3.65971e-09	3.67195e-09	3.61111e-09	3.60335e-09	3.6114e-09	3.44814e-09	3.46435e-09	3.46513e-09	3.46689e-09	3.48505e-09	3.47554e-09	3.60823e-09	3.60729e-09	3.61043e-09	3.53606e-09	3.53223e-09	3.53113e-09	3.67211e-09	3.68533e-09	3.70226e-09	3.68916e-09	3.69474e-09	3.68692e-09	3.85888e-09	3.87273e-09	3.86553e-09	3.88012e-09	3.88648e-09	3.89631e-09	3.67426e-09	3.73565e-09	3.72958e-09	3.63347e-09	3.64108e-09	3.6398e-09
ERR610035-k20-n1-x5e9	4.82381e-09	4.79184e-09	4.77812e-09	4.90006e-09	4.90464e-09	4.90498e-09	5.55278e-09	5.59482e-09	5.57933e-09	5.63742e-09	7.89866e-09	5.77977e-09	4.63073e-09	4.69384e-09	4.64511e-09	4.73042e-09	4.73767e-09	4.73658e-09	5.08258e-09	5.0563e-09	5.0642e-09	5.02125e-09	5.0236e-09	5.01783e-09	4.98159e-09	4.92628e-09	4.90654e-09	4.92417e-09	4.95241e-09	4.92601e-09	5.32541e-09	5.38255e-09	5.33326e-09	5.31581e-09	5.46618e-09	5.46119e-09	5.65693e-09	5.75633e-09	5.17517e-09	5.23515e-09	5.23749e-09	5.25679e-09	5.29697e-09	5.24585e-09	5.27824e-09	5.04033e-09	5.06115e-09	5.0698e-09	3.56583e-09	3.53727e-09	3.5646e-09	3.46036e-09	3.45909e-09	3.46257e-09	3.57425e-09	3.53778e-09	3.5398e-09	3.49758e-09	3.57939e-09	3.47428e-09	3.59619e-09	3.6001e-09	3.61656e-09	3.52815e-09	3.52808e-09	3.53407e-09	3.47821e-09	3.45663e-09	3.43328e-09	3.44815e-09	3.4783e-09	3.46627e-09	3.56486e-09	3.55053e-09	3.57139e-09	3.43222e-09	3.4499e-09	3.44622e-09	3.62379e-09	3.60622e-09	3.62363e-09	3.60521e-09	3.60302e-09	3.61341e-09	3.84462e-09	3.85884e-09	3.85427e-09	3.8433e-09	3.90877e-09	3.90414e-09	3.57345e-09	3.58374e-09	3.60825e-09	3.55643e-09	3.53205e-09	3.53134e-09
ERR610036-k20-n1-x5e9	4.7861e-09	4.78122e-09	4.76447e-09	4.88258e-09	4.8913e-09	4.89234e-09	5.53869e-09	5.57208e-09	5.56264e-09	5.61555e-09	5.77977e-09	7.84059e-09	4.63777e-09	4.67468e-09	4.63231e-09	4.74366e-09	4.73125e-09	4.72385e-09	5.05947e-09	5.04442e-09	5.03551e-09	5.00435e-09	5.01976e-09	5.00657e-09	4.95059e-09	4.90827e-09	4.89144e-09	4.91194e-09	4.92863e-09	4.90258e-09	5.29896e-09	5.35798e-09	5.333e-09	5.3174e-09	5.44258e-09	5.43298e-09	5.63461e-09	5.738e-09	5.16238e-09	5.21687e-09	5.21703e-09	5.24008e-09	5.27359e-09	5.22641e-09	5.25961e-09	5.03764e-09	5.01848e-09	5.01961e-09	3.55865e-09	3.5358e-09	3.57298e-09	3.45589e-09	3.46707e-09	3.45982e-09	3.55192e-09	3.54827e-09	3.52177e-09	3.48457e-09	3.56773e-09	3.47688e-09	3.59794e-09	3.59077e-09	3.60721e-09	3.52356e-09	3.5171e-09	3.53738e-09	3.48102e-09	3.44376e-09	3.43637e-09	3.4418e-09	3.47288e-09	3.47099e-09	3.56301e-09	3.53091e-09	3.54203e-09	3.44571e-09	3.44566e-09	3.44902e-09	3.62217e-09	3.61126e-09	3.62019e-09	3.59572e-09	3.591e-09	3.62048e-09	3.84441e-09	3.85783e-09	3.84485e-09	3.82153e-09	3.90749e-09	3.89856e-09	3.57839e-09	3.59856e-09	3.6133e-09	3.55041e-09	3.53655e-09	3.53841e-09
ERR610187-k20-n1-x5e9	4.96307e-09	5.05745e-09	5.05442e-09	4.93758e-09	4.93789e-09	4.97447e-09	4.68263e-09	4.76779e-09	4.61773e-09	4.78305e-09	4.63073e-09	4.63777e-09	9.25763e-09	6.05223e-09	6.16814e-09	6.07686e-09	6.08584e-09	6.09352e-09	4.64497e-09	4.61366e-09	4.63554e-09	4.63301e-09	4.63955e-09	4.64262e-09	4.88485e-09	4.99998e-09	4.99441e-09	5.04638e-09	5.05654e-09	5.01201e-09	4.77686e-09	4.76214e-09	4.75784e-09	4.80146e-09	4.71649e-09	4.72595e-09	4.67427e-09	4.65619e-09	4.58646e-09	4.58633e-09	4.56363e-09	4.56264e-09	4.79863e-09	4.82649e-09	4.79117e-09	4.82567e-09	4.83125e-09	4.82945e-09	3.99077e-09	4.01991e-09	4.01627e-09	3.95394e-09	3.95233e-09	3.94558e-09	4.01126e-09	4.01124e-09	3.99121e-09	3.99786e-09	3.98993e-09	3.8967e-09	4.03003e-09	4.03813e-09	4.03052e-09	3.94991e-09	3.95472e-09	3.9467e-09	3.60406e-09	3.74478e-09	3.73549e-09	3.7445e-09	3.74095e-09	3.75311e-09	4.00577e-09	3.99352e-09	3.99946e-09	3.95767e-09	3.96579e-09	3.94682e-09	3.89764e-09	4.00851e-09	4.00166e-09	4.00959e-09	4.00802e-09	3.99778e-09	3.81374e-09	3.79971e-09	3.79484e-09	3.82157e-09	3.77402e-09	3.77803e-09	4.0531e-09	4.08252e-09	4.04009e-09	4.05941e-09	4.06804e-09	4.07061e-09
ERR610188-k20-n1-x5e9	4.88351e-09	4.83329e-09	4.80413e-09	4.83464e-09	4.83767e-09	4.8381e-09	4.69412e-09	4.67206e-09	4.80974e-09	4.73024e-09	4.69384e-09	4.67468e-09	6.05223e-09	1.26828e-08	6.066e-09	6.09806e-09	6.10133e-09	6.10537e-09	4.67615e-09	4.66426e-09	4.66896e-09	4.66138e-09	4.66183e-09	4.65524e-09	5.24877e-09	5.1201e-09	5.08841e-09	5.24063e-09	5.25056e-09	5.23632e-09	4.78726e-09	4.76996e-09	4.74963e-09	4.76378e-09	4.76273e-09	4.75619e-09	4.82493e-09	4.82466e-09	4.58487e-09	4.59925e-09	4.59708e-09	4.60192e-09	4.71417e-09	4.7005e-09	4.70548e-09	4.68998e-09	4.68053e-09	4.68455e-09	3.83551e-09	3.83406e-09	3.84958e-09	3.76485e-09	3.76183e-09	3.76038e-09	3.84668e-09	3.89729e-09	3.81754e-09	3.8595e-09	3.83827e-09	3.7554e-09	3.86731e-09	3.85495e-09	3.86168e-09	3.80301e-09	3.7836e-09	3.80127e-09	3.62415e-09	3.63644e-09	3.61496e-09	3.63226e-09	3.63171e-09	3.63978e-09	3.84706e-09	3.83629e-09	3.84805e-09	3.79817e-09	3.81047e-09	3.7949e-09	3.80656e-09	3.82861e-09	3.82397e-09	3.81664e-09	3.82414e-09	3.82885e-09	3.68148e-09	3.68379e-09	3.6848e-09	3.68338e-09	3.69743e-09	3.69848e-09	3.85454e-09	3.84713e-09	3.84345e-09	3.83148e-09	3.82135e-09	3.83412e-09
ERR610189-k20-n1-x5e9	4.94618e-09	4.97346e-09	5.00521e-09	4.98798e-09	4.9842e-09	4.99741e-09	4.68708e-09	4.71687e-09	4.65615e-09	4.79296e-09	4.64511e-09	4.63231e-09	6.16814e-09	6.066e-09	9.67286e-09	6.11186e-09	6.1116e-09	6.10038e-09	4.63471e-09	4.61741e-09	4.65239e-09	4.63349e-09	4.64322e-09	4.64166e-09	4.9662e-09	5.07999e-09	5.06632e-09	5.02839e-09	5.0372e-09	5.02628e-09	4.76694e-09	4.73068e-09	4.74203e-09	4.78858e-09	4.71711e-09	4.72088e-09	4.705e-09	4.68787e-09	4.59644e-09	4.56474e-09	4.57372e-09	4.57207e-09	4.80153e-09	4.81164e-09	4.80808e-09	4.79e-09	4.79672e-09	4.8007e-09	3.89184e-09	3.93282e-09	3.92459e-09	3.91965e-09	3.89992e-09	3.89449e-09	3.98502e-09	3.94141e-09	3.96876e-09	3.90846e-09	3.97088e-09	3.87267e-09	3.97489e-09	3.99223e-09	3.99013e-09	3.91097e-09	3.89654e-09	3.89779e-09	3.60215e-09	3.69405e-09	3.72126e-09	3.70566e-09	3.71257e-09	3.71351e-09	3.97791e-09	3.97405e-09	3.97491e-09	3.89408e-09	3.89508e-09	3.87783e-09	3.84779e-09	3.94869e-09	3.97216e-09	3.97799e-09	3.982e-09	3.94148e-09	3.77734e-09	3.75676e-09	3.74227e-09	3.78575e-09	3.7289e-09	3.747e-09	4.01368e-09	4.02188e-09	3.99042e-09	3.98825e-09	4.01452e-09	4.01453e-09
ERR610190-k20-n1-x5e9	4.98932e-09	5.02251e-09	4.95151e-09	4.99947e-09	4.99939e-09	4.98959e-09	4.73713e-09	4.7724e-09	4.64355e-09	4.81423e-09	4.73042e-09	4.74366e-09	6.07686e-09	6.09806e-09	6.11186e-09	8.68974e-09	6.10548e-09	6.1091e-09	4.71566e-09	4.69431e-09	4.72249e-09	4.71754e-09	4.70246e-09	4.71829e-09	4.95071e-09	4.98782e-09	4.99201e-09	5.07104e-09	5.05953e-09	5.06026e-09	4.81109e-09	4.80137e-09	4.80164e-09	4.81903e-09	4.77014e-09	4.77994e-09	4.70502e-09	4.64939e-09	4.63113e-09	4.63323e-09	4.62114e-09	4.62281e-09	4.79208e-09	4.81995e-09	4.78297e-09	4.86681e-09	4.86268e-09	4.85924e-09	4.01315e-09	4.03106e-09	4.02271e-09	3.98531e-09	3.97599e-09	3.98317e-09	4.05143e-09	4.04504e-09	4.03074e-09	4.02603e-09	4.02504e-09	3.94936e-09	4.05318e-09	4.0376e-09	4.04133e-09	4.02122e-09	4.0267e-09	4.02394e-09	3.70987e-09	3.78144e-09	3.76473e-09	3.77135e-09	3.77052e-09	3.77558e-09	4.02419e-09	4.03745e-09	4.03965e-09	4.02661e-09	4.0283e-09	4.02219e-09	3.98449e-09	4.01437e-09	4.01921e-09	4.02494e-09	4.02419e-09	4.0005e-09	3.82495e-09	3.85025e-09	3.85526e-09	3.87415e-09	3.84232e-09	3.84267e-09	4.08668e-09	4.10011e-09	4.07626e-09	4.04881e-09	4.03896e-09	4.05444e-09
ERR610191-k20-n1-x5e9	4.98972e-09	5.01483e-09	4.96278e-09	4.99368e-09	4.992e-09	4.98191e-09	4.74272e-09	4.76459e-09	4.63376e-09	4.80177e-09	4.73767e-09	4.73125e-09	6.08584e-09	6.10133e-09	6.1116e-09	6.10548e-09	8.71078e-09	6.11738e-09	4.70445e-09	4.68725e-09	4.72333e-09	4.71854e-09	4.70749e-09	4.714e-09	4.95591e-09	4.99401e-09	4.99423e-09	5.06028e-09	5.05585e-09	5.0507e-09	4.80312e-09	4.79032e-09	4.79019e-09	4.81447e-09	4.77863e-09	4.79144e-09	4.70038e-09	4.64479e-09	4.64172e-09	4.62512e-09	4.61674e-09	4.61722e-09	4.79214e-09	4.8102e-09	4.78608e-09	4.85573e-09	4.86807e-09	4.85141e-09	4.02315e-09	4.03702e-09	4.04144e-09	3.99908e-09	3.98341e-09	3.9945e-09	4.05325e-09	4.04623e-09	4.03481e-09	4.04117e-09	4.03588e-09	3.94717e-09	4.06062e-09	4.03979e-09	4.04739e-09	4.02411e-09	4.03684e-09	4.02463e-09	3.72514e-09	3.79245e-09	3.769e-09	3.77697e-09	3.77849e-09	3.78307e-09	4.02868e-09	4.04166e-09	4.04142e-09	4.03611e-09	4.0332e-09	4.03068e-09	3.98749e-09	4.01077e-09	4.01697e-09	4.02051e-09	4.03483e-09	4.00497e-09	3.82942e-09	3.85704e-09	3.85479e-09	3.87275e-09	3.84136e-09	3.84204e-09	4.09169e-09	4.10967e-09	4.07583e-09	4.05623e-09	4.05484e-09	4.06442e-09
ERR610192-k20-n1-x5e9	5.00889e-09	5.01572e-09	4.94044e-09	4.9982e-09	4.99708e-09	5.00287e-09	4.73659e-09	4.75412e-09	4.64007e-09	4.80163e-09	4.73658e-09	4.72385e-09	6.09352e-09	6.10537e-09	6.10038e-09	6.1091e-09	6.11738e-09	8.66492e-09	4.72036e-09	4.69104e-09	4.72175e-09	4.70636e-09	4.70094e-09	4.71275e-09	4.96062e-09	4.98759e-09	4.99006e-09	5.05497e-09	5.04735e-09	5.0536e-09	4.80571e-09	4.79934e-09	4.79453e-09	4.81984e-09	4.76785e-09	4.78439e-09	4.69804e-09	4.64372e-09	4.63105e-09	4.6241e-09	4.6247e-09	4.62484e-09	4.78888e-09	4.80776e-09	4.78038e-09	4.87028e-09	4.86107e-09	4.86455e-09	4.02656e-09	4.04146e-09	4.03057e-09	4.0004e-09	3.99591e-09	3.99655e-09	4.07207e-09	4.04865e-09	4.0346e-09	4.0462e-09	4.03874e-09	3.95272e-09	4.05589e-09	4.04446e-09	4.05153e-09	4.03308e-09	4.03901e-09	4.02432e-09	3.72765e-09	3.78753e-09	3.77062e-09	3.78327e-09	3.782e-09	3.76973e-09	4.04362e-09	4.05462e-09	4.05333e-09	4.04452e-09	4.03789e-09	4.02752e-09	3.99217e-09	4.00665e-09	4.03041e-09	4.02816e-09	4.04844e-09	4.00229e-09	3.83483e-09	3.85982e-09	3.85926e-09	3.86926e-09	3.84899e-09	3.84292e-09	4.10012e-09	4.12204e-09	4.09e-09	4.05978e-09	4.06317e-09	4.06828e-09
ERR605581-k20-n1-x5e9	4.94517e-09	4.94824e-09	4.92444e-09	4.94822e-09	4.95235e-09	4.9431e-09	4.89129e-09	4.95754e-09	4.84218e-09	4.93505e-09	5.08258e-09	5.05947e-09	4.64497e-09	4.67615e-09	4.63471e-09	4.71566e-09	4.70445e-09	4.72036e-09	8.66545e-09	5.74394e-09	5.73547e-09	5.71569e-09	5.72206e-09	5.72424e-09	4.92631e-09	4.93203e-09	4.89194e-09	4.96988e-09	4.98031e-09	4.95195e-09	5.02387e-09	5.01798e-09	5.01802e-09	5.02345e-09	5.08705e-09	5.07714e-09	4.73771e-09	4.73452e-09	4.70955e-09	4.73565e-09	4.73608e-09	4.75297e-09	5.01241e-09	4.98337e-09	4.99209e-09	5.01757e-09	5.00712e-09	5.02058e-09	3.58403e-09	3.56258e-09	3.57738e-09	3.40958e-09	3.41019e-09	3.41912e-09	3.54928e-09	3.54361e-09	3.52174e-09	3.50683e-09	3.55118e-09	3.456e-09	3.59173e-09	3.57944e-09	3.5987e-09	3.47346e-09	3.48582e-09	3.47032e-09	3.37519e-09	3.4451e-09	3.41391e-09	3.42204e-09	3.45249e-09	3.44696e-09	3.53426e-09	3.51607e-09	3.53339e-09	3.41965e-09	3.43282e-09	3.42925e-09	3.61754e-09	3.62111e-09	3.62314e-09	3.6023e-09	3.60805e-09	3.62675e-09	3.61668e-09	3.61291e-09	3.60057e-09	3.57956e-09	3.63098e-09	3.62755e-09	3.56103e-09	3.58416e-09	3.5931e-09	3.54065e-09	3.52628e-09	3.5248e-09
ERR605582-k20-n1-x5e9	4.93577e-09	4.95304e-09	4.92399e-09	4.96489e-09	4.97075e-09	4.97766e-09	4.89452e-09	4.96853e-09	4.86536e-09	4.97715e-09	5.0563e-09	5.04442e-09	4.61366e-09	4.66426e-09	4.61741e-09	4.69431e-09	4.68725e-09	4.69104e-09	5.74394e-09	9.02877e-09	5.73852e-09	5.72051e-09	5.72631e-09	5.72686e-09	4.93036e-09	4.93896e-09	4.91375e-09	4.93485e-09	4.95866e-09	4.91663e-09	5.00428e-09	5.05467e-09	5.01963e-09	5.00634e-09	5.09035e-09	5.07358e-09	4.73123e-09	4.73313e-09	4.70177e-09	4.73106e-09	4.72452e-09	4.74166e-09	4.98264e-09	4.96772e-09	4.9774e-09	5.01602e-09	5.00536e-09	5.01183e-09	3.55113e-09	3.5664e-09	3.58991e-09	3.41519e-09	3.4134e-09	3.41335e-09	3.5449e-09	3.54744e-09	3.52314e-09	3.48435e-09	3.55727e-09	3.46733e-09	3.60785e-09	3.59159e-09	3.60121e-09	3.45893e-09	3.45455e-09	3.45853e-09	3.38819e-09	3.45577e-09	3.42185e-09	3.44582e-09	3.45429e-09	3.4486e-09	3.53637e-09	3.51288e-09	3.54677e-09	3.38195e-09	3.39862e-09	3.39028e-09	3.59225e-09	3.63317e-09	3.6274e-09	3.60802e-09	3.60488e-09	3.63746e-09	3.61364e-09	3.61285e-09	3.60352e-09	3.57156e-09	3.64708e-09	3.6407e-09	3.56724e-09	3.55911e-09	3.57185e-09	3.54304e-09	3.52911e-09	3.52646e-09
ERR605583-k20-n1-x5e9	4.95814e-09	4.93437e-09	4.93208e-09	5.00466e-09	5.01267e-09	4.98567e-09	4.91217e-09	4.98387e-09	4.8699e-09	5.01562e-09	5.0642e-09	5.03551e-09	4.63554e-09	4.66896e-09	4.65239e-09	4.72249e-09	4.72333e-09	4.72175e-09	5.73547e-09	5.73852e-09	9.16885e-09	5.71637e-09	5.70943e-09	5.73566e-09	4.93148e-09	4.95795e-09	4.93763e-09	4.92e-09	4.94525e-09	4.9066e-09	5.05229e-09	5.06355e-09	5.05896e-09	5.04065e-09	5.11393e-09	5.10034e-09	4.83988e-09	4.85911e-09	4.77854e-09	4.78635e-09	4.78715e-09	4.80116e-09	5.07246e-09	5.03504e-09	5.07168e-09	5.06102e-09	5.05772e-09	5.0541e-09	3.53084e-09	3.5579e-09	3.574e-09	3.42001e-09	3.42002e-09	3.4076e-09	3.56423e-09	3.52577e-09	3.5389e-09	3.46048e-09	3.55822e-09	3.47906e-09	3.61722e-09	3.59937e-09	3.61492e-09	3.46409e-09	3.46967e-09	3.46796e-09	3.37903e-09	3.44033e-09	3.42154e-09	3.44903e-09	3.46033e-09	3.45845e-09	3.55292e-09	3.53508e-09	3.54966e-09	3.37722e-09	3.38703e-09	3.39344e-09	3.5734e-09	3.64503e-09	3.64219e-09	3.62803e-09	3.621e-09	3.6504e-09	3.62037e-09	3.6232e-09	3.61023e-09	3.5931e-09	3.65635e-09	3.64098e-09	3.58558e-09	3.5698e-09	3.57008e-09	3.55068e-09	3.55048e-09	3.55313e-09
ERR605584-k20-n1-x5e9	4.93871e-09	4.95232e-09	4.93869e-09	4.97557e-09	4.98151e-09	4.98345e-09	4.89404e-09	4.96517e-09	4.84178e-09	4.9676e-09	5.02125e-09	5.00435e-09	4.63301e-09	4.66138e-09	4.63349e-09	4.71754e-09	4.71854e-09	4.70636e-09	5.71569e-09	5.72051e-09	5.71637e-09	9.01057e-09	5.72058e-09	5.73179e-09	4.92502e-09	4.9494e-09	4.92243e-09	4.93451e-09	4.962e-09	4.90952e-09	5.01784e-09	5.03917e-09	5.02662e-09	5.01208e-09	5.08332e-09	5.0733e-09	4.76972e-09	4.76241e-09	4.72611e-09	4.74696e-09	4.74271e-09	4.75462e-09	5.00818e-09	4.99984e-09	5.0042e-09	5.02288e-09	5.01284e-09	5.01947e-09	3.54858e-09	3.56609e-09	3.57819e-09	3.42516e-09	3.41669e-09	3.41705e-09	3.5567e-09	3.54365e-09	3.52724e-09	3.47923e-09	3.56356e-09	3.47149e-09	3.61092e-09	3.60406e-09	3.61376e-09	3.47006e-09	3.46732e-09	3.462e-09	3.37476e-09	3.4449e-09	3.41496e-09	3.42954e-09	3.4561e-09	3.44785e-09	3.54455e-09	3.52505e-09	3.54113e-09	3.3874e-09	3.3944e-09	3.39004e-09	3.58356e-09	3.64051e-09	3.63903e-09	3.62201e-09	3.61776e-09	3.64274e-09	3.60117e-09	3.6106e-09	3.60189e-09	3.57089e-09	3.63496e-09	3.63083e-09	3.57697e-09	3.55114e-09	3.57259e-09	3.55712e-09	3.55122e-09	3.54865e-09
ERR605585-k20-n1-x5e9	4.94754e-09	4.954e-09	4.92386e-09	4.9704e-09	4.97609e-09	4.977e-09	4.89008e-09	4.97197e-09	4.85756e-09	4.98227e-09	5.0236e-09	5.01976e-09	4.63955e-09	4.66183e-09	4.64322e-09	4.70246e-09	4.70749e-09	4.70094e-09	5.72206e-09	5.72631e-09	5.70943e-09	5.72058e-09	8.99953e-09	5.74819e-09	4.92701e-09	4.94563e-09	4.91103e-09	4.93378e-09	4.95078e-09	4.924e-09	5.00591e-09	5.03312e-09	5.00395e-09	5.01227e-09	5.0774e-09	5.0774e-09	4.73166e-09	4.73051e-09	4.71064e-09	4.73919e-09	4.72969e-09	4.74727e-09	4.99427e-09	4.97499e-09	4.98063e-09	5.01949e-09	5.00725e-09	5.00966e-09	3.5652e-09	3.57935e-09	3.59724e-09	3.41797e-09	3.42872e-09	3.41949e-09	3.56626e-09	3.54853e-09	3.53853e-09	3.48315e-09	3.55919e-09	3.47832e-09	3.61779e-09	3.59935e-09	3.6189e-09	3.46676e-09	3.47228e-09	3.46898e-09	3.39566e-09	3.45508e-09	3.42966e-09	3.44131e-09	3.46425e-09	3.46484e-09	3.54084e-09	3.53375e-09	3.54342e-09	3.39855e-09	3.39977e-09	3.39637e-09	3.59428e-09	3.64456e-09	3.63239e-09	3.61697e-09	3.62896e-09	3.65163e-09	3.61019e-09	3.60541e-09	3.60075e-09	3.58232e-09	3.63163e-09	3.62977e-09	3.58581e-09	3.5739e-09	3.58466e-09	3.55381e-09	3.55144e-09	3.54872e-09
ERR605586-k20-n1-x5e9	4.96239e-09	4.95243e-09	4.93931e-09	4.99213e-09	4.99821e-09	4.9984e-09	4.88783e-09	4.96546e-09	4.84881e-09	4.98714e-09	5.01783e-09	5.00657e-09	4.64262e-09	4.65524e-09	4.64166e-09	4.71829e-09	4.714e-09	4.71275e-09	5.72424e-09	5.72686e-09	5.73566e-09	5.73179e-09	5.74819e-09	9.03666e-09	4.92606e-09	4.96093e-09	4.92648e-09	4.93555e-09	4.95592e-09	4.91414e-09	5.01941e-09	5.03249e-09	5.02155e-09	5.02461e-09	5.07516e-09	5.06681e-09	4.75379e-09	4.74502e-09	4.7203e-09	4.74104e-09	4.73649e-09	4.75153e-09	4.99924e-09	4.99287e-09	4.99803e-09	5.02238e-09	5.01236e-09	5.01708e-09	3.55556e-09	3.57073e-09	3.59896e-09	3.41842e-09	3.42891e-09	3.41495e-09	3.57235e-09	3.54724e-09	3.53426e-09	3.48371e-09	3.56385e-09	3.47087e-09	3.61092e-09	3.59842e-09	3.61019e-09	3.46738e-09	3.47224e-09	3.47817e-09	3.37661e-09	3.44435e-09	3.43118e-09	3.44455e-09	3.45925e-09	3.45325e-09	3.54441e-09	3.54097e-09	3.54727e-09	3.38851e-09	3.39755e-09	3.39385e-09	3.57972e-09	3.64465e-09	3.63857e-09	3.6251e-09	3.633e-09	3.64482e-09	3.60794e-09	3.6089e-09	3.59642e-09	3.57185e-09	3.63439e-09	3.63036e-09	3.57679e-09	3.56839e-09	3.58113e-09	3.55986e-09	3.55648e-09	3.54207e-09
ERR607585-k20-n1-x5e9	5.13938e-09	5.01573e-09	4.98505e-09	5.04508e-09	5.048e-09	5.04491e-09	4.88691e-09	4.85929e-09	5.01944e-09	4.8966e-09	4.98159e-09	4.95059e-09	4.88485e-09	5.24877e-09	4.9662e-09	4.95071e-09	4.95591e-09	4.96062e-09	4.92631e-09	4.93036e-09	4.93148e-09	4.92502e-09	4.92701e-09	4.92606e-09	1.32131e-08	6.18435e-09	6.10263e-09	6.2617e-09	6.25475e-09	6.24417e-09	4.91815e-09	4.89969e-09	4.8784e-09	4.8685e-09	4.94459e-09	4.92874e-09	5.02913e-09	5.05925e-09	4.78867e-09	4.8108e-09	4.81673e-09	4.82743e-09	5.00493e-09	4.97969e-09	4.98763e-09	5.00544e-09	4.99097e-09	4.99168e-09	3.443e-09	3.44469e-09	3.46134e-09	3.37003e-09	3.36921e-09	3.36535e-09	3.4425e-09	3.41227e-09	3.41209e-09	3.35327e-09	3.44405e-09	3.36458e-09	3.50915e-09	3.50276e-09	3.51374e-09	3.42275e-09	3.41695e-09	3.4107e-09	3.34488e-09	3.33955e-09	3.31124e-09	3.34104e-09	3.34218e-09	3.34499e-09	3.41467e-09	3.41329e-09	3.42801e-09	3.31847e-09	3.31181e-09	3.32165e-09	3.54223e-09	3.54772e-09	3.54246e-09	3.52521e-09	3.52713e-09	3.55423e-09	3.37942e-09	3.38616e-09	3.37375e-09	3.36205e-09	3.41823e-09	3.41e-09	3.46181e-09	3.45834e-09	3.46805e-09	3.43244e-09	3.42211e-09	3.42256e-09
ERR607586-k20-n1-x5e9	5.18522e-09	5.14312e-09	5.11986e-09	5.15536e-09	5.1595e-09	5.15333e-09	4.93175e-09	4.90004e-09	4.90585e-09	4.92561e-09	4.92628e-09	4.90827e-09	4.99998e-09	5.1201e-09	5.07999e-09	4.98782e-09	4.99401e-09	4.98759e-09	4.93203e-09	4.93896e-09	4.95795e-09	4.9494e-09	4.94563e-09	4.96093e-09	6.18435e-09	1.10207e-08	6.08796e-09	6.11963e-09	6.10243e-09	6.13321e-09	4.90351e-09	4.91071e-09	4.90049e-09	4.92564e-09	4.93943e-09	4.9416e-09	4.9602e-09	4.95016e-09	4.84843e-09	4.86151e-09	4.85403e-09	4.85595e-09	5.09907e-09	5.09779e-09	5.06904e-09	5.04075e-09	5.04447e-09	5.0308e-09	3.50968e-09	3.51831e-09	3.52237e-09	3.50471e-09	3.49796e-09	3.49955e-09	3.5346e-09	3.46879e-09	3.50619e-09	3.4308e-09	3.51778e-09	3.43937e-09	3.55954e-09	3.5498e-09	3.56882e-09	3.54293e-09	3.53119e-09	3.5326e-09	3.37454e-09	3.36243e-09	3.35533e-09	3.363e-09	3.368e-09	3.36602e-09	3.48135e-09	3.50074e-09	3.50991e-09	3.42979e-09	3.4251e-09	3.4225e-09	3.60303e-09	3.6033e-09	3.61137e-09	3.6046e-09	3.62089e-09	3.59685e-09	3.50263e-09	3.50901e-09	3.51283e-09	3.50035e-09	3.5222e-09	3.52296e-09	3.56166e-09	3.62758e-09	3.62851e-09	3.50782e-09	3.51009e-09	3.5015e-09
ERR607587-k20-n1-x5e9	5.18235e-09	5.14879e-09	5.1467e-09	5.19573e-09	5.19716e-09	5.18661e-09	4.90017e-09	4.8834e-09	4.89582e-09	4.92722e-09	4.90654e-09	4.89144e-09	4.99441e-09	5.08841e-09	5.06632e-09	4.99201e-09	4.99423e-09	4.99006e-09	4.89194e-09	4.91375e-09	4.93763e-09	4.92243e-09	4.91103e-09	4.92648e-09	6.10263e-09	6.08796e-09	1.04167e-08	6.05271e-09	6.07786e-09	6.05419e-09	4.90641e-09	4.9027e-09	4.87011e-09	4.91004e-09	4.89947e-09	4.88582e-09	4.92383e-09	4.92106e-09	4.82888e-09	4.83328e-09	4.81682e-09	4.82047e-09	5.10066e-09	5.09595e-09	5.0911e-09	5.05219e-09	5.053e-09	5.04575e-09	3.51164e-09	3.52657e-09	3.52411e-09	3.50641e-09	3.50167e-09	3.49041e-09	3.56639e-09	3.47294e-09	3.54094e-09	3.43471e-09	3.5493e-09	3.48062e-09	3.56793e-09	3.59037e-09	3.588e-09	3.53967e-09	3.539e-09	3.54799e-09	3.35217e-09	3.34671e-09	3.37552e-09	3.36526e-09	3.36342e-09	3.36853e-09	3.50571e-09	3.53196e-09	3.5496e-09	3.43757e-09	3.42892e-09	3.43414e-09	3.5914e-09	3.60923e-09	3.65029e-09	3.64539e-09	3.65843e-09	3.60712e-09	3.49325e-09	3.50613e-09	3.50243e-09	3.5003e-09	3.50235e-09	3.50262e-09	3.60777e-09	3.65379e-09	3.65269e-09	3.52717e-09	3.5378e-09	3.54926e-09
ERR607588-k20-n1-x5e9	5.18686e-09	5.14988e-09	5.13948e-09	5.16288e-09	5.16121e-09	5.15062e-09	4.89173e-09	4.89341e-09	4.97412e-09	4.91945e-09	4.92417e-09	4.91194e-09	5.04638e-09	5.24063e-09	5.02839e-09	5.07104e-09	5.06028e-09	5.05497e-09	4.96988e-09	4.93485e-09	4.92e-09	4.93451e-09	4.93378e-09	4.93555e-09	6.2617e-09	6.11963e-09	6.05271e-09	1.27128e-08	6.32945e-09	6.30185e-09	4.97625e-09	4.97668e-09	4.95589e-09	4.9585e-09	4.99576e-09	4.98285e-09	5.02389e-09	5.01118e-09	4.82091e-09	4.82524e-09	4.81979e-09	4.82176e-09	5.03842e-09	5.0175e-09	5.03334e-09	5.02475e-09	5.01869e-09	5.01629e-09	3.52828e-09	3.52042e-09	3.52611e-09	3.44427e-09	3.44567e-09	3.45046e-09	3.50877e-09	3.48405e-09	3.46909e-09	3.44438e-09	3.49614e-09	3.41331e-09	3.56661e-09	3.56209e-09	3.56375e-09	3.49692e-09	3.49985e-09	3.49345e-09	3.32958e-09	3.35932e-09	3.35237e-09	3.36476e-09	3.36708e-09	3.36873e-09	3.47526e-09	3.47368e-09	3.47774e-09	3.40235e-09	3.40147e-09	3.40301e-09	3.60001e-09	3.61043e-09	3.61436e-09	3.59532e-09	3.59237e-09	3.60771e-09	3.46952e-09	3.44321e-09	3.43224e-09	3.40599e-09	3.44322e-09	3.43711e-09	3.53146e-09	3.54759e-09	3.54428e-09	3.51254e-09	3.51035e-09	3.5121e-09
ERR607589-k20-n1-x5e9	5.167e-09	5.14534e-09	5.14252e-09	5.16501e-09	5.16765e-09	5.16263e-09	4.9107e-09	4.9056e-09	4.97702e-09	4.94591e-09	4.95241e-09	4.92863e-09	5.05654e-09	5.25056e-09	5.0372e-09	5.05953e-09	5.05585e-09	5.04735e-09	4.98031e-09	4.95866e-09	4.94525e-09	4.962e-09	4.95078e-09	4.95592e-09	6.25475e-09	6.10243e-09	6.07786e-09	6.32945e-09	1.26089e-08	6.31048e-09	4.95906e-09	4.99783e-09	4.97319e-09	4.97833e-09	5.02248e-09	5.00449e-09	5.0216e-09	5.0243e-09	4.83469e-09	4.84013e-09	4.82926e-09	4.83473e-09	5.03379e-09	5.01465e-09	5.02733e-09	5.0468e-09	5.02645e-09	5.03593e-09	3.52758e-09	3.5149e-09	3.51709e-09	3.4537e-09	3.45364e-09	3.4542e-09	3.48953e-09	3.47806e-09	3.47558e-09	3.42878e-09	3.48962e-09	3.41231e-09	3.56374e-09	3.56387e-09	3.56438e-09	3.49469e-09	3.4974e-09	3.50764e-09	3.33346e-09	3.36764e-09	3.34837e-09	3.36495e-09	3.3666e-09	3.36912e-09	3.47785e-09	3.45947e-09	3.47838e-09	3.40854e-09	3.41327e-09	3.41175e-09	3.60093e-09	3.61317e-09	3.60295e-09	3.58728e-09	3.59293e-09	3.60771e-09	3.48761e-09	3.44793e-09	3.44366e-09	3.41696e-09	3.4568e-09	3.45022e-09	3.5299e-09	3.55366e-09	3.54175e-09	3.51045e-09	3.50847e-09	3.50946e-09
ERR607590-k20-n1-x5e9	5.18151e-09	5.13291e-09	5.1099e-09	5.13856e-09	5.13698e-09	5.13257e-09	4.88519e-09	4.88498e-09	4.9922e-09	4.92913e-09	4.92601e-09	4.90258e-09	5.01201e-09	5.23632e-09	5.02628e-09	5.06026e-09	5.0507e-09	5.0536e-09	4.95195e-09	4.91663e-09	4.9066e-09	4.90952e-09	4.924e-09	4.91414e-09	6.24417e-09	6.13321e-09	6.05419e-09	6.30185e-09	6.31048e-09	1.2742e-08	4.95403e-09	4.96658e-09	4.92735e-09	4.92735e-09	4.97147e-09	4.95102e-09	5.00568e-09	5.01844e-09	4.79602e-09	4.79641e-09	4.80876e-09	4.80896e-09	5.02314e-09	5.02015e-09	5.01673e-09	5.02175e-09	5.03278e-09	5.03207e-09	3.527e-09	3.51947e-09	3.5278e-09	3.44122e-09	3.44974e-09	3.44465e-09	3.50527e-09	3.48613e-09	3.47845e-09	3.44191e-09	3.49598e-09	3.41087e-09	3.55765e-09	3.55073e-09	3.56233e-09	3.48804e-09	3.4867e-09	3.48487e-09	3.33189e-09	3.36599e-09	3.34724e-09	3.35658e-09	3.36157e-09	3.36434e-09	3.47735e-09	3.47089e-09	3.48477e-09	3.39394e-09	3.39434e-09	3.38864e-09	3.57519e-09	3.59714e-09	3.59697e-09	3.58714e-09	3.5967e-09	3.59643e-09	3.4493e-09	3.42817e-09	3.41379e-09	3.40525e-09	3.43159e-09	3.43727e-09	3.52696e-09	3.53714e-09	3.53757e-09	3.49682e-09	3.50508e-09	3.5003e-09
ERR605737-k20-n1-x5e9	4.9134e-09	4.89494e-09	4.83518e-09	4.93283e-09	4.93406e-09	4.93277e-09	5.17758e-09	5.18708e-09	5.10196e-09	5.2099e-09	5.32541e-09	5.29896e-09	4.77686e-09	4.78726e-09	4.76694e-09	4.81109e-09	4.80312e-09	4.80571e-09	5.02387e-09	5.00428e-09	5.05229e-09	5.01784e-09	5.00591e-09	5.01941e-09	4.91815e-09	4.90351e-09	4.90641e-09	4.97625e-09	4.95906e-09	4.95403e-09	8.74094e-09	6.22361e-09	6.19171e-09	6.18833e-09	6.20439e-09	6.20628e-09	6.27545e-09	6.32641e-09	5.51833e-09	5.54636e-09	5.5217e-09	5.52137e-09	5.66924e-09	5.62471e-09	5.68517e-09	5.40163e-09	5.38544e-09	5.39772e-09	3.5735e-09	3.57961e-09	3.57799e-09	3.49346e-09	3.49772e-09	3.51018e-09	3.56887e-09	3.52982e-09	3.54399e-09	3.49681e-09	3.5557e-09	3.48643e-09	3.59082e-09	3.56945e-09	3.57456e-09	3.5332e-09	3.55776e-09	3.536e-09	3.34273e-09	3.39916e-09	3.38646e-09	3.39132e-09	3.40084e-09	3.39144e-09	3.51209e-09	3.52305e-09	3.54782e-09	3.4864e-09	3.49562e-09	3.4872e-09	3.64124e-09	3.64331e-09	3.65265e-09	3.64611e-09	3.64919e-09	3.64459e-09	3.91832e-09	3.96903e-09	3.9787e-09	3.97997e-09	3.97036e-09	3.9874e-09	3.60847e-09	3.62482e-09	3.61483e-09	3.56325e-09	3.55039e-09	3.55438e-09
ERR605738-k20-n1-x5e9	4.86008e-09	4.90467e-09	4.88973e-09	4.90563e-09	4.90683e-09	4.89199e-09	5.19534e-09	5.25919e-09	5.13455e-09	5.18457e-09	5.38255e-09	5.35798e-09	4.76214e-09	4.76996e-09	4.73068e-09	4.80137e-09	4.79032e-09	4.79934e-09	5.01798e-09	5.05467e-09	5.06355e-09	5.03917e-09	5.03312e-09	5.03249e-09	4.89969e-09	4.91071e-09	4.9027e-09	4.97668e-09	4.99783e-09	4.96658e-09	6.22361e-09	9.00247e-09	6.2261e-09	6.2613e-09	6.24556e-09	6.28409e-09	6.3456e-09	6.43456e-09	5.59185e-09	5.59668e-09	5.58273e-09	5.58954e-09	5.73659e-09	5.66895e-09	5.73333e-09	5.37651e-09	5.36777e-09	5.37455e-09	3.58453e-09	3.57819e-09	3.57648e-09	3.45274e-09	3.45267e-09	3.45757e-09	3.53128e-09	3.53068e-09	3.50262e-09	3.49604e-09	3.52292e-09	3.44679e-09	3.58451e-09	3.57119e-09	3.58827e-09	3.48434e-09	3.49847e-09	3.48862e-09	3.31686e-09	3.39708e-09	3.38611e-09	3.39857e-09	3.40591e-09	3.40337e-09	3.521e-09	3.49233e-09	3.51131e-09	3.43512e-09	3.44642e-09	3.4346e-09	3.61427e-09	3.63611e-09	3.62877e-09	3.61222e-09	3.60519e-09	3.63549e-09	3.96506e-09	3.99615e-09	3.98803e-09	3.98928e-09	3.9959e-09	4.00291e-09	3.56982e-09	3.61056e-09	3.61026e-09	3.55786e-09	3.55714e-09	3.56599e-09
