	ERR608281-k20-n1-x5e9	ERR608282-k20-n1-x5e9	ERR608283-k20-n1-x5e9	ERR608284-k20-n1-x5e9	ERR608285-k20-n1-x5e9	ERR608286-k20-n1-x5e9	ERR609223-k20-n1-x5e9	ERR609224-k20-n1-x5e9	ERR609225-k20-n1-x5e9	ERR609226-k20-n1-x5e9	ERR609227-k20-n1-x5e9	ERR609228-k20-n1-x5e9	ERR605363-k20-n1-x5e9	ERR605364-k20-n1-x5e9	ERR605365-k20-n1-x5e9	ERR605366-k20-n1-x5e9	ERR605367-k20-n1-x5e9	ERR605368-k20-n1-x5e9	ERR607457-k20-n1-x5e9	ERR607458-k20-n1-x5e9	ERR607459-k20-n1-x5e9	ERR607460-k20-n1-x5e9	ERR607461-k20-n1-x5e9	ERR607462-k20-n1-x5e9	ERR605623-k20-n1-x5e9	ERR605624-k20-n1-x5e9	ERR605625-k20-n1-x5e9	ERR605626-k20-n1-x5e9	ERR605627-k20-n1-x5e9	ERR605628-k20-n1-x5e9	ERR608251-k20-n1-x5e9	ERR608252-k20-n1-x5e9	ERR608253-k20-n1-x5e9	ERR608254-k20-n1-x5e9	ERR608255-k20-n1-x5e9	ERR608256-k20-n1-x5e9	ERR608495-k20-n1-x5e9	ERR608496-k20-n1-x5e9	ERR608497-k20-n1-x5e9	ERR608498-k20-n1-x5e9	ERR608499-k20-n1-x5e9	ERR608500-k20-n1-x5e9	ERR608531-k20-n1-x5e9	ERR608532-k20-n1-x5e9	ERR608533-k20-n1-x5e9	ERR608534-k20-n1-x5e9	ERR608535-k20-n1-x5e9	ERR608536-k20-n1-x5e9	ERR607499-k20-n1-x5e9	ERR607500-k20-n1-x5e9	ERR607501-k20-n1-x5e9	ERR607502-k20-n1-x5e9	ERR607503-k20-n1-x5e9	ERR607504-k20-n1-x5e9	ERR609051-k20-n1-x5e9	ERR609052-k20-n1-x5e9	ERR609053-k20-n1-x5e9	ERR609054-k20-n1-x5e9	ERR609055-k20-n1-x5e9	ERR609056-k20-n1-x5e9	ERR608805-k20-n1-x5e9	ERR608806-k20-n1-x5e9	ERR608807-k20-n1-x5e9	ERR608808-k20-n1-x5e9	ERR608809-k20-n1-x5e9	ERR608810-k20-n1-x5e9	ERR609517-k20-n1-x5e9	ERR609518-k20-n1-x5e9	ERR609519-k20-n1-x5e9	ERR609520-k20-n1-x5e9	ERR609521-k20-n1-x5e9	ERR609522-k20-n1-x5e9	ERR608389-k20-n1-x5e9	ERR608390-k20-n1-x5e9	ERR608391-k20-n1-x5e9	ERR608392-k20-n1-x5e9	ERR608393-k20-n1-x5e9	ERR608394-k20-n1-x5e9	ERR608793-k20-n1-x5e9	ERR608794-k20-n1-x5e9	ERR608795-k20-n1-x5e9	ERR608796-k20-n1-x5e9	ERR608797-k20-n1-x5e9	ERR608798-k20-n1-x5e9	ERR607805-k20-n1-x5e9	ERR607806-k20-n1-x5e9	ERR607807-k20-n1-x5e9	ERR607808-k20-n1-x5e9	ERR607809-k20-n1-x5e9	ERR607810-k20-n1-x5e9	ERR605695-k20-n1-x5e9	ERR605696-k20-n1-x5e9	ERR605697-k20-n1-x5e9	ERR605698-k20-n1-x5e9	ERR605699-k20-n1-x5e9	ERR605700-k20-n1-x5e9
ERR608281-k20-n1-x5e9	0	0.282284	0.298447	0.323517	0.323144	0.328324	0.333901	0.334154	0.334297	0.33025	0.337071	0.336377	0.361934	0.506453	0.368967	0.377075	0.376066	0.375864	0.342156	0.33815	0.343181	0.325313	0.325248	0.323077	0.359453	0.365849	0.368632	0.381651	0.427217	0.418524	0.47723	0.466284	0.485282	0.340685	0.341438	0.343396	0.308944	0.300248	0.309382	0.318057	0.310535	0.309108	0.370441	0.327466	0.323765	0.316085	0.315456	0.314807	0.5082	0.498133	0.684196	0.499164	0.497716	0.498527	0.493559	0.499691	0.506639	0.488796	0.488082	0.487883	0.444577	0.446747	0.445431	0.457222	0.45665	0.457456	0.505911	0.506027	0.605028	0.477151	0.477691	0.483468	0.454593	0.43709	0.436601	0.438441	0.437698	0.438037	0.483392	0.482218	0.481209	0.504553	0.503526	0.50089	0.43176	0.434015	0.434979	0.434711	0.434738	0.435139	0.461934	0.456664	0.456194	0.453347	0.467731	0.464799
ERR608282-k20-n1-x5e9	0.282284	0	0.243661	0.256176	0.2562	0.260135	0.341883	0.346317	0.356426	0.36175	0.349068	0.349795	0.39138	0.571613	0.411797	0.418748	0.417516	0.417129	0.402424	0.396157	0.401966	0.3749	0.374562	0.371436	0.394373	0.408743	0.414495	0.43511	0.49225	0.482201	0.547847	0.53614	0.554327	0.396049	0.397635	0.399892	0.367233	0.30338	0.296488	0.293466	0.295275	0.296106	0.439205	0.366187	0.350481	0.328374	0.328149	0.325016	0.532633	0.499217	0.723107	0.512772	0.508062	0.50953	0.507133	0.486275	0.486619	0.492031	0.492429	0.495056	0.436739	0.432874	0.433172	0.469197	0.467314	0.469846	0.541791	0.542087	0.6557	0.506949	0.508514	0.517742	0.492412	0.453279	0.442176	0.443283	0.44087	0.454756	0.500329	0.491348	0.492646	0.53332	0.532298	0.528823	0.44159	0.432267	0.436145	0.45595	0.451608	0.450839	0.453774	0.455999	0.458918	0.462953	0.497338	0.490968
ERR608283-k20-n1-x5e9	0.298447	0.243661	0	0.246579	0.246507	0.249661	0.350433	0.355443	0.367133	0.375997	0.357939	0.359159	0.405957	0.589897	0.428233	0.435037	0.433957	0.433429	0.420545	0.413954	0.42009	0.391555	0.391088	0.38791	0.4085	0.424134	0.429933	0.452293	0.510028	0.500076	0.566723	0.555131	0.573181	0.413669	0.41551	0.41771	0.3858	0.313921	0.303353	0.297121	0.301764	0.302857	0.458857	0.382901	0.365141	0.340552	0.340248	0.336745	0.540684	0.502762	0.733808	0.519355	0.514262	0.515876	0.513159	0.486194	0.484864	0.496658	0.497453	0.500605	0.438558	0.433264	0.433901	0.475745	0.473664	0.476553	0.554331	0.554639	0.669659	0.517874	0.519731	0.529458	0.504791	0.4623	0.448916	0.449904	0.447208	0.463936	0.507768	0.497502	0.499176	0.543636	0.542811	0.53936	0.448412	0.436762	0.440919	0.46547	0.460373	0.459555	0.455543	0.459843	0.463502	0.469559	0.507632	0.50113
ERR608284-k20-n1-x5e9	0.323517	0.256176	0.246579	0	0.236956	0.236752	0.363914	0.369083	0.382035	0.398848	0.370654	0.372338	0.428944	0.617895	0.453512	0.461543	0.460222	0.459492	0.447965	0.441337	0.448304	0.418124	0.417788	0.414458	0.430318	0.447352	0.454014	0.478913	0.535181	0.525471	0.596951	0.585928	0.603511	0.443566	0.445815	0.44765	0.412645	0.335117	0.321524	0.308149	0.316507	0.317607	0.487847	0.411499	0.392954	0.363871	0.363797	0.359213	0.552402	0.510084	0.7514	0.531009	0.525135	0.526737	0.520433	0.486523	0.482986	0.505062	0.506426	0.510387	0.445042	0.438574	0.438648	0.490342	0.487554	0.491195	0.575536	0.57581	0.691621	0.534131	0.536242	0.546905	0.524072	0.478942	0.462997	0.464138	0.460765	0.480014	0.522031	0.510736	0.511564	0.563547	0.562697	0.559129	0.461626	0.447473	0.450133	0.483143	0.478108	0.477001	0.459043	0.466178	0.471147	0.481912	0.522413	0.515242
ERR608285-k20-n1-x5e9	0.323144	0.2562	0.246507	0.236956	0	0.237094	0.364092	0.369179	0.381938	0.398682	0.370702	0.372394	0.428934	0.617653	0.453511	0.461235	0.459949	0.459295	0.447841	0.441138	0.448125	0.417957	0.417775	0.414279	0.43027	0.447093	0.45371	0.478712	0.535031	0.525349	0.596678	0.585658	0.603279	0.443315	0.445423	0.447439	0.412319	0.334947	0.321153	0.308125	0.316395	0.317388	0.487445	0.41132	0.392649	0.363837	0.363634	0.358996	0.552267	0.510044	0.751217	0.530807	0.524968	0.52652	0.520375	0.486635	0.483239	0.505152	0.50637	0.51035	0.445145	0.438645	0.438759	0.49042	0.487516	0.491353	0.575351	0.575617	0.691431	0.533793	0.535956	0.546497	0.523816	0.478918	0.463079	0.46415	0.460783	0.479966	0.522023	0.51073	0.511525	0.563462	0.56253	0.559109	0.461641	0.447502	0.450211	0.482971	0.478075	0.476847	0.459319	0.46635	0.471312	0.481943	0.522425	0.515268
ERR608286-k20-n1-x5e9	0.328324	0.260135	0.249661	0.236752	0.237094	0	0.366881	0.371858	0.384871	0.403587	0.37351	0.375163	0.43361	0.622937	0.458702	0.466754	0.465259	0.464628	0.452951	0.446199	0.453681	0.423146	0.422885	0.419383	0.434283	0.451301	0.458194	0.483795	0.539585	0.530017	0.602663	0.591747	0.609239	0.449345	0.451639	0.453486	0.417553	0.339672	0.325792	0.311363	0.320276	0.321093	0.493089	0.417373	0.398757	0.369076	0.369004	0.363931	0.554219	0.511598	0.754583	0.533248	0.527229	0.52885	0.52131	0.486319	0.482482	0.506563	0.508029	0.511954	0.446368	0.439742	0.439689	0.493597	0.490698	0.494554	0.579518	0.579781	0.695638	0.536807	0.539072	0.549745	0.527622	0.482286	0.466101	0.467309	0.463838	0.483485	0.524918	0.51355	0.514072	0.567548	0.566743	0.563193	0.464499	0.449971	0.452218	0.486764	0.481873	0.480526	0.459974	0.467581	0.472854	0.484659	0.525187	0.517883
ERR609223-k20-n1-x5e9	0.333901	0.341883	0.350433	0.363914	0.364092	0.366881	0	0.240826	0.245273	0.262108	0.245721	0.246096	0.409789	0.561525	0.422057	0.431642	0.431129	0.430175	0.373895	0.369707	0.376167	0.35245	0.352308	0.349465	0.345586	0.357606	0.361898	0.387342	0.436214	0.426494	0.51779	0.507741	0.526834	0.366177	0.368133	0.369928	0.359593	0.33175	0.335264	0.334187	0.331369	0.329686	0.427468	0.380609	0.37369	0.357614	0.356741	0.353383	0.502306	0.483201	0.703228	0.493167	0.489852	0.491486	0.494208	0.490391	0.495686	0.492664	0.493146	0.494787	0.421558	0.42511	0.423661	0.433838	0.432403	0.434196	0.545937	0.545401	0.646633	0.508891	0.510444	0.517363	0.475999	0.451506	0.444544	0.448809	0.445726	0.453354	0.470775	0.467031	0.464632	0.511153	0.510016	0.507102	0.434236	0.432595	0.430812	0.448312	0.448227	0.447871	0.438268	0.433944	0.434546	0.438222	0.456999	0.451861
ERR609224-k20-n1-x5e9	0.334154	0.346317	0.355443	0.369083	0.369179	0.371858	0.240826	0	0.242979	0.260837	0.244843	0.244973	0.411093	0.559543	0.422329	0.43247	0.43187	0.430923	0.371382	0.367765	0.374249	0.351427	0.351186	0.348652	0.344117	0.354936	0.359186	0.384924	0.431591	0.421831	0.514956	0.505098	0.524145	0.364229	0.366221	0.36808	0.357791	0.334749	0.339249	0.338011	0.334714	0.332869	0.425475	0.381999	0.376355	0.360387	0.359691	0.356308	0.50043	0.483559	0.701665	0.492761	0.489775	0.491275	0.492983	0.49161	0.49768	0.493331	0.49355	0.494933	0.422725	0.426919	0.42536	0.433466	0.432158	0.433597	0.546469	0.545845	0.645463	0.508704	0.51025	0.516932	0.474405	0.451968	0.445656	0.45029	0.447241	0.453798	0.469653	0.466726	0.463989	0.510656	0.509385	0.506767	0.434723	0.433872	0.431658	0.448679	0.448989	0.448684	0.439096	0.433947	0.434452	0.438244	0.453714	0.44919
ERR609225-k20-n1-x5e9	0.334297	0.356426	0.367133	0.382035	0.381938	0.384871	0.245273	0.242979	0	0.259745	0.247169	0.246975	0.415195	0.5541	0.423522	0.43463	0.434042	0.432938	0.36555	0.362216	0.369061	0.348154	0.34816	0.345347	0.340845	0.349978	0.353682	0.378527	0.420404	0.411474	0.505243	0.495637	0.515019	0.357115	0.359099	0.360627	0.352078	0.340285	0.347065	0.347198	0.343072	0.340692	0.418562	0.383641	0.380149	0.366602	0.365693	0.362337	0.49422	0.482965	0.695582	0.490382	0.488099	0.48936	0.489283	0.493975	0.501284	0.493545	0.493696	0.49503	0.423862	0.429601	0.427473	0.430498	0.429442	0.430604	0.545098	0.544498	0.639458	0.506873	0.508242	0.514417	0.469247	0.451948	0.447521	0.452238	0.449396	0.453595	0.465627	0.464691	0.460975	0.506165	0.505115	0.502411	0.43347	0.434949	0.431586	0.446489	0.447742	0.447613	0.442195	0.43551	0.435032	0.437736	0.44794	0.44392
ERR609226-k20-n1-x5e9	0.33025	0.36175	0.375997	0.398848	0.398682	0.403587	0.262108	0.260837	0.259745	0	0.266171	0.265132	0.391097	0.5134	0.3955	0.402187	0.402257	0.401407	0.342035	0.338812	0.342897	0.328312	0.327806	0.326457	0.327279	0.332072	0.33418	0.34877	0.394178	0.384675	0.467874	0.457281	0.476093	0.33334	0.334645	0.336	0.337691	0.335944	0.345951	0.354771	0.346363	0.34483	0.388931	0.356155	0.355716	0.351444	0.350399	0.349572	0.501338	0.493822	0.677973	0.493686	0.492489	0.493435	0.502294	0.511003	0.518961	0.49932	0.498482	0.498485	0.438986	0.444039	0.443358	0.434244	0.43423	0.434245	0.519134	0.518525	0.611198	0.495113	0.49573	0.500312	0.458559	0.444461	0.443733	0.447392	0.446045	0.446312	0.468489	0.467866	0.466679	0.49227	0.490753	0.488383	0.436751	0.440238	0.441305	0.439823	0.440591	0.440841	0.455718	0.446685	0.445217	0.439544	0.448094	0.445106
ERR609227-k20-n1-x5e9	0.337071	0.349068	0.357939	0.370654	0.370702	0.37351	0.245721	0.244843	0.247169	0.266171	0	0.24306	0.414536	0.562708	0.425731	0.436054	0.435327	0.434352	0.375353	0.37149	0.378367	0.355255	0.355091	0.352446	0.347934	0.358933	0.36343	0.388877	0.434937	0.425176	0.518377	0.508639	0.527555	0.368209	0.370217	0.372116	0.360747	0.337866	0.342035	0.340436	0.33765	0.335593	0.42846	0.385419	0.379568	0.363555	0.362542	0.359217	0.502152	0.48541	0.703582	0.494711	0.49172	0.49338	0.494255	0.492945	0.498866	0.494953	0.495355	0.496874	0.424728	0.428916	0.427122	0.436176	0.434541	0.436329	0.549193	0.548378	0.647626	0.509536	0.510863	0.517705	0.477032	0.454725	0.448564	0.452913	0.449827	0.456352	0.472244	0.469359	0.466357	0.513354	0.512194	0.509527	0.436825	0.435996	0.433446	0.451009	0.451551	0.451237	0.44114	0.436186	0.436832	0.440659	0.456385	0.451693
ERR609228-k20-n1-x5e9	0.336377	0.349795	0.359159	0.372338	0.372394	0.375163	0.246096	0.244973	0.246975	0.265132	0.24306	0	0.413996	0.560916	0.424873	0.4351	0.434599	0.433448	0.373206	0.369625	0.376328	0.353752	0.353633	0.350868	0.346671	0.357407	0.36159	0.387078	0.432358	0.422823	0.515965	0.506111	0.525222	0.366251	0.36824	0.370055	0.359167	0.337969	0.342558	0.341418	0.338197	0.336201	0.426633	0.384703	0.379414	0.363518	0.362764	0.359299	0.501324	0.485204	0.702242	0.494158	0.49124	0.492733	0.493669	0.493253	0.499379	0.494792	0.495016	0.49648	0.424948	0.4292	0.427447	0.435429	0.434052	0.435531	0.548243	0.547713	0.646251	0.508731	0.510136	0.516841	0.475971	0.454311	0.448466	0.452805	0.449809	0.45571	0.471518	0.468854	0.465758	0.512056	0.51097	0.508188	0.436523	0.435955	0.433245	0.450149	0.450919	0.450647	0.44149	0.4365	0.436864	0.44051	0.455265	0.450704
ERR605363-k20-n1-x5e9	0.361934	0.39138	0.405957	0.428944	0.428934	0.43361	0.409789	0.411093	0.415195	0.391097	0.414536	0.413996	0	0.421035	0.26602	0.269831	0.26907	0.269252	0.391215	0.388402	0.389201	0.38199	0.381401	0.380659	0.374016	0.376731	0.381332	0.380747	0.427276	0.418221	0.512691	0.5027	0.515989	0.425689	0.425875	0.427274	0.376359	0.376936	0.385279	0.398481	0.389472	0.389555	0.391078	0.35623	0.355854	0.35791	0.358158	0.359648	0.559313	0.552576	0.691661	0.546358	0.546207	0.54606	0.549914	0.554617	0.559421	0.53563	0.534084	0.532624	0.519283	0.517781	0.517083	0.538284	0.538019	0.538503	0.465056	0.465409	0.567952	0.452824	0.452926	0.456912	0.490339	0.477509	0.479986	0.480373	0.481515	0.477506	0.553283	0.551792	0.5529	0.555071	0.553956	0.551266	0.478603	0.481354	0.486288	0.469598	0.469785	0.470249	0.498865	0.493553	0.494694	0.485099	0.499412	0.496739
ERR605364-k20-n1-x5e9	0.506453	0.571613	0.589897	0.617895	0.617653	0.622937	0.561525	0.559543	0.5541	0.5134	0.562708	0.560916	0.421035	0	0.392749	0.385291	0.386993	0.386605	0.45507	0.45876	0.45188	0.474762	0.474324	0.477279	0.49022	0.474495	0.470908	0.43905	0.427319	0.427051	0.437487	0.435877	0.434163	0.484079	0.48252	0.482142	0.469598	0.534027	0.551552	0.572921	0.559282	0.558171	0.409999	0.461511	0.479301	0.505596	0.505501	0.510677	0.64051	0.665043	0.655695	0.641569	0.64581	0.644768	0.656495	0.688004	0.697205	0.651207	0.648093	0.643139	0.644908	0.648437	0.647949	0.631256	0.633555	0.631213	0.496878	0.496609	0.492577	0.532052	0.529737	0.521776	0.553532	0.578589	0.594632	0.594491	0.59836	0.578492	0.641717	0.648461	0.649215	0.609323	0.608162	0.608064	0.589113	0.604156	0.608939	0.560039	0.563828	0.566226	0.632534	0.619559	0.616455	0.596197	0.57956	0.582754
ERR605365-k20-n1-x5e9	0.368967	0.411797	0.428233	0.453512	0.453511	0.458702	0.422057	0.422329	0.423522	0.3955	0.425731	0.424873	0.26602	0.392749	0	0.264963	0.264935	0.264681	0.382523	0.381043	0.380622	0.378849	0.37867	0.378545	0.376306	0.374868	0.377349	0.371911	0.411248	0.402716	0.491653	0.482464	0.494922	0.418678	0.41887	0.42009	0.371781	0.389786	0.40149	0.417609	0.406815	0.406336	0.37486	0.355314	0.359777	0.368182	0.368288	0.370982	0.561027	0.561758	0.680601	0.55155	0.552439	0.552053	0.555982	0.568166	0.574253	0.54481	0.542697	0.5405	0.530923	0.530903	0.529873	0.543936	0.544052	0.544033	0.458397	0.458757	0.550182	0.452189	0.452009	0.453894	0.487294	0.482731	0.48849	0.488835	0.490371	0.482593	0.557267	0.557866	0.558699	0.553739	0.552573	0.550197	0.485145	0.491011	0.49551	0.472244	0.473186	0.474368	0.512181	0.504835	0.504393	0.492788	0.499782	0.498595
ERR605366-k20-n1-x5e9	0.377075	0.418748	0.435037	0.461543	0.461235	0.466754	0.431642	0.43247	0.43463	0.402187	0.436054	0.4351	0.269831	0.385291	0.264963	0	0.262058	0.262143	0.386872	0.385357	0.383934	0.38363	0.383141	0.383232	0.383238	0.381469	0.383904	0.375129	0.416235	0.407397	0.489294	0.479573	0.491207	0.42203	0.421828	0.422899	0.378213	0.395744	0.407361	0.424722	0.413468	0.41344	0.375893	0.355495	0.360197	0.371053	0.371207	0.374599	0.569681	0.569609	0.680271	0.558285	0.559296	0.558767	0.565978	0.576878	0.582548	0.551931	0.549687	0.547156	0.538187	0.537769	0.537315	0.549491	0.54991	0.549672	0.455444	0.456007	0.545915	0.456096	0.45546	0.457012	0.492518	0.487424	0.493478	0.493438	0.495485	0.487289	0.564227	0.564351	0.565648	0.556225	0.554912	0.55277	0.49233	0.498093	0.503909	0.476906	0.47784	0.47889	0.52011	0.51311	0.513069	0.499716	0.50908	0.507797
ERR605367-k20-n1-x5e9	0.376066	0.417516	0.433957	0.460222	0.459949	0.465259	0.431129	0.43187	0.434042	0.402257	0.435327	0.434599	0.26907	0.386993	0.264935	0.262058	0	0.261823	0.38737	0.385452	0.384234	0.383445	0.382942	0.383142	0.383683	0.38215	0.384662	0.375778	0.417466	0.408953	0.491178	0.481448	0.493127	0.422592	0.422509	0.423806	0.378331	0.395079	0.406617	0.42379	0.412645	0.412648	0.376831	0.355625	0.360282	0.370585	0.370633	0.374131	0.569011	0.568655	0.68111	0.557615	0.558533	0.558027	0.564996	0.5756	0.581313	0.55076	0.548714	0.546207	0.53767	0.537112	0.536679	0.54944	0.549831	0.549608	0.455671	0.456101	0.546795	0.455455	0.45487	0.456592	0.492717	0.486966	0.493057	0.493005	0.49506	0.486875	0.563985	0.563981	0.565369	0.556549	0.555462	0.553292	0.491994	0.497564	0.503169	0.476957	0.47767	0.478698	0.519759	0.512758	0.51276	0.499584	0.509038	0.507549
ERR605368-k20-n1-x5e9	0.375864	0.417129	0.433429	0.459492	0.459295	0.464628	0.430175	0.430923	0.432938	0.401407	0.434352	0.433448	0.269252	0.386605	0.264681	0.262143	0.261823	0	0.386637	0.384982	0.383352	0.382739	0.382294	0.382277	0.382667	0.38135	0.383585	0.375113	0.416617	0.407997	0.490584	0.480998	0.492897	0.422033	0.42171	0.423187	0.377453	0.394305	0.405917	0.423014	0.412005	0.412046	0.376451	0.355797	0.360064	0.370501	0.370638	0.37416	0.568233	0.567952	0.680572	0.556885	0.557819	0.557205	0.563964	0.574843	0.580676	0.550078	0.548004	0.545601	0.536602	0.536023	0.535674	0.548329	0.548784	0.548502	0.455802	0.456133	0.546532	0.455345	0.454831	0.456559	0.491548	0.486176	0.492521	0.492201	0.494066	0.486239	0.562918	0.562922	0.564427	0.555684	0.554758	0.552282	0.490991	0.496788	0.502305	0.476336	0.476774	0.477914	0.518625	0.511585	0.511409	0.498236	0.507696	0.506086
ERR607457-k20-n1-x5e9	0.342156	0.402424	0.420545	0.447965	0.447841	0.452951	0.373895	0.371382	0.36555	0.342035	0.375353	0.373206	0.391215	0.45507	0.382523	0.386872	0.38737	0.386637	0	0.262514	0.263395	0.267796	0.267979	0.269098	0.372625	0.367464	0.366137	0.362174	0.383178	0.377262	0.411578	0.401534	0.419496	0.325208	0.324616	0.325282	0.322535	0.36568	0.382249	0.398507	0.386542	0.384188	0.33848	0.341746	0.35085	0.361646	0.360894	0.362741	0.49682	0.509098	0.635898	0.496403	0.497811	0.497813	0.502597	0.530161	0.540915	0.502987	0.500792	0.497962	0.470754	0.476764	0.475394	0.457829	0.459426	0.457725	0.478755	0.47835	0.550486	0.468125	0.467741	0.467993	0.429532	0.437968	0.447574	0.449714	0.451167	0.438707	0.476813	0.482054	0.480344	0.475798	0.47513	0.473652	0.444667	0.456855	0.457968	0.431745	0.435227	0.436502	0.489538	0.477284	0.4744	0.461997	0.453869	0.454567
ERR607458-k20-n1-x5e9	0.33815	0.396157	0.413954	0.441337	0.441138	0.446199	0.369707	0.367765	0.362216	0.338812	0.37149	0.369625	0.388402	0.45876	0.381043	0.385357	0.385452	0.384982	0.262514	0	0.263437	0.265423	0.265388	0.266171	0.370224	0.365779	0.364684	0.361896	0.385758	0.379797	0.416345	0.406287	0.42434	0.325025	0.324317	0.32527	0.322045	0.360468	0.37639	0.392633	0.380908	0.378669	0.340412	0.339016	0.347255	0.357005	0.356339	0.357863	0.495636	0.505593	0.638014	0.493964	0.495018	0.495243	0.500302	0.5258	0.536309	0.499432	0.497358	0.494906	0.466433	0.472152	0.47094	0.455268	0.456611	0.455239	0.478074	0.477827	0.553487	0.466922	0.46665	0.467125	0.429125	0.434977	0.444077	0.44595	0.447317	0.435864	0.474976	0.479412	0.478285	0.475393	0.474505	0.473113	0.441558	0.452568	0.454173	0.429336	0.4324	0.433234	0.485497	0.473969	0.471172	0.459138	0.453321	0.453928
ERR607459-k20-n1-x5e9	0.343181	0.401966	0.42009	0.448304	0.448125	0.453681	0.376167	0.374249	0.369061	0.342897	0.378367	0.376328	0.389201	0.45188	0.380622	0.383934	0.384234	0.383352	0.263395	0.263437	0	0.268043	0.267914	0.269436	0.373016	0.367954	0.366701	0.361289	0.38458	0.378489	0.409512	0.39924	0.416534	0.324778	0.324175	0.325227	0.324557	0.364926	0.381457	0.398439	0.386324	0.384582	0.337946	0.338976	0.348089	0.359951	0.359252	0.361476	0.500422	0.511295	0.635626	0.498472	0.49972	0.499868	0.506558	0.53261	0.542802	0.504701	0.502626	0.499727	0.472469	0.478048	0.47713	0.459192	0.460837	0.459104	0.476122	0.475823	0.548689	0.468879	0.468311	0.468343	0.43079	0.438025	0.447573	0.449488	0.451107	0.438978	0.478813	0.483469	0.482632	0.475671	0.474709	0.473418	0.446261	0.457983	0.46016	0.432267	0.435202	0.436725	0.49159	0.479784	0.476957	0.463593	0.457806	0.458424
ERR607460-k20-n1-x5e9	0.325313	0.3749	0.391555	0.418124	0.417957	0.423146	0.35245	0.351427	0.348154	0.328312	0.355255	0.353752	0.38199	0.474762	0.378849	0.38363	0.383445	0.382739	0.267796	0.265423	0.268043	0	0.25852	0.258685	0.363205	0.362469	0.362459	0.364303	0.397439	0.389962	0.433125	0.42237	0.440925	0.323949	0.323906	0.3251	0.318689	0.342562	0.356416	0.371266	0.36051	0.358505	0.348932	0.332136	0.336963	0.342493	0.341935	0.342844	0.490108	0.492844	0.646933	0.484889	0.485145	0.485553	0.491204	0.510679	0.520071	0.487978	0.48632	0.484404	0.450615	0.455301	0.454349	0.444207	0.445375	0.444439	0.480414	0.480292	0.566041	0.464933	0.464724	0.467019	0.428614	0.425805	0.432036	0.433963	0.434733	0.426924	0.466271	0.468693	0.467676	0.473148	0.471976	0.47021	0.429836	0.43854	0.440359	0.421735	0.423416	0.42424	0.471072	0.461109	0.458965	0.448803	0.450284	0.449491
ERR607461-k20-n1-x5e9	0.325248	0.374562	0.391088	0.417788	0.417775	0.422885	0.352308	0.351186	0.34816	0.327806	0.355091	0.353633	0.381401	0.474324	0.37867	0.383141	0.382942	0.382294	0.267979	0.265388	0.267914	0.25852	0	0.258554	0.362993	0.36208	0.362196	0.36402	0.397595	0.389804	0.433384	0.422617	0.440976	0.324221	0.324346	0.325186	0.318718	0.342098	0.355997	0.370763	0.360125	0.358233	0.348827	0.33168	0.336191	0.341968	0.34147	0.342357	0.491545	0.494257	0.647376	0.486234	0.486563	0.486942	0.492639	0.511891	0.521042	0.489026	0.487361	0.48522	0.45149	0.456241	0.455183	0.445256	0.446087	0.445426	0.480347	0.480193	0.565954	0.465374	0.464976	0.467334	0.429947	0.426969	0.433052	0.434918	0.435824	0.428013	0.4675	0.469863	0.469022	0.474002	0.473057	0.471178	0.43095	0.43959	0.441542	0.422535	0.424311	0.425153	0.472069	0.461955	0.460055	0.44954	0.451466	0.45072
ERR607462-k20-n1-x5e9	0.323077	0.371436	0.38791	0.414458	0.414279	0.419383	0.349465	0.348652	0.345347	0.326457	0.352446	0.350868	0.380659	0.477279	0.378545	0.383232	0.383142	0.382277	0.269098	0.266171	0.269436	0.258685	0.258554	0	0.361518	0.361027	0.361369	0.364152	0.398467	0.390771	0.436352	0.425656	0.444093	0.324874	0.324636	0.325867	0.318469	0.340062	0.353913	0.368175	0.357749	0.355585	0.350535	0.331537	0.335882	0.340728	0.339921	0.340949	0.489055	0.490941	0.648109	0.483282	0.483524	0.483833	0.489467	0.50811	0.517369	0.485943	0.484403	0.482577	0.447845	0.45248	0.451536	0.442883	0.443651	0.443045	0.480244	0.480033	0.567876	0.46363	0.463636	0.466202	0.428438	0.424503	0.430208	0.432157	0.432646	0.425539	0.465084	0.466842	0.466295	0.473011	0.472037	0.470188	0.42815	0.436388	0.438308	0.420578	0.422314	0.42296	0.468412	0.458486	0.456621	0.44657	0.449028	0.448218
ERR605623-k20-n1-x5e9	0.359453	0.394373	0.4085	0.430318	0.43027	0.434283	0.345586	0.344117	0.340845	0.327279	0.347934	0.346671	0.374016	0.49022	0.376306	0.383238	0.383683	0.382667	0.372625	0.370224	0.373016	0.363205	0.362993	0.361518	0	0.259066	0.262267	0.279783	0.330727	0.320045	0.48067	0.470909	0.488294	0.364699	0.3653	0.367006	0.36841	0.374877	0.38534	0.39363	0.385509	0.384077	0.410982	0.386744	0.388455	0.386492	0.385648	0.385474	0.492063	0.487978	0.66713	0.485828	0.485349	0.486064	0.499702	0.510458	0.518603	0.497265	0.496381	0.496036	0.4458	0.450797	0.450003	0.442567	0.442621	0.442605	0.504162	0.503717	0.596486	0.479405	0.479852	0.484189	0.457426	0.446695	0.44678	0.450511	0.449737	0.44838	0.472453	0.472872	0.471316	0.494377	0.492619	0.490363	0.423059	0.428326	0.428036	0.423836	0.426029	0.425838	0.449181	0.439114	0.437817	0.432181	0.438063	0.435403
ERR605624-k20-n1-x5e9	0.365849	0.408743	0.424134	0.447352	0.447093	0.451301	0.357606	0.354936	0.349978	0.332072	0.358933	0.357407	0.376731	0.474495	0.374868	0.381469	0.38215	0.38135	0.367464	0.365779	0.367954	0.362469	0.36208	0.361027	0.259066	0	0.258933	0.271012	0.313104	0.303157	0.465237	0.455846	0.473033	0.36099	0.361558	0.362938	0.366963	0.384752	0.397215	0.407479	0.398279	0.396317	0.401862	0.387585	0.392345	0.393681	0.392734	0.392945	0.494211	0.496187	0.65961	0.490837	0.491257	0.491646	0.505371	0.521649	0.530624	0.50466	0.503542	0.502592	0.45722	0.463019	0.462004	0.449095	0.44948	0.448849	0.500383	0.499984	0.585556	0.479095	0.479287	0.482236	0.455749	0.451189	0.453655	0.457437	0.457048	0.452588	0.476971	0.479153	0.477379	0.493838	0.492001	0.490083	0.429697	0.437358	0.437117	0.427239	0.430273	0.430289	0.459894	0.447948	0.446363	0.438718	0.437662	0.436282
ERR605625-k20-n1-x5e9	0.368632	0.414495	0.429933	0.454014	0.45371	0.458194	0.361898	0.359186	0.353682	0.33418	0.36343	0.36159	0.381332	0.470908	0.377349	0.383904	0.384662	0.383585	0.366137	0.364684	0.366701	0.362459	0.362196	0.361369	0.262267	0.258933	0	0.26785	0.308336	0.299074	0.457773	0.448569	0.465878	0.358104	0.358323	0.359759	0.367082	0.389142	0.402198	0.413461	0.403725	0.40192	0.399792	0.389235	0.394776	0.397742	0.396604	0.397513	0.492741	0.496944	0.654845	0.490195	0.490873	0.491412	0.505555	0.52383	0.533139	0.505644	0.504408	0.503237	0.458908	0.465107	0.464317	0.448614	0.449154	0.44837	0.499075	0.498555	0.581273	0.479274	0.479246	0.48184	0.453815	0.451584	0.45522	0.458492	0.458515	0.453109	0.475665	0.478334	0.476785	0.490774	0.488666	0.487044	0.430258	0.438723	0.438486	0.426689	0.429411	0.429688	0.463214	0.451264	0.447953	0.44007	0.43796	0.436757
ERR605626-k20-n1-x5e9	0.381651	0.43511	0.452293	0.478913	0.478712	0.483795	0.387342	0.384924	0.378527	0.34877	0.388877	0.387078	0.380747	0.43905	0.371911	0.375129	0.375778	0.375113	0.362174	0.361896	0.361289	0.364303	0.36402	0.364152	0.279783	0.271012	0.26785	0	0.29312	0.284823	0.430291	0.421123	0.436924	0.356033	0.355601	0.356221	0.369515	0.404167	0.419145	0.433909	0.422705	0.421182	0.385188	0.386395	0.395218	0.40502	0.403844	0.406211	0.504035	0.514193	0.641365	0.502036	0.503714	0.503767	0.522021	0.544908	0.554756	0.519633	0.517785	0.515721	0.480552	0.486813	0.486302	0.463443	0.46473	0.463285	0.486056	0.485748	0.55829	0.477306	0.476598	0.477614	0.454323	0.458661	0.466425	0.468843	0.469911	0.460096	0.488569	0.492957	0.492214	0.489874	0.487599	0.486761	0.445093	0.455939	0.457682	0.433675	0.436878	0.437606	0.484539	0.471336	0.467723	0.454668	0.449122	0.449268
ERR605627-k20-n1-x5e9	0.427217	0.49225	0.510028	0.535181	0.535031	0.539585	0.436214	0.431591	0.420404	0.394178	0.434937	0.432358	0.427276	0.427319	0.411248	0.416235	0.417466	0.416617	0.383178	0.385758	0.38458	0.397439	0.397595	0.398467	0.330727	0.313104	0.308336	0.29312	0	0.269114	0.412419	0.407144	0.420829	0.382481	0.381907	0.381826	0.398806	0.456655	0.474305	0.488632	0.476973	0.474373	0.396952	0.429101	0.443305	0.455718	0.454722	0.456868	0.520164	0.5466	0.632304	0.529107	0.53258	0.532115	0.545862	0.582153	0.594224	0.553454	0.551166	0.548244	0.520913	0.529549	0.527875	0.495972	0.497695	0.495248	0.508251	0.507993	0.548675	0.500447	0.499657	0.49675	0.471168	0.493468	0.505187	0.508342	0.509619	0.494029	0.514501	0.523597	0.520877	0.50955	0.507975	0.507776	0.479415	0.49531	0.494253	0.463784	0.470206	0.471523	0.523878	0.50746	0.502671	0.489122	0.459713	0.463493
ERR605628-k20-n1-x5e9	0.418524	0.482201	0.500076	0.525471	0.525349	0.530017	0.426494	0.421831	0.411474	0.384675	0.425176	0.422823	0.418221	0.427051	0.402716	0.407397	0.408953	0.407997	0.377262	0.379797	0.378489	0.389962	0.389804	0.390771	0.320045	0.303157	0.299074	0.284823	0.269114	0	0.414375	0.408351	0.422273	0.375982	0.375533	0.375598	0.392142	0.44699	0.464602	0.478971	0.467274	0.46495	0.393117	0.420782	0.434536	0.446492	0.445531	0.447542	0.517524	0.541802	0.633903	0.525069	0.528283	0.527899	0.542176	0.576424	0.588109	0.548315	0.546225	0.543354	0.514924	0.52312	0.521753	0.490923	0.492645	0.490245	0.505062	0.504507	0.550229	0.497006	0.496254	0.493881	0.468107	0.487951	0.498989	0.502172	0.503371	0.488492	0.51058	0.518695	0.516285	0.506822	0.504834	0.504507	0.473934	0.489203	0.488288	0.458792	0.465123	0.466103	0.517202	0.501123	0.496678	0.483184	0.456643	0.459665
ERR608251-k20-n1-x5e9	0.47723	0.547847	0.566723	0.596951	0.596678	0.602663	0.51779	0.514956	0.505243	0.467874	0.518377	0.515965	0.512691	0.437487	0.491653	0.489294	0.491178	0.490584	0.411578	0.416345	0.409512	0.433125	0.433384	0.436352	0.48067	0.465237	0.457773	0.430291	0.412419	0.414375	0	0.269632	0.272459	0.362413	0.360421	0.358494	0.430207	0.503487	0.522959	0.543921	0.530444	0.528493	0.399992	0.452639	0.471299	0.496001	0.495413	0.499732	0.571056	0.60633	0.598568	0.580068	0.584681	0.584126	0.6018	0.644753	0.657856	0.604213	0.601156	0.595891	0.577319	0.586765	0.586712	0.530742	0.534643	0.530305	0.529919	0.529631	0.5208	0.552468	0.550228	0.543889	0.496235	0.531994	0.550918	0.551941	0.5556	0.532902	0.549624	0.561537	0.561514	0.510539	0.510021	0.51137	0.547499	0.566426	0.569553	0.519412	0.523751	0.526245	0.607265	0.590932	0.584496	0.562701	0.537563	0.54259
ERR608252-k20-n1-x5e9	0.466284	0.53614	0.555131	0.585928	0.585658	0.591747	0.507741	0.505098	0.495637	0.457281	0.508639	0.506111	0.5027	0.435877	0.482464	0.479573	0.481448	0.480998	0.401534	0.406287	0.39924	0.42237	0.422617	0.425656	0.470909	0.455846	0.448569	0.421123	0.407144	0.408351	0.269632	0	0.272241	0.350375	0.348207	0.346361	0.419963	0.491507	0.510979	0.532268	0.518547	0.516548	0.392668	0.441277	0.459129	0.483991	0.483487	0.487627	0.56522	0.598769	0.600408	0.572904	0.577439	0.576795	0.59534	0.636933	0.649832	0.59662	0.593422	0.588421	0.568684	0.577899	0.578027	0.52242	0.526255	0.521825	0.523321	0.523121	0.521651	0.545597	0.543304	0.537503	0.489686	0.523284	0.542161	0.542605	0.546342	0.524312	0.542497	0.553722	0.554157	0.504087	0.50313	0.504628	0.539035	0.557451	0.561068	0.511016	0.514968	0.517376	0.599096	0.58311	0.576812	0.554816	0.531738	0.536467
ERR608253-k20-n1-x5e9	0.485282	0.554327	0.573181	0.603511	0.603279	0.609239	0.526834	0.524145	0.515019	0.476093	0.527555	0.525222	0.515989	0.434163	0.494922	0.491207	0.493127	0.492897	0.419496	0.42434	0.416534	0.440925	0.440976	0.444093	0.488294	0.473033	0.465878	0.436924	0.420829	0.422273	0.272459	0.272241	0	0.371952	0.369689	0.367855	0.438503	0.510073	0.529283	0.550719	0.537117	0.535284	0.405197	0.457178	0.475821	0.501258	0.500686	0.505167	0.581145	0.614982	0.600748	0.588738	0.593285	0.592681	0.611151	0.652557	0.66538	0.611978	0.608624	0.603461	0.586029	0.595015	0.595195	0.539752	0.543786	0.539305	0.531923	0.531646	0.519964	0.557896	0.555525	0.548946	0.504109	0.538682	0.557717	0.55843	0.562134	0.539633	0.559225	0.570498	0.570675	0.518281	0.517297	0.519217	0.555537	0.574096	0.577754	0.526964	0.530709	0.533405	0.615283	0.599078	0.593061	0.570607	0.547488	0.552011
ERR608254-k20-n1-x5e9	0.340685	0.396049	0.413669	0.443566	0.443315	0.449345	0.366177	0.364229	0.357115	0.33334	0.368209	0.366251	0.425689	0.484079	0.418678	0.42203	0.422592	0.422033	0.325208	0.325025	0.324778	0.323949	0.324221	0.324874	0.364699	0.36099	0.358104	0.356033	0.382481	0.375982	0.362413	0.350375	0.371952	0	0.244298	0.244737	0.324104	0.359173	0.375468	0.391543	0.380042	0.378064	0.357322	0.354146	0.362347	0.371158	0.370594	0.371895	0.489163	0.498378	0.636512	0.487937	0.488789	0.489408	0.505355	0.529865	0.541184	0.505222	0.503209	0.501021	0.448159	0.456773	0.456707	0.416624	0.418923	0.416639	0.506112	0.505919	0.574942	0.496336	0.495804	0.496739	0.436699	0.439877	0.447421	0.449507	0.450269	0.441234	0.454018	0.458836	0.458447	0.456525	0.455673	0.454603	0.436271	0.447471	0.449532	0.427319	0.428867	0.430243	0.487385	0.474412	0.470232	0.456967	0.452311	0.452689
ERR608255-k20-n1-x5e9	0.341438	0.397635	0.41551	0.445815	0.445423	0.451639	0.368133	0.366221	0.359099	0.334645	0.370217	0.36824	0.425875	0.48252	0.41887	0.421828	0.422509	0.42171	0.324616	0.324317	0.324175	0.323906	0.324346	0.324636	0.3653	0.361558	0.358323	0.355601	0.381907	0.375533	0.360421	0.348207	0.369689	0.244298	0	0.244427	0.324432	0.360669	0.377038	0.393582	0.381993	0.380002	0.356373	0.354147	0.362654	0.372334	0.371517	0.372739	0.488882	0.4987	0.635222	0.487739	0.488712	0.489095	0.505692	0.530885	0.54232	0.50508	0.503323	0.501173	0.44881	0.457564	0.457587	0.416419	0.418969	0.41651	0.50479	0.504515	0.572847	0.495839	0.495162	0.495839	0.435484	0.439241	0.447339	0.449543	0.450251	0.440726	0.453984	0.458839	0.458507	0.455579	0.454544	0.453368	0.436519	0.447687	0.449937	0.426793	0.428423	0.429606	0.488285	0.475256	0.470933	0.457216	0.452256	0.452608
ERR608256-k20-n1-x5e9	0.343396	0.399892	0.41771	0.44765	0.447439	0.453486	0.369928	0.36808	0.360627	0.336	0.372116	0.370055	0.427274	0.482142	0.42009	0.422899	0.423806	0.423187	0.325282	0.32527	0.325227	0.3251	0.325186	0.325867	0.367006	0.362938	0.359759	0.356221	0.381826	0.375598	0.358494	0.346361	0.367855	0.244737	0.244427	0	0.325671	0.362647	0.37886	0.395725	0.383894	0.38182	0.356817	0.355598	0.364399	0.373796	0.37315	0.374674	0.489554	0.499879	0.634492	0.488679	0.489555	0.490072	0.506471	0.53207	0.543556	0.506282	0.504236	0.502198	0.449994	0.458703	0.458726	0.417467	0.419927	0.417602	0.505044	0.50466	0.572094	0.496373	0.495532	0.496361	0.435997	0.440413	0.448571	0.450615	0.451566	0.441895	0.45453	0.459682	0.459452	0.455536	0.454726	0.45348	0.43749	0.449169	0.451232	0.427574	0.429218	0.430523	0.489637	0.476561	0.472316	0.458458	0.453104	0.453769
ERR608495-k20-n1-x5e9	0.308944	0.367233	0.3858	0.412645	0.412319	0.417553	0.359593	0.357791	0.352078	0.337691	0.360747	0.359167	0.376359	0.469598	0.371781	0.378213	0.378331	0.377453	0.322535	0.322045	0.324557	0.318689	0.318718	0.318469	0.36841	0.366963	0.367082	0.369515	0.398806	0.392142	0.430207	0.419963	0.438503	0.324104	0.324432	0.325671	0	0.293015	0.31138	0.327433	0.315258	0.312512	0.325945	0.314834	0.321622	0.326559	0.325627	0.326691	0.50897	0.516578	0.660836	0.508155	0.508759	0.50925	0.50778	0.530501	0.54049	0.508791	0.507316	0.505471	0.469856	0.475146	0.473312	0.465364	0.466088	0.465384	0.49856	0.498695	0.577289	0.480212	0.479767	0.481927	0.443936	0.445739	0.452699	0.454428	0.455094	0.446012	0.487876	0.492287	0.490336	0.495164	0.494262	0.492706	0.443637	0.452996	0.453792	0.436662	0.439063	0.440075	0.487493	0.477812	0.47536	0.466727	0.465196	0.464797
ERR608496-k20-n1-x5e9	0.300248	0.30338	0.313921	0.335117	0.334947	0.339672	0.33175	0.334749	0.340285	0.335944	0.337866	0.337969	0.376936	0.534027	0.389786	0.395744	0.395079	0.394305	0.36568	0.360468	0.364926	0.342562	0.342098	0.340062	0.374877	0.384752	0.389142	0.404167	0.456655	0.44699	0.503487	0.491507	0.510073	0.359173	0.360669	0.362647	0.293015	0	0.248226	0.255516	0.250438	0.250224	0.386809	0.323012	0.31262	0.298523	0.298369	0.296279	0.517787	0.497527	0.698468	0.502841	0.500053	0.501152	0.503117	0.498419	0.502995	0.492147	0.491825	0.492581	0.439198	0.438992	0.438633	0.455621	0.454923	0.456337	0.521895	0.521986	0.627219	0.493897	0.494874	0.50189	0.467477	0.43963	0.435037	0.436209	0.434933	0.440894	0.485668	0.480994	0.481586	0.510071	0.508898	0.506097	0.430357	0.427813	0.431367	0.436623	0.434256	0.434014	0.457705	0.45523	0.456024	0.454196	0.477964	0.473286
ERR608497-k20-n1-x5e9	0.309382	0.296488	0.303353	0.321524	0.321153	0.325792	0.335264	0.339249	0.347065	0.345951	0.342035	0.342558	0.385279	0.551552	0.40149	0.407361	0.406617	0.405917	0.382249	0.37639	0.381457	0.356416	0.355997	0.353913	0.38534	0.397215	0.402198	0.419145	0.474305	0.464602	0.522959	0.510979	0.529283	0.375468	0.377038	0.37886	0.31138	0.248226	0	0.248345	0.246712	0.24701	0.406248	0.335212	0.321259	0.303305	0.303047	0.300603	0.525022	0.498889	0.709122	0.507419	0.503786	0.50523	0.507252	0.495564	0.498472	0.493797	0.49379	0.495261	0.438163	0.436321	0.436425	0.460313	0.459301	0.46106	0.531937	0.532169	0.640852	0.502055	0.50303	0.511116	0.47874	0.44534	0.438162	0.438807	0.437226	0.44674	0.491601	0.48478	0.486048	0.518956	0.517922	0.514684	0.434214	0.428595	0.432989	0.4437	0.439953	0.439728	0.456556	0.456129	0.457709	0.457709	0.486778	0.481373
ERR608498-k20-n1-x5e9	0.318057	0.293466	0.297121	0.308149	0.308125	0.311363	0.334187	0.338011	0.347198	0.354771	0.340436	0.341418	0.398481	0.572921	0.417609	0.424722	0.42379	0.423014	0.398507	0.392633	0.398439	0.371266	0.370763	0.368175	0.39363	0.407479	0.413461	0.433909	0.488632	0.478971	0.543921	0.532268	0.550719	0.391543	0.393582	0.395725	0.327433	0.255516	0.248345	0	0.243797	0.244348	0.426197	0.353936	0.338306	0.314614	0.314281	0.310521	0.526506	0.49602	0.720101	0.508726	0.504504	0.505901	0.50503	0.488014	0.489821	0.492562	0.493224	0.495289	0.433743	0.431284	0.430852	0.462222	0.460543	0.462861	0.545593	0.545891	0.656568	0.509884	0.511512	0.520335	0.487691	0.450959	0.440946	0.442444	0.439786	0.452135	0.493998	0.486267	0.486746	0.528452	0.527462	0.524244	0.436098	0.428121	0.431007	0.450256	0.446935	0.446004	0.450573	0.451937	0.454714	0.458449	0.489933	0.483922
ERR608499-k20-n1-x5e9	0.310535	0.295275	0.301764	0.316507	0.316395	0.320276	0.331369	0.334714	0.343072	0.346363	0.33765	0.338197	0.389472	0.559282	0.406815	0.413468	0.412645	0.412005	0.386542	0.380908	0.386324	0.36051	0.360125	0.357749	0.385509	0.398279	0.403725	0.422705	0.476973	0.467274	0.530444	0.518547	0.537117	0.380042	0.381993	0.383894	0.315258	0.250438	0.246712	0.243797	0	0.24347	0.412731	0.3426	0.329069	0.307735	0.307397	0.303937	0.523247	0.4963	0.712844	0.506293	0.50255	0.503989	0.503964	0.491379	0.494008	0.491844	0.492117	0.493998	0.435456	0.433777	0.433336	0.459602	0.458264	0.460387	0.537189	0.537469	0.646744	0.503867	0.505152	0.51356	0.480553	0.446731	0.438304	0.439648	0.437662	0.447818	0.491018	0.484257	0.484441	0.522078	0.521054	0.517838	0.433671	0.42778	0.430697	0.445291	0.442308	0.441697	0.452367	0.452136	0.454442	0.456082	0.484696	0.479014
ERR608500-k20-n1-x5e9	0.309108	0.296106	0.302857	0.317607	0.317388	0.321093	0.329686	0.332869	0.340692	0.34483	0.335593	0.336201	0.389555	0.558171	0.406336	0.41344	0.412648	0.412046	0.384188	0.378669	0.384582	0.358505	0.358233	0.355585	0.384077	0.396317	0.40192	0.421182	0.474373	0.46495	0.528493	0.516548	0.535284	0.378064	0.380002	0.38182	0.312512	0.250224	0.24701	0.244348	0.24347	0	0.410644	0.341843	0.328779	0.307617	0.307278	0.303426	0.520869	0.49482	0.711535	0.50487	0.501092	0.502434	0.501997	0.490307	0.493365	0.490943	0.491218	0.493051	0.434443	0.433011	0.432434	0.45836	0.456958	0.458986	0.536576	0.53675	0.645681	0.502725	0.504257	0.512543	0.478637	0.445685	0.437626	0.439138	0.436868	0.446921	0.489421	0.482953	0.483076	0.520963	0.519988	0.51682	0.432623	0.426937	0.429754	0.44437	0.441562	0.440846	0.451265	0.450795	0.453045	0.454962	0.482472	0.477182
ERR608531-k20-n1-x5e9	0.370441	0.439205	0.458857	0.487847	0.487445	0.493089	0.427468	0.425475	0.418562	0.388931	0.42846	0.426633	0.391078	0.409999	0.37486	0.375893	0.376831	0.376451	0.33848	0.340412	0.337946	0.348932	0.348827	0.350535	0.410982	0.401862	0.399792	0.385188	0.396952	0.393117	0.399992	0.392668	0.405197	0.357322	0.356373	0.356817	0.325945	0.386809	0.406248	0.426197	0.412731	0.410644	0	0.301466	0.318287	0.340605	0.340104	0.344392	0.551085	0.569273	0.647202	0.552053	0.554804	0.554509	0.556651	0.587107	0.597199	0.55554	0.553242	0.549471	0.52966	0.534667	0.533198	0.519883	0.521769	0.519911	0.486791	0.487147	0.540197	0.4894	0.487899	0.486177	0.464619	0.480778	0.494334	0.494639	0.497334	0.480962	0.53475	0.541789	0.540924	0.519529	0.518866	0.518064	0.489223	0.502477	0.505149	0.469881	0.472963	0.474951	0.543627	0.53249	0.529494	0.515261	0.507062	0.508805
