	ERR608075-k20-n1-x5e9	ERR608076-k20-n1-x5e9	ERR608077-k20-n1-x5e9	ERR608078-k20-n1-x5e9	ERR608079-k20-n1-x5e9	ERR608080-k20-n1-x5e9	ERR610025-k20-n1-x5e9	ERR610026-k20-n1-x5e9	ERR610027-k20-n1-x5e9	ERR610028-k20-n1-x5e9	ERR610029-k20-n1-x5e9	ERR610030-k20-n1-x5e9	ERR607158-k20-n1-x5e9	ERR607159-k20-n1-x5e9	ERR607160-k20-n1-x5e9	ERR607161-k20-n1-x5e9	ERR607162-k20-n1-x5e9	ERR607163-k20-n1-x5e9	ERR607164-k20-n1-x5e9	ERR607165-k20-n1-x5e9	ERR607166-k20-n1-x5e9	ERR607167-k20-n1-x5e9	ERR607168-k20-n1-x5e9	ERR607169-k20-n1-x5e9	ERR607579-k20-n1-x5e9	ERR607580-k20-n1-x5e9	ERR607581-k20-n1-x5e9	ERR607582-k20-n1-x5e9	ERR607583-k20-n1-x5e9	ERR607584-k20-n1-x5e9	ERR607875-k20-n1-x5e9	ERR607876-k20-n1-x5e9	ERR607877-k20-n1-x5e9	ERR607878-k20-n1-x5e9	ERR607879-k20-n1-x5e9	ERR607880-k20-n1-x5e9	ERR607343-k20-n1-x5e9	ERR607344-k20-n1-x5e9	ERR607345-k20-n1-x5e9	ERR607346-k20-n1-x5e9	ERR607347-k20-n1-x5e9	ERR607348-k20-n1-x5e9	ERR607391-k20-n1-x5e9	ERR607392-k20-n1-x5e9	ERR607393-k20-n1-x5e9	ERR607394-k20-n1-x5e9	ERR607395-k20-n1-x5e9	ERR607396-k20-n1-x5e9	ERR607499-k20-n1-x5e9	ERR607500-k20-n1-x5e9	ERR607501-k20-n1-x5e9	ERR607502-k20-n1-x5e9	ERR607503-k20-n1-x5e9	ERR607504-k20-n1-x5e9	ERR607669-k20-n1-x5e9	ERR607670-k20-n1-x5e9	ERR607671-k20-n1-x5e9	ERR607672-k20-n1-x5e9	ERR607673-k20-n1-x5e9	ERR607674-k20-n1-x5e9	ERR608799-k20-n1-x5e9	ERR608800-k20-n1-x5e9	ERR608801-k20-n1-x5e9	ERR608802-k20-n1-x5e9	ERR608803-k20-n1-x5e9	ERR608804-k20-n1-x5e9	ERR607983-k20-n1-x5e9	ERR607984-k20-n1-x5e9	ERR607985-k20-n1-x5e9	ERR607986-k20-n1-x5e9	ERR607987-k20-n1-x5e9	ERR607988-k20-n1-x5e9	ERR605617-k20-n1-x5e9	ERR605618-k20-n1-x5e9	ERR605619-k20-n1-x5e9	ERR605620-k20-n1-x5e9	ERR605621-k20-n1-x5e9	ERR605622-k20-n1-x5e9	ERR607379-k20-n1-x5e9	ERR607380-k20-n1-x5e9	ERR607381-k20-n1-x5e9	ERR607382-k20-n1-x5e9	ERR607383-k20-n1-x5e9	ERR607384-k20-n1-x5e9	ERR605994-k20-n1-x5e9	ERR605995-k20-n1-x5e9	ERR605996-k20-n1-x5e9	ERR605997-k20-n1-x5e9	ERR605998-k20-n1-x5e9	ERR605999-k20-n1-x5e9	ERR607603-k20-n1-x5e9	ERR607604-k20-n1-x5e9	ERR607605-k20-n1-x5e9	ERR607606-k20-n1-x5e9	ERR607607-k20-n1-x5e9	ERR607608-k20-n1-x5e9
ERR608075-k20-n1-x5e9	0	0.280118	0.303117	0.335829	0.337023	0.333522	0.411818	0.409561	0.581628	0.425435	0.426869	0.425496	0.420261	0.384213	0.409604	0.367699	0.368348	0.459998	0.440283	0.373017	0.447905	0.376323	0.376621	0.503938	0.449063	0.445269	0.444619	0.422053	0.4224	0.423079	0.374182	0.369874	0.373116	0.350526	0.350215	0.349265	0.321716	0.31868	0.322772	0.378035	0.375953	0.374415	0.397149	0.337339	0.335742	0.33513	0.336555	0.335693	0.569193	0.546881	0.71989	0.548742	0.546194	0.547078	0.529378	0.522289	0.523592	0.528551	0.526816	0.525207	0.494757	0.491469	0.492278	0.495582	0.496185	0.495019	0.564395	0.556063	0.55847	0.579087	0.579534	0.578913	0.472091	0.471885	0.47325	0.470199	0.486787	0.484649	0.538453	0.532755	0.535169	0.539775	0.539027	0.537953	0.597865	0.512	0.509211	0.567649	0.565737	0.568509	0.383337	0.386842	0.384962	0.379045	0.381887	0.380755
ERR608076-k20-n1-x5e9	0.280118	0	0.251187	0.275243	0.276217	0.273301	0.467298	0.400186	0.642307	0.405429	0.438126	0.435442	0.46263	0.370241	0.464807	0.383604	0.387334	0.523751	0.494121	0.380796	0.50991	0.41222	0.415472	0.569216	0.486786	0.481203	0.482017	0.44451	0.445201	0.445799	0.435087	0.429464	0.432139	0.402656	0.402231	0.400622	0.362026	0.351362	0.364736	0.342839	0.341255	0.340671	0.457277	0.370711	0.360189	0.366501	0.368558	0.367658	0.593497	0.55541	0.756129	0.566909	0.562126	0.563274	0.536954	0.525149	0.527664	0.535588	0.533392	0.530959	0.4965	0.487605	0.489297	0.509771	0.509902	0.50792	0.574465	0.562886	0.566469	0.601185	0.601058	0.601506	0.479733	0.486761	0.489928	0.488199	0.508805	0.507181	0.536486	0.523906	0.527726	0.544533	0.541504	0.539962	0.649733	0.555439	0.552019	0.616916	0.616565	0.618636	0.397541	0.416409	0.414885	0.409933	0.418193	0.418122
ERR608077-k20-n1-x5e9	0.303117	0.251187	0	0.26044	0.261075	0.25886	0.491204	0.402411	0.665869	0.403062	0.446565	0.443422	0.481604	0.371631	0.488568	0.396293	0.401014	0.549244	0.516722	0.391302	0.535526	0.43135	0.43552	0.595067	0.505057	0.498975	0.500472	0.458371	0.459197	0.459961	0.461861	0.455987	0.4587	0.428086	0.42737	0.425837	0.384612	0.372492	0.388191	0.337474	0.336375	0.336163	0.48293	0.390959	0.378305	0.38644	0.38875	0.387517	0.605886	0.562981	0.771309	0.577788	0.572414	0.573733	0.544002	0.530601	0.533387	0.542269	0.540129	0.537365	0.502491	0.491719	0.493538	0.520706	0.520751	0.51841	0.582037	0.569583	0.573247	0.613327	0.612955	0.613831	0.488124	0.497929	0.501381	0.500375	0.521409	0.520099	0.540785	0.525743	0.529856	0.551489	0.547658	0.546002	0.671195	0.576185	0.572669	0.638503	0.638415	0.640418	0.409809	0.433339	0.432231	0.427786	0.437712	0.43804
ERR608078-k20-n1-x5e9	0.335829	0.275243	0.26044	0	0.241317	0.241646	0.515783	0.392781	0.691768	0.385857	0.433782	0.430204	0.489496	0.365081	0.515188	0.40542	0.411164	0.578907	0.532302	0.39762	0.565727	0.450733	0.456276	0.626065	0.516096	0.509742	0.513601	0.463314	0.464615	0.46517	0.496129	0.490094	0.494537	0.462317	0.461849	0.459901	0.410885	0.397857	0.417318	0.32201	0.322145	0.32239	0.507868	0.41605	0.403397	0.411575	0.414029	0.412284	0.607792	0.561753	0.787714	0.582439	0.57624	0.57774	0.539112	0.525172	0.526253	0.5367	0.534562	0.531701	0.500244	0.489352	0.489617	0.530977	0.530776	0.528062	0.578515	0.566283	0.568783	0.619861	0.618435	0.62004	0.493482	0.505886	0.510476	0.512907	0.525839	0.526086	0.536525	0.52073	0.522502	0.552043	0.548872	0.547159	0.69696	0.609013	0.605668	0.670235	0.67027	0.672196	0.410707	0.440438	0.441253	0.438552	0.451055	0.45221
ERR608079-k20-n1-x5e9	0.337023	0.276217	0.261075	0.241317	0	0.241389	0.516716	0.392766	0.692699	0.385582	0.433761	0.430228	0.489986	0.364992	0.516156	0.405876	0.411533	0.579847	0.532984	0.397977	0.56676	0.451481	0.456975	0.627173	0.516659	0.510267	0.514057	0.463612	0.464974	0.465539	0.497407	0.491589	0.495736	0.463608	0.463285	0.461183	0.411902	0.398937	0.418305	0.321733	0.321905	0.322182	0.509165	0.417247	0.404635	0.412631	0.41517	0.413629	0.607834	0.561554	0.788219	0.582551	0.576348	0.577758	0.53887	0.524887	0.526021	0.536459	0.534321	0.531472	0.500087	0.489141	0.489414	0.531275	0.531052	0.528177	0.578364	0.566086	0.568552	0.620054	0.618503	0.620263	0.493418	0.505982	0.510562	0.513116	0.525684	0.526111	0.536357	0.520513	0.522271	0.55196	0.548894	0.547075	0.697681	0.609946	0.606599	0.671216	0.671182	0.673098	0.411211	0.441164	0.442105	0.439283	0.452057	0.453228
ERR608080-k20-n1-x5e9	0.333522	0.273301	0.25886	0.241646	0.241389	0	0.514145	0.392458	0.69029	0.386009	0.433613	0.430226	0.488501	0.364839	0.513553	0.404422	0.410123	0.577176	0.530968	0.396754	0.563982	0.449203	0.454641	0.624379	0.514907	0.508423	0.512239	0.462254	0.463618	0.46414	0.494142	0.488042	0.492428	0.460221	0.459875	0.457887	0.409003	0.396043	0.415323	0.321842	0.321837	0.322079	0.50631	0.414281	0.4018	0.409934	0.412349	0.410624	0.606939	0.560971	0.78649	0.581392	0.575266	0.576791	0.538463	0.524545	0.525715	0.536124	0.533978	0.531132	0.49941	0.488569	0.488935	0.529627	0.529396	0.526728	0.578007	0.565683	0.568287	0.618897	0.617402	0.619069	0.492438	0.5046	0.509162	0.511298	0.524669	0.524827	0.535814	0.520045	0.521959	0.551012	0.547893	0.546096	0.695339	0.606994	0.603663	0.668405	0.668481	0.670354	0.409868	0.439167	0.440043	0.437172	0.449684	0.450734
ERR610025-k20-n1-x5e9	0.411818	0.467298	0.491204	0.515783	0.516716	0.514145	0	0.398204	0.433486	0.431796	0.382538	0.384555	0.332181	0.42366	0.30148	0.36227	0.356405	0.328074	0.336074	0.390672	0.334913	0.341873	0.337907	0.382256	0.379052	0.379547	0.376543	0.39676	0.395426	0.3958	0.354703	0.354345	0.358392	0.357736	0.35716	0.358929	0.36286	0.371952	0.361375	0.484004	0.481695	0.479893	0.388531	0.401511	0.412382	0.404584	0.404335	0.403843	0.510384	0.517027	0.646806	0.506026	0.507614	0.507466	0.487611	0.491242	0.491352	0.488196	0.487987	0.488253	0.47851	0.485945	0.485752	0.458935	0.459546	0.460635	0.521193	0.520953	0.521404	0.516349	0.516557	0.515137	0.450761	0.439016	0.436098	0.434422	0.437234	0.435189	0.524382	0.53254	0.532807	0.515241	0.517201	0.517653	0.516856	0.470658	0.46967	0.506922	0.503252	0.506083	0.400556	0.375854	0.372837	0.368625	0.360022	0.357931
ERR610026-k20-n1-x5e9	0.409561	0.400186	0.402411	0.392781	0.392766	0.392458	0.398204	0	0.612037	0.248654	0.274893	0.271245	0.386492	0.297814	0.436746	0.321345	0.325358	0.50806	0.449236	0.332924	0.502474	0.380682	0.387266	0.56908	0.437786	0.431791	0.438017	0.388601	0.390124	0.390157	0.469004	0.46413	0.470194	0.441535	0.441072	0.439659	0.398341	0.390535	0.406841	0.352325	0.352019	0.35154	0.48185	0.413589	0.408993	0.412772	0.414593	0.412618	0.527744	0.488965	0.739116	0.510371	0.504913	0.506472	0.444776	0.436217	0.435293	0.443186	0.44209	0.439841	0.425954	0.422816	0.420951	0.46322	0.462586	0.460768	0.495735	0.487379	0.487881	0.54473	0.5418	0.544272	0.416827	0.426454	0.430075	0.437181	0.43807	0.439764	0.468814	0.462489	0.460713	0.484541	0.483416	0.482415	0.65276	0.578255	0.575454	0.637982	0.637054	0.639575	0.351176	0.374634	0.377825	0.377081	0.388649	0.390905
ERR610027-k20-n1-x5e9	0.581628	0.642307	0.665869	0.691768	0.692699	0.69029	0.433486	0.612037	0	0.639669	0.586999	0.589643	0.506715	0.62531	0.451673	0.565854	0.559876	0.400754	0.46925	0.588255	0.422842	0.52746	0.520483	0.384251	0.525858	0.530975	0.524474	0.572623	0.571016	0.571003	0.476595	0.481836	0.481178	0.505229	0.505078	0.507925	0.536714	0.549682	0.531335	0.669186	0.667253	0.665494	0.493798	0.565121	0.578951	0.56869	0.56738	0.56785	0.626275	0.658788	0.629442	0.635411	0.640101	0.639249	0.637601	0.645477	0.645111	0.638754	0.638962	0.640385	0.637396	0.647148	0.647209	0.601956	0.602949	0.60497	0.654913	0.659295	0.658724	0.62439	0.626237	0.622789	0.614365	0.596854	0.592413	0.58814	0.585784	0.583321	0.673566	0.684896	0.684938	0.658401	0.661366	0.662256	0.493043	0.538511	0.540486	0.517151	0.511302	0.512289	0.588928	0.556438	0.552958	0.549796	0.53582	0.532885
ERR610028-k20-n1-x5e9	0.425435	0.405429	0.403062	0.385857	0.385582	0.386009	0.431796	0.248654	0.639669	0	0.290199	0.285728	0.419063	0.306676	0.471387	0.348088	0.353426	0.5418	0.482057	0.355658	0.536027	0.412402	0.419281	0.600642	0.469683	0.463153	0.47007	0.415064	0.41694	0.417031	0.493343	0.48811	0.49417	0.464021	0.463692	0.461932	0.422047	0.412653	0.431039	0.349228	0.349399	0.349423	0.502183	0.42805	0.421376	0.426669	0.428674	0.426659	0.546432	0.503767	0.757562	0.528176	0.522212	0.523786	0.460619	0.449508	0.448164	0.45852	0.457267	0.454632	0.440677	0.435028	0.432996	0.48582	0.485064	0.482988	0.512661	0.502968	0.50331	0.567664	0.564371	0.567338	0.433244	0.445618	0.449838	0.457317	0.458642	0.460607	0.480485	0.470519	0.468214	0.500845	0.499221	0.497943	0.674884	0.599825	0.596937	0.660025	0.659551	0.661829	0.371824	0.400754	0.404342	0.404228	0.417014	0.419663
ERR610029-k20-n1-x5e9	0.426869	0.438126	0.446565	0.433782	0.433761	0.433613	0.382538	0.274893	0.586999	0.290199	0	0.243477	0.354954	0.329866	0.422041	0.329416	0.330768	0.48666	0.416977	0.347813	0.485628	0.376319	0.381401	0.547766	0.418864	0.415045	0.422368	0.384825	0.386175	0.38613	0.469803	0.466631	0.474792	0.450962	0.450781	0.449862	0.404468	0.401457	0.414432	0.387707	0.387296	0.386337	0.470943	0.429668	0.431377	0.429808	0.431253	0.428934	0.510913	0.488265	0.727224	0.504726	0.500741	0.502003	0.444091	0.441486	0.437079	0.441901	0.441613	0.440475	0.433966	0.437266	0.433226	0.468124	0.467613	0.466376	0.490626	0.487027	0.484496	0.533501	0.529898	0.532133	0.426286	0.429173	0.43282	0.442441	0.422378	0.425426	0.476219	0.477018	0.471814	0.48783	0.490221	0.489763	0.640171	0.586147	0.58408	0.636029	0.632605	0.635251	0.353607	0.363365	0.369946	0.370125	0.378062	0.380858
ERR610030-k20-n1-x5e9	0.425496	0.435442	0.443422	0.430204	0.430228	0.430226	0.384555	0.271245	0.589643	0.285728	0.243477	0	0.357394	0.327006	0.423914	0.328862	0.330411	0.489197	0.419786	0.346635	0.487771	0.376961	0.382101	0.550271	0.420756	0.416548	0.424007	0.385169	0.386547	0.386736	0.470118	0.466725	0.474884	0.450479	0.450258	0.449421	0.404066	0.400744	0.413887	0.384236	0.383766	0.382973	0.471675	0.42817	0.42954	0.428345	0.429782	0.427412	0.511579	0.487741	0.728554	0.504655	0.500701	0.501901	0.443439	0.44034	0.436004	0.441279	0.440963	0.439672	0.432847	0.435716	0.431589	0.467862	0.467276	0.466045	0.490415	0.486599	0.484095	0.534376	0.530718	0.533106	0.425152	0.428614	0.432244	0.441812	0.423038	0.425986	0.475106	0.475309	0.470167	0.487212	0.489481	0.489004	0.641475	0.585703	0.58368	0.636548	0.633396	0.63594	0.352663	0.363695	0.370171	0.370418	0.378759	0.381673
ERR607158-k20-n1-x5e9	0.420261	0.46263	0.481604	0.489496	0.489986	0.488501	0.332181	0.386492	0.506715	0.419063	0.354954	0.357394	0	0.357923	0.298655	0.297918	0.293535	0.355639	0.285937	0.324663	0.354846	0.294864	0.295405	0.419578	0.325755	0.325345	0.328518	0.334192	0.333537	0.333277	0.412151	0.409669	0.418519	0.406936	0.406161	0.40701	0.363644	0.368574	0.369733	0.44031	0.438299	0.436304	0.428485	0.428991	0.43754	0.431138	0.432162	0.430722	0.48362	0.486366	0.668582	0.485553	0.484895	0.485869	0.445663	0.453138	0.451515	0.44634	0.446604	0.447657	0.441623	0.452797	0.451366	0.434997	0.434934	0.435718	0.478748	0.481045	0.480049	0.486731	0.484709	0.484825	0.439242	0.431393	0.429618	0.435187	0.419954	0.421216	0.492356	0.504556	0.502996	0.484663	0.4882	0.488945	0.566031	0.530635	0.529484	0.571336	0.567448	0.570303	0.346159	0.32503	0.326305	0.325093	0.321626	0.321905
ERR607159-k20-n1-x5e9	0.384213	0.370241	0.371631	0.365081	0.364992	0.364839	0.42366	0.297814	0.62531	0.306676	0.329866	0.327006	0.357923	0	0.407106	0.272325	0.278092	0.485228	0.421784	0.280102	0.47551	0.338684	0.345908	0.547206	0.418168	0.411788	0.417509	0.364928	0.366338	0.366572	0.459805	0.454159	0.460108	0.430475	0.429635	0.428297	0.375482	0.366288	0.38393	0.327311	0.326452	0.325693	0.476406	0.402119	0.395921	0.400189	0.402416	0.400761	0.53361	0.493803	0.739092	0.513939	0.508302	0.510062	0.450654	0.44235	0.443046	0.449166	0.44787	0.445875	0.427202	0.423465	0.423032	0.459166	0.45857	0.456802	0.498563	0.489753	0.491357	0.543684	0.541137	0.543332	0.421422	0.431285	0.435	0.440389	0.44579	0.446777	0.476047	0.469903	0.470374	0.488239	0.486972	0.486142	0.651165	0.57249	0.569557	0.633469	0.632701	0.635102	0.335431	0.36029	0.362421	0.360978	0.373341	0.37514
ERR607160-k20-n1-x5e9	0.409604	0.464807	0.488568	0.515188	0.516156	0.513553	0.30148	0.436746	0.451673	0.471387	0.422041	0.423914	0.298655	0.407106	0	0.333453	0.326751	0.287582	0.295038	0.362606	0.289832	0.300448	0.295075	0.346243	0.349488	0.350585	0.345794	0.376565	0.374395	0.37497	0.365352	0.364572	0.368433	0.368195	0.367258	0.369224	0.356734	0.365801	0.354602	0.483857	0.481368	0.479172	0.407766	0.41733	0.427059	0.419175	0.419503	0.419189	0.514892	0.521622	0.645955	0.509564	0.510787	0.511258	0.492465	0.498044	0.499395	0.493315	0.493104	0.493855	0.48225	0.490715	0.491505	0.452648	0.453356	0.454524	0.520944	0.521696	0.523106	0.507513	0.508074	0.506089	0.460407	0.448399	0.445678	0.443221	0.447843	0.445545	0.532045	0.541999	0.543974	0.517699	0.519888	0.520685	0.520902	0.474223	0.473441	0.509636	0.505117	0.507985	0.394713	0.366525	0.362696	0.357582	0.347957	0.345184
ERR607161-k20-n1-x5e9	0.367699	0.383604	0.396293	0.40542	0.405876	0.404422	0.36227	0.321345	0.565854	0.348088	0.329416	0.328862	0.297918	0.272325	0.333453	0	0.241538	0.40966	0.353515	0.264566	0.401782	0.280569	0.28543	0.475864	0.362162	0.357477	0.360822	0.331547	0.331739	0.3322	0.413983	0.409065	0.415083	0.391627	0.390637	0.390162	0.340067	0.336749	0.346207	0.36623	0.364407	0.362778	0.439872	0.388633	0.388563	0.387841	0.38952	0.38832	0.50839	0.482435	0.703281	0.492286	0.488559	0.489991	0.441889	0.439918	0.440816	0.441407	0.440435	0.439532	0.422778	0.425226	0.425149	0.430951	0.430706	0.429921	0.484263	0.479191	0.480932	0.509727	0.507785	0.509018	0.410276	0.412212	0.414186	0.417451	0.421478	0.421626	0.474698	0.47638	0.477705	0.475072	0.475482	0.475507	0.604689	0.53148	0.52926	0.588275	0.586249	0.588807	0.320926	0.325554	0.326293	0.322671	0.328724	0.329453
ERR607162-k20-n1-x5e9	0.368348	0.387334	0.401014	0.411164	0.411533	0.410123	0.356405	0.325358	0.559876	0.353426	0.330768	0.330411	0.293535	0.278092	0.326751	0.241538	0	0.402515	0.347627	0.266653	0.395011	0.277221	0.28167	0.468973	0.358111	0.353507	0.356431	0.330463	0.330554	0.33111	0.410221	0.405443	0.411376	0.389078	0.387971	0.387648	0.338683	0.335959	0.344463	0.371902	0.370152	0.368245	0.43696	0.388924	0.389516	0.388544	0.390185	0.388846	0.506972	0.482822	0.70027	0.491654	0.488191	0.489357	0.442704	0.441388	0.442188	0.442189	0.441355	0.440651	0.424204	0.427198	0.427195	0.430084	0.429782	0.42904	0.484319	0.479773	0.481311	0.507627	0.505895	0.506936	0.411199	0.412355	0.414138	0.417218	0.420829	0.420816	0.476011	0.478391	0.479652	0.475289	0.475828	0.475813	0.600792	0.528643	0.526627	0.584546	0.582396	0.585158	0.321727	0.324234	0.324858	0.321078	0.32659	0.327093
ERR607163-k20-n1-x5e9	0.459998	0.523751	0.549244	0.578907	0.579847	0.577176	0.328074	0.50806	0.400754	0.5418	0.48666	0.489197	0.355639	0.485228	0.287582	0.40966	0.402515	0	0.323924	0.437741	0.280663	0.364739	0.356922	0.299749	0.391238	0.395272	0.387455	0.436901	0.434595	0.435234	0.381487	0.383558	0.385542	0.398121	0.397446	0.400483	0.406777	0.419325	0.401613	0.552074	0.549534	0.547503	0.424771	0.461561	0.473881	0.464003	0.463594	0.463717	0.545832	0.567112	0.62911	0.546663	0.549929	0.549688	0.542595	0.550169	0.551151	0.543542	0.543558	0.544813	0.535937	0.545826	0.546487	0.497103	0.498012	0.499715	0.564531	0.567372	0.568239	0.536409	0.538082	0.534733	0.512378	0.496168	0.49252	0.488233	0.490864	0.488077	0.58247	0.594193	0.595863	0.564636	0.567476	0.568545	0.492114	0.474128	0.474511	0.487878	0.481786	0.48463	0.461002	0.425936	0.421859	0.416636	0.403005	0.39947
ERR607164-k20-n1-x5e9	0.440283	0.494121	0.516722	0.532302	0.532984	0.530968	0.336074	0.449236	0.46925	0.482057	0.416977	0.419786	0.285937	0.421784	0.295038	0.353515	0.347627	0.323924	0	0.352979	0.299492	0.2967	0.293424	0.355045	0.326493	0.329195	0.32817	0.359785	0.358352	0.358428	0.399504	0.398963	0.406738	0.40416	0.403528	0.405479	0.375621	0.384681	0.378034	0.487567	0.485331	0.483055	0.423428	0.446289	0.457546	0.448864	0.449542	0.448582	0.492982	0.50991	0.643134	0.499054	0.500573	0.501049	0.479598	0.489198	0.488366	0.48067	0.480985	0.482619	0.478803	0.491275	0.490662	0.456021	0.456452	0.457909	0.505906	0.510088	0.509466	0.495213	0.494671	0.492979	0.468929	0.456002	0.452658	0.454833	0.442398	0.442156	0.524078	0.538565	0.53783	0.510158	0.514188	0.515219	0.534622	0.513563	0.512968	0.54355	0.538691	0.541556	0.38337	0.351233	0.350133	0.348022	0.33834	0.337142
ERR607165-k20-n1-x5e9	0.373017	0.380796	0.391302	0.39762	0.397977	0.396754	0.390672	0.332924	0.588255	0.355658	0.347813	0.346635	0.324663	0.280102	0.362606	0.264566	0.266653	0.437741	0.352979	0	0.4068	0.270706	0.277549	0.484253	0.364366	0.358998	0.363063	0.325935	0.326565	0.327106	0.426326	0.421126	0.427012	0.401201	0.400254	0.399519	0.345099	0.339508	0.35197	0.354288	0.352468	0.350962	0.452728	0.394068	0.392264	0.392911	0.394979	0.393469	0.512659	0.482725	0.710928	0.495498	0.491105	0.492856	0.443426	0.440737	0.442199	0.442983	0.442027	0.441081	0.425503	0.426761	0.427269	0.437366	0.436943	0.436003	0.486395	0.480716	0.482718	0.515875	0.514024	0.514964	0.416726	0.420392	0.422526	0.426106	0.431509	0.431972	0.471808	0.472446	0.474202	0.473841	0.473597	0.473438	0.619716	0.545033	0.542408	0.602768	0.601594	0.604195	0.314305	0.325035	0.325468	0.322695	0.331042	0.33252
ERR607166-k20-n1-x5e9	0.447905	0.50991	0.535526	0.565727	0.56676	0.563982	0.334913	0.502474	0.422842	0.536027	0.485628	0.487771	0.354846	0.47551	0.289832	0.401782	0.395011	0.280663	0.299492	0.4068	0	0.332951	0.32551	0.290458	0.371192	0.374768	0.366754	0.41563	0.413246	0.413899	0.374449	0.376041	0.377635	0.387675	0.386726	0.389813	0.390347	0.402378	0.385207	0.536342	0.533722	0.531598	0.422293	0.451239	0.462979	0.453549	0.453474	0.453621	0.533896	0.552174	0.625539	0.532627	0.535596	0.535595	0.530766	0.53832	0.539959	0.532046	0.531889	0.533126	0.524653	0.534482	0.535594	0.484371	0.485121	0.486888	0.552815	0.555526	0.556853	0.524776	0.526617	0.523221	0.501493	0.485762	0.481996	0.477526	0.48284	0.479911	0.568444	0.580442	0.582628	0.549616	0.55222	0.553332	0.497366	0.469528	0.46957	0.488758	0.483506	0.486589	0.441968	0.407707	0.402825	0.397448	0.383784	0.380379
ERR607167-k20-n1-x5e9	0.376323	0.41222	0.43135	0.450733	0.451481	0.449203	0.341873	0.380682	0.52746	0.412402	0.376319	0.376961	0.294864	0.338684	0.300448	0.280569	0.277221	0.364739	0.2967	0.270706	0.332951	0	0.24209	0.408344	0.332517	0.329818	0.329452	0.327463	0.326589	0.327394	0.386581	0.383168	0.388154	0.372888	0.371774	0.372425	0.330918	0.332702	0.333341	0.412432	0.410014	0.407848	0.422887	0.395454	0.399867	0.395804	0.396885	0.396102	0.502365	0.490289	0.676366	0.489994	0.488125	0.489393	0.458404	0.461043	0.462379	0.458584	0.457952	0.458152	0.444897	0.450928	0.451609	0.43164	0.431844	0.432106	0.49368	0.491958	0.49358	0.499434	0.498694	0.498179	0.426518	0.42154	0.421509	0.42167	0.42669	0.425783	0.492369	0.499132	0.501217	0.483745	0.485083	0.485557	0.572472	0.506968	0.505172	0.556511	0.553723	0.556671	0.335308	0.322381	0.320823	0.315641	0.31465	0.314191
ERR607168-k20-n1-x5e9	0.376621	0.415472	0.43552	0.456276	0.456975	0.454641	0.337907	0.387266	0.520483	0.419281	0.381401	0.382101	0.295405	0.345908	0.295075	0.28543	0.28167	0.356922	0.293424	0.277549	0.32551	0.24209	0	0.399662	0.332026	0.329628	0.328729	0.3309	0.329654	0.330589	0.381893	0.378823	0.383552	0.369758	0.368585	0.369327	0.330234	0.332986	0.332145	0.418608	0.416095	0.413935	0.419336	0.395267	0.400407	0.39573	0.396828	0.395935	0.50334	0.493178	0.672673	0.491351	0.489858	0.491029	0.461848	0.464729	0.466066	0.462092	0.461534	0.461729	0.448531	0.454921	0.455635	0.433472	0.433546	0.433896	0.496533	0.494914	0.496554	0.499847	0.499228	0.498674	0.429497	0.423485	0.422955	0.422761	0.428369	0.426977	0.496135	0.503109	0.505173	0.486793	0.488272	0.488763	0.566795	0.502532	0.50077	0.550963	0.547923	0.550735	0.339872	0.32475	0.322881	0.317877	0.31585	0.314824
ERR607169-k20-n1-x5e9	0.503938	0.569216	0.595067	0.626065	0.627173	0.624379	0.382256	0.56908	0.384251	0.600642	0.547766	0.550271	0.419578	0.547206	0.346243	0.475864	0.468973	0.299749	0.355045	0.484253	0.290458	0.408344	0.399662	0	0.429724	0.434914	0.426187	0.483295	0.480926	0.481463	0.409234	0.412481	0.412466	0.432565	0.431778	0.435126	0.450747	0.464488	0.444123	0.60127	0.598762	0.596579	0.452845	0.501693	0.515095	0.504454	0.504056	0.504002	0.571541	0.600808	0.613967	0.57558	0.579979	0.579394	0.582996	0.591745	0.59286	0.584307	0.584435	0.585839	0.57988	0.590242	0.591323	0.534943	0.535656	0.538017	0.600402	0.604494	0.605356	0.562961	0.565139	0.561246	0.555867	0.537977	0.533431	0.527587	0.531263	0.528019	0.62007	0.632869	0.634769	0.59964	0.602759	0.603864	0.478049	0.483771	0.48491	0.478658	0.472184	0.474479	0.51044	0.473857	0.469261	0.464146	0.449009	0.445332
ERR607579-k20-n1-x5e9	0.449063	0.486786	0.505057	0.516096	0.516659	0.514907	0.379052	0.437786	0.525858	0.469683	0.418864	0.420756	0.325755	0.418168	0.349488	0.362162	0.358111	0.391238	0.326493	0.364366	0.371192	0.332517	0.332026	0.429724	0	0.238108	0.239003	0.264407	0.262798	0.262764	0.431901	0.429701	0.436585	0.427919	0.427186	0.428911	0.36756	0.372912	0.371095	0.453405	0.450901	0.448959	0.457788	0.458085	0.465365	0.460071	0.461221	0.459895	0.470877	0.471611	0.656304	0.47033	0.469165	0.470356	0.427442	0.438303	0.439692	0.429259	0.429415	0.431508	0.42717	0.440228	0.440816	0.404967	0.404513	0.405776	0.452249	0.45636	0.456998	0.448435	0.447222	0.446565	0.45556	0.447693	0.446172	0.449409	0.44149	0.442344	0.471565	0.488229	0.489372	0.454802	0.45821	0.459317	0.573092	0.533318	0.532574	0.571502	0.56907	0.571944	0.337375	0.310676	0.309706	0.308089	0.302743	0.302448
ERR607580-k20-n1-x5e9	0.445269	0.481203	0.498975	0.509742	0.510267	0.508423	0.379547	0.431791	0.530975	0.463153	0.415045	0.416548	0.325345	0.411788	0.350585	0.357477	0.353507	0.395272	0.329195	0.358998	0.374768	0.329818	0.329628	0.434914	0.238108	0	0.238735	0.258385	0.256915	0.25656	0.430888	0.42834	0.435276	0.425206	0.424346	0.426145	0.363887	0.36828	0.367567	0.445806	0.443364	0.441284	0.45693	0.453544	0.460719	0.455882	0.456872	0.455566	0.470885	0.468475	0.658979	0.468601	0.467003	0.468545	0.423388	0.434065	0.435538	0.425457	0.425614	0.427484	0.422519	0.435061	0.435778	0.402059	0.401436	0.402722	0.449119	0.45288	0.453629	0.448279	0.447073	0.446473	0.452255	0.445363	0.44387	0.447118	0.440616	0.4414	0.466899	0.482933	0.484237	0.450922	0.454034	0.455112	0.57662	0.53373	0.532863	0.573849	0.572077	0.574529	0.331175	0.306523	0.305585	0.304089	0.299656	0.299548
ERR607581-k20-n1-x5e9	0.444619	0.482017	0.500472	0.513601	0.514057	0.512239	0.376543	0.438017	0.524474	0.47007	0.422368	0.424007	0.328518	0.417509	0.345794	0.360822	0.356431	0.387455	0.32817	0.363063	0.366754	0.329452	0.328729	0.426187	0.239003	0.238735	0	0.264505	0.262774	0.262765	0.426582	0.424283	0.430568	0.422039	0.421256	0.42323	0.363055	0.3681	0.365886	0.452243	0.449635	0.447704	0.455595	0.45371	0.460877	0.455855	0.456935	0.455654	0.474404	0.473338	0.655807	0.471596	0.470435	0.471688	0.430159	0.44053	0.442324	0.432192	0.432266	0.434092	0.428237	0.440582	0.441418	0.403766	0.403674	0.404836	0.454847	0.458356	0.459464	0.449962	0.449066	0.448174	0.455219	0.447617	0.445877	0.448422	0.44398	0.444031	0.47282	0.488765	0.490452	0.455597	0.458605	0.459717	0.571414	0.528339	0.527277	0.567421	0.565469	0.568041	0.337516	0.310982	0.309487	0.307322	0.302038	0.301473
ERR607582-k20-n1-x5e9	0.422053	0.44451	0.458371	0.463314	0.463612	0.462254	0.39676	0.388601	0.572623	0.415064	0.384825	0.385169	0.334192	0.364928	0.376565	0.331547	0.330463	0.436901	0.359785	0.325935	0.41563	0.327463	0.3309	0.483295	0.264407	0.258385	0.264505	0	0.231834	0.231735	0.437886	0.433486	0.44056	0.420806	0.420028	0.420583	0.349863	0.348812	0.356303	0.391294	0.389098	0.387476	0.459039	0.428326	0.431458	0.429444	0.430984	0.429344	0.477736	0.4581	0.686485	0.468504	0.464839	0.466785	0.404839	0.410309	0.412273	0.406047	0.405853	0.406588	0.397414	0.405789	0.406454	0.398911	0.398057	0.398068	0.438903	0.438273	0.439686	0.462467	0.45996	0.461004	0.435282	0.434632	0.434591	0.439091	0.436523	0.437883	0.442984	0.453695	0.455113	0.436931	0.438308	0.438841	0.606851	0.547983	0.546434	0.598283	0.597841	0.600499	0.296621	0.292164	0.292068	0.291933	0.295853	0.297171
ERR607583-k20-n1-x5e9	0.4224	0.445201	0.459197	0.464615	0.464974	0.463618	0.395426	0.390124	0.571016	0.41694	0.386175	0.386547	0.333537	0.366338	0.374395	0.331739	0.330554	0.434595	0.358352	0.326565	0.413246	0.326589	0.329654	0.480926	0.262798	0.256915	0.262774	0.231834	0	0.231791	0.436916	0.432491	0.439684	0.420039	0.419331	0.419918	0.349645	0.348678	0.355891	0.393108	0.390922	0.389266	0.459023	0.428824	0.432153	0.429909	0.431465	0.43	0.477256	0.457728	0.684919	0.467766	0.464116	0.466027	0.405026	0.410657	0.412632	0.406404	0.40598	0.406872	0.397421	0.405994	0.406756	0.397655	0.396715	0.396914	0.438623	0.438126	0.439584	0.461202	0.458638	0.45966	0.435343	0.43453	0.434368	0.438873	0.436743	0.437865	0.443105	0.45405	0.455484	0.436308	0.437784	0.438362	0.605444	0.546427	0.544762	0.596772	0.596195	0.598768	0.29744	0.292189	0.292132	0.291572	0.295076	0.2962
ERR607584-k20-n1-x5e9	0.423079	0.445799	0.459961	0.46517	0.465539	0.46414	0.3958	0.390157	0.571003	0.417031	0.38613	0.386736	0.333277	0.366572	0.37497	0.3322	0.33111	0.435234	0.358428	0.327106	0.413899	0.327394	0.330589	0.481463	0.262764	0.25656	0.262765	0.231735	0.231791	0	0.437635	0.433227	0.440325	0.42076	0.420095	0.420676	0.350358	0.349589	0.356812	0.393702	0.391527	0.389948	0.459405	0.429722	0.43298	0.430879	0.432497	0.430975	0.477261	0.457958	0.685111	0.468111	0.464522	0.466344	0.405016	0.410895	0.412804	0.406452	0.406108	0.407034	0.397802	0.40638	0.407132	0.398174	0.397255	0.397499	0.438803	0.438249	0.439696	0.461477	0.459005	0.459995	0.435807	0.43488	0.434766	0.439265	0.436844	0.438178	0.443464	0.45436	0.455919	0.436708	0.438179	0.4388	0.605789	0.547159	0.545411	0.597246	0.596729	0.599369	0.297744	0.292348	0.292288	0.292068	0.295766	0.296781
ERR607875-k20-n1-x5e9	0.374182	0.435087	0.461861	0.496129	0.497407	0.494142	0.354703	0.469004	0.476595	0.493343	0.469803	0.470118	0.412151	0.459805	0.365352	0.413983	0.410221	0.381487	0.399504	0.426326	0.374449	0.386581	0.381893	0.409234	0.431901	0.430888	0.426582	0.437886	0.436916	0.437635	0	0.270772	0.271312	0.276857	0.276943	0.27777	0.344228	0.353725	0.338806	0.479512	0.477113	0.475271	0.338738	0.354417	0.365589	0.357162	0.356374	0.35703	0.560162	0.561899	0.663757	0.548884	0.550079	0.549911	0.54171	0.540385	0.541402	0.542159	0.541267	0.540539	0.521696	0.524519	0.524974	0.503106	0.504211	0.504412	0.57517	0.571319	0.572735	0.571295	0.572802	0.570784	0.494673	0.48497	0.482609	0.476591	0.493019	0.489508	0.56506	0.56738	0.568531	0.558649	0.559281	0.559011	0.520353	0.461466	0.460873	0.4969	0.494039	0.497039	0.426613	0.406567	0.402068	0.396626	0.388515	0.385757
ERR607876-k20-n1-x5e9	0.369874	0.429464	0.455987	0.490094	0.491589	0.488042	0.354345	0.46413	0.481836	0.48811	0.466631	0.466725	0.409669	0.454159	0.364572	0.409065	0.405443	0.383558	0.398963	0.421126	0.376041	0.383168	0.378823	0.412481	0.429701	0.42834	0.424283	0.433486	0.432491	0.433227	0.270772	0	0.270915	0.273984	0.273764	0.274618	0.340446	0.349088	0.335431	0.473452	0.470945	0.469021	0.340868	0.351028	0.361473	0.353576	0.352694	0.353505	0.558718	0.558823	0.665371	0.546561	0.547808	0.547574	0.538232	0.5366	0.537838	0.538671	0.537691	0.537042	0.517806	0.520282	0.520857	0.499881	0.500984	0.501285	0.572211	0.568003	0.569647	0.569592	0.571165	0.569119	0.491985	0.482893	0.48055	0.474817	0.49176	0.488267	0.561139	0.563218	0.564465	0.555106	0.555457	0.555164	0.523693	0.462253	0.461308	0.499074	0.496999	0.4998	0.421099	0.402123	0.397565	0.392319	0.384307	0.381697
ERR607877-k20-n1-x5e9	0.373116	0.432139	0.4587	0.494537	0.495736	0.492428	0.358392	0.470194	0.481178	0.49417	0.474792	0.474884	0.418519	0.460108	0.368433	0.415083	0.411376	0.385542	0.406738	0.427012	0.377635	0.388154	0.383552	0.412466	0.436585	0.435276	0.430568	0.44056	0.439684	0.440325	0.271312	0.270915	0	0.275344	0.275461	0.276486	0.344923	0.353559	0.338907	0.479109	0.476796	0.474751	0.343974	0.354243	0.364332	0.356411	0.355398	0.356497	0.564936	0.564238	0.666729	0.551894	0.552891	0.552654	0.544368	0.542376	0.543913	0.544822	0.543785	0.543002	0.523287	0.525243	0.526083	0.50423	0.505266	0.505576	0.577992	0.573573	0.575363	0.574563	0.576297	0.574182	0.495957	0.486806	0.484663	0.478182	0.497229	0.493533	0.566526	0.567931	0.569689	0.56014	0.56032	0.56001	0.522863	0.459502	0.458934	0.495452	0.493415	0.496228	0.428757	0.410108	0.405228	0.399534	0.391599	0.38902
ERR607878-k20-n1-x5e9	0.350526	0.402656	0.428086	0.462317	0.463608	0.460221	0.357736	0.441535	0.505229	0.464021	0.450962	0.450479	0.406936	0.430475	0.368195	0.391627	0.389078	0.398121	0.40416	0.401201	0.387675	0.372888	0.369758	0.432565	0.427919	0.425206	0.422039	0.420806	0.420039	0.42076	0.276857	0.273984	0.275344	0	0.265237	0.265472	0.326263	0.331761	0.321787	0.445615	0.443091	0.441219	0.347003	0.334297	0.34158	0.336003	0.335624	0.336105	0.553568	0.546273	0.674478	0.537774	0.53813	0.537912	0.525198	0.521751	0.523459	0.525446	0.524371	0.523184	0.501814	0.502657	0.503465	0.488322	0.489216	0.489168	0.561763	0.556126	0.558298	0.565094	0.566288	0.564744	0.477185	0.470434	0.468972	0.463127	0.482947	0.479705	0.545147	0.544968	0.546956	0.541237	0.54088	0.540449	0.537454	0.463879	0.462708	0.509178	0.507882	0.510758	0.402878	0.38987	0.38513	0.379868	0.374629	0.372551
ERR607879-k20-n1-x5e9	0.350215	0.402231	0.42737	0.461849	0.463285	0.459875	0.35716	0.441072	0.505078	0.463692	0.450781	0.450258	0.406161	0.429635	0.367258	0.390637	0.387971	0.397446	0.403528	0.400254	0.386726	0.371774	0.368585	0.431778	0.427186	0.424346	0.421256	0.420028	0.419331	0.420095	0.276943	0.273764	0.275461	0.265237	0	0.265311	0.325731	0.331227	0.321241	0.44538	0.44288	0.440967	0.347572	0.334257	0.341372	0.335849	0.335506	0.336182	0.553514	0.546312	0.674547	0.537773	0.53805	0.538033	0.525319	0.521782	0.523555	0.525586	0.524411	0.523227	0.50165	0.502425	0.50331	0.487767	0.488949	0.488924	0.561797	0.556024	0.558245	0.564825	0.566027	0.564567	0.476844	0.470072	0.468554	0.462781	0.482718	0.479356	0.545392	0.545231	0.547187	0.541329	0.540921	0.540396	0.537295	0.463774	0.462233	0.509442	0.507835	0.510716	0.402411	0.389212	0.384448	0.379356	0.373901	0.371884
ERR607880-k20-n1-x5e9	0.349265	0.400622	0.425837	0.459901	0.461183	0.457887	0.358929	0.439659	0.507925	0.461932	0.449862	0.449421	0.40701	0.428297	0.369224	0.390162	0.387648	0.400483	0.405479	0.399519	0.389813	0.372425	0.369327	0.435126	0.428911	0.426145	0.42323	0.420583	0.419918	0.420676	0.27777	0.274618	0.276486	0.265472	0.265311	0	0.325531	0.330905	0.321619	0.443334	0.440971	0.439156	0.348055	0.332854	0.340052	0.334347	0.334098	0.334857	0.554697	0.547036	0.676558	0.538918	0.538829	0.538826	0.525783	0.522114	0.523826	0.526062	0.524713	0.523726	0.502145	0.502707	0.503541	0.489214	0.490225	0.490284	0.562606	0.556806	0.559032	0.566358	0.567762	0.566363	0.477169	0.470893	0.469232	0.463498	0.483519	0.480255	0.545671	0.545279	0.547151	0.541941	0.541394	0.541016	0.539651	0.465564	0.464105	0.511294	0.5096	0.512842	0.401879	0.389638	0.385121	0.379494	0.37474	0.372666
ERR607343-k20-n1-x5e9	0.321716	0.362026	0.384612	0.410885	0.411902	0.409003	0.36286	0.398341	0.536714	0.422047	0.404468	0.404066	0.363644	0.375482	0.356734	0.340067	0.338683	0.406777	0.375621	0.345099	0.390347	0.330918	0.330234	0.450747	0.36756	0.363887	0.363055	0.349863	0.349645	0.350358	0.344228	0.340446	0.344923	0.326263	0.325731	0.325531	0	0.254417	0.255073	0.35292	0.350323	0.348364	0.36746	0.329963	0.334124	0.330606	0.331512	0.33097	0.514421	0.499534	0.679106	0.498445	0.49655	0.497279	0.47181	0.46933	0.470794	0.472029	0.471005	0.47003	0.448193	0.45009	0.450709	0.440958	0.441622	0.441395	0.50806	0.502897	0.50486	0.518706	0.519035	0.518248	0.438616	0.434611	0.434142	0.432045	0.445016	0.443167	0.495347	0.496766	0.498444	0.491875	0.492039	0.491576	0.559852	0.483702	0.481661	0.537254	0.535971	0.538958	0.336327	0.327614	0.325054	0.320729	0.319812	0.318552
ERR607344-k20-n1-x5e9	0.31868	0.351362	0.372492	0.397857	0.398937	0.396043	0.371952	0.390535	0.549682	0.412653	0.401457	0.400744	0.368574	0.366288	0.365801	0.336749	0.335959	0.419325	0.384681	0.339508	0.402378	0.332702	0.332986	0.464488	0.372912	0.36828	0.3681	0.348812	0.348678	0.349589	0.353725	0.349088	0.353559	0.331761	0.331227	0.330905	0.254417	0	0.256988	0.338251	0.335668	0.333721	0.377045	0.329745	0.331547	0.329719	0.331037	0.33051	0.516808	0.497435	0.686205	0.498789	0.496328	0.497278	0.469009	0.465333	0.467053	0.469106	0.467966	0.466867	0.443592	0.444253	0.445199	0.439686	0.440208	0.439698	0.506541	0.500517	0.502695	0.521116	0.521311	0.520825	0.435332	0.433605	0.433183	0.431329	0.44538	0.443993	0.49044	0.49042	0.492388	0.488694	0.488281	0.48786	0.570115	0.490609	0.488233	0.546518	0.545621	0.548444	0.332121	0.328098	0.325228	0.321137	0.322236	0.321357
ERR607345-k20-n1-x5e9	0.322772	0.364736	0.388191	0.417318	0.418305	0.415323	0.361375	0.406841	0.531335	0.431039	0.414432	0.413887	0.369733	0.38393	0.354602	0.346207	0.344463	0.401613	0.378034	0.35197	0.385207	0.333341	0.332145	0.444123	0.371095	0.367567	0.365886	0.356303	0.355891	0.356812	0.338806	0.335431	0.338907	0.321787	0.321241	0.321619	0.255073	0.256988	0	0.363133	0.360401	0.358514	0.366299	0.33084	0.335109	0.331408	0.332194	0.331849	0.51821	0.504121	0.676088	0.501376	0.49961	0.500289	0.478005	0.475391	0.477238	0.478254	0.477086	0.476124	0.453664	0.455305	0.456337	0.443011	0.443819	0.443562	0.513152	0.507933	0.510167	0.521278	0.521706	0.52061	0.441987	0.437505	0.436848	0.433948	0.448913	0.446752	0.500826	0.502029	0.504193	0.496178	0.496169	0.495737	0.554327	0.476653	0.474749	0.529712	0.528352	0.531251	0.345249	0.335041	0.331359	0.326645	0.324867	0.323388
ERR607346-k20-n1-x5e9	0.378035	0.342839	0.337474	0.32201	0.321733	0.321842	0.484004	0.352325	0.669186	0.349228	0.387707	0.384236	0.44031	0.327311	0.483857	0.36623	0.371902	0.552074	0.487567	0.354288	0.536342	0.412432	0.418608	0.60127	0.453405	0.445806	0.452243	0.391294	0.393108	0.393702	0.479512	0.473452	0.479109	0.445615	0.44538	0.443334	0.35292	0.338251	0.363133	0	0.23786	0.238205	0.48413	0.395834	0.385675	0.393205	0.395773	0.394136	0.557667	0.511069	0.762095	0.535348	0.528696	0.530536	0.472425	0.460233	0.46074	0.470902	0.46922	0.466552	0.442369	0.434472	0.433964	0.481772	0.481338	0.478777	0.51846	0.507363	0.508989	0.569642	0.567139	0.569614	0.453321	0.466176	0.46978	0.475015	0.482701	0.484173	0.481749	0.469931	0.469848	0.499929	0.497116	0.49582	0.677803	0.595933	0.592813	0.65805	0.658655	0.660759	0.34879	0.381831	0.38419	0.384073	0.398328	0.400583
ERR607347-k20-n1-x5e9	0.375953	0.341255	0.336375	0.322145	0.321905	0.321837	0.481695	0.352019	0.667253	0.349399	0.387296	0.383766	0.438299	0.326452	0.481368	0.364407	0.370152	0.549534	0.485331	0.352468	0.533722	0.410014	0.416095	0.598762	0.450901	0.443364	0.449635	0.389098	0.390922	0.391527	0.477113	0.470945	0.476796	0.443091	0.44288	0.440971	0.350323	0.335668	0.360401	0.23786	0	0.237725	0.482607	0.394404	0.384256	0.391795	0.394382	0.392754	0.556163	0.509789	0.760471	0.533835	0.527254	0.528895	0.471412	0.459289	0.459914	0.469897	0.468263	0.465569	0.441085	0.433239	0.432874	0.479688	0.479177	0.476584	0.517113	0.506039	0.507922	0.567836	0.565395	0.567752	0.452204	0.464784	0.468457	0.47346	0.48154	0.482854	0.480565	0.468833	0.469053	0.498336	0.495527	0.494164	0.675786	0.593478	0.590449	0.655889	0.656446	0.658644	0.347237	0.379793	0.382202	0.381791	0.396017	0.398359
ERR607348-k20-n1-x5e9	0.374415	0.340671	0.336163	0.32239	0.322182	0.322079	0.479893	0.35154	0.665494	0.349423	0.386337	0.382973	0.436304	0.325693	0.479172	0.362778	0.368245	0.547503	0.483055	0.350962	0.531598	0.407848	0.413935	0.596579	0.448959	0.441284	0.447704	0.387476	0.389266	0.389948	0.475271	0.469021	0.474751	0.441219	0.440967	0.439156	0.348364	0.333721	0.358514	0.238205	0.237725	0	0.480844	0.392912	0.382803	0.390333	0.392936	0.391321	0.555412	0.509169	0.759543	0.533051	0.526503	0.528153	0.470619	0.458726	0.459325	0.469092	0.46746	0.464836	0.440595	0.432821	0.432577	0.478571	0.478071	0.475639	0.516622	0.50555	0.507348	0.566725	0.564259	0.566658	0.451394	0.463843	0.467488	0.47237	0.480405	0.481822	0.480373	0.469007	0.469123	0.49771	0.495068	0.493726	0.674589	0.592456	0.589285	0.654574	0.655108	0.65738	0.345456	0.377799	0.379888	0.379701	0.393783	0.395956
ERR607391-k20-n1-x5e9	0.397149	0.457277	0.48293	0.507868	0.509165	0.50631	0.388531	0.48185	0.493798	0.502183	0.470943	0.471675	0.428485	0.476406	0.407766	0.439872	0.43696	0.424771	0.423428	0.452728	0.422293	0.422887	0.419336	0.452845	0.457788	0.45693	0.455595	0.459039	0.459023	0.459405	0.338738	0.340868	0.343974	0.347003	0.347572	0.348055	0.36746	0.377045	0.366299	0.48413	0.482607	0.480844	0	0.323406	0.337617	0.327573	0.326657	0.326765	0.568381	0.573793	0.681735	0.563175	0.56455	0.5642	0.552828	0.55105	0.549223	0.55254	0.551844	0.550923	0.537653	0.541013	0.53954	0.531735	0.532841	0.532747	0.587218	0.584164	0.583543	0.592443	0.593024	0.591712	0.510457	0.501083	0.499309	0.49644	0.501536	0.499374	0.581026	0.582834	0.580812	0.580017	0.581437	0.581119	0.540151	0.498142	0.497704	0.530002	0.526695	0.529602	0.437072	0.418686	0.416793	0.413904	0.406477	0.404879
