	ERR609217-k20-n1-x5e9	ERR609218-k20-n1-x5e9	ERR609219-k20-n1-x5e9	ERR609220-k20-n1-x5e9	ERR609221-k20-n1-x5e9	ERR609222-k20-n1-x5e9	ERR610253-k20-n1-x5e9	ERR610254-k20-n1-x5e9	ERR610255-k20-n1-x5e9	ERR610256-k20-n1-x5e9	ERR610257-k20-n1-x5e9	ERR610258-k20-n1-x5e9	ERR605575-k20-n1-x5e9	ERR605576-k20-n1-x5e9	ERR605577-k20-n1-x5e9	ERR605578-k20-n1-x5e9	ERR605579-k20-n1-x5e9	ERR605580-k20-n1-x5e9	ERR609993-k20-n1-x5e9	ERR609994-k20-n1-x5e9	ERR609995-k20-n1-x5e9	ERR609996-k20-n1-x5e9	ERR609997-k20-n1-x5e9	ERR609998-k20-n1-x5e9	ERR605665-k20-n1-x5e9	ERR605666-k20-n1-x5e9	ERR605667-k20-n1-x5e9	ERR605668-k20-n1-x5e9	ERR605669-k20-n1-x5e9	ERR605670-k20-n1-x5e9	ERR610211-k20-n1-x5e9	ERR610212-k20-n1-x5e9	ERR610213-k20-n1-x5e9	ERR610214-k20-n1-x5e9	ERR610215-k20-n1-x5e9	ERR610216-k20-n1-x5e9	ERR608877-k20-n1-x5e9	ERR608878-k20-n1-x5e9	ERR608879-k20-n1-x5e9	ERR608880-k20-n1-x5e9	ERR608881-k20-n1-x5e9	ERR608882-k20-n1-x5e9	ERR607373-k20-n1-x5e9	ERR607374-k20-n1-x5e9	ERR607375-k20-n1-x5e9	ERR607376-k20-n1-x5e9	ERR607377-k20-n1-x5e9	ERR607378-k20-n1-x5e9	ERR608365-k20-n1-x5e9	ERR608366-k20-n1-x5e9	ERR608367-k20-n1-x5e9	ERR608368-k20-n1-x5e9	ERR608369-k20-n1-x5e9	ERR608370-k20-n1-x5e9	ERR608389-k20-n1-x5e9	ERR608390-k20-n1-x5e9	ERR608391-k20-n1-x5e9	ERR608392-k20-n1-x5e9	ERR608393-k20-n1-x5e9	ERR608394-k20-n1-x5e9	ERR608451-k20-n1-x5e9	ERR608452-k20-n1-x5e9	ERR608453-k20-n1-x5e9	ERR608454-k20-n1-x5e9	ERR608455-k20-n1-x5e9	ERR608456-k20-n1-x5e9	ERR605940-k20-n1-x5e9	ERR605941-k20-n1-x5e9	ERR605942-k20-n1-x5e9	ERR605943-k20-n1-x5e9	ERR605944-k20-n1-x5e9	ERR605945-k20-n1-x5e9	ERR608567-k20-n1-x5e9	ERR608568-k20-n1-x5e9	ERR608569-k20-n1-x5e9	ERR608570-k20-n1-x5e9	ERR608571-k20-n1-x5e9	ERR608572-k20-n1-x5e9	ERR605988-k20-n1-x5e9	ERR605989-k20-n1-x5e9	ERR605990-k20-n1-x5e9	ERR605991-k20-n1-x5e9	ERR605992-k20-n1-x5e9	ERR605993-k20-n1-x5e9	ERR605297-k20-n1-x5e9	ERR605298-k20-n1-x5e9	ERR605299-k20-n1-x5e9	ERR605300-k20-n1-x5e9	ERR605301-k20-n1-x5e9	ERR605302-k20-n1-x5e9	ERR605701-k20-n1-x5e9	ERR605702-k20-n1-x5e9	ERR605703-k20-n1-x5e9	ERR605704-k20-n1-x5e9	ERR605705-k20-n1-x5e9	ERR605706-k20-n1-x5e9
ERR609217-k20-n1-x5e9	0	0.872657	0.880711	0.897625	0.870845	0.872454	0.977911	1.05139	0.994357	0.97177	0.976145	0.972481	0.972941	0.983065	0.99139	0.983189	0.980532	0.983517	1.0198	0.960339	1.11708	0.947293	0.973989	0.972708	0.915539	0.928402	0.930675	0.928651	0.931252	0.932325	0.965119	1.02628	0.972826	0.962165	0.966442	0.963385	1.08221	1.07419	1.0865	1.00805	1.00741	1.00994	0.990261	0.961255	0.95922	0.960953	0.959784	0.960429	1.09608	1.06175	1.05644	1.05836	1.05794	1.0629	1.08975	1.05507	1.05239	1.05252	1.05152	1.05621	1.1092	1.08997	1.07987	1.07877	1.07226	1.09012	1.13482	1.0889	1.08368	1.12409	1.11918	1.12097	1.11787	1.09024	1.07804	1.08381	1.08565	1.0913	1.11133	1.05844	1.05677	1.08934	1.08888	1.0899	1.08056	1.09187	1.1329	1.11571	1.11539	1.10892	1.05573	1.06138	1.06546	1.06916	1.06691	1.06789
ERR609218-k20-n1-x5e9	0.872657	0	0.881528	0.89962	0.871235	0.872611	0.982366	1.05198	0.997161	0.973371	0.977768	0.972902	0.973439	0.98252	0.992692	0.984164	0.981721	0.983916	1.01947	0.960107	1.11715	0.950077	0.97174	0.972586	0.916215	0.929785	0.930501	0.92832	0.930555	0.929517	0.968767	1.02755	0.976886	0.965573	0.967364	0.966423	1.0825	1.07541	1.0879	1.00954	1.01096	1.01158	0.992372	0.964089	0.962234	0.963623	0.962093	0.963178	1.09601	1.0628	1.05707	1.05979	1.05902	1.06482	1.08988	1.05714	1.05335	1.05379	1.05317	1.05795	1.10968	1.09128	1.08106	1.08069	1.07464	1.09126	1.1341	1.0905	1.08677	1.12616	1.12036	1.12171	1.11789	1.09289	1.08034	1.08517	1.08696	1.09383	1.11195	1.05863	1.05812	1.09038	1.08939	1.09154	1.08108	1.09256	1.13417	1.11465	1.11499	1.10909	1.05471	1.06341	1.06599	1.07004	1.0672	1.06767
ERR609219-k20-n1-x5e9	0.880711	0.881528	0	0.904241	0.877785	0.879828	0.987092	1.0528	1.00365	0.977723	0.98357	0.978927	0.98009	0.989237	0.994476	0.99072	0.988043	0.991306	1.02232	0.964185	1.11745	0.956777	0.973531	0.97255	0.923782	0.934716	0.937943	0.937186	0.933664	0.933843	0.97472	1.02961	0.982407	0.969386	0.972878	0.971676	1.08657	1.07688	1.09093	1.01406	1.01566	1.0161	0.994897	0.967254	0.968657	0.966517	0.967458	0.967657	1.0971	1.06663	1.06021	1.06307	1.06191	1.06938	1.09106	1.06266	1.0573	1.05814	1.05639	1.06339	1.11111	1.09465	1.08514	1.08445	1.08032	1.09535	1.13542	1.0974	1.09236	1.12865	1.12378	1.12527	1.11898	1.09671	1.08556	1.09051	1.09251	1.09711	1.11179	1.06348	1.06242	1.09513	1.0941	1.0952	1.08459	1.09602	1.13557	1.11598	1.11538	1.11086	1.05789	1.06603	1.06963	1.07078	1.06939	1.06876
ERR609220-k20-n1-x5e9	0.897625	0.89962	0.904241	0	0.898228	0.900835	1.00603	1.07255	1.02039	0.99688	1.0029	0.998383	1.00044	1.00877	1.01378	1.00801	1.00621	1.00874	1.03589	0.983442	1.13203	0.97799	1.00181	1.00027	0.947853	0.961168	0.962188	0.960262	0.963473	0.962824	0.989741	1.04437	1.00092	0.987888	0.991113	0.988839	1.10162	1.09291	1.10571	1.03206	1.03259	1.03449	1.01757	0.987918	0.986698	0.987282	0.986448	0.987345	1.1148	1.08923	1.07856	1.08072	1.07863	1.09074	1.10879	1.08481	1.07776	1.07777	1.0764	1.08612	1.12736	1.10914	1.10233	1.10076	1.09567	1.10944	1.14902	1.1119	1.10904	1.13898	1.1343	1.13554	1.13412	1.1135	1.10386	1.10759	1.10845	1.11359	1.12757	1.08275	1.08055	1.11054	1.10927	1.10882	1.10792	1.11586	1.14921	1.1337	1.13351	1.13051	1.07832	1.08373	1.08677	1.08831	1.08894	1.08892
ERR609221-k20-n1-x5e9	0.870845	0.871235	0.877785	0.898228	0	0.859837	0.976503	1.04909	0.991145	0.968843	0.975147	0.969673	0.971829	0.978071	0.987765	0.979192	0.977688	0.979856	1.01962	0.955532	1.11566	0.946119	0.968615	0.968586	0.914843	0.926023	0.928852	0.926945	0.928513	0.927208	0.963472	1.02695	0.971543	0.957813	0.966631	0.962254	1.08194	1.07371	1.08622	1.00439	1.00625	1.00622	0.985399	0.960066	0.959432	0.959261	0.956386	0.957948	1.09068	1.06058	1.05485	1.05624	1.05635	1.0612	1.08446	1.05282	1.05152	1.05324	1.05158	1.05371	1.10714	1.08919	1.0759	1.0749	1.06903	1.08973	1.13178	1.08634	1.08271	1.1224	1.11741	1.11966	1.11521	1.08705	1.07503	1.07967	1.08106	1.08775	1.10842	1.05793	1.05691	1.08593	1.08454	1.08636	1.07763	1.08684	1.13246	1.11088	1.10983	1.10456	1.05199	1.05902	1.0617	1.0646	1.06296	1.06298
ERR609222-k20-n1-x5e9	0.872454	0.872611	0.879828	0.900835	0.859837	0	0.978622	1.05017	0.993568	0.971247	0.976176	0.971858	0.973332	0.979196	0.988631	0.980783	0.979522	0.981429	1.02015	0.957278	1.11676	0.947782	0.970072	0.96981	0.915133	0.928286	0.930927	0.929102	0.930648	0.92938	0.965795	1.0273	0.973165	0.96023	0.967914	0.964106	1.08284	1.07475	1.08703	1.00623	1.00647	1.00789	0.987836	0.961843	0.962184	0.961406	0.958958	0.95958	1.09202	1.06202	1.05602	1.05782	1.05793	1.06264	1.08556	1.05392	1.05276	1.05417	1.05271	1.05506	1.10808	1.09021	1.07743	1.07646	1.0702	1.09092	1.13317	1.08813	1.08392	1.12391	1.1186	1.12038	1.11605	1.08824	1.07642	1.08153	1.08284	1.08883	1.10934	1.05933	1.05836	1.08703	1.08551	1.08776	1.07871	1.08792	1.13327	1.11177	1.11052	1.10556	1.05347	1.0602	1.06286	1.06616	1.06417	1.06418
ERR610253-k20-n1-x5e9	0.977911	0.982366	0.987092	1.00603	0.976503	0.978622	0	0.861615	0.763354	0.727221	0.734704	0.72865	0.872521	0.886545	0.891147	0.885965	0.882312	0.88538	0.964184	0.895574	1.08533	0.886818	0.907699	0.907269	0.827794	0.845317	0.846795	0.844212	0.848324	0.850033	0.857379	0.943981	0.867274	0.862267	0.86077	0.858425	1.07668	1.06561	1.08113	0.991052	0.992281	0.991436	0.911914	0.873184	0.876834	0.871924	0.873066	0.873541	1.09971	1.06827	1.06088	1.06176	1.06016	1.07054	1.08958	1.06038	1.05566	1.05641	1.05392	1.06178	1.11926	1.09139	1.08325	1.08138	1.0751	1.09326	1.1408	1.0948	1.08906	1.12228	1.11913	1.12	1.11816	1.09124	1.08423	1.08836	1.08975	1.09316	1.11224	1.06119	1.05914	1.08842	1.08901	1.09	1.09212	1.10204	1.14084	1.1207	1.11963	1.11542	1.06408	1.07315	1.07674	1.07764	1.08098	1.08259
ERR610254-k20-n1-x5e9	1.05139	1.05198	1.0528	1.07255	1.04909	1.05017	0.861615	0	0.873289	0.854926	0.858583	0.85647	0.961869	0.969119	0.97475	0.969393	0.965999	0.970031	1.03623	0.983963	1.13131	0.975024	0.986356	0.983916	0.934107	0.943294	0.944479	0.944401	0.940047	0.942832	0.968405	1.01328	0.974104	0.962587	0.964177	0.963875	1.12342	1.11572	1.1283	1.06013	1.06001	1.06096	0.985361	0.968415	0.970456	0.968109	0.969049	0.968997	1.15824	1.13901	1.13206	1.13376	1.13223	1.13997	1.14905	1.12979	1.12742	1.12834	1.12555	1.1299	1.1713	1.15686	1.15074	1.14966	1.14523	1.15714	1.18932	1.16089	1.15719	1.18172	1.17849	1.1799	1.17312	1.15796	1.15063	1.15432	1.15578	1.15806	1.16706	1.13442	1.13314	1.15487	1.15543	1.15499	1.15113	1.15926	1.18895	1.17265	1.17179	1.16795	1.12643	1.13146	1.13285	1.13558	1.13263	1.1338
ERR610255-k20-n1-x5e9	0.994357	0.997161	1.00365	1.02039	0.991145	0.993568	0.763354	0.873289	0	0.750542	0.76245	0.751877	0.887885	0.894016	0.901186	0.894931	0.89293	0.894666	0.981777	0.907727	1.09382	0.899092	0.922272	0.920609	0.852808	0.865535	0.863839	0.861684	0.87503	0.870817	0.87678	0.956407	0.891825	0.875096	0.877428	0.875798	1.08487	1.07622	1.08954	1.00257	1.00089	1.00285	0.924419	0.888484	0.891812	0.887911	0.889546	0.889582	1.10956	1.08318	1.0767	1.07601	1.07577	1.08446	1.09965	1.07308	1.07108	1.07153	1.07028	1.07422	1.132	1.10734	1.09492	1.09308	1.08798	1.10893	1.1521	1.10635	1.10229	1.13829	1.13521	1.13562	1.13317	1.1034	1.09613	1.09864	1.10029	1.10452	1.12886	1.07775	1.0761	1.09943	1.09987	1.10198	1.10195	1.11134	1.1528	1.13029	1.12812	1.12312	1.07789	1.08445	1.08728	1.09035	1.0898	1.09143
ERR610256-k20-n1-x5e9	0.97177	0.973371	0.977723	0.99688	0.968843	0.971247	0.727221	0.854926	0.750542	0	0.727122	0.722854	0.853289	0.865512	0.875586	0.864803	0.863356	0.865617	0.952943	0.884417	1.07621	0.869735	0.891006	0.89092	0.809876	0.827069	0.830305	0.828106	0.829149	0.831139	0.860098	0.935747	0.861854	0.84909	0.85918	0.853645	1.07079	1.05975	1.07646	0.980491	0.98095	0.981029	0.89516	0.874536	0.870848	0.874076	0.874964	0.875274	1.09193	1.05989	1.05224	1.05223	1.05299	1.06298	1.08197	1.05078	1.04796	1.04757	1.04623	1.05185	1.10759	1.08506	1.07783	1.07564	1.06925	1.08691	1.12952	1.08739	1.08303	1.1171	1.11432	1.11494	1.10952	1.08517	1.07517	1.07716	1.07933	1.08537	1.10281	1.05297	1.0521	1.08368	1.08335	1.0842	1.08164	1.09119	1.12926	1.1123	1.11165	1.10718	1.05267	1.06255	1.06406	1.06738	1.06685	1.06738
ERR610257-k20-n1-x5e9	0.976145	0.977768	0.98357	1.0029	0.975147	0.976176	0.734704	0.858583	0.76245	0.727122	0	0.723428	0.862919	0.875084	0.887871	0.876226	0.872622	0.876549	0.9598	0.894697	1.0812	0.877819	0.897024	0.89555	0.820517	0.83805	0.838453	0.836601	0.837403	0.8399	0.859352	0.938028	0.866275	0.860549	0.859554	0.86603	1.07531	1.06552	1.08039	0.988104	0.988431	0.989953	0.904899	0.87284	0.876941	0.872019	0.870505	0.870156	1.09613	1.06634	1.05944	1.05906	1.0577	1.06862	1.08636	1.05704	1.05314	1.05395	1.0519	1.05781	1.11504	1.09051	1.08157	1.08001	1.07537	1.0919	1.13693	1.09329	1.08749	1.12153	1.11843	1.11931	1.11403	1.0922	1.08139	1.08484	1.08664	1.09335	1.10826	1.05997	1.05887	1.08805	1.08758	1.08921	1.08705	1.09739	1.1354	1.11683	1.11557	1.11139	1.06008	1.06792	1.07104	1.07464	1.07368	1.07405
ERR610258-k20-n1-x5e9	0.972481	0.972902	0.978927	0.998383	0.969673	0.971858	0.72865	0.85647	0.751877	0.722854	0.723428	0	0.857869	0.867597	0.879188	0.867926	0.865398	0.868103	0.954951	0.887569	1.07794	0.871172	0.892977	0.890609	0.815065	0.830078	0.832998	0.831337	0.830421	0.832853	0.856168	0.934497	0.862693	0.852653	0.85985	0.856886	1.07181	1.06109	1.07823	0.981778	0.981714	0.984167	0.899707	0.871066	0.875036	0.868361	0.868945	0.86922	1.09244	1.0625	1.05389	1.05489	1.05448	1.06505	1.08228	1.05295	1.04889	1.04871	1.04662	1.05372	1.10992	1.08692	1.07875	1.07762	1.07286	1.08797	1.13244	1.08894	1.08428	1.11829	1.1149	1.11624	1.11089	1.08669	1.07609	1.07988	1.08129	1.08747	1.10372	1.05399	1.05368	1.08496	1.0845	1.08405	1.08224	1.09287	1.13145	1.11262	1.11224	1.10872	1.05373	1.06386	1.06586	1.06953	1.06921	1.06957
ERR605575-k20-n1-x5e9	0.972941	0.973439	0.98009	1.00044	0.971829	0.973332	0.872521	0.961869	0.887885	0.853289	0.862919	0.857869	0	0.675512	0.681341	0.678112	0.675157	0.678964	0.959095	0.884965	1.07698	0.868829	0.892938	0.89074	0.801679	0.817125	0.818601	0.817795	0.815021	0.815282	0.874651	0.941986	0.888536	0.859794	0.867696	0.864708	1.00094	0.992116	1.00562	0.928542	0.926603	0.928215	0.919389	0.892102	0.894157	0.891836	0.89108	0.890281	1.09806	1.07257	1.0654	1.06697	1.06516	1.07324	1.08677	1.06176	1.05848	1.0592	1.05723	1.06264	1.11394	1.09461	1.08622	1.08425	1.07971	1.09552	1.09567	1.0634	1.0583	1.0932	1.08847	1.09047	1.11398	1.08836	1.08236	1.08507	1.08583	1.08949	1.10937	1.06347	1.06165	1.08866	1.08837	1.08921	0.986121	0.994398	1.02822	1.00835	1.0083	1.00257	0.933303	0.939829	0.941875	0.947221	0.941594	0.941437
ERR605576-k20-n1-x5e9	0.983065	0.98252	0.989237	1.00877	0.978071	0.979196	0.886545	0.969119	0.894016	0.865512	0.875084	0.867597	0.675512	0	0.695093	0.688331	0.6851	0.687123	0.964688	0.893593	1.08099	0.880794	0.899437	0.899764	0.810392	0.826402	0.829017	0.828696	0.822091	0.824017	0.887164	0.949585	0.900118	0.872087	0.875672	0.875575	1.00531	0.996324	1.01007	0.930639	0.930987	0.930813	0.928425	0.903396	0.902161	0.903125	0.903046	0.902892	1.10388	1.07952	1.07135	1.07432	1.07276	1.08194	1.09288	1.06947	1.06489	1.06615	1.0644	1.06953	1.11957	1.1014	1.09172	1.09212	1.08633	1.10174	1.09885	1.06601	1.06395	1.09938	1.09395	1.09589	1.11978	1.09553	1.08711	1.09052	1.09274	1.09665	1.1159	1.06994	1.06942	1.09523	1.09477	1.09664	0.990446	0.998557	1.03115	1.01101	1.01194	1.00756	0.939902	0.949	0.95033	0.956971	0.948572	0.949334
ERR605577-k20-n1-x5e9	0.99139	0.992692	0.994476	1.01378	0.987765	0.988631	0.891147	0.97475	0.901186	0.875586	0.887871	0.879188	0.681341	0.695093	0	0.697883	0.695933	0.697912	0.972466	0.901685	1.08497	0.890409	0.910359	0.909757	0.822431	0.835666	0.838923	0.838833	0.835454	0.836529	0.89377	0.95537	0.901891	0.878312	0.885496	0.883532	1.00548	0.996759	1.00846	0.93231	0.932339	0.932061	0.933312	0.911052	0.912995	0.911025	0.911384	0.910636	1.1083	1.08435	1.07813	1.07928	1.07787	1.08447	1.09727	1.07367	1.07168	1.07279	1.0708	1.07437	1.124	1.10779	1.09725	1.09705	1.09228	1.10846	1.10144	1.07072	1.06543	1.1013	1.0977	1.09849	1.12307	1.10063	1.09258	1.09643	1.09754	1.10107	1.11883	1.07861	1.07651	1.10176	1.1003	1.10157	0.991188	0.998832	1.03111	1.01236	1.01217	1.00789	0.944582	0.953762	0.955517	0.958805	0.953509	0.953982
ERR605578-k20-n1-x5e9	0.983189	0.984164	0.99072	1.00801	0.979192	0.980783	0.885965	0.969393	0.894931	0.864803	0.876226	0.867926	0.678112	0.688331	0.697883	0	0.684238	0.685542	0.965462	0.894142	1.08224	0.880553	0.903246	0.902209	0.812891	0.826238	0.831125	0.83031	0.824966	0.82703	0.884139	0.950787	0.900242	0.871933	0.875636	0.873086	1.00438	0.995405	1.00849	0.93057	0.930977	0.930704	0.928329	0.903993	0.902152	0.903679	0.904315	0.903791	1.1037	1.07969	1.07175	1.07245	1.07211	1.08261	1.09248	1.06889	1.06549	1.06651	1.06386	1.06925	1.12044	1.10125	1.09233	1.09083	1.0867	1.10242	1.0984	1.06405	1.0618	1.0978	1.09369	1.09487	1.12037	1.09505	1.08578	1.09078	1.09266	1.09546	1.11633	1.07021	1.06963	1.09522	1.09507	1.09657	0.990563	0.997352	1.03022	1.01081	1.01096	1.00573	0.93933	0.94825	0.949239	0.956409	0.949405	0.949962
ERR605579-k20-n1-x5e9	0.980532	0.981721	0.988043	1.00621	0.977688	0.979522	0.882312	0.965999	0.89293	0.863356	0.872622	0.865398	0.675157	0.6851	0.695933	0.684238	0	0.681665	0.965022	0.892535	1.08029	0.877533	0.900792	0.899596	0.811384	0.824511	0.828527	0.828418	0.823363	0.825621	0.883777	0.948201	0.897433	0.868948	0.873418	0.872803	1.00418	0.993966	1.00969	0.929737	0.928553	0.9294	0.925014	0.901064	0.899688	0.899505	0.901494	0.900897	1.10285	1.07824	1.07053	1.07179	1.07018	1.07952	1.09147	1.06882	1.06344	1.06421	1.06255	1.06938	1.11904	1.09952	1.09091	1.08978	1.08481	1.10005	1.09863	1.06466	1.0617	1.09643	1.09232	1.09439	1.11862	1.093	1.08596	1.08957	1.08964	1.09406	1.11496	1.06955	1.06717	1.09466	1.09388	1.0945	0.99136	0.996697	1.02953	1.01006	1.00993	1.00545	0.937554	0.944572	0.947276	0.952398	0.944366	0.947351
ERR605580-k20-n1-x5e9	0.983517	0.983916	0.991306	1.00874	0.979856	0.981429	0.88538	0.970031	0.894666	0.865617	0.876549	0.868103	0.678964	0.687123	0.697912	0.685542	0.681665	0	0.965337	0.894204	1.08158	0.881498	0.902708	0.902622	0.813037	0.826125	0.831229	0.830535	0.825161	0.826945	0.883605	0.950392	0.901232	0.872912	0.875683	0.872964	1.00375	0.994875	1.00793	0.928665	0.930215	0.930621	0.928743	0.903695	0.902117	0.90303	0.902825	0.902066	1.10322	1.07962	1.07186	1.07268	1.07211	1.08106	1.09212	1.06832	1.06514	1.06664	1.06386	1.06874	1.11993	1.10147	1.09215	1.0909	1.08641	1.10192	1.0985	1.06434	1.06072	1.09805	1.09345	1.09539	1.12025	1.09436	1.08572	1.09088	1.09283	1.09566	1.11561	1.07018	1.06967	1.09539	1.09513	1.09645	0.988936	0.997161	1.02987	1.01063	1.00937	1.00583	0.939427	0.948283	0.949314	0.956447	0.949431	0.950254
ERR609993-k20-n1-x5e9	1.0198	1.01947	1.02232	1.03589	1.01962	1.02015	0.964184	1.03623	0.981777	0.952943	0.9598	0.954951	0.959095	0.964688	0.972466	0.965462	0.965022	0.965337	0	0.833338	1.03718	0.82322	0.848826	0.846319	0.897147	0.910995	0.914846	0.914127	0.908214	0.91004	0.936633	0.992881	0.943998	0.928882	0.933182	0.93137	1.10051	1.09048	1.10443	1.02963	1.0299	1.03031	0.972556	0.944282	0.945717	0.943957	0.945813	0.945038	1.12566	1.09751	1.08774	1.08948	1.08781	1.09839	1.12054	1.09404	1.08624	1.08734	1.087	1.09498	1.14566	1.1309	1.12158	1.12047	1.11516	1.13184	1.15989	1.12257	1.11845	1.15106	1.14654	1.14706	1.14098	1.12094	1.11206	1.11659	1.1183	1.12152	1.14141	1.09354	1.09298	1.12323	1.12249	1.12366	1.10875	1.12024	1.15419	1.1383	1.13781	1.13289	1.0885	1.09728	1.09891	1.10164	1.10049	1.10059
ERR609994-k20-n1-x5e9	0.960339	0.960107	0.964185	0.983442	0.955532	0.957278	0.895574	0.983963	0.907727	0.884417	0.894697	0.887569	0.884965	0.893593	0.901685	0.894142	0.892535	0.894204	0.833338	0	0.986479	0.722556	0.759463	0.757128	0.811494	0.826062	0.829817	0.828704	0.825419	0.828422	0.865357	0.934513	0.873568	0.851258	0.859723	0.85736	1.05875	1.04958	1.06402	0.968809	0.968464	0.969994	0.898873	0.871192	0.87061	0.871475	0.872415	0.872265	1.07269	1.04378	1.03892	1.03984	1.03857	1.0462	1.06809	1.04059	1.0388	1.03967	1.0383	1.04105	1.09875	1.07995	1.06793	1.06744	1.06195	1.08163	1.11502	1.07331	1.06894	1.10489	1.10076	1.10242	1.09517	1.07072	1.05896	1.06454	1.06595	1.0709	1.09236	1.04631	1.04337	1.06976	1.06946	1.07082	1.05836	1.06842	1.10992	1.09004	1.08794	1.083	1.03101	1.04249	1.04592	1.04918	1.04627	1.04773
ERR609995-k20-n1-x5e9	1.11708	1.11715	1.11745	1.13203	1.11566	1.11676	1.08533	1.13131	1.09382	1.07621	1.0812	1.07794	1.07698	1.08099	1.08497	1.08224	1.08029	1.08158	1.03718	0.986479	0	0.980843	0.993559	0.993448	1.03697	1.0444	1.0459	1.04577	1.04232	1.04335	1.06291	1.09669	1.06795	1.05364	1.0593	1.05621	1.17243	1.16692	1.17559	1.12297	1.12353	1.12446	1.08532	1.06925	1.06874	1.06931	1.06975	1.06944	1.19528	1.17885	1.17406	1.17598	1.17546	1.17935	1.19262	1.17614	1.17456	1.17532	1.17404	1.17648	1.21326	1.20185	1.19559	1.1947	1.19135	1.20212	1.2236	1.19887	1.19638	1.2177	1.21499	1.21601	1.2074	1.19338	1.18841	1.19075	1.19211	1.19388	1.20876	1.1807	1.17967	1.19703	1.1973	1.19749	1.18544	1.19117	1.2174	1.20367	1.20297	1.19982	1.17235	1.17668	1.17976	1.18085	1.17898	1.17892
ERR609996-k20-n1-x5e9	0.947293	0.950077	0.956777	0.97799	0.946119	0.947782	0.886818	0.975024	0.899092	0.869735	0.877819	0.871172	0.868829	0.880794	0.890409	0.880553	0.877533	0.881498	0.82322	0.722556	0.980843	0	0.736164	0.73388	0.796704	0.811274	0.816904	0.815213	0.811026	0.813341	0.850368	0.924089	0.867545	0.83849	0.846054	0.840305	1.05126	1.04173	1.05661	0.959899	0.958934	0.961625	0.887966	0.857418	0.856194	0.857232	0.857537	0.856374	1.06679	1.03851	1.02947	1.03161	1.02978	1.03914	1.06172	1.03435	1.0284	1.02886	1.02777	1.03502	1.09337	1.07067	1.06085	1.05929	1.05347	1.07136	1.11079	1.06619	1.06387	1.09968	1.09435	1.09614	1.08875	1.06075	1.05166	1.05664	1.05889	1.06161	1.08705	1.03452	1.03299	1.06269	1.06239	1.06335	1.05253	1.06051	1.10346	1.08308	1.08157	1.07557	1.02126	1.02985	1.03466	1.0402	1.03605	1.03752
ERR609997-k20-n1-x5e9	0.973989	0.97174	0.973531	1.00181	0.968615	0.970072	0.907699	0.986356	0.922272	0.891006	0.897024	0.892977	0.892938	0.899437	0.910359	0.903246	0.900792	0.902708	0.848826	0.759463	0.993559	0.736164	0	0.733107	0.824438	0.834553	0.84148	0.843254	0.823655	0.826899	0.883359	0.939514	0.886905	0.87082	0.877281	0.877545	1.06781	1.05889	1.0741	0.976406	0.979496	0.979793	0.898947	0.88059	0.889636	0.881392	0.880446	0.879186	1.07541	1.05381	1.04621	1.04986	1.04697	1.05395	1.07094	1.04843	1.04658	1.04844	1.04666	1.04848	1.10196	1.08627	1.07813	1.0785	1.0748	1.08624	1.11984	1.08716	1.08358	1.11472	1.10992	1.11092	1.0956	1.07845	1.06867	1.07453	1.07604	1.07877	1.09359	1.05513	1.05457	1.08095	1.07916	1.07971	1.06176	1.071	1.11082	1.08991	1.08904	1.08416	1.03902	1.04666	1.05023	1.05503	1.04661	1.04815
ERR609998-k20-n1-x5e9	0.972708	0.972586	0.97255	1.00027	0.968586	0.96981	0.907269	0.983916	0.920609	0.89092	0.89555	0.890609	0.89074	0.899764	0.909757	0.902209	0.899596	0.902622	0.846319	0.757128	0.993448	0.73388	0.733107	0	0.822784	0.835345	0.839	0.842057	0.824907	0.825971	0.882959	0.93895	0.886083	0.868449	0.882268	0.873978	1.06798	1.05809	1.07455	0.97598	0.977857	0.97879	0.897894	0.88123	0.886138	0.881863	0.880849	0.879491	1.07593	1.05353	1.04666	1.05045	1.0468	1.05283	1.07146	1.05039	1.04637	1.04828	1.04566	1.04985	1.10187	1.08645	1.07839	1.07905	1.07363	1.08727	1.12007	1.08694	1.08368	1.11461	1.10997	1.11139	1.09678	1.07768	1.06913	1.07462	1.07608	1.07827	1.09408	1.0548	1.05477	1.08171	1.07988	1.08099	1.06327	1.07142	1.11038	1.09008	1.08873	1.08594	1.03821	1.04646	1.05034	1.05505	1.04761	1.04856
ERR605665-k20-n1-x5e9	0.915539	0.916215	0.923782	0.947853	0.914843	0.915133	0.827794	0.934107	0.852808	0.809876	0.820517	0.815065	0.801679	0.810392	0.822431	0.812891	0.811384	0.813037	0.897147	0.811494	1.03697	0.796704	0.824438	0.822784	0	0.655936	0.660297	0.65977	0.660593	0.658822	0.826933	0.909887	0.842408	0.814458	0.825343	0.820753	1.04463	1.03547	1.04927	0.955604	0.957287	0.959009	0.876479	0.834537	0.834228	0.833587	0.833805	0.833549	1.06238	1.03389	1.02593	1.02655	1.0251	1.03623	1.05343	1.02569	1.02128	1.02188	1.02116	1.02632	1.08637	1.06369	1.05176	1.05201	1.04888	1.0639	1.09617	1.05145	1.04655	1.08547	1.08093	1.08185	1.08747	1.06149	1.05082	1.05579	1.05763	1.06235	1.076	1.02126	1.02102	1.05232	1.05051	1.05245	1.03166	1.04095	1.08634	1.06288	1.06194	1.0575	1.005	1.01238	1.01596	1.01869	1.01827	1.0188
ERR605666-k20-n1-x5e9	0.928402	0.929785	0.934716	0.961168	0.926023	0.928286	0.845317	0.943294	0.865535	0.827069	0.83805	0.830078	0.817125	0.826402	0.835666	0.826238	0.824511	0.826125	0.910995	0.826062	1.0444	0.811274	0.834553	0.835345	0.655936	0	0.678024	0.677011	0.670891	0.676587	0.846286	0.922209	0.85985	0.833531	0.843401	0.835861	1.05167	1.04203	1.05557	0.9702	0.969756	0.970057	0.882709	0.849789	0.852572	0.849049	0.850237	0.849718	1.07266	1.04455	1.03556	1.03977	1.03749	1.04607	1.06358	1.03756	1.03227	1.03398	1.03162	1.0381	1.09306	1.07388	1.06176	1.06128	1.05502	1.07394	1.10444	1.06364	1.05803	1.09436	1.08878	1.09046	1.09529	1.0691	1.06211	1.06854	1.06996	1.06997	1.0845	1.03484	1.03201	1.06193	1.06034	1.06215	1.03968	1.05148	1.09399	1.07024	1.07017	1.06369	1.01408	1.02069	1.02388	1.02975	1.02562	1.02769
ERR605667-k20-n1-x5e9	0.930675	0.930501	0.937943	0.962188	0.928852	0.930927	0.846795	0.944479	0.863839	0.830305	0.838453	0.832998	0.818601	0.829017	0.838923	0.831125	0.828527	0.831229	0.914846	0.829817	1.0459	0.816904	0.84148	0.839	0.660297	0.678024	0	0.685495	0.676608	0.681986	0.846756	0.922169	0.86184	0.835778	0.843956	0.839767	1.05318	1.04335	1.0569	0.968387	0.968505	0.969267	0.884988	0.85111	0.855561	0.850829	0.852835	0.852241	1.0743	1.04653	1.03879	1.04143	1.03799	1.04742	1.06537	1.03817	1.03342	1.0344	1.03312	1.03896	1.09498	1.07389	1.06402	1.06199	1.05665	1.074	1.10509	1.06675	1.06084	1.09765	1.09089	1.09367	1.09753	1.07052	1.06417	1.06654	1.06808	1.07127	1.08631	1.03578	1.03438	1.06404	1.06297	1.06483	1.04334	1.05101	1.09498	1.07246	1.07187	1.06615	1.01535	1.02315	1.02628	1.03256	1.02772	1.02905
ERR605668-k20-n1-x5e9	0.928651	0.92832	0.937186	0.960262	0.926945	0.929102	0.844212	0.944401	0.861684	0.828106	0.836601	0.831337	0.817795	0.828696	0.838833	0.83031	0.828418	0.830535	0.914127	0.828704	1.04577	0.815213	0.843254	0.842057	0.65977	0.677011	0.685495	0	0.674373	0.679534	0.842998	0.921538	0.85894	0.833214	0.841181	0.837057	1.0525	1.04223	1.05654	0.967454	0.967353	0.96833	0.885745	0.849807	0.853919	0.849455	0.851527	0.850732	1.07486	1.04551	1.03809	1.0399	1.0367	1.04617	1.06595	1.03747	1.03226	1.03432	1.0321	1.03838	1.09547	1.07322	1.06286	1.061	1.05534	1.0734	1.10488	1.06448	1.05841	1.09549	1.08894	1.09162	1.09776	1.06976	1.06318	1.06571	1.06723	1.07073	1.08627	1.03367	1.03218	1.06176	1.06172	1.06311	1.04346	1.05218	1.09566	1.07322	1.0727	1.0669	1.01549	1.02389	1.02705	1.03232	1.02914	1.03024
ERR605669-k20-n1-x5e9	0.931252	0.930555	0.933664	0.963473	0.928513	0.930648	0.848324	0.940047	0.87503	0.829149	0.837403	0.830421	0.815021	0.822091	0.835454	0.824966	0.823363	0.825161	0.908214	0.825419	1.04232	0.811026	0.823655	0.824907	0.660593	0.670891	0.676608	0.674373	0	0.665156	0.852494	0.920024	0.862403	0.835713	0.844339	0.840971	1.05169	1.04289	1.0566	0.969068	0.970017	0.971079	0.882119	0.849266	0.850153	0.849331	0.85018	0.849429	1.06898	1.0439	1.03462	1.03828	1.03573	1.04424	1.05985	1.03556	1.03038	1.03305	1.03063	1.03602	1.09164	1.07261	1.06202	1.06126	1.05531	1.07261	1.10286	1.06605	1.06102	1.09605	1.08957	1.09127	1.09165	1.06939	1.0602	1.06599	1.06796	1.06989	1.08065	1.03484	1.03419	1.06272	1.06097	1.06205	1.03663	1.04821	1.09036	1.06555	1.06453	1.0605	1.01027	1.01782	1.02108	1.02598	1.01938	1.01958
ERR605670-k20-n1-x5e9	0.932325	0.929517	0.933843	0.962824	0.927208	0.92938	0.850033	0.942832	0.870817	0.831139	0.8399	0.832853	0.815282	0.824017	0.836529	0.82703	0.825621	0.826945	0.91004	0.828422	1.04335	0.813341	0.826899	0.825971	0.658822	0.676587	0.681986	0.679534	0.665156	0	0.853503	0.924638	0.864377	0.838438	0.845699	0.842082	1.0529	1.04578	1.05874	0.971285	0.974052	0.974896	0.881733	0.850932	0.851332	0.850955	0.852114	0.851473	1.06971	1.04455	1.03705	1.03935	1.03713	1.04653	1.06097	1.03572	1.03383	1.03514	1.03202	1.03642	1.09304	1.07263	1.06344	1.06322	1.05722	1.07424	1.10503	1.06686	1.06262	1.09703	1.09093	1.09202	1.093	1.07081	1.06222	1.0675	1.07027	1.07036	1.08221	1.03602	1.03481	1.06296	1.06142	1.0623	1.03978	1.0507	1.09405	1.0691	1.0678	1.06228	1.01362	1.02053	1.02329	1.02866	1.02186	1.02235
ERR610211-k20-n1-x5e9	0.965119	0.968767	0.97472	0.989741	0.963472	0.965795	0.857379	0.968405	0.87678	0.860098	0.859352	0.856168	0.874651	0.887164	0.89377	0.884139	0.883777	0.883605	0.936633	0.865357	1.06291	0.850368	0.883359	0.882959	0.826933	0.846286	0.846756	0.842998	0.852494	0.853503	0	0.825002	0.720156	0.711324	0.726001	0.717846	1.02331	1.01096	1.02699	0.936709	0.936888	0.93836	0.911486	0.883657	0.876322	0.882287	0.884359	0.885259	1.09426	1.05881	1.0502	1.05036	1.04999	1.0608	1.08411	1.04987	1.04473	1.04301	1.0423	1.0513	1.10863	1.08535	1.07613	1.07361	1.06649	1.08656	1.10696	1.06227	1.05746	1.09502	1.0918	1.09343	1.11199	1.0813	1.07256	1.07422	1.07649	1.08343	1.10621	1.04785	1.04688	1.07943	1.08095	1.08163	1.05629	1.06469	1.09711	1.08667	1.08631	1.0817	1.03752	1.04674	1.04872	1.04869	1.05454	1.05463
ERR610212-k20-n1-x5e9	1.02628	1.02755	1.02961	1.04437	1.02695	1.0273	0.943981	1.01328	0.956407	0.935747	0.938028	0.934497	0.941986	0.949585	0.95537	0.950787	0.948201	0.950392	0.992881	0.934513	1.09669	0.924089	0.939514	0.93895	0.909887	0.922209	0.922169	0.921538	0.920024	0.924638	0.825002	0	0.826963	0.817118	0.819997	0.81919	1.06324	1.05458	1.06724	1.00278	1.00273	1.00266	0.970493	0.948475	0.950588	0.94828	0.948814	0.949661	1.14195	1.11808	1.10929	1.10917	1.1083	1.1196	1.13164	1.10928	1.10342	1.10397	1.10081	1.10982	1.15511	1.14023	1.13361	1.13204	1.12782	1.14057	1.1496	1.12145	1.11712	1.14689	1.14416	1.14523	1.15711	1.13836	1.13012	1.1335	1.13512	1.1383	1.15211	1.11064	1.10971	1.1372	1.13725	1.13841	1.10707	1.11474	1.13963	1.12915	1.12875	1.12469	1.09143	1.09578	1.09889	1.10005	1.09932	1.09918
ERR610213-k20-n1-x5e9	0.972826	0.976886	0.982407	1.00092	0.971543	0.973165	0.867274	0.974104	0.891825	0.861854	0.866275	0.862693	0.888536	0.900118	0.901891	0.900242	0.897433	0.901232	0.943998	0.873568	1.06795	0.867545	0.886905	0.886083	0.842408	0.85985	0.86184	0.85894	0.862403	0.864377	0.720156	0.826963	0	0.728767	0.723965	0.727084	1.02842	1.01765	1.03222	0.950646	0.950702	0.94944	0.920247	0.882636	0.884032	0.881342	0.881946	0.883064	1.0983	1.06896	1.06223	1.06097	1.06053	1.07235	1.08725	1.06017	1.05485	1.05392	1.05423	1.06135	1.12113	1.09175	1.08306	1.08105	1.07766	1.09293	1.11753	1.07298	1.06791	1.10341	1.09887	1.10072	1.1174	1.0913	1.08358	1.08568	1.08719	1.09161	1.11345	1.05999	1.05952	1.0883	1.08815	1.08942	1.06427	1.07328	1.10697	1.08972	1.08847	1.08595	1.04733	1.05576	1.05905	1.05815	1.06341	1.06289
ERR610214-k20-n1-x5e9	0.962165	0.965573	0.969386	0.987888	0.957813	0.96023	0.862267	0.962587	0.875096	0.84909	0.860549	0.852653	0.859794	0.872087	0.878312	0.871933	0.868948	0.872912	0.928882	0.851258	1.05364	0.83849	0.87082	0.868449	0.814458	0.833531	0.835778	0.833214	0.835713	0.838438	0.711324	0.817118	0.728767	0	0.707476	0.702815	1.01614	1.00613	1.01924	0.93274	0.932245	0.933776	0.903248	0.869999	0.868994	0.869449	0.870742	0.871224	1.08661	1.05475	1.04746	1.04807	1.04624	1.05691	1.07619	1.04376	1.04262	1.04212	1.0402	1.04482	1.10413	1.0816	1.07098	1.06749	1.06344	1.08323	1.10035	1.05841	1.05334	1.09256	1.08865	1.08954	1.10613	1.07787	1.06805	1.06965	1.07347	1.07789	1.10092	1.04715	1.04568	1.07502	1.07593	1.07682	1.04707	1.05615	1.08952	1.07518	1.07471	1.06943	1.02406	1.03547	1.03959	1.03925	1.04288	1.04232
ERR610215-k20-n1-x5e9	0.966442	0.967364	0.972878	0.991113	0.966631	0.967914	0.86077	0.964177	0.877428	0.85918	0.859554	0.85985	0.867696	0.875672	0.885496	0.875636	0.873418	0.875683	0.933182	0.859723	1.0593	0.846054	0.877281	0.882268	0.825343	0.843401	0.843956	0.841181	0.844339	0.845699	0.726001	0.819997	0.723965	0.707476	0	0.713061	1.01606	1.00484	1.0207	0.935399	0.93226	0.933932	0.905102	0.880163	0.876113	0.879117	0.879764	0.880138	1.09254	1.06018	1.05244	1.05296	1.05244	1.06066	1.08221	1.04924	1.04505	1.04441	1.04469	1.05079	1.10762	1.08533	1.07643	1.07431	1.06699	1.08663	1.10221	1.06084	1.05525	1.09382	1.09067	1.09201	1.11027	1.08134	1.07291	1.07621	1.07649	1.08284	1.10499	1.05093	1.04993	1.08053	1.08193	1.08271	1.05066	1.05952	1.09002	1.07892	1.0786	1.07295	1.03252	1.04121	1.04288	1.04431	1.04675	1.04841
ERR610216-k20-n1-x5e9	0.963385	0.966423	0.971676	0.988839	0.962254	0.964106	0.858425	0.963875	0.875798	0.853645	0.86603	0.856886	0.864708	0.875575	0.883532	0.873086	0.872803	0.872964	0.93137	0.85736	1.05621	0.840305	0.877545	0.873978	0.820753	0.835861	0.839767	0.837057	0.840971	0.842082	0.717846	0.81919	0.727084	0.702815	0.713061	0	1.01923	1.00915	1.02386	0.93703	0.93543	0.937386	0.904322	0.873201	0.871014	0.872166	0.871682	0.871977	1.08895	1.0573	1.05063	1.05009	1.0484	1.05878	1.07852	1.04683	1.04578	1.04525	1.04229	1.04795	1.10588	1.08382	1.07202	1.07024	1.06382	1.08574	1.10297	1.0605	1.05598	1.09451	1.09027	1.09193	1.10788	1.07874	1.06933	1.07273	1.07475	1.07915	1.10244	1.04984	1.04799	1.07601	1.07694	1.07861	1.05045	1.05929	1.09241	1.07933	1.07867	1.07264	1.02906	1.03862	1.04154	1.04319	1.04513	1.04578
ERR608877-k20-n1-x5e9	1.08221	1.0825	1.08657	1.10162	1.08194	1.08284	1.07668	1.12342	1.08487	1.07079	1.07531	1.07181	1.00094	1.00531	1.00548	1.00438	1.00418	1.00375	1.10051	1.05875	1.17243	1.05126	1.06781	1.06798	1.04463	1.05167	1.05318	1.0525	1.05169	1.0529	1.02331	1.06324	1.02842	1.01614	1.01606	1.01923	0	0.873208	0.885605	0.844234	0.84019	0.839916	1.07723	1.06129	1.06052	1.06146	1.06102	1.06172	1.13638	1.11673	1.11269	1.11343	1.11279	1.11763	1.12976	1.11122	1.10886	1.10863	1.10863	1.11149	1.14807	1.13107	1.126	1.12411	1.11978	1.13127	1.09775	1.08122	1.07736	1.10413	1.10004	1.10336	1.14553	1.12822	1.1238	1.1273	1.1272	1.12937	1.16564	1.13191	1.13177	1.1513	1.15124	1.15142	1.02344	1.02919	1.03145	1.02925	1.03006	1.02962	1.02595	1.02822	1.02924	1.028	1.0305	1.03069
ERR608878-k20-n1-x5e9	1.07419	1.07541	1.07688	1.09291	1.07371	1.07475	1.06561	1.11572	1.07622	1.05975	1.06552	1.06109	0.992116	0.996324	0.996759	0.995405	0.993966	0.994875	1.09048	1.04958	1.16692	1.04173	1.05889	1.05809	1.03547	1.04203	1.04335	1.04223	1.04289	1.04578	1.01096	1.05458	1.01765	1.00613	1.00484	1.00915	0.873208	0	0.877174	0.827581	0.829711	0.828572	1.07039	1.04946	1.04838	1.04937	1.04934	1.04996	1.1294	1.10774	1.10201	1.10312	1.10284	1.10936	1.12285	1.10186	1.10035	1.0997	1.09764	1.10279	1.14089	1.12413	1.11812	1.11529	1.1114	1.1236	1.093	1.07384	1.07	1.0984	1.09355	1.09653	1.13886	1.12182	1.11537	1.11757	1.11912	1.12263	1.15872	1.12254	1.12106	1.14341	1.14403	1.1435	1.01688	1.02303	1.02509	1.02617	1.02643	1.02494	1.01886	1.01915	1.02077	1.02061	1.02147	1.02177
ERR608879-k20-n1-x5e9	1.0865	1.0879	1.09093	1.10571	1.08622	1.08703	1.08113	1.1283	1.08954	1.07646	1.08039	1.07823	1.00562	1.01007	1.00846	1.00849	1.00969	1.00793	1.10443	1.06402	1.17559	1.05661	1.0741	1.07455	1.04927	1.05557	1.0569	1.05654	1.0566	1.05874	1.02699	1.06724	1.03222	1.01924	1.0207	1.02386	0.885605	0.877174	0	0.84366	0.843657	0.844117	1.08331	1.06668	1.0655	1.06681	1.06658	1.0668	1.14032	1.12193	1.11732	1.11814	1.11713	1.12242	1.13348	1.11631	1.11263	1.11317	1.11174	1.11647	1.15323	1.13482	1.12934	1.12735	1.12304	1.1344	1.10145	1.08306	1.08009	1.10737	1.10229	1.10564	1.15039	1.13163	1.12729	1.12894	1.13008	1.13245	1.16965	1.13511	1.13386	1.15477	1.15407	1.15396	1.02882	1.03149	1.03492	1.03367	1.03391	1.03374	1.03135	1.03364	1.03395	1.03144	1.03504	1.03388
ERR608880-k20-n1-x5e9	1.00805	1.00954	1.01406	1.03206	1.00439	1.00623	0.991052	1.06013	1.00257	0.980491	0.988104	0.981778	0.928542	0.930639	0.93231	0.93057	0.929737	0.928665	1.02963	0.968809	1.12297	0.959899	0.976406	0.97598	0.955604	0.9702	0.968387	0.967454	0.969068	0.971285	0.936709	1.00278	0.950646	0.93274	0.935399	0.93703	0.844234	0.827581	0.84366	0	0.747328	0.746008	0.993901	0.96778	0.967296	0.967882	0.967326	0.967809	1.05987	1.0363	1.02749	1.02923	1.02818	1.03712	1.05387	1.02869	1.02672	1.02712	1.02525	1.02915	1.08261	1.05852	1.04691	1.04401	1.03892	1.05828	1.06105	1.02571	1.02252	1.06175	1.05571	1.05901	1.08191	1.05438	1.04646	1.0501	1.05101	1.05351	1.10216	1.05313	1.05265	1.0765	1.07718	1.07774	0.965331	0.973615	0.999438	0.986679	0.985753	0.981241	0.956657	0.955576	0.957413	0.955609	0.958071	0.958195
ERR608881-k20-n1-x5e9	1.00741	1.01096	1.01566	1.03259	1.00625	1.00647	0.992281	1.06001	1.00089	0.98095	0.988431	0.981714	0.926603	0.930987	0.932339	0.930977	0.928553	0.930215	1.0299	0.968464	1.12353	0.958934	0.979496	0.977857	0.957287	0.969756	0.968505	0.967353	0.970017	0.974052	0.936888	1.00273	0.950702	0.932245	0.93226	0.93543	0.84019	0.829711	0.843657	0.747328	0	0.748671	0.994746	0.967214	0.968684	0.967172	0.967168	0.967673	1.06189	1.03734	1.0306	1.03025	1.03001	1.03841	1.05521	1.03085	1.02911	1.02862	1.02508	1.03183	1.08381	1.05863	1.04826	1.04618	1.04069	1.05887	1.06109	1.02715	1.02275	1.0616	1.05756	1.06001	1.08373	1.05551	1.04795	1.05083	1.0515	1.05528	1.10328	1.0539	1.05333	1.0775	1.07734	1.07884	0.966837	0.97524	1.00016	0.989033	0.986997	0.983585	0.957692	0.955762	0.959198	0.957161	0.959367	0.958986
ERR608882-k20-n1-x5e9	1.00994	1.01158	1.0161	1.03449	1.00622	1.00789	0.991436	1.06096	1.00285	0.981029	0.989953	0.984167	0.928215	0.930813	0.932061	0.930704	0.9294	0.930621	1.03031	0.969994	1.12446	0.961625	0.979793	0.97879	0.959009	0.970057	0.969267	0.96833	0.971079	0.974896	0.93836	1.00266	0.94944	0.933776	0.933932	0.937386	0.839916	0.828572	0.844117	0.746008	0.748671	0	0.995466	0.968915	0.969052	0.968146	0.968348	0.969099	1.06354	1.0374	1.03199	1.03274	1.03137	1.03831	1.05716	1.03083	1.02967	1.03063	1.02764	1.03182	1.0849	1.06036	1.04929	1.04637	1.04081	1.06026	1.0619	1.02863	1.02456	1.06385	1.05753	1.06184	1.08502	1.05619	1.04883	1.0509	1.05304	1.0557	1.10516	1.05622	1.05402	1.07864	1.0795	1.07987	0.967488	0.976052	0.999179	0.988962	0.98883	0.983959	0.960273	0.958317	0.958938	0.958178	0.960047	0.958539
ERR607373-k20-n1-x5e9	0.990261	0.992372	0.994897	1.01757	0.985399	0.987836	0.911914	0.985361	0.924419	0.89516	0.904899	0.899707	0.919389	0.928425	0.933312	0.928329	0.925014	0.928743	0.972556	0.898873	1.08532	0.887966	0.898947	0.897894	0.876479	0.882709	0.884988	0.885745	0.882119	0.881733	0.911486	0.970493	0.920247	0.903248	0.905102	0.904322	1.07723	1.07039	1.08331	0.993901	0.994746	0.995466	0	0.773144	0.776578	0.776588	0.775301	0.774177	1.09503	1.07374	1.06814	1.07069	1.06824	1.07415	1.08559	1.06497	1.0641	1.06532	1.06287	1.0652	1.11898	1.09909	1.08663	1.08614	1.08011	1.09933	1.1426	1.10455	1.10125	1.13626	1.13181	1.1337	1.12264	1.09584	1.08904	1.09314	1.09416	1.09643	1.11576	1.07437	1.07303	1.09545	1.09456	1.09614	1.09597	1.10356	1.14563	1.12117	1.11912	1.11466	1.06688	1.07288	1.07676	1.08178	1.07514	1.0773
ERR607374-k20-n1-x5e9	0.961255	0.964089	0.967254	0.987918	0.960066	0.961843	0.873184	0.968415	0.888484	0.874536	0.87284	0.871066	0.892102	0.903396	0.911052	0.903993	0.901064	0.903695	0.944282	0.871192	1.06925	0.857418	0.88059	0.88123	0.834537	0.849789	0.85111	0.849807	0.849266	0.850932	0.883657	0.948475	0.882636	0.869999	0.880163	0.873201	1.06129	1.04946	1.06668	0.96778	0.967214	0.968915	0.773144	0	0.746052	0.752871	0.752633	0.752011	1.08017	1.04908	1.04026	1.04118	1.04105	1.04926	1.07145	1.04005	1.0355	1.03581	1.03374	1.04106	1.09445	1.07402	1.06552	1.06332	1.05812	1.07542	1.12068	1.08089	1.07555	1.11057	1.10564	1.10757	1.10033	1.0756	1.06667	1.06858	1.07117	1.07589	1.0924	1.04345	1.04096	1.07322	1.0724	1.07479	1.07515	1.08525	1.12413	1.10759	1.10669	1.10078	1.04441	1.05266	1.05615	1.05911	1.05834	1.05796
ERR607375-k20-n1-x5e9	0.95922	0.962234	0.968657	0.986698	0.959432	0.962184	0.876834	0.970456	0.891812	0.870848	0.876941	0.875036	0.894157	0.902161	0.912995	0.902152	0.899688	0.902117	0.945717	0.87061	1.06874	0.856194	0.889636	0.886138	0.834228	0.852572	0.855561	0.853919	0.850153	0.851332	0.876322	0.950588	0.884032	0.868994	0.876113	0.871014	1.06052	1.04838	1.0655	0.967296	0.968684	0.969052	0.776578	0.746052	0	0.748383	0.747386	0.747265	1.07735	1.04531	1.04146	1.04088	1.03982	1.04813	1.06856	1.03853	1.03307	1.03498	1.03634	1.0397	1.09468	1.07549	1.06212	1.06027	1.05536	1.07686	1.11935	1.076	1.07149	1.10896	1.10457	1.10561	1.10024	1.07321	1.06425	1.06804	1.06905	1.07327	1.09319	1.04214	1.04265	1.07004	1.06934	1.07176	1.0744	1.08455	1.1242	1.10598	1.10497	1.09983	1.04066	1.05066	1.05427	1.05897	1.05702	1.05816
ERR607376-k20-n1-x5e9	0.960953	0.963623	0.966517	0.987282	0.959261	0.961406	0.871924	0.968109	0.887911	0.874076	0.872019	0.868361	0.891836	0.903125	0.911025	0.903679	0.899505	0.90303	0.943957	0.871475	1.06931	0.857232	0.881392	0.881863	0.833587	0.849049	0.850829	0.849455	0.849331	0.850955	0.882287	0.94828	0.881342	0.869449	0.879117	0.872166	1.06146	1.04937	1.06681	0.967882	0.967172	0.968146	0.776588	0.752871	0.748383	0	0.749098	0.748892	1.08035	1.04842	1.03921	1.0407	1.04084	1.04879	1.0717	1.03982	1.03551	1.0358	1.03372	1.04071	1.09479	1.07408	1.06558	1.06322	1.0579	1.0755	1.12083	1.08004	1.07466	1.10985	1.10466	1.10668	1.10068	1.07541	1.06618	1.0686	1.07084	1.07561	1.09262	1.04284	1.04013	1.07236	1.07145	1.07418	1.07541	1.08547	1.12444	1.10805	1.10724	1.10114	1.04467	1.05273	1.0565	1.05899	1.05809	1.05863
