	ERR608323-k20-n1-x5e9	ERR608324-k20-n1-x5e9	ERR608325-k20-n1-x5e9	ERR608326-k20-n1-x5e9	ERR608327-k20-n1-x5e9	ERR608328-k20-n1-x5e9	ERR609875-k20-n1-x5e9	ERR609876-k20-n1-x5e9	ERR609877-k20-n1-x5e9	ERR609878-k20-n1-x5e9	ERR609879-k20-n1-x5e9	ERR609880-k20-n1-x5e9	ERR609529-k20-n1-x5e9	ERR609530-k20-n1-x5e9	ERR609531-k20-n1-x5e9	ERR609532-k20-n1-x5e9	ERR609533-k20-n1-x5e9	ERR609534-k20-n1-x5e9	ERR609003-k20-n1-x5e9	ERR609004-k20-n1-x5e9	ERR609005-k20-n1-x5e9	ERR609006-k20-n1-x5e9	ERR609007-k20-n1-x5e9	ERR609008-k20-n1-x5e9	ERR606012-k20-n1-x5e9	ERR606013-k20-n1-x5e9	ERR606014-k20-n1-x5e9	ERR606015-k20-n1-x5e9	ERR606016-k20-n1-x5e9	ERR606017-k20-n1-x5e9	ERR607585-k20-n1-x5e9	ERR607586-k20-n1-x5e9	ERR607587-k20-n1-x5e9	ERR607588-k20-n1-x5e9	ERR607589-k20-n1-x5e9	ERR607590-k20-n1-x5e9	ERR605799-k20-n1-x5e9	ERR605800-k20-n1-x5e9	ERR605801-k20-n1-x5e9	ERR605802-k20-n1-x5e9	ERR605803-k20-n1-x5e9	ERR605804-k20-n1-x5e9	ERR608531-k20-n1-x5e9	ERR608532-k20-n1-x5e9	ERR608533-k20-n1-x5e9	ERR608534-k20-n1-x5e9	ERR608535-k20-n1-x5e9	ERR608536-k20-n1-x5e9	ERR608943-k20-n1-x5e9	ERR608944-k20-n1-x5e9	ERR608945-k20-n1-x5e9	ERR608946-k20-n1-x5e9	ERR608947-k20-n1-x5e9	ERR608948-k20-n1-x5e9	ERR608913-k20-n1-x5e9	ERR608914-k20-n1-x5e9	ERR608915-k20-n1-x5e9	ERR608916-k20-n1-x5e9	ERR608917-k20-n1-x5e9	ERR608918-k20-n1-x5e9	ERR607951-k20-n1-x5e9	ERR607952-k20-n1-x5e9	ERR607953-k20-n1-x5e9	ERR607954-k20-n1-x5e9	ERR607955-k20-n1-x5e9	ERR607956-k20-n1-x5e9	ERR608341-k20-n1-x5e9	ERR608342-k20-n1-x5e9	ERR608343-k20-n1-x5e9	ERR608344-k20-n1-x5e9	ERR608345-k20-n1-x5e9	ERR608346-k20-n1-x5e9	ERR607781-k20-n1-x5e9	ERR607782-k20-n1-x5e9	ERR607783-k20-n1-x5e9	ERR607784-k20-n1-x5e9	ERR607785-k20-n1-x5e9	ERR607786-k20-n1-x5e9	ERR607995-k20-n1-x5e9	ERR607996-k20-n1-x5e9	ERR607997-k20-n1-x5e9	ERR607998-k20-n1-x5e9	ERR607999-k20-n1-x5e9	ERR608000-k20-n1-x5e9	ERR607747-k20-n1-x5e9	ERR607748-k20-n1-x5e9	ERR607749-k20-n1-x5e9	ERR607750-k20-n1-x5e9	ERR607751-k20-n1-x5e9	ERR607752-k20-n1-x5e9	ERR608883-k20-n1-x5e9	ERR608884-k20-n1-x5e9	ERR608885-k20-n1-x5e9	ERR608886-k20-n1-x5e9	ERR608887-k20-n1-x5e9	ERR608888-k20-n1-x5e9
ERR608323-k20-n1-x5e9	0	0.411035	0.379628	0.412721	0.391148	0.400417	0.578259	0.594178	0.618526	0.765087	0.739907	0.727608	0.61361	0.613474	0.536192	0.656216	0.655012	0.646522	0.576693	0.659288	0.671999	0.671275	0.670197	0.671977	0.525035	0.58283	0.58821	0.5244	0.533804	0.527535	0.432019	0.471531	0.481104	0.42915	0.432464	0.425749	0.489818	0.481286	0.623963	0.627077	0.630143	0.633947	0.506509	0.561562	0.577726	0.603454	0.603263	0.608258	0.721794	0.727218	0.727875	0.686598	0.687386	0.688381	0.66064	0.671241	0.672892	0.614698	0.614091	0.616293	0.650801	0.682229	0.602277	0.658277	0.663841	0.661455	0.663237	0.690608	0.706397	0.699328	0.698345	0.691073	0.730295	0.728267	0.730905	0.728502	0.730727	0.731832	0.73658	0.751145	0.75213	0.721359	0.724143	0.7257	0.72927	0.735375	0.736305	0.737814	0.738179	0.738091	0.730559	0.735541	0.736281	0.692846	0.696102	0.690684
ERR608324-k20-n1-x5e9	0.411035	0	0.295231	0.282026	0.291355	0.285492	0.427242	0.442887	0.468512	0.635201	0.605671	0.591218	0.477517	0.477582	0.451508	0.525262	0.523892	0.517944	0.430569	0.508684	0.522601	0.52232	0.521105	0.523225	0.412621	0.429305	0.434545	0.386531	0.393864	0.389044	0.425535	0.358469	0.356265	0.371815	0.370044	0.37861	0.380314	0.386707	0.474168	0.478388	0.482257	0.486971	0.360102	0.396991	0.413212	0.440899	0.440661	0.446584	0.603563	0.607682	0.608809	0.569798	0.570483	0.571007	0.536739	0.545303	0.547533	0.496912	0.495766	0.497185	0.542277	0.56269	0.618831	0.541747	0.546041	0.543842	0.552984	0.571642	0.586411	0.578956	0.578241	0.572412	0.616821	0.622661	0.617583	0.624687	0.61854	0.619511	0.610763	0.625965	0.62758	0.595066	0.59754	0.599109	0.620923	0.623241	0.625237	0.627315	0.627783	0.627721	0.611022	0.615415	0.616322	0.575077	0.578435	0.572956
ERR608325-k20-n1-x5e9	0.379628	0.295231	0	0.298493	0.295696	0.295516	0.467061	0.483872	0.510761	0.674074	0.645779	0.631831	0.515226	0.515203	0.470199	0.563907	0.562604	0.555757	0.472115	0.552756	0.566036	0.565989	0.564702	0.566887	0.439036	0.470855	0.476135	0.419502	0.428738	0.422633	0.416417	0.377805	0.379556	0.370173	0.369725	0.374149	0.399147	0.400498	0.516112	0.52046	0.524439	0.529005	0.395567	0.440226	0.456843	0.485787	0.485355	0.491261	0.637659	0.641847	0.643165	0.601685	0.602286	0.603048	0.570772	0.580042	0.582324	0.526108	0.524979	0.526841	0.572628	0.596016	0.614278	0.573354	0.578191	0.576002	0.583725	0.604749	0.620221	0.612445	0.611821	0.605651	0.649627	0.653334	0.650347	0.65471	0.65122	0.652231	0.646992	0.661916	0.663793	0.631066	0.633346	0.63498	0.652485	0.655792	0.657793	0.659794	0.660054	0.660048	0.645311	0.649883	0.650943	0.607804	0.611144	0.605467
ERR608326-k20-n1-x5e9	0.412721	0.282026	0.298493	0	0.286794	0.281443	0.42181	0.436914	0.461367	0.628742	0.598723	0.58403	0.468786	0.468994	0.44363	0.514616	0.513218	0.507198	0.420408	0.501456	0.516002	0.515336	0.514008	0.516134	0.404056	0.423582	0.428898	0.380406	0.386561	0.382309	0.419078	0.354096	0.35256	0.368977	0.366764	0.374795	0.377114	0.382746	0.467481	0.470379	0.474049	0.478462	0.352921	0.393636	0.41027	0.437	0.43652	0.442208	0.597724	0.602382	0.603019	0.56553	0.566136	0.566713	0.531563	0.540609	0.542106	0.49459	0.493315	0.494848	0.535401	0.556896	0.617202	0.536281	0.540538	0.538558	0.547352	0.566978	0.581694	0.574524	0.57382	0.567259	0.61047	0.615457	0.611337	0.61762	0.611627	0.612713	0.605489	0.621387	0.622382	0.5897	0.592831	0.594484	0.614744	0.617411	0.618731	0.62085	0.621238	0.621231	0.60562	0.610437	0.611038	0.570351	0.573338	0.56806
ERR608327-k20-n1-x5e9	0.391148	0.291355	0.295696	0.286794	0	0.285511	0.444712	0.460687	0.48532	0.652327	0.622641	0.608206	0.487835	0.487504	0.446131	0.533148	0.5319	0.524695	0.440638	0.527396	0.541962	0.540902	0.539672	0.541823	0.411927	0.446968	0.452635	0.396506	0.403877	0.398575	0.404655	0.36256	0.365298	0.362796	0.361345	0.366983	0.384314	0.386144	0.491967	0.494712	0.498009	0.502297	0.370683	0.420072	0.437754	0.464786	0.464406	0.470081	0.616882	0.622199	0.62276	0.583577	0.584235	0.584941	0.550377	0.560628	0.561546	0.511074	0.510175	0.511857	0.549176	0.575293	0.610891	0.553021	0.557909	0.555649	0.563127	0.58612	0.60158	0.594491	0.593707	0.58647	0.628443	0.630708	0.629171	0.632535	0.629127	0.630213	0.627133	0.643427	0.644256	0.611127	0.614545	0.616214	0.631113	0.635174	0.636169	0.638232	0.63855	0.63843	0.625643	0.63086	0.631363	0.589052	0.592146	0.586847
ERR608328-k20-n1-x5e9	0.400417	0.285492	0.295516	0.281443	0.285511	0	0.432794	0.448525	0.473187	0.640902	0.610928	0.596294	0.478841	0.478734	0.444353	0.52445	0.523199	0.516321	0.430804	0.51492	0.529446	0.528518	0.527178	0.529287	0.407991	0.435724	0.441155	0.388342	0.395383	0.390317	0.41001	0.356781	0.357462	0.363339	0.362114	0.368929	0.379744	0.383359	0.480564	0.483174	0.486659	0.491036	0.360867	0.406559	0.424031	0.45108	0.45058	0.456296	0.607537	0.612673	0.613168	0.57481	0.575496	0.576251	0.540947	0.550851	0.552009	0.502351	0.501459	0.503063	0.541976	0.566067	0.612888	0.544494	0.549044	0.546768	0.555318	0.576852	0.592005	0.58478	0.584091	0.577197	0.619682	0.623238	0.620542	0.625328	0.620576	0.621676	0.616537	0.63273	0.633669	0.60067	0.603916	0.605775	0.623003	0.626436	0.627539	0.629662	0.630068	0.629898	0.61608	0.62105	0.621623	0.580091	0.582899	0.577742
ERR609875-k20-n1-x5e9	0.578259	0.427242	0.467061	0.42181	0.444712	0.432794	0	0.269185	0.28101	0.449626	0.415849	0.399476	0.417081	0.417315	0.47668	0.447605	0.446666	0.45029	0.370457	0.396638	0.407615	0.40648	0.404833	0.407077	0.424861	0.369711	0.370406	0.384706	0.380819	0.381552	0.50874	0.397094	0.383317	0.456655	0.450052	0.465304	0.420195	0.436142	0.381299	0.382028	0.38467	0.387949	0.369142	0.34834	0.352499	0.36143	0.361391	0.364113	0.535734	0.535388	0.534736	0.527395	0.527792	0.527229	0.481461	0.483907	0.4849	0.476652	0.475021	0.474827	0.497266	0.495129	0.668904	0.487546	0.48821	0.487209	0.511027	0.509046	0.515204	0.511112	0.51198	0.508942	0.548711	0.572551	0.54977	0.580382	0.551436	0.551967	0.5237	0.533956	0.533065	0.518635	0.521094	0.521825	0.57094	0.561776	0.563186	0.565001	0.564988	0.565169	0.536252	0.537778	0.537067	0.52832	0.529194	0.526026
ERR609876-k20-n1-x5e9	0.594178	0.442887	0.483872	0.436914	0.460687	0.448525	0.269185	0	0.271274	0.427157	0.39381	0.377709	0.415793	0.416028	0.486012	0.442112	0.44113	0.446463	0.37155	0.38381	0.393405	0.392496	0.390502	0.392704	0.434055	0.368557	0.368522	0.393213	0.388047	0.389903	0.523611	0.410572	0.396347	0.472452	0.465665	0.481003	0.433405	0.449829	0.374146	0.374566	0.376751	0.379515	0.379152	0.349514	0.350487	0.354918	0.354916	0.356881	0.528123	0.526927	0.526075	0.52417	0.52416	0.523544	0.478037	0.479118	0.479935	0.479596	0.477791	0.477203	0.49742	0.490672	0.678136	0.486002	0.485927	0.485149	0.510305	0.504436	0.508494	0.505149	0.506138	0.50402	0.541791	0.567946	0.542916	0.576527	0.544734	0.545234	0.512054	0.521283	0.520201	0.508833	0.511131	0.511693	0.566144	0.555296	0.556606	0.558438	0.558243	0.558548	0.527507	0.528466	0.527528	0.524277	0.524941	0.522022
ERR609877-k20-n1-x5e9	0.618526	0.468512	0.510761	0.461367	0.48532	0.473187	0.28101	0.271274	0	0.393945	0.360115	0.344506	0.411072	0.41186	0.496204	0.42628	0.425706	0.433408	0.367074	0.362713	0.371386	0.369623	0.368234	0.369799	0.443719	0.370782	0.369948	0.407986	0.401299	0.40477	0.541537	0.431166	0.41755	0.495977	0.488721	0.504464	0.455859	0.47225	0.366743	0.365996	0.367145	0.36852	0.393085	0.35682	0.354683	0.350948	0.351024	0.351065	0.512467	0.511249	0.509448	0.517146	0.517156	0.516225	0.470603	0.470833	0.470416	0.484615	0.483111	0.482011	0.492065	0.481043	0.690369	0.481656	0.480362	0.480164	0.506583	0.496432	0.497888	0.496375	0.497464	0.495879	0.526863	0.554221	0.527771	0.563771	0.528891	0.529415	0.491814	0.500897	0.498443	0.491214	0.493694	0.494302	0.552771	0.540441	0.540942	0.542356	0.542058	0.542243	0.511155	0.511751	0.51026	0.516279	0.516018	0.514076
ERR609878-k20-n1-x5e9	0.765087	0.635201	0.674074	0.628742	0.652327	0.640902	0.449626	0.427157	0.393945	0	0.25861	0.266951	0.515027	0.51635	0.642959	0.497724	0.497805	0.515108	0.499316	0.397459	0.385233	0.385715	0.386614	0.385444	0.60015	0.493884	0.488227	0.568034	0.559135	0.565607	0.694688	0.596168	0.582171	0.658779	0.651738	0.666088	0.62659	0.64396	0.457189	0.456	0.454322	0.452859	0.558449	0.491403	0.474203	0.444415	0.444605	0.439574	0.526678	0.515781	0.51376	0.567769	0.566994	0.564712	0.535915	0.523586	0.523449	0.586263	0.584516	0.581761	0.579471	0.534509	0.7956	0.557935	0.551363	0.553301	0.589492	0.548123	0.531991	0.536939	0.539523	0.547237	0.544015	0.589284	0.544762	0.600407	0.548309	0.547609	0.468328	0.458312	0.455745	0.487438	0.485318	0.483603	0.584668	0.55925	0.561279	0.561595	0.56082	0.561237	0.514825	0.50759	0.505529	0.564458	0.561181	0.564216
ERR609879-k20-n1-x5e9	0.739907	0.605671	0.645779	0.598723	0.622641	0.610928	0.415849	0.39381	0.360115	0.25861	0	0.252558	0.484661	0.486131	0.61149	0.467204	0.467141	0.483742	0.465778	0.372993	0.363926	0.363832	0.364322	0.363261	0.567407	0.463335	0.458093	0.535865	0.526797	0.533392	0.666456	0.565869	0.55195	0.630032	0.622787	0.637333	0.59498	0.612587	0.428763	0.427571	0.425612	0.424328	0.52568	0.461491	0.445772	0.417638	0.417726	0.412998	0.510843	0.502037	0.499623	0.547665	0.547082	0.545007	0.512908	0.502643	0.501853	0.561842	0.560185	0.557338	0.554076	0.513435	0.774754	0.534607	0.5286	0.530164	0.565154	0.527646	0.513983	0.518449	0.52067	0.526721	0.527864	0.569993	0.528703	0.581175	0.531466	0.530975	0.458555	0.453505	0.450078	0.474351	0.473558	0.47235	0.566055	0.542796	0.544165	0.544562	0.543865	0.544224	0.500534	0.495076	0.492643	0.543963	0.540889	0.543427
ERR609880-k20-n1-x5e9	0.727608	0.591218	0.631831	0.58403	0.608206	0.596294	0.399476	0.377709	0.344506	0.266951	0.252558	0	0.471804	0.47311	0.597582	0.456155	0.4559	0.472021	0.450891	0.363135	0.355764	0.355207	0.355601	0.354773	0.552244	0.448791	0.443868	0.520338	0.511298	0.517693	0.653254	0.551168	0.537267	0.616113	0.608797	0.623483	0.57969	0.597285	0.415939	0.41458	0.41289	0.411595	0.510347	0.44719	0.43221	0.4051	0.405233	0.40066	0.505158	0.497343	0.494807	0.53926	0.538733	0.536656	0.503242	0.493725	0.492916	0.550602	0.548868	0.54634	0.543385	0.504858	0.76521	0.524513	0.518916	0.520366	0.554522	0.519116	0.506536	0.510551	0.512821	0.518087	0.522185	0.562976	0.523031	0.57411	0.525509	0.52507	0.456157	0.453154	0.449521	0.470127	0.469905	0.468985	0.559132	0.537011	0.538116	0.538627	0.537866	0.5382	0.495724	0.49097	0.488489	0.535696	0.532826	0.534891
ERR609529-k20-n1-x5e9	0.61361	0.477517	0.515226	0.468786	0.487835	0.478841	0.417081	0.415793	0.411072	0.515027	0.484661	0.471804	0	0.242811	0.355672	0.267008	0.267162	0.263499	0.350927	0.372359	0.385238	0.383175	0.381591	0.383677	0.370069	0.321297	0.321817	0.357756	0.350829	0.358061	0.554287	0.465789	0.458247	0.518876	0.511826	0.524315	0.41988	0.435749	0.341451	0.345278	0.343429	0.343173	0.405605	0.393365	0.397295	0.397043	0.395885	0.395198	0.443981	0.453196	0.452849	0.432319	0.432726	0.432555	0.43	0.435248	0.433075	0.456018	0.454636	0.453523	0.452826	0.452776	0.66438	0.454602	0.454084	0.453723	0.461541	0.460575	0.465191	0.466117	0.465236	0.462002	0.445786	0.438682	0.446854	0.441116	0.445557	0.447499	0.474956	0.500305	0.49912	0.452826	0.459714	0.462073	0.450969	0.457231	0.456203	0.458232	0.458826	0.458619	0.461639	0.470672	0.470066	0.440472	0.440138	0.439544
ERR609530-k20-n1-x5e9	0.613474	0.477582	0.515203	0.468994	0.487504	0.478734	0.417315	0.416028	0.41186	0.51635	0.486131	0.47311	0.242811	0	0.354804	0.267615	0.26763	0.264157	0.351239	0.373471	0.386618	0.384343	0.382802	0.384667	0.369117	0.320813	0.321424	0.35695	0.349884	0.356613	0.55446	0.466398	0.459181	0.519055	0.51207	0.524576	0.41895	0.435112	0.341568	0.345461	0.34328	0.343241	0.405935	0.394251	0.398305	0.398033	0.396768	0.396255	0.444375	0.453809	0.45328	0.432494	0.432691	0.432582	0.430553	0.435611	0.433323	0.456276	0.454805	0.453766	0.45271	0.453333	0.663995	0.454756	0.454255	0.453883	0.461572	0.460704	0.46565	0.466485	0.465462	0.462292	0.446059	0.438718	0.447105	0.441084	0.445611	0.447751	0.475902	0.501269	0.500069	0.453499	0.460739	0.462946	0.45103	0.457539	0.456447	0.458463	0.459156	0.458752	0.462547	0.471396	0.470871	0.440734	0.440553	0.439746
ERR609531-k20-n1-x5e9	0.536192	0.451508	0.470199	0.44363	0.446131	0.444353	0.47668	0.486012	0.496204	0.642959	0.61149	0.597582	0.355672	0.354804	0	0.399477	0.399244	0.382589	0.410688	0.502497	0.519451	0.517127	0.515036	0.517404	0.333171	0.408777	0.414774	0.362123	0.365854	0.365214	0.499448	0.463644	0.466563	0.4819	0.47829	0.484502	0.368041	0.367612	0.453252	0.45613	0.455804	0.457073	0.417459	0.46154	0.477231	0.493674	0.492799	0.495176	0.54707	0.55982	0.559373	0.511901	0.51288	0.514413	0.505245	0.520275	0.517755	0.488994	0.488837	0.490079	0.492403	0.530747	0.610113	0.512613	0.517365	0.515586	0.506812	0.53945	0.555101	0.551853	0.549972	0.54062	0.545332	0.523428	0.546175	0.522375	0.543062	0.545062	0.589736	0.616174	0.614652	0.565385	0.572962	0.575542	0.537432	0.553414	0.550995	0.552653	0.553606	0.5529	0.568032	0.578619	0.578081	0.523771	0.526181	0.521777
ERR609532-k20-n1-x5e9	0.656216	0.525262	0.563907	0.514616	0.533148	0.52445	0.447605	0.442112	0.42628	0.497724	0.467204	0.456155	0.267008	0.267615	0.399477	0	0.240298	0.24407	0.359403	0.363574	0.375381	0.371957	0.370539	0.371673	0.408264	0.356543	0.355626	0.407008	0.398465	0.407382	0.585589	0.503342	0.497203	0.559768	0.552235	0.564245	0.474337	0.489304	0.360104	0.361764	0.356607	0.354269	0.43896	0.422985	0.42388	0.414458	0.412906	0.410137	0.432776	0.442631	0.440249	0.441674	0.441451	0.441188	0.438294	0.442972	0.437491	0.484009	0.482691	0.481092	0.459109	0.456128	0.691858	0.465217	0.463537	0.463217	0.473592	0.468411	0.468905	0.473095	0.472055	0.469191	0.432485	0.424476	0.433302	0.42832	0.429957	0.432047	0.458407	0.484885	0.480842	0.439582	0.447763	0.450039	0.440916	0.445346	0.441675	0.442169	0.442681	0.442176	0.449696	0.458913	0.456752	0.445805	0.443881	0.445418
ERR609533-k20-n1-x5e9	0.655012	0.523892	0.562604	0.513218	0.5319	0.523199	0.446666	0.44113	0.425706	0.497805	0.467141	0.4559	0.267162	0.26763	0.399244	0.240298	0	0.244699	0.359038	0.363671	0.375318	0.371801	0.370468	0.371569	0.407666	0.355986	0.354877	0.406061	0.397732	0.406623	0.584467	0.501992	0.495869	0.55836	0.550901	0.562989	0.473334	0.488291	0.359376	0.361347	0.356382	0.353758	0.437793	0.421727	0.422866	0.413477	0.412047	0.409156	0.433958	0.443719	0.441376	0.442189	0.441897	0.441428	0.438388	0.443325	0.438019	0.483793	0.482437	0.480861	0.459565	0.456599	0.691342	0.465509	0.46378	0.463513	0.473813	0.468622	0.469223	0.473346	0.472165	0.469294	0.434019	0.426207	0.434864	0.43009	0.431619	0.433654	0.459321	0.485635	0.48178	0.440473	0.448762	0.451002	0.442232	0.446753	0.443085	0.44344	0.44412	0.443599	0.450858	0.459933	0.457888	0.446575	0.444539	0.445965
ERR609534-k20-n1-x5e9	0.646522	0.517944	0.555757	0.507198	0.524695	0.516321	0.45029	0.446463	0.433408	0.515108	0.483742	0.472021	0.263499	0.264157	0.382589	0.24407	0.244699	0	0.358936	0.376542	0.38944	0.385711	0.384142	0.385442	0.394748	0.355743	0.355835	0.397558	0.389747	0.398234	0.577324	0.498801	0.493632	0.552575	0.545152	0.556821	0.462716	0.476669	0.364689	0.366528	0.361792	0.359374	0.434578	0.425773	0.428644	0.421909	0.420559	0.418093	0.440541	0.451678	0.449492	0.443342	0.443163	0.443098	0.440912	0.447222	0.441852	0.482082	0.480873	0.47947	0.458199	0.460541	0.684308	0.466772	0.465844	0.465274	0.472322	0.472031	0.474378	0.478033	0.476756	0.472795	0.439974	0.427707	0.440699	0.430915	0.436961	0.439082	0.471143	0.49848	0.494571	0.450542	0.459038	0.461508	0.444493	0.451688	0.447809	0.448445	0.449173	0.448503	0.459055	0.469007	0.466999	0.448715	0.446891	0.44777
ERR609003-k20-n1-x5e9	0.576693	0.430569	0.472115	0.420408	0.440638	0.430804	0.370457	0.37155	0.367074	0.499316	0.465778	0.450891	0.350927	0.351239	0.410688	0.359403	0.359038	0.358936	0	0.321447	0.340127	0.336891	0.334958	0.336609	0.371806	0.346396	0.348767	0.364284	0.360197	0.364972	0.49599	0.402873	0.395908	0.463513	0.45626	0.470682	0.418361	0.43187	0.365885	0.367745	0.365355	0.366033	0.336576	0.340456	0.348777	0.352531	0.351713	0.351864	0.475907	0.483577	0.481325	0.469361	0.469395	0.469639	0.435103	0.443969	0.440179	0.44936	0.448259	0.447947	0.439537	0.453028	0.645883	0.447941	0.449495	0.447962	0.457541	0.468016	0.476066	0.475036	0.474024	0.467821	0.482139	0.485075	0.482983	0.491073	0.480636	0.482378	0.481919	0.503819	0.500069	0.46822	0.474615	0.476517	0.490939	0.492577	0.490124	0.49085	0.491324	0.491021	0.483654	0.490832	0.488947	0.468211	0.468345	0.466087
ERR609004-k20-n1-x5e9	0.659288	0.508684	0.552756	0.501456	0.527396	0.51492	0.396638	0.38381	0.362713	0.397459	0.372993	0.363135	0.372359	0.373471	0.502497	0.363574	0.363671	0.376542	0.321447	0	0.24665	0.246939	0.247111	0.24721	0.462294	0.360396	0.356035	0.432956	0.424268	0.432359	0.589795	0.481918	0.467866	0.549923	0.542331	0.557785	0.503563	0.522381	0.348807	0.351492	0.348763	0.348344	0.418119	0.358871	0.348411	0.327629	0.327258	0.323531	0.437987	0.43716	0.43603	0.455377	0.454963	0.453703	0.429593	0.424602	0.423341	0.474043	0.472189	0.469799	0.47011	0.441528	0.706102	0.456714	0.452726	0.453265	0.477861	0.451018	0.444692	0.447334	0.448165	0.451319	0.449743	0.474143	0.450805	0.482345	0.45219	0.453104	0.416685	0.42949	0.427647	0.412099	0.41452	0.415276	0.473248	0.461832	0.462625	0.463756	0.463611	0.463881	0.435627	0.437141	0.436127	0.450498	0.44869	0.449918
ERR609005-k20-n1-x5e9	0.671999	0.522601	0.566036	0.516002	0.541962	0.529446	0.407615	0.393405	0.371386	0.385233	0.363926	0.355764	0.385238	0.386618	0.519451	0.375381	0.375318	0.38944	0.340127	0.24665	0	0.24521	0.245729	0.24565	0.479724	0.371886	0.366833	0.448655	0.439944	0.447983	0.605204	0.496628	0.481981	0.564628	0.556942	0.572557	0.519171	0.538495	0.356375	0.359804	0.357238	0.357089	0.434799	0.369637	0.356338	0.332978	0.332905	0.328791	0.439128	0.436395	0.435769	0.460361	0.45945	0.458159	0.436329	0.428875	0.428542	0.482784	0.480834	0.47811	0.481403	0.447273	0.716259	0.464993	0.460106	0.461285	0.487611	0.45562	0.447015	0.450004	0.451094	0.456073	0.452184	0.480476	0.453058	0.488638	0.455565	0.456296	0.412186	0.42213	0.421445	0.409736	0.410926	0.411278	0.478296	0.464146	0.466	0.467108	0.466943	0.467135	0.434771	0.434772	0.434091	0.455052	0.452948	0.455033
ERR609006-k20-n1-x5e9	0.671275	0.52232	0.565989	0.515336	0.540902	0.528518	0.40648	0.392496	0.369623	0.385715	0.363832	0.355207	0.383175	0.384343	0.517127	0.371957	0.371801	0.385711	0.336891	0.246939	0.24521	0	0.2439	0.243832	0.476844	0.37083	0.36595	0.446378	0.437357	0.445623	0.602991	0.495433	0.481096	0.563193	0.555446	0.57109	0.517648	0.536528	0.355723	0.357847	0.354783	0.354362	0.432961	0.370073	0.357676	0.333711	0.333499	0.329077	0.438976	0.436741	0.43563	0.460551	0.459692	0.458318	0.435607	0.429033	0.427866	0.48282	0.480916	0.478324	0.478917	0.446275	0.715479	0.463684	0.458983	0.45988	0.485932	0.45537	0.446818	0.450163	0.451143	0.45546	0.451558	0.478747	0.452497	0.487124	0.454437	0.45512	0.412687	0.423416	0.421885	0.410029	0.411996	0.412448	0.47711	0.463767	0.465053	0.466218	0.465919	0.466195	0.435064	0.435606	0.434471	0.454938	0.452868	0.454749
ERR609007-k20-n1-x5e9	0.670197	0.521105	0.564702	0.514008	0.539672	0.527178	0.404833	0.390502	0.368234	0.386614	0.364322	0.355601	0.381591	0.382802	0.515036	0.370539	0.370468	0.384142	0.334958	0.247111	0.245729	0.2439	0	0.244189	0.475058	0.369572	0.364875	0.444939	0.43551	0.444044	0.601573	0.494108	0.479736	0.561706	0.55403	0.569529	0.516052	0.53474	0.354801	0.356949	0.354001	0.353499	0.431268	0.369112	0.356972	0.333499	0.333125	0.328914	0.43925	0.437152	0.435783	0.46024	0.459377	0.457925	0.435185	0.428792	0.427576	0.48213	0.480212	0.477792	0.477914	0.445825	0.71439	0.46292	0.458362	0.459234	0.485047	0.455016	0.446958	0.450167	0.451178	0.455184	0.451252	0.478079	0.452181	0.486578	0.453898	0.454676	0.413553	0.424321	0.422769	0.410622	0.41288	0.41332	0.477102	0.463741	0.464846	0.465907	0.465794	0.466062	0.435519	0.436124	0.434966	0.454965	0.452922	0.454551
ERR609008-k20-n1-x5e9	0.671977	0.523225	0.566887	0.516134	0.541823	0.529287	0.407077	0.392704	0.369799	0.385444	0.363261	0.354773	0.383677	0.384667	0.517404	0.371673	0.371569	0.385442	0.336609	0.24721	0.24565	0.243832	0.244189	0	0.47713	0.371553	0.366924	0.446999	0.437906	0.446116	0.603117	0.495929	0.481787	0.563638	0.555965	0.571512	0.518233	0.537028	0.356259	0.358142	0.355197	0.354549	0.433429	0.371043	0.358752	0.334924	0.334424	0.329894	0.439759	0.437511	0.436221	0.461465	0.460602	0.459041	0.436242	0.429678	0.428513	0.483813	0.482027	0.479454	0.479115	0.446898	0.715817	0.464172	0.459691	0.460403	0.486104	0.455849	0.447431	0.450792	0.451818	0.455975	0.451859	0.47901	0.452906	0.487531	0.454649	0.455322	0.413506	0.424286	0.422614	0.411024	0.413128	0.41369	0.477764	0.464494	0.46545	0.466556	0.466343	0.466652	0.435887	0.436376	0.435181	0.455887	0.453783	0.455441
ERR606012-k20-n1-x5e9	0.525035	0.412621	0.439036	0.404056	0.411927	0.407991	0.424861	0.434055	0.443719	0.60015	0.567407	0.552244	0.370069	0.369117	0.333171	0.408264	0.407666	0.394748	0.371806	0.462294	0.479724	0.476844	0.475058	0.47713	0	0.33524	0.34246	0.29165	0.293221	0.292979	0.483922	0.426551	0.426671	0.456474	0.451676	0.460918	0.34604	0.350137	0.408379	0.41054	0.410942	0.412285	0.369295	0.410324	0.426259	0.442256	0.44142	0.44374	0.538618	0.54943	0.548659	0.509095	0.509365	0.510195	0.49136	0.504155	0.501935	0.479735	0.479425	0.479767	0.485008	0.515664	0.621285	0.499943	0.503746	0.502127	0.498504	0.525672	0.540023	0.536711	0.535013	0.52661	0.541981	0.52946	0.542888	0.529962	0.540032	0.541946	0.568441	0.591743	0.590093	0.547952	0.554566	0.556901	0.539495	0.550942	0.549081	0.550558	0.551442	0.550785	0.557176	0.566251	0.565503	0.519056	0.520908	0.516738
ERR606013-k20-n1-x5e9	0.58283	0.429305	0.470855	0.423582	0.446968	0.435724	0.369711	0.368557	0.370782	0.493884	0.463335	0.448791	0.321297	0.320813	0.408777	0.356543	0.355986	0.355743	0.346396	0.360396	0.371886	0.37083	0.369572	0.371553	0.33524	0	0.250073	0.295202	0.286877	0.293156	0.538176	0.433749	0.421602	0.489707	0.483127	0.497292	0.390412	0.408934	0.317126	0.320466	0.322427	0.324505	0.368251	0.340278	0.343486	0.346269	0.345707	0.34691	0.469994	0.474713	0.47536	0.451516	0.451449	0.4511	0.436507	0.438911	0.439263	0.447322	0.445861	0.444591	0.466803	0.460443	0.660783	0.458212	0.458064	0.457377	0.469637	0.465106	0.470688	0.468226	0.468024	0.466089	0.479718	0.487067	0.480935	0.490038	0.481798	0.483254	0.483608	0.501879	0.502932	0.465998	0.470304	0.471907	0.49015	0.491073	0.492538	0.495609	0.496043	0.495923	0.482833	0.488137	0.488683	0.458854	0.459661	0.457212
ERR606014-k20-n1-x5e9	0.58821	0.434545	0.476135	0.428898	0.452635	0.441155	0.370406	0.368522	0.369948	0.488227	0.458093	0.443868	0.321817	0.321424	0.414774	0.355626	0.354877	0.355835	0.348767	0.356035	0.366833	0.36595	0.364875	0.366924	0.34246	0.250073	0	0.301051	0.292144	0.29882	0.543707	0.438267	0.425501	0.494987	0.488301	0.502485	0.397125	0.415784	0.315303	0.319108	0.320765	0.323108	0.372382	0.33998	0.341872	0.343661	0.343088	0.343958	0.467814	0.472016	0.472737	0.450729	0.450456	0.450257	0.436721	0.437946	0.438592	0.449267	0.4476	0.446259	0.468805	0.459921	0.664825	0.458869	0.458158	0.458203	0.471576	0.464302	0.468907	0.466809	0.466737	0.465447	0.477586	0.486146	0.478839	0.489423	0.480021	0.481379	0.479931	0.497759	0.498925	0.46288	0.466807	0.468541	0.489178	0.489333	0.491071	0.494045	0.494389	0.494317	0.480041	0.485161	0.485645	0.457862	0.458533	0.456354
ERR606015-k20-n1-x5e9	0.5244	0.386531	0.419502	0.380406	0.396506	0.388342	0.384706	0.393213	0.407986	0.568034	0.535865	0.520338	0.357756	0.35695	0.362123	0.407008	0.406061	0.397558	0.364284	0.432956	0.448655	0.446378	0.444939	0.446999	0.29165	0.295202	0.301051	0	0.260939	0.260778	0.492415	0.406237	0.399467	0.444996	0.439874	0.451945	0.335239	0.346523	0.37539	0.375968	0.378553	0.381755	0.35188	0.368064	0.3822	0.398647	0.398253	0.40161	0.524179	0.531556	0.531882	0.49207	0.49231	0.49306	0.473895	0.4823	0.482412	0.457324	0.456088	0.456553	0.482202	0.498869	0.62734	0.484074	0.487072	0.485678	0.489281	0.505493	0.518283	0.513566	0.512774	0.506413	0.530184	0.528435	0.531419	0.529618	0.530988	0.532615	0.546698	0.56658	0.56712	0.526537	0.531774	0.533869	0.533932	0.540528	0.541097	0.544069	0.544688	0.544478	0.539499	0.546474	0.546762	0.501001	0.503548	0.499069
ERR606016-k20-n1-x5e9	0.533804	0.393864	0.428738	0.386561	0.403877	0.395383	0.380819	0.388047	0.401299	0.559135	0.526797	0.511298	0.350829	0.349884	0.365854	0.398465	0.397732	0.389747	0.360197	0.424268	0.439944	0.437357	0.43551	0.437906	0.293221	0.286877	0.292144	0.260939	0	0.257827	0.499374	0.410551	0.403403	0.452314	0.446606	0.459013	0.341081	0.353508	0.365735	0.365266	0.367859	0.370836	0.352392	0.364454	0.377548	0.392392	0.391877	0.394877	0.518497	0.52574	0.525873	0.487828	0.488226	0.488742	0.469779	0.477726	0.477588	0.457206	0.456023	0.456183	0.480159	0.494726	0.632921	0.481312	0.483745	0.482575	0.486635	0.50111	0.513087	0.509008	0.508165	0.501931	0.524855	0.523461	0.526091	0.525043	0.525417	0.527178	0.540304	0.560228	0.560516	0.520395	0.525872	0.527834	0.529448	0.535678	0.536025	0.539239	0.539813	0.539572	0.534049	0.540907	0.541117	0.497061	0.499249	0.494859
ERR606017-k20-n1-x5e9	0.527535	0.389044	0.422633	0.382309	0.398575	0.390317	0.381552	0.389903	0.40477	0.565607	0.533392	0.517693	0.358061	0.356613	0.365214	0.407382	0.406623	0.398234	0.364972	0.432359	0.447983	0.445623	0.444044	0.446116	0.292979	0.293156	0.29882	0.260778	0.257827	0	0.494492	0.407393	0.400912	0.446979	0.441666	0.453647	0.335869	0.347687	0.372378	0.372125	0.374952	0.377918	0.351689	0.367104	0.381064	0.397092	0.396664	0.400043	0.525918	0.533068	0.533243	0.494008	0.494289	0.495018	0.475277	0.483517	0.483442	0.459539	0.4584	0.458849	0.484387	0.50021	0.630494	0.485628	0.488508	0.487151	0.49099	0.506434	0.519016	0.514349	0.513605	0.507344	0.532427	0.531268	0.533673	0.532644	0.533055	0.534833	0.547564	0.567078	0.567661	0.527743	0.53313	0.535068	0.536826	0.543107	0.543589	0.546783	0.547311	0.547176	0.541187	0.548019	0.548111	0.50334	0.505682	0.50109
ERR607585-k20-n1-x5e9	0.432019	0.425535	0.416417	0.419078	0.404655	0.41001	0.50874	0.523611	0.541537	0.694688	0.666456	0.653254	0.554287	0.55446	0.499448	0.585589	0.584467	0.577324	0.49599	0.589795	0.605204	0.602991	0.601573	0.603117	0.483922	0.538176	0.543707	0.492415	0.499374	0.494492	0	0.367955	0.3849	0.336007	0.337014	0.332101	0.459076	0.453563	0.564294	0.565166	0.566397	0.568723	0.439263	0.506429	0.52383	0.546131	0.545518	0.549913	0.672037	0.678238	0.676756	0.650696	0.651428	0.652058	0.609882	0.623046	0.621364	0.579416	0.578948	0.580795	0.589399	0.625519	0.618534	0.604024	0.609395	0.606924	0.615664	0.645002	0.659457	0.654255	0.653401	0.644583	0.678093	0.678662	0.678855	0.682888	0.676712	0.677822	0.679296	0.695456	0.692974	0.668241	0.672877	0.674486	0.683715	0.687252	0.685606	0.68617	0.686405	0.686077	0.679472	0.685024	0.683848	0.653662	0.655637	0.651165
ERR607586-k20-n1-x5e9	0.471531	0.358469	0.377805	0.354096	0.36256	0.356781	0.397094	0.410572	0.431166	0.596168	0.565869	0.551168	0.465789	0.466398	0.463644	0.503342	0.501992	0.498801	0.402873	0.481918	0.496628	0.495433	0.494108	0.495929	0.426551	0.433749	0.438267	0.406237	0.410551	0.407393	0.367955	0	0.288868	0.318403	0.313823	0.325474	0.399033	0.407392	0.457922	0.460552	0.462696	0.466273	0.347589	0.388478	0.404206	0.427608	0.427274	0.432418	0.591763	0.595292	0.594655	0.572413	0.572972	0.573023	0.526675	0.535572	0.535955	0.500768	0.499445	0.500765	0.524435	0.544101	0.62815	0.526606	0.530322	0.528383	0.545597	0.561863	0.574266	0.568829	0.568213	0.562044	0.601312	0.613096	0.602224	0.61883	0.602331	0.603408	0.590369	0.605199	0.603842	0.580375	0.583861	0.585195	0.61423	0.611955	0.612589	0.61369	0.613756	0.613808	0.596474	0.600573	0.599848	0.574345	0.576311	0.572169
ERR607587-k20-n1-x5e9	0.481104	0.356265	0.379556	0.35256	0.365298	0.357462	0.383317	0.396347	0.41755	0.582171	0.55195	0.537267	0.458247	0.459181	0.466563	0.497203	0.495869	0.493632	0.395908	0.467866	0.481981	0.481096	0.479736	0.481787	0.426671	0.421602	0.425501	0.399467	0.403403	0.400912	0.3849	0.288868	0	0.328692	0.3238	0.337201	0.398007	0.408572	0.445033	0.448194	0.450774	0.454786	0.342309	0.37276	0.386848	0.410934	0.410075	0.415483	0.583268	0.58587	0.58552	0.563743	0.564412	0.564524	0.518459	0.526079	0.527187	0.492498	0.491176	0.492422	0.520686	0.536091	0.632709	0.519474	0.523012	0.520975	0.540019	0.552706	0.564455	0.55872	0.558475	0.553099	0.593959	0.608454	0.594841	0.614192	0.595677	0.596624	0.579634	0.593475	0.592699	0.569926	0.572832	0.574162	0.608079	0.604537	0.605613	0.607105	0.607151	0.607293	0.587111	0.590492	0.590216	0.565869	0.567685	0.563498
ERR607588-k20-n1-x5e9	0.42915	0.371815	0.370173	0.368977	0.362796	0.363339	0.456655	0.472452	0.495977	0.658779	0.630032	0.616113	0.518876	0.519055	0.4819	0.559768	0.55836	0.552575	0.463513	0.549923	0.564628	0.563193	0.561706	0.563638	0.456474	0.489707	0.494987	0.444996	0.452314	0.446979	0.336007	0.318403	0.328692	0	0.300362	0.301922	0.415482	0.415401	0.519328	0.521071	0.523685	0.527276	0.395795	0.452043	0.469369	0.495132	0.494545	0.499919	0.642609	0.647052	0.646548	0.617473	0.618174	0.61863	0.5762	0.586941	0.587036	0.540272	0.539662	0.541475	0.566433	0.593852	0.616753	0.572391	0.577061	0.574801	0.587558	0.610566	0.624686	0.618568	0.617896	0.610645	0.650378	0.656982	0.651193	0.661017	0.650814	0.651881	0.647339	0.66217	0.661185	0.635631	0.639239	0.64082	0.659379	0.660268	0.660494	0.661975	0.662113	0.662123	0.648906	0.653343	0.652944	0.620882	0.623307	0.618466
ERR607589-k20-n1-x5e9	0.432464	0.370044	0.369725	0.366764	0.361345	0.362114	0.450052	0.465665	0.488721	0.651738	0.622787	0.608797	0.511826	0.51207	0.47829	0.552235	0.550901	0.545152	0.45626	0.542331	0.556942	0.555446	0.55403	0.555965	0.451676	0.483127	0.488301	0.439874	0.446606	0.441666	0.337014	0.313823	0.3238	0.300362	0	0.302261	0.412585	0.41361	0.512154	0.513996	0.51643	0.519889	0.389532	0.445178	0.462345	0.487722	0.487275	0.492333	0.636702	0.641088	0.640479	0.612266	0.612927	0.613341	0.570722	0.581187	0.581301	0.536358	0.535483	0.536973	0.561302	0.58804	0.618087	0.566945	0.57161	0.56938	0.582845	0.605137	0.619211	0.613196	0.612483	0.605224	0.644585	0.651525	0.645563	0.65589	0.645095	0.646143	0.641027	0.655773	0.654869	0.629495	0.633226	0.634662	0.653986	0.6547	0.654829	0.656096	0.656391	0.656291	0.643055	0.647532	0.647091	0.615696	0.617999	0.613233
ERR607590-k20-n1-x5e9	0.425749	0.37861	0.374149	0.374795	0.366983	0.368929	0.465304	0.481003	0.504464	0.666088	0.637333	0.623483	0.524315	0.524576	0.484502	0.564245	0.562989	0.556821	0.470682	0.557785	0.572557	0.57109	0.569529	0.571512	0.460918	0.497292	0.502485	0.451945	0.459013	0.453647	0.332101	0.325474	0.337201	0.301922	0.302261	0	0.420782	0.419677	0.526646	0.528444	0.530811	0.534146	0.403825	0.462001	0.479366	0.504548	0.503957	0.509204	0.648349	0.652999	0.652382	0.623676	0.624189	0.624693	0.582798	0.593651	0.593559	0.547726	0.547204	0.549017	0.571924	0.600007	0.617734	0.578516	0.583533	0.581121	0.593795	0.617432	0.63153	0.625663	0.62475	0.617537	0.655616	0.661264	0.656545	0.665399	0.655915	0.6571	0.653822	0.668764	0.667691	0.642201	0.64596	0.647506	0.664394	0.665736	0.665721	0.666958	0.667283	0.667149	0.655228	0.659775	0.65928	0.627424	0.629849	0.624971
ERR605799-k20-n1-x5e9	0.489818	0.380314	0.399147	0.377114	0.384314	0.379744	0.420195	0.433405	0.455859	0.62659	0.59498	0.57969	0.41988	0.41895	0.368041	0.474337	0.473334	0.462716	0.418361	0.503563	0.519171	0.517648	0.516052	0.518233	0.34604	0.390412	0.397125	0.335239	0.341081	0.335869	0.459076	0.399033	0.398007	0.415482	0.412585	0.420782	0	0.277287	0.401283	0.404301	0.407692	0.411709	0.376629	0.416043	0.433366	0.457342	0.456774	0.461478	0.564078	0.572271	0.572741	0.523855	0.524834	0.525917	0.50429	0.515892	0.516411	0.467062	0.466472	0.468086	0.499384	0.52906	0.601208	0.505969	0.511224	0.508968	0.509445	0.536549	0.553208	0.546878	0.545416	0.537272	0.571011	0.566104	0.572135	0.566627	0.571315	0.572883	0.592561	0.612627	0.613118	0.572613	0.577619	0.579664	0.570796	0.579394	0.579794	0.582506	0.583017	0.582856	0.579785	0.587115	0.587309	0.534591	0.537959	0.532466
ERR605800-k20-n1-x5e9	0.481286	0.386707	0.400498	0.382746	0.386144	0.383359	0.436142	0.449829	0.47225	0.64396	0.612587	0.597285	0.435749	0.435112	0.367612	0.489304	0.488291	0.476669	0.43187	0.522381	0.538495	0.536528	0.53474	0.537028	0.350137	0.408934	0.415784	0.346523	0.353508	0.347687	0.453563	0.407392	0.408572	0.415401	0.41361	0.419677	0.277287	0	0.423499	0.425515	0.428831	0.432432	0.38761	0.434219	0.452558	0.476711	0.476238	0.480801	0.580145	0.588781	0.588826	0.539238	0.540367	0.541586	0.519086	0.531763	0.531988	0.480577	0.480285	0.481781	0.509833	0.543615	0.59763	0.519476	0.524931	0.52255	0.520941	0.55162	0.568882	0.562563	0.561138	0.552349	0.586395	0.579503	0.587613	0.579907	0.586302	0.587952	0.609901	0.630123	0.630333	0.589881	0.595255	0.597416	0.584971	0.594583	0.594467	0.597148	0.597694	0.597358	0.596052	0.603721	0.603759	0.550166	0.553519	0.54776
ERR605801-k20-n1-x5e9	0.623963	0.474168	0.516112	0.467481	0.491967	0.480564	0.381299	0.374146	0.366743	0.457189	0.428763	0.415939	0.341451	0.341568	0.453252	0.360104	0.359376	0.364689	0.365885	0.348807	0.356375	0.355723	0.354801	0.356259	0.408379	0.317126	0.315303	0.37539	0.365735	0.372378	0.564294	0.457922	0.445033	0.519328	0.512154	0.526646	0.401283	0.423499	0	0.253016	0.253213	0.254212	0.402037	0.360468	0.357285	0.350052	0.349702	0.3493	0.44084	0.443641	0.443544	0.437567	0.437629	0.436581	0.421475	0.41995	0.420088	0.449851	0.448132	0.446015	0.458151	0.440601	0.678935	0.445956	0.444056	0.443736	0.463892	0.447719	0.447814	0.447473	0.447717	0.447887	0.454873	0.469925	0.455996	0.475417	0.456875	0.458172	0.447844	0.464412	0.46463	0.434868	0.438683	0.440259	0.471903	0.467276	0.468674	0.471014	0.471197	0.47118	0.451048	0.455205	0.454881	0.442899	0.442473	0.441865
ERR605802-k20-n1-x5e9	0.627077	0.478388	0.52046	0.470379	0.494712	0.483174	0.382028	0.374566	0.365996	0.456	0.427571	0.41458	0.345278	0.345461	0.45613	0.361764	0.361347	0.366528	0.367745	0.351492	0.359804	0.357847	0.356949	0.358142	0.41054	0.320466	0.319108	0.375968	0.365266	0.372125	0.565166	0.460552	0.448194	0.521071	0.513996	0.528444	0.404301	0.425515	0.253016	0	0.247635	0.248067	0.404474	0.36514	0.362561	0.353819	0.353084	0.352577	0.444061	0.447	0.446374	0.44212	0.442219	0.441376	0.424599	0.423574	0.422871	0.454066	0.452586	0.450507	0.459331	0.442834	0.681078	0.448132	0.446109	0.446037	0.465482	0.450492	0.450566	0.450558	0.450947	0.450117	0.457794	0.472409	0.459021	0.478324	0.459218	0.460546	0.450285	0.466468	0.466163	0.43752	0.442251	0.443755	0.475369	0.470635	0.471419	0.474268	0.474238	0.474225	0.454638	0.458761	0.457916	0.446808	0.446131	0.445569
ERR605803-k20-n1-x5e9	0.630143	0.482257	0.524439	0.474049	0.498009	0.486659	0.38467	0.376751	0.367145	0.454322	0.425612	0.41289	0.343429	0.34328	0.455804	0.356607	0.356382	0.361792	0.365355	0.348763	0.357238	0.354783	0.354001	0.355197	0.410942	0.322427	0.320765	0.378553	0.367859	0.374952	0.566397	0.462696	0.450774	0.523685	0.51643	0.530811	0.407692	0.428831	0.253213	0.247635	0	0.247548	0.405896	0.367216	0.364782	0.354942	0.354384	0.353315	0.441327	0.444487	0.443551	0.441377	0.441358	0.440323	0.423785	0.422988	0.421731	0.455615	0.454095	0.451792	0.457957	0.441692	0.682305	0.447729	0.445622	0.445439	0.464959	0.449859	0.449732	0.450351	0.450397	0.449643	0.454399	0.468282	0.455586	0.474181	0.455421	0.456853	0.44779	0.464417	0.463771	0.435	0.440003	0.441532	0.471798	0.467484	0.46782	0.470543	0.470534	0.470467	0.451894	0.456216	0.455278	0.445346	0.44451	0.444439
ERR605804-k20-n1-x5e9	0.633947	0.486971	0.529005	0.478462	0.502297	0.491036	0.387949	0.379515	0.36852	0.452859	0.424328	0.411595	0.343173	0.343241	0.457073	0.354269	0.353758	0.359374	0.366033	0.348344	0.357089	0.354362	0.353499	0.354549	0.412285	0.324505	0.323108	0.381755	0.370836	0.377918	0.568723	0.466273	0.454786	0.527276	0.519889	0.534146	0.411709	0.432432	0.254212	0.248067	0.247548	0	0.409131	0.370913	0.36856	0.357633	0.357137	0.355868	0.439712	0.443073	0.441972	0.441484	0.441499	0.440365	0.424109	0.423345	0.421692	0.457918	0.45652	0.4543	0.457505	0.441557	0.684043	0.448247	0.445914	0.445853	0.465168	0.450487	0.45005	0.450816	0.451011	0.449941	0.452534	0.466047	0.453718	0.472099	0.453317	0.454793	0.44629	0.463266	0.462287	0.433962	0.439051	0.440689	0.470223	0.465785	0.466003	0.468453	0.468401	0.46835	0.450696	0.45513	0.454063	0.445836	0.444657	0.444725
ERR608531-k20-n1-x5e9	0.506509	0.360102	0.395567	0.352921	0.370683	0.360867	0.369142	0.379152	0.393085	0.558449	0.52568	0.510347	0.405605	0.405935	0.417459	0.43896	0.437793	0.434578	0.336576	0.418119	0.434799	0.432961	0.431268	0.433429	0.369295	0.368251	0.372382	0.35188	0.352392	0.351689	0.439263	0.347589	0.342309	0.395795	0.389532	0.403825	0.376629	0.38761	0.402037	0.404474	0.405896	0.409131	0	0.301466	0.318287	0.340605	0.340104	0.344392	0.541832	0.547406	0.546521	0.521857	0.522408	0.522616	0.480865	0.490653	0.489787	0.463323	0.462079	0.463174	0.482867	0.503308	0.627925	0.487577	0.49112	0.489158	0.500264	0.51804	0.530501	0.525435	0.525024	0.517931	0.553185	0.559786	0.554123	0.564925	0.553227	0.554604	0.544488	0.561944	0.560349	0.531857	0.536234	0.537976	0.562272	0.562674	0.562356	0.563635	0.564085	0.564	0.550668	0.556299	0.555347	0.525837	0.527828	0.523516
