	ERR608173-k20-n1-x5e9	ERR608174-k20-n1-x5e9	ERR608175-k20-n1-x5e9	ERR608176-k20-n1-x5e9	ERR608177-k20-n1-x5e9	ERR608178-k20-n1-x5e9	ERR609145-k20-n1-x5e9	ERR609146-k20-n1-x5e9	ERR609147-k20-n1-x5e9	ERR609148-k20-n1-x5e9	ERR609149-k20-n1-x5e9	ERR609150-k20-n1-x5e9	ERR608263-k20-n1-x5e9	ERR608264-k20-n1-x5e9	ERR608265-k20-n1-x5e9	ERR608266-k20-n1-x5e9	ERR608267-k20-n1-x5e9	ERR608268-k20-n1-x5e9	ERR606042-k20-n1-x5e9	ERR606043-k20-n1-x5e9	ERR606044-k20-n1-x5e9	ERR606045-k20-n1-x5e9	ERR606046-k20-n1-x5e9	ERR606047-k20-n1-x5e9	ERR609003-k20-n1-x5e9	ERR609004-k20-n1-x5e9	ERR609005-k20-n1-x5e9	ERR609006-k20-n1-x5e9	ERR609007-k20-n1-x5e9	ERR609008-k20-n1-x5e9	ERR605964-k20-n1-x5e9	ERR605965-k20-n1-x5e9	ERR605966-k20-n1-x5e9	ERR605967-k20-n1-x5e9	ERR605968-k20-n1-x5e9	ERR605969-k20-n1-x5e9	ERR605605-k20-n1-x5e9	ERR605606-k20-n1-x5e9	ERR605607-k20-n1-x5e9	ERR605608-k20-n1-x5e9	ERR605609-k20-n1-x5e9	ERR605610-k20-n1-x5e9	ERR608713-k20-n1-x5e9	ERR608714-k20-n1-x5e9	ERR608715-k20-n1-x5e9	ERR608716-k20-n1-x5e9	ERR608717-k20-n1-x5e9	ERR608718-k20-n1-x5e9	ERR605485-k20-n1-x5e9	ERR605486-k20-n1-x5e9	ERR605487-k20-n1-x5e9	ERR605488-k20-n1-x5e9	ERR605489-k20-n1-x5e9	ERR605490-k20-n1-x5e9	ERR608787-k20-n1-x5e9	ERR608788-k20-n1-x5e9	ERR608789-k20-n1-x5e9	ERR608790-k20-n1-x5e9	ERR608791-k20-n1-x5e9	ERR608792-k20-n1-x5e9	ERR608395-k20-n1-x5e9	ERR608396-k20-n1-x5e9	ERR608397-k20-n1-x5e9	ERR608398-k20-n1-x5e9	ERR608399-k20-n1-x5e9	ERR608400-k20-n1-x5e9	ERR608901-k20-n1-x5e9	ERR608902-k20-n1-x5e9	ERR608903-k20-n1-x5e9	ERR608904-k20-n1-x5e9	ERR608905-k20-n1-x5e9	ERR608906-k20-n1-x5e9	ERR608805-k20-n1-x5e9	ERR608806-k20-n1-x5e9	ERR608807-k20-n1-x5e9	ERR608808-k20-n1-x5e9	ERR608809-k20-n1-x5e9	ERR608810-k20-n1-x5e9	ERR607805-k20-n1-x5e9	ERR607806-k20-n1-x5e9	ERR607807-k20-n1-x5e9	ERR607808-k20-n1-x5e9	ERR607809-k20-n1-x5e9	ERR607810-k20-n1-x5e9	ERR607747-k20-n1-x5e9	ERR607748-k20-n1-x5e9	ERR607749-k20-n1-x5e9	ERR607750-k20-n1-x5e9	ERR607751-k20-n1-x5e9	ERR607752-k20-n1-x5e9	ERR607615-k20-n1-x5e9	ERR607616-k20-n1-x5e9	ERR607617-k20-n1-x5e9	ERR607618-k20-n1-x5e9	ERR607619-k20-n1-x5e9	ERR607620-k20-n1-x5e9
ERR608173-k20-n1-x5e9	0	0.290119	0.310978	0.284988	0.281307	0.275927	0.39805	0.356373	0.388982	0.40795	0.40927	0.40445	0.386602	0.338855	0.340192	0.348516	0.348218	0.353828	0.511635	0.417374	0.417688	0.45349	0.448946	0.451623	0.388651	0.406609	0.41558	0.415232	0.414414	0.415768	0.430483	0.431823	0.433979	0.398714	0.398747	0.396141	0.465347	0.455336	0.451824	0.441946	0.463797	0.460112	0.413236	0.428744	0.434207	0.424236	0.424545	0.424745	0.573925	0.571194	0.567942	0.569595	0.57128	0.569809	0.523818	0.52208	0.525969	0.508898	0.508886	0.508076	0.514055	0.491806	0.492136	0.491482	0.493027	0.494134	0.481093	0.476976	0.480316	0.479721	0.478374	0.478043	0.523605	0.521786	0.522348	0.53226	0.533083	0.532581	0.490954	0.494234	0.502907	0.47487	0.474431	0.475484	0.578611	0.568576	0.571692	0.574563	0.574333	0.574566	0.542671	0.540838	0.539983	0.54258	0.542449	0.542478
ERR608174-k20-n1-x5e9	0.290119	0	0.262975	0.265331	0.266142	0.268056	0.36904	0.393652	0.372669	0.372334	0.373576	0.374943	0.440271	0.363731	0.353146	0.34747	0.348632	0.351782	0.559867	0.446847	0.444661	0.500672	0.494563	0.498624	0.419018	0.38549	0.385711	0.387726	0.387884	0.38865	0.449208	0.403664	0.404127	0.398829	0.399683	0.397993	0.435041	0.432058	0.431558	0.421342	0.448695	0.44561	0.432211	0.405616	0.404449	0.401553	0.402472	0.403579	0.550779	0.551352	0.552382	0.549697	0.550841	0.550017	0.527594	0.519269	0.525526	0.525014	0.524516	0.522837	0.540036	0.502521	0.495014	0.493141	0.493719	0.505292	0.492701	0.481361	0.48747	0.503294	0.501598	0.500329	0.50772	0.501473	0.503178	0.532033	0.531648	0.532435	0.487087	0.481607	0.492599	0.480172	0.476543	0.476619	0.576806	0.560095	0.565194	0.568245	0.567634	0.568246	0.516808	0.526087	0.523011	0.516273	0.516308	0.515628
ERR608175-k20-n1-x5e9	0.310978	0.262975	0	0.271931	0.274538	0.279707	0.363903	0.414612	0.372593	0.363933	0.364906	0.368773	0.463493	0.380908	0.366491	0.355995	0.357255	0.35914	0.579062	0.462385	0.459376	0.521563	0.515123	0.519374	0.433902	0.382201	0.378971	0.381608	0.382208	0.382515	0.459174	0.397183	0.396529	0.40477	0.405744	0.404287	0.426059	0.426421	0.427266	0.417557	0.445373	0.442635	0.44242	0.40117	0.397406	0.397555	0.398764	0.400258	0.542489	0.544358	0.547277	0.542889	0.543704	0.543162	0.531174	0.520527	0.527269	0.534571	0.533922	0.532044	0.551857	0.509851	0.499496	0.497109	0.497435	0.51258	0.500128	0.48673	0.493246	0.516515	0.514642	0.512829	0.503946	0.496	0.498073	0.534158	0.533437	0.534786	0.488647	0.479904	0.491172	0.485857	0.481387	0.481048	0.577356	0.558136	0.563854	0.566792	0.566022	0.56676	0.508262	0.521922	0.518077	0.50757	0.507569	0.50676
ERR608176-k20-n1-x5e9	0.284988	0.265331	0.271931	0	0.26034	0.262797	0.364306	0.382868	0.363977	0.369665	0.370595	0.369591	0.424511	0.352637	0.343907	0.338407	0.338687	0.341252	0.543416	0.433697	0.432145	0.487234	0.480956	0.48532	0.399977	0.374938	0.377859	0.378483	0.378313	0.378993	0.431167	0.396352	0.396978	0.386802	0.387018	0.38541	0.427306	0.422134	0.421721	0.412731	0.435087	0.432252	0.414432	0.396138	0.397226	0.391898	0.392567	0.393385	0.543942	0.543131	0.543579	0.542335	0.543461	0.542576	0.517278	0.510539	0.515215	0.516577	0.516405	0.514854	0.527109	0.492798	0.486341	0.485288	0.485664	0.495387	0.482215	0.472764	0.47706	0.495841	0.494368	0.493042	0.500705	0.495956	0.496769	0.523178	0.52303	0.523659	0.478635	0.474998	0.4841	0.471747	0.46957	0.469593	0.566583	0.551385	0.555361	0.558076	0.557484	0.557954	0.511424	0.517608	0.515169	0.511113	0.510976	0.510705
ERR608177-k20-n1-x5e9	0.281307	0.266142	0.274538	0.26034	0	0.261725	0.365229	0.378221	0.363772	0.371181	0.371964	0.370386	0.419894	0.349682	0.341835	0.337347	0.337868	0.340418	0.538865	0.430152	0.428639	0.482287	0.4762	0.480362	0.396983	0.375955	0.37952	0.379785	0.379307	0.380219	0.428268	0.397009	0.39794	0.38495	0.384982	0.38353	0.428644	0.422777	0.42197	0.412927	0.434827	0.432058	0.411712	0.396764	0.398608	0.392658	0.393197	0.393916	0.544598	0.543646	0.543531	0.542759	0.543924	0.543045	0.515658	0.509436	0.514108	0.514339	0.514252	0.512741	0.524011	0.490682	0.48481	0.48382	0.484249	0.493341	0.479808	0.470729	0.475131	0.492686	0.491057	0.489847	0.501067	0.496618	0.497354	0.522	0.521768	0.522355	0.477615	0.474817	0.483635	0.469881	0.468045	0.46827	0.565483	0.550861	0.554704	0.557432	0.556829	0.557358	0.512624	0.517741	0.515607	0.512415	0.512308	0.511946
ERR608178-k20-n1-x5e9	0.275927	0.268056	0.279707	0.262797	0.261725	0	0.371438	0.371944	0.368424	0.378172	0.379425	0.377206	0.412552	0.345608	0.339603	0.337874	0.338283	0.34154	0.532956	0.426011	0.42474	0.475337	0.469481	0.473414	0.395542	0.381939	0.386581	0.386814	0.38651	0.387408	0.429001	0.40407	0.405251	0.387164	0.38728	0.38549	0.436629	0.429921	0.428382	0.419078	0.441573	0.438411	0.412114	0.403211	0.405669	0.3987	0.399348	0.400179	0.550608	0.54924	0.548472	0.548198	0.549489	0.548414	0.516639	0.511106	0.515808	0.511871	0.511594	0.510236	0.521358	0.489951	0.485149	0.48417	0.484933	0.49255	0.479254	0.470937	0.47525	0.488545	0.487049	0.485984	0.505141	0.501132	0.501978	0.523503	0.523436	0.523789	0.479982	0.478166	0.487364	0.470127	0.4684	0.468663	0.567604	0.553794	0.557749	0.560583	0.560126	0.560478	0.518507	0.522236	0.520229	0.518195	0.518189	0.517915
ERR609145-k20-n1-x5e9	0.39805	0.36904	0.363903	0.364306	0.365229	0.371438	0	0.3586	0.250333	0.245841	0.245677	0.246037	0.462131	0.385724	0.370684	0.35271	0.35425	0.351424	0.53162	0.405923	0.400823	0.485406	0.47574	0.481713	0.399619	0.336699	0.33554	0.335847	0.335923	0.336764	0.389716	0.331533	0.331588	0.345434	0.344382	0.345119	0.33918	0.33513	0.335647	0.329513	0.349668	0.346545	0.38391	0.339509	0.339092	0.337773	0.337891	0.338382	0.470574	0.468981	0.467811	0.467928	0.469232	0.468157	0.473265	0.463406	0.466217	0.502893	0.501245	0.498927	0.515777	0.472669	0.458734	0.458749	0.457	0.474443	0.456143	0.444142	0.446795	0.49809	0.496633	0.49399	0.434264	0.430732	0.431324	0.460078	0.458565	0.460463	0.440009	0.431994	0.436756	0.449733	0.447289	0.4466	0.495661	0.480933	0.483969	0.487233	0.486473	0.486892	0.442706	0.445012	0.443483	0.443107	0.442802	0.443106
ERR609146-k20-n1-x5e9	0.356373	0.393652	0.414612	0.382868	0.378221	0.371944	0.3586	0	0.339185	0.376026	0.37782	0.3684	0.365759	0.344565	0.352073	0.368036	0.367397	0.371769	0.421937	0.339595	0.341105	0.365473	0.360083	0.362648	0.367704	0.41707	0.430584	0.429259	0.427605	0.429956	0.383314	0.429744	0.43338	0.371947	0.371487	0.368125	0.453152	0.434947	0.428251	0.418768	0.437766	0.432832	0.383861	0.429392	0.439282	0.42472	0.42434	0.423798	0.558454	0.55131	0.541633	0.549677	0.552483	0.549803	0.492265	0.495817	0.497409	0.475867	0.474828	0.475137	0.47623	0.46628	0.471098	0.472488	0.474286	0.46852	0.449147	0.451084	0.451455	0.445446	0.444944	0.445206	0.502449	0.505692	0.50622	0.488975	0.490723	0.488816	0.475141	0.484163	0.490086	0.456364	0.458612	0.45983	0.535544	0.535109	0.536662	0.540062	0.540143	0.54015	0.533784	0.516973	0.517464	0.53439	0.534119	0.534926
ERR609147-k20-n1-x5e9	0.388982	0.372669	0.372593	0.363977	0.363772	0.368424	0.250333	0.339185	0	0.257607	0.257416	0.251992	0.439546	0.37076	0.359231	0.343518	0.344867	0.342298	0.506914	0.386401	0.381856	0.463272	0.453363	0.459535	0.376751	0.332054	0.335756	0.334631	0.333998	0.33491	0.368364	0.332218	0.333447	0.333497	0.33127	0.332018	0.342431	0.333466	0.331975	0.326767	0.341788	0.339058	0.362373	0.335893	0.33952	0.333828	0.334092	0.333961	0.472643	0.469004	0.465351	0.468147	0.469822	0.468289	0.462172	0.455193	0.456731	0.490904	0.489387	0.487184	0.498813	0.460958	0.449743	0.450449	0.44906	0.462578	0.443101	0.434254	0.435393	0.485191	0.483886	0.481497	0.431024	0.430164	0.429941	0.450588	0.449381	0.450682	0.431547	0.427394	0.430568	0.43919	0.438484	0.437843	0.486256	0.474854	0.476696	0.479704	0.47902	0.479343	0.445376	0.441385	0.441289	0.446194	0.44576	0.446258
ERR609148-k20-n1-x5e9	0.40795	0.372334	0.363933	0.369665	0.371181	0.378172	0.245841	0.376026	0.257607	0	0.241085	0.244238	0.477633	0.398624	0.382207	0.361753	0.363611	0.360407	0.548505	0.422424	0.416771	0.502656	0.492837	0.498904	0.413694	0.340545	0.336757	0.337733	0.337599	0.338123	0.402905	0.332365	0.331613	0.355669	0.354126	0.355195	0.337767	0.33678	0.3387	0.332977	0.353273	0.350886	0.396879	0.342417	0.339674	0.340562	0.341252	0.341966	0.469441	0.469002	0.469449	0.467972	0.469042	0.468219	0.481941	0.470502	0.473847	0.513559	0.51175	0.509275	0.527481	0.482205	0.466803	0.466331	0.464528	0.483674	0.466257	0.45295	0.456455	0.50936	0.507882	0.505239	0.437454	0.432769	0.433624	0.467791	0.466115	0.468166	0.44621	0.436124	0.44122	0.458258	0.455261	0.454115	0.502087	0.485514	0.489111	0.492277	0.49142	0.491841	0.4417	0.447774	0.445823	0.441821	0.441426	0.441571
ERR609149-k20-n1-x5e9	0.40927	0.373576	0.364906	0.370595	0.371964	0.379425	0.245677	0.37782	0.257416	0.241085	0	0.243873	0.478581	0.399767	0.383234	0.362304	0.364351	0.361084	0.549527	0.423773	0.418137	0.504346	0.49461	0.500647	0.413899	0.340024	0.335916	0.33694	0.336859	0.337496	0.402566	0.330953	0.330506	0.355655	0.354042	0.355188	0.33644	0.335875	0.337673	0.332087	0.3518	0.349348	0.396687	0.341587	0.33913	0.340085	0.340529	0.341193	0.467976	0.467601	0.468151	0.466531	0.467507	0.466823	0.481651	0.470166	0.47342	0.513876	0.512268	0.509708	0.527698	0.482308	0.466805	0.466312	0.464587	0.483798	0.466397	0.453102	0.456544	0.510385	0.508783	0.506126	0.436469	0.431846	0.432564	0.467424	0.465781	0.467897	0.445777	0.435581	0.440559	0.458311	0.455332	0.454275	0.501277	0.484569	0.488046	0.491192	0.490383	0.490864	0.440523	0.446753	0.44482	0.440612	0.440107	0.440319
ERR609150-k20-n1-x5e9	0.40445	0.374943	0.368773	0.369591	0.370386	0.377206	0.246037	0.3684	0.251992	0.244238	0.243873	0	0.46709	0.392054	0.377146	0.356664	0.358494	0.355048	0.537182	0.413398	0.408114	0.493354	0.483249	0.489519	0.401391	0.335256	0.333934	0.333459	0.333268	0.333874	0.390729	0.329382	0.329289	0.347814	0.345512	0.346791	0.334798	0.331478	0.332733	0.32786	0.344091	0.341629	0.384684	0.337689	0.3373	0.335749	0.336121	0.336472	0.466814	0.465349	0.464756	0.46463	0.465836	0.464832	0.474778	0.465073	0.46725	0.507818	0.506226	0.50377	0.51897	0.475967	0.461684	0.461854	0.459721	0.477253	0.459255	0.447537	0.44968	0.504256	0.502731	0.50012	0.43365	0.430377	0.430369	0.461902	0.460168	0.46218	0.440597	0.43238	0.435766	0.452315	0.450823	0.44966	0.4954	0.480311	0.482918	0.486001	0.4852	0.485643	0.44019	0.442941	0.442125	0.440365	0.440056	0.440307
ERR608263-k20-n1-x5e9	0.386602	0.440271	0.463493	0.424511	0.419894	0.412552	0.462131	0.365759	0.439546	0.477633	0.478581	0.46709	0	0.309149	0.327532	0.350502	0.348779	0.35372	0.415755	0.393029	0.396762	0.393824	0.392576	0.394115	0.341308	0.43449	0.451785	0.449219	0.447529	0.449408	0.412555	0.486391	0.490389	0.43108	0.430896	0.428711	0.504081	0.486235	0.479033	0.473886	0.480947	0.477831	0.379433	0.453741	0.466237	0.450422	0.449695	0.448857	0.597795	0.589878	0.578717	0.588434	0.590915	0.588447	0.507534	0.517353	0.515838	0.490069	0.490018	0.490494	0.476796	0.487371	0.498909	0.501434	0.502521	0.489123	0.466819	0.476817	0.473119	0.462038	0.462045	0.462675	0.530463	0.536844	0.535056	0.515288	0.517033	0.514917	0.492348	0.507774	0.508896	0.471746	0.476804	0.478478	0.553065	0.55685	0.555499	0.556813	0.557357	0.557045	0.566184	0.544408	0.547087	0.567144	0.566948	0.567886
ERR608264-k20-n1-x5e9	0.338855	0.363731	0.380908	0.352637	0.349682	0.345608	0.385724	0.344565	0.37076	0.398624	0.399767	0.392054	0.309149	0	0.259636	0.270723	0.2699	0.273719	0.460019	0.374544	0.374512	0.415973	0.411168	0.415105	0.32614	0.360104	0.372477	0.371997	0.37085	0.372475	0.390432	0.416219	0.419347	0.379081	0.380112	0.378229	0.434846	0.42077	0.414583	0.4075	0.423664	0.420241	0.347987	0.381413	0.390146	0.377521	0.377545	0.377282	0.545755	0.540162	0.532159	0.538215	0.540435	0.538337	0.474785	0.476116	0.478212	0.469349	0.468759	0.468249	0.476161	0.459207	0.461209	0.461917	0.462638	0.461808	0.439915	0.439836	0.440351	0.449424	0.448965	0.448037	0.477917	0.480431	0.480065	0.476227	0.477237	0.476486	0.448651	0.455959	0.460423	0.435872	0.436456	0.437716	0.519108	0.515186	0.516635	0.518623	0.518995	0.519018	0.50852	0.495179	0.495481	0.509174	0.509007	0.509714
ERR608265-k20-n1-x5e9	0.340192	0.353146	0.366491	0.343907	0.341835	0.339603	0.370684	0.352073	0.359231	0.382207	0.383234	0.377146	0.327532	0.259636	0	0.26037	0.259909	0.262555	0.475433	0.379403	0.37794	0.430405	0.425063	0.42917	0.33162	0.344756	0.354792	0.355223	0.354322	0.356038	0.391344	0.401794	0.404283	0.372928	0.374313	0.372869	0.419221	0.406726	0.40105	0.394046	0.412259	0.408933	0.347128	0.365098	0.372055	0.361501	0.361705	0.361594	0.534268	0.529524	0.522384	0.527439	0.529469	0.527426	0.471258	0.469795	0.472749	0.471115	0.470146	0.469317	0.482312	0.458744	0.457522	0.457728	0.457984	0.461546	0.4398	0.43651	0.438094	0.454455	0.453949	0.452733	0.466619	0.467953	0.468031	0.469827	0.470484	0.470224	0.441915	0.446253	0.451488	0.432939	0.431829	0.432646	0.512845	0.506559	0.508956	0.510965	0.511105	0.511332	0.49545	0.484916	0.484357	0.496178	0.495843	0.496478
ERR608266-k20-n1-x5e9	0.348516	0.34747	0.355995	0.338407	0.337347	0.337874	0.35271	0.368036	0.343518	0.361753	0.362304	0.356664	0.350502	0.270723	0.26037	0	0.251366	0.25143	0.495357	0.391	0.388741	0.451678	0.444993	0.450185	0.335434	0.322808	0.330647	0.330482	0.329728	0.331209	0.390098	0.381963	0.383955	0.365743	0.36649	0.365768	0.395572	0.385286	0.381182	0.375215	0.391354	0.388548	0.34455	0.343615	0.349209	0.340305	0.340472	0.34052	0.516501	0.512318	0.507098	0.510897	0.51261	0.510744	0.466978	0.463358	0.465491	0.4781	0.477019	0.475402	0.490087	0.460124	0.455088	0.4549	0.454602	0.462465	0.440801	0.435266	0.436738	0.466487	0.465907	0.464039	0.452866	0.453225	0.4528	0.464399	0.464328	0.464815	0.43369	0.435112	0.439414	0.431113	0.43007	0.430398	0.504354	0.495447	0.497524	0.499503	0.499609	0.499719	0.477088	0.469972	0.469331	0.477696	0.477487	0.477965
ERR608267-k20-n1-x5e9	0.348218	0.348632	0.357255	0.338687	0.337868	0.338283	0.35425	0.367397	0.344867	0.363611	0.364351	0.358494	0.348779	0.2699	0.259909	0.251366	0	0.251718	0.493972	0.390328	0.388084	0.450159	0.443352	0.448569	0.334804	0.324623	0.332802	0.33232	0.331664	0.333107	0.390267	0.383913	0.385874	0.366306	0.367172	0.36646	0.397494	0.387065	0.382899	0.376916	0.392807	0.390002	0.344792	0.34561	0.351268	0.342115	0.342433	0.342516	0.517897	0.513817	0.508459	0.512216	0.513904	0.512154	0.467346	0.464203	0.466647	0.477832	0.47672	0.475415	0.489828	0.460274	0.455414	0.455587	0.455023	0.462615	0.44101	0.435593	0.436968	0.46598	0.465366	0.463563	0.454374	0.454722	0.454192	0.465206	0.465176	0.465786	0.434477	0.436108	0.440351	0.431351	0.430393	0.430724	0.505423	0.496748	0.498724	0.500645	0.500729	0.500802	0.478752	0.471278	0.470699	0.479374	0.478946	0.479542
ERR608268-k20-n1-x5e9	0.353828	0.351782	0.35914	0.341252	0.340418	0.34154	0.351424	0.371769	0.342298	0.360407	0.361084	0.355048	0.35372	0.273719	0.262555	0.25143	0.251718	0	0.496267	0.392175	0.389412	0.453925	0.447261	0.452495	0.334766	0.319206	0.326895	0.326261	0.325722	0.32703	0.388223	0.379145	0.381275	0.364666	0.365344	0.364946	0.39166	0.381327	0.377738	0.372205	0.386902	0.384178	0.34181	0.339448	0.345011	0.336269	0.336296	0.336324	0.513448	0.509296	0.504276	0.508111	0.509702	0.507938	0.465293	0.461831	0.463987	0.479247	0.478143	0.476741	0.490687	0.460484	0.454835	0.455099	0.454414	0.46269	0.440653	0.434984	0.435874	0.468841	0.468168	0.466375	0.450149	0.4507	0.450038	0.462674	0.462414	0.46302	0.432414	0.433448	0.437354	0.43117	0.430302	0.430512	0.50124	0.492355	0.494096	0.49595	0.496032	0.4961	0.474128	0.466758	0.466276	0.474883	0.474457	0.475059
ERR606042-k20-n1-x5e9	0.511635	0.559867	0.579062	0.543416	0.538865	0.532956	0.53162	0.421937	0.506914	0.548505	0.549527	0.537182	0.415755	0.460019	0.475433	0.495357	0.493972	0.496267	0	0.344838	0.350567	0.299624	0.302746	0.301758	0.43892	0.527993	0.544465	0.541795	0.539988	0.542033	0.431499	0.540423	0.545185	0.47265	0.471501	0.469041	0.567168	0.545051	0.536006	0.531901	0.535394	0.531441	0.43967	0.525458	0.54	0.522447	0.521136	0.519908	0.630416	0.618207	0.600614	0.616366	0.61999	0.616274	0.528902	0.5424	0.538784	0.508645	0.507975	0.509888	0.494652	0.520194	0.535754	0.539113	0.540942	0.521541	0.499576	0.514205	0.508339	0.490144	0.490445	0.492194	0.564466	0.575262	0.574216	0.520744	0.523875	0.520004	0.542198	0.560423	0.55987	0.523155	0.529285	0.530848	0.553864	0.570487	0.568169	0.569872	0.570716	0.56975	0.609775	0.574192	0.577844	0.610614	0.610687	0.611904
ERR606043-k20-n1-x5e9	0.417374	0.446847	0.462385	0.433697	0.430152	0.426011	0.405923	0.339595	0.386401	0.422424	0.423773	0.413398	0.393029	0.374544	0.379403	0.391	0.390328	0.392175	0.344838	0	0.248674	0.298883	0.290189	0.293976	0.377499	0.418413	0.431472	0.430105	0.42861	0.43069	0.360575	0.424694	0.429004	0.365377	0.364513	0.3619	0.456376	0.435128	0.426749	0.419354	0.434062	0.428986	0.362474	0.414027	0.426605	0.410073	0.409202	0.408419	0.544046	0.533734	0.519071	0.531493	0.535084	0.531515	0.4657	0.469541	0.469928	0.461618	0.459856	0.460169	0.469157	0.460107	0.464093	0.465983	0.46725	0.46229	0.438851	0.441811	0.440519	0.448378	0.448074	0.447732	0.477224	0.484577	0.484677	0.446608	0.448644	0.446262	0.465109	0.474789	0.478108	0.453738	0.456108	0.456778	0.491774	0.499157	0.500006	0.503392	0.503939	0.503533	0.518834	0.490455	0.491989	0.519455	0.519512	0.520385
ERR606044-k20-n1-x5e9	0.417688	0.444661	0.459376	0.432145	0.428639	0.42474	0.400823	0.341105	0.381856	0.416771	0.418137	0.408114	0.396762	0.374512	0.37794	0.388741	0.388084	0.389412	0.350567	0.248674	0	0.303886	0.295156	0.299081	0.378076	0.413585	0.426112	0.425117	0.423695	0.425873	0.359223	0.419146	0.42333	0.362085	0.361314	0.359113	0.451038	0.429859	0.421635	0.414265	0.429312	0.424237	0.36055	0.408306	0.420651	0.404345	0.403622	0.402908	0.540007	0.529869	0.515338	0.52758	0.531107	0.527501	0.4641	0.467268	0.46787	0.462301	0.460423	0.460443	0.471198	0.460207	0.462907	0.464801	0.465696	0.462172	0.438652	0.440819	0.43942	0.450479	0.44998	0.449373	0.472996	0.480108	0.480465	0.443537	0.445328	0.443194	0.462686	0.471815	0.475059	0.452591	0.454679	0.45534	0.488652	0.495468	0.49652	0.499907	0.500238	0.49995	0.514488	0.486445	0.487732	0.515038	0.514998	0.515942
ERR606045-k20-n1-x5e9	0.45349	0.500672	0.521563	0.487234	0.482287	0.475337	0.485406	0.365473	0.463272	0.502656	0.504346	0.493354	0.393824	0.415973	0.430405	0.451678	0.450159	0.453925	0.299624	0.298883	0.303886	0	0.262027	0.261449	0.418614	0.495553	0.511066	0.508931	0.507152	0.509401	0.415893	0.506443	0.510847	0.433967	0.432991	0.429595	0.536102	0.514355	0.506119	0.49871	0.509764	0.505079	0.421332	0.496097	0.50954	0.491753	0.490912	0.489985	0.607607	0.596655	0.581482	0.594789	0.598363	0.594878	0.512458	0.522184	0.521642	0.485237	0.484124	0.485793	0.481995	0.494712	0.507537	0.510134	0.512683	0.496665	0.475606	0.485664	0.482992	0.459377	0.459535	0.460748	0.543361	0.551839	0.551936	0.50218	0.505322	0.501601	0.519652	0.535169	0.538304	0.497143	0.50186	0.503454	0.545365	0.557393	0.557318	0.560526	0.56111	0.56062	0.585958	0.555269	0.557548	0.586626	0.586686	0.587611
ERR606046-k20-n1-x5e9	0.448946	0.494563	0.515123	0.480956	0.4762	0.469481	0.47574	0.360083	0.453363	0.492837	0.49461	0.483249	0.392576	0.411168	0.425063	0.444993	0.443352	0.447261	0.302746	0.290189	0.295156	0.262027	0	0.257581	0.412644	0.487156	0.502644	0.500219	0.498311	0.500667	0.407918	0.497044	0.501566	0.424878	0.422813	0.419558	0.526974	0.504813	0.496556	0.488941	0.499596	0.494838	0.414254	0.487724	0.501233	0.483227	0.482209	0.481379	0.600455	0.589306	0.574131	0.587583	0.591106	0.587558	0.50697	0.516347	0.515581	0.482484	0.481367	0.482882	0.479389	0.490607	0.502524	0.505315	0.507578	0.492372	0.471251	0.480443	0.477567	0.457987	0.457908	0.459333	0.536722	0.5452	0.545183	0.496123	0.499055	0.495406	0.513489	0.528341	0.531747	0.491871	0.496727	0.498298	0.539688	0.551443	0.55127	0.554781	0.55527	0.55481	0.579058	0.548401	0.550745	0.579727	0.579746	0.580713
ERR606047-k20-n1-x5e9	0.451623	0.498624	0.519374	0.48532	0.480362	0.473414	0.481713	0.362648	0.459535	0.498904	0.500647	0.489519	0.394115	0.415105	0.42917	0.450185	0.448569	0.452495	0.301758	0.293976	0.299081	0.261449	0.257581	0	0.41761	0.493622	0.508939	0.506801	0.504888	0.507265	0.412684	0.503021	0.507552	0.430008	0.428285	0.424764	0.533502	0.511437	0.503174	0.495615	0.506533	0.501592	0.420007	0.494251	0.507516	0.48976	0.488829	0.487884	0.606181	0.59519	0.580018	0.593426	0.596864	0.59342	0.51228	0.521686	0.520822	0.485923	0.48495	0.486494	0.482415	0.494421	0.506975	0.509631	0.511937	0.496348	0.475654	0.484955	0.482467	0.460334	0.460235	0.461506	0.542602	0.5512	0.551161	0.501429	0.504603	0.500759	0.51913	0.534278	0.537631	0.496827	0.501686	0.503343	0.545126	0.557148	0.557047	0.560473	0.560962	0.560537	0.585041	0.554288	0.556696	0.585587	0.585589	0.586557
ERR609003-k20-n1-x5e9	0.388651	0.419018	0.433902	0.399977	0.396983	0.395542	0.399619	0.367704	0.376751	0.413694	0.413899	0.401391	0.341308	0.32614	0.33162	0.335434	0.334804	0.334766	0.43892	0.377499	0.378076	0.418614	0.412644	0.41761	0	0.321447	0.340127	0.336891	0.334958	0.336609	0.364052	0.416901	0.420424	0.378924	0.378693	0.378705	0.422087	0.404787	0.397659	0.395628	0.396491	0.394403	0.31009	0.366462	0.38034	0.364711	0.363797	0.362502	0.531896	0.523724	0.51268	0.522627	0.52464	0.522261	0.458293	0.464519	0.461503	0.469246	0.468515	0.467866	0.457897	0.452421	0.456749	0.459779	0.458716	0.454188	0.431018	0.437082	0.432043	0.45714	0.456772	0.456434	0.46223	0.469215	0.466582	0.457362	0.45784	0.45715	0.436699	0.449045	0.446463	0.431269	0.435555	0.436418	0.490939	0.492577	0.490124	0.49085	0.491324	0.491021	0.497557	0.475351	0.478752	0.499119	0.498981	0.500165
ERR609004-k20-n1-x5e9	0.406609	0.38549	0.382201	0.374938	0.375955	0.381939	0.336699	0.41707	0.332054	0.340545	0.340024	0.335256	0.43449	0.360104	0.344756	0.322808	0.324623	0.319206	0.527993	0.418413	0.413585	0.495553	0.487156	0.493622	0.321447	0	0.24665	0.246939	0.247111	0.24721	0.390846	0.352839	0.353792	0.366754	0.367056	0.368666	0.345785	0.34043	0.338725	0.337983	0.345183	0.344472	0.336575	0.296983	0.300312	0.297196	0.297093	0.297075	0.47459	0.471601	0.467994	0.470726	0.471574	0.470271	0.455909	0.448495	0.449214	0.494304	0.492613	0.490383	0.503979	0.465438	0.453339	0.453806	0.451537	0.467237	0.446224	0.437499	0.437508	0.495562	0.494939	0.492464	0.417728	0.417936	0.416419	0.443002	0.441085	0.443319	0.419931	0.415724	0.415486	0.434862	0.433175	0.432632	0.473248	0.461832	0.462625	0.463756	0.463611	0.463881	0.435517	0.431098	0.431241	0.436959	0.436719	0.437446
ERR609005-k20-n1-x5e9	0.41558	0.385711	0.378971	0.377859	0.37952	0.386581	0.33554	0.430584	0.335756	0.336757	0.335916	0.333934	0.451785	0.372477	0.354792	0.330647	0.332802	0.326895	0.544465	0.431472	0.426112	0.511066	0.502644	0.508939	0.340127	0.24665	0	0.24521	0.245729	0.24565	0.403513	0.35099	0.351154	0.374164	0.374911	0.376717	0.342401	0.340372	0.339831	0.33923	0.348615	0.348139	0.351835	0.297557	0.297435	0.297912	0.298076	0.298571	0.471895	0.47045	0.46827	0.469079	0.469961	0.468764	0.46344	0.453619	0.455271	0.503305	0.501734	0.499119	0.516226	0.473902	0.459927	0.459884	0.457418	0.475962	0.455615	0.444542	0.445866	0.505832	0.505104	0.50242	0.417878	0.416346	0.415396	0.448451	0.44633	0.449012	0.4253	0.417925	0.418584	0.442518	0.439482	0.438714	0.478296	0.464146	0.466	0.467108	0.466943	0.467135	0.431847	0.431832	0.430865	0.433062	0.432728	0.433251
ERR609006-k20-n1-x5e9	0.415232	0.387726	0.381608	0.378483	0.379785	0.386814	0.335847	0.429259	0.334631	0.337733	0.33694	0.333459	0.449219	0.371997	0.355223	0.330482	0.33232	0.326261	0.541795	0.430105	0.425117	0.508931	0.500219	0.506801	0.336891	0.246939	0.24521	0	0.2439	0.243832	0.400768	0.351243	0.351492	0.372757	0.3726	0.374538	0.341627	0.338945	0.338522	0.338443	0.345198	0.344633	0.348596	0.297373	0.298333	0.29732	0.29755	0.297998	0.471285	0.469194	0.467263	0.468444	0.469106	0.468088	0.462003	0.453059	0.453915	0.502881	0.50128	0.498883	0.514141	0.473014	0.459349	0.459593	0.457074	0.474729	0.454451	0.444091	0.444566	0.505428	0.504815	0.502013	0.418283	0.417245	0.415927	0.448104	0.44591	0.448521	0.424689	0.418149	0.418031	0.441698	0.439599	0.438828	0.47711	0.463767	0.465053	0.466218	0.465919	0.466195	0.432033	0.431042	0.430694	0.433366	0.433092	0.433677
ERR609007-k20-n1-x5e9	0.414414	0.387884	0.382208	0.378313	0.379307	0.38651	0.335923	0.427605	0.333998	0.337599	0.336859	0.333268	0.447529	0.37085	0.354322	0.329728	0.331664	0.325722	0.539988	0.42861	0.423695	0.507152	0.498311	0.504888	0.334958	0.247111	0.245729	0.2439	0	0.244189	0.399311	0.351393	0.351843	0.371767	0.371558	0.373696	0.342011	0.338552	0.338406	0.338345	0.344569	0.344096	0.347247	0.297593	0.299074	0.2977	0.297639	0.29813	0.471232	0.468984	0.466959	0.468395	0.468944	0.468033	0.461613	0.452733	0.453615	0.502149	0.500693	0.498147	0.512889	0.472105	0.458749	0.459261	0.456531	0.473892	0.453442	0.443362	0.443847	0.504521	0.503552	0.50098	0.41844	0.417617	0.416147	0.447953	0.445945	0.448451	0.424545	0.418036	0.417767	0.441155	0.439026	0.438379	0.477102	0.463741	0.464846	0.465907	0.465794	0.466062	0.432352	0.431049	0.430846	0.433566	0.43321	0.433923
ERR609008-k20-n1-x5e9	0.415768	0.38865	0.382515	0.378993	0.380219	0.387408	0.336764	0.429956	0.33491	0.338123	0.337496	0.333874	0.449408	0.372475	0.356038	0.331209	0.333107	0.32703	0.542033	0.43069	0.425873	0.509401	0.500667	0.507265	0.336609	0.24721	0.24565	0.243832	0.244189	0	0.400792	0.351534	0.351841	0.373144	0.372812	0.374761	0.341626	0.338678	0.338487	0.338704	0.344643	0.34419	0.34863	0.297575	0.298748	0.297704	0.297831	0.298109	0.470882	0.468742	0.466773	0.46831	0.468843	0.467849	0.462459	0.453793	0.454474	0.503697	0.50209	0.49969	0.514301	0.473385	0.459763	0.460322	0.457657	0.475065	0.454972	0.444858	0.445129	0.506374	0.505657	0.502824	0.419026	0.418094	0.416555	0.448941	0.446724	0.449339	0.4253	0.418745	0.418286	0.442318	0.440328	0.439479	0.477764	0.464494	0.46545	0.466556	0.466343	0.466652	0.432519	0.431458	0.431296	0.433645	0.43343	0.434111
ERR605964-k20-n1-x5e9	0.430483	0.449208	0.459174	0.431167	0.428268	0.429001	0.389716	0.383314	0.368364	0.402905	0.402566	0.390729	0.412555	0.390432	0.391344	0.390098	0.390267	0.388223	0.431499	0.360575	0.359223	0.415893	0.407918	0.412684	0.364052	0.390846	0.403513	0.400768	0.399311	0.400792	0	0.329394	0.334346	0.286095	0.285093	0.285316	0.403175	0.384608	0.377014	0.375983	0.374967	0.372322	0.343877	0.382351	0.395058	0.381244	0.379967	0.378823	0.501899	0.492491	0.479301	0.491242	0.4938	0.491205	0.458549	0.461903	0.458763	0.48243	0.480976	0.480018	0.47671	0.464669	0.464641	0.467231	0.465957	0.466166	0.440645	0.443832	0.438999	0.478538	0.478014	0.476673	0.453866	0.460931	0.458649	0.448476	0.448756	0.448261	0.435814	0.444031	0.441034	0.437874	0.441283	0.441509	0.476202	0.478197	0.475874	0.476647	0.476791	0.476356	0.483238	0.459373	0.462442	0.48427	0.484036	0.48533
ERR605965-k20-n1-x5e9	0.431823	0.403664	0.397183	0.396352	0.397009	0.40407	0.331533	0.429744	0.332218	0.332365	0.330953	0.329382	0.486391	0.416219	0.401794	0.381963	0.383913	0.379145	0.540423	0.424694	0.419146	0.506443	0.497044	0.503021	0.416901	0.352839	0.35099	0.351243	0.351393	0.351534	0.329394	0	0.249032	0.287593	0.287715	0.290404	0.33634	0.333451	0.333323	0.332282	0.341837	0.340206	0.387341	0.340961	0.341594	0.340961	0.340873	0.341445	0.453172	0.451202	0.448821	0.450196	0.451177	0.450132	0.474163	0.464137	0.46564	0.514285	0.512644	0.510397	0.526432	0.48523	0.470985	0.471064	0.468695	0.486846	0.464723	0.454124	0.455098	0.515734	0.514836	0.511992	0.427112	0.425261	0.424732	0.456957	0.454824	0.457428	0.434756	0.42663	0.42782	0.451264	0.449339	0.448287	0.483842	0.469507	0.471387	0.472902	0.472459	0.472614	0.431589	0.431874	0.430929	0.431906	0.431594	0.432318
ERR605966-k20-n1-x5e9	0.433979	0.404127	0.396529	0.396978	0.39794	0.405251	0.331588	0.43338	0.333447	0.331613	0.330506	0.329289	0.490389	0.419347	0.404283	0.383955	0.385874	0.381275	0.545185	0.429004	0.42333	0.510847	0.501566	0.507552	0.420424	0.353792	0.351154	0.351492	0.351843	0.351841	0.334346	0.249032	0	0.291304	0.291373	0.294064	0.335915	0.33382	0.334094	0.333084	0.342824	0.34126	0.390845	0.341349	0.341331	0.341597	0.341637	0.342133	0.452853	0.451282	0.449251	0.450168	0.451118	0.450263	0.476613	0.466283	0.467795	0.517289	0.515595	0.513192	0.529706	0.487993	0.473268	0.473207	0.47092	0.489514	0.467457	0.456477	0.457627	0.518849	0.517786	0.515063	0.427939	0.425612	0.425298	0.459415	0.45719	0.459712	0.436582	0.427825	0.429061	0.453658	0.451336	0.450442	0.485891	0.470903	0.473048	0.474468	0.47386	0.474156	0.43117	0.432855	0.431714	0.43157	0.431247	0.431751
ERR605967-k20-n1-x5e9	0.398714	0.398829	0.40477	0.386802	0.38495	0.387164	0.345434	0.371947	0.333497	0.355669	0.355655	0.347814	0.43108	0.379081	0.372928	0.365743	0.366306	0.364666	0.47265	0.365377	0.362085	0.433967	0.424878	0.430008	0.378924	0.366754	0.374164	0.372757	0.371767	0.373144	0.286095	0.287593	0.291304	0	0.257415	0.257848	0.372146	0.35822	0.353502	0.348664	0.358919	0.355479	0.3583	0.360573	0.368422	0.358195	0.357378	0.357084	0.481299	0.474942	0.466744	0.473591	0.475768	0.473599	0.460126	0.45687	0.457232	0.482805	0.481289	0.479862	0.489886	0.461812	0.4556	0.456432	0.455475	0.463264	0.439756	0.435585	0.434812	0.476947	0.475942	0.474027	0.440787	0.443295	0.442645	0.446259	0.445732	0.446168	0.428806	0.430354	0.432198	0.431729	0.432766	0.432612	0.481314	0.475683	0.476542	0.478883	0.478631	0.47862	0.461263	0.448066	0.448718	0.461882	0.461619	0.462368
ERR605968-k20-n1-x5e9	0.398747	0.399683	0.405744	0.387018	0.384982	0.38728	0.344382	0.371487	0.33127	0.354126	0.354042	0.345512	0.430896	0.380112	0.374313	0.36649	0.367172	0.365344	0.471501	0.364513	0.361314	0.432991	0.422813	0.428285	0.378693	0.367056	0.374911	0.3726	0.371558	0.372812	0.285093	0.287715	0.291373	0.257415	0	0.255106	0.37108	0.356407	0.352442	0.34763	0.355636	0.352223	0.357971	0.360861	0.369102	0.358516	0.357574	0.357346	0.480628	0.47393	0.465953	0.473032	0.475073	0.472976	0.460655	0.457958	0.457643	0.484359	0.482997	0.481571	0.490083	0.462513	0.456204	0.457355	0.456215	0.463819	0.440403	0.43638	0.435196	0.478291	0.477426	0.475381	0.442064	0.444732	0.443838	0.447635	0.446969	0.447327	0.429915	0.431523	0.432893	0.43319	0.434623	0.434296	0.482101	0.476675	0.477118	0.479652	0.479492	0.479525	0.461567	0.448109	0.449244	0.46211	0.461926	0.46287
ERR605969-k20-n1-x5e9	0.396141	0.397993	0.404287	0.38541	0.38353	0.38549	0.345119	0.368125	0.332018	0.355195	0.355188	0.346791	0.428711	0.378229	0.372869	0.365768	0.36646	0.364946	0.469041	0.3619	0.359113	0.429595	0.419558	0.424764	0.378705	0.368666	0.376717	0.374538	0.373696	0.374761	0.285316	0.290404	0.294064	0.257848	0.255106	0	0.373941	0.359282	0.355001	0.349768	0.359034	0.355583	0.358692	0.363471	0.371481	0.360851	0.359886	0.359784	0.483471	0.476875	0.468672	0.47585	0.477887	0.475801	0.461552	0.458968	0.458995	0.483554	0.481989	0.48061	0.489403	0.462209	0.456267	0.457438	0.456462	0.463507	0.440036	0.436151	0.435038	0.476385	0.475403	0.473403	0.444391	0.447021	0.446232	0.448711	0.448309	0.448414	0.431106	0.432865	0.434728	0.433159	0.434707	0.434213	0.483952	0.478871	0.479458	0.482008	0.481875	0.481793	0.464331	0.450679	0.451815	0.464754	0.464614	0.465419
ERR605605-k20-n1-x5e9	0.465347	0.435041	0.426059	0.427306	0.428644	0.436629	0.33918	0.453152	0.342431	0.337767	0.33644	0.334798	0.504081	0.434846	0.419221	0.395572	0.397494	0.39166	0.567168	0.456376	0.451038	0.536102	0.526974	0.533502	0.422087	0.345785	0.342401	0.341627	0.342011	0.341626	0.403175	0.33634	0.335915	0.372146	0.37108	0.373941	0	0.250497	0.25479	0.258132	0.263334	0.263147	0.394705	0.336452	0.334721	0.337563	0.337216	0.3374	0.430485	0.429685	0.430178	0.429697	0.42981	0.42954	0.482755	0.472683	0.472996	0.529971	0.528107	0.525636	0.539936	0.497782	0.48221	0.482917	0.480087	0.499153	0.477706	0.466913	0.467351	0.533648	0.532919	0.529788	0.42735	0.425461	0.424451	0.464158	0.461269	0.46471	0.429662	0.420048	0.418541	0.451296	0.449619	0.448769	0.483951	0.468022	0.469103	0.470529	0.470002	0.470327	0.430306	0.433003	0.432858	0.431479	0.431156	0.431821
ERR605606-k20-n1-x5e9	0.455336	0.432058	0.426421	0.422134	0.422777	0.429921	0.33513	0.434947	0.333466	0.33678	0.335875	0.331478	0.486235	0.42077	0.406726	0.385286	0.387065	0.381327	0.545051	0.435128	0.429859	0.514355	0.504813	0.511437	0.404787	0.34043	0.340372	0.338945	0.338552	0.338678	0.384608	0.333451	0.33382	0.35822	0.356407	0.359282	0.250497	0	0.249269	0.252195	0.255727	0.254815	0.376804	0.331217	0.332624	0.331585	0.331071	0.330951	0.4325	0.429193	0.427201	0.42949	0.430078	0.429354	0.470689	0.462345	0.461949	0.516573	0.514609	0.512301	0.525074	0.485838	0.471807	0.473016	0.470325	0.486993	0.464197	0.455293	0.454585	0.519602	0.518975	0.515844	0.422139	0.422143	0.420873	0.45133	0.448693	0.451614	0.420396	0.413516	0.411597	0.439829	0.43915	0.438531	0.472886	0.460181	0.460583	0.462304	0.461921	0.462153	0.432033	0.428574	0.429141	0.433261	0.432876	0.433838
ERR605607-k20-n1-x5e9	0.451824	0.431558	0.427266	0.421721	0.42197	0.428382	0.335647	0.428251	0.331975	0.3387	0.337673	0.332733	0.479033	0.414583	0.40105	0.381182	0.382899	0.377738	0.536006	0.426749	0.421635	0.506119	0.496556	0.503174	0.397659	0.338725	0.339831	0.338522	0.338406	0.338487	0.377014	0.333323	0.334094	0.353502	0.352442	0.355001	0.25479	0.249269	0	0.250739	0.25614	0.254894	0.369354	0.329404	0.331829	0.329649	0.329138	0.328995	0.434369	0.430651	0.426489	0.429893	0.430826	0.429768	0.46558	0.457857	0.457677	0.510279	0.508331	0.506023	0.518956	0.480554	0.467374	0.468561	0.465906	0.481996	0.458606	0.450206	0.44965	0.513282	0.512703	0.509614	0.419982	0.420733	0.419455	0.445994	0.443722	0.446236	0.415587	0.409865	0.407908	0.434104	0.433292	0.432623	0.46831	0.456929	0.457375	0.458774	0.458605	0.458766	0.432956	0.427119	0.427985	0.434171	0.43391	0.434841
ERR605608-k20-n1-x5e9	0.441946	0.421342	0.417557	0.412731	0.412927	0.419078	0.329513	0.418768	0.326767	0.332977	0.332087	0.32786	0.473886	0.4075	0.394046	0.375215	0.376916	0.372205	0.531901	0.419354	0.414265	0.49871	0.488941	0.495615	0.395628	0.337983	0.33923	0.338443	0.338345	0.338704	0.375983	0.332282	0.333084	0.348664	0.34763	0.349768	0.258132	0.252195	0.250739	0	0.260477	0.258239	0.369499	0.330865	0.333096	0.330294	0.329984	0.329872	0.437849	0.434108	0.430018	0.432964	0.434038	0.432648	0.464819	0.456882	0.457414	0.505807	0.503697	0.501593	0.516248	0.477151	0.464395	0.465109	0.462808	0.478677	0.455675	0.44668	0.44687	0.507047	0.506255	0.503345	0.421531	0.42186	0.421169	0.444746	0.44277	0.445139	0.414477	0.408717	0.408382	0.430661	0.429746	0.4291	0.470444	0.459107	0.460402	0.462078	0.461865	0.462092	0.435498	0.429762	0.430244	0.436528	0.436292	0.437061
ERR605609-k20-n1-x5e9	0.463797	0.448695	0.445373	0.435087	0.434827	0.441573	0.349668	0.437766	0.341788	0.353273	0.3518	0.344091	0.480947	0.423664	0.412259	0.391354	0.392807	0.386902	0.535394	0.434062	0.429312	0.509764	0.499596	0.506533	0.396491	0.345183	0.348615	0.345198	0.344569	0.344643	0.374967	0.341837	0.342824	0.358919	0.355636	0.359034	0.263334	0.255727	0.25614	0.260477	0	0.247953	0.368821	0.336082	0.340483	0.336662	0.336011	0.335209	0.436699	0.431865	0.427843	0.432418	0.432951	0.432084	0.469858	0.464065	0.461861	0.518638	0.516832	0.514497	0.52126	0.487137	0.474901	0.477029	0.473989	0.487837	0.464682	0.458349	0.455807	0.522751	0.522148	0.519231	0.42661	0.428552	0.426153	0.452911	0.450425	0.453062	0.421445	0.417284	0.412315	0.441404	0.442482	0.441757	0.471243	0.461123	0.459759	0.46081	0.460537	0.460469	0.438545	0.430601	0.43304	0.440138	0.439646	0.440836
ERR605610-k20-n1-x5e9	0.460112	0.44561	0.442635	0.432252	0.432058	0.438411	0.346545	0.432832	0.339058	0.350886	0.349348	0.341629	0.477831	0.420241	0.408933	0.388548	0.390002	0.384178	0.531441	0.428986	0.424237	0.505079	0.494838	0.501592	0.394403	0.344472	0.348139	0.344633	0.344096	0.34419	0.372322	0.340206	0.34126	0.355479	0.352223	0.355583	0.263147	0.254815	0.254894	0.258239	0.247953	0	0.366546	0.335166	0.339797	0.335386	0.334482	0.33391	0.436573	0.431396	0.42712	0.431864	0.432566	0.431618	0.467069	0.461399	0.459201	0.514693	0.512838	0.510522	0.517917	0.483807	0.471734	0.473658	0.470663	0.484572	0.46113	0.45479	0.452372	0.518551	0.517911	0.514947	0.424622	0.426824	0.424527	0.449482	0.447006	0.449531	0.418904	0.414849	0.410416	0.437877	0.439029	0.438514	0.468714	0.458903	0.457768	0.459092	0.458776	0.458743	0.437867	0.429153	0.43143	0.439284	0.438948	0.440054
ERR608713-k20-n1-x5e9	0.413236	0.432211	0.44242	0.414432	0.411712	0.412114	0.38391	0.383861	0.362373	0.396879	0.396687	0.384684	0.379433	0.347987	0.347128	0.34455	0.344792	0.34181	0.43967	0.362474	0.36055	0.421332	0.414254	0.420007	0.31009	0.336575	0.351835	0.348596	0.347247	0.34863	0.343877	0.387341	0.390845	0.3583	0.357971	0.358692	0.394705	0.376804	0.369354	0.369499	0.368821	0.366546	0	0.296284	0.311367	0.295288	0.293497	0.292066	0.511778	0.502932	0.490691	0.50167	0.503798	0.501145	0.44796	0.451711	0.448465	0.4739	0.472655	0.471519	0.47068	0.456499	0.4559	0.458645	0.457144	0.458262	0.431699	0.434512	0.42966	0.471503	0.471102	0.469827	0.439724	0.447535	0.44495	0.433207	0.433295	0.433005	0.427308	0.436324	0.43281	0.430516	0.43333	0.433697	0.4656	0.468483	0.466058	0.466822	0.467346	0.467047	0.479041	0.453799	0.45728	0.480586	0.480495	0.481754
