	ERR607212-k20-n1-x5e9	ERR607213-k20-n1-x5e9	ERR607214-k20-n1-x5e9	ERR607215-k20-n1-x5e9	ERR607216-k20-n1-x5e9	ERR607217-k20-n1-x5e9	ERR608317-k20-n1-x5e9	ERR608318-k20-n1-x5e9	ERR608319-k20-n1-x5e9	ERR608320-k20-n1-x5e9	ERR608321-k20-n1-x5e9	ERR608322-k20-n1-x5e9	ERR608269-k20-n1-x5e9	ERR608270-k20-n1-x5e9	ERR608271-k20-n1-x5e9	ERR608272-k20-n1-x5e9	ERR608273-k20-n1-x5e9	ERR608274-k20-n1-x5e9	ERR608245-k20-n1-x5e9	ERR608246-k20-n1-x5e9	ERR608247-k20-n1-x5e9	ERR608248-k20-n1-x5e9	ERR608249-k20-n1-x5e9	ERR608250-k20-n1-x5e9	ERR610181-k20-n1-x5e9	ERR610182-k20-n1-x5e9	ERR610183-k20-n1-x5e9	ERR610184-k20-n1-x5e9	ERR610185-k20-n1-x5e9	ERR610186-k20-n1-x5e9	ERR605970-k20-n1-x5e9	ERR605971-k20-n1-x5e9	ERR605972-k20-n1-x5e9	ERR605973-k20-n1-x5e9	ERR605974-k20-n1-x5e9	ERR605975-k20-n1-x5e9	ERR607403-k20-n1-x5e9	ERR607404-k20-n1-x5e9	ERR607405-k20-n1-x5e9	ERR607406-k20-n1-x5e9	ERR607407-k20-n1-x5e9	ERR607408-k20-n1-x5e9	ERR607200-k20-n1-x5e9	ERR607201-k20-n1-x5e9	ERR607202-k20-n1-x5e9	ERR607203-k20-n1-x5e9	ERR607204-k20-n1-x5e9	ERR607205-k20-n1-x5e9	ERR608549-k20-n1-x5e9	ERR608550-k20-n1-x5e9	ERR608551-k20-n1-x5e9	ERR608552-k20-n1-x5e9	ERR608553-k20-n1-x5e9	ERR608554-k20-n1-x5e9	ERR608395-k20-n1-x5e9	ERR608396-k20-n1-x5e9	ERR608397-k20-n1-x5e9	ERR608398-k20-n1-x5e9	ERR608399-k20-n1-x5e9	ERR608400-k20-n1-x5e9	ERR606654-k20-n1-x5e9	ERR606655-k20-n1-x5e9	ERR606656-k20-n1-x5e9	ERR606657-k20-n1-x5e9	ERR606658-k20-n1-x5e9	ERR606659-k20-n1-x5e9	ERR608603-k20-n1-x5e9	ERR608604-k20-n1-x5e9	ERR608605-k20-n1-x5e9	ERR608606-k20-n1-x5e9	ERR608607-k20-n1-x5e9	ERR608608-k20-n1-x5e9	ERR606678-k20-n1-x5e9	ERR606679-k20-n1-x5e9	ERR606680-k20-n1-x5e9	ERR606681-k20-n1-x5e9	ERR606682-k20-n1-x5e9	ERR606683-k20-n1-x5e9	ERR605635-k20-n1-x5e9	ERR605636-k20-n1-x5e9	ERR605637-k20-n1-x5e9	ERR605638-k20-n1-x5e9	ERR605639-k20-n1-x5e9	ERR605640-k20-n1-x5e9	ERR605701-k20-n1-x5e9	ERR605702-k20-n1-x5e9	ERR605703-k20-n1-x5e9	ERR605704-k20-n1-x5e9	ERR605705-k20-n1-x5e9	ERR605706-k20-n1-x5e9	ERR608099-k20-n1-x5e9	ERR608100-k20-n1-x5e9	ERR608101-k20-n1-x5e9	ERR608102-k20-n1-x5e9	ERR608103-k20-n1-x5e9	ERR608104-k20-n1-x5e9
ERR607212-k20-n1-x5e9	0	0.379961	0.307455	0.322541	0.316574	0.353178	0.456809	0.421604	0.418249	0.415574	0.401949	0.40695	0.366262	0.408281	0.422363	0.443004	0.441947	0.445627	0.416447	0.431105	0.442941	0.413468	0.413349	0.413689	0.376636	0.406333	0.352473	0.378959	0.37573	0.379979	0.355435	0.408484	0.411112	0.376727	0.37506	0.375719	0.407397	0.40511	0.417335	0.411509	0.411192	0.408609	0.344366	0.318212	0.392592	0.311661	0.313749	0.443603	0.480869	0.468003	0.465091	0.468078	0.467907	0.468429	0.478441	0.482984	0.490406	0.493496	0.493793	0.484276	0.533965	0.513077	0.507919	0.481916	0.499831	0.493251	0.458977	0.472336	0.469287	0.420587	0.421571	0.419402	0.515096	0.520769	0.513151	0.505009	0.529695	0.525842	0.498571	0.484271	0.480368	0.479299	0.477419	0.4762	0.509127	0.491617	0.488285	0.482295	0.487722	0.484613	0.514626	0.527026	0.525534	0.503367	0.507732	0.508496
ERR607213-k20-n1-x5e9	0.379961	0	0.41693	0.279664	0.287324	0.490588	0.552519	0.397384	0.435635	0.391274	0.41165	0.402093	0.407109	0.363809	0.359418	0.355271	0.355602	0.355911	0.474735	0.416445	0.399844	0.429626	0.430612	0.443976	0.353936	0.543954	0.388278	0.339955	0.34164	0.339736	0.449074	0.357494	0.35573	0.412081	0.410765	0.414845	0.49233	0.480976	0.501108	0.371285	0.373359	0.375286	0.498984	0.351978	0.53953	0.416792	0.425434	0.588249	0.557425	0.511697	0.493061	0.499081	0.500821	0.512513	0.524137	0.484573	0.471934	0.472213	0.470442	0.486089	0.613766	0.465668	0.466352	0.518906	0.478935	0.485953	0.358255	0.360803	0.359986	0.385189	0.381322	0.385331	0.585067	0.460365	0.461041	0.468633	0.46672	0.466248	0.42095	0.422218	0.423427	0.422299	0.435034	0.433542	0.424316	0.420401	0.421471	0.417178	0.432405	0.429757	0.46488	0.462035	0.463739	0.470213	0.46991	0.469167
ERR607214-k20-n1-x5e9	0.307455	0.41693	0	0.342505	0.334132	0.300129	0.407608	0.417688	0.394394	0.415237	0.393208	0.402279	0.400375	0.44151	0.456835	0.48295	0.482018	0.487155	0.385502	0.40703	0.424246	0.3911	0.390499	0.385466	0.388707	0.392291	0.35336	0.41144	0.406266	0.41156	0.365936	0.419712	0.422815	0.363989	0.363707	0.36171	0.375626	0.374022	0.379136	0.426666	0.424706	0.421327	0.36871	0.347145	0.360557	0.311355	0.310945	0.409152	0.491955	0.476377	0.477357	0.476026	0.47639	0.477861	0.4978	0.501069	0.51089	0.512639	0.515009	0.503495	0.591358	0.561266	0.556439	0.525776	0.552231	0.545526	0.490591	0.5034	0.503338	0.424346	0.427718	0.422944	0.580704	0.570442	0.564226	0.560069	0.581218	0.578108	0.543552	0.532545	0.529708	0.525977	0.535098	0.532837	0.557557	0.543027	0.540921	0.532477	0.547299	0.543275	0.554108	0.564522	0.567679	0.535328	0.538247	0.538735
ERR607215-k20-n1-x5e9	0.322541	0.279664	0.342505	0	0.25154	0.413975	0.492379	0.373966	0.394605	0.368278	0.375053	0.371142	0.375066	0.362001	0.366671	0.377957	0.377554	0.380779	0.420641	0.383235	0.378469	0.38716	0.387829	0.396738	0.329357	0.481389	0.341825	0.330072	0.328983	0.330034	0.39569	0.345269	0.345831	0.362994	0.361331	0.363774	0.434822	0.425373	0.443124	0.360463	0.361139	0.361058	0.439365	0.310859	0.470222	0.352889	0.360005	0.521642	0.520499	0.480924	0.46769	0.471515	0.472985	0.481769	0.497197	0.470029	0.46503	0.465928	0.465544	0.471483	0.593297	0.483322	0.481053	0.501096	0.486511	0.487679	0.384079	0.392571	0.392048	0.369178	0.367832	0.368612	0.569425	0.485197	0.482221	0.484665	0.493956	0.492147	0.449949	0.445026	0.444648	0.442078	0.453806	0.45176	0.459005	0.449323	0.449188	0.442501	0.458101	0.454616	0.480308	0.483804	0.48624	0.473971	0.475394	0.475295
ERR607216-k20-n1-x5e9	0.316574	0.287324	0.334132	0.25154	0	0.405013	0.486129	0.373949	0.39206	0.36831	0.373075	0.370009	0.373269	0.364805	0.370852	0.383788	0.383384	0.386682	0.415704	0.381992	0.378963	0.384332	0.384815	0.392846	0.329638	0.474078	0.338873	0.332154	0.330707	0.332327	0.38978	0.346312	0.347449	0.358561	0.356836	0.358954	0.428759	0.419861	0.436891	0.361945	0.362834	0.362118	0.432025	0.308163	0.461859	0.34618	0.352964	0.513479	0.51699	0.478953	0.46616	0.469797	0.471278	0.479634	0.495037	0.470012	0.466037	0.466943	0.466956	0.471284	0.590869	0.486506	0.48398	0.499975	0.488417	0.488877	0.39009	0.39915	0.398314	0.370276	0.369441	0.369752	0.567851	0.489425	0.486004	0.487856	0.498332	0.496337	0.454991	0.449295	0.44879	0.446114	0.457228	0.455256	0.464423	0.454076	0.453835	0.446999	0.462297	0.458845	0.483611	0.487905	0.49032	0.476224	0.477962	0.477811
ERR607217-k20-n1-x5e9	0.353178	0.490588	0.300129	0.413975	0.405013	0	0.398566	0.472171	0.438491	0.470082	0.442	0.454019	0.448745	0.502777	0.519311	0.546161	0.545073	0.550302	0.409396	0.454808	0.477233	0.433704	0.432528	0.42291	0.451396	0.372666	0.40719	0.47616	0.470411	0.47633	0.39554	0.479883	0.483299	0.409343	0.408676	0.405631	0.387296	0.391593	0.387709	0.48519	0.482703	0.478757	0.37253	0.40754	0.335897	0.348057	0.344154	0.368558	0.507251	0.506729	0.513462	0.510589	0.510141	0.507381	0.527241	0.542467	0.556566	0.558347	0.561083	0.544159	0.611878	0.611579	0.605985	0.561714	0.598929	0.590225	0.553486	0.566553	0.566352	0.480443	0.484465	0.478801	0.605768	0.621167	0.614258	0.608195	0.63141	0.628174	0.598154	0.585942	0.582799	0.579028	0.585638	0.58357	0.612402	0.597367	0.594903	0.586788	0.599089	0.595443	0.603727	0.615697	0.618316	0.582932	0.586505	0.587043
ERR608317-k20-n1-x5e9	0.456809	0.552519	0.407608	0.492379	0.486129	0.398566	0	0.407658	0.361075	0.409332	0.377029	0.390893	0.441441	0.491164	0.506594	0.535006	0.534006	0.539354	0.368288	0.418202	0.443666	0.400572	0.399121	0.387188	0.464259	0.402837	0.425065	0.492587	0.487355	0.492794	0.44599	0.509553	0.512221	0.448667	0.451457	0.447776	0.360501	0.362975	0.356196	0.471696	0.468436	0.464019	0.457423	0.471933	0.417859	0.424756	0.422918	0.44419	0.521505	0.516027	0.522488	0.517395	0.517553	0.518207	0.538795	0.548325	0.562327	0.562763	0.56604	0.551783	0.674858	0.653206	0.649693	0.621974	0.648576	0.643241	0.546961	0.55915	0.560542	0.466166	0.471441	0.465041	0.666472	0.659618	0.655659	0.654155	0.669723	0.667185	0.629899	0.622223	0.619075	0.615608	0.627348	0.625437	0.648813	0.638029	0.63571	0.628299	0.644018	0.640673	0.606961	0.616232	0.620934	0.586655	0.587704	0.588256
ERR608318-k20-n1-x5e9	0.421604	0.397384	0.417688	0.373966	0.373949	0.472171	0.407658	0	0.277698	0.260722	0.27002	0.264186	0.363908	0.34632	0.350535	0.366719	0.366001	0.370029	0.372612	0.326884	0.323837	0.338017	0.338982	0.346795	0.348487	0.48971	0.358981	0.361342	0.359548	0.361106	0.430628	0.384955	0.385015	0.393556	0.395353	0.39576	0.401527	0.390063	0.407359	0.334862	0.334154	0.333454	0.48909	0.38612	0.50346	0.409303	0.414882	0.550811	0.526084	0.484819	0.474124	0.474792	0.476198	0.486515	0.503779	0.475522	0.473135	0.471673	0.472967	0.478716	0.645585	0.543902	0.543376	0.56309	0.551666	0.55388	0.379953	0.387892	0.390076	0.344345	0.345472	0.344658	0.624812	0.541946	0.541516	0.547012	0.550234	0.54906	0.500501	0.500318	0.499712	0.497108	0.513179	0.511246	0.518305	0.513021	0.512832	0.506557	0.525314	0.521917	0.491705	0.491756	0.497714	0.484142	0.482095	0.481636
ERR608319-k20-n1-x5e9	0.418249	0.435635	0.394394	0.394605	0.39206	0.438491	0.361075	0.277698	0	0.280538	0.271321	0.273653	0.371729	0.377135	0.38593	0.409088	0.408377	0.413282	0.34756	0.326881	0.334843	0.330021	0.330502	0.331877	0.364519	0.458797	0.356942	0.387656	0.384156	0.38753	0.420155	0.407628	0.408739	0.3897	0.392259	0.391168	0.370868	0.361276	0.374139	0.359342	0.357155	0.354713	0.471724	0.396896	0.471018	0.397005	0.400746	0.516654	0.515507	0.481671	0.476443	0.474052	0.47566	0.483808	0.50419	0.486361	0.489876	0.48859	0.490879	0.490137	0.65111	0.573209	0.571572	0.574716	0.577282	0.576756	0.421127	0.430721	0.433698	0.361093	0.364563	0.360686	0.634757	0.574508	0.573022	0.576494	0.58389	0.582194	0.535307	0.533086	0.531476	0.528162	0.544695	0.542638	0.553948	0.547072	0.545984	0.53906	0.558631	0.55497	0.52043	0.523039	0.529627	0.507431	0.505638	0.505496
ERR608320-k20-n1-x5e9	0.415574	0.391274	0.415237	0.368278	0.36831	0.470082	0.409332	0.260722	0.280538	0	0.267111	0.261225	0.357219	0.341334	0.346152	0.361404	0.360672	0.364865	0.370156	0.325499	0.32302	0.335768	0.336883	0.345269	0.344717	0.485752	0.355147	0.355518	0.353684	0.35492	0.425695	0.380435	0.380761	0.38967	0.390467	0.391388	0.399324	0.387885	0.405701	0.329662	0.329155	0.328272	0.483876	0.379979	0.501081	0.404089	0.410136	0.54825	0.521144	0.480462	0.469341	0.470604	0.471911	0.481959	0.498484	0.470723	0.468321	0.467039	0.467767	0.473543	0.639544	0.536962	0.536319	0.556497	0.544412	0.54661	0.374984	0.383379	0.385117	0.34094	0.341664	0.340937	0.617672	0.534754	0.534152	0.53936	0.542675	0.541444	0.493674	0.493018	0.492459	0.489936	0.504643	0.502958	0.51146	0.506023	0.505626	0.499473	0.517161	0.513856	0.486085	0.486764	0.491969	0.478487	0.477476	0.47705
ERR608321-k20-n1-x5e9	0.401949	0.41165	0.393208	0.375053	0.373075	0.442	0.377029	0.27002	0.271321	0.267111	0	0.262754	0.35099	0.355589	0.36461	0.385059	0.383969	0.38878	0.347856	0.322975	0.328952	0.325488	0.325938	0.330141	0.351438	0.458099	0.347904	0.3669	0.363934	0.36664	0.410474	0.39153	0.392877	0.381443	0.382722	0.382663	0.373803	0.364301	0.379376	0.34051	0.339092	0.337052	0.461424	0.377346	0.472801	0.38663	0.391169	0.519829	0.506956	0.472264	0.465329	0.46497	0.465985	0.473904	0.491333	0.472623	0.474513	0.473855	0.47525	0.475228	0.6338	0.550185	0.548647	0.556352	0.554092	0.554196	0.399826	0.410249	0.411506	0.349254	0.351442	0.348872	0.614698	0.550282	0.548465	0.551678	0.558813	0.557048	0.511209	0.508179	0.506973	0.504431	0.517743	0.515927	0.529956	0.522451	0.521592	0.515064	0.531861	0.528445	0.500839	0.504274	0.508861	0.489689	0.489526	0.489498
ERR608322-k20-n1-x5e9	0.40695	0.402093	0.402279	0.371142	0.370009	0.454019	0.390893	0.264186	0.273653	0.261225	0.262754	0	0.352441	0.347885	0.35561	0.373959	0.373114	0.377631	0.356833	0.323375	0.325571	0.329345	0.329973	0.336013	0.347383	0.469883	0.349773	0.360521	0.35832	0.360507	0.415755	0.385202	0.386041	0.383637	0.384738	0.385135	0.384362	0.373777	0.390362	0.334298	0.333315	0.331766	0.470697	0.377216	0.484949	0.393502	0.398681	0.532074	0.511927	0.474366	0.465426	0.465915	0.467108	0.475714	0.49307	0.470173	0.470315	0.469526	0.470638	0.47296	0.634701	0.543059	0.541891	0.554886	0.548479	0.549338	0.388068	0.39768	0.399107	0.344172	0.345574	0.34384	0.614774	0.542555	0.541163	0.5451	0.550804	0.549242	0.502537	0.500484	0.499429	0.496892	0.510905	0.509087	0.520998	0.514138	0.513566	0.507117	0.524311	0.521009	0.493164	0.495537	0.500291	0.483383	0.482754	0.482663
ERR608269-k20-n1-x5e9	0.366262	0.407109	0.400375	0.375066	0.373269	0.448745	0.441441	0.363908	0.371729	0.357219	0.35099	0.352441	0	0.278655	0.294531	0.320098	0.318551	0.32375	0.40621	0.401002	0.408443	0.393105	0.393078	0.397786	0.353884	0.440077	0.346155	0.350468	0.349134	0.351753	0.405836	0.415584	0.417139	0.407634	0.408071	0.40961	0.394895	0.389173	0.406364	0.355521	0.355973	0.353904	0.402939	0.332934	0.45045	0.352693	0.357069	0.502613	0.47622	0.449535	0.441624	0.446225	0.446549	0.451263	0.461273	0.452741	0.45564	0.457829	0.457783	0.454431	0.553268	0.495951	0.492388	0.490493	0.489607	0.4869	0.4038	0.416952	0.4135	0.374944	0.374625	0.374485	0.527949	0.50229	0.495743	0.490769	0.513003	0.50898	0.47317	0.459655	0.454854	0.452488	0.457832	0.456027	0.497928	0.481343	0.478079	0.470616	0.482537	0.478811	0.461227	0.47399	0.473303	0.450629	0.45436	0.455066
ERR608270-k20-n1-x5e9	0.408281	0.363809	0.44151	0.362001	0.364805	0.502777	0.491164	0.34632	0.377135	0.341334	0.355589	0.347885	0.278655	0	0.240145	0.252985	0.252287	0.256066	0.43904	0.394468	0.387094	0.402255	0.403016	0.414104	0.338974	0.504138	0.360534	0.329342	0.330285	0.330011	0.44848	0.394503	0.394175	0.424614	0.42539	0.428521	0.441392	0.430931	0.451293	0.335198	0.336825	0.337065	0.469581	0.347367	0.514241	0.399136	0.406394	0.565476	0.518788	0.476158	0.460187	0.465783	0.466888	0.478093	0.489748	0.457939	0.450287	0.45065	0.449607	0.460326	0.588895	0.477878	0.47692	0.508804	0.482815	0.486109	0.351205	0.359291	0.357468	0.355486	0.352934	0.355981	0.5597	0.477947	0.47486	0.476595	0.487842	0.485162	0.440349	0.433651	0.430754	0.428103	0.441195	0.439156	0.463635	0.452628	0.450994	0.443782	0.461377	0.457786	0.436598	0.440915	0.442714	0.435043	0.435125	0.434898
ERR608271-k20-n1-x5e9	0.422363	0.359418	0.456835	0.366671	0.370852	0.519311	0.506594	0.350535	0.38593	0.346152	0.36461	0.35561	0.294531	0.240145	0	0.243312	0.243086	0.246198	0.452911	0.401197	0.389959	0.412133	0.413164	0.425318	0.343814	0.521599	0.371929	0.332433	0.334004	0.332963	0.462496	0.396747	0.395645	0.435563	0.436523	0.439894	0.45668	0.445453	0.466669	0.3386	0.34043	0.341456	0.487037	0.358638	0.531774	0.415501	0.423276	0.582352	0.53096	0.485971	0.468539	0.474478	0.47573	0.487915	0.499727	0.463736	0.453673	0.45375	0.452255	0.466079	0.597749	0.476312	0.476204	0.515836	0.484424	0.488891	0.344048	0.350099	0.348904	0.359008	0.355784	0.359578	0.56791	0.474604	0.472588	0.476187	0.484143	0.482005	0.435466	0.430656	0.428023	0.425584	0.440217	0.438214	0.457931	0.448745	0.447294	0.440517	0.459131	0.455529	0.433894	0.435936	0.438197	0.435638	0.434527	0.434143
ERR608272-k20-n1-x5e9	0.443004	0.355271	0.48295	0.377957	0.383788	0.546161	0.535006	0.366719	0.409088	0.361404	0.385059	0.373959	0.320098	0.252985	0.243312	0	0.233557	0.233821	0.474907	0.41634	0.400864	0.430215	0.431322	0.444988	0.360614	0.547827	0.395433	0.342765	0.34523	0.343008	0.483859	0.405281	0.403758	0.455008	0.455562	0.4595	0.482367	0.47083	0.492565	0.347311	0.34969	0.351733	0.512694	0.379357	0.560329	0.442346	0.450508	0.609062	0.549047	0.503251	0.484308	0.490868	0.492243	0.504639	0.514356	0.474904	0.462119	0.46205	0.459827	0.476884	0.608403	0.472658	0.473802	0.525702	0.484594	0.49141	0.337922	0.341314	0.339236	0.371184	0.366784	0.371946	0.57691	0.466412	0.466135	0.471623	0.473739	0.472131	0.425694	0.423577	0.422276	0.42091	0.433883	0.432203	0.446061	0.439395	0.439063	0.433772	0.449919	0.447006	0.433355	0.431856	0.43283	0.441642	0.440245	0.43981
ERR608273-k20-n1-x5e9	0.441947	0.355602	0.482018	0.377554	0.383384	0.545073	0.534006	0.366001	0.408377	0.360672	0.383969	0.373114	0.318551	0.252287	0.243086	0.233557	0	0.234157	0.473886	0.415809	0.400603	0.429455	0.430545	0.444347	0.359743	0.546554	0.394367	0.342115	0.344577	0.342429	0.482741	0.404817	0.403276	0.45412	0.454612	0.458459	0.481428	0.470107	0.491781	0.347099	0.349373	0.351449	0.511259	0.378083	0.558846	0.441063	0.449238	0.60789	0.548142	0.502405	0.483655	0.490314	0.491425	0.503762	0.513609	0.474385	0.461931	0.461721	0.459618	0.476389	0.607754	0.472782	0.473834	0.525279	0.484499	0.491373	0.338007	0.341625	0.339415	0.370518	0.366426	0.371488	0.576326	0.466632	0.466306	0.471624	0.474014	0.472475	0.425844	0.423573	0.422327	0.421001	0.433656	0.432085	0.446398	0.43971	0.439123	0.433693	0.449909	0.446871	0.433134	0.431956	0.432656	0.441146	0.439909	0.439388
ERR608274-k20-n1-x5e9	0.445627	0.355911	0.487155	0.380779	0.386682	0.550302	0.539354	0.370029	0.413282	0.364865	0.38878	0.377631	0.32375	0.256066	0.246198	0.233821	0.234157	0	0.478157	0.419491	0.403485	0.432935	0.434024	0.448043	0.364519	0.551501	0.399779	0.345614	0.348368	0.345894	0.486714	0.407466	0.405788	0.458354	0.458907	0.462755	0.486345	0.474846	0.496665	0.349232	0.351652	0.353905	0.515826	0.382501	0.564202	0.446409	0.454512	0.612871	0.552116	0.506554	0.487465	0.494324	0.495548	0.507862	0.517226	0.477749	0.464552	0.464752	0.462332	0.479657	0.609976	0.473434	0.474848	0.528119	0.485717	0.492896	0.338517	0.341403	0.339141	0.374766	0.370327	0.375404	0.578025	0.466135	0.466114	0.471702	0.472698	0.471277	0.42483	0.423008	0.422305	0.42131	0.433216	0.431653	0.444704	0.438352	0.438242	0.433558	0.448665	0.445875	0.435026	0.433009	0.433577	0.444315	0.44306	0.442466
ERR608245-k20-n1-x5e9	0.416447	0.474735	0.385502	0.420641	0.415704	0.409396	0.368288	0.372612	0.34756	0.370156	0.347856	0.356833	0.40621	0.43904	0.452911	0.474907	0.473886	0.478157	0	0.303245	0.32845	0.286865	0.284777	0.27885	0.421082	0.441139	0.397378	0.442418	0.437646	0.442359	0.419025	0.445221	0.448107	0.401852	0.401797	0.400628	0.342293	0.339514	0.345032	0.393089	0.39042	0.386937	0.465096	0.422633	0.453395	0.402304	0.403858	0.489962	0.521208	0.50288	0.502836	0.500562	0.500864	0.503866	0.519919	0.517898	0.526139	0.527328	0.529228	0.520004	0.675733	0.613922	0.611566	0.605752	0.614396	0.612601	0.477351	0.489444	0.49029	0.406082	0.410121	0.404715	0.659221	0.613397	0.610922	0.612659	0.620007	0.618262	0.576507	0.572462	0.572157	0.570433	0.577774	0.576535	0.59259	0.584548	0.584512	0.578933	0.590405	0.58757	0.572451	0.57808	0.581473	0.557959	0.559832	0.559971
ERR608246-k20-n1-x5e9	0.431105	0.416445	0.40703	0.383235	0.381992	0.454808	0.418202	0.326884	0.326881	0.325499	0.322975	0.323375	0.401002	0.394468	0.401197	0.41634	0.415809	0.419491	0.303245	0	0.262915	0.269041	0.26953	0.276852	0.385337	0.493683	0.385933	0.404101	0.400793	0.403516	0.436007	0.400956	0.402062	0.392998	0.393702	0.393748	0.381352	0.371581	0.385249	0.3459	0.344055	0.342454	0.503444	0.409349	0.500695	0.419452	0.423892	0.543263	0.537523	0.501389	0.49376	0.493034	0.493992	0.502558	0.520712	0.498201	0.498094	0.497592	0.499249	0.501093	0.68277	0.582371	0.58173	0.598293	0.590914	0.592798	0.414018	0.422777	0.425348	0.362491	0.365066	0.361853	0.663944	0.578189	0.578393	0.584922	0.584631	0.583835	0.534336	0.535777	0.536837	0.534819	0.548704	0.547217	0.549401	0.545974	0.547163	0.541702	0.558105	0.555091	0.535583	0.535421	0.541155	0.52565	0.525224	0.524615
ERR608247-k20-n1-x5e9	0.442941	0.399844	0.424246	0.378469	0.378963	0.477233	0.443666	0.323837	0.334843	0.32302	0.328952	0.325571	0.408443	0.387094	0.389959	0.400864	0.400603	0.403485	0.32845	0.262915	0	0.282561	0.283645	0.294655	0.382381	0.515944	0.392925	0.398174	0.39558	0.397299	0.449755	0.393493	0.393679	0.401135	0.401825	0.402568	0.40357	0.392409	0.408202	0.339666	0.338173	0.337947	0.520711	0.413147	0.522222	0.433374	0.438434	0.565344	0.549116	0.508092	0.497593	0.497549	0.498967	0.509163	0.527128	0.497552	0.494112	0.493025	0.494336	0.500497	0.687271	0.573189	0.573293	0.599129	0.58474	0.588302	0.396177	0.402586	0.406052	0.357951	0.35943	0.357799	0.667389	0.567343	0.568584	0.577104	0.573372	0.572965	0.521594	0.525269	0.526968	0.52506	0.540773	0.539171	0.535838	0.534388	0.536104	0.530943	0.548446	0.545573	0.526244	0.523469	0.529916	0.519253	0.517655	0.516839
ERR608248-k20-n1-x5e9	0.413468	0.429626	0.3911	0.38716	0.384332	0.433704	0.400572	0.338017	0.330021	0.335768	0.325488	0.329345	0.393105	0.402255	0.412133	0.430215	0.429455	0.432935	0.286865	0.269041	0.282561	0	0.261956	0.265318	0.392076	0.470084	0.382826	0.409739	0.406058	0.409366	0.42105	0.410129	0.411889	0.388662	0.388573	0.388417	0.36294	0.35531	0.367669	0.354405	0.352629	0.349996	0.478854	0.401946	0.47712	0.402692	0.4062	0.519461	0.523907	0.493935	0.488759	0.488107	0.488779	0.495181	0.511963	0.497313	0.500662	0.501108	0.502793	0.50009	0.669484	0.584809	0.583391	0.590452	0.589135	0.589395	0.430712	0.441334	0.442862	0.372824	0.375875	0.371639	0.650763	0.581833	0.580761	0.584554	0.587989	0.586628	0.541341	0.53977	0.540678	0.53912	0.548755	0.547334	0.557004	0.550997	0.551997	0.546859	0.559668	0.556899	0.542341	0.544777	0.54914	0.530817	0.531527	0.531225
ERR608249-k20-n1-x5e9	0.413349	0.430612	0.390499	0.387829	0.384815	0.432528	0.399121	0.338982	0.330502	0.336883	0.325938	0.329973	0.393078	0.403016	0.413164	0.431322	0.430545	0.434024	0.284777	0.26953	0.283645	0.261956	0	0.264775	0.392814	0.469086	0.38298	0.410467	0.40692	0.410286	0.421133	0.411224	0.413112	0.388702	0.388889	0.388603	0.361167	0.353863	0.36608	0.355255	0.353286	0.350789	0.47856	0.402399	0.47624	0.40249	0.405725	0.518172	0.523443	0.494037	0.488889	0.48802	0.488789	0.495131	0.511744	0.497656	0.500993	0.501669	0.503339	0.500295	0.669605	0.585046	0.58361	0.590469	0.589292	0.58945	0.432181	0.442678	0.444181	0.373384	0.376541	0.372654	0.651051	0.582224	0.581064	0.584822	0.588191	0.586858	0.541605	0.54016	0.540946	0.539485	0.548796	0.547544	0.557488	0.551377	0.552381	0.547171	0.56	0.55714	0.542874	0.545467	0.549584	0.531401	0.532244	0.531796
ERR608250-k20-n1-x5e9	0.413689	0.443976	0.385466	0.396738	0.392846	0.42291	0.387188	0.346795	0.331877	0.345269	0.330141	0.336013	0.397786	0.414104	0.425318	0.444988	0.444347	0.448043	0.27885	0.276852	0.294655	0.265318	0.264775	0	0.399793	0.460437	0.385296	0.419582	0.415533	0.419348	0.419417	0.420605	0.422648	0.390383	0.3905	0.39011	0.353476	0.347011	0.357546	0.366401	0.364097	0.361354	0.474139	0.407404	0.467257	0.40062	0.40331	0.508157	0.52219	0.495502	0.491803	0.49045	0.491055	0.49665	0.514061	0.503148	0.508262	0.508789	0.510666	0.505993	0.67212	0.594283	0.592706	0.595345	0.597507	0.596999	0.446175	0.457246	0.458761	0.381872	0.385698	0.380951	0.654442	0.592416	0.590793	0.59404	0.598763	0.597266	0.552718	0.550483	0.550987	0.54931	0.558558	0.557191	0.568795	0.562161	0.562837	0.557408	0.570315	0.567324	0.552488	0.55562	0.559892	0.539772	0.540615	0.540437
ERR610181-k20-n1-x5e9	0.376636	0.353936	0.388707	0.329357	0.329638	0.451396	0.464259	0.348487	0.364519	0.344717	0.351438	0.347383	0.353884	0.338974	0.343814	0.360614	0.359743	0.364519	0.421082	0.385337	0.382381	0.392076	0.392814	0.399793	0	0.437893	0.264682	0.254218	0.252282	0.253841	0.420607	0.375923	0.375579	0.389253	0.390725	0.392104	0.424087	0.41429	0.431494	0.355898	0.355845	0.355656	0.448097	0.330228	0.478025	0.367119	0.374629	0.530223	0.499233	0.455981	0.442504	0.445132	0.447264	0.458099	0.475586	0.445116	0.440743	0.440011	0.440522	0.447382	0.579002	0.474199	0.472096	0.488707	0.477446	0.477999	0.362879	0.371811	0.372166	0.339031	0.338211	0.339032	0.556277	0.481151	0.477702	0.479724	0.493371	0.49084	0.451706	0.446471	0.443871	0.43883	0.459092	0.456284	0.474913	0.464922	0.463447	0.454047	0.477722	0.47337	0.448862	0.452464	0.457555	0.441396	0.440401	0.44004
ERR610182-k20-n1-x5e9	0.406333	0.543954	0.392291	0.481389	0.474078	0.372666	0.402837	0.48971	0.458797	0.485752	0.458099	0.469883	0.440077	0.504138	0.521599	0.547827	0.546554	0.551501	0.441139	0.493683	0.515944	0.470084	0.469086	0.460437	0.437893	0	0.388447	0.456024	0.450756	0.456665	0.434946	0.526624	0.529718	0.465327	0.465422	0.463062	0.408521	0.416103	0.412029	0.504041	0.502136	0.498545	0.371564	0.440503	0.36262	0.387034	0.384854	0.384986	0.476735	0.489026	0.498916	0.497173	0.496483	0.490024	0.503647	0.529648	0.546773	0.54937	0.551547	0.531007	0.560255	0.599883	0.593597	0.537637	0.582048	0.571605	0.557733	0.571211	0.56966	0.491445	0.495194	0.490036	0.558237	0.614923	0.60623	0.596308	0.625271	0.621224	0.603595	0.588427	0.58409	0.58014	0.58358	0.581765	0.624964	0.607711	0.604478	0.596389	0.606199	0.602598	0.586186	0.601397	0.602137	0.56596	0.570665	0.571566
ERR610183-k20-n1-x5e9	0.352473	0.388278	0.35336	0.341825	0.338873	0.40719	0.425065	0.358981	0.356942	0.355147	0.347904	0.349773	0.346155	0.360534	0.371929	0.395433	0.394367	0.399779	0.397378	0.385933	0.392925	0.382826	0.38298	0.385296	0.264682	0.388447	0	0.28171	0.277688	0.281968	0.39617	0.392841	0.394581	0.377751	0.379591	0.379319	0.392855	0.385729	0.399387	0.371589	0.370827	0.369049	0.408385	0.326017	0.431869	0.336261	0.342168	0.484465	0.476386	0.44282	0.435035	0.436243	0.43791	0.444964	0.463705	0.447315	0.449951	0.450138	0.451561	0.449602	0.564744	0.495279	0.49152	0.484821	0.491518	0.48829	0.401453	0.413299	0.412935	0.354501	0.355499	0.353962	0.546556	0.505791	0.500389	0.4985	0.518479	0.515228	0.480542	0.471351	0.467986	0.463164	0.479242	0.47662	0.504458	0.491045	0.489003	0.479555	0.500224	0.495797	0.471651	0.480223	0.484179	0.458073	0.458957	0.459246
ERR610184-k20-n1-x5e9	0.378959	0.339955	0.41144	0.330072	0.332154	0.47616	0.492587	0.361342	0.387656	0.355518	0.3669	0.360521	0.350468	0.329342	0.332433	0.342765	0.342115	0.345614	0.442418	0.404101	0.398174	0.409739	0.410467	0.419582	0.254218	0.456024	0.28171	0	0.24243	0.241773	0.431467	0.379103	0.378648	0.405051	0.405868	0.408413	0.44648	0.436362	0.45539	0.356184	0.357421	0.35793	0.454181	0.329069	0.497781	0.379576	0.387895	0.54953	0.505283	0.46212	0.44638	0.451336	0.453302	0.463808	0.477052	0.444618	0.437763	0.437884	0.437149	0.446343	0.56713	0.45305	0.451694	0.478801	0.45693	0.459033	0.349886	0.358241	0.35654	0.346662	0.344457	0.346738	0.540421	0.45789	0.45447	0.455853	0.468715	0.466161	0.430181	0.424259	0.421727	0.417993	0.433794	0.43128	0.452801	0.442037	0.440684	0.432551	0.452303	0.448253	0.433494	0.437147	0.439404	0.431462	0.431804	0.431564
ERR610185-k20-n1-x5e9	0.37573	0.34164	0.406266	0.328983	0.330707	0.470411	0.487355	0.359548	0.384156	0.353684	0.363934	0.35832	0.349134	0.330285	0.334004	0.34523	0.344577	0.348368	0.437646	0.400793	0.39558	0.406058	0.40692	0.415533	0.252282	0.450756	0.277688	0.24243	0	0.242103	0.427843	0.378412	0.378344	0.401822	0.402778	0.405121	0.441622	0.431785	0.450388	0.355461	0.356509	0.356844	0.45059	0.327359	0.493031	0.375537	0.383836	0.544994	0.502511	0.45958	0.4446	0.449271	0.451205	0.461517	0.475289	0.443879	0.437549	0.437606	0.437046	0.445461	0.566421	0.455585	0.453923	0.47856	0.458897	0.460706	0.351919	0.360626	0.358886	0.345092	0.342925	0.345055	0.540628	0.460692	0.457098	0.458558	0.47168	0.469018	0.432482	0.426494	0.423885	0.420032	0.435879	0.433488	0.455383	0.444488	0.442995	0.434924	0.454808	0.450688	0.435285	0.439082	0.441519	0.432426	0.432442	0.432426
ERR610186-k20-n1-x5e9	0.379979	0.339736	0.41156	0.330034	0.332327	0.47633	0.492794	0.361106	0.38753	0.35492	0.36664	0.360507	0.351753	0.330011	0.332963	0.343008	0.342429	0.345894	0.442359	0.403516	0.397299	0.409366	0.410286	0.419348	0.253841	0.456665	0.281968	0.241773	0.242103	0	0.432093	0.37897	0.378766	0.405499	0.406358	0.4088	0.446494	0.436569	0.455409	0.356018	0.357063	0.357741	0.455686	0.330157	0.49863	0.380498	0.38875	0.550348	0.505619	0.462153	0.44659	0.451376	0.453292	0.463875	0.477373	0.44444	0.437577	0.437459	0.436765	0.446089	0.568174	0.453103	0.451817	0.479322	0.457283	0.4596	0.348886	0.357174	0.355453	0.345853	0.343421	0.346122	0.541687	0.458026	0.454616	0.456325	0.46887	0.466382	0.429863	0.424226	0.421714	0.417859	0.434002	0.43164	0.452363	0.441854	0.440553	0.432465	0.452387	0.448267	0.433135	0.436572	0.439003	0.431411	0.431257	0.431089
ERR605970-k20-n1-x5e9	0.355435	0.449074	0.365936	0.39569	0.38978	0.39554	0.44599	0.430628	0.420155	0.425695	0.410474	0.415755	0.405836	0.44848	0.462496	0.483859	0.482741	0.486714	0.419025	0.436007	0.449755	0.42105	0.421133	0.419417	0.420607	0.434946	0.39617	0.431467	0.427843	0.432093	0	0.346442	0.350286	0.297377	0.296448	0.297033	0.393366	0.390439	0.40106	0.416547	0.415187	0.412611	0.402617	0.386836	0.424013	0.368031	0.369489	0.467835	0.460166	0.446204	0.446235	0.446078	0.445954	0.446349	0.460401	0.465931	0.475796	0.478302	0.479116	0.467381	0.566495	0.534143	0.530014	0.506731	0.525421	0.520256	0.461126	0.474171	0.473029	0.405741	0.408524	0.405113	0.548216	0.539266	0.534066	0.528958	0.547498	0.544641	0.509389	0.498442	0.495155	0.494032	0.494936	0.493901	0.516272	0.501949	0.498961	0.493691	0.500467	0.49768	0.504502	0.517236	0.517733	0.487067	0.491638	0.49222
ERR605971-k20-n1-x5e9	0.408484	0.357494	0.419712	0.345269	0.346312	0.479883	0.509553	0.384955	0.407628	0.380435	0.39153	0.385202	0.415584	0.394503	0.396747	0.405281	0.404817	0.407466	0.445221	0.400956	0.393493	0.410129	0.411224	0.420605	0.375923	0.526624	0.392841	0.379103	0.378412	0.37897	0.346442	0	0.257069	0.300436	0.299793	0.303124	0.448313	0.436629	0.455079	0.361798	0.362399	0.362836	0.499543	0.382363	0.521627	0.418652	0.425298	0.568035	0.517039	0.471104	0.455728	0.458957	0.460483	0.471627	0.488817	0.453245	0.444893	0.444881	0.444295	0.454775	0.621303	0.488237	0.488199	0.522942	0.499086	0.503707	0.363399	0.370248	0.371459	0.350085	0.349249	0.350532	0.595806	0.484604	0.485053	0.492017	0.491438	0.490997	0.437864	0.438785	0.439446	0.437801	0.451763	0.450046	0.440924	0.4364	0.436732	0.431932	0.448208	0.445259	0.450472	0.451079	0.455475	0.444569	0.44452	0.443931
ERR605972-k20-n1-x5e9	0.411112	0.35573	0.422815	0.345831	0.347449	0.483299	0.512221	0.385015	0.408739	0.380761	0.392877	0.386041	0.417139	0.394175	0.395645	0.403758	0.403276	0.405788	0.448107	0.402062	0.393679	0.411889	0.413112	0.422648	0.375579	0.529718	0.394581	0.378648	0.378344	0.378766	0.350286	0.257069	0	0.303794	0.30325	0.306758	0.451681	0.43984	0.458286	0.362354	0.362719	0.36338	0.502719	0.38365	0.524986	0.421316	0.428211	0.571331	0.520642	0.474249	0.458875	0.461747	0.463323	0.474942	0.491694	0.455303	0.446516	0.446531	0.446005	0.456964	0.62345	0.48875	0.488838	0.525052	0.500223	0.505102	0.361566	0.368032	0.369579	0.350938	0.349938	0.35133	0.597859	0.484658	0.485426	0.492737	0.491613	0.491201	0.437742	0.43902	0.439859	0.438089	0.452301	0.450849	0.44049	0.436581	0.4369	0.432089	0.44875	0.445774	0.451071	0.451158	0.45568	0.445701	0.44561	0.444907
ERR605973-k20-n1-x5e9	0.376727	0.412081	0.363989	0.362994	0.358561	0.409343	0.448667	0.393556	0.3897	0.38967	0.381443	0.383637	0.407634	0.424614	0.435563	0.455008	0.45412	0.458354	0.401852	0.392998	0.401135	0.388662	0.388702	0.390383	0.389253	0.465327	0.377751	0.405051	0.401822	0.405499	0.297377	0.300436	0.303794	0	0.265662	0.266667	0.393223	0.385743	0.398588	0.384104	0.382755	0.380941	0.44689	0.377254	0.453073	0.375306	0.379293	0.498295	0.481481	0.44934	0.443244	0.443226	0.4439	0.449971	0.469864	0.455662	0.459043	0.460335	0.461408	0.457448	0.606524	0.524365	0.521468	0.519449	0.523511	0.521921	0.423309	0.434563	0.43562	0.367152	0.369541	0.366482	0.58742	0.527465	0.524488	0.524829	0.535369	0.5336	0.488435	0.482745	0.481828	0.478918	0.488725	0.486935	0.496559	0.486469	0.485644	0.478918	0.49273	0.489412	0.48906	0.496501	0.500564	0.472041	0.474636	0.474511
ERR605974-k20-n1-x5e9	0.37506	0.410765	0.363707	0.361331	0.356836	0.408676	0.451457	0.395353	0.392259	0.390467	0.382722	0.384738	0.408071	0.42539	0.436523	0.455562	0.454612	0.458907	0.401797	0.393702	0.401825	0.388573	0.388889	0.3905	0.390725	0.465422	0.379591	0.405868	0.402778	0.406358	0.296448	0.299793	0.30325	0.265662	0	0.263632	0.394741	0.387478	0.400074	0.384629	0.383492	0.381723	0.446219	0.376015	0.452961	0.374545	0.377953	0.498209	0.482265	0.450927	0.444759	0.444683	0.445534	0.450822	0.470438	0.456902	0.460257	0.461694	0.462569	0.458489	0.606515	0.52364	0.520724	0.518319	0.522328	0.520831	0.424114	0.435441	0.436258	0.369354	0.371661	0.368504	0.586906	0.526484	0.523382	0.523338	0.533945	0.532109	0.48831	0.482234	0.481721	0.47896	0.487173	0.485447	0.496338	0.48591	0.485383	0.478846	0.491402	0.487932	0.490355	0.497908	0.501756	0.473339	0.476249	0.476404
ERR605975-k20-n1-x5e9	0.375719	0.414845	0.36171	0.363774	0.358954	0.405631	0.447776	0.39576	0.391168	0.391388	0.382663	0.385135	0.40961	0.428521	0.439894	0.4595	0.458459	0.462755	0.400628	0.393748	0.402568	0.388417	0.388603	0.39011	0.392104	0.463062	0.379319	0.408413	0.405121	0.4088	0.297033	0.303124	0.306758	0.266667	0.263632	0	0.392778	0.385678	0.398317	0.387343	0.385896	0.38405	0.445427	0.378084	0.450502	0.374226	0.377255	0.495344	0.481659	0.451217	0.445582	0.445325	0.446084	0.451097	0.470964	0.458273	0.462144	0.463539	0.4646	0.45972	0.607837	0.527323	0.524327	0.520527	0.525917	0.524114	0.427784	0.439321	0.440203	0.370975	0.373339	0.369954	0.589479	0.530708	0.527673	0.527682	0.538323	0.536517	0.49251	0.486462	0.485822	0.483069	0.491672	0.489826	0.500758	0.490525	0.489992	0.48322	0.49613	0.492753	0.49371	0.501478	0.505413	0.476234	0.47917	0.479166
ERR607403-k20-n1-x5e9	0.407397	0.49233	0.375626	0.434822	0.428759	0.387296	0.360501	0.401527	0.370868	0.399324	0.373803	0.384362	0.394895	0.441392	0.45668	0.482367	0.481428	0.486345	0.342293	0.381352	0.40357	0.36294	0.361167	0.353476	0.424087	0.408521	0.392855	0.44648	0.441622	0.446494	0.393366	0.448313	0.451681	0.393223	0.394741	0.392778	0	0.280128	0.282271	0.373378	0.370386	0.36589	0.434376	0.422209	0.418582	0.388734	0.389167	0.454736	0.467378	0.455932	0.459594	0.456229	0.456172	0.456924	0.473868	0.481383	0.494297	0.495682	0.4983	0.483979	0.624685	0.583888	0.580229	0.560333	0.579831	0.575646	0.483346	0.496789	0.497059	0.406434	0.41123	0.405283	0.609062	0.58747	0.58318	0.581726	0.59632	0.593731	0.560695	0.552666	0.550276	0.54761	0.556041	0.554115	0.57847	0.566913	0.565268	0.558336	0.571486	0.568261	0.54311	0.553471	0.55665	0.523757	0.526378	0.526862
ERR607404-k20-n1-x5e9	0.40511	0.480976	0.374022	0.425373	0.419861	0.391593	0.362975	0.390063	0.361276	0.387885	0.364301	0.373777	0.389173	0.430931	0.445453	0.47083	0.470107	0.474846	0.339514	0.371581	0.392409	0.35531	0.353863	0.347011	0.41429	0.416103	0.385729	0.436362	0.431785	0.436569	0.390439	0.436629	0.43984	0.385743	0.387478	0.385678	0.280128	0	0.282564	0.359916	0.356668	0.352633	0.4386	0.415365	0.425342	0.387227	0.388496	0.463004	0.469113	0.452849	0.454909	0.451753	0.451997	0.454205	0.471682	0.474768	0.48628	0.487675	0.489747	0.477504	0.62579	0.576251	0.572869	0.557659	0.57373	0.570187	0.470449	0.483462	0.484088	0.394713	0.399427	0.393745	0.609256	0.579138	0.575327	0.574626	0.588235	0.585706	0.551366	0.544028	0.541665	0.538968	0.548532	0.546692	0.568951	0.558118	0.556389	0.549475	0.563548	0.560267	0.533878	0.543462	0.546936	0.515466	0.517495	0.517918
ERR607405-k20-n1-x5e9	0.417335	0.501108	0.379136	0.443124	0.436891	0.387709	0.356196	0.407359	0.374139	0.405701	0.379376	0.390362	0.406364	0.451293	0.466669	0.492565	0.491781	0.496665	0.345032	0.385249	0.408202	0.367669	0.36608	0.357546	0.431494	0.412029	0.399387	0.45539	0.450388	0.455409	0.40106	0.455079	0.458286	0.398588	0.400074	0.398317	0.282271	0.282564	0	0.383237	0.379975	0.375476	0.44345	0.431871	0.420636	0.396689	0.39673	0.455084	0.475891	0.463998	0.467763	0.464167	0.464162	0.465067	0.483384	0.489987	0.502791	0.504006	0.506758	0.492737	0.636958	0.594574	0.590982	0.571321	0.591126	0.587071	0.492219	0.505162	0.505967	0.41342	0.4183	0.412078	0.622208	0.59832	0.594292	0.59326	0.607259	0.604855	0.570968	0.563416	0.56111	0.5583	0.567786	0.565884	0.588613	0.577521	0.575889	0.568937	0.583001	0.579706	0.552697	0.562619	0.566312	0.533092	0.53537	0.53577
ERR607406-k20-n1-x5e9	0.411509	0.371285	0.426666	0.360463	0.361945	0.48519	0.471696	0.334862	0.359342	0.329662	0.34051	0.334298	0.355521	0.335198	0.3386	0.347311	0.347099	0.349232	0.393089	0.3459	0.339666	0.354405	0.355255	0.366401	0.355898	0.504041	0.371589	0.356184	0.355461	0.356018	0.416547	0.361798	0.362354	0.384104	0.384629	0.387343	0.373378	0.359916	0.383237	0	0.25469	0.255566	0.490024	0.378399	0.516844	0.413689	0.420433	0.564409	0.502003	0.457395	0.442867	0.446251	0.447721	0.458609	0.470446	0.437668	0.431667	0.431619	0.43098	0.439969	0.615827	0.493665	0.493849	0.527923	0.504188	0.508857	0.344257	0.353072	0.353176	0.327897	0.326883	0.327701	0.588012	0.485618	0.486081	0.492332	0.491716	0.490743	0.447981	0.448304	0.448204	0.447627	0.45872	0.457374	0.462919	0.458031	0.458192	0.45377	0.468056	0.4653	0.447193	0.448629	0.451194	0.444201	0.444054	0.443723
ERR607407-k20-n1-x5e9	0.411192	0.373359	0.424706	0.361139	0.362834	0.482703	0.468436	0.334154	0.357155	0.329155	0.339092	0.333315	0.355973	0.336825	0.34043	0.34969	0.349373	0.351652	0.39042	0.344055	0.338173	0.352629	0.353286	0.364097	0.355845	0.502136	0.370827	0.357421	0.356509	0.357063	0.415187	0.362399	0.362719	0.382755	0.383492	0.385896	0.370386	0.356668	0.379975	0.25469	0	0.255433	0.489529	0.379131	0.515186	0.413118	0.420026	0.562656	0.500862	0.456748	0.442441	0.445701	0.447101	0.457638	0.470074	0.437429	0.432249	0.431904	0.431522	0.440131	0.616706	0.495817	0.495939	0.529153	0.50628	0.510745	0.346069	0.355035	0.35517	0.327268	0.326752	0.327223	0.589094	0.487887	0.488253	0.494434	0.494117	0.49301	0.450417	0.450596	0.450468	0.449733	0.461113	0.459679	0.465182	0.460108	0.460343	0.455898	0.470341	0.467574	0.448911	0.450599	0.45303	0.445566	0.445376	0.445186
ERR607408-k20-n1-x5e9	0.408609	0.375286	0.421327	0.361058	0.362118	0.478757	0.464019	0.333454	0.354713	0.328272	0.337052	0.331766	0.353904	0.337065	0.341456	0.351733	0.351449	0.353905	0.386937	0.342454	0.337947	0.349996	0.350789	0.361354	0.355656	0.498545	0.369049	0.35793	0.356844	0.357741	0.412611	0.362836	0.36338	0.380941	0.381723	0.38405	0.36589	0.352633	0.375476	0.255566	0.255433	0	0.485993	0.377725	0.511063	0.40982	0.416513	0.55856	0.498422	0.455057	0.441104	0.444081	0.445305	0.456001	0.46851	0.437322	0.432474	0.43235	0.432172	0.440042	0.615844	0.497366	0.497379	0.528977	0.507421	0.511617	0.348741	0.358228	0.358413	0.32703	0.326672	0.327027	0.58835	0.489621	0.489958	0.495903	0.496064	0.494975	0.452629	0.452519	0.452022	0.451478	0.462731	0.461395	0.467641	0.462256	0.462288	0.457831	0.472443	0.46959	0.450725	0.452409	0.455156	0.446382	0.446358	0.446081
ERR607200-k20-n1-x5e9	0.344366	0.498984	0.36871	0.439365	0.432025	0.37253	0.457423	0.48909	0.471724	0.483876	0.461424	0.470697	0.402939	0.469581	0.487037	0.512694	0.511259	0.515826	0.465096	0.503444	0.520711	0.478854	0.47856	0.474139	0.448097	0.371564	0.408385	0.454181	0.45059	0.455686	0.402617	0.499543	0.502719	0.44689	0.446219	0.445427	0.434376	0.4386	0.44345	0.490024	0.489529	0.485993	0	0.358821	0.318404	0.310565	0.307784	0.36333	0.465153	0.477032	0.483231	0.484927	0.483682	0.478045	0.485825	0.512438	0.527211	0.531264	0.532301	0.513911	0.498331	0.555774	0.54864	0.488718	0.53262	0.520785	0.535916	0.549667	0.54631	0.487751	0.48975	0.486302	0.488154	0.568112	0.557316	0.543517	0.577926	0.572993	0.55413	0.534579	0.528833	0.526384	0.521917	0.520382	0.575976	0.554624	0.549949	0.542625	0.547037	0.543532	0.554789	0.572314	0.570148	0.537994	0.54374	0.544828
