	ERR607481-k20-n1-x5e9	ERR607482-k20-n1-x5e9	ERR607483-k20-n1-x5e9	ERR607484-k20-n1-x5e9	ERR607485-k20-n1-x5e9	ERR607486-k20-n1-x5e9	ERR605557-k20-n1-x5e9	ERR605558-k20-n1-x5e9	ERR605559-k20-n1-x5e9	ERR605560-k20-n1-x5e9	ERR605561-k20-n1-x5e9	ERR605562-k20-n1-x5e9	ERR608063-k20-n1-x5e9	ERR608064-k20-n1-x5e9	ERR608065-k20-n1-x5e9	ERR608066-k20-n1-x5e9	ERR608067-k20-n1-x5e9	ERR608068-k20-n1-x5e9	ERR605872-k20-n1-x5e9	ERR605873-k20-n1-x5e9	ERR605874-k20-n1-x5e9	ERR605875-k20-n1-x5e9	ERR605876-k20-n1-x5e9	ERR605877-k20-n1-x5e9	ERR608621-k20-n1-x5e9	ERR608622-k20-n1-x5e9	ERR608623-k20-n1-x5e9	ERR608624-k20-n1-x5e9	ERR608625-k20-n1-x5e9	ERR608626-k20-n1-x5e9	ERR607849-k20-n1-x5e9	ERR607850-k20-n1-x5e9	ERR607851-k20-n1-x5e9	ERR607852-k20-n1-x5e9	ERR607853-k20-n1-x5e9	ERR607854-k20-n1-x5e9	ERR605849-k20-n1-x5e9	ERR605850-k20-n1-x5e9	ERR605851-k20-n1-x5e9	ERR605852-k20-n1-x5e9	ERR605853-k20-n1-x5e9	ERR605854-k20-n1-x5e9	ERR608525-k20-n1-x5e9	ERR608526-k20-n1-x5e9	ERR608527-k20-n1-x5e9	ERR608528-k20-n1-x5e9	ERR608529-k20-n1-x5e9	ERR608530-k20-n1-x5e9	ERR608689-k20-n1-x5e9	ERR608690-k20-n1-x5e9	ERR608691-k20-n1-x5e9	ERR608692-k20-n1-x5e9	ERR608693-k20-n1-x5e9	ERR608694-k20-n1-x5e9	ERR608025-k20-n1-x5e9	ERR608026-k20-n1-x5e9	ERR608027-k20-n1-x5e9	ERR608028-k20-n1-x5e9	ERR608029-k20-n1-x5e9	ERR608030-k20-n1-x5e9	ERR608057-k20-n1-x5e9	ERR608058-k20-n1-x5e9	ERR608059-k20-n1-x5e9	ERR608060-k20-n1-x5e9	ERR608061-k20-n1-x5e9	ERR608062-k20-n1-x5e9	ERR608603-k20-n1-x5e9	ERR608604-k20-n1-x5e9	ERR608605-k20-n1-x5e9	ERR608606-k20-n1-x5e9	ERR608607-k20-n1-x5e9	ERR608608-k20-n1-x5e9	ERR608507-k20-n1-x5e9	ERR608508-k20-n1-x5e9	ERR608509-k20-n1-x5e9	ERR608510-k20-n1-x5e9	ERR608511-k20-n1-x5e9	ERR608512-k20-n1-x5e9	ERR605994-k20-n1-x5e9	ERR605995-k20-n1-x5e9	ERR605996-k20-n1-x5e9	ERR605997-k20-n1-x5e9	ERR605998-k20-n1-x5e9	ERR605999-k20-n1-x5e9	ERR605689-k20-n1-x5e9	ERR605690-k20-n1-x5e9	ERR605691-k20-n1-x5e9	ERR605692-k20-n1-x5e9	ERR605693-k20-n1-x5e9	ERR605694-k20-n1-x5e9	ERR608099-k20-n1-x5e9	ERR608100-k20-n1-x5e9	ERR608101-k20-n1-x5e9	ERR608102-k20-n1-x5e9	ERR608103-k20-n1-x5e9	ERR608104-k20-n1-x5e9
ERR607481-k20-n1-x5e9	0	0.253403	0.253758	0.260498	0.260183	0.261376	0.333937	0.333912	0.334983	0.333928	0.332853	0.334388	0.491232	0.474624	0.622788	0.475295	0.475255	0.476095	0.363727	0.375213	0.403468	0.403631	0.405671	0.408458	0.374741	0.339996	0.339929	0.338276	0.337887	0.336303	0.381032	0.37892	0.382424	0.374475	0.374167	0.374639	0.350114	0.359754	0.39637	0.399046	0.399512	0.402402	0.36285	0.320092	0.318886	0.316465	0.316669	0.318137	0.510338	0.494575	0.493587	0.493989	0.49374	0.494989	0.501	0.479938	0.483133	0.48084	0.479689	0.480147	0.928027	0.930816	0.932648	0.932977	0.931661	0.932268	0.375483	0.386995	0.385001	0.350589	0.35008	0.350372	0.440924	0.443373	0.44323	0.439499	0.439231	0.439911	0.551655	0.500231	0.499086	0.541898	0.539409	0.542446	0.488279	0.481722	0.478337	0.483827	0.483574	0.48064	0.465361	0.472796	0.473621	0.458194	0.460091	0.46041
ERR607482-k20-n1-x5e9	0.253403	0	0.253635	0.256863	0.256665	0.257591	0.3344	0.335586	0.338115	0.33607	0.334639	0.336755	0.490154	0.471729	0.626629	0.473407	0.473	0.473883	0.367627	0.380552	0.398878	0.399977	0.401882	0.404851	0.380189	0.340943	0.339492	0.33638	0.336015	0.334495	0.38436	0.381258	0.385299	0.375666	0.375042	0.375567	0.353472	0.364327	0.391213	0.39461	0.39526	0.398093	0.369227	0.321883	0.319191	0.314616	0.31455	0.315986	0.511945	0.494062	0.492201	0.492582	0.492026	0.494492	0.503544	0.479022	0.481298	0.479478	0.478625	0.478942	0.92839	0.93037	0.932004	0.932441	0.931197	0.931789	0.370093	0.381268	0.379416	0.348452	0.347732	0.348365	0.438261	0.439768	0.439963	0.439278	0.438711	0.439774	0.557102	0.502517	0.501286	0.546083	0.544056	0.547084	0.487157	0.481153	0.478124	0.484219	0.487094	0.483755	0.461871	0.46881	0.469979	0.455314	0.456981	0.45723
ERR607483-k20-n1-x5e9	0.253758	0.253635	0	0.259986	0.259664	0.261197	0.331726	0.331916	0.333392	0.331774	0.330811	0.33265	0.496641	0.477765	0.624823	0.479214	0.478714	0.479605	0.362141	0.374521	0.403852	0.404857	0.407214	0.410386	0.375092	0.336713	0.33616	0.335161	0.334935	0.333836	0.379183	0.376344	0.379709	0.371472	0.371008	0.371861	0.349649	0.359856	0.397554	0.400868	0.401834	0.404957	0.3645	0.318176	0.316229	0.314906	0.314546	0.316953	0.513568	0.496558	0.495005	0.49541	0.49523	0.496991	0.506396	0.483303	0.486043	0.484071	0.482988	0.483523	0.929688	0.931689	0.933361	0.933765	0.932504	0.933095	0.374505	0.385721	0.384348	0.346643	0.346641	0.346853	0.443107	0.444805	0.44529	0.44051	0.440237	0.440798	0.551407	0.496022	0.495013	0.538991	0.536589	0.539862	0.485491	0.478937	0.475728	0.480442	0.482684	0.479249	0.466875	0.473641	0.475529	0.459069	0.460537	0.460761
ERR607484-k20-n1-x5e9	0.260498	0.256863	0.259986	0	0.24911	0.248723	0.338753	0.343865	0.350662	0.344825	0.342568	0.345507	0.488744	0.463829	0.641563	0.469818	0.468572	0.469489	0.384389	0.400358	0.380742	0.383185	0.385137	0.387902	0.40173	0.350138	0.343639	0.33422	0.334283	0.331991	0.394791	0.390519	0.395118	0.378842	0.37838	0.378427	0.368142	0.381965	0.371462	0.37581	0.37663	0.37957	0.392639	0.333084	0.325446	0.31294	0.312679	0.311947	0.517492	0.494498	0.490149	0.489829	0.48904	0.494479	0.511475	0.476767	0.475811	0.476034	0.475442	0.475306	0.931093	0.929931	0.930642	0.931558	0.930432	0.930871	0.352813	0.361841	0.360443	0.346772	0.345232	0.347363	0.432813	0.432342	0.433387	0.444929	0.443657	0.445558	0.575287	0.512586	0.510882	0.561634	0.560341	0.563432	0.480412	0.476998	0.475267	0.484248	0.495789	0.490672	0.452953	0.457273	0.458732	0.450091	0.45071	0.450791
ERR607485-k20-n1-x5e9	0.260183	0.256665	0.259664	0.24911	0	0.248697	0.337738	0.342875	0.349725	0.34408	0.341754	0.344305	0.489175	0.464186	0.641356	0.470189	0.46883	0.469842	0.382658	0.398859	0.380724	0.382724	0.384672	0.387743	0.400832	0.349412	0.343106	0.333682	0.333792	0.331371	0.39405	0.389853	0.394113	0.378277	0.377904	0.377912	0.366722	0.380756	0.371715	0.375988	0.376822	0.379884	0.391723	0.332171	0.324697	0.312356	0.312223	0.311451	0.516962	0.493771	0.489385	0.489266	0.488503	0.493983	0.511683	0.477014	0.476015	0.47629	0.475564	0.475462	0.931098	0.929929	0.930646	0.931528	0.930387	0.930825	0.352629	0.361679	0.360431	0.345846	0.344303	0.346145	0.432623	0.432214	0.433142	0.444193	0.442859	0.44475	0.574499	0.51128	0.509685	0.560586	0.559277	0.562281	0.479711	0.476376	0.474755	0.483227	0.494958	0.489781	0.452759	0.456963	0.458561	0.449682	0.450173	0.450265
ERR607486-k20-n1-x5e9	0.261376	0.257591	0.261197	0.248723	0.248697	0	0.339136	0.344695	0.351778	0.345817	0.343112	0.346205	0.488391	0.463223	0.642871	0.469353	0.468131	0.469198	0.385617	0.401799	0.379342	0.381702	0.383479	0.386463	0.403982	0.351678	0.344983	0.335044	0.335367	0.332577	0.396981	0.392738	0.397139	0.380711	0.380233	0.38006	0.36902	0.383516	0.369725	0.374122	0.374915	0.378008	0.394793	0.334671	0.326913	0.313629	0.313153	0.312342	0.517695	0.494165	0.489613	0.489405	0.488519	0.494311	0.512154	0.476613	0.475513	0.475732	0.475111	0.475189	0.931004	0.929736	0.930462	0.9314	0.930167	0.930712	0.351795	0.360636	0.359277	0.347469	0.345716	0.347865	0.431994	0.431661	0.432676	0.445226	0.443655	0.44574	0.577245	0.514262	0.512647	0.563741	0.562533	0.565458	0.480658	0.477439	0.475682	0.48481	0.497187	0.491925	0.452111	0.45615	0.457703	0.449384	0.449899	0.450031
ERR605557-k20-n1-x5e9	0.333937	0.3344	0.331726	0.338753	0.337738	0.339136	0	0.255411	0.263311	0.257708	0.2566	0.258457	0.543135	0.515702	0.654637	0.523349	0.522051	0.522871	0.342825	0.356117	0.392134	0.391435	0.394778	0.398246	0.375051	0.331391	0.33057	0.326949	0.326366	0.325449	0.365409	0.362769	0.365867	0.356465	0.355923	0.356249	0.33659	0.34811	0.393134	0.394177	0.395771	0.399179	0.378721	0.329859	0.327144	0.324761	0.324529	0.326476	0.535716	0.516374	0.5135	0.513732	0.513669	0.516117	0.532472	0.506928	0.508713	0.507757	0.505116	0.50599	0.94313	0.942187	0.942912	0.943958	0.942193	0.942788	0.38766	0.397869	0.397525	0.356557	0.356904	0.356145	0.478293	0.478084	0.479318	0.473747	0.473628	0.474049	0.540913	0.476061	0.474552	0.522341	0.519746	0.522838	0.449248	0.441412	0.438733	0.442793	0.447544	0.443583	0.492601	0.496685	0.498886	0.484966	0.486472	0.486035
ERR605558-k20-n1-x5e9	0.333912	0.335586	0.331916	0.343865	0.342875	0.344695	0.255411	0	0.258443	0.256785	0.256065	0.256923	0.545063	0.521289	0.646813	0.526775	0.525946	0.526684	0.335003	0.345529	0.405477	0.404078	0.407454	0.410625	0.364009	0.329499	0.331639	0.332116	0.331019	0.330546	0.360987	0.359547	0.362315	0.356747	0.356486	0.356731	0.330511	0.339309	0.407164	0.40766	0.408943	0.412127	0.366562	0.326296	0.326379	0.32869	0.328728	0.331572	0.533979	0.518226	0.516892	0.517506	0.517544	0.517966	0.528564	0.509512	0.513119	0.510887	0.50808	0.5091	0.942203	0.943047	0.944343	0.945007	0.943262	0.943879	0.399741	0.410789	0.410328	0.360912	0.362081	0.360135	0.483066	0.483962	0.484681	0.472663	0.473115	0.472981	0.531247	0.473037	0.471969	0.51508	0.511457	0.51472	0.456743	0.447155	0.443743	0.446089	0.443883	0.441058	0.499072	0.504548	0.506482	0.48951	0.491427	0.491105
ERR605559-k20-n1-x5e9	0.334983	0.338115	0.333392	0.350662	0.349725	0.351778	0.263311	0.258443	0	0.258933	0.259119	0.259121	0.546301	0.526718	0.636515	0.529484	0.529199	0.529916	0.328508	0.336072	0.421681	0.420599	0.42393	0.427099	0.35152	0.328015	0.333038	0.338405	0.337352	0.337951	0.359635	0.359181	0.361296	0.360576	0.360057	0.360641	0.32541	0.331486	0.423103	0.424344	0.425507	0.428506	0.3536	0.323902	0.326995	0.335558	0.335904	0.340217	0.531486	0.519405	0.519532	0.520482	0.52076	0.519352	0.52468	0.512701	0.518263	0.514773	0.512533	0.513685	0.940619	0.943689	0.945579	0.945884	0.94427	0.944945	0.413633	0.425663	0.425067	0.366559	0.368459	0.36586	0.487607	0.489567	0.490067	0.471489	0.472171	0.471711	0.518429	0.468152	0.46714	0.505819	0.502203	0.505034	0.466423	0.455452	0.450139	0.450519	0.4423	0.44081	0.506126	0.513082	0.514921	0.49476	0.496921	0.496888
ERR605560-k20-n1-x5e9	0.333928	0.33607	0.331774	0.344825	0.34408	0.345817	0.257708	0.256785	0.258933	0	0.255251	0.255282	0.548023	0.523649	0.645628	0.528892	0.528057	0.528925	0.334159	0.345209	0.410167	0.409142	0.412573	0.416193	0.360994	0.32642	0.328783	0.331068	0.330492	0.330794	0.358618	0.356819	0.359407	0.354775	0.35443	0.354825	0.330389	0.339647	0.411666	0.412858	0.414351	0.417763	0.363733	0.323813	0.324215	0.328608	0.328692	0.332576	0.535325	0.51941	0.51819	0.518524	0.518643	0.519189	0.52982	0.511641	0.515257	0.513137	0.510761	0.511864	0.942543	0.943374	0.944641	0.945327	0.943738	0.944367	0.401905	0.413202	0.41283	0.359198	0.360605	0.358633	0.48461	0.485515	0.486613	0.472813	0.473104	0.472944	0.526755	0.467166	0.465917	0.509488	0.506129	0.509348	0.456792	0.447108	0.442691	0.443881	0.442686	0.439797	0.500583	0.50612	0.508436	0.490545	0.492282	0.491964
ERR605561-k20-n1-x5e9	0.332853	0.334639	0.330811	0.342568	0.341754	0.343112	0.2566	0.256065	0.259119	0.255251	0	0.255168	0.545874	0.52135	0.6472	0.526679	0.525811	0.526676	0.335869	0.346577	0.405468	0.404553	0.407984	0.41155	0.363374	0.327489	0.328988	0.329907	0.32934	0.329581	0.359705	0.357755	0.360535	0.355087	0.354496	0.354974	0.331145	0.340609	0.406726	0.408038	0.409419	0.412697	0.36606	0.324675	0.324273	0.32692	0.327249	0.33088	0.534642	0.518264	0.516778	0.517093	0.517174	0.517901	0.5293	0.50967	0.513019	0.510826	0.508548	0.509397	0.942203	0.942834	0.94407	0.944802	0.943167	0.94378	0.398168	0.409143	0.408861	0.358176	0.359307	0.357562	0.482551	0.483353	0.484366	0.472195	0.472473	0.472368	0.530248	0.470127	0.468919	0.513045	0.509933	0.512983	0.455259	0.4462	0.442114	0.443842	0.443606	0.440531	0.498405	0.503784	0.505956	0.488645	0.490547	0.490331
ERR605562-k20-n1-x5e9	0.334388	0.336755	0.33265	0.345507	0.344305	0.346205	0.258457	0.256923	0.259121	0.255282	0.255168	0	0.548149	0.523983	0.645939	0.52903	0.528447	0.529281	0.334049	0.344417	0.410349	0.409444	0.412909	0.416437	0.360758	0.326761	0.329387	0.331591	0.330893	0.331264	0.358686	0.357004	0.359772	0.355218	0.354665	0.355226	0.329996	0.33898	0.411763	0.412951	0.414303	0.417637	0.364	0.324585	0.324922	0.329216	0.329555	0.333407	0.53546	0.519926	0.518803	0.519004	0.519268	0.519668	0.529949	0.511802	0.515606	0.513277	0.511082	0.511961	0.942549	0.943446	0.944781	0.945462	0.943875	0.944471	0.402526	0.413627	0.413244	0.359954	0.361287	0.359149	0.485062	0.485895	0.487036	0.472965	0.473294	0.473239	0.527072	0.468098	0.466662	0.509828	0.506955	0.509887	0.457008	0.447489	0.442969	0.444021	0.44279	0.439973	0.50113	0.506769	0.509098	0.491075	0.492803	0.492634
ERR608063-k20-n1-x5e9	0.491232	0.490154	0.496641	0.488744	0.489175	0.488391	0.543135	0.545063	0.546301	0.548023	0.545874	0.548149	0	0.264752	0.52075	0.243457	0.245761	0.244764	0.565556	0.57233	0.541767	0.540543	0.538744	0.537908	0.575337	0.563091	0.561274	0.551697	0.551692	0.547114	0.621304	0.61956	0.625697	0.615052	0.614889	0.614528	0.533917	0.538053	0.525702	0.525865	0.523769	0.523423	0.55046	0.534339	0.532973	0.52125	0.520601	0.518279	0.419289	0.413068	0.415366	0.416789	0.416475	0.412826	0.348511	0.333768	0.343111	0.336	0.335365	0.336538	0.885773	0.896647	0.900845	0.899651	0.898771	0.899555	0.465098	0.474082	0.467357	0.481724	0.478006	0.480979	0.317169	0.327263	0.321552	0.343953	0.338917	0.343156	0.568297	0.548152	0.547391	0.582934	0.581695	0.583936	0.531583	0.525795	0.521867	0.533502	0.519814	0.517469	0.358973	0.381085	0.373434	0.355397	0.363384	0.364425
ERR608064-k20-n1-x5e9	0.474624	0.471729	0.477765	0.463829	0.464186	0.463223	0.515702	0.521289	0.526718	0.523649	0.52135	0.523983	0.264752	0	0.560704	0.2472	0.242318	0.24323	0.550452	0.561974	0.498418	0.499518	0.497996	0.497741	0.566053	0.535624	0.529307	0.516272	0.516608	0.51227	0.589395	0.58594	0.591822	0.576354	0.576006	0.575293	0.521655	0.531133	0.483875	0.486041	0.484554	0.48498	0.548994	0.513208	0.50763	0.491469	0.490558	0.487534	0.431967	0.403935	0.397714	0.396867	0.395586	0.402666	0.377356	0.320635	0.317041	0.318051	0.318664	0.318098	0.89461	0.894395	0.895639	0.896183	0.895334	0.895759	0.411669	0.417634	0.412329	0.43964	0.435347	0.439312	0.296351	0.296802	0.295097	0.346822	0.341668	0.347332	0.573015	0.518707	0.516517	0.570541	0.570881	0.573289	0.470527	0.468952	0.467172	0.481683	0.491294	0.484936	0.316159	0.32758	0.322465	0.323518	0.327031	0.327031
ERR608065-k20-n1-x5e9	0.622788	0.626629	0.624823	0.641563	0.641356	0.642871	0.654637	0.646813	0.636515	0.645628	0.6472	0.645939	0.52075	0.560704	0	0.529879	0.535537	0.534321	0.634686	0.628588	0.718329	0.717036	0.717817	0.719068	0.630264	0.64998	0.657945	0.668992	0.667923	0.667953	0.695759	0.696479	0.698616	0.701071	0.701091	0.700898	0.619128	0.611276	0.713707	0.714239	0.713993	0.715316	0.603903	0.628246	0.637675	0.651507	0.652131	0.655556	0.556407	0.585255	0.599936	0.601962	0.605753	0.587453	0.489409	0.557337	0.577625	0.564587	0.564519	0.566953	0.929268	0.959665	0.967623	0.96419	0.963904	0.964799	0.662051	0.672362	0.670225	0.621369	0.623112	0.620267	0.565166	0.576735	0.574605	0.504733	0.507757	0.50319	0.530322	0.587555	0.589259	0.565667	0.562714	0.56406	0.671829	0.658062	0.650016	0.641587	0.600609	0.606168	0.598953	0.620035	0.620046	0.573614	0.579452	0.581535
ERR608066-k20-n1-x5e9	0.475295	0.473407	0.479214	0.469818	0.470189	0.469353	0.523349	0.526775	0.529484	0.528892	0.526679	0.52903	0.243457	0.2472	0.529879	0	0.233218	0.232969	0.550037	0.559105	0.520897	0.520812	0.519855	0.519644	0.563718	0.542146	0.538365	0.528758	0.528798	0.524691	0.600897	0.598451	0.603857	0.591915	0.591457	0.591128	0.519538	0.526278	0.50627	0.507664	0.506224	0.506931	0.54238	0.515916	0.512848	0.500528	0.499707	0.497749	0.41758	0.400739	0.399842	0.39992	0.399639	0.400022	0.359037	0.322475	0.325907	0.321972	0.322643	0.323049	0.887613	0.893378	0.896239	0.895788	0.894957	0.895542	0.436428	0.44452	0.438928	0.452396	0.448528	0.451649	0.297284	0.30408	0.300822	0.328285	0.323397	0.32812	0.560372	0.520477	0.519166	0.563721	0.563553	0.565637	0.498837	0.494265	0.491024	0.501959	0.499183	0.495163	0.333018	0.352058	0.347286	0.3295	0.335332	0.336293
ERR608067-k20-n1-x5e9	0.475255	0.473	0.478714	0.468572	0.46883	0.468131	0.522051	0.525946	0.529199	0.528057	0.525811	0.528447	0.245761	0.242318	0.535537	0.233218	0	0.231976	0.550616	0.560083	0.516766	0.516989	0.515831	0.515724	0.564722	0.541137	0.536704	0.526354	0.526539	0.522439	0.599258	0.59662	0.60214	0.589549	0.589077	0.588677	0.520223	0.527643	0.501887	0.503621	0.502302	0.502821	0.544172	0.515629	0.51207	0.498794	0.497998	0.495851	0.419718	0.400365	0.398354	0.398379	0.397878	0.399486	0.362764	0.321749	0.323479	0.320754	0.321231	0.321394	0.888897	0.893317	0.895864	0.895618	0.894823	0.895335	0.431486	0.439173	0.433733	0.449736	0.445794	0.448962	0.295585	0.301042	0.298177	0.330708	0.325552	0.330689	0.563403	0.52006	0.518507	0.565232	0.565021	0.567332	0.493841	0.48972	0.486776	0.498215	0.498441	0.493703	0.328617	0.346329	0.341614	0.327219	0.33252	0.333357
ERR608068-k20-n1-x5e9	0.476095	0.473883	0.479605	0.469489	0.469842	0.469198	0.522871	0.526684	0.529916	0.528925	0.526676	0.529281	0.244764	0.24323	0.534321	0.232969	0.231976	0	0.551348	0.560753	0.518229	0.518425	0.517228	0.517156	0.565222	0.542088	0.537877	0.527606	0.527592	0.523705	0.600381	0.597734	0.603255	0.59082	0.590288	0.58984	0.520551	0.528018	0.503026	0.504562	0.503201	0.503832	0.544732	0.51649	0.513026	0.499911	0.499205	0.496912	0.419182	0.40037	0.398751	0.398769	0.398167	0.399507	0.362062	0.322012	0.32438	0.321187	0.321622	0.321788	0.888537	0.893325	0.895956	0.895621	0.894837	0.895391	0.433328	0.440958	0.43548	0.450963	0.447036	0.450193	0.296297	0.302314	0.299145	0.330563	0.32538	0.330578	0.562791	0.520369	0.518841	0.56504	0.564937	0.567167	0.495464	0.491235	0.488153	0.499489	0.498832	0.494314	0.330416	0.348294	0.343692	0.328309	0.333928	0.334596
ERR605872-k20-n1-x5e9	0.363727	0.367627	0.362141	0.384389	0.382658	0.385617	0.342825	0.335003	0.328508	0.334159	0.335869	0.334049	0.565556	0.550452	0.634686	0.550037	0.550616	0.551348	0	0.270004	0.402931	0.400901	0.404885	0.408948	0.359842	0.35194	0.360729	0.37179	0.370081	0.371412	0.371431	0.372348	0.37324	0.377867	0.377912	0.378758	0.322097	0.323922	0.449361	0.449786	0.451237	0.454277	0.363507	0.349795	0.356987	0.371675	0.372316	0.377117	0.535959	0.528463	0.530736	0.531633	0.532561	0.528995	0.537871	0.534499	0.541823	0.537446	0.535028	0.536111	0.944604	0.950099	0.952553	0.952567	0.950939	0.951643	0.442189	0.454399	0.454141	0.385806	0.388395	0.385163	0.510101	0.513351	0.513331	0.484738	0.486178	0.484695	0.510127	0.469888	0.469451	0.499077	0.495679	0.498204	0.492676	0.480578	0.47474	0.472102	0.456701	0.457036	0.528259	0.53627	0.538414	0.513698	0.516346	0.516552
ERR605873-k20-n1-x5e9	0.375213	0.380552	0.374521	0.400358	0.398859	0.401799	0.356117	0.345529	0.336072	0.345209	0.346577	0.344417	0.57233	0.561974	0.628588	0.559105	0.560083	0.560753	0.270004	0	0.427261	0.424231	0.427899	0.431583	0.356599	0.362602	0.374189	0.388075	0.386451	0.38788	0.378696	0.381081	0.381574	0.390451	0.390632	0.391716	0.326268	0.323395	0.47036	0.469984	0.471126	0.473983	0.358687	0.359463	0.369673	0.387895	0.388727	0.39409	0.539539	0.536838	0.540654	0.542037	0.543261	0.537496	0.539447	0.543498	0.552758	0.547165	0.544697	0.545957	0.945535	0.953448	0.956422	0.95604	0.954444	0.955223	0.46311	0.475768	0.475364	0.402292	0.405268	0.401479	0.522097	0.526423	0.525876	0.491768	0.493602	0.491628	0.502756	0.4748	0.474826	0.496514	0.492047	0.494677	0.507673	0.49405	0.487686	0.483609	0.460678	0.462337	0.542019	0.55146	0.552939	0.526318	0.529577	0.529783
ERR605874-k20-n1-x5e9	0.403468	0.398878	0.403852	0.380742	0.380724	0.379342	0.392134	0.405477	0.421681	0.410167	0.405468	0.410349	0.541767	0.498418	0.718329	0.520897	0.516766	0.518229	0.402931	0.427261	0	0.251073	0.251543	0.252619	0.492979	0.428771	0.415198	0.389307	0.390083	0.385668	0.455534	0.449634	0.456337	0.428084	0.428183	0.426703	0.431825	0.45051	0.321788	0.323902	0.324621	0.325982	0.496279	0.429092	0.41499	0.386103	0.384685	0.37887	0.562846	0.527179	0.515296	0.513756	0.511153	0.525564	0.568065	0.514555	0.505953	0.511082	0.509276	0.50847	0.955085	0.945675	0.94353	0.946073	0.944441	0.94474	0.356843	0.356087	0.354864	0.403181	0.398778	0.403722	0.477873	0.471923	0.473078	0.51743	0.514399	0.518008	0.637842	0.564757	0.562021	0.623084	0.622483	0.624777	0.46949	0.474767	0.477686	0.497719	0.52758	0.518928	0.472752	0.466574	0.465937	0.484573	0.484155	0.482941
ERR605875-k20-n1-x5e9	0.403631	0.399977	0.404857	0.383185	0.382724	0.381702	0.391435	0.404078	0.420599	0.409142	0.404553	0.409444	0.540543	0.499518	0.717036	0.520812	0.516989	0.518425	0.400901	0.424231	0.251073	0	0.245922	0.246589	0.491493	0.430672	0.418566	0.391969	0.392566	0.387934	0.454856	0.449473	0.456231	0.428852	0.429067	0.42777	0.430071	0.44778	0.325635	0.321652	0.322034	0.323148	0.494221	0.430404	0.417411	0.388017	0.386449	0.380703	0.562161	0.528405	0.517147	0.515959	0.513555	0.526597	0.565558	0.514333	0.506867	0.511531	0.508569	0.508002	0.954644	0.946078	0.944272	0.946647	0.944784	0.945095	0.362353	0.362439	0.360446	0.406388	0.401947	0.406736	0.47936	0.474312	0.474758	0.517567	0.51431	0.517811	0.636595	0.56613	0.563519	0.621809	0.620367	0.622932	0.471692	0.475929	0.479502	0.499265	0.524422	0.516063	0.475632	0.470447	0.46912	0.486548	0.487372	0.486068
ERR605876-k20-n1-x5e9	0.405671	0.401882	0.407214	0.385137	0.384672	0.383479	0.394778	0.407454	0.42393	0.412573	0.407984	0.412909	0.538744	0.497996	0.717817	0.519855	0.515831	0.517228	0.404885	0.427899	0.251543	0.245922	0	0.245893	0.493791	0.434008	0.421893	0.394933	0.395505	0.390756	0.457817	0.452403	0.459418	0.431935	0.432195	0.430771	0.433103	0.450445	0.325128	0.320969	0.321039	0.321597	0.496241	0.433104	0.420176	0.390318	0.388821	0.382712	0.562205	0.528481	0.517129	0.516163	0.513521	0.526636	0.564748	0.513596	0.506153	0.5108	0.507721	0.507112	0.954506	0.946008	0.944198	0.946603	0.94468	0.94501	0.363308	0.363496	0.361054	0.409363	0.404877	0.409981	0.478874	0.473888	0.474027	0.51867	0.515393	0.518898	0.638683	0.569536	0.566951	0.62504	0.623422	0.626141	0.47394	0.47838	0.481727	0.501993	0.526694	0.518357	0.475159	0.469924	0.468067	0.487077	0.487953	0.486773
ERR605877-k20-n1-x5e9	0.408458	0.404851	0.410386	0.387902	0.387743	0.386463	0.398246	0.410625	0.427099	0.416193	0.41155	0.416437	0.537908	0.497741	0.719068	0.519644	0.515724	0.517156	0.408948	0.431583	0.252619	0.246589	0.245893	0	0.496914	0.438224	0.426266	0.399029	0.399469	0.394517	0.461466	0.456186	0.463568	0.435995	0.436298	0.434795	0.436448	0.453579	0.325381	0.320518	0.320458	0.320632	0.498954	0.436884	0.424044	0.393993	0.3921	0.38616	0.562736	0.529263	0.517834	0.51694	0.514312	0.527447	0.564778	0.514035	0.506661	0.511253	0.508054	0.507551	0.9546	0.946306	0.944539	0.946906	0.94496	0.945335	0.366073	0.365986	0.363404	0.413866	0.409302	0.414408	0.479662	0.474733	0.474724	0.520925	0.517418	0.521047	0.641655	0.574258	0.571755	0.629114	0.627458	0.630017	0.477325	0.481604	0.485241	0.506159	0.529545	0.521291	0.47605	0.470963	0.468544	0.488628	0.489715	0.48858
ERR608621-k20-n1-x5e9	0.374741	0.380189	0.375092	0.40173	0.400832	0.403982	0.375051	0.364009	0.35152	0.360994	0.363374	0.360758	0.575337	0.566053	0.630264	0.563718	0.564722	0.565222	0.359842	0.356599	0.492979	0.491493	0.493791	0.496914	0	0.309262	0.325642	0.345781	0.344291	0.346767	0.355494	0.35856	0.358994	0.374239	0.374132	0.375842	0.364815	0.361366	0.494872	0.495789	0.496292	0.498719	0.310604	0.331923	0.345486	0.369182	0.370583	0.377052	0.557733	0.55606	0.55991	0.560911	0.561618	0.556208	0.53516	0.545435	0.556441	0.549978	0.548751	0.549949	0.9458	0.954477	0.958055	0.95734	0.956163	0.956778	0.469465	0.483045	0.481822	0.404709	0.408675	0.403957	0.524006	0.52871	0.527594	0.494203	0.496602	0.494102	0.497583	0.481471	0.481703	0.497915	0.493995	0.496308	0.524224	0.51097	0.503178	0.497573	0.472445	0.475373	0.544595	0.554224	0.554797	0.530978	0.534172	0.534411
ERR608622-k20-n1-x5e9	0.339996	0.340943	0.336713	0.350138	0.349412	0.351678	0.331391	0.329499	0.328015	0.32642	0.327489	0.326761	0.563091	0.535624	0.64998	0.542146	0.541137	0.542088	0.35194	0.362602	0.428771	0.430672	0.434008	0.438224	0.309262	0	0.264818	0.274671	0.274024	0.276497	0.338812	0.336824	0.337855	0.334334	0.333614	0.334196	0.355285	0.364167	0.431563	0.435843	0.437344	0.440986	0.344963	0.300299	0.30074	0.3121	0.312903	0.317668	0.554513	0.53637	0.534711	0.534097	0.534211	0.536482	0.540669	0.524006	0.527706	0.525445	0.524852	0.525393	0.946701	0.946379	0.947619	0.948251	0.947218	0.947615	0.400166	0.411219	0.411802	0.349534	0.352054	0.349447	0.492139	0.491933	0.493733	0.47719	0.478674	0.477836	0.528532	0.466934	0.465451	0.507573	0.506461	0.509248	0.47535	0.466914	0.461857	0.459977	0.461702	0.459794	0.504991	0.50861	0.512049	0.495362	0.495274	0.495035
ERR608623-k20-n1-x5e9	0.339929	0.339492	0.33616	0.343639	0.343106	0.344983	0.33057	0.331639	0.333038	0.328783	0.328988	0.329387	0.561274	0.529307	0.657945	0.538365	0.536704	0.537877	0.360729	0.374189	0.415198	0.418566	0.421893	0.426266	0.325642	0.264818	0	0.2663	0.266018	0.268331	0.344716	0.341331	0.342621	0.333888	0.333371	0.333197	0.361559	0.373414	0.417683	0.423017	0.424658	0.428636	0.360235	0.303788	0.300053	0.306282	0.306719	0.310515	0.556578	0.53465	0.531363	0.530219	0.530182	0.534551	0.544302	0.520858	0.522489	0.52143	0.52133	0.521483	0.947678	0.945209	0.94583	0.9468	0.945899	0.946198	0.385913	0.395681	0.396858	0.343081	0.344898	0.343275	0.486369	0.484732	0.487278	0.477541	0.478806	0.478311	0.539972	0.470398	0.468461	0.516736	0.516169	0.518802	0.46785	0.46093	0.456866	0.456468	0.465544	0.462418	0.496885	0.498595	0.502613	0.489145	0.488266	0.48798
ERR608624-k20-n1-x5e9	0.338276	0.33638	0.335161	0.33422	0.333682	0.335044	0.326949	0.332116	0.338405	0.331068	0.329907	0.331591	0.551697	0.516272	0.668992	0.528758	0.526354	0.527606	0.37179	0.388075	0.389307	0.391969	0.394933	0.399029	0.345781	0.274671	0.2663	0	0.257072	0.256759	0.355201	0.350597	0.353823	0.337468	0.337073	0.336992	0.369479	0.383573	0.39061	0.395182	0.396608	0.400258	0.379065	0.313518	0.305199	0.299369	0.299693	0.300937	0.555434	0.529919	0.52469	0.52324	0.522666	0.52933	0.542986	0.511796	0.511411	0.511752	0.510959	0.511011	0.947478	0.943044	0.943071	0.944423	0.943258	0.943537	0.364864	0.373324	0.3737	0.340226	0.340236	0.340422	0.476219	0.473474	0.475533	0.477641	0.478264	0.478471	0.557734	0.483965	0.481541	0.535059	0.534278	0.537249	0.45773	0.453199	0.451111	0.455416	0.469984	0.465465	0.483422	0.48341	0.486647	0.479578	0.478716	0.4782
ERR608625-k20-n1-x5e9	0.337887	0.336015	0.334935	0.334283	0.333792	0.335367	0.326366	0.331019	0.337352	0.330492	0.32934	0.330893	0.551692	0.516608	0.667923	0.528798	0.526539	0.527592	0.370081	0.386451	0.390083	0.392566	0.395505	0.399469	0.344291	0.274024	0.266018	0.257072	0	0.257477	0.353846	0.349488	0.352596	0.33686	0.336431	0.336177	0.368644	0.382584	0.391744	0.396197	0.397655	0.40131	0.377697	0.312996	0.30505	0.299769	0.299756	0.301408	0.554525	0.529346	0.52413	0.522844	0.52241	0.528754	0.542632	0.511915	0.511626	0.511757	0.511029	0.511012	0.947194	0.943039	0.943026	0.944343	0.943177	0.943509	0.365627	0.374285	0.374502	0.340159	0.340544	0.340364	0.476427	0.474151	0.476001	0.477682	0.478143	0.478529	0.556543	0.483303	0.481044	0.534042	0.533251	0.536198	0.458182	0.453385	0.451301	0.455378	0.469343	0.464942	0.48403	0.484193	0.487354	0.480005	0.479257	0.478781
ERR608626-k20-n1-x5e9	0.336303	0.334495	0.333836	0.331991	0.331371	0.332577	0.325449	0.330546	0.337951	0.330794	0.329581	0.331264	0.547114	0.51227	0.667953	0.524691	0.522439	0.523705	0.371412	0.38788	0.385668	0.387934	0.390756	0.394517	0.346767	0.276497	0.268331	0.256759	0.257477	0	0.35646	0.352166	0.355584	0.338839	0.33824	0.337987	0.368579	0.382488	0.386857	0.390739	0.392143	0.39562	0.378859	0.313883	0.305944	0.298419	0.298739	0.298956	0.552363	0.526963	0.521618	0.520512	0.519719	0.526447	0.539901	0.508403	0.507954	0.508196	0.507178	0.507178	0.946295	0.942114	0.942158	0.943423	0.942183	0.942506	0.362537	0.37091	0.371224	0.340679	0.340635	0.341195	0.472841	0.470407	0.472199	0.475978	0.476227	0.47678	0.558775	0.486424	0.48419	0.537243	0.536458	0.539152	0.457689	0.452947	0.451304	0.456311	0.470044	0.465387	0.480322	0.480654	0.483538	0.477057	0.476427	0.475939
ERR607849-k20-n1-x5e9	0.381032	0.38436	0.379183	0.394791	0.39405	0.396981	0.365409	0.360987	0.359635	0.358618	0.359705	0.358686	0.621304	0.589395	0.695759	0.600897	0.599258	0.600381	0.371431	0.378696	0.455534	0.454856	0.457817	0.461466	0.355494	0.338812	0.344716	0.355201	0.353846	0.35646	0	0.277851	0.278317	0.284209	0.284402	0.285244	0.386987	0.393241	0.464214	0.465124	0.466421	0.469231	0.36595	0.341448	0.345281	0.357928	0.358892	0.363755	0.606332	0.589237	0.586611	0.586546	0.586329	0.588658	0.580437	0.567455	0.571785	0.56953	0.567932	0.568455	0.968014	0.965937	0.966628	0.967665	0.966207	0.966654	0.443647	0.453969	0.454322	0.391271	0.39446	0.391128	0.551745	0.550931	0.551949	0.538103	0.539992	0.538503	0.541433	0.490549	0.490012	0.521846	0.518782	0.52128	0.490109	0.480653	0.475406	0.471593	0.467171	0.466212	0.557081	0.558706	0.560687	0.549911	0.550754	0.55045
ERR607850-k20-n1-x5e9	0.37892	0.381258	0.376344	0.390519	0.389853	0.392738	0.362769	0.359547	0.359181	0.356819	0.357755	0.357004	0.61956	0.58594	0.696479	0.598451	0.59662	0.597734	0.372348	0.381081	0.449634	0.449473	0.452403	0.456186	0.35856	0.336824	0.341331	0.350597	0.349488	0.352166	0.277851	0	0.277361	0.280366	0.280717	0.281557	0.387263	0.394598	0.458239	0.459548	0.460955	0.463698	0.368755	0.33923	0.341901	0.353045	0.353869	0.358789	0.60585	0.58722	0.584145	0.583757	0.583587	0.586515	0.580164	0.564852	0.568554	0.566604	0.5652	0.565522	0.967589	0.964745	0.9653	0.966377	0.965042	0.965365	0.43724	0.447162	0.447829	0.387117	0.389752	0.3869	0.548497	0.547197	0.548435	0.53657	0.538131	0.536937	0.543745	0.489307	0.488564	0.522544	0.520133	0.522606	0.48567	0.476741	0.471732	0.468358	0.466639	0.465426	0.552581	0.55383	0.555938	0.546055	0.54655	0.546248
ERR607851-k20-n1-x5e9	0.382424	0.385299	0.379709	0.395118	0.394113	0.397139	0.365867	0.362315	0.361296	0.359407	0.360535	0.359772	0.625697	0.591822	0.698616	0.603857	0.60214	0.603255	0.37324	0.381574	0.456337	0.456231	0.459418	0.463568	0.358994	0.337855	0.342621	0.353823	0.352596	0.355584	0.278317	0.277361	0	0.282632	0.282273	0.283019	0.389121	0.396138	0.465255	0.466704	0.468246	0.471465	0.370652	0.341481	0.344592	0.357247	0.358367	0.363463	0.609792	0.591317	0.588329	0.587944	0.587834	0.590644	0.586074	0.57046	0.573993	0.572301	0.570793	0.571257	0.969757	0.966742	0.967241	0.968312	0.966979	0.967331	0.44287	0.452738	0.453671	0.389347	0.392457	0.38904	0.553639	0.552256	0.553841	0.539712	0.541529	0.540132	0.542763	0.487589	0.487069	0.519219	0.51655	0.519011	0.488564	0.479479	0.474611	0.469905	0.468729	0.46752	0.558083	0.559194	0.561855	0.550715	0.551019	0.550747
ERR607852-k20-n1-x5e9	0.374475	0.375666	0.371472	0.378842	0.378277	0.380711	0.356465	0.356747	0.360576	0.354775	0.355087	0.355218	0.615052	0.576354	0.701071	0.591915	0.589549	0.59082	0.377867	0.390451	0.428084	0.428852	0.431935	0.435995	0.374239	0.334334	0.333888	0.337468	0.33686	0.338839	0.284209	0.280366	0.282632	0	0.271697	0.271228	0.390472	0.401135	0.436741	0.438859	0.440378	0.443533	0.384518	0.339097	0.337096	0.341467	0.341926	0.345456	0.60437	0.582122	0.577242	0.576507	0.575996	0.58124	0.580569	0.557992	0.559607	0.558911	0.557703	0.557831	0.967549	0.962389	0.962244	0.96367	0.962346	0.962663	0.416659	0.425244	0.426353	0.375741	0.377974	0.3759	0.539794	0.537058	0.53899	0.533472	0.534789	0.534232	0.55522	0.489771	0.488535	0.530227	0.52837	0.531134	0.471671	0.464926	0.460944	0.459845	0.467147	0.46413	0.540868	0.540057	0.542643	0.536407	0.536013	0.53559
ERR607853-k20-n1-x5e9	0.374167	0.375042	0.371008	0.37838	0.377904	0.380233	0.355923	0.356486	0.360057	0.35443	0.354496	0.354665	0.614889	0.576006	0.701091	0.591457	0.589077	0.590288	0.377912	0.390632	0.428183	0.429067	0.432195	0.436298	0.374132	0.333614	0.333371	0.337073	0.336431	0.33824	0.284402	0.280717	0.282273	0.271697	0	0.271394	0.390842	0.401663	0.436493	0.438707	0.440325	0.44346	0.384802	0.338958	0.33658	0.340983	0.341871	0.345219	0.6039	0.581351	0.576577	0.575635	0.575276	0.58046	0.580799	0.557699	0.559153	0.558558	0.55738	0.557602	0.967442	0.962148	0.961941	0.963392	0.962118	0.96243	0.415907	0.424511	0.42556	0.374924	0.376966	0.375123	0.538963	0.536134	0.538165	0.532821	0.534158	0.533442	0.554684	0.488717	0.487314	0.529392	0.527418	0.52994	0.470697	0.464071	0.46008	0.458789	0.46666	0.46365	0.540037	0.539016	0.541931	0.535571	0.535109	0.53461
ERR607854-k20-n1-x5e9	0.374639	0.375567	0.371861	0.378427	0.377912	0.38006	0.356249	0.356731	0.360641	0.354825	0.354974	0.355226	0.614528	0.575293	0.700898	0.591128	0.588677	0.58984	0.378758	0.391716	0.426703	0.42777	0.430771	0.434795	0.375842	0.334196	0.333197	0.336992	0.336177	0.337987	0.285244	0.281557	0.283019	0.271228	0.271394	0	0.390894	0.402192	0.435122	0.437303	0.438905	0.442129	0.385861	0.339308	0.336794	0.34108	0.341636	0.344838	0.603881	0.581345	0.576269	0.575514	0.574938	0.580422	0.580196	0.557045	0.558337	0.557738	0.55665	0.556771	0.967348	0.961955	0.961725	0.963255	0.961988	0.962219	0.41509	0.423513	0.42457	0.374857	0.37672	0.37477	0.538494	0.535685	0.537665	0.532858	0.534229	0.533478	0.556037	0.48924	0.487881	0.530794	0.528759	0.531507	0.470121	0.463478	0.459667	0.458434	0.466814	0.463723	0.539384	0.538335	0.541083	0.53511	0.534494	0.534149
ERR605849-k20-n1-x5e9	0.350114	0.353472	0.349649	0.368142	0.366722	0.36902	0.33659	0.330511	0.32541	0.330389	0.331145	0.329996	0.533917	0.521655	0.619128	0.519538	0.520223	0.520551	0.322097	0.326268	0.431825	0.430071	0.433103	0.436448	0.364815	0.355285	0.361559	0.369479	0.368644	0.368579	0.386987	0.387263	0.389121	0.390472	0.390842	0.390894	0	0.270086	0.398501	0.399698	0.401267	0.404731	0.364005	0.347583	0.353563	0.364542	0.364982	0.368883	0.504324	0.497482	0.500694	0.501922	0.502883	0.498112	0.516637	0.511048	0.51772	0.513334	0.511598	0.512397	0.935911	0.941996	0.944723	0.944593	0.943255	0.943892	0.437288	0.44932	0.448264	0.388633	0.390666	0.388076	0.481219	0.484852	0.484492	0.460297	0.461366	0.460679	0.509814	0.468218	0.467745	0.500271	0.497642	0.500394	0.489455	0.47835	0.47267	0.471708	0.459018	0.458847	0.505822	0.51458	0.516123	0.492941	0.495375	0.49577
ERR605850-k20-n1-x5e9	0.359754	0.364327	0.359856	0.381965	0.380756	0.383516	0.34811	0.339309	0.331486	0.339647	0.340609	0.33898	0.538053	0.531133	0.611276	0.526278	0.527643	0.528018	0.323922	0.323395	0.45051	0.44778	0.450445	0.453579	0.361366	0.364167	0.373414	0.383573	0.382584	0.382488	0.393241	0.394598	0.396138	0.401135	0.401663	0.402192	0.270086	0	0.419846	0.419905	0.421144	0.424057	0.358371	0.355658	0.364081	0.378423	0.378636	0.382953	0.506518	0.504586	0.509211	0.510934	0.512195	0.505221	0.515101	0.517712	0.526453	0.52105	0.518607	0.519791	0.936032	0.944489	0.947775	0.947336	0.945848	0.946574	0.455219	0.467684	0.466364	0.402568	0.404857	0.401621	0.491299	0.495811	0.495032	0.465642	0.467068	0.465424	0.50207	0.472406	0.472592	0.4977	0.493821	0.496528	0.502366	0.489811	0.483763	0.481953	0.461113	0.462358	0.517345	0.5274	0.52836	0.50315	0.506411	0.50686
ERR605851-k20-n1-x5e9	0.39637	0.391213	0.397554	0.371462	0.371715	0.369725	0.393134	0.407164	0.423103	0.411666	0.406726	0.411763	0.525702	0.483875	0.713707	0.50627	0.501887	0.503026	0.449361	0.47036	0.321788	0.325635	0.325128	0.325381	0.494872	0.431563	0.417683	0.39061	0.391744	0.386857	0.464214	0.458239	0.465255	0.436741	0.436493	0.435122	0.398501	0.419846	0	0.250617	0.251387	0.25289	0.495744	0.428324	0.413851	0.383552	0.38186	0.375371	0.551029	0.514176	0.501752	0.500253	0.497358	0.512503	0.560798	0.506106	0.49654	0.5023	0.501007	0.499995	0.951627	0.942796	0.940878	0.943295	0.941861	0.942206	0.364293	0.36358	0.360968	0.414007	0.409117	0.414403	0.4634	0.45686	0.457733	0.509065	0.505823	0.509491	0.641575	0.568559	0.565998	0.627952	0.627659	0.630106	0.475254	0.48149	0.484334	0.505148	0.535838	0.527364	0.463905	0.456924	0.455458	0.478694	0.477867	0.476657
ERR605852-k20-n1-x5e9	0.399046	0.39461	0.400868	0.37581	0.375988	0.374122	0.394177	0.40766	0.424344	0.412858	0.408038	0.412951	0.525865	0.486041	0.714239	0.507664	0.503621	0.504562	0.449786	0.469984	0.323902	0.321652	0.320969	0.320518	0.495789	0.435843	0.423017	0.395182	0.396197	0.390739	0.465124	0.459548	0.466704	0.438859	0.438707	0.437303	0.399698	0.419905	0.250617	0	0.244768	0.245536	0.496369	0.432209	0.418652	0.387571	0.385765	0.379155	0.552109	0.516707	0.504866	0.503871	0.501016	0.514761	0.560064	0.507129	0.498594	0.503859	0.501429	0.500625	0.952002	0.943766	0.942104	0.944451	0.942764	0.943095	0.370364	0.370181	0.366967	0.419276	0.414072	0.419382	0.466826	0.460959	0.4612	0.511584	0.5083	0.511914	0.642514	0.572284	0.56988	0.628987	0.627889	0.630341	0.477846	0.483083	0.486755	0.507531	0.534125	0.525734	0.467965	0.461725	0.45948	0.482299	0.482707	0.481556
ERR605853-k20-n1-x5e9	0.399512	0.39526	0.401834	0.37663	0.376822	0.374915	0.395771	0.408943	0.425507	0.414351	0.409419	0.414303	0.523769	0.484554	0.713993	0.506224	0.502302	0.503201	0.451237	0.471126	0.324621	0.322034	0.321039	0.320458	0.496292	0.437344	0.424658	0.396608	0.397655	0.392143	0.466421	0.460955	0.468246	0.440378	0.440325	0.438905	0.401267	0.421144	0.251387	0.244768	0	0.245001	0.496469	0.433151	0.419793	0.388552	0.3867	0.379944	0.551875	0.51688	0.504994	0.504037	0.50115	0.514915	0.55812	0.505845	0.497255	0.502462	0.499802	0.499245	0.95165	0.943623	0.941988	0.944289	0.942588	0.942935	0.370962	0.370958	0.367383	0.420715	0.415798	0.42102	0.465852	0.460199	0.46013	0.511676	0.508242	0.511892	0.643043	0.574068	0.571773	0.630325	0.629309	0.631853	0.479147	0.484413	0.487997	0.509081	0.53458	0.526321	0.46756	0.461369	0.458782	0.482181	0.482852	0.481787
ERR605854-k20-n1-x5e9	0.402402	0.398093	0.404957	0.37957	0.379884	0.378008	0.399179	0.412127	0.428506	0.417763	0.412697	0.417637	0.523423	0.48498	0.715316	0.506931	0.502821	0.503832	0.454277	0.473983	0.325982	0.323148	0.321597	0.320632	0.498719	0.440986	0.428636	0.400258	0.40131	0.39562	0.469231	0.463698	0.471465	0.443533	0.44346	0.442129	0.404731	0.424057	0.25289	0.245536	0.245001	0	0.498606	0.436389	0.423472	0.39183	0.389937	0.383145	0.552628	0.518156	0.506358	0.505604	0.502604	0.516287	0.558291	0.506397	0.498142	0.503221	0.500443	0.499863	0.951896	0.944078	0.942477	0.944753	0.943003	0.943361	0.373952	0.374	0.369974	0.42506	0.420022	0.42528	0.467367	0.461872	0.461461	0.514117	0.510685	0.514378	0.645757	0.578745	0.576394	0.634302	0.6331	0.635553	0.482574	0.487642	0.491319	0.512959	0.537028	0.52894	0.46878	0.462804	0.4595	0.48426	0.485131	0.483868
ERR608525-k20-n1-x5e9	0.36285	0.369227	0.3645	0.392639	0.391723	0.394793	0.378721	0.366562	0.3536	0.363733	0.36606	0.364	0.55046	0.548994	0.603903	0.54238	0.544172	0.544732	0.363507	0.358687	0.496279	0.494221	0.496241	0.498954	0.310604	0.344963	0.360235	0.379065	0.377697	0.378859	0.36595	0.368755	0.370652	0.384518	0.384802	0.385861	0.364005	0.358371	0.495744	0.496369	0.496469	0.498606	0	0.303106	0.3186	0.344323	0.345843	0.352778	0.544186	0.546215	0.551328	0.552795	0.553673	0.546709	0.510525	0.528189	0.541056	0.533515	0.531961	0.533603	0.937288	0.948897	0.953146	0.952126	0.950861	0.951588	0.466579	0.480844	0.478831	0.402635	0.406098	0.401654	0.507004	0.512997	0.511364	0.474701	0.477189	0.474172	0.492793	0.484515	0.484988	0.498993	0.494016	0.496644	0.53086	0.516935	0.509095	0.504072	0.47445	0.47778	0.532685	0.544381	0.544479	0.517845	0.521608	0.522189
