	ERR608007-k20-n1-x5e9	ERR608008-k20-n1-x5e9	ERR608009-k20-n1-x5e9	ERR608010-k20-n1-x5e9	ERR608011-k20-n1-x5e9	ERR608012-k20-n1-x5e9	ERR609113-k20-n1-x5e9	ERR609114-k20-n1-x5e9	ERR609115-k20-n1-x5e9	ERR609116-k20-n1-x5e9	ERR609117-k20-n1-x5e9	ERR609118-k20-n1-x5e9	ERR608093-k20-n1-x5e9	ERR608094-k20-n1-x5e9	ERR608095-k20-n1-x5e9	ERR608096-k20-n1-x5e9	ERR608097-k20-n1-x5e9	ERR608098-k20-n1-x5e9	ERR608245-k20-n1-x5e9	ERR608246-k20-n1-x5e9	ERR608247-k20-n1-x5e9	ERR608248-k20-n1-x5e9	ERR608249-k20-n1-x5e9	ERR608250-k20-n1-x5e9	ERR608695-k20-n1-x5e9	ERR608696-k20-n1-x5e9	ERR608697-k20-n1-x5e9	ERR608698-k20-n1-x5e9	ERR608699-k20-n1-x5e9	ERR608700-k20-n1-x5e9	ERR608853-k20-n1-x5e9	ERR608854-k20-n1-x5e9	ERR608855-k20-n1-x5e9	ERR608856-k20-n1-x5e9	ERR608857-k20-n1-x5e9	ERR608858-k20-n1-x5e9	ERR608823-k20-n1-x5e9	ERR608824-k20-n1-x5e9	ERR608825-k20-n1-x5e9	ERR608826-k20-n1-x5e9	ERR608827-k20-n1-x5e9	ERR608828-k20-n1-x5e9	ERR609523-k20-n1-x5e9	ERR609524-k20-n1-x5e9	ERR609525-k20-n1-x5e9	ERR609526-k20-n1-x5e9	ERR609527-k20-n1-x5e9	ERR609528-k20-n1-x5e9	ERR607681-k20-n1-x5e9	ERR607682-k20-n1-x5e9	ERR607683-k20-n1-x5e9	ERR607684-k20-n1-x5e9	ERR607685-k20-n1-x5e9	ERR607686-k20-n1-x5e9	ERR605934-k20-n1-x5e9	ERR605935-k20-n1-x5e9	ERR605936-k20-n1-x5e9	ERR605937-k20-n1-x5e9	ERR605938-k20-n1-x5e9	ERR605939-k20-n1-x5e9	ERR608647-k20-n1-x5e9	ERR608648-k20-n1-x5e9	ERR608649-k20-n1-x5e9	ERR608650-k20-n1-x5e9	ERR608651-k20-n1-x5e9	ERR608652-k20-n1-x5e9	ERR605659-k20-n1-x5e9	ERR605660-k20-n1-x5e9	ERR605661-k20-n1-x5e9	ERR605662-k20-n1-x5e9	ERR605663-k20-n1-x5e9	ERR605664-k20-n1-x5e9	ERR607747-k20-n1-x5e9	ERR607748-k20-n1-x5e9	ERR607749-k20-n1-x5e9	ERR607750-k20-n1-x5e9	ERR607751-k20-n1-x5e9	ERR607752-k20-n1-x5e9	ERR605988-k20-n1-x5e9	ERR605989-k20-n1-x5e9	ERR605990-k20-n1-x5e9	ERR605991-k20-n1-x5e9	ERR605992-k20-n1-x5e9	ERR605993-k20-n1-x5e9	ERR606000-k20-n1-x5e9	ERR606001-k20-n1-x5e9	ERR606002-k20-n1-x5e9	ERR606003-k20-n1-x5e9	ERR606004-k20-n1-x5e9	ERR606005-k20-n1-x5e9	ERR608117-k20-n1-x5e9	ERR608118-k20-n1-x5e9	ERR608119-k20-n1-x5e9	ERR608120-k20-n1-x5e9	ERR608121-k20-n1-x5e9	ERR608122-k20-n1-x5e9
ERR608007-k20-n1-x5e9	0	0.407048	0.354915	0.46139	0.456821	0.463811	0.376699	0.400488	0.373514	0.381126	0.382398	0.380022	0.425684	0.471075	0.492695	0.524497	0.528193	0.522282	0.337294	0.363718	0.386209	0.354273	0.353478	0.344548	0.379995	0.420727	0.433483	0.418953	0.418985	0.418651	0.445277	0.471362	0.4773	0.469974	0.469353	0.470185	0.394567	0.414887	0.424407	0.412226	0.411329	0.41246	0.483568	0.483515	0.443107	0.574652	0.562167	0.564662	0.620649	0.623371	0.628953	0.607347	0.610213	0.614894	0.493973	0.538586	0.540887	0.49687	0.496674	0.495682	0.589404	0.586748	0.591	0.58831	0.58763	0.587689	0.554992	0.544137	0.54154	0.535133	0.557276	0.552337	0.623975	0.622068	0.624898	0.627043	0.627332	0.62735	0.516258	0.538303	0.540455	0.506353	0.508856	0.50685	0.555946	0.574767	0.576302	0.54269	0.544571	0.542908	0.612399	0.611912	0.615295	0.60216	0.599106	0.599017
ERR608008-k20-n1-x5e9	0.407048	0	0.269049	0.264462	0.262796	0.265705	0.420139	0.550015	0.43453	0.404766	0.404282	0.413863	0.360207	0.341182	0.343259	0.359377	0.3612	0.358014	0.425612	0.354021	0.33642	0.377369	0.379393	0.392095	0.445057	0.361702	0.355569	0.361614	0.363297	0.363884	0.465949	0.399997	0.391674	0.396516	0.397532	0.397455	0.458415	0.365757	0.354682	0.363559	0.365112	0.364627	0.42151	0.423228	0.509603	0.431082	0.429742	0.432243	0.579838	0.573267	0.578762	0.58857	0.585052	0.581013	0.498286	0.451798	0.451245	0.474326	0.475003	0.476169	0.541043	0.507726	0.498859	0.500049	0.500882	0.508059	0.478631	0.482455	0.484461	0.482899	0.498329	0.496497	0.560895	0.54425	0.549113	0.551419	0.550882	0.551533	0.534648	0.461134	0.460277	0.488255	0.488692	0.489142	0.543154	0.489632	0.488759	0.505062	0.506783	0.507289	0.536504	0.523699	0.528161	0.542391	0.535977	0.534277
ERR608009-k20-n1-x5e9	0.354915	0.269049	0	0.307984	0.30488	0.310325	0.387343	0.504209	0.400243	0.375348	0.375217	0.383972	0.358781	0.36134	0.371667	0.398219	0.401083	0.396429	0.385487	0.328471	0.321388	0.347029	0.348426	0.356967	0.412938	0.353295	0.35308	0.35266	0.35375	0.354392	0.452518	0.407213	0.402868	0.404295	0.404951	0.405148	0.431309	0.359778	0.354247	0.357043	0.358085	0.357951	0.427852	0.428911	0.485298	0.469396	0.463683	0.466422	0.587524	0.583537	0.589857	0.589671	0.588232	0.586738	0.484949	0.463084	0.46335	0.464537	0.46565	0.466026	0.550885	0.524439	0.519357	0.518876	0.519414	0.525199	0.491969	0.491143	0.491827	0.487807	0.508385	0.50536	0.574666	0.561877	0.566856	0.569211	0.569049	0.569622	0.521042	0.471127	0.471071	0.479802	0.481105	0.480898	0.540801	0.505405	0.505387	0.505902	0.508137	0.507836	0.552327	0.542689	0.547629	0.552876	0.5466	0.545386
ERR608010-k20-n1-x5e9	0.46139	0.264462	0.307984	0	0.245089	0.244069	0.461939	0.59629	0.477034	0.445154	0.444163	0.453892	0.381145	0.343784	0.336514	0.338563	0.339212	0.338288	0.471574	0.394107	0.370678	0.419766	0.42168	0.437054	0.484183	0.387566	0.377818	0.38842	0.390006	0.390953	0.489003	0.409182	0.398246	0.405682	0.407086	0.406619	0.491907	0.388269	0.374215	0.386804	0.38882	0.387745	0.430479	0.43246	0.540124	0.405311	0.409346	0.411295	0.581618	0.57297	0.577584	0.596605	0.591545	0.58538	0.523708	0.456003	0.4546	0.49731	0.497826	0.499769	0.542279	0.502971	0.490596	0.493118	0.49433	0.502811	0.479763	0.488464	0.491546	0.492528	0.501998	0.501926	0.557398	0.537431	0.541954	0.54393	0.543284	0.543919	0.55822	0.466626	0.465029	0.509654	0.509234	0.510405	0.555593	0.486532	0.485314	0.516073	0.517368	0.518594	0.531565	0.515999	0.519434	0.542502	0.536341	0.534319
ERR608011-k20-n1-x5e9	0.456821	0.262796	0.30488	0.245089	0	0.244793	0.457784	0.592064	0.472535	0.441179	0.44018	0.449603	0.378096	0.342739	0.336606	0.339486	0.339908	0.339092	0.466991	0.390313	0.367222	0.415507	0.417399	0.432557	0.479442	0.384017	0.374741	0.384908	0.386674	0.387506	0.485206	0.406282	0.395502	0.402877	0.404057	0.403761	0.487528	0.38453	0.370802	0.383192	0.384962	0.384058	0.427399	0.429429	0.536026	0.40461	0.408155	0.410276	0.579576	0.571198	0.575768	0.594238	0.589175	0.583187	0.519978	0.454597	0.45323	0.494332	0.494916	0.496755	0.540184	0.501621	0.489578	0.492035	0.493259	0.501491	0.477447	0.486015	0.488879	0.48986	0.499309	0.498974	0.55583	0.536212	0.540696	0.542608	0.541985	0.542679	0.554573	0.464771	0.463264	0.506518	0.506163	0.507278	0.552545	0.485362	0.484038	0.513566	0.514853	0.515893	0.53012	0.514917	0.518216	0.540776	0.534561	0.532706
ERR608012-k20-n1-x5e9	0.463811	0.265705	0.310325	0.244069	0.244793	0	0.463578	0.598039	0.478315	0.446751	0.445771	0.455326	0.381537	0.343983	0.336551	0.33745	0.337781	0.337224	0.472918	0.395702	0.37229	0.421191	0.423213	0.438464	0.484908	0.388418	0.378494	0.389367	0.390906	0.391853	0.488155	0.407772	0.396777	0.404471	0.405828	0.405331	0.491892	0.388059	0.373884	0.386629	0.388644	0.387605	0.42926	0.431186	0.540136	0.401699	0.405939	0.407835	0.580006	0.571528	0.575873	0.595635	0.59033	0.584016	0.52395	0.456262	0.454889	0.498102	0.498572	0.500501	0.540818	0.501341	0.488914	0.491631	0.492647	0.501228	0.478808	0.48778	0.490799	0.492103	0.50085	0.500843	0.555766	0.535606	0.540025	0.541913	0.541244	0.541878	0.558324	0.466647	0.464974	0.510172	0.509533	0.51082	0.554736	0.485753	0.484443	0.515823	0.517129	0.518311	0.5298	0.514237	0.517437	0.541343	0.535096	0.533189
ERR609113-k20-n1-x5e9	0.376699	0.420139	0.387343	0.461939	0.457784	0.463578	0	0.363955	0.265476	0.263328	0.262724	0.262844	0.372971	0.415858	0.437991	0.47023	0.473923	0.468032	0.354145	0.34865	0.360399	0.344541	0.34434	0.343322	0.402724	0.401738	0.410841	0.40062	0.400333	0.400315	0.424665	0.429517	0.433309	0.427609	0.426344	0.427836	0.404735	0.389013	0.39423	0.385637	0.38458	0.385348	0.394261	0.394029	0.385547	0.502677	0.488499	0.491848	0.580356	0.581967	0.587492	0.569616	0.57125	0.574641	0.483705	0.508906	0.511016	0.478832	0.47737	0.476453	0.548947	0.544545	0.548176	0.545971	0.545075	0.545673	0.500443	0.49021	0.48973	0.483861	0.504543	0.499898	0.584167	0.582388	0.585135	0.5886	0.588708	0.588943	0.505142	0.502914	0.504438	0.482809	0.482981	0.481313	0.493629	0.505463	0.50703	0.473616	0.473588	0.471729	0.578065	0.577733	0.581275	0.567843	0.565673	0.565426
ERR609114-k20-n1-x5e9	0.400488	0.550015	0.504209	0.59629	0.592064	0.598039	0.363955	0	0.349151	0.381546	0.38218	0.372214	0.497235	0.553741	0.577688	0.608939	0.612609	0.606871	0.402998	0.455018	0.480542	0.435128	0.433755	0.421391	0.454477	0.514952	0.528883	0.513088	0.512382	0.512152	0.48716	0.542641	0.551716	0.541858	0.540097	0.541853	0.446994	0.500255	0.512865	0.497517	0.49562	0.496751	0.514728	0.513202	0.406885	0.63344	0.617817	0.620475	0.651757	0.658255	0.66283	0.629243	0.634564	0.642575	0.543038	0.609604	0.612804	0.554422	0.552664	0.550857	0.627256	0.639377	0.6481	0.644682	0.643169	0.640258	0.599691	0.583735	0.581001	0.573782	0.59343	0.587859	0.666797	0.672186	0.673554	0.676489	0.676805	0.6768	0.550744	0.600861	0.603688	0.555322	0.556541	0.5536	0.559344	0.612064	0.614633	0.560433	0.560294	0.557677	0.66636	0.671445	0.673847	0.649867	0.64948	0.650117
ERR609115-k20-n1-x5e9	0.373514	0.43453	0.400243	0.477034	0.472535	0.478315	0.265476	0.349151	0	0.272441	0.272188	0.266802	0.380133	0.429814	0.453457	0.483965	0.48776	0.481837	0.349577	0.357765	0.373644	0.348711	0.348109	0.345202	0.397739	0.412644	0.424067	0.411849	0.411705	0.411448	0.412354	0.430797	0.437087	0.429561	0.42774	0.429349	0.392434	0.392994	0.401243	0.390014	0.388852	0.389638	0.395942	0.395516	0.368273	0.509815	0.494204	0.49741	0.577252	0.580371	0.585092	0.564681	0.567198	0.571318	0.482225	0.520248	0.522553	0.484677	0.482436	0.481563	0.54589	0.547276	0.552767	0.550461	0.549145	0.548241	0.505494	0.49379	0.49268	0.487477	0.504825	0.500308	0.584316	0.584615	0.586506	0.589721	0.590019	0.590025	0.499584	0.511425	0.513625	0.486353	0.486266	0.484367	0.488953	0.513769	0.515724	0.477158	0.476685	0.474943	0.579852	0.58161	0.584294	0.568762	0.56755	0.567426
ERR609116-k20-n1-x5e9	0.381126	0.404766	0.375348	0.445154	0.441179	0.446751	0.263328	0.381546	0.272441	0	0.257667	0.261174	0.363637	0.40082	0.421667	0.454511	0.458173	0.452323	0.357431	0.340604	0.348867	0.341376	0.341711	0.342442	0.403703	0.390117	0.397783	0.388825	0.388728	0.388896	0.429549	0.423351	0.42568	0.421189	0.420006	0.421423	0.411502	0.382784	0.385935	0.379156	0.378367	0.379092	0.389459	0.389214	0.39853	0.490714	0.477625	0.481034	0.580081	0.580418	0.58634	0.571737	0.572604	0.575129	0.483898	0.498373	0.500236	0.474192	0.472862	0.472054	0.547542	0.539008	0.541197	0.539148	0.538372	0.53994	0.493433	0.485052	0.484946	0.479037	0.50099	0.496491	0.580858	0.577166	0.580552	0.584077	0.584148	0.584426	0.508387	0.494139	0.495571	0.479918	0.479962	0.478413	0.495479	0.49701	0.498318	0.470258	0.470144	0.468699	0.572925	0.57114	0.575205	0.564524	0.561535	0.561114
ERR609117-k20-n1-x5e9	0.382398	0.404282	0.375217	0.444163	0.44018	0.445771	0.262724	0.38218	0.272188	0.257667	0	0.260897	0.362109	0.398748	0.419636	0.451913	0.455472	0.44971	0.357972	0.34096	0.348912	0.341468	0.341354	0.342571	0.404347	0.390524	0.398059	0.389141	0.389069	0.389115	0.427537	0.420829	0.423149	0.418738	0.417374	0.418968	0.410469	0.381656	0.384802	0.378038	0.376927	0.377936	0.386768	0.386511	0.396668	0.487753	0.474538	0.478056	0.577648	0.577933	0.583735	0.569518	0.570351	0.572635	0.483532	0.498171	0.499859	0.474223	0.472699	0.472019	0.545023	0.536676	0.538868	0.536923	0.536071	0.537476	0.492126	0.483781	0.483713	0.477968	0.499109	0.494743	0.578322	0.57477	0.578094	0.581604	0.581591	0.581894	0.507662	0.493422	0.49479	0.479654	0.479564	0.477814	0.493928	0.495375	0.496605	0.468882	0.468945	0.467452	0.570742	0.568951	0.572941	0.56233	0.559289	0.558963
ERR609118-k20-n1-x5e9	0.380022	0.413863	0.383972	0.453892	0.449603	0.455326	0.262844	0.372214	0.266802	0.261174	0.260897	0	0.365098	0.407899	0.430052	0.460754	0.464448	0.458623	0.352871	0.345802	0.356672	0.34166	0.341711	0.341493	0.399459	0.397113	0.406626	0.396143	0.395865	0.395796	0.417071	0.420638	0.424723	0.418407	0.416973	0.41831	0.400432	0.382599	0.388043	0.37915	0.37812	0.378828	0.385774	0.385259	0.383953	0.490905	0.476646	0.479951	0.574856	0.576532	0.581302	0.565051	0.566505	0.569444	0.481062	0.505616	0.507786	0.477482	0.475102	0.474343	0.54215	0.538433	0.542054	0.540048	0.538947	0.539037	0.494382	0.484539	0.484392	0.479154	0.49693	0.492674	0.57828	0.57649	0.57867	0.582108	0.582265	0.58244	0.502219	0.498595	0.500448	0.480562	0.480031	0.478238	0.488438	0.499702	0.501406	0.469534	0.468623	0.467256	0.57179	0.571712	0.574631	0.562255	0.560485	0.560235
ERR608093-k20-n1-x5e9	0.425684	0.360207	0.358781	0.381145	0.378096	0.381537	0.372971	0.497235	0.380133	0.363637	0.362109	0.365098	0	0.267173	0.289539	0.317102	0.321323	0.314505	0.385878	0.340294	0.33501	0.347021	0.3481	0.359389	0.435995	0.394395	0.398451	0.395534	0.395317	0.396024	0.368229	0.322167	0.321711	0.319664	0.319428	0.319842	0.406869	0.339531	0.337253	0.337067	0.337497	0.337161	0.337151	0.337456	0.415234	0.415587	0.399801	0.403376	0.496662	0.493719	0.497921	0.501064	0.498197	0.495246	0.487022	0.47812	0.478924	0.479686	0.478088	0.478966	0.453752	0.44411	0.447765	0.445795	0.444718	0.444936	0.455736	0.453388	0.455123	0.455255	0.462122	0.460557	0.488172	0.485618	0.48813	0.491936	0.492007	0.492014	0.508696	0.467627	0.4687	0.47885	0.478432	0.477604	0.46916	0.450302	0.45118	0.447075	0.446753	0.447278	0.479518	0.478633	0.482035	0.474742	0.473153	0.472561
ERR608094-k20-n1-x5e9	0.471075	0.341182	0.36134	0.343784	0.342739	0.343983	0.415858	0.553741	0.429814	0.40082	0.398748	0.407899	0.267173	0	0.241606	0.262214	0.264985	0.260093	0.437377	0.36584	0.34592	0.385851	0.387596	0.402433	0.477311	0.399816	0.394964	0.400783	0.401041	0.40206	0.421042	0.341022	0.331764	0.337591	0.338524	0.338474	0.459158	0.361754	0.350242	0.359385	0.360692	0.360118	0.35715	0.358202	0.47217	0.391601	0.382773	0.386275	0.514072	0.505966	0.511099	0.527726	0.522337	0.515711	0.515386	0.467686	0.466759	0.494333	0.494528	0.495868	0.470477	0.442515	0.438702	0.438228	0.438131	0.443576	0.457964	0.463135	0.466531	0.467468	0.476243	0.475778	0.493143	0.48237	0.487179	0.49091	0.490592	0.491047	0.542587	0.465259	0.464635	0.498465	0.498457	0.498321	0.497918	0.442146	0.441578	0.46252	0.463087	0.464111	0.478655	0.470596	0.475859	0.482397	0.477686	0.476435
ERR608095-k20-n1-x5e9	0.492695	0.343259	0.371667	0.336514	0.336606	0.336551	0.437991	0.577688	0.453457	0.421667	0.419636	0.430052	0.289539	0.241606	0	0.249085	0.250694	0.247604	0.460827	0.383792	0.359861	0.406588	0.408502	0.42411	0.496581	0.409246	0.401366	0.410218	0.4105	0.411791	0.445021	0.357579	0.345928	0.353749	0.355245	0.354989	0.48158	0.37784	0.363645	0.375456	0.377051	0.376377	0.372471	0.373888	0.496366	0.38669	0.381415	0.384669	0.525998	0.516179	0.521324	0.54255	0.536394	0.528822	0.529411	0.468593	0.467087	0.504573	0.505183	0.506795	0.482542	0.448325	0.441109	0.441491	0.441897	0.449202	0.463945	0.472008	0.475882	0.477288	0.485871	0.485767	0.500767	0.486652	0.49203	0.495669	0.495185	0.495773	0.55764	0.469257	0.46787	0.510077	0.510019	0.510207	0.512834	0.444761	0.443486	0.47409	0.474746	0.475991	0.484458	0.473417	0.479056	0.492004	0.486163	0.484488
ERR608096-k20-n1-x5e9	0.524497	0.359377	0.398219	0.338563	0.339486	0.33745	0.47023	0.608939	0.483965	0.454511	0.451913	0.460754	0.317102	0.262214	0.249085	0	0.233321	0.233602	0.488414	0.412159	0.386988	0.433083	0.434852	0.451477	0.515579	0.425902	0.417642	0.427776	0.427887	0.428956	0.457222	0.365225	0.352971	0.361989	0.363346	0.362414	0.49783	0.392105	0.377603	0.390511	0.391988	0.391177	0.38091	0.382519	0.516086	0.359809	0.358664	0.361038	0.527972	0.516984	0.520023	0.549161	0.541865	0.532974	0.543413	0.478158	0.476438	0.521739	0.521888	0.524043	0.483906	0.445977	0.435894	0.438419	0.438798	0.446431	0.467538	0.477969	0.482707	0.486814	0.487612	0.488951	0.498815	0.481869	0.485906	0.488611	0.487984	0.48859	0.569215	0.477587	0.475979	0.525335	0.524706	0.525505	0.522875	0.449838	0.448403	0.488308	0.488651	0.490597	0.48256	0.469762	0.472888	0.496324	0.491798	0.489917
ERR608097-k20-n1-x5e9	0.528193	0.3612	0.401083	0.339212	0.339908	0.337781	0.473923	0.612609	0.48776	0.458173	0.455472	0.464448	0.321323	0.264985	0.250694	0.233321	0	0.233707	0.492332	0.415607	0.390054	0.436639	0.438438	0.455111	0.518737	0.428043	0.419598	0.430094	0.430277	0.431205	0.460967	0.368391	0.355934	0.36512	0.366482	0.365657	0.501232	0.3951	0.380498	0.393578	0.395233	0.394344	0.383546	0.385236	0.5196	0.358601	0.358173	0.360346	0.530373	0.519132	0.522031	0.551831	0.544525	0.5355	0.54654	0.479996	0.478098	0.524647	0.52476	0.526983	0.486424	0.447547	0.436995	0.439669	0.440112	0.44792	0.469409	0.480231	0.484935	0.489291	0.489676	0.491061	0.500428	0.483014	0.486909	0.489643	0.488953	0.48956	0.572254	0.479628	0.478017	0.528119	0.527547	0.528505	0.525849	0.451358	0.449877	0.491131	0.491307	0.493214	0.484213	0.471165	0.474157	0.498769	0.494237	0.492285
ERR608098-k20-n1-x5e9	0.522282	0.358014	0.396429	0.338288	0.339092	0.337224	0.468032	0.606871	0.481837	0.452323	0.44971	0.458623	0.314505	0.260093	0.247604	0.233602	0.233707	0	0.486364	0.410105	0.385171	0.431123	0.432958	0.449529	0.513941	0.424533	0.416482	0.426427	0.42648	0.427615	0.455191	0.363501	0.35116	0.36022	0.361486	0.360699	0.496129	0.390591	0.376202	0.388947	0.390564	0.389621	0.379361	0.380839	0.514036	0.36037	0.358781	0.361345	0.526538	0.515697	0.518833	0.547604	0.540361	0.531478	0.54239	0.477937	0.476163	0.520926	0.521087	0.523234	0.482491	0.444908	0.435332	0.437531	0.437871	0.445332	0.467092	0.477403	0.481926	0.485983	0.487065	0.488336	0.497623	0.48107	0.485055	0.487858	0.48725	0.487908	0.568122	0.477207	0.475689	0.524516	0.523875	0.524648	0.521561	0.449094	0.447584	0.487002	0.487435	0.489208	0.481726	0.469247	0.472333	0.494932	0.490358	0.48857
ERR608245-k20-n1-x5e9	0.337294	0.425612	0.385487	0.471574	0.466991	0.472918	0.354145	0.402998	0.349577	0.357431	0.357972	0.352871	0.385878	0.437377	0.460827	0.488414	0.492332	0.486364	0	0.303245	0.32845	0.286865	0.284777	0.27885	0.356336	0.395437	0.409748	0.394654	0.393892	0.392991	0.41993	0.444408	0.451678	0.443101	0.442072	0.442652	0.366339	0.386313	0.397526	0.383666	0.38289	0.383274	0.448861	0.448456	0.423656	0.535677	0.522933	0.525509	0.60393	0.606664	0.610313	0.592806	0.594938	0.598548	0.483033	0.52543	0.528187	0.485957	0.483707	0.48324	0.568025	0.56645	0.570069	0.568777	0.567742	0.566808	0.531701	0.521045	0.520326	0.515309	0.52956	0.525828	0.606459	0.604111	0.605442	0.60822	0.60818	0.608297	0.504523	0.520928	0.523285	0.492176	0.492894	0.490881	0.534605	0.55133	0.552815	0.521177	0.521495	0.520301	0.599255	0.598922	0.600657	0.590563	0.590103	0.589825
ERR608246-k20-n1-x5e9	0.363718	0.354021	0.328471	0.394107	0.390313	0.395702	0.34865	0.455018	0.357765	0.340604	0.34096	0.345802	0.340294	0.36584	0.383792	0.412159	0.415607	0.410105	0.303245	0	0.262915	0.269041	0.26953	0.276852	0.377371	0.346524	0.352659	0.345251	0.344939	0.344724	0.434086	0.410921	0.41068	0.408168	0.40784	0.408136	0.399766	0.352247	0.353139	0.349044	0.349111	0.349584	0.419797	0.420311	0.453353	0.481897	0.473391	0.476508	0.587814	0.585909	0.591375	0.584461	0.584216	0.584437	0.47624	0.476838	0.478087	0.460217	0.459559	0.459946	0.550731	0.532219	0.530354	0.529946	0.529562	0.532982	0.496082	0.491353	0.492424	0.487557	0.506638	0.502973	0.580032	0.570762	0.574402	0.577698	0.577459	0.577784	0.508812	0.478801	0.479786	0.472562	0.473015	0.471906	0.528265	0.50899	0.509542	0.496943	0.497829	0.497274	0.567283	0.56102	0.564845	0.56392	0.56046	0.559446
ERR608247-k20-n1-x5e9	0.386209	0.33642	0.321388	0.370678	0.367222	0.37229	0.360399	0.480542	0.373644	0.348867	0.348912	0.356672	0.33501	0.34592	0.359861	0.386988	0.390054	0.385171	0.32845	0.262915	0	0.282561	0.283645	0.294655	0.396347	0.341964	0.343351	0.34062	0.340868	0.340706	0.44563	0.406577	0.403449	0.403364	0.403266	0.403531	0.418795	0.351883	0.348358	0.349031	0.349238	0.349587	0.416132	0.416686	0.469899	0.464137	0.457859	0.460838	0.58609	0.582405	0.588114	0.586114	0.584797	0.583582	0.482055	0.465185	0.465849	0.460191	0.460231	0.460457	0.548111	0.523897	0.519362	0.519593	0.519524	0.524633	0.488128	0.486154	0.48791	0.48332	0.502878	0.499559	0.574153	0.562168	0.566443	0.569823	0.569416	0.569925	0.517045	0.46997	0.470164	0.474069	0.474289	0.47369	0.530314	0.497363	0.497453	0.493867	0.494848	0.494422	0.559283	0.550711	0.55511	0.558571	0.554103	0.55295
ERR608248-k20-n1-x5e9	0.354273	0.377369	0.347029	0.419766	0.415507	0.421191	0.344541	0.435128	0.348711	0.341376	0.341468	0.34166	0.347021	0.385851	0.406588	0.433083	0.436639	0.431123	0.286865	0.269041	0.282561	0	0.261956	0.265318	0.367253	0.36159	0.371419	0.360651	0.360138	0.359432	0.417845	0.412065	0.415149	0.409769	0.408629	0.409325	0.379866	0.355454	0.360926	0.352367	0.351871	0.351951	0.418892	0.41874	0.433342	0.491654	0.480805	0.483526	0.584511	0.584285	0.588772	0.577524	0.578115	0.579564	0.472728	0.492067	0.493938	0.465913	0.464487	0.464507	0.547672	0.536847	0.537353	0.536865	0.536017	0.537441	0.501332	0.493694	0.494468	0.490258	0.505202	0.501521	0.581214	0.575144	0.57747	0.580349	0.58028	0.580552	0.499941	0.489594	0.491121	0.474232	0.474645	0.473073	0.521209	0.518025	0.519071	0.498408	0.498967	0.498233	0.571364	0.567856	0.570387	0.56582	0.564047	0.563239
ERR608249-k20-n1-x5e9	0.353478	0.379393	0.348426	0.42168	0.417399	0.423213	0.34434	0.433755	0.348109	0.341711	0.341354	0.341711	0.3481	0.387596	0.408502	0.434852	0.438438	0.432958	0.284777	0.26953	0.283645	0.261956	0	0.264775	0.366095	0.362049	0.372325	0.36131	0.360527	0.359852	0.417308	0.412719	0.416095	0.410457	0.409458	0.409994	0.37887	0.356159	0.36188	0.353065	0.352277	0.352846	0.418894	0.418698	0.432394	0.492261	0.481513	0.484005	0.584946	0.5847	0.589044	0.577822	0.578323	0.579856	0.472514	0.492811	0.494813	0.466105	0.464615	0.464678	0.548035	0.537397	0.537863	0.53737	0.536651	0.537958	0.50179	0.494165	0.495016	0.490697	0.505391	0.501975	0.581652	0.575683	0.577855	0.580741	0.58069	0.580822	0.499735	0.490177	0.491852	0.474358	0.474741	0.473428	0.521173	0.518567	0.519529	0.498536	0.499015	0.498232	0.571943	0.568505	0.570985	0.566454	0.564734	0.563846
ERR608250-k20-n1-x5e9	0.344548	0.392095	0.356967	0.437054	0.432557	0.438464	0.343322	0.421391	0.345202	0.342442	0.342571	0.341493	0.359389	0.402433	0.42411	0.451477	0.455111	0.449529	0.27885	0.276852	0.294655	0.265318	0.264775	0	0.362939	0.371114	0.38242	0.370151	0.369137	0.368588	0.419442	0.422922	0.427193	0.420756	0.419645	0.420389	0.375918	0.364763	0.372078	0.361596	0.360892	0.361374	0.427995	0.427621	0.429283	0.507162	0.495595	0.498223	0.59108	0.591543	0.596045	0.582368	0.583442	0.585721	0.47497	0.50206	0.50415	0.470483	0.469002	0.468987	0.555089	0.546618	0.548009	0.547134	0.546337	0.547208	0.511063	0.502313	0.502543	0.497809	0.513357	0.509627	0.589555	0.584368	0.586688	0.589585	0.58953	0.58969	0.500678	0.499004	0.500799	0.478554	0.47919	0.477325	0.524979	0.527695	0.528961	0.504154	0.504826	0.503807	0.580654	0.577959	0.580543	0.573837	0.57237	0.571458
ERR608695-k20-n1-x5e9	0.379995	0.445057	0.412938	0.484183	0.479442	0.484908	0.402724	0.454477	0.397739	0.403703	0.404347	0.399459	0.435995	0.477311	0.496581	0.515579	0.518737	0.513941	0.356336	0.377371	0.396347	0.367253	0.366095	0.362939	0	0.336634	0.353827	0.337911	0.336757	0.336385	0.442537	0.46129	0.467838	0.461024	0.45984	0.46043	0.369434	0.385791	0.397107	0.385027	0.384056	0.384982	0.464711	0.465072	0.455543	0.526537	0.516542	0.518387	0.611777	0.613364	0.615945	0.607233	0.608381	0.610601	0.484059	0.524896	0.527579	0.493163	0.491895	0.492263	0.577832	0.571747	0.572518	0.572934	0.572066	0.57176	0.530949	0.522792	0.520697	0.517821	0.529706	0.526634	0.613372	0.607573	0.607886	0.608703	0.608704	0.608694	0.508572	0.523497	0.525725	0.502345	0.503631	0.502891	0.553905	0.565274	0.566583	0.544416	0.545577	0.54518	0.603423	0.60212	0.600834	0.600819	0.599931	0.599314
ERR608696-k20-n1-x5e9	0.420727	0.361702	0.353295	0.387566	0.384017	0.388418	0.401738	0.514952	0.412644	0.390117	0.390524	0.397113	0.394395	0.399816	0.409246	0.425902	0.428043	0.424533	0.395437	0.346524	0.341964	0.36159	0.362049	0.371114	0.336634	0	0.266599	0.26608	0.266052	0.266267	0.469915	0.42977	0.426488	0.428037	0.427717	0.428021	0.420445	0.352448	0.349293	0.351559	0.351649	0.351977	0.436192	0.437729	0.495808	0.45647	0.453861	0.456029	0.597896	0.593453	0.59823	0.602847	0.601056	0.599112	0.481586	0.462441	0.463311	0.46478	0.465176	0.466315	0.561956	0.532928	0.52519	0.527215	0.52745	0.533099	0.487539	0.488273	0.488647	0.486032	0.503034	0.500821	0.585236	0.569617	0.572722	0.574342	0.573744	0.574315	0.519283	0.471192	0.471299	0.481364	0.48235	0.482593	0.550406	0.513349	0.513276	0.517442	0.519316	0.519508	0.567011	0.557073	0.5583	0.572085	0.567743	0.566193
ERR608697-k20-n1-x5e9	0.433483	0.355569	0.35308	0.377818	0.374741	0.378494	0.410841	0.528883	0.424067	0.397783	0.398059	0.406626	0.398451	0.394964	0.401366	0.417642	0.419598	0.416482	0.409748	0.352659	0.343351	0.371419	0.372325	0.38242	0.353827	0.266599	0	0.267323	0.267772	0.268379	0.483009	0.435313	0.430263	0.433231	0.433391	0.433542	0.436216	0.359055	0.353024	0.357939	0.358418	0.358809	0.441822	0.443449	0.509659	0.453418	0.452722	0.454802	0.602797	0.597125	0.602521	0.609106	0.606856	0.604299	0.48946	0.458601	0.458769	0.467881	0.469068	0.470207	0.566907	0.533847	0.52427	0.526597	0.527106	0.534248	0.488105	0.490508	0.491566	0.488605	0.507087	0.504959	0.587794	0.570254	0.57427	0.575739	0.575211	0.575917	0.528205	0.469722	0.469167	0.485763	0.486702	0.487319	0.556684	0.511204	0.510864	0.520256	0.522209	0.522464	0.568172	0.556556	0.558354	0.574438	0.56931	0.567682
ERR608698-k20-n1-x5e9	0.418953	0.361614	0.35266	0.38842	0.384908	0.389367	0.40062	0.513088	0.411849	0.388825	0.389141	0.396143	0.395534	0.400783	0.410218	0.427776	0.430094	0.426427	0.394654	0.345251	0.34062	0.360651	0.36131	0.370151	0.337911	0.26608	0.267323	0	0.264087	0.264792	0.474413	0.434136	0.430911	0.432127	0.432028	0.432141	0.423662	0.355761	0.352325	0.354264	0.354504	0.354905	0.440325	0.441895	0.499171	0.461785	0.459321	0.461468	0.601964	0.597458	0.602523	0.606533	0.604654	0.602782	0.483265	0.462662	0.463383	0.464199	0.464824	0.465753	0.566046	0.536546	0.52869	0.530689	0.531026	0.536898	0.489652	0.490343	0.491082	0.487939	0.505959	0.503449	0.589202	0.573492	0.576831	0.578601	0.577987	0.578618	0.521321	0.472095	0.47209	0.481445	0.48255	0.482616	0.552643	0.514692	0.514712	0.518048	0.519769	0.51996	0.571104	0.560984	0.562395	0.575667	0.571153	0.569582
ERR608699-k20-n1-x5e9	0.418985	0.363297	0.35375	0.390006	0.386674	0.390906	0.400333	0.512382	0.411705	0.388728	0.389069	0.395865	0.395317	0.401041	0.4105	0.427887	0.430277	0.42648	0.393892	0.344939	0.340868	0.360138	0.360527	0.369137	0.336757	0.266052	0.267772	0.264087	0	0.264811	0.47287	0.433186	0.429995	0.430993	0.431081	0.431306	0.422042	0.354969	0.351812	0.35343	0.353672	0.354176	0.439248	0.440888	0.497726	0.460913	0.458365	0.460574	0.601328	0.596836	0.601632	0.605709	0.603995	0.602148	0.483406	0.4639	0.464893	0.465236	0.465844	0.466834	0.565433	0.536167	0.528376	0.530395	0.530663	0.536429	0.490098	0.49072	0.491471	0.488311	0.506059	0.503592	0.588756	0.573177	0.57627	0.577963	0.577446	0.578077	0.521374	0.473111	0.473212	0.482416	0.483279	0.483593	0.552217	0.514965	0.514946	0.518316	0.519905	0.520141	0.57069	0.560723	0.561992	0.575361	0.570912	0.569334
ERR608700-k20-n1-x5e9	0.418651	0.363884	0.354392	0.390953	0.387506	0.391853	0.400315	0.512152	0.411448	0.388896	0.389115	0.395796	0.396024	0.40206	0.411791	0.428956	0.431205	0.427615	0.392991	0.344724	0.340706	0.359432	0.359852	0.368588	0.336385	0.266267	0.268379	0.264792	0.264811	0	0.473086	0.43426	0.431187	0.432023	0.432029	0.4322	0.421771	0.355154	0.352305	0.353646	0.353952	0.354408	0.440384	0.441801	0.497911	0.461806	0.459151	0.461314	0.602323	0.598002	0.602713	0.606609	0.604843	0.602978	0.482835	0.464168	0.465076	0.464809	0.465252	0.466369	0.566363	0.537307	0.529447	0.53149	0.531797	0.537375	0.490624	0.491093	0.491816	0.488688	0.506301	0.503941	0.589806	0.57417	0.577414	0.579077	0.578554	0.579087	0.520776	0.47332	0.47339	0.481996	0.482989	0.483144	0.552598	0.515983	0.51584	0.518935	0.520741	0.520842	0.571705	0.561756	0.562953	0.576356	0.571992	0.570332
ERR608853-k20-n1-x5e9	0.445277	0.465949	0.452518	0.489003	0.485206	0.488155	0.424665	0.48716	0.412354	0.429549	0.427537	0.417071	0.368229	0.421042	0.445021	0.457222	0.460967	0.455191	0.41993	0.434086	0.44563	0.417845	0.417308	0.419442	0.442537	0.469915	0.483009	0.474413	0.47287	0.473086	0	0.298425	0.313091	0.301242	0.299864	0.300363	0.344879	0.363599	0.375787	0.364277	0.363372	0.363228	0.348835	0.347473	0.344132	0.45412	0.430028	0.432301	0.453851	0.459984	0.458742	0.449618	0.450491	0.452865	0.49232	0.549129	0.55122	0.524932	0.522846	0.524167	0.423924	0.450056	0.465258	0.461904	0.459102	0.450192	0.490722	0.480979	0.477851	0.481951	0.473419	0.472966	0.469845	0.48191	0.478619	0.479668	0.480421	0.479703	0.490567	0.5261	0.529198	0.512041	0.513476	0.512374	0.456202	0.504791	0.507249	0.480659	0.480962	0.481858	0.474582	0.48794	0.484547	0.463944	0.468599	0.46947
ERR608854-k20-n1-x5e9	0.471362	0.399997	0.407213	0.409182	0.406282	0.407772	0.429517	0.542641	0.430797	0.423351	0.420829	0.420638	0.322167	0.341022	0.357579	0.365225	0.368391	0.363501	0.444408	0.410921	0.406577	0.412065	0.412719	0.422922	0.46129	0.42977	0.435313	0.434136	0.433186	0.43426	0.298425	0	0.23818	0.238025	0.238452	0.238305	0.395177	0.330437	0.329429	0.33079	0.331528	0.330842	0.308729	0.308918	0.404908	0.376092	0.355266	0.358371	0.441572	0.438139	0.43921	0.456076	0.451004	0.44589	0.502194	0.50367	0.504152	0.510748	0.51035	0.511993	0.40561	0.402783	0.409641	0.407963	0.406342	0.403339	0.452217	0.452195	0.45181	0.457127	0.452395	0.453239	0.437027	0.438095	0.437752	0.439259	0.43979	0.439483	0.515201	0.487217	0.488375	0.503952	0.505243	0.50522	0.463025	0.455413	0.456274	0.460341	0.461385	0.462666	0.433218	0.437783	0.436689	0.433648	0.433813	0.433796
ERR608855-k20-n1-x5e9	0.4773	0.391674	0.402868	0.398246	0.395502	0.396777	0.433309	0.551716	0.437087	0.42568	0.423149	0.424723	0.321711	0.331764	0.345928	0.352971	0.355934	0.35116	0.451678	0.41068	0.403449	0.415149	0.416095	0.427193	0.467838	0.426488	0.430263	0.430911	0.429995	0.431187	0.313091	0.23818	0	0.238712	0.239692	0.239213	0.406871	0.332016	0.32805	0.332223	0.333164	0.332196	0.30981	0.310519	0.417064	0.368437	0.349089	0.352233	0.445977	0.440961	0.442569	0.463103	0.457218	0.45091	0.506939	0.499095	0.499256	0.511512	0.511462	0.513396	0.409991	0.401396	0.406392	0.404882	0.403454	0.402028	0.451035	0.452684	0.452578	0.457813	0.454705	0.455427	0.437915	0.436606	0.43707	0.438604	0.439048	0.438851	0.521936	0.484615	0.485253	0.505958	0.50743	0.507641	0.468389	0.451221	0.451846	0.461194	0.462466	0.464013	0.432153	0.434683	0.434334	0.43481	0.433936	0.433629
ERR608856-k20-n1-x5e9	0.469974	0.396516	0.404295	0.405682	0.402877	0.404471	0.427609	0.541858	0.429561	0.421189	0.418738	0.418407	0.319664	0.337591	0.353749	0.361989	0.36512	0.36022	0.443101	0.408168	0.403364	0.409769	0.410457	0.420756	0.461024	0.428037	0.433231	0.432127	0.430993	0.432023	0.301242	0.238025	0.238712	0	0.23703	0.236875	0.396089	0.329786	0.328103	0.329899	0.330597	0.329739	0.309086	0.309347	0.406632	0.375796	0.355323	0.35847	0.444021	0.440431	0.441622	0.45853	0.453035	0.44789	0.502498	0.502364	0.502781	0.509739	0.509353	0.511252	0.407919	0.404092	0.410619	0.40886	0.407473	0.404654	0.452071	0.452355	0.452241	0.457196	0.453218	0.453873	0.438765	0.439494	0.439351	0.44084	0.441359	0.441118	0.515823	0.486264	0.487193	0.503052	0.504578	0.504421	0.463794	0.454245	0.455205	0.459512	0.460281	0.461834	0.434482	0.438536	0.437734	0.434706	0.434836	0.434597
ERR608857-k20-n1-x5e9	0.469353	0.397532	0.404951	0.407086	0.404057	0.405828	0.426344	0.540097	0.42774	0.420006	0.417374	0.416973	0.319428	0.338524	0.355245	0.363346	0.366482	0.361486	0.442072	0.40784	0.403266	0.408629	0.409458	0.419645	0.45984	0.427717	0.433391	0.432028	0.431081	0.432029	0.299864	0.238452	0.239692	0.23703	0	0.236877	0.394892	0.329793	0.328287	0.329702	0.330397	0.329405	0.308066	0.308308	0.404478	0.376152	0.35543	0.358397	0.443652	0.440354	0.44147	0.457666	0.452723	0.44742	0.501089	0.502508	0.502908	0.50903	0.508443	0.51044	0.407674	0.404658	0.411538	0.409782	0.4082	0.405214	0.45168	0.451414	0.451415	0.456412	0.451959	0.452756	0.43917	0.440209	0.439767	0.441629	0.441981	0.441792	0.514304	0.48597	0.487216	0.502179	0.503542	0.503466	0.462262	0.454438	0.455381	0.458782	0.459535	0.461052	0.435159	0.439597	0.438664	0.435113	0.435405	0.43531
ERR608858-k20-n1-x5e9	0.470185	0.397455	0.405148	0.406619	0.403761	0.405331	0.427836	0.541853	0.429349	0.421423	0.418968	0.41831	0.319842	0.338474	0.354989	0.362414	0.365657	0.360699	0.442652	0.408136	0.403531	0.409325	0.409994	0.420389	0.46043	0.428021	0.433542	0.432141	0.431306	0.4322	0.300363	0.238305	0.239213	0.236875	0.236877	0	0.395571	0.329937	0.328638	0.329864	0.330381	0.329887	0.308901	0.309556	0.406089	0.375454	0.354896	0.357919	0.44353	0.439897	0.441025	0.457511	0.452495	0.447184	0.501605	0.502411	0.502937	0.509232	0.508807	0.510573	0.407068	0.403933	0.410775	0.40903	0.407497	0.4045	0.451901	0.451816	0.451664	0.456753	0.452032	0.452818	0.438642	0.439639	0.439164	0.440779	0.441237	0.441037	0.514826	0.486078	0.487362	0.502549	0.503721	0.503656	0.463242	0.45463	0.455505	0.459149	0.460114	0.461636	0.43453	0.438861	0.437783	0.434704	0.435073	0.434759
ERR608823-k20-n1-x5e9	0.394567	0.458415	0.431309	0.491907	0.487528	0.491892	0.404735	0.446994	0.392434	0.411502	0.410469	0.400432	0.406869	0.459158	0.48158	0.49783	0.501232	0.496129	0.366339	0.399766	0.418795	0.379866	0.37887	0.375918	0.369434	0.420445	0.436216	0.423662	0.422042	0.421771	0.344879	0.395177	0.406871	0.396089	0.394892	0.395571	0	0.331838	0.348668	0.3329	0.331339	0.331606	0.411887	0.411377	0.376461	0.497831	0.481269	0.48327	0.521744	0.52725	0.527492	0.512659	0.515271	0.519053	0.456855	0.52324	0.526125	0.485731	0.483589	0.484589	0.489696	0.502623	0.511199	0.509842	0.507913	0.502614	0.494314	0.48268	0.479377	0.479925	0.480422	0.47833	0.53296	0.536579	0.534379	0.535179	0.535467	0.535195	0.463572	0.507757	0.510866	0.480911	0.482334	0.481204	0.483946	0.526124	0.528322	0.496611	0.49728	0.497374	0.529893	0.536682	0.533463	0.521819	0.524474	0.524549
ERR608824-k20-n1-x5e9	0.414887	0.365757	0.359778	0.388269	0.38453	0.388059	0.389013	0.500255	0.392994	0.382784	0.381656	0.382599	0.339531	0.361754	0.37784	0.392105	0.3951	0.390591	0.386313	0.352247	0.351883	0.355454	0.356159	0.364763	0.385791	0.352448	0.359055	0.355761	0.354969	0.355154	0.363599	0.330437	0.332016	0.329786	0.329793	0.329937	0.331838	0	0.260232	0.260312	0.26066	0.260529	0.357193	0.358381	0.419664	0.4083	0.396525	0.399128	0.495752	0.492911	0.496029	0.502141	0.499807	0.497466	0.450946	0.45393	0.455043	0.451618	0.451483	0.452935	0.458211	0.443394	0.443304	0.443762	0.442783	0.443971	0.436783	0.435036	0.434533	0.435843	0.442046	0.441133	0.489251	0.481433	0.482231	0.483782	0.483675	0.483915	0.475827	0.446006	0.446815	0.453936	0.455163	0.455344	0.473866	0.458942	0.459679	0.457337	0.459143	0.459792	0.476888	0.474558	0.473694	0.478354	0.47661	0.475607
ERR608825-k20-n1-x5e9	0.424407	0.354682	0.354247	0.374215	0.370802	0.373884	0.39423	0.512865	0.401243	0.385935	0.384802	0.388043	0.337253	0.350242	0.363645	0.377603	0.380498	0.376202	0.397526	0.353139	0.348358	0.360926	0.36188	0.372078	0.397107	0.349293	0.353024	0.352325	0.351812	0.352305	0.375787	0.329429	0.32805	0.328103	0.328287	0.328638	0.348668	0.260232	0	0.261593	0.262232	0.261754	0.357279	0.358346	0.432724	0.399807	0.389478	0.392	0.49734	0.492873	0.496639	0.506035	0.502849	0.499363	0.456391	0.446657	0.447236	0.451637	0.451927	0.453744	0.459436	0.43933	0.437107	0.437819	0.437011	0.439917	0.433014	0.433301	0.43322	0.434486	0.442682	0.44174	0.48727	0.477244	0.478941	0.480733	0.480419	0.480847	0.483541	0.440826	0.441208	0.455501	0.456857	0.457256	0.477833	0.452249	0.452569	0.456326	0.458336	0.459213	0.47315	0.468912	0.46904	0.476516	0.473726	0.472509
ERR608826-k20-n1-x5e9	0.412226	0.363559	0.357043	0.386804	0.383192	0.386629	0.385637	0.497517	0.390014	0.379156	0.378038	0.37915	0.337067	0.359385	0.375456	0.390511	0.393578	0.388947	0.383666	0.349044	0.349031	0.352367	0.353065	0.361596	0.385027	0.351559	0.357939	0.354264	0.35343	0.353646	0.364277	0.33079	0.332223	0.329899	0.329702	0.329864	0.3329	0.260312	0.261593	0	0.259194	0.25889	0.357671	0.35828	0.419299	0.410473	0.398608	0.401103	0.496562	0.493681	0.496855	0.502344	0.500095	0.497667	0.449832	0.45212	0.453468	0.449138	0.448844	0.450446	0.458677	0.443779	0.443668	0.443991	0.443144	0.444189	0.436041	0.433955	0.433913	0.434734	0.441339	0.440453	0.489576	0.481989	0.483035	0.484728	0.484592	0.484858	0.474964	0.444278	0.445541	0.451704	0.452959	0.453004	0.47268	0.457371	0.458267	0.455026	0.456666	0.457302	0.477557	0.475149	0.474568	0.478434	0.47683	0.475777
ERR608827-k20-n1-x5e9	0.411329	0.365112	0.358085	0.38882	0.384962	0.388644	0.38458	0.49562	0.388852	0.378367	0.376927	0.37812	0.337497	0.360692	0.377051	0.391988	0.395233	0.390564	0.38289	0.349111	0.349238	0.351871	0.352277	0.360892	0.384056	0.351649	0.358418	0.354504	0.353672	0.353952	0.363372	0.331528	0.333164	0.330597	0.330397	0.330381	0.331339	0.26066	0.262232	0.259194	0	0.259124	0.35706	0.357821	0.417347	0.411218	0.399254	0.401757	0.496925	0.494181	0.497466	0.502321	0.500226	0.497944	0.449739	0.453521	0.454978	0.449688	0.449246	0.450845	0.459138	0.444688	0.444832	0.44494	0.444072	0.445145	0.436758	0.434404	0.434325	0.435097	0.441901	0.440724	0.490442	0.483082	0.483822	0.485715	0.485473	0.485694	0.474828	0.445787	0.446799	0.452112	0.453342	0.453303	0.472412	0.458358	0.459236	0.455285	0.456773	0.457553	0.478515	0.476323	0.475619	0.479361	0.477723	0.476604
ERR608828-k20-n1-x5e9	0.41246	0.364627	0.357951	0.387745	0.384058	0.387605	0.385348	0.496751	0.389638	0.379092	0.377936	0.378828	0.337161	0.360118	0.376377	0.391177	0.394344	0.389621	0.383274	0.349584	0.349587	0.351951	0.352846	0.361374	0.384982	0.351977	0.358809	0.354905	0.354176	0.354408	0.363228	0.330842	0.332196	0.329739	0.329405	0.329887	0.331606	0.260529	0.261754	0.25889	0.259124	0	0.356932	0.357585	0.417993	0.410383	0.398383	0.400948	0.496073	0.493387	0.496459	0.50175	0.499546	0.497251	0.449522	0.452948	0.45427	0.449337	0.448873	0.450533	0.458345	0.443955	0.444048	0.444453	0.443311	0.444454	0.436196	0.43395	0.433674	0.43455	0.441409	0.440066	0.489592	0.482171	0.48312	0.484848	0.484649	0.485048	0.474067	0.444862	0.44606	0.451771	0.452872	0.452874	0.472255	0.458115	0.458986	0.455128	0.456654	0.45749	0.477659	0.475531	0.474929	0.478409	0.476877	0.475852
ERR609523-k20-n1-x5e9	0.483568	0.42151	0.427852	0.430479	0.427399	0.42926	0.394261	0.514728	0.395942	0.389459	0.386768	0.385774	0.337151	0.35715	0.372471	0.38091	0.383546	0.379361	0.448861	0.419797	0.416132	0.418892	0.418894	0.427995	0.464711	0.436192	0.441822	0.440325	0.439248	0.440384	0.348835	0.308729	0.30981	0.309086	0.308066	0.308901	0.411887	0.357193	0.357279	0.357671	0.35706	0.356932	0	0.244811	0.356691	0.34211	0.319284	0.322989	0.449513	0.446255	0.447284	0.461226	0.456973	0.453025	0.498865	0.501877	0.502663	0.507275	0.506015	0.50768	0.415655	0.412627	0.418053	0.417256	0.415411	0.413317	0.43311	0.431918	0.431967	0.437219	0.432965	0.433229	0.447492	0.447312	0.447136	0.448898	0.449264	0.449123	0.508274	0.48219	0.483079	0.496863	0.497105	0.497249	0.431434	0.427276	0.428557	0.428392	0.427941	0.429316	0.447836	0.451837	0.450504	0.448814	0.448819	0.448774
