	ERR605491-k20-n1-x5e9	ERR605492-k20-n1-x5e9	ERR605493-k20-n1-x5e9	ERR605494-k20-n1-x5e9	ERR605495-k20-n1-x5e9	ERR605496-k20-n1-x5e9	ERR609247-k20-n1-x5e9	ERR609248-k20-n1-x5e9	ERR609249-k20-n1-x5e9	ERR609250-k20-n1-x5e9	ERR609251-k20-n1-x5e9	ERR609252-k20-n1-x5e9	ERR605369-k20-n1-x5e9	ERR605370-k20-n1-x5e9	ERR605371-k20-n1-x5e9	ERR605372-k20-n1-x5e9	ERR605373-k20-n1-x5e9	ERR605374-k20-n1-x5e9	ERR605569-k20-n1-x5e9	ERR605570-k20-n1-x5e9	ERR605571-k20-n1-x5e9	ERR605572-k20-n1-x5e9	ERR605573-k20-n1-x5e9	ERR605574-k20-n1-x5e9	ERR610075-k20-n1-x5e9	ERR610076-k20-n1-x5e9	ERR610077-k20-n1-x5e9	ERR610078-k20-n1-x5e9	ERR610079-k20-n1-x5e9	ERR610080-k20-n1-x5e9	ERR607152-k20-n1-x5e9	ERR607153-k20-n1-x5e9	ERR607154-k20-n1-x5e9	ERR607155-k20-n1-x5e9	ERR607156-k20-n1-x5e9	ERR607157-k20-n1-x5e9	ERR607567-k20-n1-x5e9	ERR607568-k20-n1-x5e9	ERR607569-k20-n1-x5e9	ERR607570-k20-n1-x5e9	ERR607571-k20-n1-x5e9	ERR607572-k20-n1-x5e9	ERR608031-k20-n1-x5e9	ERR608032-k20-n1-x5e9	ERR608033-k20-n1-x5e9	ERR608034-k20-n1-x5e9	ERR608035-k20-n1-x5e9	ERR608036-k20-n1-x5e9	ERR608745-k20-n1-x5e9	ERR608746-k20-n1-x5e9	ERR608747-k20-n1-x5e9	ERR608748-k20-n1-x5e9	ERR608749-k20-n1-x5e9	ERR608750-k20-n1-x5e9	ERR608395-k20-n1-x5e9	ERR608396-k20-n1-x5e9	ERR608397-k20-n1-x5e9	ERR608398-k20-n1-x5e9	ERR608399-k20-n1-x5e9	ERR608400-k20-n1-x5e9	ERR608275-k20-n1-x5e9	ERR608276-k20-n1-x5e9	ERR608277-k20-n1-x5e9	ERR608278-k20-n1-x5e9	ERR608279-k20-n1-x5e9	ERR608280-k20-n1-x5e9	ERR608671-k20-n1-x5e9	ERR608672-k20-n1-x5e9	ERR608673-k20-n1-x5e9	ERR608674-k20-n1-x5e9	ERR608675-k20-n1-x5e9	ERR608676-k20-n1-x5e9	ERR608341-k20-n1-x5e9	ERR608342-k20-n1-x5e9	ERR608343-k20-n1-x5e9	ERR608344-k20-n1-x5e9	ERR608345-k20-n1-x5e9	ERR608346-k20-n1-x5e9	ERR606030-k20-n1-x5e9	ERR606031-k20-n1-x5e9	ERR606032-k20-n1-x5e9	ERR606033-k20-n1-x5e9	ERR606034-k20-n1-x5e9	ERR606035-k20-n1-x5e9	ERR608799-k20-n1-x5e9	ERR608800-k20-n1-x5e9	ERR608801-k20-n1-x5e9	ERR608802-k20-n1-x5e9	ERR608803-k20-n1-x5e9	ERR608804-k20-n1-x5e9	ERR608099-k20-n1-x5e9	ERR608100-k20-n1-x5e9	ERR608101-k20-n1-x5e9	ERR608102-k20-n1-x5e9	ERR608103-k20-n1-x5e9	ERR608104-k20-n1-x5e9
ERR605491-k20-n1-x5e9	0	0.252889	0.260439	0.255526	0.25388	0.255409	0.348833	0.347217	0.341742	0.32844	0.356906	0.356001	0.325176	0.454279	0.329526	0.331564	0.331026	0.330891	0.327787	0.322278	0.319208	0.322128	0.323779	0.322804	0.477395	0.322779	0.657071	0.344544	0.375126	0.370895	0.438061	0.326628	0.481412	0.361773	0.366932	0.544593	0.41979	0.345229	0.339675	0.39939	0.394306	0.40815	0.393603	0.388849	0.396248	0.368824	0.3695	0.366914	0.61568	0.571577	0.552813	0.560322	0.561628	0.573767	0.517054	0.482155	0.471374	0.472265	0.470158	0.483432	0.407575	0.371253	0.361546	0.363098	0.361517	0.370789	0.527479	0.496568	0.485753	0.486672	0.4848	0.494954	0.496281	0.473149	0.468305	0.470149	0.471255	0.473024	0.472246	0.435485	0.436342	0.448229	0.443502	0.44669	0.450402	0.45218	0.451097	0.461791	0.461971	0.461319	0.46995	0.468664	0.467786	0.475913	0.476752	0.475864
ERR605492-k20-n1-x5e9	0.252889	0	0.255696	0.254057	0.253204	0.253862	0.360146	0.358249	0.351381	0.334143	0.368352	0.367374	0.325521	0.43758	0.32586	0.327226	0.326793	0.326699	0.335944	0.327818	0.322664	0.32796	0.32991	0.328266	0.460966	0.319191	0.642564	0.335117	0.362042	0.358201	0.422343	0.324982	0.465068	0.351353	0.356091	0.528097	0.406204	0.339715	0.336335	0.386751	0.381967	0.395078	0.381093	0.376981	0.384148	0.359601	0.360151	0.357463	0.604772	0.560796	0.542272	0.549993	0.551155	0.562934	0.508462	0.477069	0.468125	0.469171	0.46752	0.478257	0.396403	0.365532	0.358833	0.360827	0.359823	0.364848	0.519377	0.49195	0.482819	0.484029	0.482439	0.490349	0.490622	0.471773	0.468995	0.470342	0.471134	0.471524	0.466549	0.439015	0.440217	0.444632	0.440123	0.442536	0.453877	0.456861	0.455769	0.460928	0.461117	0.460718	0.471584	0.471976	0.471064	0.475055	0.476496	0.475848
ERR605493-k20-n1-x5e9	0.260439	0.255696	0	0.256269	0.25667	0.256298	0.372096	0.370129	0.362313	0.341668	0.380778	0.379589	0.330752	0.422856	0.326123	0.327103	0.326769	0.326749	0.345228	0.335784	0.326882	0.334231	0.336857	0.334736	0.444554	0.318153	0.627779	0.328181	0.353317	0.349877	0.409171	0.327847	0.450342	0.345603	0.349554	0.512603	0.393285	0.334807	0.333944	0.374926	0.370502	0.382229	0.368923	0.365659	0.372384	0.350533	0.351139	0.348917	0.594914	0.550705	0.532823	0.54004	0.541157	0.55279	0.501069	0.47287	0.466164	0.467418	0.465755	0.474126	0.386749	0.361688	0.358403	0.3602	0.359742	0.361217	0.513058	0.488874	0.481553	0.482825	0.481389	0.487143	0.486259	0.471862	0.471171	0.471672	0.472399	0.471771	0.463909	0.444387	0.445997	0.444482	0.440865	0.442481	0.458634	0.462571	0.461527	0.461365	0.46185	0.461646	0.47443	0.476145	0.475178	0.476059	0.477467	0.477027
ERR605494-k20-n1-x5e9	0.255526	0.254057	0.256269	0	0.252973	0.252844	0.361591	0.360097	0.353298	0.334585	0.370131	0.369125	0.327518	0.435828	0.326902	0.327532	0.326891	0.32682	0.336937	0.328578	0.322344	0.327457	0.329635	0.327854	0.457561	0.3182	0.63975	0.333077	0.361981	0.358464	0.420978	0.324464	0.462132	0.349763	0.354348	0.525092	0.404167	0.337558	0.334258	0.383974	0.379248	0.391798	0.378027	0.373791	0.380724	0.356333	0.357276	0.354521	0.603713	0.559261	0.540886	0.54811	0.549635	0.561293	0.507893	0.476216	0.467646	0.468524	0.46679	0.477429	0.39517	0.364187	0.358613	0.359764	0.358967	0.36371	0.519136	0.491547	0.482924	0.483708	0.482235	0.48995	0.4905	0.471782	0.469488	0.470231	0.471025	0.471563	0.46852	0.440224	0.441591	0.446004	0.441947	0.44411	0.454902	0.457813	0.456834	0.460603	0.460903	0.460672	0.472166	0.472324	0.471658	0.475081	0.476158	0.475554
ERR605495-k20-n1-x5e9	0.25388	0.253204	0.25667	0.252973	0	0.252442	0.358134	0.356428	0.349672	0.332768	0.366545	0.36544	0.326646	0.44034	0.32694	0.328138	0.327538	0.327507	0.334694	0.327107	0.3213	0.326162	0.328203	0.326399	0.462795	0.319873	0.644357	0.336295	0.364766	0.360804	0.424657	0.325336	0.467346	0.353183	0.357809	0.530052	0.407099	0.339028	0.335285	0.387481	0.382556	0.39593	0.381616	0.377627	0.384445	0.359623	0.360206	0.357584	0.605967	0.561765	0.543395	0.550733	0.552199	0.563922	0.509303	0.477241	0.468143	0.468979	0.467209	0.478343	0.397207	0.365385	0.358581	0.360221	0.359171	0.36476	0.520345	0.49205	0.482918	0.48389	0.482063	0.490485	0.491067	0.471739	0.468758	0.469958	0.470722	0.471418	0.467793	0.438219	0.439442	0.445497	0.44121	0.443595	0.452662	0.455462	0.454449	0.460127	0.460499	0.45992	0.470422	0.470429	0.469509	0.47433	0.475516	0.474755
ERR605496-k20-n1-x5e9	0.255409	0.253862	0.256298	0.252844	0.252442	0	0.361483	0.359909	0.353133	0.334318	0.370034	0.369119	0.327433	0.43554	0.326809	0.327088	0.326851	0.326626	0.336998	0.328804	0.322342	0.327548	0.329756	0.327994	0.457337	0.318594	0.639652	0.333446	0.362306	0.35847	0.421163	0.325076	0.462059	0.350046	0.354755	0.525051	0.403832	0.337348	0.334389	0.383646	0.379064	0.391898	0.37764	0.373484	0.380466	0.355989	0.356764	0.354341	0.603426	0.559039	0.540728	0.547824	0.549323	0.561014	0.507261	0.475819	0.467326	0.468146	0.46657	0.476942	0.394928	0.364363	0.358441	0.359693	0.358949	0.363383	0.518913	0.491334	0.482615	0.48351	0.482022	0.489753	0.489992	0.471558	0.469111	0.469992	0.47097	0.471279	0.468177	0.440154	0.44151	0.445704	0.441614	0.443774	0.454718	0.457675	0.456657	0.460406	0.460896	0.460452	0.472041	0.472253	0.471698	0.474954	0.476267	0.475569
ERR609247-k20-n1-x5e9	0.348833	0.360146	0.372096	0.361591	0.358134	0.361483	0	0.239907	0.243384	0.260931	0.247614	0.247746	0.354396	0.530451	0.372739	0.378092	0.376198	0.375893	0.353358	0.358931	0.364762	0.3595	0.357317	0.360076	0.554548	0.370188	0.7217	0.407563	0.445527	0.440742	0.516843	0.372982	0.562216	0.432989	0.439782	0.622508	0.48237	0.389042	0.375199	0.461404	0.455392	0.471747	0.458145	0.451265	0.459838	0.425426	0.426469	0.422985	0.655916	0.612585	0.592149	0.600207	0.601808	0.614865	0.551879	0.506057	0.488162	0.488009	0.484871	0.507289	0.450695	0.397066	0.37538	0.376517	0.371731	0.396663	0.556174	0.513849	0.496562	0.496352	0.493445	0.512291	0.519931	0.480698	0.466889	0.471873	0.473625	0.480634	0.498714	0.425676	0.424921	0.471586	0.465672	0.471153	0.427235	0.423564	0.422745	0.461641	0.460999	0.459015	0.459043	0.449073	0.448405	0.477654	0.475785	0.474301
ERR609248-k20-n1-x5e9	0.347217	0.358249	0.370129	0.360097	0.356428	0.359909	0.239907	0	0.241635	0.260765	0.247097	0.247115	0.352293	0.528538	0.370383	0.376332	0.374421	0.374041	0.352927	0.357986	0.363622	0.358796	0.356711	0.359455	0.553262	0.369054	0.720512	0.406344	0.442478	0.437746	0.514358	0.37246	0.561144	0.431873	0.438608	0.621247	0.479863	0.387451	0.374254	0.460053	0.453894	0.470235	0.456371	0.449798	0.458503	0.424138	0.425245	0.421846	0.653989	0.610907	0.590579	0.598877	0.600296	0.613264	0.550059	0.504905	0.487287	0.487397	0.484022	0.506113	0.448286	0.395624	0.374166	0.37551	0.370709	0.395126	0.554178	0.512446	0.495386	0.495336	0.492257	0.510746	0.518237	0.479949	0.466338	0.471575	0.473163	0.479746	0.495786	0.424747	0.423969	0.469882	0.463874	0.469345	0.425919	0.422833	0.421761	0.460906	0.460389	0.458622	0.458096	0.44864	0.447354	0.476718	0.475277	0.473886
ERR609249-k20-n1-x5e9	0.341742	0.351381	0.362313	0.353298	0.349672	0.353133	0.243384	0.241635	0	0.258165	0.250296	0.250087	0.346411	0.518118	0.361779	0.369055	0.367164	0.366875	0.351979	0.355557	0.359478	0.356255	0.354234	0.356754	0.543918	0.362479	0.711891	0.397863	0.430569	0.425863	0.501145	0.36742	0.551774	0.423714	0.430258	0.612115	0.467048	0.378195	0.366619	0.45009	0.443863	0.459986	0.445947	0.439471	0.448636	0.414648	0.41584	0.412416	0.643801	0.60164	0.581342	0.589994	0.591395	0.603821	0.540258	0.49745	0.480852	0.481312	0.478115	0.49857	0.435786	0.386018	0.36611	0.368009	0.363062	0.385407	0.543993	0.504345	0.488051	0.488371	0.485383	0.502679	0.50929	0.474083	0.461688	0.467078	0.468554	0.473913	0.483601	0.420831	0.42078	0.461909	0.455839	0.461405	0.421158	0.420219	0.418572	0.454729	0.454203	0.452515	0.451919	0.444513	0.442134	0.469791	0.46915	0.467899
ERR609250-k20-n1-x5e9	0.32844	0.334143	0.341668	0.334585	0.332768	0.334318	0.260931	0.260765	0.258165	0	0.273178	0.272466	0.331138	0.479625	0.341574	0.343087	0.341971	0.341847	0.350277	0.349375	0.349318	0.348852	0.34888	0.349162	0.502434	0.334031	0.678958	0.362191	0.40292	0.398457	0.46421	0.334294	0.505798	0.380015	0.386232	0.569017	0.439101	0.351287	0.34065	0.414322	0.408885	0.424339	0.407081	0.4005	0.408119	0.37706	0.37758	0.374508	0.618681	0.571596	0.550778	0.55882	0.560262	0.57421	0.516625	0.473754	0.458766	0.458915	0.456472	0.475291	0.404567	0.355223	0.339236	0.339767	0.336606	0.35549	0.521453	0.48222	0.467644	0.467581	0.46538	0.480624	0.487578	0.454638	0.44552	0.448485	0.44963	0.45484	0.467369	0.414151	0.4147	0.439111	0.434067	0.438013	0.417344	0.417484	0.417806	0.431567	0.431503	0.430186	0.44151	0.437538	0.438889	0.450461	0.449306	0.448413
ERR609251-k20-n1-x5e9	0.356906	0.368352	0.380778	0.370131	0.366545	0.370034	0.247614	0.247097	0.250296	0.273178	0	0.242797	0.362462	0.539598	0.381119	0.387388	0.38538	0.384979	0.359316	0.365293	0.371868	0.366159	0.363656	0.366657	0.564345	0.380506	0.729001	0.418198	0.453154	0.448671	0.525817	0.384368	0.572725	0.444466	0.451209	0.632049	0.490015	0.398234	0.384853	0.470978	0.464807	0.481096	0.468296	0.461878	0.470617	0.436372	0.437389	0.433777	0.66239	0.620249	0.600115	0.608258	0.609825	0.622353	0.558893	0.513865	0.496161	0.496148	0.492737	0.514852	0.459707	0.40741	0.385723	0.387113	0.382167	0.406725	0.56308	0.521474	0.504234	0.504016	0.501006	0.519633	0.527083	0.48858	0.474394	0.479865	0.481486	0.488232	0.505085	0.432116	0.431207	0.479629	0.473577	0.479205	0.433146	0.429657	0.4281	0.470711	0.470055	0.468116	0.465732	0.455472	0.45371	0.48549	0.48389	0.482515
ERR609252-k20-n1-x5e9	0.356001	0.367374	0.379589	0.369125	0.36544	0.369119	0.247746	0.247115	0.250087	0.272466	0.242797	0	0.361697	0.538363	0.37996	0.386363	0.384302	0.383834	0.358849	0.364891	0.371065	0.365689	0.362967	0.366172	0.563203	0.379576	0.727925	0.417163	0.451835	0.447317	0.524371	0.383641	0.571652	0.443514	0.450138	0.630822	0.488773	0.397326	0.383983	0.469879	0.463736	0.479868	0.467125	0.460721	0.469333	0.435179	0.436149	0.432748	0.661141	0.619018	0.598866	0.606979	0.608602	0.621148	0.557522	0.512737	0.495019	0.495047	0.491561	0.513625	0.45809	0.406085	0.384387	0.385943	0.380937	0.405406	0.561693	0.520364	0.503038	0.503001	0.499882	0.518508	0.525978	0.487605	0.473546	0.478987	0.480587	0.487208	0.503771	0.431514	0.43074	0.478561	0.472537	0.478101	0.432406	0.428879	0.427412	0.469577	0.469069	0.467075	0.464953	0.454921	0.45302	0.48437	0.482949	0.481492
ERR605369-k20-n1-x5e9	0.325176	0.325521	0.330752	0.327518	0.326646	0.327433	0.354396	0.352293	0.346411	0.331138	0.362462	0.361697	0	0.410073	0.246793	0.251487	0.250359	0.250009	0.342504	0.337174	0.334286	0.337978	0.338599	0.33838	0.484603	0.336856	0.661571	0.356964	0.386069	0.3818	0.439443	0.333961	0.484891	0.367357	0.372587	0.547913	0.434089	0.365785	0.360655	0.415683	0.411013	0.424199	0.404436	0.399688	0.40682	0.380802	0.381735	0.378977	0.609393	0.566012	0.54641	0.554662	0.555827	0.568071	0.514336	0.480699	0.469473	0.470991	0.468806	0.481615	0.407832	0.372985	0.363102	0.365333	0.362962	0.372554	0.520615	0.48983	0.478802	0.480077	0.477941	0.488481	0.493617	0.471521	0.465837	0.468847	0.46951	0.471513	0.450204	0.419532	0.421392	0.430196	0.425846	0.429302	0.43461	0.438045	0.437409	0.44541	0.445107	0.444513	0.462254	0.461836	0.460693	0.468811	0.469921	0.46917
ERR605370-k20-n1-x5e9	0.454279	0.43758	0.422856	0.435828	0.44034	0.43554	0.530451	0.528538	0.518118	0.479625	0.539598	0.538363	0.410073	0	0.381808	0.373593	0.37607	0.376757	0.502055	0.486223	0.470513	0.484349	0.489091	0.484392	0.343574	0.423112	0.491451	0.387082	0.379641	0.382136	0.349266	0.434204	0.3431	0.379463	0.374063	0.375375	0.380157	0.421028	0.4353	0.374539	0.376279	0.370153	0.369163	0.373568	0.370103	0.389285	0.388988	0.390891	0.52665	0.490546	0.482033	0.485694	0.486219	0.492016	0.494969	0.504699	0.515293	0.518142	0.519571	0.506051	0.391486	0.426177	0.446959	0.447757	0.452424	0.426762	0.508863	0.519408	0.529145	0.531548	0.533052	0.520004	0.513108	0.535326	0.54871	0.544379	0.543507	0.536091	0.48952	0.5364	0.540218	0.486913	0.488128	0.484653	0.548913	0.558671	0.558929	0.51589	0.516582	0.518348	0.553533	0.565142	0.565933	0.537652	0.541443	0.541858
ERR605371-k20-n1-x5e9	0.329526	0.32586	0.326123	0.326902	0.32694	0.326809	0.372739	0.370383	0.361779	0.341574	0.381119	0.37996	0.246793	0.381808	0	0.246077	0.245614	0.245421	0.356789	0.34843	0.34136	0.348364	0.349707	0.348527	0.460662	0.334422	0.639203	0.34557	0.368657	0.364909	0.414123	0.334421	0.460537	0.354033	0.358343	0.522938	0.414109	0.358756	0.35725	0.39877	0.394425	0.406049	0.386804	0.382954	0.389817	0.368111	0.369215	0.366523	0.591856	0.549167	0.530109	0.538285	0.539267	0.551019	0.501147	0.473093	0.465199	0.467115	0.465299	0.474239	0.390493	0.365126	0.360177	0.362502	0.361122	0.364635	0.508151	0.482648	0.4746	0.47631	0.474479	0.481623	0.48486	0.469682	0.46763	0.469547	0.46983	0.469979	0.438985	0.425863	0.42819	0.424753	0.421087	0.423505	0.440027	0.44566	0.44496	0.443832	0.44356	0.443442	0.463901	0.46644	0.464958	0.466949	0.468723	0.468388
ERR605372-k20-n1-x5e9	0.331564	0.327226	0.327103	0.327532	0.328138	0.327088	0.378092	0.376332	0.369055	0.343087	0.387388	0.386363	0.251487	0.373593	0.246077	0	0.24319	0.243071	0.360151	0.351142	0.34372	0.350281	0.352339	0.350479	0.451006	0.331784	0.631868	0.340277	0.368361	0.364806	0.411013	0.330411	0.449758	0.345707	0.349559	0.512628	0.413046	0.357348	0.355623	0.39306	0.389367	0.400297	0.38038	0.376408	0.382234	0.361866	0.362703	0.360421	0.590309	0.545705	0.526647	0.534334	0.535588	0.547732	0.500997	0.472048	0.464656	0.466241	0.464889	0.473417	0.389614	0.363914	0.36014	0.361499	0.360752	0.363506	0.508734	0.48286	0.475389	0.476827	0.475149	0.48175	0.48559	0.470251	0.469145	0.469859	0.470348	0.470532	0.445509	0.430335	0.432865	0.425858	0.422773	0.424715	0.445488	0.450531	0.450335	0.444054	0.443976	0.44398	0.468559	0.470802	0.47069	0.469005	0.470387	0.469994
ERR605373-k20-n1-x5e9	0.331026	0.326793	0.326769	0.326891	0.327538	0.326851	0.376198	0.374421	0.367164	0.341971	0.38538	0.384302	0.250359	0.37607	0.245614	0.24319	0	0.243222	0.358773	0.350212	0.34287	0.349173	0.351225	0.349683	0.453552	0.332279	0.634122	0.341412	0.369404	0.365689	0.412889	0.330207	0.452313	0.347007	0.351108	0.51523	0.414096	0.357616	0.355703	0.394261	0.390607	0.401851	0.381987	0.378109	0.383774	0.36301	0.36382	0.361326	0.591942	0.547456	0.528379	0.535962	0.537208	0.549279	0.5021	0.473115	0.465472	0.466819	0.465481	0.47422	0.390522	0.364279	0.36004	0.36143	0.36057	0.36384	0.509818	0.483801	0.476008	0.477116	0.475713	0.482406	0.48668	0.470717	0.469181	0.470103	0.470587	0.470849	0.445996	0.429711	0.432059	0.426367	0.423104	0.425063	0.445089	0.449814	0.449762	0.444547	0.444494	0.444297	0.468191	0.470277	0.470044	0.468973	0.470415	0.470144
ERR605374-k20-n1-x5e9	0.330891	0.326699	0.326749	0.32682	0.327507	0.326626	0.375893	0.374041	0.366875	0.341847	0.384979	0.383834	0.250009	0.376757	0.245421	0.243071	0.243222	0	0.358696	0.350009	0.34269	0.349096	0.35104	0.349484	0.453995	0.332465	0.634532	0.341854	0.36938	0.365744	0.413162	0.331015	0.452944	0.347998	0.351776	0.515826	0.414703	0.358075	0.356213	0.395028	0.391116	0.402319	0.382413	0.378537	0.384263	0.363583	0.364426	0.362063	0.591602	0.547091	0.528059	0.535675	0.536902	0.548893	0.501663	0.472659	0.464792	0.466345	0.464767	0.473716	0.390616	0.364395	0.360141	0.361595	0.36094	0.363719	0.509229	0.483035	0.475327	0.476499	0.475035	0.481757	0.485951	0.469931	0.468525	0.469598	0.469981	0.470201	0.444915	0.428908	0.43131	0.425759	0.422301	0.424205	0.444358	0.449226	0.448932	0.444022	0.443953	0.443827	0.467186	0.46945	0.469169	0.468208	0.469721	0.469301
ERR605569-k20-n1-x5e9	0.327787	0.335944	0.345228	0.336937	0.334694	0.336998	0.353358	0.352927	0.351979	0.350277	0.359316	0.358849	0.342504	0.502055	0.356789	0.360151	0.358773	0.358696	0	0.25171	0.258477	0.253786	0.252169	0.253852	0.534964	0.370635	0.703293	0.399863	0.433486	0.429175	0.502225	0.376308	0.542251	0.422157	0.428158	0.601588	0.478536	0.397996	0.388445	0.457844	0.452857	0.466965	0.451569	0.445857	0.453076	0.423836	0.424537	0.421638	0.652358	0.60957	0.590403	0.598082	0.599504	0.611803	0.552348	0.512258	0.497555	0.498222	0.49545	0.513465	0.455293	0.411316	0.395993	0.396808	0.394113	0.410478	0.560698	0.524582	0.510478	0.51085	0.508586	0.523035	0.526208	0.494685	0.485446	0.488485	0.490046	0.494303	0.505464	0.447555	0.447202	0.477574	0.472395	0.476436	0.458372	0.456267	0.454961	0.482018	0.482193	0.480607	0.484982	0.478783	0.478069	0.496955	0.496603	0.495452
ERR605570-k20-n1-x5e9	0.322278	0.327818	0.335784	0.328578	0.327107	0.328804	0.358931	0.357986	0.355557	0.349375	0.365293	0.364891	0.337174	0.486223	0.34843	0.351142	0.350212	0.350009	0.25171	0	0.254177	0.252607	0.2521	0.252553	0.519175	0.361831	0.689836	0.387532	0.419036	0.414837	0.486724	0.369092	0.526468	0.409458	0.41513	0.586196	0.465092	0.388907	0.380895	0.444856	0.439913	0.45377	0.438096	0.432974	0.440018	0.412275	0.412789	0.410057	0.64192	0.598848	0.579774	0.587505	0.588861	0.60087	0.542885	0.504904	0.491697	0.492625	0.48992	0.50618	0.442909	0.401913	0.388976	0.389795	0.387642	0.40122	0.551823	0.517905	0.505253	0.505814	0.50352	0.516456	0.518602	0.490282	0.482684	0.485406	0.486765	0.489906	0.497617	0.447433	0.447549	0.471128	0.466169	0.469622	0.458705	0.457747	0.456489	0.478225	0.478369	0.477009	0.483401	0.4789	0.478118	0.49319	0.493358	0.492242
ERR605571-k20-n1-x5e9	0.319208	0.322664	0.326882	0.322344	0.3213	0.322342	0.364762	0.363622	0.359478	0.349318	0.371868	0.371065	0.334286	0.470513	0.34136	0.34372	0.34287	0.34269	0.258477	0.254177	0	0.254144	0.254974	0.254546	0.502848	0.354132	0.675755	0.375605	0.406429	0.402675	0.471456	0.36405	0.510842	0.3983	0.403554	0.570531	0.451092	0.379425	0.373047	0.431167	0.426577	0.439657	0.42401	0.41916	0.426133	0.399685	0.400311	0.397846	0.630581	0.587091	0.568445	0.575994	0.577278	0.589444	0.532871	0.497141	0.485416	0.48653	0.483871	0.498526	0.42989	0.392542	0.382193	0.382895	0.381323	0.392234	0.542535	0.510845	0.499464	0.500129	0.498043	0.509584	0.510762	0.485868	0.480063	0.482055	0.483286	0.485455	0.489716	0.447301	0.447912	0.465324	0.461194	0.464105	0.457876	0.458353	0.457265	0.473264	0.473623	0.472469	0.481044	0.478109	0.47728	0.488841	0.489229	0.488368
ERR605572-k20-n1-x5e9	0.322128	0.32796	0.334231	0.327457	0.326162	0.327548	0.3595	0.358796	0.356255	0.348852	0.366159	0.365689	0.337978	0.484349	0.348364	0.350281	0.349173	0.349096	0.253786	0.252607	0.254144	0	0.25088	0.251308	0.516381	0.36035	0.687577	0.3854	0.418391	0.414274	0.485115	0.368004	0.523787	0.407581	0.4131	0.583409	0.463171	0.386936	0.378829	0.442356	0.437611	0.451147	0.435258	0.429765	0.436959	0.409126	0.409647	0.40703	0.640504	0.596885	0.578151	0.585547	0.58704	0.599224	0.541642	0.503553	0.49069	0.49121	0.488605	0.504843	0.440957	0.400129	0.387601	0.388059	0.385988	0.399422	0.550549	0.51681	0.504323	0.504474	0.502375	0.515239	0.517431	0.489379	0.48212	0.48435	0.485934	0.488892	0.4975	0.447536	0.447695	0.470799	0.466204	0.469577	0.458542	0.457704	0.456621	0.476791	0.47699	0.475677	0.482929	0.478502	0.477972	0.492285	0.492218	0.491276
ERR605573-k20-n1-x5e9	0.323779	0.32991	0.336857	0.329635	0.328203	0.329756	0.357317	0.356711	0.354234	0.34888	0.363656	0.362967	0.338599	0.489091	0.349707	0.352339	0.351225	0.35104	0.252169	0.2521	0.254974	0.25088	0	0.250878	0.521647	0.363213	0.691905	0.389492	0.421775	0.417723	0.489315	0.370345	0.529218	0.411632	0.417334	0.588666	0.466674	0.3895	0.381221	0.446477	0.441614	0.45548	0.439645	0.434461	0.441452	0.413367	0.41405	0.411116	0.643082	0.600041	0.581075	0.588516	0.590107	0.602048	0.543848	0.505183	0.491849	0.492442	0.489691	0.506396	0.444557	0.402851	0.389699	0.390113	0.387905	0.402114	0.552521	0.517999	0.505057	0.505344	0.503197	0.516337	0.519095	0.490243	0.482315	0.484797	0.486337	0.489688	0.498717	0.44658	0.446679	0.471974	0.467095	0.470608	0.457387	0.456359	0.455184	0.47752	0.477744	0.476319	0.482617	0.47769	0.476822	0.492601	0.492683	0.491566
ERR605574-k20-n1-x5e9	0.322804	0.328266	0.334736	0.327854	0.326399	0.327994	0.360076	0.359455	0.356754	0.349162	0.366657	0.366172	0.33838	0.484392	0.348527	0.350479	0.349683	0.349484	0.253852	0.252553	0.254546	0.251308	0.250878	0	0.516227	0.360699	0.687377	0.385452	0.418228	0.414248	0.484769	0.368081	0.523672	0.407419	0.41316	0.583236	0.46272	0.38671	0.378468	0.442021	0.437171	0.450992	0.434831	0.429547	0.43662	0.40907	0.409318	0.406682	0.640028	0.596608	0.577815	0.585233	0.586722	0.598845	0.54143	0.503317	0.490437	0.49106	0.488403	0.50463	0.440906	0.400077	0.387544	0.387996	0.385986	0.399244	0.550546	0.516441	0.504147	0.504205	0.502123	0.515065	0.517216	0.489218	0.481877	0.484275	0.485626	0.488653	0.497815	0.447606	0.447792	0.470908	0.466258	0.469632	0.458204	0.457391	0.456148	0.476434	0.476717	0.47544	0.48267	0.478253	0.477757	0.491992	0.492112	0.491003
ERR610075-k20-n1-x5e9	0.477395	0.460966	0.444554	0.457561	0.462795	0.457337	0.554548	0.553262	0.543918	0.502434	0.564345	0.563203	0.484603	0.343574	0.460662	0.451006	0.453552	0.453995	0.534964	0.519175	0.502848	0.516381	0.521647	0.516227	0	0.404582	0.436685	0.35949	0.355343	0.358481	0.354185	0.450543	0.324554	0.38773	0.381454	0.346962	0.373447	0.423838	0.439916	0.362735	0.366487	0.357125	0.365389	0.370341	0.364605	0.39079	0.389951	0.393051	0.526957	0.4867	0.480359	0.481987	0.483097	0.48898	0.501043	0.514945	0.52859	0.531035	0.532835	0.51721	0.402822	0.442663	0.467157	0.467143	0.473036	0.444204	0.517857	0.532901	0.545655	0.547527	0.550158	0.534216	0.525398	0.551723	0.567706	0.56167	0.560981	0.552808	0.527657	0.570073	0.573517	0.520922	0.523248	0.518478	0.577171	0.586086	0.586814	0.539106	0.540275	0.542459	0.575406	0.587569	0.589548	0.555485	0.559089	0.559671
ERR610076-k20-n1-x5e9	0.322779	0.319191	0.318153	0.3182	0.319873	0.318594	0.370188	0.369054	0.362479	0.334031	0.380506	0.379576	0.336856	0.423112	0.334422	0.331784	0.332279	0.332465	0.370635	0.361831	0.354132	0.36035	0.363213	0.360699	0.404582	0	0.605122	0.26525	0.306774	0.302207	0.400575	0.313133	0.435513	0.327286	0.331749	0.500373	0.392863	0.330712	0.328848	0.36913	0.364989	0.376638	0.364173	0.35976	0.365276	0.344702	0.344775	0.342976	0.593648	0.546699	0.528176	0.535542	0.53669	0.549183	0.501943	0.472563	0.464932	0.466334	0.464583	0.473909	0.386898	0.35883	0.356283	0.357255	0.357625	0.359354	0.511892	0.48636	0.478717	0.479815	0.478911	0.485255	0.487767	0.47119	0.470776	0.47092	0.471832	0.471997	0.469918	0.446517	0.448356	0.446065	0.442999	0.443997	0.454973	0.458663	0.458513	0.452861	0.453246	0.453414	0.471644	0.47378	0.474506	0.470616	0.472026	0.471659
ERR610077-k20-n1-x5e9	0.657071	0.642564	0.627779	0.63975	0.644357	0.639652	0.7217	0.720512	0.711891	0.678958	0.729001	0.727925	0.661571	0.491451	0.639203	0.631868	0.634122	0.634532	0.703293	0.689836	0.675755	0.687577	0.691905	0.687377	0.436685	0.605122	0	0.565262	0.544722	0.549168	0.508682	0.635735	0.469593	0.576461	0.570012	0.425289	0.528735	0.605314	0.621117	0.535985	0.541262	0.527279	0.543372	0.550038	0.543184	0.573802	0.573197	0.576525	0.564329	0.567807	0.576218	0.5734	0.572903	0.567818	0.617135	0.65029	0.668244	0.671016	0.673339	0.652009	0.567877	0.617387	0.640941	0.641249	0.646518	0.618386	0.633626	0.665138	0.68204	0.684177	0.687366	0.666805	0.653626	0.690563	0.708375	0.702125	0.700911	0.691465	0.658751	0.718074	0.721231	0.664931	0.668058	0.662916	0.722787	0.731922	0.732376	0.683524	0.684454	0.686755	0.714778	0.728163	0.729311	0.693676	0.697971	0.698662
ERR610078-k20-n1-x5e9	0.344544	0.335117	0.328181	0.333077	0.336295	0.333446	0.407563	0.406344	0.397863	0.362191	0.418198	0.417163	0.356964	0.387082	0.34557	0.340277	0.341412	0.341854	0.399863	0.387532	0.375605	0.3854	0.389492	0.385452	0.35949	0.26525	0.565262	0	0.286774	0.284119	0.367815	0.326986	0.394645	0.314785	0.316534	0.457348	0.366437	0.329916	0.33419	0.344112	0.341471	0.349773	0.33976	0.336916	0.340456	0.329983	0.329464	0.329243	0.569093	0.521609	0.504751	0.511524	0.512569	0.524327	0.486667	0.466855	0.464831	0.466784	0.465569	0.468656	0.367851	0.357061	0.363666	0.364081	0.366351	0.357614	0.498635	0.482392	0.47996	0.4812	0.481473	0.481824	0.481305	0.476286	0.480993	0.479164	0.479678	0.476986	0.467892	0.465048	0.467491	0.448293	0.446825	0.446247	0.47295	0.478816	0.47883	0.459019	0.459836	0.460545	0.484146	0.489979	0.491013	0.477042	0.479297	0.479286
ERR610079-k20-n1-x5e9	0.375126	0.362042	0.353317	0.361981	0.364766	0.362306	0.445527	0.442478	0.430569	0.40292	0.453154	0.451835	0.386069	0.379641	0.368657	0.368361	0.369404	0.36938	0.433486	0.419036	0.406429	0.418391	0.421775	0.418228	0.355343	0.306774	0.544722	0.286774	0	0.257935	0.346593	0.365638	0.391965	0.339662	0.338489	0.443439	0.352386	0.353697	0.365101	0.351195	0.34888	0.352895	0.352789	0.352851	0.357921	0.354566	0.355173	0.354582	0.553765	0.516022	0.502985	0.51071	0.511035	0.516863	0.484058	0.481353	0.484123	0.488001	0.48636	0.481246	0.369113	0.380619	0.392388	0.39488	0.397182	0.379221	0.496957	0.495451	0.497196	0.500255	0.500262	0.493722	0.487726	0.497915	0.505674	0.504897	0.50459	0.497342	0.46415	0.489376	0.492698	0.461169	0.458116	0.457424	0.496895	0.506103	0.504359	0.484923	0.485627	0.486435	0.504866	0.51454	0.511782	0.496815	0.502612	0.502776
ERR610080-k20-n1-x5e9	0.370895	0.358201	0.349877	0.358464	0.360804	0.35847	0.440742	0.437746	0.425863	0.398457	0.448671	0.447317	0.3818	0.382136	0.364909	0.364806	0.365689	0.365744	0.429175	0.414837	0.402675	0.414274	0.417723	0.414248	0.358481	0.302207	0.549168	0.284119	0.257935	0	0.347961	0.360778	0.394461	0.336685	0.336212	0.447015	0.354199	0.351156	0.362083	0.351852	0.349083	0.353892	0.352858	0.35274	0.357516	0.353159	0.353421	0.353266	0.555965	0.517664	0.504174	0.511827	0.512108	0.518612	0.484456	0.47997	0.482244	0.486027	0.484413	0.480158	0.369076	0.378019	0.389122	0.391324	0.393585	0.37693	0.496893	0.494075	0.495084	0.497872	0.497937	0.491935	0.486858	0.495681	0.502883	0.502265	0.502059	0.495042	0.462781	0.486143	0.489413	0.458815	0.455741	0.455028	0.493722	0.502787	0.50112	0.482151	0.482658	0.483667	0.501832	0.511407	0.50867	0.494185	0.499744	0.500039
ERR607152-k20-n1-x5e9	0.438061	0.422343	0.409171	0.420978	0.424657	0.421163	0.516843	0.514358	0.501145	0.46421	0.525817	0.524371	0.439443	0.349266	0.414123	0.411013	0.412889	0.413162	0.502225	0.486724	0.471456	0.485115	0.489315	0.484769	0.354185	0.400575	0.508682	0.367815	0.346593	0.347961	0	0.376013	0.305711	0.319146	0.313906	0.350818	0.357716	0.398468	0.413746	0.363794	0.364663	0.361477	0.365331	0.367956	0.369361	0.3813	0.381254	0.382929	0.512008	0.477649	0.469336	0.474584	0.47445	0.47865	0.47777	0.490904	0.50145	0.504924	0.50509	0.49204	0.373076	0.408383	0.428843	0.430185	0.434137	0.408466	0.483192	0.496703	0.506035	0.509114	0.510166	0.496625	0.487611	0.513254	0.52726	0.523916	0.522655	0.513959	0.455264	0.521013	0.525461	0.467032	0.468471	0.464695	0.529216	0.542072	0.541766	0.494582	0.49544	0.497405	0.52615	0.541908	0.540972	0.508744	0.51406	0.515044
ERR607153-k20-n1-x5e9	0.326628	0.324982	0.327847	0.324464	0.325336	0.325076	0.372982	0.37246	0.36742	0.334294	0.384368	0.383641	0.333961	0.434204	0.334421	0.330411	0.330207	0.331015	0.376308	0.369092	0.36405	0.368004	0.370345	0.368081	0.450543	0.313133	0.635735	0.326986	0.365638	0.360778	0.376013	0	0.416085	0.278387	0.284617	0.488135	0.413744	0.343877	0.33955	0.385957	0.382004	0.394899	0.381006	0.376393	0.381495	0.359023	0.358856	0.357539	0.598961	0.551045	0.531651	0.538973	0.53993	0.55353	0.509608	0.476356	0.46705	0.467949	0.466394	0.477921	0.394725	0.360876	0.35561	0.355602	0.355488	0.360836	0.514383	0.484287	0.474858	0.475481	0.474369	0.48294	0.487449	0.466452	0.464261	0.464453	0.465376	0.467029	0.460483	0.4341	0.435994	0.43233	0.429121	0.430472	0.448453	0.452185	0.452991	0.441645	0.441799	0.441745	0.46416	0.466055	0.468728	0.461753	0.462449	0.461939
ERR607154-k20-n1-x5e9	0.481412	0.465068	0.450342	0.462132	0.467346	0.462059	0.562216	0.561144	0.551774	0.505798	0.572725	0.571652	0.484891	0.3431	0.460537	0.449758	0.452313	0.452944	0.542251	0.526468	0.510842	0.523787	0.529218	0.523672	0.324554	0.435513	0.469593	0.394645	0.391965	0.394461	0.305711	0.416085	0	0.343623	0.33609	0.298736	0.389489	0.433748	0.447817	0.375414	0.37947	0.371185	0.377861	0.382376	0.376569	0.401212	0.400229	0.403279	0.517974	0.476489	0.470258	0.471518	0.472499	0.478244	0.499832	0.51273	0.526068	0.528212	0.530343	0.514848	0.405478	0.442624	0.46673	0.465925	0.472004	0.443712	0.510314	0.524669	0.53682	0.538725	0.541664	0.52556	0.517562	0.543523	0.560098	0.553631	0.552659	0.544774	0.510913	0.562706	0.566597	0.503851	0.506364	0.501183	0.574053	0.584162	0.585364	0.52741	0.528618	0.530756	0.568994	0.58287	0.585921	0.54522	0.548989	0.549819
ERR607155-k20-n1-x5e9	0.361773	0.351353	0.345603	0.349763	0.353183	0.350046	0.432989	0.431873	0.423714	0.380015	0.444466	0.443514	0.367357	0.379463	0.354033	0.345707	0.347007	0.347998	0.422157	0.409458	0.3983	0.407581	0.411632	0.407419	0.38773	0.327286	0.576461	0.314785	0.339662	0.336685	0.319146	0.278387	0.343623	0	0.251342	0.413807	0.380639	0.348648	0.352938	0.353882	0.352815	0.359596	0.349646	0.347817	0.349434	0.342881	0.342611	0.342774	0.562579	0.513855	0.497039	0.503147	0.504145	0.516179	0.489693	0.47151	0.470155	0.47175	0.471671	0.472784	0.370663	0.361996	0.370437	0.369964	0.373118	0.362225	0.496233	0.480794	0.479	0.480197	0.480565	0.479645	0.479718	0.476287	0.482643	0.479785	0.479996	0.477144	0.458529	0.466798	0.469928	0.436095	0.434859	0.433227	0.480995	0.488467	0.489184	0.453997	0.454488	0.455687	0.487312	0.495535	0.498392	0.473964	0.476532	0.476613
ERR607156-k20-n1-x5e9	0.366932	0.356091	0.349554	0.354348	0.357809	0.354755	0.439782	0.438608	0.430258	0.386232	0.451209	0.450138	0.372587	0.374063	0.358343	0.349559	0.351108	0.351776	0.428158	0.41513	0.403554	0.4131	0.417334	0.41316	0.381454	0.331749	0.570012	0.316534	0.338489	0.336212	0.313906	0.284617	0.33609	0.251342	0	0.405611	0.378411	0.351386	0.356801	0.352287	0.351365	0.357401	0.348756	0.347209	0.348481	0.344075	0.343462	0.343983	0.558548	0.510336	0.494357	0.500048	0.500911	0.512556	0.488699	0.472326	0.472265	0.473659	0.473878	0.473703	0.37014	0.364719	0.374741	0.373995	0.377518	0.364858	0.495506	0.481819	0.481184	0.482389	0.483033	0.48077	0.480455	0.479281	0.486244	0.483263	0.483547	0.480136	0.459578	0.471318	0.474609	0.438397	0.437326	0.435358	0.485309	0.492964	0.493763	0.45706	0.457563	0.458603	0.490965	0.499587	0.502447	0.476894	0.479602	0.479787
ERR607157-k20-n1-x5e9	0.544593	0.528097	0.512603	0.525092	0.530052	0.525051	0.622508	0.621247	0.612115	0.569017	0.632049	0.630822	0.547913	0.375375	0.522938	0.512628	0.51523	0.515826	0.601588	0.586196	0.570531	0.583409	0.588666	0.583236	0.346962	0.500373	0.425289	0.457348	0.443439	0.447015	0.350818	0.488135	0.298736	0.413807	0.405611	0	0.42807	0.492473	0.5085	0.422721	0.427954	0.415663	0.42777	0.433699	0.426976	0.45699	0.456223	0.459814	0.516365	0.487741	0.48776	0.486753	0.487112	0.487904	0.529348	0.553861	0.570728	0.572966	0.575634	0.555604	0.45418	0.500654	0.526576	0.525933	0.532142	0.501641	0.541214	0.566109	0.581621	0.583335	0.586866	0.566868	0.555908	0.589784	0.60818	0.601243	0.599949	0.590616	0.553881	0.615388	0.619415	0.552393	0.555492	0.5497	0.62549	0.635899	0.636991	0.576987	0.578257	0.580608	0.617414	0.632319	0.634912	0.592398	0.596568	0.597676
ERR607567-k20-n1-x5e9	0.41979	0.406204	0.393285	0.404167	0.407099	0.403832	0.48237	0.479863	0.467048	0.439101	0.490015	0.488773	0.434089	0.380157	0.414109	0.413046	0.414096	0.414703	0.478536	0.465092	0.451092	0.463171	0.466674	0.46272	0.373447	0.392863	0.528735	0.366437	0.352386	0.354199	0.357716	0.413744	0.389489	0.380639	0.378411	0.42807	0	0.316499	0.3339	0.282864	0.282789	0.28057	0.321654	0.324172	0.326366	0.335544	0.335996	0.337146	0.506327	0.471509	0.461589	0.467155	0.468349	0.472286	0.453464	0.462202	0.47224	0.475486	0.475619	0.463688	0.341935	0.37464	0.39386	0.395699	0.399375	0.374074	0.468519	0.476993	0.485427	0.488071	0.488681	0.476982	0.468384	0.49005	0.502383	0.499584	0.498179	0.490045	0.468352	0.507184	0.510772	0.472409	0.473196	0.47139	0.50084	0.511766	0.510624	0.47868	0.479373	0.480764	0.501193	0.513574	0.511361	0.489548	0.494257	0.495033
ERR607568-k20-n1-x5e9	0.345229	0.339715	0.334807	0.337558	0.339028	0.337348	0.389042	0.387451	0.378195	0.351287	0.398234	0.397326	0.365785	0.421028	0.358756	0.357348	0.357616	0.358075	0.397996	0.388907	0.379425	0.386936	0.3895	0.38671	0.423838	0.330712	0.605314	0.329916	0.353697	0.351156	0.398468	0.343877	0.433748	0.348648	0.351386	0.492473	0.316499	0	0.257621	0.293847	0.288888	0.302984	0.323614	0.319505	0.325754	0.306949	0.307099	0.305538	0.559629	0.512039	0.493707	0.500995	0.502411	0.514603	0.467768	0.441943	0.438071	0.439249	0.43838	0.444137	0.346848	0.328547	0.33072	0.331802	0.332945	0.327989	0.478122	0.455697	0.451458	0.452372	0.451664	0.455092	0.456473	0.446875	0.449462	0.448616	0.448545	0.447063	0.455899	0.445304	0.447591	0.438214	0.436908	0.437651	0.43771	0.443598	0.443329	0.429792	0.430173	0.430335	0.448537	0.453327	0.453453	0.445667	0.447034	0.447166
ERR607569-k20-n1-x5e9	0.339675	0.336335	0.333944	0.334258	0.335285	0.334389	0.375199	0.374254	0.366619	0.34065	0.384853	0.383983	0.360655	0.4353	0.35725	0.355623	0.355703	0.356213	0.388445	0.380895	0.373047	0.378829	0.381221	0.378468	0.439916	0.328848	0.621117	0.33419	0.365101	0.362083	0.413746	0.33955	0.447817	0.352938	0.356801	0.5085	0.3339	0.257621	0	0.307178	0.30181	0.317168	0.334273	0.32914	0.335559	0.31225	0.312663	0.310634	0.572168	0.52323	0.504184	0.511301	0.513083	0.525965	0.476519	0.44457	0.4379	0.438708	0.437508	0.447096	0.357105	0.329234	0.327231	0.327559	0.328133	0.328984	0.486163	0.458057	0.451363	0.451694	0.450929	0.45745	0.460759	0.444287	0.444542	0.444009	0.444393	0.444756	0.46083	0.438874	0.440598	0.438618	0.437191	0.438555	0.431074	0.435231	0.435376	0.426319	0.426506	0.426464	0.444008	0.446439	0.447495	0.443063	0.443336	0.44332
ERR607570-k20-n1-x5e9	0.39939	0.386751	0.374926	0.383974	0.387481	0.383646	0.461404	0.460053	0.45009	0.414322	0.470978	0.469879	0.415683	0.374539	0.39877	0.39306	0.394261	0.395028	0.457844	0.444856	0.431167	0.442356	0.446477	0.442021	0.362735	0.36913	0.535985	0.344112	0.351195	0.351852	0.363794	0.385957	0.375414	0.353882	0.352287	0.422721	0.282864	0.293847	0.307178	0	0.263587	0.265275	0.302229	0.303029	0.302889	0.310163	0.309544	0.310862	0.519286	0.472862	0.459259	0.463915	0.465776	0.474915	0.453463	0.449125	0.45592	0.458085	0.45883	0.451404	0.336324	0.35447	0.371784	0.372295	0.376352	0.354665	0.468636	0.466098	0.472167	0.473473	0.474805	0.466511	0.462116	0.474005	0.484858	0.480978	0.480235	0.474292	0.47198	0.491151	0.494207	0.459688	0.460218	0.458203	0.486821	0.495151	0.495249	0.460487	0.461291	0.462426	0.489126	0.498708	0.499874	0.475744	0.478824	0.479224
ERR607571-k20-n1-x5e9	0.394306	0.381967	0.370502	0.379248	0.382556	0.379064	0.455392	0.453894	0.443863	0.408885	0.464807	0.463736	0.411013	0.376279	0.394425	0.389367	0.390607	0.391116	0.452857	0.439913	0.426577	0.437611	0.441614	0.437171	0.366487	0.364989	0.541262	0.341471	0.34888	0.349083	0.364663	0.382004	0.37947	0.352815	0.351365	0.427954	0.282789	0.288888	0.30181	0.263587	0	0.265499	0.30237	0.302822	0.303065	0.308404	0.308268	0.309264	0.521345	0.475082	0.461063	0.466181	0.467938	0.477135	0.453175	0.447669	0.454008	0.455984	0.456746	0.450168	0.335131	0.351402	0.36753	0.368336	0.372266	0.35112	0.468288	0.464731	0.470133	0.471365	0.472687	0.464978	0.461008	0.471871	0.482163	0.478437	0.477721	0.472071	0.469461	0.487353	0.490382	0.457664	0.458089	0.456232	0.482396	0.490599	0.490551	0.457686	0.45833	0.459701	0.485524	0.494839	0.4957	0.473131	0.476107	0.476419
ERR607572-k20-n1-x5e9	0.40815	0.395078	0.382229	0.391798	0.39593	0.391898	0.471747	0.470235	0.459986	0.424339	0.481096	0.479868	0.424199	0.370153	0.406049	0.400297	0.401851	0.402319	0.466965	0.45377	0.439657	0.451147	0.45548	0.450992	0.357125	0.376638	0.527279	0.349773	0.352895	0.353892	0.361477	0.394899	0.371185	0.359596	0.357401	0.415663	0.28057	0.302984	0.317168	0.265275	0.265499	0	0.304637	0.306426	0.305715	0.31571	0.315709	0.316986	0.515498	0.470472	0.458023	0.462422	0.464319	0.472264	0.454429	0.453986	0.462521	0.464528	0.465483	0.456494	0.338875	0.361825	0.380636	0.381245	0.385579	0.362377	0.470618	0.471354	0.478654	0.480131	0.481558	0.471872	0.466411	0.481212	0.493028	0.4888	0.48794	0.48167	0.476521	0.499955	0.50307	0.466492	0.467284	0.465025	0.495726	0.50425	0.504257	0.468603	0.469303	0.470662	0.497333	0.507352	0.508338	0.483544	0.486634	0.487301
ERR608031-k20-n1-x5e9	0.393603	0.381093	0.368923	0.378027	0.381616	0.37764	0.458145	0.456371	0.445947	0.407081	0.468296	0.467125	0.404436	0.369163	0.386804	0.38038	0.381987	0.382413	0.451569	0.438096	0.42401	0.435258	0.439645	0.434831	0.365389	0.364173	0.543372	0.33976	0.352789	0.352858	0.365331	0.381006	0.377861	0.349646	0.348756	0.42777	0.321654	0.323614	0.334273	0.302229	0.30237	0.304637	0	0.256907	0.257225	0.263959	0.263702	0.264611	0.524339	0.476364	0.461884	0.466497	0.468151	0.478882	0.456004	0.448862	0.454977	0.456712	0.457729	0.451563	0.33457	0.349483	0.366148	0.366588	0.371028	0.349741	0.469412	0.464661	0.469936	0.471424	0.472727	0.465301	0.460844	0.471023	0.482152	0.478224	0.477388	0.471722	0.467159	0.486873	0.490177	0.454328	0.454634	0.453093	0.483667	0.492702	0.493167	0.454924	0.455626	0.456925	0.48682	0.497323	0.498924	0.472752	0.475502	0.475897
