	ERR607457-k20-n1-x5e9	ERR607458-k20-n1-x5e9	ERR607459-k20-n1-x5e9	ERR607460-k20-n1-x5e9	ERR607461-k20-n1-x5e9	ERR607462-k20-n1-x5e9	ERR608257-k20-n1-x5e9	ERR608258-k20-n1-x5e9	ERR608259-k20-n1-x5e9	ERR608260-k20-n1-x5e9	ERR608261-k20-n1-x5e9	ERR608262-k20-n1-x5e9	ERR607567-k20-n1-x5e9	ERR607568-k20-n1-x5e9	ERR607569-k20-n1-x5e9	ERR607570-k20-n1-x5e9	ERR607571-k20-n1-x5e9	ERR607572-k20-n1-x5e9	ERR607811-k20-n1-x5e9	ERR607812-k20-n1-x5e9	ERR607813-k20-n1-x5e9	ERR607814-k20-n1-x5e9	ERR607815-k20-n1-x5e9	ERR607816-k20-n1-x5e9	ERR605333-k20-n1-x5e9	ERR605334-k20-n1-x5e9	ERR605335-k20-n1-x5e9	ERR605336-k20-n1-x5e9	ERR605337-k20-n1-x5e9	ERR605338-k20-n1-x5e9	ERR608167-k20-n1-x5e9	ERR608168-k20-n1-x5e9	ERR608169-k20-n1-x5e9	ERR608170-k20-n1-x5e9	ERR608171-k20-n1-x5e9	ERR608172-k20-n1-x5e9	ERR607561-k20-n1-x5e9	ERR607562-k20-n1-x5e9	ERR607563-k20-n1-x5e9	ERR607564-k20-n1-x5e9	ERR607565-k20-n1-x5e9	ERR607566-k20-n1-x5e9	ERR605707-k20-n1-x5e9	ERR605708-k20-n1-x5e9	ERR605709-k20-n1-x5e9	ERR605710-k20-n1-x5e9	ERR605711-k20-n1-x5e9	ERR605712-k20-n1-x5e9	ERR605485-k20-n1-x5e9	ERR605486-k20-n1-x5e9	ERR605487-k20-n1-x5e9	ERR605488-k20-n1-x5e9	ERR605489-k20-n1-x5e9	ERR605490-k20-n1-x5e9	ERR607925-k20-n1-x5e9	ERR607926-k20-n1-x5e9	ERR607927-k20-n1-x5e9	ERR607928-k20-n1-x5e9	ERR607929-k20-n1-x5e9	ERR607930-k20-n1-x5e9	ERR608787-k20-n1-x5e9	ERR608788-k20-n1-x5e9	ERR608789-k20-n1-x5e9	ERR608790-k20-n1-x5e9	ERR608791-k20-n1-x5e9	ERR608792-k20-n1-x5e9	ERR605259-k20-n1-x5e9	ERR605260-k20-n1-x5e9	ERR605261-k20-n1-x5e9	ERR605262-k20-n1-x5e9	ERR605263-k20-n1-x5e9	ERR605264-k20-n1-x5e9	ERR605265-k20-n1-x5e9	ERR605266-k20-n1-x5e9	ERR605267-k20-n1-x5e9	ERR605268-k20-n1-x5e9	ERR605269-k20-n1-x5e9	ERR605270-k20-n1-x5e9	ERR606030-k20-n1-x5e9	ERR606031-k20-n1-x5e9	ERR606032-k20-n1-x5e9	ERR606033-k20-n1-x5e9	ERR606034-k20-n1-x5e9	ERR606035-k20-n1-x5e9	ERR608507-k20-n1-x5e9	ERR608508-k20-n1-x5e9	ERR608509-k20-n1-x5e9	ERR608510-k20-n1-x5e9	ERR608511-k20-n1-x5e9	ERR608512-k20-n1-x5e9	ERR605297-k20-n1-x5e9	ERR605298-k20-n1-x5e9	ERR605299-k20-n1-x5e9	ERR605300-k20-n1-x5e9	ERR605301-k20-n1-x5e9	ERR605302-k20-n1-x5e9
ERR607457-k20-n1-x5e9	0	0.262514	0.263395	0.267796	0.267979	0.269098	0.390057	0.446702	0.472506	0.519247	0.521092	0.518366	0.314985	0.31929	0.330685	0.303935	0.302809	0.305826	0.329648	0.329775	0.336283	0.390574	0.388233	0.386795	0.364277	0.401928	0.355997	0.348494	0.350203	0.349506	0.333542	0.332793	0.335514	0.355445	0.3547	0.353446	0.365558	0.363755	0.368376	0.369666	0.370584	0.369096	0.438487	0.420115	0.412272	0.386958	0.359423	0.363807	0.538098	0.529744	0.5184	0.528425	0.530732	0.528309	0.543159	0.491898	0.695962	0.509914	0.504447	0.506095	0.458938	0.464653	0.46369	0.456317	0.455488	0.455324	0.518805	0.510562	0.484477	0.499789	0.499774	0.503094	0.482045	0.475969	0.463368	0.472187	0.47247	0.474499	0.455531	0.478058	0.481321	0.447937	0.448216	0.446605	0.453988	0.458385	0.457139	0.438035	0.438699	0.437552	0.479731	0.478126	0.482129	0.482749	0.482437	0.482212
ERR607458-k20-n1-x5e9	0.262514	0	0.263437	0.265423	0.265388	0.266171	0.384884	0.440531	0.466142	0.512774	0.514686	0.51189	0.317699	0.315907	0.32612	0.304664	0.302904	0.30741	0.329431	0.329037	0.336819	0.384969	0.382567	0.381197	0.36188	0.406773	0.354809	0.347211	0.348588	0.347964	0.332459	0.331462	0.33393	0.350769	0.349937	0.348722	0.367782	0.365472	0.370271	0.367675	0.368889	0.367242	0.432971	0.415111	0.407184	0.382122	0.357557	0.361384	0.53394	0.525779	0.514907	0.524401	0.52685	0.524257	0.545503	0.491651	0.698242	0.511459	0.505556	0.507442	0.456821	0.461949	0.461408	0.455569	0.454567	0.454375	0.515314	0.507148	0.483165	0.497459	0.497404	0.500536	0.47912	0.473564	0.463231	0.470991	0.471168	0.472961	0.454774	0.474152	0.477252	0.445651	0.445902	0.444569	0.451263	0.455133	0.454107	0.437029	0.437753	0.436774	0.477724	0.476668	0.483001	0.482522	0.482117	0.481815
ERR607459-k20-n1-x5e9	0.263395	0.263437	0	0.268043	0.267914	0.269436	0.391088	0.446438	0.471927	0.519518	0.521319	0.518614	0.31793	0.320197	0.330817	0.302928	0.302061	0.304922	0.326408	0.326378	0.332311	0.391053	0.388506	0.387183	0.366937	0.401744	0.359196	0.349989	0.351895	0.350796	0.331845	0.331352	0.33293	0.354495	0.353524	0.352075	0.364018	0.362265	0.366266	0.368533	0.369276	0.367708	0.440342	0.422246	0.414585	0.388179	0.363245	0.36728	0.540083	0.531989	0.520917	0.530395	0.532982	0.530344	0.546819	0.494782	0.696452	0.512674	0.507288	0.508928	0.461151	0.466247	0.46597	0.455825	0.454967	0.454818	0.520752	0.512534	0.486288	0.502919	0.50283	0.506057	0.484585	0.478773	0.465609	0.476136	0.476178	0.478402	0.459662	0.4794	0.48252	0.449291	0.44958	0.447831	0.456406	0.460196	0.459438	0.438659	0.439648	0.438418	0.482553	0.480964	0.484359	0.486713	0.486184	0.486091
ERR607460-k20-n1-x5e9	0.267796	0.265423	0.268043	0	0.25852	0.258685	0.364869	0.417105	0.44239	0.489763	0.491604	0.488829	0.327934	0.304453	0.311334	0.309343	0.307044	0.314711	0.334176	0.330529	0.342472	0.364946	0.362928	0.361591	0.351555	0.42339	0.348964	0.342198	0.343341	0.343018	0.333436	0.330368	0.334215	0.337403	0.336825	0.335827	0.377569	0.37386	0.378774	0.363133	0.364688	0.363289	0.412344	0.395831	0.388344	0.364939	0.349567	0.35154	0.518512	0.511064	0.501094	0.509528	0.51189	0.509444	0.553424	0.49191	0.70722	0.516956	0.510403	0.512314	0.448801	0.451426	0.451324	0.453876	0.452771	0.452322	0.50168	0.494382	0.479049	0.488193	0.487768	0.490252	0.467865	0.46385	0.463634	0.465319	0.465281	0.466041	0.450862	0.458886	0.461647	0.437477	0.437318	0.436935	0.439649	0.441953	0.441641	0.433529	0.433906	0.433924	0.468961	0.469259	0.485807	0.479618	0.479197	0.477729
ERR607461-k20-n1-x5e9	0.267979	0.265388	0.267914	0.25852	0	0.258554	0.364953	0.416991	0.442209	0.489693	0.49159	0.488726	0.328536	0.30446	0.31124	0.309165	0.306984	0.314414	0.333529	0.329689	0.341576	0.364618	0.362377	0.361268	0.351303	0.423174	0.349007	0.342012	0.342871	0.34277	0.333025	0.32995	0.33355	0.336739	0.33626	0.335385	0.37752	0.373569	0.378443	0.362853	0.364305	0.363104	0.412807	0.396129	0.388731	0.364967	0.350043	0.352098	0.519129	0.511805	0.501961	0.510215	0.512596	0.510027	0.554758	0.49355	0.707824	0.518204	0.511769	0.513782	0.44996	0.452346	0.452565	0.454969	0.453664	0.453016	0.502295	0.495123	0.479402	0.488935	0.488695	0.49109	0.468435	0.464325	0.464449	0.466527	0.466357	0.467091	0.452415	0.459694	0.462528	0.43817	0.438238	0.437467	0.440904	0.443097	0.442879	0.434443	0.434663	0.434732	0.469519	0.469865	0.486956	0.480802	0.480125	0.478638
ERR607462-k20-n1-x5e9	0.269098	0.266171	0.269436	0.258685	0.258554	0	0.362001	0.413636	0.438916	0.486287	0.488199	0.485252	0.32932	0.302438	0.308684	0.310336	0.307939	0.315991	0.335025	0.331307	0.343621	0.36157	0.359555	0.358385	0.3492	0.425855	0.3475	0.340944	0.341846	0.341635	0.333745	0.330424	0.334368	0.335209	0.334898	0.333896	0.379172	0.375139	0.380594	0.362756	0.364489	0.363173	0.408837	0.392347	0.384923	0.3618	0.347857	0.349406	0.515436	0.508138	0.498227	0.506586	0.508741	0.506346	0.554709	0.492173	0.708526	0.517731	0.511128	0.513143	0.447209	0.449437	0.449512	0.453943	0.452515	0.451872	0.498854	0.491839	0.477457	0.485911	0.485612	0.488004	0.465107	0.461181	0.463012	0.463555	0.463597	0.464203	0.44988	0.456017	0.458811	0.435985	0.435643	0.435148	0.43788	0.440081	0.439628	0.433272	0.433272	0.433388	0.46697	0.467551	0.486166	0.479159	0.478102	0.47677
ERR608257-k20-n1-x5e9	0.390057	0.384884	0.391088	0.364869	0.364953	0.362001	0	0.266059	0.292185	0.348043	0.350174	0.346973	0.423493	0.33642	0.326452	0.399661	0.394727	0.410997	0.413809	0.402428	0.426033	0.315353	0.315597	0.315751	0.342677	0.5157	0.361857	0.364147	0.361876	0.364025	0.40825	0.400964	0.408312	0.351946	0.354683	0.35503	0.47327	0.467072	0.472792	0.417436	0.421833	0.422144	0.336587	0.328196	0.326576	0.322696	0.353409	0.346562	0.465952	0.46143	0.457433	0.460286	0.462054	0.460226	0.606571	0.525303	0.759685	0.565434	0.557874	0.56002	0.4449	0.43511	0.436631	0.485936	0.484131	0.481683	0.458634	0.455936	0.484116	0.465262	0.463884	0.463212	0.438091	0.441303	0.49027	0.461118	0.460145	0.4559	0.451963	0.406898	0.408138	0.426284	0.421987	0.425895	0.411678	0.407066	0.408886	0.452099	0.449191	0.452511	0.446705	0.453608	0.515151	0.482006	0.480338	0.475007
ERR608258-k20-n1-x5e9	0.446702	0.440531	0.446438	0.417105	0.416991	0.413636	0.266059	0	0.2395	0.28018	0.281744	0.279045	0.483068	0.382225	0.365854	0.454472	0.448971	0.466163	0.46556	0.45178	0.476581	0.331185	0.33207	0.333444	0.400256	0.579472	0.425594	0.426361	0.424285	0.426869	0.452848	0.444526	0.451315	0.379255	0.382057	0.383142	0.525065	0.518549	0.52357	0.461316	0.465471	0.466301	0.338735	0.344074	0.348114	0.356257	0.40904	0.399901	0.469373	0.470895	0.474609	0.470063	0.470384	0.46997	0.653704	0.570272	0.794564	0.612547	0.604533	0.606613	0.488329	0.472889	0.477176	0.530392	0.52886	0.525803	0.474328	0.47744	0.527918	0.500282	0.498559	0.495253	0.469198	0.477354	0.540652	0.506718	0.505164	0.499486	0.505839	0.426402	0.425177	0.471002	0.46581	0.470725	0.456853	0.446651	0.450614	0.505886	0.502948	0.5067	0.491328	0.501541	0.571678	0.536725	0.534796	0.528517
ERR608259-k20-n1-x5e9	0.472506	0.466142	0.471927	0.44239	0.442209	0.438916	0.292185	0.2395	0	0.260855	0.26202	0.259808	0.508844	0.406889	0.389185	0.479938	0.47439	0.491502	0.490167	0.476095	0.500598	0.348188	0.349618	0.351196	0.428428	0.60593	0.454472	0.454969	0.452991	0.455551	0.474963	0.46649	0.473314	0.398022	0.400841	0.40218	0.5483	0.541886	0.546613	0.483485	0.487453	0.488484	0.350555	0.360626	0.366217	0.37815	0.435412	0.425702	0.477096	0.480939	0.487418	0.480392	0.480198	0.480318	0.673941	0.590791	0.809826	0.633189	0.625206	0.627185	0.510558	0.493741	0.498574	0.552252	0.550792	0.547722	0.486639	0.49182	0.548948	0.518789	0.516709	0.512788	0.487055	0.496724	0.563471	0.528437	0.526667	0.520669	0.530252	0.44155	0.439421	0.493306	0.4879	0.492959	0.480672	0.469101	0.473549	0.531307	0.528444	0.532185	0.513667	0.524831	0.596313	0.561327	0.559355	0.55275
ERR608260-k20-n1-x5e9	0.519247	0.512774	0.519518	0.489763	0.489693	0.486287	0.348043	0.28018	0.260855	0	0.236952	0.237162	0.551608	0.452485	0.435168	0.527218	0.521253	0.537906	0.539295	0.525882	0.550062	0.388574	0.390512	0.392578	0.478884	0.653683	0.505607	0.50782	0.505951	0.508303	0.516918	0.508982	0.51638	0.437153	0.440258	0.441862	0.591411	0.58551	0.590357	0.526631	0.530617	0.531609	0.376046	0.392422	0.401219	0.421425	0.478544	0.468699	0.494864	0.50197	0.513443	0.503083	0.501456	0.503133	0.706689	0.627496	0.838315	0.668965	0.661327	0.663189	0.553996	0.537352	0.54116	0.598616	0.597377	0.594011	0.513623	0.521808	0.589562	0.553206	0.550993	0.545567	0.521424	0.533181	0.605516	0.566514	0.564587	0.557731	0.573102	0.477359	0.47434	0.538671	0.532318	0.537969	0.528735	0.516509	0.519752	0.583078	0.579773	0.583744	0.556788	0.56913	0.642273	0.605682	0.603683	0.596851
ERR608261-k20-n1-x5e9	0.521092	0.514686	0.521319	0.491604	0.49159	0.488199	0.350174	0.281744	0.26202	0.236952	0	0.236987	0.553437	0.454412	0.437229	0.528969	0.523099	0.539833	0.541351	0.527881	0.552032	0.390609	0.392608	0.394468	0.480976	0.65557	0.50767	0.509834	0.508036	0.510418	0.51864	0.510722	0.517946	0.438854	0.441919	0.443538	0.593133	0.587337	0.592089	0.528485	0.532436	0.533413	0.377753	0.394316	0.403071	0.423372	0.480534	0.470678	0.496079	0.503307	0.51503	0.504471	0.502765	0.504484	0.708257	0.629048	0.839408	0.670608	0.662968	0.664807	0.555988	0.539349	0.543114	0.600588	0.599319	0.595941	0.514956	0.523227	0.59119	0.554734	0.552589	0.547071	0.523125	0.534919	0.60739	0.568413	0.566438	0.559499	0.574949	0.479052	0.475869	0.540398	0.53408	0.539707	0.530755	0.518544	0.521771	0.585037	0.58175	0.585766	0.558554	0.570892	0.643976	0.607421	0.605377	0.598638
ERR608262-k20-n1-x5e9	0.518366	0.51189	0.518614	0.488829	0.488726	0.485252	0.346973	0.279045	0.259808	0.237162	0.236987	0	0.55075	0.451585	0.434082	0.526323	0.520307	0.53696	0.538535	0.524924	0.549245	0.387789	0.389783	0.391581	0.477956	0.652863	0.504687	0.506793	0.504861	0.507351	0.516143	0.507986	0.515428	0.436333	0.439303	0.440944	0.590665	0.584767	0.589597	0.525898	0.529759	0.53081	0.375442	0.39192	0.400463	0.420556	0.477883	0.46804	0.494339	0.501412	0.512868	0.50238	0.500802	0.502478	0.706187	0.62681	0.837718	0.668403	0.660727	0.662627	0.553128	0.536539	0.540314	0.597741	0.596465	0.593083	0.512868	0.521072	0.588649	0.552473	0.550321	0.544811	0.520809	0.532515	0.604713	0.565816	0.563845	0.55699	0.572385	0.47652	0.47343	0.537818	0.531472	0.537063	0.527764	0.515576	0.518927	0.582109	0.5788	0.582812	0.555937	0.568261	0.64142	0.604848	0.602806	0.596033
ERR607567-k20-n1-x5e9	0.314985	0.317699	0.31793	0.327934	0.328536	0.32932	0.423493	0.483068	0.508844	0.551608	0.553437	0.55075	0	0.316499	0.3339	0.282864	0.282789	0.28057	0.345884	0.350293	0.351905	0.42699	0.424909	0.42297	0.386793	0.385893	0.372644	0.367124	0.369336	0.367514	0.346539	0.348001	0.351035	0.383716	0.383122	0.381668	0.366896	0.367235	0.373206	0.39129	0.391967	0.389034	0.469203	0.450579	0.44215	0.418077	0.379361	0.385633	0.56311	0.554256	0.542195	0.553096	0.555287	0.552762	0.52967	0.496864	0.686697	0.506162	0.502184	0.503759	0.477124	0.487057	0.483969	0.471244	0.470922	0.471088	0.54423	0.535242	0.50216	0.519619	0.519633	0.523309	0.506156	0.499011	0.476218	0.488486	0.489216	0.491784	0.468352	0.507184	0.510772	0.472409	0.473196	0.47139	0.474582	0.481066	0.478356	0.453012	0.453922	0.452545	0.501167	0.497997	0.490469	0.494933	0.494964	0.495584
ERR607568-k20-n1-x5e9	0.31929	0.315907	0.320197	0.304453	0.30446	0.302438	0.33642	0.382225	0.406889	0.452485	0.454412	0.451585	0.316499	0	0.257621	0.293847	0.288888	0.302984	0.350461	0.343212	0.3602	0.340622	0.338727	0.337953	0.339022	0.448979	0.343683	0.339343	0.339538	0.339677	0.33865	0.333685	0.338892	0.320333	0.32109	0.320545	0.400951	0.396053	0.401784	0.368766	0.371493	0.37014	0.381585	0.367751	0.361256	0.342342	0.341702	0.341173	0.499239	0.493434	0.485619	0.491946	0.493741	0.491703	0.570332	0.501177	0.724596	0.532388	0.525174	0.52714	0.446642	0.445602	0.4462	0.463565	0.462234	0.461004	0.487773	0.482604	0.481459	0.48154	0.480912	0.481904	0.458533	0.457061	0.472736	0.464678	0.464112	0.463331	0.455899	0.445304	0.447591	0.438214	0.436908	0.437651	0.432244	0.43239	0.432631	0.440703	0.439737	0.441014	0.465792	0.468629	0.499968	0.485338	0.483937	0.481501
ERR607569-k20-n1-x5e9	0.330685	0.32612	0.330817	0.311334	0.31124	0.308684	0.326452	0.365854	0.389185	0.435168	0.437229	0.434082	0.3339	0.257621	0	0.307178	0.30181	0.317168	0.360531	0.351748	0.37075	0.330331	0.32871	0.327991	0.341209	0.465824	0.349553	0.345311	0.345211	0.345908	0.347467	0.341235	0.347018	0.31698	0.31821	0.317691	0.413955	0.40845	0.414395	0.374037	0.376701	0.375891	0.370011	0.358223	0.352531	0.335879	0.345787	0.343459	0.491517	0.486963	0.480341	0.485168	0.486913	0.484989	0.580726	0.507735	0.73283	0.541443	0.534074	0.535869	0.447253	0.443373	0.44513	0.467748	0.466084	0.46465	0.482281	0.47818	0.484449	0.480916	0.479974	0.48062	0.456157	0.456214	0.47915	0.467636	0.46687	0.465347	0.46083	0.438874	0.440598	0.438618	0.437191	0.438555	0.430869	0.429275	0.430467	0.444625	0.443528	0.445454	0.466022	0.470032	0.507739	0.490259	0.488995	0.485839
ERR607570-k20-n1-x5e9	0.303935	0.304664	0.302928	0.309343	0.309165	0.310336	0.399661	0.454472	0.479938	0.527218	0.528969	0.526323	0.282864	0.293847	0.307178	0	0.263587	0.265275	0.321311	0.32277	0.325124	0.401937	0.399099	0.397665	0.374723	0.391114	0.365629	0.354104	0.356641	0.355297	0.325717	0.325994	0.326165	0.356157	0.355115	0.353636	0.3602	0.358516	0.362031	0.37229	0.372317	0.370009	0.451434	0.433767	0.426145	0.398371	0.372267	0.376852	0.550314	0.542602	0.532099	0.541041	0.543432	0.540843	0.548044	0.498893	0.693556	0.514563	0.509406	0.511147	0.469046	0.474394	0.47474	0.457653	0.45679	0.456973	0.531998	0.523955	0.49541	0.514367	0.514361	0.517789	0.49677	0.490893	0.473713	0.487812	0.48817	0.49026	0.47198	0.491151	0.494207	0.459688	0.460218	0.458203	0.465709	0.469718	0.469238	0.442226	0.443783	0.442099	0.495082	0.493027	0.49226	0.498076	0.497855	0.497921
ERR607571-k20-n1-x5e9	0.302809	0.302904	0.302061	0.307044	0.306984	0.307939	0.394727	0.448971	0.47439	0.521253	0.523099	0.520307	0.282789	0.288888	0.30181	0.263587	0	0.265499	0.322288	0.322959	0.326922	0.396761	0.39414	0.392682	0.370641	0.394303	0.361967	0.351425	0.35386	0.352696	0.324641	0.324431	0.325185	0.352216	0.35116	0.349904	0.361611	0.359702	0.363469	0.370171	0.37054	0.368266	0.445426	0.427934	0.420289	0.393256	0.368011	0.372361	0.545846	0.538315	0.527966	0.536801	0.539157	0.536549	0.548257	0.49773	0.69562	0.514721	0.509298	0.510823	0.466738	0.472049	0.472025	0.457866	0.456734	0.457046	0.528299	0.520172	0.493551	0.51112	0.510944	0.514179	0.493208	0.487538	0.472678	0.485125	0.485359	0.487285	0.469461	0.487353	0.490382	0.457664	0.458089	0.456232	0.462387	0.466277	0.46561	0.441659	0.442962	0.44179	0.49212	0.490545	0.491888	0.495988	0.495801	0.495889
ERR607572-k20-n1-x5e9	0.305826	0.30741	0.304922	0.314711	0.314414	0.315991	0.410997	0.466163	0.491502	0.537906	0.539833	0.53696	0.28057	0.302984	0.317168	0.265275	0.265499	0	0.32241	0.325272	0.325649	0.412153	0.409309	0.40782	0.38222	0.385338	0.37135	0.359851	0.36278	0.360946	0.327985	0.328993	0.328901	0.364263	0.362792	0.361606	0.357453	0.356641	0.359891	0.376618	0.376607	0.374044	0.461964	0.444029	0.436205	0.408178	0.378754	0.384155	0.558459	0.550718	0.539712	0.549137	0.551524	0.548889	0.546449	0.501577	0.690603	0.514587	0.509611	0.511172	0.475186	0.481972	0.481535	0.461533	0.460685	0.46105	0.539787	0.531409	0.499956	0.520678	0.520702	0.524221	0.504004	0.4975	0.476129	0.492867	0.493198	0.495724	0.476521	0.499955	0.50307	0.466492	0.467284	0.465025	0.473371	0.477825	0.477087	0.447367	0.449144	0.447226	0.501482	0.499026	0.493858	0.502193	0.501905	0.502595
ERR607811-k20-n1-x5e9	0.329648	0.329431	0.326408	0.334176	0.333529	0.335025	0.413809	0.46556	0.490167	0.539295	0.541351	0.538535	0.345884	0.350461	0.360531	0.321311	0.322288	0.32241	0	0.261561	0.262808	0.367193	0.363949	0.36244	0.40014	0.408403	0.390882	0.376503	0.379559	0.377653	0.320415	0.321178	0.319568	0.357385	0.355091	0.354023	0.381674	0.379988	0.381688	0.39426	0.393452	0.391644	0.464125	0.44721	0.439335	0.408931	0.388235	0.39186	0.584708	0.577884	0.567732	0.575574	0.578309	0.575609	0.581786	0.533677	0.709694	0.547777	0.542414	0.54421	0.50038	0.504428	0.506381	0.481608	0.481161	0.481502	0.565304	0.557815	0.527981	0.549885	0.549335	0.552936	0.532264	0.526571	0.506919	0.524994	0.525279	0.527547	0.504631	0.517366	0.520173	0.486744	0.487687	0.485275	0.497377	0.500501	0.501173	0.469868	0.472054	0.469911	0.53218	0.530461	0.526441	0.536188	0.535849	0.5364
ERR607812-k20-n1-x5e9	0.329775	0.329037	0.326378	0.330529	0.329689	0.331307	0.402428	0.45178	0.476095	0.525882	0.527881	0.524924	0.350293	0.343212	0.351748	0.32277	0.322959	0.325272	0.261561	0	0.264471	0.352537	0.349095	0.347637	0.393788	0.418464	0.387382	0.373277	0.375834	0.37428	0.318813	0.318686	0.317471	0.347681	0.345446	0.344508	0.386882	0.384517	0.386519	0.391321	0.390581	0.389157	0.452286	0.436109	0.428399	0.398703	0.382764	0.385928	0.576418	0.570058	0.56058	0.567716	0.570325	0.567774	0.585666	0.533472	0.714699	0.55007	0.544628	0.546186	0.496276	0.499022	0.50125	0.480712	0.480172	0.480207	0.558198	0.551231	0.525735	0.545156	0.54471	0.547937	0.526344	0.521372	0.507039	0.522102	0.522319	0.524108	0.502554	0.509248	0.511654	0.482303	0.482995	0.481107	0.491994	0.494083	0.495424	0.468583	0.470564	0.46877	0.528084	0.527139	0.528056	0.535052	0.534499	0.534763
ERR607813-k20-n1-x5e9	0.336283	0.336819	0.332311	0.342472	0.341576	0.343621	0.426033	0.476581	0.500598	0.550062	0.552032	0.549245	0.351905	0.3602	0.37075	0.325124	0.326922	0.325649	0.262808	0.264471	0	0.380261	0.376746	0.375149	0.411681	0.408357	0.401877	0.386015	0.389429	0.387546	0.324529	0.325912	0.322959	0.366169	0.363515	0.362385	0.383028	0.381695	0.382363	0.400408	0.39898	0.397367	0.477344	0.460602	0.452796	0.421714	0.400773	0.40494	0.595146	0.588618	0.578697	0.586186	0.588831	0.586265	0.587479	0.541054	0.710098	0.553495	0.548492	0.549869	0.51012	0.514267	0.516484	0.486986	0.486543	0.487186	0.575452	0.568169	0.53653	0.560433	0.560058	0.563804	0.543094	0.537402	0.515037	0.535822	0.535995	0.53872	0.515533	0.527743	0.530349	0.496114	0.497121	0.494636	0.508065	0.510936	0.512136	0.476885	0.47948	0.476986	0.542844	0.541065	0.533859	0.546182	0.546033	0.546883
ERR607814-k20-n1-x5e9	0.390574	0.384969	0.391053	0.364946	0.364618	0.36157	0.315353	0.331185	0.348188	0.388574	0.390609	0.387789	0.42699	0.340622	0.330331	0.401937	0.396761	0.412153	0.367193	0.352537	0.380261	0	0.243072	0.243814	0.368523	0.526691	0.385931	0.384894	0.383822	0.385154	0.391377	0.383894	0.391467	0.332387	0.334647	0.335061	0.477072	0.47099	0.476513	0.423157	0.42676	0.42659	0.339371	0.334921	0.33291	0.328143	0.362574	0.35565	0.496033	0.493984	0.491154	0.492532	0.493616	0.492339	0.62382	0.54722	0.769674	0.584703	0.577304	0.578975	0.474701	0.466062	0.468404	0.507149	0.505863	0.50352	0.492863	0.491702	0.516595	0.501734	0.500117	0.499319	0.474209	0.477485	0.518167	0.4954	0.49426	0.490738	0.487986	0.442391	0.442954	0.461519	0.457954	0.461295	0.451767	0.446973	0.448972	0.482147	0.480146	0.48274	0.491278	0.497852	0.549693	0.523194	0.52168	0.517167
ERR607815-k20-n1-x5e9	0.388233	0.382567	0.388506	0.362928	0.362377	0.359555	0.315597	0.33207	0.349618	0.390512	0.392608	0.389783	0.424909	0.338727	0.32871	0.399099	0.39414	0.409309	0.363949	0.349095	0.376746	0.243072	0	0.243554	0.368006	0.524172	0.384988	0.383631	0.382622	0.383802	0.388472	0.380786	0.388276	0.330308	0.332769	0.332867	0.474397	0.468412	0.473773	0.421197	0.424448	0.424309	0.340898	0.335969	0.333884	0.328191	0.362005	0.355311	0.496994	0.494703	0.491755	0.493164	0.494466	0.49318	0.622734	0.546171	0.768138	0.583404	0.575999	0.577797	0.474092	0.465535	0.467793	0.505557	0.504032	0.501898	0.493393	0.492144	0.515809	0.501959	0.500378	0.49954	0.474193	0.477335	0.517002	0.495401	0.494001	0.490647	0.487556	0.442794	0.443312	0.460873	0.4575	0.460612	0.451684	0.446889	0.449007	0.480838	0.479035	0.481591	0.491268	0.497703	0.548841	0.522967	0.521491	0.517079
ERR607816-k20-n1-x5e9	0.386795	0.381197	0.387183	0.361591	0.361268	0.358385	0.315751	0.333444	0.351196	0.392578	0.394468	0.391581	0.42297	0.337953	0.327991	0.397665	0.392682	0.40782	0.36244	0.347637	0.375149	0.243814	0.243554	0	0.367021	0.522319	0.383843	0.382495	0.381568	0.382485	0.387057	0.3796	0.387183	0.330005	0.332043	0.332378	0.47291	0.466787	0.472306	0.420001	0.423338	0.423303	0.341838	0.336808	0.334563	0.328533	0.361014	0.354604	0.497376	0.495029	0.49182	0.493513	0.494685	0.493276	0.621375	0.54506	0.767348	0.582255	0.574766	0.576574	0.473263	0.46486	0.467153	0.504406	0.502928	0.5008	0.493472	0.492087	0.515126	0.501492	0.499912	0.499202	0.474201	0.477037	0.516029	0.494667	0.49348	0.490115	0.486453	0.442903	0.443476	0.460153	0.457031	0.459833	0.450689	0.446038	0.448169	0.479449	0.477623	0.480185	0.490841	0.497156	0.547503	0.522131	0.520523	0.516127
ERR605333-k20-n1-x5e9	0.364277	0.36188	0.366937	0.351555	0.351303	0.3492	0.342677	0.400256	0.428428	0.478884	0.480976	0.477956	0.386793	0.339022	0.341209	0.374723	0.370641	0.38222	0.40014	0.393788	0.411681	0.368523	0.368006	0.367021	0	0.408678	0.250153	0.255772	0.253802	0.254947	0.389763	0.385596	0.39201	0.369982	0.371465	0.370723	0.444549	0.440021	0.446275	0.411329	0.415487	0.414208	0.373153	0.353257	0.345574	0.328678	0.320188	0.319414	0.479929	0.470304	0.457423	0.469286	0.47178	0.468822	0.579939	0.512871	0.740378	0.544756	0.538263	0.539944	0.451974	0.451244	0.449393	0.485005	0.4827	0.481437	0.460181	0.450907	0.442999	0.441267	0.441414	0.444045	0.42278	0.418772	0.43829	0.421294	0.421038	0.42079	0.421696	0.429955	0.433404	0.416469	0.414447	0.415961	0.421111	0.423574	0.422192	0.443019	0.440387	0.443069	0.415378	0.416236	0.4547	0.429526	0.427999	0.425358
ERR605334-k20-n1-x5e9	0.401928	0.406773	0.401744	0.42339	0.423174	0.425855	0.5157	0.579472	0.60593	0.653683	0.65557	0.652863	0.385893	0.448979	0.465824	0.391114	0.394303	0.385338	0.408403	0.418464	0.408357	0.526691	0.524172	0.522319	0.408678	0	0.381828	0.369896	0.374278	0.370896	0.421798	0.4262	0.423556	0.479364	0.477494	0.476035	0.417635	0.420388	0.421334	0.470498	0.469932	0.467414	0.555296	0.532946	0.523654	0.492759	0.440823	0.450233	0.623027	0.611349	0.594688	0.609822	0.613128	0.609556	0.556959	0.542589	0.683132	0.538067	0.53618	0.537103	0.536715	0.549077	0.546822	0.511631	0.510563	0.512275	0.593031	0.579617	0.510648	0.552706	0.554326	0.561091	0.547391	0.534412	0.472787	0.511623	0.513536	0.520259	0.498475	0.569016	0.57327	0.509506	0.512345	0.507764	0.533653	0.543038	0.54084	0.488884	0.491793	0.48782	0.524551	0.51482	0.463283	0.495792	0.496993	0.502159
ERR605335-k20-n1-x5e9	0.355997	0.354809	0.359196	0.348964	0.349007	0.3475	0.361857	0.425594	0.454472	0.505607	0.50767	0.504687	0.372644	0.343683	0.349553	0.365629	0.361967	0.37135	0.390882	0.387382	0.401877	0.385931	0.384988	0.383843	0.250153	0.381828	0	0.250594	0.249535	0.249585	0.3844	0.381594	0.386939	0.378746	0.380074	0.379097	0.431748	0.427847	0.43418	0.409913	0.413636	0.411967	0.396428	0.374744	0.3652	0.344548	0.322243	0.323854	0.49734	0.486655	0.471596	0.485154	0.488071	0.48478	0.568504	0.507654	0.729604	0.535269	0.529233	0.530926	0.453872	0.4561	0.453834	0.480423	0.478311	0.477407	0.474236	0.46329	0.440631	0.447346	0.44794	0.451688	0.432773	0.426067	0.430176	0.42131	0.421737	0.422636	0.417289	0.444036	0.44801	0.418791	0.41814	0.418172	0.426537	0.431065	0.42927	0.43844	0.436274	0.438039	0.419716	0.418308	0.441914	0.423572	0.422474	0.421404
ERR605336-k20-n1-x5e9	0.348494	0.347211	0.349989	0.342198	0.342012	0.340944	0.364147	0.426361	0.454969	0.50782	0.509834	0.506793	0.367124	0.339343	0.345311	0.354104	0.351425	0.359851	0.376503	0.373277	0.386015	0.384894	0.383631	0.382495	0.255772	0.369896	0.250594	0	0.24669	0.246439	0.372543	0.370174	0.374203	0.371464	0.372192	0.371084	0.420839	0.417093	0.422466	0.402636	0.405596	0.404068	0.401686	0.38019	0.370822	0.346268	0.325596	0.327697	0.501577	0.491311	0.476706	0.48946	0.492476	0.489085	0.568561	0.507102	0.724434	0.533487	0.527282	0.528968	0.454869	0.456845	0.455591	0.473585	0.471513	0.470723	0.478018	0.4673	0.440631	0.452463	0.453094	0.45713	0.436959	0.429973	0.428255	0.425803	0.426226	0.427672	0.42299	0.446482	0.450297	0.417985	0.417404	0.417028	0.430557	0.434747	0.433603	0.434254	0.432796	0.434493	0.424963	0.422989	0.440796	0.428748	0.427814	0.426974
ERR605337-k20-n1-x5e9	0.350203	0.348588	0.351895	0.343341	0.342871	0.341846	0.361876	0.424285	0.452991	0.505951	0.508036	0.504861	0.369336	0.339538	0.345211	0.356641	0.35386	0.36278	0.379559	0.375834	0.389429	0.383822	0.382622	0.381568	0.253802	0.374278	0.249535	0.24669	0	0.246102	0.37522	0.372548	0.376955	0.372048	0.373128	0.371979	0.423943	0.420087	0.425295	0.403684	0.407048	0.405548	0.399469	0.377941	0.36868	0.344621	0.324803	0.326413	0.500031	0.489786	0.475129	0.487814	0.490918	0.48749	0.569783	0.507612	0.726385	0.534729	0.528496	0.53033	0.454241	0.45607	0.454791	0.474746	0.472724	0.471996	0.476457	0.465737	0.440347	0.450996	0.451517	0.455755	0.43548	0.42864	0.428703	0.424824	0.425252	0.426774	0.422354	0.445153	0.449098	0.417649	0.417064	0.416852	0.429255	0.43343	0.432357	0.43459	0.433218	0.434676	0.423526	0.421738	0.441643	0.428027	0.426954	0.426048
ERR605338-k20-n1-x5e9	0.349506	0.347964	0.350796	0.343018	0.34277	0.341635	0.364025	0.426869	0.455551	0.508303	0.510418	0.507351	0.367514	0.339677	0.345908	0.355297	0.352696	0.360946	0.377653	0.37428	0.387546	0.385154	0.383802	0.382485	0.254947	0.370896	0.249585	0.246439	0.246102	0	0.373542	0.371135	0.375281	0.372264	0.372958	0.372007	0.421972	0.418417	0.42366	0.403373	0.40644	0.404834	0.401401	0.379784	0.370426	0.345814	0.32459	0.326307	0.502104	0.491774	0.477126	0.489774	0.492801	0.489554	0.569625	0.508275	0.725739	0.534731	0.528667	0.530199	0.455832	0.457919	0.45661	0.475318	0.473166	0.472328	0.478537	0.467688	0.441337	0.452643	0.45319	0.45737	0.437462	0.430498	0.429083	0.426121	0.426537	0.428378	0.422989	0.447247	0.451088	0.418748	0.418066	0.417732	0.431451	0.435803	0.434712	0.435666	0.434414	0.435889	0.42555	0.423306	0.441654	0.428973	0.427838	0.427218
ERR608167-k20-n1-x5e9	0.333542	0.332459	0.331845	0.333436	0.333025	0.333745	0.40825	0.452848	0.474963	0.516918	0.51864	0.516143	0.346539	0.33865	0.347467	0.325717	0.324641	0.327985	0.320415	0.318813	0.324529	0.391377	0.388472	0.387057	0.389763	0.421798	0.3844	0.372543	0.37522	0.373542	0	0.26606	0.266445	0.296858	0.294826	0.293858	0.388549	0.386913	0.390066	0.390211	0.389956	0.388451	0.443711	0.428757	0.421456	0.395362	0.377624	0.380964	0.55903	0.553611	0.545085	0.551621	0.553751	0.551653	0.585012	0.533974	0.718024	0.551543	0.546104	0.547665	0.501545	0.50494	0.50598	0.491922	0.491345	0.491244	0.543806	0.537911	0.518425	0.533474	0.532698	0.535314	0.515363	0.511426	0.501811	0.512956	0.513081	0.514294	0.508335	0.509974	0.512138	0.490325	0.489706	0.488789	0.500365	0.501803	0.502257	0.484261	0.485825	0.484585	0.522598	0.522989	0.527935	0.532025	0.531446	0.53119
ERR608168-k20-n1-x5e9	0.332793	0.331462	0.331352	0.330368	0.32995	0.330424	0.400964	0.444526	0.46649	0.508982	0.510722	0.507986	0.348001	0.333685	0.341235	0.325994	0.324431	0.328993	0.321178	0.318686	0.325912	0.383894	0.380786	0.3796	0.385596	0.4262	0.381594	0.370174	0.372548	0.371135	0.26606	0	0.265673	0.290004	0.288376	0.287442	0.391007	0.389064	0.392291	0.388022	0.387524	0.386281	0.436198	0.421828	0.414559	0.388937	0.374044	0.376841	0.553032	0.547687	0.539386	0.545626	0.54783	0.545699	0.58524	0.532021	0.719857	0.551119	0.545474	0.547104	0.497321	0.499932	0.501277	0.489543	0.488975	0.488616	0.538475	0.532756	0.515422	0.529121	0.528295	0.530635	0.51077	0.507139	0.500187	0.50974	0.509766	0.510897	0.505574	0.504116	0.506087	0.486645	0.486009	0.485055	0.495441	0.496596	0.497098	0.481525	0.48275	0.481811	0.518644	0.519333	0.527229	0.529677	0.528999	0.528401
ERR608169-k20-n1-x5e9	0.335514	0.33393	0.33293	0.334215	0.33355	0.334368	0.408312	0.451315	0.473314	0.51638	0.517946	0.515428	0.351035	0.338892	0.347018	0.326165	0.325185	0.328901	0.319568	0.317471	0.322959	0.391467	0.388276	0.387183	0.39201	0.423556	0.386939	0.374203	0.376955	0.375281	0.266445	0.265673	0	0.295787	0.293523	0.292532	0.389891	0.387956	0.39037	0.39015	0.389442	0.388168	0.444552	0.429901	0.422914	0.396276	0.381374	0.384136	0.559515	0.554364	0.546114	0.552272	0.554492	0.552264	0.588741	0.536176	0.71961	0.554233	0.548652	0.550282	0.502778	0.505384	0.507108	0.491185	0.490663	0.490762	0.544379	0.538747	0.519708	0.535424	0.53462	0.537079	0.516745	0.513045	0.503572	0.515914	0.515842	0.517357	0.511915	0.509952	0.511928	0.491056	0.490613	0.489514	0.50169	0.502649	0.503419	0.484734	0.486411	0.485003	0.524259	0.524672	0.529986	0.535012	0.534297	0.534298
ERR608170-k20-n1-x5e9	0.355445	0.350769	0.354495	0.337403	0.336739	0.335209	0.351946	0.379255	0.398022	0.437153	0.438854	0.436333	0.383716	0.320333	0.31698	0.356157	0.352216	0.364263	0.357385	0.347681	0.366169	0.332387	0.330308	0.330005	0.369982	0.479364	0.378746	0.371464	0.372048	0.372264	0.296858	0.290004	0.295787	0	0.258735	0.258538	0.430254	0.425541	0.430257	0.393937	0.395393	0.39501	0.378389	0.369591	0.365061	0.348766	0.361741	0.35924	0.511716	0.509008	0.504536	0.507234	0.508711	0.507159	0.606088	0.53792	0.746379	0.568307	0.561215	0.563238	0.484551	0.480918	0.483209	0.496434	0.495387	0.494238	0.504805	0.502312	0.510083	0.508321	0.506974	0.50719	0.484751	0.485444	0.505527	0.498447	0.497659	0.496195	0.499964	0.469011	0.470001	0.473146	0.470884	0.472263	0.475104	0.472258	0.473775	0.484122	0.484056	0.484908	0.501544	0.50606	0.538377	0.526459	0.525235	0.522408
ERR608171-k20-n1-x5e9	0.3547	0.349937	0.353524	0.336825	0.33626	0.334898	0.354683	0.382057	0.400841	0.440258	0.441919	0.439303	0.383122	0.32109	0.31821	0.355115	0.35116	0.362792	0.355091	0.345446	0.363515	0.334647	0.332769	0.332043	0.371465	0.477494	0.380074	0.372192	0.373128	0.372958	0.294826	0.288376	0.293523	0.258735	0	0.258964	0.428325	0.423712	0.428207	0.393171	0.394666	0.394331	0.381701	0.37255	0.367998	0.351019	0.363096	0.360915	0.513775	0.511126	0.5065	0.509278	0.510688	0.509015	0.606282	0.538404	0.745474	0.568393	0.5613	0.563363	0.485623	0.482109	0.484623	0.496491	0.495362	0.494021	0.50661	0.504125	0.510879	0.509978	0.508577	0.508943	0.486487	0.487137	0.506129	0.499969	0.49916	0.497811	0.501181	0.470663	0.471576	0.473994	0.471916	0.473069	0.476469	0.473726	0.475453	0.484337	0.484155	0.485178	0.503094	0.507392	0.538698	0.527599	0.526519	0.523878
ERR608172-k20-n1-x5e9	0.353446	0.348722	0.352075	0.335827	0.335385	0.333896	0.35503	0.383142	0.40218	0.441862	0.443538	0.440944	0.381668	0.320545	0.317691	0.353636	0.349904	0.361606	0.354023	0.344508	0.362385	0.335061	0.332867	0.332378	0.370723	0.476035	0.379097	0.371084	0.371979	0.372007	0.293858	0.287442	0.292532	0.258538	0.258964	0	0.427322	0.422842	0.427249	0.392779	0.393857	0.393813	0.382407	0.373207	0.368324	0.350936	0.362332	0.360477	0.513992	0.511296	0.506435	0.509318	0.510827	0.50928	0.605165	0.537218	0.744775	0.567217	0.560103	0.562116	0.484749	0.481414	0.483734	0.495233	0.494185	0.492883	0.506375	0.503705	0.509724	0.509254	0.50779	0.50828	0.485898	0.486261	0.504854	0.499004	0.498143	0.496891	0.50009	0.470484	0.471575	0.47305	0.471019	0.472347	0.475831	0.473194	0.474867	0.483268	0.483265	0.484048	0.502405	0.50659	0.537472	0.526697	0.525572	0.522701
ERR607561-k20-n1-x5e9	0.365558	0.367782	0.364018	0.377569	0.37752	0.379172	0.47327	0.525065	0.5483	0.591411	0.593133	0.590665	0.366896	0.400951	0.413955	0.3602	0.361611	0.357453	0.381674	0.386882	0.383028	0.477072	0.474397	0.47291	0.444549	0.417635	0.431748	0.420839	0.423943	0.421972	0.388549	0.391007	0.389891	0.430254	0.428325	0.427322	0	0.278546	0.279772	0.309195	0.307069	0.305865	0.521279	0.504416	0.496742	0.47037	0.439562	0.445349	0.594593	0.5867	0.575069	0.585019	0.587494	0.584764	0.558376	0.522842	0.692474	0.529839	0.526044	0.527392	0.507707	0.515821	0.515384	0.486799	0.486353	0.487177	0.575064	0.566224	0.527979	0.55294	0.553307	0.557234	0.539726	0.532167	0.502448	0.524284	0.524959	0.528423	0.505905	0.53826	0.541229	0.499681	0.501179	0.498157	0.510853	0.516018	0.515175	0.477933	0.480363	0.477773	0.534471	0.530725	0.515474	0.529523	0.529502	0.53106
ERR607562-k20-n1-x5e9	0.363755	0.365472	0.362265	0.37386	0.373569	0.375139	0.467072	0.518549	0.541886	0.58551	0.587337	0.584767	0.367235	0.396053	0.40845	0.358516	0.359702	0.356641	0.379988	0.384517	0.381695	0.47099	0.468412	0.466787	0.440021	0.420388	0.427847	0.417093	0.420087	0.418417	0.386913	0.389064	0.387956	0.425541	0.423712	0.422842	0.278546	0	0.278467	0.302068	0.300494	0.298785	0.515568	0.498945	0.491218	0.46511	0.435809	0.441168	0.590079	0.582204	0.570727	0.580422	0.582844	0.580201	0.560315	0.521675	0.695462	0.530709	0.526603	0.527953	0.503868	0.511704	0.51137	0.484696	0.484229	0.484926	0.57079	0.562178	0.525461	0.549451	0.549718	0.553657	0.535686	0.528543	0.501052	0.521434	0.522073	0.525341	0.503052	0.533355	0.536438	0.495964	0.497758	0.49491	0.50589	0.510946	0.51019	0.474845	0.477134	0.474847	0.530813	0.527527	0.514741	0.527195	0.527072	0.52858
ERR607563-k20-n1-x5e9	0.368376	0.370271	0.366266	0.378774	0.378443	0.380594	0.472792	0.52357	0.546613	0.590357	0.592089	0.589597	0.373206	0.401784	0.414395	0.362031	0.363469	0.359891	0.381688	0.386519	0.382363	0.476513	0.473773	0.472306	0.446275	0.421334	0.43418	0.422466	0.425295	0.42366	0.390066	0.392291	0.39037	0.430257	0.428207	0.427249	0.279772	0.278467	0	0.305963	0.303882	0.302359	0.521634	0.505041	0.497582	0.470823	0.442326	0.447652	0.595162	0.587391	0.576214	0.585682	0.588115	0.585421	0.564946	0.526819	0.695849	0.535113	0.530802	0.532206	0.509276	0.516811	0.516794	0.487444	0.486928	0.487701	0.575563	0.566978	0.529382	0.554648	0.554797	0.558852	0.541038	0.53374	0.505042	0.527024	0.527791	0.531103	0.509597	0.538532	0.541594	0.500466	0.502268	0.499092	0.511737	0.516619	0.516021	0.478758	0.481099	0.478399	0.535982	0.532422	0.518327	0.532613	0.532458	0.533942
ERR607564-k20-n1-x5e9	0.369666	0.367675	0.368533	0.363133	0.362853	0.362756	0.417436	0.461316	0.483485	0.526631	0.528485	0.525898	0.39129	0.368766	0.374037	0.37229	0.370171	0.376618	0.39426	0.391321	0.400408	0.423157	0.421197	0.420001	0.411329	0.470498	0.409913	0.402636	0.403684	0.403373	0.390211	0.388022	0.39015	0.393937	0.393171	0.392779	0.309195	0.302068	0.305963	0	0.266969	0.267217	0.463032	0.449145	0.442583	0.421729	0.411494	0.412901	0.548181	0.541953	0.533082	0.540273	0.542297	0.54001	0.58487	0.5251	0.726513	0.549136	0.542944	0.544531	0.48498	0.486251	0.487056	0.486718	0.485955	0.485263	0.533853	0.527617	0.513776	0.523063	0.522602	0.524834	0.504325	0.500868	0.501424	0.504103	0.503839	0.504607	0.491981	0.494087	0.496574	0.475771	0.475828	0.475132	0.478208	0.479791	0.480019	0.471416	0.471914	0.471856	0.50696	0.507485	0.523483	0.518942	0.518017	0.516941
ERR607565-k20-n1-x5e9	0.370584	0.368889	0.369276	0.364688	0.364305	0.364489	0.421833	0.465471	0.487453	0.530617	0.532436	0.529759	0.391967	0.371493	0.376701	0.372317	0.37054	0.376607	0.393452	0.390581	0.39898	0.42676	0.424448	0.423338	0.415487	0.469932	0.413636	0.405596	0.407048	0.40644	0.389956	0.387524	0.389442	0.395393	0.394666	0.393857	0.307069	0.300494	0.303882	0.266969	0	0.2672	0.467742	0.454046	0.447514	0.425781	0.41542	0.417005	0.552127	0.545947	0.537238	0.544239	0.546237	0.543962	0.586005	0.52716	0.726443	0.550534	0.54416	0.546014	0.487803	0.489419	0.490525	0.487635	0.486706	0.486263	0.537645	0.531514	0.516577	0.526917	0.526448	0.528868	0.508388	0.504757	0.50372	0.507831	0.507638	0.508411	0.495645	0.498163	0.500457	0.478719	0.478932	0.478244	0.482048	0.483633	0.484006	0.47307	0.473786	0.473685	0.51101	0.511417	0.525701	0.522417	0.521631	0.520689
ERR607566-k20-n1-x5e9	0.369096	0.367242	0.367708	0.363289	0.363104	0.363173	0.422144	0.466301	0.488484	0.531609	0.533413	0.53081	0.389034	0.37014	0.375891	0.370009	0.368266	0.374044	0.391644	0.389157	0.397367	0.42659	0.424309	0.423303	0.414208	0.467414	0.411967	0.404068	0.405548	0.404834	0.388451	0.386281	0.388168	0.39501	0.394331	0.393813	0.305865	0.298785	0.302359	0.267217	0.2672	0	0.467793	0.453843	0.447032	0.425398	0.413935	0.415731	0.552631	0.546423	0.537498	0.544619	0.546681	0.544432	0.584886	0.52644	0.725443	0.549304	0.543119	0.544867	0.487926	0.489879	0.490485	0.487433	0.486478	0.486114	0.538268	0.532095	0.516483	0.527032	0.526693	0.529083	0.508525	0.504956	0.503255	0.507378	0.50746	0.508216	0.495148	0.498832	0.501176	0.479059	0.479261	0.47851	0.482187	0.484009	0.4841	0.473137	0.473658	0.473465	0.510971	0.51139	0.525107	0.522051	0.521185	0.520332
ERR605707-k20-n1-x5e9	0.438487	0.432971	0.440342	0.412344	0.412807	0.408837	0.336587	0.338735	0.350555	0.376046	0.377753	0.375442	0.469203	0.381585	0.370011	0.451434	0.445426	0.461964	0.464125	0.452286	0.477344	0.339371	0.340898	0.341838	0.373153	0.555296	0.396428	0.401686	0.399469	0.401401	0.443711	0.436198	0.444552	0.378389	0.381701	0.382407	0.521279	0.515568	0.521634	0.463032	0.467742	0.467793	0	0.244749	0.248952	0.267261	0.321885	0.311572	0.440834	0.440079	0.441126	0.440546	0.440521	0.440287	0.634964	0.555651	0.787659	0.597298	0.589526	0.59177	0.482567	0.471981	0.472283	0.532044	0.530349	0.52761	0.445964	0.447456	0.49583	0.46456	0.462763	0.459747	0.4392	0.446581	0.509942	0.471531	0.469825	0.464096	0.483638	0.42234	0.422088	0.460981	0.455733	0.461007	0.451787	0.444793	0.445953	0.50349	0.499835	0.503977	0.460415	0.470547	0.541058	0.502338	0.500249	0.493807
