	ERR609581-k20-n1-x5e9	ERR609582-k20-n1-x5e9	ERR609583-k20-n1-x5e9	ERR609584-k20-n1-x5e9	ERR609585-k20-n1-x5e9	ERR609586-k20-n1-x5e9	ERR608445-k20-n1-x5e9	ERR608446-k20-n1-x5e9	ERR608447-k20-n1-x5e9	ERR608448-k20-n1-x5e9	ERR608449-k20-n1-x5e9	ERR608450-k20-n1-x5e9	ERR605910-k20-n1-x5e9	ERR605911-k20-n1-x5e9	ERR605912-k20-n1-x5e9	ERR605913-k20-n1-x5e9	ERR605914-k20-n1-x5e9	ERR605915-k20-n1-x5e9	ERR608615-k20-n1-x5e9	ERR608616-k20-n1-x5e9	ERR608617-k20-n1-x5e9	ERR608618-k20-n1-x5e9	ERR608619-k20-n1-x5e9	ERR608620-k20-n1-x5e9	ERR605665-k20-n1-x5e9	ERR605666-k20-n1-x5e9	ERR605667-k20-n1-x5e9	ERR605668-k20-n1-x5e9	ERR605669-k20-n1-x5e9	ERR605670-k20-n1-x5e9	ERR607170-k20-n1-x5e9	ERR607171-k20-n1-x5e9	ERR607172-k20-n1-x5e9	ERR607173-k20-n1-x5e9	ERR607174-k20-n1-x5e9	ERR607175-k20-n1-x5e9	ERR607343-k20-n1-x5e9	ERR607344-k20-n1-x5e9	ERR607345-k20-n1-x5e9	ERR607346-k20-n1-x5e9	ERR607347-k20-n1-x5e9	ERR607348-k20-n1-x5e9	ERR605831-k20-n1-x5e9	ERR605832-k20-n1-x5e9	ERR605833-k20-n1-x5e9	ERR605834-k20-n1-x5e9	ERR605835-k20-n1-x5e9	ERR605836-k20-n1-x5e9	ERR607499-k20-n1-x5e9	ERR607500-k20-n1-x5e9	ERR607501-k20-n1-x5e9	ERR607502-k20-n1-x5e9	ERR607503-k20-n1-x5e9	ERR607504-k20-n1-x5e9	ERR607989-k20-n1-x5e9	ERR607990-k20-n1-x5e9	ERR607991-k20-n1-x5e9	ERR607992-k20-n1-x5e9	ERR607993-k20-n1-x5e9	ERR607994-k20-n1-x5e9	ERR608901-k20-n1-x5e9	ERR608902-k20-n1-x5e9	ERR608903-k20-n1-x5e9	ERR608904-k20-n1-x5e9	ERR608905-k20-n1-x5e9	ERR608906-k20-n1-x5e9	ERR605265-k20-n1-x5e9	ERR605266-k20-n1-x5e9	ERR605267-k20-n1-x5e9	ERR605268-k20-n1-x5e9	ERR605269-k20-n1-x5e9	ERR605270-k20-n1-x5e9	ERR605617-k20-n1-x5e9	ERR605618-k20-n1-x5e9	ERR605619-k20-n1-x5e9	ERR605620-k20-n1-x5e9	ERR605621-k20-n1-x5e9	ERR605622-k20-n1-x5e9	ERR608215-k20-n1-x5e9	ERR608216-k20-n1-x5e9	ERR608217-k20-n1-x5e9	ERR608218-k20-n1-x5e9	ERR608219-k20-n1-x5e9	ERR608220-k20-n1-x5e9	ERR608883-k20-n1-x5e9	ERR608884-k20-n1-x5e9	ERR608885-k20-n1-x5e9	ERR608886-k20-n1-x5e9	ERR608887-k20-n1-x5e9	ERR608888-k20-n1-x5e9	ERR606030-k20-n1-x5e9	ERR606031-k20-n1-x5e9	ERR606032-k20-n1-x5e9	ERR606033-k20-n1-x5e9	ERR606034-k20-n1-x5e9	ERR606035-k20-n1-x5e9
ERR609581-k20-n1-x5e9	0	0.274582	0.284334	0.455598	0.433175	0.431089	0.47346	0.504328	0.522049	0.528615	0.53148	0.505586	0.356855	0.343777	0.521711	0.512879	0.515241	0.520692	0.370009	0.376676	0.370759	0.480899	0.478801	0.476657	0.558997	0.535577	0.526089	0.527688	0.544326	0.538657	0.376318	0.503003	0.346249	0.440514	0.434629	0.331897	0.447286	0.46008	0.443053	0.584234	0.581944	0.58011	0.351509	0.340741	0.507104	0.505634	0.507971	0.509685	0.55907	0.586794	0.624893	0.565458	0.569614	0.569117	0.544763	0.575584	0.532517	0.554128	0.558692	0.557638	0.488316	0.49969	0.495966	0.475156	0.475264	0.476584	0.543471	0.532357	0.483538	0.516011	0.517348	0.522686	0.540287	0.523468	0.519421	0.516236	0.512127	0.509877	0.602389	0.611652	0.611192	0.566186	0.569464	0.564997	0.577007	0.584886	0.584373	0.538989	0.541284	0.536357	0.496681	0.551824	0.555698	0.499265	0.500798	0.496666
ERR609582-k20-n1-x5e9	0.274582	0	0.273046	0.432021	0.409688	0.407568	0.463499	0.49078	0.507342	0.513801	0.51627	0.492208	0.343167	0.3323	0.500996	0.492234	0.494537	0.49988	0.363017	0.36786	0.364502	0.462029	0.459916	0.457878	0.538701	0.514755	0.505246	0.506884	0.523568	0.517744	0.359247	0.48257	0.335652	0.420838	0.414778	0.33208	0.430797	0.443002	0.427265	0.565429	0.563251	0.561299	0.339554	0.331484	0.486552	0.485058	0.487381	0.488982	0.547579	0.572754	0.628685	0.552975	0.556597	0.556232	0.52908	0.559094	0.536529	0.538109	0.542501	0.541429	0.476817	0.48687	0.48348	0.469117	0.469013	0.469953	0.527559	0.516848	0.472418	0.501602	0.502929	0.507922	0.524423	0.507885	0.504008	0.501448	0.496889	0.495039	0.586589	0.595898	0.595456	0.5515	0.554555	0.550156	0.561266	0.569077	0.568405	0.525327	0.527386	0.52284	0.483445	0.535273	0.539184	0.485033	0.486085	0.482386
ERR609583-k20-n1-x5e9	0.284334	0.273046	0	0.405702	0.381851	0.379321	0.452224	0.478163	0.49335	0.499696	0.501852	0.478979	0.336143	0.328238	0.479107	0.469673	0.471461	0.476476	0.365196	0.368746	0.369971	0.443963	0.442182	0.440105	0.517109	0.492374	0.482725	0.485286	0.499043	0.493548	0.341305	0.46403	0.33871	0.405813	0.400252	0.348286	0.419029	0.430515	0.417396	0.54577	0.543602	0.541651	0.336509	0.330926	0.465185	0.462895	0.464649	0.465608	0.529699	0.555089	0.633607	0.537519	0.540995	0.540578	0.507557	0.540013	0.542414	0.518895	0.523556	0.522388	0.465402	0.475995	0.471292	0.468466	0.468358	0.468966	0.50816	0.497696	0.458861	0.481711	0.482865	0.48748	0.508978	0.493191	0.489743	0.488943	0.479	0.477992	0.568178	0.577877	0.576941	0.534171	0.537025	0.532927	0.543207	0.55149	0.550432	0.51114	0.512749	0.508713	0.463457	0.517596	0.521577	0.469877	0.470278	0.467359
ERR609584-k20-n1-x5e9	0.455598	0.432021	0.405702	0	0.250156	0.251477	0.476976	0.441421	0.433049	0.433117	0.430527	0.441401	0.398761	0.416726	0.319226	0.316669	0.316631	0.318171	0.452711	0.442642	0.463785	0.343566	0.345188	0.344993	0.336948	0.319966	0.314231	0.316437	0.325897	0.321675	0.378193	0.320966	0.433664	0.333242	0.336296	0.503544	0.369394	0.365951	0.377557	0.376547	0.375123	0.373731	0.421436	0.439883	0.319729	0.319685	0.319067	0.318675	0.507572	0.484276	0.71276	0.496899	0.49326	0.494565	0.432954	0.428968	0.650168	0.427544	0.427274	0.427175	0.462272	0.455237	0.453614	0.516547	0.515849	0.513074	0.428704	0.431351	0.480884	0.44813	0.447059	0.44283	0.423639	0.425496	0.427544	0.434003	0.427668	0.429302	0.461727	0.465867	0.464922	0.465533	0.465553	0.465352	0.446604	0.448766	0.446864	0.465175	0.462518	0.464581	0.451081	0.417288	0.418663	0.435833	0.430706	0.434717
ERR609585-k20-n1-x5e9	0.433175	0.409688	0.381851	0.250156	0	0.244299	0.465825	0.439163	0.4345	0.436045	0.43382	0.438823	0.38381	0.39962	0.336617	0.331211	0.33113	0.333513	0.438469	0.429948	0.450198	0.349298	0.350663	0.349935	0.361446	0.340764	0.333439	0.33674	0.344451	0.340063	0.35946	0.337461	0.417616	0.335019	0.336533	0.484235	0.371113	0.370488	0.379051	0.400309	0.398838	0.39718	0.404764	0.421252	0.333386	0.331854	0.331124	0.330684	0.500384	0.485518	0.701715	0.494228	0.491566	0.492938	0.431081	0.437957	0.634664	0.431202	0.43224	0.431914	0.455388	0.45156	0.448298	0.507738	0.507195	0.504838	0.429752	0.429596	0.468178	0.439666	0.438759	0.435789	0.430158	0.428447	0.42948	0.435987	0.424757	0.42656	0.470383	0.4765	0.475067	0.465427	0.46575	0.464824	0.452154	0.456515	0.454235	0.462673	0.460089	0.46157	0.438718	0.424269	0.42657	0.430306	0.425797	0.429009
ERR609586-k20-n1-x5e9	0.431089	0.407568	0.379321	0.251477	0.244299	0	0.464706	0.439326	0.43527	0.436799	0.434872	0.439188	0.383062	0.398744	0.338648	0.333337	0.333206	0.335412	0.437697	0.429491	0.449412	0.350582	0.351952	0.351177	0.364223	0.343303	0.335678	0.339257	0.346206	0.341764	0.357069	0.339667	0.416695	0.336322	0.337501	0.482806	0.372539	0.372067	0.380583	0.403342	0.401841	0.400288	0.403898	0.420085	0.33547	0.333888	0.333111	0.332436	0.499482	0.486057	0.700767	0.494271	0.492033	0.493085	0.430092	0.438819	0.63279	0.4312	0.432563	0.432198	0.455274	0.451694	0.448378	0.507582	0.507017	0.50472	0.429772	0.429345	0.466444	0.438271	0.437525	0.434751	0.4321	0.43021	0.430954	0.437571	0.425486	0.427188	0.471172	0.477759	0.476107	0.465254	0.46561	0.464675	0.452903	0.457498	0.455094	0.46281	0.460257	0.461783	0.43649	0.425168	0.427673	0.42985	0.42544	0.428864
ERR608445-k20-n1-x5e9	0.47346	0.463499	0.452224	0.476976	0.465825	0.464706	0	0.291478	0.312513	0.321278	0.325351	0.291374	0.419739	0.423206	0.483748	0.478764	0.479591	0.483729	0.445451	0.445162	0.452159	0.460384	0.459305	0.458183	0.534204	0.516004	0.508261	0.509463	0.523461	0.518852	0.444095	0.496446	0.460308	0.466665	0.464022	0.489189	0.457336	0.462905	0.457963	0.539999	0.538052	0.536606	0.456413	0.460619	0.496937	0.4964	0.497057	0.498648	0.352554	0.376136	0.545487	0.355808	0.359021	0.35856	0.349209	0.392423	0.46303	0.362786	0.368791	0.367274	0.318424	0.328072	0.324385	0.338419	0.338138	0.336417	0.381733	0.37167	0.346211	0.357868	0.359151	0.362565	0.394316	0.378497	0.372948	0.370879	0.367698	0.366448	0.424381	0.436765	0.436019	0.372209	0.376113	0.371319	0.378116	0.389791	0.38893	0.32942	0.33152	0.327218	0.319726	0.375036	0.379792	0.320222	0.323593	0.319894
ERR608446-k20-n1-x5e9	0.504328	0.49078	0.478163	0.441421	0.439163	0.439326	0.291478	0	0.257625	0.261175	0.263926	0.254826	0.424953	0.436927	0.434474	0.432771	0.433934	0.438263	0.45911	0.453042	0.466089	0.421273	0.420757	0.42025	0.483916	0.469128	0.46226	0.461643	0.480567	0.475821	0.450784	0.451485	0.471814	0.437313	0.436723	0.518267	0.430803	0.431353	0.432344	0.484861	0.482836	0.48164	0.466971	0.478789	0.454637	0.456494	0.457567	0.459823	0.362765	0.343898	0.593931	0.343536	0.341787	0.342518	0.315385	0.328786	0.523349	0.309625	0.312274	0.311685	0.314788	0.308197	0.310018	0.360404	0.359381	0.356204	0.344185	0.341417	0.365354	0.350623	0.350499	0.349105	0.341036	0.334365	0.330899	0.329645	0.339969	0.338369	0.366476	0.375201	0.376008	0.333877	0.337092	0.334186	0.320074	0.327462	0.327853	0.298264	0.297867	0.297057	0.324976	0.314342	0.317413	0.296505	0.296814	0.297114
ERR608447-k20-n1-x5e9	0.522049	0.507342	0.49335	0.433049	0.4345	0.43527	0.312513	0.257625	0	0.252089	0.252962	0.25835	0.437011	0.450918	0.420238	0.419907	0.420895	0.424882	0.474037	0.466888	0.481419	0.415146	0.414892	0.414772	0.467506	0.454764	0.448861	0.447654	0.466739	0.462169	0.460582	0.440452	0.485958	0.435491	0.435721	0.536823	0.431145	0.429516	0.433825	0.466899	0.465	0.464048	0.479969	0.493315	0.444011	0.44643	0.447241	0.449533	0.373628	0.340867	0.614286	0.34976	0.345407	0.346714	0.310287	0.309321	0.548174	0.296869	0.297796	0.297671	0.327061	0.315236	0.318439	0.380482	0.379319	0.375516	0.337568	0.338384	0.381209	0.356344	0.355608	0.352133	0.327882	0.326159	0.32396	0.32439	0.336375	0.335587	0.348991	0.355657	0.356939	0.32916	0.33161	0.330035	0.30516	0.310013	0.310471	0.300627	0.299099	0.300364	0.335435	0.298315	0.300029	0.300624	0.298997	0.301216
ERR608448-k20-n1-x5e9	0.528615	0.513801	0.499696	0.433117	0.436045	0.436799	0.321278	0.261175	0.252089	0	0.250225	0.260598	0.441897	0.456502	0.417449	0.418137	0.419214	0.423031	0.478817	0.470958	0.486085	0.413924	0.413783	0.413664	0.46425	0.452479	0.446621	0.445152	0.464974	0.460581	0.465765	0.438403	0.490971	0.436467	0.437097	0.542935	0.431709	0.429199	0.434286	0.461577	0.459601	0.458675	0.484875	0.499033	0.442071	0.445145	0.446	0.448416	0.378885	0.341484	0.62042	0.35283	0.34807	0.349496	0.311865	0.304945	0.555671	0.29537	0.295448	0.295097	0.332103	0.318934	0.322858	0.386408	0.385159	0.381151	0.33878	0.340599	0.387698	0.360716	0.359613	0.355924	0.326774	0.326902	0.3247	0.325417	0.339425	0.338797	0.344828	0.350195	0.352105	0.329521	0.331673	0.330412	0.301603	0.305387	0.306174	0.302125	0.300703	0.302206	0.34153	0.29575	0.297328	0.305046	0.30319	0.305838
ERR608449-k20-n1-x5e9	0.53148	0.51627	0.501852	0.430527	0.43382	0.434872	0.325351	0.263926	0.252962	0.250225	0	0.262898	0.444093	0.459026	0.413874	0.414855	0.415654	0.419314	0.482132	0.474345	0.489807	0.413276	0.413267	0.413371	0.460538	0.449068	0.443487	0.441956	0.46105	0.456803	0.466872	0.436408	0.494194	0.436599	0.437661	0.546728	0.43256	0.430115	0.435774	0.458096	0.456249	0.45536	0.487427	0.501749	0.439719	0.44272	0.44336	0.445799	0.380811	0.342095	0.624974	0.354719	0.34993	0.351447	0.31001	0.301034	0.560841	0.292869	0.292523	0.292546	0.335133	0.321795	0.325204	0.391918	0.390638	0.386716	0.337347	0.339995	0.390904	0.361115	0.360136	0.355877	0.325036	0.326232	0.324639	0.326277	0.33872	0.338455	0.341333	0.346611	0.348357	0.329251	0.331086	0.330157	0.299304	0.302812	0.303302	0.30454	0.302508	0.304365	0.342316	0.292422	0.293956	0.306448	0.304004	0.30719
ERR608450-k20-n1-x5e9	0.505586	0.492208	0.478979	0.441401	0.438823	0.439188	0.291374	0.254826	0.25835	0.260598	0.262898	0	0.426034	0.438063	0.434241	0.432144	0.433093	0.437484	0.461175	0.455393	0.468466	0.422573	0.422055	0.421558	0.483846	0.469015	0.462386	0.461713	0.479946	0.475236	0.451746	0.452162	0.473794	0.438243	0.437779	0.519831	0.432127	0.432743	0.433902	0.484932	0.482881	0.481662	0.468525	0.479964	0.454956	0.456544	0.457311	0.459593	0.361481	0.34345	0.594395	0.342567	0.340612	0.341062	0.313848	0.327945	0.524669	0.308463	0.311347	0.310346	0.315431	0.309103	0.310337	0.36168	0.360841	0.357198	0.343621	0.340729	0.365895	0.349889	0.349624	0.348089	0.340068	0.333101	0.329816	0.32875	0.337474	0.33629	0.365476	0.374221	0.374856	0.333451	0.336687	0.333662	0.319465	0.327124	0.326806	0.298285	0.298315	0.297479	0.323897	0.313894	0.316911	0.296434	0.295961	0.296458
ERR605910-k20-n1-x5e9	0.356855	0.343167	0.336143	0.398761	0.38381	0.383062	0.419739	0.424953	0.437011	0.441897	0.444093	0.426034	0	0.269745	0.394551	0.386276	0.389401	0.395978	0.347709	0.344999	0.352597	0.392126	0.390178	0.388391	0.465505	0.442277	0.43346	0.433614	0.455984	0.449538	0.333068	0.410268	0.323379	0.356112	0.352184	0.361166	0.369538	0.378134	0.367205	0.490614	0.4882	0.486209	0.315685	0.321935	0.412429	0.411729	0.415012	0.417443	0.501079	0.510177	0.634415	0.496996	0.498779	0.498697	0.470413	0.48893	0.550303	0.47186	0.47514	0.47436	0.420407	0.423847	0.422884	0.428927	0.428216	0.427704	0.465082	0.456921	0.43766	0.453187	0.453659	0.456417	0.453046	0.439954	0.437301	0.434427	0.438351	0.436124	0.516345	0.524055	0.524223	0.487278	0.490222	0.486487	0.489072	0.495806	0.49543	0.459484	0.461038	0.457601	0.435342	0.46111	0.464624	0.420672	0.421382	0.418623
ERR605911-k20-n1-x5e9	0.343777	0.3323	0.328238	0.416726	0.39962	0.398744	0.423206	0.436927	0.450918	0.456502	0.459026	0.438063	0.269745	0	0.417118	0.407874	0.410811	0.417138	0.347139	0.347032	0.351227	0.410853	0.408962	0.407226	0.485387	0.461907	0.453263	0.453891	0.474067	0.467749	0.337449	0.430225	0.322081	0.372873	0.368368	0.348293	0.384386	0.394468	0.38148	0.510685	0.508397	0.506446	0.315957	0.317244	0.432318	0.430828	0.433791	0.435974	0.508321	0.523317	0.62814	0.507196	0.509587	0.509461	0.482571	0.504714	0.540386	0.486441	0.489959	0.489097	0.427919	0.433723	0.432074	0.430286	0.429659	0.429776	0.478007	0.468917	0.44084	0.461688	0.462234	0.466148	0.467671	0.45291	0.450186	0.447057	0.448717	0.445959	0.531691	0.539835	0.53968	0.500398	0.503454	0.499424	0.50462	0.511556	0.511148	0.471914	0.473787	0.469687	0.442118	0.477041	0.480652	0.431687	0.432297	0.429148
ERR605912-k20-n1-x5e9	0.521711	0.500996	0.479107	0.319226	0.336617	0.338648	0.483748	0.434474	0.420238	0.417449	0.413874	0.434241	0.394551	0.417118	0	0.248998	0.248947	0.24961	0.474161	0.462575	0.484639	0.342893	0.344457	0.344974	0.312892	0.305259	0.302515	0.302357	0.314923	0.311638	0.417303	0.316598	0.466817	0.350489	0.355275	0.537948	0.373428	0.366185	0.382016	0.343233	0.34217	0.341337	0.450506	0.471355	0.310655	0.313747	0.313756	0.313841	0.510941	0.473882	0.724803	0.493068	0.487795	0.489429	0.431432	0.406298	0.669686	0.415718	0.412496	0.413244	0.459968	0.447974	0.448914	0.517376	0.516413	0.513115	0.42538	0.432275	0.497672	0.458982	0.457238	0.451127	0.405768	0.413708	0.416512	0.422728	0.424788	0.426079	0.43515	0.435105	0.434864	0.456762	0.455903	0.457246	0.423539	0.421954	0.420558	0.457431	0.454202	0.457469	0.46283	0.396436	0.396372	0.436961	0.430933	0.436242
ERR605913-k20-n1-x5e9	0.512879	0.492234	0.469673	0.316669	0.331211	0.333337	0.478764	0.432771	0.419907	0.418137	0.414855	0.432144	0.386276	0.407874	0.248998	0	0.242958	0.243528	0.469114	0.458089	0.479805	0.343575	0.34511	0.34535	0.317542	0.307032	0.304929	0.304907	0.312758	0.309415	0.408561	0.316906	0.45881	0.344848	0.349108	0.528984	0.371972	0.365674	0.38035	0.351112	0.350181	0.349122	0.442791	0.462541	0.312317	0.308765	0.309005	0.308892	0.508062	0.474451	0.721411	0.491771	0.487004	0.488399	0.430414	0.410128	0.664914	0.417035	0.41457	0.415078	0.456547	0.445665	0.445719	0.513704	0.512653	0.509518	0.423332	0.42923	0.492089	0.454065	0.452478	0.446629	0.404984	0.41122	0.414583	0.420517	0.418314	0.419536	0.439373	0.440248	0.439603	0.457028	0.456108	0.457207	0.427037	0.426378	0.424388	0.456803	0.453538	0.456366	0.456946	0.396605	0.396939	0.430384	0.423602	0.428694
ERR605914-k20-n1-x5e9	0.515241	0.494537	0.471461	0.316631	0.33113	0.333206	0.479591	0.433934	0.420895	0.419214	0.415654	0.433093	0.389401	0.410811	0.248947	0.242958	0	0.242993	0.472034	0.46112	0.482936	0.34526	0.346894	0.347164	0.316913	0.306562	0.304683	0.30506	0.310816	0.307814	0.410441	0.319449	0.462498	0.348327	0.352906	0.532433	0.374487	0.368327	0.383194	0.350836	0.350002	0.34897	0.445814	0.465488	0.31319	0.309761	0.309501	0.309114	0.507423	0.473887	0.722429	0.49174	0.486914	0.48841	0.429159	0.40917	0.666192	0.416592	0.413947	0.414459	0.457608	0.447007	0.4466	0.5158	0.514734	0.511479	0.422797	0.428958	0.492892	0.453903	0.452167	0.446211	0.405658	0.411991	0.415392	0.421744	0.41818	0.41976	0.438154	0.439147	0.438116	0.456851	0.455847	0.457017	0.426459	0.425913	0.423726	0.457504	0.454239	0.457223	0.456905	0.396943	0.397265	0.431665	0.424687	0.430047
ERR605915-k20-n1-x5e9	0.520692	0.49988	0.476476	0.318171	0.333513	0.335412	0.483729	0.438263	0.424882	0.423031	0.419314	0.437484	0.395978	0.417138	0.24961	0.243528	0.242993	0	0.478331	0.46743	0.48937	0.34952	0.351452	0.351725	0.315561	0.306198	0.305046	0.305979	0.308243	0.305607	0.415185	0.322228	0.468965	0.353729	0.35829	0.538564	0.379769	0.373479	0.3888	0.350311	0.34964	0.348565	0.452098	0.47151	0.315283	0.311205	0.310626	0.309705	0.509337	0.475655	0.725671	0.494321	0.489405	0.490896	0.430533	0.410022	0.670472	0.418222	0.415567	0.416115	0.461779	0.45123	0.45066	0.520976	0.520046	0.516859	0.424624	0.431194	0.496773	0.456214	0.454576	0.448324	0.408166	0.414831	0.418616	0.425381	0.420255	0.421868	0.439031	0.439775	0.438626	0.459772	0.458558	0.459922	0.42817	0.427595	0.425094	0.461861	0.458531	0.461637	0.45995	0.399075	0.399085	0.436055	0.428793	0.434363
ERR608615-k20-n1-x5e9	0.370009	0.363017	0.365196	0.452711	0.438469	0.437697	0.445451	0.45911	0.474037	0.478817	0.482132	0.461175	0.347709	0.347139	0.474161	0.469114	0.472034	0.478331	0	0.263725	0.264217	0.370415	0.367283	0.365412	0.508798	0.487565	0.477948	0.477801	0.501912	0.49599	0.370002	0.454281	0.338611	0.399171	0.394183	0.356469	0.351574	0.364248	0.345932	0.50425	0.501517	0.499358	0.343863	0.346837	0.459209	0.460848	0.463643	0.466565	0.526648	0.542434	0.626377	0.523908	0.526462	0.526224	0.50396	0.524688	0.536083	0.505944	0.509395	0.508451	0.442116	0.447993	0.447553	0.431317	0.4311	0.431713	0.523183	0.516163	0.487601	0.510536	0.511066	0.514397	0.502609	0.488907	0.484924	0.479781	0.488953	0.48621	0.549293	0.557357	0.558221	0.514823	0.518571	0.514189	0.523975	0.530575	0.53112	0.485949	0.488931	0.483962	0.486093	0.511149	0.514437	0.472213	0.474232	0.471094
ERR608616-k20-n1-x5e9	0.376676	0.36786	0.368746	0.442642	0.429948	0.429491	0.445162	0.453042	0.466888	0.470958	0.474345	0.455393	0.344999	0.347032	0.462575	0.458089	0.46112	0.46743	0.263725	0	0.265135	0.35619	0.353151	0.351176	0.496379	0.475684	0.46597	0.465458	0.490978	0.484978	0.367469	0.441766	0.338598	0.388211	0.383878	0.363304	0.339219	0.350662	0.333548	0.490061	0.48722	0.485087	0.342625	0.348192	0.447429	0.449652	0.452843	0.455909	0.524573	0.536752	0.631769	0.519754	0.521761	0.521821	0.499655	0.516392	0.544611	0.499317	0.502544	0.501605	0.438975	0.443108	0.443175	0.431331	0.430944	0.430993	0.517198	0.510789	0.486936	0.5075	0.507966	0.510846	0.494402	0.48159	0.477921	0.472709	0.483559	0.480808	0.541017	0.548408	0.549489	0.509367	0.512883	0.508856	0.516215	0.522208	0.522877	0.48075	0.483658	0.478816	0.48452	0.50317	0.506215	0.467524	0.469286	0.466506
ERR608617-k20-n1-x5e9	0.370759	0.364502	0.369971	0.463785	0.450198	0.449412	0.452159	0.466089	0.481419	0.486085	0.489807	0.468466	0.352597	0.351227	0.484639	0.479805	0.482936	0.48937	0.264217	0.265135	0	0.380995	0.377767	0.375832	0.518824	0.498064	0.488431	0.487878	0.513354	0.50728	0.379351	0.463129	0.339995	0.406579	0.401615	0.353555	0.358825	0.371338	0.352001	0.513761	0.511071	0.508867	0.346921	0.349132	0.469227	0.471178	0.474327	0.477509	0.535491	0.551135	0.625894	0.531632	0.534215	0.534243	0.515104	0.534103	0.535726	0.51585	0.519338	0.51826	0.448829	0.454505	0.454621	0.43341	0.433342	0.4338	0.531904	0.524807	0.4938	0.51938	0.52034	0.523703	0.510378	0.496575	0.492467	0.486712	0.498086	0.49496	0.55798	0.565666	0.56674	0.523629	0.527461	0.523109	0.532864	0.539023	0.539843	0.493584	0.496727	0.491537	0.495973	0.519729	0.522847	0.480042	0.482297	0.478888
ERR608618-k20-n1-x5e9	0.480899	0.462029	0.443963	0.343566	0.349298	0.350582	0.460384	0.421273	0.415146	0.413924	0.413276	0.422573	0.392126	0.410853	0.342893	0.343575	0.34526	0.34952	0.370415	0.35619	0.380995	0	0.243464	0.243659	0.359699	0.344844	0.337585	0.33647	0.360431	0.35547	0.384702	0.333805	0.419873	0.335897	0.337561	0.487656	0.302399	0.297506	0.308626	0.341082	0.338825	0.336754	0.409422	0.429912	0.335074	0.33929	0.340665	0.343027	0.499669	0.473904	0.696053	0.483369	0.479547	0.480971	0.430884	0.422911	0.628641	0.419565	0.419419	0.419116	0.435165	0.425561	0.426706	0.47981	0.479206	0.476587	0.45182	0.454017	0.491693	0.470299	0.46915	0.465949	0.427362	0.428477	0.428744	0.430921	0.437687	0.437877	0.449761	0.453248	0.454585	0.445681	0.446987	0.44605	0.431259	0.433168	0.433299	0.43712	0.435893	0.436716	0.459369	0.421597	0.422846	0.434092	0.431585	0.434529
ERR608619-k20-n1-x5e9	0.478801	0.459916	0.442182	0.345188	0.350663	0.351952	0.459305	0.420757	0.414892	0.413783	0.413267	0.422055	0.390178	0.408962	0.344457	0.34511	0.346894	0.351452	0.367283	0.353151	0.377767	0.243464	0	0.243521	0.361896	0.346926	0.339611	0.338281	0.362962	0.357858	0.383498	0.335036	0.417197	0.335298	0.337045	0.484739	0.300968	0.296089	0.30664	0.343604	0.341049	0.339186	0.407328	0.427703	0.336691	0.340947	0.342492	0.344937	0.499429	0.474233	0.694246	0.483182	0.479447	0.480727	0.431689	0.423777	0.626697	0.420252	0.420222	0.419819	0.433913	0.42445	0.425756	0.477626	0.477058	0.474527	0.452675	0.454684	0.491286	0.470555	0.469598	0.466507	0.427509	0.428489	0.428833	0.430417	0.438021	0.438139	0.450626	0.454164	0.455697	0.446012	0.447434	0.446452	0.431841	0.433819	0.434147	0.436629	0.435601	0.436236	0.459827	0.422608	0.423794	0.434308	0.431936	0.434683
ERR608620-k20-n1-x5e9	0.476657	0.457878	0.440105	0.344993	0.349935	0.351177	0.458183	0.42025	0.414772	0.413664	0.413371	0.421558	0.388391	0.407226	0.344974	0.34535	0.347164	0.351725	0.365412	0.351176	0.375832	0.243659	0.243521	0	0.363145	0.347952	0.340488	0.339321	0.36386	0.358649	0.381898	0.335551	0.41556	0.334896	0.336355	0.482692	0.300179	0.295658	0.30582	0.344917	0.342616	0.340618	0.405624	0.42583	0.337072	0.341397	0.342957	0.345276	0.499022	0.474264	0.693264	0.482815	0.479184	0.480624	0.431165	0.424091	0.625283	0.420253	0.420219	0.419824	0.433122	0.423911	0.425221	0.476552	0.475974	0.473571	0.4524	0.454464	0.49011	0.469872	0.468898	0.465938	0.427929	0.428574	0.428679	0.430331	0.437716	0.437718	0.451117	0.454802	0.456175	0.445804	0.447184	0.446117	0.432284	0.434343	0.434565	0.436522	0.435608	0.436138	0.458747	0.422764	0.424242	0.433662	0.431267	0.433856
ERR605665-k20-n1-x5e9	0.558997	0.538701	0.517109	0.336948	0.361446	0.364223	0.534204	0.483916	0.467506	0.46425	0.460538	0.483846	0.465505	0.485387	0.312892	0.317542	0.316913	0.315561	0.508798	0.496379	0.518824	0.359699	0.361896	0.363145	0	0.245277	0.250058	0.248937	0.25532	0.254414	0.456453	0.326046	0.504824	0.378146	0.38391	0.575594	0.391079	0.380897	0.400524	0.318599	0.318606	0.318291	0.491745	0.512285	0.328462	0.330535	0.32942	0.329027	0.555727	0.515827	0.759424	0.537498	0.531942	0.533428	0.477253	0.44349	0.710691	0.459225	0.454836	0.455762	0.512393	0.499593	0.500957	0.567531	0.566366	0.563384	0.465805	0.475213	0.544808	0.504893	0.503034	0.496497	0.443441	0.454392	0.458712	0.465086	0.46764	0.469147	0.47075	0.467942	0.467998	0.503334	0.501872	0.504149	0.467939	0.464267	0.46236	0.509686	0.506195	0.509706	0.513854	0.436525	0.435297	0.486348	0.479741	0.485263
ERR605666-k20-n1-x5e9	0.535577	0.514755	0.492374	0.319966	0.340764	0.343303	0.516004	0.469128	0.454764	0.452479	0.449068	0.469015	0.442277	0.461907	0.305259	0.307032	0.306562	0.306198	0.487565	0.475684	0.498064	0.344844	0.346926	0.347952	0.245277	0	0.243118	0.243014	0.250952	0.248711	0.430409	0.314585	0.480868	0.357292	0.362413	0.552374	0.375519	0.366849	0.384932	0.325218	0.324871	0.324233	0.468046	0.488178	0.316403	0.317277	0.316319	0.316075	0.541136	0.505471	0.745997	0.524674	0.519523	0.52111	0.462761	0.43722	0.692968	0.448178	0.44477	0.445519	0.495878	0.484496	0.484996	0.551161	0.550009	0.547105	0.451527	0.459077	0.524828	0.486303	0.484607	0.478506	0.433858	0.44219	0.44637	0.45294	0.452851	0.454258	0.465872	0.465172	0.464837	0.490477	0.489382	0.49104	0.459586	0.457626	0.455508	0.494901	0.491548	0.494691	0.493494	0.426518	0.425937	0.468136	0.461548	0.466861
ERR605667-k20-n1-x5e9	0.526089	0.505246	0.482725	0.314231	0.333439	0.335678	0.508261	0.46226	0.448861	0.446621	0.443487	0.462386	0.43346	0.453263	0.302515	0.304929	0.304683	0.305046	0.477948	0.46597	0.488431	0.337585	0.339611	0.340488	0.250058	0.243118	0	0.242533	0.253304	0.25038	0.420046	0.311073	0.471471	0.349997	0.354959	0.543353	0.368522	0.360219	0.377977	0.32738	0.32665	0.326025	0.458676	0.479165	0.311496	0.313727	0.313	0.313104	0.535032	0.500763	0.740139	0.519241	0.51426	0.515697	0.456602	0.434104	0.68528	0.443065	0.44016	0.440651	0.489073	0.47809	0.478545	0.544219	0.54313	0.540093	0.446571	0.45357	0.516707	0.479024	0.47735	0.471537	0.430844	0.438532	0.441438	0.447822	0.447989	0.449574	0.462922	0.462902	0.462576	0.484389	0.483506	0.484758	0.455128	0.453682	0.451905	0.487988	0.484752	0.48782	0.485048	0.422794	0.422484	0.461542	0.455359	0.460542
ERR605668-k20-n1-x5e9	0.527688	0.506884	0.485286	0.316437	0.33674	0.339257	0.509463	0.461643	0.447654	0.445152	0.441956	0.461713	0.433614	0.453891	0.302357	0.304907	0.30506	0.305979	0.477801	0.465458	0.487878	0.33647	0.338281	0.339321	0.248937	0.243014	0.242533	0	0.255819	0.252424	0.423667	0.308389	0.471239	0.348433	0.353608	0.543511	0.366575	0.357523	0.375413	0.323998	0.323205	0.322642	0.458955	0.479916	0.311451	0.313828	0.313504	0.314129	0.537673	0.5016	0.740871	0.520092	0.5149	0.516409	0.459821	0.43404	0.68649	0.443916	0.44058	0.441384	0.489492	0.477655	0.478803	0.542967	0.541878	0.538985	0.448193	0.455425	0.518821	0.482015	0.480312	0.474544	0.429487	0.437806	0.440994	0.446547	0.44972	0.450759	0.462883	0.462208	0.462333	0.484778	0.484045	0.485358	0.455108	0.453245	0.451592	0.487493	0.484377	0.487347	0.488602	0.42191	0.421411	0.461595	0.45533	0.460445
ERR605669-k20-n1-x5e9	0.544326	0.523568	0.499043	0.325897	0.344451	0.346206	0.523461	0.480567	0.466739	0.464974	0.46105	0.479946	0.455984	0.474067	0.314923	0.312758	0.310816	0.308243	0.501912	0.490978	0.513354	0.360431	0.362962	0.36386	0.25532	0.250952	0.253304	0.255819	0	0.242663	0.436864	0.331599	0.495514	0.374445	0.379269	0.564691	0.391931	0.383997	0.402535	0.334846	0.334954	0.334418	0.481942	0.500708	0.328993	0.325194	0.322535	0.320313	0.543958	0.51141	0.752604	0.531392	0.526443	0.527841	0.465346	0.443578	0.700907	0.454856	0.451732	0.452301	0.505417	0.495865	0.494671	0.564172	0.563093	0.560196	0.456817	0.464532	0.531137	0.489082	0.487538	0.481056	0.444618	0.452205	0.456215	0.464415	0.455119	0.457511	0.471559	0.471453	0.469724	0.499084	0.497464	0.499241	0.467878	0.466516	0.46323	0.506889	0.503218	0.506474	0.496701	0.435719	0.435257	0.477438	0.470016	0.475628
ERR605670-k20-n1-x5e9	0.538657	0.517744	0.493548	0.321675	0.340063	0.341764	0.518852	0.475821	0.462169	0.460581	0.456803	0.475236	0.449538	0.467749	0.311638	0.309415	0.307814	0.305607	0.49599	0.484978	0.50728	0.35547	0.357858	0.358649	0.254414	0.248711	0.25038	0.252424	0.242663	0	0.431373	0.326595	0.488971	0.367851	0.372841	0.558581	0.386382	0.378749	0.396927	0.334437	0.334211	0.333821	0.475659	0.494524	0.324791	0.321146	0.319015	0.3171	0.541047	0.508674	0.749223	0.528038	0.523247	0.524581	0.46226	0.441112	0.696385	0.451548	0.448584	0.44914	0.500812	0.491086	0.490083	0.559055	0.558003	0.555083	0.453245	0.460602	0.526513	0.485334	0.48364	0.477284	0.440695	0.447958	0.451871	0.459824	0.451483	0.453728	0.469403	0.469549	0.468042	0.495237	0.493677	0.495259	0.464702	0.463503	0.460365	0.501924	0.49843	0.501577	0.492302	0.43197	0.431583	0.472147	0.464771	0.470323
ERR607170-k20-n1-x5e9	0.376318	0.359247	0.341305	0.378193	0.35946	0.357069	0.444095	0.450784	0.460582	0.465765	0.466872	0.451746	0.333068	0.337449	0.417303	0.408561	0.410441	0.415185	0.370002	0.367469	0.379351	0.384702	0.383498	0.381898	0.456453	0.430409	0.420046	0.423667	0.436864	0.431373	0	0.361679	0.297791	0.304693	0.300306	0.352458	0.379465	0.386898	0.381593	0.487429	0.485221	0.483149	0.322835	0.328739	0.392322	0.389992	0.391872	0.392613	0.503382	0.51791	0.653447	0.507501	0.508796	0.509092	0.469574	0.499501	0.572484	0.479833	0.484104	0.482902	0.44938	0.455075	0.450888	0.474462	0.474064	0.473431	0.464849	0.45598	0.43846	0.44472	0.445497	0.448322	0.464432	0.451309	0.44846	0.450679	0.439132	0.438793	0.529496	0.539048	0.538218	0.498597	0.50121	0.497405	0.503939	0.512133	0.510612	0.479864	0.480046	0.477617	0.435811	0.476086	0.479793	0.440015	0.438727	0.437583
ERR607171-k20-n1-x5e9	0.503003	0.48257	0.46403	0.320966	0.337461	0.339667	0.496446	0.451485	0.440452	0.438403	0.436408	0.452162	0.410268	0.430225	0.316598	0.316906	0.319449	0.322228	0.454281	0.441766	0.463129	0.333805	0.335036	0.335551	0.326046	0.314585	0.311073	0.308389	0.331599	0.326595	0.361679	0	0.405717	0.271232	0.276975	0.486596	0.360051	0.352943	0.366054	0.357311	0.356088	0.354473	0.420992	0.442382	0.303563	0.306374	0.308261	0.310826	0.529287	0.497486	0.722609	0.510579	0.506091	0.507572	0.461786	0.442618	0.66685	0.44586	0.444073	0.444241	0.477244	0.465887	0.4677	0.524158	0.523102	0.520356	0.444404	0.448576	0.499652	0.471719	0.47047	0.466386	0.419889	0.425009	0.427681	0.431052	0.438713	0.438519	0.472439	0.472983	0.474284	0.480817	0.481424	0.481509	0.458452	0.457841	0.457342	0.476484	0.474241	0.476154	0.482022	0.425501	0.425626	0.451175	0.445469	0.449336
ERR607172-k20-n1-x5e9	0.346249	0.335652	0.33871	0.433664	0.417616	0.416695	0.460308	0.471814	0.485958	0.490971	0.494194	0.473794	0.323379	0.322081	0.466817	0.45881	0.462498	0.468965	0.338611	0.338598	0.339995	0.419873	0.417197	0.41556	0.504824	0.480868	0.471471	0.471239	0.495514	0.488971	0.297791	0.405717	0	0.333267	0.326996	0.290775	0.386868	0.397506	0.381774	0.529648	0.527009	0.524984	0.303201	0.305377	0.442168	0.441982	0.445736	0.448974	0.541825	0.556553	0.638673	0.538252	0.54077	0.540599	0.522792	0.542755	0.554711	0.524319	0.527805	0.526787	0.465342	0.470081	0.469687	0.458501	0.458225	0.458659	0.509738	0.500199	0.464955	0.492734	0.493332	0.49793	0.493237	0.477948	0.474584	0.469734	0.47692	0.473757	0.570507	0.57815	0.578928	0.537219	0.541041	0.53643	0.544943	0.551417	0.551422	0.50741	0.510031	0.505167	0.484332	0.514198	0.517597	0.468857	0.469523	0.465939
ERR607173-k20-n1-x5e9	0.440514	0.420838	0.405813	0.333242	0.335019	0.336322	0.466665	0.437313	0.435491	0.436467	0.436599	0.438243	0.356112	0.372873	0.350489	0.344848	0.348327	0.353729	0.399171	0.388211	0.406579	0.335897	0.335298	0.334896	0.378146	0.357292	0.349997	0.348433	0.374445	0.367851	0.304693	0.271232	0.333267	0	0.242609	0.411161	0.340164	0.33997	0.342759	0.409082	0.406739	0.404925	0.358119	0.376854	0.328073	0.328445	0.33187	0.335141	0.517596	0.50192	0.689401	0.502958	0.50083	0.50186	0.465469	0.46404	0.624375	0.456601	0.457385	0.456792	0.454253	0.447773	0.448779	0.48797	0.486872	0.484999	0.447268	0.444914	0.467345	0.45698	0.456391	0.455578	0.424879	0.421022	0.42168	0.422006	0.429267	0.427939	0.494499	0.498653	0.499697	0.483032	0.485182	0.483017	0.473777	0.476827	0.476529	0.467223	0.466635	0.465898	0.461967	0.438961	0.440873	0.433441	0.429459	0.430703
ERR607174-k20-n1-x5e9	0.434629	0.414778	0.400252	0.336296	0.336533	0.337501	0.464022	0.436723	0.435721	0.437097	0.437661	0.437779	0.352184	0.368368	0.355275	0.349108	0.352906	0.35829	0.394183	0.383878	0.401615	0.337561	0.337045	0.336355	0.38391	0.362413	0.354959	0.353608	0.379269	0.372841	0.300306	0.276975	0.326996	0.242609	0	0.404223	0.340059	0.340583	0.342171	0.414848	0.412505	0.410572	0.353106	0.371233	0.332405	0.332684	0.336107	0.339386	0.516598	0.502623	0.68603	0.502619	0.500657	0.501619	0.466067	0.466436	0.619853	0.458068	0.458994	0.458507	0.452699	0.446526	0.447434	0.484889	0.483834	0.482011	0.447903	0.445273	0.464453	0.455931	0.4556	0.455094	0.426052	0.421279	0.421793	0.421832	0.42879	0.427185	0.496964	0.501554	0.50252	0.483676	0.485944	0.483785	0.475686	0.478955	0.478655	0.466987	0.466522	0.465406	0.460594	0.441046	0.443105	0.432599	0.428631	0.429752
ERR607175-k20-n1-x5e9	0.331897	0.33208	0.348286	0.503544	0.484235	0.482806	0.489189	0.518267	0.536823	0.542935	0.546728	0.519831	0.361166	0.348293	0.537948	0.528984	0.532433	0.538564	0.356469	0.363304	0.353555	0.487656	0.484739	0.482692	0.575594	0.552374	0.543353	0.543511	0.564691	0.558581	0.352458	0.486596	0.290775	0.411161	0.404223	0	0.445819	0.459228	0.438992	0.597501	0.595001	0.592938	0.336595	0.325269	0.515202	0.513933	0.517398	0.520304	0.579087	0.605435	0.628201	0.580971	0.585199	0.584517	0.572003	0.598433	0.535507	0.577465	0.581756	0.580562	0.501914	0.511336	0.510124	0.476988	0.476871	0.478572	0.562961	0.551664	0.497863	0.537239	0.538607	0.544742	0.549126	0.530934	0.526808	0.521018	0.525695	0.521884	0.623515	0.631826	0.63232	0.585799	0.589831	0.584728	0.59841	0.605646	0.605622	0.553829	0.557225	0.551206	0.523342	0.570502	0.574184	0.515213	0.516697	0.51197
ERR607343-k20-n1-x5e9	0.447286	0.430797	0.419029	0.369394	0.371113	0.372539	0.457336	0.430803	0.431145	0.431709	0.43256	0.432127	0.369538	0.384386	0.373428	0.371972	0.374487	0.379769	0.351574	0.339219	0.358825	0.302399	0.300968	0.300179	0.391079	0.375519	0.368522	0.366575	0.391931	0.386382	0.379465	0.360051	0.386868	0.340164	0.340059	0.445819	0	0.254417	0.255073	0.35292	0.350323	0.348364	0.38306	0.400622	0.366111	0.369323	0.371808	0.375258	0.514421	0.499534	0.679106	0.498445	0.49655	0.497279	0.466815	0.456061	0.613845	0.454204	0.45347	0.45355	0.436395	0.429631	0.431856	0.461689	0.460958	0.45913	0.477489	0.477604	0.497691	0.491424	0.49065	0.489317	0.438616	0.434611	0.434142	0.432045	0.445016	0.443167	0.483065	0.486039	0.48717	0.481362	0.483106	0.481566	0.466568	0.467959	0.468082	0.46283	0.462928	0.461468	0.483169	0.452195	0.453548	0.453129	0.450707	0.451664
ERR607344-k20-n1-x5e9	0.46008	0.443002	0.430515	0.365951	0.370488	0.372067	0.462905	0.431353	0.429516	0.429199	0.430115	0.432743	0.378134	0.394468	0.366185	0.365674	0.368327	0.373479	0.364248	0.350662	0.371338	0.297506	0.296089	0.295658	0.380897	0.366849	0.360219	0.357523	0.383997	0.378749	0.386898	0.352943	0.397506	0.33997	0.340583	0.459228	0.254417	0	0.256988	0.338251	0.335668	0.333721	0.392921	0.41168	0.359939	0.363429	0.366287	0.369751	0.516808	0.497435	0.686205	0.498789	0.496328	0.497278	0.466202	0.450797	0.623374	0.451116	0.449758	0.449984	0.440013	0.431389	0.43419	0.468256	0.467401	0.46529	0.476259	0.477408	0.50216	0.493243	0.49225	0.490541	0.435332	0.433605	0.433183	0.431329	0.44538	0.443993	0.477482	0.479468	0.480985	0.479409	0.480979	0.479891	0.461911	0.462408	0.462748	0.462531	0.462358	0.461375	0.486235	0.448239	0.449272	0.454374	0.451832	0.453269
ERR607345-k20-n1-x5e9	0.443053	0.427265	0.417396	0.377557	0.379051	0.380583	0.457963	0.432344	0.433825	0.434286	0.435774	0.433902	0.367205	0.38148	0.382016	0.38035	0.383194	0.3888	0.345932	0.333548	0.352001	0.308626	0.30664	0.30582	0.400524	0.384932	0.377977	0.375413	0.402535	0.396927	0.381593	0.366054	0.381774	0.342759	0.342171	0.438992	0.255073	0.256988	0	0.363133	0.360401	0.358514	0.379627	0.396521	0.374177	0.377124	0.380223	0.383916	0.51821	0.504121	0.676088	0.501376	0.49961	0.500289	0.473426	0.462166	0.610746	0.459794	0.459184	0.459273	0.436938	0.430399	0.433027	0.458113	0.457196	0.455325	0.482703	0.482534	0.499109	0.495759	0.495095	0.4943	0.441987	0.437505	0.436848	0.433948	0.448913	0.446752	0.488851	0.491597	0.49308	0.485633	0.487518	0.485872	0.471915	0.473203	0.473669	0.465395	0.4658	0.463856	0.48746	0.457242	0.458512	0.455566	0.453566	0.454114
ERR607346-k20-n1-x5e9	0.584234	0.565429	0.54577	0.376547	0.400309	0.403342	0.539999	0.484861	0.466899	0.461577	0.458096	0.484932	0.490614	0.510685	0.343233	0.351112	0.350836	0.350311	0.50425	0.490061	0.513761	0.341082	0.343604	0.344917	0.318599	0.325218	0.32738	0.323998	0.334846	0.334437	0.487429	0.357311	0.529648	0.409082	0.414848	0.597501	0.35292	0.338251	0.363133	0	0.23786	0.238205	0.515694	0.53681	0.356891	0.361458	0.360928	0.361914	0.557667	0.511069	0.762095	0.535348	0.528696	0.530536	0.480125	0.435517	0.715966	0.456073	0.450529	0.451787	0.509673	0.4944	0.497289	0.563056	0.561951	0.558908	0.490608	0.500446	0.568009	0.530305	0.528382	0.521929	0.453321	0.466176	0.46978	0.475015	0.482701	0.484173	0.458179	0.45293	0.454206	0.498005	0.496649	0.499272	0.458314	0.452266	0.451529	0.50387	0.500686	0.504366	0.534139	0.450388	0.448536	0.503332	0.498063	0.503416
ERR607347-k20-n1-x5e9	0.581944	0.563251	0.543602	0.375123	0.398838	0.401841	0.538052	0.482836	0.465	0.459601	0.456249	0.482881	0.4882	0.508397	0.34217	0.350181	0.350002	0.34964	0.501517	0.48722	0.511071	0.338825	0.341049	0.342616	0.318606	0.324871	0.32665	0.323205	0.334954	0.334211	0.485221	0.356088	0.527009	0.406739	0.412505	0.595001	0.350323	0.335668	0.360401	0.23786	0	0.237725	0.513299	0.534483	0.355713	0.360475	0.359941	0.360971	0.556163	0.509789	0.760471	0.533835	0.527254	0.528895	0.478973	0.434854	0.713977	0.45491	0.449404	0.450646	0.507773	0.492449	0.49534	0.560814	0.559815	0.556687	0.489208	0.499049	0.565976	0.528795	0.526916	0.520523	0.452204	0.464784	0.468457	0.47346	0.48154	0.482854	0.457445	0.452384	0.453678	0.496284	0.49513	0.497652	0.45718	0.451161	0.450545	0.502031	0.498675	0.50231	0.532318	0.449157	0.447357	0.501527	0.496262	0.501536
ERR607348-k20-n1-x5e9	0.58011	0.561299	0.541651	0.373731	0.39718	0.400288	0.536606	0.48164	0.464048	0.458675	0.45536	0.481662	0.486209	0.506446	0.341337	0.349122	0.34897	0.348565	0.499358	0.485087	0.508867	0.336754	0.339186	0.340618	0.318291	0.324233	0.326025	0.322642	0.334418	0.333821	0.483149	0.354473	0.524984	0.404925	0.410572	0.592938	0.348364	0.333721	0.358514	0.238205	0.237725	0	0.511148	0.532333	0.354139	0.358882	0.358375	0.359535	0.555412	0.509169	0.759543	0.533051	0.526503	0.528153	0.478126	0.434526	0.712685	0.454293	0.448867	0.449976	0.506566	0.491341	0.494124	0.559536	0.558465	0.555411	0.488677	0.49834	0.564918	0.527892	0.525939	0.51971	0.451394	0.463843	0.467488	0.47237	0.480405	0.481822	0.45706	0.452104	0.453342	0.495466	0.49428	0.496721	0.456727	0.450874	0.4503	0.500802	0.497647	0.501297	0.531105	0.448567	0.446642	0.500285	0.494995	0.500266
ERR605831-k20-n1-x5e9	0.351509	0.339554	0.336509	0.421436	0.404764	0.403898	0.456413	0.466971	0.479969	0.484875	0.487427	0.468525	0.315685	0.315957	0.450506	0.442791	0.445814	0.452098	0.343863	0.342625	0.346921	0.409422	0.407328	0.405624	0.491745	0.468046	0.458676	0.458955	0.481942	0.475659	0.322835	0.420992	0.303201	0.358119	0.353106	0.336595	0.38306	0.392921	0.379627	0.515694	0.513299	0.511148	0	0.264252	0.395247	0.395143	0.39873	0.401666	0.528865	0.543882	0.638147	0.527247	0.529699	0.529643	0.510077	0.531257	0.559399	0.512943	0.516392	0.515656	0.461127	0.466313	0.464807	0.460961	0.460393	0.460681	0.495707	0.486737	0.456461	0.479445	0.480013	0.483989	0.48469	0.470478	0.467478	0.463785	0.467898	0.465237	0.557441	0.565268	0.565727	0.525199	0.52859	0.524484	0.532643	0.539123	0.539125	0.499424	0.50143	0.497611	0.473663	0.504337	0.507824	0.462039	0.463017	0.459974
