	ERR609145-k20-n1-x5e9	ERR609146-k20-n1-x5e9	ERR609147-k20-n1-x5e9	ERR609148-k20-n1-x5e9	ERR609149-k20-n1-x5e9	ERR609150-k20-n1-x5e9	ERR608105-k20-n1-x5e9	ERR608106-k20-n1-x5e9	ERR608107-k20-n1-x5e9	ERR608108-k20-n1-x5e9	ERR608109-k20-n1-x5e9	ERR608110-k20-n1-x5e9	ERR607457-k20-n1-x5e9	ERR607458-k20-n1-x5e9	ERR607459-k20-n1-x5e9	ERR607460-k20-n1-x5e9	ERR607461-k20-n1-x5e9	ERR607462-k20-n1-x5e9	ERR610205-k20-n1-x5e9	ERR610206-k20-n1-x5e9	ERR610207-k20-n1-x5e9	ERR610208-k20-n1-x5e9	ERR610209-k20-n1-x5e9	ERR610210-k20-n1-x5e9	ERR605671-k20-n1-x5e9	ERR605672-k20-n1-x5e9	ERR605673-k20-n1-x5e9	ERR605674-k20-n1-x5e9	ERR605675-k20-n1-x5e9	ERR605676-k20-n1-x5e9	ERR607817-k20-n1-x5e9	ERR607818-k20-n1-x5e9	ERR607819-k20-n1-x5e9	ERR607820-k20-n1-x5e9	ERR607821-k20-n1-x5e9	ERR607822-k20-n1-x5e9	ERR608427-k20-n1-x5e9	ERR608428-k20-n1-x5e9	ERR608429-k20-n1-x5e9	ERR608430-k20-n1-x5e9	ERR608431-k20-n1-x5e9	ERR608432-k20-n1-x5e9	ERR607555-k20-n1-x5e9	ERR607556-k20-n1-x5e9	ERR607557-k20-n1-x5e9	ERR607558-k20-n1-x5e9	ERR607559-k20-n1-x5e9	ERR607560-k20-n1-x5e9	ERR608943-k20-n1-x5e9	ERR608944-k20-n1-x5e9	ERR608945-k20-n1-x5e9	ERR608946-k20-n1-x5e9	ERR608947-k20-n1-x5e9	ERR608948-k20-n1-x5e9	ERR607669-k20-n1-x5e9	ERR607670-k20-n1-x5e9	ERR607671-k20-n1-x5e9	ERR607672-k20-n1-x5e9	ERR607673-k20-n1-x5e9	ERR607674-k20-n1-x5e9	ERR608365-k20-n1-x5e9	ERR608366-k20-n1-x5e9	ERR608367-k20-n1-x5e9	ERR608368-k20-n1-x5e9	ERR608369-k20-n1-x5e9	ERR608370-k20-n1-x5e9	ERR608305-k20-n1-x5e9	ERR608306-k20-n1-x5e9	ERR608307-k20-n1-x5e9	ERR608308-k20-n1-x5e9	ERR608309-k20-n1-x5e9	ERR608310-k20-n1-x5e9	ERR608081-k20-n1-x5e9	ERR608082-k20-n1-x5e9	ERR608083-k20-n1-x5e9	ERR608084-k20-n1-x5e9	ERR608085-k20-n1-x5e9	ERR608086-k20-n1-x5e9	ERR606030-k20-n1-x5e9	ERR606031-k20-n1-x5e9	ERR606032-k20-n1-x5e9	ERR606033-k20-n1-x5e9	ERR606034-k20-n1-x5e9	ERR606035-k20-n1-x5e9	ERR608161-k20-n1-x5e9	ERR608162-k20-n1-x5e9	ERR608163-k20-n1-x5e9	ERR608164-k20-n1-x5e9	ERR608165-k20-n1-x5e9	ERR608166-k20-n1-x5e9	ERR608371-k20-n1-x5e9	ERR608372-k20-n1-x5e9	ERR608373-k20-n1-x5e9	ERR608374-k20-n1-x5e9	ERR608375-k20-n1-x5e9	ERR608376-k20-n1-x5e9
ERR609145-k20-n1-x5e9	0	0.820302	0.750536	0.738771	0.736904	0.744119	0.950209	0.909065	0.90832	0.908432	0.910873	0.917215	0.964859	0.963778	0.963855	0.938547	0.940032	0.937909	0.916251	1.00798	0.920435	0.909416	0.904663	0.904629	0.990331	0.996068	0.999823	0.997619	1.00428	1.00191	0.878293	0.871967	0.88506	0.835698	0.838346	0.841154	0.926914	0.882801	0.884679	0.87216	0.871911	0.871504	0.949366	0.947183	0.949313	0.927342	0.927432	0.92788	1.01526	1.01132	1.01059	1.03423	1.03276	1.03075	1.02703	1.02265	1.02219	1.02501	1.02516	1.02435	1.06502	1.03119	1.02476	1.02719	1.0281	1.03203	1.10978	1.08284	1.07637	1.07604	1.07672	1.08147	1.02337	1.02086	1.02044	1.0337	1.02944	1.02974	1.04106	1.00791	1.0062	1.02525	1.02306	1.02787	1.08385	1.07123	1.07241	1.12029	1.11768	1.12052	1.02191	1.01631	1.01745	1.03109	1.026	1.02656
ERR609146-k20-n1-x5e9	0.820302	0	0.822202	0.816029	0.814472	0.819755	0.99795	0.965052	0.961413	0.964219	0.968071	0.974621	1.01172	1.01046	1.01195	0.992658	0.994338	0.992375	0.966561	1.04914	0.974188	0.96289	0.961154	0.960638	1.03107	1.0374	1.04008	1.04051	1.044	1.0432	0.940265	0.933282	0.942604	0.901197	0.902748	0.904804	0.976605	0.938076	0.934811	0.930403	0.930235	0.929281	0.992406	0.992167	0.993396	0.980347	0.981562	0.980591	1.06018	1.06097	1.05826	1.07948	1.07808	1.076	1.0699	1.06781	1.06791	1.06979	1.06891	1.06828	1.10672	1.07548	1.07053	1.07182	1.07151	1.0767	1.1462	1.12423	1.11726	1.11814	1.12043	1.12399	1.06779	1.06197	1.0645	1.07808	1.07484	1.07388	1.08672	1.05586	1.05571	1.06956	1.06758	1.07172	1.12255	1.11393	1.11346	1.15723	1.1548	1.15724	1.06541	1.06241	1.06252	1.07653	1.07249	1.07123
ERR609147-k20-n1-x5e9	0.750536	0.822202	0	0.751189	0.748382	0.75192	0.949667	0.911807	0.912085	0.911397	0.913724	0.921527	0.963689	0.961781	0.963823	0.941163	0.943099	0.941539	0.916543	1.00902	0.921427	0.915349	0.912464	0.911451	0.989374	0.995288	0.999455	0.997998	1.00301	0.999904	0.882749	0.877965	0.890704	0.834395	0.836172	0.83751	0.923214	0.883276	0.882019	0.880243	0.879639	0.876196	0.946306	0.94432	0.948098	0.928591	0.930745	0.931664	1.01428	1.01642	1.0131	1.03647	1.03563	1.0337	1.02486	1.02425	1.02494	1.02293	1.02303	1.02268	1.06252	1.03217	1.02623	1.02836	1.02757	1.03444	1.11011	1.0814	1.07593	1.07699	1.07922	1.08089	1.02514	1.01828	1.01967	1.03422	1.03259	1.03163	1.04076	1.01149	1.00882	1.02512	1.02296	1.0271	1.08201	1.07389	1.07324	1.12258	1.11924	1.12325	1.02189	1.01677	1.01648	1.03081	1.02898	1.02798
ERR609148-k20-n1-x5e9	0.738771	0.816029	0.751189	0	0.731055	0.73431	0.946527	0.905257	0.906026	0.906535	0.911411	0.916387	0.961846	0.957713	0.961393	0.936181	0.937766	0.93522	0.907931	1.00566	0.916764	0.904728	0.901098	0.899876	0.989338	0.99444	0.996966	0.994676	1.00295	1.00112	0.874036	0.867951	0.880613	0.827454	0.83088	0.83296	0.923245	0.882043	0.877478	0.867717	0.867317	0.865585	0.945633	0.942501	0.946469	0.923716	0.926096	0.926798	1.01426	1.01019	1.0084	1.03162	1.03041	1.02791	1.02477	1.01955	1.02091	1.02278	1.02418	1.02068	1.06278	1.02995	1.02492	1.02502	1.02373	1.03176	1.10799	1.0808	1.07512	1.07517	1.07746	1.0796	1.02311	1.01697	1.01818	1.03121	1.02944	1.02741	1.04054	1.00468	1.00457	1.02277	1.01999	1.02492	1.08092	1.06959	1.07114	1.11845	1.11543	1.1191	1.01966	1.01574	1.01601	1.02754	1.02533	1.02311
ERR609149-k20-n1-x5e9	0.736904	0.814472	0.748382	0.731055	0	0.73256	0.944806	0.905693	0.905637	0.904932	0.909335	0.915441	0.962705	0.956434	0.9598	0.935743	0.935992	0.933597	0.906968	1.00523	0.918159	0.902462	0.899558	0.900352	0.988681	0.993327	0.996197	0.995775	1.00222	1.00028	0.873907	0.867651	0.878967	0.825847	0.830793	0.832026	0.921508	0.880915	0.875674	0.865636	0.865148	0.864966	0.944266	0.942942	0.945175	0.925493	0.924355	0.925572	1.01249	1.00994	1.00736	1.03094	1.02941	1.02754	1.02399	1.02026	1.02096	1.02344	1.0238	1.02192	1.06185	1.02844	1.02431	1.02447	1.02274	1.03157	1.10756	1.08095	1.07415	1.07413	1.07722	1.08084	1.02172	1.01678	1.01684	1.03085	1.02852	1.02711	1.03995	1.00559	1.00319	1.02196	1.02013	1.02375	1.081	1.06998	1.07073	1.11793	1.11576	1.11861	1.01966	1.01434	1.01462	1.02881	1.02438	1.02347
ERR609150-k20-n1-x5e9	0.744119	0.819755	0.75192	0.73431	0.73256	0	0.948216	0.908122	0.907993	0.907942	0.910656	0.917284	0.963166	0.960096	0.963704	0.936413	0.938136	0.936096	0.914335	1.00551	0.91916	0.905202	0.903582	0.90369	0.988704	0.993054	0.997847	0.995808	1.00032	0.998312	0.876218	0.870345	0.882303	0.830824	0.834733	0.837445	0.9221	0.880741	0.881753	0.870153	0.869736	0.866666	0.946038	0.943626	0.947707	0.925892	0.926475	0.927844	1.01398	1.0111	1.0093	1.03222	1.03236	1.03071	1.02554	1.02029	1.02009	1.02297	1.02241	1.02068	1.06158	1.03	1.02687	1.02664	1.02648	1.03201	1.10639	1.08106	1.07578	1.07697	1.07857	1.08057	1.02217	1.01835	1.0194	1.0327	1.03006	1.02953	1.03908	1.00694	1.00461	1.02188	1.02026	1.02526	1.0815	1.06954	1.07029	1.11862	1.11606	1.11927	1.02031	1.01638	1.01591	1.02908	1.0258	1.02491
ERR608105-k20-n1-x5e9	0.950209	0.99795	0.949667	0.946527	0.944806	0.948216	0	0.80989	0.809917	0.814707	0.817964	0.822803	0.972529	0.970592	0.972549	0.95075	0.951447	0.948582	0.943647	1.02419	0.950203	0.942925	0.938712	0.939558	1.00669	1.01085	1.01487	1.01323	1.01736	1.01695	0.903562	0.896905	0.908332	0.862809	0.865517	0.867622	0.961128	0.926167	0.922309	0.919226	0.91911	0.918157	0.949236	0.948703	0.952054	0.935239	0.93671	0.93687	1.08029	1.07964	1.07808	1.09411	1.09305	1.09266	1.09306	1.09033	1.09038	1.09174	1.09206	1.08994	1.12277	1.09514	1.09012	1.09153	1.09115	1.09567	1.15217	1.13005	1.12331	1.12433	1.12641	1.12868	1.0882	1.08456	1.08505	1.09713	1.09402	1.09314	1.10528	1.07811	1.07579	1.0891	1.0873	1.08962	1.13063	1.12227	1.12162	1.1641	1.16164	1.16471	1.08547	1.08023	1.08085	1.09295	1.08964	1.08964
ERR608106-k20-n1-x5e9	0.909065	0.965052	0.911807	0.905257	0.905693	0.908122	0.80989	0	0.748219	0.764642	0.768167	0.777204	0.943706	0.939388	0.942165	0.918871	0.919631	0.91848	0.901762	1.00174	0.913635	0.899916	0.899134	0.897446	0.97646	0.985155	0.988774	0.986556	0.995321	0.995039	0.861613	0.860255	0.867669	0.811473	0.814843	0.814538	0.93083	0.883222	0.881234	0.879073	0.87862	0.877331	0.915429	0.915173	0.91571	0.906057	0.907162	0.906282	1.05146	1.04808	1.04649	1.06609	1.06507	1.06293	1.06756	1.06326	1.06467	1.06698	1.0671	1.06406	1.09847	1.06886	1.06184	1.06166	1.06247	1.07206	1.13499	1.10284	1.0957	1.09526	1.09709	1.10271	1.06413	1.05447	1.05794	1.072	1.06898	1.06769	1.08297	1.04708	1.04649	1.06532	1.06286	1.06592	1.1066	1.09662	1.09709	1.14366	1.14188	1.14415	1.05903	1.05056	1.05177	1.06616	1.06335	1.06151
ERR608107-k20-n1-x5e9	0.90832	0.961413	0.912085	0.906026	0.905637	0.907993	0.809917	0.748219	0	0.756154	0.765131	0.774477	0.94311	0.940806	0.94172	0.917228	0.918415	0.919105	0.898772	1.00156	0.90641	0.896816	0.899276	0.899067	0.975273	0.981361	0.984795	0.982519	0.99134	0.989905	0.865089	0.855933	0.87089	0.810758	0.812302	0.810722	0.931527	0.883518	0.878607	0.881064	0.880948	0.884611	0.914832	0.912965	0.916059	0.900881	0.90128	0.901763	1.0486	1.04489	1.04442	1.06437	1.06279	1.0603	1.0642	1.05951	1.06151	1.06334	1.0643	1.06219	1.09804	1.06577	1.05886	1.05963	1.05809	1.06741	1.13317	1.10032	1.09624	1.09476	1.09615	1.10068	1.06122	1.05223	1.05374	1.06956	1.06644	1.06489	1.08295	1.04571	1.04499	1.06264	1.06025	1.0642	1.10545	1.09522	1.09552	1.14178	1.13841	1.14075	1.05534	1.04671	1.05048	1.0642	1.06002	1.05818
ERR608108-k20-n1-x5e9	0.908432	0.964219	0.911397	0.906535	0.904932	0.907942	0.814707	0.764642	0.756154	0	0.762802	0.772655	0.939214	0.937424	0.939442	0.916335	0.916807	0.914114	0.90421	1.00057	0.917148	0.898551	0.898634	0.899585	0.972853	0.983567	0.987346	0.986412	0.990273	0.989014	0.863142	0.860972	0.868464	0.813733	0.813721	0.81667	0.92932	0.886238	0.882412	0.879868	0.879352	0.881624	0.913869	0.913565	0.916169	0.906913	0.903233	0.904201	1.05207	1.04719	1.04737	1.06769	1.06638	1.06491	1.06389	1.06044	1.06034	1.06462	1.06354	1.06166	1.09625	1.06878	1.06133	1.06289	1.06004	1.07007	1.13197	1.10143	1.09491	1.09463	1.09637	1.102	1.06303	1.05507	1.05475	1.07137	1.0676	1.0695	1.07782	1.04691	1.04491	1.06306	1.06143	1.06384	1.10415	1.09516	1.09653	1.14365	1.14189	1.14403	1.05725	1.05033	1.05148	1.0657	1.06244	1.06289
ERR608109-k20-n1-x5e9	0.910873	0.968071	0.913724	0.911411	0.909335	0.910656	0.817964	0.768167	0.765131	0.762802	0	0.780691	0.944309	0.941312	0.942141	0.918281	0.91943	0.918871	0.907665	1.00187	0.917402	0.904022	0.903014	0.902613	0.977891	0.986345	0.989986	0.989076	0.994502	0.992201	0.865959	0.861654	0.872191	0.818014	0.81738	0.82035	0.934181	0.891101	0.886402	0.885134	0.884559	0.882302	0.916486	0.915141	0.918958	0.906284	0.905165	0.905875	1.0531	1.05123	1.0484	1.07022	1.06865	1.06842	1.06667	1.06407	1.06362	1.06574	1.06496	1.06493	1.098	1.07092	1.0633	1.06552	1.06436	1.07348	1.13438	1.10442	1.09627	1.09616	1.09798	1.10412	1.06581	1.0584	1.05869	1.07485	1.07206	1.07067	1.08084	1.04964	1.04843	1.06601	1.06301	1.06652	1.1064	1.09736	1.09715	1.14608	1.14271	1.14555	1.06221	1.05321	1.05457	1.0699	1.06613	1.06494
ERR608110-k20-n1-x5e9	0.917215	0.974621	0.921527	0.916387	0.915441	0.917284	0.822803	0.777204	0.774477	0.772655	0.780691	0	0.948659	0.946466	0.948383	0.925118	0.926338	0.92304	0.91172	1.00677	0.922782	0.90966	0.906862	0.908027	0.983506	0.991	0.992976	0.992816	0.9961	0.99532	0.872077	0.868687	0.8786	0.82589	0.826822	0.829623	0.940409	0.900505	0.893529	0.888412	0.888003	0.890283	0.922245	0.921655	0.924276	0.911487	0.91132	0.911686	1.05683	1.05513	1.05359	1.07279	1.073	1.0721	1.07127	1.06752	1.06806	1.06977	1.06914	1.068	1.10186	1.075	1.06863	1.06873	1.0681	1.07514	1.13798	1.1093	1.10013	1.10176	1.10225	1.10855	1.0712	1.06269	1.06269	1.07731	1.0758	1.07457	1.08344	1.0538	1.05275	1.06894	1.06704	1.06997	1.10984	1.10015	1.10104	1.1489	1.14622	1.14977	1.06676	1.05828	1.0579	1.07174	1.07011	1.06829
ERR607457-k20-n1-x5e9	0.964859	1.01172	0.963689	0.961846	0.962705	0.963166	0.972529	0.943706	0.94311	0.939214	0.944309	0.948659	0	0.853781	0.857882	0.833705	0.834146	0.832773	0.940496	1.01875	0.944681	0.935651	0.933692	0.932751	1.01514	1.01882	1.02185	1.02176	1.02206	1.02234	0.92429	0.920826	0.931631	0.8886	0.88933	0.892563	0.980373	0.944871	0.942668	0.940026	0.939699	0.936934	0.948135	0.948815	0.951701	0.937325	0.936678	0.936815	1.08965	1.09067	1.08745	1.10693	1.1063	1.10374	1.09658	1.09472	1.09407	1.09643	1.09553	1.09482	1.12983	1.10313	1.09918	1.10082	1.0989	1.10344	1.1548	1.13437	1.12755	1.12918	1.12958	1.13295	1.09893	1.09466	1.0931	1.1074	1.10654	1.10468	1.11086	1.08702	1.08487	1.099	1.09625	1.09995	1.13747	1.12924	1.12855	1.17211	1.16995	1.17323	1.09704	1.09379	1.09095	1.10544	1.10394	1.10141
ERR607458-k20-n1-x5e9	0.963778	1.01046	0.961781	0.957713	0.956434	0.960096	0.970592	0.939388	0.940806	0.937424	0.941312	0.946466	0.853781	0	0.854961	0.831646	0.832991	0.8289	0.937557	1.01864	0.942742	0.932159	0.929413	0.928293	1.01396	1.0173	1.02118	1.01941	1.0206	1.02044	0.921195	0.917463	0.929228	0.885741	0.885382	0.886989	0.976583	0.941419	0.93916	0.935242	0.934985	0.933555	0.946374	0.945563	0.949793	0.9352	0.935525	0.935941	1.08773	1.08591	1.08497	1.10302	1.10329	1.10149	1.09377	1.09238	1.09187	1.09405	1.09275	1.09324	1.12727	1.10008	1.0959	1.09822	1.09734	1.10142	1.15263	1.13085	1.12573	1.12589	1.12708	1.13109	1.09648	1.09198	1.09057	1.105	1.10344	1.10242	1.1071	1.08362	1.08338	1.0963	1.09389	1.09729	1.13506	1.12524	1.12622	1.17038	1.16831	1.17161	1.09468	1.08978	1.08887	1.10237	1.10034	1.09888
ERR607459-k20-n1-x5e9	0.963855	1.01195	0.963823	0.961393	0.9598	0.963704	0.972549	0.942165	0.94172	0.939442	0.942141	0.948383	0.857882	0.854961	0	0.835688	0.836045	0.834022	0.939463	1.02043	0.944883	0.934156	0.933637	0.933448	1.01477	1.01933	1.02194	1.02213	1.0239	1.02343	0.925223	0.921233	0.931848	0.888656	0.890456	0.891204	0.979701	0.942683	0.94119	0.938628	0.938337	0.936853	0.949735	0.950494	0.952897	0.937858	0.937504	0.938106	1.08918	1.0887	1.08752	1.10502	1.1047	1.103	1.09739	1.09533	1.09537	1.0976	1.09679	1.09532	1.13062	1.10303	1.09922	1.10102	1.09839	1.10339	1.15494	1.13468	1.12773	1.12919	1.12899	1.13327	1.09799	1.09437	1.09306	1.10809	1.10481	1.10516	1.11186	1.0873	1.08511	1.09935	1.09674	1.09993	1.13839	1.12839	1.1291	1.17257	1.17018	1.17265	1.09655	1.09291	1.09234	1.10564	1.1032	1.10176
ERR607460-k20-n1-x5e9	0.938547	0.992658	0.941163	0.936181	0.935743	0.936413	0.95075	0.918871	0.917228	0.916335	0.918281	0.925118	0.833705	0.831646	0.835688	0	0.804031	0.802791	0.915829	1.00485	0.919209	0.903737	0.902879	0.902213	0.997645	1.00125	1.00605	1.00328	1.00652	1.00506	0.898469	0.895684	0.902936	0.855643	0.859504	0.86205	0.958392	0.920417	0.91936	0.91084	0.910462	0.908637	0.926911	0.926021	0.930466	0.91346	0.914373	0.913628	1.07353	1.06958	1.06794	1.08843	1.08921	1.087	1.0824	1.07728	1.07648	1.08122	1.08049	1.07823	1.11251	1.08726	1.08435	1.08484	1.08265	1.08942	1.14198	1.11789	1.11022	1.11152	1.11277	1.11803	1.08233	1.07925	1.07726	1.09168	1.08941	1.08981	1.09406	1.0679	1.06646	1.0824	1.082	1.08512	1.12182	1.11121	1.11174	1.16049	1.15807	1.16107	1.08113	1.07664	1.0755	1.08856	1.08653	1.08606
ERR607461-k20-n1-x5e9	0.940032	0.994338	0.943099	0.937766	0.935992	0.938136	0.951447	0.919631	0.918415	0.916807	0.91943	0.926338	0.834146	0.832991	0.836045	0.804031	0	0.803047	0.917857	1.00645	0.920702	0.906144	0.904367	0.904118	0.998058	1.00255	1.00703	1.00503	1.00711	1.00645	0.900684	0.897026	0.903893	0.857806	0.861167	0.864079	0.959517	0.921511	0.920142	0.911359	0.911022	0.910366	0.928856	0.927836	0.931393	0.915199	0.914661	0.914503	1.07427	1.07112	1.0692	1.08998	1.089	1.08878	1.08387	1.07904	1.07801	1.08269	1.08199	1.07978	1.11429	1.08846	1.0851	1.08542	1.08443	1.09023	1.14353	1.11952	1.11179	1.1121	1.11402	1.11867	1.08368	1.08019	1.07838	1.09285	1.09025	1.0904	1.09489	1.06919	1.06758	1.08391	1.08274	1.08611	1.1219	1.11246	1.11341	1.161	1.15842	1.16206	1.08234	1.07834	1.07735	1.08996	1.08737	1.08736
ERR607462-k20-n1-x5e9	0.937909	0.992375	0.941539	0.93522	0.933597	0.936096	0.948582	0.91848	0.919105	0.914114	0.918871	0.92304	0.832773	0.8289	0.834022	0.802791	0.803047	0	0.913216	1.00506	0.920127	0.905974	0.90435	0.902914	0.997807	1.00129	1.00563	1.00391	1.0081	1.00494	0.899271	0.896913	0.90519	0.857937	0.857723	0.86034	0.956979	0.920625	0.918954	0.911707	0.911763	0.910228	0.925954	0.924582	0.929104	0.914374	0.91341	0.913601	1.07222	1.0692	1.06671	1.0894	1.08745	1.08625	1.08117	1.07544	1.07612	1.0793	1.07879	1.07873	1.11252	1.08663	1.08192	1.08359	1.08177	1.0881	1.14126	1.11728	1.108	1.10959	1.11131	1.11564	1.08202	1.07794	1.07607	1.09113	1.08917	1.08863	1.0934	1.0671	1.06696	1.08376	1.08161	1.08378	1.12048	1.11039	1.11029	1.15991	1.15716	1.1608	1.07997	1.07603	1.07402	1.08874	1.08613	1.08592
ERR610205-k20-n1-x5e9	0.916251	0.966561	0.916543	0.907931	0.906968	0.914335	0.943647	0.901762	0.898772	0.90421	0.907665	0.91172	0.940496	0.937557	0.939463	0.915829	0.917857	0.913216	0	0.861505	0.73834	0.748076	0.743438	0.740782	0.961055	0.966737	0.971157	0.968284	0.977318	0.97692	0.861281	0.854212	0.869483	0.818366	0.815555	0.817756	0.929625	0.879726	0.877018	0.877621	0.878296	0.875082	0.921521	0.922262	0.923297	0.907001	0.906718	0.907224	1.05276	1.05067	1.04921	1.06915	1.06731	1.06566	1.07016	1.06732	1.0693	1.071	1.07003	1.06942	1.10545	1.07303	1.0659	1.06524	1.06512	1.0747	1.13841	1.10987	1.10454	1.10391	1.10565	1.11146	1.06758	1.05851	1.05995	1.07696	1.07259	1.07167	1.08531	1.04758	1.0471	1.06583	1.06381	1.06706	1.11476	1.10448	1.10634	1.14826	1.14597	1.14953	1.06536	1.05784	1.05898	1.07431	1.06985	1.06787
ERR610206-k20-n1-x5e9	1.00798	1.04914	1.00902	1.00566	1.00523	1.00551	1.02419	1.00174	1.00156	1.00057	1.00187	1.00677	1.01875	1.01864	1.02043	1.00485	1.00645	1.00506	0.861505	0	0.856512	0.85961	0.861518	0.860008	1.03718	1.04257	1.04412	1.04436	1.0465	1.04604	0.960222	0.95786	0.96682	0.933658	0.935864	0.935369	1.00252	0.980953	0.980097	0.9748	0.974809	0.973064	1.008	1.00654	1.0106	0.999279	1.00006	0.99969	1.12519	1.12184	1.12029	1.14486	1.14442	1.14236	1.13681	1.1326	1.13148	1.13557	1.13613	1.13484	1.16403	1.14414	1.13717	1.13872	1.13744	1.14417	1.18787	1.17066	1.16651	1.1671	1.16759	1.17099	1.13708	1.13188	1.13069	1.14659	1.1452	1.1443	1.14585	1.11882	1.11834	1.13722	1.13428	1.13847	1.17308	1.16692	1.16718	1.20158	1.1992	1.20189	1.1378	1.13124	1.13089	1.14665	1.14493	1.14369
ERR610207-k20-n1-x5e9	0.920435	0.974188	0.921427	0.916764	0.918159	0.91916	0.950203	0.913635	0.90641	0.917148	0.917402	0.922782	0.944681	0.942742	0.944883	0.919209	0.920702	0.920127	0.73834	0.856512	0	0.743101	0.740116	0.741423	0.963108	0.970725	0.975823	0.973981	0.983196	0.982196	0.869072	0.871086	0.873405	0.822991	0.822953	0.827166	0.93502	0.88741	0.885593	0.881293	0.883456	0.881555	0.926064	0.924432	0.927449	0.91796	0.920846	0.920199	1.06233	1.0574	1.05759	1.07816	1.07701	1.0761	1.07923	1.07458	1.07469	1.07832	1.07765	1.07747	1.10968	1.08062	1.07424	1.07507	1.07442	1.08231	1.14523	1.11749	1.10978	1.10949	1.11107	1.11719	1.0761	1.06953	1.07029	1.08468	1.08296	1.08276	1.09101	1.05616	1.05417	1.07526	1.07409	1.07632	1.12025	1.11016	1.11187	1.1575	1.15493	1.15764	1.07564	1.0662	1.06857	1.08265	1.08086	1.08072
ERR610208-k20-n1-x5e9	0.909416	0.96289	0.915349	0.904728	0.902462	0.905202	0.942925	0.899916	0.896816	0.898551	0.904022	0.90966	0.935651	0.932159	0.934156	0.903737	0.906144	0.905974	0.748076	0.85961	0.743101	0	0.732413	0.734346	0.956839	0.962554	0.965734	0.963041	0.969821	0.970133	0.857023	0.848821	0.862607	0.811792	0.813919	0.81728	0.925028	0.879083	0.882519	0.870677	0.871544	0.869754	0.91965	0.918252	0.921847	0.897816	0.898397	0.8989	1.05025	1.04653	1.04535	1.06855	1.06653	1.06421	1.06707	1.06121	1.06197	1.06688	1.06667	1.06339	1.10034	1.06895	1.06293	1.06377	1.06257	1.0695	1.13233	1.10725	1.1034	1.1022	1.10296	1.10741	1.06359	1.05838	1.05773	1.07401	1.07103	1.0708	1.07833	1.0446	1.0423	1.06236	1.06068	1.06322	1.11069	1.1003	1.10121	1.14485	1.14111	1.14538	1.06155	1.0569	1.05605	1.0717	1.06767	1.06689
ERR610209-k20-n1-x5e9	0.904663	0.961154	0.912464	0.901098	0.899558	0.903582	0.938712	0.899134	0.899276	0.898634	0.903014	0.906862	0.933692	0.929413	0.933637	0.902879	0.904367	0.90435	0.743438	0.861518	0.740116	0.732413	0	0.728091	0.958603	0.962474	0.964805	0.963097	0.971127	0.968322	0.853191	0.848575	0.861766	0.808262	0.808275	0.811953	0.921474	0.879981	0.878252	0.868133	0.868694	0.866451	0.918722	0.914669	0.920779	0.899037	0.898333	0.898743	1.04735	1.04471	1.04272	1.0663	1.06429	1.06252	1.06512	1.05954	1.06064	1.06347	1.06339	1.06297	1.0991	1.06741	1.06132	1.06229	1.06009	1.06845	1.13065	1.10589	1.09998	1.10024	1.1028	1.10578	1.06239	1.05575	1.05544	1.07361	1.0686	1.06858	1.07707	1.04136	1.04123	1.06183	1.05991	1.063	1.10945	1.09879	1.09917	1.14403	1.14089	1.1434	1.05938	1.05347	1.05465	1.07039	1.06508	1.06566
ERR610210-k20-n1-x5e9	0.904629	0.960638	0.911451	0.899876	0.900352	0.90369	0.939558	0.897446	0.899067	0.899585	0.902613	0.908027	0.932751	0.928293	0.933448	0.902213	0.904118	0.902914	0.740782	0.860008	0.741423	0.734346	0.728091	0	0.959346	0.961585	0.964829	0.961272	0.970004	0.970067	0.853779	0.847268	0.860976	0.807418	0.809872	0.81064	0.920745	0.880576	0.876076	0.866791	0.867341	0.867038	0.917957	0.914411	0.920072	0.897616	0.898742	0.898771	1.04813	1.04389	1.04224	1.06571	1.06454	1.0624	1.06494	1.0587	1.05975	1.06393	1.06318	1.06169	1.09887	1.067	1.06115	1.06231	1.0608	1.06723	1.12981	1.1058	1.10091	1.10041	1.10168	1.10517	1.06226	1.05465	1.05576	1.0722	1.06908	1.06793	1.0765	1.0412	1.04107	1.06117	1.05812	1.06121	1.10825	1.0986	1.09964	1.14341	1.14032	1.14428	1.05896	1.05426	1.05459	1.06937	1.06577	1.06392
ERR605671-k20-n1-x5e9	0.990331	1.03107	0.989374	0.989338	0.988681	0.988704	1.00669	0.97646	0.975273	0.972853	0.977891	0.983506	1.01514	1.01396	1.01477	0.997645	0.998058	0.997807	0.961055	1.03718	0.963108	0.956839	0.958603	0.959346	0	0.702224	0.700666	0.702137	0.705549	0.702129	0.951644	0.947076	0.958559	0.911663	0.912185	0.913578	1.01003	0.978862	0.976468	0.975267	0.975162	0.973409	0.988547	0.989875	0.990923	0.980021	0.979352	0.979534	1.10242	1.10038	1.09916	1.12107	1.12012	1.11713	1.10981	1.10604	1.10699	1.10923	1.10858	1.10812	1.1419	1.11931	1.11195	1.11375	1.11332	1.11886	1.16662	1.14505	1.13995	1.13923	1.14147	1.14438	1.11266	1.10777	1.10698	1.12401	1.12146	1.12036	1.10947	1.08335	1.08141	1.0967	1.09552	1.0983	1.08469	1.07771	1.07808	1.11055	1.10796	1.1115	1.10838	1.10257	1.10104	1.11774	1.11511	1.11405
ERR605672-k20-n1-x5e9	0.996068	1.0374	0.995288	0.99444	0.993327	0.993054	1.01085	0.985155	0.981361	0.983567	0.986345	0.991	1.01882	1.0173	1.01933	1.00125	1.00255	1.00129	0.966737	1.04257	0.970725	0.962554	0.962474	0.961585	0.702224	0	0.704417	0.706107	0.70639	0.704909	0.959747	0.957445	0.962332	0.920292	0.920195	0.923297	1.01343	0.983558	0.982454	0.979202	0.979388	0.976505	0.993957	0.995566	0.996429	0.986307	0.988151	0.988802	1.10697	1.10622	1.10427	1.12678	1.12627	1.12593	1.11605	1.11157	1.11161	1.11519	1.1145	1.11256	1.14548	1.12386	1.11911	1.11973	1.11992	1.12492	1.17095	1.14836	1.14301	1.14411	1.14496	1.14818	1.1182	1.11373	1.11314	1.13001	1.12771	1.12763	1.11317	1.08754	1.08526	1.10413	1.10169	1.10406	1.08457	1.07865	1.07806	1.11222	1.10923	1.11209	1.11331	1.10856	1.10683	1.12383	1.12202	1.12068
ERR605673-k20-n1-x5e9	0.999823	1.04008	0.999455	0.996966	0.996197	0.997847	1.01487	0.988774	0.984795	0.987346	0.989986	0.992976	1.02185	1.02118	1.02194	1.00605	1.00703	1.00563	0.971157	1.04412	0.975823	0.965734	0.964805	0.964829	0.700666	0.704417	0	0.707062	0.708028	0.710469	0.96176	0.961514	0.966542	0.924143	0.92556	0.926766	1.01646	0.987377	0.986097	0.981764	0.981872	0.981042	0.998658	0.999063	1.001	0.991625	0.99259	0.992193	1.10945	1.10728	1.10585	1.1274	1.12688	1.12607	1.11757	1.11313	1.11312	1.11698	1.11722	1.11539	1.14724	1.12622	1.12118	1.12222	1.12058	1.12704	1.17275	1.15045	1.1456	1.14476	1.14613	1.14939	1.11964	1.11543	1.11401	1.13043	1.1285	1.12885	1.11501	1.08961	1.08798	1.10695	1.10393	1.10704	1.08392	1.07829	1.07882	1.11339	1.10959	1.11382	1.11555	1.11087	1.10966	1.12506	1.12369	1.12224
ERR605674-k20-n1-x5e9	0.997619	1.04051	0.997998	0.994676	0.995775	0.995808	1.01323	0.986556	0.982519	0.986412	0.989076	0.992816	1.02176	1.01941	1.02213	1.00328	1.00503	1.00391	0.968284	1.04436	0.973981	0.963041	0.963097	0.961272	0.702137	0.706107	0.707062	0	0.708138	0.708119	0.959813	0.958238	0.964249	0.92131	0.923568	0.924426	1.01507	0.986143	0.983911	0.979581	0.980134	0.979153	0.997872	1.00017	0.999944	0.990939	0.993165	0.993121	1.10965	1.1086	1.10555	1.12642	1.12586	1.12404	1.11861	1.11454	1.11475	1.11875	1.11788	1.1157	1.14721	1.12568	1.12017	1.12096	1.12125	1.12779	1.17424	1.15088	1.14489	1.1457	1.14734	1.1503	1.12153	1.11536	1.11557	1.12968	1.12844	1.1277	1.1164	1.0885	1.08772	1.1054	1.10308	1.10592	1.08354	1.07769	1.07677	1.11076	1.10902	1.11135	1.11658	1.11009	1.10951	1.12415	1.1229	1.12145
ERR605675-k20-n1-x5e9	1.00428	1.044	1.00301	1.00295	1.00222	1.00032	1.01736	0.995321	0.99134	0.990273	0.994502	0.9961	1.02206	1.0206	1.0239	1.00652	1.00711	1.0081	0.977318	1.0465	0.983196	0.969821	0.971127	0.970004	0.705549	0.70639	0.708028	0.708138	0	0.697064	0.967043	0.967804	0.971725	0.929766	0.930266	0.932573	1.01969	0.992468	0.993236	0.988233	0.989132	0.986874	0.999856	1.00049	1.00328	0.993543	0.994316	0.994556	1.11226	1.11063	1.10861	1.13129	1.13085	1.12932	1.11845	1.11467	1.11413	1.11747	1.11716	1.11641	1.14706	1.12824	1.12292	1.12511	1.12348	1.12834	1.17149	1.15082	1.14625	1.14676	1.14768	1.14964	1.12217	1.11853	1.11573	1.13298	1.13251	1.13299	1.11477	1.09209	1.09133	1.10691	1.10557	1.10741	1.08482	1.07915	1.07986	1.11482	1.11068	1.115	1.11702	1.11316	1.11099	1.12685	1.12657	1.12592
ERR605676-k20-n1-x5e9	1.00191	1.0432	0.999904	1.00112	1.00028	0.998312	1.01695	0.995039	0.989905	0.989014	0.992201	0.99532	1.02234	1.02044	1.02343	1.00506	1.00645	1.00494	0.97692	1.04604	0.982196	0.970133	0.968322	0.970067	0.702129	0.704909	0.710469	0.708119	0.697064	0	0.964754	0.965017	0.970857	0.928798	0.929317	0.931553	1.01913	0.992893	0.992717	0.985384	0.98554	0.984817	0.999676	1.00021	1.00125	0.994424	0.994476	0.995056	1.11098	1.11034	1.10859	1.13128	1.1301	1.12939	1.11872	1.11442	1.11415	1.11742	1.117	1.11605	1.14753	1.12825	1.12213	1.12396	1.12392	1.12867	1.17168	1.15185	1.14629	1.1468	1.14796	1.15055	1.12169	1.11874	1.11627	1.13192	1.13164	1.13157	1.1143	1.09231	1.09083	1.10723	1.10518	1.10597	1.08331	1.0777	1.07853	1.11251	1.1101	1.11289	1.11759	1.11189	1.10934	1.12619	1.12537	1.12543
ERR607817-k20-n1-x5e9	0.878293	0.940265	0.882749	0.874036	0.873907	0.876218	0.903562	0.861613	0.865089	0.863142	0.865959	0.872077	0.92429	0.921195	0.925223	0.898469	0.900684	0.899271	0.861281	0.960222	0.869072	0.857023	0.853191	0.853779	0.951644	0.959747	0.96176	0.959813	0.967043	0.964754	0	0.713432	0.728423	0.663738	0.66735	0.669175	0.899953	0.865593	0.856673	0.848882	0.84861	0.847508	0.890916	0.888501	0.893227	0.870462	0.873026	0.873351	1.03737	1.03283	1.03162	1.0556	1.05424	1.05244	1.04943	1.04564	1.04508	1.04816	1.04754	1.04706	1.08536	1.05553	1.04929	1.05039	1.04873	1.05698	1.11427	1.09208	1.08385	1.08382	1.08589	1.09053	1.04634	1.0388	1.03886	1.05656	1.05298	1.05109	1.06341	1.02874	1.02572	1.04676	1.04532	1.04859	1.09507	1.08582	1.08556	1.1329	1.12947	1.13233	1.04024	1.03107	1.03251	1.04967	1.04559	1.04455
ERR607818-k20-n1-x5e9	0.871967	0.933282	0.877965	0.867951	0.867651	0.870345	0.896905	0.860255	0.855933	0.860972	0.861654	0.868687	0.920826	0.917463	0.921233	0.895684	0.897026	0.896913	0.854212	0.95786	0.871086	0.848821	0.848575	0.847268	0.947076	0.957445	0.961514	0.958238	0.967804	0.965017	0.713432	0	0.722415	0.654312	0.656614	0.655963	0.896144	0.856228	0.849537	0.842985	0.844099	0.842373	0.885239	0.882802	0.887288	0.865294	0.865443	0.865522	1.03305	1.02722	1.02584	1.05144	1.04973	1.04713	1.04495	1.03991	1.04045	1.04359	1.0443	1.04361	1.08334	1.05246	1.04454	1.0449	1.0423	1.05338	1.11315	1.08789	1.07895	1.07907	1.08052	1.08577	1.04053	1.03332	1.03269	1.05129	1.04848	1.04732	1.06095	1.02329	1.02173	1.04353	1.041	1.04443	1.09355	1.08112	1.0821	1.13016	1.12725	1.13031	1.03403	1.02606	1.02696	1.04357	1.04058	1.03845
ERR607819-k20-n1-x5e9	0.88506	0.942604	0.890704	0.880613	0.878967	0.882303	0.908332	0.867669	0.87089	0.868464	0.872191	0.8786	0.931631	0.929228	0.931848	0.902936	0.903893	0.90519	0.869483	0.96682	0.873405	0.862607	0.861766	0.860976	0.958559	0.962332	0.966542	0.964249	0.971725	0.970857	0.728423	0.722415	0	0.674741	0.678053	0.681062	0.905747	0.872035	0.862133	0.856495	0.856522	0.852932	0.896547	0.894906	0.898693	0.87858	0.880461	0.880947	1.04067	1.03782	1.03487	1.05817	1.05706	1.05594	1.05476	1.04927	1.04827	1.05264	1.05365	1.05081	1.09017	1.05788	1.05245	1.05314	1.05236	1.05997	1.11883	1.09328	1.08636	1.08704	1.09038	1.09384	1.04964	1.04208	1.04308	1.05983	1.05649	1.05467	1.06887	1.03393	1.03075	1.05082	1.04857	1.05317	1.09895	1.08882	1.08907	1.13425	1.13189	1.13491	1.04249	1.03633	1.03572	1.05249	1.04909	1.04678
ERR607820-k20-n1-x5e9	0.835698	0.901197	0.834395	0.827454	0.825847	0.830824	0.862809	0.811473	0.810758	0.813733	0.818014	0.82589	0.8886	0.885741	0.888656	0.855643	0.857806	0.857937	0.818366	0.933658	0.822991	0.811792	0.808262	0.807418	0.911663	0.920292	0.924143	0.92131	0.929766	0.928798	0.663738	0.654312	0.674741	0	0.583713	0.58405	0.867796	0.813312	0.812811	0.804302	0.80389	0.800879	0.850667	0.851723	0.85242	0.826523	0.829439	0.828951	1.00121	0.994796	0.991888	1.01586	1.01609	1.0126	1.01174	1.00799	1.00769	1.01142	1.01228	1.01264	1.05373	1.01685	1.00874	1.01131	1.01109	1.01713	1.08854	1.05865	1.04975	1.04989	1.05249	1.05748	1.00637	0.998463	0.999548	1.01825	1.01509	1.01369	1.02759	0.98905	0.986962	1.00811	1.0057	1.00916	1.06591	1.05189	1.05141	1.10789	1.10449	1.10806	0.996882	0.99002	0.991313	1.009	1.00487	1.00327
ERR607821-k20-n1-x5e9	0.838346	0.902748	0.836172	0.83088	0.830793	0.834733	0.865517	0.814843	0.812302	0.813721	0.81738	0.826822	0.88933	0.885382	0.890456	0.859504	0.861167	0.857723	0.815555	0.935864	0.822953	0.813919	0.808275	0.809872	0.912185	0.920195	0.92556	0.923568	0.930266	0.929317	0.66735	0.656614	0.678053	0.583713	0	0.585524	0.871146	0.812126	0.811834	0.80449	0.804205	0.801446	0.849948	0.852606	0.851882	0.829357	0.83123	0.830973	0.999296	0.995916	0.994787	1.01709	1.01634	1.01497	1.01233	1.00917	1.00938	1.01223	1.01232	1.01296	1.05437	1.01658	1.01037	1.0104	1.01114	1.02005	1.08918	1.05915	1.05143	1.05128	1.05366	1.05898	1.00607	1.00001	1.00075	1.01873	1.01424	1.01476	1.0274	0.991114	0.988267	1.00863	1.00759	1.01098	1.06582	1.0534	1.05341	1.10779	1.10437	1.10828	0.998284	0.990501	0.990692	1.00917	1.00409	1.00476
ERR607822-k20-n1-x5e9	0.841154	0.904804	0.83751	0.83296	0.832026	0.837445	0.867622	0.814538	0.810722	0.81667	0.82035	0.829623	0.892563	0.886989	0.891204	0.86205	0.864079	0.86034	0.817756	0.935369	0.827166	0.81728	0.811953	0.81064	0.913578	0.923297	0.926766	0.924426	0.932573	0.931553	0.669175	0.655963	0.681062	0.58405	0.585524	0	0.869689	0.816658	0.813267	0.808046	0.807688	0.806432	0.853179	0.852098	0.855536	0.832017	0.833704	0.834332	1.00048	0.999075	0.995947	1.01932	1.01824	1.01498	1.01322	1.01084	1.01086	1.0134	1.01294	1.01261	1.05539	1.01931	1.01204	1.01243	1.0124	1.02068	1.09032	1.06154	1.05296	1.05223	1.05444	1.06063	1.00883	1.00121	1.00172	1.02017	1.01603	1.01441	1.02902	0.991664	0.989653	1.00937	1.00843	1.01162	1.06685	1.05542	1.05477	1.10896	1.10622	1.10943	0.999676	0.992371	0.993036	1.01114	1.00642	1.00571
ERR608427-k20-n1-x5e9	0.926914	0.976605	0.923214	0.923245	0.921508	0.9221	0.961128	0.93083	0.931527	0.92932	0.934181	0.940409	0.980373	0.976583	0.979701	0.958392	0.959517	0.956979	0.929625	1.00252	0.93502	0.925028	0.921474	0.920745	1.01003	1.01343	1.01646	1.01507	1.01969	1.01913	0.899953	0.896144	0.905747	0.867796	0.871146	0.869689	0	0.798719	0.79708	0.792634	0.792859	0.792515	0.96078	0.962745	0.963976	0.950171	0.950736	0.951596	1.06897	1.06882	1.06587	1.08398	1.08238	1.0816	1.08072	1.08055	1.07892	1.08113	1.08097	1.0807	1.11219	1.08677	1.08281	1.08388	1.08309	1.08694	1.14547	1.12477	1.11877	1.11865	1.12041	1.12358	1.07412	1.071	1.07011	1.08171	1.07993	1.07863	1.08992	1.06809	1.06687	1.07831	1.07742	1.08042	1.12468	1.11626	1.1152	1.1601	1.15828	1.16072	1.07242	1.06982	1.06863	1.08013	1.07784	1.07723
ERR608428-k20-n1-x5e9	0.882801	0.938076	0.883276	0.882043	0.880915	0.880741	0.926167	0.883222	0.883518	0.886238	0.891101	0.900505	0.944871	0.941419	0.942683	0.920417	0.921511	0.920625	0.879726	0.980953	0.88741	0.879083	0.879981	0.880576	0.978862	0.983558	0.987377	0.986143	0.992468	0.992893	0.865593	0.856228	0.872035	0.813312	0.812126	0.816658	0.798719	0	0.737825	0.740899	0.74339	0.747097	0.925839	0.92633	0.927699	0.913219	0.912837	0.913659	1.03528	1.03149	1.03238	1.05177	1.05175	1.04914	1.05261	1.04828	1.04845	1.05203	1.05148	1.04983	1.0879	1.05618	1.04977	1.05066	1.05005	1.05827	1.12512	1.09464	1.08978	1.08742	1.09049	1.09354	1.04424	1.03903	1.03862	1.05413	1.05043	1.04942	1.06804	1.03528	1.0364	1.05163	1.05032	1.0533	1.10011	1.08932	1.08986	1.13639	1.13407	1.13704	1.04096	1.03552	1.03617	1.05109	1.04732	1.04639
ERR608429-k20-n1-x5e9	0.884679	0.934811	0.882019	0.877478	0.875674	0.881753	0.922309	0.881234	0.878607	0.882412	0.886402	0.893529	0.942668	0.93916	0.94119	0.91936	0.920142	0.918954	0.877018	0.980097	0.885593	0.882519	0.878252	0.876076	0.976468	0.982454	0.986097	0.983911	0.993236	0.992717	0.856673	0.849537	0.862133	0.812811	0.811834	0.813267	0.79708	0.737825	0	0.743236	0.743327	0.737703	0.926209	0.925096	0.927447	0.908144	0.908684	0.909692	1.03125	1.02966	1.02921	1.04709	1.04533	1.04439	1.04815	1.04774	1.04808	1.04842	1.04845	1.04642	1.08385	1.05319	1.0459	1.04656	1.04557	1.05359	1.12229	1.09207	1.08638	1.08561	1.08842	1.09217	1.03953	1.03348	1.0348	1.04881	1.04466	1.04486	1.06598	1.03188	1.02926	1.04724	1.04582	1.04899	1.09717	1.08728	1.08729	1.13304	1.12892	1.13272	1.03723	1.02975	1.03314	1.04597	1.04081	1.04054
ERR608430-k20-n1-x5e9	0.87216	0.930403	0.880243	0.867717	0.865636	0.870153	0.919226	0.879073	0.881064	0.879868	0.885134	0.888412	0.940026	0.935242	0.938628	0.91084	0.911359	0.911707	0.877621	0.9748	0.881293	0.870677	0.868133	0.866791	0.975267	0.979202	0.981764	0.979581	0.988233	0.985384	0.848882	0.842985	0.856495	0.804302	0.80449	0.808046	0.792634	0.740899	0.743236	0	0.727155	0.724898	0.924835	0.921219	0.926053	0.902146	0.901917	0.902653	1.02588	1.02406	1.02236	1.04379	1.04184	1.04009	1.04458	1.04012	1.04131	1.0427	1.0431	1.04289	1.08087	1.04863	1.04283	1.04423	1.04222	1.04984	1.11526	1.08907	1.08306	1.08318	1.08601	1.08846	1.03575	1.03086	1.03098	1.04588	1.04094	1.04094	1.0594	1.02507	1.02507	1.04281	1.04144	1.04469	1.09246	1.08178	1.08195	1.1286	1.12566	1.12766	1.03198	1.02779	1.02956	1.04176	1.03691	1.03739
ERR608431-k20-n1-x5e9	0.871911	0.930235	0.879639	0.867317	0.865148	0.869736	0.91911	0.87862	0.880948	0.879352	0.884559	0.888003	0.939699	0.934985	0.938337	0.910462	0.911022	0.911763	0.878296	0.974809	0.883456	0.871544	0.868694	0.867341	0.975162	0.979388	0.981872	0.980134	0.989132	0.98554	0.84861	0.844099	0.856522	0.80389	0.804205	0.807688	0.792859	0.74339	0.743327	0.727155	0	0.725208	0.924203	0.920438	0.925613	0.902402	0.901657	0.902525	1.02634	1.02404	1.02282	1.04394	1.04215	1.04029	1.04484	1.04016	1.04188	1.04342	1.04314	1.04281	1.08097	1.04861	1.04288	1.04444	1.0424	1.0498	1.11494	1.08912	1.08323	1.08286	1.08629	1.08864	1.03594	1.03071	1.03099	1.04587	1.04097	1.04191	1.05931	1.02513	1.02486	1.04241	1.04124	1.04446	1.09271	1.08189	1.08195	1.12852	1.12518	1.12769	1.03218	1.02802	1.02984	1.04233	1.03713	1.03772
ERR608432-k20-n1-x5e9	0.871504	0.929281	0.876196	0.865585	0.864966	0.866666	0.918157	0.877331	0.884611	0.881624	0.882302	0.890283	0.936934	0.933555	0.936853	0.908637	0.910366	0.910228	0.875082	0.973064	0.881555	0.869754	0.866451	0.867038	0.973409	0.976505	0.981042	0.979153	0.986874	0.984817	0.847508	0.842373	0.852932	0.800879	0.801446	0.806432	0.792515	0.747097	0.737703	0.724898	0.725208	0	0.921806	0.919815	0.923516	0.900884	0.903167	0.903884	1.02525	1.02056	1.02025	1.04033	1.04057	1.04003	1.04203	1.03829	1.03855	1.04155	1.04087	1.04025	1.07901	1.0454	1.04125	1.04201	1.04041	1.04762	1.11397	1.08794	1.08166	1.08226	1.08348	1.0884	1.03472	1.02813	1.02929	1.04315	1.03909	1.03944	1.05846	1.02448	1.02184	1.04053	1.03874	1.04304	1.09044	1.0804	1.08029	1.12675	1.1248	1.12667	1.03145	1.02545	1.02719	1.03941	1.03524	1.03522
ERR607555-k20-n1-x5e9	0.949366	0.992406	0.946306	0.945633	0.944266	0.946038	0.949236	0.915429	0.914832	0.913869	0.916486	0.922245	0.948135	0.946374	0.949735	0.926911	0.928856	0.925954	0.921521	1.008	0.926064	0.91965	0.918722	0.917957	0.988547	0.993957	0.998658	0.997872	0.999856	0.999676	0.890916	0.885239	0.896547	0.850667	0.849948	0.853179	0.96078	0.925839	0.926209	0.924835	0.924203	0.921806	0	0.745198	0.746093	0.728904	0.729763	0.730798	1.06055	1.05912	1.05792	1.07833	1.07682	1.07451	1.08089	1.07875	1.07792	1.07906	1.0786	1.07862	1.11247	1.08595	1.081	1.08186	1.08145	1.08799	1.14103	1.1173	1.11173	1.11283	1.11408	1.11582	1.07892	1.07378	1.07261	1.08959	1.08743	1.08627	1.09015	1.06338	1.06067	1.07819	1.07523	1.07904	1.12094	1.1136	1.1144	1.15637	1.15351	1.1573	1.07467	1.0688	1.06753	1.08463	1.08131	1.07997
ERR607556-k20-n1-x5e9	0.947183	0.992167	0.94432	0.942501	0.942942	0.943626	0.948703	0.915173	0.912965	0.913565	0.915141	0.921655	0.948815	0.945563	0.950494	0.926021	0.927836	0.924582	0.922262	1.00654	0.924432	0.918252	0.914669	0.914411	0.989875	0.995566	0.999063	1.00017	1.00049	1.00021	0.888501	0.882802	0.894906	0.851723	0.852606	0.852098	0.962745	0.92633	0.925096	0.921219	0.920438	0.919815	0.745198	0	0.746007	0.727285	0.729498	0.730395	1.05919	1.05634	1.05513	1.07622	1.0747	1.07335	1.07877	1.07612	1.07612	1.07803	1.07781	1.07767	1.11191	1.08524	1.07902	1.07962	1.08003	1.08587	1.14016	1.11585	1.11042	1.11078	1.1123	1.11519	1.0776	1.07209	1.07106	1.08816	1.08534	1.08469	1.0885	1.06053	1.05882	1.07577	1.07475	1.0776	1.12104	1.11286	1.11204	1.15457	1.15166	1.1548	1.07226	1.06564	1.06543	1.08271	1.07925	1.07898
ERR607557-k20-n1-x5e9	0.949313	0.993396	0.948098	0.946469	0.945175	0.947707	0.952054	0.91571	0.916059	0.916169	0.918958	0.924276	0.951701	0.949793	0.952897	0.930466	0.931393	0.929104	0.923297	1.0106	0.927449	0.921847	0.920779	0.920072	0.990923	0.996429	1.001	0.999944	1.00328	1.00125	0.893227	0.887288	0.898693	0.85242	0.851882	0.855536	0.963976	0.927699	0.927447	0.926053	0.925613	0.923516	0.746093	0.746007	0	0.727931	0.729778	0.729767	1.06043	1.05885	1.05802	1.07716	1.07612	1.07386	1.08221	1.07986	1.07923	1.08032	1.07989	1.07979	1.11325	1.08653	1.0818	1.08261	1.08164	1.08842	1.14206	1.118	1.11287	1.11383	1.11439	1.11672	1.07983	1.07444	1.07347	1.08958	1.08765	1.08657	1.09213	1.06416	1.06158	1.07797	1.07613	1.07968	1.12233	1.11471	1.11543	1.15711	1.15331	1.158	1.07481	1.0689	1.06818	1.08449	1.08168	1.08027
ERR607558-k20-n1-x5e9	0.927342	0.980347	0.928591	0.923716	0.925493	0.925892	0.935239	0.906057	0.900881	0.906913	0.906284	0.911487	0.937325	0.9352	0.937858	0.91346	0.915199	0.914374	0.907001	0.999279	0.91796	0.897816	0.899037	0.897616	0.980021	0.986307	0.991625	0.990939	0.993543	0.994424	0.870462	0.865294	0.87858	0.826523	0.829357	0.832017	0.950171	0.913219	0.908144	0.902146	0.902402	0.900884	0.728904	0.727285	0.727931	0	0.698049	0.69649	1.04312	1.04041	1.03797	1.06048	1.05982	1.05944	1.06592	1.06116	1.06196	1.06608	1.06529	1.06327	1.10059	1.07161	1.06541	1.06607	1.06645	1.07448	1.12983	1.10569	1.09893	1.0998	1.10114	1.10574	1.06575	1.05738	1.05903	1.07567	1.07287	1.07199	1.07756	1.04603	1.0438	1.06453	1.06201	1.06596	1.11015	1.10086	1.09966	1.14611	1.14371	1.14576	1.05913	1.05179	1.0525	1.06912	1.06596	1.0647
