	ERR610199-k20-n1-x5e9	ERR610200-k20-n1-x5e9	ERR610201-k20-n1-x5e9	ERR610202-k20-n1-x5e9	ERR610203-k20-n1-x5e9	ERR610204-k20-n1-x5e9	ERR608007-k20-n1-x5e9	ERR608008-k20-n1-x5e9	ERR608009-k20-n1-x5e9	ERR608010-k20-n1-x5e9	ERR608011-k20-n1-x5e9	ERR608012-k20-n1-x5e9	ERR609119-k20-n1-x5e9	ERR609120-k20-n1-x5e9	ERR609121-k20-n1-x5e9	ERR609122-k20-n1-x5e9	ERR609123-k20-n1-x5e9	ERR609124-k20-n1-x5e9	ERR610223-k20-n1-x5e9	ERR610224-k20-n1-x5e9	ERR610225-k20-n1-x5e9	ERR610226-k20-n1-x5e9	ERR610227-k20-n1-x5e9	ERR610228-k20-n1-x5e9	ERR607158-k20-n1-x5e9	ERR607159-k20-n1-x5e9	ERR607160-k20-n1-x5e9	ERR607161-k20-n1-x5e9	ERR607162-k20-n1-x5e9	ERR607163-k20-n1-x5e9	ERR606660-k20-n1-x5e9	ERR606661-k20-n1-x5e9	ERR606662-k20-n1-x5e9	ERR606663-k20-n1-x5e9	ERR606664-k20-n1-x5e9	ERR606665-k20-n1-x5e9	ERR608013-k20-n1-x5e9	ERR608014-k20-n1-x5e9	ERR608015-k20-n1-x5e9	ERR608016-k20-n1-x5e9	ERR608017-k20-n1-x5e9	ERR608018-k20-n1-x5e9	ERR607343-k20-n1-x5e9	ERR607344-k20-n1-x5e9	ERR607345-k20-n1-x5e9	ERR607346-k20-n1-x5e9	ERR607347-k20-n1-x5e9	ERR607348-k20-n1-x5e9	ERR608943-k20-n1-x5e9	ERR608944-k20-n1-x5e9	ERR608945-k20-n1-x5e9	ERR608946-k20-n1-x5e9	ERR608947-k20-n1-x5e9	ERR608948-k20-n1-x5e9	ERR608389-k20-n1-x5e9	ERR608390-k20-n1-x5e9	ERR608391-k20-n1-x5e9	ERR608392-k20-n1-x5e9	ERR608393-k20-n1-x5e9	ERR608394-k20-n1-x5e9	ERR608275-k20-n1-x5e9	ERR608276-k20-n1-x5e9	ERR608277-k20-n1-x5e9	ERR608278-k20-n1-x5e9	ERR608279-k20-n1-x5e9	ERR608280-k20-n1-x5e9	ERR608057-k20-n1-x5e9	ERR608058-k20-n1-x5e9	ERR608059-k20-n1-x5e9	ERR608060-k20-n1-x5e9	ERR608061-k20-n1-x5e9	ERR608062-k20-n1-x5e9	ERR605653-k20-n1-x5e9	ERR605654-k20-n1-x5e9	ERR605655-k20-n1-x5e9	ERR605656-k20-n1-x5e9	ERR605657-k20-n1-x5e9	ERR605658-k20-n1-x5e9	ERR605994-k20-n1-x5e9	ERR605995-k20-n1-x5e9	ERR605996-k20-n1-x5e9	ERR605997-k20-n1-x5e9	ERR605998-k20-n1-x5e9	ERR605999-k20-n1-x5e9	ERR608371-k20-n1-x5e9	ERR608372-k20-n1-x5e9	ERR608373-k20-n1-x5e9	ERR608374-k20-n1-x5e9	ERR608375-k20-n1-x5e9	ERR608376-k20-n1-x5e9	ERR605928-k20-n1-x5e9	ERR605929-k20-n1-x5e9	ERR605930-k20-n1-x5e9	ERR605931-k20-n1-x5e9	ERR605932-k20-n1-x5e9	ERR605933-k20-n1-x5e9
ERR610199-k20-n1-x5e9	0	0.398197	0.25622	0.254266	0.252891	0.253913	0.445348	0.36597	0.370413	0.380202	0.377476	0.380394	0.341467	0.382766	0.334444	0.346184	0.344035	0.338244	0.316284	0.416312	0.309204	0.313412	0.315151	0.316856	0.332942	0.371044	0.341539	0.323412	0.320721	0.399449	0.496602	0.352186	0.349661	0.354841	0.365389	0.364005	0.474378	0.431411	0.417404	0.384134	0.382787	0.383186	0.324434	0.32456	0.326847	0.401352	0.398572	0.396633	0.439196	0.44166	0.443522	0.429716	0.429561	0.428904	0.459343	0.435686	0.432441	0.434043	0.432904	0.437324	0.36822	0.336681	0.334394	0.333648	0.333692	0.337519	0.930406	0.928639	0.929253	0.930162	0.929214	0.929645	0.464009	0.466876	0.467621	0.474245	0.474998	0.474644	0.579965	0.510827	0.508897	0.563104	0.562751	0.565491	0.42544	0.426278	0.430326	0.422247	0.419506	0.419825	0.582073	0.522004	0.521886	0.56607	0.566471	0.568861
ERR610200-k20-n1-x5e9	0.398197	0	0.353121	0.433717	0.430587	0.434346	0.411498	0.505953	0.474409	0.542347	0.537891	0.542625	0.48822	0.373995	0.463528	0.498162	0.494556	0.473883	0.474035	0.327047	0.427553	0.463595	0.46847	0.472685	0.404959	0.543123	0.366916	0.475425	0.469052	0.334529	0.409227	0.475357	0.46171	0.45012	0.492359	0.488116	0.41681	0.435951	0.446257	0.45169	0.450863	0.449419	0.440042	0.453166	0.436589	0.580537	0.578078	0.575913	0.546261	0.557901	0.557648	0.507654	0.508687	0.509862	0.472734	0.505041	0.521529	0.523651	0.525939	0.505632	0.379254	0.426873	0.451756	0.453069	0.457348	0.427792	0.928229	0.947515	0.953397	0.951294	0.950303	0.951222	0.53136	0.516736	0.512706	0.513382	0.506922	0.505999	0.491613	0.50557	0.506689	0.508158	0.503038	0.505442	0.525378	0.53989	0.538002	0.508516	0.512524	0.513988	0.523453	0.542742	0.545037	0.540441	0.53862	0.54007
ERR610201-k20-n1-x5e9	0.25622	0.353121	0	0.283911	0.281238	0.283895	0.418262	0.388874	0.379589	0.413285	0.409746	0.413583	0.364263	0.357241	0.349794	0.371477	0.368575	0.356414	0.341244	0.378458	0.316177	0.335308	0.338626	0.341759	0.328252	0.407351	0.320577	0.347217	0.342642	0.36297	0.46683	0.367923	0.360882	0.36084	0.383926	0.381557	0.444818	0.412486	0.404347	0.381848	0.380626	0.380283	0.333764	0.339173	0.334123	0.442904	0.439931	0.43787	0.454783	0.460597	0.461915	0.433472	0.433802	0.433641	0.448159	0.438128	0.440926	0.442799	0.442706	0.439679	0.347953	0.336376	0.344052	0.343746	0.345879	0.3374	0.925478	0.928637	0.930649	0.930748	0.929781	0.930314	0.468509	0.46644	0.466065	0.471114	0.47096	0.470347	0.552336	0.496249	0.494901	0.539842	0.538792	0.541462	0.437623	0.443364	0.445798	0.42933	0.428701	0.429168	0.560005	0.51578	0.516296	0.549472	0.549507	0.551855
ERR610202-k20-n1-x5e9	0.254266	0.433717	0.283911	0	0.237594	0.237034	0.48382	0.371841	0.390845	0.371475	0.369467	0.370417	0.338321	0.416872	0.334274	0.342419	0.340742	0.337686	0.316928	0.448807	0.324396	0.308568	0.308928	0.308955	0.333671	0.342372	0.37116	0.313036	0.312747	0.436459	0.509173	0.339315	0.340564	0.348318	0.344933	0.344642	0.510291	0.467106	0.451322	0.406464	0.404701	0.406011	0.333863	0.330251	0.340563	0.368533	0.366088	0.364436	0.422999	0.424575	0.425158	0.431759	0.431379	0.430223	0.469372	0.440131	0.432699	0.435064	0.432343	0.441634	0.386094	0.346142	0.336055	0.337054	0.334553	0.346125	0.931977	0.928079	0.928045	0.929326	0.928355	0.928742	0.468305	0.474846	0.476413	0.48579	0.481077	0.482043	0.605825	0.537863	0.535743	0.593043	0.592971	0.595621	0.41232	0.411102	0.413559	0.415989	0.413536	0.413441	0.603769	0.541797	0.541237	0.591062	0.59144	0.594176
ERR610203-k20-n1-x5e9	0.252891	0.430587	0.281238	0.237594	0	0.237575	0.481342	0.37182	0.389752	0.372523	0.37035	0.371424	0.337639	0.413834	0.333004	0.342012	0.340105	0.336892	0.316078	0.445825	0.322696	0.307978	0.308496	0.308807	0.332	0.34416	0.368361	0.31309	0.312546	0.433149	0.507075	0.33936	0.340334	0.347702	0.345559	0.345186	0.507716	0.464598	0.448956	0.404716	0.403118	0.404222	0.332812	0.329517	0.339203	0.370788	0.368318	0.366695	0.423734	0.425505	0.426044	0.431219	0.430896	0.429797	0.468188	0.439401	0.432348	0.434843	0.432203	0.441063	0.384044	0.344586	0.335139	0.336047	0.333947	0.344638	0.931483	0.927876	0.927886	0.929121	0.928167	0.928596	0.467515	0.473776	0.475403	0.484522	0.480097	0.481032	0.603748	0.53583	0.533666	0.590655	0.590843	0.593343	0.412315	0.411442	0.414016	0.415625	0.413209	0.413103	0.602032	0.540326	0.539799	0.589113	0.589514	0.592304
ERR610204-k20-n1-x5e9	0.253913	0.434346	0.283895	0.237034	0.237575	0	0.483634	0.370757	0.389793	0.370348	0.368303	0.369001	0.337256	0.416584	0.333322	0.340957	0.339432	0.336578	0.315847	0.449012	0.323882	0.30809	0.308579	0.308152	0.333893	0.341365	0.370703	0.312419	0.312001	0.436258	0.509798	0.339008	0.340664	0.348493	0.344759	0.344476	0.510148	0.466443	0.450609	0.405754	0.404023	0.405116	0.333115	0.329628	0.339696	0.367457	0.364958	0.363228	0.422752	0.424044	0.424783	0.431455	0.431165	0.430064	0.469071	0.439243	0.431733	0.434135	0.431488	0.440928	0.386289	0.345933	0.335604	0.336515	0.334155	0.345924	0.93212	0.928082	0.927977	0.929286	0.928323	0.928715	0.467346	0.474099	0.475473	0.484878	0.480499	0.481426	0.605727	0.536953	0.534932	0.592415	0.592386	0.595013	0.411965	0.410616	0.413192	0.415828	0.413167	0.41293	0.603442	0.54071	0.540302	0.590195	0.590669	0.593335
ERR608007-k20-n1-x5e9	0.445348	0.411498	0.418262	0.48382	0.481342	0.483634	0	0.407048	0.354915	0.46139	0.456821	0.463811	0.496153	0.396779	0.482936	0.500748	0.498361	0.48684	0.474763	0.397405	0.43707	0.47894	0.482568	0.4864	0.48495	0.555596	0.416841	0.503369	0.498838	0.40037	0.528853	0.516237	0.506195	0.503103	0.535319	0.532197	0.338685	0.332108	0.341269	0.37468	0.374665	0.372492	0.413836	0.424877	0.404252	0.56446	0.561818	0.559987	0.600027	0.601637	0.603292	0.569032	0.569563	0.569779	0.512757	0.523835	0.538129	0.536241	0.540429	0.524608	0.428078	0.450688	0.470844	0.467826	0.474538	0.451751	0.968426	0.972362	0.974925	0.974699	0.973815	0.974316	0.521948	0.509903	0.507477	0.50106	0.516841	0.513022	0.507103	0.472165	0.472489	0.48254	0.481652	0.482713	0.582293	0.582989	0.58729	0.57393	0.571963	0.572135	0.511368	0.493254	0.494451	0.49378	0.494613	0.49431
ERR608008-k20-n1-x5e9	0.36597	0.505953	0.388874	0.371841	0.37182	0.370757	0.407048	0	0.269049	0.264462	0.262796	0.265705	0.383067	0.44269	0.38909	0.380428	0.380198	0.384947	0.358945	0.487143	0.369725	0.37074	0.370125	0.370447	0.436856	0.399018	0.426392	0.385226	0.386298	0.47648	0.582026	0.418179	0.419716	0.430275	0.426818	0.42668	0.47052	0.409987	0.388709	0.350162	0.349025	0.350507	0.332951	0.326744	0.332334	0.380676	0.378496	0.376998	0.511374	0.504262	0.506086	0.513153	0.512884	0.511469	0.503666	0.470497	0.465069	0.464049	0.463865	0.471121	0.437622	0.397153	0.389524	0.385763	0.387483	0.397415	0.966164	0.955752	0.953816	0.956057	0.955034	0.955129	0.463056	0.469298	0.47243	0.475144	0.485381	0.483912	0.603885	0.514639	0.511666	0.573069	0.572804	0.575253	0.503464	0.490632	0.498706	0.510146	0.504159	0.502966	0.583257	0.498349	0.496869	0.552983	0.553678	0.555439
ERR608009-k20-n1-x5e9	0.370413	0.474409	0.379589	0.390845	0.389752	0.389793	0.354915	0.269049	0	0.307984	0.30488	0.310325	0.40196	0.414474	0.402237	0.401412	0.400616	0.400413	0.37523	0.45535	0.36916	0.38708	0.388019	0.389582	0.441291	0.438617	0.408089	0.408037	0.407088	0.444855	0.565119	0.437293	0.434743	0.441489	0.451141	0.449752	0.424752	0.367409	0.349828	0.32939	0.328651	0.329065	0.333522	0.333376	0.328915	0.429787	0.427283	0.425555	0.531502	0.526367	0.528794	0.520919	0.520901	0.519961	0.497368	0.474664	0.475824	0.473978	0.475646	0.475579	0.423414	0.396769	0.398075	0.393777	0.397376	0.397509	0.965606	0.958203	0.957286	0.958911	0.958009	0.958205	0.46778	0.46812	0.469824	0.468991	0.484107	0.481355	0.573067	0.488137	0.485687	0.539954	0.539605	0.542064	0.519284	0.509907	0.517845	0.520982	0.515472	0.514542	0.556663	0.480797	0.479921	0.525293	0.526262	0.52751
ERR608010-k20-n1-x5e9	0.380202	0.542347	0.413285	0.371475	0.372523	0.370348	0.46139	0.264462	0.307984	0	0.245089	0.244069	0.383057	0.479729	0.39443	0.378115	0.378704	0.387925	0.362483	0.524243	0.387883	0.373193	0.371106	0.369846	0.447197	0.373627	0.456346	0.380787	0.383865	0.514395	0.604519	0.415626	0.421179	0.434616	0.418289	0.419289	0.518508	0.458469	0.435949	0.386921	0.385828	0.387728	0.353043	0.342927	0.356315	0.343014	0.341377	0.340484	0.502987	0.493731	0.494854	0.517157	0.516771	0.514728	0.521171	0.47998	0.469006	0.46852	0.466765	0.48043	0.463439	0.414153	0.399489	0.396277	0.395608	0.413396	0.970061	0.957114	0.954313	0.957045	0.955918	0.955948	0.473058	0.484362	0.488686	0.49444	0.500004	0.499495	0.637854	0.548144	0.544739	0.609538	0.609281	0.611834	0.499112	0.483457	0.490907	0.510458	0.504313	0.502811	0.615149	0.526212	0.524056	0.586184	0.586965	0.588929
ERR608011-k20-n1-x5e9	0.377476	0.537891	0.409746	0.369467	0.37035	0.368303	0.456821	0.262796	0.30488	0.245089	0	0.244793	0.381084	0.475449	0.391698	0.376527	0.377039	0.385738	0.361115	0.519997	0.385149	0.371459	0.369396	0.368127	0.443689	0.373951	0.452421	0.378966	0.381956	0.510137	0.60069	0.413631	0.418761	0.43185	0.416246	0.417264	0.513943	0.454247	0.431847	0.383	0.381735	0.383596	0.34969	0.339996	0.352799	0.34477	0.343173	0.342183	0.501792	0.492926	0.494017	0.515086	0.514756	0.512802	0.517742	0.477431	0.466689	0.46637	0.464729	0.477736	0.459142	0.410555	0.396169	0.393174	0.39266	0.40978	0.968912	0.956311	0.953682	0.956324	0.955174	0.955219	0.470645	0.481474	0.485729	0.491224	0.496977	0.49637	0.634153	0.544906	0.541663	0.606179	0.605909	0.608478	0.497635	0.482398	0.489689	0.508731	0.502906	0.501345	0.611347	0.5231	0.521092	0.58282	0.583346	0.585384
ERR608012-k20-n1-x5e9	0.380394	0.542625	0.413583	0.370417	0.371424	0.369001	0.463811	0.265705	0.310325	0.244069	0.244793	0	0.382353	0.480563	0.393497	0.377554	0.37825	0.387539	0.362566	0.525042	0.388251	0.372432	0.370444	0.369048	0.445883	0.37144	0.45675	0.37952	0.382759	0.515262	0.603711	0.413865	0.419595	0.433003	0.415901	0.417025	0.519979	0.46021	0.437774	0.38795	0.386762	0.388875	0.352975	0.342731	0.35662	0.340215	0.338807	0.337772	0.501034	0.491852	0.492845	0.5163	0.515925	0.513903	0.520575	0.479326	0.467962	0.467598	0.465786	0.479573	0.463132	0.413612	0.398635	0.395436	0.394714	0.412904	0.969535	0.956623	0.953855	0.956575	0.955433	0.955504	0.472667	0.484241	0.488532	0.494426	0.499419	0.498948	0.638614	0.549303	0.545994	0.610792	0.610655	0.613197	0.497292	0.481631	0.489021	0.509063	0.503162	0.501552	0.615657	0.527251	0.525103	0.587451	0.588003	0.590068
ERR609119-k20-n1-x5e9	0.341467	0.48822	0.364263	0.338321	0.337639	0.337256	0.496153	0.383067	0.40196	0.383057	0.381084	0.382353	0	0.363118	0.252186	0.246654	0.246326	0.2495	0.336013	0.468953	0.345411	0.337007	0.337369	0.3368	0.349069	0.322424	0.362802	0.296491	0.296589	0.431362	0.526427	0.331005	0.333364	0.344753	0.340015	0.339602	0.507765	0.459643	0.441906	0.398664	0.397491	0.398911	0.35118	0.347356	0.354742	0.383277	0.381325	0.379937	0.461367	0.458049	0.458643	0.468456	0.468165	0.466652	0.485313	0.452385	0.443967	0.446002	0.444338	0.453873	0.413778	0.372424	0.361841	0.361591	0.360655	0.372244	0.948933	0.941932	0.940597	0.942801	0.94127	0.941701	0.44965	0.457143	0.460531	0.46794	0.470113	0.469427	0.602767	0.521177	0.518826	0.579909	0.578679	0.581095	0.461781	0.454294	0.458504	0.467407	0.464587	0.46371	0.592495	0.515076	0.513903	0.56936	0.568899	0.571488
ERR609120-k20-n1-x5e9	0.382766	0.373995	0.357241	0.416872	0.413834	0.416584	0.396779	0.44269	0.414474	0.479729	0.475449	0.480563	0.363118	0	0.343096	0.372576	0.369255	0.350773	0.412329	0.357116	0.372611	0.409743	0.414186	0.417486	0.367085	0.46446	0.303872	0.397043	0.39075	0.30918	0.44498	0.40726	0.394787	0.389731	0.428887	0.424774	0.396713	0.380802	0.381393	0.383753	0.382846	0.381973	0.383456	0.393633	0.378099	0.520534	0.518001	0.516177	0.527296	0.531787	0.53232	0.498129	0.498536	0.499071	0.466987	0.474561	0.484937	0.485908	0.488746	0.475555	0.376016	0.391227	0.408416	0.407932	0.412811	0.392256	0.943557	0.949544	0.952116	0.952098	0.950676	0.95142	0.472851	0.462516	0.461235	0.460106	0.467084	0.464019	0.504558	0.460463	0.460472	0.488011	0.483847	0.486373	0.51679	0.520615	0.522699	0.507445	0.50805	0.508453	0.513542	0.482815	0.484014	0.499552	0.498473	0.500275
ERR609121-k20-n1-x5e9	0.334444	0.463528	0.349794	0.334274	0.333004	0.333322	0.482936	0.38909	0.402237	0.39443	0.391698	0.393497	0.252186	0.343096	0	0.2572	0.255612	0.249499	0.338195	0.445416	0.338046	0.33446	0.335662	0.336062	0.327532	0.335055	0.343045	0.296834	0.295441	0.408545	0.500122	0.322158	0.321662	0.329248	0.332258	0.331033	0.491966	0.449362	0.434622	0.39306	0.391682	0.392946	0.346035	0.345002	0.349984	0.398128	0.396043	0.394365	0.45754	0.457257	0.457083	0.461776	0.461459	0.460346	0.471214	0.445392	0.440034	0.442713	0.441419	0.446767	0.39403	0.361163	0.354902	0.355398	0.355061	0.360909	0.942898	0.938595	0.938157	0.939852	0.938308	0.938821	0.445147	0.449651	0.452339	0.45992	0.458459	0.458223	0.586229	0.512646	0.510691	0.567787	0.565834	0.568513	0.455239	0.451256	0.453644	0.459264	0.45788	0.457233	0.577715	0.509787	0.508883	0.559367	0.558501	0.561295
ERR609122-k20-n1-x5e9	0.346184	0.498162	0.371477	0.342419	0.342012	0.340957	0.500748	0.380428	0.401412	0.378115	0.376527	0.377554	0.246654	0.372576	0.2572	0	0.243811	0.250427	0.337492	0.478307	0.349896	0.340513	0.340022	0.339427	0.359033	0.318954	0.371947	0.297979	0.298866	0.440836	0.537525	0.336817	0.340028	0.352903	0.345197	0.345235	0.513493	0.46356	0.445224	0.401353	0.400295	0.401612	0.354043	0.349098	0.357623	0.378555	0.376539	0.375166	0.464149	0.459625	0.460451	0.472259	0.471853	0.470275	0.490918	0.455335	0.445827	0.447447	0.445657	0.456674	0.422345	0.378443	0.366409	0.365596	0.364391	0.377982	0.951825	0.943644	0.94193	0.944293	0.94283	0.94316	0.451423	0.459994	0.463508	0.470624	0.474137	0.473518	0.608715	0.524488	0.521872	0.584412	0.583237	0.585672	0.465759	0.456831	0.461777	0.472443	0.468805	0.467939	0.597478	0.516534	0.515124	0.572477	0.572069	0.574605
ERR609123-k20-n1-x5e9	0.344035	0.494556	0.368575	0.340742	0.340105	0.339432	0.498361	0.380198	0.400616	0.378704	0.377039	0.37825	0.246326	0.369255	0.255612	0.243811	0	0.249492	0.336194	0.474713	0.347962	0.338745	0.338546	0.337721	0.355718	0.319556	0.368203	0.296885	0.297543	0.437251	0.534267	0.334933	0.337881	0.350141	0.343553	0.343601	0.510896	0.461462	0.44311	0.399573	0.398505	0.399787	0.35233	0.347778	0.355772	0.379591	0.377619	0.376278	0.463541	0.459345	0.460187	0.471343	0.470996	0.469315	0.489407	0.454556	0.445369	0.44712	0.445456	0.455939	0.419599	0.376776	0.365195	0.364273	0.363344	0.376334	0.951129	0.943254	0.941692	0.943935	0.942492	0.942794	0.450583	0.45878	0.462126	0.469525	0.472814	0.471834	0.606638	0.523185	0.520836	0.582671	0.581551	0.583741	0.464812	0.45619	0.461009	0.471122	0.467607	0.466892	0.595617	0.515839	0.514194	0.571031	0.570569	0.573098
ERR609124-k20-n1-x5e9	0.338244	0.473883	0.356414	0.337686	0.336892	0.336578	0.48684	0.384947	0.400413	0.387925	0.385738	0.387539	0.2495	0.350773	0.249499	0.250427	0.249492	0	0.338387	0.454917	0.341732	0.336998	0.337732	0.337493	0.337667	0.330096	0.350431	0.295372	0.29433	0.416424	0.512585	0.326589	0.326904	0.336023	0.336165	0.335305	0.496068	0.450797	0.435202	0.392623	0.391367	0.392783	0.347221	0.345073	0.350365	0.392632	0.390643	0.388993	0.462127	0.460403	0.460378	0.466506	0.466337	0.464913	0.477756	0.449314	0.442847	0.44506	0.443634	0.450173	0.402971	0.366902	0.358819	0.35877	0.358182	0.365933	0.946399	0.940889	0.940056	0.941932	0.94028	0.940738	0.446824	0.452169	0.455338	0.462683	0.46271	0.462188	0.59305	0.51547	0.513497	0.571905	0.569898	0.572355	0.461207	0.455542	0.458685	0.465394	0.463568	0.463044	0.583064	0.510644	0.509536	0.562004	0.56084	0.563519
ERR610223-k20-n1-x5e9	0.316284	0.474035	0.341244	0.316928	0.316078	0.315847	0.474763	0.358945	0.37523	0.362483	0.361115	0.362566	0.336013	0.412329	0.338195	0.337492	0.336194	0.338387	0	0.419255	0.258651	0.24687	0.246234	0.246151	0.367056	0.356323	0.378842	0.328529	0.328085	0.441532	0.53324	0.36258	0.364064	0.373916	0.372723	0.372299	0.497395	0.446402	0.428386	0.388591	0.387408	0.388585	0.322688	0.317272	0.325965	0.364087	0.361256	0.359654	0.435836	0.432647	0.434839	0.437402	0.437211	0.435988	0.469374	0.433986	0.425936	0.427041	0.425259	0.436073	0.401714	0.358516	0.348998	0.347027	0.346214	0.358741	0.939307	0.932179	0.931163	0.932999	0.932075	0.932359	0.450767	0.458054	0.460568	0.466488	0.471706	0.471067	0.593615	0.5091	0.50657	0.569738	0.570656	0.573025	0.426746	0.4198	0.42672	0.430321	0.425425	0.424734	0.588293	0.509971	0.509015	0.564354	0.565506	0.567934
ERR610224-k20-n1-x5e9	0.416312	0.327047	0.378458	0.448807	0.445825	0.449012	0.397405	0.487143	0.45535	0.524243	0.519997	0.525042	0.468953	0.357116	0.445416	0.478307	0.474713	0.454917	0.419255	0	0.368982	0.409804	0.414709	0.419295	0.404243	0.52815	0.361432	0.463025	0.45693	0.336474	0.41982	0.464446	0.451419	0.441547	0.482244	0.478002	0.391445	0.40572	0.415855	0.423263	0.422448	0.421183	0.411318	0.424579	0.40728	0.5559	0.553183	0.551286	0.532945	0.542743	0.542617	0.497177	0.498128	0.499145	0.457581	0.485076	0.50158	0.502763	0.505583	0.485829	0.375072	0.416067	0.439321	0.43978	0.44456	0.416241	0.929525	0.944516	0.949615	0.947966	0.946994	0.947829	0.505186	0.49073	0.487226	0.486084	0.485266	0.483406	0.473861	0.472151	0.47331	0.480766	0.476532	0.479164	0.514153	0.525555	0.524852	0.500008	0.502923	0.504096	0.502851	0.509049	0.5113	0.510487	0.509912	0.511199
ERR610225-k20-n1-x5e9	0.309204	0.427553	0.316177	0.324396	0.322696	0.323882	0.43707	0.369725	0.36916	0.387883	0.385149	0.388251	0.345411	0.372611	0.338046	0.349896	0.347962	0.341732	0.258651	0.368982	0	0.257948	0.260206	0.262547	0.348729	0.385829	0.343964	0.338549	0.335684	0.396192	0.497302	0.364734	0.361167	0.365819	0.379403	0.37758	0.456913	0.413183	0.399556	0.369945	0.368822	0.369001	0.31464	0.315302	0.315386	0.403252	0.400256	0.398326	0.444487	0.445399	0.447073	0.433052	0.433065	0.432272	0.449391	0.426808	0.425882	0.426634	0.426268	0.42886	0.370982	0.344302	0.344178	0.342762	0.344216	0.344459	0.932345	0.929763	0.930179	0.93121	0.930232	0.930683	0.44557	0.447166	0.448226	0.452815	0.457529	0.456513	0.558586	0.482868	0.481028	0.537103	0.53703	0.539844	0.431549	0.430242	0.435468	0.429529	0.426517	0.426363	0.557997	0.492468	0.492394	0.537483	0.538433	0.540942
ERR610226-k20-n1-x5e9	0.313412	0.463595	0.335308	0.308568	0.307978	0.30809	0.47894	0.37074	0.38708	0.373193	0.371459	0.372432	0.337007	0.409743	0.33446	0.340513	0.338745	0.336998	0.24687	0.409804	0.257948	0	0.240587	0.240995	0.349501	0.354198	0.372955	0.323726	0.323036	0.435652	0.516082	0.351092	0.352066	0.360128	0.359528	0.358855	0.498417	0.452299	0.435985	0.393281	0.39234	0.393549	0.322853	0.318933	0.327637	0.365962	0.363273	0.361681	0.426454	0.426081	0.426749	0.431178	0.431113	0.429743	0.461702	0.430287	0.423332	0.425021	0.42304	0.431926	0.390843	0.351379	0.342563	0.342044	0.341009	0.350909	0.934024	0.928748	0.928352	0.929827	0.928849	0.929211	0.450537	0.456905	0.459192	0.466631	0.466621	0.466492	0.590769	0.513689	0.51146	0.572091	0.572602	0.575241	0.416207	0.412067	0.416415	0.419893	0.416546	0.416149	0.586444	0.51607	0.51538	0.568036	0.568828	0.57152
ERR610227-k20-n1-x5e9	0.315151	0.46847	0.338626	0.308928	0.308496	0.308579	0.482568	0.370125	0.388019	0.371106	0.369396	0.370444	0.337369	0.414186	0.335662	0.340022	0.338546	0.337732	0.246234	0.414709	0.260206	0.240587	0	0.240323	0.352772	0.352316	0.377455	0.324026	0.323854	0.440664	0.520128	0.351951	0.353253	0.361937	0.359957	0.359169	0.502531	0.455857	0.439337	0.396069	0.394794	0.396053	0.324451	0.320121	0.329737	0.362432	0.35975	0.35823	0.42619	0.425124	0.425961	0.432128	0.432029	0.430707	0.464294	0.431396	0.423905	0.425608	0.423689	0.433239	0.394458	0.353732	0.344282	0.343601	0.342409	0.353342	0.934958	0.929226	0.928655	0.930255	0.929265	0.92959	0.451179	0.458162	0.460549	0.468086	0.468095	0.468296	0.593737	0.516086	0.513679	0.574992	0.575488	0.57801	0.416293	0.411542	0.416063	0.420658	0.417235	0.416819	0.589085	0.517231	0.516549	0.570267	0.570961	0.573775
ERR610228-k20-n1-x5e9	0.316856	0.472685	0.341759	0.308955	0.308807	0.308152	0.4864	0.370447	0.389582	0.369846	0.368127	0.369048	0.3368	0.417486	0.336062	0.339427	0.337721	0.337493	0.246151	0.419295	0.262547	0.240995	0.240323	0	0.353898	0.349339	0.380293	0.322991	0.322815	0.444394	0.523187	0.351614	0.353572	0.362436	0.358952	0.358362	0.50628	0.4591	0.44225	0.398307	0.397133	0.398099	0.325788	0.320717	0.331202	0.359231	0.356527	0.355049	0.425588	0.42423	0.424974	0.433256	0.432974	0.43153	0.465813	0.43263	0.424348	0.426039	0.423891	0.434219	0.396971	0.355259	0.344763	0.344216	0.342799	0.354778	0.935497	0.929446	0.928785	0.930447	0.929453	0.929768	0.452102	0.459309	0.461808	0.469607	0.469412	0.46969	0.597005	0.51891	0.516552	0.57827	0.57871	0.581299	0.416098	0.411017	0.415458	0.421036	0.417454	0.416997	0.591772	0.519383	0.51865	0.572976	0.573758	0.576472
ERR607158-k20-n1-x5e9	0.332942	0.404959	0.328252	0.333671	0.332	0.333893	0.48495	0.436856	0.441291	0.447197	0.443689	0.445883	0.349069	0.367085	0.327532	0.359033	0.355718	0.337667	0.367056	0.404243	0.348729	0.349501	0.352772	0.353898	0	0.357923	0.298655	0.297918	0.293535	0.355639	0.424801	0.316197	0.309525	0.303876	0.325181	0.322123	0.485623	0.464308	0.457704	0.418148	0.416848	0.417905	0.363644	0.368574	0.369733	0.44031	0.438299	0.436304	0.444437	0.453062	0.451045	0.443514	0.443329	0.442928	0.449869	0.445817	0.446407	0.451071	0.449359	0.446924	0.354956	0.349645	0.352991	0.356767	0.356041	0.348715	0.923475	0.928854	0.931074	0.931053	0.929543	0.930337	0.462316	0.459522	0.459211	0.470229	0.452171	0.454001	0.566031	0.530635	0.529484	0.571336	0.567448	0.570303	0.433655	0.441391	0.437739	0.432452	0.43524	0.435625	0.563764	0.535858	0.536493	0.569448	0.567297	0.56999
ERR607159-k20-n1-x5e9	0.371044	0.543123	0.407351	0.342372	0.34416	0.341365	0.555596	0.399018	0.438617	0.373627	0.373951	0.37144	0.322424	0.46446	0.335055	0.318954	0.319556	0.330096	0.356323	0.52815	0.385829	0.354198	0.352316	0.349339	0.357923	0	0.407106	0.272325	0.278092	0.485228	0.566901	0.334485	0.345322	0.361777	0.328945	0.331649	0.565829	0.516322	0.496663	0.440855	0.439478	0.441925	0.375482	0.366288	0.38393	0.327311	0.326452	0.325693	0.446873	0.440146	0.439552	0.480686	0.479792	0.477764	0.512298	0.469772	0.454068	0.456953	0.453063	0.471219	0.452907	0.400881	0.380066	0.381537	0.377169	0.400111	0.955094	0.944101	0.94149	0.944344	0.942727	0.942973	0.463633	0.477541	0.482398	0.493566	0.488839	0.489951	0.651165	0.57249	0.569557	0.633469	0.632701	0.635102	0.454417	0.442321	0.445328	0.470217	0.466775	0.465421	0.633875	0.555162	0.553247	0.614501	0.61381	0.616513
ERR607160-k20-n1-x5e9	0.341539	0.366916	0.320577	0.37116	0.368361	0.370703	0.416841	0.426392	0.408089	0.456346	0.452421	0.45675	0.362802	0.303872	0.343045	0.371947	0.368203	0.350431	0.378842	0.361432	0.343964	0.372955	0.377455	0.380293	0.298655	0.407106	0	0.333453	0.326751	0.287582	0.431675	0.3609	0.349397	0.344535	0.381627	0.377657	0.416942	0.394778	0.391713	0.378657	0.377856	0.377086	0.356734	0.365801	0.354602	0.483857	0.481368	0.479172	0.486554	0.4925	0.492906	0.46164	0.461883	0.462043	0.448984	0.450747	0.457822	0.460119	0.461511	0.452077	0.351107	0.357871	0.371216	0.371832	0.375468	0.358383	0.931715	0.937461	0.939921	0.939873	0.938378	0.939093	0.455531	0.447405	0.446695	0.449853	0.449968	0.448138	0.520902	0.474223	0.473441	0.509636	0.505117	0.507985	0.475346	0.481057	0.482268	0.466359	0.467546	0.46804	0.525896	0.49229	0.493127	0.516494	0.514641	0.516824
ERR607161-k20-n1-x5e9	0.323412	0.475425	0.347217	0.313036	0.31309	0.312419	0.503369	0.385226	0.408037	0.380787	0.378966	0.37952	0.296491	0.397043	0.296834	0.297979	0.296885	0.295372	0.328529	0.463025	0.338549	0.323726	0.324026	0.322991	0.297918	0.272325	0.333453	0	0.241538	0.40966	0.510366	0.302973	0.306538	0.317615	0.308488	0.308748	0.510802	0.465762	0.44893	0.400447	0.398829	0.400756	0.340067	0.336749	0.346207	0.36623	0.364407	0.362778	0.436516	0.435722	0.435361	0.449298	0.448694	0.447132	0.474326	0.442795	0.433533	0.436805	0.434315	0.444013	0.397572	0.356416	0.344395	0.345647	0.343563	0.355599	0.940031	0.934524	0.933639	0.935535	0.933808	0.934266	0.443189	0.45039	0.454024	0.463625	0.458995	0.459474	0.604689	0.53148	0.52926	0.588275	0.586249	0.588807	0.435984	0.431249	0.433593	0.442198	0.440446	0.440073	0.594143	0.52514	0.524263	0.576912	0.575452	0.578135
ERR607162-k20-n1-x5e9	0.320721	0.469052	0.342642	0.312747	0.312546	0.312001	0.498838	0.386298	0.407088	0.383865	0.381956	0.382759	0.296589	0.39075	0.295441	0.298866	0.297543	0.29433	0.328085	0.45693	0.335684	0.323036	0.323854	0.322815	0.293535	0.278092	0.326751	0.241538	0	0.402515	0.504748	0.301878	0.30437	0.314518	0.308553	0.308301	0.506007	0.461719	0.445624	0.398037	0.396507	0.398287	0.338683	0.335959	0.344463	0.371902	0.370152	0.368245	0.437138	0.436912	0.436605	0.447665	0.447098	0.445737	0.471715	0.441671	0.433131	0.436675	0.434215	0.442853	0.39308	0.353683	0.342914	0.344427	0.342566	0.352892	0.939032	0.934053	0.933349	0.935134	0.933394	0.933871	0.442982	0.449366	0.452793	0.462137	0.457394	0.457865	0.600792	0.528643	0.526627	0.584546	0.582396	0.585158	0.435972	0.431991	0.434125	0.440996	0.439736	0.43916	0.59108	0.523591	0.522737	0.574178	0.572695	0.575388
ERR607163-k20-n1-x5e9	0.399449	0.334529	0.36297	0.436459	0.433149	0.436258	0.40037	0.47648	0.444855	0.514395	0.510137	0.515262	0.431362	0.30918	0.408545	0.440836	0.437251	0.416424	0.441532	0.336474	0.396192	0.435652	0.440664	0.444394	0.355639	0.485228	0.287582	0.40966	0.402515	0	0.415961	0.426324	0.41194	0.402136	0.447567	0.443223	0.392381	0.394124	0.401	0.408506	0.407958	0.406524	0.406777	0.419325	0.401613	0.552074	0.549534	0.547503	0.537149	0.545053	0.545265	0.501705	0.502334	0.503126	0.468289	0.487973	0.501542	0.503302	0.50615	0.488843	0.371837	0.404456	0.426464	0.426559	0.431886	0.40497	0.937217	0.949236	0.953236	0.952322	0.950845	0.951674	0.491878	0.477578	0.475179	0.47452	0.47535	0.4729	0.492114	0.474128	0.474511	0.487878	0.481786	0.48463	0.523378	0.53226	0.532622	0.509908	0.512375	0.513063	0.509615	0.503667	0.505482	0.508106	0.50591	0.507009
ERR606660-k20-n1-x5e9	0.496602	0.409227	0.46683	0.509173	0.507075	0.509798	0.528853	0.582026	0.565119	0.604519	0.60069	0.603711	0.526427	0.44498	0.500122	0.537525	0.534267	0.512585	0.53324	0.41982	0.497302	0.516082	0.520128	0.523187	0.424801	0.566901	0.431675	0.510366	0.504748	0.415961	0	0.454955	0.441268	0.423649	0.467108	0.462231	0.514767	0.539727	0.548028	0.537071	0.535889	0.535626	0.507436	0.51803	0.509212	0.609624	0.607904	0.605948	0.586113	0.597891	0.595356	0.570717	0.571499	0.572011	0.536224	0.566268	0.578292	0.581869	0.582753	0.566901	0.449532	0.492336	0.510271	0.513567	0.515846	0.492142	0.945888	0.965365	0.97096	0.968951	0.967977	0.968823	0.581037	0.568348	0.564196	0.57065	0.548871	0.550559	0.565095	0.598938	0.599519	0.608124	0.601443	0.604206	0.567888	0.581607	0.575153	0.560786	0.565656	0.566713	0.582927	0.616491	0.617791	0.61956	0.617227	0.619194
ERR606661-k20-n1-x5e9	0.352186	0.475357	0.367923	0.339315	0.33936	0.339008	0.516237	0.418179	0.437293	0.415626	0.413631	0.413865	0.331005	0.40726	0.322158	0.336817	0.334933	0.326589	0.36258	0.464446	0.364734	0.351092	0.351951	0.351614	0.316197	0.334485	0.3609	0.302973	0.301878	0.426324	0.454955	0	0.243291	0.251806	0.246201	0.245442	0.525834	0.49068	0.477787	0.431171	0.43008	0.431544	0.36251	0.36134	0.369588	0.393707	0.391972	0.390345	0.458838	0.461113	0.459262	0.472944	0.472683	0.471515	0.486696	0.465789	0.459861	0.464099	0.461407	0.467026	0.406151	0.377548	0.369689	0.372559	0.370781	0.377222	0.940013	0.937682	0.937707	0.939051	0.937509	0.938069	0.467372	0.471391	0.473317	0.484368	0.473119	0.474419	0.612404	0.555952	0.554391	0.605402	0.60284	0.605777	0.454385	0.453773	0.451944	0.461514	0.461786	0.461491	0.601974	0.55027	0.549437	0.595072	0.593742	0.596518
ERR606662-k20-n1-x5e9	0.349661	0.46171	0.360882	0.340564	0.340334	0.340664	0.506195	0.419716	0.434743	0.421179	0.418761	0.419595	0.333364	0.394787	0.321662	0.340028	0.337881	0.326904	0.364064	0.451419	0.361167	0.352066	0.353253	0.353572	0.309525	0.345322	0.349397	0.306538	0.30437	0.41194	0.441268	0.243291	0	0.247532	0.251616	0.249587	0.51468	0.481778	0.469993	0.426016	0.424809	0.426022	0.359909	0.360695	0.366658	0.405038	0.403316	0.401403	0.46177	0.465036	0.463047	0.471844	0.471653	0.470623	0.48131	0.46416	0.460081	0.464205	0.462066	0.46546	0.397315	0.373691	0.36854	0.371583	0.370166	0.373002	0.938267	0.937261	0.937671	0.938837	0.937259	0.937852	0.466133	0.468238	0.469799	0.480427	0.468654	0.469913	0.602494	0.548935	0.547645	0.596551	0.593517	0.596434	0.45584	0.456516	0.454496	0.461012	0.4617	0.461606	0.593305	0.545211	0.544476	0.587626	0.586014	0.588645
ERR606663-k20-n1-x5e9	0.354841	0.45012	0.36084	0.348318	0.347702	0.348493	0.503103	0.430275	0.441489	0.434616	0.43185	0.433003	0.344753	0.389731	0.329248	0.352903	0.350141	0.336023	0.373916	0.441547	0.365819	0.360128	0.361937	0.362436	0.303876	0.361777	0.344535	0.317615	0.314518	0.402136	0.423649	0.251806	0.247532	0	0.256812	0.254208	0.509289	0.481111	0.471095	0.428447	0.427106	0.428422	0.366194	0.368425	0.372439	0.421101	0.419386	0.41731	0.466894	0.471369	0.469267	0.47457	0.474443	0.47339	0.478905	0.467092	0.464861	0.469172	0.46753	0.468322	0.391389	0.375003	0.37287	0.376391	0.375232	0.374246	0.93619	0.937297	0.938369	0.939117	0.937483	0.938105	0.470419	0.47059	0.471949	0.482477	0.466768	0.468238	0.596125	0.549905	0.548933	0.593184	0.589397	0.592492	0.459099	0.46194	0.458825	0.462722	0.464668	0.464657	0.587891	0.547618	0.547183	0.585443	0.583416	0.586142
ERR606664-k20-n1-x5e9	0.365389	0.492359	0.383926	0.344933	0.345559	0.344759	0.535319	0.426818	0.451141	0.418289	0.416246	0.415901	0.340015	0.428887	0.332258	0.345197	0.343553	0.336165	0.372723	0.482244	0.379403	0.359528	0.359957	0.358952	0.325181	0.328945	0.381627	0.308488	0.308553	0.447567	0.467108	0.246201	0.251616	0.256812	0	0.239331	0.543467	0.508922	0.495796	0.444616	0.443354	0.445221	0.373598	0.371529	0.382346	0.385709	0.384521	0.382705	0.459229	0.460942	0.458241	0.48061	0.48015	0.478835	0.495723	0.473321	0.46591	0.470372	0.467319	0.474411	0.418623	0.38837	0.378061	0.381878	0.378863	0.387369	0.942173	0.939314	0.939145	0.940589	0.938887	0.939428	0.474515	0.479757	0.482473	0.494761	0.478557	0.480698	0.627077	0.572828	0.571202	0.621551	0.618577	0.621514	0.456032	0.454734	0.451754	0.46561	0.466347	0.466031	0.614682	0.563601	0.562668	0.609079	0.607355	0.61008
ERR606665-k20-n1-x5e9	0.364005	0.488116	0.381557	0.344642	0.345186	0.344476	0.532197	0.42668	0.449752	0.419289	0.417264	0.417025	0.339602	0.424774	0.331033	0.345235	0.343601	0.335305	0.372299	0.478002	0.37758	0.358855	0.359169	0.358362	0.322123	0.331649	0.377657	0.308748	0.308301	0.443223	0.462231	0.245442	0.249587	0.254208	0.239331	0	0.540035	0.505962	0.493151	0.442423	0.441194	0.442933	0.372406	0.370834	0.380964	0.388965	0.387594	0.386006	0.459848	0.461965	0.459377	0.480206	0.479789	0.478488	0.493667	0.472616	0.465639	0.47036	0.467348	0.473745	0.415503	0.386235	0.376926	0.380445	0.377911	0.385255	0.941564	0.939157	0.939082	0.940495	0.938778	0.939337	0.473656	0.478383	0.48094	0.49317	0.476749	0.478823	0.623754	0.570494	0.568815	0.618728	0.615646	0.618672	0.455871	0.455023	0.451944	0.464947	0.465791	0.465524	0.611696	0.561786	0.561032	0.606612	0.604823	0.607518
ERR608013-k20-n1-x5e9	0.474378	0.41681	0.444818	0.510291	0.507716	0.510148	0.338685	0.47052	0.424752	0.518508	0.513943	0.519979	0.507765	0.396713	0.491966	0.513493	0.510896	0.496068	0.497395	0.391445	0.456913	0.498417	0.502531	0.50628	0.485623	0.565829	0.416942	0.510802	0.506007	0.392381	0.514767	0.525834	0.51468	0.509289	0.543467	0.540035	0	0.30217	0.319839	0.357521	0.357406	0.355321	0.427802	0.441352	0.419352	0.581561	0.579203	0.577459	0.617528	0.620485	0.620743	0.588955	0.589274	0.589536	0.520954	0.538282	0.553452	0.552458	0.556548	0.537976	0.435606	0.466447	0.487924	0.486166	0.492604	0.466469	0.973352	0.97904	0.981968	0.98164	0.980097	0.980751	0.533258	0.519413	0.5179	0.51167	0.522249	0.518797	0.505756	0.486991	0.488113	0.489496	0.485651	0.486847	0.598727	0.600822	0.603301	0.589434	0.590109	0.590054	0.518302	0.508115	0.50972	0.5048	0.503508	0.503472
ERR608014-k20-n1-x5e9	0.431411	0.435951	0.412486	0.467106	0.464598	0.466443	0.332108	0.409987	0.367409	0.458469	0.454247	0.46021	0.459643	0.380802	0.449362	0.46356	0.461462	0.450797	0.446402	0.40572	0.413183	0.452299	0.455857	0.4591	0.464308	0.516322	0.394778	0.465762	0.461719	0.394124	0.539727	0.49068	0.481778	0.481111	0.508922	0.505962	0.30217	0	0.273418	0.30202	0.302213	0.300227	0.377933	0.388542	0.368817	0.527004	0.524474	0.522714	0.586265	0.585886	0.587254	0.560806	0.561023	0.561073	0.504936	0.507209	0.518389	0.516776	0.52043	0.507483	0.422585	0.432221	0.448208	0.445334	0.4515	0.432444	0.97118	0.970911	0.972213	0.972759	0.971429	0.971775	0.499087	0.489413	0.488886	0.482704	0.49988	0.495885	0.521037	0.465825	0.465947	0.488533	0.486127	0.488013	0.569056	0.566596	0.571715	0.562457	0.560646	0.560389	0.521708	0.480176	0.480936	0.493676	0.493407	0.493807
ERR608015-k20-n1-x5e9	0.417404	0.446257	0.404347	0.451322	0.448956	0.450609	0.341269	0.388709	0.349828	0.435949	0.431847	0.437774	0.441906	0.381393	0.434622	0.445224	0.44311	0.435202	0.428386	0.415855	0.399556	0.435985	0.439337	0.44225	0.457704	0.496663	0.391713	0.44893	0.445624	0.401	0.548028	0.477787	0.469993	0.471095	0.495796	0.493151	0.319839	0.273418	0	0.286858	0.286847	0.285413	0.362158	0.371032	0.353257	0.505184	0.502468	0.500683	0.575552	0.573915	0.575405	0.552646	0.552697	0.552392	0.502966	0.498959	0.507923	0.506142	0.509609	0.499216	0.422287	0.422623	0.435314	0.432024	0.43794	0.423162	0.970902	0.968506	0.969177	0.970058	0.968766	0.969056	0.489864	0.482136	0.482306	0.476769	0.495224	0.491301	0.532226	0.465544	0.464933	0.496416	0.49481	0.496836	0.559149	0.554764	0.560819	0.554085	0.551344	0.550922	0.529047	0.476309	0.476769	0.497286	0.497697	0.498322
ERR608016-k20-n1-x5e9	0.384134	0.45169	0.381848	0.406464	0.404716	0.405754	0.37468	0.350162	0.32939	0.386921	0.383	0.38795	0.398664	0.383753	0.39306	0.401353	0.399573	0.392623	0.388591	0.423263	0.369945	0.393281	0.396069	0.398307	0.418148	0.440855	0.378657	0.400447	0.398037	0.408506	0.537071	0.431171	0.426016	0.428447	0.444616	0.442423	0.357521	0.30202	0.286858	0	0.261633	0.262502	0.324907	0.330478	0.320408	0.446134	0.443629	0.442007	0.537741	0.5356	0.536041	0.525131	0.525137	0.524352	0.482026	0.470559	0.475425	0.474605	0.476704	0.470519	0.402589	0.390604	0.3969	0.394348	0.398711	0.390072	0.961844	0.958005	0.958136	0.959272	0.957755	0.958093	0.461985	0.458038	0.460025	0.458655	0.469013	0.466383	0.547946	0.475458	0.473752	0.51809	0.515651	0.518417	0.522982	0.517004	0.521842	0.521767	0.519627	0.518915	0.536854	0.473868	0.473966	0.50944	0.509068	0.510632
ERR608017-k20-n1-x5e9	0.382787	0.450863	0.380626	0.404701	0.403118	0.404023	0.374665	0.349025	0.328651	0.385828	0.381735	0.386762	0.397491	0.382846	0.391682	0.400295	0.398505	0.391367	0.387408	0.422448	0.368822	0.39234	0.394794	0.397133	0.416848	0.439478	0.377856	0.398829	0.396507	0.407958	0.535889	0.43008	0.424809	0.427106	0.443354	0.441194	0.357406	0.302213	0.286847	0.261633	0	0.262054	0.323875	0.329517	0.319385	0.445135	0.442542	0.440901	0.536683	0.534572	0.535002	0.524521	0.524261	0.523704	0.48116	0.469803	0.474624	0.473885	0.475988	0.469785	0.401222	0.3894	0.395565	0.393199	0.397464	0.388784	0.96159	0.957687	0.957856	0.958975	0.957478	0.957815	0.461308	0.457318	0.45937	0.457917	0.467893	0.465452	0.547877	0.475218	0.47358	0.518219	0.515817	0.518363	0.521797	0.516055	0.520787	0.520637	0.518546	0.51809	0.536729	0.47395	0.474046	0.509776	0.509103	0.510761
ERR608018-k20-n1-x5e9	0.383186	0.449419	0.380283	0.406011	0.404222	0.405116	0.372492	0.350507	0.329065	0.387728	0.383596	0.388875	0.398911	0.381973	0.392946	0.401612	0.399787	0.392783	0.388585	0.421183	0.369001	0.393549	0.396053	0.398099	0.417905	0.441925	0.377086	0.400756	0.398287	0.406524	0.535626	0.431544	0.426022	0.428422	0.445221	0.442933	0.355321	0.300227	0.285413	0.262502	0.262054	0	0.325236	0.330749	0.320029	0.447611	0.444993	0.443434	0.53746	0.535398	0.535899	0.524237	0.524062	0.523541	0.480892	0.469824	0.474821	0.474027	0.476024	0.469671	0.400685	0.389472	0.396267	0.39371	0.398014	0.388879	0.961507	0.957701	0.957894	0.959008	0.957567	0.957872	0.461661	0.457456	0.459149	0.457647	0.468147	0.465614	0.546192	0.473694	0.472145	0.516448	0.514181	0.51678	0.522567	0.516965	0.521883	0.521189	0.518982	0.518317	0.535533	0.472932	0.473152	0.508199	0.507705	0.509357
ERR607343-k20-n1-x5e9	0.324434	0.440042	0.333764	0.333863	0.332812	0.333115	0.413836	0.332951	0.333522	0.353043	0.34969	0.352975	0.35118	0.383456	0.346035	0.354043	0.35233	0.347221	0.322688	0.411318	0.31464	0.322853	0.324451	0.325788	0.363644	0.375482	0.356734	0.340067	0.338683	0.406777	0.507436	0.36251	0.359909	0.366194	0.373598	0.372406	0.427802	0.377933	0.362158	0.324907	0.323875	0.325236	0	0.254417	0.255073	0.35292	0.350323	0.348364	0.465698	0.464551	0.464739	0.463084	0.462859	0.461973	0.44935	0.42726	0.427009	0.427369	0.427569	0.427913	0.369044	0.341752	0.340989	0.339538	0.341833	0.341233	0.940815	0.936119	0.935893	0.937329	0.936004	0.936416	0.432831	0.434569	0.436168	0.440323	0.444374	0.443139	0.559852	0.483702	0.481661	0.537254	0.535971	0.538958	0.455329	0.450694	0.453951	0.457676	0.455259	0.454638	0.54952	0.481164	0.480704	0.52799	0.528092	0.530621
