	ERR608173-k20-n1-x5e9	ERR608174-k20-n1-x5e9	ERR608175-k20-n1-x5e9	ERR608176-k20-n1-x5e9	ERR608177-k20-n1-x5e9	ERR608178-k20-n1-x5e9	ERR605551-k20-n1-x5e9	ERR605552-k20-n1-x5e9	ERR605553-k20-n1-x5e9	ERR605554-k20-n1-x5e9	ERR605555-k20-n1-x5e9	ERR605556-k20-n1-x5e9	ERR609679-k20-n1-x5e9	ERR609680-k20-n1-x5e9	ERR609681-k20-n1-x5e9	ERR609682-k20-n1-x5e9	ERR609683-k20-n1-x5e9	ERR609684-k20-n1-x5e9	ERR607567-k20-n1-x5e9	ERR607568-k20-n1-x5e9	ERR607569-k20-n1-x5e9	ERR607570-k20-n1-x5e9	ERR607571-k20-n1-x5e9	ERR607572-k20-n1-x5e9	ERR607439-k20-n1-x5e9	ERR607440-k20-n1-x5e9	ERR607441-k20-n1-x5e9	ERR607442-k20-n1-x5e9	ERR607443-k20-n1-x5e9	ERR607444-k20-n1-x5e9	ERR608251-k20-n1-x5e9	ERR608252-k20-n1-x5e9	ERR608253-k20-n1-x5e9	ERR608254-k20-n1-x5e9	ERR608255-k20-n1-x5e9	ERR608256-k20-n1-x5e9	ERR605775-k20-n1-x5e9	ERR605776-k20-n1-x5e9	ERR605777-k20-n1-x5e9	ERR605778-k20-n1-x5e9	ERR605779-k20-n1-x5e9	ERR605780-k20-n1-x5e9	ERR608531-k20-n1-x5e9	ERR608532-k20-n1-x5e9	ERR608533-k20-n1-x5e9	ERR608534-k20-n1-x5e9	ERR608535-k20-n1-x5e9	ERR608536-k20-n1-x5e9	ERR608745-k20-n1-x5e9	ERR608746-k20-n1-x5e9	ERR608747-k20-n1-x5e9	ERR608748-k20-n1-x5e9	ERR608749-k20-n1-x5e9	ERR608750-k20-n1-x5e9	ERR607415-k20-n1-x5e9	ERR607416-k20-n1-x5e9	ERR607417-k20-n1-x5e9	ERR607418-k20-n1-x5e9	ERR607419-k20-n1-x5e9	ERR607420-k20-n1-x5e9	ERR608757-k20-n1-x5e9	ERR608758-k20-n1-x5e9	ERR608759-k20-n1-x5e9	ERR608760-k20-n1-x5e9	ERR608761-k20-n1-x5e9	ERR608762-k20-n1-x5e9	ERR608799-k20-n1-x5e9	ERR608800-k20-n1-x5e9	ERR608801-k20-n1-x5e9	ERR608802-k20-n1-x5e9	ERR608803-k20-n1-x5e9	ERR608804-k20-n1-x5e9	ERR607983-k20-n1-x5e9	ERR607984-k20-n1-x5e9	ERR607985-k20-n1-x5e9	ERR607986-k20-n1-x5e9	ERR607987-k20-n1-x5e9	ERR607988-k20-n1-x5e9	ERR605653-k20-n1-x5e9	ERR605654-k20-n1-x5e9	ERR605655-k20-n1-x5e9	ERR605656-k20-n1-x5e9	ERR605657-k20-n1-x5e9	ERR605658-k20-n1-x5e9	ERR605635-k20-n1-x5e9	ERR605636-k20-n1-x5e9	ERR605637-k20-n1-x5e9	ERR605638-k20-n1-x5e9	ERR605639-k20-n1-x5e9	ERR605640-k20-n1-x5e9	ERR608579-k20-n1-x5e9	ERR608580-k20-n1-x5e9	ERR608581-k20-n1-x5e9	ERR608582-k20-n1-x5e9	ERR608583-k20-n1-x5e9	ERR608584-k20-n1-x5e9
ERR608173-k20-n1-x5e9	0	0.290119	0.310978	0.284988	0.281307	0.275927	0.366515	0.366356	0.369707	0.365041	0.365734	0.366145	0.442547	0.43051	0.425078	0.421661	0.410803	0.40971	0.401717	0.370908	0.373364	0.365891	0.365769	0.370599	0.439837	0.448163	0.453043	0.417755	0.42047	0.417641	0.471129	0.459931	0.472506	0.396224	0.395873	0.397256	0.387565	0.398459	0.435194	0.435693	0.438648	0.443389	0.360294	0.329223	0.332738	0.343897	0.343603	0.347999	0.591659	0.542208	0.528582	0.530846	0.533326	0.545022	0.362946	0.365235	0.359	0.402297	0.39997	0.400688	0.507501	0.493567	0.496781	0.495704	0.498974	0.494037	0.520684	0.521054	0.522188	0.503612	0.504847	0.504508	0.580547	0.574819	0.577108	0.578439	0.580031	0.577943	0.456759	0.452111	0.453404	0.450743	0.463537	0.460435	0.532273	0.534357	0.535437	0.533958	0.546831	0.545468	0.404225	0.40306	0.407721	0.408627	0.407286	0.409644
ERR608174-k20-n1-x5e9	0.290119	0	0.262975	0.265331	0.266142	0.268056	0.379242	0.386863	0.398554	0.387258	0.385882	0.38823	0.497624	0.482988	0.474128	0.412486	0.420327	0.426376	0.446934	0.380201	0.372171	0.404945	0.403228	0.413366	0.444115	0.414928	0.41359	0.409085	0.409606	0.412285	0.528194	0.515788	0.530064	0.425449	0.425935	0.427442	0.430462	0.446709	0.411637	0.413559	0.416732	0.421876	0.41093	0.345438	0.33619	0.332944	0.333327	0.33573	0.630963	0.578978	0.562353	0.565319	0.568346	0.58223	0.368999	0.367005	0.361634	0.375328	0.373572	0.374108	0.529682	0.499006	0.49481	0.491615	0.493068	0.499724	0.50248	0.497599	0.499471	0.496796	0.497787	0.496564	0.574977	0.565345	0.569214	0.586013	0.587144	0.586236	0.455377	0.458982	0.462414	0.461764	0.477659	0.474806	0.515015	0.523112	0.525837	0.524218	0.54211	0.540682	0.437336	0.393448	0.389789	0.393324	0.392666	0.394603
ERR608175-k20-n1-x5e9	0.310978	0.262975	0	0.271931	0.274538	0.279707	0.392425	0.40232	0.416378	0.40313	0.40141	0.404248	0.521252	0.506131	0.495545	0.413417	0.428322	0.436887	0.466462	0.38958	0.378717	0.424812	0.422327	0.433964	0.448521	0.405411	0.40126	0.410552	0.410195	0.414835	0.552075	0.539494	0.554018	0.440568	0.441305	0.443015	0.451086	0.468738	0.406224	0.408582	0.4117	0.416469	0.434815	0.361642	0.348452	0.339516	0.33974	0.341065	0.646391	0.594731	0.57733	0.580826	0.583701	0.598043	0.377796	0.374435	0.369961	0.370494	0.369036	0.3697	0.540032	0.503736	0.496863	0.492899	0.493578	0.504436	0.497649	0.490475	0.49285	0.49746	0.498273	0.496765	0.573881	0.563069	0.567143	0.590262	0.591144	0.590545	0.459469	0.466422	0.47053	0.471255	0.486611	0.484033	0.509531	0.519812	0.523073	0.521738	0.540342	0.53901	0.452665	0.394839	0.388387	0.392826	0.392336	0.393918
ERR608176-k20-n1-x5e9	0.284988	0.265331	0.271931	0	0.26034	0.262797	0.37033	0.376801	0.388192	0.37808	0.376714	0.379066	0.484741	0.46991	0.458997	0.400324	0.405367	0.410559	0.429332	0.366917	0.361521	0.390682	0.388572	0.398647	0.427299	0.407061	0.407895	0.396323	0.397156	0.398691	0.516194	0.504191	0.518913	0.411777	0.411967	0.413585	0.416167	0.431421	0.401879	0.402667	0.405387	0.4098	0.397103	0.337474	0.330763	0.327252	0.327309	0.328856	0.61859	0.567627	0.551144	0.554962	0.557632	0.570829	0.355353	0.354223	0.350043	0.367309	0.365612	0.366275	0.516683	0.489432	0.486173	0.483831	0.485519	0.489973	0.49615	0.492838	0.494123	0.491329	0.492259	0.491293	0.565542	0.557113	0.560043	0.576158	0.576996	0.57596	0.449044	0.450841	0.45454	0.455152	0.465772	0.46356	0.50613	0.512281	0.515143	0.514252	0.528088	0.527131	0.418769	0.381626	0.380085	0.381882	0.381113	0.383008
ERR608177-k20-n1-x5e9	0.281307	0.266142	0.274538	0.26034	0	0.261725	0.367641	0.37326	0.384064	0.374621	0.373285	0.37558	0.479192	0.464404	0.453678	0.399265	0.402891	0.407823	0.424919	0.365117	0.360351	0.386258	0.384394	0.39416	0.425651	0.408793	0.410342	0.395492	0.396518	0.397474	0.510959	0.498904	0.513603	0.408226	0.408765	0.410171	0.411513	0.426219	0.402475	0.402821	0.405442	0.410051	0.392312	0.335151	0.32973	0.327131	0.327207	0.328815	0.614618	0.563631	0.547394	0.55109	0.553896	0.566726	0.353557	0.352471	0.348131	0.368281	0.366407	0.367007	0.513739	0.487638	0.484878	0.482817	0.484548	0.48812	0.496383	0.493633	0.494733	0.490491	0.49135	0.490463	0.564754	0.556686	0.559434	0.574259	0.575194	0.574032	0.447461	0.448854	0.452196	0.452627	0.463152	0.460847	0.506094	0.51168	0.514395	0.513578	0.527062	0.525888	0.415159	0.3811	0.380409	0.38199	0.381142	0.383011
ERR608178-k20-n1-x5e9	0.275927	0.268056	0.279707	0.262797	0.261725	0	0.366217	0.370813	0.380021	0.371524	0.370651	0.372617	0.471026	0.456697	0.447251	0.403715	0.404131	0.407547	0.420082	0.365156	0.361783	0.380869	0.379592	0.388259	0.429171	0.417217	0.419471	0.399789	0.401258	0.401361	0.501929	0.490003	0.504563	0.404735	0.404892	0.406542	0.405273	0.41974	0.409231	0.410064	0.412748	0.417584	0.385364	0.331694	0.327305	0.328338	0.328639	0.331155	0.609722	0.558635	0.542626	0.545852	0.548781	0.561683	0.354366	0.353932	0.348722	0.374755	0.372577	0.37333	0.511947	0.488022	0.486412	0.484424	0.48665	0.488513	0.500863	0.498598	0.499934	0.491863	0.493094	0.492163	0.567784	0.559903	0.562846	0.574609	0.575703	0.574281	0.448552	0.44858	0.451702	0.451101	0.462898	0.460256	0.511455	0.516429	0.518711	0.517718	0.531649	0.530422	0.413308	0.385419	0.385681	0.387328	0.386301	0.388441
ERR605551-k20-n1-x5e9	0.366515	0.379242	0.392425	0.37033	0.367641	0.366217	0	0.265252	0.273162	0.267902	0.266245	0.2676	0.435829	0.419865	0.407184	0.377653	0.369782	0.370014	0.402625	0.365822	0.368141	0.375228	0.373369	0.379991	0.422039	0.431794	0.438446	0.406768	0.408434	0.406441	0.498035	0.487971	0.501907	0.411769	0.41187	0.413352	0.383374	0.395528	0.40391	0.405099	0.406736	0.410392	0.391888	0.362341	0.36369	0.367248	0.367593	0.369293	0.603912	0.557488	0.542658	0.547389	0.549084	0.56057	0.361209	0.364007	0.359569	0.393297	0.391736	0.391716	0.511317	0.497174	0.498292	0.498674	0.5006	0.497354	0.518341	0.519776	0.519697	0.510295	0.511553	0.511393	0.573067	0.568319	0.569416	0.578968	0.579552	0.578284	0.435635	0.43228	0.433353	0.435783	0.439954	0.437891	0.501054	0.502391	0.503441	0.503852	0.511725	0.510887	0.397614	0.390705	0.395605	0.395532	0.394142	0.395847
ERR605552-k20-n1-x5e9	0.366356	0.386863	0.40232	0.376801	0.37326	0.370813	0.265252	0	0.268768	0.266353	0.265816	0.26629	0.422656	0.407371	0.39611	0.385642	0.37215	0.370102	0.39575	0.369601	0.374206	0.369928	0.368708	0.373275	0.426836	0.444612	0.45211	0.414104	0.416174	0.412818	0.486397	0.476715	0.489884	0.409098	0.40892	0.410266	0.375086	0.385163	0.414673	0.415328	0.417122	0.420712	0.383971	0.363022	0.367172	0.374132	0.374084	0.376359	0.596814	0.551238	0.537226	0.541572	0.54341	0.554262	0.365829	0.369384	0.364693	0.404908	0.403237	0.403109	0.50986	0.500025	0.502978	0.503742	0.506063	0.500255	0.526719	0.529138	0.528971	0.51563	0.51704	0.516896	0.578532	0.574847	0.575575	0.580871	0.581538	0.579893	0.440498	0.434772	0.435348	0.437019	0.44033	0.438467	0.509742	0.509497	0.510351	0.510663	0.517307	0.516454	0.39456	0.398746	0.405312	0.404803	0.40316	0.405164
ERR605553-k20-n1-x5e9	0.369707	0.398554	0.416378	0.388192	0.384064	0.380021	0.273162	0.268768	0	0.268634	0.269395	0.268776	0.408334	0.394231	0.384526	0.397264	0.377877	0.373193	0.387566	0.374257	0.38122	0.364398	0.363943	0.366734	0.432317	0.458726	0.467304	0.423052	0.425755	0.421099	0.471285	0.462294	0.475092	0.405664	0.405178	0.406299	0.368031	0.375994	0.428458	0.429777	0.431547	0.435232	0.375081	0.365061	0.371983	0.382868	0.382988	0.385932	0.588095	0.543655	0.530854	0.534656	0.536367	0.546651	0.372019	0.376317	0.371748	0.418067	0.416364	0.416261	0.507899	0.503294	0.508264	0.509327	0.512301	0.503566	0.535463	0.538832	0.538701	0.521081	0.522324	0.52275	0.583858	0.580989	0.581525	0.582332	0.583119	0.581245	0.447799	0.440156	0.439324	0.440454	0.443404	0.441388	0.520083	0.518673	0.518264	0.518523	0.524716	0.523696	0.390547	0.408361	0.416491	0.415903	0.414051	0.41643
ERR605554-k20-n1-x5e9	0.365041	0.387258	0.40313	0.37808	0.374621	0.371524	0.267902	0.266353	0.268634	0	0.264811	0.265262	0.419323	0.404588	0.393958	0.388417	0.373547	0.37116	0.394471	0.36988	0.374839	0.368071	0.36729	0.371742	0.428964	0.447611	0.455051	0.416277	0.41847	0.414914	0.482411	0.472774	0.485917	0.407414	0.407205	0.408605	0.37356	0.383743	0.417443	0.418731	0.420531	0.424279	0.381797	0.36215	0.366571	0.374849	0.37486	0.377749	0.595499	0.549657	0.53582	0.53974	0.54161	0.552487	0.366782	0.370401	0.365594	0.407317	0.405481	0.405425	0.509392	0.500183	0.503418	0.504111	0.506635	0.500293	0.528052	0.530305	0.530357	0.515663	0.516975	0.517136	0.579684	0.57605	0.576849	0.580972	0.581859	0.580112	0.441931	0.436317	0.436248	0.437173	0.442161	0.439836	0.5121	0.512196	0.512293	0.512248	0.520027	0.519131	0.394224	0.400517	0.407077	0.406937	0.40532	0.407406
ERR605555-k20-n1-x5e9	0.365734	0.385882	0.40141	0.376714	0.373285	0.370651	0.266245	0.265816	0.269395	0.264811	0	0.264883	0.422921	0.407864	0.396419	0.385447	0.371754	0.369848	0.395019	0.36823	0.37256	0.369109	0.367895	0.373013	0.426293	0.443596	0.451018	0.413493	0.415686	0.412377	0.485998	0.476359	0.489414	0.407781	0.4078	0.409253	0.375379	0.386059	0.413828	0.414992	0.41688	0.420603	0.382872	0.361653	0.365456	0.37246	0.372712	0.374964	0.596757	0.551143	0.5371	0.541317	0.54317	0.553832	0.365152	0.36843	0.36394	0.403788	0.402098	0.402089	0.509364	0.499318	0.502318	0.502916	0.505283	0.499321	0.525599	0.528032	0.527898	0.514649	0.515935	0.515865	0.577859	0.574052	0.57486	0.5803	0.580963	0.579496	0.440429	0.435139	0.435226	0.436686	0.440842	0.438868	0.509644	0.509778	0.510069	0.5102	0.517798	0.516785	0.393346	0.397661	0.403834	0.403554	0.402039	0.40425
ERR605556-k20-n1-x5e9	0.366145	0.38823	0.404248	0.379066	0.37558	0.372617	0.2676	0.26629	0.268776	0.265262	0.264883	0	0.419392	0.404477	0.393957	0.388592	0.373244	0.370942	0.393643	0.369349	0.374282	0.367919	0.366717	0.371405	0.428085	0.447625	0.455116	0.415716	0.418093	0.414559	0.482227	0.472366	0.485652	0.406739	0.406743	0.407954	0.373634	0.383761	0.417736	0.418949	0.420732	0.424731	0.381426	0.362197	0.366758	0.374823	0.374863	0.37747	0.594297	0.548843	0.534914	0.539132	0.540836	0.551521	0.366591	0.370444	0.365428	0.407229	0.405172	0.405304	0.508571	0.499352	0.502798	0.50357	0.506015	0.49945	0.527552	0.53003	0.530192	0.514889	0.516068	0.516345	0.578862	0.575207	0.576106	0.579807	0.580476	0.578882	0.441265	0.435362	0.435297	0.436205	0.441082	0.438848	0.51197	0.511721	0.511834	0.511851	0.519526	0.518629	0.39312	0.399991	0.406525	0.406467	0.404772	0.406872
ERR609679-k20-n1-x5e9	0.442547	0.497624	0.521252	0.484741	0.479192	0.471026	0.435829	0.422656	0.408334	0.419323	0.422921	0.419392	0	0.27983	0.288902	0.441858	0.398048	0.380079	0.374738	0.430632	0.446643	0.369227	0.37331	0.363371	0.475002	0.541642	0.554565	0.47838	0.483596	0.472186	0.361552	0.356753	0.363064	0.391288	0.389589	0.388866	0.345853	0.336381	0.512564	0.513176	0.515327	0.518997	0.37588	0.422431	0.440293	0.463748	0.463037	0.467348	0.524291	0.490123	0.48466	0.486417	0.487186	0.491562	0.43388	0.440952	0.435821	0.501364	0.499472	0.499032	0.492303	0.517221	0.531868	0.535929	0.540846	0.51857	0.578553	0.588115	0.588735	0.541648	0.542593	0.544667	0.602879	0.606219	0.606612	0.574597	0.576395	0.572823	0.527755	0.511978	0.508568	0.5068	0.507281	0.504972	0.580369	0.568475	0.56526	0.562477	0.56711	0.565407	0.401152	0.476476	0.489297	0.487513	0.485618	0.488791
ERR609680-k20-n1-x5e9	0.43051	0.482988	0.506131	0.46991	0.464404	0.456697	0.419865	0.407371	0.394231	0.404588	0.407864	0.404477	0.27983	0	0.278524	0.41979	0.376792	0.359127	0.363957	0.412657	0.428493	0.356399	0.359714	0.351067	0.456721	0.522881	0.536033	0.45935	0.464397	0.453093	0.366226	0.36035	0.368888	0.376764	0.375611	0.375001	0.333384	0.326304	0.49301	0.493807	0.495887	0.499801	0.366805	0.407205	0.424635	0.446549	0.445874	0.450132	0.523514	0.486265	0.479354	0.481608	0.482444	0.48792	0.415332	0.422362	0.417451	0.48212	0.480182	0.479788	0.481336	0.503674	0.517514	0.521351	0.52596	0.504945	0.563045	0.572586	0.573219	0.527566	0.528396	0.530216	0.589356	0.592364	0.592739	0.562765	0.564305	0.560931	0.51477	0.499633	0.49628	0.495575	0.495465	0.493174	0.564418	0.552627	0.549433	0.54685	0.551391	0.54961	0.386311	0.457314	0.470245	0.468325	0.466442	0.469564
ERR609681-k20-n1-x5e9	0.425078	0.474128	0.495545	0.458997	0.453678	0.447251	0.407184	0.39611	0.384526	0.393958	0.396419	0.393957	0.288902	0.278524	0	0.390602	0.347473	0.330812	0.345184	0.389721	0.40581	0.343464	0.345434	0.33914	0.424688	0.494767	0.509068	0.431289	0.435935	0.424805	0.374666	0.368198	0.380627	0.35861	0.357408	0.35693	0.323928	0.319548	0.465818	0.465991	0.467705	0.471013	0.357585	0.394661	0.410995	0.429305	0.428641	0.431778	0.519333	0.482481	0.47385	0.477866	0.478427	0.483951	0.392495	0.399231	0.395654	0.45691	0.455014	0.454523	0.464311	0.485216	0.497963	0.502018	0.50618	0.48609	0.540003	0.550436	0.550447	0.508907	0.509578	0.511542	0.566736	0.570224	0.570207	0.54465	0.545815	0.542724	0.501436	0.487587	0.48477	0.486267	0.480499	0.479337	0.540288	0.527731	0.524396	0.522528	0.524258	0.522864	0.359482	0.4294	0.443073	0.44036	0.438831	0.441207
ERR609682-k20-n1-x5e9	0.421661	0.412486	0.413417	0.400324	0.399265	0.403715	0.377653	0.385642	0.397264	0.388417	0.385447	0.388592	0.441858	0.41979	0.390602	0	0.265774	0.277701	0.403303	0.332005	0.32814	0.384071	0.379099	0.392749	0.332366	0.339108	0.348821	0.318266	0.318302	0.319378	0.516924	0.506655	0.524724	0.373889	0.375641	0.377703	0.394312	0.411942	0.320661	0.321194	0.321722	0.324257	0.42376	0.377045	0.370862	0.356323	0.355566	0.352962	0.601746	0.557703	0.538196	0.546578	0.54763	0.559698	0.324011	0.322057	0.324478	0.32081	0.320495	0.31983	0.475266	0.446577	0.438559	0.439267	0.437715	0.446514	0.438417	0.442824	0.442043	0.444988	0.444671	0.444479	0.492355	0.489081	0.489854	0.51489	0.513185	0.513828	0.456618	0.461579	0.4638	0.474129	0.465664	0.466476	0.428474	0.42581	0.426085	0.426195	0.432013	0.431064	0.366271	0.317857	0.318196	0.316602	0.31661	0.316508
ERR609683-k20-n1-x5e9	0.410803	0.420327	0.428322	0.405367	0.402891	0.404131	0.369782	0.37215	0.377877	0.373547	0.371754	0.373244	0.398048	0.376792	0.347473	0.265774	0	0.257922	0.371787	0.327156	0.330699	0.356999	0.353213	0.363559	0.334939	0.370835	0.3838	0.330101	0.332196	0.328133	0.477259	0.467205	0.485277	0.350914	0.352111	0.353804	0.36033	0.3749	0.347144	0.34745	0.348157	0.351039	0.39289	0.365707	0.36643	0.360992	0.360149	0.359359	0.574523	0.53124	0.513416	0.521144	0.522124	0.532925	0.322267	0.32313	0.324295	0.344824	0.343698	0.343359	0.458614	0.442776	0.441168	0.443288	0.443421	0.442847	0.455205	0.462457	0.461567	0.449655	0.449836	0.450326	0.500274	0.499542	0.499644	0.509939	0.508546	0.508669	0.458435	0.457543	0.458102	0.466967	0.456931	0.457686	0.448405	0.441464	0.440117	0.439872	0.443214	0.442063	0.342425	0.329367	0.33586	0.332963	0.332654	0.33355
ERR609684-k20-n1-x5e9	0.40971	0.426376	0.436887	0.410559	0.407823	0.407547	0.370014	0.370102	0.373193	0.37116	0.369848	0.370942	0.380079	0.359127	0.330812	0.277701	0.257922	0	0.361456	0.329561	0.335515	0.348566	0.345442	0.353967	0.340708	0.386261	0.399947	0.339026	0.341562	0.335933	0.460849	0.451264	0.469002	0.344406	0.345008	0.346603	0.348325	0.360837	0.360798	0.360841	0.361825	0.364788	0.382429	0.364372	0.368029	0.366567	0.36571	0.365522	0.564018	0.521262	0.50434	0.511902	0.512655	0.523067	0.325382	0.327661	0.328421	0.356969	0.356164	0.355509	0.45413	0.444091	0.444874	0.447299	0.448053	0.444155	0.463934	0.472193	0.471437	0.454003	0.454156	0.454897	0.505491	0.50584	0.505716	0.510125	0.509253	0.508582	0.461483	0.458458	0.458405	0.466642	0.456287	0.456952	0.458457	0.449884	0.448083	0.447445	0.450157	0.449074	0.336712	0.33837	0.346874	0.343922	0.342969	0.344442
ERR607567-k20-n1-x5e9	0.401717	0.446934	0.466462	0.429332	0.424919	0.420082	0.402625	0.39575	0.387566	0.394471	0.395019	0.393643	0.374738	0.363957	0.345184	0.403303	0.371787	0.361456	0	0.316499	0.3339	0.282864	0.282789	0.28057	0.369671	0.441998	0.457044	0.382371	0.386597	0.376447	0.390509	0.383874	0.399934	0.337174	0.336664	0.336539	0.347131	0.346753	0.439086	0.439488	0.440075	0.44257	0.331692	0.363711	0.378022	0.391051	0.389969	0.392327	0.506327	0.471509	0.461589	0.467155	0.468349	0.472286	0.355686	0.362043	0.361309	0.41413	0.412555	0.412223	0.439138	0.456326	0.466909	0.470868	0.474135	0.456658	0.50084	0.511766	0.510624	0.47868	0.479373	0.480764	0.528447	0.531951	0.530518	0.515138	0.515579	0.513371	0.476753	0.465354	0.463051	0.46658	0.45544	0.455579	0.508437	0.497175	0.494037	0.493479	0.49243	0.491571	0.312052	0.379688	0.394462	0.391028	0.389331	0.391489
ERR607568-k20-n1-x5e9	0.370908	0.380201	0.38958	0.366917	0.365117	0.365156	0.365822	0.369601	0.374257	0.36988	0.36823	0.369349	0.430632	0.412657	0.389721	0.332005	0.327156	0.329561	0.316499	0	0.257621	0.293847	0.288888	0.302984	0.315657	0.346568	0.358239	0.305863	0.307872	0.304397	0.459144	0.448371	0.466773	0.330442	0.331316	0.332985	0.365238	0.379731	0.356252	0.358879	0.359926	0.363246	0.36157	0.326163	0.325734	0.323335	0.322495	0.322428	0.559629	0.512039	0.493707	0.500995	0.502411	0.514603	0.298308	0.299107	0.299272	0.32317	0.321779	0.321517	0.443416	0.424443	0.422897	0.424276	0.425038	0.42486	0.43771	0.443598	0.443329	0.429792	0.430173	0.430335	0.485791	0.483687	0.484335	0.495044	0.494771	0.494217	0.43756	0.437415	0.438193	0.444571	0.44105	0.441146	0.4453	0.441102	0.439716	0.439108	0.447272	0.446049	0.317092	0.302427	0.309529	0.308631	0.307496	0.309062
ERR607569-k20-n1-x5e9	0.373364	0.372171	0.378717	0.361521	0.360351	0.361783	0.368141	0.374206	0.38122	0.374839	0.37256	0.374282	0.446643	0.428493	0.40581	0.32814	0.330699	0.335515	0.3339	0.257621	0	0.307178	0.30181	0.317168	0.317236	0.33403	0.343846	0.300907	0.302379	0.301035	0.475728	0.464583	0.482747	0.339381	0.340168	0.34193	0.377804	0.394096	0.347424	0.350928	0.352204	0.355527	0.375638	0.329141	0.324983	0.318464	0.31789	0.317288	0.572168	0.52323	0.504184	0.511301	0.513083	0.525965	0.298515	0.297775	0.298159	0.312121	0.311228	0.310807	0.450931	0.425318	0.421364	0.421773	0.422091	0.425896	0.431074	0.435231	0.435376	0.426319	0.426506	0.426464	0.483492	0.479915	0.481037	0.497078	0.496601	0.496524	0.436443	0.438893	0.440041	0.446808	0.445644	0.445475	0.439193	0.437008	0.435984	0.435345	0.446036	0.444831	0.329901	0.297353	0.3009	0.30135	0.300508	0.301817
ERR607570-k20-n1-x5e9	0.365891	0.404945	0.424812	0.390682	0.386258	0.380869	0.375228	0.369928	0.364398	0.368071	0.369109	0.367919	0.369227	0.356399	0.343464	0.384071	0.356999	0.348566	0.282864	0.293847	0.307178	0	0.263587	0.265275	0.367294	0.424505	0.437299	0.365217	0.369842	0.360235	0.390152	0.381002	0.396777	0.321877	0.321481	0.321657	0.330262	0.335374	0.420124	0.421627	0.423418	0.427168	0.324849	0.332523	0.344392	0.359295	0.358431	0.361517	0.519286	0.472862	0.459259	0.463915	0.465776	0.474915	0.333265	0.338549	0.335161	0.390166	0.388295	0.388096	0.437732	0.443007	0.451508	0.454339	0.4581	0.443757	0.486821	0.495151	0.495249	0.460487	0.461291	0.462426	0.522689	0.523493	0.523884	0.509215	0.510368	0.507934	0.455692	0.445701	0.444831	0.445911	0.445333	0.443795	0.496399	0.487955	0.485705	0.483753	0.490466	0.489006	0.317317	0.362605	0.374506	0.372909	0.370988	0.373877
ERR607571-k20-n1-x5e9	0.365769	0.403228	0.422327	0.388572	0.384394	0.379592	0.373369	0.368708	0.363943	0.36729	0.367895	0.366717	0.37331	0.359714	0.345434	0.379099	0.353213	0.345442	0.282789	0.288888	0.30181	0.263587	0	0.265499	0.361476	0.417681	0.430645	0.359418	0.36373	0.354585	0.39563	0.386135	0.40256	0.321459	0.320889	0.321297	0.331579	0.337385	0.414432	0.416033	0.417541	0.421389	0.325443	0.330408	0.341576	0.355442	0.354451	0.357594	0.521345	0.475082	0.461063	0.466181	0.467938	0.477135	0.32938	0.334163	0.331333	0.384206	0.382592	0.382224	0.437195	0.440778	0.448891	0.45149	0.454895	0.44173	0.482396	0.490599	0.490551	0.457686	0.45833	0.459701	0.519021	0.519724	0.519999	0.507343	0.508626	0.506423	0.453701	0.444847	0.443567	0.445384	0.443886	0.442474	0.491686	0.483348	0.481018	0.479348	0.485752	0.484385	0.3143	0.356675	0.36858	0.366786	0.365022	0.367838
ERR607572-k20-n1-x5e9	0.370599	0.413366	0.433964	0.398647	0.39416	0.388259	0.379991	0.373275	0.366734	0.371742	0.373013	0.371405	0.363371	0.351067	0.33914	0.392749	0.363559	0.353967	0.28057	0.302984	0.317168	0.265275	0.265499	0	0.37538	0.435252	0.448111	0.375259	0.379484	0.37001	0.384292	0.37543	0.390607	0.326161	0.325265	0.325419	0.329701	0.333079	0.429993	0.431407	0.432989	0.436772	0.322808	0.338027	0.351214	0.367585	0.366936	0.370235	0.515498	0.470472	0.458023	0.462422	0.464319	0.472264	0.341459	0.347017	0.343505	0.40081	0.398837	0.398506	0.440578	0.449266	0.458862	0.461983	0.46588	0.450293	0.495726	0.50425	0.504257	0.468603	0.469303	0.470662	0.529809	0.531062	0.531225	0.5147	0.516143	0.513422	0.461598	0.450992	0.449517	0.450474	0.448988	0.447455	0.504899	0.495974	0.493564	0.491719	0.497442	0.496097	0.319823	0.372331	0.384742	0.382991	0.381117	0.383965
ERR607439-k20-n1-x5e9	0.439837	0.444115	0.448521	0.427299	0.425651	0.429171	0.422039	0.426836	0.432317	0.428964	0.426293	0.428085	0.475002	0.456721	0.424688	0.332366	0.334939	0.340708	0.369671	0.315657	0.317236	0.367294	0.361476	0.37538	0	0.291822	0.310366	0.249771	0.250354	0.247742	0.489123	0.479885	0.500048	0.335171	0.336854	0.338847	0.406761	0.421266	0.347673	0.349319	0.347788	0.348427	0.4127	0.38397	0.38223	0.369244	0.368535	0.365024	0.573	0.533389	0.514839	0.524419	0.525152	0.535156	0.316373	0.316045	0.322509	0.321727	0.321645	0.321345	0.444867	0.424609	0.41879	0.421466	0.419685	0.42435	0.414118	0.424706	0.422898	0.421118	0.420515	0.420841	0.452357	0.45417	0.452558	0.475351	0.472588	0.473575	0.473473	0.476333	0.476898	0.488894	0.47123	0.473802	0.420882	0.411003	0.407793	0.408734	0.407836	0.407024	0.319108	0.292868	0.300523	0.295697	0.295896	0.295402
ERR607440-k20-n1-x5e9	0.448163	0.414928	0.405411	0.407061	0.408793	0.417217	0.431794	0.444612	0.458726	0.447611	0.443596	0.447625	0.541642	0.522881	0.494767	0.339108	0.370835	0.386261	0.441998	0.346568	0.33403	0.424505	0.417681	0.435252	0.291822	0	0.238118	0.270203	0.26567	0.277291	0.567702	0.557553	0.576108	0.407763	0.410241	0.411934	0.467814	0.487044	0.330078	0.333788	0.33223	0.33241	0.467781	0.403303	0.388772	0.362469	0.362051	0.357263	0.635864	0.593174	0.572698	0.581399	0.583044	0.595415	0.344507	0.338777	0.3446	0.300401	0.301449	0.30097	0.500801	0.458447	0.442662	0.441312	0.437182	0.458277	0.407385	0.406859	0.405787	0.4405	0.439544	0.438231	0.471667	0.464966	0.465235	0.520208	0.517024	0.519401	0.472325	0.484727	0.487985	0.500055	0.491413	0.493357	0.409349	0.413613	0.41452	0.417061	0.423471	0.423331	0.396329	0.308464	0.300907	0.301346	0.302751	0.300785
ERR607441-k20-n1-x5e9	0.453043	0.41359	0.40126	0.407895	0.410342	0.419471	0.438446	0.45211	0.467304	0.455051	0.451018	0.455116	0.554565	0.536033	0.509068	0.348821	0.3838	0.399947	0.457044	0.358239	0.343846	0.437299	0.430645	0.448111	0.310366	0.238118	0	0.284819	0.279829	0.29263	0.581898	0.571699	0.589964	0.42384	0.426294	0.428076	0.481153	0.500749	0.336155	0.340319	0.338994	0.339317	0.479769	0.411215	0.394869	0.367388	0.367167	0.362397	0.647849	0.60491	0.584502	0.592858	0.594569	0.607374	0.356328	0.34996	0.355273	0.306061	0.307093	0.306808	0.513903	0.469171	0.452348	0.450131	0.445863	0.469079	0.413308	0.410522	0.409793	0.449019	0.448114	0.446567	0.481269	0.472889	0.47384	0.531879	0.528838	0.531342	0.476961	0.490704	0.494317	0.505916	0.499406	0.501143	0.415187	0.42202	0.423476	0.426078	0.434297	0.434078	0.413354	0.320141	0.310209	0.311626	0.313397	0.311272
ERR607442-k20-n1-x5e9	0.417755	0.409085	0.410552	0.396323	0.395492	0.399789	0.406768	0.414104	0.423052	0.416277	0.413493	0.415716	0.47838	0.45935	0.431289	0.318266	0.330101	0.339026	0.382371	0.305863	0.300907	0.365217	0.359418	0.375259	0.249771	0.270203	0.284819	0	0.235658	0.236306	0.496288	0.485419	0.505385	0.335077	0.337154	0.339113	0.404815	0.422745	0.330585	0.333729	0.333584	0.335409	0.414446	0.365746	0.359047	0.343883	0.343531	0.340319	0.584663	0.539817	0.519302	0.528192	0.529753	0.54205	0.304327	0.301691	0.305897	0.29806	0.297678	0.297459	0.451924	0.420351	0.411284	0.412243	0.410462	0.420688	0.403962	0.410468	0.410171	0.40978	0.409376	0.409122	0.453242	0.451472	0.452009	0.478497	0.476186	0.477285	0.460051	0.465689	0.46738	0.477835	0.468472	0.470023	0.412801	0.40722	0.405275	0.404757	0.41243	0.410975	0.334437	0.281779	0.283624	0.281708	0.281653	0.281754
ERR607443-k20-n1-x5e9	0.42047	0.409606	0.410195	0.397156	0.396518	0.401258	0.408434	0.416174	0.425755	0.41847	0.415686	0.418093	0.483596	0.464397	0.435935	0.318302	0.332196	0.341562	0.386597	0.307872	0.302379	0.369842	0.36373	0.379484	0.250354	0.26567	0.279829	0.235658	0	0.236944	0.502026	0.491217	0.511046	0.340184	0.34216	0.344409	0.410048	0.427629	0.329055	0.332063	0.331839	0.333424	0.418593	0.36844	0.361208	0.344706	0.344239	0.340816	0.58844	0.543494	0.523188	0.532099	0.533465	0.545811	0.306111	0.303207	0.307588	0.296238	0.296078	0.295907	0.454802	0.42224	0.412424	0.413408	0.411348	0.422464	0.402839	0.409142	0.408728	0.410987	0.410465	0.410203	0.453289	0.451296	0.451731	0.480401	0.478179	0.479133	0.460413	0.466562	0.46854	0.479258	0.469648	0.471382	0.411207	0.406262	0.404425	0.404184	0.411438	0.410226	0.338488	0.281691	0.282707	0.280951	0.281197	0.281097
ERR607444-k20-n1-x5e9	0.417641	0.412285	0.414835	0.398691	0.397474	0.401361	0.406441	0.412818	0.421099	0.414914	0.412377	0.414559	0.472186	0.453093	0.424805	0.319378	0.328133	0.335933	0.376447	0.304397	0.301035	0.360235	0.354585	0.37001	0.247742	0.277291	0.29263	0.236306	0.236944	0	0.488667	0.478001	0.498049	0.32892	0.330786	0.332945	0.399457	0.416524	0.333813	0.336538	0.336585	0.338262	0.409733	0.364725	0.359451	0.345744	0.345211	0.342204	0.578922	0.534183	0.513911	0.522873	0.524187	0.536372	0.303312	0.301074	0.305389	0.301955	0.30137	0.301243	0.446967	0.417857	0.409849	0.411213	0.409737	0.418028	0.405544	0.413117	0.412739	0.408924	0.408598	0.40841	0.452499	0.451495	0.45178	0.474885	0.472763	0.4736	0.460195	0.464771	0.466212	0.476725	0.466594	0.468051	0.414589	0.407882	0.405653	0.405061	0.411849	0.410346	0.328909	0.282496	0.285968	0.283669	0.283531	0.283799
ERR608251-k20-n1-x5e9	0.471129	0.528194	0.552075	0.516194	0.510959	0.501929	0.498035	0.486397	0.471285	0.482411	0.485998	0.482227	0.361552	0.366226	0.374666	0.516924	0.477259	0.460849	0.390509	0.459144	0.475728	0.390152	0.39563	0.384292	0.489123	0.567702	0.581898	0.496288	0.502026	0.488667	0	0.269632	0.272459	0.362413	0.360421	0.358494	0.383543	0.372677	0.552457	0.55396	0.556314	0.559967	0.399992	0.452639	0.471299	0.496001	0.495413	0.499732	0.482594	0.453576	0.454183	0.452796	0.453315	0.455153	0.464634	0.471814	0.467058	0.532781	0.530757	0.530468	0.478426	0.514743	0.533339	0.537981	0.544016	0.516163	0.586497	0.59871	0.599924	0.537233	0.538182	0.540651	0.597794	0.604103	0.604632	0.553043	0.555916	0.551131	0.559283	0.543011	0.538181	0.534545	0.53801	0.535554	0.603992	0.588736	0.583233	0.578646	0.586677	0.584364	0.411575	0.499045	0.513222	0.511479	0.509473	0.512595
ERR608252-k20-n1-x5e9	0.459931	0.515788	0.539494	0.504191	0.498904	0.490003	0.487971	0.476715	0.462294	0.472774	0.476359	0.472366	0.356753	0.36035	0.368198	0.506655	0.467205	0.451264	0.383874	0.448371	0.464583	0.381002	0.386135	0.37543	0.479885	0.557553	0.571699	0.485419	0.491217	0.478001	0.269632	0	0.272241	0.350375	0.348207	0.346361	0.373697	0.364192	0.541971	0.543748	0.546209	0.550097	0.392668	0.441277	0.459129	0.483991	0.483487	0.487627	0.484408	0.451356	0.450206	0.449157	0.449964	0.453211	0.453268	0.460176	0.455393	0.521293	0.519221	0.518987	0.472497	0.506194	0.524619	0.528872	0.53505	0.507849	0.577815	0.589691	0.591047	0.528037	0.528747	0.531279	0.590723	0.596531	0.597454	0.546527	0.549492	0.544582	0.550688	0.534857	0.530131	0.52663	0.530879	0.528497	0.595874	0.58104	0.575512	0.570668	0.579939	0.577448	0.402945	0.487979	0.501892	0.500382	0.498306	0.501564
ERR608253-k20-n1-x5e9	0.472506	0.530064	0.554018	0.518913	0.513603	0.504563	0.501907	0.489884	0.475092	0.485917	0.489414	0.485652	0.363064	0.368888	0.380627	0.524724	0.485277	0.469002	0.399934	0.466773	0.482747	0.396777	0.40256	0.390607	0.500048	0.576108	0.589964	0.505385	0.511046	0.498049	0.272459	0.272241	0	0.371952	0.369689	0.367855	0.388886	0.37776	0.560385	0.562089	0.564493	0.568203	0.405197	0.457178	0.475821	0.501258	0.500686	0.505167	0.489679	0.46044	0.46086	0.459401	0.45979	0.46226	0.472246	0.479254	0.474213	0.540165	0.538176	0.537882	0.487864	0.522821	0.541367	0.545861	0.551921	0.524512	0.594844	0.606498	0.607807	0.544799	0.545786	0.548231	0.607244	0.613002	0.613839	0.562068	0.565253	0.560231	0.564562	0.548312	0.543569	0.539268	0.544605	0.541879	0.612643	0.59793	0.592801	0.587891	0.597085	0.594676	0.422501	0.507613	0.521426	0.519888	0.517958	0.521332
ERR608254-k20-n1-x5e9	0.396224	0.425449	0.440568	0.411777	0.408226	0.404735	0.411769	0.409098	0.405664	0.407414	0.407781	0.406739	0.391288	0.376764	0.35861	0.373889	0.350914	0.344406	0.337174	0.330442	0.339381	0.321877	0.321459	0.326161	0.335171	0.407763	0.42384	0.335077	0.340184	0.32892	0.362413	0.350375	0.371952	0	0.244298	0.244737	0.336492	0.345215	0.402075	0.404556	0.406765	0.410377	0.357322	0.354146	0.362347	0.371158	0.370594	0.371895	0.518161	0.470846	0.455194	0.461165	0.462668	0.473431	0.329713	0.333124	0.33171	0.377221	0.375607	0.375132	0.418583	0.418077	0.424785	0.428076	0.431255	0.419336	0.457952	0.469376	0.470526	0.424685	0.424811	0.4265	0.487645	0.490857	0.492207	0.47077	0.471477	0.469108	0.47676	0.470956	0.469527	0.473366	0.47048	0.469899	0.476835	0.46338	0.458577	0.454205	0.464955	0.46246	0.308848	0.341543	0.353227	0.351658	0.350173	0.352881
ERR608255-k20-n1-x5e9	0.395873	0.425935	0.441305	0.411967	0.408765	0.404892	0.41187	0.40892	0.405178	0.407205	0.4078	0.406743	0.389589	0.375611	0.357408	0.375641	0.352111	0.345008	0.336664	0.331316	0.340168	0.321481	0.320889	0.325265	0.336854	0.410241	0.426294	0.337154	0.34216	0.330786	0.360421	0.348207	0.369689	0.244298	0	0.244427	0.335368	0.344256	0.404018	0.406782	0.408789	0.412671	0.356373	0.354147	0.362654	0.372334	0.371517	0.372739	0.516562	0.469087	0.453423	0.459299	0.460533	0.471869	0.330622	0.334205	0.332531	0.379046	0.377344	0.377013	0.417994	0.417925	0.424702	0.427937	0.431245	0.41896	0.458876	0.470361	0.471683	0.424523	0.424809	0.426479	0.488243	0.491476	0.492817	0.470334	0.471199	0.468597	0.476528	0.470174	0.468877	0.472441	0.470052	0.469342	0.478021	0.464506	0.459421	0.455087	0.466003	0.463484	0.309014	0.343199	0.355233	0.35347	0.352043	0.354867
ERR608256-k20-n1-x5e9	0.397256	0.427442	0.443015	0.413585	0.410171	0.406542	0.413352	0.410266	0.406299	0.408605	0.409253	0.407954	0.388866	0.375001	0.35693	0.377703	0.353804	0.346603	0.336539	0.332985	0.34193	0.321657	0.321297	0.325419	0.338847	0.411934	0.428076	0.339113	0.344409	0.332945	0.358494	0.346361	0.367855	0.244737	0.244427	0	0.335844	0.344064	0.406207	0.40874	0.410893	0.41457	0.356817	0.355598	0.364399	0.373796	0.37315	0.374674	0.515674	0.468183	0.4527	0.458402	0.460022	0.471052	0.332908	0.336424	0.334902	0.381246	0.379614	0.379368	0.417541	0.418482	0.42582	0.429168	0.432392	0.419963	0.460065	0.471531	0.472831	0.425693	0.425956	0.427655	0.489091	0.49252	0.49384	0.47095	0.471773	0.469102	0.477506	0.471152	0.46965	0.473098	0.470515	0.470157	0.479111	0.465582	0.460436	0.456013	0.466954	0.46447	0.309912	0.345489	0.357425	0.35566	0.354104	0.356946
ERR605775-k20-n1-x5e9	0.387565	0.430462	0.451086	0.416167	0.411513	0.405273	0.383374	0.375086	0.368031	0.37356	0.375379	0.373634	0.345853	0.333384	0.323928	0.394312	0.36033	0.348325	0.347131	0.365238	0.377804	0.330262	0.331579	0.329701	0.406761	0.467814	0.481153	0.404815	0.410048	0.399457	0.383543	0.373697	0.388886	0.336492	0.335368	0.335844	0	0.268481	0.395545	0.3973	0.400092	0.404239	0.35085	0.365789	0.378843	0.396321	0.395487	0.398912	0.51596	0.469589	0.457121	0.461059	0.462371	0.47205	0.366277	0.371755	0.367294	0.426238	0.42434	0.4238	0.438192	0.448232	0.458314	0.461632	0.465905	0.449036	0.499484	0.5089	0.509592	0.466492	0.467477	0.468839	0.533013	0.534719	0.535644	0.51334	0.514408	0.511728	0.46268	0.451204	0.449262	0.450068	0.45052	0.448897	0.502833	0.491784	0.488797	0.485765	0.493891	0.491877	0.33827	0.390645	0.402622	0.400754	0.398997	0.401832
ERR605776-k20-n1-x5e9	0.398459	0.446709	0.468738	0.431421	0.426219	0.41974	0.395528	0.385163	0.375994	0.383743	0.386059	0.383761	0.336381	0.326304	0.319548	0.411942	0.3749	0.360837	0.346753	0.379731	0.394096	0.335374	0.337385	0.333079	0.421266	0.487044	0.500749	0.422745	0.427629	0.416524	0.372677	0.364192	0.37776	0.345215	0.344256	0.344064	0.268481	0	0.417185	0.417965	0.42049	0.424436	0.352324	0.378901	0.394174	0.41296	0.412261	0.415587	0.508458	0.465077	0.454593	0.45833	0.459277	0.467304	0.38125	0.387721	0.383301	0.445053	0.443122	0.442568	0.441996	0.45871	0.470958	0.474755	0.479227	0.459562	0.514898	0.524854	0.525428	0.479886	0.481024	0.482567	0.544731	0.547346	0.547944	0.521258	0.522159	0.519414	0.473711	0.460196	0.458242	0.45853	0.457069	0.45537	0.517568	0.505285	0.502295	0.499492	0.505298	0.503353	0.345809	0.408925	0.421833	0.419577	0.417658	0.420514
ERR605777-k20-n1-x5e9	0.435194	0.411637	0.406224	0.401879	0.402475	0.409231	0.40391	0.414673	0.428458	0.417443	0.413828	0.417736	0.512564	0.49301	0.465818	0.320661	0.347144	0.360798	0.439086	0.356252	0.347424	0.420124	0.414432	0.429993	0.347673	0.330078	0.336155	0.330585	0.329055	0.333813	0.552457	0.541971	0.560385	0.402075	0.404018	0.406207	0.395545	0.417185	0	0.246316	0.246617	0.247558	0.456374	0.39942	0.388748	0.368089	0.367406	0.363844	0.615998	0.571742	0.551134	0.559782	0.561067	0.573841	0.348288	0.344094	0.347844	0.323364	0.324398	0.323524	0.479677	0.440835	0.427561	0.42633	0.423445	0.440435	0.408521	0.410372	0.409632	0.429451	0.428955	0.427672	0.471622	0.466024	0.466916	0.50893	0.50628	0.508174	0.4471	0.456998	0.460068	0.471602	0.463054	0.464712	0.399131	0.400489	0.400871	0.401996	0.409483	0.408782	0.382493	0.308873	0.30427	0.303936	0.304524	0.303602
ERR605778-k20-n1-x5e9	0.435693	0.413559	0.408582	0.402667	0.402821	0.410064	0.405099	0.415328	0.429777	0.418731	0.414992	0.418949	0.513176	0.493807	0.465991	0.321194	0.34745	0.360841	0.439488	0.358879	0.350928	0.421627	0.416033	0.431407	0.349319	0.333788	0.340319	0.333729	0.332063	0.336538	0.55396	0.543748	0.562089	0.404556	0.406782	0.40874	0.3973	0.417965	0.246316	0	0.241287	0.241897	0.457497	0.402669	0.393056	0.371237	0.370491	0.366858	0.61604	0.572515	0.552291	0.561119	0.562154	0.574518	0.350565	0.346646	0.350552	0.327052	0.327543	0.327064	0.480521	0.442897	0.429782	0.429347	0.426275	0.442243	0.41149	0.413637	0.412428	0.433261	0.43301	0.431775	0.473971	0.468703	0.469228	0.510564	0.507638	0.509674	0.447737	0.457302	0.461017	0.472737	0.461275	0.463042	0.399935	0.400762	0.402042	0.403062	0.407143	0.406803	0.383643	0.312641	0.308714	0.307055	0.307655	0.306374
ERR605779-k20-n1-x5e9	0.438648	0.416732	0.4117	0.405387	0.405442	0.412748	0.406736	0.417122	0.431547	0.420531	0.41688	0.420732	0.515327	0.495887	0.467705	0.321722	0.348157	0.361825	0.440075	0.359926	0.352204	0.423418	0.417541	0.432989	0.347788	0.33223	0.338994	0.333584	0.331839	0.336585	0.556314	0.546209	0.564493	0.406765	0.408789	0.410893	0.400092	0.42049	0.246617	0.241287	0	0.241109	0.459012	0.404872	0.395282	0.37315	0.372254	0.368477	0.616775	0.573747	0.553582	0.562506	0.563678	0.575698	0.351579	0.347792	0.352089	0.327338	0.328143	0.32769	0.480851	0.443774	0.430415	0.430275	0.426884	0.443044	0.411133	0.413309	0.411915	0.434508	0.434129	0.432852	0.472985	0.468006	0.468148	0.510844	0.507705	0.509873	0.448718	0.458334	0.461874	0.474116	0.461273	0.463381	0.398917	0.399743	0.401052	0.402427	0.405412	0.405081	0.38362	0.312524	0.308769	0.306877	0.307253	0.305959
ERR605780-k20-n1-x5e9	0.443389	0.421876	0.416469	0.4098	0.410051	0.417584	0.410392	0.420712	0.435232	0.424279	0.420603	0.424731	0.518997	0.499801	0.471013	0.324257	0.351039	0.364788	0.44257	0.363246	0.355527	0.427168	0.421389	0.436772	0.348427	0.33241	0.339317	0.335409	0.333424	0.338262	0.559967	0.550097	0.568203	0.410377	0.412671	0.41457	0.404239	0.424436	0.247558	0.241897	0.241109	0	0.462447	0.409117	0.399694	0.377123	0.376244	0.372242	0.618899	0.576665	0.556575	0.565647	0.566691	0.578555	0.354954	0.351201	0.355895	0.33004	0.330603	0.330104	0.483378	0.44681	0.433273	0.433036	0.429678	0.445905	0.412365	0.414654	0.413205	0.437525	0.437142	0.435887	0.473592	0.4687	0.468692	0.512813	0.509633	0.511703	0.451846	0.461397	0.46503	0.477424	0.463598	0.465845	0.399013	0.399693	0.401057	0.402904	0.404361	0.404231	0.385709	0.315013	0.311088	0.309002	0.309291	0.307848
ERR608531-k20-n1-x5e9	0.360294	0.41093	0.434815	0.397103	0.392312	0.385364	0.391888	0.383971	0.375081	0.381797	0.382872	0.381426	0.37588	0.366805	0.357585	0.42376	0.39289	0.382429	0.331692	0.36157	0.375638	0.324849	0.325443	0.322808	0.4127	0.467781	0.479769	0.414446	0.418593	0.409733	0.399992	0.392668	0.405197	0.357322	0.356373	0.356817	0.35085	0.352324	0.456374	0.457497	0.459012	0.462447	0	0.301466	0.318287	0.340605	0.340104	0.344392	0.537632	0.49924	0.490087	0.492838	0.494281	0.501215	0.368343	0.374418	0.371028	0.43014	0.428184	0.428162	0.476208	0.48786	0.498467	0.500669	0.504609	0.488517	0.53131	0.539202	0.53877	0.507186	0.508205	0.509333	0.569617	0.570173	0.570174	0.55549	0.556861	0.554464	0.487013	0.475357	0.473071	0.473197	0.47285	0.471537	0.543153	0.536155	0.533758	0.53342	0.537434	0.536565	0.344988	0.402842	0.41565	0.413699	0.411598	0.414792
