	ERR605878-k20-n1-x5e9	ERR605879-k20-n1-x5e9	ERR605880-k20-n1-x5e9	ERR605881-k20-n1-x5e9	ERR605882-k20-n1-x5e9	ERR605883-k20-n1-x5e9	ERR608263-k20-n1-x5e9	ERR608264-k20-n1-x5e9	ERR608265-k20-n1-x5e9	ERR608266-k20-n1-x5e9	ERR608267-k20-n1-x5e9	ERR608268-k20-n1-x5e9	ERR605521-k20-n1-x5e9	ERR605522-k20-n1-x5e9	ERR605523-k20-n1-x5e9	ERR605524-k20-n1-x5e9	ERR605525-k20-n1-x5e9	ERR605526-k20-n1-x5e9	ERR607152-k20-n1-x5e9	ERR607153-k20-n1-x5e9	ERR607154-k20-n1-x5e9	ERR607155-k20-n1-x5e9	ERR607156-k20-n1-x5e9	ERR607157-k20-n1-x5e9	ERR607230-k20-n1-x5e9	ERR607231-k20-n1-x5e9	ERR607232-k20-n1-x5e9	ERR607233-k20-n1-x5e9	ERR607234-k20-n1-x5e9	ERR607235-k20-n1-x5e9	ERR608853-k20-n1-x5e9	ERR608854-k20-n1-x5e9	ERR608855-k20-n1-x5e9	ERR608856-k20-n1-x5e9	ERR608857-k20-n1-x5e9	ERR608858-k20-n1-x5e9	ERR606642-k20-n1-x5e9	ERR606643-k20-n1-x5e9	ERR606644-k20-n1-x5e9	ERR606645-k20-n1-x5e9	ERR606646-k20-n1-x5e9	ERR606647-k20-n1-x5e9	ERR607475-k20-n1-x5e9	ERR607476-k20-n1-x5e9	ERR607477-k20-n1-x5e9	ERR607478-k20-n1-x5e9	ERR607479-k20-n1-x5e9	ERR607480-k20-n1-x5e9	ERR608757-k20-n1-x5e9	ERR608758-k20-n1-x5e9	ERR608759-k20-n1-x5e9	ERR608760-k20-n1-x5e9	ERR608761-k20-n1-x5e9	ERR608762-k20-n1-x5e9	ERR605695-k20-n1-x5e9	ERR605696-k20-n1-x5e9	ERR605697-k20-n1-x5e9	ERR605698-k20-n1-x5e9	ERR605699-k20-n1-x5e9	ERR605700-k20-n1-x5e9	ERR605259-k20-n1-x5e9	ERR605260-k20-n1-x5e9	ERR605261-k20-n1-x5e9	ERR605262-k20-n1-x5e9	ERR605263-k20-n1-x5e9	ERR605264-k20-n1-x5e9	ERR607899-k20-n1-x5e9	ERR607900-k20-n1-x5e9	ERR607901-k20-n1-x5e9	ERR607902-k20-n1-x5e9	ERR607903-k20-n1-x5e9	ERR607904-k20-n1-x5e9	ERR607609-k20-n1-x5e9	ERR607610-k20-n1-x5e9	ERR607611-k20-n1-x5e9	ERR607612-k20-n1-x5e9	ERR607613-k20-n1-x5e9	ERR607614-k20-n1-x5e9	ERR608507-k20-n1-x5e9	ERR608508-k20-n1-x5e9	ERR608509-k20-n1-x5e9	ERR608510-k20-n1-x5e9	ERR608511-k20-n1-x5e9	ERR608512-k20-n1-x5e9	ERR608579-k20-n1-x5e9	ERR608580-k20-n1-x5e9	ERR608581-k20-n1-x5e9	ERR608582-k20-n1-x5e9	ERR608583-k20-n1-x5e9	ERR608584-k20-n1-x5e9	ERR605928-k20-n1-x5e9	ERR605929-k20-n1-x5e9	ERR605930-k20-n1-x5e9	ERR605931-k20-n1-x5e9	ERR605932-k20-n1-x5e9	ERR605933-k20-n1-x5e9
ERR605878-k20-n1-x5e9	0	1.02892	0.944544	0.954704	0.954458	0.95462	1.08876	1.05663	1.04575	1.03528	1.03565	1.03706	1.04336	1.04754	1.05457	1.04615	1.0467	1.04593	1.0892	1.03197	1.09897	1.05223	1.05643	1.12035	1.16015	1.08389	1.17028	1.11233	1.11698	1.20173	1.08066	1.04089	1.03586	1.03933	1.04032	1.04006	1.14104	1.05012	1.05098	1.09543	1.0597	1.06469	1.11766	1.11559	1.11857	1.06438	1.06457	1.0653	1.15639	1.1345	1.12642	1.1249	1.12504	1.13508	1.1325	1.1372	1.13936	1.14384	1.16186	1.15879	1.15048	1.15456	1.177	1.16518	1.16391	1.16305	1.1183	1.11154	1.11224	1.12195	1.12079	1.11956	1.11366	1.12214	1.12177	1.12043	1.12208	1.12163	1.12997	1.12646	1.12802	1.15378	1.1528	1.15253	1.0426	1.00139	1.00231	1.00193	1.00073	1.00263	1.20014	1.1506	1.14834	1.17301	1.177	1.17992
ERR605879-k20-n1-x5e9	1.02892	0	0.960969	0.967561	0.966226	0.966897	1.09151	1.0652	1.05692	1.04125	1.04085	1.04219	1.04708	1.05126	1.06159	1.05112	1.0504	1.05074	1.09066	1.03676	1.10178	1.05999	1.06381	1.12356	1.16336	1.09046	1.17231	1.11548	1.11966	1.20378	1.08312	1.04727	1.04043	1.04572	1.04727	1.04616	1.14324	1.05437	1.05418	1.09789	1.06497	1.07304	1.121	1.1201	1.12225	1.06807	1.069	1.06911	1.1615	1.1433	1.13262	1.1305	1.12968	1.14391	1.13755	1.14217	1.14394	1.14992	1.16789	1.16362	1.15575	1.15894	1.18281	1.16833	1.16826	1.16699	1.12501	1.11711	1.11803	1.12793	1.1267	1.12554	1.11898	1.12718	1.12742	1.12595	1.12778	1.12727	1.13591	1.13128	1.13259	1.1584	1.15835	1.15851	1.04968	1.00779	1.00487	1.00607	1.00666	1.00709	1.20461	1.15865	1.15651	1.1798	1.18434	1.18632
ERR605880-k20-n1-x5e9	0.944544	0.960969	0	0.842383	0.841832	0.841902	1.01289	0.9701	0.962562	0.944657	0.945347	0.947081	0.952242	0.958925	0.969422	0.95764	0.956852	0.958022	1.01429	0.941411	1.0292	0.967425	0.972879	1.05984	1.10329	1.00852	1.12339	1.04813	1.05296	1.16119	1.0012	0.953488	0.944894	0.950908	0.952589	0.951915	1.0743	0.958504	0.960282	1.01766	0.972616	0.979777	1.05507	1.05095	1.05952	0.979281	0.979647	0.980211	1.09489	1.06099	1.05074	1.04934	1.04712	1.06312	1.05644	1.0624	1.06671	1.07379	1.0946	1.09067	1.07911	1.08446	1.1144	1.10004	1.09834	1.09706	1.0366	1.02741	1.02799	1.04817	1.04424	1.04189	1.03367	1.04488	1.04507	1.0433	1.04513	1.04511	1.05574	1.05003	1.05236	1.09143	1.08976	1.09068	0.954321	0.900412	0.899076	0.901841	0.899458	0.900164	1.1462	1.0842	1.08101	1.11694	1.12185	1.12496
ERR605881-k20-n1-x5e9	0.954704	0.967561	0.842383	0	0.84197	0.840541	1.01534	0.975864	0.966535	0.949408	0.950805	0.950441	0.955106	0.96007	0.972459	0.958645	0.958668	0.95915	1.01537	0.946714	1.03126	0.971707	0.976413	1.06255	1.10441	1.01094	1.12684	1.04935	1.05503	1.16329	1.00177	0.956224	0.947167	0.953526	0.955581	0.954472	1.07337	0.960539	0.961046	1.01597	0.972673	0.979958	1.05934	1.05562	1.06253	0.983463	0.984301	0.985219	1.09387	1.06536	1.05419	1.0519	1.05194	1.0656	1.05832	1.06537	1.06999	1.07649	1.09524	1.09113	1.08252	1.08648	1.11696	1.10327	1.10207	1.09996	1.04145	1.03181	1.03252	1.04822	1.04945	1.04756	1.03927	1.04775	1.04884	1.04666	1.04856	1.04772	1.05743	1.05252	1.0537	1.09205	1.09365	1.09156	0.956842	0.905823	0.901731	0.902704	0.900738	0.902659	1.14944	1.09	1.08696	1.12056	1.12347	1.12607
ERR605882-k20-n1-x5e9	0.954458	0.966226	0.841832	0.84197	0	0.836734	1.01284	0.973119	0.967392	0.948352	0.948123	0.949036	0.951955	0.956495	0.970334	0.957325	0.958228	0.957444	1.01365	0.944698	1.03177	0.970461	0.975007	1.06154	1.10225	1.0102	1.12647	1.04823	1.05366	1.16242	0.999446	0.954326	0.946151	0.952377	0.952662	0.952299	1.07008	0.956207	0.958834	1.0147	0.968786	0.976107	1.05642	1.05339	1.06118	0.980879	0.9816	0.981815	1.09255	1.06272	1.05213	1.04978	1.04965	1.06403	1.05749	1.06432	1.06766	1.07415	1.09293	1.08824	1.08047	1.0851	1.11494	1.1007	1.09898	1.09722	1.03828	1.02896	1.02894	1.0466	1.04772	1.04648	1.03627	1.04634	1.04588	1.04478	1.04631	1.04669	1.05579	1.05222	1.05164	1.09106	1.09185	1.09017	0.953415	0.901681	0.901003	0.901401	0.899874	0.900563	1.14802	1.08928	1.08672	1.12034	1.12289	1.126
ERR605883-k20-n1-x5e9	0.95462	0.966897	0.841902	0.840541	0.836734	0	1.01058	0.971989	0.966271	0.946404	0.946151	0.947213	0.950482	0.957263	0.968731	0.956841	0.956918	0.956887	1.01123	0.943734	1.0312	0.969869	0.973642	1.06121	1.10092	1.0095	1.12551	1.04875	1.05212	1.16184	0.997022	0.951723	0.945214	0.950473	0.950752	0.950742	1.06675	0.953584	0.956198	1.01184	0.965967	0.973603	1.05574	1.05328	1.06062	0.979991	0.980635	0.981341	1.09139	1.06245	1.05225	1.05084	1.04935	1.06331	1.05664	1.06307	1.06773	1.07468	1.09183	1.08724	1.07978	1.08441	1.1141	1.09973	1.09765	1.09587	1.0375	1.02928	1.0288	1.04638	1.04761	1.04641	1.03572	1.04617	1.04664	1.04428	1.04584	1.04597	1.05538	1.05195	1.05253	1.09162	1.09141	1.0905	0.950848	0.900065	0.899705	0.899413	0.898085	0.899036	1.14743	1.09044	1.08745	1.12134	1.12337	1.12669
ERR608263-k20-n1-x5e9	1.08876	1.09151	1.01289	1.01534	1.01284	1.01058	0	0.863719	0.85139	0.838549	0.837298	0.839801	0.971888	0.977353	0.989302	0.978095	0.976052	0.978384	1.01323	0.975795	1.05775	0.999121	1.00319	1.08014	1.11464	1.03762	1.13882	1.06625	1.07238	1.17432	0.977732	0.952378	0.94569	0.952364	0.95235	0.95127	1.05285	0.957383	0.958432	1.00154	0.969964	0.972445	1.08203	1.08082	1.08374	1.01362	1.01457	1.01471	1.12099	1.1081	1.10166	1.09942	1.0978	1.10938	1.10118	1.10461	1.10641	1.11968	1.13726	1.1356	1.12313	1.12648	1.16078	1.13446	1.13287	1.13288	1.07175	1.06638	1.06374	1.07974	1.07927	1.0769	1.07724	1.09401	1.09453	1.09566	1.09985	1.10044	1.10246	1.09722	1.09659	1.12505	1.12473	1.12384	0.954842	0.917225	0.922327	0.917696	0.916402	0.918766	1.18699	1.14462	1.14289	1.16448	1.16769	1.1721
ERR608264-k20-n1-x5e9	1.05663	1.0652	0.9701	0.975864	0.973119	0.971989	0.863719	0	0.812553	0.792316	0.789993	0.793133	0.937038	0.943125	0.954024	0.943434	0.941391	0.942975	0.993972	0.933013	1.02056	0.958201	0.963178	1.05099	1.09348	1.00831	1.12224	1.04802	1.05285	1.1592	0.957653	0.914	0.907627	0.912018	0.913615	0.912815	1.03194	0.927245	0.926757	0.982351	0.937319	0.945422	1.05764	1.05323	1.06158	0.984246	0.9859	0.987051	1.10225	1.07265	1.06232	1.0617	1.06022	1.07308	1.07665	1.08101	1.08406	1.09221	1.10787	1.10479	1.09813	1.10366	1.132	1.1173	1.11556	1.11388	1.03942	1.03135	1.03061	1.05192	1.0494	1.04653	1.05084	1.06244	1.06226	1.0623	1.06412	1.06288	1.06384	1.06001	1.06074	1.09983	1.09906	1.1	0.928298	0.882049	0.88264	0.883346	0.884591	0.885528	1.16566	1.11091	1.10704	1.14139	1.14605	1.14962
ERR608265-k20-n1-x5e9	1.04575	1.05692	0.962562	0.966535	0.967392	0.966271	0.85139	0.812553	0	0.776263	0.777174	0.778834	0.930957	0.935172	0.946067	0.93429	0.934241	0.934794	0.985034	0.925119	1.0147	0.948841	0.954242	1.04027	1.09108	0.99897	1.11627	1.03958	1.04563	1.15581	0.950744	0.905092	0.896282	0.90356	0.905049	0.903608	1.02899	0.921424	0.919797	0.977916	0.930894	0.936198	1.0477	1.04504	1.0534	0.975377	0.977173	0.977285	1.09394	1.06434	1.05631	1.05382	1.05279	1.06524	1.06836	1.0741	1.07638	1.08796	1.10354	1.10062	1.0914	1.09829	1.12904	1.10941	1.10869	1.10763	1.03209	1.02204	1.02219	1.04013	1.03695	1.03412	1.04048	1.0569	1.05897	1.05569	1.05669	1.05594	1.05906	1.0536	1.05301	1.09017	1.08911	1.09025	0.92179	0.87099	0.863163	0.865987	0.866592	0.866937	1.16145	1.09825	1.09652	1.13458	1.13951	1.14316
ERR608266-k20-n1-x5e9	1.03528	1.04125	0.944657	0.949408	0.948352	0.946404	0.838549	0.792316	0.776263	0	0.75154	0.750202	0.904366	0.915293	0.931096	0.918245	0.914543	0.916376	0.970567	0.899941	1.00367	0.932735	0.936908	1.02882	1.08178	0.98431	1.10287	1.02847	1.0352	1.14938	0.931593	0.889718	0.878977	0.887933	0.88717	0.887347	1.01642	0.891561	0.898241	0.959129	0.913015	0.919892	1.03693	1.03602	1.03887	0.960911	0.962804	0.962429	1.07552	1.05298	1.04726	1.04325	1.04187	1.055	1.05598	1.06153	1.06414	1.07328	1.09465	1.09171	1.08213	1.08559	1.12045	1.09894	1.09709	1.09633	1.01869	1.01325	1.01201	1.02644	1.02316	1.02187	1.02771	1.04213	1.04117	1.04096	1.0475	1.0471	1.05019	1.04238	1.04258	1.07372	1.07259	1.07257	0.905684	0.846333	0.843658	0.846667	0.844559	0.8456	1.1536	1.08905	1.08765	1.12509	1.12998	1.13506
ERR608267-k20-n1-x5e9	1.03565	1.04085	0.945347	0.950805	0.948123	0.946151	0.837298	0.789993	0.777174	0.75154	0	0.750974	0.904756	0.917191	0.931134	0.916795	0.914848	0.917889	0.969783	0.899779	1.00298	0.932379	0.93605	1.02847	1.08164	0.984638	1.1028	1.02903	1.03361	1.14876	0.931713	0.887889	0.878293	0.886287	0.887546	0.886104	1.01705	0.89297	0.897041	0.95833	0.911365	0.917168	1.03483	1.03529	1.03801	0.959688	0.961667	0.963103	1.07652	1.05427	1.04862	1.04428	1.04129	1.05448	1.05569	1.06171	1.06391	1.07322	1.09426	1.09122	1.08265	1.08527	1.11971	1.09821	1.09768	1.09621	1.01711	1.01464	1.01186	1.02726	1.02385	1.0222	1.02843	1.04256	1.04205	1.04267	1.048	1.0477	1.05105	1.04206	1.04322	1.07326	1.07278	1.07374	0.903534	0.844288	0.844047	0.843718	0.844986	0.844059	1.15352	1.08895	1.08652	1.12569	1.13115	1.13521
ERR608268-k20-n1-x5e9	1.03706	1.04219	0.947081	0.950441	0.949036	0.947213	0.839801	0.793133	0.778834	0.750202	0.750974	0	0.904902	0.913969	0.931709	0.915611	0.913908	0.915635	0.968382	0.900277	1.00345	0.93191	0.938615	1.02969	1.08159	0.98495	1.10289	1.02848	1.03553	1.14875	0.931822	0.889493	0.876319	0.889326	0.888741	0.888739	1.01576	0.890768	0.895624	0.956646	0.913814	0.917721	1.03739	1.03678	1.03936	0.960433	0.961403	0.962574	1.07567	1.0552	1.04713	1.04366	1.04241	1.0572	1.05755	1.06129	1.0649	1.07445	1.0944	1.09381	1.08243	1.08663	1.1206	1.09821	1.09717	1.09579	1.01946	1.01349	1.01126	1.02669	1.02409	1.02303	1.02786	1.04219	1.04186	1.04175	1.0474	1.04735	1.05006	1.04267	1.04179	1.07378	1.07284	1.07295	0.904465	0.84552	0.844144	0.843786	0.845094	0.846628	1.15327	1.09118	1.08865	1.12565	1.1308	1.13496
ERR605521-k20-n1-x5e9	1.04336	1.04708	0.952242	0.955106	0.951955	0.950482	0.971888	0.937038	0.930957	0.904366	0.904756	0.904902	0	0.719626	0.739309	0.723345	0.721208	0.723764	0.966473	0.895874	0.999831	0.929162	0.9343	1.02943	0.956247	0.875419	0.968429	0.90475	0.913299	1.01023	0.964794	0.919565	0.90773	0.916665	0.917696	0.91804	1.00585	0.868549	0.871987	0.94001	0.889781	0.900622	1.04941	1.05001	1.05363	0.972425	0.975092	0.973661	1.09035	1.07615	1.06288	1.05931	1.05884	1.07663	1.02415	1.02532	1.02592	1.03309	1.05203	1.04691	1.00904	1.01417	1.02926	1.01383	1.01272	1.0157	1.04875	1.03674	1.03548	1.05149	1.05113	1.05016	1.04542	1.06118	1.06079	1.06083	1.06238	1.06263	1.06774	1.06207	1.06212	1.09249	1.09272	1.09249	0.950502	0.894224	0.890617	0.891843	0.889697	0.891582	1.08026	1.03826	1.03747	1.05466	1.06	1.06419
ERR605522-k20-n1-x5e9	1.04754	1.05126	0.958925	0.96007	0.956495	0.957263	0.977353	0.943125	0.935172	0.915293	0.917191	0.913969	0.719626	0	0.753481	0.732595	0.731776	0.733469	0.971578	0.902017	1.00552	0.935772	0.939578	1.03306	0.951585	0.877189	0.964811	0.905416	0.913067	1.00665	0.967916	0.930806	0.916931	0.928291	0.930522	0.929022	1.00489	0.874729	0.879223	0.944299	0.9008	0.904515	1.05351	1.05208	1.05612	0.979067	0.981569	0.980945	1.09444	1.07704	1.06926	1.06656	1.06552	1.07727	1.02654	1.02638	1.02634	1.03536	1.05349	1.05047	1.01189	1.01434	1.03195	1.01515	1.01515	1.01649	1.04873	1.04322	1.04187	1.05715	1.05716	1.05447	1.05113	1.06354	1.06454	1.06315	1.06809	1.06919	1.0747	1.06837	1.06821	1.09818	1.09675	1.097	0.954163	0.900092	0.896999	0.897462	0.895497	0.896146	1.07959	1.03967	1.03798	1.05604	1.06084	1.06578
ERR605523-k20-n1-x5e9	1.05457	1.06159	0.969422	0.972459	0.970334	0.968731	0.989302	0.954024	0.946067	0.931096	0.931134	0.931709	0.739309	0.753481	0	0.75166	0.753344	0.751288	0.98314	0.919053	1.01741	0.946679	0.951902	1.04019	0.950141	0.887953	0.969096	0.908767	0.914857	1.00429	0.979355	0.93898	0.93205	0.936711	0.938508	0.93742	1.00957	0.890629	0.897856	0.955194	0.907764	0.91457	1.05909	1.05871	1.06286	0.988386	0.989801	0.989753	1.10629	1.08377	1.07624	1.07605	1.07558	1.08481	1.03049	1.03357	1.03445	1.04275	1.05793	1.0531	1.01665	1.01786	1.03418	1.01976	1.01939	1.02059	1.05832	1.05076	1.05022	1.06612	1.0662	1.06367	1.06165	1.07533	1.07503	1.07493	1.07764	1.07591	1.08064	1.08001	1.08067	1.11008	1.10785	1.10886	0.96576	0.914015	0.909806	0.908552	0.908738	0.90868	1.08222	1.04402	1.04331	1.05974	1.06399	1.06848
ERR605524-k20-n1-x5e9	1.04615	1.05112	0.95764	0.958645	0.957325	0.956841	0.978095	0.943434	0.93429	0.918245	0.916795	0.915611	0.723345	0.732595	0.75166	0	0.728206	0.732768	0.972354	0.902683	1.00489	0.934497	0.938834	1.03194	0.949398	0.877376	0.963322	0.903674	0.91239	1.00487	0.968859	0.931638	0.918144	0.928914	0.930597	0.929873	1.00595	0.875856	0.882518	0.945691	0.899038	0.906521	1.05193	1.0519	1.05421	0.979379	0.98079	0.981481	1.09654	1.07601	1.0698	1.06815	1.06561	1.07805	1.025	1.02605	1.02729	1.0363	1.05369	1.05172	1.01378	1.01444	1.03179	1.01617	1.01484	1.01636	1.05011	1.04461	1.04203	1.05837	1.05713	1.05479	1.05224	1.06487	1.06473	1.06498	1.07049	1.07009	1.07623	1.06822	1.06897	1.09864	1.09805	1.09843	0.955565	0.899838	0.898804	0.897243	0.89826	0.896474	1.07905	1.03781	1.03644	1.05509	1.06025	1.06554
ERR605525-k20-n1-x5e9	1.0467	1.0504	0.956852	0.958668	0.958228	0.956918	0.976052	0.941391	0.934241	0.914543	0.914848	0.913908	0.721208	0.731776	0.753344	0.728206	0	0.728095	0.97077	0.901192	1.0057	0.934293	0.939383	1.03159	0.950501	0.875553	0.96372	0.904243	0.911827	1.00633	0.968249	0.929553	0.915453	0.926907	0.929006	0.927547	1.00601	0.874125	0.879127	0.944487	0.901115	0.904283	1.05138	1.05168	1.05443	0.976954	0.979429	0.97983	1.09395	1.07633	1.06873	1.06637	1.06459	1.076	1.02585	1.02608	1.02591	1.03514	1.05442	1.05139	1.0119	1.01352	1.03246	1.01477	1.01364	1.01525	1.04893	1.04242	1.04086	1.0576	1.05628	1.05366	1.05145	1.06431	1.06414	1.06351	1.06813	1.06859	1.0743	1.06856	1.06841	1.09666	1.09612	1.09653	0.953594	0.899964	0.895251	0.895966	0.894246	0.895741	1.07866	1.03919	1.03655	1.05507	1.06087	1.06466
ERR605526-k20-n1-x5e9	1.04593	1.05074	0.958022	0.95915	0.957444	0.956887	0.978384	0.942975	0.934794	0.916376	0.917889	0.915635	0.723764	0.733469	0.751288	0.732768	0.728095	0	0.972865	0.901968	1.00532	0.935362	0.939949	1.03239	0.949521	0.87608	0.963869	0.903706	0.912631	1.00489	0.969544	0.932208	0.91956	0.930315	0.929633	0.930645	1.00618	0.877313	0.882214	0.945568	0.899584	0.905757	1.05206	1.05082	1.05428	0.978842	0.98008	0.981451	1.0962	1.07665	1.07014	1.06795	1.06447	1.07773	1.02505	1.02493	1.02651	1.03548	1.05367	1.05075	1.01404	1.01389	1.03142	1.01598	1.01576	1.017	1.05037	1.04383	1.04274	1.0583	1.05679	1.05438	1.05279	1.06477	1.06497	1.06489	1.06928	1.07017	1.07693	1.06851	1.07	1.09861	1.09638	1.09827	0.954176	0.899895	0.89527	0.897121	0.8963	0.896438	1.07908	1.03752	1.03661	1.05477	1.05996	1.0649
ERR607152-k20-n1-x5e9	1.0892	1.09066	1.01429	1.01537	1.01365	1.01123	1.01323	0.993972	0.985034	0.970567	0.969783	0.968382	0.966473	0.971578	0.98314	0.972354	0.97077	0.972865	0	0.843255	0.952327	0.873736	0.881447	0.985404	1.10693	1.02694	1.12849	1.05602	1.06247	1.1647	0.996026	0.967252	0.958917	0.964763	0.966438	0.965283	1.04503	0.940235	0.942212	0.987239	0.953916	0.958411	1.1005	1.09923	1.10163	1.03313	1.0344	1.03389	1.12692	1.11282	1.1057	1.10358	1.10235	1.11422	1.0951	1.09831	1.09993	1.1126	1.13109	1.1288	1.10806	1.11187	1.14654	1.12059	1.11887	1.11848	1.08107	1.07505	1.07298	1.0887	1.08696	1.08596	1.08262	1.10033	1.10008	1.10092	1.10513	1.10582	1.11003	1.10469	1.10463	1.1335	1.13279	1.13239	0.994443	0.95281	0.954472	0.950942	0.950894	0.951043	1.1788	1.13751	1.13525	1.15627	1.15936	1.16368
ERR607153-k20-n1-x5e9	1.03197	1.03676	0.941411	0.946714	0.944698	0.943734	0.975795	0.933013	0.925119	0.899941	0.899779	0.900277	0.895874	0.902017	0.919053	0.902683	0.901192	0.901968	0.843255	0	0.876948	0.784171	0.792615	0.916513	1.07941	0.970824	1.0913	1.01341	1.02018	1.13835	0.958104	0.904776	0.891974	0.902023	0.903469	0.902906	1.02215	0.876621	0.879031	0.946671	0.898042	0.908935	1.05671	1.05535	1.05957	0.979809	0.981341	0.9805	1.08101	1.06276	1.04716	1.04405	1.04286	1.06362	1.04766	1.05246	1.05401	1.06286	1.08885	1.08352	1.06352	1.07027	1.10349	1.08164	1.08071	1.08035	1.03452	1.02053	1.0211	1.03577	1.03472	1.03307	1.03275	1.0494	1.04866	1.04762	1.04971	1.04918	1.05562	1.04882	1.04976	1.08038	1.08062	1.08035	0.948815	0.88715	0.882345	0.883978	0.883081	0.884946	1.1441	1.07673	1.07494	1.10828	1.11429	1.1179
ERR607154-k20-n1-x5e9	1.09897	1.10178	1.0292	1.03126	1.03177	1.0312	1.05775	1.02056	1.0147	1.00367	1.00298	1.00345	0.999831	1.00552	1.01741	1.00489	1.0057	1.00532	0.952327	0.876948	0	0.903027	0.908123	1.00474	1.13483	1.04644	1.144	1.08477	1.0907	1.17981	1.03743	1.00569	0.996171	1.00381	1.00498	1.00383	1.09017	0.986624	0.988692	1.03367	1.00183	1.00256	1.11997	1.1184	1.12087	1.05708	1.05838	1.05766	1.1469	1.12929	1.12309	1.12083	1.12016	1.13024	1.11422	1.12298	1.12601	1.13438	1.15221	1.14951	1.12707	1.13238	1.16477	1.14859	1.14726	1.14646	1.1043	1.09347	1.09408	1.11517	1.11321	1.11082	1.11065	1.12222	1.1221	1.12135	1.12415	1.12341	1.12893	1.12473	1.12484	1.14642	1.14635	1.14624	1.02979	0.993827	0.988618	0.989572	0.990142	0.990441	1.19287	1.14349	1.14122	1.16765	1.17139	1.17427
ERR607155-k20-n1-x5e9	1.05223	1.05999	0.967425	0.971707	0.970461	0.969869	0.999121	0.958201	0.948841	0.932735	0.932379	0.93191	0.929162	0.935772	0.946679	0.934497	0.934293	0.935362	0.873736	0.784171	0.903027	0	0.820594	0.940646	1.08929	0.994292	1.1097	1.0332	1.04085	1.14774	0.982556	0.932918	0.924636	0.929862	0.932261	0.93065	1.03423	0.912199	0.914146	0.971018	0.927212	0.93655	1.07593	1.07072	1.08017	1.00534	1.00704	1.00737	1.10879	1.0771	1.06764	1.06681	1.06492	1.07764	1.06765	1.07214	1.07628	1.08337	1.10241	1.09901	1.08234	1.08893	1.11779	1.10226	1.10091	1.10023	1.05313	1.04197	1.04287	1.06327	1.05999	1.05808	1.05712	1.06966	1.07009	1.06796	1.07053	1.07051	1.07513	1.0704	1.07157	1.10931	1.10769	1.1084	0.971048	0.92198	0.918634	0.91935	0.921844	0.919125	1.15736	1.0977	1.09418	1.12892	1.13253	1.13563
ERR607156-k20-n1-x5e9	1.05643	1.06381	0.972879	0.976413	0.975007	0.973642	1.00319	0.963178	0.954242	0.936908	0.93605	0.938615	0.9343	0.939578	0.951902	0.938834	0.939383	0.939949	0.881447	0.792615	0.908123	0.820594	0	0.946467	1.09278	0.998488	1.11344	1.03777	1.04171	1.15019	0.985254	0.939578	0.928962	0.93616	0.936456	0.937451	1.0376	0.916405	0.917744	0.975654	0.931477	0.939012	1.07959	1.07528	1.08366	1.01038	1.01192	1.01174	1.11246	1.08145	1.07058	1.06942	1.06989	1.08213	1.07088	1.07763	1.08064	1.08713	1.10621	1.10172	1.0865	1.09128	1.12081	1.10742	1.10575	1.10414	1.05633	1.04705	1.04812	1.0652	1.0661	1.06329	1.06189	1.07283	1.07246	1.0718	1.07323	1.07298	1.07787	1.07389	1.07462	1.11358	1.11198	1.11251	0.976296	0.925505	0.925594	0.92429	0.9234	0.926022	1.16032	1.10255	1.09927	1.13175	1.13564	1.13824
ERR607157-k20-n1-x5e9	1.12035	1.12356	1.05984	1.06255	1.06154	1.06121	1.08014	1.05099	1.04027	1.02882	1.02847	1.02969	1.02943	1.03306	1.04019	1.03194	1.03159	1.03239	0.985404	0.916513	1.00474	0.940646	0.946467	0	1.15133	1.0778	1.16398	1.1058	1.11	1.19487	1.06791	1.02884	1.02298	1.02659	1.02796	1.02727	1.10905	1.01606	1.01613	1.06201	1.02309	1.03132	1.13982	1.13809	1.14051	1.08846	1.0893	1.09021	1.16732	1.14872	1.1417	1.13917	1.13878	1.14891	1.14119	1.14479	1.14736	1.15266	1.16806	1.16471	1.15337	1.15735	1.17974	1.16725	1.16671	1.16602	1.12939	1.12275	1.12291	1.13456	1.13401	1.1333	1.13223	1.14155	1.14137	1.13995	1.14203	1.14141	1.14581	1.14267	1.14325	1.16822	1.16887	1.16773	1.05825	1.01943	1.01817	1.01814	1.01776	1.01918	1.20969	1.16419	1.16226	1.18467	1.18806	1.19099
ERR607230-k20-n1-x5e9	1.16015	1.16336	1.10329	1.10441	1.10225	1.10092	1.11464	1.09348	1.09108	1.08178	1.08164	1.08159	0.956247	0.951585	0.950141	0.949398	0.950501	0.949521	1.10693	1.07941	1.13483	1.08929	1.09278	1.15133	0	0.877306	0.922619	0.8979	0.90303	0.941536	1.10699	1.08283	1.07916	1.08185	1.08143	1.08137	1.11901	1.05545	1.05477	1.09343	1.05811	1.06253	1.15772	1.15782	1.16082	1.11308	1.11422	1.11444	1.19252	1.17984	1.17432	1.17435	1.17303	1.18025	1.10687	1.10713	1.10431	1.11132	1.11295	1.10929	1.04458	1.04371	1.03537	1.03543	1.03443	1.03909	1.16387	1.1569	1.1538	1.17008	1.16942	1.16867	1.16441	1.17234	1.17348	1.17218	1.17351	1.17349	1.17663	1.17427	1.17363	1.1979	1.19709	1.19672	1.08604	1.06597	1.06459	1.06376	1.0644	1.06384	1.09892	1.09397	1.0932	1.09388	1.09875	1.1018
ERR607231-k20-n1-x5e9	1.08389	1.09046	1.00852	1.01094	1.0102	1.0095	1.03762	1.00831	0.99897	0.98431	0.984638	0.98495	0.875419	0.877189	0.887953	0.877376	0.875553	0.87608	1.02694	0.970824	1.04644	0.994292	0.998488	1.0778	0.877306	0	0.904589	0.827993	0.836576	0.938303	1.02765	0.990263	0.983023	0.987993	0.989274	0.988449	1.06263	0.961406	0.963778	1.01521	0.976673	0.981369	1.0934	1.09123	1.09688	1.03201	1.03046	1.03093	1.13297	1.10952	1.09728	1.09537	1.0954	1.11034	1.04593	1.05154	1.05345	1.05763	1.07121	1.06665	0.985431	0.986746	1.00128	0.989322	0.989275	0.993798	1.08793	1.07845	1.07874	1.0933	1.09272	1.09097	1.08936	1.09765	1.09794	1.09533	1.0976	1.09768	1.10241	1.09705	1.09811	1.13433	1.13479	1.13349	1.00854	0.964031	0.962003	0.960392	0.962295	0.961725	1.07705	1.05204	1.05037	1.05941	1.06464	1.06854
ERR607232-k20-n1-x5e9	1.17028	1.17231	1.12339	1.12684	1.12647	1.12551	1.13882	1.12224	1.11627	1.10287	1.1028	1.10289	0.968429	0.964811	0.969096	0.963322	0.96372	0.963869	1.12849	1.0913	1.144	1.1097	1.11344	1.16398	0.922619	0.904589	0	0.903329	0.906979	0.924177	1.13477	1.10867	1.10172	1.10755	1.10776	1.10822	1.1495	1.07936	1.08034	1.11736	1.08898	1.097	1.17473	1.17418	1.1761	1.135	1.13482	1.13526	1.20867	1.19672	1.18852	1.18713	1.18621	1.19796	1.11533	1.11358	1.11176	1.11403	1.12191	1.11735	1.06929	1.06908	1.05811	1.06131	1.06167	1.06501	1.18069	1.17497	1.17433	1.18434	1.18375	1.18256	1.18034	1.18681	1.18701	1.18623	1.18799	1.18816	1.19251	1.18835	1.18824	1.21023	1.20986	1.20911	1.12085	1.08904	1.08848	1.08803	1.08829	1.08771	1.09133	1.09424	1.09408	1.08273	1.0869	1.09108
ERR607233-k20-n1-x5e9	1.11233	1.11548	1.04813	1.04935	1.04823	1.04875	1.06625	1.04802	1.03958	1.02847	1.02903	1.02848	0.90475	0.905416	0.908767	0.903674	0.904243	0.903706	1.05602	1.01341	1.08477	1.0332	1.03777	1.1058	0.8979	0.827993	0.903329	0	0.854329	0.92966	1.0599	1.03248	1.02638	1.03065	1.03118	1.0312	1.09539	1.00328	1.00617	1.04383	1.01392	1.02085	1.11989	1.11946	1.1223	1.06237	1.06319	1.06368	1.15742	1.14267	1.13582	1.13386	1.13218	1.1441	1.06805	1.0693	1.06947	1.07759	1.09003	1.08661	1.01481	1.01539	1.01861	1.01372	1.01307	1.01664	1.11584	1.11053	1.10995	1.12409	1.12155	1.12019	1.11524	1.13222	1.13171	1.13245	1.1359	1.13634	1.1396	1.13538	1.13604	1.15945	1.15862	1.15916	1.04336	1.00737	1.00425	1.00343	1.00249	1.00414	1.08548	1.0667	1.06532	1.0645	1.07066	1.07426
ERR607234-k20-n1-x5e9	1.11698	1.11966	1.05296	1.05503	1.05366	1.05212	1.07238	1.05285	1.04563	1.0352	1.03361	1.03553	0.913299	0.913067	0.914857	0.91239	0.911827	0.912631	1.06247	1.02018	1.0907	1.04085	1.04171	1.11	0.90303	0.836576	0.906979	0.854329	0	0.933834	1.06407	1.03876	1.0347	1.03695	1.03785	1.03706	1.10062	1.01072	1.01285	1.0494	1.01966	1.02689	1.1242	1.12459	1.12628	1.06685	1.06728	1.06838	1.16139	1.14733	1.13998	1.14021	1.13833	1.14818	1.07379	1.07519	1.07505	1.08297	1.0951	1.09026	1.02217	1.02234	1.02499	1.01962	1.01919	1.02396	1.1215	1.11554	1.11595	1.13081	1.1281	1.12719	1.1215	1.13747	1.13746	1.13778	1.14115	1.14032	1.14425	1.14085	1.141	1.16308	1.16299	1.16245	1.04853	1.01513	1.01111	1.01203	1.01172	1.01086	1.08998	1.06916	1.06998	1.0692	1.07443	1.07953
ERR607235-k20-n1-x5e9	1.20173	1.20378	1.16119	1.16329	1.16242	1.16184	1.17432	1.1592	1.15581	1.14938	1.14876	1.14875	1.01023	1.00665	1.00429	1.00487	1.00633	1.00489	1.1647	1.13835	1.17981	1.14774	1.15019	1.19487	0.941536	0.938303	0.924177	0.92966	0.933834	0	1.16997	1.15245	1.1489	1.15109	1.15124	1.15165	1.17817	1.12406	1.12712	1.15034	1.12998	1.13395	1.20383	1.20303	1.20513	1.17057	1.17073	1.17066	1.23674	1.22513	1.22044	1.21965	1.2196	1.2258	1.13595	1.13311	1.13218	1.13716	1.13989	1.13709	1.09667	1.09352	1.08212	1.0875	1.08669	1.08952	1.21062	1.20677	1.20596	1.21594	1.21528	1.21441	1.21141	1.2196	1.21978	1.21934	1.22101	1.22054	1.22273	1.22017	1.22032	1.23782	1.23751	1.23694	1.15742	1.13636	1.13425	1.13429	1.13417	1.13434	1.09772	1.10631	1.10726	1.08933	1.09442	1.09714
ERR608853-k20-n1-x5e9	1.08066	1.08312	1.0012	1.00177	0.999446	0.997022	0.977732	0.957653	0.950744	0.931593	0.931713	0.931822	0.964794	0.967916	0.979355	0.968859	0.968249	0.969544	0.996026	0.958104	1.03743	0.982556	0.985254	1.06791	1.10699	1.02765	1.13477	1.0599	1.06407	1.16997	0	0.833718	0.827067	0.834565	0.837446	0.835255	1.03987	0.939821	0.940437	0.989821	0.95096	0.957372	1.07047	1.07092	1.07345	0.999208	1.00035	1.00066	1.11279	1.09877	1.08654	1.08297	1.08111	1.09893	1.09429	1.09563	1.09711	1.10602	1.12568	1.12149	1.11526	1.12047	1.1509	1.12527	1.12538	1.12546	1.06472	1.05903	1.05504	1.0704	1.07027	1.06992	1.06784	1.07589	1.07695	1.07734	1.08308	1.08351	1.08767	1.08063	1.08052	1.11897	1.11757	1.1175	0.954528	0.917243	0.916943	0.915185	0.915154	0.914434	1.1776	1.13746	1.13638	1.16032	1.16301	1.1666
ERR608854-k20-n1-x5e9	1.04089	1.04727	0.953488	0.956224	0.954326	0.951723	0.952378	0.914	0.905092	0.889718	0.887889	0.889493	0.919565	0.930806	0.93898	0.931638	0.929553	0.932208	0.967252	0.904776	1.00569	0.932918	0.939578	1.02884	1.08283	0.990263	1.10867	1.03248	1.03876	1.15245	0.833718	0	0.7741	0.781425	0.782708	0.780807	1.01331	0.894402	0.900532	0.958334	0.912628	0.917664	1.03497	1.03345	1.03769	0.95777	0.957752	0.959502	1.08098	1.05677	1.04932	1.04943	1.04838	1.05851	1.05688	1.06255	1.06541	1.07593	1.09354	1.09054	1.08487	1.08916	1.12157	1.10076	1.10099	1.09898	1.02546	1.01785	1.01951	1.03291	1.03186	1.03297	1.03327	1.0473	1.04592	1.04737	1.05131	1.04965	1.05223	1.04986	1.05099	1.08179	1.07956	1.08194	0.921794	0.866297	0.862668	0.864098	0.862582	0.863747	1.15663	1.09587	1.09213	1.13249	1.13568	1.13965
ERR608855-k20-n1-x5e9	1.03586	1.04043	0.944894	0.947167	0.946151	0.945214	0.94569	0.907627	0.896282	0.878977	0.878293	0.876319	0.90773	0.916931	0.93205	0.918144	0.915453	0.91956	0.958917	0.891974	0.996171	0.924636	0.928962	1.02298	1.07916	0.983023	1.10172	1.02638	1.0347	1.1489	0.827067	0.7741	0	0.773493	0.777654	0.774991	1.0104	0.883079	0.888446	0.950804	0.905119	0.911743	1.03051	1.02984	1.03199	0.951487	0.951591	0.952971	1.07313	1.05153	1.0451	1.04265	1.03936	1.05329	1.05163	1.05694	1.05952	1.07034	1.09079	1.08984	1.08063	1.08486	1.11866	1.09687	1.09529	1.09423	1.01916	1.01393	1.01173	1.02814	1.0253	1.02309	1.02636	1.03914	1.03869	1.03951	1.04551	1.04509	1.04961	1.04072	1.0416	1.073	1.07236	1.0731	0.917284	0.856334	0.855588	0.854813	0.856249	0.854464	1.15279	1.08816	1.08686	1.12547	1.13056	1.13505
ERR608856-k20-n1-x5e9	1.03933	1.04572	0.950908	0.953526	0.952377	0.950473	0.952364	0.912018	0.90356	0.887933	0.886287	0.889326	0.916665	0.928291	0.936711	0.928914	0.926907	0.930315	0.964763	0.902023	1.00381	0.929862	0.93616	1.02659	1.08185	0.987993	1.10755	1.03065	1.03695	1.15109	0.834565	0.781425	0.773493	0	0.776481	0.775025	1.01343	0.893355	0.898367	0.956636	0.91041	0.916368	1.03364	1.03212	1.03676	0.956439	0.955825	0.956854	1.08148	1.05653	1.04799	1.0512	1.04805	1.05897	1.05619	1.06202	1.06616	1.07579	1.09437	1.09002	1.08526	1.08869	1.12253	1.1015	1.10045	1.0994	1.02607	1.01851	1.02037	1.03372	1.0324	1.0317	1.03254	1.04667	1.04704	1.04699	1.05188	1.04985	1.05112	1.04943	1.05008	1.08083	1.08001	1.08103	0.922463	0.863948	0.860894	0.862198	0.860595	0.861202	1.15642	1.09419	1.09281	1.13162	1.13489	1.13812
ERR608857-k20-n1-x5e9	1.04032	1.04727	0.952589	0.955581	0.952662	0.950752	0.95235	0.913615	0.905049	0.88717	0.887546	0.888741	0.917696	0.930522	0.938508	0.930597	0.929006	0.929633	0.966438	0.903469	1.00498	0.932261	0.936456	1.02796	1.08143	0.989274	1.10776	1.03118	1.03785	1.15124	0.837446	0.782708	0.777654	0.776481	0	0.776185	1.01322	0.893736	0.899606	0.956736	0.909545	0.917276	1.03471	1.03418	1.03816	0.958601	0.957761	0.959005	1.08189	1.05742	1.04884	1.05041	1.04857	1.05815	1.05749	1.06303	1.06553	1.07658	1.09415	1.09083	1.08534	1.08967	1.12223	1.1006	1.10092	1.09984	1.02626	1.01848	1.01884	1.03324	1.03283	1.03213	1.03368	1.04756	1.04653	1.048	1.05042	1.05028	1.05233	1.05076	1.05136	1.08206	1.08026	1.08235	0.922006	0.866494	0.862234	0.863083	0.862691	0.863487	1.15698	1.09419	1.09192	1.13183	1.13543	1.13869
ERR608858-k20-n1-x5e9	1.04006	1.04616	0.951915	0.954472	0.952299	0.950742	0.95127	0.912815	0.903608	0.887347	0.886104	0.888739	0.91804	0.929022	0.93742	0.929873	0.927547	0.930645	0.965283	0.902906	1.00383	0.93065	0.937451	1.02727	1.08137	0.988449	1.10822	1.0312	1.03706	1.15165	0.835255	0.780807	0.774991	0.775025	0.776185	0	1.01166	0.892514	0.898489	0.956322	0.909982	0.915406	1.03473	1.03334	1.03743	0.957146	0.957242	0.958435	1.08057	1.05602	1.04819	1.04892	1.04767	1.05843	1.05544	1.06141	1.0642	1.07488	1.09234	1.08932	1.08463	1.08811	1.12124	1.09997	1.09992	1.09864	1.02456	1.01678	1.0192	1.03299	1.03122	1.03185	1.03216	1.04677	1.04588	1.04627	1.05037	1.04978	1.05127	1.04883	1.04994	1.08087	1.07923	1.08093	0.921529	0.865081	0.860662	0.861692	0.860316	0.862105	1.15586	1.09444	1.09136	1.13231	1.13439	1.13848
ERR606642-k20-n1-x5e9	1.14104	1.14324	1.0743	1.07337	1.07008	1.06675	1.05285	1.03194	1.02899	1.01642	1.01705	1.01576	1.00585	1.00489	1.00957	1.00595	1.00601	1.00618	1.04503	1.02215	1.09017	1.03423	1.0376	1.10905	1.11901	1.06263	1.1495	1.09539	1.10062	1.17817	1.03987	1.01331	1.0104	1.01343	1.01322	1.01166	0	0.914288	0.912798	0.967081	0.91661	0.918638	1.12888	1.12923	1.13338	1.07372	1.07502	1.07629	1.16509	1.15268	1.14685	1.14693	1.14521	1.15343	1.14062	1.14537	1.14508	1.15453	1.16024	1.15715	1.14668	1.15289	1.17464	1.15733	1.1575	1.15725	1.13212	1.12488	1.11934	1.14039	1.14054	1.13896	1.13503	1.14342	1.14401	1.14562	1.14486	1.14624	1.14768	1.14693	1.14505	1.17483	1.1737	1.17471	1.02428	1.00466	1.00339	1.00185	1.00276	1.00181	1.20631	1.17952	1.17839	1.19753	1.2002	1.20297
ERR606643-k20-n1-x5e9	1.05012	1.05437	0.958504	0.960539	0.956207	0.953584	0.957383	0.927245	0.921424	0.891561	0.89297	0.890768	0.868549	0.874729	0.890629	0.875856	0.874125	0.877313	0.940235	0.876621	0.986624	0.912199	0.916405	1.01606	1.05545	0.961406	1.07936	1.00328	1.01072	1.12406	0.939821	0.894402	0.883079	0.893355	0.893736	0.892514	0.914288	0	0.747476	0.841097	0.772278	0.787378	1.05181	1.05173	1.0551	0.973833	0.974301	0.97524	1.07872	1.06675	1.05308	1.05104	1.04943	1.06662	1.04598	1.04885	1.05115	1.06347	1.08188	1.07558	1.05847	1.06437	1.09731	1.07294	1.07188	1.07181	1.03623	1.02547	1.02261	1.04233	1.04147	1.04002	1.03621	1.05069	1.05099	1.05153	1.05241	1.05257	1.05739	1.05296	1.05193	1.08538	1.08472	1.08473	0.929374	0.873781	0.874185	0.872062	0.870108	0.871358	1.14331	1.0899	1.08819	1.11829	1.12297	1.1264
ERR606644-k20-n1-x5e9	1.05098	1.05418	0.960282	0.961046	0.958834	0.956198	0.958432	0.926757	0.919797	0.898241	0.897041	0.895624	0.871987	0.879223	0.897856	0.882518	0.879127	0.882214	0.942212	0.879031	0.988692	0.914146	0.917744	1.01613	1.05477	0.963778	1.08034	1.00617	1.01285	1.12712	0.940437	0.900532	0.888446	0.898367	0.899606	0.898489	0.912798	0.747476	0	0.839405	0.781418	0.78656	1.05233	1.05224	1.05531	0.974414	0.975492	0.976138	1.08003	1.06428	1.05611	1.05392	1.05145	1.06427	1.05055	1.04927	1.05233	1.0662	1.08333	1.07916	1.06036	1.06763	1.10066	1.07518	1.07462	1.0732	1.03478	1.0278	1.02342	1.04356	1.04438	1.0419	1.0374	1.05009	1.05167	1.05083	1.05554	1.05565	1.06119	1.05506	1.05334	1.0862	1.08599	1.08658	0.931318	0.87616	0.872933	0.873778	0.872436	0.872724	1.14463	1.0906	1.09001	1.12199	1.12586	1.12985
ERR606645-k20-n1-x5e9	1.09543	1.09789	1.01766	1.01597	1.0147	1.01184	1.00154	0.982351	0.977916	0.959129	0.95833	0.956646	0.94001	0.944299	0.955194	0.945691	0.944487	0.945568	0.987239	0.946671	1.03367	0.971018	0.975654	1.06201	1.09343	1.01521	1.11736	1.04383	1.0494	1.15034	0.989821	0.958334	0.950804	0.956636	0.956736	0.956322	0.967081	0.841097	0.839405	0	0.849001	0.854801	1.09153	1.09078	1.09425	1.02664	1.02864	1.02722	1.12272	1.11069	1.09907	1.09753	1.09493	1.11188	1.0881	1.0909	1.09247	1.10199	1.12216	1.11834	1.10169	1.10377	1.13733	1.11129	1.11061	1.11123	1.07785	1.07427	1.07021	1.08345	1.0844	1.08144	1.07831	1.09014	1.09074	1.09259	1.09895	1.09889	1.10317	1.09777	1.09703	1.13028	1.12983	1.12981	0.985218	0.942438	0.939625	0.937925	0.939449	0.937883	1.17384	1.13587	1.13343	1.15391	1.15675	1.15968
ERR606646-k20-n1-x5e9	1.0597	1.06497	0.972616	0.972673	0.968786	0.965967	0.969964	0.937319	0.930894	0.913015	0.911365	0.913814	0.889781	0.9008	0.907764	0.899038	0.901115	0.899584	0.953916	0.898042	1.00183	0.927212	0.931477	1.02309	1.05811	0.976673	1.08898	1.01392	1.01966	1.12998	0.95096	0.912628	0.905119	0.91041	0.909545	0.909982	0.91661	0.772278	0.781418	0.849001	0	0.797647	1.05782	1.05783	1.06207	0.984592	0.986894	0.986272	1.09233	1.0713	1.06254	1.0636	1.064	1.07244	1.05498	1.0588	1.06294	1.07347	1.08606	1.08209	1.06753	1.07141	1.10405	1.08235	1.08133	1.08155	1.04292	1.0357	1.03358	1.05323	1.05305	1.05171	1.04738	1.06153	1.06135	1.06281	1.0642	1.0638	1.067	1.06765	1.06619	1.10018	1.09821	1.09995	0.939931	0.888819	0.885675	0.884657	0.885437	0.884611	1.1508	1.09901	1.09762	1.12975	1.13319	1.13602
ERR606647-k20-n1-x5e9	1.06469	1.07304	0.979777	0.979958	0.976107	0.973603	0.972445	0.945422	0.936198	0.919892	0.917168	0.917721	0.900622	0.904515	0.91457	0.906521	0.904283	0.905757	0.958411	0.908935	1.00256	0.93655	0.939012	1.03132	1.06253	0.981369	1.097	1.02085	1.02689	1.13395	0.957372	0.917664	0.911743	0.916368	0.917276	0.915406	0.918638	0.787378	0.78656	0.854801	0.797647	0	1.06361	1.06156	1.06996	0.991952	0.993854	0.994233	1.09963	1.07425	1.06593	1.0665	1.06448	1.07438	1.06073	1.06355	1.06655	1.0813	1.08964	1.08686	1.07239	1.07773	1.10656	1.08834	1.08698	1.08532	1.04955	1.04107	1.03694	1.05944	1.0595	1.05749	1.05184	1.06414	1.06523	1.06567	1.06765	1.06676	1.07108	1.06789	1.0666	1.10757	1.10675	1.1079	0.94461	0.905338	0.897531	0.896346	0.898544	0.896235	1.15405	1.10617	1.10324	1.13506	1.13766	1.14173
ERR607475-k20-n1-x5e9	1.11766	1.121	1.05507	1.05934	1.05642	1.05574	1.08203	1.05764	1.0477	1.03693	1.03483	1.03739	1.04941	1.05351	1.05909	1.05193	1.05138	1.05206	1.1005	1.05671	1.11997	1.07593	1.07959	1.13982	1.15772	1.0934	1.17473	1.11989	1.1242	1.20383	1.07047	1.03497	1.03051	1.03364	1.03471	1.03473	1.12888	1.05181	1.05233	1.09153	1.05782	1.06361	0	0.996402	1.00223	0.942551	0.943075	0.9446	1.13894	1.1195	1.1114	1.10996	1.10969	1.1199	1.12873	1.13165	1.13359	1.14023	1.15333	1.15033	1.1451	1.14817	1.16951	1.15578	1.15515	1.15497	1.10137	1.09732	1.09669	1.10347	1.10458	1.10403	1.09744	1.10201	1.10231	1.10087	1.10215	1.10075	1.10853	1.10615	1.10635	1.13446	1.13563	1.13407	1.03949	1.0029	1.00267	1.00268	1.00116	1.00321	1.20724	1.16298	1.16155	1.18426	1.18965	1.19212
ERR607476-k20-n1-x5e9	1.11559	1.1201	1.05095	1.05562	1.05339	1.05328	1.08082	1.05323	1.04504	1.03602	1.03529	1.03678	1.05001	1.05208	1.05871	1.0519	1.05168	1.05082	1.09923	1.05535	1.1184	1.07072	1.07528	1.13809	1.15782	1.09123	1.17418	1.11946	1.12459	1.20303	1.07092	1.03345	1.02984	1.03212	1.03418	1.03334	1.12923	1.05173	1.05224	1.09078	1.05783	1.06156	0.996402	0	0.999453	0.937486	0.937903	0.938162	1.13994	1.11729	1.11181	1.11	1.10986	1.11937	1.12947	1.13262	1.13469	1.14051	1.15464	1.15238	1.14472	1.14985	1.1698	1.15652	1.15604	1.15469	1.1022	1.09643	1.09548	1.10482	1.10363	1.10129	1.09683	1.10312	1.10237	1.10191	1.10276	1.10281	1.1095	1.10609	1.10616	1.1345	1.13444	1.13475	1.03735	1.00349	1.00214	1.00459	1.0027	1.00354	1.20673	1.161	1.15956	1.1837	1.18858	1.19097
ERR607477-k20-n1-x5e9	1.11857	1.12225	1.05952	1.06253	1.06118	1.06062	1.08374	1.06158	1.0534	1.03887	1.03801	1.03936	1.05363	1.05612	1.06286	1.05421	1.05443	1.05428	1.10163	1.05957	1.12087	1.08017	1.08366	1.14051	1.16082	1.09688	1.1761	1.1223	1.12628	1.20513	1.07345	1.03769	1.03199	1.03676	1.03816	1.03743	1.13338	1.0551	1.05531	1.09425	1.06207	1.06996	1.00223	0.999453	0	0.945735	0.946597	0.946553	1.14319	1.12502	1.11497	1.11404	1.1139	1.12576	1.13266	1.13677	1.1375	1.14424	1.15858	1.15528	1.14898	1.15279	1.17339	1.1591	1.15879	1.15959	1.10641	1.10128	1.10186	1.10792	1.10685	1.10579	1.10245	1.10678	1.1077	1.10613	1.10579	1.10527	1.11244	1.10966	1.11071	1.1376	1.13847	1.13792	1.04543	1.00617	1.00513	1.00639	1.00451	1.00725	1.20983	1.16667	1.16448	1.18804	1.193	1.19572
ERR607478-k20-n1-x5e9	1.06438	1.06807	0.979281	0.983463	0.980879	0.979991	1.01362	0.984246	0.975377	0.960911	0.959688	0.960433	0.972425	0.979067	0.988386	0.979379	0.976954	0.978842	1.03313	0.979809	1.05708	1.00534	1.01038	1.08846	1.11308	1.03201	1.135	1.06237	1.06685	1.17057	0.999208	0.95777	0.951487	0.956439	0.958601	0.957146	1.07372	0.973833	0.974414	1.02664	0.984592	0.991952	0.942551	0.937486	0.945735	0	0.834306	0.834196	1.08052	1.05573	1.04397	1.04053	1.0391	1.05653	1.06218	1.06787	1.06803	1.07605	1.09614	1.09108	1.08126	1.08587	1.11555	1.09418	1.09476	1.09344	1.02958	1.01982	1.01834	1.03201	1.03038	1.0291	1.02374	1.03052	1.03064	1.02921	1.03098	1.03086	1.04098	1.03479	1.03571	1.07334	1.07295	1.07459	0.960022	0.912883	0.909764	0.912784	0.911266	0.911878	1.16203	1.11241	1.10977	1.13812	1.1432	1.14653
ERR607479-k20-n1-x5e9	1.06457	1.069	0.979647	0.984301	0.9816	0.980635	1.01457	0.9859	0.977173	0.962804	0.961667	0.961403	0.975092	0.981569	0.989801	0.98079	0.979429	0.98008	1.0344	0.981341	1.05838	1.00704	1.01192	1.0893	1.11422	1.03046	1.13482	1.06319	1.06728	1.17073	1.00035	0.957752	0.951591	0.955825	0.957761	0.957242	1.07502	0.974301	0.975492	1.02864	0.986894	0.993854	0.943075	0.937903	0.946597	0.834306	0	0.835509	1.08129	1.05786	1.04478	1.04276	1.04118	1.05877	1.06395	1.06906	1.06944	1.07686	1.09902	1.09357	1.08235	1.08777	1.11681	1.09606	1.09513	1.09506	1.03191	1.02108	1.02139	1.03303	1.03284	1.03107	1.0254	1.03155	1.0311	1.03019	1.03341	1.03304	1.04211	1.03737	1.0383	1.07598	1.07584	1.07565	0.964309	0.915897	0.912674	0.91194	0.912378	0.913321	1.16264	1.11318	1.11144	1.13836	1.14361	1.14718
