	ERR609217-k20-n1-x5e9	ERR609218-k20-n1-x5e9	ERR609219-k20-n1-x5e9	ERR609220-k20-n1-x5e9	ERR609221-k20-n1-x5e9	ERR609222-k20-n1-x5e9	ERR610253-k20-n1-x5e9	ERR610254-k20-n1-x5e9	ERR610255-k20-n1-x5e9	ERR610256-k20-n1-x5e9	ERR610257-k20-n1-x5e9	ERR610258-k20-n1-x5e9	ERR605575-k20-n1-x5e9	ERR605576-k20-n1-x5e9	ERR605577-k20-n1-x5e9	ERR605578-k20-n1-x5e9	ERR605579-k20-n1-x5e9	ERR605580-k20-n1-x5e9	ERR609993-k20-n1-x5e9	ERR609994-k20-n1-x5e9	ERR609995-k20-n1-x5e9	ERR609996-k20-n1-x5e9	ERR609997-k20-n1-x5e9	ERR609998-k20-n1-x5e9	ERR605665-k20-n1-x5e9	ERR605666-k20-n1-x5e9	ERR605667-k20-n1-x5e9	ERR605668-k20-n1-x5e9	ERR605669-k20-n1-x5e9	ERR605670-k20-n1-x5e9	ERR610211-k20-n1-x5e9	ERR610212-k20-n1-x5e9	ERR610213-k20-n1-x5e9	ERR610214-k20-n1-x5e9	ERR610215-k20-n1-x5e9	ERR610216-k20-n1-x5e9	ERR608877-k20-n1-x5e9	ERR608878-k20-n1-x5e9	ERR608879-k20-n1-x5e9	ERR608880-k20-n1-x5e9	ERR608881-k20-n1-x5e9	ERR608882-k20-n1-x5e9	ERR607373-k20-n1-x5e9	ERR607374-k20-n1-x5e9	ERR607375-k20-n1-x5e9	ERR607376-k20-n1-x5e9	ERR607377-k20-n1-x5e9	ERR607378-k20-n1-x5e9	ERR608365-k20-n1-x5e9	ERR608366-k20-n1-x5e9	ERR608367-k20-n1-x5e9	ERR608368-k20-n1-x5e9	ERR608369-k20-n1-x5e9	ERR608370-k20-n1-x5e9	ERR608389-k20-n1-x5e9	ERR608390-k20-n1-x5e9	ERR608391-k20-n1-x5e9	ERR608392-k20-n1-x5e9	ERR608393-k20-n1-x5e9	ERR608394-k20-n1-x5e9	ERR608451-k20-n1-x5e9	ERR608452-k20-n1-x5e9	ERR608453-k20-n1-x5e9	ERR608454-k20-n1-x5e9	ERR608455-k20-n1-x5e9	ERR608456-k20-n1-x5e9	ERR605940-k20-n1-x5e9	ERR605941-k20-n1-x5e9	ERR605942-k20-n1-x5e9	ERR605943-k20-n1-x5e9	ERR605944-k20-n1-x5e9	ERR605945-k20-n1-x5e9	ERR608567-k20-n1-x5e9	ERR608568-k20-n1-x5e9	ERR608569-k20-n1-x5e9	ERR608570-k20-n1-x5e9	ERR608571-k20-n1-x5e9	ERR608572-k20-n1-x5e9	ERR605988-k20-n1-x5e9	ERR605989-k20-n1-x5e9	ERR605990-k20-n1-x5e9	ERR605991-k20-n1-x5e9	ERR605992-k20-n1-x5e9	ERR605993-k20-n1-x5e9	ERR605297-k20-n1-x5e9	ERR605298-k20-n1-x5e9	ERR605299-k20-n1-x5e9	ERR605300-k20-n1-x5e9	ERR605301-k20-n1-x5e9	ERR605302-k20-n1-x5e9	ERR605701-k20-n1-x5e9	ERR605702-k20-n1-x5e9	ERR605703-k20-n1-x5e9	ERR605704-k20-n1-x5e9	ERR605705-k20-n1-x5e9	ERR605706-k20-n1-x5e9
ERR609217-k20-n1-x5e9	0	0.265102	0.270882	0.286292	0.269912	0.270251	0.43781	0.422481	0.417251	0.458526	0.449546	0.453952	0.481823	0.472934	0.464574	0.470888	0.474055	0.471005	0.341512	0.448058	0.483492	0.471873	0.447371	0.448028	0.496712	0.478254	0.470489	0.468926	0.493129	0.487299	0.427016	0.370578	0.391738	0.457329	0.436235	0.447386	0.404653	0.395319	0.406776	0.389709	0.389008	0.387964	0.379717	0.425636	0.437077	0.424557	0.423129	0.423201	0.518301	0.52645	0.533724	0.535607	0.537759	0.525498	0.466991	0.470824	0.481646	0.481635	0.484661	0.471677	0.490332	0.478676	0.481616	0.480331	0.482649	0.477934	0.515423	0.489135	0.490647	0.497641	0.492963	0.493507	0.519657	0.51506	0.523241	0.518493	0.516863	0.516656	0.477	0.479407	0.481208	0.459178	0.459167	0.457872	0.540384	0.539441	0.537675	0.550126	0.54971	0.549911	0.545697	0.538282	0.537989	0.53267	0.546825	0.543694
ERR609218-k20-n1-x5e9	0.265102	0	0.268698	0.284929	0.270281	0.27002	0.440952	0.419189	0.418966	0.461206	0.451887	0.456683	0.48387	0.47439	0.465951	0.472716	0.4758	0.473048	0.339056	0.450136	0.478791	0.474327	0.445978	0.446796	0.499794	0.480871	0.473248	0.472084	0.494562	0.48886	0.431713	0.368212	0.395727	0.461352	0.440208	0.451532	0.40275	0.394204	0.404945	0.391506	0.391151	0.389784	0.378334	0.428597	0.440582	0.427551	0.426055	0.426043	0.519006	0.529343	0.537027	0.539248	0.541116	0.528291	0.467347	0.473648	0.484821	0.484793	0.488021	0.47407	0.489402	0.479678	0.483492	0.482521	0.484756	0.478993	0.514266	0.492591	0.494022	0.498819	0.494261	0.494735	0.519688	0.517544	0.526161	0.5213	0.519631	0.518763	0.475917	0.483135	0.485099	0.461193	0.460972	0.459396	0.541482	0.540349	0.536855	0.549587	0.549339	0.549519	0.547723	0.539901	0.53945	0.534509	0.547129	0.544246
ERR609219-k20-n1-x5e9	0.270882	0.268698	0	0.283619	0.275422	0.27477	0.447961	0.408416	0.423288	0.467963	0.457736	0.463322	0.492487	0.482427	0.473026	0.480618	0.483847	0.480784	0.336288	0.459869	0.465654	0.483917	0.449626	0.451052	0.510298	0.490653	0.482637	0.48228	0.502503	0.49697	0.442985	0.360247	0.404815	0.471516	0.44963	0.461665	0.395452	0.388654	0.398261	0.396061	0.395471	0.393699	0.376952	0.437494	0.450484	0.436799	0.435416	0.435245	0.518431	0.533502	0.542346	0.544799	0.546676	0.53211	0.465241	0.477225	0.489987	0.490238	0.493591	0.477565	0.483675	0.480011	0.485226	0.484809	0.487151	0.479004	0.509079	0.497495	0.499839	0.499794	0.495836	0.496265	0.516546	0.519609	0.529861	0.524905	0.522882	0.520884	0.471405	0.490539	0.493088	0.465214	0.464982	0.463531	0.542847	0.541015	0.532349	0.546751	0.546559	0.547359	0.553087	0.54421	0.543385	0.538515	0.549579	0.546711
ERR609220-k20-n1-x5e9	0.286292	0.284929	0.283619	0	0.295761	0.295937	0.48416	0.42534	0.456459	0.508922	0.4978	0.503599	0.536022	0.526304	0.51685	0.524204	0.527614	0.524478	0.352957	0.503579	0.449877	0.528123	0.498723	0.499934	0.553932	0.53539	0.527532	0.526029	0.549836	0.544129	0.477157	0.372946	0.436692	0.510792	0.487967	0.500277	0.39016	0.384512	0.389555	0.426702	0.42532	0.423706	0.416606	0.479238	0.491433	0.4781	0.476617	0.476718	0.549843	0.565542	0.575087	0.577113	0.579508	0.56455	0.492122	0.50622	0.520642	0.520128	0.5242	0.506858	0.505216	0.504224	0.511848	0.510758	0.513894	0.503624	0.517505	0.511791	0.51463	0.502021	0.499604	0.498754	0.541563	0.546969	0.558661	0.552277	0.550272	0.548352	0.491775	0.516206	0.518386	0.482491	0.483167	0.481031	0.576373	0.573628	0.556041	0.57875	0.5785	0.580175	0.591996	0.583278	0.582419	0.576537	0.590926	0.587789
ERR609221-k20-n1-x5e9	0.269912	0.270281	0.275422	0.295761	0	0.267256	0.434123	0.422761	0.414522	0.452533	0.444206	0.448479	0.474335	0.465304	0.457462	0.463508	0.466581	0.463781	0.343893	0.441624	0.489437	0.464584	0.438629	0.439149	0.489126	0.470404	0.462912	0.461764	0.484184	0.478626	0.423845	0.372735	0.389991	0.451885	0.431572	0.442457	0.411216	0.402178	0.414221	0.388765	0.388252	0.38726	0.37586	0.420568	0.432047	0.419376	0.417973	0.41782	0.515607	0.523688	0.530629	0.532713	0.534435	0.522541	0.466326	0.46969	0.479934	0.480152	0.482844	0.470274	0.490724	0.478634	0.480914	0.479837	0.481903	0.477637	0.517956	0.49147	0.492754	0.502199	0.497119	0.497923	0.518656	0.513899	0.521423	0.517089	0.515419	0.514936	0.477405	0.478539	0.480525	0.460549	0.460233	0.459009	0.536351	0.535779	0.53601	0.546276	0.545832	0.545767	0.539763	0.53235	0.532115	0.527267	0.539953	0.537083
ERR609222-k20-n1-x5e9	0.270251	0.27002	0.27477	0.295937	0.267256	0	0.434457	0.421406	0.414573	0.453035	0.4446	0.449038	0.474926	0.465897	0.457762	0.463978	0.466924	0.464252	0.343762	0.442041	0.488178	0.465225	0.438187	0.438869	0.489702	0.47096	0.463485	0.462261	0.484484	0.478894	0.424508	0.371501	0.390334	0.452462	0.432028	0.44288	0.409779	0.400896	0.412694	0.388122	0.387667	0.386688	0.375016	0.420744	0.432489	0.419569	0.418408	0.418185	0.514557	0.523193	0.530481	0.532597	0.53433	0.522183	0.464679	0.468863	0.479167	0.479286	0.482094	0.469157	0.489072	0.477527	0.480082	0.479152	0.481112	0.476589	0.516582	0.490975	0.492411	0.501626	0.49649	0.497185	0.517438	0.513357	0.521105	0.516807	0.515061	0.514251	0.475618	0.478237	0.48023	0.460168	0.459555	0.458354	0.535879	0.535264	0.535078	0.545356	0.544761	0.544914	0.539719	0.532359	0.531982	0.527153	0.539474	0.536633
ERR610253-k20-n1-x5e9	0.43781	0.440952	0.447961	0.48416	0.434123	0.434457	0	0.381931	0.248524	0.245295	0.238945	0.241433	0.344988	0.335635	0.32614	0.332009	0.334792	0.33161	0.405918	0.344835	0.584537	0.360109	0.358866	0.358124	0.380636	0.360788	0.351189	0.350187	0.379059	0.372914	0.315219	0.409638	0.313538	0.319463	0.309662	0.314371	0.495845	0.483653	0.502281	0.376389	0.376645	0.377859	0.354249	0.325803	0.328457	0.325596	0.325497	0.326144	0.45911	0.437102	0.436407	0.43814	0.437617	0.438061	0.470747	0.443233	0.436958	0.439567	0.43719	0.445688	0.481558	0.439063	0.426652	0.426173	0.423834	0.439693	0.60192	0.545781	0.543535	0.589503	0.584318	0.58668	0.496622	0.460192	0.452919	0.456996	0.457548	0.462838	0.536132	0.486003	0.486266	0.512295	0.513856	0.514138	0.438044	0.442271	0.491169	0.463921	0.461938	0.45778	0.454228	0.443879	0.441717	0.43428	0.454001	0.450155
ERR610254-k20-n1-x5e9	0.422481	0.419189	0.408416	0.42534	0.422761	0.421406	0.381931	0	0.338829	0.411696	0.39042	0.401925	0.491491	0.47482	0.457358	0.472575	0.476461	0.472288	0.355703	0.479274	0.450617	0.505059	0.445898	0.449081	0.537779	0.512201	0.501404	0.504051	0.520822	0.514983	0.454529	0.327623	0.412447	0.475324	0.451489	0.465083	0.401251	0.399551	0.407922	0.417878	0.416703	0.415198	0.373747	0.453836	0.468633	0.454615	0.453367	0.452992	0.476951	0.508981	0.524774	0.528914	0.530454	0.507181	0.464349	0.49093	0.504252	0.5073	0.508581	0.491841	0.42874	0.443241	0.453325	0.456553	0.458027	0.442847	0.547968	0.569427	0.57167	0.564604	0.56289	0.564176	0.477885	0.496143	0.508817	0.506502	0.504475	0.49691	0.498552	0.549746	0.553429	0.523367	0.525108	0.52325	0.488121	0.480323	0.449767	0.465762	0.466071	0.469421	0.557733	0.537703	0.53342	0.524956	0.535175	0.531158
ERR610255-k20-n1-x5e9	0.417251	0.418966	0.423288	0.456459	0.414522	0.414573	0.248524	0.338829	0	0.272587	0.257341	0.26485	0.372229	0.359079	0.345718	0.355758	0.359381	0.355404	0.376254	0.366121	0.550151	0.387352	0.36555	0.365781	0.414391	0.391098	0.380123	0.38053	0.407562	0.400969	0.334108	0.375374	0.31589	0.347197	0.330176	0.33931	0.464025	0.452789	0.47042	0.367076	0.366936	0.367704	0.340197	0.34328	0.350766	0.343677	0.343049	0.343266	0.449022	0.440667	0.445644	0.448208	0.44843	0.44112	0.45691	0.440957	0.439756	0.442725	0.441305	0.443155	0.457592	0.423988	0.416131	0.416434	0.415374	0.424563	0.583236	0.541654	0.540582	0.575252	0.570683	0.572767	0.480274	0.45451	0.45214	0.454474	0.454321	0.456687	0.518255	0.490576	0.49165	0.503585	0.505203	0.504825	0.435582	0.436077	0.467649	0.449434	0.44775	0.445544	0.471131	0.456976	0.454102	0.445759	0.464208	0.460084
ERR610256-k20-n1-x5e9	0.458526	0.461206	0.467963	0.508922	0.452533	0.453035	0.245295	0.411696	0.272587	0	0.236306	0.233436	0.321428	0.315144	0.309785	0.312331	0.313859	0.312031	0.429318	0.330928	0.607846	0.338796	0.346953	0.345675	0.353062	0.336631	0.328647	0.328951	0.350094	0.345175	0.320043	0.436018	0.328567	0.309742	0.307964	0.308367	0.52042	0.508713	0.527899	0.388665	0.389799	0.391198	0.361858	0.318276	0.319302	0.319171	0.319304	0.319378	0.467501	0.439455	0.434756	0.436865	0.435247	0.440473	0.480018	0.448759	0.439603	0.442619	0.439326	0.450896	0.498547	0.454382	0.43996	0.439603	0.436436	0.454568	0.61359	0.553953	0.551128	0.603374	0.597447	0.60045	0.508169	0.468822	0.458997	0.464625	0.465137	0.47103	0.546595	0.488735	0.488697	0.523164	0.524194	0.525008	0.441894	0.44877	0.508556	0.47403	0.471454	0.466202	0.437806	0.429716	0.428507	0.42372	0.438704	0.435698
ERR610257-k20-n1-x5e9	0.449546	0.451887	0.457736	0.4978	0.444206	0.4446	0.238945	0.39042	0.257341	0.236306	0	0.233917	0.332487	0.323628	0.314979	0.320412	0.322577	0.319986	0.415325	0.338008	0.593335	0.34994	0.34775	0.346784	0.369104	0.350086	0.340651	0.34141	0.364044	0.358517	0.321654	0.419363	0.323354	0.31688	0.310676	0.313485	0.506252	0.494509	0.513679	0.381169	0.381837	0.383115	0.353133	0.322518	0.325555	0.323306	0.323359	0.323254	0.459045	0.436361	0.434598	0.436741	0.435659	0.437053	0.472366	0.445366	0.438324	0.441339	0.438367	0.44739	0.485503	0.443677	0.430832	0.430741	0.428035	0.443877	0.606579	0.552537	0.550109	0.597912	0.592352	0.595186	0.498427	0.46244	0.454454	0.459607	0.459999	0.4647	0.53928	0.490424	0.490745	0.519415	0.520465	0.521107	0.435162	0.440313	0.494558	0.46242	0.460211	0.455551	0.444369	0.433953	0.43203	0.425968	0.441851	0.438541
ERR610258-k20-n1-x5e9	0.453952	0.456683	0.463322	0.503599	0.448479	0.449038	0.241433	0.401925	0.26485	0.233436	0.233917	0	0.326737	0.31911	0.312239	0.316274	0.317953	0.315801	0.422849	0.334085	0.60118	0.343987	0.347562	0.346418	0.360724	0.342962	0.334297	0.334766	0.357115	0.351716	0.319868	0.42836	0.325483	0.312285	0.308422	0.31	0.51381	0.501971	0.521144	0.384949	0.385754	0.38701	0.357868	0.319929	0.321645	0.320553	0.320472	0.320864	0.463396	0.437658	0.434326	0.436514	0.435109	0.438603	0.476394	0.446879	0.438693	0.44168	0.438614	0.449021	0.492256	0.449203	0.435209	0.435003	0.43204	0.449358	0.61044	0.553116	0.550483	0.600803	0.594952	0.597852	0.503551	0.465436	0.456344	0.461994	0.462476	0.467845	0.543257	0.489197	0.489386	0.521173	0.522271	0.523058	0.438449	0.444777	0.501987	0.468523	0.466177	0.461241	0.441067	0.431805	0.430213	0.424694	0.440375	0.437241
ERR605575-k20-n1-x5e9	0.481823	0.48387	0.492487	0.536022	0.474335	0.474926	0.344988	0.491491	0.372229	0.321428	0.332487	0.326737	0	0.244802	0.251364	0.246169	0.245247	0.246191	0.461651	0.31977	0.63931	0.318168	0.345269	0.342432	0.31543	0.306019	0.303952	0.305421	0.312945	0.310404	0.361818	0.488753	0.379095	0.339828	0.347097	0.342802	0.552452	0.541766	0.560206	0.415128	0.416758	0.418544	0.400168	0.339947	0.337619	0.34037	0.340736	0.340401	0.502281	0.468388	0.458666	0.461646	0.459057	0.469678	0.509491	0.474653	0.461782	0.46549	0.461512	0.476055	0.540024	0.495911	0.479386	0.479961	0.476383	0.496024	0.627731	0.560607	0.556792	0.616738	0.609009	0.612338	0.541957	0.500299	0.487435	0.495015	0.495433	0.502064	0.567127	0.495535	0.494644	0.53874	0.537736	0.539291	0.450474	0.460466	0.531224	0.491503	0.489008	0.482744	0.402422	0.400983	0.402721	0.40339	0.409036	0.407829
ERR605576-k20-n1-x5e9	0.472934	0.47439	0.482427	0.526304	0.465304	0.465897	0.335635	0.47482	0.359079	0.315144	0.323628	0.31911	0.244802	0	0.245992	0.244326	0.243903	0.244191	0.447796	0.317487	0.626763	0.319775	0.335582	0.333332	0.323302	0.309816	0.306565	0.309012	0.31659	0.313363	0.359256	0.475289	0.372123	0.339384	0.34386	0.341388	0.540107	0.529662	0.54795	0.405072	0.406923	0.408456	0.38816	0.336302	0.335796	0.336781	0.33709	0.336593	0.492237	0.462267	0.454336	0.457939	0.455455	0.463223	0.50025	0.468506	0.456935	0.46117	0.457156	0.469898	0.527577	0.485255	0.469471	0.47043	0.466922	0.485162	0.620591	0.558309	0.554862	0.611487	0.603992	0.60713	0.531699	0.492364	0.480724	0.488231	0.488541	0.494235	0.558969	0.494485	0.493912	0.533466	0.532545	0.534009	0.440151	0.448949	0.517399	0.478078	0.475739	0.469821	0.40276	0.398298	0.399708	0.399513	0.404935	0.403355
ERR605577-k20-n1-x5e9	0.464574	0.465951	0.473026	0.51685	0.457462	0.457762	0.32614	0.457358	0.345718	0.309785	0.314979	0.312239	0.251364	0.245992	0	0.245683	0.246325	0.245528	0.43479	0.319065	0.614383	0.324983	0.33133	0.32951	0.335042	0.318921	0.312698	0.31594	0.325183	0.321386	0.357428	0.461812	0.365721	0.340546	0.341745	0.341115	0.527177	0.516676	0.535222	0.395513	0.397061	0.398557	0.376573	0.334215	0.335534	0.335274	0.335138	0.334869	0.482455	0.456268	0.45048	0.45408	0.451788	0.456903	0.491505	0.462723	0.452664	0.456942	0.45314	0.464279	0.514966	0.474238	0.45931	0.460477	0.457335	0.474149	0.613544	0.556406	0.55319	0.6069	0.599792	0.602995	0.521398	0.484238	0.474015	0.481118	0.48113	0.486143	0.551183	0.49461	0.494426	0.529986	0.529267	0.530451	0.430134	0.438091	0.502818	0.464274	0.462131	0.456526	0.403865	0.397084	0.396864	0.395799	0.401931	0.400092
ERR605578-k20-n1-x5e9	0.470888	0.472716	0.480618	0.524204	0.463508	0.463978	0.332009	0.472575	0.355758	0.312331	0.320412	0.316274	0.246169	0.244326	0.245683	0	0.242679	0.242785	0.446232	0.317752	0.625514	0.320074	0.337179	0.334809	0.324527	0.311699	0.306916	0.308796	0.318757	0.315315	0.355808	0.472713	0.368637	0.336774	0.340633	0.338559	0.537756	0.526805	0.545494	0.40247	0.404173	0.405629	0.386121	0.334236	0.333599	0.334879	0.335123	0.334694	0.49069	0.460403	0.452661	0.455919	0.453568	0.461312	0.498695	0.466464	0.45499	0.458972	0.45503	0.467748	0.525699	0.482893	0.46719	0.467969	0.46442	0.482767	0.619039	0.556024	0.552625	0.609646	0.602229	0.605374	0.529972	0.490193	0.478693	0.485832	0.486183	0.492016	0.55779	0.492933	0.492373	0.53217	0.531366	0.532836	0.438896	0.447844	0.515613	0.476402	0.474014	0.468174	0.402455	0.398345	0.398934	0.398284	0.405172	0.403515
ERR605579-k20-n1-x5e9	0.474055	0.4758	0.483847	0.527614	0.466581	0.466924	0.334792	0.476461	0.359381	0.313859	0.322577	0.317953	0.245247	0.243903	0.246325	0.242679	0	0.242648	0.449976	0.318113	0.628793	0.319524	0.33787	0.3354	0.322659	0.310259	0.305962	0.307916	0.316667	0.313411	0.357679	0.476428	0.371657	0.337645	0.342277	0.339644	0.541284	0.530636	0.549094	0.405384	0.407298	0.40878	0.388951	0.335526	0.334657	0.336243	0.336422	0.336113	0.492819	0.461934	0.453958	0.457111	0.454652	0.462829	0.500805	0.468377	0.456652	0.460485	0.456581	0.469652	0.528662	0.485731	0.470031	0.470661	0.467142	0.48569	0.621084	0.557753	0.554188	0.611766	0.60421	0.607545	0.532474	0.492392	0.480715	0.487979	0.48828	0.49421	0.559719	0.494137	0.493512	0.534163	0.533152	0.534751	0.441276	0.450509	0.519001	0.479355	0.477031	0.470999	0.401928	0.398263	0.39894	0.398621	0.404775	0.40332
ERR605580-k20-n1-x5e9	0.471005	0.473048	0.480784	0.524478	0.463781	0.464252	0.33161	0.472288	0.355404	0.312031	0.319986	0.315801	0.246191	0.244191	0.245528	0.242785	0.242648	0	0.446144	0.317685	0.625518	0.320091	0.337015	0.334736	0.324657	0.311476	0.306792	0.308751	0.31883	0.315345	0.355676	0.4725	0.368503	0.336612	0.340597	0.338231	0.537386	0.526693	0.54519	0.40216	0.403892	0.405475	0.385994	0.333927	0.333553	0.33459	0.334934	0.334639	0.489998	0.459634	0.451976	0.455235	0.452873	0.46055	0.498226	0.465983	0.454645	0.458443	0.454549	0.467332	0.525338	0.482423	0.466659	0.4673	0.463863	0.482362	0.618814	0.555775	0.552283	0.609389	0.601933	0.605266	0.529375	0.489439	0.478018	0.485105	0.485466	0.491387	0.557533	0.492647	0.492125	0.53191	0.531158	0.532671	0.438323	0.44733	0.515221	0.475914	0.473578	0.467768	0.401916	0.397764	0.398409	0.3975	0.404472	0.402829
ERR609993-k20-n1-x5e9	0.341512	0.339056	0.336288	0.352957	0.343893	0.343762	0.405918	0.355703	0.376254	0.429318	0.415325	0.422849	0.461651	0.447796	0.43479	0.446232	0.449976	0.446144	0	0.399501	0.423324	0.428313	0.378759	0.381056	0.492444	0.468854	0.459408	0.460318	0.480202	0.473909	0.419611	0.332283	0.379498	0.445132	0.422395	0.435111	0.385671	0.378869	0.390021	0.377706	0.376705	0.375471	0.344118	0.41127	0.425293	0.411068	0.40971	0.409334	0.483318	0.50264	0.51355	0.517298	0.518942	0.501387	0.449203	0.463669	0.475336	0.47737	0.479739	0.464575	0.451297	0.449087	0.454498	0.455941	0.457811	0.448727	0.518787	0.514844	0.516623	0.516165	0.512985	0.513614	0.485276	0.490277	0.50069	0.497637	0.495641	0.492229	0.470736	0.497234	0.499729	0.472207	0.472626	0.471167	0.496997	0.493521	0.481193	0.494225	0.494109	0.495592	0.530959	0.516952	0.515216	0.5084	0.519811	0.516336
ERR609994-k20-n1-x5e9	0.448058	0.450136	0.459869	0.503579	0.441624	0.442041	0.344835	0.479274	0.366121	0.330928	0.338008	0.334085	0.31977	0.317487	0.319065	0.317752	0.318113	0.317685	0.399501	0	0.598284	0.243241	0.274683	0.271352	0.321584	0.30859	0.304797	0.305125	0.319089	0.314802	0.338742	0.462677	0.352985	0.325311	0.328487	0.325669	0.533827	0.522439	0.540915	0.395055	0.397181	0.398593	0.3731	0.314923	0.313705	0.315116	0.315039	0.314881	0.481913	0.450638	0.442566	0.445587	0.443736	0.451274	0.48498	0.450241	0.438175	0.44194	0.438291	0.451449	0.520674	0.47626	0.459997	0.460154	0.457	0.475948	0.608166	0.538777	0.535128	0.59316	0.585207	0.588383	0.522019	0.480768	0.469043	0.475721	0.47607	0.482698	0.539862	0.466962	0.465978	0.507644	0.506306	0.507613	0.455205	0.463686	0.527822	0.493204	0.491026	0.485608	0.423037	0.42041	0.422248	0.420884	0.430033	0.428316
ERR609995-k20-n1-x5e9	0.483492	0.478791	0.465654	0.449877	0.489437	0.488178	0.584537	0.450617	0.550151	0.607846	0.593335	0.60118	0.63931	0.626763	0.614383	0.625514	0.628793	0.625518	0.423324	0.598284	0	0.622118	0.568084	0.571307	0.668101	0.648021	0.640269	0.641546	0.655179	0.650419	0.600585	0.441156	0.559556	0.625095	0.603813	0.616032	0.443168	0.449928	0.441849	0.540338	0.538868	0.536774	0.510736	0.595073	0.608773	0.59533	0.59407	0.593661	0.608489	0.644904	0.659123	0.662723	0.664597	0.64287	0.567301	0.602887	0.620249	0.621499	0.624907	0.603368	0.546074	0.574056	0.588309	0.590391	0.593536	0.573529	0.576485	0.628209	0.632305	0.593917	0.595167	0.594028	0.592992	0.622235	0.638568	0.633224	0.630906	0.623163	0.55964	0.636488	0.63967	0.590445	0.591042	0.588655	0.635118	0.627905	0.58157	0.613559	0.614753	0.619044	0.681512	0.666809	0.664482	0.658272	0.664769	0.661965
ERR609996-k20-n1-x5e9	0.471873	0.474327	0.483917	0.528123	0.464584	0.465225	0.360109	0.505059	0.387352	0.338796	0.34994	0.343987	0.318168	0.319775	0.324983	0.320074	0.319524	0.320091	0.428313	0.243241	0.622118	0	0.287224	0.28288	0.309611	0.302343	0.300667	0.300765	0.310587	0.307752	0.34864	0.487113	0.370064	0.327595	0.336471	0.330537	0.557025	0.545661	0.564448	0.413734	0.41605	0.417576	0.392846	0.323389	0.319227	0.323654	0.324034	0.323815	0.496186	0.45961	0.448446	0.451016	0.448604	0.460365	0.500413	0.462003	0.447618	0.451101	0.447123	0.463112	0.539674	0.493664	0.47627	0.475816	0.472404	0.493279	0.622708	0.54902	0.544898	0.607525	0.599525	0.602827	0.537457	0.493442	0.47977	0.486953	0.487572	0.495262	0.555629	0.474719	0.473304	0.521983	0.520693	0.522365	0.466766	0.476896	0.546803	0.508788	0.506546	0.50021	0.419906	0.420551	0.423063	0.423234	0.430828	0.429628
ERR609997-k20-n1-x5e9	0.447371	0.445978	0.449626	0.498723	0.438629	0.438187	0.358866	0.445898	0.36555	0.346953	0.34775	0.347562	0.345269	0.335582	0.33133	0.337179	0.33787	0.337015	0.378759	0.274683	0.568084	0.287224	0	0.240883	0.364123	0.343289	0.338099	0.342868	0.33918	0.335626	0.373712	0.440269	0.372226	0.36043	0.357152	0.358917	0.517634	0.508968	0.526704	0.394792	0.397532	0.398341	0.352432	0.336448	0.344064	0.337781	0.336807	0.33585	0.469348	0.458474	0.456802	0.462036	0.460316	0.456652	0.473812	0.457124	0.450527	0.455989	0.452459	0.456916	0.499115	0.46942	0.457913	0.460767	0.457734	0.468043	0.595619	0.55405	0.551953	0.594081	0.58556	0.588619	0.507202	0.482152	0.475824	0.482422	0.481963	0.482352	0.522689	0.487293	0.48812	0.510222	0.506679	0.507839	0.448543	0.453085	0.504962	0.470641	0.469317	0.46469	0.438566	0.428418	0.429908	0.42902	0.424651	0.423417
ERR609998-k20-n1-x5e9	0.448028	0.446796	0.451052	0.499934	0.439149	0.438869	0.358124	0.449081	0.365781	0.345675	0.346784	0.346418	0.342432	0.333332	0.32951	0.334809	0.3354	0.334736	0.381056	0.271352	0.571307	0.28288	0.240883	0	0.360198	0.339927	0.334746	0.339419	0.336071	0.332631	0.371235	0.442494	0.371088	0.357363	0.354694	0.356197	0.519931	0.511215	0.529046	0.395601	0.398071	0.398892	0.35354	0.334394	0.341583	0.3354	0.334747	0.333767	0.471139	0.458741	0.456714	0.461888	0.460028	0.457094	0.475332	0.457301	0.45038	0.455606	0.452129	0.457182	0.501799	0.471138	0.459069	0.461805	0.458871	0.469597	0.597355	0.553742	0.5517	0.594928	0.586548	0.589626	0.509104	0.4829	0.476408	0.482853	0.48251	0.483208	0.52474	0.48661	0.487474	0.510868	0.507626	0.508755	0.449951	0.45467	0.507794	0.472998	0.471532	0.466895	0.437763	0.428153	0.429697	0.428958	0.424999	0.423787
ERR605665-k20-n1-x5e9	0.496712	0.499794	0.510298	0.553932	0.489126	0.489702	0.380636	0.537779	0.414391	0.353062	0.369104	0.360724	0.31543	0.323302	0.335042	0.324527	0.322659	0.324657	0.492444	0.321584	0.668101	0.309611	0.364123	0.360198	0	0.245277	0.250058	0.248937	0.25532	0.254414	0.365748	0.519849	0.394266	0.340102	0.354412	0.34546	0.59257	0.581402	0.59923	0.452763	0.454839	0.456758	0.432758	0.35415	0.346692	0.353545	0.354226	0.353989	0.533755	0.492629	0.479029	0.480687	0.477759	0.494092	0.534846	0.493212	0.477201	0.480115	0.475889	0.494288	0.576693	0.530105	0.512227	0.511296	0.507898	0.529744	0.645486	0.565629	0.560999	0.628215	0.61988	0.623169	0.574009	0.528223	0.513151	0.520203	0.521333	0.529859	0.583858	0.492456	0.490601	0.546031	0.54446	0.546331	0.498032	0.509195	0.582159	0.543707	0.541288	0.534706	0.436259	0.442012	0.445686	0.447975	0.453902	0.453468
ERR605666-k20-n1-x5e9	0.478254	0.480871	0.490653	0.53539	0.470404	0.47096	0.360788	0.512201	0.391098	0.336631	0.350086	0.342962	0.306019	0.309816	0.318921	0.311699	0.310259	0.311476	0.468854	0.30859	0.648021	0.302343	0.343289	0.339927	0.245277	0	0.243118	0.243014	0.250952	0.248711	0.353536	0.496663	0.376812	0.330576	0.34119	0.334494	0.572466	0.561667	0.579496	0.434109	0.436194	0.43802	0.410865	0.340419	0.335682	0.340017	0.34026	0.340042	0.516453	0.479674	0.468331	0.470694	0.468002	0.480659	0.518362	0.480065	0.465745	0.469188	0.46515	0.481166	0.556798	0.511695	0.494614	0.494343	0.490912	0.511406	0.632058	0.55715	0.553185	0.61666	0.608384	0.61165	0.556808	0.513568	0.499822	0.506822	0.507615	0.515002	0.56831	0.484953	0.483692	0.533634	0.531944	0.533787	0.479996	0.490114	0.561074	0.522861	0.520598	0.514298	0.430452	0.432538	0.435941	0.437228	0.442997	0.442091
ERR605667-k20-n1-x5e9	0.470489	0.473248	0.482637	0.527532	0.462912	0.463485	0.351189	0.501404	0.380123	0.328647	0.340651	0.334297	0.303952	0.306565	0.312698	0.306916	0.305962	0.306792	0.459408	0.304797	0.640269	0.300667	0.338099	0.334746	0.250058	0.243118	0	0.242533	0.253304	0.25038	0.347556	0.48726	0.368787	0.325794	0.334894	0.329038	0.564129	0.553047	0.571076	0.42591	0.427993	0.429584	0.401527	0.33426	0.329997	0.334181	0.334458	0.334364	0.509511	0.474195	0.463748	0.46617	0.463571	0.475106	0.511345	0.474128	0.460564	0.463807	0.459717	0.475194	0.54854	0.503788	0.487092	0.486673	0.483367	0.50343	0.626618	0.554066	0.550097	0.612703	0.604603	0.607855	0.549744	0.507041	0.493977	0.500662	0.501343	0.508578	0.562023	0.482246	0.48111	0.529564	0.52811	0.529797	0.47349	0.483363	0.552463	0.51481	0.512416	0.506353	0.428705	0.429861	0.43201	0.432927	0.439604	0.438561
ERR605668-k20-n1-x5e9	0.468926	0.472084	0.48228	0.526029	0.461764	0.462261	0.350187	0.504051	0.38053	0.328951	0.34141	0.334766	0.305421	0.309012	0.31594	0.308796	0.307916	0.308751	0.460318	0.305125	0.641546	0.300765	0.342868	0.339419	0.248937	0.243014	0.242533	0	0.255819	0.252424	0.342217	0.4879	0.365556	0.322499	0.331485	0.325589	0.564128	0.552788	0.570912	0.425666	0.427557	0.429408	0.404577	0.333863	0.328594	0.333308	0.333791	0.333666	0.511036	0.474009	0.463186	0.464907	0.462505	0.474752	0.512512	0.473392	0.459344	0.462344	0.458512	0.474574	0.550431	0.504318	0.487301	0.486572	0.483359	0.503993	0.626747	0.550362	0.546338	0.610071	0.601917	0.605207	0.55121	0.507209	0.493653	0.500085	0.500979	0.508716	0.563027	0.478793	0.477345	0.527053	0.52579	0.527524	0.475713	0.485676	0.554961	0.517981	0.515641	0.509695	0.430046	0.432111	0.434453	0.434494	0.443499	0.442317
ERR605669-k20-n1-x5e9	0.493129	0.494562	0.502503	0.549836	0.484184	0.484484	0.379059	0.520822	0.407562	0.350094	0.364044	0.357115	0.312945	0.31659	0.325183	0.318757	0.316667	0.31883	0.480202	0.319089	0.655179	0.310587	0.33918	0.336071	0.25532	0.250952	0.253304	0.255819	0	0.242663	0.376876	0.508136	0.397994	0.349021	0.360561	0.353585	0.583931	0.573931	0.591677	0.447053	0.449521	0.451138	0.417355	0.353336	0.350263	0.353823	0.353983	0.353264	0.523006	0.489419	0.478508	0.481527	0.478339	0.489958	0.525435	0.490703	0.476793	0.480856	0.47637	0.491236	0.563946	0.522311	0.506039	0.506472	0.502834	0.521731	0.638158	0.570918	0.566944	0.627739	0.618959	0.622401	0.56334	0.523585	0.510472	0.51802	0.518527	0.524476	0.573183	0.498033	0.497093	0.544528	0.54183	0.543875	0.486441	0.496693	0.5675	0.527046	0.524682	0.518329	0.433164	0.434818	0.438	0.44138	0.438873	0.43876
ERR605670-k20-n1-x5e9	0.487299	0.48886	0.49697	0.544129	0.478626	0.478894	0.372914	0.514983	0.400969	0.345175	0.358517	0.351716	0.310404	0.313363	0.321386	0.315315	0.313411	0.315345	0.473909	0.314802	0.650419	0.307752	0.335626	0.332631	0.254414	0.248711	0.25038	0.252424	0.242663	0	0.371211	0.502645	0.392001	0.344714	0.355482	0.348934	0.57883	0.568718	0.586474	0.442006	0.444446	0.446173	0.412499	0.348921	0.345942	0.349295	0.349387	0.348834	0.518702	0.485424	0.474759	0.477786	0.474742	0.486005	0.521179	0.486311	0.472753	0.476635	0.472262	0.487156	0.559207	0.51725	0.500967	0.5014	0.497813	0.516714	0.634746	0.566863	0.56296	0.623568	0.614789	0.618243	0.559303	0.519145	0.506179	0.513649	0.514195	0.520196	0.569438	0.493971	0.49313	0.540013	0.53741	0.539249	0.482112	0.492183	0.562805	0.522587	0.52031	0.513969	0.431543	0.432615	0.43582	0.438671	0.437447	0.437072
ERR610211-k20-n1-x5e9	0.427016	0.431713	0.442985	0.477157	0.423845	0.424508	0.315219	0.454529	0.334108	0.320043	0.321654	0.319868	0.361818	0.359256	0.357428	0.355808	0.357679	0.355676	0.419611	0.338742	0.600585	0.34864	0.373712	0.371235	0.365748	0.353536	0.347556	0.342217	0.376876	0.371211	0	0.401051	0.259374	0.254303	0.24855	0.250078	0.503032	0.489675	0.508283	0.377562	0.378035	0.379986	0.382287	0.331749	0.329606	0.330025	0.330208	0.330796	0.492482	0.461727	0.45676	0.456491	0.456286	0.462909	0.487067	0.450856	0.442366	0.442757	0.441335	0.452633	0.517517	0.471535	0.457553	0.454797	0.453144	0.471613	0.595192	0.518904	0.516084	0.572109	0.565409	0.568201	0.52608	0.484437	0.475532	0.477353	0.478559	0.486803	0.539426	0.464998	0.464349	0.499784	0.500816	0.501628	0.478125	0.484001	0.532033	0.51036	0.508387	0.504224	0.462777	0.460489	0.46074	0.454885	0.476269	0.4732
ERR610212-k20-n1-x5e9	0.370578	0.368212	0.360247	0.372946	0.372735	0.371501	0.409638	0.327623	0.375374	0.436018	0.419363	0.42836	0.488753	0.475289	0.461812	0.472713	0.476428	0.4725	0.332283	0.462677	0.441156	0.487113	0.440269	0.442494	0.519849	0.496663	0.48726	0.4879	0.508136	0.502645	0.401051	0	0.354549	0.429566	0.403371	0.418429	0.377951	0.374011	0.382713	0.393501	0.391714	0.390386	0.366915	0.439496	0.453678	0.439769	0.438207	0.437793	0.495199	0.51965	0.532285	0.535272	0.536899	0.517842	0.461416	0.481552	0.495225	0.496591	0.49892	0.482259	0.453642	0.459085	0.467263	0.467908	0.470439	0.4581	0.519453	0.527261	0.52987	0.523764	0.521334	0.522189	0.494653	0.506071	0.518114	0.513733	0.5121	0.506958	0.482087	0.520148	0.523286	0.492229	0.493438	0.491794	0.513136	0.508136	0.485701	0.502939	0.502806	0.504969	0.5559	0.54125	0.538747	0.531329	0.543497	0.53997
ERR610213-k20-n1-x5e9	0.391738	0.395727	0.404815	0.436692	0.389991	0.390334	0.313538	0.412447	0.31589	0.328567	0.323354	0.325483	0.379095	0.372123	0.365721	0.368637	0.371657	0.368503	0.379498	0.352985	0.559556	0.370064	0.372226	0.371088	0.394266	0.376812	0.368787	0.365556	0.397994	0.392001	0.259374	0.354549	0	0.28204	0.264744	0.273619	0.463224	0.450484	0.468421	0.358755	0.3584	0.359687	0.356754	0.337814	0.341946	0.336711	0.336403	0.336534	0.479413	0.461709	0.462121	0.462838	0.463176	0.46218	0.466847	0.441978	0.439409	0.440014	0.43979	0.443828	0.490766	0.452626	0.443113	0.440993	0.440424	0.452554	0.569046	0.507162	0.505511	0.549457	0.543409	0.545793	0.506797	0.474924	0.471131	0.471294	0.471522	0.476826	0.514938	0.46389	0.464036	0.483022	0.484501	0.484537	0.472805	0.475894	0.508932	0.496123	0.494291	0.49156	0.475274	0.46905	0.468456	0.461654	0.482094	0.478636
ERR610214-k20-n1-x5e9	0.457329	0.461352	0.471516	0.510792	0.451885	0.452462	0.319463	0.475324	0.347197	0.309742	0.31688	0.312285	0.339828	0.339384	0.340546	0.336774	0.337645	0.336612	0.445132	0.325311	0.625095	0.327595	0.36043	0.357363	0.340102	0.330576	0.325794	0.322499	0.349021	0.344714	0.254303	0.429566	0.28204	0	0.245946	0.241669	0.529473	0.516744	0.535776	0.3921	0.393142	0.395176	0.390998	0.327396	0.323805	0.326704	0.327093	0.327688	0.496116	0.460743	0.452549	0.452811	0.451257	0.461727	0.496982	0.458287	0.446318	0.44785	0.445026	0.459735	0.530084	0.482753	0.466903	0.464617	0.462039	0.482633	0.612005	0.535911	0.532451	0.593763	0.586661	0.589773	0.534262	0.490307	0.478532	0.482683	0.484081	0.492099	0.554052	0.475027	0.47401	0.517875	0.518386	0.519645	0.473398	0.480982	0.540424	0.509902	0.507681	0.502304	0.44545	0.444551	0.445124	0.441429	0.458282	0.455862
ERR610215-k20-n1-x5e9	0.436235	0.440208	0.44963	0.487967	0.431572	0.432028	0.309662	0.451489	0.330176	0.307964	0.310676	0.308422	0.347097	0.34386	0.341745	0.340633	0.342277	0.340597	0.422395	0.328487	0.603813	0.336471	0.357152	0.354694	0.354412	0.34119	0.334894	0.331485	0.360561	0.355482	0.24855	0.403371	0.264744	0.245946	0	0.243195	0.507104	0.494486	0.513487	0.377175	0.37781	0.379533	0.375112	0.325161	0.324132	0.324252	0.32431	0.324823	0.486184	0.456331	0.450926	0.451417	0.450484	0.456898	0.483992	0.449363	0.440316	0.441803	0.439649	0.451173	0.514067	0.469142	0.454855	0.452734	0.450766	0.468941	0.59724	0.525842	0.52297	0.579358	0.572676	0.575606	0.521885	0.481271	0.471724	0.475051	0.476101	0.48322	0.53971	0.469733	0.469129	0.505674	0.506579	0.507529	0.466925	0.473147	0.525401	0.498989	0.496947	0.492249	0.450857	0.44766	0.447653	0.442818	0.460754	0.457994
ERR610216-k20-n1-x5e9	0.447386	0.451532	0.461665	0.500277	0.442457	0.44288	0.314371	0.465083	0.33931	0.308367	0.313485	0.31	0.342802	0.341388	0.341115	0.338559	0.339644	0.338231	0.435111	0.325669	0.616032	0.330537	0.358917	0.356197	0.34546	0.334494	0.329038	0.325589	0.353585	0.348934	0.250078	0.418429	0.273619	0.241669	0.243195	0	0.520232	0.507558	0.526439	0.385493	0.386235	0.388388	0.38359	0.325107	0.322321	0.324319	0.32463	0.325052	0.491548	0.458357	0.451101	0.451383	0.450094	0.459148	0.491084	0.453657	0.442874	0.444397	0.441753	0.455347	0.523326	0.4765	0.461339	0.459108	0.456858	0.476545	0.605646	0.530882	0.527718	0.586966	0.580214	0.58321	0.528915	0.486009	0.475016	0.478917	0.480059	0.487897	0.547457	0.471501	0.470676	0.511728	0.51238	0.51357	0.47078	0.477875	0.534536	0.505809	0.503612	0.498558	0.447523	0.445811	0.446148	0.44199	0.459513	0.456922
ERR608877-k20-n1-x5e9	0.404653	0.40275	0.395452	0.39016	0.411216	0.409779	0.495845	0.401251	0.464025	0.52042	0.506252	0.51381	0.552452	0.540107	0.527177	0.537756	0.541284	0.537386	0.385671	0.533827	0.443168	0.557025	0.517634	0.519931	0.59257	0.572466	0.564129	0.564128	0.583931	0.57883	0.503032	0.377951	0.463224	0.529473	0.507104	0.520232	0	0.278789	0.280496	0.368187	0.366557	0.364241	0.423883	0.500718	0.514316	0.500661	0.499229	0.49913	0.502109	0.533531	0.549294	0.552248	0.554858	0.531841	0.4535	0.484618	0.503912	0.50383	0.508085	0.485113	0.43992	0.455484	0.469674	0.470326	0.473884	0.454738	0.483844	0.512184	0.515924	0.48971	0.49027	0.490368	0.486283	0.507216	0.523868	0.517054	0.514699	0.507874	0.477414	0.533906	0.537229	0.491845	0.494372	0.49189	0.528136	0.521524	0.482405	0.512708	0.513278	0.517437	0.575006	0.559741	0.556447	0.547754	0.562113	0.558361
ERR608878-k20-n1-x5e9	0.395319	0.394204	0.388654	0.384512	0.402178	0.400896	0.483653	0.399551	0.452789	0.508713	0.494509	0.501971	0.541766	0.529662	0.516676	0.526805	0.530636	0.526693	0.378869	0.522439	0.449928	0.545661	0.508968	0.511215	0.581402	0.561667	0.553047	0.552788	0.573931	0.568718	0.489675	0.374011	0.450484	0.516744	0.494486	0.507558	0.278789	0	0.280602	0.354463	0.352481	0.350452	0.415025	0.488025	0.50107	0.48784	0.48642	0.486449	0.494976	0.523788	0.53889	0.541654	0.544285	0.522333	0.447155	0.474489	0.493421	0.493053	0.497179	0.475541	0.436932	0.447975	0.460716	0.460936	0.464388	0.447396	0.48328	0.504042	0.507549	0.485514	0.485519	0.485443	0.481417	0.498431	0.514396	0.507387	0.505388	0.499498	0.474269	0.523621	0.526923	0.484039	0.486529	0.484092	0.520764	0.514623	0.479954	0.508262	0.508691	0.512188	0.565175	0.550307	0.547078	0.538161	0.553782	0.550006
ERR608879-k20-n1-x5e9	0.406776	0.404945	0.398261	0.389555	0.414221	0.412694	0.502281	0.407922	0.47042	0.527899	0.513679	0.521144	0.560206	0.54795	0.535222	0.545494	0.549094	0.54519	0.390021	0.540915	0.441849	0.564448	0.526704	0.529046	0.59923	0.579496	0.571076	0.570912	0.591677	0.586474	0.508283	0.382713	0.468421	0.535776	0.513487	0.526439	0.280496	0.280602	0	0.375707	0.373753	0.371353	0.432059	0.507589	0.520772	0.50729	0.505944	0.505722	0.509945	0.540693	0.556198	0.558861	0.561704	0.538996	0.460615	0.490953	0.510079	0.509764	0.514166	0.491275	0.447018	0.461674	0.47565	0.476185	0.479935	0.461025	0.486935	0.51431	0.518429	0.490043	0.49108	0.490813	0.493357	0.513417	0.530297	0.522969	0.520746	0.514383	0.482726	0.537367	0.540411	0.49485	0.497206	0.494775	0.536347	0.529575	0.489817	0.52156	0.522251	0.526198	0.582823	0.567973	0.564758	0.555873	0.571342	0.567484
ERR608880-k20-n1-x5e9	0.389709	0.391506	0.396061	0.426702	0.388765	0.388122	0.376389	0.417878	0.367076	0.388665	0.381169	0.384949	0.415128	0.405072	0.395513	0.40247	0.405384	0.40216	0.377706	0.395055	0.540338	0.413734	0.394792	0.395601	0.452763	0.434109	0.42591	0.425666	0.447053	0.442006	0.377562	0.393501	0.358755	0.3921	0.377175	0.385493	0.368187	0.354463	0.375707	0	0.255557	0.255605	0.347787	0.364735	0.374156	0.36487	0.363652	0.363308	0.432843	0.430687	0.437055	0.439826	0.440811	0.430078	0.411501	0.400147	0.40478	0.405725	0.406632	0.401239	0.434952	0.404084	0.398609	0.397954	0.397796	0.403104	0.516271	0.473363	0.472698	0.50532	0.500386	0.50291	0.455239	0.433939	0.435483	0.434568	0.433878	0.435142	0.470186	0.447351	0.44887	0.450778	0.452373	0.451852	0.438075	0.439193	0.463033	0.453202	0.452352	0.450653	0.448125	0.43687	0.434834	0.427435	0.444047	0.44049
ERR608881-k20-n1-x5e9	0.389008	0.391151	0.395471	0.42532	0.388252	0.387667	0.376645	0.416703	0.366936	0.389799	0.381837	0.385754	0.416758	0.406923	0.397061	0.404173	0.407298	0.403892	0.376705	0.397181	0.538868	0.41605	0.397532	0.398071	0.454839	0.436194	0.427993	0.427557	0.449521	0.444446	0.378035	0.391714	0.3584	0.393142	0.37781	0.386235	0.366557	0.352481	0.373753	0.255557	0	0.255683	0.3482	0.366174	0.375497	0.366104	0.364875	0.364933	0.434081	0.43236	0.438745	0.441618	0.442667	0.431741	0.411999	0.401338	0.406135	0.407097	0.40783	0.402312	0.4346	0.403982	0.398939	0.398272	0.398358	0.403288	0.516303	0.47383	0.473212	0.504987	0.500054	0.502626	0.455637	0.434419	0.436359	0.435272	0.43469	0.435791	0.470682	0.448797	0.450189	0.451416	0.453122	0.452646	0.439857	0.440967	0.463425	0.454607	0.453643	0.452146	0.45078	0.439477	0.437457	0.429814	0.446988	0.44328
ERR608882-k20-n1-x5e9	0.387964	0.389784	0.393699	0.423706	0.38726	0.386688	0.377859	0.415198	0.367704	0.391198	0.383115	0.38701	0.418544	0.408456	0.398557	0.405629	0.40878	0.405475	0.375471	0.398593	0.536774	0.417576	0.398341	0.398892	0.456758	0.43802	0.429584	0.429408	0.451138	0.446173	0.379986	0.390386	0.359687	0.395176	0.379533	0.388388	0.364241	0.350452	0.371353	0.255605	0.255683	0	0.347072	0.3674	0.3769	0.367491	0.366171	0.366123	0.433812	0.433234	0.440027	0.442899	0.443913	0.432502	0.411128	0.401464	0.406795	0.407586	0.408691	0.402533	0.433447	0.403916	0.399054	0.398668	0.398688	0.403115	0.514475	0.473291	0.47279	0.50382	0.499158	0.501626	0.454815	0.434789	0.43704	0.435853	0.435243	0.43623	0.469051	0.449323	0.451117	0.450971	0.45285	0.452165	0.440347	0.441301	0.462888	0.45464	0.453652	0.452168	0.451984	0.440672	0.438462	0.43087	0.447831	0.444237
ERR607373-k20-n1-x5e9	0.379717	0.378334	0.376952	0.416606	0.37586	0.375016	0.354249	0.373747	0.340197	0.361858	0.353133	0.357868	0.400168	0.38816	0.376573	0.386121	0.388951	0.385994	0.344118	0.3731	0.510736	0.392846	0.352432	0.35354	0.432758	0.410865	0.401527	0.404577	0.417355	0.412499	0.382287	0.366915	0.356754	0.390998	0.375112	0.38359	0.423883	0.415025	0.432059	0.347787	0.3482	0.347072	0	0.304497	0.319987	0.30695	0.305529	0.304866	0.450633	0.458823	0.465837	0.470106	0.47052	0.457346	0.428797	0.430052	0.43631	0.439093	0.438976	0.430357	0.445628	0.428699	0.426961	0.428197	0.428064	0.427719	0.538252	0.516021	0.515744	0.539755	0.534974	0.53734	0.471253	0.46257	0.46688	0.467135	0.465902	0.463476	0.476842	0.477711	0.479891	0.47599	0.47669	0.476532	0.467927	0.468601	0.488042	0.476742	0.475916	0.474187	0.47903	0.466487	0.464615	0.460045	0.467357	0.464873
