	ERR607469-k20-n1-x5e9	ERR607470-k20-n1-x5e9	ERR607471-k20-n1-x5e9	ERR607472-k20-n1-x5e9	ERR607473-k20-n1-x5e9	ERR607474-k20-n1-x5e9	ERR609217-k20-n1-x5e9	ERR609218-k20-n1-x5e9	ERR609219-k20-n1-x5e9	ERR609220-k20-n1-x5e9	ERR609221-k20-n1-x5e9	ERR609222-k20-n1-x5e9	ERR609151-k20-n1-x5e9	ERR609152-k20-n1-x5e9	ERR609153-k20-n1-x5e9	ERR609154-k20-n1-x5e9	ERR609155-k20-n1-x5e9	ERR609156-k20-n1-x5e9	ERR607236-k20-n1-x5e9	ERR607237-k20-n1-x5e9	ERR607238-k20-n1-x5e9	ERR607239-k20-n1-x5e9	ERR607240-k20-n1-x5e9	ERR607241-k20-n1-x5e9	ERR608925-k20-n1-x5e9	ERR608926-k20-n1-x5e9	ERR608927-k20-n1-x5e9	ERR608928-k20-n1-x5e9	ERR608929-k20-n1-x5e9	ERR608930-k20-n1-x5e9	ERR605411-k20-n1-x5e9	ERR605412-k20-n1-x5e9	ERR605413-k20-n1-x5e9	ERR605414-k20-n1-x5e9	ERR605415-k20-n1-x5e9	ERR605416-k20-n1-x5e9	ERR608251-k20-n1-x5e9	ERR608252-k20-n1-x5e9	ERR608253-k20-n1-x5e9	ERR608254-k20-n1-x5e9	ERR608255-k20-n1-x5e9	ERR608256-k20-n1-x5e9	ERR605599-k20-n1-x5e9	ERR605600-k20-n1-x5e9	ERR605601-k20-n1-x5e9	ERR605602-k20-n1-x5e9	ERR605603-k20-n1-x5e9	ERR605604-k20-n1-x5e9	ERR605479-k20-n1-x5e9	ERR605480-k20-n1-x5e9	ERR605481-k20-n1-x5e9	ERR605482-k20-n1-x5e9	ERR605483-k20-n1-x5e9	ERR605484-k20-n1-x5e9	ERR608365-k20-n1-x5e9	ERR608366-k20-n1-x5e9	ERR608367-k20-n1-x5e9	ERR608368-k20-n1-x5e9	ERR608369-k20-n1-x5e9	ERR608370-k20-n1-x5e9	ERR605928-k20-n1-x5e9	ERR605929-k20-n1-x5e9	ERR605930-k20-n1-x5e9	ERR605931-k20-n1-x5e9	ERR605932-k20-n1-x5e9	ERR605933-k20-n1-x5e9	ERR609517-k20-n1-x5e9	ERR609518-k20-n1-x5e9	ERR609519-k20-n1-x5e9	ERR609520-k20-n1-x5e9	ERR609521-k20-n1-x5e9	ERR609522-k20-n1-x5e9	ERR607995-k20-n1-x5e9	ERR607996-k20-n1-x5e9	ERR607997-k20-n1-x5e9	ERR607998-k20-n1-x5e9	ERR607999-k20-n1-x5e9	ERR608000-k20-n1-x5e9	ERR608603-k20-n1-x5e9	ERR608604-k20-n1-x5e9	ERR608605-k20-n1-x5e9	ERR608606-k20-n1-x5e9	ERR608607-k20-n1-x5e9	ERR608608-k20-n1-x5e9	ERR605683-k20-n1-x5e9	ERR605684-k20-n1-x5e9	ERR605685-k20-n1-x5e9	ERR605686-k20-n1-x5e9	ERR605687-k20-n1-x5e9	ERR605688-k20-n1-x5e9	ERR605695-k20-n1-x5e9	ERR605696-k20-n1-x5e9	ERR605697-k20-n1-x5e9	ERR605698-k20-n1-x5e9	ERR605699-k20-n1-x5e9	ERR605700-k20-n1-x5e9
ERR607469-k20-n1-x5e9	0	0.304212	0.319633	0.268625	0.269284	0.26792	0.377911	0.375169	0.368973	0.404959	0.374938	0.373294	0.333171	0.332393	0.330436	0.344395	0.333781	0.333719	0.367457	0.367706	0.427315	0.358615	0.359152	0.47699	0.311297	0.33336	0.344887	0.330981	0.330527	0.329226	0.448888	0.332986	0.421113	0.419073	0.421062	0.419094	0.408013	0.399861	0.417852	0.321464	0.321141	0.321865	0.401935	0.389784	0.377228	0.384956	0.387875	0.384675	0.492998	0.486002	0.478669	0.484748	0.487083	0.485209	0.441763	0.460782	0.471012	0.475819	0.47646	0.459046	0.5258	0.512047	0.513321	0.534386	0.53319	0.53602	0.490566	0.490048	0.557175	0.471011	0.470384	0.470765	0.48116	0.50605	0.50285	0.462962	0.469961	0.472509	0.404232	0.418368	0.41421	0.368354	0.369381	0.367746	0.439024	0.434031	0.431912	0.431548	0.445845	0.442215	0.480335	0.467508	0.463321	0.453997	0.440459	0.441921
ERR607470-k20-n1-x5e9	0.304212	0	0.246856	0.28592	0.281202	0.294225	0.402194	0.404067	0.410117	0.451976	0.397456	0.397159	0.355431	0.358893	0.369799	0.398065	0.358411	0.361051	0.437616	0.340477	0.495185	0.375493	0.379718	0.550577	0.366062	0.306455	0.304797	0.308224	0.309118	0.309311	0.36436	0.351769	0.343073	0.339905	0.341072	0.339995	0.490291	0.479189	0.498445	0.344714	0.346008	0.348167	0.349351	0.34667	0.346177	0.346222	0.346368	0.345903	0.446433	0.444205	0.443528	0.443751	0.444894	0.444072	0.440364	0.423914	0.423759	0.42727	0.42678	0.424075	0.574648	0.517319	0.5169	0.563923	0.564202	0.566856	0.50928	0.508973	0.613299	0.475527	0.476555	0.483397	0.414536	0.433257	0.4321	0.402354	0.406259	0.407916	0.32889	0.337602	0.334348	0.33897	0.336372	0.339573	0.418489	0.425168	0.426086	0.437966	0.48251	0.474739	0.430982	0.425488	0.425347	0.424572	0.442398	0.438262
ERR607471-k20-n1-x5e9	0.319633	0.246856	0	0.298556	0.293461	0.307268	0.411736	0.41447	0.421944	0.46342	0.406979	0.406987	0.36656	0.3705	0.383085	0.411569	0.370067	0.372691	0.4525	0.343763	0.508606	0.384926	0.389828	0.563992	0.380874	0.311422	0.306961	0.314058	0.314919	0.31519	0.354329	0.362659	0.335909	0.332109	0.333224	0.332255	0.50546	0.494264	0.513218	0.356049	0.357756	0.359771	0.348417	0.347772	0.349722	0.34824	0.348139	0.348275	0.443509	0.442448	0.443138	0.442172	0.442924	0.442484	0.446209	0.423195	0.420921	0.423925	0.423247	0.423976	0.584883	0.521697	0.520996	0.571773	0.572227	0.574949	0.516204	0.515924	0.623868	0.481395	0.482518	0.490277	0.407417	0.423998	0.423537	0.396774	0.399669	0.401061	0.321431	0.328157	0.325626	0.340925	0.337829	0.341618	0.421732	0.430074	0.431544	0.44489	0.493079	0.484866	0.427483	0.42409	0.424582	0.425661	0.448766	0.444038
ERR607472-k20-n1-x5e9	0.268625	0.28592	0.298556	0	0.25301	0.254554	0.353708	0.353642	0.354617	0.385105	0.352968	0.352345	0.330147	0.332118	0.337898	0.34324	0.334534	0.335101	0.377188	0.343489	0.421446	0.338739	0.340375	0.476145	0.323506	0.319617	0.326935	0.315513	0.315576	0.314957	0.432504	0.322948	0.407231	0.401448	0.40381	0.401965	0.412857	0.402107	0.420267	0.31319	0.313049	0.314397	0.389251	0.378095	0.36738	0.373105	0.376172	0.372673	0.489042	0.483909	0.479549	0.482871	0.484962	0.483343	0.44338	0.45134	0.459566	0.463303	0.464586	0.450802	0.525672	0.490838	0.491666	0.519516	0.519343	0.521707	0.475966	0.475538	0.557042	0.462757	0.462448	0.464165	0.469312	0.490927	0.490162	0.451391	0.45654	0.458724	0.38035	0.393663	0.391441	0.339267	0.34041	0.338675	0.435283	0.433085	0.431881	0.429836	0.459776	0.453935	0.471576	0.460214	0.457538	0.445813	0.445177	0.444902
ERR607473-k20-n1-x5e9	0.269284	0.281202	0.293461	0.25301	0	0.255199	0.356201	0.356397	0.357553	0.389156	0.354867	0.354527	0.330128	0.332432	0.338448	0.345842	0.334267	0.334901	0.380575	0.341887	0.426348	0.339831	0.341623	0.481	0.325115	0.316727	0.323683	0.313128	0.313134	0.312593	0.427161	0.323548	0.401844	0.396472	0.398669	0.396907	0.418092	0.407299	0.425755	0.314032	0.313622	0.315228	0.385054	0.374615	0.364473	0.369728	0.372618	0.369419	0.485073	0.480002	0.475923	0.479136	0.48115	0.479448	0.441767	0.448137	0.455809	0.45955	0.460559	0.447436	0.528727	0.491747	0.492593	0.521901	0.521961	0.524361	0.477931	0.477679	0.561329	0.4636	0.463195	0.46524	0.464831	0.486289	0.485441	0.447211	0.452412	0.454479	0.375801	0.388806	0.386605	0.33753	0.338463	0.336987	0.432438	0.430833	0.429872	0.428649	0.459604	0.453698	0.467474	0.456621	0.454168	0.443362	0.443493	0.442993
ERR607474-k20-n1-x5e9	0.26792	0.294225	0.307268	0.254554	0.255199	0	0.352049	0.351278	0.351239	0.38015	0.351499	0.350917	0.330388	0.332195	0.336662	0.339598	0.334683	0.334848	0.37116	0.347958	0.414761	0.338677	0.339665	0.468339	0.319921	0.324499	0.332711	0.319887	0.319617	0.318941	0.44074	0.323312	0.414986	0.409575	0.411897	0.410002	0.405186	0.39485	0.412852	0.314063	0.313538	0.314724	0.395595	0.384152	0.372601	0.378795	0.381892	0.378725	0.494603	0.489194	0.484296	0.488035	0.490191	0.488401	0.445681	0.456476	0.465318	0.469041	0.470332	0.455577	0.5211	0.490449	0.491593	0.516537	0.516421	0.51862	0.474965	0.47455	0.551962	0.463992	0.46343	0.464272	0.476383	0.498321	0.497363	0.45835	0.463641	0.465847	0.388741	0.402081	0.399927	0.343969	0.345576	0.343305	0.439169	0.43597	0.434285	0.430927	0.458195	0.452801	0.47711	0.465323	0.462355	0.450093	0.446927	0.447305
ERR609217-k20-n1-x5e9	0.377911	0.402194	0.411736	0.353708	0.356201	0.352049	0	0.265102	0.270882	0.286292	0.269912	0.270251	0.39423	0.398585	0.406055	0.385355	0.402982	0.40251	0.385589	0.363079	0.393016	0.336121	0.335281	0.44552	0.375368	0.381796	0.388341	0.373813	0.374054	0.374396	0.485595	0.357273	0.466125	0.457884	0.460232	0.458616	0.438667	0.428591	0.440565	0.394321	0.393035	0.394136	0.444034	0.431778	0.420058	0.424628	0.429163	0.424766	0.558488	0.556901	0.557206	0.556579	0.558136	0.557201	0.518301	0.52645	0.533724	0.535607	0.537759	0.525498	0.500311	0.460015	0.461282	0.481798	0.480491	0.481747	0.458362	0.458558	0.532968	0.469142	0.468097	0.467787	0.542426	0.555336	0.555885	0.532151	0.534989	0.536088	0.440866	0.452507	0.453358	0.376055	0.379387	0.374998	0.499262	0.495361	0.494421	0.481543	0.514194	0.508911	0.531865	0.521886	0.520718	0.503889	0.506608	0.506578
ERR609218-k20-n1-x5e9	0.375169	0.404067	0.41447	0.353642	0.356397	0.351278	0.265102	0	0.268698	0.284929	0.270281	0.27002	0.393641	0.397634	0.40411	0.383796	0.401694	0.40111	0.380907	0.365649	0.389749	0.335915	0.334696	0.441721	0.372028	0.383046	0.390571	0.375038	0.375014	0.375323	0.488168	0.35589	0.468437	0.460764	0.463095	0.461507	0.435979	0.426371	0.437714	0.394429	0.393378	0.394306	0.445523	0.432455	0.420561	0.425564	0.429857	0.425867	0.560348	0.558459	0.558354	0.558248	0.55976	0.558856	0.519006	0.529343	0.537027	0.539248	0.541116	0.528291	0.49931	0.463438	0.464821	0.483218	0.481706	0.482961	0.45942	0.459869	0.53118	0.470104	0.468929	0.468139	0.545512	0.558997	0.559056	0.535241	0.538408	0.539591	0.444918	0.456749	0.457586	0.379956	0.383622	0.378805	0.500359	0.495841	0.494881	0.482143	0.511766	0.506586	0.534027	0.523482	0.52227	0.505698	0.50575	0.505998
ERR609219-k20-n1-x5e9	0.368973	0.410117	0.421944	0.354617	0.357553	0.351239	0.270882	0.268698	0	0.283619	0.275422	0.27477	0.391867	0.394844	0.398138	0.377998	0.398771	0.398089	0.369242	0.374343	0.381575	0.339661	0.337864	0.431244	0.363475	0.387416	0.396948	0.379885	0.37982	0.379676	0.498318	0.355875	0.477341	0.470687	0.473108	0.471249	0.424737	0.416053	0.427581	0.393428	0.392144	0.393077	0.452427	0.438735	0.425415	0.431626	0.43595	0.431652	0.564357	0.561598	0.560249	0.561257	0.56295	0.561905	0.518431	0.533502	0.542346	0.544799	0.546676	0.53211	0.492594	0.46763	0.469296	0.483157	0.481425	0.482599	0.460426	0.46112	0.523394	0.47068	0.469503	0.46788	0.552014	0.566746	0.566288	0.541212	0.545058	0.546315	0.455069	0.467611	0.467814	0.388539	0.392111	0.387275	0.50248	0.496493	0.494793	0.481597	0.505102	0.500714	0.539364	0.527896	0.526136	0.509241	0.504243	0.505611
ERR609220-k20-n1-x5e9	0.404959	0.451976	0.46342	0.385105	0.389156	0.38015	0.286292	0.284929	0.283619	0	0.295761	0.295937	0.420295	0.423959	0.427756	0.391696	0.429353	0.427751	0.38381	0.407577	0.363985	0.359684	0.356629	0.407335	0.396582	0.428358	0.437422	0.41915	0.419291	0.419264	0.542403	0.385186	0.522579	0.514167	0.516801	0.515004	0.415973	0.408064	0.414905	0.418024	0.416369	0.416785	0.494809	0.480633	0.466466	0.472563	0.477544	0.472769	0.601883	0.599183	0.597978	0.598528	0.600502	0.599326	0.549843	0.565542	0.575087	0.577113	0.579508	0.56455	0.494599	0.475295	0.476982	0.478987	0.477408	0.478025	0.46785	0.468457	0.51291	0.495744	0.493786	0.490385	0.58943	0.603013	0.603994	0.577224	0.580229	0.581324	0.49425	0.506274	0.507811	0.416068	0.421048	0.414566	0.535893	0.528692	0.52656	0.507959	0.532519	0.528477	0.575834	0.564364	0.562214	0.54197	0.538165	0.539715
ERR609221-k20-n1-x5e9	0.374938	0.397456	0.406979	0.352968	0.354867	0.351499	0.269912	0.270281	0.275422	0.295761	0	0.267256	0.393037	0.397324	0.40462	0.387941	0.398443	0.398534	0.386979	0.361055	0.400747	0.337322	0.337119	0.453489	0.373328	0.377564	0.38445	0.370099	0.370497	0.370534	0.47795	0.355553	0.458549	0.450881	0.453228	0.451725	0.445433	0.435498	0.447942	0.394553	0.393484	0.394946	0.43777	0.425415	0.414595	0.418891	0.423119	0.419285	0.552932	0.551344	0.551829	0.551089	0.552612	0.551741	0.515607	0.523688	0.530629	0.532713	0.534435	0.522541	0.504477	0.464447	0.465402	0.487819	0.486295	0.487726	0.461951	0.462555	0.538845	0.467354	0.466176	0.466537	0.537266	0.550334	0.550325	0.527434	0.530675	0.531821	0.436282	0.447885	0.44858	0.376078	0.379171	0.374981	0.495747	0.492303	0.491336	0.480128	0.511625	0.506195	0.527154	0.517235	0.516351	0.500652	0.502798	0.502846
ERR609222-k20-n1-x5e9	0.373294	0.397159	0.406987	0.352345	0.354527	0.350917	0.270251	0.27002	0.27477	0.295937	0.267256	0	0.392358	0.396333	0.40325	0.386981	0.397985	0.397591	0.384845	0.361037	0.399803	0.337277	0.336333	0.452269	0.371267	0.376894	0.384163	0.369584	0.369882	0.370098	0.478401	0.355271	0.459035	0.451348	0.453836	0.452186	0.443916	0.434229	0.446475	0.394131	0.392974	0.394201	0.437755	0.425349	0.414247	0.418674	0.422836	0.418968	0.552971	0.551374	0.551677	0.551061	0.552561	0.551666	0.514557	0.523193	0.530481	0.532597	0.53433	0.522183	0.503007	0.464108	0.465333	0.487308	0.485697	0.487134	0.461564	0.461872	0.537355	0.466415	0.465057	0.465286	0.537123	0.550309	0.550217	0.527446	0.53083	0.531778	0.436542	0.448179	0.448725	0.375992	0.379042	0.375035	0.495157	0.491453	0.490421	0.47917	0.510076	0.504676	0.526855	0.516807	0.515683	0.499996	0.501293	0.501311
ERR609151-k20-n1-x5e9	0.333171	0.355431	0.36656	0.330147	0.330128	0.330388	0.39423	0.393641	0.391867	0.420295	0.393037	0.392358	0	0.250611	0.255292	0.274491	0.254443	0.254716	0.367916	0.351493	0.420011	0.344928	0.346156	0.472338	0.34801	0.351319	0.359507	0.349749	0.348736	0.348494	0.447596	0.318959	0.417742	0.41193	0.414509	0.412486	0.412284	0.402333	0.42156	0.312184	0.311907	0.312469	0.39642	0.385762	0.374573	0.381457	0.384694	0.381277	0.483374	0.474213	0.464447	0.472286	0.475884	0.472947	0.446465	0.459824	0.470712	0.475361	0.476152	0.459131	0.547885	0.526874	0.528015	0.549157	0.548219	0.550598	0.507242	0.506965	0.577184	0.492649	0.492645	0.493389	0.493171	0.518382	0.517625	0.469364	0.476275	0.478684	0.418405	0.430998	0.427884	0.389164	0.389269	0.388705	0.42089	0.416158	0.414169	0.413684	0.434459	0.430009	0.476217	0.462178	0.457771	0.446176	0.436757	0.436882
ERR609152-k20-n1-x5e9	0.332393	0.358893	0.3705	0.332118	0.332432	0.332195	0.398585	0.397634	0.394844	0.423959	0.397324	0.396333	0.250611	0	0.253642	0.274112	0.253811	0.253921	0.365835	0.35598	0.42016	0.348291	0.348955	0.471823	0.346761	0.354653	0.36346	0.353206	0.352156	0.351848	0.451861	0.321096	0.421849	0.416597	0.419102	0.417163	0.410809	0.401736	0.420639	0.313869	0.313798	0.314293	0.400137	0.389275	0.377708	0.385269	0.388413	0.384782	0.485523	0.476006	0.465721	0.47414	0.477675	0.474638	0.447031	0.462651	0.474062	0.478918	0.47976	0.461577	0.548753	0.532067	0.533285	0.552912	0.551613	0.553873	0.511096	0.510415	0.577492	0.495373	0.495456	0.495768	0.496563	0.522441	0.521199	0.472915	0.480134	0.482645	0.424049	0.436663	0.433407	0.395359	0.395355	0.394838	0.422796	0.417215	0.415175	0.414778	0.431557	0.427837	0.479454	0.464915	0.460365	0.448822	0.436014	0.436579
ERR609153-k20-n1-x5e9	0.330436	0.369799	0.383085	0.337898	0.338448	0.336662	0.406055	0.40411	0.398138	0.427756	0.40462	0.40325	0.255292	0.253642	0	0.271489	0.257253	0.256889	0.358901	0.369571	0.4173	0.356762	0.357214	0.466354	0.343	0.363716	0.374451	0.362328	0.361198	0.360498	0.465592	0.326802	0.434901	0.430596	0.433065	0.430941	0.402473	0.394161	0.413046	0.317287	0.31741	0.317415	0.41156	0.399844	0.387082	0.39547	0.398496	0.3949	0.491972	0.4816	0.470122	0.479562	0.483231	0.480122	0.447868	0.469421	0.482096	0.487355	0.488188	0.468277	0.543901	0.536858	0.538274	0.553515	0.55206	0.554597	0.513695	0.513221	0.571751	0.498052	0.497793	0.497075	0.505973	0.533008	0.531172	0.481977	0.489644	0.492365	0.437709	0.450841	0.447081	0.406656	0.406845	0.405845	0.427663	0.420578	0.417986	0.416262	0.425671	0.422582	0.487678	0.472438	0.46709	0.45556	0.437085	0.438599
ERR609154-k20-n1-x5e9	0.344395	0.398065	0.411569	0.34324	0.345842	0.339598	0.385355	0.383796	0.377998	0.391696	0.387941	0.386981	0.274491	0.274112	0.271489	0	0.279646	0.27793	0.344922	0.380683	0.376142	0.347881	0.346361	0.423711	0.351169	0.386434	0.397365	0.381908	0.380487	0.380294	0.501683	0.332822	0.472685	0.465776	0.468624	0.466593	0.363993	0.355082	0.371793	0.323651	0.322788	0.322262	0.443345	0.429945	0.414917	0.423407	0.427776	0.422909	0.527185	0.517442	0.506965	0.515253	0.518974	0.515947	0.467912	0.493508	0.508191	0.512545	0.514158	0.492475	0.525259	0.522686	0.524186	0.530396	0.529284	0.531137	0.500788	0.500639	0.545781	0.502447	0.501479	0.498772	0.537902	0.562726	0.562419	0.513427	0.520059	0.52262	0.463064	0.47665	0.474901	0.410621	0.412951	0.409942	0.453712	0.443975	0.440536	0.428843	0.436705	0.434567	0.518143	0.502057	0.496596	0.479243	0.460565	0.462914
ERR609155-k20-n1-x5e9	0.333781	0.358411	0.370067	0.334534	0.334267	0.334683	0.402982	0.401694	0.398771	0.429353	0.398443	0.397985	0.254443	0.253811	0.257253	0.279646	0	0.253139	0.370598	0.358148	0.426824	0.3524	0.353448	0.477949	0.348521	0.354299	0.363253	0.353194	0.352216	0.351682	0.450172	0.324418	0.420135	0.4152	0.417572	0.415537	0.416652	0.40738	0.426398	0.316289	0.316141	0.316614	0.399095	0.388598	0.377637	0.384604	0.387684	0.384119	0.483508	0.473871	0.463857	0.472189	0.475683	0.472597	0.446862	0.461381	0.472544	0.477548	0.478037	0.46049	0.552025	0.53422	0.535465	0.555845	0.554553	0.55702	0.513582	0.513121	0.581276	0.495197	0.495089	0.495925	0.494809	0.520658	0.519334	0.471111	0.478436	0.481068	0.42304	0.435575	0.431963	0.396313	0.396225	0.395922	0.422241	0.417205	0.415479	0.415728	0.43335	0.429266	0.477966	0.463559	0.459234	0.448239	0.436074	0.436496
ERR609156-k20-n1-x5e9	0.333719	0.361051	0.372691	0.335101	0.334901	0.334848	0.40251	0.40111	0.398089	0.427751	0.398534	0.397591	0.254716	0.253921	0.256889	0.27793	0.253139	0	0.368878	0.359654	0.424667	0.352316	0.353305	0.475551	0.347869	0.356577	0.365483	0.355109	0.354117	0.353638	0.452919	0.324142	0.423016	0.417934	0.420379	0.418345	0.413618	0.404658	0.423931	0.316399	0.316219	0.316686	0.401649	0.391014	0.37962	0.38691	0.390152	0.38645	0.486086	0.476487	0.466222	0.474561	0.478027	0.475184	0.448252	0.464116	0.475218	0.480209	0.480973	0.462808	0.550727	0.534521	0.535679	0.55491	0.553672	0.556216	0.51362	0.513101	0.579914	0.49622	0.495925	0.496345	0.497323	0.523187	0.521771	0.473638	0.480952	0.48351	0.425685	0.438501	0.434916	0.397913	0.397822	0.397437	0.423939	0.418339	0.416738	0.416396	0.432444	0.428836	0.480281	0.465901	0.461274	0.450438	0.437323	0.437874
ERR607236-k20-n1-x5e9	0.367457	0.437616	0.4525	0.377188	0.380575	0.37116	0.385589	0.380907	0.369242	0.38381	0.386979	0.384845	0.367916	0.365835	0.358901	0.344922	0.370598	0.368878	0	0.370297	0.323289	0.322442	0.319629	0.365237	0.366575	0.424076	0.436792	0.418888	0.417672	0.416965	0.524141	0.347351	0.496465	0.492126	0.494608	0.492474	0.38699	0.382316	0.393755	0.383713	0.382916	0.381767	0.462211	0.446651	0.429167	0.439577	0.444176	0.439732	0.556894	0.548554	0.538929	0.54667	0.549943	0.547761	0.507939	0.539306	0.55322	0.557306	0.558908	0.537625	0.500596	0.520809	0.523002	0.521244	0.518747	0.520284	0.505299	0.505091	0.532798	0.505241	0.503794	0.499832	0.574459	0.596085	0.593973	0.556732	0.563211	0.565394	0.498174	0.51194	0.509758	0.442856	0.445469	0.441524	0.49258	0.480837	0.476509	0.464033	0.456339	0.456901	0.547009	0.530748	0.525171	0.508902	0.480916	0.484859
ERR607237-k20-n1-x5e9	0.367706	0.340477	0.343763	0.343489	0.341887	0.347958	0.363079	0.365649	0.374343	0.407577	0.361055	0.361037	0.351493	0.35598	0.369571	0.380683	0.358148	0.359654	0.370297	0	0.416448	0.284721	0.289059	0.478603	0.38651	0.34437	0.344534	0.342541	0.34249	0.343349	0.385361	0.321317	0.364146	0.355392	0.358096	0.356309	0.480287	0.468475	0.485518	0.364159	0.365007	0.366526	0.354459	0.348213	0.344306	0.3444	0.347198	0.34472	0.473645	0.471283	0.470593	0.470588	0.472409	0.471502	0.473508	0.464721	0.467954	0.470443	0.471055	0.46454	0.546495	0.490394	0.490414	0.530306	0.529516	0.531959	0.492733	0.492775	0.592368	0.475384	0.475697	0.480354	0.471814	0.486302	0.486726	0.459753	0.463253	0.464345	0.373818	0.382295	0.381862	0.357959	0.356864	0.357774	0.431943	0.434525	0.435455	0.437596	0.482462	0.475011	0.457023	0.44878	0.44849	0.439127	0.452949	0.449526
ERR607238-k20-n1-x5e9	0.427315	0.495185	0.508606	0.421446	0.426348	0.414761	0.393016	0.389749	0.381575	0.363985	0.400747	0.399803	0.420011	0.42016	0.4173	0.376142	0.426824	0.424667	0.323289	0.416448	0	0.352497	0.347462	0.313229	0.422766	0.477669	0.48876	0.469954	0.469317	0.468935	0.58191	0.392913	0.557933	0.550131	0.552985	0.550897	0.375719	0.372052	0.374627	0.426974	0.425715	0.424253	0.521796	0.506207	0.489077	0.497753	0.502855	0.497803	0.613415	0.606563	0.599403	0.604648	0.60793	0.605731	0.558472	0.586538	0.600608	0.603187	0.605693	0.585217	0.497667	0.517022	0.519534	0.501686	0.50012	0.500055	0.50301	0.503131	0.507384	0.531234	0.528835	0.522703	0.626486	0.644608	0.644958	0.608355	0.613021	0.614877	0.54726	0.559991	0.560127	0.473462	0.477945	0.472198	0.544857	0.532828	0.528512	0.507081	0.510793	0.510263	0.597994	0.582669	0.577947	0.555786	0.535949	0.539572
ERR607239-k20-n1-x5e9	0.358615	0.375493	0.384926	0.338739	0.339831	0.338677	0.336121	0.335915	0.339661	0.359684	0.337322	0.337277	0.344928	0.348291	0.356762	0.347881	0.3524	0.352316	0.322442	0.284721	0.352497	0	0.26231	0.412297	0.369232	0.368066	0.374549	0.362896	0.362196	0.362544	0.448393	0.310151	0.424076	0.415377	0.418332	0.416269	0.427349	0.416384	0.431383	0.356517	0.356444	0.356852	0.397876	0.385496	0.373985	0.378886	0.383125	0.379102	0.513299	0.508747	0.504936	0.507501	0.509968	0.508517	0.485444	0.494171	0.503051	0.505719	0.507412	0.493189	0.511716	0.477474	0.478827	0.499734	0.498169	0.499988	0.474184	0.474364	0.551306	0.473732	0.472924	0.473751	0.517715	0.534663	0.534935	0.502128	0.50654	0.507997	0.422191	0.43381	0.433676	0.373098	0.374848	0.37222	0.455699	0.450992	0.449884	0.440921	0.471413	0.466163	0.495818	0.483404	0.481243	0.465162	0.463558	0.463163
ERR607240-k20-n1-x5e9	0.359152	0.379718	0.389828	0.340375	0.341623	0.339665	0.335281	0.334696	0.337864	0.356629	0.337119	0.336333	0.346156	0.348955	0.357214	0.346361	0.353448	0.353305	0.319629	0.289059	0.347462	0.26231	0	0.407086	0.369354	0.371765	0.378394	0.36598	0.365546	0.365775	0.454044	0.31146	0.429691	0.420875	0.423951	0.42196	0.423418	0.412988	0.427447	0.3582	0.357736	0.358048	0.402806	0.390197	0.378319	0.383321	0.387839	0.383846	0.51795	0.513255	0.509469	0.512031	0.514566	0.512922	0.4879	0.498043	0.50721	0.509834	0.5115	0.496966	0.509461	0.477826	0.479392	0.498442	0.496459	0.498419	0.474581	0.474645	0.548575	0.475629	0.474788	0.474982	0.522396	0.53945	0.539705	0.50668	0.511256	0.512673	0.427447	0.439246	0.438987	0.376369	0.377985	0.37537	0.459064	0.453917	0.452634	0.443004	0.471929	0.466884	0.500149	0.487665	0.485508	0.468693	0.466084	0.465885
ERR607241-k20-n1-x5e9	0.47699	0.550577	0.563992	0.476145	0.481	0.468339	0.44552	0.441721	0.431244	0.407335	0.453489	0.452269	0.472338	0.471823	0.466354	0.423711	0.477949	0.475551	0.365237	0.478603	0.313229	0.412297	0.407086	0	0.468332	0.532392	0.543922	0.524907	0.524004	0.523608	0.63372	0.448044	0.610854	0.603718	0.606423	0.604522	0.395059	0.396372	0.391901	0.479625	0.477952	0.476427	0.574041	0.558629	0.541788	0.550482	0.555545	0.550392	0.65712	0.650003	0.642407	0.648148	0.651367	0.649184	0.60032	0.631342	0.645697	0.648373	0.650882	0.629621	0.5173	0.553095	0.555542	0.527201	0.52516	0.524187	0.536297	0.53645	0.512863	0.569506	0.566767	0.558926	0.672539	0.690391	0.690433	0.654651	0.659435	0.661215	0.600754	0.613087	0.613072	0.52734	0.531812	0.526054	0.590735	0.577144	0.572857	0.550497	0.545402	0.54608	0.643336	0.627724	0.622671	0.600408	0.576437	0.580768
ERR608925-k20-n1-x5e9	0.311297	0.366062	0.380874	0.323506	0.325115	0.319921	0.375368	0.372028	0.363475	0.396582	0.373328	0.371267	0.34801	0.346761	0.343	0.351169	0.348521	0.347869	0.366575	0.38651	0.422766	0.369232	0.369354	0.468332	0	0.30956	0.323461	0.306411	0.305722	0.30446	0.472675	0.352434	0.447351	0.445834	0.447485	0.445811	0.400142	0.393752	0.409853	0.333908	0.332943	0.333737	0.421485	0.40889	0.395331	0.403803	0.406547	0.403573	0.526673	0.520788	0.514814	0.51998	0.522009	0.520457	0.475243	0.496711	0.5062	0.510766	0.511667	0.494845	0.518371	0.512011	0.513617	0.530436	0.529168	0.531574	0.492355	0.492007	0.550502	0.476145	0.475585	0.47481	0.510394	0.532444	0.528577	0.496135	0.502602	0.504821	0.429688	0.443793	0.43998	0.387997	0.389526	0.387125	0.473396	0.467895	0.465428	0.462192	0.470559	0.467797	0.507188	0.495062	0.491084	0.481347	0.46537	0.467643
ERR608926-k20-n1-x5e9	0.33336	0.306455	0.311422	0.319617	0.316727	0.324499	0.381796	0.383046	0.387416	0.428358	0.377564	0.376894	0.351319	0.354653	0.363716	0.386434	0.354299	0.356577	0.424076	0.34437	0.477669	0.368066	0.371765	0.532392	0.30956	0	0.254184	0.254202	0.254519	0.254804	0.38645	0.352881	0.366416	0.363874	0.364774	0.363833	0.468896	0.458222	0.477015	0.335011	0.335923	0.33793	0.35935	0.354158	0.350292	0.35219	0.353184	0.352085	0.476567	0.47489	0.474581	0.474784	0.475767	0.475152	0.461023	0.452817	0.453978	0.457451	0.457372	0.452448	0.555003	0.504023	0.503801	0.546438	0.546419	0.549	0.496761	0.496625	0.595342	0.467681	0.468262	0.473732	0.442236	0.459291	0.456976	0.433024	0.437001	0.438377	0.349098	0.35882	0.356124	0.343575	0.341973	0.343454	0.443723	0.448168	0.448145	0.455111	0.49368	0.486701	0.452635	0.446893	0.446204	0.443322	0.455681	0.452967
ERR608927-k20-n1-x5e9	0.344887	0.304797	0.306961	0.326935	0.323683	0.332711	0.388341	0.390571	0.396948	0.437422	0.38445	0.384163	0.359507	0.36346	0.374451	0.397365	0.363253	0.365483	0.436792	0.344534	0.48876	0.374549	0.378394	0.543922	0.323461	0.254184	0	0.256543	0.256601	0.257326	0.376635	0.360333	0.358631	0.355518	0.356352	0.355548	0.481956	0.470705	0.489464	0.342898	0.343637	0.345751	0.356429	0.352853	0.351368	0.351429	0.352093	0.351774	0.473722	0.473073	0.473987	0.472956	0.473889	0.473361	0.464634	0.450736	0.450202	0.45319	0.453031	0.450858	0.564029	0.506161	0.505673	0.552266	0.552497	0.555238	0.501496	0.501489	0.604608	0.471499	0.472382	0.478846	0.435067	0.450219	0.448611	0.427119	0.430175	0.431297	0.340291	0.348406	0.346369	0.341906	0.340003	0.342126	0.444852	0.451032	0.451281	0.459671	0.502423	0.494774	0.448904	0.444662	0.444672	0.442739	0.460331	0.456735
ERR608928-k20-n1-x5e9	0.330981	0.308224	0.314058	0.315513	0.313128	0.319887	0.373813	0.375038	0.379885	0.41915	0.370099	0.369584	0.349749	0.353206	0.362328	0.381908	0.353194	0.355109	0.418888	0.342541	0.469954	0.362896	0.36598	0.524907	0.306411	0.254202	0.256543	0	0.252786	0.252737	0.391357	0.349361	0.371363	0.367856	0.36901	0.368113	0.462217	0.451509	0.469916	0.331828	0.332758	0.334706	0.361999	0.355977	0.351575	0.353546	0.354672	0.353468	0.48095	0.47925	0.479276	0.479143	0.48026	0.479568	0.461694	0.454768	0.456633	0.459954	0.4602	0.454315	0.549274	0.498415	0.498468	0.539845	0.539787	0.54231	0.491588	0.491512	0.589317	0.464936	0.465437	0.4707	0.446268	0.46305	0.46109	0.436632	0.44059	0.442005	0.351167	0.361186	0.358942	0.33982	0.33886	0.3398	0.445266	0.449088	0.449249	0.454584	0.493095	0.486119	0.456228	0.45003	0.449475	0.44512	0.45678	0.454137
ERR608929-k20-n1-x5e9	0.330527	0.309118	0.314919	0.315576	0.313134	0.319617	0.374054	0.375014	0.37982	0.419291	0.370497	0.369882	0.348736	0.352156	0.361198	0.380487	0.352216	0.354117	0.417672	0.34249	0.469317	0.362196	0.365546	0.524004	0.305722	0.254519	0.256601	0.252786	0	0.253006	0.392722	0.348907	0.372578	0.369072	0.370285	0.369256	0.461054	0.450174	0.468843	0.331602	0.332221	0.334106	0.36284	0.356571	0.352	0.354137	0.355271	0.354082	0.480539	0.478708	0.478434	0.478581	0.479677	0.478919	0.460838	0.454561	0.45655	0.45988	0.460213	0.454049	0.548745	0.498423	0.498271	0.539509	0.539368	0.541984	0.491214	0.491067	0.588548	0.464835	0.465177	0.470187	0.447006	0.464151	0.461982	0.437215	0.441252	0.442604	0.352409	0.362497	0.360353	0.34032	0.33943	0.340468	0.444759	0.4481	0.448243	0.453352	0.491526	0.484635	0.456275	0.449851	0.449083	0.444581	0.455513	0.453165
ERR608930-k20-n1-x5e9	0.329226	0.309311	0.31519	0.314957	0.312593	0.318941	0.374396	0.375323	0.379676	0.419264	0.370534	0.370098	0.348494	0.351848	0.360498	0.380294	0.351682	0.353638	0.416965	0.343349	0.468935	0.362544	0.365775	0.523608	0.30446	0.254804	0.257326	0.252737	0.253006	0	0.393262	0.348897	0.37312	0.369785	0.371046	0.370036	0.460406	0.449672	0.468203	0.331185	0.331681	0.333707	0.363222	0.357193	0.352517	0.354681	0.355959	0.35468	0.48179	0.479676	0.479481	0.479644	0.480753	0.479977	0.461466	0.455536	0.457601	0.460965	0.461178	0.455057	0.548869	0.499398	0.499699	0.539982	0.539787	0.542507	0.492293	0.492211	0.588758	0.465755	0.466125	0.470907	0.448144	0.465172	0.463029	0.438195	0.442438	0.443671	0.353843	0.363797	0.361541	0.341759	0.340694	0.341657	0.445526	0.448827	0.449117	0.454559	0.491812	0.484952	0.457363	0.450913	0.4502	0.445888	0.456432	0.454062
ERR605411-k20-n1-x5e9	0.448888	0.36436	0.354329	0.432504	0.427161	0.44074	0.485595	0.488168	0.498318	0.542403	0.47795	0.478401	0.447596	0.451861	0.465592	0.501683	0.450172	0.452919	0.524141	0.385361	0.58191	0.448393	0.454044	0.63372	0.472675	0.38645	0.376635	0.391357	0.392722	0.393262	0	0.400405	0.245548	0.248829	0.247223	0.248184	0.606605	0.596578	0.614095	0.458656	0.461016	0.462876	0.346212	0.356458	0.371205	0.363155	0.359888	0.363636	0.429814	0.435057	0.444036	0.437419	0.435932	0.437822	0.508345	0.467242	0.453635	0.456043	0.452999	0.468844	0.63387	0.559802	0.557931	0.618738	0.618319	0.621047	0.561643	0.561205	0.679856	0.512238	0.514827	0.5256	0.409254	0.413357	0.411061	0.414892	0.415944	0.415438	0.351205	0.34787	0.344442	0.416301	0.411129	0.416904	0.451975	0.468209	0.472918	0.495364	0.548321	0.539423	0.424246	0.431269	0.436709	0.451933	0.489689	0.482216
ERR605412-k20-n1-x5e9	0.332986	0.351769	0.362659	0.322948	0.323548	0.323312	0.357273	0.35589	0.355875	0.385186	0.355553	0.355271	0.318959	0.321096	0.326802	0.332822	0.324418	0.324142	0.347351	0.321317	0.392913	0.310151	0.31146	0.448044	0.352434	0.352881	0.360333	0.349361	0.348907	0.348897	0.400405	0	0.371577	0.365134	0.368077	0.365604	0.425978	0.415666	0.432694	0.336623	0.336086	0.337344	0.37274	0.360032	0.348695	0.355184	0.359025	0.355012	0.479025	0.472223	0.466389	0.471616	0.474097	0.472208	0.456755	0.466899	0.475745	0.480024	0.48098	0.466227	0.514537	0.486858	0.488073	0.511551	0.509788	0.512176	0.470546	0.470268	0.550228	0.458235	0.457872	0.458652	0.490461	0.512215	0.511019	0.47242	0.478263	0.480312	0.404712	0.41731	0.41479	0.367718	0.368166	0.36712	0.420504	0.41571	0.415141	0.411956	0.438489	0.432923	0.467885	0.454461	0.4517	0.439342	0.433169	0.433205
ERR605413-k20-n1-x5e9	0.421113	0.343073	0.335909	0.407231	0.401844	0.414986	0.466125	0.468437	0.477341	0.522579	0.458549	0.459035	0.417742	0.421849	0.434901	0.472685	0.420135	0.423016	0.496465	0.364146	0.557933	0.424076	0.429691	0.610854	0.447351	0.366416	0.358631	0.371363	0.372578	0.37312	0.245548	0.371577	0	0.242079	0.241352	0.241386	0.580641	0.570548	0.588565	0.430609	0.43295	0.434935	0.329874	0.337661	0.349435	0.343176	0.340367	0.343226	0.420114	0.422672	0.428297	0.424204	0.423645	0.424576	0.487511	0.451878	0.44137	0.444613	0.441753	0.453182	0.617718	0.549596	0.548043	0.605793	0.605237	0.608079	0.547626	0.547171	0.663371	0.498788	0.50112	0.51128	0.406548	0.415957	0.413168	0.407132	0.409482	0.409686	0.342446	0.342276	0.338011	0.39989	0.394786	0.400383	0.431416	0.446224	0.449919	0.472183	0.523179	0.514483	0.415078	0.418682	0.422346	0.435336	0.468121	0.461182
ERR605414-k20-n1-x5e9	0.419073	0.339905	0.332109	0.401448	0.396472	0.409575	0.457884	0.460764	0.470687	0.514167	0.450881	0.451348	0.41193	0.416597	0.430596	0.465776	0.4152	0.417934	0.492126	0.355392	0.550131	0.415377	0.420875	0.603718	0.445834	0.363874	0.355518	0.367856	0.369072	0.369785	0.248829	0.365134	0.242079	0	0.238877	0.238636	0.573842	0.563237	0.581379	0.423536	0.425645	0.427668	0.328685	0.336236	0.347888	0.340878	0.338472	0.340945	0.422073	0.424698	0.430446	0.42574	0.425442	0.426105	0.48493	0.448573	0.438418	0.441024	0.438621	0.449727	0.613324	0.54159	0.539964	0.598328	0.597689	0.600544	0.541576	0.541135	0.658506	0.496066	0.498229	0.508123	0.407067	0.416324	0.414919	0.405857	0.407873	0.408025	0.337556	0.337245	0.333633	0.390659	0.385612	0.391125	0.428489	0.442996	0.446908	0.467558	0.520901	0.512022	0.414626	0.417877	0.421626	0.432276	0.466936	0.459997
ERR605415-k20-n1-x5e9	0.421062	0.341072	0.333224	0.40381	0.398669	0.411897	0.460232	0.463095	0.473108	0.516801	0.453228	0.453836	0.414509	0.419102	0.433065	0.468624	0.417572	0.420379	0.494608	0.358096	0.552985	0.418332	0.423951	0.606423	0.447485	0.364774	0.356352	0.36901	0.370285	0.371046	0.247223	0.368077	0.241352	0.238877	0	0.238288	0.576525	0.566093	0.584019	0.426169	0.428368	0.430299	0.329396	0.33741	0.348967	0.341899	0.339594	0.342167	0.421384	0.424351	0.430209	0.42537	0.424883	0.425727	0.485932	0.449119	0.438573	0.441138	0.438646	0.45024	0.614676	0.542837	0.541221	0.599812	0.599453	0.602127	0.542988	0.542567	0.660209	0.496648	0.498958	0.509044	0.406293	0.415141	0.413606	0.405569	0.407449	0.40755	0.337778	0.337243	0.333901	0.392429	0.387375	0.392978	0.429425	0.444328	0.448048	0.469118	0.522595	0.51371	0.414364	0.417954	0.421735	0.432982	0.468114	0.460899
ERR605416-k20-n1-x5e9	0.419094	0.339995	0.332255	0.401965	0.396907	0.410002	0.458616	0.461507	0.471249	0.515004	0.451725	0.452186	0.412486	0.417163	0.430941	0.466593	0.415537	0.418345	0.492474	0.356309	0.550897	0.416269	0.42196	0.604522	0.445811	0.363833	0.355548	0.368113	0.369256	0.370036	0.248184	0.365604	0.241386	0.238636	0.238288	0	0.5746	0.564158	0.582176	0.424351	0.426444	0.428478	0.328486	0.336186	0.347557	0.340793	0.338273	0.340908	0.421773	0.424484	0.429953	0.425412	0.425001	0.425904	0.485289	0.449058	0.438819	0.441478	0.438977	0.450118	0.61378	0.542516	0.54093	0.599147	0.598678	0.601491	0.542189	0.54169	0.65906	0.496086	0.498492	0.508319	0.407095	0.416209	0.414655	0.406104	0.408046	0.408284	0.337665	0.337493	0.333969	0.391598	0.386638	0.392067	0.428658	0.443131	0.447004	0.467708	0.520999	0.512135	0.414814	0.417926	0.421798	0.432732	0.467124	0.46001
ERR608251-k20-n1-x5e9	0.408013	0.490291	0.50546	0.412857	0.418092	0.405186	0.438667	0.435979	0.424737	0.415973	0.445433	0.443916	0.412284	0.410809	0.402473	0.363993	0.416652	0.413618	0.38699	0.480287	0.375719	0.427349	0.423418	0.395059	0.400142	0.468896	0.481956	0.462217	0.461054	0.460406	0.606605	0.425978	0.580641	0.573842	0.576525	0.5746	0	0.269632	0.272459	0.362413	0.360421	0.358494	0.542641	0.528153	0.510632	0.520025	0.524525	0.519488	0.62026	0.610978	0.600164	0.608167	0.611856	0.608861	0.531585	0.568422	0.585623	0.588949	0.591512	0.566928	0.528735	0.554902	0.557335	0.541534	0.541502	0.541656	0.529919	0.529631	0.5208	0.552468	0.550228	0.543889	0.618378	0.642116	0.642483	0.593774	0.599521	0.602069	0.548526	0.562654	0.561612	0.474274	0.478426	0.473152	0.543771	0.529954	0.52426	0.503427	0.496849	0.497505	0.607265	0.590932	0.584496	0.562701	0.537563	0.54259
ERR608252-k20-n1-x5e9	0.399861	0.479189	0.494264	0.402107	0.407299	0.39485	0.428591	0.426371	0.416053	0.408064	0.435498	0.434229	0.402333	0.401736	0.394161	0.355082	0.40738	0.404658	0.382316	0.468475	0.372052	0.416384	0.412988	0.396372	0.393752	0.458222	0.470705	0.451509	0.450174	0.449672	0.596578	0.415666	0.570548	0.563237	0.566093	0.564158	0.269632	0	0.272241	0.350375	0.348207	0.346361	0.532619	0.518094	0.500711	0.509806	0.514507	0.509426	0.61326	0.60419	0.593572	0.601198	0.604888	0.601972	0.524727	0.560125	0.577021	0.580121	0.582697	0.558748	0.526313	0.547279	0.549299	0.536381	0.536353	0.536628	0.523321	0.523121	0.521651	0.545597	0.543304	0.537503	0.609316	0.632902	0.633655	0.584617	0.590243	0.592637	0.537166	0.55136	0.550372	0.462249	0.466629	0.461019	0.536137	0.522806	0.517154	0.49638	0.492782	0.492951	0.599096	0.58311	0.576812	0.554816	0.531738	0.536467
ERR608253-k20-n1-x5e9	0.417852	0.498445	0.513218	0.420267	0.425755	0.412852	0.440565	0.437714	0.427581	0.414905	0.447942	0.446475	0.42156	0.420639	0.413046	0.371793	0.426398	0.423931	0.393755	0.485518	0.374627	0.431383	0.427447	0.391901	0.409853	0.477015	0.489464	0.469916	0.468843	0.468203	0.614095	0.432694	0.588565	0.581379	0.584019	0.582176	0.272459	0.272241	0	0.371952	0.369689	0.367855	0.550333	0.535896	0.518821	0.527716	0.532357	0.527362	0.62949	0.620597	0.610258	0.617788	0.621486	0.618472	0.541308	0.576633	0.59345	0.596601	0.599246	0.575307	0.531288	0.556463	0.558674	0.541437	0.541472	0.541422	0.531923	0.531646	0.519964	0.557896	0.555525	0.548946	0.626034	0.649059	0.649817	0.601841	0.607241	0.609738	0.554948	0.568679	0.568082	0.479166	0.48348	0.477853	0.552538	0.538772	0.533272	0.511652	0.507382	0.507629	0.615283	0.599078	0.593061	0.570607	0.547488	0.552011
ERR608254-k20-n1-x5e9	0.321464	0.344714	0.356049	0.31319	0.314032	0.314063	0.394321	0.394429	0.393428	0.418024	0.394553	0.394131	0.312184	0.313869	0.317287	0.323651	0.316289	0.316399	0.383713	0.364159	0.426974	0.356517	0.3582	0.479625	0.333908	0.335011	0.342898	0.331828	0.331602	0.331185	0.458656	0.336623	0.430609	0.423536	0.426169	0.424351	0.362413	0.350375	0.371952	0	0.244298	0.244737	0.403019	0.392573	0.381099	0.386946	0.390184	0.386571	0.502052	0.494149	0.485639	0.491761	0.494846	0.492256	0.444196	0.456063	0.467133	0.470803	0.472214	0.455697	0.547412	0.521374	0.522206	0.544507	0.544608	0.546912	0.506112	0.505919	0.574942	0.496336	0.495804	0.496739	0.486477	0.511507	0.512056	0.461691	0.467407	0.470028	0.403594	0.41686	0.414657	0.363642	0.364243	0.363049	0.439368	0.435393	0.432701	0.429928	0.454636	0.449742	0.487385	0.474412	0.470232	0.456967	0.452311	0.452689
ERR608255-k20-n1-x5e9	0.321141	0.346008	0.357756	0.313049	0.313622	0.313538	0.393035	0.393378	0.392144	0.416369	0.393484	0.392974	0.311907	0.313798	0.31741	0.322788	0.316141	0.316219	0.382916	0.365007	0.425715	0.356444	0.357736	0.477952	0.332943	0.335923	0.343637	0.332758	0.332221	0.331681	0.461016	0.336086	0.43295	0.425645	0.428368	0.426444	0.360421	0.348207	0.369689	0.244298	0	0.244427	0.404806	0.394431	0.382431	0.388411	0.391789	0.38789	0.503289	0.495325	0.486679	0.492794	0.496041	0.493326	0.443518	0.456402	0.467723	0.471176	0.472756	0.455758	0.545812	0.520173	0.521124	0.542851	0.54287	0.545223	0.50479	0.504515	0.572847	0.495839	0.495162	0.495839	0.487797	0.512912	0.513593	0.462819	0.468526	0.471104	0.404935	0.41833	0.41617	0.363403	0.364062	0.362849	0.439479	0.43532	0.432657	0.429213	0.45379	0.448742	0.488285	0.475256	0.470933	0.457216	0.452256	0.452608
ERR608256-k20-n1-x5e9	0.321865	0.348167	0.359771	0.314397	0.315228	0.314724	0.394136	0.394306	0.393077	0.416785	0.394946	0.394201	0.312469	0.314293	0.317415	0.322262	0.316614	0.316686	0.381767	0.366526	0.424253	0.356852	0.358048	0.476427	0.333737	0.33793	0.345751	0.334706	0.334106	0.333707	0.462876	0.337344	0.434935	0.427668	0.430299	0.428478	0.358494	0.346361	0.367855	0.244737	0.244427	0	0.406834	0.396323	0.384415	0.390413	0.393563	0.389858	0.504228	0.496313	0.487641	0.493805	0.497063	0.494293	0.44408	0.457471	0.468994	0.472545	0.473975	0.456812	0.545486	0.520486	0.521283	0.542526	0.542747	0.545134	0.505044	0.50466	0.572094	0.496373	0.495532	0.496361	0.489174	0.514326	0.515091	0.464111	0.469898	0.472437	0.407034	0.42034	0.418357	0.364634	0.365637	0.364343	0.440647	0.436099	0.433459	0.429828	0.453895	0.448919	0.489637	0.476561	0.472316	0.458458	0.453104	0.453769
ERR605599-k20-n1-x5e9	0.401935	0.349351	0.348417	0.389251	0.385054	0.395595	0.444034	0.445523	0.452427	0.494809	0.43777	0.437755	0.39642	0.400137	0.41156	0.443345	0.399095	0.401649	0.462211	0.354459	0.521796	0.397876	0.402806	0.574041	0.421485	0.35935	0.356429	0.361999	0.36284	0.363222	0.346212	0.37274	0.329874	0.328685	0.329396	0.328486	0.542641	0.532619	0.550333	0.403019	0.404806	0.406834	0	0.253164	0.260567	0.25727	0.255456	0.256983	0.451551	0.451068	0.453247	0.452252	0.452568	0.45248	0.484466	0.464022	0.46081	0.464535	0.463253	0.464132	0.589253	0.530716	0.5301	0.579813	0.579108	0.581568	0.52716	0.526748	0.635528	0.486179	0.488226	0.49597	0.446566	0.460825	0.457983	0.440978	0.444835	0.445637	0.366893	0.3721	0.368468	0.393645	0.390285	0.393947	0.442486	0.450802	0.45362	0.468664	0.512096	0.504337	0.436396	0.433281	0.434978	0.438925	0.459281	0.454318
