	ERR608179-k20-n1-x5e9	ERR608180-k20-n1-x5e9	ERR608181-k20-n1-x5e9	ERR608182-k20-n1-x5e9	ERR608183-k20-n1-x5e9	ERR608184-k20-n1-x5e9	ERR608007-k20-n1-x5e9	ERR608008-k20-n1-x5e9	ERR608009-k20-n1-x5e9	ERR608010-k20-n1-x5e9	ERR608011-k20-n1-x5e9	ERR608012-k20-n1-x5e9	ERR605357-k20-n1-x5e9	ERR605358-k20-n1-x5e9	ERR605359-k20-n1-x5e9	ERR605360-k20-n1-x5e9	ERR605361-k20-n1-x5e9	ERR605362-k20-n1-x5e9	ERR608853-k20-n1-x5e9	ERR608854-k20-n1-x5e9	ERR608855-k20-n1-x5e9	ERR608856-k20-n1-x5e9	ERR608857-k20-n1-x5e9	ERR608858-k20-n1-x5e9	ERR605399-k20-n1-x5e9	ERR605400-k20-n1-x5e9	ERR605401-k20-n1-x5e9	ERR605402-k20-n1-x5e9	ERR605403-k20-n1-x5e9	ERR605404-k20-n1-x5e9	ERR607591-k20-n1-x5e9	ERR607592-k20-n1-x5e9	ERR607593-k20-n1-x5e9	ERR607594-k20-n1-x5e9	ERR607595-k20-n1-x5e9	ERR607596-k20-n1-x5e9	ERR608621-k20-n1-x5e9	ERR608622-k20-n1-x5e9	ERR608623-k20-n1-x5e9	ERR608624-k20-n1-x5e9	ERR608625-k20-n1-x5e9	ERR608626-k20-n1-x5e9	ERR609339-k20-n1-x5e9	ERR609340-k20-n1-x5e9	ERR609341-k20-n1-x5e9	ERR609342-k20-n1-x5e9	ERR609343-k20-n1-x5e9	ERR609344-k20-n1-x5e9	ERR606654-k20-n1-x5e9	ERR606655-k20-n1-x5e9	ERR606656-k20-n1-x5e9	ERR606657-k20-n1-x5e9	ERR606658-k20-n1-x5e9	ERR606659-k20-n1-x5e9	ERR607925-k20-n1-x5e9	ERR607926-k20-n1-x5e9	ERR607927-k20-n1-x5e9	ERR607928-k20-n1-x5e9	ERR607929-k20-n1-x5e9	ERR607930-k20-n1-x5e9	ERR605479-k20-n1-x5e9	ERR605480-k20-n1-x5e9	ERR605481-k20-n1-x5e9	ERR605482-k20-n1-x5e9	ERR605483-k20-n1-x5e9	ERR605484-k20-n1-x5e9	ERR608901-k20-n1-x5e9	ERR608902-k20-n1-x5e9	ERR608903-k20-n1-x5e9	ERR608904-k20-n1-x5e9	ERR608905-k20-n1-x5e9	ERR608906-k20-n1-x5e9	ERR608275-k20-n1-x5e9	ERR608276-k20-n1-x5e9	ERR608277-k20-n1-x5e9	ERR608278-k20-n1-x5e9	ERR608279-k20-n1-x5e9	ERR608280-k20-n1-x5e9	ERR605940-k20-n1-x5e9	ERR605941-k20-n1-x5e9	ERR605942-k20-n1-x5e9	ERR605943-k20-n1-x5e9	ERR605944-k20-n1-x5e9	ERR605945-k20-n1-x5e9	ERR607781-k20-n1-x5e9	ERR607782-k20-n1-x5e9	ERR607783-k20-n1-x5e9	ERR607784-k20-n1-x5e9	ERR607785-k20-n1-x5e9	ERR607786-k20-n1-x5e9	ERR606666-k20-n1-x5e9	ERR606667-k20-n1-x5e9	ERR606668-k20-n1-x5e9	ERR606669-k20-n1-x5e9	ERR606670-k20-n1-x5e9	ERR606671-k20-n1-x5e9
ERR608179-k20-n1-x5e9	0	0.295143	0.295767	0.313496	0.312293	0.312091	0.3635	0.47973	0.439802	0.522595	0.518121	0.523727	0.423527	0.416192	0.411196	0.404011	0.404654	0.404865	0.448473	0.486567	0.494537	0.486017	0.484704	0.485927	0.456247	0.386476	0.436121	0.424169	0.427441	0.425746	0.528008	0.497385	0.498999	0.525424	0.525649	0.526444	0.352713	0.388498	0.403395	0.425903	0.42384	0.427998	0.483142	0.485188	0.515689	0.547996	0.544148	0.546739	0.686341	0.630184	0.628324	0.621808	0.631668	0.629884	0.617328	0.588779	0.710912	0.594006	0.590207	0.591653	0.624909	0.623143	0.6222	0.622381	0.623951	0.623133	0.520988	0.526397	0.526739	0.503289	0.5028	0.503744	0.426273	0.45655	0.477251	0.476089	0.481897	0.457076	0.536854	0.539274	0.542397	0.528427	0.52797	0.52714	0.611198	0.624029	0.611989	0.629274	0.612413	0.613124	0.665797	0.612085	0.611017	0.610823	0.618749	0.61806
ERR608180-k20-n1-x5e9	0.295143	0	0.294464	0.30801	0.307001	0.306573	0.360024	0.473066	0.432958	0.515933	0.51154	0.517011	0.42016	0.420554	0.409059	0.401777	0.402716	0.402821	0.447451	0.481617	0.489202	0.481098	0.47975	0.481141	0.45172	0.389403	0.432612	0.420437	0.423599	0.422096	0.521817	0.491922	0.49341	0.519209	0.519692	0.520179	0.351512	0.38258	0.397067	0.419375	0.417551	0.421459	0.482693	0.484931	0.518976	0.544666	0.541299	0.543871	0.688738	0.628032	0.626296	0.622357	0.630311	0.629038	0.619382	0.588215	0.71359	0.594792	0.590779	0.592234	0.621644	0.620201	0.619647	0.619471	0.620918	0.620057	0.518607	0.523407	0.524096	0.501554	0.501289	0.502025	0.424192	0.45213	0.471999	0.470902	0.476542	0.45276	0.53852	0.536501	0.539325	0.527559	0.5271	0.52629	0.607498	0.621634	0.608353	0.627081	0.608987	0.609744	0.668708	0.609846	0.609024	0.609866	0.616568	0.616055
ERR608181-k20-n1-x5e9	0.295767	0.294464	0	0.311142	0.309959	0.309924	0.359034	0.478216	0.436687	0.522151	0.517795	0.523579	0.425031	0.418353	0.413314	0.404944	0.406007	0.406067	0.454519	0.490068	0.497227	0.489255	0.488042	0.489311	0.458354	0.388604	0.438792	0.425486	0.428921	0.427331	0.530491	0.500647	0.501796	0.527812	0.528284	0.52882	0.35505	0.386863	0.401549	0.425238	0.423263	0.427453	0.487677	0.490148	0.520502	0.553905	0.550247	0.552814	0.694185	0.634587	0.6328	0.627428	0.636909	0.635503	0.624055	0.593137	0.714303	0.599219	0.595005	0.596653	0.6287	0.627312	0.626941	0.62655	0.628071	0.627312	0.524237	0.528882	0.529826	0.504246	0.503724	0.504557	0.430499	0.458704	0.479474	0.477937	0.483949	0.459685	0.539299	0.538326	0.541286	0.527209	0.526653	0.525728	0.614716	0.628895	0.615626	0.634151	0.616511	0.617154	0.674283	0.616732	0.615868	0.616469	0.623913	0.623447
ERR608182-k20-n1-x5e9	0.313496	0.30801	0.311142	0	0.281488	0.281701	0.355929	0.419143	0.383996	0.460318	0.455832	0.461139	0.387579	0.448947	0.384888	0.378271	0.378002	0.378472	0.431066	0.440006	0.444764	0.43896	0.437769	0.439169	0.406754	0.405786	0.393384	0.380753	0.38365	0.382611	0.470211	0.444657	0.444958	0.467549	0.467983	0.46823	0.347788	0.343156	0.352276	0.369479	0.36809	0.371635	0.467211	0.470108	0.52711	0.508033	0.508034	0.510735	0.67566	0.593104	0.592458	0.600567	0.599479	0.600356	0.611464	0.565177	0.72116	0.57983	0.57439	0.576002	0.583861	0.584035	0.585578	0.583439	0.584516	0.583981	0.489058	0.489692	0.491992	0.479672	0.479551	0.479192	0.399007	0.41025	0.42586	0.423966	0.429415	0.410913	0.528819	0.504899	0.506521	0.510867	0.508567	0.50883	0.571796	0.592746	0.572607	0.599174	0.574477	0.575074	0.658815	0.576714	0.577168	0.58169	0.583549	0.583696
ERR608183-k20-n1-x5e9	0.312293	0.307001	0.309959	0.281488	0	0.281503	0.35509	0.420874	0.385243	0.462573	0.458029	0.463683	0.388482	0.447242	0.385301	0.378524	0.378547	0.378898	0.43217	0.442418	0.447375	0.441235	0.440396	0.441386	0.408528	0.404399	0.394596	0.381939	0.384967	0.383767	0.473209	0.447284	0.447619	0.470546	0.470884	0.471263	0.3482	0.344299	0.353417	0.37149	0.369761	0.373749	0.467848	0.470817	0.526336	0.510757	0.510448	0.513186	0.676386	0.595657	0.595003	0.602053	0.601916	0.602519	0.61189	0.566191	0.720651	0.580165	0.57477	0.57649	0.586691	0.586794	0.58829	0.586203	0.587348	0.586761	0.490288	0.491377	0.493416	0.480327	0.479717	0.479636	0.399823	0.411949	0.427975	0.426156	0.431781	0.4126	0.528538	0.505363	0.507276	0.510733	0.508447	0.508575	0.574408	0.595075	0.575266	0.601507	0.577137	0.577665	0.659559	0.57903	0.579466	0.583809	0.586008	0.586238
ERR608184-k20-n1-x5e9	0.312091	0.306573	0.309924	0.281701	0.281503	0	0.356297	0.421238	0.386201	0.462762	0.458488	0.463802	0.38972	0.447816	0.386581	0.379726	0.379749	0.380258	0.433106	0.442637	0.447367	0.441709	0.440643	0.441791	0.409471	0.40558	0.395826	0.383048	0.385849	0.384674	0.472986	0.447497	0.447874	0.47021	0.470665	0.471038	0.349023	0.345346	0.354214	0.372121	0.370423	0.374271	0.468812	0.471621	0.527639	0.510624	0.510429	0.513075	0.677627	0.595737	0.595169	0.602755	0.602089	0.602751	0.61308	0.567378	0.721827	0.581573	0.576089	0.577874	0.586411	0.586674	0.588144	0.585914	0.587058	0.58657	0.491247	0.492135	0.494144	0.481544	0.481078	0.480899	0.400988	0.412571	0.428446	0.426587	0.432027	0.413429	0.530221	0.506687	0.508464	0.512271	0.510163	0.510231	0.574163	0.595065	0.575005	0.601375	0.576896	0.577447	0.660685	0.579343	0.57982	0.584153	0.586126	0.586276
ERR608007-k20-n1-x5e9	0.3635	0.360024	0.359034	0.355929	0.35509	0.356297	0	0.407048	0.354915	0.46139	0.456821	0.463811	0.421919	0.437045	0.412864	0.402209	0.402987	0.40364	0.445277	0.471362	0.4773	0.469974	0.469353	0.470185	0.456623	0.405446	0.438998	0.423618	0.426892	0.425762	0.517592	0.487111	0.486939	0.514552	0.514723	0.514895	0.352538	0.359886	0.372941	0.399535	0.398051	0.403005	0.482282	0.485123	0.516647	0.55593	0.55132	0.554021	0.694094	0.638274	0.63616	0.625035	0.639271	0.636954	0.628521	0.590882	0.717776	0.597487	0.593044	0.594483	0.63654	0.634659	0.633485	0.633357	0.635164	0.633868	0.52069	0.523421	0.52666	0.49307	0.492896	0.493594	0.428078	0.450688	0.470844	0.467826	0.474538	0.451751	0.537507	0.531901	0.534588	0.520439	0.520484	0.51934	0.616826	0.629903	0.617711	0.633225	0.619632	0.620457	0.67927	0.621418	0.620102	0.619942	0.629897	0.629025
ERR608008-k20-n1-x5e9	0.47973	0.473066	0.478216	0.419143	0.420874	0.421238	0.407048	0	0.269049	0.264462	0.262796	0.265705	0.412767	0.566006	0.433087	0.43094	0.430104	0.430378	0.465949	0.399997	0.391674	0.396516	0.397532	0.397455	0.381801	0.518216	0.395825	0.390033	0.38974	0.391538	0.37871	0.381738	0.378219	0.375216	0.375896	0.374514	0.439748	0.361414	0.347602	0.33353	0.334307	0.334717	0.498072	0.501398	0.599403	0.47455	0.484277	0.48662	0.692295	0.556483	0.558658	0.602531	0.573709	0.580802	0.652428	0.580006	0.774992	0.611611	0.60401	0.606156	0.541961	0.54632	0.553569	0.546561	0.546504	0.547115	0.491572	0.479633	0.485445	0.512719	0.511763	0.509427	0.437622	0.397153	0.389524	0.385763	0.387483	0.397415	0.587161	0.507975	0.50507	0.557007	0.550498	0.55241	0.537437	0.573262	0.538476	0.580878	0.543011	0.54296	0.684113	0.547207	0.550758	0.566576	0.55238	0.555039
ERR608009-k20-n1-x5e9	0.439802	0.432958	0.436687	0.383996	0.385243	0.386201	0.354915	0.269049	0	0.307984	0.30488	0.310325	0.399419	0.528825	0.413359	0.407649	0.407148	0.407679	0.452518	0.407213	0.402868	0.404295	0.404951	0.405148	0.387631	0.482412	0.392026	0.381343	0.382434	0.383332	0.410201	0.400375	0.397137	0.40631	0.407102	0.406141	0.404792	0.336436	0.327837	0.32736	0.327682	0.330263	0.487079	0.490411	0.574823	0.493142	0.498666	0.501361	0.691748	0.576507	0.577392	0.605488	0.589551	0.593857	0.642867	0.577293	0.758037	0.602979	0.595987	0.597963	0.565787	0.568503	0.573392	0.568098	0.56865	0.568597	0.49035	0.481626	0.487737	0.495697	0.494949	0.493313	0.423414	0.396769	0.398075	0.393777	0.397376	0.397509	0.566454	0.500879	0.499398	0.535998	0.53078	0.53213	0.555972	0.586541	0.55695	0.59299	0.561443	0.561498	0.681687	0.56471	0.566842	0.578342	0.571732	0.573244
ERR608010-k20-n1-x5e9	0.522595	0.515933	0.522151	0.460318	0.462573	0.462762	0.46139	0.264462	0.307984	0	0.245089	0.244069	0.439827	0.604954	0.463291	0.463906	0.462775	0.462679	0.489003	0.409182	0.398246	0.405682	0.407086	0.406619	0.395102	0.557707	0.415927	0.414897	0.413274	0.415359	0.365298	0.381317	0.377896	0.362117	0.362969	0.361147	0.480309	0.399105	0.382312	0.358828	0.360098	0.35892	0.518686	0.521855	0.628129	0.468717	0.482191	0.484023	0.699321	0.547576	0.551107	0.609025	0.568722	0.578348	0.667652	0.591457	0.795144	0.627433	0.619713	0.621575	0.528892	0.535121	0.544482	0.535791	0.535013	0.536286	0.504696	0.49031	0.495707	0.537926	0.536781	0.534203	0.463439	0.414153	0.399489	0.396277	0.395608	0.413396	0.614328	0.526896	0.522775	0.585471	0.578016	0.580531	0.530218	0.569867	0.531107	0.578479	0.535586	0.535149	0.692953	0.540826	0.545866	0.565332	0.544041	0.547826
ERR608011-k20-n1-x5e9	0.518121	0.51154	0.517795	0.455832	0.458029	0.458488	0.456821	0.262796	0.30488	0.245089	0	0.244793	0.43587	0.60088	0.459232	0.459919	0.458562	0.458525	0.485206	0.406282	0.395502	0.402877	0.404057	0.403761	0.391837	0.553409	0.412054	0.410894	0.409558	0.41128	0.36423	0.379175	0.375731	0.361139	0.361797	0.360098	0.475722	0.395107	0.378637	0.355798	0.356763	0.355584	0.515081	0.518352	0.624377	0.466488	0.479654	0.481557	0.69678	0.546218	0.549626	0.606558	0.566971	0.576419	0.664767	0.588735	0.79247	0.624423	0.616809	0.618557	0.52805	0.534173	0.54322	0.534698	0.534005	0.535268	0.501798	0.4878	0.493024	0.534609	0.53356	0.530924	0.459142	0.410555	0.396169	0.393174	0.39266	0.40978	0.610638	0.524324	0.520301	0.58218	0.574716	0.577266	0.529085	0.568293	0.529968	0.576881	0.534306	0.533831	0.69042	0.53937	0.54432	0.563287	0.54249	0.546279
ERR608012-k20-n1-x5e9	0.523727	0.517011	0.523579	0.461139	0.463683	0.463802	0.463811	0.265705	0.310325	0.244069	0.244793	0	0.439695	0.605962	0.463416	0.464378	0.463117	0.463099	0.488155	0.407772	0.396777	0.404471	0.405828	0.405331	0.394305	0.558672	0.415357	0.414701	0.413043	0.415092	0.363184	0.379829	0.376282	0.359971	0.360729	0.359009	0.480948	0.400059	0.383233	0.359518	0.360618	0.359168	0.518082	0.521244	0.628102	0.466086	0.47958	0.48156	0.697887	0.545572	0.549067	0.607831	0.566763	0.576523	0.666909	0.590565	0.794926	0.62672	0.619078	0.620912	0.526606	0.532891	0.542178	0.533592	0.532804	0.534137	0.504216	0.489833	0.494905	0.538301	0.53712	0.534432	0.463132	0.413612	0.398635	0.395436	0.394714	0.412904	0.614683	0.527682	0.523524	0.586462	0.578951	0.581592	0.528275	0.567997	0.529107	0.576673	0.53357	0.53307	0.691474	0.538892	0.544	0.563516	0.541758	0.545666
ERR605357-k20-n1-x5e9	0.423527	0.42016	0.425031	0.387579	0.388482	0.38972	0.421919	0.412767	0.399419	0.439827	0.43587	0.439695	0	0.412266	0.269756	0.27371	0.272593	0.272104	0.367059	0.36081	0.36592	0.360137	0.359096	0.360044	0.316435	0.385626	0.305748	0.303296	0.303916	0.303302	0.39208	0.361696	0.364022	0.390046	0.390075	0.39121	0.361136	0.336676	0.34029	0.342397	0.341293	0.340666	0.3632	0.365692	0.460573	0.398375	0.394644	0.397456	0.586449	0.507376	0.50511	0.509368	0.506915	0.506039	0.580619	0.524587	0.723289	0.545962	0.53979	0.541596	0.501048	0.496977	0.4943	0.496678	0.498641	0.497396	0.451613	0.453083	0.452368	0.467421	0.466682	0.466122	0.365672	0.367047	0.37742	0.378365	0.381731	0.367715	0.535264	0.508128	0.508386	0.529324	0.524579	0.525936	0.505281	0.515703	0.506504	0.521205	0.506719	0.50806	0.575414	0.48983	0.488218	0.489412	0.496282	0.495232
ERR605358-k20-n1-x5e9	0.416192	0.420554	0.418353	0.448947	0.447242	0.447816	0.437045	0.566006	0.528825	0.604954	0.60088	0.605962	0.412266	0	0.388489	0.382711	0.384588	0.384398	0.458321	0.522888	0.533751	0.522952	0.521604	0.522914	0.486487	0.341462	0.459439	0.450758	0.453394	0.451326	0.577847	0.54089	0.544123	0.576059	0.576115	0.57721	0.398195	0.453306	0.470861	0.493295	0.491548	0.493613	0.454112	0.454286	0.429071	0.561685	0.549899	0.552213	0.635881	0.641101	0.636477	0.59789	0.630529	0.623242	0.613278	0.603783	0.69693	0.598045	0.596255	0.597471	0.640454	0.633647	0.626655	0.632431	0.635239	0.633198	0.554004	0.564868	0.563091	0.529961	0.529688	0.531684	0.467376	0.512317	0.535681	0.536157	0.541306	0.513472	0.551473	0.587618	0.591543	0.561968	0.563687	0.561675	0.636577	0.632246	0.637589	0.633602	0.636229	0.637601	0.616141	0.620665	0.616012	0.606013	0.628035	0.625094
ERR605359-k20-n1-x5e9	0.411196	0.409059	0.413314	0.384888	0.385301	0.386581	0.412864	0.433087	0.413359	0.463291	0.459232	0.463416	0.269756	0.388489	0	0.269932	0.269656	0.26875	0.360824	0.37489	0.382608	0.374805	0.373626	0.3748	0.33385	0.364906	0.315883	0.313337	0.314096	0.312978	0.415933	0.381582	0.384938	0.414071	0.414079	0.415275	0.348583	0.341502	0.349206	0.357009	0.355753	0.355758	0.357893	0.359785	0.439751	0.411834	0.405388	0.408309	0.578731	0.520617	0.517764	0.51037	0.516978	0.514137	0.572134	0.524267	0.713677	0.540328	0.534997	0.536757	0.516361	0.511283	0.506728	0.510436	0.512682	0.511096	0.456964	0.461458	0.459901	0.465752	0.464967	0.46503	0.364449	0.379083	0.393872	0.394999	0.398546	0.379672	0.526497	0.514057	0.514971	0.526683	0.522787	0.523887	0.518638	0.524385	0.519659	0.529027	0.519159	0.520653	0.566295	0.501711	0.499029	0.496991	0.508169	0.506751
ERR605360-k20-n1-x5e9	0.404011	0.401777	0.404944	0.378271	0.378524	0.379726	0.402209	0.43094	0.407649	0.463906	0.459919	0.464378	0.27371	0.382711	0.269932	0	0.267687	0.266828	0.371784	0.385216	0.392181	0.384554	0.38335	0.384951	0.339837	0.360746	0.322351	0.315831	0.317068	0.316113	0.42561	0.391655	0.394467	0.423281	0.423641	0.424591	0.347514	0.338812	0.346646	0.35693	0.355443	0.356468	0.366743	0.369015	0.443799	0.427698	0.421387	0.424518	0.590279	0.529531	0.526701	0.518846	0.526833	0.524086	0.578348	0.530055	0.71339	0.545187	0.539694	0.541404	0.525149	0.520687	0.516913	0.519686	0.521964	0.520518	0.46051	0.464492	0.464025	0.463359	0.462458	0.462684	0.369918	0.384111	0.399597	0.399711	0.403964	0.384482	0.524113	0.50873	0.50992	0.519374	0.515704	0.516523	0.5266	0.534197	0.527777	0.538669	0.527928	0.529321	0.577565	0.511138	0.508589	0.507067	0.518617	0.517054
ERR605361-k20-n1-x5e9	0.404654	0.402716	0.406007	0.378002	0.378547	0.379749	0.402987	0.430104	0.407148	0.462775	0.458562	0.463117	0.272593	0.384588	0.269656	0.267687	0	0.267324	0.370564	0.383388	0.390393	0.382876	0.381681	0.382802	0.338185	0.362115	0.320989	0.314465	0.315748	0.31473	0.423771	0.389732	0.392373	0.421439	0.421594	0.422728	0.347769	0.337891	0.345659	0.355747	0.354395	0.355123	0.366399	0.368866	0.444389	0.426481	0.420284	0.423313	0.589734	0.528759	0.526009	0.518562	0.526356	0.523473	0.578194	0.529163	0.713637	0.544882	0.539467	0.54124	0.524454	0.520004	0.516142	0.519053	0.521148	0.519711	0.460293	0.464043	0.463523	0.463299	0.462475	0.462807	0.36916	0.3829	0.398164	0.398386	0.40266	0.383202	0.524268	0.508385	0.509614	0.519711	0.51614	0.516826	0.525764	0.533492	0.526811	0.537877	0.526936	0.528315	0.577218	0.510538	0.508004	0.506478	0.517968	0.516464
ERR605362-k20-n1-x5e9	0.404865	0.402821	0.406067	0.378472	0.378898	0.380258	0.40364	0.430378	0.407679	0.462679	0.458525	0.463099	0.272104	0.384398	0.26875	0.266828	0.267324	0	0.369464	0.3823	0.38945	0.381853	0.380606	0.381798	0.338111	0.362195	0.320288	0.314655	0.31581	0.314828	0.422884	0.388829	0.391662	0.420683	0.420791	0.421707	0.347376	0.33787	0.345913	0.355636	0.354342	0.355248	0.365548	0.367928	0.443994	0.424118	0.418092	0.420967	0.589182	0.528012	0.525232	0.51821	0.525525	0.522789	0.577789	0.52927	0.714161	0.544775	0.539328	0.541205	0.523508	0.518854	0.514977	0.517943	0.520042	0.518581	0.460177	0.463984	0.463274	0.464067	0.463497	0.463574	0.368617	0.382201	0.397619	0.398006	0.402222	0.383005	0.525265	0.509866	0.51105	0.52109	0.517382	0.518278	0.52489	0.532507	0.526054	0.537014	0.526064	0.527402	0.57646	0.509723	0.507232	0.505907	0.517096	0.515645
ERR608853-k20-n1-x5e9	0.448473	0.447451	0.454519	0.431066	0.43217	0.433106	0.445277	0.465949	0.452518	0.489003	0.485206	0.488155	0.367059	0.458321	0.360824	0.371784	0.370564	0.369464	0	0.298425	0.313091	0.301242	0.299864	0.300363	0.383712	0.415467	0.368319	0.375473	0.374585	0.374263	0.400193	0.357719	0.363829	0.399572	0.398558	0.400392	0.364996	0.378421	0.387085	0.391562	0.390674	0.388417	0.330412	0.331889	0.409239	0.375962	0.362728	0.364566	0.52453	0.500588	0.495964	0.479147	0.488306	0.483432	0.522456	0.481603	0.692369	0.496851	0.492869	0.494359	0.50675	0.497023	0.486143	0.495152	0.49825	0.495752	0.430366	0.440856	0.433807	0.45307	0.45331	0.452971	0.33905	0.367669	0.384252	0.387638	0.389402	0.367203	0.549961	0.558502	0.559317	0.566554	0.563884	0.566044	0.473109	0.457607	0.473918	0.459706	0.47022	0.472379	0.512478	0.476824	0.473017	0.464157	0.480941	0.477806
ERR608854-k20-n1-x5e9	0.486567	0.481617	0.490068	0.440006	0.442418	0.442637	0.471362	0.399997	0.407213	0.409182	0.406282	0.407772	0.36081	0.522888	0.37489	0.385216	0.383388	0.3823	0.298425	0	0.23818	0.238025	0.238452	0.238305	0.342015	0.474617	0.34644	0.355712	0.35302	0.354215	0.312314	0.286937	0.289675	0.311531	0.310389	0.311873	0.408497	0.365129	0.360057	0.348196	0.348298	0.344131	0.358662	0.361618	0.487351	0.332458	0.330243	0.33247	0.563346	0.46034	0.458804	0.487682	0.462136	0.464748	0.566907	0.495014	0.731547	0.529817	0.522995	0.524771	0.456187	0.45067	0.445551	0.449413	0.451413	0.449838	0.420708	0.418174	0.415618	0.465758	0.465837	0.463446	0.356131	0.333132	0.331564	0.334387	0.333312	0.333189	0.583766	0.54374	0.541969	0.579983	0.575149	0.577736	0.426933	0.430442	0.427892	0.434715	0.427746	0.429473	0.555881	0.440979	0.441134	0.446944	0.445284	0.444845
ERR608855-k20-n1-x5e9	0.494537	0.489202	0.497227	0.444764	0.447375	0.447367	0.4773	0.391674	0.402868	0.398246	0.395502	0.396777	0.36592	0.533751	0.382608	0.392181	0.390393	0.38945	0.313091	0.23818	0	0.238712	0.239692	0.239213	0.341997	0.485617	0.349532	0.358581	0.355574	0.357224	0.303385	0.283467	0.285466	0.302709	0.301719	0.302948	0.418755	0.367837	0.359938	0.345982	0.346403	0.342606	0.368404	0.371689	0.500253	0.333716	0.333743	0.335835	0.572124	0.459076	0.458216	0.493458	0.463505	0.467229	0.576304	0.501721	0.738354	0.53828	0.531035	0.532868	0.453238	0.448599	0.444757	0.447395	0.44923	0.447908	0.424814	0.41992	0.418278	0.471169	0.47128	0.468689	0.365376	0.335149	0.330094	0.33258	0.331056	0.335475	0.59081	0.544034	0.541922	0.584175	0.579147	0.581903	0.425282	0.43262	0.426266	0.43733	0.42685	0.428406	0.565589	0.44114	0.442122	0.450394	0.445703	0.445574
ERR608856-k20-n1-x5e9	0.486017	0.481098	0.489255	0.43896	0.441235	0.441709	0.469974	0.396516	0.404295	0.405682	0.402877	0.404471	0.360137	0.522952	0.374805	0.384554	0.382876	0.381853	0.301242	0.238025	0.238712	0	0.23703	0.236875	0.340883	0.474843	0.345881	0.354871	0.35214	0.353308	0.311387	0.28649	0.289262	0.310553	0.309646	0.310923	0.408573	0.363488	0.358024	0.345483	0.346005	0.341601	0.360278	0.363307	0.489085	0.334158	0.332259	0.334527	0.566154	0.461504	0.460068	0.489511	0.463447	0.466068	0.568885	0.496727	0.732473	0.531419	0.52453	0.526207	0.457033	0.451764	0.447054	0.45059	0.452576	0.451024	0.421593	0.418595	0.416106	0.465874	0.465971	0.463927	0.356606	0.332551	0.330879	0.33348	0.332479	0.332757	0.584225	0.542792	0.541079	0.579484	0.574475	0.577106	0.428406	0.43281	0.429539	0.437103	0.42929	0.430906	0.558729	0.442526	0.442879	0.448828	0.446871	0.446332
ERR608857-k20-n1-x5e9	0.484704	0.47975	0.488042	0.437769	0.440396	0.440643	0.469353	0.397532	0.404951	0.407086	0.404057	0.405828	0.359096	0.521604	0.373626	0.38335	0.381681	0.380606	0.299864	0.238452	0.239692	0.23703	0	0.236877	0.339796	0.472992	0.344457	0.353658	0.350915	0.351986	0.312325	0.286709	0.289399	0.311485	0.310623	0.311974	0.407399	0.363054	0.358037	0.345744	0.346181	0.341923	0.358503	0.361179	0.487198	0.333453	0.331459	0.333698	0.564573	0.461408	0.459738	0.488235	0.463018	0.465437	0.568041	0.496216	0.731622	0.530713	0.523657	0.525588	0.457779	0.452231	0.447264	0.450923	0.45298	0.451349	0.421175	0.418476	0.415719	0.465603	0.465479	0.46337	0.355442	0.332332	0.330846	0.333563	0.332518	0.332142	0.582896	0.542491	0.54089	0.578583	0.573499	0.576178	0.428939	0.432968	0.43004	0.437108	0.429652	0.431297	0.55723	0.442264	0.442463	0.44809	0.446595	0.446002
ERR608858-k20-n1-x5e9	0.485927	0.481141	0.489311	0.439169	0.441386	0.441791	0.470185	0.397455	0.405148	0.406619	0.403761	0.405331	0.360044	0.522914	0.3748	0.384951	0.382802	0.381798	0.300363	0.238305	0.239213	0.236875	0.236877	0	0.340543	0.47438	0.3455	0.354534	0.351893	0.352817	0.311798	0.286764	0.289457	0.310967	0.310057	0.311393	0.408245	0.36401	0.358535	0.346005	0.346601	0.342206	0.360098	0.362985	0.488732	0.333597	0.331557	0.333756	0.564898	0.461137	0.459575	0.488389	0.462727	0.465284	0.568171	0.495886	0.731841	0.53066	0.523639	0.525543	0.456952	0.451358	0.446766	0.450246	0.452218	0.450855	0.421265	0.418189	0.415624	0.466009	0.466173	0.463956	0.35639	0.332685	0.331174	0.333886	0.332672	0.332746	0.583595	0.542901	0.541243	0.579127	0.574122	0.576694	0.428136	0.432397	0.429226	0.436642	0.428926	0.430625	0.557696	0.441933	0.442138	0.44779	0.445954	0.445488
ERR605399-k20-n1-x5e9	0.456247	0.45172	0.458354	0.406754	0.408528	0.409471	0.456623	0.381801	0.387631	0.395102	0.391837	0.394305	0.316435	0.486487	0.33385	0.339837	0.338185	0.338111	0.383712	0.342015	0.341997	0.340883	0.339796	0.340543	0	0.414097	0.264529	0.268982	0.267372	0.268188	0.3454	0.328587	0.330156	0.343859	0.343968	0.344827	0.396633	0.348385	0.343298	0.329884	0.330045	0.326664	0.391773	0.394428	0.507981	0.375768	0.379686	0.382086	0.603718	0.490555	0.489978	0.519008	0.496796	0.500338	0.59895	0.532294	0.745062	0.562042	0.554943	0.557022	0.477963	0.476326	0.477524	0.477177	0.478144	0.477786	0.453354	0.44983	0.449483	0.486785	0.485556	0.484097	0.375934	0.354687	0.353683	0.354925	0.355478	0.354134	0.561247	0.51333	0.511973	0.550464	0.543877	0.546041	0.485011	0.503619	0.486165	0.511071	0.487153	0.487951	0.594866	0.475827	0.476424	0.484666	0.479676	0.480527
ERR605400-k20-n1-x5e9	0.386476	0.389403	0.388604	0.405786	0.404399	0.40558	0.405446	0.518216	0.482412	0.557707	0.553409	0.558672	0.385626	0.341462	0.364906	0.360746	0.362115	0.362195	0.415467	0.474617	0.485617	0.474843	0.472992	0.47438	0.414097	0	0.386256	0.377467	0.380393	0.378187	0.529708	0.492425	0.49549	0.527921	0.52782	0.52897	0.360637	0.40699	0.423693	0.444602	0.442732	0.444634	0.420839	0.421266	0.426862	0.518638	0.507907	0.510104	0.623164	0.612336	0.607771	0.575818	0.602512	0.596128	0.598559	0.580745	0.701164	0.57892	0.57653	0.577833	0.610443	0.604111	0.598319	0.603468	0.606039	0.604441	0.524125	0.534068	0.531475	0.507365	0.507182	0.508747	0.422237	0.464168	0.487098	0.487367	0.492774	0.464689	0.537236	0.564186	0.567403	0.545375	0.544826	0.543957	0.604942	0.604021	0.605974	0.60666	0.604845	0.606302	0.6049	0.591824	0.587484	0.578871	0.597616	0.595245
ERR605401-k20-n1-x5e9	0.436121	0.432612	0.438792	0.393384	0.394596	0.395826	0.438998	0.395825	0.392026	0.415927	0.412054	0.415357	0.305748	0.459439	0.315883	0.322351	0.320989	0.320288	0.368319	0.34644	0.349532	0.345881	0.344457	0.3455	0.264529	0.386256	0	0.263768	0.262906	0.262651	0.366031	0.341219	0.343917	0.364287	0.364107	0.365272	0.37536	0.340187	0.339662	0.333309	0.332764	0.330437	0.377132	0.379794	0.484057	0.382383	0.382477	0.385159	0.593167	0.500233	0.498588	0.514912	0.502478	0.503776	0.587385	0.527182	0.73327	0.552421	0.545883	0.547765	0.490913	0.48779	0.48657	0.488151	0.489423	0.488488	0.452335	0.452202	0.450892	0.478621	0.477612	0.476835	0.364038	0.355919	0.361361	0.362609	0.364475	0.35566	0.547975	0.513771	0.513272	0.542219	0.536528	0.538422	0.495078	0.508355	0.496177	0.515121	0.496143	0.49726	0.58297	0.483396	0.482779	0.487149	0.487882	0.487961
ERR605402-k20-n1-x5e9	0.424169	0.420437	0.425486	0.380753	0.381939	0.383048	0.423618	0.390033	0.381343	0.414897	0.410894	0.414701	0.303296	0.450758	0.313337	0.315831	0.314465	0.314655	0.375473	0.355712	0.358581	0.354871	0.353658	0.354534	0.268982	0.377467	0.263768	0	0.259446	0.259618	0.376716	0.35108	0.35309	0.374399	0.374496	0.375347	0.368154	0.33104	0.331231	0.328365	0.327802	0.326846	0.383527	0.386348	0.484971	0.399418	0.399454	0.402162	0.604321	0.510595	0.509074	0.523537	0.513884	0.514856	0.591557	0.531382	0.731607	0.555298	0.5488	0.55078	0.501345	0.498811	0.498187	0.498766	0.50029	0.499355	0.454361	0.45392	0.453492	0.473754	0.472672	0.47189	0.365553	0.358422	0.365197	0.365344	0.368127	0.357826	0.542049	0.505185	0.504946	0.531341	0.525953	0.527624	0.504676	0.519876	0.505667	0.526184	0.506555	0.507561	0.593589	0.494431	0.493843	0.498329	0.500129	0.499981
ERR605403-k20-n1-x5e9	0.427441	0.423599	0.428921	0.38365	0.384967	0.385849	0.426892	0.38974	0.382434	0.413274	0.409558	0.413043	0.303916	0.453394	0.314096	0.317068	0.315748	0.31581	0.374585	0.35302	0.355574	0.35214	0.350915	0.351893	0.267372	0.380393	0.262906	0.259446	0	0.259063	0.372879	0.347718	0.349879	0.370606	0.370785	0.371582	0.370358	0.33265	0.332203	0.328164	0.327839	0.326507	0.382345	0.385155	0.485874	0.395804	0.395781	0.398535	0.602018	0.506817	0.505509	0.520979	0.510329	0.511405	0.590881	0.529882	0.731916	0.554445	0.547862	0.549891	0.497392	0.494925	0.494363	0.494882	0.496182	0.49556	0.452864	0.452044	0.451538	0.473715	0.472728	0.471647	0.36573	0.357276	0.363923	0.36415	0.366374	0.356878	0.543134	0.50546	0.504989	0.532898	0.527238	0.528912	0.500856	0.516098	0.501847	0.522418	0.502595	0.503606	0.59142	0.490709	0.490204	0.494917	0.496219	0.496161
ERR605404-k20-n1-x5e9	0.425746	0.422096	0.427331	0.382611	0.383767	0.384674	0.425762	0.391538	0.383332	0.415359	0.41128	0.415092	0.303302	0.451326	0.312978	0.316113	0.31473	0.314828	0.374263	0.354215	0.357224	0.353308	0.351986	0.352817	0.268188	0.378187	0.262651	0.259618	0.259063	0	0.374967	0.349425	0.351624	0.372758	0.373041	0.373752	0.369086	0.332251	0.332166	0.329125	0.328652	0.327492	0.381186	0.384235	0.484009	0.396334	0.396157	0.399028	0.601074	0.508325	0.506802	0.520988	0.511272	0.512118	0.590598	0.530356	0.731709	0.554485	0.547854	0.549755	0.49924	0.496514	0.495784	0.496499	0.497773	0.496961	0.453502	0.452932	0.45252	0.473875	0.472879	0.472164	0.365386	0.358317	0.365118	0.365323	0.367734	0.357731	0.542296	0.50599	0.505797	0.53273	0.52688	0.528753	0.502414	0.517343	0.503472	0.523614	0.504195	0.505296	0.590639	0.491935	0.491324	0.495626	0.497402	0.497363
ERR607591-k20-n1-x5e9	0.528008	0.521817	0.530491	0.470211	0.473209	0.472986	0.517592	0.37871	0.410201	0.365298	0.36423	0.363184	0.39208	0.577847	0.415933	0.42561	0.423771	0.422884	0.400193	0.312314	0.303385	0.311387	0.312325	0.311798	0.3454	0.529708	0.366031	0.376716	0.372879	0.374967	0	0.251051	0.249419	0.237095	0.236662	0.236982	0.462226	0.397053	0.383041	0.357267	0.35868	0.353316	0.418489	0.421288	0.554927	0.337064	0.348067	0.349744	0.604963	0.450715	0.453281	0.517989	0.466974	0.476581	0.609257	0.527899	0.767145	0.570177	0.562333	0.564269	0.433418	0.434301	0.438207	0.435186	0.435263	0.435627	0.445846	0.435363	0.435662	0.502434	0.501977	0.498829	0.410242	0.363522	0.346787	0.348878	0.344909	0.363227	0.610287	0.541859	0.538101	0.597175	0.590399	0.593705	0.423698	0.449138	0.42483	0.457284	0.427062	0.427787	0.599817	0.439347	0.444256	0.462427	0.44094	0.443523
ERR607592-k20-n1-x5e9	0.497385	0.491922	0.500647	0.444657	0.447284	0.447497	0.487111	0.381738	0.400375	0.381317	0.379175	0.379829	0.361696	0.54089	0.381582	0.391655	0.389732	0.388829	0.357719	0.286937	0.283467	0.28649	0.286709	0.286764	0.328587	0.492425	0.341219	0.35108	0.347718	0.349425	0.251051	0	0.240529	0.251082	0.250414	0.251341	0.425796	0.370608	0.361646	0.341861	0.342611	0.337917	0.37739	0.380344	0.51307	0.324197	0.328451	0.330698	0.578799	0.447132	0.447342	0.493696	0.455623	0.461594	0.583034	0.505214	0.745466	0.544089	0.536541	0.538473	0.437646	0.435067	0.434487	0.434908	0.435887	0.435164	0.42374	0.417237	0.415814	0.475606	0.475185	0.472595	0.374186	0.338792	0.330024	0.332395	0.330187	0.338288	0.587168	0.531517	0.528938	0.578045	0.571758	0.574725	0.420681	0.435601	0.421747	0.442514	0.422183	0.423259	0.572518	0.431257	0.433752	0.445613	0.43482	0.435668
ERR607593-k20-n1-x5e9	0.498999	0.49341	0.501796	0.444958	0.447619	0.447874	0.486939	0.378219	0.397137	0.377896	0.375731	0.376282	0.364022	0.544123	0.384938	0.394467	0.392373	0.391662	0.363829	0.289675	0.285466	0.289262	0.289399	0.289457	0.330156	0.49549	0.343917	0.35309	0.349879	0.351624	0.249419	0.240529	0	0.249371	0.24906	0.249629	0.428902	0.37086	0.360563	0.340931	0.341784	0.336888	0.381675	0.384905	0.517541	0.328592	0.333362	0.335607	0.582656	0.448667	0.449033	0.497006	0.458215	0.464465	0.586586	0.507691	0.74707	0.547247	0.53977	0.541466	0.438174	0.436021	0.436112	0.435906	0.437051	0.436398	0.425192	0.417629	0.417031	0.476557	0.475911	0.473349	0.377867	0.340076	0.330216	0.332205	0.329822	0.339822	0.58913	0.530833	0.528113	0.578549	0.572345	0.575553	0.420996	0.438096	0.422067	0.444789	0.423486	0.424687	0.576622	0.433494	0.436188	0.448624	0.437192	0.438181
ERR607594-k20-n1-x5e9	0.525424	0.519209	0.527812	0.467549	0.470546	0.47021	0.514552	0.375216	0.40631	0.362117	0.361139	0.359971	0.390046	0.576059	0.414071	0.423281	0.421439	0.420683	0.399572	0.311531	0.302709	0.310553	0.311485	0.310967	0.343859	0.527921	0.364287	0.374399	0.370606	0.372758	0.237095	0.251082	0.249371	0	0.235497	0.23553	0.46008	0.394307	0.38028	0.354574	0.355723	0.35048	0.417768	0.420535	0.554005	0.338219	0.349005	0.350781	0.605644	0.451566	0.453969	0.518194	0.467819	0.477267	0.609073	0.527564	0.766299	0.56961	0.561888	0.563675	0.434327	0.43525	0.438996	0.43592	0.435913	0.436409	0.444703	0.434014	0.43447	0.500466	0.499831	0.496813	0.408286	0.36168	0.345086	0.346652	0.342654	0.361049	0.608409	0.539582	0.535778	0.594827	0.587878	0.591341	0.424686	0.450181	0.425631	0.458134	0.427871	0.428648	0.600527	0.440231	0.444989	0.463195	0.44213	0.444873
ERR607595-k20-n1-x5e9	0.525649	0.519692	0.528284	0.467983	0.470884	0.470665	0.514723	0.375896	0.407102	0.362969	0.361797	0.360729	0.390075	0.576115	0.414079	0.423641	0.421594	0.420791	0.398558	0.310389	0.301719	0.309646	0.310623	0.310057	0.343968	0.52782	0.364107	0.374496	0.370785	0.373041	0.236662	0.250414	0.24906	0.235497	0	0.2352	0.459867	0.394673	0.380668	0.35494	0.356341	0.350794	0.417216	0.419933	0.553452	0.337226	0.347762	0.349684	0.604577	0.451083	0.45347	0.517566	0.467123	0.476717	0.608431	0.526971	0.765867	0.569041	0.561266	0.563235	0.433875	0.434672	0.438334	0.435309	0.435495	0.435814	0.444573	0.433952	0.434355	0.500676	0.500156	0.496956	0.407997	0.361359	0.344838	0.346698	0.342815	0.360937	0.608614	0.540259	0.536561	0.595435	0.588447	0.591839	0.424413	0.449603	0.42546	0.457561	0.427594	0.428245	0.599269	0.439464	0.444318	0.462256	0.441352	0.443936
ERR607596-k20-n1-x5e9	0.526444	0.520179	0.52882	0.46823	0.471263	0.471038	0.514895	0.374514	0.406141	0.361147	0.360098	0.359009	0.39121	0.57721	0.415275	0.424591	0.422728	0.421707	0.400392	0.311873	0.302948	0.310923	0.311974	0.311393	0.344827	0.52897	0.365272	0.375347	0.371582	0.373752	0.236982	0.251341	0.249629	0.23553	0.2352	0	0.460902	0.394686	0.380565	0.354704	0.356054	0.350785	0.418936	0.421754	0.555152	0.338976	0.349831	0.351549	0.606239	0.451688	0.454267	0.51886	0.46828	0.477827	0.609643	0.52802	0.7667	0.570087	0.562228	0.564243	0.434445	0.435439	0.43923	0.435993	0.436114	0.436402	0.445036	0.434247	0.434699	0.50081	0.50043	0.497305	0.409313	0.362169	0.345203	0.347072	0.34311	0.361714	0.609016	0.539744	0.535997	0.595179	0.588366	0.591568	0.424921	0.450572	0.425873	0.458548	0.428158	0.428758	0.601195	0.440535	0.445355	0.463624	0.442453	0.445082
ERR608621-k20-n1-x5e9	0.352713	0.351512	0.35505	0.347788	0.3482	0.349023	0.352538	0.439748	0.404792	0.480309	0.475722	0.480948	0.361136	0.398195	0.348583	0.347514	0.347769	0.347376	0.364996	0.408497	0.418755	0.408573	0.407399	0.408245	0.396633	0.360637	0.37536	0.368154	0.370358	0.369086	0.462226	0.425796	0.428902	0.46008	0.459867	0.460902	0	0.309262	0.325642	0.345781	0.344291	0.346767	0.411176	0.413399	0.455763	0.475786	0.469061	0.471438	0.622274	0.581625	0.578968	0.565538	0.578334	0.575068	0.573615	0.542698	0.7002	0.5493	0.54559	0.547116	0.579087	0.57474	0.570687	0.573737	0.575677	0.574305	0.478185	0.486038	0.483989	0.471036	0.470545	0.471503	0.374077	0.407127	0.428003	0.428066	0.433071	0.407171	0.524641	0.529875	0.532135	0.526496	0.524556	0.52501	0.561338	0.566147	0.56213	0.570671	0.56129	0.562635	0.604416	0.561635	0.559477	0.556271	0.567689	0.566365
ERR608622-k20-n1-x5e9	0.388498	0.38258	0.386863	0.343156	0.344299	0.345346	0.359886	0.361414	0.336436	0.399105	0.395107	0.400059	0.336676	0.453306	0.341502	0.338812	0.337891	0.33787	0.378421	0.365129	0.367837	0.363488	0.363054	0.36401	0.348385	0.40699	0.340187	0.33104	0.33265	0.332251	0.397053	0.370608	0.37086	0.394307	0.394673	0.394686	0.309262	0	0.264818	0.274671	0.274024	0.276497	0.416071	0.419269	0.498646	0.445939	0.445541	0.44848	0.636124	0.549389	0.548554	0.559277	0.554704	0.555512	0.594437	0.537081	0.724716	0.558064	0.551687	0.553491	0.54118	0.540007	0.540184	0.539307	0.540614	0.539783	0.456009	0.454837	0.456648	0.459307	0.458876	0.458356	0.369103	0.36596	0.377025	0.375339	0.379586	0.367028	0.535834	0.499179	0.499304	0.519548	0.51578	0.516975	0.525896	0.544079	0.526837	0.550019	0.528948	0.529737	0.62334	0.532951	0.533098	0.538211	0.540027	0.540166
ERR608623-k20-n1-x5e9	0.403395	0.397067	0.401549	0.352276	0.353417	0.354214	0.372941	0.347602	0.327837	0.382312	0.378637	0.383233	0.34029	0.470861	0.349206	0.346646	0.345659	0.345913	0.387085	0.360057	0.359938	0.358024	0.358037	0.358535	0.343298	0.423693	0.339662	0.331231	0.332203	0.332166	0.383041	0.361646	0.360563	0.38028	0.380668	0.380565	0.325642	0.264818	0	0.2663	0.266018	0.268331	0.423048	0.426183	0.512803	0.441255	0.442539	0.445515	0.639951	0.542815	0.542434	0.560439	0.550513	0.552562	0.601112	0.538718	0.731999	0.563261	0.556339	0.558222	0.532724	0.532361	0.533716	0.531882	0.532994	0.532202	0.454493	0.451166	0.453782	0.462283	0.461909	0.460788	0.375652	0.363149	0.369954	0.367709	0.371557	0.363885	0.543143	0.497317	0.49686	0.524191	0.520183	0.521376	0.518472	0.540111	0.519317	0.546206	0.522336	0.522835	0.62837	0.527374	0.528177	0.535739	0.534608	0.535123
ERR608624-k20-n1-x5e9	0.425903	0.419375	0.425238	0.369479	0.37149	0.372121	0.399535	0.33353	0.32736	0.358828	0.355798	0.359518	0.342397	0.493295	0.357009	0.35693	0.355747	0.355636	0.391562	0.348196	0.345982	0.345483	0.345744	0.346005	0.329884	0.444602	0.333309	0.328365	0.328164	0.329125	0.357267	0.341861	0.340931	0.354574	0.35494	0.354704	0.345781	0.274671	0.2663	0	0.257072	0.256759	0.428113	0.431277	0.528718	0.423723	0.428009	0.4307	0.639736	0.527724	0.528217	0.556575	0.537839	0.541623	0.605618	0.538036	0.741715	0.566842	0.559553	0.561638	0.515031	0.515519	0.518337	0.515413	0.51619	0.515783	0.452086	0.446532	0.448714	0.471283	0.470446	0.468882	0.379996	0.356834	0.358342	0.356395	0.35878	0.357013	0.553486	0.498159	0.496679	0.533869	0.528459	0.53038	0.504629	0.529536	0.505561	0.536561	0.508255	0.508776	0.629236	0.513729	0.515449	0.525509	0.519415	0.520615
ERR608625-k20-n1-x5e9	0.42384	0.417551	0.423263	0.36809	0.369761	0.370423	0.398051	0.334307	0.327682	0.360098	0.356763	0.360618	0.341293	0.491548	0.355753	0.355443	0.354395	0.354342	0.390674	0.348298	0.346403	0.346005	0.346181	0.346601	0.330045	0.442732	0.332764	0.327802	0.327839	0.328652	0.35868	0.342611	0.341784	0.355723	0.356341	0.356054	0.344291	0.274024	0.266018	0.257072	0	0.257477	0.427134	0.430249	0.52748	0.424018	0.428136	0.430836	0.639054	0.527778	0.528163	0.555923	0.537614	0.541377	0.604805	0.537574	0.741026	0.566121	0.558909	0.560861	0.515508	0.515879	0.518626	0.515817	0.516539	0.516116	0.452056	0.446693	0.448865	0.470528	0.470015	0.468387	0.379236	0.357103	0.358881	0.35676	0.359511	0.357034	0.552601	0.497917	0.496674	0.533327	0.527896	0.529787	0.50513	0.529762	0.50601	0.536848	0.508595	0.509138	0.628533	0.513918	0.515518	0.525236	0.519628	0.520683
ERR608626-k20-n1-x5e9	0.427998	0.421459	0.427453	0.371635	0.373749	0.374271	0.403005	0.334717	0.330263	0.35892	0.355584	0.359168	0.340666	0.493613	0.355758	0.356468	0.355123	0.355248	0.388417	0.344131	0.342606	0.341601	0.341923	0.342206	0.326664	0.444634	0.330437	0.326846	0.326507	0.327492	0.353316	0.337917	0.336888	0.35048	0.350794	0.350785	0.346767	0.276497	0.268331	0.256759	0.257477	0	0.424904	0.428047	0.527284	0.417831	0.422361	0.424901	0.635871	0.523399	0.523872	0.552724	0.53301	0.536836	0.603542	0.53566	0.741546	0.564743	0.557683	0.559593	0.510776	0.511021	0.51394	0.51124	0.512029	0.511676	0.450082	0.444681	0.446547	0.471182	0.470487	0.468868	0.377905	0.354407	0.355493	0.353926	0.356454	0.35446	0.554113	0.499359	0.498177	0.535469	0.529851	0.531735	0.500814	0.525466	0.501821	0.532489	0.504234	0.504769	0.625619	0.509254	0.510851	0.520755	0.514416	0.515589
ERR609339-k20-n1-x5e9	0.483142	0.482693	0.487677	0.467211	0.467848	0.468812	0.482282	0.498072	0.487079	0.518686	0.515081	0.518082	0.3632	0.454112	0.357893	0.366743	0.366399	0.365548	0.330412	0.358662	0.368404	0.360278	0.358503	0.360098	0.391773	0.420839	0.377132	0.383527	0.382345	0.381186	0.418489	0.37739	0.381675	0.417768	0.417216	0.418936	0.411176	0.416071	0.423048	0.428113	0.427134	0.424904	0	0.252413	0.356035	0.342601	0.323499	0.326097	0.493663	0.478114	0.471672	0.439476	0.46025	0.451834	0.53624	0.492649	0.696627	0.508229	0.503571	0.504939	0.493036	0.481867	0.468784	0.479238	0.483377	0.47999	0.435755	0.444644	0.439303	0.455824	0.456088	0.455575	0.365597	0.386314	0.400896	0.404217	0.405806	0.387364	0.557396	0.563278	0.56415	0.570279	0.567719	0.569344	0.468895	0.450264	0.469855	0.450023	0.467321	0.469509	0.487283	0.455827	0.45012	0.437048	0.463085	0.458445
