	ERR609119-k20-n1-x5e9	ERR609120-k20-n1-x5e9	ERR609121-k20-n1-x5e9	ERR609122-k20-n1-x5e9	ERR609123-k20-n1-x5e9	ERR609124-k20-n1-x5e9	ERR608713-k20-n1-x5e9	ERR608714-k20-n1-x5e9	ERR608715-k20-n1-x5e9	ERR608716-k20-n1-x5e9	ERR608717-k20-n1-x5e9	ERR608718-k20-n1-x5e9	ERR605599-k20-n1-x5e9	ERR605600-k20-n1-x5e9	ERR605601-k20-n1-x5e9	ERR605602-k20-n1-x5e9	ERR605603-k20-n1-x5e9	ERR605604-k20-n1-x5e9	ERR605793-k20-n1-x5e9	ERR605794-k20-n1-x5e9	ERR605795-k20-n1-x5e9	ERR605796-k20-n1-x5e9	ERR605797-k20-n1-x5e9	ERR605798-k20-n1-x5e9	ERR607409-k20-n1-x5e9	ERR607410-k20-n1-x5e9	ERR607411-k20-n1-x5e9	ERR607412-k20-n1-x5e9	ERR607413-k20-n1-x5e9	ERR607414-k20-n1-x5e9	ERR605411-k20-n1-x5e9	ERR605412-k20-n1-x5e9	ERR605413-k20-n1-x5e9	ERR605414-k20-n1-x5e9	ERR605415-k20-n1-x5e9	ERR605416-k20-n1-x5e9	ERR607200-k20-n1-x5e9	ERR607201-k20-n1-x5e9	ERR607202-k20-n1-x5e9	ERR607203-k20-n1-x5e9	ERR607204-k20-n1-x5e9	ERR607205-k20-n1-x5e9	ERR606672-k20-n1-x5e9	ERR606673-k20-n1-x5e9	ERR606674-k20-n1-x5e9	ERR606675-k20-n1-x5e9	ERR606676-k20-n1-x5e9	ERR606677-k20-n1-x5e9	ERR608149-k20-n1-x5e9	ERR608150-k20-n1-x5e9	ERR608151-k20-n1-x5e9	ERR608152-k20-n1-x5e9	ERR608153-k20-n1-x5e9	ERR608154-k20-n1-x5e9	ERR607415-k20-n1-x5e9	ERR607416-k20-n1-x5e9	ERR607417-k20-n1-x5e9	ERR607418-k20-n1-x5e9	ERR607419-k20-n1-x5e9	ERR607420-k20-n1-x5e9	ERR608463-k20-n1-x5e9	ERR608464-k20-n1-x5e9	ERR608465-k20-n1-x5e9	ERR608466-k20-n1-x5e9	ERR608467-k20-n1-x5e9	ERR608468-k20-n1-x5e9	ERR608451-k20-n1-x5e9	ERR608452-k20-n1-x5e9	ERR608453-k20-n1-x5e9	ERR608454-k20-n1-x5e9	ERR608455-k20-n1-x5e9	ERR608456-k20-n1-x5e9	ERR608299-k20-n1-x5e9	ERR608300-k20-n1-x5e9	ERR608301-k20-n1-x5e9	ERR608302-k20-n1-x5e9	ERR608303-k20-n1-x5e9	ERR608304-k20-n1-x5e9	ERR607781-k20-n1-x5e9	ERR607782-k20-n1-x5e9	ERR607783-k20-n1-x5e9	ERR607784-k20-n1-x5e9	ERR607785-k20-n1-x5e9	ERR607786-k20-n1-x5e9	ERR605265-k20-n1-x5e9	ERR605266-k20-n1-x5e9	ERR605267-k20-n1-x5e9	ERR605268-k20-n1-x5e9	ERR605269-k20-n1-x5e9	ERR605270-k20-n1-x5e9	ERR608883-k20-n1-x5e9	ERR608884-k20-n1-x5e9	ERR608885-k20-n1-x5e9	ERR608886-k20-n1-x5e9	ERR608887-k20-n1-x5e9	ERR608888-k20-n1-x5e9
ERR609119-k20-n1-x5e9	0	0.363118	0.252186	0.246654	0.246326	0.2495	0.385756	0.350451	0.351739	0.348575	0.348996	0.349146	0.367188	0.369359	0.375128	0.369839	0.370096	0.370353	0.488992	0.511749	0.361764	0.373479	0.37772	0.381376	0.479046	0.409311	0.405055	0.453578	0.448705	0.45954	0.35742	0.380254	0.346104	0.337383	0.338788	0.338026	0.514616	0.374398	0.548794	0.431414	0.439857	0.596791	0.48988	0.340215	0.337435	0.344835	0.34914	0.347928	0.495177	0.458819	0.450655	0.450116	0.449326	0.459985	0.354205	0.350787	0.350508	0.342569	0.34221	0.342246	0.475105	0.421938	0.398511	0.39625	0.390762	0.419981	0.517617	0.474505	0.460945	0.459213	0.457691	0.474081	0.473002	0.461142	0.4655	0.467318	0.468601	0.462875	0.47828	0.506014	0.47937	0.512926	0.482545	0.483075	0.452846	0.454519	0.493629	0.474944	0.473699	0.470806	0.461992	0.461817	0.462158	0.470141	0.46885	0.469503
ERR609120-k20-n1-x5e9	0.363118	0	0.343096	0.372576	0.369255	0.350773	0.398352	0.448455	0.458844	0.444158	0.443714	0.443224	0.442732	0.430613	0.41843	0.423644	0.428237	0.423759	0.374885	0.393394	0.402732	0.402843	0.408415	0.413288	0.421004	0.421957	0.431867	0.408381	0.407604	0.40743	0.489518	0.337264	0.466092	0.457014	0.459822	0.457884	0.411637	0.35423	0.415028	0.341892	0.344605	0.463785	0.416843	0.444244	0.43059	0.40585	0.453701	0.447439	0.481902	0.487495	0.496676	0.497614	0.500078	0.487542	0.381662	0.386384	0.380669	0.436955	0.434967	0.434839	0.363267	0.340296	0.341463	0.342359	0.343612	0.340901	0.471923	0.463499	0.467271	0.467245	0.46944	0.462583	0.534326	0.547262	0.560338	0.563401	0.566078	0.550044	0.537922	0.544851	0.539119	0.547657	0.53996	0.541103	0.511935	0.504144	0.47808	0.501647	0.501839	0.505453	0.537468	0.542597	0.543043	0.505915	0.508177	0.504066
ERR609121-k20-n1-x5e9	0.252186	0.343096	0	0.2572	0.255612	0.249499	0.367148	0.350015	0.35503	0.348071	0.348141	0.347806	0.362314	0.361481	0.364265	0.361273	0.361985	0.361425	0.464839	0.487241	0.346494	0.355313	0.359156	0.362653	0.464095	0.406378	0.406327	0.44445	0.439933	0.449457	0.366235	0.359943	0.349434	0.342523	0.344208	0.342971	0.488639	0.355687	0.526729	0.408839	0.417137	0.57576	0.464051	0.339376	0.334234	0.333774	0.346852	0.344281	0.479186	0.450241	0.44512	0.445483	0.444898	0.451084	0.343097	0.341415	0.341423	0.344511	0.343695	0.343668	0.453402	0.404681	0.383671	0.382248	0.377051	0.402305	0.49963	0.461707	0.450226	0.449632	0.448298	0.461147	0.465849	0.462663	0.470171	0.472844	0.47452	0.464574	0.473491	0.495402	0.474652	0.502239	0.47633	0.477152	0.446351	0.446075	0.477612	0.461171	0.460293	0.458208	0.461302	0.463359	0.462913	0.463956	0.462765	0.463108
ERR609122-k20-n1-x5e9	0.246654	0.372576	0.2572	0	0.243811	0.250427	0.39465	0.353324	0.353139	0.351388	0.351921	0.352362	0.370888	0.373885	0.380735	0.374489	0.374686	0.375135	0.499657	0.52228	0.37012	0.382949	0.38731	0.390964	0.484107	0.410095	0.404678	0.456878	0.451983	0.463414	0.35538	0.389518	0.346521	0.337517	0.338525	0.337968	0.525342	0.383415	0.558122	0.441133	0.449597	0.605466	0.500727	0.342364	0.340564	0.350729	0.351982	0.351105	0.501978	0.463356	0.454098	0.453068	0.452358	0.464498	0.359482	0.355687	0.355467	0.343926	0.343382	0.343353	0.483911	0.429536	0.405636	0.402564	0.397188	0.427407	0.525266	0.480442	0.466163	0.463984	0.462265	0.480008	0.477034	0.461586	0.4646	0.4658	0.467034	0.463073	0.481959	0.512088	0.482955	0.519046	0.486736	0.487076	0.45641	0.458719	0.500652	0.480917	0.479613	0.476512	0.463545	0.4626	0.463114	0.47412	0.472625	0.473472
ERR609123-k20-n1-x5e9	0.246326	0.369255	0.255612	0.243811	0	0.249492	0.391976	0.352439	0.352373	0.350296	0.35082	0.351186	0.369427	0.372217	0.378687	0.372794	0.372838	0.373293	0.496044	0.518744	0.367402	0.380186	0.384465	0.388196	0.482013	0.40896	0.403818	0.45516	0.449945	0.461473	0.355669	0.386394	0.346135	0.336986	0.33815	0.337659	0.521885	0.380322	0.554806	0.437607	0.446056	0.60239	0.497424	0.341307	0.339206	0.348793	0.350899	0.350069	0.500324	0.462326	0.45337	0.452365	0.451717	0.463412	0.357172	0.353532	0.353184	0.342958	0.342502	0.342541	0.480452	0.426521	0.402697	0.399847	0.394212	0.424145	0.523162	0.478779	0.464614	0.462705	0.461021	0.478333	0.476273	0.461791	0.465139	0.466537	0.467758	0.463281	0.481234	0.510646	0.48218	0.517634	0.485783	0.486179	0.455477	0.457616	0.498707	0.479328	0.477958	0.475052	0.463466	0.462701	0.463177	0.473201	0.471871	0.472581
ERR609124-k20-n1-x5e9	0.2495	0.350773	0.249499	0.250427	0.249492	0	0.376604	0.352318	0.355677	0.350013	0.350174	0.350204	0.36484	0.364688	0.369045	0.364782	0.36549	0.36525	0.47522	0.497772	0.354657	0.364338	0.368468	0.371917	0.468897	0.405945	0.404236	0.446226	0.441426	0.451912	0.363642	0.368334	0.349312	0.341371	0.342673	0.341856	0.500218	0.363689	0.5355	0.417758	0.425715	0.583586	0.476221	0.340583	0.336209	0.338847	0.348808	0.346555	0.487785	0.456025	0.449708	0.449511	0.449113	0.45645	0.347506	0.345333	0.345067	0.344409	0.343468	0.343789	0.461615	0.411128	0.388957	0.386939	0.381913	0.408327	0.508587	0.46875	0.456547	0.455279	0.453914	0.467639	0.471784	0.464633	0.470522	0.472757	0.47412	0.466122	0.478627	0.503334	0.479777	0.510175	0.481904	0.482478	0.450981	0.451301	0.485448	0.468529	0.467518	0.46533	0.464564	0.465655	0.46532	0.468848	0.467621	0.467894
ERR608713-k20-n1-x5e9	0.385756	0.398352	0.367148	0.39465	0.391976	0.376604	0	0.296284	0.311367	0.295288	0.293497	0.292066	0.370805	0.362383	0.355291	0.360733	0.361703	0.360351	0.420092	0.439733	0.334208	0.33555	0.335785	0.33681	0.444426	0.428176	0.43653	0.448566	0.444774	0.449965	0.403599	0.337728	0.376316	0.375337	0.37713	0.375302	0.426443	0.341426	0.482908	0.376894	0.383195	0.533213	0.383502	0.349617	0.340416	0.320965	0.350838	0.345234	0.435643	0.430456	0.434638	0.436894	0.436797	0.430208	0.316847	0.319208	0.322945	0.346606	0.345662	0.345174	0.400466	0.368845	0.356716	0.358259	0.353633	0.366176	0.453671	0.434084	0.429714	0.43229	0.430849	0.433326	0.448477	0.473679	0.490403	0.494831	0.497698	0.476289	0.457202	0.456755	0.458139	0.462062	0.455735	0.457478	0.458913	0.454665	0.462851	0.45187	0.451937	0.45186	0.46256	0.470381	0.468705	0.450402	0.44941	0.448601
ERR608714-k20-n1-x5e9	0.350451	0.448455	0.350015	0.353324	0.352439	0.352318	0.296284	0	0.23772	0.237409	0.237346	0.237143	0.348418	0.35206	0.358885	0.355423	0.353614	0.355521	0.501175	0.522602	0.347309	0.360273	0.360506	0.362	0.489738	0.422182	0.419172	0.474947	0.469345	0.480587	0.330265	0.387298	0.316737	0.315471	0.315735	0.315323	0.514613	0.383065	0.565316	0.447499	0.455696	0.613186	0.468799	0.303013	0.30405	0.315377	0.305897	0.3051	0.476314	0.437654	0.427626	0.427993	0.425664	0.439058	0.327265	0.322914	0.327478	0.300092	0.30062	0.300158	0.479874	0.428914	0.404126	0.40214	0.394832	0.426385	0.508934	0.465037	0.449765	0.44947	0.446385	0.464845	0.435422	0.433372	0.441204	0.44389	0.445748	0.435448	0.440948	0.462122	0.44171	0.469603	0.443324	0.444163	0.446552	0.45006	0.49834	0.467593	0.466536	0.462365	0.431074	0.432966	0.432193	0.449393	0.44684	0.449456
ERR608715-k20-n1-x5e9	0.351739	0.458844	0.35503	0.353139	0.352373	0.355677	0.311367	0.23772	0	0.239624	0.239816	0.240451	0.353665	0.359011	0.367245	0.36247	0.360381	0.362662	0.514925	0.536385	0.358115	0.372606	0.373188	0.374763	0.497858	0.424097	0.418816	0.480271	0.474499	0.486354	0.32569	0.39954	0.315764	0.313935	0.314208	0.314032	0.52939	0.395437	0.577748	0.460967	0.469203	0.625096	0.483761	0.305376	0.308211	0.323939	0.309214	0.309131	0.48763	0.445639	0.433627	0.433506	0.431058	0.447016	0.336479	0.331114	0.335442	0.30136	0.30195	0.30154	0.492497	0.439845	0.414032	0.411437	0.404164	0.437189	0.521044	0.474731	0.458501	0.457695	0.454587	0.474807	0.441131	0.433226	0.438913	0.441033	0.442815	0.435313	0.445801	0.470722	0.446572	0.478335	0.448954	0.449609	0.452194	0.457011	0.508763	0.477038	0.475766	0.471386	0.43287	0.433397	0.432971	0.455926	0.453162	0.456207
ERR608716-k20-n1-x5e9	0.348575	0.444158	0.348071	0.351388	0.350296	0.350013	0.295288	0.237409	0.239624	0	0.236001	0.236084	0.348299	0.351452	0.358038	0.354241	0.352771	0.35438	0.497636	0.519207	0.346672	0.359109	0.359871	0.361529	0.486761	0.419208	0.416251	0.470774	0.465298	0.476603	0.332761	0.383867	0.318618	0.316412	0.316874	0.316415	0.511781	0.379569	0.561114	0.443122	0.451314	0.609178	0.467496	0.304104	0.304658	0.314339	0.307609	0.306381	0.474573	0.436246	0.426464	0.426839	0.424762	0.437448	0.325054	0.320445	0.324577	0.299874	0.29983	0.299846	0.475861	0.424381	0.399654	0.397693	0.39044	0.421627	0.506558	0.462707	0.447357	0.447028	0.444018	0.462385	0.436894	0.435078	0.443131	0.445787	0.447955	0.437185	0.442228	0.463212	0.443086	0.47053	0.444677	0.445477	0.446982	0.450209	0.496722	0.467479	0.466309	0.462504	0.432277	0.434285	0.433696	0.448155	0.445547	0.448103
ERR608717-k20-n1-x5e9	0.348996	0.443714	0.348141	0.351921	0.35082	0.350174	0.293497	0.237346	0.239816	0.236001	0	0.235606	0.34787	0.350904	0.357275	0.353813	0.352301	0.353921	0.496407	0.518068	0.345528	0.357712	0.358384	0.360003	0.486778	0.420061	0.417236	0.471297	0.465851	0.476986	0.332629	0.382695	0.318176	0.316239	0.316661	0.316294	0.510116	0.378389	0.560045	0.441925	0.450123	0.608045	0.465797	0.303707	0.303751	0.313264	0.306617	0.305419	0.473922	0.436214	0.426476	0.426924	0.424735	0.437228	0.324059	0.319957	0.324256	0.299493	0.299737	0.299605	0.475117	0.424051	0.399424	0.397409	0.390185	0.421262	0.5058	0.462017	0.446939	0.446878	0.443859	0.462	0.436167	0.434939	0.443185	0.445869	0.447866	0.437008	0.441147	0.461878	0.442116	0.469125	0.443558	0.444495	0.446229	0.449305	0.495754	0.466288	0.465245	0.461397	0.432128	0.434339	0.433574	0.44801	0.445503	0.447809
ERR608718-k20-n1-x5e9	0.349146	0.443224	0.347806	0.352362	0.351186	0.350204	0.292066	0.237143	0.240451	0.236084	0.235606	0	0.347445	0.350263	0.356614	0.353443	0.351778	0.353434	0.495393	0.516849	0.344232	0.356391	0.356734	0.358438	0.486186	0.420301	0.417971	0.471226	0.465898	0.476778	0.333106	0.38203	0.318571	0.316649	0.317094	0.316433	0.508864	0.377569	0.559252	0.441033	0.449384	0.607324	0.464379	0.303542	0.303594	0.312603	0.306193	0.304999	0.473591	0.4363	0.426857	0.427287	0.425413	0.43744	0.323751	0.319662	0.323944	0.300155	0.300387	0.299763	0.474414	0.423581	0.399116	0.397233	0.38991	0.420807	0.505414	0.462146	0.447223	0.447221	0.444253	0.462011	0.436365	0.435983	0.444436	0.447138	0.449239	0.438038	0.441695	0.461766	0.442684	0.468992	0.443871	0.444719	0.446451	0.449373	0.495646	0.46596	0.465058	0.461175	0.432914	0.435356	0.434464	0.448458	0.445816	0.448233
ERR605599-k20-n1-x5e9	0.367188	0.442732	0.362314	0.370888	0.369427	0.36484	0.370805	0.348418	0.353665	0.348299	0.34787	0.347445	0	0.253164	0.260567	0.25727	0.255456	0.256983	0.490886	0.511361	0.359058	0.367627	0.368838	0.370111	0.486693	0.430021	0.429197	0.473994	0.469451	0.479439	0.346212	0.37274	0.329874	0.328685	0.329396	0.328486	0.499247	0.373375	0.547036	0.431905	0.439772	0.594408	0.475648	0.342924	0.340537	0.343028	0.345005	0.343607	0.484064	0.453983	0.446783	0.448253	0.446552	0.454368	0.355586	0.353208	0.356233	0.347245	0.347321	0.346997	0.484851	0.440249	0.41949	0.418918	0.412595	0.438097	0.51182	0.473803	0.460899	0.461634	0.459149	0.473315	0.456473	0.45636	0.4639	0.467318	0.468795	0.458115	0.464846	0.485172	0.465836	0.493117	0.46637	0.467332	0.429893	0.432155	0.474237	0.4471	0.445813	0.442256	0.457692	0.460186	0.458426	0.470013	0.468056	0.469278
ERR605600-k20-n1-x5e9	0.369359	0.430613	0.361481	0.373885	0.372217	0.364688	0.362383	0.35206	0.359011	0.351452	0.350904	0.350263	0.253164	0	0.256775	0.255192	0.254047	0.255009	0.475889	0.496346	0.354815	0.36152	0.362807	0.364188	0.475699	0.425514	0.42659	0.464616	0.460257	0.469652	0.356458	0.360032	0.337661	0.336236	0.33741	0.336186	0.483791	0.363378	0.5313	0.417261	0.424694	0.57934	0.461767	0.346847	0.342218	0.339746	0.348973	0.346588	0.476399	0.450908	0.4459	0.447571	0.446434	0.451	0.349812	0.348466	0.350966	0.350927	0.35066	0.350447	0.469774	0.427127	0.407692	0.407637	0.401558	0.424854	0.501807	0.466851	0.455681	0.456598	0.454673	0.466174	0.458007	0.461794	0.470676	0.474319	0.475952	0.463566	0.466588	0.484198	0.467595	0.491917	0.467633	0.468693	0.430607	0.43122	0.466481	0.443257	0.442176	0.439588	0.461517	0.464831	0.463008	0.468438	0.466936	0.467663
ERR605601-k20-n1-x5e9	0.375128	0.41843	0.364265	0.380735	0.378687	0.369045	0.355291	0.358885	0.367245	0.358038	0.357275	0.356614	0.260567	0.256775	0	0.256078	0.256073	0.255997	0.459599	0.479865	0.351693	0.357715	0.359411	0.360903	0.464679	0.422725	0.425831	0.455912	0.451843	0.460199	0.371205	0.348695	0.349435	0.347888	0.348967	0.347557	0.466469	0.353769	0.513563	0.402011	0.409187	0.562224	0.445772	0.355342	0.349128	0.341597	0.358497	0.355192	0.46933	0.449249	0.446852	0.448569	0.44777	0.449233	0.345785	0.345553	0.347638	0.357311	0.357041	0.356516	0.453589	0.413507	0.396014	0.396097	0.390818	0.411405	0.491515	0.46025	0.451129	0.45222	0.45042	0.459642	0.460622	0.46859	0.479251	0.482892	0.484864	0.470712	0.469705	0.484038	0.470602	0.491089	0.470462	0.471546	0.433793	0.433157	0.45903	0.440541	0.439787	0.438109	0.466381	0.470669	0.46891	0.467745	0.466776	0.466901
ERR605602-k20-n1-x5e9	0.369839	0.423644	0.361273	0.374489	0.372794	0.364782	0.360733	0.355423	0.36247	0.354241	0.353813	0.353443	0.25727	0.255192	0.256078	0	0.253091	0.253576	0.469493	0.490057	0.354643	0.361635	0.363447	0.36512	0.46908	0.420781	0.422583	0.457932	0.453555	0.462712	0.363155	0.355184	0.343176	0.340878	0.341899	0.340793	0.47804	0.359465	0.523871	0.410791	0.418221	0.571963	0.456799	0.351167	0.345897	0.341545	0.354766	0.3519	0.47386	0.449697	0.446147	0.447429	0.446496	0.449746	0.347077	0.345948	0.348217	0.352354	0.352134	0.351651	0.462344	0.419728	0.400842	0.400703	0.395107	0.417378	0.497634	0.463605	0.453278	0.453971	0.452127	0.462906	0.460047	0.464588	0.4742	0.47755	0.479323	0.466398	0.468808	0.485758	0.46967	0.493017	0.469838	0.470729	0.432916	0.433253	0.463968	0.443227	0.442291	0.440121	0.463314	0.466965	0.465348	0.467445	0.466111	0.466435
ERR605603-k20-n1-x5e9	0.370096	0.428237	0.361985	0.374686	0.372838	0.36549	0.361703	0.353614	0.360381	0.352771	0.352301	0.351778	0.255456	0.254047	0.256073	0.253091	0	0.253413	0.474046	0.494601	0.355577	0.362594	0.364053	0.365729	0.471968	0.422474	0.423871	0.461065	0.456619	0.465792	0.359888	0.359025	0.340367	0.338472	0.339594	0.338273	0.48195	0.362687	0.528747	0.415277	0.422805	0.576689	0.459924	0.349137	0.34459	0.341491	0.352002	0.349725	0.475709	0.450823	0.446536	0.448017	0.446767	0.450901	0.348627	0.347473	0.349618	0.351445	0.351002	0.350959	0.46668	0.423852	0.404958	0.404501	0.398788	0.421599	0.50063	0.46597	0.455389	0.455951	0.453937	0.465064	0.459238	0.463106	0.472304	0.475631	0.477389	0.464845	0.468111	0.485577	0.469	0.49318	0.469211	0.470132	0.432593	0.43326	0.466118	0.444053	0.443038	0.440601	0.462409	0.46592	0.464223	0.468336	0.466994	0.467452
ERR605604-k20-n1-x5e9	0.370353	0.423759	0.361425	0.375135	0.373293	0.36525	0.360351	0.355521	0.362662	0.35438	0.353921	0.353434	0.256983	0.255009	0.255997	0.253576	0.253413	0	0.469178	0.48977	0.354504	0.361514	0.363112	0.365002	0.469385	0.421398	0.4229	0.458201	0.454008	0.462947	0.363636	0.355012	0.343226	0.340945	0.342167	0.340908	0.477639	0.359405	0.523498	0.41039	0.417878	0.571562	0.456735	0.351478	0.346084	0.342009	0.354976	0.352281	0.473571	0.449831	0.445942	0.447481	0.446417	0.449789	0.347182	0.346405	0.348396	0.352877	0.352497	0.352238	0.46229	0.419855	0.401221	0.400906	0.39513	0.417513	0.497652	0.463316	0.453306	0.453823	0.452184	0.462902	0.460241	0.464836	0.474646	0.477934	0.479923	0.466807	0.468648	0.485427	0.469544	0.492733	0.469801	0.47065	0.432987	0.433189	0.463728	0.443264	0.442523	0.440274	0.463462	0.467176	0.465659	0.467242	0.466124	0.466391
ERR605793-k20-n1-x5e9	0.488992	0.374885	0.464839	0.499657	0.496044	0.47522	0.420092	0.501175	0.514925	0.497636	0.496407	0.495393	0.490886	0.475889	0.459599	0.469493	0.474046	0.469178	0	0.278324	0.393792	0.384717	0.387595	0.391285	0.496068	0.526954	0.539441	0.50656	0.506617	0.502578	0.554344	0.368772	0.525977	0.520332	0.522989	0.520734	0.327581	0.374186	0.340663	0.327868	0.325411	0.385208	0.390841	0.508506	0.494363	0.463138	0.513101	0.506139	0.47738	0.509264	0.524949	0.527922	0.530803	0.508756	0.43957	0.445883	0.443141	0.500469	0.498783	0.49849	0.368914	0.383959	0.398947	0.402935	0.405244	0.385037	0.45071	0.471665	0.483529	0.486867	0.489406	0.47149	0.552131	0.587758	0.607493	0.611639	0.615292	0.590899	0.552428	0.536364	0.553487	0.535448	0.550898	0.552992	0.526088	0.513328	0.454688	0.491401	0.492763	0.49945	0.571222	0.580885	0.580583	0.52646	0.529	0.524481
ERR605794-k20-n1-x5e9	0.511749	0.393394	0.487241	0.52228	0.518744	0.497772	0.439733	0.522602	0.536385	0.519207	0.518068	0.516849	0.511361	0.496346	0.479865	0.490057	0.494601	0.48977	0.278324	0	0.417484	0.406666	0.409089	0.412054	0.511065	0.545943	0.558978	0.523694	0.523989	0.51936	0.574898	0.388169	0.546846	0.5416	0.544193	0.54195	0.327136	0.395082	0.335566	0.343064	0.339787	0.374131	0.397411	0.529545	0.515677	0.483637	0.5335	0.526696	0.490736	0.526477	0.542788	0.545915	0.549045	0.525839	0.461735	0.468244	0.465549	0.522998	0.521475	0.521056	0.379822	0.402185	0.418979	0.4234	0.426083	0.402895	0.46062	0.486697	0.499936	0.503586	0.506431	0.486501	0.568761	0.605762	0.625558	0.629707	0.633406	0.608763	0.568902	0.550614	0.569881	0.54948	0.566934	0.568985	0.542948	0.529448	0.466826	0.505718	0.507217	0.5145	0.589142	0.598968	0.598507	0.543691	0.546328	0.541603
ERR605795-k20-n1-x5e9	0.361764	0.402732	0.346494	0.37012	0.367402	0.354657	0.334208	0.347309	0.358115	0.346672	0.345528	0.344232	0.359058	0.354815	0.351693	0.354643	0.355577	0.354504	0.393792	0.417484	0	0.252117	0.252596	0.254896	0.501951	0.472172	0.476945	0.498261	0.494248	0.500001	0.39093	0.348033	0.363635	0.361655	0.363073	0.361368	0.435494	0.324668	0.495061	0.378362	0.385622	0.546533	0.426668	0.352214	0.345461	0.335263	0.353772	0.349519	0.452046	0.43529	0.434065	0.436624	0.435762	0.435892	0.34305	0.342649	0.346658	0.353811	0.353611	0.353201	0.446904	0.41036	0.395198	0.395486	0.390371	0.408118	0.471808	0.442847	0.433867	0.436498	0.434389	0.44284	0.439235	0.462483	0.47923	0.483636	0.486564	0.46527	0.442421	0.442703	0.443479	0.446575	0.441921	0.443767	0.418477	0.414814	0.437233	0.416264	0.416141	0.415029	0.453252	0.460655	0.459347	0.447138	0.445323	0.446522
ERR605796-k20-n1-x5e9	0.373479	0.402843	0.355313	0.382949	0.380186	0.364338	0.33555	0.360273	0.372606	0.359109	0.357712	0.356391	0.367627	0.36152	0.357715	0.361635	0.362594	0.361514	0.384717	0.406666	0.252117	0	0.244879	0.246054	0.502105	0.481165	0.487372	0.503345	0.499568	0.504243	0.404559	0.347978	0.376797	0.375102	0.376741	0.375118	0.423258	0.325255	0.486574	0.37246	0.379474	0.537191	0.417394	0.36347	0.355579	0.339444	0.361695	0.35697	0.450751	0.440834	0.441539	0.444627	0.444009	0.44091	0.35061	0.351624	0.355609	0.367356	0.367042	0.36691	0.441796	0.411695	0.39898	0.400399	0.395501	0.408573	0.468103	0.445131	0.438234	0.441674	0.439989	0.444973	0.445697	0.472795	0.490237	0.494921	0.497904	0.475538	0.45065	0.446891	0.451913	0.450934	0.449086	0.450919	0.423617	0.418412	0.434534	0.415795	0.415621	0.415265	0.464159	0.47214	0.470472	0.454652	0.453179	0.453893
ERR605797-k20-n1-x5e9	0.37772	0.408415	0.359156	0.38731	0.384465	0.368468	0.335785	0.360506	0.373188	0.359871	0.358384	0.356734	0.368838	0.362807	0.359411	0.363447	0.364053	0.363112	0.387595	0.409089	0.252596	0.244879	0	0.244588	0.506217	0.486134	0.492532	0.508528	0.504642	0.509359	0.404869	0.351219	0.376847	0.375917	0.377553	0.375671	0.424009	0.328401	0.48958	0.37601	0.382964	0.54007	0.41717	0.364599	0.356898	0.340887	0.361857	0.357294	0.450926	0.441217	0.441786	0.445203	0.44436	0.441356	0.35413	0.355103	0.359459	0.369663	0.369479	0.369336	0.445781	0.416408	0.404074	0.405467	0.400392	0.413443	0.468861	0.446642	0.439615	0.443218	0.441399	0.446229	0.44342	0.471749	0.489505	0.494228	0.49729	0.474392	0.448593	0.4437	0.449702	0.447632	0.44652	0.448669	0.422946	0.417974	0.435181	0.414743	0.414816	0.414158	0.462953	0.471239	0.469314	0.454748	0.453145	0.454166
ERR605798-k20-n1-x5e9	0.381376	0.413288	0.362653	0.390964	0.388196	0.371917	0.33681	0.362	0.374763	0.361529	0.360003	0.358438	0.370111	0.364188	0.360903	0.36512	0.365729	0.365002	0.391285	0.412054	0.254896	0.246054	0.244588	0	0.509277	0.489662	0.496346	0.512746	0.50869	0.513608	0.405438	0.354632	0.377443	0.377293	0.378767	0.376985	0.425893	0.331979	0.492847	0.379799	0.386652	0.543232	0.417077	0.364723	0.357388	0.340985	0.361345	0.356551	0.453462	0.444164	0.444664	0.448059	0.447246	0.444262	0.357092	0.358115	0.362724	0.372117	0.371762	0.371815	0.449259	0.42099	0.408497	0.410295	0.405239	0.417749	0.471667	0.45013	0.442984	0.446895	0.444775	0.449655	0.444501	0.473322	0.490997	0.495876	0.49879	0.47583	0.450089	0.444637	0.451119	0.448866	0.447696	0.449889	0.424122	0.419066	0.437383	0.415471	0.415517	0.414959	0.464917	0.473153	0.471142	0.457879	0.456019	0.457248
ERR607409-k20-n1-x5e9	0.479046	0.421004	0.464095	0.484107	0.482013	0.468897	0.444426	0.489738	0.497858	0.486761	0.486778	0.486186	0.486693	0.475699	0.464679	0.46908	0.471968	0.469385	0.496068	0.511065	0.501951	0.502105	0.506217	0.509277	0	0.340484	0.357217	0.306173	0.306599	0.303843	0.528844	0.434499	0.513821	0.510252	0.511688	0.510522	0.521457	0.474673	0.523983	0.468232	0.471216	0.554496	0.45706	0.492399	0.482368	0.462301	0.498151	0.49358	0.546595	0.551387	0.557607	0.557724	0.559209	0.549739	0.415559	0.420416	0.417326	0.46703	0.465363	0.465249	0.392859	0.382268	0.383585	0.384424	0.385492	0.381632	0.550132	0.54053	0.542906	0.541584	0.543174	0.538754	0.588879	0.587057	0.592655	0.594836	0.595785	0.588508	0.602688	0.623644	0.603403	0.631939	0.603461	0.604208	0.585976	0.583647	0.57795	0.586937	0.586848	0.587415	0.588168	0.590385	0.588884	0.579494	0.580682	0.577237
ERR607410-k20-n1-x5e9	0.409311	0.421957	0.406378	0.410095	0.40896	0.405945	0.428176	0.422182	0.424097	0.419208	0.420061	0.420301	0.430021	0.425514	0.422725	0.420781	0.422474	0.421398	0.526954	0.545943	0.472172	0.481165	0.486134	0.489662	0.340484	0	0.275463	0.309215	0.304626	0.317078	0.449366	0.426721	0.442056	0.436327	0.437167	0.436706	0.556413	0.458762	0.561696	0.480155	0.485449	0.599811	0.50233	0.424919	0.419069	0.414998	0.433991	0.431629	0.540532	0.519455	0.517039	0.515305	0.515947	0.519003	0.371001	0.37093	0.367728	0.391709	0.390021	0.390205	0.437661	0.391315	0.374933	0.372019	0.36968	0.389777	0.555195	0.524761	0.51878	0.5154	0.515828	0.52378	0.55164	0.529886	0.5291	0.52995	0.53026	0.530948	0.563007	0.599966	0.563919	0.609507	0.567252	0.567383	0.546799	0.549055	0.568512	0.566422	0.565393	0.563859	0.536169	0.534289	0.533777	0.543036	0.543734	0.541687
ERR607411-k20-n1-x5e9	0.405055	0.431867	0.406327	0.404678	0.403818	0.404236	0.43653	0.419172	0.418816	0.416251	0.417236	0.417971	0.429197	0.42659	0.425831	0.422583	0.423871	0.4229	0.539441	0.558978	0.476945	0.487372	0.492532	0.496346	0.357217	0.275463	0	0.320594	0.315659	0.329455	0.442013	0.435837	0.437196	0.430805	0.431504	0.431179	0.56935	0.465809	0.57418	0.490777	0.496456	0.612722	0.517692	0.422125	0.417745	0.417799	0.432205	0.430228	0.547148	0.521342	0.517056	0.514952	0.515221	0.521228	0.375297	0.37393	0.370625	0.386966	0.385378	0.385732	0.452923	0.402537	0.384171	0.380687	0.377945	0.401572	0.563144	0.529405	0.521854	0.518	0.518301	0.528621	0.552627	0.525826	0.523299	0.523546	0.523687	0.526867	0.562821	0.602917	0.563679	0.612544	0.567857	0.567837	0.547008	0.550262	0.573707	0.5702	0.56903	0.567033	0.533176	0.530038	0.530097	0.543451	0.543961	0.542272
ERR607412-k20-n1-x5e9	0.453578	0.408381	0.44445	0.456878	0.45516	0.446226	0.448566	0.474947	0.480271	0.470774	0.471297	0.471226	0.473994	0.464616	0.455912	0.457932	0.461065	0.458201	0.50656	0.523694	0.498261	0.503345	0.508528	0.512746	0.306173	0.309215	0.320594	0	0.283638	0.285306	0.510834	0.429219	0.498583	0.492002	0.493554	0.492477	0.53993	0.466594	0.531658	0.468018	0.471633	0.564859	0.487826	0.478206	0.468761	0.453961	0.487483	0.483326	0.551304	0.54391	0.547441	0.546391	0.548042	0.543022	0.401296	0.404492	0.398898	0.446594	0.444496	0.444677	0.404529	0.374373	0.368925	0.367926	0.36859	0.374352	0.556718	0.535852	0.535198	0.532695	0.534218	0.534544	0.586552	0.575437	0.578521	0.579829	0.580854	0.5769	0.596439	0.624905	0.597407	0.632794	0.599706	0.600115	0.580031	0.579098	0.580054	0.5893	0.589103	0.589222	0.57719	0.577335	0.577012	0.569264	0.570855	0.567307
ERR607413-k20-n1-x5e9	0.448705	0.407604	0.439933	0.451983	0.449945	0.441426	0.444774	0.469345	0.474499	0.465298	0.465851	0.465898	0.469451	0.460257	0.451843	0.453555	0.456619	0.454008	0.506617	0.523989	0.494248	0.499568	0.504642	0.50869	0.306599	0.304626	0.315659	0.283638	0	0.285668	0.504773	0.427347	0.492958	0.486532	0.487993	0.486976	0.539609	0.464434	0.532869	0.467262	0.471332	0.566531	0.486368	0.472428	0.463192	0.449072	0.48159	0.477431	0.548763	0.540463	0.543593	0.542488	0.544104	0.539641	0.396783	0.400222	0.394917	0.440805	0.43896	0.438803	0.40548	0.374093	0.367519	0.366444	0.366883	0.373746	0.554977	0.5334	0.532604	0.529913	0.531381	0.532234	0.582139	0.570395	0.573208	0.574484	0.575376	0.571766	0.592208	0.62122	0.593194	0.629293	0.595484	0.595904	0.575943	0.575229	0.577749	0.585995	0.585581	0.585556	0.572566	0.572488	0.572252	0.565919	0.567346	0.563959
ERR607414-k20-n1-x5e9	0.45954	0.40743	0.449457	0.463414	0.461473	0.451912	0.449965	0.480587	0.486354	0.476603	0.476986	0.476778	0.479439	0.469652	0.460199	0.462712	0.465792	0.462947	0.502578	0.51936	0.500001	0.504243	0.509359	0.513608	0.303843	0.317078	0.329455	0.285306	0.285668	0	0.517667	0.429974	0.505002	0.49853	0.500101	0.499014	0.536124	0.467756	0.526977	0.465969	0.469452	0.559411	0.483171	0.483772	0.474034	0.45784	0.492684	0.488236	0.551627	0.54647	0.55076	0.549965	0.551756	0.545736	0.405416	0.409311	0.403529	0.453095	0.451134	0.451065	0.399924	0.373278	0.369878	0.368966	0.370096	0.373434	0.55583	0.536951	0.537281	0.534822	0.536466	0.535607	0.589438	0.580254	0.584018	0.585399	0.586447	0.581775	0.599272	0.626059	0.600227	0.633704	0.602293	0.602727	0.583239	0.581929	0.580752	0.59095	0.590651	0.590974	0.581479	0.582042	0.581784	0.572176	0.573777	0.570262
ERR605411-k20-n1-x5e9	0.35742	0.489518	0.366235	0.35538	0.355669	0.363642	0.403599	0.330265	0.32569	0.332761	0.332629	0.333106	0.346212	0.356458	0.371205	0.363155	0.359888	0.363636	0.554344	0.574898	0.39093	0.404559	0.404869	0.405438	0.528844	0.449366	0.442013	0.510834	0.504773	0.517667	0	0.400405	0.245548	0.248829	0.247223	0.248184	0.558534	0.417781	0.606947	0.488372	0.497119	0.652178	0.529944	0.327397	0.335064	0.3594	0.328014	0.330976	0.516082	0.469437	0.452655	0.453027	0.449435	0.470155	0.388141	0.382666	0.386975	0.343762	0.344848	0.344474	0.543295	0.493384	0.468148	0.466264	0.459123	0.49094	0.551261	0.503224	0.484836	0.484205	0.480372	0.503005	0.449939	0.427873	0.426158	0.428217	0.428079	0.428761	0.454524	0.489237	0.455588	0.499027	0.458056	0.458439	0.435621	0.444685	0.51522	0.47357	0.471709	0.465269	0.439666	0.436874	0.435078	0.48131	0.477622	0.481553
ERR605412-k20-n1-x5e9	0.380254	0.337264	0.359943	0.389518	0.386394	0.368334	0.337728	0.387298	0.39954	0.383867	0.382695	0.38203	0.37274	0.360032	0.348695	0.355184	0.359025	0.355012	0.368772	0.388169	0.348033	0.347978	0.351219	0.354632	0.434499	0.426721	0.435837	0.429219	0.427347	0.429974	0.400405	0	0.371577	0.365134	0.368077	0.365604	0.376906	0.297594	0.411165	0.309869	0.314901	0.465153	0.389154	0.391672	0.378572	0.354039	0.397664	0.391472	0.437393	0.43815	0.444949	0.44714	0.448756	0.438222	0.344139	0.348144	0.345876	0.391514	0.389768	0.389348	0.378294	0.35	0.344844	0.346201	0.344456	0.349858	0.439903	0.425081	0.424912	0.426717	0.427181	0.424732	0.473219	0.494501	0.510272	0.514372	0.517352	0.497394	0.475982	0.478321	0.477227	0.482113	0.476555	0.47824	0.447503	0.439684	0.425294	0.435355	0.435533	0.438413	0.483273	0.490316	0.489749	0.458628	0.459507	0.45672
ERR605413-k20-n1-x5e9	0.346104	0.466092	0.349434	0.346521	0.346135	0.349312	0.376316	0.316737	0.315764	0.318618	0.318176	0.318571	0.329874	0.337661	0.349435	0.343176	0.340367	0.343226	0.525977	0.546846	0.363635	0.376797	0.376847	0.377443	0.513821	0.442056	0.437196	0.498583	0.492958	0.505002	0.245548	0.371577	0	0.242079	0.241352	0.241386	0.528206	0.387927	0.580071	0.458973	0.467655	0.627141	0.502044	0.315318	0.320232	0.338543	0.316288	0.31759	0.492947	0.45003	0.435932	0.436685	0.433414	0.450895	0.367027	0.362395	0.366972	0.332214	0.332998	0.332742	0.519086	0.47049	0.446301	0.44472	0.437825	0.468041	0.527121	0.481075	0.463757	0.463719	0.460086	0.480889	0.434449	0.422547	0.425353	0.428294	0.428763	0.423887	0.440191	0.4687	0.441276	0.47806	0.442868	0.443422	0.419732	0.426696	0.49124	0.451144	0.449584	0.44373	0.429406	0.428917	0.427159	0.463018	0.459489	0.462891
ERR605414-k20-n1-x5e9	0.337383	0.457014	0.342523	0.337517	0.336986	0.341371	0.375337	0.315471	0.313935	0.316412	0.316239	0.316649	0.328685	0.336236	0.347888	0.340878	0.338472	0.340945	0.520332	0.5416	0.361655	0.375102	0.375917	0.377293	0.510252	0.436327	0.430805	0.492002	0.486532	0.49853	0.248829	0.365134	0.242079	0	0.238877	0.238636	0.525059	0.380917	0.573676	0.451485	0.460416	0.621024	0.502427	0.315653	0.319726	0.337908	0.318939	0.319841	0.490393	0.446241	0.432228	0.432709	0.429869	0.447233	0.362172	0.357253	0.360898	0.328249	0.328727	0.328496	0.513537	0.463062	0.438587	0.436517	0.429574	0.460768	0.523434	0.476149	0.458689	0.458022	0.454547	0.475897	0.436193	0.423148	0.426223	0.428624	0.429535	0.424541	0.439965	0.469157	0.440961	0.477926	0.443185	0.443769	0.419175	0.42552	0.488155	0.450618	0.448862	0.443677	0.428462	0.427815	0.426663	0.458029	0.454851	0.458092
ERR605415-k20-n1-x5e9	0.338788	0.459822	0.344208	0.338525	0.33815	0.342673	0.37713	0.315735	0.314208	0.316874	0.316661	0.317094	0.329396	0.33741	0.348967	0.341899	0.339594	0.342167	0.522989	0.544193	0.363073	0.376741	0.377553	0.378767	0.511688	0.437167	0.431504	0.493554	0.487993	0.500101	0.247223	0.368077	0.241352	0.238877	0	0.238288	0.527468	0.383698	0.576396	0.454498	0.463397	0.623684	0.504089	0.315759	0.320245	0.339065	0.318804	0.319971	0.491635	0.447255	0.432954	0.433363	0.43025	0.447991	0.363699	0.358904	0.362698	0.32886	0.329442	0.328977	0.515809	0.465494	0.440902	0.438681	0.431851	0.463149	0.525302	0.477603	0.460165	0.459527	0.456001	0.477447	0.435939	0.422354	0.424947	0.427262	0.428117	0.423531	0.439828	0.469619	0.440886	0.478359	0.443137	0.443642	0.419514	0.426163	0.489694	0.451508	0.449784	0.444325	0.427998	0.427244	0.426075	0.45894	0.455709	0.458889
ERR605416-k20-n1-x5e9	0.338026	0.457884	0.342971	0.337968	0.337659	0.341856	0.375302	0.315323	0.314032	0.316415	0.316294	0.316433	0.328486	0.336186	0.347557	0.340793	0.338273	0.340908	0.520734	0.54195	0.361368	0.375118	0.375671	0.376985	0.510522	0.436706	0.431179	0.492477	0.486976	0.499014	0.248184	0.365604	0.241386	0.238636	0.238288	0	0.52515	0.381475	0.574222	0.452076	0.46103	0.621618	0.50218	0.315218	0.319216	0.337477	0.318228	0.31929	0.490595	0.446728	0.432763	0.433133	0.430254	0.447614	0.362444	0.357704	0.361299	0.328437	0.328958	0.328613	0.514171	0.463936	0.439429	0.437242	0.4305	0.461463	0.523877	0.476499	0.459244	0.458767	0.45508	0.476337	0.435932	0.423123	0.426123	0.428483	0.429325	0.424358	0.44004	0.469179	0.440933	0.477806	0.44323	0.443669	0.419139	0.425541	0.48832	0.450367	0.44877	0.443296	0.42846	0.427865	0.426711	0.458616	0.455219	0.458506
ERR607200-k20-n1-x5e9	0.514616	0.411637	0.488639	0.525342	0.521885	0.500218	0.426443	0.514613	0.52939	0.511781	0.510116	0.508864	0.499247	0.483791	0.466469	0.47804	0.48195	0.477639	0.327581	0.327136	0.435494	0.423258	0.424009	0.425893	0.521457	0.556413	0.56935	0.53993	0.539609	0.536124	0.558534	0.376906	0.528206	0.525059	0.527468	0.52515	0	0.358821	0.318404	0.310565	0.307784	0.36333	0.36848	0.521212	0.507017	0.47355	0.523162	0.516187	0.473638	0.510998	0.527108	0.530752	0.533329	0.510116	0.462015	0.468514	0.467738	0.521415	0.520036	0.519666	0.391158	0.415723	0.431085	0.435395	0.437212	0.415775	0.445825	0.473664	0.486699	0.490889	0.492877	0.473537	0.546251	0.589045	0.610412	0.615115	0.618824	0.592261	0.547707	0.524329	0.548562	0.52327	0.544316	0.546698	0.529883	0.516661	0.458075	0.489762	0.491289	0.498099	0.571722	0.582617	0.581558	0.528878	0.53079	0.526644
ERR607201-k20-n1-x5e9	0.374398	0.35423	0.355687	0.383415	0.380322	0.363689	0.341426	0.383065	0.395437	0.379569	0.378389	0.377569	0.373375	0.363378	0.353769	0.359465	0.362687	0.359405	0.374186	0.395082	0.324668	0.325255	0.328401	0.331979	0.474673	0.458762	0.465809	0.466594	0.464434	0.467756	0.417781	0.297594	0.387927	0.380917	0.383698	0.381475	0.358821	0	0.405654	0.282661	0.289441	0.464318	0.405703	0.386656	0.374187	0.353214	0.39284	0.386742	0.433155	0.427038	0.432314	0.434857	0.436187	0.42792	0.349212	0.351311	0.350362	0.386659	0.384969	0.384705	0.401719	0.369828	0.361651	0.362516	0.359469	0.369289	0.437654	0.416155	0.41295	0.415512	0.414965	0.416109	0.456412	0.482679	0.500846	0.505134	0.508582	0.486044	0.455004	0.451932	0.456328	0.453876	0.455529	0.457574	0.434195	0.426427	0.419306	0.422392	0.422724	0.42513	0.469457	0.477568	0.477246	0.441583	0.442258	0.44029
ERR607202-k20-n1-x5e9	0.548794	0.415028	0.526729	0.558122	0.554806	0.5355	0.482908	0.565316	0.577748	0.561114	0.560045	0.559252	0.547036	0.5313	0.513563	0.523871	0.528747	0.523498	0.340663	0.335566	0.495061	0.486574	0.48958	0.492847	0.523983	0.561696	0.57418	0.531658	0.532869	0.526977	0.606947	0.411165	0.580071	0.573676	0.576396	0.574222	0.318404	0.405654	0	0.336335	0.330641	0.312457	0.429989	0.570628	0.555948	0.524255	0.576427	0.569687	0.516562	0.552821	0.570441	0.572859	0.57652	0.55236	0.500404	0.506924	0.502601	0.565029	0.563051	0.56292	0.392925	0.420952	0.441491	0.445299	0.449467	0.422708	0.478824	0.507584	0.522835	0.525773	0.52885	0.507576	0.603152	0.63654	0.654969	0.658744	0.662331	0.639624	0.600301	0.58438	0.601481	0.582574	0.599507	0.601187	0.579799	0.566834	0.499636	0.544749	0.546431	0.553634	0.619807	0.62865	0.628855	0.570508	0.573887	0.567989
ERR607203-k20-n1-x5e9	0.431414	0.341892	0.408839	0.441133	0.437607	0.417758	0.376894	0.447499	0.460967	0.443122	0.441925	0.441033	0.431905	0.417261	0.402011	0.410791	0.415277	0.41039	0.327868	0.343064	0.378362	0.37246	0.37601	0.379799	0.468232	0.480155	0.490777	0.468018	0.467262	0.465969	0.488372	0.309869	0.458973	0.451485	0.454498	0.452076	0.310565	0.282661	0.336335	0	0.256223	0.393804	0.386696	0.451533	0.436733	0.406704	0.45774	0.450894	0.446355	0.462916	0.475355	0.477858	0.480485	0.462666	0.38998	0.395548	0.391994	0.448156	0.446067	0.446114	0.36433	0.355646	0.362015	0.364195	0.365021	0.355798	0.430314	0.432415	0.43921	0.44176	0.443252	0.43203	0.50622	0.537172	0.556112	0.560192	0.563826	0.540303	0.504394	0.495101	0.50582	0.495463	0.50418	0.506264	0.482441	0.471155	0.431374	0.457375	0.458537	0.46377	0.521817	0.530605	0.530517	0.480497	0.482463	0.478389
ERR607204-k20-n1-x5e9	0.439857	0.344605	0.417137	0.449597	0.446056	0.425715	0.383195	0.455696	0.469203	0.451314	0.450123	0.449384	0.439772	0.424694	0.409187	0.418221	0.422805	0.417878	0.325411	0.339787	0.385622	0.379474	0.382964	0.386652	0.471216	0.485449	0.496456	0.471633	0.471332	0.469452	0.497119	0.314901	0.467655	0.460416	0.463397	0.46103	0.307784	0.289441	0.330641	0.256223	0	0.3877	0.386921	0.459593	0.444521	0.414407	0.465626	0.458734	0.450089	0.468521	0.481703	0.484324	0.487182	0.468324	0.396665	0.402168	0.39858	0.456066	0.453895	0.453924	0.363581	0.357792	0.365227	0.368075	0.369375	0.358124	0.432213	0.436603	0.444258	0.446809	0.448618	0.436162	0.512908	0.544448	0.563313	0.567591	0.571101	0.547568	0.510968	0.500562	0.512239	0.500843	0.510598	0.512598	0.489199	0.477436	0.434552	0.462657	0.463813	0.469373	0.528922	0.537629	0.537517	0.486363	0.488469	0.483963
ERR607205-k20-n1-x5e9	0.596791	0.463785	0.57576	0.605466	0.60239	0.583586	0.533213	0.613186	0.625096	0.609178	0.608045	0.607324	0.594408	0.57934	0.562224	0.571963	0.576689	0.571562	0.385208	0.374131	0.546533	0.537191	0.54007	0.543232	0.554496	0.599811	0.612722	0.564859	0.566531	0.559411	0.652178	0.465153	0.627141	0.621024	0.623684	0.621618	0.36333	0.464318	0.312457	0.393804	0.3877	0	0.469238	0.618356	0.604263	0.573794	0.623504	0.617229	0.559245	0.597936	0.615357	0.617629	0.621212	0.596969	0.550443	0.557079	0.552806	0.613145	0.611199	0.610969	0.432595	0.468908	0.490651	0.494281	0.498671	0.470641	0.51938	0.552376	0.568494	0.570996	0.574178	0.552102	0.64642	0.678451	0.695987	0.699508	0.702892	0.681275	0.644044	0.627918	0.645147	0.626162	0.642815	0.644604	0.623035	0.610254	0.542002	0.587802	0.58967	0.596699	0.662664	0.671089	0.671215	0.614796	0.61803	0.612209
ERR606672-k20-n1-x5e9	0.48988	0.416843	0.464051	0.500727	0.497424	0.476221	0.383502	0.468799	0.483761	0.467496	0.465797	0.464379	0.475648	0.461767	0.445772	0.456799	0.459924	0.456735	0.390841	0.397411	0.426668	0.417394	0.41717	0.417077	0.45706	0.50233	0.517692	0.487826	0.486368	0.483171	0.529944	0.389154	0.502044	0.502427	0.504089	0.50218	0.36848	0.405703	0.429989	0.386696	0.386921	0.469238	0	0.448113	0.434871	0.399193	0.447549	0.440662	0.483988	0.513276	0.525309	0.528484	0.529866	0.511634	0.419912	0.426535	0.42802	0.47553	0.474717	0.473864	0.373421	0.392818	0.402252	0.407339	0.406935	0.391472	0.473027	0.490703	0.498887	0.50269	0.503206	0.489465	0.536465	0.571484	0.58939	0.594336	0.596822	0.574152	0.544551	0.530759	0.544949	0.534067	0.540484	0.542507	0.536469	0.527505	0.495335	0.507436	0.508734	0.512099	0.55973	0.569209	0.566896	0.535978	0.536665	0.533574
