	ERR608203-k20-n1-x5e9	ERR608204-k20-n1-x5e9	ERR608205-k20-n1-x5e9	ERR608206-k20-n1-x5e9	ERR608207-k20-n1-x5e9	ERR608208-k20-n1-x5e9	ERR608013-k20-n1-x5e9	ERR608014-k20-n1-x5e9	ERR608015-k20-n1-x5e9	ERR608016-k20-n1-x5e9	ERR608017-k20-n1-x5e9	ERR608018-k20-n1-x5e9	ERR608093-k20-n1-x5e9	ERR608094-k20-n1-x5e9	ERR608095-k20-n1-x5e9	ERR608096-k20-n1-x5e9	ERR608097-k20-n1-x5e9	ERR608098-k20-n1-x5e9	ERR607445-k20-n1-x5e9	ERR607446-k20-n1-x5e9	ERR607447-k20-n1-x5e9	ERR607448-k20-n1-x5e9	ERR607449-k20-n1-x5e9	ERR607450-k20-n1-x5e9	ERR605958-k20-n1-x5e9	ERR605959-k20-n1-x5e9	ERR605960-k20-n1-x5e9	ERR605961-k20-n1-x5e9	ERR605962-k20-n1-x5e9	ERR605963-k20-n1-x5e9	ERR608751-k20-n1-x5e9	ERR608752-k20-n1-x5e9	ERR608753-k20-n1-x5e9	ERR608754-k20-n1-x5e9	ERR608755-k20-n1-x5e9	ERR608756-k20-n1-x5e9	ERR607141-k20-n1-x5e9	ERR607142-k20-n1-x5e9	ERR607143-k20-n1-x5e9	ERR607144-k20-n1-x5e9	ERR607145-k20-n1-x5e9	ERR607146-k20-n1-x5e9	ERR605411-k20-n1-x5e9	ERR605412-k20-n1-x5e9	ERR605413-k20-n1-x5e9	ERR605414-k20-n1-x5e9	ERR605415-k20-n1-x5e9	ERR605416-k20-n1-x5e9	ERR606654-k20-n1-x5e9	ERR606655-k20-n1-x5e9	ERR606656-k20-n1-x5e9	ERR606657-k20-n1-x5e9	ERR606658-k20-n1-x5e9	ERR606659-k20-n1-x5e9	ERR608793-k20-n1-x5e9	ERR608794-k20-n1-x5e9	ERR608795-k20-n1-x5e9	ERR608796-k20-n1-x5e9	ERR608797-k20-n1-x5e9	ERR608798-k20-n1-x5e9	ERR607781-k20-n1-x5e9	ERR607782-k20-n1-x5e9	ERR607783-k20-n1-x5e9	ERR607784-k20-n1-x5e9	ERR607785-k20-n1-x5e9	ERR607786-k20-n1-x5e9	ERR608081-k20-n1-x5e9	ERR608082-k20-n1-x5e9	ERR608083-k20-n1-x5e9	ERR608084-k20-n1-x5e9	ERR608085-k20-n1-x5e9	ERR608086-k20-n1-x5e9	ERR607337-k20-n1-x5e9	ERR607338-k20-n1-x5e9	ERR607339-k20-n1-x5e9	ERR607340-k20-n1-x5e9	ERR607341-k20-n1-x5e9	ERR607342-k20-n1-x5e9	ERR605265-k20-n1-x5e9	ERR605266-k20-n1-x5e9	ERR605267-k20-n1-x5e9	ERR605268-k20-n1-x5e9	ERR605269-k20-n1-x5e9	ERR605270-k20-n1-x5e9	ERR607379-k20-n1-x5e9	ERR607380-k20-n1-x5e9	ERR607381-k20-n1-x5e9	ERR607382-k20-n1-x5e9	ERR607383-k20-n1-x5e9	ERR607384-k20-n1-x5e9	ERR605928-k20-n1-x5e9	ERR605929-k20-n1-x5e9	ERR605930-k20-n1-x5e9	ERR605931-k20-n1-x5e9	ERR605932-k20-n1-x5e9	ERR605933-k20-n1-x5e9
ERR608203-k20-n1-x5e9	0	0.276996	0.297737	0.331033	0.331069	0.328155	0.440018	0.384202	0.364424	0.319238	0.317957	0.319612	0.317947	0.316502	0.326309	0.342005	0.344527	0.340636	0.476843	0.473004	0.473941	0.459467	0.459127	0.460282	0.384185	0.326868	0.32857	0.341108	0.341876	0.342563	0.390613	0.364515	0.365065	0.353133	0.353774	0.358198	0.431276	0.426677	0.426024	0.446237	0.453858	0.443182	0.394253	0.389034	0.383225	0.375705	0.377405	0.376371	0.656729	0.525546	0.526256	0.565579	0.538478	0.544236	0.508596	0.504068	0.505623	0.52255	0.521196	0.518254	0.504592	0.53489	0.505745	0.542437	0.508392	0.50877	0.492147	0.484799	0.488057	0.497009	0.493851	0.494603	0.507256	0.499268	0.50147	0.531048	0.531493	0.531581	0.494012	0.495302	0.521546	0.512927	0.511812	0.510052	0.509636	0.507337	0.509549	0.507944	0.507644	0.506904	0.56817	0.491271	0.490463	0.54198	0.541316	0.543541
ERR608204-k20-n1-x5e9	0.276996	0	0.251593	0.275375	0.275622	0.273091	0.503928	0.441552	0.417385	0.365096	0.364325	0.366387	0.354092	0.31547	0.309622	0.315213	0.316123	0.314895	0.508236	0.503095	0.505158	0.475407	0.475447	0.476274	0.439702	0.335673	0.334686	0.385656	0.386694	0.388066	0.431825	0.368195	0.359461	0.387238	0.385363	0.395314	0.40611	0.40237	0.403594	0.411552	0.417293	0.409945	0.373015	0.438533	0.373857	0.365488	0.366318	0.366478	0.68634	0.530583	0.533343	0.591847	0.550829	0.560078	0.526357	0.516272	0.519363	0.551047	0.549699	0.546207	0.508748	0.548294	0.50984	0.556553	0.514797	0.514439	0.496817	0.483097	0.488755	0.507773	0.502131	0.50206	0.521097	0.510112	0.513529	0.557422	0.557068	0.558489	0.50188	0.507022	0.551965	0.533142	0.531374	0.527707	0.503257	0.494006	0.497735	0.508545	0.506014	0.504857	0.613445	0.52275	0.520702	0.582866	0.582972	0.585171
ERR608205-k20-n1-x5e9	0.297737	0.251593	0	0.261178	0.26114	0.259481	0.530922	0.468157	0.443341	0.389728	0.38906	0.391198	0.376827	0.328099	0.315744	0.315756	0.315359	0.315678	0.524879	0.519286	0.521795	0.487114	0.487362	0.48824	0.464017	0.348782	0.346763	0.408645	0.409842	0.4114	0.452477	0.378033	0.366522	0.407594	0.404564	0.416265	0.406067	0.402978	0.404908	0.406441	0.411255	0.405823	0.371432	0.462016	0.377237	0.369536	0.369715	0.370349	0.699296	0.536596	0.540097	0.605043	0.559272	0.56974	0.538356	0.526632	0.529782	0.566925	0.565454	0.562167	0.515109	0.557472	0.516149	0.56586	0.521521	0.521055	0.504508	0.488546	0.494638	0.517866	0.511545	0.511249	0.531222	0.519317	0.522904	0.571935	0.571391	0.57322	0.509154	0.515948	0.567361	0.544608	0.542746	0.538379	0.506596	0.49456	0.498747	0.515221	0.511785	0.51027	0.633238	0.540121	0.537691	0.60214	0.60265	0.604774
ERR608206-k20-n1-x5e9	0.331033	0.275375	0.261178	0	0.241563	0.241874	0.570625	0.512418	0.488869	0.428665	0.427928	0.430273	0.409159	0.354985	0.337425	0.317496	0.315688	0.318847	0.541921	0.535824	0.540298	0.49795	0.498519	0.49933	0.489595	0.370547	0.36791	0.441752	0.442694	0.444903	0.465143	0.379601	0.366838	0.42708	0.422581	0.436013	0.42965	0.425465	0.429497	0.419923	0.424243	0.420161	0.358784	0.488225	0.370544	0.367413	0.366785	0.367838	0.703101	0.534029	0.53875	0.613534	0.558775	0.571011	0.549046	0.536736	0.538052	0.588159	0.586815	0.583401	0.514609	0.557896	0.515479	0.567151	0.519905	0.51941	0.507374	0.490688	0.494311	0.52558	0.520332	0.519579	0.534878	0.52302	0.525575	0.584906	0.583519	0.586231	0.510237	0.519091	0.581939	0.549722	0.547543	0.541768	0.504671	0.491133	0.492781	0.519317	0.516513	0.514897	0.659394	0.571079	0.568725	0.633736	0.633803	0.636418
ERR608207-k20-n1-x5e9	0.331069	0.275622	0.26114	0.241563	0	0.241723	0.571118	0.512987	0.489405	0.429321	0.428305	0.430721	0.409084	0.355086	0.337276	0.317257	0.315493	0.318691	0.541687	0.535528	0.540025	0.497552	0.498055	0.49893	0.489749	0.370688	0.368024	0.441916	0.442918	0.445066	0.464743	0.379	0.366162	0.426809	0.422129	0.435654	0.430344	0.426086	0.430065	0.420457	0.42482	0.420709	0.357985	0.488125	0.369656	0.366775	0.366033	0.367183	0.70263	0.533323	0.53817	0.612959	0.558026	0.570326	0.548582	0.536338	0.537535	0.587926	0.586688	0.5832	0.513726	0.556998	0.514707	0.566235	0.518954	0.5185	0.506676	0.489976	0.493642	0.524988	0.519759	0.518954	0.533997	0.522189	0.524741	0.584163	0.582911	0.585639	0.509484	0.518458	0.581549	0.54902	0.547028	0.541105	0.503857	0.490414	0.492058	0.518635	0.515864	0.514346	0.659649	0.571351	0.568974	0.633967	0.634053	0.636669
ERR608208-k20-n1-x5e9	0.328155	0.273091	0.259481	0.241874	0.241723	0	0.567911	0.509535	0.485891	0.426097	0.425091	0.42756	0.406594	0.352969	0.335792	0.316831	0.315221	0.318168	0.539901	0.533854	0.53831	0.49618	0.496618	0.49758	0.48732	0.368741	0.365934	0.439324	0.440293	0.442386	0.463185	0.378365	0.365704	0.424982	0.420525	0.433964	0.428315	0.424083	0.428035	0.419153	0.423597	0.419318	0.358489	0.485933	0.369594	0.366549	0.365686	0.366718	0.701971	0.533239	0.538056	0.612125	0.55785	0.570073	0.54737	0.535208	0.536636	0.586075	0.584744	0.58136	0.51373	0.556987	0.514726	0.566135	0.519132	0.518505	0.506099	0.489452	0.493254	0.524083	0.518758	0.51801	0.533608	0.52181	0.524314	0.58313	0.581902	0.584508	0.509184	0.517861	0.580218	0.548393	0.546337	0.540416	0.50375	0.490286	0.491983	0.518079	0.515182	0.513665	0.657143	0.568663	0.566355	0.631544	0.631582	0.634138
ERR608013-k20-n1-x5e9	0.440018	0.503928	0.530922	0.570625	0.571118	0.567911	0	0.30217	0.319839	0.357521	0.357406	0.355321	0.4357	0.489438	0.51283	0.541896	0.545719	0.540113	0.541659	0.542895	0.538084	0.569288	0.567876	0.569265	0.415285	0.489976	0.494165	0.419348	0.421169	0.417416	0.474662	0.531906	0.541486	0.464874	0.472104	0.460268	0.5801	0.577248	0.57317	0.606982	0.614182	0.602625	0.582846	0.436159	0.564347	0.556659	0.559044	0.557417	0.699478	0.649808	0.647182	0.634148	0.649155	0.646276	0.605927	0.611247	0.612724	0.575136	0.573624	0.573404	0.629781	0.640696	0.630937	0.644457	0.631466	0.632333	0.618542	0.620764	0.622337	0.610376	0.609921	0.612022	0.61534	0.613403	0.614217	0.600797	0.603903	0.599949	0.616832	0.610625	0.581775	0.608864	0.609221	0.612248	0.648792	0.653751	0.65566	0.635996	0.63757	0.637579	0.518302	0.508115	0.50972	0.5048	0.503508	0.503472
ERR608014-k20-n1-x5e9	0.384202	0.441552	0.468157	0.512418	0.512987	0.509535	0.30217	0	0.273418	0.30202	0.302213	0.300227	0.391701	0.433497	0.454866	0.4868	0.490469	0.484898	0.524248	0.523791	0.519181	0.540854	0.539343	0.540887	0.403314	0.439192	0.44294	0.381483	0.384172	0.381026	0.456148	0.489222	0.495248	0.430196	0.436901	0.428375	0.525019	0.522575	0.518369	0.55212	0.559067	0.547759	0.5363	0.416254	0.520541	0.510697	0.513088	0.511694	0.702344	0.623328	0.621813	0.623283	0.628013	0.627458	0.58252	0.583841	0.587082	0.555973	0.554361	0.553482	0.601714	0.621353	0.602805	0.625933	0.605436	0.605978	0.588538	0.586445	0.590347	0.583138	0.580546	0.582186	0.592952	0.587704	0.590257	0.588457	0.591497	0.588597	0.589381	0.585408	0.569749	0.591278	0.59124	0.593198	0.613367	0.615104	0.618506	0.602605	0.602962	0.602591	0.521708	0.480176	0.480936	0.493676	0.493407	0.493807
ERR608015-k20-n1-x5e9	0.364424	0.417385	0.443341	0.488869	0.489405	0.485891	0.319839	0.273418	0	0.286858	0.286847	0.285413	0.378076	0.412922	0.432523	0.465194	0.468895	0.463218	0.520697	0.519502	0.515129	0.532139	0.530756	0.532254	0.402816	0.421251	0.424862	0.372218	0.375169	0.372071	0.451752	0.473317	0.4777	0.420043	0.425763	0.419327	0.504808	0.502414	0.498353	0.53129	0.538251	0.527144	0.517835	0.413193	0.50336	0.493055	0.495432	0.494065	0.702586	0.614118	0.613049	0.620435	0.620951	0.621449	0.575721	0.575366	0.579216	0.552438	0.550916	0.549861	0.592068	0.615178	0.593211	0.620064	0.596528	0.59698	0.57858	0.57473	0.57944	0.574809	0.571403	0.572832	0.585946	0.579638	0.582511	0.585852	0.58893	0.586315	0.580207	0.577215	0.567229	0.585854	0.585785	0.587061	0.601077	0.601231	0.605195	0.591502	0.591236	0.590698	0.529047	0.476309	0.476769	0.497286	0.497697	0.498322
ERR608016-k20-n1-x5e9	0.319238	0.365096	0.389728	0.428665	0.429321	0.426097	0.357521	0.30202	0.286858	0	0.261633	0.262502	0.344606	0.368576	0.385459	0.409354	0.412816	0.407884	0.497434	0.495311	0.493181	0.499287	0.49802	0.499414	0.384635	0.377481	0.380512	0.35041	0.352288	0.350881	0.415241	0.421243	0.42483	0.382027	0.38604	0.383523	0.474859	0.471444	0.469	0.495975	0.503319	0.492134	0.461781	0.394522	0.44868	0.440044	0.44205	0.440846	0.677064	0.575199	0.574933	0.593581	0.583722	0.586118	0.546439	0.545125	0.547327	0.538214	0.536852	0.534969	0.555564	0.581871	0.556618	0.588073	0.559314	0.559781	0.542741	0.537425	0.540763	0.542904	0.54006	0.54115	0.552859	0.5459	0.547955	0.562771	0.564784	0.563082	0.541764	0.540306	0.544301	0.552409	0.551691	0.551601	0.562396	0.561553	0.564341	0.556406	0.556641	0.555918	0.536854	0.473868	0.473966	0.50944	0.509068	0.510632
ERR608017-k20-n1-x5e9	0.317957	0.364325	0.38906	0.427928	0.428305	0.425091	0.357406	0.302213	0.286847	0.261633	0	0.262054	0.343755	0.367457	0.384209	0.407963	0.411396	0.406814	0.496584	0.494699	0.492431	0.498265	0.497199	0.498588	0.383575	0.376582	0.379634	0.349631	0.351187	0.34995	0.413909	0.419605	0.423287	0.380741	0.384912	0.382214	0.474363	0.470829	0.468345	0.495384	0.502753	0.491372	0.460272	0.393335	0.447117	0.438525	0.440433	0.43941	0.676164	0.574207	0.573873	0.592699	0.582551	0.585183	0.545582	0.544261	0.546739	0.537686	0.53634	0.534432	0.55435	0.580569	0.55541	0.5868	0.558059	0.558512	0.541687	0.536369	0.539731	0.54195	0.539311	0.540391	0.551706	0.544871	0.546817	0.562036	0.564028	0.562306	0.540744	0.539226	0.543625	0.551319	0.550693	0.550742	0.56124	0.560529	0.563255	0.555498	0.555679	0.554921	0.536729	0.47395	0.474046	0.509776	0.509103	0.510761
ERR608018-k20-n1-x5e9	0.319612	0.366387	0.391198	0.430273	0.430721	0.42756	0.355321	0.300227	0.285413	0.262502	0.262054	0	0.344369	0.369087	0.386126	0.410657	0.414162	0.409158	0.49618	0.494094	0.491923	0.498301	0.497223	0.498598	0.38316	0.377974	0.380839	0.349638	0.351347	0.350152	0.414794	0.421942	0.425536	0.381742	0.385747	0.383019	0.474861	0.471305	0.468903	0.496383	0.503721	0.492482	0.462758	0.393148	0.449407	0.440746	0.442753	0.441491	0.676203	0.57517	0.574758	0.592681	0.583414	0.585745	0.545743	0.544291	0.546679	0.537044	0.535657	0.533606	0.555176	0.581205	0.556316	0.587384	0.558981	0.559458	0.542514	0.537458	0.54076	0.542338	0.539605	0.540752	0.552007	0.545217	0.547207	0.561488	0.563411	0.561866	0.541559	0.539997	0.543319	0.551495	0.551024	0.551156	0.562524	0.56175	0.564586	0.556337	0.556412	0.555737	0.535533	0.472932	0.473152	0.508199	0.507705	0.509357
ERR608093-k20-n1-x5e9	0.317947	0.354092	0.376827	0.409159	0.409084	0.406594	0.4357	0.391701	0.378076	0.344606	0.343755	0.344369	0	0.267173	0.289539	0.317102	0.321323	0.314505	0.449519	0.447059	0.447185	0.439196	0.438952	0.439187	0.366018	0.345103	0.347583	0.338497	0.338827	0.338712	0.34641	0.348108	0.355813	0.313531	0.315647	0.316108	0.435921	0.430678	0.428746	0.458287	0.467224	0.45418	0.409742	0.350994	0.388805	0.379776	0.382111	0.380608	0.610031	0.501043	0.499006	0.521081	0.504858	0.5064	0.47454	0.472638	0.473595	0.488224	0.48642	0.483931	0.475249	0.489084	0.476398	0.493173	0.477975	0.479037	0.463549	0.464388	0.467599	0.458864	0.457671	0.459172	0.463919	0.459761	0.461993	0.472821	0.473674	0.473238	0.471783	0.468806	0.481801	0.478326	0.477918	0.477932	0.495307	0.501007	0.504348	0.483878	0.48508	0.485209	0.568723	0.508491	0.508309	0.548633	0.547828	0.550109
ERR608094-k20-n1-x5e9	0.316502	0.31547	0.328099	0.354985	0.355086	0.352969	0.489438	0.433497	0.412922	0.368576	0.367457	0.369087	0.267173	0	0.241606	0.262214	0.264985	0.260093	0.47569	0.47104	0.472632	0.446963	0.447261	0.447305	0.412948	0.334705	0.334599	0.366835	0.368092	0.369147	0.38207	0.334903	0.332421	0.337021	0.335808	0.344293	0.397368	0.392964	0.392832	0.411865	0.419517	0.409093	0.374893	0.39431	0.364231	0.353486	0.355266	0.354492	0.6416	0.499212	0.499605	0.546719	0.512583	0.518689	0.486999	0.478568	0.481059	0.512411	0.510791	0.507837	0.471273	0.497839	0.472268	0.503175	0.476598	0.476929	0.459941	0.453291	0.459225	0.462948	0.458665	0.459117	0.472077	0.463773	0.46757	0.499697	0.499697	0.500847	0.471415	0.473287	0.510258	0.49429	0.493189	0.490566	0.479755	0.478337	0.483531	0.475988	0.474531	0.47418	0.606255	0.526502	0.525371	0.57909	0.579335	0.581608
ERR608095-k20-n1-x5e9	0.326309	0.309622	0.315744	0.337425	0.337276	0.335792	0.51283	0.454866	0.432523	0.385459	0.384209	0.386126	0.289539	0.241606	0	0.249085	0.250694	0.247604	0.49009	0.484788	0.487046	0.455787	0.456135	0.456442	0.434503	0.339651	0.338436	0.384881	0.386341	0.387439	0.401613	0.338841	0.332285	0.355299	0.352842	0.363353	0.389704	0.385666	0.386377	0.398846	0.405634	0.396924	0.365865	0.416271	0.360438	0.34971	0.351168	0.350872	0.655405	0.502752	0.50418	0.560015	0.519595	0.527458	0.497734	0.487086	0.490091	0.526946	0.525357	0.522388	0.475201	0.506514	0.476344	0.51236	0.481243	0.48153	0.464664	0.454786	0.461606	0.471268	0.465953	0.466172	0.481116	0.471462	0.47563	0.515559	0.515489	0.516848	0.476099	0.479838	0.525308	0.504596	0.503197	0.499878	0.478864	0.474111	0.479809	0.478972	0.476532	0.475716	0.622002	0.537192	0.535603	0.593591	0.593935	0.596195
ERR608096-k20-n1-x5e9	0.342005	0.315213	0.315756	0.317496	0.317257	0.316831	0.541896	0.4868	0.465194	0.409354	0.407963	0.410657	0.317102	0.262214	0.249085	0	0.233321	0.233602	0.50018	0.494359	0.498521	0.4596	0.46026	0.46042	0.451423	0.349737	0.348054	0.407474	0.4086	0.410546	0.406477	0.330293	0.321726	0.366544	0.362505	0.374986	0.40717	0.402156	0.404844	0.406487	0.41302	0.405514	0.344521	0.435106	0.344107	0.338329	0.338507	0.338682	0.656369	0.495583	0.498397	0.56459	0.514767	0.524611	0.503214	0.492348	0.493196	0.542825	0.541523	0.538275	0.468857	0.502415	0.469887	0.509533	0.473901	0.473978	0.461708	0.450532	0.454981	0.474193	0.469962	0.469689	0.479953	0.470021	0.472885	0.525336	0.524446	0.526952	0.471519	0.477735	0.535067	0.504809	0.503219	0.49852	0.471572	0.465059	0.468437	0.478435	0.476421	0.475452	0.638284	0.55602	0.554474	0.614153	0.614308	0.616991
ERR608097-k20-n1-x5e9	0.344527	0.316123	0.315359	0.315688	0.315493	0.315221	0.545719	0.490469	0.468895	0.412816	0.411396	0.414162	0.321323	0.264985	0.250694	0.233321	0	0.233707	0.503072	0.497287	0.501485	0.461996	0.462635	0.462953	0.45481	0.351598	0.349536	0.41053	0.41178	0.413683	0.409631	0.331723	0.32254	0.369856	0.365672	0.378559	0.408225	0.403251	0.406161	0.406524	0.412929	0.405657	0.343471	0.438694	0.343941	0.338382	0.338556	0.338879	0.658378	0.496514	0.499374	0.566866	0.516089	0.526258	0.505536	0.494502	0.49533	0.545802	0.544524	0.541072	0.46996	0.503853	0.470924	0.511093	0.474941	0.475008	0.463285	0.451495	0.456072	0.476342	0.472076	0.471822	0.481758	0.471721	0.474602	0.528398	0.527389	0.529879	0.472803	0.479271	0.537801	0.506788	0.505322	0.500345	0.472117	0.465012	0.468418	0.479723	0.477729	0.476757	0.641374	0.559013	0.557321	0.61733	0.617485	0.620057
ERR608098-k20-n1-x5e9	0.340636	0.314895	0.315678	0.318847	0.318691	0.318168	0.540113	0.484898	0.463218	0.407884	0.406814	0.409158	0.314505	0.260093	0.247604	0.233602	0.233707	0	0.498823	0.493078	0.497175	0.458666	0.45933	0.459615	0.4496	0.34884	0.34702	0.405782	0.406821	0.408775	0.404804	0.329624	0.321339	0.364714	0.360696	0.37316	0.406362	0.40129	0.403938	0.406355	0.413007	0.40532	0.345535	0.433192	0.344405	0.338328	0.338713	0.338943	0.655056	0.495091	0.497711	0.563299	0.514063	0.523773	0.501822	0.491026	0.49202	0.540998	0.539698	0.536362	0.468345	0.501457	0.469191	0.508387	0.473375	0.473444	0.460897	0.449947	0.454505	0.472954	0.468551	0.468361	0.478747	0.46874	0.471843	0.523435	0.522541	0.525071	0.471031	0.477029	0.533619	0.503772	0.502224	0.497583	0.471267	0.46496	0.468525	0.477491	0.475589	0.47465	0.637114	0.554934	0.553437	0.613039	0.613247	0.61578
ERR607445-k20-n1-x5e9	0.476843	0.508236	0.524879	0.541921	0.541687	0.539901	0.541659	0.524248	0.520697	0.497434	0.496584	0.49618	0.449519	0.47569	0.49009	0.50018	0.503072	0.498823	0	0.265184	0.265913	0.285034	0.284514	0.284417	0.446389	0.470703	0.473633	0.455642	0.456951	0.458312	0.430776	0.460547	0.470586	0.429582	0.431279	0.427734	0.562666	0.557652	0.557136	0.578811	0.586901	0.576716	0.502723	0.432846	0.482077	0.478759	0.479863	0.479169	0.461637	0.380456	0.375778	0.374189	0.37297	0.37012	0.323254	0.331878	0.32988	0.330299	0.330158	0.327845	0.355452	0.351647	0.355511	0.354222	0.353796	0.355127	0.366495	0.379984	0.377376	0.353313	0.356676	0.358028	0.335765	0.337888	0.337554	0.329445	0.330537	0.329152	0.374215	0.365964	0.350331	0.356989	0.357732	0.36002	0.397463	0.416616	0.416522	0.376898	0.381531	0.382884	0.449858	0.422675	0.422822	0.451125	0.451508	0.453366
ERR607446-k20-n1-x5e9	0.473004	0.503095	0.519286	0.535824	0.535528	0.533854	0.542895	0.523791	0.519502	0.495311	0.494699	0.494094	0.447059	0.47104	0.484788	0.494359	0.497287	0.493078	0.265184	0	0.26542	0.279741	0.279085	0.278609	0.446698	0.466121	0.468901	0.453907	0.455164	0.456574	0.429549	0.455512	0.465082	0.426923	0.428463	0.425359	0.557693	0.552762	0.552427	0.573542	0.581476	0.571464	0.496468	0.432264	0.476119	0.472941	0.474016	0.473138	0.466171	0.375151	0.371083	0.375911	0.369544	0.367774	0.32078	0.328004	0.326187	0.331784	0.331276	0.328772	0.348781	0.347862	0.349223	0.351024	0.347774	0.349096	0.360435	0.372796	0.370532	0.348683	0.351473	0.35267	0.331494	0.33273	0.332592	0.330035	0.331072	0.330382	0.368852	0.361176	0.35169	0.354701	0.354916	0.356791	0.390631	0.409331	0.409409	0.371493	0.375753	0.376983	0.454305	0.42174	0.421647	0.453689	0.45418	0.456131
ERR607447-k20-n1-x5e9	0.473941	0.505158	0.521795	0.540298	0.540025	0.53831	0.538084	0.519181	0.515129	0.493181	0.492431	0.491923	0.447185	0.472632	0.487046	0.498521	0.501485	0.497175	0.265913	0.26542	0	0.284623	0.283714	0.283806	0.44626	0.467767	0.470609	0.452077	0.453764	0.454845	0.433231	0.460826	0.470477	0.429527	0.431272	0.427634	0.558347	0.553483	0.552868	0.575179	0.58318	0.573028	0.50244	0.431455	0.48193	0.478072	0.479274	0.478522	0.467499	0.381748	0.377323	0.376739	0.37559	0.373106	0.323536	0.331156	0.329897	0.327525	0.327514	0.325343	0.355612	0.354276	0.355956	0.356714	0.354974	0.356423	0.366602	0.379104	0.377465	0.352899	0.355915	0.356999	0.337507	0.338756	0.339129	0.331343	0.332644	0.331408	0.374698	0.366562	0.351399	0.359366	0.359899	0.362379	0.397357	0.416145	0.416594	0.376513	0.380686	0.381913	0.448087	0.415798	0.415963	0.445433	0.446366	0.448464
ERR607448-k20-n1-x5e9	0.459467	0.475407	0.487114	0.49795	0.497552	0.49618	0.569288	0.540854	0.532139	0.499287	0.498265	0.498301	0.439196	0.446963	0.455787	0.4596	0.461996	0.458666	0.285034	0.279741	0.284623	0	0.253825	0.253479	0.460431	0.444983	0.446652	0.454916	0.456787	0.459279	0.42663	0.425212	0.431652	0.416644	0.415865	0.417575	0.531425	0.526237	0.527107	0.54288	0.550591	0.54155	0.45815	0.44091	0.441077	0.438301	0.438913	0.438582	0.49494	0.347713	0.346857	0.392786	0.354736	0.360276	0.314375	0.312139	0.310954	0.355576	0.355361	0.351531	0.313396	0.329977	0.313702	0.33608	0.314519	0.315296	0.327151	0.332663	0.331731	0.325995	0.32623	0.326464	0.309166	0.304465	0.30563	0.34104	0.340351	0.342532	0.339617	0.338345	0.369294	0.347114	0.346467	0.344212	0.348856	0.363164	0.363223	0.338129	0.340717	0.341094	0.500092	0.43828	0.437025	0.489771	0.490896	0.493497
ERR607449-k20-n1-x5e9	0.459127	0.475447	0.487362	0.498519	0.498055	0.496618	0.567876	0.539343	0.530756	0.49802	0.497199	0.497223	0.438952	0.447261	0.456135	0.46026	0.462635	0.45933	0.284514	0.279085	0.283714	0.253825	0	0.253804	0.459874	0.445123	0.446931	0.454488	0.456537	0.458535	0.427307	0.426435	0.43297	0.41708	0.416373	0.418333	0.531399	0.526062	0.526815	0.542786	0.550555	0.541534	0.459625	0.44112	0.442516	0.439698	0.44017	0.439905	0.494675	0.348949	0.348051	0.392711	0.355835	0.361054	0.314536	0.312608	0.311418	0.354586	0.354442	0.350515	0.315473	0.331386	0.315726	0.33756	0.316197	0.316819	0.327986	0.333961	0.332941	0.326307	0.326443	0.32717	0.310542	0.306137	0.307155	0.341419	0.340649	0.342824	0.340874	0.339394	0.368712	0.347617	0.347197	0.344955	0.349968	0.364336	0.364417	0.338663	0.341222	0.341843	0.49775	0.436314	0.434806	0.487644	0.488657	0.491118
ERR607450-k20-n1-x5e9	0.460282	0.476274	0.48824	0.49933	0.49893	0.49758	0.569265	0.540887	0.532254	0.499414	0.498588	0.498598	0.439187	0.447305	0.456442	0.46042	0.462953	0.459615	0.284417	0.278609	0.283806	0.253479	0.253804	0	0.460819	0.445846	0.447848	0.455708	0.457592	0.459751	0.426949	0.425815	0.432425	0.416863	0.416159	0.417931	0.532292	0.527035	0.527744	0.543855	0.551574	0.542532	0.459866	0.441581	0.442685	0.439784	0.440392	0.440159	0.493632	0.348377	0.347476	0.391889	0.355009	0.360097	0.313723	0.311421	0.310497	0.35407	0.353827	0.350237	0.313795	0.329607	0.314132	0.335372	0.314848	0.315597	0.326881	0.333228	0.332029	0.325213	0.3256	0.325883	0.308525	0.304198	0.305291	0.339316	0.338926	0.341017	0.340811	0.338874	0.368667	0.347042	0.346825	0.344461	0.349376	0.363988	0.364213	0.338341	0.340656	0.341555	0.499114	0.437698	0.436386	0.488885	0.490159	0.492757
ERR605958-k20-n1-x5e9	0.384185	0.439702	0.464017	0.489595	0.489749	0.48732	0.415285	0.403314	0.402816	0.384635	0.383575	0.38316	0.366018	0.412948	0.434503	0.451423	0.45481	0.4496	0.446389	0.446698	0.44626	0.460431	0.459874	0.460819	0	0.34424	0.348792	0.295542	0.294353	0.294908	0.368401	0.420869	0.434144	0.367928	0.372537	0.364364	0.507515	0.501831	0.499697	0.530903	0.540381	0.527241	0.452078	0.320738	0.425988	0.421562	0.42387	0.42177	0.555089	0.505781	0.501904	0.489456	0.499013	0.495341	0.494423	0.500315	0.498778	0.494509	0.492768	0.491561	0.503366	0.507495	0.504271	0.512019	0.502757	0.504213	0.500735	0.506947	0.504972	0.495356	0.496549	0.498465	0.49153	0.491816	0.491313	0.48909	0.489891	0.48833	0.479112	0.471365	0.45243	0.464364	0.46482	0.467349	0.537872	0.54754	0.547116	0.527441	0.530362	0.530763	0.510221	0.491428	0.492684	0.513206	0.511403	0.513549
ERR605959-k20-n1-x5e9	0.326868	0.335673	0.348782	0.370547	0.370688	0.368741	0.489976	0.439192	0.421251	0.377481	0.376582	0.377974	0.345103	0.334705	0.339651	0.349737	0.351598	0.34884	0.470703	0.466121	0.467767	0.444983	0.445123	0.445846	0.34424	0	0.250805	0.294586	0.293937	0.296863	0.40099	0.364771	0.36459	0.364556	0.363731	0.37011	0.408586	0.403133	0.403089	0.422376	0.430555	0.419442	0.352584	0.368743	0.341465	0.332918	0.334491	0.333512	0.623501	0.477696	0.478585	0.525296	0.492127	0.498594	0.492997	0.486233	0.4878	0.517313	0.515667	0.512404	0.473936	0.505146	0.475036	0.512737	0.478264	0.478755	0.472121	0.464727	0.467876	0.478743	0.475462	0.475873	0.485952	0.477695	0.480199	0.51643	0.516243	0.517323	0.450514	0.452174	0.487981	0.472376	0.471319	0.46877	0.489167	0.486824	0.489311	0.489946	0.489206	0.488578	0.57632	0.497618	0.496363	0.551898	0.551242	0.553846
ERR605960-k20-n1-x5e9	0.32857	0.334686	0.346763	0.36791	0.368024	0.365934	0.494165	0.44294	0.424862	0.380512	0.379634	0.380839	0.347583	0.334599	0.338436	0.348054	0.349536	0.34702	0.473633	0.468901	0.470609	0.446652	0.446931	0.447848	0.348792	0.250805	0	0.298504	0.297678	0.300632	0.404173	0.365158	0.363899	0.36709	0.366113	0.372744	0.406398	0.401116	0.40114	0.419762	0.42788	0.416983	0.351177	0.372994	0.340713	0.332457	0.333914	0.332922	0.626375	0.478398	0.479436	0.527656	0.493408	0.500146	0.494695	0.487567	0.48916	0.519675	0.517969	0.514899	0.474507	0.506595	0.475751	0.51413	0.479212	0.47949	0.472844	0.464983	0.468444	0.480055	0.476483	0.476708	0.487563	0.479064	0.481756	0.519067	0.518722	0.519995	0.451379	0.453262	0.490658	0.474319	0.473002	0.470425	0.489158	0.48637	0.489115	0.490519	0.489584	0.488946	0.580222	0.500734	0.499435	0.555566	0.555073	0.557463
ERR605961-k20-n1-x5e9	0.341108	0.385656	0.408645	0.441752	0.441916	0.439324	0.419348	0.381483	0.372218	0.35041	0.349631	0.349638	0.338497	0.366835	0.384881	0.407474	0.41053	0.405782	0.455642	0.453907	0.452077	0.454916	0.454488	0.455708	0.295542	0.294586	0.298504	0	0.259804	0.259778	0.389592	0.403238	0.410307	0.362648	0.365991	0.362803	0.450667	0.446001	0.44326	0.475002	0.483816	0.470487	0.419621	0.33008	0.399932	0.390652	0.393195	0.391524	0.604129	0.503374	0.501532	0.512751	0.506405	0.506962	0.497764	0.497337	0.498617	0.498786	0.496927	0.494691	0.498375	0.517802	0.499658	0.523297	0.501287	0.502295	0.495358	0.494422	0.496754	0.492443	0.491364	0.492652	0.498128	0.493456	0.495336	0.505886	0.507088	0.506172	0.473807	0.46991	0.471551	0.477978	0.477681	0.478657	0.523627	0.527203	0.529748	0.515041	0.516142	0.516045	0.527014	0.468442	0.469145	0.503635	0.502672	0.505113
ERR605962-k20-n1-x5e9	0.341876	0.386694	0.409842	0.442694	0.442918	0.440293	0.421169	0.384172	0.375169	0.352288	0.351187	0.351347	0.338827	0.368092	0.386341	0.4086	0.41178	0.406821	0.456951	0.455164	0.453764	0.456787	0.456537	0.457592	0.294353	0.293937	0.297678	0.259804	0	0.257525	0.390591	0.405326	0.412464	0.364479	0.36803	0.364411	0.451887	0.446928	0.444245	0.476001	0.484663	0.471206	0.419351	0.329899	0.399492	0.390397	0.393039	0.391291	0.604231	0.503235	0.500922	0.511948	0.5055	0.50608	0.499607	0.499601	0.500477	0.501099	0.499541	0.497314	0.500462	0.519238	0.501832	0.524901	0.503039	0.503968	0.497989	0.497034	0.499195	0.495152	0.494281	0.495604	0.500489	0.496015	0.497486	0.507558	0.508798	0.507634	0.473725	0.469534	0.47118	0.477115	0.476835	0.477841	0.525968	0.529576	0.531758	0.517551	0.518853	0.518931	0.527998	0.470676	0.471048	0.505315	0.503433	0.505731
ERR605963-k20-n1-x5e9	0.342563	0.388066	0.4114	0.444903	0.445066	0.442386	0.417416	0.381026	0.372071	0.350881	0.34995	0.350152	0.338712	0.369147	0.387439	0.410546	0.413683	0.408775	0.458312	0.456574	0.454845	0.459279	0.458535	0.459751	0.294908	0.296863	0.300632	0.259778	0.257525	0	0.392722	0.408037	0.415199	0.366042	0.369706	0.366053	0.452836	0.448127	0.445205	0.477363	0.486018	0.472479	0.423171	0.330958	0.403533	0.394304	0.396779	0.395176	0.606187	0.505924	0.503747	0.513812	0.508489	0.508657	0.501658	0.501703	0.50274	0.501934	0.500169	0.497918	0.502821	0.521636	0.504193	0.527185	0.505567	0.506495	0.500225	0.499376	0.501597	0.497172	0.496301	0.497681	0.502718	0.498285	0.499832	0.509168	0.510175	0.509067	0.476832	0.472515	0.472877	0.479995	0.479747	0.480734	0.52834	0.531852	0.534135	0.519783	0.52096	0.520989	0.527429	0.470193	0.470607	0.504402	0.502279	0.504423
ERR608751-k20-n1-x5e9	0.390613	0.431825	0.452477	0.465143	0.464743	0.463185	0.474662	0.456148	0.451752	0.415241	0.413909	0.414794	0.34641	0.38207	0.401613	0.406477	0.409631	0.404804	0.430776	0.429549	0.433231	0.42663	0.427307	0.426949	0.368401	0.40099	0.404173	0.389592	0.390591	0.392722	0	0.297417	0.316032	0.260995	0.261384	0.258418	0.528041	0.521463	0.521419	0.543385	0.552961	0.540981	0.417069	0.348783	0.389428	0.389187	0.390836	0.389228	0.546602	0.476489	0.474123	0.486366	0.472302	0.472098	0.454715	0.460207	0.455277	0.482321	0.481716	0.479726	0.450284	0.446272	0.451075	0.451439	0.447936	0.449965	0.444835	0.455822	0.450433	0.441411	0.444669	0.446809	0.4275	0.429971	0.42765	0.438211	0.436956	0.437775	0.456541	0.452305	0.460129	0.447676	0.44788	0.447483	0.48516	0.499879	0.497238	0.47588	0.480076	0.480753	0.568731	0.544717	0.545544	0.57562	0.574724	0.577406
ERR608752-k20-n1-x5e9	0.364515	0.368195	0.378033	0.379601	0.379	0.378365	0.531906	0.489222	0.473317	0.421243	0.419605	0.421942	0.348108	0.334903	0.338841	0.330293	0.331723	0.329624	0.460547	0.455512	0.460826	0.425212	0.426435	0.425815	0.420869	0.364771	0.365158	0.403238	0.405326	0.408037	0.297417	0	0.238513	0.273205	0.267651	0.280843	0.472326	0.466114	0.467939	0.478616	0.487103	0.477625	0.341736	0.392967	0.326485	0.32657	0.326592	0.32619	0.598966	0.460373	0.46196	0.518836	0.472651	0.480809	0.464435	0.458803	0.456832	0.51046	0.509839	0.506551	0.431143	0.45014	0.432074	0.457577	0.432939	0.43393	0.426967	0.425999	0.424061	0.437397	0.436199	0.436892	0.429878	0.424384	0.424622	0.473907	0.472151	0.475204	0.441132	0.444775	0.494089	0.46122	0.46012	0.455751	0.448817	0.453653	0.452433	0.452472	0.453241	0.453084	0.617214	0.556348	0.55546	0.607401	0.607756	0.610528
ERR608753-k20-n1-x5e9	0.365065	0.359461	0.366522	0.366838	0.366162	0.365704	0.541486	0.495248	0.4777	0.42483	0.423287	0.425536	0.355813	0.332421	0.332285	0.321726	0.32254	0.321339	0.470586	0.465082	0.470477	0.431652	0.43297	0.432425	0.434144	0.36459	0.363899	0.410307	0.412464	0.415199	0.316032	0.238513	0	0.286416	0.280317	0.294697	0.463664	0.457762	0.459893	0.467842	0.475862	0.467217	0.335309	0.406483	0.324671	0.324007	0.323902	0.323668	0.612824	0.465331	0.467847	0.530521	0.48109	0.490241	0.47314	0.465189	0.464269	0.519092	0.518574	0.515115	0.435448	0.45954	0.436291	0.467288	0.438372	0.439087	0.431888	0.427736	0.427011	0.444671	0.442125	0.442663	0.43925	0.43208	0.432896	0.487192	0.485414	0.488786	0.446326	0.451573	0.505241	0.471446	0.470156	0.46522	0.449003	0.450733	0.450355	0.455254	0.455075	0.454673	0.625361	0.55844	0.557193	0.612287	0.613054	0.61579
ERR608754-k20-n1-x5e9	0.353133	0.387238	0.407594	0.42708	0.426809	0.424982	0.464874	0.430196	0.420043	0.382027	0.380741	0.381742	0.313531	0.337021	0.355299	0.366544	0.369856	0.364714	0.429582	0.426923	0.429527	0.416644	0.41708	0.416863	0.367928	0.364556	0.36709	0.362648	0.364479	0.366042	0.260995	0.273205	0.286416	0	0.241694	0.243015	0.483505	0.477578	0.476921	0.501062	0.510298	0.4985	0.390788	0.340716	0.366121	0.36199	0.363838	0.362216	0.572347	0.472012	0.470268	0.495142	0.473887	0.475959	0.451442	0.45167	0.449866	0.476967	0.476198	0.473793	0.443353	0.450765	0.444467	0.455829	0.444195	0.44589	0.437042	0.442847	0.441114	0.434917	0.435154	0.437013	0.428099	0.426643	0.42651	0.444541	0.444196	0.445208	0.448355	0.445767	0.462946	0.450646	0.450384	0.449481	0.471923	0.482626	0.482597	0.4629	0.465362	0.465738	0.57007	0.523656	0.523911	0.562984	0.562751	0.565481
ERR608755-k20-n1-x5e9	0.353774	0.385363	0.404564	0.422581	0.422129	0.420525	0.472104	0.436901	0.425763	0.38604	0.384912	0.385747	0.315647	0.335808	0.352842	0.362505	0.365672	0.360696	0.431279	0.428463	0.431272	0.415865	0.416373	0.416159	0.372537	0.363731	0.366113	0.365991	0.36803	0.369706	0.261384	0.267651	0.280317	0.241694	0	0.243768	0.482612	0.476599	0.476178	0.498902	0.50826	0.496567	0.38551	0.345014	0.361409	0.357629	0.359386	0.357883	0.573743	0.469705	0.468348	0.496265	0.472474	0.475101	0.450684	0.450511	0.448702	0.479025	0.478272	0.475917	0.440351	0.44864	0.441477	0.453993	0.441409	0.442889	0.434406	0.43985	0.437785	0.433172	0.433529	0.435365	0.426237	0.424355	0.42433	0.44524	0.44474	0.446043	0.446313	0.4445	0.465203	0.450384	0.450154	0.448721	0.468345	0.478462	0.478349	0.460261	0.462735	0.462915	0.575351	0.52748	0.52762	0.567907	0.567918	0.570645
ERR608756-k20-n1-x5e9	0.358198	0.395314	0.416265	0.436013	0.435654	0.433964	0.460268	0.428375	0.419327	0.383523	0.382214	0.383019	0.316108	0.344293	0.363353	0.374986	0.378559	0.37316	0.427734	0.425359	0.427634	0.417575	0.418333	0.417931	0.364364	0.37011	0.372744	0.362803	0.364411	0.366053	0.258418	0.280843	0.294697	0.243015	0.243768	0	0.490577	0.484613	0.483903	0.508578	0.517941	0.505925	0.397902	0.337518	0.372585	0.368823	0.370486	0.3689	0.567803	0.473647	0.471805	0.49228	0.474232	0.475484	0.451332	0.452313	0.450517	0.474828	0.474079	0.471788	0.444912	0.450306	0.44595	0.455059	0.445538	0.447282	0.438984	0.4457	0.443588	0.435926	0.43684	0.438699	0.428285	0.42734	0.427134	0.442082	0.441862	0.442498	0.450417	0.44731	0.46095	0.450358	0.450418	0.449736	0.475354	0.48672	0.486392	0.465631	0.468262	0.468772	0.566234	0.523344	0.52359	0.560494	0.560251	0.562863
ERR607141-k20-n1-x5e9	0.431276	0.40611	0.406067	0.42965	0.430344	0.428315	0.5801	0.525019	0.504808	0.474859	0.474363	0.474861	0.435921	0.397368	0.389704	0.40717	0.408225	0.406362	0.562666	0.557693	0.558347	0.531425	0.531399	0.532292	0.507515	0.408586	0.406398	0.450667	0.451887	0.452836	0.528041	0.472326	0.463664	0.483505	0.482612	0.490577	0	0.236871	0.237093	0.248379	0.251382	0.247304	0.463274	0.506307	0.463386	0.45063	0.451981	0.451994	0.712528	0.562863	0.564381	0.615861	0.581014	0.588551	0.565546	0.552912	0.558838	0.582485	0.580413	0.577491	0.557819	0.592331	0.558658	0.597025	0.564864	0.564574	0.539376	0.524754	0.535955	0.544923	0.537218	0.53708	0.565485	0.554601	0.560481	0.593555	0.594235	0.595238	0.541092	0.544878	0.584236	0.570887	0.569315	0.566296	0.541463	0.530953	0.540246	0.542273	0.537333	0.536088	0.66041	0.568008	0.566085	0.623729	0.623863	0.626168
ERR607142-k20-n1-x5e9	0.426677	0.40237	0.402978	0.425465	0.426086	0.424083	0.577248	0.522575	0.502414	0.471444	0.470829	0.471305	0.430678	0.392964	0.385666	0.402156	0.403251	0.40129	0.557652	0.552762	0.553483	0.526237	0.526062	0.527035	0.501831	0.403133	0.401116	0.446001	0.446928	0.448127	0.521463	0.466114	0.457762	0.477578	0.476599	0.484613	0.236871	0	0.237065	0.248637	0.252191	0.24717	0.457111	0.500947	0.456769	0.444354	0.445726	0.445709	0.707206	0.556989	0.558364	0.610482	0.574979	0.582549	0.560402	0.54786	0.553647	0.578458	0.576511	0.573568	0.552379	0.586579	0.553373	0.591345	0.559235	0.559016	0.534079	0.519833	0.53056	0.539801	0.532246	0.532089	0.559875	0.549133	0.554865	0.58835	0.588878	0.589956	0.53524	0.538923	0.579247	0.564957	0.563369	0.5602	0.536667	0.526614	0.535491	0.537451	0.532746	0.531507	0.657335	0.565795	0.563887	0.621684	0.621655	0.623913
ERR607143-k20-n1-x5e9	0.426024	0.403594	0.404908	0.429497	0.430065	0.428035	0.57317	0.518369	0.498353	0.469	0.468345	0.468903	0.428746	0.392832	0.386377	0.404844	0.406161	0.403938	0.557136	0.552427	0.552868	0.527107	0.526815	0.527744	0.499697	0.403089	0.40114	0.44326	0.444245	0.445205	0.521419	0.467939	0.459893	0.476921	0.476178	0.483903	0.237093	0.237065	0	0.252242	0.255622	0.25021	0.46107	0.498636	0.460078	0.44728	0.448743	0.448695	0.707223	0.559286	0.560372	0.610177	0.576582	0.583817	0.560906	0.548673	0.554621	0.577289	0.575196	0.572365	0.554295	0.587931	0.555317	0.592425	0.561145	0.561006	0.535805	0.521897	0.53289	0.540728	0.533279	0.533147	0.560982	0.550371	0.556143	0.587838	0.588642	0.589457	0.537062	0.540249	0.578237	0.565591	0.56406	0.561203	0.539179	0.529545	0.5386	0.539145	0.53454	0.533288	0.655126	0.563615	0.561836	0.618759	0.618784	0.62115
ERR607144-k20-n1-x5e9	0.446237	0.411552	0.406441	0.419923	0.420457	0.419153	0.606982	0.55212	0.53129	0.495975	0.495384	0.496383	0.458287	0.411865	0.398846	0.406487	0.406524	0.406355	0.578811	0.573542	0.575179	0.54288	0.542786	0.543855	0.530903	0.422376	0.419762	0.475002	0.476001	0.477363	0.543385	0.478616	0.467842	0.501062	0.498902	0.508578	0.248379	0.248637	0.252242	0	0.235176	0.235792	0.458022	0.530263	0.463161	0.451837	0.452645	0.453039	0.725899	0.567701	0.570538	0.631515	0.589138	0.598624	0.578375	0.564999	0.569992	0.601428	0.599528	0.596381	0.563064	0.600611	0.563937	0.605817	0.569668	0.569255	0.546801	0.530107	0.540565	0.555942	0.548613	0.54807	0.575483	0.563999	0.569193	0.610223	0.610574	0.611966	0.54778	0.553536	0.602275	0.582358	0.580595	0.576384	0.543465	0.53035	0.538745	0.548806	0.543764	0.542317	0.679375	0.585873	0.583747	0.643994	0.644096	0.646486
ERR607145-k20-n1-x5e9	0.453858	0.417293	0.411255	0.424243	0.42482	0.423597	0.614182	0.559067	0.538251	0.503319	0.502753	0.503721	0.467224	0.419517	0.405634	0.41302	0.412929	0.413007	0.586901	0.581476	0.58318	0.550591	0.550555	0.551574	0.540381	0.430555	0.42788	0.483816	0.484663	0.486018	0.552961	0.487103	0.475862	0.510298	0.50826	0.517941	0.251382	0.252191	0.255622	0.235176	0	0.236458	0.464641	0.539572	0.47071	0.459483	0.460258	0.460745	0.733822	0.575274	0.578093	0.639611	0.597073	0.606632	0.586058	0.572423	0.577444	0.608658	0.606897	0.603779	0.570519	0.608686	0.571295	0.614025	0.577296	0.576806	0.554343	0.537166	0.547786	0.563797	0.55641	0.555686	0.58386	0.572064	0.577416	0.61874	0.619084	0.620524	0.555435	0.561403	0.610575	0.590732	0.588938	0.584713	0.549548	0.535746	0.544266	0.555469	0.550248	0.548692	0.685603	0.591209	0.589117	0.649462	0.649505	0.651964
ERR607146-k20-n1-x5e9	0.443182	0.409945	0.405823	0.420161	0.420709	0.419318	0.602625	0.547759	0.527144	0.492134	0.491372	0.492482	0.45418	0.409093	0.396924	0.405514	0.405657	0.40532	0.576716	0.571464	0.573028	0.54155	0.541534	0.542532	0.527241	0.419442	0.416983	0.470487	0.471206	0.472479	0.540981	0.477625	0.467217	0.4985	0.496567	0.505925	0.247304	0.24717	0.25021	0.235792	0.236458	0	0.457795	0.52635	0.462536	0.450915	0.452	0.452183	0.724239	0.566907	0.569468	0.628958	0.587497	0.596721	0.576983	0.563688	0.568607	0.599188	0.597356	0.594257	0.562718	0.599897	0.563593	0.605198	0.569277	0.568907	0.546245	0.529907	0.540381	0.554855	0.547793	0.547219	0.574595	0.563178	0.568428	0.60822	0.608479	0.609882	0.546392	0.55194	0.599773	0.580552	0.578821	0.574763	0.543527	0.530843	0.539191	0.548135	0.543478	0.541949	0.67633	0.582581	0.580629	0.64033	0.640173	0.642558
ERR605411-k20-n1-x5e9	0.394253	0.373015	0.371432	0.358784	0.357985	0.358489	0.582846	0.5363	0.517835	0.461781	0.460272	0.462758	0.409742	0.374893	0.365865	0.344521	0.343471	0.345535	0.502723	0.496468	0.50244	0.45815	0.459625	0.459866	0.452078	0.352584	0.351177	0.419621	0.419351	0.423171	0.417069	0.341736	0.335309	0.390788	0.38551	0.397902	0.463274	0.457111	0.46107	0.458022	0.464641	0.457795	0	0.400405	0.245548	0.248829	0.247223	0.248184	0.634377	0.45803	0.462964	0.544847	0.482034	0.495353	0.506483	0.496787	0.495278	0.556698	0.555605	0.552075	0.454524	0.489237	0.455588	0.499027	0.458056	0.458439	0.459688	0.449624	0.448554	0.479889	0.476946	0.476629	0.47712	0.467596	0.46831	0.53293	0.53089	0.534341	0.435621	0.444685	0.51522	0.47357	0.471709	0.465269	0.466165	0.460333	0.458928	0.482042	0.481082	0.480058	0.63387	0.559802	0.557931	0.618738	0.618319	0.621047
