	ERR605363-k20-n1-x5e9	ERR605364-k20-n1-x5e9	ERR605365-k20-n1-x5e9	ERR605366-k20-n1-x5e9	ERR605367-k20-n1-x5e9	ERR605368-k20-n1-x5e9	ERR609837-k20-n1-x5e9	ERR609838-k20-n1-x5e9	ERR609839-k20-n1-x5e9	ERR609840-k20-n1-x5e9	ERR609841-k20-n1-x5e9	ERR609842-k20-n1-x5e9	ERR605521-k20-n1-x5e9	ERR605522-k20-n1-x5e9	ERR605523-k20-n1-x5e9	ERR605524-k20-n1-x5e9	ERR605525-k20-n1-x5e9	ERR605526-k20-n1-x5e9	ERR610087-k20-n1-x5e9	ERR610088-k20-n1-x5e9	ERR610089-k20-n1-x5e9	ERR610090-k20-n1-x5e9	ERR610091-k20-n1-x5e9	ERR610092-k20-n1-x5e9	ERR605399-k20-n1-x5e9	ERR605400-k20-n1-x5e9	ERR605401-k20-n1-x5e9	ERR605402-k20-n1-x5e9	ERR605403-k20-n1-x5e9	ERR605404-k20-n1-x5e9	ERR606660-k20-n1-x5e9	ERR606661-k20-n1-x5e9	ERR606662-k20-n1-x5e9	ERR606663-k20-n1-x5e9	ERR606664-k20-n1-x5e9	ERR606665-k20-n1-x5e9	ERR605647-k20-n1-x5e9	ERR605648-k20-n1-x5e9	ERR605649-k20-n1-x5e9	ERR605650-k20-n1-x5e9	ERR605651-k20-n1-x5e9	ERR605652-k20-n1-x5e9	ERR607373-k20-n1-x5e9	ERR607374-k20-n1-x5e9	ERR607375-k20-n1-x5e9	ERR607376-k20-n1-x5e9	ERR607377-k20-n1-x5e9	ERR607378-k20-n1-x5e9	ERR605485-k20-n1-x5e9	ERR605486-k20-n1-x5e9	ERR605487-k20-n1-x5e9	ERR605488-k20-n1-x5e9	ERR605489-k20-n1-x5e9	ERR605490-k20-n1-x5e9	ERR608365-k20-n1-x5e9	ERR608366-k20-n1-x5e9	ERR608367-k20-n1-x5e9	ERR608368-k20-n1-x5e9	ERR608369-k20-n1-x5e9	ERR608370-k20-n1-x5e9	ERR608395-k20-n1-x5e9	ERR608396-k20-n1-x5e9	ERR608397-k20-n1-x5e9	ERR608398-k20-n1-x5e9	ERR608399-k20-n1-x5e9	ERR608400-k20-n1-x5e9	ERR607983-k20-n1-x5e9	ERR607984-k20-n1-x5e9	ERR607985-k20-n1-x5e9	ERR607986-k20-n1-x5e9	ERR607987-k20-n1-x5e9	ERR607988-k20-n1-x5e9	ERR608057-k20-n1-x5e9	ERR608058-k20-n1-x5e9	ERR608059-k20-n1-x5e9	ERR608060-k20-n1-x5e9	ERR608061-k20-n1-x5e9	ERR608062-k20-n1-x5e9	ERR608371-k20-n1-x5e9	ERR608372-k20-n1-x5e9	ERR608373-k20-n1-x5e9	ERR608374-k20-n1-x5e9	ERR608375-k20-n1-x5e9	ERR608376-k20-n1-x5e9	ERR605683-k20-n1-x5e9	ERR605684-k20-n1-x5e9	ERR605685-k20-n1-x5e9	ERR605686-k20-n1-x5e9	ERR605687-k20-n1-x5e9	ERR605688-k20-n1-x5e9	ERR607311-k20-n1-x5e9	ERR607312-k20-n1-x5e9	ERR607313-k20-n1-x5e9	ERR607314-k20-n1-x5e9	ERR607315-k20-n1-x5e9	ERR607316-k20-n1-x5e9
ERR605363-k20-n1-x5e9	0	0.868479	0.758479	0.766991	0.763069	0.763644	0.951011	0.945789	0.929111	0.873475	0.877586	0.876835	0.869681	0.876644	0.88283	0.876801	0.875685	0.876481	1.01903	0.921382	1.12212	0.911519	0.9347	0.935786	0.877285	0.963752	0.887916	0.887077	0.887053	0.887706	1.0477	0.929303	0.938352	0.948798	0.931629	0.93003	0.859793	0.862127	0.867493	0.871642	0.867233	0.870018	0.977767	0.946726	0.946552	0.946839	0.946677	0.946899	0.995382	1.0047	1.00481	1.00364	1.00313	1.00432	1.09685	1.07476	1.06466	1.06702	1.06657	1.07642	1.11797	1.09325	1.08587	1.08624	1.08336	1.09438	1.11495	1.10683	1.1067	1.14395	1.14233	1.14346	1.32542	1.3157	1.31229	1.31467	1.31437	1.31412	1.06349	1.0551	1.05498	1.07084	1.06939	1.06822	1.04936	1.06111	1.06201	1.07413	1.09835	1.09692	1.08112	1.07178	1.0716	1.09776	1.09376	1.09135
ERR605364-k20-n1-x5e9	0.868479	0	0.866977	0.872302	0.86867	0.871287	1.04112	1.03466	1.01965	0.991012	0.990947	0.990665	0.971766	0.966353	0.967004	0.967274	0.967984	0.96502	1.11436	1.05003	1.18412	1.04755	1.05515	1.05708	0.972108	1.0017	0.972594	0.968928	0.971485	0.969214	1.13234	1.05908	1.06384	1.06418	1.05736	1.05758	0.961389	0.958077	0.958778	0.959521	0.959793	0.959505	1.0887	1.07247	1.0741	1.07231	1.07222	1.07224	1.07573	1.0784	1.0811	1.07827	1.07898	1.07851	1.18258	1.16641	1.16206	1.16316	1.16251	1.16706	1.19635	1.18011	1.1753	1.1753	1.17406	1.18089	1.19522	1.19052	1.19007	1.21647	1.2153	1.21668	1.34762	1.34019	1.33801	1.33933	1.33917	1.3389	1.15823	1.15413	1.15415	1.16417	1.16269	1.16225	1.13758	1.14517	1.1461	1.15702	1.16761	1.16992	1.16044	1.15405	1.1525	1.17569	1.17307	1.17115
ERR605365-k20-n1-x5e9	0.758479	0.866977	0	0.780756	0.776997	0.780463	0.96153	0.952947	0.938196	0.885418	0.892061	0.892278	0.880897	0.882189	0.889005	0.883075	0.882648	0.882773	1.028	0.936165	1.12864	0.927993	0.947961	0.948631	0.887582	0.96265	0.894851	0.894819	0.895837	0.895185	1.05249	0.946704	0.951257	0.956839	0.944098	0.943366	0.868079	0.87119	0.872953	0.878952	0.874242	0.877252	0.986954	0.959663	0.958555	0.960032	0.960296	0.960856	1.00058	1.00446	1.0085	1.00552	1.0039	1.00532	1.10606	1.08222	1.07683	1.07829	1.07714	1.08371	1.12841	1.10147	1.09413	1.09328	1.09118	1.10219	1.12173	1.11579	1.11693	1.15307	1.15126	1.15288	1.32815	1.31761	1.31444	1.31631	1.31618	1.31579	1.07032	1.06681	1.06603	1.07925	1.07732	1.07721	1.05683	1.06609	1.06756	1.08411	1.10439	1.10361	1.08526	1.07735	1.07583	1.10723	1.10344	1.09903
ERR605366-k20-n1-x5e9	0.766991	0.872302	0.780756	0	0.775135	0.776139	0.966047	0.958651	0.944876	0.894608	0.901408	0.899498	0.886168	0.888587	0.89486	0.887747	0.887496	0.887311	1.02874	0.940574	1.13112	0.931694	0.955599	0.958022	0.894683	0.965193	0.902196	0.898875	0.899983	0.899041	1.06039	0.95575	0.959541	0.96476	0.954051	0.955214	0.875765	0.878097	0.882604	0.885012	0.883525	0.88526	0.994905	0.966766	0.963947	0.966563	0.966123	0.966532	1.0069	1.01193	1.01512	1.00999	1.01099	1.01047	1.1135	1.08795	1.08214	1.08361	1.08245	1.088	1.13323	1.10724	1.09754	1.0983	1.0967	1.10846	1.12674	1.12055	1.12069	1.15841	1.15633	1.15808	1.33002	1.31904	1.31595	1.31752	1.31741	1.31755	1.07653	1.07327	1.0729	1.08346	1.08143	1.08053	1.0622	1.07248	1.0739	1.09095	1.11125	1.11056	1.09066	1.08246	1.08067	1.11291	1.10842	1.10533
ERR605367-k20-n1-x5e9	0.763069	0.86867	0.776997	0.775135	0	0.772596	0.96284	0.955324	0.942094	0.890254	0.897779	0.897596	0.88188	0.885266	0.891689	0.885082	0.885728	0.883425	1.02725	0.936651	1.12988	0.92847	0.953797	0.952713	0.889547	0.964049	0.899416	0.895348	0.897641	0.895992	1.05799	0.953118	0.955478	0.960834	0.949568	0.952235	0.873322	0.876739	0.879425	0.883632	0.880739	0.881693	0.991632	0.96216	0.960796	0.962366	0.96261	0.96283	1.00484	1.00905	1.01452	1.00974	1.00927	1.00997	1.11105	1.08697	1.08138	1.08227	1.08087	1.08748	1.13137	1.10598	1.09631	1.09596	1.09502	1.10664	1.12638	1.11954	1.12025	1.15749	1.15498	1.15718	1.32966	1.31864	1.31546	1.31751	1.3173	1.31712	1.07418	1.07191	1.07163	1.08124	1.08025	1.07881	1.06179	1.07157	1.07178	1.08956	1.11054	1.10977	1.08883	1.07935	1.08011	1.11136	1.10595	1.10274
ERR605368-k20-n1-x5e9	0.763644	0.871287	0.780463	0.776139	0.772596	0	0.965378	0.958119	0.944503	0.891882	0.90108	0.900541	0.88444	0.885976	0.894467	0.886009	0.886407	0.884543	1.02932	0.938681	1.13076	0.930163	0.954989	0.955017	0.891494	0.964303	0.899259	0.898997	0.89873	0.899134	1.05921	0.955142	0.958236	0.963278	0.951976	0.952665	0.874584	0.875659	0.879574	0.884888	0.880019	0.883535	0.993104	0.964828	0.963244	0.965009	0.964524	0.965075	1.00593	1.01004	1.01302	1.0104	1.0103	1.01021	1.11189	1.08533	1.0818	1.08288	1.0815	1.08693	1.13199	1.10512	1.09649	1.0963	1.09459	1.10621	1.1253	1.11982	1.11923	1.15684	1.15464	1.1573	1.32962	1.31853	1.3157	1.31764	1.3175	1.31712	1.07518	1.07127	1.07242	1.08107	1.07956	1.07895	1.06075	1.07169	1.0725	1.08959	1.11071	1.11003	1.08852	1.0803	1.07957	1.11205	1.10627	1.10361
ERR609837-k20-n1-x5e9	0.951011	1.04112	0.96153	0.966047	0.96284	0.965378	0	0.854054	0.832561	0.767949	0.768999	0.766139	0.89166	0.898734	0.903449	0.897684	0.898136	0.89722	1.02639	0.934764	1.12463	0.924982	0.945878	0.944902	0.907098	1.00166	0.916695	0.917917	0.917914	0.918028	1.02079	0.913873	0.919595	0.924956	0.914026	0.911602	0.935672	0.939701	0.942521	0.947757	0.941944	0.944329	0.954616	0.928612	0.929118	0.928451	0.929411	0.929011	1.076	1.08018	1.08828	1.08173	1.08115	1.082	1.12707	1.09664	1.0915	1.09252	1.09341	1.09941	1.13928	1.12129	1.11088	1.10935	1.10713	1.12242	1.13788	1.132	1.13173	1.17482	1.17363	1.17451	1.3326	1.32143	1.31859	1.32024	1.32034	1.31982	1.09158	1.08646	1.08573	1.10513	1.10177	1.10081	1.07862	1.09163	1.09255	1.1079	1.12089	1.12049	1.10915	1.09647	1.09487	1.13054	1.12745	1.12434
ERR609838-k20-n1-x5e9	0.945789	1.03466	0.952947	0.958651	0.955324	0.958119	0.854054	0	0.821071	0.762225	0.756887	0.756342	0.883703	0.888042	0.89937	0.886588	0.887233	0.886861	1.01903	0.927451	1.12127	0.919505	0.937092	0.937471	0.898789	0.995161	0.911973	0.910551	0.912387	0.910384	1.01241	0.905596	0.910466	0.91496	0.902658	0.902952	0.927932	0.932929	0.937393	0.941103	0.934312	0.937443	0.946085	0.920677	0.922157	0.921197	0.918915	0.918239	1.06906	1.07589	1.08124	1.07692	1.07499	1.07656	1.12061	1.0931	1.08756	1.08927	1.08846	1.09368	1.13474	1.11399	1.10234	1.10164	1.10011	1.11548	1.13362	1.12877	1.12796	1.17056	1.16913	1.17031	1.33101	1.31978	1.31746	1.3187	1.31872	1.31866	1.08729	1.08266	1.08031	1.09682	1.09433	1.09275	1.07082	1.08285	1.0858	1.10256	1.11756	1.11636	1.10031	1.09004	1.08867	1.12506	1.12058	1.11701
ERR609839-k20-n1-x5e9	0.929111	1.01965	0.938196	0.944876	0.942094	0.944503	0.832561	0.821071	0	0.728112	0.738264	0.737872	0.86175	0.8648	0.874517	0.866362	0.865901	0.866905	1.00928	0.911751	1.11327	0.903012	0.918097	0.918177	0.877829	0.980401	0.888012	0.891561	0.89081	0.891513	0.994353	0.882203	0.886061	0.890926	0.875769	0.875642	0.909496	0.914018	0.916584	0.923303	0.913352	0.917684	0.923998	0.896901	0.897503	0.897446	0.898521	0.897857	1.05647	1.0617	1.06864	1.06426	1.06151	1.06348	1.10479	1.08316	1.0776	1.08	1.07789	1.08383	1.12432	1.09851	1.09166	1.09127	1.08872	1.09952	1.12517	1.11945	1.11967	1.15882	1.15696	1.15856	1.32745	1.31721	1.31436	1.31605	1.31594	1.31565	1.07587	1.07243	1.06921	1.08646	1.08543	1.08413	1.05917	1.0679	1.06909	1.08664	1.10402	1.10216	1.08807	1.08104	1.0783	1.11049	1.10703	1.10215
ERR609840-k20-n1-x5e9	0.873475	0.991012	0.885418	0.894608	0.890254	0.891882	0.767949	0.762225	0.728112	0	0.630451	0.634385	0.797213	0.801339	0.817891	0.801964	0.80359	0.803223	0.964482	0.841126	1.08154	0.829472	0.856532	0.855381	0.815315	0.948806	0.830632	0.835041	0.834592	0.834603	0.957799	0.813171	0.821875	0.824968	0.808803	0.810043	0.850671	0.854997	0.86235	0.86763	0.855498	0.862438	0.870742	0.83053	0.832107	0.8304	0.830803	0.830696	1.01011	1.01501	1.01999	1.01547	1.01582	1.01507	1.06346	1.03273	1.02221	1.02262	1.02107	1.03357	1.07699	1.05583	1.04529	1.04506	1.04269	1.05658	1.08368	1.07212	1.07126	1.12219	1.1222	1.12128	1.31608	1.30515	1.30154	1.3036	1.30359	1.30317	1.0259	1.01452	1.01068	1.03803	1.03702	1.03516	1.00895	1.02269	1.02442	1.04005	1.05705	1.05503	1.04594	1.03234	1.03033	1.06793	1.06463	1.06076
ERR609841-k20-n1-x5e9	0.877586	0.990947	0.892061	0.901408	0.897779	0.90108	0.768999	0.756887	0.738264	0.630451	0	0.635301	0.802221	0.807174	0.819665	0.808578	0.805899	0.808395	0.968884	0.852643	1.08625	0.838244	0.864669	0.864895	0.818411	0.946425	0.833576	0.839274	0.837902	0.83953	0.956034	0.818083	0.823602	0.83079	0.812269	0.811604	0.853327	0.859543	0.864996	0.872974	0.859721	0.865289	0.87468	0.835931	0.837919	0.836967	0.837669	0.836597	1.00884	1.01395	1.02091	1.01657	1.01352	1.01682	1.06438	1.03754	1.02886	1.03086	1.02852	1.03923	1.08047	1.06106	1.0503	1.04893	1.04609	1.06227	1.0856	1.07959	1.0779	1.12536	1.12292	1.12385	1.3164	1.30597	1.30245	1.30452	1.30446	1.30411	1.02938	1.02274	1.01854	1.04401	1.04201	1.04166	1.01265	1.02575	1.02824	1.04325	1.05862	1.05638	1.04812	1.03825	1.03542	1.06943	1.06714	1.06446
ERR609842-k20-n1-x5e9	0.876835	0.990665	0.892278	0.899498	0.897596	0.900541	0.766139	0.756342	0.737872	0.634385	0.635301	0	0.798636	0.806357	0.819616	0.80706	0.80525	0.805091	0.969866	0.853896	1.08654	0.838307	0.866932	0.86405	0.815977	0.945731	0.83316	0.839316	0.837222	0.837052	0.954982	0.81911	0.823409	0.830022	0.811628	0.811795	0.853009	0.858645	0.865404	0.871599	0.858441	0.862345	0.87552	0.837578	0.83876	0.837528	0.837103	0.836572	1.00803	1.01356	1.02031	1.01555	1.01382	1.0154	1.06318	1.03837	1.0309	1.0318	1.0297	1.0405	1.0786	1.05917	1.05013	1.05017	1.04741	1.06024	1.08577	1.07956	1.07784	1.12517	1.12387	1.12435	1.31644	1.30587	1.30249	1.30458	1.30459	1.30411	1.03053	1.02332	1.01937	1.04456	1.04143	1.04138	1.01289	1.0265	1.0275	1.0425	1.05816	1.05554	1.04875	1.03697	1.03499	1.07024	1.0666	1.06356
ERR605521-k20-n1-x5e9	0.869681	0.971766	0.880897	0.886168	0.88188	0.88444	0.89166	0.883703	0.86175	0.797213	0.802221	0.798636	0	0.711691	0.72758	0.715968	0.713658	0.716164	1.00929	0.899827	1.11491	0.889147	0.916209	0.917727	0.835444	0.943623	0.851222	0.853323	0.85116	0.854043	1.01344	0.889713	0.892674	0.897895	0.890312	0.890153	0.867658	0.870421	0.87687	0.882931	0.871758	0.877582	0.938034	0.907392	0.909236	0.906952	0.905832	0.90524	1.00823	1.01508	1.022	1.01617	1.01557	1.01453	1.10521	1.08017	1.07269	1.07406	1.07295	1.08117	1.11718	1.09815	1.09141	1.09082	1.08791	1.09948	1.12463	1.11692	1.1162	1.15598	1.15437	1.15606	1.32712	1.31754	1.31448	1.31608	1.31594	1.31595	1.07397	1.06711	1.06623	1.08512	1.08342	1.08103	1.05977	1.07194	1.07277	1.08438	1.10235	1.09959	1.08906	1.07627	1.07541	1.10609	1.10353	1.09956
ERR605522-k20-n1-x5e9	0.876644	0.966353	0.882189	0.888587	0.885266	0.885976	0.898734	0.888042	0.8648	0.801339	0.807174	0.806357	0.711691	0	0.739483	0.722255	0.722568	0.722978	1.01652	0.910862	1.11772	0.895234	0.923025	0.922412	0.839414	0.944257	0.856393	0.854973	0.856476	0.855754	1.01596	0.894394	0.898796	0.904293	0.894673	0.892581	0.868976	0.876685	0.881459	0.886404	0.878551	0.884298	0.941975	0.911075	0.911665	0.910352	0.908207	0.907823	1.01186	1.01688	1.02441	1.0182	1.01885	1.01786	1.10806	1.08512	1.07823	1.07965	1.07869	1.08712	1.12232	1.10207	1.09573	1.09497	1.09425	1.10299	1.12737	1.11993	1.12097	1.15827	1.15722	1.158	1.3277	1.31917	1.3153	1.31757	1.31747	1.31698	1.0784	1.07364	1.07098	1.09019	1.08927	1.08693	1.0644	1.07346	1.07497	1.0867	1.10678	1.10392	1.09062	1.08081	1.07931	1.10788	1.10461	1.10237
ERR605523-k20-n1-x5e9	0.88283	0.967004	0.889005	0.89486	0.891689	0.894467	0.903449	0.89937	0.874517	0.817891	0.819665	0.819616	0.72758	0.739483	0	0.738416	0.739361	0.73813	1.02127	0.92195	1.12254	0.910694	0.933681	0.932914	0.853346	0.943797	0.862585	0.861739	0.863868	0.862395	1.01976	0.904557	0.912435	0.919864	0.905812	0.90445	0.881642	0.884616	0.887802	0.894643	0.886328	0.890584	0.952816	0.922087	0.921671	0.922244	0.919086	0.918758	1.01888	1.02469	1.0258	1.02444	1.02624	1.0238	1.1145	1.09515	1.08566	1.08654	1.08583	1.09604	1.13225	1.1084	1.10233	1.10124	1.10035	1.10956	1.13585	1.12812	1.12754	1.16452	1.16196	1.16308	1.33005	1.32062	1.31796	1.3198	1.31975	1.31964	1.08845	1.08028	1.07841	1.09676	1.09501	1.09337	1.0704	1.08092	1.07996	1.09421	1.11588	1.11312	1.09738	1.0884	1.08673	1.11453	1.10988	1.10843
ERR605524-k20-n1-x5e9	0.876801	0.967274	0.883075	0.887747	0.885082	0.886009	0.897684	0.886588	0.866362	0.801964	0.808578	0.80706	0.715968	0.722255	0.738416	0	0.71796	0.722441	1.01367	0.912642	1.11728	0.895954	0.922822	0.924575	0.840973	0.943524	0.85643	0.854237	0.854473	0.855151	1.01699	0.895803	0.899051	0.90738	0.89621	0.895778	0.872147	0.878523	0.882478	0.884413	0.880907	0.885412	0.943983	0.910693	0.912796	0.909886	0.910835	0.910679	1.01221	1.01888	1.02411	1.01917	1.01826	1.0182	1.10867	1.0855	1.07835	1.07976	1.07792	1.08636	1.12493	1.10275	1.09571	1.09539	1.09421	1.10378	1.12831	1.12107	1.12082	1.15827	1.15717	1.15778	1.32814	1.31913	1.31555	1.31758	1.3173	1.31732	1.07994	1.07323	1.07222	1.0902	1.08953	1.08852	1.06557	1.07506	1.07618	1.08693	1.10806	1.10603	1.0914	1.08267	1.08024	1.10765	1.10416	1.10316
ERR605525-k20-n1-x5e9	0.875685	0.967984	0.882648	0.887496	0.885728	0.886407	0.898136	0.887233	0.865901	0.80359	0.805899	0.80525	0.713658	0.722568	0.739361	0.71796	0	0.717598	1.01468	0.910435	1.11731	0.894602	0.923802	0.921726	0.84055	0.943128	0.857521	0.854131	0.855595	0.854421	1.01629	0.894586	0.898831	0.90631	0.895309	0.895341	0.870145	0.876412	0.883727	0.886203	0.878937	0.884368	0.942359	0.909971	0.913876	0.90962	0.910066	0.910168	1.01142	1.01689	1.02529	1.01754	1.01746	1.01744	1.10798	1.08379	1.07718	1.07827	1.07724	1.08588	1.12288	1.10237	1.095	1.09446	1.09313	1.10324	1.12679	1.12104	1.12128	1.15736	1.15677	1.15769	1.32768	1.31884	1.31536	1.31742	1.31743	1.31666	1.07789	1.07184	1.0706	1.08966	1.08792	1.08711	1.06447	1.07422	1.07456	1.08629	1.10728	1.10548	1.08995	1.08059	1.07883	1.10726	1.10375	1.10148
ERR605526-k20-n1-x5e9	0.876481	0.96502	0.882773	0.887311	0.883425	0.884543	0.89722	0.886861	0.866905	0.803223	0.808395	0.805091	0.716164	0.722978	0.73813	0.722441	0.717598	0	1.01349	0.9095	1.11708	0.893081	0.922904	0.925013	0.842453	0.943773	0.856446	0.854725	0.854877	0.855407	1.01811	0.89375	0.8999	0.907668	0.896991	0.896703	0.869953	0.878231	0.881914	0.88377	0.881502	0.883777	0.943336	0.911214	0.911602	0.910931	0.911072	0.91114	1.01284	1.01947	1.02377	1.01873	1.01834	1.01864	1.10923	1.08576	1.07709	1.07987	1.07836	1.08705	1.12447	1.10324	1.09502	1.09392	1.0934	1.1043	1.12805	1.12123	1.12048	1.15809	1.15675	1.15794	1.32788	1.31921	1.31554	1.3174	1.31744	1.31725	1.0786	1.07334	1.07191	1.08969	1.08955	1.08769	1.06548	1.07491	1.07614	1.08678	1.10816	1.10649	1.09165	1.08139	1.0809	1.10748	1.10424	1.10244
ERR610087-k20-n1-x5e9	1.01903	1.11436	1.028	1.02874	1.02725	1.02932	1.02639	1.01903	1.00928	0.964482	0.968884	0.969866	1.00929	1.01652	1.02127	1.01367	1.01468	1.01349	0	0.901151	1.09606	0.896857	0.921505	0.922867	1.03363	1.11989	1.0427	1.04133	1.04162	1.04118	1.11254	1.01722	1.02234	1.02991	1.02104	1.02088	1.0219	1.02615	1.02958	1.03222	1.03153	1.03335	1.04393	1.02229	1.01997	1.02187	1.0197	1.02009	1.13104	1.1371	1.14451	1.13737	1.13671	1.13667	1.15355	1.13357	1.12664	1.12655	1.12649	1.13491	1.16938	1.14984	1.14346	1.14276	1.14198	1.15035	1.16841	1.16273	1.16231	1.19188	1.1902	1.19178	1.33997	1.33105	1.32819	1.3303	1.33014	1.32995	1.128	1.12223	1.12212	1.13379	1.13117	1.13079	1.12552	1.13438	1.13489	1.14171	1.16519	1.16144	1.14902	1.14064	1.14087	1.16133	1.1572	1.1553
ERR610088-k20-n1-x5e9	0.921382	1.05003	0.936165	0.940574	0.936651	0.938681	0.934764	0.927451	0.911751	0.841126	0.852643	0.853896	0.899827	0.910862	0.92195	0.912642	0.910435	0.9095	0.901151	0	1.04289	0.755684	0.804002	0.802157	0.936251	1.05774	0.951344	0.950735	0.949775	0.950611	1.04048	0.907603	0.91594	0.92563	0.910034	0.910795	0.917774	0.928551	0.932342	0.935877	0.934934	0.936193	0.9508	0.914061	0.912902	0.913216	0.914319	0.91484	1.06026	1.06847	1.07458	1.06945	1.06726	1.06973	1.08208	1.05637	1.04718	1.04696	1.04638	1.05897	1.10477	1.07686	1.06917	1.06887	1.06704	1.078	1.10099	1.09315	1.09292	1.13231	1.13017	1.13172	1.32221	1.31146	1.30796	1.31041	1.31041	1.30976	1.04765	1.04019	1.04004	1.05653	1.05435	1.05191	1.0477	1.05887	1.05828	1.06909	1.10081	1.09576	1.07827	1.06936	1.07041	1.09319	1.08852	1.08633
ERR610089-k20-n1-x5e9	1.12212	1.18412	1.12864	1.13112	1.12988	1.13076	1.12463	1.12127	1.11327	1.08154	1.08625	1.08654	1.11491	1.11772	1.12254	1.11728	1.11731	1.11708	1.09606	1.04289	0	1.04077	1.0537	1.05371	1.12978	1.1865	1.1352	1.13561	1.1357	1.13539	1.18403	1.12235	1.12549	1.12868	1.1232	1.12345	1.12195	1.12488	1.12646	1.12957	1.12662	1.12814	1.14019	1.12566	1.12563	1.1261	1.12525	1.12564	1.20704	1.21144	1.21573	1.21172	1.21117	1.2115	1.22093	1.20618	1.20157	1.20221	1.20196	1.20709	1.23173	1.21966	1.2138	1.21417	1.21291	1.22021	1.23057	1.22659	1.22634	1.24988	1.24926	1.24961	1.35765	1.35114	1.34897	1.35033	1.35033	1.35014	1.20168	1.1983	1.19783	1.20698	1.20611	1.20496	1.2	1.20707	1.20708	1.21394	1.22659	1.22472	1.2169	1.21092	1.21089	1.22783	1.22544	1.22341
ERR610090-k20-n1-x5e9	0.911519	1.04755	0.927993	0.931694	0.92847	0.930163	0.924982	0.919505	0.903012	0.829472	0.838244	0.838307	0.889147	0.895234	0.910694	0.895954	0.894602	0.893081	0.896857	0.755684	1.04077	0	0.789422	0.790755	0.923352	1.05314	0.942014	0.943931	0.941411	0.943921	1.03466	0.899477	0.903933	0.911215	0.901426	0.900241	0.907447	0.914916	0.921613	0.928583	0.921589	0.926519	0.942917	0.904714	0.906774	0.904301	0.904721	0.905819	1.05197	1.06081	1.06979	1.06067	1.06013	1.05909	1.07784	1.04752	1.03968	1.04008	1.03832	1.04925	1.09407	1.07167	1.06337	1.06266	1.05886	1.07302	1.0957	1.08728	1.0876	1.12865	1.12676	1.12791	1.32052	1.30957	1.30598	1.30782	1.30789	1.30775	1.03846	1.03208	1.0329	1.05024	1.04745	1.04553	1.03929	1.05414	1.05313	1.06367	1.0912	1.08653	1.07318	1.05897	1.06001	1.08968	1.08506	1.082
ERR610091-k20-n1-x5e9	0.9347	1.05515	0.947961	0.955599	0.953797	0.954989	0.945878	0.937092	0.918097	0.856532	0.864669	0.866932	0.916209	0.923025	0.933681	0.922822	0.923802	0.922904	0.921505	0.804002	1.0537	0.789422	0	0.803731	0.94496	1.06101	0.958193	0.961122	0.961907	0.961157	1.03065	0.921505	0.922827	0.927865	0.913867	0.914599	0.931154	0.936502	0.942294	0.946804	0.935194	0.938106	0.955996	0.929437	0.928916	0.929362	0.927654	0.927734	1.06697	1.07331	1.08223	1.07554	1.07347	1.0746	1.08867	1.06539	1.06213	1.06341	1.06139	1.06698	1.11037	1.08576	1.07731	1.0784	1.07556	1.08574	1.10692	1.10269	1.10256	1.14268	1.14	1.14235	1.32385	1.31318	1.31036	1.31255	1.31216	1.31177	1.0565	1.05419	1.05141	1.06476	1.06508	1.06478	1.05315	1.06101	1.06264	1.08013	1.09999	1.09672	1.08383	1.07561	1.07252	1.10571	1.10059	1.09718
ERR610092-k20-n1-x5e9	0.935786	1.05708	0.948631	0.958022	0.952713	0.955017	0.944902	0.937471	0.918177	0.855381	0.864895	0.86405	0.917727	0.922412	0.932914	0.924575	0.921726	0.925013	0.922867	0.802157	1.05371	0.790755	0.803731	0	0.945277	1.06092	0.958742	0.960465	0.960706	0.960428	1.03271	0.919321	0.921821	0.927596	0.911672	0.913127	0.930932	0.934838	0.943507	0.94787	0.935292	0.938853	0.954917	0.927631	0.927387	0.927737	0.926521	0.926879	1.06674	1.07366	1.0813	1.0749	1.07375	1.07468	1.08915	1.06613	1.06104	1.06257	1.0613	1.0664	1.11153	1.0844	1.07714	1.07799	1.07627	1.08477	1.10823	1.10368	1.10177	1.14247	1.13906	1.14181	1.3237	1.31319	1.31029	1.31235	1.31198	1.31168	1.05678	1.0535	1.05151	1.06573	1.06591	1.06479	1.05219	1.06219	1.06299	1.07985	1.10049	1.09779	1.08426	1.07568	1.07407	1.10503	1.10042	1.09621
ERR605399-k20-n1-x5e9	0.877285	0.972108	0.887582	0.894683	0.889547	0.891494	0.907098	0.898789	0.877829	0.815315	0.818411	0.815977	0.835444	0.839414	0.853346	0.840973	0.84055	0.842453	1.03363	0.936251	1.12978	0.923352	0.94496	0.945277	0	0.863742	0.749538	0.752645	0.755158	0.752702	1.00463	0.879104	0.883752	0.889317	0.879004	0.879958	0.863342	0.868621	0.874774	0.881477	0.869971	0.875321	0.930446	0.898488	0.901121	0.898597	0.899929	0.899177	0.999636	1.00443	1.01241	1.00586	1.00571	1.00603	1.10831	1.08414	1.07684	1.07913	1.07831	1.08649	1.1204	1.10061	1.09455	1.09376	1.0922	1.10237	1.12543	1.12035	1.11851	1.15755	1.15577	1.15665	1.32743	1.3183	1.315	1.31685	1.31683	1.31643	1.07717	1.07206	1.07011	1.09092	1.08772	1.0871	1.05912	1.07031	1.07086	1.08394	1.1025	1.09984	1.08942	1.07957	1.07762	1.1074	1.1051	1.10177
ERR605400-k20-n1-x5e9	0.963752	1.0017	0.96265	0.965193	0.964049	0.964303	1.00166	0.995161	0.980401	0.948806	0.946425	0.945731	0.943623	0.944257	0.943797	0.943524	0.943128	0.943773	1.11989	1.05774	1.1865	1.05314	1.06101	1.06092	0.863742	0	0.865285	0.866038	0.866854	0.866029	1.09779	1.02049	1.02568	1.02811	1.0194	1.0197	0.958602	0.957753	0.957676	0.961056	0.957521	0.958529	1.05327	1.03644	1.03761	1.03612	1.03609	1.03628	1.07574	1.07802	1.07988	1.0785	1.07899	1.07865	1.18819	1.17269	1.16746	1.16847	1.16724	1.17342	1.19701	1.18348	1.17821	1.17715	1.17608	1.18362	1.20105	1.19579	1.19577	1.22377	1.22246	1.22344	1.34813	1.34163	1.3393	1.34061	1.34053	1.34037	1.16751	1.163	1.16163	1.17454	1.17381	1.17293	1.14167	1.1499	1.15037	1.16058	1.1709	1.17154	1.16423	1.15879	1.15608	1.17898	1.17745	1.17578
ERR605401-k20-n1-x5e9	0.887916	0.972594	0.894851	0.902196	0.899416	0.899259	0.916695	0.911973	0.888012	0.830632	0.833576	0.83316	0.851222	0.856393	0.862585	0.85643	0.857521	0.856446	1.0427	0.951344	1.1352	0.942014	0.958193	0.958742	0.749538	0.865285	0	0.765481	0.767804	0.765211	1.00958	0.895493	0.905041	0.908387	0.891866	0.891485	0.877818	0.879745	0.882643	0.889185	0.879228	0.88357	0.944383	0.912302	0.91704	0.912584	0.913439	0.912538	1.00723	1.0128	1.01473	1.01271	1.01464	1.01296	1.116	1.09662	1.08834	1.0905	1.08953	1.09832	1.13195	1.10931	1.10326	1.10352	1.10024	1.10985	1.13535	1.12799	1.12796	1.16434	1.16345	1.16464	1.32999	1.32077	1.31841	1.32022	1.32021	1.31998	1.09064	1.08232	1.08084	1.09886	1.09754	1.09589	1.06872	1.07952	1.07875	1.09184	1.11304	1.11141	1.09641	1.08853	1.08732	1.11469	1.11132	1.10867
ERR605402-k20-n1-x5e9	0.887077	0.968928	0.894819	0.898875	0.895348	0.898997	0.917917	0.910551	0.891561	0.835041	0.839274	0.839316	0.853323	0.854973	0.861739	0.854237	0.854131	0.854725	1.04133	0.950735	1.13561	0.943931	0.961122	0.960465	0.752645	0.866038	0.765481	0	0.764512	0.764469	1.01658	0.902616	0.912194	0.913227	0.89849	0.898971	0.879704	0.880283	0.884454	0.887595	0.881202	0.885577	0.949604	0.916083	0.917797	0.915534	0.916885	0.916443	1.01211	1.01464	1.01785	1.01512	1.01488	1.01438	1.11952	1.0972	1.09096	1.09204	1.09051	1.09787	1.13584	1.10992	1.10502	1.10307	1.10228	1.11131	1.13819	1.13056	1.1298	1.16623	1.16505	1.16628	1.33124	1.32141	1.31908	1.31994	1.31999	1.32006	1.09235	1.08491	1.08384	1.10023	1.09897	1.09645	1.07093	1.08123	1.07969	1.09409	1.11589	1.11577	1.09808	1.0886	1.08789	1.11659	1.11286	1.11013
ERR605403-k20-n1-x5e9	0.887053	0.971485	0.895837	0.899983	0.897641	0.89873	0.917914	0.912387	0.89081	0.834592	0.837902	0.837222	0.85116	0.856476	0.863868	0.854473	0.855595	0.854877	1.04162	0.949775	1.1357	0.941411	0.961907	0.960706	0.755158	0.866854	0.767804	0.764512	0	0.764456	1.01616	0.901552	0.909977	0.912075	0.89638	0.898558	0.880886	0.87988	0.884632	0.888662	0.881752	0.885215	0.947466	0.916372	0.91716	0.915884	0.914312	0.913913	1.01051	1.01366	1.0173	1.01484	1.01523	1.01401	1.11728	1.09621	1.08944	1.09051	1.08812	1.09736	1.13425	1.10937	1.10268	1.1024	1.10231	1.11082	1.13661	1.12937	1.12905	1.16571	1.16342	1.16523	1.33069	1.32088	1.31834	1.32	1.31999	1.31956	1.09068	1.08269	1.082	1.09919	1.09709	1.09524	1.06963	1.07909	1.07949	1.09345	1.11492	1.11342	1.09761	1.08888	1.08714	1.11613	1.11129	1.10836
ERR605404-k20-n1-x5e9	0.887706	0.969214	0.895185	0.899041	0.895992	0.899134	0.918028	0.910384	0.891513	0.834603	0.83953	0.837052	0.854043	0.855754	0.862395	0.855151	0.854421	0.855407	1.04118	0.950611	1.13539	0.943921	0.961157	0.960428	0.752702	0.866029	0.765211	0.764469	0.764456	0	1.01615	0.902211	0.911914	0.912625	0.898048	0.897532	0.879625	0.879944	0.884176	0.887278	0.881007	0.885323	0.948756	0.915636	0.917466	0.914972	0.916359	0.915896	1.01147	1.01428	1.01749	1.01478	1.01371	1.01401	1.11887	1.09694	1.09013	1.09187	1.09002	1.09739	1.13536	1.10954	1.10486	1.10261	1.10199	1.11076	1.13776	1.12997	1.12948	1.16603	1.16464	1.16581	1.33116	1.32132	1.31901	1.31986	1.31994	1.31984	1.09154	1.08454	1.08341	1.0999	1.09839	1.09614	1.07034	1.08019	1.07926	1.09357	1.11509	1.11525	1.09791	1.08832	1.08729	1.11588	1.11262	1.1092
ERR606660-k20-n1-x5e9	1.0477	1.13234	1.05249	1.06039	1.05799	1.05921	1.02079	1.01241	0.994353	0.957799	0.956034	0.954982	1.01344	1.01596	1.01976	1.01699	1.01629	1.01811	1.11254	1.04048	1.18403	1.03466	1.03065	1.03271	1.00463	1.09779	1.00958	1.01658	1.01616	1.01615	0	0.887835	0.893149	0.896442	0.886917	0.883428	1.04447	1.04667	1.04909	1.05465	1.0415	1.04385	1.00186	0.996621	1.0008	0.998304	0.998466	0.997255	1.14224	1.14656	1.15274	1.14883	1.14688	1.14845	1.16788	1.15694	1.15115	1.15444	1.15293	1.15699	1.17856	1.16749	1.1625	1.16335	1.16081	1.16789	1.18441	1.18002	1.17807	1.21058	1.20919	1.21019	1.34031	1.33438	1.33252	1.33367	1.33367	1.33351	1.14825	1.14528	1.14129	1.15881	1.15832	1.15768	1.13916	1.14583	1.14714	1.15708	1.16531	1.16337	1.16226	1.15782	1.15374	1.17699	1.17587	1.17412
ERR606661-k20-n1-x5e9	0.929303	1.05908	0.946704	0.95575	0.953118	0.955142	0.913873	0.905596	0.882203	0.813171	0.818083	0.81911	0.889713	0.894394	0.904557	0.895803	0.894586	0.89375	1.01722	0.907603	1.12235	0.899477	0.921505	0.919321	0.879104	1.02049	0.895493	0.902616	0.901552	0.902211	0.887835	0	0.731507	0.73757	0.730459	0.731694	0.927231	0.93163	0.937181	0.944297	0.931091	0.934932	0.898898	0.873237	0.883707	0.872265	0.872774	0.871729	1.05823	1.06637	1.07442	1.06764	1.06611	1.06717	1.0908	1.06694	1.05949	1.0622	1.05872	1.06811	1.10095	1.08569	1.07749	1.07709	1.07384	1.08648	1.10895	1.10223	1.10115	1.14476	1.14384	1.14508	1.32142	1.31179	1.30877	1.3106	1.31049	1.31019	1.0574	1.05052	1.04864	1.06988	1.0677	1.06711	1.04603	1.05804	1.06026	1.07221	1.08725	1.08448	1.08229	1.07098	1.07016	1.10104	1.09723	1.09608
ERR606662-k20-n1-x5e9	0.938352	1.06384	0.951257	0.959541	0.955478	0.958236	0.919595	0.910466	0.886061	0.821875	0.823602	0.823409	0.892674	0.898796	0.912435	0.899051	0.898831	0.8999	1.02234	0.91594	1.12549	0.903933	0.922827	0.921821	0.883752	1.02568	0.905041	0.912194	0.909977	0.911914	0.893149	0.731507	0	0.741129	0.732628	0.732403	0.93112	0.938838	0.944929	0.953141	0.939074	0.942567	0.905075	0.874714	0.881221	0.875145	0.876667	0.875522	1.06446	1.07024	1.07953	1.07246	1.07138	1.07238	1.0937	1.07074	1.06455	1.06707	1.06554	1.07218	1.10559	1.08947	1.08203	1.08207	1.07922	1.08986	1.11235	1.10628	1.10507	1.1481	1.14603	1.14791	1.32194	1.31291	1.31017	1.31161	1.31152	1.31129	1.0619	1.05568	1.05367	1.07635	1.07319	1.07276	1.05163	1.06366	1.06233	1.07641	1.09327	1.08853	1.08756	1.07653	1.07382	1.10489	1.10197	1.09886
ERR606663-k20-n1-x5e9	0.948798	1.06418	0.956839	0.96476	0.960834	0.963278	0.924956	0.91496	0.890926	0.824968	0.83079	0.830022	0.897895	0.904293	0.919864	0.90738	0.90631	0.907668	1.02991	0.92563	1.12868	0.911215	0.927865	0.927596	0.889317	1.02811	0.908387	0.913227	0.912075	0.912625	0.896442	0.73757	0.741129	0	0.728376	0.731806	0.936774	0.946197	0.952699	0.957725	0.943388	0.948039	0.906066	0.876649	0.883649	0.877729	0.878297	0.877276	1.06594	1.07312	1.08134	1.0754	1.0742	1.07545	1.09587	1.07635	1.0687	1.07134	1.06855	1.07672	1.1102	1.09115	1.08403	1.08565	1.08472	1.09225	1.11536	1.10848	1.10738	1.15004	1.14813	1.14987	1.32255	1.31404	1.3108	1.31271	1.31258	1.31239	1.06547	1.06098	1.05831	1.07887	1.08007	1.07763	1.05642	1.06522	1.06606	1.07852	1.09715	1.09249	1.08925	1.08086	1.07801	1.10676	1.10396	1.10194
ERR606664-k20-n1-x5e9	0.931629	1.05736	0.944098	0.954051	0.949568	0.951976	0.914026	0.902658	0.875769	0.808803	0.812269	0.811628	0.890312	0.894673	0.905812	0.89621	0.895309	0.896991	1.02104	0.910034	1.1232	0.901426	0.913867	0.911672	0.879004	1.0194	0.891866	0.89849	0.89638	0.898048	0.886917	0.730459	0.732628	0.728376	0	0.73884	0.926982	0.930977	0.937739	0.944232	0.92962	0.933697	0.893685	0.877369	0.876088	0.877713	0.878695	0.877402	1.05633	1.06271	1.07186	1.06526	1.06313	1.06501	1.09135	1.06533	1.05823	1.06136	1.06025	1.06592	1.09971	1.08455	1.07477	1.07506	1.07399	1.08556	1.10746	1.09984	1.09906	1.14498	1.14407	1.14329	1.32091	1.31162	1.30849	1.30997	1.30994	1.30998	1.05611	1.05074	1.04676	1.06812	1.06811	1.06697	1.04411	1.05515	1.05571	1.07216	1.08379	1.07995	1.07948	1.0701	1.06836	1.10004	1.09915	1.09579
ERR606665-k20-n1-x5e9	0.93003	1.05758	0.943366	0.955214	0.952235	0.952665	0.911602	0.902952	0.875642	0.810043	0.811604	0.811795	0.890153	0.892581	0.90445	0.895778	0.895341	0.896703	1.02088	0.910795	1.12345	0.900241	0.914599	0.913127	0.879958	1.0197	0.891485	0.898971	0.898558	0.897532	0.883428	0.731694	0.732403	0.731806	0.73884	0	0.927863	0.932293	0.936022	0.943623	0.9295	0.931573	0.894936	0.88059	0.87783	0.881311	0.879054	0.877693	1.0581	1.06397	1.07329	1.0655	1.06418	1.0652	1.09012	1.06624	1.05906	1.06116	1.06046	1.06672	1.09972	1.08602	1.07605	1.07524	1.07384	1.08688	1.10773	1.10058	1.10021	1.14515	1.14398	1.14402	1.32091	1.312	1.30844	1.31055	1.31041	1.30991	1.05679	1.05041	1.04654	1.06863	1.06743	1.06766	1.04542	1.05457	1.05716	1.07212	1.08323	1.07993	1.07985	1.07052	1.06918	1.10085	1.09888	1.09611
ERR605647-k20-n1-x5e9	0.859793	0.961389	0.868079	0.875765	0.873322	0.874584	0.935672	0.927932	0.909496	0.850671	0.853327	0.853009	0.867658	0.868976	0.881642	0.872147	0.870145	0.869953	1.0219	0.917774	1.12195	0.907447	0.931154	0.930932	0.863342	0.958602	0.877818	0.879704	0.880886	0.879625	1.04447	0.927231	0.93112	0.936774	0.926982	0.927863	0	0.735952	0.748918	0.75869	0.742844	0.752415	0.957296	0.926376	0.929175	0.926218	0.926687	0.927151	0.980022	0.986236	0.993863	0.986909	0.986759	0.987408	1.06026	1.03212	1.02656	1.02868	1.02714	1.03469	1.08197	1.06207	1.05578	1.05445	1.05089	1.06174	1.07865	1.07126	1.07136	1.11345	1.11212	1.11301	1.3166	1.3068	1.30284	1.30499	1.30481	1.30459	1.02269	1.01791	1.01771	1.03645	1.0329	1.03308	1.01174	1.02566	1.02617	1.04025	1.06086	1.05894	1.05172	1.03691	1.03664	1.0701	1.06615	1.06553
ERR605648-k20-n1-x5e9	0.862127	0.958077	0.87119	0.878097	0.876739	0.875659	0.939701	0.932929	0.914018	0.854997	0.859543	0.858645	0.870421	0.876685	0.884616	0.878523	0.876412	0.878231	1.02615	0.928551	1.12488	0.914916	0.936502	0.934838	0.868621	0.957753	0.879745	0.880283	0.87988	0.879944	1.04667	0.93163	0.938838	0.946197	0.930977	0.932293	0.735952	0	0.751544	0.762374	0.751436	0.754064	0.962284	0.932039	0.934551	0.93188	0.931884	0.932221	0.984066	0.991015	0.992744	0.991953	0.991501	0.991983	1.06473	1.04161	1.03201	1.03438	1.03252	1.0426	1.0898	1.06584	1.05819	1.05774	1.05584	1.06629	1.08392	1.07622	1.07545	1.11732	1.11484	1.11685	1.31786	1.3089	1.30492	1.30697	1.30671	1.30667	1.02972	1.02379	1.02357	1.04033	1.03811	1.03948	1.01714	1.02864	1.02812	1.04401	1.06632	1.06561	1.05239	1.04535	1.04216	1.07306	1.06983	1.06734
ERR605649-k20-n1-x5e9	0.867493	0.958778	0.872953	0.882604	0.879425	0.879574	0.942521	0.937393	0.916584	0.86235	0.864996	0.865404	0.87687	0.881459	0.887802	0.882478	0.883727	0.881914	1.02958	0.932342	1.12646	0.921613	0.942294	0.943507	0.874774	0.957676	0.882643	0.884454	0.884632	0.884176	1.04909	0.937181	0.944929	0.952699	0.937739	0.936022	0.748918	0.751544	0	0.765888	0.757233	0.761549	0.966106	0.938044	0.938727	0.937927	0.9367	0.937422	0.985842	0.993484	0.994385	0.994605	0.993725	0.992992	1.06582	1.04364	1.03491	1.03702	1.03516	1.04593	1.09268	1.06691	1.06144	1.06054	1.05883	1.06753	1.08659	1.07904	1.07826	1.11908	1.11725	1.1189	1.31853	1.30889	1.30535	1.30795	1.30777	1.30724	1.0331	1.02611	1.0259	1.04188	1.04068	1.0409	1.0202	1.03057	1.03176	1.04675	1.06957	1.0688	1.05506	1.04524	1.04418	1.07502	1.07089	1.06925
ERR605650-k20-n1-x5e9	0.871642	0.959521	0.878952	0.885012	0.883632	0.884888	0.947757	0.941103	0.923303	0.86763	0.872974	0.871599	0.882931	0.886404	0.894643	0.884413	0.886203	0.88377	1.03222	0.935877	1.12957	0.928583	0.946804	0.94787	0.881477	0.961056	0.889185	0.887595	0.888662	0.887278	1.05465	0.944297	0.953141	0.957725	0.944232	0.943623	0.75869	0.762374	0.765888	0	0.761978	0.767094	0.972725	0.942615	0.942302	0.942504	0.941771	0.941923	0.992482	0.995472	0.998428	0.995536	0.99693	0.995484	1.07193	1.04855	1.03899	1.04151	1.04007	1.04915	1.0986	1.07183	1.06496	1.06481	1.06251	1.07194	1.0919	1.08427	1.08362	1.1232	1.12161	1.12294	1.32048	1.30982	1.30698	1.30861	1.30857	1.30842	1.04071	1.03235	1.03169	1.04761	1.04523	1.04512	1.02601	1.03721	1.03676	1.05197	1.07532	1.07524	1.05849	1.04904	1.0471	1.0794	1.07468	1.07289
ERR605651-k20-n1-x5e9	0.867233	0.959793	0.874242	0.883525	0.880739	0.880019	0.941944	0.934312	0.913352	0.855498	0.859721	0.858441	0.871758	0.878551	0.886328	0.880907	0.878937	0.881502	1.03153	0.934934	1.12662	0.921589	0.935194	0.935292	0.869971	0.957521	0.879228	0.881202	0.881752	0.881007	1.0415	0.931091	0.939074	0.943388	0.92962	0.9295	0.742844	0.751436	0.757233	0.761978	0	0.748942	0.963024	0.937018	0.938351	0.937182	0.936758	0.936893	0.984739	0.990678	0.991959	0.991691	0.991173	0.991884	1.06383	1.04284	1.03422	1.03767	1.03589	1.04469	1.08964	1.06808	1.05981	1.06071	1.05771	1.06767	1.08481	1.07658	1.07594	1.1187	1.11642	1.11826	1.31767	1.30893	1.30543	1.30753	1.30726	1.30712	1.0323	1.02671	1.02424	1.0424	1.04172	1.04209	1.01894	1.02947	1.0291	1.04582	1.06309	1.06197	1.0541	1.04594	1.04251	1.07531	1.0725	1.07009
ERR605652-k20-n1-x5e9	0.870018	0.959505	0.877252	0.88526	0.881693	0.883535	0.944329	0.937443	0.917684	0.862438	0.865289	0.862345	0.877582	0.884298	0.890584	0.885412	0.884368	0.883777	1.03335	0.936193	1.12814	0.926519	0.938106	0.938853	0.875321	0.958529	0.88357	0.885577	0.885215	0.885323	1.04385	0.934932	0.942567	0.948039	0.933697	0.931573	0.752415	0.754064	0.761549	0.767094	0.748942	0	0.965971	0.940759	0.942789	0.941265	0.94059	0.940794	0.985223	0.992024	0.994159	0.994324	0.992844	0.994627	1.06674	1.04549	1.03612	1.03913	1.03777	1.04793	1.09183	1.06944	1.06188	1.06227	1.05948	1.07002	1.0865	1.08005	1.07804	1.11977	1.11786	1.11984	1.31864	1.30921	1.3059	1.30827	1.30796	1.30763	1.03585	1.02926	1.02627	1.0441	1.04316	1.04326	1.01962	1.03067	1.03115	1.04677	1.06547	1.0654	1.05508	1.04657	1.04551	1.07609	1.07318	1.07086
ERR607373-k20-n1-x5e9	0.977767	1.0887	0.986954	0.994905	0.991632	0.993104	0.954616	0.946085	0.923998	0.870742	0.87468	0.87552	0.938034	0.941975	0.952816	0.943983	0.942359	0.943336	1.04393	0.9508	1.14019	0.942917	0.955996	0.954917	0.930446	1.05327	0.944383	0.949604	0.947466	0.948756	1.00186	0.898898	0.905075	0.906066	0.893685	0.894936	0.957296	0.962284	0.966106	0.972725	0.963024	0.965971	0	0.769699	0.773272	0.772976	0.771792	0.770698	1.07964	1.08461	1.09388	1.087	1.08675	1.0872	1.08825	1.06776	1.06221	1.06458	1.06219	1.06829	1.10903	1.08372	1.0759	1.07608	1.07448	1.08461	1.10803	1.10354	1.10279	1.14288	1.1408	1.14317	1.32097	1.31131	1.30868	1.30993	1.31008	1.30975	1.05934	1.05642	1.05322	1.06887	1.06887	1.06692	1.07026	1.07952	1.07829	1.09526	1.11529	1.11223	1.08084	1.07418	1.07166	1.10197	1.09581	1.09244
ERR607374-k20-n1-x5e9	0.946726	1.07247	0.959663	0.966766	0.96216	0.964828	0.928612	0.920677	0.896901	0.83053	0.835931	0.837578	0.907392	0.911075	0.922087	0.910693	0.909971	0.911214	1.02229	0.914061	1.12566	0.904714	0.929437	0.927631	0.898488	1.03644	0.912302	0.916083	0.916372	0.915636	0.996621	0.873237	0.874714	0.876649	0.877369	0.88059	0.926376	0.932039	0.938044	0.942615	0.937018	0.940759	0.769699	0	0.741751	0.748302	0.748275	0.747655	1.05655	1.06416	1.07282	1.06465	1.06441	1.06462	1.07299	1.04204	1.03313	1.03387	1.03378	1.04235	1.08487	1.06343	1.05312	1.05165	1.05159	1.0647	1.08766	1.07875	1.07813	1.1245	1.12423	1.12409	1.31636	1.30559	1.30203	1.30377	1.30398	1.30395	1.03296	1.02561	1.02371	1.04365	1.04155	1.03995	1.04691	1.05897	1.06042	1.07371	1.09182	1.08944	1.06015	1.04934	1.04853	1.08003	1.07645	1.07272
ERR607375-k20-n1-x5e9	0.946552	1.0741	0.958555	0.963947	0.960796	0.963244	0.929118	0.922157	0.897503	0.832107	0.837919	0.83876	0.909236	0.911665	0.921671	0.912796	0.913876	0.911602	1.01997	0.912902	1.12563	0.906774	0.928916	0.927387	0.901121	1.03761	0.91704	0.917797	0.91716	0.917466	1.0008	0.883707	0.881221	0.883649	0.876088	0.87783	0.929175	0.934551	0.938727	0.942302	0.938351	0.942789	0.773272	0.741751	0	0.743844	0.742881	0.742756	1.05371	1.06436	1.07263	1.06565	1.06326	1.06389	1.07019	1.03825	1.0345	1.03369	1.03245	1.04129	1.08536	1.06187	1.05223	1.05112	1.04962	1.06278	1.08615	1.07961	1.081	1.12399	1.12231	1.12406	1.31685	1.30545	1.30173	1.30377	1.30418	1.30379	1.03079	1.0249	1.0247	1.04252	1.03804	1.03716	1.04689	1.05782	1.05851	1.07361	1.09173	1.08896	1.06056	1.04777	1.04761	1.08006	1.07284	1.06979
ERR607376-k20-n1-x5e9	0.946839	1.07231	0.960032	0.966563	0.962366	0.965009	0.928451	0.921197	0.897446	0.8304	0.836967	0.837528	0.906952	0.910352	0.922244	0.909886	0.90962	0.910931	1.02187	0.913216	1.1261	0.904301	0.929362	0.927737	0.898597	1.03612	0.912584	0.915534	0.915884	0.914972	0.998304	0.872265	0.875145	0.877729	0.877713	0.881311	0.926218	0.93188	0.937927	0.942504	0.937182	0.941265	0.772976	0.748302	0.743844	0	0.744476	0.74429	1.05665	1.06429	1.07268	1.06462	1.06469	1.0647	1.07291	1.04111	1.03177	1.03306	1.03323	1.04158	1.08526	1.06337	1.052	1.05142	1.05109	1.06488	1.08771	1.07877	1.07766	1.12418	1.12406	1.12385	1.31654	1.30563	1.30214	1.30384	1.30408	1.30397	1.033	1.0254	1.02359	1.04319	1.04132	1.03966	1.04672	1.05936	1.05999	1.07365	1.09198	1.08977	1.06032	1.04921	1.04895	1.08023	1.07654	1.07246
