	ERR605339-k20-n1-x5e9	ERR605340-k20-n1-x5e9	ERR605341-k20-n1-x5e9	ERR605342-k20-n1-x5e9	ERR605343-k20-n1-x5e9	ERR605344-k20-n1-x5e9	ERR605551-k20-n1-x5e9	ERR605552-k20-n1-x5e9	ERR605553-k20-n1-x5e9	ERR605554-k20-n1-x5e9	ERR605555-k20-n1-x5e9	ERR605556-k20-n1-x5e9	ERR607236-k20-n1-x5e9	ERR607237-k20-n1-x5e9	ERR607238-k20-n1-x5e9	ERR607239-k20-n1-x5e9	ERR607240-k20-n1-x5e9	ERR607241-k20-n1-x5e9	ERR607463-k20-n1-x5e9	ERR607464-k20-n1-x5e9	ERR607465-k20-n1-x5e9	ERR607466-k20-n1-x5e9	ERR607467-k20-n1-x5e9	ERR607468-k20-n1-x5e9	ERR605333-k20-n1-x5e9	ERR605334-k20-n1-x5e9	ERR605335-k20-n1-x5e9	ERR605336-k20-n1-x5e9	ERR605337-k20-n1-x5e9	ERR605338-k20-n1-x5e9	ERR605799-k20-n1-x5e9	ERR605800-k20-n1-x5e9	ERR605801-k20-n1-x5e9	ERR605802-k20-n1-x5e9	ERR605803-k20-n1-x5e9	ERR605804-k20-n1-x5e9	ERR605781-k20-n1-x5e9	ERR605782-k20-n1-x5e9	ERR605783-k20-n1-x5e9	ERR605784-k20-n1-x5e9	ERR605785-k20-n1-x5e9	ERR605786-k20-n1-x5e9	ERR605707-k20-n1-x5e9	ERR605708-k20-n1-x5e9	ERR605709-k20-n1-x5e9	ERR605710-k20-n1-x5e9	ERR605711-k20-n1-x5e9	ERR605712-k20-n1-x5e9	ERR605533-k20-n1-x5e9	ERR605534-k20-n1-x5e9	ERR605535-k20-n1-x5e9	ERR605536-k20-n1-x5e9	ERR605537-k20-n1-x5e9	ERR605538-k20-n1-x5e9	ERR608707-k20-n1-x5e9	ERR608708-k20-n1-x5e9	ERR608709-k20-n1-x5e9	ERR608710-k20-n1-x5e9	ERR608711-k20-n1-x5e9	ERR608712-k20-n1-x5e9	ERR607681-k20-n1-x5e9	ERR607682-k20-n1-x5e9	ERR607683-k20-n1-x5e9	ERR607684-k20-n1-x5e9	ERR607685-k20-n1-x5e9	ERR607686-k20-n1-x5e9	ERR608793-k20-n1-x5e9	ERR608794-k20-n1-x5e9	ERR608795-k20-n1-x5e9	ERR608796-k20-n1-x5e9	ERR608797-k20-n1-x5e9	ERR608798-k20-n1-x5e9	ERR607415-k20-n1-x5e9	ERR607416-k20-n1-x5e9	ERR607417-k20-n1-x5e9	ERR607418-k20-n1-x5e9	ERR607419-k20-n1-x5e9	ERR607420-k20-n1-x5e9	ERR608689-k20-n1-x5e9	ERR608690-k20-n1-x5e9	ERR608691-k20-n1-x5e9	ERR608692-k20-n1-x5e9	ERR608693-k20-n1-x5e9	ERR608694-k20-n1-x5e9	ERR605653-k20-n1-x5e9	ERR605654-k20-n1-x5e9	ERR605655-k20-n1-x5e9	ERR605656-k20-n1-x5e9	ERR605657-k20-n1-x5e9	ERR605658-k20-n1-x5e9	ERR605695-k20-n1-x5e9	ERR605696-k20-n1-x5e9	ERR605697-k20-n1-x5e9	ERR605698-k20-n1-x5e9	ERR605699-k20-n1-x5e9	ERR605700-k20-n1-x5e9
ERR605339-k20-n1-x5e9	0	0.400725	0.247006	0.249257	0.248229	0.249105	0.419346	0.432297	0.447994	0.436134	0.431847	0.436581	0.51098	0.380408	0.570577	0.439639	0.445261	0.622329	0.500621	0.488919	0.513909	0.357219	0.359648	0.363287	0.321637	0.529609	0.350216	0.357441	0.354422	0.35702	0.543956	0.562185	0.36677	0.367698	0.364674	0.362057	0.633936	0.649176	0.46391	0.465084	0.462382	0.460766	0.321917	0.322127	0.323886	0.335164	0.374652	0.366611	0.545723	0.553373	0.56387	0.558615	0.555313	0.559417	0.528683	0.483293	0.468492	0.475869	0.477464	0.484174	0.514025	0.503519	0.503588	0.538708	0.531017	0.52197	0.505798	0.497626	0.495661	0.554166	0.553116	0.549894	0.370651	0.365732	0.370609	0.331207	0.332404	0.331842	0.553536	0.517327	0.504332	0.503453	0.500136	0.515756	0.474072	0.485927	0.489654	0.50199	0.492373	0.494312	0.434722	0.439013	0.443234	0.456414	0.488536	0.48155
ERR605340-k20-n1-x5e9	0.400725	0	0.373875	0.366257	0.369366	0.366341	0.394458	0.389027	0.384216	0.38892	0.389249	0.388525	0.348247	0.347283	0.398722	0.331491	0.332192	0.449987	0.364578	0.361589	0.373964	0.38168	0.380763	0.378086	0.292981	0.332247	0.277283	0.270238	0.272138	0.27026	0.373325	0.386567	0.355314	0.357879	0.357993	0.35846	0.467772	0.484036	0.342538	0.342515	0.340942	0.339373	0.442976	0.42059	0.41159	0.384047	0.347894	0.353348	0.528286	0.524421	0.524351	0.52984	0.528962	0.530441	0.447476	0.44621	0.452626	0.452648	0.451554	0.447382	0.480579	0.484213	0.48497	0.475445	0.47583	0.477919	0.485004	0.49068	0.488528	0.490509	0.488717	0.487768	0.360625	0.364791	0.364197	0.407432	0.406307	0.405669	0.481924	0.480921	0.485207	0.487534	0.488327	0.481863	0.47794	0.469638	0.468028	0.473877	0.464656	0.464447	0.490757	0.476082	0.472252	0.46063	0.447	0.447738
ERR605341-k20-n1-x5e9	0.247006	0.373875	0	0.243583	0.243086	0.243131	0.411188	0.422235	0.435687	0.425645	0.421826	0.425852	0.487412	0.366202	0.551067	0.421375	0.426744	0.603335	0.480585	0.469397	0.494541	0.345299	0.347565	0.350844	0.296331	0.503996	0.321967	0.330777	0.327537	0.329983	0.523383	0.541584	0.351553	0.352955	0.349656	0.346587	0.615651	0.631151	0.444841	0.446172	0.443051	0.441228	0.324789	0.31954	0.317737	0.324603	0.354256	0.34744	0.541007	0.54715	0.556325	0.552466	0.54933	0.553278	0.509909	0.468124	0.455149	0.462497	0.46354	0.469014	0.494454	0.485309	0.484932	0.518216	0.510784	0.50226	0.490831	0.484496	0.48184	0.53893	0.537832	0.534819	0.355999	0.351987	0.357221	0.326687	0.327824	0.327102	0.534564	0.501677	0.490405	0.490243	0.487031	0.50044	0.470348	0.479869	0.482353	0.495136	0.483305	0.48559	0.430346	0.431474	0.433829	0.445388	0.471544	0.465336
ERR605342-k20-n1-x5e9	0.249257	0.366257	0.243583	0	0.239495	0.239175	0.404754	0.415725	0.429448	0.418854	0.415033	0.419009	0.482065	0.356293	0.542084	0.411524	0.416845	0.595216	0.471229	0.45958	0.484872	0.337584	0.339669	0.342695	0.290266	0.496908	0.316347	0.322251	0.319325	0.321807	0.514135	0.532943	0.343279	0.344951	0.342392	0.340099	0.608195	0.624146	0.436939	0.438486	0.435908	0.434499	0.324523	0.318449	0.316615	0.319368	0.351827	0.344943	0.535329	0.541673	0.551032	0.546597	0.543835	0.547553	0.505377	0.462316	0.449346	0.455938	0.457188	0.463101	0.4915	0.482325	0.482861	0.514429	0.507164	0.498736	0.486363	0.479434	0.47767	0.53173	0.530649	0.527625	0.350208	0.345934	0.350453	0.322102	0.322979	0.322304	0.530688	0.49703	0.485992	0.485495	0.482582	0.495722	0.464804	0.474399	0.477184	0.488672	0.480084	0.481845	0.428501	0.429276	0.431914	0.440977	0.469551	0.463077
ERR605343-k20-n1-x5e9	0.248229	0.369366	0.243086	0.239495	0	0.239283	0.406083	0.417415	0.431048	0.420371	0.416588	0.420516	0.484694	0.358527	0.544866	0.414249	0.419517	0.597851	0.474008	0.462271	0.487566	0.339354	0.341544	0.344744	0.292872	0.499907	0.31909	0.325351	0.322369	0.324612	0.517152	0.535847	0.345732	0.34728	0.344626	0.342253	0.61081	0.626604	0.439447	0.440967	0.438465	0.43679	0.324237	0.318835	0.317117	0.320881	0.353927	0.346973	0.536434	0.542955	0.552253	0.5478	0.544953	0.548742	0.507735	0.464468	0.451477	0.458234	0.459311	0.465347	0.493817	0.484398	0.484944	0.516761	0.509584	0.501027	0.488559	0.481652	0.479686	0.534315	0.533075	0.530065	0.352018	0.347825	0.352114	0.322675	0.323644	0.323234	0.532781	0.498988	0.487863	0.487219	0.484256	0.497652	0.466013	0.475829	0.478582	0.490202	0.481447	0.483062	0.429352	0.430307	0.43308	0.442489	0.47128	0.46478
ERR605344-k20-n1-x5e9	0.249105	0.366341	0.243131	0.239175	0.239283	0	0.405105	0.416254	0.429641	0.41904	0.415416	0.419295	0.48221	0.356937	0.542634	0.411965	0.417422	0.595573	0.471866	0.460207	0.485539	0.338249	0.340344	0.343518	0.290163	0.497033	0.316052	0.322466	0.319433	0.321828	0.514543	0.533267	0.343799	0.34554	0.342673	0.340507	0.60861	0.624539	0.437313	0.438733	0.436217	0.434653	0.324833	0.318655	0.316798	0.319786	0.351566	0.344811	0.536206	0.542562	0.551869	0.54753	0.544668	0.548392	0.505846	0.463023	0.450033	0.456724	0.458018	0.463834	0.491979	0.482892	0.48325	0.514802	0.507555	0.499278	0.48698	0.480274	0.478336	0.5327	0.531487	0.528382	0.350254	0.345967	0.350472	0.322295	0.32319	0.322563	0.530698	0.497312	0.486227	0.485719	0.4828	0.495968	0.465695	0.475204	0.477941	0.489546	0.480515	0.482351	0.429177	0.429757	0.432355	0.441556	0.469674	0.463235
ERR605551-k20-n1-x5e9	0.419346	0.394458	0.411188	0.404754	0.406083	0.405105	0	0.265252	0.273162	0.267902	0.266245	0.2676	0.422206	0.351649	0.448882	0.355578	0.357915	0.5006	0.412729	0.405499	0.419382	0.394744	0.393571	0.391298	0.3937	0.463667	0.397293	0.384744	0.386902	0.386214	0.433674	0.45021	0.373306	0.373641	0.376231	0.378722	0.495864	0.515103	0.341931	0.343009	0.343286	0.344636	0.417143	0.405612	0.402401	0.380181	0.379569	0.379556	0.483248	0.483822	0.487985	0.487888	0.487	0.488569	0.51557	0.497394	0.497942	0.49596	0.497295	0.497991	0.575632	0.573851	0.577178	0.576384	0.575334	0.57507	0.549954	0.549037	0.55021	0.550307	0.548961	0.54647	0.361209	0.364007	0.359569	0.393297	0.391736	0.391716	0.576289	0.5557	0.551502	0.551365	0.550981	0.554875	0.435635	0.43228	0.433353	0.435783	0.439954	0.437891	0.503396	0.496934	0.497791	0.487271	0.498973	0.497077
ERR605552-k20-n1-x5e9	0.432297	0.389027	0.422235	0.415725	0.417415	0.416254	0.265252	0	0.268768	0.266353	0.265816	0.26629	0.410138	0.354778	0.434573	0.350327	0.351891	0.485676	0.404686	0.398615	0.411076	0.402725	0.401338	0.398488	0.396318	0.450749	0.396983	0.384169	0.38651	0.385257	0.421031	0.436273	0.378207	0.378147	0.381036	0.383281	0.480453	0.499172	0.333213	0.333737	0.333999	0.335315	0.430208	0.417049	0.413165	0.389385	0.380804	0.38229	0.485507	0.484799	0.487695	0.488874	0.488194	0.48958	0.513376	0.499515	0.501991	0.499436	0.500551	0.500114	0.578013	0.577162	0.580209	0.576544	0.576002	0.576503	0.553436	0.55396	0.554692	0.550527	0.549188	0.547061	0.365829	0.369384	0.364693	0.404908	0.403237	0.403109	0.575409	0.557575	0.554612	0.554838	0.55459	0.556865	0.440498	0.434772	0.435348	0.437019	0.44033	0.438467	0.511513	0.503663	0.504004	0.492201	0.499322	0.498184
ERR605553-k20-n1-x5e9	0.447994	0.384216	0.435687	0.429448	0.431048	0.429641	0.273162	0.268768	0	0.268634	0.269395	0.268776	0.397007	0.361408	0.418872	0.347933	0.348683	0.468711	0.394824	0.390443	0.400609	0.412359	0.410707	0.40731	0.401505	0.436281	0.397612	0.384338	0.3871	0.385573	0.407856	0.422089	0.385497	0.386474	0.389562	0.391869	0.462374	0.481257	0.324352	0.326121	0.326703	0.327826	0.446593	0.432491	0.426982	0.401735	0.386265	0.388917	0.489092	0.487069	0.487587	0.490584	0.490185	0.49107	0.509934	0.501693	0.506382	0.503051	0.503706	0.502238	0.579728	0.58014	0.582969	0.576087	0.576493	0.578004	0.5566	0.558273	0.559039	0.549443	0.548065	0.546266	0.372019	0.376317	0.371748	0.418067	0.416364	0.416261	0.573852	0.559383	0.557765	0.558269	0.558249	0.558922	0.447799	0.440156	0.439324	0.440454	0.443404	0.441388	0.521584	0.51257	0.51166	0.4988	0.501586	0.501081
ERR605554-k20-n1-x5e9	0.436134	0.38892	0.425645	0.418854	0.420371	0.41904	0.267902	0.266353	0.268634	0	0.264811	0.265262	0.40837	0.355444	0.430725	0.349019	0.350531	0.481671	0.400917	0.394977	0.406968	0.403657	0.402325	0.398972	0.398589	0.448583	0.398135	0.384264	0.386739	0.385524	0.418147	0.433784	0.37915	0.380005	0.383015	0.38578	0.476366	0.495529	0.331029	0.332479	0.33324	0.33451	0.43423	0.421542	0.416684	0.391901	0.383691	0.385119	0.486343	0.485627	0.487655	0.488976	0.488417	0.489595	0.512617	0.499263	0.502219	0.499195	0.500074	0.499821	0.578701	0.578065	0.581367	0.577074	0.576906	0.57743	0.553738	0.554072	0.555142	0.549042	0.547498	0.545618	0.366782	0.370401	0.365594	0.407317	0.405481	0.405425	0.575267	0.55764	0.554945	0.554896	0.55478	0.556908	0.441931	0.436317	0.436248	0.437173	0.442161	0.439836	0.513904	0.506343	0.506038	0.493573	0.50147	0.500272
ERR605555-k20-n1-x5e9	0.431847	0.389249	0.421826	0.415033	0.416588	0.415416	0.266245	0.265816	0.269395	0.264811	0	0.264883	0.410549	0.354654	0.435049	0.350526	0.352301	0.486079	0.403817	0.397605	0.410088	0.401465	0.400287	0.397258	0.3968	0.45148	0.397048	0.383786	0.386307	0.385059	0.421898	0.437643	0.377879	0.378679	0.381401	0.383915	0.480747	0.499813	0.332632	0.333821	0.334351	0.335729	0.430309	0.417648	0.413134	0.389121	0.381826	0.383289	0.485543	0.484981	0.487524	0.488447	0.487834	0.489169	0.512808	0.498776	0.50129	0.49832	0.499529	0.499263	0.577656	0.5768	0.579943	0.576531	0.576112	0.576503	0.552615	0.552988	0.553818	0.549293	0.547794	0.545658	0.365152	0.36843	0.36394	0.403788	0.402098	0.402089	0.574971	0.556816	0.553871	0.553871	0.553632	0.555976	0.440429	0.435139	0.435226	0.436686	0.440842	0.438868	0.511497	0.504036	0.503978	0.492109	0.500371	0.498996
ERR605556-k20-n1-x5e9	0.436581	0.388525	0.425852	0.419009	0.420516	0.419295	0.2676	0.26629	0.268776	0.265262	0.264883	0	0.407915	0.355094	0.430846	0.348935	0.350348	0.481732	0.401051	0.394948	0.407125	0.403482	0.402037	0.399018	0.398422	0.448224	0.39773	0.383994	0.386381	0.385224	0.417788	0.433637	0.379002	0.379626	0.382838	0.385478	0.476063	0.495382	0.330377	0.331769	0.332558	0.333863	0.434573	0.421548	0.416849	0.391834	0.383427	0.385106	0.485262	0.484491	0.48643	0.487673	0.487214	0.488135	0.511298	0.49824	0.501228	0.498202	0.499183	0.498627	0.577628	0.576961	0.580282	0.575665	0.575526	0.576178	0.552606	0.553198	0.554313	0.548159	0.546857	0.544653	0.366591	0.370444	0.365428	0.407229	0.405172	0.405304	0.574514	0.557001	0.55442	0.55446	0.554268	0.55636	0.441265	0.435362	0.435297	0.436205	0.441082	0.438848	0.5134	0.505547	0.505145	0.492737	0.500176	0.498963
ERR607236-k20-n1-x5e9	0.51098	0.348247	0.487412	0.482065	0.484694	0.48221	0.422206	0.410138	0.397007	0.40837	0.410549	0.407915	0	0.370297	0.323289	0.322442	0.319629	0.365237	0.373171	0.377661	0.377236	0.459989	0.458054	0.453794	0.410697	0.334333	0.387888	0.377877	0.381618	0.378227	0.33705	0.339981	0.410811	0.41207	0.413059	0.414588	0.403955	0.415761	0.34527	0.343361	0.342097	0.340247	0.515235	0.494027	0.484946	0.456162	0.407183	0.415628	0.543346	0.53542	0.529697	0.539628	0.539821	0.5402	0.462029	0.485064	0.499165	0.495002	0.493802	0.484995	0.5359	0.543173	0.543619	0.519128	0.523214	0.530023	0.533155	0.543656	0.5414	0.518176	0.516607	0.516744	0.42195	0.428364	0.426217	0.48401	0.482474	0.482008	0.516465	0.527905	0.536443	0.539039	0.540435	0.529177	0.504307	0.488952	0.485116	0.487487	0.477248	0.476652	0.547009	0.530748	0.525171	0.508902	0.480916	0.484859
ERR607237-k20-n1-x5e9	0.380408	0.347283	0.366202	0.356293	0.358527	0.356937	0.351649	0.354778	0.361408	0.355444	0.354654	0.355094	0.370297	0	0.416448	0.284721	0.289059	0.478603	0.399509	0.39015	0.408524	0.352871	0.352267	0.351152	0.334561	0.439602	0.338937	0.328923	0.329823	0.329135	0.411619	0.431435	0.30919	0.311356	0.313305	0.315269	0.513083	0.531287	0.351615	0.352662	0.352539	0.353539	0.386247	0.370717	0.365236	0.341797	0.344146	0.342613	0.500487	0.501845	0.506794	0.506182	0.505041	0.507127	0.468821	0.44176	0.439307	0.439356	0.440193	0.442638	0.503943	0.501083	0.504488	0.508617	0.505874	0.503733	0.487551	0.485703	0.486095	0.501355	0.499432	0.497067	0.338447	0.338602	0.336468	0.360725	0.359385	0.359189	0.513617	0.491127	0.487316	0.487427	0.487075	0.491206	0.437298	0.436628	0.43792	0.443425	0.444232	0.443007	0.457023	0.44878	0.44849	0.439127	0.452949	0.449526
ERR607238-k20-n1-x5e9	0.570577	0.398722	0.551067	0.542084	0.544866	0.542634	0.448882	0.434573	0.418872	0.430725	0.435049	0.430846	0.323289	0.416448	0	0.352497	0.347462	0.313229	0.381447	0.388799	0.377147	0.510102	0.507413	0.502313	0.474755	0.346473	0.453188	0.435	0.439794	0.436448	0.326694	0.324412	0.462373	0.465085	0.468455	0.472236	0.352813	0.366901	0.36886	0.369998	0.372719	0.374127	0.573533	0.554592	0.546599	0.513807	0.474608	0.482239	0.56232	0.553554	0.546225	0.555959	0.557737	0.556464	0.503741	0.527423	0.54342	0.536371	0.535257	0.528117	0.592526	0.599713	0.603201	0.571105	0.576264	0.584053	0.582588	0.590881	0.591662	0.547764	0.546221	0.547094	0.472574	0.478992	0.473036	0.537987	0.535846	0.535689	0.565146	0.574197	0.582999	0.585077	0.587375	0.575914	0.532485	0.514937	0.511547	0.506971	0.513346	0.50996	0.597994	0.582669	0.577947	0.555786	0.535949	0.539572
ERR607239-k20-n1-x5e9	0.439639	0.331491	0.421375	0.411524	0.414249	0.411965	0.355578	0.350327	0.347933	0.349019	0.350526	0.348935	0.322442	0.284721	0.352497	0	0.26231	0.412297	0.362577	0.357677	0.367516	0.390589	0.38886	0.385391	0.362118	0.386451	0.353004	0.337257	0.340293	0.337991	0.354825	0.371704	0.340394	0.342026	0.345382	0.348332	0.449825	0.468385	0.318914	0.3193	0.320776	0.321755	0.443794	0.425041	0.417883	0.386839	0.365648	0.368936	0.502985	0.49974	0.500336	0.504009	0.503882	0.504815	0.460976	0.453926	0.459875	0.456596	0.456432	0.454455	0.521113	0.522827	0.526459	0.514543	0.514809	0.517132	0.506052	0.509148	0.509709	0.498948	0.497128	0.495805	0.361244	0.364952	0.360492	0.410259	0.408502	0.408178	0.516048	0.505746	0.507211	0.508237	0.509104	0.506058	0.450976	0.442085	0.441525	0.442818	0.445693	0.443499	0.495818	0.483404	0.481243	0.465162	0.463558	0.463163
ERR607240-k20-n1-x5e9	0.445261	0.332192	0.426744	0.416845	0.419517	0.417422	0.357915	0.351891	0.348683	0.350531	0.352301	0.350348	0.319629	0.289059	0.347462	0.26231	0	0.407086	0.360674	0.356697	0.365385	0.395257	0.393433	0.389971	0.365992	0.38293	0.356104	0.339966	0.343113	0.341157	0.350448	0.366947	0.344442	0.346085	0.349345	0.352347	0.444863	0.463277	0.317855	0.31806	0.31966	0.320522	0.449398	0.430581	0.423523	0.392114	0.369637	0.373207	0.505039	0.501501	0.501468	0.505469	0.505481	0.506461	0.461877	0.456572	0.463283	0.459455	0.459571	0.457145	0.524139	0.5263	0.529709	0.51652	0.517354	0.519764	0.50914	0.512456	0.512959	0.500367	0.498362	0.497436	0.364657	0.368914	0.36407	0.415513	0.413547	0.413287	0.516686	0.507814	0.509558	0.510639	0.511435	0.508045	0.45384	0.444313	0.443677	0.44456	0.447571	0.44519	0.500149	0.487665	0.485508	0.468693	0.466084	0.465885
ERR607241-k20-n1-x5e9	0.622329	0.449987	0.603335	0.595216	0.597851	0.595573	0.5006	0.485676	0.468711	0.481671	0.486079	0.481732	0.365237	0.478603	0.313229	0.412297	0.407086	0	0.427531	0.436972	0.421303	0.564846	0.562285	0.557284	0.528434	0.372333	0.506183	0.489274	0.493857	0.490452	0.363913	0.353983	0.518943	0.520459	0.523716	0.527061	0.342365	0.347649	0.420458	0.419826	0.422621	0.42356	0.624615	0.606296	0.598725	0.567268	0.525756	0.533941	0.599684	0.589534	0.581155	0.591786	0.593766	0.592043	0.540233	0.570431	0.587795	0.580358	0.579143	0.570782	0.632696	0.640791	0.643666	0.609102	0.615107	0.62368	0.624267	0.633958	0.634037	0.58638	0.584619	0.585868	0.527496	0.534174	0.528605	0.592175	0.590136	0.589874	0.600335	0.614707	0.624857	0.627228	0.629677	0.616483	0.576398	0.558045	0.55401	0.548572	0.55376	0.550764	0.643336	0.627724	0.622671	0.600408	0.576437	0.580768
ERR607463-k20-n1-x5e9	0.500621	0.364578	0.480585	0.471229	0.474008	0.471866	0.412729	0.404686	0.394824	0.400917	0.403817	0.401051	0.373171	0.399509	0.381447	0.362577	0.360674	0.427531	0	0.26232	0.263034	0.371068	0.367765	0.362148	0.411548	0.372044	0.396414	0.380952	0.384334	0.382646	0.345714	0.357546	0.404561	0.410038	0.412131	0.416127	0.426904	0.446537	0.343397	0.348495	0.350348	0.351707	0.502489	0.483971	0.474968	0.443439	0.4151	0.42059	0.526916	0.522119	0.518726	0.524898	0.52542	0.525081	0.450393	0.458833	0.471331	0.465154	0.464846	0.459478	0.511395	0.516435	0.520694	0.496317	0.499778	0.504947	0.496437	0.503472	0.504367	0.47012	0.469095	0.469186	0.372264	0.378298	0.373062	0.436273	0.433914	0.43416	0.518774	0.51693	0.52294	0.523665	0.525319	0.518512	0.482085	0.46971	0.466767	0.464441	0.47129	0.46846	0.533415	0.51962	0.515348	0.495305	0.486128	0.487933
ERR607464-k20-n1-x5e9	0.488919	0.361589	0.469397	0.45958	0.462271	0.460207	0.405499	0.398615	0.390443	0.394977	0.397605	0.394948	0.377661	0.39015	0.388799	0.357677	0.356697	0.436972	0.26232	0	0.265705	0.356863	0.353603	0.348112	0.402951	0.379251	0.389432	0.373832	0.377124	0.375544	0.352081	0.365515	0.394636	0.400403	0.402727	0.406652	0.437213	0.457413	0.341366	0.346859	0.348953	0.350032	0.490921	0.472692	0.463854	0.432172	0.407343	0.412368	0.522767	0.518749	0.516327	0.521416	0.521893	0.521647	0.449461	0.452848	0.463868	0.458075	0.457809	0.453582	0.506657	0.510716	0.515241	0.493532	0.496272	0.500739	0.4903	0.496051	0.497579	0.466697	0.46534	0.465579	0.361703	0.367138	0.361811	0.42317	0.42087	0.420876	0.517475	0.512619	0.517483	0.518001	0.519446	0.514028	0.475034	0.463765	0.461224	0.459043	0.466723	0.464087	0.524679	0.511342	0.507346	0.487791	0.481961	0.483287
ERR607465-k20-n1-x5e9	0.513909	0.373964	0.494541	0.484872	0.487566	0.485539	0.419382	0.411076	0.400609	0.406968	0.410088	0.407125	0.377236	0.408524	0.377147	0.367516	0.365385	0.421303	0.263034	0.265705	0	0.384959	0.381874	0.375821	0.425195	0.372632	0.409698	0.392681	0.396329	0.394417	0.343064	0.353812	0.415638	0.421042	0.423879	0.428183	0.420064	0.440278	0.347898	0.35365	0.356252	0.357385	0.51566	0.497338	0.48875	0.456415	0.428446	0.433865	0.531655	0.52628	0.52243	0.528895	0.529687	0.528937	0.457519	0.467533	0.480641	0.473768	0.473271	0.468339	0.522105	0.527493	0.53231	0.505494	0.509292	0.515195	0.506235	0.512913	0.51463	0.475272	0.473922	0.474306	0.38459	0.390605	0.384381	0.449463	0.447006	0.447069	0.527035	0.525812	0.532221	0.532758	0.534683	0.527512	0.489142	0.476045	0.473011	0.469508	0.47854	0.475363	0.544712	0.530899	0.526447	0.505293	0.496295	0.498308
ERR607466-k20-n1-x5e9	0.357219	0.38168	0.345299	0.337584	0.339354	0.338249	0.394744	0.402725	0.412359	0.403657	0.401465	0.403482	0.459989	0.352871	0.510102	0.390589	0.395257	0.564846	0.371068	0.356863	0.384959	0	0.240707	0.241848	0.33665	0.485215	0.349111	0.347453	0.346173	0.347752	0.470383	0.490186	0.332183	0.337172	0.336205	0.337142	0.570428	0.588609	0.401663	0.40481	0.403627	0.403286	0.361588	0.349927	0.344483	0.330518	0.349975	0.345707	0.518804	0.523617	0.53054	0.527778	0.525538	0.528344	0.46865	0.427046	0.417941	0.420608	0.4221	0.427878	0.465693	0.459026	0.462274	0.481373	0.476008	0.469575	0.448336	0.443047	0.44337	0.479559	0.478475	0.475625	0.305242	0.302107	0.303784	0.301539	0.300452	0.30067	0.513912	0.483927	0.47683	0.475442	0.473957	0.483595	0.44538	0.450877	0.452847	0.460753	0.458998	0.45916	0.435249	0.430937	0.430984	0.429048	0.452929	0.447965
ERR607467-k20-n1-x5e9	0.359648	0.380763	0.347565	0.339669	0.341544	0.340344	0.393571	0.401338	0.410707	0.402325	0.400287	0.402037	0.458054	0.352267	0.507413	0.38886	0.393433	0.562285	0.367765	0.353603	0.381874	0.240707	0	0.241724	0.336954	0.483116	0.349385	0.346858	0.345862	0.347287	0.467782	0.487531	0.332093	0.337446	0.33654	0.337835	0.56767	0.58604	0.399388	0.402893	0.401566	0.401542	0.363652	0.352151	0.346422	0.331772	0.350962	0.346571	0.518507	0.523281	0.530108	0.527395	0.525368	0.528193	0.468169	0.426808	0.418122	0.420646	0.422114	0.427674	0.466476	0.460069	0.463293	0.481757	0.476424	0.469866	0.448695	0.443395	0.44401	0.478478	0.477655	0.474687	0.304641	0.301909	0.30302	0.302763	0.301691	0.301875	0.513625	0.483783	0.477051	0.475616	0.474412	0.483575	0.445234	0.450501	0.452371	0.460052	0.458731	0.45909	0.437028	0.432327	0.432632	0.429835	0.453701	0.448621
ERR607468-k20-n1-x5e9	0.363287	0.378086	0.350844	0.342695	0.344744	0.343518	0.391298	0.398488	0.40731	0.398972	0.397258	0.399018	0.453794	0.351152	0.502313	0.385391	0.389971	0.557284	0.362148	0.348112	0.375821	0.241848	0.241724	0	0.337445	0.478647	0.348751	0.345719	0.344604	0.346129	0.462617	0.482399	0.331845	0.337213	0.336259	0.337776	0.562322	0.580864	0.395001	0.398282	0.397346	0.397148	0.366995	0.354935	0.349139	0.333323	0.34958	0.346107	0.517118	0.521354	0.527916	0.525566	0.523453	0.525998	0.465846	0.425797	0.417767	0.420136	0.42155	0.42654	0.466582	0.460782	0.464093	0.480806	0.475883	0.469862	0.448624	0.443893	0.444501	0.476696	0.475722	0.472846	0.30317	0.300541	0.301335	0.30491	0.303684	0.304015	0.513066	0.484234	0.477749	0.476416	0.475367	0.484008	0.444363	0.448973	0.450669	0.458003	0.456914	0.456909	0.439045	0.43407	0.434129	0.430467	0.452708	0.448131
ERR605333-k20-n1-x5e9	0.321637	0.292981	0.296331	0.290266	0.292872	0.290163	0.3937	0.396318	0.401505	0.398589	0.3968	0.398422	0.410697	0.334561	0.474755	0.362118	0.365992	0.528434	0.411548	0.402951	0.425195	0.33665	0.336954	0.337445	0	0.408678	0.250153	0.255772	0.253802	0.254947	0.444323	0.461541	0.326139	0.329102	0.326409	0.325399	0.542862	0.55911	0.382143	0.382856	0.380004	0.378095	0.373153	0.353257	0.345574	0.328678	0.320188	0.319414	0.53178	0.532652	0.537594	0.538442	0.536386	0.539243	0.460163	0.434236	0.430338	0.435204	0.434833	0.435669	0.456893	0.453918	0.454024	0.469053	0.464476	0.460277	0.462979	0.462996	0.46017	0.496424	0.495166	0.492747	0.335256	0.335481	0.338335	0.349566	0.349371	0.348393	0.489009	0.471165	0.468025	0.46967	0.468314	0.471149	0.467664	0.468054	0.468658	0.478817	0.46658	0.468134	0.444535	0.434883	0.433331	0.43202	0.437155	0.434201
ERR605334-k20-n1-x5e9	0.529609	0.332247	0.503996	0.496908	0.499907	0.497033	0.463667	0.450749	0.436281	0.448583	0.45148	0.448224	0.334333	0.439602	0.346473	0.386451	0.38293	0.372333	0.372044	0.379251	0.372632	0.485215	0.483116	0.478647	0.408678	0	0.381828	0.369896	0.374278	0.370896	0.338401	0.335002	0.453956	0.456829	0.457409	0.459557	0.390955	0.400742	0.375512	0.374584	0.374059	0.373128	0.555296	0.532946	0.523654	0.492759	0.440823	0.450233	0.571979	0.562874	0.556204	0.567153	0.567927	0.567332	0.473878	0.50376	0.520298	0.516422	0.514067	0.504667	0.540213	0.549901	0.550794	0.518042	0.523749	0.532172	0.547022	0.558326	0.556669	0.52315	0.521496	0.522743	0.454216	0.461107	0.457787	0.518372	0.516716	0.516233	0.523316	0.542035	0.553455	0.556744	0.558866	0.544139	0.539539	0.523005	0.51898	0.519083	0.512523	0.511479	0.578172	0.5605	0.554489	0.535499	0.502622	0.507873
ERR605335-k20-n1-x5e9	0.350216	0.277283	0.321967	0.316347	0.31909	0.316052	0.397293	0.396983	0.397612	0.398135	0.397048	0.39773	0.387888	0.338937	0.453188	0.353004	0.356104	0.506183	0.396414	0.389432	0.409698	0.349111	0.349385	0.348751	0.250153	0.381828	0	0.250594	0.249535	0.249585	0.423361	0.439546	0.333162	0.336734	0.33412	0.333227	0.521253	0.53732	0.36894	0.369357	0.36617	0.364112	0.396428	0.374744	0.3652	0.344548	0.322243	0.323854	0.534056	0.533017	0.535741	0.538484	0.536839	0.539308	0.450698	0.43386	0.433792	0.437423	0.436545	0.43525	0.455864	0.455652	0.45574	0.463244	0.460182	0.457988	0.464518	0.467124	0.464165	0.491618	0.49002	0.488235	0.341639	0.343347	0.345725	0.368588	0.368161	0.36736	0.481534	0.470443	0.470413	0.472544	0.471664	0.470941	0.474026	0.471506	0.470517	0.480035	0.4665	0.467977	0.458166	0.446128	0.442785	0.438411	0.434519	0.433123
ERR605336-k20-n1-x5e9	0.357441	0.270238	0.330777	0.322251	0.325351	0.322466	0.384744	0.384169	0.384338	0.384264	0.383786	0.383994	0.377877	0.328923	0.435	0.337257	0.339966	0.489274	0.380952	0.373832	0.392681	0.347453	0.346858	0.345719	0.255772	0.369896	0.250594	0	0.24669	0.246439	0.405871	0.422486	0.328251	0.331877	0.33067	0.331384	0.504436	0.521463	0.353401	0.354528	0.352258	0.350853	0.401686	0.38019	0.370822	0.346268	0.325596	0.327697	0.525065	0.52406	0.526613	0.528962	0.527675	0.529786	0.447506	0.431253	0.432099	0.434253	0.433535	0.432313	0.461851	0.462116	0.463217	0.466309	0.463781	0.462471	0.46614	0.468282	0.466485	0.485551	0.484	0.48229	0.33793	0.339853	0.340618	0.369553	0.368852	0.36806	0.482533	0.470889	0.471326	0.473175	0.472646	0.47135	0.465768	0.462457	0.461502	0.469106	0.460217	0.460948	0.461196	0.44908	0.445705	0.438024	0.436075	0.434734
ERR605337-k20-n1-x5e9	0.354422	0.272138	0.327537	0.319325	0.322369	0.319433	0.386902	0.38651	0.3871	0.386739	0.386307	0.386381	0.381618	0.329823	0.439794	0.340293	0.343113	0.493857	0.384334	0.377124	0.396329	0.346173	0.345862	0.344604	0.253802	0.374278	0.249535	0.24669	0	0.246102	0.410193	0.427211	0.328079	0.33171	0.33026	0.33056	0.509179	0.526072	0.357231	0.3579	0.355875	0.354234	0.399469	0.377941	0.36868	0.344621	0.324803	0.326413	0.526881	0.525886	0.528641	0.530913	0.52955	0.531752	0.448737	0.431519	0.431798	0.43423	0.433566	0.432676	0.460737	0.460409	0.461724	0.466053	0.463176	0.46155	0.465399	0.467779	0.465629	0.486604	0.485308	0.483258	0.337862	0.339469	0.340216	0.367741	0.367007	0.366282	0.482557	0.470691	0.470907	0.472456	0.472071	0.47083	0.467274	0.464256	0.463391	0.471408	0.462034	0.462773	0.459953	0.447817	0.44461	0.437445	0.435995	0.434345
ERR605338-k20-n1-x5e9	0.35702	0.27026	0.329983	0.321807	0.324612	0.321828	0.386214	0.385257	0.385573	0.385524	0.385059	0.385224	0.378227	0.329135	0.436448	0.337991	0.341157	0.490452	0.382646	0.375544	0.394417	0.347752	0.347287	0.346129	0.254947	0.370896	0.249585	0.246439	0.246102	0	0.40736	0.423819	0.32799	0.331829	0.330437	0.330796	0.506108	0.523125	0.35511	0.355853	0.353653	0.352171	0.401401	0.379784	0.370426	0.345814	0.32459	0.326307	0.527225	0.526083	0.528704	0.531211	0.529809	0.532155	0.449081	0.432773	0.433396	0.435771	0.434971	0.433624	0.462659	0.462699	0.463748	0.467257	0.464858	0.463359	0.466916	0.469624	0.467689	0.48723	0.485771	0.483789	0.338046	0.339861	0.340689	0.369455	0.368819	0.367811	0.483293	0.471945	0.472282	0.473945	0.473627	0.472257	0.467976	0.464653	0.463584	0.471409	0.461811	0.462677	0.461966	0.449641	0.446409	0.438996	0.436539	0.435287
ERR605799-k20-n1-x5e9	0.543956	0.373325	0.523383	0.514135	0.517152	0.514543	0.433674	0.421031	0.407856	0.418147	0.421898	0.417788	0.33705	0.411619	0.326694	0.354825	0.350448	0.363913	0.345714	0.352081	0.343064	0.470383	0.467782	0.462617	0.444323	0.338401	0.423361	0.405871	0.410193	0.40736	0	0.277287	0.401283	0.404301	0.407692	0.411709	0.377478	0.39401	0.347222	0.347925	0.350224	0.351299	0.544748	0.524656	0.51632	0.482668	0.44291	0.450516	0.544577	0.536493	0.530913	0.539697	0.541202	0.540006	0.474334	0.496485	0.512271	0.505742	0.504423	0.497169	0.554493	0.561644	0.565225	0.533257	0.538034	0.545974	0.543412	0.552323	0.553027	0.510606	0.509036	0.509868	0.434617	0.441554	0.435656	0.502331	0.500287	0.499882	0.534291	0.542246	0.550915	0.553019	0.555245	0.543753	0.508418	0.492311	0.489069	0.485723	0.489894	0.487087	0.569367	0.553497	0.548956	0.526749	0.506685	0.510376
ERR605800-k20-n1-x5e9	0.562185	0.386567	0.541584	0.532943	0.535847	0.533267	0.45021	0.436273	0.422089	0.433784	0.437643	0.433637	0.339981	0.431435	0.324412	0.371704	0.366947	0.353983	0.357546	0.365515	0.353812	0.490186	0.487531	0.482399	0.461541	0.335002	0.439546	0.422486	0.427211	0.423819	0.277287	0	0.423499	0.425515	0.428831	0.432432	0.367177	0.380463	0.361201	0.360308	0.362662	0.363254	0.563085	0.542814	0.534804	0.501603	0.458193	0.466399	0.556457	0.547374	0.541372	0.551104	0.552463	0.551447	0.483993	0.510505	0.527258	0.520988	0.51949	0.511215	0.566649	0.574748	0.577867	0.543428	0.549059	0.557361	0.557193	0.567018	0.566884	0.522657	0.521101	0.522136	0.452797	0.460244	0.454403	0.521671	0.519755	0.519361	0.542823	0.55445	0.564262	0.566699	0.569033	0.556353	0.523219	0.505867	0.502577	0.499461	0.50153	0.498711	0.584907	0.568366	0.563931	0.541636	0.517449	0.521641
ERR605801-k20-n1-x5e9	0.36677	0.355314	0.351553	0.343279	0.345732	0.343799	0.373306	0.378207	0.385497	0.37915	0.377879	0.379002	0.410811	0.30919	0.462373	0.340394	0.344442	0.518943	0.404561	0.394636	0.415638	0.332183	0.332093	0.331845	0.326139	0.453956	0.333162	0.328251	0.328079	0.32799	0.401283	0.423499	0	0.253016	0.253213	0.254212	0.535224	0.552765	0.368099	0.369625	0.368395	0.367995	0.369042	0.35351	0.34722	0.32725	0.333122	0.330636	0.507404	0.509821	0.515633	0.51447	0.513001	0.515456	0.462884	0.431211	0.426562	0.428326	0.429066	0.431982	0.480735	0.47646	0.479342	0.490892	0.486804	0.482794	0.46459	0.462089	0.462041	0.489029	0.487786	0.484895	0.328816	0.328058	0.328095	0.342516	0.34161	0.341337	0.502472	0.477457	0.47274	0.472479	0.471418	0.477122	0.437572	0.439407	0.440928	0.449003	0.444441	0.444438	0.440332	0.432566	0.432092	0.426599	0.441439	0.437461
ERR605802-k20-n1-x5e9	0.367698	0.357879	0.352955	0.344951	0.34728	0.34554	0.373641	0.378147	0.386474	0.380005	0.378679	0.379626	0.41207	0.311356	0.465085	0.342026	0.346085	0.520459	0.410038	0.400403	0.421042	0.337172	0.337446	0.337213	0.329102	0.456829	0.336734	0.331877	0.33171	0.331829	0.404301	0.425515	0.253016	0	0.247635	0.248067	0.537195	0.554351	0.371413	0.367753	0.366343	0.365554	0.369486	0.35364	0.34867	0.328948	0.32993	0.327638	0.507474	0.509397	0.515964	0.514637	0.512992	0.51544	0.464826	0.434518	0.429925	0.43226	0.432932	0.434805	0.48411	0.480043	0.482433	0.493667	0.489484	0.485438	0.467837	0.465966	0.465076	0.493337	0.492231	0.489035	0.33226	0.331913	0.331838	0.346181	0.345252	0.345329	0.504943	0.480948	0.476305	0.476199	0.475239	0.480031	0.437151	0.438567	0.440929	0.448893	0.44104	0.441032	0.441091	0.433047	0.433394	0.428049	0.439261	0.435515
ERR605803-k20-n1-x5e9	0.364674	0.357993	0.349656	0.342392	0.344626	0.342673	0.376231	0.381036	0.389562	0.383015	0.381401	0.382838	0.413059	0.313305	0.468455	0.345382	0.349345	0.523716	0.412131	0.402727	0.423879	0.336205	0.33654	0.336259	0.326409	0.457409	0.33412	0.33067	0.33026	0.330437	0.407692	0.428831	0.253213	0.247635	0	0.247548	0.540549	0.557207	0.374227	0.370182	0.368904	0.367808	0.366185	0.350014	0.345089	0.326558	0.327008	0.324411	0.509436	0.511546	0.518032	0.517071	0.514921	0.517753	0.464057	0.43394	0.428924	0.43179	0.432347	0.43407	0.480559	0.476616	0.478575	0.490974	0.486658	0.482284	0.465861	0.464232	0.462695	0.49366	0.492381	0.489382	0.331569	0.331236	0.331965	0.344304	0.343492	0.343361	0.503893	0.480122	0.475307	0.475397	0.474331	0.479349	0.438833	0.440431	0.442662	0.451412	0.441883	0.442283	0.438612	0.430582	0.431096	0.426566	0.437016	0.433561
ERR605804-k20-n1-x5e9	0.362057	0.35846	0.346587	0.340099	0.342253	0.340507	0.378722	0.383281	0.391869	0.38578	0.383915	0.385478	0.414588	0.315269	0.472236	0.348332	0.352347	0.527061	0.416127	0.406652	0.428183	0.337142	0.337835	0.337776	0.325399	0.459557	0.333227	0.331384	0.33056	0.330796	0.411709	0.432432	0.254212	0.248067	0.247548	0	0.54404	0.560572	0.377578	0.373466	0.371621	0.370212	0.364322	0.348065	0.34344	0.326452	0.325814	0.323309	0.51105	0.512925	0.519629	0.518571	0.516545	0.519232	0.464563	0.43455	0.429332	0.432434	0.433036	0.434789	0.479279	0.475072	0.476687	0.490395	0.485808	0.481224	0.46557	0.463774	0.462232	0.495203	0.49387	0.490856	0.333193	0.332675	0.333681	0.344305	0.343619	0.343468	0.502898	0.479541	0.474509	0.474694	0.473513	0.478546	0.4401	0.441715	0.444198	0.453366	0.442272	0.443069	0.436826	0.428898	0.429273	0.425994	0.435971	0.432141
ERR605781-k20-n1-x5e9	0.633936	0.467772	0.615651	0.608195	0.61081	0.60861	0.495864	0.480453	0.462374	0.476366	0.480747	0.476063	0.403955	0.513083	0.352813	0.449825	0.444863	0.342365	0.426904	0.437213	0.420064	0.570428	0.56767	0.562322	0.542862	0.390955	0.521253	0.504436	0.509179	0.506108	0.377478	0.367177	0.535224	0.537195	0.540549	0.54404	0	0.308387	0.401042	0.402667	0.405229	0.406985	0.637255	0.619702	0.612399	0.581365	0.541743	0.549748	0.601934	0.592183	0.582957	0.594046	0.595506	0.59374	0.554119	0.585389	0.603313	0.595582	0.594368	0.585838	0.652135	0.660099	0.663147	0.629163	0.635091	0.64324	0.64118	0.650836	0.651252	0.600949	0.599702	0.600901	0.534426	0.541531	0.535594	0.600351	0.59848	0.598222	0.622201	0.635212	0.645076	0.64704	0.649494	0.63684	0.584471	0.566119	0.561699	0.555507	0.563006	0.559611	0.660373	0.645157	0.640396	0.617954	0.595714	0.60002
ERR605782-k20-n1-x5e9	0.649176	0.484036	0.631151	0.624146	0.626604	0.624539	0.515103	0.499172	0.481257	0.495529	0.499813	0.495382	0.415761	0.531287	0.366901	0.468385	0.463277	0.347649	0.446537	0.457413	0.440278	0.588609	0.58604	0.580864	0.55911	0.400742	0.53732	0.521463	0.526072	0.523125	0.39401	0.380463	0.552765	0.554351	0.557207	0.560572	0.308387	0	0.421933	0.42232	0.42466	0.425688	0.652335	0.634647	0.627608	0.597583	0.556134	0.564386	0.615868	0.605484	0.596355	0.60782	0.609487	0.607722	0.566651	0.599753	0.617866	0.610348	0.609159	0.600212	0.664312	0.672653	0.675168	0.640585	0.646684	0.655175	0.654833	0.664899	0.664964	0.615359	0.614332	0.615322	0.552473	0.559665	0.554092	0.617543	0.615607	0.615532	0.632576	0.648028	0.658327	0.66049	0.662884	0.649702	0.599341	0.580632	0.576649	0.57093	0.575769	0.572937	0.67359	0.658252	0.653766	0.63184	0.606565	0.611346
ERR605783-k20-n1-x5e9	0.46391	0.342538	0.444841	0.436939	0.439447	0.437313	0.341931	0.333213	0.324352	0.331029	0.332632	0.330377	0.34527	0.351615	0.36886	0.318914	0.317855	0.420458	0.343397	0.341366	0.347898	0.401663	0.399388	0.395001	0.382143	0.375512	0.36894	0.353401	0.357231	0.35511	0.347222	0.361201	0.368099	0.371413	0.374227	0.377578	0.401042	0.421933	0	0.271469	0.272642	0.273558	0.470214	0.451713	0.443641	0.412524	0.384	0.389374	0.499913	0.495414	0.493008	0.498766	0.499041	0.499118	0.468056	0.471098	0.480927	0.476191	0.475989	0.471749	0.542446	0.545556	0.548939	0.532099	0.533929	0.537727	0.52522	0.530505	0.530883	0.509676	0.508479	0.507468	0.367658	0.373404	0.368717	0.427025	0.42511	0.424851	0.534404	0.528645	0.531982	0.532962	0.533901	0.529295	0.459915	0.448318	0.44578	0.445759	0.448384	0.446311	0.522561	0.509538	0.506039	0.488522	0.48092	0.482097
ERR605784-k20-n1-x5e9	0.465084	0.342515	0.446172	0.438486	0.440967	0.438733	0.343009	0.333737	0.326121	0.332479	0.333821	0.331769	0.343361	0.352662	0.369998	0.3193	0.31806	0.419826	0.348495	0.346859	0.35365	0.40481	0.402893	0.398282	0.382856	0.374584	0.369357	0.354528	0.3579	0.355853	0.347925	0.360308	0.369625	0.367753	0.370182	0.373466	0.402667	0.42232	0.271469	0	0.266248	0.266137	0.471102	0.451816	0.444659	0.413453	0.379009	0.384766	0.501325	0.496266	0.494517	0.500347	0.500154	0.500655	0.468323	0.473558	0.483258	0.479003	0.478938	0.473497	0.54387	0.547648	0.550175	0.532975	0.534859	0.538513	0.527644	0.533382	0.533004	0.513842	0.51256	0.511221	0.369924	0.376218	0.37163	0.429459	0.427739	0.427496	0.535469	0.531506	0.535109	0.536274	0.537327	0.53186	0.460435	0.448206	0.446699	0.446944	0.444527	0.4429	0.52343	0.509726	0.50703	0.48924	0.476831	0.478294
ERR605785-k20-n1-x5e9	0.462382	0.340942	0.443051	0.435908	0.438465	0.436217	0.343286	0.333999	0.326703	0.33324	0.334351	0.332558	0.342097	0.352539	0.372719	0.320776	0.31966	0.422621	0.350348	0.348953	0.356252	0.403627	0.401566	0.397346	0.380004	0.374059	0.36617	0.352258	0.355875	0.353653	0.350224	0.362662	0.368395	0.366343	0.368904	0.371621	0.405229	0.42466	0.272642	0.266248	0	0.265661	0.468456	0.449165	0.441789	0.411421	0.375761	0.381847	0.501227	0.49603	0.494474	0.500299	0.499943	0.500596	0.466809	0.472002	0.481655	0.477785	0.477533	0.472018	0.540523	0.544291	0.546556	0.530144	0.531962	0.535504	0.525206	0.531214	0.530528	0.512959	0.511861	0.510573	0.368847	0.37515	0.371288	0.427775	0.426099	0.425845	0.53187	0.52845	0.532136	0.533464	0.534349	0.528751	0.460136	0.448205	0.446596	0.447354	0.443237	0.441804	0.520587	0.506929	0.504134	0.487115	0.473687	0.47531
ERR605786-k20-n1-x5e9	0.460766	0.339373	0.441228	0.434499	0.43679	0.434653	0.344636	0.335315	0.327826	0.33451	0.335729	0.333863	0.340247	0.353539	0.374127	0.321755	0.320522	0.42356	0.351707	0.350032	0.357385	0.403286	0.401542	0.397148	0.378095	0.373128	0.364112	0.350853	0.354234	0.352171	0.351299	0.363254	0.367995	0.365554	0.367808	0.370212	0.406985	0.425688	0.273558	0.266137	0.265661	0	0.467231	0.447716	0.440307	0.410209	0.373136	0.379198	0.502657	0.497461	0.495706	0.501889	0.501599	0.502105	0.465663	0.471758	0.481398	0.477506	0.477415	0.471644	0.538957	0.542889	0.544831	0.528615	0.530541	0.533993	0.52434	0.530728	0.529695	0.513228	0.512006	0.510753	0.368335	0.374648	0.370965	0.427359	0.42553	0.425451	0.531333	0.528396	0.532057	0.533467	0.534276	0.528646	0.461052	0.449183	0.447388	0.448894	0.442966	0.441768	0.519818	0.505902	0.502968	0.486409	0.471443	0.473196
ERR605707-k20-n1-x5e9	0.321917	0.442976	0.324789	0.324523	0.324237	0.324833	0.417143	0.430208	0.446593	0.43423	0.430309	0.434573	0.515235	0.386247	0.573533	0.443794	0.449398	0.624615	0.502489	0.490921	0.51566	0.361588	0.363652	0.366995	0.373153	0.555296	0.396428	0.401686	0.399469	0.401401	0.544748	0.563085	0.369042	0.369486	0.366185	0.364322	0.637255	0.652335	0.470214	0.471102	0.468456	0.467231	0	0.244749	0.248952	0.267261	0.321885	0.311572	0.535024	0.543126	0.554153	0.548306	0.544994	0.549222	0.522095	0.475106	0.459652	0.466872	0.468536	0.475735	0.508108	0.497171	0.497898	0.5338	0.525745	0.516377	0.499024	0.490831	0.48887	0.547853	0.546942	0.543394	0.370712	0.365728	0.369959	0.331009	0.332049	0.331789	0.560914	0.525504	0.513045	0.512328	0.509183	0.523922	0.460856	0.473346	0.477881	0.490055	0.48109	0.482862	0.424895	0.429342	0.433963	0.446879	0.481115	0.474127
