	ERR609163-k20-n1-x5e9	ERR609164-k20-n1-x5e9	ERR609165-k20-n1-x5e9	ERR609166-k20-n1-x5e9	ERR609167-k20-n1-x5e9	ERR609168-k20-n1-x5e9	ERR610181-k20-n1-x5e9	ERR610182-k20-n1-x5e9	ERR610183-k20-n1-x5e9	ERR610184-k20-n1-x5e9	ERR610185-k20-n1-x5e9	ERR610186-k20-n1-x5e9	ERR607585-k20-n1-x5e9	ERR607586-k20-n1-x5e9	ERR607587-k20-n1-x5e9	ERR607588-k20-n1-x5e9	ERR607589-k20-n1-x5e9	ERR607590-k20-n1-x5e9	ERR607176-k20-n1-x5e9	ERR607177-k20-n1-x5e9	ERR607178-k20-n1-x5e9	ERR607179-k20-n1-x5e9	ERR607180-k20-n1-x5e9	ERR607181-k20-n1-x5e9	ERR609283-k20-n1-x5e9	ERR609284-k20-n1-x5e9	ERR609285-k20-n1-x5e9	ERR609286-k20-n1-x5e9	ERR609287-k20-n1-x5e9	ERR609288-k20-n1-x5e9	ERR607699-k20-n1-x5e9	ERR607700-k20-n1-x5e9	ERR607701-k20-n1-x5e9	ERR607702-k20-n1-x5e9	ERR607703-k20-n1-x5e9	ERR607704-k20-n1-x5e9	ERR607212-k20-n1-x5e9	ERR607213-k20-n1-x5e9	ERR607214-k20-n1-x5e9	ERR607215-k20-n1-x5e9	ERR607216-k20-n1-x5e9	ERR607217-k20-n1-x5e9	ERR605713-k20-n1-x5e9	ERR605714-k20-n1-x5e9	ERR605715-k20-n1-x5e9	ERR605716-k20-n1-x5e9	ERR605717-k20-n1-x5e9	ERR605718-k20-n1-x5e9	ERR608161-k20-n1-x5e9	ERR608162-k20-n1-x5e9	ERR608163-k20-n1-x5e9	ERR608164-k20-n1-x5e9	ERR608165-k20-n1-x5e9	ERR608166-k20-n1-x5e9	ERR607681-k20-n1-x5e9	ERR607682-k20-n1-x5e9	ERR607683-k20-n1-x5e9	ERR607684-k20-n1-x5e9	ERR607685-k20-n1-x5e9	ERR607686-k20-n1-x5e9	ERR609517-k20-n1-x5e9	ERR609518-k20-n1-x5e9	ERR609519-k20-n1-x5e9	ERR609520-k20-n1-x5e9	ERR609521-k20-n1-x5e9	ERR609522-k20-n1-x5e9	ERR605934-k20-n1-x5e9	ERR605935-k20-n1-x5e9	ERR605936-k20-n1-x5e9	ERR605937-k20-n1-x5e9	ERR605938-k20-n1-x5e9	ERR605939-k20-n1-x5e9	ERR607899-k20-n1-x5e9	ERR607900-k20-n1-x5e9	ERR607901-k20-n1-x5e9	ERR607902-k20-n1-x5e9	ERR607903-k20-n1-x5e9	ERR607904-k20-n1-x5e9	ERR608057-k20-n1-x5e9	ERR608058-k20-n1-x5e9	ERR608059-k20-n1-x5e9	ERR608060-k20-n1-x5e9	ERR608061-k20-n1-x5e9	ERR608062-k20-n1-x5e9	ERR605611-k20-n1-x5e9	ERR605612-k20-n1-x5e9	ERR605613-k20-n1-x5e9	ERR605614-k20-n1-x5e9	ERR605615-k20-n1-x5e9	ERR605616-k20-n1-x5e9	ERR605928-k20-n1-x5e9	ERR605929-k20-n1-x5e9	ERR605930-k20-n1-x5e9	ERR605931-k20-n1-x5e9	ERR605932-k20-n1-x5e9	ERR605933-k20-n1-x5e9
ERR609163-k20-n1-x5e9	0	0.247609	0.250841	0.272108	0.252658	0.252886	0.347476	0.483692	0.359037	0.330045	0.331251	0.331434	0.575245	0.483726	0.474995	0.540816	0.533447	0.546366	0.310731	0.358879	0.361228	0.322195	0.320143	0.419163	0.346508	0.343656	0.335466	0.347685	0.347543	0.345982	0.456356	0.472505	0.461518	0.464154	0.463961	0.463448	0.366784	0.357721	0.418714	0.347884	0.349263	0.478753	0.385294	0.385864	0.383739	0.39391	0.379253	0.381206	0.475104	0.472801	0.470223	0.528589	0.524513	0.526955	0.44844	0.445425	0.445646	0.460447	0.455969	0.452003	0.533974	0.533175	0.621941	0.502612	0.503445	0.507654	0.507355	0.51715	0.517917	0.520774	0.519825	0.521237	0.439691	0.455904	0.455898	0.42475	0.429591	0.430055	0.92206	0.92542	0.927159	0.927507	0.926263	0.927011	0.404329	0.402291	0.40265	0.402451	0.411241	0.4098	0.583722	0.547512	0.547581	0.583397	0.582594	0.585389
ERR609164-k20-n1-x5e9	0.247609	0	0.249449	0.272385	0.251985	0.25204	0.351565	0.484286	0.362334	0.33297	0.334071	0.334453	0.576217	0.48617	0.477932	0.542812	0.535645	0.548341	0.30925	0.360514	0.362658	0.323829	0.321743	0.420149	0.349104	0.345567	0.337195	0.350474	0.349507	0.348091	0.457626	0.474162	0.462868	0.465555	0.465351	0.464953	0.365645	0.35982	0.419585	0.349767	0.351094	0.479395	0.388655	0.388617	0.38659	0.397197	0.380572	0.38278	0.476094	0.473846	0.471063	0.529931	0.525702	0.528383	0.447814	0.445293	0.445013	0.460087	0.455497	0.451599	0.53632	0.535573	0.622987	0.503809	0.504717	0.508992	0.508588	0.52043	0.521043	0.523786	0.522114	0.523838	0.44108	0.457793	0.457342	0.42596	0.431182	0.431735	0.92183	0.925633	0.92753	0.927787	0.926513	0.927228	0.403456	0.400886	0.401367	0.401581	0.408618	0.407073	0.584406	0.55057	0.55066	0.585846	0.584785	0.587615
ERR609165-k20-n1-x5e9	0.250841	0.249449	0	0.270649	0.25528	0.25487	0.358541	0.475684	0.364583	0.339743	0.340651	0.341323	0.57013	0.485194	0.47835	0.540226	0.533112	0.545415	0.306693	0.374558	0.363492	0.335431	0.332897	0.416932	0.359844	0.355966	0.344308	0.358412	0.359149	0.357501	0.463142	0.481383	0.468813	0.472182	0.47198	0.471356	0.360422	0.372901	0.419542	0.359012	0.359627	0.476064	0.398753	0.39708	0.394497	0.405064	0.385214	0.387824	0.476126	0.475324	0.47218	0.527917	0.523822	0.526229	0.444982	0.444113	0.44297	0.455793	0.45183	0.448683	0.538527	0.537752	0.619124	0.505652	0.506155	0.509825	0.509064	0.529762	0.530794	0.529264	0.527645	0.529373	0.446896	0.465218	0.464243	0.43074	0.43663	0.437199	0.919858	0.925672	0.928148	0.928096	0.926834	0.927613	0.404884	0.400525	0.400293	0.400395	0.405589	0.404289	0.581539	0.555307	0.555771	0.587255	0.585984	0.588838
ERR609166-k20-n1-x5e9	0.272108	0.272385	0.270649	0	0.283079	0.282588	0.343995	0.431381	0.334403	0.342043	0.340387	0.343308	0.537857	0.452379	0.445562	0.501231	0.494814	0.506843	0.308318	0.40399	0.325561	0.347901	0.343613	0.36713	0.373986	0.370774	0.3597	0.347146	0.37647	0.373523	0.48675	0.505295	0.493333	0.495579	0.4956	0.494662	0.337339	0.38788	0.37157	0.349589	0.347012	0.424271	0.393264	0.385882	0.381205	0.386395	0.37617	0.37674	0.470243	0.470552	0.46926	0.505505	0.501814	0.503504	0.458174	0.460052	0.461219	0.457662	0.456531	0.457126	0.514558	0.514115	0.585654	0.49796	0.498056	0.499339	0.490678	0.524468	0.52596	0.510241	0.50865	0.509371	0.472545	0.490635	0.491505	0.452229	0.457412	0.458327	0.920093	0.928272	0.931426	0.930981	0.929749	0.930551	0.427604	0.420661	0.419785	0.415407	0.42908	0.426412	0.55287	0.531418	0.532015	0.555581	0.554244	0.556778
ERR609167-k20-n1-x5e9	0.252658	0.251985	0.25528	0.283079	0	0.249288	0.357792	0.494614	0.371313	0.33679	0.338456	0.338075	0.582935	0.493248	0.484901	0.550469	0.543426	0.55601	0.316423	0.357992	0.373444	0.326412	0.324576	0.431943	0.350188	0.346908	0.338713	0.356567	0.346752	0.345677	0.455589	0.471612	0.460442	0.463236	0.463163	0.462736	0.375096	0.360892	0.431237	0.355831	0.357779	0.490955	0.391945	0.393152	0.391473	0.402745	0.385423	0.38807	0.479967	0.47761	0.47434	0.535782	0.53156	0.534103	0.449999	0.446832	0.446086	0.464193	0.459266	0.454704	0.541512	0.540806	0.629902	0.505529	0.506273	0.511118	0.513604	0.521956	0.522608	0.527866	0.52663	0.528406	0.438809	0.455024	0.454179	0.425099	0.430178	0.430632	0.923177	0.926226	0.927923	0.928285	0.926989	0.927715	0.40422	0.402595	0.40332	0.404289	0.410296	0.409179	0.590614	0.55505	0.555204	0.591691	0.590695	0.593628
ERR609168-k20-n1-x5e9	0.252886	0.25204	0.25487	0.282588	0.249288	0	0.358424	0.493475	0.371237	0.337366	0.338974	0.338862	0.582127	0.492855	0.484561	0.549873	0.542777	0.555321	0.315493	0.35948	0.373242	0.327524	0.325557	0.431219	0.351249	0.347975	0.339383	0.357107	0.347888	0.346315	0.456103	0.472247	0.461091	0.46406	0.463751	0.463464	0.374093	0.362012	0.430742	0.35659	0.358543	0.490156	0.392337	0.393497	0.391756	0.403022	0.385257	0.387839	0.479871	0.477508	0.474452	0.5355	0.53124	0.533846	0.449688	0.446579	0.445793	0.463582	0.45867	0.454172	0.541855	0.541053	0.629456	0.505681	0.506464	0.511239	0.513536	0.522903	0.523621	0.528447	0.527121	0.528865	0.439238	0.45571	0.454758	0.425353	0.430648	0.431022	0.922961	0.926233	0.92802	0.928327	0.926989	0.927736	0.404034	0.402407	0.402958	0.403775	0.409636	0.408593	0.59034	0.555558	0.555568	0.591888	0.590874	0.593652
ERR610181-k20-n1-x5e9	0.347476	0.351565	0.358541	0.343995	0.357792	0.358424	0	0.437893	0.264682	0.254218	0.252282	0.253841	0.55938	0.454138	0.439981	0.51003	0.503794	0.517888	0.357945	0.384647	0.352334	0.340526	0.337947	0.403963	0.343545	0.345268	0.342878	0.325035	0.350538	0.348702	0.465919	0.476191	0.470698	0.469836	0.470077	0.469226	0.376636	0.353936	0.388707	0.329357	0.329638	0.451396	0.368317	0.367823	0.366205	0.366023	0.378863	0.377007	0.463027	0.45784	0.459913	0.50365	0.500226	0.502401	0.477678	0.474059	0.479921	0.483868	0.48102	0.478359	0.497309	0.497795	0.593557	0.485391	0.485158	0.489715	0.47912	0.471445	0.471865	0.472407	0.473903	0.474511	0.440874	0.450689	0.456013	0.426772	0.427264	0.427469	0.930379	0.929217	0.93	0.930878	0.930024	0.930453	0.446547	0.448201	0.450287	0.444093	0.468597	0.465451	0.553789	0.491199	0.491358	0.533075	0.533792	0.536309
ERR610182-k20-n1-x5e9	0.483692	0.484286	0.475684	0.431381	0.494614	0.493475	0.437893	0	0.388447	0.456024	0.450756	0.456665	0.456565	0.446231	0.45202	0.443896	0.442936	0.445353	0.449555	0.578165	0.405028	0.516663	0.511544	0.369743	0.5266	0.523941	0.509835	0.471855	0.528826	0.524582	0.613339	0.632317	0.620218	0.6224	0.622394	0.621296	0.406333	0.543954	0.392291	0.481389	0.474078	0.372666	0.517984	0.49883	0.492093	0.48649	0.484652	0.482561	0.535186	0.543177	0.542446	0.514568	0.513853	0.511642	0.562276	0.571795	0.573477	0.539708	0.545622	0.554547	0.537615	0.537981	0.526958	0.553244	0.551148	0.545084	0.52247	0.607312	0.610582	0.555108	0.553017	0.552448	0.600807	0.618709	0.619898	0.577372	0.582982	0.584295	0.942175	0.962103	0.968126	0.965998	0.965048	0.965919	0.563138	0.551766	0.550151	0.541303	0.555492	0.552152	0.519898	0.553825	0.556743	0.53822	0.536624	0.537491
ERR610183-k20-n1-x5e9	0.359037	0.362334	0.364583	0.334403	0.371313	0.371237	0.264682	0.388447	0	0.28171	0.277688	0.281968	0.525275	0.427846	0.416839	0.476443	0.470645	0.483849	0.353692	0.424488	0.328419	0.367329	0.363145	0.36297	0.374352	0.37462	0.367179	0.335515	0.380357	0.377634	0.494113	0.508281	0.499995	0.500146	0.500301	0.499213	0.352473	0.388278	0.35336	0.341825	0.338873	0.40719	0.38518	0.376742	0.372971	0.369987	0.380464	0.37813	0.463122	0.461493	0.463212	0.487984	0.484811	0.486234	0.483879	0.484369	0.489756	0.481026	0.480785	0.481799	0.487659	0.488138	0.565061	0.485377	0.484474	0.486056	0.471116	0.493108	0.494512	0.474748	0.475382	0.475433	0.472696	0.486275	0.490317	0.453795	0.456146	0.45696	0.927425	0.931696	0.934082	0.934105	0.933166	0.933739	0.462504	0.459913	0.460962	0.453112	0.477405	0.473764	0.530683	0.487863	0.489121	0.515926	0.516597	0.518879
ERR610184-k20-n1-x5e9	0.330045	0.33297	0.339743	0.342043	0.33679	0.337366	0.254218	0.456024	0.28171	0	0.24243	0.241773	0.574346	0.472137	0.459296	0.53066	0.524258	0.538177	0.346296	0.363269	0.367771	0.32776	0.325899	0.425229	0.329775	0.330564	0.327115	0.328048	0.333983	0.332746	0.446788	0.457732	0.450995	0.451168	0.451205	0.450713	0.378959	0.339955	0.41144	0.330072	0.332154	0.47616	0.370875	0.373331	0.372785	0.376993	0.379811	0.379677	0.46371	0.458192	0.458083	0.515025	0.511047	0.513681	0.461566	0.456733	0.460641	0.473492	0.46911	0.464611	0.51306	0.512989	0.611902	0.488403	0.48877	0.494518	0.488941	0.477034	0.477236	0.486035	0.487076	0.488289	0.420823	0.431567	0.435116	0.408343	0.40995	0.410148	0.927194	0.925759	0.926363	0.927373	0.926332	0.926841	0.42595	0.428561	0.430756	0.427339	0.445847	0.443369	0.569519	0.508985	0.50908	0.554114	0.554446	0.557293
ERR610185-k20-n1-x5e9	0.331251	0.334071	0.340651	0.340387	0.338456	0.338974	0.252282	0.450756	0.277688	0.24243	0	0.242103	0.570007	0.467558	0.454692	0.525934	0.519348	0.533344	0.345416	0.366423	0.36364	0.329413	0.327414	0.420309	0.331857	0.33256	0.328664	0.327269	0.336069	0.335089	0.448872	0.459979	0.453283	0.45333	0.453374	0.452957	0.37573	0.34164	0.406266	0.328983	0.330707	0.470411	0.37018	0.371938	0.371016	0.374922	0.378359	0.378156	0.462322	0.457436	0.457226	0.51234	0.508252	0.510916	0.462751	0.458285	0.462241	0.473745	0.469603	0.465413	0.509986	0.509862	0.608042	0.486777	0.486989	0.492665	0.486189	0.476522	0.476794	0.483822	0.484818	0.485895	0.423055	0.434043	0.437619	0.410139	0.411877	0.412044	0.927093	0.925942	0.926657	0.927612	0.926603	0.927077	0.427768	0.430042	0.432235	0.428327	0.447476	0.444857	0.565617	0.505757	0.506087	0.550369	0.550707	0.553411
ERR610186-k20-n1-x5e9	0.331434	0.334453	0.341323	0.343308	0.338075	0.338862	0.253841	0.456665	0.281968	0.241773	0.242103	0	0.574692	0.471911	0.459045	0.53085	0.524331	0.538057	0.347539	0.362988	0.368345	0.328182	0.326259	0.426078	0.329962	0.330531	0.327173	0.328218	0.33395	0.332908	0.446275	0.456978	0.450419	0.450431	0.450452	0.450094	0.379979	0.339736	0.41156	0.330034	0.332327	0.47633	0.370772	0.373157	0.372656	0.37684	0.380119	0.379809	0.463357	0.458069	0.458029	0.515315	0.511169	0.513726	0.462579	0.457512	0.461566	0.474533	0.470172	0.465868	0.512496	0.512497	0.611975	0.488037	0.488411	0.494153	0.488605	0.476009	0.476275	0.485559	0.486393	0.487561	0.420249	0.43081	0.434456	0.408185	0.4097	0.409769	0.927468	0.925803	0.926366	0.92738	0.926391	0.92689	0.426386	0.429261	0.431578	0.428044	0.446573	0.44401	0.569406	0.508097	0.50826	0.553782	0.554129	0.556912
ERR607585-k20-n1-x5e9	0.575245	0.576217	0.57013	0.537857	0.582935	0.582127	0.55938	0.456565	0.525275	0.574346	0.570007	0.574692	0	0.367955	0.3849	0.336007	0.337014	0.332101	0.528386	0.629758	0.486626	0.581729	0.577419	0.455896	0.587104	0.584939	0.573282	0.53788	0.589092	0.585358	0.690107	0.700356	0.693168	0.695385	0.695206	0.695066	0.507346	0.613895	0.491458	0.562851	0.556855	0.471836	0.54627	0.526818	0.520653	0.513988	0.51295	0.510755	0.605079	0.612305	0.611893	0.584514	0.585073	0.582153	0.670594	0.676917	0.677473	0.656242	0.660455	0.666059	0.570608	0.570555	0.557488	0.590044	0.587913	0.581344	0.572148	0.647222	0.650268	0.599224	0.597828	0.597309	0.671213	0.682701	0.681287	0.660625	0.664451	0.665218	0.983912	0.997751	1.00235	1.00102	0.999905	1.00068	0.66517	0.661587	0.661729	0.657709	0.666835	0.665433	0.563418	0.591992	0.593997	0.578376	0.577449	0.577208
ERR607586-k20-n1-x5e9	0.483726	0.48617	0.485194	0.452379	0.493248	0.492855	0.454138	0.446231	0.427846	0.472137	0.467558	0.471911	0.367955	0	0.288868	0.318403	0.313823	0.325474	0.440503	0.523687	0.390707	0.472987	0.468858	0.38599	0.478273	0.477447	0.468629	0.427028	0.482809	0.479189	0.608604	0.616401	0.611088	0.612376	0.612108	0.61216	0.435429	0.508309	0.412503	0.457867	0.452655	0.426003	0.428934	0.410436	0.404441	0.396333	0.405303	0.401774	0.531429	0.534653	0.535912	0.526297	0.526339	0.52435	0.608768	0.611629	0.614297	0.59987	0.601995	0.605349	0.495269	0.495307	0.533879	0.512076	0.510036	0.506649	0.499842	0.55198	0.554723	0.512453	0.511553	0.511391	0.584803	0.59386	0.593683	0.576928	0.579297	0.579705	0.964743	0.969899	0.972706	0.972575	0.971386	0.971928	0.593587	0.594207	0.595603	0.591777	0.60673	0.60515	0.518658	0.508753	0.510412	0.512881	0.512461	0.513303
ERR607587-k20-n1-x5e9	0.474995	0.477932	0.47835	0.445562	0.484901	0.484561	0.439981	0.45202	0.416839	0.459296	0.454692	0.459045	0.3849	0.288868	0	0.328692	0.3238	0.337201	0.434077	0.509189	0.382006	0.458944	0.455014	0.384257	0.464089	0.463894	0.45636	0.413222	0.46939	0.466063	0.599566	0.606287	0.601716	0.602699	0.602414	0.602545	0.432064	0.493831	0.40693	0.444771	0.439944	0.426377	0.413344	0.395677	0.390028	0.381356	0.394198	0.390004	0.524619	0.526691	0.52858	0.522154	0.521829	0.520469	0.604482	0.606417	0.60995	0.596392	0.598149	0.601201	0.488102	0.488163	0.535856	0.504917	0.503133	0.500415	0.493087	0.538872	0.541351	0.501612	0.500836	0.500886	0.574863	0.58294	0.583326	0.567784	0.569465	0.569801	0.964244	0.967711	0.970023	0.970138	0.968962	0.969441	0.587568	0.58907	0.590943	0.586908	0.603484	0.601771	0.516897	0.498129	0.499667	0.505799	0.506187	0.506705
ERR607588-k20-n1-x5e9	0.540816	0.542812	0.540226	0.501231	0.550469	0.549873	0.51003	0.443896	0.476443	0.53066	0.525934	0.53085	0.336007	0.318403	0.328692	0	0.300362	0.301922	0.496341	0.588772	0.436433	0.536891	0.532458	0.410039	0.543278	0.542124	0.532956	0.488302	0.547509	0.543522	0.660025	0.668821	0.662904	0.664298	0.664145	0.664017	0.476599	0.569659	0.441767	0.514646	0.508459	0.43106	0.494651	0.474388	0.468308	0.45906	0.46756	0.464065	0.573876	0.579054	0.580319	0.553477	0.554241	0.551435	0.649756	0.654504	0.657015	0.635836	0.639426	0.644371	0.528778	0.528509	0.534458	0.556255	0.553993	0.548031	0.538578	0.602155	0.605169	0.554336	0.553433	0.552758	0.639808	0.649504	0.649649	0.629287	0.63196	0.632572	0.978143	0.98717	0.990766	0.990118	0.988887	0.9895	0.639784	0.637895	0.638797	0.633598	0.648946	0.646881	0.536542	0.546203	0.548075	0.535601	0.535131	0.534673
ERR607589-k20-n1-x5e9	0.533447	0.535645	0.533112	0.494814	0.543426	0.542777	0.503794	0.442936	0.470645	0.524258	0.519348	0.524331	0.337014	0.313823	0.3238	0.300362	0	0.302261	0.488682	0.581275	0.430526	0.529192	0.524851	0.406413	0.535732	0.534498	0.525311	0.481094	0.539793	0.536061	0.6543	0.663206	0.657201	0.658749	0.658471	0.658177	0.470614	0.562555	0.437384	0.507447	0.501659	0.429439	0.487291	0.466981	0.461046	0.452139	0.459946	0.456259	0.569272	0.57404	0.575376	0.550659	0.551619	0.548648	0.644679	0.649208	0.651784	0.631246	0.634558	0.639579	0.525254	0.525238	0.534173	0.551417	0.549135	0.543335	0.534361	0.597131	0.600187	0.550316	0.549263	0.548566	0.633636	0.643411	0.643558	0.623282	0.626006	0.62669	0.97654	0.985216	0.988739	0.988069	0.986871	0.987476	0.634219	0.632438	0.63332	0.628388	0.643447	0.641494	0.535001	0.543059	0.544847	0.53407	0.533638	0.533298
ERR607590-k20-n1-x5e9	0.546366	0.548341	0.545415	0.506843	0.55601	0.555321	0.517888	0.445353	0.483849	0.538177	0.533344	0.538057	0.332101	0.325474	0.337201	0.301922	0.302261	0	0.501717	0.596129	0.443431	0.544337	0.539812	0.415478	0.550813	0.549528	0.540182	0.496245	0.554767	0.551134	0.666141	0.675187	0.669106	0.670551	0.670293	0.670164	0.481179	0.57692	0.447289	0.522042	0.515856	0.434759	0.503677	0.483144	0.477255	0.468134	0.47549	0.472105	0.580647	0.58607	0.587142	0.560128	0.561414	0.558259	0.654241	0.659163	0.661441	0.640123	0.643893	0.648766	0.536263	0.536043	0.538507	0.563354	0.561047	0.555079	0.545506	0.61036	0.613284	0.56247	0.561559	0.560675	0.64606	0.656189	0.656196	0.635417	0.638206	0.638936	0.979801	0.989424	0.993094	0.992306	0.991101	0.991776	0.644076	0.641945	0.642755	0.637637	0.652311	0.650355	0.542337	0.554641	0.556455	0.543388	0.542594	0.54232
ERR607176-k20-n1-x5e9	0.310731	0.30925	0.306693	0.308318	0.316423	0.315493	0.357945	0.449555	0.353692	0.346296	0.345416	0.347539	0.528386	0.440503	0.434077	0.496341	0.488682	0.501717	0	0.356166	0.304268	0.301973	0.298563	0.356372	0.3608	0.356325	0.34328	0.342585	0.361137	0.358156	0.488748	0.505308	0.493733	0.496919	0.496488	0.496278	0.32992	0.373812	0.384367	0.343293	0.341644	0.438773	0.372084	0.364727	0.360786	0.370058	0.347269	0.349697	0.468959	0.470027	0.467077	0.511566	0.507605	0.509421	0.469351	0.471035	0.470345	0.471183	0.46976	0.469381	0.514994	0.514195	0.590133	0.487567	0.488011	0.489953	0.482896	0.51932	0.521114	0.507891	0.504819	0.506304	0.47009	0.486529	0.48522	0.455514	0.461337	0.461876	0.923653	0.931231	0.934072	0.933677	0.932231	0.933008	0.437329	0.432583	0.432954	0.431986	0.436363	0.435239	0.549199	0.531143	0.531885	0.558403	0.556116	0.558516
ERR607177-k20-n1-x5e9	0.358879	0.360514	0.374558	0.40399	0.357992	0.35948	0.384647	0.578165	0.424488	0.363269	0.366423	0.362988	0.629758	0.523687	0.509189	0.588772	0.581275	0.596129	0.356166	0	0.409125	0.270458	0.275071	0.483265	0.328068	0.32985	0.338978	0.371323	0.33209	0.334144	0.453269	0.451827	0.452202	0.45257	0.451902	0.452972	0.451009	0.319121	0.490389	0.363201	0.370981	0.556418	0.357854	0.375117	0.380501	0.392487	0.388058	0.389424	0.509704	0.501015	0.500128	0.575441	0.571623	0.574662	0.513298	0.502926	0.504761	0.535607	0.528452	0.519613	0.553129	0.552793	0.66819	0.512482	0.514529	0.52408	0.529717	0.4766	0.475287	0.515919	0.515456	0.51753	0.429984	0.428955	0.430074	0.437299	0.436619	0.435622	0.949686	0.940528	0.938496	0.940981	0.939411	0.939741	0.450742	0.46199	0.46703	0.470838	0.478522	0.478472	0.622387	0.548703	0.547198	0.604734	0.604091	0.606833
ERR607178-k20-n1-x5e9	0.361228	0.362658	0.363492	0.325561	0.373444	0.373242	0.352334	0.405028	0.328419	0.367771	0.36364	0.368345	0.486626	0.390707	0.382006	0.436433	0.430526	0.443431	0.304268	0.409125	0	0.340065	0.334616	0.289076	0.393221	0.391322	0.382101	0.34158	0.398461	0.394924	0.531749	0.546261	0.537166	0.538618	0.53833	0.537673	0.333994	0.405442	0.32374	0.346108	0.340486	0.370339	0.367844	0.35146	0.346474	0.343805	0.346638	0.343996	0.476209	0.477684	0.479035	0.489006	0.486567	0.487284	0.511837	0.515497	0.518866	0.501048	0.502802	0.506453	0.478738	0.478456	0.542758	0.482257	0.481284	0.480142	0.464972	0.509619	0.512002	0.478063	0.475913	0.475654	0.515307	0.528981	0.53081	0.497973	0.501703	0.502504	0.93341	0.941398	0.944455	0.944005	0.94254	0.943333	0.487851	0.483023	0.483722	0.476936	0.495747	0.49273	0.513223	0.490977	0.492445	0.506725	0.505056	0.506916
ERR607179-k20-n1-x5e9	0.322195	0.323829	0.335431	0.347901	0.326412	0.327524	0.340526	0.516663	0.367329	0.32776	0.329413	0.328182	0.581729	0.472987	0.458944	0.536891	0.529192	0.544337	0.301973	0.270458	0.340065	0	0.243373	0.411857	0.312135	0.311909	0.314465	0.325111	0.316919	0.316763	0.460217	0.466689	0.462297	0.463199	0.462752	0.462943	0.391729	0.311937	0.424144	0.318332	0.32269	0.491041	0.32839	0.336085	0.338825	0.348227	0.344352	0.344746	0.480473	0.474137	0.473714	0.536329	0.532549	0.535026	0.489472	0.483477	0.486057	0.502999	0.497845	0.492051	0.517877	0.517559	0.625358	0.487673	0.488905	0.495824	0.494573	0.470953	0.470853	0.487929	0.486117	0.487724	0.438582	0.444781	0.446453	0.434276	0.435889	0.435564	0.937592	0.933719	0.933409	0.934904	0.933186	0.933701	0.438681	0.44367	0.447589	0.446911	0.459802	0.458398	0.582062	0.518341	0.517791	0.566076	0.56474	0.567291
ERR607180-k20-n1-x5e9	0.320143	0.321743	0.332897	0.343613	0.324576	0.325557	0.337947	0.511544	0.363145	0.325899	0.327414	0.326259	0.577419	0.468858	0.455014	0.532458	0.524851	0.539812	0.298563	0.275071	0.334616	0.243373	0	0.406095	0.312809	0.312488	0.314095	0.322549	0.317585	0.317158	0.461743	0.468976	0.464189	0.46532	0.464689	0.46491	0.38715	0.313633	0.418874	0.316311	0.320037	0.485742	0.327696	0.334254	0.336692	0.345637	0.341863	0.341957	0.479083	0.473133	0.472673	0.533818	0.529991	0.532569	0.488483	0.482868	0.485296	0.501074	0.496133	0.490661	0.515917	0.515522	0.622311	0.486782	0.48804	0.494591	0.492633	0.471704	0.472048	0.486715	0.484898	0.486326	0.44054	0.447443	0.449056	0.435206	0.437217	0.437052	0.93691	0.933461	0.933297	0.934704	0.93301	0.933536	0.438766	0.443221	0.447075	0.445919	0.459094	0.457673	0.579161	0.516879	0.516232	0.563539	0.562141	0.564637
ERR607181-k20-n1-x5e9	0.419163	0.420149	0.416932	0.36713	0.431943	0.431219	0.403963	0.369743	0.36297	0.425229	0.420309	0.426078	0.455896	0.38599	0.384257	0.410039	0.406413	0.415478	0.356372	0.483265	0.289076	0.411857	0.406095	0	0.457009	0.454712	0.443751	0.395211	0.461714	0.45751	0.581431	0.597236	0.587335	0.588958	0.588837	0.58788	0.354267	0.470642	0.322392	0.401696	0.393979	0.336422	0.422931	0.40169	0.394933	0.388733	0.391284	0.387755	0.503099	0.508037	0.50935	0.492346	0.491224	0.490213	0.547333	0.554296	0.557034	0.527646	0.532178	0.539136	0.489916	0.489477	0.517797	0.506629	0.504937	0.500184	0.480716	0.549319	0.552645	0.501581	0.49892	0.498033	0.56718	0.581886	0.583597	0.547408	0.551796	0.5528	0.94036	0.953895	0.958318	0.957098	0.955687	0.956464	0.532864	0.524983	0.525164	0.516735	0.534594	0.531325	0.502089	0.506807	0.508816	0.504102	0.501511	0.502455
ERR609283-k20-n1-x5e9	0.346508	0.349104	0.359844	0.373986	0.350188	0.351249	0.343545	0.5266	0.374352	0.329775	0.331857	0.329962	0.587104	0.478273	0.464089	0.543278	0.535732	0.550813	0.3608	0.328068	0.393221	0.312135	0.312809	0.457009	0	0.244378	0.249188	0.273259	0.24999	0.250377	0.452826	0.456936	0.45391	0.454814	0.454506	0.454855	0.405496	0.314012	0.441224	0.330202	0.335087	0.50872	0.334025	0.344214	0.346823	0.356103	0.354006	0.354627	0.482132	0.475062	0.474595	0.541736	0.538204	0.541016	0.490649	0.483737	0.48655	0.507007	0.501354	0.495006	0.518621	0.518412	0.629109	0.484612	0.486334	0.494374	0.496693	0.464439	0.464416	0.488754	0.487896	0.490133	0.427955	0.432847	0.433907	0.427541	0.428337	0.427795	0.93858	0.933058	0.932306	0.934191	0.932544	0.933077	0.441705	0.449307	0.453216	0.453733	0.465833	0.464661	0.588321	0.519934	0.519044	0.57194	0.57138	0.574077
ERR609284-k20-n1-x5e9	0.343656	0.345567	0.355966	0.370774	0.346908	0.347975	0.345268	0.523941	0.37462	0.330564	0.33256	0.330531	0.584939	0.477447	0.463894	0.542124	0.534498	0.549528	0.356325	0.32985	0.391322	0.311909	0.312488	0.454712	0.244378	0	0.246911	0.272837	0.249278	0.249573	0.453582	0.458471	0.45473	0.456032	0.455715	0.456182	0.401381	0.315654	0.439794	0.329808	0.334468	0.506849	0.335004	0.344148	0.346589	0.356519	0.351135	0.352483	0.481588	0.475062	0.474159	0.541375	0.537818	0.54033	0.488609	0.481901	0.484354	0.504587	0.498983	0.492933	0.518784	0.518417	0.627858	0.483673	0.485239	0.493202	0.495611	0.4676	0.467769	0.490298	0.488778	0.49097	0.429006	0.434583	0.435041	0.428105	0.429384	0.429025	0.93764	0.932793	0.932246	0.934029	0.932278	0.932833	0.439603	0.446374	0.450354	0.451125	0.461821	0.460606	0.587116	0.521659	0.520862	0.572558	0.571625	0.574424
ERR609285-k20-n1-x5e9	0.335466	0.337195	0.344308	0.3597	0.338713	0.339383	0.342878	0.509835	0.367179	0.327115	0.328664	0.327173	0.573282	0.468629	0.45636	0.532956	0.525311	0.540182	0.34328	0.338978	0.382101	0.314465	0.314095	0.443751	0.249188	0.246911	0	0.270171	0.252312	0.251832	0.454352	0.461958	0.456399	0.458273	0.457868	0.458264	0.38752	0.322819	0.430953	0.329249	0.332936	0.496668	0.337559	0.344048	0.34523	0.355592	0.346232	0.347674	0.475604	0.470397	0.468857	0.534173	0.530679	0.533227	0.479501	0.474402	0.476052	0.49462	0.489463	0.48394	0.515242	0.515039	0.619876	0.479773	0.481177	0.488193	0.490261	0.47388	0.47449	0.490879	0.489017	0.491236	0.429369	0.437851	0.437571	0.426143	0.428781	0.428528	0.933483	0.930731	0.930891	0.932248	0.93057	0.93116	0.43411	0.439344	0.442783	0.443506	0.452643	0.451646	0.579407	0.521543	0.521014	0.568996	0.567989	0.570811
ERR609286-k20-n1-x5e9	0.347685	0.350474	0.358412	0.347146	0.356567	0.357107	0.325035	0.471855	0.335515	0.328048	0.327269	0.328218	0.53788	0.427028	0.413222	0.488302	0.481094	0.496245	0.342585	0.371323	0.34158	0.325111	0.322549	0.395211	0.273259	0.272837	0.270171	0	0.28032	0.277973	0.482675	0.490918	0.485763	0.486487	0.486297	0.486174	0.366227	0.339506	0.381867	0.315212	0.315231	0.445943	0.325111	0.323273	0.321933	0.32535	0.329814	0.328425	0.469723	0.465375	0.466405	0.511149	0.508182	0.510026	0.496789	0.494211	0.498262	0.501286	0.498702	0.496827	0.485569	0.485567	0.584415	0.468975	0.469484	0.474168	0.468258	0.466454	0.467621	0.465919	0.464645	0.465758	0.460038	0.468648	0.470626	0.451782	0.45346	0.453584	0.935499	0.9345	0.935134	0.936236	0.934635	0.935204	0.45883	0.461478	0.464535	0.460995	0.47866	0.476314	0.548234	0.490778	0.490798	0.531702	0.530905	0.533189
ERR609287-k20-n1-x5e9	0.347543	0.349507	0.359149	0.37647	0.346752	0.347888	0.350538	0.528826	0.380357	0.333983	0.336069	0.33395	0.589092	0.482809	0.46939	0.547509	0.539793	0.554767	0.361137	0.33209	0.398461	0.316919	0.317585	0.461714	0.24999	0.249278	0.252312	0.28032	0	0.247221	0.453635	0.458348	0.454557	0.455981	0.45559	0.456117	0.406571	0.319488	0.446685	0.33603	0.340816	0.513288	0.341027	0.350846	0.353491	0.363516	0.35781	0.359094	0.484313	0.477891	0.476594	0.544696	0.541141	0.543913	0.4895	0.482796	0.484906	0.506342	0.500536	0.494277	0.523529	0.523383	0.6323	0.485862	0.487336	0.495232	0.499856	0.470851	0.471043	0.494724	0.493351	0.49557	0.428654	0.434451	0.434709	0.428389	0.429755	0.429395	0.938137	0.933176	0.932611	0.934366	0.93265	0.933183	0.440694	0.447814	0.451931	0.452901	0.462777	0.461894	0.590857	0.525884	0.525005	0.576915	0.576079	0.578884
ERR609288-k20-n1-x5e9	0.345982	0.348091	0.357501	0.373523	0.345677	0.346315	0.348702	0.524582	0.377634	0.332746	0.335089	0.332908	0.585358	0.479189	0.466063	0.543522	0.536061	0.551134	0.358156	0.334144	0.394924	0.316763	0.317158	0.45751	0.250377	0.249573	0.251832	0.277973	0.247221	0	0.454895	0.460137	0.45603	0.457459	0.456975	0.457606	0.402796	0.320295	0.442651	0.334043	0.338438	0.5089	0.339709	0.348564	0.350978	0.36094	0.35478	0.356005	0.482664	0.476617	0.475341	0.542445	0.538938	0.541627	0.488733	0.482433	0.484437	0.504843	0.499304	0.493148	0.521245	0.520988	0.62943	0.483897	0.485363	0.493077	0.497492	0.470735	0.471063	0.493065	0.491493	0.493707	0.430167	0.436275	0.436363	0.429147	0.430896	0.430478	0.937478	0.932915	0.932423	0.934166	0.932467	0.93297	0.4404	0.447212	0.451188	0.451846	0.462048	0.461023	0.588327	0.524088	0.523287	0.574415	0.573527	0.576313
ERR607699-k20-n1-x5e9	0.456356	0.457626	0.463142	0.48675	0.455589	0.456103	0.465919	0.613339	0.494113	0.446788	0.448872	0.446275	0.690107	0.608604	0.599566	0.660025	0.6543	0.666141	0.488748	0.453269	0.531749	0.460217	0.461743	0.581431	0.452826	0.453582	0.454352	0.482675	0.453635	0.454895	0	0.243832	0.237694	0.239101	0.239297	0.238979	0.532503	0.461878	0.574432	0.488525	0.493073	0.626329	0.497779	0.508472	0.509403	0.518777	0.51276	0.514398	0.393197	0.382262	0.379701	0.479391	0.474839	0.478978	0.347228	0.331306	0.333595	0.384021	0.37289	0.359298	0.490801	0.490198	0.615803	0.439618	0.442339	0.452549	0.468801	0.424241	0.423785	0.462616	0.463765	0.46682	0.302838	0.313023	0.314343	0.3015	0.301563	0.301139	0.907638	0.900143	0.899022	0.900938	0.900068	0.900231	0.344509	0.357562	0.361316	0.366158	0.375214	0.375662	0.571818	0.496851	0.494662	0.557538	0.558885	0.561705
ERR607700-k20-n1-x5e9	0.472505	0.474162	0.481383	0.505295	0.471612	0.472247	0.476191	0.632317	0.508281	0.457732	0.459979	0.456978	0.700356	0.616401	0.606287	0.668821	0.663206	0.675187	0.505308	0.451827	0.546261	0.466689	0.468976	0.597236	0.456936	0.458471	0.461958	0.490918	0.458348	0.460137	0.243832	0	0.240443	0.239577	0.239796	0.240316	0.550059	0.464445	0.588667	0.497219	0.502537	0.641336	0.498543	0.511371	0.512941	0.52223	0.51851	0.519911	0.41154	0.398969	0.397017	0.498494	0.494108	0.498084	0.381767	0.364616	0.367466	0.418548	0.4077	0.393803	0.499063	0.4987	0.629466	0.446535	0.449452	0.461189	0.479184	0.414258	0.412868	0.46535	0.46698	0.470304	0.305064	0.306239	0.308441	0.314827	0.311844	0.31075	0.917367	0.90655	0.904321	0.906811	0.905989	0.906067	0.366277	0.383151	0.387756	0.39355	0.402421	0.403208	0.583764	0.499258	0.496566	0.565278	0.566745	0.569603
ERR607701-k20-n1-x5e9	0.461518	0.462868	0.468813	0.493333	0.460442	0.461091	0.470698	0.620218	0.499995	0.450995	0.453283	0.450419	0.693168	0.611088	0.601716	0.662904	0.657201	0.669106	0.493733	0.452202	0.537166	0.462297	0.464189	0.587335	0.45391	0.45473	0.456399	0.485763	0.454557	0.45603	0.237694	0.240443	0	0.238489	0.238448	0.238521	0.538336	0.462713	0.580075	0.491884	0.49674	0.632201	0.497809	0.509185	0.510408	0.519866	0.514026	0.515505	0.399669	0.388204	0.385312	0.486485	0.482013	0.486107	0.359594	0.343223	0.345035	0.396545	0.385283	0.3716	0.494212	0.493665	0.620866	0.44107	0.443879	0.454807	0.472316	0.421548	0.420877	0.464372	0.46551	0.468783	0.302255	0.309896	0.310412	0.305707	0.305238	0.304353	0.910911	0.902345	0.900891	0.902911	0.902052	0.90223	0.351229	0.365892	0.369917	0.375581	0.38353	0.384121	0.575926	0.498406	0.496118	0.560941	0.562142	0.565071
ERR607702-k20-n1-x5e9	0.464154	0.465555	0.472182	0.495579	0.463236	0.46406	0.469836	0.6224	0.500146	0.451168	0.45333	0.450431	0.695385	0.612376	0.602699	0.664298	0.658749	0.670551	0.496919	0.45257	0.538618	0.463199	0.46532	0.588958	0.454814	0.456032	0.458273	0.486487	0.455981	0.457459	0.239101	0.239577	0.238489	0	0.236547	0.236681	0.541061	0.462863	0.581081	0.492515	0.497439	0.633439	0.498329	0.510059	0.511164	0.520454	0.515986	0.517316	0.401503	0.389494	0.387384	0.487879	0.483398	0.487453	0.363899	0.347192	0.349874	0.400555	0.389526	0.37578	0.494859	0.494386	0.62259	0.44336	0.446112	0.457	0.473699	0.419053	0.418015	0.463885	0.465163	0.468406	0.302824	0.308571	0.310482	0.306703	0.305078	0.304129	0.912273	0.903018	0.901359	0.90349	0.902713	0.902879	0.354927	0.369926	0.373809	0.379229	0.388601	0.389119	0.577469	0.497467	0.494917	0.560917	0.562291	0.565195
ERR607703-k20-n1-x5e9	0.463961	0.465351	0.47198	0.4956	0.463163	0.463751	0.470077	0.622394	0.500301	0.451205	0.453374	0.450452	0.695206	0.612108	0.602414	0.664145	0.658471	0.670293	0.496488	0.451902	0.53833	0.462752	0.464689	0.588837	0.454506	0.455715	0.457868	0.486297	0.45559	0.456975	0.239297	0.239796	0.238448	0.236547	0	0.236831	0.540773	0.46253	0.580859	0.492188	0.497115	0.633428	0.497764	0.509601	0.510695	0.520055	0.51529	0.516702	0.40196	0.390039	0.387758	0.488572	0.484061	0.48813	0.364528	0.347932	0.350484	0.401437	0.390288	0.37654	0.495152	0.494615	0.622906	0.443336	0.446137	0.457011	0.473611	0.418663	0.417661	0.463674	0.465021	0.468356	0.302804	0.308437	0.310156	0.307082	0.305303	0.304591	0.912428	0.903212	0.901504	0.903654	0.902821	0.903011	0.355135	0.37019	0.374294	0.379724	0.388911	0.389389	0.577512	0.497516	0.494925	0.56103	0.562464	0.565297
ERR607704-k20-n1-x5e9	0.463448	0.464953	0.471356	0.494662	0.462736	0.463464	0.469226	0.621296	0.499213	0.450713	0.452957	0.450094	0.695066	0.61216	0.602545	0.664017	0.658177	0.670164	0.496278	0.452972	0.537673	0.462943	0.46491	0.58788	0.454855	0.456182	0.458264	0.486174	0.456117	0.457606	0.238979	0.240316	0.238521	0.236681	0.236831	0	0.540177	0.462772	0.580202	0.491985	0.496902	0.63243	0.498684	0.510244	0.511309	0.520439	0.516211	0.517515	0.400472	0.388603	0.386356	0.486625	0.482177	0.486234	0.361684	0.345091	0.347887	0.39835	0.387175	0.373558	0.494475	0.494049	0.621799	0.44339	0.446172	0.457063	0.473128	0.419501	0.418491	0.463406	0.464786	0.468081	0.303159	0.309481	0.311583	0.306176	0.304619	0.303761	0.911658	0.902707	0.901002	0.903137	0.902365	0.902523	0.353773	0.368432	0.372442	0.377508	0.387333	0.387733	0.576842	0.497244	0.494703	0.560234	0.561753	0.564567
ERR607212-k20-n1-x5e9	0.366784	0.365645	0.360422	0.337339	0.375096	0.374093	0.376636	0.406333	0.352473	0.378959	0.37573	0.379979	0.507346	0.435429	0.432064	0.476599	0.470614	0.481179	0.32992	0.451009	0.333994	0.391729	0.38715	0.354267	0.405496	0.401381	0.38752	0.366227	0.406571	0.402796	0.532503	0.550059	0.538336	0.541061	0.540773	0.540177	0	0.379961	0.307455	0.322541	0.316574	0.353178	0.413943	0.399431	0.393791	0.396861	0.382335	0.382944	0.481696	0.485556	0.483519	0.502195	0.499012	0.49958	0.503188	0.508015	0.507953	0.494723	0.496249	0.500073	0.508398	0.507878	0.56199	0.495084	0.494582	0.493295	0.477668	0.536841	0.539393	0.507845	0.504498	0.505416	0.517641	0.534513	0.534069	0.499989	0.505742	0.506619	0.930343	0.942305	0.94623	0.945221	0.943843	0.944761	0.462323	0.454115	0.454155	0.449864	0.457751	0.45574	0.52264	0.522417	0.52391	0.536112	0.533615	0.535864
ERR607213-k20-n1-x5e9	0.357721	0.35982	0.372901	0.38788	0.360892	0.362012	0.353936	0.543954	0.388278	0.339955	0.34164	0.339736	0.613895	0.508309	0.493831	0.569659	0.562555	0.57692	0.373812	0.319121	0.405442	0.311937	0.313633	0.470642	0.314012	0.315654	0.322819	0.339506	0.319488	0.320295	0.461878	0.464445	0.462713	0.462863	0.46253	0.462772	0.379961	0	0.41693	0.279664	0.287324	0.490588	0.354998	0.366322	0.370597	0.379299	0.380232	0.380611	0.495685	0.488288	0.488013	0.55445	0.550842	0.553495	0.507768	0.499498	0.502613	0.524449	0.518408	0.511654	0.53194	0.531617	0.643838	0.499465	0.500705	0.508998	0.508233	0.467959	0.467538	0.495795	0.494812	0.49671	0.442414	0.444943	0.447249	0.442443	0.44276	0.441962	0.946183	0.939738	0.93851	0.940576	0.938917	0.93935	0.436369	0.444471	0.449172	0.449389	0.462716	0.461743	0.597529	0.525926	0.524974	0.578366	0.577679	0.580133
ERR607214-k20-n1-x5e9	0.418714	0.419585	0.419542	0.37157	0.431237	0.430742	0.388707	0.392291	0.35336	0.41144	0.406266	0.41156	0.491458	0.412503	0.40693	0.441767	0.437384	0.447289	0.384367	0.490389	0.32374	0.424144	0.418874	0.322392	0.441224	0.439794	0.430953	0.381867	0.446685	0.442651	0.574432	0.588667	0.580075	0.581081	0.580859	0.580202	0.307455	0.41693	0	0.342505	0.334132	0.300129	0.421119	0.401901	0.396675	0.390305	0.398632	0.394904	0.499471	0.502903	0.504634	0.495703	0.494295	0.493814	0.551079	0.55591	0.559918	0.535175	0.538203	0.543949	0.486659	0.486761	0.531496	0.501749	0.499993	0.49706	0.476171	0.533406	0.536228	0.49025	0.488072	0.487368	0.561267	0.574552	0.576957	0.542746	0.546472	0.54726	0.945314	0.955322	0.958887	0.958255	0.956795	0.957582	0.514966	0.508426	0.509212	0.500185	0.52162	0.518264	0.504281	0.495056	0.496912	0.498508	0.496698	0.498261
ERR607215-k20-n1-x5e9	0.347884	0.349767	0.359012	0.349589	0.355831	0.35659	0.329357	0.481389	0.341825	0.330072	0.328983	0.330034	0.562851	0.457867	0.444771	0.514646	0.507447	0.522042	0.343293	0.363201	0.346108	0.318332	0.316311	0.401696	0.330202	0.329808	0.329249	0.315212	0.33603	0.334043	0.488525	0.497219	0.491884	0.492515	0.492188	0.491985	0.322541	0.279664	0.342505	0	0.25154	0.413975	0.345318	0.344261	0.345104	0.34873	0.352519	0.351235	0.478344	0.474136	0.474628	0.519565	0.516097	0.517918	0.505053	0.502157	0.505768	0.51008	0.506936	0.504785	0.498747	0.49874	0.597572	0.481362	0.48177	0.486182	0.477467	0.473028	0.473862	0.472919	0.47125	0.471938	0.470506	0.478833	0.481186	0.461284	0.463469	0.463501	0.940182	0.939225	0.939743	0.940789	0.939115	0.939699	0.445665	0.447592	0.451269	0.44699	0.464923	0.462658	0.554074	0.49725	0.497327	0.536644	0.535236	0.537461
ERR607216-k20-n1-x5e9	0.349263	0.351094	0.359627	0.347012	0.357779	0.358543	0.329638	0.474078	0.338873	0.332154	0.330707	0.332327	0.556855	0.452655	0.439944	0.508459	0.501659	0.515856	0.341644	0.370981	0.340486	0.32269	0.320037	0.393979	0.335087	0.334468	0.332936	0.315231	0.340816	0.338438	0.493073	0.502537	0.49674	0.497439	0.497115	0.496902	0.316574	0.287324	0.334132	0.25154	0	0.405013	0.346584	0.343667	0.343994	0.347262	0.350744	0.349259	0.477871	0.47424	0.474641	0.516364	0.512928	0.514829	0.506236	0.504052	0.507523	0.509678	0.507196	0.505339	0.495817	0.495698	0.592209	0.47998	0.480346	0.484484	0.474701	0.475175	0.476208	0.471617	0.46961	0.470423	0.475687	0.484512	0.486689	0.465483	0.468035	0.468146	0.939695	0.939565	0.940365	0.941256	0.939548	0.940157	0.448469	0.449398	0.452985	0.448249	0.466311	0.464118	0.549254	0.495114	0.495483	0.532424	0.530903	0.533199
ERR607217-k20-n1-x5e9	0.478753	0.479395	0.476064	0.424271	0.490955	0.490156	0.451396	0.372666	0.40719	0.47616	0.470411	0.47633	0.471836	0.426003	0.426377	0.43106	0.429439	0.434759	0.438773	0.556418	0.370339	0.491041	0.485742	0.336422	0.50872	0.506849	0.496668	0.445943	0.513288	0.5089	0.626329	0.641336	0.632201	0.633439	0.633428	0.63243	0.353178	0.490588	0.300129	0.413975	0.405013	0	0.48218	0.460651	0.454496	0.446617	0.45308	0.44929	0.536091	0.542236	0.543645	0.513689	0.513311	0.511166	0.593479	0.600682	0.603876	0.571967	0.577032	0.584775	0.51049	0.510245	0.5162	0.535805	0.533648	0.527364	0.504819	0.579609	0.582927	0.525105	0.522272	0.521167	0.614847	0.628832	0.630902	0.595016	0.59921	0.600263	0.957057	0.971427	0.97604	0.974797	0.973372	0.974175	0.564362	0.555344	0.555545	0.545932	0.564911	0.561424	0.50461	0.522988	0.525265	0.507476	0.505003	0.505521
ERR605713-k20-n1-x5e9	0.385294	0.388655	0.398753	0.393264	0.391945	0.392337	0.368317	0.517984	0.38518	0.370875	0.37018	0.370772	0.54627	0.428934	0.413344	0.494651	0.487291	0.503677	0.372084	0.357854	0.367844	0.32839	0.327696	0.422931	0.334025	0.335004	0.337559	0.325111	0.341027	0.339709	0.497779	0.498543	0.497809	0.498329	0.497764	0.498684	0.413943	0.354998	0.421119	0.345318	0.346584	0.48218	0	0.258548	0.262328	0.26764	0.27617	0.275186	0.48776	0.481494	0.482985	0.530378	0.527882	0.52969	0.541641	0.537121	0.540936	0.548485	0.545388	0.542375	0.476876	0.476948	0.588629	0.456166	0.457471	0.463724	0.463675	0.44293	0.443974	0.451069	0.449186	0.450846	0.474348	0.475898	0.476518	0.476651	0.476686	0.476247	0.951454	0.945596	0.944892	0.946835	0.945033	0.945383	0.49764	0.504988	0.510381	0.508627	0.523887	0.52287	0.549568	0.47686	0.476017	0.526208	0.524803	0.52692
