	ERR608203-k20-n1-x5e9	ERR608204-k20-n1-x5e9	ERR608205-k20-n1-x5e9	ERR608206-k20-n1-x5e9	ERR608207-k20-n1-x5e9	ERR608208-k20-n1-x5e9	ERR608227-k20-n1-x5e9	ERR608228-k20-n1-x5e9	ERR608229-k20-n1-x5e9	ERR608230-k20-n1-x5e9	ERR608231-k20-n1-x5e9	ERR608232-k20-n1-x5e9	ERR608093-k20-n1-x5e9	ERR608094-k20-n1-x5e9	ERR608095-k20-n1-x5e9	ERR608096-k20-n1-x5e9	ERR608097-k20-n1-x5e9	ERR608098-k20-n1-x5e9	ERR609679-k20-n1-x5e9	ERR609680-k20-n1-x5e9	ERR609681-k20-n1-x5e9	ERR609682-k20-n1-x5e9	ERR609683-k20-n1-x5e9	ERR609684-k20-n1-x5e9	ERR607585-k20-n1-x5e9	ERR607586-k20-n1-x5e9	ERR607587-k20-n1-x5e9	ERR607588-k20-n1-x5e9	ERR607589-k20-n1-x5e9	ERR607590-k20-n1-x5e9	ERR607397-k20-n1-x5e9	ERR607398-k20-n1-x5e9	ERR607399-k20-n1-x5e9	ERR607400-k20-n1-x5e9	ERR607401-k20-n1-x5e9	ERR607402-k20-n1-x5e9	ERR608573-k20-n1-x5e9	ERR608574-k20-n1-x5e9	ERR608575-k20-n1-x5e9	ERR608576-k20-n1-x5e9	ERR608577-k20-n1-x5e9	ERR608578-k20-n1-x5e9	ERR605916-k20-n1-x5e9	ERR605917-k20-n1-x5e9	ERR605918-k20-n1-x5e9	ERR605919-k20-n1-x5e9	ERR605920-k20-n1-x5e9	ERR605921-k20-n1-x5e9	ERR608439-k20-n1-x5e9	ERR608440-k20-n1-x5e9	ERR608441-k20-n1-x5e9	ERR608442-k20-n1-x5e9	ERR608443-k20-n1-x5e9	ERR608444-k20-n1-x5e9	ERR607681-k20-n1-x5e9	ERR607682-k20-n1-x5e9	ERR607683-k20-n1-x5e9	ERR607684-k20-n1-x5e9	ERR607685-k20-n1-x5e9	ERR607686-k20-n1-x5e9	ERR608901-k20-n1-x5e9	ERR608902-k20-n1-x5e9	ERR608903-k20-n1-x5e9	ERR608904-k20-n1-x5e9	ERR608905-k20-n1-x5e9	ERR608906-k20-n1-x5e9	ERR608805-k20-n1-x5e9	ERR608806-k20-n1-x5e9	ERR608807-k20-n1-x5e9	ERR608808-k20-n1-x5e9	ERR608809-k20-n1-x5e9	ERR608810-k20-n1-x5e9	ERR607609-k20-n1-x5e9	ERR607610-k20-n1-x5e9	ERR607611-k20-n1-x5e9	ERR607612-k20-n1-x5e9	ERR607613-k20-n1-x5e9	ERR607614-k20-n1-x5e9	ERR605988-k20-n1-x5e9	ERR605989-k20-n1-x5e9	ERR605990-k20-n1-x5e9	ERR605991-k20-n1-x5e9	ERR605992-k20-n1-x5e9	ERR605993-k20-n1-x5e9	ERR608883-k20-n1-x5e9	ERR608884-k20-n1-x5e9	ERR608885-k20-n1-x5e9	ERR608886-k20-n1-x5e9	ERR608887-k20-n1-x5e9	ERR608888-k20-n1-x5e9	ERR608579-k20-n1-x5e9	ERR608580-k20-n1-x5e9	ERR608581-k20-n1-x5e9	ERR608582-k20-n1-x5e9	ERR608583-k20-n1-x5e9	ERR608584-k20-n1-x5e9
ERR608203-k20-n1-x5e9	0	0.276996	0.297737	0.331033	0.331069	0.328155	0.472602	0.328357	0.354767	0.325706	0.325127	0.326836	0.317947	0.316502	0.326309	0.342005	0.344527	0.340636	0.478914	0.461765	0.444686	0.363164	0.372079	0.379394	0.561471	0.443165	0.42651	0.50864	0.50163	0.518215	0.397738	0.368079	0.36866	0.362062	0.362434	0.364333	0.594383	0.435569	0.477212	0.404882	0.405595	0.402138	0.471674	0.490584	0.367405	0.370865	0.375423	0.379346	0.496683	0.463861	0.455831	0.453745	0.453483	0.463801	0.544009	0.538781	0.542871	0.55199	0.548365	0.54457	0.458587	0.449421	0.452347	0.485924	0.48412	0.482462	0.467006	0.464399	0.464778	0.485882	0.485242	0.485992	0.484166	0.497266	0.49751	0.495187	0.501951	0.50249	0.513953	0.451395	0.451569	0.473444	0.472694	0.472708	0.482184	0.481586	0.481807	0.482801	0.483044	0.481611	0.390506	0.344077	0.343188	0.344216	0.343379	0.344909
ERR608204-k20-n1-x5e9	0.276996	0	0.251593	0.275375	0.275622	0.273091	0.531326	0.355473	0.39709	0.331604	0.333696	0.332101	0.354092	0.31547	0.309622	0.315213	0.316123	0.314895	0.539936	0.522512	0.504595	0.380055	0.406538	0.419698	0.619067	0.503622	0.486041	0.568463	0.56151	0.577593	0.43862	0.372662	0.364732	0.396402	0.394865	0.401773	0.644987	0.473303	0.520728	0.433724	0.436405	0.430831	0.532543	0.552024	0.394129	0.401402	0.405148	0.408793	0.535839	0.492574	0.478156	0.474789	0.47326	0.492662	0.563648	0.554523	0.559287	0.578628	0.573177	0.566374	0.487549	0.472578	0.477592	0.52348	0.521561	0.519343	0.466282	0.459124	0.460543	0.500239	0.498638	0.500672	0.481931	0.504718	0.503488	0.50186	0.511309	0.512218	0.555107	0.460927	0.45926	0.50419	0.5035	0.50419	0.477828	0.473177	0.474288	0.495265	0.49473	0.495267	0.440988	0.360547	0.351007	0.354874	0.354927	0.355537
ERR608205-k20-n1-x5e9	0.297737	0.251593	0	0.261178	0.26114	0.259481	0.557174	0.375767	0.420782	0.345246	0.348129	0.345647	0.376827	0.328099	0.315744	0.315756	0.315359	0.315678	0.565232	0.547912	0.529737	0.393449	0.425309	0.439797	0.6422	0.529196	0.511584	0.593064	0.586107	0.601944	0.458479	0.381859	0.371515	0.415596	0.413637	0.421811	0.667389	0.494691	0.543309	0.453187	0.45635	0.450301	0.557818	0.577287	0.410618	0.418913	0.422086	0.425524	0.554498	0.509198	0.49283	0.489046	0.48707	0.509183	0.575327	0.564985	0.569703	0.592782	0.586662	0.579059	0.503425	0.48721	0.492704	0.542293	0.540596	0.537919	0.47221	0.463355	0.465152	0.511904	0.509974	0.512479	0.486221	0.512418	0.510798	0.509351	0.519711	0.520677	0.573569	0.470831	0.468587	0.520862	0.520158	0.521106	0.481983	0.475793	0.476984	0.506665	0.505532	0.506965	0.4643	0.37569	0.363624	0.368074	0.368354	0.368425
ERR608206-k20-n1-x5e9	0.331033	0.275375	0.261178	0	0.241563	0.241874	0.596394	0.411	0.461428	0.370326	0.373064	0.369085	0.409159	0.354985	0.337425	0.317496	0.315688	0.318847	0.597394	0.579971	0.55836	0.403765	0.441901	0.458566	0.668415	0.561793	0.546006	0.62554	0.618768	0.633764	0.470261	0.383281	0.371186	0.433376	0.430263	0.4406	0.706562	0.539134	0.588053	0.494945	0.498056	0.491954	0.589627	0.608259	0.42526	0.432809	0.434162	0.435835	0.573894	0.52852	0.509867	0.506889	0.503613	0.527905	0.581395	0.569912	0.572611	0.603295	0.596201	0.587212	0.521809	0.505717	0.509577	0.569855	0.568281	0.565633	0.473826	0.464741	0.465002	0.523175	0.52023	0.523633	0.483739	0.512387	0.511363	0.510885	0.521859	0.523278	0.594997	0.490055	0.487624	0.547242	0.546154	0.547714	0.481534	0.474777	0.474594	0.520045	0.51767	0.520432	0.482453	0.386839	0.373663	0.376491	0.377369	0.37625
ERR608207-k20-n1-x5e9	0.331069	0.275622	0.26114	0.241563	0	0.241723	0.596857	0.411342	0.462048	0.370491	0.373415	0.369201	0.409084	0.355086	0.337276	0.317257	0.315493	0.318691	0.59747	0.580031	0.558375	0.403237	0.441376	0.458077	0.668535	0.562052	0.546324	0.625885	0.619076	0.634155	0.469693	0.382398	0.370282	0.432856	0.429638	0.440084	0.707349	0.539932	0.589061	0.495929	0.498932	0.492641	0.589745	0.608413	0.424798	0.432444	0.433714	0.435493	0.573662	0.52825	0.509521	0.506569	0.503326	0.527602	0.580638	0.569045	0.571811	0.60269	0.595605	0.586425	0.521584	0.505483	0.509138	0.569833	0.56827	0.565658	0.47306	0.464043	0.464209	0.522508	0.519588	0.52294	0.48299	0.511585	0.510499	0.510117	0.520958	0.522441	0.595192	0.490211	0.487805	0.547412	0.546344	0.547794	0.480754	0.474055	0.473927	0.519589	0.517178	0.51999	0.482278	0.386457	0.373239	0.37625	0.377026	0.37583
ERR608208-k20-n1-x5e9	0.328155	0.273091	0.259481	0.241874	0.241723	0	0.593735	0.408434	0.458816	0.368258	0.371005	0.367142	0.406594	0.352969	0.335792	0.316831	0.315221	0.318168	0.594944	0.577538	0.556006	0.402096	0.439714	0.45639	0.666195	0.55932	0.543409	0.623313	0.616361	0.631573	0.468292	0.381776	0.369729	0.431126	0.428096	0.438377	0.704206	0.536329	0.585376	0.492339	0.495366	0.489216	0.587273	0.606106	0.423363	0.43099	0.432536	0.43435	0.571858	0.526406	0.507801	0.504749	0.501541	0.525732	0.580002	0.56848	0.571369	0.60173	0.594706	0.585719	0.519892	0.503811	0.507668	0.567627	0.566095	0.563438	0.472675	0.46366	0.463923	0.521508	0.518657	0.522005	0.483042	0.511434	0.510335	0.50991	0.520798	0.522151	0.59295	0.488229	0.485749	0.545084	0.544018	0.545511	0.480491	0.473658	0.473674	0.518254	0.515852	0.518631	0.48028	0.384887	0.371833	0.374846	0.375681	0.374506
ERR608227-k20-n1-x5e9	0.472602	0.531326	0.557174	0.596394	0.596857	0.593735	0	0.401877	0.350371	0.454542	0.450977	0.457107	0.437211	0.492161	0.516657	0.548928	0.552961	0.546385	0.374614	0.377565	0.389928	0.513332	0.478136	0.464077	0.447011	0.388622	0.387044	0.39754	0.396653	0.403667	0.471645	0.536187	0.547098	0.465235	0.470723	0.457796	0.432697	0.444496	0.42491	0.471091	0.466931	0.470867	0.368246	0.37553	0.486669	0.486654	0.491816	0.496624	0.50147	0.513566	0.527848	0.527632	0.532384	0.515039	0.590343	0.596166	0.601112	0.570141	0.575096	0.582091	0.508618	0.51682	0.517414	0.47423	0.474524	0.475946	0.584617	0.589797	0.590635	0.552938	0.556653	0.553112	0.604786	0.592123	0.593266	0.589553	0.586655	0.586018	0.522981	0.566718	0.569474	0.529361	0.532342	0.529338	0.603281	0.60912	0.610506	0.558859	0.562699	0.556686	0.421875	0.491624	0.502877	0.502983	0.501084	0.504822
ERR608228-k20-n1-x5e9	0.328357	0.355473	0.375767	0.411	0.411342	0.408434	0.401877	0	0.268708	0.262152	0.26111	0.263764	0.311456	0.321311	0.336117	0.362063	0.365695	0.3599	0.455254	0.439163	0.423403	0.37137	0.36991	0.37271	0.553799	0.439604	0.423701	0.500896	0.494158	0.510103	0.389294	0.378414	0.382117	0.355101	0.356675	0.356444	0.576925	0.433797	0.466291	0.416001	0.416077	0.413828	0.43973	0.460695	0.3577	0.36414	0.36869	0.373586	0.477905	0.448126	0.443192	0.440657	0.441773	0.448682	0.518501	0.514575	0.519965	0.52299	0.52053	0.517774	0.445055	0.437881	0.44094	0.464427	0.463526	0.461878	0.458726	0.45859	0.460073	0.45918	0.459972	0.459792	0.480344	0.483005	0.482868	0.479744	0.483086	0.482939	0.515454	0.470602	0.471011	0.48325	0.484654	0.484051	0.477304	0.479068	0.480913	0.462968	0.464174	0.46207	0.368322	0.338971	0.340148	0.342556	0.341623	0.344243
ERR608229-k20-n1-x5e9	0.354767	0.39709	0.420782	0.461428	0.462048	0.458816	0.350371	0.268708	0	0.306093	0.303671	0.308438	0.328495	0.358705	0.378948	0.411442	0.415327	0.408935	0.418344	0.405146	0.396778	0.402818	0.387262	0.383996	0.520025	0.408672	0.393952	0.462683	0.457229	0.472425	0.40161	0.418005	0.424279	0.372615	0.376068	0.370854	0.529428	0.410793	0.430549	0.408247	0.406848	0.406564	0.404408	0.424178	0.383338	0.388179	0.393809	0.399272	0.473778	0.45538	0.456867	0.454882	0.457356	0.456625	0.533034	0.532154	0.538386	0.528868	0.528816	0.529468	0.451215	0.448253	0.451508	0.450951	0.450639	0.449905	0.4887	0.490046	0.491855	0.477239	0.479259	0.477917	0.511158	0.50906	0.508908	0.505518	0.507006	0.50666	0.50574	0.486395	0.487674	0.481206	0.483457	0.481867	0.508204	0.511043	0.513251	0.481261	0.483743	0.479748	0.368662	0.373652	0.378798	0.381059	0.379617	0.383089
ERR608230-k20-n1-x5e9	0.325706	0.331604	0.345246	0.370326	0.370491	0.368258	0.454542	0.262152	0.306093	0	0.242643	0.241811	0.318813	0.305007	0.311729	0.32617	0.328687	0.324341	0.495594	0.477971	0.457475	0.355652	0.369505	0.378606	0.589854	0.47767	0.461866	0.54189	0.534895	0.550614	0.390475	0.351777	0.351887	0.355217	0.354208	0.359387	0.624607	0.470719	0.510493	0.441212	0.442265	0.438436	0.479712	0.501031	0.349904	0.357054	0.360321	0.364034	0.490107	0.452588	0.441547	0.438761	0.437967	0.452133	0.511017	0.50418	0.508476	0.524314	0.519339	0.513657	0.449864	0.439128	0.441956	0.48547	0.48464	0.482307	0.436262	0.434663	0.435613	0.449926	0.449531	0.450724	0.456332	0.463908	0.464008	0.46133	0.466548	0.466976	0.532795	0.466375	0.466215	0.496257	0.496677	0.496926	0.453562	0.453943	0.455252	0.454349	0.453888	0.454056	0.382691	0.321597	0.317913	0.320255	0.320305	0.321529
ERR608231-k20-n1-x5e9	0.325127	0.333696	0.348129	0.373064	0.373415	0.371005	0.450977	0.26111	0.303671	0.242643	0	0.242354	0.317131	0.306093	0.313635	0.328011	0.330624	0.326373	0.491457	0.473782	0.453136	0.354309	0.366764	0.375481	0.586315	0.474277	0.458783	0.538734	0.531688	0.547195	0.386877	0.350931	0.351862	0.352506	0.35174	0.356418	0.622323	0.470033	0.509412	0.441487	0.442189	0.438411	0.475652	0.49709	0.347767	0.354744	0.357853	0.361624	0.487702	0.451033	0.440482	0.43796	0.437314	0.450676	0.509169	0.502637	0.506855	0.522049	0.517371	0.511721	0.448773	0.438501	0.440889	0.484001	0.483293	0.480759	0.436567	0.435411	0.43627	0.44899	0.448666	0.449778	0.456586	0.463259	0.463478	0.460943	0.465715	0.466131	0.531384	0.467547	0.467494	0.496023	0.496579	0.4967	0.454239	0.454929	0.456113	0.453902	0.453443	0.453517	0.378385	0.319984	0.317183	0.318976	0.319193	0.320352
ERR608232-k20-n1-x5e9	0.326836	0.332101	0.345647	0.369085	0.369201	0.367142	0.457107	0.263764	0.308438	0.241811	0.242354	0	0.319619	0.305609	0.311942	0.324867	0.327332	0.323224	0.496655	0.479071	0.457668	0.35416	0.368215	0.377559	0.590961	0.47946	0.463916	0.543806	0.536675	0.552379	0.389121	0.349866	0.350159	0.354601	0.353344	0.358781	0.627636	0.474621	0.514517	0.445025	0.445948	0.442047	0.480601	0.501959	0.348632	0.355531	0.358698	0.362146	0.489935	0.452274	0.441091	0.438391	0.437484	0.45193	0.509248	0.502141	0.506276	0.522816	0.518003	0.512039	0.449865	0.439309	0.441814	0.486791	0.48579	0.483403	0.434886	0.433332	0.434199	0.448683	0.448311	0.449496	0.454707	0.462024	0.462148	0.459601	0.464609	0.465077	0.533675	0.467337	0.467233	0.497752	0.498252	0.498495	0.452252	0.452668	0.453889	0.453791	0.453386	0.453638	0.381736	0.319928	0.316433	0.318391	0.318503	0.319618
ERR608093-k20-n1-x5e9	0.317947	0.354092	0.376827	0.409159	0.409084	0.406594	0.437211	0.311456	0.328495	0.318813	0.317131	0.319619	0	0.267173	0.289539	0.317102	0.321323	0.314505	0.435478	0.417515	0.398604	0.339452	0.337316	0.340347	0.553138	0.442576	0.428448	0.502313	0.495444	0.510708	0.359904	0.356549	0.364034	0.328214	0.329451	0.329554	0.595622	0.467981	0.497881	0.450601	0.450235	0.448581	0.428107	0.447634	0.339428	0.34152	0.345743	0.34908	0.461095	0.433672	0.428326	0.427793	0.42827	0.433898	0.496662	0.493719	0.497921	0.501064	0.498197	0.495246	0.433962	0.428007	0.429381	0.460205	0.45904	0.457682	0.446751	0.449011	0.449864	0.440312	0.440939	0.440172	0.466886	0.464586	0.465687	0.461578	0.463018	0.462803	0.508696	0.467627	0.4687	0.47885	0.478432	0.477604	0.467737	0.471355	0.472035	0.448676	0.449348	0.447585	0.348496	0.322881	0.326956	0.326269	0.32534	0.327208
ERR608094-k20-n1-x5e9	0.316502	0.31547	0.328099	0.354985	0.355086	0.352969	0.492161	0.321311	0.358705	0.305007	0.306093	0.305609	0.267173	0	0.241606	0.262214	0.264985	0.260093	0.495008	0.476268	0.456802	0.340445	0.360985	0.371574	0.603468	0.490126	0.473561	0.552511	0.545694	0.561208	0.394508	0.345067	0.343413	0.352577	0.3516	0.35756	0.637009	0.485845	0.525333	0.456931	0.458546	0.454617	0.488672	0.509531	0.35428	0.361399	0.365312	0.368777	0.497689	0.456805	0.444005	0.441386	0.440701	0.457602	0.514072	0.505966	0.511099	0.527726	0.522337	0.515711	0.455665	0.442873	0.446743	0.491781	0.490373	0.488432	0.435615	0.432689	0.43487	0.448304	0.447542	0.448644	0.454564	0.463988	0.46323	0.459783	0.465043	0.465269	0.542587	0.465259	0.464635	0.498465	0.498457	0.498321	0.453301	0.45281	0.454523	0.454158	0.453435	0.453762	0.394622	0.324148	0.317988	0.320535	0.320638	0.321717
ERR608095-k20-n1-x5e9	0.326309	0.309622	0.315744	0.337425	0.337276	0.335792	0.516657	0.336117	0.378948	0.311729	0.313635	0.311942	0.289539	0.241606	0	0.249085	0.250694	0.247604	0.51991	0.501166	0.481557	0.349163	0.376673	0.389594	0.623791	0.511369	0.494168	0.573732	0.566962	0.582397	0.413473	0.349101	0.343519	0.369699	0.368081	0.375902	0.655152	0.498456	0.540477	0.465746	0.467861	0.463606	0.51408	0.534875	0.367921	0.376593	0.379833	0.383177	0.515757	0.471762	0.456563	0.45353	0.452179	0.472342	0.525998	0.516179	0.521324	0.54255	0.536394	0.528822	0.469557	0.45494	0.459398	0.508888	0.507401	0.504879	0.437664	0.432699	0.435119	0.458955	0.457463	0.459237	0.455079	0.469394	0.468135	0.464859	0.47171	0.472077	0.55764	0.469257	0.46787	0.510077	0.510019	0.510207	0.453595	0.451179	0.453117	0.463544	0.462341	0.463839	0.416954	0.334285	0.324693	0.328202	0.328661	0.329145
ERR608096-k20-n1-x5e9	0.342005	0.315213	0.315756	0.317496	0.317257	0.316831	0.548928	0.362063	0.411442	0.32617	0.328011	0.324867	0.317102	0.262214	0.249085	0	0.233321	0.233602	0.545478	0.52654	0.503317	0.350356	0.384931	0.400265	0.640728	0.532454	0.516845	0.59614	0.589174	0.604209	0.416806	0.339866	0.332574	0.378666	0.375817	0.385723	0.684513	0.527939	0.572377	0.491047	0.493245	0.488369	0.53929	0.559336	0.374583	0.381996	0.383503	0.385359	0.528604	0.484475	0.466952	0.464886	0.462375	0.484391	0.527972	0.516984	0.520023	0.549161	0.541865	0.532974	0.480326	0.465717	0.468667	0.528981	0.527751	0.525049	0.432161	0.426664	0.42774	0.465771	0.463206	0.46625	0.446088	0.463447	0.462803	0.460591	0.468361	0.46922	0.569215	0.477587	0.475979	0.525335	0.524706	0.525505	0.44668	0.443405	0.444076	0.47191	0.469324	0.472344	0.427128	0.335943	0.324934	0.326737	0.32788	0.326893
ERR608097-k20-n1-x5e9	0.344527	0.316123	0.315359	0.315688	0.315493	0.315221	0.552961	0.365695	0.415327	0.328687	0.330624	0.327332	0.321323	0.264985	0.250694	0.233321	0	0.233707	0.549061	0.530291	0.506933	0.352011	0.387674	0.403222	0.643682	0.53582	0.520175	0.599392	0.592458	0.60742	0.419843	0.340954	0.333201	0.381748	0.378886	0.388861	0.687698	0.530818	0.575357	0.493416	0.495816	0.490849	0.543205	0.563159	0.376969	0.384604	0.385962	0.387763	0.531968	0.487613	0.469743	0.467788	0.465026	0.487386	0.530373	0.519132	0.522031	0.551831	0.544525	0.5355	0.483255	0.46859	0.471461	0.532277	0.531179	0.528315	0.433198	0.427421	0.428471	0.468126	0.465605	0.468672	0.446629	0.464661	0.463858	0.461666	0.469791	0.470589	0.572254	0.479628	0.478017	0.528119	0.527547	0.528505	0.447333	0.443938	0.44445	0.474294	0.471626	0.474762	0.430585	0.338183	0.326773	0.328766	0.329738	0.328801
ERR608098-k20-n1-x5e9	0.340636	0.314895	0.315678	0.318847	0.318691	0.318168	0.546385	0.3599	0.408935	0.324341	0.326373	0.323224	0.314505	0.260093	0.247604	0.233602	0.233707	0	0.54323	0.524382	0.501194	0.349288	0.38349	0.398557	0.639196	0.530684	0.514961	0.594514	0.587409	0.602457	0.415193	0.339009	0.331988	0.376922	0.374156	0.383931	0.682723	0.526356	0.570436	0.489567	0.491865	0.486994	0.537034	0.557285	0.372858	0.380556	0.382022	0.384006	0.526992	0.482904	0.465485	0.463257	0.460728	0.482709	0.526538	0.515697	0.518833	0.547604	0.540361	0.531478	0.47891	0.464392	0.467299	0.527196	0.52596	0.523316	0.431605	0.42623	0.427374	0.464144	0.461749	0.464512	0.445774	0.46269	0.461919	0.459538	0.46736	0.468229	0.568122	0.477207	0.475689	0.524516	0.523875	0.524648	0.446126	0.443082	0.443889	0.470248	0.467939	0.470781	0.425259	0.334446	0.323734	0.325522	0.326655	0.325818
ERR609679-k20-n1-x5e9	0.478914	0.539936	0.565232	0.597394	0.59747	0.594944	0.374614	0.455254	0.418344	0.495594	0.491457	0.496655	0.435478	0.495008	0.51991	0.545478	0.549061	0.54323	0	0.27983	0.288902	0.441858	0.398048	0.380079	0.446968	0.39537	0.396147	0.408812	0.405446	0.412667	0.43982	0.5128	0.525963	0.441298	0.446506	0.433512	0.509348	0.505829	0.495791	0.522234	0.518318	0.521728	0.335735	0.337587	0.453366	0.448884	0.452809	0.455246	0.491435	0.507591	0.520632	0.522872	0.526305	0.50855	0.570808	0.57769	0.580076	0.552025	0.556579	0.563714	0.503392	0.513745	0.511995	0.484066	0.484001	0.485549	0.574037	0.58098	0.580368	0.546258	0.548904	0.545996	0.588329	0.573538	0.576193	0.572779	0.568984	0.568894	0.506004	0.559481	0.562438	0.522251	0.523064	0.52062	0.594276	0.601288	0.601185	0.555576	0.558444	0.553212	0.401152	0.476476	0.489297	0.487513	0.485618	0.488791
ERR609680-k20-n1-x5e9	0.461765	0.522512	0.547912	0.579971	0.580031	0.577538	0.377565	0.439163	0.405146	0.477971	0.473782	0.479071	0.417515	0.476268	0.501166	0.52654	0.530291	0.524382	0.27983	0	0.278524	0.41979	0.376792	0.359127	0.456532	0.393297	0.392857	0.415971	0.411693	0.420146	0.423963	0.494246	0.50729	0.423647	0.428438	0.415911	0.521899	0.501309	0.495451	0.514367	0.510726	0.513465	0.332326	0.33755	0.433643	0.42948	0.433502	0.435973	0.481506	0.49479	0.506766	0.509229	0.512662	0.495985	0.557847	0.564268	0.566643	0.54026	0.544397	0.551096	0.490746	0.500785	0.498761	0.475533	0.475324	0.476507	0.558969	0.56574	0.565366	0.532486	0.535057	0.532078	0.573218	0.558884	0.56157	0.558113	0.554404	0.554351	0.4979	0.546295	0.549161	0.511584	0.512469	0.510303	0.57949	0.58662	0.586402	0.54163	0.544594	0.539665	0.386311	0.457314	0.470245	0.468325	0.466442	0.469564
ERR609681-k20-n1-x5e9	0.444686	0.504595	0.529737	0.55836	0.558375	0.556006	0.389928	0.423403	0.396778	0.457475	0.453136	0.457668	0.398604	0.456802	0.481557	0.503317	0.506933	0.501194	0.288902	0.278524	0	0.390602	0.347473	0.330812	0.464065	0.396015	0.394646	0.427923	0.422703	0.432933	0.393968	0.465523	0.479476	0.397887	0.402147	0.390737	0.547528	0.509961	0.510841	0.516976	0.513499	0.515574	0.333952	0.341361	0.406784	0.401808	0.404865	0.4067	0.465728	0.478012	0.48869	0.491249	0.494128	0.478784	0.53511	0.541485	0.542666	0.520458	0.523822	0.529896	0.474562	0.484576	0.481587	0.469555	0.469325	0.470366	0.53563	0.543116	0.54203	0.511499	0.51367	0.511001	0.549605	0.534204	0.537573	0.534277	0.530535	0.530618	0.488065	0.533801	0.536711	0.504581	0.504854	0.503161	0.556929	0.56456	0.563916	0.522735	0.524853	0.520518	0.359482	0.4294	0.443073	0.44036	0.438831	0.441207
ERR609682-k20-n1-x5e9	0.363164	0.380055	0.393449	0.403765	0.403237	0.402096	0.513332	0.37137	0.402818	0.355652	0.354309	0.35416	0.339452	0.340445	0.349163	0.350356	0.352011	0.349288	0.441858	0.41979	0.390602	0	0.265774	0.277701	0.58519	0.481837	0.469418	0.544886	0.537227	0.551827	0.362835	0.335039	0.339538	0.3391	0.33747	0.342963	0.665515	0.53687	0.571379	0.51044	0.510344	0.507778	0.462629	0.48154	0.318116	0.322577	0.323286	0.323923	0.486961	0.456669	0.446533	0.447024	0.44535	0.456332	0.493956	0.48832	0.489632	0.508647	0.50328	0.498055	0.454921	0.448667	0.448078	0.500488	0.499676	0.497578	0.437764	0.439531	0.438392	0.453528	0.451884	0.45337	0.447381	0.45009	0.451972	0.449858	0.453124	0.454225	0.525737	0.476549	0.476625	0.502838	0.501919	0.502579	0.457135	0.460038	0.458859	0.463512	0.461888	0.46268	0.366271	0.317857	0.318196	0.316602	0.31661	0.316508
ERR609683-k20-n1-x5e9	0.372079	0.406538	0.425309	0.441901	0.441376	0.439714	0.478136	0.36991	0.387262	0.369505	0.366764	0.368215	0.337316	0.360985	0.376673	0.384931	0.387674	0.38349	0.398048	0.376792	0.347473	0.265774	0	0.257922	0.550795	0.45128	0.440682	0.511287	0.50398	0.518047	0.34859	0.355186	0.364733	0.333612	0.333578	0.33403	0.63663	0.524071	0.551974	0.505367	0.504358	0.503137	0.422152	0.439989	0.320138	0.320983	0.322307	0.323165	0.468172	0.448627	0.44391	0.445175	0.444869	0.44799	0.490275	0.488353	0.489278	0.497733	0.494593	0.492161	0.446393	0.445353	0.44319	0.483012	0.482182	0.480671	0.452766	0.457247	0.45584	0.455374	0.454558	0.454922	0.464414	0.459713	0.462506	0.460037	0.46079	0.461587	0.505968	0.483496	0.484776	0.494003	0.493343	0.493565	0.47358	0.478744	0.477409	0.466539	0.465684	0.465209	0.342425	0.329367	0.33586	0.332963	0.332654	0.33355
ERR609684-k20-n1-x5e9	0.379394	0.419698	0.439797	0.458566	0.458077	0.45639	0.464077	0.37271	0.383996	0.378606	0.375481	0.377559	0.340347	0.371574	0.389594	0.400265	0.403222	0.398557	0.380079	0.359127	0.330812	0.277701	0.257922	0	0.537764	0.44085	0.43137	0.498523	0.49123	0.505065	0.346808	0.366734	0.377694	0.335238	0.336194	0.334637	0.62527	0.520978	0.545626	0.505822	0.504444	0.503667	0.405839	0.422752	0.325732	0.325351	0.327063	0.32781	0.462484	0.447809	0.445721	0.447447	0.447322	0.447431	0.490749	0.490354	0.491185	0.494929	0.492718	0.491662	0.445944	0.446879	0.444128	0.477393	0.476595	0.475764	0.460811	0.466178	0.464714	0.458128	0.457998	0.457763	0.473251	0.465933	0.468959	0.466207	0.466046	0.466704	0.499789	0.488629	0.490293	0.49261	0.492126	0.492033	0.48221	0.488089	0.486851	0.470226	0.469749	0.468627	0.336712	0.33837	0.346874	0.343922	0.342969	0.344442
ERR607585-k20-n1-x5e9	0.561471	0.619067	0.6422	0.668415	0.668535	0.666195	0.447011	0.553799	0.520025	0.589854	0.586315	0.590961	0.553138	0.603468	0.623791	0.640728	0.643682	0.639196	0.446968	0.456532	0.464065	0.58519	0.550795	0.537764	0	0.367955	0.3849	0.336007	0.337014	0.332101	0.532976	0.605674	0.616805	0.544519	0.549247	0.536438	0.458085	0.528041	0.508955	0.549607	0.544793	0.549229	0.455434	0.451414	0.565677	0.560761	0.563156	0.565236	0.58326	0.60328	0.616218	0.618138	0.621234	0.602945	0.670594	0.676917	0.677473	0.656242	0.660455	0.666059	0.592889	0.604122	0.601219	0.574201	0.574539	0.575764	0.664707	0.67017	0.668335	0.651291	0.653137	0.651056	0.674989	0.666646	0.669624	0.668494	0.667064	0.667623	0.57774	0.637402	0.640279	0.600255	0.602048	0.600271	0.679472	0.685024	0.683848	0.653662	0.655637	0.651165	0.492452	0.571348	0.584396	0.581899	0.580177	0.582654
ERR607586-k20-n1-x5e9	0.443165	0.503622	0.529196	0.561793	0.562052	0.55932	0.388622	0.439604	0.408672	0.47767	0.474277	0.47946	0.442576	0.490126	0.511369	0.532454	0.53582	0.530684	0.39537	0.393297	0.396015	0.481837	0.45128	0.44085	0.367955	0	0.288868	0.318403	0.313823	0.325474	0.448444	0.50395	0.513542	0.444119	0.449011	0.437239	0.446615	0.424441	0.418691	0.439747	0.435405	0.438909	0.40052	0.409138	0.464026	0.462715	0.466541	0.470303	0.523152	0.526311	0.534657	0.535681	0.538532	0.52649	0.608768	0.611629	0.614297	0.59987	0.601995	0.605349	0.515519	0.520914	0.520616	0.502494	0.502581	0.503069	0.579589	0.582831	0.581811	0.573989	0.575738	0.574056	0.592212	0.589997	0.592149	0.590476	0.5917	0.592412	0.517591	0.545767	0.548053	0.517562	0.519772	0.518091	0.596474	0.600573	0.599848	0.574345	0.576311	0.572169	0.403867	0.464189	0.475792	0.474813	0.472989	0.475788
ERR607587-k20-n1-x5e9	0.42651	0.486041	0.511584	0.546006	0.546324	0.543409	0.387044	0.423701	0.393952	0.461866	0.458783	0.463916	0.428448	0.473561	0.494168	0.516845	0.520175	0.514961	0.396147	0.392857	0.394646	0.469418	0.440682	0.43137	0.3849	0.288868	0	0.328692	0.3238	0.337201	0.443346	0.491881	0.500526	0.433728	0.438623	0.427683	0.44973	0.408875	0.406424	0.422535	0.418129	0.421729	0.401302	0.411913	0.452915	0.452689	0.456767	0.461086	0.520051	0.519389	0.526736	0.527063	0.529934	0.519714	0.604482	0.606417	0.60995	0.596392	0.598149	0.601201	0.508196	0.512218	0.51293	0.495702	0.495511	0.495903	0.570286	0.5728	0.572203	0.566488	0.568027	0.566657	0.583441	0.582996	0.584583	0.582901	0.584869	0.585578	0.513938	0.533883	0.536108	0.507868	0.510532	0.508848	0.587111	0.590492	0.590216	0.565869	0.567685	0.563498	0.399157	0.451436	0.462146	0.461733	0.459772	0.462818
ERR607588-k20-n1-x5e9	0.50864	0.568463	0.593064	0.62554	0.625885	0.623313	0.39754	0.500896	0.462683	0.54189	0.538734	0.543806	0.502313	0.552511	0.573732	0.59614	0.599392	0.594514	0.408812	0.415971	0.427923	0.544886	0.511287	0.498523	0.336007	0.318403	0.328692	0	0.300362	0.301922	0.505795	0.569475	0.579382	0.505475	0.510561	0.497585	0.414953	0.462664	0.441994	0.487589	0.482802	0.48754	0.419436	0.420411	0.526611	0.523412	0.527327	0.530784	0.558731	0.570124	0.581966	0.583277	0.586684	0.570512	0.649756	0.654504	0.657015	0.635836	0.639426	0.644371	0.559945	0.567959	0.567361	0.536161	0.536207	0.537468	0.632727	0.636714	0.63573	0.619625	0.621892	0.619623	0.645193	0.640059	0.642015	0.640152	0.640025	0.64039	0.551692	0.595226	0.59783	0.55879	0.561056	0.558931	0.648906	0.653343	0.652944	0.620882	0.623307	0.618466	0.461506	0.531953	0.543933	0.542868	0.540805	0.543702
ERR607589-k20-n1-x5e9	0.50163	0.56151	0.586107	0.618768	0.619076	0.616361	0.396653	0.494158	0.457229	0.534895	0.531688	0.536675	0.495444	0.545694	0.566962	0.589174	0.592458	0.587409	0.405446	0.411693	0.422703	0.537227	0.50398	0.49123	0.337014	0.313823	0.3238	0.300362	0	0.302261	0.498703	0.561934	0.571957	0.49809	0.503326	0.490381	0.41865	0.459729	0.440699	0.483366	0.47861	0.483413	0.416145	0.417924	0.518956	0.51585	0.519658	0.523299	0.554138	0.564829	0.576379	0.577458	0.580967	0.565185	0.644679	0.649208	0.651784	0.631246	0.634558	0.639579	0.554996	0.562616	0.56216	0.532866	0.532629	0.534031	0.626766	0.630758	0.629782	0.614542	0.616714	0.614466	0.63919	0.634084	0.636148	0.634231	0.634202	0.634601	0.547896	0.589983	0.592564	0.554396	0.556703	0.554567	0.643055	0.647532	0.647091	0.615696	0.617999	0.613233	0.454162	0.524422	0.536277	0.534904	0.532834	0.53583
ERR607590-k20-n1-x5e9	0.518215	0.577593	0.601944	0.633764	0.634155	0.631573	0.403667	0.510103	0.472425	0.550614	0.547195	0.552379	0.510708	0.561208	0.582397	0.604209	0.60742	0.602457	0.412667	0.420146	0.432933	0.551827	0.518047	0.505065	0.332101	0.325474	0.337201	0.301922	0.302261	0	0.511857	0.57659	0.586674	0.512566	0.517907	0.504793	0.417828	0.472849	0.451336	0.497894	0.493116	0.49803	0.42411	0.424329	0.533201	0.529855	0.533419	0.536755	0.564058	0.576473	0.588377	0.589543	0.59304	0.576713	0.654241	0.659163	0.661441	0.640123	0.643893	0.648766	0.566512	0.574717	0.573922	0.543734	0.543657	0.545035	0.639025	0.64312	0.642191	0.62569	0.627772	0.625456	0.651066	0.645427	0.647598	0.645668	0.645381	0.64574	0.558034	0.603146	0.605772	0.566427	0.568765	0.566815	0.655228	0.659775	0.65928	0.627424	0.629849	0.624971	0.468223	0.539707	0.551586	0.550303	0.548338	0.551063
ERR607397-k20-n1-x5e9	0.397738	0.43862	0.458479	0.470261	0.469693	0.468292	0.471645	0.389294	0.40161	0.390475	0.386877	0.389121	0.359904	0.394508	0.413473	0.416806	0.419843	0.415193	0.43982	0.423963	0.393968	0.362835	0.34859	0.346808	0.532976	0.448444	0.443346	0.505795	0.498703	0.511857	0	0.302687	0.31977	0.26403	0.264432	0.262045	0.639691	0.549448	0.57126	0.535769	0.533741	0.53308	0.423018	0.439007	0.346676	0.345831	0.344165	0.343513	0.402497	0.393353	0.393033	0.396086	0.395561	0.392164	0.420779	0.422383	0.420546	0.429539	0.426471	0.423848	0.398934	0.404504	0.397756	0.443197	0.443129	0.441366	0.409031	0.418761	0.415721	0.39912	0.399153	0.398605	0.420994	0.403596	0.408159	0.406816	0.403746	0.404679	0.467359	0.47527	0.477711	0.477008	0.477635	0.47782	0.429096	0.438803	0.436636	0.413919	0.412878	0.412068	0.308132	0.328751	0.341058	0.336616	0.335901	0.336447
ERR607398-k20-n1-x5e9	0.368079	0.372662	0.381859	0.383281	0.382398	0.381776	0.536187	0.378414	0.418005	0.351777	0.350931	0.349866	0.356549	0.345067	0.349101	0.339866	0.340954	0.339009	0.5128	0.494246	0.465523	0.335039	0.355186	0.366734	0.605674	0.50395	0.491881	0.569475	0.561934	0.57659	0.302687	0	0.242231	0.277655	0.273938	0.285492	0.685992	0.55252	0.589761	0.523005	0.523354	0.519855	0.501544	0.521413	0.3414	0.349381	0.347829	0.348047	0.459679	0.42017	0.404469	0.404189	0.401308	0.419424	0.445205	0.435778	0.436344	0.471235	0.463308	0.453988	0.423373	0.414462	0.413536	0.483101	0.482677	0.479511	0.373057	0.374958	0.373161	0.400518	0.39795	0.400933	0.38242	0.387374	0.388885	0.388414	0.39363	0.395032	0.516347	0.453574	0.453459	0.492322	0.492736	0.494068	0.389854	0.392727	0.391426	0.411199	0.408237	0.411194	0.36725	0.300511	0.298549	0.298047	0.298691	0.297396
ERR607399-k20-n1-x5e9	0.36866	0.364732	0.371515	0.371186	0.370282	0.369729	0.547098	0.382117	0.424279	0.351887	0.351862	0.350159	0.364034	0.343413	0.343519	0.332574	0.333201	0.331988	0.525963	0.50729	0.479476	0.339538	0.364733	0.377694	0.616805	0.513542	0.500526	0.579382	0.571957	0.586674	0.31977	0.242231	0	0.29044	0.28666	0.29916	0.691977	0.552887	0.591996	0.521129	0.522004	0.517979	0.515794	0.535853	0.349891	0.359399	0.357966	0.358374	0.473471	0.431116	0.413883	0.412914	0.409773	0.430363	0.457428	0.446789	0.447944	0.484731	0.476552	0.466565	0.432889	0.421916	0.422174	0.492331	0.491888	0.488495	0.37518	0.374818	0.373534	0.409594	0.407004	0.410397	0.383461	0.393672	0.394409	0.394164	0.400673	0.402409	0.526363	0.453495	0.452755	0.497416	0.49806	0.499418	0.39016	0.391229	0.390301	0.418308	0.415201	0.418465	0.383006	0.30635	0.301447	0.301925	0.303037	0.301605
ERR607400-k20-n1-x5e9	0.362062	0.396402	0.415596	0.433376	0.432856	0.431126	0.465235	0.355101	0.372615	0.355217	0.352506	0.354601	0.328214	0.352577	0.369699	0.378666	0.381748	0.376922	0.441298	0.423647	0.397887	0.3391	0.333612	0.335238	0.544519	0.444119	0.433728	0.505475	0.49809	0.512566	0.26403	0.277655	0.29044	0	0.246753	0.24773	0.628577	0.517936	0.544644	0.501429	0.499974	0.49867	0.427252	0.446236	0.329186	0.33241	0.332521	0.333826	0.410454	0.386004	0.380724	0.382136	0.381391	0.385867	0.426245	0.42398	0.425254	0.43737	0.433264	0.428924	0.391467	0.390134	0.38726	0.434333	0.433896	0.431862	0.39175	0.398225	0.396667	0.388003	0.388019	0.38765	0.40564	0.396303	0.398789	0.396714	0.396558	0.397246	0.471355	0.448556	0.450207	0.459743	0.460879	0.461018	0.411987	0.419043	0.418136	0.39923	0.398746	0.397919	0.317462	0.30674	0.314738	0.312556	0.311814	0.312777
ERR607401-k20-n1-x5e9	0.362434	0.394865	0.413637	0.430263	0.429638	0.428096	0.470723	0.356675	0.376068	0.354208	0.35174	0.353344	0.329451	0.3516	0.368081	0.375817	0.378886	0.374156	0.446506	0.428438	0.402147	0.33747	0.333578	0.336194	0.549247	0.449011	0.438623	0.510561	0.503326	0.517907	0.264432	0.273938	0.28666	0.246753	0	0.248373	0.634116	0.52212	0.549472	0.504672	0.503489	0.502047	0.432492	0.451388	0.32811	0.331633	0.331629	0.332575	0.411814	0.386353	0.380549	0.38171	0.38121	0.386208	0.424714	0.422255	0.423298	0.4374	0.432883	0.428145	0.392395	0.390413	0.387704	0.437177	0.436756	0.434391	0.389315	0.395695	0.394145	0.386698	0.386587	0.386642	0.40297	0.393912	0.396406	0.394394	0.394224	0.394993	0.474073	0.449244	0.450678	0.462345	0.463158	0.463482	0.40926	0.416174	0.415306	0.398163	0.397647	0.397144	0.319305	0.304837	0.312329	0.310065	0.309549	0.310201
ERR607402-k20-n1-x5e9	0.364333	0.401773	0.421811	0.4406	0.440084	0.438377	0.457796	0.356444	0.370854	0.359387	0.356418	0.358781	0.329554	0.35756	0.375902	0.385723	0.388861	0.383931	0.433512	0.415911	0.390737	0.342963	0.33403	0.334637	0.536438	0.437239	0.427683	0.497585	0.490381	0.504793	0.262045	0.285492	0.29916	0.24773	0.248373	0	0.621819	0.515053	0.540248	0.50003	0.498374	0.497493	0.419037	0.437581	0.331426	0.33308	0.333709	0.334978	0.405597	0.384387	0.380939	0.382492	0.382265	0.383934	0.426418	0.425184	0.426238	0.435528	0.432026	0.428399	0.389536	0.389564	0.386405	0.429831	0.429591	0.427459	0.396806	0.403667	0.402128	0.390122	0.390303	0.389879	0.410639	0.399934	0.402667	0.400382	0.399736	0.400409	0.465789	0.449499	0.451395	0.456777	0.45782	0.457898	0.416994	0.424452	0.423487	0.401257	0.40096	0.399702	0.313272	0.311349	0.320423	0.317828	0.316994	0.318014
ERR608573-k20-n1-x5e9	0.594383	0.644987	0.667389	0.706562	0.707349	0.704206	0.432697	0.576925	0.529428	0.624607	0.622323	0.627636	0.595622	0.637009	0.655152	0.684513	0.687698	0.682723	0.509348	0.521899	0.547528	0.665515	0.63663	0.62527	0.458085	0.446615	0.44973	0.414953	0.41865	0.417828	0.639691	0.685992	0.691977	0.628577	0.634116	0.621819	0	0.412878	0.366446	0.459623	0.454926	0.46228	0.525392	0.526307	0.648181	0.648577	0.653955	0.659193	0.663572	0.670788	0.683041	0.68184	0.686436	0.671848	0.762883	0.766081	0.771923	0.746955	0.750864	0.756405	0.660867	0.665306	0.668852	0.617	0.616646	0.618439	0.73424	0.735155	0.736127	0.721268	0.723921	0.72156	0.750703	0.750748	0.75074	0.748633	0.750101	0.749942	0.631943	0.665188	0.667683	0.624581	0.628021	0.625484	0.746642	0.748338	0.749755	0.716392	0.719803	0.714216	0.590209	0.647056	0.655174	0.656395	0.654727	0.657903
ERR608574-k20-n1-x5e9	0.435569	0.473303	0.494691	0.539134	0.539932	0.536329	0.444496	0.433797	0.410793	0.470719	0.470033	0.474621	0.467981	0.485845	0.498456	0.527939	0.530818	0.526356	0.505829	0.501309	0.509961	0.53687	0.524071	0.520978	0.528041	0.424441	0.408875	0.462664	0.459729	0.472849	0.549448	0.55252	0.552887	0.517936	0.52212	0.515053	0.412878	0	0.282023	0.276838	0.275174	0.278345	0.513346	0.526734	0.529899	0.533674	0.539916	0.546348	0.610583	0.59261	0.594593	0.591532	0.594334	0.593394	0.69747	0.695162	0.702019	0.693215	0.693517	0.694597	0.580022	0.574726	0.581081	0.558534	0.558149	0.557968	0.62638	0.622189	0.624	0.63741	0.638627	0.638417	0.64507	0.659243	0.658155	0.656551	0.663343	0.663777	0.569568	0.544899	0.54563	0.529936	0.532249	0.531388	0.638247	0.635899	0.637996	0.626826	0.629014	0.625145	0.508534	0.513304	0.515645	0.518907	0.51784	0.52064
ERR608575-k20-n1-x5e9	0.477212	0.520728	0.543309	0.588053	0.589061	0.585376	0.42491	0.466291	0.430549	0.510493	0.509412	0.514517	0.497881	0.525333	0.540477	0.572377	0.575357	0.570436	0.495791	0.495451	0.510841	0.571379	0.551974	0.545626	0.508955	0.418691	0.406424	0.441994	0.440699	0.451336	0.57126	0.589761	0.591996	0.544644	0.549472	0.540248	0.366446	0.282023	0	0.315007	0.312339	0.317594	0.50653	0.517333	0.55993	0.563117	0.569397	0.57587	0.621126	0.609883	0.615489	0.612605	0.6163	0.611129	0.713856	0.713319	0.720426	0.705516	0.707048	0.709652	0.59809	0.595551	0.601562	0.567208	0.566586	0.566949	0.655125	0.652433	0.654284	0.657448	0.65922	0.658225	0.674169	0.683895	0.682874	0.681043	0.686115	0.686428	0.581598	0.575638	0.576842	0.550497	0.553473	0.551829	0.667639	0.666567	0.668692	0.648497	0.65142	0.646741	0.525831	0.548972	0.553344	0.556436	0.554886	0.558171
ERR608576-k20-n1-x5e9	0.404882	0.433724	0.453187	0.494945	0.495929	0.492339	0.471091	0.416001	0.408247	0.441212	0.441487	0.445025	0.450601	0.456931	0.465746	0.491047	0.493416	0.489567	0.522234	0.514367	0.516976	0.51044	0.505367	0.505822	0.549607	0.439747	0.422535	0.487589	0.483366	0.497894	0.535769	0.523005	0.521129	0.501429	0.504672	0.50003	0.459623	0.276838	0.315007	0	0.261054	0.260332	0.526674	0.541567	0.50842	0.51231	0.51813	0.524608	0.605752	0.582338	0.580894	0.577438	0.579492	0.582494	0.685968	0.682091	0.688536	0.685743	0.685056	0.684617	0.568995	0.561239	0.567774	0.558253	0.557362	0.556527	0.603829	0.598467	0.599792	0.624112	0.624506	0.62513	0.621988	0.640473	0.639595	0.63824	0.646615	0.647435	0.563695	0.521595	0.521772	0.517883	0.519483	0.519172	0.614774	0.611409	0.612925	0.611797	0.613365	0.610228	0.500317	0.486461	0.486454	0.489841	0.488911	0.491462
ERR608577-k20-n1-x5e9	0.405595	0.436405	0.45635	0.498056	0.498932	0.495366	0.466931	0.416077	0.406848	0.442265	0.442189	0.445948	0.450235	0.458546	0.467861	0.493245	0.495816	0.491865	0.518318	0.510726	0.513499	0.510344	0.504358	0.504444	0.544793	0.435405	0.418129	0.482802	0.47861	0.493116	0.533741	0.523354	0.522004	0.499974	0.503489	0.498374	0.454926	0.275174	0.312339	0.261054	0	0.260687	0.52299	0.537692	0.507703	0.511378	0.517332	0.523498	0.603446	0.580816	0.579866	0.576404	0.578578	0.58088	0.684867	0.681216	0.687665	0.684293	0.683665	0.683385	0.567426	0.560371	0.566542	0.555903	0.555206	0.554489	0.604328	0.599111	0.600444	0.623539	0.623958	0.624418	0.622398	0.640138	0.639354	0.638014	0.646285	0.646974	0.561142	0.521606	0.521972	0.516783	0.518282	0.517832	0.615286	0.612073	0.613452	0.611285	0.612786	0.609529	0.497929	0.486516	0.486882	0.490366	0.489255	0.491756
ERR608578-k20-n1-x5e9	0.402138	0.430831	0.450301	0.491954	0.492641	0.489216	0.470867	0.413828	0.406564	0.438436	0.438411	0.442047	0.448581	0.454617	0.463606	0.488369	0.490849	0.486994	0.521728	0.513465	0.515574	0.507778	0.503137	0.503667	0.549229	0.438909	0.421729	0.48754	0.483413	0.49803	0.53308	0.519855	0.517979	0.49867	0.502047	0.497493	0.46228	0.278345	0.317594	0.260332	0.260687	0	0.525557	0.540709	0.505772	0.509636	0.515414	0.52167	0.603755	0.58009	0.578522	0.575104	0.577237	0.580127	0.683726	0.679803	0.686179	0.683686	0.682913	0.682514	0.566587	0.558974	0.565387	0.556232	0.555438	0.55482	0.601301	0.59581	0.597107	0.62207	0.622404	0.623039	0.619236	0.637797	0.636941	0.63578	0.644244	0.645038	0.561663	0.519185	0.519453	0.516145	0.51756	0.517246	0.612178	0.60874	0.610239	0.609618	0.611119	0.608003	0.498014	0.48344	0.48341	0.486798	0.485937	0.488278
ERR605916-k20-n1-x5e9	0.471674	0.532543	0.557818	0.589627	0.589745	0.587273	0.368246	0.43973	0.404408	0.479712	0.475652	0.480601	0.428107	0.488672	0.51408	0.53929	0.543205	0.537034	0.335735	0.332326	0.333952	0.462629	0.422152	0.405839	0.455434	0.40052	0.401302	0.419436	0.416145	0.42411	0.423018	0.501544	0.515794	0.427252	0.432492	0.419037	0.525392	0.513346	0.50653	0.526674	0.52299	0.525557	0	0.276906	0.40104	0.395663	0.399313	0.40248	0.459738	0.478453	0.492347	0.495549	0.499068	0.479506	0.534908	0.543053	0.545139	0.513461	0.518659	0.526554	0.474593	0.486979	0.483495	0.456893	0.457106	0.458576	0.548654	0.556842	0.556106	0.514536	0.517511	0.5141	0.564101	0.545318	0.5483	0.544545	0.539442	0.539247	0.487233	0.545741	0.548977	0.507332	0.50867	0.506425	0.570629	0.578996	0.578744	0.526693	0.529799	0.524221	0.37526	0.45426	0.468511	0.466177	0.463957	0.467067
