	ERR608013-k20-n1-x5e9	ERR608014-k20-n1-x5e9	ERR608015-k20-n1-x5e9	ERR608016-k20-n1-x5e9	ERR608017-k20-n1-x5e9	ERR608018-k20-n1-x5e9	ERR610037-k20-n1-x5e9	ERR610038-k20-n1-x5e9	ERR610039-k20-n1-x5e9	ERR610040-k20-n1-x5e9	ERR610041-k20-n1-x5e9	ERR610042-k20-n1-x5e9	ERR607457-k20-n1-x5e9	ERR607458-k20-n1-x5e9	ERR607459-k20-n1-x5e9	ERR607460-k20-n1-x5e9	ERR607461-k20-n1-x5e9	ERR607462-k20-n1-x5e9	ERR610169-k20-n1-x5e9	ERR610170-k20-n1-x5e9	ERR610171-k20-n1-x5e9	ERR610172-k20-n1-x5e9	ERR610173-k20-n1-x5e9	ERR610174-k20-n1-x5e9	ERR607152-k20-n1-x5e9	ERR607153-k20-n1-x5e9	ERR607154-k20-n1-x5e9	ERR607155-k20-n1-x5e9	ERR607156-k20-n1-x5e9	ERR607157-k20-n1-x5e9	ERR607170-k20-n1-x5e9	ERR607171-k20-n1-x5e9	ERR607172-k20-n1-x5e9	ERR607173-k20-n1-x5e9	ERR607174-k20-n1-x5e9	ERR607175-k20-n1-x5e9	ERR605872-k20-n1-x5e9	ERR605873-k20-n1-x5e9	ERR605874-k20-n1-x5e9	ERR605875-k20-n1-x5e9	ERR605876-k20-n1-x5e9	ERR605877-k20-n1-x5e9	ERR608087-k20-n1-x5e9	ERR608088-k20-n1-x5e9	ERR608089-k20-n1-x5e9	ERR608090-k20-n1-x5e9	ERR608091-k20-n1-x5e9	ERR608092-k20-n1-x5e9	ERR608745-k20-n1-x5e9	ERR608746-k20-n1-x5e9	ERR608747-k20-n1-x5e9	ERR608748-k20-n1-x5e9	ERR608749-k20-n1-x5e9	ERR608750-k20-n1-x5e9	ERR608793-k20-n1-x5e9	ERR608794-k20-n1-x5e9	ERR608795-k20-n1-x5e9	ERR608796-k20-n1-x5e9	ERR608797-k20-n1-x5e9	ERR608798-k20-n1-x5e9	ERR608395-k20-n1-x5e9	ERR608396-k20-n1-x5e9	ERR608397-k20-n1-x5e9	ERR608398-k20-n1-x5e9	ERR608399-k20-n1-x5e9	ERR608400-k20-n1-x5e9	ERR610229-k20-n1-x5e9	ERR610230-k20-n1-x5e9	ERR610231-k20-n1-x5e9	ERR610232-k20-n1-x5e9	ERR610233-k20-n1-x5e9	ERR610234-k20-n1-x5e9	ERR608025-k20-n1-x5e9	ERR608026-k20-n1-x5e9	ERR608027-k20-n1-x5e9	ERR608028-k20-n1-x5e9	ERR608029-k20-n1-x5e9	ERR608030-k20-n1-x5e9	ERR605265-k20-n1-x5e9	ERR605266-k20-n1-x5e9	ERR605267-k20-n1-x5e9	ERR605268-k20-n1-x5e9	ERR605269-k20-n1-x5e9	ERR605270-k20-n1-x5e9	ERR607337-k20-n1-x5e9	ERR607338-k20-n1-x5e9	ERR607339-k20-n1-x5e9	ERR607340-k20-n1-x5e9	ERR607341-k20-n1-x5e9	ERR607342-k20-n1-x5e9	ERR607603-k20-n1-x5e9	ERR607604-k20-n1-x5e9	ERR607605-k20-n1-x5e9	ERR607606-k20-n1-x5e9	ERR607607-k20-n1-x5e9	ERR607608-k20-n1-x5e9
ERR608013-k20-n1-x5e9	0	0.30217	0.319839	0.357521	0.357406	0.355321	0.416205	0.536021	0.497488	0.555733	0.540226	0.540958	0.411772	0.414284	0.407725	0.426248	0.425475	0.428363	0.529085	0.379164	0.486621	0.559728	0.557798	0.561219	0.451319	0.497522	0.41616	0.449959	0.445882	0.436531	0.45542	0.535876	0.399163	0.480255	0.47535	0.388253	0.400691	0.39433	0.55307	0.550921	0.5548	0.558765	0.372171	0.377136	0.371993	0.396054	0.395687	0.398294	0.572809	0.536563	0.53151	0.530441	0.532651	0.538684	0.605927	0.611247	0.612724	0.575136	0.573624	0.573404	0.542229	0.545388	0.556354	0.557174	0.559938	0.547657	0.516433	0.524514	0.500565	0.530444	0.528052	0.530915	0.604939	0.610342	0.619524	0.613797	0.612733	0.61369	0.616832	0.610625	0.581775	0.608864	0.609221	0.612248	0.61534	0.613403	0.614217	0.600797	0.603903	0.599949	0.525795	0.496281	0.491505	0.485612	0.47255	0.468908
ERR608014-k20-n1-x5e9	0.30217	0	0.273418	0.30202	0.302213	0.300227	0.420126	0.498714	0.538983	0.516141	0.519477	0.519351	0.395019	0.394555	0.389049	0.398601	0.397152	0.399677	0.471982	0.370315	0.432927	0.505318	0.503254	0.506561	0.45687	0.455491	0.424002	0.420455	0.418327	0.459764	0.442628	0.487261	0.386582	0.437663	0.43376	0.401565	0.384124	0.386914	0.506971	0.506739	0.511403	0.516018	0.344492	0.346595	0.34151	0.355705	0.355206	0.356829	0.587752	0.540308	0.530226	0.530189	0.532889	0.543668	0.58252	0.583841	0.587082	0.555973	0.554361	0.553482	0.533099	0.521619	0.527391	0.527126	0.529721	0.524526	0.481248	0.537067	0.475922	0.493809	0.491982	0.493747	0.601106	0.590131	0.594905	0.59184	0.591201	0.591751	0.589381	0.585408	0.569749	0.591278	0.59124	0.593198	0.592952	0.587704	0.590257	0.588457	0.591497	0.588597	0.483235	0.460122	0.454265	0.447425	0.437233	0.433397
ERR608015-k20-n1-x5e9	0.319839	0.273418	0	0.286858	0.286847	0.285413	0.425795	0.48495	0.554986	0.500821	0.511871	0.5114	0.393193	0.391568	0.386816	0.391971	0.3904	0.392343	0.450444	0.373715	0.413649	0.483852	0.481869	0.485077	0.461706	0.440916	0.43252	0.413413	0.412434	0.472829	0.440452	0.468554	0.388489	0.423509	0.420203	0.412753	0.383522	0.390468	0.489028	0.489791	0.494593	0.499579	0.341698	0.34266	0.337514	0.346331	0.34564	0.347057	0.595328	0.545514	0.534013	0.534262	0.537192	0.549108	0.575721	0.575366	0.579216	0.552438	0.550916	0.549861	0.532972	0.515986	0.519303	0.518692	0.521128	0.519181	0.474132	0.548115	0.473641	0.484941	0.483432	0.484501	0.601149	0.584054	0.587097	0.584959	0.584478	0.584922	0.580207	0.577215	0.567229	0.585854	0.585785	0.587061	0.585946	0.579638	0.582511	0.585852	0.58893	0.586315	0.467565	0.448069	0.441861	0.434865	0.426219	0.422592
ERR608016-k20-n1-x5e9	0.357521	0.30202	0.286858	0	0.261633	0.262502	0.422961	0.434043	0.572344	0.446621	0.462162	0.461208	0.375404	0.372516	0.371385	0.366935	0.365745	0.366521	0.403786	0.3736	0.372999	0.431055	0.42954	0.432486	0.451896	0.402465	0.446589	0.392514	0.393588	0.496101	0.414059	0.417855	0.390103	0.384427	0.382623	0.432571	0.378961	0.390572	0.436564	0.436034	0.440159	0.444483	0.335085	0.333906	0.332899	0.329154	0.327915	0.328241	0.594701	0.545188	0.530789	0.533494	0.536018	0.54812	0.546439	0.545125	0.547327	0.538214	0.536852	0.534969	0.515913	0.492666	0.491807	0.491552	0.492893	0.495445	0.470599	0.567023	0.47808	0.469462	0.468986	0.468463	0.575304	0.551174	0.55242	0.551234	0.549904	0.550188	0.541764	0.540306	0.544301	0.552409	0.551691	0.551601	0.552859	0.5459	0.547955	0.562771	0.564784	0.563082	0.416176	0.402252	0.397848	0.391433	0.386375	0.383673
ERR608017-k20-n1-x5e9	0.357406	0.302213	0.286847	0.261633	0	0.262054	0.42217	0.432474	0.571747	0.444951	0.46047	0.459623	0.374319	0.371619	0.370499	0.366161	0.364881	0.365365	0.402743	0.372826	0.37199	0.429831	0.428244	0.431138	0.450921	0.40128	0.446068	0.391722	0.392869	0.495783	0.412859	0.416272	0.389315	0.383117	0.381352	0.432195	0.378286	0.389729	0.435125	0.434488	0.438537	0.442996	0.334421	0.333468	0.332145	0.328473	0.327094	0.327046	0.594404	0.544949	0.530308	0.533243	0.536023	0.547704	0.545582	0.544261	0.546739	0.537686	0.53634	0.534432	0.515421	0.492074	0.491268	0.490921	0.492313	0.494835	0.470567	0.567052	0.478014	0.469222	0.468677	0.468088	0.574703	0.550433	0.551646	0.550379	0.549069	0.549532	0.540744	0.539226	0.543625	0.551319	0.550693	0.550742	0.551706	0.544871	0.546817	0.562036	0.564028	0.562306	0.414713	0.400812	0.396292	0.38991	0.384997	0.382374
ERR608018-k20-n1-x5e9	0.355321	0.300227	0.285413	0.262502	0.262054	0	0.421187	0.434378	0.57006	0.447098	0.462218	0.461533	0.373967	0.371112	0.369749	0.365824	0.364643	0.365047	0.404117	0.371693	0.372865	0.431692	0.43026	0.433087	0.450046	0.402199	0.444274	0.391416	0.392591	0.493695	0.413126	0.418279	0.388191	0.384049	0.382371	0.430345	0.377774	0.38917	0.437061	0.436744	0.440974	0.44538	0.333731	0.332756	0.331542	0.328053	0.327084	0.327021	0.593333	0.543504	0.52908	0.531942	0.534678	0.546535	0.545743	0.544291	0.546679	0.537044	0.535657	0.533606	0.515022	0.49177	0.491209	0.490972	0.492276	0.494722	0.469147	0.564983	0.476303	0.468179	0.467663	0.467319	0.57459	0.55059	0.552044	0.550748	0.549509	0.54989	0.541559	0.539997	0.543319	0.551495	0.551024	0.551156	0.552007	0.545217	0.547207	0.561488	0.563411	0.561866	0.416564	0.402022	0.397508	0.391058	0.385668	0.382961
ERR610037-k20-n1-x5e9	0.416205	0.420126	0.425795	0.422961	0.42217	0.421187	0	0.395649	0.423369	0.424431	0.376714	0.378532	0.340846	0.34372	0.34085	0.357235	0.357465	0.359357	0.487691	0.342013	0.443419	0.511408	0.509607	0.513307	0.331195	0.416189	0.344667	0.367106	0.36269	0.38151	0.342055	0.462677	0.329574	0.40288	0.397368	0.340312	0.345086	0.340163	0.479486	0.476809	0.478855	0.480972	0.364607	0.368712	0.369856	0.381699	0.381457	0.384408	0.504174	0.466079	0.456169	0.461073	0.461936	0.467351	0.505316	0.514146	0.512129	0.494218	0.492881	0.492901	0.462619	0.473657	0.484727	0.488063	0.489	0.475814	0.502602	0.521483	0.489019	0.499148	0.498886	0.500007	0.487176	0.506221	0.518758	0.511419	0.508458	0.510353	0.500698	0.49062	0.452512	0.476649	0.477688	0.48235	0.495759	0.498974	0.498264	0.475873	0.477436	0.474486	0.44368	0.408452	0.405172	0.402326	0.388635	0.385838
ERR610038-k20-n1-x5e9	0.536021	0.498714	0.48495	0.434043	0.432474	0.434378	0.395649	0	0.585059	0.24266	0.276327	0.273243	0.390466	0.386338	0.393588	0.369663	0.369807	0.366494	0.369676	0.436036	0.360826	0.368053	0.367886	0.369386	0.440843	0.340661	0.496559	0.377121	0.382756	0.558552	0.371686	0.326638	0.427955	0.333206	0.335356	0.497224	0.418049	0.436046	0.33474	0.335134	0.334435	0.334106	0.413482	0.410593	0.417302	0.394679	0.394217	0.393183	0.600879	0.558436	0.537991	0.547631	0.548599	0.560454	0.464112	0.460043	0.456806	0.511114	0.509967	0.506922	0.499866	0.465416	0.453278	0.455467	0.452531	0.466593	0.523879	0.636849	0.542566	0.491462	0.494971	0.489866	0.505929	0.459523	0.454168	0.457481	0.454825	0.454495	0.411616	0.413742	0.463028	0.429139	0.428009	0.424313	0.429234	0.424972	0.424431	0.469583	0.467545	0.470329	0.318211	0.321838	0.324523	0.324457	0.330859	0.332644
ERR610039-k20-n1-x5e9	0.497488	0.538983	0.554986	0.572344	0.571747	0.57006	0.423369	0.585059	0	0.60854	0.555586	0.558216	0.501353	0.506722	0.501588	0.525944	0.526237	0.528831	0.650122	0.485212	0.610983	0.6713	0.669668	0.67281	0.465164	0.589839	0.454534	0.536896	0.531176	0.43014	0.510526	0.633442	0.485247	0.579999	0.574328	0.446592	0.501792	0.486683	0.645978	0.642792	0.644345	0.646153	0.519096	0.524556	0.523796	0.543554	0.543702	0.547035	0.5377	0.544596	0.548916	0.549464	0.549098	0.543882	0.637996	0.649026	0.646981	0.61398	0.613152	0.61421	0.57762	0.60643	0.621873	0.62518	0.626968	0.608002	0.622754	0.562468	0.598414	0.628163	0.626853	0.629391	0.592636	0.63731	0.653036	0.643921	0.641331	0.643357	0.645124	0.634565	0.582294	0.61467	0.616058	0.621729	0.634092	0.639316	0.63793	0.601738	0.603848	0.599665	0.614728	0.58228	0.579508	0.57734	0.563832	0.561375
ERR610040-k20-n1-x5e9	0.555733	0.516141	0.500821	0.446621	0.444951	0.447098	0.424431	0.24266	0.60854	0	0.29012	0.286293	0.411419	0.406684	0.414671	0.387878	0.388295	0.384429	0.367166	0.458721	0.366762	0.358327	0.358506	0.3595	0.468136	0.353631	0.524569	0.400513	0.406815	0.585638	0.396344	0.325745	0.454664	0.347782	0.351339	0.524698	0.439395	0.458765	0.326729	0.328462	0.327104	0.326081	0.430512	0.426749	0.434245	0.408477	0.408103	0.406297	0.618879	0.577553	0.556958	0.566555	0.567651	0.57938	0.475215	0.469165	0.46609	0.52591	0.5251	0.521629	0.515278	0.477425	0.463065	0.464814	0.461362	0.478483	0.534895	0.654312	0.556473	0.50007	0.503969	0.498197	0.519613	0.468156	0.460538	0.465246	0.463058	0.462471	0.416779	0.421739	0.480906	0.441527	0.440252	0.435054	0.438888	0.43307	0.432507	0.487791	0.485373	0.488589	0.32025	0.333272	0.336581	0.337584	0.346515	0.349048
ERR610041-k20-n1-x5e9	0.540226	0.519477	0.511871	0.462162	0.46047	0.462218	0.376714	0.276327	0.555586	0.29012	0	0.240614	0.388956	0.387428	0.395546	0.379704	0.380515	0.377867	0.426929	0.434551	0.408056	0.424399	0.42394	0.426265	0.414513	0.377792	0.48838	0.392617	0.395698	0.541918	0.357041	0.37879	0.430931	0.367147	0.366955	0.488211	0.422783	0.433737	0.382565	0.375378	0.373236	0.371272	0.428069	0.427984	0.43622	0.420733	0.420346	0.420379	0.581276	0.548506	0.531377	0.542128	0.542264	0.54875	0.472457	0.475358	0.467856	0.519897	0.518992	0.516198	0.492946	0.477224	0.471374	0.475675	0.472129	0.476769	0.556527	0.634365	0.566218	0.52311	0.526257	0.522371	0.482815	0.462187	0.465307	0.463478	0.457705	0.458652	0.428097	0.425324	0.455799	0.42482	0.424508	0.42251	0.435413	0.436997	0.432862	0.462279	0.459589	0.461012	0.352504	0.339934	0.345463	0.347057	0.348023	0.349615
ERR610042-k20-n1-x5e9	0.540958	0.519351	0.5114	0.461208	0.459623	0.461533	0.378532	0.273243	0.558216	0.286293	0.240614	0	0.389569	0.387765	0.396122	0.379349	0.380124	0.37755	0.424005	0.435625	0.405967	0.421386	0.420982	0.42306	0.416539	0.37593	0.489483	0.391989	0.395225	0.543853	0.357976	0.375936	0.431628	0.365642	0.365428	0.489664	0.422676	0.434228	0.379385	0.372019	0.370094	0.368101	0.428149	0.427554	0.435844	0.419866	0.419575	0.419492	0.583059	0.549844	0.532353	0.543046	0.543309	0.550085	0.472371	0.474669	0.467411	0.520049	0.519157	0.516311	0.493869	0.477013	0.470664	0.474839	0.471306	0.476462	0.555217	0.635101	0.565346	0.521487	0.52466	0.520737	0.484374	0.461833	0.464352	0.463098	0.457291	0.458373	0.42673	0.424308	0.456583	0.424849	0.424331	0.422216	0.434868	0.436227	0.432126	0.462881	0.460222	0.461828	0.350572	0.339142	0.344709	0.34612	0.34742	0.349506
ERR607457-k20-n1-x5e9	0.411772	0.395019	0.393193	0.375404	0.374319	0.373967	0.340846	0.390466	0.501353	0.411419	0.388956	0.389569	0	0.262514	0.263395	0.267796	0.267979	0.269098	0.422806	0.333778	0.38385	0.443654	0.44196	0.445527	0.359716	0.376282	0.385925	0.350995	0.350367	0.435084	0.346437	0.415781	0.351595	0.371679	0.368187	0.388379	0.356708	0.361942	0.437098	0.436013	0.43801	0.440852	0.336966	0.338795	0.34152	0.343211	0.34254	0.34437	0.519416	0.475122	0.460295	0.466498	0.467812	0.476799	0.476813	0.482054	0.480344	0.475798	0.47513	0.473652	0.449258	0.444662	0.450265	0.452545	0.453037	0.44662	0.474495	0.535199	0.471724	0.465178	0.465471	0.465202	0.478489	0.476723	0.485481	0.480514	0.477948	0.479107	0.482045	0.475969	0.463368	0.472187	0.47247	0.474499	0.47227	0.472458	0.471831	0.469204	0.470237	0.468731	0.37479	0.345197	0.342399	0.339413	0.328593	0.327365
ERR607458-k20-n1-x5e9	0.414284	0.394555	0.391568	0.372516	0.371619	0.371112	0.34372	0.386338	0.506722	0.406684	0.387428	0.387765	0.262514	0	0.263437	0.265423	0.265388	0.266171	0.416637	0.335573	0.378063	0.437211	0.435503	0.439018	0.363439	0.372557	0.389798	0.349842	0.349245	0.440144	0.347008	0.410399	0.352681	0.367677	0.364355	0.392228	0.357555	0.363895	0.432085	0.431437	0.433483	0.436157	0.336032	0.337749	0.340588	0.340437	0.339794	0.341448	0.523224	0.477824	0.462337	0.468645	0.469968	0.479645	0.474976	0.479412	0.478285	0.475393	0.474505	0.473113	0.450128	0.442995	0.44773	0.449742	0.450024	0.445235	0.471961	0.538124	0.470817	0.462046	0.462528	0.462019	0.480092	0.475081	0.483039	0.478209	0.4761	0.477167	0.47912	0.473564	0.463231	0.470991	0.471168	0.472961	0.470117	0.46971	0.469474	0.469019	0.470058	0.468707	0.369826	0.341312	0.338417	0.335596	0.325179	0.323691
ERR607459-k20-n1-x5e9	0.407725	0.389049	0.386816	0.371385	0.370499	0.369749	0.34085	0.393588	0.501588	0.414671	0.395546	0.396122	0.263395	0.263437	0	0.268043	0.267914	0.269436	0.421392	0.331513	0.38177	0.4435	0.441821	0.445314	0.362395	0.376172	0.382556	0.349697	0.348838	0.431869	0.349909	0.416024	0.348449	0.371188	0.367479	0.385077	0.354416	0.359709	0.438183	0.437744	0.440032	0.442923	0.334246	0.336058	0.337894	0.339964	0.339644	0.341298	0.520886	0.475182	0.460158	0.46586	0.467309	0.47669	0.478813	0.483469	0.482632	0.475671	0.474709	0.473418	0.45111	0.445252	0.450861	0.452668	0.453529	0.44739	0.469913	0.533092	0.467255	0.4624	0.462671	0.462405	0.48361	0.480013	0.488338	0.483206	0.481243	0.482315	0.484585	0.478773	0.465609	0.476136	0.476178	0.478402	0.475376	0.474974	0.475039	0.471607	0.473161	0.471528	0.377349	0.348055	0.34473	0.341273	0.330641	0.328726
ERR607460-k20-n1-x5e9	0.426248	0.398601	0.391971	0.366935	0.366161	0.365824	0.357235	0.369663	0.525944	0.387878	0.379704	0.379349	0.267796	0.265423	0.268043	0	0.25852	0.258685	0.394702	0.342855	0.359656	0.41399	0.412465	0.415649	0.3754	0.35783	0.404344	0.345125	0.346063	0.459095	0.349194	0.390911	0.360408	0.354868	0.35276	0.408378	0.362826	0.372753	0.413109	0.413417	0.41513	0.418031	0.33748	0.337141	0.340691	0.334899	0.334532	0.335517	0.535665	0.48831	0.470759	0.477366	0.47907	0.490155	0.466271	0.468693	0.467676	0.473148	0.471976	0.47021	0.453974	0.4381	0.439586	0.44121	0.440996	0.440517	0.467536	0.550453	0.471327	0.454558	0.455407	0.454122	0.483203	0.467141	0.47244	0.469239	0.467521	0.468197	0.467865	0.46385	0.463634	0.465319	0.465281	0.466041	0.459536	0.457788	0.458058	0.465898	0.46648	0.465921	0.348951	0.325001	0.321973	0.319034	0.31105	0.309996
ERR607461-k20-n1-x5e9	0.425475	0.397152	0.3904	0.365745	0.364881	0.364643	0.357465	0.369807	0.526237	0.388295	0.380515	0.380124	0.267979	0.265388	0.267914	0.25852	0	0.258554	0.39403	0.342583	0.358788	0.413609	0.41202	0.415235	0.375786	0.357251	0.403833	0.34465	0.345404	0.458986	0.349456	0.390585	0.359398	0.354327	0.351941	0.407725	0.362132	0.372148	0.41301	0.41325	0.41528	0.4182	0.336538	0.336525	0.339853	0.334268	0.333471	0.334622	0.536576	0.488923	0.4717	0.478207	0.47982	0.491122	0.4675	0.469863	0.469022	0.474002	0.473057	0.471178	0.455029	0.438895	0.44047	0.44205	0.441935	0.441512	0.467183	0.550567	0.471064	0.454393	0.455175	0.454049	0.485054	0.468545	0.473538	0.470462	0.468709	0.469382	0.468435	0.464325	0.464449	0.466527	0.466357	0.467091	0.460842	0.458926	0.459264	0.466983	0.467767	0.467006	0.349035	0.325275	0.32213	0.319037	0.311281	0.310156
ERR607462-k20-n1-x5e9	0.428363	0.399677	0.392343	0.366521	0.365365	0.365047	0.359357	0.366494	0.528831	0.384429	0.377867	0.37755	0.269098	0.266171	0.269436	0.258685	0.258554	0	0.391214	0.344439	0.356624	0.410455	0.408681	0.412006	0.376875	0.354998	0.406832	0.34424	0.345402	0.462413	0.348534	0.387457	0.361005	0.352172	0.349902	0.410745	0.363016	0.373526	0.409614	0.410165	0.412008	0.414756	0.337773	0.337439	0.341344	0.334743	0.334103	0.335003	0.537501	0.489851	0.47246	0.479347	0.481134	0.491914	0.465084	0.466842	0.466295	0.473011	0.472037	0.470188	0.454169	0.437142	0.438087	0.439574	0.439541	0.439709	0.466641	0.552224	0.471387	0.452987	0.454042	0.452785	0.483755	0.466113	0.470688	0.467638	0.466004	0.466768	0.465107	0.461181	0.463012	0.463555	0.463597	0.464203	0.4578	0.45576	0.455977	0.465417	0.466191	0.465531	0.345893	0.322349	0.319391	0.316637	0.309139	0.30812
ERR610169-k20-n1-x5e9	0.529085	0.471982	0.450444	0.403786	0.402743	0.404117	0.487691	0.369676	0.650122	0.367166	0.426929	0.424005	0.422806	0.416637	0.421392	0.394702	0.39403	0.391214	0	0.416442	0.259659	0.25352	0.25251	0.253956	0.48831	0.343522	0.518441	0.39227	0.399141	0.58101	0.431719	0.328335	0.455557	0.350644	0.354354	0.525364	0.448842	0.471697	0.351532	0.358671	0.361194	0.365094	0.421391	0.415857	0.419646	0.392249	0.39106	0.388709	0.639881	0.590506	0.570183	0.576363	0.578724	0.593395	0.502843	0.491342	0.494767	0.53306	0.53187	0.52826	0.537211	0.488868	0.472938	0.470753	0.469415	0.491111	0.480416	0.640023	0.514018	0.455291	0.458167	0.452513	0.57113	0.511861	0.500828	0.507216	0.507189	0.506471	0.471091	0.47635	0.525185	0.501722	0.500211	0.49625	0.487884	0.477161	0.480953	0.528142	0.527586	0.529891	0.338351	0.355707	0.353499	0.350504	0.359649	0.35987
ERR610170-k20-n1-x5e9	0.379164	0.370315	0.373715	0.3736	0.372826	0.371693	0.342013	0.436036	0.485212	0.458721	0.434551	0.435625	0.333778	0.335573	0.331513	0.342855	0.342583	0.344439	0.416442	0	0.367745	0.446643	0.444209	0.448568	0.345536	0.391891	0.346824	0.345945	0.342632	0.390417	0.350564	0.442409	0.325138	0.384296	0.379084	0.344242	0.339245	0.3406	0.466161	0.46453	0.467538	0.471212	0.333076	0.336016	0.33593	0.346024	0.346036	0.348254	0.517348	0.472277	0.461103	0.464075	0.465931	0.474226	0.504902	0.510659	0.511089	0.487342	0.486207	0.485208	0.461724	0.461549	0.470864	0.472176	0.473906	0.463634	0.454677	0.497815	0.444424	0.455747	0.454726	0.456287	0.508031	0.512513	0.522275	0.516311	0.514895	0.516338	0.511333	0.503482	0.474001	0.496526	0.497091	0.500631	0.504465	0.504849	0.505442	0.490316	0.492139	0.489536	0.423281	0.390614	0.386184	0.382074	0.3693	0.366072
ERR610171-k20-n1-x5e9	0.486621	0.432927	0.413649	0.372999	0.37199	0.372865	0.443419	0.360826	0.610983	0.366762	0.408056	0.405967	0.38385	0.378063	0.38177	0.359656	0.358788	0.356624	0.259659	0.367745	0	0.282522	0.280709	0.283802	0.443045	0.324009	0.469775	0.353432	0.359037	0.533737	0.3913	0.330369	0.40839	0.32644	0.328034	0.476478	0.406	0.427586	0.357482	0.362619	0.365785	0.370324	0.381804	0.377328	0.380566	0.357543	0.356741	0.355006	0.607301	0.556154	0.536422	0.542183	0.544485	0.559277	0.485943	0.477658	0.481098	0.507604	0.506369	0.503054	0.508088	0.465478	0.453654	0.451858	0.451455	0.467808	0.456646	0.604321	0.4834	0.435833	0.438015	0.433654	0.546548	0.496138	0.489219	0.49309	0.492685	0.492432	0.462973	0.464904	0.497967	0.483585	0.482554	0.480364	0.474526	0.465986	0.469395	0.503925	0.503811	0.505207	0.331871	0.335204	0.331898	0.327949	0.332245	0.33157
ERR610172-k20-n1-x5e9	0.559728	0.505318	0.483852	0.431055	0.429831	0.431692	0.511408	0.368053	0.6713	0.358327	0.424399	0.421386	0.443654	0.437211	0.4435	0.41399	0.413609	0.410455	0.25352	0.446643	0.282522	0	0.241021	0.240861	0.512148	0.361754	0.55129	0.42096	0.428114	0.612501	0.450756	0.330412	0.48731	0.370551	0.37547	0.557403	0.477404	0.500115	0.347121	0.353871	0.354754	0.357105	0.447595	0.442041	0.447164	0.417221	0.416522	0.413682	0.656181	0.61011	0.589943	0.596747	0.598967	0.612615	0.509825	0.497723	0.49965	0.549369	0.548339	0.544674	0.551538	0.502365	0.484775	0.482972	0.480607	0.50426	0.507933	0.66446	0.542208	0.47678	0.48041	0.47371	0.576576	0.514595	0.502043	0.509455	0.509475	0.508388	0.470107	0.477926	0.538232	0.505472	0.503957	0.498458	0.48895	0.477908	0.480771	0.538306	0.537089	0.540146	0.336611	0.361894	0.362294	0.361037	0.373034	0.37439
ERR610173-k20-n1-x5e9	0.557798	0.503254	0.481869	0.42954	0.428244	0.43026	0.509607	0.367886	0.669668	0.358506	0.42394	0.420982	0.44196	0.435503	0.441821	0.412465	0.41202	0.408681	0.25251	0.444209	0.280709	0.241021	0	0.24122	0.510225	0.360705	0.548915	0.41908	0.426233	0.610325	0.449123	0.330214	0.484978	0.369045	0.373939	0.555108	0.475135	0.497744	0.34715	0.353954	0.35493	0.357189	0.445579	0.440113	0.445209	0.415369	0.414676	0.411705	0.654509	0.608259	0.588004	0.594902	0.597129	0.6107	0.508799	0.496665	0.49855	0.547681	0.546611	0.543059	0.550068	0.500924	0.483634	0.481607	0.479366	0.502806	0.505471	0.662367	0.539785	0.474541	0.478327	0.471679	0.575508	0.513844	0.501458	0.508762	0.508815	0.507775	0.469837	0.47728	0.536908	0.504633	0.503084	0.497801	0.487856	0.476948	0.479667	0.536892	0.535651	0.538603	0.336361	0.361112	0.361093	0.359937	0.371718	0.372991
ERR610174-k20-n1-x5e9	0.561219	0.506561	0.485077	0.432486	0.431138	0.433087	0.513307	0.369386	0.67281	0.3595	0.426265	0.42306	0.445527	0.439018	0.445314	0.415649	0.415235	0.412006	0.253956	0.448568	0.283802	0.240861	0.24122	0	0.514108	0.363245	0.552955	0.422889	0.42995	0.614167	0.45275	0.331367	0.489145	0.372164	0.377105	0.559102	0.478899	0.501558	0.347723	0.354617	0.35543	0.357795	0.449055	0.443559	0.448564	0.418634	0.417921	0.414825	0.657656	0.611529	0.591427	0.598321	0.600603	0.61414	0.511255	0.498887	0.500885	0.55075	0.549689	0.546071	0.553179	0.50385	0.486273	0.484352	0.481975	0.505754	0.508562	0.66558	0.543198	0.477549	0.481182	0.474618	0.577959	0.51598	0.503449	0.510844	0.510852	0.509824	0.471368	0.479206	0.539849	0.507018	0.505411	0.499898	0.490078	0.478994	0.481829	0.53985	0.538605	0.541654	0.338061	0.363687	0.363896	0.362769	0.374848	0.376371
ERR607152-k20-n1-x5e9	0.451319	0.45687	0.461706	0.451896	0.450921	0.450046	0.331195	0.440843	0.465164	0.468136	0.414513	0.416539	0.359716	0.363439	0.362395	0.3754	0.375786	0.376875	0.48831	0.345536	0.443045	0.512148	0.510225	0.514108	0	0.376013	0.305711	0.319146	0.313906	0.350818	0.325875	0.462867	0.334973	0.400109	0.394455	0.34843	0.370339	0.365897	0.4915	0.48798	0.489897	0.491806	0.407214	0.410992	0.413372	0.422569	0.421769	0.424377	0.512008	0.477649	0.469336	0.474584	0.47445	0.47865	0.510505	0.519883	0.517887	0.503416	0.501842	0.500921	0.47777	0.490904	0.50145	0.504924	0.50509	0.49204	0.517616	0.530976	0.503946	0.510717	0.510655	0.51197	0.495796	0.516422	0.529807	0.521527	0.518382	0.520746	0.510114	0.498185	0.45395	0.478246	0.479141	0.484999	0.502775	0.508227	0.506532	0.477814	0.478481	0.475751	0.446372	0.408943	0.406804	0.404021	0.390977	0.388516
ERR607153-k20-n1-x5e9	0.497522	0.455491	0.440916	0.402465	0.40128	0.402199	0.416189	0.340661	0.589839	0.353631	0.377792	0.37593	0.376282	0.372557	0.376172	0.35783	0.357251	0.354998	0.343522	0.391891	0.324009	0.361754	0.360705	0.363245	0.376013	0	0.416085	0.278387	0.284617	0.488135	0.352416	0.317791	0.379378	0.300309	0.301387	0.449179	0.391526	0.410024	0.358749	0.359694	0.362446	0.365611	0.397808	0.395149	0.39856	0.382333	0.380822	0.380177	0.598961	0.551045	0.531651	0.538973	0.53993	0.55353	0.486888	0.482028	0.482778	0.511974	0.510335	0.50734	0.509608	0.476356	0.46705	0.467949	0.466394	0.477921	0.491058	0.609897	0.508618	0.469247	0.471773	0.468136	0.537248	0.495151	0.490848	0.493093	0.49129	0.491152	0.449452	0.448318	0.476399	0.461916	0.461124	0.4602	0.470448	0.465655	0.467138	0.492374	0.491891	0.493221	0.337405	0.332314	0.331042	0.326486	0.328811	0.328282
ERR607154-k20-n1-x5e9	0.41616	0.424002	0.43252	0.446589	0.446068	0.444274	0.344667	0.496559	0.454534	0.524569	0.48838	0.489483	0.385925	0.389798	0.382556	0.404344	0.403833	0.406832	0.518441	0.346824	0.469775	0.55129	0.548915	0.552955	0.305711	0.416085	0	0.343623	0.33609	0.298736	0.378518	0.503773	0.3251	0.432626	0.426206	0.311418	0.370509	0.36257	0.535496	0.533231	0.536809	0.540474	0.406913	0.411085	0.408821	0.426829	0.42605	0.42924	0.517974	0.476489	0.470258	0.471518	0.472499	0.478244	0.550018	0.558234	0.559399	0.518567	0.516891	0.516829	0.499832	0.51273	0.526068	0.528212	0.530343	0.514848	0.502925	0.500925	0.481793	0.513243	0.511715	0.514763	0.54283	0.561662	0.574095	0.566739	0.564261	0.566245	0.556805	0.545059	0.488748	0.529721	0.53062	0.537535	0.554519	0.557589	0.558275	0.518532	0.521528	0.517401	0.500559	0.463953	0.458926	0.453559	0.438779	0.43492
ERR607155-k20-n1-x5e9	0.449959	0.420455	0.413413	0.392514	0.391722	0.391416	0.367106	0.377121	0.536896	0.400513	0.392617	0.391989	0.350995	0.349842	0.349697	0.345125	0.34465	0.34424	0.39227	0.345945	0.353432	0.42096	0.41908	0.422889	0.319146	0.278387	0.343623	0	0.251342	0.413807	0.324838	0.370175	0.325825	0.316455	0.313119	0.381628	0.352108	0.363831	0.409181	0.407424	0.411018	0.414611	0.373788	0.37387	0.37504	0.37184	0.370448	0.371639	0.562579	0.513855	0.497039	0.503147	0.504145	0.516179	0.492026	0.492555	0.493487	0.497322	0.495701	0.493199	0.489693	0.47151	0.470155	0.47175	0.471671	0.472784	0.476955	0.564623	0.482053	0.466101	0.467288	0.466193	0.524865	0.502636	0.505048	0.503268	0.50056	0.501584	0.47221	0.465505	0.460409	0.466747	0.466676	0.469153	0.483932	0.482767	0.483853	0.48238	0.483075	0.482466	0.378423	0.354549	0.351499	0.345593	0.339463	0.336818
ERR607156-k20-n1-x5e9	0.445882	0.418327	0.412434	0.393588	0.392869	0.392591	0.36269	0.382756	0.531176	0.406815	0.395698	0.395225	0.350367	0.349245	0.348838	0.346063	0.345404	0.345402	0.399141	0.342632	0.359037	0.428114	0.426233	0.42995	0.313906	0.284617	0.33609	0.251342	0	0.405611	0.323987	0.3771	0.321771	0.32109	0.317386	0.374672	0.349607	0.360045	0.415584	0.413765	0.417319	0.420923	0.372924	0.373278	0.374329	0.372762	0.371495	0.372705	0.558548	0.510336	0.494357	0.500048	0.500911	0.512556	0.494128	0.49527	0.496127	0.497141	0.495605	0.493115	0.488699	0.472326	0.472265	0.473659	0.473878	0.473703	0.477467	0.560055	0.480848	0.467918	0.468727	0.468053	0.524744	0.505066	0.508219	0.506166	0.50334	0.504361	0.475777	0.468768	0.459934	0.468609	0.468469	0.471305	0.486749	0.485786	0.486768	0.482901	0.483826	0.482754	0.384536	0.359347	0.356257	0.350379	0.343236	0.34054
ERR607157-k20-n1-x5e9	0.436531	0.459764	0.472829	0.496101	0.495783	0.493695	0.38151	0.558552	0.43014	0.585638	0.541918	0.543853	0.435084	0.440144	0.431869	0.459095	0.458986	0.462413	0.58101	0.390417	0.533737	0.612501	0.610325	0.614167	0.350818	0.488135	0.298736	0.413807	0.405611	0	0.435278	0.568669	0.377207	0.498967	0.492114	0.331799	0.420019	0.406028	0.596481	0.593622	0.596938	0.600267	0.453227	0.458469	0.45555	0.478089	0.477486	0.481063	0.516365	0.487741	0.48776	0.486753	0.487112	0.487904	0.59326	0.603629	0.604229	0.553408	0.551666	0.552438	0.529348	0.553861	0.570728	0.572966	0.575634	0.555604	0.541415	0.489873	0.512449	0.556687	0.554746	0.558327	0.569162	0.603514	0.618809	0.609755	0.606927	0.609426	0.606835	0.594233	0.527767	0.574594	0.575948	0.583603	0.601081	0.605489	0.605597	0.55721	0.560563	0.555434	0.562929	0.52603	0.521588	0.516496	0.501199	0.497245
ERR607170-k20-n1-x5e9	0.45542	0.442628	0.440452	0.414059	0.412859	0.413126	0.342055	0.371686	0.510526	0.396344	0.357041	0.357976	0.346437	0.347008	0.349909	0.349194	0.349456	0.348534	0.431719	0.350564	0.3913	0.450756	0.449123	0.45275	0.325875	0.352416	0.378518	0.324838	0.323987	0.435278	0	0.361679	0.297791	0.304693	0.300306	0.352458	0.34771	0.352011	0.420519	0.417233	0.418647	0.420152	0.378518	0.380783	0.384872	0.384552	0.38353	0.38533	0.542219	0.503212	0.48884	0.49626	0.496157	0.504557	0.488977	0.494802	0.492158	0.500302	0.498799	0.497156	0.475663	0.471218	0.475025	0.477894	0.477217	0.472485	0.509704	0.5639	0.507189	0.493147	0.49442	0.493717	0.496586	0.492953	0.500811	0.495632	0.492738	0.494245	0.464849	0.45598	0.43846	0.44472	0.445497	0.448322	0.474997	0.477576	0.476164	0.472134	0.472119	0.470766	0.386167	0.355619	0.355397	0.352544	0.343833	0.342562
ERR607171-k20-n1-x5e9	0.535876	0.487261	0.468554	0.417855	0.416272	0.418279	0.462677	0.326638	0.633442	0.325745	0.37879	0.375936	0.415781	0.410399	0.416024	0.390911	0.390585	0.387457	0.328335	0.442409	0.330369	0.330412	0.330214	0.331367	0.462867	0.317791	0.503773	0.370175	0.3771	0.568669	0.361679	0	0.405717	0.271232	0.276975	0.486596	0.429615	0.450604	0.326058	0.328447	0.330041	0.332211	0.425612	0.421557	0.425935	0.402134	0.400649	0.398965	0.634829	0.589382	0.569106	0.576972	0.57842	0.591649	0.502841	0.49464	0.494967	0.539906	0.538488	0.53532	0.535674	0.493853	0.479353	0.479502	0.477167	0.495491	0.517958	0.65059	0.542535	0.490093	0.493472	0.487982	0.560827	0.506707	0.497629	0.503004	0.501141	0.500484	0.444404	0.448576	0.499652	0.471719	0.47047	0.466386	0.482374	0.474396	0.476163	0.522135	0.520816	0.522876	0.330086	0.34399	0.345149	0.341906	0.350819	0.352153
ERR607172-k20-n1-x5e9	0.399163	0.386582	0.388489	0.390103	0.389315	0.388191	0.329574	0.427955	0.485247	0.454664	0.430931	0.431628	0.351595	0.352681	0.348449	0.360408	0.359398	0.361005	0.455557	0.325138	0.40839	0.48731	0.484978	0.489145	0.334973	0.379378	0.3251	0.325825	0.321771	0.377207	0.297791	0.405717	0	0.333267	0.326996	0.290775	0.323839	0.324464	0.464538	0.462529	0.466274	0.47018	0.356818	0.359813	0.358173	0.369545	0.368698	0.371475	0.536076	0.4895	0.477191	0.480523	0.48184	0.49163	0.521959	0.527142	0.528073	0.504907	0.502993	0.502438	0.485167	0.483137	0.490693	0.492534	0.494136	0.485565	0.480923	0.524972	0.471469	0.483536	0.482849	0.484178	0.532351	0.531962	0.539797	0.535038	0.532878	0.534203	0.509738	0.500199	0.464955	0.492734	0.493332	0.49793	0.521758	0.522141	0.523072	0.504348	0.506297	0.503542	0.43835	0.405849	0.401222	0.395444	0.383007	0.379679
ERR607173-k20-n1-x5e9	0.480255	0.437663	0.423509	0.384427	0.383117	0.384049	0.40288	0.333206	0.579999	0.347782	0.367147	0.365642	0.371679	0.367677	0.371188	0.354868	0.354327	0.352172	0.350644	0.384296	0.32644	0.370551	0.369045	0.372164	0.400109	0.300309	0.432626	0.316455	0.32109	0.498967	0.304693	0.271232	0.333267	0	0.242609	0.411161	0.370913	0.388895	0.352849	0.352141	0.355397	0.35888	0.381238	0.379132	0.381981	0.367184	0.365596	0.365622	0.594709	0.547257	0.528086	0.535042	0.536379	0.549427	0.491	0.487343	0.487853	0.512772	0.510999	0.508241	0.504267	0.472477	0.464325	0.465098	0.464078	0.474015	0.489757	0.603667	0.5054	0.469929	0.472127	0.469086	0.538129	0.498513	0.495265	0.497103	0.494346	0.494581	0.447268	0.444914	0.467345	0.45698	0.456391	0.455578	0.477632	0.473039	0.47442	0.49755	0.497216	0.497691	0.342582	0.334661	0.333854	0.328424	0.32967	0.329213
ERR607174-k20-n1-x5e9	0.47535	0.43376	0.420203	0.382623	0.381352	0.382371	0.397368	0.335356	0.574328	0.351339	0.366955	0.365428	0.368187	0.364355	0.367479	0.35276	0.351941	0.349902	0.354354	0.379084	0.328034	0.37547	0.373939	0.377105	0.394455	0.301387	0.426206	0.313119	0.317386	0.492114	0.300306	0.276975	0.326996	0.242609	0	0.404223	0.365888	0.383326	0.357007	0.356074	0.359372	0.36268	0.377878	0.376061	0.378747	0.365208	0.363739	0.363459	0.590706	0.543075	0.524192	0.530982	0.532354	0.545305	0.490261	0.487275	0.487564	0.510414	0.508792	0.505948	0.501526	0.470996	0.463538	0.464576	0.463633	0.472595	0.487533	0.598858	0.502272	0.468574	0.470663	0.46762	0.53562	0.497835	0.495293	0.496584	0.493825	0.494026	0.447903	0.445273	0.464453	0.455931	0.4556	0.455094	0.477323	0.47308	0.47455	0.495073	0.49499	0.495344	0.34544	0.335508	0.334624	0.328944	0.329234	0.328465
ERR607175-k20-n1-x5e9	0.388253	0.401565	0.412753	0.432571	0.432195	0.430345	0.340312	0.497224	0.446592	0.524698	0.488211	0.489664	0.388379	0.392228	0.385077	0.408378	0.407725	0.410745	0.525364	0.344242	0.476478	0.557403	0.555108	0.559102	0.34843	0.449179	0.311418	0.381628	0.374672	0.331799	0.352458	0.486596	0.290775	0.411161	0.404223	0	0.356032	0.34448	0.534568	0.531624	0.535263	0.538748	0.38992	0.395186	0.392121	0.413762	0.413209	0.417168	0.523998	0.485285	0.479829	0.480414	0.481477	0.486702	0.563213	0.571835	0.572288	0.531465	0.529504	0.530035	0.505023	0.518656	0.532512	0.534517	0.536846	0.520718	0.509983	0.499396	0.487586	0.521051	0.519423	0.522453	0.553956	0.572879	0.584947	0.577898	0.575539	0.577345	0.562961	0.551664	0.497863	0.537239	0.538607	0.544742	0.567857	0.570324	0.570772	0.536292	0.539423	0.534753	0.5072	0.470716	0.466308	0.460676	0.445559	0.441774
ERR605872-k20-n1-x5e9	0.400691	0.384124	0.383522	0.378961	0.378286	0.377774	0.345086	0.418049	0.501792	0.439395	0.422783	0.422676	0.356708	0.357555	0.354416	0.362826	0.362132	0.363016	0.448842	0.339245	0.406	0.477404	0.475135	0.478899	0.370339	0.391526	0.370509	0.352108	0.349607	0.420019	0.34771	0.429615	0.323839	0.370913	0.365888	0.356032	0	0.270004	0.402931	0.400901	0.404885	0.408948	0.340042	0.342127	0.342399	0.349565	0.349166	0.351372	0.551292	0.505621	0.493124	0.496805	0.498238	0.508303	0.531226	0.535029	0.535726	0.518304	0.516939	0.515536	0.492334	0.487136	0.492919	0.494867	0.495785	0.488817	0.481627	0.534195	0.475153	0.480859	0.480591	0.481263	0.537871	0.534499	0.541823	0.537446	0.535028	0.536111	0.505409	0.498201	0.473947	0.494653	0.494703	0.498208	0.533014	0.531873	0.532108	0.526087	0.527799	0.525812	0.43858	0.41095	0.407001	0.401925	0.390928	0.387809
ERR605873-k20-n1-x5e9	0.39433	0.386914	0.390468	0.390572	0.389729	0.38917	0.340163	0.436046	0.486683	0.458765	0.433737	0.434228	0.361942	0.363895	0.359709	0.372753	0.372148	0.373526	0.471697	0.3406	0.427586	0.500115	0.497744	0.501558	0.365897	0.410024	0.36257	0.363831	0.360045	0.406028	0.352011	0.450604	0.324464	0.388895	0.383326	0.34448	0.270004	0	0.427261	0.424231	0.427899	0.431583	0.347848	0.351152	0.350465	0.362668	0.362339	0.364791	0.5442	0.501493	0.490406	0.494004	0.495041	0.503447	0.540733	0.546424	0.546494	0.524336	0.522661	0.521724	0.494509	0.49577	0.50395	0.506173	0.507302	0.497201	0.492273	0.527033	0.481571	0.493726	0.492951	0.494363	0.539447	0.543498	0.552758	0.547165	0.544697	0.545957	0.518136	0.509831	0.478133	0.502965	0.503067	0.507348	0.543673	0.543671	0.543666	0.532035	0.533485	0.531098	0.457425	0.427342	0.42335	0.418687	0.406485	0.403418
ERR605874-k20-n1-x5e9	0.55307	0.506971	0.489028	0.436564	0.435125	0.437061	0.479486	0.33474	0.645978	0.326729	0.382565	0.379385	0.437098	0.432085	0.438183	0.413109	0.41301	0.409614	0.351532	0.466161	0.357482	0.347121	0.34715	0.347723	0.4915	0.358749	0.535496	0.409181	0.415584	0.596481	0.420519	0.326058	0.464538	0.352849	0.357007	0.534568	0.402931	0.427261	0	0.251073	0.251543	0.252619	0.433673	0.42927	0.435143	0.408773	0.408237	0.406023	0.647378	0.603945	0.584631	0.592349	0.593633	0.606228	0.517712	0.509451	0.509301	0.556505	0.555477	0.551896	0.547456	0.506416	0.491429	0.491692	0.488811	0.507137	0.531442	0.660909	0.555873	0.501123	0.504637	0.498991	0.568065	0.514555	0.505953	0.511082	0.509276	0.50847	0.44861	0.454411	0.509787	0.47739	0.475394	0.471076	0.500804	0.492702	0.493354	0.544574	0.542829	0.545671	0.356691	0.372806	0.374872	0.373197	0.382281	0.383816
ERR605875-k20-n1-x5e9	0.550921	0.506739	0.489791	0.436034	0.434488	0.436744	0.476809	0.335134	0.642792	0.328462	0.375378	0.372019	0.436013	0.431437	0.437744	0.413417	0.41325	0.410165	0.358671	0.46453	0.362619	0.353871	0.353954	0.354617	0.48798	0.359694	0.533231	0.407424	0.413765	0.593622	0.417233	0.328447	0.462529	0.352141	0.356074	0.531624	0.400901	0.424231	0.251073	0	0.245922	0.246589	0.43333	0.429444	0.43561	0.410252	0.409343	0.407303	0.644969	0.60252	0.583352	0.591287	0.592696	0.604506	0.518641	0.511435	0.510418	0.557877	0.556752	0.553104	0.545784	0.506653	0.492473	0.493146	0.490271	0.507057	0.535524	0.660026	0.558751	0.504972	0.508334	0.502908	0.565558	0.514333	0.506867	0.511531	0.508569	0.508002	0.448109	0.453317	0.50797	0.475277	0.473312	0.468897	0.501839	0.494572	0.494599	0.543505	0.541735	0.544418	0.359723	0.373302	0.376474	0.374148	0.382693	0.384197
ERR605876-k20-n1-x5e9	0.5548	0.511403	0.494593	0.440159	0.438537	0.440974	0.478855	0.334435	0.644345	0.327104	0.373236	0.370094	0.43801	0.433483	0.440032	0.41513	0.41528	0.412008	0.361194	0.467538	0.365785	0.354754	0.35493	0.35543	0.489897	0.362446	0.536809	0.411018	0.417319	0.596938	0.418647	0.330041	0.466274	0.355397	0.359372	0.535263	0.404885	0.427899	0.251543	0.245922	0	0.245893	0.436485	0.432731	0.438809	0.413484	0.412674	0.410488	0.645964	0.604093	0.585098	0.593053	0.594417	0.605996	0.518504	0.511522	0.510156	0.559109	0.558103	0.55435	0.546566	0.507797	0.493347	0.494202	0.491275	0.508012	0.539084	0.662413	0.562229	0.507776	0.51126	0.50574	0.564748	0.513596	0.506153	0.5108	0.507721	0.507112	0.447516	0.452776	0.508643	0.474536	0.47266	0.468092	0.500609	0.493342	0.493113	0.54359	0.541636	0.544361	0.359386	0.373642	0.377029	0.375276	0.383826	0.385596
ERR605877-k20-n1-x5e9	0.558765	0.516018	0.499579	0.444483	0.442996	0.44538	0.480972	0.334106	0.646153	0.326081	0.371272	0.368101	0.440852	0.436157	0.442923	0.418031	0.4182	0.414756	0.365094	0.471212	0.370324	0.357105	0.357189	0.357795	0.491806	0.365611	0.540474	0.414611	0.420923	0.600267	0.420152	0.332211	0.47018	0.35888	0.36268	0.538748	0.408948	0.431583	0.252619	0.246589	0.245893	0	0.44032	0.436477	0.442876	0.417481	0.416788	0.41483	0.647496	0.606273	0.587345	0.595593	0.596826	0.608168	0.51981	0.512818	0.511248	0.561527	0.560567	0.556859	0.548312	0.509926	0.495568	0.49665	0.493462	0.51016	0.544158	0.665749	0.566914	0.512153	0.515707	0.510118	0.564778	0.514035	0.506661	0.511253	0.508054	0.507551	0.447222	0.452895	0.509798	0.474564	0.472676	0.467987	0.500797	0.493782	0.493361	0.544295	0.542474	0.545242	0.359841	0.374481	0.378215	0.376793	0.385444	0.387417
ERR608087-k20-n1-x5e9	0.372171	0.344492	0.341698	0.335085	0.334421	0.333731	0.364607	0.413482	0.519096	0.430512	0.428069	0.428149	0.336966	0.336032	0.334246	0.33748	0.336538	0.337773	0.421391	0.333076	0.381804	0.447595	0.445579	0.449055	0.407214	0.397808	0.406913	0.373788	0.372924	0.453227	0.378518	0.425612	0.356818	0.381238	0.377878	0.38992	0.340042	0.347848	0.433673	0.43333	0.436485	0.44032	0	0.266978	0.26697	0.27223	0.272316	0.273495	0.554744	0.508447	0.494998	0.498378	0.500546	0.510907	0.524395	0.527181	0.5278	0.514418	0.513177	0.511862	0.485282	0.473438	0.47788	0.478762	0.479559	0.47606	0.466629	0.537023	0.465554	0.464792	0.464081	0.464268	0.53448	0.524655	0.530623	0.527238	0.52584	0.526636	0.52208	0.518603	0.510903	0.522275	0.522154	0.523469	0.52689	0.523337	0.524115	0.531105	0.532812	0.53104	0.407498	0.383161	0.37946	0.374518	0.364821	0.362247
