	ERR606710-k20-n1-x5e9	ERR606711-k20-n1-x5e9	ERR606712-k20-n1-x5e9	ERR606713-k20-n1-x5e9	ERR606714-k20-n1-x5e9	ERR606715-k20-n1-x5e9	ERR608353-k20-n1-x5e9	ERR608354-k20-n1-x5e9	ERR608355-k20-n1-x5e9	ERR608356-k20-n1-x5e9	ERR608357-k20-n1-x5e9	ERR608358-k20-n1-x5e9	ERR607469-k20-n1-x5e9	ERR607470-k20-n1-x5e9	ERR607471-k20-n1-x5e9	ERR607472-k20-n1-x5e9	ERR607473-k20-n1-x5e9	ERR607474-k20-n1-x5e9	ERR607242-k20-n1-x5e9	ERR607243-k20-n1-x5e9	ERR607244-k20-n1-x5e9	ERR607245-k20-n1-x5e9	ERR607246-k20-n1-x5e9	ERR607247-k20-n1-x5e9	ERR605793-k20-n1-x5e9	ERR605794-k20-n1-x5e9	ERR605795-k20-n1-x5e9	ERR605796-k20-n1-x5e9	ERR605797-k20-n1-x5e9	ERR605798-k20-n1-x5e9	ERR605787-k20-n1-x5e9	ERR605788-k20-n1-x5e9	ERR605789-k20-n1-x5e9	ERR605790-k20-n1-x5e9	ERR605791-k20-n1-x5e9	ERR605792-k20-n1-x5e9	ERR608877-k20-n1-x5e9	ERR608878-k20-n1-x5e9	ERR608879-k20-n1-x5e9	ERR608880-k20-n1-x5e9	ERR608881-k20-n1-x5e9	ERR608882-k20-n1-x5e9	ERR608701-k20-n1-x5e9	ERR608702-k20-n1-x5e9	ERR608703-k20-n1-x5e9	ERR608704-k20-n1-x5e9	ERR608705-k20-n1-x5e9	ERR608706-k20-n1-x5e9	ERR607669-k20-n1-x5e9	ERR607670-k20-n1-x5e9	ERR607671-k20-n1-x5e9	ERR607672-k20-n1-x5e9	ERR607673-k20-n1-x5e9	ERR607674-k20-n1-x5e9	ERR608463-k20-n1-x5e9	ERR608464-k20-n1-x5e9	ERR608465-k20-n1-x5e9	ERR608466-k20-n1-x5e9	ERR608467-k20-n1-x5e9	ERR608468-k20-n1-x5e9	ERR608775-k20-n1-x5e9	ERR608776-k20-n1-x5e9	ERR608777-k20-n1-x5e9	ERR608778-k20-n1-x5e9	ERR608779-k20-n1-x5e9	ERR608780-k20-n1-x5e9	ERR605611-k20-n1-x5e9	ERR605612-k20-n1-x5e9	ERR605613-k20-n1-x5e9	ERR605614-k20-n1-x5e9	ERR605615-k20-n1-x5e9	ERR605616-k20-n1-x5e9	ERR605988-k20-n1-x5e9	ERR605989-k20-n1-x5e9	ERR605990-k20-n1-x5e9	ERR605991-k20-n1-x5e9	ERR605992-k20-n1-x5e9	ERR605993-k20-n1-x5e9	ERR608371-k20-n1-x5e9	ERR608372-k20-n1-x5e9	ERR608373-k20-n1-x5e9	ERR608374-k20-n1-x5e9	ERR608375-k20-n1-x5e9	ERR608376-k20-n1-x5e9	ERR605701-k20-n1-x5e9	ERR605702-k20-n1-x5e9	ERR605703-k20-n1-x5e9	ERR605704-k20-n1-x5e9	ERR605705-k20-n1-x5e9	ERR605706-k20-n1-x5e9	ERR605635-k20-n1-x5e9	ERR605636-k20-n1-x5e9	ERR605637-k20-n1-x5e9	ERR605638-k20-n1-x5e9	ERR605639-k20-n1-x5e9	ERR605640-k20-n1-x5e9
ERR606710-k20-n1-x5e9	0	0.458785	0.447605	0.412521	0.458278	0.4511	0.475273	0.539023	0.553776	0.570213	0.568942	0.57114	0.446431	0.523682	0.538413	0.47396	0.477011	0.467994	0.404546	0.531733	0.441623	0.489466	0.486105	0.447374	0.409157	0.405775	0.487561	0.476555	0.475693	0.475702	0.491054	0.490164	0.499283	0.470126	0.465406	0.459074	0.45385	0.459141	0.462565	0.49829	0.497405	0.495541	0.44484	0.521789	0.53535	0.518789	0.51677	0.516604	0.595199	0.607301	0.60477	0.596718	0.59784	0.59999	0.437944	0.47197	0.486527	0.491008	0.49192	0.47136	0.666323	0.678945	0.677988	0.614445	0.617062	0.612941	0.555135	0.54386	0.54061	0.539015	0.534577	0.533973	0.56025	0.637712	0.641011	0.608621	0.609345	0.608189	0.582582	0.597741	0.591291	0.57283	0.578015	0.57945	0.606753	0.588046	0.583338	0.579202	0.577109	0.57522	0.597785	0.580965	0.575354	0.575666	0.565725	0.565273
ERR606711-k20-n1-x5e9	0.458785	0	0.255137	0.274035	0.256046	0.256492	0.418609	0.398056	0.399125	0.39485	0.393098	0.392219	0.369007	0.342003	0.346332	0.361558	0.35838	0.366437	0.373379	0.327294	0.433346	0.335179	0.336848	0.491397	0.438209	0.458443	0.324246	0.329792	0.33086	0.331529	0.544192	0.565657	0.39333	0.416896	0.419029	0.421014	0.470524	0.460774	0.478797	0.363367	0.364047	0.364763	0.362618	0.33699	0.340959	0.336194	0.335816	0.335974	0.4482	0.452227	0.451395	0.448655	0.448453	0.449168	0.439482	0.400156	0.38276	0.383616	0.377652	0.397547	0.486632	0.498139	0.497873	0.444606	0.446569	0.443452	0.426158	0.428173	0.43011	0.431634	0.437005	0.436852	0.52129	0.494613	0.495562	0.509913	0.509522	0.509896	0.441501	0.444886	0.442773	0.443194	0.44446	0.444381	0.435398	0.423358	0.421603	0.417853	0.425141	0.422363	0.428844	0.421021	0.419276	0.419508	0.421479	0.420499
ERR606712-k20-n1-x5e9	0.447605	0.255137	0	0.267586	0.258389	0.257522	0.409029	0.39456	0.397427	0.395809	0.394152	0.393881	0.36164	0.344256	0.349975	0.354866	0.352458	0.359038	0.362121	0.330147	0.420208	0.330168	0.331728	0.477549	0.425721	0.445759	0.325278	0.328933	0.330251	0.331154	0.530558	0.55182	0.385065	0.405797	0.407872	0.409424	0.458089	0.448777	0.466366	0.359351	0.360027	0.360325	0.356515	0.340554	0.34588	0.339198	0.338275	0.338513	0.453675	0.458458	0.457673	0.454133	0.454157	0.454899	0.426934	0.389933	0.374168	0.375258	0.370129	0.387366	0.495491	0.507267	0.506946	0.45101	0.453154	0.449689	0.429166	0.429859	0.431805	0.432435	0.438181	0.437706	0.514143	0.49487	0.496	0.505507	0.504907	0.505002	0.445652	0.450108	0.447959	0.445667	0.447179	0.447176	0.443082	0.430016	0.428103	0.423933	0.430993	0.428064	0.435524	0.426708	0.424621	0.42481	0.425971	0.424935
ERR606713-k20-n1-x5e9	0.412521	0.274035	0.267586	0	0.273642	0.269525	0.392773	0.399519	0.407086	0.412417	0.410542	0.411319	0.348542	0.360856	0.370911	0.34865	0.347633	0.349898	0.339437	0.353689	0.393912	0.334954	0.334639	0.447417	0.396556	0.41444	0.337119	0.334141	0.335132	0.336039	0.500566	0.520727	0.378353	0.385982	0.386847	0.387191	0.431986	0.424487	0.440894	0.36203	0.362302	0.362005	0.34481	0.358893	0.368046	0.35601	0.354656	0.354461	0.470265	0.477329	0.475975	0.470692	0.470922	0.47208	0.400875	0.374692	0.36578	0.367974	0.364423	0.37228	0.52163	0.534004	0.533589	0.472574	0.474972	0.471122	0.440292	0.437519	0.43865	0.438171	0.441667	0.441147	0.502189	0.507391	0.509462	0.504233	0.503916	0.503661	0.459871	0.467608	0.464249	0.456385	0.459355	0.459717	0.46543	0.449882	0.447738	0.44307	0.447382	0.44459	0.456556	0.44469	0.442186	0.442061	0.439556	0.438507
ERR606714-k20-n1-x5e9	0.458278	0.256046	0.258389	0.273642	0	0.252399	0.425914	0.407353	0.408419	0.401705	0.400005	0.398334	0.372129	0.345609	0.350135	0.368469	0.365189	0.37317	0.377516	0.332673	0.443944	0.343824	0.34607	0.501154	0.443404	0.462935	0.323498	0.325212	0.325624	0.325447	0.553747	0.573842	0.402605	0.422024	0.423832	0.425156	0.479993	0.470911	0.488899	0.370153	0.371416	0.371884	0.363868	0.338544	0.342849	0.33831	0.33745	0.337337	0.446523	0.451145	0.449419	0.446313	0.446449	0.447136	0.447392	0.410808	0.393617	0.39475	0.388757	0.407615	0.486023	0.497818	0.497128	0.445235	0.4468	0.444023	0.42398	0.425561	0.428152	0.430639	0.431131	0.431411	0.525097	0.500754	0.501842	0.515954	0.51496	0.515459	0.440934	0.445093	0.441695	0.443732	0.445778	0.445866	0.432736	0.419909	0.418691	0.415793	0.418815	0.416347	0.427193	0.418492	0.417246	0.418149	0.415443	0.414687
ERR606715-k20-n1-x5e9	0.4511	0.256492	0.257522	0.269525	0.252399	0	0.420506	0.405394	0.407281	0.40243	0.400603	0.399195	0.36753	0.346429	0.351857	0.364325	0.361214	0.368776	0.371266	0.334944	0.436522	0.341521	0.343186	0.493347	0.436332	0.455754	0.324307	0.325435	0.325843	0.325824	0.54607	0.566231	0.398441	0.416279	0.418103	0.419409	0.472907	0.464066	0.481883	0.367915	0.368938	0.369499	0.360016	0.340005	0.345273	0.339441	0.338595	0.338547	0.450246	0.455246	0.453622	0.450157	0.450271	0.451035	0.440208	0.404529	0.388196	0.389866	0.384065	0.401515	0.491444	0.503328	0.502738	0.449326	0.451111	0.44802	0.426492	0.427365	0.429617	0.43171	0.432568	0.432738	0.52216	0.502117	0.503357	0.514543	0.513773	0.514269	0.443823	0.448519	0.445135	0.445515	0.447776	0.44781	0.437881	0.424595	0.423369	0.420003	0.42334	0.42075	0.431765	0.422504	0.421184	0.421917	0.419202	0.418482
ERR608353-k20-n1-x5e9	0.475273	0.418609	0.409029	0.392773	0.425914	0.420506	0	0.309753	0.32646	0.350636	0.350129	0.355392	0.354794	0.40143	0.413802	0.350069	0.353074	0.34663	0.368172	0.420686	0.378788	0.377878	0.375545	0.416629	0.416281	0.431577	0.432516	0.431703	0.435356	0.438763	0.442893	0.467039	0.36792	0.372151	0.372789	0.375155	0.394878	0.388584	0.400162	0.388532	0.38753	0.385766	0.365423	0.409956	0.420553	0.404106	0.402876	0.403283	0.53452	0.538471	0.538055	0.535538	0.535048	0.535583	0.347702	0.334713	0.337861	0.339776	0.340749	0.333923	0.564176	0.57409	0.57421	0.521117	0.52388	0.520112	0.535349	0.534585	0.535776	0.532082	0.545253	0.543861	0.481173	0.507147	0.50984	0.484607	0.485757	0.484553	0.516707	0.52124	0.520433	0.511177	0.512074	0.512476	0.551431	0.540957	0.539125	0.534448	0.54375	0.541046	0.534548	0.527874	0.525501	0.524996	0.529552	0.528497
ERR608354-k20-n1-x5e9	0.539023	0.398056	0.39456	0.399519	0.407353	0.405394	0.309753	0	0.266378	0.277621	0.277716	0.28129	0.382224	0.3675	0.371715	0.356425	0.356066	0.359358	0.409525	0.376937	0.427512	0.36253	0.363453	0.479428	0.469167	0.488995	0.416124	0.424275	0.428601	0.43264	0.5082	0.535332	0.374801	0.406345	0.410096	0.41517	0.448997	0.43688	0.453546	0.374859	0.374399	0.374146	0.389962	0.3761	0.378355	0.371258	0.371084	0.37185	0.509366	0.507823	0.509238	0.509893	0.508653	0.508085	0.409573	0.363053	0.348251	0.345974	0.343553	0.362277	0.512902	0.520345	0.52156	0.47976	0.482197	0.479338	0.522126	0.527584	0.530326	0.5277	0.544731	0.543343	0.506292	0.478128	0.479204	0.48133	0.482683	0.482584	0.492608	0.489301	0.492364	0.492975	0.490367	0.49001	0.516315	0.511319	0.510863	0.506366	0.521514	0.518846	0.501027	0.500812	0.499928	0.499161	0.51145	0.509932
ERR608355-k20-n1-x5e9	0.553776	0.399125	0.397427	0.407086	0.408419	0.407281	0.32646	0.266378	0	0.268982	0.268675	0.271376	0.394388	0.36634	0.367749	0.36688	0.365433	0.370778	0.424149	0.373104	0.444791	0.368011	0.369865	0.498129	0.485449	0.505794	0.417373	0.427917	0.432079	0.4361	0.526961	0.554025	0.385328	0.420878	0.425074	0.430261	0.466429	0.453679	0.470812	0.379688	0.379502	0.37977	0.400992	0.37377	0.373429	0.369635	0.369639	0.37092	0.505837	0.502755	0.504618	0.506049	0.504829	0.503989	0.427921	0.377817	0.359949	0.357116	0.353991	0.376936	0.501871	0.508609	0.510164	0.472562	0.474866	0.472216	0.521936	0.5287	0.531786	0.529737	0.547149	0.545707	0.515938	0.476212	0.476432	0.4865	0.487895	0.487856	0.489919	0.484582	0.488526	0.492184	0.48853	0.487975	0.510337	0.506842	0.506624	0.502309	0.518571	0.515832	0.495947	0.497345	0.496758	0.496072	0.509772	0.508379
ERR608356-k20-n1-x5e9	0.570213	0.39485	0.395809	0.412417	0.401705	0.40243	0.350636	0.277621	0.268982	0	0.258402	0.258586	0.4072	0.360957	0.359163	0.380322	0.377855	0.386197	0.440581	0.363936	0.471393	0.374827	0.37799	0.526336	0.506591	0.527345	0.41348	0.42426	0.428182	0.43154	0.556303	0.582182	0.401009	0.439314	0.443642	0.448666	0.493265	0.48057	0.498342	0.386752	0.38659	0.387566	0.411002	0.36607	0.363484	0.363245	0.363907	0.364646	0.494477	0.489862	0.491226	0.494384	0.492892	0.491738	0.454425	0.402009	0.380821	0.377821	0.373329	0.4003	0.480787	0.486833	0.488001	0.458323	0.459932	0.458107	0.514362	0.522937	0.526746	0.526105	0.540685	0.539945	0.526809	0.47193	0.471771	0.493452	0.494093	0.4946	0.481501	0.474058	0.477827	0.487084	0.483537	0.482605	0.493312	0.491789	0.492402	0.489132	0.503829	0.501487	0.480576	0.48414	0.484601	0.484639	0.497204	0.496036
ERR608357-k20-n1-x5e9	0.568942	0.393098	0.394152	0.410542	0.400005	0.400603	0.350129	0.277716	0.268675	0.258402	0	0.258543	0.405972	0.359985	0.358325	0.379327	0.376844	0.385017	0.43911	0.362419	0.470396	0.373588	0.376428	0.525281	0.505192	0.525871	0.411321	0.422153	0.425963	0.429329	0.555601	0.581485	0.400097	0.438107	0.442603	0.447437	0.492033	0.479449	0.497094	0.384912	0.385253	0.386089	0.409534	0.364892	0.36218	0.362091	0.362394	0.363355	0.492483	0.487808	0.48925	0.492305	0.490954	0.489707	0.452961	0.400754	0.379306	0.376209	0.371582	0.398774	0.479087	0.485103	0.486362	0.456487	0.458068	0.456265	0.512336	0.520799	0.524662	0.524164	0.53861	0.537779	0.525618	0.4707	0.470575	0.492235	0.492835	0.493263	0.479672	0.47227	0.475932	0.485379	0.481756	0.48109	0.491387	0.489704	0.4904	0.487119	0.501676	0.499369	0.478428	0.481906	0.482319	0.482389	0.494806	0.493787
ERR608358-k20-n1-x5e9	0.57114	0.392219	0.393881	0.411319	0.398334	0.399195	0.355392	0.28129	0.271376	0.258586	0.258543	0	0.408316	0.359571	0.357486	0.382301	0.379479	0.388175	0.442216	0.361497	0.47582	0.37586	0.37899	0.530901	0.508942	0.529707	0.410749	0.421338	0.425233	0.428269	0.561703	0.586862	0.404466	0.442416	0.446588	0.451556	0.497787	0.485252	0.503038	0.387761	0.388068	0.389007	0.411249	0.363672	0.360376	0.361039	0.361629	0.362387	0.491473	0.486595	0.487785	0.490992	0.489573	0.48838	0.458359	0.405934	0.384194	0.38129	0.376358	0.404026	0.47664	0.482681	0.483728	0.455679	0.457308	0.455562	0.511433	0.520042	0.524168	0.523984	0.537518	0.536993	0.52913	0.472533	0.472421	0.495826	0.49636	0.497015	0.479361	0.471591	0.47517	0.485599	0.482038	0.481154	0.489002	0.487633	0.488588	0.485621	0.49942	0.497198	0.476698	0.480281	0.480955	0.48144	0.49294	0.491899
ERR607469-k20-n1-x5e9	0.446431	0.369007	0.36164	0.348542	0.372129	0.36753	0.354794	0.382224	0.394388	0.4072	0.405972	0.408316	0	0.304212	0.319633	0.268625	0.269284	0.26792	0.345157	0.389849	0.392339	0.361126	0.359327	0.440125	0.396238	0.412667	0.373998	0.371318	0.372438	0.374387	0.475415	0.497351	0.370734	0.37444	0.374221	0.37499	0.397391	0.389784	0.405979	0.35019	0.350542	0.349112	0.306886	0.349663	0.362916	0.345731	0.344266	0.344242	0.462303	0.471087	0.46974	0.463758	0.464164	0.465384	0.355607	0.338661	0.337666	0.339901	0.338068	0.337171	0.518858	0.53232	0.531869	0.462783	0.465713	0.461226	0.458252	0.454582	0.45469	0.453292	0.460099	0.458838	0.469424	0.493171	0.496013	0.48175	0.482854	0.481997	0.441737	0.452563	0.448715	0.435195	0.438604	0.439474	0.491462	0.475543	0.472547	0.467243	0.474049	0.471075	0.470393	0.457894	0.453991	0.453499	0.453169	0.451856
ERR607470-k20-n1-x5e9	0.523682	0.342003	0.344256	0.360856	0.345609	0.346429	0.40143	0.3675	0.36634	0.360957	0.359985	0.359571	0.304212	0	0.246856	0.28592	0.281202	0.294225	0.400762	0.335476	0.4534	0.349721	0.352301	0.512529	0.465542	0.487231	0.350351	0.359709	0.361589	0.363995	0.549722	0.574118	0.386518	0.419749	0.422695	0.426484	0.465145	0.452385	0.472319	0.339723	0.341026	0.341731	0.344765	0.301963	0.303713	0.300683	0.30101	0.301416	0.419923	0.421729	0.422192	0.420774	0.42038	0.420211	0.429854	0.381718	0.361346	0.359826	0.353801	0.379921	0.445446	0.456871	0.457135	0.40206	0.404201	0.400945	0.43288	0.438063	0.440733	0.4419	0.45202	0.451126	0.502726	0.459183	0.459853	0.482313	0.483033	0.4835	0.40307	0.403904	0.40395	0.406268	0.405501	0.405187	0.435483	0.426272	0.425337	0.420768	0.433704	0.43063	0.416197	0.411804	0.40996	0.409794	0.418164	0.416742
ERR607471-k20-n1-x5e9	0.538413	0.346332	0.349975	0.370911	0.350135	0.351857	0.413802	0.371715	0.367749	0.359163	0.358325	0.357486	0.319633	0.246856	0	0.298556	0.293461	0.307268	0.415141	0.333734	0.466856	0.355905	0.358806	0.526174	0.480041	0.501892	0.355395	0.366474	0.368304	0.370678	0.563212	0.587832	0.396221	0.432655	0.43611	0.440077	0.479115	0.466163	0.486159	0.346965	0.347999	0.349284	0.358917	0.303372	0.302255	0.303118	0.303569	0.304172	0.418434	0.418393	0.419547	0.418964	0.418388	0.41795	0.444835	0.394121	0.371418	0.369324	0.363163	0.392128	0.435892	0.446212	0.447037	0.396623	0.398586	0.395622	0.434699	0.441447	0.444499	0.446174	0.456782	0.45607	0.51247	0.458144	0.458245	0.487068	0.487798	0.488499	0.402915	0.401213	0.402287	0.407988	0.406079	0.405621	0.43082	0.423395	0.422893	0.418594	0.43282	0.429826	0.412108	0.409806	0.408487	0.408453	0.418585	0.417028
ERR607472-k20-n1-x5e9	0.47396	0.361558	0.354866	0.34865	0.368469	0.364325	0.350069	0.356425	0.36688	0.380322	0.379327	0.382301	0.268625	0.28592	0.298556	0	0.25301	0.254554	0.35385	0.366766	0.384124	0.33889	0.337945	0.437425	0.4042	0.423556	0.370642	0.373466	0.3764	0.379916	0.47197	0.497704	0.351648	0.369272	0.371434	0.374334	0.394224	0.38368	0.400917	0.332419	0.332286	0.331576	0.319682	0.338338	0.348237	0.332881	0.331889	0.332021	0.459962	0.465533	0.466206	0.460981	0.460884	0.461547	0.357969	0.323059	0.316078	0.316715	0.314593	0.322567	0.504784	0.516938	0.517522	0.449445	0.452687	0.448028	0.459836	0.459108	0.460371	0.457331	0.471644	0.469657	0.471209	0.471314	0.473433	0.464736	0.466304	0.465229	0.437604	0.444188	0.443743	0.430924	0.432112	0.43242	0.484172	0.470827	0.468868	0.462347	0.475715	0.472127	0.462277	0.453233	0.450146	0.448247	0.456091	0.454241
ERR607473-k20-n1-x5e9	0.477011	0.35838	0.352458	0.347633	0.365189	0.361214	0.353074	0.356066	0.365433	0.377855	0.376844	0.379479	0.269284	0.281202	0.293461	0.25301	0	0.255199	0.355657	0.363107	0.388166	0.337826	0.337083	0.442297	0.407066	0.427093	0.367267	0.370366	0.372935	0.376432	0.477715	0.503366	0.353731	0.372298	0.374378	0.377653	0.399206	0.388045	0.405864	0.331321	0.331531	0.330792	0.319983	0.334653	0.344006	0.329393	0.32867	0.329005	0.455978	0.461356	0.461768	0.456895	0.456758	0.457396	0.362511	0.326597	0.31773	0.318472	0.315939	0.325931	0.500117	0.512189	0.512597	0.445347	0.448538	0.443756	0.456367	0.455906	0.457506	0.454562	0.468655	0.466707	0.472954	0.469844	0.471939	0.465189	0.466532	0.46578	0.434127	0.44028	0.439905	0.427919	0.428911	0.42929	0.479602	0.466528	0.464577	0.45824	0.471441	0.467854	0.458039	0.448955	0.446142	0.44443	0.452037	0.450159
ERR607474-k20-n1-x5e9	0.467994	0.366437	0.359038	0.349898	0.37317	0.368776	0.34663	0.359358	0.370778	0.386197	0.385017	0.388175	0.26792	0.294225	0.307268	0.254554	0.255199	0	0.350215	0.373434	0.378431	0.341982	0.340611	0.430063	0.397888	0.416916	0.374761	0.37658	0.379678	0.38299	0.464675	0.490318	0.352412	0.367027	0.368362	0.371534	0.388347	0.377904	0.394793	0.336427	0.335923	0.334804	0.319244	0.34548	0.355721	0.339704	0.338784	0.338933	0.465518	0.471476	0.471983	0.466564	0.466562	0.467208	0.351275	0.320279	0.315156	0.316466	0.31488	0.319632	0.512013	0.524094	0.524636	0.456378	0.459699	0.454831	0.463822	0.462391	0.463656	0.460198	0.474369	0.472447	0.469827	0.47588	0.478114	0.466136	0.467708	0.466542	0.443262	0.450409	0.449781	0.435822	0.437362	0.437719	0.490304	0.476673	0.474574	0.468055	0.480775	0.477239	0.468808	0.459149	0.455955	0.454101	0.461226	0.459326
ERR607242-k20-n1-x5e9	0.404546	0.373379	0.362121	0.339437	0.377516	0.371266	0.368172	0.409525	0.424149	0.440581	0.43911	0.442216	0.345157	0.400762	0.415141	0.35385	0.355657	0.350215	0	0.366717	0.312535	0.316136	0.313	0.360364	0.33637	0.350493	0.368307	0.360069	0.362667	0.364827	0.432548	0.451237	0.363999	0.354303	0.353445	0.352481	0.385055	0.381861	0.392595	0.380205	0.379883	0.378504	0.346325	0.401695	0.414904	0.397123	0.395305	0.395123	0.516403	0.525139	0.524042	0.517555	0.517774	0.519227	0.357935	0.355312	0.36043	0.363698	0.363626	0.354284	0.572673	0.584656	0.584533	0.519386	0.522409	0.517748	0.475917	0.46801	0.467625	0.463328	0.471335	0.469654	0.481577	0.523588	0.526424	0.501707	0.501905	0.500347	0.500313	0.510446	0.507578	0.491607	0.495058	0.495802	0.52219	0.50539	0.502062	0.496463	0.501885	0.498754	0.506315	0.492806	0.488689	0.487822	0.485937	0.484784
ERR607243-k20-n1-x5e9	0.531733	0.327294	0.330147	0.353689	0.332673	0.334944	0.420686	0.376937	0.373104	0.363936	0.362419	0.361497	0.389849	0.335476	0.333734	0.366766	0.363107	0.373434	0.366717	0	0.417712	0.28025	0.284633	0.483761	0.455981	0.478683	0.327018	0.337875	0.341842	0.345024	0.547428	0.571198	0.37815	0.416505	0.421134	0.425699	0.482013	0.469974	0.487666	0.360846	0.361956	0.363489	0.386886	0.333025	0.330977	0.331757	0.331995	0.332461	0.45748	0.455969	0.457189	0.457322	0.456372	0.455701	0.454534	0.403048	0.380142	0.37844	0.372589	0.400823	0.467528	0.47555	0.476705	0.434047	0.436032	0.433299	0.439419	0.445503	0.44952	0.448612	0.462986	0.4618	0.522289	0.462226	0.46224	0.490069	0.489308	0.489719	0.449099	0.445177	0.447993	0.453074	0.451171	0.450711	0.437258	0.431165	0.431471	0.426642	0.441737	0.438733	0.425501	0.424897	0.425013	0.42386	0.435812	0.434321
ERR607244-k20-n1-x5e9	0.441623	0.433346	0.420208	0.393912	0.443944	0.436522	0.378788	0.427512	0.444791	0.471393	0.470396	0.47582	0.392339	0.4534	0.466856	0.384124	0.388166	0.378431	0.312535	0.417712	0	0.347918	0.342947	0.303215	0.334933	0.345754	0.435676	0.431414	0.436469	0.440605	0.371706	0.39399	0.371235	0.361707	0.362408	0.363439	0.354254	0.352368	0.354856	0.411585	0.409824	0.408024	0.403625	0.46213	0.473731	0.455265	0.453822	0.454191	0.570847	0.577615	0.578851	0.57209	0.571872	0.573057	0.348657	0.351645	0.365563	0.367987	0.371682	0.353079	0.621149	0.63146	0.63248	0.566541	0.570277	0.565072	0.532431	0.525049	0.52519	0.516367	0.536606	0.53318	0.495719	0.539969	0.542792	0.503654	0.504726	0.502251	0.552133	0.560215	0.56106	0.538951	0.540698	0.541584	0.57745	0.562752	0.560277	0.552502	0.565822	0.562018	0.559385	0.54803	0.544738	0.541291	0.549181	0.54719
ERR607245-k20-n1-x5e9	0.489466	0.335179	0.330168	0.334954	0.343824	0.341521	0.377878	0.36253	0.368011	0.374827	0.373588	0.37586	0.361126	0.349721	0.355905	0.33889	0.337826	0.341982	0.316136	0.28025	0.347918	0	0.255863	0.411961	0.398168	0.419736	0.337341	0.341634	0.34662	0.350908	0.479317	0.504302	0.337673	0.365507	0.369584	0.373878	0.422281	0.411609	0.427206	0.346259	0.346031	0.346545	0.363738	0.35382	0.359038	0.348993	0.348323	0.349008	0.48446	0.486877	0.48805	0.484813	0.484121	0.484197	0.39784	0.355169	0.340926	0.340414	0.337424	0.35359	0.513308	0.522829	0.523912	0.467799	0.47064	0.466415	0.456375	0.457029	0.460081	0.455493	0.473334	0.471016	0.49356	0.469211	0.470426	0.471409	0.470946	0.47019	0.470499	0.471754	0.473797	0.466666	0.466669	0.466777	0.475062	0.464575	0.463793	0.457215	0.472021	0.46852	0.459543	0.453861	0.45258	0.450287	0.46083	0.458991
ERR607246-k20-n1-x5e9	0.486105	0.336848	0.331728	0.334639	0.34607	0.343186	0.375545	0.363453	0.369865	0.37799	0.376428	0.37899	0.359327	0.352301	0.358806	0.337945	0.337083	0.340611	0.313	0.284633	0.342947	0.255863	0	0.406322	0.392814	0.414305	0.338329	0.342266	0.347381	0.351577	0.47408	0.499186	0.336666	0.363117	0.366834	0.37125	0.418167	0.407744	0.422915	0.346554	0.346347	0.346831	0.362709	0.356253	0.362219	0.351466	0.350834	0.351518	0.487333	0.490003	0.491258	0.487847	0.487118	0.487269	0.393514	0.351951	0.338714	0.338182	0.335842	0.350487	0.517771	0.527327	0.528347	0.471144	0.474168	0.469875	0.458172	0.458146	0.460975	0.455971	0.474044	0.471796	0.493398	0.472005	0.473493	0.472495	0.472009	0.471124	0.472965	0.474599	0.476518	0.468531	0.468461	0.46859	0.479049	0.468161	0.467319	0.460597	0.475288	0.471729	0.463172	0.456938	0.455567	0.453249	0.463461	0.461652
ERR607247-k20-n1-x5e9	0.447374	0.491397	0.477549	0.447417	0.501154	0.493347	0.416629	0.479428	0.498129	0.526336	0.525281	0.530901	0.440125	0.512529	0.526174	0.437425	0.442297	0.430063	0.360364	0.483761	0.303215	0.411961	0.406322	0	0.354154	0.354973	0.494494	0.487835	0.492316	0.496313	0.348364	0.361677	0.419802	0.398959	0.397669	0.397564	0.365671	0.369861	0.363225	0.465161	0.46322	0.461376	0.452229	0.521802	0.533652	0.514794	0.513317	0.513559	0.619387	0.626787	0.627653	0.620629	0.620499	0.621847	0.37102	0.395529	0.415338	0.418567	0.423374	0.397364	0.671122	0.681114	0.681885	0.617711	0.621213	0.616193	0.579923	0.571103	0.570506	0.561275	0.580103	0.576693	0.526143	0.585222	0.588579	0.541821	0.542929	0.540037	0.601072	0.610085	0.610341	0.58655	0.588835	0.589864	0.627628	0.612879	0.610353	0.602639	0.614349	0.61078	0.610268	0.598331	0.594958	0.591446	0.597716	0.59581
ERR605793-k20-n1-x5e9	0.409157	0.438209	0.425721	0.396556	0.443404	0.436332	0.416281	0.469167	0.485449	0.506591	0.505192	0.508942	0.396238	0.465542	0.480041	0.4042	0.407066	0.397888	0.33637	0.455981	0.334933	0.398168	0.392814	0.354154	0	0.278324	0.393792	0.384717	0.387595	0.391285	0.406969	0.421295	0.411556	0.393343	0.391776	0.389922	0.378443	0.37978	0.382836	0.430532	0.428994	0.427738	0.397592	0.466688	0.480336	0.461369	0.459879	0.459605	0.554619	0.566152	0.566325	0.556206	0.556677	0.558773	0.368914	0.383959	0.398947	0.402935	0.405244	0.385037	0.627512	0.639725	0.640304	0.56438	0.568112	0.56263	0.505748	0.492771	0.49133	0.482651	0.496523	0.493344	0.505965	0.56664	0.570213	0.531945	0.533278	0.531127	0.534736	0.548693	0.546704	0.518546	0.522888	0.524199	0.573648	0.55428	0.550706	0.542372	0.551986	0.548115	0.553936	0.536788	0.532002	0.528503	0.530868	0.528997
ERR605794-k20-n1-x5e9	0.405775	0.458443	0.445759	0.41444	0.462935	0.455754	0.431577	0.488995	0.505794	0.527345	0.525871	0.529707	0.412667	0.487231	0.501892	0.423556	0.427093	0.416916	0.350493	0.478683	0.345754	0.419736	0.414305	0.354973	0.278324	0	0.417484	0.406666	0.409089	0.412054	0.405927	0.415552	0.430644	0.407736	0.405402	0.402647	0.386112	0.389868	0.390169	0.450801	0.449602	0.447964	0.415141	0.488633	0.502465	0.48326	0.481934	0.481517	0.571594	0.583552	0.583531	0.573118	0.573626	0.576041	0.379822	0.402185	0.418979	0.4234	0.426083	0.402895	0.645945	0.658153	0.658547	0.583507	0.587115	0.581748	0.521361	0.507441	0.50584	0.49738	0.509031	0.505901	0.514732	0.584404	0.587896	0.546138	0.547306	0.544964	0.552245	0.566897	0.56437	0.535802	0.540271	0.541737	0.591185	0.57139	0.56803	0.559879	0.567956	0.564207	0.571777	0.554093	0.54944	0.546062	0.546576	0.54483
ERR605795-k20-n1-x5e9	0.487561	0.324246	0.325278	0.337119	0.323498	0.324307	0.432516	0.416124	0.417373	0.41348	0.411321	0.410749	0.373998	0.350351	0.355395	0.370642	0.367267	0.374761	0.368307	0.327018	0.435676	0.337341	0.338329	0.494494	0.393792	0.417484	0	0.252117	0.252596	0.254896	0.549022	0.56984	0.400957	0.424604	0.426865	0.428748	0.477485	0.468022	0.485443	0.372911	0.374085	0.374862	0.360746	0.338471	0.343807	0.338661	0.338269	0.337776	0.439021	0.445941	0.445678	0.440105	0.440145	0.44129	0.446904	0.41036	0.395198	0.395486	0.390371	0.408118	0.491555	0.5039	0.503909	0.440627	0.442774	0.439114	0.403121	0.401912	0.402906	0.403799	0.409847	0.409033	0.526705	0.504718	0.505834	0.520296	0.520311	0.52052	0.427843	0.434544	0.432062	0.427722	0.429319	0.429783	0.440915	0.425549	0.42294	0.417544	0.426425	0.422982	0.425146	0.413576	0.409978	0.40917	0.411928	0.410642
ERR605796-k20-n1-x5e9	0.476555	0.329792	0.328933	0.334141	0.325212	0.325435	0.431703	0.424275	0.427917	0.42426	0.422153	0.421338	0.371318	0.359709	0.366474	0.373466	0.370366	0.37658	0.360069	0.337875	0.431414	0.341634	0.342266	0.487835	0.384717	0.406666	0.252117	0	0.244879	0.246054	0.542095	0.56129	0.40239	0.414489	0.416292	0.417161	0.473946	0.465966	0.482735	0.378328	0.379446	0.380238	0.358546	0.348179	0.355802	0.34776	0.347394	0.346214	0.448299	0.456528	0.45521	0.448845	0.449067	0.45046	0.441796	0.411695	0.39898	0.400399	0.395501	0.408573	0.50391	0.516687	0.516207	0.452001	0.454104	0.450194	0.407899	0.404065	0.40565	0.405998	0.406786	0.406018	0.522204	0.510876	0.512672	0.520211	0.519326	0.519483	0.436402	0.444647	0.441059	0.43415	0.437859	0.4384	0.449958	0.432977	0.430984	0.42572	0.429419	0.426196	0.434378	0.42099	0.417929	0.417311	0.413709	0.412723
ERR605797-k20-n1-x5e9	0.475693	0.33086	0.330251	0.335132	0.325624	0.325843	0.435356	0.428601	0.432079	0.428182	0.425963	0.425233	0.372438	0.361589	0.368304	0.3764	0.372935	0.379678	0.362667	0.341842	0.436469	0.34662	0.347381	0.492316	0.387595	0.409089	0.252596	0.244879	0	0.244588	0.546808	0.565367	0.407937	0.41905	0.420454	0.421042	0.477907	0.470104	0.486877	0.381731	0.383005	0.383599	0.358923	0.348906	0.356687	0.348669	0.348322	0.347226	0.445994	0.454551	0.453004	0.446607	0.446734	0.448246	0.445781	0.416408	0.404074	0.405467	0.400392	0.413443	0.503414	0.516413	0.515861	0.451596	0.453577	0.449932	0.405683	0.401747	0.403275	0.404412	0.403327	0.402901	0.524585	0.514612	0.516458	0.524128	0.523104	0.52339	0.434319	0.443125	0.438876	0.432707	0.436623	0.437105	0.44858	0.431164	0.429158	0.424014	0.426671	0.423568	0.432855	0.418967	0.415842	0.415449	0.410719	0.409787
ERR605798-k20-n1-x5e9	0.475702	0.331529	0.331154	0.336039	0.325447	0.325824	0.438763	0.43264	0.4361	0.43154	0.429329	0.428269	0.374387	0.363995	0.370678	0.379916	0.376432	0.38299	0.364827	0.345024	0.440605	0.350908	0.351577	0.496313	0.391285	0.412054	0.254896	0.246054	0.244588	0	0.550631	0.568793	0.411851	0.421831	0.423007	0.423235	0.482086	0.474689	0.49146	0.38573	0.387017	0.387754	0.360487	0.350672	0.358587	0.35085	0.350364	0.349287	0.447392	0.455999	0.454061	0.447808	0.447985	0.449549	0.449259	0.42099	0.408497	0.410295	0.405239	0.417749	0.504624	0.517606	0.516971	0.453913	0.455683	0.452145	0.406537	0.402462	0.403995	0.40564	0.402868	0.402447	0.526833	0.518104	0.519979	0.527969	0.526698	0.527032	0.436314	0.445231	0.440501	0.435152	0.439305	0.439872	0.448954	0.431503	0.429387	0.424892	0.426079	0.423146	0.433921	0.419967	0.416921	0.416918	0.410296	0.409657
ERR605787-k20-n1-x5e9	0.491054	0.544192	0.530558	0.500566	0.553747	0.54607	0.442893	0.5082	0.526961	0.556303	0.555601	0.561703	0.475415	0.549722	0.563212	0.47197	0.477715	0.464675	0.432548	0.547428	0.371706	0.479317	0.47408	0.348364	0.406969	0.405927	0.549022	0.542095	0.546808	0.550631	0	0.302936	0.40553	0.377931	0.376238	0.376487	0.378959	0.384859	0.373737	0.494282	0.492669	0.490479	0.496135	0.566318	0.577557	0.558963	0.557379	0.558091	0.661516	0.666897	0.667213	0.662213	0.661846	0.662778	0.390511	0.420717	0.442704	0.446054	0.451933	0.422869	0.700492	0.709318	0.709942	0.654523	0.657888	0.653335	0.628961	0.622225	0.62279	0.614166	0.631247	0.628296	0.533455	0.599479	0.602544	0.549553	0.550867	0.548118	0.6455	0.652549	0.652839	0.632607	0.634826	0.635451	0.664051	0.651774	0.650274	0.643768	0.653624	0.650598	0.651073	0.6416	0.639483	0.636903	0.641761	0.64023
ERR605788-k20-n1-x5e9	0.490164	0.565657	0.55182	0.520727	0.573842	0.566231	0.467039	0.535332	0.554025	0.582182	0.581485	0.586862	0.497351	0.574118	0.587832	0.497704	0.503366	0.490318	0.451237	0.571198	0.39399	0.504302	0.499186	0.361677	0.421295	0.415552	0.56984	0.56129	0.565367	0.568793	0.302936	0	0.43434	0.401185	0.398189	0.396926	0.39947	0.407746	0.39477	0.519712	0.518051	0.515825	0.517135	0.589597	0.601016	0.582512	0.58088	0.58139	0.679665	0.685569	0.685557	0.680246	0.679969	0.681047	0.411444	0.448432	0.470917	0.475063	0.48031	0.450487	0.72016	0.72914	0.729463	0.675185	0.678399	0.674005	0.645386	0.637396	0.637904	0.629766	0.643652	0.641087	0.549573	0.621836	0.624781	0.570956	0.571474	0.568812	0.664289	0.672056	0.67172	0.651438	0.654075	0.654762	0.682382	0.669633	0.668197	0.662124	0.669744	0.667022	0.669626	0.659513	0.657443	0.655129	0.657481	0.65613
ERR605789-k20-n1-x5e9	0.499283	0.39333	0.385065	0.378353	0.402605	0.398441	0.36792	0.374801	0.385328	0.401009	0.400097	0.404466	0.370734	0.386518	0.396221	0.351648	0.353731	0.352412	0.363999	0.37815	0.371235	0.337673	0.336666	0.419802	0.411556	0.430644	0.400957	0.40239	0.407937	0.411851	0.40553	0.43434	0	0.286539	0.290837	0.296998	0.397126	0.388269	0.400358	0.357323	0.357312	0.35638	0.388917	0.404876	0.41215	0.398634	0.397502	0.398667	0.530633	0.531848	0.531903	0.531071	0.530215	0.530133	0.378658	0.345939	0.339481	0.340615	0.339905	0.345383	0.548497	0.557471	0.557857	0.510762	0.513641	0.509778	0.509569	0.51071	0.513522	0.50883	0.525188	0.523366	0.471745	0.470281	0.472095	0.456547	0.456389	0.455637	0.519095	0.519842	0.520833	0.515664	0.515724	0.515572	0.51727	0.508915	0.508341	0.503717	0.514777	0.512011	0.5079	0.504207	0.503253	0.502509	0.509392	0.508081
ERR605790-k20-n1-x5e9	0.470126	0.416896	0.405797	0.385982	0.422024	0.416279	0.372151	0.406345	0.420878	0.439314	0.438107	0.442416	0.37444	0.419749	0.432655	0.369272	0.372298	0.367027	0.354303	0.416505	0.361707	0.365507	0.363117	0.398959	0.393343	0.407736	0.424604	0.414489	0.41905	0.421831	0.377931	0.401185	0.286539	0	0.26944	0.27085	0.385462	0.380918	0.389784	0.38303	0.382827	0.381362	0.393585	0.436595	0.447164	0.430436	0.428473	0.429153	0.555009	0.558639	0.557377	0.55487	0.554364	0.5549	0.365571	0.355372	0.358752	0.361652	0.362569	0.353961	0.582437	0.592317	0.59201	0.542121	0.544838	0.540771	0.526248	0.52346	0.525971	0.52127	0.529584	0.528215	0.467721	0.499094	0.501917	0.46973	0.468126	0.46725	0.541896	0.54627	0.545185	0.53563	0.538273	0.538556	0.544467	0.533158	0.532564	0.528195	0.53197	0.52972	0.53502	0.527669	0.52668	0.526166	0.524217	0.523445
ERR605791-k20-n1-x5e9	0.465406	0.419029	0.407872	0.386847	0.423832	0.418103	0.372789	0.410096	0.425074	0.443642	0.442603	0.446588	0.374221	0.422695	0.43611	0.371434	0.374378	0.368362	0.353445	0.421134	0.362408	0.369584	0.366834	0.397669	0.391776	0.405402	0.426865	0.416292	0.420454	0.423007	0.376238	0.398189	0.290837	0.26944	0	0.270186	0.384589	0.380868	0.389254	0.385935	0.385706	0.384085	0.393198	0.439382	0.450365	0.433007	0.43123	0.431836	0.556804	0.560933	0.559431	0.556693	0.556322	0.556849	0.36444	0.357552	0.361703	0.365454	0.366123	0.356396	0.585919	0.595902	0.595424	0.545217	0.548042	0.543882	0.527748	0.52445	0.526839	0.522082	0.529794	0.528563	0.468515	0.503785	0.506542	0.473653	0.47213	0.471078	0.543882	0.548678	0.547347	0.537503	0.540209	0.540505	0.547292	0.53556	0.534868	0.530566	0.533826	0.531529	0.537928	0.530009	0.528955	0.528569	0.525936	0.525215
ERR605792-k20-n1-x5e9	0.459074	0.421014	0.409424	0.387191	0.425156	0.419409	0.375155	0.41517	0.430261	0.448666	0.447437	0.451556	0.37499	0.426484	0.440077	0.374334	0.377653	0.371534	0.352481	0.425699	0.363439	0.373878	0.37125	0.397564	0.389922	0.402647	0.428748	0.417161	0.421042	0.423235	0.376487	0.396926	0.296998	0.27085	0.270186	0	0.386205	0.38297	0.391111	0.390392	0.390233	0.388578	0.393624	0.442497	0.453803	0.436419	0.434576	0.43509	0.558841	0.563222	0.561575	0.558864	0.558406	0.559003	0.365165	0.361489	0.366491	0.370424	0.3712	0.360227	0.589479	0.59976	0.599147	0.548709	0.551416	0.547381	0.529144	0.525367	0.527424	0.523069	0.529022	0.527921	0.469393	0.509259	0.51213	0.477949	0.476172	0.475166	0.545842	0.551284	0.549478	0.539498	0.542627	0.543018	0.549818	0.537628	0.53683	0.532954	0.534876	0.532648	0.540552	0.532126	0.530928	0.530886	0.52661	0.526
ERR608877-k20-n1-x5e9	0.45385	0.470524	0.458089	0.431986	0.479993	0.472907	0.394878	0.448997	0.466429	0.493265	0.492033	0.497787	0.397391	0.465145	0.479115	0.394224	0.399206	0.388347	0.385055	0.482013	0.354254	0.422281	0.418167	0.365671	0.378443	0.386112	0.477485	0.473946	0.477907	0.482086	0.378959	0.39947	0.397126	0.385462	0.384589	0.386205	0	0.278789	0.280496	0.368187	0.366557	0.364241	0.418731	0.482722	0.494175	0.475871	0.474062	0.474821	0.555257	0.563636	0.564629	0.557307	0.556922	0.558492	0.357753	0.369257	0.385826	0.388389	0.392084	0.370596	0.616043	0.62691	0.627941	0.556985	0.561005	0.555785	0.535489	0.528445	0.527719	0.518731	0.539203	0.535873	0.477414	0.533906	0.537229	0.491845	0.494372	0.49189	0.538149	0.548506	0.548361	0.522035	0.524763	0.525513	0.575006	0.559741	0.556447	0.547754	0.562113	0.558361	0.556886	0.544515	0.540335	0.536451	0.545266	0.543035
ERR608878-k20-n1-x5e9	0.459141	0.460774	0.448777	0.424487	0.470911	0.464066	0.388584	0.43688	0.453679	0.48057	0.479449	0.485252	0.389784	0.452385	0.466163	0.38368	0.388045	0.377904	0.381861	0.469974	0.352368	0.411609	0.407744	0.369861	0.37978	0.389868	0.468022	0.465966	0.470104	0.474689	0.384859	0.407746	0.388269	0.380918	0.380868	0.38297	0.278789	0	0.280602	0.354463	0.352481	0.350452	0.41147	0.470822	0.481605	0.46359	0.462264	0.463062	0.545813	0.553685	0.555014	0.547811	0.547542	0.548891	0.356558	0.361035	0.375393	0.377558	0.381206	0.36269	0.604649	0.615507	0.616679	0.545455	0.549493	0.544225	0.528184	0.522001	0.521214	0.512252	0.53406	0.530454	0.474269	0.523621	0.526923	0.484039	0.486529	0.484092	0.528241	0.537798	0.538234	0.512667	0.514569	0.515268	0.565175	0.550307	0.547078	0.538161	0.553782	0.550006	0.547116	0.535295	0.530963	0.526957	0.537436	0.535092
ERR608879-k20-n1-x5e9	0.462565	0.478797	0.466366	0.440894	0.488899	0.481883	0.400162	0.453546	0.470812	0.498342	0.497094	0.503038	0.405979	0.472319	0.486159	0.400917	0.405864	0.394793	0.392595	0.487666	0.354856	0.427206	0.422915	0.363225	0.382836	0.390169	0.485443	0.482735	0.486877	0.49146	0.373737	0.39477	0.400358	0.389784	0.389254	0.391111	0.280496	0.280602	0	0.375707	0.373753	0.371353	0.427784	0.490381	0.501652	0.483388	0.481863	0.482573	0.563468	0.571417	0.572901	0.565426	0.565164	0.566713	0.362059	0.373388	0.389804	0.392239	0.396382	0.375139	0.622606	0.633271	0.634337	0.563773	0.568033	0.562604	0.543977	0.537209	0.536496	0.526915	0.548944	0.545279	0.482726	0.537367	0.540411	0.49485	0.497206	0.494775	0.545961	0.555891	0.556348	0.529651	0.531709	0.532564	0.582823	0.567973	0.564758	0.555873	0.571342	0.567484	0.564812	0.552989	0.548697	0.544565	0.554684	0.552452
ERR608880-k20-n1-x5e9	0.49829	0.363367	0.359351	0.36203	0.370153	0.367915	0.388532	0.374859	0.379688	0.386752	0.384912	0.387761	0.35019	0.339723	0.346965	0.332419	0.331321	0.336427	0.380205	0.360846	0.411585	0.346259	0.346554	0.465161	0.430532	0.450801	0.372911	0.378328	0.381731	0.38573	0.494282	0.519712	0.357323	0.38303	0.385935	0.390392	0.368187	0.354463	0.375707	0	0.255557	0.255605	0.36461	0.356891	0.361523	0.352148	0.35148	0.352446	0.440746	0.444323	0.4455	0.441895	0.441081	0.441555	0.406637	0.36526	0.352407	0.351527	0.348074	0.364127	0.481602	0.49262	0.493554	0.429824	0.433191	0.428941	0.439298	0.441568	0.443613	0.440011	0.456932	0.454976	0.470186	0.447351	0.44887	0.450778	0.452373	0.451852	0.42916	0.432002	0.433275	0.424638	0.424405	0.424363	0.448125	0.43687	0.434834	0.427435	0.444047	0.44049	0.432682	0.425924	0.423357	0.420933	0.432754	0.43089
ERR608881-k20-n1-x5e9	0.497405	0.364047	0.360027	0.362302	0.371416	0.368938	0.38753	0.374399	0.379502	0.38659	0.385253	0.388068	0.350542	0.341026	0.347999	0.332286	0.331531	0.335923	0.379883	0.361956	0.409824	0.346031	0.346347	0.46322	0.428994	0.449602	0.374085	0.379446	0.383005	0.387017	0.492669	0.518051	0.357312	0.382827	0.385706	0.390233	0.366557	0.352481	0.373753	0.255557	0	0.255683	0.364452	0.357599	0.362584	0.352819	0.352246	0.35315	0.442805	0.44647	0.447752	0.444117	0.44328	0.44375	0.405013	0.363804	0.350977	0.350053	0.34661	0.362643	0.484194	0.495242	0.496258	0.431665	0.435272	0.430922	0.441132	0.442978	0.445065	0.441569	0.458837	0.456993	0.470682	0.448797	0.450189	0.451416	0.453122	0.452646	0.430814	0.433761	0.435176	0.425714	0.42534	0.425506	0.45078	0.439477	0.437457	0.429814	0.446988	0.44328	0.435125	0.428405	0.425436	0.423044	0.435441	0.433433
ERR608882-k20-n1-x5e9	0.495541	0.364763	0.360325	0.362005	0.371884	0.369499	0.385766	0.374146	0.37977	0.387566	0.386089	0.389007	0.349112	0.341731	0.349284	0.331576	0.330792	0.334804	0.378504	0.363489	0.408024	0.346545	0.346831	0.461376	0.427738	0.447964	0.374862	0.380238	0.383599	0.387754	0.490479	0.515825	0.35638	0.381362	0.384085	0.388578	0.364241	0.350452	0.371353	0.255605	0.255683	0	0.363413	0.358597	0.364067	0.353936	0.353268	0.354197	0.443597	0.447299	0.448586	0.444859	0.444019	0.444524	0.40336	0.362612	0.350379	0.349705	0.346376	0.36159	0.485807	0.496814	0.497812	0.433107	0.436567	0.432206	0.44195	0.44378	0.445661	0.441791	0.459403	0.457467	0.469051	0.449323	0.451117	0.450971	0.45285	0.452165	0.431644	0.434781	0.435957	0.426484	0.426157	0.426349	0.451984	0.440672	0.438462	0.43087	0.447831	0.444237	0.436372	0.429397	0.426469	0.423935	0.436107	0.434153
ERR608701-k20-n1-x5e9	0.44484	0.362618	0.356515	0.34481	0.363868	0.360016	0.365423	0.389962	0.400992	0.411002	0.409534	0.411249	0.306886	0.344765	0.358917	0.319682	0.319983	0.319244	0.346325	0.386886	0.403625	0.363738	0.362709	0.452229	0.397592	0.415141	0.360746	0.358546	0.358923	0.360487	0.496135	0.517135	0.388917	0.393585	0.393198	0.393624	0.418731	0.41147	0.427784	0.36461	0.364452	0.363413	0	0.298903	0.31433	0.296067	0.294163	0.293736	0.462873	0.473181	0.47164	0.464833	0.465297	0.466828	0.370618	0.353773	0.350776	0.353643	0.350641	0.351654	0.524682	0.538601	0.537983	0.466977	0.469817	0.465515	0.459358	0.455051	0.454456	0.453954	0.458524	0.457385	0.487508	0.51058	0.513384	0.502613	0.503749	0.502921	0.443491	0.455998	0.451081	0.436865	0.440668	0.4415	0.496433	0.479717	0.47607	0.470851	0.47667	0.47392	0.474795	0.461299	0.456349	0.456068	0.454788	0.453546
