	A-0_10x	A-1_10x	A-2_10x	B-0_10x	B-1_10x	B-2_10x	C-0_10x	C-1_10x	C-2_10x	D-0_10x	D-1_10x	D-2_10x	E-0_10x	E-1_10x	E-2_10x	F-0_10x	F-1_10x	F-2_10x	G-0_10x	G-1_10x	G-2_10x	H-0_10x	H-1_10x	H-2_10x	I-0_10x	I-1_10x	I-2_10x	J-0_10x	J-1_10x	J-2_10x	K-0_10x	K-1_10x	K-2_10x	L-0_10x	L-1_10x	L-2_10x
A-0_10x	0	0.414975	0.611094	1.3133	1.31269	1.31377	1.38554	1.3888	1.38683	1.38641	1.38584	1.38613	1.38591	1.38609	1.38544	1.38502	1.38519	1.38548	1.3151	1.31365	1.31752	1.38712	1.38619	1.38577	1.38598	1.38676	1.38569	1.31339	1.3141	1.31817	1.21528	1.23384	1.20926	1.38563	1.38547	1.38592
A-1_10x	0.414975	0	0.600271	1.31283	1.31249	1.31327	1.38548	1.38867	1.38671	1.38625	1.38569	1.38594	1.38581	1.386	1.38535	1.38495	1.38519	1.38545	1.31482	1.31349	1.3172	1.38689	1.38605	1.38566	1.3858	1.38653	1.38549	1.31308	1.3137	1.31814	1.21433	1.23307	1.20834	1.38555	1.38541	1.38575
A-2_10x	0.611094	0.600271	0	1.32312	1.32316	1.32349	1.38825	1.39123	1.38941	1.38889	1.38843	1.3886	1.38856	1.3887	1.38808	1.38758	1.38779	1.388	1.32544	1.32389	1.32772	1.3896	1.38879	1.38834	1.38848	1.38912	1.38822	1.32356	1.32394	1.32845	1.23821	1.25522	1.23355	1.38844	1.38815	1.3886
B-0_10x	1.3133	1.31283	1.32312	0	0.512089	0.52335	1.38632	1.38959	1.38743	1.38682	1.38622	1.38655	1.38634	1.38667	1.38596	1.38607	1.38644	1.3865	1.27723	1.27662	1.28275	1.38779	1.38682	1.38643	1.38655	1.38713	1.3862	1.2769	1.27649	1.28401	1.31656	1.3251	1.31435	1.3862	1.38606	1.38627
B-1_10x	1.31269	1.31249	1.32316	0.512089	0	0.513221	1.38608	1.3895	1.38735	1.38666	1.38608	1.38632	1.38597	1.38624	1.38559	1.38581	1.38622	1.38618	1.27557	1.27527	1.28129	1.38755	1.38644	1.38611	1.3861	1.38686	1.38594	1.2748	1.27434	1.28238	1.31674	1.32495	1.31406	1.38606	1.38599	1.38619
B-2_10x	1.31377	1.31327	1.32349	0.52335	0.513221	0	1.38642	1.38966	1.38759	1.38682	1.38634	1.38666	1.38616	1.38639	1.38579	1.38602	1.38652	1.38658	1.27791	1.27775	1.2836	1.38756	1.38649	1.38621	1.38608	1.38683	1.38599	1.27638	1.27664	1.28419	1.31734	1.3257	1.31446	1.38637	1.38625	1.38646
C-0_10x	1.38554	1.38548	1.38825	1.38632	1.38608	1.38642	0	0.656253	0.550832	1.25834	1.25504	1.25542	1.33831	1.33889	1.33703	1.25309	1.25468	1.25368	1.38655	1.38612	1.3871	1.342	1.3393	1.33855	1.33938	1.3414	1.33785	1.38613	1.38637	1.38809	1.38667	1.38906	1.3857	0.623081	0.611692	0.627521
C-1_10x	1.3888	1.38867	1.39123	1.38959	1.3895	1.38966	0.656253	0	0.696638	1.27674	1.27325	1.27393	1.34644	1.34682	1.34528	1.27085	1.27207	1.27157	1.3893	1.38894	1.38995	1.34988	1.3474	1.34691	1.34748	1.34944	1.34643	1.38892	1.38918	1.39063	1.38941	1.3914	1.3885	0.751752	0.74293	0.752794
C-2_10x	1.38683	1.38671	1.38941	1.38743	1.38735	1.38759	0.550832	0.696638	0	1.2649	1.26173	1.26219	1.3416	1.34208	1.34032	1.25895	1.26062	1.25974	1.38769	1.38718	1.38813	1.34457	1.34227	1.34148	1.34243	1.34388	1.34123	1.38716	1.3874	1.38909	1.38767	1.38986	1.38668	0.668871	0.657523	0.676297
D-0_10x	1.38641	1.38625	1.38889	1.38682	1.38666	1.38682	1.25834	1.27674	1.2649	0	0.507226	0.515855	1.33883	1.33884	1.33762	0.977126	0.983761	0.980264	1.38715	1.38679	1.38813	1.34263	1.34017	1.33888	1.33957	1.34139	1.33915	1.38672	1.38674	1.38844	1.38723	1.3894	1.38641	1.25834	1.25732	1.25894
D-1_10x	1.38584	1.38569	1.38843	1.38622	1.38608	1.38634	1.25504	1.27325	1.26173	0.507226	0	0.483044	1.33714	1.33792	1.33589	0.968001	0.972763	0.970899	1.38653	1.38634	1.38751	1.34099	1.33874	1.33743	1.33787	1.33948	1.33748	1.38613	1.38619	1.38785	1.38675	1.38892	1.38594	1.25456	1.25347	1.25528
D-2_10x	1.38613	1.38594	1.3886	1.38655	1.38632	1.38666	1.25542	1.27393	1.26219	0.515855	0.483044	0	1.33822	1.33873	1.337	0.971225	0.977086	0.9739	1.38664	1.38628	1.38748	1.34198	1.33999	1.33837	1.33903	1.34073	1.33852	1.38632	1.38643	1.38814	1.38667	1.38879	1.38598	1.25543	1.25439	1.25611
E-0_10x	1.38591	1.38581	1.38856	1.38634	1.38597	1.38616	1.33831	1.34644	1.3416	1.33883	1.33714	1.33822	0	0.491925	0.455316	1.33593	1.33693	1.3372	1.38647	1.38609	1.3871	0.846399	0.822981	0.80951	0.809774	0.829827	0.801736	1.38618	1.38641	1.38777	1.38658	1.38874	1.38579	1.33751	1.33668	1.33788
E-1_10x	1.38609	1.386	1.3887	1.38667	1.38624	1.38639	1.33889	1.34682	1.34208	1.33884	1.33792	1.33873	0.491925	0	0.475884	1.33637	1.3374	1.33751	1.38677	1.38642	1.38737	0.848531	0.827768	0.814759	0.815846	0.831927	0.807479	1.38614	1.38632	1.38777	1.38663	1.38872	1.38586	1.33804	1.33755	1.33836
E-2_10x	1.38544	1.38535	1.38808	1.38596	1.38559	1.38579	1.33703	1.34528	1.34032	1.33762	1.33589	1.337	0.455316	0.475884	0	1.33459	1.33566	1.33592	1.38595	1.38558	1.38659	0.834882	0.813196	0.799068	0.798876	0.820536	0.791249	1.38538	1.38554	1.38696	1.38622	1.38834	1.38537	1.3362	1.33537	1.33671
F-0_10x	1.38502	1.38495	1.38758	1.38607	1.38581	1.38602	1.25309	1.27085	1.25895	0.977126	0.968001	0.971225	1.33593	1.33637	1.33459	0	0.422204	0.417449	1.38634	1.38605	1.38725	1.34006	1.3374	1.33618	1.33631	1.33821	1.33554	1.38612	1.38621	1.38767	1.38619	1.38854	1.38548	1.25269	1.25124	1.2532
F-1_10x	1.38519	1.38519	1.38779	1.38644	1.38622	1.38652	1.25468	1.27207	1.26062	0.983761	0.972763	0.977086	1.33693	1.3374	1.33566	0.422204	0	0.439843	1.38665	1.38633	1.38748	1.34085	1.33813	1.3372	1.33719	1.33927	1.33674	1.38634	1.38649	1.38805	1.38652	1.38876	1.3857	1.25444	1.25269	1.25478
F-2_10x	1.38548	1.38545	1.388	1.3865	1.38618	1.38658	1.25368	1.27157	1.25974	0.980264	0.970899	0.9739	1.3372	1.33751	1.33592	0.417449	0.439843	0	1.38657	1.38631	1.38737	1.34091	1.33842	1.33761	1.33763	1.33968	1.3369	1.38637	1.38649	1.38789	1.38656	1.38883	1.38579	1.25344	1.25157	1.2539
G-0_10x	1.3151	1.31482	1.32544	1.27723	1.27557	1.27791	1.38655	1.3893	1.38769	1.38715	1.38653	1.38664	1.38647	1.38677	1.38595	1.38634	1.38665	1.38657	0	0.488294	0.558426	1.38795	1.38701	1.38651	1.38648	1.38726	1.38631	1.08083	1.08198	1.10003	1.31844	1.32636	1.3152	1.38617	1.38598	1.3863
G-1_10x	1.31365	1.31349	1.32389	1.27662	1.27527	1.27775	1.38612	1.38894	1.38718	1.38679	1.38634	1.38628	1.38609	1.38642	1.38558	1.38605	1.38633	1.38631	0.488294	0	0.539369	1.38759	1.3867	1.38604	1.38596	1.38678	1.38587	1.07664	1.07837	1.09661	1.31719	1.32503	1.31416	1.38596	1.38572	1.38607
G-2_10x	1.31752	1.3172	1.32772	1.28275	1.28129	1.2836	1.3871	1.38995	1.38813	1.38813	1.38751	1.38748	1.3871	1.38737	1.38659	1.38725	1.38748	1.38737	0.558426	0.539369	0	1.38854	1.38764	1.38702	1.38699	1.38785	1.38693	1.09346	1.09456	1.11139	1.3205	1.32861	1.31777	1.38689	1.38667	1.38714
H-0_10x	1.38712	1.38689	1.3896	1.38779	1.38755	1.38756	1.342	1.34988	1.34457	1.34263	1.34099	1.34198	0.846399	0.848531	0.834882	1.34006	1.34085	1.34091	1.38795	1.38759	1.38854	0	0.589859	0.566731	0.671372	0.697474	0.660665	1.38748	1.38771	1.38914	1.38758	1.38962	1.38684	1.34106	1.34072	1.34164
H-1_10x	1.38619	1.38605	1.38879	1.38682	1.38644	1.38649	1.3393	1.3474	1.34227	1.34017	1.33874	1.33999	0.822981	0.827768	0.813196	1.3374	1.33813	1.33842	1.38701	1.3867	1.38764	0.589859	0	0.516169	0.634209	0.665514	0.625705	1.38621	1.38651	1.3881	1.38689	1.38895	1.38604	1.33846	1.33799	1.33904
H-2_10x	1.38577	1.38566	1.38834	1.38643	1.38611	1.38621	1.33855	1.34691	1.34148	1.33888	1.33743	1.33837	0.80951	0.814759	0.799068	1.33618	1.3372	1.33761	1.38651	1.38604	1.38702	0.566731	0.516169	0	0.613099	0.646431	0.601338	1.38602	1.38634	1.38774	1.38626	1.38841	1.38548	1.33763	1.3369	1.33843
I-0_10x	1.38598	1.3858	1.38848	1.38655	1.3861	1.38608	1.33938	1.34748	1.34243	1.33957	1.33787	1.33903	0.809774	0.815846	0.798876	1.33631	1.33719	1.33763	1.38648	1.38596	1.38699	0.671372	0.634209	0.613099	0	0.537311	0.47454	1.38588	1.38628	1.38777	1.38651	1.38869	1.38565	1.33853	1.33767	1.33904
I-1_10x	1.38676	1.38653	1.38912	1.38713	1.38686	1.38683	1.3414	1.34944	1.34388	1.34139	1.33948	1.34073	0.829827	0.831927	0.820536	1.33821	1.33927	1.33968	1.38726	1.38678	1.38785	0.697474	0.665514	0.646431	0.537311	0	0.518131	1.38681	1.38699	1.38848	1.38703	1.3891	1.38619	1.34007	1.33916	1.34061
I-2_10x	1.38569	1.38549	1.38822	1.3862	1.38594	1.38599	1.33785	1.34643	1.34123	1.33915	1.33748	1.33852	0.801736	0.807479	0.791249	1.33554	1.33674	1.3369	1.38631	1.38587	1.38693	0.660665	0.625705	0.601338	0.47454	0.518131	0	1.38584	1.38605	1.38758	1.38611	1.38827	1.38532	1.33731	1.33655	1.33757
J-0_10x	1.31339	1.31308	1.32356	1.2769	1.2748	1.27638	1.38613	1.38892	1.38716	1.38672	1.38613	1.38632	1.38618	1.38614	1.38538	1.38612	1.38634	1.38637	1.08083	1.07664	1.09346	1.38748	1.38621	1.38602	1.38588	1.38681	1.38584	0	0.482342	0.559683	1.31724	1.3252	1.31412	1.38587	1.3857	1.38601
J-1_10x	1.3141	1.3137	1.32394	1.27649	1.27434	1.27664	1.38637	1.38918	1.3874	1.38674	1.38619	1.38643	1.38641	1.38632	1.38554	1.38621	1.38649	1.38649	1.08198	1.07837	1.09456	1.38771	1.38651	1.38634	1.38628	1.38699	1.38605	0.482342	0	0.564465	1.3183	1.32621	1.31488	1.38611	1.38606	1.38619
J-2_10x	1.31817	1.31814	1.32845	1.28401	1.28238	1.28419	1.38809	1.39063	1.38909	1.38844	1.38785	1.38814	1.38777	1.38777	1.38696	1.38767	1.38805	1.38789	1.10003	1.09661	1.11139	1.38914	1.3881	1.38774	1.38777	1.38848	1.38758	0.559683	0.564465	0	1.32268	1.32962	1.31942	1.3877	1.38757	1.38784
K-0_10x	1.21528	1.21433	1.23821	1.31656	1.31674	1.31734	1.38667	1.38941	1.38767	1.38723	1.38675	1.38667	1.38658	1.38663	1.38622	1.38619	1.38652	1.38656	1.31844	1.31719	1.3205	1.38758	1.38689	1.38626	1.38651	1.38703	1.38611	1.31724	1.3183	1.32268	0	0.65101	0.481931	1.38646	1.38637	1.38687
K-1_10x	1.23384	1.23307	1.25522	1.3251	1.32495	1.3257	1.38906	1.3914	1.38986	1.3894	1.38892	1.38879	1.38874	1.38872	1.38834	1.38854	1.38876	1.38883	1.32636	1.32503	1.32861	1.38962	1.38895	1.38841	1.38869	1.3891	1.38827	1.3252	1.32621	1.32962	0.65101	0	0.613201	1.38895	1.38888	1.38938
K-2_10x	1.20926	1.20834	1.23355	1.31435	1.31406	1.31446	1.3857	1.3885	1.38668	1.38641	1.38594	1.38598	1.38579	1.38586	1.38537	1.38548	1.3857	1.38579	1.3152	1.31416	1.31777	1.38684	1.38604	1.38548	1.38565	1.38619	1.38532	1.31412	1.31488	1.31942	0.481931	0.613201	0	1.38558	1.38549	1.38602
L-0_10x	1.38563	1.38555	1.38844	1.3862	1.38606	1.38637	0.623081	0.751752	0.668871	1.25834	1.25456	1.25543	1.33751	1.33804	1.3362	1.25269	1.25444	1.25344	1.38617	1.38596	1.38689	1.34106	1.33846	1.33763	1.33853	1.34007	1.33731	1.38587	1.38611	1.3877	1.38646	1.38895	1.38558	0	0.439609	0.466195
L-1_10x	1.38547	1.38541	1.38815	1.38606	1.38599	1.38625	0.611692	0.74293	0.657523	1.25732	1.25347	1.25439	1.33668	1.33755	1.33537	1.25124	1.25269	1.25157	1.38598	1.38572	1.38667	1.34072	1.33799	1.3369	1.33767	1.33916	1.33655	1.3857	1.38606	1.38757	1.38637	1.38888	1.38549	0.439609	0	0.451259
L-2_10x	1.38592	1.38575	1.3886	1.38627	1.38619	1.38646	0.627521	0.752794	0.676297	1.25894	1.25528	1.25611	1.33788	1.33836	1.33671	1.2532	1.25478	1.2539	1.3863	1.38607	1.38714	1.34164	1.33904	1.33843	1.33904	1.34061	1.33757	1.38601	1.38619	1.38784	1.38687	1.38938	1.38602	0.466195	0.451259	0
