	A-0_1x	A-1_1x	A-2_1x	B-0_1x	B-1_1x	B-2_1x	C-0_1x	C-1_1x	C-2_1x	D-0_1x	D-1_1x	D-2_1x	E-0_1x	E-1_1x	E-2_1x	F-0_1x	F-1_1x	F-2_1x	G-0_1x	G-1_1x	G-2_1x	H-0_1x	H-1_1x	H-2_1x	I-0_1x	I-1_1x	I-2_1x	J-0_1x	J-1_1x	J-2_1x	K-0_1x	K-1_1x	K-2_1x	L-0_1x	L-1_1x	L-2_1x
A-0_1x	0.429791	0.161253	0.188126	0.0375728	0.0366676	0.0353151	0.0126707	0.0110299	0.0118811	0.0130541	0.0132649	0.0117727	0.0141785	0.0139933	0.012133	0.012746	0.0129284	0.0125961	0.0351252	0.0423273	0.0432881	0.0137308	0.0132552	0.0149485	0.0139144	0.0142355	0.0107698	0.0327125	0.0383297	0.0385881	0.0601904	0.0661302	0.0675606	0.0145026	0.0122106	0.0124061
A-1_1x	0.161253	0.430637	0.185684	0.0374219	0.0352233	0.0365101	0.012688	0.0104954	0.0122186	0.0131905	0.0132285	0.0121897	0.0144494	0.0138434	0.0126969	0.0125567	0.0128818	0.0128402	0.0355108	0.0421592	0.0439063	0.0134958	0.013206	0.0147556	0.0131107	0.0144743	0.0109067	0.0326706	0.0372768	0.0370364	0.0622655	0.0653599	0.0687395	0.0138863	0.0124281	0.0120024
A-2_1x	0.188126	0.185684	0.411053	0.0449312	0.0422061	0.0438531	0.0153476	0.0127276	0.0139982	0.0153836	0.0155347	0.0144112	0.0176968	0.0171439	0.0158714	0.0154796	0.015524	0.0150662	0.0424382	0.0509791	0.0526098	0.0172966	0.0162628	0.0184108	0.016961	0.0182114	0.0135361	0.0409926	0.0448258	0.0449031	0.0715442	0.0764204	0.0795483	0.0166639	0.0144657	0.0143337
B-0_1x	0.0375728	0.0374219	0.0449312	0.420387	0.180705	0.187708	0.0140313	0.0123141	0.0134791	0.0148719	0.0146338	0.0137127	0.0157268	0.0151656	0.0145021	0.0138726	0.0145298	0.0138485	0.0534271	0.0608203	0.0631194	0.0154465	0.0144854	0.0167806	0.0156349	0.0160125	0.0123499	0.051237	0.0551608	0.0548814	0.038489	0.0414472	0.042874	0.0155547	0.0132607	0.0135349
B-1_1x	0.0366676	0.0352233	0.0422061	0.180705	0.423826	0.180774	0.0135842	0.0112856	0.0127644	0.0142021	0.0133649	0.0123734	0.0152987	0.0152056	0.0133942	0.0132065	0.0131145	0.0127843	0.0520211	0.0573535	0.0611222	0.0146804	0.0137422	0.0162873	0.0150275	0.0153347	0.0123092	0.0488227	0.055098	0.051628	0.0362635	0.0390952	0.0403334	0.0149208	0.0136374	0.0129357
B-2_1x	0.0353151	0.0365101	0.0438531	0.187708	0.180774	0.42239	0.0137155	0.0120128	0.0130572	0.0143654	0.0144908	0.0129812	0.0153007	0.0150625	0.0135247	0.0129937	0.0144349	0.0133478	0.0517746	0.0584531	0.0596331	0.0154855	0.0143604	0.0160335	0.0152134	0.016096	0.0122351	0.0493005	0.0541211	0.0532009	0.0363795	0.040316	0.0395783	0.0149034	0.0136262	0.0130829
C-0_1x	0.0126707	0.012688	0.0153476	0.0140313	0.0135842	0.0137155	0.535969	0.208648	0.224992	0.0799866	0.0783056	0.0728714	0.0443431	0.0449595	0.0399879	0.0713449	0.0775051	0.0708798	0.0129364	0.0150887	0.0158903	0.0435244	0.0418396	0.0476592	0.0424753	0.0454797	0.0328807	0.0131986	0.0137349	0.0139226	0.0131199	0.0140252	0.0143866	0.243498	0.216205	0.225936
C-1_1x	0.0110299	0.0104954	0.0127276	0.0123141	0.0112856	0.0120128	0.208648	0.546921	0.200237	0.0661653	0.0681773	0.0647057	0.037583	0.0373533	0.0341605	0.0626768	0.0678308	0.0643016	0.0107478	0.0132162	0.0136041	0.0367814	0.0341995	0.0395701	0.0352137	0.0381206	0.0276966	0.010691	0.0118013	0.011808	0.0113375	0.0118973	0.0126345	0.21218	0.189854	0.190508
C-2_1x	0.0118811	0.0122186	0.0139982	0.0134791	0.0127644	0.0130572	0.224992	0.200237	0.540836	0.0745048	0.0752987	0.0706117	0.0415446	0.0417925	0.0376491	0.0710075	0.0742337	0.0716279	0.0123488	0.0148752	0.015218	0.0424069	0.0391488	0.0442944	0.0402108	0.0436869	0.0329726	0.0123568	0.0137477	0.013456	0.0123271	0.0133231	0.0136796	0.238413	0.208265	0.212429
D-0_1x	0.0130541	0.0131905	0.0153836	0.0148719	0.0142021	0.0143654	0.0799866	0.0661653	0.0745048	0.509309	0.266663	0.247086	0.0466491	0.0476401	0.0439237	0.166575	0.175343	0.167532	0.0142175	0.0165585	0.0166931	0.0478254	0.0423033	0.0510104	0.0454885	0.0484229	0.0360291	0.0139152	0.0142841	0.0147716	0.0138052	0.0142433	0.015355	0.0885135	0.0801383	0.0773777
D-1_1x	0.0132649	0.0132285	0.0155347	0.0146338	0.0133649	0.0144908	0.0783056	0.0681773	0.0752987	0.266663	0.512547	0.244179	0.0486823	0.0486208	0.0456304	0.166225	0.174541	0.168561	0.0139777	0.0166857	0.0170741	0.0476004	0.0430163	0.0510613	0.0465182	0.0489495	0.0355168	0.0137269	0.0144591	0.0148981	0.0133381	0.0141139	0.0151368	0.0893795	0.0792558	0.0795253
D-2_1x	0.0117727	0.0121897	0.0144112	0.0137127	0.0123734	0.0129812	0.0728714	0.0647057	0.0706117	0.247086	0.244179	0.52172	0.0425998	0.0430645	0.039876	0.156133	0.163689	0.153894	0.0130994	0.0152448	0.0157906	0.0420247	0.0382522	0.0458939	0.0421585	0.0435724	0.0336749	0.0132361	0.0131544	0.0134366	0.0127061	0.0133597	0.0145451	0.0806555	0.0705031	0.0729435
E-0_1x	0.0141785	0.0144494	0.0176968	0.0157268	0.0152987	0.0153007	0.0443431	0.037583	0.0415446	0.0466491	0.0486823	0.0425998	0.586063	0.305753	0.281536	0.0451265	0.0475487	0.042494	0.0156898	0.0177002	0.0180288	0.250486	0.234584	0.26557	0.244459	0.259366	0.198432	0.0143293	0.0157335	0.0161489	0.0145551	0.0156228	0.0160442	0.0498976	0.0441333	0.0434525
E-1_1x	0.0139933	0.0138434	0.0171439	0.0151656	0.0152056	0.0150625	0.0449595	0.0373533	0.0417925	0.0476401	0.0486208	0.0430645	0.305753	0.590939	0.27892	0.0434871	0.0469845	0.043382	0.0145136	0.0170408	0.017483	0.246679	0.227968	0.260679	0.24627	0.261938	0.191114	0.0142692	0.0157449	0.0158887	0.0146277	0.0157661	0.016185	0.0494783	0.0431697	0.0437925
E-2_1x	0.012133	0.0126969	0.0158714	0.0145021	0.0133942	0.0135247	0.0399879	0.0341605	0.0376491	0.0439237	0.0456304	0.039876	0.281536	0.27892	0.597254	0.0406665	0.0439103	0.0412031	0.0142191	0.015972	0.0161871	0.227866	0.211094	0.243512	0.223338	0.237123	0.177322	0.0129344	0.014225	0.0146696	0.0131888	0.0144371	0.014782	0.0451882	0.0407296	0.0384803
F-0_1x	0.012746	0.0125567	0.0154796	0.0138726	0.0132065	0.0129937	0.0713449	0.0626768	0.0710075	0.166575	0.166225	0.156133	0.0451265	0.0434871	0.0406665	0.516073	0.246293	0.233469	0.0129413	0.0151641	0.0154835	0.0445127	0.0404859	0.0471748	0.0434977	0.0461557	0.0348254	0.0121381	0.0132719	0.0134914	0.0128491	0.0138091	0.0145173	0.0808877	0.0725147	0.0758779
F-1_1x	0.0129284	0.0128818	0.015524	0.0145298	0.0131145	0.0144349	0.0775051	0.0678308	0.0742337	0.175343	0.174541	0.163689	0.0475487	0.0469845	0.0439103	0.246293	0.511901	0.248274	0.013959	0.0164762	0.0166819	0.0471703	0.0445282	0.0499218	0.0456867	0.048879	0.0365713	0.0136416	0.0137252	0.014288	0.0132814	0.014353	0.0150767	0.0870524	0.0758247	0.0790215
F-2_1x	0.0125961	0.0128402	0.0150662	0.0138485	0.0127843	0.0133478	0.0708798	0.0643016	0.0716279	0.167532	0.168561	0.153894	0.042494	0.043382	0.0412031	0.233469	0.248274	0.513598	0.0137002	0.0161554	0.0163134	0.0439611	0.0398542	0.0454267	0.0421576	0.0451228	0.0334179	0.012687	0.0135424	0.0138212	0.0126128	0.0138581	0.0143772	0.0822032	0.0705429	0.0738855
G-0_1x	0.0351252	0.0355108	0.0424382	0.0534271	0.0520211	0.0517746	0.0129364	0.0107478	0.0123488	0.0142175	0.0139777	0.0130994	0.0156898	0.0145136	0.0142191	0.0129413	0.013959	0.0137002	0.476127	0.212727	0.217602	0.0152417	0.0133066	0.0160818	0.0149548	0.0153046	0.0113738	0.0994422	0.108278	0.106683	0.0356333	0.0394429	0.0425493	0.014955	0.0132659	0.0126379
G-1_1x	0.0423273	0.0421592	0.0509791	0.0608203	0.0573535	0.0584531	0.0150887	0.0132162	0.0148752	0.0165585	0.0166857	0.0152448	0.0177002	0.0170408	0.015972	0.0151641	0.0164762	0.0161554	0.212727	0.462326	0.246495	0.0171198	0.0165448	0.018647	0.0175465	0.0179639	0.013537	0.112378	0.123053	0.123665	0.0417814	0.046263	0.0494973	0.0176375	0.0155064	0.0151656
G-2_1x	0.0432881	0.0439063	0.0526098	0.0631194	0.0611222	0.0596331	0.0158903	0.0136041	0.015218	0.0166931	0.0170741	0.0157906	0.0180288	0.017483	0.0161871	0.0154835	0.0166819	0.0163134	0.217602	0.246495	0.461924	0.0177522	0.0165916	0.0193306	0.0181903	0.0183201	0.0137988	0.115617	0.126257	0.125557	0.0418404	0.0469132	0.0485552	0.0178618	0.0159736	0.0155352
H-0_1x	0.0137308	0.0134958	0.0172966	0.0154465	0.0146804	0.0154855	0.0435244	0.0367814	0.0424069	0.0478254	0.0476004	0.0420247	0.250486	0.246679	0.227866	0.0445127	0.0471703	0.0439611	0.0152417	0.0171198	0.0177522	0.611805	0.287114	0.319747	0.283275	0.297188	0.219285	0.014528	0.015828	0.0159255	0.0141197	0.0157764	0.0162038	0.049346	0.0426423	0.0438918
H-1_1x	0.0132552	0.013206	0.0162628	0.0144854	0.0137422	0.0143604	0.0418396	0.0341995	0.0391488	0.0423033	0.0430163	0.0382522	0.234584	0.227968	0.211094	0.0404859	0.0445282	0.0398542	0.0133066	0.0165448	0.0165916	0.287114	0.617463	0.297578	0.265649	0.278106	0.20965	0.0139444	0.0145125	0.0147142	0.0133839	0.0145632	0.0152014	0.0451777	0.0396578	0.0398403
H-2_1x	0.0149485	0.0147556	0.0184108	0.0167806	0.0162873	0.0160335	0.0476592	0.0395701	0.0442944	0.0510104	0.0510613	0.0458939	0.26557	0.260679	0.243512	0.0471748	0.0499218	0.0454267	0.0160818	0.018647	0.0193306	0.319747	0.297578	0.606045	0.299339	0.311126	0.234637	0.0152179	0.0169126	0.0168716	0.0156747	0.0170588	0.0175822	0.0520984	0.0457701	0.0459752
I-0_1x	0.0139144	0.0131107	0.016961	0.0156349	0.0150275	0.0152134	0.0424753	0.0352137	0.0402108	0.0454885	0.0465182	0.0421585	0.244459	0.24627	0.223338	0.0434977	0.0456867	0.0421576	0.0149548	0.0175465	0.0181903	0.283275	0.265649	0.299339	0.614651	0.305025	0.22871	0.0147167	0.0151122	0.0154087	0.0141981	0.0155175	0.0162629	0.0468086	0.0413796	0.0421854
I-1_1x	0.0142355	0.0144743	0.0182114	0.0160125	0.0153347	0.016096	0.0454797	0.0381206	0.0436869	0.0484229	0.0489495	0.0435724	0.259366	0.261938	0.237123	0.0461557	0.048879	0.0451228	0.0153046	0.0179639	0.0183201	0.297188	0.278106	0.311126	0.305025	0.608301	0.24704	0.0148002	0.0162601	0.0161126	0.0155044	0.0167884	0.0167922	0.0502822	0.0437611	0.0446104
I-2_1x	0.0107698	0.0109067	0.0135361	0.0123499	0.0123092	0.0122351	0.0328807	0.0276966	0.0329726	0.0360291	0.0355168	0.0336749	0.198432	0.191114	0.177322	0.0348254	0.0365713	0.0334179	0.0113738	0.013537	0.0137988	0.219285	0.20965	0.234637	0.22871	0.24704	0.622483	0.010804	0.012369	0.0123278	0.0113749	0.0125169	0.0127415	0.0384972	0.0342818	0.0325422
J-0_1x	0.0327125	0.0326706	0.0409926	0.051237	0.0488227	0.0493005	0.0131986	0.010691	0.0123568	0.0139152	0.0137269	0.0132361	0.0143293	0.0142692	0.0129344	0.0121381	0.0136416	0.012687	0.0994422	0.112378	0.115617	0.014528	0.0139444	0.0152179	0.0147167	0.0148002	0.010804	0.464006	0.184517	0.18291	0.035333	0.0368628	0.039651	0.0142223	0.0126641	0.0126395
J-1_1x	0.0383297	0.0372768	0.0448258	0.0551608	0.055098	0.0541211	0.0137349	0.0118013	0.0137477	0.0142841	0.0144591	0.0131544	0.0157335	0.0157449	0.014225	0.0132719	0.0137252	0.0135424	0.108278	0.123053	0.126257	0.015828	0.0145125	0.0169126	0.0151122	0.0162601	0.012369	0.184517	0.454583	0.197123	0.0379425	0.040948	0.0444169	0.0152559	0.0136569	0.0134445
J-2_1x	0.0385881	0.0370364	0.0449031	0.0548814	0.051628	0.0532009	0.0139226	0.011808	0.013456	0.0147716	0.0148981	0.0134366	0.0161489	0.0158887	0.0146696	0.0134914	0.014288	0.0138212	0.106683	0.123665	0.125557	0.0159255	0.0147142	0.0168716	0.0154087	0.0161126	0.0123278	0.18291	0.197123	0.453612	0.0375124	0.0408603	0.0426142	0.0157721	0.0136672	0.0137305
K-0_1x	0.0601904	0.0622655	0.0715442	0.038489	0.0362635	0.0363795	0.0131199	0.0113375	0.0123271	0.0138052	0.0133381	0.0127061	0.0145551	0.0146277	0.0131888	0.0128491	0.0132814	0.0126128	0.0356333	0.0417814	0.0418404	0.0141197	0.0133839	0.0156747	0.0141981	0.0155044	0.0113749	0.035333	0.0379425	0.0375124	0.432098	0.178992	0.18827	0.0149779	0.0135455	0.0125515
K-1_1x	0.0661302	0.0653599	0.0764204	0.0414472	0.0390952	0.040316	0.0140252	0.0118973	0.0133231	0.0142433	0.0141139	0.0133597	0.0156228	0.0157661	0.0144371	0.0138091	0.014353	0.0138581	0.0394429	0.046263	0.0469132	0.0157764	0.0145632	0.0170588	0.0155175	0.0167884	0.0125169	0.0368628	0.040948	0.0408603	0.178992	0.42459	0.197835	0.0154905	0.0135114	0.0134718
K-2_1x	0.0675606	0.0687395	0.0795483	0.042874	0.0403334	0.0395783	0.0143866	0.0126345	0.0136796	0.015355	0.0151368	0.0145451	0.0160442	0.016185	0.014782	0.0145173	0.0150767	0.0143772	0.0425493	0.0494973	0.0485552	0.0162038	0.0152014	0.0175822	0.0162629	0.0167922	0.0127415	0.039651	0.0444169	0.0426142	0.18827	0.197835	0.421928	0.0165768	0.0142002	0.0139977
L-0_1x	0.0145026	0.0138863	0.0166639	0.0155547	0.0149208	0.0149034	0.243498	0.21218	0.238413	0.0885135	0.0893795	0.0806555	0.0498976	0.0494783	0.0451882	0.0808877	0.0870524	0.0822032	0.014955	0.0176375	0.0178618	0.049346	0.0451777	0.0520984	0.0468086	0.0502822	0.0384972	0.0142223	0.0152559	0.0157721	0.0149779	0.0154905	0.0165768	0.530826	0.26305	0.261451
L-1_1x	0.0122106	0.0124281	0.0144657	0.0132607	0.0136374	0.0136262	0.216205	0.189854	0.208265	0.0801383	0.0792558	0.0705031	0.0441333	0.0431697	0.0407296	0.0725147	0.0758247	0.0705429	0.0132659	0.0155064	0.0159736	0.0426423	0.0396578	0.0457701	0.0413796	0.0437611	0.0342818	0.0126641	0.0136569	0.0136672	0.0135455	0.0135114	0.0142002	0.26305	0.541412	0.23038
L-2_1x	0.0124061	0.0120024	0.0143337	0.0135349	0.0129357	0.0130829	0.225936	0.190508	0.212429	0.0773777	0.0795253	0.0729435	0.0434525	0.0437925	0.0384803	0.0758779	0.0790215	0.0738855	0.0126379	0.0151656	0.0155352	0.0438918	0.0398403	0.0459752	0.0421854	0.0446104	0.0325422	0.0126395	0.0134445	0.0137305	0.0125515	0.0134718	0.0139977	0.261451	0.23038	0.540952
