	A-0_20x	A-1_20x	A-2_20x	B-0_20x	B-1_20x	B-2_20x	C-0_20x	C-1_20x	C-2_20x	D-0_20x	D-1_20x	D-2_20x	E-0_20x	E-1_20x	E-2_20x	F-0_20x	F-1_20x	F-2_20x	G-0_20x	G-1_20x	G-2_20x	H-0_20x	H-1_20x	H-2_20x	I-0_20x	I-1_20x	I-2_20x	J-0_20x	J-1_20x	J-2_20x	K-0_20x	K-1_20x	K-2_20x	L-0_20x	L-1_20x	L-2_20x
A-0_20x	0	0.418019	0.32742	1.26831	1.26533	1.26439	1.3751	1.37592	1.37511	1.37467	1.37469	1.37561	1.37678	1.37575	1.37695	1.3745	1.37423	1.37494	1.27126	1.26788	1.26894	1.37661	1.37732	1.37651	1.37638	1.37637	1.3762	1.26865	1.26723	1.26882	1.13677	1.13604	1.13968	1.3754	1.37581	1.37643
A-1_20x	0.418019	0	0.441702	1.27527	1.27294	1.27197	1.37648	1.37725	1.37652	1.37647	1.3765	1.37738	1.37839	1.3774	1.37858	1.37616	1.37589	1.37657	1.27813	1.27503	1.27551	1.37821	1.37889	1.37808	1.37793	1.37785	1.37778	1.27532	1.27388	1.2756	1.14999	1.14973	1.1534	1.37687	1.37715	1.37787
A-2_20x	0.32742	0.441702	0	1.26992	1.26711	1.26609	1.37554	1.37635	1.37553	1.3749	1.37492	1.37576	1.37692	1.37593	1.37716	1.37479	1.37449	1.37515	1.27346	1.27034	1.27119	1.37684	1.37755	1.37679	1.37661	1.37657	1.37647	1.27056	1.26948	1.27106	1.13996	1.13939	1.14327	1.37581	1.37622	1.37681
B-0_20x	1.26831	1.27527	1.26992	0	0.418403	0.410307	1.37607	1.37668	1.37598	1.37551	1.37563	1.37634	1.37719	1.37633	1.37739	1.3758	1.37552	1.37642	1.22308	1.21851	1.22076	1.37702	1.37769	1.37679	1.37689	1.37691	1.37679	1.21965	1.21773	1.21973	1.27052	1.27041	1.27236	1.37616	1.37675	1.3773
B-1_20x	1.26533	1.27294	1.26711	0.418403	0	0.363683	1.37535	1.37595	1.37526	1.37503	1.37499	1.37586	1.37656	1.3756	1.3768	1.37522	1.37495	1.37586	1.21888	1.21414	1.2164	1.37652	1.37716	1.37621	1.37628	1.3763	1.37617	1.21556	1.21428	1.21548	1.26828	1.26773	1.26952	1.37541	1.37599	1.37649
B-2_20x	1.26439	1.27197	1.26609	0.410307	0.363683	0	1.37522	1.37589	1.37525	1.37478	1.37476	1.37555	1.37649	1.3756	1.37675	1.37514	1.37482	1.37567	1.21813	1.21346	1.21544	1.3764	1.37715	1.37617	1.37619	1.37626	1.37615	1.21425	1.2125	1.21413	1.26792	1.26727	1.26875	1.37527	1.37588	1.37648
C-0_20x	1.3751	1.37648	1.37554	1.37607	1.37535	1.37522	0	0.367703	0.324612	1.19807	1.19876	1.2034	1.31606	1.31405	1.31702	1.19883	1.19708	1.20192	1.3767	1.37599	1.37657	1.31602	1.31798	1.31595	1.31634	1.3159	1.31618	1.37677	1.37637	1.37644	1.3754	1.37545	1.3758	0.482978	0.499806	0.528647
C-1_20x	1.37592	1.37725	1.37635	1.37668	1.37595	1.37589	0.367703	0	0.376684	1.20215	1.20263	1.20753	1.31762	1.3156	1.31884	1.20265	1.20101	1.20577	1.37755	1.37689	1.37743	1.31799	1.31974	1.3179	1.31801	1.31754	1.31795	1.37756	1.37723	1.37727	1.37616	1.3762	1.37661	0.51694	0.53095	0.558183
C-2_20x	1.37511	1.37652	1.37553	1.37598	1.37526	1.37525	0.324612	0.376684	0	1.19832	1.19873	1.20317	1.31613	1.31422	1.31715	1.19918	1.19757	1.20238	1.37695	1.37627	1.37682	1.31644	1.31797	1.31609	1.31627	1.31591	1.31613	1.37696	1.37658	1.37662	1.37544	1.37546	1.37581	0.487093	0.503575	0.531105
D-0_20x	1.37467	1.37647	1.3749	1.37551	1.37503	1.37478	1.19807	1.20215	1.19832	0	0.346836	0.398656	1.31323	1.31033	1.31366	0.861896	0.856078	0.874417	1.37681	1.37602	1.37663	1.31332	1.31551	1.31303	1.31346	1.31296	1.31336	1.37645	1.37636	1.37654	1.37507	1.37508	1.3755	1.19919	1.20115	1.20525
D-1_20x	1.37469	1.3765	1.37492	1.37563	1.37499	1.37476	1.19876	1.20263	1.19873	0.346836	0	0.396987	1.31318	1.31037	1.31372	0.861625	0.855718	0.873921	1.37676	1.37601	1.37661	1.31308	1.31515	1.3127	1.313	1.31274	1.31317	1.37639	1.37616	1.37648	1.37493	1.37502	1.37544	1.19954	1.20185	1.20579
D-2_20x	1.37561	1.37738	1.37576	1.37634	1.37586	1.37555	1.2034	1.20753	1.20317	0.398656	0.396987	0	1.31501	1.31248	1.31597	0.876862	0.871637	0.889789	1.37753	1.37675	1.37727	1.31513	1.31728	1.31486	1.31501	1.3146	1.31546	1.37718	1.37701	1.37731	1.37591	1.37591	1.37631	1.20403	1.20642	1.21021
E-0_20x	1.37678	1.37839	1.37692	1.37719	1.37656	1.37649	1.31606	1.31762	1.31613	1.31323	1.31318	1.31501	0	0.349663	0.423349	1.31241	1.31125	1.31326	1.37816	1.37724	1.37765	0.703069	0.71829	0.694868	0.694243	0.694201	0.695692	1.37794	1.37766	1.37768	1.37681	1.37651	1.37705	1.31585	1.31714	1.3185
E-1_20x	1.37575	1.3774	1.37593	1.37633	1.3756	1.3756	1.31405	1.3156	1.31422	1.31033	1.31037	1.31248	0.349663	0	0.374601	1.30959	1.30835	1.31012	1.37719	1.37627	1.37663	0.682183	0.697768	0.673867	0.671346	0.672885	0.671573	1.37689	1.37667	1.37663	1.37602	1.37577	1.37634	1.31364	1.31502	1.31658
E-2_20x	1.37695	1.37858	1.37716	1.37739	1.3768	1.37675	1.31702	1.31884	1.31715	1.31366	1.31372	1.31597	0.423349	0.374601	0	1.31325	1.31219	1.31401	1.37838	1.37747	1.37791	0.714219	0.729925	0.70932	0.704677	0.706295	0.706377	1.37822	1.37802	1.37792	1.37705	1.37686	1.37741	1.31689	1.31806	1.31973
F-0_20x	1.3745	1.37616	1.37479	1.3758	1.37522	1.37514	1.19883	1.20265	1.19918	0.861896	0.861625	0.876862	1.31241	1.30959	1.31325	0	0.295368	0.360807	1.37687	1.37617	1.3767	1.31234	1.31465	1.312	1.31198	1.31152	1.31207	1.3765	1.37647	1.37648	1.37538	1.37539	1.37563	1.19977	1.2016	1.20555
F-1_20x	1.37423	1.37589	1.37449	1.37552	1.37495	1.37482	1.19708	1.20101	1.19757	0.856078	0.855718	0.871637	1.31125	1.30835	1.31219	0.295368	0	0.342974	1.37674	1.37612	1.37659	1.31136	1.31376	1.31107	1.31097	1.31054	1.31119	1.37629	1.37624	1.37623	1.37513	1.37512	1.37544	1.19787	1.19971	1.2039
F-2_20x	1.37494	1.37657	1.37515	1.37642	1.37586	1.37567	1.20192	1.20577	1.20238	0.874417	0.873921	0.889789	1.31326	1.31012	1.31401	0.360807	0.342974	0	1.37751	1.37676	1.37734	1.31354	1.31575	1.31329	1.31315	1.31262	1.31351	1.3772	1.37721	1.37712	1.3759	1.37585	1.3762	1.20282	1.20486	1.20894
G-0_20x	1.27126	1.27813	1.27346	1.22308	1.21888	1.21813	1.3767	1.37755	1.37695	1.37681	1.37676	1.37753	1.37816	1.37719	1.37838	1.37687	1.37674	1.37751	0	0.362214	0.38516	1.37859	1.37914	1.37832	1.37786	1.37783	1.37789	0.986561	0.980811	0.984518	1.27231	1.27203	1.2739	1.37689	1.37724	1.37786
G-1_20x	1.26788	1.27503	1.27034	1.21851	1.21414	1.21346	1.37599	1.37689	1.37627	1.37602	1.37601	1.37675	1.37724	1.37627	1.37747	1.37617	1.37612	1.37676	0.362214	0	0.332558	1.37765	1.3782	1.37742	1.37691	1.37692	1.37696	0.975759	0.969853	0.973717	1.2695	1.26878	1.2707	1.37631	1.37664	1.3773
G-2_20x	1.26894	1.27551	1.27119	1.22076	1.2164	1.21544	1.37657	1.37743	1.37682	1.37663	1.37661	1.37727	1.37765	1.37663	1.37791	1.3767	1.37659	1.37734	0.38516	0.332558	0	1.37808	1.37857	1.37781	1.37739	1.37739	1.37746	0.980431	0.975116	0.977569	1.27086	1.27026	1.27229	1.37691	1.37721	1.37787
H-0_20x	1.37661	1.37821	1.37684	1.37702	1.37652	1.3764	1.31602	1.31799	1.31644	1.31332	1.31308	1.31513	0.703069	0.682183	0.714219	1.31234	1.31136	1.31354	1.37859	1.37765	1.37808	0	0.411344	0.357245	0.482017	0.484083	0.485141	1.37817	1.37781	1.37797	1.3767	1.3765	1.37701	1.31608	1.31746	1.31872
H-1_20x	1.37732	1.37889	1.37755	1.37769	1.37716	1.37715	1.31798	1.31974	1.31797	1.31551	1.31515	1.31728	0.71829	0.697768	0.729925	1.31465	1.31376	1.31575	1.37914	1.3782	1.37857	0.411344	0	0.398235	0.511495	0.511715	0.510758	1.37874	1.37835	1.37846	1.37738	1.37717	1.37764	1.31772	1.31901	1.32025
H-2_20x	1.37651	1.37808	1.37679	1.37679	1.37621	1.37617	1.31595	1.3179	1.31609	1.31303	1.3127	1.31486	0.694868	0.673867	0.70932	1.312	1.31107	1.31329	1.37832	1.37742	1.37781	0.357245	0.398235	0	0.472973	0.472544	0.472436	1.37768	1.37729	1.37749	1.37654	1.37626	1.37676	1.31575	1.31703	1.31845
I-0_20x	1.37638	1.37793	1.37661	1.37689	1.37628	1.37619	1.31634	1.31801	1.31627	1.31346	1.313	1.31501	0.694243	0.671346	0.704677	1.31198	1.31097	1.31315	1.37786	1.37691	1.37739	0.482017	0.511495	0.472973	0	0.331002	0.334569	1.37751	1.37715	1.37727	1.37625	1.37602	1.37659	1.31617	1.31739	1.31864
I-1_20x	1.37637	1.37785	1.37657	1.37691	1.3763	1.37626	1.3159	1.31754	1.31591	1.31296	1.31274	1.3146	0.694201	0.672885	0.706295	1.31152	1.31054	1.31262	1.37783	1.37692	1.37739	0.484083	0.511715	0.472544	0.331002	0	0.336416	1.37771	1.37737	1.37744	1.37629	1.37606	1.37659	1.31573	1.31688	1.31807
I-2_20x	1.3762	1.37778	1.37647	1.37679	1.37617	1.37615	1.31618	1.31795	1.31613	1.31336	1.31317	1.31546	0.695692	0.671573	0.706377	1.31207	1.31119	1.31351	1.37789	1.37696	1.37746	0.485141	0.510758	0.472436	0.334569	0.336416	0	1.37767	1.37735	1.37748	1.37616	1.37589	1.37649	1.31593	1.31706	1.31832
J-0_20x	1.26865	1.27532	1.27056	1.21965	1.21556	1.21425	1.37677	1.37756	1.37696	1.37645	1.37639	1.37718	1.37794	1.37689	1.37822	1.3765	1.37629	1.3772	0.986561	0.975759	0.980431	1.37817	1.37874	1.37768	1.37751	1.37771	1.37767	0	0.344985	0.363781	1.27025	1.27005	1.27166	1.37702	1.37732	1.37765
J-1_20x	1.26723	1.27388	1.26948	1.21773	1.21428	1.2125	1.37637	1.37723	1.37658	1.37636	1.37616	1.37701	1.37766	1.37667	1.37802	1.37647	1.37624	1.37721	0.980811	0.969853	0.975116	1.37781	1.37835	1.37729	1.37715	1.37737	1.37735	0.344985	0	0.336459	1.26898	1.26888	1.27074	1.3766	1.37701	1.37735
J-2_20x	1.26882	1.2756	1.27106	1.21973	1.21548	1.21413	1.37644	1.37727	1.37662	1.37654	1.37648	1.37731	1.37768	1.37663	1.37792	1.37648	1.37623	1.37712	0.984518	0.973717	0.977569	1.37797	1.37846	1.37749	1.37727	1.37744	1.37748	0.363781	0.336459	0	1.2706	1.27045	1.27201	1.37669	1.37709	1.3774
K-0_20x	1.13677	1.14999	1.13996	1.27052	1.26828	1.26792	1.3754	1.37616	1.37544	1.37507	1.37493	1.37591	1.37681	1.37602	1.37705	1.37538	1.37513	1.3759	1.27231	1.2695	1.27086	1.3767	1.37738	1.37654	1.37625	1.37629	1.37616	1.27025	1.26898	1.2706	0	0.353594	0.385437	1.37562	1.37625	1.37665
K-1_20x	1.13604	1.14973	1.13939	1.27041	1.26773	1.26727	1.37545	1.3762	1.37546	1.37508	1.37502	1.37591	1.37651	1.37577	1.37686	1.37539	1.37512	1.37585	1.27203	1.26878	1.27026	1.3765	1.37717	1.37626	1.37602	1.37606	1.37589	1.27005	1.26888	1.27045	0.353594	0	0.381856	1.37561	1.37625	1.37664
K-2_20x	1.13968	1.1534	1.14327	1.27236	1.26952	1.26875	1.3758	1.37661	1.37581	1.3755	1.37544	1.37631	1.37705	1.37634	1.37741	1.37563	1.37544	1.3762	1.2739	1.2707	1.27229	1.37701	1.37764	1.37676	1.37659	1.37659	1.37649	1.27166	1.27074	1.27201	0.385437	0.381856	0	1.376	1.37655	1.37694
L-0_20x	1.3754	1.37687	1.37581	1.37616	1.37541	1.37527	0.482978	0.51694	0.487093	1.19919	1.19954	1.20403	1.31585	1.31364	1.31689	1.19977	1.19787	1.20282	1.37689	1.37631	1.37691	1.31608	1.31772	1.31575	1.31617	1.31573	1.31593	1.37702	1.3766	1.37669	1.37562	1.37561	1.376	0	0.34862	0.388889
L-1_20x	1.37581	1.37715	1.37622	1.37675	1.37599	1.37588	0.499806	0.53095	0.503575	1.20115	1.20185	1.20642	1.31714	1.31502	1.31806	1.2016	1.19971	1.20486	1.37724	1.37664	1.37721	1.31746	1.31901	1.31703	1.31739	1.31688	1.31706	1.37732	1.37701	1.37709	1.37625	1.37625	1.37655	0.34862	0	0.411681
L-2_20x	1.37643	1.37787	1.37681	1.3773	1.37649	1.37648	0.528647	0.558183	0.531105	1.20525	1.20579	1.21021	1.3185	1.31658	1.31973	1.20555	1.2039	1.20894	1.37786	1.3773	1.37787	1.31872	1.32025	1.31845	1.31864	1.31807	1.31832	1.37765	1.37735	1.3774	1.37665	1.37664	1.37694	0.388889	0.411681	0
