	A-0_20x	A-1_20x	A-2_20x	B-0_20x	B-1_20x	B-2_20x	C-0_20x	C-1_20x	C-2_20x	D-0_20x	D-1_20x	D-2_20x	E-0_20x	E-1_20x	E-2_20x	F-0_20x	F-1_20x	F-2_20x	G-0_20x	G-1_20x	G-2_20x	H-0_20x	H-1_20x	H-2_20x	I-0_20x	I-1_20x	I-2_20x	J-0_20x	J-1_20x	J-2_20x	K-0_20x	K-1_20x	K-2_20x	L-0_20x	L-1_20x	L-2_20x
A-0_20x	0.631264	0.57546	0.597139	0.122945	0.12533	0.12615	0.0379322	0.0371301	0.0379371	0.0368864	0.0368613	0.0359957	0.0370012	0.0380439	0.0368318	0.0370065	0.0372718	0.0365913	0.124887	0.127774	0.126908	0.0378647	0.0371485	0.037977	0.0381033	0.0381175	0.0382825	0.127198	0.128378	0.127032	0.223337	0.223887	0.221242	0.0376434	0.0372437	0.0366334
A-1_20x	0.57546	0.62984	0.568767	0.117248	0.119129	0.119977	0.0365697	0.0358183	0.0365498	0.0351939	0.0351595	0.0343335	0.0353942	0.0363918	0.0352016	0.0354356	0.0357034	0.0350525	0.119058	0.121716	0.121327	0.0362401	0.0355439	0.0363721	0.0365203	0.0366007	0.0366722	0.121534	0.12273	0.121275	0.213554	0.213764	0.211075	0.0362016	0.0359166	0.0352141
A-2_20x	0.597139	0.568767	0.630655	0.121603	0.123852	0.124736	0.0374957	0.0366989	0.0375191	0.0366598	0.0366317	0.0358399	0.0368524	0.0378454	0.0366015	0.0367234	0.0370159	0.0363766	0.123008	0.125679	0.124987	0.0376183	0.0369021	0.0376826	0.0378547	0.0379006	0.0379983	0.125559	0.126452	0.125118	0.220937	0.221375	0.218548	0.0372393	0.0368264	0.0362516
B-0_20x	0.122945	0.117248	0.121603	0.625251	0.570591	0.57302	0.0368313	0.03623	0.0369245	0.035944	0.0358195	0.0351553	0.0364335	0.0372993	0.0362272	0.0356359	0.0359136	0.035057	0.163198	0.166939	0.165166	0.037279	0.0366062	0.0375215	0.0374131	0.0374029	0.0375144	0.166111	0.167634	0.166015	0.121153	0.121256	0.119679	0.0367456	0.0361717	0.0356228
B-1_20x	0.12533	0.119129	0.123852	0.570591	0.6254	0.584379	0.0375192	0.0369262	0.037616	0.0363831	0.0364101	0.0355979	0.0370474	0.0380139	0.0367976	0.0361739	0.0364376	0.0355741	0.166536	0.1704	0.168629	0.0377836	0.0371298	0.0380917	0.0380179	0.0380033	0.0381319	0.169356	0.17038	0.169387	0.122957	0.123403	0.121963	0.0374666	0.0368977	0.0363982
B-2_20x	0.12615	0.119977	0.124736	0.57302	0.584379	0.626126	0.0376653	0.0370059	0.037648	0.0366386	0.0366454	0.0359078	0.0371297	0.0380324	0.0368759	0.0362685	0.0365746	0.0357734	0.167224	0.171038	0.169483	0.0379232	0.0371611	0.0381597	0.038129	0.0380639	0.0381743	0.170493	0.171881	0.17055	0.123314	0.123846	0.122645	0.0376163	0.0370251	0.0364332
C-0_20x	0.0379322	0.0365697	0.0374957	0.0368313	0.0375192	0.0376653	0.766128	0.713938	0.725965	0.208051	0.2074	0.203197	0.104568	0.106725	0.103553	0.207155	0.208805	0.204372	0.0375249	0.0382522	0.0376832	0.106563	0.104465	0.106664	0.106243	0.106715	0.106427	0.0374939	0.0378933	0.0378139	0.0376415	0.0375956	0.0372576	0.676752	0.670132	0.658471
C-1_20x	0.0371301	0.0358183	0.0366989	0.03623	0.0369262	0.0370059	0.713938	0.765275	0.711576	0.204333	0.203863	0.199423	0.102899	0.105074	0.10162	0.203672	0.205216	0.200845	0.0366648	0.0373447	0.0368113	0.104451	0.102563	0.104564	0.104432	0.104945	0.104518	0.0366995	0.0370248	0.0369712	0.0368941	0.0368605	0.0364638	0.663374	0.657474	0.645825
C-2_20x	0.0379371	0.0365498	0.0375191	0.0369245	0.037616	0.037648	0.725965	0.711576	0.766554	0.20789	0.20748	0.203458	0.104526	0.10658	0.103448	0.206906	0.208429	0.204019	0.0372877	0.0379811	0.0374393	0.10616	0.104509	0.106548	0.106346	0.106733	0.106509	0.0373205	0.0376935	0.0376485	0.0376125	0.0375988	0.0372613	0.675411	0.66887	0.657656
D-0_20x	0.0368864	0.0351939	0.0366598	0.035944	0.0363831	0.0366386	0.208051	0.204333	0.20789	0.708898	0.666106	0.652118	0.103371	0.106326	0.102924	0.44511	0.448865	0.437285	0.035992	0.0367632	0.0361848	0.105229	0.102976	0.10554	0.105096	0.105613	0.105214	0.0363712	0.0364656	0.0362807	0.0365057	0.0365096	0.0361165	0.20706	0.20524	0.201506
D-1_20x	0.0368613	0.0351595	0.0366317	0.0358195	0.0364101	0.0366454	0.2074	0.203863	0.20748	0.666106	0.708573	0.652439	0.103397	0.106261	0.102843	0.445173	0.44898	0.437492	0.0360319	0.0367673	0.0362036	0.105439	0.103315	0.105848	0.10553	0.105806	0.10538	0.0364227	0.03664	0.0363345	0.0366348	0.0365494	0.0361597	0.206703	0.20457	0.200983
D-2_20x	0.0359957	0.0343335	0.0358399	0.0351553	0.0355979	0.0359078	0.203197	0.199423	0.203458	0.652118	0.652439	0.707924	0.101546	0.104139	0.100576	0.435597	0.439041	0.427392	0.0352819	0.0360464	0.0355585	0.103335	0.101123	0.103627	0.103462	0.103894	0.103031	0.0356543	0.035815	0.035526	0.0357093	0.0357173	0.0353449	0.202631	0.200424	0.196961
E-0_20x	0.0370012	0.0353942	0.0368524	0.0364335	0.0370474	0.0371297	0.104568	0.102899	0.104526	0.103371	0.103397	0.101546	0.794873	0.746965	0.723455	0.104071	0.105259	0.103206	0.0367487	0.0377007	0.0372935	0.609646	0.600622	0.61443	0.614706	0.614803	0.613969	0.0370167	0.037301	0.0372712	0.0369701	0.0372646	0.0367338	0.104776	0.103408	0.101959
E-1_20x	0.0380439	0.0363918	0.0378454	0.0372993	0.0380139	0.0380324	0.106725	0.105074	0.10658	0.106326	0.106261	0.104139	0.746965	0.796332	0.739588	0.106939	0.108212	0.106386	0.0377631	0.0387118	0.0383511	0.62193	0.612945	0.626646	0.627943	0.62718	0.6279	0.0381097	0.0383347	0.038366	0.0377661	0.0380199	0.037453	0.107145	0.105679	0.104034
E-2_20x	0.0368318	0.0352016	0.0366015	0.0362272	0.0367976	0.0368759	0.103553	0.10162	0.103448	0.102924	0.102843	0.100576	0.723455	0.739588	0.79446	0.103214	0.104309	0.102442	0.0365191	0.0374598	0.0370183	0.603091	0.593649	0.606055	0.608637	0.607786	0.607744	0.0367219	0.036926	0.0370215	0.0367247	0.0369083	0.0363714	0.103678	0.102436	0.100669
F-0_20x	0.0370065	0.0354356	0.0367234	0.0356359	0.0361739	0.0362685	0.207155	0.203672	0.206906	0.44511	0.445173	0.435597	0.104071	0.106939	0.103214	0.70737	0.67684	0.661134	0.0358923	0.0365869	0.0360859	0.106097	0.10373	0.106458	0.10647	0.106938	0.106393	0.0362886	0.0363213	0.0363021	0.0361899	0.0361854	0.0359533	0.206324	0.20462	0.20103
F-1_20x	0.0372718	0.0357034	0.0370159	0.0359136	0.0364376	0.0365746	0.208805	0.205216	0.208429	0.448865	0.44898	0.439041	0.105259	0.108212	0.104309	0.67684	0.708052	0.665892	0.0360327	0.036651	0.0362051	0.107132	0.104674	0.107448	0.107528	0.107978	0.107322	0.0365055	0.0365578	0.03655	0.0364303	0.0364474	0.0361444	0.208097	0.206386	0.20259
F-2_20x	0.0365913	0.0350525	0.0363766	0.035057	0.0355741	0.0357734	0.204372	0.200845	0.204019	0.437285	0.437492	0.427392	0.103206	0.106386	0.102442	0.661134	0.665892	0.706958	0.0352769	0.0360126	0.0354628	0.104864	0.102599	0.105135	0.105264	0.105811	0.104913	0.0356119	0.0356001	0.0356802	0.0356999	0.0357484	0.0354201	0.203568	0.20167	0.197959
G-0_20x	0.124887	0.119058	0.123008	0.163198	0.166536	0.167224	0.0375249	0.0366648	0.0372877	0.035992	0.0360319	0.0352819	0.0367487	0.0377631	0.0365191	0.0358923	0.0360327	0.0352769	0.670574	0.627061	0.62134	0.0370006	0.036419	0.0372869	0.0377521	0.0377871	0.0377261	0.344652	0.348469	0.34594	0.123988	0.124237	0.122669	0.0373357	0.0369675	0.0363389
G-1_20x	0.127774	0.121716	0.125679	0.166939	0.1704	0.171038	0.0382522	0.0373447	0.0379811	0.0367632	0.0367673	0.0360464	0.0377007	0.0387118	0.0374598	0.0365869	0.036651	0.0360126	0.627061	0.671593	0.634489	0.0379919	0.0374147	0.0382344	0.0387547	0.0387489	0.0387077	0.352035	0.355915	0.353306	0.126405	0.127013	0.125411	0.0379296	0.0375915	0.0369228
G-2_20x	0.126908	0.121327	0.124987	0.165166	0.168629	0.169483	0.0376832	0.0368113	0.0374393	0.0361848	0.0362036	0.0355585	0.0372935	0.0383511	0.0370183	0.0360859	0.0362051	0.0354628	0.62134	0.634489	0.671665	0.037557	0.0370305	0.0378422	0.0382638	0.0382647	0.0381957	0.348983	0.352495	0.3508	0.125288	0.125795	0.124101	0.0373406	0.0370318	0.0363631
H-0_20x	0.0378647	0.0362401	0.0376183	0.037279	0.0377836	0.0379232	0.106563	0.104451	0.10616	0.105229	0.105439	0.103335	0.609646	0.62193	0.603091	0.106097	0.107132	0.104864	0.0370006	0.0379919	0.037557	0.824981	0.754855	0.772517	0.729222	0.728486	0.728069	0.037471	0.0378508	0.0376771	0.0377689	0.0379697	0.0374617	0.106501	0.105013	0.103643
H-1_20x	0.0371485	0.0355439	0.0369021	0.0366062	0.0371298	0.0371611	0.104465	0.102563	0.104509	0.102976	0.103315	0.101123	0.600622	0.612945	0.593649	0.10373	0.104674	0.102599	0.036419	0.0374147	0.0370305	0.754855	0.824257	0.759407	0.716826	0.716819	0.717228	0.0368721	0.0372714	0.0371578	0.037073	0.0372877	0.0368157	0.104741	0.103341	0.101995
H-2_20x	0.037977	0.0363721	0.0376826	0.0375215	0.0380917	0.0381597	0.106664	0.104564	0.106548	0.10554	0.105848	0.103627	0.61443	0.626646	0.606055	0.106458	0.107448	0.105135	0.0372869	0.0382344	0.0378422	0.772517	0.759407	0.825364	0.732955	0.73321	0.733259	0.0379822	0.0383849	0.0381785	0.0379338	0.0382173	0.0377159	0.10687	0.105489	0.103948
I-0_20x	0.0381033	0.0365203	0.0378547	0.0374131	0.0380179	0.038129	0.106243	0.104432	0.106346	0.105096	0.10553	0.103462	0.614706	0.627943	0.608637	0.10647	0.107528	0.105264	0.0377521	0.0387547	0.0382638	0.729222	0.716826	0.732955	0.82516	0.78005	0.779077	0.038152	0.0385323	0.0383946	0.0382174	0.0384565	0.0378831	0.106414	0.1051	0.103738
I-1_20x	0.0381175	0.0366007	0.0379006	0.0374029	0.0380033	0.0380639	0.106715	0.104945	0.106733	0.105613	0.105806	0.103894	0.614803	0.62718	0.607786	0.106938	0.107978	0.105811	0.0377871	0.0387489	0.0382647	0.728486	0.716819	0.73321	0.78005	0.825358	0.778659	0.0379605	0.0383096	0.0382211	0.0381889	0.0384159	0.0378903	0.106893	0.105645	0.104346
I-2_20x	0.0382825	0.0366722	0.0379983	0.0375144	0.0381319	0.0381743	0.106427	0.104518	0.106509	0.105214	0.10538	0.103031	0.613969	0.6279	0.607744	0.106393	0.107322	0.104913	0.0377261	0.0387077	0.0381957	0.728069	0.717228	0.733259	0.779077	0.778659	0.825372	0.0379966	0.0383255	0.0381811	0.0383091	0.0385884	0.0379806	0.106683	0.105452	0.104085
J-0_20x	0.127198	0.121534	0.125559	0.166111	0.169356	0.170493	0.0374939	0.0366995	0.0373205	0.0363712	0.0364227	0.0356543	0.0370167	0.0381097	0.0367219	0.0362886	0.0365055	0.0356119	0.344652	0.352035	0.348983	0.037471	0.0368721	0.0379822	0.038152	0.0379605	0.0379966	0.672185	0.632222	0.627592	0.125842	0.126022	0.124671	0.0372527	0.0369391	0.0365949
J-1_20x	0.128378	0.12273	0.126452	0.167634	0.17038	0.171881	0.0378933	0.0370248	0.0376935	0.0364656	0.03664	0.035815	0.037301	0.0383347	0.036926	0.0363213	0.0365578	0.0356001	0.348469	0.355915	0.352495	0.0378508	0.0372714	0.0383849	0.0385323	0.0383096	0.0383255	0.632222	0.672262	0.634057	0.126899	0.126995	0.125444	0.037663	0.0372415	0.0368888
J-2_20x	0.127032	0.121275	0.125118	0.166015	0.169387	0.17055	0.0378139	0.0369712	0.0376485	0.0362807	0.0363345	0.035526	0.0372712	0.038366	0.0370215	0.0363021	0.03655	0.0356802	0.34594	0.353306	0.3508	0.0376771	0.0371578	0.0381785	0.0383946	0.0382211	0.0381811	0.627592	0.634057	0.671936	0.125532	0.125668	0.12436	0.0375714	0.0371542	0.0368326
K-0_20x	0.223337	0.213554	0.220937	0.121153	0.122957	0.123314	0.0376415	0.0368941	0.0376125	0.0365057	0.0366348	0.0357093	0.0369701	0.0377661	0.0367247	0.0361899	0.0364303	0.0356999	0.123988	0.126405	0.125288	0.0377689	0.037073	0.0379338	0.0382174	0.0381889	0.0383091	0.125842	0.126899	0.125532	0.630958	0.59158	0.58408	0.0374327	0.0368119	0.0364146
K-1_20x	0.223887	0.213764	0.221375	0.121256	0.123403	0.123846	0.0375956	0.0368605	0.0375988	0.0365096	0.0365494	0.0357173	0.0372646	0.0380199	0.0369083	0.0361854	0.0364474	0.0357484	0.124237	0.127013	0.125795	0.0379697	0.0372877	0.0382173	0.0384565	0.0384159	0.0385884	0.126022	0.126995	0.125668	0.59158	0.631099	0.585012	0.0374405	0.0368169	0.0364242
K-2_20x	0.221242	0.211075	0.218548	0.119679	0.121963	0.122645	0.0372576	0.0364638	0.0372613	0.0361165	0.0361597	0.0353449	0.0367338	0.037453	0.0363714	0.0359533	0.0361444	0.0354201	0.122669	0.125411	0.124101	0.0374617	0.0368157	0.0377159	0.0378831	0.0378903	0.0379806	0.124671	0.125444	0.12436	0.58408	0.585012	0.630937	0.0370633	0.0365266	0.0361312
L-0_20x	0.0376434	0.0362016	0.0372393	0.0367456	0.0374666	0.0376163	0.676752	0.663374	0.675411	0.20706	0.206703	0.202631	0.104776	0.107145	0.103678	0.206324	0.208097	0.203568	0.0373357	0.0379296	0.0373406	0.106501	0.104741	0.10687	0.106414	0.106893	0.106683	0.0372527	0.037663	0.0375714	0.0374327	0.0374405	0.0370633	0.766083	0.719224	0.707526
L-1_20x	0.0372437	0.0359166	0.0368264	0.0361717	0.0368977	0.0370251	0.670132	0.657474	0.66887	0.20524	0.20457	0.200424	0.103408	0.105679	0.102436	0.20462	0.206386	0.20167	0.0369675	0.0375915	0.0370318	0.105013	0.103341	0.105489	0.1051	0.105645	0.105452	0.0369391	0.0372415	0.0371542	0.0368119	0.0368169	0.0365266	0.719224	0.765433	0.700246
L-2_20x	0.0366334	0.0352141	0.0362516	0.0356228	0.0363982	0.0364332	0.658471	0.645825	0.657656	0.201506	0.200983	0.196961	0.101959	0.104034	0.100669	0.20103	0.20259	0.197959	0.0363389	0.0369228	0.0363631	0.103643	0.101995	0.103948	0.103738	0.104346	0.104085	0.0365949	0.0368888	0.0368326	0.0364146	0.0364242	0.0361312	0.707526	0.700246	0.764725
