	A-0_5x	A-1_5x	A-2_5x	B-0_5x	B-1_5x	B-2_5x	C-0_5x	C-1_5x	C-2_5x	D-0_5x	D-1_5x	D-2_5x	E-0_5x	E-1_5x	E-2_5x	F-0_5x	F-1_5x	F-2_5x	G-0_5x	G-1_5x	G-2_5x	H-0_5x	H-1_5x	H-2_5x	I-0_5x	I-1_5x	I-2_5x	J-0_5x	J-1_5x	J-2_5x	K-0_5x	K-1_5x	K-2_5x	L-0_5x	L-1_5x	L-2_5x
A-0_5x	0	0.685812	0.773472	1.3276	1.32931	1.34233	1.39118	1.39129	1.39116	1.39116	1.39119	1.39132	1.391	1.39096	1.39255	1.39479	1.39161	1.39211	1.32998	1.33453	1.33033	1.39077	1.39141	1.39118	1.39066	1.39105	1.39049	1.33181	1.3328	1.32993	1.25184	1.24238	1.24664	1.39047	1.39108	1.39054
A-1_5x	0.685812	0	0.692288	1.31886	1.3208	1.33519	1.38861	1.38863	1.38865	1.38882	1.38884	1.38909	1.3887	1.38855	1.39064	1.39296	1.38948	1.38984	1.32221	1.32689	1.32262	1.38825	1.38909	1.38877	1.38812	1.38841	1.38794	1.32367	1.3254	1.32217	1.23484	1.22529	1.23018	1.38794	1.38852	1.38797
A-2_5x	0.773472	0.692288	0	1.32721	1.32918	1.34198	1.39106	1.39107	1.391	1.39051	1.3906	1.39096	1.39085	1.39081	1.39222	1.39455	1.39171	1.39196	1.33049	1.33529	1.33039	1.39065	1.39125	1.39081	1.39012	1.39056	1.39029	1.33191	1.33309	1.33002	1.25103	1.24298	1.24738	1.39046	1.39106	1.39025
B-0_5x	1.3276	1.31886	1.32721	0	0.577803	0.778601	1.38825	1.38859	1.38868	1.38815	1.38867	1.38838	1.38831	1.38807	1.39	1.39304	1.38935	1.39024	1.28312	1.28946	1.28389	1.38753	1.38823	1.38766	1.38738	1.38775	1.38721	1.28554	1.28725	1.28242	1.32186	1.31789	1.32007	1.38737	1.38834	1.38765
B-1_5x	1.32931	1.3208	1.32918	0.577803	0	0.793555	1.38877	1.38924	1.38928	1.38888	1.38932	1.38911	1.38892	1.38871	1.39068	1.39358	1.38992	1.39099	1.28655	1.2913	1.28661	1.3884	1.38897	1.38851	1.38817	1.38855	1.38802	1.28808	1.29017	1.28508	1.32458	1.31967	1.3221	1.38795	1.38869	1.38811
B-2_5x	1.34233	1.33519	1.34198	0.778601	0.793555	0	1.39287	1.39317	1.39322	1.39309	1.39345	1.39321	1.3928	1.39276	1.39436	1.39687	1.39368	1.39478	1.30751	1.31286	1.30819	1.39219	1.39306	1.39237	1.39224	1.39241	1.39189	1.30833	1.30976	1.30626	1.34018	1.33611	1.33804	1.39227	1.39268	1.3922
C-0_5x	1.39118	1.38861	1.39106	1.38825	1.38877	1.39287	0	0.683808	0.696949	1.27692	1.27842	1.27918	1.34819	1.34781	1.35281	1.30182	1.28122	1.28551	1.38866	1.39013	1.38882	1.34675	1.34835	1.34658	1.34587	1.34701	1.34634	1.3898	1.38973	1.38881	1.38941	1.38838	1.38894	0.7449	0.765097	0.745174
C-1_5x	1.39129	1.38863	1.39107	1.38859	1.38924	1.39317	0.683808	0	0.71093	1.27731	1.2796	1.28049	1.34822	1.34831	1.35276	1.30271	1.28234	1.28732	1.38916	1.39039	1.38916	1.34735	1.34959	1.34787	1.34685	1.34797	1.34707	1.39003	1.39004	1.3892	1.38968	1.38889	1.38942	0.754033	0.775776	0.754448
C-2_5x	1.39116	1.38865	1.391	1.38868	1.38928	1.39322	0.696949	0.71093	0	1.27762	1.27973	1.28004	1.3487	1.34907	1.35325	1.30245	1.28237	1.28802	1.38928	1.39062	1.38943	1.34756	1.34938	1.34787	1.34712	1.34782	1.34752	1.39044	1.39003	1.3893	1.38991	1.38886	1.38937	0.764661	0.781296	0.756188
D-0_5x	1.39116	1.38882	1.39051	1.38815	1.38888	1.39309	1.27692	1.27731	1.27762	0	0.680667	0.684187	1.34716	1.34622	1.35119	1.11524	1.05162	1.06664	1.38927	1.39023	1.38948	1.34678	1.34754	1.3459	1.34497	1.34614	1.34592	1.38993	1.39042	1.38937	1.38973	1.38869	1.38922	1.27118	1.27606	1.2716
D-1_5x	1.39119	1.38884	1.3906	1.38867	1.38932	1.39345	1.27842	1.2796	1.27973	0.680667	0	0.697203	1.34847	1.34716	1.35261	1.11934	1.058	1.07002	1.38965	1.39073	1.38987	1.34762	1.34845	1.34694	1.34564	1.34713	1.34666	1.39008	1.39042	1.38959	1.38981	1.3888	1.38953	1.27325	1.27789	1.27347
D-2_5x	1.39132	1.38909	1.39096	1.38838	1.38911	1.39321	1.27918	1.28049	1.28004	0.684187	0.697203	0	1.34828	1.34741	1.35259	1.11851	1.0542	1.0714	1.38946	1.39077	1.38965	1.34777	1.34881	1.34752	1.34626	1.34786	1.34746	1.39001	1.3904	1.38939	1.38977	1.38869	1.38914	1.27354	1.27865	1.27457
E-0_5x	1.391	1.3887	1.39085	1.38831	1.38892	1.3928	1.34819	1.34822	1.3487	1.34716	1.34847	1.34828	0	0.650832	0.740743	1.36009	1.34876	1.35157	1.38864	1.3897	1.38882	0.891911	0.906312	0.898112	0.879413	0.892072	0.882417	1.38966	1.3898	1.38899	1.38953	1.38803	1.38894	1.34619	1.34764	1.34528
E-1_5x	1.39096	1.38855	1.39081	1.38807	1.38871	1.39276	1.34781	1.34831	1.34907	1.34622	1.34716	1.34741	0.650832	0	0.737295	1.35881	1.34738	1.35046	1.38863	1.38976	1.38858	0.892306	0.90386	0.891737	0.876451	0.8914	0.881661	1.38935	1.38963	1.38871	1.3897	1.3882	1.38901	1.34592	1.34807	1.34562
E-2_5x	1.39255	1.39064	1.39222	1.39	1.39068	1.39436	1.35281	1.35276	1.35325	1.35119	1.35261	1.35259	0.740743	0.737295	0	1.36321	1.35274	1.3558	1.39065	1.39187	1.39093	0.938807	0.954114	0.947225	0.928457	0.939742	0.934954	1.39164	1.3915	1.39051	1.39139	1.39011	1.39089	1.35023	1.35191	1.35007
F-0_5x	1.39479	1.39296	1.39455	1.39304	1.39358	1.39687	1.30182	1.30271	1.30245	1.11524	1.11934	1.11851	1.36009	1.35881	1.36321	0	0.860702	0.891061	1.39363	1.39505	1.39403	1.35853	1.35995	1.35863	1.3573	1.35891	1.35835	1.39417	1.39452	1.39337	1.39407	1.3929	1.39325	1.29745	1.30027	1.29725
F-1_5x	1.39161	1.38948	1.39171	1.38935	1.38992	1.39368	1.28122	1.28234	1.28237	1.05162	1.058	1.0542	1.34876	1.34738	1.35274	0.860702	0	0.758291	1.39025	1.39149	1.39049	1.34799	1.34846	1.34758	1.34575	1.34791	1.34734	1.39077	1.39111	1.39012	1.39062	1.38941	1.39003	1.27625	1.27976	1.2761
F-2_5x	1.39211	1.38984	1.39196	1.39024	1.39099	1.39478	1.28551	1.28732	1.28802	1.06664	1.07002	1.0714	1.35157	1.35046	1.3558	0.891061	0.758291	0	1.3909	1.39181	1.39091	1.35118	1.35132	1.35086	1.34924	1.3508	1.35027	1.39176	1.39236	1.39104	1.39135	1.3901	1.39055	1.28048	1.28499	1.28284
G-0_5x	1.32998	1.32221	1.33049	1.28312	1.28655	1.30751	1.38866	1.38916	1.38928	1.38927	1.38965	1.38946	1.38864	1.38863	1.39065	1.39363	1.39025	1.3909	0	0.657264	0.594543	1.38835	1.38907	1.38888	1.38783	1.38849	1.38807	1.11767	1.11726	1.10429	1.3256	1.32102	1.32379	1.3879	1.38888	1.38793
G-1_5x	1.33453	1.32689	1.33529	1.28946	1.2913	1.31286	1.39013	1.39039	1.39062	1.39023	1.39073	1.39077	1.3897	1.38976	1.39187	1.39505	1.39149	1.39181	0.657264	0	0.657548	1.38938	1.39004	1.38988	1.38905	1.38965	1.3893	1.13099	1.13231	1.12109	1.32974	1.32519	1.3279	1.38937	1.39049	1.3895
G-2_5x	1.33033	1.32262	1.33039	1.28389	1.28661	1.30819	1.38882	1.38916	1.38943	1.38948	1.38987	1.38965	1.38882	1.38858	1.39093	1.39403	1.39049	1.39091	0.594543	0.657548	0	1.3882	1.38892	1.38884	1.38796	1.38856	1.388	1.11754	1.11842	1.10636	1.32595	1.32097	1.32328	1.38812	1.38911	1.38804
H-0_5x	1.39077	1.38825	1.39065	1.38753	1.3884	1.39219	1.34675	1.34735	1.34756	1.34678	1.34762	1.34777	0.891911	0.892306	0.938807	1.35853	1.34799	1.35118	1.38835	1.38938	1.3882	0	0.658133	0.639938	0.702834	0.722521	0.715175	1.38901	1.38897	1.38839	1.38914	1.38759	1.38848	1.34458	1.34659	1.34411
H-1_5x	1.39141	1.38909	1.39125	1.38823	1.38897	1.39306	1.34835	1.34959	1.34938	1.34754	1.34845	1.34881	0.906312	0.90386	0.954114	1.35995	1.34846	1.35132	1.38907	1.39004	1.38892	0.658133	0	0.664262	0.724253	0.746874	0.733976	1.38965	1.38965	1.38901	1.38981	1.38848	1.38922	1.34653	1.34837	1.34622
H-2_5x	1.39118	1.38877	1.39081	1.38766	1.38851	1.39237	1.34658	1.34787	1.34787	1.3459	1.34694	1.34752	0.898112	0.891737	0.947225	1.35863	1.34758	1.35086	1.38888	1.38988	1.38884	0.639938	0.664262	0	0.712145	0.73035	0.718858	1.38923	1.38932	1.38858	1.3894	1.38806	1.38864	1.34493	1.34652	1.34438
I-0_5x	1.39066	1.38812	1.39012	1.38738	1.38817	1.39224	1.34587	1.34685	1.34712	1.34497	1.34564	1.34626	0.879413	0.876451	0.928457	1.3573	1.34575	1.34924	1.38783	1.38905	1.38796	0.702834	0.724253	0.712145	0	0.606214	0.598337	1.38869	1.38899	1.38792	1.38862	1.38727	1.38803	1.34365	1.34595	1.34312
I-1_5x	1.39105	1.38841	1.39056	1.38775	1.38855	1.39241	1.34701	1.34797	1.34782	1.34614	1.34713	1.34786	0.892072	0.8914	0.939742	1.35891	1.34791	1.3508	1.38849	1.38965	1.38856	0.722521	0.746874	0.73035	0.606214	0	0.618967	1.38922	1.38941	1.38846	1.38924	1.38779	1.38869	1.34491	1.34664	1.34423
I-2_5x	1.39049	1.38794	1.39029	1.38721	1.38802	1.39189	1.34634	1.34707	1.34752	1.34592	1.34666	1.34746	0.882417	0.881661	0.934954	1.35835	1.34734	1.35027	1.38807	1.3893	1.388	0.715175	0.733976	0.718858	0.598337	0.618967	0	1.38869	1.38915	1.38822	1.38864	1.38737	1.38817	1.34406	1.3459	1.34356
J-0_5x	1.33181	1.32367	1.33191	1.28554	1.28808	1.30833	1.3898	1.39003	1.39044	1.38993	1.39008	1.39001	1.38966	1.38935	1.39164	1.39417	1.39077	1.39176	1.11767	1.13099	1.11754	1.38901	1.38965	1.38923	1.38869	1.38922	1.38869	0	0.672611	0.634677	1.32705	1.32297	1.32443	1.38896	1.38996	1.38892
J-1_5x	1.3328	1.3254	1.33309	1.28725	1.29017	1.30976	1.38973	1.39004	1.39003	1.39042	1.39042	1.3904	1.3898	1.38963	1.3915	1.39452	1.39111	1.39236	1.11726	1.13231	1.11842	1.38897	1.38965	1.38932	1.38899	1.38941	1.38915	0.672611	0	0.63608	1.32777	1.32427	1.32639	1.38883	1.38981	1.38892
J-2_5x	1.32993	1.32217	1.33002	1.28242	1.28508	1.30626	1.38881	1.3892	1.3893	1.38937	1.38959	1.38939	1.38899	1.38871	1.39051	1.39337	1.39012	1.39104	1.10429	1.12109	1.10636	1.38839	1.38901	1.38858	1.38792	1.38846	1.38822	0.634677	0.63608	0	1.32461	1.32085	1.32289	1.38799	1.38905	1.38798
K-0_5x	1.25184	1.23484	1.25103	1.32186	1.32458	1.34018	1.38941	1.38968	1.38991	1.38973	1.38981	1.38977	1.38953	1.3897	1.39139	1.39407	1.39062	1.39135	1.3256	1.32974	1.32595	1.38914	1.38981	1.3894	1.38862	1.38924	1.38864	1.32705	1.32777	1.32461	0	0.60985	0.642758	1.38884	1.38975	1.38877
K-1_5x	1.24238	1.22529	1.24298	1.31789	1.31967	1.33611	1.38838	1.38889	1.38886	1.38869	1.3888	1.38869	1.38803	1.3882	1.39011	1.3929	1.38941	1.3901	1.32102	1.32519	1.32097	1.38759	1.38848	1.38806	1.38727	1.38779	1.38737	1.32297	1.32427	1.32085	0.60985	0	0.578666	1.38782	1.38882	1.38791
K-2_5x	1.24664	1.23018	1.24738	1.32007	1.3221	1.33804	1.38894	1.38942	1.38937	1.38922	1.38953	1.38914	1.38894	1.38901	1.39089	1.39325	1.39003	1.39055	1.32379	1.3279	1.32328	1.38848	1.38922	1.38864	1.38803	1.38869	1.38817	1.32443	1.32639	1.32289	0.642758	0.578666	0	1.38838	1.38913	1.38847
L-0_5x	1.39047	1.38794	1.39046	1.38737	1.38795	1.39227	0.7449	0.754033	0.764661	1.27118	1.27325	1.27354	1.34619	1.34592	1.35023	1.29745	1.27625	1.28048	1.3879	1.38937	1.38812	1.34458	1.34653	1.34493	1.34365	1.34491	1.34406	1.38896	1.38883	1.38799	1.38884	1.38782	1.38838	0	0.629637	0.596669
L-1_5x	1.39108	1.38852	1.39106	1.38834	1.38869	1.39268	0.765097	0.775776	0.781296	1.27606	1.27789	1.27865	1.34764	1.34807	1.35191	1.30027	1.27976	1.28499	1.38888	1.39049	1.38911	1.34659	1.34837	1.34652	1.34595	1.34664	1.3459	1.38996	1.38981	1.38905	1.38975	1.38882	1.38913	0.629637	0	0.624209
L-2_5x	1.39054	1.38797	1.39025	1.38765	1.38811	1.3922	0.745174	0.754448	0.756188	1.2716	1.27347	1.27457	1.34528	1.34562	1.35007	1.29725	1.2761	1.28284	1.38793	1.3895	1.38804	1.34411	1.34622	1.34438	1.34312	1.34423	1.34356	1.38892	1.38892	1.38798	1.38877	1.38791	1.38847	0.596669	0.624209	0
