	A-0_5x	A-1_5x	A-2_5x	B-0_5x	B-1_5x	B-2_5x	C-0_5x	C-1_5x	C-2_5x	D-0_5x	D-1_5x	D-2_5x	E-0_5x	E-1_5x	E-2_5x	F-0_5x	F-1_5x	F-2_5x	G-0_5x	G-1_5x	G-2_5x	H-0_5x	H-1_5x	H-2_5x	I-0_5x	I-1_5x	I-2_5x	J-0_5x	J-1_5x	J-2_5x	K-0_5x	K-1_5x	K-2_5x	L-0_5x	L-1_5x	L-2_5x
A-0_5x	0.583774	0.452415	0.418721	0.0987627	0.0969695	0.0833748	0.0287696	0.0285888	0.0287796	0.0280071	0.0280162	0.0278529	0.0293203	0.0293708	0.0273723	0.0235865	0.0273135	0.0268177	0.0998522	0.0946912	0.0995144	0.029894	0.0291024	0.0293798	0.0300569	0.0295491	0.0302583	0.0976878	0.0965793	0.0997945	0.167727	0.176501	0.172516	0.0296295	0.0288813	0.0295447
A-1_5x	0.452415	0.582309	0.450471	0.108052	0.106024	0.0910982	0.0318889	0.0318571	0.0318662	0.0307895	0.030814	0.0304975	0.0321307	0.0323191	0.029718	0.0258076	0.0298483	0.0295045	0.108566	0.103275	0.108127	0.03306	0.0319894	0.0324019	0.0332378	0.0328654	0.033466	0.106839	0.104789	0.108444	0.18322	0.192013	0.187533	0.0326894	0.0319964	0.0326705
A-2_5x	0.418721	0.450471	0.584896	0.0992024	0.0970777	0.0837368	0.028891	0.028867	0.0289805	0.0288226	0.0287757	0.0283205	0.029474	0.0294914	0.027759	0.0239497	0.0272594	0.0270413	0.0992836	0.0938055	0.0994528	0.0300118	0.0292456	0.0298304	0.03073	0.0301626	0.0304968	0.0976641	0.0962322	0.0997548	0.168487	0.176006	0.171839	0.029597	0.028895	0.0298987
B-0_5x	0.0987627	0.108052	0.0992024	0.571154	0.478783	0.41312	0.0323346	0.0319085	0.0317808	0.031453	0.0308353	0.0312345	0.032574	0.0328605	0.0304594	0.0256622	0.0299714	0.0289517	0.146686	0.140154	0.145872	0.0339499	0.0330286	0.03377	0.034125	0.0336934	0.0343629	0.144203	0.142382	0.147263	0.105059	0.109436	0.106948	0.0333524	0.032174	0.0330362
B-1_5x	0.0969695	0.106024	0.0970777	0.478783	0.570175	0.406286	0.031702	0.0311211	0.0310395	0.030613	0.0300769	0.0303485	0.0317946	0.0320395	0.0296007	0.0250169	0.0292815	0.0280385	0.142999	0.138201	0.142979	0.0328746	0.0321189	0.0327048	0.0331177	0.0326634	0.0333236	0.141491	0.13929	0.144508	0.102178	0.107552	0.104856	0.0326611	0.0317718	0.0324932
B-2_5x	0.0833748	0.0910982	0.0837368	0.41312	0.406286	0.584302	0.0266967	0.0263313	0.0262369	0.0256421	0.0251786	0.0255295	0.027	0.0270329	0.025031	0.0211298	0.0249071	0.0236089	0.121784	0.116065	0.121025	0.0281286	0.0269565	0.0278462	0.02802	0.0278128	0.0284672	0.121018	0.119414	0.123143	0.0857391	0.0902849	0.0880709	0.0273943	0.0268853	0.0275002
C-0_5x	0.0287696	0.0318889	0.028891	0.0323346	0.031702	0.0266967	0.731208	0.566599	0.561076	0.166661	0.164967	0.164105	0.0867016	0.0871488	0.0807916	0.138089	0.16137	0.156611	0.0322313	0.0304262	0.0320086	0.0891807	0.0871041	0.0894506	0.0903606	0.0888927	0.0897323	0.030809	0.0308872	0.0320364	0.031034	0.032286	0.0315949	0.548683	0.537223	0.548289
C-1_5x	0.0285888	0.0318571	0.028867	0.0319085	0.0311211	0.0263313	0.566599	0.730595	0.554037	0.1662	0.163567	0.162582	0.0866138	0.0864483	0.0808162	0.137103	0.160073	0.154504	0.0315697	0.0300632	0.0315571	0.088443	0.0855124	0.0877625	0.0890803	0.0876171	0.0887722	0.0305011	0.0304979	0.0315111	0.0307503	0.0316961	0.0310215	0.543909	0.531381	0.54344
C-2_5x	0.0287796	0.0318662	0.0289805	0.0317808	0.0310395	0.0262369	0.561076	0.554037	0.732037	0.165886	0.1635	0.163171	0.0860268	0.0854747	0.0801559	0.137451	0.160125	0.153808	0.0314313	0.029828	0.0312559	0.0881489	0.085769	0.0878024	0.0887355	0.0878595	0.0882062	0.0299985	0.0305135	0.0314455	0.0304387	0.0317299	0.0311055	0.538414	0.528959	0.543215
D-0_5x	0.0280071	0.0307895	0.0288226	0.031453	0.030613	0.0256421	0.166661	0.1662	0.165886	0.660712	0.514046	0.512914	0.0867843	0.0879137	0.0817081	0.292701	0.341033	0.330053	0.0306599	0.0295214	0.0303754	0.0880068	0.087089	0.0891781	0.0903251	0.0888738	0.0890822	0.0298935	0.0292935	0.030598	0.02989	0.0311158	0.0304592	0.173202	0.167689	0.172805
D-1_5x	0.0280162	0.030814	0.0287757	0.0308353	0.0300769	0.0251786	0.164967	0.163567	0.1635	0.514046	0.66041	0.506937	0.0851937	0.0867998	0.0799643	0.289276	0.336142	0.327502	0.0302125	0.0289303	0.029897	0.0869719	0.0859682	0.0878933	0.0895157	0.087663	0.0881967	0.0297583	0.0293278	0.0303242	0.0298064	0.0309884	0.0300876	0.170909	0.165698	0.170715
D-2_5x	0.0278529	0.0304975	0.0283205	0.0312345	0.0303485	0.0255295	0.164105	0.162582	0.163171	0.512914	0.506937	0.661657	0.0854331	0.0864759	0.0799616	0.2902	0.339017	0.326208	0.0304918	0.0289222	0.0302327	0.0867683	0.0854681	0.087122	0.0887341	0.0867393	0.0871937	0.0298535	0.0293761	0.0306137	0.0298293	0.0311118	0.0305649	0.170477	0.164707	0.16943
E-0_5x	0.0293203	0.0321307	0.029474	0.032574	0.0317946	0.027	0.0867016	0.0866138	0.0860268	0.0867843	0.0851937	0.0854331	0.76123	0.606605	0.562172	0.0704504	0.0846833	0.081114	0.0324888	0.0311961	0.0322814	0.510166	0.499604	0.50565	0.519235	0.510007	0.51699	0.0311949	0.0310075	0.032052	0.031198	0.0330521	0.0319012	0.0891494	0.0873599	0.090392
E-1_5x	0.0293708	0.0323191	0.0294914	0.0328605	0.0320395	0.0270329	0.0871488	0.0864483	0.0854747	0.0879137	0.0867998	0.0864759	0.606605	0.762316	0.563779	0.0720571	0.0863834	0.0825076	0.0324815	0.0311089	0.0325614	0.509712	0.501329	0.510296	0.521477	0.510483	0.517522	0.0315551	0.0312014	0.0323661	0.030953	0.0328312	0.0317742	0.0894878	0.0867566	0.089923
E-2_5x	0.0273723	0.029718	0.027759	0.0304594	0.0296007	0.025031	0.0807916	0.0808162	0.0801559	0.0817081	0.0799643	0.0799616	0.562172	0.563779	0.763091	0.0664718	0.0796921	0.0757573	0.0298938	0.0284029	0.0295532	0.475765	0.463803	0.46923	0.483841	0.475053	0.478734	0.0286472	0.0288174	0.0300621	0.0288542	0.0304397	0.029406	0.0840309	0.081916	0.084273
F-0_5x	0.0235865	0.0258076	0.0239497	0.0256622	0.0250169	0.0211298	0.138089	0.137103	0.137451	0.292701	0.289276	0.2902	0.0704504	0.0720571	0.0664718	0.659452	0.425504	0.409045	0.0254428	0.0236878	0.0248798	0.0730071	0.0711847	0.0729105	0.0746316	0.0725213	0.0732904	0.0247496	0.0243211	0.0257411	0.0246238	0.0260325	0.0256103	0.143264	0.140017	0.14357
F-1_5x	0.0273135	0.0298483	0.0272594	0.0299714	0.0292815	0.0249071	0.16137	0.160073	0.160125	0.341033	0.336142	0.339017	0.0846833	0.0863834	0.0796921	0.425504	0.649668	0.472284	0.0294127	0.0279593	0.0290876	0.086356	0.0858441	0.0869383	0.0892757	0.0864997	0.0871942	0.0288473	0.0284347	0.029618	0.028631	0.030073	0.0293187	0.167012	0.163015	0.167255
F-2_5x	0.0268177	0.0295045	0.0270413	0.0289517	0.0280385	0.0236089	0.156611	0.154504	0.153808	0.330053	0.327502	0.326208	0.081114	0.0825076	0.0757573	0.409045	0.472284	0.651614	0.0286617	0.0276139	0.0286476	0.0822933	0.0821464	0.0827597	0.0848192	0.0828312	0.0834733	0.0276287	0.0268659	0.0285024	0.0278432	0.0293178	0.028726	0.162367	0.157187	0.15969
G-0_5x	0.0998522	0.108566	0.0992836	0.146686	0.142999	0.121784	0.0322313	0.0315697	0.0314313	0.0306599	0.0302125	0.0304918	0.0324888	0.0324815	0.0298938	0.0254428	0.0294127	0.0286617	0.632439	0.501409	0.524821	0.0331893	0.0322578	0.0325249	0.0338693	0.0330421	0.0335402	0.288588	0.288532	0.299175	0.104966	0.110163	0.107066	0.0331756	0.0319434	0.0331343
G-1_5x	0.0946912	0.103275	0.0938055	0.140154	0.138201	0.116065	0.0304262	0.0300632	0.029828	0.0295214	0.0289303	0.0289222	0.0311961	0.0311089	0.0284029	0.0236878	0.0279593	0.0276139	0.501409	0.632544	0.501316	0.0319203	0.0310688	0.031271	0.032346	0.0315921	0.0319945	0.277678	0.276182	0.285445	0.10024	0.105422	0.102367	0.0313691	0.0299577	0.0312065
G-2_5x	0.0995144	0.108127	0.0994528	0.145872	0.142979	0.121025	0.0320086	0.0315571	0.0312559	0.0303754	0.029897	0.0302327	0.0322814	0.0325614	0.0295532	0.0248798	0.0290876	0.0286476	0.524821	0.501316	0.632685	0.0333964	0.0324788	0.032595	0.0337235	0.0329799	0.0336502	0.288519	0.287441	0.297359	0.104555	0.110254	0.107688	0.0328655	0.0316564	0.0329667
H-0_5x	0.029894	0.03306	0.0300118	0.0339499	0.0328746	0.0281286	0.0891807	0.088443	0.0881489	0.0880068	0.0869719	0.0867683	0.510166	0.509712	0.475765	0.0730071	0.086356	0.0822933	0.0331893	0.0319203	0.0333964	0.795608	0.630025	0.639021	0.619102	0.60784	0.6121	0.0323657	0.0323938	0.0331667	0.0320261	0.0339909	0.0328613	0.0919398	0.0893983	0.0925906
H-1_5x	0.0291024	0.0319894	0.0292456	0.0330286	0.0321189	0.0269565	0.0871041	0.0855124	0.085769	0.087089	0.0859682	0.0854681	0.499604	0.501329	0.463803	0.0711847	0.0858441	0.0821464	0.0322578	0.0310688	0.0324788	0.630025	0.79556	0.627125	0.606957	0.593601	0.601257	0.0314997	0.0315056	0.0323391	0.0311826	0.0328555	0.0319228	0.0893994	0.0870639	0.0898569
H-2_5x	0.0293798	0.0324019	0.0298304	0.03377	0.0327048	0.0278462	0.0894506	0.0877625	0.0878024	0.0891781	0.0878933	0.087122	0.50565	0.510296	0.46923	0.0729105	0.0869383	0.0827597	0.0325249	0.031271	0.032595	0.639021	0.627125	0.795541	0.613812	0.603263	0.609859	0.0320738	0.0319717	0.0329091	0.0316872	0.0334048	0.0326591	0.0915341	0.0895263	0.0922292
I-0_5x	0.0300569	0.0332378	0.03073	0.034125	0.0331177	0.02802	0.0903606	0.0890803	0.0887355	0.0903251	0.0895157	0.0887341	0.519235	0.521477	0.483841	0.0746316	0.0892757	0.0848192	0.0338693	0.032346	0.0337235	0.619102	0.606957	0.613812	0.797285	0.65557	0.65944	0.0327499	0.0323786	0.0337435	0.0327165	0.0344194	0.0334522	0.093113	0.0901738	0.0938484
I-1_5x	0.0295491	0.0328654	0.0301626	0.0336934	0.0326634	0.0278128	0.0888927	0.0876171	0.0878595	0.0888738	0.087663	0.0867393	0.510007	0.510483	0.475053	0.0725213	0.0864997	0.0828312	0.0330421	0.0315921	0.0329799	0.60784	0.593601	0.603263	0.65557	0.796012	0.649398	0.0320899	0.0318471	0.0330581	0.0319253	0.0337612	0.0325977	0.0915095	0.089287	0.0924226
I-2_5x	0.0302583	0.033466	0.0304968	0.0343629	0.0333236	0.0284672	0.0897323	0.0887722	0.0882062	0.0890822	0.0881967	0.0871937	0.51699	0.517522	0.478734	0.0732904	0.0871942	0.0834733	0.0335402	0.0319945	0.0336502	0.6121	0.601257	0.609859	0.65944	0.649398	0.796849	0.0327507	0.0321606	0.0333598	0.0326709	0.0342632	0.0332501	0.0925665	0.0901946	0.0932436
J-0_5x	0.0976878	0.106839	0.0976641	0.144203	0.141491	0.121018	0.030809	0.0305011	0.0299985	0.0298935	0.0297583	0.0298535	0.0311949	0.0315551	0.0286472	0.0247496	0.0288473	0.0276287	0.288588	0.277678	0.288519	0.0323657	0.0314997	0.0320738	0.0327499	0.0320899	0.0327507	0.634165	0.496287	0.510416	0.103312	0.10795	0.106258	0.0318219	0.0306047	0.0319055
J-1_5x	0.0965793	0.104789	0.0962322	0.142382	0.13929	0.119414	0.0308872	0.0304979	0.0305135	0.0292935	0.0293278	0.0293761	0.0310075	0.0312014	0.0288174	0.0243211	0.0284347	0.0268659	0.288532	0.276182	0.287441	0.0323938	0.0315056	0.0319717	0.0323786	0.0318471	0.0321606	0.496287	0.633109	0.509668	0.102393	0.106407	0.103955	0.0319818	0.0308099	0.0319131
J-2_5x	0.0997945	0.108444	0.0997548	0.147263	0.144508	0.123143	0.0320364	0.0315111	0.0314455	0.030598	0.0303242	0.0306137	0.032052	0.0323661	0.0300621	0.0257411	0.029618	0.0285024	0.299175	0.285445	0.297359	0.0331667	0.0323391	0.0329091	0.0337435	0.0330581	0.0333598	0.510416	0.509668	0.632492	0.105957	0.110243	0.107896	0.0330458	0.0317286	0.033087
K-0_5x	0.167727	0.18322	0.168487	0.105059	0.102178	0.0857391	0.031034	0.0307503	0.0304387	0.02989	0.0298064	0.0298293	0.031198	0.030953	0.0288542	0.0246238	0.028631	0.0278432	0.104966	0.10024	0.104555	0.0320261	0.0311826	0.0316872	0.0327165	0.0319253	0.0326709	0.103312	0.102393	0.105957	0.591169	0.48481	0.473407	0.0317528	0.0306343	0.0318449
K-1_5x	0.176501	0.192013	0.176006	0.109436	0.107552	0.0902849	0.032286	0.0316961	0.0317299	0.0311158	0.0309884	0.0311118	0.0330521	0.0328312	0.0304397	0.0260325	0.030073	0.0293178	0.110163	0.105422	0.110254	0.0339909	0.0328555	0.0334048	0.0344194	0.0337612	0.0342632	0.10795	0.106407	0.110243	0.48481	0.59058	0.495239	0.032973	0.0317379	0.0328705
K-2_5x	0.172516	0.187533	0.171839	0.106948	0.104856	0.0880709	0.0315949	0.0310215	0.0311055	0.0304592	0.0300876	0.0305649	0.0319012	0.0317742	0.029406	0.0256103	0.0293187	0.028726	0.107066	0.102367	0.107688	0.0328613	0.0319228	0.0326591	0.0334522	0.0325977	0.0332501	0.106258	0.103955	0.107896	0.473407	0.495239	0.590656	0.0322941	0.0313628	0.0321846
L-0_5x	0.0296295	0.0326894	0.029597	0.0333524	0.0326611	0.0273943	0.548683	0.543909	0.538414	0.173202	0.170909	0.170477	0.0891494	0.0894878	0.0840309	0.143264	0.167012	0.162367	0.0331756	0.0313691	0.0328655	0.0919398	0.0893994	0.0915341	0.093113	0.0915095	0.0925665	0.0318219	0.0319818	0.0330458	0.0317528	0.032973	0.0322941	0.731653	0.591772	0.606159
L-1_5x	0.0288813	0.0319964	0.028895	0.032174	0.0317718	0.0268853	0.537223	0.531381	0.528959	0.167689	0.165698	0.164707	0.0873599	0.0867566	0.081916	0.140017	0.163015	0.157187	0.0319434	0.0299577	0.0316564	0.0893983	0.0870639	0.0895263	0.0901738	0.089287	0.0901946	0.0306047	0.0308099	0.0317286	0.0306343	0.0317379	0.0313628	0.591772	0.730747	0.594241
L-2_5x	0.0295447	0.0326705	0.0298987	0.0330362	0.0324932	0.0275002	0.548289	0.54344	0.543215	0.172805	0.170715	0.16943	0.090392	0.089923	0.084273	0.14357	0.167255	0.15969	0.0331343	0.0312065	0.0329667	0.0925906	0.0898569	0.0922292	0.0938484	0.0924226	0.0932436	0.0319055	0.0319131	0.033087	0.0318449	0.0328705	0.0321846	0.606159	0.594241	0.731807
