	A-0_5x	A-1_5x	A-2_5x	B-0_5x	B-1_5x	B-2_5x	C-0_5x	C-1_5x	C-2_5x	D-0_5x	D-1_5x	D-2_5x	E-0_5x	E-1_5x	E-2_5x	F-0_5x	F-1_5x	F-2_5x	G-0_5x	G-1_5x	G-2_5x	H-0_5x	H-1_5x	H-2_5x	I-0_5x	I-1_5x	I-2_5x	J-0_5x	J-1_5x	J-2_5x	K-0_5x	K-1_5x	K-2_5x	L-0_5x	L-1_5x	L-2_5x
A-0_5x	0	0.669391	0.752891	1.2876	1.2899	1.30938	1.38273	1.38291	1.38273	1.38196	1.38194	1.38216	1.38276	1.38273	1.38491	1.38707	1.3825	1.38313	1.2928	1.29936	1.29326	1.38285	1.38369	1.38339	1.38271	1.38322	1.38249	1.29572	1.29703	1.29288	1.1954	1.18271	1.18845	1.38178	1.38259	1.38188
A-1_5x	0.669391	0	0.675453	1.27486	1.2775	1.2991	1.37922	1.37924	1.37927	1.37867	1.37863	1.37903	1.37967	1.37949	1.38233	1.38445	1.37947	1.37993	1.28148	1.28828	1.28208	1.37944	1.38058	1.38014	1.37929	1.37966	1.37904	1.28389	1.2864	1.28165	1.17279	1.1598	1.16639	1.37835	1.37909	1.37837
A-2_5x	0.752891	0.675453	0	1.28714	1.28988	1.30902	1.38262	1.38264	1.38254	1.38104	1.38109	1.38165	1.38263	1.38263	1.38452	1.38668	1.38259	1.38289	1.29365	1.3006	1.29345	1.38275	1.38357	1.38295	1.38203	1.3826	1.38227	1.29587	1.29758	1.29305	1.19455	1.18367	1.18966	1.38185	1.38261	1.38152
B-0_5x	1.2876	1.27486	1.28714	0	0.567464	0.754819	1.37838	1.37884	1.37902	1.37753	1.37825	1.37782	1.37884	1.37855	1.3812	1.38433	1.37898	1.38025	1.22958	1.23841	1.23072	1.37814	1.37913	1.37833	1.37799	1.37843	1.37773	1.2332	1.23549	1.22881	1.28	1.27403	1.27739	1.37725	1.37855	1.37761
B-1_5x	1.2899	1.2775	1.28988	0.567464	0	0.769549	1.37906	1.3797	1.37982	1.37849	1.37912	1.37883	1.37967	1.37942	1.38212	1.38506	1.37977	1.3813	1.2344	1.24087	1.23446	1.37927	1.38008	1.37945	1.37904	1.3795	1.37881	1.23669	1.23949	1.23237	1.28375	1.27645	1.28009	1.37799	1.37897	1.37819
B-2_5x	1.30938	1.2991	1.30902	0.754819	0.769549	0	1.38503	1.38542	1.38556	1.38472	1.38526	1.38488	1.38529	1.38528	1.38745	1.38994	1.38533	1.38689	1.26464	1.27207	1.26566	1.38473	1.38597	1.38503	1.38488	1.38508	1.3844	1.26585	1.2678	1.26288	1.30699	1.301	1.30391	1.38427	1.38481	1.38416
C-0_5x	1.38273	1.37922	1.38262	1.37838	1.37906	1.38503	0	0.670513	0.6828	1.23306	1.23499	1.23618	1.3295	1.32911	1.33555	1.26581	1.23764	1.24348	1.38029	1.38222	1.38054	1.32897	1.33101	1.3287	1.3279	1.32927	1.32849	1.38185	1.38174	1.3805	1.38043	1.37904	1.3798	0.706894	0.728097	0.707767
C-1_5x	1.38291	1.37924	1.38264	1.37884	1.3797	1.38542	0.670513	0	0.69629	1.23352	1.23655	1.23787	1.32955	1.32978	1.33549	1.26687	1.23908	1.24585	1.38098	1.38259	1.381	1.32966	1.33254	1.33033	1.32912	1.33049	1.3294	1.38216	1.38214	1.38105	1.38073	1.37967	1.38042	0.715631	0.738579	0.716637
C-2_5x	1.38273	1.37927	1.38254	1.37902	1.37982	1.38556	0.6828	0.69629	0	1.23408	1.23681	1.23737	1.33023	1.33085	1.33623	1.26663	1.2392	1.24684	1.38116	1.38287	1.38136	1.33003	1.33237	1.33037	1.32955	1.33034	1.33005	1.38273	1.38216	1.38115	1.38111	1.37967	1.38036	0.727058	0.744013	0.718086
D-0_5x	1.38196	1.37867	1.38104	1.37753	1.37849	1.38472	1.23306	1.23352	1.23408	0	0.666039	0.669701	1.32486	1.32373	1.33036	1.05505	0.979256	0.996979	1.38027	1.38155	1.38059	1.32561	1.32656	1.32438	1.32329	1.32473	1.32456	1.38117	1.38182	1.38034	1.37998	1.37854	1.37931	1.22547	1.2318	1.22596
D-1_5x	1.38194	1.37863	1.38109	1.37825	1.37912	1.38526	1.23499	1.23655	1.23681	0.666039	0	0.682808	1.32653	1.32489	1.33218	1.05987	0.986731	1.00076	1.38076	1.3822	1.38112	1.32666	1.3277	1.3257	1.32411	1.32597	1.32546	1.38132	1.38177	1.38064	1.38007	1.37868	1.37973	1.22811	1.23408	1.22836
D-2_5x	1.38216	1.37903	1.38165	1.37782	1.37883	1.38488	1.23618	1.23787	1.23737	0.669701	0.682808	0	1.32636	1.32532	1.33227	1.05894	0.98277	1.00319	1.38048	1.38224	1.38078	1.32696	1.32831	1.32659	1.32501	1.32701	1.32659	1.38124	1.38175	1.38035	1.38008	1.37857	1.37921	1.22881	1.23542	1.23005
E-0_5x	1.38276	1.37967	1.38263	1.37884	1.37967	1.38529	1.3295	1.32955	1.33023	1.32486	1.32653	1.32636	0	0.638268	0.724426	1.34206	1.32633	1.33029	1.38071	1.38206	1.38093	0.830002	0.846174	0.836934	0.816702	0.830449	0.820002	1.3821	1.38227	1.38116	1.38094	1.37892	1.38016	1.32706	1.32881	1.32581
E-1_5x	1.38273	1.37949	1.38263	1.37855	1.37942	1.38528	1.32911	1.32978	1.33085	1.32373	1.32489	1.32532	0.638268	0	0.722239	1.34043	1.32458	1.32886	1.38074	1.38217	1.38066	0.831267	0.844094	0.830332	0.813758	0.830276	0.819747	1.38175	1.38209	1.38086	1.38123	1.37918	1.38032	1.32678	1.32948	1.32635
E-2_5x	1.38491	1.38233	1.38452	1.3812	1.38212	1.38745	1.33555	1.33549	1.33623	1.33036	1.33218	1.33227	0.724426	0.722239	0	1.34633	1.33178	1.33609	1.38345	1.385	1.38381	0.8825	0.899708	0.891924	0.871426	0.88371	0.878716	1.38479	1.38459	1.38328	1.3835	1.38178	1.38289	1.33232	1.33439	1.33209
F-0_5x	1.38707	1.38445	1.38668	1.38433	1.38506	1.38994	1.26581	1.26687	1.26663	1.05505	1.05987	1.05894	1.34206	1.34043	1.34633	0	0.836565	0.86718	1.38608	1.38804	1.38671	1.34105	1.34292	1.34115	1.33946	1.34157	1.34082	1.38689	1.38734	1.38574	1.38605	1.3844	1.38489	1.25996	1.26357	1.25963
F-1_5x	1.3825	1.37947	1.38259	1.37898	1.37977	1.38533	1.23764	1.23908	1.2392	0.979256	0.986731	0.98277	1.32633	1.32458	1.33178	0.836565	0	0.740437	1.38139	1.38303	1.38176	1.32656	1.3271	1.32595	1.3236	1.32644	1.32576	1.38207	1.38251	1.38116	1.38116	1.37946	1.38034	1.23106	1.23564	1.2308
F-2_5x	1.38313	1.37993	1.38289	1.38025	1.3813	1.38689	1.24348	1.24585	1.24684	0.996979	1.00076	1.00319	1.33029	1.32886	1.33609	0.86718	0.740437	0	1.38228	1.38347	1.3823	1.33094	1.3311	1.33045	1.3284	1.33041	1.32978	1.38349	1.38432	1.38246	1.38213	1.38039	1.38108	1.23681	1.24275	1.23996
G-0_5x	1.2928	1.28148	1.29365	1.22958	1.2344	1.26464	1.38029	1.38098	1.38116	1.38027	1.38076	1.38048	1.38071	1.38074	1.38345	1.38608	1.38139	1.38228	0	0.643813	0.583652	1.38073	1.38168	1.38141	1.38007	1.38089	1.3804	1.04337	1.04309	1.02662	1.28712	1.28043	1.28439	1.3793	1.38059	1.37934
G-1_5x	1.29936	1.28828	1.3006	1.23841	1.24087	1.27207	1.38222	1.38259	1.38287	1.38155	1.3822	1.38224	1.38206	1.38217	1.385	1.38804	1.38303	1.38347	0.643813	0	0.644282	1.38203	1.3829	1.38269	1.38163	1.38237	1.38198	1.05979	1.06167	1.04758	1.29312	1.28648	1.29037	1.38122	1.3827	1.3814
G-2_5x	1.29326	1.28208	1.29345	1.23072	1.23446	1.26566	1.38054	1.381	1.38136	1.38059	1.38112	1.38078	1.38093	1.38066	1.38381	1.38671	1.38176	1.3823	0.583652	0.644282	0	1.38053	1.38146	1.38134	1.38023	1.38096	1.3803	1.04356	1.04483	1.0295	1.28766	1.28034	1.28362	1.37963	1.3809	1.37953
H-0_5x	1.38285	1.37944	1.38275	1.37814	1.37927	1.38473	1.32897	1.32966	1.33003	1.32561	1.32666	1.32696	0.830002	0.831267	0.8825	1.34105	1.32656	1.33094	1.38073	1.38203	1.38053	0	0.645132	0.627344	0.667336	0.687313	0.680075	1.38162	1.38156	1.38076	1.3808	1.3787	1.3799	1.32627	1.32872	1.32564
H-1_5x	1.38369	1.38058	1.38357	1.37913	1.38008	1.38597	1.33101	1.33254	1.33237	1.32656	1.3277	1.32831	0.846174	0.844094	0.899708	1.34292	1.3271	1.3311	1.38168	1.3829	1.38146	0.645132	0	0.650706	0.689775	0.71284	0.699779	1.3825	1.38247	1.3816	1.38169	1.3799	1.38089	1.32878	1.33102	1.32833
H-2_5x	1.38339	1.38014	1.38295	1.37833	1.37945	1.38503	1.3287	1.33033	1.33037	1.32438	1.3257	1.32659	0.836934	0.830332	0.891924	1.34115	1.32595	1.33045	1.38141	1.38269	1.38134	0.627344	0.650706	0	0.677169	0.695585	0.684153	1.38191	1.38199	1.38102	1.38115	1.37932	1.38011	1.32667	1.32859	1.32599
I-0_5x	1.38271	1.37929	1.38203	1.37799	1.37904	1.38488	1.3279	1.32912	1.32955	1.32329	1.32411	1.32501	0.816702	0.813758	0.871426	1.33946	1.3236	1.3284	1.38007	1.38163	1.38023	0.667336	0.689775	0.677169	0	0.59513	0.587649	1.38126	1.38161	1.3802	1.38011	1.37829	1.37931	1.32521	1.32805	1.32449
I-1_5x	1.38322	1.37966	1.3826	1.37843	1.3795	1.38508	1.32927	1.33049	1.33034	1.32473	1.32597	1.32701	0.830449	0.830276	0.88371	1.34157	1.32644	1.33041	1.38089	1.38237	1.38096	0.687313	0.71284	0.695585	0.59513	0	0.607641	1.38191	1.38213	1.38088	1.38091	1.37896	1.38019	1.32672	1.32886	1.32583
I-2_5x	1.38249	1.37904	1.38227	1.37773	1.37881	1.3844	1.32849	1.3294	1.33005	1.32456	1.32546	1.32659	0.820002	0.819747	0.878716	1.34082	1.32576	1.32978	1.3804	1.38198	1.3803	0.680075	0.699779	0.684153	0.587649	0.607641	0	1.38125	1.38183	1.38059	1.38014	1.37844	1.37952	1.32572	1.32801	1.32506
J-0_5x	1.29572	1.28389	1.29587	1.2332	1.23669	1.26585	1.38185	1.38216	1.38273	1.38117	1.38132	1.38124	1.3821	1.38175	1.38479	1.38689	1.38207	1.38349	1.04337	1.05979	1.04356	1.38162	1.3825	1.38191	1.38126	1.38191	1.38125	0	0.658429	0.623014	1.2894	1.28344	1.2856	1.38078	1.38206	1.3807
J-1_5x	1.29703	1.2864	1.29758	1.23549	1.23949	1.2678	1.38174	1.38214	1.38216	1.38182	1.38177	1.38175	1.38227	1.38209	1.38459	1.38734	1.38251	1.38432	1.04309	1.06167	1.04483	1.38156	1.38247	1.38199	1.38161	1.38213	1.38183	0.658429	0	0.623834	1.29045	1.28529	1.28841	1.38059	1.38181	1.38066
J-2_5x	1.29288	1.28165	1.29305	1.22881	1.23237	1.26288	1.3805	1.38105	1.38115	1.38034	1.38064	1.38035	1.38116	1.38086	1.38328	1.38574	1.38116	1.38246	1.02662	1.04758	1.0295	1.38076	1.3816	1.38102	1.3802	1.38088	1.38059	0.623014	0.623834	0	1.28586	1.28033	1.28333	1.37944	1.38082	1.3794
K-0_5x	1.1954	1.17279	1.19455	1.28	1.28375	1.30699	1.38043	1.38073	1.38111	1.37998	1.38007	1.38008	1.38094	1.38123	1.3835	1.38605	1.38116	1.38213	1.28712	1.29312	1.28766	1.3808	1.38169	1.38115	1.38011	1.38091	1.38014	1.2894	1.29045	1.28586	0	0.599174	0.630641	1.37965	1.38086	1.37955
K-1_5x	1.18271	1.1598	1.18367	1.27403	1.27645	1.301	1.37904	1.37967	1.37967	1.37854	1.37868	1.37857	1.37892	1.37918	1.38178	1.3844	1.37946	1.38039	1.28043	1.28648	1.28034	1.3787	1.3799	1.37932	1.37829	1.37896	1.37844	1.28344	1.28529	1.28033	0.599174	0	0.568314	1.37829	1.37963	1.3784
K-2_5x	1.18845	1.16639	1.18966	1.27739	1.28009	1.30391	1.3798	1.38042	1.38036	1.37931	1.37973	1.37921	1.38016	1.38032	1.38289	1.38489	1.38034	1.38108	1.28439	1.29037	1.28362	1.3799	1.38089	1.38011	1.37931	1.38019	1.37952	1.2856	1.28841	1.28333	0.630641	0.568314	0	1.37904	1.38004	1.37916
L-0_5x	1.38178	1.37835	1.38185	1.37725	1.37799	1.38427	0.706894	0.715631	0.727058	1.22547	1.22811	1.22881	1.32706	1.32678	1.33232	1.25996	1.23106	1.23681	1.3793	1.38122	1.37963	1.32627	1.32878	1.32667	1.32521	1.32672	1.32572	1.38078	1.38059	1.37944	1.37965	1.37829	1.37904	0	0.617549	0.585846
L-1_5x	1.38259	1.37909	1.38261	1.37855	1.37897	1.38481	0.728097	0.738579	0.744013	1.2318	1.23408	1.23542	1.32881	1.32948	1.33439	1.26357	1.23564	1.24275	1.38059	1.3827	1.3809	1.32872	1.33102	1.32859	1.32805	1.32886	1.32801	1.38206	1.38181	1.38082	1.38086	1.37963	1.38004	0.617549	0	0.612197
L-2_5x	1.38188	1.37837	1.38152	1.37761	1.37819	1.38416	0.707767	0.716637	0.718086	1.22596	1.22836	1.23005	1.32581	1.32635	1.33209	1.25963	1.2308	1.23996	1.37934	1.3814	1.37953	1.32564	1.32833	1.32599	1.32449	1.32583	1.32506	1.3807	1.38066	1.3794	1.37955	1.3784	1.37916	0.585846	0.612197	0
