CR1010	CR124	CR125	CR1373	CR1690	CR1952	CR2290	CR2342	CR2343	CR2344	CR2931	CR2935	CR2936	CR2937	CR2938	CR407	CR408	CR4414	CR503
CR1009	0.472394205346794	0.482385106813303	0.47699949893281	0.408805082062649	0.472392695645464	0.319873206420063	0.320001933620196	0.326386561194611	0.303200769450763	0.331092803476275	0.320985353067034	0.379047258485865	0.400342501576617	0.377107392922631	0.40587847570965	0.472392796292219	0.49998278940483	0.477342704368663	0.477002317041961
CR1010	0.482385106813303	0.489990780824012	0.495379005520145	0.408753953510915	0.499989432090685	0.321146387875645	0.321284777164296	0.327833458949983	0.305003956720187	0.332901828257512	0.322404069730899	0.378840127463288	0.404428357258106	0.379323634476144	0.408347541912682	0.499988123682865	0.472394507287061	0.495036605258335	0.495381219748763
CR124	0.47699949893281	0.495379005520145	0.494495025067624	0.408638914269513	0.489989069829171	0.321329061736664	0.321469262666911	0.328042703554422	0.304704733916436	0.332759413098646	0.322772537502353	0.379393785264645	0.401355913756558	0.379432433618712	0.408173926259648	0.489989170475926	0.482384603579526	0.494838431796988	0.494497239296243
CR125	0.408805082062649	0.408753953510915	0.408638914269513	0.408597045219274	0.495377294525303	0.321471577542285	0.321614999168704	0.328172336575354	0.305265135050404	0.333066788289583	0.322806958692694	0.379262340602116	0.403167957940457	0.379449543567127	0.407366940574995	0.495377596465569	0.476999800873076	0.499648138943184	0.499994967662231
CR1373	0.472392695645464	0.499989432090685	0.489989069829171	0.495377294525303	0.408753450277138	0.3160748985187	0.316138406621346	0.322901667289508	0.298460407919024	0.327593416438397	0.317600703330292	0.373062500470583	0.395930449760934	0.374882395101401	0.400075083147567	0.408755765152512	0.408805786589936	0.408534845524448	0.408600467208957
CR1690	0.319873206420063	0.321146387875645	0.321329061736664	0.321471577542285	0.3160748985187	0.321146488522401	0.321284877811051	0.327832351835674	0.3050032521929	0.332901526317245	0.322403163910101	0.378839624229511	0.404428860491883	0.379323533829388	0.408346434798373	0.49998822432962	0.47239299758573	0.495034894263494	0.495379508753922
CR1952	0.320001933620196	0.321284777164296	0.321469262666911	0.321614999168704	0.316138406621346	0.321284877811051	0.499784515296727	0.339083652619831	0.334353858997408	0.332535574714676	0.339458964370651	0.318057840893237	0.317419136583583	0.315905811969658	0.316042087676446	0.321145582701602	0.319875320001926	0.321459097344617	0.321474798238457
CR2290	0.326386561194611	0.327833458949983	0.328042703554422	0.328172336575354	0.322901667289508	0.327832351835674	0.339083652619831	0.339064630383064	0.334307058256155	0.332520980935146	0.339434507209093	0.318092564023844	0.317487677023998	0.315946573905588	0.316101771202387	0.321283971990253	0.320003845908549	0.321601915090505	0.321618219864876
CR2342	0.303200769450763	0.305003956720187	0.304704733916436	0.305265135050404	0.298460407919024	0.3050032521929	0.334353858997408	0.334307058256155	0.315962174152672	0.350795613603372	0.345994260137873	0.32548929537038	0.32427992395771	0.323131544478801	0.324515034778282	0.327830640840832	0.326386460547856	0.328148382647573	0.328175959858548
CR2343	0.331092803476275	0.332901828257512	0.332759413098646	0.333066788289583	0.327593416438397	0.332901526317245	0.332535574714676	0.332520980935146	0.350795613603372	0.311113416065387	0.328760314920296	0.299778075240486	0.300493472377741	0.298568502534305	0.299814106778913	0.305002748959123	0.303200668804007	0.305244200525284	0.305268557040087
CR2344	0.320985353067034	0.322404069730899	0.322772537502353	0.322806958692694	0.317600703330292	0.322403163910101	0.339458964370651	0.339434507209093	0.345994260137873	0.328760314920296	0.34056396509799	0.327877038995063	0.328525204099724	0.32708837101989	0.328072696287526	0.332900821789958	0.331092098948987	0.333052295156808	0.333070814159798
CR2931	0.379047258485865	0.378840127463288	0.379393785264645	0.379262340602116	0.373062500470583	0.378839624229511	0.318057840893237	0.318092564023844	0.32548929537038	0.299778075240486	0.327877038995063	0.320607625794085	0.319560698244601	0.31893588318719	0.319148046547535	0.32240165420877	0.320984447246236	0.322809575508334	0.322810380682377
CR2935	0.400342501576617	0.404428357258106	0.401355913756558	0.403167957940457	0.395930449760934	0.404428860491883	0.317419136583583	0.317487677023998	0.32427992395771	0.300493472377741	0.328525204099724	0.319560698244601	0.376176511082103	0.382749750676103	0.37570689332149	0.378840731343821	0.379046956545598	0.37924502936019	0.37926596388531
CR2936	0.377107392922631	0.379323634476144	0.379432433618712	0.379449543567127	0.374882395101401	0.379323533829388	0.315905811969658	0.315946573905588	0.323131544478801	0.298568502534305	0.32708837101989	0.31893588318719	0.382749750676103	0.379062254852417	0.408840811660809	0.404429766312681	0.400343809984437	0.403203989478883	0.403170977343118
CR2937	0.40587847570965	0.408347541912682	0.408173926259648	0.407366940574995	0.400075083147567	0.408346434798373	0.316042087676446	0.316101771202387	0.324515034778282	0.299814106778913	0.328072696287526	0.319148046547535	0.37570689332149	0.408840811660809	0.377114740135774	0.379324439650187	0.377107090982365	0.379430420683604	0.37945316685032
CR2938	0.472392796292219	0.499988123682865	0.489989170475926	0.495377596465569	0.408755765152512	0.49998822432962	0.321145582701602	0.321283971990253	0.327830640840832	0.305002748959123	0.332900821789958	0.32240165420877	0.378840731343821	0.404429766312681	0.379324439650187	0.408346334151618	0.405879582823959	0.407402972113422	0.407370362564678
CR407	0.49998278940483	0.472394507287061	0.482384603579526	0.476999800873076	0.408805786589936	0.47239299758573	0.319875320001926	0.320003845908549	0.326386460547856	0.303200668804007	0.331092098948987	0.320984447246236	0.379046956545598	0.400343809984437	0.377107090982365	0.405879582823959	0.472393098232485	0.49503519620376	0.495379810694188
CR408	0.477342704368663	0.495036605258335	0.494838431796988	0.499648138943184	0.408534845524448	0.495034894263494	0.321459097344617	0.321601915090505	0.328148382647573	0.305244200525284	0.333052295156808	0.322809575508334	0.37924502936019	0.403203989478883	0.379430420683604	0.407402972113422	0.49503519620376	0.477343006308929	0.477002618982227
CR4414	0.477002317041961	0.495381219748763	0.494497239296243	0.499994967662231	0.408600467208957	0.495379508753922	0.321474798238457	0.321618219864876	0.328175959858548	0.305268557040087	0.333070814159798	0.322810380682377	0.37926596388531	0.403170977343118	0.37945316685032	0.407370362564678	0.495379810694188	0.477002618982227	0.499649145410738
