	A-0_5x	A-1_5x	A-2_5x	B-0_5x	B-1_5x	B-2_5x	C-0_5x	C-1_5x	C-2_5x	D-0_5x	D-1_5x	D-2_5x	E-0_5x	E-1_5x	E-2_5x	F-0_5x	F-1_5x	F-2_5x	G-0_5x	G-1_5x	G-2_5x	H-0_5x	H-1_5x	H-2_5x	I-0_5x	I-1_5x	I-2_5x	J-0_5x	J-1_5x	J-2_5x	K-0_5x	K-1_5x	K-2_5x	L-0_5x	L-1_5x	L-2_5x
A-0_5x	0	0.665051	0.751189	1.28727	1.28962	1.30909	1.38267	1.38284	1.38267	1.38186	1.38188	1.38212	1.38268	1.38266	1.38488	1.38702	1.38245	1.38312	1.29248	1.29912	1.29285	1.38277	1.38361	1.38331	1.38263	1.38317	1.38239	1.29534	1.29682	1.29248	1.1947	1.18206	1.18794	1.38172	1.38253	1.38181
A-1_5x	0.665051	0	0.673537	1.2745	1.27712	1.29876	1.37915	1.37916	1.3792	1.37855	1.37855	1.37898	1.37957	1.3794	1.38229	1.38438	1.37941	1.37991	1.2811	1.28797	1.28156	1.37935	1.38048	1.38004	1.37919	1.37959	1.37892	1.28344	1.28614	1.28116	1.17193	1.15903	1.1657	1.37826	1.37902	1.37828
A-2_5x	0.751189	0.673537	0	1.28687	1.28967	1.30881	1.38259	1.38258	1.3825	1.38096	1.38104	1.38163	1.38257	1.38258	1.38451	1.38664	1.38257	1.38291	1.2934	1.30043	1.29312	1.3827	1.38351	1.38289	1.38197	1.38257	1.38219	1.29558	1.29745	1.29273	1.19395	1.18313	1.18919	1.3818	1.38257	1.38147
B-0_5x	1.28727	1.2745	1.28687	0	0.564229	0.753391	1.37834	1.37878	1.37898	1.37744	1.37821	1.37779	1.37877	1.37849	1.38119	1.38428	1.37895	1.38026	1.22916	1.23808	1.23018	1.37808	1.37906	1.37826	1.37792	1.37839	1.37763	1.2327	1.23525	1.22832	1.27966	1.27372	1.27716	1.37719	1.3785	1.37754
B-1_5x	1.28962	1.27712	1.28967	0.564229	0	0.766714	1.37903	1.37965	1.37979	1.37841	1.37908	1.37882	1.37961	1.37938	1.38211	1.38503	1.37975	1.38133	1.23405	1.24064	1.23398	1.37921	1.38002	1.37939	1.37899	1.37948	1.37873	1.23628	1.2393	1.23192	1.28343	1.27619	1.27988	1.37795	1.37893	1.37813
B-2_5x	1.30909	1.29876	1.30881	0.753391	0.766714	0	1.38499	1.38537	1.38552	1.38465	1.38521	1.38485	1.38523	1.38523	1.38744	1.38989	1.3853	1.3869	1.2643	1.27183	1.26517	1.38468	1.38592	1.38497	1.38482	1.38504	1.38432	1.26547	1.26758	1.26247	1.30672	1.30075	1.30368	1.38422	1.38477	1.3841
C-0_5x	1.38267	1.37915	1.38259	1.37834	1.37903	1.38499	0	0.671659	0.681805	1.23274	1.23488	1.23623	1.32939	1.32905	1.33559	1.2657	1.23765	1.24361	1.38025	1.38219	1.38047	1.32888	1.33092	1.32859	1.32779	1.32924	1.32834	1.3818	1.38173	1.38044	1.38037	1.37899	1.37977	0.705504	0.727924	0.707352
C-1_5x	1.38284	1.37916	1.38258	1.37878	1.37965	1.38537	0.671659	0	0.695319	1.23308	1.23632	1.2378	1.32941	1.32966	1.33548	1.26669	1.23892	1.24596	1.38092	1.38255	1.38092	1.32952	1.33239	1.33019	1.32897	1.33044	1.32919	1.38209	1.38211	1.38097	1.38066	1.37961	1.38037	0.713814	0.737906	0.714927
C-2_5x	1.38267	1.3792	1.3825	1.37898	1.37979	1.38552	0.681805	0.695319	0	1.23373	1.23667	1.23733	1.33013	1.33076	1.33625	1.26648	1.23917	1.24707	1.38112	1.38284	1.38129	1.32992	1.33226	1.33025	1.32945	1.33031	1.32988	1.38267	1.38214	1.38109	1.38105	1.37962	1.38032	0.725441	0.742375	0.718133
D-0_5x	1.38186	1.37855	1.38096	1.37744	1.37841	1.38465	1.23274	1.23308	1.23373	0	0.664325	0.667645	1.32463	1.32353	1.33027	1.05416	0.978736	0.996851	1.38018	1.38148	1.38048	1.32538	1.32634	1.32415	1.32306	1.32457	1.32427	1.38107	1.38176	1.38023	1.37988	1.37845	1.37923	1.22504	1.23143	1.22548
D-1_5x	1.38188	1.37855	1.38104	1.37821	1.37908	1.38521	1.23488	1.23632	1.23667	0.664325	0	0.682593	1.3264	1.32481	1.33219	1.05971	0.986956	1.00155	1.38071	1.38217	1.38105	1.32656	1.32757	1.32558	1.32401	1.32593	1.32528	1.38126	1.38175	1.38057	1.38001	1.37863	1.37969	1.2279	1.23393	1.22818
D-2_5x	1.38212	1.37898	1.38163	1.37779	1.37882	1.38485	1.23623	1.2378	1.23733	0.667645	0.682593	0	1.3263	1.3253	1.33233	1.05885	0.982924	1.0038	1.38046	1.38223	1.38073	1.3269	1.32824	1.32654	1.32496	1.32703	1.32646	1.3812	1.38175	1.3803	1.38004	1.37855	1.37919	1.22875	1.23541	1.22996
E-0_5x	1.38268	1.37957	1.38257	1.37877	1.37961	1.38523	1.32939	1.32941	1.33013	1.32463	1.3264	1.3263	0	0.635751	0.724286	1.34195	1.32624	1.33032	1.38064	1.38201	1.38083	0.829396	0.846027	0.835264	0.815554	0.829194	0.818188	1.38202	1.38223	1.38108	1.38086	1.37884	1.3801	1.32691	1.3287	1.32564
E-1_5x	1.38266	1.3794	1.38258	1.37849	1.37938	1.38523	1.32905	1.32966	1.33076	1.32353	1.32481	1.3253	0.635751	0	0.722947	1.34034	1.32452	1.32892	1.38068	1.38213	1.38058	0.82914	0.841954	0.828903	0.812669	0.829057	0.818345	1.38168	1.38207	1.38079	1.38116	1.37912	1.38027	1.32667	1.32939	1.32622
E-2_5x	1.38488	1.38229	1.38451	1.38119	1.38211	1.38744	1.33559	1.33548	1.33625	1.33027	1.33219	1.33233	0.724286	0.722947	0	1.34633	1.33182	1.33624	1.38343	1.385	1.38377	0.882243	0.899025	0.892334	0.870978	0.88392	0.877724	1.38476	1.38459	1.38324	1.38347	1.38176	1.38289	1.33231	1.33441	1.33207
F-0_5x	1.38702	1.38438	1.38664	1.38428	1.38503	1.38989	1.2657	1.26669	1.26648	1.05416	1.05971	1.05885	1.34195	1.34034	1.34633	0	0.834465	0.866501	1.38603	1.38801	1.38664	1.34095	1.3428	1.34104	1.33935	1.34152	1.34066	1.38683	1.38732	1.38568	1.38599	1.38435	1.38485	1.25976	1.26343	1.25941
F-1_5x	1.38245	1.37941	1.38257	1.37895	1.37975	1.3853	1.23765	1.23892	1.23917	0.978736	0.986956	0.982924	1.32624	1.32452	1.33182	0.834465	0	0.741169	1.38135	1.38302	1.3817	1.32648	1.32701	1.32586	1.32353	1.32644	1.32561	1.38202	1.3825	1.38111	1.38111	1.37942	1.38032	1.23097	1.23558	1.23065
F-2_5x	1.38312	1.37991	1.38291	1.38026	1.38133	1.3869	1.24361	1.24596	1.24707	0.996851	1.00155	1.0038	1.33032	1.32892	1.33624	0.866501	0.741169	0	1.38229	1.38349	1.38229	1.33098	1.33113	1.33049	1.32844	1.33052	1.32976	1.38348	1.38435	1.38246	1.38212	1.3804	1.3811	1.237	1.24293	1.24008
G-0_5x	1.29248	1.2811	1.2934	1.22916	1.23405	1.2643	1.38025	1.38092	1.38112	1.38018	1.38071	1.38046	1.38064	1.38068	1.38343	1.38603	1.38135	1.38229	0	0.640729	0.579219	1.38067	1.38162	1.38134	1.38001	1.38085	1.38031	1.0423	1.04262	1.02541	1.28678	1.28012	1.28415	1.37924	1.38054	1.37928
G-1_5x	1.29912	1.28797	1.30043	1.23808	1.24064	1.27183	1.38219	1.38255	1.38284	1.38148	1.38217	1.38223	1.38201	1.38213	1.385	1.38801	1.38302	1.38349	0.640729	0	0.642971	1.38198	1.38285	1.38264	1.38158	1.38235	1.38191	1.05881	1.06108	1.04665	1.29286	1.28628	1.29021	1.38119	1.38268	1.38136
G-2_5x	1.29285	1.28156	1.29312	1.23018	1.23398	1.26517	1.38047	1.38092	1.38129	1.38048	1.38105	1.38073	1.38083	1.38058	1.38377	1.38664	1.3817	1.38229	0.579219	0.642971	0	1.38044	1.38137	1.38125	1.38014	1.3809	1.38018	1.04218	1.04391	1.02802	1.28722	1.27994	1.28326	1.37955	1.38083	1.37944
H-0_5x	1.38277	1.37935	1.3827	1.37808	1.37921	1.38468	1.32888	1.32952	1.32992	1.32538	1.32656	1.3269	0.829396	0.82914	0.882243	1.34095	1.32648	1.33098	1.38067	1.38198	1.38044	0	0.641079	0.623759	0.665401	0.685737	0.677005	1.38154	1.38153	1.38067	1.38072	1.37864	1.37984	1.32614	1.32862	1.3255
H-1_5x	1.38361	1.38048	1.38351	1.37906	1.38002	1.38592	1.33092	1.33239	1.33226	1.32634	1.32757	1.32824	0.846027	0.841954	0.899025	1.3428	1.32701	1.33113	1.38162	1.38285	1.38137	0.641079	0	0.647694	0.687423	0.711764	0.695248	1.38242	1.38243	1.38151	1.38161	1.37983	1.38083	1.32864	1.33092	1.32817
H-2_5x	1.38331	1.38004	1.38289	1.37826	1.37939	1.38497	1.32859	1.33019	1.33025	1.32415	1.32558	1.32654	0.835264	0.828903	0.892334	1.34104	1.32586	1.33049	1.38134	1.38264	1.38125	0.623759	0.647694	0	0.675615	0.694746	0.682261	1.38183	1.38195	1.38093	1.38107	1.37925	1.38005	1.32654	1.3285	1.32583
I-0_5x	1.38263	1.37919	1.38197	1.37792	1.37899	1.38482	1.32779	1.32897	1.32945	1.32306	1.32401	1.32496	0.815554	0.812669	0.870978	1.33935	1.32353	1.32844	1.38001	1.38158	1.38014	0.665401	0.687423	0.675615	0	0.592723	0.584459	1.38118	1.38157	1.38012	1.38002	1.37821	1.37925	1.32506	1.32795	1.32433
I-1_5x	1.38317	1.37959	1.38257	1.37839	1.37948	1.38504	1.32924	1.33044	1.33031	1.32457	1.32593	1.32703	0.829194	0.829057	0.88392	1.34152	1.32644	1.33052	1.38085	1.38235	1.3809	0.685737	0.711764	0.694746	0.592723	0	0.605967	1.38186	1.38212	1.38082	1.38086	1.37892	1.38016	1.32666	1.32882	1.32574
I-2_5x	1.38239	1.37892	1.38219	1.37763	1.37873	1.38432	1.32834	1.32919	1.32988	1.32427	1.32528	1.32646	0.818188	0.818345	0.877724	1.34066	1.32561	1.32976	1.38031	1.38191	1.38018	0.677005	0.695248	0.682261	0.584459	0.605967	0	1.38115	1.38177	1.38048	1.38004	1.37835	1.37943	1.32553	1.32785	1.32485
J-0_5x	1.29534	1.28344	1.29558	1.2327	1.23628	1.26547	1.3818	1.38209	1.38267	1.38107	1.38126	1.3812	1.38202	1.38168	1.38476	1.38683	1.38202	1.38348	1.0423	1.05881	1.04218	1.38154	1.38242	1.38183	1.38118	1.38186	1.38115	0	0.657311	0.619546	1.28902	1.28308	1.28531	1.38072	1.382	1.38062
J-1_5x	1.29682	1.28614	1.29745	1.23525	1.2393	1.26758	1.38173	1.38211	1.38214	1.38176	1.38175	1.38175	1.38223	1.38207	1.38459	1.38732	1.3825	1.38435	1.04262	1.06108	1.04391	1.38153	1.38243	1.38195	1.38157	1.38212	1.38177	0.657311	0	0.619833	1.29024	1.2851	1.28826	1.38056	1.3818	1.38063
J-2_5x	1.29248	1.28116	1.29273	1.22832	1.23192	1.26247	1.38044	1.38097	1.38109	1.38023	1.38057	1.3803	1.38108	1.38079	1.38324	1.38568	1.38111	1.38246	1.02541	1.04665	1.02802	1.38067	1.38151	1.38093	1.38012	1.38082	1.38048	0.619546	0.619833	0	1.28543	1.27995	1.28303	1.37936	1.38076	1.37931
K-0_5x	1.1947	1.17193	1.19395	1.27966	1.28343	1.30672	1.38037	1.38066	1.38105	1.37988	1.38001	1.38004	1.38086	1.38116	1.38347	1.38599	1.38111	1.38212	1.28678	1.29286	1.28722	1.38072	1.38161	1.38107	1.38002	1.38086	1.38004	1.28902	1.29024	1.28543	0	0.595355	0.626291	1.37958	1.3808	1.37948
K-1_5x	1.18206	1.15903	1.18313	1.27372	1.27619	1.30075	1.37899	1.37961	1.37962	1.37845	1.37863	1.37855	1.37884	1.37912	1.38176	1.38435	1.37942	1.3804	1.28012	1.28628	1.27994	1.37864	1.37983	1.37925	1.37821	1.37892	1.37835	1.28308	1.2851	1.27995	0.595355	0	0.565366	1.37823	1.37958	1.37834
K-2_5x	1.18794	1.1657	1.18919	1.27716	1.27988	1.30368	1.37977	1.38037	1.38032	1.37923	1.37969	1.37919	1.3801	1.38027	1.38289	1.38485	1.38032	1.3811	1.28415	1.29021	1.28326	1.37984	1.38083	1.38005	1.37925	1.38016	1.37943	1.28531	1.28826	1.28303	0.626291	0.565366	0	1.37899	1.38001	1.37911
L-0_5x	1.38172	1.37826	1.3818	1.37719	1.37795	1.38422	0.705504	0.713814	0.725441	1.22504	1.2279	1.22875	1.32691	1.32667	1.33231	1.25976	1.23097	1.237	1.37924	1.38119	1.37955	1.32614	1.32864	1.32654	1.32506	1.32666	1.32553	1.38072	1.38056	1.37936	1.37958	1.37823	1.37899	0	0.616892	0.582954
L-1_5x	1.38253	1.37902	1.38257	1.3785	1.37893	1.38477	0.727924	0.737906	0.742375	1.23143	1.23393	1.23541	1.3287	1.32939	1.33441	1.26343	1.23558	1.24293	1.38054	1.38268	1.38083	1.32862	1.33092	1.3285	1.32795	1.32882	1.32785	1.382	1.3818	1.38076	1.3808	1.37958	1.38001	0.616892	0	0.611186
L-2_5x	1.38181	1.37828	1.38147	1.37754	1.37813	1.3841	0.707352	0.714927	0.718133	1.22548	1.22818	1.22996	1.32564	1.32622	1.33207	1.25941	1.23065	1.24008	1.37928	1.38136	1.37944	1.3255	1.32817	1.32583	1.32433	1.32574	1.32485	1.38062	1.38063	1.37931	1.37948	1.37834	1.37911	0.582954	0.611186	0
