	A-0_1x	A-1_1x	A-2_1x	B-0_1x	B-1_1x	B-2_1x	C-0_1x	C-1_1x	C-2_1x	D-0_1x	D-1_1x	D-2_1x	E-0_1x	E-1_1x	E-2_1x	F-0_1x	F-1_1x	F-2_1x	G-0_1x	G-1_1x	G-2_1x	H-0_1x	H-1_1x	H-2_1x	I-0_1x	I-1_1x	I-2_1x	J-0_1x	J-1_1x	J-2_1x	K-0_1x	K-1_1x	K-2_1x	L-0_1x	L-1_1x	L-2_1x
A-0_1x	1.20015e-06	4.54885e-07	4.34294e-07	9.44057e-08	9.61386e-08	9.05095e-08	3.14631e-08	3.24512e-08	3.11178e-08	2.97425e-08	3.04627e-08	2.97646e-08	3.19811e-08	3.22595e-08	3.0584e-08	3.16353e-08	3.02317e-08	3.11326e-08	9.37938e-08	9.65014e-08	9.74021e-08	3.19665e-08	3.33891e-08	3.24132e-08	3.32731e-08	3.18277e-08	3.29718e-08	9.20324e-08	9.70916e-08	9.82407e-08	1.63502e-07	1.64311e-07	1.62217e-07	3.2058e-08	3.10273e-08	3.11873e-08
A-1_1x	4.54885e-07	1.22827e-06	4.32717e-07	9.50644e-08	9.33604e-08	9.45939e-08	3.18509e-08	3.12163e-08	3.23515e-08	3.0382e-08	3.07121e-08	3.11555e-08	3.29486e-08	3.22632e-08	3.23557e-08	3.15062e-08	3.0452e-08	3.20826e-08	9.58553e-08	9.71634e-08	9.98491e-08	3.17633e-08	3.36289e-08	3.23452e-08	3.16944e-08	3.27148e-08	3.37565e-08	9.29292e-08	9.54453e-08	9.53115e-08	1.7098e-07	1.6416e-07	1.66801e-07	3.1031e-08	3.19248e-08	3.05025e-08
A-2_1x	4.34294e-07	4.32717e-07	7.84267e-07	9.33185e-08	9.14691e-08	9.29019e-08	3.15001e-08	3.09519e-08	3.03043e-08	2.89714e-08	2.94889e-08	3.01158e-08	3.29936e-08	3.2668e-08	3.30682e-08	3.17568e-08	3.00043e-08	3.07798e-08	9.36767e-08	9.60753e-08	9.78385e-08	3.32847e-08	3.38596e-08	3.29965e-08	3.35243e-08	3.36543e-08	3.4254e-08	9.53423e-08	9.38588e-08	9.44835e-08	1.60645e-07	1.56945e-07	1.57809e-07	3.04473e-08	3.03827e-08	2.97831e-08
B-0_1x	9.44057e-08	9.50644e-08	9.33185e-08	9.5156e-07	4.26721e-07	4.33403e-07	3.1377e-08	3.26269e-08	3.17924e-08	3.05147e-08	3.02648e-08	3.1222e-08	3.1946e-08	3.14868e-08	3.29206e-08	3.10075e-08	3.05974e-08	3.08241e-08	1.28471e-07	1.24889e-07	1.27884e-07	3.23853e-08	3.286e-08	3.27675e-08	3.36691e-08	3.22408e-08	3.40501e-08	1.29815e-07	1.25815e-07	1.25803e-07	9.41649e-08	9.2729e-08	9.2687e-08	3.09641e-08	3.03445e-08	3.06419e-08
B-1_1x	9.61386e-08	9.33604e-08	9.14691e-08	4.26721e-07	1.0448e-06	4.35323e-07	3.16964e-08	3.1201e-08	3.14143e-08	3.04064e-08	2.88415e-08	2.93966e-08	3.24256e-08	3.29411e-08	3.1727e-08	3.0801e-08	2.88166e-08	2.96905e-08	1.30529e-07	1.22886e-07	1.29231e-07	3.2117e-08	3.25276e-08	3.31856e-08	3.37667e-08	3.22166e-08	3.54121e-08	1.29071e-07	1.31138e-07	1.23495e-07	9.25662e-08	9.1279e-08	9.09964e-08	3.09937e-08	3.25624e-08	3.05579e-08
B-2_1x	9.05095e-08	9.45939e-08	9.29019e-08	4.33403e-07	4.35323e-07	9.94355e-07	3.12831e-08	3.24633e-08	3.14116e-08	3.00628e-08	3.05662e-08	3.01471e-08	3.16996e-08	3.18959e-08	3.13149e-08	2.96219e-08	3.10036e-08	3.03027e-08	1.2698e-07	1.22412e-07	1.23229e-07	3.31148e-08	3.32257e-08	3.1934e-08	3.34152e-08	3.30545e-08	3.44064e-08	1.27409e-07	1.25892e-07	1.24418e-07	9.07761e-08	9.20063e-08	8.72804e-08	3.02614e-08	3.18034e-08	3.02087e-08
C-0_1x	3.14631e-08	3.18509e-08	3.15001e-08	3.1377e-08	3.16964e-08	3.12831e-08	1.18491e-06	5.46216e-07	5.24438e-07	1.62178e-07	1.60051e-07	1.6395e-07	8.90166e-08	9.22405e-08	8.97062e-08	1.57597e-07	1.61287e-07	1.55871e-07	3.07425e-08	3.06164e-08	3.18173e-08	9.01763e-08	9.37948e-08	9.19712e-08	9.03914e-08	9.04888e-08	8.95922e-08	3.30472e-08	3.09617e-08	3.15436e-08	3.17198e-08	3.1012e-08	3.07365e-08	4.7935e-07	4.88837e-07	5.05562e-07
C-1_1x	3.24512e-08	3.12163e-08	3.09519e-08	3.26269e-08	3.1201e-08	3.24633e-08	5.46216e-07	1.69882e-06	5.52955e-07	1.58975e-07	1.65107e-07	1.72491e-07	8.9387e-08	9.08019e-08	9.0801e-08	1.64049e-07	1.6725e-07	1.67593e-07	3.02626e-08	3.17736e-08	3.22739e-08	9.02935e-08	9.08366e-08	9.04775e-08	8.87952e-08	8.98699e-08	8.94131e-08	3.17163e-08	3.15193e-08	3.16971e-08	3.24771e-08	3.1169e-08	3.19838e-08	4.94316e-07	5.08824e-07	5.05149e-07
C-2_1x	3.11178e-08	3.23515e-08	3.03043e-08	3.17924e-08	3.14143e-08	3.14116e-08	5.24438e-07	5.52955e-07	1.33029e-06	1.59358e-07	1.62347e-07	1.67565e-07	8.79614e-08	9.04372e-08	8.90815e-08	1.65429e-07	1.62966e-07	1.66179e-07	3.09535e-08	3.18349e-08	3.21381e-08	9.26778e-08	9.25681e-08	9.01524e-08	9.02577e-08	9.16823e-08	9.47588e-08	3.26334e-08	3.26869e-08	3.2156e-08	3.1434e-08	3.10715e-08	3.0828e-08	4.94667e-07	4.96445e-07	5.01531e-07
D-0_1x	2.97425e-08	3.0382e-08	2.89714e-08	3.05147e-08	3.04064e-08	3.00628e-08	1.62178e-07	1.58975e-07	1.59358e-07	9.47683e-07	5.00783e-07	5.10258e-07	8.59272e-08	8.96759e-08	9.04113e-08	3.37445e-07	3.34791e-07	3.38111e-07	3.10011e-08	3.08272e-08	3.06667e-08	9.09183e-08	8.70191e-08	9.03165e-08	8.8828e-08	8.84103e-08	9.00723e-08	3.19687e-08	2.95447e-08	3.07081e-08	3.06243e-08	2.88975e-08	3.0101e-08	1.59742e-07	1.66291e-07	1.58839e-07
D-1_1x	3.04627e-08	3.07121e-08	2.94889e-08	3.02648e-08	2.88415e-08	3.05662e-08	1.60051e-07	1.65107e-07	1.62347e-07	5.00783e-07	9.66847e-07	5.08061e-07	9.03748e-08	9.22616e-08	9.46659e-08	3.39504e-07	3.3579e-07	3.42834e-07	3.07213e-08	3.1312e-08	3.16176e-08	9.1205e-08	8.91844e-08	9.11217e-08	9.15676e-08	9.00749e-08	8.9499e-08	3.17875e-08	3.01448e-08	3.12175e-08	2.98234e-08	2.88616e-08	2.99087e-08	1.62609e-07	1.65741e-07	1.6455e-07
D-2_1x	2.97646e-08	3.11555e-08	3.01158e-08	3.1222e-08	2.93966e-08	3.01471e-08	1.6395e-07	1.72491e-07	1.67565e-07	5.10258e-07	5.08061e-07	1.19423e-06	8.70668e-08	8.99682e-08	9.10832e-08	3.51043e-07	3.46644e-07	3.44778e-07	3.16965e-08	3.14941e-08	3.21919e-08	8.86566e-08	8.73105e-08	9.01783e-08	9.13434e-08	8.82757e-08	9.34252e-08	3.37438e-08	3.01918e-08	3.09958e-08	3.12764e-08	3.00783e-08	3.16413e-08	1.61534e-07	1.62335e-07	1.66152e-07
E-0_1x	3.19811e-08	3.29486e-08	3.29936e-08	3.1946e-08	3.24256e-08	3.16996e-08	8.90166e-08	8.9387e-08	8.79614e-08	8.59272e-08	9.03748e-08	8.70668e-08	1.06971e-06	5.697e-07	5.73951e-07	9.0542e-08	8.98908e-08	8.4908e-08	3.38691e-08	3.26238e-08	3.27908e-08	4.7119e-07	4.77866e-07	4.65964e-07	4.7245e-07	4.68642e-07	4.91012e-07	3.25903e-08	3.22164e-08	3.32351e-08	3.19631e-08	3.13783e-08	3.11385e-08	8.91591e-08	9.06608e-08	8.83124e-08
E-1_1x	3.22595e-08	3.22632e-08	3.2668e-08	3.14868e-08	3.29411e-08	3.18959e-08	9.22405e-08	9.08019e-08	9.04372e-08	8.96759e-08	9.22616e-08	8.99682e-08	5.697e-07	1.12493e-06	5.80786e-07	8.91736e-08	9.07709e-08	8.85984e-08	3.20228e-08	3.21023e-08	3.24983e-08	4.74494e-07	4.74628e-07	4.66795e-07	4.86478e-07	4.83544e-07	4.83344e-07	3.31714e-08	3.29519e-08	3.34224e-08	3.28339e-08	3.23648e-08	3.21062e-08	9.03691e-08	9.06331e-08	9.09682e-08
E-2_1x	3.0584e-08	3.23557e-08	3.30682e-08	3.29206e-08	3.1727e-08	3.13149e-08	8.97062e-08	9.0801e-08	8.90815e-08	9.04113e-08	9.46659e-08	9.10832e-08	5.73951e-07	5.80786e-07	1.36011e-06	9.11813e-08	9.27573e-08	9.19998e-08	3.43026e-08	3.28992e-08	3.29014e-08	4.79191e-07	4.80093e-07	4.76936e-07	4.82515e-07	4.79113e-07	4.90468e-07	3.28762e-08	3.25519e-08	3.374e-08	3.23681e-08	3.24057e-08	3.20605e-08	9.02454e-08	9.34938e-08	8.73974e-08
F-0_1x	3.16353e-08	3.15062e-08	3.17568e-08	3.10075e-08	3.0801e-08	2.96219e-08	1.57597e-07	1.64049e-07	1.65429e-07	3.37445e-07	3.39504e-07	3.51043e-07	9.0542e-08	8.91736e-08	9.11813e-08	1.13828e-06	5.11926e-07	5.13175e-07	3.07398e-08	3.07547e-08	3.09865e-08	9.21758e-08	9.07159e-08	9.09959e-08	9.25326e-08	9.17962e-08	9.48461e-08	3.03782e-08	2.9904e-08	3.05526e-08	3.10499e-08	3.05195e-08	3.10023e-08	1.59028e-07	1.63934e-07	1.697e-07
F-1_1x	3.02317e-08	3.0452e-08	3.00043e-08	3.05974e-08	2.88166e-08	3.10036e-08	1.61287e-07	1.6725e-07	1.62966e-07	3.34791e-07	3.3579e-07	3.46644e-07	8.98908e-08	9.07709e-08	9.27573e-08	5.11926e-07	1.00313e-06	5.14582e-07	3.12389e-08	3.14817e-08	3.1454e-08	9.20431e-08	9.40011e-08	9.07202e-08	9.15608e-08	9.15842e-08	9.38365e-08	3.21653e-08	2.91356e-08	3.04845e-08	3.02372e-08	2.98854e-08	3.03341e-08	1.61267e-07	1.61505e-07	1.66457e-07
F-2_1x	3.11326e-08	3.20826e-08	3.07798e-08	3.08241e-08	2.96905e-08	3.03027e-08	1.55871e-07	1.67593e-07	1.66179e-07	3.38111e-07	3.42834e-07	3.44778e-07	8.4908e-08	8.85984e-08	9.19998e-08	5.13175e-07	5.14582e-07	1.12462e-06	3.24062e-08	3.26278e-08	3.25111e-08	9.06693e-08	8.89318e-08	8.72609e-08	8.93042e-08	8.93632e-08	9.0627e-08	3.16192e-08	3.0386e-08	3.11687e-08	3.03514e-08	3.05002e-08	3.05748e-08	1.60966e-07	1.58763e-07	1.64511e-07
G-0_1x	9.37938e-08	9.58553e-08	9.36767e-08	1.28471e-07	1.30529e-07	1.2698e-07	3.07425e-08	3.02626e-08	3.09535e-08	3.10011e-08	3.07213e-08	3.16965e-08	3.38691e-08	3.20228e-08	3.43026e-08	3.07398e-08	3.12389e-08	3.24062e-08	1.21643e-06	4.63783e-07	4.68841e-07	3.39602e-08	3.20786e-08	3.33733e-08	3.42249e-08	3.27474e-08	3.33259e-08	2.67788e-07	2.6252e-07	2.59915e-07	9.26452e-08	9.37799e-08	9.77647e-08	3.16381e-08	3.22613e-08	3.04061e-08
G-1_1x	9.65014e-08	9.71634e-08	9.60753e-08	1.24889e-07	1.22886e-07	1.22412e-07	3.06164e-08	3.17736e-08	3.18349e-08	3.08272e-08	3.1312e-08	3.14941e-08	3.26238e-08	3.21023e-08	3.28992e-08	3.07547e-08	3.14817e-08	3.26278e-08	4.63783e-07	8.61487e-07	4.53335e-07	3.25685e-08	3.40552e-08	3.30384e-08	3.42863e-08	3.28182e-08	3.38653e-08	2.58394e-07	2.54599e-07	2.57249e-07	9.27417e-08	9.39327e-08	9.71157e-08	3.18585e-08	3.21973e-08	3.11532e-08
G-2_1x	9.74021e-08	9.98491e-08	9.78385e-08	1.27884e-07	1.29231e-07	1.23229e-07	3.18173e-08	3.22739e-08	3.21381e-08	3.06667e-08	3.16176e-08	3.21919e-08	3.27908e-08	3.24983e-08	3.29014e-08	3.09865e-08	3.1454e-08	3.25111e-08	4.68841e-07	4.53335e-07	8.38333e-07	3.33256e-08	3.36994e-08	3.37977e-08	3.50735e-08	3.30276e-08	3.40635e-08	2.6225e-07	2.5782e-07	2.57779e-07	9.16534e-08	9.3993e-08	9.39704e-08	3.18382e-08	3.27286e-08	3.14908e-08
H-0_1x	3.19665e-08	3.17633e-08	3.32847e-08	3.23853e-08	3.2117e-08	3.31148e-08	9.01763e-08	9.02935e-08	9.26778e-08	9.09183e-08	9.1205e-08	8.86566e-08	4.7119e-07	4.74494e-07	4.79191e-07	9.21758e-08	9.20431e-08	9.06693e-08	3.39602e-08	3.25685e-08	3.33256e-08	1.18958e-06	6.03538e-07	5.78417e-07	5.6484e-07	5.54041e-07	5.60118e-07	3.41056e-08	3.34519e-08	3.38298e-08	3.20057e-08	3.27063e-08	3.24588e-08	9.10199e-08	9.04094e-08	9.2076e-08
H-1_1x	3.33891e-08	3.36289e-08	3.38596e-08	3.286e-08	3.25276e-08	3.32257e-08	9.37948e-08	9.08366e-08	9.25681e-08	8.70191e-08	8.91844e-08	8.73105e-08	4.77866e-07	4.74628e-07	4.80093e-07	9.07159e-08	9.40011e-08	8.89318e-08	3.20786e-08	3.40552e-08	3.36994e-08	6.03538e-07	1.4068e-06	5.82373e-07	5.73534e-07	5.61615e-07	5.79527e-07	3.54186e-08	3.31862e-08	3.38189e-08	3.28248e-08	3.26659e-08	3.29466e-08	9.01682e-08	9.09724e-08	9.04153e-08
H-2_1x	3.24132e-08	3.23452e-08	3.29965e-08	3.27675e-08	3.31856e-08	3.1934e-08	9.19712e-08	9.04775e-08	9.01524e-08	9.03165e-08	9.11217e-08	9.01783e-08	4.65964e-07	4.66795e-07	4.76936e-07	9.09959e-08	9.07202e-08	8.72609e-08	3.33733e-08	3.30384e-08	3.37977e-08	5.78417e-07	5.82373e-07	1.02199e-06	5.56398e-07	5.40182e-07	5.58552e-07	3.32735e-08	3.32912e-08	3.338e-08	3.30917e-08	3.29369e-08	3.28029e-08	8.94952e-08	9.03839e-08	8.98232e-08
I-0_1x	3.32731e-08	3.16944e-08	3.35243e-08	3.36691e-08	3.37667e-08	3.34152e-08	9.03914e-08	8.87952e-08	9.02577e-08	8.8828e-08	9.15676e-08	9.13434e-08	4.7245e-07	4.86478e-07	4.82515e-07	9.25326e-08	9.15608e-08	8.93042e-08	3.42249e-08	3.42863e-08	3.50735e-08	5.6484e-07	5.73534e-07	5.56398e-07	1.26022e-06	5.84457e-07	6.00278e-07	3.54863e-08	3.28062e-08	3.36209e-08	3.30563e-08	3.30421e-08	3.3461e-08	8.8682e-08	9.01198e-08	9.08899e-08
I-1_1x	3.18277e-08	3.27148e-08	3.36543e-08	3.22408e-08	3.22166e-08	3.30545e-08	9.04888e-08	8.98699e-08	9.16823e-08	8.84103e-08	9.00749e-08	8.82757e-08	4.68642e-07	4.83544e-07	4.79113e-07	9.17962e-08	9.15842e-08	8.93632e-08	3.27474e-08	3.28182e-08	3.30276e-08	5.54041e-07	5.61615e-07	5.40182e-07	5.84457e-07	1.09018e-06	6.05991e-07	3.3366e-08	3.30021e-08	3.28693e-08	3.37497e-08	3.34229e-08	3.23044e-08	8.90554e-08	8.91015e-08	8.98716e-08
I-2_1x	3.29718e-08	3.37565e-08	3.4254e-08	3.40501e-08	3.54121e-08	3.44064e-08	8.95922e-08	8.94131e-08	9.47588e-08	9.00723e-08	8.9499e-08	9.34252e-08	4.91012e-07	4.83344e-07	4.90468e-07	9.48461e-08	9.38365e-08	9.0627e-08	3.33259e-08	3.38653e-08	3.40635e-08	5.60118e-07	5.79527e-07	5.58552e-07	6.00278e-07	6.05991e-07	2.09169e-06	3.33529e-08	3.43775e-08	3.44365e-08	3.39063e-08	3.41229e-08	3.35637e-08	9.33718e-08	9.55885e-08	8.97707e-08
J-0_1x	9.20324e-08	9.29292e-08	9.53423e-08	1.29815e-07	1.29071e-07	1.27409e-07	3.30472e-08	3.17163e-08	3.26334e-08	3.19687e-08	3.17875e-08	3.37438e-08	3.25903e-08	3.31714e-08	3.28762e-08	3.03782e-08	3.21653e-08	3.16192e-08	2.67788e-07	2.58394e-07	2.6225e-07	3.41056e-08	3.54186e-08	3.32735e-08	3.54863e-08	3.3366e-08	3.33529e-08	1.31678e-06	4.712e-07	4.69415e-07	9.67811e-08	9.23518e-08	9.5983e-08	3.17017e-08	3.24488e-08	3.20396e-08
J-1_1x	9.70916e-08	9.54453e-08	9.38588e-08	1.25815e-07	1.31138e-07	1.25892e-07	3.09617e-08	3.15193e-08	3.26869e-08	2.95447e-08	3.01448e-08	3.01918e-08	3.22164e-08	3.29519e-08	3.25519e-08	2.9904e-08	2.91356e-08	3.0386e-08	2.6252e-07	2.54599e-07	2.5782e-07	3.34519e-08	3.31862e-08	3.32912e-08	3.28062e-08	3.30021e-08	3.43775e-08	4.712e-07	1.04418e-06	4.55754e-07	9.35695e-08	9.23527e-08	9.67979e-08	3.06153e-08	3.15039e-08	3.06826e-08
J-2_1x	9.82407e-08	9.53115e-08	9.44835e-08	1.25803e-07	1.23495e-07	1.24418e-07	3.15436e-08	3.16971e-08	3.2156e-08	3.07081e-08	3.12175e-08	3.09958e-08	3.32351e-08	3.34224e-08	3.374e-08	3.05526e-08	3.04845e-08	3.11687e-08	2.59915e-07	2.57249e-07	2.57779e-07	3.38298e-08	3.38189e-08	3.338e-08	3.36209e-08	3.28693e-08	3.44365e-08	4.69415e-07	4.55754e-07	1.05341e-06	9.2975e-08	9.26327e-08	9.33394e-08	3.18109e-08	3.16874e-08	3.14946e-08
K-0_1x	1.63502e-07	1.7098e-07	1.60645e-07	9.41649e-08	9.25662e-08	9.07761e-08	3.17198e-08	3.24771e-08	3.1434e-08	3.06243e-08	2.98234e-08	3.12764e-08	3.19631e-08	3.28339e-08	3.23681e-08	3.10499e-08	3.02372e-08	3.03514e-08	9.26452e-08	9.27417e-08	9.16534e-08	3.20057e-08	3.28248e-08	3.30917e-08	3.30563e-08	3.37497e-08	3.39063e-08	9.67811e-08	9.35695e-08	9.2975e-08	1.1434e-06	4.33143e-07	4.40138e-07	3.22351e-08	3.35118e-08	3.07211e-08
K-1_1x	1.64311e-07	1.6416e-07	1.56945e-07	9.2729e-08	9.1279e-08	9.20063e-08	3.1012e-08	3.1169e-08	3.10715e-08	2.88975e-08	2.88616e-08	3.00783e-08	3.13783e-08	3.23648e-08	3.24057e-08	3.05195e-08	2.98854e-08	3.05002e-08	9.37799e-08	9.39327e-08	9.3993e-08	3.27063e-08	3.26659e-08	3.29369e-08	3.30421e-08	3.34229e-08	3.41229e-08	9.23518e-08	9.23527e-08	9.26327e-08	4.33143e-07	9.40847e-07	4.23431e-07	3.04913e-08	3.05711e-08	3.01571e-08
K-2_1x	1.62217e-07	1.66801e-07	1.57809e-07	9.2687e-08	9.09964e-08	8.72804e-08	3.07365e-08	3.19838e-08	3.0828e-08	3.0101e-08	2.99087e-08	3.16413e-08	3.11385e-08	3.21062e-08	3.20605e-08	3.10023e-08	3.03341e-08	3.05748e-08	9.77647e-08	9.71157e-08	9.39704e-08	3.24588e-08	3.29466e-08	3.28029e-08	3.3461e-08	3.23044e-08	3.35637e-08	9.5983e-08	9.67979e-08	9.33394e-08	4.40138e-07	4.23431e-07	8.70329e-07	3.15286e-08	3.10467e-08	3.02774e-08
L-0_1x	3.2058e-08	3.1031e-08	3.04473e-08	3.09641e-08	3.09937e-08	3.02614e-08	4.7935e-07	4.94316e-07	4.94667e-07	1.59742e-07	1.62609e-07	1.61534e-07	8.91591e-08	9.03691e-08	9.02454e-08	1.59028e-07	1.61267e-07	1.60966e-07	3.16381e-08	3.18585e-08	3.18382e-08	9.10199e-08	9.01682e-08	8.94952e-08	8.8682e-08	8.90554e-08	9.33718e-08	3.17017e-08	3.06153e-08	3.18109e-08	3.22351e-08	3.04913e-08	3.15286e-08	9.28506e-07	5.29792e-07	5.21148e-07
L-1_1x	3.10273e-08	3.19248e-08	3.03827e-08	3.03445e-08	3.25624e-08	3.18034e-08	4.88837e-07	5.08824e-07	4.96445e-07	1.66291e-07	1.65741e-07	1.62335e-07	9.06608e-08	9.06331e-08	9.34938e-08	1.63934e-07	1.61505e-07	1.58763e-07	3.22613e-08	3.21973e-08	3.27286e-08	9.04094e-08	9.09724e-08	9.03839e-08	9.01198e-08	8.91015e-08	9.55885e-08	3.24488e-08	3.15039e-08	3.16874e-08	3.35118e-08	3.05711e-08	3.10467e-08	5.29792e-07	1.2533e-06	5.27633e-07
L-2_1x	3.11873e-08	3.05025e-08	2.97831e-08	3.06419e-08	3.05579e-08	3.02087e-08	5.05562e-07	5.05149e-07	5.01531e-07	1.58839e-07	1.6455e-07	1.66152e-07	8.83124e-08	9.09682e-08	8.73974e-08	1.697e-07	1.66457e-07	1.64511e-07	3.04061e-08	3.11532e-08	3.14908e-08	9.2076e-08	9.04153e-08	8.98232e-08	9.08899e-08	8.98716e-08	8.97707e-08	3.20396e-08	3.06826e-08	3.14946e-08	3.07211e-08	3.01571e-08	3.02774e-08	5.21148e-07	5.27633e-07	1.22603e-06
