	A-0_20x	A-1_20x	A-2_20x	B-0_20x	B-1_20x	B-2_20x	C-0_20x	C-1_20x	C-2_20x	D-0_20x	D-1_20x	D-2_20x	E-0_20x	E-1_20x	E-2_20x	F-0_20x	F-1_20x	F-2_20x	G-0_20x	G-1_20x	G-2_20x	H-0_20x	H-1_20x	H-2_20x	I-0_20x	I-1_20x	I-2_20x	J-0_20x	J-1_20x	J-2_20x	K-0_20x	K-1_20x	K-2_20x	L-0_20x	L-1_20x	L-2_20x
A-0_20x	5.21793e+08	1.55802e+08	3.27588e+08	3.01839e+07	4.85166e+07	5.31202e+07	1.91587e+07	1.07274e+07	1.71483e+07	1.55569e+07	1.61691e+07	9.16508e+06	1.12873e+07	2.31815e+07	9.08914e+06	1.93882e+07	2.6598e+07	1.15745e+07	3.76758e+07	6.9695e+07	5.0672e+07	1.34543e+07	9.03445e+06	1.5756e+07	1.7622e+07	1.64636e+07	1.62944e+07	4.55057e+07	6.59471e+07	5.03939e+07	9.73227e+07	1.04381e+08	7.08796e+07	1.80406e+07	1.35621e+07	9.20376e+06
A-1_20x	1.55802e+08	5.61734e+07	1.02361e+08	9.4408e+06	1.51301e+07	1.65725e+07	6.06274e+06	3.39686e+06	5.42077e+06	4.87068e+06	5.06154e+06	2.8683e+06	3.54501e+06	7.27967e+06	2.85138e+06	6.09192e+06	8.35956e+06	3.63711e+06	1.17828e+07	2.17802e+07	1.58927e+07	4.22764e+06	2.83786e+06	4.95347e+06	5.54483e+06	5.18992e+06	5.12508e+06	1.42676e+07	2.06896e+07	1.57874e+07	3.05341e+07	3.27035e+07	2.21928e+07	5.69385e+06	4.29245e+06	2.9036e+06
A-2_20x	3.27588e+08	1.02361e+08	2.30401e+08	1.98357e+07	3.18617e+07	3.4904e+07	1.25848e+07	7.04543e+06	1.12659e+07	1.02684e+07	1.06746e+07	6.06135e+06	7.46983e+06	1.53238e+07	5.99968e+06	1.27796e+07	1.75487e+07	7.64259e+06	2.46552e+07	4.55484e+07	3.31582e+07	8.88415e+06	5.96343e+06	1.03881e+07	1.16314e+07	1.08778e+07	1.07489e+07	2.98503e+07	4.3173e+07	3.29868e+07	6.39952e+07	6.85907e+07	4.65453e+07	1.18644e+07	8.91475e+06	6.05343e+06
B-0_20x	3.01839e+07	9.4408e+06	1.98357e+07	8.50463e+07	1.22018e+08	1.33278e+08	7.5189e+06	4.22478e+06	6.73924e+06	6.13094e+06	6.35922e+06	3.62291e+06	4.48779e+06	9.18356e+06	3.61115e+06	7.53557e+06	1.03456e+07	4.47582e+06	2.04856e+07	3.7883e+07	2.74346e+07	5.34999e+06	3.59534e+06	6.28586e+06	6.98232e+06	6.52506e+06	6.44892e+06	2.47007e+07	3.5801e+07	2.73779e+07	1.9871e+07	2.12797e+07	1.44426e+07	7.11678e+06	5.32126e+06	3.61845e+06
B-1_20x	4.85166e+07	1.51301e+07	3.18617e+07	1.22018e+08	2.11532e+08	2.14477e+08	1.20768e+07	6.79164e+06	1.08273e+07	9.79519e+06	1.01979e+07	5.78735e+06	7.19962e+06	1.47662e+07	5.78933e+06	1.20681e+07	1.65588e+07	7.1643e+06	3.2981e+07	6.10075e+07	4.41926e+07	8.55467e+06	5.75062e+06	1.00643e+07	1.11922e+07	1.0457e+07	1.03385e+07	3.97228e+07	5.73996e+07	4.40614e+07	3.17993e+07	3.41504e+07	2.32074e+07	1.14407e+07	8.56078e+06	5.82907e+06
B-2_20x	5.31202e+07	1.65725e+07	3.4904e+07	1.33278e+08	2.14477e+08	2.50443e+08	1.31873e+07	7.40472e+06	1.17894e+07	1.07261e+07	1.11614e+07	6.34987e+06	7.8523e+06	1.60746e+07	6.31176e+06	1.31627e+07	1.80813e+07	7.83573e+06	3.60177e+07	6.66e+07	4.83087e+07	9.34121e+06	6.26351e+06	1.09716e+07	1.22167e+07	1.13949e+07	1.12645e+07	4.35043e+07	6.29948e+07	4.82573e+07	3.46961e+07	3.7286e+07	2.53901e+07	1.24937e+07	9.34326e+06	6.34633e+06
C-0_20x	1.91587e+07	6.06274e+06	1.25848e+07	7.5189e+06	1.20768e+07	1.31873e+07	3.91017e+08	2.07864e+08	3.30673e+08	7.24783e+07	7.51663e+07	4.27411e+07	2.61921e+07	5.34099e+07	2.09811e+07	8.95468e+07	1.22902e+08	5.33319e+07	9.61764e+06	1.77275e+07	1.27878e+07	3.12017e+07	2.09325e+07	3.64469e+07	4.04615e+07	3.79693e+07	3.73271e+07	1.13714e+07	1.65027e+07	1.27159e+07	1.26877e+07	1.35572e+07	9.23516e+06	3.18925e+08	2.3996e+08	1.62777e+08
C-1_20x	1.07274e+07	3.39686e+06	7.04543e+06	4.22478e+06	6.79164e+06	7.40472e+06	2.07864e+08	1.27759e+08	1.85232e+08	4.0694e+07	4.22381e+07	2.39813e+07	1.47324e+07	3.00602e+07	1.17695e+07	5.03271e+07	6.90473e+07	2.99614e+07	5.37342e+06	9.89914e+06	7.14589e+06	1.74808e+07	1.1746e+07	2.04213e+07	2.27353e+07	2.13428e+07	2.09543e+07	6.36959e+06	9.22466e+06	7.11505e+06	7.10856e+06	7.5987e+06	5.16725e+06	1.78659e+08	1.34546e+08	9.12415e+07
C-2_20x	1.71483e+07	5.42077e+06	1.12659e+07	6.73924e+06	1.08273e+07	1.17894e+07	3.30673e+08	1.85232e+08	3.12852e+08	6.47895e+07	6.72671e+07	3.82841e+07	2.34181e+07	4.77122e+07	1.8748e+07	8.00026e+07	1.09737e+08	4.7623e+07	8.55163e+06	1.57495e+07	1.1369e+07	2.78025e+07	1.8729e+07	3.25656e+07	3.62304e+07	3.39671e+07	3.34128e+07	1.01271e+07	1.4688e+07	1.1328e+07	1.13408e+07	1.2129e+07	8.26175e+06	2.84665e+08	2.14184e+08	1.45387e+08
D-0_20x	1.55569e+07	4.87068e+06	1.02684e+07	6.13094e+06	9.79519e+06	1.07261e+07	7.24783e+07	4.0694e+07	6.47895e+07	2.61955e+08	2.55527e+08	1.45201e+08	2.13944e+07	4.39569e+07	1.72241e+07	1.8036e+08	2.4766e+08	1.06914e+08	7.68723e+06	1.41968e+07	1.02279e+07	2.54198e+07	1.70238e+07	2.97514e+07	3.30178e+07	3.09982e+07	3.04423e+07	9.18514e+06	1.32287e+07	1.01635e+07	1.02666e+07	1.09895e+07	7.47106e+06	6.84217e+07	5.15163e+07	3.49222e+07
D-1_20x	1.61691e+07	5.06154e+06	1.06746e+07	6.35922e+06	1.01979e+07	1.11614e+07	7.51663e+07	4.22381e+07	6.72671e+07	2.55527e+08	2.83458e+08	1.51156e+08	2.22634e+07	4.57018e+07	1.79023e+07	1.87678e+08	2.57733e+08	1.11297e+08	8.00667e+06	1.47693e+07	1.06466e+07	2.64926e+07	1.77676e+07	3.10386e+07	3.44925e+07	3.23069e+07	3.17216e+07	9.57219e+06	1.38292e+07	1.0591e+07	1.07132e+07	1.14425e+07	7.77968e+06	7.10582e+07	5.34188e+07	3.62383e+07
D-2_20x	9.16508e+06	2.8683e+06	6.06135e+06	3.62291e+06	5.78735e+06	6.34987e+06	4.27411e+07	2.39813e+07	3.82841e+07	1.45201e+08	1.51156e+08	9.554e+07	1.26879e+07	2.59901e+07	1.01601e+07	1.06561e+08	1.46248e+08	6.30886e+07	4.54962e+06	8.40311e+06	6.06686e+06	1.50715e+07	1.00935e+07	1.76379e+07	1.96249e+07	1.84106e+07	1.79973e+07	5.43814e+06	7.8452e+06	6.01082e+06	6.06089e+06	6.48815e+06	4.41195e+06	4.04347e+07	3.03802e+07	2.06128e+07
E-0_20x	1.12873e+07	3.54501e+06	7.46983e+06	4.48779e+06	7.19962e+06	7.8523e+06	2.61921e+07	1.47324e+07	2.34181e+07	2.13944e+07	2.22634e+07	1.26879e+07	1.44847e+08	2.70998e+08	1.06236e+08	2.67034e+07	3.67703e+07	1.59878e+07	5.7004e+06	1.05713e+07	7.65146e+06	1.19604e+08	8.06597e+07	1.40676e+08	1.56886e+08	1.4654e+08	1.44281e+08	6.80335e+06	9.84574e+06	7.59589e+06	7.53327e+06	8.121e+06	5.50485e+06	2.49003e+07	1.86695e+07	1.27103e+07
E-1_20x	2.31815e+07	7.27967e+06	1.53238e+07	9.18356e+06	1.47662e+07	1.60746e+07	5.34099e+07	3.00602e+07	4.77122e+07	4.39569e+07	4.57018e+07	2.59901e+07	2.70998e+08	5.78012e+08	2.16923e+08	5.48219e+07	7.5535e+07	3.29274e+07	1.17092e+07	2.16975e+07	1.57248e+07	2.43728e+08	1.64438e+08	2.86598e+08	3.20145e+08	2.98634e+08	2.94759e+08	1.39937e+07	2.02184e+07	1.56237e+07	1.53747e+07	1.65537e+07	1.12162e+07	5.08769e+07	3.81202e+07	2.59117e+07
E-2_20x	9.08914e+06	2.85138e+06	5.99968e+06	3.61115e+06	5.78933e+06	6.31176e+06	2.09811e+07	1.17695e+07	1.8748e+07	1.72241e+07	1.79023e+07	1.01601e+07	1.06236e+08	2.16923e+08	9.46855e+07	2.14199e+07	2.9474e+07	1.28346e+07	4.58342e+06	8.4982e+06	6.14415e+06	9.56672e+07	6.44631e+07	1.12194e+08	1.25601e+08	1.17138e+08	1.1548e+08	5.45873e+06	7.88464e+06	6.10315e+06	6.05406e+06	6.50805e+06	4.41207e+06	1.99287e+07	1.49572e+07	1.01505e+07
F-0_20x	1.93882e+07	6.09192e+06	1.27796e+07	7.53557e+06	1.20681e+07	1.31627e+07	8.95468e+07	5.03271e+07	8.00026e+07	1.8036e+08	1.87678e+08	1.06561e+08	2.67034e+07	5.48219e+07	2.14199e+07	4.03372e+08	5.24628e+08	2.272e+08	9.50772e+06	1.75167e+07	1.26491e+07	3.17885e+07	2.12744e+07	3.7231e+07	4.15004e+07	3.89396e+07	3.81902e+07	1.13783e+07	1.63617e+07	1.26217e+07	1.26463e+07	1.35337e+07	9.24461e+06	8.46176e+07	6.37454e+07	4.32411e+07
F-1_20x	2.6598e+07	8.35956e+06	1.75487e+07	1.03456e+07	1.65588e+07	1.80813e+07	1.22902e+08	6.90473e+07	1.09737e+08	2.4766e+08	2.57733e+08	1.46248e+08	3.67703e+07	7.5535e+07	2.9474e+07	5.24628e+08	7.48267e+08	3.11559e+08	1.29998e+07	2.38982e+07	1.72846e+07	4.37049e+07	2.92318e+07	5.11645e+07	5.70648e+07	5.35313e+07	5.24534e+07	1.55852e+07	2.24194e+07	1.73035e+07	1.73374e+07	1.85659e+07	1.2657e+07	1.16215e+08	8.75545e+07	5.93341e+07
F-2_20x	1.15745e+07	3.63711e+06	7.64259e+06	4.47582e+06	7.1643e+06	7.83573e+06	5.33319e+07	2.99614e+07	4.7623e+07	1.06914e+08	1.11297e+08	6.30886e+07	1.59878e+07	3.29274e+07	1.28346e+07	2.272e+08	3.11559e+08	1.47073e+08	5.64096e+06	1.04082e+07	7.50427e+06	1.89682e+07	1.27019e+07	2.21957e+07	2.47706e+07	2.32621e+07	2.27393e+07	6.7438e+06	9.68402e+06	7.49276e+06	7.53185e+06	8.07304e+06	5.49886e+06	5.04024e+07	3.793e+07	2.57061e+07
G-0_20x	3.76758e+07	1.17828e+07	2.46552e+07	2.04856e+07	3.2981e+07	3.60177e+07	9.61764e+06	5.37342e+06	8.55163e+06	7.68723e+06	8.00667e+06	4.54962e+06	5.7004e+06	1.17092e+07	4.58342e+06	9.50772e+06	1.29998e+07	5.64096e+06	1.35843e+08	2.28961e+08	1.66059e+08	6.69082e+06	4.50664e+06	7.86743e+06	8.87991e+06	8.30159e+06	8.17299e+06	6.98583e+07	1.01457e+08	7.77725e+07	2.49948e+07	2.67979e+07	1.81833e+07	9.07667e+06	6.82788e+06	4.63365e+06
G-1_20x	6.9695e+07	2.17802e+07	4.55484e+07	3.7883e+07	6.10075e+07	6.66e+07	1.77275e+07	9.89914e+06	1.57495e+07	1.41968e+07	1.47693e+07	8.40311e+06	1.05713e+07	2.16975e+07	8.4982e+06	1.75167e+07	2.38982e+07	1.04082e+07	2.28961e+08	4.44078e+08	3.06556e+08	1.24179e+07	8.36566e+06	1.45817e+07	1.64737e+07	1.53885e+07	1.51583e+07	1.29028e+08	1.87372e+08	1.43625e+08	4.60777e+07	4.95404e+07	3.3613e+07	1.6679e+07	1.25563e+07	8.51585e+06
G-2_20x	5.0672e+07	1.58927e+07	3.31582e+07	2.74346e+07	4.41926e+07	4.83087e+07	1.27878e+07	7.14589e+06	1.1369e+07	1.02279e+07	1.06466e+07	6.06686e+06	7.65146e+06	1.57248e+07	6.14415e+06	1.26491e+07	1.72846e+07	7.50427e+06	1.66059e+08	3.06556e+08	2.38044e+08	8.97972e+06	6.05934e+06	1.05626e+07	1.1904e+07	1.11196e+07	1.09458e+07	9.36532e+07	1.35861e+08	1.04409e+08	3.34352e+07	3.59201e+07	2.43503e+07	1.20216e+07	9.05728e+06	6.14152e+06
H-0_20x	1.34543e+07	4.22764e+06	8.88415e+06	5.34999e+06	8.55467e+06	9.34121e+06	3.12017e+07	1.74808e+07	2.78025e+07	2.54198e+07	2.64926e+07	1.50715e+07	1.19604e+08	2.43728e+08	9.56672e+07	3.17885e+07	4.37049e+07	1.89682e+07	6.69082e+06	1.24179e+07	8.97972e+06	2.00152e+08	1.25004e+08	2.18097e+08	2.24737e+08	2.09661e+08	2.06595e+08	8.02492e+06	1.16412e+07	8.95001e+06	8.96144e+06	9.63484e+06	6.5368e+06	2.95894e+07	2.21613e+07	1.51036e+07
H-1_20x	9.03445e+06	2.83786e+06	5.96343e+06	3.59534e+06	5.75062e+06	6.26351e+06	2.09325e+07	1.1746e+07	1.8729e+07	1.70238e+07	1.77676e+07	1.00935e+07	8.06597e+07	1.64438e+08	6.44631e+07	2.12744e+07	2.92318e+07	1.27019e+07	4.50664e+06	8.36566e+06	6.05934e+06	1.25004e+08	9.37888e+07	1.46735e+08	1.51193e+08	1.41207e+08	1.39295e+08	5.40273e+06	7.84268e+06	6.03788e+06	6.01812e+06	6.47319e+06	4.39404e+06	1.9913e+07	1.49239e+07	1.01722e+07
H-2_20x	1.5756e+07	4.95347e+06	1.03881e+07	6.28586e+06	1.00643e+07	1.09716e+07	3.64469e+07	2.04213e+07	3.25656e+07	2.97514e+07	3.10386e+07	1.76379e+07	1.40676e+08	2.86598e+08	1.12194e+08	3.7231e+07	5.11645e+07	2.21957e+07	7.86743e+06	1.45817e+07	1.05626e+07	2.18097e+08	1.46735e+08	2.72521e+08	2.63575e+08	2.46225e+08	2.42781e+08	9.49347e+06	1.37758e+07	1.05807e+07	1.05051e+07	1.13176e+07	7.68129e+06	3.46459e+07	2.59775e+07	1.76769e+07
I-0_20x	1.7622e+07	5.54483e+06	1.16314e+07	6.98232e+06	1.11922e+07	1.22167e+07	4.04615e+07	2.27353e+07	3.62304e+07	3.30178e+07	3.44925e+07	1.96249e+07	1.56886e+08	3.20145e+08	1.25601e+08	4.15004e+07	5.70648e+07	2.47706e+07	8.87991e+06	1.64737e+07	1.1904e+07	2.24737e+08	1.51193e+08	2.63575e+08	3.38492e+08	2.98234e+08	2.93612e+08	1.063e+07	1.54144e+07	1.18595e+07	1.17969e+07	1.2693e+07	8.60053e+06	3.84607e+07	2.88594e+07	1.9666e+07
I-1_20x	1.64636e+07	5.18992e+06	1.08778e+07	6.52506e+06	1.0457e+07	1.13949e+07	3.79693e+07	2.13428e+07	3.39671e+07	3.09982e+07	3.23069e+07	1.84106e+07	1.4654e+08	2.98634e+08	1.17138e+08	3.89396e+07	5.35313e+07	2.32621e+07	8.30159e+06	1.53885e+07	1.11196e+07	2.09661e+08	1.41207e+08	2.46225e+08	2.98234e+08	2.95386e+08	2.74083e+08	9.88155e+06	1.43202e+07	1.10334e+07	1.10104e+07	1.18465e+07	8.03475e+06	3.60916e+07	2.70988e+07	1.84797e+07
I-2_20x	1.62944e+07	5.12508e+06	1.07489e+07	6.44892e+06	1.03385e+07	1.12645e+07	3.73271e+07	2.09543e+07	3.34128e+07	3.04423e+07	3.17216e+07	1.79973e+07	1.44281e+08	2.94759e+08	1.1548e+08	3.81902e+07	5.24534e+07	2.27393e+07	8.17299e+06	1.51583e+07	1.09458e+07	2.06595e+08	1.39295e+08	2.42781e+08	2.93612e+08	2.74083e+08	2.87049e+08	9.75021e+06	1.41226e+07	1.08643e+07	1.08891e+07	1.17306e+07	7.93811e+06	3.55108e+07	2.66686e+07	1.81734e+07
J-0_20x	4.55057e+07	1.42676e+07	2.98503e+07	2.47007e+07	3.97228e+07	4.35043e+07	1.13714e+07	6.36959e+06	1.01271e+07	9.18514e+06	9.57219e+06	5.43814e+06	6.80335e+06	1.39937e+07	5.45873e+06	1.13783e+07	1.55852e+07	6.7438e+06	6.98583e+07	1.29028e+08	9.36532e+07	8.02492e+06	5.40273e+06	9.49347e+06	1.063e+07	9.88155e+06	9.75021e+06	1.90649e+08	2.56908e+08	1.96933e+08	3.00823e+07	3.22224e+07	2.1917e+07	1.07213e+07	8.0745e+06	5.52474e+06
J-1_20x	6.59471e+07	2.06896e+07	4.3173e+07	3.5801e+07	5.73996e+07	6.29948e+07	1.65027e+07	9.22466e+06	1.4688e+07	1.32287e+07	1.38292e+07	7.8452e+06	9.84574e+06	2.02184e+07	7.88464e+06	1.63617e+07	2.24194e+07	9.68402e+06	1.01457e+08	1.87372e+08	1.35861e+08	1.16412e+07	7.84268e+06	1.37758e+07	1.54144e+07	1.43202e+07	1.41226e+07	2.56908e+08	3.93083e+08	2.85792e+08	4.3555e+07	4.66206e+07	3.1667e+07	1.55652e+07	1.16908e+07	7.99584e+06
J-2_20x	5.03939e+07	1.57874e+07	3.29868e+07	2.73779e+07	4.40614e+07	4.82573e+07	1.27159e+07	7.11505e+06	1.1328e+07	1.01635e+07	1.0591e+07	6.01082e+06	7.59589e+06	1.56237e+07	6.10315e+06	1.26217e+07	1.73035e+07	7.49276e+06	7.77725e+07	1.43625e+08	1.04409e+08	8.95001e+06	6.03788e+06	1.05807e+07	1.18595e+07	1.10334e+07	1.08643e+07	1.96933e+08	2.85792e+08	2.34407e+08	3.32688e+07	3.56204e+07	2.42403e+07	1.199e+07	9.00574e+06	6.16437e+06
K-0_20x	9.73227e+07	3.05341e+07	6.39952e+07	1.9871e+07	3.17993e+07	3.46961e+07	1.26877e+07	7.10856e+06	1.13408e+07	1.02666e+07	1.07132e+07	6.06089e+06	7.53327e+06	1.53747e+07	6.05406e+06	1.26463e+07	1.73374e+07	7.53185e+06	2.49948e+07	4.60777e+07	3.34352e+07	8.96144e+06	6.01812e+06	1.05051e+07	1.17969e+07	1.10104e+07	1.08891e+07	3.00823e+07	4.3555e+07	3.32688e+07	2.32784e+08	2.33017e+08	1.58162e+08	1.19742e+07	8.94756e+06	6.10852e+06
K-1_20x	1.04381e+08	3.27035e+07	6.85907e+07	2.12797e+07	3.41504e+07	3.7286e+07	1.35572e+07	7.5987e+06	1.2129e+07	1.09895e+07	1.14425e+07	6.48815e+06	8.121e+06	1.65537e+07	6.50805e+06	1.35337e+07	1.85659e+07	8.07304e+06	2.67979e+07	4.95404e+07	3.59201e+07	9.63484e+06	6.47319e+06	1.13176e+07	1.2693e+07	1.18465e+07	1.17306e+07	3.22224e+07	4.66206e+07	3.56204e+07	2.33017e+08	2.66545e+08	1.69461e+08	1.28121e+07	9.57495e+06	6.53651e+06
K-2_20x	7.08796e+07	2.21928e+07	4.65453e+07	1.44426e+07	2.32074e+07	2.53901e+07	9.23516e+06	5.16725e+06	8.26175e+06	7.47106e+06	7.77968e+06	4.41195e+06	5.50485e+06	1.12162e+07	4.41207e+06	9.24461e+06	1.2657e+07	5.49886e+06	1.81833e+07	3.3613e+07	2.43503e+07	6.5368e+06	4.39404e+06	7.68129e+06	8.60053e+06	8.03475e+06	7.93811e+06	2.1917e+07	3.1667e+07	2.42403e+07	1.58162e+08	1.69461e+08	1.25986e+08	8.71862e+06	6.52958e+06	4.45665e+06
L-0_20x	1.80406e+07	5.69385e+06	1.18644e+07	7.11678e+06	1.14407e+07	1.24937e+07	3.18925e+08	1.78659e+08	2.84665e+08	6.84217e+07	7.10582e+07	4.04347e+07	2.49003e+07	5.08769e+07	1.99287e+07	8.46176e+07	1.16215e+08	5.04024e+07	9.07667e+06	1.6679e+07	1.20216e+07	2.95894e+07	1.9913e+07	3.46459e+07	3.84607e+07	3.60916e+07	3.55108e+07	1.07213e+07	1.55652e+07	1.199e+07	1.19742e+07	1.28121e+07	8.71862e+06	3.52004e+08	2.50541e+08	1.70156e+08
L-1_20x	1.35621e+07	4.29245e+06	8.91475e+06	5.32126e+06	8.56078e+06	9.34326e+06	2.3996e+08	1.34546e+08	2.14184e+08	5.15163e+07	5.34188e+07	3.03802e+07	1.86695e+07	3.81202e+07	1.49572e+07	6.37454e+07	8.75545e+07	3.793e+07	6.82788e+06	1.25563e+07	9.05728e+06	2.21613e+07	1.49239e+07	2.59775e+07	2.88594e+07	2.70988e+07	2.66686e+07	8.0745e+06	1.16908e+07	9.00574e+06	8.94756e+06	9.57495e+06	6.52958e+06	2.50541e+08	2.03076e+08	1.27943e+08
L-2_20x	9.20376e+06	2.9036e+06	6.05343e+06	3.61845e+06	5.82907e+06	6.34633e+06	1.62777e+08	9.12415e+07	1.45387e+08	3.49222e+07	3.62383e+07	2.06128e+07	1.27103e+07	2.59117e+07	1.01505e+07	4.32411e+07	5.93341e+07	2.57061e+07	4.63365e+06	8.51585e+06	6.14152e+06	1.51036e+07	1.01722e+07	1.76769e+07	1.9666e+07	1.84797e+07	1.81734e+07	5.52474e+06	7.99584e+06	6.16437e+06	6.10852e+06	6.53651e+06	4.45665e+06	1.70156e+08	1.27943e+08	9.68276e+07
