	A-0_10x	A-1_10x	A-2_10x	B-0_10x	B-1_10x	B-2_10x	C-0_10x	C-1_10x	C-2_10x	D-0_10x	D-1_10x	D-2_10x	E-0_10x	E-1_10x	E-2_10x	F-0_10x	F-1_10x	F-2_10x	G-0_10x	G-1_10x	G-2_10x	H-0_10x	H-1_10x	H-2_10x	I-0_10x	I-1_10x	I-2_10x	J-0_10x	J-1_10x	J-2_10x	K-0_10x	K-1_10x	K-2_10x	L-0_10x	L-1_10x	L-2_10x
A-0_10x	5.98739e-07	5.46312e-07	5.49583e-07	1.1866e-07	1.18377e-07	1.18239e-07	3.59181e-08	3.58672e-08	3.57623e-08	3.46705e-08	3.48033e-08	3.45569e-08	3.58151e-08	3.59212e-08	3.59817e-08	3.50639e-08	3.52343e-08	3.48101e-08	1.19573e-07	1.19931e-07	1.2064e-07	3.64345e-08	3.65293e-08	3.63764e-08	3.62469e-08	3.60739e-08	3.61916e-08	1.20438e-07	1.20006e-07	1.21008e-07	2.08531e-07	2.08313e-07	2.0886e-07	3.55499e-08	3.54789e-08	3.53961e-08
A-1_10x	5.46312e-07	5.9242e-07	5.50475e-07	1.18502e-07	1.1791e-07	1.18126e-07	3.5797e-08	3.58476e-08	3.57227e-08	3.46607e-08	3.47763e-08	3.45748e-08	3.57185e-08	3.58115e-08	3.5878e-08	3.49376e-08	3.50064e-08	3.46409e-08	1.19245e-07	1.19484e-07	1.20355e-07	3.65368e-08	3.65063e-08	3.63198e-08	3.62634e-08	3.61533e-08	3.62335e-08	1.20148e-07	1.19842e-07	1.20366e-07	2.08335e-07	2.08137e-07	2.08674e-07	3.54301e-08	3.53374e-08	3.54001e-08
A-2_10x	5.49583e-07	5.50475e-07	7.44783e-07	1.20079e-07	1.19058e-07	1.19696e-07	3.63078e-08	3.61743e-08	3.61451e-08	3.52742e-08	3.53106e-08	3.51793e-08	3.62324e-08	3.63696e-08	3.64785e-08	3.57263e-08	3.5821e-08	3.54709e-08	1.20124e-07	1.20852e-07	1.21065e-07	3.69458e-08	3.7027e-08	3.69497e-08	3.68557e-08	3.68073e-08	3.67983e-08	1.21423e-07	1.21372e-07	1.21218e-07	2.0831e-07	2.07308e-07	2.07917e-07	3.57687e-08	3.5894e-08	3.57512e-08
B-0_10x	1.1866e-07	1.18502e-07	1.20079e-07	6.2807e-07	5.45061e-07	5.46132e-07	3.58675e-08	3.56412e-08	3.58887e-08	3.5042e-08	3.52129e-08	3.48636e-08	3.61703e-08	3.60594e-08	3.62371e-08	3.47922e-08	3.46742e-08	3.45279e-08	1.6229e-07	1.61251e-07	1.61354e-07	3.64647e-08	3.66649e-08	3.65107e-08	3.64745e-08	3.65494e-08	3.64805e-08	1.61344e-07	1.62275e-07	1.61462e-07	1.18104e-07	1.18149e-07	1.17612e-07	3.57431e-08	3.56547e-08	3.58815e-08
B-1_10x	1.18377e-07	1.1791e-07	1.19058e-07	5.45061e-07	6.18646e-07	5.46064e-07	3.59351e-08	3.55312e-08	3.57462e-08	3.49855e-08	3.51253e-08	3.4891e-08	3.64064e-08	3.63917e-08	3.64844e-08	3.48466e-08	3.46559e-08	3.46467e-08	1.62822e-07	1.6141e-07	1.61815e-07	3.65656e-08	3.69268e-08	3.66818e-08	3.68027e-08	3.66548e-08	3.65749e-08	1.62318e-07	1.63268e-07	1.61968e-07	1.17003e-07	1.17383e-07	1.17005e-07	3.5657e-08	3.54987e-08	3.57282e-08
B-2_10x	1.18239e-07	1.18126e-07	1.19696e-07	5.46132e-07	5.46064e-07	6.30252e-07	3.58459e-08	3.56448e-08	3.57738e-08	3.51032e-08	3.51244e-08	3.48111e-08	3.64911e-08	3.65444e-08	3.65565e-08	3.49253e-08	3.46254e-08	3.44909e-08	1.61791e-07	1.60218e-07	1.60676e-07	3.6888e-08	3.7205e-08	3.68863e-08	3.71799e-08	3.70416e-08	3.68438e-08	1.6212e-07	1.62319e-07	1.61443e-07	1.17278e-07	1.17515e-07	1.17611e-07	3.56148e-08	3.55078e-08	3.57415e-08
C-0_10x	3.59181e-08	3.5797e-08	3.63078e-08	3.58675e-08	3.59351e-08	3.58459e-08	7.61102e-07	6.78957e-07	6.77596e-07	1.97125e-07	1.97532e-07	1.97653e-07	1.01159e-07	1.01357e-07	1.01658e-07	1.96289e-07	1.96396e-07	1.97214e-07	3.57212e-08	3.58682e-08	3.61874e-08	1.02062e-07	1.02594e-07	1.017e-07	1.00948e-07	1.00569e-07	1.01803e-07	3.60024e-08	3.5835e-08	3.52987e-08	3.55393e-08	3.54008e-08	3.58135e-08	6.29069e-07	6.30472e-07	6.30748e-07
C-1_10x	3.58672e-08	3.58476e-08	3.61743e-08	3.56412e-08	3.55312e-08	3.56448e-08	6.78957e-07	9.579e-07	6.83443e-07	1.96831e-07	1.98007e-07	1.97683e-07	1.01712e-07	1.021e-07	1.02232e-07	1.97604e-07	1.97999e-07	1.98302e-07	3.61856e-08	3.63032e-08	3.64174e-08	1.0236e-07	1.03015e-07	1.0184e-07	1.01358e-07	1.00728e-07	1.01744e-07	3.65082e-08	3.62625e-08	3.58567e-08	3.60114e-08	3.61351e-08	3.63457e-08	6.32348e-07	6.3421e-07	6.34841e-07
C-2_10x	3.57623e-08	3.57227e-08	3.61451e-08	3.58887e-08	3.57462e-08	3.57738e-08	6.77596e-07	6.83443e-07	8.23692e-07	1.97123e-07	1.97515e-07	1.97592e-07	1.00848e-07	1.01125e-07	1.01422e-07	1.97339e-07	1.97304e-07	1.9802e-07	3.57088e-08	3.60157e-08	3.63177e-08	1.02531e-07	1.0265e-07	1.01834e-07	1.00888e-07	1.01216e-07	1.01365e-07	3.61601e-08	3.5956e-08	3.53634e-08	3.56839e-08	3.56877e-08	3.6026e-08	6.32259e-07	6.33556e-07	6.30656e-07
D-0_10x	3.46705e-08	3.46607e-08	3.52742e-08	3.5042e-08	3.49855e-08	3.51032e-08	1.97125e-07	1.96831e-07	1.97123e-07	7.23452e-07	6.25406e-07	6.22493e-07	1.01079e-07	1.02016e-07	1.01466e-07	4.19086e-07	4.18058e-07	4.203e-07	3.48549e-08	3.49022e-08	3.47168e-08	1.01884e-07	1.02136e-07	1.01961e-07	1.01395e-07	1.01345e-07	1.00809e-07	3.51074e-08	3.52221e-08	3.46803e-08	3.46411e-08	3.4746e-08	3.47562e-08	1.95599e-07	1.95482e-07	1.95959e-07
D-1_10x	3.48033e-08	3.47763e-08	3.53106e-08	3.52129e-08	3.51253e-08	3.51244e-08	1.97532e-07	1.98007e-07	1.97515e-07	6.25406e-07	6.9931e-07	6.23647e-07	1.01505e-07	1.01438e-07	1.01915e-07	4.18923e-07	4.19426e-07	4.2026e-07	3.50463e-08	3.48658e-08	3.49521e-08	1.02358e-07	1.02241e-07	1.02075e-07	1.01833e-07	1.02091e-07	1.01209e-07	3.52489e-08	3.5317e-08	3.48654e-08	3.46558e-08	3.48471e-08	3.4738e-08	1.96549e-07	1.96434e-07	1.96731e-07
D-2_10x	3.45569e-08	3.45748e-08	3.51793e-08	3.48636e-08	3.4891e-08	3.48111e-08	1.97653e-07	1.97683e-07	1.97592e-07	6.22493e-07	6.23647e-07	7.03629e-07	1.00411e-07	1.00673e-07	1.00801e-07	4.17876e-07	4.17485e-07	4.19222e-07	3.50124e-08	3.50828e-08	3.5099e-08	1.01315e-07	1.00896e-07	1.01172e-07	1.00663e-07	1.00739e-07	1.00187e-07	3.51253e-08	3.51078e-08	3.45989e-08	3.48952e-08	3.51408e-08	3.4814e-08	1.96133e-07	1.96051e-07	1.96421e-07
E-0_10x	3.58151e-08	3.57185e-08	3.62324e-08	3.61703e-08	3.64064e-08	3.64911e-08	1.01159e-07	1.01712e-07	1.00848e-07	1.01079e-07	1.01505e-07	1.00411e-07	7.95374e-07	7.09759e-07	7.08779e-07	1.01239e-07	1.00963e-07	1.00452e-07	3.60502e-08	3.61413e-08	3.6431e-08	5.91301e-07	5.90109e-07	5.89551e-07	5.91244e-07	5.90023e-07	5.90528e-07	3.61099e-08	3.59655e-08	3.58986e-08	3.59242e-08	3.61338e-08	3.59705e-08	1.01395e-07	1.01726e-07	1.01442e-07
E-1_10x	3.59212e-08	3.58115e-08	3.63696e-08	3.60594e-08	3.63917e-08	3.65444e-08	1.01357e-07	1.021e-07	1.01125e-07	1.02016e-07	1.01438e-07	1.00673e-07	7.09759e-07	8.09213e-07	7.0836e-07	1.01591e-07	1.0131e-07	1.00979e-07	3.59676e-08	3.60444e-08	3.63824e-08	5.94788e-07	5.92419e-07	5.91303e-07	5.92758e-07	5.94719e-07	5.91755e-07	3.64944e-08	3.64131e-08	3.62541e-08	3.61875e-08	3.65243e-08	3.6232e-08	1.01664e-07	1.01635e-07	1.018e-07
E-2_10x	3.59817e-08	3.5878e-08	3.64785e-08	3.62371e-08	3.64844e-08	3.65565e-08	1.01658e-07	1.02232e-07	1.01422e-07	1.01466e-07	1.01915e-07	1.00801e-07	7.08779e-07	7.0836e-07	7.76205e-07	1.01725e-07	1.01399e-07	1.00887e-07	3.62873e-08	3.63722e-08	3.66747e-08	5.93166e-07	5.90879e-07	5.90395e-07	5.91945e-07	5.90366e-07	5.90533e-07	3.67154e-08	3.66634e-08	3.65845e-08	3.5981e-08	3.62869e-08	3.6096e-08	1.01902e-07	1.02237e-07	1.01787e-07
F-0_10x	3.50639e-08	3.49376e-08	3.57263e-08	3.47922e-08	3.48466e-08	3.49253e-08	1.96289e-07	1.97604e-07	1.97339e-07	4.19086e-07	4.18923e-07	4.17876e-07	1.01239e-07	1.01591e-07	1.01725e-07	6.74779e-07	6.23799e-07	6.23933e-07	3.46418e-08	3.45974e-08	3.46523e-08	1.01735e-07	1.0215e-07	1.01834e-07	1.01942e-07	1.01904e-07	1.01786e-07	3.46184e-08	3.46704e-08	3.4486e-08	3.46535e-08	3.46273e-08	3.45781e-08	1.9512e-07	1.95402e-07	1.95628e-07
F-1_10x	3.52343e-08	3.50064e-08	3.5821e-08	3.46742e-08	3.46559e-08	3.46254e-08	1.96396e-07	1.97999e-07	1.97304e-07	4.18058e-07	4.19426e-07	4.17485e-07	1.00963e-07	1.0131e-07	1.01399e-07	6.23799e-07	6.8699e-07	6.23618e-07	3.45803e-08	3.46123e-08	3.46946e-08	1.01688e-07	1.02237e-07	1.01539e-07	1.0187e-07	1.01524e-07	1.01297e-07	3.46887e-08	3.4672e-08	3.43466e-08	3.45902e-08	3.46972e-08	3.46774e-08	1.95069e-07	1.95723e-07	1.95757e-07
F-2_10x	3.48101e-08	3.46409e-08	3.54709e-08	3.45279e-08	3.46467e-08	3.44909e-08	1.97214e-07	1.98302e-07	1.9802e-07	4.203e-07	4.2026e-07	4.19222e-07	1.00452e-07	1.00979e-07	1.00887e-07	6.23933e-07	6.23618e-07	6.85749e-07	3.46315e-08	3.45751e-08	3.48005e-08	1.01448e-07	1.01647e-07	1.00831e-07	1.011e-07	1.00827e-07	1.00901e-07	3.46002e-08	3.46195e-08	3.45006e-08	3.44718e-08	3.45448e-08	3.44915e-08	1.95878e-07	1.96664e-07	1.96428e-07
G-0_10x	1.19573e-07	1.19245e-07	1.20124e-07	1.6229e-07	1.62822e-07	1.61791e-07	3.57212e-08	3.61856e-08	3.57088e-08	3.48549e-08	3.50463e-08	3.50124e-08	3.60502e-08	3.59676e-08	3.62873e-08	3.46418e-08	3.45803e-08	3.46315e-08	6.6969e-07	5.89224e-07	5.90423e-07	3.6256e-08	3.64152e-08	3.64011e-08	3.65636e-08	3.63634e-08	3.63484e-08	3.33127e-07	3.33183e-07	3.33144e-07	1.18865e-07	1.19499e-07	1.19632e-07	3.5936e-08	3.59186e-08	3.59808e-08
G-1_10x	1.19931e-07	1.19484e-07	1.20852e-07	1.61251e-07	1.6141e-07	1.60218e-07	3.58682e-08	3.63032e-08	3.60157e-08	3.49022e-08	3.48658e-08	3.50828e-08	3.61413e-08	3.60444e-08	3.63722e-08	3.45974e-08	3.46123e-08	3.45751e-08	5.89224e-07	6.56781e-07	5.91727e-07	3.63543e-08	3.64256e-08	3.6616e-08	3.68387e-08	3.66051e-08	3.65367e-08	3.33065e-07	3.32719e-07	3.32478e-07	1.19046e-07	1.19931e-07	1.19501e-07	3.58047e-08	3.58406e-08	3.5882e-08
G-2_10x	1.2064e-07	1.20355e-07	1.21065e-07	1.61354e-07	1.61815e-07	1.60676e-07	3.61874e-08	3.64174e-08	3.63177e-08	3.47168e-08	3.49521e-08	3.5099e-08	3.6431e-08	3.63824e-08	3.66747e-08	3.46523e-08	3.46946e-08	3.48005e-08	5.90423e-07	5.91727e-07	7.17037e-07	3.66764e-08	3.67817e-08	3.69608e-08	3.71321e-08	3.68111e-08	3.67821e-08	3.33386e-07	3.33447e-07	3.33632e-07	1.20311e-07	1.20417e-07	1.2053e-07	3.6202e-08	3.62246e-08	3.6086e-08
H-0_10x	3.64345e-08	3.65368e-08	3.69458e-08	3.64647e-08	3.65656e-08	3.6888e-08	1.02062e-07	1.0236e-07	1.02531e-07	1.01884e-07	1.02358e-07	1.01315e-07	5.91301e-07	5.94788e-07	5.93166e-07	1.01735e-07	1.01688e-07	1.01448e-07	3.6256e-08	3.63543e-08	3.66764e-08	9.12358e-07	7.37445e-07	7.36924e-07	6.96208e-07	6.96793e-07	6.961e-07	3.65832e-08	3.64093e-08	3.61698e-08	3.68523e-08	3.71047e-08	3.68716e-08	1.02544e-07	1.02295e-07	1.02315e-07
H-1_10x	3.65293e-08	3.65063e-08	3.7027e-08	3.66649e-08	3.69268e-08	3.7205e-08	1.02594e-07	1.03015e-07	1.0265e-07	1.02136e-07	1.02241e-07	1.00896e-07	5.90109e-07	5.92419e-07	5.90879e-07	1.0215e-07	1.02237e-07	1.01647e-07	3.64152e-08	3.64256e-08	3.67817e-08	7.37445e-07	8.60087e-07	7.3747e-07	6.96933e-07	6.95111e-07	6.94067e-07	3.71684e-08	3.69169e-08	3.65322e-08	3.66714e-08	3.69726e-08	3.67867e-08	1.02881e-07	1.02783e-07	1.02689e-07
H-2_10x	3.63764e-08	3.63198e-08	3.69497e-08	3.65107e-08	3.66818e-08	3.68863e-08	1.017e-07	1.0184e-07	1.01834e-07	1.01961e-07	1.02075e-07	1.01172e-07	5.89551e-07	5.91303e-07	5.90395e-07	1.01834e-07	1.01539e-07	1.00831e-07	3.64011e-08	3.6616e-08	3.69608e-08	7.36924e-07	7.3747e-07	8.27906e-07	6.95086e-07	6.93516e-07	6.93983e-07	3.67229e-08	3.64478e-08	3.63607e-08	3.68191e-08	3.70467e-08	3.68374e-08	1.02062e-07	1.02294e-07	1.01589e-07
I-0_10x	3.62469e-08	3.62634e-08	3.68557e-08	3.64745e-08	3.68027e-08	3.71799e-08	1.00948e-07	1.01358e-07	1.00888e-07	1.01395e-07	1.01833e-07	1.00663e-07	5.91244e-07	5.92758e-07	5.91945e-07	1.01942e-07	1.0187e-07	1.011e-07	3.65636e-08	3.68387e-08	3.71321e-08	6.96208e-07	6.96933e-07	6.95086e-07	8.33513e-07	7.35589e-07	7.37487e-07	3.7036e-08	3.66495e-08	3.64416e-08	3.66196e-08	3.68088e-08	3.67471e-08	1.01189e-07	1.01626e-07	1.01087e-07
I-1_10x	3.60739e-08	3.61533e-08	3.68073e-08	3.65494e-08	3.66548e-08	3.70416e-08	1.00569e-07	1.00728e-07	1.01216e-07	1.01345e-07	1.02091e-07	1.00739e-07	5.90023e-07	5.94719e-07	5.90366e-07	1.01904e-07	1.01524e-07	1.00827e-07	3.63634e-08	3.66051e-08	3.68111e-08	6.96793e-07	6.95111e-07	6.93516e-07	7.35589e-07	8.73042e-07	7.3555e-07	3.66671e-08	3.65592e-08	3.62971e-08	3.67554e-08	3.70514e-08	3.68787e-08	1.01499e-07	1.02026e-07	1.01356e-07
I-2_10x	3.61916e-08	3.62335e-08	3.67983e-08	3.64805e-08	3.65749e-08	3.68438e-08	1.01803e-07	1.01744e-07	1.01365e-07	1.00809e-07	1.01209e-07	1.00187e-07	5.90528e-07	5.91755e-07	5.90533e-07	1.01786e-07	1.01297e-07	1.00901e-07	3.63484e-08	3.65367e-08	3.67821e-08	6.961e-07	6.94067e-07	6.93983e-07	7.37487e-07	7.3555e-07	8.16286e-07	3.66772e-08	3.65322e-08	3.62848e-08	3.67182e-08	3.6979e-08	3.67298e-08	1.01639e-07	1.01924e-07	1.01887e-07
J-0_10x	1.20438e-07	1.20148e-07	1.21423e-07	1.61344e-07	1.62318e-07	1.6212e-07	3.60024e-08	3.65082e-08	3.61601e-08	3.51074e-08	3.52489e-08	3.51253e-08	3.61099e-08	3.64944e-08	3.67154e-08	3.46184e-08	3.46887e-08	3.46002e-08	3.33127e-07	3.33065e-07	3.33386e-07	3.65832e-08	3.71684e-08	3.67229e-08	3.7036e-08	3.66671e-08	3.66772e-08	6.61378e-07	5.90318e-07	5.91763e-07	1.1925e-07	1.19807e-07	1.19719e-07	3.60404e-08	3.5988e-08	3.60631e-08
J-1_10x	1.20006e-07	1.19842e-07	1.21372e-07	1.62275e-07	1.63268e-07	1.62319e-07	3.5835e-08	3.62625e-08	3.5956e-08	3.52221e-08	3.5317e-08	3.51078e-08	3.59655e-08	3.64131e-08	3.66634e-08	3.46704e-08	3.4672e-08	3.46195e-08	3.33183e-07	3.32719e-07	3.33447e-07	3.64093e-08	3.69169e-08	3.64478e-08	3.66495e-08	3.65592e-08	3.65322e-08	5.90318e-07	6.66001e-07	5.9215e-07	1.18314e-07	1.18814e-07	1.19202e-07	3.58685e-08	3.56712e-08	3.59718e-08
J-2_10x	1.21008e-07	1.20366e-07	1.21218e-07	1.61462e-07	1.61968e-07	1.61443e-07	3.52987e-08	3.58567e-08	3.53634e-08	3.46803e-08	3.48654e-08	3.45989e-08	3.58986e-08	3.62541e-08	3.65845e-08	3.4486e-08	3.43466e-08	3.45006e-08	3.33144e-07	3.32478e-07	3.33632e-07	3.61698e-08	3.65322e-08	3.63607e-08	3.64416e-08	3.62971e-08	3.62848e-08	5.91763e-07	5.9215e-07	7.30918e-07	1.18731e-07	1.20035e-07	1.19589e-07	3.55198e-08	3.54264e-08	3.55237e-08
K-0_10x	2.08531e-07	2.08335e-07	2.0831e-07	1.18104e-07	1.17003e-07	1.17278e-07	3.55393e-08	3.60114e-08	3.56839e-08	3.46411e-08	3.46558e-08	3.48952e-08	3.59242e-08	3.61875e-08	3.5981e-08	3.46535e-08	3.45902e-08	3.44718e-08	1.18865e-07	1.19046e-07	1.20311e-07	3.68523e-08	3.66714e-08	3.68191e-08	3.66196e-08	3.67554e-08	3.67182e-08	1.1925e-07	1.18314e-07	1.18731e-07	6.30249e-07	5.4994e-07	5.47091e-07	3.54949e-08	3.53656e-08	3.51727e-08
K-1_10x	2.08313e-07	2.08137e-07	2.07308e-07	1.18149e-07	1.17383e-07	1.17515e-07	3.54008e-08	3.61351e-08	3.56877e-08	3.4746e-08	3.48471e-08	3.51408e-08	3.61338e-08	3.65243e-08	3.62869e-08	3.46273e-08	3.46972e-08	3.45448e-08	1.19499e-07	1.19931e-07	1.20417e-07	3.71047e-08	3.69726e-08	3.70467e-08	3.68088e-08	3.70514e-08	3.6979e-08	1.19807e-07	1.18814e-07	1.20035e-07	5.4994e-07	7.53009e-07	5.5218e-07	3.52422e-08	3.51083e-08	3.48269e-08
K-2_10x	2.0886e-07	2.08674e-07	2.07917e-07	1.17612e-07	1.17005e-07	1.17611e-07	3.58135e-08	3.63457e-08	3.6026e-08	3.47562e-08	3.4738e-08	3.4814e-08	3.59705e-08	3.6232e-08	3.6096e-08	3.45781e-08	3.46774e-08	3.44915e-08	1.19632e-07	1.19501e-07	1.2053e-07	3.68716e-08	3.67867e-08	3.68374e-08	3.67471e-08	3.68787e-08	3.67298e-08	1.19719e-07	1.19202e-07	1.19589e-07	5.47091e-07	5.5218e-07	6.00123e-07	3.56625e-08	3.55196e-08	3.52963e-08
L-0_10x	3.55499e-08	3.54301e-08	3.57687e-08	3.57431e-08	3.5657e-08	3.56148e-08	6.29069e-07	6.32348e-07	6.32259e-07	1.95599e-07	1.96549e-07	1.96133e-07	1.01395e-07	1.01664e-07	1.01902e-07	1.9512e-07	1.95069e-07	1.95878e-07	3.5936e-08	3.58047e-08	3.6202e-08	1.02544e-07	1.02881e-07	1.02062e-07	1.01189e-07	1.01499e-07	1.01639e-07	3.60404e-08	3.58685e-08	3.55198e-08	3.54949e-08	3.52422e-08	3.56625e-08	7.4917e-07	6.76934e-07	6.76227e-07
L-1_10x	3.54789e-08	3.53374e-08	3.5894e-08	3.56547e-08	3.54987e-08	3.55078e-08	6.30472e-07	6.3421e-07	6.33556e-07	1.95482e-07	1.96434e-07	1.96051e-07	1.01726e-07	1.01635e-07	1.02237e-07	1.95402e-07	1.95723e-07	1.96664e-07	3.59186e-08	3.58406e-08	3.62246e-08	1.02295e-07	1.02783e-07	1.02294e-07	1.01626e-07	1.02026e-07	1.01924e-07	3.5988e-08	3.56712e-08	3.54264e-08	3.53656e-08	3.51083e-08	3.55196e-08	6.76934e-07	7.39834e-07	6.76503e-07
L-2_10x	3.53961e-08	3.54001e-08	3.57512e-08	3.58815e-08	3.57282e-08	3.57415e-08	6.30748e-07	6.34841e-07	6.30656e-07	1.95959e-07	1.96731e-07	1.96421e-07	1.01442e-07	1.018e-07	1.01787e-07	1.95628e-07	1.95757e-07	1.96428e-07	3.59808e-08	3.5882e-08	3.6086e-08	1.02315e-07	1.02689e-07	1.01589e-07	1.01087e-07	1.01356e-07	1.01887e-07	3.60631e-08	3.59718e-08	3.55237e-08	3.51727e-08	3.48269e-08	3.52963e-08	6.76227e-07	6.76503e-07	7.56941e-07
