	A-0_10x	A-1_10x	A-2_10x	B-0_10x	B-1_10x	B-2_10x	C-0_10x	C-1_10x	C-2_10x	D-0_10x	D-1_10x	D-2_10x	E-0_10x	E-1_10x	E-2_10x	F-0_10x	F-1_10x	F-2_10x	G-0_10x	G-1_10x	G-2_10x	H-0_10x	H-1_10x	H-2_10x	I-0_10x	I-1_10x	I-2_10x	J-0_10x	J-1_10x	J-2_10x	K-0_10x	K-1_10x	K-2_10x	L-0_10x	L-1_10x	L-2_10x
A-0_10x	0	0.406718	0.59498	1.27004	1.26925	1.27084	1.37608	1.38032	1.37773	1.37646	1.37566	1.37605	1.37703	1.37724	1.37639	1.37465	1.37482	1.37526	1.27371	1.27181	1.2774	1.37892	1.37775	1.3772	1.37745	1.37848	1.37712	1.2717	1.27276	1.27834	1.14938	1.17453	1.14155	1.37617	1.376	1.37653
A-1_10x	0.406718	0	0.585286	1.26943	1.26904	1.27018	1.376	1.38015	1.37758	1.37627	1.37548	1.37583	1.37693	1.37715	1.37629	1.37458	1.37487	1.37525	1.27333	1.27157	1.27698	1.37862	1.37758	1.37705	1.37724	1.37821	1.37688	1.27126	1.27217	1.27835	1.14808	1.17335	1.1402	1.37609	1.37595	1.37633
A-2_10x	0.59498	0.585286	0	1.28408	1.28421	1.28475	1.37969	1.3836	1.3812	1.37982	1.37918	1.37942	1.38052	1.38069	1.37987	1.37812	1.37835	1.37867	1.28834	1.28624	1.29177	1.38216	1.38111	1.38054	1.38074	1.38156	1.38044	1.28607	1.2866	1.29283	1.17979	1.20264	1.17389	1.37994	1.3796	1.38013
B-0_10x	1.27004	1.26943	1.28408	0	0.501161	0.513743	1.37704	1.38134	1.37848	1.37696	1.37613	1.37663	1.37755	1.37798	1.37703	1.3759	1.37638	1.37651	1.22455	1.22387	1.23253	1.37973	1.37849	1.37795	1.37811	1.37887	1.37772	1.22447	1.22401	1.23426	1.27458	1.28701	1.27156	1.37688	1.37673	1.37692
B-1_10x	1.26925	1.26904	1.28421	0.501161	0	0.500976	1.37668	1.38119	1.37835	1.37674	1.37593	1.37631	1.37703	1.37736	1.37648	1.37555	1.37611	1.37609	1.22232	1.22211	1.23048	1.37937	1.37795	1.37749	1.3775	1.37849	1.37734	1.22167	1.22118	1.23218	1.27485	1.28687	1.2712	1.37668	1.37661	1.3768
B-2_10x	1.27084	1.27018	1.28475	0.513743	0.500976	0	1.37713	1.38139	1.37866	1.37696	1.37629	1.37675	1.37729	1.37755	1.37676	1.37582	1.3765	1.37662	1.22553	1.22554	1.23368	1.37939	1.37802	1.37763	1.37746	1.37845	1.37741	1.22384	1.2243	1.23461	1.27587	1.28796	1.27182	1.37708	1.37695	1.37714
C-0_10x	1.37608	1.376	1.37969	1.37704	1.37668	1.37713	0	0.640044	0.537048	1.2119	1.20768	1.20823	1.31908	1.31973	1.31738	1.20507	1.20698	1.20583	1.37838	1.37787	1.37914	1.32478	1.32151	1.32052	1.32156	1.3241	1.31973	1.37787	1.37816	1.38034	1.37745	1.38075	1.37623	0.577789	0.56535	0.58137
C-1_10x	1.38032	1.38015	1.3836	1.38134	1.38119	1.38139	0.640044	0	0.679097	1.23576	1.23132	1.23224	1.32927	1.32969	1.32774	1.22818	1.22957	1.22909	1.3819	1.38147	1.38279	1.33455	1.33155	1.3309	1.33159	1.33406	1.33037	1.3814	1.38174	1.38358	1.38105	1.3838	1.3799	0.712096	0.702331	0.71338
C-2_10x	1.37773	1.37758	1.3812	1.37848	1.37835	1.37866	0.537048	0.679097	0	1.22036	1.21635	1.21692	1.32318	1.32373	1.32148	1.21268	1.21467	1.21369	1.3798	1.37915	1.38039	1.32795	1.32517	1.32415	1.32532	1.32713	1.32392	1.37914	1.37946	1.38161	1.37875	1.3818	1.3775	0.624718	0.61386	0.634521
D-0_10x	1.37646	1.37627	1.37982	1.37696	1.37674	1.37696	1.2119	1.23576	1.22036	0	0.491384	0.505005	1.31662	1.31656	1.31499	0.894633	0.902216	0.898085	1.37835	1.37795	1.37971	1.32257	1.31948	1.31777	1.31866	1.32097	1.31819	1.37786	1.37787	1.38008	1.37746	1.38052	1.37641	1.21187	1.21062	1.21259
D-1_10x	1.37566	1.37548	1.37918	1.37613	1.37593	1.37629	1.20768	1.23132	1.21635	0.491384	0	0.471038	1.31446	1.31541	1.31276	0.883354	0.888678	0.886706	1.37753	1.37736	1.37887	1.3205	1.3177	1.31594	1.31652	1.31859	1.31609	1.37708	1.37713	1.3793	1.37681	1.37984	1.37577	1.20702	1.20574	1.20797
D-2_10x	1.37605	1.37583	1.37942	1.37663	1.37631	1.37675	1.20823	1.23224	1.21692	0.505005	0.471038	0	1.31589	1.3165	1.31423	0.887187	0.893897	0.890487	1.37768	1.37724	1.37883	1.32178	1.31932	1.31715	1.318	1.3202	1.31743	1.37732	1.37747	1.37968	1.37666	1.37965	1.37581	1.20819	1.20688	1.20901
E-0_10x	1.37703	1.37693	1.38052	1.37755	1.37703	1.37729	1.31908	1.32927	1.32318	1.31662	1.31446	1.31589	0	0.480219	0.442578	1.31287	1.31409	1.31452	1.37884	1.3784	1.37968	0.78214	0.757009	0.739574	0.740072	0.76413	0.730916	1.37856	1.37883	1.38052	1.37787	1.3808	1.37691	1.31806	1.31711	1.31853
E-1_10x	1.37724	1.37715	1.38069	1.37798	1.37736	1.37755	1.31973	1.32969	1.32373	1.31656	1.31541	1.3165	0.480219	0	0.460896	1.31341	1.31463	1.31487	1.37923	1.37881	1.38003	0.784568	0.761433	0.745094	0.745983	0.764775	0.737432	1.37849	1.37869	1.38048	1.37792	1.38073	1.37696	1.31866	1.31806	1.31904
E-2_10x	1.37639	1.37629	1.37987	1.37703	1.37648	1.37676	1.31738	1.32774	1.32148	1.31499	1.31276	1.31423	0.442578	0.460896	0	1.31106	1.31236	1.3128	1.37817	1.37772	1.37901	0.768292	0.744087	0.725968	0.726732	0.752119	0.718497	1.3775	1.37768	1.37944	1.37736	1.38024	1.37631	1.31634	1.31536	1.31697
F-0_10x	1.37465	1.37458	1.37812	1.3759	1.37555	1.37582	1.20507	1.22818	1.21268	0.894633	0.883354	0.887187	1.31287	1.31341	1.31106	0	0.409399	0.406886	1.37729	1.37697	1.37854	1.31935	1.31599	1.31435	1.31459	1.31699	1.31366	1.37708	1.37716	1.37905	1.37613	1.37944	1.37525	1.20463	1.20287	1.20522
F-1_10x	1.37482	1.37487	1.37835	1.37638	1.37611	1.3765	1.20698	1.22957	1.21467	0.902216	0.888678	0.893897	1.31409	1.31463	1.31236	0.409399	0	0.427608	1.37769	1.3773	1.37882	1.32027	1.31681	1.31557	1.31558	1.31826	1.31509	1.37734	1.37749	1.37951	1.37654	1.37968	1.37549	1.20672	1.20454	1.20709
F-2_10x	1.37526	1.37525	1.37867	1.37651	1.37609	1.37662	1.20583	1.22909	1.21369	0.898085	0.886706	0.890487	1.31452	1.31487	1.3128	0.406886	0.427608	0	1.3776	1.3773	1.37867	1.32041	1.3173	1.31619	1.31626	1.31886	1.3154	1.37741	1.37751	1.37932	1.37664	1.3798	1.37567	1.20558	1.20324	1.20612
G-0_10x	1.27371	1.27333	1.28834	1.22455	1.22232	1.22553	1.37838	1.3819	1.3798	1.37835	1.37753	1.37768	1.37884	1.37923	1.37817	1.37729	1.37769	1.3776	0	0.472336	0.544001	1.38103	1.37987	1.37921	1.37917	1.38018	1.37901	0.99945	1.0011	1.02355	1.27831	1.28975	1.27381	1.37787	1.37766	1.37802
G-1_10x	1.27181	1.27157	1.28624	1.22387	1.22211	1.22554	1.37787	1.38147	1.37915	1.37795	1.37736	1.37724	1.3784	1.37881	1.37772	1.37697	1.3773	1.3773	0.472336	0	0.524854	1.38061	1.37952	1.37865	1.37856	1.37961	1.37848	0.994634	0.996923	1.01994	1.27669	1.28799	1.27252	1.37765	1.37738	1.37776
G-2_10x	1.2774	1.27698	1.29177	1.23253	1.23048	1.23368	1.37914	1.38279	1.38039	1.37971	1.37887	1.37883	1.37968	1.38003	1.37901	1.37854	1.37882	1.37867	0.544001	0.524854	0	1.38178	1.3807	1.37988	1.37983	1.38092	1.3798	1.01576	1.01733	1.03841	1.28143	1.29315	1.2777	1.37884	1.3786	1.37914
H-0_10x	1.37892	1.37862	1.38216	1.37973	1.37937	1.37939	1.32478	1.33455	1.32795	1.32257	1.3205	1.32178	0.78214	0.784568	0.768292	1.31935	1.32027	1.32041	1.38103	1.38061	1.38178	0	0.57882	0.551526	0.635041	0.662216	0.621904	1.38051	1.38079	1.38254	1.37942	1.3822	1.37853	1.32361	1.32325	1.3243
H-1_10x	1.37775	1.37758	1.38111	1.37849	1.37795	1.37802	1.32151	1.33155	1.32517	1.31948	1.3177	1.31932	0.757009	0.761433	0.744087	1.31599	1.31681	1.3173	1.37987	1.37952	1.3807	0.57882	0	0.502113	0.594777	0.629018	0.585933	1.37893	1.37929	1.38125	1.37854	1.38135	1.37753	1.32048	1.31996	1.32116
H-2_10x	1.3772	1.37705	1.38054	1.37795	1.37749	1.37763	1.32052	1.3309	1.32415	1.31777	1.31594	1.31715	0.739574	0.745094	0.725968	1.31435	1.31557	1.31619	1.37921	1.37865	1.37988	0.551526	0.502113	0	0.571415	0.60707	0.55824	1.37868	1.37907	1.38077	1.3777	1.38064	1.37676	1.3194	1.31856	1.32036
I-0_10x	1.37745	1.37724	1.38074	1.37811	1.3775	1.37746	1.32156	1.33159	1.32532	1.31866	1.31652	1.318	0.740072	0.745983	0.726732	1.31459	1.31558	1.31626	1.37917	1.37856	1.37983	0.635041	0.594777	0.571415	0	0.524775	0.460259	1.37849	1.37899	1.38081	1.37802	1.38097	1.37698	1.32057	1.31953	1.32116
I-1_10x	1.37848	1.37821	1.38156	1.37887	1.37849	1.37845	1.3241	1.33406	1.32713	1.32097	1.31859	1.3202	0.76413	0.764775	0.752119	1.31699	1.31826	1.31886	1.38018	1.37961	1.38092	0.662216	0.629018	0.60707	0.524775	0	0.507324	1.37967	1.37989	1.38171	1.37873	1.38152	1.37772	1.3225	1.3214	1.32312
I-2_10x	1.37712	1.37688	1.38044	1.37772	1.37734	1.37741	1.31973	1.33037	1.32392	1.31819	1.31609	1.31743	0.730916	0.737432	0.718497	1.31366	1.31509	1.3154	1.37901	1.37848	1.3798	0.621904	0.585933	0.55824	0.460259	0.507324	0	1.37846	1.37873	1.3806	1.37754	1.38046	1.37661	1.31911	1.31821	1.31938
J-0_10x	1.2717	1.27126	1.28607	1.22447	1.22167	1.22384	1.37787	1.3814	1.37914	1.37786	1.37708	1.37732	1.37856	1.37849	1.3775	1.37708	1.37734	1.37741	0.99945	0.994634	1.01576	1.38051	1.37893	1.37868	1.37849	1.37967	1.37846	0	0.470204	0.545683	1.27695	1.28859	1.27277	1.37753	1.37735	1.3777
J-1_10x	1.27276	1.27217	1.2866	1.22401	1.22118	1.2243	1.37816	1.38174	1.37946	1.37787	1.37713	1.37747	1.37883	1.37869	1.37768	1.37716	1.37749	1.37751	1.0011	0.996923	1.01733	1.38079	1.37929	1.37907	1.37899	1.37989	1.37873	0.470204	0	0.550072	1.27858	1.29013	1.27393	1.37784	1.37781	1.37792
J-2_10x	1.27834	1.27835	1.29283	1.23426	1.23218	1.23461	1.38034	1.38358	1.38161	1.38008	1.3793	1.37968	1.38052	1.38048	1.37944	1.37905	1.37951	1.37932	1.02355	1.01994	1.03841	1.38254	1.38125	1.38077	1.38081	1.38171	1.3806	0.545683	0.550072	0	1.28457	1.29476	1.28018	1.37985	1.37973	1.38003
K-0_10x	1.14938	1.14808	1.17979	1.27458	1.27485	1.27587	1.37745	1.38105	1.37875	1.37746	1.37681	1.37666	1.37787	1.37792	1.37736	1.37613	1.37654	1.37664	1.27831	1.27669	1.28143	1.37942	1.37854	1.3777	1.37802	1.37873	1.37754	1.27695	1.27858	1.28457	0	0.635158	0.469944	1.3772	1.3771	1.37773
K-1_10x	1.17453	1.17335	1.20264	1.28701	1.28687	1.28796	1.38075	1.3838	1.3818	1.38052	1.37984	1.37965	1.3808	1.38073	1.38024	1.37944	1.37968	1.3798	1.28975	1.28799	1.29315	1.3822	1.38135	1.38064	1.38097	1.38152	1.38046	1.28859	1.29013	1.29476	0.635158	0	0.597643	1.38064	1.38055	1.38121
K-2_10x	1.14155	1.1402	1.17389	1.27156	1.2712	1.27182	1.37623	1.3799	1.3775	1.37641	1.37577	1.37581	1.37691	1.37696	1.37631	1.37525	1.37549	1.37567	1.27381	1.27252	1.2777	1.37853	1.37753	1.37676	1.37698	1.37772	1.37661	1.27277	1.27393	1.28018	0.469944	0.597643	0	1.37609	1.376	1.37668
L-0_10x	1.37617	1.37609	1.37994	1.37688	1.37668	1.37708	0.577789	0.712096	0.624718	1.21187	1.20702	1.20819	1.31806	1.31866	1.31634	1.20463	1.20672	1.20558	1.37787	1.37765	1.37884	1.32361	1.32048	1.3194	1.32057	1.3225	1.31911	1.37753	1.37784	1.37985	1.3772	1.38064	1.37609	0	0.425999	0.451686
L-1_10x	1.376	1.37595	1.3796	1.37673	1.37661	1.37695	0.56535	0.702331	0.61386	1.21062	1.20574	1.20688	1.31711	1.31806	1.31536	1.20287	1.20454	1.20324	1.37766	1.37738	1.3786	1.32325	1.31996	1.31856	1.31953	1.3214	1.31821	1.37735	1.37781	1.37973	1.3771	1.38055	1.376	0.425999	0	0.438164
L-2_10x	1.37653	1.37633	1.38013	1.37692	1.3768	1.37714	0.58137	0.71338	0.634521	1.21259	1.20797	1.20901	1.31853	1.31904	1.31697	1.20522	1.20709	1.20612	1.37802	1.37776	1.37914	1.3243	1.32116	1.32036	1.32116	1.32312	1.31938	1.3777	1.37792	1.38003	1.37773	1.38121	1.37668	0.451686	0.438164	0
