	A-0_20x	A-1_20x	A-2_20x	B-0_20x	B-1_20x	B-2_20x	C-0_20x	C-1_20x	C-2_20x	D-0_20x	D-1_20x	D-2_20x	E-0_20x	E-1_20x	E-2_20x	F-0_20x	F-1_20x	F-2_20x	G-0_20x	G-1_20x	G-2_20x	H-0_20x	H-1_20x	H-2_20x	I-0_20x	I-1_20x	I-2_20x	J-0_20x	J-1_20x	J-2_20x	K-0_20x	K-1_20x	K-2_20x	L-0_20x	L-1_20x	L-2_20x
A-0_20x	5.96063e-07	5.69875e-07	5.70325e-07	1.20246e-07	1.19946e-07	1.20454e-07	3.59517e-08	3.58806e-08	3.60748e-08	3.516e-08	3.51125e-08	3.50853e-08	3.56982e-08	3.5895e-08	3.58732e-08	3.50653e-08	3.50614e-08	3.52597e-08	1.20633e-07	1.20894e-07	1.21159e-07	3.62943e-08	3.62022e-08	3.61774e-08	3.62058e-08	3.6254e-08	3.64131e-08	1.21946e-07	1.21663e-07	1.21362e-07	2.13316e-07	2.13464e-07	2.13824e-07	3.5727e-08	3.56696e-08	3.57097e-08
A-1_20x	5.69875e-07	6.5192e-07	5.69294e-07	1.20197e-07	1.19514e-07	1.20077e-07	3.63339e-08	3.62743e-08	3.64265e-08	3.51582e-08	3.50998e-08	3.50695e-08	3.57842e-08	3.59934e-08	3.59274e-08	3.51965e-08	3.52072e-08	3.53972e-08	1.20552e-07	1.20702e-07	1.21404e-07	3.64023e-08	3.62978e-08	3.63144e-08	3.63686e-08	3.64842e-08	3.65592e-08	1.22128e-07	1.21909e-07	1.21462e-07	2.13746e-07	2.13597e-07	2.13781e-07	3.60096e-08	3.60464e-08	3.59712e-08
A-2_20x	5.70325e-07	5.69294e-07	6.08127e-07	1.20267e-07	1.19836e-07	1.20436e-07	3.59398e-08	3.58562e-08	3.60738e-08	3.5333e-08	3.52812e-08	3.53197e-08	3.5944e-08	3.61073e-08	3.60415e-08	3.51886e-08	3.52119e-08	3.54372e-08	1.20137e-07	1.20233e-07	1.20648e-07	3.64563e-08	3.6359e-08	3.62981e-08	3.63705e-08	3.64487e-08	3.65451e-08	1.21718e-07	1.21167e-07	1.20857e-07	2.13394e-07	2.13358e-07	2.13537e-07	3.57349e-08	3.56585e-08	3.57276e-08
B-0_20x	1.20246e-07	1.20197e-07	1.20267e-07	6.31345e-07	5.65462e-07	5.66531e-07	3.61455e-08	3.62441e-08	3.6352e-08	3.54708e-08	3.53212e-08	3.54702e-08	3.63841e-08	3.64403e-08	3.65237e-08	3.49639e-08	3.49822e-08	3.49708e-08	1.63182e-07	1.6351e-07	1.63252e-07	3.69879e-08	3.69275e-08	3.70081e-08	3.68058e-08	3.68295e-08	3.69398e-08	1.64844e-07	1.64466e-07	1.64199e-07	1.19795e-07	1.19687e-07	1.19748e-07	3.61018e-08	3.58598e-08	3.59424e-08
B-1_20x	1.19946e-07	1.19514e-07	1.19836e-07	5.65462e-07	6.06125e-07	5.65352e-07	3.60304e-08	3.61492e-08	3.62346e-08	3.51316e-08	3.51345e-08	3.51478e-08	3.62024e-08	3.63376e-08	3.63037e-08	3.47303e-08	3.47287e-08	3.47229e-08	1.62962e-07	1.63325e-07	1.63077e-07	3.66846e-08	3.66545e-08	3.67604e-08	3.65964e-08	3.66162e-08	3.67441e-08	1.64494e-07	1.6358e-07	1.63957e-07	1.18983e-07	1.19172e-07	1.19414e-07	3.60222e-08	3.57947e-08	3.59401e-08
B-2_20x	1.20454e-07	1.20077e-07	1.20436e-07	5.66531e-07	5.65352e-07	6.03069e-07	3.60923e-08	3.61453e-08	3.61861e-08	3.5302e-08	3.52821e-08	3.53734e-08	3.62033e-08	3.62752e-08	3.62984e-08	3.47437e-08	3.47827e-08	3.48397e-08	1.6325e-07	1.63562e-07	1.6354e-07	3.67399e-08	3.66016e-08	3.67451e-08	3.66215e-08	3.65962e-08	3.67016e-08	1.65218e-07	1.64621e-07	1.64697e-07	1.19045e-07	1.19325e-07	1.19806e-07	3.60873e-08	3.58361e-08	3.58917e-08
C-0_20x	3.59517e-08	3.63339e-08	3.59398e-08	3.61455e-08	3.60304e-08	3.60923e-08	7.2739e-07	6.92287e-07	6.92363e-07	1.98957e-07	1.98175e-07	1.9866e-07	1.01192e-07	1.01024e-07	1.01162e-07	1.96918e-07	1.97082e-07	1.97556e-07	3.63669e-08	3.63147e-08	3.60998e-08	1.02455e-07	1.0212e-07	1.01933e-07	1.01272e-07	1.01809e-07	1.01542e-07	3.60683e-08	3.60317e-08	3.62518e-08	3.60776e-08	3.59638e-08	3.61313e-08	6.44288e-07	6.43833e-07	6.43862e-07
C-1_20x	3.58806e-08	3.62743e-08	3.58562e-08	3.62441e-08	3.61492e-08	3.61453e-08	6.92287e-07	7.55011e-07	6.91941e-07	1.99174e-07	1.98613e-07	1.98787e-07	1.01511e-07	1.01401e-07	1.0122e-07	1.97387e-07	1.97441e-07	1.97909e-07	3.62244e-08	3.61415e-08	3.59453e-08	1.02388e-07	1.02222e-07	1.01869e-07	1.01478e-07	1.02088e-07	1.0167e-07	3.59895e-08	3.5893e-08	3.6129e-08	3.60446e-08	3.59409e-08	3.60447e-08	6.43834e-07	6.44294e-07	6.43368e-07
C-2_20x	3.60748e-08	3.64265e-08	3.60738e-08	3.6352e-08	3.62346e-08	3.61861e-08	6.92363e-07	6.91941e-07	7.32817e-07	1.99406e-07	1.98882e-07	1.9954e-07	1.01473e-07	1.01206e-07	1.01381e-07	1.97311e-07	1.97346e-07	1.97828e-07	3.62503e-08	3.61671e-08	3.59759e-08	1.02391e-07	1.0248e-07	1.02141e-07	1.01681e-07	1.02153e-07	1.01949e-07	3.60129e-08	3.59517e-08	3.6207e-08	3.61609e-08	3.6079e-08	3.62472e-08	6.45298e-07	6.44555e-07	6.45017e-07
D-0_20x	3.516e-08	3.51582e-08	3.5333e-08	3.54708e-08	3.51316e-08	3.5302e-08	1.98957e-07	1.99174e-07	1.99406e-07	6.80101e-07	6.39949e-07	6.41061e-07	1.00585e-07	1.01209e-07	1.01103e-07	4.2553e-07	4.2606e-07	4.25035e-07	3.5074e-08	3.50922e-08	3.4855e-08	1.0173e-07	1.01229e-07	1.01422e-07	1.00738e-07	1.01326e-07	1.00948e-07	3.51838e-08	3.48717e-08	3.4974e-08	3.51805e-08	3.51189e-08	3.52179e-08	1.98232e-07	1.9827e-07	1.98147e-07
D-1_20x	3.51125e-08	3.50998e-08	3.52812e-08	3.53212e-08	3.51345e-08	3.52821e-08	1.98175e-07	1.98613e-07	1.98882e-07	6.39949e-07	6.798e-07	6.4101e-07	1.00542e-07	1.01081e-07	1.00965e-07	4.25341e-07	4.25941e-07	4.24969e-07	3.50912e-08	3.50739e-08	3.48506e-08	1.01865e-07	1.01497e-07	1.01641e-07	1.0109e-07	1.01447e-07	1.01038e-07	3.52063e-08	3.50064e-08	3.5002e-08	3.52803e-08	3.5133e-08	3.52353e-08	1.97755e-07	1.97474e-07	1.97468e-07
D-2_20x	3.50853e-08	3.50695e-08	3.53197e-08	3.54702e-08	3.51478e-08	3.53734e-08	1.9866e-07	1.98787e-07	1.9954e-07	6.41061e-07	6.4101e-07	7.10418e-07	1.01035e-07	1.0136e-07	1.01026e-07	4.2578e-07	4.26152e-07	4.24816e-07	3.51557e-08	3.51847e-08	3.50223e-08	1.02161e-07	1.01651e-07	1.01828e-07	1.01388e-07	1.01926e-07	1.01089e-07	3.52636e-08	3.50146e-08	3.50162e-08	3.51882e-08	3.51258e-08	3.52403e-08	1.98351e-07	1.97958e-07	1.97993e-07
E-0_20x	3.56982e-08	3.57842e-08	3.5944e-08	3.63841e-08	3.62024e-08	3.62033e-08	1.01192e-07	1.01511e-07	1.01473e-07	1.00585e-07	1.00542e-07	1.01035e-07	7.81538e-07	7.19694e-07	7.194e-07	1.00678e-07	1.01107e-07	1.0152e-07	3.62446e-08	3.64242e-08	3.63541e-08	5.96641e-07	5.97598e-07	5.97726e-07	5.96929e-07	5.9703e-07	5.96e-07	3.62369e-08	3.60951e-08	3.63576e-08	3.60573e-08	3.6276e-08	3.62508e-08	1.01516e-07	1.01091e-07	1.01452e-07
E-1_20x	3.5895e-08	3.59934e-08	3.61073e-08	3.64403e-08	3.63376e-08	3.62752e-08	1.01024e-07	1.01401e-07	1.01206e-07	1.01209e-07	1.01081e-07	1.0136e-07	7.19694e-07	7.50043e-07	7.19059e-07	1.01201e-07	1.01672e-07	1.0237e-07	3.64364e-08	3.65809e-08	3.65684e-08	5.95099e-07	5.96648e-07	5.96253e-07	5.95908e-07	5.9586e-07	5.96531e-07	3.64986e-08	3.62836e-08	3.66109e-08	3.60289e-08	3.62033e-08	3.61569e-08	1.01554e-07	1.0106e-07	1.01257e-07
E-2_20x	3.58732e-08	3.59274e-08	3.60415e-08	3.65237e-08	3.63037e-08	3.62984e-08	1.01162e-07	1.0122e-07	1.01381e-07	1.01103e-07	1.00965e-07	1.01026e-07	7.194e-07	7.19059e-07	7.96258e-07	1.00804e-07	1.01144e-07	1.01729e-07	3.63602e-08	3.65376e-08	3.64311e-08	5.95736e-07	5.96258e-07	5.95e-07	5.95948e-07	5.95707e-07	5.95679e-07	3.62907e-08	3.60738e-08	3.64633e-08	3.61616e-08	3.62714e-08	3.62347e-08	1.01406e-07	1.011e-07	1.0112e-07
F-0_20x	3.50653e-08	3.51965e-08	3.51886e-08	3.49639e-08	3.47303e-08	3.47437e-08	1.96918e-07	1.97387e-07	1.97311e-07	4.2553e-07	4.25341e-07	4.2578e-07	1.00678e-07	1.01201e-07	1.00804e-07	6.72332e-07	6.38788e-07	6.38856e-07	3.47747e-08	3.47251e-08	3.45612e-08	1.01975e-07	1.01366e-07	1.01707e-07	1.01454e-07	1.01996e-07	1.01483e-07	3.48994e-08	3.45272e-08	3.4791e-08	3.4677e-08	3.46068e-08	3.48548e-08	1.9638e-07	1.96509e-07	1.96495e-07
F-1_20x	3.50614e-08	3.52072e-08	3.52119e-08	3.49822e-08	3.47287e-08	3.47827e-08	1.97082e-07	1.97441e-07	1.97346e-07	4.2606e-07	4.25941e-07	4.26152e-07	1.01107e-07	1.01672e-07	1.01144e-07	6.38788e-07	6.62628e-07	6.38915e-07	3.46636e-08	3.45301e-08	3.44229e-08	1.02227e-07	1.01557e-07	1.01921e-07	1.01725e-07	1.02251e-07	1.01636e-07	3.4851e-08	3.44949e-08	3.47767e-08	3.46529e-08	3.45958e-08	3.47911e-08	1.96646e-07	1.96788e-07	1.9664e-07
F-2_20x	3.52597e-08	3.53972e-08	3.54372e-08	3.49708e-08	3.47229e-08	3.48397e-08	1.97556e-07	1.97909e-07	1.97828e-07	4.25035e-07	4.24969e-07	4.24816e-07	1.0152e-07	1.0237e-07	1.01729e-07	6.38856e-07	6.38915e-07	6.93383e-07	3.47528e-08	3.47529e-08	3.45282e-08	1.02488e-07	1.01949e-07	1.02125e-07	1.01999e-07	1.02629e-07	1.01759e-07	3.48218e-08	3.441e-08	3.47663e-08	3.47754e-08	3.4759e-08	3.4912e-08	1.96988e-07	1.96925e-07	1.9674e-07
G-0_20x	1.20633e-07	1.20552e-07	1.20137e-07	1.63182e-07	1.62962e-07	1.6325e-07	3.63669e-08	3.62244e-08	3.62503e-08	3.5074e-08	3.50912e-08	3.51557e-08	3.62446e-08	3.64364e-08	3.63602e-08	3.47747e-08	3.46636e-08	3.47528e-08	6.60616e-07	6.06617e-07	6.06337e-07	3.62588e-08	3.62841e-08	3.63144e-08	3.66776e-08	3.67468e-08	3.66884e-08	3.37821e-07	3.37622e-07	3.38039e-07	1.21071e-07	1.21081e-07	1.21191e-07	3.62284e-08	3.61949e-08	3.62116e-08
G-1_20x	1.20894e-07	1.20702e-07	1.20233e-07	1.6351e-07	1.63325e-07	1.63562e-07	3.63147e-08	3.61415e-08	3.61671e-08	3.50922e-08	3.50739e-08	3.51847e-08	3.64242e-08	3.65809e-08	3.65376e-08	3.47251e-08	3.45301e-08	3.47529e-08	6.06617e-07	6.36092e-07	6.06552e-07	3.64702e-08	3.65134e-08	3.64771e-08	3.68786e-08	3.69065e-08	3.687e-08	3.38092e-07	3.37873e-07	3.38032e-07	1.20919e-07	1.21269e-07	1.21385e-07	3.60499e-08	3.60545e-08	3.60432e-08
G-2_20x	1.21159e-07	1.21404e-07	1.20648e-07	1.63252e-07	1.63077e-07	1.6354e-07	3.60998e-08	3.59453e-08	3.59759e-08	3.4855e-08	3.48506e-08	3.50223e-08	3.63541e-08	3.65684e-08	3.64311e-08	3.45612e-08	3.44229e-08	3.45282e-08	6.06337e-07	6.06552e-07	6.47475e-07	3.63763e-08	3.6466e-08	3.64313e-08	3.67424e-08	3.678e-08	3.67152e-08	3.38097e-07	3.37585e-07	3.387e-07	1.20922e-07	1.21186e-07	1.21196e-07	3.58148e-08	3.58364e-08	3.58165e-08
H-0_20x	3.62943e-08	3.64023e-08	3.64563e-08	3.69879e-08	3.66846e-08	3.67399e-08	1.02455e-07	1.02388e-07	1.02391e-07	1.0173e-07	1.01865e-07	1.02161e-07	5.96641e-07	5.95099e-07	5.95736e-07	1.01975e-07	1.02227e-07	1.02488e-07	3.62588e-08	3.64702e-08	3.63763e-08	8.00485e-07	7.46075e-07	7.46473e-07	7.02763e-07	7.02493e-07	7.02356e-07	3.64449e-08	3.63917e-08	3.65201e-08	3.65993e-08	3.67183e-08	3.67279e-08	1.02519e-07	1.02002e-07	1.02484e-07
H-1_20x	3.62022e-08	3.62978e-08	3.6359e-08	3.69275e-08	3.66545e-08	3.66016e-08	1.0212e-07	1.02222e-07	1.0248e-07	1.01229e-07	1.01497e-07	1.01651e-07	5.97598e-07	5.96648e-07	5.96258e-07	1.01366e-07	1.01557e-07	1.01949e-07	3.62841e-08	3.65134e-08	3.6466e-08	7.46075e-07	8.2665e-07	7.4619e-07	7.02454e-07	7.02991e-07	7.03713e-07	3.64611e-08	3.64325e-08	3.66192e-08	3.65249e-08	3.66646e-08	3.67004e-08	1.02504e-07	1.02071e-07	1.02518e-07
H-2_20x	3.61774e-08	3.63144e-08	3.62981e-08	3.70081e-08	3.67604e-08	3.67451e-08	1.01933e-07	1.01869e-07	1.02141e-07	1.01422e-07	1.01641e-07	1.01828e-07	5.97726e-07	5.96253e-07	5.95e-07	1.01707e-07	1.01921e-07	1.02125e-07	3.63144e-08	3.64771e-08	3.64313e-08	7.46473e-07	7.4619e-07	7.92035e-07	7.02346e-07	7.02878e-07	7.03069e-07	3.67168e-08	3.66847e-08	3.67806e-08	3.65378e-08	3.67415e-08	3.67541e-08	1.02252e-07	1.0184e-07	1.02143e-07
I-0_20x	3.62058e-08	3.63686e-08	3.63705e-08	3.68058e-08	3.65964e-08	3.66215e-08	1.01272e-07	1.01478e-07	1.01681e-07	1.00738e-07	1.0109e-07	1.01388e-07	5.96929e-07	5.95908e-07	5.95948e-07	1.01454e-07	1.01725e-07	1.01999e-07	3.66776e-08	3.68786e-08	3.67424e-08	7.02763e-07	7.02454e-07	7.02346e-07	7.87613e-07	7.46188e-07	7.45035e-07	3.67886e-08	3.67258e-08	3.68949e-08	3.67166e-08	3.68748e-08	3.68248e-08	1.01553e-07	1.01206e-07	1.01671e-07
I-1_20x	3.6254e-08	3.64842e-08	3.64487e-08	3.68295e-08	3.66162e-08	3.65962e-08	1.01809e-07	1.02088e-07	1.02153e-07	1.01326e-07	1.01447e-07	1.01926e-07	5.9703e-07	5.9586e-07	5.95707e-07	1.01996e-07	1.02251e-07	1.02629e-07	3.67468e-08	3.69065e-08	3.678e-08	7.02493e-07	7.02991e-07	7.02878e-07	7.46188e-07	7.89086e-07	7.45905e-07	3.66369e-08	3.65464e-08	3.6765e-08	3.67227e-08	3.68716e-08	3.68654e-08	1.0211e-07	1.01831e-07	1.02367e-07
I-2_20x	3.64131e-08	3.65592e-08	3.65451e-08	3.69398e-08	3.67441e-08	3.67016e-08	1.01542e-07	1.0167e-07	1.01949e-07	1.00948e-07	1.01038e-07	1.01089e-07	5.96e-07	5.96531e-07	5.95679e-07	1.01483e-07	1.01636e-07	1.01759e-07	3.66884e-08	3.687e-08	3.67152e-08	7.02356e-07	7.03713e-07	7.03069e-07	7.45035e-07	7.45905e-07	7.88876e-07	3.66778e-08	3.65657e-08	3.67284e-08	3.68417e-08	3.70381e-08	3.69558e-08	1.01918e-07	1.01648e-07	1.02128e-07
J-0_20x	1.21946e-07	1.22128e-07	1.21718e-07	1.64844e-07	1.64494e-07	1.65218e-07	3.60683e-08	3.59895e-08	3.60129e-08	3.51838e-08	3.52063e-08	3.52636e-08	3.62369e-08	3.64986e-08	3.62907e-08	3.48994e-08	3.4851e-08	3.48218e-08	3.37821e-07	3.38092e-07	3.38097e-07	3.64449e-08	3.64611e-08	3.67168e-08	3.67886e-08	3.66369e-08	3.66778e-08	6.52782e-07	6.08053e-07	6.08614e-07	1.2198e-07	1.21919e-07	1.22275e-07	3.58793e-08	3.58995e-08	3.61947e-08
J-1_20x	1.21663e-07	1.21909e-07	1.21167e-07	1.64466e-07	1.6358e-07	1.64621e-07	3.60317e-08	3.5893e-08	3.59517e-08	3.48717e-08	3.50064e-08	3.50146e-08	3.60951e-08	3.62836e-08	3.60738e-08	3.45272e-08	3.44949e-08	3.441e-08	3.37622e-07	3.37873e-07	3.37585e-07	3.63917e-08	3.64325e-08	3.66847e-08	3.67258e-08	3.65464e-08	3.65657e-08	6.08053e-07	6.38169e-07	6.07768e-07	1.21586e-07	1.21437e-07	1.21612e-07	3.58541e-08	3.57762e-08	3.60667e-08
J-2_20x	1.21362e-07	1.21462e-07	1.20857e-07	1.64199e-07	1.63957e-07	1.64697e-07	3.62518e-08	3.6129e-08	3.6207e-08	3.4974e-08	3.5002e-08	3.50162e-08	3.63576e-08	3.66109e-08	3.64633e-08	3.4791e-08	3.47767e-08	3.47663e-08	3.38039e-07	3.38032e-07	3.387e-07	3.65201e-08	3.66192e-08	3.67806e-08	3.68949e-08	3.6765e-08	3.67284e-08	6.08614e-07	6.07768e-07	6.48013e-07	1.21241e-07	1.21165e-07	1.21545e-07	3.60598e-08	3.59831e-08	3.63067e-08
K-0_20x	2.13316e-07	2.13746e-07	2.13394e-07	1.19795e-07	1.18983e-07	1.19045e-07	3.60776e-08	3.60446e-08	3.61609e-08	3.51805e-08	3.52803e-08	3.51882e-08	3.60573e-08	3.60289e-08	3.61616e-08	3.4677e-08	3.46529e-08	3.47754e-08	1.21071e-07	1.20919e-07	1.20922e-07	3.65993e-08	3.65249e-08	3.65378e-08	3.67166e-08	3.67227e-08	3.68417e-08	1.2198e-07	1.21586e-07	1.21241e-07	6.07929e-07	5.70291e-07	5.70592e-07	3.59169e-08	3.56416e-08	3.58855e-08
K-1_20x	2.13464e-07	2.13597e-07	2.13358e-07	1.19687e-07	1.19172e-07	1.19325e-07	3.59638e-08	3.59409e-08	3.6079e-08	3.51189e-08	3.5133e-08	3.51258e-08	3.6276e-08	3.62033e-08	3.62714e-08	3.46068e-08	3.45958e-08	3.4759e-08	1.21081e-07	1.21269e-07	1.21186e-07	3.67183e-08	3.66646e-08	3.67415e-08	3.68748e-08	3.68716e-08	3.70381e-08	1.21919e-07	1.21437e-07	1.21165e-07	5.70291e-07	6.05967e-07	5.70666e-07	3.58601e-08	3.55766e-08	3.58242e-08
K-2_20x	2.13824e-07	2.13781e-07	2.13537e-07	1.19748e-07	1.19414e-07	1.19806e-07	3.61313e-08	3.60447e-08	3.62472e-08	3.52179e-08	3.52353e-08	3.52403e-08	3.62508e-08	3.61569e-08	3.62347e-08	3.48548e-08	3.47911e-08	3.4912e-08	1.21191e-07	1.21385e-07	1.21196e-07	3.67279e-08	3.67004e-08	3.67541e-08	3.68248e-08	3.68654e-08	3.69558e-08	1.22275e-07	1.21612e-07	1.21545e-07	5.70592e-07	5.70666e-07	6.2289e-07	3.59864e-08	3.57831e-08	3.60253e-08
L-0_20x	3.5727e-08	3.60096e-08	3.57349e-08	3.61018e-08	3.60222e-08	3.60873e-08	6.44288e-07	6.43834e-07	6.45298e-07	1.98232e-07	1.97755e-07	1.98351e-07	1.01516e-07	1.01554e-07	1.01406e-07	1.9638e-07	1.96646e-07	1.96988e-07	3.62284e-08	3.60499e-08	3.58148e-08	1.02519e-07	1.02504e-07	1.02252e-07	1.01553e-07	1.0211e-07	1.01918e-07	3.58793e-08	3.58541e-08	3.60598e-08	3.59169e-08	3.58601e-08	3.59864e-08	7.29708e-07	6.91877e-07	6.92724e-07
L-1_20x	3.56696e-08	3.60464e-08	3.56585e-08	3.58598e-08	3.57947e-08	3.58361e-08	6.43833e-07	6.44294e-07	6.44555e-07	1.9827e-07	1.97474e-07	1.97958e-07	1.01091e-07	1.0106e-07	1.011e-07	1.96509e-07	1.96788e-07	1.96925e-07	3.61949e-08	3.60545e-08	3.58364e-08	1.02002e-07	1.02071e-07	1.0184e-07	1.01206e-07	1.01831e-07	1.01648e-07	3.58995e-08	3.57762e-08	3.59831e-08	3.56416e-08	3.55766e-08	3.57831e-08	6.91877e-07	7.4112e-07	6.91931e-07
L-2_20x	3.57097e-08	3.59712e-08	3.57276e-08	3.59424e-08	3.59401e-08	3.58917e-08	6.43862e-07	6.43368e-07	6.45017e-07	1.98147e-07	1.97468e-07	1.97993e-07	1.01452e-07	1.01257e-07	1.0112e-07	1.96495e-07	1.9664e-07	1.9674e-07	3.62116e-08	3.60432e-08	3.58165e-08	1.02484e-07	1.02518e-07	1.02143e-07	1.01671e-07	1.02367e-07	1.02128e-07	3.61947e-08	3.60667e-08	3.63067e-08	3.58855e-08	3.58242e-08	3.60253e-08	6.92724e-07	6.91931e-07	7.67694e-07
