	A-0_20x	A-1_20x	A-2_20x	B-0_20x	B-1_20x	B-2_20x	C-0_20x	C-1_20x	C-2_20x	D-0_20x	D-1_20x	D-2_20x	E-0_20x	E-1_20x	E-2_20x	F-0_20x	F-1_20x	F-2_20x	G-0_20x	G-1_20x	G-2_20x	H-0_20x	H-1_20x	H-2_20x	I-0_20x	I-1_20x	I-2_20x	J-0_20x	J-1_20x	J-2_20x	K-0_20x	K-1_20x	K-2_20x	L-0_20x	L-1_20x	L-2_20x
A-0_20x	3.29389e+08	9.85212e+07	2.07046e+08	2.58993e+07	4.16382e+07	4.56028e+07	1.71339e+07	9.58674e+06	1.53279e+07	1.36373e+07	1.41763e+07	8.03698e+06	1.01723e+07	2.08931e+07	8.18679e+06	1.69777e+07	2.32894e+07	1.01366e+07	3.32495e+07	6.15064e+07	4.47266e+07	1.22367e+07	8.21799e+06	1.43209e+07	1.60135e+07	1.49647e+07	1.48159e+07	4.01187e+07	5.81411e+07	4.44271e+07	7.78371e+07	8.34955e+07	5.67255e+07	1.61329e+07	1.21236e+07	8.23429e+06
A-1_20x	9.85212e+07	3.53803e+07	6.47055e+07	8.10399e+06	1.29859e+07	1.42304e+07	5.41982e+06	3.03435e+06	4.84529e+06	4.2692e+06	4.43662e+06	2.51522e+06	3.19266e+06	6.55749e+06	2.56726e+06	5.33407e+06	7.31987e+06	3.18603e+06	1.04002e+07	1.92239e+07	1.40297e+07	3.84268e+06	2.57992e+06	4.50022e+06	5.03586e+06	4.71465e+06	4.65672e+06	1.25771e+07	1.82373e+07	1.39162e+07	2.44202e+07	2.61569e+07	1.77568e+07	5.09057e+06	3.8361e+06	2.59706e+06
A-2_20x	2.07046e+08	6.47055e+07	1.45303e+08	1.70221e+07	2.73422e+07	2.99633e+07	1.12544e+07	6.29637e+06	1.00731e+07	9.00628e+06	9.36145e+06	5.31742e+06	6.73228e+06	1.38109e+07	5.40608e+06	1.11954e+07	1.53695e+07	6.69623e+06	2.17618e+07	4.02007e+07	2.92709e+07	8.07832e+06	5.42462e+06	9.4424e+06	1.05715e+07	9.88741e+06	9.77202e+06	2.63152e+07	3.80547e+07	2.90769e+07	5.11667e+07	5.486e+07	3.7235e+07	1.06052e+07	7.96582e+06	5.41464e+06
B-0_20x	2.58993e+07	8.10399e+06	1.70221e+07	5.31753e+07	7.65316e+07	8.36281e+07	6.7165e+06	3.77652e+06	6.02299e+06	5.36497e+06	5.5615e+06	3.16892e+06	4.04373e+06	8.26983e+06	3.2509e+06	6.60037e+06	9.05974e+06	3.92074e+06	1.75413e+07	3.24426e+07	2.35005e+07	4.86376e+06	3.26932e+06	5.71226e+06	6.34784e+06	5.92827e+06	5.86143e+06	2.11516e+07	3.06501e+07	2.34402e+07	1.70466e+07	1.82564e+07	1.23882e+07	6.3578e+06	4.75365e+06	3.23263e+06
B-1_20x	4.16382e+07	1.29859e+07	2.73422e+07	7.65316e+07	1.32292e+08	1.34505e+08	1.07905e+07	6.07041e+06	9.67677e+06	8.56449e+06	8.9157e+06	5.06064e+06	6.48485e+06	1.32923e+07	5.20775e+06	1.05666e+07	1.44966e+07	6.27463e+06	2.82303e+07	5.2226e+07	3.78398e+07	7.77449e+06	5.22981e+06	9.14574e+06	1.01731e+07	9.49959e+06	9.39625e+06	3.401e+07	4.91302e+07	3.77184e+07	2.72846e+07	2.93021e+07	1.99104e+07	1.02237e+07	7.64747e+06	5.20917e+06
B-2_20x	4.56028e+07	1.42304e+07	2.99633e+07	8.36281e+07	1.34505e+08	1.56809e+08	1.17868e+07	6.61943e+06	1.05382e+07	9.38442e+06	9.76381e+06	5.55438e+06	7.07182e+06	1.44703e+07	5.67858e+06	1.15276e+07	1.5833e+07	6.86564e+06	3.0844e+07	5.70397e+07	4.13819e+07	8.49062e+06	5.69533e+06	9.96918e+06	1.11016e+07	1.03529e+07	1.02354e+07	3.72544e+07	5.39292e+07	4.1323e+07	2.97744e+07	3.19979e+07	2.17854e+07	1.11688e+07	8.34989e+06	5.6735e+06
C-0_20x	1.71339e+07	5.41982e+06	1.12544e+07	6.7165e+06	1.07905e+07	1.17868e+07	2.99569e+08	1.59571e+08	2.53912e+08	6.65857e+07	6.90481e+07	3.92742e+07	2.48857e+07	5.07378e+07	1.99252e+07	8.22709e+07	1.12945e+08	4.90101e+07	8.64839e+06	1.59399e+07	1.14967e+07	2.98115e+07	2.00052e+07	3.4819e+07	3.8652e+07	3.62675e+07	3.56555e+07	1.02371e+07	1.4856e+07	1.14481e+07	1.13564e+07	1.21372e+07	8.26941e+06	2.51074e+08	1.88837e+08	1.28125e+08
C-1_20x	9.58674e+06	3.03435e+06	6.29637e+06	3.77652e+06	6.07041e+06	6.61943e+06	1.59571e+08	9.77706e+07	1.42261e+08	3.73807e+07	3.87952e+07	2.20325e+07	1.39979e+07	2.85536e+07	1.11768e+07	4.62359e+07	6.34506e+07	2.7531e+07	4.83018e+06	8.89518e+06	6.41955e+06	1.67027e+07	1.1227e+07	1.95108e+07	2.17172e+07	2.03869e+07	2.00154e+07	5.7276e+06	8.29719e+06	6.398e+06	6.36252e+06	6.80209e+06	4.62614e+06	1.40678e+08	1.05902e+08	7.18306e+07
C-2_20x	1.53279e+07	4.84529e+06	1.00731e+07	6.02299e+06	9.67677e+06	1.05382e+07	2.53912e+08	1.42261e+08	2.39818e+08	5.95135e+07	6.17861e+07	3.51751e+07	2.22509e+07	4.53222e+07	1.78046e+07	7.35015e+07	1.00845e+08	4.37628e+07	7.68693e+06	1.41569e+07	1.0217e+07	2.6565e+07	1.79019e+07	3.11111e+07	3.46072e+07	3.2446e+07	3.19179e+07	9.11454e+06	1.32184e+07	1.01954e+07	1.01503e+07	1.08575e+07	7.39758e+06	2.24136e+08	1.68594e+08	1.14464e+08
D-0_20x	1.36373e+07	4.2692e+06	9.00628e+06	5.36497e+06	8.56449e+06	9.38442e+06	6.65857e+07	3.73807e+07	5.95135e+07	1.85699e+08	1.8151e+08	1.03165e+08	2.01358e+07	4.13735e+07	1.62096e+07	1.44688e+08	1.98727e+08	8.58309e+07	6.7895e+06	1.25388e+07	9.03582e+06	2.4095e+07	1.61408e+07	2.81988e+07	3.12948e+07	2.93782e+07	2.88512e+07	8.12808e+06	1.17014e+07	8.99032e+06	9.01468e+06	9.6473e+06	6.56117e+06	6.28758e+07	4.73375e+07	3.20924e+07
D-1_20x	1.41763e+07	4.43662e+06	9.36145e+06	5.5615e+06	8.9157e+06	9.76381e+06	6.90481e+07	3.87952e+07	6.17861e+07	1.8151e+08	2.00851e+08	1.07369e+08	2.09511e+07	4.30116e+07	1.68485e+07	1.50531e+08	2.06776e+08	8.93266e+07	7.0705e+06	1.30448e+07	9.40427e+06	2.51145e+07	1.68454e+07	2.9419e+07	3.26884e+07	3.06161e+07	3.00594e+07	8.46708e+06	1.22305e+07	9.36591e+06	9.41054e+06	1.00464e+07	6.83333e+06	6.52929e+07	4.90814e+07	3.32968e+07
D-2_20x	8.03698e+06	2.51522e+06	5.31742e+06	3.16892e+06	5.06064e+06	5.55438e+06	3.92742e+07	2.20325e+07	3.51751e+07	1.03165e+08	1.07369e+08	6.7635e+07	1.19456e+07	2.44723e+07	9.56596e+06	8.55126e+07	1.17389e+08	5.06623e+07	4.01942e+06	7.42478e+06	5.36247e+06	1.42896e+07	9.57231e+06	1.67211e+07	1.86058e+07	1.74533e+07	1.70623e+07	4.81195e+06	6.94065e+06	5.31649e+06	5.32537e+06	5.69976e+06	3.87777e+06	3.71598e+07	2.79173e+07	1.8944e+07
E-0_20x	1.01723e+07	3.19266e+06	6.73228e+06	4.04373e+06	6.48485e+06	7.07182e+06	2.48857e+07	1.39979e+07	2.22509e+07	2.01358e+07	2.09511e+07	1.19456e+07	1.15135e+08	2.16134e+08	8.47242e+07	2.51557e+07	3.46532e+07	1.50635e+07	5.15483e+06	9.56166e+06	6.92494e+06	1.03803e+08	7.00054e+07	1.22075e+08	1.36112e+08	1.2717e+08	1.25193e+08	6.15133e+06	8.90056e+06	6.86774e+06	6.78863e+06	7.32212e+06	4.9623e+06	2.36587e+07	1.77353e+07	1.20748e+07
E-1_20x	2.08931e+07	6.55749e+06	1.38109e+07	8.26983e+06	1.32923e+07	1.44703e+07	5.07378e+07	2.85536e+07	4.53222e+07	4.13735e+07	4.30116e+07	2.44723e+07	2.16134e+08	4.60289e+08	1.73022e+08	5.16366e+07	7.11661e+07	3.10185e+07	1.05817e+07	1.96129e+07	1.42257e+07	2.11539e+08	1.42714e+08	2.48708e+08	2.77755e+08	2.59153e+08	2.55762e+08	1.26509e+07	1.82727e+07	1.41221e+07	1.38531e+07	1.49233e+07	1.01069e+07	4.83298e+07	3.62064e+07	2.46117e+07
E-2_20x	8.18679e+06	2.56726e+06	5.40608e+06	3.2509e+06	5.20775e+06	5.67858e+06	1.99252e+07	1.11768e+07	1.78046e+07	1.62096e+07	1.68485e+07	9.56596e+06	8.47242e+07	1.73022e+08	7.52239e+07	2.01714e+07	2.77647e+07	1.20889e+07	4.14171e+06	7.68134e+06	5.55759e+06	8.30241e+07	5.59432e+07	9.73539e+07	1.08962e+08	1.01645e+08	1.00194e+08	4.93383e+06	7.12387e+06	5.51546e+06	5.45226e+06	5.86342e+06	3.9725e+06	1.89279e+07	1.42044e+07	9.6391e+06
F-0_20x	1.69777e+07	5.33407e+06	1.11954e+07	6.60037e+06	1.05666e+07	1.15276e+07	8.22709e+07	4.62359e+07	7.35015e+07	1.44688e+08	1.50531e+08	8.55126e+07	2.51557e+07	5.16366e+07	2.01714e+07	2.85334e+08	3.7185e+08	1.61031e+08	8.40179e+06	1.54849e+07	1.1182e+07	3.01464e+07	2.01759e+07	3.52964e+07	3.93417e+07	3.69131e+07	3.62029e+07	1.00633e+07	1.4463e+07	1.11627e+07	1.10896e+07	1.18651e+07	8.10502e+06	7.77457e+07	5.8564e+07	3.97296e+07
F-1_20x	2.32894e+07	7.31987e+06	1.53695e+07	9.05974e+06	1.44966e+07	1.5833e+07	1.12945e+08	6.34506e+07	1.00845e+08	1.98727e+08	2.06776e+08	1.17389e+08	3.46532e+07	7.11661e+07	2.77647e+07	3.7185e+08	5.29812e+08	2.20901e+08	1.1488e+07	2.11273e+07	1.52801e+07	4.14599e+07	2.77296e+07	4.85205e+07	5.41159e+07	5.07645e+07	4.97387e+07	1.37881e+07	1.98267e+07	1.53074e+07	1.52044e+07	1.62772e+07	1.10977e+07	1.06799e+08	8.04524e+07	5.45313e+07
F-2_20x	1.01366e+07	3.18603e+06	6.69623e+06	3.92074e+06	6.27463e+06	6.86564e+06	4.90101e+07	2.7531e+07	4.37628e+07	8.58309e+07	8.93266e+07	5.06623e+07	1.50635e+07	3.10185e+07	1.20889e+07	1.61031e+08	2.20901e+08	1.03974e+08	4.98625e+06	9.20345e+06	6.63541e+06	1.79916e+07	1.20499e+07	2.10481e+07	2.34867e+07	2.20541e+07	2.15562e+07	5.96319e+06	8.55971e+06	6.6249e+06	6.60556e+06	7.07796e+06	4.82145e+06	4.63181e+07	3.48528e+07	2.36233e+07
G-0_20x	3.32495e+07	1.04002e+07	2.17618e+07	1.75413e+07	2.82303e+07	3.0844e+07	8.64839e+06	4.83018e+06	7.68693e+06	6.7895e+06	7.0705e+06	4.01942e+06	5.15483e+06	1.05817e+07	4.14171e+06	8.40179e+06	1.1488e+07	4.98625e+06	9.10926e+07	1.54013e+08	1.11731e+08	6.10108e+06	4.11076e+06	7.17422e+06	8.09532e+06	7.56933e+06	7.44969e+06	5.54646e+07	8.05238e+07	6.17311e+07	2.20483e+07	2.36403e+07	1.60478e+07	8.16425e+06	6.14e+06	4.16764e+06
G-1_20x	6.15064e+07	1.92239e+07	4.02007e+07	3.24426e+07	5.2226e+07	5.70397e+07	1.59399e+07	8.89518e+06	1.41569e+07	1.25388e+07	1.30448e+07	7.42478e+06	9.56166e+06	1.96129e+07	7.68134e+06	1.54849e+07	2.11273e+07	9.20345e+06	1.54013e+08	2.9824e+08	2.06292e+08	1.13266e+07	7.63567e+06	1.3301e+07	1.50255e+07	1.40341e+07	1.38199e+07	1.02431e+08	1.48702e+08	1.1399e+08	4.06417e+07	4.36983e+07	2.9664e+07	1.49962e+07	1.12888e+07	7.65639e+06
G-2_20x	4.47266e+07	1.40297e+07	2.92709e+07	2.35005e+07	3.78398e+07	4.13819e+07	1.14967e+07	6.41955e+06	1.0217e+07	9.03582e+06	9.40427e+06	5.36247e+06	6.92494e+06	1.42257e+07	5.55759e+06	1.1182e+07	1.52801e+07	6.63541e+06	1.11731e+08	2.06292e+08	1.59885e+08	8.19783e+06	5.53303e+06	9.6384e+06	1.08615e+07	1.01466e+07	9.98437e+06	7.43446e+07	1.07826e+08	8.28655e+07	2.94927e+07	3.16868e+07	2.14915e+07	1.0809e+07	8.14204e+06	5.52064e+06
H-0_20x	1.22367e+07	3.84268e+06	8.07832e+06	4.86376e+06	7.77449e+06	8.49062e+06	2.98115e+07	1.67027e+07	2.6565e+07	2.4095e+07	2.51145e+07	1.42896e+07	1.03803e+08	2.11539e+08	8.30241e+07	3.01464e+07	4.14599e+07	1.79916e+07	6.10108e+06	1.13266e+07	8.19783e+06	1.65121e+08	1.03423e+08	1.80421e+08	1.89808e+08	1.77132e+08	1.74514e+08	7.31969e+06	1.06169e+07	8.16099e+06	8.1525e+06	8.77005e+06	5.94879e+06	2.82687e+07	2.11714e+07	1.44285e+07
H-1_20x	8.21799e+06	2.57992e+06	5.42462e+06	3.26932e+06	5.22981e+06	5.69533e+06	2.00052e+07	1.1227e+07	1.79019e+07	1.61408e+07	1.68454e+07	9.57231e+06	7.00054e+07	1.42714e+08	5.59432e+07	2.01759e+07	2.77296e+07	1.20499e+07	4.11076e+06	7.63567e+06	5.53303e+06	1.03423e+08	7.73061e+07	1.21409e+08	1.27721e+08	1.19311e+08	1.17682e+08	4.93049e+06	7.15639e+06	5.50948e+06	5.47784e+06	5.89559e+06	4.00194e+06	1.90312e+07	1.42619e+07	9.71972e+06
H-2_20x	1.43209e+07	4.50022e+06	9.4424e+06	5.71226e+06	9.14574e+06	9.96918e+06	3.4819e+07	1.95108e+07	3.11111e+07	2.81988e+07	2.9419e+07	1.67211e+07	1.22075e+08	2.48708e+08	9.73539e+07	3.52964e+07	4.85205e+07	2.10481e+07	7.17422e+06	1.3301e+07	9.6384e+06	1.80421e+08	1.21409e+08	2.24929e+08	2.22613e+08	2.08029e+08	2.05085e+08	8.65759e+06	1.25633e+07	9.64948e+06	9.55439e+06	1.03002e+07	6.98853e+06	3.31002e+07	2.48164e+07	1.68855e+07
I-0_20x	1.60135e+07	5.03586e+06	1.05715e+07	6.34784e+06	1.01731e+07	1.11016e+07	3.8652e+07	2.17172e+07	3.46072e+07	3.12948e+07	3.26884e+07	1.86058e+07	1.36112e+08	2.77755e+08	1.08962e+08	3.93417e+07	5.41159e+07	2.34867e+07	8.09532e+06	1.50255e+07	1.08615e+07	1.89808e+08	1.27721e+08	2.22613e+08	2.7931e+08	2.46656e+08	2.42847e+08	9.69189e+06	1.40554e+07	1.08151e+07	1.07278e+07	1.15513e+07	7.82314e+06	3.67322e+07	2.75555e+07	1.87807e+07
I-1_20x	1.49647e+07	4.71465e+06	9.88741e+06	5.92827e+06	9.49959e+06	1.03529e+07	3.62675e+07	2.03869e+07	3.2446e+07	2.93782e+07	3.06161e+07	1.74533e+07	1.2717e+08	2.59153e+08	1.01645e+08	3.69131e+07	5.07645e+07	2.20541e+07	7.56933e+06	1.40341e+07	1.01466e+07	1.77132e+08	1.19311e+08	2.08029e+08	2.46656e+08	2.438e+08	2.26736e+08	9.00834e+06	1.3054e+07	1.00574e+07	1.0014e+07	1.07793e+07	7.30946e+06	3.44682e+07	2.58747e+07	1.76469e+07
I-2_20x	1.48159e+07	4.65672e+06	9.77202e+06	5.86143e+06	9.39625e+06	1.02354e+07	3.56555e+07	2.00154e+07	3.19179e+07	2.88512e+07	3.00594e+07	1.70623e+07	1.25193e+08	2.55762e+08	1.00194e+08	3.62029e+07	4.97387e+07	2.15562e+07	7.44969e+06	1.38199e+07	9.98437e+06	1.74514e+08	1.17682e+08	2.05085e+08	2.42847e+08	2.26736e+08	2.36922e+08	8.88873e+06	1.28738e+07	9.90404e+06	9.90278e+06	1.06738e+07	7.22274e+06	3.39114e+07	2.54602e+07	1.73527e+07
J-0_20x	4.01187e+07	1.25771e+07	2.63152e+07	2.11516e+07	3.401e+07	3.72544e+07	1.02371e+07	5.7276e+06	9.11454e+06	8.12808e+06	8.46708e+06	4.81195e+06	6.15133e+06	1.26509e+07	4.93383e+06	1.00633e+07	1.37881e+07	5.96319e+06	5.54646e+07	1.02431e+08	7.43446e+07	7.31969e+06	4.93049e+06	8.65759e+06	9.69189e+06	9.00834e+06	8.88873e+06	1.28152e+08	1.73073e+08	1.32672e+08	2.65106e+07	2.84085e+07	1.93216e+07	9.65049e+06	7.2683e+06	4.97208e+06
J-1_20x	5.81411e+07	1.82373e+07	3.80547e+07	3.06501e+07	4.91302e+07	5.39292e+07	1.4856e+07	8.29719e+06	1.32184e+07	1.17014e+07	1.22305e+07	6.94065e+06	8.90056e+06	1.82727e+07	7.12387e+06	1.4463e+07	1.98267e+07	8.55971e+06	8.05238e+07	1.48702e+08	1.07826e+08	1.06169e+07	7.15639e+06	1.25633e+07	1.40554e+07	1.3054e+07	1.28738e+07	1.73073e+08	2.64255e+08	1.92467e+08	3.83864e+07	4.11067e+07	2.7916e+07	1.40098e+07	1.0522e+07	7.19675e+06
J-2_20x	4.44271e+07	1.39162e+07	2.90769e+07	2.34402e+07	3.77184e+07	4.1323e+07	1.14481e+07	6.398e+06	1.01954e+07	8.99032e+06	9.36591e+06	5.31649e+06	6.86774e+06	1.41221e+07	5.51546e+06	1.11627e+07	1.53074e+07	6.6249e+06	6.17311e+07	1.1399e+08	8.28655e+07	8.16099e+06	5.50948e+06	9.64948e+06	1.08151e+07	1.00574e+07	9.90404e+06	1.32672e+08	1.92467e+08	1.57507e+08	2.93235e+07	3.1412e+07	2.13712e+07	1.07924e+07	8.1063e+06	5.54904e+06
K-0_20x	7.78371e+07	2.44202e+07	5.11667e+07	1.70466e+07	2.72846e+07	2.97744e+07	1.13564e+07	6.36252e+06	1.01503e+07	9.01468e+06	9.41054e+06	5.32537e+06	6.78863e+06	1.38531e+07	5.45226e+06	1.10896e+07	1.52044e+07	6.60556e+06	2.20483e+07	4.06417e+07	2.94927e+07	8.1525e+06	5.47784e+06	9.55439e+06	1.07278e+07	1.0014e+07	9.90278e+06	2.65106e+07	3.83864e+07	2.93235e+07	1.46877e+08	1.47359e+08	1.00026e+08	1.07152e+07	8.00376e+06	5.46704e+06
K-1_20x	8.34955e+07	2.61569e+07	5.486e+07	1.82564e+07	2.93021e+07	3.19979e+07	1.21372e+07	6.80209e+06	1.08575e+07	9.6473e+06	1.00464e+07	5.69976e+06	7.32212e+06	1.49233e+07	5.86342e+06	1.18651e+07	1.62772e+07	7.07796e+06	2.36403e+07	4.36983e+07	3.16868e+07	8.77005e+06	5.89559e+06	1.03002e+07	1.15513e+07	1.07793e+07	1.06738e+07	2.84085e+07	4.11067e+07	3.1412e+07	1.47359e+08	1.68217e+08	1.07204e+08	1.14683e+07	8.56569e+06	5.8516e+06
K-2_20x	5.67255e+07	1.77568e+07	3.7235e+07	1.23882e+07	1.99104e+07	2.17854e+07	8.26941e+06	4.62614e+06	7.39758e+06	6.56117e+06	6.83333e+06	3.87777e+06	4.9623e+06	1.01069e+07	3.9725e+06	8.10502e+06	1.10977e+07	4.82145e+06	1.60478e+07	2.9664e+07	2.14915e+07	5.94879e+06	4.00194e+06	6.98853e+06	7.82314e+06	7.30946e+06	7.22274e+06	1.93216e+07	2.7916e+07	2.13712e+07	1.00026e+08	1.07204e+08	7.94896e+07	7.80514e+06	5.84253e+06	3.99065e+06
L-0_20x	1.61329e+07	5.09057e+06	1.06052e+07	6.3578e+06	1.02237e+07	1.11688e+07	2.51074e+08	1.40678e+08	2.24136e+08	6.28758e+07	6.52929e+07	3.71598e+07	2.36587e+07	4.83298e+07	1.89279e+07	7.77457e+07	1.06799e+08	4.63181e+07	8.16425e+06	1.49962e+07	1.0809e+07	2.82687e+07	1.90312e+07	3.31002e+07	3.67322e+07	3.44682e+07	3.39114e+07	9.65049e+06	1.40098e+07	1.07924e+07	1.07152e+07	1.14683e+07	7.80514e+06	2.69664e+08	1.92295e+08	1.30622e+08
L-1_20x	1.21236e+07	3.8361e+06	7.96582e+06	4.75365e+06	7.64747e+06	8.34989e+06	1.88837e+08	1.05902e+08	1.68594e+08	4.73375e+07	4.90814e+07	2.79173e+07	1.77353e+07	3.62064e+07	1.42044e+07	5.8564e+07	8.04524e+07	3.48528e+07	6.14e+06	1.12888e+07	8.14204e+06	2.11714e+07	1.42619e+07	2.48164e+07	2.75555e+07	2.58747e+07	2.54602e+07	7.2683e+06	1.0522e+07	8.1063e+06	8.00376e+06	8.56569e+06	5.84253e+06	1.92295e+08	1.55441e+08	9.81928e+07
L-2_20x	8.23429e+06	2.59706e+06	5.41464e+06	3.23263e+06	5.20917e+06	5.6735e+06	1.28125e+08	7.18306e+07	1.14464e+08	3.20924e+07	3.32968e+07	1.8944e+07	1.20748e+07	2.46117e+07	9.6391e+06	3.97296e+07	5.45313e+07	2.36233e+07	4.16764e+06	7.65639e+06	5.52064e+06	1.44285e+07	9.71972e+06	1.68855e+07	1.87807e+07	1.76469e+07	1.73527e+07	4.97208e+06	7.19675e+06	5.54904e+06	5.46704e+06	5.8516e+06	3.99065e+06	1.30622e+08	9.81928e+07	7.40465e+07
