	A-0_10x	A-1_10x	A-2_10x	B-0_10x	B-1_10x	B-2_10x	C-0_10x	C-1_10x	C-2_10x	D-0_10x	D-1_10x	D-2_10x	E-0_10x	E-1_10x	E-2_10x	F-0_10x	F-1_10x	F-2_10x	G-0_10x	G-1_10x	G-2_10x	H-0_10x	H-1_10x	H-2_10x	I-0_10x	I-1_10x	I-2_10x	J-0_10x	J-1_10x	J-2_10x	K-0_10x	K-1_10x	K-2_10x	L-0_10x	L-1_10x	L-2_10x
A-0_10x	0.604383	0.553776	0.496841	0.116522	0.117118	0.11588	0.0356594	0.0317361	0.034125	0.0339117	0.0346564	0.0342885	0.0356271	0.0353962	0.0362049	0.0355561	0.0353763	0.0350138	0.117992	0.119651	0.115161	0.0344529	0.0356025	0.0361039	0.0358729	0.0348774	0.0362078	0.11985	0.119001	0.114414	0.204462	0.187328	0.210187	0.0355825	0.0357535	0.0352396
A-1_10x	0.553776	0.603864	0.500336	0.116982	0.11728	0.116391	0.0357265	0.0318866	0.0342649	0.0340793	0.03481	0.034488	0.0357172	0.0354721	0.0362888	0.0356168	0.0353324	0.035025	0.118304	0.119837	0.115493	0.0347331	0.0357681	0.0362369	0.0360778	0.0351377	0.0364422	0.120177	0.11947	0.114398	0.205351	0.188114	0.211086	0.0356503	0.0358007	0.0354256
A-2_10x	0.496841	0.500336	0.605143	0.105774	0.105672	0.10523	0.032334	0.0287106	0.0309361	0.0309468	0.031538	0.0313117	0.0323278	0.0321434	0.0329218	0.0324953	0.0322593	0.0319992	0.106331	0.108138	0.103668	0.0313352	0.0323678	0.0328949	0.0327167	0.0319172	0.0330226	0.108372	0.107939	0.102812	0.183223	0.167293	0.187721	0.0321133	0.0324448	0.0319257
B-0_10x	0.116522	0.116982	0.105774	0.601641	0.525495	0.521999	0.0347012	0.0307284	0.0333683	0.0333954	0.0341689	0.0337087	0.0350602	0.0346213	0.0355283	0.0343782	0.0339248	0.0338381	0.156049	0.156745	0.150096	0.0335975	0.0348182	0.035311	0.0351737	0.0344308	0.0355628	0.156416	0.15678	0.148752	0.112849	0.103551	0.115333	0.0348589	0.0350106	0.03481
B-1_10x	0.117118	0.11728	0.105672	0.525495	0.602078	0.525191	0.0350248	0.0308649	0.033485	0.0335924	0.0343358	0.033987	0.0355533	0.035201	0.0360392	0.0346898	0.0341604	0.0342133	0.157692	0.158034	0.151602	0.0339435	0.0353294	0.0357431	0.0357587	0.0347892	0.0359222	0.158577	0.158978	0.150377	0.112616	0.103636	0.115602	0.0350361	0.0351178	0.0349187
B-2_10x	0.11588	0.116391	0.10523	0.521999	0.525191	0.601592	0.0346102	0.0306724	0.0331984	0.0333903	0.0340158	0.0335931	0.0353019	0.0350189	0.0357713	0.0344417	0.0338098	0.0337367	0.155257	0.155453	0.149155	0.033921	0.0352624	0.0356022	0.0357819	0.0348273	0.0358483	0.156904	0.156533	0.148487	0.111857	0.102784	0.115114	0.0346672	0.0347981	0.0346049
C-0_10x	0.0356594	0.0357265	0.032334	0.0347012	0.0350248	0.0346102	0.746055	0.591786	0.636489	0.189886	0.193751	0.193238	0.0991248	0.0983909	0.100754	0.196072	0.194259	0.195405	0.0347244	0.0352488	0.034026	0.0950725	0.098496	0.0994358	0.0984103	0.0957764	0.100321	0.0352904	0.035003	0.0328792	0.0343266	0.0313608	0.0355094	0.62059	0.626055	0.618576
C-1_10x	0.0317361	0.0318866	0.0287106	0.0307284	0.0308649	0.0306724	0.591786	0.745359	0.5718	0.168984	0.173102	0.172278	0.088826	0.088333	0.090321	0.175945	0.174521	0.175104	0.0313516	0.0317954	0.0305197	0.0849932	0.0881528	0.0887446	0.0880539	0.0854981	0.0893546	0.0318936	0.0315681	0.0297676	0.0309994	0.0285313	0.0321189	0.555785	0.560814	0.555165
C-2_10x	0.034125	0.0342649	0.0309361	0.0333683	0.033485	0.0331984	0.636489	0.5718	0.744994	0.182518	0.186203	0.185591	0.0949738	0.0943448	0.0966015	0.189463	0.18754	0.188566	0.0333629	0.0340162	0.0328198	0.0917918	0.0947177	0.0956959	0.0945179	0.0926574	0.096023	0.0340656	0.0337579	0.0316566	0.0331256	0.0303842	0.0343314	0.598401	0.604327	0.594606
D-0_10x	0.0339117	0.0340793	0.0309468	0.0333954	0.0335924	0.0333903	0.189886	0.168984	0.182518	0.688365	0.603519	0.599657	0.0975694	0.0975547	0.0990753	0.412511	0.407548	0.410176	0.0333798	0.0337896	0.0321591	0.0935021	0.0965987	0.0982108	0.097388	0.095066	0.0978706	0.0339016	0.0338946	0.0318218	0.0329628	0.0303252	0.0339492	0.189975	0.191165	0.189333
D-1_10x	0.0346564	0.03481	0.031538	0.0341689	0.0343358	0.0340158	0.193751	0.173102	0.186203	0.603519	0.689783	0.611541	0.0997499	0.0987575	0.101314	0.419745	0.416143	0.417522	0.0341701	0.034366	0.0329629	0.0956329	0.0984525	0.100091	0.099567	0.0975097	0.100033	0.034654	0.0346023	0.0325722	0.0335748	0.0309653	0.0345447	0.194358	0.195611	0.193559
D-2_10x	0.0342885	0.034488	0.0313117	0.0337087	0.033987	0.0335931	0.193238	0.172278	0.185591	0.599657	0.611541	0.688546	0.0983389	0.0976675	0.0998521	0.417184	0.412731	0.415073	0.0340166	0.0344581	0.0329848	0.0943211	0.0968116	0.0988642	0.0980717	0.0958903	0.0986805	0.0344125	0.0342732	0.0322099	0.0336861	0.0311156	0.0344983	0.193306	0.194498	0.192551
E-0_10x	0.0356271	0.0357172	0.0323278	0.0350602	0.0355533	0.0353019	0.0991248	0.088826	0.0949738	0.0975694	0.0997499	0.0983389	0.781238	0.690181	0.70377	0.10132	0.100061	0.0997222	0.0351158	0.0355887	0.0343225	0.551668	0.568154	0.577343	0.577266	0.563048	0.582706	0.035466	0.0352009	0.0335042	0.0347683	0.0320742	0.0357322	0.100154	0.101188	0.0996723
E-1_10x	0.0353962	0.0354721	0.0321434	0.0346213	0.035201	0.0350189	0.0983909	0.088333	0.0943448	0.0975547	0.0987575	0.0976675	0.690181	0.781527	0.696682	0.100717	0.0994445	0.09929	0.0347008	0.0351551	0.0339545	0.550114	0.564803	0.573781	0.573138	0.561697	0.578864	0.0355018	0.0353001	0.0335146	0.0346939	0.0321156	0.0356548	0.0994815	0.100116	0.0990897
E-2_10x	0.0362049	0.0362888	0.0329218	0.0355283	0.0360392	0.0357713	0.100754	0.090321	0.0966015	0.0990753	0.101314	0.0998521	0.70377	0.696682	0.782646	0.102989	0.101638	0.1013	0.0357506	0.036224	0.0349476	0.559964	0.575061	0.584695	0.584876	0.569763	0.589998	0.0364733	0.0362933	0.0345356	0.0352237	0.0325793	0.0362714	0.101829	0.102867	0.10116
F-0_10x	0.0355561	0.0356168	0.0324953	0.0343782	0.0346898	0.0344417	0.196072	0.175945	0.189463	0.412511	0.419745	0.417184	0.10132	0.100717	0.102989	0.68945	0.629816	0.631449	0.0343962	0.0347255	0.0332776	0.096786	0.100161	0.101696	0.101517	0.0991214	0.10247	0.0346572	0.0345896	0.0328089	0.0341891	0.0313328	0.0350188	0.196516	0.198138	0.195982
F-1_10x	0.0353763	0.0353324	0.0322593	0.0339248	0.0341604	0.0338098	0.194259	0.174521	0.18754	0.407548	0.416143	0.412731	0.100061	0.0994445	0.101638	0.629816	0.68858	0.624714	0.0339964	0.0343963	0.0329912	0.0957926	0.0992506	0.100393	0.10043	0.0977814	0.10096	0.0343847	0.0342511	0.0323528	0.0337899	0.0310852	0.0347696	0.194521	0.196492	0.194173
F-2_10x	0.0350138	0.035025	0.0319992	0.0338381	0.0342133	0.0337367	0.195405	0.175104	0.188566	0.410176	0.417522	0.415073	0.0997222	0.09929	0.1013	0.631449	0.624714	0.689442	0.0341072	0.0344202	0.0331497	0.0957208	0.0988575	0.0998671	0.0998491	0.0972697	0.100738	0.0343554	0.0342577	0.0325559	0.0337321	0.0310035	0.0346446	0.19567	0.197767	0.195181
G-0_10x	0.117992	0.118304	0.106331	0.156049	0.157692	0.155257	0.0347244	0.0313516	0.0333629	0.0333798	0.0341701	0.0340166	0.0351158	0.0347008	0.0357506	0.0343962	0.0339964	0.0341072	0.649985	0.575291	0.552179	0.0335708	0.0347519	0.035376	0.0354306	0.0344228	0.0356074	0.324573	0.323636	0.308421	0.114122	0.105255	0.117898	0.0352193	0.0354428	0.035074
G-1_10x	0.119651	0.119837	0.108138	0.156745	0.158034	0.155453	0.0352488	0.0317954	0.0340162	0.0337896	0.034366	0.0344581	0.0355887	0.0351551	0.036224	0.0347255	0.0343963	0.0344202	0.575291	0.650337	0.558827	0.0340299	0.0351375	0.0359732	0.0360863	0.0350303	0.0361805	0.328087	0.326616	0.311273	0.115539	0.106755	0.119057	0.0354724	0.035751	0.0353606
G-2_10x	0.115161	0.115493	0.103668	0.150096	0.151602	0.149155	0.034026	0.0305197	0.0328198	0.0321591	0.0329629	0.0329848	0.0343225	0.0339545	0.0349476	0.0332776	0.0329912	0.0331497	0.552179	0.558827	0.649719	0.0328473	0.0339506	0.0347425	0.0348029	0.033704	0.0348509	0.314179	0.313266	0.298878	0.111737	0.102576	0.114892	0.0343177	0.0345716	0.0340253
H-0_10x	0.0344529	0.0347331	0.0313352	0.0335975	0.0339435	0.033921	0.0950725	0.0849932	0.0917918	0.0935021	0.0956329	0.0943211	0.551668	0.550114	0.559964	0.096786	0.0957926	0.0957208	0.0335708	0.0340299	0.0328473	0.810408	0.675225	0.685682	0.647056	0.632022	0.6528	0.034154	0.0338729	0.0320901	0.0339024	0.0313101	0.0348184	0.0962979	0.0967219	0.0955697
H-1_10x	0.0356025	0.0357681	0.0323678	0.0348182	0.0353294	0.0352624	0.098496	0.0881528	0.0947177	0.0965987	0.0984525	0.0968116	0.568154	0.564803	0.575061	0.100161	0.0992506	0.0988575	0.0347519	0.0351375	0.0339506	0.675225	0.811826	0.707541	0.666938	0.649935	0.67127	0.0357632	0.0353981	0.0334046	0.0347723	0.032154	0.0358045	0.0995684	0.100166	0.0988527
H-2_10x	0.0361039	0.0362369	0.0328949	0.035311	0.0357431	0.0356022	0.0994358	0.0887446	0.0956959	0.0982108	0.100091	0.0988642	0.577343	0.573781	0.584695	0.101696	0.100393	0.0998671	0.035376	0.0359732	0.0347425	0.685682	0.707541	0.811684	0.677719	0.660214	0.683531	0.0359851	0.0355919	0.0338573	0.0355545	0.0328105	0.0365128	0.100603	0.101519	0.0996002
I-0_10x	0.0358729	0.0360778	0.0327167	0.0351737	0.0357587	0.0357819	0.0984103	0.0880539	0.0945179	0.097388	0.099567	0.0980717	0.577266	0.573138	0.584876	0.101517	0.10043	0.0998491	0.0354306	0.0360863	0.0348029	0.647056	0.666938	0.677719	0.8122	0.698603	0.724249	0.0361882	0.0356852	0.0338352	0.0352589	0.0325041	0.0363183	0.0994505	0.10055	0.0988227
I-1_10x	0.0348774	0.0351377	0.0319172	0.0344308	0.0347892	0.0348273	0.0957764	0.0854981	0.0926574	0.095066	0.0975097	0.0958903	0.563048	0.561697	0.569763	0.0991214	0.0977814	0.0972697	0.0344228	0.0350303	0.033704	0.632022	0.649935	0.660214	0.698603	0.81081	0.706453	0.0349975	0.0347743	0.0329226	0.0345707	0.0319638	0.0356058	0.0974453	0.0986237	0.0967937
I-2_10x	0.0362078	0.0364422	0.0330226	0.0355628	0.0359222	0.0358483	0.100321	0.0893546	0.096023	0.0978706	0.100033	0.0986805	0.582706	0.578864	0.589998	0.10247	0.10096	0.100738	0.0356074	0.0361805	0.0348509	0.6528	0.67127	0.683531	0.724249	0.706453	0.81223	0.0362278	0.0359609	0.0340578	0.0357394	0.0330135	0.0366962	0.100989	0.101961	0.100686
J-0_10x	0.11985	0.120177	0.108372	0.156416	0.158577	0.156904	0.0352904	0.0318936	0.0340656	0.0339016	0.034654	0.0344125	0.035466	0.0355018	0.0364733	0.0346572	0.0343847	0.0343554	0.324573	0.328087	0.314179	0.034154	0.0357632	0.0359851	0.0361882	0.0349975	0.0362278	0.651617	0.578153	0.552798	0.115441	0.106381	0.118985	0.0356152	0.0358053	0.0354472
J-1_10x	0.119001	0.11947	0.107939	0.15678	0.158978	0.156533	0.035003	0.0315681	0.0337579	0.0338946	0.0346023	0.0342732	0.0352009	0.0353001	0.0362933	0.0345896	0.0342511	0.0342577	0.323636	0.326616	0.313266	0.0338729	0.0353981	0.0355919	0.0356852	0.0347743	0.0359609	0.578153	0.651395	0.55108	0.114136	0.105139	0.11804	0.0353208	0.0353661	0.0352351
J-2_10x	0.114414	0.114398	0.102812	0.148752	0.150377	0.148487	0.0328792	0.0297676	0.0316566	0.0318218	0.0325722	0.0322099	0.0335042	0.0335146	0.0345356	0.0328089	0.0323528	0.0325559	0.308421	0.311273	0.298878	0.0320901	0.0334046	0.0338573	0.0338352	0.0329226	0.0340578	0.552798	0.55108	0.650437	0.109212	0.101288	0.112941	0.0333559	0.0334934	0.0331818
K-0_10x	0.204462	0.205351	0.183223	0.112849	0.112616	0.111857	0.0343266	0.0309994	0.0331256	0.0329628	0.0335748	0.0336861	0.0347683	0.0346939	0.0352237	0.0341891	0.0337899	0.0337321	0.114122	0.115539	0.111737	0.0339024	0.0347723	0.0355545	0.0352589	0.0345707	0.0357394	0.115441	0.114136	0.109212	0.602951	0.481103	0.535718	0.0345618	0.034673	0.0340684
K-1_10x	0.187328	0.188114	0.167293	0.103551	0.103636	0.102784	0.0313608	0.0285313	0.0303842	0.0303252	0.0309653	0.0311156	0.0320742	0.0321156	0.0325793	0.0313328	0.0310852	0.0310035	0.105255	0.106755	0.102576	0.0313101	0.032154	0.0328105	0.0325041	0.0319638	0.0330135	0.106381	0.105139	0.101288	0.481103	0.604858	0.495725	0.0314776	0.0315713	0.030939
K-2_10x	0.210187	0.211086	0.187721	0.115333	0.115602	0.115114	0.0355094	0.0321189	0.0343314	0.0339492	0.0345447	0.0344983	0.0357322	0.0356548	0.0362714	0.0350188	0.0347696	0.0346446	0.117898	0.119057	0.114892	0.0348184	0.0358045	0.0365128	0.0363183	0.0356058	0.0366962	0.118985	0.11804	0.112941	0.535718	0.495725	0.604159	0.0356479	0.0357475	0.0350933
L-0_10x	0.0355825	0.0356503	0.0321133	0.0348589	0.0350361	0.0346672	0.62059	0.555785	0.598401	0.189975	0.194358	0.193306	0.100154	0.0994815	0.101829	0.196516	0.194521	0.19567	0.0352193	0.0354724	0.0343177	0.0962979	0.0995684	0.100603	0.0994505	0.0974453	0.100989	0.0356152	0.0353208	0.0333559	0.0345618	0.0314776	0.0356479	0.74641	0.677135	0.668208
L-1_10x	0.0357535	0.0358007	0.0324448	0.0350106	0.0351178	0.0347981	0.626055	0.560814	0.604327	0.191165	0.195611	0.194498	0.101188	0.100116	0.102867	0.198138	0.196492	0.197767	0.0354428	0.035751	0.0345716	0.0967219	0.100166	0.101519	0.10055	0.0986237	0.101961	0.0358053	0.0353661	0.0334934	0.034673	0.0315713	0.0357475	0.677135	0.746996	0.673365
L-2_10x	0.0352396	0.0354256	0.0319257	0.03481	0.0349187	0.0346049	0.618576	0.555165	0.594606	0.189333	0.193559	0.192551	0.0996723	0.0990897	0.10116	0.195982	0.194173	0.195181	0.035074	0.0353606	0.0340253	0.0955697	0.0988527	0.0996002	0.0988227	0.0967937	0.100686	0.0354472	0.0352351	0.0331818	0.0340684	0.030939	0.0350933	0.668208	0.673365	0.746399
