	A-0_20x	A-1_20x	A-2_20x	B-0_20x	B-1_20x	B-2_20x	C-0_20x	C-1_20x	C-2_20x	D-0_20x	D-1_20x	D-2_20x	E-0_20x	E-1_20x	E-2_20x	F-0_20x	F-1_20x	F-2_20x	G-0_20x	G-1_20x	G-2_20x	H-0_20x	H-1_20x	H-2_20x	I-0_20x	I-1_20x	I-2_20x	J-0_20x	J-1_20x	J-2_20x	K-0_20x	K-1_20x	K-2_20x	L-0_20x	L-1_20x	L-2_20x
A-0_20x	0	0.424176	0.332286	1.30898	1.30688	1.30618	1.3839	1.38452	1.38388	1.38414	1.38417	1.38488	1.38488	1.38404	1.385	1.38401	1.38379	1.38435	1.31033	1.30783	1.3086	1.38446	1.38503	1.38435	1.38425	1.38424	1.38412	1.30822	1.3072	1.30836	1.20063	1.20009	1.20296	1.38413	1.38444	1.38496
A-1_20x	0.424176	0	0.447751	1.31409	1.3124	1.3117	1.38499	1.38557	1.385	1.38553	1.38556	1.38625	1.38615	1.38535	1.38629	1.3853	1.38508	1.38563	1.31538	1.31309	1.31344	1.38573	1.38629	1.38562	1.38549	1.38543	1.38538	1.31311	1.31207	1.31333	1.21077	1.21057	1.21342	1.38529	1.3855	1.38609
A-2_20x	0.332286	0.447751	0	1.31019	1.30819	1.30744	1.38425	1.38487	1.38422	1.38434	1.38436	1.38502	1.385	1.3842	1.38519	1.38425	1.38401	1.38454	1.31197	1.30966	1.31028	1.38465	1.38523	1.38459	1.38445	1.38442	1.38434	1.30964	1.30885	1.31001	1.20305	1.20268	1.20566	1.38444	1.38476	1.38526
B-0_20x	1.30898	1.31409	1.31019	0	0.424922	0.416609	1.38475	1.38526	1.38469	1.38486	1.38495	1.3855	1.38533	1.38462	1.38547	1.38515	1.38491	1.38563	1.27233	1.26891	1.27058	1.38491	1.38546	1.38471	1.38481	1.3848	1.38472	1.26966	1.26822	1.26972	1.31055	1.31047	1.31185	1.38482	1.38529	1.38573
B-1_20x	1.30688	1.3124	1.30819	0.424922	0	0.369237	1.3842	1.38469	1.38413	1.38448	1.38445	1.38513	1.38482	1.38403	1.38499	1.38469	1.38447	1.38519	1.2692	1.26566	1.26733	1.3845	1.38504	1.38426	1.38432	1.38432	1.38423	1.26665	1.26566	1.26659	1.30897	1.30857	1.30984	1.38425	1.3847	1.38511
B-2_20x	1.30618	1.3117	1.30744	0.416609	0.369237	0	1.38409	1.38463	1.38411	1.38429	1.38428	1.38488	1.38475	1.38402	1.38493	1.38462	1.38436	1.38504	1.26864	1.26514	1.26661	1.3844	1.38501	1.3842	1.38423	1.38427	1.38419	1.26563	1.2643	1.26557	1.30867	1.30819	1.30925	1.38414	1.38461	1.3851
C-0_20x	1.3839	1.38499	1.38425	1.38475	1.3842	1.38409	0	0.37415	0.330346	1.24381	1.24437	1.24809	1.33412	1.33241	1.33489	1.24461	1.24321	1.24708	1.38439	1.3838	1.38426	1.33302	1.33469	1.33293	1.33325	1.33287	1.3331	1.38445	1.38413	1.3842	1.38416	1.3842	1.38448	0.529829	0.54488	0.571738
C-1_20x	1.38452	1.38557	1.38487	1.38526	1.38469	1.38463	0.37415	0	0.383372	1.24704	1.24743	1.25135	1.33544	1.3337	1.33641	1.24764	1.24634	1.25014	1.38507	1.38451	1.38494	1.33468	1.33618	1.33458	1.33467	1.33427	1.3346	1.38505	1.3848	1.38484	1.38476	1.38479	1.38511	0.561296	0.57392	0.599422
C-2_20x	1.38388	1.385	1.38422	1.38469	1.38413	1.38411	0.330346	0.383372	0	1.24393	1.24428	1.24785	1.33416	1.33252	1.33497	1.24482	1.24354	1.24739	1.38457	1.38401	1.38444	1.33334	1.33466	1.33302	1.33317	1.33286	1.33304	1.38458	1.38428	1.38432	1.38418	1.3842	1.38448	0.533273	0.548189	0.573884
D-0_20x	1.38414	1.38553	1.38434	1.38486	1.38448	1.38429	1.24381	1.24704	1.24393	0	0.352899	0.405374	1.33429	1.33194	1.33464	0.94356	0.938733	0.954257	1.3851	1.38447	1.38495	1.33341	1.33521	1.33315	1.33351	1.33309	1.3334	1.38485	1.38476	1.38491	1.3845	1.38449	1.38483	1.24473	1.24631	1.24958
D-1_20x	1.38417	1.38556	1.38436	1.38495	1.38445	1.38428	1.24437	1.24743	1.24428	0.352899	0	0.403691	1.33426	1.33199	1.33471	0.943368	0.938483	0.953837	1.38506	1.38447	1.38493	1.33325	1.33494	1.33291	1.33315	1.33293	1.33326	1.38479	1.38461	1.38486	1.38441	1.38446	1.3848	1.24503	1.24688	1.25001
D-2_20x	1.38488	1.38625	1.38502	1.3855	1.38513	1.38488	1.24809	1.25135	1.24785	0.405374	0.403691	0	1.33577	1.33372	1.33655	0.956228	0.951866	0.967243	1.38569	1.38507	1.38548	1.33492	1.33669	1.33468	1.33482	1.33447	1.33516	1.38543	1.38529	1.38552	1.38518	1.38517	1.38549	1.24861	1.25051	1.25355
E-0_20x	1.38488	1.38615	1.385	1.38533	1.38482	1.38475	1.33412	1.33544	1.33416	1.33429	1.33426	1.33577	0	0.356156	0.430946	1.33381	1.3329	1.33451	1.38518	1.38443	1.38477	0.771438	0.784814	0.764127	0.76351	0.763618	0.764746	1.38496	1.38473	1.38476	1.3849	1.38468	1.3851	1.33396	1.33502	1.33617
E-1_20x	1.38404	1.38535	1.3842	1.38462	1.38403	1.38402	1.33241	1.3337	1.33252	1.33194	1.33199	1.33372	0.356156	0	0.38145	1.33151	1.33052	1.33197	1.38435	1.3836	1.38391	0.752902	0.766484	0.745503	0.74327	0.744676	0.743456	1.38408	1.3839	1.38387	1.38426	1.38407	1.38451	1.33207	1.33322	1.33452
E-2_20x	1.385	1.38629	1.38519	1.38547	1.38499	1.38493	1.33489	1.33641	1.33497	1.33464	1.33471	1.33655	0.430946	0.38145	0	1.33446	1.33362	1.33509	1.38534	1.3846	1.38497	0.781113	0.794909	0.77661	0.772552	0.774051	0.773996	1.38519	1.38501	1.38494	1.38508	1.38494	1.38535	1.3348	1.33577	1.33715
F-0_20x	1.38401	1.3853	1.38425	1.38515	1.38469	1.38462	1.24461	1.24764	1.24482	0.94356	0.943368	0.956228	1.33381	1.33151	1.33446	0	0.300242	0.366607	1.3852	1.38464	1.38505	1.33276	1.33463	1.33245	1.33243	1.33206	1.33249	1.3849	1.38485	1.38488	1.38472	1.38472	1.38491	1.24534	1.24682	1.24996
F-1_20x	1.38379	1.38508	1.38401	1.38491	1.38447	1.38436	1.24321	1.24634	1.24354	0.938733	0.938483	0.951866	1.3329	1.33052	1.33362	0.300242	0	0.348789	1.38508	1.38459	1.38495	1.33197	1.33391	1.33169	1.33162	1.33127	1.33178	1.38473	1.38467	1.38469	1.38453	1.38451	1.38476	1.24383	1.24531	1.24865
F-2_20x	1.38435	1.38563	1.38454	1.38563	1.38519	1.38504	1.24708	1.25014	1.24739	0.954257	0.953837	0.967243	1.33451	1.33197	1.33509	0.366607	0.348789	0	1.38571	1.38512	1.38556	1.33375	1.33555	1.33352	1.3334	1.33296	1.33366	1.38544	1.38544	1.38538	1.38513	1.38508	1.38535	1.24778	1.24942	1.25267
G-0_20x	1.31033	1.31538	1.31197	1.27233	1.2692	1.26864	1.38439	1.38507	1.38457	1.3851	1.38506	1.38569	1.38518	1.38435	1.38534	1.3852	1.38508	1.38571	0	0.368208	0.391259	1.38522	1.38569	1.385	1.38462	1.3846	1.38464	1.06387	1.05919	1.06223	1.31106	1.31085	1.31226	1.38455	1.38484	1.38535
G-1_20x	1.30783	1.31309	1.30966	1.26891	1.26566	1.26514	1.3838	1.38451	1.38401	1.38447	1.38447	1.38507	1.38443	1.3836	1.3846	1.38464	1.38459	1.38512	0.368208	0	0.338024	1.38445	1.38492	1.38426	1.38384	1.38384	1.38387	1.05504	1.05027	1.05341	1.30896	1.30844	1.30988	1.38406	1.38433	1.38487
G-2_20x	1.3086	1.31344	1.31028	1.27058	1.26733	1.26661	1.38426	1.38494	1.38444	1.38495	1.38493	1.38548	1.38477	1.38391	1.38497	1.38505	1.38495	1.38556	0.391259	0.338024	0	1.38482	1.38524	1.38458	1.38424	1.38424	1.38429	1.05866	1.05438	1.05641	1.30993	1.3095	1.31102	1.38454	1.38478	1.38531
H-0_20x	1.38446	1.38573	1.38465	1.38491	1.3845	1.3844	1.33302	1.33468	1.33334	1.33341	1.33325	1.33492	0.771438	0.752902	0.781113	1.33276	1.33197	1.33375	1.38522	1.38445	1.38482	0	0.418648	0.363777	0.522651	0.524845	0.525524	1.38486	1.38456	1.38469	1.38455	1.3844	1.3848	1.33306	1.33422	1.3353
H-1_20x	1.38503	1.38629	1.38523	1.38546	1.38504	1.38501	1.33469	1.33618	1.33466	1.33521	1.33494	1.33669	0.784814	0.766484	0.794909	1.33463	1.33391	1.33555	1.38569	1.38492	1.38524	0.418648	0	0.405402	0.550344	0.550691	0.549639	1.38535	1.38503	1.38512	1.38511	1.38496	1.38534	1.33447	1.33556	1.33661
H-2_20x	1.38435	1.38562	1.38459	1.38471	1.38426	1.3842	1.33293	1.33458	1.33302	1.33315	1.33291	1.33468	0.764127	0.745503	0.77661	1.33245	1.33169	1.33352	1.385	1.38426	1.38458	0.363777	0.405402	0	0.514158	0.514133	0.513743	1.38445	1.38413	1.3843	1.38441	1.3842	1.38459	1.33277	1.33385	1.33505
I-0_20x	1.38425	1.38549	1.38445	1.38481	1.38432	1.38423	1.33325	1.33467	1.33317	1.33351	1.33315	1.33482	0.76351	0.74327	0.772552	1.33243	1.33162	1.3334	1.38462	1.38384	1.38424	0.522651	0.550344	0.514158	0	0.337154	0.340772	1.38431	1.38401	1.38412	1.38418	1.38401	1.38445	1.3331	1.33411	1.33519
I-1_20x	1.38424	1.38543	1.38442	1.3848	1.38432	1.38427	1.33287	1.33427	1.33286	1.33309	1.33293	1.33447	0.763618	0.744676	0.774051	1.33206	1.33127	1.33296	1.3846	1.38384	1.38424	0.524845	0.550691	0.514133	0.337154	0	0.342761	1.38446	1.38418	1.38425	1.3842	1.38404	1.38445	1.33272	1.33368	1.33471
I-2_20x	1.38412	1.38538	1.38434	1.38472	1.38423	1.38419	1.3331	1.3346	1.33304	1.3334	1.33326	1.33516	0.764746	0.743456	0.773996	1.33249	1.33178	1.33366	1.38464	1.38387	1.38429	0.525524	0.549639	0.513743	0.340772	0.342761	0	1.38443	1.38417	1.38428	1.38411	1.3839	1.38438	1.33288	1.33382	1.33491
J-0_20x	1.30822	1.31311	1.30964	1.26966	1.26665	1.26563	1.38445	1.38505	1.38458	1.38485	1.38479	1.38543	1.38496	1.38408	1.38519	1.3849	1.38473	1.38544	1.06387	1.05504	1.05866	1.38486	1.38535	1.38445	1.38431	1.38446	1.38443	0	0.350818	0.369944	1.30935	1.30924	1.31041	1.38464	1.38489	1.38516
J-1_20x	1.3072	1.31207	1.30885	1.26822	1.26566	1.2643	1.38413	1.3848	1.38428	1.38476	1.38461	1.38529	1.38473	1.3839	1.38501	1.38485	1.38467	1.38544	1.05919	1.05027	1.05438	1.38456	1.38503	1.38413	1.38401	1.38418	1.38417	0.350818	0	0.342046	1.30845	1.30841	1.30973	1.38431	1.38465	1.38493
J-2_20x	1.30836	1.31333	1.31001	1.26972	1.26659	1.26557	1.3842	1.38484	1.38432	1.38491	1.38486	1.38552	1.38476	1.38387	1.38494	1.38488	1.38469	1.38538	1.06223	1.05341	1.05641	1.38469	1.38512	1.3843	1.38412	1.38425	1.38428	0.369944	0.342046	0	1.30964	1.30958	1.31068	1.38438	1.38472	1.38498
K-0_20x	1.20063	1.21077	1.20305	1.31055	1.30897	1.30867	1.38416	1.38476	1.38418	1.3845	1.38441	1.38518	1.3849	1.38426	1.38508	1.38472	1.38453	1.38513	1.31106	1.30896	1.30993	1.38455	1.38511	1.38441	1.38418	1.3842	1.38411	1.30935	1.30845	1.30964	0	0.35927	0.391007	1.38432	1.38481	1.38514
K-1_20x	1.20009	1.21057	1.20268	1.31047	1.30857	1.30819	1.3842	1.38479	1.3842	1.38449	1.38446	1.38517	1.38468	1.38407	1.38494	1.38472	1.38451	1.38508	1.31085	1.30844	1.3095	1.3844	1.38496	1.3842	1.38401	1.38404	1.3839	1.30924	1.30841	1.30958	0.35927	0	0.387948	1.38432	1.38481	1.38514
K-2_20x	1.20296	1.21342	1.20566	1.31185	1.30984	1.30925	1.38448	1.38511	1.38448	1.38483	1.3848	1.38549	1.3851	1.38451	1.38535	1.38491	1.38476	1.38535	1.31226	1.30988	1.31102	1.3848	1.38534	1.38459	1.38445	1.38445	1.38438	1.31041	1.30973	1.31068	0.391007	0.387948	0	1.38463	1.38505	1.38539
L-0_20x	1.38413	1.38529	1.38444	1.38482	1.38425	1.38414	0.529829	0.561296	0.533273	1.24473	1.24503	1.24861	1.33396	1.33207	1.3348	1.24534	1.24383	1.24778	1.38455	1.38406	1.38454	1.33306	1.33447	1.33277	1.3331	1.33272	1.33288	1.38464	1.38431	1.38438	1.38432	1.38432	1.38463	0	0.354751	0.395809
L-1_20x	1.38444	1.3855	1.38476	1.38529	1.3847	1.38461	0.54488	0.57392	0.548189	1.24631	1.24688	1.25051	1.33502	1.33322	1.33577	1.24682	1.24531	1.24942	1.38484	1.38433	1.38478	1.33422	1.33556	1.33385	1.33411	1.33368	1.33382	1.38489	1.38465	1.38472	1.38481	1.38481	1.38505	0.354751	0	0.418552
L-2_20x	1.38496	1.38609	1.38526	1.38573	1.38511	1.3851	0.571738	0.599422	0.573884	1.24958	1.25001	1.25355	1.33617	1.33452	1.33715	1.24996	1.24865	1.25267	1.38535	1.38487	1.38531	1.3353	1.33661	1.33505	1.33519	1.33471	1.33491	1.38516	1.38493	1.38498	1.38514	1.38514	1.38539	0.395809	0.418552	0
