	A-0_1x	A-1_1x	A-2_1x	B-0_1x	B-1_1x	B-2_1x	C-0_1x	C-1_1x	C-2_1x	D-0_1x	D-1_1x	D-2_1x	E-0_1x	E-1_1x	E-2_1x	F-0_1x	F-1_1x	F-2_1x	G-0_1x	G-1_1x	G-2_1x	H-0_1x	H-1_1x	H-2_1x	I-0_1x	I-1_1x	I-2_1x	J-0_1x	J-1_1x	J-2_1x	K-0_1x	K-1_1x	K-2_1x	L-0_1x	L-1_1x	L-2_1x
A-0_1x	0	1.11834	1.05105	1.3503	1.35214	1.35436	1.39543	1.39805	1.39669	1.39435	1.39407	1.39652	1.39411	1.39444	1.39718	1.39494	1.39459	1.39514	1.35821	1.34543	1.3438	1.39517	1.39593	1.39336	1.39495	1.3944	1.39942	1.36146	1.35149	1.35102	1.31181	1.30029	1.29713	1.39257	1.39621	1.39592
A-1_1x	1.11834	0	1.05747	1.35061	1.35469	1.35234	1.39542	1.39885	1.3962	1.39416	1.39414	1.39591	1.39374	1.39467	1.3964	1.39525	1.39468	1.39478	1.35763	1.34577	1.34283	1.39551	1.39601	1.39365	1.39608	1.39408	1.39924	1.36156	1.35331	1.35367	1.30822	1.30176	1.29512	1.39352	1.3959	1.39653
A-2_1x	1.05105	1.05747	0	1.33565	1.34086	1.33776	1.39092	1.39512	1.39308	1.39025	1.39006	1.39204	1.38851	1.3894	1.39139	1.39024	1.39009	1.39085	1.34469	1.329	1.32615	1.38963	1.39123	1.38791	1.39016	1.38824	1.39517	1.34624	1.33887	1.33869	1.28869	1.27851	1.272	1.38875	1.39238	1.39257
B-0_1x	1.3503	1.35061	1.33565	0	1.06961	1.05304	1.39316	1.39595	1.39409	1.39131	1.39172	1.39335	1.39164	1.39253	1.3936	1.39299	1.39189	1.39298	1.32709	1.31306	1.30906	1.39252	1.39399	1.39052	1.3923	1.39165	1.39704	1.32968	1.32195	1.32238	1.34887	1.34313	1.34026	1.39073	1.39443	1.39401
B-1_1x	1.35214	1.35469	1.34086	1.06961	0	1.07043	1.39392	1.39756	1.39524	1.39244	1.39377	1.39548	1.39236	1.39256	1.39527	1.3941	1.39417	1.39471	1.32982	1.31945	1.31295	1.39369	1.39511	1.39132	1.39325	1.3927	1.39717	1.33414	1.32246	1.32837	1.353	1.34754	1.34505	1.39178	1.39395	1.39499
B-2_1x	1.35436	1.35234	1.33776	1.05304	1.07043	0	1.39369	1.39644	1.39477	1.39214	1.392	1.39451	1.39231	1.39273	1.39504	1.39439	1.39209	1.3938	1.33007	1.31738	1.31532	1.39252	1.39421	1.39163	1.39295	1.39158	1.39724	1.33316	1.32397	1.32547	1.35268	1.34527	1.34624	1.39177	1.39392	1.39473
C-0_1x	1.39543	1.39542	1.39092	1.39316	1.39392	1.39369	0	1.10906	1.07915	1.3015	1.3042	1.31315	1.35715	1.35654	1.36333	1.31476	1.30542	1.31527	1.39599	1.39262	1.39146	1.35945	1.36188	1.35383	1.3609	1.35675	1.37338	1.39538	1.39439	1.39411	1.39481	1.39329	1.39265	1.04211	1.09441	1.07754
C-1_1x	1.39805	1.39885	1.39512	1.39595	1.39756	1.39644	1.10906	0	1.12443	1.32265	1.31998	1.32582	1.36652	1.36698	1.37132	1.32818	1.32052	1.32571	1.39925	1.39552	1.39496	1.36856	1.37204	1.3648	1.37063	1.36672	1.38027	1.39914	1.39738	1.39736	1.39764	1.39667	1.39549	1.10129	1.1413	1.14016
C-2_1x	1.39669	1.3962	1.39308	1.39409	1.39524	1.39477	1.07915	1.12443	0	1.31002	1.30908	1.31686	1.36108	1.36093	1.36658	1.31572	1.31067	1.31464	1.3969	1.39303	1.39253	1.36112	1.36553	1.35844	1.36403	1.35931	1.37346	1.39667	1.39446	1.39487	1.39607	1.39444	1.39381	1.05348	1.10953	1.10208
D-0_1x	1.39435	1.39416	1.39025	1.39131	1.39244	1.39214	1.3015	1.32265	1.31002	0	0.976559	1.02016	1.35252	1.3514	1.35673	1.16198	1.14597	1.15973	1.39365	1.38988	1.38967	1.35231	1.35988	1.34776	1.35552	1.35131	1.36823	1.39383	1.39305	1.39231	1.39326	1.39241	1.39058	1.28818	1.30186	1.30587
D-1_1x	1.39407	1.39414	1.39006	1.39172	1.39377	1.392	1.3042	1.31998	1.30908	0.976559	0	1.02682	1.34991	1.35021	1.35458	1.16308	1.14807	1.15864	1.39404	1.38974	1.38916	1.35274	1.35907	1.34784	1.35429	1.35075	1.36899	1.39415	1.39284	1.39217	1.39401	1.39265	1.39097	1.28715	1.30341	1.30297
D-2_1x	1.39652	1.39591	1.39204	1.39335	1.39548	1.39451	1.31315	1.32582	1.31686	1.02016	1.02682	0	1.35865	1.35822	1.36274	1.1823	1.16901	1.18532	1.39549	1.39208	1.39128	1.3606	1.36575	1.35527	1.36055	1.35841	1.37178	1.39506	1.39496	1.39454	1.39516	1.394	1.39209	1.30123	1.31705	1.31353
E-0_1x	1.39411	1.39374	1.38851	1.39164	1.39236	1.39231	1.35715	1.36652	1.36108	1.35252	1.34991	1.35865	0	0.98047	1.02388	1.35495	1.35146	1.35837	1.39306	1.38998	1.38951	1.07917	1.10495	1.05295	1.08912	1.06398	1.15909	1.39466	1.39249	1.3919	1.39363	1.39192	1.39121	1.34947	1.35772	1.35859
E-1_1x	1.39444	1.39467	1.3894	1.39253	1.39256	1.39273	1.35654	1.36698	1.36093	1.3514	1.35021	1.35822	0.98047	0	1.03001	1.35735	1.35244	1.35737	1.39472	1.39096	1.39035	1.08612	1.11598	1.06268	1.08758	1.06147	1.17039	1.39481	1.39255	1.39233	1.39359	1.39179	1.39108	1.35024	1.35917	1.35834
E-2_1x	1.39718	1.3964	1.39139	1.3936	1.39527	1.39504	1.36333	1.37132	1.36658	1.35673	1.35458	1.36274	1.02388	1.03001	0	1.36141	1.3569	1.3606	1.39523	1.39256	1.39226	1.11649	1.14274	1.0913	1.12379	1.1014	1.19098	1.39673	1.39477	1.39414	1.39574	1.39381	1.39322	1.35624	1.36264	1.36552
F-0_1x	1.39494	1.39525	1.39024	1.39299	1.3941	1.39439	1.31476	1.32818	1.31572	1.16198	1.16308	1.1823	1.35495	1.35735	1.36141	0	1.02071	1.04541	1.39562	1.39208	1.3916	1.35705	1.36258	1.35324	1.35849	1.35469	1.37006	1.39656	1.39468	1.39434	1.39484	1.3932	1.39201	1.30024	1.31358	1.3087
F-1_1x	1.39459	1.39468	1.39009	1.39189	1.39417	1.39209	1.30542	1.32052	1.31067	1.14597	1.14807	1.16901	1.35146	1.35244	1.3569	1.02071	0	1.0154	1.39407	1.39006	1.38975	1.35332	1.35711	1.34937	1.35541	1.35087	1.36764	1.39428	1.39394	1.39309	1.39411	1.39229	1.39107	1.29066	1.3084	1.30377
F-2_1x	1.39514	1.39478	1.39085	1.39298	1.39471	1.3938	1.31527	1.32571	1.31464	1.15973	1.15864	1.18532	1.35837	1.35737	1.3606	1.04541	1.0154	0	1.39448	1.39058	1.39034	1.35765	1.3633	1.35544	1.36014	1.35595	1.3718	1.39572	1.39425	1.39382	1.39516	1.39309	1.39219	1.29806	1.31626	1.31141
G-0_1x	1.35821	1.35763	1.34469	1.32709	1.32982	1.33007	1.39599	1.39925	1.3969	1.39365	1.39404	1.39549	1.39306	1.39472	1.39523	1.39562	1.39407	1.39448	0	1.0459	1.03511	1.39411	1.39677	1.39289	1.39453	1.39396	1.39936	1.25572	1.2386	1.24128	1.35753	1.35081	1.34535	1.393	1.39562	1.3965
G-1_1x	1.34543	1.34577	1.329	1.31306	1.31945	1.31738	1.39262	1.39552	1.39303	1.38988	1.38974	1.39208	1.38998	1.39096	1.39256	1.39208	1.39006	1.39058	1.0459	0	0.96598	1.39128	1.39217	1.38909	1.39075	1.39006	1.39626	1.23077	1.2096	1.20827	1.34652	1.33841	1.33255	1.3888	1.39213	1.39261
G-2_1x	1.3438	1.34283	1.32615	1.30906	1.31295	1.31532	1.39146	1.39496	1.39253	1.38967	1.38916	1.39128	1.38951	1.39035	1.39226	1.3916	1.38975	1.39034	1.03511	0.96598	0	1.39042	1.3921	1.38815	1.38988	1.38957	1.39591	1.22507	1.20369	1.20473	1.34639	1.33728	1.33416	1.38846	1.39145	1.39208
H-0_1x	1.39517	1.39551	1.38963	1.39252	1.39369	1.39252	1.35945	1.36856	1.36112	1.35231	1.35274	1.3606	1.07917	1.08612	1.11649	1.35705	1.35332	1.35765	1.39411	1.39128	1.39042	0	1.03291	0.975101	1.03796	1.0134	1.13571	1.39481	1.39283	1.39268	1.39467	1.39218	1.39147	1.35159	1.36085	1.35923
H-1_1x	1.39593	1.39601	1.39123	1.39399	1.39511	1.39421	1.36188	1.37204	1.36553	1.35988	1.35907	1.36575	1.10495	1.11598	1.14274	1.36258	1.35711	1.3633	1.39677	1.39217	1.3921	1.03291	0	1.01421	1.06701	1.04547	1.15079	1.39569	1.39472	1.39443	1.39579	1.39399	1.393	1.35728	1.36491	1.36466
H-2_1x	1.39336	1.39365	1.38791	1.39052	1.39132	1.39163	1.35383	1.3648	1.35844	1.34776	1.34784	1.35527	1.05295	1.06268	1.0913	1.35324	1.34937	1.35544	1.39289	1.38909	1.38815	0.975101	1.01421	0	1.00968	0.988169	1.11173	1.39378	1.39124	1.39128	1.3924	1.39026	1.3894	1.34769	1.35657	1.35629
I-0_1x	1.39495	1.39608	1.39016	1.3923	1.39325	1.39295	1.3609	1.37063	1.36403	1.35552	1.35429	1.36055	1.08912	1.08758	1.12379	1.35849	1.35541	1.36014	1.39453	1.39075	1.38988	1.03796	1.06701	1.00968	0	1.00137	1.12274	1.3946	1.39384	1.39343	1.39461	1.39259	1.39144	1.355	1.36257	1.36153
I-1_1x	1.3944	1.39408	1.38824	1.39165	1.3927	1.39158	1.35675	1.36672	1.35931	1.35131	1.35075	1.35841	1.06398	1.06147	1.1014	1.35469	1.35087	1.35595	1.39396	1.39006	1.38957	1.0134	1.04547	0.988169	1.00137	0	1.09426	1.39438	1.39217	1.39236	1.39267	1.39068	1.39057	1.35017	1.35924	1.35813
I-2_1x	1.39942	1.39924	1.39517	1.39704	1.39717	1.39724	1.37338	1.38027	1.37346	1.36823	1.36899	1.37178	1.15909	1.17039	1.19098	1.37006	1.36764	1.3718	1.39936	1.39626	1.39591	1.13571	1.15079	1.11173	1.12274	1.09426	0	1.39993	1.39767	1.39771	1.39862	1.39691	1.39651	1.36602	1.37183	1.374
J-0_1x	1.36146	1.36156	1.34624	1.32968	1.33414	1.33316	1.39538	1.39914	1.39667	1.39383	1.39415	1.39506	1.39466	1.39481	1.39673	1.39656	1.39428	1.39572	1.25572	1.23077	1.22507	1.39481	1.39569	1.39378	1.3946	1.39438	1.39993	0	1.09376	1.09675	1.3573	1.35427	1.34933	1.39379	1.39624	1.39627
J-1_1x	1.35149	1.35331	1.33887	1.32195	1.32246	1.32397	1.39439	1.39738	1.39446	1.39305	1.39284	1.39496	1.39249	1.39255	1.39477	1.39468	1.39394	1.39425	1.2386	1.2096	1.20369	1.39283	1.39472	1.39124	1.39384	1.39217	1.39767	1.09376	0	1.06344	1.35231	1.34672	1.34049	1.39205	1.3946	1.39491
J-2_1x	1.35102	1.35367	1.33869	1.32238	1.32837	1.32547	1.39411	1.39736	1.39487	1.39231	1.39217	1.39454	1.3919	1.39233	1.39414	1.39434	1.39309	1.39382	1.24128	1.20827	1.20473	1.39268	1.39443	1.39128	1.39343	1.39236	1.39771	1.09675	1.06344	0	1.35298	1.34681	1.34352	1.39128	1.39458	1.39448
K-0_1x	1.31181	1.30822	1.28869	1.34887	1.353	1.35268	1.39481	1.39764	1.39607	1.39326	1.39401	1.39516	1.39363	1.39359	1.39574	1.39484	1.39411	1.39516	1.35753	1.34652	1.34639	1.39467	1.39579	1.3924	1.39461	1.39267	1.39862	1.3573	1.35231	1.35298	0	1.07925	1.05715	1.39192	1.39428	1.39575
K-1_1x	1.30029	1.30176	1.27851	1.34313	1.34754	1.34527	1.39329	1.39667	1.39444	1.39241	1.39265	1.394	1.39192	1.39179	1.39381	1.3932	1.39229	1.39309	1.35081	1.33841	1.33728	1.39218	1.39399	1.39026	1.39259	1.39068	1.39691	1.35427	1.34672	1.34681	1.07925	0	1.03157	1.39095	1.39416	1.39422
K-2_1x	1.29713	1.29512	1.272	1.34026	1.34505	1.34624	1.39265	1.39549	1.39381	1.39058	1.39097	1.39209	1.39121	1.39108	1.39322	1.39201	1.39107	1.39219	1.34535	1.33255	1.33416	1.39147	1.393	1.3894	1.39144	1.39057	1.39651	1.34933	1.34049	1.34352	1.05715	1.03157	0	1.38919	1.39304	1.39333
L-0_1x	1.39257	1.39352	1.38875	1.39073	1.39178	1.39177	1.04211	1.10129	1.05348	1.28818	1.28715	1.30123	1.34947	1.35024	1.35624	1.30024	1.29066	1.29806	1.393	1.3888	1.38846	1.35159	1.35728	1.34769	1.355	1.35017	1.36602	1.39379	1.39205	1.39128	1.39192	1.39095	1.38919	0	1.00884	1.01149
L-1_1x	1.39621	1.3959	1.39238	1.39443	1.39395	1.39392	1.09441	1.1413	1.10953	1.30186	1.30341	1.31705	1.35772	1.35917	1.36264	1.31358	1.3084	1.31626	1.39562	1.39213	1.39145	1.36085	1.36491	1.35657	1.36257	1.35924	1.37183	1.39624	1.3946	1.39458	1.39428	1.39416	1.39304	1.00884	0	1.07177
L-2_1x	1.39592	1.39653	1.39257	1.39401	1.39499	1.39473	1.07754	1.14016	1.10208	1.30587	1.30297	1.31353	1.35859	1.35834	1.36552	1.3087	1.30377	1.31141	1.3965	1.39261	1.39208	1.35923	1.36466	1.35629	1.36153	1.35813	1.374	1.39627	1.39491	1.39448	1.39575	1.39422	1.39333	1.01149	1.07177	0
