	A-0_10x	A-1_10x	A-2_10x	B-0_10x	B-1_10x	B-2_10x	C-0_10x	C-1_10x	C-2_10x	D-0_10x	D-1_10x	D-2_10x	E-0_10x	E-1_10x	E-2_10x	F-0_10x	F-1_10x	F-2_10x	G-0_10x	G-1_10x	G-2_10x	H-0_10x	H-1_10x	H-2_10x	I-0_10x	I-1_10x	I-2_10x	J-0_10x	J-1_10x	J-2_10x	K-0_10x	K-1_10x	K-2_10x	L-0_10x	L-1_10x	L-2_10x
A-0_10x	7.44426e+07	7.66778e+07	1.8424e+07	9.09442e+06	1.01874e+07	8.93164e+06	3.31835e+06	1.03199e+06	1.94478e+06	2.58605e+06	3.36792e+06	3.1873e+06	3.53513e+06	2.99162e+06	4.26415e+06	4.9771e+06	4.01901e+06	4.07279e+06	9.87198e+06	1.19712e+07	6.63941e+06	1.80188e+06	2.57301e+06	3.31286e+06	3.11802e+06	2.32973e+06	3.92041e+06	1.18214e+07	1.0783e+07	5.95702e+06	1.60511e+07	6.73354e+06	2.54586e+07	3.70582e+06	4.38661e+06	3.45669e+06
A-1_10x	7.66778e+07	9.39941e+07	2.08571e+07	1.02639e+07	1.1468e+07	1.00847e+07	3.73736e+06	1.16561e+06	2.1952e+06	2.92149e+06	3.80285e+06	3.60386e+06	3.98408e+06	3.37025e+06	4.80468e+06	5.60459e+06	4.51238e+06	4.5799e+06	1.1127e+07	1.34784e+07	7.48526e+06	2.04206e+06	2.90592e+06	3.73789e+06	3.52516e+06	2.63852e+06	4.43568e+06	1.33254e+07	1.21695e+07	6.6957e+06	1.81224e+07	7.6013e+06	2.87417e+07	4.17386e+06	4.93774e+06	3.90636e+06
A-2_10x	1.8424e+07	2.08571e+07	6.75586e+06	2.48543e+06	2.76729e+06	2.44184e+06	905867	281073	530787	710494	922721	876270	965734	817895	1.16736e+06	1.36943e+06	1.10336e+06	1.1206e+06	2.67834e+06	3.25729e+06	1.79938e+06	493389	704257	908729	856129	641863	1.07646e+06	3.21813e+06	2.94459e+06	1.61157e+06	4.33043e+06	1.8104e+06	6.84537e+06	1.00691e+06	1.19843e+06	942815
B-0_10x	9.09442e+06	1.02639e+07	2.48543e+06	2.97551e+07	2.89643e+07	2.54946e+07	2.04621e+06	633166	1.20501e+06	1.61373e+06	2.10411e+06	1.98552e+06	2.20443e+06	1.85417e+06	2.65153e+06	3.04932e+06	2.4422e+06	2.49411e+06	8.27312e+06	9.93738e+06	5.48342e+06	1.11343e+06	1.5945e+06	2.05313e+06	1.93726e+06	1.45736e+06	2.43996e+06	9.77616e+06	9.00197e+06	4.90763e+06	5.61369e+06	2.35858e+06	8.85195e+06	2.30048e+06	2.72187e+06	2.16367e+06
B-1_10x	1.01874e+07	1.1468e+07	2.76729e+06	2.89643e+07	3.69843e+07	2.85868e+07	2.30172e+06	708782	1.34765e+06	1.80907e+06	2.35643e+06	2.23108e+06	2.49134e+06	2.10103e+06	2.99757e+06	3.4292e+06	2.74068e+06	2.81045e+06	9.31725e+06	1.1166e+07	6.17244e+06	1.25367e+06	1.80312e+06	2.31617e+06	2.19494e+06	1.64109e+06	2.74675e+06	1.10458e+07	1.01731e+07	5.52918e+06	6.24342e+06	2.63075e+06	9.8883e+06	2.57686e+06	3.04275e+06	2.41888e+06
B-2_10x	8.93164e+06	1.00847e+07	2.44184e+06	2.54946e+07	2.85868e+07	2.90158e+07	2.01541e+06	624136	1.18393e+06	1.59338e+06	2.06858e+06	1.95405e+06	2.19196e+06	1.85209e+06	2.6364e+06	3.01689e+06	2.40359e+06	2.45565e+06	8.12858e+06	9.73269e+06	5.38115e+06	1.11015e+06	1.59472e+06	2.04427e+06	1.9462e+06	1.45577e+06	2.4289e+06	9.68447e+06	8.87578e+06	4.83784e+06	5.49499e+06	2.31195e+06	8.72508e+06	2.25932e+06	2.67164e+06	2.12411e+06
C-0_10x	3.31835e+06	3.73736e+06	905867	2.04621e+06	2.30172e+06	2.01541e+06	5.24517e+07	1.45387e+07	2.74049e+07	1.09401e+07	1.42253e+07	1.35708e+07	7.43098e+06	6.28266e+06	8.96535e+06	2.07356e+07	1.66735e+07	1.71722e+07	2.19495e+06	2.66444e+06	1.48209e+06	3.7566e+06	5.37798e+06	6.89337e+06	6.46239e+06	4.83347e+06	8.2066e+06	2.62982e+06	2.39626e+06	1.29334e+06	2.03593e+06	851662	3.24945e+06	4.88307e+07	5.80314e+07	4.58418e+07
C-1_10x	1.03199e+06	1.16561e+06	281073	633166	708782	624136	1.45387e+07	6.39876e+06	8.60306e+06	3.40208e+06	4.44111e+06	4.22779e+06	2.32689e+06	1.97098e+06	2.80844e+06	6.50203e+06	5.23439e+06	5.37724e+06	692502	839840	464531	1.17353e+06	1.68193e+06	2.14982e+06	2.02056e+06	1.50775e+06	2.55421e+06	830509	755177	409172	642476	270752	1.02707e+06	1.52815e+07	1.81652e+07	1.43768e+07
C-2_10x	1.94478e+06	2.1952e+06	530787	1.20501e+06	1.34765e+06	1.18393e+06	2.74049e+07	8.60306e+06	1.96445e+07	6.43993e+06	8.3725e+06	7.98215e+06	4.36031e+06	3.6894e+06	5.26428e+06	1.22709e+07	9.85803e+06	1.01486e+07	1.29153e+06	1.57469e+06	875486	2.22123e+06	3.16724e+06	4.06286e+06	3.80116e+06	2.86372e+06	4.81054e+06	1.55466e+06	1.41532e+06	762612	1.20322e+06	505332	1.92401e+06	2.88356e+07	3.43061e+07	2.69865e+07
D-0_10x	2.58605e+06	2.92149e+06	710494	1.61373e+06	1.80907e+06	1.59338e+06	1.09401e+07	3.40208e+06	6.43993e+06	3.25e+07	3.63118e+07	3.45108e+07	5.99399e+06	5.10476e+06	7.22452e+06	3.57499e+07	2.86658e+07	2.95394e+07	1.72907e+06	2.09307e+06	1.1479e+06	3.02761e+06	4.32225e+06	5.57939e+06	5.24079e+06	3.93155e+06	6.56084e+06	2.07028e+06	1.90151e+06	1.02578e+06	1.60212e+06	674873	2.54587e+06	1.22496e+07	1.45211e+07	1.14983e+07
D-1_10x	3.36792e+06	3.80285e+06	922721	2.10411e+06	2.35643e+06	2.06858e+06	1.42253e+07	4.44111e+06	8.3725e+06	3.63118e+07	5.28885e+07	4.48508e+07	7.80921e+06	6.58551e+06	9.4147e+06	4.63573e+07	3.73009e+07	3.83179e+07	2.25562e+06	2.71282e+06	1.49941e+06	3.94619e+06	5.61381e+06	7.2463e+06	6.82808e+06	5.139e+06	8.5456e+06	2.69683e+06	2.4738e+06	1.33804e+06	2.07958e+06	878182	3.30126e+06	1.59706e+07	1.89354e+07	1.498e+07
D-2_10x	3.1873e+06	3.60386e+06	876270	1.98552e+06	2.23108e+06	1.95405e+06	1.35708e+07	4.22779e+06	7.98215e+06	3.45108e+07	4.48508e+07	4.83027e+07	7.36401e+06	6.22966e+06	8.87539e+06	4.40712e+07	3.53866e+07	3.6437e+07	2.14786e+06	2.60182e+06	1.43517e+06	3.72284e+06	5.28023e+06	6.84625e+06	6.43312e+06	4.83393e+06	8.06353e+06	2.5616e+06	2.34374e+06	1.26562e+06	1.99576e+06	844077	3.15349e+06	1.51935e+07	1.8009e+07	1.42541e+07
E-0_10x	3.53513e+06	3.98408e+06	965734	2.20443e+06	2.49134e+06	2.19196e+06	7.43098e+06	2.32689e+06	4.36031e+06	5.99399e+06	7.80921e+06	7.36401e+06	6.24486e+07	4.69923e+07	6.67746e+07	1.14254e+07	9.15771e+06	9.34457e+06	2.36684e+06	2.86846e+06	1.59411e+06	2.32431e+07	3.30782e+07	4.26774e+07	4.04207e+07	3.02985e+07	5.08269e+07	2.81811e+06	2.56956e+06	1.40529e+06	2.19883e+06	928777	3.4866e+06	8.4029e+06	1.00012e+07	7.87622e+06
E-1_10x	2.99162e+06	3.37025e+06	817895	1.85417e+06	2.10103e+06	1.85209e+06	6.28266e+06	1.97098e+06	3.6894e+06	5.10476e+06	6.58551e+06	6.22966e+06	4.69923e+07	4.53245e+07	5.63041e+07	9.67397e+06	7.75224e+06	7.92498e+06	1.99219e+06	2.41351e+06	1.34327e+06	1.97421e+07	2.8009e+07	3.61273e+07	3.41832e+07	2.57456e+07	4.30076e+07	2.40282e+06	2.19485e+06	1.19736e+06	1.8689e+06	792129	2.96337e+06	7.10935e+06	8.42856e+06	6.66956e+06
E-2_10x	4.26415e+06	4.80468e+06	1.16736e+06	2.65153e+06	2.99757e+06	2.6364e+06	8.96535e+06	2.80844e+06	5.26428e+06	7.22452e+06	9.4147e+06	8.87539e+06	6.67746e+07	5.63041e+07	8.8143e+07	1.3785e+07	1.10413e+07	1.12673e+07	2.86017e+06	3.46557e+06	1.92663e+06	2.80038e+07	3.97404e+07	5.13021e+07	4.86108e+07	3.63925e+07	6.10853e+07	3.44003e+06	3.14465e+06	1.71939e+06	2.64414e+06	1.11979e+06	4.20097e+06	1.01409e+07	1.20682e+07	9.48838e+06
F-0_10x	4.9771e+06	5.60459e+06	1.36943e+06	3.04932e+06	3.4292e+06	3.01689e+06	2.07356e+07	6.50203e+06	1.22709e+07	3.57499e+07	4.63573e+07	4.40712e+07	1.14254e+07	9.67397e+06	1.3785e+07	1.09678e+08	8.13155e+07	8.34726e+07	3.27051e+06	3.94842e+06	2.18036e+06	5.75263e+06	8.22646e+06	1.06049e+07	1.00278e+07	7.52457e+06	1.2609e+07	3.88487e+06	3.56195e+06	1.94131e+06	3.05023e+06	1.27995e+06	4.8204e+06	2.32594e+07	2.76269e+07	2.18474e+07
F-1_10x	4.01901e+06	4.51238e+06	1.10336e+06	2.4422e+06	2.74068e+06	2.40359e+06	1.66735e+07	5.23439e+06	9.85803e+06	2.86658e+07	3.73009e+07	3.53866e+07	9.15771e+06	7.75224e+06	1.10413e+07	8.13155e+07	7.21537e+07	6.70242e+07	2.6235e+06	3.17418e+06	1.75437e+06	4.62093e+06	6.61594e+06	8.49672e+06	8.05147e+06	6.02441e+06	1.00826e+07	3.12819e+06	2.86261e+06	1.55367e+06	2.44668e+06	1.0306e+06	3.88441e+06	1.86858e+07	2.22359e+07	1.75677e+07
F-2_10x	4.07279e+06	4.5799e+06	1.1206e+06	2.49411e+06	2.81045e+06	2.45565e+06	1.71722e+07	5.37724e+06	1.01486e+07	2.95394e+07	3.83179e+07	3.6437e+07	9.34457e+06	7.92498e+06	1.12673e+07	8.34726e+07	6.70242e+07	7.57345e+07	2.69489e+06	3.25221e+06	1.80488e+06	4.7277e+06	6.74706e+06	8.65396e+06	8.19598e+06	6.13595e+06	1.03007e+07	3.20013e+06	2.93151e+06	1.60075e+06	2.5008e+06	1.05243e+06	3.96285e+06	1.92449e+07	2.29144e+07	1.80805e+07
G-0_10x	9.87198e+06	1.1127e+07	2.67834e+06	8.27312e+06	9.31725e+06	8.12858e+06	2.19495e+06	692502	1.29153e+06	1.72907e+06	2.25562e+06	2.14786e+06	2.36684e+06	1.99219e+06	2.86017e+06	3.27051e+06	2.6235e+06	2.69489e+06	3.69399e+07	3.90977e+07	2.16245e+07	1.19262e+06	1.70601e+06	2.20496e+06	2.09186e+06	1.56188e+06	2.61885e+06	2.17462e+07	1.99199e+07	1.09078e+07	6.08559e+06	2.56996e+06	9.70011e+06	2.49156e+06	2.95379e+06	2.33698e+06
G-1_10x	1.19712e+07	1.34784e+07	3.25729e+06	9.93738e+06	1.1166e+07	9.73269e+06	2.66444e+06	839840	1.57469e+06	2.09307e+06	2.71282e+06	2.60182e+06	2.86846e+06	2.41351e+06	3.46557e+06	3.94842e+06	3.17418e+06	3.25221e+06	3.90977e+07	5.28534e+07	2.61706e+07	1.44568e+06	2.06274e+06	2.68127e+06	2.54781e+06	1.90072e+06	3.18212e+06	2.62864e+07	2.40403e+07	1.31645e+07	7.36773e+06	3.11702e+06	1.17137e+07	3.00089e+06	3.56296e+06	2.81748e+06
G-2_10x	6.63941e+06	7.48526e+06	1.79938e+06	5.48342e+06	6.17244e+06	5.38115e+06	1.48209e+06	464531	875486	1.1479e+06	1.49941e+06	1.43517e+06	1.59411e+06	1.34327e+06	1.92663e+06	2.18036e+06	1.75437e+06	1.80488e+06	2.16245e+07	2.61706e+07	1.75333e+07	804109	1.14848e+06	1.4922e+06	1.41593e+06	1.0538e+06	1.76628e+06	1.45051e+07	1.32867e+07	7.28382e+06	4.10587e+06	1.72584e+06	6.5138e+06	1.67294e+06	1.98539e+06	1.56223e+06
H-0_10x	1.80188e+06	2.04206e+06	493389	1.11343e+06	1.25367e+06	1.11015e+06	3.7566e+06	1.17353e+06	2.22123e+06	3.02761e+06	3.94619e+06	3.72284e+06	2.32431e+07	1.97421e+07	2.80038e+07	5.75263e+06	4.62093e+06	4.7277e+06	1.19262e+06	1.44568e+06	804109	1.79968e+07	2.07205e+07	2.67155e+07	2.38806e+07	1.7926e+07	3.00124e+07	1.43042e+06	1.30327e+06	709436	1.13009e+06	477876	1.79072e+06	4.25849e+06	5.03879e+06	3.98052e+06
H-1_10x	2.57301e+06	2.90592e+06	704257	1.5945e+06	1.80312e+06	1.59472e+06	5.37798e+06	1.68193e+06	3.16724e+06	4.32225e+06	5.61381e+06	5.28023e+06	3.30782e+07	2.8009e+07	3.97404e+07	8.22646e+06	6.61594e+06	6.74706e+06	1.70601e+06	2.06274e+06	1.14848e+06	2.07205e+07	3.44251e+07	3.80936e+07	3.40134e+07	2.54732e+07	4.2646e+07	2.06975e+06	1.88201e+06	1.02049e+06	1.60169e+06	678152	2.54459e+06	6.08445e+06	7.21078e+06	5.68944e+06
H-2_10x	3.31286e+06	3.73789e+06	908729	2.05313e+06	2.31617e+06	2.04427e+06	6.89337e+06	2.14982e+06	4.06286e+06	5.57939e+06	7.2463e+06	6.84625e+06	4.26774e+07	3.61273e+07	5.13021e+07	1.06049e+07	8.49672e+06	8.65396e+06	2.20496e+06	2.68127e+06	1.4922e+06	2.67155e+07	3.80936e+07	5.54851e+07	4.38836e+07	3.28538e+07	5.51351e+07	2.64419e+06	2.4026e+06	1.31324e+06	2.07935e+06	878603	3.29468e+06	7.80545e+06	9.27893e+06	7.27828e+06
I-0_10x	3.11802e+06	3.52516e+06	856129	1.93726e+06	2.19494e+06	1.9462e+06	6.46239e+06	2.02056e+06	3.80116e+06	5.24079e+06	6.82808e+06	6.43312e+06	4.04207e+07	3.41832e+07	4.86108e+07	1.00278e+07	8.05147e+06	8.19598e+06	2.09186e+06	2.54781e+06	1.41593e+06	2.38806e+07	3.40134e+07	4.38836e+07	4.98172e+07	3.29302e+07	5.53377e+07	2.51884e+06	2.28182e+06	1.24315e+06	1.95328e+06	824483	3.10426e+06	7.30901e+06	8.70559e+06	6.84052e+06
I-1_10x	2.32973e+06	2.63852e+06	641863	1.45736e+06	1.64109e+06	1.45577e+06	4.83347e+06	1.50775e+06	2.86372e+06	3.93155e+06	5.139e+06	4.83393e+06	3.02985e+07	2.57456e+07	3.63925e+07	7.52457e+06	6.02441e+06	6.13595e+06	1.56188e+06	1.90072e+06	1.0538e+06	1.7926e+07	2.54732e+07	3.28538e+07	3.29302e+07	2.93719e+07	4.14825e+07	1.87205e+06	1.70883e+06	929600	1.47181e+06	623088	2.33884e+06	5.50378e+06	6.56212e+06	5.14905e+06
I-2_10x	3.92041e+06	4.43568e+06	1.07646e+06	2.43996e+06	2.74675e+06	2.4289e+06	8.2066e+06	2.55421e+06	4.81054e+06	6.56084e+06	8.5456e+06	8.06353e+06	5.08269e+07	4.30076e+07	6.10853e+07	1.2609e+07	1.00826e+07	1.03007e+07	2.61885e+06	3.18212e+06	1.76628e+06	3.00124e+07	4.2646e+07	5.51351e+07	5.53377e+07	4.14825e+07	7.73088e+07	3.14117e+06	2.86444e+06	1.55879e+06	2.46638e+06	1.04316e+06	3.90723e+06	9.24573e+06	1.09967e+07	8.68195e+06
J-0_10x	1.18214e+07	1.33254e+07	3.21813e+06	9.77616e+06	1.10458e+07	9.68447e+06	2.62982e+06	830509	1.55466e+06	2.07028e+06	2.69683e+06	2.5616e+06	2.81811e+06	2.40282e+06	3.44003e+06	3.88487e+06	3.12819e+06	3.20013e+06	2.17462e+07	2.62864e+07	1.45051e+07	1.43042e+06	2.06975e+06	2.64419e+06	2.51884e+06	1.87205e+06	3.14117e+06	5.14687e+07	4.19521e+07	2.30483e+07	7.25729e+06	3.06214e+06	1.1541e+07	2.97033e+06	3.51786e+06	2.7844e+06
J-1_10x	1.0783e+07	1.21695e+07	2.94459e+06	9.00197e+06	1.01731e+07	8.87578e+06	2.39626e+06	755177	1.41532e+06	1.90151e+06	2.4738e+06	2.34374e+06	2.56956e+06	2.19485e+06	3.14465e+06	3.56195e+06	2.86261e+06	2.93151e+06	1.99199e+07	2.40403e+07	1.32867e+07	1.30327e+06	1.88201e+06	2.4026e+06	2.28182e+06	1.70883e+06	2.86444e+06	4.19521e+07	4.34224e+07	2.1108e+07	6.5917e+06	2.78026e+06	1.05181e+07	2.70619e+06	3.19211e+06	2.54264e+06
J-2_10x	5.95702e+06	6.6957e+06	1.61157e+06	4.90763e+06	5.52918e+06	4.83784e+06	1.29334e+06	409172	762612	1.02578e+06	1.33804e+06	1.26562e+06	1.40529e+06	1.19736e+06	1.71939e+06	1.94131e+06	1.55367e+06	1.60075e+06	1.09078e+07	1.31645e+07	7.28382e+06	709436	1.02049e+06	1.31324e+06	1.24315e+06	929600	1.55879e+06	2.30483e+07	2.1108e+07	1.43152e+07	3.62415e+06	1.53901e+06	5.78257e+06	1.46846e+06	1.73705e+06	1.37585e+06
K-0_10x	1.60511e+07	1.81224e+07	4.33043e+06	5.61369e+06	6.24342e+06	5.49499e+06	2.03593e+06	642476	1.20322e+06	1.60212e+06	2.07958e+06	1.99576e+06	2.19883e+06	1.8689e+06	2.64414e+06	3.05023e+06	2.44668e+06	2.5008e+06	6.08559e+06	7.36773e+06	4.10587e+06	1.13009e+06	1.60169e+06	2.07935e+06	1.95328e+06	1.47181e+06	2.46638e+06	7.25729e+06	6.5917e+06	3.62415e+06	3.01688e+07	1.1022e+07	4.13569e+07	2.29418e+06	2.71135e+06	2.12992e+06
K-1_10x	6.73354e+06	7.6013e+06	1.8104e+06	2.35858e+06	2.63075e+06	2.31195e+06	851662	270752	505332	674873	878182	844077	928777	792129	1.11979e+06	1.27995e+06	1.0306e+06	1.05243e+06	2.56996e+06	3.11702e+06	1.72584e+06	477876	678152	878603	824483	623088	1.04316e+06	3.06214e+06	2.78026e+06	1.53901e+06	1.1022e+07	6.3449e+06	1.75226e+07	956710	1.1304e+06	885658
K-2_10x	2.54586e+07	2.87417e+07	6.84537e+06	8.85195e+06	9.8883e+06	8.72508e+06	3.24945e+06	1.02707e+06	1.92401e+06	2.54587e+06	3.30126e+06	3.15349e+06	3.4866e+06	2.96337e+06	4.20097e+06	4.8204e+06	3.88441e+06	3.96285e+06	9.70011e+06	1.17137e+07	6.5138e+06	1.79072e+06	2.54459e+06	3.29468e+06	3.10426e+06	2.33884e+06	3.90723e+06	1.1541e+07	1.05181e+07	5.78257e+06	4.13569e+07	1.75226e+07	7.19611e+07	3.65091e+06	4.31296e+06	3.3851e+06
L-0_10x	3.70582e+06	4.17386e+06	1.00691e+06	2.30048e+06	2.57686e+06	2.25932e+06	4.88307e+07	1.52815e+07	2.88356e+07	1.22496e+07	1.59706e+07	1.51935e+07	8.4029e+06	7.10935e+06	1.01409e+07	2.32594e+07	1.86858e+07	1.92449e+07	2.49156e+06	3.00089e+06	1.67294e+06	4.25849e+06	6.08445e+06	7.80545e+06	7.30901e+06	5.50378e+06	9.24573e+06	2.97033e+06	2.70619e+06	1.46846e+06	2.29418e+06	956710	3.65091e+06	6.57301e+07	7.02465e+07	5.54216e+07
L-1_10x	4.38661e+06	4.93774e+06	1.19843e+06	2.72187e+06	3.04275e+06	2.67164e+06	5.80314e+07	1.81652e+07	3.43061e+07	1.45211e+07	1.89354e+07	1.8009e+07	1.00012e+07	8.42856e+06	1.20682e+07	2.76269e+07	2.22359e+07	2.29144e+07	2.95379e+06	3.56296e+06	1.98539e+06	5.03879e+06	7.21078e+06	9.27893e+06	8.70559e+06	6.56212e+06	1.09967e+07	3.51786e+06	3.19211e+06	1.73705e+06	2.71135e+06	1.1304e+06	4.31296e+06	7.02465e+07	9.12916e+07	6.57933e+07
L-2_10x	3.45669e+06	3.90636e+06	942815	2.16367e+06	2.41888e+06	2.12411e+06	4.58418e+07	1.43768e+07	2.69865e+07	1.14983e+07	1.498e+07	1.42541e+07	7.87622e+06	6.66956e+06	9.48838e+06	2.18474e+07	1.75677e+07	1.80805e+07	2.33698e+06	2.81748e+06	1.56223e+06	3.98052e+06	5.68944e+06	7.27828e+06	6.84052e+06	5.14905e+06	8.68195e+06	2.7844e+06	2.54264e+06	1.37585e+06	2.12992e+06	885658	3.3851e+06	5.54216e+07	6.57933e+07	5.83069e+07
