	SRR1734599	SRR1734600	SRR1734601	SRR1734602	SRR1734603	SRR1734604	SRR1734607	SRR1734608	SRR1734609	SRR1734610	SRR1734611	SRR1734612	SRR1734613	SRR1734614	SRR1734615	SRR1734616	SRR1734617	SRR1734618	SRR1734619	SRR1734620
SRR1734599	86754	16429	16197	17704	14852	18973	16119	15170	22070	17277	15818	20496	14917	15756	18069	14825	17927	21141	21199	6835
SRR1734600	16429	106891	28992	25918	24354	30425	22695	21369	38867	27465	25339	32825	25897	27423	29753	24344	28669	36367	36674	8566
SRR1734601	16197	28992	107847	26963	25016	31892	24006	22131	40485	28574	25534	34374	25903	28847	30450	25988	30601	37416	38422	9457
SRR1734602	17704	25918	26963	110144	24610	29534	30312	29565	39499	30493	24157	37856	23301	24969	30406	23739	32629	41232	38469	12990
SRR1734603	14852	24354	25016	24610	96470	27099	22623	22580	34168	25638	23098	29862	21607	23467	26861	21869	25908	34483	32083	7997
SRR1734604	18973	30425	31892	29534	27099	111458	26595	25312	43538	32153	27397	37305	27598	30437	34385	27736	32417	42179	41183	9200
SRR1734607	16119	22695	24006	30312	22623	26595	102331	29895	36184	29617	20569	36619	20884	21408	27337	20291	31759	38390	36039	15299
SRR1734608	15170	21369	22131	29565	22580	25312	29895	114236	34315	29001	19705	34105	18925	20120	26826	20059	29698	38815	34234	13712
SRR1734609	22070	38867	40485	39499	34168	43538	36184	34315	128227	41465	34371	51405	34446	39156	42688	34581	44951	56163	55871	14851
SRR1734610	17277	27465	28574	30493	25638	32153	29617	29001	41465	98321	24459	38669	24351	26899	31544	24590	34255	41108	40014	13317
SRR1734611	15818	25339	25534	24157	23098	27397	20569	19705	34371	24459	105387	29331	23195	25484	27237	23112	25335	33277	32665	7198
SRR1734612	20496	32825	34374	37856	29862	37305	36619	34105	51405	38669	29331	134964	30346	31163	35919	27402	44285	47130	51764	21723
SRR1734613	14917	25897	25903	23301	21607	27598	20884	18925	34446	24351	23195	30346	114959	24296	26576	21461	26558	31360	32951	8600
SRR1734614	15756	27423	28847	24969	23467	30437	21408	20120	39156	26899	25484	31163	24296	93979	30464	25968	27403	36940	35444	6311
SRR1734615	18069	29753	30450	30406	26861	34385	27337	26826	42688	31544	27237	35919	26576	30464	113786	27979	31256	43231	39523	8098
SRR1734616	14825	24344	25988	23739	21869	27736	20291	20059	34581	24590	23112	27402	21461	25968	27979	84745	23947	35326	31095	3867
SRR1734617	17927	28669	30601	32629	25908	32417	31759	29698	44951	34255	25335	44285	26558	27403	31256	23947	120997	41828	44551	18260
SRR1734618	21141	36367	37416	41232	34483	42179	38390	38815	56163	41108	33277	47130	31360	36940	43231	35326	41828	146036	52687	11352
SRR1734619	21199	36674	38422	38469	32083	41183	36039	34234	55871	40014	32665	51764	32951	35444	39523	31095	44551	52687	137156	18169
SRR1734620	6835	8566	9457	12990	7997	9200	15299	13712	14851	13317	7198	21723	8600	6311	8098	3867	18260	11352	18169	68812
