	SRR1734599	SRR1734600	SRR1734601	SRR1734602	SRR1734603	SRR1734604	SRR1734607	SRR1734608	SRR1734609	SRR1734610	SRR1734611	SRR1734612	SRR1734613	SRR1734614	SRR1734615	SRR1734616	SRR1734617	SRR1734618	SRR1734619	SRR1734620
SRR1734599	0	1.28794	1.29039	1.27976	1.29434	1.27048	1.28757	1.30201	1.25758	1.27509	1.29195	1.27325	1.30432	1.28492	1.27917	1.28616	1.28454	1.2745	1.26938	1.35021
SRR1734600	1.28794	0	1.20828	1.2338	1.23302	1.20105	1.2514	1.27013	1.15587	1.21003	1.2339	1.20558	1.23805	1.20531	1.20848	1.22002	1.22304	1.19073	1.18077	1.34173
SRR1734601	1.29039	1.20828	0	1.22687	1.22861	1.19089	1.24216	1.2654	1.14519	1.20209	1.23328	1.1959	1.23884	1.19454	1.20426	1.20678	1.21006	1.18479	1.16969	1.33433
SRR1734602	1.27976	1.2338	1.22687	0	1.2339	1.21115	1.19539	1.21361	1.15554	1.1891	1.24562	1.17432	1.25931	1.22848	1.20698	1.22824	1.1978	1.1618	1.17219	1.30445
SRR1734603	1.29434	1.23302	1.22861	1.2339	0	1.21545	1.24282	1.25292	1.17711	1.21388	1.24171	1.21515	1.26081	1.22763	1.21953	1.23137	1.23304	1.1912	1.2009	1.34302
SRR1734604	1.27048	1.20105	1.19089	1.21115	1.21545	0	1.22554	1.24554	1.12766	1.17716	1.22247	1.17969	1.22979	1.18542	1.1787	1.1955	1.20071	1.15706	1.15492	1.33787
SRR1734607	1.28757	1.2514	1.24216	1.19539	1.24282	1.22554	0	1.20291	1.16972	1.18721	1.26644	1.17337	1.27079	1.25036	1.22202	1.25069	1.19548	1.17129	1.17966	1.27881
SRR1734608	1.30201	1.27013	1.2654	1.21361	1.25292	1.24554	1.20291	0	1.19706	1.20528	1.28095	1.20444	1.29217	1.2695	1.23669	1.26185	1.22262	1.18278	1.20541	1.30026
SRR1734609	1.25758	1.15587	1.14519	1.15554	1.17711	1.12766	1.16972	1.19706	0	1.12313	1.18687	1.10385	1.1969	1.13429	1.13719	1.15608	1.13059	1.08589	1.07583	1.29761
SRR1734610	1.27509	1.21003	1.20209	1.1891	1.21388	1.17716	1.18721	1.20528	1.12313	0	1.23265	1.15266	1.24174	1.20014	1.18471	1.20881	1.17127	1.14624	1.14493	1.29468
SRR1734611	1.29195	1.2339	1.23328	1.24562	1.24171	1.22247	1.26644	1.28095	1.18687	1.23265	0	1.22806	1.2564	1.21978	1.22578	1.22918	1.24551	1.20976	1.2069	1.35313
SRR1734612	1.27325	1.20558	1.1959	1.17432	1.21515	1.17969	1.17337	1.20444	1.10385	1.15266	1.22806	0	1.22994	1.20274	1.19176	1.21965	1.1432	1.15264	1.11314	1.24466
SRR1734613	1.30432	1.23805	1.23884	1.25931	1.26081	1.22979	1.27079	1.29217	1.1969	1.24174	1.2564	1.22994	0	1.23794	1.23906	1.25105	1.24484	1.23123	1.21457	1.3441
SRR1734614	1.28492	1.20531	1.19454	1.22848	1.22763	1.18542	1.25036	1.2695	1.13429	1.20014	1.21978	1.20274	1.23794	0	1.18777	1.19081	1.21903	1.1702	1.17287	1.35759
SRR1734615	1.27917	1.20848	1.20426	1.20698	1.21953	1.1787	1.22202	1.23669	1.13719	1.18471	1.22578	1.19176	1.23906	1.18777	0	1.19589	1.2113	1.15294	1.1693	1.34795
SRR1734616	1.28616	1.22002	1.20678	1.22824	1.23137	1.1955	1.25069	1.26185	1.15608	1.20881	1.22918	1.21965	1.25105	1.19081	1.19589	0	1.23573	1.16829	1.19296	1.37794
SRR1734617	1.28454	1.22304	1.21006	1.1978	1.23304	1.20071	1.19548	1.22262	1.13059	1.17127	1.24551	1.1432	1.24484	1.21903	1.2113	1.23573	0	1.17076	1.14383	1.26482
SRR1734618	1.2745	1.19073	1.18479	1.1618	1.1912	1.15706	1.17129	1.18278	1.08589	1.14624	1.20976	1.15264	1.23123	1.1702	1.15294	1.16829	1.17076	0	1.12047	1.33173
SRR1734619	1.26938	1.18077	1.16969	1.17219	1.2009	1.15492	1.17966	1.20541	1.07583	1.14493	1.2069	1.11314	1.21457	1.17287	1.1693	1.19296	1.14383	1.12047	0	1.27513
SRR1734620	1.35021	1.34173	1.33433	1.30445	1.34302	1.33787	1.27881	1.30026	1.29761	1.29468	1.35313	1.24466	1.3441	1.35759	1.34795	1.37794	1.26482	1.33173	1.27513	0
