	SRR1734599	SRR1734600	SRR1734601	SRR1734602	SRR1734603	SRR1734604	SRR1734607	SRR1734608	SRR1734609	SRR1734610	SRR1734611	SRR1734612	SRR1734613	SRR1734614	SRR1734615	SRR1734616	SRR1734617	SRR1734618	SRR1734619	SRR1734620
SRR1734599	0	1.33094	1.34444	1.30087	1.3294	1.32268	1.30195	1.31921	1.32938	1.31787	1.31334	1.31474	1.33683	1.34008	1.32786	1.32997	1.32492	1.33975	1.32709	1.33329
SRR1734600	1.33094	0	1.332	1.33517	1.33419	1.34155	1.33073	1.34822	1.32799	1.33131	1.32666	1.31578	1.32446	1.34612	1.34432	1.36173	1.32784	1.35447	1.31703	1.32797
SRR1734601	1.34444	1.332	0	1.33791	1.34149	1.33878	1.32886	1.34792	1.32891	1.32944	1.3462	1.31797	1.34293	1.34014	1.35332	1.3483	1.31695	1.36011	1.31604	1.32108
SRR1734602	1.30087	1.33517	1.33791	0	1.31223	1.32558	1.21545	1.22729	1.273	1.26413	1.32307	1.23215	1.33848	1.35315	1.30568	1.33834	1.25688	1.24707	1.26068	1.26544
SRR1734603	1.3294	1.33419	1.34149	1.31223	0	1.34114	1.29945	1.29586	1.32885	1.31075	1.31726	1.30555	1.34157	1.36183	1.33954	1.35741	1.31693	1.32079	1.32002	1.32186
SRR1734604	1.32268	1.34155	1.33878	1.32558	1.34114	0	1.31074	1.32626	1.32713	1.30903	1.34907	1.29892	1.33545	1.36246	1.33607	1.36554	1.31249	1.34904	1.31135	1.31102
SRR1734607	1.30195	1.33073	1.32886	1.21545	1.29945	1.31074	0	1.19213	1.2493	1.22972	1.33802	1.20735	1.33346	1.35287	1.2933	1.34292	1.22309	1.22215	1.2389	1.23211
SRR1734608	1.31921	1.34822	1.34792	1.22729	1.29586	1.32626	1.19213	0	1.27547	1.24102	1.34386	1.23392	1.35306	1.36999	1.30172	1.34447	1.2502	1.21675	1.25776	1.25483
SRR1734609	1.32938	1.32799	1.32891	1.273	1.32885	1.32713	1.2493	1.27547	0	1.27146	1.3371	1.21743	1.33655	1.33515	1.32831	1.36076	1.23881	1.27977	1.23485	1.24703
SRR1734610	1.31787	1.33131	1.32944	1.26413	1.31075	1.30903	1.22972	1.24102	1.27146	0	1.33909	1.23231	1.34103	1.34866	1.31165	1.35254	1.23805	1.27806	1.25791	1.24712
SRR1734611	1.31334	1.32666	1.3462	1.32307	1.31726	1.34907	1.33802	1.34386	1.3371	1.33909	0	1.32282	1.32341	1.33137	1.34068	1.33688	1.3362	1.3502	1.32743	1.34078
SRR1734612	1.31474	1.31578	1.31797	1.23215	1.30555	1.29892	1.20735	1.23392	1.21743	1.23231	1.32282	0	1.31623	1.33559	1.30755	1.35203	1.19356	1.26289	1.19492	1.18818
SRR1734613	1.33683	1.32446	1.34293	1.33848	1.34157	1.33545	1.33346	1.35306	1.33655	1.34103	1.32341	1.31623	0	1.34956	1.34357	1.36271	1.32431	1.36416	1.3238	1.33429
SRR1734614	1.34008	1.34612	1.34014	1.35315	1.36183	1.36246	1.35287	1.36999	1.33515	1.34866	1.33137	1.33559	1.34956	0	1.35006	1.34905	1.33843	1.37267	1.34192	1.33801
SRR1734615	1.32786	1.34432	1.35332	1.30568	1.33954	1.33607	1.2933	1.30172	1.32831	1.31165	1.34068	1.30755	1.34357	1.35006	0	1.35502	1.3189	1.32554	1.32244	1.32071
SRR1734616	1.32997	1.36173	1.3483	1.33834	1.35741	1.36554	1.34292	1.34447	1.36076	1.35254	1.33688	1.35203	1.36271	1.34905	1.35502	0	1.35751	1.35448	1.3631	1.37242
SRR1734617	1.32492	1.32784	1.31695	1.25688	1.31693	1.31249	1.22309	1.2502	1.23881	1.23805	1.3362	1.19356	1.32431	1.33843	1.3189	1.35751	0	1.26705	1.22488	1.21316
SRR1734618	1.33975	1.35447	1.36011	1.24707	1.32079	1.34904	1.22215	1.21675	1.27977	1.27806	1.3502	1.26289	1.36416	1.37267	1.32554	1.35448	1.26705	0	1.26892	1.2833
SRR1734619	1.32709	1.31703	1.31604	1.26068	1.32002	1.31135	1.2389	1.25776	1.23485	1.25791	1.32743	1.19492	1.3238	1.34192	1.32244	1.3631	1.22488	1.26892	0	1.22152
SRR1734620	1.33329	1.32797	1.32108	1.26544	1.32186	1.31102	1.23211	1.25483	1.24703	1.24712	1.34078	1.18818	1.33429	1.33801	1.32071	1.37242	1.21316	1.2833	1.22152	0
