	SRR1734599	SRR1734600	SRR1734601	SRR1734602	SRR1734603	SRR1734604	SRR1734607	SRR1734608	SRR1734609	SRR1734610	SRR1734611	SRR1734612	SRR1734613	SRR1734614	SRR1734615	SRR1734616	SRR1734617	SRR1734618	SRR1734619	SRR1734620
SRR1734599	34451.2	3852.41	3212.82	5661.32	3814.56	4178.32	5720.65	5040.5	4112.13	4493.27	4819.52	5715.33	3788.8	3071.76	3953.88	3293.18	4838.49	3842.85	4755.45	3733.9
SRR1734600	3852.41	32976.2	3687.34	3911.48	3527.43	3267.37	4205.84	3461.95	4087.06	3800.99	4112.55	5535.3	4279.92	2766.53	3149.63	2030.33	4583.88	3032.63	5171.1	3885.9
SRR1734601	3212.82	3687.34	32352.2	3743.69	3183.48	3356.48	4256.71	3444.25	4006.6	3847.51	3186.76	5364.67	3389.81	2974.19	2726.72	2513.65	5092.85	2725.74	5171.91	4146.13
SRR1734602	5661.32	3911.48	3743.69	39293.7	4867.77	4325.23	10472.4	10235.8	7160.33	7327.85	4667.1	10833.6	3962.69	2715.21	5264.13	3177.39	8878.95	8902.17	8733.13	7150.56
SRR1734603	3814.56	3527.43	3183.48	4867.77	31200.7	3195.69	5559.87	5925.09	3937.02	4580.05	4414.69	5921.66	3390.47	2081.74	3267.78	2134.36	5001.95	4556.79	4880.38	4038.52
SRR1734604	4178.32	3267.37	3356.48	4325.23	3195.69	32295.5	5121.49	4529.72	4084.01	4734.17	3053.19	6376.18	3731.94	2092.99	3474.36	1866.27	5312.71	3267.29	5405.2	4572.78
SRR1734607	5720.65	4205.84	4256.71	10472.4	5559.87	5121.49	40863.7	12236.2	8452.37	9068.36	4000.86	12435	4300.62	2781.15	5953.58	3049.78	10860.2	10334.2	10086.9	8814.54
SRR1734608	5040.5	3461.95	3444.25	10235.8	5925.09	4529.72	12236.2	43745.3	7429.71	8845.47	3830.18	11326.9	3394.16	2087.21	5748.53	3088.34	9741.58	10970.3	9379.81	8050.51
SRR1734609	4112.13	4087.06	4006.6	7160.33	3937.02	4084.01	8452.37	7429.71	36246.2	6712.56	3811.92	11183.3	3900.03	3354.34	4035.18	2167.57	9442.76	6961.93	9704.18	7664.5
SRR1734610	4493.27	3800.99	3847.51	7327.85	4580.05	4734.17	9068.36	8845.47	6712.56	33830.3	3590.46	10043.7	3556.12	2700.16	4626.04	2408.7	9159.87	6807.22	8241.05	7400.75
SRR1734611	4819.52	4112.55	3186.76	4667.1	4414.69	3053.19	4000.86	3830.18	3811.92	3590.46	35626.5	5355.48	4498.95	3479.72	3439.72	3082.11	4316.86	3372.38	4817.7	3455.13
SRR1734612	5715.33	5535.3	5364.67	10833.6	5921.66	6376.18	12435	11326.9	11183.3	10043.7	5355.48	51465.8	5819.77	3975.36	5925.06	2994.87	13913.2	9278.45	13925.1	12074.5
SRR1734613	3788.8	4279.92	3389.81	3962.69	3390.47	3731.94	4300.62	3394.16	3900.03	3556.12	4498.95	5819.77	36777.1	2777.57	3360.87	2105.14	5032.26	2692.56	5092.71	3811.9
SRR1734614	3071.76	2766.53	2974.19	2715.21	2081.74	2092.99	2781.15	2087.21	3354.34	2700.16	3479.72	3975.36	2777.57	26277.5	2586.22	2240.36	3604.29	1895	3464.79	3076.25
SRR1734615	3953.88	3149.63	2726.72	5264.13	3267.78	3474.36	5953.58	5748.53	4035.18	4626.04	3439.72	5925.06	3360.87	2586.22	32372.3	2263.42	4995.66	4413.17	4847.5	4163.2
SRR1734616	3293.18	2030.33	2513.65	3177.39	2134.36	1866.27	3049.78	3088.34	2167.57	2408.7	3082.11	2994.87	2105.14	2240.36	2263.42	23561.4	2571.39	2563.19	2337.67	1617.61
SRR1734617	4838.49	4583.88	5092.85	8878.95	5001.95	5312.71	10860.2	9741.58	9442.76	9159.87	4316.86	13913.2	5032.26	3604.29	4995.66	2571.39	45440.7	8492.19	11426.5	10188.9
SRR1734618	3842.85	3032.63	2725.74	8902.17	4556.79	3267.29	10334.2	10970.3	6961.93	6807.22	3372.38	9278.45	2692.56	1895	4413.17	2563.19	8492.19	40772.6	8444.72	6451.99
SRR1734619	4755.45	5171.1	5171.91	8733.13	4880.38	5405.2	10086.9	9379.81	9704.18	8241.05	4817.7	13925.1	5092.71	3464.79	4847.5	2337.67	11426.5	8444.72	46034.5	9860.22
SRR1734620	3733.9	3885.9	4146.13	7150.56	4038.52	4572.78	8814.54	8050.51	7664.5	7400.75	3455.13	12074.5	3811.9	3076.25	4163.2	1617.61	10188.9	6451.99	9860.22	32748.6
