	0.1x-SRR1734599	0.1x-SRR1734600	0.1x-SRR1734601	0.1x-SRR1734602	0.1x-SRR1734603	0.1x-SRR1734604	0.1x-SRR1734607	0.1x-SRR1734608	0.1x-SRR1734609	0.1x-SRR1734610	0.1x-SRR1734611	0.1x-SRR1734612	0.1x-SRR1734613	0.1x-SRR1734614	0.1x-SRR1734615	0.1x-SRR1734616	0.1x-SRR1734617	0.1x-SRR1734618	0.1x-SRR1734619	0.1x-SRR1734620
0.1x-SRR1734599	0	1.23492	1.21647	1.19328	1.23523	1.19518	1.25285	1.28329	1.28291	1.24468	1.11165	1.24358	1.22951	1.14528	1.22552	1.16813	1.24731	1.31334	1.24541	1.23262
0.1x-SRR1734600	1.23492	0	1.22202	1.18137	1.17901	1.22677	1.18858	1.231	1.21368	1.18101	1.20098	1.15272	1.1173	1.23539	1.23244	1.27579	1.16448	1.25849	1.15565	1.15137
0.1x-SRR1734601	1.21647	1.22202	0	1.21103	1.19934	1.24842	1.2426	1.27268	1.26129	1.21878	1.20584	1.21828	1.22337	1.11104	1.23863	1.13591	1.22233	1.30005	1.21874	1.20915
0.1x-SRR1734602	1.19328	1.18137	1.21103	0	1.19392	1.20814	1.09768	1.11602	1.10374	1.09218	1.1642	1.04985	1.19441	1.20784	1.21792	1.20805	1.07408	1.14465	1.05476	1.08736
0.1x-SRR1734603	1.23523	1.17901	1.19934	1.19392	0	1.24289	1.2133	1.23295	1.25404	1.20391	1.1302	1.20207	1.17117	1.21854	1.24775	1.21608	1.21018	1.26051	1.20392	1.20209
0.1x-SRR1734604	1.19518	1.22677	1.24842	1.20814	1.24289	0	1.20293	1.2276	1.24369	1.19284	1.27265	1.18463	1.23603	1.26226	1.25245	1.28661	1.19431	1.27177	1.19207	1.18152
0.1x-SRR1734607	1.25285	1.18858	1.2426	1.09768	1.2133	1.20293	0	1.0183	1.04365	0.970708	1.26529	0.956745	1.20155	1.2611	1.22472	1.28358	0.986207	1.04466	0.956055	0.993829
0.1x-SRR1734608	1.28329	1.231	1.27268	1.11602	1.23295	1.2276	1.0183	0	1.08965	1.02978	1.27678	1.01964	1.23912	1.28999	1.24522	1.28591	1.0428	1.03148	1.01744	1.08007
0.1x-SRR1734609	1.28291	1.21368	1.26129	1.10374	1.25404	1.24369	1.04365	1.08965	0	1.01996	1.28191	0.885608	1.23606	1.26252	1.26282	1.30302	0.93365	1.08022	0.943077	0.980774
0.1x-SRR1734610	1.24468	1.18101	1.21878	1.09218	1.20391	1.19284	0.970708	1.02978	1.01996	0	1.25998	0.92792	1.19985	1.24608	1.21114	1.28422	0.955955	1.07122	0.924712	0.937057
0.1x-SRR1734611	1.11165	1.20098	1.20584	1.1642	1.1302	1.27265	1.26529	1.27678	1.28191	1.25998	0	1.24754	1.15904	1.15012	1.27535	1.08202	1.25677	1.29155	1.25584	1.25603
0.1x-SRR1734612	1.24358	1.15272	1.21828	1.04985	1.20207	1.18463	0.956745	1.01964	0.885608	0.92792	1.24754	0	1.18129	1.22271	1.21331	1.27789	0.847425	1.05089	0.836205	0.846911
0.1x-SRR1734613	1.22951	1.1173	1.22337	1.19441	1.17117	1.23603	1.20155	1.23912	1.23606	1.19985	1.15904	1.18129	0	1.23272	1.23376	1.25163	1.19457	1.26231	1.19157	1.1862
0.1x-SRR1734614	1.14528	1.23539	1.11104	1.20784	1.21854	1.26226	1.2611	1.28999	1.26252	1.24608	1.15012	1.22271	1.23272	0	1.25045	1.11729	1.22932	1.31439	1.23417	1.21872
0.1x-SRR1734615	1.22552	1.23244	1.23863	1.21792	1.24775	1.25245	1.22472	1.24522	1.26282	1.21114	1.27535	1.21331	1.23376	1.25045	0	1.26799	1.21735	1.28072	1.21871	1.20933
0.1x-SRR1734616	1.16813	1.27579	1.13591	1.20805	1.21608	1.28661	1.28358	1.28591	1.30302	1.28422	1.08202	1.27789	1.25163	1.11729	1.26799	0	1.28444	1.30425	1.28579	1.29535
0.1x-SRR1734617	1.24731	1.16448	1.22233	1.07408	1.21018	1.19431	0.986207	1.0428	0.93365	0.955955	1.25677	0.847425	1.19457	1.22932	1.21735	1.28444	0	1.08083	0.880491	0.862171
0.1x-SRR1734618	1.31334	1.25849	1.30005	1.14465	1.26051	1.27177	1.04466	1.03148	1.08022	1.07122	1.29155	1.05089	1.26231	1.31439	1.28072	1.30425	1.08083	0	1.04179	1.13639
0.1x-SRR1734619	1.24541	1.15565	1.21874	1.05476	1.20392	1.19207	0.956055	1.01744	0.943077	0.924712	1.25584	0.836205	1.19157	1.23417	1.21871	1.28579	0.880491	1.04179	0	0.86653
0.1x-SRR1734620	1.23262	1.15137	1.20915	1.08736	1.20209	1.18152	0.993829	1.08007	0.980774	0.937057	1.25603	0.846911	1.1862	1.21872	1.20933	1.29535	0.862171	1.13639	0.86653	0
