	0.1x-SRR1734599	0.1x-SRR1734600	0.1x-SRR1734601	0.1x-SRR1734602	0.1x-SRR1734603	0.1x-SRR1734604	0.1x-SRR1734607	0.1x-SRR1734608	0.1x-SRR1734609	0.1x-SRR1734610	0.1x-SRR1734611	0.1x-SRR1734612	0.1x-SRR1734613	0.1x-SRR1734614	0.1x-SRR1734615	0.1x-SRR1734616	0.1x-SRR1734617	0.1x-SRR1734618	0.1x-SRR1734619	0.1x-SRR1734620
0.1x-SRR1734599	0	1.12744	1.12455	1.11432	1.1393	1.08943	1.13037	1.18752	1.1653	1.13195	1.12099	1.12269	1.13434	1.11945	1.14585	1.14196	1.12268	1.2082	1.12065	1.12975
0.1x-SRR1734600	1.12744	0	1.07609	1.08994	1.09868	1.08814	1.08693	1.16512	1.08687	1.07381	1.12513	1.03124	1.02373	1.13314	1.12081	1.17996	1.04487	1.1932	1.04454	1.03394
0.1x-SRR1734601	1.12455	1.07609	0	1.11681	1.12019	1.1051	1.12765	1.19761	1.10888	1.10246	1.13845	1.06548	1.08904	1.07237	1.13317	1.11711	1.07189	1.22424	1.07648	1.05702
0.1x-SRR1734602	1.11432	1.08994	1.11681	0	1.08913	1.07422	0.881625	0.888513	0.989586	0.905856	1.11085	0.877384	1.09669	1.15995	1.09551	1.12604	0.902943	0.957153	0.887629	0.921026
0.1x-SRR1734603	1.1393	1.09868	1.12019	1.08913	0	1.12758	1.09208	1.13075	1.13914	1.09213	1.10007	1.08644	1.10015	1.16126	1.14459	1.15233	1.09295	1.15544	1.08973	1.09666
0.1x-SRR1734604	1.08943	1.08814	1.1051	1.07422	1.12758	0	1.06557	1.11946	1.0963	1.05486	1.15753	1.03112	1.09902	1.1517	1.12652	1.17392	1.0399	1.16081	1.04226	1.03327
0.1x-SRR1734607	1.13037	1.08693	1.12765	0.881625	1.09208	1.06557	0	0.85381	0.967808	0.844477	1.1466	0.84354	1.09502	1.17241	1.08724	1.15237	0.871973	0.917849	0.849071	0.879447
0.1x-SRR1734608	1.18752	1.16512	1.19761	0.888513	1.13075	1.11946	0.85381	0	1.03374	0.894037	1.18077	0.911051	1.16246	1.23069	1.12894	1.17119	0.931815	0.876223	0.911157	0.961435
0.1x-SRR1734609	1.1653	1.08687	1.10888	0.989586	1.13914	1.0963	0.967808	1.03374	0	0.940911	1.16345	0.817448	1.10218	1.14693	1.13272	1.18836	0.848074	1.05812	0.863697	0.876959
0.1x-SRR1734610	1.13195	1.07381	1.10246	0.905856	1.09213	1.05486	0.844477	0.894037	0.940911	0	1.1415	0.817073	1.08389	1.1552	1.08058	1.15777	0.841519	0.961437	0.823711	0.829182
0.1x-SRR1734611	1.12099	1.12513	1.13845	1.11085	1.10007	1.15753	1.1466	1.18077	1.16345	1.1415	0	1.12464	1.1021	1.13162	1.17325	1.10226	1.1336	1.195	1.13467	1.13591
0.1x-SRR1734612	1.12269	1.03124	1.06548	0.877384	1.08644	1.03112	0.84354	0.911051	0.817448	0.817073	1.12464	0	1.0503	1.1201	1.08278	1.15576	0.727346	0.979105	0.731879	0.718567
0.1x-SRR1734613	1.13434	1.02373	1.08904	1.09669	1.10015	1.09902	1.09502	1.16246	1.10218	1.08389	1.1021	1.0503	0	1.14106	1.12617	1.16905	1.06266	1.18897	1.06373	1.05639
0.1x-SRR1734614	1.11945	1.13314	1.07237	1.15995	1.16126	1.1517	1.17241	1.23069	1.14693	1.1552	1.13162	1.1201	1.14106	0	1.16602	1.12773	1.123	1.24973	1.13484	1.11917
0.1x-SRR1734615	1.14585	1.12081	1.13317	1.09551	1.14459	1.12652	1.08724	1.12894	1.13272	1.08058	1.17325	1.08278	1.12617	1.16602	0	1.17545	1.0841	1.16228	1.08985	1.08542
0.1x-SRR1734616	1.14196	1.17996	1.11711	1.12604	1.15233	1.17392	1.15237	1.17119	1.18836	1.15777	1.10226	1.15576	1.16905	1.12773	1.17545	0	1.15971	1.18715	1.1591	1.17582
0.1x-SRR1734617	1.12268	1.04487	1.07189	0.902943	1.09295	1.0399	0.871973	0.931815	0.848074	0.841519	1.1336	0.727346	1.06266	1.123	1.0841	1.15971	0	0.99897	0.766704	0.739579
0.1x-SRR1734618	1.2082	1.1932	1.22424	0.957153	1.15544	1.16081	0.917849	0.876223	1.05812	0.961437	1.195	0.979105	1.18897	1.24973	1.16228	1.18715	0.99897	0	0.969713	1.03818
0.1x-SRR1734619	1.12065	1.04454	1.07648	0.887629	1.08973	1.04226	0.849071	0.911157	0.863697	0.823711	1.13467	0.731879	1.06373	1.13484	1.08985	1.1591	0.766704	0.969713	0	0.752012
0.1x-SRR1734620	1.12975	1.03394	1.05702	0.921026	1.09666	1.03327	0.879447	0.961435	0.876959	0.829182	1.13591	0.718567	1.05639	1.11917	1.08542	1.17582	0.739579	1.03818	0.752012	0
