	0.1x-SRR1734599	0.1x-SRR1734600	0.1x-SRR1734601	0.1x-SRR1734602	0.1x-SRR1734603	0.1x-SRR1734604	0.1x-SRR1734607	0.1x-SRR1734608	0.1x-SRR1734609	0.1x-SRR1734610	0.1x-SRR1734611	0.1x-SRR1734612	0.1x-SRR1734613	0.1x-SRR1734614	0.1x-SRR1734615	0.1x-SRR1734616	0.1x-SRR1734617	0.1x-SRR1734618	0.1x-SRR1734619	0.1x-SRR1734620
0.1x-SRR1734599	1.30497e+06	516351	546562	664931	425298	488174	622221	515277	499872	580053	554420	823002	538148	489165	418376	436928	705196	410399	755081	768242
0.1x-SRR1734600	516351	1.53825e+06	679463	773096	521557	531848	765643	609412	692024	742134	594399	1.13155e+06	779807	509162	491752	414231	940231	475273	1.00134e+06	1.07302e+06
0.1x-SRR1734601	546562	679463	1.69319e+06	751857	514253	532558	714793	562982	683173	721301	598015	1.09616e+06	699553	634184	496600	537842	924330	433706	972273	1.06741e+06
0.1x-SRR1734602	664931	773096	751857	2.35694e+06	662609	682629	1.41567e+06	1.42131e+06	1.06796e+06	1.27928e+06	767778	1.83983e+06	808399	576127	654593	617659	1.51808e+06	1.10651e+06	1.65295e+06	1.64316e+06
0.1x-SRR1734603	425298	521557	514253	662609	1.12509e+06	406131	645827	585208	507725	604962	546967	846930	553199	396213	390101	391837	713104	469022	765521	785949
0.1x-SRR1734604	488174	531848	532558	682629	406131	1.1048e+06	685314	600322	571722	658905	452994	959215	549913	405946	409566	359270	805908	456084	853077	910724
0.1x-SRR1734607	622221	765643	714793	1.41567e+06	645827	685314	2.27494e+06	1.46612e+06	1.09304e+06	1.37132e+06	674834	1.89312e+06	797859	540891	657619	557091	1.56065e+06	1.16101e+06	1.71366e+06	1.71926e+06
0.1x-SRR1734608	515277	609412	562982	1.42131e+06	585208	600322	1.46612e+06	2.33954e+06	970877	1.29754e+06	604923	1.74331e+06	655320	425687	591553	528190	1.44484e+06	1.25333e+06	1.58934e+06	1.52896e+06
0.1x-SRR1734609	499872	692024	683173	1.06796e+06	507725	571722	1.09304e+06	970877	1.85785e+06	1.07344e+06	575208	1.76834e+06	706854	534983	520928	440326	1.45711e+06	797975	1.51829e+06	1.55922e+06
0.1x-SRR1734610	580053	742134	721301	1.27928e+06	604962	658905	1.37132e+06	1.29754e+06	1.07344e+06	1.99666e+06	642978	1.83406e+06	770099	539181	626964	512225	1.52362e+06	1.01071e+06	1.65867e+06	1.72345e+06
0.1x-SRR1734611	554420	594399	598015	767778	546967	452994	674834	604923	575208	642978	1.70494e+06	935139	677294	538616	433981	563361	779187	496636	826420	861177
0.1x-SRR1734612	823002	1.13155e+06	1.09616e+06	1.83983e+06	846930	959215	1.89312e+06	1.74331e+06	1.76834e+06	1.83406e+06	935139	3.79592e+06	1.15407e+06	832662	859526	711250	2.39209e+06	1.34917e+06	2.53423e+06	2.68631e+06
0.1x-SRR1734613	538148	779807	699553	808399	553199	549913	797859	655320	706854	770099	677294	1.15407e+06	1.74484e+06	528637	515251	459772	960026	515045	1.019e+06	1.0852e+06
0.1x-SRR1734614	489165	509162	634184	576127	396213	405946	540891	425687	534983	539181	538616	832662	528637	1.31499e+06	391464	458955	707204	334132	725376	796548
0.1x-SRR1734615	418376	491752	496600	654593	390101	409566	657619	591553	520928	626964	433981	859526	515251	391464	1.13668e+06	362309	733911	460192	769206	814302
0.1x-SRR1734616	436928	414231	537842	617659	391837	359270	557091	528190	440326	512225	563361	711250	459772	458955	362309	1.20825e+06	601001	431745	640991	630737
0.1x-SRR1734617	705196	940231	924330	1.51808e+06	713104	805908	1.56065e+06	1.44484e+06	1.45711e+06	1.52362e+06	779187	2.39209e+06	960026	707204	733911	601001	2.7867e+06	1.11237e+06	2.09398e+06	2.25414e+06
0.1x-SRR1734618	410399	475273	433706	1.10651e+06	469022	456084	1.16101e+06	1.25333e+06	797975	1.01071e+06	496636	1.34917e+06	515045	334132	460192	431745	1.11237e+06	1.7688e+06	1.25183e+06	1.13978e+06
0.1x-SRR1734619	755081	1.00134e+06	972273	1.65295e+06	765521	853077	1.71366e+06	1.58934e+06	1.51829e+06	1.65867e+06	826420	2.53423e+06	1.019e+06	725376	769206	640991	2.09398e+06	1.25183e+06	3.15605e+06	2.36826e+06
0.1x-SRR1734620	768242	1.07302e+06	1.06741e+06	1.64316e+06	785949	910724	1.71926e+06	1.52896e+06	1.55922e+06	1.72345e+06	861177	2.68631e+06	1.0852e+06	796548	814302	630737	2.25414e+06	1.13978e+06	2.36826e+06	3.4545e+06
