	SRR1734599	SRR1734600	SRR1734601	SRR1734602	SRR1734603	SRR1734604	SRR1734607	SRR1734608	SRR1734609	SRR1734610	SRR1734611	SRR1734612	SRR1734613	SRR1734614	SRR1734615	SRR1734616	SRR1734617	SRR1734618	SRR1734619	SRR1734620
SRR1734599	0	0.910873	0.975409	0.896315	0.958976	0.814025	0.95382	1.01998	1.02469	0.976441	0.960531	0.98461	0.947581	0.884627	0.900988	0.947973	0.978922	1.06561	0.977015	1.01366
SRR1734600	0.910873	0	0.884938	0.810765	0.823796	0.85741	0.83971	0.933637	0.893307	0.872697	0.896525	0.830129	0.678733	0.932274	0.860055	0.99783	0.829499	0.98457	0.838035	0.873509
SRR1734601	0.975409	0.884938	0	0.931574	0.946738	0.926507	0.971029	1.03829	0.976882	0.970119	0.992387	0.945672	0.908436	0.843951	0.929019	0.92233	0.943094	1.08214	0.945804	0.970934
SRR1734602	0.896315	0.810765	0.931574	0	0.841651	0.827838	0.685247	0.733657	0.777076	0.697946	0.922953	0.703359	0.861046	0.949263	0.818945	0.912187	0.698878	0.813027	0.680643	0.794951
SRR1734603	0.958976	0.823796	0.946738	0.841651	0	0.911961	0.868231	0.907617	0.974082	0.890037	0.819229	0.91745	0.84484	0.980541	0.894416	0.924972	0.91132	0.955301	0.899308	0.963115
SRR1734604	0.814025	0.85741	0.926507	0.827838	0.911961	0	0.84034	0.908619	0.908699	0.846872	0.989307	0.841458	0.881871	0.978824	0.865032	0.989947	0.839901	0.977582	0.846493	0.885181
SRR1734607	0.95382	0.83971	0.971029	0.685247	0.868231	0.84034	0	0.634021	0.718088	0.570089	1.00155	0.633923	0.880522	1.01782	0.824913	0.992536	0.634537	0.703159	0.61195	0.727608
SRR1734608	1.01998	0.933637	1.03829	0.733657	0.907617	0.908619	0.634021	0	0.760934	0.653292	1.0292	0.703141	0.952926	1.07059	0.888258	0.998904	0.70833	0.67287	0.680647	0.830815
SRR1734609	1.02469	0.893307	0.976882	0.777076	0.974082	0.908699	0.718088	0.760934	0	0.697804	1.04053	0.560959	0.927348	1.00968	0.9212	1.051	0.574992	0.795054	0.617481	0.670229
SRR1734610	0.976441	0.872697	0.970119	0.697946	0.890037	0.846872	0.570089	0.653292	0.697804	0	1.0081	0.598234	0.904847	1.02158	0.826898	1.00482	0.599004	0.750798	0.576939	0.655621
SRR1734611	0.960531	0.896525	0.992387	0.922953	0.819229	0.989307	1.00155	1.0292	1.04053	1.0081	0	0.991325	0.882355	0.932764	0.981941	0.859521	1.00026	1.06144	1.01216	1.04022
SRR1734612	0.98461	0.830129	0.945672	0.703359	0.91745	0.841458	0.633923	0.703141	0.560959	0.598234	0.991325	0	0.871462	0.981254	0.86322	1.01569	0.457934	0.785186	0.523929	0.522471
SRR1734613	0.947581	0.678733	0.908436	0.861046	0.84484	0.881871	0.880522	0.952926	0.927348	0.904847	0.882355	0.871462	0	0.950609	0.865239	0.987742	0.875757	0.997487	0.895601	0.927502
SRR1734614	0.884627	0.932274	0.843951	0.949263	0.980541	0.978824	1.01782	1.07059	1.00968	1.02158	0.932764	0.981254	0.950609	0	0.962208	0.873317	0.98234	1.104	0.999527	1.01721
SRR1734615	0.900988	0.860055	0.929019	0.818945	0.894416	0.865032	0.824913	0.888258	0.9212	0.826898	0.981941	0.86322	0.865239	0.962208	0	0.956109	0.857601	0.956353	0.862133	0.923067
SRR1734616	0.947973	0.99783	0.92233	0.912187	0.924972	0.989947	0.992536	0.998904	1.051	1.00482	0.859521	1.01569	0.987742	0.873317	0.956109	0	1.0129	1.03082	1.01749	1.07793
SRR1734617	0.978922	0.829499	0.943094	0.698878	0.91132	0.839901	0.634537	0.70833	0.574992	0.599004	1.00026	0.457934	0.875757	0.98234	0.857601	1.0129	0	0.787585	0.515274	0.501511
SRR1734618	1.06561	0.98457	1.08214	0.813027	0.955301	0.977582	0.703159	0.67287	0.795054	0.750798	1.06144	0.785186	0.997487	1.104	0.956353	1.03082	0.787585	0	0.754286	0.918159
SRR1734619	0.977015	0.838035	0.945804	0.680643	0.899308	0.846493	0.61195	0.680647	0.617481	0.576939	1.01216	0.523929	0.895601	0.999527	0.862133	1.01749	0.515274	0.754286	0	0.569761
SRR1734620	1.01366	0.873509	0.970934	0.794951	0.963115	0.885181	0.727608	0.830815	0.670229	0.655621	1.04022	0.522471	0.927502	1.01721	0.923067	1.07793	0.501511	0.918159	0.569761	0
