	0.5x-SRR1734599	0.5x-SRR1734600	0.5x-SRR1734601	0.5x-SRR1734602	0.5x-SRR1734603	0.5x-SRR1734604	0.5x-SRR1734607	0.5x-SRR1734608	0.5x-SRR1734609	0.5x-SRR1734610	0.5x-SRR1734611	0.5x-SRR1734612	0.5x-SRR1734613	0.5x-SRR1734614	0.5x-SRR1734615	0.5x-SRR1734616	0.5x-SRR1734617	0.5x-SRR1734618	0.5x-SRR1734619	0.5x-SRR1734620
0.5x-SRR1734599	2.77393e+07	1.52578e+07	1.05913e+07	1.67681e+07	1.00345e+07	1.48822e+07	1.34314e+07	1.03465e+07	1.28569e+07	1.16136e+07	1.21054e+07	1.75639e+07	1.25513e+07	1.33102e+07	1.24618e+07	1.15731e+07	1.72159e+07	1.07281e+07	1.41666e+07	1.88573e+07
0.5x-SRR1734600	1.52578e+07	2.45103e+07	1.15538e+07	1.76856e+07	1.15365e+07	1.32307e+07	1.49955e+07	1.14352e+07	1.52912e+07	1.29178e+07	1.26345e+07	2.10013e+07	1.64788e+07	1.16219e+07	1.24247e+07	9.92044e+06	2.03807e+07	1.20225e+07	1.65297e+07	2.25466e+07
0.5x-SRR1734601	1.05913e+07	1.15538e+07	1.47117e+07	1.15537e+07	7.46543e+06	9.25146e+06	9.48428e+06	7.23901e+06	1.03063e+07	8.55713e+06	8.30679e+06	1.37239e+07	9.7431e+06	1.02531e+07	8.68356e+06	8.7952e+06	1.33664e+07	7.49188e+06	1.09092e+07	1.49303e+07
0.5x-SRR1734602	1.67681e+07	1.76856e+07	1.15537e+07	2.83152e+07	1.21206e+07	1.47809e+07	1.90494e+07	1.59228e+07	1.909e+07	1.69616e+07	1.30339e+07	2.592e+07	1.44817e+07	1.21383e+07	1.40856e+07	1.23993e+07	2.5239e+07	1.67884e+07	2.1039e+07	2.68013e+07
0.5x-SRR1734603	1.00345e+07	1.15365e+07	7.46543e+06	1.21206e+07	1.24398e+07	8.70647e+06	1.02812e+07	8.49253e+06	9.52668e+06	8.97571e+06	9.99887e+06	1.32199e+07	9.80964e+06	7.60364e+06	8.42811e+06	8.05329e+06	1.29431e+07	9.03688e+06	1.081e+07	1.39255e+07
0.5x-SRR1734604	1.48822e+07	1.32307e+07	9.25146e+06	1.47809e+07	8.70647e+06	1.78567e+07	1.27889e+07	1.01592e+07	1.27506e+07	1.14213e+07	9.20672e+06	1.76666e+07	1.11687e+07	9.13944e+06	1.05328e+07	8.59965e+06	1.71656e+07	1.03983e+07	1.3954e+07	1.89251e+07
0.5x-SRR1734607	1.34314e+07	1.49955e+07	9.48428e+06	1.90494e+07	1.02812e+07	1.27889e+07	2.18863e+07	1.5304e+07	1.78437e+07	1.65103e+07	9.94949e+06	2.4194e+07	1.23889e+07	9.36216e+06	1.22924e+07	9.47274e+06	2.3449e+07	1.65962e+07	1.95657e+07	2.53291e+07
0.5x-SRR1734608	1.03465e+07	1.14352e+07	7.23901e+06	1.59228e+07	8.49253e+06	1.01592e+07	1.5304e+07	1.67623e+07	1.49492e+07	1.35709e+07	8.2168e+06	1.99472e+07	9.66685e+06	7.25653e+06	9.87292e+06	8.18645e+06	1.92482e+07	1.49262e+07	1.61875e+07	1.97423e+07
0.5x-SRR1734609	1.28569e+07	1.52912e+07	1.03063e+07	1.909e+07	9.52668e+06	1.27506e+07	1.78437e+07	1.49492e+07	2.64111e+07	1.63835e+07	1.00569e+07	2.80274e+07	1.26687e+07	1.04605e+07	1.17829e+07	9.18087e+06	2.69205e+07	1.65641e+07	2.14034e+07	2.9342e+07
0.5x-SRR1734610	1.16136e+07	1.29178e+07	8.55713e+06	1.69616e+07	8.97571e+06	1.14213e+07	1.65103e+07	1.35709e+07	1.63835e+07	1.77569e+07	8.84345e+06	2.23921e+07	1.07634e+07	8.36566e+06	1.10447e+07	8.32622e+06	2.17009e+07	1.42611e+07	1.80749e+07	2.43596e+07
0.5x-SRR1734611	1.21054e+07	1.26345e+07	8.30679e+06	1.30339e+07	9.99887e+06	9.20672e+06	9.94949e+06	8.2168e+06	1.00569e+07	8.84345e+06	1.82048e+07	1.40455e+07	1.12691e+07	1.00079e+07	8.80035e+06	1.07365e+07	1.33813e+07	8.78011e+06	1.07092e+07	1.44196e+07
0.5x-SRR1734612	1.75639e+07	2.10013e+07	1.37239e+07	2.592e+07	1.32199e+07	1.76666e+07	2.4194e+07	1.99472e+07	2.80274e+07	2.23921e+07	1.40455e+07	4.18864e+07	1.7361e+07	1.39337e+07	1.6172e+07	1.25042e+07	3.63576e+07	2.10976e+07	2.87323e+07	4.11507e+07
0.5x-SRR1734613	1.25513e+07	1.64788e+07	9.7431e+06	1.44817e+07	9.80964e+06	1.11687e+07	1.23889e+07	9.66685e+06	1.26687e+07	1.07634e+07	1.12691e+07	1.7361e+07	1.87027e+07	9.84216e+06	1.07763e+07	8.83864e+06	1.67327e+07	1.02412e+07	1.33288e+07	1.81468e+07
0.5x-SRR1734614	1.33102e+07	1.16219e+07	1.02531e+07	1.21383e+07	7.60364e+06	9.13944e+06	9.36216e+06	7.25653e+06	1.04605e+07	8.36566e+06	1.00079e+07	1.39337e+07	9.84216e+06	1.72363e+07	8.88021e+06	1.0249e+07	1.34834e+07	7.64177e+06	1.06918e+07	1.47545e+07
0.5x-SRR1734615	1.24618e+07	1.24247e+07	8.68356e+06	1.40856e+07	8.42811e+06	1.05328e+07	1.22924e+07	9.87292e+06	1.17829e+07	1.10447e+07	8.80035e+06	1.6172e+07	1.07763e+07	8.88021e+06	1.58609e+07	8.62809e+06	1.58024e+07	1.01853e+07	1.28773e+07	1.68318e+07
0.5x-SRR1734616	1.15731e+07	9.92044e+06	8.7952e+06	1.23993e+07	8.05329e+06	8.59965e+06	9.47274e+06	8.18645e+06	9.18087e+06	8.32622e+06	1.07365e+07	1.25042e+07	8.83864e+06	1.0249e+07	8.62809e+06	1.59227e+07	1.2196e+07	8.8137e+06	9.90441e+06	1.2312e+07
0.5x-SRR1734617	1.72159e+07	2.03807e+07	1.33664e+07	2.5239e+07	1.29431e+07	1.71656e+07	2.3449e+07	1.92482e+07	2.69205e+07	2.17009e+07	1.33813e+07	3.63576e+07	1.67327e+07	1.34834e+07	1.58024e+07	1.2196e+07	3.93847e+07	2.04021e+07	2.80063e+07	4.03988e+07
0.5x-SRR1734618	1.07281e+07	1.20225e+07	7.49188e+06	1.67884e+07	9.03688e+06	1.03983e+07	1.65962e+07	1.49262e+07	1.65641e+07	1.42611e+07	8.78011e+06	2.10976e+07	1.02412e+07	7.64177e+06	1.01853e+07	8.8137e+06	2.04021e+07	2.22078e+07	1.73511e+07	2.00735e+07
0.5x-SRR1734619	1.41666e+07	1.65297e+07	1.09092e+07	2.1039e+07	1.081e+07	1.3954e+07	1.95657e+07	1.61875e+07	2.14034e+07	1.80749e+07	1.07092e+07	2.87323e+07	1.33288e+07	1.06918e+07	1.28773e+07	9.90441e+06	2.80063e+07	1.73511e+07	2.64787e+07	3.17397e+07
0.5x-SRR1734620	1.88573e+07	2.25466e+07	1.49303e+07	2.68013e+07	1.39255e+07	1.89251e+07	2.53291e+07	1.97423e+07	2.9342e+07	2.43596e+07	1.44196e+07	4.11507e+07	1.81468e+07	1.47545e+07	1.68318e+07	1.2312e+07	4.03988e+07	2.00735e+07	3.17397e+07	5.42182e+07
