	0.5x-SRR1734599	0.5x-SRR1734600	0.5x-SRR1734601	0.5x-SRR1734602	0.5x-SRR1734603	0.5x-SRR1734604	0.5x-SRR1734607	0.5x-SRR1734608	0.5x-SRR1734609	0.5x-SRR1734610	0.5x-SRR1734611	0.5x-SRR1734612	0.5x-SRR1734613	0.5x-SRR1734614	0.5x-SRR1734615	0.5x-SRR1734616	0.5x-SRR1734617	0.5x-SRR1734618	0.5x-SRR1734619	0.5x-SRR1734620
0.5x-SRR1734599	0	1.24999	1.2524	1.17252	1.22902	1.04506	1.33826	1.34239	1.3448	1.32098	1.06619	1.32895	1.24169	0.970978	1.17116	1.08484	1.32572	1.35774	1.33078	1.31179
0.5x-SRR1734600	1.24999	0	1.26874	1.19209	1.07604	1.25752	1.23971	1.26199	1.26873	1.22818	1.08301	1.23087	0.943916	1.23409	1.25288	1.27345	1.22444	1.28271	1.23008	1.19444
0.5x-SRR1734601	1.2524	1.26874	0	1.25127	1.1674	1.27361	1.32424	1.32818	1.33537	1.30271	1.154	1.31113	1.26184	0.950754	1.25266	1.0195	1.30781	1.34938	1.31186	1.29191
0.5x-SRR1734602	1.17252	1.19209	1.25127	0	1.17677	1.2034	1.10989	1.08493	1.10559	1.0634	1.1021	1.05336	1.19546	1.15268	1.21169	1.16606	1.04562	1.13945	1.0743	1.08078
0.5x-SRR1734603	1.22902	1.07604	1.1674	1.17677	0	1.22978	1.26467	1.25663	1.29514	1.25147	0.902948	1.26112	1.06802	1.15743	1.24621	1.15447	1.25812	1.29013	1.26529	1.25007
0.5x-SRR1734604	1.04506	1.25752	1.27361	1.2034	1.22978	0	1.2548	1.25247	1.27723	1.22254	1.23097	1.22647	1.24343	1.23954	1.24936	1.27955	1.22448	1.29629	1.24018	1.20826
0.5x-SRR1734607	1.33826	1.23971	1.32424	1.10989	1.26467	1.2548	0	0.833408	0.937964	0.797574	1.28381	0.847618	1.23969	1.3212	1.29802	1.34473	0.849292	0.885534	0.840143	0.873489
0.5x-SRR1734608	1.34239	1.26199	1.32818	1.08493	1.25663	1.25247	0.833408	0	0.866545	0.785125	1.27817	0.792922	1.2601	1.32478	1.29891	1.32897	0.828391	0.800545	0.820402	0.921017
0.5x-SRR1734609	1.3448	1.26873	1.33537	1.10559	1.29514	1.27723	0.937964	0.866545	0	0.849971	1.29876	0.720975	1.26854	1.31844	1.30805	1.33443	0.767402	0.91319	0.841822	0.863152
0.5x-SRR1734610	1.32098	1.22818	1.30271	1.0634	1.25147	1.22254	0.797574	0.785125	0.849971	0	1.27251	0.731986	1.23387	1.29776	1.27313	1.3365	0.732611	0.888398	0.727015	0.716342
0.5x-SRR1734611	1.06619	1.08301	1.154	1.1021	0.902948	1.23097	1.28381	1.27817	1.29876	1.27251	0	1.26207	1.04894	0.999053	1.23717	0.98086	1.27022	1.30769	1.2842	1.26576
0.5x-SRR1734612	1.32895	1.23087	1.31113	1.05336	1.26112	1.22647	0.847618	0.792922	0.720975	0.731986	1.26207	0	1.23233	1.28957	1.28194	1.32858	0.654569	0.895964	0.72133	0.700525
0.5x-SRR1734613	1.24169	0.943916	1.26184	1.19546	1.06802	1.24343	1.23969	1.2601	1.26854	1.23387	1.04894	1.23233	0	1.21728	1.23517	1.24756	1.23225	1.281	1.24885	1.2202
0.5x-SRR1734614	0.970978	1.23409	0.950754	1.15268	1.15743	1.23954	1.3212	1.32478	1.31844	1.29776	0.999053	1.28957	1.21728	0	1.2059	0.931461	1.28898	1.3462	1.30424	1.27656
0.5x-SRR1734615	1.17116	1.25288	1.25266	1.21169	1.24621	1.24936	1.29802	1.29891	1.30805	1.27313	1.23717	1.28194	1.23517	1.2059	0	1.24073	1.27362	1.32354	1.29007	1.27002
0.5x-SRR1734616	1.08484	1.27345	1.0195	1.16606	1.15447	1.27955	1.34473	1.32897	1.33443	1.3365	0.98086	1.32858	1.24756	0.931461	1.24073	0	1.333	1.34075	1.34418	1.34837
0.5x-SRR1734617	1.32572	1.22444	1.30781	1.04562	1.25812	1.22448	0.849292	0.828391	0.767402	0.732611	1.27022	0.654569	1.23225	1.28898	1.27362	1.333	0	0.928079	0.724061	0.660335
0.5x-SRR1734618	1.35774	1.28271	1.34938	1.13945	1.29013	1.29629	0.885534	0.800545	0.91319	0.888398	1.30769	0.895964	1.281	1.3462	1.32354	1.34075	0.928079	0	0.908738	1.0326
0.5x-SRR1734619	1.33078	1.23008	1.31186	1.0743	1.26529	1.24018	0.840143	0.820402	0.841822	0.727015	1.2842	0.72133	1.24885	1.30424	1.29007	1.34418	0.724061	0.908738	0	0.714497
0.5x-SRR1734620	1.31179	1.19444	1.29191	1.08078	1.25007	1.20826	0.873489	0.921017	0.863152	0.716342	1.26576	0.700525	1.2202	1.27656	1.27002	1.34837	0.660335	1.0326	0.714497	0
