	SRR1734599	SRR1734600	SRR1734601	SRR1734602	SRR1734603	SRR1734604	SRR1734607	SRR1734608	SRR1734609	SRR1734610	SRR1734611	SRR1734612	SRR1734613	SRR1734614	SRR1734615	SRR1734616	SRR1734617	SRR1734618	SRR1734619	SRR1734620
SRR1734599	0	0.946042	0.985445	0.914442	0.971138	0.813019	0.986705	1.00518	1.03456	0.968401	0.958417	0.998761	0.957773	0.857932	0.935884	1.00703	0.994223	1.0917	0.993025	1.03475
SRR1734600	0.946042	0	0.900453	0.847458	0.844915	0.878607	0.898798	0.910869	0.910592	0.859066	0.903081	0.870243	0.727066	0.930227	0.902316	1.06551	0.865095	1.02776	0.872628	0.92333
SRR1734601	0.985445	0.900453	0	0.923178	0.935801	0.912428	0.990221	0.991408	0.965654	0.92278	0.957495	0.934581	0.900736	0.811366	0.954726	0.966658	0.929973	1.10181	0.944127	0.972772
SRR1734602	0.914442	0.847458	0.923178	0	0.850688	0.794068	0.69805	0.712792	0.777124	0.68817	0.897959	0.691703	0.864962	0.926375	0.857007	0.974164	0.695003	0.820635	0.682769	0.824844
SRR1734603	0.971138	0.844915	0.935801	0.850688	0	0.888253	0.895631	0.893426	0.966201	0.892894	0.799619	0.912051	0.841459	0.960516	0.924848	0.98887	0.910898	0.975242	0.902864	0.980475
SRR1734604	0.813019	0.878607	0.912428	0.794068	0.888253	0	0.834819	0.848169	0.884599	0.793854	0.939544	0.810476	0.866747	0.940798	0.883454	1.02376	0.806283	0.961713	0.823157	0.874188
SRR1734607	0.986705	0.898798	0.990221	0.69805	0.895631	0.834819	0	0.636503	0.748949	0.602403	0.986824	0.658893	0.91243	1.02565	0.877048	1.0479	0.667302	0.709479	0.635062	0.791941
SRR1734608	1.00518	0.910869	0.991408	0.712792	0.893426	0.848169	0.636503	0	0.71975	0.631527	0.976802	0.658581	0.912375	1.01589	0.906223	1.0416	0.675663	0.683638	0.658042	0.823564
SRR1734609	1.03456	0.910592	0.965654	0.777124	0.966201	0.884599	0.748949	0.71975	0	0.6467	1.00305	0.552516	0.917247	0.979889	0.944633	1.09113	0.567497	0.836304	0.628274	0.67879
SRR1734610	0.968401	0.859066	0.92278	0.68817	0.892894	0.793854	0.602403	0.631527	0.6467	0	0.966791	0.545045	0.8712	0.963993	0.857014	1.05729	0.550315	0.783687	0.551809	0.61346
SRR1734611	0.958417	0.903081	0.957495	0.897959	0.799619	0.939544	0.986824	0.976802	1.00305	0.966791	0	0.957843	0.856067	0.893549	0.980572	0.918314	0.962636	1.04435	0.976697	1.02315
SRR1734612	0.998761	0.870243	0.934581	0.691703	0.912051	0.810476	0.658893	0.658581	0.552516	0.545045	0.957843	0	0.879105	0.954888	0.894019	1.05989	0.465579	0.803664	0.523668	0.567664
SRR1734613	0.957773	0.727066	0.900736	0.864962	0.841459	0.866747	0.91243	0.912375	0.917247	0.8712	0.856067	0.879105	0	0.92474	0.898464	1.03838	0.874799	1.02172	0.897704	0.942831
SRR1734614	0.857932	0.930227	0.811366	0.926375	0.960516	0.940798	1.02565	1.01589	0.979889	0.963993	0.893549	0.954888	0.92474	0	0.961157	0.926228	0.952653	1.11266	0.981458	0.994327
SRR1734615	0.935884	0.902316	0.954726	0.857007	0.924848	0.883454	0.877048	0.906223	0.944633	0.857014	0.980572	0.894019	0.898464	0.961157	0	1.02865	0.887697	0.992253	0.90131	0.973669
SRR1734616	1.00703	1.06551	0.966658	0.974164	0.98887	1.02376	1.0479	1.0416	1.09113	1.05729	0.918314	1.05989	1.03838	0.926228	1.02865	0	1.05987	1.07299	1.06319	1.13082
SRR1734617	0.994223	0.865095	0.929973	0.695003	0.910898	0.806283	0.667302	0.675663	0.567497	0.550315	0.962636	0.465579	0.874799	0.952653	0.887697	1.05987	0	0.816587	0.524355	0.544169
SRR1734618	1.0917	1.02776	1.10181	0.820635	0.975242	0.961713	0.709479	0.683638	0.836304	0.783687	1.04435	0.803664	1.02172	1.11266	0.992253	1.07299	0.816587	0	0.773585	0.958426
SRR1734619	0.993025	0.872628	0.944127	0.682769	0.902864	0.823157	0.635062	0.658042	0.628274	0.551809	0.976697	0.523668	0.897704	0.981458	0.90131	1.06319	0.524355	0.773585	0	0.61441
SRR1734620	1.03475	0.92333	0.972772	0.824844	0.980475	0.874188	0.791941	0.823564	0.67879	0.61346	1.02315	0.567664	0.942831	0.994327	0.973669	1.13082	0.544169	0.958426	0.61441	0
