	SRR1734599	SRR1734600	SRR1734601	SRR1734602	SRR1734603	SRR1734604	SRR1734607	SRR1734608	SRR1734609	SRR1734610	SRR1734611	SRR1734612	SRR1734613	SRR1734614	SRR1734615	SRR1734616	SRR1734617	SRR1734618	SRR1734619	0.5x-SRR1734620
SRR1734599	9.17622e+06	1.0342e+06	1.74915e+06	2.23572e+06	1.27445e+06	4.25942e+06	550574	853778	927033	1.05206e+06	4.28585e+06	962144	1.41458e+06	5.60455e+06	1.28463e+06	1.94107e+06	956894	512641	743889	1.82458e+06
SRR1734600	1.0342e+06	2.43568e+06	815128	1.06658e+06	1.12962e+06	1.01192e+06	628364	905104	973512	1.04482e+06	2.11567e+06	1.02786e+06	1.76398e+06	1.30286e+06	453212	459641	1.01815e+06	598411	814843	1.9303e+06
SRR1734601	1.74915e+06	815128	7.16345e+06	1.37228e+06	1.46576e+06	1.56658e+06	573287	898983	927173	1.10425e+06	2.93156e+06	1.02115e+06	1.11226e+06	5.13392e+06	778238	2.00149e+06	1.00991e+06	518482	800761	1.91099e+06
SRR1734602	2.23572e+06	1.06658e+06	1.37228e+06	5.5744e+06	1.24843e+06	2.0179e+06	1.57667e+06	2.76609e+06	2.93417e+06	2.79472e+06	3.03918e+06	2.85505e+06	1.37368e+06	2.77388e+06	847405	1.17686e+06	2.78891e+06	1.79103e+06	2.14155e+06	4.23741e+06
SRR1734603	1.27445e+06	1.12962e+06	1.46576e+06	1.24843e+06	2.95486e+06	1.2983e+06	598655	1.02995e+06	886220	1.01556e+06	3.33773e+06	956160	1.50549e+06	1.98651e+06	518534	892807	934186	623620	735511	1.62178e+06
SRR1734604	4.25942e+06	1.01192e+06	1.56658e+06	2.0179e+06	1.2983e+06	9.59534e+06	1.14582e+06	1.90206e+06	1.82511e+06	2.13207e+06	2.46085e+06	2.08558e+06	1.43292e+06	2.5129e+06	917969	874757	2.02045e+06	1.07044e+06	1.5344e+06	3.60943e+06
SRR1734607	550574	628364	573287	1.57667e+06	598655	1.14582e+06	3.02315e+06	3.23135e+06	3.11262e+06	3.22951e+06	1.00265e+06	3.02607e+06	820749	774163	369789	259466	2.89656e+06	2.28552e+06	2.41286e+06	4.64009e+06
SRR1734608	853778	905104	898983	2.76609e+06	1.02995e+06	1.90206e+06	3.23135e+06	8.10698e+06	5.68354e+06	5.36495e+06	1.70933e+06	5.30235e+06	1.19598e+06	1.22058e+06	601126	518326	4.87339e+06	4.18381e+06	4.05132e+06	7.07458e+06
SRR1734609	927033	973512	927173	2.93417e+06	886220	1.82511e+06	3.11262e+06	5.68354e+06	1.02151e+07	5.56072e+06	1.64084e+06	6.42474e+06	1.27301e+06	1.4638e+06	623386	545628	5.87571e+06	4.02934e+06	4.42564e+06	8.65318e+06
SRR1734610	1.05206e+06	1.04482e+06	1.10425e+06	2.79472e+06	1.01556e+06	2.13207e+06	3.22951e+06	5.36495e+06	5.56072e+06	7.41863e+06	1.69957e+06	5.41596e+06	1.32565e+06	1.50543e+06	696909	453278	5.19245e+06	3.56531e+06	4.29756e+06	8.73677e+06
SRR1734611	4.28585e+06	2.11567e+06	2.93156e+06	3.03918e+06	3.33773e+06	2.46085e+06	1.00265e+06	1.70933e+06	1.64084e+06	1.69957e+06	1.07453e+07	1.81259e+06	3.00579e+06	5.74754e+06	1.03845e+06	2.64857e+06	1.65079e+06	1.02758e+06	1.23316e+06	2.81355e+06
SRR1734612	962144	1.02786e+06	1.02115e+06	2.85505e+06	956160	2.08558e+06	3.02607e+06	5.30235e+06	6.42474e+06	5.41596e+06	1.81259e+06	7.37716e+06	1.33251e+06	1.60192e+06	653708	496620	5.561e+06	3.51569e+06	4.30952e+06	8.84364e+06
SRR1734613	1.41458e+06	1.76398e+06	1.11226e+06	1.37368e+06	1.50549e+06	1.43292e+06	820749	1.19598e+06	1.27301e+06	1.32565e+06	3.00579e+06	1.33251e+06	4.15475e+06	1.84859e+06	652522	703897	1.27879e+06	791214	962535	2.24754e+06
SRR1734614	5.60455e+06	1.30286e+06	5.13392e+06	2.77388e+06	1.98651e+06	2.5129e+06	774163	1.22058e+06	1.4638e+06	1.50543e+06	5.74754e+06	1.60192e+06	1.84859e+06	1.22507e+07	1.28929e+06	3.08542e+06	1.54364e+06	710481	1.12208e+06	2.79693e+06
SRR1734615	1.28463e+06	453212	778238	847405	518534	917969	369789	601126	623386	696909	1.03845e+06	653708	652522	1.28929e+06	1.82187e+06	483963	664506	362240	485914	1.12704e+06
SRR1734616	1.94107e+06	459641	2.00149e+06	1.17686e+06	892807	874757	259466	518326	545628	453278	2.64857e+06	496620	703897	3.08542e+06	483963	2.42404e+06	452539	340691	322510	610966
SRR1734617	956894	1.01815e+06	1.00991e+06	2.78891e+06	934186	2.02045e+06	2.89656e+06	4.87339e+06	5.87571e+06	5.19245e+06	1.65079e+06	5.561e+06	1.27879e+06	1.54364e+06	664506	452539	6.78931e+06	3.20769e+06	4.12322e+06	8.79142e+06
SRR1734618	512641	598411	518482	1.79103e+06	623620	1.07044e+06	2.28552e+06	4.18381e+06	4.02934e+06	3.56531e+06	1.02758e+06	3.51569e+06	791214	710481	362240	340691	3.20769e+06	4.67545e+06	2.7225e+06	4.35569e+06
SRR1734619	743889	814843	800761	2.14155e+06	735511	1.5344e+06	2.41286e+06	4.05132e+06	4.42564e+06	4.29756e+06	1.23316e+06	4.30952e+06	962535	1.12208e+06	485914	322510	4.12322e+06	2.7225e+06	4.59929e+06	6.89136e+06
SRR1734620	1.82458e+06	1.9303e+06	1.91099e+06	4.23741e+06	1.62178e+06	3.60943e+06	4.64009e+06	7.07458e+06	8.65318e+06	8.73677e+06	2.81355e+06	8.84364e+06	2.24754e+06	2.79693e+06	1.12704e+06	610966	8.79142e+06	4.35569e+06	6.89136e+06	1.86167e+07
