	SRR1734599	SRR1734600	SRR1734601	SRR1734602	SRR1734603	SRR1734604	SRR1734607	SRR1734608	SRR1734609	SRR1734610	SRR1734611	SRR1734612	SRR1734613	SRR1734614	SRR1734615	SRR1734616	SRR1734617	SRR1734618	SRR1734619	0.5x-SRR1734620
SRR1734599	2.45113e+07	9.30685e+06	1.22946e+07	1.55092e+07	8.47237e+06	2.18644e+07	1.01785e+07	1.33836e+07	1.30307e+07	1.59298e+07	1.33607e+07	1.45392e+07	1.1178e+07	1.78293e+07	8.5698e+06	5.72608e+06	1.45626e+07	7.86588e+06	1.22431e+07	2.12941e+07
SRR1734600	9.30685e+06	1.15763e+07	9.7655e+06	1.17393e+07	7.0853e+06	1.37808e+07	8.12455e+06	1.0877e+07	1.12779e+07	1.30067e+07	1.00564e+07	1.23858e+07	1.04399e+07	1.09996e+07	6.21271e+06	3.4514e+06	1.23833e+07	6.31201e+06	1.02778e+07	1.80695e+07
SRR1734601	1.22946e+07	9.7655e+06	2.33013e+07	1.4913e+07	8.78728e+06	1.85871e+07	9.85687e+06	1.34115e+07	1.45886e+07	1.67932e+07	1.3048e+07	1.59303e+07	1.19657e+07	1.84527e+07	8.09081e+06	6.03422e+06	1.5934e+07	7.45877e+06	1.30523e+07	2.35416e+07
SRR1734602	1.55092e+07	1.17393e+07	1.4913e+07	2.89814e+07	1.11254e+07	2.43154e+07	1.63117e+07	2.19395e+07	2.12775e+07	2.48917e+07	1.60357e+07	2.39953e+07	1.40538e+07	1.75138e+07	1.04908e+07	6.63763e+06	2.37475e+07	1.40388e+07	2.01395e+07	3.28803e+07
SRR1734603	8.47237e+06	7.0853e+06	8.78728e+06	1.11254e+07	1.04868e+07	1.29342e+07	7.76963e+06	1.06309e+07	9.77722e+06	1.17981e+07	1.09951e+07	1.10817e+07	8.72473e+06	9.9408e+06	5.70783e+06	3.8831e+06	1.10201e+07	6.6773e+06	9.35821e+06	1.55676e+07
SRR1734604	2.18644e+07	1.37808e+07	1.85871e+07	2.43154e+07	1.29342e+07	4.35117e+07	1.72168e+07	2.30748e+07	2.27362e+07	2.73703e+07	1.83907e+07	2.59539e+07	1.71777e+07	2.09536e+07	1.23869e+07	7.36638e+06	2.58933e+07	1.39412e+07	2.12756e+07	3.77287e+07
SRR1734607	1.01785e+07	8.12455e+06	9.85687e+06	1.63117e+07	7.76963e+06	1.72168e+07	1.60478e+07	1.74522e+07	1.63208e+07	1.98658e+07	1.02583e+07	1.83756e+07	9.75305e+06	1.08207e+07	7.59216e+06	4.23858e+06	1.81108e+07	1.17861e+07	1.56007e+07	2.54535e+07
SRR1734608	1.33836e+07	1.0877e+07	1.34115e+07	2.19395e+07	1.06309e+07	2.30748e+07	1.74522e+07	2.98468e+07	2.29211e+07	2.64977e+07	1.42582e+07	2.50667e+07	1.3302e+07	1.50671e+07	9.91628e+06	5.86477e+06	2.45205e+07	1.64601e+07	2.08797e+07	3.34209e+07
SRR1734609	1.30307e+07	1.12779e+07	1.45886e+07	2.12775e+07	9.77722e+06	2.27362e+07	1.63208e+07	2.29211e+07	3.20598e+07	2.71298e+07	1.40432e+07	2.81101e+07	1.36811e+07	1.67748e+07	9.6575e+06	5.37671e+06	2.76274e+07	1.44766e+07	2.21688e+07	4.03376e+07
SRR1734610	1.59298e+07	1.30067e+07	1.67932e+07	2.48917e+07	1.17981e+07	2.73703e+07	1.98658e+07	2.64977e+07	2.71298e+07	3.6703e+07	1.61054e+07	3.02223e+07	1.56788e+07	1.84818e+07	1.18058e+07	6.26949e+06	2.98987e+07	1.65046e+07	2.50532e+07	4.55271e+07
SRR1734611	1.33607e+07	1.00564e+07	1.3048e+07	1.60357e+07	1.09951e+07	1.83907e+07	1.02583e+07	1.42582e+07	1.40432e+07	1.61054e+07	2.49085e+07	1.5827e+07	1.31883e+07	1.70861e+07	7.98079e+06	6.7724e+06	1.55772e+07	8.92149e+06	1.27334e+07	2.20173e+07
SRR1734612	1.45392e+07	1.23858e+07	1.59303e+07	2.39953e+07	1.10817e+07	2.59539e+07	1.83756e+07	2.50667e+07	2.81101e+07	3.02223e+07	1.5827e+07	3.4326e+07	1.49935e+07	1.8165e+07	1.08326e+07	6.02524e+06	3.03809e+07	1.5596e+07	2.46608e+07	4.54949e+07
SRR1734613	1.1178e+07	1.04399e+07	1.19657e+07	1.40538e+07	8.72473e+06	1.71777e+07	9.75305e+06	1.3302e+07	1.36811e+07	1.56788e+07	1.31883e+07	1.49935e+07	1.73953e+07	1.36046e+07	7.66028e+06	4.51009e+06	1.4975e+07	7.83899e+06	1.21473e+07	2.14476e+07
SRR1734614	1.78293e+07	1.09996e+07	1.84527e+07	1.75138e+07	9.9408e+06	2.09536e+07	1.08207e+07	1.50671e+07	1.67748e+07	1.84818e+07	1.70861e+07	1.8165e+07	1.36046e+07	3.24712e+07	9.44296e+06	7.63489e+06	1.81022e+07	8.53567e+06	1.44089e+07	2.66721e+07
SRR1734615	8.5698e+06	6.21271e+06	8.09081e+06	1.04908e+07	5.70783e+06	1.23869e+07	7.59216e+06	9.91628e+06	9.6575e+06	1.18058e+07	7.98079e+06	1.08326e+07	7.66028e+06	9.44296e+06	9.48439e+06	3.40289e+06	1.08539e+07	6.14752e+06	8.92077e+06	1.49944e+07
SRR1734616	5.72608e+06	3.4514e+06	6.03422e+06	6.63763e+06	3.8831e+06	7.36638e+06	4.23858e+06	5.86477e+06	5.37671e+06	6.26949e+06	6.7724e+06	6.02524e+06	4.51009e+06	7.63489e+06	3.40289e+06	5.505e+06	5.9814e+06	3.91448e+06	4.97646e+06	7.83217e+06
SRR1734617	1.45626e+07	1.23833e+07	1.5934e+07	2.37475e+07	1.10201e+07	2.58933e+07	1.81108e+07	2.45205e+07	2.76274e+07	2.98987e+07	1.55772e+07	3.03809e+07	1.4975e+07	1.81022e+07	1.08539e+07	5.9814e+06	3.38237e+07	1.52421e+07	2.44695e+07	4.5864e+07
SRR1734618	7.86588e+06	6.31201e+06	7.45877e+06	1.40388e+07	6.6773e+06	1.39412e+07	1.17861e+07	1.64601e+07	1.44766e+07	1.65046e+07	8.92149e+06	1.5596e+07	7.83899e+06	8.53567e+06	6.14752e+06	3.91448e+06	1.52421e+07	1.54578e+07	1.344e+07	1.96784e+07
SRR1734619	1.22431e+07	1.02778e+07	1.30523e+07	2.01395e+07	9.35821e+06	2.12756e+07	1.56007e+07	2.08797e+07	2.21688e+07	2.50532e+07	1.27334e+07	2.46608e+07	1.21473e+07	1.44089e+07	8.92077e+06	4.97646e+06	2.44695e+07	1.344e+07	2.3795e+07	3.66311e+07
SRR1734620	2.12941e+07	1.80695e+07	2.35416e+07	3.28803e+07	1.55676e+07	3.77287e+07	2.54535e+07	3.34209e+07	4.03376e+07	4.55271e+07	2.20173e+07	4.54949e+07	2.14476e+07	2.66721e+07	1.49944e+07	7.83217e+06	4.5864e+07	1.96784e+07	3.66311e+07	8.5685e+07
