	SRR1734599	SRR1734600	SRR1734601	SRR1734602	SRR1734603	SRR1734604	SRR1734607	SRR1734608	SRR1734609	SRR1734610	SRR1734611	SRR1734612	SRR1734613	SRR1734614	SRR1734615	SRR1734616	SRR1734617	SRR1734618	SRR1734619	SRR1734620
SRR1734599	0	1.23238	1.25144	1.16869	1.22113	1.06734	1.34267	1.3526	1.35125	1.33824	1.05007	1.33698	1.24596	0.998099	1.16423	1.04762	1.3353	1.3595	1.34051	1.32792
SRR1734600	1.23238	0	1.26522	1.1773	1.04252	1.27235	1.22193	1.26904	1.27353	1.24224	1.05839	1.22601	0.885958	1.23167	1.23053	1.23125	1.22299	1.27397	1.2333	1.19795
SRR1734601	1.25144	1.26522	0	1.25751	1.16153	1.30236	1.33458	1.3462	1.35116	1.33126	1.17106	1.32864	1.27447	0.967408	1.24361	0.97618	1.32739	1.35474	1.33117	1.31944
SRR1734602	1.16869	1.1773	1.25751	0	1.18127	1.24358	1.11708	1.12478	1.10703	1.11212	1.08938	1.06803	1.20821	1.16892	1.21029	1.12695	1.06381	1.13136	1.07791	1.10117
SRR1734603	1.22113	1.04252	1.16153	1.18127	0	1.26637	1.26545	1.2789	1.31257	1.27622	0.910492	1.27521	1.06624	1.15307	1.23435	1.1018	1.27627	1.2925	1.28275	1.27134
SRR1734604	1.06734	1.27235	1.30236	1.24358	1.26637	0	1.27663	1.29244	1.31072	1.27429	1.26976	1.26492	1.27778	1.27988	1.26359	1.27642	1.2668	1.31525	1.27846	1.25772
SRR1734607	1.34267	1.22193	1.33458	1.11708	1.26545	1.27663	0	0.859107	0.918371	0.831059	1.29302	0.817687	1.24106	1.33422	1.29638	1.33299	0.811371	0.833193	0.807797	0.863972
SRR1734608	1.3526	1.26904	1.3462	1.12478	1.2789	1.29244	0.859107	0	0.90548	0.883684	1.3047	0.837375	1.28267	1.3456	1.3103	1.32879	0.862717	0.81076	0.855323	0.972248
SRR1734609	1.35125	1.27353	1.35116	1.10703	1.31257	1.31072	0.918371	0.90548	0	0.899031	1.32137	0.710732	1.28894	1.34004	1.3145	1.3318	0.753746	0.870532	0.824128	0.878955
SRR1734610	1.33824	1.24224	1.33126	1.11212	1.27622	1.27429	0.831059	0.883684	0.899031	0	1.29988	0.787767	1.26824	1.32929	1.29359	1.33557	0.78611	0.895668	0.792082	0.806257
SRR1734611	1.05007	1.05839	1.17106	1.08938	0.910492	1.26976	1.29302	1.3047	1.32137	1.29988	0	1.27923	1.06802	1.01841	1.22973	0.908872	1.29329	1.31723	1.3074	1.29029
SRR1734612	1.33698	1.22601	1.32864	1.06803	1.27521	1.26492	0.817687	0.837375	0.710732	0.787767	1.27923	0	1.24477	1.3127	1.28554	1.31678	0.632269	0.850971	0.704869	0.706024
SRR1734613	1.24596	0.885958	1.27447	1.20821	1.06624	1.27778	1.24106	1.28267	1.28894	1.26824	1.06802	1.24477	0	1.24003	1.22686	1.22539	1.25251	1.2837	1.27056	1.2452
SRR1734614	0.998099	1.23167	0.967408	1.16892	1.15307	1.27988	1.33422	1.3456	1.34004	1.32929	1.01841	1.3127	1.24003	0	1.21595	0.878978	1.31419	1.35595	1.32745	1.30907
SRR1734615	1.16423	1.23053	1.24361	1.21029	1.23435	1.26359	1.29638	1.3103	1.3145	1.29359	1.22973	1.28554	1.22686	1.21595	0	1.21251	1.28114	1.32196	1.29466	1.28146
SRR1734616	1.04762	1.23125	0.97618	1.12695	1.1018	1.27642	1.33299	1.32879	1.3318	1.33557	0.908872	1.31678	1.22539	0.878978	1.21251	0	1.32595	1.33258	1.33867	1.34178
SRR1734617	1.3353	1.22299	1.32739	1.06381	1.27627	1.2668	0.811371	0.862717	0.753746	0.78611	1.29329	0.632269	1.25251	1.31419	1.28114	1.32595	0	0.871447	0.701764	0.675382
SRR1734618	1.3595	1.27397	1.35474	1.13136	1.2925	1.31525	0.833193	0.81076	0.870532	0.895668	1.31723	0.850971	1.2837	1.35595	1.32196	1.33258	0.871447	0	0.859221	1.01584
SRR1734619	1.34051	1.2333	1.33117	1.07791	1.28275	1.27846	0.807797	0.855323	0.824128	0.792082	1.3074	0.704869	1.27056	1.32745	1.29466	1.33867	0.701764	0.859221	0	0.736352
SRR1734620	1.32792	1.19795	1.31944	1.10117	1.27134	1.25772	0.863972	0.972248	0.878955	0.806257	1.29029	0.706024	1.2452	1.30907	1.28146	1.34178	0.675382	1.01584	0.736352	0
