	100x-SRR1734599	100x-SRR1734600	100x-SRR1734601	100x-SRR1734602	100x-SRR1734603	100x-SRR1734604	100x-SRR1734607	100x-SRR1734608	100x-SRR1734609	100x-SRR1734610	100x-SRR1734611	100x-SRR1734612	100x-SRR1734613	100x-SRR1734614	100x-SRR1734615	100x-SRR1734616	100x-SRR1734617	100x-SRR1734618	100x-SRR1734619	100x-SRR1734620
100x-SRR1734599	0	0.792066	0.852167	0.845994	0.826991	0.823129	0.819656	0.838736	0.84664	0.805408	0.836711	0.827516	0.811896	0.7758	0.786006	0.846641	0.852166	0.834875	0.817343	0.807961
100x-SRR1734600	0.792066	0	0.817082	0.849989	0.832491	0.839028	0.838894	0.85456	0.852315	0.838293	0.843858	0.841193	0.308628	0.810848	0.818048	0.849663	0.858388	0.845757	0.836801	0.836511
100x-SRR1734601	0.852167	0.817082	0	0.887062	0.885741	0.874017	0.883843	0.889575	0.901265	0.867471	0.885975	0.884397	0.82979	0.855205	0.841129	0.890521	0.901054	0.890552	0.876022	0.874103
100x-SRR1734602	0.845994	0.849989	0.887062	0	0.726017	0.673539	0.661792	0.672767	0.697113	0.691725	0.690972	0.673102	0.860439	0.831312	0.856223	0.726155	0.684713	0.665777	0.66519	0.679568
100x-SRR1734603	0.826991	0.832491	0.885741	0.726017	0	0.71952	0.738467	0.7522	0.783622	0.768405	0.738834	0.759521	0.843626	0.832029	0.836767	0.67925	0.767755	0.744969	0.748975	0.75703
100x-SRR1734604	0.823129	0.839028	0.874017	0.673539	0.71952	0	0.666734	0.672344	0.708052	0.661392	0.66742	0.667169	0.850366	0.804915	0.845838	0.703172	0.691054	0.679872	0.65699	0.660595
100x-SRR1734607	0.819656	0.838894	0.883843	0.661792	0.738467	0.666734	0	0.403982	0.454344	0.418786	0.664443	0.430847	0.855117	0.818043	0.856196	0.740609	0.447524	0.270571	0.366492	0.387452
100x-SRR1734608	0.838736	0.85456	0.889575	0.672767	0.7522	0.672344	0.403982	0	0.46299	0.436838	0.673763	0.356252	0.865012	0.822066	0.85895	0.744313	0.336965	0.405722	0.344117	0.393002
100x-SRR1734609	0.84664	0.852315	0.901265	0.697113	0.783622	0.708052	0.454344	0.46299	0	0.450266	0.693798	0.331405	0.860809	0.806335	0.865567	0.761105	0.379674	0.444157	0.360823	0.410442
100x-SRR1734610	0.805408	0.838293	0.867471	0.691725	0.768405	0.661392	0.418786	0.436838	0.450266	0	0.679609	0.387792	0.858122	0.799215	0.854304	0.762136	0.47625	0.467208	0.328976	0.288099
100x-SRR1734611	0.836711	0.843858	0.885975	0.690972	0.738834	0.66742	0.664443	0.673763	0.693798	0.679609	0	0.66344	0.841037	0.804594	0.846742	0.726772	0.674182	0.664687	0.663241	0.676289
100x-SRR1734612	0.827516	0.841193	0.884397	0.673102	0.759521	0.667169	0.430847	0.356252	0.331405	0.387792	0.66344	0	0.847504	0.792978	0.849106	0.734358	0.299404	0.430602	0.31974	0.350242
100x-SRR1734613	0.811896	0.308628	0.82979	0.860439	0.843626	0.850366	0.855117	0.865012	0.860809	0.858122	0.841037	0.847504	0	0.814268	0.811347	0.845555	0.860611	0.853978	0.854701	0.857462
100x-SRR1734614	0.7758	0.810848	0.855205	0.831312	0.832029	0.804915	0.818043	0.822066	0.806335	0.799215	0.804594	0.792978	0.814268	0	0.804753	0.819819	0.815228	0.820239	0.798026	0.805378
100x-SRR1734615	0.786006	0.818048	0.841129	0.856223	0.836767	0.845838	0.856196	0.85895	0.865567	0.854304	0.846742	0.849106	0.811347	0.804753	0	0.837563	0.861357	0.855168	0.850913	0.858129
100x-SRR1734616	0.846641	0.849663	0.890521	0.726155	0.67925	0.703172	0.740609	0.744313	0.761105	0.762136	0.726772	0.734358	0.845555	0.819819	0.837563	0	0.741646	0.737411	0.741649	0.752339
100x-SRR1734617	0.852166	0.858388	0.901054	0.684713	0.767755	0.691054	0.447524	0.336965	0.379674	0.47625	0.674182	0.299404	0.860611	0.815228	0.861357	0.741646	0	0.429857	0.363832	0.420122
100x-SRR1734618	0.834875	0.845757	0.890552	0.665777	0.744969	0.679872	0.270571	0.405722	0.444157	0.467208	0.664687	0.430602	0.853978	0.820239	0.855168	0.737411	0.429857	0	0.386974	0.433374
100x-SRR1734619	0.817343	0.836801	0.876022	0.66519	0.748975	0.65699	0.366492	0.344117	0.360823	0.328976	0.663241	0.31974	0.854701	0.798026	0.850913	0.741649	0.363832	0.386974	0	0.286796
100x-SRR1734620	0.807961	0.836511	0.874103	0.679568	0.75703	0.660595	0.387452	0.393002	0.410442	0.288099	0.676289	0.350242	0.857462	0.805378	0.858129	0.752339	0.420122	0.433374	0.286796	0
