	100x-SRR1734599	100x-SRR1734600	100x-SRR1734601	100x-SRR1734602	100x-SRR1734603	100x-SRR1734604	100x-SRR1734607	100x-SRR1734608	100x-SRR1734609	100x-SRR1734610	100x-SRR1734611	100x-SRR1734612	100x-SRR1734613	100x-SRR1734614	100x-SRR1734615	100x-SRR1734616	100x-SRR1734617	100x-SRR1734618	100x-SRR1734619	100x-SRR1734620
100x-SRR1734599	0	0.755908	0.809187	0.841134	0.761401	0.815833	0.832014	0.871696	0.806721	0.792736	0.825364	0.766369	0.816687	0.72157	0.77109	0.856469	0.853962	0.784793	0.820126	0.77999
100x-SRR1734600	0.755908	0	0.781328	0.837984	0.780275	0.82696	0.840029	0.872885	0.817717	0.819633	0.830151	0.803291	0.339918	0.766869	0.805016	0.850452	0.852923	0.801883	0.831652	0.809346
100x-SRR1734601	0.809187	0.781328	0	0.873668	0.830793	0.860852	0.883783	0.907715	0.866323	0.849617	0.870435	0.840543	0.82604	0.805504	0.825232	0.890043	0.895399	0.849214	0.87085	0.847107
100x-SRR1734602	0.841134	0.837984	0.873668	0	0.720559	0.675818	0.671238	0.694637	0.703045	0.669398	0.692653	0.723159	0.866456	0.817636	0.853279	0.735091	0.690442	0.66596	0.669126	0.677267
100x-SRR1734603	0.761401	0.780275	0.830793	0.720559	0	0.702015	0.744562	0.78675	0.738333	0.718487	0.723311	0.7147	0.833233	0.763429	0.810632	0.696535	0.770847	0.704429	0.738445	0.710489
100x-SRR1734604	0.815833	0.82696	0.860852	0.675818	0.702015	0	0.683888	0.70284	0.716822	0.663412	0.673021	0.708518	0.860226	0.788076	0.844265	0.715859	0.69997	0.672825	0.674039	0.670449
100x-SRR1734607	0.832014	0.840029	0.883783	0.671238	0.744562	0.683888	0	0.424717	0.497359	0.376112	0.675084	0.573113	0.87124	0.820335	0.861797	0.756334	0.455077	0.326022	0.37448	0.412002
100x-SRR1734608	0.871696	0.872885	0.907715	0.694637	0.78675	0.70284	0.424717	0	0.537869	0.39298	0.699152	0.591779	0.887526	0.849643	0.876837	0.765972	0.354274	0.489765	0.358527	0.439979
100x-SRR1734609	0.806721	0.817717	0.866323	0.703045	0.738333	0.716822	0.497359	0.537869	0	0.437	0.697541	0.377497	0.866865	0.757007	0.856463	0.778875	0.419887	0.412324	0.39751	0.401708
100x-SRR1734610	0.792736	0.819633	0.849617	0.669398	0.718487	0.663412	0.376112	0.39298	0.437	0	0.664335	0.444826	0.866386	0.773661	0.846268	0.7554	0.407642	0.373191	0.29443	0.284319
100x-SRR1734611	0.825364	0.830151	0.870435	0.692653	0.723311	0.673021	0.675084	0.699152	0.697541	0.664335	0	0.705857	0.847616	0.786957	0.842879	0.736371	0.68029	0.661477	0.671033	0.675182
100x-SRR1734612	0.766369	0.803291	0.840543	0.723159	0.7147	0.708518	0.573113	0.591779	0.377497	0.444826	0.705857	0	0.871863	0.725139	0.853341	0.795994	0.500915	0.443727	0.477697	0.399513
100x-SRR1734613	0.816687	0.339918	0.82604	0.866456	0.833233	0.860226	0.87124	0.887526	0.866865	0.866386	0.847616	0.871863	0	0.813001	0.812148	0.857579	0.870204	0.849198	0.869428	0.866455
100x-SRR1734614	0.72157	0.766869	0.805504	0.817636	0.763429	0.788076	0.820335	0.849643	0.757007	0.773661	0.786957	0.725139	0.813001	0	0.789833	0.824856	0.812024	0.763	0.791795	0.76579
100x-SRR1734615	0.77109	0.805016	0.825232	0.853279	0.810632	0.844265	0.861797	0.876837	0.856463	0.846268	0.842879	0.853341	0.812148	0.789833	0	0.841727	0.862584	0.838625	0.854259	0.851112
100x-SRR1734616	0.856469	0.850452	0.890043	0.735091	0.696535	0.715859	0.756334	0.765972	0.778875	0.7554	0.736371	0.795994	0.857579	0.824856	0.841727	0	0.752681	0.748052	0.754005	0.763317
100x-SRR1734617	0.853962	0.852923	0.895399	0.690442	0.770847	0.69997	0.455077	0.354274	0.419887	0.407642	0.68029	0.500915	0.870204	0.812024	0.862584	0.752681	0	0.46151	0.350719	0.417979
100x-SRR1734618	0.784793	0.801883	0.849214	0.66596	0.704429	0.672825	0.326022	0.489765	0.412324	0.373191	0.661477	0.443727	0.849198	0.763	0.838625	0.748052	0.46151	0	0.389068	0.375933
100x-SRR1734619	0.820126	0.831652	0.87085	0.669126	0.738445	0.674039	0.37448	0.358527	0.39751	0.29443	0.671033	0.477697	0.869428	0.791795	0.854259	0.754005	0.350719	0.389068	0	0.310884
100x-SRR1734620	0.77999	0.809346	0.847107	0.677267	0.710489	0.670449	0.412002	0.439979	0.401708	0.284319	0.675182	0.399513	0.866455	0.76579	0.851112	0.763317	0.417979	0.375933	0.310884	0
