	SRR1734599	SRR1734600	SRR1734601	SRR1734602	SRR1734603	SRR1734604	SRR1734607	SRR1734608	SRR1734609	SRR1734610	SRR1734611	SRR1734612	SRR1734613	SRR1734614	SRR1734615	SRR1734616	SRR1734617	SRR1734618	SRR1734619	SRR1734620
SRR1734599	6.11503e+09	2.76811e+09	2.30701e+09	2.12753e+09	2.55882e+09	1.86183e+09	1.84648e+09	2.07071e+09	1.47212e+09	1.13482e+09	2.0421e+09	1.52026e+09	2.81752e+09	2.83983e+09	3.31228e+09	2.40113e+09	1.9763e+09	1.99547e+09	1.56649e+09	1.37208e+09
SRR1734600	2.76811e+09	7.57804e+09	2.97988e+09	2.26225e+09	2.66881e+09	1.86892e+09	1.81984e+09	2.02273e+09	1.51283e+09	1.07875e+09	2.16387e+09	1.51302e+09	7.35193e+09	2.63611e+09	3.18772e+09	2.49383e+09	1.99054e+09	1.99826e+09	1.53398e+09	1.31983e+09
SRR1734601	2.30701e+09	2.97988e+09	7.2801e+09	2.14546e+09	2.33328e+09	1.7532e+09	1.64503e+09	1.91103e+09	1.33294e+09	1.02191e+09	1.86933e+09	1.38277e+09	3.06894e+09	2.32794e+09	3.14568e+09	2.35003e+09	1.82752e+09	1.80988e+09	1.41968e+09	1.22353e+09
SRR1734602	2.12753e+09	2.26225e+09	2.14546e+09	8.24727e+09	4.31496e+09	3.81779e+09	4.13185e+09	4.67411e+09	3.45169e+09	2.53435e+09	4.06848e+09	3.49031e+09	2.34954e+09	2.44323e+09	2.68342e+09	4.38404e+09	4.53872e+09	4.51586e+09	3.57063e+09	3.03559e+09
SRR1734603	2.55882e+09	2.66881e+09	2.33328e+09	4.31496e+09	8.82122e+09	3.51957e+09	3.41705e+09	3.80858e+09	2.69321e+09	2.02421e+09	3.77643e+09	2.76511e+09	2.76321e+09	2.63417e+09	3.18172e+09	5.13787e+09	3.6329e+09	3.71606e+09	2.86162e+09	2.45697e+09
SRR1734604	1.86183e+09	1.86892e+09	1.7532e+09	3.81779e+09	3.51957e+09	5.85432e+09	3.25062e+09	3.79713e+09	2.60517e+09	2.02481e+09	3.53615e+09	2.77847e+09	1.94584e+09	2.13668e+09	2.16651e+09	3.79687e+09	3.64866e+09	3.53867e+09	2.84165e+09	2.43646e+09
SRR1734607	1.84648e+09	1.81984e+09	1.64503e+09	4.13185e+09	3.41705e+09	3.25062e+09	7.0062e+09	6.66844e+09	5.09009e+09	3.88487e+09	3.82249e+09	4.97346e+09	1.86564e+09	2.07937e+09	2.10713e+09	3.48374e+09	6.40019e+09	7.1677e+09	5.33022e+09	4.60804e+09
SRR1734608	2.07071e+09	2.02273e+09	1.91103e+09	4.67411e+09	3.80858e+09	3.79713e+09	6.66844e+09	9.116e+09	5.88454e+09	4.57289e+09	4.31094e+09	6.31123e+09	2.10001e+09	2.41791e+09	2.42859e+09	4.01953e+09	8.20087e+09	7.27782e+09	6.36447e+09	5.45238e+09
SRR1734609	1.47212e+09	1.51283e+09	1.33294e+09	3.45169e+09	2.69321e+09	2.60517e+09	5.09009e+09	5.88454e+09	5.76019e+09	3.3727e+09	3.1857e+09	4.92709e+09	1.60232e+09	1.8616e+09	1.80292e+09	2.95016e+09	6.29602e+09	5.67808e+09	4.89431e+09	4.09705e+09
SRR1734610	1.13482e+09	1.07875e+09	1.02191e+09	2.53435e+09	2.02421e+09	2.02481e+09	3.88487e+09	4.57289e+09	3.3727e+09	3.00336e+09	2.36277e+09	3.47566e+09	1.10008e+09	1.33396e+09	1.29844e+09	2.14626e+09	4.38117e+09	4.15329e+09	3.68416e+09	3.24398e+09
SRR1734611	2.0421e+09	2.16387e+09	1.86933e+09	4.06848e+09	3.77643e+09	3.53615e+09	3.82249e+09	4.31094e+09	3.1857e+09	2.36277e+09	7.16972e+09	3.26791e+09	2.34591e+09	2.42008e+09	2.46483e+09	3.93722e+09	4.3097e+09	4.22088e+09	3.30665e+09	2.8156e+09
SRR1734612	1.52026e+09	1.51302e+09	1.38277e+09	3.49031e+09	2.76511e+09	2.77847e+09	4.97346e+09	6.31123e+09	4.92709e+09	3.47566e+09	3.26791e+09	5.42654e+09	1.61308e+09	1.8983e+09	1.84059e+09	3.05473e+09	6.51993e+09	5.49905e+09	4.88925e+09	4.17915e+09
SRR1734613	2.81752e+09	7.35193e+09	3.06894e+09	2.34954e+09	2.76321e+09	1.94584e+09	1.86564e+09	2.10001e+09	1.60232e+09	1.10008e+09	2.34591e+09	1.61308e+09	8.38019e+09	2.80044e+09	3.44716e+09	2.70434e+09	2.13483e+09	2.09546e+09	1.56773e+09	1.33505e+09
SRR1734614	2.83983e+09	2.63611e+09	2.32794e+09	2.44323e+09	2.63417e+09	2.13668e+09	2.07937e+09	2.41791e+09	1.8616e+09	1.33396e+09	2.42008e+09	1.8983e+09	2.80044e+09	6.7536e+09	3.09384e+09	2.77523e+09	2.45362e+09	2.31249e+09	1.86193e+09	1.58072e+09
SRR1734615	3.31228e+09	3.18772e+09	3.14568e+09	2.68342e+09	3.18172e+09	2.16651e+09	2.10713e+09	2.42859e+09	1.80292e+09	1.29844e+09	2.46483e+09	1.84059e+09	3.44716e+09	3.09384e+09	8.65418e+09	3.15221e+09	2.4139e+09	2.35755e+09	1.81892e+09	1.54271e+09
SRR1734616	2.40113e+09	2.49383e+09	2.35003e+09	4.38404e+09	5.13787e+09	3.79687e+09	3.48374e+09	4.01953e+09	2.95016e+09	2.14626e+09	3.93722e+09	3.05473e+09	2.70434e+09	2.77523e+09	3.15221e+09	9.0335e+09	4.01174e+09	3.87172e+09	3.03015e+09	2.58653e+09
SRR1734617	1.9763e+09	1.99054e+09	1.82752e+09	4.53872e+09	3.6329e+09	3.64866e+09	6.40019e+09	8.20087e+09	6.29602e+09	4.38117e+09	4.3097e+09	6.51993e+09	2.13483e+09	2.45362e+09	2.4139e+09	4.01174e+09	9.08316e+09	7.11291e+09	6.2592e+09	5.30814e+09
SRR1734618	1.99547e+09	1.99826e+09	1.80988e+09	4.51586e+09	3.71606e+09	3.53867e+09	7.1677e+09	7.27782e+09	5.67808e+09	4.15329e+09	4.22088e+09	5.49905e+09	2.09546e+09	2.31249e+09	2.35755e+09	3.87172e+09	7.11291e+09	8.36676e+09	5.79684e+09	4.93084e+09
SRR1734619	1.56649e+09	1.53398e+09	1.41968e+09	3.57063e+09	2.86162e+09	2.84165e+09	5.33022e+09	6.36447e+09	4.89431e+09	3.68416e+09	3.30665e+09	4.88925e+09	1.56773e+09	1.86193e+09	1.81892e+09	3.03015e+09	6.2592e+09	5.79684e+09	5.48752e+09	4.41268e+09
SRR1734620	1.37208e+09	1.31983e+09	1.22353e+09	3.03559e+09	2.45697e+09	2.43646e+09	4.60804e+09	5.45238e+09	4.09705e+09	3.24398e+09	2.8156e+09	4.17915e+09	1.33505e+09	1.58072e+09	1.54271e+09	2.58653e+09	5.30814e+09	4.93084e+09	4.41268e+09	4.17702e+09
