	100x-SRR1734599	100x-SRR1734600	100x-SRR1734601	100x-SRR1734602	100x-SRR1734603	100x-SRR1734604	100x-SRR1734607	100x-SRR1734608	100x-SRR1734609	100x-SRR1734610	100x-SRR1734611	100x-SRR1734612	100x-SRR1734613	100x-SRR1734614	100x-SRR1734615	100x-SRR1734616	100x-SRR1734617	100x-SRR1734618	100x-SRR1734619	100x-SRR1734620
100x-SRR1734599	0	1.10042	1.15312	1.19106	1.14365	1.1793	1.20383	1.20904	1.22951	1.20813	1.17991	1.22339	1.11217	1.06609	1.04255	1.17117	1.21797	1.20714	1.21044	1.20756
100x-SRR1734600	1.10042	0	1.09905	1.19375	1.16435	1.1984	1.22365	1.22937	1.24124	1.23515	1.18831	1.24514	0.411295	1.13341	1.10802	1.182	1.2327	1.2251	1.23163	1.23326
100x-SRR1734601	1.15312	1.09905	0	1.20291	1.19354	1.21119	1.24213	1.23986	1.26418	1.24345	1.21952	1.26311	1.10715	1.16369	1.1039	1.19391	1.24871	1.24753	1.24563	1.24755
100x-SRR1734602	1.19106	1.19375	1.20291	0	1.00872	0.941779	0.947706	0.953303	1.00129	0.963642	0.966796	1.01263	1.19586	1.15974	1.16743	0.989041	0.970487	0.962765	0.958039	0.973665
100x-SRR1734603	1.14365	1.16435	1.19354	1.00872	0	1.02274	1.08166	1.09388	1.13477	1.09882	1.03823	1.13835	1.17278	1.15321	1.12841	0.93947	1.11106	1.09496	1.09946	1.1032
100x-SRR1734604	1.1793	1.1984	1.21119	0.941779	1.02274	0	0.981208	0.970857	1.05181	0.987102	0.94944	1.04197	1.19915	1.14825	1.1779	0.975265	0.992942	1.00238	0.985217	0.997217
100x-SRR1734607	1.20383	1.22365	1.24213	0.947706	1.08166	0.981208	0	0.57163	0.645129	0.514107	0.952507	0.697996	1.22677	1.18214	1.20488	1.05334	0.625185	0.388969	0.521045	0.544637
100x-SRR1734608	1.20904	1.22937	1.23986	0.953303	1.09388	0.970857	0.57163	0	0.639734	0.452444	0.960224	0.604992	1.22817	1.18058	1.20383	1.04758	0.441334	0.611126	0.437258	0.492322
100x-SRR1734609	1.22951	1.24124	1.26418	1.00129	1.13477	1.05181	0.645129	0.639734	0	0.599287	1.00758	0.534227	1.24141	1.18314	1.22196	1.08988	0.527269	0.598343	0.520796	0.568756
100x-SRR1734610	1.20813	1.23515	1.24345	0.963642	1.09882	0.987102	0.514107	0.452444	0.599287	0	0.96581	0.567916	1.2391	1.17846	1.2116	1.06123	0.519161	0.542818	0.38614	0.384909
100x-SRR1734611	1.17991	1.18831	1.21952	0.966796	1.03823	0.94944	0.952507	0.960224	1.00758	0.96581	0	1.01116	1.17962	1.14272	1.17121	1.00786	0.961339	0.964175	0.963521	0.978062
100x-SRR1734612	1.22339	1.24514	1.26311	1.01263	1.13835	1.04197	0.697996	0.604992	0.534227	0.567916	1.01116	0	1.24801	1.17466	1.22313	1.09453	0.524246	0.628726	0.557206	0.537892
100x-SRR1734613	1.11217	0.411295	1.10715	1.19586	1.17278	1.19915	1.22677	1.22817	1.24141	1.2391	1.17962	1.24801	0	1.12983	1.09106	1.17193	1.22672	1.22714	1.23506	1.24105
100x-SRR1734614	1.06609	1.13341	1.16369	1.15974	1.15321	1.14825	1.18214	1.18058	1.18314	1.17846	1.14272	1.17466	1.12983	0	1.10108	1.13921	1.17471	1.1765	1.17735	1.1802
100x-SRR1734615	1.04255	1.10802	1.1039	1.16743	1.12841	1.1779	1.20488	1.20383	1.22196	1.2116	1.17121	1.22313	1.09106	1.10108	0	1.13328	1.20541	1.20669	1.20997	1.21647
100x-SRR1734616	1.17117	1.182	1.19391	0.989041	0.93947	0.975265	1.05334	1.04758	1.08988	1.06123	1.00786	1.09453	1.17193	1.13921	1.13328	0	1.05065	1.05979	1.05777	1.06943
100x-SRR1734617	1.21797	1.2327	1.24871	0.970487	1.11106	0.992942	0.625185	0.441334	0.527269	0.519161	0.961339	0.524246	1.22672	1.17471	1.20541	1.05065	0	0.622121	0.461902	0.518765
100x-SRR1734618	1.20714	1.2251	1.24753	0.962765	1.09496	1.00238	0.388969	0.611126	0.598343	0.542818	0.964175	0.628726	1.22714	1.1765	1.20669	1.05979	0.622121	0	0.542446	0.556827
100x-SRR1734619	1.21044	1.23163	1.24563	0.958039	1.09946	0.985217	0.521045	0.437258	0.520796	0.38614	0.963521	0.557206	1.23506	1.17735	1.20997	1.05777	0.461902	0.542446	0	0.393326
100x-SRR1734620	1.20756	1.23326	1.24755	0.973665	1.1032	0.997217	0.544637	0.492322	0.568756	0.384909	0.978062	0.537892	1.24105	1.1802	1.21647	1.06943	0.518765	0.556827	0.393326	0
