	SRR1734599	SRR1734600	SRR1734601	SRR1734602	SRR1734603	SRR1734604	SRR1734607	SRR1734608	SRR1734609	SRR1734610	SRR1734611	SRR1734612	SRR1734613	SRR1734614	SRR1734615	SRR1734616	SRR1734617	SRR1734618	SRR1734619	SRR1734620
SRR1734599	3.72876e+09	1.76446e+09	1.4423e+09	1.64375e+09	1.41346e+09	1.53786e+09	1.65431e+09	1.96549e+09	1.03062e+09	1.26986e+09	1.60115e+09	7.52365e+08	2.23781e+09	1.63522e+09	2.49113e+09	1.97353e+09	1.60622e+09	1.16669e+09	1.45509e+09	1.16189e+09
SRR1734600	1.76446e+09	5.36378e+09	2.04416e+09	1.94971e+09	1.57824e+09	1.70694e+09	1.81083e+09	2.14028e+09	1.16273e+09	1.33697e+09	1.85751e+09	8.06125e+08	6.43961e+09	1.62495e+09	2.52702e+09	2.27105e+09	1.79178e+09	1.28668e+09	1.57637e+09	1.23215e+09
SRR1734601	1.4423e+09	2.04416e+09	4.96659e+09	1.8045e+09	1.3564e+09	1.55273e+09	1.58451e+09	1.95029e+09	9.78827e+08	1.23071e+09	1.55896e+09	6.97937e+08	2.62043e+09	1.4116e+09	2.4604e+09	2.08273e+09	1.5816e+09	1.10053e+09	1.40795e+09	1.09796e+09
SRR1734602	1.64375e+09	1.94971e+09	1.8045e+09	8.57564e+09	3.04306e+09	4.2607e+09	5.01886e+09	6.04332e+09	3.19246e+09	3.81779e+09	4.25581e+09	2.20934e+09	2.53469e+09	1.8812e+09	2.63596e+09	4.86693e+09	4.98986e+09	3.4977e+09	4.46501e+09	3.42121e+09
SRR1734603	1.41346e+09	1.57824e+09	1.3564e+09	3.04306e+09	4.47466e+09	2.63789e+09	2.73096e+09	3.21413e+09	1.64685e+09	2.04012e+09	2.66088e+09	1.15307e+09	2.00655e+09	1.39024e+09	2.17182e+09	3.84453e+09	2.60769e+09	1.88609e+09	2.35805e+09	1.83932e+09
SRR1734604	1.53786e+09	1.70694e+09	1.55273e+09	4.2607e+09	2.63789e+09	6.83477e+09	4.21779e+09	5.22816e+09	2.55366e+09	3.26274e+09	3.91797e+09	1.85038e+09	2.23157e+09	1.74746e+09	2.2626e+09	4.46e+09	4.26909e+09	2.89606e+09	3.79159e+09	2.9195e+09
SRR1734607	1.65431e+09	1.81083e+09	1.58451e+09	5.01886e+09	2.73096e+09	4.21779e+09	9.67734e+09	9.84393e+09	5.38513e+09	6.57023e+09	4.6373e+09	3.64309e+09	2.33879e+09	1.83833e+09	2.40974e+09	4.5056e+09	8.06082e+09	6.4012e+09	7.57613e+09	5.88473e+09
SRR1734608	1.96549e+09	2.14028e+09	1.95029e+09	6.04332e+09	3.21413e+09	5.22816e+09	9.84393e+09	1.43062e+10	6.57624e+09	8.26281e+09	5.56216e+09	4.78432e+09	2.82395e+09	2.24889e+09	2.94334e+09	5.55273e+09	1.09951e+10	6.84762e+09	9.63943e+09	7.3829e+09
SRR1734609	1.03062e+09	1.16273e+09	9.78827e+08	3.19246e+09	1.64685e+09	2.55366e+09	5.38513e+09	6.57624e+09	4.77851e+09	4.36462e+09	2.93668e+09	2.90148e+09	1.52348e+09	1.28673e+09	1.56529e+09	2.88766e+09	6.06153e+09	3.99514e+09	5.32452e+09	4.06999e+09
SRR1734610	1.26986e+09	1.33697e+09	1.23071e+09	3.81779e+09	2.04012e+09	3.26274e+09	6.57023e+09	8.26281e+09	4.36462e+09	5.9227e+09	3.54311e+09	3.16028e+09	1.71729e+09	1.4589e+09	1.82928e+09	3.45877e+09	6.78158e+09	4.61944e+09	6.34657e+09	5.005e+09
SRR1734611	1.60115e+09	1.85751e+09	1.55896e+09	4.25581e+09	2.66088e+09	3.91797e+09	4.6373e+09	5.56216e+09	2.93668e+09	3.54311e+09	7.44404e+09	2.06469e+09	2.52135e+09	1.85754e+09	2.42188e+09	4.36766e+09	4.72665e+09	3.25052e+09	4.11951e+09	3.1615e+09
SRR1734612	7.52365e+08	8.06125e+08	6.97937e+08	2.20934e+09	1.15307e+09	1.85038e+09	3.64309e+09	4.78432e+09	2.90148e+09	3.16028e+09	2.06469e+09	2.39707e+09	1.04041e+09	9.41689e+08	1.10239e+09	2.01964e+09	4.30108e+09	2.76536e+09	3.68554e+09	2.94135e+09
SRR1734613	2.23781e+09	6.43961e+09	2.62043e+09	2.53469e+09	2.00655e+09	2.23157e+09	2.33879e+09	2.82395e+09	1.52348e+09	1.71729e+09	2.52135e+09	1.04041e+09	9.2259e+09	2.15525e+09	3.47428e+09	3.0955e+09	2.42193e+09	1.67054e+09	2.03124e+09	1.55099e+09
SRR1734614	1.63522e+09	1.62495e+09	1.4116e+09	1.8812e+09	1.39024e+09	1.74746e+09	1.83833e+09	2.24889e+09	1.28673e+09	1.4589e+09	1.85754e+09	9.41689e+08	2.15525e+09	3.84753e+09	2.18276e+09	2.24033e+09	1.95852e+09	1.34458e+09	1.69646e+09	1.32257e+09
SRR1734615	2.49113e+09	2.52702e+09	2.4604e+09	2.63596e+09	2.17182e+09	2.2626e+09	2.40974e+09	2.94334e+09	1.56529e+09	1.82928e+09	2.42188e+09	1.10239e+09	3.47428e+09	2.18276e+09	7.98459e+09	3.28922e+09	2.48889e+09	1.71063e+09	2.13382e+09	1.63245e+09
SRR1734616	1.97353e+09	2.27105e+09	2.08273e+09	4.86693e+09	3.84453e+09	4.46e+09	4.5056e+09	5.55273e+09	2.88766e+09	3.45877e+09	4.36766e+09	2.01964e+09	3.0955e+09	2.24033e+09	3.28922e+09	1.05821e+10	4.69431e+09	3.17485e+09	4.03851e+09	3.0936e+09
SRR1734617	1.60622e+09	1.79178e+09	1.5816e+09	4.98986e+09	2.60769e+09	4.26909e+09	8.06082e+09	1.09951e+10	6.06153e+09	6.78158e+09	4.72665e+09	4.30108e+09	2.42193e+09	1.95852e+09	2.48889e+09	4.69431e+09	1.03722e+10	5.78199e+09	8.10722e+09	6.19076e+09
SRR1734618	1.16669e+09	1.28668e+09	1.10053e+09	3.4977e+09	1.88609e+09	2.89606e+09	6.4012e+09	6.84762e+09	3.99514e+09	4.61944e+09	3.25052e+09	2.76536e+09	1.67054e+09	1.34458e+09	1.71063e+09	3.17485e+09	5.78199e+09	4.95556e+09	5.35007e+09	4.1779e+09
SRR1734619	1.45509e+09	1.57637e+09	1.40795e+09	4.46501e+09	2.35805e+09	3.79159e+09	7.57613e+09	9.63943e+09	5.32452e+09	6.34657e+09	4.11951e+09	3.68554e+09	2.03124e+09	1.69646e+09	2.13382e+09	4.03851e+09	8.10722e+09	5.35007e+09	7.94062e+09	5.77474e+09
SRR1734620	1.16189e+09	1.23215e+09	1.09796e+09	3.42121e+09	1.83932e+09	2.9195e+09	5.88473e+09	7.3829e+09	4.06999e+09	5.005e+09	3.1615e+09	2.94135e+09	1.55099e+09	1.32257e+09	1.63245e+09	3.0936e+09	6.19076e+09	4.1779e+09	5.77474e+09	4.93332e+09
