	100x-SRR1734599	100x-SRR1734600	100x-SRR1734601	100x-SRR1734602	100x-SRR1734603	100x-SRR1734604	100x-SRR1734607	100x-SRR1734608	100x-SRR1734609	100x-SRR1734610	100x-SRR1734611	100x-SRR1734612	100x-SRR1734613	100x-SRR1734614	100x-SRR1734615	100x-SRR1734616	100x-SRR1734617	100x-SRR1734618	100x-SRR1734619	100x-SRR1734620
100x-SRR1734599	2.17261e+10	1.59663e+10	1.49104e+10	1.53665e+10	1.62054e+10	1.4039e+10	1.47807e+10	1.56809e+10	1.31594e+10	1.148e+10	1.46899e+10	1.33686e+10	1.61598e+10	1.58952e+10	1.70513e+10	1.59634e+10	1.53724e+10	1.54077e+10	1.35883e+10	1.25193e+10
100x-SRR1734600	1.59663e+10	2.49104e+10	1.66998e+10	1.63673e+10	1.72321e+10	1.47323e+10	1.54466e+10	1.64437e+10	1.39849e+10	1.18009e+10	1.55842e+10	1.40664e+10	2.45811e+10	1.63432e+10	1.75792e+10	1.7025e+10	1.63229e+10	1.62667e+10	1.41984e+10	1.29382e+10
100x-SRR1734601	1.49104e+10	1.66998e+10	2.52259e+10	1.56404e+10	1.61269e+10	1.41397e+10	1.46156e+10	1.57516e+10	1.31246e+10	1.14197e+10	1.47954e+10	1.33386e+10	1.70313e+10	1.55411e+10	1.71811e+10	1.61794e+10	1.54498e+10	1.53783e+10	1.35495e+10	1.23759e+10
100x-SRR1734602	1.53665e+10	1.63673e+10	1.56404e+10	2.63573e+10	1.9976e+10	1.80809e+10	1.91466e+10	2.06133e+10	1.71016e+10	1.42371e+10	1.89511e+10	1.73188e+10	1.67214e+10	1.63904e+10	1.7214e+10	2.01793e+10	2.03525e+10	2.02757e+10	1.75012e+10	1.5744e+10
100x-SRR1734603	1.62054e+10	1.72321e+10	1.61269e+10	1.9976e+10	2.79146e+10	1.78366e+10	1.83498e+10	1.96618e+10	1.61105e+10	1.35735e+10	1.86264e+10	1.63967e+10	1.75997e+10	1.68523e+10	1.81759e+10	2.16964e+10	1.92952e+10	1.93686e+10	1.66407e+10	1.50303e+10
100x-SRR1734604	1.4039e+10	1.47323e+10	1.41397e+10	1.80809e+10	1.78366e+10	2.07486e+10	1.69164e+10	1.82958e+10	1.50192e+10	1.29726e+10	1.71676e+10	1.54451e+10	1.50389e+10	1.50221e+10	1.54862e+10	1.83034e+10	1.79548e+10	1.77703e+10	1.5636e+10	1.41997e+10
100x-SRR1734607	1.47807e+10	1.54466e+10	1.46156e+10	1.91466e+10	1.83498e+10	1.69164e+10	2.28016e+10	2.27585e+10	1.8843e+10	1.58799e+10	1.80428e+10	1.88932e+10	1.56654e+10	1.54997e+10	1.60115e+10	1.84987e+10	2.22502e+10	2.33414e+10	1.94987e+10	1.76109e+10
100x-SRR1734608	1.56809e+10	1.64437e+10	1.57516e+10	2.06133e+10	1.96618e+10	1.82958e+10	2.27585e+10	2.69314e+10	2.03879e+10	1.71121e+10	1.94519e+10	2.11975e+10	1.67966e+10	1.67614e+10	1.73363e+10	2.0028e+10	2.53467e+10	2.41639e+10	2.13716e+10	1.90946e+10
100x-SRR1734609	1.31594e+10	1.39849e+10	1.31246e+10	1.71016e+10	1.61105e+10	1.50192e+10	1.8843e+10	2.03879e+10	1.93624e+10	1.4414e+10	1.62012e+10	1.81375e+10	1.43246e+10	1.44871e+10	1.45667e+10	1.66852e+10	2.11431e+10	2.01242e+10	1.80078e+10	1.60676e+10
100x-SRR1734610	1.148e+10	1.18009e+10	1.14197e+10	1.42371e+10	1.35735e+10	1.29726e+10	1.58799e+10	1.71121e+10	1.4414e+10	1.32877e+10	1.35934e+10	1.47029e+10	1.19101e+10	1.21029e+10	1.22541e+10	1.38068e+10	1.67349e+10	1.64768e+10	1.50931e+10	1.39316e+10
100x-SRR1734611	1.46899e+10	1.55842e+10	1.47954e+10	1.89511e+10	1.86264e+10	1.71676e+10	1.80428e+10	1.94519e+10	1.62012e+10	1.35934e+10	2.35116e+10	1.64938e+10	1.62068e+10	1.59972e+10	1.64655e+10	1.90473e+10	1.94021e+10	1.91677e+10	1.6557e+10	1.49128e+10
100x-SRR1734612	1.33686e+10	1.40664e+10	1.33386e+10	1.73188e+10	1.63967e+10	1.54451e+10	1.88932e+10	2.11975e+10	1.81375e+10	1.47029e+10	1.64938e+10	1.90219e+10	1.44544e+10	1.45864e+10	1.47639e+10	1.70034e+10	2.15718e+10	2.00776e+10	1.81157e+10	1.63239e+10
100x-SRR1734613	1.61598e+10	2.45811e+10	1.70313e+10	1.67214e+10	1.75997e+10	1.50389e+10	1.56654e+10	1.67966e+10	1.43246e+10	1.19101e+10	1.62068e+10	1.44544e+10	2.67428e+10	1.68636e+10	1.83637e+10	1.77362e+10	1.68615e+10	1.66711e+10	1.43687e+10	1.30397e+10
100x-SRR1734614	1.58952e+10	1.63432e+10	1.55411e+10	1.63904e+10	1.68523e+10	1.50221e+10	1.54997e+10	1.67614e+10	1.44871e+10	1.21029e+10	1.59972e+10	1.45864e+10	1.68636e+10	2.37964e+10	1.74602e+10	1.72887e+10	1.6866e+10	1.64249e+10	1.45541e+10	1.31427e+10
100x-SRR1734615	1.70513e+10	1.75792e+10	1.71811e+10	1.7214e+10	1.81759e+10	1.54862e+10	1.60115e+10	1.73363e+10	1.45667e+10	1.22541e+10	1.64655e+10	1.47639e+10	1.83637e+10	1.74602e+10	2.8019e+10	1.83445e+10	1.72415e+10	1.70369e+10	1.47824e+10	1.33351e+10
100x-SRR1734616	1.59634e+10	1.7025e+10	1.61794e+10	2.01793e+10	2.16964e+10	1.83034e+10	1.84987e+10	2.0028e+10	1.66852e+10	1.38068e+10	1.90473e+10	1.70034e+10	1.77362e+10	1.72887e+10	1.83445e+10	2.84933e+10	2.00389e+10	1.97201e+10	1.69399e+10	1.52606e+10
100x-SRR1734617	1.53724e+10	1.63229e+10	1.54498e+10	2.03525e+10	1.92952e+10	1.79548e+10	2.22502e+10	2.53467e+10	2.11431e+10	1.67349e+10	1.94021e+10	2.15718e+10	1.68615e+10	1.6866e+10	1.72415e+10	2.00389e+10	2.68133e+10	2.38459e+10	2.11665e+10	1.88251e+10
100x-SRR1734618	1.54077e+10	1.62667e+10	1.53783e+10	2.02757e+10	1.93686e+10	1.77703e+10	2.33414e+10	2.41639e+10	2.01242e+10	1.64768e+10	1.91677e+10	2.00776e+10	1.66711e+10	1.64249e+10	1.70369e+10	1.97201e+10	2.38459e+10	2.57441e+10	2.05473e+10	1.83315e+10
100x-SRR1734619	1.35883e+10	1.41984e+10	1.35495e+10	1.75012e+10	1.66407e+10	1.5636e+10	1.94987e+10	2.13716e+10	1.80078e+10	1.50931e+10	1.6557e+10	1.81157e+10	1.43687e+10	1.45541e+10	1.47824e+10	1.69399e+10	2.11665e+10	2.05473e+10	1.91615e+10	1.67364e+10
100x-SRR1734620	1.25193e+10	1.29382e+10	1.23759e+10	1.5744e+10	1.50303e+10	1.41997e+10	1.76109e+10	1.90946e+10	1.60676e+10	1.39316e+10	1.49128e+10	1.63239e+10	1.30397e+10	1.31427e+10	1.33351e+10	1.52606e+10	1.88251e+10	1.83315e+10	1.67364e+10	1.58991e+10
