	SRR1734599	SRR1734600	SRR1734601	SRR1734602	SRR1734603	SRR1734604	SRR1734607	SRR1734608	SRR1734609	SRR1734610	SRR1734611	SRR1734612	SRR1734613	SRR1734614	SRR1734615	SRR1734616	SRR1734617	SRR1734618	SRR1734619	100x-SRR1734620
SRR1734599	1.54606e+10	1.24216e+10	1.15826e+10	1.32006e+10	1.1584e+10	1.25665e+10	1.36664e+10	1.48477e+10	1.09637e+10	1.20542e+10	1.2711e+10	9.46147e+09	1.40162e+10	1.17337e+10	1.41782e+10	1.40508e+10	1.35151e+10	1.15509e+10	1.28655e+10	1.14603e+10
SRR1734600	1.24216e+10	1.956e+10	1.34572e+10	1.49087e+10	1.27626e+10	1.3941e+10	1.52143e+10	1.66726e+10	1.21686e+10	1.31297e+10	1.42113e+10	1.02056e+10	2.2287e+10	1.25964e+10	1.53407e+10	1.59323e+10	1.52228e+10	1.27377e+10	1.42634e+10	1.24583e+10
SRR1734601	1.15826e+10	1.34572e+10	1.91808e+10	1.40686e+10	1.18989e+10	1.32052e+10	1.41881e+10	1.56831e+10	1.13092e+10	1.25119e+10	1.33374e+10	9.64933e+09	1.54318e+10	1.1937e+10	1.4821e+10	1.49256e+10	1.41948e+10	1.18872e+10	1.3404e+10	1.17632e+10
SRR1734602	1.32006e+10	1.49087e+10	1.40686e+10	2.69877e+10	1.5957e+10	1.92015e+10	2.1393e+10	2.40037e+10	1.61657e+10	1.80201e+10	1.93592e+10	1.30701e+10	1.73546e+10	1.39531e+10	1.69528e+10	2.13956e+10	2.14048e+10	1.71619e+10	1.98776e+10	1.67702e+10
SRR1734603	1.1584e+10	1.27626e+10	1.18989e+10	1.5957e+10	1.72111e+10	1.49754e+10	1.59396e+10	1.74453e+10	1.24737e+10	1.37588e+10	1.50186e+10	1.05235e+10	1.44856e+10	1.186e+10	1.42936e+10	1.77324e+10	1.57751e+10	1.32411e+10	1.48762e+10	1.29918e+10
SRR1734604	1.25665e+10	1.3941e+10	1.32052e+10	1.92015e+10	1.49754e+10	2.29446e+10	1.95073e+10	2.19656e+10	1.47121e+10	1.67009e+10	1.81651e+10	1.22223e+10	1.61397e+10	1.33242e+10	1.58195e+10	2.01051e+10	1.95648e+10	1.57308e+10	1.82503e+10	1.55552e+10
SRR1734607	1.36664e+10	1.52143e+10	1.41881e+10	2.1393e+10	1.59396e+10	1.95073e+10	2.82546e+10	2.94508e+10	1.92532e+10	2.20813e+10	2.01215e+10	1.51344e+10	1.76391e+10	1.42294e+10	1.7147e+10	2.14169e+10	2.57779e+10	2.13644e+10	2.43678e+10	2.03761e+10
SRR1734608	1.48477e+10	1.66726e+10	1.56831e+10	2.40037e+10	1.74453e+10	2.19656e+10	2.94508e+10	3.70856e+10	2.15299e+10	2.51212e+10	2.25588e+10	1.71134e+10	1.97421e+10	1.5701e+10	1.92361e+10	2.42845e+10	3.08768e+10	2.275e+10	2.80929e+10	2.30402e+10
SRR1734609	1.09637e+10	1.21686e+10	1.13092e+10	1.61657e+10	1.24737e+10	1.47121e+10	1.92532e+10	2.15299e+10	1.70841e+10	1.67128e+10	1.5334e+10	1.30776e+10	1.38001e+10	1.18976e+10	1.34305e+10	1.625e+10	2.03889e+10	1.60538e+10	1.8767e+10	1.59168e+10
SRR1734610	1.20542e+10	1.31297e+10	1.25119e+10	1.80201e+10	1.37588e+10	1.67009e+10	2.20813e+10	2.51212e+10	1.67128e+10	1.99837e+10	1.70799e+10	1.37223e+10	1.49352e+10	1.26378e+10	1.47247e+10	1.80293e+10	2.21739e+10	1.76545e+10	2.10832e+10	1.79686e+10
SRR1734611	1.2711e+10	1.42113e+10	1.33374e+10	1.93592e+10	1.50186e+10	1.81651e+10	2.01215e+10	2.25588e+10	1.5334e+10	1.70799e+10	2.40354e+10	1.25409e+10	1.68012e+10	1.36546e+10	1.62206e+10	2.01654e+10	2.03847e+10	1.62579e+10	1.87279e+10	1.58553e+10
SRR1734612	9.46147e+09	1.02056e+10	9.64933e+09	1.30701e+10	1.05235e+10	1.22223e+10	1.51344e+10	1.71134e+10	1.30776e+10	1.37223e+10	1.25409e+10	1.16055e+10	1.12949e+10	1.01306e+10	1.11162e+10	1.31342e+10	1.61172e+10	1.30373e+10	1.48786e+10	1.31313e+10
SRR1734613	1.40162e+10	2.2287e+10	1.54318e+10	1.73546e+10	1.44856e+10	1.61397e+10	1.76391e+10	1.97421e+10	1.38001e+10	1.49352e+10	1.68012e+10	1.12949e+10	2.86036e+10	1.44463e+10	1.8393e+10	1.90829e+10	1.79779e+10	1.45167e+10	1.64013e+10	1.39935e+10
SRR1734614	1.17337e+10	1.25964e+10	1.1937e+10	1.39531e+10	1.186e+10	1.33242e+10	1.42294e+10	1.5701e+10	1.18976e+10	1.26378e+10	1.36546e+10	1.01306e+10	1.44463e+10	1.62769e+10	1.42448e+10	1.5022e+10	1.46297e+10	1.21407e+10	1.36549e+10	1.19444e+10
SRR1734615	1.41782e+10	1.53407e+10	1.4821e+10	1.69528e+10	1.42936e+10	1.58195e+10	1.7147e+10	1.92361e+10	1.34305e+10	1.47247e+10	1.62206e+10	1.11162e+10	1.8393e+10	1.42448e+10	2.63307e+10	1.86991e+10	1.74321e+10	1.41224e+10	1.60668e+10	1.37092e+10
SRR1734616	1.40508e+10	1.59323e+10	1.49256e+10	2.13956e+10	1.77324e+10	2.01051e+10	2.14169e+10	2.42845e+10	1.625e+10	1.80293e+10	2.01654e+10	1.31342e+10	1.90829e+10	1.5022e+10	1.86991e+10	3.18457e+10	2.18807e+10	1.72523e+10	1.99124e+10	1.6752e+10
SRR1734617	1.35151e+10	1.52228e+10	1.41948e+10	2.14048e+10	1.57751e+10	1.95648e+10	2.57779e+10	3.08768e+10	2.03889e+10	2.21739e+10	2.03847e+10	1.61172e+10	1.79779e+10	1.46297e+10	1.74321e+10	2.18807e+10	2.92652e+10	2.0518e+10	2.50295e+10	2.06811e+10
SRR1734618	1.15509e+10	1.27377e+10	1.18872e+10	1.71619e+10	1.32411e+10	1.57308e+10	2.13644e+10	2.275e+10	1.60538e+10	1.76545e+10	1.62579e+10	1.30373e+10	1.45167e+10	1.21407e+10	1.41224e+10	1.72523e+10	2.0518e+10	1.80189e+10	1.93431e+10	1.65246e+10
SRR1734619	1.28655e+10	1.42634e+10	1.3404e+10	1.98776e+10	1.48762e+10	1.82503e+10	2.43678e+10	2.80929e+10	1.8767e+10	2.10832e+10	1.87279e+10	1.48786e+10	1.64013e+10	1.36549e+10	1.60668e+10	1.99124e+10	2.50295e+10	1.93431e+10	2.43044e+10	1.96529e+10
SRR1734620	1.14603e+10	1.24583e+10	1.17632e+10	1.67702e+10	1.29918e+10	1.55552e+10	2.03761e+10	2.30402e+10	1.59168e+10	1.79686e+10	1.58553e+10	1.31313e+10	1.39935e+10	1.19444e+10	1.37092e+10	1.6752e+10	2.06811e+10	1.65246e+10	1.96529e+10	1.75464e+10
