	SRR1734599	SRR1734600	SRR1734601	SRR1734602	SRR1734603	SRR1734604	SRR1734607	SRR1734608	SRR1734609	SRR1734610	SRR1734611	SRR1734612	SRR1734613	SRR1734614	SRR1734615	SRR1734616	SRR1734617	SRR1734618	SRR1734619	12x-SRR1734620
SRR1734599	3.46638e+09	1.37662e+09	3.05413e+09	2.81659e+09	1.79634e+09	7.60362e+08	3.24732e+09	3.19363e+09	2.43211e+09	3.28343e+09	2.29198e+09	3.63038e+09	2.05491e+09	1.78111e+09	2.3322e+09	1.73209e+09	3.58403e+09	2.24657e+09	3.7114e+09	3.40799e+09
SRR1734600	1.37662e+09	9.75315e+08	1.50664e+09	1.43255e+09	9.60942e+08	4.31996e+08	1.57963e+09	1.54614e+09	1.26655e+09	1.5488e+09	1.17986e+09	1.73155e+09	1.27117e+09	9.5448e+08	1.09608e+09	9.49621e+08	1.71539e+09	1.18239e+09	1.75579e+09	1.5864e+09
SRR1734601	3.05413e+09	1.50664e+09	4.24135e+09	3.15353e+09	1.92476e+09	8.1182e+08	3.46393e+09	3.49221e+09	2.57452e+09	3.4976e+09	2.49054e+09	3.87362e+09	2.26532e+09	1.86709e+09	2.35921e+09	1.90318e+09	3.82456e+09	2.45256e+09	3.98657e+09	3.59452e+09
SRR1734602	2.81659e+09	1.43255e+09	3.15353e+09	3.6548e+09	1.88384e+09	8.07328e+08	3.55805e+09	3.63453e+09	2.71735e+09	3.59503e+09	2.46521e+09	4.02418e+09	2.0885e+09	1.81771e+09	2.17762e+09	1.90273e+09	3.95507e+09	2.59671e+09	4.13131e+09	3.65217e+09
SRR1734603	1.79634e+09	9.60942e+08	1.92476e+09	1.88384e+09	1.4929e+09	5.54316e+08	2.05919e+09	2.10982e+09	1.56542e+09	2.03602e+09	1.61141e+09	2.23237e+09	1.38173e+09	1.16323e+09	1.44736e+09	1.28938e+09	2.20912e+09	1.57713e+09	2.30028e+09	2.03751e+09
SRR1734604	7.60362e+08	4.31996e+08	8.1182e+08	8.07328e+08	5.54316e+08	3.23095e+08	8.86324e+08	8.919e+08	6.92183e+08	8.86855e+08	6.93655e+08	9.72978e+08	5.88277e+08	5.22528e+08	6.13111e+08	5.58912e+08	9.61943e+08	6.65708e+08	9.93747e+08	9.0194e+08
SRR1734607	3.24732e+09	1.57963e+09	3.46393e+09	3.55805e+09	2.05919e+09	8.86324e+08	4.62503e+09	4.41249e+09	3.33271e+09	4.49296e+09	2.79742e+09	4.99136e+09	2.36864e+09	1.96456e+09	2.40833e+09	2.03459e+09	4.91108e+09	3.12868e+09	5.11399e+09	4.65739e+09
SRR1734608	3.19363e+09	1.54614e+09	3.49221e+09	3.63453e+09	2.10982e+09	8.919e+08	4.41249e+09	4.85494e+09	3.29288e+09	4.43189e+09	2.87566e+09	4.93407e+09	2.32903e+09	1.97155e+09	2.42676e+09	2.16042e+09	4.86216e+09	3.33037e+09	5.09842e+09	4.43315e+09
SRR1734609	2.43211e+09	1.26655e+09	2.57452e+09	2.71735e+09	1.56542e+09	6.92183e+08	3.33271e+09	3.29288e+09	2.87961e+09	3.39255e+09	2.11817e+09	3.89695e+09	1.79664e+09	1.59402e+09	1.84545e+09	1.55569e+09	3.85885e+09	2.33521e+09	3.9208e+09	3.59789e+09
SRR1734610	3.28343e+09	1.5488e+09	3.4976e+09	3.59503e+09	2.03602e+09	8.86855e+08	4.49296e+09	4.43189e+09	3.39255e+09	4.73122e+09	2.75945e+09	5.13784e+09	2.29129e+09	1.96191e+09	2.4079e+09	1.95924e+09	5.04515e+09	3.01827e+09	5.2448e+09	4.85428e+09
SRR1734611	2.29198e+09	1.17986e+09	2.49054e+09	2.46521e+09	1.61141e+09	6.93655e+08	2.79742e+09	2.87566e+09	2.11817e+09	2.75945e+09	2.50462e+09	3.07355e+09	1.76652e+09	1.51106e+09	1.8229e+09	1.65448e+09	3.03767e+09	2.1011e+09	3.14165e+09	2.74148e+09
SRR1734612	3.63038e+09	1.73155e+09	3.87362e+09	4.02418e+09	2.23237e+09	9.72978e+08	4.99136e+09	4.93407e+09	3.89695e+09	5.13784e+09	3.07355e+09	5.98956e+09	2.57028e+09	2.23013e+09	2.67822e+09	2.20369e+09	5.80403e+09	3.33591e+09	5.94471e+09	5.49295e+09
SRR1734613	2.05491e+09	1.27117e+09	2.26532e+09	2.0885e+09	1.38173e+09	5.88277e+08	2.36864e+09	2.32903e+09	1.79664e+09	2.29129e+09	1.76652e+09	2.57028e+09	2.03137e+09	1.34258e+09	1.63987e+09	1.41633e+09	2.53817e+09	1.75703e+09	2.59322e+09	2.32053e+09
SRR1734614	1.78111e+09	9.5448e+08	1.86709e+09	1.81771e+09	1.16323e+09	5.22528e+08	1.96456e+09	1.97155e+09	1.59402e+09	1.96191e+09	1.51106e+09	2.23013e+09	1.34258e+09	1.44751e+09	1.41247e+09	1.2059e+09	2.20959e+09	1.44689e+09	2.25781e+09	2.01063e+09
SRR1734615	2.3322e+09	1.09608e+09	2.35921e+09	2.17762e+09	1.44736e+09	6.13111e+08	2.40833e+09	2.42676e+09	1.84545e+09	2.4079e+09	1.8229e+09	2.67822e+09	1.63987e+09	1.41247e+09	2.13394e+09	1.44656e+09	2.64481e+09	1.76527e+09	2.72391e+09	2.43818e+09
SRR1734616	1.73209e+09	9.49621e+08	1.90318e+09	1.90273e+09	1.28938e+09	5.58912e+08	2.03459e+09	2.16042e+09	1.55569e+09	1.95924e+09	1.65448e+09	2.20369e+09	1.41633e+09	1.2059e+09	1.44656e+09	1.69475e+09	2.18537e+09	1.67588e+09	2.25369e+09	1.88717e+09
SRR1734617	3.58403e+09	1.71539e+09	3.82456e+09	3.95507e+09	2.20912e+09	9.61943e+08	4.91108e+09	4.86216e+09	3.85885e+09	5.04515e+09	3.03767e+09	5.80403e+09	2.53817e+09	2.20959e+09	2.64481e+09	2.18537e+09	5.82155e+09	3.29678e+09	5.85017e+09	5.4096e+09
SRR1734618	2.24657e+09	1.18239e+09	2.45256e+09	2.59671e+09	1.57713e+09	6.65708e+08	3.12868e+09	3.33037e+09	2.33521e+09	3.01827e+09	2.1011e+09	3.33591e+09	1.75703e+09	1.44689e+09	1.76527e+09	1.67588e+09	3.29678e+09	2.72996e+09	3.46995e+09	2.9079e+09
SRR1734619	3.7114e+09	1.75579e+09	3.98657e+09	4.13131e+09	2.30028e+09	9.93747e+08	5.11399e+09	5.09842e+09	3.9208e+09	5.2448e+09	3.14165e+09	5.94471e+09	2.59322e+09	2.25781e+09	2.72391e+09	2.25369e+09	5.85017e+09	3.46995e+09	6.19301e+09	5.55801e+09
SRR1734620	3.40799e+09	1.5864e+09	3.59452e+09	3.65217e+09	2.03751e+09	9.0194e+08	4.65739e+09	4.43315e+09	3.59789e+09	4.85428e+09	2.74148e+09	5.49295e+09	2.32053e+09	2.01063e+09	2.43818e+09	1.88717e+09	5.4096e+09	2.9079e+09	5.55801e+09	5.419e+09
