	SRR1734599	SRR1734600	SRR1734601	SRR1734602	SRR1734603	SRR1734604	SRR1734607	SRR1734608	SRR1734609	SRR1734610	SRR1734611	SRR1734612	SRR1734613	SRR1734614	SRR1734615	SRR1734616	SRR1734617	SRR1734618	SRR1734619	SRR1734620
SRR1734599	0	1.14295	1.11862	1.17607	1.12322	1.19456	1.18936	1.19493	1.2203	1.19137	1.1512	1.19081	1.12652	1.05073	0.891614	1.17983	1.18997	1.21384	1.18674	1.19601
SRR1734600	1.14295	0	1.10534	1.17111	1.11062	1.2319	1.16903	1.20915	1.20358	1.20274	1.13924	1.19897	0.623885	1.14346	1.17393	1.18858	1.19935	1.20539	1.20215	1.2034
SRR1734601	1.11862	1.10534	0	1.11969	1.14942	1.20253	1.21456	1.21523	1.25265	1.21698	1.16125	1.2189	1.09069	1.13723	1.09675	1.16904	1.21834	1.24089	1.2108	1.22073
SRR1734602	1.17607	1.17111	1.11969	0	1.08797	1.13041	0.981337	0.965908	1.02929	0.976043	1.08027	0.966623	1.16507	1.09984	1.15849	1.04364	0.975181	1.00135	0.953144	1.00497
SRR1734603	1.12322	1.11062	1.14942	1.08797	0	1.11253	1.14569	1.14034	1.19548	1.16723	0.993522	1.17856	1.10575	1.13829	1.08076	1.02378	1.17751	1.15451	1.1651	1.19305
SRR1734604	1.19456	1.2319	1.20253	1.13041	1.11253	0	1.17718	1.16842	1.2268	1.18897	1.07217	1.18426	1.22864	1.16276	1.21065	1.09598	1.18408	1.19838	1.17506	1.19942
SRR1734607	1.18936	1.16903	1.21456	0.981337	1.14569	1.17718	0	0.584343	0.617674	0.493528	1.0147	0.531523	1.15636	1.16698	1.21262	1.13868	0.539315	0.624869	0.500769	0.538144
SRR1734608	1.19493	1.20915	1.21523	0.965908	1.14034	1.16842	0.584343	0	0.658188	0.549115	1.01127	0.559024	1.19653	1.17807	1.2101	1.09354	0.560502	0.606691	0.530054	0.656049
SRR1734609	1.2203	1.20358	1.25265	1.02929	1.19548	1.2268	0.617674	0.658188	0	0.560294	1.07057	0.506447	1.20641	1.18926	1.24364	1.16208	0.496563	0.706857	0.545151	0.560817
SRR1734610	1.19137	1.20274	1.21698	0.976043	1.16723	1.18897	0.493528	0.549115	0.560294	0	1.03301	0.44164	1.19973	1.16758	1.21771	1.15171	0.452848	0.694433	0.421348	0.427823
SRR1734611	1.1512	1.13924	1.16125	1.08027	0.993522	1.07217	1.0147	1.01127	1.07057	1.03301	0	1.04017	1.12678	1.12147	1.15293	1.05916	1.0371	1.05157	1.0286	1.06491
SRR1734612	1.19081	1.19897	1.2189	0.966623	1.17856	1.18426	0.531523	0.559024	0.506447	0.44164	1.04017	0	1.19376	1.15087	1.21526	1.13517	0.363977	0.705739	0.40314	0.431126
SRR1734613	1.12652	0.623885	1.09069	1.16507	1.10575	1.22864	1.15636	1.19653	1.20641	1.19973	1.12678	1.19376	0	1.14203	1.14852	1.15711	1.194	1.18775	1.20053	1.20726
SRR1734614	1.05073	1.14346	1.13723	1.09984	1.13829	1.16276	1.16698	1.17807	1.18926	1.16758	1.12147	1.15087	1.14203	0	1.10118	1.13898	1.15191	1.21234	1.15199	1.16251
SRR1734615	0.891614	1.17393	1.09675	1.15849	1.08076	1.21065	1.21262	1.2101	1.24364	1.21771	1.15293	1.21526	1.14852	1.10118	0	1.14971	1.21499	1.2336	1.21208	1.22747
SRR1734616	1.17983	1.18858	1.16904	1.04364	1.02378	1.09598	1.13868	1.09354	1.16208	1.15171	1.05916	1.13517	1.15711	1.13898	1.14971	0	1.13341	1.08577	1.13251	1.18892
SRR1734617	1.18997	1.19935	1.21834	0.975181	1.17751	1.18408	0.539315	0.560502	0.496563	0.452848	1.0371	0.363977	1.194	1.15191	1.21499	1.13341	0	0.700643	0.418369	0.435594
SRR1734618	1.21384	1.20539	1.24089	1.00135	1.15451	1.19838	0.624869	0.606691	0.706857	0.694433	1.05157	0.705739	1.18775	1.21234	1.2336	1.08577	0.700643	0	0.673455	0.795051
SRR1734619	1.18674	1.20215	1.2108	0.953144	1.1651	1.17506	0.500769	0.530054	0.545151	0.421348	1.0286	0.40314	1.20053	1.15199	1.21208	1.13251	0.418369	0.673455	0	0.439253
SRR1734620	1.19601	1.2034	1.22073	1.00497	1.19305	1.19942	0.538144	0.656049	0.560817	0.427823	1.06491	0.431126	1.20726	1.16251	1.22747	1.18892	0.435594	0.795051	0.439253	0
