	12x-SRR1734599	12x-SRR1734600	12x-SRR1734601	12x-SRR1734602	12x-SRR1734603	12x-SRR1734604	12x-SRR1734607	12x-SRR1734608	12x-SRR1734609	12x-SRR1734610	12x-SRR1734611	12x-SRR1734612	12x-SRR1734613	12x-SRR1734614	12x-SRR1734615	12x-SRR1734616	12x-SRR1734617	12x-SRR1734618	12x-SRR1734619	12x-SRR1734620
12x-SRR1734599	0	1.13336	1.13944	1.19228	1.12273	1.15727	1.21567	1.23327	1.22105	1.20322	1.1653	1.20936	1.1277	1.04069	0.89933	1.19383	1.21016	1.23876	1.21502	1.21473
12x-SRR1734600	1.13336	0	1.08018	1.15717	1.10062	1.16703	1.15303	1.20468	1.18458	1.18721	1.13135	1.18343	0.539967	1.13184	1.16419	1.17556	1.18332	1.20355	1.18583	1.18851
12x-SRR1734601	1.13944	1.08018	0	1.13256	1.14147	1.14146	1.23305	1.25068	1.24596	1.22287	1.16488	1.2317	1.07664	1.13144	1.10369	1.17192	1.23289	1.26308	1.23589	1.23373
12x-SRR1734602	1.19228	1.15717	1.13256	0	1.08211	1.05067	1.00838	1.0024	1.01144	0.977991	1.08916	0.981541	1.15968	1.09494	1.16665	1.05382	0.992421	1.02264	0.98405	1.02821
12x-SRR1734603	1.12273	1.10062	1.14147	1.08211	0	1.01569	1.13836	1.14761	1.17884	1.15799	0.987924	1.17256	1.09676	1.12515	1.07065	1.01466	1.17212	1.16193	1.16739	1.19035
12x-SRR1734604	1.15727	1.16703	1.14146	1.05067	1.01569	0	1.11194	1.12465	1.14248	1.10677	0.963459	1.11513	1.16107	1.08804	1.1627	1.01181	1.11607	1.14456	1.1232	1.14202
12x-SRR1734607	1.21567	1.15303	1.23305	1.00838	1.13836	1.11194	0	0.614201	0.58897	0.499662	1.02007	0.543707	1.15314	1.16853	1.22617	1.15431	0.550753	0.66488	0.520529	0.55528
12x-SRR1734608	1.23327	1.20468	1.25068	1.0024	1.14761	1.12465	0.614201	0	0.643685	0.569997	1.04416	0.59539	1.20215	1.20114	1.23955	1.11824	0.600399	0.619579	0.583723	0.69843
12x-SRR1734609	1.22105	1.18458	1.24596	1.01144	1.17884	1.14248	0.58897	0.643685	0	0.52813	1.05986	0.45765	1.18947	1.16117	1.23336	1.14768	0.450875	0.710981	0.494622	0.53944
12x-SRR1734610	1.20322	1.18721	1.22287	0.977991	1.15799	1.10677	0.499662	0.569997	0.52813	0	1.03662	0.428642	1.18979	1.15075	1.21801	1.14715	0.443216	0.712107	0.419364	0.436882
12x-SRR1734611	1.1653	1.13135	1.16488	1.08916	0.987924	0.963459	1.02007	1.04416	1.05986	1.03662	0	1.04685	1.12384	1.11757	1.15868	1.06313	1.04458	1.07883	1.04697	1.07348
12x-SRR1734612	1.20936	1.18343	1.2317	0.981541	1.17256	1.11513	0.543707	0.59539	0.45765	0.428642	1.04685	0	1.18664	1.14327	1.22313	1.14232	0.362684	0.728391	0.412076	0.438184
12x-SRR1734613	1.1277	0.539967	1.07664	1.15968	1.09676	1.16107	1.15314	1.20215	1.18947	1.18979	1.12384	1.18664	0	1.13047	1.1429	1.15301	1.18716	1.19659	1.19711	1.19995
12x-SRR1734614	1.04069	1.13184	1.13144	1.09494	1.12515	1.08804	1.16853	1.20114	1.16117	1.15075	1.11757	1.14327	1.13047	0	1.09558	1.13434	1.14573	1.21909	1.15809	1.15673
12x-SRR1734615	0.89933	1.16419	1.10369	1.16665	1.07065	1.1627	1.22617	1.23955	1.23336	1.21801	1.15868	1.22313	1.1429	1.09558	0	1.15396	1.22417	1.24972	1.23187	1.23514
12x-SRR1734616	1.19383	1.17556	1.17192	1.05382	1.01466	1.01181	1.15431	1.11824	1.14768	1.14715	1.06313	1.14232	1.15301	1.13434	1.15396	0	1.14213	1.09708	1.16039	1.20237
12x-SRR1734617	1.21016	1.18332	1.23289	0.992421	1.17212	1.11607	0.550753	0.600399	0.450875	0.443216	1.04458	0.362684	1.18716	1.14573	1.22417	1.14213	0	0.725728	0.424122	0.438093
12x-SRR1734618	1.23876	1.20355	1.26308	1.02264	1.16193	1.14456	0.66488	0.619579	0.710981	0.712107	1.07883	0.728391	1.19659	1.21909	1.24972	1.09708	0.725728	0	0.718533	0.83306
12x-SRR1734619	1.21502	1.18583	1.23589	0.98405	1.16739	1.1232	0.520529	0.583723	0.494622	0.419364	1.04697	0.412076	1.19711	1.15809	1.23187	1.16039	0.424122	0.718533	0	0.433035
12x-SRR1734620	1.21473	1.18851	1.23373	1.02821	1.19035	1.14202	0.55528	0.69843	0.53944	0.436882	1.07348	0.438184	1.19995	1.15673	1.23514	1.20237	0.438093	0.83306	0.433035	0
