	12x-SRR1734599	12x-SRR1734600	12x-SRR1734601	12x-SRR1734602	12x-SRR1734603	12x-SRR1734604	12x-SRR1734607	12x-SRR1734608	12x-SRR1734609	12x-SRR1734610	12x-SRR1734611	12x-SRR1734612	12x-SRR1734613	12x-SRR1734614	12x-SRR1734615	12x-SRR1734616	12x-SRR1734617	12x-SRR1734618	12x-SRR1734619	12x-SRR1734620
12x-SRR1734599	0	0.651152	0.64474	0.654595	0.623723	0.614487	0.634082	0.683081	0.681996	0.648242	0.663336	0.669044	0.663613	0.606413	0.520222	0.738108	0.666783	0.737004	0.666503	0.698409
12x-SRR1734600	0.651152	0	0.641017	0.62554	0.643783	0.651994	0.635252	0.688245	0.65925	0.684362	0.676148	0.671566	0.384502	0.624864	0.6758	0.730054	0.665583	0.719754	0.656583	0.72425
12x-SRR1734601	0.64474	0.641017	0	0.632219	0.643835	0.62493	0.66701	0.692712	0.711689	0.678307	0.674812	0.698138	0.641798	0.665312	0.643264	0.74202	0.696647	0.750077	0.690707	0.737753
12x-SRR1734602	0.654595	0.62554	0.632219	0	0.587454	0.546401	0.528162	0.529817	0.561632	0.542661	0.603391	0.548903	0.665986	0.616957	0.658297	0.676498	0.555206	0.601882	0.520626	0.637614
12x-SRR1734603	0.623723	0.643783	0.643835	0.587454	0	0.543288	0.611388	0.612484	0.678402	0.652682	0.567608	0.673263	0.647286	0.651787	0.615246	0.63102	0.670866	0.660591	0.65913	0.732101
12x-SRR1734604	0.614487	0.651994	0.62493	0.546401	0.543288	0	0.549026	0.589019	0.609429	0.56734	0.537181	0.586207	0.656783	0.616134	0.636253	0.644555	0.58626	0.665757	0.585341	0.640612
12x-SRR1734607	0.634082	0.635252	0.66701	0.528162	0.611388	0.549026	0	0.404234	0.379749	0.302166	0.586215	0.346029	0.640351	0.661101	0.67838	0.730133	0.353209	0.506316	0.341128	0.417127
12x-SRR1734608	0.683081	0.688245	0.692712	0.529817	0.612484	0.589019	0.404234	0	0.495185	0.456695	0.586314	0.484274	0.700287	0.686294	0.692105	0.675946	0.488526	0.38962	0.453993	0.610396
12x-SRR1734609	0.681996	0.65925	0.711689	0.561632	0.678402	0.609429	0.379749	0.495185	0	0.347675	0.645145	0.270808	0.694032	0.651057	0.717622	0.773745	0.25851	0.599688	0.303166	0.378425
12x-SRR1734610	0.648242	0.684362	0.678307	0.542661	0.652682	0.56734	0.302166	0.456695	0.347675	0	0.63644	0.25138	0.690953	0.683642	0.706499	0.789519	0.271052	0.606539	0.272706	0.296191
12x-SRR1734611	0.663336	0.676148	0.674812	0.603391	0.567608	0.537181	0.586215	0.586314	0.645145	0.63644	0	0.644558	0.66457	0.633052	0.65181	0.629076	0.642878	0.637925	0.646708	0.733122
12x-SRR1734612	0.669044	0.671566	0.698138	0.548903	0.673263	0.586207	0.346029	0.484274	0.270808	0.25138	0.644558	0	0.690443	0.665086	0.71442	0.789363	0.191362	0.625396	0.251566	0.287292
12x-SRR1734613	0.663613	0.384502	0.641798	0.665986	0.647286	0.656783	0.640351	0.700287	0.694032	0.690953	0.66457	0.690443	0	0.67109	0.666652	0.717593	0.69065	0.730203	0.704251	0.749104
12x-SRR1734614	0.606413	0.624864	0.665312	0.616957	0.651787	0.616134	0.661101	0.686294	0.651057	0.683642	0.633052	0.665086	0.67109	0	0.618268	0.681763	0.657954	0.72751	0.666497	0.735662
12x-SRR1734615	0.520222	0.6758	0.643264	0.658297	0.615246	0.636253	0.67838	0.692105	0.717622	0.706499	0.65181	0.71442	0.666652	0.618268	0	0.688815	0.712237	0.733245	0.717762	0.771037
12x-SRR1734616	0.738108	0.730054	0.74202	0.676498	0.63102	0.644555	0.730133	0.675946	0.773745	0.789519	0.629076	0.789363	0.717593	0.681763	0.688815	0	0.78474	0.654579	0.794772	0.888678
12x-SRR1734617	0.666783	0.665583	0.696647	0.555206	0.670866	0.58626	0.353209	0.488526	0.25851	0.271052	0.642878	0.191362	0.69065	0.657954	0.712237	0.78474	0	0.623346	0.256718	0.285502
12x-SRR1734618	0.737004	0.719754	0.750077	0.601882	0.660591	0.665757	0.506316	0.38962	0.599688	0.606539	0.637925	0.625396	0.730203	0.72751	0.733245	0.654579	0.623346	0	0.596897	0.750205
12x-SRR1734619	0.666503	0.656583	0.690707	0.520626	0.65913	0.585341	0.341128	0.453993	0.303166	0.272706	0.646708	0.251566	0.704251	0.666497	0.717762	0.794772	0.256718	0.596897	0	0.324262
12x-SRR1734620	0.698409	0.72425	0.737753	0.637614	0.732101	0.640612	0.417127	0.610396	0.378425	0.296191	0.733122	0.287292	0.749104	0.735662	0.771037	0.888678	0.285502	0.750205	0.324262	0
