	SRR1734599	SRR1734600	SRR1734601	SRR1734602	SRR1734603	SRR1734604	SRR1734607	SRR1734608	SRR1734609	SRR1734610	SRR1734611	SRR1734612	SRR1734613	SRR1734614	SRR1734615	SRR1734616	SRR1734617	SRR1734618	SRR1734619	12x-SRR1734620
SRR1734599	0	0.708953	0.637934	0.64603	0.648612	0.750354	0.61479	0.665594	0.678529	0.615174	0.666543	0.63759	0.671731	0.640102	0.533847	0.755476	0.635867	0.734433	0.630826	0.653726
SRR1734600	0.708953	0	0.720035	0.694603	0.638186	0.678882	0.715893	0.760877	0.698917	0.746994	0.700149	0.753105	0.440231	0.627201	0.693159	0.723011	0.748466	0.742129	0.755759	0.787336
SRR1734601	0.637934	0.720035	0	0.63093	0.685704	0.782952	0.660157	0.678847	0.725705	0.662142	0.686826	0.680379	0.675634	0.702091	0.65697	0.761757	0.678707	0.747319	0.666557	0.70743
SRR1734602	0.64603	0.694603	0.63093	0	0.622118	0.717023	0.518824	0.523777	0.569876	0.520506	0.608604	0.528964	0.683385	0.647643	0.663693	0.686255	0.53397	0.596527	0.513088	0.598909
SRR1734603	0.648612	0.638186	0.685704	0.622118	0	0.635399	0.657797	0.65776	0.699999	0.683976	0.577345	0.711982	0.642745	0.646068	0.614972	0.615449	0.708029	0.661481	0.69784	0.753195
SRR1734604	0.750354	0.678882	0.782952	0.717023	0.635399	0	0.741547	0.758776	0.751517	0.751931	0.676617	0.77534	0.740078	0.686921	0.723346	0.699556	0.77279	0.763115	0.771334	0.797951
SRR1734607	0.61479	0.715893	0.660157	0.518824	0.657797	0.741547	0	0.370996	0.416615	0.281139	0.59679	0.321432	0.674146	0.69387	0.68323	0.739295	0.327244	0.488894	0.298172	0.373349
SRR1734608	0.665594	0.760877	0.678847	0.523777	0.65776	0.758776	0.370996	0	0.488512	0.388022	0.592185	0.412335	0.718843	0.715946	0.701493	0.702606	0.413349	0.412814	0.374682	0.520975
SRR1734609	0.678529	0.698917	0.725705	0.569876	0.699999	0.751517	0.416615	0.488512	0	0.402193	0.650049	0.351172	0.71715	0.662183	0.714892	0.76914	0.339182	0.578144	0.378296	0.42238
SRR1734610	0.615174	0.746994	0.662142	0.520506	0.683976	0.751931	0.281139	0.388022	0.402193	0	0.629901	0.263995	0.72237	0.707545	0.695973	0.784976	0.278138	0.565982	0.24929	0.287436
SRR1734611	0.666543	0.700149	0.686826	0.608604	0.577345	0.676617	0.59679	0.592185	0.650049	0.629901	0	0.642578	0.658539	0.642504	0.650385	0.627629	0.639503	0.626866	0.636093	0.715346
SRR1734612	0.63759	0.753105	0.680379	0.528964	0.711982	0.77534	0.321432	0.412335	0.351172	0.263995	0.642578	0	0.725443	0.696574	0.708335	0.785273	0.184889	0.591656	0.218754	0.267732
SRR1734613	0.671731	0.440231	0.675634	0.683385	0.642745	0.740078	0.674146	0.718843	0.71715	0.72237	0.658539	0.725443	0	0.658866	0.651719	0.687982	0.72376	0.712581	0.733311	0.775355
SRR1734614	0.640102	0.627201	0.702091	0.647643	0.646068	0.686921	0.69387	0.715946	0.662183	0.707545	0.642504	0.696574	0.658866	0	0.62663	0.678348	0.691133	0.737757	0.701297	0.751137
SRR1734615	0.533847	0.693159	0.65697	0.663693	0.614972	0.723346	0.68323	0.701493	0.714892	0.695973	0.650385	0.708335	0.651719	0.62663	0	0.691862	0.706562	0.73297	0.708108	0.75234
SRR1734616	0.755476	0.723011	0.761757	0.686255	0.615449	0.699556	0.739295	0.702606	0.76914	0.784976	0.627629	0.785273	0.687982	0.678348	0.691862	0	0.780064	0.664628	0.780193	0.868643
SRR1734617	0.635867	0.748466	0.678707	0.53397	0.708029	0.77279	0.327244	0.413349	0.339182	0.278138	0.639503	0.184889	0.72376	0.691133	0.706562	0.780064	0	0.588259	0.226663	0.271542
SRR1734618	0.734433	0.742129	0.747319	0.596527	0.661481	0.763115	0.488894	0.412814	0.578144	0.565982	0.626866	0.591656	0.712581	0.737757	0.73297	0.664628	0.588259	0	0.558737	0.69852
SRR1734619	0.630826	0.755759	0.666557	0.513088	0.69784	0.771334	0.298172	0.374682	0.378296	0.24929	0.636093	0.218754	0.733311	0.701297	0.708108	0.780193	0.226663	0.558737	0	0.284884
SRR1734620	0.653726	0.787336	0.70743	0.598909	0.753195	0.797951	0.373349	0.520975	0.42238	0.287436	0.715346	0.267732	0.775355	0.751137	0.75234	0.868643	0.271542	0.69852	0.284884	0
