	SRR1734599	SRR1734600	SRR1734601	SRR1734602	SRR1734603	SRR1734604	SRR1734607	SRR1734608	SRR1734609	SRR1734610	SRR1734611	SRR1734612	SRR1734613	SRR1734614	SRR1734615	SRR1734616	SRR1734617	SRR1734618	SRR1734619	SRR1734620
SRR1734599	0	0.829796	0.901941	0.890766	0.855606	0.864269	0.875382	0.899089	0.925506	0.852758	0.869928	0.873746	0.855964	0.819101	0.81439	0.879446	0.877709	0.883613	0.862737	0.856945
SRR1734600	0.829796	0	0.863937	0.896541	0.863763	0.880155	0.892419	0.909435	0.923591	0.880341	0.878835	0.88552	0.316453	0.85412	0.843065	0.886327	0.888145	0.893345	0.880382	0.88169
SRR1734601	0.901941	0.863937	0	0.941797	0.926398	0.9275	0.940189	0.947218	0.974277	0.925365	0.933516	0.938971	0.87831	0.909543	0.879531	0.93371	0.940825	0.940945	0.932067	0.931417
SRR1734602	0.890766	0.896541	0.941797	0	0.759181	0.708154	0.703412	0.71735	0.749337	0.710918	0.724142	0.714595	0.909252	0.883695	0.890735	0.762842	0.71884	0.703887	0.705097	0.713079
SRR1734603	0.855606	0.863763	0.926398	0.759181	0	0.739889	0.768276	0.792374	0.827117	0.761387	0.756241	0.77518	0.881437	0.865935	0.856582	0.699696	0.780351	0.773384	0.764741	0.764187
SRR1734604	0.864269	0.880155	0.9275	0.708154	0.739889	0	0.711715	0.727987	0.775448	0.685797	0.694353	0.703655	0.89708	0.855621	0.870528	0.731949	0.708234	0.717924	0.692601	0.692639
SRR1734607	0.875382	0.892419	0.940189	0.703412	0.768276	0.711715	0	0.436564	0.499208	0.397348	0.699749	0.47579	0.910536	0.877561	0.893451	0.779791	0.480172	0.26445	0.400386	0.409045
SRR1734608	0.899089	0.909435	0.947218	0.71735	0.792374	0.727987	0.436564	0	0.48611	0.405483	0.723182	0.397225	0.919813	0.885362	0.905898	0.789549	0.396272	0.439085	0.387109	0.409574
SRR1734609	0.925506	0.923591	0.974277	0.749337	0.827117	0.775448	0.499208	0.48611	0	0.504868	0.744459	0.38933	0.930116	0.882501	0.917781	0.810553	0.401496	0.470053	0.413978	0.476527
SRR1734610	0.852758	0.880341	0.925365	0.710918	0.761387	0.685797	0.397348	0.405483	0.504868	0	0.680981	0.377775	0.905176	0.85432	0.873212	0.767586	0.390227	0.427263	0.289124	0.279801
SRR1734611	0.869928	0.878835	0.933516	0.724142	0.756241	0.694353	0.699749	0.723182	0.744459	0.680981	0	0.682392	0.882711	0.846011	0.867164	0.750234	0.68554	0.696293	0.68525	0.690127
SRR1734612	0.873746	0.88552	0.938971	0.714595	0.77518	0.703655	0.47579	0.397225	0.38933	0.377775	0.682392	0	0.896819	0.843593	0.873062	0.759399	0.259946	0.460428	0.329241	0.360619
SRR1734613	0.855964	0.316453	0.87831	0.909252	0.881437	0.89708	0.910536	0.919813	0.930116	0.905176	0.882711	0.896819	0	0.860782	0.842255	0.886899	0.898025	0.903605	0.903953	0.908684
SRR1734614	0.819101	0.85412	0.909543	0.883695	0.865935	0.855621	0.877561	0.885362	0.882501	0.85432	0.846011	0.843593	0.860782	0	0.834427	0.857787	0.848788	0.872274	0.85117	0.860193
SRR1734615	0.81439	0.843065	0.879531	0.890735	0.856582	0.870528	0.893451	0.905898	0.917781	0.873212	0.867164	0.873062	0.842255	0.834427	0	0.860011	0.876254	0.888775	0.876989	0.882115
SRR1734616	0.879446	0.886327	0.93371	0.762842	0.699696	0.731949	0.779791	0.789549	0.810553	0.767586	0.750234	0.759399	0.886899	0.857787	0.860011	0	0.7625	0.773469	0.767617	0.771971
SRR1734617	0.877709	0.888145	0.940825	0.71884	0.780351	0.708234	0.480172	0.396272	0.401496	0.390227	0.68554	0.259946	0.898025	0.848788	0.876254	0.7625	0	0.464073	0.346615	0.375469
SRR1734618	0.883613	0.893345	0.940945	0.703887	0.773384	0.717924	0.26445	0.439085	0.470053	0.427263	0.696293	0.460428	0.903605	0.872274	0.888775	0.773469	0.464073	0	0.409282	0.439212
SRR1734619	0.862737	0.880382	0.932067	0.705097	0.764741	0.692601	0.400386	0.387109	0.413978	0.289124	0.68525	0.329241	0.903953	0.85117	0.876989	0.767617	0.346615	0.409282	0	0.27827
SRR1734620	0.856945	0.88169	0.931417	0.713079	0.764187	0.692639	0.409045	0.409574	0.476527	0.279801	0.690127	0.360619	0.908684	0.860193	0.882115	0.771971	0.375469	0.439212	0.27827	0
