	SRR1734599	SRR1734600	SRR1734601	SRR1734602	SRR1734603	SRR1734604	SRR1734607	SRR1734608	SRR1734609	SRR1734610	SRR1734611	SRR1734612	SRR1734613	SRR1734614	SRR1734615	SRR1734616	SRR1734617	SRR1734618	SRR1734619	SRR1734620
SRR1734599	9.58493e+09	4.4062e+09	4.18245e+09	3.78758e+09	3.58116e+09	2.98195e+09	3.51508e+09	4.06663e+09	3.42853e+09	2.45883e+09	2.934e+09	2.5494e+09	4.75777e+09	4.73882e+09	4.51215e+09	3.55538e+09	2.62965e+09	3.50854e+09	2.64896e+09	2.56742e+09
SRR1734600	4.4062e+09	1.19381e+10	5.36464e+09	3.92849e+09	3.73688e+09	2.97786e+09	3.44292e+09	4.00073e+09	3.53158e+09	2.35512e+09	3.09622e+09	2.54283e+09	1.23734e+10	4.44607e+09	4.47453e+09	3.6516e+09	2.63192e+09	3.49835e+09	2.59769e+09	2.47597e+09
SRR1734601	4.18245e+09	5.36464e+09	1.45577e+10	4.1842e+09	3.70867e+09	3.1994e+09	3.66597e+09	4.40721e+09	3.68401e+09	2.59936e+09	3.07138e+09	2.72773e+09	5.88055e+09	4.46136e+09	4.93166e+09	3.93729e+09	2.81743e+09	3.72165e+09	2.79168e+09	2.69497e+09
SRR1734602	3.78758e+09	3.92849e+09	4.1842e+09	1.56239e+10	6.69614e+09	6.86952e+09	8.72387e+09	1.02213e+10	8.98674e+09	6.10194e+09	6.60455e+09	6.54012e+09	4.34035e+09	4.44163e+09	4.08798e+09	7.11331e+09	6.71337e+09	8.83434e+09	6.69234e+09	6.33257e+09
SRR1734603	3.58116e+09	3.73688e+09	3.70867e+09	6.69614e+09	1.11562e+10	5.02741e+09	5.92909e+09	6.8207e+09	5.79142e+09	4.09191e+09	4.8948e+09	4.2832e+09	4.10678e+09	3.89916e+09	3.89404e+09	6.79507e+09	4.38759e+09	5.95478e+09	4.42838e+09	4.2574e+09
SRR1734604	2.98195e+09	2.97786e+09	3.1994e+09	6.86952e+09	5.02741e+09	9.33553e+09	6.34409e+09	7.58819e+09	6.2799e+09	4.52909e+09	5.13389e+09	4.79313e+09	3.2989e+09	3.53242e+09	3.04297e+09	5.60251e+09	4.95551e+09	6.38975e+09	4.91318e+09	4.70591e+09
SRR1734607	3.51508e+09	3.44292e+09	3.66597e+09	8.72387e+09	5.92909e+09	6.34409e+09	1.55961e+10	1.54369e+10	1.38646e+10	9.80195e+09	6.69819e+09	9.81899e+09	3.76223e+09	4.10179e+09	3.51658e+09	6.20743e+09	1.01128e+10	1.50095e+10	1.05894e+10	1.01042e+10
SRR1734608	4.06663e+09	4.00073e+09	4.40721e+09	1.02213e+10	6.8207e+09	7.58819e+09	1.54369e+10	2.17347e+10	1.67468e+10	1.19955e+10	7.77619e+09	1.29816e+10	4.42862e+09	4.94624e+09	4.15176e+09	7.41656e+09	1.34028e+10	1.56183e+10	1.30873e+10	1.24164e+10
SRR1734609	3.42853e+09	3.53158e+09	3.68401e+09	8.98674e+09	5.79142e+09	6.2799e+09	1.38646e+10	1.67468e+10	1.90752e+10	1.02069e+10	6.89227e+09	1.19638e+10	3.99736e+09	4.53526e+09	3.69842e+09	6.49953e+09	1.22574e+10	1.44267e+10	1.18882e+10	1.0875e+10
SRR1734610	2.45883e+09	2.35512e+09	2.59936e+09	6.10194e+09	4.09191e+09	4.52909e+09	9.80195e+09	1.19955e+10	1.02069e+10	8.14778e+09	4.72283e+09	7.73085e+09	2.56246e+09	2.95356e+09	2.45868e+09	4.42201e+09	7.95343e+09	9.77766e+09	8.24757e+09	7.93538e+09
SRR1734611	2.934e+09	3.09622e+09	3.07138e+09	6.60455e+09	4.8948e+09	5.13389e+09	6.69819e+09	7.77619e+09	6.89227e+09	4.72283e+09	9.4344e+09	5.10571e+09	3.55708e+09	3.63784e+09	3.09864e+09	5.30682e+09	5.29193e+09	6.84921e+09	5.14119e+09	4.88563e+09
SRR1734612	2.5494e+09	2.54283e+09	2.72773e+09	6.54012e+09	4.2832e+09	4.79313e+09	9.81899e+09	1.29816e+10	1.19638e+10	7.73085e+09	5.10571e+09	9.5439e+09	2.8871e+09	3.33684e+09	2.71413e+09	4.85537e+09	9.30359e+09	1.01235e+10	8.67583e+09	8.14128e+09
SRR1734613	4.75777e+09	1.23734e+10	5.88055e+09	4.34035e+09	4.10678e+09	3.2989e+09	3.76223e+09	4.42862e+09	3.99736e+09	2.56246e+09	3.55708e+09	2.8871e+09	1.48789e+10	5.02225e+09	5.14258e+09	4.21167e+09	2.99616e+09	3.90834e+09	2.82555e+09	2.66696e+09
SRR1734614	4.73882e+09	4.44607e+09	4.46136e+09	4.44163e+09	3.89916e+09	3.53242e+09	4.10179e+09	4.94624e+09	4.53526e+09	2.95356e+09	3.63784e+09	3.33684e+09	5.02225e+09	1.17163e+10	4.56224e+09	4.2973e+09	3.41702e+09	4.23945e+09	3.26298e+09	3.06985e+09
SRR1734615	4.51215e+09	4.47453e+09	4.93166e+09	4.08798e+09	3.89404e+09	3.04297e+09	3.51658e+09	4.15176e+09	3.69842e+09	2.45868e+09	3.09864e+09	2.71413e+09	5.14258e+09	4.56224e+09	1.05576e+10	4.07762e+09	2.80462e+09	3.63264e+09	2.68728e+09	2.53562e+09
SRR1734616	3.55538e+09	3.6516e+09	3.93729e+09	7.11331e+09	6.79507e+09	5.60251e+09	6.20743e+09	7.41656e+09	6.49953e+09	4.42201e+09	5.30682e+09	4.85537e+09	4.21167e+09	4.2973e+09	4.07762e+09	1.24973e+10	5.0077e+09	6.37881e+09	4.81689e+09	4.58279e+09
SRR1734617	2.62965e+09	2.63192e+09	2.81743e+09	6.71337e+09	4.38759e+09	4.95551e+09	1.01128e+10	1.34028e+10	1.22574e+10	7.95343e+09	5.29193e+09	9.30359e+09	2.99616e+09	3.41702e+09	2.80462e+09	5.0077e+09	1.02482e+10	1.04311e+10	8.89865e+09	8.36621e+09
SRR1734618	3.50854e+09	3.49835e+09	3.72165e+09	8.83434e+09	5.95478e+09	6.38975e+09	1.50095e+10	1.56183e+10	1.44267e+10	9.77766e+09	6.84921e+09	1.01235e+10	3.90834e+09	4.23945e+09	3.63264e+09	6.37881e+09	1.04311e+10	1.60882e+10	1.07103e+10	1.00641e+10
SRR1734619	2.64896e+09	2.59769e+09	2.79168e+09	6.69234e+09	4.42838e+09	4.91318e+09	1.05894e+10	1.30873e+10	1.18882e+10	8.24757e+09	5.14119e+09	8.67583e+09	2.82555e+09	3.26298e+09	2.68728e+09	4.81689e+09	8.89865e+09	1.07103e+10	9.65428e+09	8.64094e+09
SRR1734620	2.56742e+09	2.47597e+09	2.69497e+09	6.33257e+09	4.2574e+09	4.70591e+09	1.01042e+10	1.24164e+10	1.0875e+10	7.93538e+09	4.88563e+09	8.14128e+09	2.66696e+09	3.06985e+09	2.53562e+09	4.58279e+09	8.36621e+09	1.00641e+10	8.64094e+09	8.8518e+09
