	SRR1734599	SRR1734600	SRR1734601	SRR1734602	SRR1734603	SRR1734604	SRR1734607	SRR1734608	SRR1734609	SRR1734610	SRR1734611	SRR1734612	SRR1734613	SRR1734614	SRR1734615	SRR1734616	SRR1734617	SRR1734618	SRR1734619	SRR1734620
SRR1734599	0	1.08452	1.1366	1.17515	1.1434	1.17027	1.19374	1.19854	1.22184	1.20147	1.17598	1.21116	1.0969	1.0515	1.05019	1.16202	1.21217	1.19788	1.20385	1.20106
SRR1734600	1.08452	0	1.0891	1.19361	1.16292	1.19827	1.22285	1.22608	1.23772	1.23386	1.19017	1.23432	0.378416	1.1172	1.09676	1.1841	1.23455	1.22276	1.23129	1.23219
SRR1734601	1.1366	1.0891	0	1.20213	1.19079	1.20462	1.23021	1.22657	1.24814	1.23396	1.21484	1.23983	1.09584	1.14751	1.09745	1.19004	1.24043	1.2303	1.23654	1.23499
SRR1734602	1.17515	1.19361	1.20213	0	0.992784	0.928652	0.939293	0.943745	0.979222	0.95831	0.954997	0.963759	1.1961	1.15906	1.16765	0.990898	0.968975	0.941045	0.954035	0.96075
SRR1734603	1.1434	1.16292	1.19079	0.992784	0	1.00735	1.04929	1.06017	1.09818	1.06847	1.02263	1.08158	1.16726	1.148	1.13243	0.921437	1.08597	1.05406	1.07079	1.06919
SRR1734604	1.17027	1.19827	1.20462	0.928652	1.00735	0	0.973894	0.966735	1.02898	0.980506	0.951797	0.992176	1.20008	1.15086	1.1777	0.981135	0.993343	0.97838	0.982317	0.982164
SRR1734607	1.19374	1.22285	1.23021	0.939293	1.04929	0.973894	0	0.56842	0.626366	0.51082	0.946367	0.624795	1.22721	1.18031	1.20495	1.05392	0.632609	0.323862	0.52348	0.529228
SRR1734608	1.19854	1.22608	1.22657	0.943745	1.06017	0.966735	0.56842	0	0.595863	0.444052	0.955989	0.444213	1.22779	1.17477	1.20492	1.0488	0.451572	0.57407	0.439384	0.457903
SRR1734609	1.22184	1.23772	1.24814	0.979222	1.09818	1.02898	0.626366	0.595863	0	0.602111	0.986132	0.476044	1.23509	1.18036	1.21605	1.07614	0.496631	0.594094	0.49792	0.571119
SRR1734610	1.20147	1.23386	1.23396	0.95831	1.06847	0.980506	0.51082	0.444052	0.602111	0	0.960549	0.496615	1.23877	1.18127	1.21236	1.05998	0.509151	0.540358	0.374373	0.362218
SRR1734611	1.17598	1.19017	1.21484	0.954997	1.02263	0.951797	0.946367	0.955989	0.986132	0.960549	0	0.96118	1.18302	1.14367	1.17433	1.01121	0.961055	0.942399	0.960521	0.964756
SRR1734612	1.21116	1.23432	1.23983	0.963759	1.08158	0.992176	0.624795	0.444213	0.476044	0.496615	0.96118	0	1.23103	1.16999	1.20798	1.05396	0.344309	0.60501	0.438559	0.478004
SRR1734613	1.0969	0.378416	1.09584	1.1961	1.16726	1.20008	1.22721	1.22779	1.23509	1.23877	1.18302	1.23103	0	1.11321	1.08599	1.1757	1.23074	1.22261	1.23632	1.23904
SRR1734614	1.0515	1.1172	1.14751	1.15906	1.148	1.15086	1.18031	1.17477	1.18036	1.18127	1.14367	1.16999	1.11321	0	1.08609	1.13566	1.17317	1.17577	1.17745	1.182
SRR1734615	1.05019	1.09676	1.09745	1.16765	1.13243	1.1777	1.20495	1.20492	1.21605	1.21236	1.17433	1.20798	1.08599	1.08609	0	1.13579	1.20861	1.20106	1.21146	1.21467
SRR1734616	1.16202	1.1841	1.19004	0.990898	0.921437	0.981135	1.05392	1.0488	1.07614	1.05998	1.01121	1.05396	1.1757	1.13566	1.13579	0	1.05594	1.04894	1.05969	1.06234
SRR1734617	1.21217	1.23455	1.24043	0.968975	1.08597	0.993343	0.632609	0.451572	0.496631	0.509151	0.961055	0.344309	1.23074	1.17317	1.20861	1.05594	0	0.612597	0.459081	0.493168
SRR1734618	1.19788	1.22276	1.2303	0.941045	1.05406	0.97838	0.323862	0.57407	0.594094	0.540358	0.942399	0.60501	1.22261	1.17577	1.20106	1.04894	0.612597	0	0.530308	0.559745
SRR1734619	1.20385	1.23129	1.23654	0.954035	1.07079	0.982317	0.52348	0.439384	0.49792	0.374373	0.960521	0.438559	1.23632	1.17745	1.21146	1.05969	0.459081	0.530308	0	0.361309
SRR1734620	1.20106	1.23219	1.23499	0.96075	1.06919	0.982164	0.529228	0.457903	0.571119	0.362218	0.964756	0.478004	1.23904	1.182	1.21467	1.06234	0.493168	0.559745	0.361309	0
