	150x-SRR1734599	150x-SRR1734600	150x-SRR1734601	150x-SRR1734602	150x-SRR1734603	150x-SRR1734604	150x-SRR1734607	150x-SRR1734608	150x-SRR1734609	150x-SRR1734610	150x-SRR1734611	150x-SRR1734612	150x-SRR1734613	150x-SRR1734614	150x-SRR1734615	150x-SRR1734616	150x-SRR1734617	150x-SRR1734618	150x-SRR1734619	150x-SRR1734620
150x-SRR1734599	3.0224e+10	2.12789e+10	2.13287e+10	2.16364e+10	2.01419e+10	1.84968e+10	2.15346e+10	2.35318e+10	2.117e+10	1.75309e+10	1.83314e+10	1.79774e+10	2.24026e+10	2.1887e+10	2.10101e+10	2.03488e+10	1.83571e+10	2.15951e+10	1.83403e+10	1.78596e+10
150x-SRR1734600	2.12789e+10	3.48426e+10	2.41957e+10	2.30321e+10	2.13869e+10	1.94207e+10	2.25571e+10	2.48692e+10	2.28005e+10	1.81158e+10	1.94357e+10	1.89788e+10	3.60587e+10	2.24638e+10	2.17564e+10	2.16319e+10	1.94145e+10	2.28576e+10	1.92095e+10	1.85238e+10
150x-SRR1734601	2.13287e+10	2.41957e+10	4.27661e+10	2.37423e+10	2.15755e+10	2.00131e+10	2.31729e+10	2.59043e+10	2.31417e+10	1.87382e+10	1.97943e+10	1.93398e+10	2.58336e+10	2.29725e+10	2.29291e+10	2.22638e+10	1.9798e+10	2.3484e+10	1.96543e+10	1.90089e+10
150x-SRR1734602	2.16364e+10	2.30321e+10	2.37423e+10	4.25598e+10	2.68365e+10	2.62493e+10	3.11779e+10	3.48081e+10	3.16039e+10	2.44282e+10	2.58192e+10	2.56939e+10	2.46109e+10	2.38229e+10	2.25038e+10	2.79169e+10	2.62769e+10	3.16227e+10	2.60472e+10	2.49753e+10
150x-SRR1734603	2.01419e+10	2.13869e+10	2.15755e+10	2.68365e+10	3.33972e+10	2.25396e+10	2.58671e+10	2.84833e+10	2.56096e+10	2.05636e+10	2.21352e+10	2.13813e+10	2.27269e+10	2.16411e+10	2.09207e+10	2.63404e+10	2.183e+10	2.61011e+10	2.17277e+10	2.10042e+10
150x-SRR1734604	1.84968e+10	1.94207e+10	2.00131e+10	2.62493e+10	2.25396e+10	2.88385e+10	2.54642e+10	2.83563e+10	2.52951e+10	2.05804e+10	2.18621e+10	2.13706e+10	2.06385e+10	2.03956e+10	1.90707e+10	2.37285e+10	2.1851e+10	2.56854e+10	2.16903e+10	2.09548e+10
150x-SRR1734607	2.15346e+10	2.25571e+10	2.31729e+10	3.11779e+10	2.58671e+10	2.54642e+10	4.03236e+10	4.12716e+10	3.74409e+10	2.93064e+10	2.57233e+10	2.97833e+10	2.39079e+10	2.3394e+10	2.18167e+10	2.66725e+10	3.05119e+10	3.94863e+10	3.10366e+10	2.9871e+10
150x-SRR1734608	2.35318e+10	2.48692e+10	2.59043e+10	3.48081e+10	2.84833e+10	2.83563e+10	4.12716e+10	5.16094e+10	4.26698e+10	3.30374e+10	2.84589e+10	3.49974e+10	2.66553e+10	2.61702e+10	2.42216e+10	2.98432e+10	3.59532e+10	4.18279e+10	3.53118e+10	3.37856e+10
150x-SRR1734609	2.117e+10	2.28005e+10	2.31417e+10	3.16039e+10	2.56096e+10	2.52951e+10	3.74409e+10	4.26698e+10	4.53654e+10	2.94477e+10	2.61177e+10	3.29227e+10	2.4578e+10	2.46381e+10	2.22919e+10	2.72966e+10	3.36319e+10	3.86051e+10	3.27217e+10	3.06503e+10
150x-SRR1734610	1.75309e+10	1.81158e+10	1.87382e+10	2.44282e+10	2.05636e+10	2.05804e+10	2.93064e+10	3.30374e+10	2.94477e+10	2.5107e+10	2.06459e+10	2.46098e+10	1.90219e+10	1.90637e+10	1.77272e+10	2.13322e+10	2.51414e+10	2.93395e+10	2.55114e+10	2.47154e+10
150x-SRR1734611	1.83314e+10	1.94357e+10	1.97943e+10	2.58192e+10	2.21352e+10	2.18621e+10	2.57233e+10	2.84589e+10	2.61177e+10	2.06459e+10	2.8774e+10	2.17647e+10	2.10565e+10	2.06355e+10	1.9139e+10	2.32632e+10	2.22872e+10	2.61853e+10	2.18104e+10	2.09792e+10
150x-SRR1734612	1.79774e+10	1.89788e+10	1.93398e+10	2.56939e+10	2.13813e+10	2.13706e+10	2.97833e+10	3.49974e+10	3.29227e+10	2.46098e+10	2.17647e+10	2.7972e+10	2.03341e+10	2.04106e+10	1.87152e+10	2.27159e+10	2.77537e+10	3.04667e+10	2.65791e+10	2.53849e+10
150x-SRR1734613	2.24026e+10	3.60587e+10	2.58336e+10	2.46109e+10	2.27269e+10	2.06385e+10	2.39079e+10	2.66553e+10	2.4578e+10	1.90219e+10	2.10565e+10	2.03341e+10	4.1355e+10	2.42532e+10	2.37276e+10	2.35473e+10	2.0843e+10	2.45203e+10	2.02092e+10	1.93831e+10
150x-SRR1734614	2.1887e+10	2.24638e+10	2.29725e+10	2.38229e+10	2.16411e+10	2.03956e+10	2.3394e+10	2.61702e+10	2.46381e+10	1.90637e+10	2.06355e+10	2.04106e+10	2.42532e+10	3.58906e+10	2.23293e+10	2.28547e+10	2.08164e+10	2.39169e+10	2.03013e+10	1.93761e+10
150x-SRR1734615	2.10101e+10	2.17564e+10	2.29291e+10	2.25038e+10	2.09207e+10	1.90707e+10	2.18167e+10	2.42216e+10	2.22919e+10	1.77272e+10	1.9139e+10	1.87152e+10	2.37276e+10	2.23293e+10	3.26928e+10	2.17469e+10	1.91318e+10	2.22913e+10	1.8698e+10	1.79323e+10
150x-SRR1734616	2.03488e+10	2.16319e+10	2.22638e+10	2.79169e+10	2.63404e+10	2.37285e+10	2.66725e+10	2.98432e+10	2.72966e+10	2.13322e+10	2.32632e+10	2.27159e+10	2.35473e+10	2.28547e+10	2.17469e+10	3.64248e+10	2.32494e+10	2.7256e+10	2.26205e+10	2.17504e+10
150x-SRR1734617	1.83571e+10	1.94145e+10	1.9798e+10	2.62769e+10	2.183e+10	2.1851e+10	3.05119e+10	3.59532e+10	3.36319e+10	2.51414e+10	2.22872e+10	2.77537e+10	2.0843e+10	2.08164e+10	1.91318e+10	2.32494e+10	2.94965e+10	3.12269e+10	2.71244e+10	2.59151e+10
150x-SRR1734618	2.15951e+10	2.28576e+10	2.3484e+10	3.16227e+10	2.61011e+10	2.56854e+10	3.94863e+10	4.18279e+10	3.86051e+10	2.93395e+10	2.61853e+10	3.04667e+10	2.45203e+10	2.39169e+10	2.22913e+10	2.7256e+10	3.12269e+10	4.15192e+10	3.137e+10	2.98874e+10
150x-SRR1734619	1.83403e+10	1.92095e+10	1.96543e+10	2.60472e+10	2.17277e+10	2.16903e+10	3.10366e+10	3.53118e+10	3.27217e+10	2.55114e+10	2.18104e+10	2.65791e+10	2.02092e+10	2.03013e+10	1.8698e+10	2.26205e+10	2.71244e+10	3.137e+10	2.82331e+10	2.62207e+10
150x-SRR1734620	1.78596e+10	1.85238e+10	1.90089e+10	2.49753e+10	2.10042e+10	2.09548e+10	2.9871e+10	3.37856e+10	3.06503e+10	2.47154e+10	2.09792e+10	2.53849e+10	1.93831e+10	1.93761e+10	1.79323e+10	2.17504e+10	2.59151e+10	2.98874e+10	2.62207e+10	2.63527e+10
