	15x-SRR1734599	15x-SRR1734600	15x-SRR1734601	15x-SRR1734602	15x-SRR1734603	15x-SRR1734604	15x-SRR1734607	15x-SRR1734608	15x-SRR1734609	15x-SRR1734610	15x-SRR1734611	15x-SRR1734612	15x-SRR1734613	15x-SRR1734614	15x-SRR1734615	15x-SRR1734616	15x-SRR1734617	15x-SRR1734618	15x-SRR1734619	15x-SRR1734620
15x-SRR1734599	1.29309e+09	1.62789e+09	1.53602e+09	2.01381e+09	1.59192e+09	1.53658e+09	1.4421e+09	1.27742e+09	1.66628e+09	1.8449e+09	1.67753e+09	1.98861e+09	1.69962e+09	2.19744e+09	1.84696e+09	1.56333e+09	1.67386e+09	1.36207e+09	2.11748e+09	2.17044e+09
15x-SRR1734600	1.62789e+09	3.48399e+09	2.60495e+09	3.5579e+09	2.64394e+09	2.51414e+09	2.41905e+09	2.09642e+09	2.91787e+09	3.10181e+09	2.81697e+09	3.46294e+09	3.44289e+09	3.74884e+09	2.8205e+09	2.67866e+09	2.90617e+09	2.31777e+09	3.66969e+09	3.73515e+09
15x-SRR1734601	1.53602e+09	2.60495e+09	3.05795e+09	3.30893e+09	2.47355e+09	2.398e+09	2.19088e+09	1.96372e+09	2.56453e+09	2.86991e+09	2.6493e+09	3.10439e+09	2.73645e+09	3.45976e+09	2.73317e+09	2.49954e+09	2.57072e+09	2.12072e+09	3.347e+09	3.42263e+09
15x-SRR1734602	2.01381e+09	3.5579e+09	3.30893e+09	5.73544e+09	3.50792e+09	3.44377e+09	3.26942e+09	2.93286e+09	3.98976e+09	4.4057e+09	3.82956e+09	4.88208e+09	3.66164e+09	5.03127e+09	3.67277e+09	3.64376e+09	3.98438e+09	3.21811e+09	5.26736e+09	5.3642e+09
15x-SRR1734603	1.59192e+09	2.64394e+09	2.47355e+09	3.50792e+09	3.19195e+09	2.59783e+09	2.34948e+09	2.13519e+09	2.71588e+09	3.02461e+09	2.93235e+09	3.27145e+09	2.7889e+09	3.57168e+09	2.83989e+09	2.81518e+09	2.70468e+09	2.34925e+09	3.54685e+09	3.61547e+09
15x-SRR1734604	1.53658e+09	2.51414e+09	2.398e+09	3.44377e+09	2.59783e+09	2.90522e+09	2.33452e+09	2.08073e+09	2.73152e+09	3.05357e+09	2.86742e+09	3.32715e+09	2.63779e+09	3.51784e+09	2.67255e+09	2.67316e+09	2.74546e+09	2.23819e+09	3.57803e+09	3.6686e+09
15x-SRR1734607	1.4421e+09	2.41905e+09	2.19088e+09	3.26942e+09	2.34948e+09	2.33452e+09	2.62128e+09	2.20766e+09	2.93478e+09	3.26209e+09	2.63961e+09	3.52898e+09	2.52335e+09	3.22432e+09	2.46292e+09	2.36428e+09	2.93462e+09	2.39584e+09	3.77393e+09	3.87823e+09
15x-SRR1734608	1.27742e+09	2.09642e+09	1.96372e+09	2.93286e+09	2.13519e+09	2.08073e+09	2.20766e+09	2.19927e+09	2.5554e+09	2.83547e+09	2.3818e+09	3.05531e+09	2.19477e+09	2.81838e+09	2.18567e+09	2.21635e+09	2.5342e+09	2.2914e+09	3.29605e+09	3.34879e+09
15x-SRR1734609	1.66628e+09	2.91787e+09	2.56453e+09	3.98976e+09	2.71588e+09	2.73152e+09	2.93478e+09	2.5554e+09	3.88815e+09	3.90115e+09	3.08607e+09	4.4414e+09	2.9414e+09	4.02106e+09	2.92004e+09	2.76024e+09	3.73444e+09	2.74605e+09	4.65542e+09	4.74294e+09
15x-SRR1734610	1.8449e+09	3.10181e+09	2.86991e+09	4.4057e+09	3.02461e+09	3.05357e+09	3.26209e+09	2.83547e+09	3.90115e+09	4.51773e+09	3.40235e+09	4.81078e+09	3.20702e+09	4.33812e+09	3.23719e+09	2.98842e+09	3.94037e+09	2.98739e+09	5.14194e+09	5.29906e+09
15x-SRR1734611	1.67753e+09	2.81697e+09	2.6493e+09	3.82956e+09	2.93235e+09	2.86742e+09	2.63961e+09	2.3818e+09	3.08607e+09	3.40235e+09	3.83158e+09	3.71749e+09	3.0191e+09	3.97534e+09	3.02414e+09	3.07296e+09	3.05866e+09	2.62314e+09	3.99914e+09	4.07246e+09
15x-SRR1734612	1.98861e+09	3.46294e+09	3.10439e+09	4.88208e+09	3.27145e+09	3.32715e+09	3.52898e+09	3.05531e+09	4.4414e+09	4.81078e+09	3.71749e+09	5.53035e+09	3.53481e+09	4.88521e+09	3.54152e+09	3.28692e+09	4.47483e+09	3.22515e+09	5.72282e+09	5.864e+09
15x-SRR1734613	1.69962e+09	3.44289e+09	2.73645e+09	3.66164e+09	2.7889e+09	2.63779e+09	2.52335e+09	2.19477e+09	2.9414e+09	3.20702e+09	3.0191e+09	3.53481e+09	3.88715e+09	3.89862e+09	3.0309e+09	2.91993e+09	2.91414e+09	2.45015e+09	3.75247e+09	3.84866e+09
15x-SRR1734614	2.19744e+09	3.74884e+09	3.45976e+09	5.03127e+09	3.57168e+09	3.51784e+09	3.22432e+09	2.81838e+09	4.02106e+09	4.33812e+09	3.97534e+09	4.88521e+09	3.89862e+09	6.48471e+09	3.98478e+09	3.7525e+09	4.00815e+09	3.09245e+09	5.22473e+09	5.31684e+09
15x-SRR1734615	1.84696e+09	2.8205e+09	2.73317e+09	3.67277e+09	2.83989e+09	2.67255e+09	2.46292e+09	2.18567e+09	2.92004e+09	3.23719e+09	3.02414e+09	3.54152e+09	3.0309e+09	3.98478e+09	3.81361e+09	2.87485e+09	2.91358e+09	2.37911e+09	3.78876e+09	3.87699e+09
15x-SRR1734616	1.56333e+09	2.67866e+09	2.49954e+09	3.64376e+09	2.81518e+09	2.67316e+09	2.36428e+09	2.21635e+09	2.76024e+09	2.98842e+09	3.07296e+09	3.28692e+09	2.91993e+09	3.7525e+09	2.87485e+09	3.74696e+09	2.69164e+09	2.53854e+09	3.56494e+09	3.62503e+09
15x-SRR1734617	1.67386e+09	2.90617e+09	2.57072e+09	3.98438e+09	2.70468e+09	2.74546e+09	2.93462e+09	2.5342e+09	3.73444e+09	3.94037e+09	3.05866e+09	4.47483e+09	2.91414e+09	4.00815e+09	2.91358e+09	2.69164e+09	3.84509e+09	2.66105e+09	4.67626e+09	4.77552e+09
15x-SRR1734618	1.36207e+09	2.31777e+09	2.12072e+09	3.21811e+09	2.34925e+09	2.23819e+09	2.39584e+09	2.2914e+09	2.74605e+09	2.98739e+09	2.62314e+09	3.22515e+09	2.45015e+09	3.09245e+09	2.37911e+09	2.53854e+09	2.66105e+09	2.78485e+09	3.52622e+09	3.56986e+09
15x-SRR1734619	2.11748e+09	3.66969e+09	3.347e+09	5.26736e+09	3.54685e+09	3.57803e+09	3.77393e+09	3.29605e+09	4.65542e+09	5.14194e+09	3.99914e+09	5.72282e+09	3.75247e+09	5.22473e+09	3.78876e+09	3.56494e+09	4.67626e+09	3.52622e+09	6.25206e+09	6.29272e+09
15x-SRR1734620	2.17044e+09	3.73515e+09	3.42263e+09	5.3642e+09	3.61547e+09	3.6686e+09	3.87823e+09	3.34879e+09	4.74294e+09	5.29906e+09	4.07246e+09	5.864e+09	3.84866e+09	5.31684e+09	3.87699e+09	3.62503e+09	4.77552e+09	3.56986e+09	6.29272e+09	6.62947e+09
