	15x-SRR1734599	15x-SRR1734600	15x-SRR1734601	15x-SRR1734602	15x-SRR1734603	15x-SRR1734604	15x-SRR1734607	15x-SRR1734608	15x-SRR1734609	15x-SRR1734610	15x-SRR1734611	15x-SRR1734612	15x-SRR1734613	15x-SRR1734614	15x-SRR1734615	15x-SRR1734616	15x-SRR1734617	15x-SRR1734618	15x-SRR1734619	15x-SRR1734620
15x-SRR1734599	0	0.639893	0.637951	0.641587	0.644381	0.602599	0.604002	0.67353	0.64341	0.601728	0.667985	0.62286	0.654793	0.604959	0.531695	0.752244	0.62063	0.737438	0.61569	0.627798
15x-SRR1734600	0.639893	0	0.632221	0.619241	0.658699	0.643999	0.619236	0.68313	0.641402	0.65413	0.680081	0.644595	0.353228	0.619902	0.675764	0.736434	0.641314	0.717734	0.645872	0.673103
15x-SRR1734601	0.637951	0.632221	0	0.63184	0.652949	0.630125	0.66829	0.685953	0.703916	0.673562	0.674204	0.690894	0.641778	0.653869	0.634986	0.734988	0.686836	0.739665	0.678767	0.705846
15x-SRR1734602	0.641587	0.619241	0.63184	0	0.607696	0.539081	0.514345	0.528096	0.536964	0.516745	0.605857	0.520892	0.662392	0.596656	0.656613	0.673137	0.523298	0.599759	0.507909	0.566912
15x-SRR1734603	0.644381	0.658699	0.652949	0.607696	0	0.576505	0.640637	0.618393	0.693333	0.669107	0.571159	0.688902	0.65765	0.661285	0.613695	0.617565	0.684889	0.65144	0.673475	0.715103
15x-SRR1734604	0.602599	0.643999	0.630125	0.539081	0.576505	0	0.531962	0.58172	0.579323	0.539897	0.542664	0.55301	0.658114	0.598034	0.640149	0.649565	0.549964	0.661798	0.537298	0.575193
15x-SRR1734607	0.604002	0.619236	0.66829	0.514345	0.640637	0.531962	0	0.397736	0.351081	0.27665	0.591853	0.31332	0.641903	0.627933	0.670571	0.722671	0.315062	0.492071	0.287452	0.335242
15x-SRR1734608	0.67353	0.68313	0.685953	0.528096	0.618393	0.58172	0.397736	0	0.461367	0.416774	0.577991	0.441859	0.691931	0.671013	0.685876	0.673034	0.438424	0.381268	0.408656	0.514454
15x-SRR1734609	0.64341	0.641402	0.703916	0.536964	0.693333	0.579323	0.351081	0.461367	0	0.329827	0.634731	0.254914	0.686387	0.612821	0.698837	0.752623	0.249528	0.566664	0.28123	0.332204
15x-SRR1734610	0.601728	0.65413	0.673562	0.516745	0.669107	0.539897	0.27665	0.416774	0.329827	0	0.625272	0.249245	0.688371	0.635032	0.682278	0.769415	0.259464	0.570886	0.238013	0.241839
15x-SRR1734611	0.667985	0.680081	0.674204	0.605857	0.571159	0.542664	0.591853	0.577991	0.634731	0.625272	0	0.630445	0.662067	0.633982	0.64861	0.623814	0.625187	0.625578	0.62077	0.682585
15x-SRR1734612	0.62286	0.644595	0.690894	0.520892	0.688902	0.55301	0.31332	0.441859	0.254914	0.249245	0.630445	0	0.683857	0.615895	0.690279	0.762877	0.182465	0.585517	0.222835	0.245591
15x-SRR1734613	0.654793	0.353228	0.641778	0.662392	0.65765	0.658114	0.641903	0.691931	0.686387	0.688371	0.662067	0.683857	0	0.657683	0.655649	0.703434	0.681113	0.714077	0.688988	0.718785
15x-SRR1734614	0.604959	0.619902	0.653869	0.596656	0.661285	0.598034	0.627933	0.671013	0.612821	0.635032	0.633982	0.615895	0.657683	0	0.627429	0.701381	0.610954	0.726133	0.616934	0.658738
15x-SRR1734615	0.531695	0.675764	0.634986	0.656613	0.613695	0.640149	0.670571	0.685876	0.698837	0.682278	0.64861	0.690279	0.655649	0.627429	0	0.695642	0.687405	0.731827	0.688552	0.71944
15x-SRR1734616	0.752244	0.736434	0.734988	0.673137	0.617565	0.649565	0.722671	0.673034	0.752623	0.769415	0.623814	0.762877	0.703434	0.701381	0.695642	0	0.754529	0.655451	0.751628	0.825502
15x-SRR1734617	0.62063	0.641314	0.686836	0.523298	0.684889	0.549964	0.315062	0.438424	0.249528	0.259464	0.625187	0.182465	0.681113	0.610954	0.687405	0.754529	0	0.576992	0.224741	0.253815
15x-SRR1734618	0.737438	0.717734	0.739665	0.599759	0.65144	0.661798	0.492071	0.381268	0.566664	0.570886	0.625578	0.585517	0.714077	0.726133	0.731827	0.655451	0.576992	0	0.547955	0.659114
15x-SRR1734619	0.61569	0.645872	0.678767	0.507909	0.673475	0.537298	0.287452	0.408656	0.28123	0.238013	0.62077	0.222835	0.688988	0.616934	0.688552	0.751628	0.224741	0.547955	0	0.262012
15x-SRR1734620	0.627798	0.673103	0.705846	0.566912	0.715103	0.575193	0.335242	0.514454	0.332204	0.241839	0.682585	0.245591	0.718785	0.658738	0.71944	0.825502	0.253815	0.659114	0.262012	0
