	15x-SRR1734599	15x-SRR1734600	15x-SRR1734601	15x-SRR1734602	15x-SRR1734603	15x-SRR1734604	15x-SRR1734607	15x-SRR1734608	15x-SRR1734609	15x-SRR1734610	15x-SRR1734611	15x-SRR1734612	15x-SRR1734613	15x-SRR1734614	15x-SRR1734615	15x-SRR1734616	15x-SRR1734617	15x-SRR1734618	15x-SRR1734619	15x-SRR1734620
15x-SRR1734599	0	0.682699	0.67462	0.721841	0.657918	0.64377	0.658341	0.696425	0.716762	0.688029	0.70193	0.716051	0.695567	0.694473	0.580145	0.761277	0.70615	0.751307	0.71453	0.719305
15x-SRR1734600	0.682699	0	0.635486	0.638865	0.643677	0.647698	0.631697	0.696624	0.643759	0.66055	0.676755	0.649745	0.35901	0.650071	0.67263	0.719195	0.641845	0.715404	0.653781	0.667538
15x-SRR1734601	0.67462	0.635486	0	0.647898	0.645397	0.625243	0.67256	0.696811	0.715905	0.675077	0.672347	0.700152	0.642337	0.667927	0.631892	0.723295	0.707535	0.739297	0.684876	0.692588
15x-SRR1734602	0.721841	0.638865	0.647898	0	0.600236	0.559201	0.560001	0.590271	0.557002	0.518635	0.605119	0.516039	0.670089	0.591624	0.655266	0.654206	0.550551	0.624142	0.49066	0.510046
15x-SRR1734603	0.657918	0.643677	0.645397	0.600236	0	0.542058	0.612792	0.623091	0.676871	0.637978	0.568345	0.665376	0.645367	0.655664	0.609976	0.609877	0.675233	0.651227	0.641921	0.654288
15x-SRR1734604	0.64377	0.647698	0.625243	0.559201	0.542058	0	0.555048	0.594703	0.612005	0.5606	0.530221	0.583002	0.65584	0.615665	0.627836	0.616106	0.597608	0.652877	0.566495	0.572833
15x-SRR1734607	0.658341	0.631697	0.67256	0.560001	0.612792	0.555048	0	0.401328	0.401796	0.322691	0.578097	0.382455	0.647294	0.660224	0.664864	0.700854	0.388949	0.475926	0.368144	0.373282
15x-SRR1734608	0.696425	0.696624	0.696811	0.590271	0.623091	0.594703	0.401328	0	0.502249	0.448218	0.599171	0.497852	0.706193	0.712316	0.700423	0.675168	0.507024	0.384983	0.471424	0.495942
15x-SRR1734609	0.716762	0.643759	0.715905	0.557002	0.676871	0.612005	0.401796	0.502249	0	0.371993	0.633167	0.290533	0.697708	0.63119	0.695248	0.744095	0.26142	0.575293	0.333988	0.362785
15x-SRR1734610	0.688029	0.66055	0.675077	0.518635	0.637978	0.5606	0.322691	0.448218	0.371993	0	0.60371	0.274042	0.685142	0.630101	0.663475	0.739809	0.330407	0.561731	0.254912	0.251892
15x-SRR1734611	0.70193	0.676755	0.672347	0.605119	0.568345	0.530221	0.578097	0.599171	0.633167	0.60371	0	0.620358	0.659852	0.636369	0.646339	0.614795	0.637381	0.627648	0.604844	0.619627
15x-SRR1734612	0.716051	0.649745	0.700152	0.516039	0.665376	0.583002	0.382455	0.497852	0.290533	0.274042	0.620358	0	0.68937	0.607027	0.676519	0.745573	0.24335	0.596974	0.231322	0.251192
15x-SRR1734613	0.695567	0.35901	0.642337	0.670089	0.645367	0.65584	0.647294	0.706193	0.697708	0.685142	0.659852	0.68937	0	0.668558	0.652372	0.685423	0.701748	0.714577	0.691109	0.695487
15x-SRR1734614	0.694473	0.650071	0.667927	0.591624	0.655664	0.615665	0.660224	0.712316	0.63119	0.630101	0.636369	0.607027	0.668558	0	0.630407	0.690991	0.628196	0.737963	0.599076	0.614976
15x-SRR1734615	0.580145	0.67263	0.631892	0.655266	0.609976	0.627836	0.664864	0.700423	0.695248	0.663475	0.646339	0.676519	0.652372	0.630407	0	0.692079	0.691576	0.734794	0.669445	0.676672
15x-SRR1734616	0.761277	0.719195	0.723295	0.654206	0.609877	0.616106	0.700854	0.675168	0.744095	0.739809	0.614795	0.745573	0.685423	0.690991	0.692079	0	0.762723	0.654437	0.725881	0.738468
15x-SRR1734617	0.70615	0.641845	0.707535	0.550551	0.675233	0.597608	0.388949	0.507024	0.26142	0.330407	0.637381	0.24335	0.701748	0.628196	0.691576	0.762723	0	0.611224	0.304142	0.329055
15x-SRR1734618	0.751307	0.715404	0.739297	0.624142	0.651227	0.652877	0.475926	0.384983	0.575293	0.561731	0.627648	0.596974	0.714577	0.737963	0.734794	0.654437	0.611224	0	0.556636	0.581676
15x-SRR1734619	0.71453	0.653781	0.684876	0.49066	0.641921	0.566495	0.368144	0.471424	0.333988	0.254912	0.604844	0.231322	0.691109	0.599076	0.669445	0.725881	0.304142	0.556636	0	0.21244
15x-SRR1734620	0.719305	0.667538	0.692588	0.510046	0.654288	0.572833	0.373282	0.495942	0.362785	0.251892	0.619627	0.251192	0.695487	0.614976	0.676672	0.738468	0.329055	0.581676	0.21244	0
