	15x-SRR1734599	15x-SRR1734600	15x-SRR1734601	15x-SRR1734602	15x-SRR1734603	15x-SRR1734604	15x-SRR1734607	15x-SRR1734608	15x-SRR1734609	15x-SRR1734610	15x-SRR1734611	15x-SRR1734612	15x-SRR1734613	15x-SRR1734614	15x-SRR1734615	15x-SRR1734616	15x-SRR1734617	15x-SRR1734618	15x-SRR1734619	15x-SRR1734620
15x-SRR1734599	0	1.12241	1.12883	1.18432	1.12448	1.14909	1.19214	1.21506	1.20174	1.19019	1.15513	1.19166	1.1237	1.04777	0.891728	1.17997	1.19015	1.22115	1.18825	1.19371
15x-SRR1734600	1.12241	0	1.06789	1.14792	1.11038	1.15849	1.15223	1.19958	1.18334	1.18651	1.13601	1.18164	0.504688	1.12031	1.15688	1.16631	1.18166	1.1932	1.18368	1.18663
15x-SRR1734601	1.12883	1.06789	0	1.13098	1.15412	1.14219	1.22837	1.24697	1.24173	1.22837	1.16999	1.2313	1.08072	1.12473	1.10385	1.17361	1.23006	1.25814	1.22423	1.22978
15x-SRR1734602	1.18432	1.14792	1.13098	0	1.0895	1.04059	0.984562	0.992337	0.99496	0.976912	1.08754	0.971089	1.16003	1.07151	1.16658	1.04255	0.976758	1.011	0.957739	0.993542
15x-SRR1734603	1.12448	1.11038	1.15412	1.0895	0	1.02632	1.14917	1.15218	1.18424	1.1697	0.996124	1.17949	1.10922	1.12684	1.08034	1.02082	1.17742	1.16	1.16431	1.18779
15x-SRR1734604	1.14909	1.15849	1.14219	1.04059	1.02632	0	1.08995	1.10413	1.1211	1.10333	0.954791	1.10042	1.16367	1.06473	1.16309	0.99442	1.09656	1.12266	1.08039	1.11265
15x-SRR1734607	1.19214	1.15223	1.22837	0.984562	1.14917	1.08995	0	0.593462	0.572826	0.486096	1.01949	0.524342	1.15797	1.13244	1.21673	1.13767	0.530844	0.621392	0.492035	0.51245
15x-SRR1734608	1.21506	1.19958	1.24697	0.992337	1.15218	1.10413	0.593462	0	0.621848	0.544418	1.02935	0.562537	1.2017	1.17295	1.2318	1.10975	0.561597	0.600795	0.536948	0.623306
15x-SRR1734609	1.20174	1.18334	1.24173	0.99496	1.18424	1.1211	0.572826	0.621848	0	0.526423	1.05407	0.454081	1.19164	1.13053	1.22461	1.13482	0.451791	0.684316	0.484672	0.515218
15x-SRR1734610	1.19019	1.18651	1.22837	0.976912	1.1697	1.10333	0.486096	0.544418	0.526423	0	1.03695	0.430167	1.19587	1.12986	1.21837	1.14648	0.442198	0.690362	0.412693	0.399435
15x-SRR1734611	1.15513	1.13601	1.16999	1.08754	0.996124	0.954791	1.01949	1.02935	1.05407	1.03695	0	1.04237	1.12957	1.10695	1.15644	1.05746	1.03799	1.05785	1.02851	1.05924
15x-SRR1734612	1.19166	1.18164	1.2313	0.971089	1.17949	1.10042	0.524342	0.562537	0.454081	0.430167	1.04237	0	1.18982	1.11646	1.21787	1.13141	0.360338	0.698845	0.406329	0.415772
15x-SRR1734613	1.1237	0.504688	1.08072	1.16003	1.10922	1.16367	1.15797	1.2017	1.19164	1.19587	1.12957	1.18982	0	1.12513	1.14458	1.15332	1.18917	1.19109	1.19508	1.2007
15x-SRR1734614	1.04777	1.12031	1.12473	1.07151	1.12684	1.06473	1.13244	1.17295	1.13053	1.12986	1.10695	1.11646	1.12513	0	1.09568	1.12386	1.11673	1.19214	1.11599	1.12455
15x-SRR1734615	0.891728	1.15688	1.10385	1.16658	1.08034	1.16309	1.21673	1.2318	1.22461	1.21837	1.15644	1.21787	1.14458	1.09568	0	1.15361	1.21636	1.24224	1.21399	1.22561
15x-SRR1734616	1.17997	1.16631	1.17361	1.04255	1.02082	0.99442	1.13767	1.10975	1.13482	1.14648	1.05746	1.13141	1.15332	1.12386	1.15361	0	1.12608	1.0883	1.12374	1.17119
15x-SRR1734617	1.19015	1.18166	1.23006	0.976758	1.17742	1.09656	0.530844	0.561597	0.451791	0.442198	1.03799	0.360338	1.18917	1.11673	1.21636	1.12608	0	0.688678	0.417988	0.423946
15x-SRR1734618	1.22115	1.1932	1.25814	1.011	1.16	1.12266	0.621392	0.600795	0.684316	0.690362	1.05785	0.698845	1.19109	1.19214	1.24224	1.0883	0.688678	0	0.659743	0.756556
15x-SRR1734619	1.18825	1.18368	1.22423	0.957739	1.16431	1.08039	0.492035	0.536948	0.484672	0.412693	1.02851	0.406329	1.19508	1.11599	1.21399	1.12374	0.417988	0.659743	0	0.424545
15x-SRR1734620	1.19371	1.18663	1.22978	0.993542	1.18779	1.11265	0.51245	0.623306	0.515218	0.399435	1.05924	0.415772	1.2007	1.12455	1.22561	1.17119	0.423946	0.756556	0.424545	0
