	SRR1734599	SRR1734600	SRR1734601	SRR1734602	SRR1734603	SRR1734604	SRR1734607	SRR1734608	SRR1734609	SRR1734610	SRR1734611	SRR1734612	SRR1734613	SRR1734614	SRR1734615	SRR1734616	SRR1734617	SRR1734618	SRR1734619	SRR1734620
SRR1734599	0	1.14858	1.16536	1.21117	1.14167	1.17531	1.24919	1.25847	1.24884	1.23577	1.17981	1.23463	1.14787	1.0752	0.930065	1.19851	1.24437	1.2543	1.23065	1.22875
SRR1734600	1.14858	0	1.0735	1.14754	1.10401	1.1638	1.16426	1.21015	1.18984	1.18734	1.13254	1.18459	0.51584	1.12374	1.15535	1.15074	1.18757	1.19351	1.18557	1.18503
SRR1734601	1.16536	1.0735	0	1.12755	1.14668	1.14618	1.24928	1.25915	1.25708	1.23507	1.16503	1.23899	1.07844	1.12049	1.09687	1.16142	1.24974	1.2581	1.22868	1.22707
SRR1734602	1.21117	1.14754	1.12755	0	1.07053	1.03681	1.02748	1.0063	1.01481	0.98318	1.06903	0.974141	1.15298	1.05188	1.1569	1.01627	1.01037	1.00455	0.950727	0.956755
SRR1734603	1.14167	1.10401	1.14668	1.07053	0	1.01155	1.14935	1.15655	1.18658	1.16289	0.989317	1.17655	1.10212	1.10823	1.06006	0.988447	1.18425	1.14922	1.15732	1.16159
SRR1734604	1.17531	1.1638	1.14618	1.03681	1.01155	0	1.13013	1.13174	1.15446	1.12038	0.949788	1.1187	1.16404	1.0607	1.15891	0.967532	1.13991	1.12973	1.09491	1.09554
SRR1734607	1.24919	1.16426	1.24928	1.02748	1.14935	1.13013	0	0.622595	0.604228	0.508754	1.01938	0.56411	1.16948	1.15164	1.22951	1.15098	0.566527	0.647922	0.545347	0.551788
SRR1734608	1.25847	1.21015	1.25915	1.0063	1.15655	1.13174	0.622595	0	0.650489	0.571391	1.04515	0.60381	1.21124	1.17601	1.23692	1.11007	0.618142	0.615268	0.583913	0.603764
SRR1734609	1.24884	1.18984	1.25708	1.01481	1.18658	1.15446	0.604228	0.650489	0	0.541024	1.05894	0.466879	1.20046	1.14017	1.23259	1.14561	0.457098	0.696536	0.51246	0.527386
SRR1734610	1.23577	1.18734	1.23507	0.98318	1.16289	1.12038	0.508754	0.571391	0.541024	0	1.03069	0.441892	1.19503	1.12564	1.21745	1.14206	0.470094	0.693825	0.425287	0.426804
SRR1734611	1.17981	1.13254	1.16503	1.06903	0.989317	0.949788	1.01938	1.04515	1.05894	1.03069	0	1.0407	1.12543	1.08964	1.14215	1.02606	1.04762	1.04719	1.02187	1.03027
SRR1734612	1.23463	1.18459	1.23899	0.974141	1.17655	1.1187	0.56411	0.60381	0.466879	0.441892	1.0407	0	1.19313	1.10818	1.21671	1.13134	0.39082	0.712207	0.408137	0.431897
SRR1734613	1.14787	0.51584	1.07844	1.15298	1.10212	1.16404	1.16948	1.21124	1.20046	1.19503	1.12543	1.19313	0	1.11971	1.13826	1.13296	1.20016	1.19043	1.19541	1.19386
SRR1734614	1.0752	1.12374	1.12049	1.05188	1.10823	1.0607	1.15164	1.17601	1.14017	1.12564	1.08964	1.10818	1.11971	0	1.08854	1.09412	1.12839	1.17418	1.10033	1.10291
SRR1734615	0.930065	1.15535	1.09687	1.1569	1.06006	1.15891	1.22951	1.23692	1.23259	1.21745	1.14215	1.21671	1.13826	1.08854	0	1.13464	1.22942	1.23196	1.20857	1.20783
SRR1734616	1.19851	1.15074	1.16142	1.01627	0.988447	0.967532	1.15098	1.11007	1.14561	1.14206	1.02606	1.13134	1.13296	1.09412	1.13464	0	1.15155	1.07666	1.11583	1.11844
SRR1734617	1.24437	1.18757	1.24974	1.01037	1.18425	1.13991	0.566527	0.618142	0.457098	0.470094	1.04762	0.39082	1.20016	1.12839	1.22942	1.15155	0	0.729364	0.462846	0.479742
SRR1734618	1.2543	1.19351	1.2581	1.00455	1.14922	1.12973	0.647922	0.615268	0.696536	0.693825	1.04719	0.712207	1.19043	1.17418	1.23196	1.07666	0.729364	0	0.671846	0.682378
SRR1734619	1.23065	1.18557	1.22868	0.950727	1.15732	1.09491	0.545347	0.583913	0.51246	0.425287	1.02187	0.408137	1.19541	1.10033	1.20857	1.11583	0.462846	0.671846	0	0.394504
SRR1734620	1.22875	1.18503	1.22707	0.956755	1.16159	1.09554	0.551788	0.603764	0.527386	0.426804	1.03027	0.431897	1.19386	1.10291	1.20783	1.11844	0.479742	0.682378	0.394504	0
