	SRR1734599	SRR1734600	SRR1734601	SRR1734602	SRR1734603	SRR1734604	SRR1734607	SRR1734608	SRR1734609	SRR1734610	SRR1734611	SRR1734612	SRR1734613	SRR1734614	SRR1734615	SRR1734616	SRR1734617	SRR1734618	SRR1734619	SRR1734620
SRR1734599	6.92615e+08	2.5937e+08	2.17036e+08	1.97894e+08	1.78327e+08	2.31722e+08	2.20783e+08	1.81713e+08	2.36519e+08	2.18659e+08	2.06726e+08	2.41551e+08	2.64366e+08	2.99002e+08	3.45972e+08	1.70276e+08	2.4529e+08	1.68572e+08	2.5753e+08	2.22852e+08
SRR1734600	2.5937e+08	7.09103e+08	2.60115e+08	2.28688e+08	1.88164e+08	2.26981e+08	2.59505e+08	1.96988e+08	2.5822e+08	2.24569e+08	2.22942e+08	2.54431e+08	6.33199e+08	2.49801e+08	1.92236e+08	1.81378e+08	2.56754e+08	1.93185e+08	2.65383e+08	2.32095e+08
SRR1734601	2.17036e+08	2.60115e+08	5.16498e+08	2.06217e+08	1.39851e+08	2.04758e+08	1.6177e+08	1.33377e+08	1.68343e+08	1.58938e+08	1.69256e+08	1.74048e+08	2.57628e+08	2.10352e+08	1.93799e+08	1.50668e+08	1.76756e+08	1.19333e+08	1.89569e+08	1.6319e+08
SRR1734602	1.97894e+08	2.28688e+08	2.06217e+08	6.33741e+08	1.88536e+08	2.99144e+08	3.76053e+08	3.37018e+08	4.11143e+08	3.74855e+08	2.42772e+08	4.21122e+08	2.24424e+08	2.70059e+08	1.75546e+08	2.44745e+08	4.20557e+08	3.09912e+08	4.53568e+08	3.75469e+08
SRR1734603	1.78327e+08	1.88164e+08	1.39851e+08	1.88536e+08	3.39446e+08	2.25972e+08	1.81427e+08	1.63372e+08	1.78024e+08	1.65762e+08	2.1909e+08	1.77519e+08	1.93192e+08	1.69428e+08	1.67429e+08	1.87914e+08	1.80587e+08	1.51786e+08	1.97556e+08	1.59836e+08
SRR1734604	2.31722e+08	2.26981e+08	2.04758e+08	2.99144e+08	2.25972e+08	6.71443e+08	3.04971e+08	2.66816e+08	3.11361e+08	2.88808e+08	3.32792e+08	3.23596e+08	2.28014e+08	2.82703e+08	1.82994e+08	2.78967e+08	3.30086e+08	2.41282e+08	3.59076e+08	2.90759e+08
SRR1734607	2.20783e+08	2.59505e+08	1.6177e+08	3.76053e+08	1.81427e+08	3.04971e+08	8.40302e+08	6.29854e+08	7.83633e+08	7.28064e+08	3.28598e+08	7.91418e+08	2.60309e+08	2.61956e+08	1.64333e+08	2.17811e+08	7.95522e+08	5.88956e+08	8.47962e+08	7.41616e+08
SRR1734608	1.81713e+08	1.96988e+08	1.33377e+08	3.37018e+08	1.63372e+08	2.66816e+08	6.29854e+08	6.95494e+08	6.87948e+08	6.39796e+08	2.92661e+08	7.02678e+08	1.99743e+08	2.07303e+08	1.3889e+08	2.15778e+08	7.09587e+08	5.44169e+08	7.51164e+08	6.25802e+08
SRR1734609	2.36519e+08	2.5822e+08	1.68343e+08	4.11143e+08	1.78024e+08	3.11361e+08	7.83633e+08	6.87948e+08	1.04579e+09	7.93417e+08	3.39225e+08	9.18083e+08	2.55543e+08	2.93996e+08	1.76544e+08	2.4522e+08	9.276e+08	6.23585e+08	9.49848e+08	8.25985e+08
SRR1734610	2.18659e+08	2.24569e+08	1.58938e+08	3.74855e+08	1.65762e+08	2.88808e+08	7.28064e+08	6.39796e+08	7.93417e+08	8.11165e+08	3.10789e+08	8.18095e+08	2.21144e+08	2.59461e+08	1.60221e+08	2.079e+08	8.20846e+08	5.46216e+08	8.67151e+08	7.71866e+08
SRR1734611	2.06726e+08	2.22942e+08	1.69256e+08	2.42772e+08	2.1909e+08	3.32792e+08	3.28598e+08	2.92661e+08	3.39225e+08	3.10789e+08	5.5698e+08	3.41186e+08	2.32816e+08	2.30232e+08	1.7064e+08	2.21573e+08	3.47759e+08	2.61742e+08	3.70007e+08	3.05126e+08
SRR1734612	2.41551e+08	2.54431e+08	1.74048e+08	4.21122e+08	1.77519e+08	3.23596e+08	7.91418e+08	7.02678e+08	9.18083e+08	8.18095e+08	3.41186e+08	1.0019e+09	2.51988e+08	3.00363e+08	1.78488e+08	2.4262e+08	9.45476e+08	6.02352e+08	9.6647e+08	8.5162e+08
SRR1734613	2.64366e+08	6.33199e+08	2.57628e+08	2.24424e+08	1.93192e+08	2.28014e+08	2.60309e+08	1.99743e+08	2.55543e+08	2.21144e+08	2.32816e+08	2.51988e+08	7.42497e+08	2.51896e+08	2.05129e+08	1.94339e+08	2.54981e+08	1.99411e+08	2.59267e+08	2.24022e+08
SRR1734614	2.99002e+08	2.49801e+08	2.10352e+08	2.70059e+08	1.69428e+08	2.82703e+08	2.61956e+08	2.07303e+08	2.93996e+08	2.59461e+08	2.30232e+08	3.00363e+08	2.51896e+08	6.3435e+08	2.19707e+08	1.9762e+08	3.02881e+08	1.83522e+08	3.16246e+08	2.72735e+08
SRR1734615	3.45972e+08	1.92236e+08	1.93799e+08	1.75546e+08	1.67429e+08	1.82994e+08	1.64333e+08	1.3889e+08	1.76544e+08	1.60221e+08	1.7064e+08	1.78488e+08	2.05129e+08	2.19707e+08	4.76218e+08	1.55485e+08	1.8141e+08	1.25506e+08	1.91088e+08	1.59986e+08
SRR1734616	1.70276e+08	1.81378e+08	1.50668e+08	2.44745e+08	1.87914e+08	2.78967e+08	2.17811e+08	2.15778e+08	2.4522e+08	2.079e+08	2.21573e+08	2.4262e+08	1.94339e+08	1.9762e+08	1.55485e+08	4.53463e+08	2.48948e+08	2.1865e+08	2.61231e+08	1.9702e+08
SRR1734617	2.4529e+08	2.56754e+08	1.76756e+08	4.20557e+08	1.80587e+08	3.30086e+08	7.95522e+08	7.09587e+08	9.276e+08	8.20846e+08	3.47759e+08	9.45476e+08	2.54981e+08	3.02881e+08	1.8141e+08	2.48948e+08	1.02042e+09	6.13566e+08	9.70253e+08	8.56226e+08
SRR1734618	1.68572e+08	1.93185e+08	1.19333e+08	3.09912e+08	1.51786e+08	2.41282e+08	5.88956e+08	5.44169e+08	6.23585e+08	5.46216e+08	2.61742e+08	6.02352e+08	1.99411e+08	1.83522e+08	1.25506e+08	2.1865e+08	6.13566e+08	6.33946e+08	6.55589e+08	5.29301e+08
SRR1734619	2.5753e+08	2.65383e+08	1.89569e+08	4.53568e+08	1.97556e+08	3.59076e+08	8.47962e+08	7.51164e+08	9.49848e+08	8.67151e+08	3.70007e+08	9.6647e+08	2.59267e+08	3.16246e+08	1.91088e+08	2.61231e+08	9.70253e+08	6.55589e+08	1.10761e+09	8.91808e+08
SRR1734620	2.22852e+08	2.32095e+08	1.6319e+08	3.75469e+08	1.59836e+08	2.90759e+08	7.41616e+08	6.25802e+08	8.25985e+08	7.71866e+08	3.05126e+08	8.5162e+08	2.24022e+08	2.72735e+08	1.59986e+08	1.9702e+08	8.56226e+08	5.29301e+08	8.91808e+08	8.67333e+08
