	SRR1734599	SRR1734600	SRR1734601	SRR1734602	SRR1734603	SRR1734604	SRR1734607	SRR1734608	SRR1734609	SRR1734610	SRR1734611	SRR1734612	SRR1734613	SRR1734614	SRR1734615	SRR1734616	SRR1734617	SRR1734618	SRR1734619	1x-SRR1734620
SRR1734599	8.22441e+07	2.21976e+07	2.19387e+07	6.21558e+07	4.813e+07	5.56097e+07	4.48551e+07	3.29912e+07	5.02937e+07	2.55583e+07	3.35101e+07	6.73971e+07	5.53408e+07	3.64549e+07	3.30704e+07	4.50286e+07	5.98824e+07	3.56406e+07	5.70355e+07	4.33158e+07
SRR1734600	2.21976e+07	1.49236e+07	9.96226e+06	2.56327e+07	2.10339e+07	2.07163e+07	1.90211e+07	1.42965e+07	2.25106e+07	1.11241e+07	1.53275e+07	2.96005e+07	2.71319e+07	1.34808e+07	1.28431e+07	1.79475e+07	2.6468e+07	1.55557e+07	2.52981e+07	1.94643e+07
SRR1734601	2.19387e+07	9.96226e+06	1.83438e+07	2.4652e+07	2.0823e+07	2.09226e+07	1.78707e+07	1.34678e+07	2.14094e+07	1.08398e+07	1.56279e+07	2.77347e+07	2.32585e+07	1.74657e+07	1.29818e+07	2.23694e+07	2.50393e+07	1.43664e+07	2.39e+07	1.89359e+07
SRR1734602	6.21558e+07	2.56327e+07	2.4652e+07	9.35936e+07	5.63891e+07	5.92388e+07	5.60691e+07	4.37963e+07	6.7057e+07	3.28624e+07	4.02629e+07	8.97238e+07	6.32072e+07	3.63826e+07	3.51823e+07	5.27763e+07	7.91458e+07	4.78226e+07	7.61048e+07	5.61615e+07
SRR1734603	4.813e+07	2.10339e+07	2.0823e+07	5.63891e+07	6.16892e+07	4.63844e+07	4.0512e+07	3.21531e+07	4.66747e+07	2.40422e+07	3.69703e+07	6.23335e+07	5.29636e+07	2.95234e+07	2.83349e+07	4.49683e+07	5.54814e+07	3.52954e+07	5.28093e+07	3.96885e+07
SRR1734604	5.56097e+07	2.07163e+07	2.09226e+07	5.92388e+07	4.63844e+07	6.94347e+07	4.41739e+07	3.39125e+07	5.19412e+07	2.65408e+07	3.26371e+07	6.99048e+07	5.23443e+07	2.8992e+07	2.96698e+07	4.39412e+07	6.23192e+07	3.61256e+07	5.86247e+07	4.587e+07
SRR1734607	4.48551e+07	1.90211e+07	1.78707e+07	5.60691e+07	4.0512e+07	4.41739e+07	5.44243e+07	3.72791e+07	5.59199e+07	2.85723e+07	2.76696e+07	7.30742e+07	4.63153e+07	2.43626e+07	2.65611e+07	3.61504e+07	6.48459e+07	4.16468e+07	6.21908e+07	4.72203e+07
SRR1734608	3.29912e+07	1.42965e+07	1.34678e+07	4.37963e+07	3.21531e+07	3.39125e+07	3.72791e+07	3.7353e+07	4.46635e+07	2.25182e+07	2.24302e+07	5.71124e+07	3.50206e+07	1.84763e+07	2.05958e+07	2.99986e+07	5.04199e+07	3.57808e+07	4.8538e+07	3.49675e+07
SRR1734609	5.02937e+07	2.25106e+07	2.14094e+07	6.7057e+07	4.66747e+07	5.19412e+07	5.59199e+07	4.46635e+07	9.48378e+07	3.40653e+07	3.35739e+07	1.04798e+08	5.55292e+07	3.11116e+07	3.0299e+07	4.38935e+07	9.12625e+07	5.13067e+07	8.33652e+07	6.59497e+07
SRR1734610	2.55583e+07	1.11241e+07	1.08398e+07	3.28624e+07	2.40422e+07	2.65408e+07	2.85723e+07	2.25182e+07	3.40653e+07	2.16362e+07	1.71012e+07	4.41969e+07	2.65082e+07	1.44352e+07	1.66777e+07	2.17121e+07	3.96618e+07	2.41759e+07	3.82143e+07	3.10151e+07
SRR1734611	3.35101e+07	1.53275e+07	1.56279e+07	4.02629e+07	3.69703e+07	3.26371e+07	2.76696e+07	2.24302e+07	3.35739e+07	1.71012e+07	3.8996e+07	4.44119e+07	3.96128e+07	2.40149e+07	2.00588e+07	3.47722e+07	3.93117e+07	2.45938e+07	3.64626e+07	2.84897e+07
SRR1734612	6.73971e+07	2.96005e+07	2.77347e+07	8.97238e+07	6.23335e+07	6.99048e+07	7.30742e+07	5.71124e+07	1.04798e+08	4.41969e+07	4.44119e+07	1.49561e+08	7.43123e+07	4.06647e+07	3.92499e+07	5.63133e+07	1.21357e+08	6.32481e+07	1.11494e+08	8.88663e+07
SRR1734613	5.53408e+07	2.71319e+07	2.32585e+07	6.32072e+07	5.29636e+07	5.23443e+07	4.63153e+07	3.50206e+07	5.55292e+07	2.65082e+07	3.96128e+07	7.43123e+07	8.30282e+07	3.31208e+07	3.2156e+07	4.78172e+07	6.55803e+07	3.89645e+07	6.11106e+07	4.65009e+07
SRR1734614	3.64549e+07	1.34808e+07	1.74657e+07	3.63826e+07	2.95234e+07	2.8992e+07	2.43626e+07	1.84763e+07	3.11116e+07	1.44352e+07	2.40149e+07	4.06647e+07	3.31208e+07	3.68874e+07	1.84841e+07	3.33068e+07	3.63239e+07	2.02021e+07	3.33772e+07	2.62012e+07
SRR1734615	3.30704e+07	1.28431e+07	1.29818e+07	3.51823e+07	2.83349e+07	2.96698e+07	2.65611e+07	2.05958e+07	3.0299e+07	1.66777e+07	2.00588e+07	3.92499e+07	3.2156e+07	1.84841e+07	2.76297e+07	2.75551e+07	3.5596e+07	2.21192e+07	3.3354e+07	2.5949e+07
SRR1734616	4.50286e+07	1.79475e+07	2.23694e+07	5.27763e+07	4.49683e+07	4.39412e+07	3.61504e+07	2.99986e+07	4.38935e+07	2.17121e+07	3.47722e+07	5.63133e+07	4.78172e+07	3.33068e+07	2.75551e+07	6.44486e+07	5.03702e+07	3.37326e+07	4.6344e+07	3.39788e+07
SRR1734617	5.98824e+07	2.6468e+07	2.50393e+07	7.91458e+07	5.54814e+07	6.23192e+07	6.48459e+07	5.04199e+07	9.12625e+07	3.96618e+07	3.93117e+07	1.21357e+08	6.55803e+07	3.63239e+07	3.5596e+07	5.03702e+07	1.15995e+08	5.51627e+07	9.85208e+07	8.03752e+07
SRR1734618	3.56406e+07	1.55557e+07	1.43664e+07	4.78226e+07	3.52954e+07	3.61256e+07	4.16468e+07	3.57808e+07	5.13067e+07	2.41759e+07	2.45938e+07	6.32481e+07	3.89645e+07	2.02021e+07	2.21192e+07	3.37326e+07	5.51627e+07	5.23229e+07	5.36687e+07	3.63906e+07
SRR1734619	5.70355e+07	2.52981e+07	2.39e+07	7.61048e+07	5.28093e+07	5.86247e+07	6.21908e+07	4.8538e+07	8.33652e+07	3.82143e+07	3.64626e+07	1.11494e+08	6.11106e+07	3.33772e+07	3.3354e+07	4.6344e+07	9.85208e+07	5.36687e+07	1.02879e+08	7.43415e+07
SRR1734620	4.33158e+07	1.94643e+07	1.89359e+07	5.61615e+07	3.96885e+07	4.587e+07	4.72203e+07	3.49675e+07	6.59497e+07	3.10151e+07	2.84897e+07	8.88663e+07	4.65009e+07	2.62012e+07	2.5949e+07	3.39788e+07	8.03752e+07	3.63906e+07	7.43415e+07	7.14343e+07
