	SRR1734599	SRR1734600	SRR1734601	SRR1734602	SRR1734603	SRR1734604	SRR1734607	SRR1734608	SRR1734609	SRR1734610	SRR1734611	SRR1734612	SRR1734613	SRR1734614	SRR1734615	SRR1734616	SRR1734617	SRR1734618	SRR1734619	SRR1734620
SRR1734599	4.18434e+07	2.58267e+07	2.26547e+07	3.76892e+07	2.44832e+07	4.08265e+07	3.22772e+07	2.70606e+07	3.08734e+07	3.07918e+07	2.94718e+07	3.54988e+07	2.61112e+07	3.15213e+07	3.00571e+07	2.38701e+07	3.11891e+07	1.9094e+07	3.76687e+07	3.9146e+07
SRR1734600	2.58267e+07	4.13399e+07	2.58646e+07	4.20448e+07	2.93431e+07	4.01704e+07	3.75572e+07	3.18533e+07	3.82435e+07	3.59953e+07	3.43843e+07	4.39542e+07	3.5667e+07	2.97528e+07	3.06395e+07	2.39984e+07	3.84136e+07	2.25997e+07	4.68585e+07	4.86797e+07
SRR1734601	2.26547e+07	2.58646e+07	3.76071e+07	3.54262e+07	2.43727e+07	3.53706e+07	3.06712e+07	2.63261e+07	3.18985e+07	3.06495e+07	3.03633e+07	3.65567e+07	2.66664e+07	3.17983e+07	2.73262e+07	2.60051e+07	3.21548e+07	1.8082e+07	3.87061e+07	4.08855e+07
SRR1734602	3.76892e+07	4.20448e+07	3.54262e+07	7.96681e+07	4.02325e+07	5.99275e+07	5.7806e+07	5.10286e+07	5.95007e+07	5.64314e+07	4.79759e+07	6.85014e+07	4.1962e+07	4.25127e+07	4.49881e+07	3.73634e+07	5.93676e+07	3.6875e+07	7.28049e+07	7.32397e+07
SRR1734603	2.44832e+07	2.93431e+07	2.43727e+07	4.02325e+07	3.96752e+07	3.91801e+07	3.52598e+07	3.16036e+07	3.47627e+07	3.40166e+07	3.69606e+07	4.00739e+07	3.06687e+07	2.86104e+07	3.0062e+07	2.73355e+07	3.51813e+07	2.34702e+07	4.25291e+07	4.3339e+07
SRR1734604	4.08265e+07	4.01704e+07	3.53706e+07	5.99275e+07	3.91801e+07	8.18177e+07	5.39813e+07	4.68384e+07	5.46676e+07	5.32457e+07	4.69219e+07	6.41863e+07	4.16911e+07	4.08687e+07	4.45589e+07	3.62945e+07	5.59123e+07	3.29395e+07	6.70412e+07	7.11611e+07
SRR1734607	3.22772e+07	3.75572e+07	3.06712e+07	5.7806e+07	3.52598e+07	5.39813e+07	6.74411e+07	5.19211e+07	6.01335e+07	5.83511e+07	4.02199e+07	6.83244e+07	3.76449e+07	3.4926e+07	4.03131e+07	3.02681e+07	5.94696e+07	3.90875e+07	7.245e+07	7.48684e+07
SRR1734608	2.70606e+07	3.18533e+07	2.63261e+07	5.10286e+07	3.16036e+07	4.68384e+07	5.19211e+07	5.60106e+07	5.41553e+07	5.03486e+07	3.66121e+07	6.0378e+07	3.26313e+07	3.03676e+07	3.50915e+07	2.84279e+07	5.22447e+07	3.7229e+07	6.36232e+07	6.20978e+07
SRR1734609	3.08734e+07	3.82435e+07	3.18985e+07	5.95007e+07	3.47627e+07	5.46676e+07	6.01335e+07	5.41553e+07	8.83161e+07	6.19071e+07	4.25674e+07	8.32946e+07	3.87501e+07	3.84658e+07	4.03245e+07	3.16629e+07	7.13075e+07	4.11097e+07	8.37101e+07	9.21534e+07
SRR1734610	3.07918e+07	3.59953e+07	3.06495e+07	5.64314e+07	3.40166e+07	5.32457e+07	5.83511e+07	5.03486e+07	6.19071e+07	6.59477e+07	4.00194e+07	7.0912e+07	3.64877e+07	3.46871e+07	3.95254e+07	2.91913e+07	6.16614e+07	3.67921e+07	7.54346e+07	8.2232e+07
SRR1734611	2.94718e+07	3.43843e+07	3.03633e+07	4.79759e+07	3.69606e+07	4.69219e+07	4.02199e+07	3.66121e+07	4.25674e+07	4.00194e+07	5.88945e+07	4.88957e+07	3.74641e+07	3.77447e+07	3.53392e+07	3.49572e+07	4.2701e+07	2.68505e+07	5.03683e+07	5.26618e+07
SRR1734612	3.54988e+07	4.39542e+07	3.65567e+07	6.85014e+07	4.00739e+07	6.41863e+07	6.83244e+07	6.0378e+07	8.32946e+07	7.0912e+07	4.88957e+07	1.02092e+08	4.43361e+07	4.37278e+07	4.60014e+07	3.53671e+07	8.09928e+07	4.39727e+07	9.64608e+07	1.08559e+08
SRR1734613	2.61112e+07	3.5667e+07	2.66664e+07	4.1962e+07	3.06687e+07	4.16911e+07	3.76449e+07	3.26313e+07	3.87501e+07	3.64877e+07	3.74641e+07	4.43361e+07	4.61603e+07	3.10413e+07	3.23133e+07	2.63498e+07	3.84959e+07	2.34141e+07	4.58789e+07	4.77847e+07
SRR1734614	3.15213e+07	2.97528e+07	3.17983e+07	4.25127e+07	2.86104e+07	4.08687e+07	3.4926e+07	3.03676e+07	3.84658e+07	3.46871e+07	3.77447e+07	4.37278e+07	3.10413e+07	5.35144e+07	3.23041e+07	3.24236e+07	3.82249e+07	2.13026e+07	4.50214e+07	4.83643e+07
SRR1734615	3.00571e+07	3.06395e+07	2.73262e+07	4.49881e+07	3.0062e+07	4.45589e+07	4.03131e+07	3.50915e+07	4.03245e+07	3.95254e+07	3.53392e+07	4.60014e+07	3.23133e+07	3.23041e+07	4.85438e+07	2.88133e+07	4.07188e+07	2.53496e+07	4.81013e+07	4.96436e+07
SRR1734616	2.38701e+07	2.39984e+07	2.60051e+07	3.73634e+07	2.73355e+07	3.62945e+07	3.02681e+07	2.84279e+07	3.16629e+07	2.91913e+07	3.49572e+07	3.53671e+07	2.63498e+07	3.24236e+07	2.88133e+07	4.13465e+07	3.11517e+07	2.16864e+07	3.59915e+07	3.53961e+07
SRR1734617	3.11891e+07	3.84136e+07	3.21548e+07	5.93676e+07	3.51813e+07	5.59123e+07	5.94696e+07	5.22447e+07	7.13075e+07	6.16614e+07	4.2701e+07	8.09928e+07	3.84959e+07	3.82249e+07	4.07188e+07	3.11517e+07	7.69129e+07	3.7957e+07	8.31734e+07	9.48883e+07
SRR1734618	1.9094e+07	2.25997e+07	1.8082e+07	3.6875e+07	2.34702e+07	3.29395e+07	3.90875e+07	3.7229e+07	4.11097e+07	3.67921e+07	2.68505e+07	4.39727e+07	2.34141e+07	2.13026e+07	2.53496e+07	2.16864e+07	3.7957e+07	3.81724e+07	4.64963e+07	4.31835e+07
SRR1734619	3.76687e+07	4.68585e+07	3.87061e+07	7.28049e+07	4.25291e+07	6.70412e+07	7.245e+07	6.36232e+07	8.37101e+07	7.54346e+07	5.03683e+07	9.64608e+07	4.58789e+07	4.50214e+07	4.81013e+07	3.59915e+07	8.31734e+07	4.64963e+07	1.12252e+08	1.1431e+08
SRR1734620	3.9146e+07	4.86797e+07	4.08855e+07	7.32397e+07	4.3339e+07	7.11611e+07	7.48684e+07	6.20978e+07	9.21534e+07	8.2232e+07	5.26618e+07	1.08559e+08	4.77847e+07	4.83643e+07	4.96436e+07	3.53961e+07	9.48883e+07	4.31835e+07	1.1431e+08	1.53264e+08
