	1x-SRR1734599	1x-SRR1734600	1x-SRR1734601	1x-SRR1734602	1x-SRR1734603	1x-SRR1734604	1x-SRR1734607	1x-SRR1734608	1x-SRR1734609	1x-SRR1734610	1x-SRR1734611	1x-SRR1734612	1x-SRR1734613	1x-SRR1734614	1x-SRR1734615	1x-SRR1734616	1x-SRR1734617	1x-SRR1734618	1x-SRR1734619	1x-SRR1734620
1x-SRR1734599	0	0.856035	0.932927	0.763617	0.805348	0.726795	0.811855	0.899747	0.927934	0.887827	0.903642	0.885791	0.812773	0.822365	0.782633	0.873515	0.879665	0.955711	0.871716	0.93261
1x-SRR1734600	0.856035	0	0.892065	0.792642	0.783284	0.844326	0.815568	0.888232	0.896263	0.872851	0.853971	0.864237	0.677082	0.922425	0.85735	0.917921	0.853045	0.941614	0.841857	0.898731
1x-SRR1734601	0.932927	0.892065	0	0.90005	0.872922	0.909672	0.932107	0.985387	0.986612	0.954876	0.911798	0.970047	0.898922	0.810641	0.920177	0.835961	0.956219	1.03564	0.948511	0.976623
1x-SRR1734602	0.763617	0.792642	0.90005	0	0.718179	0.728226	0.654821	0.720117	0.759271	0.734474	0.816753	0.695183	0.752305	0.872696	0.785045	0.800586	0.693396	0.79576	0.669956	0.791391
1x-SRR1734603	0.805348	0.783284	0.872922	0.718179	0	0.763247	0.775668	0.81263	0.882927	0.826946	0.701755	0.837919	0.721043	0.873036	0.792055	0.757399	0.829604	0.870343	0.821106	0.896805
1x-SRR1734604	0.726795	0.844326	0.909672	0.728226	0.763247	0	0.750213	0.817436	0.848436	0.794033	0.863469	0.792493	0.788169	0.92427	0.803258	0.828413	0.781783	0.895153	0.782773	0.835094
1x-SRR1734607	0.811855	0.815568	0.932107	0.654821	0.775668	0.750213	0	0.588539	0.665796	0.578548	0.893739	0.61652	0.788678	0.955262	0.793785	0.882731	0.606393	0.662662	0.58116	0.69668
1x-SRR1734608	0.899747	0.888232	0.985387	0.720117	0.81263	0.817436	0.588539	0	0.706524	0.644824	0.908067	0.686855	0.861566	1.00224	0.847226	0.881578	0.684129	0.617477	0.658801	0.80382
1x-SRR1734609	0.927934	0.896263	0.986612	0.759271	0.882927	0.848436	0.665796	0.706524	0	0.704243	0.946489	0.490014	0.865131	0.973644	0.903438	0.936548	0.509654	0.737096	0.558607	0.630475
1x-SRR1734610	0.887827	0.872851	0.954876	0.734474	0.826946	0.794033	0.578548	0.644824	0.704243	0	0.906927	0.66791	0.865534	0.988974	0.797352	0.914944	0.645441	0.750292	0.616478	0.649751
1x-SRR1734611	0.903642	0.853971	0.911798	0.816753	0.701755	0.863469	0.893739	0.908067	0.946489	0.906927	0	0.914832	0.779531	0.85652	0.88194	0.782803	0.911581	0.954501	0.921225	0.959386
1x-SRR1734612	0.885791	0.864237	0.970047	0.695183	0.837919	0.792493	0.61652	0.686855	0.490014	0.66791	0.914832	0	0.816252	0.951334	0.88252	0.923491	0.396539	0.755013	0.449802	0.529612
1x-SRR1734613	0.812773	0.677082	0.898922	0.752305	0.721043	0.788169	0.788678	0.861566	0.865131	0.865534	0.779531	0.816252	0	0.896125	0.810717	0.832251	0.814552	0.904249	0.823149	0.890166
1x-SRR1734614	0.822365	0.922425	0.810641	0.872696	0.873036	0.92427	0.955262	1.00224	0.973644	0.988974	0.85652	0.951334	0.896125	0	0.917617	0.79611	0.943071	1.03938	0.957276	0.989524
1x-SRR1734615	0.782633	0.85735	0.920177	0.785045	0.792055	0.803258	0.793785	0.847226	0.903438	0.797352	0.88194	0.88252	0.810717	0.917617	0	0.833077	0.861657	0.914604	0.86533	0.912044
1x-SRR1734616	0.873515	0.917921	0.835961	0.800586	0.757399	0.828413	0.882731	0.881578	0.936548	0.914944	0.782803	0.923491	0.832251	0.79611	0.833077	0	0.913708	0.915538	0.928281	0.999218
1x-SRR1734617	0.879665	0.853045	0.956219	0.693396	0.829604	0.781783	0.606393	0.684129	0.509654	0.645441	0.911581	0.396539	0.814552	0.943071	0.861657	0.913708	0	0.764099	0.443003	0.483785
1x-SRR1734618	0.955711	0.941614	1.03564	0.79576	0.870343	0.895153	0.662662	0.617477	0.737096	0.750292	0.954501	0.755013	0.904249	1.03938	0.914604	0.915538	0.764099	0	0.732806	0.899737
1x-SRR1734619	0.871716	0.841857	0.948511	0.669956	0.821106	0.782773	0.58116	0.658801	0.558607	0.616478	0.921225	0.449802	0.823149	0.957276	0.86533	0.928281	0.443003	0.732806	0	0.515379
1x-SRR1734620	0.93261	0.898731	0.976623	0.791391	0.896805	0.835094	0.69668	0.80382	0.630475	0.649751	0.959386	0.529612	0.890166	0.989524	0.912044	0.999218	0.483785	0.899737	0.515379	0
