	SRR1734599	SRR1734600	SRR1734601	SRR1734602	SRR1734603	SRR1734604	SRR1734607	SRR1734608	SRR1734609	SRR1734610	SRR1734611	SRR1734612	SRR1734613	SRR1734614	SRR1734615	SRR1734616	SRR1734617	SRR1734618	SRR1734619	SRR1734620
SRR1734599	0	0.870666	0.926179	0.833342	0.893431	0.777487	0.885886	0.93918	0.992102	0.909761	0.90146	0.955896	0.900971	0.817161	0.8162	0.923169	0.948915	1.022	0.949076	1.01111
SRR1734600	0.870666	0	0.829492	0.731259	0.742241	0.786494	0.759882	0.822236	0.856826	0.788183	0.778656	0.804261	0.605831	0.857241	0.795038	0.916005	0.798448	0.928537	0.790104	0.881401
SRR1734601	0.926179	0.829492	0	0.839985	0.859103	0.85129	0.884282	0.923461	0.94499	0.876992	0.842409	0.905562	0.848503	0.763129	0.849055	0.825246	0.896799	1.02251	0.899193	0.960692
SRR1734602	0.833342	0.731259	0.839985	0	0.754177	0.717959	0.650198	0.687168	0.762431	0.665529	0.774086	0.693457	0.78491	0.835357	0.743752	0.835456	0.695102	0.814034	0.678417	0.821215
SRR1734603	0.893431	0.742241	0.859103	0.754177	0	0.790351	0.797942	0.811897	0.908554	0.818518	0.68613	0.860626	0.752808	0.870734	0.793723	0.806334	0.852206	0.890965	0.851731	0.942574
SRR1734604	0.777487	0.786494	0.85129	0.717959	0.790351	0	0.73932	0.784983	0.844853	0.741794	0.805047	0.77162	0.801998	0.874488	0.765454	0.867157	0.768337	0.906189	0.775175	0.853842
SRR1734607	0.885886	0.759882	0.884282	0.650198	0.797942	0.73932	0	0.55716	0.664569	0.500084	0.850673	0.594282	0.806601	0.915021	0.76869	0.923908	0.590389	0.677683	0.578481	0.726078
SRR1734608	0.93918	0.822236	0.923461	0.687168	0.811897	0.784983	0.55716	0	0.678246	0.585792	0.851517	0.634901	0.846466	0.943741	0.808733	0.904729	0.638765	0.624276	0.628674	0.812125
SRR1734609	0.992102	0.856826	0.94499	0.762431	0.908554	0.844853	0.664569	0.678246	0	0.614513	0.905286	0.495569	0.886677	0.93859	0.876516	0.975729	0.519234	0.764163	0.564382	0.644848
SRR1734610	0.909761	0.788183	0.876992	0.665529	0.818518	0.741794	0.500084	0.585792	0.614513	0	0.845996	0.521114	0.823017	0.912259	0.776443	0.939117	0.518088	0.730348	0.4965	0.603423
SRR1734611	0.90146	0.778656	0.842409	0.774086	0.68613	0.805047	0.850673	0.851517	0.905286	0.845996	0	0.859562	0.750296	0.80953	0.823499	0.763673	0.855038	0.931353	0.872385	0.944149
SRR1734612	0.955896	0.804261	0.905562	0.693457	0.860626	0.77162	0.594282	0.634901	0.495569	0.521114	0.859562	0	0.841613	0.903773	0.832533	0.954612	0.414701	0.768909	0.444819	0.514071
SRR1734613	0.900971	0.605831	0.848503	0.78491	0.752808	0.801998	0.806601	0.846466	0.886677	0.823017	0.750296	0.841613	0	0.86654	0.796716	0.890901	0.841343	0.940439	0.851641	0.929395
SRR1734614	0.817161	0.857241	0.763129	0.835357	0.870734	0.874488	0.915021	0.943741	0.93859	0.912259	0.80953	0.903773	0.86654	0	0.855799	0.788294	0.899094	1.02827	0.915555	0.965364
SRR1734615	0.8162	0.795038	0.849055	0.743752	0.793723	0.765454	0.76869	0.808733	0.876516	0.776443	0.823499	0.832533	0.796716	0.855799	0	0.844818	0.816836	0.906771	0.834726	0.921367
SRR1734616	0.923169	0.916005	0.825246	0.835456	0.806334	0.867157	0.923908	0.904729	0.975729	0.939117	0.763673	0.954612	0.890901	0.788294	0.844818	0	0.946138	0.953021	0.971285	1.0539
SRR1734617	0.948915	0.798448	0.896799	0.695102	0.852206	0.768337	0.590389	0.638765	0.519234	0.518088	0.855038	0.414701	0.841343	0.899094	0.816836	0.946138	0	0.773931	0.457971	0.502068
SRR1734618	1.022	0.928537	1.02251	0.814034	0.890965	0.906189	0.677683	0.624276	0.764163	0.730348	0.931353	0.768909	0.940439	1.02827	0.906771	0.953021	0.773931	0	0.761175	0.933191
SRR1734619	0.949076	0.790104	0.899193	0.678417	0.851731	0.775175	0.578481	0.628674	0.564382	0.4965	0.872385	0.444819	0.851641	0.915555	0.834726	0.971285	0.457971	0.761175	0	0.506958
SRR1734620	1.01111	0.881401	0.960692	0.821215	0.942574	0.853842	0.726078	0.812125	0.644848	0.603423	0.944149	0.514071	0.929395	0.965364	0.921367	1.0539	0.502068	0.933191	0.506958	0
