	1x-SRR1734599	1x-SRR1734600	1x-SRR1734601	1x-SRR1734602	1x-SRR1734603	1x-SRR1734604	1x-SRR1734607	1x-SRR1734608	1x-SRR1734609	1x-SRR1734610	1x-SRR1734611	1x-SRR1734612	1x-SRR1734613	1x-SRR1734614	1x-SRR1734615	1x-SRR1734616	1x-SRR1734617	1x-SRR1734618	1x-SRR1734619	1x-SRR1734620
1x-SRR1734599	0	1.24031	1.24783	1.16182	1.22622	1.0776	1.35577	1.35884	1.36347	1.35253	1.1424	1.3538	1.24605	1.00207	1.12927	1.13724	1.35304	1.36724	1.35264	1.35107
1x-SRR1734600	1.24031	0	1.26151	1.16676	1.02371	1.26427	1.24006	1.27175	1.28536	1.25656	1.04836	1.25157	0.833175	1.22939	1.23065	1.23021	1.24954	1.27953	1.23737	1.23154
1x-SRR1734601	1.24783	1.26151	0	1.23622	1.12734	1.28287	1.34332	1.34846	1.35861	1.33839	1.09546	1.33904	1.26482	0.92491	1.21198	0.918454	1.34025	1.36187	1.33709	1.33302
1x-SRR1734602	1.16182	1.16676	1.23622	0	1.13772	1.20122	1.12532	1.11142	1.15331	1.11533	1.06616	1.10387	1.18763	1.14	1.17904	1.10246	1.10907	1.14997	1.102	1.14327
1x-SRR1734603	1.22622	1.02371	1.12734	1.13772	0	1.21938	1.26353	1.26347	1.30742	1.26966	0.864008	1.27572	1.03328	1.11346	1.20496	1.05338	1.2763	1.2858	1.26492	1.27522
1x-SRR1734604	1.0776	1.26427	1.28287	1.20122	1.21938	0	1.26904	1.27004	1.30375	1.26562	1.19497	1.25611	1.25926	1.24347	1.2424	1.22866	1.26292	1.30442	1.26256	1.26325
1x-SRR1734607	1.35577	1.24006	1.34332	1.12532	1.26353	1.26904	0	0.763338	0.888881	0.711257	1.25656	0.760498	1.24913	1.33426	1.30552	1.31936	0.745736	0.779455	0.723383	0.806868
1x-SRR1734608	1.35884	1.27175	1.34846	1.11142	1.26347	1.27004	0.763338	0	0.862029	0.761424	1.25973	0.760182	1.27872	1.34024	1.31	1.3041	0.786637	0.753224	0.764808	0.902502
1x-SRR1734609	1.36347	1.28536	1.35861	1.15331	1.30742	1.30375	0.888881	0.862029	0	0.847688	1.28838	0.672132	1.29321	1.33965	1.32613	1.31112	0.738964	0.861184	0.792573	0.857936
1x-SRR1734610	1.35253	1.25656	1.33839	1.11533	1.26966	1.26562	0.711257	0.761424	0.847688	0	1.25318	0.699396	1.27101	1.32705	1.3034	1.32019	0.699633	0.823294	0.664391	0.720224
1x-SRR1734611	1.1424	1.04836	1.09546	1.06616	0.864008	1.19497	1.25656	1.25973	1.28838	1.25318	0	1.24448	1.041	1.01034	1.19767	0.969136	1.25218	1.28499	1.24849	1.24751
1x-SRR1734612	1.3538	1.25157	1.33904	1.10387	1.27572	1.25611	0.760498	0.760182	0.672132	0.699396	1.24448	0	1.25777	1.31386	1.30404	1.29913	0.586343	0.815795	0.615896	0.66618
1x-SRR1734613	1.24605	0.833175	1.26482	1.18763	1.03328	1.25926	1.24913	1.27872	1.29321	1.27101	1.041	1.25777	0	1.22308	1.22091	1.2125	1.26685	1.28404	1.26516	1.25995
1x-SRR1734614	1.00207	1.22939	0.92491	1.14	1.11346	1.24347	1.33426	1.34024	1.33965	1.32705	1.01034	1.31386	1.22308	0	1.1773	0.873722	1.31776	1.35566	1.32354	1.31391
1x-SRR1734615	1.12927	1.23065	1.21198	1.17904	1.20496	1.2424	1.30552	1.31	1.32613	1.3034	1.19767	1.30404	1.22091	1.1773	0	1.17954	1.30182	1.32657	1.30567	1.30682
1x-SRR1734616	1.13724	1.23021	0.918454	1.10246	1.05338	1.22866	1.31936	1.3041	1.31112	1.32019	0.969136	1.29913	1.2125	0.873722	1.17954	0	1.31199	1.31261	1.31946	1.33479
1x-SRR1734617	1.35304	1.24954	1.34025	1.10907	1.2763	1.26292	0.745736	0.786637	0.738964	0.699633	1.25218	0.586343	1.26685	1.31776	1.30182	1.31199	0	0.844765	0.626616	0.637993
1x-SRR1734618	1.36724	1.27953	1.36187	1.14997	1.2858	1.30442	0.779455	0.753224	0.861184	0.823294	1.28499	0.815795	1.28404	1.35566	1.32657	1.31261	0.844765	0	0.827397	0.985958
1x-SRR1734619	1.35264	1.23737	1.33709	1.102	1.26492	1.26256	0.723383	0.764808	0.792573	0.664391	1.24849	0.615896	1.26516	1.32354	1.30567	1.31946	0.626616	0.827397	0	0.630335
1x-SRR1734620	1.35107	1.23154	1.33302	1.14327	1.27522	1.26325	0.806868	0.902502	0.857936	0.720224	1.24751	0.66618	1.25995	1.31391	1.30682	1.33479	0.637993	0.985958	0.630335	0
