	1x-SRR1734599	1x-SRR1734600	1x-SRR1734601	1x-SRR1734602	1x-SRR1734603	1x-SRR1734604	1x-SRR1734607	1x-SRR1734608	1x-SRR1734609	1x-SRR1734610	1x-SRR1734611	1x-SRR1734612	1x-SRR1734613	1x-SRR1734614	1x-SRR1734615	1x-SRR1734616	1x-SRR1734617	1x-SRR1734618	1x-SRR1734619	1x-SRR1734620
1x-SRR1734599	0	1.25449	1.26763	1.1565	1.1845	1.08152	1.32959	1.33873	1.3376	1.33614	1.14183	1.32169	1.20589	1.00801	1.11212	1.15561	1.31985	1.33941	1.325	1.32674
1x-SRR1734600	1.25449	0	1.30662	1.19706	1.091	1.29076	1.26097	1.29253	1.29901	1.29071	1.10686	1.2631	0.904277	1.26886	1.26724	1.25453	1.26022	1.2853	1.2599	1.2611
1x-SRR1734601	1.26763	1.30662	0	1.26154	1.12125	1.30697	1.35276	1.35988	1.36512	1.35608	1.14184	1.34707	1.27603	0.956062	1.2596	0.957905	1.34687	1.36322	1.34842	1.34793
1x-SRR1734602	1.1565	1.19706	1.26154	0	1.09294	1.20111	1.11422	1.11758	1.14972	1.13646	1.05056	1.09189	1.16092	1.13938	1.18776	1.08929	1.09345	1.13381	1.0932	1.1345
1x-SRR1734603	1.1845	1.091	1.12125	1.09294	0	1.20003	1.25301	1.25626	1.29431	1.27454	0.852569	1.24881	1.03587	1.08654	1.19036	1.01209	1.24918	1.26652	1.25341	1.26749
1x-SRR1734604	1.08152	1.29076	1.30697	1.20111	1.20003	0	1.27172	1.27906	1.30174	1.28402	1.2253	1.25207	1.25042	1.26446	1.25538	1.21407	1.25419	1.29619	1.26449	1.27044
1x-SRR1734607	1.32959	1.26097	1.35276	1.11422	1.25301	1.27172	0	0.790361	0.889728	0.810944	1.27087	0.775384	1.23607	1.34047	1.31047	1.29782	0.751279	0.778611	0.726265	0.821616
1x-SRR1734608	1.33873	1.29253	1.35988	1.11758	1.25626	1.27906	0.790361	0	0.876272	0.860628	1.27697	0.793516	1.2741	1.34981	1.31964	1.28535	0.809015	0.755472	0.786432	0.93269
1x-SRR1734609	1.3376	1.29901	1.36512	1.14972	1.29431	1.30174	0.889728	0.876272	0	0.921627	1.29548	0.648248	1.27901	1.34449	1.32791	1.28505	0.719127	0.829071	0.784429	0.875963
1x-SRR1734610	1.33614	1.29071	1.35608	1.13646	1.27454	1.28402	0.810944	0.860628	0.921627	0	1.2864	0.811114	1.27406	1.34536	1.31857	1.3126	0.798923	0.890315	0.774206	0.825827
1x-SRR1734611	1.14183	1.10686	1.14184	1.05056	0.852569	1.2253	1.27087	1.27697	1.29548	1.2864	0	1.24424	1.03378	1.00936	1.2174	0.990939	1.25586	1.28675	1.26654	1.26969
1x-SRR1734612	1.32169	1.2631	1.34707	1.09189	1.24881	1.25207	0.775384	0.793516	0.648248	0.811114	1.24424	0	1.23006	1.31829	1.30435	1.26597	0.550584	0.802104	0.612	0.690003
1x-SRR1734613	1.20589	0.904277	1.27603	1.16092	1.03587	1.25042	1.23607	1.2741	1.27901	1.27406	1.03378	1.23006	0	1.21586	1.21033	1.17708	1.23762	1.2642	1.25106	1.25005
1x-SRR1734614	1.00801	1.26886	0.956062	1.13938	1.08654	1.26446	1.34047	1.34981	1.34449	1.34536	1.00936	1.31829	1.21586	0	1.19972	0.896656	1.32124	1.35515	1.33241	1.32756
1x-SRR1734615	1.11212	1.26724	1.2596	1.18776	1.19036	1.25538	1.31047	1.31964	1.32791	1.31857	1.2174	1.30435	1.21033	1.19972	0	1.17816	1.29896	1.32309	1.30949	1.31409
1x-SRR1734616	1.15561	1.25453	0.957905	1.08929	1.01209	1.21407	1.29782	1.28535	1.28505	1.3126	0.990939	1.26597	1.17708	0.896656	1.17816	0	1.27727	1.28169	1.29552	1.31954
1x-SRR1734617	1.31985	1.26022	1.34687	1.09345	1.24918	1.25419	0.751279	0.809015	0.719127	0.798923	1.25586	0.550584	1.23762	1.32124	1.29896	1.27727	0	0.831825	0.60691	0.647875
1x-SRR1734618	1.33941	1.2853	1.36322	1.13381	1.26652	1.29619	0.778611	0.755472	0.829071	0.890315	1.28675	0.802104	1.2642	1.35515	1.32309	1.28169	0.831825	0	0.804688	0.981729
1x-SRR1734619	1.325	1.2599	1.34842	1.0932	1.25341	1.26449	0.726265	0.786432	0.784429	0.774206	1.26654	0.612	1.25106	1.33241	1.30949	1.29552	0.60691	0.804688	0	0.670207
1x-SRR1734620	1.32674	1.2611	1.34793	1.1345	1.26749	1.27044	0.821616	0.93269	0.875963	0.825827	1.26969	0.690003	1.25005	1.32756	1.31409	1.31954	0.647875	0.981729	0.670207	0
