	1x-SRR1734599	1x-SRR1734600	1x-SRR1734601	1x-SRR1734602	1x-SRR1734603	1x-SRR1734604	1x-SRR1734607	1x-SRR1734608	1x-SRR1734609	1x-SRR1734610	1x-SRR1734611	1x-SRR1734612	1x-SRR1734613	1x-SRR1734614	1x-SRR1734615	1x-SRR1734616	1x-SRR1734617	1x-SRR1734618	1x-SRR1734619	1x-SRR1734620
1x-SRR1734599	2.02343e+07	1.6612e+06	2.05436e+06	6.20126e+06	5.19038e+06	6.86108e+06	1.70871e+06	1.48734e+06	2.65046e+06	918602	5.8602e+06	3.37355e+06	5.2437e+06	8.12891e+06	3.75984e+06	6.75602e+06	2.84614e+06	1.97421e+06	2.51733e+06	1.83063e+06
1x-SRR1734600	1.6612e+06	3.00231e+06	589273	2.0445e+06	2.71195e+06	1.0629e+06	1.16204e+06	908157	1.51371e+06	550487	2.51235e+06	2.0769e+06	4.375e+06	1.2411e+06	747893	1.66881e+06	1.75023e+06	1.28488e+06	1.63736e+06	1.20478e+06
1x-SRR1734601	2.05436e+06	589273	5.39874e+06	1.97521e+06	3.33606e+06	1.24558e+06	646347	557335	886109	355899	3.02695e+06	1.27622e+06	1.84467e+06	4.63429e+06	1.05201e+06	5.68395e+06	1.05962e+06	701274	967119	722132
1x-SRR1734602	6.20126e+06	2.0445e+06	1.97521e+06	1.73203e+07	6.4796e+06	4.26082e+06	5.1643e+06	4.97364e+06	7.88823e+06	2.80411e+06	6.98026e+06	9.95981e+06	5.79727e+06	5.36448e+06	2.68569e+06	7.65095e+06	8.21016e+06	6.33606e+06	7.67091e+06	5.03628e+06
1x-SRR1734603	5.19038e+06	2.71195e+06	3.33606e+06	6.4796e+06	1.4945e+07	3.97643e+06	2.71917e+06	2.59484e+06	3.50894e+06	1.38071e+06	9.20969e+06	5.04482e+06	7.65329e+06	5.81819e+06	2.46856e+06	8.52432e+06	4.16752e+06	3.26144e+06	3.79739e+06	2.58202e+06
1x-SRR1734604	6.86108e+06	1.0629e+06	1.24558e+06	4.26082e+06	3.97643e+06	1.3498e+07	2.30038e+06	2.12801e+06	3.13685e+06	1.22748e+06	3.42801e+06	4.70563e+06	3.42447e+06	2.7068e+06	1.70612e+06	4.36766e+06	3.84759e+06	2.50441e+06	3.37419e+06	2.4072e+06
1x-SRR1734607	1.70871e+06	1.16204e+06	646347	5.1643e+06	2.71917e+06	2.30038e+06	1.0705e+07	7.1605e+06	1.10503e+07	4.177e+06	2.35649e+06	1.3559e+07	3.29902e+06	1.22073e+06	1.01287e+06	2.33419e+06	1.15197e+07	9.71705e+06	1.10327e+07	7.35852e+06
1x-SRR1734608	1.48734e+06	908157	557335	4.97364e+06	2.59484e+06	2.12801e+06	7.1605e+06	1.01285e+07	1.096e+07	3.8116e+06	2.19961e+06	1.29206e+07	2.5601e+06	1.04054e+06	901194	2.50214e+06	1.05021e+07	9.69248e+06	1.00682e+07	6.10496e+06
1x-SRR1734609	2.65046e+06	1.51371e+06	886109	7.88823e+06	3.50894e+06	3.13685e+06	1.10503e+07	1.096e+07	3.12472e+07	6.11688e+06	3.36518e+06	2.61628e+07	4.34696e+06	1.97472e+06	1.44882e+06	4.4046e+06	2.03295e+07	1.56352e+07	1.77245e+07	1.16965e+07
1x-SRR1734610	918602	550487	355899	2.80411e+06	1.38071e+06	1.22748e+06	4.177e+06	3.8116e+06	6.11688e+06	3.6179e+06	1.22851e+06	7.56302e+06	1.53055e+06	663772	544463	1.19113e+06	6.3524e+06	4.89338e+06	6.10049e+06	4.25545e+06
1x-SRR1734611	5.8602e+06	2.51235e+06	3.02695e+06	6.98026e+06	9.20969e+06	3.42801e+06	2.35649e+06	2.19961e+06	3.36518e+06	1.22851e+06	1.40059e+07	5.01018e+06	7.44347e+06	6.74425e+06	2.12287e+06	8.61051e+06	3.88096e+06	2.74544e+06	3.3926e+06	2.46409e+06
1x-SRR1734612	3.37355e+06	2.0769e+06	1.27622e+06	9.95981e+06	5.04482e+06	4.70563e+06	1.3559e+07	1.29206e+07	2.61628e+07	7.56302e+06	5.01018e+06	3.51097e+07	6.162e+06	2.85265e+06	1.93817e+06	5.32055e+06	2.46593e+07	1.71288e+07	2.20551e+07	1.53274e+07
1x-SRR1734613	5.2437e+06	4.375e+06	1.84467e+06	5.79727e+06	7.65329e+06	3.42447e+06	3.29902e+06	2.5601e+06	4.34696e+06	1.53055e+06	7.44347e+06	6.162e+06	1.82439e+07	4.09264e+06	2.50316e+06	5.93172e+06	4.90566e+06	3.657e+06	4.25323e+06	3.17105e+06
1x-SRR1734614	8.12891e+06	1.2411e+06	4.63429e+06	5.36448e+06	5.81819e+06	2.7068e+06	1.22073e+06	1.04054e+06	1.97472e+06	663772	6.74425e+06	2.85265e+06	4.09264e+06	1.34933e+07	2.25561e+06	9.92892e+06	2.29117e+06	1.28037e+06	1.88999e+06	1.48137e+06
1x-SRR1734615	3.75984e+06	747893	1.05201e+06	2.68569e+06	2.46856e+06	1.70612e+06	1.01287e+06	901194	1.44882e+06	544463	2.12287e+06	1.93817e+06	2.50316e+06	2.25561e+06	4.79789e+06	3.02929e+06	1.67982e+06	1.16422e+06	1.43077e+06	1.01572e+06
1x-SRR1734616	6.75602e+06	1.66881e+06	5.68395e+06	7.65095e+06	8.52432e+06	4.36766e+06	2.33419e+06	2.50214e+06	4.4046e+06	1.19113e+06	8.61051e+06	5.32055e+06	5.93172e+06	9.92892e+06	3.02929e+06	2.04304e+07	4.08601e+06	3.44091e+06	3.32896e+06	1.98566e+06
1x-SRR1734617	2.84614e+06	1.75023e+06	1.05962e+06	8.21016e+06	4.16752e+06	3.84759e+06	1.15197e+07	1.05021e+07	2.03295e+07	6.3524e+06	3.88096e+06	2.46593e+07	4.90566e+06	2.29117e+06	1.67982e+06	4.08601e+06	2.40603e+07	1.3672e+07	1.83274e+07	1.31576e+07
1x-SRR1734618	1.97421e+06	1.28488e+06	701274	6.33606e+06	3.26144e+06	2.50441e+06	9.71705e+06	9.69248e+06	1.56352e+07	4.89338e+06	2.74544e+06	1.71288e+07	3.657e+06	1.28037e+06	1.16422e+06	3.44091e+06	1.3672e+07	1.81619e+07	1.31987e+07	7.49594e+06
1x-SRR1734619	2.51733e+06	1.63736e+06	967119	7.67091e+06	3.79739e+06	3.37419e+06	1.10327e+07	1.00682e+07	1.77245e+07	6.10049e+06	3.3926e+06	2.20551e+07	4.25323e+06	1.88999e+06	1.43077e+06	3.32896e+06	1.83274e+07	1.31987e+07	2.0975e+07	1.20562e+07
1x-SRR1734620	1.83063e+06	1.20478e+06	722132	5.03628e+06	2.58202e+06	2.4072e+06	7.35852e+06	6.10496e+06	1.16965e+07	4.25545e+06	2.46409e+06	1.53274e+07	3.17105e+06	1.48137e+06	1.01572e+06	1.98566e+06	1.31576e+07	7.49594e+06	1.20562e+07	1.15254e+07
