	SRR1734599	SRR1734600	SRR1734601	SRR1734602	SRR1734603	SRR1734604	SRR1734607	SRR1734608	SRR1734609	SRR1734610	SRR1734611	SRR1734612	SRR1734613	SRR1734614	SRR1734615	SRR1734616	SRR1734617	SRR1734618	SRR1734619	SRR1734620
SRR1734599	1.37377e+07	2.40359e+06	2.6107e+06	4.57368e+06	2.91093e+06	6.05143e+06	1.08913e+06	1.0842e+06	1.40717e+06	1.10029e+06	5.5193e+06	1.47517e+06	2.66303e+06	7.76736e+06	3.84732e+06	5.04743e+06	1.22979e+06	873401	1.50564e+06	1.69998e+06
SRR1734600	2.40359e+06	7.89323e+06	1.82552e+06	3.40557e+06	4.23172e+06	2.19639e+06	2.35746e+06	2.04781e+06	2.63235e+06	2.05776e+06	5.42392e+06	2.89938e+06	5.8923e+06	2.88864e+06	1.95359e+06	2.63437e+06	2.41548e+06	1.83821e+06	3.14102e+06	3.56682e+06
SRR1734601	2.6107e+06	1.82552e+06	1.01156e+07	2.84765e+06	3.66883e+06	2.19305e+06	1.12868e+06	1.10046e+06	1.32085e+06	1.15473e+06	5.45194e+06	1.56669e+06	2.04446e+06	7.66025e+06	2.41926e+06	7.08766e+06	1.27003e+06	833494	1.60907e+06	1.86365e+06
SRR1734602	4.57368e+06	3.40557e+06	2.84765e+06	1.44085e+07	4.2375e+06	4.11589e+06	5.05511e+06	5.52941e+06	6.84905e+06	4.9921e+06	7.02192e+06	7.06028e+06	3.59409e+06	5.5946e+06	3.31562e+06	5.73889e+06	5.72832e+06	4.63834e+06	7.10993e+06	6.90916e+06
SRR1734603	2.91093e+06	4.23172e+06	3.66883e+06	4.2375e+06	1.00128e+07	3.16037e+06	2.31761e+06	2.43295e+06	2.47738e+06	2.13552e+06	8.49929e+06	2.80584e+06	4.73825e+06	5.06208e+06	2.48392e+06	5.42931e+06	2.30134e+06	1.97855e+06	3.01764e+06	3.10705e+06
SRR1734604	6.05143e+06	2.19639e+06	2.19305e+06	4.11589e+06	3.16037e+06	1.51552e+07	2.75266e+06	2.86967e+06	3.1482e+06	2.69656e+06	4.77187e+06	3.91192e+06	2.59023e+06	3.71751e+06	2.54503e+06	3.67877e+06	3.09037e+06	2.09551e+06	3.76792e+06	4.1334e+06
SRR1734607	1.08913e+06	2.35746e+06	1.12868e+06	5.05511e+06	2.31761e+06	2.75266e+06	1.31803e+07	9.80134e+06	1.18312e+07	9.4357e+06	3.27555e+06	1.22845e+07	2.56377e+06	1.6788e+06	1.53706e+06	1.81391e+06	1.02741e+07	9.11674e+06	1.27825e+07	1.28645e+07
SRR1734608	1.0842e+06	2.04781e+06	1.10046e+06	5.52941e+06	2.43295e+06	2.86967e+06	9.80134e+06	1.45135e+07	1.28976e+07	9.41182e+06	3.3722e+06	1.28952e+07	2.23251e+06	1.63338e+06	1.54909e+06	2.1974e+06	1.03132e+07	9.84293e+06	1.28534e+07	1.18635e+07
SRR1734609	1.40717e+06	2.63235e+06	1.32085e+06	6.84905e+06	2.47738e+06	3.1482e+06	1.18312e+07	1.28976e+07	2.90202e+07	1.2008e+07	3.92571e+06	1.98515e+07	2.83445e+06	2.32783e+06	1.8623e+06	2.91658e+06	1.53513e+07	1.22251e+07	1.762e+07	1.78858e+07
SRR1734610	1.10029e+06	2.05776e+06	1.15473e+06	4.9921e+06	2.13552e+06	2.69656e+06	9.4357e+06	9.41182e+06	1.2008e+07	1.21036e+07	3.20217e+06	1.25107e+07	2.14867e+06	1.74926e+06	1.5006e+06	1.72358e+06	1.02999e+07	8.2956e+06	1.29284e+07	1.3537e+07
SRR1734611	5.5193e+06	5.42392e+06	5.45194e+06	7.02192e+06	8.49929e+06	4.77187e+06	3.27555e+06	3.3722e+06	3.92571e+06	3.20217e+06	1.83666e+07	4.60321e+06	6.30718e+06	8.83097e+06	3.4716e+06	8.76036e+06	3.6291e+06	2.69585e+06	4.50906e+06	4.99532e+06
SRR1734612	1.47517e+06	2.89938e+06	1.56669e+06	7.06028e+06	2.80584e+06	3.91192e+06	1.22845e+07	1.28952e+07	1.98515e+07	1.25107e+07	4.60321e+06	2.26605e+07	3.196e+06	2.7425e+06	2.04173e+06	2.86439e+06	1.54525e+07	1.14563e+07	1.83944e+07	1.94594e+07
SRR1734613	2.66303e+06	5.8923e+06	2.04446e+06	3.59409e+06	4.73825e+06	2.59023e+06	2.56377e+06	2.23251e+06	2.83445e+06	2.14867e+06	6.30718e+06	3.196e+06	1.03183e+07	3.40735e+06	2.34343e+06	3.27977e+06	2.48739e+06	2.0347e+06	3.05866e+06	3.48077e+06
SRR1734614	7.76736e+06	2.88864e+06	7.66025e+06	5.5946e+06	5.06208e+06	3.71751e+06	1.6788e+06	1.63338e+06	2.32783e+06	1.74926e+06	8.83097e+06	2.7425e+06	3.40735e+06	1.7713e+07	3.70093e+06	1.00291e+07	2.17374e+06	1.23098e+06	2.4911e+06	3.02525e+06
SRR1734615	3.84732e+06	1.95359e+06	2.41926e+06	3.31562e+06	2.48392e+06	2.54503e+06	1.53706e+06	1.54909e+06	1.8623e+06	1.5006e+06	3.4716e+06	2.04173e+06	2.34343e+06	3.70093e+06	8.20524e+06	3.35992e+06	1.71378e+06	1.2409e+06	2.01639e+06	2.19874e+06
SRR1734616	5.04743e+06	2.63437e+06	7.08766e+06	5.73889e+06	5.42931e+06	3.67877e+06	1.81391e+06	2.1974e+06	2.91658e+06	1.72358e+06	8.76036e+06	2.86439e+06	3.27977e+06	1.00291e+07	3.35992e+06	1.48535e+07	2.10504e+06	1.92569e+06	2.38011e+06	2.2105e+06
SRR1734617	1.22979e+06	2.41548e+06	1.27003e+06	5.72832e+06	2.30134e+06	3.09037e+06	1.02741e+07	1.03132e+07	1.53513e+07	1.02999e+07	3.6291e+06	1.54525e+07	2.48739e+06	2.17374e+06	1.71378e+06	2.10504e+06	1.53661e+07	9.0938e+06	1.50227e+07	1.64028e+07
SRR1734618	873401	1.83821e+06	833494	4.63834e+06	1.97855e+06	2.09551e+06	9.11674e+06	9.84293e+06	1.22251e+07	8.2956e+06	2.69585e+06	1.14563e+07	2.0347e+06	1.23098e+06	1.2409e+06	1.92569e+06	9.0938e+06	1.30093e+07	1.13121e+07	9.7387e+06
SRR1734619	1.50564e+06	3.14102e+06	1.60907e+06	7.10993e+06	3.01764e+06	3.76792e+06	1.27825e+07	1.28534e+07	1.762e+07	1.29284e+07	4.50906e+06	1.83944e+07	3.05866e+06	2.4911e+06	2.01639e+06	2.38011e+06	1.50227e+07	1.13121e+07	2.27389e+07	2.00752e+07
SRR1734620	1.69998e+06	3.56682e+06	1.86365e+06	6.90916e+06	3.10705e+06	4.1334e+06	1.28645e+07	1.18635e+07	1.78858e+07	1.3537e+07	4.99532e+06	1.94594e+07	3.48077e+06	3.02525e+06	2.19874e+06	2.2105e+06	1.64028e+07	9.7387e+06	2.00752e+07	2.76006e+07
