	200x-SRR1734599	200x-SRR1734600	200x-SRR1734601	200x-SRR1734602	200x-SRR1734603	200x-SRR1734604	200x-SRR1734607	200x-SRR1734608	200x-SRR1734609	200x-SRR1734610	200x-SRR1734611	200x-SRR1734612	200x-SRR1734613	200x-SRR1734614	200x-SRR1734615	200x-SRR1734616	200x-SRR1734617	200x-SRR1734618	200x-SRR1734619	200x-SRR1734620
200x-SRR1734599	1.63276e+10	7.0064e+09	5.72234e+09	6.09634e+09	6.8087e+09	6.85155e+09	4.97562e+09	6.26039e+09	5.31156e+09	4.53674e+09	5.21044e+09	4.04443e+09	8.97181e+09	8.39137e+09	7.94164e+09	6.74833e+09	5.26276e+09	6.33873e+09	5.13056e+09	4.54473e+09
200x-SRR1734600	7.0064e+09	1.73178e+10	6.71468e+09	5.72607e+09	6.55539e+09	6.2844e+09	4.45176e+09	5.64298e+09	5.00257e+09	4.00164e+09	5.02248e+09	3.7095e+09	2.1332e+10	7.29403e+09	7.48877e+09	6.32075e+09	4.85542e+09	5.78363e+09	4.63108e+09	4.02649e+09
200x-SRR1734601	5.72234e+09	6.71468e+09	1.57646e+10	5.23186e+09	5.6284e+09	5.80815e+09	4.07403e+09	5.32802e+09	4.49197e+09	3.80561e+09	4.32036e+09	3.44739e+09	8.72813e+09	6.26567e+09	6.9907e+09	5.87653e+09	4.51281e+09	5.31048e+09	4.29312e+09	3.79993e+09
200x-SRR1734602	6.09634e+09	5.72607e+09	5.23186e+09	2.27615e+10	1.17401e+10	1.46284e+10	1.13694e+10	1.45108e+10	1.28747e+10	1.03828e+10	1.09621e+10	9.63383e+09	7.51123e+09	7.24986e+09	6.75338e+09	1.22432e+10	1.25138e+10	1.47138e+10	1.19721e+10	1.03794e+10
200x-SRR1734603	6.8087e+09	6.55539e+09	5.6284e+09	1.17401e+10	2.31425e+10	1.27029e+10	9.45341e+09	1.18745e+10	1.01575e+10	8.54885e+09	9.65916e+09	7.71458e+09	8.55212e+09	7.68855e+09	7.58744e+09	1.39658e+10	1.00231e+10	1.21657e+10	9.71504e+09	8.55405e+09
200x-SRR1734604	6.85155e+09	6.2844e+09	5.80815e+09	1.46284e+10	1.27029e+10	2.73761e+10	1.19027e+10	1.55266e+10	1.29691e+10	1.10516e+10	1.19515e+10	1.00978e+10	8.30648e+09	8.21796e+09	7.32478e+09	1.37874e+10	1.32379e+10	1.53612e+10	1.26055e+10	1.10517e+10
200x-SRR1734607	4.97562e+09	4.45176e+09	4.07403e+09	1.13694e+10	9.45341e+09	1.19027e+10	1.79925e+10	1.92913e+10	1.74888e+10	1.46906e+10	9.82018e+09	1.27518e+10	5.77468e+09	5.91261e+09	5.1903e+09	9.60778e+09	1.64263e+10	2.19884e+10	1.66033e+10	1.45726e+10
200x-SRR1734608	6.26039e+09	5.64298e+09	5.32802e+09	1.45108e+10	1.18745e+10	1.55266e+10	1.92913e+10	2.95116e+10	2.29788e+10	1.95723e+10	1.24231e+10	1.83646e+10	7.4344e+09	7.77171e+09	6.67305e+09	1.25508e+10	2.38897e+10	2.48324e+10	2.23987e+10	1.95015e+10
200x-SRR1734609	5.31156e+09	5.00257e+09	4.49197e+09	1.28747e+10	1.01575e+10	1.29691e+10	1.74888e+10	2.29788e+10	2.63861e+10	1.67527e+10	1.11096e+10	1.70705e+10	6.735e+09	7.18968e+09	5.98922e+09	1.1076e+10	2.19974e+10	2.31338e+10	2.05054e+10	1.71969e+10
200x-SRR1734610	4.53674e+09	4.00164e+09	3.80561e+09	1.03828e+10	8.54885e+09	1.10516e+10	1.46906e+10	1.95723e+10	1.67527e+10	1.55188e+10	8.99485e+09	1.29249e+10	5.18726e+09	5.53092e+09	4.72427e+09	8.93769e+09	1.66576e+10	1.85197e+10	1.66496e+10	1.47351e+10
200x-SRR1734611	5.21044e+09	5.02248e+09	4.32036e+09	1.09621e+10	9.65916e+09	1.19515e+10	9.82018e+09	1.24231e+10	1.11096e+10	8.99485e+09	1.70228e+10	8.44958e+09	6.84239e+09	6.59691e+09	5.72548e+09	1.02848e+10	1.10555e+10	1.283e+10	1.02912e+10	8.97705e+09
200x-SRR1734612	4.04443e+09	3.7095e+09	3.44739e+09	9.63383e+09	7.71458e+09	1.00978e+10	1.27518e+10	1.83646e+10	1.70705e+10	1.29249e+10	8.44958e+09	1.38597e+10	5.00213e+09	5.42345e+09	4.509e+09	8.4744e+09	1.69898e+10	1.65741e+10	1.52211e+10	1.31229e+10
200x-SRR1734613	8.97181e+09	2.1332e+10	8.72813e+09	7.51123e+09	8.55212e+09	8.30648e+09	5.77468e+09	7.4344e+09	6.735e+09	5.18726e+09	6.84239e+09	5.00213e+09	3.02604e+10	9.79728e+09	1.02454e+10	8.68256e+09	6.59454e+09	7.70304e+09	6.00459e+09	5.16078e+09
200x-SRR1734614	8.39137e+09	7.29403e+09	6.26567e+09	7.24986e+09	7.68855e+09	8.21796e+09	5.91261e+09	7.77171e+09	7.18968e+09	5.53092e+09	6.59691e+09	5.42345e+09	9.79728e+09	2.09703e+10	8.5176e+09	8.35606e+09	7.01645e+09	7.80846e+09	6.42753e+09	5.54545e+09
200x-SRR1734615	7.94164e+09	7.48877e+09	6.9907e+09	6.75338e+09	7.58744e+09	7.32478e+09	5.1903e+09	6.67305e+09	5.98922e+09	4.72427e+09	5.72548e+09	4.509e+09	1.02454e+10	8.5176e+09	1.95138e+10	7.96311e+09	5.87567e+09	6.85475e+09	5.43135e+09	4.69285e+09
200x-SRR1734616	6.74833e+09	6.32075e+09	5.87653e+09	1.22432e+10	1.39658e+10	1.37874e+10	9.60778e+09	1.25508e+10	1.1076e+10	8.93769e+09	1.02848e+10	8.4744e+09	8.68256e+09	8.35606e+09	7.96311e+09	2.54359e+10	1.10606e+10	1.26271e+10	1.02146e+10	8.90053e+09
200x-SRR1734617	5.26276e+09	4.85542e+09	4.51281e+09	1.25138e+10	1.00231e+10	1.32379e+10	1.64263e+10	2.38897e+10	2.19974e+10	1.66576e+10	1.10555e+10	1.69898e+10	6.59454e+09	7.01645e+09	5.87567e+09	1.10606e+10	2.33303e+10	2.15075e+10	1.96157e+10	1.6872e+10
200x-SRR1734618	6.33873e+09	5.78363e+09	5.31048e+09	1.47138e+10	1.21657e+10	1.53612e+10	2.19884e+10	2.48324e+10	2.31338e+10	1.85197e+10	1.283e+10	1.65741e+10	7.70304e+09	7.80846e+09	6.85475e+09	1.26271e+10	2.15075e+10	2.98228e+10	2.12925e+10	1.8328e+10
200x-SRR1734619	5.13056e+09	4.63108e+09	4.29312e+09	1.19721e+10	9.71504e+09	1.26055e+10	1.66033e+10	2.23987e+10	2.05054e+10	1.66496e+10	1.02912e+10	1.52211e+10	6.00459e+09	6.42753e+09	5.43135e+09	1.02146e+10	1.96157e+10	2.12925e+10	2.02879e+10	1.68304e+10
200x-SRR1734620	4.54473e+09	4.02649e+09	3.79993e+09	1.03794e+10	8.55405e+09	1.10517e+10	1.45726e+10	1.95015e+10	1.71969e+10	1.47351e+10	8.97705e+09	1.31229e+10	5.16078e+09	5.54545e+09	4.69285e+09	8.90053e+09	1.6872e+10	1.8328e+10	1.68304e+10	1.57016e+10
