	200x-SRR1734599	200x-SRR1734600	200x-SRR1734601	200x-SRR1734602	200x-SRR1734603	200x-SRR1734604	200x-SRR1734607	200x-SRR1734608	200x-SRR1734609	200x-SRR1734610	200x-SRR1734611	200x-SRR1734612	200x-SRR1734613	200x-SRR1734614	200x-SRR1734615	200x-SRR1734616	200x-SRR1734617	200x-SRR1734618	200x-SRR1734619	200x-SRR1734620
200x-SRR1734599	4.56123e+10	2.89552e+10	2.63386e+10	2.95984e+10	3.07218e+10	3.1445e+10	2.70811e+10	3.15555e+10	2.81733e+10	2.55758e+10	2.64171e+10	2.39304e+10	3.4453e+10	3.22279e+10	3.10378e+10	3.08573e+10	2.83133e+10	3.18076e+10	2.76828e+10	2.54649e+10
200x-SRR1734600	2.89552e+10	4.64614e+10	2.82741e+10	2.967e+10	3.09049e+10	3.13536e+10	2.67696e+10	3.14331e+10	2.8728e+10	2.51581e+10	2.66159e+10	2.40639e+10	5.51284e+10	3.11381e+10	3.06654e+10	3.0986e+10	2.85597e+10	3.18386e+10	2.76143e+10	2.51241e+10
200x-SRR1734601	2.63386e+10	2.82741e+10	4.55003e+10	2.77118e+10	2.83799e+10	2.94025e+10	2.49974e+10	2.95426e+10	2.64508e+10	2.38562e+10	2.47089e+10	2.25148e+10	3.39691e+10	2.87623e+10	2.92264e+10	2.90575e+10	2.66568e+10	2.9667e+10	2.57993e+10	2.36849e+10
200x-SRR1734602	2.95984e+10	2.967e+10	2.77118e+10	5.75059e+10	4.0134e+10	4.50007e+10	3.77912e+10	4.51937e+10	4.10259e+10	3.53626e+10	3.68418e+10	3.3613e+10	3.58745e+10	3.32569e+10	3.17728e+10	4.13624e+10	4.06397e+10	4.58324e+10	3.91942e+10	3.52367e+10
200x-SRR1734603	3.07218e+10	3.09049e+10	2.83799e+10	4.0134e+10	5.89553e+10	4.28166e+10	3.54941e+10	4.2119e+10	3.75198e+10	3.31272e+10	3.51301e+10	3.11752e+10	3.73993e+10	3.39578e+10	3.30312e+10	4.43614e+10	3.7559e+10	4.27634e+10	3.64211e+10	3.30151e+10
200x-SRR1734604	3.1445e+10	3.13536e+10	2.94025e+10	4.50007e+10	4.28166e+10	6.59116e+10	3.9436e+10	4.77268e+10	4.19682e+10	3.71264e+10	3.90593e+10	3.49024e+10	3.82123e+10	3.56388e+10	3.36567e+10	4.48902e+10	4.24989e+10	4.78468e+10	4.09281e+10	3.69446e+10
200x-SRR1734607	2.70811e+10	2.67696e+10	2.49974e+10	3.77912e+10	3.54941e+10	3.9436e+10	4.51956e+10	4.91295e+10	4.47595e+10	3.96386e+10	3.36308e+10	3.62113e+10	3.1787e+10	2.99188e+10	2.82733e+10	3.6071e+10	4.36733e+10	5.29301e+10	4.34027e+10	3.93035e+10
200x-SRR1734608	3.15555e+10	3.14331e+10	2.95426e+10	4.51937e+10	4.2119e+10	4.77268e+10	4.91295e+10	6.62125e+10	5.47209e+10	4.81149e+10	3.99172e+10	4.56754e+10	3.81985e+10	3.58576e+10	3.36058e+10	4.35854e+10	5.62484e+10	6.01514e+10	5.34819e+10	4.78237e+10
200x-SRR1734609	2.81733e+10	2.8728e+10	2.64508e+10	4.10259e+10	3.75198e+10	4.19682e+10	4.47595e+10	5.47209e+10	5.8823e+10	4.25862e+10	3.65254e+10	4.30749e+10	3.5019e+10	3.37553e+10	3.08089e+10	3.96053e+10	5.24728e+10	5.55312e+10	4.94454e+10	4.32216e+10
200x-SRR1734610	2.55758e+10	2.51581e+10	2.38562e+10	3.53626e+10	3.31272e+10	3.71264e+10	3.96386e+10	4.81149e+10	4.25862e+10	4.0014e+10	3.16159e+10	3.54751e+10	2.97266e+10	2.84429e+10	2.66667e+10	3.39924e+10	4.27371e+10	4.71234e+10	4.23153e+10	3.85239e+10
200x-SRR1734611	2.64171e+10	2.66159e+10	2.47089e+10	3.68418e+10	3.51301e+10	3.90593e+10	3.36308e+10	3.99172e+10	3.65254e+10	3.16159e+10	4.49088e+10	3.03999e+10	3.26982e+10	3.0545e+10	2.8584e+10	3.67678e+10	3.66212e+10	4.07298e+10	3.4746e+10	3.14229e+10
200x-SRR1734612	2.39304e+10	2.40639e+10	2.25148e+10	3.3613e+10	3.11752e+10	3.49024e+10	3.62113e+10	4.56754e+10	4.30749e+10	3.54751e+10	3.03999e+10	3.68148e+10	2.88852e+10	2.79342e+10	2.58085e+10	3.28443e+10	4.29478e+10	4.37672e+10	3.98298e+10	3.57409e+10
200x-SRR1734613	3.4453e+10	5.51284e+10	3.39691e+10	3.58745e+10	3.73993e+10	3.82123e+10	3.1787e+10	3.81985e+10	3.5019e+10	2.97266e+10	3.26982e+10	2.88852e+10	7.35212e+10	3.83214e+10	3.82184e+10	3.86063e+10	3.49606e+10	3.89731e+10	3.2884e+10	2.95059e+10
200x-SRR1734614	3.22279e+10	3.11381e+10	2.87623e+10	3.32569e+10	3.39578e+10	3.56388e+10	2.99188e+10	3.58576e+10	3.37553e+10	2.84429e+10	3.0545e+10	2.79342e+10	3.83214e+10	5.69091e+10	3.40333e+10	3.57687e+10	3.33554e+10	3.61942e+10	3.1506e+10	2.8307e+10
200x-SRR1734615	3.10378e+10	3.06654e+10	2.92264e+10	3.17728e+10	3.30312e+10	3.36567e+10	2.82733e+10	3.36058e+10	3.08089e+10	2.66667e+10	2.8584e+10	2.58085e+10	3.82184e+10	3.40333e+10	5.32071e+10	3.43606e+10	3.07973e+10	3.41229e+10	2.92217e+10	2.63971e+10
200x-SRR1734616	3.08573e+10	3.0986e+10	2.90575e+10	4.13624e+10	4.43614e+10	4.48902e+10	3.6071e+10	4.35854e+10	3.96053e+10	3.39924e+10	3.67678e+10	3.28443e+10	3.86063e+10	3.57687e+10	3.43606e+10	6.38414e+10	3.97698e+10	4.41021e+10	3.75075e+10	3.377e+10
200x-SRR1734617	2.83133e+10	2.85597e+10	2.66568e+10	4.06397e+10	3.7559e+10	4.24989e+10	4.36733e+10	5.62484e+10	5.24728e+10	4.27371e+10	3.66212e+10	4.29478e+10	3.49606e+10	3.33554e+10	3.07973e+10	3.97698e+10	5.46506e+10	5.3714e+10	4.83038e+10	4.29754e+10
200x-SRR1734618	3.18076e+10	3.18386e+10	2.9667e+10	4.58324e+10	4.27634e+10	4.78468e+10	5.29301e+10	6.01514e+10	5.55312e+10	4.71234e+10	4.07298e+10	4.37672e+10	3.89731e+10	3.61942e+10	3.41229e+10	4.41021e+10	5.3714e+10	6.75319e+10	5.25361e+10	4.66274e+10
200x-SRR1734619	2.76828e+10	2.76143e+10	2.57993e+10	3.91942e+10	3.64211e+10	4.09281e+10	4.34027e+10	5.34819e+10	4.94454e+10	4.23153e+10	3.4746e+10	3.98298e+10	3.2884e+10	3.1506e+10	2.92217e+10	3.75075e+10	4.83038e+10	5.25361e+10	4.89299e+10	4.2495e+10
200x-SRR1734620	2.54649e+10	2.51241e+10	2.36849e+10	3.52367e+10	3.30151e+10	3.69446e+10	3.93035e+10	4.78237e+10	4.32216e+10	3.85239e+10	3.14229e+10	3.57409e+10	2.95059e+10	2.8307e+10	2.63971e+10	3.377e+10	4.29754e+10	4.66274e+10	4.2495e+10	4.0082e+10
