	25x-SRR1734599	25x-SRR1734600	25x-SRR1734601	25x-SRR1734602	25x-SRR1734603	25x-SRR1734604	25x-SRR1734607	25x-SRR1734608	25x-SRR1734609	25x-SRR1734610	25x-SRR1734611	25x-SRR1734612	25x-SRR1734613	25x-SRR1734614	25x-SRR1734615	25x-SRR1734616	25x-SRR1734617	25x-SRR1734618	25x-SRR1734619	25x-SRR1734620
25x-SRR1734599	0	1.13163	1.15124	1.1855	1.09913	1.16167	1.18117	1.20359	1.19768	1.18307	1.14245	1.18602	1.12409	1.05807	0.899444	1.16147	1.18984	1.20682	1.18592	1.18224
25x-SRR1734600	1.13163	0	1.09687	1.16672	1.12991	1.17862	1.16713	1.21238	1.20006	1.20866	1.15281	1.19732	0.493438	1.14143	1.16411	1.15516	1.19864	1.19706	1.20192	1.20312
25x-SRR1734601	1.15124	1.09687	0	1.16537	1.17263	1.1777	1.25162	1.2655	1.2637	1.25069	1.19143	1.25459	1.10028	1.15493	1.12253	1.18788	1.2581	1.27287	1.25196	1.25387
25x-SRR1734602	1.1855	1.16672	1.16537	0	1.04788	1.04418	0.964955	0.981451	0.985204	0.948102	1.04979	0.957299	1.16294	1.07341	1.15853	1.00225	0.993257	0.98238	0.958447	0.952501
25x-SRR1734603	1.09913	1.12991	1.17263	1.04788	0	1.00816	1.14099	1.14742	1.16925	1.13558	1.01266	1.15084	1.12599	1.10732	1.05075	0.961362	1.17932	1.1389	1.15328	1.13344
25x-SRR1734604	1.16167	1.17862	1.1777	1.04418	1.00816	0	1.08934	1.10177	1.12125	1.08077	0.946558	1.08962	1.17731	1.07908	1.17204	0.955717	1.11198	1.11374	1.0885	1.08167
25x-SRR1734607	1.18117	1.16713	1.25162	0.964955	1.14099	1.08934	0	0.578478	0.572041	0.515313	1.01085	0.539076	1.1718	1.11562	1.19646	1.09377	0.538427	0.549447	0.48418	0.529393
25x-SRR1734608	1.20359	1.21238	1.2655	0.981451	1.14742	1.10177	0.578478	0	0.596838	0.485912	1.01711	0.495478	1.21221	1.15033	1.21129	1.09241	0.534198	0.581103	0.493656	0.512836
25x-SRR1734609	1.19768	1.20006	1.2637	0.985204	1.16925	1.12125	0.572041	0.596838	0	0.550389	1.03626	0.473626	1.20003	1.12433	1.20491	1.10478	0.493514	0.633186	0.494329	0.549013
25x-SRR1734610	1.18307	1.20866	1.25069	0.948102	1.13558	1.08077	0.515313	0.485912	0.550389	0	1.00119	0.474804	1.20926	1.11383	1.18948	1.0781	0.523261	0.584453	0.427673	0.411935
25x-SRR1734611	1.14245	1.15281	1.19143	1.04979	1.01266	0.946558	1.01085	1.01711	1.03626	1.00119	0	1.00944	1.14414	1.0947	1.13833	1.0106	1.03386	1.02274	1.01264	1.00723
25x-SRR1734612	1.18602	1.19732	1.25459	0.957299	1.15084	1.08962	0.539076	0.495478	0.473626	0.474804	1.00944	0	1.19523	1.10826	1.19258	1.07754	0.431433	0.6125	0.435091	0.482707
25x-SRR1734613	1.12409	0.493438	1.10028	1.16294	1.12599	1.17731	1.1718	1.21221	1.20003	1.20926	1.14414	1.19523	0	1.13016	1.1425	1.13624	1.20271	1.19377	1.20668	1.205
25x-SRR1734614	1.05807	1.14143	1.15493	1.07341	1.10732	1.07908	1.11562	1.15033	1.12433	1.11383	1.0947	1.10826	1.13016	0	1.09516	1.09631	1.11836	1.16101	1.1118	1.11966
25x-SRR1734615	0.899444	1.16411	1.12253	1.15853	1.05075	1.17204	1.19646	1.21129	1.20491	1.18948	1.13833	1.19258	1.1425	1.09516	0	1.1346	1.20512	1.21698	1.19813	1.19326
25x-SRR1734616	1.16147	1.15516	1.18788	1.00225	0.961362	0.955717	1.09377	1.09241	1.10478	1.0781	1.0106	1.07754	1.13624	1.09631	1.1346	0	1.12021	1.06834	1.09771	1.06983
25x-SRR1734617	1.18984	1.19864	1.2581	0.993257	1.17932	1.11198	0.538427	0.534198	0.493514	0.523261	1.03386	0.431433	1.20271	1.11836	1.20512	1.12021	0	0.667249	0.436763	0.550795
25x-SRR1734618	1.20682	1.19706	1.27287	0.98238	1.1389	1.11374	0.549447	0.581103	0.633186	0.584453	1.02274	0.6125	1.19377	1.16101	1.21698	1.06834	0.667249	0	0.603884	0.577754
25x-SRR1734619	1.18592	1.20192	1.25196	0.958447	1.15328	1.0885	0.48418	0.493656	0.494329	0.427673	1.01264	0.435091	1.20668	1.1118	1.19813	1.09771	0.436763	0.603884	0	0.453059
25x-SRR1734620	1.18224	1.20312	1.25387	0.952501	1.13344	1.08167	0.529393	0.512836	0.549013	0.411935	1.00723	0.482707	1.205	1.11966	1.19326	1.06983	0.550795	0.577754	0.453059	0
