	SRR1734599	SRR1734600	SRR1734601	SRR1734602	SRR1734603	SRR1734604	SRR1734607	SRR1734608	SRR1734609	SRR1734610	SRR1734611	SRR1734612	SRR1734613	SRR1734614	SRR1734615	SRR1734616	SRR1734617	SRR1734618	SRR1734619	SRR1734620
SRR1734599	7.91753e+08	3.51064e+08	3.41366e+08	2.48773e+08	2.89527e+08	3.19148e+08	2.47021e+08	2.87453e+08	2.6723e+08	2.91995e+08	3.44419e+08	2.89e+08	3.83188e+08	3.90091e+08	5.55585e+08	2.73689e+08	3.25043e+08	2.53601e+08	2.70353e+08	2.68148e+08
SRR1734600	3.51064e+08	1.14843e+09	5.05269e+08	3.58236e+08	3.42821e+08	3.91292e+08	3.34499e+08	3.53299e+08	3.41534e+08	3.50062e+08	4.17123e+08	3.59282e+08	1.12724e+09	3.98838e+08	3.80643e+08	3.64013e+08	4.05667e+08	3.4512e+08	3.30431e+08	3.25896e+08
SRR1734601	3.41366e+08	5.05269e+08	1.14311e+09	3.78162e+08	3.03078e+08	4.04206e+08	2.60514e+08	3.12339e+08	2.78252e+08	3.15158e+08	3.8113e+08	3.0601e+08	5.45124e+08	3.91431e+08	4.46501e+08	3.33043e+08	3.48221e+08	2.67975e+08	2.89998e+08	2.83454e+08
SRR1734602	2.48773e+08	3.58236e+08	3.78162e+08	9.81689e+08	3.53867e+08	5.17875e+08	5.05303e+08	6.23838e+08	5.64393e+08	6.18601e+08	4.82668e+08	6.13268e+08	3.83298e+08	4.20821e+08	3.21085e+08	4.68404e+08	6.86721e+08	5.58897e+08	5.78674e+08	5.58324e+08
SRR1734603	2.89527e+08	3.42821e+08	3.03078e+08	3.53867e+08	7.47027e+08	4.70454e+08	2.83128e+08	3.53526e+08	2.89832e+08	3.29874e+08	4.79045e+08	3.19889e+08	3.71346e+08	3.2272e+08	3.88996e+08	4.43056e+08	3.75897e+08	3.30747e+08	3.00737e+08	2.87749e+08
SRR1734604	3.19148e+08	3.91292e+08	4.04206e+08	5.17875e+08	4.70454e+08	1.24118e+09	4.57705e+08	5.94401e+08	4.84852e+08	5.6486e+08	7.24861e+08	5.53367e+08	4.26425e+08	4.85493e+08	3.70944e+08	6.17473e+08	6.48684e+08	5.17614e+08	5.17258e+08	4.96438e+08
SRR1734607	2.47021e+08	3.34499e+08	2.60514e+08	5.05303e+08	2.83128e+08	4.57705e+08	9.63793e+08	9.68688e+08	9.20189e+08	9.91065e+08	5.38951e+08	9.70466e+08	3.55371e+08	3.60407e+08	2.75399e+08	3.69304e+08	1.06837e+09	9.18337e+08	9.35466e+08	9.17678e+08
SRR1734608	2.87453e+08	3.53299e+08	3.12339e+08	6.23838e+08	3.53526e+08	5.94401e+08	9.68688e+08	1.4089e+09	1.09153e+09	1.21991e+09	6.69794e+08	1.20887e+09	3.8319e+08	4.19503e+08	3.37028e+08	4.97019e+08	1.38432e+09	1.10529e+09	1.12489e+09	1.08943e+09
SRR1734609	2.6723e+08	3.41534e+08	2.78252e+08	5.64393e+08	2.89832e+08	4.84852e+08	9.20189e+08	1.09153e+09	1.24877e+09	1.10925e+09	5.79965e+08	1.14659e+09	3.66344e+08	4.05467e+08	3.03328e+08	4.17441e+08	1.27473e+09	9.86561e+08	1.06292e+09	1.03374e+09
SRR1734610	2.91995e+08	3.50062e+08	3.15158e+08	6.18601e+08	3.29874e+08	5.6486e+08	9.91065e+08	1.21991e+09	1.10925e+09	1.33136e+09	6.45423e+08	1.19317e+09	3.7369e+08	4.34368e+08	3.34957e+08	4.58785e+08	1.33399e+09	1.05621e+09	1.14427e+09	1.12188e+09
SRR1734611	3.44419e+08	4.17123e+08	3.8113e+08	4.82668e+08	4.79045e+08	7.24861e+08	5.38951e+08	6.69794e+08	5.79965e+08	6.45423e+08	1.29222e+09	6.36783e+08	4.63919e+08	4.55282e+08	4.15213e+08	5.55129e+08	7.42481e+08	6.10765e+08	5.93125e+08	5.6704e+08
SRR1734612	2.89e+08	3.59282e+08	3.0601e+08	6.13268e+08	3.19889e+08	5.53367e+08	9.70466e+08	1.20887e+09	1.14659e+09	1.19317e+09	6.36783e+08	1.32758e+09	3.89877e+08	4.39138e+08	3.31359e+08	4.67145e+08	1.38269e+09	1.03852e+09	1.13131e+09	1.09793e+09
SRR1734613	3.83188e+08	1.12724e+09	5.45124e+08	3.83298e+08	3.71346e+08	4.26425e+08	3.55371e+08	3.8319e+08	3.66344e+08	3.7369e+08	4.63919e+08	3.89877e+08	1.37324e+09	4.38438e+08	4.35863e+08	4.12127e+08	4.46135e+08	3.76624e+08	3.49799e+08	3.4327e+08
SRR1734614	3.90091e+08	3.98838e+08	3.91431e+08	4.20821e+08	3.2272e+08	4.85493e+08	3.60407e+08	4.19503e+08	4.05467e+08	4.34368e+08	4.55282e+08	4.39138e+08	4.38438e+08	1.01394e+09	4.13187e+08	3.87486e+08	4.92564e+08	3.56371e+08	4.07597e+08	3.94356e+08
SRR1734615	5.55585e+08	3.80643e+08	4.46501e+08	3.21085e+08	3.88996e+08	3.70944e+08	2.75399e+08	3.37028e+08	3.03328e+08	3.34957e+08	4.15213e+08	3.31359e+08	4.35863e+08	4.13187e+08	1.08344e+09	3.60622e+08	3.83929e+08	2.92426e+08	3.03888e+08	2.95944e+08
SRR1734616	2.73689e+08	3.64013e+08	3.33043e+08	4.68404e+08	4.43056e+08	6.17473e+08	3.69304e+08	4.97019e+08	4.17441e+08	4.58785e+08	5.55129e+08	4.67145e+08	4.12127e+08	3.87486e+08	3.60622e+08	1.01479e+09	5.56426e+08	4.76903e+08	4.17692e+08	3.97968e+08
SRR1734617	3.25043e+08	4.05667e+08	3.48221e+08	6.86721e+08	3.75897e+08	6.48684e+08	1.06837e+09	1.38432e+09	1.27473e+09	1.33399e+09	7.42481e+08	1.38269e+09	4.46135e+08	4.92564e+08	3.83929e+08	5.56426e+08	1.71859e+09	1.20159e+09	1.25002e+09	1.21047e+09
SRR1734618	2.53601e+08	3.4512e+08	2.67975e+08	5.58897e+08	3.30747e+08	5.17614e+08	9.18337e+08	1.10529e+09	9.86561e+08	1.05621e+09	6.10765e+08	1.03852e+09	3.76624e+08	3.56371e+08	2.92426e+08	4.76903e+08	1.20159e+09	1.2498e+09	9.78044e+08	9.42946e+08
SRR1734619	2.70353e+08	3.30431e+08	2.89998e+08	5.78674e+08	3.00737e+08	5.17258e+08	9.35466e+08	1.12489e+09	1.06292e+09	1.14427e+09	5.93125e+08	1.13131e+09	3.49799e+08	4.07597e+08	3.03888e+08	4.17692e+08	1.25002e+09	9.78044e+08	1.16341e+09	1.05382e+09
SRR1734620	2.68148e+08	3.25896e+08	2.83454e+08	5.58324e+08	2.87749e+08	4.96438e+08	9.17678e+08	1.08943e+09	1.03374e+09	1.12188e+09	5.6704e+08	1.09793e+09	3.4327e+08	3.94356e+08	2.95944e+08	3.97968e+08	1.21047e+09	9.42946e+08	1.05382e+09	1.12038e+09
