	25x-SRR1734599	25x-SRR1734600	25x-SRR1734601	25x-SRR1734602	25x-SRR1734603	25x-SRR1734604	25x-SRR1734607	25x-SRR1734608	25x-SRR1734609	25x-SRR1734610	25x-SRR1734611	25x-SRR1734612	25x-SRR1734613	25x-SRR1734614	25x-SRR1734615	25x-SRR1734616	25x-SRR1734617	25x-SRR1734618	25x-SRR1734619	25x-SRR1734620
25x-SRR1734599	5.18994e+09	4.75519e+09	4.85494e+09	4.49977e+09	3.8042e+09	5.07906e+09	4.61239e+09	4.76716e+09	4.81193e+09	5.08898e+09	4.6544e+09	5.04796e+09	4.9337e+09	4.65106e+09	4.90108e+09	3.70041e+09	5.29498e+09	4.00933e+09	4.92083e+09	4.86935e+09
25x-SRR1734600	4.75519e+09	6.73647e+09	5.62504e+09	5.21257e+09	4.26489e+09	5.71785e+09	5.22491e+09	5.39168e+09	5.5027e+09	5.70786e+09	5.25326e+09	5.72578e+09	6.74524e+09	5.24355e+09	5.09008e+09	4.31637e+09	6.06939e+09	4.6718e+09	5.53662e+09	5.44436e+09
25x-SRR1734601	4.85494e+09	5.62504e+09	7.13395e+09	5.30739e+09	4.30046e+09	5.8718e+09	5.18067e+09	5.48563e+09	5.45183e+09	5.80075e+09	5.34855e+09	5.7441e+09	5.84938e+09	5.26994e+09	5.32155e+09	4.30356e+09	6.09879e+09	4.61452e+09	5.59276e+09	5.50093e+09
25x-SRR1734602	4.49977e+09	5.21257e+09	5.30739e+09	6.14195e+09	4.23031e+09	5.85451e+09	5.34211e+09	5.71377e+09	5.68437e+09	6.00314e+09	5.31731e+09	5.97937e+09	5.34357e+09	5.09969e+09	4.88069e+09	4.33937e+09	6.32813e+09	4.87591e+09	5.79771e+09	5.68167e+09
25x-SRR1734603	3.8042e+09	4.26489e+09	4.30046e+09	4.23031e+09	4.26798e+09	4.78664e+09	4.14882e+09	4.46338e+09	4.31865e+09	4.5961e+09	4.44781e+09	4.55715e+09	4.43058e+09	4.0905e+09	4.16113e+09	3.73305e+09	4.8631e+09	3.89248e+09	4.42057e+09	4.32909e+09
25x-SRR1734604	5.07906e+09	5.71785e+09	5.8718e+09	5.85451e+09	4.78664e+09	7.59575e+09	5.83441e+09	6.24225e+09	6.14626e+09	6.57507e+09	6.18017e+09	6.52786e+09	5.94429e+09	5.67807e+09	5.48076e+09	4.9473e+09	6.94952e+09	5.23679e+09	6.31767e+09	6.20999e+09
25x-SRR1734607	4.61239e+09	5.22491e+09	5.18067e+09	5.34211e+09	4.14882e+09	5.83441e+09	6.08876e+09	6.12434e+09	6.17673e+09	6.53297e+09	5.37516e+09	6.47401e+09	5.39689e+09	5.00348e+09	4.87149e+09	4.18805e+09	6.81542e+09	5.27564e+09	6.30822e+09	6.24168e+09
25x-SRR1734608	4.76716e+09	5.39168e+09	5.48563e+09	5.71377e+09	4.46338e+09	6.24225e+09	6.12434e+09	7.07324e+09	6.51509e+09	7.00891e+09	5.8209e+09	6.95671e+09	5.60429e+09	5.30029e+09	5.15492e+09	4.65203e+09	7.50485e+09	5.86599e+09	6.68946e+09	6.53831e+09
25x-SRR1734609	4.81193e+09	5.5027e+09	5.45183e+09	5.68437e+09	4.31865e+09	6.14626e+09	6.17673e+09	6.51509e+09	7.02307e+09	6.95333e+09	5.68389e+09	7.04997e+09	5.66482e+09	5.40818e+09	5.15545e+09	4.42903e+09	7.44589e+09	5.52459e+09	6.77235e+09	6.65151e+09
25x-SRR1734610	5.08898e+09	5.70786e+09	5.80075e+09	6.00314e+09	4.5961e+09	6.57507e+09	6.53297e+09	7.00891e+09	6.95333e+09	7.61392e+09	6.04011e+09	7.347e+09	5.88925e+09	5.62746e+09	5.43775e+09	4.68912e+09	7.80478e+09	5.87326e+09	7.14782e+09	7.04641e+09
25x-SRR1734611	4.6544e+09	5.25326e+09	5.34855e+09	5.31731e+09	4.44781e+09	6.18017e+09	5.37516e+09	5.8209e+09	5.68389e+09	6.04011e+09	6.70438e+09	6.02642e+09	5.54316e+09	5.22763e+09	5.11194e+09	4.64304e+09	6.48869e+09	5.00882e+09	5.77728e+09	5.63938e+09
25x-SRR1734612	5.04796e+09	5.72578e+09	5.7441e+09	5.97937e+09	4.55715e+09	6.52786e+09	6.47401e+09	6.95671e+09	7.04997e+09	7.347e+09	6.02642e+09	7.57537e+09	5.94301e+09	5.65127e+09	5.42945e+09	4.71153e+09	7.89054e+09	5.82721e+09	7.10567e+09	6.98228e+09
25x-SRR1734613	4.9337e+09	6.74524e+09	5.84938e+09	5.34357e+09	4.43058e+09	5.94429e+09	5.39689e+09	5.60429e+09	5.66482e+09	5.88925e+09	5.54316e+09	5.94301e+09	7.40503e+09	5.40684e+09	5.38631e+09	4.58952e+09	6.33069e+09	4.86852e+09	5.68602e+09	5.59292e+09
25x-SRR1734614	4.65106e+09	5.24355e+09	5.26994e+09	5.09969e+09	4.0905e+09	5.67807e+09	5.00348e+09	5.30029e+09	5.40818e+09	5.62746e+09	5.22763e+09	5.65127e+09	5.40684e+09	6.20882e+09	5.02413e+09	4.23124e+09	6.00754e+09	4.47999e+09	5.44484e+09	5.31736e+09
25x-SRR1734615	4.90108e+09	5.09008e+09	5.32155e+09	4.88069e+09	4.16113e+09	5.48076e+09	4.87149e+09	5.15492e+09	5.15545e+09	5.43775e+09	5.11194e+09	5.42945e+09	5.38631e+09	5.02413e+09	6.18241e+09	4.16532e+09	5.76347e+09	4.36151e+09	5.23457e+09	5.14005e+09
25x-SRR1734616	3.70041e+09	4.31637e+09	4.30356e+09	4.33937e+09	3.73305e+09	4.9473e+09	4.18805e+09	4.65203e+09	4.42903e+09	4.68912e+09	4.64304e+09	4.71153e+09	4.58952e+09	4.23124e+09	4.16532e+09	4.879e+09	5.1483e+09	4.18341e+09	4.46254e+09	4.32822e+09
25x-SRR1734617	5.29498e+09	6.06939e+09	6.09879e+09	6.32813e+09	4.8631e+09	6.94952e+09	6.81542e+09	7.50485e+09	7.44589e+09	7.80478e+09	6.48869e+09	7.89054e+09	6.33069e+09	6.00754e+09	5.76347e+09	5.1483e+09	8.71912e+09	6.36592e+09	7.4945e+09	7.32839e+09
25x-SRR1734618	4.00933e+09	4.6718e+09	4.61452e+09	4.87591e+09	3.89248e+09	5.23679e+09	5.27564e+09	5.86599e+09	5.52459e+09	5.87326e+09	5.00882e+09	5.82721e+09	4.86852e+09	4.47999e+09	4.36151e+09	4.18341e+09	6.36592e+09	5.65689e+09	5.59458e+09	5.4297e+09
25x-SRR1734619	4.92083e+09	5.53662e+09	5.59276e+09	5.79771e+09	4.42057e+09	6.31767e+09	6.30822e+09	6.68946e+09	6.77235e+09	7.14782e+09	5.77728e+09	7.10567e+09	5.68602e+09	5.44484e+09	5.23457e+09	4.46254e+09	7.4945e+09	5.59458e+09	7.04802e+09	6.81335e+09
25x-SRR1734620	4.86935e+09	5.44436e+09	5.50093e+09	5.68167e+09	4.32909e+09	6.20999e+09	6.24168e+09	6.53831e+09	6.65151e+09	7.04641e+09	5.63938e+09	6.98228e+09	5.59292e+09	5.31736e+09	5.14005e+09	4.32822e+09	7.32839e+09	5.4297e+09	6.81335e+09	6.88624e+09
