	25x-SRR1734599	25x-SRR1734600	25x-SRR1734601	25x-SRR1734602	25x-SRR1734603	25x-SRR1734604	25x-SRR1734607	25x-SRR1734608	25x-SRR1734609	25x-SRR1734610	25x-SRR1734611	25x-SRR1734612	25x-SRR1734613	25x-SRR1734614	25x-SRR1734615	25x-SRR1734616	25x-SRR1734617	25x-SRR1734618	25x-SRR1734619	25x-SRR1734620
25x-SRR1734599	0	1.12413	1.13241	1.19818	1.11672	1.16452	1.19768	1.20651	1.20934	1.19633	1.14847	1.19843	1.12473	1.06266	0.894579	1.1787	1.20112	1.22071	1.19859	1.19607
25x-SRR1734600	1.12413	0	1.05737	1.15118	1.12239	1.15953	1.16795	1.20188	1.19566	1.19741	1.14682	1.19082	0.452519	1.12285	1.14783	1.15135	1.19268	1.19326	1.1951	1.1939
25x-SRR1734601	1.13241	1.05737	0	1.13404	1.15933	1.14948	1.22622	1.22791	1.23864	1.22027	1.17168	1.22605	1.06293	1.1282	1.09434	1.1754	1.22602	1.24563	1.22354	1.22436
25x-SRR1734602	1.19818	1.15118	1.13404	0	1.08331	1.03038	0.980321	0.969072	0.990206	0.958021	1.06907	0.962086	1.15748	1.07536	1.1736	1.03025	0.970879	0.995417	0.957624	0.967085
25x-SRR1734603	1.11672	1.12239	1.15933	1.08331	0	1.01136	1.1544	1.1449	1.18315	1.15691	1.01235	1.16515	1.12549	1.12178	1.06547	0.991096	1.15607	1.14691	1.16397	1.17087
25x-SRR1734604	1.16452	1.15953	1.14948	1.03038	1.01136	0	1.07844	1.04929	1.10504	1.05885	0.924815	1.06669	1.16049	1.06511	1.16629	0.948485	1.05437	1.08112	1.06729	1.07612
25x-SRR1734607	1.19768	1.16795	1.22622	0.980321	1.1544	1.07844	0	0.58088	0.567852	0.500183	1.01692	0.533027	1.17567	1.12731	1.20871	1.11944	0.582885	0.571422	0.482855	0.483506
25x-SRR1734608	1.20651	1.20188	1.22791	0.969072	1.1449	1.04929	0.58088	0	0.595121	0.467507	1.00359	0.481849	1.20376	1.13931	1.206	1.08105	0.46983	0.578024	0.492693	0.515525
25x-SRR1734609	1.20934	1.19566	1.23864	0.990206	1.18315	1.10504	0.567852	0.595121	0	0.528619	1.04254	0.467969	1.20021	1.13107	1.21591	1.12176	0.509614	0.648538	0.486117	0.502096
25x-SRR1734610	1.19633	1.19741	1.22027	0.958021	1.15691	1.05885	0.500183	0.467507	0.528619	0	1.0079	0.452818	1.20302	1.11906	1.20092	1.10027	0.486012	0.601983	0.401442	0.403539
25x-SRR1734611	1.14847	1.14682	1.17168	1.06907	1.01235	0.924815	1.01692	1.00359	1.04254	1.0079	0	1.01373	1.1417	1.0975	1.13937	1.01511	1.00177	1.01921	1.01613	1.02834
25x-SRR1734612	1.19843	1.19082	1.22605	0.962086	1.16515	1.06669	0.533027	0.481849	0.467969	0.452818	1.01373	0	1.19269	1.1149	1.20309	1.09319	0.411355	0.622514	0.423557	0.44667
25x-SRR1734613	1.12473	0.452519	1.06293	1.15748	1.12549	1.16049	1.17567	1.20376	1.20021	1.20302	1.1417	1.19269	0	1.12111	1.13373	1.14095	1.1913	1.19375	1.20271	1.20271
25x-SRR1734614	1.06266	1.12285	1.1282	1.07536	1.12178	1.06511	1.12731	1.13931	1.13107	1.11906	1.0975	1.1149	1.12111	0	1.10071	1.11176	1.1197	1.16912	1.11778	1.1225
25x-SRR1734615	0.894579	1.14783	1.09434	1.1736	1.06547	1.16629	1.20871	1.206	1.21591	1.20092	1.13937	1.20309	1.13373	1.10071	0	1.14549	1.19887	1.22368	1.20775	1.20945
25x-SRR1734616	1.1787	1.15135	1.1754	1.03025	0.991096	0.948485	1.11944	1.08105	1.12176	1.10027	1.01511	1.09319	1.14095	1.11176	1.14549	0	1.07579	1.07381	1.10958	1.11962
25x-SRR1734617	1.20112	1.19268	1.22602	0.970879	1.15607	1.05437	0.582885	0.46983	0.509614	0.486012	1.00177	0.411355	1.1913	1.1197	1.19887	1.07579	0	0.600207	0.481614	0.505302
25x-SRR1734618	1.22071	1.19326	1.24563	0.995417	1.14691	1.08112	0.571422	0.578024	0.648538	0.601983	1.01921	0.622514	1.19375	1.16912	1.22368	1.07381	0.600207	0	0.614663	0.637399
25x-SRR1734619	1.19859	1.1951	1.22354	0.957624	1.16397	1.06729	0.482855	0.492693	0.486117	0.401442	1.01613	0.423557	1.20271	1.11778	1.20775	1.10958	0.481614	0.614663	0	0.392355
25x-SRR1734620	1.19607	1.1939	1.22436	0.967085	1.17087	1.07612	0.483506	0.515525	0.502096	0.403539	1.02834	0.44667	1.20271	1.1225	1.20945	1.11962	0.505302	0.637399	0.392355	0
