	SRR1734599	SRR1734600	SRR1734601	SRR1734602	SRR1734603	SRR1734604	SRR1734607	SRR1734608	SRR1734609	SRR1734610	SRR1734611	SRR1734612	SRR1734613	SRR1734614	SRR1734615	SRR1734616	SRR1734617	SRR1734618	SRR1734619	SRR1734620
SRR1734599	1.2559e+09	3.33744e+08	1.91618e+08	4.43214e+08	5.38021e+08	2.55802e+08	3.79816e+08	3.00653e+08	3.82219e+08	4.30564e+08	4.13554e+08	4.02916e+08	4.01066e+08	6.02266e+08	8.14425e+08	4.42521e+08	3.29209e+08	3.26363e+08	3.71225e+08	4.59621e+08
SRR1734600	3.33744e+08	6.8547e+08	1.67209e+08	3.51777e+08	3.63047e+08	1.77457e+08	2.95897e+08	2.13563e+08	2.79534e+08	2.85665e+08	2.95072e+08	2.84159e+08	7.06748e+08	3.52299e+08	3.25766e+08	3.34269e+08	2.3446e+08	2.51521e+08	2.5661e+08	3.11478e+08
SRR1734601	1.91618e+08	1.67209e+08	2.56928e+08	2.16428e+08	1.9204e+08	1.09029e+08	1.2311e+08	9.82837e+07	1.23204e+08	1.41362e+08	1.56274e+08	1.30843e+08	1.94452e+08	2.06095e+08	2.2885e+08	1.81076e+08	1.06318e+08	1.03138e+08	1.22367e+08	1.47653e+08
SRR1734602	4.43214e+08	3.51777e+08	2.16428e+08	1.76977e+09	7.27412e+08	4.24635e+08	7.9677e+08	6.71082e+08	8.25826e+08	9.37454e+08	6.34442e+08	8.73455e+08	4.18665e+08	6.88388e+08	5.33981e+08	8.03304e+08	6.77834e+08	7.37612e+08	8.02805e+08	9.89859e+08
SRR1734603	5.38021e+08	3.63047e+08	1.9204e+08	7.27412e+08	1.47009e+09	4.18467e+08	4.74324e+08	4.03193e+08	4.6273e+08	5.51289e+08	6.27554e+08	4.96322e+08	4.314e+08	5.72683e+08	6.62838e+08	7.91182e+08	3.71362e+08	4.56594e+08	4.53297e+08	5.90555e+08
SRR1734604	2.55802e+08	1.77457e+08	1.09029e+08	4.24635e+08	4.18467e+08	4.92483e+08	3.19828e+08	2.6842e+08	3.14353e+08	3.73633e+08	4.11493e+08	3.45596e+08	2.09383e+08	3.57913e+08	2.68201e+08	4.62538e+08	2.69384e+08	2.85579e+08	3.19239e+08	3.96614e+08
SRR1734607	3.79816e+08	2.95897e+08	1.2311e+08	7.9677e+08	4.74324e+08	3.19828e+08	1.25594e+09	9.08101e+08	1.13052e+09	1.24397e+09	5.8222e+08	1.16078e+09	3.41417e+08	5.16705e+08	3.88737e+08	5.46306e+08	9.63543e+08	1.01955e+09	1.10419e+09	1.31234e+09
SRR1734608	3.00653e+08	2.13563e+08	9.82837e+07	6.71082e+08	4.03193e+08	2.6842e+08	9.08101e+08	9.46985e+08	9.64659e+08	1.09852e+09	4.99002e+08	1.03454e+09	2.50913e+08	4.01958e+08	3.16353e+08	4.76143e+08	8.38899e+08	8.66653e+08	9.53774e+08	1.15098e+09
SRR1734609	3.82219e+08	2.79534e+08	1.23204e+08	8.25826e+08	4.6273e+08	3.14353e+08	1.13052e+09	9.64659e+08	1.4547e+09	1.30994e+09	5.93287e+08	1.2977e+09	3.28201e+08	5.41737e+08	4.03449e+08	5.70251e+08	1.0651e+09	1.03327e+09	1.18167e+09	1.395e+09
SRR1734610	4.30564e+08	2.85665e+08	1.41362e+08	9.37454e+08	5.51289e+08	3.73633e+08	1.24397e+09	1.09852e+09	1.30994e+09	1.63828e+09	6.78176e+08	1.37628e+09	3.34459e+08	5.93255e+08	4.56992e+08	6.50372e+08	1.11084e+09	1.13723e+09	1.29791e+09	1.59521e+09
SRR1734611	4.13554e+08	2.95072e+08	1.56274e+08	6.34442e+08	6.27554e+08	4.11493e+08	5.8222e+08	4.99002e+08	5.93287e+08	6.78176e+08	1.12832e+09	6.31419e+08	3.56674e+08	5.1974e+08	4.56429e+08	6.30578e+08	4.97271e+08	5.42903e+08	5.7769e+08	7.12802e+08
SRR1734612	4.02916e+08	2.84159e+08	1.30843e+08	8.73455e+08	4.96322e+08	3.45596e+08	1.16078e+09	1.03454e+09	1.2977e+09	1.37628e+09	6.31419e+08	1.4686e+09	3.36528e+08	5.70859e+08	4.27224e+08	6.16666e+08	1.10516e+09	1.05493e+09	1.22454e+09	1.45809e+09
SRR1734613	4.01066e+08	7.06748e+08	1.94452e+08	4.18665e+08	4.314e+08	2.09383e+08	3.41417e+08	2.50913e+08	3.28201e+08	3.34459e+08	3.56674e+08	3.36528e+08	9.44701e+08	4.28764e+08	4.12009e+08	4.17971e+08	2.70474e+08	2.99373e+08	2.9502e+08	3.62664e+08
SRR1734614	6.02266e+08	3.52299e+08	2.06095e+08	6.88388e+08	5.72683e+08	3.57913e+08	5.16705e+08	4.01958e+08	5.41737e+08	5.93255e+08	5.1974e+08	5.70859e+08	4.28764e+08	1.49019e+09	5.96371e+08	5.90965e+08	4.59865e+08	4.26454e+08	5.20391e+08	6.20389e+08
SRR1734615	8.14425e+08	3.25766e+08	2.2885e+08	5.33981e+08	6.62838e+08	2.68201e+08	3.88737e+08	3.16353e+08	4.03449e+08	4.56992e+08	4.56429e+08	4.27224e+08	4.12009e+08	5.96371e+08	1.48931e+09	5.27557e+08	3.36034e+08	3.39302e+08	3.84424e+08	4.78745e+08
SRR1734616	4.42521e+08	3.34269e+08	1.81076e+08	8.03304e+08	7.91182e+08	4.62538e+08	5.46306e+08	4.76143e+08	5.70251e+08	6.50372e+08	6.30578e+08	6.16666e+08	4.17971e+08	5.90965e+08	5.27557e+08	1.4717e+09	4.54474e+08	5.5806e+08	5.38234e+08	7.06665e+08
SRR1734617	3.29209e+08	2.3446e+08	1.06318e+08	6.77834e+08	3.71362e+08	2.69384e+08	9.63543e+08	8.38899e+08	1.0651e+09	1.11084e+09	4.97271e+08	1.10516e+09	2.70474e+08	4.59865e+08	3.36034e+08	4.54474e+08	1.0111e+09	8.37577e+08	1.01524e+09	1.16167e+09
SRR1734618	3.26363e+08	2.51521e+08	1.03138e+08	7.37612e+08	4.56594e+08	2.85579e+08	1.01955e+09	8.66653e+08	1.03327e+09	1.13723e+09	5.42903e+08	1.05493e+09	2.99373e+08	4.26454e+08	3.39302e+08	5.5806e+08	8.37577e+08	1.1481e+09	9.77838e+08	1.21567e+09
SRR1734619	3.71225e+08	2.5661e+08	1.22367e+08	8.02805e+08	4.53297e+08	3.19239e+08	1.10419e+09	9.53774e+08	1.18167e+09	1.29791e+09	5.7769e+08	1.22454e+09	2.9502e+08	5.20391e+08	3.84424e+08	5.38234e+08	1.01524e+09	9.77838e+08	1.24568e+09	1.36396e+09
SRR1734620	4.59621e+08	3.11478e+08	1.47653e+08	9.89859e+08	5.90555e+08	3.96614e+08	1.31234e+09	1.15098e+09	1.395e+09	1.59521e+09	7.12802e+08	1.45809e+09	3.62664e+08	6.20389e+08	4.78745e+08	7.06665e+08	1.16167e+09	1.21567e+09	1.36396e+09	1.85463e+09
