	25x-SRR1734599	25x-SRR1734600	25x-SRR1734601	25x-SRR1734602	25x-SRR1734603	25x-SRR1734604	25x-SRR1734607	25x-SRR1734608	25x-SRR1734609	25x-SRR1734610	25x-SRR1734611	25x-SRR1734612	25x-SRR1734613	25x-SRR1734614	25x-SRR1734615	25x-SRR1734616	25x-SRR1734617	25x-SRR1734618	25x-SRR1734619	25x-SRR1734620
25x-SRR1734599	0	0.652103	0.706344	0.664044	0.617826	0.632816	0.607913	0.663472	0.639638	0.62669	0.651755	0.626126	0.650455	0.604844	0.527325	0.717949	0.617083	0.720902	0.609856	0.637987
25x-SRR1734600	0.652103	0	0.655254	0.686451	0.664675	0.643883	0.629002	0.675995	0.660405	0.68274	0.678549	0.660893	0.350115	0.665308	0.685607	0.715643	0.641872	0.706317	0.653681	0.685689
25x-SRR1734601	0.706344	0.655254	0	0.736752	0.7246	0.643331	0.730748	0.710831	0.749446	0.743893	0.71358	0.739927	0.670222	0.722664	0.707587	0.760578	0.725179	0.761529	0.724515	0.756107
25x-SRR1734602	0.664044	0.686451	0.736752	0	0.592641	0.600696	0.52989	0.564361	0.548544	0.515585	0.59473	0.520877	0.680367	0.616379	0.662903	0.622047	0.559683	0.602986	0.524213	0.525701
25x-SRR1734603	0.617826	0.664675	0.7246	0.592641	0	0.576479	0.605563	0.623453	0.636795	0.608319	0.581265	0.616168	0.657857	0.633315	0.613033	0.59473	0.637591	0.659684	0.61115	0.615605
25x-SRR1734604	0.632816	0.643883	0.643331	0.600696	0.576479	0	0.560798	0.567673	0.594369	0.578682	0.533432	0.571526	0.650952	0.627013	0.656896	0.616673	0.561221	0.644901	0.554611	0.592973
25x-SRR1734607	0.607913	0.629002	0.730748	0.52989	0.605563	0.560798	0	0.378443	0.330769	0.298176	0.565683	0.30469	0.638054	0.616717	0.648674	0.661355	0.311637	0.435522	0.267818	0.310748
25x-SRR1734608	0.663472	0.675995	0.710831	0.564361	0.623453	0.567673	0.378443	0	0.401858	0.337174	0.56592	0.344987	0.679872	0.655941	0.682346	0.650753	0.390573	0.371878	0.342916	0.353078
25x-SRR1734609	0.639638	0.660405	0.749446	0.548544	0.636795	0.594369	0.330769	0.401858	0	0.334519	0.582523	0.260726	0.665355	0.612544	0.660396	0.675319	0.285492	0.48076	0.279808	0.338803
25x-SRR1734610	0.62669	0.68274	0.743893	0.515585	0.608319	0.578682	0.298176	0.337174	0.334519	0	0.560086	0.278787	0.685497	0.611984	0.652157	0.652003	0.336763	0.439542	0.253531	0.239955
25x-SRR1734611	0.651755	0.678549	0.71358	0.59473	0.581265	0.533432	0.565683	0.56592	0.582523	0.560086	0	0.55658	0.657187	0.624279	0.65194	0.608691	0.582537	0.611269	0.564038	0.573833
25x-SRR1734612	0.626126	0.660893	0.739927	0.520877	0.616168	0.571526	0.30469	0.344987	0.260726	0.278787	0.55658	0	0.659084	0.599772	0.645399	0.650852	0.26204	0.459872	0.245343	0.290564
25x-SRR1734613	0.650455	0.350115	0.670222	0.680367	0.657857	0.650952	0.638054	0.679872	0.665355	0.685497	0.657187	0.659084	0	0.659754	0.660628	0.679902	0.661257	0.701969	0.667278	0.688832
25x-SRR1734614	0.604844	0.665308	0.722664	0.616379	0.633315	0.627013	0.616717	0.655941	0.612544	0.611984	0.624279	0.599772	0.659754	0	0.620465	0.671238	0.611613	0.702457	0.602773	0.624996
25x-SRR1734615	0.527325	0.685607	0.707587	0.662903	0.613033	0.656896	0.648674	0.682346	0.660396	0.652157	0.65194	0.645399	0.660628	0.620465	0	0.696048	0.650941	0.732478	0.644001	0.666564
25x-SRR1734616	0.717949	0.715643	0.760578	0.622047	0.59473	0.616673	0.661355	0.650753	0.675319	0.652003	0.608691	0.650852	0.679902	0.671238	0.696048	0	0.703013	0.642348	0.674695	0.648908
25x-SRR1734617	0.617083	0.641872	0.725179	0.559683	0.637591	0.561221	0.311637	0.390573	0.285492	0.336763	0.582537	0.26204	0.661257	0.611613	0.650941	0.703013	0	0.530058	0.246155	0.364102
25x-SRR1734618	0.720902	0.706317	0.761529	0.602986	0.659684	0.644901	0.435522	0.371878	0.48076	0.439542	0.611269	0.459872	0.701969	0.702457	0.732478	0.642348	0.530058	0	0.470503	0.432873
25x-SRR1734619	0.609856	0.653681	0.724515	0.524213	0.61115	0.554611	0.267818	0.342916	0.279808	0.253531	0.564038	0.245343	0.667278	0.602773	0.644001	0.674695	0.246155	0.470503	0	0.277331
25x-SRR1734620	0.637987	0.685689	0.756107	0.525701	0.615605	0.592973	0.310748	0.353078	0.338803	0.239955	0.573833	0.290564	0.688832	0.624996	0.666564	0.648908	0.364102	0.432873	0.277331	0
