	SRR1734599	SRR1734600	SRR1734601	SRR1734602	SRR1734603	SRR1734604	SRR1734607	SRR1734608	SRR1734609	SRR1734610	SRR1734611	SRR1734612	SRR1734613	SRR1734614	SRR1734615	SRR1734616	SRR1734617	SRR1734618	SRR1734619	SRR1734620
SRR1734599	0	0.62576	0.635799	0.637187	0.619197	0.618157	0.599161	0.65298	0.637135	0.617166	0.649543	0.62439	0.638993	0.601091	0.519172	0.727508	0.652486	0.721181	0.610536	0.609075
SRR1734600	0.62576	0	0.614139	0.615843	0.639702	0.633499	0.606915	0.661687	0.632439	0.637196	0.660774	0.630042	0.299895	0.61517	0.650028	0.702994	0.645073	0.69743	0.62687	0.633475
SRR1734601	0.635799	0.614139	0	0.629613	0.664289	0.636136	0.654124	0.674923	0.67791	0.652576	0.673233	0.661261	0.62484	0.645231	0.6304	0.735591	0.673365	0.739738	0.650032	0.65599
SRR1734602	0.637187	0.615843	0.629613	0	0.589501	0.534526	0.502862	0.515977	0.518658	0.494263	0.585443	0.496793	0.644443	0.590217	0.644912	0.643895	0.520114	0.587866	0.487461	0.502716
SRR1734603	0.619197	0.639702	0.664289	0.589501	0	0.564468	0.610148	0.612616	0.649904	0.622482	0.580539	0.630147	0.650985	0.640901	0.616333	0.603218	0.636872	0.644696	0.622902	0.634766
SRR1734604	0.618157	0.633499	0.636136	0.534526	0.564468	0	0.533063	0.544752	0.563	0.520401	0.517618	0.528083	0.644057	0.588523	0.632786	0.612084	0.540459	0.634195	0.522587	0.531701
SRR1734607	0.599161	0.606915	0.654124	0.502862	0.610148	0.533063	0	0.365447	0.332977	0.284625	0.563393	0.305776	0.626513	0.610289	0.641879	0.680601	0.359476	0.449616	0.272168	0.268582
SRR1734608	0.65298	0.661687	0.674923	0.515977	0.612616	0.544752	0.365447	0	0.38891	0.29975	0.556269	0.315056	0.671761	0.632758	0.66403	0.645142	0.297843	0.381185	0.324244	0.355417
SRR1734609	0.637135	0.632439	0.67791	0.518658	0.649904	0.563	0.332977	0.38891	0	0.313435	0.585954	0.258674	0.654945	0.601666	0.659711	0.697676	0.31139	0.497008	0.273523	0.2951
SRR1734610	0.617166	0.637196	0.652576	0.494263	0.622482	0.520401	0.284625	0.29975	0.313435	0	0.55606	0.255362	0.656783	0.602542	0.6441	0.679195	0.290174	0.458422	0.220253	0.2318
SRR1734611	0.649543	0.660774	0.673233	0.585443	0.580539	0.517618	0.563393	0.556269	0.585954	0.55606	0	0.555652	0.65313	0.616029	0.641853	0.613488	0.550135	0.611015	0.564892	0.583151
SRR1734612	0.62439	0.630042	0.661261	0.496793	0.630147	0.528083	0.305776	0.315056	0.258674	0.255362	0.555652	0	0.642668	0.593256	0.642856	0.670839	0.241302	0.468694	0.23471	0.257962
SRR1734613	0.638993	0.299895	0.62484	0.644443	0.650985	0.644057	0.626513	0.671761	0.654945	0.656783	0.65313	0.642668	0	0.636555	0.638645	0.687675	0.651361	0.70396	0.652585	0.658451
SRR1734614	0.601091	0.61517	0.645231	0.590217	0.640901	0.588523	0.610289	0.632758	0.601666	0.602542	0.616029	0.593256	0.636555	0	0.614949	0.680039	0.605807	0.698666	0.594829	0.611219
SRR1734615	0.519172	0.650028	0.6304	0.644912	0.616333	0.632786	0.641879	0.66403	0.659711	0.6441	0.641853	0.642856	0.638645	0.614949	0	0.695111	0.655747	0.724552	0.643441	0.651512
SRR1734616	0.727508	0.702994	0.735591	0.643895	0.603218	0.612084	0.680601	0.645142	0.697676	0.679195	0.613488	0.670839	0.687675	0.680039	0.695111	0	0.649097	0.63828	0.691379	0.711743
SRR1734617	0.652486	0.645073	0.673365	0.520114	0.636872	0.540459	0.359476	0.297843	0.31139	0.290174	0.550135	0.241302	0.651361	0.605807	0.655747	0.649097	0	0.432589	0.296535	0.329361
SRR1734618	0.721181	0.69743	0.739738	0.587866	0.644696	0.634195	0.449616	0.381185	0.497008	0.458422	0.611015	0.468694	0.70396	0.698666	0.724552	0.63828	0.432589	0	0.477444	0.509993
SRR1734619	0.610536	0.62687	0.650032	0.487461	0.622902	0.522587	0.272168	0.324244	0.273523	0.220253	0.564892	0.23471	0.652585	0.594829	0.643441	0.691379	0.296535	0.477444	0	0.209793
SRR1734620	0.609075	0.633475	0.65599	0.502716	0.634766	0.531701	0.268582	0.355417	0.2951	0.2318	0.583151	0.257962	0.658451	0.611219	0.651512	0.711743	0.329361	0.509993	0.209793	0
