	2x-SRR1734599	2x-SRR1734600	2x-SRR1734601	2x-SRR1734602	2x-SRR1734603	2x-SRR1734604	2x-SRR1734607	2x-SRR1734608	2x-SRR1734609	2x-SRR1734610	2x-SRR1734611	2x-SRR1734612	2x-SRR1734613	2x-SRR1734614	2x-SRR1734615	2x-SRR1734616	2x-SRR1734617	2x-SRR1734618	2x-SRR1734619	2x-SRR1734620
2x-SRR1734599	2.15806e+08	1.67953e+08	1.32095e+08	1.36879e+08	1.29926e+08	1.56767e+08	1.7495e+08	1.25973e+08	1.52572e+08	1.51625e+08	1.05642e+08	1.73611e+08	1.29577e+08	1.21773e+08	1.44776e+08	1.14824e+08	1.87965e+08	1.22546e+08	1.66676e+08	1.90665e+08
2x-SRR1734600	1.67953e+08	2.22577e+08	1.39995e+08	1.45894e+08	1.38305e+08	1.56631e+08	1.82666e+08	1.33519e+08	1.70564e+08	1.59308e+08	1.17048e+08	1.93746e+08	1.57307e+08	1.22437e+08	1.37709e+08	1.21595e+08	2.10344e+08	1.32349e+08	1.86617e+08	2.13778e+08
2x-SRR1734601	1.32095e+08	1.39995e+08	1.56685e+08	1.14041e+08	1.11185e+08	1.27217e+08	1.37537e+08	1.03833e+08	1.29676e+08	1.2579e+08	9.69837e+07	1.46983e+08	1.11106e+08	1.05115e+08	1.15048e+08	1.05408e+08	1.59796e+08	1.01249e+08	1.42186e+08	1.64977e+08
2x-SRR1734602	1.36879e+08	1.45894e+08	1.14041e+08	1.54843e+08	1.15318e+08	1.34141e+08	1.60129e+08	1.22885e+08	1.50472e+08	1.43516e+08	9.88359e+07	1.70658e+08	1.11764e+08	1.00466e+08	1.14744e+08	1.04633e+08	1.81825e+08	1.20704e+08	1.65661e+08	1.81309e+08
2x-SRR1734603	1.29926e+08	1.38305e+08	1.11185e+08	1.15318e+08	1.43345e+08	1.27313e+08	1.39766e+08	1.08094e+08	1.28041e+08	1.2379e+08	1.03985e+08	1.44382e+08	1.10638e+08	9.80067e+07	1.11107e+08	1.07166e+08	1.56395e+08	1.06879e+08	1.39679e+08	1.56293e+08
2x-SRR1734604	1.56767e+08	1.56631e+08	1.27217e+08	1.34141e+08	1.27313e+08	1.90815e+08	1.68933e+08	1.26986e+08	1.57021e+08	1.51828e+08	1.09977e+08	1.79201e+08	1.23395e+08	1.11053e+08	1.27132e+08	1.1788e+08	1.93906e+08	1.22932e+08	1.7106e+08	1.98864e+08
2x-SRR1734607	1.7495e+08	1.82666e+08	1.37537e+08	1.60129e+08	1.39766e+08	1.68933e+08	2.48986e+08	1.70933e+08	2.11695e+08	2.05523e+08	1.16835e+08	2.39162e+08	1.39273e+08	1.18192e+08	1.41053e+08	1.21546e+08	2.57071e+08	1.70416e+08	2.29761e+08	2.63931e+08
2x-SRR1734608	1.25973e+08	1.33519e+08	1.03833e+08	1.22885e+08	1.08094e+08	1.26986e+08	1.70933e+08	1.54507e+08	1.65156e+08	1.54422e+08	9.35594e+07	1.82529e+08	1.05096e+08	9.05392e+07	1.06469e+08	9.95622e+07	1.93713e+08	1.4166e+08	1.75399e+08	1.88192e+08
2x-SRR1734609	1.52572e+08	1.70564e+08	1.29676e+08	1.50472e+08	1.28041e+08	1.57021e+08	2.11695e+08	1.65156e+08	2.73291e+08	2.03096e+08	1.15657e+08	2.72714e+08	1.31369e+08	1.21106e+08	1.30902e+08	1.19375e+08	2.91777e+08	1.68376e+08	2.4786e+08	3.09535e+08
2x-SRR1734610	1.51625e+08	1.59308e+08	1.2579e+08	1.43516e+08	1.2379e+08	1.51828e+08	2.05523e+08	1.54422e+08	2.03096e+08	2.09132e+08	1.0767e+08	2.31658e+08	1.23446e+08	1.08101e+08	1.26071e+08	1.07579e+08	2.48885e+08	1.50341e+08	2.23562e+08	2.72825e+08
2x-SRR1734611	1.05642e+08	1.17048e+08	9.69837e+07	9.88359e+07	1.03985e+08	1.09977e+08	1.16835e+08	9.35594e+07	1.15657e+08	1.0767e+08	1.18047e+08	1.28422e+08	9.851e+07	8.94543e+07	9.39771e+07	9.74711e+07	1.39668e+08	9.3175e+07	1.21913e+08	1.38773e+08
2x-SRR1734612	1.73611e+08	1.93746e+08	1.46983e+08	1.70658e+08	1.44382e+08	1.79201e+08	2.39162e+08	1.82529e+08	2.72714e+08	2.31658e+08	1.28422e+08	3.24199e+08	1.46946e+08	1.35076e+08	1.47035e+08	1.2936e+08	3.29471e+08	1.79594e+08	2.83864e+08	3.61214e+08
2x-SRR1734613	1.29577e+08	1.57307e+08	1.11106e+08	1.11764e+08	1.10638e+08	1.23395e+08	1.39273e+08	1.05096e+08	1.31369e+08	1.23446e+08	9.851e+07	1.46946e+08	1.47825e+08	9.77836e+07	1.11592e+08	1.02548e+08	1.58959e+08	1.04811e+08	1.38479e+08	1.57483e+08
2x-SRR1734614	1.21773e+08	1.22437e+08	1.05115e+08	1.00466e+08	9.80067e+07	1.11053e+08	1.18192e+08	9.05392e+07	1.21106e+08	1.08101e+08	8.94543e+07	1.35076e+08	9.77836e+07	1.28182e+08	1.00507e+08	9.79115e+07	1.47651e+08	8.93994e+07	1.26494e+08	1.49807e+08
2x-SRR1734615	1.44776e+08	1.37709e+08	1.15048e+08	1.14744e+08	1.11107e+08	1.27132e+08	1.41053e+08	1.06469e+08	1.30902e+08	1.26071e+08	9.39771e+07	1.47035e+08	1.11592e+08	1.00507e+08	1.51874e+08	1.04476e+08	1.59744e+08	1.04644e+08	1.39962e+08	1.58296e+08
2x-SRR1734616	1.14824e+08	1.21595e+08	1.05408e+08	1.04633e+08	1.07166e+08	1.1788e+08	1.21546e+08	9.95622e+07	1.19375e+08	1.07579e+08	9.74711e+07	1.2936e+08	1.02548e+08	9.79115e+07	1.04476e+08	1.39282e+08	1.39621e+08	1.02444e+08	1.20722e+08	1.27689e+08
2x-SRR1734617	1.87965e+08	2.10344e+08	1.59796e+08	1.81825e+08	1.56395e+08	1.93906e+08	2.57071e+08	1.93713e+08	2.91777e+08	2.48885e+08	1.39668e+08	3.29471e+08	1.58959e+08	1.47651e+08	1.59744e+08	1.39621e+08	3.77331e+08	1.90206e+08	3.06368e+08	4.00548e+08
2x-SRR1734618	1.22546e+08	1.32349e+08	1.01249e+08	1.20704e+08	1.06879e+08	1.22932e+08	1.70416e+08	1.4166e+08	1.68376e+08	1.50341e+08	9.3175e+07	1.79594e+08	1.04811e+08	8.93994e+07	1.04644e+08	1.02444e+08	1.90206e+08	1.73512e+08	1.72403e+08	1.76991e+08
2x-SRR1734619	1.66676e+08	1.86617e+08	1.42186e+08	1.65661e+08	1.39679e+08	1.7106e+08	2.29761e+08	1.75399e+08	2.4786e+08	2.23562e+08	1.21913e+08	2.83864e+08	1.38479e+08	1.26494e+08	1.39962e+08	1.20722e+08	3.06368e+08	1.72403e+08	2.92033e+08	3.41155e+08
2x-SRR1734620	1.90665e+08	2.13778e+08	1.64977e+08	1.81309e+08	1.56293e+08	1.98864e+08	2.63931e+08	1.88192e+08	3.09535e+08	2.72825e+08	1.38773e+08	3.61214e+08	1.57483e+08	1.49807e+08	1.58296e+08	1.27689e+08	4.00548e+08	1.76991e+08	3.41155e+08	5.17259e+08
