	SRR1734599	SRR1734600	SRR1734601	SRR1734602	SRR1734603	SRR1734604	SRR1734607	SRR1734608	SRR1734609	SRR1734610	SRR1734611	SRR1734612	SRR1734613	SRR1734614	SRR1734615	SRR1734616	SRR1734617	SRR1734618	SRR1734619	SRR1734620
SRR1734599	3.84878e+07	1.23695e+07	1.04267e+07	9.02474e+06	1.04796e+07	1.18147e+07	6.15524e+06	5.19252e+06	7.47349e+06	5.87617e+06	9.65324e+06	7.79556e+06	1.04209e+07	1.58487e+07	1.53454e+07	1.01305e+07	8.4221e+06	6.02494e+06	7.03293e+06	8.99313e+06
SRR1734600	1.23695e+07	3.85116e+07	1.14014e+07	1.10246e+07	1.49482e+07	8.83452e+06	1.14009e+07	8.05018e+06	1.20819e+07	9.48125e+06	1.41605e+07	1.33292e+07	2.46825e+07	1.08403e+07	9.71882e+06	1.1143e+07	1.4887e+07	9.89746e+06	1.26183e+07	1.66328e+07
SRR1734601	1.04267e+07	1.14014e+07	3.10734e+07	9.06694e+06	1.3444e+07	7.83452e+06	5.53536e+06	4.48525e+06	5.93052e+06	5.27165e+06	1.29759e+07	6.77019e+06	9.34575e+06	1.47203e+07	1.16491e+07	1.53739e+07	7.49567e+06	4.71748e+06	6.33799e+06	8.25062e+06
SRR1734602	9.02474e+06	1.10246e+07	9.06694e+06	2.67062e+07	1.12427e+07	9.04447e+06	1.36189e+07	1.25954e+07	1.64186e+07	1.28548e+07	1.1538e+07	1.74576e+07	8.9516e+06	9.51187e+06	8.37121e+06	1.16907e+07	1.78851e+07	1.42839e+07	1.58759e+07	1.76268e+07
SRR1734603	1.04796e+07	1.49482e+07	1.3444e+07	1.12427e+07	3.21262e+07	1.03835e+07	8.9741e+06	7.76882e+06	9.12557e+06	7.90694e+06	1.94841e+07	1.00891e+07	1.28432e+07	1.35172e+07	1.02167e+07	1.67965e+07	1.11571e+07	8.47904e+06	9.64377e+06	1.16454e+07
SRR1734604	1.18147e+07	8.83452e+06	7.83452e+06	9.04447e+06	1.03835e+07	3.14062e+07	9.19019e+06	7.96544e+06	9.6456e+06	8.43209e+06	1.04637e+07	1.11335e+07	7.37642e+06	8.81494e+06	7.53175e+06	1.1122e+07	1.21482e+07	8.31286e+06	1.01457e+07	1.23571e+07
SRR1734607	6.15524e+06	1.14009e+07	5.53536e+06	1.36189e+07	8.9741e+06	9.19019e+06	4.5837e+07	3.11157e+07	4.08926e+07	3.41205e+07	1.04561e+07	4.34883e+07	9.3752e+06	5.98742e+06	5.7616e+06	8.15779e+06	4.64051e+07	3.58681e+07	4.07129e+07	4.83694e+07
SRR1734608	5.19252e+06	8.05018e+06	4.48525e+06	1.25954e+07	7.76882e+06	7.96544e+06	3.11157e+07	3.95456e+07	3.84729e+07	2.95186e+07	8.82821e+06	3.96183e+07	6.72905e+06	4.75721e+06	4.8518e+06	8.40563e+06	3.985e+07	3.48196e+07	3.53062e+07	3.80074e+07
SRR1734609	7.47349e+06	1.20819e+07	5.93052e+06	1.64186e+07	9.12557e+06	9.6456e+06	4.08926e+07	3.84729e+07	8.14025e+07	4.02597e+07	1.13384e+07	6.4839e+07	9.64886e+06	7.49146e+06	6.40492e+06	1.18736e+07	6.46781e+07	4.66421e+07	5.19236e+07	6.20891e+07
SRR1734610	5.87617e+06	9.48125e+06	5.27165e+06	1.28548e+07	7.90694e+06	8.43209e+06	3.41205e+07	2.95186e+07	4.02597e+07	4.00845e+07	9.60454e+06	4.32858e+07	7.53318e+06	5.77177e+06	5.32968e+06	7.4038e+06	4.55398e+07	3.21434e+07	4.00334e+07	4.90022e+07
SRR1734611	9.65324e+06	1.41605e+07	1.29759e+07	1.1538e+07	1.94841e+07	1.04637e+07	1.04561e+07	8.82821e+06	1.13384e+07	9.60454e+06	3.13599e+07	1.26615e+07	1.24843e+07	1.39898e+07	8.183e+06	1.59101e+07	1.40038e+07	9.44342e+06	1.16704e+07	1.48109e+07
SRR1734612	7.79556e+06	1.33292e+07	6.77019e+06	1.74576e+07	1.00891e+07	1.11335e+07	4.34883e+07	3.96183e+07	6.4839e+07	4.32858e+07	1.26615e+07	7.46291e+07	1.05294e+07	8.42222e+06	6.93281e+06	1.14867e+07	6.7507e+07	4.46893e+07	5.59651e+07	6.93164e+07
SRR1734613	1.04209e+07	2.46825e+07	9.34575e+06	8.9516e+06	1.28432e+07	7.37642e+06	9.3752e+06	6.72905e+06	9.64886e+06	7.53318e+06	1.24843e+07	1.05294e+07	3.05947e+07	9.44115e+06	8.64521e+06	1.04465e+07	1.1429e+07	8.32911e+06	9.23136e+06	1.20524e+07
SRR1734614	1.58487e+07	1.08403e+07	1.47203e+07	9.51187e+06	1.35172e+07	8.81494e+06	5.98742e+06	4.75721e+06	7.49146e+06	5.77177e+06	1.39898e+07	8.42222e+06	9.44115e+06	3.09195e+07	1.00083e+07	1.60384e+07	9.1797e+06	5.0616e+06	7.20801e+06	9.88412e+06
SRR1734615	1.53454e+07	9.71882e+06	1.16491e+07	8.37121e+06	1.02167e+07	7.53175e+06	5.7616e+06	4.8518e+06	6.40492e+06	5.32968e+06	8.183e+06	6.93281e+06	8.64521e+06	1.00083e+07	2.82192e+07	1.07047e+07	7.75452e+06	5.43041e+06	6.30921e+06	7.80885e+06
SRR1734616	1.01305e+07	1.1143e+07	1.53739e+07	1.16907e+07	1.67965e+07	1.1122e+07	8.15779e+06	8.40563e+06	1.18736e+07	7.4038e+06	1.59101e+07	1.14867e+07	1.04465e+07	1.60384e+07	1.07047e+07	3.58355e+07	1.12203e+07	1.04199e+07	8.95574e+06	9.29929e+06
SRR1734617	8.4221e+06	1.4887e+07	7.49567e+06	1.78851e+07	1.11571e+07	1.21482e+07	4.64051e+07	3.985e+07	6.46781e+07	4.55398e+07	1.40038e+07	6.7507e+07	1.1429e+07	9.1797e+06	7.75452e+06	1.12203e+07	8.03242e+07	4.42537e+07	5.90141e+07	7.58709e+07
SRR1734618	6.02494e+06	9.89746e+06	4.71748e+06	1.42839e+07	8.47904e+06	8.31286e+06	3.58681e+07	3.48196e+07	4.66421e+07	3.21434e+07	9.44342e+06	4.46893e+07	8.32911e+06	5.0616e+06	5.43041e+06	1.04199e+07	4.42537e+07	5.45537e+07	3.8906e+07	3.94529e+07
SRR1734619	7.03293e+06	1.26183e+07	6.33799e+06	1.58759e+07	9.64377e+06	1.01457e+07	4.07129e+07	3.53062e+07	5.19236e+07	4.00334e+07	1.16704e+07	5.59651e+07	9.23136e+06	7.20801e+06	6.30921e+06	8.95574e+06	5.90141e+07	3.8906e+07	5.94279e+07	6.36857e+07
SRR1734620	8.99313e+06	1.66328e+07	8.25062e+06	1.76268e+07	1.16454e+07	1.23571e+07	4.83694e+07	3.80074e+07	6.20891e+07	4.90022e+07	1.48109e+07	6.93164e+07	1.20524e+07	9.88412e+06	7.80885e+06	9.29929e+06	7.58709e+07	3.94529e+07	6.36857e+07	9.70247e+07
