	SRR1734599	SRR1734600	SRR1734601	SRR1734602	SRR1734603	SRR1734604	SRR1734607	SRR1734608	SRR1734609	SRR1734610	SRR1734611	SRR1734612	SRR1734613	SRR1734614	SRR1734615	SRR1734616	SRR1734617	SRR1734618	SRR1734619	SRR1734620
SRR1734599	0	1.16508	1.18195	1.19876	1.18488	1.14907	1.30649	1.31674	1.31642	1.30414	1.20178	1.30732	1.1801	1.03978	1.0338	1.206	1.30271	1.31796	1.3061	1.30601
SRR1734600	1.16508	0	1.15794	1.14563	1.0724	1.22145	1.20718	1.25994	1.25237	1.23182	1.0886	1.22586	0.749574	1.1712	1.18759	1.18326	1.21024	1.25225	1.21346	1.20657
SRR1734601	1.18195	1.15794	0	1.17069	1.07191	1.2241	1.30639	1.32064	1.32822	1.30432	1.08104	1.31104	1.18059	1.02479	1.10146	1.03854	1.30381	1.33073	1.30576	1.30364
SRR1734602	1.19876	1.14563	1.17069	0	1.11011	1.17278	1.10522	1.10673	1.1383	1.10192	1.09664	1.10359	1.17204	1.15671	1.17904	1.11544	1.10801	1.11873	1.09681	1.14343
SRR1734603	1.18488	1.0724	1.07191	1.11011	0	1.16026	1.23785	1.25063	1.28184	1.24873	0.878804	1.26012	1.08659	1.06875	1.14951	1.00496	1.24929	1.2629	1.24843	1.25811
SRR1734604	1.14907	1.22145	1.2241	1.17278	1.16026	0	1.23108	1.24417	1.27219	1.23479	1.15463	1.24099	1.23453	1.1976	1.2223	1.15626	1.23137	1.26425	1.23706	1.24591
SRR1734607	1.30649	1.20718	1.30639	1.10522	1.23785	1.23108	0	0.733702	0.813081	0.638733	1.2035	0.716169	1.22446	1.29689	1.29599	1.2639	0.685891	0.751958	0.663232	0.741206
SRR1734608	1.31674	1.25994	1.32064	1.10673	1.25063	1.24417	0.733702	0	0.802386	0.719152	1.22418	0.735829	1.27007	1.3145	1.30749	1.24636	0.765429	0.707592	0.737167	0.879103
SRR1734609	1.31642	1.25237	1.32822	1.1383	1.28184	1.27219	0.813081	0.802386	0	0.76838	1.24546	0.579853	1.27016	1.30436	1.31633	1.24913	0.632673	0.774702	0.71199	0.776347
SRR1734610	1.30414	1.23182	1.30432	1.10192	1.24873	1.23479	0.638733	0.719152	0.76838	0	1.20756	0.64589	1.25291	1.2931	1.29733	1.26858	0.62839	0.790731	0.599608	0.654595
SRR1734611	1.20178	1.0886	1.08104	1.09664	0.878804	1.15463	1.2035	1.22418	1.24546	1.20756	0	1.21513	1.09266	1.0495	1.2041	1.02508	1.20082	1.24233	1.20803	1.20954
SRR1734612	1.30732	1.22586	1.31104	1.10359	1.26012	1.24099	0.716169	0.735829	0.579853	0.64589	1.21513	0	1.24871	1.28427	1.30302	1.2473	0.506142	0.774098	0.565039	0.608943
SRR1734613	1.1801	0.749574	1.18059	1.17204	1.08659	1.23453	1.22446	1.27007	1.27016	1.25291	1.09266	1.24871	0	1.17732	1.18809	1.17005	1.24053	1.26184	1.2518	1.24803
SRR1734614	1.03978	1.1712	1.02479	1.15671	1.06875	1.1976	1.29689	1.3145	1.30436	1.2931	1.0495	1.28427	1.17732	0	1.14994	1.01801	1.27734	1.3242	1.28984	1.28027
SRR1734615	1.0338	1.18759	1.10146	1.17904	1.14951	1.2223	1.29599	1.30749	1.31633	1.29733	1.2041	1.30302	1.18809	1.14994	0	1.15185	1.29393	1.3127	1.30072	1.30443
SRR1734616	1.206	1.18326	1.03854	1.11544	1.00496	1.15626	1.2639	1.24636	1.24913	1.26858	1.02508	1.2473	1.17005	1.01801	1.15185	0	1.25767	1.23639	1.26959	1.29792
SRR1734617	1.30271	1.21024	1.30381	1.10801	1.24929	1.23137	0.685891	0.765429	0.632673	0.62839	1.20082	0.506142	1.24053	1.27734	1.29393	1.25767	0	0.814224	0.540082	0.530224
SRR1734618	1.31796	1.25225	1.33073	1.11873	1.2629	1.26425	0.751958	0.707592	0.774702	0.790731	1.24233	0.774098	1.26184	1.3242	1.3127	1.23639	0.814224	0	0.795868	0.956783
SRR1734619	1.3061	1.21346	1.30576	1.09681	1.24843	1.23706	0.663232	0.737167	0.71199	0.599608	1.20803	0.565039	1.2518	1.28984	1.30072	1.26959	0.540082	0.795868	0	0.567983
SRR1734620	1.30601	1.20657	1.30364	1.14343	1.25811	1.24591	0.741206	0.879103	0.776347	0.654595	1.20954	0.608943	1.24803	1.28027	1.30443	1.29792	0.530224	0.956783	0.567983	0
