	2x-SRR1734599	2x-SRR1734600	2x-SRR1734601	2x-SRR1734602	2x-SRR1734603	2x-SRR1734604	2x-SRR1734607	2x-SRR1734608	2x-SRR1734609	2x-SRR1734610	2x-SRR1734611	2x-SRR1734612	2x-SRR1734613	2x-SRR1734614	2x-SRR1734615	2x-SRR1734616	2x-SRR1734617	2x-SRR1734618	2x-SRR1734619	2x-SRR1734620
2x-SRR1734599	2.29634e+07	7.59216e+06	7.3718e+06	6.1502e+06	9.68305e+06	6.51494e+06	5.30338e+06	5.51943e+06	4.52661e+06	5.81844e+06	7.38603e+06	4.43263e+06	9.29595e+06	1.50766e+07	1.16201e+07	7.75166e+06	5.80957e+06	1.35438e+06	4.02833e+06	6.35611e+06
2x-SRR1734600	7.59216e+06	3.04074e+07	9.13148e+06	7.83726e+06	1.56018e+07	3.6222e+06	1.29718e+07	1.1118e+07	9.94806e+06	1.26507e+07	1.18623e+07	1.02631e+07	2.63318e+07	1.25544e+07	9.1446e+06	9.209e+06	1.36439e+07	3.20646e+06	9.7897e+06	1.57201e+07
2x-SRR1734601	7.3718e+06	9.13148e+06	2.71283e+07	7.01316e+06	1.52563e+07	3.50593e+06	6.85929e+06	6.85406e+06	5.34671e+06	7.60982e+06	1.1569e+07	5.75121e+06	1.08477e+07	1.65596e+07	1.12597e+07	1.43276e+07	7.46537e+06	1.6269e+06	5.36728e+06	8.55888e+06
2x-SRR1734602	6.1502e+06	7.83726e+06	7.01316e+06	1.89837e+07	1.09548e+07	3.46093e+06	1.40126e+07	1.54986e+07	1.29986e+07	1.52808e+07	8.78824e+06	1.28955e+07	8.85924e+06	1.00903e+07	7.5469e+06	9.41147e+06	1.5461e+07	4.8345e+06	1.17105e+07	1.55384e+07
2x-SRR1734603	9.68305e+06	1.56018e+07	1.52563e+07	1.09548e+07	4.5052e+07	6.35201e+06	1.46567e+07	1.53937e+07	1.10011e+07	1.53767e+07	2.12162e+07	1.15094e+07	1.81894e+07	1.96046e+07	1.3868e+07	1.98184e+07	1.50711e+07	3.88366e+06	1.09114e+07	1.62197e+07
2x-SRR1734604	6.51494e+06	3.6222e+06	3.50593e+06	3.46093e+06	6.35201e+06	1.24073e+07	5.85478e+06	6.26805e+06	4.51114e+06	6.21273e+06	4.51294e+06	4.94581e+06	4.41628e+06	6.134e+06	4.05618e+06	5.08821e+06	6.31032e+06	1.44871e+06	4.44234e+06	6.65608e+06
2x-SRR1734607	5.30338e+06	1.29718e+07	6.85929e+06	1.40126e+07	1.46567e+07	5.85478e+06	7.21379e+07	5.88758e+07	5.06342e+07	6.41611e+07	1.19063e+07	5.03063e+07	1.50978e+07	1.23331e+07	8.4841e+06	1.03251e+07	6.32068e+07	1.939e+07	4.70569e+07	6.84391e+07
2x-SRR1734608	5.51943e+06	1.1118e+07	6.85406e+06	1.54986e+07	1.53937e+07	6.26805e+06	5.88758e+07	8.42949e+07	5.71066e+07	6.54103e+07	1.22375e+07	5.4528e+07	1.30189e+07	1.21548e+07	8.80166e+06	1.3112e+07	6.49025e+07	2.17914e+07	4.82834e+07	6.36247e+07
2x-SRR1734609	4.52661e+06	9.94806e+06	5.34671e+06	1.29986e+07	1.10011e+07	4.51114e+06	5.06342e+07	5.71066e+07	7.66071e+07	5.76693e+07	9.56106e+06	5.64676e+07	1.13446e+07	1.0785e+07	6.75451e+06	1.08135e+07	6.62791e+07	1.9147e+07	4.58406e+07	6.53257e+07
2x-SRR1734610	5.81844e+06	1.26507e+07	7.60982e+06	1.52808e+07	1.53767e+07	6.21273e+06	6.41611e+07	6.54103e+07	5.76693e+07	8.40771e+07	1.30052e+07	5.79864e+07	1.43257e+07	1.37035e+07	9.03933e+06	1.08175e+07	7.21432e+07	1.98292e+07	5.37621e+07	8.06281e+07
2x-SRR1734611	7.38603e+06	1.18623e+07	1.1569e+07	8.78824e+06	2.12162e+07	4.51294e+06	1.19063e+07	1.22375e+07	9.56106e+06	1.30052e+07	2.77496e+07	1.00829e+07	1.40732e+07	1.54967e+07	8.47941e+06	1.45848e+07	1.31573e+07	3.12149e+06	9.25224e+06	1.43167e+07
2x-SRR1734612	4.43263e+06	1.02631e+07	5.75121e+06	1.28955e+07	1.15094e+07	4.94581e+06	5.03063e+07	5.4528e+07	5.64676e+07	5.79864e+07	1.00829e+07	6.11905e+07	1.15549e+07	1.14237e+07	6.85896e+06	9.87598e+06	6.45076e+07	1.73234e+07	4.59602e+07	6.7875e+07
2x-SRR1734613	9.29595e+06	2.63318e+07	1.08477e+07	8.85924e+06	1.81894e+07	4.41628e+06	1.50978e+07	1.30189e+07	1.13446e+07	1.43257e+07	1.40732e+07	1.15549e+07	4.36451e+07	1.57781e+07	1.19215e+07	1.25579e+07	1.50107e+07	3.77408e+06	1.02393e+07	1.63916e+07
2x-SRR1734614	1.50766e+07	1.25544e+07	1.65596e+07	1.00903e+07	1.96046e+07	6.134e+06	1.23331e+07	1.21548e+07	1.0785e+07	1.37035e+07	1.54967e+07	1.14237e+07	1.57781e+07	4.7479e+07	1.4199e+07	1.86379e+07	1.48645e+07	2.7791e+06	9.90066e+06	1.65761e+07
2x-SRR1734615	1.16201e+07	9.1446e+06	1.12597e+07	7.5469e+06	1.3868e+07	4.05618e+06	8.4841e+06	8.80166e+06	6.75451e+06	9.03933e+06	8.47941e+06	6.85896e+06	1.19215e+07	1.4199e+07	3.11398e+07	1.11558e+07	9.11949e+06	2.24129e+06	6.21052e+06	9.40247e+06
2x-SRR1734616	7.75166e+06	9.209e+06	1.43276e+07	9.41147e+06	1.98184e+07	5.08821e+06	1.03251e+07	1.3112e+07	1.08135e+07	1.08175e+07	1.45848e+07	9.87598e+06	1.25579e+07	1.86379e+07	1.11558e+07	3.35659e+07	1.16031e+07	3.60697e+06	7.71112e+06	9.7745e+06
2x-SRR1734617	5.80957e+06	1.36439e+07	7.46537e+06	1.5461e+07	1.50711e+07	6.31032e+06	6.32068e+07	6.49025e+07	6.62791e+07	7.21432e+07	1.31573e+07	6.45076e+07	1.50107e+07	1.48645e+07	9.11949e+06	1.16031e+07	8.98115e+07	1.98312e+07	5.66716e+07	8.76668e+07
2x-SRR1734618	1.35438e+06	3.20646e+06	1.6269e+06	4.8345e+06	3.88366e+06	1.44871e+06	1.939e+07	2.17914e+07	1.9147e+07	1.98292e+07	3.12149e+06	1.73234e+07	3.77408e+06	2.7791e+06	2.24129e+06	3.60697e+06	1.98312e+07	1.30982e+07	1.55391e+07	1.81815e+07
2x-SRR1734619	4.02833e+06	9.7897e+06	5.36728e+06	1.17105e+07	1.09114e+07	4.44234e+06	4.70569e+07	4.82834e+07	4.58406e+07	5.37621e+07	9.25224e+06	4.59602e+07	1.02393e+07	9.90066e+06	6.21052e+06	7.71112e+06	5.66716e+07	1.55391e+07	4.98336e+07	6.28532e+07
2x-SRR1734620	6.35611e+06	1.57201e+07	8.55888e+06	1.55384e+07	1.62197e+07	6.65608e+06	6.84391e+07	6.36247e+07	6.53257e+07	8.06281e+07	1.43167e+07	6.7875e+07	1.63916e+07	1.65761e+07	9.40247e+06	9.7745e+06	8.76668e+07	1.81815e+07	6.28532e+07	1.15721e+08
