	SRR1734599	SRR1734600	SRR1734601	SRR1734602	SRR1734603	SRR1734604	SRR1734607	SRR1734608	SRR1734609	SRR1734610	SRR1734611	SRR1734612	SRR1734613	SRR1734614	SRR1734615	SRR1734616	SRR1734617	SRR1734618	SRR1734619	SRR1734620
SRR1734599	0	0.641845	0.692838	0.644751	0.659175	0.613453	0.646218	0.733478	0.7972	0.689742	0.785287	0.777673	0.665828	0.641936	0.588666	0.904638	0.759481	0.751429	0.755903	0.879522
SRR1734600	0.641845	0	0.668099	0.61554	0.635965	0.644181	0.64068	0.712301	0.751189	0.709334	0.724968	0.732544	0.452206	0.664769	0.682451	0.868663	0.735867	0.739071	0.724703	0.863544
SRR1734601	0.692838	0.668099	0	0.678607	0.67333	0.667282	0.733821	0.762288	0.821259	0.75055	0.731546	0.80744	0.678181	0.687856	0.673609	0.83581	0.804005	0.793632	0.79313	0.902804
SRR1734602	0.644751	0.61554	0.678607	0	0.624215	0.563278	0.552715	0.602795	0.669505	0.566755	0.727844	0.63445	0.668611	0.662535	0.685209	0.874956	0.636922	0.61881	0.588027	0.801829
SRR1734603	0.659175	0.635965	0.67333	0.624215	0	0.595097	0.661302	0.684964	0.789253	0.709491	0.628325	0.775881	0.659207	0.689891	0.656778	0.770567	0.775549	0.716326	0.758742	0.900854
SRR1734604	0.613453	0.644181	0.667282	0.563278	0.595097	0	0.598437	0.66056	0.731553	0.619222	0.68923	0.703871	0.661946	0.65653	0.670575	0.853197	0.684805	0.688248	0.677452	0.820225
SRR1734607	0.646218	0.64068	0.733821	0.552715	0.661302	0.598437	0	0.476196	0.573538	0.422123	0.758023	0.543994	0.687342	0.735075	0.713932	0.9198	0.565044	0.537961	0.538582	0.721703
SRR1734608	0.733478	0.712301	0.762288	0.602795	0.684964	0.66056	0.476196	0	0.59656	0.537914	0.735358	0.592824	0.737765	0.762909	0.746412	0.873568	0.648099	0.475013	0.607361	0.823499
SRR1734609	0.7972	0.751189	0.821259	0.669505	0.789253	0.731553	0.573538	0.59656	0	0.503079	0.799506	0.36401	0.788401	0.745908	0.814524	0.955144	0.40457	0.626144	0.459873	0.562348
SRR1734610	0.689742	0.709334	0.75055	0.566755	0.709491	0.619222	0.422123	0.537914	0.503079	0	0.781521	0.429867	0.734949	0.740639	0.755836	0.968976	0.410338	0.591009	0.370021	0.536035
SRR1734611	0.785287	0.724968	0.731546	0.727844	0.628325	0.68923	0.758023	0.735358	0.799506	0.781521	0	0.799819	0.71343	0.711117	0.74199	0.734164	0.816116	0.778655	0.819887	0.925028
SRR1734612	0.777673	0.732544	0.80744	0.63445	0.775881	0.703871	0.543994	0.592824	0.36401	0.429867	0.799819	0	0.780102	0.742826	0.806027	0.971166	0.335613	0.653009	0.370627	0.477935
SRR1734613	0.665828	0.452206	0.678181	0.668611	0.659207	0.661946	0.687342	0.737765	0.788401	0.734949	0.71343	0.780102	0	0.670757	0.672987	0.852379	0.773428	0.742213	0.783653	0.907424
SRR1734614	0.641936	0.664769	0.687856	0.662535	0.689891	0.65653	0.735075	0.762909	0.745908	0.740639	0.711117	0.742826	0.670757	0	0.672795	0.82156	0.720815	0.774089	0.74514	0.852568
SRR1734615	0.588666	0.682451	0.673609	0.685209	0.656778	0.670575	0.713932	0.746412	0.814524	0.755836	0.74199	0.806027	0.672987	0.672795	0	0.832679	0.805818	0.778019	0.808791	0.928724
SRR1734616	0.904638	0.868663	0.83581	0.874956	0.770567	0.853197	0.9198	0.873568	0.955144	0.968976	0.734164	0.971166	0.852379	0.82156	0.832679	0	0.995702	0.896663	0.999843	1.09387
SRR1734617	0.759481	0.735867	0.804005	0.636922	0.775549	0.684805	0.565044	0.648099	0.40457	0.410338	0.816116	0.335613	0.773428	0.720815	0.805818	0.995702	0	0.674821	0.325073	0.388243
SRR1734618	0.751429	0.739071	0.793632	0.61881	0.716326	0.688248	0.537961	0.475013	0.626144	0.591009	0.778655	0.653009	0.742213	0.774089	0.778019	0.896663	0.674821	0	0.639556	0.881555
SRR1734619	0.755903	0.724703	0.79313	0.588027	0.758742	0.677452	0.538582	0.607361	0.459873	0.370021	0.819887	0.370627	0.783653	0.74514	0.808791	0.999843	0.325073	0.639556	0	0.455704
SRR1734620	0.879522	0.863544	0.902804	0.801829	0.900854	0.820225	0.721703	0.823499	0.562348	0.536035	0.925028	0.477935	0.907424	0.852568	0.928724	1.09387	0.388243	0.881555	0.455704	0
