	SRR1734599	SRR1734600	SRR1734601	SRR1734602	SRR1734603	SRR1734604	SRR1734607	SRR1734608	SRR1734609	SRR1734610	SRR1734611	SRR1734612	SRR1734613	SRR1734614	SRR1734615	SRR1734616	SRR1734617	SRR1734618	SRR1734619	SRR1734620
SRR1734599	4.51358e+08	3.9153e+08	4.10342e+08	4.19895e+08	3.68263e+08	4.25888e+08	4.54748e+08	3.44015e+08	3.83739e+08	4.77456e+08	3.26128e+08	4.95615e+08	3.36394e+08	3.05055e+08	3.84912e+08	2.1151e+08	4.59919e+08	3.00437e+08	4.67686e+08	5.65645e+08
SRR1734600	3.9153e+08	5.33593e+08	4.60677e+08	4.75071e+08	4.08189e+08	4.59e+08	5.04514e+08	3.82347e+08	4.50632e+08	5.24908e+08	3.70696e+08	5.78452e+08	4.2812e+08	3.30904e+08	3.89526e+08	2.38513e+08	5.40008e+08	3.39237e+08	5.48607e+08	6.55193e+08
SRR1734601	4.10342e+08	4.60677e+08	6.39827e+08	4.96218e+08	4.36611e+08	4.98462e+08	5.2048e+08	4.02575e+08	4.60438e+08	5.61419e+08	4.05275e+08	5.93469e+08	4.03847e+08	3.55675e+08	4.31841e+08	2.63844e+08	5.55863e+08	3.53545e+08	5.66602e+08	6.95324e+08
SRR1734602	4.19895e+08	4.75071e+08	4.96218e+08	6.28939e+08	4.51558e+08	5.24351e+08	5.85453e+08	4.57641e+08	5.21751e+08	6.27759e+08	4.13481e+08	6.75687e+08	3.99033e+08	3.54885e+08	4.24766e+08	2.6495e+08	6.20706e+08	4.04491e+08	6.49519e+08	7.49817e+08
SRR1734603	3.68263e+08	4.08189e+08	4.36611e+08	4.51558e+08	4.82791e+08	4.5701e+08	4.78034e+08	3.75151e+08	4.13933e+08	5.03772e+08	3.81876e+08	5.30595e+08	3.56951e+08	3.10858e+08	3.81342e+08	2.48599e+08	4.94757e+08	3.33522e+08	5.07277e+08	5.99611e+08
SRR1734604	4.25888e+08	4.59e+08	4.98462e+08	5.24351e+08	4.5701e+08	6.20901e+08	5.63533e+08	4.32478e+08	4.92339e+08	6.02009e+08	4.2716e+08	6.38061e+08	3.98241e+08	3.55563e+08	4.26471e+08	2.71773e+08	5.95497e+08	3.77538e+08	6.04364e+08	7.41813e+08
SRR1734607	4.54748e+08	5.04514e+08	5.2048e+08	5.85453e+08	4.78034e+08	5.63533e+08	7.47366e+08	5.33961e+08	6.3002e+08	7.64331e+08	4.44573e+08	8.10491e+08	4.30053e+08	3.68481e+08	4.50695e+08	2.70485e+08	7.52317e+08	4.7631e+08	7.66147e+08	9.52576e+08
SRR1734608	3.44015e+08	3.82347e+08	4.02575e+08	4.57641e+08	3.75151e+08	4.32478e+08	5.33961e+08	4.726e+08	4.85409e+08	5.73104e+08	3.54712e+08	6.12638e+08	3.31262e+08	2.87511e+08	3.4971e+08	2.27324e+08	5.63147e+08	4.01113e+08	5.81353e+08	6.58082e+08
SRR1734609	3.83739e+08	4.50632e+08	4.60438e+08	5.21751e+08	4.13933e+08	4.92339e+08	6.3002e+08	4.85409e+08	7.18229e+08	7.07504e+08	4.09893e+08	8.47705e+08	3.81521e+08	3.55219e+08	3.96e+08	2.48892e+08	7.91654e+08	4.37563e+08	7.72103e+08	1.01876e+09
SRR1734610	4.77456e+08	5.24908e+08	5.61419e+08	6.27759e+08	5.03772e+08	6.02009e+08	7.64331e+08	5.73104e+08	7.07504e+08	8.97355e+08	4.76248e+08	9.2649e+08	4.4701e+08	3.9403e+08	4.75716e+08	2.78138e+08	8.56386e+08	4.9723e+08	8.79765e+08	1.1474e+09
SRR1734611	3.26128e+08	3.70696e+08	4.05275e+08	4.13481e+08	3.81876e+08	4.2716e+08	4.44573e+08	3.54712e+08	4.09893e+08	4.76248e+08	4.51595e+08	5.16779e+08	3.39639e+08	3.04732e+08	3.47932e+08	2.4326e+08	4.87109e+08	3.18041e+08	4.85087e+08	5.83633e+08
SRR1734612	4.95615e+08	5.78452e+08	5.93469e+08	6.75687e+08	5.30595e+08	6.38061e+08	8.10491e+08	6.12638e+08	8.47705e+08	9.2649e+08	5.16779e+08	1.139e+09	4.82585e+08	4.46722e+08	5.05445e+08	3.02868e+08	1.0195e+09	5.34085e+08	1.01006e+09	1.35794e+09
SRR1734613	3.36394e+08	4.2812e+08	4.03847e+08	3.99033e+08	3.56951e+08	3.98241e+08	4.30053e+08	3.31262e+08	3.81521e+08	4.4701e+08	3.39639e+08	4.82585e+08	4.26434e+08	2.91794e+08	3.49714e+08	2.2384e+08	4.51765e+08	2.97557e+08	4.48933e+08	5.36393e+08
SRR1734614	3.05055e+08	3.30904e+08	3.55675e+08	3.54885e+08	3.10858e+08	3.55563e+08	3.68481e+08	2.87511e+08	3.55219e+08	3.9403e+08	3.04732e+08	4.46722e+08	2.91794e+08	3.42496e+08	3.10761e+08	2.03293e+08	4.2268e+08	2.55178e+08	4.13888e+08	5.16253e+08
SRR1734615	3.84912e+08	3.89526e+08	4.31841e+08	4.24766e+08	3.81342e+08	4.26471e+08	4.50695e+08	3.4971e+08	3.96e+08	4.75716e+08	3.47932e+08	5.05445e+08	3.49714e+08	3.10761e+08	4.7041e+08	2.32896e+08	4.72242e+08	3.09337e+08	4.72566e+08	5.65085e+08
SRR1734616	2.1151e+08	2.38513e+08	2.63844e+08	2.6495e+08	2.48599e+08	2.71773e+08	2.70485e+08	2.27324e+08	2.48892e+08	2.78138e+08	2.4326e+08	3.02868e+08	2.2384e+08	2.03293e+08	2.32896e+08	2.15169e+08	2.84517e+08	2.11935e+08	2.79765e+08	3.10281e+08
SRR1734617	4.59919e+08	5.40008e+08	5.55863e+08	6.20706e+08	4.94757e+08	5.95497e+08	7.52317e+08	5.63147e+08	7.91654e+08	8.56386e+08	4.87109e+08	1.0195e+09	4.51765e+08	4.2268e+08	4.72242e+08	2.84517e+08	9.91583e+08	4.89837e+08	9.38314e+08	1.29216e+09
SRR1734618	3.00437e+08	3.39237e+08	3.53545e+08	4.04491e+08	3.33522e+08	3.77538e+08	4.7631e+08	4.01113e+08	4.37563e+08	4.9723e+08	3.18041e+08	5.34085e+08	2.97557e+08	2.55178e+08	3.09337e+08	2.11935e+08	4.89837e+08	4.21811e+08	5.06705e+08	5.46658e+08
SRR1734619	4.67686e+08	5.48607e+08	5.66602e+08	6.49519e+08	5.07277e+08	6.04364e+08	7.66147e+08	5.81353e+08	7.72103e+08	8.79765e+08	4.85087e+08	1.01006e+09	4.48933e+08	4.13888e+08	4.72566e+08	2.79765e+08	9.38314e+08	5.06705e+08	1.0057e+09	1.26647e+09
SRR1734620	5.65645e+08	6.55193e+08	6.95324e+08	7.49817e+08	5.99611e+08	7.41813e+08	9.52576e+08	6.58082e+08	1.01876e+09	1.1474e+09	5.83633e+08	1.35794e+09	5.36393e+08	5.16253e+08	5.65085e+08	3.10281e+08	1.29216e+09	5.46658e+08	1.26647e+09	2.02153e+09
