	SRR1734599	SRR1734600	SRR1734601	SRR1734602	SRR1734603	SRR1734604	SRR1734607	SRR1734608	SRR1734609	SRR1734610	SRR1734611	SRR1734612	SRR1734613	SRR1734614	SRR1734615	SRR1734616	SRR1734617	SRR1734618	SRR1734619	SRR1734620
SRR1734599	0	1.14802	1.17829	1.19721	1.17341	1.15399	1.26983	1.28367	1.27967	1.25694	1.21319	1.27267	1.13709	1.02474	0.995129	1.24743	1.2534	1.26281	1.25863	1.26854
SRR1734600	1.14802	0	1.1388	1.14872	1.09327	1.18637	1.20136	1.25189	1.23244	1.20997	1.11752	1.21814	0.694378	1.14448	1.18228	1.22832	1.19822	1.23214	1.20118	1.20212
SRR1734601	1.17829	1.1388	0	1.15971	1.1096	1.18257	1.28577	1.30226	1.30707	1.27702	1.12597	1.29635	1.1423	1.10415	1.09852	1.08932	1.27829	1.29797	1.28041	1.28396
SRR1734602	1.19721	1.14872	1.15971	0	1.11464	1.08231	1.06662	1.067	1.08512	1.04525	1.12697	1.05853	1.16083	1.12836	1.1787	1.18065	1.05104	1.05107	1.03504	1.10167
SRR1734603	1.17341	1.09327	1.1096	1.11464	0	1.0938	1.2129	1.22954	1.25083	1.20955	0.938881	1.23812	1.10811	1.11618	1.13405	1.0412	1.21892	1.2238	1.21493	1.23472
SRR1734604	1.15399	1.18637	1.18257	1.08231	1.0938	0	1.18402	1.19947	1.22937	1.17494	1.09521	1.20809	1.18714	1.12787	1.1921	1.18573	1.17549	1.19036	1.17789	1.20829
SRR1734607	1.26983	1.20136	1.28577	1.06662	1.2129	1.18402	0	0.736244	0.761033	0.608718	1.17611	0.701884	1.20349	1.2423	1.28043	1.3007	0.685221	0.766218	0.660469	0.708848
SRR1734608	1.28367	1.25189	1.30226	1.067	1.22954	1.19947	0.736244	0	0.764553	0.715803	1.20313	0.719052	1.25429	1.26866	1.29461	1.28406	0.772982	0.7126	0.748957	0.866617
SRR1734609	1.27967	1.23244	1.30707	1.08512	1.25083	1.22937	0.761033	0.764553	0	0.683533	1.21256	0.544361	1.24463	1.2515	1.29905	1.28943	0.579469	0.735337	0.64007	0.707102
SRR1734610	1.25694	1.20997	1.27702	1.04525	1.20955	1.17494	0.608718	0.715803	0.683533	0	1.16476	0.581911	1.21768	1.22467	1.27485	1.29634	0.535008	0.766384	0.506729	0.557471
SRR1734611	1.21319	1.11752	1.12597	1.12697	0.938881	1.09521	1.17611	1.20313	1.21256	1.16476	0	1.19411	1.12994	1.11528	1.21162	1.04463	1.16812	1.2031	1.17287	1.18827
SRR1734612	1.27267	1.21814	1.29635	1.05853	1.23812	1.20809	0.701884	0.719052	0.544361	0.581911	1.19411	0	1.23447	1.236	1.29224	1.29042	0.481234	0.754601	0.519524	0.581928
SRR1734613	1.13709	0.694378	1.1423	1.16083	1.10811	1.18714	1.20349	1.25429	1.24463	1.21768	1.12994	1.23447	0	1.1349	1.16489	1.21747	1.21246	1.22819	1.22402	1.22718
SRR1734614	1.02474	1.14448	1.10415	1.12836	1.11618	1.12787	1.2423	1.26866	1.2515	1.22467	1.11528	1.236	1.1349	0	1.12394	1.10743	1.20344	1.25814	1.21828	1.22178
SRR1734615	0.995129	1.18228	1.09852	1.1787	1.13405	1.1921	1.28043	1.29461	1.29905	1.27485	1.21162	1.29224	1.16489	1.12394	0	1.20318	1.2716	1.28308	1.27866	1.2902
SRR1734616	1.24743	1.22832	1.08932	1.18065	1.0412	1.18573	1.3007	1.28406	1.28943	1.29634	1.04463	1.29042	1.21747	1.10743	1.20318	0	1.28906	1.25759	1.29728	1.32591
SRR1734617	1.2534	1.19822	1.27829	1.05104	1.21892	1.17549	0.685221	0.772982	0.579469	0.535008	1.16812	0.481234	1.21246	1.20344	1.2716	1.28906	0	0.790696	0.459896	0.473381
SRR1734618	1.26281	1.23214	1.29797	1.05107	1.2238	1.19036	0.766218	0.7126	0.735337	0.766384	1.2031	0.754601	1.22819	1.25814	1.28308	1.25759	0.790696	0	0.777844	0.93407
SRR1734619	1.25863	1.20118	1.28041	1.03504	1.21493	1.17789	0.660469	0.748957	0.64007	0.506729	1.17287	0.519524	1.22402	1.21828	1.27866	1.29728	0.459896	0.777844	0	0.495382
SRR1734620	1.26854	1.20212	1.28396	1.10167	1.23472	1.20829	0.708848	0.866617	0.707102	0.557471	1.18827	0.581928	1.22718	1.22178	1.2902	1.32591	0.473381	0.93407	0.495382	0
