	4x-SRR1734599	4x-SRR1734600	4x-SRR1734601	4x-SRR1734602	4x-SRR1734603	4x-SRR1734604	4x-SRR1734607	4x-SRR1734608	4x-SRR1734609	4x-SRR1734610	4x-SRR1734611	4x-SRR1734612	4x-SRR1734613	4x-SRR1734614	4x-SRR1734615	4x-SRR1734616	4x-SRR1734617	4x-SRR1734618	4x-SRR1734619	4x-SRR1734620
4x-SRR1734599	7.09944e+07	2.62766e+07	2.59209e+07	2.14615e+07	2.4309e+07	2.6609e+07	1.83849e+07	1.48789e+07	1.91088e+07	2.02153e+07	2.3114e+07	2.36238e+07	2.56248e+07	3.1543e+07	3.87329e+07	1.48707e+07	2.14612e+07	1.48611e+07	2.11118e+07	2.9061e+07
4x-SRR1734600	2.62766e+07	8.48956e+07	3.48676e+07	2.99253e+07	3.44325e+07	2.62502e+07	3.15893e+07	2.17391e+07	3.14478e+07	3.13584e+07	3.36599e+07	3.91127e+07	6.29074e+07	2.54447e+07	2.61246e+07	1.89227e+07	3.70594e+07	2.23557e+07	3.63239e+07	4.83488e+07
4x-SRR1734601	2.59209e+07	3.48676e+07	1.03646e+08	3.25505e+07	3.55174e+07	3.03379e+07	2.30894e+07	1.81599e+07	2.21284e+07	2.54014e+07	3.47734e+07	2.83801e+07	3.23934e+07	3.11331e+07	3.74465e+07	2.70105e+07	2.69519e+07	1.68338e+07	2.64808e+07	3.63039e+07
4x-SRR1734602	2.14615e+07	2.99253e+07	3.25505e+07	9.06594e+07	3.43696e+07	3.64282e+07	4.85669e+07	4.32726e+07	5.24701e+07	5.36725e+07	3.63371e+07	6.47821e+07	2.73566e+07	2.60816e+07	2.65648e+07	2.51011e+07	5.75278e+07	4.30689e+07	5.89163e+07	6.87711e+07
4x-SRR1734603	2.4309e+07	3.44325e+07	3.55174e+07	3.43696e+07	8.7498e+07	3.71023e+07	3.15346e+07	2.53616e+07	2.93263e+07	3.26561e+07	4.86978e+07	3.65357e+07	3.24001e+07	2.85075e+07	3.18621e+07	3.1118e+07	3.41826e+07	2.4307e+07	3.46995e+07	4.36341e+07
4x-SRR1734604	2.6609e+07	2.62502e+07	3.03379e+07	3.64282e+07	3.71023e+07	9.30521e+07	3.43497e+07	2.82404e+07	3.1671e+07	3.61784e+07	4.14045e+07	4.09216e+07	2.46098e+07	2.66293e+07	2.58244e+07	2.60032e+07	3.86919e+07	2.65639e+07	3.82453e+07	4.8191e+07
4x-SRR1734607	1.83849e+07	3.15893e+07	2.30894e+07	4.85669e+07	3.15346e+07	3.43497e+07	1.33963e+08	8.87057e+07	1.14546e+08	1.22119e+08	4.22406e+07	1.39543e+08	2.88896e+07	2.09131e+07	2.08185e+07	1.90315e+07	1.29817e+08	8.90613e+07	1.28985e+08	1.65518e+08
4x-SRR1734608	1.48789e+07	2.17391e+07	1.81599e+07	4.32726e+07	2.53616e+07	2.82404e+07	8.87057e+07	1.06114e+08	1.01522e+08	1.00464e+08	3.31321e+07	1.21768e+08	2.00445e+07	1.58078e+07	1.66449e+07	1.90796e+07	1.07512e+08	8.55577e+07	1.07096e+08	1.23431e+08
4x-SRR1734609	1.91088e+07	3.14478e+07	2.21284e+07	5.24701e+07	2.93263e+07	3.1671e+07	1.14546e+08	1.01522e+08	1.82928e+08	1.32819e+08	4.1404e+07	1.81036e+08	2.71964e+07	2.24232e+07	2.03159e+07	2.32319e+07	1.62504e+08	1.05036e+08	1.5181e+08	1.91278e+08
4x-SRR1734610	2.02153e+07	3.13584e+07	2.54014e+07	5.36725e+07	3.26561e+07	3.61784e+07	1.22119e+08	1.00464e+08	1.32819e+08	1.59748e+08	4.57552e+07	1.65116e+08	2.78878e+07	2.31194e+07	2.20944e+07	2.01721e+07	1.51063e+08	9.46697e+07	1.50347e+08	1.96439e+08
4x-SRR1734611	2.3114e+07	3.36599e+07	3.47734e+07	3.63371e+07	4.86978e+07	4.14045e+07	4.22406e+07	3.31321e+07	4.1404e+07	4.57552e+07	9.46235e+07	5.22889e+07	3.24132e+07	3.04526e+07	2.58896e+07	2.98461e+07	4.9763e+07	3.09135e+07	4.8498e+07	6.30465e+07
4x-SRR1734612	2.36238e+07	3.91127e+07	2.83801e+07	6.47821e+07	3.65357e+07	4.09216e+07	1.39543e+08	1.21768e+08	1.81036e+08	1.65116e+08	5.22889e+07	2.41271e+08	3.33235e+07	2.86768e+07	2.50464e+07	2.6613e+07	1.9781e+08	1.17394e+08	1.889e+08	2.44269e+08
4x-SRR1734613	2.56248e+07	6.29074e+07	3.23934e+07	2.73566e+07	3.24001e+07	2.46098e+07	2.88896e+07	2.00445e+07	2.71964e+07	2.78878e+07	3.24132e+07	3.33235e+07	8.03529e+07	2.47358e+07	2.6577e+07	1.98658e+07	3.13785e+07	2.09611e+07	2.96855e+07	3.99355e+07
4x-SRR1734614	3.1543e+07	2.54447e+07	3.11331e+07	2.60816e+07	2.85075e+07	2.66293e+07	2.09131e+07	1.58078e+07	2.24232e+07	2.31194e+07	3.04526e+07	2.86768e+07	2.47358e+07	6.53666e+07	2.68213e+07	2.30167e+07	2.70192e+07	1.46435e+07	2.52927e+07	3.61432e+07
4x-SRR1734615	3.87329e+07	2.61246e+07	3.74465e+07	2.65648e+07	3.18621e+07	2.58244e+07	2.08185e+07	1.66449e+07	2.03159e+07	2.20944e+07	2.58896e+07	2.50464e+07	2.6577e+07	2.68213e+07	8.18177e+07	2.06891e+07	2.36148e+07	1.61583e+07	2.26966e+07	3.04274e+07
4x-SRR1734616	1.48707e+07	1.89227e+07	2.70105e+07	2.51011e+07	3.1118e+07	2.60032e+07	1.90315e+07	1.90796e+07	2.32319e+07	2.01721e+07	2.98461e+07	2.6613e+07	1.98658e+07	2.30167e+07	2.06891e+07	5.02868e+07	2.28424e+07	2.09601e+07	2.12531e+07	2.32451e+07
4x-SRR1734617	2.14612e+07	3.70594e+07	2.69519e+07	5.75278e+07	3.41826e+07	3.86919e+07	1.29817e+08	1.07512e+08	1.62504e+08	1.51063e+08	4.9763e+07	1.9781e+08	3.13785e+07	2.70192e+07	2.36148e+07	2.28424e+07	2.0002e+08	1.02138e+08	1.72727e+08	2.29181e+08
4x-SRR1734618	1.48611e+07	2.23557e+07	1.68338e+07	4.30689e+07	2.4307e+07	2.65639e+07	8.90613e+07	8.55577e+07	1.05036e+08	9.46697e+07	3.09135e+07	1.17394e+08	2.09611e+07	1.46435e+07	1.61583e+07	2.09601e+07	1.02138e+08	1.17618e+08	1.0135e+08	1.09281e+08
4x-SRR1734619	2.11118e+07	3.63239e+07	2.64808e+07	5.89163e+07	3.46995e+07	3.82453e+07	1.28985e+08	1.07096e+08	1.5181e+08	1.50347e+08	4.8498e+07	1.889e+08	2.96855e+07	2.52927e+07	2.26966e+07	2.12531e+07	1.72727e+08	1.0135e+08	1.91802e+08	2.21904e+08
4x-SRR1734620	2.9061e+07	4.83488e+07	3.63039e+07	6.87711e+07	4.36341e+07	4.8191e+07	1.65518e+08	1.23431e+08	1.91278e+08	1.96439e+08	6.30465e+07	2.44269e+08	3.99355e+07	3.61432e+07	3.04274e+07	2.32451e+07	2.29181e+08	1.09281e+08	2.21904e+08	3.42596e+08
