	SRR1734599	SRR1734600	SRR1734601	SRR1734602	SRR1734603	SRR1734604	SRR1734607	SRR1734608	SRR1734609	SRR1734610	SRR1734611	SRR1734612	SRR1734613	SRR1734614	SRR1734615	SRR1734616	SRR1734617	SRR1734618	SRR1734619	SRR1734620
SRR1734599	0	1.15025	1.18137	1.21036	1.17607	1.15984	1.27395	1.2873	1.29021	1.27293	1.19832	1.28023	1.14955	1.03631	0.991754	1.22566	1.28055	1.29412	1.27991	1.27566
SRR1734600	1.15025	0	1.12097	1.14795	1.09589	1.18715	1.18641	1.24174	1.22282	1.20891	1.11754	1.20558	0.690428	1.14755	1.17178	1.19196	1.19633	1.24602	1.19611	1.19708
SRR1734601	1.18137	1.12097	0	1.15257	1.11985	1.17565	1.26811	1.28595	1.2956	1.26696	1.13918	1.28104	1.13582	1.11513	1.08937	1.11881	1.275	1.30195	1.27451	1.2707
SRR1734602	1.21036	1.14795	1.15257	0	1.10825	1.09853	1.05764	1.05718	1.08863	1.05262	1.10243	1.06017	1.16574	1.14995	1.17606	1.12093	1.07032	1.07974	1.05187	1.10434
SRR1734603	1.17607	1.09589	1.11985	1.10825	0	1.08519	1.19057	1.21392	1.23951	1.20315	0.964164	1.22355	1.10778	1.11629	1.11662	1.03042	1.21788	1.2332	1.21008	1.22309
SRR1734604	1.15984	1.18715	1.17565	1.09853	1.08519	0	1.17673	1.1965	1.23065	1.18597	1.05712	1.20573	1.19616	1.14765	1.18662	1.11343	1.19699	1.22154	1.19476	1.20838
SRR1734607	1.27395	1.18641	1.26811	1.05764	1.19057	1.17673	0	0.715544	0.732499	0.574832	1.11788	0.669057	1.20129	1.24621	1.26582	1.23946	0.64335	0.76222	0.625018	0.674374
SRR1734608	1.2873	1.24174	1.28595	1.05718	1.21392	1.1965	0.715544	0	0.73665	0.67583	1.15703	0.691349	1.25134	1.27295	1.28169	1.21557	0.723936	0.684346	0.706134	0.839805
SRR1734609	1.29021	1.22282	1.2956	1.08863	1.23951	1.23065	0.732499	0.73665	0	0.667882	1.17072	0.525862	1.24553	1.2609	1.29146	1.23108	0.548552	0.753552	0.615688	0.686919
SRR1734610	1.27293	1.20891	1.26696	1.05262	1.20315	1.18597	0.574832	0.67583	0.667882	0	1.12058	0.563835	1.22789	1.24399	1.27023	1.24494	0.556616	0.786578	0.531199	0.566233
SRR1734611	1.19832	1.11754	1.13918	1.10243	0.964164	1.05712	1.11788	1.15703	1.17072	1.12058	0	1.14362	1.12096	1.10706	1.18807	1.0652	1.12985	1.18909	1.13137	1.14003
SRR1734612	1.28023	1.20558	1.28104	1.06017	1.22355	1.20573	0.669057	0.691349	0.525862	0.563835	1.14362	0	1.23343	1.2423	1.28198	1.23158	0.446211	0.778616	0.49373	0.548417
SRR1734613	1.14955	0.690428	1.13582	1.16574	1.10778	1.19616	1.20129	1.25134	1.24553	1.22789	1.12096	1.23343	0	1.14777	1.1595	1.17259	1.22678	1.25251	1.2336	1.23232
SRR1734614	1.03631	1.14755	1.11513	1.14995	1.11629	1.14765	1.24621	1.27295	1.2609	1.24399	1.10706	1.2423	1.14777	0	1.12538	1.09411	1.23588	1.29073	1.24428	1.23165
SRR1734615	0.991754	1.17178	1.08937	1.17606	1.11662	1.18662	1.26582	1.28169	1.29146	1.27023	1.18807	1.28198	1.1595	1.12538	0	1.16401	1.27703	1.29251	1.2797	1.27927
SRR1734616	1.22566	1.19196	1.11881	1.12093	1.03042	1.11343	1.23946	1.21557	1.23108	1.24494	1.0652	1.23158	1.17259	1.09411	1.16401	0	1.24277	1.2062	1.25187	1.28289
SRR1734617	1.28055	1.19633	1.275	1.07032	1.21788	1.19699	0.64335	0.723936	0.548552	0.556616	1.12985	0.446211	1.22678	1.23588	1.27703	1.24277	0	0.817426	0.486101	0.499016
SRR1734618	1.29412	1.24602	1.30195	1.07974	1.2332	1.22154	0.76222	0.684346	0.753552	0.786578	1.18909	0.778616	1.25251	1.29073	1.29251	1.2062	0.817426	0	0.8065	0.954571
SRR1734619	1.27991	1.19611	1.27451	1.05187	1.21008	1.19476	0.625018	0.706134	0.615688	0.531199	1.13137	0.49373	1.2336	1.24428	1.2797	1.25187	0.486101	0.8065	0	0.51834
SRR1734620	1.27566	1.19708	1.2707	1.10434	1.22309	1.20838	0.674374	0.839805	0.686919	0.566233	1.14003	0.548417	1.23232	1.23165	1.27927	1.28289	0.499016	0.954571	0.51834	0
