	4x-SRR1734599	4x-SRR1734600	4x-SRR1734601	4x-SRR1734602	4x-SRR1734603	4x-SRR1734604	4x-SRR1734607	4x-SRR1734608	4x-SRR1734609	4x-SRR1734610	4x-SRR1734611	4x-SRR1734612	4x-SRR1734613	4x-SRR1734614	4x-SRR1734615	4x-SRR1734616	4x-SRR1734617	4x-SRR1734618	4x-SRR1734619	4x-SRR1734620
4x-SRR1734599	9.97148e+07	2.6731e+07	2.35316e+07	3.01323e+07	2.47524e+07	3.3216e+07	1.78904e+07	1.47734e+07	2.22413e+07	2.89929e+07	1.82953e+07	2.29647e+07	3.59515e+07	4.48128e+07	3.72682e+07	9.98453e+06	4.03221e+07	2.90386e+07	3.46953e+07	3.09852e+07
4x-SRR1734600	2.6731e+07	6.16174e+07	2.12653e+07	2.84412e+07	2.51296e+07	2.31496e+07	2.02039e+07	1.42701e+07	2.32074e+07	2.90772e+07	2.0454e+07	2.44996e+07	6.06701e+07	2.55951e+07	1.7473e+07	8.68485e+06	4.16906e+07	2.71357e+07	3.65413e+07	3.45837e+07
4x-SRR1734601	2.35316e+07	2.12653e+07	5.93794e+07	2.68786e+07	2.35665e+07	2.30709e+07	1.23542e+07	9.84402e+06	1.38066e+07	1.9663e+07	1.95723e+07	1.4887e+07	2.72767e+07	2.84267e+07	2.2594e+07	1.41172e+07	2.65447e+07	1.74311e+07	2.32128e+07	2.15018e+07
4x-SRR1734602	3.01323e+07	2.84412e+07	2.68786e+07	1.13416e+08	3.20943e+07	4.39208e+07	4.24551e+07	3.85407e+07	5.38293e+07	6.67909e+07	2.6966e+07	5.66404e+07	3.53838e+07	3.65673e+07	2.4038e+07	1.45376e+07	8.97476e+07	6.84054e+07	8.26348e+07	6.64877e+07
4x-SRR1734603	2.47524e+07	2.51296e+07	2.35665e+07	3.20943e+07	6.32994e+07	3.18223e+07	1.94525e+07	1.63174e+07	2.12888e+07	2.95275e+07	3.08698e+07	2.24709e+07	3.12796e+07	2.83463e+07	2.09951e+07	1.64127e+07	3.85093e+07	2.86735e+07	3.48284e+07	3.00352e+07
4x-SRR1734604	3.3216e+07	2.31496e+07	2.30709e+07	4.39208e+07	3.18223e+07	9.90925e+07	2.7525e+07	2.34697e+07	2.98918e+07	4.26222e+07	2.76432e+07	3.2537e+07	2.9942e+07	3.42325e+07	2.12997e+07	1.33192e+07	5.79269e+07	4.16417e+07	5.09485e+07	4.26828e+07
4x-SRR1734607	1.78904e+07	2.02039e+07	1.23542e+07	4.24551e+07	1.94525e+07	2.7525e+07	8.54904e+07	5.66268e+07	8.07314e+07	1.04126e+08	1.9782e+07	8.42794e+07	2.59714e+07	1.99488e+07	1.23207e+07	6.41798e+06	1.33196e+08	9.37297e+07	1.20805e+08	1.09936e+08
4x-SRR1734608	1.47734e+07	1.42701e+07	9.84402e+06	3.85407e+07	1.63174e+07	2.34697e+07	5.66268e+07	7.05837e+07	7.30788e+07	8.6378e+07	1.61016e+07	7.53405e+07	1.82569e+07	1.54994e+07	1.00611e+07	6.64567e+06	1.10907e+08	8.99464e+07	1.01014e+08	8.33124e+07
4x-SRR1734609	2.22413e+07	2.32074e+07	1.38066e+07	5.38293e+07	2.12888e+07	2.98918e+07	8.07314e+07	7.30788e+07	1.51058e+08	1.30199e+08	2.25839e+07	1.2662e+08	2.8219e+07	2.5186e+07	1.41946e+07	9.33944e+06	1.92525e+08	1.28681e+08	1.63307e+08	1.46376e+08
4x-SRR1734610	2.89929e+07	2.90772e+07	1.9663e+07	6.67909e+07	2.95275e+07	4.26222e+07	1.04126e+08	8.6378e+07	1.30199e+08	1.91062e+08	3.08479e+07	1.38868e+08	3.64076e+07	3.26639e+07	1.91472e+07	9.9469e+06	2.22969e+08	1.40097e+08	2.01322e+08	1.85387e+08
4x-SRR1734611	1.82953e+07	2.0454e+07	1.95723e+07	2.6966e+07	3.08698e+07	2.76432e+07	1.9782e+07	1.61016e+07	2.25839e+07	3.08479e+07	4.81341e+07	2.40857e+07	2.55505e+07	2.47842e+07	1.3642e+07	1.42006e+07	4.14991e+07	2.75043e+07	3.61935e+07	3.23903e+07
4x-SRR1734612	2.29647e+07	2.44996e+07	1.4887e+07	5.66404e+07	2.24709e+07	3.2537e+07	8.42794e+07	7.53405e+07	1.2662e+08	1.38868e+08	2.40857e+07	1.46269e+08	2.93198e+07	2.69861e+07	1.47566e+07	9.12046e+06	2.0131e+08	1.24134e+08	1.74822e+08	1.5953e+08
4x-SRR1734613	3.59515e+07	6.06701e+07	2.72767e+07	3.53838e+07	3.12796e+07	2.9942e+07	2.59714e+07	1.82569e+07	2.8219e+07	3.64076e+07	2.55505e+07	2.93198e+07	1.03718e+08	3.42572e+07	2.42056e+07	1.18765e+07	5.08003e+07	3.59169e+07	4.26953e+07	3.99475e+07
4x-SRR1734614	4.48128e+07	2.55951e+07	2.84267e+07	3.65673e+07	2.83463e+07	3.42325e+07	1.99488e+07	1.54994e+07	2.5186e+07	3.26639e+07	2.47842e+07	2.69861e+07	3.42572e+07	8.92791e+07	2.57315e+07	1.64636e+07	4.90687e+07	2.82756e+07	4.07193e+07	3.80548e+07
4x-SRR1734615	3.72682e+07	1.7473e+07	2.2594e+07	2.4038e+07	2.09951e+07	2.12997e+07	1.23207e+07	1.00611e+07	1.41946e+07	1.91472e+07	1.3642e+07	1.47566e+07	2.42056e+07	2.57315e+07	5.46483e+07	9.19692e+06	2.66527e+07	1.87602e+07	2.25457e+07	1.96854e+07
4x-SRR1734616	9.98453e+06	8.68485e+06	1.41172e+07	1.45376e+07	1.64127e+07	1.33192e+07	6.41798e+06	6.64567e+06	9.33944e+06	9.9469e+06	1.42006e+07	9.12046e+06	1.18765e+07	1.64636e+07	9.19692e+06	2.02921e+07	1.43456e+07	1.3525e+07	1.19334e+07	8.65434e+06
4x-SRR1734617	4.03221e+07	4.16906e+07	2.65447e+07	8.97476e+07	3.85093e+07	5.79269e+07	1.33196e+08	1.10907e+08	1.92525e+08	2.22969e+08	4.14991e+07	2.0131e+08	5.08003e+07	4.90687e+07	2.66527e+07	1.43456e+07	3.54382e+08	1.85686e+08	2.81303e+08	2.65436e+08
4x-SRR1734618	2.90386e+07	2.71357e+07	1.74311e+07	6.84054e+07	2.86735e+07	4.16417e+07	9.37297e+07	8.99464e+07	1.28681e+08	1.40097e+08	2.75043e+07	1.24134e+08	3.59169e+07	2.82756e+07	1.87602e+07	1.3525e+07	1.85686e+08	2.05906e+08	1.67242e+08	1.28457e+08
4x-SRR1734619	3.46953e+07	3.65413e+07	2.32128e+07	8.26348e+07	3.48284e+07	5.09485e+07	1.20805e+08	1.01014e+08	1.63307e+08	2.01322e+08	3.61935e+07	1.74822e+08	4.26953e+07	4.07193e+07	2.25457e+07	1.19334e+07	2.81303e+08	1.67242e+08	2.79229e+08	2.32788e+08
4x-SRR1734620	3.09852e+07	3.45837e+07	2.15018e+07	6.64877e+07	3.00352e+07	4.26828e+07	1.09936e+08	8.33124e+07	1.46376e+08	1.85387e+08	3.23903e+07	1.5953e+08	3.99475e+07	3.80548e+07	1.96854e+07	8.65434e+06	2.65436e+08	1.28457e+08	2.32788e+08	2.52155e+08
