	50x-SRR1734599	50x-SRR1734600	50x-SRR1734601	50x-SRR1734602	50x-SRR1734603	50x-SRR1734604	50x-SRR1734607	50x-SRR1734608	50x-SRR1734609	50x-SRR1734610	50x-SRR1734611	50x-SRR1734612	50x-SRR1734613	50x-SRR1734614	50x-SRR1734615	50x-SRR1734616	50x-SRR1734617	50x-SRR1734618	50x-SRR1734619	50x-SRR1734620
50x-SRR1734599	9.33506e+09	8.23659e+09	8.02687e+09	7.91446e+09	7.90631e+09	7.59312e+09	7.85609e+09	7.94834e+09	7.4561e+09	7.41311e+09	8.02931e+09	7.58204e+09	8.23708e+09	8.63368e+09	8.39057e+09	7.83303e+09	8.20271e+09	7.63027e+09	7.98847e+09	7.68312e+09
50x-SRR1734600	8.23659e+09	1.23677e+10	9.49741e+09	9.15489e+09	8.88622e+09	8.47777e+09	8.89929e+09	8.93048e+09	8.42909e+09	8.16012e+09	9.1099e+09	8.52599e+09	1.20316e+10	9.72906e+09	8.88625e+09	9.07847e+09	9.44537e+09	8.76714e+09	9.02952e+09	8.54765e+09
50x-SRR1734601	8.02687e+09	9.49741e+09	1.28046e+10	9.00811e+09	8.59462e+09	8.34249e+09	8.49942e+09	8.72567e+09	8.06473e+09	8.00621e+09	8.89858e+09	8.23061e+09	9.51452e+09	9.53504e+09	8.96649e+09	8.73947e+09	9.11855e+09	8.37441e+09	8.79225e+09	8.30838e+09
50x-SRR1734602	7.91446e+09	9.15489e+09	9.00811e+09	1.23288e+10	9.38804e+09	9.3545e+09	9.91623e+09	1.01565e+10	9.34585e+09	9.15909e+09	1.0021e+10	9.57709e+09	9.18452e+09	9.7251e+09	8.71172e+09	9.76129e+09	1.06645e+10	9.84176e+09	1.02265e+10	9.59464e+09
50x-SRR1734603	7.90631e+09	8.88622e+09	8.59462e+09	9.38804e+09	1.10932e+10	8.84738e+09	8.90486e+09	9.05574e+09	8.3548e+09	8.24462e+09	9.38184e+09	8.54299e+09	8.90682e+09	9.20776e+09	8.66895e+09	9.52519e+09	9.45094e+09	8.79068e+09	9.11051e+09	8.61842e+09
50x-SRR1734604	7.59312e+09	8.47777e+09	8.34249e+09	9.3545e+09	8.84738e+09	1.04154e+10	9.01673e+09	9.29788e+09	8.48937e+09	8.44445e+09	9.50591e+09	8.75933e+09	8.51208e+09	9.09165e+09	8.16856e+09	9.26032e+09	9.67403e+09	8.87129e+09	9.30619e+09	8.80366e+09
50x-SRR1734607	7.85609e+09	8.89929e+09	8.49942e+09	9.91623e+09	8.90486e+09	9.01673e+09	1.13538e+10	1.09369e+10	1.00897e+10	9.9374e+09	9.74327e+09	1.02513e+10	8.89083e+09	9.30166e+09	8.35724e+09	9.34159e+09	1.14354e+10	1.09253e+10	1.10808e+10	1.0487e+10
50x-SRR1734608	7.94834e+09	8.93048e+09	8.72567e+09	1.01565e+10	9.05574e+09	9.29788e+09	1.09369e+10	1.19485e+10	1.03337e+10	1.02727e+10	1.00269e+10	1.07618e+10	8.9535e+09	9.59174e+09	8.58435e+09	9.51055e+09	1.21141e+10	1.08999e+10	1.15369e+10	1.08315e+10
50x-SRR1734609	7.4561e+09	8.42909e+09	8.06473e+09	9.34585e+09	8.3548e+09	8.48937e+09	1.00897e+10	1.03337e+10	1.04856e+10	9.40639e+09	9.23144e+09	1.00828e+10	8.47807e+09	9.00535e+09	8.03471e+09	8.82073e+09	1.11695e+10	1.00506e+10	1.0597e+10	9.93396e+09
50x-SRR1734610	7.41311e+09	8.16012e+09	8.00621e+09	9.15909e+09	8.24462e+09	8.44445e+09	9.9374e+09	1.02727e+10	9.40639e+09	9.69513e+09	9.0423e+09	9.65142e+09	8.14272e+09	8.70259e+09	7.87148e+09	8.5305e+09	1.06438e+10	9.74694e+09	1.03726e+10	9.85299e+09
50x-SRR1734611	8.02931e+09	9.1099e+09	8.89858e+09	1.0021e+10	9.38184e+09	9.50591e+09	9.74327e+09	1.00269e+10	9.23144e+09	9.0423e+09	1.23364e+10	9.47675e+09	9.24487e+09	9.83288e+09	8.79461e+09	9.7881e+09	1.06159e+10	9.70697e+09	1.00846e+10	9.45409e+09
50x-SRR1734612	7.58204e+09	8.52599e+09	8.23061e+09	9.57709e+09	8.54299e+09	8.75933e+09	1.02513e+10	1.07618e+10	1.00828e+10	9.65142e+09	9.47675e+09	1.06151e+10	8.59061e+09	9.16207e+09	8.18944e+09	9.03374e+09	1.15012e+10	1.01929e+10	1.08113e+10	1.01689e+10
50x-SRR1734613	8.23708e+09	1.20316e+10	9.51452e+09	9.18452e+09	8.90682e+09	8.51208e+09	8.89083e+09	8.9535e+09	8.47807e+09	8.14272e+09	9.24487e+09	8.59061e+09	1.26928e+10	9.83515e+09	9.03729e+09	9.22455e+09	9.53639e+09	8.81161e+09	9.01133e+09	8.51869e+09
50x-SRR1734614	8.63368e+09	9.72906e+09	9.53504e+09	9.7251e+09	9.20776e+09	9.09165e+09	9.30166e+09	9.59174e+09	9.00535e+09	8.70259e+09	9.83288e+09	9.16207e+09	9.83515e+09	1.35839e+10	9.3973e+09	9.60165e+09	1.02113e+10	9.24555e+09	9.70968e+09	9.06973e+09
50x-SRR1734615	8.39057e+09	8.88625e+09	8.96649e+09	8.71172e+09	8.66895e+09	8.16856e+09	8.35724e+09	8.58435e+09	8.03471e+09	7.87148e+09	8.79461e+09	8.18944e+09	9.03729e+09	9.3973e+09	1.13168e+10	8.68474e+09	9.00413e+09	8.25442e+09	8.61654e+09	8.15104e+09
50x-SRR1734616	7.83303e+09	9.07847e+09	8.73947e+09	9.76129e+09	9.52519e+09	9.26032e+09	9.34159e+09	9.51055e+09	8.82073e+09	8.5305e+09	9.7881e+09	9.03374e+09	9.22455e+09	9.60165e+09	8.68474e+09	1.19315e+10	1.01063e+10	9.3269e+09	9.55397e+09	8.9972e+09
50x-SRR1734617	8.20271e+09	9.44537e+09	9.11855e+09	1.06645e+10	9.45094e+09	9.67403e+09	1.14354e+10	1.21141e+10	1.11695e+10	1.06438e+10	1.06159e+10	1.15012e+10	9.53639e+09	1.02113e+10	9.00413e+09	1.01063e+10	1.35281e+10	1.15019e+10	1.21766e+10	1.13243e+10
50x-SRR1734618	7.63027e+09	8.76714e+09	8.37441e+09	9.84176e+09	8.79068e+09	8.87129e+09	1.09253e+10	1.08999e+10	1.00506e+10	9.74694e+09	9.70697e+09	1.01929e+10	8.81161e+09	9.24555e+09	8.25442e+09	9.3269e+09	1.15019e+10	1.14202e+10	1.10317e+10	1.03221e+10
50x-SRR1734619	7.98847e+09	9.02952e+09	8.79225e+09	1.02265e+10	9.11051e+09	9.30619e+09	1.10808e+10	1.15369e+10	1.0597e+10	1.03726e+10	1.00846e+10	1.08113e+10	9.01133e+09	9.70968e+09	8.61654e+09	9.55397e+09	1.21766e+10	1.10317e+10	1.20883e+10	1.09862e+10
50x-SRR1734620	7.68312e+09	8.54765e+09	8.30838e+09	9.59464e+09	8.61842e+09	8.80366e+09	1.0487e+10	1.08315e+10	9.93396e+09	9.85299e+09	9.45409e+09	1.01689e+10	8.51869e+09	9.06973e+09	8.15104e+09	8.9972e+09	1.13243e+10	1.03221e+10	1.09862e+10	1.07384e+10
