	SRR1734599	SRR1734600	SRR1734601	SRR1734602	SRR1734603	SRR1734604	SRR1734607	SRR1734608	SRR1734609	SRR1734610	SRR1734611	SRR1734612	SRR1734613	SRR1734614	SRR1734615	SRR1734616	SRR1734617	SRR1734618	SRR1734619	SRR1734620
SRR1734599	9.86477e+09	8.238e+09	8.44384e+09	8.4812e+09	7.85416e+09	8.63964e+09	8.88065e+09	9.27537e+09	8.35998e+09	8.16997e+09	7.52088e+09	7.55527e+09	8.28945e+09	8.9364e+09	8.78553e+09	8.35455e+09	8.02779e+09	7.23731e+09	8.75187e+09	7.83891e+09
SRR1734600	8.238e+09	1.14467e+10	9.44383e+09	9.30477e+09	8.32051e+09	9.29778e+09	9.6348e+09	1.00143e+10	9.13251e+09	8.65544e+09	7.96948e+09	8.04831e+09	1.12315e+10	9.44367e+09	8.83511e+09	9.14029e+09	8.64943e+09	7.81059e+09	9.42194e+09	8.27888e+09
SRR1734601	8.44384e+09	9.44383e+09	1.38723e+10	9.74609e+09	8.49561e+09	9.74941e+09	9.86141e+09	1.05211e+10	9.25984e+09	8.99467e+09	8.19137e+09	8.14964e+09	9.5358e+09	9.89088e+09	9.4891e+09	9.36682e+09	8.83372e+09	7.88481e+09	9.79377e+09	8.47203e+09
SRR1734602	8.4812e+09	9.30477e+09	9.74609e+09	1.40871e+10	9.47998e+09	1.15378e+10	1.20534e+10	1.28882e+10	1.12293e+10	1.06978e+10	9.32175e+09	9.66291e+09	9.40817e+09	1.03114e+10	9.40645e+09	1.07913e+10	1.05249e+10	9.48706e+09	1.18817e+10	1.0027e+10
SRR1734603	7.85416e+09	8.32051e+09	8.49561e+09	9.47998e+09	1.0208e+10	9.6399e+09	9.60107e+09	1.00746e+10	8.98937e+09	8.69859e+09	8.1474e+09	7.99012e+09	8.38733e+09	8.90054e+09	8.56365e+09	9.5014e+09	8.57136e+09	7.76339e+09	9.43933e+09	8.27738e+09
SRR1734604	8.63964e+09	9.29778e+09	9.74941e+09	1.15378e+10	9.6399e+09	1.43893e+10	1.19517e+10	1.29512e+10	1.10032e+10	1.06459e+10	9.63456e+09	9.54914e+09	9.41326e+09	1.04771e+10	9.47792e+09	1.11361e+10	1.046e+10	9.34046e+09	1.18335e+10	9.95171e+09
SRR1734607	8.88065e+09	9.6348e+09	9.86141e+09	1.20534e+10	9.60107e+09	1.19517e+10	1.53094e+10	1.54233e+10	1.3237e+10	1.26485e+10	9.75101e+09	1.10831e+10	9.70591e+09	1.06129e+10	9.60924e+09	1.10981e+10	1.22087e+10	1.14335e+10	1.41936e+10	1.18182e+10
SRR1734608	9.27537e+09	1.00143e+10	1.05211e+10	1.28882e+10	1.00746e+10	1.29512e+10	1.54233e+10	1.80977e+10	1.42681e+10	1.37033e+10	1.03138e+10	1.20585e+10	1.01401e+10	1.13767e+10	1.023e+10	1.17922e+10	1.34371e+10	1.18094e+10	1.55786e+10	1.26901e+10
SRR1734609	8.35998e+09	9.13251e+09	9.25984e+09	1.12293e+10	8.98937e+09	1.10032e+10	1.3237e+10	1.42681e+10	1.37608e+10	1.17541e+10	9.26063e+09	1.09094e+10	9.26488e+09	1.02333e+10	9.16541e+09	1.04357e+10	1.19642e+10	1.04968e+10	1.34215e+10	1.11472e+10
SRR1734610	8.16997e+09	8.65544e+09	8.99467e+09	1.06978e+10	8.69859e+09	1.06459e+10	1.26485e+10	1.37033e+10	1.17541e+10	1.18745e+10	8.91053e+09	1.02226e+10	8.69425e+09	9.63314e+09	8.77304e+09	9.83246e+09	1.11329e+10	9.93336e+09	1.27105e+10	1.08231e+10
SRR1734611	7.52088e+09	7.96948e+09	8.19137e+09	9.32175e+09	8.1474e+09	9.63456e+09	9.75101e+09	1.03138e+10	9.26063e+09	8.91053e+09	9.66415e+09	8.25856e+09	8.11642e+09	8.80623e+09	8.12316e+09	9.04511e+09	8.86191e+09	7.90277e+09	9.65797e+09	8.44857e+09
SRR1734612	7.55527e+09	8.04831e+09	8.14964e+09	9.66291e+09	7.99012e+09	9.54914e+09	1.10831e+10	1.20585e+10	1.09094e+10	1.02226e+10	8.25856e+09	9.89083e+09	8.14971e+09	8.88728e+09	8.11462e+09	9.0361e+09	1.03722e+10	8.99532e+09	1.12412e+10	9.76555e+09
SRR1734613	8.28945e+09	1.12315e+10	9.5358e+09	9.40817e+09	8.38733e+09	9.41326e+09	9.70591e+09	1.01401e+10	9.26488e+09	8.69425e+09	8.11642e+09	8.14971e+09	1.19253e+10	9.61897e+09	9.05285e+09	9.3543e+09	8.7757e+09	7.89642e+09	9.48061e+09	8.30002e+09
SRR1734614	8.9364e+09	9.44367e+09	9.89088e+09	1.03114e+10	8.90054e+09	1.04771e+10	1.06129e+10	1.13767e+10	1.02333e+10	9.63314e+09	8.80623e+09	8.88728e+09	9.61897e+09	1.3798e+10	9.73206e+09	1.00679e+10	9.63776e+09	8.49774e+09	1.06226e+10	9.07172e+09
SRR1734615	8.78553e+09	8.83511e+09	9.4891e+09	9.40645e+09	8.56365e+09	9.47792e+09	9.60924e+09	1.023e+10	9.16541e+09	8.77304e+09	8.12316e+09	8.11462e+09	9.05285e+09	9.73206e+09	1.20429e+10	9.28586e+09	8.73477e+09	7.77505e+09	9.54063e+09	8.30305e+09
SRR1734616	8.35455e+09	9.14029e+09	9.36682e+09	1.07913e+10	9.5014e+09	1.11361e+10	1.10981e+10	1.17922e+10	1.04357e+10	9.83246e+09	9.04511e+09	9.0361e+09	9.3543e+09	1.00679e+10	9.28586e+09	1.30247e+10	9.83566e+09	8.87357e+09	1.08864e+10	9.30236e+09
SRR1734617	8.02779e+09	8.64943e+09	8.83372e+09	1.05249e+10	8.57136e+09	1.046e+10	1.22087e+10	1.34371e+10	1.19642e+10	1.11329e+10	8.86191e+09	1.03722e+10	8.7757e+09	9.63776e+09	8.73477e+09	9.83566e+09	1.16437e+10	9.77559e+09	1.24062e+10	1.05515e+10
SRR1734618	7.23731e+09	7.81059e+09	7.88481e+09	9.48706e+09	7.76339e+09	9.34046e+09	1.14335e+10	1.18094e+10	1.04968e+10	9.93336e+09	7.90277e+09	8.99532e+09	7.89642e+09	8.49774e+09	7.77505e+09	8.87357e+09	9.77559e+09	9.57383e+09	1.10047e+10	9.39827e+09
SRR1734619	8.75187e+09	9.42194e+09	9.79377e+09	1.18817e+10	9.43933e+09	1.18335e+10	1.41936e+10	1.55786e+10	1.34215e+10	1.27105e+10	9.65797e+09	1.12412e+10	9.48061e+09	1.06226e+10	9.54063e+09	1.08864e+10	1.24062e+10	1.10047e+10	1.48469e+10	1.18955e+10
SRR1734620	7.83891e+09	8.27888e+09	8.47203e+09	1.0027e+10	8.27738e+09	9.95171e+09	1.18182e+10	1.26901e+10	1.11472e+10	1.08231e+10	8.44857e+09	9.76555e+09	8.30002e+09	9.07172e+09	8.30305e+09	9.30236e+09	1.05515e+10	9.39827e+09	1.18955e+10	1.06204e+10
