	50x-SRR1734599	50x-SRR1734600	50x-SRR1734601	50x-SRR1734602	50x-SRR1734603	50x-SRR1734604	50x-SRR1734607	50x-SRR1734608	50x-SRR1734609	50x-SRR1734610	50x-SRR1734611	50x-SRR1734612	50x-SRR1734613	50x-SRR1734614	50x-SRR1734615	50x-SRR1734616	50x-SRR1734617	50x-SRR1734618	50x-SRR1734619	50x-SRR1734620
50x-SRR1734599	0	1.11856	1.15421	1.2082	1.12832	1.18075	1.20737	1.21094	1.2258	1.21047	1.16853	1.21451	1.12666	1.07918	0.973036	1.17469	1.21893	1.21252	1.21375	1.20885
50x-SRR1734600	1.11856	0	1.08765	1.18257	1.15184	1.18861	1.21026	1.22729	1.23009	1.23157	1.17748	1.22594	0.421018	1.13189	1.13813	1.16295	1.2251	1.21327	1.22699	1.22621
50x-SRR1734601	1.15421	1.08765	0	1.18301	1.17953	1.19686	1.24718	1.2449	1.26254	1.24762	1.20712	1.25251	1.09536	1.15565	1.10214	1.18673	1.24965	1.24826	1.24624	1.24804
50x-SRR1734602	1.2082	1.18257	1.18301	0	1.03727	1.00301	0.971546	0.97717	1.00871	0.984934	1.02108	0.986774	1.18545	1.13078	1.17631	1.011	0.988986	0.973305	0.974371	0.98514
50x-SRR1734603	1.12832	1.15184	1.17953	1.03727	0	1.01662	1.12616	1.13433	1.16499	1.1442	1.03992	1.14855	1.15611	1.14411	1.08695	0.953051	1.14247	1.12662	1.13413	1.13887
50x-SRR1734604	1.18075	1.18861	1.19686	1.00301	1.01662	0	1.03815	1.02265	1.08484	1.04433	0.943408	1.04486	1.19125	1.11926	1.18877	0.937868	1.03585	1.04063	1.032	1.03994
50x-SRR1734607	1.20737	1.21026	1.24718	0.971546	1.12616	1.03815	0	0.574619	0.61414	0.530434	0.995132	0.596396	1.21534	1.16175	1.21669	1.06932	0.617658	0.416121	0.531224	0.529493
50x-SRR1734608	1.21094	1.22729	1.2449	0.97717	1.13433	1.02265	0.574619	0	0.607037	0.465105	0.996594	0.462065	1.23	1.15906	1.21288	1.07297	0.463639	0.576405	0.453657	0.466201
50x-SRR1734609	1.2258	1.23009	1.26254	1.00871	1.16499	1.08484	0.61414	0.607037	0	0.579996	1.03096	0.500885	1.2297	1.16802	1.22583	1.09711	0.534761	0.60178	0.529766	0.563363
50x-SRR1734610	1.21047	1.23157	1.24762	0.984934	1.1442	1.04433	0.530434	0.465105	0.579996	0	1.00493	0.500642	1.23663	1.16117	1.2168	1.08796	0.541633	0.563202	0.435801	0.418747
50x-SRR1734611	1.16853	1.17748	1.20712	1.02108	1.03992	0.943408	0.995132	0.996594	1.03096	1.00493	0	1.00387	1.17156	1.1229	1.16629	1.00283	0.993929	0.991836	0.993275	1.00408
50x-SRR1734612	1.21451	1.22594	1.25251	0.986774	1.14855	1.04486	0.596396	0.462065	0.500885	0.500642	1.00387	0	1.2246	1.15364	1.21429	1.07262	0.418551	0.592154	0.472596	0.490718
50x-SRR1734613	1.12666	0.421018	1.09536	1.18545	1.15611	1.19125	1.21534	1.23	1.2297	1.23663	1.17156	1.2246	0	1.12829	1.1306	1.1569	1.222	1.21447	1.23199	1.23285
50x-SRR1734614	1.07918	1.13189	1.15565	1.13078	1.14411	1.11926	1.16175	1.15906	1.16802	1.16117	1.1229	1.15364	1.12829	0	1.11323	1.11905	1.15533	1.16342	1.15759	1.16432
50x-SRR1734615	0.973036	1.13813	1.10214	1.17631	1.08695	1.18877	1.21669	1.21288	1.22583	1.2168	1.16629	1.21429	1.1306	1.11323	0	1.14722	1.21312	1.21556	1.21688	1.21914
50x-SRR1734616	1.17469	1.16295	1.18673	1.011	0.953051	0.937868	1.06932	1.07297	1.09711	1.08796	1.00283	1.07262	1.1569	1.11905	1.14722	0	1.0663	1.06256	1.07271	1.07755
50x-SRR1734617	1.21893	1.2251	1.24965	0.988986	1.14247	1.03585	0.617658	0.463639	0.534761	0.541633	0.993929	0.418551	1.222	1.15533	1.21312	1.0663	0	0.597113	0.478678	0.51223
50x-SRR1734618	1.21252	1.21327	1.24826	0.973305	1.12662	1.04063	0.416121	0.576405	0.60178	0.563202	0.991836	0.592154	1.21447	1.16342	1.21556	1.06256	0.597113	0	0.536703	0.556293
50x-SRR1734619	1.21375	1.22699	1.24624	0.974371	1.13413	1.032	0.531224	0.453657	0.529766	0.435801	0.993275	0.472596	1.23199	1.15759	1.21688	1.07271	0.478678	0.536703	0	0.414166
50x-SRR1734620	1.20885	1.22621	1.24804	0.98514	1.13887	1.03994	0.529493	0.466201	0.563363	0.418747	1.00408	0.490718	1.23285	1.16432	1.21914	1.07755	0.51223	0.556293	0.414166	0
