	50x-SRR1734599	50x-SRR1734600	50x-SRR1734601	50x-SRR1734602	50x-SRR1734603	50x-SRR1734604	50x-SRR1734607	50x-SRR1734608	50x-SRR1734609	50x-SRR1734610	50x-SRR1734611	50x-SRR1734612	50x-SRR1734613	50x-SRR1734614	50x-SRR1734615	50x-SRR1734616	50x-SRR1734617	50x-SRR1734618	50x-SRR1734619	50x-SRR1734620
50x-SRR1734599	0	0.68329	0.729131	0.724241	0.667924	0.678147	0.68834	0.703427	0.701958	0.664487	0.70963	0.690412	0.697537	0.683083	0.606071	0.718045	0.734944	0.722496	0.70426	0.682088
50x-SRR1734600	0.68329	0	0.70042	0.719179	0.69476	0.711388	0.705689	0.728506	0.720855	0.713858	0.72454	0.715388	0.281826	0.706245	0.705516	0.710852	0.734542	0.724301	0.723217	0.71874
50x-SRR1734601	0.729131	0.70042	0	0.752395	0.746816	0.745124	0.768226	0.767542	0.779741	0.750244	0.764178	0.766851	0.712292	0.744337	0.714333	0.76543	0.783803	0.78419	0.765898	0.763493
50x-SRR1734602	0.724241	0.719179	0.752395	0	0.628078	0.590748	0.568968	0.571303	0.59669	0.56965	0.612275	0.57068	0.729104	0.705003	0.724526	0.624788	0.590301	0.58409	0.569752	0.576423
50x-SRR1734603	0.667924	0.69476	0.746816	0.628078	0	0.594826	0.642703	0.653341	0.671328	0.640318	0.629314	0.652288	0.706242	0.706981	0.672748	0.586621	0.676039	0.661801	0.653083	0.64863
50x-SRR1734604	0.678147	0.711388	0.745124	0.590748	0.594826	0	0.584524	0.577115	0.612623	0.565078	0.568134	0.577845	0.720667	0.686513	0.703714	0.581904	0.608297	0.610879	0.584162	0.578887
50x-SRR1734607	0.68834	0.705689	0.768226	0.568968	0.642703	0.584524	0	0.349258	0.388021	0.325068	0.594532	0.363911	0.720255	0.708529	0.724877	0.628318	0.393172	0.284755	0.329122	0.317
50x-SRR1734608	0.703427	0.728506	0.767542	0.571303	0.653341	0.577115	0.349258	0	0.391873	0.301841	0.590124	0.298061	0.738865	0.703015	0.723568	0.637917	0.30713	0.365781	0.282995	0.295869
50x-SRR1734609	0.701958	0.720855	0.779741	0.59669	0.671328	0.612623	0.388021	0.391873	0	0.366248	0.61373	0.297669	0.728164	0.700633	0.724453	0.650218	0.352643	0.403834	0.342782	0.357287
50x-SRR1734610	0.664487	0.713858	0.750244	0.56965	0.640318	0.565078	0.325068	0.301841	0.366248	0	0.588536	0.311852	0.729342	0.695225	0.705011	0.643208	0.375779	0.383913	0.289338	0.262094
50x-SRR1734611	0.70963	0.72454	0.764178	0.612275	0.629314	0.568134	0.594532	0.590124	0.61373	0.588536	0	0.586284	0.722772	0.693426	0.715095	0.621638	0.59707	0.603642	0.590238	0.597662
50x-SRR1734612	0.690412	0.715388	0.766851	0.57068	0.652288	0.577845	0.363911	0.298061	0.297669	0.311852	0.586284	0	0.720992	0.688493	0.711076	0.628159	0.283694	0.385341	0.30198	0.308397
50x-SRR1734613	0.697537	0.281826	0.712292	0.729104	0.706242	0.720667	0.720255	0.738865	0.728164	0.729342	0.722772	0.720992	0	0.7085	0.701363	0.707697	0.737893	0.732286	0.738253	0.735302
50x-SRR1734614	0.683083	0.706245	0.744337	0.705003	0.706981	0.686513	0.708529	0.703015	0.700633	0.695225	0.693426	0.688493	0.7085	0	0.695805	0.701142	0.702467	0.717905	0.696099	0.705759
50x-SRR1734615	0.606071	0.705516	0.714333	0.724526	0.672748	0.703714	0.724877	0.723568	0.724453	0.705011	0.715095	0.711076	0.701363	0.695805	0	0.710788	0.737951	0.740157	0.725677	0.72194
50x-SRR1734616	0.718045	0.710852	0.76543	0.624788	0.586621	0.581904	0.628318	0.637917	0.650218	0.643208	0.621638	0.628159	0.707697	0.701142	0.710788	0	0.639566	0.634016	0.639489	0.640531
50x-SRR1734617	0.734944	0.734542	0.783803	0.590301	0.676039	0.608297	0.393172	0.30713	0.352643	0.375779	0.59707	0.283694	0.737893	0.702467	0.737951	0.639566	0	0.386349	0.30921	0.347694
50x-SRR1734618	0.722496	0.724301	0.78419	0.58409	0.661801	0.610879	0.284755	0.365781	0.403834	0.383913	0.603642	0.385341	0.732286	0.717905	0.740157	0.634016	0.386349	0	0.349543	0.368532
50x-SRR1734619	0.70426	0.723217	0.765898	0.569752	0.653083	0.584162	0.329122	0.282995	0.342782	0.289338	0.590238	0.30198	0.738253	0.696099	0.725677	0.639489	0.30921	0.349543	0	0.267353
50x-SRR1734620	0.682088	0.71874	0.763493	0.576423	0.64863	0.578887	0.317	0.295869	0.357287	0.262094	0.597662	0.308397	0.735302	0.705759	0.72194	0.640531	0.347694	0.368532	0.267353	0
