	50x-SRR1734599	50x-SRR1734600	50x-SRR1734601	50x-SRR1734602	50x-SRR1734603	50x-SRR1734604	50x-SRR1734607	50x-SRR1734608	50x-SRR1734609	50x-SRR1734610	50x-SRR1734611	50x-SRR1734612	50x-SRR1734613	50x-SRR1734614	50x-SRR1734615	50x-SRR1734616	50x-SRR1734617	50x-SRR1734618	50x-SRR1734619	50x-SRR1734620
50x-SRR1734599	1.85019e+09	7.84062e+08	7.93158e+08	6.77251e+08	7.08402e+08	7.49565e+08	7.32545e+08	8.23519e+08	6.32935e+08	5.98007e+08	5.93589e+08	5.0107e+08	7.97892e+08	1.00032e+09	1.13817e+09	7.25702e+08	5.71632e+08	5.21456e+08	7.05168e+08	5.5813e+08
50x-SRR1734600	7.84062e+08	2.34185e+09	1.08559e+09	8.31026e+08	7.33776e+08	8.15762e+08	8.02079e+08	8.56956e+08	7.03787e+08	6.06802e+08	6.33529e+08	5.29158e+08	2.22231e+09	9.48516e+08	8.6654e+08	8.44471e+08	6.0906e+08	5.77352e+08	7.37702e+08	5.73972e+08
50x-SRR1734601	7.93158e+08	1.08559e+09	3.07461e+09	9.47e+08	7.53701e+08	9.001e+08	7.94726e+08	9.25893e+08	6.84715e+08	6.49696e+08	6.37471e+08	5.20941e+08	1.10888e+09	1.01721e+09	1.11701e+09	8.85612e+08	6.11863e+08	5.48996e+08	7.78841e+08	5.85204e+08
50x-SRR1734602	6.77251e+08	8.31026e+08	9.47e+08	3.30719e+09	1.19767e+09	1.74905e+09	1.94259e+09	2.20606e+09	1.70805e+09	1.55157e+09	1.13816e+09	1.27857e+09	8.56236e+08	1.13064e+09	9.18133e+08	1.53615e+09	1.48014e+09	1.36276e+09	1.88932e+09	1.40647e+09
50x-SRR1734603	7.08402e+08	7.33776e+08	7.53701e+08	1.19767e+09	2.05086e+09	1.2443e+09	1.0566e+09	1.17524e+09	8.84039e+08	8.23972e+08	8.92889e+08	6.61315e+08	7.51275e+08	8.56266e+08	9.3993e+08	1.32691e+09	7.72251e+08	7.29008e+08	9.9973e+08	7.48409e+08
50x-SRR1734604	7.49565e+08	8.15762e+08	9.001e+08	1.74905e+09	1.2443e+09	3.42941e+09	1.81195e+09	2.16683e+09	1.52408e+09	1.45243e+09	1.35236e+09	1.16835e+09	8.43122e+08	1.18036e+09	8.81736e+08	1.739e+09	1.39792e+09	1.23539e+09	1.79124e+09	1.30586e+09
50x-SRR1734607	7.32545e+08	8.02079e+08	7.94726e+08	1.94259e+09	1.0566e+09	1.81195e+09	3.95631e+09	3.81022e+09	3.01944e+09	2.78517e+09	1.33801e+09	2.2075e+09	8.18037e+08	1.12208e+09	8.51499e+08	1.48786e+09	2.57078e+09	2.59985e+09	3.36518e+09	2.54332e+09
50x-SRR1734608	8.23519e+08	8.56956e+08	9.25893e+08	2.20606e+09	1.17524e+09	2.16683e+09	3.81022e+09	5.27648e+09	3.50025e+09	3.31604e+09	1.50713e+09	2.72065e+09	8.84641e+08	1.29883e+09	9.84868e+08	1.70265e+09	3.21696e+09	2.68265e+09	4.053e+09	2.99827e+09
50x-SRR1734609	6.32935e+08	7.03787e+08	6.84715e+08	1.70805e+09	8.84039e+08	1.52408e+09	3.01944e+09	3.50025e+09	3.53047e+09	2.52376e+09	1.18574e+09	2.24952e+09	7.37613e+08	1.04738e+09	7.69537e+08	1.32343e+09	2.60978e+09	2.22194e+09	3.19731e+09	2.36592e+09
50x-SRR1734610	5.98007e+08	6.06802e+08	6.49696e+08	1.55157e+09	8.23972e+08	1.45243e+09	2.78517e+09	3.31604e+09	2.52376e+09	2.65567e+09	1.09475e+09	1.97201e+09	6.16533e+08	9.30259e+08	6.93565e+08	1.17899e+09	2.2742e+09	1.9942e+09	2.91823e+09	2.25418e+09
50x-SRR1734611	5.93589e+08	6.33529e+08	6.37471e+08	1.13816e+09	8.92889e+08	1.35236e+09	1.33801e+09	1.50713e+09	1.18574e+09	1.09475e+09	1.85425e+09	9.2112e+08	6.69332e+08	8.61246e+08	7.00301e+08	1.13745e+09	1.06694e+09	9.58482e+08	1.3082e+09	9.98995e+08
50x-SRR1734612	5.0107e+08	5.29158e+08	5.20941e+08	1.27857e+09	6.61315e+08	1.16835e+09	2.2075e+09	2.72065e+09	2.24952e+09	1.97201e+09	9.2112e+08	1.94658e+09	5.52052e+08	8.0784e+08	5.88838e+08	9.98155e+08	2.05026e+09	1.66458e+09	2.36855e+09	1.85306e+09
50x-SRR1734613	7.97892e+08	2.22231e+09	1.10888e+09	8.56236e+08	7.51275e+08	8.43122e+08	8.18037e+08	8.84641e+08	7.37613e+08	6.16533e+08	6.69332e+08	5.52052e+08	2.53971e+09	1.00034e+09	9.2695e+08	8.97985e+08	6.40152e+08	5.95843e+08	7.50671e+08	5.77649e+08
50x-SRR1734614	1.00032e+09	9.48516e+08	1.01721e+09	1.13064e+09	8.56266e+08	1.18036e+09	1.12208e+09	1.29883e+09	1.04738e+09	9.30259e+08	8.61246e+08	8.0784e+08	1.00034e+09	3.05221e+09	1.08155e+09	1.1169e+09	9.2867e+08	8.00204e+08	1.12205e+09	8.48244e+08
50x-SRR1734615	1.13817e+09	8.6654e+08	1.11701e+09	9.18133e+08	9.3993e+08	8.81736e+08	8.51499e+08	9.84868e+08	7.69537e+08	6.93565e+08	7.00301e+08	5.88838e+08	9.2695e+08	1.08155e+09	2.6222e+09	9.51562e+08	6.87382e+08	6.01596e+08	8.31089e+08	6.30737e+08
50x-SRR1734616	7.25702e+08	8.44471e+08	8.85612e+08	1.53615e+09	1.32691e+09	1.739e+09	1.48786e+09	1.70265e+09	1.32343e+09	1.17899e+09	1.13745e+09	9.98155e+08	8.97985e+08	1.1169e+09	9.51562e+08	2.9347e+09	1.17008e+09	1.06419e+09	1.44636e+09	1.0825e+09
50x-SRR1734617	5.71632e+08	6.0906e+08	6.11863e+08	1.48014e+09	7.72251e+08	1.39792e+09	2.57078e+09	3.21696e+09	2.60978e+09	2.2742e+09	1.06694e+09	2.05026e+09	6.40152e+08	9.2867e+08	6.87382e+08	1.17008e+09	2.57177e+09	1.91021e+09	2.76697e+09	2.12272e+09
50x-SRR1734618	5.21456e+08	5.77352e+08	5.48996e+08	1.36276e+09	7.29008e+08	1.23539e+09	2.59985e+09	2.68265e+09	2.22194e+09	1.9942e+09	9.58482e+08	1.66458e+09	5.95843e+08	8.00204e+08	6.01596e+08	1.06419e+09	1.91021e+09	2.09161e+09	2.39338e+09	1.8474e+09
50x-SRR1734619	7.05168e+08	7.37702e+08	7.78841e+08	1.88932e+09	9.9973e+08	1.79124e+09	3.36518e+09	4.053e+09	3.19731e+09	2.91823e+09	1.3082e+09	2.36855e+09	7.50671e+08	1.12205e+09	8.31089e+08	1.44636e+09	2.76697e+09	2.39338e+09	3.85585e+09	2.6804e+09
50x-SRR1734620	5.5813e+08	5.73972e+08	5.85204e+08	1.40647e+09	7.48409e+08	1.30586e+09	2.54332e+09	2.99827e+09	2.36592e+09	2.25418e+09	9.98995e+08	1.85306e+09	5.77649e+08	8.48244e+08	6.30737e+08	1.0825e+09	2.12272e+09	1.8474e+09	2.6804e+09	2.28292e+09
