	75x-SRR1734599	75x-SRR1734600	75x-SRR1734601	75x-SRR1734602	75x-SRR1734603	75x-SRR1734604	75x-SRR1734607	75x-SRR1734608	75x-SRR1734609	75x-SRR1734610	75x-SRR1734611	75x-SRR1734612	75x-SRR1734613	75x-SRR1734614	75x-SRR1734615	75x-SRR1734616	75x-SRR1734617	75x-SRR1734618	75x-SRR1734619	75x-SRR1734620
75x-SRR1734599	1.94868e+10	1.32455e+10	1.29445e+10	1.29345e+10	1.38049e+10	1.16532e+10	1.27823e+10	1.20903e+10	1.15492e+10	1.30399e+10	1.31905e+10	1.21279e+10	1.28428e+10	1.39522e+10	1.25329e+10	1.2139e+10	1.13942e+10	1.35549e+10	1.20149e+10	1.03399e+10
75x-SRR1734600	1.32455e+10	1.78367e+10	1.31352e+10	1.26142e+10	1.33388e+10	1.12671e+10	1.22905e+10	1.16028e+10	1.13701e+10	1.24017e+10	1.27664e+10	1.17995e+10	1.67301e+10	1.30905e+10	1.16283e+10	1.18828e+10	1.11252e+10	1.30782e+10	1.15932e+10	9.98941e+09
75x-SRR1734601	1.29445e+10	1.31352e+10	1.98566e+10	1.25962e+10	1.30531e+10	1.12407e+10	1.2045e+10	1.15491e+10	1.10422e+10	1.24295e+10	1.26542e+10	1.1578e+10	1.28024e+10	1.30214e+10	1.19342e+10	1.1677e+10	1.09256e+10	1.28454e+10	1.14773e+10	9.85892e+09
75x-SRR1734602	1.29345e+10	1.26142e+10	1.25962e+10	1.93633e+10	1.52698e+10	1.3444e+10	1.49324e+10	1.4136e+10	1.36142e+10	1.52672e+10	1.5323e+10	1.43369e+10	1.23401e+10	1.33545e+10	1.1645e+10	1.36294e+10	1.3317e+10	1.60431e+10	1.40625e+10	1.18227e+10
75x-SRR1734603	1.38049e+10	1.33388e+10	1.30531e+10	1.52698e+10	2.09691e+10	1.3488e+10	1.44706e+10	1.35977e+10	1.29848e+10	1.4724e+10	1.53189e+10	1.37184e+10	1.30171e+10	1.38072e+10	1.2373e+10	1.45859e+10	1.27609e+10	1.55203e+10	1.35124e+10	1.13696e+10
75x-SRR1734604	1.16532e+10	1.12671e+10	1.12407e+10	1.3444e+10	1.3488e+10	1.48867e+10	1.30124e+10	1.25345e+10	1.18452e+10	1.33744e+10	1.37024e+10	1.25817e+10	1.10554e+10	1.20737e+10	1.05351e+10	1.24312e+10	1.1826e+10	1.38205e+10	1.23936e+10	1.06185e+10
75x-SRR1734607	1.27823e+10	1.22905e+10	1.2045e+10	1.49324e+10	1.44706e+10	1.30124e+10	1.79286e+10	1.57849e+10	1.51918e+10	1.73705e+10	1.50008e+10	1.58654e+10	1.19754e+10	1.29491e+10	1.12269e+10	1.30634e+10	1.47321e+10	1.86755e+10	1.58465e+10	1.33195e+10
75x-SRR1734608	1.20903e+10	1.16028e+10	1.15491e+10	1.4136e+10	1.35977e+10	1.25345e+10	1.57849e+10	1.61095e+10	1.45181e+10	1.66641e+10	1.42395e+10	1.56312e+10	1.13635e+10	1.24554e+10	1.08404e+10	1.24384e+10	1.45434e+10	1.69178e+10	1.52942e+10	1.28994e+10
75x-SRR1734609	1.15492e+10	1.13701e+10	1.10422e+10	1.36142e+10	1.29848e+10	1.18452e+10	1.51918e+10	1.45181e+10	1.56926e+10	1.56316e+10	1.36873e+10	1.53372e+10	1.12066e+10	1.22667e+10	1.05376e+10	1.21157e+10	1.42665e+10	1.64447e+10	1.48282e+10	1.24119e+10
75x-SRR1734610	1.30399e+10	1.24017e+10	1.24295e+10	1.52672e+10	1.4724e+10	1.33744e+10	1.73705e+10	1.66641e+10	1.56316e+10	1.90082e+10	1.54274e+10	1.66421e+10	1.20602e+10	1.33411e+10	1.14754e+10	1.32558e+10	1.54188e+10	1.85965e+10	1.66696e+10	1.38911e+10
75x-SRR1734611	1.31905e+10	1.27664e+10	1.26542e+10	1.5323e+10	1.53189e+10	1.37024e+10	1.50008e+10	1.42395e+10	1.36873e+10	1.54274e+10	2.01193e+10	1.44922e+10	1.26732e+10	1.38301e+10	1.18655e+10	1.37967e+10	1.34991e+10	1.62334e+10	1.41418e+10	1.18316e+10
75x-SRR1734612	1.21279e+10	1.17995e+10	1.1578e+10	1.43369e+10	1.37184e+10	1.25817e+10	1.58654e+10	1.56312e+10	1.53372e+10	1.66421e+10	1.44922e+10	1.67293e+10	1.16534e+10	1.27869e+10	1.0985e+10	1.27353e+10	1.50698e+10	1.71488e+10	1.55142e+10	1.29931e+10
75x-SRR1734613	1.28428e+10	1.67301e+10	1.28024e+10	1.23401e+10	1.30171e+10	1.10554e+10	1.19754e+10	1.13635e+10	1.12066e+10	1.20602e+10	1.26732e+10	1.16534e+10	1.71923e+10	1.28976e+10	1.15642e+10	1.18082e+10	1.09983e+10	1.28206e+10	1.12963e+10	9.75827e+09
75x-SRR1734614	1.39522e+10	1.30905e+10	1.30214e+10	1.33545e+10	1.38072e+10	1.20737e+10	1.29491e+10	1.24554e+10	1.22667e+10	1.33411e+10	1.38301e+10	1.27869e+10	1.28976e+10	1.94866e+10	1.22385e+10	1.2599e+10	1.19919e+10	1.39146e+10	1.2457e+10	1.05628e+10
75x-SRR1734615	1.25329e+10	1.16283e+10	1.19342e+10	1.1645e+10	1.2373e+10	1.05351e+10	1.12269e+10	1.08404e+10	1.05376e+10	1.14754e+10	1.18655e+10	1.0985e+10	1.15642e+10	1.22385e+10	1.49698e+10	1.11317e+10	1.04078e+10	1.19625e+10	1.07535e+10	9.34046e+09
75x-SRR1734616	1.2139e+10	1.18828e+10	1.1677e+10	1.36294e+10	1.45859e+10	1.24312e+10	1.30634e+10	1.24384e+10	1.21157e+10	1.32558e+10	1.37967e+10	1.27353e+10	1.18082e+10	1.2599e+10	1.11317e+10	1.61159e+10	1.19403e+10	1.39931e+10	1.23465e+10	1.06011e+10
75x-SRR1734617	1.13942e+10	1.11252e+10	1.09256e+10	1.3317e+10	1.27609e+10	1.1826e+10	1.47321e+10	1.45434e+10	1.42665e+10	1.54188e+10	1.34991e+10	1.50698e+10	1.09983e+10	1.19919e+10	1.04078e+10	1.19403e+10	1.45534e+10	1.58439e+10	1.44374e+10	1.22444e+10
75x-SRR1734618	1.35549e+10	1.30782e+10	1.28454e+10	1.60431e+10	1.55203e+10	1.38205e+10	1.86755e+10	1.69178e+10	1.64447e+10	1.85965e+10	1.62334e+10	1.71488e+10	1.28206e+10	1.39146e+10	1.19625e+10	1.39931e+10	1.58439e+10	2.10176e+10	1.69774e+10	1.40041e+10
75x-SRR1734619	1.20149e+10	1.15932e+10	1.14773e+10	1.40625e+10	1.35124e+10	1.23936e+10	1.58465e+10	1.52942e+10	1.48282e+10	1.66696e+10	1.41418e+10	1.55142e+10	1.12963e+10	1.2457e+10	1.07535e+10	1.23465e+10	1.44374e+10	1.69774e+10	1.5918e+10	1.2966e+10
75x-SRR1734620	1.03399e+10	9.98941e+09	9.85892e+09	1.18227e+10	1.13696e+10	1.06185e+10	1.33195e+10	1.28994e+10	1.24119e+10	1.38911e+10	1.18316e+10	1.29931e+10	9.75827e+09	1.05628e+10	9.34046e+09	1.06011e+10	1.22444e+10	1.40041e+10	1.2966e+10	1.16869e+10
