	SRR1734599	SRR1734600	SRR1734601	SRR1734602	SRR1734603	SRR1734604	SRR1734607	SRR1734608	SRR1734609	SRR1734610	SRR1734611	SRR1734612	SRR1734613	SRR1734614	SRR1734615	SRR1734616	SRR1734617	SRR1734618	SRR1734619	SRR1734620
SRR1734599	0	0.760971	0.826973	0.81747	0.796336	0.79475	0.795165	0.797021	0.824089	0.803073	0.817108	0.810303	0.772464	0.753676	0.729669	0.793738	0.804243	0.812669	0.797255	0.793517
SRR1734600	0.760971	0	0.777234	0.801553	0.787765	0.785569	0.790839	0.794373	0.80049	0.808055	0.80757	0.796144	0.298751	0.771811	0.75944	0.773481	0.786754	0.805655	0.78991	0.785003
SRR1734601	0.826973	0.777234	0	0.84571	0.848888	0.832108	0.850432	0.841742	0.865403	0.848787	0.856614	0.854111	0.783706	0.822226	0.784599	0.833356	0.84534	0.861639	0.841938	0.840018
SRR1734602	0.81747	0.801553	0.84571	0	0.695994	0.645218	0.630189	0.631858	0.661808	0.639079	0.668829	0.637851	0.804568	0.790571	0.795011	0.675956	0.642976	0.639909	0.630886	0.654343
SRR1734603	0.796336	0.787765	0.848888	0.695994	0	0.687879	0.712296	0.721342	0.753913	0.72456	0.712997	0.731514	0.792998	0.796187	0.776719	0.642742	0.734194	0.722082	0.721657	0.739889
SRR1734604	0.79475	0.785569	0.832108	0.645218	0.687879	0	0.63797	0.617405	0.67084	0.640205	0.645362	0.636766	0.786065	0.763042	0.76718	0.628373	0.626982	0.661324	0.624328	0.624446
SRR1734607	0.795165	0.790839	0.850432	0.630189	0.712296	0.63797	0	0.377329	0.434268	0.343653	0.648334	0.409648	0.797371	0.783853	0.793352	0.680408	0.419459	0.275416	0.352057	0.399582
SRR1734608	0.797021	0.794373	0.841742	0.631858	0.721342	0.617405	0.377329	0	0.416881	0.308902	0.646608	0.309294	0.796472	0.770727	0.777091	0.675335	0.316796	0.401456	0.299709	0.346084
SRR1734609	0.824089	0.80049	0.865403	0.661808	0.753913	0.67084	0.434268	0.416881	0	0.435721	0.677778	0.32685	0.797153	0.772692	0.790542	0.690137	0.334572	0.434752	0.351556	0.408605
SRR1734610	0.803073	0.808055	0.848787	0.639079	0.72456	0.640205	0.343653	0.308902	0.435721	0	0.649788	0.365376	0.815917	0.783334	0.799649	0.696611	0.381996	0.373099	0.288719	0.368775
SRR1734611	0.817108	0.80757	0.856614	0.668829	0.712997	0.645362	0.648334	0.646608	0.677778	0.649788	0	0.648178	0.798224	0.776563	0.795348	0.683818	0.649784	0.648958	0.647714	0.675883
SRR1734612	0.810303	0.796144	0.854111	0.637851	0.731514	0.636766	0.409648	0.309294	0.32685	0.365376	0.648178	0	0.791021	0.763927	0.782114	0.669908	0.261548	0.413425	0.313982	0.376208
SRR1734613	0.772464	0.298751	0.783706	0.804568	0.792998	0.786065	0.797371	0.796472	0.797153	0.815917	0.798224	0.791021	0	0.768569	0.747206	0.762373	0.78063	0.806911	0.796433	0.789398
SRR1734614	0.753676	0.771811	0.822226	0.790571	0.796187	0.763042	0.783853	0.770727	0.772692	0.783334	0.776563	0.763927	0.768569	0	0.752914	0.760327	0.758821	0.790491	0.765115	0.774667
SRR1734615	0.729669	0.75944	0.784599	0.795011	0.776719	0.76718	0.793352	0.777091	0.790542	0.799649	0.795348	0.782114	0.747206	0.752914	0	0.752751	0.767949	0.806963	0.778945	0.766585
SRR1734616	0.793738	0.773481	0.833356	0.675956	0.642742	0.628373	0.680408	0.675335	0.690137	0.696611	0.683818	0.669908	0.762373	0.760327	0.752751	0	0.663835	0.692359	0.676974	0.674603
SRR1734617	0.804243	0.786754	0.84534	0.642976	0.734194	0.626982	0.419459	0.316796	0.334572	0.381996	0.649784	0.261548	0.78063	0.758821	0.767949	0.663835	0	0.433779	0.320756	0.349659
SRR1734618	0.812669	0.805655	0.861639	0.639909	0.722082	0.661324	0.275416	0.401456	0.434752	0.373099	0.648958	0.413425	0.806911	0.790491	0.806963	0.692359	0.433779	0	0.378979	0.461434
SRR1734619	0.797255	0.78991	0.841938	0.630886	0.721657	0.624328	0.352057	0.299709	0.351556	0.288719	0.647714	0.313982	0.796433	0.765115	0.778945	0.676974	0.320756	0.378979	0	0.314204
SRR1734620	0.793517	0.785003	0.840018	0.654343	0.739889	0.624446	0.399582	0.346084	0.408605	0.368775	0.675883	0.376208	0.789398	0.774667	0.766585	0.674603	0.349659	0.461434	0.314204	0
