	SRR1734599	SRR1734600	SRR1734601	SRR1734602	SRR1734603	SRR1734604	SRR1734607	SRR1734608	SRR1734609	SRR1734610	SRR1734611	SRR1734612	SRR1734613	SRR1734614	SRR1734615	SRR1734616	SRR1734617	SRR1734618	SRR1734619	SRR1734620
SRR1734599	0	1.09263	1.14571	1.18745	1.14007	1.1767	1.19872	1.20532	1.22634	1.20217	1.1745	1.21208	1.10516	1.05727	1.03387	1.16568	1.21588	1.20023	1.20823	1.21263
SRR1734600	1.09263	0	1.09579	1.19355	1.15956	1.19995	1.22314	1.23458	1.2397	1.23423	1.18717	1.23358	0.410871	1.12855	1.1249	1.17841	1.2367	1.22268	1.23438	1.23949
SRR1734601	1.14571	1.09579	0	1.19789	1.18976	1.20997	1.24384	1.24457	1.26222	1.24074	1.21695	1.25022	1.10419	1.15777	1.10199	1.1939	1.25351	1.24201	1.2471	1.25392
SRR1734602	1.18745	1.19355	1.19789	0	1.00316	0.973609	0.963225	0.976204	1.00491	0.969888	0.984372	0.981353	1.19654	1.15492	1.17396	1.00425	0.995059	0.962625	0.975288	0.998702
SRR1734603	1.14007	1.15956	1.18976	1.00316	0	1.01717	1.07926	1.0985	1.12879	1.08804	1.02921	1.10678	1.16379	1.14833	1.11853	0.935501	1.11905	1.07881	1.0997	1.11808
SRR1734604	1.1767	1.19995	1.20997	0.973609	1.01717	0	1.00911	1.0009	1.06258	1.00324	0.9554	1.01654	1.20236	1.14326	1.18939	0.963344	1.0233	1.01028	1.01246	1.03227
SRR1734607	1.19872	1.22314	1.24384	0.963225	1.07926	1.00911	0	0.578367	0.627772	0.515906	0.968473	0.616727	1.22804	1.17756	1.21487	1.06595	0.629196	0.374321	0.531042	0.562888
SRR1734608	1.20532	1.23458	1.24457	0.976204	1.0985	1.0009	0.578367	0	0.609661	0.442694	0.981421	0.448351	1.2376	1.17452	1.21397	1.07106	0.463368	0.586131	0.449592	0.48611
SRR1734609	1.22634	1.2397	1.26222	1.00491	1.12879	1.06258	0.627772	0.609661	0	0.601108	1.01196	0.495087	1.23838	1.1812	1.22564	1.09067	0.515284	0.605571	0.515049	0.584908
SRR1734610	1.20217	1.23423	1.24074	0.969888	1.08804	1.00324	0.515906	0.442694	0.601108	0	0.970252	0.509529	1.23974	1.17526	1.21752	1.07011	0.528795	0.537704	0.399557	0.451904
SRR1734611	1.1745	1.18717	1.21695	0.984372	1.02921	0.9554	0.968473	0.981421	1.01196	0.970252	0	0.980543	1.18022	1.13771	1.17642	1.01145	0.987961	0.960368	0.979019	1.00471
SRR1734612	1.21208	1.23358	1.25022	0.981353	1.10678	1.01654	0.616727	0.448351	0.495087	0.509529	0.980543	0	1.231	1.16722	1.21428	1.06461	0.386455	0.602588	0.461375	0.518119
SRR1734613	1.10516	0.410871	1.10419	1.19654	1.16379	1.20236	1.22804	1.2376	1.23838	1.23974	1.18022	1.231	0	1.12687	1.11855	1.17137	1.23394	1.22371	1.23981	1.24562
SRR1734614	1.05727	1.12855	1.15777	1.15492	1.14833	1.14326	1.17756	1.17452	1.1812	1.17526	1.13771	1.16722	1.12687	0	1.10698	1.13238	1.17199	1.17333	1.17388	1.18411
SRR1734615	1.03387	1.1249	1.10199	1.17396	1.11853	1.18939	1.21487	1.21397	1.22564	1.21752	1.17642	1.21428	1.11855	1.10698	0	1.14593	1.21582	1.21103	1.21819	1.22359
SRR1734616	1.16568	1.17841	1.1939	1.00425	0.935501	0.963344	1.06595	1.07106	1.09067	1.07011	1.01145	1.06461	1.17137	1.13238	1.14593	0	1.07257	1.06005	1.07291	1.08485
SRR1734617	1.21588	1.2367	1.25351	0.995059	1.11905	1.0233	0.629196	0.463368	0.515284	0.528795	0.987961	0.386455	1.23394	1.17199	1.21582	1.07257	0	0.619173	0.480544	0.514644
SRR1734618	1.20023	1.22268	1.24201	0.962625	1.07881	1.01028	0.374321	0.586131	0.605571	0.537704	0.960368	0.602588	1.22371	1.17333	1.21103	1.06005	0.619173	0	0.540395	0.601174
SRR1734619	1.20823	1.23438	1.2471	0.975288	1.0997	1.01246	0.531042	0.449592	0.515049	0.399557	0.979019	0.461375	1.23981	1.17388	1.21819	1.07291	0.480544	0.540395	0	0.42939
SRR1734620	1.21263	1.23949	1.25392	0.998702	1.11808	1.03227	0.562888	0.48611	0.584908	0.451904	1.00471	0.518119	1.24562	1.18411	1.22359	1.08485	0.514644	0.601174	0.42939	0
