	SRR1734599	SRR1734600	SRR1734601	SRR1734602	SRR1734603	SRR1734604	SRR1734607	SRR1734608	SRR1734609	SRR1734610	SRR1734611	SRR1734612	SRR1734613	SRR1734614	SRR1734615	SRR1734616	SRR1734617	SRR1734618	SRR1734619	SRR1734620
SRR1734599	5.26058e+09	1.99987e+09	1.8003e+09	1.55832e+09	1.9604e+09	1.32575e+09	1.43073e+09	1.29415e+09	1.16662e+09	1.49474e+09	1.70944e+09	1.29189e+09	1.88265e+09	2.28418e+09	2.02224e+09	1.45922e+09	1.13312e+09	1.60976e+09	1.26393e+09	9.72514e+08
SRR1734600	1.99987e+09	4.67936e+09	1.97436e+09	1.43355e+09	1.7306e+09	1.13812e+09	1.20766e+09	1.06136e+09	1.02717e+09	1.21125e+09	1.53449e+09	1.09778e+09	4.17592e+09	1.7738e+09	1.50472e+09	1.3122e+09	9.64046e+08	1.37066e+09	1.05113e+09	8.0313e+08
SRR1734601	1.8003e+09	1.97436e+09	5.21627e+09	1.48625e+09	1.6294e+09	1.14982e+09	1.14586e+09	1.06224e+09	9.52604e+08	1.23563e+09	1.42373e+09	1.05889e+09	1.87985e+09	1.70056e+09	1.69906e+09	1.3022e+09	9.27336e+08	1.31061e+09	1.03623e+09	7.82184e+08
SRR1734602	1.55832e+09	1.43355e+09	1.48625e+09	5.30503e+09	2.79363e+09	2.27616e+09	2.73592e+09	2.48671e+09	2.33825e+09	2.86613e+09	2.85209e+09	2.53418e+09	1.37986e+09	1.73214e+09	1.35619e+09	2.26597e+09	2.20286e+09	3.10154e+09	2.46439e+09	1.84914e+09
SRR1734603	1.9604e+09	1.7306e+09	1.6294e+09	2.79363e+09	5.95981e+09	2.2137e+09	2.25886e+09	1.99699e+09	1.81676e+09	2.34059e+09	2.75828e+09	2.00762e+09	1.66148e+09	1.87774e+09	1.73123e+09	2.72476e+09	1.72876e+09	2.56097e+09	1.96915e+09	1.46593e+09
SRR1734604	1.32575e+09	1.13812e+09	1.14982e+09	2.27616e+09	2.2137e+09	3.52919e+09	2.04314e+09	1.93365e+09	1.67749e+09	2.19246e+09	2.45305e+09	1.92682e+09	1.09783e+09	1.46959e+09	1.04129e+09	1.99821e+09	1.6953e+09	2.30812e+09	1.86843e+09	1.40565e+09
SRR1734607	1.43073e+09	1.20766e+09	1.14586e+09	2.73592e+09	2.25886e+09	2.04314e+09	4.90942e+09	3.80523e+09	3.64819e+09	4.51284e+09	2.8263e+09	3.80779e+09	1.14906e+09	1.5342e+09	1.09962e+09	1.899e+09	3.36614e+09	5.17001e+09	3.88333e+09	2.98634e+09
SRR1734608	1.29415e+09	1.06136e+09	1.06224e+09	2.48671e+09	1.99699e+09	1.93365e+09	3.80523e+09	4.25311e+09	3.44298e+09	4.37039e+09	2.56808e+09	3.93656e+09	1.01824e+09	1.44464e+09	1.02774e+09	1.74519e+09	3.48694e+09	4.28571e+09	3.78249e+09	2.91257e+09
SRR1734609	1.16662e+09	1.02717e+09	9.52604e+08	2.33825e+09	1.81676e+09	1.67749e+09	3.64819e+09	3.44298e+09	4.20481e+09	3.94721e+09	2.40355e+09	3.81821e+09	1.00825e+09	1.39996e+09	9.66595e+08	1.64897e+09	3.36841e+09	4.2017e+09	3.62887e+09	2.72224e+09
SRR1734610	1.49474e+09	1.21125e+09	1.23563e+09	2.86613e+09	2.34059e+09	2.19246e+09	4.51284e+09	4.37039e+09	3.94721e+09	5.51965e+09	2.98708e+09	4.33847e+09	1.14686e+09	1.64112e+09	1.15162e+09	1.99287e+09	3.82791e+09	5.04272e+09	4.41087e+09	3.37838e+09
SRR1734611	1.70944e+09	1.53449e+09	1.42373e+09	2.85209e+09	2.75828e+09	2.45305e+09	2.8263e+09	2.56808e+09	2.40355e+09	2.98708e+09	5.76992e+09	2.64694e+09	1.53731e+09	1.91344e+09	1.4012e+09	2.32856e+09	2.32937e+09	3.24766e+09	2.55223e+09	1.9053e+09
SRR1734612	1.29189e+09	1.09778e+09	1.05889e+09	2.53418e+09	2.00762e+09	1.92682e+09	3.80779e+09	3.93656e+09	3.81821e+09	4.33847e+09	2.64694e+09	4.50334e+09	1.08421e+09	1.52744e+09	1.05603e+09	1.82479e+09	3.71941e+09	4.3579e+09	3.86893e+09	2.94241e+09
SRR1734613	1.88265e+09	4.17592e+09	1.87985e+09	1.37986e+09	1.66148e+09	1.09783e+09	1.14906e+09	1.01824e+09	1.00825e+09	1.14686e+09	1.53731e+09	1.08421e+09	4.44544e+09	1.73796e+09	1.4951e+09	1.31359e+09	9.53274e+08	1.32926e+09	9.95623e+08	7.57099e+08
SRR1734614	2.28418e+09	1.7738e+09	1.70056e+09	1.73214e+09	1.87774e+09	1.46959e+09	1.5342e+09	1.44464e+09	1.39996e+09	1.64112e+09	1.91344e+09	1.52744e+09	1.73796e+09	5.09767e+09	1.65606e+09	1.6079e+09	1.33951e+09	1.76553e+09	1.43266e+09	1.08095e+09
SRR1734615	2.02224e+09	1.50472e+09	1.69906e+09	1.35619e+09	1.73123e+09	1.04129e+09	1.09962e+09	1.02774e+09	9.66595e+08	1.15162e+09	1.4012e+09	1.05603e+09	1.4951e+09	1.65606e+09	3.58666e+09	1.2907e+09	9.35891e+08	1.26734e+09	9.96954e+08	7.62556e+08
SRR1734616	1.45922e+09	1.3122e+09	1.3022e+09	2.26597e+09	2.72476e+09	1.99821e+09	1.899e+09	1.74519e+09	1.64897e+09	1.99287e+09	2.32856e+09	1.82479e+09	1.31359e+09	1.6079e+09	1.2907e+09	3.93826e+09	1.59678e+09	2.18167e+09	1.71854e+09	1.308e+09
SRR1734617	1.13312e+09	9.64046e+08	9.27336e+08	2.20286e+09	1.72876e+09	1.6953e+09	3.36614e+09	3.48694e+09	3.36841e+09	3.82791e+09	2.32937e+09	3.71941e+09	9.53274e+08	1.33951e+09	9.35891e+08	1.59678e+09	3.58777e+09	3.8416e+09	3.41843e+09	2.63176e+09
SRR1734618	1.60976e+09	1.37066e+09	1.31061e+09	3.10154e+09	2.56097e+09	2.30812e+09	5.17001e+09	4.28571e+09	4.2017e+09	5.04272e+09	3.24766e+09	4.3579e+09	1.32926e+09	1.76553e+09	1.26734e+09	2.18167e+09	3.8416e+09	6.29566e+09	4.37189e+09	3.29223e+09
SRR1734619	1.26393e+09	1.05113e+09	1.03623e+09	2.46439e+09	1.96915e+09	1.86843e+09	3.88333e+09	3.78249e+09	3.62887e+09	4.41087e+09	2.55223e+09	3.86893e+09	9.95623e+08	1.43266e+09	9.96954e+08	1.71854e+09	3.41843e+09	4.37189e+09	4.16288e+09	2.96635e+09
SRR1734620	9.72514e+08	8.0313e+08	7.82184e+08	1.84914e+09	1.46593e+09	1.40565e+09	2.98634e+09	2.91257e+09	2.72224e+09	3.37838e+09	1.9053e+09	2.94241e+09	7.57099e+08	1.08095e+09	7.62556e+08	1.308e+09	2.63176e+09	3.29223e+09	2.96635e+09	2.56484e+09
