	8x-SRR1734599	8x-SRR1734600	8x-SRR1734601	8x-SRR1734602	8x-SRR1734603	8x-SRR1734604	8x-SRR1734607	8x-SRR1734608	8x-SRR1734609	8x-SRR1734610	8x-SRR1734611	8x-SRR1734612	8x-SRR1734613	8x-SRR1734614	8x-SRR1734615	8x-SRR1734616	8x-SRR1734617	8x-SRR1734618	8x-SRR1734619	8x-SRR1734620
8x-SRR1734599	1.33404e+09	1.06108e+09	1.08821e+09	1.22331e+09	1.08078e+09	1.26222e+09	1.34511e+09	1.12039e+09	1.44505e+09	1.66135e+09	9.90534e+08	1.70237e+09	9.91513e+08	1.09174e+09	9.25774e+08	7.66311e+08	1.5977e+09	9.28853e+08	1.63794e+09	1.68716e+09
8x-SRR1734600	1.06108e+09	1.34379e+09	1.10029e+09	1.26298e+09	1.07657e+09	1.23439e+09	1.35091e+09	1.12554e+09	1.49602e+09	1.62593e+09	9.95857e+08	1.73391e+09	1.16363e+09	1.08005e+09	8.44238e+08	7.82507e+08	1.63309e+09	9.51103e+08	1.67268e+09	1.66016e+09
8x-SRR1734601	1.08821e+09	1.10029e+09	1.41156e+09	1.27793e+09	1.09835e+09	1.28754e+09	1.33818e+09	1.14493e+09	1.43446e+09	1.6515e+09	1.01831e+09	1.68433e+09	1.02731e+09	1.07713e+09	8.85996e+08	8.0416e+08	1.58039e+09	9.46357e+08	1.63687e+09	1.63998e+09
8x-SRR1734602	1.22331e+09	1.26298e+09	1.27793e+09	1.83563e+09	1.29472e+09	1.54937e+09	1.70127e+09	1.47177e+09	1.87951e+09	2.14506e+09	1.21184e+09	2.22506e+09	1.14053e+09	1.25801e+09	9.79957e+08	9.39663e+08	2.05931e+09	1.21501e+09	2.17749e+09	2.11829e+09
8x-SRR1734603	1.08078e+09	1.07657e+09	1.09835e+09	1.29472e+09	1.34349e+09	1.32926e+09	1.37725e+09	1.19252e+09	1.45972e+09	1.67122e+09	1.0757e+09	1.70147e+09	1.00905e+09	1.06011e+09	8.80959e+08	8.51966e+08	1.59614e+09	1.00019e+09	1.65919e+09	1.62824e+09
8x-SRR1734604	1.26222e+09	1.23439e+09	1.28754e+09	1.54937e+09	1.32926e+09	1.82531e+09	1.67601e+09	1.40992e+09	1.80131e+09	2.08359e+09	1.26187e+09	2.13955e+09	1.14871e+09	1.25756e+09	9.94508e+08	9.66013e+08	1.99692e+09	1.1498e+09	2.06217e+09	2.10376e+09
8x-SRR1734607	1.34511e+09	1.35091e+09	1.33818e+09	1.70127e+09	1.37725e+09	1.67601e+09	2.17765e+09	1.70973e+09	2.26063e+09	2.60953e+09	1.32502e+09	2.67477e+09	1.24543e+09	1.31604e+09	1.03955e+09	9.66906e+08	2.48904e+09	1.4039e+09	2.57471e+09	2.66621e+09
8x-SRR1734608	1.12039e+09	1.12554e+09	1.14493e+09	1.47177e+09	1.19252e+09	1.40992e+09	1.70973e+09	1.61263e+09	1.84381e+09	2.11915e+09	1.14772e+09	2.15603e+09	1.04887e+09	1.11526e+09	8.96675e+08	8.85599e+08	2.00145e+09	1.291e+09	2.1042e+09	2.00326e+09
8x-SRR1734609	1.44505e+09	1.49602e+09	1.43446e+09	1.87951e+09	1.45972e+09	1.80131e+09	2.26063e+09	1.84381e+09	2.80235e+09	2.87256e+09	1.42099e+09	3.14772e+09	1.32679e+09	1.50186e+09	1.11848e+09	1.03932e+09	2.95442e+09	1.49714e+09	2.9704e+09	3.11483e+09
8x-SRR1734610	1.66135e+09	1.62593e+09	1.6515e+09	2.14506e+09	1.67122e+09	2.08359e+09	2.60953e+09	2.11915e+09	2.87256e+09	3.47274e+09	1.60075e+09	3.47496e+09	1.47098e+09	1.61395e+09	1.25625e+09	1.13229e+09	3.20939e+09	1.66809e+09	3.35244e+09	3.54842e+09
8x-SRR1734611	9.90534e+08	9.95857e+08	1.01831e+09	1.21184e+09	1.0757e+09	1.26187e+09	1.32502e+09	1.14772e+09	1.42099e+09	1.60075e+09	1.22529e+09	1.64899e+09	9.52652e+08	1.02141e+09	8.10526e+08	8.16225e+08	1.54425e+09	9.60225e+08	1.58144e+09	1.53739e+09
8x-SRR1734612	1.70237e+09	1.73391e+09	1.68433e+09	2.22506e+09	1.70147e+09	2.13955e+09	2.67477e+09	2.15603e+09	3.14772e+09	3.47496e+09	1.64899e+09	3.85993e+09	1.53167e+09	1.73686e+09	1.29747e+09	1.17565e+09	3.51432e+09	1.69665e+09	3.56953e+09	3.81608e+09
8x-SRR1734613	9.91513e+08	1.16363e+09	1.02731e+09	1.14053e+09	1.00905e+09	1.14871e+09	1.24543e+09	1.04887e+09	1.32679e+09	1.47098e+09	9.52652e+08	1.53167e+09	1.1894e+09	9.94696e+08	8.12617e+08	7.67826e+08	1.43727e+09	8.9753e+08	1.45555e+09	1.4367e+09
8x-SRR1734614	1.09174e+09	1.08005e+09	1.07713e+09	1.25801e+09	1.06011e+09	1.25756e+09	1.31604e+09	1.11526e+09	1.50186e+09	1.61395e+09	1.02141e+09	1.73686e+09	9.94696e+08	1.33152e+09	8.70299e+08	8.11204e+08	1.63639e+09	9.30455e+08	1.64908e+09	1.6478e+09
8x-SRR1734615	9.25774e+08	8.44238e+08	8.85996e+08	9.79957e+08	8.80959e+08	9.94508e+08	1.03955e+09	8.96675e+08	1.11848e+09	1.25625e+09	8.10526e+08	1.29747e+09	8.12617e+08	8.70299e+08	8.8066e+08	6.60379e+08	1.22005e+09	7.58148e+08	1.24035e+09	1.22304e+09
8x-SRR1734616	7.66311e+08	7.82507e+08	8.0416e+08	9.39663e+08	8.51966e+08	9.66013e+08	9.66906e+08	8.85599e+08	1.03932e+09	1.13229e+09	8.16225e+08	1.17565e+09	7.67826e+08	8.11204e+08	6.60379e+08	8.36862e+08	1.10571e+09	7.83246e+08	1.1204e+09	1.03121e+09
8x-SRR1734617	1.5977e+09	1.63309e+09	1.58039e+09	2.05931e+09	1.59614e+09	1.99692e+09	2.48904e+09	2.00145e+09	2.95442e+09	3.20939e+09	1.54425e+09	3.51432e+09	1.43727e+09	1.63639e+09	1.22005e+09	1.10571e+09	3.36424e+09	1.58268e+09	3.31549e+09	3.56733e+09
8x-SRR1734618	9.28853e+08	9.51103e+08	9.46357e+08	1.21501e+09	1.00019e+09	1.1498e+09	1.4039e+09	1.291e+09	1.49714e+09	1.66809e+09	9.60225e+08	1.69665e+09	8.9753e+08	9.30455e+08	7.58148e+08	7.83246e+08	1.58268e+09	1.22506e+09	1.66291e+09	1.50758e+09
8x-SRR1734619	1.63794e+09	1.67268e+09	1.63687e+09	2.17749e+09	1.65919e+09	2.06217e+09	2.57471e+09	2.1042e+09	2.9704e+09	3.35244e+09	1.58144e+09	3.56953e+09	1.45555e+09	1.64908e+09	1.24035e+09	1.1204e+09	3.31549e+09	1.66291e+09	3.54324e+09	3.60929e+09
8x-SRR1734620	1.68716e+09	1.66016e+09	1.63998e+09	2.11829e+09	1.62824e+09	2.10376e+09	2.66621e+09	2.00326e+09	3.11483e+09	3.54842e+09	1.53739e+09	3.81608e+09	1.4367e+09	1.6478e+09	1.22304e+09	1.03121e+09	3.56733e+09	1.50758e+09	3.60929e+09	4.24347e+09
