	8x-SRR1734599	8x-SRR1734600	8x-SRR1734601	8x-SRR1734602	8x-SRR1734603	8x-SRR1734604	8x-SRR1734607	8x-SRR1734608	8x-SRR1734609	8x-SRR1734610	8x-SRR1734611	8x-SRR1734612	8x-SRR1734613	8x-SRR1734614	8x-SRR1734615	8x-SRR1734616	8x-SRR1734617	8x-SRR1734618	8x-SRR1734619	8x-SRR1734620
8x-SRR1734599	7.96188e+08	4.59376e+08	9.44694e+08	1.02367e+09	9.03179e+08	1.06841e+09	1.31009e+09	7.40791e+08	1.09997e+09	1.23381e+09	6.31201e+08	1.32298e+09	7.4024e+08	1.10655e+09	6.02753e+08	5.68088e+08	1.2517e+09	3.13047e+08	1.13642e+09	1.39235e+09
8x-SRR1734600	4.59376e+08	4.20927e+08	6.73401e+08	7.41308e+08	6.38736e+08	7.36077e+08	9.16863e+08	5.32062e+08	7.96987e+08	8.46635e+08	4.60063e+08	9.35304e+08	6.11476e+08	7.64781e+08	4.0087e+08	4.18242e+08	8.90074e+08	2.35329e+08	8.16316e+08	9.50109e+08
8x-SRR1734601	9.44694e+08	6.73401e+08	1.89721e+09	1.67366e+09	1.40797e+09	1.71118e+09	2.10674e+09	1.12937e+09	1.73221e+09	1.96992e+09	9.77892e+08	2.11324e+09	1.13831e+09	1.71061e+09	8.41673e+08	8.74663e+08	1.98851e+09	4.58477e+08	1.81156e+09	2.23119e+09
8x-SRR1734602	1.02367e+09	7.41308e+08	1.67366e+09	2.32842e+09	1.61467e+09	2.00384e+09	2.61362e+09	1.39872e+09	2.19122e+09	2.46449e+09	1.1269e+09	2.69072e+09	1.22441e+09	1.96817e+09	9.01978e+08	9.99666e+08	2.5036e+09	5.70571e+08	2.32495e+09	2.76351e+09
8x-SRR1734603	9.03179e+08	6.38736e+08	1.40797e+09	1.61467e+09	1.65103e+09	1.68519e+09	2.05065e+09	1.12813e+09	1.677e+09	1.89208e+09	9.92632e+08	2.02544e+09	1.07292e+09	1.60402e+09	8.04737e+08	8.94547e+08	1.9073e+09	4.67437e+08	1.74621e+09	2.10385e+09
8x-SRR1734604	1.06841e+09	7.36077e+08	1.71118e+09	2.00384e+09	1.68519e+09	2.39475e+09	2.62215e+09	1.35695e+09	2.13907e+09	2.4417e+09	1.18881e+09	2.64409e+09	1.2511e+09	1.99908e+09	9.27024e+08	1.03763e+09	2.47755e+09	5.43309e+08	2.23375e+09	2.80703e+09
8x-SRR1734607	1.31009e+09	9.16863e+08	2.10674e+09	2.61362e+09	2.05065e+09	2.62215e+09	4.01594e+09	1.90591e+09	3.16039e+09	3.61975e+09	1.44998e+09	3.92286e+09	1.57789e+09	2.50806e+09	1.11725e+09	1.21403e+09	3.65342e+09	7.71325e+08	3.29824e+09	4.21723e+09
8x-SRR1734608	7.40791e+08	5.32062e+08	1.12937e+09	1.39872e+09	1.12813e+09	1.35695e+09	1.90591e+09	1.19373e+09	1.60108e+09	1.79998e+09	8.19877e+08	1.91951e+09	8.75117e+08	1.29102e+09	6.50305e+08	7.33962e+08	1.79826e+09	4.93041e+08	1.67232e+09	1.9298e+09
8x-SRR1734609	1.09997e+09	7.96987e+08	1.73221e+09	2.19122e+09	1.677e+09	2.13907e+09	3.16039e+09	1.60108e+09	2.95849e+09	2.9924e+09	1.20907e+09	3.43622e+09	1.31194e+09	2.17716e+09	9.48011e+08	1.01954e+09	3.24278e+09	6.53487e+08	2.86792e+09	3.57862e+09
8x-SRR1734610	1.23381e+09	8.46635e+08	1.96992e+09	2.46449e+09	1.89208e+09	2.4417e+09	3.61975e+09	1.79998e+09	2.9924e+09	3.55561e+09	1.33449e+09	3.75217e+09	1.42949e+09	2.32798e+09	1.04458e+09	1.09258e+09	3.48395e+09	7.10845e+08	3.17257e+09	4.06282e+09
8x-SRR1734611	6.31201e+08	4.60063e+08	9.77892e+08	1.1269e+09	9.92632e+08	1.18881e+09	1.44998e+09	8.19877e+08	1.20907e+09	1.33449e+09	8.71615e+08	1.44332e+09	7.73704e+08	1.14782e+09	5.70298e+08	6.60353e+08	1.36094e+09	3.48318e+08	1.22872e+09	1.4567e+09
8x-SRR1734612	1.32298e+09	9.35304e+08	2.11324e+09	2.69072e+09	2.02544e+09	2.64409e+09	3.92286e+09	1.91951e+09	3.43622e+09	3.75217e+09	1.44332e+09	4.36976e+09	1.56028e+09	2.63557e+09	1.12836e+09	1.1903e+09	4.00309e+09	7.52921e+08	3.5466e+09	4.55747e+09
8x-SRR1734613	7.4024e+08	6.11476e+08	1.13831e+09	1.22441e+09	1.07292e+09	1.2511e+09	1.57789e+09	8.75117e+08	1.31194e+09	1.42949e+09	7.73704e+08	1.56028e+09	1.11138e+09	1.28267e+09	6.59349e+08	7.12467e+08	1.47239e+09	3.7497e+08	1.3201e+09	1.58687e+09
8x-SRR1734614	1.10655e+09	7.64781e+08	1.71061e+09	1.96817e+09	1.60402e+09	1.99908e+09	2.50806e+09	1.29102e+09	2.17716e+09	2.32798e+09	1.14782e+09	2.63557e+09	1.28267e+09	2.51373e+09	9.5825e+08	1.02363e+09	2.48502e+09	5.19833e+08	2.20174e+09	2.71153e+09
8x-SRR1734615	6.02753e+08	4.0087e+08	8.41673e+08	9.01978e+08	8.04737e+08	9.27024e+08	1.11725e+09	6.50305e+08	9.48011e+08	1.04458e+09	5.70298e+08	1.12836e+09	6.59349e+08	9.5825e+08	6.29669e+08	5.33405e+08	1.06785e+09	2.8014e+08	9.63874e+08	1.15385e+09
8x-SRR1734616	5.68088e+08	4.18242e+08	8.74663e+08	9.99666e+08	8.94547e+08	1.03763e+09	1.21403e+09	7.33962e+08	1.01954e+09	1.09258e+09	6.60353e+08	1.1903e+09	7.12467e+08	1.02363e+09	5.33405e+08	7.70033e+08	1.12547e+09	3.29338e+08	1.00766e+09	1.15444e+09
8x-SRR1734617	1.2517e+09	8.90074e+08	1.98851e+09	2.5036e+09	1.9073e+09	2.47755e+09	3.65342e+09	1.79826e+09	3.24278e+09	3.48395e+09	1.36094e+09	4.00309e+09	1.47239e+09	2.48502e+09	1.06785e+09	1.12547e+09	3.84348e+09	7.10861e+08	3.31726e+09	4.25586e+09
8x-SRR1734618	3.13047e+08	2.35329e+08	4.58477e+08	5.70571e+08	4.67437e+08	5.43309e+08	7.71325e+08	4.93041e+08	6.53487e+08	7.10845e+08	3.48318e+08	7.52921e+08	3.7497e+08	5.19833e+08	2.8014e+08	3.29338e+08	7.10861e+08	2.72316e+08	6.66048e+08	7.35519e+08
8x-SRR1734619	1.13642e+09	8.16316e+08	1.81156e+09	2.32495e+09	1.74621e+09	2.23375e+09	3.29824e+09	1.67232e+09	2.86792e+09	3.17257e+09	1.22872e+09	3.5466e+09	1.3201e+09	2.20174e+09	9.63874e+08	1.00766e+09	3.31726e+09	6.66048e+08	3.11981e+09	3.75527e+09
8x-SRR1734620	1.39235e+09	9.50109e+08	2.23119e+09	2.76351e+09	2.10385e+09	2.80703e+09	4.21723e+09	1.9298e+09	3.57862e+09	4.06282e+09	1.4567e+09	4.55747e+09	1.58687e+09	2.71153e+09	1.15385e+09	1.15444e+09	4.25586e+09	7.35519e+08	3.75527e+09	5.21927e+09
