	SRR1734599	SRR1734600	SRR1734601	SRR1734602	SRR1734603	SRR1734604	SRR1734607	SRR1734608	SRR1734609	SRR1734610	SRR1734611	SRR1734612	SRR1734613	SRR1734614	SRR1734615	SRR1734616	SRR1734617	SRR1734618	SRR1734619	8x-SRR1734620
SRR1734599	0	1.1602	1.16786	1.20348	1.15095	1.16804	1.23197	1.26293	1.25248	1.23975	1.19301	1.23926	1.14581	1.04083	0.971577	1.21729	1.24136	1.30065	1.24733	1.23784
SRR1734600	1.1602	0	1.12526	1.17493	1.11799	1.18681	1.18577	1.24432	1.21704	1.21639	1.13509	1.21367	0.697486	1.14919	1.18721	1.19893	1.2126	1.2761	1.21455	1.2173
SRR1734601	1.16786	1.12526	0	1.12761	1.13619	1.1373	1.22334	1.26041	1.25501	1.23198	1.1618	1.23854	1.10552	1.11576	1.11081	1.15734	1.23996	1.30566	1.24244	1.22959
SRR1734602	1.20348	1.17493	1.12761	0	1.07915	1.0391	0.989776	1.01553	1.02593	0.992113	1.09702	0.988848	1.16714	1.07273	1.17813	1.06962	1.00472	1.10837	0.992667	1.01577
SRR1734603	1.15095	1.11799	1.13619	1.07915	0	1.01945	1.13255	1.17012	1.18463	1.15789	0.991686	1.1766	1.10469	1.11132	1.0986	1.02571	1.17646	1.23671	1.17112	1.18555
SRR1734604	1.16804	1.18681	1.1373	1.0391	1.01945	0	1.09244	1.14394	1.15612	1.11953	0.998362	1.12353	1.17076	1.06434	1.17993	1.0372	1.12703	1.2227	1.13438	1.12797
SRR1734607	1.23197	1.18577	1.22334	0.989776	1.13255	1.09244	0	0.686274	0.611065	0.500892	1.05547	0.550484	1.16211	1.13674	1.24188	1.16064	0.561746	0.866608	0.54296	0.548622
SRR1734608	1.26293	1.24432	1.26041	1.01553	1.17012	1.14394	0.686274	0	0.689103	0.624149	1.10999	0.656572	1.2301	1.20334	1.27022	1.14766	0.666135	0.742154	0.641282	0.745152
SRR1734609	1.25248	1.21704	1.25501	1.02593	1.18463	1.15612	0.611065	0.689103	0	0.555676	1.10264	0.473678	1.2093	1.15823	1.26429	1.17399	0.462049	0.855122	0.514831	0.559548
SRR1734610	1.23975	1.21639	1.23198	0.992113	1.15789	1.11953	0.500892	0.624149	0.555676	0	1.07392	0.460902	1.20487	1.14794	1.25215	1.17866	0.476924	0.864346	0.443441	0.45437
SRR1734611	1.19301	1.13509	1.1618	1.09702	0.991686	0.998362	1.05547	1.10999	1.10264	1.07392	0	1.08836	1.12987	1.11227	1.18977	1.07828	1.08658	1.20052	1.08861	1.10363
SRR1734612	1.23926	1.21367	1.23854	0.988848	1.1766	1.12353	0.550484	0.656572	0.473678	0.460902	1.08836	0	1.20425	1.13085	1.25239	1.16974	0.373812	0.883134	0.430097	0.434729
SRR1734613	1.14581	0.697486	1.10552	1.16714	1.10469	1.17076	1.16211	1.2301	1.2093	1.20487	1.12987	1.20425	0	1.127	1.16331	1.16606	1.20487	1.26679	1.21451	1.21264
SRR1734614	1.04083	1.14919	1.11576	1.07273	1.11132	1.06434	1.13674	1.20334	1.15823	1.14794	1.11227	1.13085	1.127	0	1.10984	1.12601	1.13425	1.27072	1.15088	1.13036
SRR1734615	0.971577	1.18721	1.11081	1.17813	1.0986	1.17993	1.24188	1.27022	1.26429	1.25215	1.18977	1.25239	1.16331	1.10984	0	1.15284	1.2534	1.30835	1.26201	1.25499
SRR1734616	1.21729	1.19893	1.15734	1.06962	1.02571	1.0372	1.16064	1.14766	1.17399	1.17866	1.07828	1.16974	1.16606	1.12601	1.15284	0	1.17318	1.18362	1.19002	1.20869
SRR1734617	1.24136	1.2126	1.23996	1.00472	1.17646	1.12703	0.561746	0.666135	0.462049	0.476924	1.08658	0.373812	1.20487	1.13425	1.2534	1.17318	0	0.882299	0.4399	0.442128
SRR1734618	1.30065	1.2761	1.30566	1.10837	1.23671	1.2227	0.866608	0.742154	0.855122	0.864346	1.20052	0.883134	1.26679	1.27072	1.30835	1.18362	0.882299	0	0.864357	0.952444
SRR1734619	1.24733	1.21455	1.24244	0.992667	1.17112	1.13438	0.54296	0.641282	0.514831	0.443441	1.08861	0.430097	1.21451	1.15088	1.26201	1.19002	0.4399	0.864357	0	0.464018
SRR1734620	1.23784	1.2173	1.22959	1.01577	1.18555	1.12797	0.548622	0.745152	0.559548	0.45437	1.10363	0.434729	1.21264	1.13036	1.25499	1.20869	0.442128	0.952444	0.464018	0
