	8x-SRR1734599	8x-SRR1734600	8x-SRR1734601	8x-SRR1734602	8x-SRR1734603	8x-SRR1734604	8x-SRR1734607	8x-SRR1734608	8x-SRR1734609	8x-SRR1734610	8x-SRR1734611	8x-SRR1734612	8x-SRR1734613	8x-SRR1734614	8x-SRR1734615	8x-SRR1734616	8x-SRR1734617	8x-SRR1734618	8x-SRR1734619	8x-SRR1734620
8x-SRR1734599	0	1.13616	1.15564	1.19316	1.13933	1.15852	1.23071	1.24225	1.23874	1.22347	1.17637	1.2272	1.13634	1.03268	0.938665	1.20533	1.22925	1.25156	1.22814	1.22809
8x-SRR1734600	1.13616	0	1.09871	1.15742	1.10171	1.16919	1.15995	1.21344	1.18937	1.18791	1.12922	1.1866	0.616381	1.13241	1.17059	1.18366	1.18432	1.21983	1.18589	1.18965
8x-SRR1734601	1.15564	1.09871	0	1.13853	1.14167	1.15133	1.24761	1.25986	1.26347	1.241	1.16315	1.25096	1.11109	1.13093	1.10727	1.15432	1.25079	1.27801	1.24712	1.24546
8x-SRR1734602	1.19316	1.15742	1.13853	0	1.09	1.0535	1.03024	1.01043	1.03689	1.00159	1.09542	1.00554	1.16987	1.10374	1.17219	1.07183	1.02275	1.03868	0.995653	1.04949
8x-SRR1734603	1.13933	1.10171	1.14167	1.09	0	1.03507	1.15001	1.1644	1.19242	1.16454	0.990715	1.18581	1.10796	1.12928	1.09629	1.02691	1.1853	1.18782	1.17615	1.19967
8x-SRR1734604	1.15852	1.16919	1.15133	1.0535	1.03507	0	1.12817	1.13597	1.16656	1.1296	0.990571	1.14029	1.17609	1.0987	1.1765	1.03719	1.1435	1.16591	1.13543	1.15694
8x-SRR1734607	1.23071	1.15995	1.24761	1.03024	1.15001	1.12817	0	0.650354	0.616576	0.510087	1.04829	0.572722	1.17082	1.18692	1.2465	1.18225	0.57527	0.723739	0.544794	0.589575
8x-SRR1734608	1.24225	1.21344	1.25986	1.01043	1.1644	1.13597	0.650354	0	0.666987	0.594229	1.08043	0.627815	1.22061	1.2139	1.2559	1.13835	0.642182	0.642719	0.617695	0.749144
8x-SRR1734609	1.23874	1.18937	1.26347	1.03689	1.19242	1.16656	0.616576	0.666987	0	0.558513	1.09132	0.470542	1.20828	1.18443	1.25842	1.17566	0.460707	0.735057	0.514618	0.568746
8x-SRR1734610	1.22347	1.18791	1.241	1.00159	1.16454	1.1296	0.510087	0.594229	0.558513	0	1.0591	0.46699	1.20356	1.1771	1.244	1.1786	0.481758	0.74722	0.437316	0.478582
8x-SRR1734611	1.17637	1.12922	1.16315	1.09542	0.990715	0.990571	1.04829	1.08043	1.09132	1.0591	0	1.07773	1.12883	1.1203	1.17876	1.07328	1.07499	1.12264	1.07195	1.09902
8x-SRR1734612	1.2272	1.1866	1.25096	1.00554	1.18581	1.14029	0.572722	0.627815	0.470542	0.46699	1.07773	0	1.20555	1.16461	1.24833	1.17368	0.379008	0.76141	0.41771	0.454863
8x-SRR1734613	1.13634	0.616381	1.11109	1.16987	1.10796	1.17609	1.17082	1.22061	1.20828	1.20356	1.12883	1.20555	0	1.13431	1.15815	1.16619	1.20507	1.22286	1.2115	1.21513
8x-SRR1734614	1.03268	1.13241	1.13093	1.10374	1.12928	1.0987	1.18692	1.2139	1.18443	1.1771	1.1203	1.16461	1.13431	0	1.10554	1.13239	1.16696	1.23821	1.17223	1.16882
8x-SRR1734615	0.938665	1.17059	1.10727	1.17219	1.09629	1.1765	1.2465	1.2559	1.25842	1.244	1.17876	1.24833	1.15815	1.10554	0	1.15353	1.24925	1.26928	1.25012	1.25405
8x-SRR1734616	1.20533	1.18366	1.15432	1.07183	1.02691	1.03719	1.18225	1.13835	1.17566	1.1786	1.07328	1.17368	1.16619	1.13239	1.15353	0	1.17857	1.12286	1.18506	1.22839
8x-SRR1734617	1.22925	1.18432	1.25079	1.02275	1.1853	1.1435	0.57527	0.642182	0.460707	0.481758	1.07499	0.379008	1.20507	1.16696	1.24925	1.17857	0	0.769288	0.433334	0.447674
8x-SRR1734618	1.25156	1.21983	1.27801	1.03868	1.18782	1.16591	0.723739	0.642719	0.735057	0.74722	1.12264	0.76141	1.22286	1.23821	1.26928	1.12286	0.769288	0	0.756783	0.886021
8x-SRR1734619	1.22814	1.18589	1.24712	0.995653	1.17615	1.13543	0.544794	0.617695	0.514618	0.437316	1.07195	0.41771	1.2115	1.17223	1.25012	1.18506	0.433334	0.756783	0	0.455294
8x-SRR1734620	1.22809	1.18965	1.24546	1.04949	1.19967	1.15694	0.589575	0.749144	0.568746	0.478582	1.09902	0.454863	1.21513	1.16882	1.25405	1.22839	0.447674	0.886021	0.455294	0
