	SRR1734599	SRR1734600	SRR1734601	SRR1734602	SRR1734603	SRR1734604	SRR1734607	SRR1734608	SRR1734609	SRR1734610	SRR1734611	SRR1734612	SRR1734613	SRR1734614	SRR1734615	SRR1734616	SRR1734617	SRR1734618	SRR1734619	SRR1734620
SRR1734599	2.14002e+08	7.76934e+07	7.11718e+07	7.08807e+07	7.83862e+07	8.11256e+07	7.19973e+07	6.21695e+07	8.05788e+07	8.83759e+07	6.90046e+07	9.39924e+07	7.5288e+07	1.00233e+08	9.77717e+07	5.18393e+07	8.64135e+07	5.41652e+07	8.76211e+07	9.01699e+07
SRR1734600	7.76934e+07	2.24355e+08	8.69483e+07	8.31521e+07	8.98983e+07	7.99269e+07	9.9411e+07	7.35149e+07	1.03751e+08	1.05912e+08	8.31207e+07	1.15333e+08	1.76215e+08	7.88917e+07	5.63414e+07	5.81012e+07	1.081e+08	6.54889e+07	1.08322e+08	1.09772e+08
SRR1734601	7.11718e+07	8.69483e+07	2.14429e+08	8.66322e+07	7.78664e+07	8.32542e+07	6.58487e+07	5.62291e+07	6.99396e+07	8.08661e+07	7.25399e+07	8.28708e+07	8.13991e+07	7.74864e+07	6.76963e+07	6.3307e+07	7.70493e+07	4.5853e+07	7.93276e+07	8.23717e+07
SRR1734602	7.08807e+07	8.31521e+07	8.66322e+07	2.82682e+08	1.04204e+08	1.26164e+08	1.60019e+08	1.53137e+08	1.83992e+08	2.01241e+08	1.02979e+08	2.1626e+08	7.7091e+07	9.64669e+07	6.28654e+07	9.26808e+07	1.93773e+08	1.32251e+08	2.06592e+08	1.89347e+08
SRR1734603	7.83862e+07	8.98983e+07	7.78664e+07	1.04204e+08	2.3309e+08	1.19518e+08	1.04882e+08	9.14962e+07	1.04438e+08	1.18033e+08	1.19042e+08	1.17927e+08	8.56369e+07	8.12076e+07	7.2788e+07	9.34824e+07	1.09754e+08	7.68013e+07	1.14689e+08	1.07305e+08
SRR1734604	8.11256e+07	7.99269e+07	8.32542e+07	1.26164e+08	1.19518e+08	2.84261e+08	1.2433e+08	1.11297e+08	1.27506e+08	1.46571e+08	1.31497e+08	1.53454e+08	7.55177e+07	9.81099e+07	6.20208e+07	1.00918e+08	1.41033e+08	9.22385e+07	1.45987e+08	1.3978e+08
SRR1734607	7.19973e+07	9.9411e+07	6.58487e+07	1.60019e+08	1.04882e+08	1.2433e+08	4.11279e+08	2.97539e+08	3.887e+08	4.23667e+08	1.399e+08	4.41042e+08	9.26581e+07	8.79979e+07	5.4056e+07	7.91033e+07	4.08927e+08	2.55647e+08	4.20773e+08	4.19994e+08
SRR1734608	6.21695e+07	7.35149e+07	5.62291e+07	1.53137e+08	9.14962e+07	1.11297e+08	2.97539e+08	3.46198e+08	3.42377e+08	3.67944e+08	1.18609e+08	3.88637e+08	6.89228e+07	7.18892e+07	4.698e+07	8.48525e+07	3.56869e+08	2.5214e+08	3.6684e+08	3.35519e+08
SRR1734609	8.05788e+07	1.03751e+08	6.99396e+07	1.83992e+08	1.04438e+08	1.27506e+08	3.887e+08	3.42377e+08	5.60031e+08	4.79677e+08	1.46569e+08	5.47469e+08	9.28106e+07	1.03711e+08	5.88596e+07	9.46883e+07	5.11113e+08	2.94981e+08	5.0022e+08	4.97252e+08
SRR1734610	8.83759e+07	1.05912e+08	8.08661e+07	2.01241e+08	1.18033e+08	1.46571e+08	4.23667e+08	3.67944e+08	4.79677e+08	5.76723e+08	1.61477e+08	5.56608e+08	9.61672e+07	1.08299e+08	6.49061e+07	9.50119e+07	5.12918e+08	2.95647e+08	5.29148e+08	5.3303e+08
SRR1734611	6.90046e+07	8.31207e+07	7.25399e+07	1.02979e+08	1.19042e+08	1.31497e+08	1.399e+08	1.18609e+08	1.46569e+08	1.61477e+08	2.34436e+08	1.6699e+08	8.06933e+07	8.37115e+07	5.58366e+07	8.40948e+07	1.56192e+08	9.67131e+07	1.58715e+08	1.52015e+08
SRR1734612	9.39924e+07	1.15333e+08	8.28708e+07	2.1626e+08	1.17927e+08	1.53454e+08	4.41042e+08	3.88637e+08	5.47469e+08	5.56608e+08	1.6699e+08	6.76729e+08	1.03266e+08	1.22895e+08	6.86291e+07	1.04873e+08	5.83408e+08	3.15501e+08	5.78505e+08	5.84617e+08
SRR1734613	7.5288e+07	1.76215e+08	8.13991e+07	7.7091e+07	8.56369e+07	7.55177e+07	9.26581e+07	6.89228e+07	9.28106e+07	9.61672e+07	8.06933e+07	1.03266e+08	2.10932e+08	7.60368e+07	5.71424e+07	6.01982e+07	9.61156e+07	6.2583e+07	9.41718e+07	9.52821e+07
SRR1734614	1.00233e+08	7.88917e+07	7.74864e+07	9.64669e+07	8.12076e+07	9.81099e+07	8.79979e+07	7.18892e+07	1.03711e+08	1.08299e+08	8.37115e+07	1.22895e+08	7.60368e+07	2.15463e+08	6.81947e+07	6.82255e+07	1.13175e+08	5.8516e+07	1.11914e+08	1.16611e+08
SRR1734615	9.77717e+07	5.63414e+07	6.76963e+07	6.28654e+07	7.2788e+07	6.20208e+07	5.4056e+07	4.698e+07	5.88596e+07	6.49061e+07	5.58366e+07	6.86291e+07	5.71424e+07	6.81947e+07	1.42718e+08	5.17874e+07	6.34132e+07	3.96777e+07	6.36243e+07	6.39861e+07
SRR1734616	5.18393e+07	5.81012e+07	6.3307e+07	9.26808e+07	9.34824e+07	1.00918e+08	7.91033e+07	8.48525e+07	9.46883e+07	9.50119e+07	8.40948e+07	1.04873e+08	6.01982e+07	6.82255e+07	5.17874e+07	1.67768e+08	9.56035e+07	8.17593e+07	9.39824e+07	7.97152e+07
SRR1734617	8.64135e+07	1.081e+08	7.70493e+07	1.93773e+08	1.09754e+08	1.41033e+08	4.08927e+08	3.56869e+08	5.11113e+08	5.12918e+08	1.56192e+08	5.83408e+08	9.61156e+07	1.13175e+08	6.34132e+07	9.56035e+07	5.83806e+08	2.90552e+08	5.33408e+08	5.44963e+08
SRR1734618	5.41652e+07	6.54889e+07	4.5853e+07	1.32251e+08	7.68013e+07	9.22385e+07	2.55647e+08	2.5214e+08	2.94981e+08	2.95647e+08	9.67131e+07	3.15501e+08	6.2583e+07	5.8516e+07	3.96777e+07	8.17593e+07	2.90552e+08	2.91685e+08	2.96947e+08	2.60064e+08
SRR1734619	8.76211e+07	1.08322e+08	7.93276e+07	2.06592e+08	1.14689e+08	1.45987e+08	4.20773e+08	3.6684e+08	5.0022e+08	5.29148e+08	1.58715e+08	5.78505e+08	9.41718e+07	1.11914e+08	6.36243e+07	9.39824e+07	5.33408e+08	2.96947e+08	5.93591e+08	5.4741e+08
SRR1734620	9.01699e+07	1.09772e+08	8.23717e+07	1.89347e+08	1.07305e+08	1.3978e+08	4.19994e+08	3.35519e+08	4.97252e+08	5.3303e+08	1.52015e+08	5.84617e+08	9.52821e+07	1.16611e+08	6.39861e+07	7.97152e+07	5.44963e+08	2.60064e+08	5.4741e+08	6.28318e+08
