	SRR1734599	SRR1734600	SRR1734601	SRR1734602	SRR1734603	SRR1734604	SRR1734607	SRR1734608	SRR1734609	SRR1734610	SRR1734611	SRR1734612	SRR1734613	SRR1734614	SRR1734615	SRR1734616	SRR1734617	SRR1734618	SRR1734619	SRR1734620
SRR1734599	4.70326e+10	1.67731e+10	1.46654e+10	1.31379e+10	1.35228e+10	1.51759e+10	1.3386e+10	1.51681e+10	1.09251e+10	1.21734e+10	1.49575e+10	1.19467e+10	1.93479e+10	2.24845e+10	1.87066e+10	1.63233e+10	1.34261e+10	1.42743e+10	1.43076e+10	1.18501e+10
SRR1734600	1.67731e+10	3.34716e+10	1.39068e+10	9.91485e+09	1.05748e+10	1.13113e+10	9.74325e+09	1.11222e+10	8.36465e+09	8.76168e+09	1.16214e+10	8.96726e+09	3.74121e+10	1.60556e+10	1.47288e+10	1.23668e+10	1.00854e+10	1.05752e+10	1.05203e+10	8.5691e+09
SRR1734601	1.46654e+10	1.39068e+10	3.37191e+10	9.60445e+09	9.68922e+09	1.116e+10	9.55146e+09	1.12018e+10	8.03623e+09	8.86385e+09	1.07963e+10	8.96238e+09	1.62772e+10	1.4567e+10	1.4401e+10	1.22236e+10	1.00408e+10	1.0382e+10	1.04322e+10	8.6653e+09
SRR1734602	1.31379e+10	9.91485e+09	9.60445e+09	3.5213e+10	1.69166e+10	2.36159e+10	2.22281e+10	2.55626e+10	1.93247e+10	2.02064e+10	2.29831e+10	2.08117e+10	1.16836e+10	1.41152e+10	1.16427e+10	2.11432e+10	2.32779e+10	2.40347e+10	2.42578e+10	1.97485e+10
SRR1734603	1.35228e+10	1.05748e+10	9.68922e+09	1.69166e+10	3.14316e+10	1.90548e+10	1.73708e+10	1.95762e+10	1.42818e+10	1.56166e+10	1.86981e+10	1.56261e+10	1.24164e+10	1.39841e+10	1.21704e+10	2.24897e+10	1.74551e+10	1.86393e+10	1.84163e+10	1.52809e+10
SRR1734604	1.51759e+10	1.13113e+10	1.116e+10	2.36159e+10	1.90548e+10	4.52104e+10	2.40575e+10	2.81554e+10	2.00806e+10	2.22231e+10	2.57248e+10	2.25908e+10	1.34025e+10	1.64875e+10	1.31657e+10	2.48085e+10	2.53829e+10	2.58844e+10	2.63363e+10	2.17192e+10
SRR1734607	1.3386e+10	9.74325e+09	9.55146e+09	2.22281e+10	1.73708e+10	2.40575e+10	4.33213e+10	4.21575e+10	3.26639e+10	3.53511e+10	2.59088e+10	3.37467e+10	1.13735e+10	1.43872e+10	1.13149e+10	2.11441e+10	3.77147e+10	4.49717e+10	4.15548e+10	3.42233e+10
SRR1734608	1.51681e+10	1.11222e+10	1.12018e+10	2.55626e+10	1.95762e+10	2.81554e+10	4.21575e+10	5.79966e+10	3.87268e+10	4.26235e+10	2.94896e+10	4.44291e+10	1.3138e+10	1.6946e+10	1.30736e+10	2.48667e+10	4.98329e+10	4.54779e+10	5.07793e+10	4.15024e+10
SRR1734609	1.09251e+10	8.36465e+09	8.03623e+09	1.93247e+10	1.42818e+10	2.00806e+10	3.26639e+10	3.87268e+10	3.80374e+10	3.1201e+10	2.24857e+10	3.53136e+10	1.00902e+10	1.34402e+10	1.00073e+10	1.87028e+10	3.9197e+10	3.62423e+10	3.97219e+10	3.13242e+10
SRR1734610	1.21734e+10	8.76168e+09	8.86385e+09	2.02064e+10	1.56166e+10	2.22231e+10	3.53511e+10	4.26235e+10	3.1201e+10	3.67665e+10	2.35116e+10	3.41101e+10	1.021e+10	1.33054e+10	1.02534e+10	1.95681e+10	3.81631e+10	3.75309e+10	4.15103e+10	3.44997e+10
SRR1734611	1.49575e+10	1.16214e+10	1.07963e+10	2.29831e+10	1.86981e+10	2.57248e+10	2.59088e+10	2.94896e+10	2.24857e+10	2.35116e+10	4.69129e+10	2.45844e+10	1.42795e+10	1.70962e+10	1.33094e+10	2.40672e+10	2.77015e+10	2.83236e+10	2.80686e+10	2.29739e+10
SRR1734612	1.19467e+10	8.96726e+09	8.96238e+09	2.08117e+10	1.56261e+10	2.25908e+10	3.37467e+10	4.44291e+10	3.53136e+10	3.41101e+10	2.45844e+10	4.00614e+10	1.09061e+10	1.45067e+10	1.08344e+10	2.05777e+10	4.33088e+10	3.7126e+10	4.19942e+10	3.38351e+10
SRR1734613	1.93479e+10	3.74121e+10	1.62772e+10	1.16836e+10	1.24164e+10	1.34025e+10	1.13735e+10	1.3138e+10	1.00902e+10	1.021e+10	1.42795e+10	1.09061e+10	4.74566e+10	1.93611e+10	1.8076e+10	1.52733e+10	1.22983e+10	1.26253e+10	1.22627e+10	9.8911e+09
SRR1734614	2.24845e+10	1.60556e+10	1.4567e+10	1.41152e+10	1.39841e+10	1.64875e+10	1.43872e+10	1.6946e+10	1.34402e+10	1.33054e+10	1.70962e+10	1.45067e+10	1.93611e+10	5.04985e+10	1.87611e+10	1.83518e+10	1.61815e+10	1.59272e+10	1.6162e+10	1.30694e+10
SRR1734615	1.87066e+10	1.47288e+10	1.4401e+10	1.16427e+10	1.21704e+10	1.31657e+10	1.13149e+10	1.30736e+10	1.00073e+10	1.02534e+10	1.33094e+10	1.08344e+10	1.8076e+10	1.87611e+10	3.74913e+10	1.54359e+10	1.21523e+10	1.24847e+10	1.22545e+10	9.93912e+09
SRR1734616	1.63233e+10	1.23668e+10	1.22236e+10	2.11432e+10	2.24897e+10	2.48085e+10	2.11441e+10	2.48667e+10	1.87028e+10	1.95681e+10	2.40672e+10	2.05777e+10	1.52733e+10	1.83518e+10	1.54359e+10	4.96301e+10	2.31122e+10	2.32251e+10	2.32613e+10	1.90332e+10
SRR1734617	1.34261e+10	1.00854e+10	1.00408e+10	2.32779e+10	1.74551e+10	2.53829e+10	3.77147e+10	4.98329e+10	3.9197e+10	3.81631e+10	2.77015e+10	4.33088e+10	1.22983e+10	1.61815e+10	1.21523e+10	2.31122e+10	5.09951e+10	4.15389e+10	4.68477e+10	3.77465e+10
SRR1734618	1.42743e+10	1.05752e+10	1.0382e+10	2.40347e+10	1.86393e+10	2.58844e+10	4.49717e+10	4.54779e+10	3.62423e+10	3.75309e+10	2.83236e+10	3.7126e+10	1.26253e+10	1.59272e+10	1.24847e+10	2.32251e+10	4.15389e+10	5.07651e+10	4.48127e+10	3.6261e+10
SRR1734619	1.43076e+10	1.05203e+10	1.04322e+10	2.42578e+10	1.84163e+10	2.63363e+10	4.15548e+10	5.07793e+10	3.97219e+10	4.15103e+10	2.80686e+10	4.19942e+10	1.22627e+10	1.6162e+10	1.22545e+10	2.32613e+10	4.68477e+10	4.48127e+10	5.22596e+10	4.10331e+10
SRR1734620	1.18501e+10	8.5691e+09	8.6653e+09	1.97485e+10	1.52809e+10	2.17192e+10	3.42233e+10	4.15024e+10	3.13242e+10	3.44997e+10	2.29739e+10	3.38351e+10	9.8911e+09	1.30694e+10	9.93912e+09	1.90332e+10	3.77465e+10	3.6261e+10	4.10331e+10	3.55473e+10
