	SRR1734599	SRR1734600	SRR1734601	SRR1734602	SRR1734603	SRR1734604	SRR1734607	SRR1734608	SRR1734609	SRR1734610	SRR1734611	SRR1734612	SRR1734613	SRR1734614	SRR1734615	SRR1734616	SRR1734617	SRR1734618	SRR1734619	SRR1734620
SRR1734599	0	0.910497	0.965856	0.959253	0.943113	0.962397	0.955161	0.966222	0.999684	0.952464	0.970423	0.976622	0.931633	0.904591	0.908186	0.968456	0.983634	0.963597	0.966369	0.957135
SRR1734600	0.910497	0	0.914712	0.954655	0.93401	0.961807	0.957134	0.966276	0.980532	0.955189	0.963072	0.964108	0.320394	0.93034	0.907733	0.965335	0.973523	0.960133	0.963559	0.956991
SRR1734601	0.965856	0.914712	0	0.989721	0.978415	0.99238	0.991595	0.996191	1.02009	0.98397	1.00155	0.997361	0.931664	0.976982	0.935775	0.994612	1.00636	0.994046	0.997718	0.986734
SRR1734602	0.959253	0.954655	0.989721	0	0.807589	0.749894	0.742415	0.752947	0.785526	0.74316	0.770576	0.754662	0.969641	0.951505	0.952629	0.825601	0.767049	0.745648	0.748061	0.747875
SRR1734603	0.943113	0.93401	0.978415	0.807589	0	0.811174	0.813871	0.830776	0.868592	0.816577	0.830448	0.836841	0.951134	0.94479	0.93362	0.774485	0.849725	0.821548	0.831288	0.819341
SRR1734604	0.962397	0.961807	0.99238	0.749894	0.811174	0	0.766422	0.767899	0.828651	0.761995	0.779199	0.780771	0.973085	0.951633	0.95872	0.810736	0.78936	0.77182	0.772296	0.767338
SRR1734607	0.955161	0.957134	0.991595	0.742415	0.813871	0.766422	0	0.460347	0.5309	0.380103	0.748521	0.503367	0.97543	0.954913	0.961744	0.842622	0.519591	0.257338	0.411938	0.409404
SRR1734608	0.966222	0.966276	0.996191	0.752947	0.830776	0.767899	0.460347	0	0.517107	0.346414	0.75766	0.355139	0.977242	0.953248	0.965622	0.838997	0.364132	0.462556	0.343076	0.369423
SRR1734609	0.999684	0.980532	1.02009	0.785526	0.868592	0.828651	0.5309	0.517107	0	0.49728	0.790744	0.361567	0.989726	0.950846	0.977185	0.868259	0.39966	0.504434	0.40813	0.468415
SRR1734610	0.952464	0.955189	0.98397	0.74316	0.816577	0.761995	0.380103	0.346414	0.49728	0	0.752894	0.403612	0.975568	0.94951	0.959138	0.838317	0.424932	0.41991	0.29531	0.26742
SRR1734611	0.970423	0.963072	1.00155	0.770576	0.830448	0.779199	0.748521	0.75766	0.790744	0.752894	0	0.749604	0.959493	0.94184	0.956061	0.825898	0.755677	0.742003	0.756474	0.758875
SRR1734612	0.976622	0.964108	0.997361	0.754662	0.836841	0.780771	0.503367	0.355139	0.361567	0.403612	0.749604	0	0.969485	0.933761	0.956696	0.83297	0.25884	0.48468	0.349684	0.388414
SRR1734613	0.931633	0.320394	0.931664	0.969641	0.951134	0.973085	0.97543	0.977242	0.989726	0.975568	0.959493	0.969485	0	0.931552	0.902663	0.960358	0.975641	0.968473	0.980408	0.980952
SRR1734614	0.904591	0.93034	0.976982	0.951505	0.94479	0.951633	0.954913	0.953248	0.950846	0.94951	0.94184	0.933761	0.931552	0	0.910672	0.940645	0.942684	0.948209	0.947589	0.951266
SRR1734615	0.908186	0.907733	0.935775	0.952629	0.93362	0.95872	0.961744	0.965622	0.977185	0.959138	0.956061	0.956696	0.902663	0.910672	0	0.939859	0.965229	0.957484	0.967693	0.965106
SRR1734616	0.968456	0.965335	0.994612	0.825601	0.774485	0.810736	0.842622	0.838997	0.868259	0.838317	0.825898	0.83297	0.960358	0.940645	0.939859	0	0.840066	0.834744	0.844277	0.845287
SRR1734617	0.983634	0.973523	1.00636	0.767049	0.849725	0.78936	0.519591	0.364132	0.39966	0.424932	0.755677	0.25884	0.975641	0.942684	0.965229	0.840066	0	0.497058	0.373364	0.416649
SRR1734618	0.963597	0.960133	0.994046	0.745648	0.821548	0.77182	0.257338	0.462556	0.504434	0.41991	0.742003	0.48468	0.968473	0.948209	0.957484	0.834744	0.497058	0	0.418279	0.44998
SRR1734619	0.966369	0.963559	0.997718	0.748061	0.831288	0.772296	0.411938	0.343076	0.40813	0.29531	0.756474	0.349684	0.980408	0.947589	0.967693	0.844277	0.373364	0.418279	0	0.284271
SRR1734620	0.957135	0.956991	0.986734	0.747875	0.819341	0.767338	0.409404	0.369423	0.468415	0.26742	0.758875	0.388414	0.980952	0.951266	0.965106	0.845287	0.416649	0.44998	0.284271	0
