	A-1_10x	A-2_10x	A-3_10x	A-4_10x	B-1_10x	B-2_10x	B-3_10x	B-4_10x	C-1_10x	C-2_10x	C-3_10x	C-4_10x	D-1_10x	D-2_10x	D-3_10x	D-4_10x
A-1_10x	5.827e+07	5.03302e+07	5.04402e+07	5.02673e+07	4.84096e+07	4.83991e+07	4.83716e+07	4.83323e+07	4.4827e+07	4.47973e+07	4.48846e+07	4.47324e+07	4.1401e+07	4.13902e+07	4.13431e+07	4.13576e+07
A-2_10x	5.03302e+07	5.8405e+07	5.03878e+07	5.02442e+07	4.83491e+07	4.83468e+07	4.84292e+07	4.83735e+07	4.49344e+07	4.49686e+07	4.48767e+07	4.47856e+07	4.13969e+07	4.14199e+07	4.14068e+07	4.14075e+07
A-3_10x	5.04402e+07	5.03878e+07	5.83728e+07	5.03379e+07	4.84103e+07	4.84041e+07	4.8449e+07	4.82933e+07	4.48437e+07	4.47221e+07	4.48242e+07	4.47778e+07	4.13505e+07	4.12949e+07	4.13907e+07	4.13715e+07
A-4_10x	5.02673e+07	5.02442e+07	5.03379e+07	5.82247e+07	4.82756e+07	4.8351e+07	4.83677e+07	4.84468e+07	4.47858e+07	4.47632e+07	4.48003e+07	4.48025e+07	4.13748e+07	4.13225e+07	4.14318e+07	4.13203e+07
B-1_10x	4.84096e+07	4.83491e+07	4.84103e+07	4.82756e+07	5.82565e+07	5.02605e+07	5.03463e+07	5.03134e+07	4.48362e+07	4.48161e+07	4.48152e+07	4.47519e+07	4.14297e+07	4.13307e+07	4.13641e+07	4.14196e+07
B-2_10x	4.83991e+07	4.83468e+07	4.84041e+07	4.8351e+07	5.02605e+07	5.82949e+07	5.04417e+07	5.04083e+07	4.48277e+07	4.48263e+07	4.49232e+07	4.48057e+07	4.14775e+07	4.1393e+07	4.13618e+07	4.15214e+07
B-3_10x	4.83716e+07	4.84292e+07	4.8449e+07	4.83677e+07	5.03463e+07	5.04417e+07	5.82973e+07	5.0288e+07	4.4747e+07	4.48287e+07	4.47638e+07	4.47944e+07	4.13044e+07	4.12561e+07	4.1189e+07	4.13387e+07
B-4_10x	4.83323e+07	4.83735e+07	4.82933e+07	4.84468e+07	5.03134e+07	5.04083e+07	5.0288e+07	5.83436e+07	4.47775e+07	4.47416e+07	4.48628e+07	4.4842e+07	4.1402e+07	4.12463e+07	4.12626e+07	4.13393e+07
C-1_10x	4.4827e+07	4.49344e+07	4.48437e+07	4.47858e+07	4.48362e+07	4.48277e+07	4.4747e+07	4.47775e+07	5.82639e+07	5.0379e+07	5.0252e+07	5.02981e+07	4.1331e+07	4.13614e+07	4.12775e+07	4.12623e+07
C-2_10x	4.47973e+07	4.49686e+07	4.47221e+07	4.47632e+07	4.48161e+07	4.48263e+07	4.48287e+07	4.47416e+07	5.0379e+07	5.85515e+07	5.02653e+07	5.02931e+07	4.13554e+07	4.12849e+07	4.13011e+07	4.12729e+07
C-3_10x	4.48846e+07	4.48767e+07	4.48242e+07	4.48003e+07	4.48152e+07	4.49232e+07	4.47638e+07	4.48628e+07	5.0252e+07	5.02653e+07	5.84388e+07	5.02914e+07	4.13519e+07	4.13242e+07	4.13281e+07	4.14351e+07
C-4_10x	4.47324e+07	4.47856e+07	4.47778e+07	4.48025e+07	4.47519e+07	4.48057e+07	4.47944e+07	4.4842e+07	5.02981e+07	5.02931e+07	5.02914e+07	5.83819e+07	4.11961e+07	4.1266e+07	4.11595e+07	4.12491e+07
D-1_10x	4.1401e+07	4.13969e+07	4.13505e+07	4.13748e+07	4.14297e+07	4.14775e+07	4.13044e+07	4.1402e+07	4.1331e+07	4.13554e+07	4.13519e+07	4.11961e+07	5.83778e+07	5.03229e+07	5.03459e+07	5.04618e+07
D-2_10x	4.13902e+07	4.14199e+07	4.12949e+07	4.13225e+07	4.13307e+07	4.1393e+07	4.12561e+07	4.12463e+07	4.13614e+07	4.12849e+07	4.13242e+07	4.1266e+07	5.03229e+07	5.83693e+07	5.03352e+07	5.04082e+07
D-3_10x	4.13431e+07	4.14068e+07	4.13907e+07	4.14318e+07	4.13641e+07	4.13618e+07	4.1189e+07	4.12626e+07	4.12775e+07	4.13011e+07	4.13281e+07	4.11595e+07	5.03459e+07	5.03352e+07	5.82281e+07	5.03559e+07
D-4_10x	4.13576e+07	4.14075e+07	4.13715e+07	4.13203e+07	4.14196e+07	4.15214e+07	4.13387e+07	4.13393e+07	4.12623e+07	4.12729e+07	4.14351e+07	4.12491e+07	5.04618e+07	5.04082e+07	5.03559e+07	5.8487e+07
