	A-1_10x	A-2_10x	A-3_10x	A-4_10x	B-1_10x	B-2_10x	B-3_10x	B-4_10x	C-1_10x	C-2_10x	C-3_10x	C-4_10x	D-1_10x	D-2_10x	D-3_10x	D-4_10x
A-1_10x	0	0.548413	0.545125	0.549746	0.751022	0.75097	0.749076	0.753866	1.04792	1.04836	1.04808	1.04876	1.24773	1.24915	1.24706	1.24877
A-2_10x	0.548413	0	0.550555	0.548085	0.754107	0.75323	0.750503	0.752425	1.04712	1.04732	1.0483	1.04838	1.24723	1.24766	1.24621	1.24755
A-3_10x	0.545125	0.550555	0	0.547943	0.752581	0.751764	0.749785	0.753618	1.04775	1.05042	1.04843	1.04942	1.24737	1.24908	1.24604	1.24787
A-4_10x	0.549746	0.548085	0.547943	0	0.752867	0.751613	0.747565	0.747759	1.04834	1.05001	1.04943	1.04894	1.24763	1.24844	1.24539	1.2483
B-1_10x	0.751022	0.754107	0.752581	0.752867	0	0.547978	0.546715	0.54474	1.04542	1.04788	1.0477	1.04685	1.24255	1.24483	1.24151	1.24309
B-2_10x	0.75097	0.75323	0.751764	0.751613	0.547978	0	0.543034	0.545946	1.04682	1.04829	1.04833	1.04835	1.24473	1.24621	1.24299	1.24477
B-3_10x	0.749076	0.750503	0.749785	0.747565	0.546715	0.543034	0	0.550064	1.04623	1.04728	1.04815	1.04758	1.24768	1.24874	1.2461	1.24772
B-4_10x	0.753866	0.752425	0.753618	0.747759	0.54474	0.545946	0.550064	0	1.04695	1.04867	1.04607	1.04641	1.24689	1.24846	1.24674	1.24808
C-1_10x	1.04792	1.04712	1.04775	1.04834	1.04542	1.04682	1.04623	1.04695	0	0.550364	0.552128	0.551408	1.22845	1.22926	1.22749	1.2289
C-2_10x	1.04836	1.04732	1.05042	1.05001	1.04788	1.04829	1.04728	1.04867	0.550364	0	0.554971	0.553784	1.22893	1.22963	1.22822	1.22956
C-3_10x	1.04808	1.0483	1.04843	1.04943	1.0477	1.04833	1.04815	1.04607	0.552128	0.554971	0	0.552369	1.23056	1.23123	1.23023	1.23091
C-4_10x	1.04876	1.04838	1.04942	1.04894	1.04685	1.04835	1.04758	1.04641	0.551408	0.553784	0.552369	0	1.23192	1.231	1.22987	1.23146
D-1_10x	1.24773	1.24723	1.24737	1.24763	1.24255	1.24473	1.24768	1.24689	1.22845	1.22893	1.23056	1.23192	0	0.546186	0.545648	0.543787
D-2_10x	1.24915	1.24766	1.24908	1.24844	1.24483	1.24621	1.24874	1.24846	1.22926	1.22963	1.23123	1.231	0.546186	0	0.546063	0.545063
D-3_10x	1.24706	1.24621	1.24604	1.24539	1.24151	1.24299	1.2461	1.24674	1.22749	1.22822	1.23023	1.22987	0.545648	0.546063	0	0.546514
D-4_10x	1.24877	1.24755	1.24787	1.2483	1.24309	1.24477	1.24772	1.24808	1.2289	1.22956	1.23091	1.23146	0.543787	0.545063	0.546514	0
