	ERR608806	ERR608810	ERR608807	ERR608808	ERR608809	ERR608805	ERR607785	ERR607781	ERR607783	ERR607784	ERR607786	ERR607782	ERR605534	ERR605535	ERR605538	ERR605536	ERR605533	ERR605537	ERR622146	ERR622144	ERR622143	ERR622148	ERR622147	ERR622145	ERR617660	ERR617657	ERR617656	ERR617659	ERR617658	ERR617655	ERR636774	ERR636771	ERR636770	ERR636772	ERR636769	ERR636773	ERR636646	ERR636648	ERR636643	ERR636645	ERR636647	ERR636644	ERR613356	ERR613354	ERR613355	ERR613353	ERR613358	ERR613357	ERR612283	ERR612284	ERR612281	ERR612282	ERR612286	ERR612285	ERR626749	ERR626748	ERR626752	ERR626751	ERR626747	ERR626750	ERR616770	ERR616773	ERR616771	ERR616774	ERR616772	ERR616769	ERR626488	ERR626491	ERR626489	ERR626486	ERR626487	ERR626490	ERR616833	ERR616831	ERR616832	ERR616829	ERR616830	ERR616834	ERR616623	ERR616624	ERR616622	ERR616627	ERR616625	ERR616626	ERR611351	ERR611350	ERR611352	ERR611348	ERR611349	ERR611347	ERR612966	ERR612964	ERR612967	ERR612968	ERR612963	ERR612965
ERR608806	0	0.28707	0.234133	0.285388	0.281173	0.235006	0.303347	0.297191	0.29775	0.342995	0.302885	0.334058	0.466877	0.477373	0.472062	0.471085	0.457617	0.467421	0.367577	0.330565	0.395718	0.376918	0.372002	0.317026	0.338326	0.413138	0.518465	0.337128	0.336429	0.341141	0.280064	0.28431	0.279348	0.28152	0.293538	0.280439	0.312457	0.296582	0.296528	0.343128	0.312221	0.308625	0.400917	0.390262	0.372949	0.358922	0.449646	0.393914	0.642194	0.549818	0.635477	0.640921	0.548259	0.549271	0.484787	0.483296	0.490715	0.48792	0.480238	0.48823	0.399879	0.412039	0.400848	0.412284	0.411947	0.409874	0.481863	0.481693	0.52325	0.483122	0.513636	0.482851	0.421524	0.4003	0.422442	0.405442	0.401532	0.419568	0.415249	0.431779	0.420788	0.39515	0.395144	0.394368	0.390079	0.401179	0.389095	0.390504	0.386596	0.388608	0.452076	0.470892	0.457029	0.454793	0.431091	0.436388
ERR608810	0.28707	0	0.287467	0.231803	0.231665	0.273342	0.302379	0.301728	0.302262	0.294076	0.30449	0.294744	0.468482	0.472649	0.472763	0.472187	0.466105	0.470067	0.330125	0.315296	0.351267	0.33653	0.333053	0.315866	0.37432	0.402381	0.487386	0.375399	0.375729	0.37976	0.291369	0.291979	0.287322	0.292001	0.277935	0.291658	0.290011	0.309644	0.310172	0.292876	0.289879	0.295446	0.390729	0.383161	0.380057	0.380741	0.417149	0.387133	0.657148	0.579982	0.660326	0.656634	0.581036	0.577847	0.519477	0.516603	0.521938	0.519941	0.518278	0.519889	0.411478	0.408286	0.42152	0.406132	0.408425	0.408466	0.494395	0.493161	0.516433	0.495707	0.508681	0.492798	0.403171	0.41734	0.402624	0.409553	0.404145	0.40188	0.400139	0.409834	0.403223	0.396354	0.396761	0.395299	0.401817	0.397766	0.401003	0.387664	0.396226	0.39171	0.459815	0.464774	0.461561	0.461209	0.460879	0.45579
ERR608807	0.234133	0.287467	0	0.285704	0.281333	0.234499	0.300643	0.295686	0.296126	0.340655	0.300196	0.331379	0.466381	0.476754	0.471689	0.470809	0.457445	0.466968	0.365678	0.327691	0.391555	0.374948	0.370045	0.314897	0.336298	0.412189	0.515321	0.334933	0.334136	0.341178	0.277429	0.280838	0.277469	0.278693	0.290813	0.277789	0.31246	0.29597	0.295997	0.340956	0.312279	0.307835	0.400181	0.388163	0.370828	0.357421	0.447405	0.393261	0.647275	0.553827	0.641159	0.646147	0.552103	0.553107	0.483951	0.482125	0.490212	0.487229	0.479408	0.487631	0.398172	0.408617	0.398919	0.409128	0.408663	0.406951	0.481865	0.481032	0.522577	0.483293	0.51264	0.482151	0.418276	0.398605	0.41908	0.402879	0.399836	0.416286	0.414585	0.431346	0.41983	0.393604	0.393599	0.392744	0.388034	0.397798	0.387298	0.389702	0.386219	0.387619	0.451377	0.469431	0.456157	0.454015	0.430297	0.434898
ERR608808	0.285388	0.231803	0.285704	0	0.23135	0.271561	0.3025	0.301244	0.301848	0.294805	0.304066	0.295499	0.468977	0.473419	0.473098	0.472692	0.466375	0.470412	0.33146	0.315721	0.353433	0.337932	0.334325	0.316107	0.373602	0.402607	0.489	0.37482	0.375051	0.378802	0.290798	0.291587	0.286647	0.291544	0.27785	0.291029	0.289549	0.308857	0.309131	0.293977	0.289502	0.295099	0.391058	0.384152	0.380574	0.380634	0.418648	0.387728	0.656448	0.579335	0.659372	0.655914	0.580477	0.577254	0.518807	0.515985	0.52107	0.519294	0.517601	0.519286	0.410807	0.408197	0.42079	0.40598	0.408456	0.407884	0.493856	0.492621	0.516343	0.495177	0.508598	0.492598	0.403305	0.416591	0.402644	0.409006	0.403473	0.402154	0.399649	0.409661	0.40313	0.395691	0.396322	0.394856	0.401255	0.397496	0.400255	0.386757	0.39541	0.390933	0.459311	0.4647	0.461126	0.460973	0.460053	0.455267
ERR608809	0.281173	0.231665	0.281333	0.23135	0	0.267975	0.299284	0.298213	0.299	0.293428	0.301185	0.293464	0.4692	0.473841	0.473528	0.472923	0.466331	0.470558	0.331579	0.314735	0.353207	0.338619	0.334965	0.314132	0.371948	0.403765	0.490038	0.37295	0.373168	0.377812	0.287394	0.288317	0.283629	0.28819	0.27552	0.287712	0.288368	0.306129	0.306599	0.293653	0.288126	0.293194	0.39209	0.38409	0.379937	0.379444	0.420086	0.388266	0.657793	0.579228	0.660398	0.657247	0.58001	0.57722	0.517829	0.515007	0.52038	0.518419	0.516339	0.518441	0.408997	0.406796	0.418604	0.40462	0.407046	0.406515	0.494191	0.49291	0.517756	0.495635	0.509793	0.49273	0.40214	0.414354	0.401647	0.407046	0.401818	0.40085	0.400461	0.411132	0.403977	0.395139	0.395234	0.393948	0.398947	0.395519	0.397976	0.385297	0.393417	0.389124	0.459115	0.465197	0.461138	0.460819	0.458302	0.453863
ERR608805	0.235006	0.273342	0.234499	0.271561	0.267975	0	0.293248	0.288993	0.289361	0.32628	0.293551	0.318046	0.464971	0.474546	0.470438	0.469533	0.456953	0.465988	0.356833	0.320954	0.381768	0.366032	0.361242	0.309812	0.339536	0.408873	0.509408	0.338667	0.338226	0.345223	0.271316	0.273874	0.270523	0.272309	0.28028	0.271612	0.302734	0.291267	0.291412	0.327891	0.302547	0.299029	0.39658	0.38457	0.369235	0.357759	0.440945	0.389904	0.65055	0.558553	0.646004	0.649462	0.557338	0.557679	0.488596	0.486518	0.494347	0.491498	0.484748	0.491828	0.395406	0.404083	0.397951	0.404179	0.404119	0.402196	0.482584	0.481694	0.520725	0.484009	0.5108	0.482584	0.411065	0.396655	0.411693	0.398887	0.395274	0.409288	0.409283	0.425474	0.414348	0.390541	0.390616	0.389622	0.385062	0.392114	0.38421	0.383888	0.382503	0.382839	0.450362	0.46633	0.454723	0.452997	0.432307	0.435248
ERR607785	0.303347	0.302379	0.300643	0.3025	0.299284	0.293248	0	0.238406	0.239188	0.258555	0.238008	0.251704	0.471673	0.47826	0.477462	0.476855	0.466904	0.473288	0.335775	0.302256	0.350179	0.344433	0.339768	0.297865	0.378793	0.430696	0.511579	0.378104	0.378627	0.391291	0.273608	0.272769	0.273004	0.274139	0.272613	0.274397	0.30448	0.30227	0.303043	0.311125	0.304033	0.299345	0.41269	0.397025	0.38686	0.382376	0.442653	0.406744	0.692798	0.603146	0.691081	0.691834	0.602125	0.601657	0.528036	0.524483	0.534022	0.530735	0.52446	0.530977	0.413435	0.413951	0.418542	0.413842	0.414241	0.41246	0.517825	0.515218	0.547595	0.51909	0.53813	0.515214	0.415267	0.414681	0.415321	0.410383	0.410034	0.414142	0.437752	0.452788	0.441667	0.42123	0.421429	0.419592	0.396477	0.394456	0.395945	0.394019	0.396713	0.393853	0.484178	0.492968	0.487295	0.486291	0.469307	0.468505
ERR607781	0.297191	0.301728	0.295686	0.301244	0.298213	0.288993	0.238406	0	0.236171	0.264989	0.239582	0.256498	0.469229	0.476679	0.4748	0.474287	0.463522	0.470777	0.337622	0.303391	0.356501	0.346404	0.341679	0.296815	0.375682	0.429416	0.516025	0.375047	0.375394	0.385481	0.272449	0.273218	0.271257	0.273502	0.273785	0.273092	0.303261	0.299757	0.299951	0.315109	0.302809	0.298598	0.410311	0.396415	0.385355	0.37884	0.444618	0.404215	0.68393	0.594821	0.68133	0.682779	0.594005	0.593645	0.523624	0.520323	0.529289	0.526017	0.519635	0.526285	0.411994	0.415704	0.416507	0.415586	0.415878	0.413375	0.513544	0.512084	0.545692	0.514743	0.536224	0.512317	0.417865	0.412906	0.418072	0.410399	0.408923	0.416477	0.436432	0.45127	0.44064	0.419833	0.420111	0.418473	0.395613	0.396749	0.395144	0.392422	0.393935	0.392273	0.48144	0.491864	0.484902	0.483681	0.465831	0.466266
ERR607783	0.29775	0.302262	0.296126	0.301848	0.299	0.289361	0.239188	0.236171	0	0.265761	0.240253	0.257558	0.469713	0.477039	0.475237	0.474601	0.464233	0.471125	0.338314	0.304049	0.357206	0.346859	0.342168	0.297352	0.376257	0.429846	0.516385	0.37567	0.376011	0.385609	0.273553	0.274351	0.272345	0.274659	0.275007	0.274356	0.303613	0.300212	0.30058	0.315876	0.303297	0.299101	0.41114	0.397544	0.386318	0.37972	0.445315	0.40513	0.684231	0.595136	0.681498	0.683044	0.594188	0.593944	0.524117	0.521044	0.5298	0.526622	0.520177	0.526904	0.413009	0.416937	0.417605	0.416755	0.417109	0.41462	0.514274	0.512776	0.546504	0.515544	0.53714	0.513078	0.419379	0.414044	0.419428	0.411536	0.409982	0.417807	0.43708	0.45214	0.441451	0.420692	0.421222	0.419325	0.396738	0.39804	0.396223	0.393428	0.395043	0.393368	0.482147	0.492632	0.485551	0.484277	0.466268	0.466867
ERR607784	0.342995	0.294076	0.340655	0.294805	0.293428	0.32628	0.258555	0.264989	0.265761	0	0.262335	0.23323	0.501462	0.503686	0.506601	0.506386	0.501161	0.503758	0.339423	0.319286	0.341767	0.34573	0.34274	0.323684	0.428849	0.456152	0.515384	0.429196	0.430094	0.442331	0.298495	0.29472	0.295034	0.298478	0.279499	0.299208	0.309181	0.327425	0.32809	0.294466	0.308914	0.308066	0.437922	0.42236	0.419965	0.42234	0.450532	0.434053	0.723747	0.640567	0.726259	0.72307	0.640542	0.638495	0.570087	0.565854	0.574831	0.57186	0.568104	0.571874	0.43039	0.42198	0.441113	0.420949	0.422752	0.420889	0.547617	0.544465	0.566629	0.548928	0.558027	0.543692	0.413105	0.433944	0.41219	0.421054	0.420484	0.412691	0.446595	0.459145	0.449579	0.437555	0.437844	0.435511	0.411924	0.398691	0.411577	0.400051	0.410501	0.403708	0.506969	0.507367	0.508388	0.508457	0.499814	0.494784
ERR607786	0.302885	0.30449	0.300196	0.304066	0.301185	0.293551	0.238008	0.239582	0.240253	0.262335	0	0.255246	0.471465	0.478392	0.476922	0.476534	0.466467	0.472803	0.337221	0.303493	0.352905	0.345855	0.341272	0.298494	0.377668	0.430839	0.512965	0.376933	0.377444	0.389712	0.274535	0.274044	0.274058	0.275184	0.274569	0.275272	0.305421	0.302404	0.302994	0.313698	0.305137	0.300289	0.412846	0.397764	0.387028	0.38195	0.443938	0.406828	0.69153	0.6019	0.689587	0.6905	0.600728	0.600464	0.527375	0.523943	0.53334	0.529993	0.523696	0.530187	0.41458	0.415907	0.419272	0.415861	0.41618	0.41443	0.517938	0.515339	0.548266	0.519108	0.538826	0.515484	0.41747	0.415542	0.417759	0.411964	0.41128	0.416275	0.439188	0.454264	0.443103	0.4224	0.422603	0.420739	0.397677	0.396694	0.397197	0.39559	0.397758	0.395322	0.484629	0.49404	0.487818	0.48656	0.469219	0.468838
ERR607782	0.334058	0.294744	0.331379	0.295499	0.293464	0.318046	0.251704	0.256498	0.257558	0.23323	0.255246	0	0.494639	0.497569	0.499949	0.499857	0.493676	0.496687	0.336608	0.313115	0.33893	0.343324	0.340013	0.316454	0.417636	0.449874	0.510893	0.41782	0.418636	0.43212	0.290704	0.286682	0.287624	0.290328	0.27392	0.290995	0.307612	0.321399	0.321981	0.295166	0.307181	0.304687	0.431738	0.415092	0.411298	0.413073	0.446222	0.427434	0.720745	0.635225	0.722635	0.720094	0.635003	0.633247	0.559931	0.555748	0.56526	0.562005	0.557851	0.562068	0.423897	0.416554	0.433878	0.415691	0.41718	0.415305	0.540373	0.537293	0.561208	0.541718	0.551877	0.536571	0.409369	0.427001	0.408373	0.415116	0.415159	0.408725	0.442352	0.455741	0.445515	0.431807	0.432067	0.429582	0.405788	0.39358	0.405468	0.396381	0.405339	0.399159	0.50079	0.502121	0.502493	0.502364	0.492032	0.487433
ERR605534	0.466877	0.468482	0.466381	0.468977	0.4692	0.464971	0.471673	0.469229	0.469713	0.501462	0.471465	0.494639	0	0.277918	0.276964	0.276923	0.275053	0.276237	0.41339	0.432778	0.438784	0.413483	0.413106	0.436939	0.409121	0.392663	0.471497	0.411587	0.411539	0.407455	0.460959	0.464014	0.462658	0.462247	0.467092	0.461189	0.477933	0.474257	0.475362	0.489175	0.47778	0.478128	0.374355	0.380966	0.388683	0.398892	0.386555	0.376354	0.628608	0.586053	0.639278	0.628523	0.588667	0.582609	0.519255	0.517428	0.517323	0.517848	0.521236	0.516953	0.551815	0.555551	0.553437	0.554174	0.554549	0.556339	0.50927	0.508684	0.515611	0.508907	0.512127	0.508171	0.561905	0.554424	0.561656	0.556533	0.554195	0.560367	0.524152	0.519311	0.522174	0.534146	0.53507	0.534443	0.552574	0.559805	0.551921	0.553389	0.552156	0.552452	0.522835	0.51933	0.520688	0.521443	0.54545	0.537147
ERR605535	0.477373	0.472649	0.476754	0.473419	0.473841	0.474546	0.47826	0.476679	0.477039	0.503686	0.478392	0.497569	0.277918	0	0.27934	0.278955	0.28212	0.279096	0.412164	0.436404	0.435089	0.411136	0.411678	0.443046	0.416834	0.390725	0.462458	0.419786	0.419543	0.415736	0.469352	0.471279	0.470175	0.470596	0.472904	0.469389	0.483392	0.482395	0.483161	0.492034	0.483434	0.484015	0.377426	0.384219	0.395276	0.407688	0.381525	0.380196	0.634892	0.595717	0.647113	0.634908	0.598702	0.592192	0.525426	0.523406	0.52269	0.523397	0.528162	0.522378	0.559179	0.561405	0.56169	0.559824	0.560365	0.562636	0.513619	0.51262	0.514887	0.513157	0.51201	0.511868	0.566379	0.562135	0.566094	0.563124	0.560778	0.564932	0.527456	0.521239	0.52461	0.540416	0.541319	0.540579	0.559874	0.565188	0.559174	0.559798	0.559386	0.559353	0.527734	0.520774	0.524863	0.526038	0.553633	0.544001
ERR605538	0.472062	0.472763	0.471689	0.473098	0.473528	0.470438	0.477462	0.4748	0.475237	0.506601	0.476922	0.499949	0.276964	0.27934	0	0.27519	0.277778	0.275356	0.416415	0.437343	0.443184	0.416427	0.416522	0.441838	0.41339	0.394562	0.472898	0.416088	0.415792	0.410627	0.467377	0.469939	0.468277	0.46867	0.47277	0.467504	0.481927	0.479137	0.47985	0.494471	0.481871	0.482864	0.378628	0.386535	0.39465	0.404419	0.39032	0.38078	0.630065	0.589476	0.640693	0.629988	0.592272	0.586168	0.522821	0.521386	0.520136	0.520987	0.525211	0.520009	0.55812	0.562421	0.559751	0.560995	0.561355	0.563538	0.513259	0.512771	0.518751	0.512892	0.515341	0.512301	0.568697	0.56052	0.568442	0.563282	0.560246	0.566912	0.529027	0.523772	0.526798	0.53973	0.540599	0.539998	0.558861	0.566628	0.558042	0.559533	0.558001	0.558586	0.526921	0.523467	0.524749	0.52563	0.550087	0.541876
ERR605536	0.471085	0.472187	0.470809	0.472692	0.472923	0.469533	0.476855	0.474287	0.474601	0.506386	0.476534	0.499857	0.276923	0.278955	0.27519	0	0.277195	0.275243	0.416446	0.437241	0.443435	0.416648	0.416476	0.44111	0.412725	0.394694	0.474136	0.41537	0.414869	0.409739	0.466606	0.469339	0.467487	0.468032	0.472238	0.466748	0.48126	0.478247	0.479038	0.49409	0.481236	0.482064	0.377972	0.38595	0.393947	0.403442	0.390388	0.379959	0.629026	0.587871	0.63967	0.628802	0.590646	0.584675	0.522081	0.520542	0.519525	0.520149	0.524354	0.519278	0.557209	0.561815	0.558896	0.560307	0.560679	0.563003	0.512666	0.512239	0.518418	0.512307	0.515188	0.511756	0.568147	0.559697	0.567958	0.562519	0.559423	0.566329	0.528261	0.523059	0.526367	0.538893	0.539895	0.539231	0.558194	0.566073	0.557369	0.558584	0.557162	0.557722	0.525923	0.522512	0.523792	0.5244	0.549104	0.540908
ERR605533	0.457617	0.466105	0.457445	0.466375	0.466331	0.456953	0.466904	0.463522	0.464233	0.501161	0.466467	0.493676	0.275053	0.28212	0.277778	0.277195	0	0.276167	0.415136	0.430063	0.44322	0.416193	0.415281	0.431896	0.401897	0.394898	0.480449	0.404269	0.403685	0.399238	0.454955	0.458393	0.456589	0.456505	0.463134	0.454998	0.473634	0.467534	0.468348	0.488792	0.47345	0.473529	0.373836	0.380504	0.385039	0.391936	0.393186	0.374772	0.624854	0.578739	0.633232	0.624433	0.581174	0.575768	0.514201	0.512743	0.512525	0.512876	0.515385	0.512176	0.547017	0.552974	0.547809	0.55173	0.551911	0.553569	0.506849	0.506703	0.517596	0.506583	0.513816	0.506404	0.560766	0.549263	0.560604	0.552948	0.550142	0.558863	0.522556	0.518908	0.521038	0.530138	0.530965	0.530483	0.547834	0.557227	0.547074	0.549433	0.547009	0.54814	0.51944	0.518843	0.518141	0.518277	0.538763	0.531854
ERR605537	0.467421	0.470067	0.466968	0.470412	0.470558	0.465988	0.473288	0.470777	0.471125	0.503758	0.472803	0.496687	0.276237	0.279096	0.275356	0.275243	0.276167	0	0.415131	0.434171	0.441561	0.415436	0.415059	0.437982	0.40958	0.394041	0.473958	0.412075	0.411495	0.407285	0.46284	0.465445	0.464024	0.464246	0.468907	0.462989	0.478816	0.475057	0.475914	0.491516	0.478787	0.479325	0.376478	0.383673	0.39101	0.400117	0.389758	0.378607	0.629658	0.587452	0.639922	0.629708	0.590068	0.584366	0.520896	0.519138	0.518467	0.51918	0.522822	0.518196	0.554334	0.558752	0.555885	0.557337	0.55773	0.559901	0.511907	0.511167	0.518434	0.51147	0.514946	0.510869	0.565342	0.556881	0.565127	0.559687	0.556872	0.56363	0.526747	0.521981	0.524686	0.536376	0.537307	0.536687	0.555181	0.562996	0.554434	0.556151	0.554481	0.555191	0.524559	0.521652	0.522523	0.523263	0.546662	0.538802
ERR622146	0.367577	0.330125	0.365678	0.33146	0.331579	0.356833	0.335775	0.337622	0.338314	0.339423	0.337221	0.336608	0.41339	0.412164	0.416415	0.416446	0.415136	0.415131	0	0.275083	0.280226	0.263459	0.262161	0.285653	0.361608	0.360062	0.431866	0.363689	0.364393	0.37021	0.344247	0.34286	0.342684	0.345111	0.33509	0.344572	0.340902	0.353074	0.353946	0.335961	0.340391	0.342978	0.370721	0.364899	0.370724	0.379849	0.3771	0.370157	0.666542	0.595634	0.673197	0.666128	0.597007	0.592739	0.512215	0.508979	0.513534	0.512187	0.512851	0.511795	0.463124	0.459139	0.470673	0.457077	0.458971	0.459951	0.496387	0.494059	0.507568	0.497155	0.50114	0.493097	0.455594	0.466398	0.454953	0.46039	0.457992	0.454427	0.441933	0.444664	0.441858	0.448035	0.44871	0.447214	0.457475	0.453599	0.456805	0.451304	0.456696	0.453389	0.482404	0.478103	0.48158	0.482586	0.494923	0.485859
ERR622144	0.330565	0.315296	0.327691	0.315721	0.314735	0.320954	0.302256	0.303391	0.304049	0.319286	0.303493	0.313115	0.432778	0.436404	0.437343	0.437241	0.430063	0.434171	0.275083	0	0.291773	0.282115	0.277975	0.254217	0.349544	0.385795	0.467617	0.349655	0.350253	0.36151	0.309327	0.307839	0.308488	0.309989	0.305347	0.309539	0.317311	0.320542	0.321395	0.319868	0.316954	0.315655	0.382184	0.36933	0.364702	0.365317	0.405007	0.378213	0.680672	0.593497	0.681233	0.679867	0.593215	0.591375	0.509781	0.506248	0.514502	0.511949	0.507598	0.511642	0.437665	0.436797	0.443664	0.435605	0.436759	0.436428	0.50186	0.499164	0.526321	0.503082	0.517375	0.498936	0.436479	0.439737	0.436279	0.435576	0.434082	0.435085	0.43653	0.447253	0.438953	0.429639	0.430244	0.428674	0.430725	0.428923	0.430076	0.427974	0.431035	0.428788	0.476947	0.481607	0.478852	0.478566	0.47292	0.468762
ERR622143	0.395718	0.351267	0.391555	0.353433	0.353207	0.381768	0.350179	0.356501	0.357206	0.341767	0.352905	0.33893	0.438784	0.435089	0.443184	0.443435	0.44322	0.441561	0.280226	0.291773	0	0.279621	0.279773	0.308999	0.389597	0.383368	0.419851	0.391573	0.392851	0.406257	0.360897	0.356096	0.360131	0.360637	0.346137	0.361065	0.361961	0.375471	0.376955	0.34196	0.361538	0.361183	0.401291	0.387478	0.395753	0.408649	0.387286	0.40077	0.709262	0.63511	0.716686	0.70906	0.635972	0.631791	0.536178	0.531918	0.539233	0.537514	0.537895	0.536943	0.475028	0.463876	0.484537	0.46185	0.463999	0.464941	0.520584	0.515956	0.524884	0.521686	0.517187	0.514226	0.455522	0.478779	0.454124	0.467365	0.468316	0.455083	0.456326	0.459914	0.455563	0.46269	0.463087	0.461215	0.468713	0.456131	0.468095	0.4638	0.471453	0.46591	0.502169	0.490508	0.500228	0.501782	0.513492	0.50221
ERR622148	0.376918	0.33653	0.374948	0.337932	0.338619	0.366032	0.344433	0.346404	0.346859	0.34573	0.345855	0.343324	0.413483	0.411136	0.416427	0.416648	0.416193	0.415436	0.263459	0.282115	0.279621	0	0.263235	0.294169	0.366607	0.357971	0.426438	0.368982	0.369815	0.374628	0.353047	0.3514	0.351326	0.353531	0.343149	0.353305	0.348087	0.361539	0.362302	0.341634	0.347566	0.350617	0.373116	0.367867	0.375556	0.385644	0.37513	0.372917	0.6668	0.598374	0.674458	0.666515	0.600136	0.595311	0.514278	0.510884	0.51508	0.514001	0.515263	0.513466	0.46905	0.464044	0.47685	0.461898	0.463837	0.465016	0.496837	0.494493	0.505174	0.497647	0.498981	0.493496	0.459469	0.472115	0.458944	0.465556	0.463273	0.458365	0.443942	0.445191	0.443617	0.452549	0.453272	0.451682	0.463429	0.458711	0.462885	0.456753	0.462626	0.45909	0.484735	0.47825	0.48338	0.484576	0.500147	0.490128
ERR622147	0.372002	0.333053	0.370045	0.334325	0.334965	0.361242	0.339768	0.341679	0.342168	0.34274	0.341272	0.340013	0.413106	0.411678	0.416522	0.416476	0.415281	0.415059	0.262161	0.277975	0.279773	0.263235	0	0.289159	0.36329	0.358314	0.42905	0.365297	0.36621	0.371577	0.348412	0.346936	0.346753	0.349114	0.339161	0.348738	0.344576	0.357162	0.35794	0.338959	0.344145	0.346621	0.370959	0.365359	0.371867	0.381549	0.375492	0.370299	0.665887	0.596096	0.672704	0.665315	0.597627	0.592972	0.512641	0.509323	0.513885	0.51256	0.513418	0.512148	0.46614	0.461482	0.473767	0.459531	0.461441	0.462581	0.496207	0.493754	0.505936	0.497015	0.499689	0.492911	0.457818	0.469366	0.457152	0.463272	0.4608	0.45658	0.442671	0.444543	0.442303	0.449933	0.450698	0.449436	0.460538	0.456285	0.459821	0.454127	0.459649	0.456358	0.483208	0.477894	0.482273	0.483227	0.497109	0.487579
ERR622145	0.317026	0.315866	0.314897	0.316107	0.314132	0.309812	0.297865	0.296815	0.297352	0.323684	0.298494	0.316454	0.436939	0.443046	0.441838	0.44111	0.431896	0.437982	0.285653	0.254217	0.308999	0.294169	0.289159	0	0.344722	0.393268	0.483692	0.344085	0.34481	0.354544	0.302638	0.302453	0.301646	0.303776	0.30328	0.302929	0.313396	0.311479	0.311975	0.324031	0.313046	0.311106	0.385158	0.372912	0.364023	0.360307	0.41712	0.379886	0.676494	0.585165	0.674672	0.67529	0.584594	0.583658	0.506921	0.503841	0.512084	0.509248	0.503661	0.509198	0.433717	0.4369	0.438156	0.436118	0.436811	0.435967	0.502302	0.500361	0.532042	0.503444	0.523093	0.500773	0.43879	0.434647	0.438952	0.433326	0.431062	0.437258	0.438815	0.451	0.442149	0.428131	0.428683	0.427138	0.426931	0.428798	0.426204	0.425264	0.426159	0.425227	0.476102	0.485081	0.478974	0.478273	0.466634	0.465237
ERR617660	0.338326	0.37432	0.336298	0.373602	0.371948	0.339536	0.378793	0.375682	0.376257	0.428849	0.377668	0.417636	0.409121	0.416834	0.41339	0.412725	0.401897	0.40958	0.361608	0.349544	0.389597	0.366607	0.36329	0.344722	0	0.320888	0.437072	0.262905	0.262717	0.269613	0.347491	0.350449	0.350474	0.348731	0.362887	0.347459	0.378543	0.361343	0.362288	0.402411	0.378205	0.375595	0.363234	0.358151	0.348603	0.344464	0.400824	0.359072	0.616974	0.540473	0.617164	0.616194	0.540088	0.538242	0.445985	0.444334	0.449173	0.447842	0.444734	0.447346	0.453742	0.46184	0.453576	0.461377	0.461025	0.46262	0.449966	0.448178	0.477997	0.450725	0.470192	0.44907	0.472551	0.455014	0.473174	0.460996	0.458235	0.470497	0.435422	0.441547	0.436892	0.430805	0.431613	0.431437	0.45663	0.46743	0.455552	0.462775	0.458175	0.460308	0.451702	0.460934	0.453302	0.452614	0.453987	0.451254
ERR617657	0.413138	0.402381	0.412189	0.402607	0.403765	0.408873	0.430696	0.429416	0.429846	0.456152	0.430839	0.449874	0.392663	0.390725	0.394562	0.394694	0.394898	0.394041	0.360062	0.385795	0.383368	0.357971	0.358314	0.393268	0.320888	0	0.371272	0.324983	0.325577	0.32	0.409141	0.410989	0.409929	0.410024	0.411353	0.409185	0.419052	0.420268	0.420973	0.42856	0.418806	0.421228	0.36322	0.368667	0.379763	0.390717	0.366215	0.365386	0.609222	0.566441	0.622242	0.609398	0.569465	0.562485	0.470315	0.468913	0.466846	0.467984	0.475067	0.466671	0.504296	0.505605	0.50856	0.503748	0.504932	0.506704	0.456351	0.455458	0.453567	0.456531	0.450561	0.454496	0.50902	0.507996	0.508422	0.507544	0.504288	0.507281	0.455354	0.44853	0.453038	0.473426	0.47423	0.473838	0.507594	0.511631	0.506544	0.505833	0.506849	0.506257	0.475871	0.466142	0.472278	0.474139	0.506323	0.4949
ERR617656	0.518465	0.487386	0.515321	0.489	0.490038	0.509408	0.511579	0.516025	0.516385	0.515384	0.512965	0.510893	0.471497	0.462458	0.472898	0.474136	0.480449	0.473958	0.431866	0.467617	0.419851	0.426438	0.42905	0.483692	0.437072	0.371272	0	0.440955	0.442234	0.446954	0.498388	0.495639	0.499114	0.498062	0.490793	0.498311	0.50568	0.513252	0.514637	0.492784	0.505223	0.506321	0.45777	0.45593	0.473819	0.492445	0.418674	0.461681	0.704829	0.66701	0.721635	0.705415	0.669657	0.662453	0.556545	0.554077	0.55354	0.554614	0.563991	0.553387	0.57951	0.569856	0.586835	0.567621	0.569553	0.572063	0.540943	0.536626	0.515039	0.54083	0.513237	0.533996	0.563907	0.583797	0.5624	0.575532	0.576007	0.56348	0.530486	0.521699	0.526129	0.552818	0.553245	0.552461	0.581274	0.572922	0.580564	0.579544	0.584704	0.580865	0.555745	0.531456	0.549608	0.55307	0.589857	0.573975
ERR617659	0.337128	0.375399	0.334933	0.37482	0.37295	0.338667	0.378104	0.375047	0.37567	0.429196	0.376933	0.41782	0.411587	0.419786	0.416088	0.41537	0.404269	0.412075	0.363689	0.349655	0.391573	0.368982	0.365297	0.344085	0.262905	0.324983	0.440955	0	0.262324	0.26996	0.346651	0.349531	0.349627	0.347975	0.362799	0.346672	0.378621	0.360529	0.361613	0.402895	0.378318	0.375553	0.364926	0.359279	0.348854	0.343741	0.403765	0.360506	0.619026	0.540215	0.618466	0.618148	0.539633	0.538002	0.447088	0.44547	0.450743	0.449257	0.445518	0.448717	0.453455	0.461933	0.452905	0.461471	0.461099	0.46272	0.452385	0.450527	0.481494	0.453038	0.473621	0.451478	0.473245	0.454419	0.473605	0.460653	0.458236	0.47094	0.436927	0.443599	0.438282	0.431169	0.432071	0.43158	0.455996	0.467014	0.455033	0.46268	0.457733	0.459993	0.452637	0.462762	0.454586	0.453809	0.453148	0.451299
ERR617658	0.336429	0.375729	0.334136	0.375051	0.373168	0.338226	0.378627	0.375394	0.376011	0.430094	0.377444	0.418636	0.411539	0.419543	0.415792	0.414869	0.403685	0.411495	0.364393	0.350253	0.392851	0.369815	0.36621	0.34481	0.262717	0.325577	0.442234	0.262324	0	0.269489	0.346631	0.349786	0.349619	0.347878	0.363189	0.346636	0.37928	0.360768	0.361823	0.404075	0.378858	0.37622	0.364577	0.359186	0.348782	0.343407	0.404101	0.360279	0.617145	0.53856	0.616445	0.616375	0.537884	0.53633	0.445177	0.443823	0.448957	0.447294	0.443686	0.446928	0.452681	0.46134	0.452	0.461084	0.460366	0.462148	0.450901	0.44907	0.480203	0.451499	0.472338	0.449984	0.472861	0.45359	0.473414	0.460195	0.457636	0.470788	0.435602	0.442433	0.437226	0.430136	0.430686	0.430373	0.45521	0.466692	0.454253	0.461795	0.456845	0.459064	0.451403	0.461997	0.453323	0.452464	0.452031	0.450141
ERR617655	0.341141	0.37976	0.341178	0.378802	0.377812	0.345223	0.391291	0.385481	0.385609	0.442331	0.389712	0.43212	0.407455	0.415736	0.410627	0.409739	0.399238	0.407285	0.37021	0.36151	0.406257	0.374628	0.371577	0.354544	0.269613	0.32	0.446954	0.26996	0.269489	0	0.359794	0.364724	0.361472	0.361765	0.376647	0.360039	0.384192	0.368248	0.368266	0.415454	0.384193	0.383837	0.362872	0.363847	0.355097	0.348632	0.40642	0.359288	0.596874	0.526196	0.596059	0.59595	0.526436	0.524326	0.444735	0.444471	0.446108	0.445584	0.443655	0.445052	0.463677	0.475792	0.462696	0.47516	0.474907	0.476174	0.447457	0.44802	0.477348	0.448185	0.470791	0.449121	0.487716	0.464713	0.488492	0.473188	0.468455	0.485291	0.440406	0.44482	0.442143	0.438288	0.439106	0.439275	0.467054	0.482208	0.465891	0.47109	0.465452	0.468943	0.453334	0.465282	0.455219	0.454309	0.457765	0.456783
ERR636774	0.280064	0.291369	0.277429	0.290798	0.287394	0.271316	0.273608	0.272449	0.273553	0.298495	0.274535	0.290704	0.460959	0.469352	0.467377	0.466606	0.454955	0.46284	0.344247	0.309327	0.360897	0.353047	0.348412	0.302638	0.347491	0.409141	0.498388	0.346651	0.346631	0.359794	0	0.236366	0.235702	0.234704	0.240299	0.234343	0.300728	0.293056	0.294321	0.312217	0.300165	0.294781	0.396682	0.381291	0.368411	0.361742	0.432484	0.390345	0.677757	0.582831	0.675915	0.676885	0.581844	0.581305	0.499828	0.496574	0.506169	0.50279	0.496203	0.503044	0.395224	0.397945	0.399908	0.39821	0.398281	0.39592	0.491504	0.489585	0.52456	0.492877	0.514385	0.489672	0.400659	0.396367	0.401025	0.393198	0.392248	0.399296	0.416128	0.431705	0.420517	0.398793	0.399093	0.397408	0.384085	0.38427	0.383431	0.381982	0.383894	0.381668	0.460602	0.470838	0.463963	0.462756	0.445032	0.444904
ERR636771	0.28431	0.291979	0.280838	0.291587	0.288317	0.273874	0.272769	0.273218	0.274351	0.29472	0.274044	0.286682	0.464014	0.471279	0.469939	0.469339	0.458393	0.465445	0.34286	0.307839	0.356096	0.3514	0.346936	0.302453	0.350449	0.410989	0.495639	0.349531	0.349786	0.364724	0.236366	0	0.235275	0.236578	0.237537	0.236672	0.30143	0.294981	0.295834	0.309107	0.301015	0.294791	0.399555	0.382284	0.370365	0.365014	0.431789	0.393166	0.686454	0.591274	0.685251	0.685658	0.590221	0.589577	0.503978	0.500296	0.510578	0.506975	0.500695	0.507149	0.396654	0.397353	0.401778	0.397659	0.397714	0.395991	0.49615	0.493287	0.527207	0.497454	0.516821	0.493356	0.399217	0.397551	0.399263	0.393279	0.392946	0.397886	0.417525	0.433285	0.421597	0.400516	0.400854	0.398968	0.38533	0.382875	0.384603	0.383512	0.386024	0.383254	0.463054	0.471649	0.466154	0.465239	0.447617	0.446753
ERR636770	0.279348	0.287322	0.277469	0.286647	0.283629	0.270523	0.273004	0.271257	0.272345	0.295034	0.274058	0.287624	0.462658	0.470175	0.468277	0.467487	0.456589	0.464024	0.342684	0.308488	0.360131	0.351326	0.346753	0.301646	0.350474	0.409929	0.499114	0.349627	0.349619	0.361472	0.235702	0.235275	0	0.236448	0.237374	0.235915	0.297999	0.292824	0.293125	0.309746	0.29743	0.292821	0.397059	0.382004	0.370199	0.363296	0.432469	0.390887	0.678514	0.584008	0.676763	0.677593	0.583173	0.58259	0.502067	0.498846	0.508012	0.504758	0.498614	0.504974	0.395515	0.398769	0.4007	0.398885	0.399059	0.396858	0.49272	0.491034	0.525229	0.49421	0.515169	0.491334	0.400909	0.39675	0.40113	0.393805	0.391781	0.399531	0.414828	0.430247	0.419306	0.398887	0.399284	0.397366	0.384583	0.385008	0.383862	0.381012	0.38326	0.38116	0.460625	0.470351	0.463982	0.462918	0.44563	0.445556
ERR636772	0.28152	0.292001	0.278693	0.291544	0.28819	0.272309	0.274139	0.273502	0.274659	0.298478	0.275184	0.290328	0.462247	0.470596	0.46867	0.468032	0.456505	0.464246	0.345111	0.309989	0.360637	0.353531	0.349114	0.303776	0.348731	0.410024	0.498062	0.347975	0.347878	0.361765	0.234704	0.236578	0.236448	0	0.240225	0.234721	0.301625	0.294131	0.295285	0.312264	0.30119	0.295481	0.397663	0.381786	0.369202	0.362908	0.432542	0.391294	0.680081	0.585033	0.678302	0.679167	0.584201	0.583569	0.501098	0.497721	0.507644	0.504146	0.497531	0.504255	0.395617	0.397718	0.400566	0.397961	0.398167	0.395799	0.492786	0.490615	0.52529	0.494236	0.515011	0.490731	0.400466	0.396762	0.400688	0.393207	0.392548	0.399257	0.416314	0.432122	0.420635	0.399162	0.399376	0.39773	0.384521	0.384279	0.38383	0.382599	0.384567	0.382288	0.461181	0.470989	0.46456	0.463464	0.445759	0.445415
ERR636769	0.293538	0.277935	0.290813	0.27785	0.27552	0.28028	0.272613	0.273785	0.275007	0.279499	0.274569	0.27392	0.467092	0.472904	0.47277	0.472238	0.463134	0.468907	0.33509	0.305347	0.346137	0.343149	0.339161	0.30328	0.362887	0.411353	0.490793	0.362799	0.363189	0.376647	0.240299	0.237537	0.237374	0.240225	0	0.240358	0.294587	0.297702	0.298778	0.295986	0.294082	0.290511	0.399376	0.383437	0.374956	0.372724	0.426396	0.394158	0.691183	0.598919	0.691717	0.690465	0.598483	0.597045	0.514388	0.510692	0.520014	0.516794	0.512002	0.516939	0.398481	0.39645	0.406429	0.396155	0.396793	0.395053	0.5005	0.497961	0.527638	0.502065	0.517641	0.497855	0.394028	0.401012	0.393879	0.393578	0.392208	0.393036	0.413668	0.428314	0.417574	0.400737	0.401047	0.39905	0.387359	0.381722	0.386658	0.380913	0.38657	0.382445	0.465661	0.471182	0.46824	0.467675	0.454822	0.451825
ERR636773	0.280439	0.291658	0.277789	0.291029	0.287712	0.271612	0.274397	0.273092	0.274356	0.299208	0.275272	0.290995	0.461189	0.469389	0.467504	0.466748	0.454998	0.462989	0.344572	0.309539	0.361065	0.353305	0.348738	0.302929	0.347459	0.409185	0.498311	0.346672	0.346636	0.360039	0.234343	0.236672	0.235915	0.234721	0.240358	0	0.301007	0.293372	0.294632	0.312428	0.300494	0.295006	0.396576	0.380884	0.36817	0.361483	0.432092	0.390194	0.677985	0.583038	0.676104	0.676991	0.582025	0.581515	0.499796	0.496497	0.506187	0.502723	0.496249	0.503012	0.395165	0.397707	0.400036	0.397909	0.397944	0.395817	0.49149	0.489478	0.524326	0.492809	0.514173	0.489587	0.400394	0.396198	0.400666	0.392944	0.391964	0.398919	0.41588	0.431449	0.420211	0.398504	0.39874	0.397047	0.384105	0.384162	0.383358	0.38186	0.383899	0.381647	0.460264	0.470352	0.463528	0.46251	0.444792	0.444578
ERR636646	0.312457	0.290011	0.31246	0.289549	0.288368	0.302734	0.30448	0.303261	0.303613	0.309181	0.305421	0.307612	0.477933	0.483392	0.481927	0.48126	0.473634	0.478816	0.340902	0.317311	0.361961	0.348087	0.344576	0.313396	0.378543	0.419052	0.50568	0.378621	0.37928	0.384192	0.300728	0.30143	0.297999	0.301625	0.294587	0.301007	0	0.245312	0.245345	0.249685	0.233099	0.236246	0.409757	0.400256	0.393045	0.389632	0.440495	0.405097	0.668773	0.582072	0.667583	0.667942	0.58165	0.580598	0.521344	0.518656	0.525803	0.523026	0.518335	0.523253	0.408468	0.410059	0.415618	0.409187	0.410357	0.40893	0.507805	0.50665	0.537446	0.509129	0.528823	0.506681	0.406809	0.409876	0.406742	0.405118	0.400956	0.405257	0.434025	0.446819	0.438149	0.423319	0.423625	0.422284	0.415314	0.415227	0.41442	0.406306	0.411119	0.408592	0.466322	0.476718	0.46963	0.468887	0.455871	0.455159
ERR636648	0.296582	0.309644	0.29597	0.308857	0.306129	0.291267	0.30227	0.299757	0.300212	0.327425	0.302404	0.321399	0.474257	0.482395	0.479137	0.478247	0.467534	0.475057	0.353074	0.320542	0.375471	0.361539	0.357162	0.311479	0.361343	0.420268	0.513252	0.360529	0.360768	0.368248	0.293056	0.294981	0.292824	0.294131	0.297702	0.293372	0.245312	0	0.235671	0.271804	0.245154	0.240808	0.410864	0.399068	0.386718	0.378541	0.448788	0.404671	0.665905	0.573134	0.661495	0.664721	0.571688	0.572059	0.506215	0.503852	0.512333	0.50889	0.501934	0.509323	0.403233	0.409456	0.406729	0.409683	0.409741	0.407718	0.502096	0.500922	0.537983	0.503369	0.528553	0.501322	0.411882	0.402163	0.41242	0.40199	0.39933	0.410151	0.438759	0.453899	0.443545	0.421771	0.422201	0.420918	0.409644	0.414003	0.408808	0.407518	0.407655	0.407001	0.462557	0.47725	0.466808	0.465356	0.444074	0.446586
ERR636643	0.296528	0.310172	0.295997	0.309131	0.306599	0.291412	0.303043	0.299951	0.30058	0.32809	0.302994	0.321981	0.475362	0.483161	0.47985	0.479038	0.468348	0.475914	0.353946	0.321395	0.376955	0.362302	0.35794	0.311975	0.362288	0.420973	0.514637	0.361613	0.361823	0.368266	0.294321	0.295834	0.293125	0.295285	0.298778	0.294632	0.245345	0.235671	0	0.271997	0.245553	0.240221	0.41147	0.399858	0.387733	0.379288	0.449837	0.405378	0.664991	0.572437	0.660456	0.663876	0.571021	0.571503	0.505818	0.503535	0.511916	0.508635	0.501594	0.508984	0.403031	0.409893	0.406449	0.410059	0.410092	0.407996	0.501663	0.500715	0.53785	0.502997	0.528504	0.501194	0.412481	0.401946	0.413072	0.402242	0.399155	0.41075	0.438294	0.453429	0.443164	0.42157	0.422012	0.420622	0.409734	0.414457	0.408891	0.407213	0.407209	0.406818	0.462082	0.476814	0.466487	0.464902	0.443356	0.446187
ERR636645	0.343128	0.292876	0.340956	0.293977	0.293653	0.327891	0.311125	0.315109	0.315876	0.294466	0.313698	0.295166	0.489175	0.492034	0.494471	0.49409	0.488792	0.491516	0.335961	0.319868	0.34196	0.341634	0.338959	0.324031	0.402411	0.42856	0.492784	0.402895	0.404075	0.415454	0.312217	0.309107	0.309746	0.312264	0.295986	0.312428	0.249685	0.271804	0.271997	0	0.249374	0.249818	0.420353	0.406374	0.40429	0.407979	0.434265	0.416622	0.698644	0.612331	0.701118	0.698057	0.612192	0.610102	0.542085	0.537955	0.54705	0.543953	0.540211	0.543898	0.415503	0.406523	0.426315	0.405114	0.406988	0.406794	0.52302	0.519838	0.543472	0.524286	0.534623	0.519039	0.39661	0.418675	0.395612	0.406242	0.40491	0.395812	0.437109	0.448393	0.439893	0.430238	0.430704	0.428542	0.421892	0.410756	0.421194	0.41064	0.420519	0.414388	0.478442	0.48015	0.48013	0.480198	0.473381	0.467702
ERR636647	0.312221	0.289879	0.312279	0.289502	0.288126	0.302547	0.304033	0.302809	0.303297	0.308914	0.305137	0.307181	0.47778	0.483434	0.481871	0.481236	0.47345	0.478787	0.340391	0.316954	0.361538	0.347566	0.344145	0.313046	0.378205	0.418806	0.505223	0.378318	0.378858	0.384193	0.300165	0.301015	0.29743	0.30119	0.294082	0.300494	0.233099	0.245154	0.245553	0.249374	0	0.236316	0.409639	0.400038	0.392839	0.389345	0.440094	0.404976	0.669314	0.582424	0.668086	0.668462	0.582019	0.580984	0.521113	0.518482	0.525491	0.522787	0.518122	0.522965	0.4081	0.409702	0.415313	0.408844	0.410034	0.40841	0.50764	0.506463	0.537127	0.508901	0.528489	0.506446	0.406469	0.409513	0.406423	0.40485	0.400593	0.404937	0.433482	0.446323	0.437766	0.422913	0.423258	0.421734	0.415137	0.414664	0.414213	0.406086	0.410888	0.408201	0.466053	0.476547	0.469347	0.468637	0.455575	0.454791
ERR636644	0.308625	0.295446	0.307835	0.295099	0.293194	0.299029	0.299345	0.298598	0.299101	0.308066	0.300289	0.304687	0.478128	0.484015	0.482864	0.482064	0.473529	0.479325	0.342978	0.315655	0.361183	0.350617	0.346621	0.311106	0.375595	0.421228	0.506321	0.375553	0.37622	0.383837	0.294781	0.294791	0.292821	0.295481	0.290511	0.295006	0.236246	0.240808	0.240221	0.249818	0.236316	0	0.411785	0.399885	0.391444	0.387561	0.442351	0.406662	0.675647	0.58631	0.674041	0.674681	0.585535	0.584833	0.5188	0.515917	0.524283	0.521064	0.515471	0.521413	0.403988	0.405613	0.410377	0.405092	0.405938	0.404072	0.507784	0.506364	0.538533	0.509239	0.529436	0.50647	0.403292	0.404685	0.403311	0.400116	0.397167	0.401929	0.43505	0.448885	0.439331	0.422067	0.422447	0.420845	0.410652	0.409663	0.409591	0.40392	0.407894	0.405203	0.465935	0.47625	0.469268	0.468397	0.452538	0.452113
ERR613356	0.400917	0.390729	0.400181	0.391058	0.39209	0.39658	0.41269	0.410311	0.41114	0.437922	0.412846	0.431738	0.374355	0.377426	0.378628	0.377972	0.373836	0.376478	0.370721	0.382184	0.401291	0.373116	0.370959	0.385158	0.363234	0.36322	0.45777	0.364926	0.364577	0.362872	0.396682	0.399555	0.397059	0.397663	0.399376	0.396576	0.409757	0.410864	0.41147	0.420353	0.409639	0.411785	0	0.265922	0.271939	0.283134	0.292971	0.259669	0.583021	0.520576	0.592755	0.582826	0.523502	0.516781	0.462997	0.459899	0.461128	0.4608	0.46372	0.459788	0.465818	0.467616	0.469602	0.465423	0.466512	0.469277	0.444515	0.444039	0.455529	0.444464	0.450336	0.44332	0.470351	0.468168	0.470034	0.468463	0.464357	0.468796	0.428428	0.42505	0.427087	0.4401	0.44137	0.440488	0.465304	0.4707	0.464494	0.461956	0.463441	0.462935	0.44207	0.439734	0.440559	0.441074	0.46749	0.456452
ERR613354	0.390262	0.383161	0.388163	0.384152	0.38409	0.38457	0.397025	0.396415	0.397544	0.42236	0.397764	0.415092	0.380966	0.384219	0.386535	0.38595	0.380504	0.383673	0.364899	0.36933	0.387478	0.367867	0.365359	0.372912	0.358151	0.368667	0.45593	0.359279	0.359186	0.363847	0.381291	0.382284	0.382004	0.381786	0.383437	0.380884	0.400256	0.399068	0.399858	0.406374	0.400038	0.399885	0.265922	0	0.262786	0.273938	0.294859	0.264406	0.605516	0.532793	0.613212	0.60496	0.534677	0.529094	0.464356	0.460329	0.46484	0.46361	0.464661	0.462937	0.453106	0.452414	0.457354	0.450611	0.451523	0.453896	0.449039	0.447133	0.462043	0.449373	0.455438	0.446465	0.455017	0.455454	0.454419	0.453855	0.451704	0.453563	0.422958	0.422847	0.421783	0.43036	0.431538	0.430252	0.451905	0.45382	0.451261	0.450306	0.452115	0.45099	0.439527	0.436327	0.438451	0.438873	0.458709	0.447871
ERR613355	0.372949	0.380057	0.370828	0.380574	0.379937	0.369235	0.38686	0.385355	0.386318	0.419965	0.387028	0.411298	0.388683	0.395276	0.39465	0.393947	0.385039	0.39101	0.370724	0.364702	0.395753	0.375556	0.371867	0.364023	0.348603	0.379763	0.473819	0.348854	0.348782	0.355097	0.368411	0.370365	0.370199	0.369202	0.374956	0.36817	0.393045	0.386718	0.387733	0.40429	0.392839	0.391444	0.271939	0.262786	0	0.259048	0.315194	0.267829	0.605508	0.523279	0.609459	0.604981	0.524149	0.520095	0.457467	0.45369	0.459516	0.457807	0.45603	0.457053	0.440776	0.443156	0.443265	0.441853	0.44202	0.444556	0.447913	0.446193	0.469996	0.448384	0.461953	0.446025	0.448476	0.44219	0.448266	0.443366	0.441141	0.446942	0.420865	0.424399	0.421043	0.420863	0.421845	0.420807	0.439646	0.444649	0.438966	0.440932	0.440369	0.440324	0.434671	0.438655	0.435386	0.434883	0.444998	0.437356
