	ERR630057	ERR630056	ERR630054	ERR630055	ERR630058	ERR630059	ERR607315	ERR607313	ERR607314	ERR607316	ERR607312	ERR607311	ERR613247	ERR613250	ERR613248	ERR613249	ERR613246	ERR613245	ERR613974	ERR613977	ERR613972	ERR613975	ERR613973	ERR613976	ERR637113	ERR637116	ERR637115	ERR637114	ERR637111	ERR637112	ERR636667	ERR636669	ERR636668	ERR636672	ERR636670	ERR636671	ERR637000	ERR636999	ERR636997	ERR636998	ERR637001	ERR637002	ERR626766	ERR626765	ERR626769	ERR626770	ERR626768	ERR626767	ERR613773	ERR613774	ERR613775	ERR613771	ERR613770	ERR613772	ERR608700	ERR608696	ERR608699	ERR608697	ERR608695	ERR608698	ERR616623	ERR616624	ERR616622	ERR616627	ERR616625	ERR616626	ERR638283	ERR638279	ERR638284	ERR638280	ERR638281	ERR638282	ERR616507	ERR616505	ERR616506	ERR616509	ERR616508	ERR616504	ERR614902	ERR614901	ERR614904	ERR614905	ERR614906	ERR614903	ERR608755	ERR608752	ERR608753	ERR608754	ERR608751	ERR608756	ERR618224	ERR618221	ERR618220	ERR618222	ERR618223	ERR618219
ERR630057	0	0.292245	0.299591	0.276872	0.277015	0.283421	0.478669	0.467852	0.477677	0.477499	0.473979	0.467325	0.447334	0.427244	0.42663	0.424904	0.454814	0.471631	0.459249	0.474596	0.474046	0.472186	0.467693	0.472634	0.473403	0.475706	0.47502	0.475792	0.474656	0.475969	0.489292	0.489739	0.495989	0.485511	0.486599	0.486901	0.468682	0.465299	0.462284	0.472465	0.467643	0.467923	0.497205	0.505609	0.496482	0.496704	0.495799	0.49971	0.384914	0.385719	0.383952	0.38213	0.398795	0.351248	0.435296	0.43026	0.435433	0.444701	0.425609	0.437049	0.365918	0.363591	0.36225	0.382364	0.38261	0.381156	0.40594	0.363487	0.39113	0.365386	0.362959	0.404562	0.390581	0.389733	0.369095	0.387672	0.393966	0.366905	0.379634	0.373609	0.416077	0.414496	0.41567	0.379518	0.370949	0.407671	0.424997	0.368039	0.355571	0.364511	0.37948	0.387559	0.38444	0.38742	0.381543	0.374363
ERR630056	0.292245	0	0.259522	0.265519	0.272966	0.271383	0.468455	0.451706	0.471633	0.46515	0.452637	0.45462	0.41384	0.417077	0.424519	0.415801	0.418306	0.429661	0.452885	0.44897	0.448603	0.451118	0.448376	0.451526	0.454549	0.454013	0.453086	0.453772	0.457454	0.450674	0.465789	0.462204	0.464721	0.468085	0.4678	0.469452	0.450787	0.450571	0.449574	0.450212	0.449978	0.45053	0.466787	0.471871	0.464868	0.465169	0.464766	0.468536	0.347667	0.348032	0.347553	0.346628	0.355566	0.346118	0.39637	0.392352	0.396401	0.399617	0.429585	0.397326	0.344816	0.347483	0.343955	0.349859	0.350216	0.349411	0.370013	0.354332	0.3655	0.35276	0.352598	0.36951	0.354582	0.401765	0.33937	0.351889	0.355495	0.339857	0.346912	0.344508	0.370789	0.369733	0.370118	0.345038	0.346884	0.369588	0.380123	0.345512	0.360697	0.346	0.363208	0.363941	0.367906	0.363393	0.364468	0.362495
ERR630054	0.299591	0.259522	0	0.269039	0.272739	0.268706	0.470268	0.448466	0.473894	0.466126	0.449619	0.453593	0.406943	0.418539	0.427399	0.417544	0.410272	0.420422	0.451058	0.442702	0.442612	0.44706	0.443945	0.447469	0.448152	0.447666	0.446537	0.447155	0.451588	0.443416	0.458719	0.453808	0.456315	0.462052	0.461586	0.463367	0.446837	0.4468	0.446969	0.445702	0.446459	0.447249	0.457706	0.462067	0.456121	0.456849	0.456051	0.459488	0.342897	0.34283	0.342621	0.341071	0.347081	0.348417	0.397687	0.393784	0.397387	0.398961	0.439775	0.39845	0.343664	0.349206	0.343719	0.342643	0.343059	0.342494	0.361032	0.35436	0.357921	0.352224	0.353494	0.360385	0.345613	0.41284	0.337194	0.343505	0.346335	0.338277	0.341702	0.340322	0.360379	0.359558	0.359967	0.340515	0.343433	0.359712	0.368546	0.343236	0.361972	0.344858	0.368387	0.368608	0.373823	0.367453	0.370201	0.368796
ERR630055	0.276872	0.265519	0.269039	0	0.270031	0.272429	0.467622	0.455599	0.468609	0.465069	0.458279	0.456134	0.424707	0.415898	0.420233	0.414018	0.43127	0.445368	0.452813	0.458284	0.45743	0.456999	0.454077	0.457462	0.461827	0.462397	0.461607	0.462293	0.463977	0.460558	0.474896	0.473334	0.477349	0.474885	0.47525	0.476214	0.455384	0.453753	0.451407	0.456828	0.454528	0.454701	0.478997	0.485827	0.477013	0.477285	0.476581	0.481338	0.357556	0.358163	0.357047	0.356322	0.369856	0.340992	0.404201	0.400038	0.404304	0.410847	0.419793	0.405642	0.34726	0.346259	0.344697	0.359014	0.359533	0.358514	0.383649	0.352717	0.374256	0.352777	0.350415	0.382809	0.367174	0.38828	0.345466	0.364008	0.368917	0.345078	0.355798	0.351423	0.387822	0.3866	0.387215	0.353453	0.351989	0.38463	0.39811	0.34962	0.356059	0.348091	0.362217	0.365002	0.365875	0.365085	0.363376	0.359386
ERR630058	0.277015	0.272966	0.272739	0.270031	0	0.259699	0.476819	0.453001	0.477753	0.473609	0.459315	0.457704	0.422655	0.423739	0.427381	0.421647	0.427833	0.441511	0.448998	0.451692	0.45167	0.455569	0.450106	0.45579	0.451101	0.452946	0.451878	0.452782	0.453713	0.45102	0.465557	0.462463	0.468326	0.464194	0.464597	0.465711	0.453539	0.450605	0.450474	0.453906	0.452306	0.453198	0.468332	0.474783	0.468762	0.469586	0.468559	0.470505	0.362704	0.362877	0.361424	0.358592	0.368303	0.347448	0.424612	0.418853	0.424445	0.429588	0.440924	0.426217	0.352354	0.357817	0.350759	0.354402	0.354711	0.353461	0.37293	0.353592	0.361068	0.353033	0.354929	0.371616	0.35707	0.411111	0.351678	0.355336	0.360335	0.350356	0.355119	0.351604	0.380529	0.379207	0.380164	0.357198	0.351532	0.372395	0.387457	0.350785	0.347783	0.350105	0.378106	0.384259	0.385701	0.382617	0.381103	0.37581
ERR630059	0.283421	0.271383	0.268706	0.272429	0.259699	0	0.478006	0.450478	0.47965	0.47436	0.456777	0.457018	0.417192	0.424982	0.430005	0.422975	0.421259	0.43401	0.447526	0.446339	0.446414	0.45214	0.446444	0.452496	0.445634	0.447409	0.446108	0.447127	0.448783	0.444877	0.459703	0.455625	0.461341	0.459084	0.459161	0.460754	0.450922	0.448217	0.44901	0.450573	0.449571	0.451152	0.461304	0.467045	0.462277	0.463269	0.462143	0.463522	0.35864	0.358717	0.357441	0.353908	0.361495	0.349271	0.424609	0.419306	0.424432	0.428023	0.448458	0.425934	0.350295	0.358665	0.350056	0.348318	0.348468	0.347165	0.364615	0.3534	0.354247	0.352055	0.355402	0.363593	0.349743	0.419651	0.349475	0.348317	0.352679	0.348532	0.350948	0.34801	0.371812	0.370601	0.371402	0.353452	0.348651	0.364128	0.377822	0.348632	0.348812	0.348852	0.380975	0.386978	0.389378	0.384764	0.384217	0.379569
ERR607315	0.478669	0.468455	0.470268	0.467622	0.476819	0.478006	0	0.29024	0.272533	0.269455	0.286292	0.277638	0.383736	0.345313	0.346153	0.346142	0.39343	0.409168	0.367672	0.384036	0.382496	0.365873	0.370546	0.366408	0.393982	0.392784	0.393701	0.393405	0.393547	0.395378	0.381861	0.392176	0.393401	0.382047	0.382414	0.381589	0.348303	0.350924	0.34365	0.355913	0.34873	0.347387	0.388676	0.40143	0.380325	0.377109	0.378602	0.389278	0.459815	0.459945	0.459929	0.462001	0.472401	0.453433	0.516358	0.513621	0.516132	0.519196	0.531998	0.516206	0.449035	0.445633	0.448062	0.464152	0.464884	0.464132	0.483782	0.456006	0.483162	0.457176	0.454343	0.483979	0.48416	0.47188	0.460013	0.481588	0.483868	0.459512	0.466893	0.464788	0.489978	0.48903	0.489505	0.464787	0.463517	0.490207	0.498572	0.461456	0.470493	0.460274	0.498099	0.49827	0.499629	0.497987	0.498444	0.500401
ERR607313	0.467852	0.451706	0.448466	0.455599	0.453001	0.450478	0.29024	0	0.296075	0.284864	0.263965	0.266597	0.346646	0.3461	0.352706	0.345915	0.35274	0.366555	0.346609	0.344114	0.344425	0.340167	0.340535	0.340739	0.352691	0.352389	0.352418	0.352595	0.355041	0.352299	0.339244	0.342944	0.346324	0.341412	0.340899	0.341816	0.325287	0.326471	0.326729	0.326693	0.325149	0.326414	0.338858	0.349084	0.334716	0.333441	0.33367	0.339569	0.439038	0.438744	0.438856	0.437806	0.442178	0.442723	0.518997	0.515148	0.518617	0.518365	0.548046	0.518614	0.43471	0.44078	0.435976	0.434249	0.434854	0.433753	0.44664	0.439557	0.445688	0.438876	0.441183	0.446886	0.450212	0.495357	0.446283	0.449021	0.450395	0.445901	0.442097	0.441983	0.454048	0.453517	0.453544	0.444014	0.442485	0.452582	0.460327	0.442809	0.451486	0.44355	0.500904	0.502531	0.506437	0.500541	0.502678	0.503885
ERR607314	0.477677	0.471633	0.473894	0.468609	0.477753	0.47965	0.272533	0.296075	0	0.2732	0.294405	0.281597	0.391501	0.347123	0.346127	0.34759	0.402146	0.419168	0.369542	0.391812	0.390612	0.372417	0.376858	0.373389	0.399451	0.398939	0.400234	0.399845	0.398354	0.40259	0.388588	0.399793	0.402172	0.387281	0.387931	0.386821	0.352772	0.35442	0.346381	0.361822	0.353438	0.351865	0.396103	0.40931	0.387971	0.384859	0.385949	0.39691	0.464643	0.46524	0.464897	0.466732	0.478554	0.453761	0.521594	0.518448	0.521231	0.525416	0.531949	0.521377	0.453506	0.448781	0.451603	0.468814	0.469748	0.46873	0.489641	0.457863	0.486322	0.459847	0.456197	0.489673	0.489363	0.471668	0.465197	0.486706	0.489326	0.464696	0.471468	0.468564	0.496608	0.495616	0.496054	0.469301	0.467218	0.496104	0.505599	0.464848	0.470741	0.463164	0.500883	0.501616	0.502531	0.501696	0.501067	0.502166
ERR607316	0.477499	0.46515	0.466126	0.465069	0.473609	0.47436	0.269455	0.284864	0.2732	0	0.280737	0.273688	0.376318	0.343405	0.345773	0.344138	0.385811	0.401087	0.363682	0.376916	0.375688	0.36016	0.364691	0.360682	0.388105	0.386617	0.387455	0.386985	0.387773	0.38863	0.37498	0.384567	0.385659	0.376077	0.376286	0.375578	0.343111	0.346393	0.34005	0.34994	0.343844	0.342568	0.381453	0.393881	0.373334	0.370191	0.371603	0.382053	0.45488	0.45509	0.455135	0.457051	0.466433	0.450936	0.514432	0.51143	0.514065	0.51638	0.533251	0.514074	0.445851	0.443317	0.445132	0.458944	0.459761	0.459133	0.478026	0.453382	0.478096	0.454048	0.4517	0.478396	0.478928	0.474201	0.456687	0.476542	0.478568	0.456367	0.462402	0.460742	0.484022	0.483016	0.483341	0.460447	0.459611	0.484346	0.492214	0.45786	0.468218	0.456927	0.497186	0.49691	0.498961	0.496346	0.497477	0.499609
ERR607312	0.473979	0.452637	0.449619	0.458279	0.459315	0.456777	0.286292	0.263965	0.294405	0.280737	0	0.267106	0.344449	0.345159	0.353608	0.34563	0.350066	0.362362	0.352328	0.344913	0.344873	0.339704	0.342283	0.340525	0.358445	0.356258	0.356382	0.356365	0.360606	0.355109	0.342135	0.345651	0.346285	0.347324	0.346359	0.347449	0.327201	0.330516	0.329794	0.327602	0.327318	0.327867	0.341473	0.350898	0.335546	0.333767	0.334439	0.341491	0.436927	0.436717	0.436859	0.437316	0.440828	0.445281	0.511496	0.508034	0.511006	0.51001	0.545954	0.510839	0.434891	0.439628	0.436097	0.435622	0.436473	0.435568	0.44915	0.443452	0.451261	0.44222	0.443996	0.449447	0.45206	0.493322	0.444446	0.450733	0.451495	0.444566	0.442873	0.44327	0.45388	0.453361	0.453389	0.44341	0.444347	0.455015	0.460644	0.444455	0.458757	0.445535	0.498349	0.498248	0.502651	0.49639	0.499694	0.502138
ERR607311	0.467325	0.45462	0.453593	0.456134	0.457704	0.457018	0.277638	0.266597	0.281597	0.273688	0.267106	0	0.357831	0.340508	0.344057	0.340591	0.365953	0.381289	0.349194	0.356493	0.355836	0.346701	0.348119	0.347118	0.364654	0.364136	0.364788	0.364679	0.365432	0.365826	0.351906	0.359066	0.361926	0.352641	0.352557	0.352569	0.329518	0.330937	0.327749	0.333888	0.329945	0.329667	0.355575	0.367253	0.349636	0.347566	0.348329	0.356305	0.444208	0.444401	0.443968	0.444292	0.45133	0.442518	0.516577	0.512692	0.516187	0.51761	0.53888	0.516148	0.436876	0.439276	0.43708	0.442544	0.44344	0.44228	0.458098	0.441736	0.45669	0.441932	0.442249	0.458218	0.460628	0.483445	0.44852	0.458872	0.460984	0.447969	0.44851	0.447349	0.465755	0.464936	0.465119	0.448916	0.447087	0.464289	0.472863	0.446539	0.45371	0.446115	0.497193	0.498706	0.501421	0.497161	0.498672	0.499965
ERR613247	0.447334	0.41384	0.406943	0.424707	0.422655	0.417192	0.383736	0.346646	0.391501	0.376318	0.344449	0.357831	0	0.301286	0.318888	0.301057	0.250036	0.25854	0.340207	0.30778	0.308385	0.316609	0.31646	0.317508	0.327455	0.324485	0.323524	0.32391	0.331699	0.318573	0.321638	0.317754	0.317041	0.332141	0.329935	0.332909	0.337421	0.340743	0.34538	0.330681	0.338218	0.339099	0.335356	0.338007	0.331837	0.331197	0.331741	0.334328	0.387421	0.387008	0.38755	0.386606	0.384548	0.410067	0.481161	0.477373	0.480217	0.476694	0.529828	0.480231	0.395434	0.406246	0.398316	0.384388	0.384863	0.384121	0.395656	0.408062	0.399808	0.405242	0.409519	0.396049	0.400883	0.483627	0.405935	0.400206	0.400207	0.407159	0.396111	0.397861	0.396874	0.396687	0.396315	0.397358	0.399073	0.396803	0.401141	0.400874	0.421656	0.403863	0.472405	0.47104	0.477903	0.46873	0.474273	0.477152
ERR613250	0.427244	0.417077	0.418539	0.415898	0.423739	0.424982	0.345313	0.3461	0.347123	0.343405	0.345159	0.340508	0.301286	0	0.265683	0.261284	0.314055	0.335086	0.330845	0.346897	0.345528	0.330353	0.333767	0.331743	0.358642	0.358369	0.358844	0.358931	0.358202	0.360495	0.359495	0.368745	0.371629	0.359464	0.35986	0.35936	0.339088	0.340591	0.335116	0.34461	0.340244	0.33845	0.384231	0.395518	0.377366	0.374586	0.375691	0.384594	0.405945	0.406245	0.405954	0.407921	0.420061	0.396699	0.479045	0.475326	0.478475	0.482841	0.491368	0.478567	0.397484	0.394849	0.395805	0.412118	0.412932	0.411957	0.436372	0.405199	0.432503	0.406587	0.403664	0.436332	0.435492	0.432676	0.412511	0.432777	0.43593	0.412095	0.415012	0.411835	0.441937	0.440971	0.441377	0.413054	0.409246	0.439167	0.450919	0.406741	0.413786	0.405475	0.455517	0.456685	0.457569	0.456419	0.456028	0.4571
ERR613248	0.42663	0.424519	0.427399	0.420233	0.427381	0.430005	0.346153	0.352706	0.346127	0.345773	0.353608	0.344057	0.318888	0.265683	0	0.265102	0.33271	0.355347	0.333925	0.359364	0.357636	0.340916	0.34324	0.341787	0.367482	0.368394	0.368971	0.36923	0.36575	0.371965	0.370464	0.382034	0.386015	0.367673	0.368934	0.367558	0.347161	0.347122	0.340191	0.354271	0.348012	0.346056	0.396942	0.409342	0.39062	0.387731	0.388732	0.397674	0.41696	0.417426	0.416843	0.418475	0.432434	0.399974	0.488609	0.484408	0.488291	0.493935	0.490179	0.488505	0.40349	0.399391	0.401307	0.4215	0.422172	0.421204	0.446144	0.408142	0.439921	0.410425	0.406966	0.446045	0.445852	0.428683	0.42081	0.443143	0.446768	0.419939	0.424224	0.419919	0.454101	0.453015	0.453694	0.422287	0.41647	0.449679	0.463091	0.413374	0.41306	0.411285	0.46017	0.46257	0.462026	0.462438	0.460687	0.460531
ERR613249	0.424904	0.415801	0.417544	0.414018	0.421647	0.422975	0.346142	0.345915	0.34759	0.344138	0.34563	0.340591	0.301057	0.261284	0.265102	0	0.313778	0.335241	0.331215	0.347294	0.345959	0.331792	0.334597	0.332792	0.358298	0.358314	0.358666	0.358808	0.357869	0.360438	0.359866	0.368907	0.372023	0.359401	0.360052	0.359404	0.33983	0.34067	0.335169	0.344892	0.340637	0.338732	0.383882	0.395163	0.377266	0.374498	0.375588	0.384333	0.405743	0.406261	0.405953	0.407563	0.419812	0.395726	0.478598	0.474915	0.478205	0.482558	0.489665	0.478141	0.396964	0.394553	0.395277	0.411383	0.41209	0.411354	0.435409	0.40394	0.431012	0.40543	0.40247	0.435323	0.434368	0.432083	0.412155	0.431775	0.43486	0.411715	0.414417	0.411026	0.441395	0.440361	0.440773	0.41259	0.408626	0.438092	0.450184	0.406226	0.411518	0.404821	0.454296	0.455732	0.456482	0.455493	0.454711	0.455727
ERR613246	0.454814	0.418306	0.410272	0.43127	0.427833	0.421259	0.39343	0.35274	0.402146	0.385811	0.350066	0.365953	0.250036	0.314055	0.33271	0.313778	0	0.250844	0.34896	0.307938	0.308601	0.321474	0.320786	0.322225	0.328653	0.324883	0.323629	0.324101	0.333658	0.317568	0.321985	0.315076	0.313218	0.334194	0.331276	0.335045	0.343878	0.347842	0.354131	0.335774	0.344757	0.346264	0.333285	0.333542	0.33046	0.330036	0.330671	0.331924	0.390439	0.389624	0.390736	0.389228	0.384052	0.418245	0.484365	0.480554	0.483288	0.478204	0.538494	0.483416	0.400445	0.413216	0.40432	0.38585	0.386235	0.385583	0.393882	0.414062	0.400505	0.4107	0.416393	0.394408	0.400668	0.493943	0.409717	0.400487	0.399769	0.411206	0.398362	0.401131	0.393854	0.393937	0.393357	0.400519	0.403173	0.395129	0.396959	0.40572	0.42854	0.409308	0.477994	0.476263	0.484026	0.47364	0.480118	0.48328
ERR613245	0.471631	0.429661	0.420422	0.445368	0.441511	0.43401	0.409168	0.366555	0.419168	0.401087	0.362362	0.381289	0.25854	0.335086	0.355347	0.335241	0.250844	0	0.370551	0.317849	0.319218	0.336461	0.336675	0.337246	0.341893	0.336734	0.335428	0.335813	0.348448	0.327231	0.331816	0.320578	0.316002	0.348136	0.344328	0.349085	0.359775	0.364715	0.372146	0.349274	0.36046	0.362407	0.336719	0.333195	0.333492	0.333349	0.334496	0.334312	0.399773	0.398582	0.399955	0.398711	0.389498	0.435603	0.486947	0.483652	0.485915	0.478244	0.550676	0.48582	0.413481	0.427756	0.418384	0.395104	0.395398	0.395133	0.399297	0.430029	0.410222	0.425787	0.432173	0.400127	0.405789	0.510622	0.419063	0.406339	0.404306	0.420803	0.408209	0.412216	0.39571	0.396194	0.395168	0.410364	0.415188	0.399326	0.397376	0.418543	0.445428	0.422998	0.486791	0.484046	0.493006	0.480827	0.489209	0.493557
ERR613974	0.459249	0.452885	0.451058	0.452813	0.448998	0.447526	0.367672	0.346609	0.369542	0.363682	0.352328	0.349194	0.340207	0.330845	0.333925	0.331215	0.34896	0.370551	0	0.272169	0.26939	0.254497	0.250826	0.25474	0.304636	0.30707	0.308513	0.308217	0.299594	0.316177	0.311364	0.332149	0.338534	0.300597	0.302999	0.299996	0.318399	0.316475	0.317534	0.322555	0.318367	0.318492	0.371859	0.383437	0.369643	0.368503	0.368138	0.373681	0.407907	0.407941	0.407256	0.404631	0.414113	0.39839	0.553704	0.549306	0.552607	0.554877	0.568967	0.553383	0.402144	0.408498	0.403604	0.405324	0.405762	0.40394	0.424859	0.403212	0.416768	0.404039	0.405093	0.424886	0.444845	0.481385	0.440283	0.443333	0.446404	0.439478	0.421746	0.420156	0.44236	0.440758	0.441517	0.42461	0.415776	0.435267	0.449548	0.4157	0.418228	0.414839	0.521557	0.523752	0.525394	0.522702	0.522463	0.522112
ERR613977	0.474596	0.44897	0.442702	0.458284	0.451692	0.446339	0.384036	0.344114	0.391812	0.376916	0.344913	0.356493	0.30778	0.346897	0.359364	0.347294	0.307938	0.317849	0.272169	0	0.234977	0.246605	0.243526	0.246613	0.287526	0.285381	0.28559	0.285425	0.288799	0.285516	0.284898	0.291302	0.292724	0.288386	0.287182	0.288901	0.320743	0.322887	0.330375	0.31507	0.320915	0.322936	0.334758	0.338727	0.33362	0.33305	0.333307	0.33464	0.396285	0.395433	0.396068	0.392774	0.390212	0.415658	0.533223	0.529299	0.532026	0.529091	0.575004	0.532546	0.403214	0.416774	0.407653	0.39024	0.390379	0.389121	0.398332	0.41216	0.401101	0.409523	0.415123	0.39896	0.420724	0.504637	0.429981	0.420512	0.420812	0.430124	0.409862	0.412317	0.409781	0.40914	0.409177	0.414031	0.411463	0.407097	0.412921	0.414044	0.430222	0.416119	0.515007	0.514872	0.520603	0.512284	0.517053	0.519186
ERR613972	0.474046	0.448603	0.442612	0.45743	0.45167	0.446414	0.382496	0.344425	0.390612	0.375688	0.344873	0.355836	0.308385	0.345528	0.357636	0.345959	0.308601	0.319218	0.26939	0.234977	0	0.244831	0.240957	0.244791	0.288239	0.285733	0.286213	0.285909	0.288909	0.286212	0.285619	0.29324	0.294245	0.288628	0.287595	0.288811	0.319788	0.322138	0.329489	0.314741	0.32005	0.321879	0.337296	0.341262	0.33552	0.334842	0.335009	0.336811	0.395172	0.394474	0.39498	0.39191	0.389819	0.414056	0.532834	0.528923	0.531595	0.528668	0.573909	0.532089	0.401084	0.414252	0.405688	0.389277	0.389507	0.388307	0.398318	0.410292	0.40145	0.407857	0.413162	0.399129	0.421	0.50179	0.428624	0.420613	0.420977	0.428825	0.409134	0.411726	0.410302	0.409423	0.409516	0.413283	0.41053	0.407525	0.413594	0.412943	0.429419	0.41508	0.514251	0.513923	0.519698	0.511437	0.516186	0.518418
ERR613975	0.472186	0.451118	0.44706	0.456999	0.455569	0.45214	0.365873	0.340167	0.372417	0.36016	0.339704	0.346701	0.316609	0.330353	0.340916	0.331792	0.321474	0.336461	0.254497	0.246605	0.244831	0	0.239023	0.236672	0.29711	0.29519	0.296366	0.295896	0.294916	0.299609	0.295267	0.310646	0.312116	0.29396	0.294453	0.293603	0.313029	0.315543	0.319162	0.312214	0.313407	0.313888	0.35165	0.35966	0.347605	0.3461	0.346585	0.352049	0.394919	0.394552	0.394867	0.393641	0.397114	0.40575	0.534388	0.530613	0.533052	0.532318	0.567645	0.533445	0.397827	0.40675	0.400963	0.39514	0.395601	0.394488	0.411451	0.407133	0.412101	0.40563	0.408446	0.412002	0.431966	0.487514	0.429765	0.430735	0.431905	0.429807	0.412665	0.413607	0.423382	0.422323	0.422552	0.414666	0.411325	0.42133	0.429928	0.412175	0.428099	0.413388	0.513576	0.512956	0.517299	0.511385	0.514646	0.516859
ERR613973	0.467693	0.448376	0.443945	0.454077	0.450106	0.446444	0.370546	0.340535	0.376858	0.364691	0.342283	0.348119	0.31646	0.333767	0.34324	0.334597	0.320786	0.336675	0.250826	0.243526	0.240957	0.239023	0	0.239061	0.290486	0.289611	0.290686	0.290351	0.288526	0.294013	0.290764	0.305571	0.308523	0.288293	0.288523	0.288011	0.312829	0.31411	0.318669	0.311493	0.313102	0.313979	0.348858	0.356591	0.346222	0.345381	0.345364	0.349496	0.395234	0.394748	0.395259	0.392279	0.395598	0.404157	0.538207	0.534276	0.536943	0.536324	0.569564	0.537532	0.397336	0.407435	0.400822	0.392405	0.392837	0.391267	0.406703	0.404022	0.405717	0.402774	0.406206	0.407042	0.42873	0.490103	0.429698	0.427733	0.429316	0.429754	0.411015	0.411901	0.420859	0.419623	0.420045	0.414057	0.40899	0.416683	0.426102	0.410305	0.423086	0.411421	0.514744	0.515056	0.519071	0.513116	0.516044	0.517726
ERR613976	0.472634	0.451526	0.447469	0.457462	0.45579	0.452496	0.366408	0.340739	0.373389	0.360682	0.340525	0.347118	0.317508	0.331743	0.341787	0.332792	0.322225	0.337246	0.25474	0.246613	0.244791	0.236672	0.239061	0	0.297198	0.295401	0.296278	0.296165	0.295137	0.300094	0.295513	0.310846	0.312436	0.293977	0.294603	0.293584	0.313579	0.316004	0.319649	0.312952	0.313924	0.314418	0.352392	0.359921	0.347994	0.34644	0.347062	0.352311	0.395453	0.394973	0.395212	0.393786	0.397364	0.406159	0.534947	0.531259	0.533713	0.532946	0.568215	0.534082	0.398269	0.407199	0.401497	0.395387	0.395788	0.394822	0.411702	0.407529	0.412379	0.406205	0.409014	0.412285	0.432254	0.488006	0.430186	0.431131	0.43228	0.430135	0.413091	0.414043	0.423634	0.422617	0.422968	0.415316	0.411823	0.421436	0.430199	0.412697	0.428419	0.413776	0.514071	0.513578	0.517764	0.511846	0.51504	0.517413
ERR637113	0.473403	0.454549	0.448152	0.461827	0.451101	0.445634	0.393982	0.352691	0.399451	0.388105	0.358445	0.364654	0.327455	0.358642	0.367482	0.358298	0.328653	0.341893	0.304636	0.287526	0.288239	0.29711	0.290486	0.297198	0	0.235009	0.235363	0.235111	0.233618	0.237565	0.278836	0.288859	0.293754	0.27585	0.275778	0.276188	0.332443	0.331855	0.339187	0.328932	0.332063	0.33512	0.344114	0.3493	0.345446	0.34561	0.344445	0.344735	0.409416	0.408463	0.408608	0.40366	0.402433	0.420218	0.557641	0.553224	0.556411	0.554804	0.589043	0.557062	0.411398	0.425875	0.415481	0.397888	0.398135	0.396177	0.402433	0.413533	0.401111	0.411091	0.417922	0.403025	0.431725	0.5134	0.444565	0.431974	0.433587	0.444137	0.41575	0.417307	0.417461	0.416781	0.41686	0.421753	0.416939	0.41246	0.421166	0.419691	0.426343	0.420623	0.531856	0.533991	0.538358	0.531432	0.534378	0.534514
ERR637116	0.475706	0.454013	0.447666	0.462397	0.452946	0.447409	0.392784	0.352389	0.398939	0.386617	0.356258	0.364136	0.324485	0.358369	0.368394	0.358314	0.324883	0.336734	0.30707	0.285381	0.285733	0.29519	0.289611	0.295401	0.235009	0	0.233516	0.233118	0.235816	0.236408	0.278094	0.287277	0.290599	0.277049	0.276419	0.277158	0.331761	0.332615	0.339886	0.327851	0.331756	0.334477	0.342613	0.34688	0.343093	0.343022	0.342387	0.342887	0.407184	0.406295	0.406644	0.402039	0.400245	0.421136	0.553729	0.549344	0.552306	0.550199	0.588186	0.553042	0.410572	0.424863	0.415101	0.397428	0.397674	0.395661	0.401767	0.41465	0.402528	0.411983	0.418716	0.402533	0.431119	0.512978	0.443022	0.43129	0.432514	0.442718	0.414975	0.416965	0.415485	0.414773	0.414755	0.420526	0.417057	0.411865	0.419189	0.419792	0.429473	0.420726	0.530426	0.531804	0.536561	0.529156	0.532708	0.533523
ERR637115	0.47502	0.453086	0.446537	0.461607	0.451878	0.446108	0.393701	0.352418	0.400234	0.387455	0.356382	0.364788	0.323524	0.358844	0.368971	0.358666	0.323629	0.335428	0.308513	0.28559	0.286213	0.296366	0.290686	0.296278	0.235363	0.233516	0	0.233348	0.236727	0.236443	0.278484	0.286686	0.290294	0.277969	0.27697	0.278145	0.332371	0.333047	0.340398	0.328069	0.332099	0.334979	0.341225	0.345436	0.342211	0.34215	0.341275	0.341611	0.407352	0.40642	0.406639	0.402176	0.399994	0.421664	0.552736	0.548337	0.55142	0.549199	0.587663	0.552061	0.411007	0.425456	0.415536	0.397245	0.397339	0.395391	0.401229	0.414945	0.402164	0.412314	0.419208	0.401918	0.429968	0.513204	0.442444	0.430252	0.431474	0.442165	0.414536	0.41655	0.414404	0.413851	0.413792	0.420122	0.41693	0.410971	0.418174	0.419546	0.4295	0.420953	0.529187	0.5308	0.535586	0.528149	0.531748	0.532586
ERR637114	0.475792	0.453772	0.447155	0.462293	0.452782	0.447127	0.393405	0.352595	0.399845	0.386985	0.356365	0.364679	0.32391	0.358931	0.36923	0.358808	0.324101	0.335813	0.308217	0.285425	0.285909	0.295896	0.290351	0.296165	0.235111	0.233118	0.233348	0	0.236391	0.235942	0.278066	0.286634	0.289848	0.277399	0.276652	0.277739	0.331959	0.332725	0.340165	0.327655	0.331809	0.334704	0.34152	0.346003	0.342283	0.342416	0.341689	0.342142	0.407434	0.406535	0.406848	0.402436	0.400226	0.422124	0.553478	0.549089	0.552025	0.549765	0.588642	0.552817	0.411585	0.426001	0.415861	0.397937	0.398059	0.396188	0.401933	0.415543	0.403058	0.412934	0.419729	0.402557	0.430909	0.513934	0.443147	0.431165	0.43222	0.442879	0.41521	0.417292	0.41503	0.414444	0.414478	0.42069	0.417406	0.411612	0.418734	0.420042	0.430147	0.421396	0.530096	0.53157	0.536329	0.528818	0.532578	0.533378
ERR637111	0.474656	0.457454	0.451588	0.463977	0.453713	0.448783	0.393547	0.355041	0.398354	0.387773	0.360606	0.365432	0.331699	0.358202	0.36575	0.357869	0.333658	0.348448	0.299594	0.288799	0.288909	0.294916	0.288526	0.295137	0.233618	0.235816	0.236727	0.236391	0	0.240502	0.280017	0.293378	0.298473	0.274983	0.27539	0.275026	0.331982	0.331326	0.337672	0.329479	0.331884	0.334351	0.350157	0.356185	0.351436	0.351313	0.350426	0.351141	0.409938	0.40921	0.409137	0.404143	0.404373	0.418136	0.562808	0.558175	0.56156	0.560545	0.591288	0.562147	0.410773	0.424391	0.414521	0.399099	0.399248	0.397208	0.404725	0.411815	0.402597	0.409915	0.416187	0.405202	0.43569	0.511924	0.44663	0.435824	0.437709	0.446194	0.417333	0.418595	0.421273	0.420449	0.420749	0.423141	0.417582	0.415809	0.425241	0.41987	0.425421	0.420522	0.535754	0.537793	0.541733	0.535442	0.53802	0.537956
ERR637112	0.475969	0.450674	0.443416	0.460558	0.45102	0.444877	0.395378	0.352299	0.40259	0.38863	0.355109	0.365826	0.318573	0.360495	0.371965	0.360438	0.317568	0.327231	0.316177	0.285516	0.286212	0.299609	0.294013	0.300094	0.237565	0.236408	0.236443	0.235942	0.240502	0	0.279118	0.283674	0.285389	0.282174	0.280625	0.282658	0.334299	0.335406	0.343355	0.328502	0.334268	0.337027	0.33537	0.338113	0.335929	0.33601	0.335343	0.335164	0.406512	0.40558	0.406039	0.401477	0.397688	0.425028	0.546387	0.542227	0.545017	0.541891	0.585899	0.545726	0.412586	0.427417	0.417032	0.396852	0.397099	0.395232	0.399198	0.417703	0.401933	0.414686	0.421803	0.399948	0.426515	0.515903	0.44025	0.42687	0.427554	0.440411	0.413579	0.416077	0.410386	0.409885	0.409793	0.419063	0.417333	0.407959	0.413568	0.420138	0.432452	0.421984	0.525749	0.526601	0.532274	0.523814	0.528301	0.529403
ERR636667	0.489292	0.465789	0.458719	0.474896	0.465557	0.459703	0.381861	0.339244	0.388588	0.37498	0.342135	0.351906	0.321638	0.359495	0.370464	0.359866	0.321985	0.331816	0.311364	0.284898	0.285619	0.295267	0.290764	0.295513	0.278836	0.278094	0.278484	0.278066	0.280017	0.279118	0	0.242691	0.245315	0.23931	0.237778	0.239858	0.31351	0.314957	0.322733	0.308103	0.313697	0.31637	0.328858	0.333101	0.329112	0.328499	0.328446	0.328752	0.418737	0.417753	0.418174	0.414176	0.411024	0.435961	0.555934	0.551563	0.554635	0.551417	0.595005	0.555231	0.426597	0.440934	0.430905	0.411847	0.412124	0.410558	0.414587	0.430532	0.416616	0.427944	0.43471	0.41527	0.440991	0.527067	0.45407	0.44126	0.441942	0.453968	0.430613	0.43304	0.428438	0.427843	0.427879	0.435735	0.4355	0.427549	0.433438	0.438273	0.449704	0.439974	0.539212	0.539989	0.545497	0.537346	0.541599	0.54302
ERR636669	0.489739	0.462204	0.453808	0.473334	0.462463	0.455625	0.392176	0.342944	0.399793	0.384567	0.345651	0.359066	0.317754	0.368745	0.382034	0.368907	0.315076	0.320578	0.332149	0.291302	0.29324	0.310646	0.305571	0.310846	0.288859	0.287277	0.286686	0.286634	0.293378	0.283674	0.242691	0	0.239517	0.253498	0.250267	0.254715	0.323533	0.32537	0.334931	0.315311	0.323621	0.326815	0.318908	0.320028	0.320106	0.320372	0.320017	0.318376	0.422425	0.421299	0.421951	0.417764	0.411374	0.445118	0.546501	0.542248	0.545263	0.540639	0.592393	0.545798	0.433293	0.449083	0.43774	0.41408	0.414339	0.41296	0.412958	0.438503	0.417149	0.435333	0.44302	0.413558	0.434838	0.534473	0.453087	0.435637	0.43536	0.453215	0.43132	0.434555	0.422986	0.422682	0.422472	0.436902	0.438893	0.423591	0.426783	0.442442	0.455973	0.444949	0.533491	0.534007	0.540775	0.53096	0.536395	0.53792
ERR636668	0.495989	0.464721	0.456315	0.477349	0.468326	0.461341	0.393401	0.346324	0.402172	0.385659	0.346285	0.361926	0.317041	0.371629	0.386015	0.372023	0.313218	0.316002	0.338534	0.292724	0.294245	0.312116	0.308523	0.312436	0.293754	0.290599	0.290294	0.289848	0.298473	0.285389	0.245315	0.239517	0	0.258936	0.255257	0.259972	0.32643	0.329785	0.339048	0.317354	0.326817	0.329728	0.320153	0.319857	0.320144	0.320187	0.32033	0.319024	0.422358	0.421118	0.42213	0.418413	0.410804	0.449154	0.543965	0.540207	0.542686	0.537003	0.59446	0.543237	0.435083	0.450862	0.440064	0.416253	0.416483	0.41529	0.414723	0.442637	0.421508	0.438964	0.446587	0.415517	0.436921	0.536765	0.453934	0.437818	0.437051	0.45445	0.433137	0.436764	0.422742	0.422667	0.422236	0.437924	0.441669	0.425477	0.4267	0.445082	0.462406	0.448047	0.534522	0.533947	0.541258	0.530943	0.537197	0.53954
ERR636672	0.485511	0.468085	0.462052	0.474885	0.464194	0.459084	0.382047	0.341412	0.387281	0.376077	0.347324	0.352641	0.332141	0.359464	0.367673	0.359401	0.334194	0.348136	0.300597	0.288386	0.288628	0.29396	0.288293	0.293977	0.27585	0.277049	0.277969	0.277399	0.274983	0.282174	0.23931	0.253498	0.258936	0	0.234433	0.234555	0.312106	0.31209	0.319296	0.309557	0.312428	0.314906	0.339232	0.345546	0.340367	0.339827	0.339441	0.340173	0.421272	0.420464	0.420717	0.416019	0.415401	0.431003	0.567272	0.562686	0.565971	0.56447	0.598505	0.56673	0.425859	0.439717	0.429692	0.413643	0.413937	0.411984	0.417417	0.426205	0.415757	0.42414	0.430597	0.417961	0.44619	0.524756	0.458277	0.446324	0.447914	0.457466	0.432538	0.43405	0.435228	0.43424	0.434472	0.438464	0.435128	0.431786	0.440578	0.437507	0.444088	0.438381	0.544851	0.546659	0.551242	0.544313	0.547032	0.547433
ERR636670	0.486599	0.4678	0.461586	0.47525	0.464597	0.459161	0.382414	0.340899	0.387931	0.376286	0.346359	0.352557	0.329935	0.35986	0.368934	0.360052	0.331276	0.344328	0.302999	0.287182	0.287595	0.294453	0.288523	0.294603	0.275778	0.276419	0.27697	0.276652	0.27539	0.280625	0.237778	0.250267	0.255257	0.234433	0	0.234598	0.312746	0.312947	0.320354	0.309355	0.312833	0.31535	0.336548	0.342262	0.337591	0.337054	0.336765	0.337107	0.421598	0.420677	0.420887	0.416355	0.415079	0.432951	0.565542	0.561013	0.564238	0.562366	0.598439	0.564967	0.426689	0.440909	0.43071	0.413906	0.414162	0.412212	0.417046	0.42781	0.41638	0.425757	0.432085	0.417585	0.445564	0.526187	0.458094	0.445745	0.446961	0.457577	0.432745	0.434577	0.434135	0.433252	0.433455	0.438804	0.435961	0.431056	0.439247	0.438261	0.445839	0.43952	0.54428	0.546163	0.550796	0.543608	0.546687	0.547279
ERR636671	0.486901	0.469452	0.463367	0.476214	0.465711	0.460754	0.381589	0.341816	0.386821	0.375578	0.347449	0.352569	0.332909	0.35936	0.367558	0.359404	0.335045	0.349085	0.299996	0.288901	0.288811	0.293603	0.288011	0.293584	0.276188	0.277158	0.278145	0.277739	0.275026	0.282658	0.239858	0.254715	0.259972	0.234555	0.234598	0	0.312008	0.311806	0.318728	0.309443	0.312047	0.314478	0.340281	0.346746	0.341215	0.340662	0.340252	0.341019	0.422023	0.421228	0.421424	0.416702	0.416368	0.431609	0.568584	0.563993	0.567282	0.565731	0.599674	0.568	0.426385	0.440149	0.430296	0.414628	0.414838	0.41314	0.418818	0.426986	0.417234	0.425005	0.431428	0.419327	0.447747	0.525179	0.459215	0.447763	0.449438	0.458611	0.43361	0.43511	0.43648	0.435596	0.435807	0.439464	0.43608	0.433156	0.44196	0.438397	0.445073	0.439293	0.54611	0.547911	0.552288	0.545564	0.548367	0.548911
ERR637000	0.468682	0.450787	0.446837	0.455384	0.453539	0.450922	0.348303	0.325287	0.352772	0.343111	0.327201	0.329518	0.337421	0.339088	0.347161	0.33983	0.343878	0.359775	0.318399	0.320743	0.319788	0.313029	0.312829	0.313579	0.332443	0.331761	0.332371	0.331959	0.331982	0.334299	0.31351	0.323533	0.32643	0.312106	0.312746	0.312008	0	0.251961	0.253975	0.25121	0.248936	0.2497	0.342453	0.352518	0.338432	0.336741	0.337021	0.343399	0.406977	0.406452	0.40671	0.405033	0.409812	0.412533	0.53082	0.52736	0.530218	0.530152	0.560873	0.530591	0.428764	0.435919	0.430605	0.428208	0.429051	0.427729	0.421608	0.414463	0.420144	0.413765	0.416501	0.421729	0.436539	0.488937	0.434457	0.435481	0.437315	0.43432	0.418751	0.41922	0.431067	0.430087	0.430466	0.420918	0.419051	0.429576	0.438522	0.419289	0.430806	0.420155	0.501919	0.502732	0.507062	0.50113	0.503569	0.504824
ERR636999	0.465299	0.450571	0.4468	0.453753	0.450605	0.448217	0.350924	0.326471	0.35442	0.346393	0.330516	0.330937	0.340743	0.340591	0.347122	0.34067	0.347842	0.364715	0.316475	0.322887	0.322138	0.315543	0.31411	0.316004	0.331855	0.332615	0.333047	0.332725	0.331326	0.335406	0.314957	0.32537	0.329785	0.31209	0.312947	0.311806	0.251961	0	0.252555	0.252619	0.251461	0.252487	0.344454	0.355199	0.341314	0.340056	0.339967	0.345942	0.408773	0.408528	0.408476	0.405865	0.411672	0.410721	0.534512	0.530564	0.533924	0.534273	0.56089	0.534382	0.429288	0.436743	0.430799	0.428025	0.428741	0.427322	0.421665	0.41268	0.417572	0.412245	0.415088	0.421507	0.436251	0.489425	0.435778	0.435175	0.437506	0.435553	0.419334	0.419145	0.432775	0.431752	0.432039	0.422095	0.418648	0.42966	0.439943	0.419051	0.426708	0.419417	0.502991	0.504567	0.508587	0.503122	0.504707	0.505277
ERR636997	0.462284	0.449574	0.446969	0.451407	0.450474	0.44901	0.34365	0.326729	0.346381	0.34005	0.329794	0.327749	0.34538	0.335116	0.340191	0.335169	0.354131	0.372146	0.317534	0.330375	0.329489	0.319162	0.318669	0.319649	0.339187	0.339886	0.340398	0.340165	0.337672	0.343355	0.322733	0.334931	0.339048	0.319296	0.320354	0.318728	0.253975	0.252555	0	0.25689	0.253931	0.253402	0.352048	0.363634	0.347764	0.345968	0.346147	0.353467	0.411277	0.410782	0.410657	0.409241	0.416699	0.409365	0.53164	0.527729	0.531102	0.532382	0.554455	0.53143	0.4294	0.434708	0.430472	0.43216	0.432992	0.431662	0.428389	0.41316	0.424065	0.413299	0.41491	0.428348	0.441874	0.481985	0.436111	0.440229	0.442742	0.435641	0.421802	0.420964	0.43893	0.437889	0.438306	0.423662	0.420558	0.436461	0.447264	0.420202	0.427133	0.420031	0.49944	0.500849	0.504113	0.499669	0.500838	0.501426
ERR636998	0.472465	0.450212	0.445702	0.456828	0.453906	0.450573	0.355913	0.326693	0.361822	0.34994	0.327602	0.333888	0.330681	0.34461	0.354271	0.344892	0.335774	0.349274	0.322555	0.31507	0.314741	0.312214	0.311493	0.312952	0.328932	0.327851	0.328069	0.327655	0.329479	0.328502	0.308103	0.315311	0.317354	0.309557	0.309355	0.309443	0.25121	0.252619	0.25689	0	0.251298	0.252121	0.334046	0.342403	0.33058	0.328978	0.329069	0.334758	0.403999	0.4032	0.403826	0.401509	0.403688	0.415072	0.529413	0.525739	0.52875	0.527294	0.564729	0.529035	0.42897	0.437983	0.431372	0.424522	0.425293	0.424099	0.415284	0.415203	0.415204	0.414005	0.417729	0.415378	0.431113	0.495866	0.433279	0.430259	0.431577	0.433229	0.415624	0.416775	0.423622	0.422897	0.422852	0.418371	0.417802	0.422828	0.430532	0.418768	0.432465	0.420108	0.503373	0.50351	0.508873	0.501736	0.505043	0.506655
ERR637001	0.467643	0.449978	0.446459	0.454528	0.452306	0.449571	0.34873	0.325149	0.353438	0.343844	0.327318	0.329945	0.338218	0.340244	0.348012	0.340637	0.344757	0.36046	0.318367	0.320915	0.32005	0.313407	0.313102	0.313924	0.332063	0.331756	0.332099	0.331809	0.331884	0.334268	0.313697	0.323621	0.326817	0.312428	0.312833	0.312047	0.248936	0.251461	0.253931	0.251298	0	0.24982	0.342137	0.352409	0.338297	0.336684	0.336782	0.343281	0.407122	0.406609	0.40693	0.405107	0.409842	0.412219	0.531158	0.527489	0.53051	0.530545	0.560601	0.530834	0.428533	0.435808	0.430471	0.427799	0.428404	0.427181	0.421191	0.414026	0.419233	0.413382	0.415935	0.421172	0.436062	0.489077	0.434391	0.434776	0.436834	0.434173	0.418483	0.418727	0.430856	0.429862	0.43031	0.420844	0.418605	0.428955	0.438295	0.419087	0.42952	0.419638	0.501896	0.502778	0.507044	0.501123	0.503455	0.504466
ERR637002	0.467923	0.45053	0.447249	0.454701	0.453198	0.451152	0.347387	0.326414	0.351865	0.342568	0.327867	0.329667	0.339099	0.33845	0.346056	0.338732	0.346264	0.362407	0.318492	0.322936	0.321879	0.313888	0.313979	0.314418	0.33512	0.334477	0.334979	0.334704	0.334351	0.337027	0.31637	0.326815	0.329728	0.314906	0.31535	0.314478	0.2497	0.252487	0.253402	0.252121	0.24982	0	0.345064	0.355473	0.340628	0.339052	0.33943	0.346255	0.406987	0.406515	0.406726	0.405338	0.410557	0.411401	0.52969	0.526034	0.529142	0.529293	0.558728	0.529512	0.428118	0.434833	0.429866	0.428649	0.429369	0.428225	0.422918	0.413943	0.421302	0.413331	0.415671	0.423172	0.437476	0.486558	0.43394	0.436179	0.438013	0.433933	0.418706	0.418992	0.432327	0.431517	0.431696	0.420672	0.418911	0.430948	0.440259	0.419025	0.430207	0.419595	0.500619	0.501291	0.505436	0.499825	0.501978	0.503319
ERR626766	0.497205	0.466787	0.457706	0.478997	0.468332	0.461304	0.388676	0.338858	0.396103	0.381453	0.341473	0.355575	0.335356	0.384231	0.396942	0.383882	0.333285	0.336719	0.371859	0.334758	0.337296	0.35165	0.348858	0.352392	0.344114	0.342613	0.341225	0.34152	0.350157	0.33537	0.328858	0.318908	0.320153	0.339232	0.336548	0.340281	0.342453	0.344454	0.352048	0.334046	0.342137	0.345064	0	0.250509	0.250997	0.252729	0.251372	0.248545	0.449649	0.44875	0.449394	0.446023	0.43982	0.472758	0.537741	0.534096	0.537072	0.53166	0.588788	0.537591	0.462804	0.477159	0.46665	0.444041	0.444553	0.443749	0.440752	0.465951	0.44511	0.462526	0.47003	0.440738	0.449663	0.551563	0.468622	0.450537	0.450012	0.469162	0.450442	0.453538	0.441721	0.441878	0.441385	0.455066	0.459934	0.444008	0.445716	0.463027	0.477341	0.466147	0.530444	0.531125	0.538538	0.527684	0.533781	0.535175
ERR626765	0.505609	0.471871	0.462067	0.485827	0.474783	0.467045	0.40143	0.349084	0.40931	0.393881	0.350898	0.367253	0.338007	0.395518	0.409342	0.395163	0.333542	0.333195	0.383437	0.338727	0.341262	0.35966	0.356591	0.359921	0.3493	0.34688	0.345436	0.346003	0.356185	0.338113	0.333101	0.320028	0.319857	0.345546	0.342262	0.346746	0.352518	0.355199	0.363634	0.342403	0.352409	0.355473	0.250509	0	0.253623	0.255622	0.254768	0.250119	0.453678	0.45239	0.453315	0.449615	0.44121	0.481117	0.540248	0.536748	0.539469	0.532797	0.596204	0.539991	0.46869	0.484211	0.473094	0.447289	0.447497	0.44684	0.441501	0.473233	0.447739	0.46954	0.47738	0.441634	0.45105	0.56084	0.472907	0.452201	0.451257	0.473758	0.454449	0.458356	0.441044	0.441348	0.440958	0.459107	0.465062	0.444523	0.444073	0.468639	0.485279	0.472341	0.535834	0.536058	0.544107	0.532355	0.539236	0.54091
ERR626769	0.496482	0.464868	0.456121	0.477013	0.468762	0.462277	0.380325	0.334716	0.387971	0.373334	0.335546	0.349636	0.331837	0.377366	0.39062	0.377266	0.33046	0.333492	0.369643	0.33362	0.33552	0.347605	0.346222	0.347994	0.345446	0.343093	0.342211	0.342283	0.351436	0.335929	0.329112	0.320106	0.320144	0.340367	0.337591	0.341215	0.338432	0.341314	0.347764	0.33058	0.338297	0.340628	0.250997	0.253623	0	0.248649	0.247874	0.250259	0.445952	0.445039	0.445787	0.443477	0.437982	0.47	0.530612	0.527292	0.529978	0.524457	0.582923	0.530181	0.45958	0.47284	0.463379	0.443199	0.443506	0.443114	0.441888	0.464515	0.447251	0.461352	0.467861	0.442005	0.44971	0.545408	0.464819	0.450295	0.449474	0.465502	0.448383	0.451711	0.441341	0.441403	0.440935	0.452052	0.458191	0.445099	0.44644	0.460903	0.477528	0.464094	0.52531	0.525378	0.532686	0.522113	0.528435	0.530634
