	ERR617184	ERR617183	ERR617182	ERR617181	ERR617179	ERR617180	ERR613347	ERR613351	ERR613350	ERR613352	ERR613349	ERR613348	ERR613620	ERR613621	ERR613618	ERR613622	ERR613619	ERR613617	ERR636976	ERR636978	ERR636974	ERR636975	ERR636973	ERR636977	ERR636863	ERR636864	ERR636860	ERR636862	ERR636861	ERR636859	ERR630005	ERR630004	ERR630001	ERR630002	ERR630000	ERR630003	ERR636951	ERR636949	ERR636954	ERR636950	ERR636953	ERR636952	ERR618509	ERR618511	ERR618507	ERR618510	ERR618508	ERR618512	ERR611356	ERR611355	ERR611358	ERR611353	ERR611354	ERR611357	ERR638312	ERR638314	ERR638313	ERR638311	ERR638309	ERR638310	ERR618412	ERR618414	ERR618416	ERR618415	ERR618413	ERR618411	ERR612283	ERR612284	ERR612281	ERR612282	ERR612286	ERR612285	ERR617488	ERR617489	ERR617492	ERR617490	ERR617487	ERR617491	ERR616852	ERR616851	ERR616849	ERR616850	ERR616848	ERR616847	ERR606652	ERR606653	ERR606651	ERR606648	ERR606649	ERR606650	ERR616507	ERR616505	ERR616506	ERR616509	ERR616508	ERR616504
ERR617184	3.66796e+09	4.16776e+09	4.13608e+09	3.76929e+09	3.58167e+09	3.76151e+09	4.6237e+09	4.16276e+09	4.09143e+09	3.56284e+09	4.4192e+09	4.14597e+09	4.25085e+09	4.23084e+09	4.39703e+09	3.60907e+09	4.29908e+09	4.52728e+09	4.46985e+09	4.9422e+09	4.31492e+09	4.86389e+09	4.84223e+09	5.00709e+09	4.72284e+09	4.74269e+09	5.23964e+09	4.79036e+09	5.20118e+09	4.93098e+09	4.52121e+09	4.48697e+09	4.54121e+09	4.89094e+09	4.94043e+09	4.54082e+09	4.58437e+09	4.37026e+09	4.6522e+09	4.60761e+09	4.58908e+09	4.63474e+09	4.36535e+09	4.58838e+09	4.61072e+09	4.50708e+09	4.11662e+09	4.63839e+09	4.37198e+09	4.60592e+09	4.58332e+09	4.51561e+09	4.45277e+09	4.58413e+09	4.55618e+09	4.57353e+09	4.57373e+09	4.15678e+09	4.53851e+09	4.13315e+09	4.20847e+09	4.4743e+09	4.57384e+09	4.55013e+09	4.43241e+09	4.67517e+09	3.69609e+09	4.64537e+09	4.08982e+09	3.72461e+09	4.74001e+09	4.59087e+09	4.42674e+09	4.43801e+09	4.64375e+09	4.80652e+09	4.38001e+09	4.83927e+09	4.25093e+09	4.22765e+09	4.77148e+09	4.20748e+09	4.58615e+09	4.56522e+09	5.01602e+09	4.92239e+09	4.54475e+09	3.37589e+09	5.058e+09	4.95755e+09	4.90857e+09	3.211e+09	4.37346e+09	4.86493e+09	4.92263e+09	4.35227e+09
ERR617183	4.16776e+09	5.28366e+09	5.03965e+09	4.55857e+09	4.29591e+09	4.5464e+09	5.69921e+09	5.10776e+09	5.01617e+09	4.29818e+09	5.41928e+09	5.0633e+09	5.12582e+09	5.10122e+09	5.29022e+09	4.2987e+09	5.16899e+09	5.47314e+09	5.41892e+09	6.03491e+09	5.20976e+09	5.94739e+09	5.91922e+09	6.11749e+09	5.75576e+09	5.77852e+09	6.45245e+09	5.84281e+09	6.38545e+09	6.03756e+09	5.4697e+09	5.42552e+09	5.51498e+09	5.98656e+09	6.05239e+09	5.49687e+09	5.58097e+09	5.30859e+09	5.6689e+09	5.62754e+09	5.58478e+09	5.64476e+09	5.28247e+09	5.58646e+09	5.60521e+09	5.48051e+09	4.95446e+09	5.65083e+09	5.27248e+09	5.62519e+09	5.57432e+09	5.50034e+09	5.42347e+09	5.57455e+09	5.53272e+09	5.55571e+09	5.55486e+09	5.01178e+09	5.50623e+09	4.96976e+09	5.11562e+09	5.48383e+09	5.61396e+09	5.58353e+09	5.41447e+09	5.73595e+09	4.60739e+09	5.79445e+09	5.13052e+09	4.64504e+09	5.91482e+09	5.72024e+09	5.4421e+09	5.45821e+09	5.71397e+09	5.94026e+09	5.36463e+09	5.98433e+09	5.10857e+09	5.07635e+09	5.81784e+09	5.05129e+09	5.57776e+09	5.53448e+09	6.12166e+09	6.00022e+09	5.51419e+09	4.01137e+09	6.18759e+09	6.05666e+09	5.99652e+09	3.84915e+09	5.33359e+09	5.94159e+09	6.02218e+09	5.30252e+09
ERR617182	4.13608e+09	5.03965e+09	5.20573e+09	4.5254e+09	4.26456e+09	4.51328e+09	5.65516e+09	5.06999e+09	4.9793e+09	4.2681e+09	5.37738e+09	5.02485e+09	5.08354e+09	5.05859e+09	5.2441e+09	4.26468e+09	5.12502e+09	5.42544e+09	5.37277e+09	5.98135e+09	5.16568e+09	5.89554e+09	5.86772e+09	6.0627e+09	5.70627e+09	5.72887e+09	6.39669e+09	5.79203e+09	6.32939e+09	5.9856e+09	5.42324e+09	5.37872e+09	5.46851e+09	5.93518e+09	6.00035e+09	5.45005e+09	5.53385e+09	5.26569e+09	5.6212e+09	5.5807e+09	5.53732e+09	5.59672e+09	5.23755e+09	5.53889e+09	5.55636e+09	5.43499e+09	4.91398e+09	5.6028e+09	5.22608e+09	5.57671e+09	5.52582e+09	5.45314e+09	5.37777e+09	5.52639e+09	5.48623e+09	5.50961e+09	5.50812e+09	4.97078e+09	5.46029e+09	4.929e+09	5.07305e+09	5.43857e+09	5.56726e+09	5.53733e+09	5.36936e+09	5.68693e+09	4.57739e+09	5.749e+09	5.09658e+09	4.61573e+09	5.86808e+09	5.67545e+09	5.3986e+09	5.41429e+09	5.66718e+09	5.89178e+09	5.32102e+09	5.9351e+09	5.06338e+09	5.03154e+09	5.7668e+09	5.00674e+09	5.52915e+09	5.48541e+09	6.06485e+09	5.94417e+09	5.46448e+09	3.9776e+09	6.13057e+09	6.00121e+09	5.94209e+09	3.82076e+09	5.28865e+09	5.88758e+09	5.96764e+09	5.25836e+09
ERR617181	3.76929e+09	4.55857e+09	4.5254e+09	4.29396e+09	3.88633e+09	4.1048e+09	5.08873e+09	4.58481e+09	4.50684e+09	3.88619e+09	4.85106e+09	4.54572e+09	4.59148e+09	4.56963e+09	4.72861e+09	3.87029e+09	4.62509e+09	4.88662e+09	4.84041e+09	5.36603e+09	4.66122e+09	5.29172e+09	5.26768e+09	5.43611e+09	5.13063e+09	5.15023e+09	5.72601e+09	5.20506e+09	5.66832e+09	5.3728e+09	4.88708e+09	4.84888e+09	4.9287e+09	5.32951e+09	5.38547e+09	4.91019e+09	4.9834e+09	4.75152e+09	5.05707e+09	5.02324e+09	4.98536e+09	5.03651e+09	4.72486e+09	4.98664e+09	5.00165e+09	4.89652e+09	4.44125e+09	5.04153e+09	4.70853e+09	5.01353e+09	4.96972e+09	4.90653e+09	4.84068e+09	4.97012e+09	4.94165e+09	4.96159e+09	4.96075e+09	4.49378e+09	4.91908e+09	4.45768e+09	4.58271e+09	4.89906e+09	5.01042e+09	4.98429e+09	4.83887e+09	5.11356e+09	4.14433e+09	5.16621e+09	4.59587e+09	4.17728e+09	5.26947e+09	5.10255e+09	4.86585e+09	4.87992e+09	5.09775e+09	5.29035e+09	4.79866e+09	5.32747e+09	4.56741e+09	4.53972e+09	5.1801e+09	4.51733e+09	4.97306e+09	4.93513e+09	5.43702e+09	5.33299e+09	4.91688e+09	3.60922e+09	5.49528e+09	5.3832e+09	5.33559e+09	3.48392e+09	4.76874e+09	5.28882e+09	5.3579e+09	4.74203e+09
ERR617179	3.58167e+09	4.29591e+09	4.26456e+09	3.88633e+09	3.84698e+09	3.87645e+09	4.77718e+09	4.30652e+09	4.23308e+09	3.67127e+09	4.56052e+09	4.27841e+09	4.35209e+09	4.33183e+09	4.48966e+09	3.68386e+09	4.3919e+09	4.63222e+09	4.58002e+09	5.06726e+09	4.41654e+09	4.99409e+09	4.97226e+09	5.13312e+09	4.84629e+09	4.86523e+09	5.38981e+09	4.91556e+09	5.34235e+09	5.06604e+09	4.62819e+09	4.59304e+09	4.65876e+09	5.02651e+09	5.07804e+09	4.64968e+09	4.70693e+09	4.48993e+09	4.77661e+09	4.73923e+09	4.71036e+09	4.758e+09	4.47393e+09	4.71119e+09	4.72985e+09	4.62746e+09	4.21383e+09	4.7625e+09	4.46714e+09	4.73402e+09	4.69995e+09	4.63726e+09	4.57474e+09	4.70029e+09	4.67417e+09	4.69235e+09	4.69146e+09	4.26057e+09	4.65454e+09	4.23029e+09	4.3273e+09	4.61204e+09	4.715e+09	4.69043e+09	4.56205e+09	4.81569e+09	3.86589e+09	4.83013e+09	4.28079e+09	3.89619e+09	4.92645e+09	4.77223e+09	4.57279e+09	4.58502e+09	4.79117e+09	4.96594e+09	4.51737e+09	5.00022e+09	4.33656e+09	4.31163e+09	4.8947e+09	4.29078e+09	4.70337e+09	4.67483e+09	5.13967e+09	5.04304e+09	4.65534e+09	3.4421e+09	5.18914e+09	5.08538e+09	5.03465e+09	3.30154e+09	4.49923e+09	4.99052e+09	5.05314e+09	4.47521e+09
ERR617180	3.76151e+09	4.5464e+09	4.51328e+09	4.1048e+09	3.87645e+09	4.27189e+09	5.07408e+09	4.56992e+09	4.49161e+09	3.87658e+09	4.83708e+09	4.53244e+09	4.58459e+09	4.56347e+09	4.72327e+09	3.86641e+09	4.62056e+09	4.88072e+09	4.83284e+09	5.3568e+09	4.65484e+09	5.28187e+09	5.25794e+09	5.42676e+09	5.12205e+09	5.14182e+09	5.7147e+09	5.19653e+09	5.65814e+09	5.36246e+09	4.88075e+09	4.84246e+09	4.91965e+09	5.31977e+09	5.3751e+09	4.90382e+09	4.97366e+09	4.74268e+09	5.04913e+09	5.01329e+09	4.97757e+09	5.02852e+09	4.71869e+09	4.97859e+09	4.99433e+09	4.88836e+09	4.43634e+09	5.03376e+09	4.70353e+09	5.00548e+09	4.96284e+09	4.89908e+09	4.83302e+09	4.96299e+09	4.93498e+09	4.95505e+09	4.95394e+09	4.48854e+09	4.91285e+09	4.45279e+09	4.57356e+09	4.8873e+09	4.99831e+09	4.97255e+09	4.82873e+09	5.10203e+09	4.12082e+09	5.14307e+09	4.57046e+09	4.15405e+09	5.24615e+09	5.08013e+09	4.85216e+09	4.86617e+09	5.08434e+09	5.27631e+09	4.78624e+09	5.31331e+09	4.56274e+09	4.53507e+09	5.17261e+09	4.51327e+09	4.96734e+09	4.9298e+09	5.42922e+09	5.32497e+09	4.90933e+09	3.60855e+09	5.48597e+09	5.37388e+09	5.32531e+09	3.47754e+09	4.75894e+09	5.27805e+09	5.34657e+09	4.73324e+09
ERR613347	4.6237e+09	5.69921e+09	5.65516e+09	5.08873e+09	4.77718e+09	5.07408e+09	7.11283e+09	6.09757e+09	5.98237e+09	5.05697e+09	6.49195e+09	6.03001e+09	5.70157e+09	5.67315e+09	5.88349e+09	4.73595e+09	5.73764e+09	6.1113e+09	6.068e+09	6.81472e+09	5.81605e+09	6.71347e+09	6.67896e+09	6.9172e+09	6.43418e+09	6.46102e+09	7.31641e+09	6.54054e+09	7.22475e+09	6.79089e+09	6.11952e+09	6.06645e+09	6.18408e+09	6.76395e+09	6.84623e+09	6.15292e+09	6.28838e+09	5.96968e+09	6.3918e+09	6.35505e+09	6.289e+09	6.36167e+09	5.89092e+09	6.26165e+09	6.27523e+09	6.13511e+09	5.50473e+09	6.33889e+09	5.94042e+09	6.39748e+09	6.32793e+09	6.23636e+09	6.14125e+09	6.32786e+09	6.15657e+09	6.18667e+09	6.18419e+09	5.53465e+09	6.12392e+09	5.48327e+09	5.95164e+09	6.42141e+09	6.58336e+09	6.54485e+09	6.32468e+09	6.72455e+09	5.41649e+09	6.8599e+09	6.06912e+09	5.46388e+09	7.0081e+09	6.76467e+09	6.37718e+09	6.39874e+09	6.70927e+09	6.99824e+09	6.27042e+09	7.05213e+09	5.73598e+09	5.69579e+09	6.63399e+09	5.66582e+09	6.32626e+09	6.26688e+09	7.09048e+09	6.93757e+09	6.34029e+09	4.5273e+09	7.17918e+09	7.01686e+09	6.92858e+09	4.36804e+09	6.1392e+09	6.8603e+09	6.96352e+09	6.09797e+09
ERR613351	4.16276e+09	5.10776e+09	5.06999e+09	4.58481e+09	4.30652e+09	4.56992e+09	6.09757e+09	5.67286e+09	5.37144e+09	4.56917e+09	5.78671e+09	5.39895e+09	5.07634e+09	5.05267e+09	5.21998e+09	4.23826e+09	5.09648e+09	5.41974e+09	5.38758e+09	6.01443e+09	5.17167e+09	5.93331e+09	5.90493e+09	6.09934e+09	5.69724e+09	5.71986e+09	6.44307e+09	5.78658e+09	6.363e+09	6.00245e+09	5.43363e+09	5.38826e+09	5.49723e+09	5.98681e+09	6.05735e+09	5.46228e+09	5.58167e+09	5.31678e+09	5.66671e+09	5.64298e+09	5.58002e+09	5.6411e+09	5.23483e+09	5.556e+09	5.56155e+09	5.44909e+09	4.90234e+09	5.6213e+09	5.26174e+09	5.66488e+09	5.60144e+09	5.52649e+09	5.44661e+09	5.60061e+09	5.46598e+09	5.49215e+09	5.4896e+09	4.93257e+09	5.43717e+09	4.88677e+09	5.30271e+09	5.70767e+09	5.84316e+09	5.81131e+09	5.61876e+09	5.9556e+09	4.88301e+09	6.09778e+09	5.44026e+09	4.92282e+09	6.2219e+09	6.01735e+09	5.67689e+09	5.69631e+09	5.95162e+09	6.19557e+09	5.58227e+09	6.23995e+09	5.0865e+09	5.0518e+09	5.86064e+09	5.02596e+09	5.59928e+09	5.54357e+09	6.23765e+09	6.10961e+09	5.60999e+09	4.04538e+09	6.31634e+09	6.18144e+09	6.11152e+09	3.94012e+09	5.45791e+09	6.0556e+09	6.14307e+09	5.42238e+09
ERR613350	4.09143e+09	5.01617e+09	4.9793e+09	4.50684e+09	4.23308e+09	4.49161e+09	5.98237e+09	5.37144e+09	5.47686e+09	4.49475e+09	5.68026e+09	5.30252e+09	4.97659e+09	4.95393e+09	5.11459e+09	4.15786e+09	4.99451e+09	5.31032e+09	5.28208e+09	5.89106e+09	5.07127e+09	5.81291e+09	5.78517e+09	5.97374e+09	5.58303e+09	5.60493e+09	6.31002e+09	5.66959e+09	6.23123e+09	5.88061e+09	5.32613e+09	5.28212e+09	5.39016e+09	5.86658e+09	5.93477e+09	5.35431e+09	5.47303e+09	5.21528e+09	5.55508e+09	5.53257e+09	5.47091e+09	5.53024e+09	5.13353e+09	5.44681e+09	5.45118e+09	5.34312e+09	4.80849e+09	5.51017e+09	5.15485e+09	5.55008e+09	5.48754e+09	5.41497e+09	5.33678e+09	5.48699e+09	5.35762e+09	5.38322e+09	5.38053e+09	4.83777e+09	5.32953e+09	4.79215e+09	5.20188e+09	5.59782e+09	5.72909e+09	5.69786e+09	5.51011e+09	5.8373e+09	4.79762e+09	5.97794e+09	5.34165e+09	4.83654e+09	6.09795e+09	5.89922e+09	5.56949e+09	5.58768e+09	5.83551e+09	6.07266e+09	5.47566e+09	6.1159e+09	4.9834e+09	4.94938e+09	5.7396e+09	4.92474e+09	5.48527e+09	5.43051e+09	6.10516e+09	5.98093e+09	5.49543e+09	3.96753e+09	6.18181e+09	6.05036e+09	5.98491e+09	3.87175e+09	5.35096e+09	5.93029e+09	6.01588e+09	5.31603e+09
ERR613352	3.56284e+09	4.29818e+09	4.2681e+09	3.88619e+09	3.67127e+09	3.87658e+09	5.05697e+09	4.56917e+09	4.49475e+09	4.05594e+09	4.82565e+09	4.52999e+09	4.29247e+09	4.27454e+09	4.412e+09	3.62643e+09	4.31578e+09	4.56415e+09	4.53439e+09	5.0179e+09	4.36871e+09	4.94922e+09	4.92666e+09	5.08409e+09	4.76986e+09	4.78843e+09	5.33437e+09	4.83944e+09	5.28121e+09	5.00139e+09	4.58311e+09	4.54859e+09	4.62369e+09	4.99489e+09	5.04789e+09	4.60484e+09	4.68104e+09	4.47323e+09	4.74782e+09	4.7206e+09	4.68163e+09	4.72907e+09	4.41631e+09	4.65869e+09	4.66745e+09	4.57556e+09	4.15457e+09	4.70971e+09	4.43588e+09	4.73021e+09	4.6907e+09	4.6258e+09	4.56174e+09	4.69024e+09	4.59808e+09	4.61841e+09	4.61669e+09	4.18125e+09	4.57686e+09	4.14838e+09	4.45285e+09	4.75615e+09	4.86041e+09	4.83569e+09	4.69603e+09	4.9517e+09	4.02962e+09	4.99742e+09	4.45444e+09	4.05973e+09	5.0933e+09	4.93676e+09	4.72435e+09	4.737e+09	4.93995e+09	5.12085e+09	4.65785e+09	5.15459e+09	4.30134e+09	4.27424e+09	4.89324e+09	4.25463e+09	4.6919e+09	4.65511e+09	5.18811e+09	5.08957e+09	4.70179e+09	3.46847e+09	5.24308e+09	5.13917e+09	5.08947e+09	3.37055e+09	4.57264e+09	5.045e+09	5.10995e+09	4.54672e+09
ERR613349	4.4192e+09	5.41928e+09	5.37738e+09	4.85106e+09	4.56052e+09	4.83708e+09	6.49195e+09	5.78671e+09	5.68026e+09	4.82565e+09	6.37998e+09	5.72859e+09	5.42693e+09	5.40037e+09	5.59817e+09	4.52294e+09	5.46137e+09	5.80859e+09	5.76593e+09	6.45481e+09	5.53299e+09	6.35916e+09	6.32791e+09	6.54974e+09	6.09983e+09	6.1251e+09	6.90733e+09	6.19749e+09	6.82717e+09	6.42761e+09	5.8171e+09	5.76833e+09	5.87643e+09	6.40903e+09	6.48421e+09	5.84821e+09	5.9674e+09	5.67226e+09	6.06173e+09	6.02598e+09	5.9676e+09	6.03451e+09	5.59902e+09	5.94099e+09	5.95562e+09	5.82431e+09	5.24031e+09	6.01316e+09	5.64971e+09	6.06597e+09	6.00609e+09	5.9185e+09	5.82975e+09	6.00556e+09	5.84795e+09	5.87602e+09	5.87372e+09	5.269e+09	5.81837e+09	5.22283e+09	5.65752e+09	6.08684e+09	6.23597e+09	6.2008e+09	6.0005e+09	6.36864e+09	5.1299e+09	6.47288e+09	5.72808e+09	5.17264e+09	6.6095e+09	6.38621e+09	6.0433e+09	6.06315e+09	6.35069e+09	6.61223e+09	5.94794e+09	6.66121e+09	5.46036e+09	5.42333e+09	6.29029e+09	5.39541e+09	6.00446e+09	5.95183e+09	6.71432e+09	6.573e+09	6.02129e+09	4.3281e+09	6.7945e+09	6.64576e+09	6.56302e+09	4.17562e+09	5.83005e+09	6.50032e+09	6.59363e+09	5.79169e+09
ERR613348	4.14597e+09	5.0633e+09	5.02485e+09	4.54572e+09	4.27841e+09	4.53244e+09	6.03001e+09	5.39895e+09	5.30252e+09	4.52999e+09	5.72859e+09	5.55216e+09	5.06168e+09	5.03793e+09	5.2157e+09	4.23521e+09	5.09254e+09	5.40724e+09	5.36962e+09	5.98876e+09	5.1587e+09	5.90387e+09	5.87498e+09	6.07422e+09	5.67031e+09	5.6936e+09	6.39545e+09	5.7586e+09	6.32359e+09	5.96495e+09	5.41883e+09	5.37488e+09	5.4728e+09	5.95157e+09	6.01917e+09	5.44714e+09	5.55365e+09	5.28716e+09	5.63834e+09	5.60655e+09	5.55376e+09	5.61429e+09	5.21799e+09	5.52642e+09	5.53947e+09	5.42119e+09	4.89177e+09	5.59114e+09	5.2569e+09	5.63479e+09	5.58034e+09	5.5014e+09	5.421e+09	5.57965e+09	5.44531e+09	5.47055e+09	5.46864e+09	4.9198e+09	5.4186e+09	4.87724e+09	5.27174e+09	5.65874e+09	5.79221e+09	5.76028e+09	5.5805e+09	5.91045e+09	4.77572e+09	5.99275e+09	5.31621e+09	4.81522e+09	6.11563e+09	5.91503e+09	5.61832e+09	5.63632e+09	5.89487e+09	6.12883e+09	5.53319e+09	6.17239e+09	5.08515e+09	5.05127e+09	5.83768e+09	5.02547e+09	5.58043e+09	5.53305e+09	6.21623e+09	6.09005e+09	5.59445e+09	4.05397e+09	6.28911e+09	6.1555e+09	6.08208e+09	3.92151e+09	5.42513e+09	6.02636e+09	6.11033e+09	5.39149e+09
ERR613620	4.25085e+09	5.12582e+09	5.08354e+09	4.59148e+09	4.35209e+09	4.58459e+09	5.70157e+09	5.07634e+09	4.97659e+09	4.29247e+09	5.42693e+09	5.06168e+09	6.06357e+09	5.85454e+09	6.1125e+09	4.95435e+09	5.97528e+09	6.28369e+09	5.98256e+09	6.66138e+09	5.76107e+09	6.55531e+09	6.52143e+09	6.75246e+09	6.37553e+09	6.40283e+09	7.03841e+09	6.46902e+09	6.99175e+09	6.64433e+09	6.01868e+09	5.97307e+09	6.03689e+09	6.53296e+09	6.59799e+09	6.04805e+09	6.03563e+09	5.71276e+09	6.13933e+09	6.06336e+09	6.04972e+09	6.11465e+09	5.83639e+09	6.14815e+09	6.19345e+09	6.02761e+09	5.48923e+09	6.21414e+09	6.08311e+09	6.38156e+09	6.34608e+09	6.26802e+09	6.19126e+09	6.34915e+09	6.22015e+09	6.241e+09	6.24175e+09	5.66588e+09	6.19885e+09	5.63527e+09	5.32225e+09	5.67596e+09	5.81588e+09	5.7872e+09	5.62911e+09	5.97843e+09	4.63104e+09	6.04025e+09	5.16388e+09	4.67053e+09	6.16957e+09	5.96276e+09	5.54097e+09	5.55603e+09	5.84573e+09	6.07167e+09	5.48508e+09	6.12252e+09	5.91435e+09	5.88231e+09	6.5684e+09	5.85392e+09	6.34812e+09	6.32055e+09	6.84936e+09	6.72385e+09	6.18738e+09	4.5239e+09	6.9055e+09	6.7669e+09	6.52692e+09	4.0818e+09	5.73081e+09	6.46106e+09	6.54083e+09	5.70161e+09
ERR613621	4.23084e+09	5.10122e+09	5.05859e+09	4.56963e+09	4.33183e+09	4.56347e+09	5.67315e+09	5.05267e+09	4.95393e+09	4.27454e+09	5.40037e+09	5.03793e+09	5.85454e+09	6.002e+09	6.07957e+09	4.93087e+09	5.94394e+09	6.24939e+09	5.95064e+09	6.62438e+09	5.73084e+09	6.51853e+09	6.4851e+09	6.71467e+09	6.34127e+09	6.36865e+09	7.00056e+09	6.43462e+09	6.95403e+09	6.60835e+09	5.98693e+09	5.94087e+09	6.00439e+09	6.49698e+09	6.56134e+09	6.0164e+09	6.00398e+09	5.68317e+09	6.1066e+09	6.03103e+09	6.01817e+09	6.08233e+09	5.80551e+09	6.11537e+09	6.15999e+09	5.99552e+09	5.46036e+09	6.18102e+09	6.04939e+09	6.34641e+09	6.31163e+09	6.23367e+09	6.15765e+09	6.31446e+09	6.18699e+09	6.20795e+09	6.20835e+09	5.63664e+09	6.16538e+09	5.60651e+09	5.29432e+09	5.64595e+09	5.7854e+09	5.75638e+09	5.5993e+09	5.94606e+09	4.60843e+09	6.00712e+09	5.13755e+09	4.64776e+09	6.13534e+09	5.92982e+09	5.51251e+09	5.52685e+09	5.81462e+09	6.03864e+09	5.45666e+09	6.08952e+09	5.88268e+09	5.85047e+09	6.53209e+09	5.82303e+09	6.31384e+09	6.28615e+09	6.80994e+09	6.68537e+09	6.15293e+09	4.50237e+09	6.86561e+09	6.72751e+09	6.48992e+09	4.06298e+09	5.70054e+09	6.42475e+09	6.50401e+09	5.67098e+09
ERR613618	4.39703e+09	5.29022e+09	5.2441e+09	4.72861e+09	4.48966e+09	4.72327e+09	5.88349e+09	5.21998e+09	5.11459e+09	4.412e+09	5.59817e+09	5.2157e+09	6.1125e+09	6.07957e+09	6.56994e+09	5.13996e+09	6.22616e+09	6.55368e+09	6.22322e+09	6.94716e+09	5.99273e+09	6.82835e+09	6.79182e+09	7.04544e+09	6.632e+09	6.66287e+09	7.32896e+09	6.73287e+09	7.28685e+09	6.91212e+09	6.25997e+09	6.21188e+09	6.26902e+09	6.79143e+09	6.8601e+09	6.29184e+09	6.26511e+09	5.91974e+09	6.37549e+09	6.28724e+09	6.28222e+09	6.35054e+09	6.06478e+09	6.38607e+09	6.44362e+09	6.25859e+09	5.70301e+09	6.45701e+09	6.35336e+09	6.6464e+09	6.61759e+09	6.52958e+09	6.44618e+09	6.62104e+09	6.47213e+09	6.4931e+09	6.49496e+09	5.88489e+09	6.45088e+09	5.85638e+09	5.51808e+09	5.87752e+09	6.02684e+09	5.99611e+09	5.83725e+09	6.2045e+09	4.72586e+09	6.21613e+09	5.27633e+09	4.76721e+09	6.35389e+09	6.13602e+09	5.72803e+09	5.74241e+09	6.05391e+09	6.28651e+09	5.67818e+09	6.33989e+09	6.17513e+09	6.14208e+09	6.85224e+09	6.11209e+09	6.61853e+09	6.59982e+09	7.15901e+09	7.02508e+09	6.45054e+09	4.70758e+09	7.20991e+09	7.06233e+09	6.80056e+09	4.21096e+09	5.94484e+09	6.7302e+09	6.81158e+09	5.91474e+09
ERR613622	3.60907e+09	4.2987e+09	4.26468e+09	3.87029e+09	3.68386e+09	3.86641e+09	4.73595e+09	4.23826e+09	4.15786e+09	3.62643e+09	4.52294e+09	4.23521e+09	4.95435e+09	4.93087e+09	5.13996e+09	4.37467e+09	5.0331e+09	5.26755e+09	5.01695e+09	5.54542e+09	4.8462e+09	5.46003e+09	5.43357e+09	5.61658e+09	5.32299e+09	5.34577e+09	5.83004e+09	5.39605e+09	5.79828e+09	5.52734e+09	5.0482e+09	5.0128e+09	5.05602e+09	5.43737e+09	5.48748e+09	5.07099e+09	5.04926e+09	4.7935e+09	5.13054e+09	5.06621e+09	5.06161e+09	5.11213e+09	4.90196e+09	5.14076e+09	5.17935e+09	5.04589e+09	4.63139e+09	5.19273e+09	5.10439e+09	5.32217e+09	5.29958e+09	5.23612e+09	5.17581e+09	5.30212e+09	5.20635e+09	5.22218e+09	5.22318e+09	4.77675e+09	5.19037e+09	4.75592e+09	4.45833e+09	4.73058e+09	4.84194e+09	4.81882e+09	4.69873e+09	4.97394e+09	3.86401e+09	5.00217e+09	4.28593e+09	3.89636e+09	5.10365e+09	4.94237e+09	4.61439e+09	4.6251e+09	4.85883e+09	5.03278e+09	4.57594e+09	5.07343e+09	4.97492e+09	4.95049e+09	5.47143e+09	4.92847e+09	5.30207e+09	5.28545e+09	5.69425e+09	5.59685e+09	5.17972e+09	3.86931e+09	5.73366e+09	5.62622e+09	5.42985e+09	3.47669e+09	4.79635e+09	5.37819e+09	5.43901e+09	4.77345e+09
ERR613619	4.29908e+09	5.16899e+09	5.12502e+09	4.62509e+09	4.3919e+09	4.62056e+09	5.73764e+09	5.09648e+09	4.99451e+09	4.31578e+09	5.46137e+09	5.09254e+09	5.97528e+09	5.94394e+09	6.22616e+09	5.0331e+09	6.26678e+09	6.39398e+09	6.07719e+09	6.77325e+09	5.85351e+09	6.65958e+09	6.62418e+09	6.8672e+09	6.47724e+09	6.50642e+09	7.14616e+09	6.57347e+09	7.10468e+09	6.74657e+09	6.11681e+09	6.07035e+09	6.12431e+09	6.62762e+09	6.6937e+09	6.14678e+09	6.1202e+09	5.78648e+09	6.22773e+09	6.14187e+09	6.13718e+09	6.20345e+09	5.92816e+09	6.23924e+09	6.29324e+09	6.11555e+09	5.57746e+09	6.30751e+09	6.19924e+09	6.4839e+09	6.45492e+09	6.37047e+09	6.29128e+09	6.45775e+09	6.32301e+09	6.34378e+09	6.34562e+09	5.75746e+09	6.30237e+09	5.72923e+09	5.38241e+09	5.73116e+09	5.87575e+09	5.84524e+09	5.69219e+09	6.04669e+09	4.60973e+09	6.05822e+09	5.14349e+09	4.64982e+09	6.19137e+09	5.98123e+09	5.58587e+09	5.59961e+09	5.90071e+09	6.12626e+09	5.53628e+09	6.17817e+09	6.02801e+09	5.99552e+09	6.68187e+09	5.96675e+09	6.45841e+09	6.43758e+09	6.96934e+09	6.8406e+09	6.28817e+09	4.60563e+09	7.02181e+09	6.87889e+09	6.62814e+09	4.12382e+09	5.80361e+09	6.56048e+09	6.63959e+09	5.77474e+09
ERR613617	4.52728e+09	5.47314e+09	5.42544e+09	4.88662e+09	4.63222e+09	4.88072e+09	6.1113e+09	5.41974e+09	5.31032e+09	4.56415e+09	5.80859e+09	5.40724e+09	6.28369e+09	6.24939e+09	6.55368e+09	5.26755e+09	6.39398e+09	6.9395e+09	6.40944e+09	7.16617e+09	6.16597e+09	7.04581e+09	7.00832e+09	7.26904e+09	6.83735e+09	6.86855e+09	7.57736e+09	6.94257e+09	7.52873e+09	7.13497e+09	6.4453e+09	6.39516e+09	6.46112e+09	7.01237e+09	7.08467e+09	6.47859e+09	6.46341e+09	6.10522e+09	6.57784e+09	6.49141e+09	6.47983e+09	6.55133e+09	6.24277e+09	6.5834e+09	6.6397e+09	6.45041e+09	5.86371e+09	6.65796e+09	6.53086e+09	6.85384e+09	6.81778e+09	6.72851e+09	6.64214e+09	6.82133e+09	6.66473e+09	6.68744e+09	6.68833e+09	6.04884e+09	6.64118e+09	6.01529e+09	5.70411e+09	6.08787e+09	6.24371e+09	6.21142e+09	6.04014e+09	6.42577e+09	4.92065e+09	6.46022e+09	5.49991e+09	4.96397e+09	6.60379e+09	6.37538e+09	5.93887e+09	5.95525e+09	6.27661e+09	6.52394e+09	5.88131e+09	6.57962e+09	6.34202e+09	6.30724e+09	7.06638e+09	6.27562e+09	6.81927e+09	6.79423e+09	7.38551e+09	7.24452e+09	6.6438e+09	4.82355e+09	7.44321e+09	7.28772e+09	7.02205e+09	4.33599e+09	6.13804e+09	6.94831e+09	7.03569e+09	6.10545e+09
ERR636976	4.46985e+09	5.41892e+09	5.37277e+09	4.84041e+09	4.58002e+09	4.83284e+09	6.068e+09	5.38758e+09	5.28208e+09	4.53439e+09	5.76593e+09	5.36962e+09	5.98256e+09	5.95064e+09	6.22322e+09	5.01695e+09	6.07719e+09	6.40944e+09	6.58238e+09	7.11924e+09	6.13373e+09	6.99952e+09	6.96341e+09	7.21786e+09	6.70605e+09	6.73632e+09	7.44976e+09	6.80879e+09	7.39521e+09	7.00592e+09	6.28859e+09	6.23881e+09	6.30825e+09	6.84443e+09	6.91553e+09	6.32021e+09	6.38993e+09	6.04367e+09	6.50324e+09	6.42117e+09	6.40492e+09	6.47557e+09	6.11461e+09	6.45188e+09	6.49717e+09	6.32303e+09	5.7383e+09	6.52618e+09	6.23321e+09	6.56595e+09	6.52683e+09	6.43862e+09	6.35297e+09	6.52961e+09	6.46422e+09	6.48839e+09	6.48913e+09	5.86637e+09	6.43877e+09	5.83176e+09	5.57719e+09	5.96699e+09	6.11915e+09	6.0864e+09	5.91399e+09	6.28857e+09	4.81599e+09	6.2818e+09	5.38881e+09	4.85944e+09	6.4229e+09	6.19846e+09	5.83754e+09	5.85271e+09	6.16808e+09	6.41411e+09	5.77393e+09	6.46841e+09	6.05516e+09	6.02073e+09	6.78471e+09	5.99084e+09	6.53341e+09	6.50378e+09	7.06714e+09	6.93088e+09	6.35389e+09	4.60639e+09	7.1284e+09	6.97719e+09	6.80974e+09	4.21383e+09	5.96315e+09	6.73959e+09	6.82678e+09	5.9319e+09
ERR636978	4.9422e+09	6.03491e+09	5.98135e+09	5.36603e+09	5.06726e+09	5.3568e+09	6.81472e+09	6.01443e+09	5.89106e+09	5.0179e+09	6.45481e+09	5.98876e+09	6.66138e+09	6.62438e+09	6.94716e+09	5.54542e+09	6.77325e+09	7.16617e+09	7.11924e+09	8.25222e+09	6.83006e+09	7.86279e+09	7.81921e+09	8.12656e+09	7.5158e+09	7.55132e+09	8.41487e+09	7.63856e+09	8.3478e+09	7.87612e+09	7.01994e+09	6.96039e+09	7.04444e+09	7.68447e+09	7.77059e+09	7.05754e+09	7.14634e+09	6.73882e+09	7.27985e+09	7.18574e+09	7.16297e+09	7.24803e+09	6.81895e+09	7.21701e+09	7.27084e+09	7.06488e+09	6.38169e+09	7.3048e+09	6.97514e+09	7.36949e+09	7.32191e+09	7.21837e+09	7.11728e+09	7.32573e+09	7.22745e+09	7.25647e+09	7.25728e+09	6.52259e+09	7.19759e+09	6.48132e+09	6.23299e+09	6.69075e+09	6.86955e+09	6.83137e+09	6.62678e+09	7.06861e+09	5.37296e+09	7.06597e+09	6.03957e+09	5.42235e+09	7.23254e+09	6.96778e+09	6.54386e+09	6.56276e+09	6.93087e+09	7.22348e+09	6.46751e+09	7.28642e+09	6.76297e+09	6.72163e+09	7.62688e+09	6.68647e+09	7.32704e+09	7.29161e+09	7.96824e+09	7.80379e+09	7.11826e+09	5.09628e+09	8.04154e+09	7.86032e+09	7.66114e+09	4.65272e+09	6.66723e+09	7.5782e+09	7.68203e+09	6.6295e+09
ERR636974	4.31492e+09	5.20976e+09	5.16568e+09	4.66122e+09	4.41654e+09	4.65484e+09	5.81605e+09	5.17167e+09	5.07127e+09	4.36871e+09	5.53299e+09	5.1587e+09	5.76107e+09	5.73084e+09	5.99273e+09	4.8462e+09	5.85351e+09	6.16597e+09	6.13373e+09	6.83006e+09	6.09844e+09	6.71908e+09	6.68472e+09	6.92321e+09	6.44051e+09	6.46862e+09	7.13617e+09	6.53671e+09	7.08773e+09	6.72072e+09	6.05052e+09	6.00269e+09	6.06634e+09	6.56876e+09	6.63594e+09	6.0791e+09	6.1413e+09	5.81387e+09	6.24803e+09	6.16809e+09	6.15491e+09	6.22209e+09	5.88459e+09	6.20015e+09	6.24512e+09	6.07849e+09	5.52959e+09	6.27058e+09	5.99685e+09	6.30471e+09	6.27073e+09	6.18594e+09	6.10424e+09	6.27329e+09	6.21594e+09	6.23806e+09	6.23888e+09	5.65219e+09	6.19283e+09	5.62075e+09	5.36213e+09	5.72675e+09	5.87052e+09	5.83935e+09	5.67927e+09	6.03378e+09	4.60981e+09	6.00515e+09	5.14993e+09	4.65033e+09	6.13829e+09	5.92685e+09	5.59941e+09	5.61302e+09	5.91318e+09	6.14404e+09	5.54156e+09	6.19424e+09	5.83025e+09	5.79788e+09	6.51489e+09	5.76985e+09	6.27815e+09	6.25263e+09	6.78165e+09	6.65325e+09	6.10771e+09	4.4497e+09	6.83803e+09	6.69502e+09	6.53554e+09	4.06571e+09	5.73099e+09	6.46856e+09	6.55005e+09	5.70137e+09
ERR636975	4.86389e+09	5.94739e+09	5.89554e+09	5.29172e+09	4.99409e+09	5.28187e+09	6.71347e+09	5.93331e+09	5.81291e+09	4.94922e+09	6.35916e+09	5.90387e+09	6.55531e+09	6.51853e+09	6.82835e+09	5.46003e+09	6.65958e+09	7.04581e+09	6.99952e+09	7.86279e+09	6.71908e+09	7.96613e+09	7.69006e+09	7.97793e+09	7.38944e+09	7.42356e+09	8.26845e+09	7.50899e+09	8.1991e+09	7.74262e+09	6.90213e+09	6.84365e+09	6.93128e+09	7.55977e+09	7.64347e+09	6.93821e+09	7.02877e+09	6.63316e+09	7.1588e+09	7.0719e+09	7.04493e+09	7.12718e+09	6.70867e+09	7.10081e+09	7.15167e+09	6.95231e+09	6.27911e+09	7.18535e+09	6.85505e+09	7.25303e+09	7.20005e+09	7.10354e+09	7.00598e+09	7.20366e+09	7.11035e+09	7.13845e+09	7.13922e+09	6.42227e+09	7.08131e+09	6.37841e+09	6.13628e+09	6.58866e+09	6.76319e+09	6.72573e+09	6.52306e+09	6.95684e+09	5.32208e+09	6.97673e+09	5.98059e+09	5.37189e+09	7.1382e+09	6.87932e+09	6.44815e+09	6.46587e+09	6.82319e+09	7.11291e+09	6.36982e+09	7.17477e+09	6.64554e+09	6.60517e+09	7.49729e+09	6.57105e+09	7.20595e+09	7.16802e+09	7.827e+09	7.66777e+09	7.00032e+09	5.01504e+09	7.90098e+09	7.72611e+09	7.52812e+09	4.59134e+09	6.5657e+09	7.44672e+09	7.54944e+09	6.52791e+09
ERR636973	4.84223e+09	5.91922e+09	5.86772e+09	5.26768e+09	4.97226e+09	5.25794e+09	6.67896e+09	5.90493e+09	5.78517e+09	4.92666e+09	6.32791e+09	5.87498e+09	6.52143e+09	6.4851e+09	6.79182e+09	5.43357e+09	6.62418e+09	7.00832e+09	6.96341e+09	7.81921e+09	6.68472e+09	7.69006e+09	7.87852e+09	7.93364e+09	7.34887e+09	7.38146e+09	8.21966e+09	7.4672e+09	8.15061e+09	7.69889e+09	6.86518e+09	6.8077e+09	6.89535e+09	7.51838e+09	7.60237e+09	6.90217e+09	6.99223e+09	6.59887e+09	7.12057e+09	7.03462e+09	7.00712e+09	7.08871e+09	6.67218e+09	7.0617e+09	7.11208e+09	6.9139e+09	6.2462e+09	7.14602e+09	6.81517e+09	7.2108e+09	7.15832e+09	7.0628e+09	6.96566e+09	7.16157e+09	7.07141e+09	7.09949e+09	7.0997e+09	6.3886e+09	7.04269e+09	6.34509e+09	6.10498e+09	6.55387e+09	6.7278e+09	6.69031e+09	6.48858e+09	6.91941e+09	5.29968e+09	6.94209e+09	5.95395e+09	5.34897e+09	7.10262e+09	6.84554e+09	6.41489e+09	6.43361e+09	6.78698e+09	7.07472e+09	6.33722e+09	7.13581e+09	6.60816e+09	6.56829e+09	7.45362e+09	6.53439e+09	7.16435e+09	7.12608e+09	7.78221e+09	7.62446e+09	6.96167e+09	4.99015e+09	7.85609e+09	7.68174e+09	7.48541e+09	4.56958e+09	6.53049e+09	7.40472e+09	7.50701e+09	6.49294e+09
ERR636977	5.00709e+09	6.11749e+09	6.0627e+09	5.43611e+09	5.13312e+09	5.42676e+09	6.9172e+09	6.09934e+09	5.97374e+09	5.08409e+09	6.54974e+09	6.07422e+09	6.75246e+09	6.71467e+09	7.04544e+09	5.61658e+09	6.8672e+09	7.26904e+09	7.21786e+09	8.12656e+09	6.92321e+09	7.97793e+09	7.93364e+09	8.4948e+09	7.62266e+09	7.65972e+09	8.54383e+09	7.74926e+09	8.47589e+09	7.99157e+09	7.11775e+09	7.05742e+09	7.14302e+09	7.79708e+09	7.88519e+09	7.15594e+09	7.24707e+09	6.83146e+09	7.38262e+09	7.28617e+09	7.26424e+09	7.3506e+09	6.9123e+09	7.31784e+09	7.37344e+09	7.16267e+09	6.46656e+09	7.40726e+09	7.07494e+09	7.47656e+09	7.42803e+09	7.32216e+09	7.21817e+09	7.43203e+09	7.32964e+09	7.35807e+09	7.35917e+09	6.60902e+09	7.29849e+09	6.56679e+09	6.32226e+09	6.78838e+09	6.97136e+09	6.93213e+09	6.72381e+09	7.17462e+09	5.44307e+09	7.16773e+09	6.12167e+09	5.49328e+09	7.33766e+09	7.06717e+09	6.63877e+09	6.65789e+09	7.03404e+09	7.33306e+09	6.56121e+09	7.39667e+09	6.85824e+09	6.81648e+09	7.74086e+09	6.78016e+09	7.434e+09	7.39861e+09	8.09271e+09	7.92397e+09	7.22238e+09	5.16314e+09	8.16625e+09	7.98096e+09	7.77659e+09	4.71125e+09	6.76104e+09	7.69167e+09	7.79736e+09	6.72298e+09
ERR636863	4.72284e+09	5.75576e+09	5.70627e+09	5.13063e+09	4.84629e+09	5.12205e+09	6.43418e+09	5.69724e+09	5.58303e+09	4.76986e+09	6.09983e+09	5.67031e+09	6.37553e+09	6.34127e+09	6.632e+09	5.32299e+09	6.47724e+09	6.83735e+09	6.70605e+09	7.5158e+09	6.44051e+09	7.38944e+09	7.34887e+09	7.62266e+09	7.51618e+09	7.32523e+09	8.1281e+09	7.40822e+09	8.06134e+09	7.62836e+09	6.72168e+09	6.66533e+09	6.74469e+09	7.34086e+09	7.42004e+09	6.7536e+09	6.853e+09	6.47271e+09	6.98152e+09	6.89324e+09	6.87117e+09	6.95026e+09	6.55859e+09	6.93633e+09	6.98293e+09	6.79427e+09	6.1446e+09	7.01702e+09	6.6075e+09	6.97946e+09	6.93053e+09	6.83895e+09	6.7483e+09	6.93363e+09	6.92881e+09	6.95396e+09	6.95564e+09	6.27259e+09	6.89804e+09	6.23227e+09	5.83304e+09	6.26313e+09	6.43009e+09	6.39451e+09	6.20134e+09	6.61266e+09	5.03859e+09	6.63907e+09	5.66476e+09	5.08492e+09	6.79303e+09	6.54613e+09	6.13358e+09	6.15064e+09	6.49123e+09	6.76711e+09	6.05939e+09	6.82656e+09	6.41622e+09	6.37715e+09	7.21228e+09	6.34386e+09	6.94286e+09	6.90507e+09	7.48426e+09	7.33277e+09	6.69707e+09	4.80548e+09	7.55595e+09	7.38841e+09	7.2181e+09	4.40194e+09	6.29344e+09	7.14117e+09	7.23863e+09	6.25823e+09
ERR636864	4.74269e+09	5.77852e+09	5.72887e+09	5.15023e+09	4.86523e+09	5.14182e+09	6.46102e+09	5.71986e+09	5.60493e+09	4.78843e+09	6.1251e+09	5.6936e+09	6.40283e+09	6.36865e+09	6.66287e+09	5.34577e+09	6.50642e+09	6.86855e+09	6.73632e+09	7.55132e+09	6.46862e+09	7.42356e+09	7.38146e+09	7.65972e+09	7.32523e+09	7.58332e+09	8.16651e+09	7.44181e+09	8.10004e+09	7.66288e+09	6.75203e+09	6.69533e+09	6.77427e+09	7.37389e+09	7.45326e+09	6.78413e+09	6.88292e+09	6.50025e+09	7.01225e+09	6.92226e+09	6.90165e+09	6.9809e+09	6.58894e+09	6.96786e+09	7.01584e+09	6.8248e+09	6.17238e+09	7.04956e+09	6.6396e+09	7.01213e+09	6.96366e+09	6.87045e+09	6.77895e+09	6.96676e+09	6.95886e+09	6.98461e+09	6.98619e+09	6.29905e+09	6.92868e+09	6.25812e+09	5.8601e+09	6.29151e+09	6.45936e+09	6.42421e+09	6.23039e+09	6.64392e+09	5.0543e+09	6.66406e+09	5.68279e+09	5.10087e+09	6.81889e+09	6.57093e+09	6.16082e+09	6.17805e+09	6.52084e+09	6.79769e+09	6.08702e+09	6.85769e+09	6.44695e+09	6.4083e+09	7.24734e+09	6.37464e+09	6.97559e+09	6.93857e+09	7.52233e+09	7.36945e+09	6.72941e+09	4.82838e+09	7.59378e+09	7.42488e+09	7.25318e+09	4.42023e+09	6.32174e+09	7.17553e+09	7.27311e+09	6.286e+09
ERR636860	5.23964e+09	6.45245e+09	6.39669e+09	5.72601e+09	5.38981e+09	5.7147e+09	7.31641e+09	6.44307e+09	6.31002e+09	5.33437e+09	6.90733e+09	6.39545e+09	7.03841e+09	7.00056e+09	7.32896e+09	5.83004e+09	7.14616e+09	7.57736e+09	7.44976e+09	8.41487e+09	7.13617e+09	8.26845e+09	8.21966e+09	8.54383e+09	8.1281e+09	8.16651e+09	9.45841e+09	8.26873e+09	9.0865e+09	8.54965e+09	7.45993e+09	7.39328e+09	7.49875e+09	8.21662e+09	8.31255e+09	7.49757e+09	7.64762e+09	7.20764e+09	7.7964e+09	7.70545e+09	7.66562e+09	7.75981e+09	7.2744e+09	7.72589e+09	7.77342e+09	7.55895e+09	6.79208e+09	7.82096e+09	7.31087e+09	7.77712e+09	7.71002e+09	7.60372e+09	7.49495e+09	7.71356e+09	7.68548e+09	7.71636e+09	7.71806e+09	6.9107e+09	7.64778e+09	6.85888e+09	6.54659e+09	7.06553e+09	7.26267e+09	7.22069e+09	6.9818e+09	7.46984e+09	5.72019e+09	7.5497e+09	6.46631e+09	5.77585e+09	7.73136e+09	7.43629e+09	6.9358e+09	6.95958e+09	7.35276e+09	7.68978e+09	6.8374e+09	7.75938e+09	7.07933e+09	7.03221e+09	8.05003e+09	6.99367e+09	7.71942e+09	7.66889e+09	8.39734e+09	8.2138e+09	7.46114e+09	5.27748e+09	8.4882e+09	8.28616e+09	8.09854e+09	4.86503e+09	7.0325e+09	8.00832e+09	8.12704e+09	6.98943e+09
ERR636862	4.79036e+09	5.84281e+09	5.79203e+09	5.20506e+09	4.91556e+09	5.19653e+09	6.54054e+09	5.78658e+09	5.66959e+09	4.83944e+09	6.19749e+09	5.7586e+09	6.46902e+09	6.43462e+09	6.73287e+09	5.39605e+09	6.57347e+09	6.94257e+09	6.80879e+09	7.63856e+09	6.53671e+09	7.50899e+09	7.4672e+09	7.74926e+09	7.40822e+09	7.44181e+09	8.26873e+09	7.75711e+09	8.1994e+09	7.75349e+09	6.82389e+09	6.76636e+09	6.84741e+09	7.45878e+09	7.53924e+09	6.85642e+09	6.95975e+09	6.57154e+09	7.09142e+09	7.00082e+09	6.97918e+09	7.05954e+09	6.65948e+09	7.04533e+09	7.09371e+09	6.89988e+09	6.23614e+09	7.12817e+09	6.71042e+09	7.09167e+09	7.04109e+09	6.94705e+09	6.85406e+09	7.04436e+09	7.03563e+09	7.06095e+09	7.06272e+09	6.36344e+09	7.00391e+09	6.32226e+09	5.92459e+09	6.36392e+09	6.53447e+09	6.49817e+09	6.30086e+09	6.72107e+09	5.11171e+09	6.74276e+09	5.75066e+09	5.1594e+09	6.89989e+09	6.64722e+09	6.23123e+09	6.24931e+09	6.59723e+09	6.87935e+09	6.15524e+09	6.93959e+09	6.51449e+09	6.47478e+09	7.32994e+09	6.44043e+09	7.05332e+09	7.01498e+09	7.60866e+09	7.4529e+09	6.80136e+09	4.87362e+09	7.68223e+09	7.5097e+09	7.33584e+09	4.46268e+09	6.38978e+09	7.25671e+09	7.35639e+09	6.35416e+09
ERR636861	5.20118e+09	6.38545e+09	6.32939e+09	5.66832e+09	5.34235e+09	5.65814e+09	7.22475e+09	6.363e+09	6.23123e+09	5.28121e+09	6.82717e+09	6.32359e+09	6.99175e+09	6.95403e+09	7.28685e+09	5.79828e+09	7.10468e+09	7.52873e+09	7.39521e+09	8.3478e+09	7.08773e+09	8.1991e+09	8.15061e+09	8.47589e+09	8.06134e+09	8.10004e+09	9.0865e+09	8.1994e+09	9.27657e+09	8.47264e+09	7.40803e+09	7.34232e+09	7.43952e+09	8.14304e+09	8.23681e+09	7.4445e+09	7.58483e+09	7.14759e+09	7.73123e+09	7.6342e+09	7.60253e+09	7.69567e+09	7.21956e+09	7.65998e+09	7.71147e+09	7.49609e+09	6.74447e+09	7.75511e+09	7.26845e+09	7.71225e+09	7.65333e+09	7.54425e+09	7.4355e+09	7.65705e+09	7.62878e+09	7.65807e+09	7.66002e+09	6.86346e+09	7.59224e+09	6.81574e+09	6.48602e+09	6.99014e+09	7.18473e+09	7.14327e+09	6.91324e+09	7.39221e+09	5.61915e+09	7.4323e+09	6.34493e+09	5.6727e+09	7.61159e+09	7.32279e+09	6.85423e+09	6.87665e+09	7.26887e+09	7.59511e+09	6.76266e+09	7.66304e+09	7.04154e+09	6.9957e+09	7.98927e+09	6.95761e+09	7.66333e+09	7.6187e+09	8.33142e+09	8.15074e+09	7.40639e+09	5.25135e+09	8.4178e+09	8.21863e+09	8.03157e+09	4.82507e+09	6.96896e+09	7.94166e+09	8.05705e+09	6.9273e+09
ERR636859	4.93098e+09	6.03756e+09	5.9856e+09	5.3728e+09	5.06604e+09	5.36246e+09	6.79089e+09	6.00245e+09	5.88061e+09	5.00139e+09	6.42761e+09	5.96495e+09	6.64433e+09	6.60835e+09	6.91212e+09	5.52734e+09	6.74657e+09	7.13497e+09	7.00592e+09	7.87612e+09	6.72072e+09	7.74262e+09	7.69889e+09	7.99157e+09	7.62836e+09	7.66288e+09	8.54965e+09	7.75349e+09	8.47264e+09	8.24356e+09	7.01924e+09	6.95885e+09	7.05017e+09	7.69452e+09	7.78007e+09	7.05347e+09	7.17328e+09	6.77044e+09	7.30917e+09	7.22042e+09	7.19065e+09	7.27565e+09	6.84764e+09	7.25568e+09	7.30152e+09	7.10392e+09	6.40483e+09	7.34195e+09	6.89134e+09	7.30186e+09	7.2452e+09	7.1487e+09	7.0512e+09	7.24876e+09	7.23554e+09	7.26287e+09	7.26472e+09	6.53191e+09	7.20252e+09	6.48681e+09	6.11986e+09	6.58666e+09	6.76528e+09	6.72749e+09	6.51571e+09	6.95618e+09	5.31823e+09	7.0061e+09	5.99117e+09	5.36793e+09	7.17039e+09	6.90493e+09	6.45822e+09	6.4778e+09	6.83821e+09	7.13811e+09	6.37336e+09	7.20099e+09	6.68484e+09	6.64293e+09	7.55005e+09	6.60807e+09	7.25664e+09	7.21287e+09	7.84721e+09	7.68396e+09	7.00268e+09	4.99482e+09	7.92749e+09	7.74662e+09	7.57199e+09	4.59185e+09	6.593e+09	7.48935e+09	7.59541e+09	6.55422e+09
ERR630005	4.52121e+09	5.4697e+09	5.42324e+09	4.88708e+09	4.62819e+09	4.88075e+09	6.11952e+09	5.43363e+09	5.32613e+09	4.58311e+09	5.8171e+09	5.41883e+09	6.01868e+09	5.98693e+09	6.25997e+09	5.0482e+09	6.11681e+09	6.4453e+09	6.28859e+09	7.01994e+09	6.05052e+09	6.90213e+09	6.86518e+09	7.11775e+09	6.72168e+09	6.75203e+09	7.45993e+09	6.82389e+09	7.40803e+09	7.01924e+09	6.62421e+09	6.36727e+09	6.43298e+09	6.97599e+09	7.04677e+09	6.44902e+09	6.38646e+09	6.0419e+09	6.50059e+09	6.41606e+09	6.40303e+09	6.4731e+09	6.1529e+09	6.48958e+09	6.53527e+09	6.35999e+09	5.77553e+09	6.56373e+09	6.30703e+09	6.63215e+09	6.59654e+09	6.50609e+09	6.42062e+09	6.59926e+09	6.53754e+09	6.56179e+09	6.56173e+09	5.93814e+09	6.51145e+09	5.90425e+09	5.63827e+09	6.02507e+09	6.17776e+09	6.14475e+09	5.97407e+09	6.34743e+09	4.81359e+09	6.30081e+09	5.38326e+09	4.85596e+09	6.44229e+09	6.21979e+09	5.89357e+09	5.90786e+09	6.22418e+09	6.46982e+09	5.83199e+09	6.52361e+09	6.13202e+09	6.09645e+09	6.85837e+09	6.06659e+09	6.60841e+09	6.57933e+09	7.13931e+09	7.00148e+09	6.42444e+09	4.67339e+09	7.20107e+09	7.04968e+09	6.88348e+09	4.2755e+09	6.03336e+09	6.81253e+09	6.89912e+09	6.0017e+09
ERR630004	4.48697e+09	5.42552e+09	5.37872e+09	4.84888e+09	4.59304e+09	4.84246e+09	6.06645e+09	5.38826e+09	5.28212e+09	4.54859e+09	5.76833e+09	5.37488e+09	5.97307e+09	5.94087e+09	6.21188e+09	5.0128e+09	6.07035e+09	6.39516e+09	6.23881e+09	6.96039e+09	6.00269e+09	6.84365e+09	6.8077e+09	7.05742e+09	6.66533e+09	6.69533e+09	7.39328e+09	6.76636e+09	7.34232e+09	6.95885e+09	6.36727e+09	6.5191e+09	6.38051e+09	6.9163e+09	6.98658e+09	6.39704e+09	6.33393e+09	5.99265e+09	6.44611e+09	6.3628e+09	6.35025e+09	6.41918e+09	6.10417e+09	6.4364e+09	6.48192e+09	6.30811e+09	5.73113e+09	6.51003e+09	6.25676e+09	6.57699e+09	6.54157e+09	6.45257e+09	6.36847e+09	6.54423e+09	6.48451e+09	6.50853e+09	6.50839e+09	5.89234e+09	6.45849e+09	5.85917e+09	5.59218e+09	5.97371e+09	6.12441e+09	6.0914e+09	5.92341e+09	6.29254e+09	4.77327e+09	6.24618e+09	5.3367e+09	4.81515e+09	6.3855e+09	6.1652e+09	5.8417e+09	5.85579e+09	6.16866e+09	6.41159e+09	5.78171e+09	6.46471e+09	6.08328e+09	6.04854e+09	6.80034e+09	6.01854e+09	6.55354e+09	6.52518e+09	7.07888e+09	6.94311e+09	6.37328e+09	4.64073e+09	7.13891e+09	6.99021e+09	6.82339e+09	4.24405e+09	5.98291e+09	6.75346e+09	6.83903e+09	5.95173e+09
ERR630001	4.54121e+09	5.51498e+09	5.46851e+09	4.9287e+09	4.65876e+09	4.91965e+09	6.18408e+09	5.49723e+09	5.39016e+09	4.62369e+09	5.87643e+09	5.4728e+09	6.03689e+09	6.00439e+09	6.26902e+09	5.05602e+09	6.12431e+09	6.46112e+09	6.30825e+09	7.04444e+09	6.06634e+09	6.93128e+09	6.89535e+09	7.14302e+09	6.74469e+09	6.77427e+09	7.49875e+09	6.84741e+09	7.43952e+09	7.05017e+09	6.43298e+09	6.38051e+09	6.66393e+09	7.0114e+09	7.0843e+09	6.46404e+09	6.41524e+09	6.07197e+09	6.52755e+09	6.45127e+09	6.42842e+09	6.49969e+09	6.17067e+09	6.51691e+09	6.5571e+09	6.38645e+09	5.78932e+09	6.5913e+09	6.31681e+09	6.66313e+09	6.61999e+09	6.53388e+09	6.44888e+09	6.62269e+09	6.55756e+09	6.58224e+09	6.58154e+09	5.95189e+09	6.53004e+09	5.91577e+09	5.67862e+09	6.07805e+09	6.23161e+09	6.19856e+09	6.01913e+09	6.39817e+09	4.90911e+09	6.39531e+09	5.49133e+09	4.95208e+09	6.53722e+09	6.31168e+09	5.95243e+09	5.96745e+09	6.28077e+09	6.53334e+09	5.88374e+09	6.58763e+09	6.13733e+09	6.10115e+09	6.88389e+09	6.07105e+09	6.62994e+09	6.59497e+09	7.16737e+09	7.02892e+09	6.45023e+09	4.67563e+09	7.23374e+09	7.08282e+09	6.9142e+09	4.30112e+09	6.07061e+09	6.84407e+09	6.93393e+09	6.03665e+09
