	ERR618627	ERR618632	ERR618630	ERR618629	ERR618631	ERR618628	ERR635348	ERR635350	ERR635349	ERR635351	ERR635346	ERR635347	ERR608679	ERR608678	ERR608677	ERR608682	ERR608681	ERR608680	ERR607614	ERR607610	ERR607612	ERR607609	ERR607613	ERR607611	ERR607698	ERR607696	ERR607697	ERR607695	ERR607693	ERR607694	ERR613356	ERR613354	ERR613355	ERR613353	ERR613358	ERR613357	ERR605534	ERR605535	ERR605538	ERR605536	ERR605533	ERR605537	ERR607266	ERR607264	ERR607265	ERR607268	ERR607263	ERR607267	ERR617001	ERR617002	ERR616998	ERR616999	ERR617000	ERR616997	ERR617407	ERR617406	ERR617404	ERR617403	ERR617405	ERR617408	ERR638212	ERR638208	ERR638211	ERR638209	ERR638210	ERR638207	ERR617863	ERR617861	ERR617864	ERR617866	ERR617862	ERR617865	ERR608213	ERR608210	ERR608214	ERR608209	ERR608211	ERR608212	ERR617217	ERR617218	ERR617215	ERR617219	ERR617216	ERR617220	ERR613804	ERR613801	ERR613803	ERR613800	ERR613802	ERR613805	ERR617661	ERR617666	ERR617664	ERR617665	ERR617662	ERR617663
ERR618627	0	0.270816	0.261608	0.258889	0.271042	0.260885	0.43418	0.428062	0.428114	0.42838	0.428664	0.435681	0.312771	0.322785	0.363676	0.320414	0.314294	0.313262	0.329291	0.322691	0.321394	0.313176	0.328688	0.321746	0.34679	0.346089	0.346199	0.345659	0.351137	0.338979	0.360967	0.35493	0.344466	0.338071	0.403564	0.356305	0.415837	0.424098	0.420195	0.41946	0.408353	0.416317	0.314758	0.320308	0.320978	0.314196	0.314753	0.31475	0.536259	0.534044	0.511775	0.510008	0.533012	0.516654	0.475895	0.475465	0.718739	0.718383	0.7191	0.476143	0.46647	0.462472	0.438329	0.462557	0.439578	0.465808	0.563342	0.521638	0.505763	0.50485	0.610467	0.503583	0.475007	0.47557	0.4816	0.506317	0.466333	0.472137	0.467757	0.474821	0.465338	0.47183	0.465538	0.477974	0.428311	0.427547	0.428129	0.432408	0.433111	0.428332	0.470503	0.463811	0.46285	0.461617	0.5896	0.504611
ERR618632	0.270816	0	0.261994	0.266946	0.26041	0.267971	0.448388	0.447445	0.447288	0.44755	0.447691	0.450532	0.332163	0.336139	0.368625	0.334543	0.329981	0.32911	0.347597	0.345973	0.34255	0.342162	0.347759	0.344195	0.364108	0.364057	0.364246	0.365258	0.368519	0.359944	0.347619	0.349653	0.347502	0.34671	0.382977	0.345552	0.396332	0.401613	0.398976	0.39839	0.391721	0.396779	0.323024	0.344339	0.347226	0.323488	0.334964	0.323465	0.523437	0.522623	0.499589	0.498366	0.520483	0.505049	0.475892	0.473989	0.699289	0.695575	0.700737	0.476589	0.481865	0.471401	0.45499	0.470058	0.456543	0.474149	0.54181	0.507616	0.497784	0.497552	0.591186	0.496564	0.461845	0.46097	0.466014	0.485587	0.455888	0.459091	0.469845	0.467203	0.466468	0.466163	0.46837	0.473988	0.444171	0.445553	0.443253	0.45267	0.447593	0.443995	0.466061	0.462855	0.462885	0.461695	0.571329	0.487394
ERR618630	0.261608	0.261994	0	0.26138	0.262234	0.263537	0.442815	0.438482	0.4384	0.438724	0.439203	0.444882	0.322817	0.330469	0.368782	0.328359	0.322284	0.321023	0.338921	0.334761	0.33201	0.32678	0.338845	0.333187	0.354792	0.354444	0.354689	0.355406	0.359688	0.348378	0.353874	0.352936	0.346128	0.341921	0.39507	0.350485	0.4058	0.412849	0.408961	0.408168	0.399256	0.406048	0.316721	0.329705	0.332232	0.316093	0.323159	0.316493	0.530922	0.529536	0.505286	0.503677	0.527682	0.511249	0.474712	0.474018	0.703995	0.702492	0.704745	0.475049	0.477073	0.46959	0.448225	0.468844	0.449742	0.472852	0.55228	0.512561	0.499666	0.499213	0.602333	0.497924	0.46859	0.467292	0.474016	0.496679	0.45946	0.465482	0.467368	0.470358	0.465477	0.468269	0.465578	0.476682	0.435856	0.436403	0.435503	0.441789	0.441578	0.435811	0.466199	0.462166	0.461726	0.460616	0.58264	0.495808
ERR618629	0.258889	0.266946	0.26138	0	0.267147	0.259282	0.435007	0.431715	0.431614	0.432023	0.431785	0.436231	0.315194	0.321218	0.356963	0.319337	0.314982	0.314356	0.329948	0.324603	0.323799	0.319892	0.329645	0.324262	0.347054	0.346619	0.346637	0.346027	0.350332	0.341244	0.35685	0.351489	0.343939	0.340476	0.393467	0.352603	0.409589	0.416146	0.413228	0.41269	0.403479	0.410097	0.314832	0.327233	0.327134	0.315922	0.318362	0.315927	0.531493	0.529315	0.509414	0.50794	0.52835	0.513447	0.477236	0.476206	0.721086	0.719403	0.72184	0.478122	0.465342	0.460005	0.439686	0.460394	0.440988	0.46315	0.558332	0.520589	0.50618	0.505386	0.60325	0.504307	0.47202	0.473036	0.477963	0.499706	0.466014	0.469244	0.47101	0.47426	0.46694	0.471941	0.468532	0.476001	0.432327	0.432167	0.431742	0.43857	0.434494	0.432068	0.471837	0.464379	0.463765	0.462572	0.581629	0.500295
ERR618631	0.271042	0.26041	0.262234	0.267147	0	0.268389	0.449709	0.448409	0.448167	0.44852	0.448725	0.451752	0.332766	0.33684	0.369429	0.335217	0.330456	0.329554	0.347918	0.346245	0.342928	0.342422	0.348117	0.344542	0.36365	0.363399	0.363676	0.364833	0.368045	0.359376	0.347509	0.349949	0.347728	0.346834	0.383081	0.345412	0.396448	0.401303	0.398596	0.397896	0.391354	0.396509	0.323242	0.344647	0.347547	0.323609	0.33526	0.323642	0.524314	0.523592	0.499955	0.498873	0.521316	0.50573	0.476402	0.474598	0.698778	0.695195	0.700245	0.477122	0.483395	0.472995	0.456209	0.471607	0.457764	0.475788	0.542655	0.508101	0.498426	0.498169	0.592456	0.497119	0.462745	0.461637	0.467092	0.486691	0.456445	0.46004	0.470638	0.467793	0.467508	0.467003	0.469037	0.474981	0.445154	0.446635	0.444392	0.453611	0.448838	0.445038	0.466858	0.463672	0.463882	0.46273	0.57271	0.488448
ERR618628	0.260885	0.267971	0.263537	0.259282	0.268389	0	0.432661	0.43112	0.431107	0.431744	0.431061	0.433667	0.314271	0.31887	0.351121	0.317188	0.313902	0.313553	0.328693	0.324149	0.323585	0.322319	0.328323	0.324331	0.347111	0.346847	0.346845	0.346012	0.349754	0.342804	0.352608	0.346638	0.340837	0.339655	0.387011	0.349014	0.406064	0.412224	0.410317	0.409765	0.400942	0.407197	0.316326	0.331557	0.331102	0.318488	0.321198	0.318451	0.527914	0.525779	0.507838	0.506375	0.524859	0.510932	0.478568	0.476441	0.724945	0.722698	0.725917	0.479617	0.460825	0.455423	0.437457	0.455307	0.438427	0.458131	0.556017	0.521224	0.507309	0.506348	0.599085	0.50527	0.468663	0.470964	0.474288	0.494967	0.465091	0.466282	0.472037	0.473395	0.466563	0.471474	0.469541	0.47325	0.432842	0.432614	0.432001	0.440414	0.432452	0.432353	0.473513	0.46488	0.464638	0.463046	0.577105	0.49794
ERR635348	0.43418	0.448388	0.442815	0.435007	0.449709	0.432661	0	0.246298	0.246071	0.246977	0.241552	0.230999	0.388382	0.385832	0.401928	0.386569	0.388208	0.388348	0.387611	0.391193	0.390632	0.409108	0.387157	0.393569	0.439874	0.440368	0.440579	0.43795	0.437616	0.444668	0.454609	0.442691	0.43659	0.436479	0.476642	0.450748	0.549412	0.554239	0.555512	0.554732	0.547322	0.552499	0.400567	0.413239	0.410598	0.404579	0.400555	0.404545	0.493134	0.49051	0.479497	0.478279	0.490374	0.478174	0.439578	0.434317	0.731095	0.725594	0.732964	0.442486	0.280545	0.279284	0.260282	0.282732	0.259961	0.284859	0.531116	0.505662	0.49413	0.493131	0.571471	0.491876	0.3994	0.407517	0.407153	0.431721	0.405073	0.399032	0.421528	0.41607	0.408301	0.415234	0.417316	0.408954	0.285186	0.288824	0.281612	0.316586	0.263946	0.282995	0.430512	0.414613	0.414501	0.412516	0.524777	0.444651
ERR635350	0.428062	0.447445	0.438482	0.431715	0.448409	0.43112	0.246298	0	0.228365	0.228281	0.229867	0.246688	0.390884	0.397918	0.42933	0.397322	0.394561	0.393711	0.392625	0.390434	0.389957	0.395907	0.391484	0.392219	0.440106	0.440174	0.440156	0.437646	0.44042	0.439118	0.459765	0.447603	0.435525	0.429627	0.492891	0.454312	0.548637	0.555823	0.554708	0.553723	0.543681	0.551023	0.402635	0.399435	0.397029	0.403941	0.394999	0.404652	0.489205	0.486053	0.464451	0.461633	0.485337	0.467651	0.410526	0.408787	0.709644	0.708502	0.710282	0.411972	0.311558	0.319592	0.270243	0.323653	0.271589	0.326458	0.531367	0.486346	0.468328	0.467228	0.581722	0.465438	0.407981	0.41131	0.418131	0.450971	0.400266	0.405493	0.389441	0.398494	0.382029	0.394259	0.385815	0.396494	0.270433	0.269021	0.269258	0.28363	0.271138	0.269173	0.405029	0.390693	0.388666	0.387686	0.54201	0.444529
ERR635349	0.428114	0.447288	0.4384	0.431614	0.448167	0.431107	0.246071	0.228365	0	0.22848	0.229843	0.246601	0.390951	0.397819	0.429197	0.39703	0.394407	0.393578	0.392807	0.390948	0.390392	0.396319	0.391712	0.392664	0.440375	0.440454	0.440395	0.437905	0.44055	0.439478	0.459262	0.447224	0.435343	0.429475	0.492461	0.453897	0.54856	0.555639	0.554519	0.553643	0.543778	0.550982	0.402617	0.399936	0.397527	0.403864	0.395256	0.404518	0.489013	0.485821	0.464321	0.461473	0.485145	0.467434	0.410729	0.408933	0.708684	0.707504	0.709299	0.412251	0.311573	0.319256	0.270269	0.323226	0.271574	0.326088	0.530773	0.485902	0.468138	0.466872	0.581324	0.465134	0.406967	0.410151	0.417054	0.449996	0.399339	0.404668	0.389171	0.39802	0.38171	0.393856	0.385541	0.396343	0.269509	0.268486	0.268607	0.283322	0.270322	0.26821	0.404781	0.390496	0.388608	0.387551	0.541835	0.44403
ERR635351	0.42838	0.44755	0.438724	0.432023	0.44852	0.431744	0.246977	0.228281	0.22848	0	0.229944	0.247808	0.391748	0.398967	0.430849	0.398107	0.395233	0.394401	0.393744	0.391681	0.391117	0.396746	0.392706	0.393376	0.441013	0.441144	0.441183	0.438664	0.441373	0.439794	0.460102	0.448253	0.436182	0.430001	0.493665	0.454703	0.548888	0.556226	0.554905	0.553949	0.54393	0.551338	0.403308	0.399779	0.397657	0.404125	0.395593	0.405047	0.489342	0.48631	0.463947	0.461098	0.485576	0.467402	0.409692	0.408135	0.707021	0.706014	0.707629	0.410992	0.313437	0.320978	0.271199	0.324967	0.272654	0.327891	0.530531	0.48487	0.466873	0.46571	0.581795	0.46402	0.406861	0.409751	0.416866	0.45025	0.398472	0.404425	0.387788	0.397361	0.380854	0.393016	0.384407	0.396357	0.269315	0.268296	0.268348	0.282287	0.271113	0.268102	0.403528	0.389566	0.387667	0.38657	0.542415	0.44384
ERR635346	0.428664	0.447691	0.439203	0.431785	0.448725	0.431061	0.241552	0.229867	0.229843	0.229944	0	0.242217	0.389661	0.395352	0.424909	0.395056	0.392939	0.392261	0.390744	0.389178	0.388918	0.396317	0.389648	0.391099	0.439238	0.439535	0.439413	0.436804	0.439024	0.439039	0.458609	0.446196	0.434879	0.429721	0.490259	0.453465	0.548261	0.555216	0.554525	0.553593	0.543799	0.55092	0.402214	0.401028	0.398557	0.404041	0.395322	0.404639	0.489594	0.486352	0.466542	0.463877	0.485916	0.468758	0.414545	0.412363	0.714778	0.712978	0.715562	0.416289	0.305586	0.312878	0.266945	0.317073	0.267831	0.319744	0.532173	0.4901	0.473011	0.471798	0.580833	0.470143	0.407471	0.411444	0.41718	0.449033	0.401811	0.405247	0.394066	0.400722	0.385263	0.39712	0.390202	0.398008	0.271446	0.270827	0.270316	0.287434	0.268826	0.270231	0.409233	0.394286	0.392648	0.391431	0.540053	0.44503
ERR635347	0.435681	0.450532	0.444882	0.436231	0.451752	0.433667	0.230999	0.246688	0.246601	0.247808	0.242217	0	0.389592	0.386554	0.401229	0.387106	0.389805	0.389888	0.388761	0.39138	0.391813	0.410055	0.388209	0.394894	0.441118	0.441577	0.441625	0.438467	0.438394	0.44597	0.455132	0.442184	0.435926	0.436725	0.476003	0.451235	0.549846	0.55454	0.555882	0.555199	0.547986	0.552804	0.402398	0.41523	0.411472	0.407136	0.401982	0.407042	0.489972	0.487135	0.479182	0.477836	0.487378	0.477009	0.439404	0.433686	0.735995	0.730627	0.737872	0.442394	0.2762	0.278105	0.25962	0.281626	0.259371	0.283276	0.532439	0.507648	0.495348	0.494397	0.570253	0.493119	0.401429	0.410344	0.409156	0.432633	0.408458	0.401187	0.421626	0.416859	0.407466	0.415797	0.417413	0.405541	0.287362	0.290358	0.283713	0.317814	0.263378	0.285022	0.432465	0.414653	0.414562	0.412554	0.523267	0.445924
ERR608679	0.312771	0.332163	0.322817	0.315194	0.332766	0.314271	0.388382	0.390884	0.390951	0.391748	0.389661	0.389592	0	0.243747	0.290887	0.24303	0.238954	0.238841	0.264284	0.268302	0.265045	0.283095	0.264712	0.26828	0.297649	0.29738	0.297715	0.297556	0.298577	0.300096	0.39108	0.379102	0.369104	0.363961	0.426402	0.385497	0.461005	0.468306	0.46669	0.465777	0.455681	0.462728	0.302386	0.309339	0.307099	0.304711	0.297678	0.304846	0.581403	0.579204	0.563443	0.561697	0.578723	0.565598	0.517558	0.516336	0.764709	0.763662	0.765231	0.518702	0.407607	0.407351	0.386913	0.40954	0.387933	0.41127	0.609064	0.575567	0.560138	0.559321	0.647441	0.557837	0.49271	0.496585	0.499661	0.523333	0.48818	0.490509	0.508654	0.514802	0.503517	0.512013	0.505518	0.513531	0.399723	0.400974	0.398311	0.415965	0.394222	0.398968	0.513097	0.50327	0.502159	0.500699	0.614947	0.54136
ERR608678	0.322785	0.336139	0.330469	0.321218	0.33684	0.31887	0.385832	0.397918	0.397819	0.398967	0.395352	0.386554	0.243747	0	0.267326	0.238807	0.240699	0.241776	0.265515	0.274524	0.271951	0.301452	0.266542	0.275957	0.299823	0.300335	0.300244	0.299898	0.297895	0.308359	0.389387	0.377225	0.372049	0.372129	0.414869	0.385019	0.462245	0.466994	0.467611	0.466943	0.459463	0.464246	0.30571	0.327203	0.324042	0.311312	0.30832	0.31021	0.584759	0.58264	0.571789	0.570669	0.582589	0.572038	0.530486	0.527627	0.778032	0.775188	0.77909	0.532154	0.397627	0.394207	0.386252	0.395854	0.386651	0.397018	0.612327	0.586014	0.572675	0.571805	0.64511	0.570527	0.491535	0.497351	0.497516	0.517452	0.492297	0.490153	0.521997	0.523073	0.51416	0.521518	0.518612	0.518521	0.407712	0.410311	0.405249	0.429944	0.393792	0.406361	0.525085	0.513776	0.513411	0.511526	0.609508	0.544547
ERR608677	0.363676	0.368625	0.368782	0.356963	0.369429	0.351121	0.401928	0.42933	0.429197	0.430849	0.424909	0.401229	0.290887	0.267326	0	0.27017	0.282973	0.285822	0.300581	0.314393	0.314764	0.35611	0.30215	0.318697	0.33234	0.333351	0.333308	0.331263	0.32465	0.349008	0.405516	0.391482	0.396302	0.407011	0.402369	0.40362	0.476574	0.476051	0.481987	0.482008	0.479476	0.47999	0.342402	0.382803	0.37751	0.353521	0.354901	0.350913	0.595039	0.592502	0.595184	0.59541	0.593885	0.590536	0.563356	0.557588	0.813428	0.807849	0.81531	0.566323	0.392713	0.384993	0.404479	0.385813	0.403433	0.38453	0.626737	0.615489	0.604758	0.603773	0.641953	0.602677	0.502207	0.513531	0.506262	0.515164	0.515748	0.502637	0.557023	0.549197	0.543475	0.54963	0.552867	0.534836	0.442474	0.44639	0.438654	0.471903	0.413684	0.440498	0.558893	0.543317	0.544334	0.541648	0.599621	0.559428
ERR608682	0.320414	0.334543	0.328359	0.319337	0.335217	0.317188	0.386569	0.397322	0.39703	0.398107	0.395056	0.387106	0.24303	0.238807	0.27017	0	0.239105	0.239707	0.264722	0.272827	0.27045	0.298503	0.265839	0.274621	0.298704	0.299143	0.299161	0.298483	0.29689	0.306359	0.388778	0.376578	0.370748	0.370248	0.415535	0.384192	0.461217	0.466357	0.466443	0.465908	0.458135	0.463141	0.304249	0.324558	0.32115	0.309949	0.306	0.309064	0.583943	0.581591	0.570772	0.56951	0.581409	0.571137	0.528883	0.526145	0.776556	0.774004	0.777527	0.530474	0.398667	0.396284	0.386762	0.398111	0.38712	0.399232	0.611905	0.584513	0.570946	0.569971	0.64499	0.568829	0.491855	0.497621	0.498039	0.518254	0.492133	0.490366	0.52043	0.522562	0.513054	0.520635	0.51719	0.517415	0.40705	0.409535	0.404664	0.428468	0.393874	0.405854	0.523861	0.512187	0.511883	0.51003	0.610113	0.544296
ERR608681	0.314294	0.329981	0.322284	0.314982	0.330456	0.313902	0.388208	0.394561	0.394407	0.395233	0.392939	0.389805	0.238954	0.240699	0.282973	0.239105	0	0.236692	0.263813	0.270531	0.266861	0.289528	0.264695	0.270759	0.296643	0.296786	0.296918	0.297578	0.296966	0.301566	0.388194	0.376932	0.369153	0.365581	0.420943	0.382996	0.460211	0.46624	0.465274	0.464454	0.455465	0.461653	0.300733	0.314096	0.312361	0.3036	0.299887	0.303195	0.5836	0.581614	0.566317	0.56487	0.581048	0.568307	0.521953	0.520298	0.76588	0.764164	0.76653	0.523059	0.406746	0.403884	0.388271	0.405667	0.38911	0.407571	0.60924	0.577739	0.56373	0.562863	0.647076	0.561572	0.491172	0.495257	0.497721	0.520444	0.48776	0.489249	0.513012	0.51716	0.50752	0.515005	0.509862	0.516193	0.402647	0.40489	0.400815	0.421419	0.394901	0.401574	0.516152	0.506827	0.506045	0.504207	0.613755	0.541738
ERR608680	0.313262	0.32911	0.321023	0.314356	0.329554	0.313553	0.388348	0.393711	0.393578	0.394401	0.392261	0.389888	0.238841	0.241776	0.285822	0.239707	0.236692	0	0.264688	0.271018	0.267033	0.288401	0.265452	0.270859	0.297408	0.297516	0.297604	0.298019	0.298055	0.301456	0.387864	0.377033	0.368577	0.364495	0.421929	0.382609	0.459652	0.466059	0.464794	0.463963	0.45472	0.461194	0.300145	0.312084	0.310769	0.302712	0.29865	0.302217	0.582674	0.580572	0.564782	0.563106	0.579895	0.566898	0.519784	0.51835	0.763104	0.761554	0.76379	0.520896	0.4078	0.405323	0.388331	0.407016	0.389221	0.408982	0.608005	0.57569	0.561494	0.560689	0.646607	0.559275	0.490487	0.493972	0.496924	0.52023	0.486321	0.488242	0.510812	0.51541	0.505718	0.513032	0.507785	0.514995	0.401367	0.403572	0.399644	0.419625	0.394782	0.40042	0.513857	0.504863	0.504173	0.502541	0.613582	0.54046
ERR607614	0.329291	0.347597	0.338921	0.329948	0.347918	0.328693	0.387611	0.392625	0.392807	0.393744	0.390744	0.388761	0.264284	0.265515	0.300581	0.264722	0.263813	0.264688	0	0.236674	0.233113	0.260997	0.229932	0.237085	0.284366	0.284487	0.284713	0.283822	0.283231	0.289892	0.39956	0.385929	0.377998	0.374933	0.428921	0.394363	0.470272	0.476223	0.475762	0.475201	0.46642	0.472177	0.304895	0.315441	0.311203	0.309006	0.300443	0.308574	0.595988	0.59366	0.580335	0.579024	0.593459	0.581519	0.536987	0.535341	0.785007	0.783507	0.785681	0.538233	0.401246	0.40249	0.384431	0.40521	0.385112	0.406058	0.627136	0.596385	0.581628	0.580619	0.661991	0.579258	0.508531	0.513299	0.515076	0.537258	0.506102	0.506666	0.527388	0.532469	0.521115	0.529759	0.523929	0.528833	0.406543	0.40753	0.404946	0.424277	0.397712	0.405605	0.531966	0.520983	0.520008	0.51849	0.625989	0.557323
ERR607610	0.322691	0.345973	0.334761	0.324603	0.346245	0.324149	0.391193	0.390434	0.390948	0.391681	0.389178	0.39138	0.268302	0.274524	0.314393	0.272827	0.270531	0.271018	0.236674	0	0.234146	0.248559	0.235405	0.23491	0.290058	0.28974	0.289501	0.28709	0.289706	0.290406	0.398324	0.382719	0.371507	0.366939	0.430363	0.392421	0.466822	0.473907	0.472445	0.471927	0.4615	0.468362	0.305279	0.307964	0.30184	0.309402	0.295858	0.308981	0.586504	0.583684	0.570731	0.569107	0.583802	0.571757	0.525789	0.524703	0.782673	0.782177	0.783056	0.526994	0.406629	0.411404	0.386983	0.414717	0.387802	0.415283	0.622737	0.58889	0.572103	0.570908	0.657462	0.569621	0.510029	0.514403	0.517071	0.539816	0.506416	0.507914	0.516825	0.525222	0.510865	0.52162	0.513433	0.519355	0.406544	0.405654	0.405404	0.418739	0.40034	0.405773	0.523704	0.511558	0.51017	0.508943	0.623258	0.553274
ERR607612	0.321394	0.34255	0.33201	0.323799	0.342928	0.323585	0.390632	0.389957	0.390392	0.391117	0.388918	0.391813	0.265045	0.271951	0.314764	0.27045	0.266861	0.267033	0.233113	0.234146	0	0.249079	0.232565	0.234448	0.287059	0.286601	0.286809	0.285935	0.287865	0.287897	0.396812	0.383225	0.372197	0.366823	0.431331	0.391033	0.466211	0.473393	0.471837	0.4711	0.460611	0.467598	0.302241	0.305264	0.301276	0.30512	0.294218	0.304908	0.589389	0.586908	0.571154	0.569506	0.586643	0.573373	0.525897	0.525074	0.775342	0.774763	0.775759	0.526906	0.408787	0.411503	0.386958	0.414434	0.388043	0.415604	0.621561	0.586816	0.570771	0.56982	0.659339	0.568372	0.507082	0.510627	0.513941	0.537907	0.501824	0.504691	0.516287	0.52412	0.511281	0.520811	0.513002	0.521822	0.403932	0.403848	0.402906	0.417177	0.399739	0.403165	0.52179	0.511407	0.510007	0.508783	0.625396	0.552147
ERR607609	0.313176	0.342162	0.32678	0.319892	0.342422	0.322319	0.409108	0.395907	0.396319	0.396746	0.396317	0.410055	0.283095	0.301452	0.35611	0.298503	0.289528	0.288401	0.260997	0.248559	0.249079	0	0.259294	0.248046	0.308235	0.307273	0.307069	0.305452	0.312351	0.298339	0.399878	0.385997	0.368711	0.356595	0.44444	0.392627	0.462875	0.473137	0.468706	0.467911	0.454125	0.463733	0.309976	0.293043	0.289777	0.30911	0.29294	0.310014	0.578904	0.575962	0.55502	0.552543	0.575523	0.559199	0.504139	0.506014	0.756624	0.75902	0.756216	0.504217	0.437114	0.443029	0.405944	0.446122	0.407443	0.447749	0.61417	0.56935	0.549812	0.548588	0.65738	0.546982	0.51116	0.512208	0.519227	0.546882	0.499716	0.507984	0.494745	0.51071	0.493543	0.505602	0.492017	0.510891	0.409191	0.4064	0.409614	0.410559	0.415495	0.409241	0.503862	0.494732	0.492348	0.491836	0.628975	0.546762
ERR607613	0.328688	0.347759	0.338845	0.329645	0.348117	0.328323	0.387157	0.391484	0.391712	0.392706	0.389648	0.388209	0.264712	0.266542	0.30215	0.265839	0.264695	0.265452	0.229932	0.235405	0.232565	0.259294	0	0.236131	0.284786	0.284639	0.284937	0.283964	0.283796	0.289759	0.399647	0.385478	0.377163	0.373974	0.4291	0.394259	0.470191	0.476161	0.475715	0.475093	0.465974	0.471998	0.304863	0.314575	0.309926	0.309132	0.299815	0.308658	0.594434	0.592132	0.579064	0.577612	0.592022	0.579952	0.535425	0.533861	0.785319	0.783948	0.785989	0.53677	0.400755	0.402549	0.383692	0.405476	0.384342	0.406325	0.626702	0.595691	0.580629	0.579699	0.661474	0.578285	0.508815	0.51358	0.515368	0.537634	0.506321	0.506831	0.525986	0.531507	0.519713	0.528629	0.522615	0.527477	0.405934	0.406579	0.404301	0.422898	0.397412	0.404865	0.531034	0.519855	0.518799	0.517327	0.625522	0.556761
ERR607611	0.321746	0.344195	0.333187	0.324262	0.344542	0.324331	0.393569	0.392219	0.392664	0.393376	0.391099	0.394894	0.26828	0.275957	0.318697	0.274621	0.270759	0.270859	0.237085	0.23491	0.234448	0.248046	0.236131	0	0.289097	0.288837	0.288809	0.287326	0.289774	0.288893	0.399518	0.385047	0.374022	0.367839	0.433265	0.393612	0.467084	0.474471	0.472582	0.472041	0.461441	0.468575	0.304593	0.306016	0.301489	0.307124	0.295246	0.306982	0.589868	0.587313	0.57166	0.57016	0.587158	0.573666	0.525979	0.525472	0.778408	0.778072	0.778776	0.527032	0.411973	0.415343	0.389848	0.418493	0.390795	0.419344	0.623362	0.588172	0.571796	0.570643	0.660495	0.569237	0.510843	0.514343	0.517855	0.541623	0.505644	0.508429	0.516947	0.525508	0.511951	0.521907	0.513665	0.522731	0.406575	0.406191	0.405691	0.418712	0.402902	0.40592	0.522827	0.51225	0.510827	0.509552	0.626531	0.553922
ERR607698	0.34679	0.364108	0.354792	0.347054	0.36365	0.347111	0.439874	0.440106	0.440375	0.441013	0.439238	0.441118	0.297649	0.299823	0.33234	0.298704	0.296643	0.297408	0.284366	0.290058	0.287059	0.308235	0.284786	0.289097	0	0.233551	0.234132	0.23659	0.236042	0.240038	0.425765	0.413283	0.404737	0.399321	0.455076	0.420408	0.478405	0.484064	0.48264	0.481822	0.473913	0.479113	0.331152	0.338153	0.334353	0.334005	0.325565	0.333167	0.637298	0.634832	0.618215	0.616586	0.634536	0.621227	0.568823	0.568879	0.806972	0.807912	0.806935	0.569511	0.454345	0.456429	0.435316	0.459725	0.436355	0.459866	0.67024	0.632989	0.615838	0.615045	0.706227	0.613548	0.555788	0.558827	0.562704	0.585947	0.549296	0.553364	0.562968	0.573173	0.559632	0.569644	0.55996	0.571625	0.451232	0.451459	0.450194	0.463333	0.447907	0.450556	0.567357	0.558117	0.556505	0.555216	0.672191	0.601029
ERR607696	0.346089	0.364057	0.354444	0.346619	0.363399	0.346847	0.440368	0.440174	0.440454	0.441144	0.439535	0.441577	0.29738	0.300335	0.333351	0.299143	0.296786	0.297516	0.284487	0.28974	0.286601	0.307273	0.284639	0.288837	0.233551	0	0.233391	0.236142	0.235714	0.23903	0.42565	0.412943	0.40429	0.398645	0.45525	0.42026	0.477935	0.483719	0.482131	0.4815	0.473314	0.478693	0.331394	0.337343	0.333587	0.333966	0.325209	0.333284	0.636687	0.634194	0.617617	0.615921	0.633822	0.620604	0.568204	0.568205	0.806568	0.807629	0.806428	0.56881	0.454898	0.457375	0.435643	0.460484	0.436654	0.460844	0.670044	0.632565	0.615219	0.614476	0.705956	0.612925	0.555845	0.559017	0.562762	0.586199	0.549319	0.553421	0.562325	0.572832	0.559068	0.569323	0.559301	0.571133	0.451448	0.451468	0.450428	0.463147	0.448308	0.450765	0.566951	0.557629	0.556077	0.554746	0.672151	0.601041
ERR607697	0.346199	0.364246	0.354689	0.346637	0.363676	0.346845	0.440579	0.440156	0.440395	0.441183	0.439413	0.441625	0.297715	0.300244	0.333308	0.299161	0.296918	0.297604	0.284713	0.289501	0.286809	0.307069	0.284937	0.288809	0.234132	0.233391	0	0.236157	0.236063	0.238862	0.42579	0.412924	0.404149	0.398625	0.455243	0.420351	0.478477	0.484032	0.482708	0.48197	0.473877	0.479224	0.331474	0.337338	0.333336	0.334337	0.325337	0.333417	0.636716	0.634151	0.617632	0.61596	0.633912	0.620533	0.568087	0.568139	0.807029	0.808004	0.806942	0.568658	0.454933	0.457673	0.435838	0.460932	0.436703	0.461123	0.670085	0.632645	0.615144	0.614381	0.705949	0.612807	0.555941	0.559212	0.563008	0.586338	0.549529	0.553589	0.562012	0.572648	0.558712	0.569043	0.559022	0.570777	0.451555	0.451678	0.450589	0.463105	0.448467	0.450939	0.56696	0.557389	0.555934	0.554648	0.672187	0.601124
ERR607695	0.345659	0.365258	0.355406	0.346027	0.364833	0.346012	0.43795	0.437646	0.437905	0.438664	0.436804	0.438467	0.297556	0.299898	0.331263	0.298483	0.297578	0.298019	0.283822	0.28709	0.285935	0.305452	0.283964	0.287326	0.23659	0.236142	0.236157	0	0.235421	0.239441	0.425242	0.411054	0.401929	0.397224	0.453266	0.419693	0.477656	0.483452	0.482272	0.481678	0.473185	0.478497	0.331806	0.337866	0.332471	0.335689	0.324861	0.334929	0.632299	0.629658	0.615274	0.613355	0.629633	0.61717	0.565776	0.565666	0.810634	0.811553	0.81061	0.566745	0.450348	0.454594	0.432799	0.458073	0.43345	0.457893	0.668825	0.631927	0.614034	0.613073	0.702632	0.611521	0.555125	0.559212	0.56233	0.585132	0.549936	0.552927	0.560321	0.571014	0.556114	0.567254	0.557056	0.566646	0.450499	0.44988	0.449468	0.461513	0.445885	0.449798	0.566133	0.555297	0.553799	0.552504	0.668588	0.599606
ERR607693	0.351137	0.368519	0.359688	0.350332	0.368045	0.349754	0.437616	0.44042	0.44055	0.441373	0.439024	0.438394	0.298577	0.297895	0.32465	0.29689	0.296966	0.298055	0.283231	0.289706	0.287865	0.312351	0.283796	0.289774	0.236042	0.235714	0.236063	0.235421	0	0.242746	0.427066	0.413368	0.405559	0.402109	0.452482	0.422045	0.480169	0.485255	0.484681	0.484095	0.476651	0.481318	0.333739	0.344031	0.338866	0.337937	0.328924	0.336904	0.63769	0.635022	0.621167	0.61961	0.635036	0.623046	0.573059	0.572432	0.815873	0.816199	0.815888	0.574004	0.448179	0.451057	0.432814	0.454365	0.433549	0.454205	0.672686	0.637872	0.620656	0.619776	0.705559	0.618399	0.556791	0.56101	0.563684	0.585477	0.552574	0.554588	0.56723	0.576275	0.562521	0.572996	0.564044	0.57205	0.452863	0.45291	0.451536	0.466512	0.44621	0.451985	0.572246	0.561546	0.560193	0.558749	0.670279	0.603075
ERR607694	0.338979	0.359944	0.348378	0.341244	0.359376	0.342804	0.444668	0.439118	0.439478	0.439794	0.439039	0.44597	0.300096	0.308359	0.349008	0.306359	0.301566	0.301456	0.289892	0.290406	0.287897	0.298339	0.289759	0.288893	0.240038	0.23903	0.238862	0.239441	0.242746	0	0.423921	0.411213	0.399599	0.39115	0.458785	0.417844	0.474114	0.481284	0.478403	0.477576	0.467888	0.474458	0.330194	0.327863	0.324597	0.331248	0.320365	0.330875	0.630147	0.627449	0.608441	0.606417	0.627129	0.612451	0.556777	0.557977	0.795795	0.797999	0.795252	0.556982	0.463911	0.467531	0.439903	0.470945	0.441158	0.471621	0.664391	0.622785	0.604195	0.603377	0.702927	0.601684	0.554805	0.556852	0.56232	0.587307	0.54548	0.552022	0.550943	0.564635	0.549194	0.560259	0.548128	0.564319	0.44997	0.448745	0.449545	0.4566	0.451544	0.449481	0.55683	0.548232	0.546272	0.545294	0.671466	0.596259
ERR613356	0.360967	0.347619	0.353874	0.35685	0.347509	0.352608	0.454609	0.459765	0.459262	0.460102	0.458609	0.455132	0.39108	0.389387	0.405516	0.388778	0.388194	0.387864	0.39956	0.398324	0.396812	0.399878	0.399647	0.399518	0.425765	0.42565	0.42579	0.425242	0.427066	0.423921	0	0.265922	0.271939	0.283134	0.292971	0.259669	0.374355	0.377426	0.378628	0.377972	0.373836	0.376478	0.373712	0.403363	0.405781	0.377382	0.391086	0.376908	0.494166	0.493976	0.478887	0.477783	0.492145	0.480639	0.469795	0.464273	0.700549	0.694243	0.702798	0.471305	0.483612	0.470305	0.465262	0.467035	0.466135	0.47196	0.520171	0.501089	0.495649	0.495036	0.562008	0.494116	0.447333	0.450021	0.449606	0.461843	0.450798	0.445978	0.466326	0.454583	0.458149	0.455224	0.465266	0.455466	0.462586	0.463964	0.461086	0.473976	0.457266	0.461696	0.468983	0.463059	0.464462	0.462928	0.542666	0.471012
ERR613354	0.35493	0.349653	0.352936	0.351489	0.349949	0.346638	0.442691	0.447603	0.447224	0.448253	0.446196	0.442184	0.379102	0.377225	0.391482	0.376578	0.376932	0.377033	0.385929	0.382719	0.383225	0.385997	0.385478	0.385047	0.413283	0.412943	0.412924	0.411054	0.413368	0.411213	0.265922	0	0.262786	0.273938	0.294859	0.264406	0.380966	0.384219	0.386535	0.38595	0.380504	0.383673	0.367946	0.393841	0.393688	0.373154	0.380817	0.372454	0.496579	0.495128	0.48552	0.484477	0.494567	0.484659	0.471915	0.46613	0.723063	0.71806	0.724709	0.473875	0.466605	0.457415	0.451919	0.45555	0.452241	0.458975	0.531682	0.511787	0.502836	0.501633	0.56676	0.500645	0.454541	0.459793	0.457778	0.470638	0.459956	0.453236	0.468201	0.459699	0.458082	0.45942	0.466288	0.454381	0.45433	0.454489	0.452846	0.464741	0.445965	0.453202	0.474312	0.464309	0.465376	0.463825	0.545158	0.479365
ERR613355	0.344466	0.347502	0.346128	0.343939	0.347728	0.340837	0.43659	0.435525	0.435343	0.436182	0.434879	0.435926	0.369104	0.372049	0.396302	0.370748	0.369153	0.368577	0.377998	0.371507	0.372197	0.368711	0.377163	0.374022	0.404737	0.40429	0.404149	0.401929	0.405559	0.399599	0.271939	0.262786	0	0.259048	0.315194	0.267829	0.388683	0.395276	0.39465	0.393947	0.385039	0.39101	0.359564	0.376	0.375866	0.363322	0.366602	0.363377	0.501096	0.49908	0.485447	0.483533	0.498675	0.486432	0.462956	0.459196	0.719749	0.717111	0.720894	0.464288	0.464559	0.459103	0.444852	0.457819	0.445646	0.46154	0.538526	0.509547	0.497023	0.495749	0.578342	0.494482	0.458824	0.462509	0.463643	0.481295	0.458485	0.456608	0.457751	0.456557	0.449899	0.454967	0.455797	0.452282	0.442454	0.441641	0.441498	0.449056	0.438438	0.441718	0.466988	0.456769	0.456917	0.455732	0.558365	0.484138
ERR613353	0.338071	0.34671	0.341921	0.340476	0.346834	0.339655	0.436479	0.429627	0.429475	0.430001	0.429721	0.436725	0.363961	0.372129	0.407011	0.370248	0.365581	0.364495	0.374933	0.366939	0.366823	0.356595	0.373974	0.367839	0.399321	0.398645	0.398625	0.397224	0.402109	0.39115	0.283134	0.273938	0.259048	0	0.337717	0.277366	0.398892	0.407688	0.404419	0.403442	0.391936	0.400117	0.355575	0.36177	0.362896	0.356718	0.357623	0.3574	0.510736	0.508592	0.488262	0.485912	0.507547	0.492039	0.457671	0.456009	0.713017	0.712352	0.713433	0.458112	0.470448	0.466183	0.443704	0.465718	0.444781	0.469661	0.545257	0.508039	0.493199	0.491904	0.591193	0.490463	0.465177	0.466655	0.471115	0.49373	0.458792	0.462633	0.451276	0.456383	0.447014	0.453591	0.449349	0.457127	0.434958	0.433344	0.434727	0.437377	0.437323	0.434384	0.461855	0.45375	0.45311	0.452135	0.572922	0.490239
ERR613358	0.403564	0.382977	0.39507	0.393467	0.383081	0.387011	0.476642	0.492891	0.492461	0.493665	0.490259	0.476003	0.426402	0.414869	0.402369	0.415535	0.420943	0.421929	0.428921	0.430363	0.431331	0.44444	0.4291	0.433265	0.455076	0.45525	0.455243	0.453266	0.452482	0.458785	0.292971	0.294859	0.315194	0.337717	0	0.296914	0.386555	0.381525	0.39032	0.390388	0.393186	0.389758	0.411855	0.453136	0.452054	0.420253	0.433672	0.4187	0.497336	0.497061	0.49969	0.500842	0.496932	0.494741	0.505426	0.49637	0.739768	0.729505	0.743016	0.509155	0.487776	0.472904	0.487102	0.469817	0.486893	0.472083	0.528971	0.530525	0.528406	0.527923	0.546811	0.527659	0.463446	0.472036	0.462958	0.459537	0.482725	0.464248	0.507107	0.483321	0.491661	0.48644	0.504753	0.47222	0.499759	0.501781	0.497312	0.516606	0.482917	0.498405	0.505737	0.495035	0.498022	0.495735	0.520295	0.482898
ERR613357	0.356305	0.345552	0.350485	0.352603	0.345412	0.349014	0.450748	0.454312	0.453897	0.454703	0.453465	0.451235	0.385497	0.385019	0.40362	0.384192	0.382996	0.382609	0.394363	0.392421	0.391033	0.392627	0.394259	0.393612	0.420408	0.42026	0.420351	0.419693	0.422045	0.417844	0.259669	0.264406	0.267829	0.277366	0.296914	0	0.376354	0.380196	0.38078	0.379959	0.374772	0.378607	0.36918	0.396572	0.398905	0.372898	0.385235	0.372605	0.495395	0.494812	0.479076	0.477612	0.49314	0.481034	0.467199	0.46208	0.701558	0.695873	0.703626	0.468634	0.48032	0.468305	0.461086	0.465256	0.46186	0.470031	0.52261	0.500992	0.494046	0.493524	0.565268	0.492562	0.448401	0.450704	0.451004	0.464884	0.450397	0.44677	0.463137	0.453493	0.455272	0.453648	0.461803	0.454305	0.457364	0.458471	0.456021	0.467862	0.452965	0.456613	0.466767	0.460495	0.461635	0.460127	0.545948	0.472262
ERR605534	0.415837	0.396332	0.4058	0.409589	0.396448	0.406064	0.549412	0.548637	0.54856	0.548888	0.548261	0.549846	0.461005	0.462245	0.476574	0.461217	0.460211	0.459652	0.470272	0.466822	0.466211	0.462875	0.470191	0.467084	0.478405	0.477935	0.478477	0.477656	0.480169	0.474114	0.374355	0.380966	0.388683	0.398892	0.386555	0.376354	0	0.277918	0.276964	0.276923	0.275053	0.276237	0.437258	0.461808	0.463145	0.441022	0.452495	0.440592	0.531467	0.531422	0.518767	0.518258	0.529429	0.51967	0.527168	0.521768	0.730085	0.723616	0.732226	0.528816	0.574119	0.565677	0.556393	0.562444	0.556852	0.566073	0.567645	0.551102	0.547044	0.546728	0.604549	0.546145	0.521254	0.523903	0.522412	0.530048	0.526676	0.519923	0.531639	0.518113	0.523801	0.519523	0.530869	0.519145	0.550621	0.550213	0.549843	0.5549	0.549925	0.549955	0.529007	0.523763	0.52585	0.52481	0.589491	0.526765
ERR605535	0.424098	0.401613	0.412849	0.416146	0.401303	0.412224	0.554239	0.555823	0.555639	0.556226	0.555216	0.55454	0.468306	0.466994	0.476051	0.466357	0.46624	0.466059	0.476223	0.473907	0.473393	0.473137	0.476161	0.474471	0.484064	0.483719	0.484032	0.483452	0.485255	0.481284	0.377426	0.384219	0.395276	0.407688	0.381525	0.380196	0.277918	0	0.27934	0.278955	0.28212	0.279096	0.444176	0.472633	0.47358	0.448876	0.461649	0.447994	0.531166	0.531475	0.521379	0.521388	0.529431	0.521627	0.533897	0.527685	0.736027	0.728091	0.73846	0.535792	0.576647	0.566815	0.561406	0.563395	0.561944	0.566876	0.566817	0.555388	0.552934	0.552669	0.60009	0.552317	0.523555	0.526658	0.523942	0.528199	0.53139	0.522488	0.539795	0.522685	0.530491	0.524885	0.538671	0.52251	0.558142	0.558192	0.557174	0.564064	0.555527	0.557497	0.535499	0.529857	0.532224	0.531129	0.584201	0.527145
ERR605538	0.420195	0.398976	0.408961	0.413228	0.398596	0.410317	0.555512	0.554708	0.554519	0.554905	0.554525	0.555882	0.46669	0.467611	0.481987	0.466443	0.465274	0.464794	0.475762	0.472445	0.471837	0.468706	0.475715	0.472582	0.48264	0.482131	0.482708	0.482272	0.484681	0.478403	0.378628	0.386535	0.39465	0.404419	0.39032	0.38078	0.276964	0.27934	0	0.27519	0.277778	0.275356	0.441217	0.466454	0.468155	0.444721	0.457223	0.444412	0.534846	0.535177	0.521213	0.520749	0.532731	0.523087	0.53008	0.524927	0.728903	0.722071	0.731117	0.531735	0.581152	0.571615	0.562585	0.568412	0.563173	0.571968	0.569028	0.552924	0.549527	0.549374	0.606525	0.548828	0.525637	0.527153	0.526482	0.533108	0.530178	0.524113	0.535503	0.521394	0.528194	0.522988	0.534821	0.523288	0.555882	0.555658	0.555091	0.560152	0.555917	0.555262	0.531769	0.527224	0.529493	0.528268	0.591531	0.529024
ERR605536	0.41946	0.39839	0.408168	0.41269	0.397896	0.409765	0.554732	0.553723	0.553643	0.553949	0.553593	0.555199	0.465777	0.466943	0.482008	0.465908	0.464454	0.463963	0.475201	0.471927	0.4711	0.467911	0.475093	0.472041	0.481822	0.4815	0.48197	0.481678	0.484095	0.477576	0.377972	0.38595	0.393947	0.403442	0.390388	0.379959	0.276923	0.278955	0.27519	0	0.277195	0.275243	0.44039	0.465271	0.466941	0.443713	0.456227	0.443442	0.534895	0.535203	0.520933	0.52048	0.532953	0.522966	0.529471	0.524262	0.728121	0.721414	0.730403	0.531047	0.580708	0.571118	0.561915	0.56811	0.56257	0.571641	0.568687	0.552324	0.548752	0.548723	0.606815	0.548252	0.524926	0.526472	0.525758	0.532844	0.529257	0.523479	0.534875	0.520887	0.527649	0.522375	0.534184	0.523048	0.55475	0.554576	0.55405	0.559038	0.555159	0.554198	0.530795	0.526507	0.528598	0.527734	0.592019	0.528534
ERR605533	0.408353	0.391721	0.399256	0.403479	0.391354	0.400942	0.547322	0.543681	0.543778	0.54393	0.543799	0.547986	0.455681	0.459463	0.479476	0.458135	0.455465	0.45472	0.46642	0.4615	0.460611	0.454125	0.465974	0.461441	0.473913	0.473314	0.473877	0.473185	0.476651	0.467888	0.373836	0.380504	0.385039	0.391936	0.393186	0.374772	0.275053	0.28212	0.277778	0.277195	0	0.276167	0.431481	0.451882	0.45387	0.434251	0.444959	0.433903	0.533448	0.533297	0.517151	0.516184	0.531038	0.519577	0.520723	0.516431	0.724414	0.719122	0.726115	0.52189	0.574941	0.567133	0.55396	0.564224	0.554689	0.567855	0.569003	0.547686	0.542176	0.541742	0.609334	0.541133	0.521727	0.523044	0.523524	0.533672	0.523791	0.520118	0.525115	0.514796	0.518917	0.515423	0.524495	0.51767	0.545133	0.544266	0.544568	0.54747	0.547235	0.544598	0.523046	0.518522	0.520243	0.519308	0.594878	0.52671
ERR605537	0.416317	0.396779	0.406048	0.410097	0.396509	0.407197	0.552499	0.551023	0.550982	0.551338	0.55092	0.552804	0.462728	0.464246	0.47999	0.463141	0.461653	0.461194	0.472177	0.468362	0.467598	0.463733	0.471998	0.468575	0.479113	0.478693	0.479224	0.478497	0.481318	0.474458	0.376478	0.383673	0.39101	0.400117	0.389758	0.378607	0.276237	0.279096	0.275356	0.275243	0.276167	0	0.437767	0.461843	0.463389	0.441385	0.453154	0.441094	0.53416	0.534247	0.520373	0.519767	0.531883	0.522113	0.527726	0.522803	0.729161	0.722743	0.731266	0.529286	0.578108	0.569328	0.559241	0.566214	0.559999	0.569788	0.569467	0.552183	0.54798	0.547853	0.607115	0.547304	0.52465	0.526339	0.525614	0.533404	0.528566	0.523101	0.532972	0.519962	0.525926	0.521278	0.532324	0.521512	0.552567	0.552162	0.551748	0.55635	0.552961	0.55202	0.529684	0.524946	0.52697	0.52605	0.592145	0.528514
ERR607266	0.314758	0.323024	0.316721	0.314832	0.323242	0.316326	0.400567	0.402635	0.402617	0.403308	0.402214	0.402398	0.302386	0.30571	0.342402	0.304249	0.300733	0.300145	0.304895	0.305279	0.302241	0.309976	0.304863	0.304593	0.331152	0.331394	0.331474	0.331806	0.333739	0.330194	0.373712	0.367946	0.359564	0.355575	0.411855	0.36918	0.437258	0.444176	0.441217	0.44039	0.431481	0.437767	0	0.264827	0.266655	0.246968	0.251673	0.246475	0.550084	0.548418	0.528929	0.527236	0.547316	0.533159	0.490299	0.489702	0.721407	0.719316	0.722261	0.491033	0.427106	0.421072	0.403659	0.421437	0.404818	0.424334	0.570502	0.533216	0.520371	0.519752	0.616493	0.518345	0.46593	0.466608	0.472327	0.495834	0.458225	0.463495	0.479857	0.484011	0.476857	0.481717	0.477634	0.486778	0.404428	0.40647	0.403201	0.418339	0.403781	0.404174	0.477022	0.471264	0.470251	0.469249	0.588647	0.506874
ERR607264	0.320308	0.344339	0.329705	0.327233	0.344647	0.331557	0.413239	0.399435	0.399936	0.399779	0.401028	0.41523	0.309339	0.327203	0.382803	0.324558	0.314096	0.312084	0.315441	0.307964	0.305264	0.293043	0.314575	0.306016	0.338153	0.337343	0.337338	0.337866	0.344031	0.327863	0.403363	0.393841	0.376	0.36177	0.453136	0.396572	0.461808	0.472633	0.466454	0.465271	0.451882	0.461843	0.264827	0	0.241929	0.258739	0.246133	0.260574	0.565311	0.562771	0.536955	0.534171	0.561727	0.543498	0.485668	0.488695	0.717582	0.72059	0.716876	0.485104	0.447429	0.448857	0.412029	0.451041	0.413866	0.453915	0.588037	0.5366	0.517892	0.516989	0.639312	0.515337	0.490294	0.488147	0.498574	0.528485	0.473431	0.486699	0.473993	0.491014	0.476254	0.485946	0.471948	0.497117	0.400772	0.39946	0.401391	0.402067	0.412534	0.401033	0.474974	0.470848	0.468169	0.468002	0.615919	0.524643
ERR607265	0.320978	0.347226	0.332232	0.327134	0.347547	0.331102	0.410598	0.397029	0.397527	0.397657	0.398557	0.411472	0.307099	0.324042	0.37751	0.32115	0.312361	0.310769	0.311203	0.30184	0.301276	0.289777	0.309926	0.301489	0.334353	0.333587	0.333336	0.332471	0.338866	0.324597	0.405781	0.393688	0.375866	0.362896	0.452054	0.398905	0.463145	0.47358	0.468155	0.466941	0.45387	0.463389	0.266655	0.241929	0	0.263	0.245719	0.264273	0.56473	0.561584	0.5393	0.53675	0.561111	0.54435	0.488074	0.490394	0.731512	0.734088	0.731072	0.487952	0.44069	0.444725	0.408017	0.447486	0.409717	0.449671	0.59259	0.543188	0.523579	0.522565	0.639995	0.520835	0.494517	0.493915	0.502868	0.531656	0.480322	0.491116	0.477692	0.494676	0.478032	0.489462	0.475276	0.496338	0.40159	0.399586	0.402117	0.402689	0.41052	0.401802	0.480297	0.473327	0.470786	0.470391	0.615271	0.528013
