	ERR636746	ERR636747	ERR636745	ERR636749	ERR636750	ERR636748	ERR636787	ERR636789	ERR636788	ERR636790	ERR636792	ERR636791	ERR607730	ERR607731	ERR607733	ERR607734	ERR607732	ERR607729	ERR607606	ERR607603	ERR607607	ERR607608	ERR607605	ERR607604	ERR612580	ERR612579	ERR612577	ERR612582	ERR612581	ERR612578	ERR622581	ERR622579	ERR622577	ERR622578	ERR622582	ERR622580	ERR636741	ERR636740	ERR636742	ERR636743	ERR636739	ERR636744	ERR613505	ERR613504	ERR613503	ERR613507	ERR613506	ERR613508	ERR614539	ERR614541	ERR614540	ERR614537	ERR614538	ERR614542	ERR630204	ERR630201	ERR630205	ERR630200	ERR630202	ERR630203	ERR630219	ERR630222	ERR630223	ERR630218	ERR630221	ERR630220	ERR617759	ERR617762	ERR617758	ERR617761	ERR617760	ERR617757	ERR614872	ERR614873	ERR614876	ERR614875	ERR614871	ERR614874	ERR617501	ERR617499	ERR617504	ERR617500	ERR617502	ERR617503	ERR617256	ERR617257	ERR617255	ERR617253	ERR617254	ERR617258	ERR616153	ERR616148	ERR616152	ERR616150	ERR616151	ERR616149
ERR636746	6.90358e+09	6.65436e+09	6.3911e+09	6.80947e+09	6.85694e+09	6.792e+09	6.98626e+09	7.208e+09	7.22949e+09	7.345e+09	7.4133e+09	7.36651e+09	6.66364e+09	6.65887e+09	6.57e+09	6.59919e+09	6.54622e+09	6.40547e+09	6.46668e+09	7.12278e+09	6.22969e+09	6.18161e+09	6.5022e+09	6.57996e+09	5.92362e+09	6.49843e+09	6.76909e+09	5.88039e+09	5.93302e+09	5.55904e+09	6.02987e+09	5.07315e+09	6.87093e+09	6.63195e+09	6.14566e+09	5.98256e+09	7.30549e+09	7.31021e+09	7.1346e+09	7.16034e+09	7.07859e+09	7.20097e+09	6.99811e+09	7.01452e+09	7.03196e+09	6.29782e+09	6.37594e+09	6.28023e+09	5.34303e+09	6.70841e+09	6.69035e+09	5.44184e+09	5.53633e+09	6.47346e+09	7.39638e+09	7.08843e+09	7.19522e+09	7.57163e+09	6.87457e+09	7.3863e+09	6.50482e+09	6.91391e+09	6.6786e+09	7.03013e+09	6.90123e+09	6.27733e+09	4.80649e+09	5.47798e+09	4.6629e+09	5.11557e+09	5.40252e+09	4.22753e+09	5.79778e+09	5.64409e+09	6.64132e+09	6.59267e+09	5.67542e+09	6.6364e+09	5.40154e+09	5.26215e+09	4.58931e+09	5.39703e+09	4.83218e+09	5.0043e+09	5.64647e+09	5.65556e+09	4.90434e+09	4.69607e+09	4.92694e+09	4.70384e+09	6.47794e+09	5.46779e+09	6.38628e+09	5.2558e+09	6.35467e+09	5.80257e+09
ERR636747	6.65436e+09	6.77461e+09	6.33448e+09	6.74787e+09	6.79339e+09	6.72988e+09	6.91681e+09	7.13555e+09	7.15059e+09	7.2689e+09	7.33574e+09	7.29024e+09	6.60112e+09	6.6017e+09	6.51239e+09	6.54077e+09	6.48909e+09	6.3513e+09	6.39518e+09	7.04239e+09	6.16158e+09	6.11407e+09	6.43133e+09	6.51172e+09	5.86225e+09	6.43303e+09	6.69218e+09	5.81972e+09	5.87284e+09	5.50417e+09	5.96369e+09	5.01585e+09	6.78383e+09	6.54922e+09	6.07751e+09	5.9178e+09	7.23357e+09	7.23333e+09	7.06444e+09	7.08938e+09	7.01023e+09	7.12861e+09	6.92733e+09	6.94359e+09	6.96106e+09	6.23224e+09	6.31026e+09	6.21593e+09	5.2815e+09	6.62804e+09	6.61086e+09	5.38059e+09	5.47305e+09	6.40527e+09	7.31912e+09	7.019e+09	7.12848e+09	7.48955e+09	6.8059e+09	7.30968e+09	6.45292e+09	6.8535e+09	6.6283e+09	6.96677e+09	6.84232e+09	6.22595e+09	4.68774e+09	5.40005e+09	4.54856e+09	5.04414e+09	5.32868e+09	4.12452e+09	5.73815e+09	5.58407e+09	6.5685e+09	6.52116e+09	5.61893e+09	6.56397e+09	5.32383e+09	5.19118e+09	4.52678e+09	5.31914e+09	4.7631e+09	4.93234e+09	5.56394e+09	5.57329e+09	4.83373e+09	4.63346e+09	4.85733e+09	4.64926e+09	6.38841e+09	5.39033e+09	6.29874e+09	5.17722e+09	6.26643e+09	5.71892e+09
ERR636745	6.3911e+09	6.33448e+09	6.26131e+09	6.47603e+09	6.51838e+09	6.45942e+09	6.63357e+09	6.83331e+09	6.84946e+09	6.95665e+09	7.01804e+09	6.97594e+09	6.34086e+09	6.33965e+09	6.2575e+09	6.28411e+09	6.23628e+09	6.10854e+09	6.13402e+09	6.7415e+09	5.91372e+09	5.86945e+09	6.16903e+09	6.24379e+09	5.63846e+09	6.17563e+09	6.41966e+09	5.59803e+09	5.64793e+09	5.29876e+09	5.71457e+09	4.8204e+09	6.48482e+09	6.26516e+09	5.82149e+09	5.6709e+09	6.9228e+09	6.92498e+09	6.7678e+09	6.79084e+09	6.7186e+09	6.82712e+09	6.63294e+09	6.64822e+09	6.66415e+09	5.98189e+09	6.05585e+09	5.96655e+09	5.07044e+09	6.34412e+09	6.32857e+09	5.16431e+09	5.25167e+09	6.13341e+09	6.99927e+09	6.72068e+09	6.82155e+09	7.1568e+09	6.52315e+09	6.99058e+09	6.19577e+09	6.56899e+09	6.35807e+09	6.67374e+09	6.5583e+09	5.98302e+09	4.47535e+09	5.1616e+09	4.34303e+09	4.82555e+09	5.0938e+09	3.94443e+09	5.51653e+09	5.37075e+09	6.30167e+09	6.25722e+09	5.40431e+09	6.29743e+09	5.0985e+09	4.97294e+09	4.3431e+09	5.09493e+09	4.56772e+09	4.72868e+09	5.31556e+09	5.32471e+09	4.62498e+09	4.43523e+09	4.64828e+09	4.44911e+09	6.12378e+09	5.17965e+09	6.03919e+09	4.97729e+09	6.00854e+09	5.49078e+09
ERR636749	6.80947e+09	6.74787e+09	6.47603e+09	7.09946e+09	6.95951e+09	6.89273e+09	7.08913e+09	7.31878e+09	7.33501e+09	7.46103e+09	7.531e+09	7.48291e+09	6.75716e+09	6.75822e+09	6.66372e+09	6.69331e+09	6.63934e+09	6.49593e+09	6.54875e+09	7.22166e+09	6.30768e+09	6.25853e+09	6.58737e+09	6.66899e+09	5.99673e+09	6.58734e+09	6.85798e+09	5.9531e+09	6.00756e+09	5.62745e+09	6.11052e+09	5.13056e+09	6.95982e+09	6.71627e+09	6.22886e+09	6.06263e+09	7.42375e+09	7.42347e+09	7.24593e+09	7.27104e+09	7.18897e+09	7.31252e+09	7.10157e+09	7.11856e+09	7.13713e+09	6.38075e+09	6.46139e+09	6.36345e+09	5.40693e+09	6.79882e+09	6.78035e+09	5.50911e+09	5.60546e+09	6.56586e+09	7.51104e+09	7.19584e+09	7.31198e+09	7.68918e+09	6.97391e+09	7.50188e+09	6.60634e+09	7.02563e+09	6.79086e+09	7.14297e+09	7.01385e+09	6.37114e+09	4.81004e+09	5.54314e+09	4.66619e+09	5.17566e+09	5.46956e+09	4.22777e+09	5.86692e+09	5.70794e+09	6.72505e+09	6.67547e+09	5.74409e+09	6.72053e+09	5.45925e+09	5.3219e+09	4.63709e+09	5.45544e+09	4.88138e+09	5.05547e+09	5.71296e+09	5.72288e+09	4.95789e+09	4.75101e+09	4.98245e+09	4.76694e+09	6.54229e+09	5.51272e+09	6.44964e+09	5.29401e+09	6.41635e+09	5.85133e+09
ERR636750	6.85694e+09	6.79339e+09	6.51838e+09	6.95951e+09	7.19911e+09	6.94084e+09	7.14006e+09	7.37289e+09	7.39014e+09	7.5177e+09	7.58919e+09	7.54006e+09	6.80335e+09	6.8037e+09	6.70829e+09	6.73872e+09	6.68378e+09	6.53808e+09	6.60058e+09	7.28069e+09	6.35709e+09	6.3078e+09	6.63942e+09	6.72164e+09	6.03899e+09	6.63509e+09	6.90997e+09	5.99453e+09	6.04971e+09	5.66561e+09	6.16034e+09	5.17027e+09	7.02088e+09	6.77412e+09	6.2796e+09	6.11205e+09	7.48e+09	7.48007e+09	7.29879e+09	7.32514e+09	7.24133e+09	7.3674e+09	7.15638e+09	7.17343e+09	7.19217e+09	6.42845e+09	6.51014e+09	6.41111e+09	5.45128e+09	6.85778e+09	6.83883e+09	5.55434e+09	5.65172e+09	6.62004e+09	7.57181e+09	7.25178e+09	7.36863e+09	7.75343e+09	7.02804e+09	7.56212e+09	6.65071e+09	7.07516e+09	6.83579e+09	7.1948e+09	7.06262e+09	6.41382e+09	4.87239e+09	5.5975e+09	4.72641e+09	5.22547e+09	5.52268e+09	4.28243e+09	5.91114e+09	5.75069e+09	6.77729e+09	6.72739e+09	5.78628e+09	6.77297e+09	5.51027e+09	5.37104e+09	4.67935e+09	5.50707e+09	4.92668e+09	5.10299e+09	5.77096e+09	5.7806e+09	5.00681e+09	4.79637e+09	5.03131e+09	4.81089e+09	6.60122e+09	5.56153e+09	6.50763e+09	5.34187e+09	6.47432e+09	5.90419e+09
ERR636748	6.792e+09	6.72988e+09	6.45942e+09	6.89273e+09	6.94084e+09	7.06102e+09	7.0691e+09	7.29691e+09	7.31365e+09	7.43822e+09	7.5078e+09	7.46009e+09	6.73939e+09	6.74051e+09	6.64606e+09	6.67663e+09	6.62255e+09	6.4797e+09	6.53123e+09	7.20085e+09	6.29065e+09	6.24195e+09	6.56967e+09	6.65092e+09	5.98308e+09	6.57047e+09	6.84e+09	5.93878e+09	5.99347e+09	5.61454e+09	6.09444e+09	5.11805e+09	6.93991e+09	6.69708e+09	6.21192e+09	6.04666e+09	7.40191e+09	7.40118e+09	7.2252e+09	7.25034e+09	7.1685e+09	7.29149e+09	7.08225e+09	7.0997e+09	7.11785e+09	6.36509e+09	6.44533e+09	6.34728e+09	5.39298e+09	6.77887e+09	6.7608e+09	5.49431e+09	5.59029e+09	6.54676e+09	7.48907e+09	7.17579e+09	7.29083e+09	7.66649e+09	6.95551e+09	7.48014e+09	6.58918e+09	7.00559e+09	6.77212e+09	7.12275e+09	6.99398e+09	6.3547e+09	4.79659e+09	5.52653e+09	4.6529e+09	5.16039e+09	5.45368e+09	4.21676e+09	5.8527e+09	5.69403e+09	6.70732e+09	6.65801e+09	5.72994e+09	6.70252e+09	5.44401e+09	5.3073e+09	4.6252e+09	5.44049e+09	4.86827e+09	5.04223e+09	5.69646e+09	5.70626e+09	4.94419e+09	4.73763e+09	4.96845e+09	4.75336e+09	6.52531e+09	5.4991e+09	6.43259e+09	5.28133e+09	6.39984e+09	5.83686e+09
ERR636787	6.98626e+09	6.91681e+09	6.63357e+09	7.08913e+09	7.14006e+09	7.0691e+09	7.60185e+09	7.6452e+09	7.66483e+09	7.79907e+09	7.87725e+09	7.82447e+09	6.96904e+09	6.96639e+09	6.86627e+09	6.8983e+09	6.84043e+09	6.68952e+09	6.712e+09	7.42082e+09	6.45904e+09	6.40791e+09	6.75149e+09	6.83622e+09	6.22441e+09	6.84288e+09	7.13601e+09	6.17747e+09	6.23427e+09	5.83467e+09	6.32418e+09	5.30013e+09	7.22554e+09	6.96675e+09	6.44908e+09	6.27403e+09	7.68292e+09	7.68419e+09	7.48962e+09	7.5176e+09	7.43029e+09	7.56258e+09	7.31757e+09	7.3361e+09	7.3559e+09	6.56546e+09	6.64888e+09	6.54701e+09	5.5371e+09	6.9938e+09	6.97449e+09	5.64224e+09	5.74322e+09	6.74261e+09	7.77203e+09	7.43367e+09	7.55489e+09	7.96501e+09	7.2003e+09	7.76134e+09	6.85291e+09	7.30089e+09	7.04498e+09	7.42812e+09	7.28758e+09	6.60554e+09	5.00617e+09	5.71287e+09	4.8523e+09	5.32412e+09	5.63207e+09	4.38513e+09	5.9908e+09	5.82641e+09	6.8867e+09	6.83461e+09	5.862e+09	6.88163e+09	5.61709e+09	5.469e+09	4.75252e+09	5.61289e+09	5.01051e+09	5.19289e+09	5.89778e+09	5.90738e+09	5.10255e+09	4.88147e+09	5.12704e+09	4.89346e+09	6.73377e+09	5.65492e+09	6.63484e+09	5.43018e+09	6.60129e+09	6.01066e+09
ERR636789	7.208e+09	7.13555e+09	6.83331e+09	7.31878e+09	7.37289e+09	7.29691e+09	7.6452e+09	8.14296e+09	7.93676e+09	8.0855e+09	8.1707e+09	8.11255e+09	7.18685e+09	7.18641e+09	7.07836e+09	7.11254e+09	7.05123e+09	6.88971e+09	6.94868e+09	7.69706e+09	6.68334e+09	6.62993e+09	6.98942e+09	7.0791e+09	6.42483e+09	7.07476e+09	7.3847e+09	6.37553e+09	6.43484e+09	6.017e+09	6.56144e+09	5.48428e+09	7.51703e+09	7.2429e+09	6.69308e+09	6.50869e+09	7.96149e+09	7.96084e+09	7.75058e+09	7.78039e+09	7.68542e+09	7.82984e+09	7.58491e+09	7.60409e+09	7.62572e+09	6.79076e+09	6.87798e+09	6.77074e+09	5.73267e+09	7.2607e+09	7.24015e+09	5.84269e+09	5.9487e+09	6.99658e+09	8.06528e+09	7.70353e+09	7.8328e+09	8.27418e+09	7.45465e+09	8.05419e+09	7.07732e+09	7.55279e+09	7.28149e+09	7.68971e+09	7.5396e+09	6.81679e+09	5.23423e+09	5.94904e+09	5.07195e+09	5.53935e+09	5.86482e+09	4.57678e+09	6.18531e+09	6.01474e+09	7.12295e+09	7.06797e+09	6.05064e+09	7.11768e+09	5.83621e+09	5.67932e+09	4.92883e+09	5.83081e+09	5.19841e+09	5.38915e+09	6.1477e+09	6.15758e+09	5.31015e+09	5.07714e+09	5.33392e+09	5.09006e+09	6.98259e+09	5.85087e+09	6.8789e+09	5.61742e+09	6.84399e+09	6.22483e+09
ERR636788	7.22949e+09	7.15059e+09	6.84946e+09	7.33501e+09	7.39014e+09	7.31365e+09	7.66483e+09	7.93676e+09	8.18643e+09	8.10558e+09	8.19144e+09	8.13274e+09	7.20487e+09	7.19905e+09	7.09345e+09	7.12772e+09	7.0658e+09	6.90346e+09	6.96926e+09	7.71931e+09	6.70216e+09	6.64885e+09	7.00877e+09	7.09543e+09	6.44291e+09	7.09222e+09	7.40917e+09	6.39328e+09	6.45187e+09	6.0322e+09	6.57657e+09	5.49942e+09	7.54351e+09	7.26674e+09	6.70874e+09	6.52321e+09	7.97732e+09	7.98242e+09	7.76755e+09	7.79835e+09	7.70241e+09	7.84858e+09	7.59945e+09	7.61875e+09	7.63997e+09	6.80614e+09	6.89295e+09	6.78601e+09	5.74971e+09	7.28369e+09	7.26257e+09	5.85836e+09	5.96552e+09	7.01061e+09	8.08342e+09	7.7175e+09	7.84361e+09	8.29372e+09	7.46988e+09	8.07082e+09	7.08589e+09	7.56532e+09	7.28714e+09	7.70302e+09	7.54997e+09	6.82705e+09	5.30087e+09	5.9738e+09	5.13597e+09	5.5608e+09	5.88592e+09	4.63275e+09	6.2009e+09	6.03094e+09	7.14374e+09	7.08834e+09	6.06438e+09	7.13871e+09	5.86372e+09	5.70236e+09	4.94912e+09	5.85856e+09	5.22285e+09	5.41503e+09	6.17388e+09	6.18376e+09	5.33187e+09	5.09381e+09	5.35556e+09	5.09959e+09	7.01857e+09	5.88247e+09	6.91301e+09	5.65124e+09	6.87927e+09	6.25941e+09
ERR636790	7.345e+09	7.2689e+09	6.95665e+09	7.46103e+09	7.5177e+09	7.43822e+09	7.79907e+09	8.0855e+09	8.10558e+09	8.50226e+09	8.35639e+09	8.29482e+09	7.32236e+09	7.32105e+09	7.20922e+09	7.24447e+09	7.18092e+09	7.01334e+09	7.09489e+09	7.86774e+09	6.82221e+09	6.76679e+09	7.13719e+09	7.22829e+09	6.54892e+09	7.21795e+09	7.54034e+09	6.49806e+09	6.55867e+09	6.12976e+09	6.70642e+09	5.59663e+09	7.69505e+09	7.41085e+09	6.84265e+09	6.651e+09	8.13521e+09	8.13356e+09	7.91254e+09	7.94379e+09	7.84444e+09	7.99543e+09	7.74998e+09	7.76998e+09	7.79177e+09	6.93011e+09	7.01981e+09	6.90938e+09	5.85423e+09	7.42844e+09	7.40636e+09	5.96745e+09	6.07729e+09	7.15292e+09	8.24709e+09	7.86914e+09	8.00461e+09	8.46516e+09	7.61137e+09	8.23629e+09	7.21593e+09	7.71033e+09	7.42887e+09	7.85289e+09	7.69633e+09	6.94786e+09	5.37972e+09	6.09809e+09	5.2114e+09	5.67511e+09	6.01127e+09	4.69818e+09	6.30453e+09	6.12948e+09	7.2682e+09	7.21159e+09	6.16612e+09	7.26327e+09	5.97591e+09	5.81349e+09	5.04203e+09	5.97083e+09	5.31964e+09	5.51619e+09	6.30508e+09	6.31539e+09	5.44019e+09	5.19892e+09	5.46437e+09	5.21201e+09	7.13904e+09	5.97468e+09	7.03176e+09	5.73633e+09	6.99643e+09	6.35951e+09
ERR636792	7.4133e+09	7.33574e+09	7.01804e+09	7.531e+09	7.58919e+09	7.5078e+09	7.87725e+09	8.1707e+09	8.19144e+09	8.35639e+09	8.69147e+09	8.38598e+09	7.3888e+09	7.38782e+09	7.27372e+09	7.30994e+09	7.24484e+09	7.07484e+09	7.16802e+09	7.95365e+09	6.89055e+09	6.83522e+09	7.21033e+09	7.30273e+09	6.61324e+09	7.29162e+09	7.62171e+09	6.56206e+09	6.6234e+09	6.18825e+09	6.77966e+09	5.65352e+09	7.78664e+09	7.49715e+09	6.91808e+09	6.72398e+09	8.22152e+09	8.22015e+09	7.99368e+09	8.02549e+09	7.92394e+09	8.07855e+09	7.8321e+09	7.85223e+09	7.8751e+09	7.00014e+09	7.09096e+09	6.97891e+09	5.91455e+09	7.51221e+09	7.48979e+09	6.02907e+09	6.14029e+09	7.23049e+09	8.33747e+09	7.95084e+09	8.08911e+09	8.56121e+09	7.68871e+09	8.32628e+09	7.28487e+09	7.78801e+09	7.49991e+09	7.93302e+09	7.77329e+09	7.013e+09	5.45984e+09	6.1748e+09	5.28806e+09	5.74434e+09	6.08503e+09	4.7649e+09	6.36318e+09	6.18632e+09	7.34032e+09	7.28253e+09	6.22223e+09	7.33538e+09	6.04717e+09	5.88108e+09	5.0979e+09	6.0416e+09	5.38016e+09	5.57975e+09	6.3854e+09	6.39585e+09	5.50574e+09	5.26026e+09	5.53041e+09	5.27235e+09	7.21998e+09	6.03762e+09	7.11031e+09	5.79668e+09	7.07507e+09	6.42924e+09
ERR636791	7.36651e+09	7.29024e+09	6.97594e+09	7.48291e+09	7.54006e+09	7.46009e+09	7.82447e+09	8.11255e+09	8.13274e+09	8.29482e+09	8.38598e+09	8.56261e+09	7.34292e+09	7.34206e+09	7.22949e+09	7.265e+09	7.20098e+09	7.03237e+09	7.11481e+09	7.89212e+09	6.84069e+09	6.78586e+09	7.15725e+09	7.24877e+09	6.56944e+09	7.24129e+09	7.5664e+09	6.51865e+09	6.57921e+09	6.14808e+09	6.72805e+09	5.61299e+09	7.72156e+09	7.43549e+09	6.86524e+09	6.67281e+09	8.16185e+09	8.16102e+09	7.9384e+09	7.96944e+09	7.86903e+09	8.02145e+09	7.7741e+09	7.79415e+09	7.81675e+09	6.95094e+09	7.04077e+09	6.93061e+09	5.87038e+09	7.45164e+09	7.42948e+09	5.9838e+09	6.09426e+09	7.17407e+09	8.27323e+09	7.89246e+09	8.02927e+09	8.49281e+09	7.63364e+09	8.26212e+09	7.23758e+09	7.73499e+09	7.45111e+09	7.87765e+09	7.72061e+09	6.96801e+09	5.40051e+09	6.11957e+09	5.23166e+09	5.69438e+09	6.03148e+09	4.71542e+09	6.31971e+09	6.1444e+09	7.28763e+09	7.23081e+09	6.18052e+09	7.28264e+09	5.99535e+09	5.8318e+09	5.05648e+09	5.99001e+09	5.33555e+09	5.53284e+09	6.32677e+09	6.33738e+09	5.4572e+09	5.21517e+09	5.48228e+09	5.22795e+09	7.16126e+09	5.9916e+09	7.05301e+09	5.75203e+09	7.01785e+09	6.37801e+09
ERR607730	6.66364e+09	6.60112e+09	6.34086e+09	6.75716e+09	6.80335e+09	6.73939e+09	6.96904e+09	7.18685e+09	7.20487e+09	7.32236e+09	7.3888e+09	7.34292e+09	6.89169e+09	6.70992e+09	6.61672e+09	6.64524e+09	6.5928e+09	6.45454e+09	6.44963e+09	7.10585e+09	6.2145e+09	6.1656e+09	6.48773e+09	6.56725e+09	5.89527e+09	6.46926e+09	6.73239e+09	5.8529e+09	5.90556e+09	5.53749e+09	5.98959e+09	5.03866e+09	6.81398e+09	6.57762e+09	6.10471e+09	5.94341e+09	7.28406e+09	7.28568e+09	7.1162e+09	7.13991e+09	7.06293e+09	7.17918e+09	6.99028e+09	7.00704e+09	7.02411e+09	6.28709e+09	6.36614e+09	6.27004e+09	5.32272e+09	6.68062e+09	6.66317e+09	5.42274e+09	5.51619e+09	6.4518e+09	7.3947e+09	7.08941e+09	7.20311e+09	7.56757e+09	6.8754e+09	7.38566e+09	6.50887e+09	6.91495e+09	6.68808e+09	7.02879e+09	6.90299e+09	6.28037e+09	4.70759e+09	5.43477e+09	4.56688e+09	5.07701e+09	5.36411e+09	4.1427e+09	5.7848e+09	5.62811e+09	6.62401e+09	6.5755e+09	5.66438e+09	6.61926e+09	5.35781e+09	5.2249e+09	4.55494e+09	5.35434e+09	4.79649e+09	4.96606e+09	5.59939e+09	5.60841e+09	4.8646e+09	4.66359e+09	4.88886e+09	4.67567e+09	6.42625e+09	5.42435e+09	6.33616e+09	5.21071e+09	6.3038e+09	5.75381e+09
ERR607731	6.65887e+09	6.6017e+09	6.33965e+09	6.75822e+09	6.8037e+09	6.74051e+09	6.96639e+09	7.18641e+09	7.19905e+09	7.32105e+09	7.38782e+09	7.34206e+09	6.70992e+09	6.89412e+09	6.61803e+09	6.64595e+09	6.59426e+09	6.45584e+09	6.44541e+09	7.10162e+09	6.21066e+09	6.16094e+09	6.48424e+09	6.56681e+09	5.88952e+09	6.46585e+09	6.72352e+09	5.84714e+09	5.9004e+09	5.53315e+09	5.98894e+09	5.034e+09	6.80579e+09	6.57118e+09	6.10337e+09	5.94287e+09	7.28698e+09	7.28408e+09	7.11728e+09	7.14065e+09	7.06405e+09	7.1793e+09	6.99286e+09	7.00956e+09	7.02753e+09	6.28576e+09	6.36517e+09	6.26893e+09	5.31765e+09	6.67414e+09	6.65726e+09	5.41924e+09	5.51201e+09	6.45295e+09	7.39528e+09	7.09249e+09	7.20969e+09	7.56773e+09	6.8761e+09	7.38742e+09	6.51628e+09	6.9203e+09	6.6996e+09	7.03432e+09	6.91001e+09	6.28525e+09	4.65863e+09	5.42447e+09	4.51946e+09	5.06821e+09	5.35664e+09	4.0992e+09	5.78139e+09	5.62347e+09	6.6186e+09	6.57001e+09	5.66193e+09	6.61347e+09	5.34443e+09	5.21558e+09	4.54556e+09	5.3405e+09	4.78356e+09	4.95296e+09	5.58836e+09	5.59756e+09	4.8545e+09	4.65796e+09	4.87938e+09	4.67744e+09	6.40721e+09	5.40497e+09	6.31756e+09	5.18906e+09	6.28457e+09	5.7327e+09
ERR607733	6.57e+09	6.51239e+09	6.2575e+09	6.66372e+09	6.70829e+09	6.64606e+09	6.86627e+09	7.07836e+09	7.09345e+09	7.20922e+09	7.27372e+09	7.22949e+09	6.61672e+09	6.61803e+09	6.70606e+09	6.55845e+09	6.50744e+09	6.36865e+09	6.3553e+09	6.99702e+09	6.12508e+09	6.07752e+09	6.39324e+09	6.47199e+09	5.81393e+09	6.37659e+09	6.63034e+09	5.77192e+09	5.82413e+09	5.4623e+09	5.901e+09	4.9681e+09	6.70491e+09	6.4747e+09	6.0134e+09	5.85638e+09	7.17344e+09	7.17315e+09	7.0115e+09	7.03516e+09	6.95846e+09	7.07251e+09	6.88571e+09	6.90168e+09	6.91887e+09	6.19636e+09	6.27428e+09	6.17979e+09	5.2447e+09	6.5756e+09	6.55914e+09	5.34318e+09	5.43493e+09	6.35655e+09	7.28043e+09	6.98456e+09	7.09603e+09	7.44779e+09	6.7751e+09	7.27207e+09	6.42127e+09	6.81586e+09	6.59766e+09	6.92696e+09	6.80531e+09	6.19672e+09	4.61203e+09	5.34315e+09	4.47513e+09	4.99342e+09	5.27487e+09	4.06146e+09	5.7058e+09	5.55149e+09	6.52792e+09	6.48084e+09	5.58799e+09	6.52362e+09	5.27017e+09	5.14216e+09	4.48507e+09	5.2666e+09	4.71962e+09	4.8864e+09	5.5037e+09	5.51314e+09	4.78418e+09	4.58966e+09	4.80851e+09	4.6055e+09	6.32475e+09	5.34215e+09	6.23682e+09	5.13062e+09	6.20481e+09	5.66471e+09
ERR607734	6.59919e+09	6.54077e+09	6.28411e+09	6.69331e+09	6.73872e+09	6.67663e+09	6.8983e+09	7.11254e+09	7.12772e+09	7.24447e+09	7.30994e+09	7.265e+09	6.64524e+09	6.64595e+09	6.55845e+09	6.76379e+09	6.53517e+09	6.39485e+09	6.38697e+09	7.03238e+09	6.15507e+09	6.10707e+09	6.42427e+09	6.50332e+09	5.84036e+09	6.40631e+09	6.6632e+09	5.79816e+09	5.85081e+09	5.48662e+09	5.93274e+09	4.9934e+09	6.7438e+09	6.51178e+09	6.04609e+09	5.88787e+09	7.20882e+09	7.20864e+09	7.04488e+09	7.06854e+09	6.9908e+09	7.10647e+09	6.9209e+09	6.93734e+09	6.95473e+09	6.22702e+09	6.30525e+09	6.2106e+09	5.27163e+09	6.61068e+09	6.59406e+09	5.37036e+09	5.46258e+09	6.38981e+09	7.31732e+09	7.01904e+09	7.13063e+09	7.4869e+09	6.8082e+09	7.30904e+09	6.44953e+09	6.84718e+09	6.62656e+09	6.95977e+09	6.83621e+09	6.22361e+09	4.64746e+09	5.37526e+09	4.50893e+09	5.02304e+09	5.30665e+09	4.09193e+09	5.7325e+09	5.57724e+09	6.55936e+09	6.51193e+09	5.61355e+09	6.5553e+09	5.3006e+09	5.1713e+09	4.51027e+09	5.29659e+09	4.7466e+09	4.91432e+09	5.53781e+09	5.54716e+09	4.8129e+09	4.61678e+09	4.83769e+09	4.63176e+09	6.36002e+09	5.37094e+09	6.27134e+09	5.15846e+09	6.23917e+09	5.69557e+09
ERR607732	6.54622e+09	6.48909e+09	6.23628e+09	6.63934e+09	6.68378e+09	6.62255e+09	6.84043e+09	7.05123e+09	7.0658e+09	7.18092e+09	7.24484e+09	7.20098e+09	6.5928e+09	6.59426e+09	6.50744e+09	6.53517e+09	6.65908e+09	6.34677e+09	6.33055e+09	6.96822e+09	6.10169e+09	6.05379e+09	6.36837e+09	6.4471e+09	5.79175e+09	6.35199e+09	6.60425e+09	5.75016e+09	5.80229e+09	5.44228e+09	5.87622e+09	4.94756e+09	6.67466e+09	6.44561e+09	5.98803e+09	5.83168e+09	7.14618e+09	7.14521e+09	6.98482e+09	7.00808e+09	6.93221e+09	7.04489e+09	6.85922e+09	6.87508e+09	6.89255e+09	6.17293e+09	6.25053e+09	6.15686e+09	5.22367e+09	6.54798e+09	6.53141e+09	5.32231e+09	5.41315e+09	6.33095e+09	7.25075e+09	6.95728e+09	7.06873e+09	7.41672e+09	6.74945e+09	7.24264e+09	6.39955e+09	6.79164e+09	6.57595e+09	6.90169e+09	6.78084e+09	6.17605e+09	4.57895e+09	5.31779e+09	4.44305e+09	4.97028e+09	5.25077e+09	4.03323e+09	5.68448e+09	5.53029e+09	6.50187e+09	6.45518e+09	5.56747e+09	6.49769e+09	5.24483e+09	5.11875e+09	4.46463e+09	5.2415e+09	4.69787e+09	4.86356e+09	5.47701e+09	5.48627e+09	4.76113e+09	4.56895e+09	4.78558e+09	4.58492e+09	6.29507e+09	5.31746e+09	6.20784e+09	5.10677e+09	6.17546e+09	5.63828e+09
ERR607729	6.40547e+09	6.3513e+09	6.10854e+09	6.49593e+09	6.53808e+09	6.4797e+09	6.68952e+09	6.88971e+09	6.90346e+09	7.01334e+09	7.07484e+09	7.03237e+09	6.45454e+09	6.45584e+09	6.36865e+09	6.39485e+09	6.34677e+09	6.38632e+09	6.18456e+09	6.8013e+09	5.96248e+09	5.91602e+09	6.22175e+09	6.29921e+09	5.66961e+09	6.21319e+09	6.45553e+09	5.62919e+09	5.67991e+09	5.3312e+09	5.73543e+09	4.83566e+09	6.50414e+09	6.28339e+09	5.84367e+09	5.69298e+09	6.98046e+09	6.97995e+09	6.82593e+09	6.84779e+09	6.77853e+09	6.88322e+09	6.69963e+09	6.71553e+09	6.73194e+09	6.03631e+09	6.11165e+09	6.02015e+09	5.10431e+09	6.3886e+09	6.37264e+09	5.20007e+09	5.28799e+09	6.1792e+09	7.0777e+09	6.79679e+09	6.90477e+09	7.23589e+09	6.59561e+09	7.06993e+09	6.2644e+09	6.64076e+09	6.43467e+09	6.74624e+09	6.63109e+09	6.04774e+09	4.43666e+09	5.17734e+09	4.30532e+09	4.84135e+09	5.11274e+09	3.91072e+09	5.56252e+09	5.41178e+09	6.35509e+09	6.3096e+09	5.44923e+09	6.35039e+09	5.11241e+09	4.99127e+09	4.35602e+09	5.10955e+09	4.58254e+09	4.74318e+09	5.32988e+09	5.33917e+09	4.63666e+09	4.45168e+09	4.66194e+09	4.46875e+09	6.14086e+09	5.19226e+09	6.05652e+09	4.98588e+09	6.02466e+09	5.5022e+09
ERR607606	6.46668e+09	6.39518e+09	6.13402e+09	6.54875e+09	6.60058e+09	6.53123e+09	6.712e+09	6.94868e+09	6.96926e+09	7.09489e+09	7.16802e+09	7.11481e+09	6.44963e+09	6.44541e+09	6.3553e+09	6.38697e+09	6.33055e+09	6.18456e+09	7.53253e+09	8.04651e+09	7.05392e+09	7.00177e+09	7.3486e+09	7.43578e+09	5.74953e+09	6.30728e+09	6.58336e+09	5.70843e+09	5.75901e+09	5.3952e+09	6.11216e+09	5.13865e+09	6.99815e+09	6.7481e+09	6.22874e+09	6.06173e+09	7.09872e+09	7.09799e+09	6.90433e+09	6.93323e+09	6.84101e+09	6.97662e+09	7.18456e+09	7.19707e+09	7.21669e+09	6.46198e+09	6.5396e+09	6.44315e+09	6.03309e+09	7.54122e+09	7.51975e+09	6.14036e+09	6.24616e+09	7.27156e+09	7.53785e+09	7.20511e+09	7.31246e+09	7.73838e+09	6.98649e+09	7.5227e+09	6.29635e+09	6.69707e+09	6.45697e+09	6.82161e+09	6.68088e+09	6.07448e+09	5.82033e+09	6.39383e+09	5.65077e+09	5.97314e+09	6.30141e+09	5.12568e+09	6.33858e+09	6.18435e+09	7.24759e+09	7.19705e+09	6.20599e+09	7.2472e+09	6.298e+09	6.12692e+09	5.3495e+09	6.29073e+09	5.637e+09	5.83504e+09	6.63014e+09	6.63986e+09	5.77929e+09	5.53042e+09	5.80017e+09	5.5318e+09	7.30544e+09	6.18731e+09	7.20085e+09	5.96021e+09	7.17195e+09	6.56842e+09
ERR607603	7.12278e+09	7.04239e+09	6.7415e+09	7.22166e+09	7.28069e+09	7.20085e+09	7.42082e+09	7.69706e+09	7.71931e+09	7.86774e+09	7.95365e+09	7.89212e+09	7.10585e+09	7.10162e+09	6.99702e+09	7.03238e+09	6.96822e+09	6.8013e+09	8.04651e+09	9.16736e+09	7.73821e+09	7.67813e+09	8.08772e+09	8.18956e+09	6.30942e+09	6.9494e+09	7.26613e+09	6.26278e+09	6.31971e+09	5.90802e+09	6.70173e+09	5.59513e+09	7.72036e+09	7.43129e+09	6.83629e+09	6.6444e+09	7.86268e+09	7.86126e+09	7.63694e+09	7.66941e+09	7.56438e+09	7.72034e+09	7.92585e+09	7.941e+09	7.96452e+09	7.0865e+09	7.17656e+09	7.0651e+09	6.58426e+09	8.32564e+09	8.29998e+09	6.70796e+09	6.82952e+09	8.01066e+09	8.35104e+09	7.96093e+09	8.08989e+09	8.58685e+09	7.70514e+09	8.33422e+09	6.94274e+09	7.40856e+09	7.13352e+09	7.55322e+09	7.39104e+09	6.68652e+09	6.39724e+09	7.02212e+09	6.20368e+09	6.5385e+09	6.91649e+09	5.60246e+09	6.92039e+09	6.74375e+09	7.96973e+09	7.90951e+09	6.77011e+09	7.96918e+09	6.8982e+09	6.70288e+09	5.81984e+09	6.89091e+09	6.14497e+09	6.3692e+09	7.29418e+09	7.30484e+09	6.31412e+09	6.03177e+09	6.33815e+09	6.03615e+09	8.03438e+09	6.74625e+09	7.91283e+09	6.48804e+09	7.87861e+09	7.18247e+09
ERR607607	6.22969e+09	6.16158e+09	5.91372e+09	6.30768e+09	6.35709e+09	6.29065e+09	6.45904e+09	6.68334e+09	6.70216e+09	6.82221e+09	6.89055e+09	6.84069e+09	6.2145e+09	6.21066e+09	6.12508e+09	6.15507e+09	6.10169e+09	5.96248e+09	7.05392e+09	7.73821e+09	7.00589e+09	6.75562e+09	7.08223e+09	7.16477e+09	5.54551e+09	6.07627e+09	6.3372e+09	5.50605e+09	5.55505e+09	5.20831e+09	5.89844e+09	4.97149e+09	6.73732e+09	6.50029e+09	6.00861e+09	5.84924e+09	6.8286e+09	6.82801e+09	6.64463e+09	6.67208e+09	6.58438e+09	6.71339e+09	6.91989e+09	6.93189e+09	6.95089e+09	6.23522e+09	6.30927e+09	6.21715e+09	5.83378e+09	7.261e+09	7.24112e+09	5.93556e+09	6.03628e+09	7.00706e+09	7.25015e+09	6.93586e+09	7.03747e+09	7.43964e+09	6.72854e+09	7.23616e+09	6.06605e+09	6.44515e+09	6.21713e+09	6.56312e+09	6.42944e+09	5.85505e+09	5.60506e+09	6.16861e+09	5.44501e+09	5.77038e+09	6.0823e+09	4.94692e+09	6.12599e+09	5.97995e+09	6.98592e+09	6.93832e+09	6.00095e+09	6.98612e+09	6.08098e+09	5.91915e+09	5.17912e+09	6.07358e+09	5.45292e+09	5.64132e+09	6.39174e+09	6.40141e+09	5.58481e+09	5.34871e+09	5.60521e+09	5.35093e+09	7.03654e+09	5.97883e+09	6.93775e+09	5.76235e+09	6.91049e+09	6.33908e+09
ERR607608	6.18161e+09	6.11407e+09	5.86945e+09	6.25853e+09	6.3078e+09	6.24195e+09	6.40791e+09	6.62993e+09	6.64885e+09	6.76679e+09	6.83522e+09	6.78586e+09	6.1656e+09	6.16094e+09	6.07752e+09	6.10707e+09	6.05379e+09	5.91602e+09	7.00177e+09	7.67813e+09	6.75562e+09	6.90756e+09	7.02989e+09	7.11127e+09	5.50619e+09	6.03083e+09	6.29024e+09	5.46751e+09	5.51525e+09	5.17197e+09	5.85704e+09	4.94016e+09	6.689e+09	6.45422e+09	5.96651e+09	5.8086e+09	6.77346e+09	6.77324e+09	6.59146e+09	6.61926e+09	6.53196e+09	6.65987e+09	6.86629e+09	6.87818e+09	6.89693e+09	6.19039e+09	6.26337e+09	6.17263e+09	5.79524e+09	7.20648e+09	7.1867e+09	5.89578e+09	5.99503e+09	6.9549e+09	7.1927e+09	6.88158e+09	6.9811e+09	7.38071e+09	6.67689e+09	7.17891e+09	6.01797e+09	6.39321e+09	6.16719e+09	6.5099e+09	6.37792e+09	5.8101e+09	5.5783e+09	6.12771e+09	5.41894e+09	5.73354e+09	6.04149e+09	4.92519e+09	6.08482e+09	5.94036e+09	6.93538e+09	6.88815e+09	5.96104e+09	6.9352e+09	6.04279e+09	5.88164e+09	5.14846e+09	6.03552e+09	5.4202e+09	5.60746e+09	6.34944e+09	6.35914e+09	5.55058e+09	5.31662e+09	5.57083e+09	5.31685e+09	6.98977e+09	5.94422e+09	6.89236e+09	5.72986e+09	6.86472e+09	6.30116e+09
ERR607605	6.5022e+09	6.43133e+09	6.16903e+09	6.58737e+09	6.63942e+09	6.56967e+09	6.75149e+09	6.98942e+09	7.00877e+09	7.13719e+09	7.21033e+09	7.15725e+09	6.48773e+09	6.48424e+09	6.39324e+09	6.42427e+09	6.36837e+09	6.22175e+09	7.3486e+09	8.08772e+09	7.08223e+09	7.02989e+09	7.60522e+09	7.47255e+09	5.77621e+09	6.33924e+09	6.61542e+09	5.7346e+09	5.78618e+09	5.42034e+09	6.13482e+09	5.1551e+09	7.02335e+09	6.77231e+09	6.25231e+09	6.08421e+09	7.1418e+09	7.14026e+09	6.94626e+09	6.97469e+09	6.88344e+09	7.01889e+09	7.22134e+09	7.23405e+09	7.25423e+09	6.49119e+09	6.56967e+09	6.47225e+09	6.05569e+09	7.57534e+09	7.554e+09	6.16504e+09	6.27143e+09	7.3044e+09	7.58044e+09	7.24544e+09	7.35553e+09	7.78165e+09	7.02452e+09	7.56565e+09	6.33608e+09	6.73984e+09	6.4996e+09	6.86469e+09	6.7238e+09	6.11228e+09	5.81035e+09	6.41313e+09	5.64141e+09	5.99112e+09	6.32187e+09	5.11728e+09	6.36477e+09	6.20899e+09	7.28041e+09	7.22999e+09	6.23258e+09	7.28096e+09	6.31616e+09	6.14665e+09	5.36444e+09	6.30952e+09	5.653e+09	5.85191e+09	6.64987e+09	6.6595e+09	5.79319e+09	5.54576e+09	5.81587e+09	5.5488e+09	7.32653e+09	6.20199e+09	7.22104e+09	5.97311e+09	7.19129e+09	6.58383e+09
ERR607604	6.57996e+09	6.51172e+09	6.24379e+09	6.66899e+09	6.72164e+09	6.65092e+09	6.83622e+09	7.0791e+09	7.09543e+09	7.22829e+09	7.30273e+09	7.24877e+09	6.56725e+09	6.56681e+09	6.47199e+09	6.50332e+09	6.4471e+09	6.29921e+09	7.43578e+09	8.18956e+09	7.16477e+09	7.11127e+09	7.47255e+09	7.78687e+09	5.84271e+09	6.4174e+09	6.69392e+09	5.80009e+09	5.85302e+09	5.48171e+09	6.20573e+09	5.20659e+09	7.10428e+09	6.84934e+09	6.32449e+09	6.15365e+09	7.23376e+09	7.22925e+09	7.03355e+09	7.06188e+09	6.97021e+09	7.1064e+09	7.31387e+09	7.32646e+09	7.34746e+09	6.56668e+09	6.6475e+09	6.54822e+09	6.11946e+09	7.66438e+09	7.64309e+09	6.23143e+09	6.33868e+09	7.39732e+09	7.6762e+09	7.33795e+09	7.45222e+09	7.88007e+09	7.1103e+09	7.66196e+09	6.42019e+09	6.82832e+09	6.58845e+09	6.9545e+09	6.81302e+09	6.18928e+09	5.83735e+09	6.4758e+09	5.66663e+09	6.04842e+09	6.38583e+09	5.13766e+09	6.43571e+09	6.27585e+09	7.36556e+09	7.3138e+09	6.30263e+09	7.3659e+09	6.37621e+09	6.2065e+09	5.41221e+09	6.36847e+09	5.70211e+09	5.90315e+09	6.71732e+09	6.72718e+09	5.8482e+09	5.60005e+09	5.87152e+09	5.61099e+09	7.40195e+09	6.2555e+09	7.29505e+09	6.01995e+09	7.2647e+09	6.64318e+09
ERR612580	5.92362e+09	5.86225e+09	5.63846e+09	5.99673e+09	6.03899e+09	5.98308e+09	6.22441e+09	6.42483e+09	6.44291e+09	6.54892e+09	6.61324e+09	6.56944e+09	5.89527e+09	5.88952e+09	5.81393e+09	5.84036e+09	5.79175e+09	5.66961e+09	5.74953e+09	6.30942e+09	5.54551e+09	5.50619e+09	5.77621e+09	5.84271e+09	5.69036e+09	5.99854e+09	6.23921e+09	5.46745e+09	5.51303e+09	5.17721e+09	5.48588e+09	4.65319e+09	6.22257e+09	6.01408e+09	5.58667e+09	5.44546e+09	6.46843e+09	6.47319e+09	6.31243e+09	6.33565e+09	6.26222e+09	6.37346e+09	6.28034e+09	6.29492e+09	6.30995e+09	5.6894e+09	5.7555e+09	5.67421e+09	4.80642e+09	5.9883e+09	5.9752e+09	4.89052e+09	4.97287e+09	5.7802e+09	6.56009e+09	6.28731e+09	6.37724e+09	6.71557e+09	6.10469e+09	6.55003e+09	5.80679e+09	6.16321e+09	5.95181e+09	6.2652e+09	6.15006e+09	5.61267e+09	4.44835e+09	4.9677e+09	4.31756e+09	4.64358e+09	4.89844e+09	3.91659e+09	5.17071e+09	5.0422e+09	5.8923e+09	5.85015e+09	5.06456e+09	5.88833e+09	4.89731e+09	4.76889e+09	4.17515e+09	4.89181e+09	4.39185e+09	4.54374e+09	5.12297e+09	5.13171e+09	4.46221e+09	4.27176e+09	4.4822e+09	4.27546e+09	5.81598e+09	4.93792e+09	5.73489e+09	4.75574e+09	5.7103e+09	5.23089e+09
ERR612579	6.49843e+09	6.43303e+09	6.17563e+09	6.58734e+09	6.63509e+09	6.57047e+09	6.84288e+09	7.07476e+09	7.09222e+09	7.21795e+09	7.29162e+09	7.24129e+09	6.46926e+09	6.46585e+09	6.37659e+09	6.40631e+09	6.35199e+09	6.21319e+09	6.30728e+09	6.9494e+09	6.07627e+09	6.03083e+09	6.33924e+09	6.4174e+09	5.99854e+09	6.78178e+09	6.84924e+09	5.95416e+09	6.00758e+09	5.62996e+09	6.00416e+09	5.05591e+09	6.84154e+09	6.60291e+09	6.11856e+09	5.95806e+09	7.12966e+09	7.13163e+09	6.94841e+09	6.97438e+09	6.89119e+09	7.01751e+09	6.91278e+09	6.92989e+09	6.94778e+09	6.22866e+09	6.30474e+09	6.21119e+09	5.24283e+09	6.58233e+09	6.56701e+09	5.33894e+09	5.43173e+09	6.3507e+09	7.23876e+09	6.92695e+09	7.03436e+09	7.4178e+09	6.71534e+09	7.22757e+09	6.37829e+09	6.78408e+09	6.54813e+09	6.9016e+09	6.77034e+09	6.1542e+09	4.82768e+09	5.43212e+09	4.68212e+09	5.06867e+09	5.35637e+09	4.23568e+09	5.64829e+09	5.50103e+09	6.46774e+09	6.41971e+09	5.52947e+09	6.46392e+09	5.34344e+09	5.20222e+09	4.53704e+09	5.33821e+09	4.77678e+09	4.94607e+09	5.60865e+09	5.61861e+09	4.86703e+09	4.6573e+09	4.8881e+09	4.66706e+09	6.3675e+09	5.37111e+09	6.27631e+09	5.16455e+09	6.24715e+09	5.70215e+09
ERR612577	6.76909e+09	6.69218e+09	6.41966e+09	6.85798e+09	6.90997e+09	6.84e+09	7.13601e+09	7.3847e+09	7.40917e+09	7.54034e+09	7.62171e+09	7.5664e+09	6.73239e+09	6.72352e+09	6.63034e+09	6.6632e+09	6.60425e+09	6.45553e+09	6.58336e+09	7.26613e+09	6.3372e+09	6.29024e+09	6.61542e+09	6.69392e+09	6.23921e+09	6.84924e+09	7.37676e+09	6.19271e+09	6.24785e+09	5.84656e+09	6.26109e+09	5.26185e+09	7.16412e+09	6.90748e+09	6.38365e+09	6.21183e+09	7.44153e+09	7.4489e+09	7.24691e+09	7.27613e+09	7.18484e+09	7.32273e+09	7.21167e+09	7.23004e+09	7.24927e+09	6.48909e+09	6.56878e+09	6.4704e+09	5.4667e+09	6.88857e+09	6.87078e+09	5.56657e+09	5.66563e+09	6.62914e+09	7.56427e+09	7.22624e+09	7.33681e+09	7.75841e+09	7.00358e+09	7.55157e+09	6.62996e+09	7.06645e+09	6.80695e+09	7.19312e+09	7.05015e+09	6.39525e+09	5.13699e+09	5.69483e+09	4.9797e+09	5.30783e+09	5.60946e+09	4.49748e+09	5.87684e+09	5.72412e+09	6.74771e+09	6.69666e+09	5.74921e+09	6.74402e+09	5.60044e+09	5.44349e+09	4.74107e+09	5.59489e+09	4.9996e+09	5.17993e+09	5.88665e+09	5.89641e+09	5.09844e+09	4.86908e+09	5.11926e+09	4.86958e+09	6.67493e+09	5.61906e+09	6.57592e+09	5.40694e+09	6.547e+09	5.97209e+09
ERR612582	5.88039e+09	5.81972e+09	5.59803e+09	5.9531e+09	5.99453e+09	5.93878e+09	6.17747e+09	6.37553e+09	6.39328e+09	6.49806e+09	6.56206e+09	6.51865e+09	5.8529e+09	5.84714e+09	5.77192e+09	5.79816e+09	5.75016e+09	5.62919e+09	5.70843e+09	6.26278e+09	5.50605e+09	5.46751e+09	5.7346e+09	5.80009e+09	5.46745e+09	5.95416e+09	6.19271e+09	5.6105e+09	5.47464e+09	5.14204e+09	5.44437e+09	4.62042e+09	6.17336e+09	5.96629e+09	5.54378e+09	5.40407e+09	6.41872e+09	6.42392e+09	6.26501e+09	6.28789e+09	6.21508e+09	6.32529e+09	6.23183e+09	6.24648e+09	6.2615e+09	5.64779e+09	5.71275e+09	5.63199e+09	4.77331e+09	5.94447e+09	5.93049e+09	4.85673e+09	4.93773e+09	5.73749e+09	6.50857e+09	6.23894e+09	6.32765e+09	6.66193e+09	6.05853e+09	6.49872e+09	5.7639e+09	6.1162e+09	5.90701e+09	6.21703e+09	6.10344e+09	5.57135e+09	4.4158e+09	4.93055e+09	4.28609e+09	4.61009e+09	4.86221e+09	3.88864e+09	5.13433e+09	5.00721e+09	5.84912e+09	5.80785e+09	5.02938e+09	5.84601e+09	4.86262e+09	4.73516e+09	4.14727e+09	4.85703e+09	4.36151e+09	4.5129e+09	5.08468e+09	5.09311e+09	4.43031e+09	4.24119e+09	4.44942e+09	4.24475e+09	5.77277e+09	4.90339e+09	5.69347e+09	4.72369e+09	5.66859e+09	5.19395e+09
ERR612581	5.93302e+09	5.87284e+09	5.64793e+09	6.00756e+09	6.04971e+09	5.99347e+09	6.23427e+09	6.43484e+09	6.45187e+09	6.55867e+09	6.6234e+09	6.57921e+09	5.90556e+09	5.9004e+09	5.82413e+09	5.85081e+09	5.80229e+09	5.67991e+09	5.75901e+09	6.31971e+09	5.55505e+09	5.51525e+09	5.78618e+09	5.85302e+09	5.51303e+09	6.00758e+09	6.24785e+09	5.47464e+09	5.70146e+09	5.18352e+09	5.49282e+09	4.65795e+09	6.2298e+09	6.02091e+09	5.59396e+09	5.45262e+09	6.47908e+09	6.48331e+09	6.32278e+09	6.34579e+09	6.27237e+09	6.38371e+09	6.29123e+09	6.30589e+09	6.32166e+09	5.69858e+09	5.76429e+09	5.68322e+09	4.81215e+09	5.99683e+09	5.98325e+09	4.8969e+09	4.97881e+09	5.78901e+09	6.57083e+09	6.29836e+09	6.38941e+09	6.72651e+09	6.11503e+09	6.56122e+09	5.81815e+09	6.17425e+09	5.964e+09	6.27604e+09	6.16137e+09	5.62256e+09	4.44253e+09	4.97161e+09	4.3118e+09	4.64754e+09	4.90297e+09	3.91131e+09	5.17806e+09	5.04947e+09	5.90095e+09	5.85917e+09	5.07179e+09	5.89763e+09	4.90107e+09	4.77325e+09	4.17893e+09	4.8957e+09	4.39444e+09	4.5474e+09	5.1266e+09	5.13576e+09	4.46546e+09	4.27531e+09	4.4851e+09	4.28065e+09	5.8214e+09	4.94126e+09	5.74104e+09	4.7586e+09	5.7157e+09	5.2347e+09
ERR612578	5.55904e+09	5.50417e+09	5.29876e+09	5.62745e+09	5.66561e+09	5.61454e+09	5.83467e+09	6.017e+09	6.0322e+09	6.12976e+09	6.18825e+09	6.14808e+09	5.53749e+09	5.53315e+09	5.4623e+09	5.48662e+09	5.44228e+09	5.3312e+09	5.3952e+09	5.90802e+09	5.20831e+09	5.17197e+09	5.42034e+09	5.48171e+09	5.17721e+09	5.62996e+09	5.84656e+09	5.14204e+09	5.18352e+09	5.04786e+09	5.14851e+09	4.38477e+09	5.81859e+09	5.62829e+09	5.24009e+09	5.11161e+09	6.05891e+09	6.06198e+09	5.91675e+09	5.93695e+09	5.87137e+09	5.97148e+09	5.8852e+09	5.89876e+09	5.91269e+09	5.34413e+09	5.4043e+09	5.33087e+09	4.52426e+09	5.60928e+09	5.59666e+09	4.60325e+09	4.67831e+09	5.42035e+09	6.13893e+09	5.89035e+09	5.97488e+09	6.27999e+09	5.72397e+09	6.12952e+09	5.4548e+09	5.77925e+09	5.58857e+09	5.87212e+09	5.7678e+09	5.27647e+09	4.14024e+09	4.65755e+09	4.02007e+09	4.36018e+09	4.59613e+09	3.65273e+09	4.86652e+09	4.74737e+09	5.52684e+09	5.48901e+09	4.76926e+09	5.52317e+09	4.59651e+09	4.48122e+09	3.93181e+09	4.59148e+09	4.13087e+09	4.27215e+09	4.80053e+09	4.80855e+09	4.19096e+09	4.01716e+09	4.21062e+09	4.02277e+09	5.44357e+09	4.63786e+09	5.37023e+09	4.46883e+09	5.34638e+09	4.90551e+09
ERR622581	6.02987e+09	5.96369e+09	5.71457e+09	6.11052e+09	6.16034e+09	6.09444e+09	6.32418e+09	6.56144e+09	6.57657e+09	6.70642e+09	6.77966e+09	6.72805e+09	5.98959e+09	5.98894e+09	5.901e+09	5.93274e+09	5.87622e+09	5.73543e+09	6.11216e+09	6.70173e+09	5.89844e+09	5.85704e+09	6.13482e+09	6.20573e+09	5.48588e+09	6.00416e+09	6.26109e+09	5.44437e+09	5.49282e+09	5.14851e+09	6.18049e+09	5.05014e+09	6.79557e+09	6.5656e+09	6.08891e+09	5.93122e+09	6.64747e+09	6.64484e+09	6.45638e+09	6.48476e+09	6.39475e+09	6.52826e+09	6.59277e+09	6.60655e+09	6.6239e+09	5.96209e+09	6.02879e+09	5.94638e+09	5.17917e+09	6.42312e+09	6.40519e+09	5.26602e+09	5.35427e+09	6.20385e+09	6.90806e+09	6.60418e+09	6.70216e+09	7.09191e+09	6.40309e+09	6.89786e+09	5.91152e+09	6.29501e+09	6.06169e+09	6.41371e+09	6.28041e+09	5.70477e+09	4.99564e+09	5.51246e+09	4.84963e+09	5.15489e+09	5.43638e+09	4.39635e+09	5.45851e+09	5.33157e+09	6.20785e+09	6.16549e+09	5.34883e+09	6.20624e+09	5.36605e+09	5.22413e+09	4.5809e+09	5.35986e+09	4.81171e+09	4.97636e+09	5.69579e+09	5.70589e+09	4.97439e+09	4.76114e+09	4.98922e+09	4.76967e+09	6.22829e+09	5.3042e+09	6.14515e+09	5.11528e+09	6.11916e+09	5.61853e+09
ERR622579	5.07315e+09	5.01585e+09	4.8204e+09	5.13056e+09	5.17027e+09	5.11805e+09	5.30013e+09	5.48428e+09	5.49942e+09	5.59663e+09	5.65352e+09	5.61299e+09	5.03866e+09	5.034e+09	4.9681e+09	4.9934e+09	4.94756e+09	4.83566e+09	5.13865e+09	5.59513e+09	4.97149e+09	4.94016e+09	5.1551e+09	5.20659e+09	4.65319e+09	5.05591e+09	5.26185e+09	4.62042e+09	4.65795e+09	4.38477e+09	5.05014e+09	4.49604e+09	5.69237e+09	5.51354e+09	5.13732e+09	5.01449e+09	5.54742e+09	5.5498e+09	5.40053e+09	5.42366e+09	5.3516e+09	5.4574e+09	5.51224e+09	5.52325e+09	5.53615e+09	5.0295e+09	5.08023e+09	5.01662e+09	4.41119e+09	5.38325e+09	5.3689e+09	4.4781e+09	4.54722e+09	5.20494e+09	5.75216e+09	5.51529e+09	5.58593e+09	5.89595e+09	5.36128e+09	5.74286e+09	4.96589e+09	5.26724e+09	5.07808e+09	5.36095e+09	5.25457e+09	4.80695e+09	4.28515e+09	4.6794e+09	4.16592e+09	4.3924e+09	4.61649e+09	3.79647e+09	4.62658e+09	4.52882e+09	5.21358e+09	5.18041e+09	4.53839e+09	5.21233e+09	4.5683e+09	4.45183e+09	3.93423e+09	4.56329e+09	4.12314e+09	4.25755e+09	4.8244e+09	4.8323e+09	4.24779e+09	4.07009e+09	4.25954e+09	4.06923e+09	5.24636e+09	4.52628e+09	5.18072e+09	4.3796e+09	5.16165e+09	4.77344e+09
ERR622577	6.87093e+09	6.78383e+09	6.48482e+09	6.95982e+09	7.02088e+09	6.93991e+09	7.22554e+09	7.51703e+09	7.54351e+09	7.69505e+09	7.78664e+09	7.72156e+09	6.81398e+09	6.80579e+09	6.70491e+09	6.7438e+09	6.67466e+09	6.50414e+09	6.99815e+09	7.72036e+09	6.73732e+09	6.689e+09	7.02335e+09	7.10428e+09	6.22257e+09	6.84154e+09	7.16412e+09	6.17336e+09	6.2298e+09	5.81859e+09	6.79557e+09	5.69237e+09	8.09049e+09	7.54607e+09	6.93361e+09	6.73939e+09	7.61522e+09	7.6191e+09	7.3829e+09	7.41872e+09	7.30428e+09	7.47321e+09	7.55081e+09	7.56771e+09	7.58816e+09	6.78636e+09	6.86652e+09	6.76701e+09	5.88175e+09	7.38743e+09	7.36577e+09	5.98249e+09	6.0892e+09	7.10751e+09	7.9486e+09	7.56868e+09	7.68028e+09	8.18128e+09	7.32577e+09	7.93275e+09	6.71455e+09	7.18391e+09	6.89034e+09	7.33121e+09	7.1641e+09	6.47002e+09	5.84424e+09	6.31578e+09	5.66541e+09	5.88243e+09	6.21787e+09	5.10847e+09	6.19983e+09	6.05122e+09	7.11011e+09	7.05866e+09	6.06564e+09	7.10858e+09	6.1367e+09	5.95782e+09	5.19658e+09	6.12829e+09	5.47416e+09	5.66971e+09	6.54363e+09	6.55374e+09	5.6763e+09	5.4146e+09	5.6905e+09	5.41134e+09	7.17355e+09	6.05337e+09	7.06888e+09	5.83305e+09	7.04007e+09	6.43744e+09
