	ERR637122	ERR637119	ERR637118	ERR637120	ERR637117	ERR637121	ERR622232	ERR622231	ERR622228	ERR622227	ERR622230	ERR622229	ERR617111	ERR617107	ERR617108	ERR617109	ERR617112	ERR617110	ERR617140	ERR617142	ERR617137	ERR617139	ERR617141	ERR617138	ERR612782	ERR612777	ERR612778	ERR612781	ERR612780	ERR612779	ERR635337	ERR635335	ERR635338	ERR635336	ERR635339	ERR635334	ERR613356	ERR613354	ERR613355	ERR613353	ERR613358	ERR613357	ERR607735	ERR607736	ERR607740	ERR607739	ERR607737	ERR607738	ERR616156	ERR616158	ERR616159	ERR616157	ERR616154	ERR616155	ERR616477	ERR616479	ERR616476	ERR616474	ERR616478	ERR616475	ERR618493	ERR618491	ERR618492	ERR618494	ERR618490	ERR618489	ERR608855	ERR608856	ERR608857	ERR608853	ERR608854	ERR608858	ERR608755	ERR608752	ERR608753	ERR608754	ERR608751	ERR608756	ERR630174	ERR630175	ERR630173	ERR630172	ERR630170	ERR630171	ERR613155	ERR613160	ERR613157	ERR613158	ERR613159	ERR613156	ERR631724	ERR631719	ERR631721	ERR631722	ERR631723	ERR631720
ERR637122	8.9606e+09	8.78628e+09	8.79524e+09	8.61975e+09	8.47337e+09	8.64021e+09	5.5515e+09	5.49929e+09	6.93347e+09	6.63506e+09	5.47927e+09	6.96667e+09	5.6369e+09	6.23811e+09	6.43739e+09	6.52691e+09	5.71698e+09	5.71913e+09	6.47575e+09	6.31471e+09	7.17821e+09	7.49354e+09	6.69042e+09	7.4944e+09	7.32489e+09	8.07609e+09	6.24991e+09	7.38798e+09	7.32301e+09	7.64812e+09	6.52696e+09	7.27867e+09	6.19868e+09	7.708e+09	6.08008e+09	6.49651e+09	6.42544e+09	6.64022e+09	7.14388e+09	7.58795e+09	5.47037e+09	6.56767e+09	7.78126e+09	8.11723e+09	8.53501e+09	8.48293e+09	8.1302e+09	8.43846e+09	5.45667e+09	6.48546e+09	6.60775e+09	6.46181e+09	5.64442e+09	6.03431e+09	8.00534e+09	8.0332e+09	7.01229e+09	6.93743e+09	8.03677e+09	4.85202e+09	7.53764e+09	7.38678e+09	7.3683e+09	7.58212e+09	6.89875e+09	7.79483e+09	7.36356e+09	7.10874e+09	7.08873e+09	5.4779e+09	7.07434e+09	7.11521e+09	6.96614e+09	8.1569e+09	8.46937e+09	6.83633e+09	6.4324e+09	6.69709e+09	7.79537e+09	7.46917e+09	7.80649e+09	6.93545e+09	7.98831e+09	7.19483e+09	7.94618e+09	5.20696e+09	7.41819e+09	5.09222e+09	5.34366e+09	7.43019e+09	7.95755e+09	7.99154e+09	8.29529e+09	8.10304e+09	8.147e+09	7.71828e+09
ERR637119	8.78628e+09	9.13066e+09	8.87783e+09	8.69372e+09	8.55053e+09	8.7147e+09	5.59688e+09	5.54427e+09	6.99836e+09	6.6976e+09	5.52419e+09	7.03372e+09	5.69214e+09	6.29882e+09	6.49812e+09	6.58938e+09	5.77364e+09	5.77539e+09	6.52765e+09	6.37258e+09	7.24204e+09	7.55982e+09	6.74573e+09	7.56084e+09	7.38071e+09	8.14334e+09	6.29465e+09	7.44516e+09	7.37856e+09	7.70983e+09	6.57751e+09	7.33385e+09	6.2452e+09	7.76794e+09	6.12589e+09	6.54455e+09	6.47735e+09	6.69855e+09	7.20846e+09	7.65635e+09	5.51638e+09	6.62156e+09	7.84176e+09	8.18136e+09	8.61078e+09	8.55831e+09	8.19736e+09	8.51282e+09	5.49449e+09	6.53864e+09	6.66141e+09	6.51436e+09	5.68623e+09	6.07893e+09	8.07629e+09	8.10432e+09	7.06729e+09	6.99204e+09	8.10722e+09	4.88473e+09	7.60925e+09	7.45831e+09	7.43748e+09	7.65459e+09	6.96483e+09	7.87127e+09	7.42307e+09	7.16593e+09	7.14504e+09	5.52313e+09	7.13201e+09	7.17233e+09	7.02344e+09	8.2315e+09	8.54694e+09	6.89212e+09	6.48972e+09	6.75164e+09	7.87111e+09	7.54422e+09	7.8828e+09	6.999e+09	8.06611e+09	7.26406e+09	8.02028e+09	5.25068e+09	7.48652e+09	5.13408e+09	5.38798e+09	7.49884e+09	8.02361e+09	8.05722e+09	8.36566e+09	8.17138e+09	8.21652e+09	7.77797e+09
ERR637118	8.79524e+09	8.87783e+09	9.14828e+09	8.70219e+09	8.55876e+09	8.72302e+09	5.61485e+09	5.56191e+09	7.01682e+09	6.71128e+09	5.54166e+09	7.04839e+09	5.6913e+09	6.30306e+09	6.50817e+09	6.59981e+09	5.77196e+09	5.77498e+09	6.54554e+09	6.37538e+09	7.25614e+09	7.58061e+09	6.76369e+09	7.5811e+09	7.39014e+09	8.15592e+09	6.30092e+09	7.45417e+09	7.38767e+09	7.71781e+09	6.57619e+09	7.341e+09	6.24401e+09	7.77699e+09	6.12508e+09	6.54516e+09	6.49154e+09	6.70744e+09	7.21789e+09	7.67079e+09	5.52114e+09	6.6359e+09	7.85431e+09	8.19779e+09	8.62195e+09	8.56914e+09	8.20881e+09	8.52392e+09	5.51898e+09	6.55948e+09	6.68422e+09	6.5366e+09	5.70766e+09	6.10371e+09	8.08442e+09	8.11286e+09	7.0806e+09	7.00448e+09	8.11728e+09	4.89492e+09	7.62548e+09	7.46977e+09	7.45312e+09	7.67064e+09	6.9733e+09	7.88427e+09	7.4366e+09	7.17713e+09	7.15615e+09	5.52304e+09	7.14225e+09	7.18273e+09	7.03355e+09	8.24209e+09	8.56188e+09	6.90182e+09	6.48962e+09	6.76074e+09	7.88046e+09	7.54653e+09	7.89122e+09	7.00738e+09	8.07608e+09	7.27027e+09	8.02989e+09	5.25291e+09	7.49264e+09	5.13767e+09	5.39113e+09	7.50535e+09	8.03504e+09	8.07102e+09	8.38233e+09	8.18377e+09	8.22882e+09	7.79276e+09
ERR637120	8.61975e+09	8.69372e+09	8.70219e+09	8.77646e+09	8.38913e+09	8.55102e+09	5.49161e+09	5.43968e+09	6.85419e+09	6.56129e+09	5.4205e+09	6.88771e+09	5.57891e+09	6.17101e+09	6.36531e+09	6.4535e+09	5.6577e+09	5.65952e+09	6.40406e+09	6.24922e+09	7.09661e+09	7.40565e+09	6.61559e+09	7.40668e+09	7.26117e+09	7.99892e+09	6.20035e+09	7.32305e+09	7.25891e+09	7.57906e+09	6.47438e+09	7.21438e+09	6.14926e+09	7.63624e+09	6.03254e+09	6.44393e+09	6.35825e+09	6.57228e+09	7.06774e+09	7.50372e+09	5.41877e+09	6.49873e+09	7.7087e+09	8.03784e+09	8.4471e+09	8.39624e+09	8.05112e+09	8.35334e+09	5.39526e+09	6.40973e+09	6.52943e+09	6.38634e+09	5.58077e+09	5.96441e+09	7.92608e+09	7.95332e+09	6.94686e+09	6.87307e+09	7.95645e+09	4.81154e+09	7.45383e+09	7.30698e+09	7.28651e+09	7.4976e+09	6.82613e+09	7.70818e+09	7.29338e+09	7.04286e+09	7.02239e+09	5.434e+09	7.00941e+09	7.04845e+09	6.89943e+09	8.07325e+09	8.37842e+09	6.77112e+09	6.37576e+09	6.6343e+09	7.71258e+09	7.39319e+09	7.72408e+09	6.865e+09	7.90206e+09	7.12122e+09	7.86597e+09	5.16248e+09	7.34574e+09	5.04873e+09	5.29728e+09	7.358e+09	7.88163e+09	7.91447e+09	8.21091e+09	8.02376e+09	8.06712e+09	7.647e+09
ERR637117	8.47337e+09	8.55053e+09	8.55876e+09	8.38913e+09	8.49406e+09	8.40712e+09	5.39342e+09	5.34325e+09	6.72563e+09	6.44266e+09	5.32438e+09	6.76017e+09	5.48727e+09	6.0656e+09	6.25505e+09	6.33929e+09	5.5653e+09	5.56663e+09	6.29234e+09	6.14598e+09	6.96968e+09	7.26799e+09	6.49903e+09	7.27125e+09	7.15953e+09	7.87637e+09	6.12185e+09	7.22002e+09	7.15709e+09	7.4701e+09	6.38904e+09	7.1135e+09	6.07038e+09	7.52333e+09	5.95533e+09	6.3598e+09	6.25157e+09	6.46373e+09	6.94745e+09	7.37148e+09	5.33647e+09	6.38903e+09	7.59591e+09	7.91268e+09	8.3094e+09	8.2611e+09	7.92717e+09	8.21931e+09	5.29601e+09	6.28946e+09	6.40551e+09	6.26536e+09	5.47928e+09	5.85226e+09	7.79848e+09	7.82452e+09	6.84127e+09	6.76949e+09	7.82719e+09	4.74545e+09	7.32066e+09	7.17925e+09	7.15717e+09	7.36391e+09	6.70966e+09	7.5701e+09	7.17994e+09	6.93506e+09	6.91502e+09	5.36179e+09	6.90368e+09	6.94073e+09	6.79027e+09	7.93957e+09	8.23441e+09	6.6651e+09	6.28379e+09	6.53133e+09	7.57965e+09	7.27086e+09	7.59163e+09	6.75051e+09	7.76422e+09	7.00257e+09	7.73635e+09	5.08914e+09	7.22976e+09	4.97743e+09	5.22123e+09	7.24135e+09	7.75998e+09	7.7914e+09	8.07794e+09	7.89668e+09	7.93859e+09	7.53213e+09
ERR637121	8.64021e+09	8.7147e+09	8.72302e+09	8.55102e+09	8.40712e+09	8.81723e+09	5.5032e+09	5.4515e+09	6.86981e+09	6.57597e+09	5.432e+09	6.90374e+09	5.59114e+09	6.18517e+09	6.38107e+09	6.46962e+09	5.67106e+09	5.67263e+09	6.42047e+09	6.26404e+09	7.11577e+09	7.42572e+09	6.63307e+09	7.42694e+09	7.27516e+09	8.01537e+09	6.21106e+09	7.33686e+09	7.27292e+09	7.59369e+09	6.48571e+09	7.22899e+09	6.16034e+09	7.65214e+09	6.04283e+09	6.4554e+09	6.37265e+09	6.58635e+09	7.08404e+09	7.52102e+09	5.42942e+09	6.51325e+09	7.72417e+09	8.05517e+09	8.46557e+09	8.41499e+09	8.06804e+09	8.37196e+09	5.40784e+09	6.42586e+09	6.54623e+09	6.40209e+09	5.59372e+09	5.97901e+09	7.94218e+09	7.96949e+09	6.95984e+09	6.88559e+09	7.97274e+09	4.8186e+09	7.4703e+09	7.32178e+09	7.30261e+09	7.5142e+09	6.84008e+09	7.72533e+09	7.30664e+09	7.05552e+09	7.03513e+09	5.44143e+09	7.02163e+09	7.06156e+09	6.91222e+09	8.08918e+09	8.39624e+09	6.78362e+09	6.38551e+09	6.6464e+09	7.72933e+09	7.40901e+09	7.74032e+09	6.87907e+09	7.91987e+09	7.1362e+09	7.88154e+09	5.17024e+09	7.3598e+09	5.05649e+09	5.30592e+09	7.3717e+09	7.89661e+09	7.93035e+09	8.2281e+09	8.03957e+09	8.08273e+09	7.66091e+09
ERR622232	5.5515e+09	5.59688e+09	5.61485e+09	5.49161e+09	5.39342e+09	5.5032e+09	5.00832e+09	4.78987e+09	5.77267e+09	5.54592e+09	4.77158e+09	5.77513e+09	4.18911e+09	4.60873e+09	4.76009e+09	4.82949e+09	4.23355e+09	4.24755e+09	4.53701e+09	4.3742e+09	4.93262e+09	5.15439e+09	4.66509e+09	5.14537e+09	4.89125e+09	5.3825e+09	4.22408e+09	4.92991e+09	4.89484e+09	5.08915e+09	4.34368e+09	4.84071e+09	4.14216e+09	5.11091e+09	4.07369e+09	4.32094e+09	4.7671e+09	4.86343e+09	5.18705e+09	5.47637e+09	4.09156e+09	4.85393e+09	5.17919e+09	5.4056e+09	5.66529e+09	5.62821e+09	5.39842e+09	5.59532e+09	4.73338e+09	5.42881e+09	5.51856e+09	5.41977e+09	4.85261e+09	5.14221e+09	6.08431e+09	6.10338e+09	5.46816e+09	5.41382e+09	6.11566e+09	3.99965e+09	5.96584e+09	5.83908e+09	5.85989e+09	5.99276e+09	5.51253e+09	6.10382e+09	5.67682e+09	5.50377e+09	5.49084e+09	4.32738e+09	5.46862e+09	5.5058e+09	5.46578e+09	6.21813e+09	6.44747e+09	5.38435e+09	5.02689e+09	5.28265e+09	6.06683e+09	5.8227e+09	6.06525e+09	5.5159e+09	6.18799e+09	5.67419e+09	6.10835e+09	4.26509e+09	5.75293e+09	4.18839e+09	4.36767e+09	5.75777e+09	5.98923e+09	6.02035e+09	6.25954e+09	6.10159e+09	6.13432e+09	5.82438e+09
ERR622231	5.49929e+09	5.54427e+09	5.56191e+09	5.43968e+09	5.34325e+09	5.4515e+09	4.78987e+09	4.93086e+09	5.72334e+09	5.49902e+09	4.73483e+09	5.72501e+09	4.15598e+09	4.57148e+09	4.72134e+09	4.78966e+09	4.20068e+09	4.21434e+09	4.49868e+09	4.33708e+09	4.88887e+09	5.10774e+09	4.62579e+09	5.0998e+09	4.84883e+09	5.33445e+09	4.18894e+09	4.8871e+09	4.85223e+09	5.04439e+09	4.30572e+09	4.79759e+09	4.10627e+09	5.06508e+09	4.03955e+09	4.28383e+09	4.72747e+09	4.8225e+09	5.14208e+09	5.42763e+09	4.06003e+09	4.81337e+09	5.13266e+09	5.35622e+09	5.613e+09	5.57647e+09	5.34909e+09	5.54413e+09	4.69653e+09	5.38278e+09	5.4716e+09	5.37413e+09	4.81411e+09	5.10017e+09	6.02888e+09	6.04749e+09	5.42149e+09	5.3676e+09	6.05955e+09	3.97076e+09	5.91294e+09	5.78761e+09	5.80877e+09	5.93927e+09	5.46505e+09	6.04903e+09	5.62627e+09	5.45541e+09	5.4423e+09	4.29355e+09	5.42073e+09	5.45689e+09	5.41821e+09	6.16031e+09	6.38666e+09	5.3386e+09	4.98405e+09	5.23761e+09	6.01149e+09	5.77036e+09	6.00995e+09	5.4678e+09	6.13127e+09	5.62409e+09	6.05301e+09	4.23375e+09	5.70215e+09	4.15725e+09	4.33491e+09	5.70657e+09	5.93461e+09	5.96531e+09	6.20176e+09	6.04559e+09	6.07805e+09	5.77198e+09
ERR622228	6.93347e+09	6.99836e+09	7.01682e+09	6.85419e+09	6.72563e+09	6.86981e+09	5.77267e+09	5.72334e+09	7.31624e+09	6.7628e+09	5.69996e+09	7.07741e+09	5.04739e+09	5.58361e+09	5.77384e+09	5.86286e+09	5.10919e+09	5.12193e+09	5.52818e+09	5.33918e+09	6.06632e+09	6.3532e+09	5.69935e+09	6.34498e+09	6.02711e+09	6.67142e+09	5.16039e+09	6.07764e+09	6.03103e+09	6.29003e+09	5.34046e+09	5.97162e+09	5.07975e+09	6.32728e+09	4.99062e+09	5.31157e+09	5.77743e+09	5.91928e+09	6.34947e+09	6.73261e+09	4.9135e+09	5.89315e+09	6.39868e+09	6.69448e+09	7.04363e+09	6.99549e+09	6.68935e+09	6.95306e+09	5.64508e+09	6.59077e+09	6.713e+09	6.57748e+09	5.80934e+09	6.19616e+09	7.53491e+09	7.56104e+09	6.68253e+09	6.60968e+09	7.57482e+09	4.74334e+09	7.35069e+09	7.18441e+09	7.20423e+09	7.38827e+09	6.74038e+09	7.54937e+09	6.9687e+09	6.7352e+09	6.71831e+09	5.20178e+09	6.6912e+09	6.73865e+09	6.68198e+09	7.71677e+09	8.02689e+09	6.57033e+09	6.11751e+09	6.43418e+09	7.50703e+09	7.18205e+09	7.50686e+09	6.7498e+09	7.67465e+09	6.97102e+09	7.56691e+09	5.09854e+09	7.08401e+09	4.99585e+09	5.22916e+09	7.09076e+09	7.40455e+09	7.44393e+09	7.76815e+09	7.55744e+09	7.60205e+09	7.17424e+09
ERR622227	6.63506e+09	6.6976e+09	6.71128e+09	6.56129e+09	6.44266e+09	6.57597e+09	5.54592e+09	5.49902e+09	6.7628e+09	6.71093e+09	5.477e+09	6.77424e+09	4.86461e+09	5.37016e+09	5.54566e+09	5.62934e+09	4.92404e+09	4.93588e+09	5.29954e+09	5.13163e+09	5.8092e+09	6.07307e+09	5.46004e+09	6.06618e+09	5.79046e+09	6.39515e+09	4.97033e+09	5.83884e+09	5.79388e+09	6.0397e+09	5.14447e+09	5.73805e+09	4.89615e+09	6.0714e+09	4.81173e+09	5.11606e+09	5.54924e+09	5.6869e+09	6.09226e+09	6.44909e+09	4.73831e+09	5.65878e+09	6.13912e+09	6.41428e+09	6.74444e+09	6.70032e+09	6.41296e+09	6.65958e+09	5.41625e+09	6.30909e+09	6.42167e+09	6.29481e+09	5.57526e+09	5.93546e+09	7.21809e+09	7.24228e+09	6.41604e+09	6.34941e+09	7.25292e+09	4.5829e+09	7.03201e+09	6.8825e+09	6.89582e+09	7.06695e+09	6.46954e+09	7.221e+09	6.68579e+09	6.46872e+09	6.45379e+09	5.02864e+09	6.42938e+09	6.47303e+09	6.41811e+09	7.38688e+09	7.66944e+09	6.3139e+09	5.89712e+09	6.18655e+09	7.18756e+09	6.89146e+09	7.18928e+09	6.48078e+09	7.34377e+09	6.69001e+09	7.24658e+09	4.92806e+09	6.80021e+09	4.82977e+09	5.0514e+09	6.8057e+09	7.09579e+09	7.13145e+09	7.42881e+09	7.23686e+09	7.27862e+09	6.87884e+09
ERR622230	5.47927e+09	5.52419e+09	5.54166e+09	5.4205e+09	5.32438e+09	5.432e+09	4.77158e+09	4.73483e+09	5.69996e+09	5.477e+09	4.89382e+09	5.7018e+09	4.14154e+09	4.55499e+09	4.70442e+09	4.77256e+09	4.1855e+09	4.19965e+09	4.4809e+09	4.32043e+09	4.86963e+09	5.08772e+09	4.60713e+09	5.07901e+09	4.83169e+09	5.31557e+09	4.17415e+09	4.86981e+09	4.83486e+09	5.02648e+09	4.29058e+09	4.78073e+09	4.09146e+09	5.04717e+09	4.02432e+09	4.2679e+09	4.70876e+09	4.8033e+09	5.12174e+09	5.40654e+09	4.04462e+09	4.79433e+09	5.11542e+09	5.33741e+09	5.59344e+09	5.55707e+09	5.33093e+09	5.52473e+09	4.67789e+09	5.36028e+09	5.44902e+09	5.35194e+09	4.79516e+09	5.07964e+09	6.00598e+09	6.02483e+09	5.40047e+09	5.34731e+09	6.03685e+09	3.95678e+09	5.88938e+09	5.76493e+09	5.78569e+09	5.91534e+09	5.44365e+09	6.02464e+09	5.60561e+09	5.43519e+09	5.42233e+09	4.27897e+09	5.40095e+09	5.43687e+09	5.39786e+09	6.13702e+09	6.36251e+09	5.31815e+09	4.96612e+09	5.21775e+09	5.98813e+09	5.74782e+09	5.9868e+09	5.44636e+09	6.10663e+09	5.60215e+09	6.02987e+09	4.21812e+09	5.68087e+09	4.14276e+09	4.31908e+09	5.68525e+09	5.9134e+09	5.94384e+09	6.17914e+09	6.02395e+09	6.05616e+09	5.75116e+09
ERR622229	6.96667e+09	7.03372e+09	7.04839e+09	6.88771e+09	6.76017e+09	6.90374e+09	5.77513e+09	5.72501e+09	7.07741e+09	6.77424e+09	5.7018e+09	7.33772e+09	5.0665e+09	5.60048e+09	5.78757e+09	5.87646e+09	5.12949e+09	5.14056e+09	5.53734e+09	5.36015e+09	6.0821e+09	6.36439e+09	5.70918e+09	6.35712e+09	6.05864e+09	6.70286e+09	5.18847e+09	6.10995e+09	6.06222e+09	6.32374e+09	5.3777e+09	6.0052e+09	5.11428e+09	6.36088e+09	5.02493e+09	5.34728e+09	5.78935e+09	5.93706e+09	6.36895e+09	6.75058e+09	4.92901e+09	5.90597e+09	6.42905e+09	6.72266e+09	7.0755e+09	7.02794e+09	6.72159e+09	6.98532e+09	5.64066e+09	6.59417e+09	6.71562e+09	6.57955e+09	5.80906e+09	6.19455e+09	7.56807e+09	7.59414e+09	6.70551e+09	6.63367e+09	7.60579e+09	4.75647e+09	7.36792e+09	7.2059e+09	7.22099e+09	7.40631e+09	6.76169e+09	7.57204e+09	6.99348e+09	6.76158e+09	6.74528e+09	5.22921e+09	6.71852e+09	6.76564e+09	6.70813e+09	7.74836e+09	8.05391e+09	6.59558e+09	6.15096e+09	6.45938e+09	7.53443e+09	7.21449e+09	7.53579e+09	6.77323e+09	7.70327e+09	6.99856e+09	7.5964e+09	5.12002e+09	7.11562e+09	5.01544e+09	5.25007e+09	7.12202e+09	7.43555e+09	7.47376e+09	7.79426e+09	7.58818e+09	7.63268e+09	7.20183e+09
ERR617111	5.6369e+09	5.69214e+09	5.6913e+09	5.57891e+09	5.48727e+09	5.59114e+09	4.18911e+09	4.15598e+09	5.04739e+09	4.86461e+09	4.14154e+09	5.0665e+09	4.43931e+09	4.65107e+09	4.77719e+09	4.84008e+09	4.31978e+09	4.323e+09	4.56374e+09	4.47412e+09	4.98307e+09	5.17467e+09	4.69331e+09	5.16998e+09	4.91233e+09	5.38476e+09	4.25516e+09	4.95283e+09	4.91547e+09	5.11516e+09	4.43593e+09	4.89445e+09	4.23181e+09	5.1586e+09	4.16113e+09	4.40237e+09	4.67129e+09	4.79214e+09	5.1018e+09	5.36295e+09	4.05608e+09	4.75537e+09	5.21675e+09	5.42586e+09	5.69537e+09	5.66162e+09	5.43726e+09	5.63141e+09	4.14127e+09	4.79747e+09	4.87188e+09	4.78295e+09	4.26524e+09	4.51373e+09	5.49686e+09	5.51355e+09	4.90744e+09	4.86151e+09	5.51609e+09	3.58981e+09	5.35588e+09	5.26209e+09	5.2589e+09	5.38123e+09	4.97347e+09	5.50096e+09	5.12295e+09	4.97569e+09	4.96629e+09	3.97461e+09	4.95273e+09	4.9815e+09	4.92273e+09	5.61634e+09	5.80434e+09	4.84944e+09	4.58853e+09	4.76178e+09	5.47576e+09	5.27968e+09	5.48103e+09	4.97085e+09	5.58794e+09	5.1273e+09	5.50999e+09	3.86453e+09	5.20275e+09	3.79081e+09	3.95229e+09	5.20703e+09	5.4141e+09	5.4347e+09	5.633e+09	5.50988e+09	5.53966e+09	5.25288e+09
ERR617107	6.23811e+09	6.29882e+09	6.30306e+09	6.17101e+09	6.0656e+09	6.18517e+09	4.60873e+09	4.57148e+09	5.58361e+09	5.37016e+09	4.55499e+09	5.60048e+09	4.65107e+09	5.30085e+09	5.25591e+09	5.32752e+09	4.70821e+09	4.71474e+09	5.01969e+09	4.89417e+09	5.49388e+09	5.71768e+09	5.16798e+09	5.71259e+09	5.40923e+09	5.95194e+09	4.66261e+09	5.45377e+09	5.4112e+09	5.63846e+09	4.84949e+09	5.38282e+09	4.62081e+09	5.68472e+09	4.54186e+09	4.81917e+09	5.1369e+09	5.26983e+09	5.62305e+09	5.9277e+09	4.43007e+09	5.23385e+09	5.75783e+09	6.00014e+09	6.3058e+09	6.26686e+09	6.0088e+09	6.23236e+09	4.55892e+09	5.2956e+09	5.38261e+09	5.28096e+09	4.69525e+09	4.97905e+09	6.08118e+09	6.10029e+09	5.41623e+09	5.36351e+09	6.10479e+09	3.92668e+09	5.93159e+09	5.82e+09	5.82055e+09	5.96078e+09	5.48836e+09	6.09459e+09	5.66261e+09	5.4918e+09	5.48073e+09	4.34518e+09	5.46581e+09	5.49806e+09	5.4316e+09	6.22387e+09	6.44273e+09	5.34711e+09	5.03978e+09	5.24695e+09	6.06244e+09	5.83177e+09	6.06653e+09	5.48618e+09	6.19147e+09	5.66057e+09	6.10115e+09	4.22381e+09	5.74611e+09	4.14243e+09	4.32322e+09	5.75153e+09	5.99418e+09	6.01923e+09	6.24952e+09	6.10394e+09	6.13793e+09	5.813e+09
ERR617108	6.43739e+09	6.49812e+09	6.50817e+09	6.36531e+09	6.25505e+09	6.38107e+09	4.76009e+09	4.72134e+09	5.77384e+09	5.54566e+09	4.70442e+09	5.78757e+09	4.77719e+09	5.25591e+09	5.62908e+09	5.49878e+09	4.8352e+09	4.844e+09	5.18625e+09	5.03547e+09	5.67413e+09	5.91837e+09	5.34089e+09	5.91174e+09	5.56957e+09	6.13943e+09	4.79055e+09	5.61558e+09	5.57209e+09	5.80646e+09	4.97127e+09	5.53828e+09	4.73427e+09	5.85394e+09	4.6532e+09	4.94069e+09	5.30115e+09	5.43143e+09	5.80138e+09	6.12565e+09	4.55305e+09	5.40168e+09	5.93662e+09	6.19401e+09	6.51078e+09	6.46906e+09	6.19794e+09	6.43264e+09	4.71581e+09	5.47858e+09	5.57083e+09	5.46433e+09	4.85335e+09	5.15251e+09	6.27074e+09	6.29048e+09	5.58444e+09	5.5287e+09	6.29746e+09	4.03548e+09	6.13226e+09	6.00926e+09	6.01558e+09	6.16231e+09	5.65869e+09	6.29631e+09	5.84146e+09	5.65977e+09	5.64768e+09	4.45366e+09	5.63092e+09	5.66546e+09	5.59646e+09	6.42256e+09	6.65727e+09	5.50863e+09	5.1749e+09	5.40236e+09	6.25748e+09	6.00829e+09	6.2602e+09	5.65419e+09	6.39183e+09	5.83361e+09	6.2949e+09	4.33272e+09	5.91907e+09	4.24981e+09	4.43696e+09	5.92463e+09	6.18203e+09	6.20996e+09	6.45596e+09	6.29786e+09	6.33339e+09	5.99624e+09
ERR617109	6.52691e+09	6.58938e+09	6.59981e+09	6.4535e+09	6.33929e+09	6.46962e+09	4.82949e+09	4.78966e+09	5.86286e+09	5.62934e+09	4.77256e+09	5.87646e+09	4.84008e+09	5.32752e+09	5.49878e+09	5.78696e+09	4.89875e+09	4.90815e+09	5.25692e+09	5.10259e+09	5.75523e+09	6.00618e+09	5.4146e+09	5.99742e+09	5.63972e+09	6.22198e+09	4.84645e+09	5.68681e+09	5.64288e+09	5.88207e+09	5.03264e+09	5.60858e+09	4.79149e+09	5.93257e+09	4.70837e+09	4.99973e+09	5.3741e+09	5.50463e+09	5.88294e+09	6.21393e+09	4.60909e+09	5.47664e+09	6.01507e+09	6.27937e+09	6.60245e+09	6.55939e+09	6.2829e+09	6.52219e+09	4.78666e+09	5.56497e+09	5.65914e+09	5.55079e+09	4.92645e+09	5.23259e+09	6.36371e+09	6.38416e+09	5.6625e+09	5.60509e+09	6.39136e+09	4.08556e+09	6.22537e+09	6.09854e+09	6.10648e+09	6.2559e+09	5.74171e+09	6.39274e+09	5.92416e+09	5.73898e+09	5.72658e+09	4.50747e+09	5.70864e+09	5.74445e+09	5.67612e+09	6.518e+09	6.75911e+09	5.58621e+09	5.24192e+09	5.47809e+09	6.35105e+09	6.09532e+09	6.35341e+09	5.73544e+09	6.4881e+09	5.91836e+09	6.3866e+09	4.38731e+09	6.00355e+09	4.30305e+09	4.49341e+09	6.00867e+09	6.27022e+09	6.29969e+09	6.55131e+09	6.38971e+09	6.42572e+09	6.08071e+09
ERR617112	5.71698e+09	5.77364e+09	5.77196e+09	5.6577e+09	5.5653e+09	5.67106e+09	4.23355e+09	4.20068e+09	5.10919e+09	4.92404e+09	4.1855e+09	5.12949e+09	4.31978e+09	4.70821e+09	4.8352e+09	4.89875e+09	4.54829e+09	4.37543e+09	4.61661e+09	4.53015e+09	5.04563e+09	5.23838e+09	4.74865e+09	5.23439e+09	4.97869e+09	5.45958e+09	4.31012e+09	5.02e+09	4.9816e+09	5.18572e+09	4.49786e+09	4.9614e+09	4.2896e+09	5.23012e+09	4.21792e+09	4.46323e+09	4.72606e+09	4.8515e+09	5.1674e+09	5.43294e+09	4.10405e+09	4.81236e+09	5.28774e+09	5.49988e+09	5.77541e+09	5.74167e+09	5.51246e+09	5.7105e+09	4.18317e+09	4.85351e+09	4.92913e+09	4.83785e+09	4.3108e+09	4.56306e+09	5.575e+09	5.59185e+09	4.97173e+09	4.92603e+09	5.59415e+09	3.63069e+09	5.42593e+09	5.33154e+09	5.32716e+09	5.45245e+09	5.03821e+09	5.57457e+09	5.19102e+09	5.04186e+09	5.03216e+09	4.02693e+09	5.01901e+09	5.04754e+09	4.98805e+09	5.69599e+09	5.88603e+09	4.91322e+09	4.65257e+09	4.82425e+09	5.55087e+09	5.35312e+09	5.55688e+09	5.0364e+09	5.66505e+09	5.19681e+09	5.58609e+09	3.91243e+09	5.27425e+09	3.83697e+09	4.00109e+09	5.27845e+09	5.49049e+09	5.51082e+09	5.71179e+09	5.58742e+09	5.61838e+09	5.32516e+09
ERR617110	5.71913e+09	5.77539e+09	5.77498e+09	5.65952e+09	5.56663e+09	5.67263e+09	4.24755e+09	4.21434e+09	5.12193e+09	4.93588e+09	4.19965e+09	5.14056e+09	4.323e+09	4.71474e+09	4.844e+09	4.90815e+09	4.37543e+09	4.55406e+09	4.6258e+09	4.53314e+09	5.05319e+09	5.24884e+09	4.75785e+09	5.24363e+09	4.98075e+09	5.46295e+09	4.31115e+09	5.02186e+09	4.98379e+09	5.18741e+09	4.49502e+09	4.96263e+09	4.28701e+09	5.23261e+09	4.21532e+09	4.46054e+09	4.73569e+09	4.85834e+09	5.17395e+09	5.44127e+09	4.10881e+09	4.82188e+09	5.29083e+09	5.50425e+09	5.77904e+09	5.74505e+09	5.51578e+09	5.71375e+09	4.1992e+09	4.8672e+09	4.94347e+09	4.85262e+09	4.3252e+09	4.57897e+09	5.58001e+09	5.59703e+09	4.97952e+09	4.93296e+09	5.60005e+09	3.63912e+09	5.43664e+09	5.34026e+09	5.33771e+09	5.46244e+09	5.04645e+09	5.58382e+09	5.19902e+09	5.04888e+09	5.03918e+09	4.02913e+09	5.02546e+09	5.05473e+09	4.99493e+09	5.70218e+09	5.89371e+09	4.91995e+09	4.65426e+09	4.83087e+09	5.5581e+09	5.35733e+09	5.56282e+09	5.04314e+09	5.67187e+09	5.20264e+09	5.59217e+09	3.9165e+09	5.27951e+09	3.84178e+09	4.00551e+09	5.28334e+09	5.49603e+09	5.51752e+09	5.7196e+09	5.59345e+09	5.62376e+09	5.33194e+09
ERR617140	6.47575e+09	6.52765e+09	6.54554e+09	6.40406e+09	6.29234e+09	6.42047e+09	4.53701e+09	4.49868e+09	5.52818e+09	5.29954e+09	4.4809e+09	5.53734e+09	4.56374e+09	5.01969e+09	5.18625e+09	5.25692e+09	4.61661e+09	4.6258e+09	5.50237e+09	5.13173e+09	5.79282e+09	6.04674e+09	5.46151e+09	6.03886e+09	5.5355e+09	6.08572e+09	4.76678e+09	5.57784e+09	5.53638e+09	5.75969e+09	4.93827e+09	5.50113e+09	4.7072e+09	5.81107e+09	4.62542e+09	4.91064e+09	5.14261e+09	5.26289e+09	5.62257e+09	5.94163e+09	4.40913e+09	5.24086e+09	5.86335e+09	6.11532e+09	6.40797e+09	6.36719e+09	6.11131e+09	6.33633e+09	4.51635e+09	5.25922e+09	5.35043e+09	5.24616e+09	4.64643e+09	4.9427e+09	6.03987e+09	6.06092e+09	5.37755e+09	5.32098e+09	6.06911e+09	3.86018e+09	5.88964e+09	5.76456e+09	5.77491e+09	5.91904e+09	5.4177e+09	6.04869e+09	5.62985e+09	5.45027e+09	5.43665e+09	4.25863e+09	5.41954e+09	5.4541e+09	5.38284e+09	6.19205e+09	6.42598e+09	5.29715e+09	4.95725e+09	5.19271e+09	6.00071e+09	5.75056e+09	6.00216e+09	5.4085e+09	6.13248e+09	5.5812e+09	6.04814e+09	4.1213e+09	5.67694e+09	4.04227e+09	4.2233e+09	5.68177e+09	5.95799e+09	5.98796e+09	6.22762e+09	6.07103e+09	6.10382e+09	5.78472e+09
ERR617142	6.31471e+09	6.37258e+09	6.37538e+09	6.24922e+09	6.14598e+09	6.26404e+09	4.3742e+09	4.33708e+09	5.33918e+09	5.13163e+09	4.32043e+09	5.36015e+09	4.47412e+09	4.89417e+09	5.03547e+09	5.10259e+09	4.53015e+09	4.53314e+09	5.13173e+09	5.21759e+09	5.62224e+09	5.84596e+09	5.28396e+09	5.84113e+09	5.41362e+09	5.93466e+09	4.6755e+09	5.45685e+09	5.41597e+09	5.63565e+09	4.8772e+09	5.38946e+09	4.65023e+09	5.68507e+09	4.56934e+09	4.84048e+09	4.99013e+09	5.12638e+09	5.47358e+09	5.76843e+09	4.30992e+09	5.08616e+09	5.72007e+09	5.95212e+09	6.24343e+09	6.20678e+09	5.96089e+09	6.17621e+09	4.33499e+09	5.07131e+09	5.15638e+09	5.05548e+09	4.47187e+09	4.75197e+09	5.89662e+09	5.91644e+09	5.23646e+09	5.18541e+09	5.92024e+09	3.76126e+09	5.70715e+09	5.60073e+09	5.59633e+09	5.73655e+09	5.27182e+09	5.87195e+09	5.47961e+09	5.3142e+09	5.30181e+09	4.19071e+09	5.28779e+09	5.31969e+09	5.24777e+09	6.03364e+09	6.24425e+09	5.16345e+09	4.87188e+09	5.06621e+09	5.84036e+09	5.61862e+09	5.84656e+09	5.2673e+09	5.96655e+09	5.44412e+09	5.89188e+09	4.04019e+09	5.54529e+09	3.95945e+09	4.1378e+09	5.54967e+09	5.80964e+09	5.83357e+09	6.05241e+09	5.91496e+09	5.94756e+09	5.63451e+09
ERR617137	7.17821e+09	7.24204e+09	7.25614e+09	7.09661e+09	6.96968e+09	7.11577e+09	4.93262e+09	4.88887e+09	6.06632e+09	5.8092e+09	4.86963e+09	6.0821e+09	4.98307e+09	5.49388e+09	5.67413e+09	5.75523e+09	5.04563e+09	5.05319e+09	5.79282e+09	5.62224e+09	6.60041e+09	6.65175e+09	5.97338e+09	6.64371e+09	6.10361e+09	6.72963e+09	5.23429e+09	6.1531e+09	6.10474e+09	6.36258e+09	5.44372e+09	6.0677e+09	5.18071e+09	6.42067e+09	5.08794e+09	5.40985e+09	5.62788e+09	5.77622e+09	6.18885e+09	6.5512e+09	4.8075e+09	5.74152e+09	6.47251e+09	6.7584e+09	7.10076e+09	7.05493e+09	6.7593e+09	7.01879e+09	4.89881e+09	5.75059e+09	5.85339e+09	5.73395e+09	5.04982e+09	5.38367e+09	6.68874e+09	6.71221e+09	5.91926e+09	5.85709e+09	6.71994e+09	4.19478e+09	6.49122e+09	6.35436e+09	6.35851e+09	6.52528e+09	5.95868e+09	6.68054e+09	6.20761e+09	6.00473e+09	5.98943e+09	4.66407e+09	5.97109e+09	6.0099e+09	5.92569e+09	6.85739e+09	7.1201e+09	5.826e+09	5.45608e+09	5.70834e+09	6.63335e+09	6.35461e+09	6.63736e+09	5.95161e+09	6.7852e+09	6.1548e+09	6.69151e+09	4.49809e+09	6.26971e+09	4.40704e+09	4.61252e+09	6.27559e+09	6.59233e+09	6.6249e+09	6.89428e+09	6.72047e+09	6.75853e+09	6.39076e+09
ERR617139	7.49354e+09	7.55982e+09	7.58061e+09	7.40565e+09	7.26799e+09	7.42572e+09	5.15439e+09	5.10774e+09	6.3532e+09	6.07307e+09	5.08772e+09	6.36439e+09	5.17467e+09	5.71768e+09	5.91837e+09	6.00618e+09	5.23838e+09	5.24884e+09	6.04674e+09	5.84596e+09	6.65175e+09	7.21716e+09	6.23922e+09	6.95704e+09	6.35174e+09	7.02097e+09	5.43157e+09	6.40344e+09	6.35259e+09	6.62445e+09	5.64177e+09	6.30967e+09	5.3663e+09	6.68698e+09	5.26854e+09	5.60651e+09	5.87174e+09	6.01898e+09	6.45902e+09	6.85017e+09	4.99127e+09	5.99142e+09	6.74773e+09	7.05717e+09	7.41951e+09	7.36901e+09	7.05261e+09	7.33001e+09	5.12807e+09	6.02509e+09	6.13774e+09	6.01007e+09	5.28302e+09	5.64105e+09	6.9871e+09	7.01236e+09	6.17806e+09	6.10996e+09	7.02291e+09	4.35697e+09	6.79793e+09	6.64357e+09	6.65638e+09	6.83387e+09	6.21947e+09	6.99302e+09	6.48108e+09	6.2626e+09	6.24561e+09	4.83237e+09	6.22439e+09	6.26685e+09	6.17972e+09	7.16802e+09	7.45626e+09	6.07365e+09	5.66737e+09	5.94804e+09	6.93367e+09	6.62784e+09	6.93625e+09	6.20745e+09	7.09589e+09	6.42137e+09	6.99194e+09	4.66536e+09	6.53937e+09	4.57112e+09	4.78593e+09	6.54457e+09	6.88497e+09	6.92199e+09	7.21569e+09	7.02347e+09	7.0642e+09	6.67397e+09
ERR617141	6.69042e+09	6.74573e+09	6.76369e+09	6.61559e+09	6.49903e+09	6.63307e+09	4.66509e+09	4.62579e+09	5.69935e+09	5.46004e+09	4.60713e+09	5.70918e+09	4.69331e+09	5.16798e+09	5.34089e+09	5.4146e+09	4.74865e+09	4.75785e+09	5.46151e+09	5.28396e+09	5.97338e+09	6.23922e+09	5.83266e+09	6.23076e+09	5.70878e+09	6.28313e+09	4.90852e+09	5.75318e+09	5.7096e+09	5.94294e+09	5.08932e+09	5.67312e+09	4.84853e+09	5.99722e+09	4.76352e+09	5.05979e+09	5.29657e+09	5.42334e+09	5.79927e+09	6.13223e+09	4.53388e+09	5.39985e+09	6.05066e+09	6.31432e+09	6.62148e+09	6.57872e+09	6.31014e+09	6.54629e+09	4.64187e+09	5.41691e+09	5.51271e+09	5.40389e+09	4.77728e+09	5.08631e+09	6.23784e+09	6.26008e+09	5.54539e+09	5.48703e+09	6.2687e+09	3.9655e+09	6.07877e+09	5.94793e+09	5.95821e+09	6.10975e+09	5.58558e+09	6.24535e+09	5.80812e+09	5.62152e+09	5.60699e+09	4.38095e+09	5.58883e+09	5.62536e+09	5.55059e+09	6.39614e+09	6.64053e+09	5.45993e+09	5.10814e+09	5.35161e+09	6.19494e+09	5.93467e+09	6.19717e+09	5.57611e+09	6.33292e+09	5.75679e+09	6.24481e+09	4.23618e+09	5.8575e+09	4.15366e+09	4.34227e+09	5.86241e+09	6.15271e+09	6.18378e+09	6.43432e+09	6.27091e+09	6.30564e+09	5.97168e+09
ERR617138	7.4944e+09	7.56084e+09	7.5811e+09	7.40668e+09	7.27125e+09	7.42694e+09	5.14537e+09	5.0998e+09	6.34498e+09	6.06618e+09	5.07901e+09	6.35712e+09	5.16998e+09	5.71259e+09	5.91174e+09	5.99742e+09	5.23439e+09	5.24363e+09	6.03886e+09	5.84113e+09	6.64371e+09	6.95704e+09	6.23076e+09	7.19959e+09	6.35583e+09	7.02438e+09	5.43647e+09	6.40768e+09	6.3573e+09	6.62922e+09	5.64696e+09	6.3133e+09	5.37024e+09	6.68865e+09	5.27305e+09	5.6123e+09	5.86326e+09	6.0138e+09	6.45332e+09	6.84405e+09	4.98816e+09	5.98349e+09	6.75016e+09	7.05735e+09	7.42064e+09	7.36999e+09	7.0538e+09	7.33184e+09	5.11593e+09	6.0124e+09	6.12428e+09	5.99693e+09	5.27142e+09	5.62782e+09	6.98627e+09	7.0113e+09	6.17669e+09	6.10988e+09	7.0215e+09	4.35673e+09	6.79179e+09	6.63961e+09	6.65026e+09	6.82741e+09	6.21516e+09	6.98763e+09	6.48019e+09	6.26277e+09	6.24564e+09	4.83677e+09	6.2254e+09	6.2672e+09	6.17827e+09	7.16802e+09	7.45375e+09	6.07281e+09	5.67237e+09	5.94722e+09	6.93115e+09	6.62798e+09	6.93451e+09	6.20581e+09	7.09282e+09	6.41927e+09	6.99215e+09	4.66659e+09	6.53957e+09	4.57214e+09	4.78707e+09	6.54565e+09	6.88663e+09	6.92246e+09	7.21506e+09	7.02424e+09	7.06429e+09	6.67549e+09
ERR612782	7.32489e+09	7.38071e+09	7.39014e+09	7.26117e+09	7.15953e+09	7.27516e+09	4.89125e+09	4.84883e+09	6.02711e+09	5.79046e+09	4.83169e+09	6.05864e+09	4.91233e+09	5.40923e+09	5.56957e+09	5.63972e+09	4.97869e+09	4.98075e+09	5.5355e+09	5.41362e+09	6.10361e+09	6.35174e+09	5.70878e+09	6.35583e+09	6.78235e+09	7.17257e+09	5.68752e+09	6.63723e+09	6.58576e+09	6.84176e+09	5.8099e+09	6.4321e+09	5.53188e+09	6.7695e+09	5.43169e+09	5.78577e+09	5.68533e+09	5.87022e+09	6.28024e+09	6.63724e+09	4.89404e+09	5.80162e+09	6.77625e+09	7.02838e+09	7.33334e+09	7.29617e+09	7.03712e+09	7.26249e+09	4.83048e+09	5.69192e+09	5.79128e+09	5.66976e+09	4.99325e+09	5.31494e+09	7.01289e+09	7.0347e+09	6.21863e+09	6.15793e+09	7.03697e+09	4.39179e+09	6.54409e+09	6.4286e+09	6.40725e+09	6.58179e+09	6.03142e+09	6.75708e+09	6.50159e+09	6.29477e+09	6.27773e+09	4.92458e+09	6.26643e+09	6.29938e+09	6.15776e+09	7.12098e+09	7.35859e+09	6.05172e+09	5.72097e+09	5.93565e+09	6.78976e+09	6.53255e+09	6.80124e+09	6.0865e+09	6.9431e+09	6.30251e+09	7.00647e+09	4.71929e+09	6.5825e+09	4.62038e+09	4.83759e+09	6.59094e+09	6.97865e+09	7.00378e+09	7.22854e+09	7.08526e+09	7.1179e+09	6.79973e+09
ERR612777	8.07609e+09	8.14334e+09	8.15592e+09	7.99892e+09	7.87637e+09	8.01537e+09	5.3825e+09	5.33445e+09	6.67142e+09	6.39515e+09	5.31557e+09	6.70286e+09	5.38476e+09	5.95194e+09	6.13943e+09	6.22198e+09	5.45958e+09	5.46295e+09	6.08572e+09	5.93466e+09	6.72963e+09	7.02097e+09	6.28313e+09	7.02438e+09	7.17257e+09	8.10804e+09	6.14538e+09	7.23052e+09	7.17015e+09	7.47707e+09	6.29716e+09	7.01064e+09	5.98464e+09	7.4056e+09	5.87326e+09	6.2697e+09	6.22471e+09	6.42793e+09	6.89825e+09	7.31321e+09	5.32166e+09	6.35742e+09	7.41393e+09	7.71575e+09	8.08264e+09	8.03743e+09	7.72378e+09	7.99677e+09	5.31336e+09	6.28371e+09	6.39764e+09	6.25996e+09	5.49235e+09	5.85964e+09	7.71419e+09	7.7395e+09	6.80114e+09	6.73122e+09	7.7431e+09	4.75625e+09	7.23792e+09	7.10021e+09	7.08125e+09	7.28051e+09	6.64503e+09	7.47562e+09	7.12617e+09	6.88801e+09	6.86854e+09	5.34149e+09	6.85611e+09	6.89309e+09	6.74499e+09	7.85114e+09	8.13403e+09	6.62442e+09	6.24321e+09	6.49257e+09	7.49158e+09	7.19013e+09	7.50281e+09	6.69089e+09	7.66833e+09	6.93358e+09	7.71388e+09	5.12612e+09	7.22232e+09	5.01679e+09	5.25748e+09	7.23269e+09	7.66877e+09	7.69979e+09	7.97211e+09	7.79781e+09	7.83704e+09	7.4563e+09
ERR612778	6.24991e+09	6.29465e+09	6.30092e+09	6.20035e+09	6.12185e+09	6.21106e+09	4.22408e+09	4.18894e+09	5.16039e+09	4.97033e+09	4.17415e+09	5.18847e+09	4.25516e+09	4.66261e+09	4.79055e+09	4.84645e+09	4.31012e+09	4.31115e+09	4.76678e+09	4.6755e+09	5.23429e+09	5.43157e+09	4.90852e+09	5.43647e+09	5.68752e+09	6.14538e+09	5.13139e+09	5.7265e+09	5.68569e+09	5.88958e+09	5.05197e+09	5.55189e+09	4.82436e+09	5.81832e+09	4.74183e+09	5.03206e+09	4.91967e+09	5.07717e+09	5.40854e+09	5.69339e+09	4.27736e+09	5.01434e+09	5.82522e+09	6.02184e+09	6.26057e+09	6.23205e+09	6.02956e+09	6.20591e+09	4.17606e+09	4.89084e+09	4.97197e+09	4.87084e+09	4.31357e+09	4.57816e+09	6.0013e+09	6.01805e+09	5.36502e+09	5.31717e+09	6.01925e+09	3.85487e+09	5.59707e+09	5.50641e+09	5.4838e+09	5.62716e+09	5.18379e+09	5.77342e+09	5.59411e+09	5.42673e+09	5.41352e+09	4.30475e+09	5.4057e+09	5.43107e+09	5.31013e+09	6.08566e+09	6.27085e+09	5.22394e+09	4.95927e+09	5.12978e+09	5.81145e+09	5.6077e+09	5.82189e+09	5.23871e+09	5.93475e+09	5.41705e+09	6.00186e+09	4.13086e+09	5.66484e+09	4.04704e+09	4.22894e+09	5.67195e+09	5.97729e+09	5.99688e+09	6.17071e+09	6.06085e+09	6.086e+09	5.83717e+09
ERR612781	7.38798e+09	7.44516e+09	7.45417e+09	7.32305e+09	7.22002e+09	7.33686e+09	4.92991e+09	4.8871e+09	6.07764e+09	5.83884e+09	4.86981e+09	6.10995e+09	4.95283e+09	5.45377e+09	5.61558e+09	5.68681e+09	5.02e+09	5.02186e+09	5.57784e+09	5.45685e+09	6.1531e+09	6.40344e+09	5.75318e+09	6.40768e+09	6.63723e+09	7.23052e+09	5.7265e+09	6.88531e+09	6.63466e+09	6.89551e+09	5.85306e+09	6.4815e+09	5.57197e+09	6.82311e+09	5.47092e+09	5.82812e+09	5.72762e+09	5.9153e+09	6.32978e+09	6.69052e+09	4.92907e+09	5.84534e+09	6.82987e+09	7.08544e+09	7.39621e+09	7.35829e+09	7.09481e+09	7.32436e+09	4.86681e+09	5.7375e+09	5.83777e+09	5.71477e+09	5.03127e+09	5.3565e+09	7.07198e+09	7.09398e+09	6.26751e+09	6.2061e+09	7.096e+09	4.42267e+09	6.5999e+09	6.48422e+09	6.4613e+09	6.63842e+09	6.08267e+09	6.81572e+09	6.55462e+09	6.34528e+09	6.32817e+09	4.96226e+09	6.31741e+09	6.35001e+09	6.20672e+09	7.18235e+09	7.42226e+09	6.1001e+09	5.76702e+09	5.98252e+09	6.84724e+09	6.58798e+09	6.85924e+09	6.13657e+09	7.00288e+09	6.35542e+09	7.06527e+09	4.75498e+09	6.63713e+09	4.65487e+09	4.87388e+09	6.64582e+09	7.03767e+09	7.06312e+09	7.2907e+09	7.14575e+09	7.17898e+09	6.85559e+09
ERR612780	7.32301e+09	7.37856e+09	7.38767e+09	7.25891e+09	7.15709e+09	7.27292e+09	4.89484e+09	4.85223e+09	6.03103e+09	5.79388e+09	4.83486e+09	6.06222e+09	4.91547e+09	5.4112e+09	5.57209e+09	5.64288e+09	4.9816e+09	4.98379e+09	5.53638e+09	5.41597e+09	6.10474e+09	6.35259e+09	5.7096e+09	6.3573e+09	6.58576e+09	7.17015e+09	5.68569e+09	6.63466e+09	6.78025e+09	6.83981e+09	5.80955e+09	6.4312e+09	5.53123e+09	6.76897e+09	5.43146e+09	5.78472e+09	5.68739e+09	5.872e+09	6.28311e+09	6.63993e+09	4.89588e+09	5.80428e+09	6.77431e+09	7.02691e+09	7.33165e+09	7.29446e+09	7.03549e+09	7.26109e+09	4.83463e+09	5.69709e+09	5.79602e+09	5.67471e+09	4.99798e+09	5.31995e+09	7.01345e+09	7.03528e+09	6.21962e+09	6.15919e+09	7.03748e+09	4.39289e+09	6.54718e+09	6.43138e+09	6.40932e+09	6.58444e+09	6.03407e+09	6.75971e+09	6.50266e+09	6.29602e+09	6.27911e+09	4.92668e+09	6.268e+09	6.30042e+09	6.15923e+09	7.12216e+09	7.35978e+09	6.05386e+09	5.72268e+09	5.9375e+09	6.79166e+09	6.53425e+09	6.8034e+09	6.08884e+09	6.94494e+09	6.30437e+09	7.00736e+09	4.72194e+09	6.58419e+09	4.62301e+09	4.83991e+09	6.593e+09	6.97795e+09	7.00325e+09	7.22765e+09	7.08493e+09	7.11718e+09	6.79905e+09
ERR612779	7.64812e+09	7.70983e+09	7.71781e+09	7.57906e+09	7.4701e+09	7.59369e+09	5.08915e+09	5.04439e+09	6.29003e+09	6.0397e+09	5.02648e+09	6.32374e+09	5.11516e+09	5.63846e+09	5.80646e+09	5.88207e+09	5.18572e+09	5.18741e+09	5.75969e+09	5.63565e+09	6.36258e+09	6.62445e+09	5.94294e+09	6.62922e+09	6.84176e+09	7.47707e+09	5.88958e+09	6.89551e+09	6.83981e+09	7.32923e+09	6.02863e+09	6.68517e+09	5.73545e+09	7.04738e+09	5.62992e+09	6.00233e+09	5.90966e+09	6.10652e+09	6.54178e+09	6.92007e+09	5.07653e+09	6.03266e+09	7.05213e+09	7.32265e+09	7.65514e+09	7.61499e+09	7.33353e+09	7.57838e+09	5.02007e+09	5.93038e+09	6.0349e+09	5.90656e+09	5.19205e+09	5.53148e+09	7.31454e+09	7.3383e+09	6.46625e+09	6.40186e+09	7.33952e+09	4.54549e+09	6.83295e+09	6.71102e+09	6.68718e+09	6.8725e+09	6.29125e+09	7.05856e+09	6.76761e+09	6.54894e+09	6.53092e+09	5.10929e+09	6.51997e+09	6.55407e+09	6.40807e+09	7.43365e+09	7.68739e+09	6.29621e+09	5.95116e+09	6.17393e+09	7.08722e+09	6.81579e+09	7.09983e+09	6.34332e+09	7.25062e+09	6.572e+09	7.30856e+09	4.89646e+09	6.85874e+09	4.79227e+09	5.0195e+09	6.86813e+09	7.2758e+09	7.30238e+09	7.54367e+09	7.39069e+09	7.42629e+09	7.08146e+09
ERR635337	6.52696e+09	6.57751e+09	6.57619e+09	6.47438e+09	6.38904e+09	6.48571e+09	4.34368e+09	4.30572e+09	5.34046e+09	5.14447e+09	4.29058e+09	5.3777e+09	4.43593e+09	4.84949e+09	4.97127e+09	5.03264e+09	4.49786e+09	4.49502e+09	4.93827e+09	4.8772e+09	5.44372e+09	5.64177e+09	5.08932e+09	5.64696e+09	5.8099e+09	6.29716e+09	5.05197e+09	5.85306e+09	5.80955e+09	6.02863e+09	5.48761e+09	5.83165e+09	5.08471e+09	6.11699e+09	4.99577e+09	5.29752e+09	5.01943e+09	5.19107e+09	5.54232e+09	5.8365e+09	4.35673e+09	5.11994e+09	6.04559e+09	6.25385e+09	6.51328e+09	6.48319e+09	6.26791e+09	6.45505e+09	4.2782e+09	5.043e+09	5.12655e+09	5.0207e+09	4.42852e+09	4.70565e+09	6.24869e+09	6.26725e+09	5.55429e+09	5.5034e+09	6.26605e+09	3.94896e+09	5.8118e+09	5.72119e+09	5.69146e+09	5.84446e+09	5.38314e+09	6.00463e+09	5.80076e+09	5.62828e+09	5.61505e+09	4.4564e+09	5.60707e+09	5.63458e+09	5.50636e+09	6.33391e+09	6.52598e+09	5.41339e+09	5.14985e+09	5.31499e+09	6.04909e+09	5.84063e+09	6.06196e+09	5.44032e+09	6.18131e+09	5.63415e+09	6.18666e+09	4.21413e+09	5.83302e+09	4.1243e+09	4.31542e+09	5.83971e+09	6.2069e+09	6.22685e+09	6.40786e+09	6.29618e+09	6.32315e+09	6.05087e+09
ERR635335	7.27867e+09	7.33385e+09	7.341e+09	7.21438e+09	7.1135e+09	7.22899e+09	4.84071e+09	4.79759e+09	5.97162e+09	5.73805e+09	4.78073e+09	6.0052e+09	4.89445e+09	5.38282e+09	5.53828e+09	5.60858e+09	4.9614e+09	4.96263e+09	5.50113e+09	5.38946e+09	6.0677e+09	6.30967e+09	5.67312e+09	6.3133e+09	6.4321e+09	7.01064e+09	5.55189e+09	6.4815e+09	6.4312e+09	6.68517e+09	5.83165e+09	6.6361e+09	5.55216e+09	6.78657e+09	5.45251e+09	5.806e+09	5.57812e+09	5.75926e+09	6.16593e+09	6.51486e+09	4.79889e+09	5.69285e+09	6.71885e+09	6.96933e+09	7.27016e+09	7.23267e+09	6.97823e+09	7.20047e+09	4.77353e+09	5.63043e+09	5.72832e+09	5.60797e+09	4.93645e+09	5.25554e+09	6.95045e+09	6.97147e+09	6.15861e+09	6.09776e+09	6.97369e+09	4.33841e+09	6.49361e+09	6.3798e+09	6.35659e+09	6.53087e+09	5.98699e+09	6.70625e+09	6.4464e+09	6.24121e+09	6.22463e+09	4.88337e+09	6.21489e+09	6.24722e+09	6.10547e+09	7.06233e+09	7.29649e+09	6.00026e+09	5.67453e+09	5.88552e+09	6.74287e+09	6.48729e+09	6.7544e+09	6.04431e+09	6.8964e+09	6.25915e+09	6.89106e+09	4.62827e+09	6.47258e+09	4.53023e+09	4.74394e+09	6.48123e+09	6.90976e+09	6.93516e+09	7.15607e+09	7.01602e+09	7.04803e+09	6.73079e+09
ERR635338	6.19868e+09	6.2452e+09	6.24401e+09	6.14926e+09	6.07038e+09	6.16034e+09	4.14216e+09	4.10627e+09	5.07975e+09	4.89615e+09	4.09146e+09	5.11428e+09	4.23181e+09	4.62081e+09	4.73427e+09	4.79149e+09	4.2896e+09	4.28701e+09	4.7072e+09	4.65023e+09	5.18071e+09	5.3663e+09	4.84853e+09	5.37024e+09	5.53188e+09	5.98464e+09	4.82436e+09	5.57197e+09	5.53123e+09	5.73545e+09	5.08471e+09	5.55216e+09	5.00388e+09	5.81701e+09	4.77298e+09	5.05481e+09	4.78398e+09	4.94568e+09	5.27389e+09	5.54894e+09	4.16283e+09	4.87789e+09	5.75027e+09	5.94411e+09	6.18474e+09	6.1565e+09	5.95699e+09	6.13109e+09	4.08156e+09	4.80163e+09	4.88045e+09	4.78064e+09	4.22388e+09	4.48462e+09	5.93677e+09	5.95362e+09	5.28893e+09	5.24196e+09	5.95265e+09	3.78029e+09	5.52472e+09	5.43978e+09	5.41124e+09	5.55514e+09	5.12353e+09	5.70513e+09	5.51957e+09	5.35808e+09	5.34641e+09	4.25825e+09	5.33839e+09	5.36496e+09	5.2432e+09	6.01497e+09	6.19393e+09	5.15615e+09	4.90892e+09	5.06395e+09	5.74891e+09	5.55388e+09	5.7604e+09	5.17845e+09	5.87143e+09	5.3607e+09	5.87784e+09	4.02826e+09	5.54766e+09	3.94264e+09	4.12321e+09	5.5542e+09	5.89896e+09	5.9169e+09	6.08512e+09	5.9816e+09	6.0068e+09	5.75374e+09
