	ERR629940	ERR629944	ERR629945	ERR629943	ERR629942	ERR629941	ERR607710	ERR607709	ERR607705	ERR607708	ERR607706	ERR607707	ERR629982	ERR629983	ERR629986	ERR629984	ERR629985	ERR629987	ERR608590	ERR608587	ERR608589	ERR608588	ERR608586	ERR608585	ERR612903	ERR612904	ERR612906	ERR612907	ERR612908	ERR612905	ERR630047	ERR630042	ERR630044	ERR630046	ERR630045	ERR630043	ERR629879	ERR629876	ERR629878	ERR629875	ERR629874	ERR629877	ERR629867	ERR629863	ERR629866	ERR629865	ERR629862	ERR629864	ERR630451	ERR630447	ERR630448	ERR630449	ERR630450	ERR630446	ERR613401	ERR613405	ERR613402	ERR613403	ERR613404	ERR613406	ERR618690	ERR618687	ERR618689	ERR618688	ERR618692	ERR618691	ERR613196	ERR613194	ERR613193	ERR613192	ERR613191	ERR613195	ERR626775	ERR626772	ERR626774	ERR626773	ERR626771	ERR626776	ERR618472	ERR618474	ERR618476	ERR618471	ERR618475	ERR618473	ERR607490	ERR607491	ERR607489	ERR607488	ERR607492	ERR607487	ERR631037	ERR631036	ERR631041	ERR631040	ERR631038	ERR631039
ERR629940	6.01543e+08	3.5517e+08	3.64799e+08	3.66097e+08	4.32665e+08	3.76776e+08	1.86103e+08	1.82886e+08	1.55235e+08	1.80818e+08	1.70833e+08	1.70191e+08	3.36195e+08	2.8736e+08	2.79848e+08	3.30923e+08	2.8647e+08	2.83483e+08	1.86997e+08	1.97142e+08	1.85283e+08	1.85921e+08	1.75991e+08	1.21373e+08	2.33017e+08	1.51805e+08	1.80561e+08	1.73148e+08	1.76539e+08	2.08614e+08	1.8251e+08	1.84416e+08	1.743e+08	1.70888e+08	1.4432e+08	1.5772e+08	2.06806e+08	2.41379e+08	2.04491e+08	2.08637e+08	2.45586e+08	2.08141e+08	2.07166e+08	2.07105e+08	2.03516e+08	2.09011e+08	2.44016e+08	2.39897e+08	2.8702e+08	3.35718e+08	3.57389e+08	2.74803e+08	2.64711e+08	3.5959e+08	3.39167e+08	2.77477e+08	2.76549e+08	3.10104e+08	2.69493e+08	2.17483e+08	2.83802e+08	2.93438e+08	2.77852e+08	2.74516e+08	2.93654e+08	2.86002e+08	2.36056e+08	2.21904e+08	3.27267e+08	3.49781e+08	3.81362e+08	2.36266e+08	3.02639e+08	2.87002e+08	2.99907e+08	2.90745e+08	3.06467e+08	3.10229e+08	3.34921e+08	3.31934e+08	3.34258e+08	4.03011e+08	3.48767e+08	3.69744e+08	3.60265e+08	3.58175e+08	2.79502e+08	2.89242e+08	3.58356e+08	2.79924e+08	3.58986e+08	3.75774e+08	3.41344e+08	3.6057e+08	3.91819e+08	3.55639e+08
ERR629944	3.5517e+08	4.19819e+08	2.98548e+08	2.9962e+08	3.49202e+08	3.0565e+08	1.50469e+08	1.47861e+08	1.25444e+08	1.46128e+08	1.37651e+08	1.37515e+08	2.72103e+08	2.33447e+08	2.28732e+08	2.68254e+08	2.33828e+08	2.31395e+08	1.50334e+08	1.58147e+08	1.49008e+08	1.49311e+08	1.41603e+08	9.87349e+07	1.8726e+08	1.22624e+08	1.45183e+08	1.39391e+08	1.42126e+08	1.68336e+08	1.48282e+08	1.48393e+08	1.40369e+08	1.38765e+08	1.17333e+08	1.27244e+08	1.67124e+08	1.93294e+08	1.65356e+08	1.67703e+08	1.96441e+08	1.68192e+08	1.66481e+08	1.6556e+08	1.63465e+08	1.67767e+08	1.94313e+08	1.90989e+08	2.32985e+08	2.72945e+08	2.89337e+08	2.22821e+08	2.14815e+08	2.91437e+08	2.75345e+08	2.25154e+08	2.25286e+08	2.52238e+08	2.18447e+08	1.77959e+08	2.29343e+08	2.37277e+08	2.24936e+08	2.22568e+08	2.36985e+08	2.31302e+08	1.90948e+08	1.80019e+08	2.63557e+08	2.81176e+08	3.05517e+08	1.91295e+08	2.45036e+08	2.32763e+08	2.42758e+08	2.35624e+08	2.4819e+08	2.50677e+08	2.72291e+08	2.68652e+08	2.70607e+08	3.26345e+08	2.82114e+08	2.99909e+08	2.91683e+08	2.89915e+08	2.26983e+08	2.35136e+08	2.8995e+08	2.27655e+08	2.89551e+08	3.03755e+08	2.76697e+08	2.92504e+08	3.15986e+08	2.88456e+08
ERR629945	3.64799e+08	2.98548e+08	4.38671e+08	3.07396e+08	3.58642e+08	3.1369e+08	1.54329e+08	1.51797e+08	1.28727e+08	1.50001e+08	1.41328e+08	1.41107e+08	2.79298e+08	2.39631e+08	2.34606e+08	2.7517e+08	2.39878e+08	2.3747e+08	1.54226e+08	1.62253e+08	1.52847e+08	1.5329e+08	1.45317e+08	1.01194e+08	1.92326e+08	1.25795e+08	1.49127e+08	1.42994e+08	1.4584e+08	1.72694e+08	1.51986e+08	1.52312e+08	1.43942e+08	1.42466e+08	1.20357e+08	1.30529e+08	1.71501e+08	1.98278e+08	1.69657e+08	1.72207e+08	2.01616e+08	1.72444e+08	1.70866e+08	1.69826e+08	1.67677e+08	1.72007e+08	1.99471e+08	1.95988e+08	2.39199e+08	2.80397e+08	2.97281e+08	2.28892e+08	2.20684e+08	2.99426e+08	2.82464e+08	2.30859e+08	2.3089e+08	2.58809e+08	2.24065e+08	1.82378e+08	2.35633e+08	2.43607e+08	2.3092e+08	2.28325e+08	2.43443e+08	2.37445e+08	1.95944e+08	1.84813e+08	2.70601e+08	2.88637e+08	3.13674e+08	1.96319e+08	2.51657e+08	2.39034e+08	2.4909e+08	2.41881e+08	2.54682e+08	2.57416e+08	2.79562e+08	2.75773e+08	2.77707e+08	3.34968e+08	2.89634e+08	3.07896e+08	2.99675e+08	2.97742e+08	2.33138e+08	2.41629e+08	2.97968e+08	2.33858e+08	2.9706e+08	3.11538e+08	2.83813e+08	2.99815e+08	3.24056e+08	2.958e+08
ERR629943	3.66097e+08	2.9962e+08	3.07396e+08	4.41635e+08	3.59874e+08	3.14914e+08	1.55168e+08	1.5256e+08	1.294e+08	1.50771e+08	1.42094e+08	1.41948e+08	2.80423e+08	2.40498e+08	2.35519e+08	2.76219e+08	2.40953e+08	2.38349e+08	1.54961e+08	1.63038e+08	1.53634e+08	1.54114e+08	1.4606e+08	1.01647e+08	1.9311e+08	1.26362e+08	1.49772e+08	1.43727e+08	1.46603e+08	1.73564e+08	1.52813e+08	1.53083e+08	1.44808e+08	1.43116e+08	1.21014e+08	1.31235e+08	1.72143e+08	1.99153e+08	1.70348e+08	1.7283e+08	2.02604e+08	1.73122e+08	1.71728e+08	1.70739e+08	1.68612e+08	1.73001e+08	2.00475e+08	1.96878e+08	2.3992e+08	2.81324e+08	2.98218e+08	2.29705e+08	2.2148e+08	3.00456e+08	2.83466e+08	2.31697e+08	2.3183e+08	2.5982e+08	2.2501e+08	1.83009e+08	2.36474e+08	2.44447e+08	2.31895e+08	2.29303e+08	2.44231e+08	2.38278e+08	1.96597e+08	1.85253e+08	2.71477e+08	2.89806e+08	3.14821e+08	1.96893e+08	2.52745e+08	2.39957e+08	2.50188e+08	2.42917e+08	2.55777e+08	2.58567e+08	2.80653e+08	2.76827e+08	2.78861e+08	3.36377e+08	2.90693e+08	3.09068e+08	3.00716e+08	2.98829e+08	2.33846e+08	2.4233e+08	2.98995e+08	2.34612e+08	2.98417e+08	3.12966e+08	2.85064e+08	3.0138e+08	3.25678e+08	2.9705e+08
ERR629942	4.32665e+08	3.49202e+08	3.58642e+08	3.59874e+08	5.83488e+08	3.70249e+08	1.82827e+08	1.79777e+08	1.52552e+08	1.77616e+08	1.67944e+08	1.67215e+08	3.30215e+08	2.823e+08	2.75137e+08	3.25335e+08	2.81533e+08	2.78584e+08	1.83595e+08	1.93536e+08	1.81946e+08	1.82512e+08	1.72793e+08	1.19254e+08	2.28786e+08	1.48946e+08	1.77341e+08	1.69971e+08	1.73368e+08	2.04773e+08	1.7918e+08	1.80971e+08	1.71107e+08	1.67747e+08	1.41672e+08	1.54758e+08	2.03242e+08	2.37331e+08	2.01095e+08	2.05079e+08	2.41267e+08	2.04537e+08	2.03484e+08	2.03319e+08	1.99724e+08	2.05091e+08	2.39555e+08	2.35297e+08	2.81626e+08	3.29856e+08	3.50999e+08	2.69868e+08	2.59829e+08	3.53157e+08	3.33458e+08	2.7263e+08	2.71652e+08	3.04475e+08	2.64833e+08	2.1386e+08	2.78866e+08	2.88375e+08	2.731e+08	2.69632e+08	2.88562e+08	2.81379e+08	2.31802e+08	2.17996e+08	3.21441e+08	3.43315e+08	3.745e+08	2.32056e+08	2.97433e+08	2.81857e+08	2.94499e+08	2.857e+08	3.0105e+08	3.04854e+08	3.29209e+08	3.26099e+08	3.28524e+08	3.95904e+08	3.42778e+08	3.63322e+08	3.5451e+08	3.52268e+08	2.75055e+08	2.84561e+08	3.52373e+08	2.75206e+08	3.52625e+08	3.69236e+08	3.35439e+08	3.54249e+08	3.85012e+08	3.49656e+08
ERR629941	3.76776e+08	3.0565e+08	3.1369e+08	3.14914e+08	3.70249e+08	4.60078e+08	1.58607e+08	1.55911e+08	1.32345e+08	1.54123e+08	1.45494e+08	1.45007e+08	2.87791e+08	2.46525e+08	2.40657e+08	2.83379e+08	2.4614e+08	2.43664e+08	1.58982e+08	1.67403e+08	1.57649e+08	1.58063e+08	1.49694e+08	1.03808e+08	1.98159e+08	1.29426e+08	1.53523e+08	1.47284e+08	1.50246e+08	1.77586e+08	1.55647e+08	1.56707e+08	1.48082e+08	1.4575e+08	1.23173e+08	1.34174e+08	1.76879e+08	2.05433e+08	1.74803e+08	1.7815e+08	2.08944e+08	1.77775e+08	1.7625e+08	1.75872e+08	1.7301e+08	1.77623e+08	2.06764e+08	2.03191e+08	2.46073e+08	2.88131e+08	3.05994e+08	2.35591e+08	2.27038e+08	3.08151e+08	2.90557e+08	2.37674e+08	2.37175e+08	2.65969e+08	2.30892e+08	1.87037e+08	2.42284e+08	2.50487e+08	2.3739e+08	2.34655e+08	2.50518e+08	2.44419e+08	2.01549e+08	1.89846e+08	2.78714e+08	2.97566e+08	3.23998e+08	2.01831e+08	2.59003e+08	2.45724e+08	2.56385e+08	2.48688e+08	2.62038e+08	2.65066e+08	2.86994e+08	2.83846e+08	2.86037e+08	3.44491e+08	2.98119e+08	3.16412e+08	3.08331e+08	3.06656e+08	2.39924e+08	2.48245e+08	3.06689e+08	2.40344e+08	3.0681e+08	3.21369e+08	2.92265e+08	3.0883e+08	3.34749e+08	3.04788e+08
ERR607710	1.86103e+08	1.50469e+08	1.54329e+08	1.55168e+08	1.82827e+08	1.58607e+08	3.63963e+08	2.47393e+08	2.13516e+08	2.44786e+08	2.31344e+08	2.3108e+08	1.6765e+08	1.43622e+08	1.40814e+08	1.64981e+08	1.43962e+08	1.42503e+08	2.19074e+08	2.29619e+08	2.17331e+08	2.18602e+08	2.08139e+08	1.50796e+08	2.41419e+08	1.62603e+08	1.90846e+08	1.83725e+08	1.86379e+08	2.18878e+08	2.23284e+08	2.22146e+08	2.10251e+08	2.10744e+08	1.81628e+08	1.93077e+08	1.14011e+08	1.31534e+08	1.12602e+08	1.14064e+08	1.34093e+08	1.14417e+08	2.16471e+08	2.14101e+08	2.12722e+08	2.1757e+08	2.47819e+08	2.43855e+08	1.45945e+08	1.7185e+08	1.82506e+08	1.39588e+08	1.34144e+08	1.83737e+08	1.68091e+08	1.36078e+08	1.36845e+08	1.53572e+08	1.32161e+08	1.07253e+08	1.65511e+08	1.71559e+08	1.62234e+08	1.6053e+08	1.71188e+08	1.67229e+08	1.39459e+08	1.31782e+08	1.93669e+08	2.06736e+08	2.23646e+08	1.40141e+08	1.51602e+08	1.44002e+08	1.49828e+08	1.45769e+08	1.5355e+08	1.55168e+08	1.68242e+08	1.65401e+08	1.6674e+08	2.02413e+08	1.7396e+08	1.85542e+08	1.74807e+08	1.73771e+08	1.35321e+08	1.40101e+08	1.74179e+08	1.35917e+08	1.72388e+08	1.81181e+08	1.64446e+08	1.74167e+08	1.88929e+08	1.71687e+08
ERR607709	1.82886e+08	1.47861e+08	1.51797e+08	1.5256e+08	1.79777e+08	1.55911e+08	2.47393e+08	3.54999e+08	2.10538e+08	2.4134e+08	2.28041e+08	2.27884e+08	1.64827e+08	1.41234e+08	1.38525e+08	1.62167e+08	1.41614e+08	1.40079e+08	2.15678e+08	2.26127e+08	2.13993e+08	2.15314e+08	2.05005e+08	1.48636e+08	2.3795e+08	1.6039e+08	1.88162e+08	1.81035e+08	1.83743e+08	2.15879e+08	2.20298e+08	2.18978e+08	2.07297e+08	2.07815e+08	1.79172e+08	1.90277e+08	1.12175e+08	1.29307e+08	1.10804e+08	1.12119e+08	1.31793e+08	1.12526e+08	2.13405e+08	2.1094e+08	2.09647e+08	2.14438e+08	2.44079e+08	2.40156e+08	1.43432e+08	1.689e+08	1.79437e+08	1.37171e+08	1.31923e+08	1.8052e+08	1.65239e+08	1.33716e+08	1.34568e+08	1.5093e+08	1.29901e+08	1.05498e+08	1.62665e+08	1.68664e+08	1.5951e+08	1.57708e+08	1.68388e+08	1.6439e+08	1.37177e+08	1.29744e+08	1.90539e+08	2.03339e+08	2.19882e+08	1.37877e+08	1.48951e+08	1.4154e+08	1.47248e+08	1.43265e+08	1.51083e+08	1.5248e+08	1.65458e+08	1.6247e+08	1.63805e+08	1.98987e+08	1.70901e+08	1.82398e+08	1.71788e+08	1.70704e+08	1.3301e+08	1.37703e+08	1.71136e+08	1.3356e+08	1.69459e+08	1.78125e+08	1.61706e+08	1.71362e+08	1.85604e+08	1.6884e+08
ERR607705	1.55235e+08	1.25444e+08	1.28727e+08	1.294e+08	1.52552e+08	1.32345e+08	2.13516e+08	2.10538e+08	2.77823e+08	2.08466e+08	1.98489e+08	1.98328e+08	1.40196e+08	1.20035e+08	1.17602e+08	1.37884e+08	1.2035e+08	1.19095e+08	1.86822e+08	1.95863e+08	1.85477e+08	1.86407e+08	1.7773e+08	1.29264e+08	2.04944e+08	1.3872e+08	1.62562e+08	1.56558e+08	1.58777e+08	1.8605e+08	1.89425e+08	1.88723e+08	1.78729e+08	1.7885e+08	1.54491e+08	1.6418e+08	9.60086e+07	1.10787e+08	9.47943e+07	9.61638e+07	1.13028e+08	9.63569e+07	1.83617e+08	1.81747e+08	1.80398e+08	1.8451e+08	2.09941e+08	2.06679e+08	1.21872e+08	1.43366e+08	1.52275e+08	1.16585e+08	1.12111e+08	1.53312e+08	1.40146e+08	1.13537e+08	1.14114e+08	1.28008e+08	1.10468e+08	8.96477e+07	1.39029e+08	1.44056e+08	1.36253e+08	1.34822e+08	1.43853e+08	1.4039e+08	1.17629e+08	1.1129e+08	1.63172e+08	1.7405e+08	1.88235e+08	1.18223e+08	1.26641e+08	1.20269e+08	1.25157e+08	1.21857e+08	1.28297e+08	1.29545e+08	1.40193e+08	1.37867e+08	1.3897e+08	1.68705e+08	1.45095e+08	1.54651e+08	1.46009e+08	1.45008e+08	1.13085e+08	1.17053e+08	1.45527e+08	1.13502e+08	1.44028e+08	1.51253e+08	1.37147e+08	1.45356e+08	1.57616e+08	1.43292e+08
ERR607708	1.80818e+08	1.46128e+08	1.50001e+08	1.50771e+08	1.77616e+08	1.54123e+08	2.44786e+08	2.4134e+08	2.08466e+08	3.48541e+08	2.25718e+08	2.25572e+08	1.62901e+08	1.39611e+08	1.3684e+08	1.60352e+08	1.3987e+08	1.38521e+08	2.1355e+08	2.23962e+08	2.11873e+08	2.13196e+08	2.02984e+08	1.47196e+08	2.35439e+08	1.5871e+08	1.86267e+08	1.79183e+08	1.81861e+08	2.13582e+08	2.18061e+08	2.16791e+08	2.05257e+08	2.05758e+08	1.7737e+08	1.88422e+08	1.10884e+08	1.27914e+08	1.09601e+08	1.11023e+08	1.3039e+08	1.1132e+08	2.11023e+08	2.08652e+08	2.07443e+08	2.12148e+08	2.41463e+08	2.37586e+08	1.41851e+08	1.66987e+08	1.77345e+08	1.3552e+08	1.30408e+08	1.78471e+08	1.63274e+08	1.32206e+08	1.33005e+08	1.49138e+08	1.28499e+08	1.04337e+08	1.61065e+08	1.66984e+08	1.57893e+08	1.56161e+08	1.66686e+08	1.62723e+08	1.35875e+08	1.28454e+08	1.88747e+08	2.01362e+08	2.17837e+08	1.36491e+08	1.47239e+08	1.39899e+08	1.45548e+08	1.41633e+08	1.49276e+08	1.50752e+08	1.63442e+08	1.60653e+08	1.61984e+08	1.96718e+08	1.68991e+08	1.80281e+08	1.6993e+08	1.68841e+08	1.31454e+08	1.36116e+08	1.69154e+08	1.31914e+08	1.67583e+08	1.76224e+08	1.5985e+08	1.69306e+08	1.83539e+08	1.66864e+08
ERR607706	1.70833e+08	1.37651e+08	1.41328e+08	1.42094e+08	1.67944e+08	1.45494e+08	2.31344e+08	2.28041e+08	1.98489e+08	2.25718e+08	3.18535e+08	2.14514e+08	1.53904e+08	1.31583e+08	1.28728e+08	1.51414e+08	1.31687e+08	1.30407e+08	2.02728e+08	2.1278e+08	2.01151e+08	2.02274e+08	1.92616e+08	1.39438e+08	2.23188e+08	1.50542e+08	1.76728e+08	1.70064e+08	1.72599e+08	2.02279e+08	2.05165e+08	2.05e+08	1.94087e+08	1.93668e+08	1.66952e+08	1.7805e+08	1.0503e+08	1.21659e+08	1.03751e+08	1.0545e+08	1.23977e+08	1.05495e+08	2.00093e+08	1.98262e+08	1.96674e+08	2.01129e+08	2.2961e+08	2.26078e+08	1.33848e+08	1.57302e+08	1.67441e+08	1.2797e+08	1.23151e+08	1.68377e+08	1.54032e+08	1.24864e+08	1.25313e+08	1.40617e+08	1.21327e+08	9.81682e+07	1.52272e+08	1.57694e+08	1.49152e+08	1.47333e+08	1.5744e+08	1.53612e+08	1.28483e+08	1.21384e+08	1.78684e+08	1.90567e+08	2.06385e+08	1.29105e+08	1.39029e+08	1.32005e+08	1.37514e+08	1.33608e+08	1.40793e+08	1.42319e+08	1.53967e+08	1.51619e+08	1.52864e+08	1.854e+08	1.5947e+08	1.69814e+08	1.60642e+08	1.59672e+08	1.24352e+08	1.28582e+08	1.59874e+08	1.24554e+08	1.58441e+08	1.66417e+08	1.50698e+08	1.59727e+08	1.7361e+08	1.57462e+08
ERR607707	1.70191e+08	1.37515e+08	1.41107e+08	1.41948e+08	1.67215e+08	1.45007e+08	2.3108e+08	2.27884e+08	1.98328e+08	2.25572e+08	2.14514e+08	3.17599e+08	1.53318e+08	1.31366e+08	1.28869e+08	1.50886e+08	1.31723e+08	1.30311e+08	2.02183e+08	2.11833e+08	2.00584e+08	2.0169e+08	1.92135e+08	1.39548e+08	2.22403e+08	1.50193e+08	1.76067e+08	1.69534e+08	1.71975e+08	2.01886e+08	2.0602e+08	2.051e+08	1.94116e+08	1.94388e+08	1.67807e+08	1.7831e+08	1.047e+08	1.207e+08	1.03366e+08	1.0468e+08	1.23079e+08	1.0498e+08	1.99351e+08	1.97258e+08	1.96048e+08	2.00425e+08	2.28029e+08	2.24465e+08	1.33518e+08	1.57178e+08	1.66931e+08	1.2769e+08	1.22863e+08	1.6791e+08	1.53657e+08	1.24434e+08	1.25214e+08	1.4045e+08	1.20879e+08	9.81873e+07	1.51721e+08	1.57353e+08	1.48774e+08	1.47107e+08	1.57062e+08	1.53398e+08	1.28221e+08	1.21131e+08	1.78088e+08	1.89931e+08	2.05361e+08	1.28882e+08	1.38647e+08	1.31738e+08	1.3695e+08	1.33314e+08	1.40588e+08	1.41767e+08	1.5371e+08	1.51035e+08	1.52285e+08	1.85018e+08	1.5893e+08	1.69654e+08	1.59888e+08	1.58875e+08	1.23873e+08	1.28178e+08	1.59139e+08	1.2429e+08	1.57573e+08	1.65677e+08	1.50305e+08	1.59233e+08	1.72563e+08	1.56973e+08
ERR629982	3.36195e+08	2.72103e+08	2.79298e+08	2.80423e+08	3.30215e+08	2.87791e+08	1.6765e+08	1.64827e+08	1.40196e+08	1.62901e+08	1.53904e+08	1.53318e+08	4.7399e+08	2.83023e+08	2.75572e+08	3.25418e+08	2.81736e+08	2.79007e+08	1.67374e+08	1.76399e+08	1.66008e+08	1.66457e+08	1.57794e+08	1.09282e+08	2.05139e+08	1.34519e+08	1.59353e+08	1.52957e+08	1.55946e+08	1.84083e+08	1.61839e+08	1.63084e+08	1.54233e+08	1.5165e+08	1.28069e+08	1.39545e+08	1.86477e+08	2.16965e+08	1.84694e+08	1.88116e+08	2.20901e+08	1.87965e+08	1.85551e+08	1.85386e+08	1.82211e+08	1.86957e+08	2.17845e+08	2.14007e+08	2.53348e+08	2.96057e+08	3.14755e+08	2.42822e+08	2.33817e+08	3.16514e+08	2.88305e+08	2.35713e+08	2.35272e+08	2.63641e+08	2.29147e+08	1.85305e+08	2.52183e+08	2.60531e+08	2.46845e+08	2.43723e+08	2.60893e+08	2.54326e+08	2.08463e+08	1.96364e+08	2.8883e+08	3.08392e+08	3.36086e+08	2.08883e+08	2.70005e+08	2.56035e+08	2.6738e+08	2.5942e+08	2.72998e+08	2.76744e+08	2.82889e+08	2.79899e+08	2.81985e+08	3.39785e+08	2.9381e+08	3.12115e+08	3.06128e+08	3.0409e+08	2.37582e+08	2.45676e+08	3.04571e+08	2.38134e+08	3.05001e+08	3.19276e+08	2.90352e+08	3.06739e+08	3.33114e+08	3.02534e+08
ERR629983	2.8736e+08	2.33447e+08	2.39631e+08	2.40498e+08	2.823e+08	2.46525e+08	1.43622e+08	1.41234e+08	1.20035e+08	1.39611e+08	1.31583e+08	1.31366e+08	2.83023e+08	3.65179e+08	2.37034e+08	2.78643e+08	2.42316e+08	2.39985e+08	1.43129e+08	1.50611e+08	1.4184e+08	1.42343e+08	1.3496e+08	9.39348e+07	1.75141e+08	1.15229e+08	1.36201e+08	1.30792e+08	1.3329e+08	1.57439e+08	1.38542e+08	1.39161e+08	1.31547e+08	1.29739e+08	1.09653e+08	1.19081e+08	1.60476e+08	1.85846e+08	1.58864e+08	1.61496e+08	1.89006e+08	1.61515e+08	1.58496e+08	1.5812e+08	1.55799e+08	1.59739e+08	1.85443e+08	1.82276e+08	2.17528e+08	2.54224e+08	2.6968e+08	2.08509e+08	2.0094e+08	2.71255e+08	2.46814e+08	2.01884e+08	2.01622e+08	2.26121e+08	1.96192e+08	1.59406e+08	2.16249e+08	2.23264e+08	2.11694e+08	2.09238e+08	2.23516e+08	2.18189e+08	1.78958e+08	1.68773e+08	2.47491e+08	2.63878e+08	2.87061e+08	1.79343e+08	2.31673e+08	2.20091e+08	2.2951e+08	2.22887e+08	2.34431e+08	2.37329e+08	2.42493e+08	2.39598e+08	2.41285e+08	2.9061e+08	2.51431e+08	2.67292e+08	2.61594e+08	2.60011e+08	2.03568e+08	2.10542e+08	2.60428e+08	2.04065e+08	2.60335e+08	2.73063e+08	2.4853e+08	2.62506e+08	2.84282e+08	2.58872e+08
ERR629986	2.79848e+08	2.28732e+08	2.34606e+08	2.35519e+08	2.75137e+08	2.40657e+08	1.40814e+08	1.38525e+08	1.17602e+08	1.3684e+08	1.28728e+08	1.28869e+08	2.75572e+08	2.37034e+08	3.52473e+08	2.71451e+08	2.38215e+08	2.35926e+08	1.39903e+08	1.4706e+08	1.38795e+08	1.39053e+08	1.32012e+08	9.2379e+07	1.71272e+08	1.12968e+08	1.33258e+08	1.27876e+08	1.30449e+08	1.54207e+08	1.36446e+08	1.36342e+08	1.28968e+08	1.27912e+08	1.08145e+08	1.17028e+08	1.56531e+08	1.80443e+08	1.55114e+08	1.571e+08	1.83493e+08	1.57647e+08	1.54977e+08	1.54043e+08	1.52263e+08	1.56089e+08	1.80369e+08	1.77393e+08	2.12713e+08	2.48861e+08	2.63591e+08	2.03783e+08	1.96361e+08	2.65203e+08	2.41584e+08	1.97183e+08	1.97508e+08	2.21292e+08	1.91546e+08	1.56191e+08	2.11501e+08	2.18444e+08	2.07204e+08	2.04928e+08	2.18424e+08	2.13376e+08	1.74769e+08	1.64981e+08	2.41182e+08	2.57298e+08	2.79183e+08	1.75341e+08	2.26536e+08	2.15398e+08	2.24331e+08	2.18003e+08	2.29136e+08	2.31866e+08	2.37419e+08	2.33822e+08	2.3548e+08	2.84047e+08	2.45341e+08	2.61358e+08	2.55332e+08	2.53706e+08	1.98736e+08	2.05743e+08	2.53873e+08	1.99466e+08	2.53488e+08	2.66131e+08	2.42645e+08	2.56457e+08	2.76949e+08	2.52929e+08
ERR629984	3.30923e+08	2.68254e+08	2.7517e+08	2.76219e+08	3.25335e+08	2.83379e+08	1.64981e+08	1.62167e+08	1.37884e+08	1.60352e+08	1.51414e+08	1.50886e+08	3.25418e+08	2.78643e+08	2.71451e+08	4.61307e+08	2.77331e+08	2.74697e+08	1.6467e+08	1.73528e+08	1.63243e+08	1.63814e+08	1.55152e+08	1.0746e+08	2.01793e+08	1.32309e+08	1.5677e+08	1.50424e+08	1.5347e+08	1.81015e+08	1.59268e+08	1.60419e+08	1.51623e+08	1.49135e+08	1.26094e+08	1.3729e+08	1.83878e+08	2.14016e+08	1.82124e+08	1.85357e+08	2.17636e+08	1.85209e+08	1.82536e+08	1.82289e+08	1.79297e+08	1.83965e+08	2.14249e+08	2.10539e+08	2.49289e+08	2.91372e+08	3.09892e+08	2.39093e+08	2.30103e+08	3.11473e+08	2.8397e+08	2.32187e+08	2.31563e+08	2.59657e+08	2.25551e+08	1.82546e+08	2.48456e+08	2.56569e+08	2.43105e+08	2.39988e+08	2.56991e+08	2.50632e+08	2.05421e+08	1.93409e+08	2.84561e+08	3.03806e+08	3.3108e+08	2.05895e+08	2.65846e+08	2.5202e+08	2.63146e+08	2.55495e+08	2.6866e+08	2.72313e+08	2.784e+08	2.75481e+08	2.77579e+08	3.34463e+08	2.89306e+08	3.07349e+08	3.01277e+08	2.99593e+08	2.33902e+08	2.41887e+08	2.99819e+08	2.34323e+08	2.99975e+08	3.14313e+08	2.8584e+08	3.01963e+08	3.27863e+08	2.97724e+08
ERR629985	2.8647e+08	2.33828e+08	2.39878e+08	2.40953e+08	2.81533e+08	2.4614e+08	1.43962e+08	1.41614e+08	1.2035e+08	1.3987e+08	1.31687e+08	1.31723e+08	2.81736e+08	2.42316e+08	2.38215e+08	2.77331e+08	3.65446e+08	2.4097e+08	1.43121e+08	1.50418e+08	1.41913e+08	1.42273e+08	1.35048e+08	9.43372e+07	1.75336e+08	1.15526e+08	1.36383e+08	1.30858e+08	1.33482e+08	1.57801e+08	1.39644e+08	1.39597e+08	1.32001e+08	1.30912e+08	1.10611e+08	1.19736e+08	1.59961e+08	1.84476e+08	1.58591e+08	1.60573e+08	1.87672e+08	1.61131e+08	1.58577e+08	1.57751e+08	1.55777e+08	1.59687e+08	1.84769e+08	1.81603e+08	2.1737e+08	2.54217e+08	2.69363e+08	2.08193e+08	2.00605e+08	2.70982e+08	2.46781e+08	2.01425e+08	2.01982e+08	2.2613e+08	1.9577e+08	1.59532e+08	2.16098e+08	2.23399e+08	2.11743e+08	2.09316e+08	2.23292e+08	2.18037e+08	1.7871e+08	1.68627e+08	2.46774e+08	2.63274e+08	2.8588e+08	1.79092e+08	2.31514e+08	2.20036e+08	2.29304e+08	2.22745e+08	2.34134e+08	2.36924e+08	2.42551e+08	2.39014e+08	2.40719e+08	2.90374e+08	2.50837e+08	2.6707e+08	2.60929e+08	2.59273e+08	2.03012e+08	2.10253e+08	2.59574e+08	2.03671e+08	2.59241e+08	2.72073e+08	2.48034e+08	2.6209e+08	2.83145e+08	2.58364e+08
ERR629987	2.83483e+08	2.31395e+08	2.3747e+08	2.38349e+08	2.78584e+08	2.43664e+08	1.42503e+08	1.40079e+08	1.19095e+08	1.38521e+08	1.30407e+08	1.30311e+08	2.79007e+08	2.39985e+08	2.35926e+08	2.74697e+08	2.4097e+08	3.59402e+08	1.41614e+08	1.4891e+08	1.40408e+08	1.40852e+08	1.33683e+08	9.34857e+07	1.73523e+08	1.14351e+08	1.35022e+08	1.29617e+08	1.32097e+08	1.56221e+08	1.38119e+08	1.38015e+08	1.30476e+08	1.29459e+08	1.09486e+08	1.18425e+08	1.58487e+08	1.82605e+08	1.56891e+08	1.5894e+08	1.857e+08	1.59494e+08	1.56729e+08	1.55938e+08	1.54068e+08	1.57939e+08	1.82585e+08	1.79456e+08	2.15241e+08	2.51778e+08	2.66692e+08	2.06203e+08	1.98657e+08	2.68505e+08	2.44385e+08	1.99497e+08	1.99927e+08	2.23878e+08	1.93727e+08	1.58078e+08	2.14098e+08	2.21047e+08	2.09725e+08	2.07288e+08	2.21161e+08	2.15938e+08	1.76996e+08	1.67034e+08	2.44214e+08	2.60481e+08	2.8281e+08	1.77509e+08	2.29265e+08	2.17918e+08	2.27062e+08	2.2074e+08	2.31845e+08	2.34725e+08	2.40171e+08	2.36659e+08	2.3832e+08	2.87397e+08	2.48234e+08	2.64408e+08	2.58311e+08	2.5677e+08	2.00995e+08	2.08154e+08	2.56972e+08	2.01783e+08	2.56417e+08	2.69262e+08	2.45511e+08	2.59302e+08	2.80156e+08	2.55826e+08
ERR608590	1.86997e+08	1.50334e+08	1.54226e+08	1.54961e+08	1.83595e+08	1.58982e+08	2.19074e+08	2.15678e+08	1.86822e+08	2.1355e+08	2.02728e+08	2.02183e+08	1.67374e+08	1.43129e+08	1.39903e+08	1.6467e+08	1.43121e+08	1.41614e+08	3.43088e+08	2.39771e+08	2.27629e+08	2.28875e+08	2.16805e+08	1.56116e+08	2.28414e+08	1.53155e+08	1.80311e+08	1.73585e+08	1.76315e+08	2.06782e+08	2.082e+08	2.08469e+08	1.97365e+08	1.96444e+08	1.69303e+08	1.81119e+08	1.11739e+08	1.29601e+08	1.10467e+08	1.12217e+08	1.32118e+08	1.12308e+08	2.02616e+08	2.01477e+08	1.99064e+08	2.03653e+08	2.3394e+08	2.30073e+08	1.45774e+08	1.71328e+08	1.8236e+08	1.3958e+08	1.34167e+08	1.83369e+08	1.6893e+08	1.37027e+08	1.37381e+08	1.54038e+08	1.33213e+08	1.07736e+08	1.61822e+08	1.67523e+08	1.58511e+08	1.56533e+08	1.67471e+08	1.63505e+08	1.34616e+08	1.27018e+08	1.87419e+08	1.99891e+08	2.17236e+08	1.35136e+08	1.53305e+08	1.45477e+08	1.51539e+08	1.47311e+08	1.55296e+08	1.56987e+08	1.67458e+08	1.65138e+08	1.66463e+08	2.01794e+08	1.73626e+08	1.84891e+08	1.76648e+08	1.75684e+08	1.36604e+08	1.41223e+08	1.75932e+08	1.37076e+08	1.74433e+08	1.83142e+08	1.65953e+08	1.75731e+08	1.91164e+08	1.73395e+08
ERR608587	1.97142e+08	1.58147e+08	1.62253e+08	1.63038e+08	1.93536e+08	1.67403e+08	2.29619e+08	2.26127e+08	1.95863e+08	2.23962e+08	2.1278e+08	2.11833e+08	1.76399e+08	1.50611e+08	1.4706e+08	1.73528e+08	1.50418e+08	1.4891e+08	2.39771e+08	3.72391e+08	2.37406e+08	2.39211e+08	2.27848e+08	1.63428e+08	2.40557e+08	1.61126e+08	1.89767e+08	1.82515e+08	1.85469e+08	2.17338e+08	2.17673e+08	2.18541e+08	2.07005e+08	2.05343e+08	1.76848e+08	1.89533e+08	1.17814e+08	1.37092e+08	1.1642e+08	1.18479e+08	1.3968e+08	1.18399e+08	2.13121e+08	2.12126e+08	2.09315e+08	2.14172e+08	2.46837e+08	2.42598e+08	1.53391e+08	1.80287e+08	1.91994e+08	1.46866e+08	1.41222e+08	1.92997e+08	1.77805e+08	1.44217e+08	1.44401e+08	1.61983e+08	1.40219e+08	1.13103e+08	1.70387e+08	1.76205e+08	1.66678e+08	1.64622e+08	1.76364e+08	1.72108e+08	1.41686e+08	1.33639e+08	1.97378e+08	2.10884e+08	2.2923e+08	1.42179e+08	1.61391e+08	1.52938e+08	1.59504e+08	1.5499e+08	1.63364e+08	1.65332e+08	1.7629e+08	1.74065e+08	1.75343e+08	2.12537e+08	1.83018e+08	1.94689e+08	1.86278e+08	1.85174e+08	1.43867e+08	1.48667e+08	1.85437e+08	1.44188e+08	1.84165e+08	1.9307e+08	1.74962e+08	1.85098e+08	2.01851e+08	1.82552e+08
ERR608589	1.85283e+08	1.49008e+08	1.52847e+08	1.53634e+08	1.81946e+08	1.57649e+08	2.17331e+08	2.13993e+08	1.85477e+08	2.11873e+08	2.01151e+08	2.00584e+08	1.66008e+08	1.4184e+08	1.38795e+08	1.63243e+08	1.41913e+08	1.40408e+08	2.27629e+08	2.37406e+08	3.38192e+08	2.26773e+08	2.14854e+08	1.54752e+08	2.26639e+08	1.52126e+08	1.78942e+08	1.72296e+08	1.75037e+08	2.05262e+08	2.06653e+08	2.06822e+08	1.95932e+08	1.95025e+08	1.68091e+08	1.79625e+08	1.10843e+08	1.28536e+08	1.09486e+08	1.11407e+08	1.30981e+08	1.11322e+08	2.00811e+08	1.99507e+08	1.97287e+08	2.01931e+08	2.31758e+08	2.27902e+08	1.44564e+08	1.70025e+08	1.81027e+08	1.38341e+08	1.32994e+08	1.8188e+08	1.67581e+08	1.35819e+08	1.36198e+08	1.52843e+08	1.32037e+08	1.06812e+08	1.60468e+08	1.66132e+08	1.57189e+08	1.55385e+08	1.66089e+08	1.62186e+08	1.33622e+08	1.26139e+08	1.85998e+08	1.98338e+08	2.15494e+08	1.34101e+08	1.51995e+08	1.44122e+08	1.50279e+08	1.45997e+08	1.54051e+08	1.55629e+08	1.66215e+08	1.63729e+08	1.64961e+08	2.00138e+08	1.72186e+08	1.83269e+08	1.75131e+08	1.7404e+08	1.35445e+08	1.39968e+08	1.74415e+08	1.35898e+08	1.72874e+08	1.81563e+08	1.64506e+08	1.74185e+08	1.89239e+08	1.71703e+08
ERR608588	1.85921e+08	1.49311e+08	1.5329e+08	1.54114e+08	1.82512e+08	1.58063e+08	2.18602e+08	2.15314e+08	1.86407e+08	2.13196e+08	2.02274e+08	2.0169e+08	1.66457e+08	1.42343e+08	1.39053e+08	1.63814e+08	1.42273e+08	1.40852e+08	2.28875e+08	2.39211e+08	2.26773e+08	3.41223e+08	2.1604e+08	1.55424e+08	2.28083e+08	1.52935e+08	1.80194e+08	1.73334e+08	1.76059e+08	2.06223e+08	2.07212e+08	2.07391e+08	1.96474e+08	1.95432e+08	1.68344e+08	1.80159e+08	1.11259e+08	1.29108e+08	1.09921e+08	1.11796e+08	1.31628e+08	1.11727e+08	2.02013e+08	2.00737e+08	1.98409e+08	2.03111e+08	2.33408e+08	2.29513e+08	1.45061e+08	1.70327e+08	1.8135e+08	1.38791e+08	1.33416e+08	1.82286e+08	1.67857e+08	1.36222e+08	1.36505e+08	1.52979e+08	1.32363e+08	1.06994e+08	1.6094e+08	1.66442e+08	1.57495e+08	1.55554e+08	1.66586e+08	1.62535e+08	1.33977e+08	1.26397e+08	1.86334e+08	1.98842e+08	2.16063e+08	1.34473e+08	1.52504e+08	1.44532e+08	1.50637e+08	1.46539e+08	1.54286e+08	1.56171e+08	1.66507e+08	1.6423e+08	1.65694e+08	2.00574e+08	1.7285e+08	1.83891e+08	1.75705e+08	1.74567e+08	1.35956e+08	1.4044e+08	1.75085e+08	1.36152e+08	1.7377e+08	1.82275e+08	1.65324e+08	1.74883e+08	1.90356e+08	1.7249e+08
ERR608586	1.75991e+08	1.41603e+08	1.45317e+08	1.4606e+08	1.72793e+08	1.49694e+08	2.08139e+08	2.05005e+08	1.7773e+08	2.02984e+08	1.92616e+08	1.92135e+08	1.57794e+08	1.3496e+08	1.32012e+08	1.55152e+08	1.35048e+08	1.33683e+08	2.16805e+08	2.27848e+08	2.14854e+08	2.1604e+08	3.13466e+08	1.4912e+08	2.16654e+08	1.45591e+08	1.71128e+08	1.64785e+08	1.67358e+08	1.96219e+08	1.97546e+08	1.97441e+08	1.87054e+08	1.8645e+08	1.60773e+08	1.71669e+08	1.05522e+08	1.22251e+08	1.04285e+08	1.05943e+08	1.24634e+08	1.06009e+08	1.91752e+08	1.9035e+08	1.88416e+08	1.92748e+08	2.21103e+08	2.17387e+08	1.37371e+08	1.61667e+08	1.71938e+08	1.31595e+08	1.26429e+08	1.7295e+08	1.59127e+08	1.29032e+08	1.2952e+08	1.45211e+08	1.2536e+08	1.01596e+08	1.52734e+08	1.58021e+08	1.49623e+08	1.47751e+08	1.58053e+08	1.54324e+08	1.27373e+08	1.20254e+08	1.77033e+08	1.88836e+08	2.05026e+08	1.27802e+08	1.44482e+08	1.37043e+08	1.42822e+08	1.38875e+08	1.46319e+08	1.47878e+08	1.57822e+08	1.55567e+08	1.56695e+08	1.90037e+08	1.63657e+08	1.74296e+08	1.66438e+08	1.65379e+08	1.28814e+08	1.33152e+08	1.65753e+08	1.29189e+08	1.64295e+08	1.72509e+08	1.56395e+08	1.65685e+08	1.79948e+08	1.63262e+08
ERR608585	1.21373e+08	9.87349e+07	1.01194e+08	1.01647e+08	1.19254e+08	1.03808e+08	1.50796e+08	1.48636e+08	1.29264e+08	1.47196e+08	1.39438e+08	1.39548e+08	1.09282e+08	9.39348e+07	9.2379e+07	1.0746e+08	9.43372e+07	9.34857e+07	1.56116e+08	1.63428e+08	1.54752e+08	1.55424e+08	1.4912e+08	1.84429e+08	1.53668e+08	1.04089e+08	1.21591e+08	1.17271e+08	1.19007e+08	1.39661e+08	1.43954e+08	1.42612e+08	1.35323e+08	1.36209e+08	1.18026e+08	1.24786e+08	7.33883e+07	8.40166e+07	7.2411e+07	7.31552e+07	8.56171e+07	7.35412e+07	1.34977e+08	1.3327e+08	1.3256e+08	1.35588e+08	1.53869e+08	1.51382e+08	9.55209e+07	1.1259e+08	1.1937e+08	9.13171e+07	8.79e+07	1.20167e+08	1.10595e+08	8.94502e+07	9.03457e+07	1.013e+08	8.69646e+07	7.11499e+07	1.0665e+08	1.10437e+08	1.04603e+08	1.03484e+08	1.10181e+08	1.07712e+08	8.88274e+07	8.41402e+07	1.22948e+08	1.31021e+08	1.41584e+08	8.91976e+07	1.0029e+08	9.54635e+07	9.91211e+07	9.66298e+07	1.01715e+08	1.02571e+08	1.10014e+08	1.07664e+08	1.08523e+08	1.31905e+08	1.13269e+08	1.212e+08	1.14955e+08	1.14208e+08	8.92191e+07	9.23082e+07	1.14351e+08	8.96601e+07	1.13127e+08	1.19179e+08	1.08345e+08	1.14878e+08	1.24031e+08	1.13109e+08
ERR612903	2.33017e+08	1.8726e+08	1.92326e+08	1.9311e+08	2.28786e+08	1.98159e+08	2.41419e+08	2.3795e+08	2.04944e+08	2.35439e+08	2.23188e+08	2.22403e+08	2.05139e+08	1.75141e+08	1.71272e+08	2.01793e+08	1.75336e+08	1.73523e+08	2.28414e+08	2.40557e+08	2.26639e+08	2.28083e+08	2.16654e+08	1.53668e+08	4.54149e+08	2.11684e+08	2.48958e+08	2.39234e+08	2.43038e+08	2.86285e+08	2.25569e+08	2.25794e+08	2.13294e+08	2.12095e+08	1.81178e+08	1.9449e+08	1.38194e+08	1.60481e+08	1.36649e+08	1.3881e+08	1.63559e+08	1.38955e+08	2.53449e+08	2.51589e+08	2.49067e+08	2.54877e+08	2.92281e+08	2.87424e+08	1.7968e+08	2.11499e+08	2.25054e+08	1.71955e+08	1.6516e+08	2.26262e+08	2.14267e+08	1.73374e+08	1.74113e+08	1.95413e+08	1.68386e+08	1.36405e+08	1.97224e+08	2.04567e+08	1.93383e+08	1.9116e+08	2.04044e+08	1.99402e+08	1.74535e+08	1.64812e+08	2.43007e+08	2.59338e+08	2.81415e+08	1.75255e+08	1.86681e+08	1.77222e+08	1.84726e+08	1.79437e+08	1.89225e+08	1.91098e+08	2.07838e+08	2.04947e+08	2.06446e+08	2.5057e+08	2.15485e+08	2.29416e+08	2.172e+08	2.1572e+08	1.67711e+08	1.73241e+08	2.1629e+08	1.68177e+08	2.1832e+08	2.29192e+08	2.07693e+08	2.19954e+08	2.39345e+08	2.16748e+08
ERR612904	1.51805e+08	1.22624e+08	1.25795e+08	1.26362e+08	1.48946e+08	1.29426e+08	1.62603e+08	1.6039e+08	1.3872e+08	1.5871e+08	1.50542e+08	1.50193e+08	1.34519e+08	1.15229e+08	1.12968e+08	1.32309e+08	1.15526e+08	1.14351e+08	1.53155e+08	1.61126e+08	1.52126e+08	1.52935e+08	1.45591e+08	1.04089e+08	2.11684e+08	2.32728e+08	1.67738e+08	1.61345e+08	1.63714e+08	1.92279e+08	1.49312e+08	1.49034e+08	1.40863e+08	1.40527e+08	1.20256e+08	1.28533e+08	9.13197e+07	1.05326e+08	9.03209e+07	9.14877e+07	1.07428e+08	9.17541e+07	1.69454e+08	1.68024e+08	1.66804e+08	1.70503e+08	1.9432e+08	1.91231e+08	1.179e+08	1.38626e+08	1.47272e+08	1.12799e+08	1.08329e+08	1.48251e+08	1.40109e+08	1.1353e+08	1.14228e+08	1.28046e+08	1.10185e+08	8.96802e+07	1.30061e+08	1.34815e+08	1.27468e+08	1.26056e+08	1.34451e+08	1.31425e+08	1.15865e+08	1.09561e+08	1.60642e+08	1.71237e+08	1.85156e+08	1.16524e+08	1.22565e+08	1.16409e+08	1.21217e+08	1.17793e+08	1.24195e+08	1.25375e+08	1.36117e+08	1.33783e+08	1.34795e+08	1.63617e+08	1.40648e+08	1.49807e+08	1.41949e+08	1.41032e+08	1.10021e+08	1.13754e+08	1.41263e+08	1.10461e+08	1.42285e+08	1.49457e+08	1.35609e+08	1.43662e+08	1.55853e+08	1.41532e+08
ERR612906	1.80561e+08	1.45183e+08	1.49127e+08	1.49772e+08	1.77341e+08	1.53523e+08	1.90846e+08	1.88162e+08	1.62562e+08	1.86267e+08	1.76728e+08	1.76067e+08	1.59353e+08	1.36201e+08	1.33258e+08	1.5677e+08	1.36383e+08	1.35022e+08	1.80311e+08	1.89767e+08	1.78942e+08	1.80194e+08	1.71128e+08	1.21591e+08	2.48958e+08	1.67738e+08	3.03301e+08	1.90164e+08	1.93159e+08	2.25486e+08	1.75725e+08	1.76057e+08	1.66436e+08	1.65255e+08	1.41368e+08	1.51736e+08	1.08098e+08	1.25392e+08	1.06876e+08	1.08683e+08	1.2772e+08	1.08742e+08	2.00124e+08	1.98745e+08	1.96795e+08	2.01291e+08	2.30431e+08	2.26519e+08	1.39612e+08	1.63988e+08	1.74619e+08	1.33623e+08	1.28435e+08	1.75611e+08	1.65876e+08	1.34493e+08	1.34963e+08	1.51481e+08	1.30726e+08	1.0591e+08	1.53652e+08	1.59175e+08	1.50552e+08	1.48696e+08	1.59008e+08	1.55378e+08	1.36634e+08	1.29113e+08	1.89908e+08	2.02553e+08	2.19714e+08	1.37271e+08	1.45064e+08	1.37674e+08	1.43532e+08	1.39449e+08	1.47071e+08	1.48717e+08	1.61091e+08	1.5881e+08	1.60016e+08	1.94157e+08	1.6708e+08	1.77794e+08	1.68606e+08	1.67496e+08	1.30491e+08	1.34657e+08	1.67906e+08	1.30684e+08	1.6973e+08	1.78017e+08	1.61436e+08	1.70919e+08	1.85876e+08	1.68437e+08
ERR612907	1.73148e+08	1.39391e+08	1.42994e+08	1.43727e+08	1.69971e+08	1.47284e+08	1.83725e+08	1.81035e+08	1.56558e+08	1.79183e+08	1.70064e+08	1.69534e+08	1.52957e+08	1.30792e+08	1.27876e+08	1.50424e+08	1.30858e+08	1.29617e+08	1.73585e+08	1.82515e+08	1.72296e+08	1.73334e+08	1.64785e+08	1.17271e+08	2.39234e+08	1.61345e+08	1.90164e+08	2.84271e+08	1.85763e+08	2.16813e+08	1.68925e+08	1.69189e+08	1.59902e+08	1.58958e+08	1.36007e+08	1.45796e+08	1.03718e+08	1.20136e+08	1.02513e+08	1.04092e+08	1.22485e+08	1.04264e+08	1.92269e+08	1.90903e+08	1.89117e+08	1.93415e+08	2.21247e+08	2.17518e+08	1.33948e+08	1.57348e+08	1.67487e+08	1.28242e+08	1.23236e+08	1.68428e+08	1.59143e+08	1.29122e+08	1.29572e+08	1.4524e+08	1.25443e+08	1.01669e+08	1.47468e+08	1.52698e+08	1.44295e+08	1.42699e+08	1.52402e+08	1.49052e+08	1.31384e+08	1.24055e+08	1.82299e+08	1.94319e+08	2.10678e+08	1.3178e+08	1.39166e+08	1.32153e+08	1.37755e+08	1.33845e+08	1.41028e+08	1.42657e+08	1.54419e+08	1.52323e+08	1.53485e+08	1.86002e+08	1.60136e+08	1.70433e+08	1.61681e+08	1.60668e+08	1.2513e+08	1.2931e+08	1.61115e+08	1.254e+08	1.62642e+08	1.70757e+08	1.54773e+08	1.63886e+08	1.78209e+08	1.61424e+08
ERR612908	1.76539e+08	1.42126e+08	1.4584e+08	1.46603e+08	1.73368e+08	1.50246e+08	1.86379e+08	1.83743e+08	1.58777e+08	1.81861e+08	1.72599e+08	1.71975e+08	1.55946e+08	1.3329e+08	1.30449e+08	1.5347e+08	1.33482e+08	1.32097e+08	1.76315e+08	1.85469e+08	1.75037e+08	1.76059e+08	1.67358e+08	1.19007e+08	2.43038e+08	1.63714e+08	1.93159e+08	1.85763e+08	2.92521e+08	2.20214e+08	1.71629e+08	1.71928e+08	1.62514e+08	1.61503e+08	1.38104e+08	1.48191e+08	1.05724e+08	1.22602e+08	1.04419e+08	1.06232e+08	1.25065e+08	1.06292e+08	1.95375e+08	1.93953e+08	1.92116e+08	1.96529e+08	2.24818e+08	2.21166e+08	1.36566e+08	1.60352e+08	1.70764e+08	1.30724e+08	1.25655e+08	1.71772e+08	1.62316e+08	1.3168e+08	1.32096e+08	1.48119e+08	1.27983e+08	1.03635e+08	1.50213e+08	1.55575e+08	1.47171e+08	1.45492e+08	1.55438e+08	1.519e+08	1.33635e+08	1.26158e+08	1.85749e+08	1.98027e+08	2.1475e+08	1.34238e+08	1.41967e+08	1.34719e+08	1.40426e+08	1.36356e+08	1.43836e+08	1.45357e+08	1.57525e+08	1.5529e+08	1.56501e+08	1.89656e+08	1.63522e+08	1.73893e+08	1.64939e+08	1.63901e+08	1.27617e+08	1.31841e+08	1.64211e+08	1.27972e+08	1.65924e+08	1.74013e+08	1.57797e+08	1.67153e+08	1.81714e+08	1.6469e+08
ERR612905	2.08614e+08	1.68336e+08	1.72694e+08	1.73564e+08	2.04773e+08	1.77586e+08	2.18878e+08	2.15879e+08	1.8605e+08	2.13582e+08	2.02279e+08	2.01886e+08	1.84083e+08	1.57439e+08	1.54207e+08	1.81015e+08	1.57801e+08	1.56221e+08	2.06782e+08	2.17338e+08	2.05262e+08	2.06223e+08	1.96219e+08	1.39661e+08	2.86285e+08	1.92279e+08	2.25486e+08	2.16813e+08	2.20214e+08	3.8231e+08	2.04415e+08	2.04086e+08	1.92746e+08	1.92327e+08	1.64397e+08	1.75973e+08	1.24335e+08	1.43874e+08	1.22945e+08	1.24702e+08	1.46698e+08	1.25008e+08	2.29e+08	2.2689e+08	2.25195e+08	2.30176e+08	2.63111e+08	2.58839e+08	1.61324e+08	1.89986e+08	2.02024e+08	1.54162e+08	1.4834e+08	2.03137e+08	1.92392e+08	1.55555e+08	1.56571e+08	1.757e+08	1.5108e+08	1.22762e+08	1.77687e+08	1.84258e+08	1.74239e+08	1.72314e+08	1.83782e+08	1.79676e+08	1.57734e+08	1.49077e+08	2.19325e+08	2.33806e+08	2.53226e+08	1.58478e+08	1.67603e+08	1.59286e+08	1.65892e+08	1.61183e+08	1.70025e+08	1.71617e+08	1.86793e+08	1.837e+08	1.8508e+08	2.24792e+08	1.93134e+08	2.05933e+08	1.94677e+08	1.9337e+08	1.50611e+08	1.55708e+08	1.93671e+08	1.51096e+08	1.95306e+08	2.05161e+08	1.8614e+08	1.97219e+08	2.1404e+08	1.94291e+08
ERR630047	1.8251e+08	1.48282e+08	1.51986e+08	1.52813e+08	1.7918e+08	1.55647e+08	2.23284e+08	2.20298e+08	1.89425e+08	2.18061e+08	2.05165e+08	2.0602e+08	1.61839e+08	1.38542e+08	1.36446e+08	1.59268e+08	1.39644e+08	1.38119e+08	2.082e+08	2.17673e+08	2.06653e+08	2.07212e+08	1.97546e+08	1.43954e+08	2.25569e+08	1.49312e+08	1.75725e+08	1.68925e+08	1.71629e+08	2.04415e+08	3.74538e+08	2.576e+08	2.44077e+08	2.46227e+08	2.12397e+08	2.25101e+08	1.0875e+08	1.24859e+08	1.07508e+08	1.08264e+08	1.27386e+08	1.09267e+08	1.98883e+08	1.95766e+08	1.95591e+08	2.00236e+08	2.27469e+08	2.23847e+08	1.41427e+08	1.67857e+08	1.78121e+08	1.34816e+08	1.29608e+08	1.79299e+08	1.64925e+08	1.3229e+08	1.34208e+08	1.50704e+08	1.28445e+08	1.0469e+08	1.616e+08	1.68169e+08	1.58663e+08	1.57309e+08	1.67029e+08	1.6326e+08	1.33936e+08	1.26556e+08	1.87363e+08	1.99649e+08	2.15468e+08	1.34474e+08	1.46636e+08	1.39788e+08	1.44903e+08	1.41225e+08	1.49063e+08	1.49825e+08	1.65619e+08	1.61574e+08	1.6292e+08	1.995e+08	1.70062e+08	1.82586e+08	1.70828e+08	1.69479e+08	1.31949e+08	1.36648e+08	1.6994e+08	1.32731e+08	1.67281e+08	1.76974e+08	1.60479e+08	1.70574e+08	1.8376e+08	1.68e+08
ERR630042	1.84416e+08	1.48393e+08	1.52312e+08	1.53083e+08	1.80971e+08	1.56707e+08	2.22146e+08	2.18978e+08	1.88723e+08	2.16791e+08	2.05e+08	2.051e+08	1.63084e+08	1.39161e+08	1.36342e+08	1.60419e+08	1.39597e+08	1.38015e+08	2.08469e+08	2.18541e+08	2.06822e+08	2.07391e+08	1.97441e+08	1.42612e+08	2.25794e+08	1.49034e+08	1.76057e+08	1.69189e+08	1.71928e+08	2.04086e+08	2.576e+08	3.73254e+08	2.44945e+08	2.43396e+08	2.09817e+08	2.25217e+08	1.09912e+08	1.27298e+08	1.08499e+08	1.09923e+08	1.29914e+08	1.10346e+08	1.99819e+08	1.97645e+08	1.96506e+08	2.0126e+08	2.30683e+08	2.26813e+08	1.42157e+08	1.6821e+08	1.79048e+08	1.357e+08	1.3055e+08	1.80219e+08	1.65653e+08	1.33362e+08	1.34457e+08	1.5114e+08	1.29519e+08	1.04614e+08	1.6202e+08	1.68523e+08	1.5883e+08	1.57224e+08	1.67607e+08	1.63624e+08	1.33996e+08	1.26401e+08	1.87919e+08	2.0064e+08	2.17412e+08	1.34572e+08	1.47577e+08	1.40339e+08	1.45967e+08	1.41892e+08	1.49882e+08	1.51042e+08	1.66015e+08	1.62878e+08	1.64306e+08	2.00484e+08	1.71455e+08	1.83312e+08	1.72504e+08	1.71216e+08	1.32942e+08	1.37517e+08	1.71674e+08	1.33408e+08	1.69371e+08	1.78597e+08	1.61534e+08	1.71587e+08	1.85873e+08	1.69077e+08
ERR630044	1.743e+08	1.40369e+08	1.43942e+08	1.44808e+08	1.71107e+08	1.48082e+08	2.10251e+08	2.07297e+08	1.78729e+08	2.05257e+08	1.94087e+08	1.94116e+08	1.54233e+08	1.31547e+08	1.28968e+08	1.51623e+08	1.32001e+08	1.30476e+08	1.97365e+08	2.07005e+08	1.95932e+08	1.96474e+08	1.87054e+08	1.35323e+08	2.13294e+08	1.40863e+08	1.66436e+08	1.59902e+08	1.62514e+08	1.92746e+08	2.44077e+08	2.44945e+08	3.41314e+08	2.30759e+08	1.99035e+08	2.13683e+08	1.03716e+08	1.20223e+08	1.02506e+08	1.03884e+08	1.2264e+08	1.0432e+08	1.88602e+08	1.86614e+08	1.8556e+08	1.90067e+08	2.17709e+08	2.14033e+08	1.34308e+08	1.59095e+08	1.69188e+08	1.28314e+08	1.23336e+08	1.70308e+08	1.56574e+08	1.2601e+08	1.27101e+08	1.42823e+08	1.22377e+08	9.89998e+07	1.53036e+08	1.59197e+08	1.50096e+08	1.4857e+08	1.58267e+08	1.54688e+08	1.26653e+08	1.19332e+08	1.77542e+08	1.89512e+08	2.05264e+08	1.27049e+08	1.39536e+08	1.32638e+08	1.37861e+08	1.34184e+08	1.41771e+08	1.42709e+08	1.569e+08	1.53903e+08	1.55206e+08	1.89526e+08	1.62044e+08	1.73307e+08	1.62971e+08	1.61767e+08	1.25526e+08	1.2999e+08	1.62185e+08	1.26147e+08	1.59984e+08	1.68703e+08	1.52593e+08	1.62032e+08	1.75555e+08	1.5979e+08
