	ERR612638	ERR612639	ERR612640	ERR612642	ERR612641	ERR612637	ERR608374	ERR608375	ERR608373	ERR608376	ERR608372	ERR608371	ERR629704	ERR629705	ERR629708	ERR629706	ERR629707	ERR629709	ERR636946	ERR636947	ERR636943	ERR636948	ERR636945	ERR636944	ERR613447	ERR613446	ERR613443	ERR613448	ERR613445	ERR613444	ERR613219	ERR613217	ERR613220	ERR613215	ERR613216	ERR613218	ERR637113	ERR637116	ERR637115	ERR637114	ERR637111	ERR637112	ERR617184	ERR617183	ERR617182	ERR617181	ERR617179	ERR617180	ERR613316	ERR613311	ERR613314	ERR613312	ERR613313	ERR613315	ERR618117	ERR618118	ERR618116	ERR618119	ERR618115	ERR618120	ERR612277	ERR612278	ERR612275	ERR612280	ERR612276	ERR612279	ERR608855	ERR608856	ERR608857	ERR608853	ERR608854	ERR608858	ERR626708	ERR626706	ERR626707	ERR626709	ERR626704	ERR626705	ERR614947	ERR614946	ERR614948	ERR614945	ERR614944	ERR614943	ERR629758	ERR629759	ERR629763	ERR629761	ERR629760	ERR629762	ERR617049	ERR617048	ERR617047	ERR617045	ERR617046	ERR617050
ERR612638	0	0.762718	0.776819	0.777775	0.775796	0.759676	0.983223	0.982684	0.966643	0.982294	0.967474	0.973549	0.958735	0.973901	0.955067	0.974616	0.955528	0.95379	0.940766	0.939924	0.952767	0.939757	0.945419	0.946397	0.911324	0.91372	0.895492	0.929715	0.901433	0.907732	0.96912	0.952609	0.969887	0.946694	0.949375	0.972724	0.962388	0.961595	0.961018	0.96157	0.966085	0.958228	1.00769	0.983654	0.984304	0.998705	1.00512	0.998548	1.06267	1.04075	1.0522	1.04919	1.04532	1.05154	1.17462	1.06644	1.17594	1.06749	1.17911	1.0673	1.14919	1.12283	1.14284	1.12706	1.14847	1.12668	1.11415	1.11741	1.11748	1.14161	1.11735	1.11716	1.09672	1.10323	1.09757	1.09697	1.08539	1.09221	1.09119	1.09074	1.08956	1.10604	1.10267	1.10552	0.972985	0.986031	0.969081	0.969581	0.987843	0.969428	1.09317	1.09234	1.0831	1.08695	1.08497	1.09159
ERR612639	0.762718	0	0.755484	0.757334	0.754027	0.730306	0.955688	0.955223	0.936163	0.954674	0.937488	0.944234	0.928072	0.944962	0.923578	0.945988	0.923692	0.921777	0.908488	0.907996	0.92285	0.907293	0.914302	0.915473	0.892403	0.895958	0.87126	0.91533	0.878832	0.887643	0.959015	0.937135	0.959493	0.929067	0.932947	0.96351	0.932925	0.931961	0.931463	0.932002	0.937196	0.928312	0.981462	0.95605	0.957338	0.973266	0.979562	0.972918	1.05529	1.02678	1.04157	1.0375	1.03213	1.04065	1.16296	1.04742	1.16416	1.04836	1.16788	1.0479	1.13454	1.10493	1.12788	1.10937	1.13377	1.10926	1.09263	1.09645	1.09668	1.12245	1.0961	1.09591	1.07566	1.08218	1.07646	1.07587	1.06275	1.07037	1.0693	1.06857	1.06712	1.08538	1.08173	1.08407	0.944216	0.958965	0.938892	0.940011	0.960867	0.939728	1.07021	1.06937	1.05986	1.0634	1.06184	1.06821
ERR612640	0.776819	0.755484	0	0.765468	0.762985	0.750622	0.970778	0.970154	0.953961	0.969446	0.954413	0.961048	0.946578	0.962496	0.94283	0.963401	0.942948	0.941609	0.928667	0.927743	0.941474	0.9273	0.933555	0.934068	0.90323	0.906168	0.886111	0.924268	0.892812	0.90016	0.963511	0.944635	0.964368	0.937104	0.940835	0.967761	0.950257	0.949127	0.948889	0.949298	0.95418	0.945605	0.997035	0.971253	0.971902	0.986974	0.994512	0.986664	1.06006	1.03573	1.04796	1.0453	1.0409	1.0472	1.16366	1.05857	1.16515	1.05932	1.16871	1.05895	1.13837	1.11249	1.1313	1.11672	1.13722	1.117	1.10513	1.10893	1.10908	1.13461	1.10909	1.1087	1.08817	1.09524	1.08895	1.08848	1.07661	1.08366	1.08257	1.08213	1.08089	1.09821	1.09467	1.09751	0.961267	0.975466	0.956719	0.957711	0.977034	0.957277	1.0849	1.08392	1.07376	1.07797	1.07572	1.08327
ERR612642	0.777775	0.757334	0.765468	0	0.764791	0.752815	0.974436	0.973787	0.957813	0.972943	0.958021	0.964943	0.949896	0.965797	0.946049	0.966271	0.945985	0.944746	0.931494	0.93104	0.944008	0.930279	0.936388	0.936971	0.905213	0.908213	0.888613	0.926168	0.895245	0.902624	0.963819	0.945497	0.964426	0.938145	0.941728	0.967973	0.953265	0.951805	0.95147	0.951799	0.957311	0.948468	1.00027	0.974323	0.975319	0.990165	0.997521	0.989634	1.06034	1.03635	1.04828	1.0457	1.04163	1.04771	1.16451	1.06021	1.16612	1.06086	1.16946	1.06045	1.13955	1.11378	1.13242	1.11825	1.13878	1.11813	1.10671	1.11053	1.11071	1.13605	1.11042	1.11009	1.09042	1.09778	1.09111	1.09071	1.07872	1.0861	1.0843	1.08383	1.08247	1.09967	1.09639	1.09904	0.96451	0.978681	0.95979	0.960496	0.979766	0.960535	1.08701	1.08616	1.07597	1.08021	1.07773	1.08546
ERR612641	0.775796	0.754027	0.762985	0.764791	0	0.749667	0.972248	0.971437	0.955136	0.970793	0.955552	0.962247	0.947124	0.963193	0.943152	0.963458	0.943316	0.942014	0.928931	0.928466	0.941808	0.927859	0.934419	0.934846	0.904257	0.906897	0.8868	0.924545	0.893345	0.900911	0.964273	0.945172	0.964446	0.938337	0.941973	0.968162	0.950617	0.94936	0.949269	0.949766	0.954755	0.946374	0.998128	0.972205	0.97313	0.988358	0.995297	0.987646	1.05991	1.03539	1.0481	1.04497	1.04067	1.04711	1.16514	1.05938	1.16653	1.06031	1.1699	1.05988	1.13957	1.11321	1.13276	1.11767	1.13882	1.11761	1.1053	1.10897	1.10931	1.13451	1.10903	1.10883	1.08886	1.09627	1.08981	1.08921	1.07708	1.08447	1.08289	1.08226	1.08086	1.09815	1.09481	1.09765	0.961997	0.97607	0.957586	0.958293	0.977769	0.958276	1.08506	1.08412	1.07415	1.07812	1.07614	1.08364
ERR612637	0.759676	0.730306	0.750622	0.752815	0.749667	0	0.947274	0.945997	0.928184	0.945313	0.928024	0.936181	0.921034	0.939319	0.916695	0.939851	0.916754	0.914987	0.900213	0.89972	0.91524	0.899031	0.906132	0.906621	0.888209	0.89153	0.866349	0.91437	0.875295	0.88482	0.953611	0.929294	0.954417	0.919002	0.924539	0.959019	0.924908	0.923562	0.92308	0.923531	0.929195	0.91915	0.976747	0.947171	0.948198	0.964832	0.973068	0.964598	1.05455	1.02342	1.03871	1.03592	1.03008	1.03782	1.14925	1.0421	1.15099	1.04278	1.15528	1.04234	1.12218	1.09505	1.11393	1.09994	1.12118	1.09993	1.08596	1.09012	1.09062	1.11857	1.09043	1.09024	1.06882	1.07732	1.06977	1.06932	1.05602	1.06391	1.06323	1.06273	1.06128	1.07985	1.07635	1.07939	0.936157	0.952268	0.931023	0.931909	0.954295	0.931767	1.06555	1.06464	1.05309	1.05777	1.05529	1.06402
ERR608374	0.983223	0.955688	0.970778	0.974436	0.972248	0.947274	0	0.812446	0.797096	0.811436	0.795382	0.804282	0.867225	0.885432	0.86318	0.885202	0.862316	0.86141	0.91643	0.915548	0.930447	0.915189	0.921738	0.922195	0.928674	0.931401	0.900581	0.963225	0.913093	0.924333	1.05842	1.02367	1.0572	1.00765	1.01629	1.06559	0.897116	0.895363	0.893975	0.895561	0.900448	0.891135	0.94234	0.909986	0.911343	0.928615	0.93782	0.928133	1.13478	1.0906	1.11151	1.10826	1.09876	1.10919	1.12724	1.04736	1.12892	1.04642	1.13431	1.04612	1.12615	1.10724	1.11764	1.11138	1.12499	1.11199	1.07523	1.07952	1.08023	1.11006	1.08005	1.07933	1.05556	1.0642	1.05649	1.05625	1.043	1.05074	1.06387	1.06364	1.06217	1.08072	1.07746	1.08055	0.919514	0.936117	0.915122	0.915615	0.93817	0.91588	1.05756	1.05689	1.04465	1.04912	1.04656	1.05653
ERR608375	0.982684	0.955223	0.970154	0.973787	0.971437	0.945997	0.812446	0	0.794969	0.807955	0.792147	0.802368	0.866534	0.885753	0.862448	0.88516	0.861405	0.861395	0.915288	0.914885	0.929774	0.914472	0.920936	0.921062	0.927978	0.930941	0.899875	0.963751	0.912645	0.924469	1.05691	1.02203	1.05597	1.00488	1.0139	1.06422	0.896324	0.894078	0.892803	0.893906	0.899434	0.889657	0.942483	0.908008	0.909478	0.92676	0.937086	0.926411	1.13389	1.08944	1.11003	1.10759	1.09818	1.10799	1.12006	1.04648	1.12184	1.04559	1.1277	1.04482	1.12176	1.10373	1.11235	1.10832	1.12066	1.10869	1.07359	1.0785	1.07856	1.10993	1.0787	1.07791	1.05354	1.06325	1.05456	1.05444	1.0415	1.04931	1.06263	1.06205	1.06066	1.07936	1.07638	1.07951	0.918157	0.935075	0.913545	0.913938	0.936802	0.913952	1.05717	1.05663	1.04286	1.04809	1.04525	1.05619
ERR608373	0.966643	0.936163	0.953961	0.957813	0.955136	0.928184	0.797096	0.794969	0	0.794099	0.768248	0.778348	0.844741	0.865091	0.838944	0.865282	0.838568	0.836917	0.893845	0.893	0.910548	0.892443	0.900557	0.90194	0.910852	0.914359	0.878665	0.946488	0.891872	0.904759	1.04783	1.0116	1.04681	0.995216	1.00365	1.05526	0.876653	0.875889	0.874097	0.875711	0.881272	0.870915	0.921756	0.890456	0.892223	0.91093	0.919459	0.910231	1.11731	1.07095	1.09385	1.08937	1.07921	1.09122	1.12632	1.02996	1.12788	1.0298	1.13344	1.02913	1.11989	1.09511	1.11175	1.09958	1.11912	1.10003	1.05574	1.06054	1.06099	1.09105	1.06049	1.06008	1.03936	1.04756	1.03985	1.03952	1.02486	1.03327	1.04225	1.04189	1.0404	1.06053	1.05675	1.05942	0.899111	0.917101	0.892963	0.893774	0.919253	0.894032	1.03687	1.03596	1.0245	1.0283	1.02654	1.03507
ERR608376	0.982294	0.954674	0.969446	0.972943	0.970793	0.945313	0.811436	0.807955	0.794099	0	0.791296	0.801349	0.866012	0.885151	0.861892	0.884839	0.860938	0.860552	0.915052	0.914581	0.929664	0.914034	0.921117	0.920581	0.927268	0.930238	0.89923	0.963399	0.912295	0.923915	1.05602	1.02099	1.05502	1.00367	1.01301	1.06348	0.895566	0.893076	0.891974	0.893085	0.898826	0.889121	0.942038	0.907149	0.908289	0.925944	0.93629	0.92585	1.13359	1.08895	1.10968	1.10707	1.09768	1.10717	1.11916	1.04635	1.12107	1.04563	1.12688	1.04445	1.1206	1.10321	1.11114	1.10754	1.11962	1.108	1.07281	1.07782	1.07827	1.10952	1.07806	1.07739	1.05334	1.06341	1.05416	1.05418	1.04104	1.04897	1.06213	1.06149	1.06023	1.07884	1.07573	1.07882	0.917779	0.934728	0.912857	0.913078	0.93633	0.913058	1.05725	1.05601	1.04239	1.04769	1.04442	1.05559
ERR608372	0.967474	0.937488	0.954413	0.958021	0.955552	0.928024	0.795382	0.792147	0.768248	0.791296	0	0.778104	0.845922	0.867301	0.841094	0.867446	0.840189	0.839297	0.89667	0.895957	0.913025	0.895579	0.903063	0.903747	0.910726	0.914183	0.879435	0.94836	0.893243	0.906049	1.04561	1.00847	1.04478	0.990649	1.00007	1.05343	0.878012	0.876116	0.874615	0.875974	0.882083	0.870966	0.924219	0.889617	0.890983	0.910114	0.919572	0.909793	1.11995	1.07284	1.09544	1.09194	1.08212	1.09303	1.11499	1.03178	1.11669	1.03106	1.12283	1.03021	1.11152	1.09009	1.10243	1.09506	1.11036	1.09528	1.05702	1.06222	1.06257	1.09462	1.0621	1.06178	1.03991	1.04954	1.04067	1.04064	1.02603	1.03461	1.04478	1.04428	1.04297	1.06273	1.05927	1.06258	0.900339	0.918673	0.894424	0.894977	0.92053	0.89522	1.03968	1.03895	1.02557	1.03049	1.02755	1.0382
ERR608371	0.973549	0.944234	0.961048	0.964943	0.962247	0.936181	0.804282	0.802368	0.778348	0.801349	0.778104	0	0.853114	0.872413	0.848277	0.872804	0.847256	0.846428	0.902993	0.902524	0.918617	0.90202	0.909059	0.910573	0.917688	0.920856	0.88708	0.952786	0.899543	0.91227	1.05187	1.01644	1.05088	1.00017	1.0088	1.05901	0.884394	0.88363	0.882006	0.88327	0.888306	0.878993	0.929443	0.898211	0.899595	0.918232	0.926518	0.91758	1.12474	1.07912	1.10151	1.09744	1.08757	1.09902	1.12735	1.03746	1.12894	1.03668	1.1343	1.03607	1.12387	1.10112	1.11566	1.10536	1.12277	1.106	1.06407	1.06869	1.06903	1.09909	1.06879	1.06814	1.04567	1.05402	1.04632	1.04626	1.0322	1.04048	1.05175	1.05141	1.05003	1.06933	1.06563	1.06866	0.906907	0.924265	0.901575	0.902327	0.926285	0.902293	1.04546	1.04476	1.0329	1.03688	1.03478	1.0437
ERR629704	0.958735	0.928072	0.946578	0.949896	0.947124	0.921034	0.867225	0.866534	0.844741	0.866012	0.845922	0.853114	0	0.792462	0.765267	0.792825	0.764779	0.762311	0.880754	0.880188	0.895859	0.879491	0.886633	0.888443	0.912719	0.916091	0.880657	0.947799	0.893454	0.906421	1.02744	0.991478	1.02693	0.976852	0.984297	1.03453	0.859258	0.859385	0.857371	0.859011	0.864195	0.854183	0.917604	0.88837	0.890197	0.909253	0.915735	0.907882	1.12444	1.07953	1.10208	1.09739	1.08784	1.0996	1.14797	1.0342	1.14948	1.03409	1.15374	1.03385	1.13262	1.10368	1.12572	1.10788	1.13188	1.1083	1.06926	1.07366	1.07372	1.10129	1.07304	1.07295	1.04464	1.05177	1.04543	1.04507	1.03059	1.03892	1.05091	1.05072	1.04926	1.06814	1.0642	1.06719	0.885128	0.902082	0.878772	0.880028	0.904331	0.879921	1.04644	1.04561	1.03506	1.03827	1.03687	1.04446
ERR629705	0.973901	0.944962	0.962496	0.965797	0.963193	0.939319	0.885432	0.885753	0.865091	0.885151	0.867301	0.872413	0.792462	0	0.789811	0.812513	0.789231	0.78697	0.89953	0.898627	0.912822	0.898139	0.904397	0.906443	0.930275	0.933814	0.900936	0.961824	0.911861	0.923342	1.04071	1.00765	1.04025	0.995483	1.00148	1.04704	0.877482	0.877714	0.876365	0.877908	0.8818	0.874102	0.93341	0.908979	0.910319	0.927656	0.933061	0.926407	1.13632	1.09414	1.11566	1.11058	1.10113	1.11353	1.16208	1.04818	1.16345	1.04839	1.16747	1.04817	1.14899	1.11986	1.14301	1.12377	1.14829	1.12416	1.08431	1.08818	1.08804	1.11301	1.08762	1.08752	1.05923	1.06529	1.06034	1.05977	1.04631	1.05384	1.06641	1.06629	1.06514	1.08269	1.07917	1.08173	0.904123	0.918395	0.89813	0.899545	0.920555	0.899244	1.06112	1.06013	1.05148	1.05366	1.05287	1.05886
ERR629708	0.955067	0.923578	0.94283	0.946049	0.943152	0.916695	0.86318	0.862448	0.838944	0.861892	0.841094	0.848277	0.765267	0.789811	0	0.790743	0.755472	0.755975	0.875952	0.87547	0.892167	0.874711	0.882303	0.884428	0.90837	0.912358	0.875863	0.944052	0.888895	0.901749	1.02535	0.988585	1.02492	0.974045	0.981282	1.03235	0.854661	0.854604	0.853411	0.854732	0.860442	0.850077	0.912298	0.883474	0.884917	0.904456	0.911075	0.902999	1.11999	1.0742	1.09732	1.09242	1.08271	1.09472	1.14726	1.02982	1.14857	1.02996	1.15312	1.02957	1.13093	1.10101	1.12389	1.10519	1.13027	1.10571	1.06478	1.06884	1.069	1.09653	1.06844	1.06824	1.04045	1.04772	1.04137	1.04088	1.02588	1.03445	1.04527	1.04495	1.04375	1.06295	1.0588	1.06166	0.880922	0.898011	0.874024	0.875043	0.900093	0.875013	1.04131	1.04037	1.03026	1.03322	1.03193	1.03911
ERR629706	0.974616	0.945988	0.963401	0.966271	0.963458	0.939851	0.885202	0.88516	0.865282	0.884839	0.867446	0.872804	0.792825	0.812513	0.790743	0	0.789765	0.787714	0.900816	0.900209	0.914201	0.900012	0.905793	0.907784	0.930289	0.933842	0.900988	0.962322	0.912407	0.92387	1.04019	1.00723	1.03966	0.994521	1.00055	1.04633	0.877821	0.878064	0.876074	0.87767	0.881873	0.874362	0.9347	0.908127	0.909909	0.927605	0.933357	0.926444	1.13761	1.09515	1.11681	1.11185	1.10286	1.11442	1.1605	1.04929	1.1618	1.04929	1.16575	1.04923	1.14778	1.11955	1.14128	1.12332	1.14691	1.12389	1.0855	1.08928	1.08935	1.11488	1.08855	1.0888	1.05983	1.06644	1.06079	1.06068	1.0473	1.05472	1.0678	1.06754	1.06605	1.08422	1.08015	1.0831	0.904736	0.919204	0.899038	0.900444	0.921408	0.900282	1.06282	1.06219	1.05257	1.05566	1.05428	1.06098
ERR629707	0.955528	0.923692	0.942948	0.945985	0.943316	0.916754	0.862316	0.861405	0.838568	0.860938	0.840189	0.847256	0.764779	0.789231	0.755472	0.789765	0	0.755176	0.875705	0.87499	0.891673	0.874394	0.882125	0.884174	0.907618	0.911559	0.874951	0.943494	0.888339	0.901314	1.02453	0.98774	1.02421	0.973269	0.980517	1.03156	0.854346	0.854338	0.852784	0.85404	0.859861	0.849463	0.912364	0.882813	0.884929	0.904249	0.910734	0.902981	1.12042	1.07474	1.09752	1.09281	1.0827	1.09505	1.14587	1.02961	1.14733	1.02981	1.15187	1.02936	1.12984	1.10013	1.12277	1.10442	1.1293	1.1053	1.06467	1.06861	1.06875	1.0967	1.06839	1.06822	1.04002	1.04748	1.04116	1.04098	1.02579	1.03419	1.04526	1.04494	1.04356	1.06293	1.05892	1.0618	0.880463	0.897751	0.873481	0.874809	0.900374	0.874782	1.04131	1.04029	1.03011	1.0332	1.03177	1.03925
ERR629709	0.95379	0.921777	0.941609	0.944746	0.942014	0.914987	0.86141	0.861395	0.836917	0.860552	0.839297	0.846428	0.762311	0.78697	0.755975	0.787714	0.755176	0	0.873632	0.873086	0.889956	0.872765	0.879849	0.882234	0.906745	0.910579	0.873669	0.942309	0.886573	0.900002	1.02451	0.987738	1.02376	0.973	0.980382	1.03179	0.853061	0.85319	0.851462	0.852953	0.858613	0.848278	0.91055	0.881362	0.883575	0.902992	0.909019	0.90195	1.11872	1.0729	1.09623	1.09122	1.08106	1.09353	1.14706	1.02824	1.14852	1.02822	1.15296	1.02801	1.13048	1.09979	1.12347	1.10403	1.12976	1.10446	1.06306	1.06744	1.06741	1.09543	1.06685	1.06681	1.03881	1.04622	1.04002	1.03942	1.02426	1.03303	1.04362	1.04349	1.04183	1.06153	1.05713	1.06019	0.879179	0.896465	0.872088	0.873261	0.898854	0.873429	1.03961	1.03877	1.02853	1.0315	1.03026	1.0375
ERR636946	0.940766	0.908488	0.928667	0.931494	0.928931	0.900213	0.91643	0.915288	0.893845	0.915052	0.89667	0.902993	0.880754	0.89953	0.875952	0.900816	0.875705	0.873632	0	0.738089	0.762741	0.737296	0.750642	0.753379	0.942166	0.94568	0.911353	0.974423	0.92334	0.935478	1.05068	1.01612	1.05088	1.00135	1.00849	1.05749	0.886791	0.886926	0.886631	0.886839	0.893132	0.88249	0.945452	0.918783	0.920713	0.93887	0.943476	0.93721	1.12878	1.08435	1.10744	1.10195	1.09193	1.10498	1.16436	1.04307	1.16568	1.04287	1.17027	1.0428	1.14517	1.1141	1.13798	1.11831	1.14434	1.11828	1.08074	1.08509	1.08531	1.11135	1.08485	1.08428	1.05671	1.06353	1.05756	1.05722	1.04276	1.05086	1.05696	1.05699	1.05542	1.07474	1.07044	1.07326	0.900895	0.91647	0.893965	0.895199	0.919678	0.895453	1.05852	1.05771	1.04837	1.05095	1.04984	1.05653
ERR636947	0.939924	0.907996	0.927743	0.93104	0.928466	0.89972	0.915548	0.914885	0.893	0.914581	0.895957	0.902524	0.880188	0.898627	0.87547	0.900209	0.87499	0.873086	0.738089	0	0.762539	0.736668	0.749979	0.753108	0.941871	0.94527	0.910829	0.974102	0.922654	0.935078	1.05071	1.01578	1.05083	1.00108	1.00808	1.05737	0.886456	0.886269	0.886274	0.886349	0.892605	0.881734	0.944961	0.918043	0.920501	0.938759	0.94267	0.937055	1.1281	1.08351	1.10697	1.10141	1.09143	1.10437	1.16396	1.04227	1.16526	1.04207	1.16987	1.04176	1.14527	1.11371	1.13771	1.11807	1.14421	1.11792	1.08016	1.08447	1.08463	1.11075	1.0839	1.0839	1.05608	1.06275	1.05675	1.05641	1.04181	1.04994	1.05635	1.05608	1.05454	1.07393	1.0698	1.07226	0.900496	0.916355	0.893462	0.894603	0.919149	0.894928	1.05779	1.05719	1.04759	1.05027	1.04917	1.05562
ERR636943	0.952767	0.92285	0.941474	0.944008	0.941808	0.91524	0.930447	0.929774	0.910548	0.929664	0.913025	0.918617	0.895859	0.912822	0.892167	0.914201	0.891673	0.889956	0.762741	0.762539	0	0.761957	0.768209	0.770329	0.955589	0.958581	0.927278	0.986181	0.938536	0.949625	1.05963	1.02643	1.05934	1.01292	1.01951	1.06595	0.900786	0.900294	0.900255	0.900665	0.90586	0.896632	0.960606	0.934793	0.937434	0.954224	0.95877	0.952669	1.14102	1.09846	1.1206	1.1155	1.10616	1.11815	1.17006	1.05564	1.17126	1.05555	1.17563	1.05522	1.15386	1.12462	1.14656	1.12863	1.15269	1.12873	1.09447	1.09837	1.09884	1.12421	1.0985	1.09783	1.06893	1.07558	1.06989	1.06935	1.05588	1.06363	1.07248	1.07223	1.07106	1.08887	1.0852	1.08797	0.916621	0.930869	0.911202	0.911845	0.933577	0.912066	1.07271	1.07198	1.06255	1.06543	1.06389	1.07057
ERR636948	0.939757	0.907293	0.9273	0.930279	0.927859	0.899031	0.915189	0.914472	0.892443	0.914034	0.895579	0.90202	0.879491	0.898139	0.874711	0.900012	0.874394	0.872765	0.737296	0.736668	0.761957	0	0.74919	0.752195	0.94115	0.944612	0.909964	0.973397	0.922209	0.934277	1.04966	1.01452	1.04974	0.999724	1.00693	1.05646	0.885734	0.885515	0.885701	0.885428	0.891439	0.880978	0.944296	0.91716	0.919305	0.937651	0.942434	0.936114	1.12816	1.0831	1.10634	1.10119	1.09135	1.10402	1.1632	1.04201	1.16463	1.04178	1.16907	1.04134	1.14435	1.11293	1.13695	1.11723	1.14351	1.11729	1.07962	1.08397	1.08427	1.11038	1.08383	1.08335	1.05578	1.06235	1.05652	1.05618	1.04146	1.04976	1.05619	1.0559	1.05424	1.0734	1.06945	1.07222	0.899309	0.915519	0.892596	0.893805	0.918133	0.89385	1.05781	1.05686	1.04728	1.04988	1.04886	1.05556
ERR636945	0.945419	0.914302	0.933555	0.936388	0.934419	0.906132	0.921738	0.920936	0.900557	0.921117	0.903063	0.909059	0.886633	0.904397	0.882303	0.905793	0.882125	0.879849	0.750642	0.749979	0.768209	0.74919	0	0.759682	0.947503	0.95069	0.917794	0.979276	0.928961	0.941118	1.05441	1.02018	1.0546	1.00649	1.01297	1.06096	0.892042	0.891938	0.891695	0.892002	0.897899	0.887654	0.951649	0.9254	0.927978	0.945189	0.949847	0.944015	1.13383	1.08993	1.11261	1.10743	1.09782	1.11026	1.16653	1.04797	1.16761	1.04764	1.17236	1.04746	1.14835	1.11765	1.14097	1.12205	1.14754	1.12196	1.0866	1.09068	1.09096	1.11655	1.09032	1.09004	1.06129	1.0678	1.06199	1.06149	1.0475	1.05547	1.06345	1.06319	1.06158	1.08052	1.07631	1.07895	0.906735	0.921942	0.900586	0.901567	0.924673	0.90181	1.06385	1.06293	1.05364	1.05652	1.05514	1.0619
ERR636944	0.946397	0.915473	0.934068	0.936971	0.934846	0.906621	0.922195	0.921062	0.90194	0.920581	0.903747	0.910573	0.888443	0.906443	0.884428	0.907784	0.884174	0.882234	0.753379	0.753108	0.770329	0.752195	0.759682	0	0.94829	0.951413	0.9194	0.981333	0.931198	0.943096	1.05346	1.01882	1.05332	1.00376	1.01133	1.06049	0.893327	0.892655	0.892385	0.892665	0.898671	0.888083	0.954439	0.925422	0.928086	0.945222	0.950908	0.943874	1.13585	1.09179	1.11363	1.10928	1.0999	1.11141	1.16112	1.04903	1.16259	1.04879	1.16722	1.04838	1.1438	1.11514	1.13582	1.1195	1.14295	1.11971	1.08746	1.09169	1.09209	1.11888	1.09179	1.09118	1.06198	1.06968	1.06282	1.06254	1.04884	1.05672	1.065	1.06477	1.06329	1.08207	1.07844	1.08116	0.908503	0.923778	0.902438	0.903094	0.926239	0.903522	1.06649	1.06558	1.05498	1.05835	1.05685	1.06443
ERR613447	0.911324	0.892403	0.90323	0.905213	0.904257	0.888209	0.928674	0.927978	0.910852	0.927268	0.910726	0.917688	0.912719	0.930275	0.90837	0.930289	0.907618	0.906745	0.942166	0.941871	0.955589	0.94115	0.947503	0.94829	0	0.792191	0.771735	0.817943	0.780356	0.789786	0.940426	0.919565	0.939877	0.912048	0.915843	0.945177	0.935643	0.934178	0.933473	0.933558	0.938479	0.929953	0.957477	0.931023	0.932148	0.948318	0.956157	0.948043	1.04813	1.02217	1.0349	1.03233	1.02772	1.03398	1.16346	1.04751	1.16484	1.04843	1.16856	1.04785	1.13651	1.10578	1.12924	1.11033	1.13566	1.11055	1.09755	1.10147	1.10151	1.1287	1.10135	1.10106	1.07652	1.08406	1.07759	1.07728	1.06484	1.07192	1.07376	1.0736	1.07215	1.08987	1.08637	1.08909	0.944292	0.959595	0.938843	0.940228	0.961567	0.940025	1.07508	1.07418	1.06331	1.06777	1.06546	1.07359
ERR613446	0.91372	0.895958	0.906168	0.908213	0.906897	0.89153	0.931401	0.930941	0.914359	0.930238	0.914183	0.920856	0.916091	0.933814	0.912358	0.933842	0.911559	0.910579	0.94568	0.94527	0.958581	0.944612	0.95069	0.951413	0.792191	0	0.776086	0.820085	0.7843	0.792799	0.941958	0.922148	0.941962	0.914853	0.91857	0.946794	0.938984	0.937718	0.936817	0.937227	0.942441	0.933492	0.961111	0.93443	0.935522	0.95205	0.959327	0.951087	1.0494	1.02443	1.03622	1.03453	1.02974	1.03582	1.16486	1.05012	1.16623	1.05087	1.17005	1.05057	1.13876	1.10849	1.1313	1.11292	1.13768	1.11314	1.10047	1.10408	1.10426	1.1313	1.10431	1.1039	1.07986	1.08742	1.08083	1.08057	1.0681	1.07528	1.07724	1.07653	1.07501	1.09279	1.08962	1.09201	0.948411	0.963675	0.943459	0.944556	0.965388	0.94472	1.07867	1.07775	1.06695	1.0712	1.06881	1.07714
ERR613443	0.895492	0.87126	0.886111	0.888613	0.8868	0.866349	0.900581	0.899875	0.878665	0.89923	0.879435	0.88708	0.880657	0.900936	0.875863	0.900988	0.874951	0.873669	0.911353	0.910829	0.927278	0.909964	0.917794	0.9194	0.771735	0.776086	0	0.805352	0.751906	0.763455	0.932949	0.906865	0.932909	0.897013	0.901587	0.938517	0.907317	0.906389	0.904809	0.905404	0.91097	0.901212	0.932522	0.904745	0.905837	0.924628	0.931181	0.923487	1.03952	1.00689	1.02374	1.01957	1.01319	1.02212	1.15559	1.02799	1.15726	1.02892	1.16152	1.02847	1.12598	1.09096	1.1184	1.09563	1.12464	1.0958	1.07555	1.07955	1.07952	1.10811	1.07961	1.07927	1.05468	1.06241	1.05586	1.05555	1.04144	1.04928	1.05084	1.05038	1.04872	1.06819	1.06415	1.0671	0.915483	0.932809	0.909304	0.910983	0.934926	0.910485	1.05185	1.05079	1.04003	1.04397	1.04189	1.05021
ERR613448	0.929715	0.91533	0.924268	0.926168	0.924545	0.91437	0.963225	0.963751	0.946488	0.963399	0.94836	0.952786	0.947799	0.961824	0.944052	0.962322	0.943494	0.942309	0.974423	0.974102	0.986181	0.973397	0.979276	0.981333	0.817943	0.820085	0.805352	0	0.809549	0.816007	0.955301	0.942585	0.955487	0.940394	0.941333	0.958009	0.96885	0.969039	0.96774	0.968544	0.971838	0.965469	0.983005	0.964721	0.965411	0.980266	0.984631	0.978425	1.05281	1.03587	1.04615	1.04253	1.03913	1.04558	1.19237	1.06928	1.19364	1.07093	1.19627	1.07074	1.16898	1.13627	1.16365	1.14001	1.16846	1.14003	1.1217	1.1244	1.12487	1.14658	1.1244	1.12408	1.10284	1.10799	1.10362	1.10319	1.09177	1.09802	1.09741	1.09712	1.0956	1.11208	1.10849	1.11056	0.978715	0.990774	0.97341	0.974998	0.993029	0.974476	1.09866	1.09793	1.09049	1.09302	1.09198	1.09685
ERR613445	0.901433	0.878832	0.892812	0.895245	0.893345	0.875295	0.913093	0.912645	0.891872	0.912295	0.893243	0.899543	0.893454	0.911861	0.888895	0.912407	0.888339	0.886573	0.92334	0.922654	0.938536	0.922209	0.928961	0.931198	0.780356	0.7843	0.751906	0.809549	0	0.772047	0.937795	0.914298	0.938022	0.907422	0.910651	0.942593	0.918864	0.918496	0.917049	0.918319	0.922479	0.913905	0.941055	0.916713	0.917824	0.93559	0.941525	0.934477	1.04161	1.01238	1.02816	1.02362	1.01765	1.02655	1.16655	1.03599	1.1681	1.03716	1.17177	1.03684	1.13708	1.10115	1.13056	1.10557	1.13607	1.10567	1.085	1.08854	1.08857	1.11485	1.08828	1.08803	1.06382	1.07008	1.06462	1.06455	1.05079	1.05802	1.05959	1.05947	1.05781	1.07652	1.07238	1.07528	0.927071	0.942498	0.920555	0.922535	0.945074	0.922355	1.05988	1.059	1.04963	1.05277	1.05131	1.0579
ERR613444	0.907732	0.887643	0.90016	0.902624	0.900911	0.88482	0.924333	0.924469	0.904759	0.923915	0.906049	0.91227	0.906421	0.923342	0.901749	0.92387	0.901314	0.900002	0.935478	0.935078	0.949625	0.934277	0.941118	0.943096	0.789786	0.792799	0.763455	0.816007	0.772047	0	0.941933	0.921392	0.942297	0.915346	0.917637	0.946581	0.930276	0.929682	0.928649	0.929299	0.933393	0.925395	0.95231	0.928622	0.929735	0.946265	0.952109	0.945398	1.04501	1.01861	1.033	1.02865	1.02352	1.03193	1.17275	1.04387	1.1741	1.04523	1.17765	1.04521	1.14562	1.11072	1.1392	1.11467	1.14447	1.11491	1.09455	1.09794	1.09803	1.12354	1.09774	1.09777	1.07346	1.07933	1.07429	1.07335	1.06079	1.06802	1.06977	1.06935	1.06772	1.08595	1.08201	1.08458	0.939645	0.954076	0.933393	0.935043	0.9561	0.93484	1.06994	1.0691	1.06	1.06327	1.06189	1.06802
ERR613219	0.96912	0.959015	0.963511	0.963819	0.964273	0.953611	1.05842	1.05691	1.04783	1.05602	1.04561	1.05187	1.02744	1.04071	1.02535	1.04019	1.02453	1.02451	1.05068	1.05071	1.05963	1.04966	1.05441	1.05346	0.940426	0.941958	0.932949	0.955301	0.937795	0.941933	0	0.773888	0.787975	0.771174	0.771974	0.791208	1.0355	1.03401	1.03269	1.03307	1.03812	1.02981	1.05644	1.03288	1.032	1.04349	1.05217	1.0433	1.06863	1.05351	1.06063	1.06041	1.05809	1.06061	1.18812	1.11887	1.18945	1.11833	1.19346	1.11717	1.16527	1.15135	1.15774	1.15546	1.16427	1.15532	1.14768	1.15076	1.15116	1.17464	1.15133	1.15094	1.13687	1.14594	1.13781	1.13786	1.12732	1.134	1.12494	1.12425	1.1228	1.13674	1.13461	1.13703	1.00235	1.0148	0.998106	0.997818	1.01496	0.998394	1.13416	1.13362	1.12252	1.12773	1.12435	1.13365
ERR613217	0.952609	0.937135	0.944635	0.945497	0.945172	0.929294	1.02367	1.02203	1.0116	1.02099	1.00847	1.01644	0.991478	1.00765	0.988585	1.00723	0.98774	0.987738	1.01612	1.01578	1.02643	1.01452	1.02018	1.01882	0.919565	0.922148	0.906865	0.942585	0.914298	0.921392	0.773888	0	0.775776	0.732807	0.737646	0.781577	1.0001	0.998205	0.996719	0.997261	1.0032	0.993112	1.02772	0.998212	0.997496	1.0111	1.02159	1.01129	1.06247	1.03791	1.04876	1.04828	1.04437	1.04776	1.16295	1.09273	1.16417	1.09188	1.16922	1.09059	1.13677	1.12279	1.12823	1.12746	1.13606	1.12774	1.11981	1.12373	1.12404	1.15199	1.12453	1.12397	1.10724	1.11797	1.10848	1.1084	1.09652	1.10383	1.09688	1.09616	1.09465	1.11027	1.10816	1.11075	0.964591	0.980498	0.959841	0.959551	0.980789	0.960264	1.10557	1.10501	1.09175	1.09797	1.0939	1.10532
ERR613220	0.969887	0.959493	0.964368	0.964426	0.964446	0.954417	1.0572	1.05597	1.04681	1.05502	1.04478	1.05088	1.02693	1.04025	1.02492	1.03966	1.02421	1.02376	1.05088	1.05083	1.05934	1.04974	1.0546	1.05332	0.939877	0.941962	0.932909	0.955487	0.938022	0.942297	0.787975	0.775776	0	0.772016	0.773306	0.792451	1.03502	1.03346	1.03245	1.03285	1.03778	1.02951	1.05618	1.03187	1.03112	1.04257	1.05173	1.04271	1.06911	1.05379	1.06066	1.06086	1.05882	1.06057	1.18698	1.11855	1.18798	1.11806	1.19214	1.11694	1.16378	1.15029	1.15618	1.15469	1.16273	1.15454	1.14762	1.15075	1.15132	1.175	1.15136	1.15083	1.13657	1.1459	1.13773	1.13765	1.12729	1.1338	1.12476	1.12411	1.1225	1.1365	1.13438	1.13708	1.00181	1.01468	0.998168	0.997699	1.0147	0.998246	1.13477	1.1341	1.12284	1.12828	1.12445	1.13415
ERR613215	0.946694	0.929067	0.937104	0.938145	0.938337	0.919002	1.00765	1.00488	0.995216	1.00367	0.990649	1.00017	0.976852	0.995483	0.974045	0.994521	0.973269	0.973	1.00135	1.00108	1.01292	0.999724	1.00649	1.00376	0.912048	0.914853	0.897013	0.940394	0.907422	0.915346	0.771174	0.732807	0.772016	0	0.724263	0.780223	0.985516	0.98252	0.981262	0.981456	0.988843	0.977128	1.01756	0.982061	0.981384	0.996125	1.0091	0.99671	1.06136	1.03189	1.04384	1.045	1.04004	1.04309	1.14241	1.08186	1.14391	1.08019	1.14968	1.07842	1.11693	1.10634	1.10624	1.11157	1.11592	1.1118	1.10644	1.1113	1.11165	1.14294	1.11212	1.11159	1.09321	1.10624	1.09474	1.09445	1.08227	1.09039	1.08437	1.0837	1.08193	1.09857	1.09652	1.09999	0.948629	0.966888	0.943621	0.942824	0.966274	0.943883	1.09464	1.0939	1.07797	1.08577	1.08037	1.09452
ERR613216	0.949375	0.932947	0.940835	0.941728	0.941973	0.924539	1.01629	1.0139	1.00365	1.01301	1.00007	1.0088	0.984297	1.00148	0.981282	1.00055	0.980517	0.980382	1.00849	1.00808	1.01951	1.00693	1.01297	1.01133	0.915843	0.91857	0.901587	0.941333	0.910651	0.917637	0.771974	0.737646	0.773306	0.724263	0	0.780067	0.992583	0.990497	0.988969	0.989275	0.996167	0.985104	1.02243	0.990814	0.990315	1.00422	1.01547	1.00463	1.06119	1.03418	1.04602	1.04606	1.04147	1.0451	1.1559	1.08753	1.15726	1.08653	1.16255	1.08508	1.12975	1.1163	1.12029	1.12118	1.12851	1.12131	1.11346	1.11753	1.11792	1.14705	1.11836	1.11772	1.10051	1.1122	1.1017	1.10177	1.08938	1.09732	1.09057	1.08974	1.0883	1.10435	1.10214	1.10526	0.956634	0.973078	0.951453	0.950973	0.973342	0.951715	1.09978	1.09907	1.08502	1.09175	1.0872	1.09945
ERR613218	0.972724	0.96351	0.967761	0.967973	0.968162	0.959019	1.06559	1.06422	1.05526	1.06348	1.05343	1.05901	1.03453	1.04704	1.03235	1.04633	1.03156	1.03179	1.05749	1.05737	1.06595	1.05646	1.06096	1.06049	0.945177	0.946794	0.938517	0.958009	0.942593	0.946581	0.791208	0.781577	0.792451	0.780223	0.780067	0	1.04268	1.04129	1.0401	1.04072	1.04503	1.03776	1.06264	1.04073	1.03968	1.05087	1.05889	1.05077	1.0695	1.05636	1.063	1.06251	1.06046	1.06278	1.19559	1.12332	1.19666	1.12288	1.2004	1.12184	1.1728	1.15801	1.16602	1.16202	1.17205	1.16172	1.1529	1.15565	1.15613	1.17819	1.15622	1.15593	1.14198	1.15063	1.14302	1.14297	1.13288	1.13913	1.12995	1.12918	1.12786	1.14148	1.13909	1.14151	1.00932	1.02117	1.00544	1.0048	1.02169	1.00546	1.13931	1.13859	1.12832	1.13331	1.13013	1.13857
ERR637113	0.962388	0.932925	0.950257	0.953265	0.950617	0.924908	0.897116	0.896324	0.876653	0.895566	0.878012	0.884394	0.859258	0.877482	0.854661	0.877821	0.854346	0.853061	0.886791	0.886456	0.900786	0.885734	0.892042	0.893327	0.935643	0.938984	0.907317	0.96885	0.918864	0.930276	1.0355	1.0001	1.03502	0.985516	0.992583	1.04268	0	0.777903	0.776778	0.77678	0.781736	0.769892	0.943575	0.914843	0.916088	0.9341	0.940232	0.932528	1.10711	1.06211	1.08374	1.08038	1.07105	1.0814	1.13687	1.02254	1.13827	1.02161	1.1425	1.02159	1.11387	1.08316	1.10685	1.08702	1.11293	1.08754	1.05713	1.06134	1.06132	1.08999	1.06129	1.06085	1.02054	1.02869	1.02183	1.02126	1.00864	1.01591	1.03543	1.03491	1.0334	1.05264	1.04882	1.05202	0.8862	0.901592	0.880013	0.880971	0.903251	0.881157	1.0256	1.02541	1.01406	1.01748	1.0161	1.02427
ERR637116	0.961595	0.931961	0.949127	0.951805	0.94936	0.923562	0.895363	0.894078	0.875889	0.893076	0.876116	0.88363	0.859385	0.877714	0.854604	0.878064	0.854338	0.85319	0.886926	0.886269	0.900294	0.885515	0.891938	0.892655	0.934178	0.937718	0.906389	0.969039	0.918496	0.929682	1.03401	0.998205	1.03346	0.98252	0.990497	1.04129	0.777903	0	0.7719	0.771965	0.783098	0.770479	0.944049	0.912558	0.913594	0.932356	0.939719	0.931004	1.10765	1.06259	1.08322	1.08065	1.0715	1.08106	1.12992	1.02188	1.13151	1.02114	1.13609	1.02038	1.10815	1.0792	1.10052	1.08335	1.10715	1.08367	1.05673	1.0613	1.06132	1.09136	1.0615	1.06071	1.01996	1.02919	1.02122	1.02066	1.00806	1.01568	1.03507	1.03489	1.03347	1.0526	1.04911	1.05235	0.886533	0.902311	0.880885	0.881522	0.903874	0.881937	1.02713	1.0264	1.0137	1.018	1.0159	1.02572
ERR637115	0.961018	0.931463	0.948889	0.95147	0.949269	0.92308	0.893975	0.892803	0.874097	0.891974	0.874615	0.882006	0.857371	0.876365	0.853411	0.876074	0.852784	0.851462	0.886631	0.886274	0.900255	0.885701	0.891695	0.892385	0.933473	0.936817	0.904809	0.96774	0.917049	0.928649	1.03269	0.996719	1.03245	0.981262	0.988969	1.0401	0.776778	0.7719	0	0.770655	0.782361	0.769444	0.94272	0.911668	0.912695	0.930847	0.938443	0.929782	1.10642	1.0613	1.08251	1.07954	1.07047	1.08	1.13046	1.02071	1.13179	1.02013	1.13675	1.01932	1.10822	1.07886	1.1008	1.08296	1.10751	1.08314	1.05551	1.05958	1.05992	1.08989	1.06006	1.05941	1.01904	1.02798	1.0205	1.01972	1.00709	1.01459	1.0337	1.03355	1.032	1.05135	1.04769	1.05105	0.88458	0.90057	0.878655	0.879092	0.902096	0.879999	1.02559	1.0252	1.01266	1.01679	1.01456	1.02466
ERR637114	0.96157	0.932002	0.949298	0.951799	0.949766	0.923531	0.895561	0.893906	0.875711	0.893085	0.875974	0.88327	0.859011	0.877908	0.854732	0.87767	0.85404	0.852953	0.886839	0.886349	0.900665	0.885428	0.892002	0.892665	0.933558	0.937227	0.905404	0.968544	0.918319	0.929299	1.03307	0.997261	1.03285	0.981456	0.989275	1.04072	0.77678	0.771965	0.770655	0	0.782408	0.769419	0.943616	0.912155	0.913288	0.931492	0.939231	0.930608	1.10632	1.0608	1.08199	1.07914	1.06996	1.07953	1.12942	1.02047	1.13121	1.01985	1.13601	1.01917	1.10757	1.07843	1.09987	1.08259	1.10664	1.0828	1.05497	1.05946	1.05949	1.08978	1.05976	1.05895	1.01816	1.02739	1.01969	1.01912	1.00629	1.01407	1.03348	1.03307	1.03143	1.05109	1.04745	1.05064	0.884963	0.901043	0.879045	0.879598	0.902316	0.880216	1.02515	1.02483	1.01206	1.01641	1.01419	1.02403
ERR637111	0.966085	0.937196	0.95418	0.957311	0.954755	0.929195	0.900448	0.899434	0.881272	0.898826	0.882083	0.888306	0.864195	0.8818	0.860442	0.881873	0.859861	0.858613	0.893132	0.892605	0.90586	0.891439	0.897899	0.898671	0.938479	0.942441	0.91097	0.971838	0.922479	0.933393	1.03812	1.0032	1.03778	0.988843	0.996167	1.04503	0.781736	0.783098	0.782361	0.782408	0	0.775302	0.94694	0.918445	0.919621	0.93723	0.943873	0.93611	1.11052	1.06631	1.08718	1.08416	1.07504	1.08511	1.13877	1.02632	1.14007	1.02552	1.14453	1.02522	1.11652	1.0864	1.10968	1.09068	1.11561	1.09059	1.06132	1.06538	1.06559	1.09387	1.06523	1.06494	1.02436	1.03191	1.02546	1.02475	1.01247	1.01974	1.03994	1.03948	1.03796	1.05685	1.05324	1.05623	0.890611	0.905307	0.884533	0.885502	0.907169	0.885852	1.02998	1.02973	1.01807	1.02179	1.01983	1.02859
ERR637112	0.958228	0.928312	0.945605	0.948468	0.946374	0.91915	0.891135	0.889657	0.870915	0.889121	0.870966	0.878993	0.854183	0.874102	0.850077	0.874362	0.849463	0.848278	0.88249	0.881734	0.896632	0.880978	0.887654	0.888083	0.929953	0.933492	0.901212	0.965469	0.913905	0.925395	1.02981	0.993112	1.02951	0.977128	0.985104	1.03776	0.769892	0.770479	0.769444	0.769419	0.775302	0	0.939146	0.906914	0.908099	0.92705	0.934647	0.925766	1.10346	1.05719	1.07886	1.07614	1.06648	1.07636	1.12703	1.01716	1.12849	1.01621	1.13356	1.01567	1.10428	1.07461	1.09624	1.07899	1.10317	1.07947	1.05121	1.05583	1.05583	1.08676	1.05612	1.05536	1.01571	1.02482	1.01702	1.01648	1.00352	1.01122	1.02946	1.0289	1.02733	1.04727	1.04354	1.04696	0.880965	0.897538	0.874691	0.875414	0.899184	0.875715	1.02157	1.02097	1.00801	1.01253	1.01008	1.02029
ERR617184	1.00769	0.981462	0.997035	1.00027	0.998128	0.976747	0.94234	0.942483	0.921756	0.942038	0.924219	0.929443	0.917604	0.93341	0.912298	0.9347	0.912364	0.91055	0.945452	0.944961	0.960606	0.944296	0.951649	0.954439	0.957477	0.961111	0.932522	0.983005	0.941055	0.95231	1.05644	1.02772	1.05618	1.01756	1.02243	1.06264	0.943575	0.944049	0.94272	0.943616	0.94694	0.939146	0	0.867087	0.868926	0.888499	0.893387	0.887841	1.13987	1.10166	1.12202	1.11679	1.10803	1.11968	1.18014	1.07484	1.18083	1.07539	1.18391	1.07519	1.15719	1.13105	1.15275	1.13429	1.15691	1.13482	1.1001	1.10318	1.10316	1.12557	1.10254	1.10275	1.09264	1.09749	1.09341	1.09313	1.07863	1.08645	1.0785	1.07858	1.0772	1.09456	1.09005	1.09282	0.951115	0.965515	0.944452	0.945721	0.967958	0.945415	1.08193	1.08109	1.07501	1.07657	1.07644	1.07975
ERR617183	0.983654	0.95605	0.971253	0.974323	0.972205	0.947171	0.909986	0.908008	0.890456	0.907149	0.889617	0.898211	0.88837	0.908979	0.883474	0.908127	0.882813	0.881362	0.918783	0.918043	0.934793	0.91716	0.9254	0.925422	0.931023	0.93443	0.904745	0.964721	0.916713	0.928622	1.03288	0.998212	1.03187	0.982061	0.990814	1.04073	0.914843	0.912558	0.911668	0.912155	0.918445	0.906914	0.867087	0	0.828889	0.852077	0.863843	0.852005	1.12628	1.08348	1.10366	1.10091	1.09179	1.10166	1.14187	1.05478	1.1428	1.05408	1.14749	1.0529	1.1201	1.09991	1.11188	1.10458	1.11925	1.10512	1.07901	1.08351	1.08345	1.11285	1.08339	1.08299	1.06864	1.07817	1.0698	1.06943	1.05429	1.06316	1.05816	1.05794	1.05689	1.07506	1.07187	1.07509	0.921665	0.940573	0.915618	0.916443	0.941628	0.916228	1.06516	1.06424	1.05228	1.05681	1.05405	1.06366
ERR617182	0.984304	0.957338	0.971902	0.975319	0.97313	0.948198	0.911343	0.909478	0.892223	0.908289	0.890983	0.899595	0.890197	0.910319	0.884917	0.909909	0.884929	0.883575	0.920713	0.920501	0.937434	0.919305	0.927978	0.928086	0.932148	0.935522	0.905837	0.965411	0.917824	0.929735	1.032	0.997496	1.03112	0.981384	0.990315	1.03968	0.916088	0.913594	0.912695	0.913288	0.919621	0.908099	0.868926	0.828889	0	0.85271	0.865227	0.853145	1.12708	1.08486	1.10477	1.10205	1.09311	1.10271	1.14146	1.05666	1.14274	1.05595	1.14733	1.0548	1.12029	1.10097	1.11183	1.10563	1.11941	1.10593	1.08063	1.08496	1.0853	1.11451	1.08523	1.08483	1.07027	1.07981	1.07129	1.07109	1.05596	1.06511	1.06009	1.0597	1.05849	1.07716	1.07365	1.07684	0.922668	0.941725	0.916598	0.917478	0.942905	0.917253	1.06737	1.06648	1.05431	1.05869	1.05552	1.06582
ERR617181	0.998705	0.973266	0.986974	0.990165	0.988358	0.964832	0.928615	0.92676	0.91093	0.925944	0.910114	0.918232	0.909253	0.927656	0.904456	0.927605	0.904249	0.902992	0.93887	0.938759	0.954224	0.937651	0.945189	0.945222	0.948318	0.95205	0.924628	0.980266	0.93559	0.946265	1.04349	1.0111	1.04257	0.996125	1.00422	1.05087	0.9341	0.932356	0.930847	0.931492	0.93723	0.92705	0.888499	0.852077	0.85271	0	0.880412	0.869816	1.13737	1.09693	1.116	1.11345	1.10484	1.114	1.15106	1.06901	1.15209	1.0684	1.15634	1.06744	1.12985	1.11167	1.12248	1.11593	1.12922	1.11619	1.09255	1.09646	1.09662	1.1245	1.09668	1.09633	1.0833	1.09225	1.08468	1.08423	1.06989	1.0781	1.07288	1.07253	1.07108	1.08879	1.08583	1.08877	0.939749	0.957392	0.934078	0.934916	0.958342	0.935165	1.07933	1.07858	1.067	1.07146	1.06886	1.07787
ERR617179	1.00512	0.979562	0.994512	0.997521	0.995297	0.973068	0.93782	0.937086	0.919459	0.93629	0.919572	0.926518	0.915735	0.933061	0.911075	0.933357	0.910734	0.909019	0.943476	0.94267	0.95877	0.942434	0.949847	0.950908	0.956157	0.959327	0.931181	0.984631	0.941525	0.952109	1.05217	1.02159	1.05173	1.0091	1.01547	1.05889	0.940232	0.939719	0.938443	0.939231	0.943873	0.934647	0.893387	0.863843	0.865227	0.880412	0	0.880307	1.14077	1.10128	1.12104	1.11674	1.10811	1.1187	1.16683	1.0739	1.16795	1.07373	1.17158	1.07307	1.14531	1.1226	1.13895	1.12658	1.14456	1.12668	1.09753	1.10113	1.10123	1.1267	1.10091	1.10088	1.08882	1.09595	1.08988	1.08935	1.07497	1.0832	1.07691	1.07711	1.07572	1.09314	1.08935	1.09225	0.947114	0.962838	0.940809	0.941964	0.964539	0.941547	1.08246	1.08175	1.07267	1.07528	1.07396	1.08076
ERR617180	0.998548	0.972918	0.986664	0.989634	0.987646	0.964598	0.928133	0.926411	0.910231	0.92585	0.909793	0.91758	0.907882	0.926407	0.902999	0.926444	0.902981	0.90195	0.93721	0.937055	0.952669	0.936114	0.944015	0.943874	0.948043	0.951087	0.923487	0.978425	0.934477	0.945398	1.0433	1.01129	1.04271	0.99671	1.00463	1.05077	0.932528	0.931004	0.929782	0.930608	0.93611	0.925766	0.887841	0.852005	0.853145	0.869816	0.880307	0	1.13674	1.0958	1.11537	1.11245	1.10362	1.1134	1.15276	1.06859	1.15404	1.06791	1.15843	1.067	1.13245	1.11286	1.12468	1.11707	1.13151	1.11754	1.09178	1.09574	1.09591	1.12342	1.09575	1.09554	1.0822	1.0914	1.0835	1.08324	1.06857	1.07689	1.07207	1.07165	1.07028	1.08831	1.08485	1.08764	0.9389	0.956742	0.933557	0.934011	0.957516	0.934358	1.07889	1.07783	1.06681	1.0707	1.06818	1.07701
