	ERR608936	ERR608932	ERR608935	ERR608934	ERR608931	ERR608933	ERR618509	ERR618511	ERR618507	ERR618510	ERR618508	ERR618512	ERR626425	ERR626424	ERR626428	ERR626427	ERR626426	ERR626423	ERR630233	ERR630231	ERR630235	ERR630232	ERR630230	ERR630234	ERR636646	ERR636648	ERR636643	ERR636645	ERR636647	ERR636644	ERR612548	ERR612552	ERR612547	ERR612549	ERR612551	ERR612550	ERR612254	ERR612251	ERR612252	ERR612253	ERR612255	ERR612256	ERR607656	ERR607654	ERR607655	ERR607652	ERR607653	ERR607651	ERR618349	ERR618347	ERR618345	ERR618346	ERR618348	ERR618350	ERR630009	ERR630006	ERR630008	ERR630007	ERR630011	ERR630010	ERR614984	ERR614980	ERR614979	ERR614982	ERR614983	ERR614981	ERR608706	ERR608703	ERR608704	ERR608702	ERR608705	ERR608701	ERR607851	ERR607852	ERR607853	ERR607854	ERR607849	ERR607850	ERR618293	ERR618292	ERR618295	ERR618296	ERR618291	ERR618294	ERR616857	ERR616858	ERR616854	ERR616855	ERR616853	ERR616856	ERR621926	ERR621925	ERR621927	ERR621930	ERR621928	ERR621929
ERR608936	3.72315e+08	3.13453e+08	2.56784e+08	2.60137e+08	2.42242e+08	3.36835e+08	2.18554e+08	2.37705e+08	2.39375e+08	2.30026e+08	1.98966e+08	2.424e+08	2.39391e+08	2.36223e+08	2.55774e+08	1.79319e+08	1.81854e+08	2.61331e+08	1.59614e+08	1.2829e+08	1.44927e+08	1.22225e+08	1.52372e+08	1.57391e+08	2.13146e+08	2.46344e+08	2.46425e+08	1.87663e+08	2.13198e+08	2.21277e+08	2.43399e+08	2.61295e+08	3.30554e+08	3.0787e+08	2.66053e+08	2.64325e+08	2.86188e+08	2.98506e+08	2.85391e+08	2.88209e+08	2.32426e+08	2.7389e+08	3.21454e+08	3.10295e+08	3.14831e+08	2.95783e+08	2.96766e+08	2.74521e+08	1.23712e+08	1.29272e+08	1.03145e+08	1.22967e+08	1.09252e+08	1.22476e+08	1.74728e+08	2.44821e+08	2.31502e+08	2.12074e+08	2.19185e+08	2.12243e+08	2.20739e+08	1.84812e+08	1.79406e+08	2.15909e+08	2.13814e+08	1.77851e+08	1.65295e+08	1.81155e+08	1.66204e+08	1.69403e+08	1.65677e+08	1.181e+08	1.2393e+08	1.44793e+08	1.44535e+08	1.46628e+08	1.23973e+08	1.27966e+08	1.59891e+08	1.52141e+08	1.52038e+08	1.48202e+08	1.55692e+08	1.56464e+08	1.416e+08	1.42795e+08	1.63428e+08	1.80849e+08	1.64509e+08	1.39867e+08	1.08946e+08	1.22374e+08	1.07937e+08	1.28692e+08	1.27411e+08	1.25501e+08
ERR608932	3.13453e+08	5.49693e+08	3.19357e+08	3.23798e+08	3.04e+08	4.24567e+08	2.74175e+08	2.98223e+08	3.00855e+08	2.88504e+08	2.49748e+08	3.04271e+08	2.99315e+08	2.95347e+08	3.20183e+08	2.22852e+08	2.26121e+08	3.27312e+08	2.04661e+08	1.64603e+08	1.86064e+08	1.56741e+08	1.95577e+08	2.019e+08	2.67935e+08	3.10536e+08	3.10668e+08	2.35877e+08	2.67871e+08	2.78708e+08	3.05228e+08	3.2771e+08	4.1577e+08	3.87027e+08	3.33813e+08	3.31462e+08	3.59216e+08	3.75164e+08	3.58733e+08	3.61906e+08	2.90983e+08	3.43725e+08	4.05256e+08	3.90889e+08	3.96606e+08	3.71929e+08	3.7333e+08	3.44877e+08	1.58365e+08	1.62867e+08	1.29708e+08	1.54763e+08	1.39839e+08	1.56602e+08	2.20942e+08	3.09619e+08	2.92828e+08	2.68144e+08	2.77434e+08	2.68771e+08	2.76649e+08	2.31093e+08	2.24248e+08	2.70396e+08	2.6779e+08	2.22244e+08	2.11392e+08	2.31499e+08	2.12311e+08	2.16431e+08	2.11747e+08	1.51158e+08	1.58521e+08	1.85077e+08	1.84893e+08	1.87589e+08	1.5862e+08	1.63541e+08	2.04637e+08	1.94828e+08	1.94711e+08	1.89749e+08	1.99503e+08	2.00227e+08	1.81203e+08	1.82791e+08	2.09195e+08	2.31344e+08	2.10685e+08	1.78986e+08	1.38697e+08	1.55635e+08	1.37278e+08	1.63756e+08	1.62151e+08	1.59625e+08
ERR608935	2.56784e+08	3.19357e+08	3.83804e+08	2.65056e+08	2.46768e+08	3.43145e+08	2.22572e+08	2.42076e+08	2.43805e+08	2.34235e+08	2.02555e+08	2.46913e+08	2.43721e+08	2.40457e+08	2.60567e+08	1.82503e+08	1.85086e+08	2.66164e+08	1.62554e+08	1.30733e+08	1.47574e+08	1.24526e+08	1.55319e+08	1.60303e+08	2.17002e+08	2.50683e+08	2.50829e+08	1.9082e+08	2.17016e+08	2.25306e+08	2.47782e+08	2.66188e+08	3.36643e+08	3.13421e+08	2.71015e+08	2.6926e+08	2.91384e+08	3.04246e+08	2.90799e+08	2.9344e+08	2.36774e+08	2.79012e+08	3.27342e+08	3.16146e+08	3.20708e+08	3.01154e+08	3.02119e+08	2.79502e+08	1.26145e+08	1.31709e+08	1.05058e+08	1.25289e+08	1.11285e+08	1.24782e+08	1.77913e+08	2.49144e+08	2.35587e+08	2.1587e+08	2.2323e+08	2.16139e+08	2.24699e+08	1.8808e+08	1.82499e+08	2.19755e+08	2.17634e+08	1.81085e+08	1.68467e+08	1.84598e+08	1.69322e+08	1.72576e+08	1.68762e+08	1.20312e+08	1.26197e+08	1.47558e+08	1.47256e+08	1.49377e+08	1.26183e+08	1.30289e+08	1.62852e+08	1.54989e+08	1.54844e+08	1.50894e+08	1.58515e+08	1.59323e+08	1.44247e+08	1.45503e+08	1.66582e+08	1.84283e+08	1.67634e+08	1.42448e+08	1.10964e+08	1.24684e+08	1.09852e+08	1.30956e+08	1.29774e+08	1.27807e+08
ERR608934	2.60137e+08	3.23798e+08	2.65056e+08	3.92777e+08	2.50226e+08	3.47933e+08	2.25485e+08	2.4529e+08	2.47048e+08	2.37296e+08	2.05293e+08	2.50005e+08	2.46867e+08	2.43645e+08	2.63865e+08	1.84767e+08	1.87331e+08	2.69552e+08	1.64972e+08	1.32627e+08	1.49732e+08	1.26402e+08	1.57548e+08	1.62716e+08	2.2011e+08	2.54372e+08	2.54547e+08	1.93596e+08	2.20186e+08	2.28533e+08	2.51187e+08	2.69655e+08	3.41141e+08	3.17757e+08	2.74635e+08	2.72731e+08	2.95413e+08	3.0827e+08	2.94888e+08	2.97501e+08	2.39937e+08	2.82872e+08	3.32225e+08	3.20564e+08	3.25163e+08	3.05381e+08	3.06424e+08	2.83427e+08	1.27871e+08	1.33736e+08	1.06604e+08	1.27141e+08	1.12933e+08	1.26612e+08	1.80335e+08	2.52654e+08	2.38921e+08	2.18895e+08	2.26282e+08	2.19164e+08	2.27713e+08	1.90638e+08	1.84996e+08	2.2262e+08	2.20577e+08	1.83503e+08	1.70819e+08	1.87178e+08	1.71646e+08	1.74941e+08	1.71224e+08	1.22054e+08	1.281e+08	1.49631e+08	1.4942e+08	1.51493e+08	1.28016e+08	1.32096e+08	1.65307e+08	1.57314e+08	1.57173e+08	1.53211e+08	1.60984e+08	1.61714e+08	1.46337e+08	1.47537e+08	1.68999e+08	1.86909e+08	1.70087e+08	1.44552e+08	1.12596e+08	1.26391e+08	1.11355e+08	1.32904e+08	1.3154e+08	1.29709e+08
ERR608931	2.42242e+08	3.04e+08	2.46768e+08	2.50226e+08	3.52158e+08	3.25494e+08	2.11779e+08	2.2925e+08	2.31738e+08	2.21814e+08	1.93346e+08	2.33795e+08	2.30407e+08	2.27528e+08	2.46167e+08	1.7194e+08	1.74153e+08	2.51298e+08	1.54309e+08	1.24249e+08	1.40823e+08	1.18079e+08	1.47185e+08	1.5204e+08	2.0325e+08	2.35444e+08	2.35442e+08	1.80487e+08	2.03161e+08	2.11873e+08	2.33425e+08	2.49754e+08	3.15609e+08	2.95487e+08	2.54701e+08	2.52743e+08	2.75037e+08	2.86411e+08	2.75132e+08	2.77035e+08	2.23568e+08	2.63105e+08	3.10844e+08	3.00288e+08	3.04656e+08	2.84922e+08	2.86929e+08	2.65305e+08	1.19159e+08	1.14016e+08	9.11814e+07	1.084e+08	1.05566e+08	1.17782e+08	1.7139e+08	2.37345e+08	2.2438e+08	2.06148e+08	2.14702e+08	2.08084e+08	2.13656e+08	1.79355e+08	1.74323e+08	2.0894e+08	2.071e+08	1.72267e+08	1.59039e+08	1.73717e+08	1.59659e+08	1.6299e+08	1.59163e+08	1.15113e+08	1.1862e+08	1.38357e+08	1.37962e+08	1.40068e+08	1.18973e+08	1.22585e+08	1.53563e+08	1.46379e+08	1.46455e+08	1.42901e+08	1.50505e+08	1.50277e+08	1.36674e+08	1.37851e+08	1.56589e+08	1.73247e+08	1.58331e+08	1.35062e+08	1.0308e+08	1.15346e+08	1.01946e+08	1.21346e+08	1.20055e+08	1.18342e+08
ERR608933	3.36835e+08	4.24567e+08	3.43145e+08	3.47933e+08	3.25494e+08	6.26386e+08	2.94984e+08	3.21266e+08	3.23868e+08	3.10662e+08	2.68232e+08	3.27704e+08	3.22084e+08	3.17643e+08	3.4494e+08	2.39818e+08	2.43221e+08	3.52503e+08	2.21822e+08	1.78186e+08	2.01298e+08	1.69923e+08	2.11884e+08	2.1876e+08	2.90125e+08	3.35947e+08	3.36131e+08	2.5457e+08	2.90056e+08	3.01497e+08	3.2931e+08	3.5368e+08	4.49345e+08	4.17709e+08	3.60151e+08	3.57845e+08	3.87321e+08	4.04642e+08	3.86517e+08	3.89941e+08	3.13574e+08	3.70513e+08	4.36484e+08	4.21118e+08	4.27298e+08	4.00799e+08	4.02204e+08	3.71189e+08	1.71558e+08	1.80165e+08	1.43433e+08	1.71368e+08	1.515e+08	1.69866e+08	2.37312e+08	3.33775e+08	3.15444e+08	2.88674e+08	2.98149e+08	2.88787e+08	2.97634e+08	2.48342e+08	2.40776e+08	2.91031e+08	2.88126e+08	2.39039e+08	2.29078e+08	2.51058e+08	2.30063e+08	2.3454e+08	2.2936e+08	1.63245e+08	1.72063e+08	2.01052e+08	2.00742e+08	2.03704e+08	1.71963e+08	1.77518e+08	2.21907e+08	2.11159e+08	2.1099e+08	2.05534e+08	2.1592e+08	2.17096e+08	1.96262e+08	1.98016e+08	2.27147e+08	2.51297e+08	2.28486e+08	1.93769e+08	1.50873e+08	1.69586e+08	1.4937e+08	1.78299e+08	1.76607e+08	1.74011e+08
ERR618509	2.18554e+08	2.74175e+08	2.22572e+08	2.25485e+08	2.11779e+08	2.94984e+08	3.57669e+08	2.55668e+08	2.58904e+08	2.4739e+08	2.15579e+08	2.60663e+08	2.36773e+08	2.33727e+08	2.53373e+08	1.75937e+08	1.78513e+08	2.59058e+08	1.63801e+08	1.31706e+08	1.49087e+08	1.25544e+08	1.56437e+08	1.61489e+08	2.07949e+08	2.40772e+08	2.41085e+08	1.83743e+08	2.07883e+08	2.16505e+08	2.22678e+08	2.3922e+08	3.03013e+08	2.8244e+08	2.43149e+08	2.41756e+08	2.61677e+08	2.73336e+08	2.61445e+08	2.63741e+08	2.1213e+08	2.50346e+08	2.98496e+08	2.8794e+08	2.92176e+08	2.73631e+08	2.74838e+08	2.53554e+08	1.27384e+08	1.2764e+08	1.01857e+08	1.21414e+08	1.1266e+08	1.25993e+08	1.77269e+08	2.4719e+08	2.33692e+08	2.1429e+08	2.22024e+08	2.15163e+08	2.08379e+08	1.74124e+08	1.68801e+08	2.03696e+08	2.01802e+08	1.67371e+08	1.69212e+08	1.8518e+08	1.6991e+08	1.73468e+08	1.69397e+08	1.21572e+08	1.27527e+08	1.48853e+08	1.48458e+08	1.50596e+08	1.27636e+08	1.31441e+08	1.64938e+08	1.5724e+08	1.57271e+08	1.53212e+08	1.61292e+08	1.61577e+08	1.45381e+08	1.46655e+08	1.67413e+08	1.85138e+08	1.68775e+08	1.43607e+08	1.11147e+08	1.24763e+08	1.10106e+08	1.3107e+08	1.29695e+08	1.27853e+08
ERR618511	2.37705e+08	2.98223e+08	2.42076e+08	2.4529e+08	2.2925e+08	3.21266e+08	2.55668e+08	4.11562e+08	2.80262e+08	2.70408e+08	2.32653e+08	2.84833e+08	2.57814e+08	2.54301e+08	2.76134e+08	1.91788e+08	1.94745e+08	2.82286e+08	1.77501e+08	1.42736e+08	1.6119e+08	1.36125e+08	1.69741e+08	1.751e+08	2.27338e+08	2.62884e+08	2.63269e+08	1.99971e+08	2.27118e+08	2.36334e+08	2.42579e+08	2.60835e+08	3.30691e+08	3.07652e+08	2.65181e+08	2.63787e+08	2.85122e+08	2.97911e+08	2.84473e+08	2.87057e+08	2.31042e+08	2.72727e+08	3.2441e+08	3.13054e+08	3.17561e+08	2.9772e+08	2.98777e+08	2.75629e+08	1.38398e+08	1.43725e+08	1.14612e+08	1.36762e+08	1.22229e+08	1.37078e+08	1.91539e+08	2.68192e+08	2.53633e+08	2.32423e+08	2.40087e+08	2.32557e+08	2.26236e+08	1.88865e+08	1.83125e+08	2.21291e+08	2.19123e+08	1.81631e+08	1.83906e+08	2.01437e+08	1.84802e+08	1.88478e+08	1.84212e+08	1.31542e+08	1.38774e+08	1.62188e+08	1.6185e+08	1.64148e+08	1.38872e+08	1.43185e+08	1.7956e+08	1.71089e+08	1.70947e+08	1.66492e+08	1.75004e+08	1.75887e+08	1.5773e+08	1.59197e+08	1.82243e+08	2.01435e+08	1.83318e+08	1.55765e+08	1.2155e+08	1.36545e+08	1.20378e+08	1.43708e+08	1.42214e+08	1.39999e+08
ERR618507	2.39375e+08	3.00855e+08	2.43805e+08	2.47048e+08	2.31738e+08	3.23868e+08	2.58904e+08	2.80262e+08	4.18806e+08	2.7117e+08	2.36065e+08	2.85906e+08	2.60071e+08	2.56623e+08	2.78344e+08	1.92872e+08	1.95853e+08	2.8476e+08	1.80138e+08	1.44991e+08	1.63869e+08	1.38108e+08	1.72231e+08	1.77669e+08	2.28051e+08	2.64061e+08	2.64422e+08	2.01144e+08	2.27824e+08	2.37395e+08	2.44222e+08	2.62271e+08	3.32606e+08	3.09964e+08	2.66709e+08	2.6529e+08	2.86909e+08	2.99872e+08	2.86672e+08	2.89036e+08	2.32468e+08	2.74603e+08	3.27598e+08	3.15958e+08	3.20762e+08	3.00274e+08	3.01627e+08	2.78053e+08	1.40137e+08	1.40932e+08	1.12385e+08	1.34083e+08	1.23937e+08	1.38656e+08	1.94094e+08	2.71419e+08	2.56717e+08	2.35205e+08	2.43454e+08	2.35806e+08	2.28561e+08	1.90797e+08	1.85095e+08	2.23442e+08	2.21096e+08	1.83482e+08	1.86033e+08	2.037e+08	1.87017e+08	1.9059e+08	1.86321e+08	1.33525e+08	1.4039e+08	1.63916e+08	1.63656e+08	1.65945e+08	1.40558e+08	1.44751e+08	1.81654e+08	1.7303e+08	1.72997e+08	1.68568e+08	1.77357e+08	1.77755e+08	1.59922e+08	1.61511e+08	1.84378e+08	2.04019e+08	1.85913e+08	1.58014e+08	1.22417e+08	1.37514e+08	1.21225e+08	1.4435e+08	1.43e+08	1.40833e+08
ERR618510	2.30026e+08	2.88504e+08	2.34235e+08	2.37296e+08	2.21814e+08	3.10662e+08	2.4739e+08	2.70408e+08	2.7117e+08	3.89459e+08	2.25261e+08	2.75659e+08	2.49643e+08	2.46021e+08	2.671e+08	1.85628e+08	1.88457e+08	2.73103e+08	1.71625e+08	1.3796e+08	1.5575e+08	1.31499e+08	1.63996e+08	1.69306e+08	2.19962e+08	2.54294e+08	2.546e+08	1.93491e+08	2.19686e+08	2.28506e+08	2.34613e+08	2.52239e+08	3.19773e+08	2.97593e+08	2.56664e+08	2.55064e+08	2.75608e+08	2.88174e+08	2.75261e+08	2.77745e+08	2.23526e+08	2.63882e+08	3.13717e+08	3.02681e+08	3.07123e+08	2.87972e+08	2.89014e+08	2.66749e+08	1.33756e+08	1.38814e+08	1.10689e+08	1.31957e+08	1.18123e+08	1.32346e+08	1.85097e+08	2.59352e+08	2.45388e+08	2.2463e+08	2.3208e+08	2.24796e+08	2.18869e+08	1.82685e+08	1.77057e+08	2.13956e+08	2.11911e+08	1.75803e+08	1.77701e+08	1.94724e+08	1.78639e+08	1.82105e+08	1.78021e+08	1.27193e+08	1.3404e+08	1.56694e+08	1.56358e+08	1.58434e+08	1.34071e+08	1.38295e+08	1.73528e+08	1.65114e+08	1.65106e+08	1.60813e+08	1.68958e+08	1.69811e+08	1.52518e+08	1.5387e+08	1.7613e+08	1.94665e+08	1.77196e+08	1.50732e+08	1.17512e+08	1.32072e+08	1.16397e+08	1.38806e+08	1.37456e+08	1.35268e+08
ERR618508	1.98966e+08	2.49748e+08	2.02555e+08	2.05293e+08	1.93346e+08	2.68232e+08	2.15579e+08	2.32653e+08	2.36065e+08	2.25261e+08	3.06778e+08	2.37313e+08	2.15522e+08	2.12762e+08	2.30758e+08	1.60135e+08	1.62417e+08	2.35871e+08	1.48936e+08	1.19826e+08	1.35511e+08	1.14071e+08	1.42163e+08	1.46666e+08	1.88427e+08	2.18298e+08	2.18581e+08	1.67005e+08	1.88277e+08	1.96288e+08	2.02479e+08	2.17213e+08	2.75182e+08	2.5679e+08	2.21006e+08	2.19659e+08	2.37889e+08	2.48579e+08	2.37981e+08	2.39707e+08	1.92916e+08	2.27631e+08	2.71603e+08	2.621e+08	2.65788e+08	2.48799e+08	2.50186e+08	2.30751e+08	1.15558e+08	1.13195e+08	9.03501e+07	1.07685e+08	1.02296e+08	1.14366e+08	1.61925e+08	2.25261e+08	2.13119e+08	1.95613e+08	2.02784e+08	1.96567e+08	1.89876e+08	1.58761e+08	1.54096e+08	1.85596e+08	1.83798e+08	1.52532e+08	1.53417e+08	1.67696e+08	1.54064e+08	1.57118e+08	1.53518e+08	1.10526e+08	1.15685e+08	1.34967e+08	1.34727e+08	1.36504e+08	1.15893e+08	1.19395e+08	1.4971e+08	1.42662e+08	1.42704e+08	1.39097e+08	1.46487e+08	1.46524e+08	1.321e+08	1.33283e+08	1.5184e+08	1.67997e+08	1.53345e+08	1.305e+08	1.00726e+08	1.12923e+08	9.97121e+07	1.18615e+08	1.17351e+08	1.15704e+08
ERR618512	2.424e+08	3.04271e+08	2.46913e+08	2.50005e+08	2.33795e+08	3.27704e+08	2.60663e+08	2.84833e+08	2.85906e+08	2.75659e+08	2.37313e+08	4.26111e+08	2.63255e+08	2.59579e+08	2.81739e+08	1.95724e+08	1.98625e+08	2.88062e+08	1.81652e+08	1.46029e+08	1.64855e+08	1.39196e+08	1.73594e+08	1.79206e+08	2.32159e+08	2.68644e+08	2.6903e+08	2.04236e+08	2.31927e+08	2.41341e+08	2.47408e+08	2.65971e+08	3.37447e+08	3.13896e+08	2.7055e+08	2.69097e+08	2.90655e+08	3.03803e+08	2.90174e+08	2.92798e+08	2.35653e+08	2.78117e+08	3.31028e+08	3.19296e+08	3.23923e+08	3.03655e+08	3.04678e+08	2.81244e+08	1.41503e+08	1.46482e+08	1.16751e+08	1.3921e+08	1.24912e+08	1.40032e+08	1.95514e+08	2.73653e+08	2.5892e+08	2.37061e+08	2.45171e+08	2.37466e+08	2.30862e+08	1.92576e+08	1.86759e+08	2.25779e+08	2.23456e+08	1.8539e+08	1.87926e+08	2.0585e+08	1.88938e+08	1.92569e+08	1.88248e+08	1.3438e+08	1.41957e+08	1.658e+08	1.6555e+08	1.67804e+08	1.41962e+08	1.46373e+08	1.83522e+08	1.74866e+08	1.74667e+08	1.70151e+08	1.78836e+08	1.79602e+08	1.61393e+08	1.62755e+08	1.8626e+08	2.06025e+08	1.87604e+08	1.5934e+08	1.24384e+08	1.39614e+08	1.23077e+08	1.46824e+08	1.45396e+08	1.43111e+08
ERR626425	2.39391e+08	2.99315e+08	2.43721e+08	2.46867e+08	2.30407e+08	3.22084e+08	2.36773e+08	2.57814e+08	2.60071e+08	2.49643e+08	2.15522e+08	2.63255e+08	4.14637e+08	2.8089e+08	3.03611e+08	2.13145e+08	2.1618e+08	3.11357e+08	1.7575e+08	1.41239e+08	1.59415e+08	1.34612e+08	1.68112e+08	1.73467e+08	2.28832e+08	2.64236e+08	2.64696e+08	2.01163e+08	2.28789e+08	2.37469e+08	2.48264e+08	2.66607e+08	3.36649e+08	3.13706e+08	2.71234e+08	2.69514e+08	2.91344e+08	3.04022e+08	2.90533e+08	2.93388e+08	2.36794e+08	2.79058e+08	3.31189e+08	3.19705e+08	3.24258e+08	3.04777e+08	3.05458e+08	2.82318e+08	1.37528e+08	1.45589e+08	1.16028e+08	1.38539e+08	1.21395e+08	1.36255e+08	1.88417e+08	2.64718e+08	2.50376e+08	2.29391e+08	2.36298e+08	2.29073e+08	2.31394e+08	1.94056e+08	1.88109e+08	2.26457e+08	2.24262e+08	1.87017e+08	1.81476e+08	1.9895e+08	1.82354e+08	1.85866e+08	1.81715e+08	1.2912e+08	1.37601e+08	1.60994e+08	1.606e+08	1.62931e+08	1.37581e+08	1.41937e+08	1.79179e+08	1.70456e+08	1.70178e+08	1.65777e+08	1.74356e+08	1.75087e+08	1.57195e+08	1.58463e+08	1.81685e+08	2.01076e+08	1.82635e+08	1.55219e+08	1.22457e+08	1.37757e+08	1.21157e+08	1.44573e+08	1.43186e+08	1.41087e+08
ERR626424	2.36223e+08	2.95347e+08	2.40457e+08	2.43645e+08	2.27528e+08	3.17643e+08	2.33727e+08	2.54301e+08	2.56623e+08	2.46021e+08	2.12762e+08	2.59579e+08	2.8089e+08	4.0533e+08	2.99461e+08	2.10263e+08	2.13093e+08	3.06927e+08	1.73454e+08	1.39405e+08	1.5735e+08	1.32901e+08	1.65768e+08	1.71078e+08	2.25173e+08	2.60213e+08	2.6054e+08	1.98362e+08	2.25069e+08	2.339e+08	2.44708e+08	2.62776e+08	3.31828e+08	3.09378e+08	2.6734e+08	2.65682e+08	2.87066e+08	2.99795e+08	2.86636e+08	2.89158e+08	2.33445e+08	2.75005e+08	3.26602e+08	3.15093e+08	3.19804e+08	3.00452e+08	3.01256e+08	2.7847e+08	1.35627e+08	1.41969e+08	1.13159e+08	1.34869e+08	1.19774e+08	1.3433e+08	1.86142e+08	2.61187e+08	2.47184e+08	2.26481e+08	2.33395e+08	2.2617e+08	2.28038e+08	1.91381e+08	1.85665e+08	2.23223e+08	2.21101e+08	1.84423e+08	1.78902e+08	1.96018e+08	1.79635e+08	1.83168e+08	1.79191e+08	1.27394e+08	1.35626e+08	1.58602e+08	1.58267e+08	1.60471e+08	1.35671e+08	1.39934e+08	1.7662e+08	1.68031e+08	1.67706e+08	1.63364e+08	1.71887e+08	1.72574e+08	1.55048e+08	1.56348e+08	1.79032e+08	1.98334e+08	1.80146e+08	1.5309e+08	1.20702e+08	1.3562e+08	1.19236e+08	1.42315e+08	1.40879e+08	1.38869e+08
ERR626428	2.55774e+08	3.20183e+08	2.60567e+08	2.63865e+08	2.46167e+08	3.4494e+08	2.53373e+08	2.76134e+08	2.78344e+08	2.671e+08	2.30758e+08	2.81739e+08	3.03611e+08	2.99461e+08	4.653e+08	2.27709e+08	2.30802e+08	3.32139e+08	1.88796e+08	1.51824e+08	1.71265e+08	1.44657e+08	1.80524e+08	1.86288e+08	2.44825e+08	2.82788e+08	2.83095e+08	2.15107e+08	2.44684e+08	2.54027e+08	2.65296e+08	2.84932e+08	3.6024e+08	3.35534e+08	2.90075e+08	2.88239e+08	3.11515e+08	3.25193e+08	3.10734e+08	3.13627e+08	2.53024e+08	2.98354e+08	3.54566e+08	3.42103e+08	3.47091e+08	3.26109e+08	3.26957e+08	3.02057e+08	1.47683e+08	1.568e+08	1.24844e+08	1.49069e+08	1.30448e+08	1.46272e+08	2.01498e+08	2.83461e+08	2.68254e+08	2.45501e+08	2.52836e+08	2.45122e+08	2.47039e+08	2.0706e+08	2.00742e+08	2.41847e+08	2.39414e+08	1.99466e+08	1.94854e+08	2.13715e+08	1.95881e+08	1.99515e+08	1.953e+08	1.38609e+08	1.4767e+08	1.72727e+08	1.72481e+08	1.74929e+08	1.4768e+08	1.52255e+08	1.92258e+08	1.82886e+08	1.8268e+08	1.77807e+08	1.8703e+08	1.88026e+08	1.68739e+08	1.70209e+08	1.94879e+08	2.15833e+08	1.9614e+08	1.66627e+08	1.31493e+08	1.47783e+08	1.30116e+08	1.55353e+08	1.53808e+08	1.51498e+08
ERR626427	1.79319e+08	2.22852e+08	1.82503e+08	1.84767e+08	1.7194e+08	2.39818e+08	1.75937e+08	1.91788e+08	1.92872e+08	1.85628e+08	1.60135e+08	1.95724e+08	2.13145e+08	2.10263e+08	2.27709e+08	2.57048e+08	1.64274e+08	2.32435e+08	1.27819e+08	1.02682e+08	1.15782e+08	9.79273e+07	1.22133e+08	1.26152e+08	1.71414e+08	1.9715e+08	1.97464e+08	1.50364e+08	1.71314e+08	1.77479e+08	1.86147e+08	1.99901e+08	2.51574e+08	2.34198e+08	2.0335e+08	2.02203e+08	2.17972e+08	2.27391e+08	2.17119e+08	2.19242e+08	1.77956e+08	2.08916e+08	2.45797e+08	2.37456e+08	2.40896e+08	2.27036e+08	2.27231e+08	2.10462e+08	1.00296e+08	1.09659e+08	8.73374e+07	1.04274e+08	8.85377e+07	9.94865e+07	1.39067e+08	1.95675e+08	1.8515e+08	1.69451e+08	1.74166e+08	1.68889e+08	1.72942e+08	1.4564e+08	1.41276e+08	1.69524e+08	1.67816e+08	1.40572e+08	1.32607e+08	1.45518e+08	1.33271e+08	1.3574e+08	1.32791e+08	9.39696e+07	1.00561e+08	1.17682e+08	1.17491e+08	1.19152e+08	1.00479e+08	1.03717e+08	1.30761e+08	1.24269e+08	1.24114e+08	1.20738e+08	1.26995e+08	1.27839e+08	1.14443e+08	1.15466e+08	1.32746e+08	1.46847e+08	1.33167e+08	1.13053e+08	9.01417e+07	1.01381e+08	8.91168e+07	1.06446e+08	1.05462e+08	1.0388e+08
ERR626426	1.81854e+08	2.26121e+08	1.85086e+08	1.87331e+08	1.74153e+08	2.43221e+08	1.78513e+08	1.94745e+08	1.95853e+08	1.88457e+08	1.62417e+08	1.98625e+08	2.1618e+08	2.13093e+08	2.30802e+08	1.64274e+08	2.63047e+08	2.35718e+08	1.29769e+08	1.04283e+08	1.17369e+08	9.94185e+07	1.24099e+08	1.28059e+08	1.73717e+08	1.9983e+08	2.00157e+08	1.52195e+08	1.7368e+08	1.79751e+08	1.88734e+08	2.0272e+08	2.55175e+08	2.37418e+08	2.06194e+08	2.04974e+08	2.20934e+08	2.30618e+08	2.20283e+08	2.22169e+08	1.80314e+08	2.11861e+08	2.49405e+08	2.40937e+08	2.44223e+08	2.30279e+08	2.30497e+08	2.13548e+08	1.01821e+08	1.11831e+08	8.89383e+07	1.06335e+08	8.97802e+07	1.00948e+08	1.41029e+08	1.98419e+08	1.87848e+08	1.7193e+08	1.76538e+08	1.71202e+08	1.75526e+08	1.47693e+08	1.43311e+08	1.71838e+08	1.70206e+08	1.42486e+08	1.34558e+08	1.47685e+08	1.35196e+08	1.37653e+08	1.34791e+08	9.52689e+07	1.02169e+08	1.19478e+08	1.19375e+08	1.21005e+08	1.01952e+08	1.05302e+08	1.32661e+08	1.2618e+08	1.25898e+08	1.22566e+08	1.28721e+08	1.29717e+08	1.16207e+08	1.17192e+08	1.3468e+08	1.49126e+08	1.35156e+08	1.14688e+08	9.14285e+07	1.02946e+08	9.05196e+07	1.08028e+08	1.07112e+08	1.05412e+08
ERR626423	2.61331e+08	3.27312e+08	2.66164e+08	2.69552e+08	2.51298e+08	3.52503e+08	2.59058e+08	2.82286e+08	2.8476e+08	2.73103e+08	2.35871e+08	2.88062e+08	3.11357e+08	3.06927e+08	3.32139e+08	2.32435e+08	2.35718e+08	4.83789e+08	1.93712e+08	1.55736e+08	1.75743e+08	1.48505e+08	1.85276e+08	1.91276e+08	2.50212e+08	2.8915e+08	2.89553e+08	2.19938e+08	2.50076e+08	2.5974e+08	2.71091e+08	2.9135e+08	3.68528e+08	3.43138e+08	2.96337e+08	2.94755e+08	3.18376e+08	3.32616e+08	3.17744e+08	3.20345e+08	2.58403e+08	3.04883e+08	3.62493e+08	3.49847e+08	3.54855e+08	3.33547e+08	3.34354e+08	3.0871e+08	1.5165e+08	1.60409e+08	1.27691e+08	1.52534e+08	1.33716e+08	1.50227e+08	2.06174e+08	2.90229e+08	2.74675e+08	2.51381e+08	2.589e+08	2.50912e+08	2.52526e+08	2.11532e+08	2.05136e+08	2.47241e+08	2.44771e+08	2.03933e+08	1.99944e+08	2.19252e+08	2.00936e+08	2.04802e+08	2.00215e+08	1.42067e+08	1.51692e+08	1.77357e+08	1.76966e+08	1.79573e+08	1.51551e+08	1.5636e+08	1.97399e+08	1.87722e+08	1.87383e+08	1.82452e+08	1.92001e+08	1.92921e+08	1.7313e+08	1.74758e+08	2.00295e+08	2.21754e+08	2.01434e+08	1.70988e+08	1.35046e+08	1.51937e+08	1.33535e+08	1.59322e+08	1.57831e+08	1.55448e+08
ERR630233	1.59614e+08	2.04661e+08	1.62554e+08	1.64972e+08	1.54309e+08	2.21822e+08	1.63801e+08	1.77501e+08	1.80138e+08	1.71625e+08	1.48936e+08	1.81652e+08	1.7575e+08	1.73454e+08	1.88796e+08	1.27819e+08	1.29769e+08	1.93712e+08	5.16988e+08	3.19317e+08	3.54894e+08	3.02616e+08	3.69617e+08	3.80238e+08	2.05569e+08	2.39007e+08	2.39464e+08	1.81127e+08	2.05724e+08	2.14926e+08	1.67921e+08	1.80799e+08	2.32417e+08	2.15784e+08	1.83874e+08	1.83362e+08	1.97156e+08	2.07209e+08	1.97672e+08	1.99049e+08	1.57585e+08	1.88378e+08	2.3446e+08	2.2572e+08	2.2917e+08	2.1256e+08	2.13989e+08	1.95353e+08	2.12203e+08	1.9693e+08	1.57642e+08	1.8796e+08	1.88087e+08	2.10754e+08	1.40486e+08	1.98629e+08	1.87861e+08	1.71213e+08	1.77771e+08	1.71685e+08	1.71189e+08	1.42219e+08	1.37708e+08	1.67178e+08	1.65908e+08	1.36543e+08	2.68575e+08	2.93419e+08	2.69512e+08	2.75506e+08	2.69149e+08	1.95057e+08	2.12647e+08	2.46483e+08	2.46065e+08	2.48895e+08	2.12272e+08	2.18858e+08	2.69263e+08	2.5652e+08	2.56313e+08	2.50222e+08	2.63764e+08	2.62704e+08	2.55219e+08	2.58403e+08	2.91315e+08	3.21178e+08	2.93137e+08	2.53443e+08	1.88805e+08	2.11131e+08	1.87056e+08	2.21228e+08	2.18721e+08	2.15865e+08
ERR630231	1.2829e+08	1.64603e+08	1.30733e+08	1.32627e+08	1.24249e+08	1.78186e+08	1.31706e+08	1.42736e+08	1.44991e+08	1.3796e+08	1.19826e+08	1.46029e+08	1.41239e+08	1.39405e+08	1.51824e+08	1.02682e+08	1.04283e+08	1.55736e+08	3.19317e+08	3.74111e+08	2.96532e+08	2.54039e+08	3.08879e+08	3.16336e+08	1.6782e+08	1.94956e+08	1.95447e+08	1.48185e+08	1.68073e+08	1.75633e+08	1.34816e+08	1.45167e+08	1.86622e+08	1.7325e+08	1.47652e+08	1.47261e+08	1.58216e+08	1.66403e+08	1.58822e+08	1.59902e+08	1.26621e+08	1.51246e+08	1.88522e+08	1.81483e+08	1.844e+08	1.70979e+08	1.72145e+08	1.57112e+08	1.73843e+08	1.59421e+08	1.27885e+08	1.52269e+08	1.5423e+08	1.72756e+08	1.13269e+08	1.59929e+08	1.51166e+08	1.37871e+08	1.43248e+08	1.38386e+08	1.37694e+08	1.14528e+08	1.10955e+08	1.34464e+08	1.3335e+08	1.09991e+08	2.18535e+08	2.38555e+08	2.19233e+08	2.24204e+08	2.19032e+08	1.59223e+08	1.73542e+08	2.00878e+08	2.00469e+08	2.02654e+08	1.73212e+08	1.78721e+08	2.19535e+08	2.0916e+08	2.08909e+08	2.04007e+08	2.15222e+08	2.13976e+08	2.08799e+08	2.11816e+08	2.37866e+08	2.62218e+08	2.39436e+08	2.07542e+08	1.541e+08	1.72018e+08	1.52659e+08	1.80251e+08	1.78162e+08	1.75783e+08
ERR630235	1.44927e+08	1.86064e+08	1.47574e+08	1.49732e+08	1.40823e+08	2.01298e+08	1.49087e+08	1.6119e+08	1.63869e+08	1.5575e+08	1.35511e+08	1.64855e+08	1.59415e+08	1.5735e+08	1.71265e+08	1.15782e+08	1.17369e+08	1.75743e+08	3.54894e+08	2.96532e+08	4.5086e+08	2.80953e+08	3.42444e+08	3.51399e+08	1.87803e+08	2.18456e+08	2.18979e+08	1.66233e+08	1.88152e+08	1.96678e+08	1.52208e+08	1.63848e+08	2.10563e+08	1.95903e+08	1.66673e+08	1.66195e+08	1.78885e+08	1.8797e+08	1.79522e+08	1.80745e+08	1.42966e+08	1.70915e+08	2.13184e+08	2.05199e+08	2.08514e+08	1.93e+08	1.94526e+08	1.77474e+08	1.94374e+08	1.75464e+08	1.40632e+08	1.67489e+08	1.72498e+08	1.93005e+08	1.28403e+08	1.80721e+08	1.70906e+08	1.56012e+08	1.62264e+08	1.56903e+08	1.55546e+08	1.29478e+08	1.2537e+08	1.52001e+08	1.50756e+08	1.24213e+08	2.44773e+08	2.67246e+08	2.4562e+08	2.51236e+08	2.45355e+08	1.78747e+08	1.93875e+08	2.24549e+08	2.24143e+08	2.26645e+08	1.93691e+08	1.99771e+08	2.45785e+08	2.34188e+08	2.33983e+08	2.28585e+08	2.4127e+08	2.39613e+08	2.33693e+08	2.36815e+08	2.65853e+08	2.93355e+08	2.68004e+08	2.32197e+08	1.71691e+08	1.91564e+08	1.69926e+08	2.00897e+08	1.98467e+08	1.95899e+08
ERR630232	1.22225e+08	1.56741e+08	1.24526e+08	1.26402e+08	1.18079e+08	1.69923e+08	1.25544e+08	1.36125e+08	1.38108e+08	1.31499e+08	1.14071e+08	1.39196e+08	1.34612e+08	1.32901e+08	1.44657e+08	9.79273e+07	9.94185e+07	1.48505e+08	3.02616e+08	2.54039e+08	2.80953e+08	3.43564e+08	2.92972e+08	2.99845e+08	1.60018e+08	1.85835e+08	1.86199e+08	1.41063e+08	1.60284e+08	1.67319e+08	1.28426e+08	1.38416e+08	1.77875e+08	1.65096e+08	1.40825e+08	1.40424e+08	1.50792e+08	1.58626e+08	1.51295e+08	1.52339e+08	1.20578e+08	1.44148e+08	1.7957e+08	1.72734e+08	1.75542e+08	1.62936e+08	1.639e+08	1.49623e+08	1.65772e+08	1.53957e+08	1.23523e+08	1.46917e+08	1.4719e+08	1.64822e+08	1.07696e+08	1.52408e+08	1.44073e+08	1.31353e+08	1.36248e+08	1.31451e+08	1.31145e+08	1.09039e+08	1.05545e+08	1.28172e+08	1.27046e+08	1.04745e+08	2.08352e+08	2.27707e+08	2.09073e+08	2.13708e+08	2.08848e+08	1.51509e+08	1.65653e+08	1.91734e+08	1.91426e+08	1.93598e+08	1.65284e+08	1.70488e+08	2.09337e+08	1.99265e+08	1.99182e+08	1.94558e+08	2.05148e+08	2.04139e+08	1.98982e+08	2.01824e+08	2.27086e+08	2.50127e+08	2.28477e+08	1.97707e+08	1.47328e+08	1.64629e+08	1.4584e+08	1.72451e+08	1.70502e+08	1.6816e+08
ERR630230	1.52372e+08	1.95577e+08	1.55319e+08	1.57548e+08	1.47185e+08	2.11884e+08	1.56437e+08	1.69741e+08	1.72231e+08	1.63996e+08	1.42163e+08	1.73594e+08	1.68112e+08	1.65768e+08	1.80524e+08	1.22133e+08	1.24099e+08	1.85276e+08	3.69617e+08	3.08879e+08	3.42444e+08	2.92972e+08	4.84929e+08	3.66075e+08	1.97506e+08	2.29442e+08	2.29951e+08	1.7396e+08	1.977e+08	2.06492e+08	1.60351e+08	1.72782e+08	2.22133e+08	2.06121e+08	1.75666e+08	1.7525e+08	1.88067e+08	1.97848e+08	1.88809e+08	1.9016e+08	1.5042e+08	1.79859e+08	2.23839e+08	2.15405e+08	2.18878e+08	2.03151e+08	2.04543e+08	1.8665e+08	2.03751e+08	1.89901e+08	1.52208e+08	1.81295e+08	1.80586e+08	2.02417e+08	1.34094e+08	1.90044e+08	1.79623e+08	1.63575e+08	1.69645e+08	1.63909e+08	1.63367e+08	1.3572e+08	1.3149e+08	1.59602e+08	1.58198e+08	1.30337e+08	2.57348e+08	2.81068e+08	2.58278e+08	2.6395e+08	2.57929e+08	1.8669e+08	2.04126e+08	2.36588e+08	2.36116e+08	2.38884e+08	2.03686e+08	2.10037e+08	2.58169e+08	2.45853e+08	2.45427e+08	2.39678e+08	2.52818e+08	2.51849e+08	2.44686e+08	2.47955e+08	2.79659e+08	3.08362e+08	2.81214e+08	2.43055e+08	1.8132e+08	2.02888e+08	1.79491e+08	2.12477e+08	2.10162e+08	2.07271e+08
ERR630234	1.57391e+08	2.019e+08	1.60303e+08	1.62716e+08	1.5204e+08	2.1876e+08	1.61489e+08	1.751e+08	1.77669e+08	1.69306e+08	1.46666e+08	1.79206e+08	1.73467e+08	1.71078e+08	1.86288e+08	1.26152e+08	1.28059e+08	1.91276e+08	3.80238e+08	3.16336e+08	3.51399e+08	2.99845e+08	3.66075e+08	5.07703e+08	2.03254e+08	2.36042e+08	2.36645e+08	1.7898e+08	2.03389e+08	2.12391e+08	1.65428e+08	1.784e+08	2.29271e+08	2.1269e+08	1.81414e+08	1.80869e+08	1.94261e+08	2.04311e+08	1.94888e+08	1.96395e+08	1.55363e+08	1.85871e+08	2.31259e+08	2.22537e+08	2.26061e+08	2.09746e+08	2.111e+08	1.92756e+08	2.09995e+08	1.96128e+08	1.57035e+08	1.87205e+08	1.8601e+08	2.08509e+08	1.3837e+08	1.95822e+08	1.85097e+08	1.68683e+08	1.75061e+08	1.69112e+08	1.68761e+08	1.40247e+08	1.35859e+08	1.64866e+08	1.63547e+08	1.34652e+08	2.65596e+08	2.90296e+08	2.6666e+08	2.72493e+08	2.66016e+08	1.92884e+08	2.1031e+08	2.43871e+08	2.43446e+08	2.46181e+08	2.09902e+08	2.16572e+08	2.66409e+08	2.5369e+08	2.53331e+08	2.47487e+08	2.60702e+08	2.59786e+08	2.52276e+08	2.5556e+08	2.8798e+08	3.17791e+08	2.8973e+08	2.50566e+08	1.87041e+08	2.09178e+08	1.8517e+08	2.1907e+08	2.16686e+08	2.13734e+08
ERR636646	2.13146e+08	2.67935e+08	2.17002e+08	2.2011e+08	2.0325e+08	2.90125e+08	2.07949e+08	2.27338e+08	2.28051e+08	2.19962e+08	1.88427e+08	2.32159e+08	2.28832e+08	2.25173e+08	2.44825e+08	1.71414e+08	1.73717e+08	2.50212e+08	2.05569e+08	1.6782e+08	1.87803e+08	1.60018e+08	1.97506e+08	2.03254e+08	4.1425e+08	3.25738e+08	3.2622e+08	2.48899e+08	2.84958e+08	2.93586e+08	2.26118e+08	2.43445e+08	3.08764e+08	2.85208e+08	2.47574e+08	2.46171e+08	2.64643e+08	2.76219e+08	2.62978e+08	2.66346e+08	2.15e+08	2.53297e+08	3.10308e+08	2.9861e+08	3.03322e+08	2.84233e+08	2.8439e+08	2.62132e+08	1.49254e+08	1.69895e+08	1.35162e+08	1.61722e+08	1.31495e+08	1.48006e+08	1.84477e+08	2.58678e+08	2.44986e+08	2.23899e+08	2.30746e+08	2.23646e+08	2.06886e+08	1.72744e+08	1.67081e+08	2.02393e+08	2.00399e+08	1.66271e+08	1.89426e+08	2.08374e+08	1.90553e+08	1.94436e+08	1.8989e+08	1.34475e+08	1.47598e+08	1.72512e+08	1.72504e+08	1.74563e+08	1.47058e+08	1.5191e+08	1.90557e+08	1.81302e+08	1.81061e+08	1.76239e+08	1.85235e+08	1.86373e+08	1.69392e+08	1.70946e+08	1.95672e+08	2.15883e+08	1.96402e+08	1.67354e+08	1.33677e+08	1.50142e+08	1.32432e+08	1.5773e+08	1.56316e+08	1.53832e+08
ERR636648	2.46344e+08	3.10536e+08	2.50683e+08	2.54372e+08	2.35444e+08	3.35947e+08	2.40772e+08	2.62884e+08	2.64061e+08	2.54294e+08	2.18298e+08	2.68644e+08	2.64236e+08	2.60213e+08	2.82788e+08	1.9715e+08	1.9983e+08	2.8915e+08	2.39007e+08	1.94956e+08	2.18456e+08	1.85835e+08	2.29442e+08	2.36042e+08	3.25738e+08	5.26015e+08	3.74763e+08	2.85465e+08	3.25493e+08	3.36924e+08	2.60591e+08	2.80669e+08	3.56636e+08	3.29921e+08	2.85638e+08	2.84047e+08	3.05379e+08	3.19019e+08	3.03801e+08	3.0747e+08	2.47693e+08	2.92251e+08	3.5962e+08	3.46011e+08	3.51418e+08	3.28882e+08	3.2927e+08	3.02973e+08	1.73731e+08	1.93173e+08	1.53775e+08	1.83735e+08	1.53152e+08	1.72147e+08	2.14346e+08	3.00519e+08	2.84472e+08	2.6011e+08	2.68421e+08	2.60139e+08	2.3933e+08	1.9964e+08	1.93279e+08	2.34136e+08	2.31818e+08	1.9209e+08	2.20718e+08	2.42342e+08	2.22009e+08	2.26497e+08	2.2135e+08	1.57226e+08	1.71667e+08	2.00801e+08	2.0081e+08	2.03288e+08	1.71372e+08	1.76896e+08	2.21853e+08	2.11152e+08	2.11079e+08	2.05475e+08	2.16101e+08	2.17134e+08	1.97308e+08	1.98984e+08	2.27592e+08	2.51168e+08	2.28665e+08	1.94933e+08	1.54838e+08	1.73661e+08	1.53156e+08	1.8246e+08	1.80889e+08	1.78005e+08
ERR636643	2.46425e+08	3.10668e+08	2.50829e+08	2.54547e+08	2.35442e+08	3.36131e+08	2.41085e+08	2.63269e+08	2.64422e+08	2.546e+08	2.18581e+08	2.6903e+08	2.64696e+08	2.6054e+08	2.83095e+08	1.97464e+08	2.00157e+08	2.89553e+08	2.39464e+08	1.95447e+08	2.18979e+08	1.86199e+08	2.29951e+08	2.36645e+08	3.2622e+08	3.74763e+08	5.27694e+08	2.86653e+08	3.25771e+08	3.38431e+08	2.61088e+08	2.81208e+08	3.57146e+08	3.30206e+08	2.85871e+08	2.84509e+08	3.05827e+08	3.19431e+08	3.04007e+08	3.07777e+08	2.47984e+08	2.92813e+08	3.60008e+08	3.46374e+08	3.51821e+08	3.29179e+08	3.29672e+08	3.03493e+08	1.74009e+08	1.93722e+08	1.54108e+08	1.84381e+08	1.53308e+08	1.72468e+08	2.14418e+08	3.00706e+08	2.84706e+08	2.60162e+08	2.68424e+08	2.60234e+08	2.39505e+08	1.9989e+08	1.93355e+08	2.34232e+08	2.3197e+08	1.92386e+08	2.21321e+08	2.43081e+08	2.22417e+08	2.2696e+08	2.21714e+08	1.57461e+08	1.72085e+08	2.01287e+08	2.01252e+08	2.03659e+08	1.71684e+08	1.77341e+08	2.22343e+08	2.11556e+08	2.11288e+08	2.05765e+08	2.16472e+08	2.17543e+08	1.97565e+08	1.99441e+08	2.27984e+08	2.51903e+08	2.29191e+08	1.95221e+08	1.55111e+08	1.7411e+08	1.53581e+08	1.82858e+08	1.8127e+08	1.78473e+08
ERR636645	1.87663e+08	2.35877e+08	1.9082e+08	1.93596e+08	1.80487e+08	2.5457e+08	1.83743e+08	1.99971e+08	2.01144e+08	1.93491e+08	1.67005e+08	2.04236e+08	2.01163e+08	1.98362e+08	2.15107e+08	1.50364e+08	1.52195e+08	2.19938e+08	1.81127e+08	1.48185e+08	1.66233e+08	1.41063e+08	1.7396e+08	1.7898e+08	2.48899e+08	2.85465e+08	2.86653e+08	3.33651e+08	2.48642e+08	2.58694e+08	1.98707e+08	2.13341e+08	2.69773e+08	2.50796e+08	2.17163e+08	2.15898e+08	2.32274e+08	2.42307e+08	2.31579e+08	2.33977e+08	1.8907e+08	2.22342e+08	2.73515e+08	2.63478e+08	2.67416e+08	2.49948e+08	2.50782e+08	2.30977e+08	1.31648e+08	1.38107e+08	1.10187e+08	1.31434e+08	1.16233e+08	1.30397e+08	1.64905e+08	2.29024e+08	2.16888e+08	1.98955e+08	2.05832e+08	1.99651e+08	1.82619e+08	1.53036e+08	1.48181e+08	1.78586e+08	1.77031e+08	1.47215e+08	1.66485e+08	1.82654e+08	1.67405e+08	1.71021e+08	1.66887e+08	1.19443e+08	1.29473e+08	1.50931e+08	1.50934e+08	1.52812e+08	1.29133e+08	1.33382e+08	1.67565e+08	1.59581e+08	1.59525e+08	1.55341e+08	1.63781e+08	1.63878e+08	1.49738e+08	1.51096e+08	1.71763e+08	1.89805e+08	1.73252e+08	1.48023e+08	1.1654e+08	1.30499e+08	1.1524e+08	1.36945e+08	1.35665e+08	1.33646e+08
ERR636647	2.13198e+08	2.67871e+08	2.17016e+08	2.20186e+08	2.03161e+08	2.90056e+08	2.07883e+08	2.27118e+08	2.27824e+08	2.19686e+08	1.88277e+08	2.31927e+08	2.28789e+08	2.25069e+08	2.44684e+08	1.71314e+08	1.7368e+08	2.50076e+08	2.05724e+08	1.68073e+08	1.88152e+08	1.60284e+08	1.977e+08	2.03389e+08	2.84958e+08	3.25493e+08	3.25771e+08	2.48642e+08	4.13675e+08	2.9318e+08	2.26219e+08	2.43526e+08	3.09019e+08	2.8554e+08	2.47763e+08	2.46469e+08	2.64782e+08	2.76317e+08	2.63123e+08	2.66325e+08	2.15119e+08	2.5342e+08	3.10496e+08	2.98803e+08	3.0338e+08	2.84197e+08	2.84471e+08	2.62168e+08	1.4937e+08	1.69908e+08	1.35116e+08	1.61693e+08	1.31636e+08	1.48177e+08	1.8445e+08	2.58586e+08	2.44861e+08	2.23902e+08	2.30721e+08	2.23602e+08	2.06982e+08	1.72767e+08	1.67101e+08	2.02342e+08	2.00607e+08	1.66371e+08	1.89571e+08	2.08324e+08	1.90686e+08	1.94475e+08	1.90044e+08	1.34622e+08	1.47672e+08	1.72604e+08	1.72643e+08	1.74683e+08	1.47085e+08	1.52077e+08	1.90722e+08	1.81492e+08	1.81134e+08	1.7636e+08	1.85419e+08	1.866e+08	1.69467e+08	1.71053e+08	1.95744e+08	2.15921e+08	1.96549e+08	1.67468e+08	1.33832e+08	1.50204e+08	1.32448e+08	1.578e+08	1.56411e+08	1.53932e+08
ERR636644	2.21277e+08	2.78708e+08	2.25306e+08	2.28533e+08	2.11873e+08	3.01497e+08	2.16505e+08	2.36334e+08	2.37395e+08	2.28506e+08	1.96288e+08	2.41341e+08	2.37469e+08	2.339e+08	2.54027e+08	1.77479e+08	1.79751e+08	2.5974e+08	2.14926e+08	1.75633e+08	1.96678e+08	1.67319e+08	2.06492e+08	2.12391e+08	2.93586e+08	3.36924e+08	3.38431e+08	2.58694e+08	2.9318e+08	4.3924e+08	2.34497e+08	2.52265e+08	3.19962e+08	2.96177e+08	2.56641e+08	2.55144e+08	2.74265e+08	2.86431e+08	2.72896e+08	2.76135e+08	2.22751e+08	2.62587e+08	3.22724e+08	3.10649e+08	3.15369e+08	2.95197e+08	2.95726e+08	2.72274e+08	1.55738e+08	1.71191e+08	1.36276e+08	1.62844e+08	1.374e+08	1.54458e+08	1.92679e+08	2.69418e+08	2.55178e+08	2.3359e+08	2.40981e+08	2.33701e+08	2.15052e+08	1.79613e+08	1.73804e+08	2.10186e+08	2.0829e+08	1.72918e+08	1.97696e+08	2.17115e+08	1.98729e+08	2.02886e+08	1.98039e+08	1.4094e+08	1.53799e+08	1.79668e+08	1.79621e+08	1.81832e+08	1.5339e+08	1.58371e+08	1.98921e+08	1.89317e+08	1.89178e+08	1.84206e+08	1.93727e+08	1.94636e+08	1.77036e+08	1.78722e+08	2.04003e+08	2.25409e+08	2.05249e+08	1.74992e+08	1.38505e+08	1.55544e+08	1.3724e+08	1.63314e+08	1.6183e+08	1.59327e+08
ERR612548	2.43399e+08	3.05228e+08	2.47782e+08	2.51187e+08	2.33425e+08	3.2931e+08	2.22678e+08	2.42579e+08	2.44222e+08	2.34613e+08	2.02479e+08	2.47408e+08	2.48264e+08	2.44708e+08	2.65296e+08	1.86147e+08	1.88734e+08	2.71091e+08	1.67921e+08	1.34816e+08	1.52208e+08	1.28426e+08	1.60351e+08	1.65428e+08	2.26118e+08	2.60591e+08	2.61088e+08	1.98707e+08	2.26219e+08	2.34497e+08	4.21449e+08	3.12547e+08	3.96041e+08	3.68542e+08	3.17978e+08	3.16268e+08	3.25929e+08	3.40402e+08	3.25028e+08	3.28092e+08	2.65098e+08	3.12322e+08	3.3374e+08	3.21816e+08	3.26508e+08	3.06707e+08	3.07462e+08	2.83983e+08	1.30681e+08	1.41863e+08	1.13236e+08	1.34937e+08	1.15342e+08	1.29344e+08	1.79266e+08	2.52138e+08	2.38549e+08	2.18387e+08	2.25035e+08	2.17873e+08	2.27357e+08	1.90205e+08	1.84381e+08	2.22418e+08	2.20098e+08	1.83441e+08	1.73337e+08	1.90219e+08	1.74259e+08	1.77644e+08	1.73696e+08	1.23156e+08	1.30837e+08	1.53056e+08	1.52841e+08	1.55048e+08	1.3069e+08	1.35079e+08	1.6922e+08	1.60909e+08	1.60839e+08	1.56696e+08	1.64654e+08	1.65656e+08	1.48818e+08	1.5004e+08	1.72233e+08	1.90624e+08	1.7305e+08	1.46889e+08	1.24325e+08	1.39866e+08	1.23149e+08	1.47149e+08	1.45545e+08	1.43375e+08
ERR612552	2.61295e+08	3.2771e+08	2.66188e+08	2.69655e+08	2.49754e+08	3.5368e+08	2.3922e+08	2.60835e+08	2.62271e+08	2.52239e+08	2.17213e+08	2.65971e+08	2.66607e+08	2.62776e+08	2.84932e+08	1.99901e+08	2.0272e+08	2.9135e+08	1.80799e+08	1.45167e+08	1.63848e+08	1.38416e+08	1.72782e+08	1.784e+08	2.43445e+08	2.80669e+08	2.81208e+08	2.13341e+08	2.43526e+08	2.52265e+08	3.12547e+08	4.7696e+08	4.25146e+08	3.94955e+08	3.43171e+08	3.41246e+08	3.50236e+08	3.66107e+08	3.49056e+08	3.52358e+08	2.84789e+08	3.35745e+08	3.58276e+08	3.45469e+08	3.50589e+08	3.29376e+08	3.3007e+08	3.04661e+08	1.40904e+08	1.56094e+08	1.24248e+08	1.48426e+08	1.24231e+08	1.39453e+08	1.92115e+08	2.70632e+08	2.56291e+08	2.34378e+08	2.4126e+08	2.3355e+08	2.43672e+08	2.03671e+08	1.97487e+08	2.38362e+08	2.35976e+08	1.96438e+08	1.8696e+08	2.05198e+08	1.87927e+08	1.91464e+08	1.87237e+08	1.32451e+08	1.41219e+08	1.65364e+08	1.65094e+08	1.67464e+08	1.41048e+08	1.45694e+08	1.82639e+08	1.73667e+08	1.73489e+08	1.68867e+08	1.7732e+08	1.78528e+08	1.60243e+08	1.61703e+08	1.85834e+08	2.0553e+08	1.86537e+08	1.58235e+08	1.34452e+08	1.51281e+08	1.33173e+08	1.59087e+08	1.57542e+08	1.55179e+08
ERR612547	3.30554e+08	4.1577e+08	3.36643e+08	3.41141e+08	3.15609e+08	4.49345e+08	3.03013e+08	3.30691e+08	3.32606e+08	3.19773e+08	2.75182e+08	3.37447e+08	3.36649e+08	3.31828e+08	3.6024e+08	2.51574e+08	2.55175e+08	3.68528e+08	2.32417e+08	1.86622e+08	2.10563e+08	1.77875e+08	2.22133e+08	2.29271e+08	3.08764e+08	3.56636e+08	3.57146e+08	2.69773e+08	3.09019e+08	3.19962e+08	3.96041e+08	4.25146e+08	7.21362e+08	5.02186e+08	4.32557e+08	4.30139e+08	4.43054e+08	4.6322e+08	4.41345e+08	4.45785e+08	3.589e+08	4.24251e+08	4.54851e+08	4.38211e+08	4.44517e+08	4.17734e+08	4.18302e+08	3.85787e+08	1.80916e+08	2.00917e+08	1.59855e+08	1.90935e+08	1.59344e+08	1.79202e+08	2.43718e+08	3.44423e+08	3.25804e+08	2.97737e+08	3.06407e+08	2.96694e+08	3.07921e+08	2.5699e+08	2.48896e+08	3.01321e+08	2.98113e+08	2.47702e+08	2.40062e+08	2.63547e+08	2.41106e+08	2.45756e+08	2.40327e+08	1.69807e+08	1.81433e+08	2.12514e+08	2.12309e+08	2.15319e+08	1.8135e+08	1.87214e+08	2.34445e+08	2.22914e+08	2.22537e+08	2.16784e+08	2.2768e+08	2.29373e+08	2.05803e+08	2.07615e+08	2.38902e+08	2.64338e+08	2.39779e+08	2.03159e+08	1.7247e+08	1.94098e+08	1.70765e+08	2.04078e+08	2.02166e+08	1.99087e+08
