	ERR613041	ERR613042	ERR613046	ERR613045	ERR613043	ERR613044	ERR613219	ERR613217	ERR613220	ERR613215	ERR613216	ERR613218	ERR635337	ERR635335	ERR635338	ERR635336	ERR635339	ERR635334	ERR607762	ERR607759	ERR607761	ERR607760	ERR637124	ERR637123	ERR636697	ERR636702	ERR636699	ERR636700	ERR636701	ERR636698	ERR629929	ERR629932	ERR629933	ERR629928	ERR629931	ERR629930	ERR618242	ERR618239	ERR618241	ERR618237	ERR618238	ERR618240	ERR630257	ERR630259	ERR630255	ERR630258	ERR630254	ERR630256	ERR617378	ERR617374	ERR617376	ERR617375	ERR617377	ERR617373	ERR632075	ERR632076	ERR632077	ERR632074	ERR632078	ERR632073	ERR631301	ERR631297	ERR631302	ERR631298	ERR631300	ERR631299	ERR631724	ERR631719	ERR631721	ERR631722	ERR631723	ERR631720	ERR626612	ERR626610	ERR626611	ERR626613	ERR626608	ERR626609	ERR605559	ERR605557	ERR605562	ERR605561	ERR605558	ERR605560	ERR636931	ERR636935	ERR636934	ERR636936	ERR636933	ERR636932	ERR612837	ERR612841	ERR612842	ERR612840	ERR612839	ERR612838
ERR613041	4.97795e+08	3.23106e+08	2.02171e+08	2.0681e+08	3.22215e+08	1.96541e+08	1.95949e+08	2.51091e+08	1.95308e+08	2.88488e+08	2.67813e+08	1.86569e+08	1.90175e+08	2.21821e+08	1.7673e+08	2.45107e+08	1.72482e+08	1.89076e+08	2.23683e+08	3.15697e+08	2.28816e+08	2.24898e+08	3.1713e+08	3.00626e+08	3.02928e+08	2.8313e+08	3.38919e+08	2.88502e+08	2.80868e+08	3.4242e+08	1.68273e+08	1.59163e+08	1.6239e+08	1.98545e+08	1.6373e+08	1.9524e+08	3.32288e+08	3.46315e+08	3.26929e+08	3.35823e+08	3.26683e+08	3.43343e+08	1.43469e+08	1.37915e+08	1.75767e+08	1.5465e+08	2.02233e+08	1.61827e+08	2.28256e+08	1.96903e+08	2.27773e+08	1.98195e+08	2.2633e+08	1.95392e+08	2.16474e+08	1.71785e+08	1.58384e+08	1.96167e+08	1.54815e+08	1.74157e+08	2.46084e+08	2.50621e+08	2.45451e+08	2.42565e+08	2.47408e+08	2.85236e+08	2.01346e+08	2.0146e+08	2.22326e+08	2.10291e+08	2.13626e+08	1.84467e+08	1.46953e+08	1.44017e+08	1.43788e+08	1.41854e+08	1.98752e+08	1.73887e+08	1.5564e+08	1.7627e+08	1.63069e+08	1.65042e+08	1.65089e+08	1.62203e+08	2.21067e+08	2.57388e+08	2.56879e+08	2.56653e+08	2.51119e+08	2.53588e+08	2.36981e+08	1.80614e+08	1.8403e+08	1.88696e+08	2.16412e+08	1.6436e+08
ERR613042	3.23106e+08	4.22864e+08	1.86098e+08	1.90357e+08	2.94307e+08	1.80869e+08	1.7808e+08	2.27608e+08	1.77693e+08	2.60392e+08	2.42356e+08	1.69971e+08	1.72456e+08	2.00731e+08	1.60346e+08	2.21581e+08	1.56505e+08	1.71446e+08	2.01873e+08	2.84501e+08	2.06541e+08	2.02993e+08	2.8554e+08	2.70967e+08	2.73339e+08	2.55857e+08	3.05856e+08	2.6065e+08	2.53854e+08	3.0866e+08	1.5093e+08	1.43076e+08	1.4587e+08	1.77919e+08	1.47183e+08	1.74965e+08	3.00309e+08	3.12799e+08	2.95609e+08	3.03779e+08	2.95282e+08	3.09804e+08	1.28877e+08	1.2423e+08	1.57895e+08	1.3887e+08	1.81673e+08	1.45323e+08	2.06138e+08	1.78125e+08	2.05729e+08	1.79379e+08	2.04365e+08	1.77242e+08	1.94448e+08	1.54685e+08	1.4265e+08	1.76152e+08	1.39401e+08	1.56815e+08	2.22166e+08	2.26144e+08	2.21483e+08	2.18801e+08	2.23195e+08	2.57176e+08	1.80518e+08	1.80599e+08	1.99097e+08	1.8857e+08	1.91467e+08	1.65291e+08	1.31503e+08	1.29268e+08	1.28634e+08	1.26918e+08	1.7793e+08	1.55674e+08	1.41386e+08	1.59898e+08	1.4786e+08	1.49609e+08	1.49637e+08	1.46946e+08	1.99796e+08	2.32521e+08	2.32183e+08	2.31908e+08	2.26944e+08	2.28704e+08	2.14345e+08	1.6386e+08	1.66782e+08	1.70936e+08	1.96202e+08	1.49522e+08
ERR613046	2.02171e+08	1.86098e+08	1.97774e+08	1.26015e+08	1.85804e+08	1.20428e+08	1.1517e+08	1.43735e+08	1.14761e+08	1.62619e+08	1.52228e+08	1.10378e+08	1.02493e+08	1.18947e+08	9.53127e+07	1.31126e+08	9.30472e+07	1.01775e+08	1.19658e+08	1.67814e+08	1.22333e+08	1.20168e+08	1.682e+08	1.59919e+08	1.63044e+08	1.52901e+08	1.81963e+08	1.55713e+08	1.51719e+08	1.8339e+08	8.76517e+07	8.31503e+07	8.47995e+07	1.03088e+08	8.55584e+07	1.01406e+08	1.79014e+08	1.85909e+08	1.76279e+08	1.81176e+08	1.75962e+08	1.84484e+08	7.4916e+07	7.22264e+07	9.18035e+07	8.06111e+07	1.05469e+08	8.4405e+07	1.27734e+08	1.11593e+08	1.27587e+08	1.12285e+08	1.2677e+08	1.11292e+08	1.1301e+08	9.02322e+07	8.31692e+07	1.0254e+08	8.13409e+07	9.13472e+07	1.32088e+08	1.34312e+08	1.31831e+08	1.29951e+08	1.32778e+08	1.52511e+08	1.05271e+08	1.05154e+08	1.15931e+08	1.09766e+08	1.11526e+08	9.62131e+07	7.66038e+07	7.54746e+07	7.49934e+07	7.38973e+07	1.03319e+08	9.06118e+07	8.91277e+07	1.00282e+08	9.26566e+07	9.3377e+07	9.36399e+07	9.17436e+07	1.19656e+08	1.39129e+08	1.38902e+08	1.38748e+08	1.35699e+08	1.36652e+08	1.33417e+08	1.0408e+08	1.05923e+08	1.08323e+08	1.23027e+08	9.59067e+07
ERR613045	2.0681e+08	1.90357e+08	1.26015e+08	2.04701e+08	1.89953e+08	1.22856e+08	1.17631e+08	1.46998e+08	1.1719e+08	1.66442e+08	1.55647e+08	1.12717e+08	1.05123e+08	1.21991e+08	9.7724e+07	1.34444e+08	9.54491e+07	1.04382e+08	1.22769e+08	1.72169e+08	1.25556e+08	1.2331e+08	1.72485e+08	1.64078e+08	1.67192e+08	1.56808e+08	1.86656e+08	1.59589e+08	1.55536e+08	1.88224e+08	9.00053e+07	8.53837e+07	8.71247e+07	1.05959e+08	8.78319e+07	1.04092e+08	1.83609e+08	1.90851e+08	1.8075e+08	1.85778e+08	1.80539e+08	1.89272e+08	7.69947e+07	7.4103e+07	9.42613e+07	8.28932e+07	1.08341e+08	8.67231e+07	1.3076e+08	1.14218e+08	1.3059e+08	1.14978e+08	1.2986e+08	1.13819e+08	1.15943e+08	9.24874e+07	8.5226e+07	1.05142e+08	8.34359e+07	9.36716e+07	1.35548e+08	1.37858e+08	1.35149e+08	1.33315e+08	1.36173e+08	1.564e+08	1.08138e+08	1.08077e+08	1.19093e+08	1.12806e+08	1.14606e+08	9.89021e+07	7.84736e+07	7.7397e+07	7.68483e+07	7.5881e+07	1.06094e+08	9.29539e+07	9.11231e+07	1.02428e+08	9.47686e+07	9.5491e+07	9.57523e+07	9.38078e+07	1.22866e+08	1.42699e+08	1.42511e+08	1.42374e+08	1.39258e+08	1.40266e+08	1.36346e+08	1.06231e+08	1.08168e+08	1.10562e+08	1.25667e+08	9.78414e+07
ERR613043	3.22215e+08	2.94307e+08	1.85804e+08	1.89953e+08	4.21005e+08	1.80556e+08	1.77874e+08	2.26996e+08	1.77212e+08	2.59675e+08	2.41692e+08	1.6957e+08	1.72337e+08	2.00501e+08	1.60172e+08	2.2116e+08	1.56429e+08	1.71225e+08	2.01385e+08	2.83764e+08	2.05962e+08	2.0229e+08	2.84652e+08	2.70163e+08	2.72327e+08	2.5476e+08	3.04633e+08	2.59459e+08	2.52739e+08	3.07242e+08	1.50534e+08	1.42641e+08	1.45424e+08	1.77362e+08	1.46743e+08	1.74348e+08	2.99239e+08	3.11544e+08	2.94566e+08	3.02621e+08	2.94179e+08	3.08781e+08	1.28604e+08	1.23793e+08	1.57594e+08	1.38482e+08	1.81201e+08	1.44799e+08	2.0549e+08	1.77656e+08	2.05101e+08	1.78878e+08	2.0385e+08	1.76746e+08	1.93752e+08	1.54341e+08	1.42198e+08	1.75509e+08	1.39016e+08	1.5632e+08	2.20834e+08	2.24837e+08	2.20124e+08	2.1739e+08	2.21874e+08	2.5562e+08	1.80046e+08	1.80037e+08	1.98463e+08	1.87939e+08	1.90921e+08	1.64705e+08	1.30993e+08	1.28709e+08	1.2819e+08	1.26358e+08	1.77186e+08	1.55108e+08	1.40974e+08	1.59408e+08	1.47478e+08	1.49248e+08	1.49341e+08	1.46514e+08	1.99426e+08	2.3213e+08	2.31808e+08	2.31405e+08	2.26383e+08	2.2827e+08	2.13771e+08	1.63448e+08	1.66518e+08	1.70647e+08	1.95594e+08	1.49273e+08
ERR613044	1.96541e+08	1.80869e+08	1.20428e+08	1.22856e+08	1.80556e+08	1.89092e+08	1.12361e+08	1.40085e+08	1.12007e+08	1.58442e+08	1.48241e+08	1.0767e+08	9.88783e+07	1.14851e+08	9.19791e+07	1.26514e+08	8.98072e+07	9.82071e+07	1.15761e+08	1.62173e+08	1.18387e+08	1.16284e+08	1.62655e+08	1.54616e+08	1.57977e+08	1.48157e+08	1.76279e+08	1.50792e+08	1.46876e+08	1.77639e+08	8.45077e+07	8.01763e+07	8.17589e+07	9.95466e+07	8.24283e+07	9.78409e+07	1.73074e+08	1.79984e+08	1.70461e+08	1.75031e+08	1.70224e+08	1.78454e+08	7.2121e+07	6.95282e+07	8.83197e+07	7.77516e+07	1.01601e+08	8.13286e+07	1.24129e+08	1.08608e+08	1.23856e+08	1.09205e+08	1.23219e+08	1.08068e+08	1.08752e+08	8.67754e+07	8.00259e+07	9.86626e+07	7.82031e+07	8.78852e+07	1.27637e+08	1.29838e+08	1.27362e+08	1.2567e+08	1.28293e+08	1.47351e+08	1.01639e+08	1.01585e+08	1.11921e+08	1.06051e+08	1.07579e+08	9.30157e+07	7.40542e+07	7.27939e+07	7.25489e+07	7.14706e+07	9.9894e+07	8.7523e+07	8.65854e+07	9.73381e+07	9.00305e+07	9.06664e+07	9.08297e+07	8.90727e+07	1.1582e+08	1.34509e+08	1.34299e+08	1.34226e+08	1.3126e+08	1.32266e+08	1.29494e+08	1.01214e+08	1.0299e+08	1.05265e+08	1.19353e+08	9.32048e+07
ERR613219	1.95949e+08	1.7808e+08	1.1517e+08	1.17631e+08	1.77874e+08	1.12361e+08	2.8164e+08	2.41904e+08	1.93292e+08	2.74308e+08	2.56435e+08	1.85822e+08	1.08597e+08	1.28633e+08	1.00668e+08	1.42184e+08	9.85394e+07	1.07582e+08	1.31409e+08	1.84823e+08	1.34543e+08	1.32111e+08	1.86691e+08	1.76354e+08	1.84317e+08	1.71124e+08	2.05328e+08	1.74332e+08	1.69961e+08	2.08645e+08	1.06821e+08	1.00365e+08	1.02336e+08	1.2667e+08	1.03201e+08	1.24421e+08	1.99413e+08	2.0799e+08	1.9652e+08	2.00195e+08	1.96357e+08	2.06634e+08	8.9746e+07	8.56483e+07	1.09699e+08	9.69519e+07	1.2677e+08	1.01271e+08	1.61828e+08	1.4031e+08	1.61252e+08	1.41033e+08	1.60421e+08	1.38434e+08	1.36925e+08	1.07684e+08	9.94049e+07	1.24062e+08	9.72201e+07	1.08875e+08	1.50198e+08	1.53252e+08	1.50055e+08	1.49032e+08	1.5083e+08	1.73969e+08	1.2962e+08	1.29991e+08	1.43713e+08	1.35451e+08	1.37211e+08	1.19695e+08	9.46984e+07	9.18184e+07	9.27207e+07	9.13518e+07	1.2702e+08	1.11171e+08	1.08015e+08	1.21686e+08	1.13119e+08	1.14084e+08	1.13688e+08	1.12011e+08	1.28871e+08	1.48828e+08	1.48376e+08	1.48382e+08	1.45616e+08	1.47858e+08	2.19296e+08	1.73182e+08	1.75958e+08	1.79661e+08	2.02882e+08	1.59271e+08
ERR613217	2.51091e+08	2.27608e+08	1.43735e+08	1.46998e+08	2.26996e+08	1.40085e+08	2.41904e+08	4.23819e+08	2.40349e+08	3.50381e+08	3.26241e+08	2.30414e+08	1.43702e+08	1.70496e+08	1.33125e+08	1.88669e+08	1.30276e+08	1.4235e+08	1.74566e+08	2.46354e+08	1.7873e+08	1.75637e+08	2.48713e+08	2.34766e+08	2.43449e+08	2.25518e+08	2.71517e+08	2.29786e+08	2.23998e+08	2.7619e+08	1.43275e+08	1.34378e+08	1.37063e+08	1.70084e+08	1.38212e+08	1.67024e+08	2.62991e+08	2.75007e+08	2.59287e+08	2.6418e+08	2.59123e+08	2.72883e+08	1.20239e+08	1.14644e+08	1.47018e+08	1.29849e+08	1.70071e+08	1.359e+08	2.08629e+08	1.79804e+08	2.07851e+08	1.80782e+08	2.06813e+08	1.77019e+08	1.83808e+08	1.44136e+08	1.33005e+08	1.6647e+08	1.30144e+08	1.45838e+08	1.99701e+08	2.03824e+08	1.99569e+08	1.98201e+08	2.00547e+08	2.31682e+08	1.73246e+08	1.73774e+08	1.92415e+08	1.81108e+08	1.83515e+08	1.60052e+08	1.26546e+08	1.22609e+08	1.23964e+08	1.22078e+08	1.6999e+08	1.48669e+08	1.38319e+08	1.56568e+08	1.45243e+08	1.46813e+08	1.46383e+08	1.44382e+08	1.71035e+08	1.97659e+08	1.97245e+08	1.9715e+08	1.93494e+08	1.96641e+08	2.779e+08	2.16831e+08	2.20433e+08	2.25199e+08	2.55815e+08	1.982e+08
ERR613220	1.95308e+08	1.77693e+08	1.14761e+08	1.1719e+08	1.77212e+08	1.12007e+08	1.93292e+08	2.40349e+08	2.79159e+08	2.72846e+08	2.54946e+08	1.84752e+08	1.08018e+08	1.28087e+08	1.00261e+08	1.41602e+08	9.81199e+07	1.06974e+08	1.30922e+08	1.84242e+08	1.34143e+08	1.31744e+08	1.85839e+08	1.75639e+08	1.83857e+08	1.70752e+08	2.04728e+08	1.73879e+08	1.6952e+08	2.08067e+08	1.06342e+08	9.9915e+07	1.01892e+08	1.26048e+08	1.02739e+08	1.23934e+08	1.98698e+08	2.07516e+08	1.95938e+08	1.99584e+08	1.95665e+08	2.05912e+08	8.91795e+07	8.50943e+07	1.09072e+08	9.64108e+07	1.26075e+08	1.00712e+08	1.61191e+08	1.39757e+08	1.6062e+08	1.40392e+08	1.59935e+08	1.37846e+08	1.36345e+08	1.07069e+08	9.8899e+07	1.23501e+08	9.67338e+07	1.08293e+08	1.4986e+08	1.52869e+08	1.49817e+08	1.48784e+08	1.50398e+08	1.73609e+08	1.29038e+08	1.29412e+08	1.43052e+08	1.34803e+08	1.36657e+08	1.19295e+08	9.42141e+07	9.14407e+07	9.23606e+07	9.09313e+07	1.26424e+08	1.10671e+08	1.07504e+08	1.21182e+08	1.12546e+08	1.13522e+08	1.13168e+08	1.11569e+08	1.28542e+08	1.48372e+08	1.4805e+08	1.48035e+08	1.45153e+08	1.47413e+08	2.17136e+08	1.71516e+08	1.74212e+08	1.77916e+08	2.008e+08	1.57711e+08
ERR613215	2.88488e+08	2.60392e+08	1.62619e+08	1.66442e+08	2.59675e+08	1.58442e+08	2.74308e+08	3.50381e+08	2.72846e+08	5.41701e+08	3.73831e+08	2.60875e+08	1.66425e+08	1.98493e+08	1.54285e+08	2.19655e+08	1.50933e+08	1.65134e+08	2.03957e+08	2.8792e+08	2.08731e+08	2.05238e+08	2.91442e+08	2.74657e+08	2.83589e+08	2.6222e+08	3.16143e+08	2.673e+08	2.60497e+08	3.22569e+08	1.68523e+08	1.57777e+08	1.60852e+08	2.00588e+08	1.6238e+08	1.97147e+08	3.05585e+08	3.20054e+08	3.01395e+08	3.06605e+08	3.0117e+08	3.17803e+08	1.41376e+08	1.34436e+08	1.72593e+08	1.52727e+08	1.99944e+08	1.59733e+08	2.41959e+08	2.07678e+08	2.41073e+08	2.08869e+08	2.39774e+08	2.03914e+08	2.16047e+08	1.68596e+08	1.55546e+08	1.95492e+08	1.52119e+08	1.70791e+08	2.33742e+08	2.38791e+08	2.3359e+08	2.32295e+08	2.34721e+08	2.71705e+08	2.03734e+08	2.04544e+08	2.26669e+08	2.13018e+08	2.15835e+08	1.88485e+08	1.49426e+08	1.44023e+08	1.4631e+08	1.4421e+08	2.00833e+08	1.75393e+08	1.59302e+08	1.8079e+08	1.67865e+08	1.69795e+08	1.68954e+08	1.66902e+08	2.00065e+08	2.31217e+08	2.30584e+08	2.30442e+08	2.26227e+08	2.30339e+08	3.19123e+08	2.47476e+08	2.51733e+08	2.57538e+08	2.92701e+08	2.25442e+08
ERR613216	2.67813e+08	2.42356e+08	1.52228e+08	1.55647e+08	2.41692e+08	1.48241e+08	2.56435e+08	3.26241e+08	2.54946e+08	3.73831e+08	4.74385e+08	2.44159e+08	1.53836e+08	1.82948e+08	1.42724e+08	2.02499e+08	1.39631e+08	1.52715e+08	1.87391e+08	2.64652e+08	1.91845e+08	1.88601e+08	2.67414e+08	2.52346e+08	2.61236e+08	2.41841e+08	2.91374e+08	2.46497e+08	2.4005e+08	2.96481e+08	1.54598e+08	1.44892e+08	1.47792e+08	1.83701e+08	1.49115e+08	1.80435e+08	2.81971e+08	2.94858e+08	2.77985e+08	2.83109e+08	2.77688e+08	2.9276e+08	1.29829e+08	1.23709e+08	1.58669e+08	1.40218e+08	1.83494e+08	1.46629e+08	2.23357e+08	1.92085e+08	2.22521e+08	1.93159e+08	2.21373e+08	1.89067e+08	1.98308e+08	1.55228e+08	1.43242e+08	1.79395e+08	1.40123e+08	1.57181e+08	2.14805e+08	2.1941e+08	2.14695e+08	2.13377e+08	2.15677e+08	2.49416e+08	1.86796e+08	1.87533e+08	2.07586e+08	1.95236e+08	1.9792e+08	1.725e+08	1.36596e+08	1.32073e+08	1.33749e+08	1.31796e+08	1.83672e+08	1.60422e+08	1.47672e+08	1.67427e+08	1.5537e+08	1.57096e+08	1.56543e+08	1.54429e+08	1.8387e+08	2.12657e+08	2.12033e+08	2.11957e+08	2.08105e+08	2.11405e+08	2.96874e+08	2.31012e+08	2.34849e+08	2.40081e+08	2.73091e+08	2.10928e+08
ERR613218	1.86569e+08	1.69971e+08	1.10378e+08	1.12717e+08	1.6957e+08	1.0767e+08	1.85822e+08	2.30414e+08	1.84752e+08	2.60875e+08	2.44159e+08	2.60063e+08	1.02821e+08	1.21814e+08	9.53968e+07	1.34429e+08	9.33717e+07	1.0182e+08	1.24188e+08	1.74571e+08	1.27105e+08	1.24859e+08	1.76103e+08	1.66532e+08	1.74395e+08	1.62032e+08	1.94103e+08	1.64955e+08	1.60806e+08	1.97104e+08	1.00555e+08	9.46217e+07	9.64573e+07	1.19144e+08	9.73146e+07	1.17068e+08	1.88806e+08	1.96836e+08	1.86031e+08	1.89543e+08	1.85701e+08	1.95506e+08	8.45525e+07	8.08082e+07	1.03404e+08	9.12804e+07	1.19406e+08	9.54273e+07	1.53713e+08	1.33481e+08	1.53285e+08	1.34201e+08	1.52476e+08	1.31794e+08	1.29114e+08	1.01561e+08	9.38006e+07	1.17082e+08	9.18092e+07	1.0277e+08	1.41761e+08	1.44512e+08	1.41561e+08	1.40601e+08	1.42347e+08	1.641e+08	1.22281e+08	1.22598e+08	1.35504e+08	1.27632e+08	1.29426e+08	1.12996e+08	8.91729e+07	8.66476e+07	8.73828e+07	8.60379e+07	1.19606e+08	1.04724e+08	1.0283e+08	1.15702e+08	1.07527e+08	1.08379e+08	1.0813e+08	1.0652e+08	1.21682e+08	1.40606e+08	1.4024e+08	1.40222e+08	1.3759e+08	1.39525e+08	2.08978e+08	1.65538e+08	1.67973e+08	1.71493e+08	1.93534e+08	1.52371e+08
ERR635337	1.90175e+08	1.72456e+08	1.02493e+08	1.05123e+08	1.72337e+08	9.88783e+07	1.08597e+08	1.43702e+08	1.08018e+08	1.66425e+08	1.53836e+08	1.02821e+08	2.52758e+08	1.82108e+08	1.47614e+08	2.00456e+08	1.443e+08	1.56868e+08	1.6006e+08	2.23281e+08	1.63746e+08	1.60776e+08	2.23604e+08	2.13011e+08	2.06651e+08	1.93672e+08	2.31083e+08	1.9729e+08	1.922e+08	2.3271e+08	1.13488e+08	1.07858e+08	1.1003e+08	1.33379e+08	1.11046e+08	1.31016e+08	2.39665e+08	2.4959e+08	2.3598e+08	2.43393e+08	2.35771e+08	2.47186e+08	9.67907e+07	9.35934e+07	1.18836e+08	1.04247e+08	1.36552e+08	1.0911e+08	1.35439e+08	1.15066e+08	1.35229e+08	1.1605e+08	1.34243e+08	1.14846e+08	1.46378e+08	1.17292e+08	1.0812e+08	1.32603e+08	1.05553e+08	1.18469e+08	1.64455e+08	1.6744e+08	1.63987e+08	1.6165e+08	1.65171e+08	1.91155e+08	1.34869e+08	1.34897e+08	1.48253e+08	1.40786e+08	1.42939e+08	1.23125e+08	9.5781e+07	9.48558e+07	9.37486e+07	9.25875e+07	1.30112e+08	1.13933e+08	9.05513e+07	1.03523e+08	9.561e+07	9.73354e+07	9.74344e+07	9.57442e+07	1.55222e+08	1.80271e+08	1.80109e+08	1.80012e+08	1.76042e+08	1.77155e+08	1.31452e+08	9.58993e+07	9.80708e+07	1.01064e+08	1.18931e+08	8.60939e+07
ERR635335	2.21821e+08	2.00731e+08	1.18947e+08	1.21991e+08	2.00501e+08	1.14851e+08	1.28633e+08	1.70496e+08	1.28087e+08	1.98493e+08	1.82948e+08	1.21814e+08	1.82108e+08	3.2623e+08	1.69338e+08	2.33618e+08	1.65731e+08	1.81494e+08	1.86576e+08	2.60387e+08	1.90843e+08	1.87438e+08	2.61193e+08	2.48428e+08	2.41601e+08	2.26145e+08	2.69968e+08	2.30261e+08	2.24285e+08	2.72831e+08	1.33302e+08	1.2624e+08	1.28736e+08	1.57133e+08	1.30029e+08	1.54421e+08	2.79283e+08	2.91076e+08	2.74905e+08	2.83105e+08	2.74917e+08	2.88496e+08	1.13494e+08	1.09132e+08	1.38925e+08	1.2219e+08	1.60045e+08	1.28006e+08	1.60267e+08	1.36033e+08	1.60063e+08	1.37082e+08	1.58831e+08	1.35122e+08	1.7167e+08	1.36513e+08	1.25787e+08	1.55515e+08	1.23007e+08	1.38264e+08	1.93011e+08	1.96498e+08	1.92363e+08	1.89982e+08	1.93721e+08	2.24384e+08	1.58346e+08	1.58431e+08	1.74543e+08	1.65446e+08	1.67898e+08	1.44861e+08	1.13216e+08	1.11307e+08	1.10778e+08	1.0935e+08	1.5341e+08	1.34398e+08	1.06512e+08	1.21844e+08	1.1261e+08	1.14656e+08	1.14644e+08	1.12684e+08	1.81221e+08	2.10531e+08	2.10341e+08	2.10039e+08	2.05541e+08	2.07112e+08	1.54923e+08	1.12961e+08	1.15626e+08	1.19051e+08	1.39776e+08	1.01153e+08
ERR635338	1.7673e+08	1.60346e+08	9.53127e+07	9.7724e+07	1.60172e+08	9.19791e+07	1.00668e+08	1.33125e+08	1.00261e+08	1.54285e+08	1.42724e+08	9.53968e+07	1.47614e+08	1.69338e+08	2.24664e+08	1.86259e+08	1.34269e+08	1.45903e+08	1.48644e+08	2.07229e+08	1.52104e+08	1.49341e+08	2.07541e+08	1.97815e+08	1.91743e+08	1.8013e+08	2.14507e+08	1.83109e+08	1.78445e+08	2.16115e+08	1.05273e+08	9.99305e+07	1.01976e+08	1.23698e+08	1.02959e+08	1.21529e+08	2.22613e+08	2.31701e+08	2.19171e+08	2.26106e+08	2.18983e+08	2.29462e+08	8.97857e+07	8.6722e+07	1.10235e+08	9.67037e+07	1.26488e+08	1.01176e+08	1.2565e+08	1.06673e+08	1.25342e+08	1.0749e+08	1.24481e+08	1.06466e+08	1.35689e+08	1.08674e+08	1.00165e+08	1.22931e+08	9.78741e+07	1.09833e+08	1.52614e+08	1.55423e+08	1.52157e+08	1.49997e+08	1.53405e+08	1.77366e+08	1.25041e+08	1.25012e+08	1.37487e+08	1.30471e+08	1.32539e+08	1.14069e+08	8.88372e+07	8.78898e+07	8.70077e+07	8.58707e+07	1.20686e+08	1.05581e+08	8.39077e+07	9.58883e+07	8.8486e+07	9.0314e+07	9.03637e+07	8.86587e+07	1.44287e+08	1.67652e+08	1.67433e+08	1.67202e+08	1.63652e+08	1.64531e+08	1.21877e+08	8.89113e+07	9.08867e+07	9.36381e+07	1.1022e+08	7.97673e+07
ERR635336	2.45107e+08	2.21581e+08	1.31126e+08	1.34444e+08	2.2116e+08	1.26514e+08	1.42184e+08	1.88669e+08	1.41602e+08	2.19655e+08	2.02499e+08	1.34429e+08	2.00456e+08	2.33618e+08	1.86259e+08	3.83045e+08	1.82199e+08	1.99682e+08	2.05789e+08	2.87913e+08	2.10574e+08	2.06802e+08	2.88864e+08	2.74611e+08	2.66639e+08	2.49329e+08	2.98114e+08	2.53811e+08	2.47297e+08	3.01098e+08	1.47988e+08	1.4e+08	1.42819e+08	1.74538e+08	1.44277e+08	1.71426e+08	3.07983e+08	3.2129e+08	3.03304e+08	3.12393e+08	3.03226e+08	3.18305e+08	1.25883e+08	1.21039e+08	1.54249e+08	1.35611e+08	1.77662e+08	1.4201e+08	1.78028e+08	1.50873e+08	1.77627e+08	1.52192e+08	1.76298e+08	1.49913e+08	1.90688e+08	1.51629e+08	1.39758e+08	1.72803e+08	1.36607e+08	1.53517e+08	2.13314e+08	2.17194e+08	2.12651e+08	2.1019e+08	2.14328e+08	2.48104e+08	1.7607e+08	1.76192e+08	1.94251e+08	1.8392e+08	1.86716e+08	1.61039e+08	1.25885e+08	1.23837e+08	1.23213e+08	1.21529e+08	1.70684e+08	1.49267e+08	1.18311e+08	1.35578e+08	1.25203e+08	1.27499e+08	1.27443e+08	1.25259e+08	1.99807e+08	2.32136e+08	2.3202e+08	2.31795e+08	2.26807e+08	2.28572e+08	1.72196e+08	1.25696e+08	1.28681e+08	1.3242e+08	1.55294e+08	1.1246e+08
ERR635339	1.72482e+08	1.56505e+08	9.30472e+07	9.54491e+07	1.56429e+08	8.98072e+07	9.85394e+07	1.30276e+08	9.81199e+07	1.50933e+08	1.39631e+08	9.33717e+07	1.443e+08	1.65731e+08	1.34269e+08	1.82199e+08	2.16594e+08	1.42639e+08	1.45541e+08	2.02665e+08	1.48806e+08	1.46063e+08	2.02985e+08	1.93336e+08	1.87559e+08	1.75916e+08	2.09774e+08	1.792e+08	1.74456e+08	2.11111e+08	1.02631e+08	9.74538e+07	9.95147e+07	1.20639e+08	1.00378e+08	1.18521e+08	2.17654e+08	2.26328e+08	2.14264e+08	2.20908e+08	2.14127e+08	2.24419e+08	8.76568e+07	8.44864e+07	1.0745e+08	9.42163e+07	1.23387e+08	9.8709e+07	1.22532e+08	1.04002e+08	1.22311e+08	1.04941e+08	1.2132e+08	1.03875e+08	1.32339e+08	1.05978e+08	9.7595e+07	1.19853e+08	9.54324e+07	1.07083e+08	1.48984e+08	1.51723e+08	1.48512e+08	1.465e+08	1.49737e+08	1.73147e+08	1.21921e+08	1.21929e+08	1.34132e+08	1.2735e+08	1.29248e+08	1.11331e+08	8.66542e+07	8.58012e+07	8.48106e+07	8.37127e+07	1.17677e+08	1.03014e+08	8.18594e+07	9.35033e+07	8.64195e+07	8.79867e+07	8.80875e+07	8.64046e+07	1.40836e+08	1.63797e+08	1.63504e+08	1.63431e+08	1.59852e+08	1.60706e+08	1.18957e+08	8.6785e+07	8.87723e+07	9.14219e+07	1.07545e+08	7.79022e+07
ERR635334	1.89076e+08	1.71446e+08	1.01775e+08	1.04382e+08	1.71225e+08	9.82071e+07	1.07582e+08	1.4235e+08	1.06974e+08	1.65134e+08	1.52715e+08	1.0182e+08	1.56868e+08	1.81494e+08	1.45903e+08	1.99682e+08	1.42639e+08	2.52542e+08	1.58908e+08	2.21758e+08	1.62539e+08	1.59702e+08	2.22095e+08	2.11468e+08	2.05076e+08	1.92538e+08	2.29439e+08	1.95913e+08	1.90713e+08	2.3113e+08	1.12861e+08	1.07181e+08	1.0936e+08	1.32745e+08	1.10357e+08	1.30422e+08	2.3799e+08	2.47627e+08	2.34233e+08	2.41813e+08	2.34043e+08	2.45385e+08	9.64678e+07	9.29301e+07	1.18225e+08	1.03723e+08	1.35849e+08	1.08708e+08	1.34722e+08	1.14479e+08	1.34613e+08	1.15405e+08	1.33505e+08	1.14176e+08	1.455e+08	1.16311e+08	1.07216e+08	1.31889e+08	1.04732e+08	1.177e+08	1.63285e+08	1.66118e+08	1.62674e+08	1.60436e+08	1.64075e+08	1.89792e+08	1.34071e+08	1.34027e+08	1.47472e+08	1.40065e+08	1.4217e+08	1.22371e+08	9.54104e+07	9.42464e+07	9.33701e+07	9.21494e+07	1.29454e+08	1.1334e+08	8.99517e+07	1.02946e+08	9.50027e+07	9.68125e+07	9.68704e+07	9.49681e+07	1.53979e+08	1.79049e+08	1.7906e+08	1.78655e+08	1.74757e+08	1.75761e+08	1.30806e+08	9.54231e+07	9.75532e+07	1.00506e+08	1.18315e+08	8.56348e+07
ERR607762	2.23683e+08	2.01873e+08	1.19658e+08	1.22769e+08	2.01385e+08	1.15761e+08	1.31409e+08	1.74566e+08	1.30922e+08	2.03957e+08	1.87391e+08	1.24188e+08	1.6006e+08	1.86576e+08	1.48644e+08	2.05789e+08	1.45541e+08	1.58908e+08	3.31711e+08	3.04054e+08	2.26344e+08	2.22595e+08	3.05773e+08	2.90721e+08	2.45849e+08	2.29346e+08	2.73961e+08	2.3359e+08	2.27494e+08	2.77694e+08	1.36659e+08	1.28815e+08	1.31484e+08	1.61168e+08	1.32704e+08	1.58376e+08	2.63856e+08	2.75991e+08	2.60276e+08	2.66764e+08	2.60262e+08	2.73486e+08	1.15692e+08	1.10875e+08	1.41296e+08	1.24829e+08	1.62652e+08	1.30361e+08	1.71386e+08	1.45687e+08	1.70843e+08	1.46836e+08	1.69865e+08	1.43617e+08	1.73879e+08	1.37474e+08	1.26763e+08	1.57538e+08	1.23796e+08	1.39083e+08	1.92794e+08	1.96544e+08	1.92314e+08	1.90437e+08	1.93597e+08	2.24407e+08	1.69278e+08	1.69402e+08	1.86674e+08	1.76457e+08	1.78942e+08	1.56204e+08	1.18119e+08	1.14909e+08	1.15578e+08	1.1396e+08	1.59233e+08	1.39382e+08	1.08395e+08	1.24472e+08	1.14992e+08	1.17034e+08	1.16646e+08	1.15079e+08	1.86165e+08	2.1571e+08	2.15162e+08	2.15015e+08	2.10938e+08	2.13368e+08	1.60722e+08	1.17957e+08	1.20746e+08	1.2423e+08	1.44562e+08	1.05106e+08
ERR607759	3.15697e+08	2.84501e+08	1.67814e+08	1.72169e+08	2.83764e+08	1.62173e+08	1.84823e+08	2.46354e+08	1.84242e+08	2.8792e+08	2.64652e+08	1.74571e+08	2.23281e+08	2.60387e+08	2.07229e+08	2.87913e+08	2.02665e+08	2.21758e+08	3.04054e+08	5.89986e+08	3.11101e+08	3.05733e+08	4.29531e+08	4.07669e+08	3.4378e+08	3.20383e+08	3.85287e+08	3.26734e+08	3.17903e+08	3.90006e+08	1.99374e+08	1.88308e+08	1.92196e+08	2.3514e+08	1.94038e+08	2.31051e+08	3.73089e+08	3.90161e+08	3.6778e+08	3.77327e+08	3.67503e+08	3.86528e+08	1.69211e+08	1.62427e+08	2.06786e+08	1.82409e+08	2.38061e+08	1.90613e+08	2.48022e+08	2.10657e+08	2.47327e+08	2.12361e+08	2.4568e+08	2.08069e+08	2.5478e+08	2.01768e+08	1.85987e+08	2.30727e+08	1.8167e+08	2.04246e+08	2.72625e+08	2.77931e+08	2.71968e+08	2.69226e+08	2.73802e+08	3.17927e+08	2.44427e+08	2.44623e+08	2.69649e+08	2.54997e+08	2.58654e+08	2.24941e+08	1.71893e+08	1.67789e+08	1.68154e+08	1.65808e+08	2.32302e+08	2.03037e+08	1.58555e+08	1.81741e+08	1.67853e+08	1.71007e+08	1.70615e+08	1.68035e+08	2.6026e+08	3.02535e+08	3.0165e+08	3.01578e+08	2.95807e+08	2.9875e+08	2.34428e+08	1.71576e+08	1.75526e+08	1.80695e+08	2.10992e+08	1.53061e+08
ERR607761	2.28816e+08	2.06541e+08	1.22333e+08	1.25556e+08	2.05962e+08	1.18387e+08	1.34543e+08	1.7873e+08	1.34143e+08	2.08731e+08	1.91845e+08	1.27105e+08	1.63746e+08	1.90843e+08	1.52104e+08	2.10574e+08	1.48806e+08	1.62539e+08	2.26344e+08	3.11101e+08	3.44538e+08	2.27528e+08	3.12975e+08	2.97483e+08	2.51326e+08	2.34586e+08	2.8055e+08	2.38991e+08	2.32805e+08	2.84191e+08	1.40351e+08	1.32288e+08	1.34915e+08	1.65374e+08	1.36207e+08	1.62598e+08	2.70264e+08	2.82571e+08	2.66583e+08	2.73227e+08	2.66617e+08	2.80014e+08	1.1877e+08	1.13759e+08	1.44898e+08	1.27963e+08	1.66787e+08	1.33774e+08	1.75806e+08	1.49447e+08	1.7527e+08	1.50632e+08	1.74179e+08	1.47219e+08	1.7845e+08	1.41034e+08	1.30039e+08	1.61665e+08	1.27111e+08	1.42823e+08	1.97464e+08	2.01186e+08	1.97017e+08	1.95034e+08	1.98317e+08	2.29912e+08	1.73676e+08	1.73899e+08	1.91666e+08	1.81037e+08	1.83678e+08	1.60201e+08	1.21184e+08	1.17985e+08	1.18514e+08	1.1689e+08	1.63312e+08	1.42906e+08	1.11387e+08	1.27747e+08	1.17984e+08	1.20217e+08	1.19753e+08	1.18248e+08	1.90498e+08	2.20699e+08	2.20209e+08	2.20056e+08	2.15885e+08	2.18279e+08	1.6505e+08	1.21012e+08	1.23891e+08	1.27527e+08	1.48336e+08	1.07851e+08
ERR607760	2.24898e+08	2.02993e+08	1.20168e+08	1.2331e+08	2.0229e+08	1.16284e+08	1.32111e+08	1.75637e+08	1.31744e+08	2.05238e+08	1.88601e+08	1.24859e+08	1.60776e+08	1.87438e+08	1.49341e+08	2.06802e+08	1.46063e+08	1.59702e+08	2.22595e+08	3.05733e+08	2.27528e+08	3.34926e+08	3.07639e+08	2.92454e+08	2.47191e+08	2.30583e+08	2.75503e+08	2.34803e+08	2.28691e+08	2.79377e+08	1.37665e+08	1.29684e+08	1.32367e+08	1.6231e+08	1.33551e+08	1.59582e+08	2.65206e+08	2.7734e+08	2.61537e+08	2.67964e+08	2.61646e+08	2.74683e+08	1.16459e+08	1.1162e+08	1.42297e+08	1.2564e+08	1.63534e+08	1.31236e+08	1.72855e+08	1.4681e+08	1.72206e+08	1.47947e+08	1.71119e+08	1.44621e+08	1.75007e+08	1.38321e+08	1.27525e+08	1.58506e+08	1.24527e+08	1.39882e+08	1.9395e+08	1.97769e+08	1.93464e+08	1.91472e+08	1.94785e+08	2.25867e+08	1.7057e+08	1.70815e+08	1.88079e+08	1.77677e+08	1.80303e+08	1.57305e+08	1.1898e+08	1.15751e+08	1.16326e+08	1.14783e+08	1.60361e+08	1.40258e+08	1.09261e+08	1.25354e+08	1.15855e+08	1.17938e+08	1.17528e+08	1.15924e+08	1.87108e+08	2.16849e+08	2.16412e+08	2.1622e+08	2.12186e+08	2.14547e+08	1.61884e+08	1.18739e+08	1.21548e+08	1.25044e+08	1.45461e+08	1.05815e+08
ERR637124	3.1713e+08	2.8554e+08	1.682e+08	1.72485e+08	2.84652e+08	1.62655e+08	1.86691e+08	2.48713e+08	1.85839e+08	2.91442e+08	2.67414e+08	1.76103e+08	2.23604e+08	2.61193e+08	2.07541e+08	2.88864e+08	2.02985e+08	2.22095e+08	3.05773e+08	4.29531e+08	3.12975e+08	3.07639e+08	5.95773e+08	4.09777e+08	3.45874e+08	3.22014e+08	3.87341e+08	3.28318e+08	3.19472e+08	3.92605e+08	2.00585e+08	1.89133e+08	1.93046e+08	2.36934e+08	1.94992e+08	2.32662e+08	3.74556e+08	3.91884e+08	3.69312e+08	3.78759e+08	3.69233e+08	3.88288e+08	1.69979e+08	1.62991e+08	2.0775e+08	1.83415e+08	2.39356e+08	1.91536e+08	2.50267e+08	2.12528e+08	2.49488e+08	2.14102e+08	2.47969e+08	2.09521e+08	2.56232e+08	2.02473e+08	1.86515e+08	2.31982e+08	1.82351e+08	2.04957e+08	2.74497e+08	2.79796e+08	2.73874e+08	2.71238e+08	2.75717e+08	3.20155e+08	2.45925e+08	2.4626e+08	2.71813e+08	2.56524e+08	2.60455e+08	2.26454e+08	1.73312e+08	1.6875e+08	1.69429e+08	1.6722e+08	2.34057e+08	2.04656e+08	1.59624e+08	1.83078e+08	1.6909e+08	1.72148e+08	1.71653e+08	1.69346e+08	2.61894e+08	3.04191e+08	3.03382e+08	3.03186e+08	2.97485e+08	3.00916e+08	2.36231e+08	1.72812e+08	1.7685e+08	1.8212e+08	2.12363e+08	1.54091e+08
ERR637123	3.00626e+08	2.70967e+08	1.59919e+08	1.64078e+08	2.70163e+08	1.54616e+08	1.76354e+08	2.34766e+08	1.75639e+08	2.74657e+08	2.52346e+08	1.66532e+08	2.13011e+08	2.48428e+08	1.97815e+08	2.74611e+08	1.93336e+08	2.11468e+08	2.90721e+08	4.07669e+08	2.97483e+08	2.92454e+08	4.09777e+08	5.42644e+08	3.28179e+08	3.05788e+08	3.67292e+08	3.11678e+08	3.03322e+08	3.71958e+08	1.89055e+08	1.78492e+08	1.82248e+08	2.22968e+08	1.83912e+08	2.19207e+08	3.55655e+08	3.71845e+08	3.5062e+08	3.59609e+08	3.50237e+08	3.68434e+08	1.60351e+08	1.5396e+08	1.96162e+08	1.72956e+08	2.25666e+08	1.80787e+08	2.35545e+08	2.00032e+08	2.34785e+08	2.01542e+08	2.33188e+08	1.97456e+08	2.41312e+08	1.90982e+08	1.76063e+08	2.1861e+08	1.72123e+08	1.93584e+08	2.59657e+08	2.64655e+08	2.59031e+08	2.56328e+08	2.6058e+08	3.02731e+08	2.32029e+08	2.32272e+08	2.56025e+08	2.42003e+08	2.45654e+08	2.13633e+08	1.63006e+08	1.5897e+08	1.59338e+08	1.57141e+08	2.20079e+08	1.92405e+08	1.50346e+08	1.72294e+08	1.59259e+08	1.62107e+08	1.61676e+08	1.59411e+08	2.48287e+08	2.88299e+08	2.87742e+08	2.8755e+08	2.82008e+08	2.84876e+08	2.22383e+08	1.62665e+08	1.66536e+08	1.71392e+08	2.00109e+08	1.45216e+08
ERR636697	3.02928e+08	2.73339e+08	1.63044e+08	1.67192e+08	2.72327e+08	1.57977e+08	1.84317e+08	2.43449e+08	1.83857e+08	2.83589e+08	2.61236e+08	1.74395e+08	2.06651e+08	2.41601e+08	1.91743e+08	2.66639e+08	1.87559e+08	2.05076e+08	2.45849e+08	3.4378e+08	2.51326e+08	2.47191e+08	3.45874e+08	3.28179e+08	5.02979e+08	3.30559e+08	3.96452e+08	3.36606e+08	3.27957e+08	4.01659e+08	1.7705e+08	1.67041e+08	1.70501e+08	2.0962e+08	1.72157e+08	2.05916e+08	3.57798e+08	3.73195e+08	3.52451e+08	3.61188e+08	3.52138e+08	3.7016e+08	1.49567e+08	1.43372e+08	1.82976e+08	1.61371e+08	2.1096e+08	1.68628e+08	2.15735e+08	1.82732e+08	2.1502e+08	1.84069e+08	2.13737e+08	1.80315e+08	2.27358e+08	1.79894e+08	1.65851e+08	2.05976e+08	1.62011e+08	1.82264e+08	2.61913e+08	2.66704e+08	2.61023e+08	2.58646e+08	2.62834e+08	3.0381e+08	2.12439e+08	2.12925e+08	2.35078e+08	2.21938e+08	2.25119e+08	1.95249e+08	1.54239e+08	1.50268e+08	1.50812e+08	1.48742e+08	2.08234e+08	1.82064e+08	1.42247e+08	1.6304e+08	1.50766e+08	1.53376e+08	1.53329e+08	1.50963e+08	2.37959e+08	2.76427e+08	2.75594e+08	2.75511e+08	2.69861e+08	2.72859e+08	2.10987e+08	1.54877e+08	1.58417e+08	1.63085e+08	1.89896e+08	1.38099e+08
ERR636702	2.8313e+08	2.55857e+08	1.52901e+08	1.56808e+08	2.5476e+08	1.48157e+08	1.71124e+08	2.25518e+08	1.70752e+08	2.6222e+08	2.41841e+08	1.62032e+08	1.93672e+08	2.26145e+08	1.8013e+08	2.49329e+08	1.75916e+08	1.92538e+08	2.29346e+08	3.20383e+08	2.34586e+08	2.30583e+08	3.22014e+08	3.05788e+08	3.30559e+08	4.45208e+08	3.68716e+08	3.1508e+08	3.07099e+08	3.73322e+08	1.64e+08	1.54875e+08	1.58079e+08	1.93835e+08	1.59476e+08	1.90477e+08	3.34193e+08	3.48272e+08	3.29278e+08	3.37519e+08	3.28795e+08	3.45537e+08	1.38731e+08	1.33256e+08	1.69795e+08	1.49684e+08	1.95611e+08	1.56403e+08	1.9887e+08	1.68506e+08	1.98357e+08	1.69909e+08	1.97049e+08	1.66704e+08	2.1067e+08	1.67124e+08	1.54035e+08	1.90931e+08	1.50496e+08	1.69046e+08	2.43631e+08	2.47975e+08	2.42917e+08	2.40468e+08	2.44655e+08	2.82505e+08	1.96665e+08	1.96901e+08	2.17361e+08	2.05291e+08	2.08257e+08	1.80552e+08	1.4262e+08	1.39231e+08	1.39315e+08	1.37521e+08	1.9249e+08	1.68315e+08	1.31515e+08	1.50666e+08	1.39291e+08	1.41841e+08	1.41737e+08	1.395e+08	2.21825e+08	2.57923e+08	2.5718e+08	2.57008e+08	2.51608e+08	2.54083e+08	1.95199e+08	1.43121e+08	1.4652e+08	1.50806e+08	1.75773e+08	1.27862e+08
ERR636699	3.38919e+08	3.05856e+08	1.81963e+08	1.86656e+08	3.04633e+08	1.76279e+08	2.05328e+08	2.71517e+08	2.04728e+08	3.16143e+08	2.91374e+08	1.94103e+08	2.31083e+08	2.69968e+08	2.14507e+08	2.98114e+08	2.09774e+08	2.29439e+08	2.73961e+08	3.85287e+08	2.8055e+08	2.75503e+08	3.87341e+08	3.67292e+08	3.96452e+08	3.68716e+08	6.11429e+08	3.75593e+08	3.65752e+08	4.48768e+08	2.00385e+08	1.89092e+08	1.92925e+08	2.36822e+08	1.94825e+08	2.32643e+08	4.00318e+08	4.17753e+08	3.94419e+08	4.04469e+08	3.9398e+08	4.14322e+08	1.6928e+08	1.62449e+08	2.07208e+08	1.82756e+08	2.38868e+08	1.90836e+08	2.43244e+08	2.06041e+08	2.42506e+08	2.07578e+08	2.40998e+08	2.03635e+08	2.57287e+08	2.03771e+08	1.87861e+08	2.33006e+08	1.83588e+08	2.06371e+08	2.93252e+08	2.98539e+08	2.92191e+08	2.89393e+08	2.94318e+08	3.40215e+08	2.39948e+08	2.40444e+08	2.6536e+08	2.50628e+08	2.5425e+08	2.20252e+08	1.7391e+08	1.69695e+08	1.70074e+08	1.67769e+08	2.34945e+08	2.05384e+08	1.60667e+08	1.84246e+08	1.70326e+08	1.73302e+08	1.73212e+08	1.70489e+08	2.65678e+08	3.08979e+08	3.08161e+08	3.08051e+08	3.0165e+08	3.04644e+08	2.38079e+08	1.74604e+08	1.78706e+08	1.83981e+08	2.14357e+08	1.55825e+08
ERR636700	2.88502e+08	2.6065e+08	1.55713e+08	1.59589e+08	2.59459e+08	1.50792e+08	1.74332e+08	2.29786e+08	1.73879e+08	2.673e+08	2.46497e+08	1.64955e+08	1.9729e+08	2.30261e+08	1.83109e+08	2.53811e+08	1.792e+08	1.95913e+08	2.3359e+08	3.26734e+08	2.38991e+08	2.34803e+08	3.28318e+08	3.11678e+08	3.36606e+08	3.1508e+08	3.75593e+08	4.58986e+08	3.12633e+08	3.80327e+08	1.67429e+08	1.58069e+08	1.61278e+08	1.97907e+08	1.62784e+08	1.94422e+08	3.40206e+08	3.54635e+08	3.35165e+08	3.43657e+08	3.34775e+08	3.51756e+08	1.41544e+08	1.35845e+08	1.73155e+08	1.52539e+08	1.99605e+08	1.59528e+08	2.03058e+08	1.72055e+08	2.02463e+08	1.73336e+08	2.01151e+08	1.70043e+08	2.14877e+08	1.70252e+08	1.5701e+08	1.94732e+08	1.53399e+08	1.72371e+08	2.48392e+08	2.52856e+08	2.47638e+08	2.45127e+08	2.49316e+08	2.87955e+08	2.00794e+08	2.00782e+08	2.21869e+08	2.09499e+08	2.12547e+08	1.84136e+08	1.45381e+08	1.41895e+08	1.42227e+08	1.40255e+08	1.96397e+08	1.71718e+08	1.3415e+08	1.5365e+08	1.42167e+08	1.44712e+08	1.44561e+08	1.42263e+08	2.26023e+08	2.62864e+08	2.6213e+08	2.61975e+08	2.5649e+08	2.5904e+08	1.98914e+08	1.45842e+08	1.49283e+08	1.53656e+08	1.79152e+08	1.30366e+08
ERR636701	2.80868e+08	2.53854e+08	1.51719e+08	1.55536e+08	2.52739e+08	1.46876e+08	1.69961e+08	2.23998e+08	1.6952e+08	2.60497e+08	2.4005e+08	1.60806e+08	1.922e+08	2.24285e+08	1.78445e+08	2.47297e+08	1.74456e+08	1.90713e+08	2.27494e+08	3.17903e+08	2.32805e+08	2.28691e+08	3.19472e+08	3.03322e+08	3.27957e+08	3.07099e+08	3.65752e+08	3.12633e+08	4.38921e+08	3.70361e+08	1.62644e+08	1.53527e+08	1.56729e+08	1.92115e+08	1.58175e+08	1.88766e+08	3.31295e+08	3.45318e+08	3.26356e+08	3.34592e+08	3.25971e+08	3.42568e+08	1.3745e+08	1.31928e+08	1.68157e+08	1.48315e+08	1.93786e+08	1.5499e+08	1.97318e+08	1.67035e+08	1.96741e+08	1.68469e+08	1.95293e+08	1.65166e+08	2.08833e+08	1.65566e+08	1.52629e+08	1.89149e+08	1.49199e+08	1.67641e+08	2.41818e+08	2.46045e+08	2.4112e+08	2.38586e+08	2.42742e+08	2.80199e+08	1.95119e+08	1.95309e+08	2.15593e+08	2.03579e+08	2.06639e+08	1.79012e+08	1.41396e+08	1.37945e+08	1.38192e+08	1.36446e+08	1.90945e+08	1.66905e+08	1.30436e+08	1.49463e+08	1.38258e+08	1.40712e+08	1.40556e+08	1.38353e+08	2.20175e+08	2.55913e+08	2.55143e+08	2.55081e+08	2.49593e+08	2.52268e+08	1.93605e+08	1.42004e+08	1.45319e+08	1.49552e+08	1.74399e+08	1.26844e+08
ERR636698	3.4242e+08	3.0866e+08	1.8339e+08	1.88224e+08	3.07242e+08	1.77639e+08	2.08645e+08	2.7619e+08	2.08067e+08	3.22569e+08	2.96481e+08	1.97104e+08	2.3271e+08	2.72831e+08	2.16115e+08	3.01098e+08	2.11111e+08	2.3113e+08	2.77694e+08	3.90006e+08	2.84191e+08	2.79377e+08	3.92605e+08	3.71958e+08	4.01659e+08	3.73322e+08	4.48768e+08	3.80327e+08	3.70361e+08	6.26696e+08	2.03104e+08	1.91267e+08	1.95281e+08	2.40666e+08	1.97333e+08	2.36391e+08	4.04303e+08	4.22295e+08	3.98405e+08	4.08142e+08	3.98094e+08	4.18971e+08	1.71423e+08	1.6421e+08	2.09723e+08	1.85e+08	2.41998e+08	1.93387e+08	2.4789e+08	2.0987e+08	2.47116e+08	2.11429e+08	2.45557e+08	2.06901e+08	2.60773e+08	2.05918e+08	1.89845e+08	2.36027e+08	1.855e+08	2.0856e+08	2.97058e+08	3.02813e+08	2.96361e+08	2.93719e+08	2.9824e+08	3.45188e+08	2.434e+08	2.43943e+08	2.69684e+08	2.54179e+08	2.57995e+08	2.23782e+08	1.76924e+08	1.72048e+08	1.73028e+08	1.70658e+08	2.3893e+08	2.08761e+08	1.63039e+08	1.86894e+08	1.72847e+08	1.75816e+08	1.75721e+08	1.73172e+08	2.69198e+08	3.12699e+08	3.12011e+08	3.11693e+08	3.05493e+08	3.09022e+08	2.41788e+08	1.77297e+08	1.81431e+08	1.86801e+08	2.17482e+08	1.58044e+08
ERR629929	1.68273e+08	1.5093e+08	8.76517e+07	9.00053e+07	1.50534e+08	8.45077e+07	1.06821e+08	1.43275e+08	1.06342e+08	1.68523e+08	1.54598e+08	1.00555e+08	1.13488e+08	1.33302e+08	1.05273e+08	1.47988e+08	1.02631e+08	1.12861e+08	1.36659e+08	1.99374e+08	1.40351e+08	1.37665e+08	2.00585e+08	1.89055e+08	1.7705e+08	1.64e+08	2.00385e+08	1.67429e+08	1.62644e+08	2.03104e+08	3.51114e+08	2.17297e+08	2.21476e+08	2.70387e+08	2.23404e+08	2.656e+08	2.00948e+08	2.11109e+08	1.97698e+08	2.0346e+08	1.97696e+08	2.08746e+08	1.71399e+08	1.64535e+08	2.0827e+08	1.84133e+08	2.39419e+08	1.92572e+08	2.40423e+08	2.04717e+08	2.39674e+08	2.06194e+08	2.3828e+08	2.02831e+08	2.59538e+08	2.07927e+08	1.91676e+08	2.35845e+08	1.87808e+08	2.10105e+08	1.7449e+08	1.78114e+08	1.7414e+08	1.72606e+08	1.75339e+08	2.03899e+08	2.38763e+08	2.38997e+08	2.62874e+08	2.48719e+08	2.52568e+08	2.19945e+08	1.7381e+08	1.70437e+08	1.69968e+08	1.67713e+08	2.33038e+08	2.0463e+08	1.65684e+08	1.8964e+08	1.75335e+08	1.78769e+08	1.78374e+08	1.75628e+08	1.31248e+08	1.53146e+08	1.52838e+08	1.52432e+08	1.4987e+08	1.51278e+08	2.34848e+08	1.73043e+08	1.77111e+08	1.8236e+08	2.12438e+08	1.54686e+08
ERR629932	1.59163e+08	1.43076e+08	8.31503e+07	8.53837e+07	1.42641e+08	8.01763e+07	1.00365e+08	1.34378e+08	9.9915e+07	1.57777e+08	1.44892e+08	9.46217e+07	1.07858e+08	1.2624e+08	9.99305e+07	1.4e+08	9.74538e+07	1.07181e+08	1.28815e+08	1.88308e+08	1.32288e+08	1.29684e+08	1.89133e+08	1.78492e+08	1.67041e+08	1.54875e+08	1.89092e+08	1.58069e+08	1.53527e+08	1.91267e+08	2.17297e+08	3.21031e+08	2.10714e+08	2.54633e+08	2.12438e+08	2.50418e+08	1.90176e+08	1.99325e+08	1.87104e+08	1.927e+08	1.87119e+08	1.97143e+08	1.62726e+08	1.56556e+08	1.97761e+08	1.74758e+08	2.26843e+08	1.82621e+08	2.26288e+08	1.92789e+08	2.25583e+08	1.9409e+08	2.24318e+08	1.91443e+08	2.45473e+08	1.97378e+08	1.81958e+08	2.23333e+08	1.78208e+08	1.99381e+08	1.64644e+08	1.67987e+08	1.64286e+08	1.62508e+08	1.65574e+08	1.92108e+08	2.26003e+08	2.26021e+08	2.48279e+08	2.3517e+08	2.38906e+08	2.07786e+08	1.64191e+08	1.61366e+08	1.60513e+08	1.58402e+08	2.20247e+08	1.93268e+08	1.56762e+08	1.79144e+08	1.6557e+08	1.69076e+08	1.68615e+08	1.66065e+08	1.23659e+08	1.44604e+08	1.441e+08	1.44081e+08	1.41508e+08	1.42446e+08	2.21996e+08	1.63621e+08	1.67541e+08	1.72187e+08	2.01139e+08	1.46501e+08
ERR629933	1.6239e+08	1.4587e+08	8.47995e+07	8.71247e+07	1.45424e+08	8.17589e+07	1.02336e+08	1.37063e+08	1.01892e+08	1.60852e+08	1.47792e+08	9.64573e+07	1.1003e+08	1.28736e+08	1.01976e+08	1.42819e+08	9.95147e+07	1.0936e+08	1.31484e+08	1.92196e+08	1.34915e+08	1.32367e+08	1.93046e+08	1.82248e+08	1.70501e+08	1.58079e+08	1.92925e+08	1.61278e+08	1.56729e+08	1.95281e+08	2.21476e+08	2.10714e+08	3.31123e+08	2.59615e+08	2.16527e+08	2.5525e+08	1.94128e+08	2.03506e+08	1.90934e+08	1.96624e+08	1.90797e+08	2.0131e+08	1.65593e+08	1.5938e+08	2.0123e+08	1.77824e+08	2.30871e+08	1.8587e+08	2.30731e+08	1.96782e+08	2.30059e+08	1.97988e+08	2.28798e+08	1.95306e+08	2.50496e+08	2.01296e+08	1.85535e+08	2.27784e+08	1.81765e+08	2.03348e+08	1.67847e+08	1.71249e+08	1.67462e+08	1.65776e+08	1.68793e+08	1.95966e+08	2.30391e+08	2.30193e+08	2.52957e+08	2.3977e+08	2.43415e+08	2.11686e+08	1.67294e+08	1.64415e+08	1.63607e+08	1.61368e+08	2.24379e+08	1.96947e+08	1.59737e+08	1.82516e+08	1.68709e+08	1.72184e+08	1.71806e+08	1.69226e+08	1.26296e+08	1.4753e+08	1.4711e+08	1.46906e+08	1.443e+08	1.45437e+08	2.26431e+08	1.66724e+08	1.70803e+08	1.75659e+08	2.05018e+08	1.49368e+08
