	ERR613041	ERR613042	ERR613046	ERR613045	ERR613043	ERR613044	ERR613219	ERR613217	ERR613220	ERR613215	ERR613216	ERR613218	ERR635337	ERR635335	ERR635338	ERR635336	ERR635339	ERR635334	ERR607762	ERR607759	ERR607761	ERR607760	ERR637124	ERR637123	ERR636697	ERR636702	ERR636699	ERR636700	ERR636701	ERR636698	ERR629929	ERR629932	ERR629933	ERR629928	ERR629931	ERR629930	ERR618242	ERR618239	ERR618241	ERR618237	ERR618238	ERR618240	ERR630257	ERR630259	ERR630255	ERR630258	ERR630254	ERR630256	ERR617378	ERR617374	ERR617376	ERR617375	ERR617377	ERR617373	ERR632075	ERR632076	ERR632077	ERR632074	ERR632078	ERR632073	ERR631301	ERR631297	ERR631302	ERR631298	ERR631300	ERR631299	ERR631724	ERR631719	ERR631721	ERR631722	ERR631723	ERR631720	ERR626612	ERR626610	ERR626611	ERR626613	ERR626608	ERR626609	ERR605559	ERR605557	ERR605562	ERR605561	ERR605558	ERR605560	ERR636931	ERR636935	ERR636934	ERR636936	ERR636933	ERR636932	ERR612837	ERR612841	ERR612842	ERR612840	ERR612839	ERR612838
ERR613041	0	0.769106	0.843407	0.839206	0.769617	0.847814	0.976398	0.952199	0.975782	0.942816	0.947509	0.981294	0.963187	0.948212	0.971115	0.936683	0.974387	0.96616	0.948196	0.913742	0.946032	0.94785	0.913965	0.918237	0.888374	0.892835	0.878266	0.890434	0.89345	0.879701	1.09316	1.09713	1.09546	1.0823	1.09516	1.08302	0.891769	0.88818	0.8935	0.891223	0.893372	0.889388	1.10555	1.10844	1.09108	1.09974	1.08261	1.09807	1.05453	1.06247	1.05375	1.06163	1.05504	1.06062	1.08291	1.09787	1.10312	1.08962	1.10517	1.09869	0.968163	0.966846	0.968729	0.971877	0.967421	0.955985	1.08452	1.08457	1.07813	1.08115	1.07973	1.09228	1.10333	1.10357	1.10469	1.10554	1.08176	1.09004	1.07474	1.06769	1.07313	1.07354	1.07267	1.07501	0.944093	0.925261	0.926319	0.925911	0.929433	0.930844	1.08765	1.1003	1.09946	1.09796	1.0927	1.10574
ERR613042	0.769106	0	0.84438	0.84023	0.777792	0.848966	0.98385	0.961616	0.982666	0.954924	0.958005	0.987372	0.972108	0.958702	0.979567	0.94809	0.982715	0.975049	0.960197	0.927803	0.958007	0.959798	0.928562	0.932025	0.902565	0.905892	0.892737	0.903725	0.90638	0.894891	1.103	1.10605	1.10469	1.09286	1.10414	1.09354	0.9048	0.901723	0.906158	0.903678	0.906262	0.903546	1.11444	1.1163	1.10044	1.10895	1.09225	1.10731	1.06298	1.07002	1.06216	1.06901	1.06354	1.06711	1.09257	1.10617	1.11119	1.09916	1.11325	1.10698	0.979332	0.978334	0.980145	0.983378	0.979008	0.968259	1.09482	1.09491	1.0891	1.09151	1.09033	1.1025	1.11359	1.11279	1.115	1.11578	1.09271	1.10066	1.08037	1.07403	1.07952	1.08002	1.07921	1.08169	0.955422	0.937443	0.938154	0.93794	0.941253	0.943832	1.09463	1.1059	1.10545	1.10414	1.09871	1.11029
ERR613046	0.843407	0.84438	0	0.864529	0.843905	0.868633	1.01194	1.00353	1.01152	1.00316	1.00301	1.01322	1.04076	1.03123	1.04674	1.02332	1.04922	1.04365	1.0323	1.00869	1.03088	1.03256	1.00994	1.01178	0.982907	0.984601	0.976452	0.983033	0.984939	0.978866	1.15532	1.15759	1.1564	1.14779	1.15596	1.14825	0.985039	0.98413	0.985929	0.983871	0.986377	0.984577	1.16434	1.16581	1.1529	1.16027	1.14671	1.15878	1.10075	1.10305	1.09974	1.10245	1.10086	1.09965	1.14665	1.15662	1.16086	1.15152	1.16232	1.15768	1.04646	1.0461	1.04663	1.0502	1.04594	1.0386	1.14746	1.148	1.14326	1.14532	1.14416	1.15425	1.16307	1.16177	1.16399	1.16498	1.14702	1.15276	1.11012	1.10623	1.1114	1.11323	1.1116	1.1146	1.02369	1.00947	1.01013	1.00992	1.0129	1.01534	1.12706	1.13065	1.13028	1.12979	1.1283	1.13154
ERR613045	0.839206	0.84023	0.864529	0	0.840169	0.866655	1.01004	1.00093	1.00972	1.00017	1.00052	1.0114	1.03715	1.02755	1.04336	1.01968	1.04565	1.0401	1.02846	1.00457	1.02686	1.02865	1.00607	1.00767	0.978721	0.980378	0.972001	0.979135	0.980926	0.974148	1.15263	1.15492	1.15356	1.14472	1.15336	1.14559	0.980763	0.979369	0.98182	0.97972	0.981938	0.980146	1.16151	1.16348	1.15021	1.15724	1.14381	1.15596	1.09852	1.1009	1.09755	1.10013	1.09839	1.09776	1.14412	1.15447	1.15882	1.14922	1.16001	1.15541	1.0427	1.04224	1.04331	1.04661	1.04244	1.03504	1.14456	1.14494	1.1403	1.14226	1.14111	1.15124	1.16114	1.15954	1.16198	1.16241	1.14423	1.15033	1.10841	1.10484	1.10956	1.11145	1.10985	1.11288	1.01936	1.0055	1.00602	1.00573	1.0087	1.01107	1.1256	1.12961	1.12907	1.12875	1.127	1.13066
ERR613043	0.769617	0.777792	0.843905	0.840169	0	0.848611	0.983299	0.961891	0.982934	0.955239	0.95831	0.987453	0.971285	0.958106	0.978972	0.947915	0.981811	0.974558	0.96032	0.928045	0.958348	0.960509	0.929118	0.932492	0.903553	0.907254	0.893951	0.905277	0.907808	0.896497	1.10315	1.10635	1.105	1.09321	1.10442	1.09403	0.905691	0.902918	0.907021	0.904735	0.907263	0.90427	1.11441	1.11675	1.10033	1.10916	1.0924	1.1078	1.06337	1.0702	1.06252	1.06925	1.06367	1.06736	1.09308	1.10618	1.11152	1.09969	1.11345	1.10731	0.98135	0.980244	0.982234	0.985612	0.980989	0.970373	1.09497	1.09525	1.08946	1.09193	1.09057	1.10298	1.11417	1.11352	1.11543	1.11653	1.09344	1.10117	1.08065	1.07438	1.07967	1.08011	1.07912	1.08198	0.955224	0.937132	0.937804	0.93792	0.941414	0.943653	1.09481	1.10601	1.10523	1.10396	1.09904	1.1101
ERR613044	0.847814	0.848966	0.868633	0.866655	0.848611	0	1.01303	1.00515	1.01241	1.00493	1.00503	1.01436	1.04663	1.0369	1.05237	1.02948	1.05474	1.04937	1.0371	1.01436	1.03555	1.03724	1.01528	1.01717	0.987672	0.989316	0.981397	0.98808	0.990126	0.983842	1.15934	1.16154	1.1604	1.15148	1.16018	1.15218	0.990894	0.989302	0.991677	0.990139	0.991905	0.990177	1.16861	1.17006	1.15758	1.16409	1.15113	1.16291	1.10295	1.1047	1.10232	1.10435	1.10299	1.10214	1.15137	1.16133	1.16533	1.15619	1.16699	1.16224	1.05153	1.05101	1.05179	1.05488	1.05106	1.04386	1.1512	1.15156	1.14709	1.14889	1.14822	1.15751	1.16622	1.16558	1.16693	1.16798	1.15036	1.1563	1.11235	1.1088	1.11356	1.11561	1.11435	1.117	1.02837	1.01493	1.01555	1.01507	1.01806	1.02016	1.12944	1.13239	1.13207	1.13176	1.13082	1.13348
ERR613219	0.976398	0.98385	1.01194	1.01004	0.983299	1.01303	0	0.774374	0.788225	0.771646	0.77258	0.791693	1.08901	1.07297	1.09526	1.065	1.09639	1.09235	1.06777	1.04556	1.06592	1.06757	1.0433	1.04775	1.01023	1.0166	1.00519	1.01501	1.01646	1.00337	1.14918	1.15431	1.15316	1.13893	1.15286	1.13986	1.01922	1.01635	1.01965	1.02197	1.0196	1.01621	1.16327	1.16754	1.15251	1.15806	1.14455	1.15724	1.07844	1.08384	1.07828	1.08359	1.07901	1.08431	1.14206	1.1566	1.16042	1.14746	1.16188	1.15802	1.06664	1.06491	1.06639	1.06671	1.06656	1.05798	1.13795	1.13727	1.13144	1.13503	1.13477	1.14189	1.15303	1.15632	1.15395	1.15503	1.13797	1.14454	1.10472	1.10031	1.10344	1.10506	1.1056	1.10672	1.06806	1.05861	1.05976	1.05911	1.06024	1.05893	0.997429	0.996888	0.99713	0.997162	0.997716	0.999275
ERR613217	0.952199	0.961616	1.00353	1.00093	0.961891	1.00515	0.774374	0	0.776199	0.733134	0.73813	0.782264	1.05919	1.04065	1.06637	1.03125	1.06772	1.06291	1.03385	1.00731	1.03177	1.03327	1.00503	1.01041	0.972335	0.980642	0.966047	0.978779	0.980458	0.963425	1.12124	1.12756	1.12616	1.10937	1.12585	1.11049	0.983173	0.978612	0.983431	0.985927	0.983268	0.979096	1.13736	1.1424	1.12523	1.13164	1.11597	1.1301	1.05849	1.06671	1.05839	1.06633	1.05911	1.06808	1.11297	1.13021	1.13458	1.11916	1.13607	1.13156	1.03218	1.03011	1.03178	1.03215	1.03209	1.02173	1.10986	1.10904	1.10197	1.10647	1.10607	1.11411	1.12675	1.13065	1.12762	1.12898	1.10943	1.11704	1.08912	1.08264	1.08676	1.08764	1.08801	1.08879	1.03459	1.02371	1.02456	1.02407	1.02529	1.02342	0.980644	0.986413	0.986366	0.986102	0.983585	0.992014
ERR613220	0.975782	0.982666	1.01152	1.00972	0.982934	1.01241	0.788225	0.776199	0	0.772482	0.773849	0.792861	1.08936	1.0729	1.09512	1.06487	1.09633	1.0928	1.06749	1.045	1.06533	1.06691	1.04337	1.0476	1.0093	1.01553	1.00445	1.01414	1.01559	1.00255	1.1492	1.15433	1.15314	1.13909	1.15288	1.1397	1.01882	1.01533	1.01896	1.02133	1.01918	1.01576	1.1638	1.1681	1.15289	1.15839	1.14487	1.15756	1.07826	1.08366	1.07809	1.08364	1.07847	1.08425	1.14201	1.15698	1.16061	1.14749	1.16204	1.15829	1.06576	1.06413	1.06525	1.06559	1.06593	1.057	1.13797	1.13729	1.1315	1.13515	1.13465	1.14156	1.15323	1.15623	1.1538	1.15509	1.13805	1.14457	1.10483	1.10021	1.10367	1.10524	1.10566	1.10655	1.06731	1.05804	1.05884	1.05824	1.05973	1.05834	1.00018	0.999522	0.999916	0.999841	1.00067	1.00198
ERR613215	0.942816	0.954924	1.00316	1.00017	0.955239	1.00493	0.771646	0.733134	0.772482	0	0.724644	0.780968	1.04903	1.02745	1.05616	1.01764	1.0577	1.05217	1.01868	0.99066	1.0167	1.018	0.986898	0.993392	0.955727	0.965447	0.949392	0.963258	0.965161	0.944856	1.10778	1.11504	1.11374	1.0943	1.11303	1.09518	0.968461	0.962819	0.968525	0.971976	0.968416	0.96294	1.12486	1.13102	1.11264	1.11874	1.1024	1.11735	1.0477	1.05792	1.04757	1.05741	1.04848	1.06044	1.09932	1.11909	1.12372	1.10615	1.12544	1.1201	1.01607	1.01345	1.01565	1.01541	1.01599	1.00411	1.09586	1.09466	1.0869	1.09222	1.09182	1.09983	1.11225	1.11813	1.11333	1.11446	1.09372	1.10229	1.08211	1.07444	1.07833	1.07897	1.08014	1.08034	1.0189	1.00744	1.00865	1.0082	1.00937	1.00648	0.972279	0.981436	0.981081	0.98007	0.977232	0.988885
ERR613216	0.947509	0.958005	1.00301	1.00052	0.95831	1.00503	0.77258	0.73813	0.773849	0.724644	0	0.780853	1.05427	1.03436	1.06096	1.02465	1.06245	1.05715	1.02724	0.999749	1.02515	1.02649	0.996984	1.00263	0.96457	0.973408	0.958104	0.971331	0.973581	0.955244	1.11463	1.12135	1.11991	1.10211	1.1194	1.10318	0.976096	0.971432	0.976389	0.979164	0.976456	0.971594	1.13095	1.13632	1.11865	1.12505	1.10926	1.12374	1.05352	1.06276	1.05343	1.06231	1.05422	1.06423	1.10619	1.12446	1.12893	1.11294	1.13053	1.1256	1.0246	1.02211	1.02412	1.02416	1.02458	1.01348	1.10322	1.10206	1.09491	1.09981	1.09923	1.10772	1.12016	1.12484	1.1212	1.12239	1.10203	1.11031	1.08571	1.07852	1.08257	1.08334	1.08395	1.08467	1.02732	1.01581	1.01708	1.01652	1.0176	1.01587	0.975476	0.982752	0.982706	0.982102	0.978832	0.988988
ERR613218	0.981294	0.987372	1.01322	1.0114	0.987453	1.01436	0.791693	0.782264	0.792861	0.780968	0.780853	0	1.09449	1.07869	1.10031	1.07152	1.10144	1.0979	1.07441	1.05293	1.07273	1.07418	1.05129	1.05518	1.01765	1.02353	1.01315	1.0223	1.02376	1.0117	1.15519	1.15976	1.15871	1.14545	1.15829	1.14625	1.02612	1.02353	1.02664	1.02882	1.02702	1.0235	1.16869	1.17248	1.15805	1.16379	1.1505	1.16276	1.0829	1.08763	1.08245	1.0873	1.08322	1.08783	1.14775	1.16189	1.16548	1.15277	1.1667	1.16305	1.0738	1.07248	1.07375	1.07405	1.07376	1.0656	1.14359	1.14302	1.1374	1.1411	1.14052	1.14724	1.15884	1.16145	1.15951	1.16075	1.14417	1.15046	1.108	1.10407	1.10726	1.10906	1.10919	1.11034	1.07503	1.06558	1.06653	1.06595	1.06712	1.06637	1.00161	0.999547	1.00044	1.00051	1.00138	1.00149
ERR635337	0.963187	0.972108	1.04076	1.03715	0.971285	1.04663	1.08901	1.05919	1.08936	1.04903	1.05427	1.09449	0	0.855357	0.87241	0.843529	0.875532	0.870759	0.945751	0.918478	0.943526	0.945962	0.920632	0.921777	0.916976	0.919411	0.907945	0.917352	0.919738	0.911373	1.1127	1.11477	1.11325	1.104	1.11264	1.10504	0.883496	0.880362	0.884739	0.87957	0.884699	0.882331	1.12412	1.12489	1.1099	1.11899	1.10247	1.11735	1.12276	1.13383	1.12196	1.13256	1.12329	1.13056	1.10224	1.1129	1.11793	1.1086	1.12028	1.11494	1.00169	1.00063	1.00234	1.00643	1.00152	0.989211	1.10706	1.10723	1.10278	1.10415	1.10304	1.11542	1.13318	1.13007	1.13429	1.13471	1.1125	1.11961	1.14461	1.1363	1.14102	1.13954	1.13864	1.14042	0.95264	0.935769	0.936151	0.935547	0.939277	0.942709	1.1679	1.18821	1.18672	1.18441	1.17405	1.19523
ERR635335	0.948212	0.958702	1.03123	1.02755	0.958106	1.0369	1.07297	1.04065	1.0729	1.02745	1.03436	1.07869	0.855357	0	0.865451	0.823559	0.867785	0.857536	0.930409	0.901642	0.928181	0.93054	0.902818	0.905045	0.898407	0.901782	0.889411	0.899937	0.902537	0.89062	1.10103	1.10446	1.10301	1.09083	1.10208	1.09176	0.865563	0.861711	0.867082	0.862794	0.866371	0.863213	1.11355	1.11625	1.09982	1.10834	1.09115	1.10632	1.10898	1.12096	1.10804	1.1199	1.10958	1.11913	1.09067	1.1045	1.10983	1.09731	1.11167	1.10564	0.985103	0.98404	0.986051	0.989371	0.985284	0.971903	1.0953	1.09536	1.08981	1.09192	1.09094	1.10329	1.12033	1.11951	1.12161	1.12222	1.09947	1.10676	1.1339	1.12501	1.12973	1.12814	1.12756	1.12934	0.936651	0.918812	0.919214	0.919146	0.922641	0.92542	1.15768	1.17906	1.17726	1.17508	1.16488	1.18703
ERR635338	0.971115	0.979567	1.04674	1.04336	0.978972	1.05237	1.09526	1.06637	1.09512	1.05616	1.06096	1.10031	0.87241	0.865451	0	0.854483	0.884675	0.8803	0.95446	0.928226	0.952146	0.954543	0.930292	0.931078	0.926934	0.927839	0.917862	0.927124	0.92924	0.920915	1.11819	1.12063	1.11903	1.10975	1.11829	1.11071	0.893639	0.890971	0.894911	0.889725	0.894852	0.892908	1.12937	1.13049	1.11545	1.12434	1.10868	1.12287	1.128	1.13907	1.12751	1.1381	1.12868	1.13589	1.1082	1.11878	1.12374	1.11439	1.12574	1.12058	1.00946	1.00831	1.01017	1.01414	1.0089	0.99735	1.11286	1.11317	1.10858	1.11015	1.10888	1.12127	1.13829	1.13557	1.13918	1.13981	1.11802	1.12529	1.14976	1.14175	1.14662	1.1444	1.14366	1.14587	0.960656	0.943883	0.944496	0.944401	0.947552	0.951453	1.17241	1.19231	1.19095	1.18876	1.17854	1.19935
ERR635336	0.936683	0.94809	1.02332	1.01968	0.947915	1.02948	1.065	1.03125	1.06487	1.01764	1.02465	1.07152	0.843529	0.823559	0.854483	0	0.857258	0.846146	0.919432	0.888097	0.916903	0.91938	0.889175	0.891816	0.886037	0.890211	0.87635	0.888459	0.890936	0.878013	1.09222	1.09614	1.09451	1.08148	1.0935	1.08266	0.852679	0.847991	0.853883	0.849348	0.853373	0.849867	1.10547	1.10827	1.09092	1.09987	1.08204	1.09793	1.10022	1.11313	1.0996	1.11168	1.10111	1.11113	1.08131	1.09562	1.10102	1.08804	1.10308	1.09693	0.974628	0.973467	0.975472	0.97846	0.974236	0.960752	1.0857	1.08571	1.07967	1.08229	1.08113	1.09405	1.11161	1.11055	1.11283	1.11372	1.08979	1.09798	1.12597	1.1162	1.12135	1.11966	1.11916	1.12102	0.926096	0.907695	0.907848	0.907477	0.911148	0.913926	1.15032	1.17208	1.17018	1.16808	1.15787	1.18054
ERR635339	0.974387	0.982715	1.04922	1.04565	0.981811	1.05474	1.09639	1.06772	1.09633	1.0577	1.06245	1.10144	0.875532	0.867785	0.884675	0.857258	0	0.883303	0.956056	0.930659	0.954227	0.956761	0.932664	0.933876	0.929246	0.931125	0.920388	0.929139	0.931869	0.924113	1.12057	1.12288	1.12108	1.11208	1.12066	1.11304	0.896478	0.894456	0.897813	0.893082	0.897612	0.895546	1.1312	1.13298	1.11792	1.12687	1.11093	1.12497	1.1302	1.14124	1.12951	1.13986	1.13106	1.13786	1.11052	1.12106	1.12625	1.11678	1.128	1.12291	1.01226	1.01113	1.01304	1.01667	1.01176	1.00025	1.11523	1.11545	1.1108	1.11219	1.11125	1.12326	1.14032	1.13736	1.14142	1.142	1.12035	1.12734	1.15165	1.14385	1.14821	1.14675	1.14583	1.1481	0.963958	0.946793	0.947681	0.947043	0.950565	0.95445	1.17399	1.19374	1.19223	1.19015	1.18016	1.2006
ERR635334	0.96616	0.975049	1.04365	1.0401	0.974558	1.04937	1.09235	1.06291	1.0928	1.05217	1.05715	1.0979	0.870759	0.857536	0.8803	0.846146	0.883303	0	0.949702	0.922493	0.947601	0.949609	0.92458	0.92602	0.921514	0.922814	0.912266	0.921482	0.924314	0.915445	1.11444	1.11676	1.11519	1.10552	1.11461	1.10649	0.888015	0.885524	0.889526	0.883787	0.889438	0.887067	1.12507	1.12706	1.11153	1.12052	1.10415	1.11845	1.12436	1.1353	1.12332	1.13418	1.12495	1.13229	1.10422	1.11561	1.12059	1.11033	1.12272	1.117	1.00501	1.00435	1.00609	1.0099	1.00461	0.992667	1.10898	1.10934	1.10451	1.10581	1.1048	1.11735	1.13427	1.13199	1.13543	1.13606	1.11409	1.1212	1.14647	1.1379	1.14283	1.14106	1.14029	1.14277	0.95698	0.93958	0.939384	0.939815	0.943359	0.947086	1.16913	1.18933	1.18792	1.1857	1.1753	1.1964
ERR607762	0.948196	0.960197	1.0323	1.02846	0.96032	1.0371	1.06777	1.03385	1.06749	1.01868	1.02724	1.07441	0.945751	0.930409	0.95446	0.919432	0.956056	0.949702	0	0.790816	0.812982	0.815079	0.790155	0.793431	0.892317	0.897996	0.885069	0.895932	0.89866	0.884243	1.09505	1.10023	1.09842	1.08444	1.09775	1.08541	0.909995	0.904216	0.909975	0.90923	0.909402	0.9057	1.10982	1.1137	1.09671	1.10376	1.08823	1.10282	1.08777	1.10018	1.08747	1.09897	1.08839	1.10093	1.08901	1.10496	1.11004	1.09564	1.11234	1.10649	0.99001	0.988258	0.990497	0.99242	0.989936	0.976342	1.0731	1.07308	1.06697	1.07036	1.06959	1.0784	1.10876	1.11154	1.11008	1.11111	1.08886	1.09674	1.13098	1.12073	1.12566	1.12418	1.12464	1.12523	0.925341	0.90863	0.9101	0.909548	0.911528	0.911939	1.14944	1.16983	1.16793	1.16586	1.15777	1.17942
ERR607759	0.913742	0.927803	1.00869	1.00457	0.928045	1.01436	1.04556	1.00731	1.045	0.99066	0.999749	1.05293	0.918478	0.901642	0.928226	0.888097	0.930659	0.922493	0.790816	0	0.787374	0.79022	0.742305	0.747674	0.858976	0.86588	0.846769	0.862698	0.866358	0.84689	1.06014	1.06519	1.06317	1.04813	1.06228	1.04926	0.870342	0.864091	0.870799	0.869254	0.870664	0.86591	1.07583	1.0796	1.06073	1.06933	1.05107	1.06802	1.05533	1.06954	1.05484	1.06811	1.05627	1.06959	1.05148	1.06895	1.07485	1.05921	1.07738	1.07045	0.958444	0.956518	0.958932	0.961221	0.958279	0.942349	1.03989	1.03984	1.03287	1.03647	1.0355	1.04698	1.0766	1.07842	1.07819	1.07932	1.05315	1.06268	1.0997	1.08881	1.09446	1.09242	1.09256	1.09386	0.895018	0.874628	0.876504	0.875587	0.877873	0.879411	1.12144	1.14509	1.14317	1.14069	1.13057	1.15545
ERR607761	0.946032	0.958007	1.03088	1.02686	0.958348	1.03555	1.06592	1.03177	1.06533	1.0167	1.02515	1.07273	0.943526	0.928181	0.952146	0.916903	0.954227	0.947601	0.812982	0.787374	0	0.812656	0.786388	0.789941	0.890245	0.895582	0.881759	0.893325	0.895923	0.88137	1.09222	1.09748	1.09596	1.08185	1.09518	1.08262	0.906747	0.901201	0.90676	0.906011	0.906064	0.902681	1.10729	1.1114	1.09445	1.10169	1.08592	1.10037	1.08532	1.09783	1.08497	1.0966	1.08609	1.09885	1.08639	1.10263	1.10777	1.09312	1.10977	1.10382	0.987442	0.985987	0.987817	0.989914	0.987291	0.973509	1.07044	1.07021	1.06396	1.06769	1.06672	1.07595	1.10644	1.10897	1.10796	1.10889	1.08648	1.09455	1.12834	1.1184	1.12347	1.12159	1.12223	1.12255	0.922837	0.906104	0.907378	0.906827	0.908816	0.909508	1.14718	1.16804	1.16609	1.16387	1.15583	1.17766
ERR607760	0.94785	0.959798	1.03256	1.02865	0.960509	1.03724	1.06757	1.03327	1.06691	1.018	1.02649	1.07418	0.945962	0.93054	0.954543	0.91938	0.956761	0.949609	0.815079	0.79022	0.812656	0	0.789057	0.79246	0.891899	0.897628	0.884527	0.895696	0.898378	0.883402	1.09413	1.09955	1.09775	1.08359	1.0972	1.08437	0.909816	0.904181	0.90997	0.909448	0.909093	0.905996	1.1092	1.11306	1.0959	1.10317	1.08801	1.10216	1.08637	1.09915	1.08629	1.09799	1.08744	1.10017	1.0884	1.1045	1.10964	1.09517	1.11197	1.10617	0.989414	0.987537	0.989909	0.992116	0.989269	0.97545	1.072	1.0717	1.06589	1.06954	1.06849	1.07755	1.10791	1.11069	1.10952	1.11029	1.08802	1.09622	1.12999	1.11999	1.1248	1.12324	1.12375	1.12442	0.9252	0.908346	0.909477	0.909053	0.910836	0.911498	1.14873	1.16934	1.16744	1.1654	1.15738	1.17893
ERR637124	0.913965	0.928562	1.00994	1.00607	0.929118	1.01528	1.0433	1.00503	1.04337	0.986898	0.996984	1.05129	0.920632	0.902818	0.930292	0.889175	0.932664	0.92458	0.790155	0.742305	0.786388	0.789057	0	0.747406	0.858099	0.865738	0.846438	0.86273	0.866326	0.845553	1.05966	1.06539	1.06336	1.04696	1.06227	1.04837	0.871024	0.864435	0.871315	0.870036	0.870795	0.866152	1.07597	1.08015	1.06083	1.06909	1.05083	1.06804	1.05359	1.06794	1.05323	1.06678	1.05442	1.06876	1.05114	1.0695	1.07565	1.05899	1.07782	1.07101	0.957335	0.955492	0.957745	0.959784	0.957096	0.941107	1.03935	1.03905	1.03146	1.03599	1.03458	1.0462	1.07529	1.0781	1.07714	1.07792	1.05203	1.06143	1.09904	1.08789	1.09356	1.09177	1.09212	1.0928	0.894094	0.874219	0.875909	0.875278	0.877331	0.877772	1.12051	1.1444	1.14237	1.13977	1.13006	1.15492
ERR637123	0.918237	0.932025	1.01178	1.00767	0.932492	1.01717	1.04775	1.01041	1.0476	0.993392	1.00263	1.05518	0.921777	0.905045	0.931078	0.891816	0.933876	0.92602	0.793431	0.747674	0.789941	0.79246	0.747406	0	0.862355	0.869333	0.851295	0.866575	0.870039	0.851076	1.06478	1.06991	1.06776	1.05296	1.06707	1.05385	0.874626	0.868606	0.875026	0.873719	0.875131	0.870302	1.08048	1.08409	1.0652	1.07386	1.05599	1.07245	1.05941	1.07348	1.05911	1.07228	1.06057	1.07378	1.05674	1.07416	1.07992	1.0642	1.08208	1.07512	0.962323	0.960536	0.962805	0.965269	0.962581	0.946548	1.04437	1.04422	1.03736	1.04112	1.03984	1.05117	1.08096	1.0831	1.08282	1.08387	1.05828	1.06754	1.10375	1.09309	1.09837	1.09668	1.09695	1.09782	0.898534	0.879103	0.880265	0.879656	0.882017	0.883386	1.12503	1.14853	1.1464	1.14404	1.1341	1.15853
ERR636697	0.888374	0.902565	0.982907	0.978721	0.903553	0.987672	1.01023	0.972335	1.0093	0.955727	0.96457	1.01765	0.916976	0.898407	0.926934	0.886037	0.929246	0.921514	0.892317	0.858976	0.890245	0.891899	0.858099	0.862355	0	0.776476	0.755122	0.77387	0.777186	0.754442	1.07582	1.08102	1.07908	1.06286	1.0782	1.06406	0.842299	0.837615	0.843342	0.842562	0.843301	0.838639	1.09242	1.09648	1.07778	1.08597	1.06807	1.08473	1.07939	1.09349	1.07914	1.09246	1.08018	1.09389	1.06564	1.08264	1.08821	1.07286	1.0906	1.08374	0.935323	0.933964	0.936438	0.938289	0.935627	0.921496	1.0655	1.06485	1.05778	1.06179	1.06089	1.07253	1.08755	1.09002	1.08926	1.09026	1.06542	1.07443	1.10985	1.09938	1.10439	1.10294	1.10236	1.10373	0.901533	0.881953	0.883855	0.882999	0.886203	0.886922	1.12976	1.1518	1.14997	1.14756	1.1386	1.162
ERR636702	0.892835	0.905892	0.984601	0.980378	0.907254	0.989316	1.0166	0.980642	1.01553	0.965447	0.973408	1.02353	0.919411	0.901782	0.927839	0.890211	0.931125	0.922814	0.897996	0.86588	0.895582	0.897628	0.865738	0.869333	0.776476	0	0.765894	0.778446	0.781396	0.765816	1.08185	1.08659	1.0847	1.06986	1.08416	1.07088	0.847811	0.843854	0.848661	0.847713	0.849055	0.844648	1.09761	1.10087	1.08308	1.09128	1.07386	1.09009	1.08717	1.10077	1.08664	1.0994	1.0879	1.10024	1.07175	1.08743	1.09301	1.07868	1.09529	1.08913	0.94209	0.941025	0.942907	0.945303	0.941984	0.928734	1.07198	1.07178	1.06492	1.06867	1.06776	1.07929	1.09398	1.09565	1.09601	1.09667	1.07248	1.08124	1.11581	1.10575	1.11073	1.10897	1.10856	1.11002	0.907547	0.88765	0.889435	0.888839	0.892343	0.893898	1.13508	1.15698	1.15495	1.15265	1.14358	1.16643
ERR636699	0.878266	0.892737	0.976452	0.972001	0.893951	0.981397	1.00519	0.966047	1.00445	0.949392	0.958104	1.01315	0.907945	0.889411	0.917862	0.87635	0.920388	0.912266	0.885069	0.846769	0.881759	0.884527	0.846438	0.851295	0.755122	0.765894	0	0.762892	0.766778	0.741661	1.06538	1.0707	1.06886	1.05271	1.06789	1.05393	0.830904	0.825689	0.831812	0.830477	0.831946	0.826808	1.08258	1.08637	1.06718	1.07565	1.05717	1.07466	1.07059	1.08512	1.07022	1.084	1.0714	1.08494	1.05489	1.07212	1.07791	1.06252	1.08023	1.07343	0.925946	0.924712	0.927225	0.929412	0.926182	0.911659	1.05554	1.05496	1.04781	1.05178	1.0508	1.06333	1.079	1.08095	1.0807	1.08167	1.05591	1.06528	1.10136	1.09036	1.09564	1.09408	1.09357	1.09509	0.89317	0.872342	0.874034	0.873194	0.876674	0.878232	1.12223	1.1452	1.14313	1.14063	1.13122	1.15543
ERR636700	0.890434	0.903725	0.983033	0.979135	0.905277	0.98808	1.01501	0.978779	1.01414	0.963258	0.971331	1.0223	0.917352	0.899937	0.927124	0.888459	0.929139	0.921482	0.895932	0.862698	0.893325	0.895696	0.86273	0.866575	0.77387	0.778446	0.762892	0	0.779061	0.762713	1.07975	1.08463	1.08287	1.06763	1.08214	1.06878	0.845846	0.841662	0.846785	0.845605	0.846951	0.842666	1.09586	1.09943	1.08141	1.08992	1.07189	1.0884	1.08505	1.09875	1.08466	1.09769	1.08588	1.09859	1.06995	1.08618	1.09157	1.07694	1.09388	1.08754	0.939654	0.938499	0.940539	0.942983	0.939832	0.926357	1.06977	1.07007	1.06276	1.06664	1.06568	1.07758	1.09253	1.09429	1.09401	1.09505	1.07055	1.0794	1.11425	1.10421	1.10893	1.1073	1.10699	1.1085	0.905264	0.88509	0.886826	0.886173	0.889652	0.891147	1.13394	1.15595	1.15395	1.15163	1.14242	1.16529
ERR636701	0.89345	0.90638	0.984939	0.980926	0.907808	0.990126	1.01646	0.980458	1.01559	0.965161	0.973581	1.02376	0.919738	0.902537	0.92924	0.890936	0.931869	0.924314	0.89866	0.866358	0.895923	0.898378	0.866326	0.870039	0.777186	0.781396	0.766778	0.779061	0	0.766603	1.08231	1.0872	1.08525	1.07057	1.08457	1.07164	0.849018	0.844927	0.850018	0.848919	0.850195	0.845804	1.0984	1.10191	1.08406	1.09205	1.07475	1.09082	1.08744	1.10136	1.08705	1.0999	1.08859	1.10101	1.07241	1.08827	1.09376	1.07955	1.09585	1.08959	0.942301	0.94144	0.943092	0.945739	0.942421	0.929397	1.07229	1.07218	1.06535	1.06918	1.06803	1.07985	1.09454	1.09644	1.09636	1.09694	1.07286	1.08174	1.11619	1.10607	1.11084	1.10928	1.10899	1.11041	0.907775	0.888137	0.890007	0.889121	0.89297	0.893938	1.13542	1.15719	1.15527	1.15301	1.1438	1.16667
ERR636698	0.879701	0.894891	0.978866	0.974148	0.896497	0.983842	1.00337	0.963425	1.00255	0.944856	0.955244	1.0117	0.911373	0.89062	0.920915	0.878013	0.924113	0.915445	0.884243	0.84689	0.88137	0.883402	0.845553	0.851076	0.754442	0.765816	0.741661	0.762713	0.766603	0	1.06492	1.07106	1.06894	1.0511	1.06771	1.05239	0.832812	0.826897	0.833598	0.833064	0.83347	0.827741	1.08249	1.08695	1.06729	1.0757	1.05688	1.07428	1.06796	1.0828	1.06762	1.08169	1.06884	1.08358	1.05441	1.07286	1.07862	1.06229	1.08099	1.07413	0.925597	0.923543	0.926092	0.927876	0.925625	0.910259	1.05472	1.05407	1.04616	1.05104	1.04983	1.06187	1.07712	1.0804	1.07881	1.07984	1.05402	1.06366	1.10052	1.08964	1.09478	1.09332	1.09281	1.09389	0.892612	0.872601	0.873973	0.873604	0.876444	0.876874	1.12119	1.1443	1.14228	1.13975	1.13053	1.15491
ERR629929	1.09316	1.103	1.15532	1.15263	1.10315	1.15934	1.14918	1.12124	1.1492	1.10778	1.11463	1.15519	1.1127	1.10103	1.11819	1.09222	1.12057	1.11444	1.09505	1.06014	1.09222	1.09413	1.05966	1.06478	1.07582	1.08185	1.06538	1.07975	1.08231	1.06492	0	0.839968	0.837207	0.810157	0.836209	0.812599	1.06419	1.05873	1.06526	1.06311	1.06488	1.06056	0.945333	0.95093	0.926188	0.937666	0.912623	0.935211	0.941456	0.959977	0.940953	0.958462	0.942458	0.958312	0.90497	0.924504	0.933567	0.914624	0.9356	0.927929	1.05015	1.04814	1.05035	1.05154	1.04979	1.03709	0.914765	0.914585	0.905941	0.9108	0.908677	0.924348	0.947502	0.947568	0.950072	0.951357	0.917351	0.928696	0.963851	0.947784	0.955952	0.952335	0.952502	0.954685	1.10284	1.09068	1.09133	1.09175	1.09208	1.09309	1.01781	1.04859	1.04563	1.04201	1.02855	1.0625
ERR629932	1.09713	1.10605	1.15759	1.15492	1.10635	1.16154	1.15431	1.12756	1.15433	1.11504	1.12135	1.15976	1.11477	1.10446	1.12063	1.09614	1.12288	1.11676	1.10023	1.06519	1.09748	1.09955	1.06539	1.06991	1.08102	1.08659	1.0707	1.08463	1.0872	1.07106	0.839968	0	0.841085	0.822607	0.8405	0.824037	1.06837	1.06394	1.06941	1.06699	1.069	1.06563	0.949487	0.953756	0.930473	0.942103	0.91844	0.940155	0.950685	0.968439	0.950196	0.967213	0.951541	0.965573	0.912035	0.928985	0.937918	0.92076	0.940185	0.932566	1.05578	1.054	1.05604	1.05806	1.0551	1.04361	0.921156	0.92154	0.913884	0.917946	0.915607	0.931758	0.9545	0.953281	0.957192	0.958384	0.924644	0.936175	0.969674	0.954779	0.962993	0.95857	0.959026	0.961013	1.10803	1.09533	1.09651	1.09599	1.0967	1.09869	1.02321	1.05336	1.05026	1.04749	1.03304	1.0664
ERR629933	1.09546	1.10469	1.1564	1.15356	1.105	1.1604	1.15316	1.12616	1.15314	1.11374	1.11991	1.15871	1.11325	1.10301	1.11903	1.09451	1.12108	1.11519	1.09842	1.06317	1.09596	1.09775	1.06336	1.06776	1.07908	1.0847	1.06886	1.08287	1.08525	1.06894	0.837207	0.841085	0	0.819455	0.837728	0.821114	1.06631	1.06178	1.06748	1.06509	1.06739	1.06342	0.948335	0.95238	0.929305	0.94097	0.917102	0.93887	0.948391	0.965672	0.947778	0.964779	0.949061	0.963076	0.908961	0.926418	0.935528	0.918084	0.937633	0.929997	1.05418	1.05241	1.0545	1.0562	1.0535	1.04168	0.918803	0.91978	0.911846	0.915485	0.913558	0.92986	0.952641	0.95142	0.955139	0.956645	0.922714	0.934139	0.967853	0.952965	0.961145	0.957022	0.957178	0.959114	1.10607	1.09366	1.09461	1.09455	1.09522	1.09677	1.0212	1.05196	1.04863	1.04555	1.0314	1.06481
ERR629928	1.0823	1.09286	1.14779	1.14472	1.09321	1.15148	1.13893	1.10937	1.13909	1.0943	1.10211	1.14545	1.104	1.09083	1.10975	1.08148	1.11208	1.10552	1.08444	1.04813	1.08185	1.08359	1.04696	1.05296	1.06286	1.06986	1.05271	1.06763	1.07057	1.0511	0.810157	0.822607	0.819455	0	0.818478	0.789656	1.05242	1.04632	1.05309	1.05174	1.05272	1.04836	0.931784	0.938801	0.911806	0.923206	0.89711	0.921037	0.924336	0.944542	0.923999	0.943286	0.925506	0.94382	0.888421	0.911248	0.920431	0.89834	0.922499	0.914182	1.03806	1.03574	1.03821	1.03903	1.03775	1.0243	0.898474	0.898043	0.888475	0.894125	0.892157	0.908098	0.931132	0.933198	0.933826	0.93527	0.898889	0.911658	0.949749	0.932663	0.941195	0.937548	0.937526	0.939086	1.09147	1.07885	1.07984	1.07986	1.08037	1.08043	1.00481	1.0373	1.03407	1.03011	1.01635	1.0522
ERR629931	1.09516	1.10414	1.15596	1.15336	1.10442	1.16018	1.15286	1.12585	1.15288	1.11303	1.1194	1.15829	1.11264	1.10208	1.11829	1.0935	1.12066	1.11461	1.09775	1.06228	1.09518	1.0972	1.06227	1.06707	1.0782	1.08416	1.06789	1.08214	1.08457	1.06771	0.836209	0.8405	0.837728	0.818478	0	0.820155	1.06591	1.06106	1.0669	1.06433	1.06664	1.06282	0.947191	0.951715	0.927782	0.939504	0.915855	0.93781	0.948281	0.965832	0.94751	0.96426	0.948747	0.962829	0.908538	0.926613	0.934673	0.917203	0.937575	0.929496	1.0538	1.05188	1.05414	1.05568	1.05324	1.04128	0.918513	0.918852	0.911031	0.914826	0.912857	0.929038	0.951897	0.950533	0.954202	0.95567	0.921279	0.933028	0.966807	0.95174	0.959805	0.956331	0.956148	0.958176	1.10564	1.09295	1.0938	1.09355	1.09439	1.09588	1.02092	1.05162	1.04822	1.04526	1.03083	1.06462
ERR629930	1.08302	1.09354	1.14825	1.14559	1.09403	1.15218	1.13986	1.11049	1.1397	1.09518	1.10318	1.14625	1.10504	1.09176	1.11071	1.08266	1.11304	1.10649	1.08541	1.04926	1.08262	1.08437	1.04837	1.05385	1.06406	1.07088	1.05393	1.06878	1.07164	1.05239	0.812599	0.824037	0.821114	0.789656	0.820155	0	1.05338	1.04754	1.05414	1.05243	1.05369	1.04929	0.933451	0.940263	0.913256	0.92464	0.898901	0.92273	0.92542	0.945296	0.925235	0.944159	0.926641	0.944744	0.89005	0.912604	0.921625	0.900375	0.923797	0.91588	1.03897	1.03697	1.0391	1.0401	1.03837	1.02511	0.899792	0.899786	0.89004	0.895408	0.893549	0.909802	0.932796	0.934469	0.935261	0.936895	0.900543	0.913349	0.951061	0.934727	0.943109	0.93893	0.939582	0.941164	1.09256	1.07994	1.08111	1.08083	1.0816	1.08191	1.00586	1.03846	1.0352	1.03157	1.01767	1.05345
ERR618242	0.891769	0.9048	0.985039	0.980763	0.905691	0.990894	1.01922	0.983173	1.01882	0.968461	0.976096	1.02612	0.883496	0.865563	0.893639	0.852679	0.896478	0.888015	0.909995	0.870342	0.906747	0.909816	0.871024	0.874626	0.842299	0.847811	0.830904	0.845846	0.849018	0.832812	1.06419	1.06837	1.06631	1.05242	1.06591	1.05338	0	0.73623	0.739298	0.738924	0.742798	0.733783	1.07863	1.08127	1.06279	1.07229	1.05296	1.07045	1.07063	1.08461	1.06978	1.08331	1.07141	1.08296	1.0553	1.07075	1.07656	1.06273	1.0792	1.07233	0.923348	0.921947	0.924205	0.92752	0.923394	0.909356	1.05596	1.05619	1.0492	1.05255	1.05132	1.06524	1.08266	1.08229	1.08383	1.08522	1.05853	1.06807	1.10186	1.09162	1.09708	1.09519	1.09485	1.09673	0.911433	0.890911	0.892122	0.891219	0.895297	0.898049	1.12222	1.14571	1.14393	1.14125	1.1307	1.15506
ERR618239	0.88818	0.901723	0.98413	0.979369	0.902918	0.989302	1.01635	0.978612	1.01533	0.962819	0.971432	1.02353	0.880362	0.861711	0.890971	0.847991	0.894456	0.885524	0.904216	0.864091	0.901201	0.904181	0.864435	0.868606	0.837615	0.843854	0.825689	0.841662	0.844927	0.826897	1.05873	1.06394	1.06178	1.04632	1.06106	1.04754	0.73623	0	0.738126	0.733022	0.736415	0.732172	1.07426	1.07774	1.05807	1.06774	1.0482	1.06609	1.06427	1.07927	1.06381	1.07768	1.06529	1.07773	1.04993	1.06636	1.07219	1.05771	1.07484	1.06793	0.919796	0.917592	0.920043	0.923001	0.919482	0.904853	1.05063	1.05078	1.04363	1.04701	1.04563	1.0595	1.07683	1.07748	1.07839	1.0797	1.0529	1.06223	1.09683	1.08589	1.09159	1.08965	1.0891	1.09114	0.906025	0.88562	0.887398	0.886387	0.889855	0.89202	1.11799	1.1417	1.1398	1.13729	1.12669	1.15168
ERR618241	0.8935	0.906158	0.985929	0.98182	0.907021	0.991677	1.01965	0.983431	1.01896	0.968525	0.976389	1.02664	0.884739	0.867082	0.894911	0.853883	0.897813	0.889526	0.909975	0.870799	0.90676	0.90997	0.871315	0.875026	0.843342	0.848661	0.831812	0.846785	0.850018	0.833598	1.06526	1.06941	1.06748	1.05309	1.0669	1.05414	0.739298	0.738126	0	0.741331	0.744948	0.735945	1.07972	1.08265	1.06392	1.07317	1.0543	1.07163	1.07115	1.0854	1.07048	1.08416	1.07201	1.0838	1.05604	1.07191	1.07753	1.0635	1.08025	1.07327	0.924816	0.92331	0.925042	0.928425	0.924422	0.910615	1.05677	1.05713	1.05002	1.0532	1.05185	1.06567	1.08336	1.08304	1.08473	1.08586	1.05957	1.06857	1.10256	1.09226	1.09787	1.09593	1.09517	1.09733	0.911248	0.891063	0.892821	0.891535	0.895693	0.898147	1.12297	1.14618	1.14429	1.14202	1.13137	1.15573
ERR618237	0.891223	0.903678	0.983871	0.97972	0.904735	0.990139	1.02197	0.985927	1.02133	0.971976	0.979164	1.02882	0.87957	0.862794	0.889725	0.849348	0.893082	0.883787	0.90923	0.869254	0.906011	0.909448	0.870036	0.873719	0.842562	0.847713	0.830477	0.845605	0.848919	0.833064	1.06311	1.06699	1.06509	1.05174	1.06433	1.05243	0.738924	0.733022	0.741331	0	0.739156	0.736082	1.0771	1.0796	1.06123	1.07107	1.05171	1.06929	1.07115	1.08502	1.07032	1.08378	1.072	1.08244	1.054	1.06912	1.0749	1.0616	1.07735	1.07029	0.923511	0.921985	0.924319	0.927834	0.923156	0.909607	1.05541	1.05586	1.04938	1.05181	1.05069	1.06504	1.08262	1.08146	1.08417	1.08505	1.05878	1.06789	1.10112	1.09073	1.09647	1.09452	1.09379	1.0961	0.910537	0.889854	0.891396	0.890491	0.894461	0.89737	1.12248	1.14595	1.14416	1.14175	1.13052	1.15529
ERR618238	0.893372	0.906262	0.986377	0.981938	0.907263	0.991905	1.0196	0.983268	1.01918	0.968416	0.976456	1.02702	0.884699	0.866371	0.894852	0.853373	0.897612	0.889438	0.909402	0.870664	0.906064	0.909093	0.870795	0.875131	0.843301	0.849055	0.831946	0.846951	0.850195	0.83347	1.06488	1.069	1.06739	1.05272	1.06664	1.05369	0.742798	0.736415	0.744948	0.739156	0	0.73893	1.07928	1.08247	1.06383	1.07306	1.0541	1.07143	1.07065	1.08486	1.07003	1.08342	1.07147	1.08367	1.05614	1.07215	1.07767	1.06343	1.08035	1.07328	0.925401	0.923773	0.925739	0.929071	0.924879	0.911169	1.05663	1.05693	1.04984	1.05303	1.05177	1.06543	1.08267	1.08297	1.0842	1.08527	1.05922	1.06815	1.10225	1.09159	1.09701	1.0951	1.09463	1.09678	0.911544	0.891578	0.892723	0.892341	0.895949	0.89797	1.12255	1.14579	1.1437	1.14135	1.1308	1.15562
ERR618240	0.889388	0.903546	0.984577	0.980146	0.90427	0.990177	1.01621	0.979096	1.01576	0.96294	0.971594	1.0235	0.882331	0.863213	0.892908	0.849867	0.895546	0.887067	0.9057	0.86591	0.902681	0.905996	0.866152	0.870302	0.838639	0.844648	0.826808	0.842666	0.845804	0.827741	1.06056	1.06563	1.06342	1.04836	1.06282	1.04929	0.733783	0.732172	0.735945	0.736082	0.73893	0	1.07571	1.07906	1.05996	1.0694	1.05012	1.06772	1.06606	1.08032	1.06531	1.07924	1.06657	1.07936	1.05189	1.06879	1.07452	1.05949	1.07703	1.06996	0.919979	0.918217	0.920259	0.923109	0.919481	0.904995	1.05229	1.0525	1.04529	1.04863	1.04738	1.06094	1.07879	1.07921	1.08002	1.08141	1.05462	1.06416	1.09906	1.08843	1.09391	1.09174	1.09157	1.09313	0.907085	0.886745	0.888246	0.887483	0.891425	0.893345	1.11917	1.14312	1.14117	1.13878	1.12814	1.15296
ERR630257	1.10555	1.11444	1.16434	1.16151	1.11441	1.16861	1.16327	1.13736	1.1638	1.12486	1.13095	1.16869	1.12412	1.11355	1.12937	1.10547	1.1312	1.12507	1.10982	1.07583	1.10729	1.1092	1.07597	1.08048	1.09242	1.09761	1.08258	1.09586	1.0984	1.08249	0.945333	0.949487	0.948335	0.931784	0.947191	0.933451	1.07863	1.07426	1.07972	1.0771	1.07928	1.07571	0	0.87691	0.848554	0.860573	0.833775	0.859312	0.963968	0.98049	0.963864	0.979727	0.964411	0.977727	0.940167	0.95752	0.96578	0.948857	0.967889	0.960486	1.06772	1.06598	1.06821	1.0699	1.06713	1.05564	0.930826	0.931417	0.92389	0.927694	0.925155	0.941245	0.972455	0.970325	0.974357	0.975375	0.944002	0.954323	0.99277	0.978551	0.985903	0.982474	0.982323	0.984336	1.11906	1.10669	1.10763	1.10754	1.10834	1.10981	1.04312	1.07165	1.06936	1.06594	1.05206	1.08377
ERR630259	1.10844	1.1163	1.16581	1.16348	1.11675	1.17006	1.16754	1.1424	1.1681	1.13102	1.13632	1.17248	1.12489	1.11625	1.13049	1.10827	1.13298	1.12706	1.1137	1.0796	1.1114	1.11306	1.08015	1.08409	1.09648	1.10087	1.08637	1.09943	1.10191	1.08695	0.95093	0.953756	0.95238	0.938801	0.951715	0.940263	1.08127	1.07774	1.08265	1.0796	1.08247	1.07906	0.87691	0	0.854058	0.867851	0.840625	0.865256	0.971188	0.987072	0.970781	0.986275	0.971729	0.983358	0.945791	0.961165	0.969597	0.953975	0.971432	0.964546	1.07264	1.07083	1.07275	1.07456	1.07157	1.06042	0.937384	0.937797	0.931379	0.933891	0.931718	0.948177	0.979119	0.975845	0.981399	0.982128	0.950934	0.961434	0.998217	0.985115	0.992371	0.988887	0.988752	0.990819	1.1228	1.11036	1.11131	1.11082	1.11187	1.11385	1.04777	1.0762	1.07385	1.07063	1.05611	1.08746
ERR630255	1.09108	1.10044	1.1529	1.15021	1.10033	1.15758	1.15251	1.12523	1.15289	1.11264	1.11865	1.15805	1.1099	1.09982	1.11545	1.09092	1.11792	1.11153	1.09671	1.06073	1.09445	1.0959	1.06083	1.0652	1.07778	1.08308	1.06718	1.08141	1.08406	1.06729	0.926188	0.930473	0.929305	0.911806	0.927782	0.913256	1.06279	1.05807	1.06392	1.06123	1.06383	1.05996	0.848554	0.854058	0	0.838851	0.805817	0.833523	0.944812	0.962614	0.94413	0.961566	0.945635	0.959211	0.919338	0.937528	0.94642	0.92871	0.949055	0.941208	1.05244	1.05047	1.05273	1.05465	1.05153	1.03957	0.910256	0.910355	0.902155	0.906367	0.903528	0.921176	0.954948	0.952464	0.957058	0.958571	0.92382	0.935502	0.976298	0.961419	0.969093	0.965669	0.965534	0.967481	1.10529	1.09249	1.0933	1.09321	1.09422	1.09593	1.02856	1.05889	1.05623	1.05284	1.03769	1.0716
ERR630258	1.09974	1.10895	1.16027	1.15724	1.10916	1.16409	1.15806	1.13164	1.15839	1.11874	1.12505	1.16379	1.11899	1.10834	1.12434	1.09987	1.12687	1.12052	1.10376	1.06933	1.10169	1.10317	1.06909	1.07386	1.08597	1.09128	1.07565	1.08992	1.09205	1.0757	0.937666	0.942103	0.94097	0.923206	0.939504	0.92464	1.07229	1.06774	1.07317	1.07107	1.07306	1.0694	0.860573	0.867851	0.838851	0	0.82327	0.849504	0.955326	0.972826	0.955304	0.971837	0.956098	0.970236	0.932522	0.950857	0.960038	0.941531	0.961843	0.953963	1.06179	1.05995	1.06169	1.0638	1.0611	1.04919	0.922764	0.922874	0.915218	0.918949	0.916776	0.933163	0.964833	0.963439	0.967113	0.968187	0.935997	0.946983	0.986456	0.971668	0.979362	0.975811	0.976026	0.977509	1.11344	1.10098	1.10136	1.1016	1.10235	1.10394	1.03766	1.06673	1.06478	1.06118	1.04708	1.07941
ERR630254	1.08261	1.09225	1.14671	1.14381	1.0924	1.15113	1.14455	1.11597	1.14487	1.1024	1.10926	1.1505	1.10247	1.09115	1.10868	1.08204	1.11093	1.10415	1.08823	1.05107	1.08592	1.08801	1.05083	1.05599	1.06807	1.07386	1.05717	1.07189	1.07475	1.05688	0.912623	0.91844	0.917102	0.89711	0.915855	0.898901	1.05296	1.0482	1.0543	1.05171	1.0541	1.05012	0.833775	0.840625	0.805817	0.82327	0	0.818051	0.93059	0.949582	0.930338	0.948646	0.931104	0.946965	0.905382	0.925769	0.935106	0.915556	0.93745	0.92884	1.04255	1.0405	1.0429	1.0446	1.04178	1.02903	0.896147	0.896486	0.887174	0.891899	0.889364	0.907527	0.942198	0.940424	0.944439	0.945609	0.909598	0.921752	0.964678	0.949127	0.957627	0.953565	0.953253	0.95487	1.09673	1.08344	1.08444	1.08417	1.08495	1.08659	1.01807	1.05001	1.04715	1.04363	1.02828	1.06314
ERR630256	1.09807	1.10731	1.15878	1.15596	1.1078	1.16291	1.15724	1.1301	1.15756	1.11735	1.12374	1.16276	1.11735	1.10632	1.12287	1.09793	1.12497	1.11845	1.10282	1.06802	1.10037	1.10216	1.06804	1.07245	1.08473	1.09009	1.07466	1.0884	1.09082	1.07428	0.935211	0.940155	0.93887	0.921037	0.93781	0.92273	1.07045	1.06609	1.07163	1.06929	1.07143	1.06772	0.859312	0.865256	0.833523	0.849504	0.818051	0	0.952978	0.970943	0.953001	0.969859	0.953915	0.967874	0.929687	0.948355	0.956878	0.938788	0.958986	0.951	1.05946	1.05761	1.05965	1.0613	1.05876	1.04682	0.920061	0.920354	0.91182	0.915686	0.913668	0.930209	0.962788	0.961007	0.965	0.966064	0.932805	0.944172	0.98406	0.969334	0.97719	0.973928	0.973568	0.975551	1.1118	1.09936	1.10031	1.10003	1.10088	1.10222	1.03537	1.06485	1.06272	1.05899	1.04455	1.0775
