	ERR636926	ERR636927	ERR636925	ERR636930	ERR636928	ERR636929	ERR608374	ERR608375	ERR608373	ERR608376	ERR608372	ERR608371	ERR612170	ERR612171	ERR612169	ERR612172	ERR612168	ERR612167	ERR630047	ERR630042	ERR630044	ERR630046	ERR630045	ERR630043	ERR629940	ERR629944	ERR629945	ERR629943	ERR629942	ERR629941	ERR608027	ERR608025	ERR608026	ERR608028	ERR608029	ERR608030	ERR622183	ERR622179	ERR622180	ERR622184	ERR622181	ERR622182	ERR605656	ERR605653	ERR605658	ERR605654	ERR605657	ERR605655	ERR609283	ERR609287	ERR609286	ERR609284	ERR609288	ERR609285	ERR618578	ERR618573	ERR618576	ERR618574	ERR618575	ERR618577	ERR613697	ERR613698	ERR613699	ERR613696	ERR613695	ERR613700	ERR605600	ERR605599	ERR605602	ERR605603	ERR605604	ERR605601	ERR626557	ERR626552	ERR626555	ERR626553	ERR626556	ERR626554	ERR617497	ERR617495	ERR617496	ERR617493	ERR617494	ERR617498	ERR618397	ERR618394	ERR618395	ERR618393	ERR618398	ERR618396	ERR632075	ERR632076	ERR632077	ERR632074	ERR632078	ERR632073
ERR636926	0	0.780268	0.793983	0.773161	0.772398	0.772056	0.915085	0.913311	0.89934	0.912662	0.897874	0.905659	0.912947	0.936069	0.91482	0.916815	0.91559	0.906829	0.896897	0.891808	0.899452	0.904437	0.921574	0.91038	1.07475	1.09148	1.09012	1.08961	1.07573	1.08631	0.963601	0.993864	0.969145	0.965237	0.964839	0.964573	1.06324	1.02434	1.0276	1.06224	1.01924	1.06432	0.958444	0.942212	0.960422	0.952955	0.958909	0.95386	1.04361	1.04548	1.0613	1.04596	1.04709	1.0506	1.08725	1.07838	1.08136	1.0845	1.08169	1.08644	1.06143	1.06375	1.06489	1.05854	1.05517	1.08806	1.10007	1.09554	1.10238	1.10121	1.10332	1.1063	1.10668	1.10148	1.10553	1.09229	1.10753	1.10416	1.08242	1.078	1.08665	1.07961	1.07765	1.08214	1.08254	1.09083	1.08377	1.07744	1.08197	1.08506	1.07917	1.09586	1.10084	1.0859	1.10303	1.09681
ERR636927	0.780268	0	0.794461	0.772723	0.772417	0.771921	0.916503	0.915904	0.899932	0.915112	0.899913	0.906879	0.914635	0.937012	0.915371	0.918189	0.915727	0.908563	0.89213	0.888611	0.896461	0.899097	0.916298	0.906904	1.07637	1.0918	1.09039	1.08955	1.07743	1.08747	0.962856	0.990552	0.96765	0.963941	0.963378	0.963319	1.06445	1.02414	1.02861	1.06355	1.01906	1.06566	0.959901	0.943137	0.95998	0.9537	0.958233	0.954935	1.04429	1.04593	1.06234	1.04643	1.04742	1.05013	1.08855	1.07918	1.08266	1.08465	1.08241	1.08796	1.06046	1.06373	1.06492	1.05745	1.05439	1.08713	1.09908	1.09461	1.10154	1.10023	1.10244	1.10517	1.10642	1.10101	1.10546	1.09244	1.10747	1.1033	1.08446	1.07973	1.08822	1.08061	1.07957	1.08349	1.08278	1.09019	1.08355	1.07702	1.08239	1.08555	1.07952	1.09502	1.09992	1.08612	1.1022	1.09616
ERR636925	0.793983	0.794461	0	0.788782	0.787664	0.787401	0.927568	0.926295	0.913284	0.926077	0.912664	0.918826	0.923243	0.944281	0.925003	0.927033	0.925592	0.918249	0.908275	0.904105	0.911373	0.914722	0.930587	0.921	1.08661	1.10189	1.10044	1.09992	1.08751	1.09728	0.973682	1.00021	0.978005	0.97447	0.974296	0.974236	1.06855	1.03114	1.03563	1.06769	1.02669	1.06937	0.969747	0.954578	0.971273	0.964588	0.969905	0.965645	1.05545	1.05707	1.07199	1.05741	1.0586	1.06146	1.09709	1.08877	1.09174	1.0944	1.09192	1.09647	1.07183	1.07433	1.07509	1.06877	1.06568	1.09696	1.10953	1.10514	1.1119	1.11061	1.11255	1.11531	1.11577	1.11071	1.11463	1.10237	1.11648	1.11358	1.09255	1.08856	1.09636	1.08972	1.0883	1.09219	1.09234	1.09958	1.09302	1.08688	1.09169	1.09465	1.09048	1.10571	1.11028	1.09679	1.11257	1.10679
ERR636930	0.773161	0.772723	0.788782	0	0.759387	0.758497	0.908869	0.907901	0.890902	0.907231	0.891293	0.898162	0.907595	0.931633	0.908976	0.912064	0.90914	0.901952	0.882377	0.88006	0.887938	0.89	0.908362	0.899193	1.06951	1.0852	1.08352	1.08298	1.07055	1.08098	0.956053	0.984837	0.961293	0.957317	0.956787	0.956656	1.06121	1.01938	1.02354	1.06037	1.01407	1.06245	0.95382	0.936546	0.953186	0.947201	0.951377	0.94783	1.03765	1.03934	1.05631	1.0396	1.04072	1.04351	1.08263	1.07285	1.0765	1.07852	1.07599	1.08215	1.05381	1.05754	1.05857	1.05064	1.0476	1.08147	1.0932	1.0885	1.09562	1.09433	1.09651	1.09933	1.1005	1.09489	1.09959	1.08602	1.10147	1.09737	1.07806	1.07343	1.08209	1.0739	1.07302	1.07684	1.07658	1.08421	1.07685	1.07042	1.07606	1.0794	1.07298	1.08866	1.09353	1.07954	1.09637	1.08974
ERR636928	0.772398	0.772417	0.787664	0.759387	0	0.758096	0.907849	0.90633	0.889791	0.906441	0.889911	0.897004	0.906275	0.930709	0.907619	0.910882	0.908137	0.900519	0.882977	0.879764	0.887967	0.890769	0.908472	0.899115	1.06878	1.08504	1.08351	1.0827	1.06994	1.08029	0.9554	0.984822	0.960927	0.956782	0.956107	0.955761	1.06076	1.01892	1.02319	1.06001	1.01348	1.06205	0.952836	0.935492	0.952434	0.94629	0.950517	0.947309	1.03689	1.03855	1.05531	1.03893	1.04012	1.04284	1.082	1.07237	1.0757	1.07781	1.07548	1.08128	1.05343	1.05687	1.05809	1.05035	1.04709	1.08131	1.09324	1.08868	1.09568	1.09421	1.09649	1.09933	1.1004	1.09458	1.09933	1.08573	1.10115	1.09713	1.07747	1.07287	1.08178	1.07377	1.07261	1.07662	1.07639	1.084	1.07669	1.07002	1.07578	1.07872	1.07252	1.08842	1.09357	1.07923	1.0958	1.08949
ERR636929	0.772056	0.771921	0.787401	0.758497	0.758096	0	0.907502	0.906363	0.889876	0.905949	0.889684	0.896826	0.906499	0.930511	0.907606	0.910669	0.908236	0.900674	0.882344	0.879441	0.88771	0.890088	0.908434	0.898652	1.06853	1.08429	1.08282	1.08187	1.06963	1.07987	0.955251	0.984181	0.960454	0.956712	0.956043	0.955766	1.06076	1.01864	1.02284	1.05953	1.01319	1.06191	0.952971	0.935604	0.952391	0.946428	0.950677	0.947058	1.03644	1.03789	1.05506	1.03871	1.03942	1.04237	1.08142	1.07158	1.07525	1.07754	1.07479	1.08061	1.05315	1.05681	1.05758	1.04978	1.04689	1.0805	1.09278	1.08786	1.09539	1.09401	1.09591	1.09867	1.09987	1.09419	1.09895	1.08529	1.10067	1.09664	1.07724	1.07257	1.08146	1.07325	1.07223	1.07611	1.07597	1.08338	1.07624	1.06961	1.07517	1.07845	1.07181	1.08809	1.0931	1.07875	1.09562	1.08923
ERR608374	0.915085	0.916503	0.927568	0.908869	0.907849	0.907502	0	0.800329	0.787915	0.79938	0.78504	0.793894	0.904387	0.927234	0.905668	0.90835	0.906865	0.898773	0.98462	0.98015	0.986962	0.990864	1.00833	0.998531	1.07311	1.08996	1.08839	1.08806	1.07442	1.08452	0.986569	1.0175	0.991994	0.988104	0.988683	0.988169	1.0942	1.05715	1.05879	1.0933	1.05128	1.09477	0.941355	0.923976	0.942614	0.935591	0.940814	0.936753	1.03636	1.03772	1.054	1.03841	1.03914	1.04237	1.0794	1.07147	1.07399	1.07771	1.07468	1.0788	1.04933	1.0515	1.05248	1.0462	1.04265	1.0762	1.09436	1.08988	1.09724	1.09568	1.09767	1.10076	1.10207	1.09673	1.10069	1.08803	1.10289	1.09996	1.07952	1.07499	1.08415	1.07747	1.07436	1.07971	1.08116	1.09008	1.08286	1.07575	1.08075	1.08399	1.07508	1.09207	1.09678	1.08202	1.09881	1.09316
ERR608375	0.913311	0.915904	0.926295	0.907901	0.90633	0.906363	0.800329	0	0.785549	0.795361	0.781377	0.791733	0.903347	0.927048	0.90498	0.907477	0.906999	0.897372	0.985987	0.980227	0.986867	0.992242	1.00981	0.998947	1.07134	1.08914	1.08741	1.08703	1.0725	1.08329	0.986711	1.01972	0.992529	0.9886	0.989732	0.988922	1.09241	1.05575	1.05722	1.09114	1.05007	1.09298	0.941072	0.923938	0.943473	0.93578	0.94162	0.937076	1.03467	1.03656	1.05259	1.03701	1.03815	1.04167	1.07732	1.06994	1.0719	1.07662	1.07311	1.0769	1.04906	1.05065	1.05196	1.04611	1.04202	1.07579	1.09418	1.08955	1.09701	1.09556	1.09716	1.10043	1.10081	1.09639	1.10021	1.08678	1.10208	1.09981	1.07654	1.07234	1.08102	1.0756	1.07159	1.07768	1.07997	1.08912	1.08177	1.07496	1.07981	1.08269	1.07416	1.09187	1.09663	1.0811	1.09844	1.09272
ERR608373	0.89934	0.899932	0.913284	0.890902	0.889791	0.889876	0.787915	0.785549	0	0.784663	0.75996	0.770335	0.891476	0.917138	0.892126	0.896143	0.892811	0.885023	0.960854	0.958438	0.965633	0.968072	0.986772	0.977367	1.05444	1.07154	1.0701	1.06942	1.05628	1.0667	0.969687	1.00094	0.975144	0.971666	0.971285	0.970766	1.08715	1.04547	1.04776	1.08584	1.03926	1.08769	0.924358	0.904503	0.922444	0.916371	0.920017	0.918282	1.01936	1.02046	1.03902	1.02096	1.02199	1.02464	1.06365	1.05388	1.05769	1.06018	1.05691	1.06304	1.03185	1.03607	1.03735	1.02855	1.02547	1.06162	1.07772	1.0731	1.0811	1.07943	1.08136	1.08448	1.08516	1.07898	1.08375	1.06958	1.08576	1.08159	1.06425	1.05945	1.06905	1.06103	1.05878	1.06382	1.0654	1.07363	1.06622	1.05915	1.06487	1.06837	1.05554	1.07258	1.07804	1.06298	1.08017	1.07359
ERR608376	0.912662	0.915112	0.926077	0.907231	0.906441	0.905949	0.79938	0.795361	0.784663	0	0.780513	0.79071	0.90311	0.926203	0.904319	0.906743	0.9061	0.89696	0.986238	0.980498	0.987054	0.99231	1.01016	0.999275	1.07026	1.08846	1.08674	1.08625	1.0715	1.08255	0.986258	1.01887	0.9919	0.987968	0.988883	0.98812	1.09209	1.05567	1.05681	1.09126	1.04977	1.09275	0.939814	0.92261	0.942517	0.934503	0.940878	0.935945	1.03438	1.03643	1.05223	1.03706	1.03782	1.04165	1.07645	1.06914	1.07099	1.07577	1.07246	1.07594	1.04872	1.05039	1.05149	1.04547	1.04189	1.07585	1.09378	1.08911	1.09646	1.09516	1.09676	1.10012	1.10043	1.09562	1.09926	1.08623	1.10126	1.09896	1.07592	1.07152	1.08019	1.07484	1.07092	1.07699	1.07957	1.08907	1.08136	1.07464	1.079	1.08232	1.07351	1.09139	1.09632	1.08045	1.09827	1.09216
ERR608372	0.897874	0.899913	0.912664	0.891293	0.889911	0.889684	0.78504	0.781377	0.75996	0.780513	0	0.768866	0.889793	0.915898	0.891065	0.894576	0.891989	0.883593	0.9664	0.961586	0.968739	0.973374	0.99253	0.981122	1.05434	1.07311	1.07136	1.07074	1.05576	1.06716	0.972096	1.00531	0.978046	0.973951	0.974228	0.973623	1.08525	1.0453	1.04666	1.08399	1.03894	1.08605	0.923653	0.903823	0.923687	0.91643	0.921963	0.918386	1.01926	1.02097	1.0386	1.02159	1.02257	1.02595	1.06313	1.05424	1.057	1.06123	1.05765	1.06273	1.03424	1.03697	1.03801	1.031	1.02711	1.0634	1.07991	1.07521	1.08304	1.08168	1.0836	1.08671	1.08603	1.08065	1.08492	1.07066	1.08721	1.08403	1.06301	1.05814	1.06773	1.06102	1.05753	1.06316	1.06656	1.07574	1.06793	1.06079	1.06591	1.06931	1.05706	1.07521	1.08064	1.06444	1.08282	1.07617
ERR608371	0.905659	0.906879	0.918826	0.898162	0.897004	0.896826	0.793894	0.791733	0.770335	0.79071	0.768866	0	0.896344	0.920723	0.897102	0.900997	0.898119	0.890358	0.970394	0.967351	0.974186	0.977284	0.99581	0.986288	1.06282	1.07972	1.07827	1.07754	1.06434	1.07463	0.97698	1.00761	0.982186	0.978831	0.978819	0.978449	1.08986	1.05026	1.05226	1.08898	1.04415	1.09061	0.931094	0.912616	0.930853	0.924579	0.928587	0.925793	1.02636	1.02763	1.04505	1.02814	1.02924	1.03182	1.07077	1.06145	1.06483	1.0676	1.06482	1.07005	1.03857	1.04206	1.04315	1.03527	1.03212	1.06722	1.08469	1.08006	1.08789	1.08646	1.08833	1.09123	1.09282	1.0871	1.0916	1.07792	1.09345	1.08974	1.07124	1.06641	1.07556	1.06837	1.06569	1.07105	1.07199	1.08004	1.07284	1.06606	1.07134	1.07501	1.06428	1.08112	1.0862	1.07136	1.08845	1.08199
ERR612170	0.912947	0.914635	0.923243	0.907595	0.906275	0.906499	0.904387	0.903347	0.891476	0.90311	0.889793	0.896344	0	0.84711	0.82551	0.82737	0.827564	0.818726	0.981404	0.975884	0.982408	0.98726	1.00198	0.9928	1.08732	1.1035	1.10204	1.10125	1.0886	1.09823	0.99142	1.01677	0.995174	0.991688	0.992268	0.991802	1.09772	1.06389	1.06658	1.09717	1.05931	1.09831	0.90841	0.896092	0.911778	0.905196	0.910293	0.906284	1.05527	1.05686	1.07125	1.05761	1.05849	1.06167	1.09704	1.08998	1.09199	1.09562	1.09289	1.09656	1.05151	1.052	1.05291	1.04934	1.04621	1.07042	1.08887	1.08528	1.09045	1.08953	1.09128	1.09371	1.11739	1.11288	1.11619	1.10427	1.11846	1.11563	1.10219	1.09799	1.1061	1.09962	1.09753	1.10198	1.09947	1.1078	1.10085	1.09515	1.09907	1.10197	1.0913	1.10688	1.11149	1.09758	1.11324	1.10827
ERR612171	0.936069	0.937012	0.944281	0.931633	0.930709	0.930511	0.927234	0.927048	0.917138	0.926203	0.915898	0.920723	0.84711	0	0.850355	0.851429	0.853106	0.845718	1.00572	1.00089	1.00681	1.01098	1.02457	1.01585	1.1061	1.12077	1.11945	1.11885	1.1071	1.11587	1.01088	1.03306	1.01384	1.01062	1.01151	1.01073	1.10841	1.07751	1.08063	1.10763	1.07362	1.1088	0.931187	0.920615	0.934636	0.928723	0.933595	0.929471	1.07559	1.07706	1.08951	1.07777	1.07807	1.08152	1.11316	1.10721	1.10858	1.11196	1.10942	1.11279	1.07088	1.07091	1.07179	1.06902	1.06598	1.08747	1.10616	1.10288	1.10753	1.10686	1.10819	1.11066	1.13342	1.12947	1.13235	1.12157	1.13442	1.13201	1.11812	1.11445	1.12163	1.11605	1.11439	1.11815	1.11691	1.12426	1.11813	1.1126	1.11634	1.11893	1.10933	1.124	1.1281	1.11506	1.12973	1.12538
ERR612169	0.91482	0.915371	0.925003	0.908976	0.907619	0.907606	0.905668	0.90498	0.892126	0.904319	0.891065	0.897102	0.82551	0.850355	0	0.831083	0.825053	0.816619	0.980827	0.976204	0.98229	0.986655	1.00159	0.992474	1.08746	1.10333	1.10181	1.10131	1.08869	1.09823	0.991595	1.01555	0.995132	0.991892	0.992158	0.991721	1.09911	1.06461	1.06755	1.09845	1.05983	1.0997	0.90666	0.894036	0.908807	0.90335	0.907464	0.904081	1.05524	1.05659	1.07107	1.0575	1.05811	1.06103	1.0973	1.08997	1.09239	1.09544	1.09296	1.09702	1.04868	1.04909	1.05042	1.04665	1.04353	1.06729	1.08633	1.08292	1.08825	1.08752	1.08886	1.09135	1.1172	1.11236	1.11616	1.1042	1.11835	1.11525	1.10266	1.09842	1.10647	1.0996	1.0981	1.10226	1.09944	1.10741	1.10067	1.09488	1.09911	1.10197	1.09117	1.10638	1.11101	1.09739	1.11299	1.10776
ERR612172	0.916815	0.918189	0.927033	0.912064	0.910882	0.910669	0.90835	0.907477	0.896143	0.906743	0.894576	0.900997	0.82737	0.851429	0.831083	0	0.833586	0.824672	0.986247	0.980689	0.98674	0.991977	1.00629	0.997099	1.09091	1.10656	1.10525	1.10451	1.09167	1.10131	0.994786	1.01933	0.998902	0.994766	0.995627	0.995185	1.09965	1.06645	1.06914	1.09906	1.06193	1.10015	0.915448	0.902918	0.918268	0.912105	0.917067	0.912959	1.05874	1.0603	1.07453	1.06132	1.06204	1.06512	1.10018	1.0931	1.09491	1.09862	1.09593	1.09933	1.05676	1.057	1.05783	1.05452	1.05124	1.07556	1.09341	1.08989	1.09506	1.09407	1.09574	1.0985	1.12034	1.11596	1.11944	1.1074	1.12147	1.11901	1.10495	1.10095	1.10877	1.10266	1.10059	1.10502	1.10278	1.1112	1.10447	1.09861	1.10255	1.10527	1.09486	1.11007	1.11482	1.10087	1.11661	1.11159
ERR612168	0.91559	0.915727	0.925592	0.90914	0.908137	0.908236	0.906865	0.906999	0.892811	0.9061	0.891989	0.898119	0.827564	0.853106	0.825053	0.833586	0	0.818684	0.978133	0.973965	0.980316	0.98411	0.999358	0.990495	1.08695	1.10199	1.10077	1.09978	1.08807	1.09744	0.990489	1.01415	0.993974	0.990772	0.990649	0.990072	1.09975	1.06457	1.06789	1.09921	1.05995	1.10059	0.908275	0.895014	0.909395	0.90377	0.907785	0.904859	1.0538	1.05507	1.06983	1.05555	1.05635	1.05898	1.09747	1.08885	1.09196	1.09404	1.0919	1.09635	1.04859	1.04971	1.0506	1.04594	1.04347	1.06766	1.08578	1.08251	1.08817	1.08691	1.08847	1.09094	1.11605	1.11116	1.11501	1.10263	1.11701	1.11382	1.10284	1.09867	1.10659	1.09957	1.09831	1.10205	1.09856	1.1057	1.099	1.0932	1.09807	1.10087	1.08959	1.10435	1.10911	1.09606	1.11116	1.10603
ERR612167	0.906829	0.908563	0.918249	0.901952	0.900519	0.900674	0.898773	0.897372	0.885023	0.89696	0.883593	0.890358	0.818726	0.845718	0.816619	0.824672	0.818684	0	0.975911	0.969326	0.975796	0.981945	0.997615	0.987067	1.08112	1.09829	1.09683	1.09612	1.08241	1.09253	0.986907	1.01378	0.99129	0.987784	0.987593	0.987497	1.09498	1.06034	1.06296	1.09432	1.05528	1.09591	0.90245	0.888706	0.905212	0.898681	0.903632	0.899603	1.04776	1.04974	1.06435	1.05027	1.05124	1.05485	1.09202	1.0848	1.08688	1.0904	1.08794	1.09145	1.04518	1.04481	1.0462	1.0427	1.0391	1.06451	1.08296	1.07898	1.08482	1.08388	1.08534	1.08822	1.11263	1.10785	1.11152	1.09889	1.1136	1.11112	1.09687	1.09275	1.1011	1.09471	1.09241	1.09701	1.09412	1.10266	1.0954	1.08928	1.09358	1.09638	1.08542	1.10169	1.10676	1.09214	1.10856	1.10324
ERR630047	0.896897	0.89213	0.908275	0.882377	0.882977	0.882344	0.98462	0.985987	0.960854	0.986238	0.9664	0.970394	0.981404	1.00572	0.980827	0.986247	0.978133	0.975911	0	0.792964	0.800995	0.791591	0.811581	0.808293	1.10872	1.11818	1.1173	1.11659	1.1099	1.11716	0.989785	1.00399	0.991563	0.990519	0.986216	0.987451	1.11143	1.0671	1.07258	1.11078	1.06199	1.11263	1.00486	0.986181	0.993354	0.994295	0.990855	0.995854	1.07901	1.07854	1.09843	1.07921	1.07986	1.0799	1.12969	1.11606	1.12318	1.12012	1.11914	1.12918	1.08787	1.09593	1.09738	1.08495	1.08445	1.11594	1.12305	1.1198	1.12688	1.12521	1.12732	1.12878	1.13244	1.12418	1.13123	1.11827	1.13238	1.12506	1.13223	1.12713	1.13604	1.12392	1.12716	1.12827	1.11168	1.11478	1.10918	1.10278	1.11129	1.11427	1.10858	1.11888	1.124	1.11465	1.12607	1.11972
ERR630042	0.891808	0.888611	0.904105	0.88006	0.879764	0.879441	0.98015	0.980227	0.958438	0.980498	0.961586	0.967351	0.975884	1.00089	0.976204	0.980689	0.973965	0.969326	0.792964	0	0.796329	0.800036	0.820252	0.806336	1.10472	1.11757	1.11618	1.11562	1.10606	1.11451	0.989033	1.00982	0.992348	0.990901	0.986805	0.987977	1.10725	1.06534	1.06949	1.10657	1.05975	1.10857	0.997872	0.979336	0.990524	0.988309	0.987867	0.990548	1.07503	1.07529	1.09353	1.07572	1.07652	1.07787	1.12631	1.11389	1.12015	1.11883	1.1178	1.12571	1.08784	1.09393	1.09528	1.08445	1.08318	1.11564	1.12281	1.11911	1.12637	1.12478	1.12696	1.12889	1.13134	1.12408	1.13008	1.11674	1.13136	1.12576	1.12857	1.12319	1.13275	1.1215	1.12348	1.12593	1.10997	1.11449	1.10871	1.1023	1.10944	1.11238	1.10641	1.11906	1.12402	1.11292	1.12624	1.11991
ERR630044	0.899452	0.896461	0.911373	0.887938	0.887967	0.88771	0.986962	0.986867	0.965633	0.987054	0.968739	0.974186	0.982408	1.00681	0.98229	0.98674	0.980316	0.975796	0.800995	0.796329	0	0.80745	0.826897	0.81306	1.10888	1.12125	1.12017	1.1193	1.11006	1.11855	0.995624	1.01538	0.998738	0.997109	0.99343	0.99417	1.11091	1.0695	1.07377	1.11002	1.06462	1.11207	1.00413	0.985894	0.99644	0.994541	0.994162	0.996449	1.08003	1.08025	1.09839	1.08083	1.08169	1.08291	1.13049	1.11795	1.12398	1.12282	1.12179	1.12973	1.09249	1.09861	1.09958	1.08907	1.08773	1.1196	1.12641	1.12283	1.12999	1.12834	1.13045	1.13235	1.13475	1.12772	1.13381	1.1208	1.13518	1.12935	1.13208	1.12717	1.13607	1.12522	1.12724	1.12951	1.11406	1.11869	1.11266	1.10619	1.11357	1.1163	1.11069	1.12292	1.12798	1.1168	1.13001	1.12359
ERR630046	0.904437	0.899097	0.914722	0.89	0.890769	0.890088	0.990864	0.992242	0.968072	0.99231	0.973374	0.977284	0.98726	1.01098	0.986655	0.991977	0.98411	0.981945	0.791591	0.800036	0.80745	0	0.817534	0.814156	1.11459	1.124	1.1226	1.12218	1.11576	1.12277	0.996082	1.00904	0.997202	0.996587	0.992327	0.9935	1.11466	1.07113	1.07686	1.11403	1.06667	1.11592	1.01023	0.992157	0.999002	0.999808	0.996185	1.00172	1.08567	1.08482	1.1041	1.08534	1.08606	1.0859	1.13487	1.12127	1.12843	1.12531	1.12455	1.13429	1.09364	1.10155	1.10269	1.09053	1.09036	1.1209	1.12804	1.1247	1.13187	1.12995	1.13211	1.13356	1.13758	1.12941	1.13636	1.1237	1.13765	1.13021	1.13722	1.13199	1.14102	1.12883	1.13199	1.13354	1.11687	1.12009	1.11448	1.10843	1.11663	1.11947	1.11429	1.12417	1.12924	1.1199	1.13106	1.12507
ERR630045	0.921574	0.916298	0.930587	0.908362	0.908472	0.908434	1.00833	1.00981	0.986772	1.01016	0.99253	0.99581	1.00198	1.02457	1.00159	1.00629	0.999358	0.997615	0.811581	0.820252	0.826897	0.817534	0	0.831966	1.12887	1.13739	1.13634	1.13565	1.12995	1.13639	1.01152	1.0216	1.01199	1.01176	1.00738	1.00845	1.1228	1.08216	1.08781	1.12236	1.07758	1.12424	1.02527	1.00804	1.01454	1.01535	1.01164	1.01696	1.1007	1.09976	1.11826	1.1005	1.10081	1.10078	1.14788	1.1349	1.14204	1.13845	1.13801	1.14722	1.10773	1.11577	1.11667	1.10501	1.10478	1.13354	1.14084	1.13792	1.14459	1.14303	1.1449	1.14624	1.15058	1.14255	1.14918	1.13726	1.15033	1.1435	1.15019	1.1453	1.15381	1.14217	1.14541	1.14676	1.13028	1.1325	1.12789	1.1222	1.12979	1.13281	1.12845	1.13713	1.14232	1.1337	1.1441	1.13847
ERR630043	0.91038	0.906904	0.921	0.899193	0.899115	0.898652	0.998531	0.998947	0.977367	0.999275	0.981122	0.986288	0.9928	1.01585	0.992474	0.997099	0.990495	0.987067	0.808293	0.806336	0.81306	0.814156	0.831966	0	1.11812	1.12946	1.12836	1.12768	1.11943	1.12702	1.00414	1.02109	1.0064	1.00544	1.00157	1.00218	1.11654	1.07603	1.08082	1.11559	1.07111	1.11763	1.01411	0.996425	1.00587	1.00499	1.00359	1.00666	1.09054	1.09038	1.10832	1.09069	1.09167	1.09255	1.13863	1.12648	1.13253	1.13085	1.12973	1.13804	1.10128	1.10789	1.10888	1.09829	1.09725	1.12751	1.13449	1.13097	1.13773	1.13638	1.13826	1.13992	1.14278	1.13526	1.1414	1.129	1.14282	1.13667	1.1408	1.1356	1.14442	1.13348	1.13576	1.13781	1.12233	1.12658	1.12104	1.11513	1.12219	1.12484	1.11922	1.13042	1.13544	1.1254	1.13719	1.13164
ERR629940	1.07475	1.07637	1.08661	1.06951	1.06878	1.06853	1.07311	1.07134	1.05444	1.07026	1.05434	1.06282	1.08732	1.1061	1.08746	1.09091	1.08695	1.08112	1.10872	1.10472	1.10888	1.11459	1.12887	1.11812	0	0.754499	0.749989	0.749988	0.723462	0.742212	1.10771	1.13473	1.1136	1.11073	1.10912	1.10923	1.19478	1.16399	1.16417	1.1932	1.1591	1.19512	1.08654	1.07242	1.08686	1.08064	1.08668	1.08233	0.890285	0.892035	0.91531	0.892468	0.893711	0.90037	0.884271	0.868309	0.875345	0.877558	0.874444	0.884977	0.942596	0.944365	0.945075	0.935395	0.930598	0.978016	0.970658	0.96476	0.97486	0.973395	0.975703	0.980493	0.898431	0.889616	0.896631	0.875831	0.899856	0.894467	0.879253	0.866406	0.885009	0.87107	0.867284	0.87517	0.934825	0.945852	0.936343	0.928117	0.933592	0.938263	0.840236	0.865608	0.875065	0.852168	0.878208	0.869096
ERR629944	1.09148	1.0918	1.10189	1.0852	1.08504	1.08429	1.08996	1.08914	1.07154	1.08846	1.07311	1.07972	1.1035	1.12077	1.10333	1.10656	1.10199	1.09829	1.11818	1.11757	1.12125	1.124	1.13739	1.12946	0.754499	0	0.76816	0.76808	0.75598	0.768592	1.12025	1.14196	1.12466	1.12229	1.12044	1.12091	1.20577	1.17521	1.17623	1.20441	1.1707	1.20612	1.10317	1.0896	1.10098	1.09654	1.10057	1.09841	0.915904	0.916282	0.938939	0.917033	0.917374	0.921813	0.906279	0.889885	0.897252	0.896678	0.894442	0.906976	0.960145	0.964481	0.965183	0.953848	0.951206	0.993318	0.987346	0.982232	0.991298	0.989762	0.992499	0.995671	0.912228	0.902945	0.910512	0.891521	0.912872	0.906607	0.900574	0.889234	0.90554	0.891036	0.889825	0.895022	0.952438	0.959546	0.952147	0.94532	0.951794	0.955686	0.860737	0.878958	0.888673	0.870631	0.890727	0.883085
ERR629945	1.09012	1.09039	1.10044	1.08352	1.08351	1.08282	1.08839	1.08741	1.0701	1.08674	1.07136	1.07827	1.10204	1.11945	1.10181	1.10525	1.10077	1.09683	1.1173	1.11618	1.12017	1.1226	1.13634	1.12836	0.749989	0.76816	0	0.764787	0.751586	0.764988	1.11918	1.14113	1.12372	1.12118	1.1193	1.1197	1.20478	1.1743	1.1751	1.20339	1.16969	1.20513	1.10191	1.08839	1.10004	1.09564	1.09936	1.09699	0.912054	0.911913	0.935084	0.912654	0.913349	0.917451	0.904134	0.887418	0.895386	0.894496	0.892296	0.904785	0.958119	0.962281	0.963449	0.951864	0.948659	0.991499	0.985554	0.980207	0.989605	0.987838	0.990427	0.993798	0.910496	0.901458	0.908755	0.890296	0.911423	0.905139	0.898066	0.886387	0.903229	0.888172	0.886805	0.892222	0.949821	0.957596	0.949174	0.942852	0.948617	0.953396	0.857913	0.876892	0.885791	0.867999	0.88866	0.881074
ERR629943	1.08961	1.08955	1.09992	1.08298	1.0827	1.08187	1.08806	1.08703	1.06942	1.08625	1.07074	1.07754	1.10125	1.11885	1.10131	1.10451	1.09978	1.09612	1.11659	1.11562	1.1193	1.12218	1.13565	1.12768	0.749988	0.76808	0.764787	0	0.751651	0.764638	1.11849	1.14068	1.12302	1.1203	1.11891	1.11908	1.20432	1.17399	1.17482	1.20291	1.16914	1.20469	1.10142	1.08773	1.09922	1.09471	1.09888	1.09642	0.912121	0.912581	0.935139	0.913322	0.913552	0.918208	0.903425	0.886763	0.894267	0.89364	0.891539	0.904136	0.95774	0.961823	0.962994	0.951538	0.948496	0.991261	0.984604	0.979287	0.98896	0.986987	0.98967	0.993104	0.9098	0.900831	0.908173	0.889412	0.910807	0.904518	0.897495	0.886234	0.902351	0.887516	0.886344	0.891799	0.949643	0.957419	0.949353	0.942887	0.948594	0.953276	0.857327	0.876248	0.8857	0.867525	0.888387	0.880554
ERR629942	1.07573	1.07743	1.08751	1.07055	1.06994	1.06963	1.07442	1.0725	1.05628	1.0715	1.05576	1.06434	1.0886	1.1071	1.08869	1.09167	1.08807	1.08241	1.1099	1.10606	1.11006	1.11576	1.12995	1.11943	0.723462	0.75598	0.751586	0.751651	0	0.744267	1.10891	1.13553	1.11462	1.11162	1.11005	1.11047	1.19537	1.16517	1.1651	1.194	1.16	1.19597	1.08779	1.07373	1.08815	1.08195	1.08764	1.08334	0.891847	0.893595	0.916842	0.894087	0.895114	0.902015	0.885565	0.869938	0.876648	0.87928	0.875662	0.886597	0.94444	0.946226	0.946979	0.937366	0.932546	0.979543	0.972217	0.966115	0.976523	0.974785	0.977417	0.981825	0.899791	0.891349	0.898226	0.877114	0.901051	0.896334	0.88029	0.868124	0.886246	0.872012	0.86873	0.876201	0.935695	0.946923	0.937533	0.929119	0.934652	0.939607	0.842272	0.867359	0.876791	0.853888	0.880144	0.870922
ERR629941	1.08631	1.08747	1.09728	1.08098	1.08029	1.07987	1.08452	1.08329	1.0667	1.08255	1.06716	1.07463	1.09823	1.11587	1.09823	1.10131	1.09744	1.09253	1.11716	1.11451	1.11855	1.12277	1.13639	1.12702	0.742212	0.768592	0.764988	0.764638	0.744267	0	1.11692	1.14129	1.12215	1.11943	1.11775	1.11805	1.2021	1.17225	1.17275	1.20086	1.1673	1.20248	1.09767	1.08416	1.09719	1.09156	1.09661	1.0936	0.907567	0.908706	0.930964	0.909141	0.910107	0.915501	0.899452	0.883992	0.890943	0.891913	0.888973	0.89986	0.955989	0.958534	0.959626	0.949336	0.945414	0.989318	0.983419	0.977919	0.98747	0.985764	0.988491	0.992339	0.908827	0.899835	0.907005	0.887417	0.909439	0.904015	0.894128	0.882564	0.899054	0.885106	0.88276	0.889181	0.947515	0.9567	0.947964	0.941372	0.946424	0.950796	0.854799	0.875985	0.885309	0.865358	0.887784	0.880131
ERR608027	0.963601	0.962856	0.973682	0.956053	0.9554	0.955251	0.986569	0.986711	0.969687	0.986258	0.972096	0.97698	0.99142	1.01088	0.991595	0.994786	0.990489	0.986907	0.989785	0.989033	0.995624	0.996082	1.01152	1.00414	1.10771	1.12025	1.11918	1.11849	1.10891	1.11692	0	0.808885	0.740117	0.73454	0.738636	0.735624	0.865812	0.841706	0.841201	0.864989	0.837852	0.866369	1.0186	1.00399	1.01612	1.01191	1.01462	1.01349	1.0817	1.08275	1.09818	1.08321	1.08396	1.08536	1.12319	1.11314	1.11792	1.11764	1.11595	1.12251	1.09586	1.10005	1.10107	1.093	1.09104	1.11981	1.13022	1.12645	1.1331	1.13177	1.13348	1.13536	1.13084	1.12529	1.12992	1.11815	1.13155	1.12726	1.12614	1.12199	1.12962	1.12129	1.12189	1.12449	1.11433	1.1194	1.11369	1.1078	1.11393	1.11665	1.11105	1.12395	1.12847	1.11678	1.13017	1.12436
ERR608025	0.993864	0.990552	1.00021	0.984837	0.984822	0.984181	1.0175	1.01972	1.00094	1.01887	1.00531	1.00761	1.01677	1.03306	1.01555	1.01933	1.01415	1.01378	1.00399	1.00982	1.01538	1.00904	1.0216	1.02109	1.13473	1.14196	1.14113	1.14068	1.13553	1.14129	0.808885	0	0.812617	0.812752	0.813101	0.812026	0.96979	0.943055	0.946992	0.969214	0.940377	0.970255	1.04259	1.03003	1.03614	1.03512	1.03403	1.03663	1.10917	1.10868	1.12435	1.10906	1.10971	1.10885	1.14782	1.13716	1.14296	1.14026	1.13928	1.14741	1.11659	1.12318	1.12426	1.11411	1.11375	1.1388	1.14962	1.1467	1.15284	1.15141	1.15303	1.15414	1.15179	1.14503	1.15101	1.14042	1.1519	1.14599	1.15139	1.14781	1.15444	1.14481	1.14732	1.14844	1.13691	1.13861	1.13472	1.12992	1.13658	1.13913	1.13466	1.14322	1.14749	1.13938	1.14907	1.1438
ERR608026	0.969145	0.96765	0.978005	0.961293	0.960927	0.960454	0.991994	0.992529	0.975144	0.9919	0.978046	0.982186	0.995174	1.01384	0.995132	0.998902	0.993974	0.99129	0.991563	0.992348	0.998738	0.997202	1.01199	1.0064	1.1136	1.12466	1.12372	1.12302	1.11462	1.12215	0.740117	0.812617	0	0.748892	0.751454	0.748905	0.890198	0.864807	0.865854	0.889212	0.861431	0.890052	1.02264	1.00844	1.01897	1.01572	1.01728	1.01706	1.08723	1.08749	1.10318	1.08805	1.08864	1.08945	1.1284	1.11805	1.12313	1.1221	1.12085	1.12793	1.09945	1.10453	1.1055	1.09679	1.09518	1.12296	1.13382	1.13037	1.13678	1.13549	1.13724	1.1389	1.13556	1.12917	1.13423	1.12276	1.13577	1.13082	1.13166	1.1275	1.13492	1.12613	1.12704	1.12949	1.11857	1.12272	1.11753	1.11209	1.11838	1.12107	1.11596	1.12749	1.13201	1.1213	1.13367	1.12821
ERR608028	0.965237	0.963941	0.97447	0.957317	0.956782	0.956712	0.988104	0.9886	0.971666	0.987968	0.973951	0.978831	0.991688	1.01062	0.991892	0.994766	0.990772	0.987784	0.990519	0.990901	0.997109	0.996587	1.01176	1.00544	1.11073	1.12229	1.12118	1.1203	1.11162	1.11943	0.73454	0.812752	0.748892	0	0.741873	0.739508	0.878261	0.854436	0.854602	0.877636	0.850379	0.878479	1.02001	1.00596	1.01723	1.01345	1.01557	1.01459	1.08474	1.08538	1.10104	1.08575	1.08679	1.08777	1.1251	1.11516	1.11985	1.1196	1.11791	1.12465	1.09789	1.10235	1.10356	1.09541	1.09352	1.12148	1.13232	1.12889	1.13532	1.13403	1.13555	1.13748	1.13305	1.1273	1.13207	1.12028	1.13356	1.12918	1.12827	1.12419	1.13165	1.12301	1.12371	1.12633	1.11671	1.12122	1.11592	1.11041	1.11605	1.11915	1.11337	1.12553	1.12998	1.11899	1.13211	1.12623
ERR608029	0.964839	0.963378	0.974296	0.956787	0.956107	0.956043	0.988683	0.989732	0.971285	0.988883	0.974228	0.978819	0.992268	1.01151	0.992158	0.995627	0.990649	0.987593	0.986216	0.986805	0.99343	0.992327	1.00738	1.00157	1.10912	1.12044	1.1193	1.11891	1.11005	1.11775	0.738636	0.813101	0.751454	0.741873	0	0.741197	0.887581	0.861607	0.862441	0.886895	0.857915	0.887548	1.01894	1.0044	1.01479	1.01145	1.01268	1.01299	1.0825	1.08307	1.099	1.08336	1.08428	1.0853	1.12427	1.11377	1.11901	1.11811	1.11698	1.1239	1.09577	1.1007	1.10159	1.0927	1.0912	1.11963	1.13012	1.12663	1.13337	1.13184	1.13367	1.13539	1.13155	1.12539	1.1303	1.11879	1.13158	1.12667	1.12775	1.12361	1.13118	1.12195	1.12328	1.12566	1.11503	1.11941	1.11415	1.10854	1.11468	1.11743	1.11151	1.12334	1.12793	1.11726	1.12969	1.12403
ERR608030	0.964573	0.963319	0.974236	0.956656	0.955761	0.955766	0.988169	0.988922	0.970766	0.98812	0.973623	0.978449	0.991802	1.01073	0.991721	0.995185	0.990072	0.987497	0.987451	0.987977	0.99417	0.9935	1.00845	1.00218	1.10923	1.12091	1.1197	1.11908	1.11047	1.11805	0.735624	0.812026	0.748905	0.739508	0.741197	0	0.883356	0.857588	0.857989	0.882269	0.853762	0.883067	1.0186	1.00397	1.01468	1.01116	1.01272	1.01323	1.08288	1.08312	1.09906	1.08339	1.08432	1.0853	1.1246	1.11406	1.11919	1.11834	1.11711	1.12395	1.09592	1.10054	1.10172	1.09281	1.09132	1.11971	1.13033	1.12677	1.13353	1.13218	1.13388	1.13567	1.13191	1.12594	1.13064	1.11903	1.13219	1.12739	1.12765	1.12346	1.1311	1.12221	1.12298	1.12547	1.1155	1.11966	1.11441	1.10875	1.11479	1.11778	1.11183	1.12359	1.12804	1.11745	1.12997	1.12447
ERR622183	1.06324	1.06445	1.06855	1.06121	1.06076	1.06076	1.0942	1.09241	1.08715	1.09209	1.08525	1.08986	1.09772	1.10841	1.09911	1.09965	1.09975	1.09498	1.11143	1.10725	1.11091	1.11466	1.1228	1.11654	1.19478	1.20577	1.20478	1.20432	1.19537	1.2021	0.865812	0.96979	0.890198	0.878261	0.887581	0.883356	0	0.654906	0.643426	0.646902	0.651338	0.647806	1.11839	1.11067	1.12176	1.11642	1.12086	1.11675	1.18052	1.18174	1.18992	1.182	1.18269	1.1851	1.19866	1.19429	1.19543	1.1983	1.19619	1.1981	1.19245	1.19255	1.19347	1.19059	1.18796	1.20736	1.21428	1.21141	1.21542	1.21478	1.21598	1.21776	1.21266	1.21004	1.21187	1.20414	1.21304	1.21199	1.19881	1.19627	1.20129	1.19802	1.19603	1.19927	1.20306	1.20882	1.20439	1.20056	1.20241	1.20453	1.19695	1.20754	1.21031	1.20094	1.21183	1.2082
ERR622179	1.02434	1.02414	1.03114	1.01938	1.01892	1.01864	1.05715	1.05575	1.04547	1.05567	1.0453	1.05026	1.06389	1.07751	1.06461	1.06645	1.06457	1.06034	1.0671	1.06534	1.0695	1.07113	1.08216	1.07603	1.16399	1.17521	1.1743	1.17399	1.16517	1.17225	0.841706	0.943055	0.864807	0.854436	0.861607	0.857588	0.654906	0	0.631709	0.653761	0.636618	0.655099	1.08384	1.07345	1.08431	1.07992	1.08297	1.08075	1.14771	1.14858	1.15987	1.14884	1.14975	1.15165	1.17095	1.16423	1.16664	1.16857	1.16651	1.17045	1.15947	1.1612	1.16225	1.15694	1.15501	1.17784	1.18413	1.18104	1.186	1.18518	1.18651	1.18844	1.18423	1.18036	1.1835	1.1743	1.18491	1.18207	1.17181	1.16873	1.17485	1.16947	1.16865	1.17136	1.17371	1.17898	1.17411	1.16973	1.17323	1.17559	1.165	1.17619	1.17964	1.16955	1.1811	1.17684
ERR622180	1.0276	1.02861	1.03563	1.02354	1.02319	1.02284	1.05879	1.05722	1.04776	1.05681	1.04666	1.05226	1.06658	1.08063	1.06755	1.06914	1.06789	1.06296	1.07258	1.06949	1.07377	1.07686	1.08781	1.08082	1.16417	1.17623	1.1751	1.17482	1.1651	1.17275	0.841201	0.946992	0.865854	0.854602	0.862441	0.857989	0.643426	0.631709	0	0.642654	0.624889	0.643619	1.08642	1.07569	1.08763	1.08275	1.08634	1.08334	1.14856	1.1496	1.16041	1.14995	1.15075	1.15326	1.17147	1.16506	1.16747	1.16958	1.16754	1.17103	1.1614	1.16234	1.16342	1.15887	1.15616	1.17935	1.18574	1.18237	1.18743	1.18668	1.188	1.19004	1.18539	1.18148	1.18433	1.17501	1.18575	1.18364	1.1719	1.16869	1.17488	1.17	1.16865	1.17186	1.17445	1.18055	1.17539	1.17076	1.17409	1.17648	1.16599	1.17778	1.18121	1.17075	1.18278	1.17841
ERR622184	1.06224	1.06355	1.06769	1.06037	1.06001	1.05953	1.0933	1.09114	1.08584	1.09126	1.08399	1.08898	1.09717	1.10763	1.09845	1.09906	1.09921	1.09432	1.11078	1.10657	1.11002	1.11403	1.12236	1.11559	1.1932	1.20441	1.20339	1.20291	1.194	1.20086	0.864989	0.969214	0.889212	0.877636	0.886895	0.882269	0.646902	0.653761	0.642654	0	0.650329	0.647333	1.11714	1.10931	1.1206	1.11516	1.11953	1.11564	1.1792	1.18049	1.18888	1.18093	1.18156	1.18403	1.1974	1.19291	1.19411	1.19698	1.195	1.19681	1.19153	1.19166	1.19261	1.18963	1.18686	1.2064	1.21334	1.2104	1.21473	1.21411	1.21509	1.21711	1.21169	1.20906	1.21081	1.20326	1.21235	1.21085	1.19765	1.19511	1.20017	1.19702	1.19502	1.19842	1.20204	1.2079	1.20337	1.19955	1.20161	1.20352	1.1955	1.20635	1.20921	1.19934	1.2104	1.20698
ERR622181	1.01924	1.01906	1.02669	1.01407	1.01348	1.01319	1.05128	1.05007	1.03926	1.04977	1.03894	1.04415	1.05931	1.07362	1.05983	1.06193	1.05995	1.05528	1.06199	1.05975	1.06462	1.06667	1.07758	1.07111	1.1591	1.1707	1.16969	1.16914	1.16	1.1673	0.837852	0.940377	0.861431	0.850379	0.857915	0.853762	0.651338	0.636618	0.624889	0.650329	0	0.651482	1.07916	1.06818	1.0795	1.07513	1.07814	1.0759	1.1423	1.14313	1.15463	1.14368	1.14449	1.14657	1.16668	1.15956	1.1622	1.16393	1.16211	1.16595	1.15464	1.15633	1.15743	1.15196	1.1498	1.17343	1.17977	1.17669	1.1818	1.18085	1.18245	1.18437	1.18004	1.17602	1.17924	1.1696	1.18057	1.17788	1.16746	1.16413	1.17059	1.16504	1.16395	1.167	1.16896	1.17437	1.1694	1.16481	1.16857	1.17085	1.16027	1.17179	1.17533	1.16505	1.17688	1.17236
ERR622182	1.06432	1.06566	1.06937	1.06245	1.06205	1.06191	1.09477	1.09298	1.08769	1.09275	1.08605	1.09061	1.09831	1.1088	1.0997	1.10015	1.10059	1.09591	1.11263	1.10857	1.11207	1.11592	1.12424	1.11763	1.19512	1.20612	1.20513	1.20469	1.19597	1.20248	0.866369	0.970255	0.890052	0.878479	0.887548	0.883067	0.647806	0.655099	0.643619	0.647333	0.651482	0	1.11884	1.11123	1.1222	1.11713	1.12169	1.11728	1.18088	1.18227	1.19044	1.18272	1.18328	1.18555	1.19903	1.19456	1.19575	1.19871	1.19667	1.19863	1.19293	1.19308	1.19386	1.19115	1.18849	1.20774	1.21463	1.21199	1.21616	1.2153	1.21632	1.2184	1.21325	1.21066	1.21248	1.20493	1.21389	1.21255	1.19921	1.19681	1.20177	1.19871	1.1968	1.19988	1.20366	1.20937	1.20497	1.20115	1.20326	1.2052	1.19718	1.20788	1.21067	1.20127	1.21201	1.20847
ERR605656	0.958444	0.959901	0.969747	0.95382	0.952836	0.952971	0.941355	0.941072	0.924358	0.939814	0.923653	0.931094	0.90841	0.931187	0.90666	0.915448	0.908275	0.90245	1.00486	0.997872	1.00413	1.01023	1.02527	1.01411	1.08654	1.10317	1.10191	1.10142	1.08779	1.09767	1.0186	1.04259	1.02264	1.02001	1.01894	1.0186	1.11839	1.08384	1.08642	1.11714	1.07916	1.11884	0	0.799891	0.811708	0.80788	0.810939	0.809902	1.06311	1.06498	1.07936	1.06539	1.06642	1.06982	1.10456	1.09593	1.09929	1.10158	1.09924	1.10428	1.02155	1.02066	1.02156	1.02031	1.01766	1.03286	1.04468	1.04263	1.04612	1.04536	1.04653	1.04813	1.11525	1.11041	1.1142	1.10164	1.11651	1.11334	1.10859	1.10356	1.11242	1.10462	1.1033	1.10775	1.10419	1.11195	1.10516	1.09933	1.10383	1.10633	1.09109	1.10672	1.11141	1.09737	1.1132	1.1078
ERR605653	0.942212	0.943137	0.954578	0.936546	0.935492	0.935604	0.923976	0.923938	0.904503	0.92261	0.903823	0.912616	0.896092	0.920615	0.894036	0.902918	0.895014	0.888706	0.986181	0.979336	0.985894	0.992157	1.00804	0.996425	1.07242	1.0896	1.08839	1.08773	1.07373	1.08416	1.00399	1.03003	1.00844	1.00596	1.0044	1.00397	1.11067	1.07345	1.07569	1.10931	1.06818	1.11123	0.799891	0	0.800819	0.791609	0.799585	0.794918	1.04717	1.04872	1.06487	1.04939	1.05054	1.05375	1.09223	1.08244	1.08651	1.08816	1.08588	1.0917	1.01138	1.01178	1.01263	1.00965	1.00684	1.02654	1.03455	1.03244	1.03666	1.03598	1.03735	1.03917	1.10242	1.09685	1.10147	1.08786	1.10354	1.1	1.09678	1.0913	1.1008	1.0917	1.09117	1.09524	1.0911	1.09904	1.09189	1.08575	1.091	1.09386	1.07652	1.09317	1.0982	1.08345	1.10018	1.0941
ERR605658	0.960422	0.95998	0.971273	0.953186	0.952434	0.952391	0.942614	0.943473	0.922444	0.942517	0.923687	0.930853	0.911778	0.934636	0.908807	0.918268	0.909395	0.905212	0.993354	0.990524	0.99644	0.999002	1.01454	1.00587	1.08686	1.10098	1.10004	1.09922	1.08815	1.09719	1.01612	1.03614	1.01897	1.01723	1.01479	1.01468	1.12176	1.08431	1.08763	1.1206	1.0795	1.1222	0.811708	0.800819	0	0.80744	0.804229	0.810493	1.06199	1.06294	1.07896	1.06347	1.06446	1.06652	1.10536	1.09508	1.09969	1.09999	1.09825	1.10526	1.01783	1.01979	1.02067	1.01627	1.01483	1.03124	1.04075	1.0392	1.04299	1.04223	1.04325	1.04417	1.1138	1.1076	1.11298	1.09969	1.11494	1.11001	1.1104	1.10493	1.1143	1.104	1.10485	1.10837	1.10386	1.10968	1.10341	1.09767	1.10356	1.10625	1.08911	1.10257	1.1076	1.09541	1.10948	1.10395
ERR605654	0.952955	0.9537	0.964588	0.947201	0.94629	0.946428	0.935591	0.93578	0.916371	0.934503	0.91643	0.924579	0.905196	0.928723	0.90335	0.912105	0.90377	0.898681	0.994295	0.988309	0.994541	0.999808	1.01535	1.00499	1.08064	1.09654	1.09564	1.09471	1.08195	1.09156	1.01191	1.03512	1.01572	1.01345	1.01145	1.01116	1.11642	1.07992	1.08275	1.11516	1.07513	1.11713	0.80788	0.791609	0.80744	0	0.806182	0.803004	1.05579	1.05721	1.07258	1.05748	1.05862	1.06126	1.09964	1.08983	1.09393	1.09516	1.09341	1.09944	1.01613	1.01673	1.01735	1.01447	1.01189	1.02955	1.03889	1.03719	1.04118	1.04045	1.04181	1.04317	1.1092	1.10335	1.10798	1.09509	1.1103	1.10626	1.10413	1.09896	1.10831	1.09915	1.09882	1.10275	1.0983	1.10539	1.0987	1.09266	1.09815	1.10065	1.0841	1.09943	1.10434	1.09064	1.10619	1.10057
ERR605657	0.958909	0.958233	0.969905	0.951377	0.950517	0.950677	0.940814	0.94162	0.920017	0.940878	0.921963	0.928587	0.910293	0.933595	0.907464	0.917067	0.907785	0.903632	0.990855	0.987867	0.994162	0.996185	1.01164	1.00359	1.08668	1.10057	1.09936	1.09888	1.08764	1.09661	1.01462	1.03403	1.01728	1.01557	1.01268	1.01272	1.12086	1.08297	1.08634	1.11953	1.07814	1.12169	0.810939	0.799585	0.804229	0.806182	0	0.80937	1.06131	1.06186	1.07871	1.0625	1.06343	1.0654	1.10503	1.09413	1.09914	1.0992	1.09758	1.10473	1.01695	1.01926	1.02016	1.01523	1.01395	1.03043	1.03883	1.03731	1.0411	1.04022	1.04164	1.04259	1.11353	1.10695	1.1122	1.09967	1.11455	1.10933	1.11006	1.10463	1.11406	1.10331	1.10427	1.10771	1.10281	1.10858	1.10206	1.09632	1.10257	1.10521	1.08845	1.10169	1.10666	1.09478	1.10888	1.10316
ERR605655	0.95386	0.954935	0.965645	0.94783	0.947309	0.947058	0.936753	0.937076	0.918282	0.935945	0.918386	0.925793	0.906284	0.929471	0.904081	0.912959	0.904859	0.899603	0.995854	0.990548	0.996449	1.00172	1.01696	1.00666	1.08233	1.09841	1.09699	1.09642	1.08334	1.0936	1.01349	1.03663	1.01706	1.01459	1.01299	1.01323	1.11675	1.08075	1.08334	1.11564	1.0759	1.11728	0.809902	0.794918	0.810493	0.803004	0.80937	0	1.05856	1.05981	1.0753	1.06029	1.06129	1.06437	1.10121	1.09176	1.09583	1.09706	1.09508	1.10092	1.0176	1.01756	1.01842	1.01595	1.01357	1.03018	1.0398	1.03802	1.04141	1.04102	1.04204	1.04331	1.11079	1.10554	1.10974	1.09696	1.11198	1.10814	1.10569	1.10042	1.10955	1.10088	1.10025	1.10436	1.09981	1.10673	1.1001	1.09451	1.09972	1.10238	1.08618	1.10146	1.10621	1.09255	1.10817	1.1026
ERR609283	1.04361	1.04429	1.05545	1.03765	1.03689	1.03644	1.03636	1.03467	1.01936	1.03438	1.01926	1.02636	1.05527	1.07559	1.05524	1.05874	1.0538	1.04776	1.07901	1.07503	1.08003	1.08567	1.1007	1.09054	0.890285	0.915904	0.912054	0.912121	0.891847	0.907567	1.0817	1.10917	1.08723	1.08474	1.0825	1.08288	1.18052	1.14771	1.14856	1.1792	1.1423	1.18088	1.06311	1.04717	1.06199	1.05579	1.06131	1.05856	0	0.744454	0.774143	0.740789	0.745707	0.751046	0.942284	0.928779	0.933569	0.936555	0.933424	0.942462	0.91951	0.921651	0.922961	0.913389	0.907857	0.95711	0.963496	0.956652	0.967317	0.965958	0.968551	0.972755	0.959388	0.951981	0.958314	0.939544	0.959685	0.956785	0.94277	0.931986	0.948097	0.935269	0.933128	0.939305	0.945398	0.95647	0.947485	0.938234	0.944948	0.949037	0.914466	0.938551	0.946288	0.925293	0.950159	0.942256
