	ERR607805	ERR607808	ERR607806	ERR607810	ERR607809	ERR607807	ERR608360	ERR608361	ERR608359	ERR608363	ERR608364	ERR608362	ERR637059	ERR637060	ERR637062	ERR637057	ERR637061	ERR637058	ERR608647	ERR608650	ERR608652	ERR608651	ERR608648	ERR608649	ERR618517	ERR618518	ERR618514	ERR618515	ERR618513	ERR618516	ERR617061	ERR617062	ERR617059	ERR617058	ERR617057	ERR617060	ERR609044	ERR609041	ERR609043	ERR609040	ERR609039	ERR609042	ERR607715	ERR607716	ERR607711	ERR607712	ERR607714	ERR607713	ERR618617	ERR618620	ERR618615	ERR618616	ERR618618	ERR618619	ERR630204	ERR630201	ERR630205	ERR630200	ERR630202	ERR630203	ERR618526	ERR618525	ERR618528	ERR618527	ERR618530	ERR618529	ERR629966	ERR629964	ERR629965	ERR629969	ERR629968	ERR629967	ERR614761	ERR614764	ERR614763	ERR614759	ERR614760	ERR614762	ERR607580	ERR607583	ERR607584	ERR607582	ERR607581	ERR607579	ERR626939	ERR626942	ERR626940	ERR626943	ERR626941	ERR626944	ERR617378	ERR617374	ERR617376	ERR617375	ERR617377	ERR617373
ERR607805	4.93733e+08	3.13947e+08	3.86179e+08	3.22907e+08	3.1937e+08	3.9023e+08	2.73721e+08	3.02725e+08	1.99041e+08	2.86024e+08	2.88308e+08	2.87278e+08	3.04012e+08	2.85879e+08	2.91887e+08	2.77851e+08	2.86886e+08	3.01066e+08	2.03296e+08	2.74658e+08	2.58492e+08	2.7234e+08	2.55277e+08	2.83452e+08	2.40457e+08	2.42422e+08	2.1029e+08	2.31566e+08	2.50925e+08	2.33445e+08	2.86748e+08	2.93967e+08	3.32328e+08	3.25351e+08	3.17037e+08	2.91759e+08	2.26064e+08	3.05591e+08	2.23277e+08	3.0546e+08	2.85014e+08	2.21844e+08	2.6386e+08	2.68052e+08	2.25099e+08	2.44355e+08	2.61606e+08	2.47547e+08	1.70964e+08	1.53878e+08	1.81335e+08	1.66227e+08	1.67181e+08	1.54045e+08	2.77617e+08	2.52676e+08	2.6367e+08	2.92096e+08	2.38156e+08	2.76784e+08	1.49673e+08	1.62397e+08	1.52374e+08	1.53365e+08	1.41195e+08	1.40927e+08	1.70255e+08	1.73919e+08	1.46681e+08	1.50567e+08	1.48895e+08	1.51983e+08	1.39848e+08	2.13487e+08	2.10722e+08	1.37298e+08	1.52015e+08	2.01643e+08	1.37807e+08	1.7559e+08	1.75493e+08	1.77283e+08	1.32873e+08	1.33352e+08	2.66498e+08	2.39396e+08	2.20418e+08	2.91533e+08	2.69156e+08	2.84921e+08	2.28932e+08	1.97368e+08	2.28641e+08	1.98354e+08	2.27268e+08	1.95419e+08
ERR607808	3.13947e+08	4.01062e+08	3.41452e+08	2.87837e+08	2.84825e+08	3.44563e+08	2.39388e+08	2.64799e+08	1.74119e+08	2.5028e+08	2.52345e+08	2.51438e+08	2.65817e+08	2.50308e+08	2.55647e+08	2.4314e+08	2.51209e+08	2.63538e+08	1.77808e+08	2.40799e+08	2.26452e+08	2.38756e+08	2.23664e+08	2.48486e+08	2.12005e+08	2.13813e+08	1.85479e+08	2.03963e+08	2.21102e+08	2.05973e+08	2.53435e+08	2.59869e+08	2.93714e+08	2.8754e+08	2.80031e+08	2.57964e+08	1.99317e+08	2.68358e+08	1.97074e+08	2.68391e+08	2.50327e+08	1.95647e+08	2.31424e+08	2.35228e+08	1.97689e+08	2.14641e+08	2.29528e+08	2.17206e+08	1.48579e+08	1.34029e+08	1.57711e+08	1.44464e+08	1.45666e+08	1.34098e+08	2.42191e+08	2.20447e+08	2.29647e+08	2.54751e+08	2.07882e+08	2.41467e+08	1.30366e+08	1.41585e+08	1.33012e+08	1.33758e+08	1.23278e+08	1.23042e+08	1.48092e+08	1.51278e+08	1.27513e+08	1.3071e+08	1.29212e+08	1.31996e+08	1.2192e+08	1.85784e+08	1.83403e+08	1.19619e+08	1.32519e+08	1.75379e+08	1.19986e+08	1.52976e+08	1.52889e+08	1.54513e+08	1.15768e+08	1.16235e+08	2.32856e+08	2.09398e+08	1.92768e+08	2.54684e+08	2.3537e+08	2.49033e+08	2.02727e+08	1.7512e+08	2.02439e+08	1.75989e+08	2.01211e+08	1.73144e+08
ERR607806	3.86179e+08	3.41452e+08	5.75575e+08	3.51608e+08	3.47675e+08	4.25279e+08	3.00072e+08	3.32422e+08	2.17359e+08	3.13933e+08	3.16519e+08	3.15308e+08	3.33426e+08	3.13596e+08	3.20391e+08	3.04753e+08	3.14808e+08	3.30552e+08	2.22949e+08	3.02572e+08	2.8464e+08	3.00148e+08	2.80888e+08	3.12207e+08	2.63143e+08	2.65407e+08	2.29728e+08	2.52901e+08	2.74622e+08	2.55485e+08	3.12375e+08	3.20328e+08	3.63552e+08	3.55781e+08	3.46079e+08	3.18079e+08	2.48245e+08	3.35874e+08	2.45473e+08	3.35904e+08	3.13036e+08	2.43667e+08	2.89091e+08	2.93971e+08	2.46607e+08	2.68012e+08	2.86747e+08	2.71094e+08	1.88837e+08	1.70267e+08	2.00402e+08	1.83564e+08	1.84997e+08	1.70435e+08	3.05091e+08	2.77467e+08	2.89366e+08	3.20909e+08	2.61528e+08	3.04009e+08	1.65093e+08	1.79225e+08	1.68436e+08	1.69358e+08	1.56183e+08	1.55823e+08	1.88279e+08	1.92318e+08	1.62125e+08	1.6611e+08	1.64263e+08	1.67846e+08	1.54838e+08	2.3604e+08	2.32984e+08	1.51839e+08	1.68244e+08	2.22724e+08	1.5249e+08	1.94646e+08	1.94534e+08	1.96479e+08	1.47093e+08	1.47615e+08	2.92748e+08	2.62535e+08	2.41565e+08	3.2013e+08	2.95631e+08	3.12854e+08	2.51514e+08	2.16225e+08	2.50961e+08	2.17549e+08	2.49492e+08	2.13625e+08
ERR607810	3.22907e+08	2.87837e+08	3.51608e+08	4.21543e+08	2.93214e+08	3.54424e+08	2.4671e+08	2.73294e+08	1.78864e+08	2.58011e+08	2.60038e+08	2.59164e+08	2.73586e+08	2.5773e+08	2.63244e+08	2.50401e+08	2.58569e+08	2.71511e+08	1.83117e+08	2.48797e+08	2.33598e+08	2.46796e+08	2.30847e+08	2.56556e+08	2.18292e+08	2.20197e+08	1.9053e+08	2.0977e+08	2.27344e+08	2.12052e+08	2.59858e+08	2.66245e+08	3.02336e+08	2.95969e+08	2.87866e+08	2.64587e+08	2.05952e+08	2.76786e+08	2.03635e+08	2.77138e+08	2.58144e+08	2.02279e+08	2.38358e+08	2.4229e+08	2.03616e+08	2.21269e+08	2.3637e+08	2.23691e+08	1.535e+08	1.38715e+08	1.62936e+08	1.49142e+08	1.50579e+08	1.38812e+08	2.49391e+08	2.26763e+08	2.36368e+08	2.62371e+08	2.141e+08	2.48649e+08	1.34643e+08	1.46223e+08	1.37615e+08	1.38258e+08	1.27594e+08	1.27315e+08	1.52969e+08	1.56155e+08	1.31586e+08	1.3482e+08	1.3322e+08	1.36114e+08	1.26038e+08	1.91816e+08	1.89432e+08	1.23641e+08	1.3701e+08	1.8125e+08	1.24047e+08	1.58361e+08	1.58269e+08	1.59841e+08	1.19599e+08	1.19995e+08	2.40194e+08	2.156e+08	1.98341e+08	2.62229e+08	2.42665e+08	2.56472e+08	2.09316e+08	1.80497e+08	2.08811e+08	1.81449e+08	2.07716e+08	1.7822e+08
ERR607809	3.1937e+08	2.84825e+08	3.47675e+08	2.93214e+08	4.13982e+08	3.50546e+08	2.44186e+08	2.70203e+08	1.77097e+08	2.55119e+08	2.57173e+08	2.56322e+08	2.70586e+08	2.54769e+08	2.60216e+08	2.47702e+08	2.556e+08	2.68311e+08	1.81202e+08	2.46022e+08	2.31178e+08	2.44081e+08	2.28429e+08	2.5363e+08	2.16106e+08	2.17956e+08	1.88568e+08	2.0764e+08	2.25106e+08	2.09758e+08	2.5742e+08	2.63516e+08	2.99188e+08	2.92891e+08	2.8471e+08	2.61905e+08	2.03715e+08	2.73723e+08	2.01411e+08	2.74088e+08	2.55285e+08	2.0007e+08	2.35837e+08	2.39796e+08	2.01514e+08	2.1889e+08	2.33879e+08	2.21374e+08	1.51857e+08	1.3716e+08	1.61164e+08	1.47515e+08	1.48972e+08	1.37376e+08	2.46931e+08	2.24609e+08	2.34034e+08	2.5973e+08	2.11988e+08	2.46068e+08	1.33117e+08	1.44641e+08	1.36105e+08	1.3666e+08	1.26173e+08	1.25923e+08	1.51433e+08	1.54569e+08	1.30162e+08	1.33287e+08	1.31792e+08	1.34584e+08	1.24554e+08	1.89749e+08	1.87209e+08	1.22207e+08	1.35357e+08	1.79113e+08	1.22735e+08	1.56726e+08	1.56529e+08	1.5813e+08	1.18325e+08	1.18692e+08	2.3759e+08	2.13243e+08	1.96189e+08	2.59554e+08	2.39989e+08	2.53669e+08	2.07362e+08	1.78888e+08	2.06909e+08	1.79727e+08	2.05779e+08	1.7654e+08
ERR607807	3.9023e+08	3.44563e+08	4.25279e+08	3.54424e+08	3.50546e+08	5.85423e+08	3.03736e+08	3.35731e+08	2.20654e+08	3.17465e+08	3.19897e+08	3.18724e+08	3.37807e+08	3.17419e+08	3.24209e+08	3.08586e+08	3.18469e+08	3.34339e+08	2.25551e+08	3.04703e+08	2.87015e+08	3.02383e+08	2.83264e+08	3.14819e+08	2.65508e+08	2.67788e+08	2.32371e+08	2.55707e+08	2.77474e+08	2.57839e+08	3.16361e+08	3.24577e+08	3.669e+08	3.59058e+08	3.49988e+08	3.22034e+08	2.49517e+08	3.38696e+08	2.46559e+08	3.38359e+08	3.15495e+08	2.45021e+08	2.92218e+08	2.97081e+08	2.49188e+08	2.70345e+08	2.89855e+08	2.74071e+08	1.90693e+08	1.71604e+08	2.02452e+08	1.85617e+08	1.86431e+08	1.71752e+08	3.08752e+08	2.81273e+08	2.93493e+08	3.2486e+08	2.64964e+08	3.0811e+08	1.66864e+08	1.80862e+08	1.69655e+08	1.70951e+08	1.57143e+08	1.56892e+08	1.90156e+08	1.94238e+08	1.63906e+08	1.68281e+08	1.66463e+08	1.7008e+08	1.55986e+08	2.38474e+08	2.35385e+08	1.532e+08	1.69516e+08	2.25e+08	1.5377e+08	1.95885e+08	1.95708e+08	1.97775e+08	1.48172e+08	1.48967e+08	2.95917e+08	2.65799e+08	2.44798e+08	3.24117e+08	2.98842e+08	3.1673e+08	2.52295e+08	2.1719e+08	2.51989e+08	2.18451e+08	2.50482e+08	2.1518e+08
ERR608360	2.73721e+08	2.39388e+08	3.00072e+08	2.4671e+08	2.44186e+08	3.03736e+08	4.87751e+08	3.75929e+08	2.48837e+08	3.54427e+08	3.57642e+08	3.55813e+08	3.13665e+08	2.94186e+08	3.00624e+08	2.86315e+08	2.95135e+08	3.10025e+08	2.09189e+08	2.81089e+08	2.64982e+08	2.79085e+08	2.62258e+08	2.91099e+08	2.34692e+08	2.36794e+08	2.05188e+08	2.2595e+08	2.45238e+08	2.27857e+08	2.79819e+08	2.88057e+08	3.27056e+08	3.19686e+08	3.11537e+08	2.85483e+08	2.43182e+08	3.31084e+08	2.39832e+08	3.30018e+08	3.08086e+08	2.38571e+08	2.84718e+08	2.89381e+08	2.43571e+08	2.63829e+08	2.82869e+08	2.67153e+08	1.74559e+08	1.56575e+08	1.85106e+08	1.69817e+08	1.70116e+08	1.56685e+08	2.91673e+08	2.65315e+08	2.77351e+08	3.07427e+08	2.50052e+08	2.91044e+08	1.50534e+08	1.62945e+08	1.52629e+08	1.53945e+08	1.41303e+08	1.413e+08	1.76481e+08	1.80282e+08	1.52521e+08	1.56724e+08	1.55112e+08	1.58323e+08	1.49375e+08	2.27692e+08	2.24757e+08	1.46671e+08	1.62221e+08	2.14851e+08	1.43765e+08	1.82773e+08	1.82668e+08	1.84403e+08	1.38417e+08	1.39164e+08	3.13738e+08	2.82608e+08	2.60908e+08	3.42917e+08	3.16894e+08	3.35391e+08	2.01729e+08	1.71117e+08	2.01377e+08	1.72464e+08	1.99845e+08	1.69715e+08
ERR608361	3.02725e+08	2.64799e+08	3.32422e+08	2.73294e+08	2.70203e+08	3.35731e+08	3.75929e+08	5.80571e+08	2.72983e+08	3.91609e+08	3.95076e+08	3.93466e+08	3.46258e+08	3.25157e+08	3.32226e+08	3.16211e+08	3.26045e+08	3.42934e+08	2.30913e+08	3.12102e+08	2.93773e+08	3.10049e+08	2.90628e+08	3.23206e+08	2.59477e+08	2.61558e+08	2.26051e+08	2.49212e+08	2.70907e+08	2.51663e+08	3.09126e+08	3.18067e+08	3.63063e+08	3.54478e+08	3.44654e+08	3.15347e+08	2.69208e+08	3.66344e+08	2.65467e+08	3.65576e+08	3.40491e+08	2.63959e+08	3.13916e+08	3.19339e+08	2.68578e+08	2.91368e+08	3.11927e+08	2.94707e+08	1.94243e+08	1.7468e+08	2.06175e+08	1.88989e+08	1.89658e+08	1.74711e+08	3.22882e+08	2.93428e+08	3.06434e+08	3.40545e+08	2.76748e+08	3.21999e+08	1.67549e+08	1.81613e+08	1.70466e+08	1.71489e+08	1.57674e+08	1.57804e+08	1.96861e+08	2.00772e+08	1.69551e+08	1.74115e+08	1.7221e+08	1.75958e+08	1.67125e+08	2.54209e+08	2.50677e+08	1.63963e+08	1.81307e+08	2.39918e+08	1.60538e+08	2.04305e+08	2.04337e+08	2.06208e+08	1.54653e+08	1.55364e+08	3.4671e+08	3.11785e+08	2.87465e+08	3.78992e+08	3.50309e+08	3.70307e+08	2.25591e+08	1.9131e+08	2.25212e+08	1.92719e+08	2.23477e+08	1.89372e+08
ERR608359	1.99041e+08	1.74119e+08	2.17359e+08	1.78864e+08	1.77097e+08	2.20654e+08	2.48837e+08	2.72983e+08	2.89462e+08	2.58532e+08	2.60609e+08	2.59388e+08	2.28921e+08	2.14667e+08	2.19228e+08	2.09142e+08	2.15179e+08	2.25643e+08	1.52075e+08	2.01545e+08	1.90728e+08	2.00353e+08	1.88638e+08	2.09067e+08	1.7088e+08	1.72119e+08	1.50439e+08	1.6513e+08	1.78738e+08	1.65786e+08	2.03864e+08	2.10251e+08	2.35645e+08	2.30821e+08	2.25814e+08	2.07976e+08	1.76491e+08	2.40199e+08	1.74111e+08	2.3886e+08	2.24087e+08	1.73204e+08	2.08873e+08	2.12185e+08	1.79138e+08	1.93257e+08	2.07583e+08	1.96196e+08	1.23888e+08	1.10594e+08	1.31209e+08	1.20715e+08	1.20097e+08	1.10595e+08	2.11049e+08	1.92477e+08	2.01665e+08	2.22309e+08	1.81252e+08	2.10868e+08	1.06942e+08	1.15459e+08	1.07606e+08	1.09133e+08	9.95594e+07	9.95489e+07	1.24894e+08	1.27514e+08	1.08176e+08	1.11781e+08	1.10615e+08	1.12829e+08	1.04972e+08	1.607e+08	1.5854e+08	1.03334e+08	1.14104e+08	1.51526e+08	1.01399e+08	1.28397e+08	1.28371e+08	1.29576e+08	9.75642e+07	9.8329e+07	2.29171e+08	2.0769e+08	1.92379e+08	2.50874e+08	2.31598e+08	2.45111e+08	1.41509e+08	1.20267e+08	1.41368e+08	1.21186e+08	1.40236e+08	1.19985e+08
ERR608363	2.86024e+08	2.5028e+08	3.13933e+08	2.58011e+08	2.55119e+08	3.17465e+08	3.54427e+08	3.91609e+08	2.58532e+08	5.2575e+08	3.74933e+08	3.73174e+08	3.28367e+08	3.08056e+08	3.14994e+08	2.9969e+08	3.09232e+08	3.24656e+08	2.18359e+08	2.94114e+08	2.77283e+08	2.92198e+08	2.74332e+08	3.04561e+08	2.45334e+08	2.47278e+08	2.14309e+08	2.36051e+08	2.56353e+08	2.38039e+08	2.93044e+08	3.0173e+08	3.42752e+08	3.3498e+08	3.26132e+08	2.98881e+08	2.54035e+08	3.46042e+08	2.50496e+08	3.45015e+08	3.21874e+08	2.49184e+08	2.97263e+08	3.02193e+08	2.54435e+08	2.75699e+08	2.95313e+08	2.7909e+08	1.82802e+08	1.64105e+08	1.93926e+08	1.77834e+08	1.78149e+08	1.64177e+08	3.05177e+08	2.77588e+08	2.90019e+08	3.21609e+08	2.61574e+08	3.04316e+08	1.57687e+08	1.70829e+08	1.59991e+08	1.61198e+08	1.47954e+08	1.48051e+08	1.84809e+08	1.88675e+08	1.59511e+08	1.63857e+08	1.62123e+08	1.65714e+08	1.56926e+08	2.38884e+08	2.35875e+08	1.53981e+08	1.70345e+08	2.25301e+08	1.50623e+08	1.9154e+08	1.91513e+08	1.93366e+08	1.45138e+08	1.45914e+08	3.28068e+08	2.95457e+08	2.7261e+08	3.58824e+08	3.314e+08	3.50719e+08	2.11375e+08	1.79452e+08	2.10973e+08	1.8071e+08	2.0947e+08	1.77932e+08
ERR608364	2.88308e+08	2.52345e+08	3.16519e+08	2.60038e+08	2.57173e+08	3.19897e+08	3.57642e+08	3.95076e+08	2.60609e+08	3.74933e+08	5.33616e+08	3.76427e+08	3.30743e+08	3.10511e+08	3.17309e+08	3.01869e+08	3.11462e+08	3.27123e+08	2.20305e+08	2.9662e+08	2.7968e+08	2.94593e+08	2.76556e+08	3.07249e+08	2.47363e+08	2.49398e+08	2.15966e+08	2.37842e+08	2.58421e+08	2.40058e+08	2.95215e+08	3.03796e+08	3.45573e+08	3.37421e+08	3.28563e+08	3.01093e+08	2.56247e+08	3.49027e+08	2.52773e+08	3.48217e+08	3.24468e+08	2.51308e+08	2.99874e+08	3.04796e+08	2.56639e+08	2.78043e+08	2.98031e+08	2.81517e+08	1.84434e+08	1.65563e+08	1.95709e+08	1.793e+08	1.79781e+08	1.65547e+08	3.07712e+08	2.79649e+08	2.92306e+08	3.24382e+08	2.63768e+08	3.06906e+08	1.59126e+08	1.72416e+08	1.61454e+08	1.62613e+08	1.4943e+08	1.49424e+08	1.86462e+08	1.9043e+08	1.60993e+08	1.65395e+08	1.63533e+08	1.67172e+08	1.58433e+08	2.41135e+08	2.38052e+08	1.55381e+08	1.71952e+08	2.27497e+08	1.52114e+08	1.9345e+08	1.9354e+08	1.95372e+08	1.46534e+08	1.47333e+08	3.30989e+08	2.97957e+08	2.74795e+08	3.61986e+08	3.34344e+08	3.5374e+08	2.13456e+08	1.81174e+08	2.1308e+08	1.82431e+08	2.11539e+08	1.79559e+08
ERR608362	2.87278e+08	2.51438e+08	3.15308e+08	2.59164e+08	2.56322e+08	3.18724e+08	3.55813e+08	3.93466e+08	2.59388e+08	3.73174e+08	3.76427e+08	5.29731e+08	3.29158e+08	3.08748e+08	3.15573e+08	3.00389e+08	3.09833e+08	3.25457e+08	2.19045e+08	2.95546e+08	2.78208e+08	2.93513e+08	2.75283e+08	3.05828e+08	2.46184e+08	2.48131e+08	2.14958e+08	2.36677e+08	2.56985e+08	2.38771e+08	2.93543e+08	3.02041e+08	3.43891e+08	3.3607e+08	3.27016e+08	2.99473e+08	2.55664e+08	3.475e+08	2.5196e+08	3.46892e+08	3.23208e+08	2.50636e+08	2.98596e+08	3.03474e+08	2.55345e+08	2.76753e+08	2.96666e+08	2.80213e+08	1.83477e+08	1.64924e+08	1.94641e+08	1.78504e+08	1.79023e+08	1.64838e+08	3.06077e+08	2.78205e+08	2.90709e+08	3.22702e+08	2.62262e+08	3.05355e+08	1.58326e+08	1.7142e+08	1.60805e+08	1.61904e+08	1.48715e+08	1.48778e+08	1.85543e+08	1.8942e+08	1.60135e+08	1.64419e+08	1.62739e+08	1.66152e+08	1.57384e+08	2.39779e+08	2.36598e+08	1.54481e+08	1.70969e+08	2.26315e+08	1.51291e+08	1.925e+08	1.92547e+08	1.94209e+08	1.45746e+08	1.46493e+08	3.29163e+08	2.9656e+08	2.73596e+08	3.60222e+08	3.32736e+08	3.51966e+08	2.12541e+08	1.80421e+08	2.12189e+08	1.817e+08	2.10539e+08	1.78682e+08
ERR637059	3.04012e+08	2.65817e+08	3.33426e+08	2.73586e+08	2.70586e+08	3.37807e+08	3.13665e+08	3.46258e+08	2.28921e+08	3.28367e+08	3.30743e+08	3.29158e+08	5.36235e+08	3.55623e+08	3.63012e+08	3.46472e+08	3.5667e+08	3.75291e+08	2.25946e+08	3.03327e+08	2.86182e+08	3.0136e+08	2.82986e+08	3.14483e+08	2.61041e+08	2.6364e+08	2.29192e+08	2.51845e+08	2.73692e+08	2.53473e+08	3.02477e+08	3.11348e+08	3.51983e+08	3.43843e+08	3.35828e+08	3.08072e+08	2.49321e+08	3.4116e+08	2.45696e+08	3.40341e+08	3.17594e+08	2.44427e+08	3.03718e+08	3.0875e+08	2.58927e+08	2.81085e+08	3.01322e+08	2.84932e+08	1.9109e+08	1.71017e+08	2.02607e+08	1.86204e+08	1.85768e+08	1.71174e+08	3.09553e+08	2.81712e+08	2.94576e+08	3.26482e+08	2.65131e+08	3.08709e+08	1.64255e+08	1.77842e+08	1.66306e+08	1.6786e+08	1.53706e+08	1.53696e+08	1.90973e+08	1.94924e+08	1.64861e+08	1.69455e+08	1.67828e+08	1.71369e+08	1.58462e+08	2.42761e+08	2.39639e+08	1.557e+08	1.72277e+08	2.28961e+08	1.53803e+08	1.95386e+08	1.95368e+08	1.97305e+08	1.48055e+08	1.49043e+08	3.08586e+08	2.77418e+08	2.56105e+08	3.37847e+08	3.11776e+08	3.30036e+08	2.18723e+08	1.85546e+08	2.18272e+08	1.86989e+08	2.16719e+08	1.84325e+08
ERR637060	2.85879e+08	2.50308e+08	3.13596e+08	2.5773e+08	2.54769e+08	3.17419e+08	2.94186e+08	3.25157e+08	2.14667e+08	3.08056e+08	3.10511e+08	3.08748e+08	3.55623e+08	4.79769e+08	3.42516e+08	3.24838e+08	3.3655e+08	3.51925e+08	2.12129e+08	2.85143e+08	2.68767e+08	2.83348e+08	2.65994e+08	2.95528e+08	2.45664e+08	2.47939e+08	2.15426e+08	2.36825e+08	2.57378e+08	2.38408e+08	2.83867e+08	2.91835e+08	3.30595e+08	3.22942e+08	3.15181e+08	2.89164e+08	2.34851e+08	3.20661e+08	2.31481e+08	3.19984e+08	2.98454e+08	2.30172e+08	2.85481e+08	2.90319e+08	2.43656e+08	2.64482e+08	2.83487e+08	2.67922e+08	1.78822e+08	1.60217e+08	1.8979e+08	1.74279e+08	1.74053e+08	1.60338e+08	2.90288e+08	2.64066e+08	2.76e+08	3.06095e+08	2.48631e+08	2.89409e+08	1.53396e+08	1.66078e+08	1.55526e+08	1.56741e+08	1.43771e+08	1.43703e+08	1.78179e+08	1.81974e+08	1.53774e+08	1.58018e+08	1.56431e+08	1.59857e+08	1.48736e+08	2.27585e+08	2.24658e+08	1.46122e+08	1.61611e+08	2.14747e+08	1.43677e+08	1.82758e+08	1.82765e+08	1.84514e+08	1.38332e+08	1.39174e+08	2.8992e+08	2.60648e+08	2.40523e+08	3.1731e+08	2.92892e+08	3.10022e+08	2.04606e+08	1.73559e+08	2.04246e+08	1.74921e+08	2.02839e+08	1.72306e+08
ERR637062	2.91887e+08	2.55647e+08	3.20391e+08	2.63244e+08	2.60216e+08	3.24209e+08	3.00624e+08	3.32226e+08	2.19228e+08	3.14994e+08	3.17309e+08	3.15573e+08	3.63012e+08	3.42516e+08	4.97743e+08	3.31518e+08	3.43673e+08	3.59264e+08	2.16678e+08	2.91559e+08	2.74867e+08	2.8965e+08	2.71808e+08	3.0218e+08	2.50854e+08	2.53094e+08	2.19968e+08	2.41751e+08	2.62773e+08	2.43558e+08	2.89878e+08	2.98278e+08	3.37989e+08	3.30129e+08	3.22118e+08	2.95304e+08	2.39999e+08	3.27626e+08	2.36429e+08	3.26989e+08	3.04949e+08	2.35326e+08	2.91771e+08	2.9649e+08	2.48952e+08	2.70271e+08	2.89559e+08	2.73865e+08	1.83004e+08	1.63934e+08	1.94096e+08	1.78235e+08	1.78062e+08	1.64138e+08	2.96618e+08	2.69745e+08	2.81946e+08	3.12858e+08	2.54135e+08	2.96038e+08	1.57122e+08	1.70152e+08	1.59211e+08	1.6061e+08	1.47201e+08	1.47159e+08	1.82584e+08	1.8642e+08	1.57494e+08	1.61708e+08	1.60218e+08	1.63613e+08	1.52064e+08	2.32594e+08	2.29691e+08	1.49364e+08	1.65267e+08	2.19352e+08	1.47204e+08	1.87317e+08	1.87171e+08	1.89112e+08	1.41716e+08	1.42668e+08	2.96403e+08	2.66184e+08	2.45624e+08	3.24158e+08	2.99171e+08	3.16687e+08	2.0969e+08	1.77841e+08	2.09334e+08	1.79216e+08	2.07813e+08	1.7651e+08
ERR637057	2.77851e+08	2.4314e+08	3.04753e+08	2.50401e+08	2.47702e+08	3.08586e+08	2.86315e+08	3.16211e+08	2.09142e+08	2.9969e+08	3.01869e+08	3.00389e+08	3.46472e+08	3.24838e+08	3.31518e+08	4.57864e+08	3.25858e+08	3.42731e+08	2.06638e+08	2.77222e+08	2.61531e+08	2.75537e+08	2.58658e+08	2.87426e+08	2.38917e+08	2.41172e+08	2.09566e+08	2.30526e+08	2.50161e+08	2.32091e+08	2.75824e+08	2.83804e+08	3.21087e+08	3.13654e+08	3.06275e+08	2.80881e+08	2.28167e+08	3.11504e+08	2.24748e+08	3.10776e+08	2.90089e+08	2.23658e+08	2.77988e+08	2.82488e+08	2.37417e+08	2.57614e+08	2.75844e+08	2.61014e+08	1.73902e+08	1.5584e+08	1.84437e+08	1.69444e+08	1.69202e+08	1.55904e+08	2.82363e+08	2.5696e+08	2.68654e+08	2.97834e+08	2.41939e+08	2.81722e+08	1.48955e+08	1.61306e+08	1.50949e+08	1.52262e+08	1.39574e+08	1.3961e+08	1.73157e+08	1.76759e+08	1.49474e+08	1.53581e+08	1.52077e+08	1.55251e+08	1.446e+08	2.21395e+08	2.18448e+08	1.42161e+08	1.57122e+08	2.08791e+08	1.39478e+08	1.77286e+08	1.77297e+08	1.78997e+08	1.34437e+08	1.35083e+08	2.81925e+08	2.53452e+08	2.34158e+08	3.08292e+08	2.84594e+08	3.01136e+08	1.98664e+08	1.68526e+08	1.98241e+08	1.69854e+08	1.96895e+08	1.67285e+08
ERR637061	2.86886e+08	2.51209e+08	3.14808e+08	2.58569e+08	2.556e+08	3.18469e+08	2.95135e+08	3.26045e+08	2.15179e+08	3.09232e+08	3.11462e+08	3.09833e+08	3.5667e+08	3.3655e+08	3.43673e+08	3.25858e+08	4.82655e+08	3.52877e+08	2.12803e+08	2.86054e+08	2.69674e+08	2.84185e+08	2.66898e+08	2.96437e+08	2.4642e+08	2.48922e+08	2.16066e+08	2.37595e+08	2.58167e+08	2.39389e+08	2.84729e+08	2.92929e+08	3.31745e+08	3.24162e+08	3.16217e+08	2.9008e+08	2.3568e+08	3.21763e+08	2.32202e+08	3.21034e+08	2.99503e+08	2.31064e+08	2.86478e+08	2.91266e+08	2.44572e+08	2.65341e+08	2.84376e+08	2.68822e+08	1.79463e+08	1.60854e+08	1.90423e+08	1.74788e+08	1.74703e+08	1.61049e+08	2.9102e+08	2.64862e+08	2.76884e+08	3.0692e+08	2.49299e+08	2.90423e+08	1.54155e+08	1.66882e+08	1.56247e+08	1.57524e+08	1.44486e+08	1.44441e+08	1.79077e+08	1.82857e+08	1.54419e+08	1.5866e+08	1.57085e+08	1.60437e+08	1.49073e+08	2.28256e+08	2.25405e+08	1.46571e+08	1.62082e+08	2.15332e+08	1.44263e+08	1.83581e+08	1.83579e+08	1.85267e+08	1.3901e+08	1.39876e+08	2.91073e+08	2.61708e+08	2.41558e+08	3.18494e+08	2.93972e+08	3.111e+08	2.05735e+08	1.74276e+08	2.05208e+08	1.75765e+08	2.03711e+08	1.73025e+08
ERR637058	3.01066e+08	2.63538e+08	3.30552e+08	2.71511e+08	2.68311e+08	3.34339e+08	3.10025e+08	3.42934e+08	2.25643e+08	3.24656e+08	3.27123e+08	3.25457e+08	3.75291e+08	3.51925e+08	3.59264e+08	3.42731e+08	3.52877e+08	5.26582e+08	2.23676e+08	3.01186e+08	2.83776e+08	2.9928e+08	2.80793e+08	3.12085e+08	2.58752e+08	2.61209e+08	2.26691e+08	2.49421e+08	2.71033e+08	2.51342e+08	2.98539e+08	3.07108e+08	3.48479e+08	3.40472e+08	3.31986e+08	3.04196e+08	2.47419e+08	3.38011e+08	2.44011e+08	3.37533e+08	3.14504e+08	2.42788e+08	3.00853e+08	3.05679e+08	2.56718e+08	2.78948e+08	2.98632e+08	2.82259e+08	1.89243e+08	1.69644e+08	2.00706e+08	1.8432e+08	1.84248e+08	1.69765e+08	3.06008e+08	2.78202e+08	2.90714e+08	3.2271e+08	2.61939e+08	3.05295e+08	1.62492e+08	1.76043e+08	1.64878e+08	1.66151e+08	1.52486e+08	1.52424e+08	1.89081e+08	1.9303e+08	1.62974e+08	1.6732e+08	1.65592e+08	1.69177e+08	1.57304e+08	2.40504e+08	2.37428e+08	1.54513e+08	1.7096e+08	2.26887e+08	1.52392e+08	1.93941e+08	1.93953e+08	1.95825e+08	1.46713e+08	1.47703e+08	3.05217e+08	2.74139e+08	2.52787e+08	3.33874e+08	3.08391e+08	3.26332e+08	2.1736e+08	1.84139e+08	2.16743e+08	1.85612e+08	2.15209e+08	1.82646e+08
ERR608647	2.03296e+08	1.77808e+08	2.22949e+08	1.83117e+08	1.81202e+08	2.25551e+08	2.09189e+08	2.30913e+08	1.52075e+08	2.18359e+08	2.20305e+08	2.19045e+08	2.25946e+08	2.12129e+08	2.16678e+08	2.06638e+08	2.12803e+08	2.23676e+08	2.81544e+08	2.35922e+08	2.23364e+08	2.34283e+08	2.21103e+08	2.44561e+08	1.7564e+08	1.7737e+08	1.54004e+08	1.69273e+08	1.83843e+08	1.70647e+08	1.97776e+08	2.03529e+08	2.31074e+08	2.2581e+08	2.20022e+08	2.01588e+08	1.71632e+08	2.34401e+08	1.69409e+08	2.33543e+08	2.18347e+08	1.68408e+08	2.02964e+08	2.06158e+08	1.73635e+08	1.87938e+08	2.01387e+08	1.90648e+08	1.32621e+08	1.1889e+08	1.40506e+08	1.29019e+08	1.29079e+08	1.18991e+08	2.20576e+08	2.01486e+08	2.10337e+08	2.32065e+08	1.89983e+08	2.20198e+08	1.12811e+08	1.21877e+08	1.14329e+08	1.15268e+08	1.05824e+08	1.05874e+08	1.31675e+08	1.34278e+08	1.13853e+08	1.17061e+08	1.15861e+08	1.18291e+08	1.09957e+08	1.6761e+08	1.656e+08	1.0813e+08	1.19431e+08	1.58293e+08	1.05044e+08	1.33088e+08	1.33135e+08	1.34454e+08	1.01147e+08	1.01746e+08	2.04741e+08	1.84183e+08	1.69956e+08	2.24222e+08	2.0698e+08	2.19083e+08	1.50426e+08	1.27816e+08	1.50093e+08	1.28659e+08	1.49134e+08	1.26866e+08
ERR608650	2.74658e+08	2.40799e+08	3.02572e+08	2.48797e+08	2.46022e+08	3.04703e+08	2.81089e+08	3.12102e+08	2.01545e+08	2.94114e+08	2.9662e+08	2.95546e+08	3.03327e+08	2.85143e+08	2.91559e+08	2.77222e+08	2.86054e+08	3.01186e+08	2.35922e+08	4.63533e+08	3.01972e+08	3.18301e+08	2.97281e+08	3.30158e+08	2.36815e+08	2.38846e+08	2.0544e+08	2.26912e+08	2.46851e+08	2.29624e+08	2.65935e+08	2.73372e+08	3.1476e+08	3.07383e+08	2.97984e+08	2.71527e+08	2.33084e+08	3.16602e+08	2.30052e+08	3.16532e+08	2.94416e+08	2.28766e+08	2.71886e+08	2.7644e+08	2.32484e+08	2.52398e+08	2.69823e+08	2.55454e+08	1.80397e+08	1.62876e+08	1.91438e+08	1.75225e+08	1.76732e+08	1.62975e+08	2.96522e+08	2.69816e+08	2.808e+08	3.121e+08	2.54956e+08	2.95552e+08	1.54179e+08	1.67163e+08	1.57728e+08	1.57997e+08	1.46153e+08	1.46242e+08	1.80392e+08	1.8409e+08	1.55414e+08	1.59024e+08	1.57385e+08	1.60812e+08	1.49854e+08	2.27493e+08	2.24641e+08	1.46969e+08	1.62799e+08	2.14856e+08	1.44329e+08	1.83827e+08	1.83863e+08	1.85598e+08	1.39208e+08	1.39529e+08	2.76076e+08	2.47137e+08	2.27068e+08	3.01546e+08	2.79148e+08	2.94945e+08	2.08808e+08	1.76939e+08	2.08143e+08	1.78102e+08	2.06784e+08	1.74387e+08
ERR608652	2.58492e+08	2.26452e+08	2.8464e+08	2.33598e+08	2.31178e+08	2.87015e+08	2.64982e+08	2.93773e+08	1.90728e+08	2.77283e+08	2.7968e+08	2.78208e+08	2.86182e+08	2.68767e+08	2.74867e+08	2.61531e+08	2.69674e+08	2.83776e+08	2.23364e+08	3.01972e+08	4.18174e+08	2.99689e+08	2.80442e+08	3.10915e+08	2.22929e+08	2.25064e+08	1.9407e+08	2.14089e+08	2.32679e+08	2.16375e+08	2.50962e+08	2.58044e+08	2.95816e+08	2.88771e+08	2.80326e+08	2.55993e+08	2.18966e+08	2.98238e+08	2.16251e+08	2.97816e+08	2.77372e+08	2.1484e+08	2.56542e+08	2.60854e+08	2.19371e+08	2.37838e+08	2.54595e+08	2.40902e+08	1.69494e+08	1.52719e+08	1.79683e+08	1.6476e+08	1.65731e+08	1.52841e+08	2.79677e+08	2.54658e+08	2.6538e+08	2.94339e+08	2.40458e+08	2.78881e+08	1.44669e+08	1.56721e+08	1.47679e+08	1.4814e+08	1.36682e+08	1.36727e+08	1.69201e+08	1.72616e+08	1.46026e+08	1.49587e+08	1.48017e+08	1.51126e+08	1.40856e+08	2.13974e+08	2.11368e+08	1.38213e+08	1.52917e+08	2.02175e+08	1.35301e+08	1.72105e+08	1.72065e+08	1.73749e+08	1.30495e+08	1.30883e+08	2.60027e+08	2.33204e+08	2.1452e+08	2.84456e+08	2.62618e+08	2.78047e+08	1.95049e+08	1.65438e+08	1.9453e+08	1.66567e+08	1.93166e+08	1.63496e+08
ERR608651	2.7234e+08	2.38756e+08	3.00148e+08	2.46796e+08	2.44081e+08	3.02383e+08	2.79085e+08	3.10049e+08	2.00353e+08	2.92198e+08	2.94593e+08	2.93513e+08	3.0136e+08	2.83348e+08	2.8965e+08	2.75537e+08	2.84185e+08	2.9928e+08	2.34283e+08	3.18301e+08	2.99689e+08	4.57275e+08	2.95024e+08	3.27623e+08	2.34901e+08	2.37011e+08	2.04011e+08	2.2538e+08	2.45177e+08	2.27983e+08	2.64128e+08	2.71442e+08	3.12118e+08	3.04717e+08	2.9558e+08	2.69436e+08	2.31366e+08	3.14409e+08	2.28384e+08	3.14543e+08	2.92399e+08	2.27056e+08	2.70099e+08	2.7464e+08	2.30914e+08	2.50863e+08	2.68052e+08	2.53675e+08	1.7922e+08	1.6164e+08	1.89995e+08	1.7405e+08	1.75319e+08	1.61715e+08	2.9448e+08	2.68005e+08	2.78841e+08	3.09838e+08	2.53025e+08	2.93418e+08	1.53132e+08	1.65992e+08	1.56411e+08	1.56799e+08	1.44942e+08	1.44944e+08	1.78959e+08	1.8261e+08	1.54327e+08	1.57815e+08	1.5624e+08	1.59555e+08	1.48851e+08	2.25908e+08	2.2319e+08	1.45936e+08	1.61609e+08	2.13348e+08	1.43144e+08	1.82383e+08	1.8237e+08	1.84054e+08	1.38074e+08	1.38466e+08	2.74272e+08	2.45727e+08	2.25671e+08	2.99632e+08	2.77065e+08	2.92977e+08	2.06913e+08	1.75313e+08	2.06336e+08	1.76568e+08	2.05019e+08	1.72889e+08
ERR608648	2.55277e+08	2.23664e+08	2.80888e+08	2.30847e+08	2.28429e+08	2.83264e+08	2.62258e+08	2.90628e+08	1.88638e+08	2.74332e+08	2.76556e+08	2.75283e+08	2.82986e+08	2.65994e+08	2.71808e+08	2.58658e+08	2.66898e+08	2.80793e+08	2.21103e+08	2.97281e+08	2.80442e+08	2.95024e+08	4.09907e+08	3.07841e+08	2.2044e+08	2.22484e+08	1.9187e+08	2.11591e+08	2.30067e+08	2.13882e+08	2.48067e+08	2.55035e+08	2.92497e+08	2.85502e+08	2.7718e+08	2.52996e+08	2.16237e+08	2.94572e+08	2.13634e+08	2.94293e+08	2.74111e+08	2.12399e+08	2.53552e+08	2.57814e+08	2.16855e+08	2.35197e+08	2.51697e+08	2.38186e+08	1.67812e+08	1.51233e+08	1.77995e+08	1.63069e+08	1.64123e+08	1.51362e+08	2.76224e+08	2.51533e+08	2.62057e+08	2.90599e+08	2.37474e+08	2.75338e+08	1.43184e+08	1.5519e+08	1.46019e+08	1.46536e+08	1.35268e+08	1.35317e+08	1.6745e+08	1.70861e+08	1.44413e+08	1.4803e+08	1.46495e+08	1.49506e+08	1.39452e+08	2.11886e+08	2.09299e+08	1.36982e+08	1.51492e+08	2.00218e+08	1.33851e+08	1.70139e+08	1.70275e+08	1.7196e+08	1.29063e+08	1.29522e+08	2.57437e+08	2.30728e+08	2.12234e+08	2.81294e+08	2.6006e+08	2.74829e+08	1.93138e+08	1.6376e+08	1.9256e+08	1.64869e+08	1.91208e+08	1.61696e+08
ERR608649	2.83452e+08	2.48486e+08	3.12207e+08	2.56556e+08	2.5363e+08	3.14819e+08	2.91099e+08	3.23206e+08	2.09067e+08	3.04561e+08	3.07249e+08	3.05828e+08	3.14483e+08	2.95528e+08	3.0218e+08	2.87426e+08	2.96437e+08	3.12085e+08	2.44561e+08	3.30158e+08	3.10915e+08	3.27623e+08	3.07841e+08	4.91456e+08	2.4455e+08	2.46819e+08	2.12622e+08	2.34728e+08	2.55421e+08	2.37321e+08	2.75765e+08	2.83706e+08	3.25755e+08	3.17963e+08	3.08645e+08	2.81336e+08	2.401e+08	3.27186e+08	2.37109e+08	3.26985e+08	3.04078e+08	2.35622e+08	2.81387e+08	2.86114e+08	2.40422e+08	2.61093e+08	2.79331e+08	2.64134e+08	1.8683e+08	1.68488e+08	1.98029e+08	1.81662e+08	1.82711e+08	1.68469e+08	3.07034e+08	2.79446e+08	2.91142e+08	3.23254e+08	2.63855e+08	3.06079e+08	1.59919e+08	1.73363e+08	1.63195e+08	1.63845e+08	1.51303e+08	1.51318e+08	1.87068e+08	1.90876e+08	1.61331e+08	1.65137e+08	1.63477e+08	1.66802e+08	1.55174e+08	2.35794e+08	2.32893e+08	1.52318e+08	1.68498e+08	2.22671e+08	1.4958e+08	1.90552e+08	1.90564e+08	1.92267e+08	1.44218e+08	1.4461e+08	2.86014e+08	2.56083e+08	2.35442e+08	3.1261e+08	2.88825e+08	3.056e+08	2.16047e+08	1.83169e+08	2.15378e+08	1.84387e+08	2.13974e+08	1.80753e+08
ERR618517	2.40457e+08	2.12005e+08	2.63143e+08	2.18292e+08	2.16106e+08	2.65508e+08	2.34692e+08	2.59477e+08	1.7088e+08	2.45334e+08	2.47363e+08	2.46184e+08	2.61041e+08	2.45664e+08	2.50854e+08	2.38917e+08	2.4642e+08	2.58752e+08	1.7564e+08	2.36815e+08	2.22929e+08	2.34901e+08	2.2044e+08	2.4455e+08	3.36253e+08	2.22219e+08	1.91451e+08	2.10768e+08	2.28324e+08	2.13868e+08	2.2689e+08	2.33332e+08	2.65441e+08	2.59322e+08	2.5236e+08	2.31359e+08	1.94828e+08	2.63018e+08	1.92607e+08	2.62764e+08	2.45154e+08	1.91355e+08	2.28895e+08	2.32599e+08	1.95509e+08	2.12092e+08	2.27002e+08	2.14826e+08	1.44298e+08	1.29838e+08	1.52968e+08	1.40288e+08	1.40958e+08	1.29981e+08	2.38596e+08	2.17245e+08	2.2651e+08	2.51016e+08	2.04929e+08	2.37854e+08	1.24871e+08	1.35227e+08	1.27025e+08	1.27738e+08	1.17658e+08	1.17676e+08	1.45683e+08	1.48744e+08	1.25809e+08	1.29136e+08	1.27722e+08	1.30395e+08	1.18126e+08	1.79585e+08	1.77322e+08	1.15991e+08	1.2817e+08	1.69536e+08	1.16382e+08	1.47939e+08	1.4798e+08	1.4943e+08	1.12154e+08	1.12678e+08	2.28049e+08	2.04728e+08	1.88785e+08	2.49288e+08	2.30184e+08	2.43612e+08	1.70011e+08	1.4474e+08	1.69578e+08	1.45623e+08	1.68418e+08	1.43244e+08
ERR618518	2.42422e+08	2.13813e+08	2.65407e+08	2.20197e+08	2.17956e+08	2.67788e+08	2.36794e+08	2.61558e+08	1.72119e+08	2.47278e+08	2.49398e+08	2.48131e+08	2.6364e+08	2.47939e+08	2.53094e+08	2.41172e+08	2.48922e+08	2.61209e+08	1.7737e+08	2.38846e+08	2.25064e+08	2.37011e+08	2.22484e+08	2.46819e+08	2.22219e+08	3.41059e+08	1.93048e+08	2.12391e+08	2.30248e+08	2.15773e+08	2.28975e+08	2.35365e+08	2.67824e+08	2.61773e+08	2.54772e+08	2.33498e+08	1.96483e+08	2.65359e+08	1.94143e+08	2.65071e+08	2.47365e+08	1.92939e+08	2.31013e+08	2.34534e+08	1.97192e+08	2.13901e+08	2.29064e+08	2.16608e+08	1.45593e+08	1.31036e+08	1.54356e+08	1.41488e+08	1.42295e+08	1.31158e+08	2.40677e+08	2.1906e+08	2.2853e+08	2.53162e+08	2.06599e+08	2.39832e+08	1.25996e+08	1.3649e+08	1.28106e+08	1.28957e+08	1.1872e+08	1.18719e+08	1.47022e+08	1.49993e+08	1.26873e+08	1.30157e+08	1.28841e+08	1.31573e+08	1.19227e+08	1.81273e+08	1.78942e+08	1.16999e+08	1.29287e+08	1.71187e+08	1.17394e+08	1.49341e+08	1.49262e+08	1.50699e+08	1.13075e+08	1.13724e+08	2.2993e+08	2.06398e+08	1.90282e+08	2.51509e+08	2.32259e+08	2.45798e+08	1.71676e+08	1.46161e+08	1.71213e+08	1.47146e+08	1.70056e+08	1.44503e+08
ERR618514	2.1029e+08	1.85479e+08	2.29728e+08	1.9053e+08	1.88568e+08	2.32371e+08	2.05188e+08	2.26051e+08	1.50439e+08	2.14309e+08	2.15966e+08	2.14958e+08	2.29192e+08	2.15426e+08	2.19968e+08	2.09566e+08	2.16066e+08	2.26691e+08	1.54004e+08	2.0544e+08	1.9407e+08	2.04011e+08	1.9187e+08	2.12622e+08	1.91451e+08	1.93048e+08	2.69869e+08	1.85406e+08	2.00607e+08	1.86044e+08	1.99378e+08	2.05055e+08	2.31537e+08	2.26406e+08	2.20927e+08	2.03177e+08	1.69228e+08	2.29218e+08	1.67264e+08	2.28645e+08	2.13777e+08	1.66167e+08	2.0039e+08	2.03562e+08	1.7109e+08	1.85169e+08	1.98801e+08	1.88028e+08	1.255e+08	1.12478e+08	1.32974e+08	1.22221e+08	1.22123e+08	1.12496e+08	2.08204e+08	1.89957e+08	1.98566e+08	2.19176e+08	1.79079e+08	2.07683e+08	1.08461e+08	1.17353e+08	1.0975e+08	1.10915e+08	1.01663e+08	1.01658e+08	1.26432e+08	1.29055e+08	1.0942e+08	1.12509e+08	1.11346e+08	1.13678e+08	1.02428e+08	1.5617e+08	1.54131e+08	1.00609e+08	1.11191e+08	1.47287e+08	1.00899e+08	1.27923e+08	1.27796e+08	1.29069e+08	9.71837e+07	9.77317e+07	1.99116e+08	1.79067e+08	1.65539e+08	2.17909e+08	2.01048e+08	2.13013e+08	1.46958e+08	1.25404e+08	1.46717e+08	1.26273e+08	1.45673e+08	1.24629e+08
ERR618515	2.31566e+08	2.03963e+08	2.52901e+08	2.0977e+08	2.0764e+08	2.55707e+08	2.2595e+08	2.49212e+08	1.6513e+08	2.36051e+08	2.37842e+08	2.36677e+08	2.51845e+08	2.36825e+08	2.41751e+08	2.30526e+08	2.37595e+08	2.49421e+08	1.69273e+08	2.26912e+08	2.14089e+08	2.2538e+08	2.11591e+08	2.34728e+08	2.10768e+08	2.12391e+08	1.85406e+08	3.15331e+08	2.20717e+08	2.04583e+08	2.19426e+08	2.25616e+08	2.55525e+08	2.49838e+08	2.43547e+08	2.2378e+08	1.86579e+08	2.52632e+08	1.8437e+08	2.52039e+08	2.35589e+08	1.83249e+08	2.20466e+08	2.23917e+08	1.88207e+08	2.0391e+08	2.184e+08	2.06754e+08	1.38789e+08	1.2452e+08	1.47041e+08	1.34873e+08	1.35331e+08	1.24605e+08	2.29717e+08	2.09271e+08	2.18667e+08	2.41601e+08	1.9722e+08	2.2888e+08	1.20143e+08	1.3001e+08	1.2174e+08	1.22851e+08	1.1276e+08	1.12758e+08	1.39937e+08	1.4277e+08	1.21014e+08	1.24327e+08	1.23111e+08	1.25679e+08	1.13223e+08	1.72557e+08	1.70321e+08	1.11231e+08	1.22931e+08	1.62854e+08	1.11673e+08	1.41688e+08	1.41737e+08	1.4313e+08	1.07541e+08	1.08235e+08	2.19463e+08	1.9715e+08	1.81944e+08	2.40021e+08	2.21527e+08	2.34536e+08	1.63066e+08	1.39034e+08	1.62743e+08	1.40048e+08	1.6171e+08	1.37922e+08
ERR618513	2.50925e+08	2.21102e+08	2.74622e+08	2.27344e+08	2.25106e+08	2.77474e+08	2.45238e+08	2.70907e+08	1.78738e+08	2.56353e+08	2.58421e+08	2.56985e+08	2.73692e+08	2.57378e+08	2.62773e+08	2.50161e+08	2.58167e+08	2.71033e+08	1.83843e+08	2.46851e+08	2.32679e+08	2.45177e+08	2.30067e+08	2.55421e+08	2.28324e+08	2.30248e+08	2.00607e+08	2.20717e+08	3.61686e+08	2.21633e+08	2.38346e+08	2.45222e+08	2.78049e+08	2.71889e+08	2.64967e+08	2.43043e+08	2.02076e+08	2.74101e+08	1.99812e+08	2.73627e+08	2.55637e+08	1.98513e+08	2.38953e+08	2.42826e+08	2.03956e+08	2.21108e+08	2.36903e+08	2.24128e+08	1.51476e+08	1.36048e+08	1.60598e+08	1.47329e+08	1.47669e+08	1.36113e+08	2.49895e+08	2.27583e+08	2.37636e+08	2.62891e+08	2.14655e+08	2.49104e+08	1.31182e+08	1.42011e+08	1.32957e+08	1.34166e+08	1.23207e+08	1.23182e+08	1.52951e+08	1.56077e+08	1.32217e+08	1.35658e+08	1.34304e+08	1.37174e+08	1.23814e+08	1.88631e+08	1.86156e+08	1.21535e+08	1.34365e+08	1.77919e+08	1.22038e+08	1.55135e+08	1.55024e+08	1.56501e+08	1.17619e+08	1.18307e+08	2.38618e+08	2.14193e+08	1.97735e+08	2.61195e+08	2.4089e+08	2.55107e+08	1.78433e+08	1.51966e+08	1.77922e+08	1.53139e+08	1.76741e+08	1.50752e+08
ERR618516	2.33445e+08	2.05973e+08	2.55485e+08	2.12052e+08	2.09758e+08	2.57839e+08	2.27857e+08	2.51663e+08	1.65786e+08	2.38039e+08	2.40058e+08	2.38771e+08	2.53473e+08	2.38408e+08	2.43558e+08	2.32091e+08	2.39389e+08	2.51342e+08	1.70647e+08	2.29624e+08	2.16375e+08	2.27983e+08	2.13882e+08	2.37321e+08	2.13868e+08	2.15773e+08	1.86044e+08	2.04583e+08	2.21633e+08	3.199e+08	2.20484e+08	2.26562e+08	2.5777e+08	2.51829e+08	2.45059e+08	2.24927e+08	1.89191e+08	2.55226e+08	1.87006e+08	2.55071e+08	2.37882e+08	1.85778e+08	2.22196e+08	2.25785e+08	1.89751e+08	2.05815e+08	2.20324e+08	2.08526e+08	1.39921e+08	1.25918e+08	1.48305e+08	1.3594e+08	1.3673e+08	1.26028e+08	2.31289e+08	2.10504e+08	2.19532e+08	2.43203e+08	1.98496e+08	2.3046e+08	1.21042e+08	1.31171e+08	1.23193e+08	1.2394e+08	1.14161e+08	1.14053e+08	1.4129e+08	1.44209e+08	1.22049e+08	1.25156e+08	1.23895e+08	1.26474e+08	1.14586e+08	1.74209e+08	1.72001e+08	1.12478e+08	1.24317e+08	1.64523e+08	1.12778e+08	1.43377e+08	1.43366e+08	1.44801e+08	1.08717e+08	1.09217e+08	2.21066e+08	1.9841e+08	1.83076e+08	2.41714e+08	2.23328e+08	2.36344e+08	1.65035e+08	1.40505e+08	1.64554e+08	1.41441e+08	1.63498e+08	1.39058e+08
ERR617061	2.86748e+08	2.53435e+08	3.12375e+08	2.59858e+08	2.5742e+08	3.16361e+08	2.79819e+08	3.09126e+08	2.03864e+08	2.93044e+08	2.95215e+08	2.93543e+08	3.02477e+08	2.83867e+08	2.89878e+08	2.75824e+08	2.84729e+08	2.98539e+08	1.97776e+08	2.65935e+08	2.50962e+08	2.64128e+08	2.48067e+08	2.75765e+08	2.2689e+08	2.28975e+08	1.99378e+08	2.19426e+08	2.38346e+08	2.20484e+08	4.71478e+08	3.40912e+08	3.80838e+08	3.72715e+08	3.64025e+08	3.3783e+08	2.19286e+08	3.00609e+08	2.15847e+08	2.99393e+08	2.79568e+08	2.14812e+08	2.55937e+08	2.60204e+08	2.17944e+08	2.36745e+08	2.54056e+08	2.40152e+08	1.68234e+08	1.50689e+08	1.78314e+08	1.63851e+08	1.63723e+08	1.5076e+08	2.78402e+08	2.53518e+08	2.64901e+08	2.93624e+08	2.38222e+08	2.7787e+08	1.49261e+08	1.61483e+08	1.50812e+08	1.52613e+08	1.39629e+08	1.39451e+08	1.7071e+08	1.74356e+08	1.47609e+08	1.51812e+08	1.50317e+08	1.53443e+08	1.39214e+08	2.13081e+08	2.10134e+08	1.36802e+08	1.51166e+08	2.00906e+08	1.38334e+08	1.75463e+08	1.755e+08	1.77226e+08	1.33215e+08	1.34222e+08	2.8435e+08	2.56178e+08	2.36719e+08	3.11427e+08	2.87059e+08	3.04545e+08	2.18365e+08	1.88441e+08	2.17953e+08	1.89852e+08	2.16478e+08	1.8758e+08
ERR617062	2.93967e+08	2.59869e+08	3.20328e+08	2.66245e+08	2.63516e+08	3.24577e+08	2.88057e+08	3.18067e+08	2.10251e+08	3.0173e+08	3.03796e+08	3.02041e+08	3.11348e+08	2.91835e+08	2.98278e+08	2.83804e+08	2.92929e+08	3.07108e+08	2.03529e+08	2.73372e+08	2.58044e+08	2.71442e+08	2.55035e+08	2.83706e+08	2.33332e+08	2.35365e+08	2.05055e+08	2.25616e+08	2.45222e+08	2.26562e+08	3.40912e+08	4.93908e+08	3.90799e+08	3.82591e+08	3.73914e+08	3.47133e+08	2.25103e+08	3.09393e+08	2.21752e+08	3.08088e+08	2.87699e+08	2.20698e+08	2.63322e+08	2.6782e+08	2.24274e+08	2.43463e+08	2.61414e+08	2.47073e+08	1.73176e+08	1.54992e+08	1.83594e+08	1.68697e+08	1.68447e+08	1.55091e+08	2.86572e+08	2.60876e+08	2.73017e+08	3.02386e+08	2.45381e+08	2.86052e+08	1.53494e+08	1.65857e+08	1.54949e+08	1.56902e+08	1.43336e+08	1.4318e+08	1.75667e+08	1.79314e+08	1.5191e+08	1.56287e+08	1.54806e+08	1.57992e+08	1.43073e+08	2.19203e+08	2.1627e+08	1.40584e+08	1.5547e+08	2.06667e+08	1.4229e+08	1.80507e+08	1.80452e+08	1.82292e+08	1.37041e+08	1.38065e+08	2.92658e+08	2.63756e+08	2.43817e+08	3.20676e+08	2.955e+08	3.13675e+08	2.2359e+08	1.92966e+08	2.23137e+08	1.94177e+08	2.21733e+08	1.92125e+08
ERR617059	3.32328e+08	2.93714e+08	3.63552e+08	3.02336e+08	2.99188e+08	3.669e+08	3.27056e+08	3.63063e+08	2.35645e+08	3.42752e+08	3.45573e+08	3.43891e+08	3.51983e+08	3.30595e+08	3.37989e+08	3.21087e+08	3.31745e+08	3.48479e+08	2.31074e+08	3.1476e+08	2.95816e+08	3.12118e+08	2.92497e+08	3.25755e+08	2.65441e+08	2.67824e+08	2.31537e+08	2.55525e+08	2.78049e+08	2.5777e+08	3.80838e+08	3.90799e+08	6.10762e+08	4.34809e+08	4.22753e+08	3.87679e+08	2.5852e+08	3.52725e+08	2.54718e+08	3.52482e+08	3.27974e+08	2.53409e+08	2.9935e+08	3.04643e+08	2.55128e+08	2.77748e+08	2.96963e+08	2.80926e+08	1.98885e+08	1.79029e+08	2.11126e+08	1.93368e+08	1.9449e+08	1.79369e+08	3.26654e+08	2.96644e+08	3.09231e+08	3.44745e+08	2.79484e+08	3.25539e+08	1.75933e+08	1.90833e+08	1.79218e+08	1.80428e+08	1.65974e+08	1.65774e+08	2.02433e+08	2.06694e+08	1.74368e+08	1.78619e+08	1.76861e+08	1.80592e+08	1.65357e+08	2.521e+08	2.48866e+08	1.62115e+08	1.79493e+08	2.37847e+08	1.64162e+08	2.0924e+08	2.09067e+08	2.1115e+08	1.58271e+08	1.5909e+08	3.32145e+08	2.98112e+08	2.74612e+08	3.6282e+08	3.35384e+08	3.55016e+08	2.56992e+08	2.2082e+08	2.56388e+08	2.22226e+08	2.54717e+08	2.18553e+08
