	ERR636967	ERR636969	ERR636970	ERR636971	ERR636972	ERR636968	ERR608691	ERR608690	ERR608692	ERR608694	ERR608693	ERR608689	ERR621981	ERR621980	ERR621982	ERR621979	ERR621983	ERR621984	ERR637065	ERR637067	ERR637068	ERR637066	ERR637063	ERR637064	ERR608806	ERR608810	ERR608807	ERR608808	ERR608809	ERR608805	ERR629698	ERR629702	ERR629700	ERR629703	ERR629701	ERR629699	ERR629916	ERR629917	ERR629921	ERR629920	ERR629919	ERR629918	ERR607785	ERR607781	ERR607783	ERR607784	ERR607786	ERR607782	ERR613316	ERR613311	ERR613314	ERR613312	ERR613313	ERR613315	ERR616957	ERR616960	ERR616958	ERR616956	ERR616955	ERR616959	ERR618268	ERR618269	ERR618270	ERR618271	ERR618267	ERR618272	ERR618466	ERR618467	ERR618465	ERR618469	ERR618470	ERR618468	ERR616817	ERR616822	ERR616818	ERR616820	ERR616819	ERR616821	ERR622132	ERR622133	ERR622135	ERR622131	ERR622136	ERR622134	ERR609168	ERR609166	ERR609165	ERR609164	ERR609163	ERR609167	ERR630268	ERR630269	ERR630267	ERR630270	ERR630266	ERR630271
ERR636967	6.33757e+09	6.33849e+09	6.38705e+09	6.40655e+09	6.3507e+09	6.56514e+09	6.03468e+09	5.69881e+09	6.07238e+09	5.76559e+09	6.15681e+09	4.95646e+09	5.56037e+09	5.58452e+09	6.15313e+09	5.93314e+09	6.10614e+09	6.18155e+09	6.53436e+09	6.45107e+09	6.48564e+09	6.43952e+09	6.25438e+09	6.52871e+09	7.28944e+09	6.2693e+09	7.28969e+09	6.29534e+09	6.35559e+09	7.14992e+09	6.49774e+09	6.61414e+09	5.77227e+09	6.64707e+09	6.64094e+09	5.80656e+09	5.65271e+09	5.09937e+09	5.00627e+09	4.93185e+09	5.01717e+09	5.5797e+09	6.8833e+09	6.93837e+09	6.94043e+09	6.32382e+09	6.91093e+09	6.43636e+09	4.52348e+09	6.1042e+09	5.33632e+09	5.45212e+09	5.85617e+09	5.43377e+09	4.62821e+09	4.0079e+09	4.01645e+09	4.51603e+09	4.36294e+09	3.95623e+09	5.15127e+09	5.34013e+09	5.39899e+09	5.22609e+09	5.25687e+09	5.29037e+09	5.60569e+09	5.9359e+09	6.2414e+09	5.69057e+09	5.52897e+09	5.51635e+09	6.80732e+09	6.45783e+09	6.81389e+09	6.39889e+09	7.04664e+09	6.44249e+09	6.33312e+09	6.31102e+09	6.4544e+09	6.58781e+09	5.29806e+09	5.81365e+09	6.08315e+09	5.17874e+09	5.77419e+09	5.97188e+09	5.97361e+09	6.1042e+09	6.55399e+09	6.24346e+09	6.69092e+09	6.42262e+09	7.05574e+09	6.13507e+09
ERR636969	6.33849e+09	6.72224e+09	6.58226e+09	6.60311e+09	6.54356e+09	6.76992e+09	6.21849e+09	5.86726e+09	6.2574e+09	5.93807e+09	6.34613e+09	5.09534e+09	5.72076e+09	5.74601e+09	6.33966e+09	6.10964e+09	6.28976e+09	6.36936e+09	6.73913e+09	6.65052e+09	6.68672e+09	6.63865e+09	6.44391e+09	6.73154e+09	7.5329e+09	6.45801e+09	7.53353e+09	6.48557e+09	6.54842e+09	7.38592e+09	6.70357e+09	6.82657e+09	5.94513e+09	6.86117e+09	6.85489e+09	5.98119e+09	5.82604e+09	5.25051e+09	5.15387e+09	5.07615e+09	5.16512e+09	5.75062e+09	7.10563e+09	7.16303e+09	7.16544e+09	6.51698e+09	7.13539e+09	6.63444e+09	4.64773e+09	6.29269e+09	5.49103e+09	5.61218e+09	6.0329e+09	5.59325e+09	4.77579e+09	4.13071e+09	4.13972e+09	4.65909e+09	4.49965e+09	4.07748e+09	5.30938e+09	5.50673e+09	5.5682e+09	5.3884e+09	5.41973e+09	5.45495e+09	5.77953e+09	6.12498e+09	6.44303e+09	5.8686e+09	5.7001e+09	5.68683e+09	7.03066e+09	6.66443e+09	7.03658e+09	6.60174e+09	7.28216e+09	6.6476e+09	6.53222e+09	6.50983e+09	6.65947e+09	6.79888e+09	5.45315e+09	5.99041e+09	6.27137e+09	5.3272e+09	5.94825e+09	6.15473e+09	6.15627e+09	6.29318e+09	6.76431e+09	6.43825e+09	6.90828e+09	6.6266e+09	7.29154e+09	6.32478e+09
ERR636970	6.38705e+09	6.58226e+09	6.8317e+09	6.65973e+09	6.6e+09	6.82602e+09	6.27527e+09	5.91807e+09	6.31583e+09	5.98939e+09	6.40527e+09	5.13201e+09	5.77047e+09	5.79615e+09	6.39929e+09	6.16585e+09	6.34806e+09	6.42911e+09	6.78857e+09	6.70121e+09	6.73855e+09	6.68903e+09	6.49046e+09	6.78514e+09	7.60884e+09	6.51479e+09	7.60756e+09	6.54275e+09	6.60623e+09	7.45696e+09	6.76132e+09	6.88442e+09	5.99269e+09	6.9192e+09	6.91336e+09	6.02751e+09	5.87843e+09	5.29302e+09	5.19262e+09	5.11427e+09	5.20448e+09	5.80187e+09	7.16679e+09	7.2279e+09	7.23059e+09	6.56548e+09	7.19714e+09	6.68376e+09	4.67814e+09	6.34174e+09	5.53406e+09	5.65268e+09	6.0772e+09	5.63656e+09	4.83288e+09	4.16915e+09	4.18019e+09	4.71438e+09	4.54895e+09	4.11618e+09	5.36144e+09	5.56208e+09	5.62467e+09	5.44126e+09	5.47111e+09	5.5078e+09	5.83184e+09	6.18342e+09	6.50678e+09	5.92704e+09	5.75606e+09	5.74302e+09	7.08651e+09	6.71042e+09	7.0954e+09	6.64618e+09	7.34546e+09	6.69301e+09	6.59236e+09	6.57049e+09	6.72174e+09	6.86437e+09	5.4998e+09	6.04411e+09	6.31764e+09	5.36671e+09	5.98845e+09	6.19982e+09	6.20276e+09	6.33921e+09	6.81367e+09	6.48162e+09	6.95947e+09	6.6738e+09	7.35226e+09	6.36403e+09
ERR636971	6.40655e+09	6.60311e+09	6.65973e+09	6.87497e+09	6.6202e+09	6.84773e+09	6.29321e+09	5.9343e+09	6.33344e+09	6.00585e+09	6.42302e+09	5.14566e+09	5.78659e+09	5.81199e+09	6.41782e+09	6.18372e+09	6.36618e+09	6.44761e+09	6.81132e+09	6.72325e+09	6.76047e+09	6.71047e+09	6.51108e+09	6.80673e+09	7.63344e+09	6.53432e+09	7.63266e+09	6.56248e+09	6.62618e+09	7.48128e+09	6.78451e+09	6.90899e+09	6.01295e+09	6.94381e+09	6.93747e+09	6.04778e+09	5.89791e+09	5.31032e+09	5.21028e+09	5.13145e+09	5.22215e+09	5.82136e+09	7.18959e+09	7.25066e+09	7.25349e+09	6.58611e+09	7.22016e+09	6.70498e+09	4.69331e+09	6.36298e+09	5.55163e+09	5.67059e+09	6.09781e+09	5.65477e+09	4.84785e+09	4.18309e+09	4.19352e+09	4.72921e+09	4.56365e+09	4.12994e+09	5.37944e+09	5.58088e+09	5.64333e+09	5.45908e+09	5.48934e+09	5.52591e+09	5.85142e+09	6.20393e+09	6.52831e+09	5.94568e+09	5.77447e+09	5.76092e+09	7.11141e+09	6.73433e+09	7.12014e+09	6.66994e+09	7.3714e+09	6.71703e+09	6.61466e+09	6.59272e+09	6.74448e+09	6.88774e+09	5.51755e+09	6.06373e+09	6.33904e+09	5.3837e+09	6.00866e+09	6.22099e+09	6.22407e+09	6.36107e+09	6.83792e+09	6.50436e+09	6.98431e+09	6.69755e+09	7.3784e+09	6.38719e+09
ERR636972	6.3507e+09	6.54356e+09	6.6e+09	6.6202e+09	6.75393e+09	6.78541e+09	6.23883e+09	5.88462e+09	6.27905e+09	5.9557e+09	6.36774e+09	5.10514e+09	5.73937e+09	5.76453e+09	6.36193e+09	6.1309e+09	6.3116e+09	6.392e+09	6.74876e+09	6.66206e+09	6.69914e+09	6.64948e+09	6.45308e+09	6.7447e+09	7.55897e+09	6.4775e+09	7.55764e+09	6.50539e+09	6.56741e+09	7.40873e+09	6.722e+09	6.84344e+09	5.95988e+09	6.87823e+09	6.8722e+09	5.99439e+09	5.84574e+09	5.26484e+09	5.16514e+09	5.0875e+09	5.17708e+09	5.76967e+09	7.12016e+09	7.18081e+09	7.18332e+09	6.52599e+09	7.15058e+09	6.64343e+09	4.6547e+09	6.30604e+09	5.50503e+09	5.62214e+09	6.04353e+09	5.60653e+09	4.80414e+09	4.14597e+09	4.15656e+09	4.68644e+09	4.52262e+09	4.0935e+09	5.33167e+09	5.53027e+09	5.59192e+09	5.40998e+09	5.44048e+09	5.47608e+09	5.79781e+09	6.14661e+09	6.46639e+09	5.89215e+09	5.72329e+09	5.70958e+09	7.0425e+09	6.67035e+09	7.05174e+09	6.60679e+09	7.29845e+09	6.65378e+09	6.55528e+09	6.53395e+09	6.68434e+09	6.825e+09	5.47163e+09	6.01184e+09	6.28205e+09	5.33919e+09	5.95546e+09	6.16586e+09	6.16844e+09	6.30361e+09	6.77258e+09	6.4439e+09	6.91646e+09	6.63441e+09	7.30499e+09	6.32761e+09
ERR636968	6.56514e+09	6.76992e+09	6.82602e+09	6.84773e+09	6.78541e+09	7.23033e+09	6.4559e+09	6.08369e+09	6.49802e+09	6.15785e+09	6.59104e+09	5.26662e+09	5.92871e+09	5.95471e+09	6.58339e+09	6.3412e+09	6.53057e+09	6.61491e+09	6.98623e+09	6.89371e+09	6.93319e+09	6.88101e+09	6.67308e+09	6.98343e+09	7.85475e+09	6.69998e+09	7.85278e+09	6.72993e+09	6.79572e+09	7.69383e+09	6.96862e+09	7.09665e+09	6.16647e+09	7.13326e+09	7.12778e+09	6.20193e+09	6.05646e+09	5.44636e+09	5.34088e+09	5.25951e+09	5.3533e+09	5.97676e+09	7.38436e+09	7.45024e+09	7.45278e+09	6.75064e+09	7.41675e+09	6.87576e+09	4.80037e+09	6.52793e+09	5.68765e+09	5.80998e+09	6.25165e+09	5.79431e+09	4.9955e+09	4.30209e+09	4.31342e+09	4.87226e+09	4.69815e+09	4.247e+09	5.52912e+09	5.73852e+09	5.8035e+09	5.61146e+09	5.64234e+09	5.68071e+09	6.0106e+09	6.37738e+09	6.71444e+09	6.11077e+09	5.93293e+09	5.91864e+09	7.30688e+09	6.91035e+09	7.31626e+09	6.84325e+09	7.58024e+09	6.89213e+09	6.79491e+09	6.77311e+09	6.93005e+09	7.08073e+09	5.65668e+09	6.22329e+09	6.502e+09	5.51337e+09	6.15854e+09	6.37967e+09	6.38263e+09	6.52461e+09	7.02049e+09	6.67053e+09	7.17349e+09	6.87281e+09	7.58864e+09	6.54713e+09
ERR608691	6.03468e+09	6.21849e+09	6.27527e+09	6.29321e+09	6.23883e+09	6.4559e+09	6.76418e+09	6.19182e+09	6.6042e+09	6.26424e+09	6.69602e+09	5.36338e+09	5.59361e+09	5.61793e+09	6.19946e+09	5.97808e+09	6.14973e+09	6.22851e+09	6.50852e+09	6.42387e+09	6.46156e+09	6.41033e+09	6.21342e+09	6.50492e+09	7.38427e+09	6.28103e+09	7.38114e+09	6.30885e+09	6.36996e+09	7.22574e+09	6.58859e+09	6.70475e+09	5.84881e+09	6.73805e+09	6.7333e+09	5.88105e+09	5.77613e+09	5.20924e+09	5.10419e+09	5.02964e+09	5.11906e+09	5.70073e+09	6.85301e+09	6.91715e+09	6.91988e+09	6.24403e+09	6.88423e+09	6.36339e+09	4.63258e+09	6.24541e+09	5.47424e+09	5.57792e+09	5.98877e+09	5.57163e+09	4.82125e+09	4.15647e+09	4.16798e+09	4.70364e+09	4.53646e+09	4.10487e+09	5.32882e+09	5.52672e+09	5.58512e+09	5.40153e+09	5.43156e+09	5.46571e+09	5.75212e+09	6.09356e+09	6.40756e+09	5.85145e+09	5.68616e+09	5.67368e+09	6.88556e+09	6.50559e+09	6.895e+09	6.44191e+09	7.14877e+09	6.48833e+09	6.56638e+09	6.54487e+09	6.69019e+09	6.835e+09	5.50038e+09	6.03273e+09	6.23421e+09	5.3237e+09	5.9113e+09	6.1221e+09	6.1277e+09	6.25659e+09	6.60076e+09	6.27315e+09	6.74823e+09	6.46372e+09	7.14781e+09	6.15324e+09
ERR608690	5.69881e+09	5.86726e+09	5.91807e+09	5.9343e+09	5.88462e+09	6.08369e+09	6.19182e+09	6.03353e+09	6.22618e+09	5.9202e+09	6.3103e+09	5.09633e+09	5.2865e+09	5.30825e+09	5.84272e+09	5.63835e+09	5.79714e+09	5.86969e+09	6.13559e+09	6.05727e+09	6.09165e+09	6.04518e+09	5.86566e+09	6.13077e+09	6.92374e+09	5.92294e+09	6.92245e+09	5.94867e+09	6.00457e+09	6.78204e+09	6.19398e+09	6.30124e+09	5.51419e+09	6.33246e+09	6.32771e+09	5.54561e+09	5.43586e+09	4.916e+09	4.82067e+09	4.75159e+09	4.83399e+09	5.36699e+09	6.44598e+09	6.5028e+09	6.50516e+09	5.89386e+09	6.47409e+09	6.00286e+09	4.39641e+09	5.88499e+09	5.17305e+09	5.27245e+09	5.65102e+09	5.26294e+09	4.51993e+09	3.9118e+09	3.922e+09	4.41176e+09	4.26008e+09	3.86311e+09	5.01026e+09	5.19204e+09	5.24615e+09	5.07786e+09	5.10723e+09	5.13815e+09	5.41024e+09	5.7234e+09	6.01069e+09	5.49819e+09	5.34571e+09	5.33408e+09	6.47129e+09	6.12752e+09	6.47875e+09	6.06982e+09	6.70778e+09	6.11146e+09	6.17223e+09	6.15227e+09	6.28602e+09	6.41632e+09	5.19308e+09	5.68321e+09	5.87819e+09	5.03722e+09	5.58383e+09	5.77443e+09	5.77918e+09	5.89831e+09	6.21299e+09	5.91524e+09	6.34745e+09	6.08845e+09	6.70782e+09	5.80709e+09
ERR608692	6.07238e+09	6.2574e+09	6.31583e+09	6.33344e+09	6.27905e+09	6.49802e+09	6.6042e+09	6.22618e+09	6.84832e+09	6.30286e+09	6.74119e+09	5.38828e+09	5.63045e+09	5.65423e+09	6.24355e+09	6.01828e+09	6.1925e+09	6.27205e+09	6.54593e+09	6.46178e+09	6.49982e+09	6.4479e+09	6.24871e+09	6.54461e+09	7.43978e+09	6.32345e+09	7.43566e+09	6.35194e+09	6.41315e+09	7.27762e+09	6.62869e+09	6.74601e+09	5.88285e+09	6.77921e+09	6.77495e+09	5.91495e+09	5.81313e+09	5.24051e+09	5.1336e+09	5.05867e+09	5.14885e+09	5.7371e+09	6.89723e+09	6.96289e+09	6.96613e+09	6.28149e+09	6.92943e+09	6.40065e+09	4.65458e+09	6.27963e+09	5.50363e+09	5.60615e+09	6.01988e+09	5.60216e+09	4.85891e+09	4.18344e+09	4.19567e+09	4.74031e+09	4.56882e+09	4.13151e+09	5.36534e+09	5.56588e+09	5.62523e+09	5.43866e+09	5.46828e+09	5.50357e+09	5.78872e+09	6.13479e+09	6.45088e+09	5.89145e+09	5.72526e+09	5.71193e+09	6.92486e+09	6.54016e+09	6.93645e+09	6.47549e+09	7.19271e+09	6.52251e+09	6.60864e+09	6.58751e+09	6.7348e+09	6.88083e+09	5.53307e+09	6.07023e+09	6.26686e+09	5.35058e+09	5.94029e+09	6.15318e+09	6.16072e+09	6.28926e+09	6.63635e+09	6.30512e+09	6.78529e+09	6.49804e+09	7.19012e+09	6.18285e+09
ERR608694	5.76559e+09	5.93807e+09	5.98939e+09	6.00585e+09	5.9557e+09	6.15785e+09	6.26424e+09	5.9202e+09	6.30286e+09	6.175e+09	6.38834e+09	5.14919e+09	5.35002e+09	5.37232e+09	5.91584e+09	5.70783e+09	5.8695e+09	5.94309e+09	6.20995e+09	6.1302e+09	6.16536e+09	6.11787e+09	5.93452e+09	6.20478e+09	7.01573e+09	5.99524e+09	7.01394e+09	6.02064e+09	6.07746e+09	6.87054e+09	6.27038e+09	6.38036e+09	5.57893e+09	6.41192e+09	6.40668e+09	5.61167e+09	5.50329e+09	4.97446e+09	4.87868e+09	4.80777e+09	4.89173e+09	5.43226e+09	6.52741e+09	6.58447e+09	6.58694e+09	5.96264e+09	6.55641e+09	6.07343e+09	4.44398e+09	5.95522e+09	5.23282e+09	5.3329e+09	5.71779e+09	5.32437e+09	4.58589e+09	3.96715e+09	3.97774e+09	4.475e+09	4.32057e+09	3.91788e+09	5.07539e+09	5.26047e+09	5.31551e+09	5.14443e+09	5.17382e+09	5.2056e+09	5.47886e+09	5.7973e+09	6.08971e+09	5.56871e+09	5.41454e+09	5.40258e+09	6.55083e+09	6.20215e+09	6.55826e+09	6.14313e+09	6.79333e+09	6.18604e+09	6.25048e+09	6.22991e+09	6.3668e+09	6.49847e+09	5.25525e+09	5.75297e+09	5.94667e+09	5.09159e+09	5.64609e+09	5.84065e+09	5.8454e+09	5.96753e+09	6.28577e+09	5.98291e+09	6.42395e+09	6.15943e+09	6.79172e+09	5.87215e+09
ERR608693	6.15681e+09	6.34613e+09	6.40527e+09	6.42302e+09	6.36774e+09	6.59104e+09	6.69602e+09	6.3103e+09	6.74119e+09	6.38834e+09	7.04209e+09	5.45663e+09	5.7045e+09	5.72885e+09	6.32938e+09	6.09995e+09	6.27784e+09	6.35915e+09	6.64209e+09	6.55549e+09	6.59471e+09	6.54193e+09	6.33879e+09	6.63998e+09	7.55257e+09	6.41229e+09	7.54869e+09	6.44127e+09	6.50366e+09	7.38771e+09	6.72911e+09	6.84893e+09	5.96835e+09	6.8831e+09	6.87846e+09	6.00076e+09	5.89811e+09	5.31534e+09	5.20709e+09	5.13043e+09	5.22219e+09	5.8207e+09	6.99939e+09	7.06601e+09	7.06912e+09	6.37093e+09	7.03236e+09	6.4928e+09	4.71718e+09	6.37253e+09	5.58129e+09	5.68619e+09	6.10845e+09	5.68146e+09	4.92944e+09	4.243e+09	4.25544e+09	4.80831e+09	4.63479e+09	4.19009e+09	5.44273e+09	5.64682e+09	5.70737e+09	5.51809e+09	5.54786e+09	5.58358e+09	5.87353e+09	6.22588e+09	6.5483e+09	5.97735e+09	5.80807e+09	5.79453e+09	7.03171e+09	6.63952e+09	7.04264e+09	6.57366e+09	7.30458e+09	6.62151e+09	6.70633e+09	6.68489e+09	6.8359e+09	6.98385e+09	5.60953e+09	6.15763e+09	6.35963e+09	5.42434e+09	6.02654e+09	6.24388e+09	6.24993e+09	6.38246e+09	6.73787e+09	6.39973e+09	6.88993e+09	6.59675e+09	7.30272e+09	6.27587e+09
ERR608689	4.95646e+09	5.09534e+09	5.13201e+09	5.14566e+09	5.10514e+09	5.26662e+09	5.36338e+09	5.09633e+09	5.38828e+09	5.14919e+09	5.45663e+09	4.64263e+09	4.59918e+09	4.61679e+09	5.05181e+09	4.88368e+09	5.01634e+09	5.07527e+09	5.32379e+09	5.25666e+09	5.28381e+09	5.24769e+09	5.10301e+09	5.31385e+09	5.93113e+09	5.12849e+09	5.9333e+09	5.14805e+09	5.19501e+09	5.82193e+09	5.33767e+09	5.42759e+09	4.77971e+09	5.45526e+09	5.44858e+09	4.80863e+09	4.69291e+09	4.26772e+09	4.19663e+09	4.13949e+09	4.20718e+09	4.63557e+09	5.56389e+09	5.60354e+09	5.60514e+09	5.12323e+09	5.58532e+09	5.21318e+09	3.87057e+09	5.0982e+09	4.5046e+09	4.59904e+09	4.91162e+09	4.57972e+09	3.86292e+09	3.37774e+09	3.38311e+09	3.77429e+09	3.65605e+09	3.33412e+09	4.31502e+09	4.46308e+09	4.5087e+09	4.37221e+09	4.40072e+09	4.42376e+09	4.6684e+09	4.92148e+09	5.15716e+09	4.72974e+09	4.60402e+09	4.5951e+09	5.57895e+09	5.30842e+09	5.57973e+09	5.26271e+09	5.7629e+09	5.29607e+09	5.31092e+09	5.29173e+09	5.40313e+09	5.50476e+09	4.50758e+09	4.90993e+09	5.09982e+09	4.39877e+09	4.86435e+09	5.01315e+09	5.0142e+09	5.11581e+09	5.37451e+09	5.1366e+09	5.48391e+09	5.27439e+09	5.76743e+09	5.054e+09
ERR621981	5.56037e+09	5.72076e+09	5.77047e+09	5.78659e+09	5.73937e+09	5.92871e+09	5.59361e+09	5.2865e+09	5.63045e+09	5.35002e+09	5.7045e+09	4.59918e+09	5.44319e+09	5.28033e+09	5.79654e+09	5.60182e+09	5.75236e+09	5.82141e+09	5.90848e+09	5.83907e+09	5.87207e+09	5.82688e+09	5.65924e+09	5.91097e+09	6.64706e+09	5.71194e+09	6.64411e+09	5.73577e+09	5.787e+09	6.51145e+09	5.96464e+09	6.06377e+09	5.32126e+09	6.0918e+09	6.08838e+09	5.34847e+09	5.26519e+09	4.76194e+09	4.66413e+09	4.59662e+09	4.67575e+09	5.19823e+09	6.24462e+09	6.30189e+09	6.30294e+09	5.71201e+09	6.27215e+09	5.81493e+09	4.2621e+09	5.67886e+09	5.01237e+09	5.09351e+09	5.45568e+09	5.09783e+09	4.42422e+09	3.82667e+09	3.83895e+09	4.31854e+09	4.16726e+09	3.78019e+09	4.86579e+09	5.04309e+09	5.09346e+09	4.93039e+09	4.95518e+09	4.98763e+09	5.24236e+09	5.54666e+09	5.82233e+09	5.3369e+09	5.19006e+09	5.18034e+09	6.21277e+09	5.88591e+09	6.22358e+09	5.83038e+09	6.44372e+09	5.87086e+09	5.95835e+09	5.94388e+09	6.07027e+09	6.19346e+09	5.03262e+09	5.49875e+09	5.63082e+09	4.83865e+09	5.34959e+09	5.53463e+09	5.53926e+09	5.6505e+09	5.95788e+09	5.67047e+09	6.08609e+09	5.83744e+09	6.43631e+09	5.56265e+09
ERR621980	5.58452e+09	5.74601e+09	5.79615e+09	5.81199e+09	5.76453e+09	5.95471e+09	5.61793e+09	5.30825e+09	5.65423e+09	5.37232e+09	5.72885e+09	4.61679e+09	5.28033e+09	5.48479e+09	5.81933e+09	5.62568e+09	5.77479e+09	5.84414e+09	5.93443e+09	5.8643e+09	5.89758e+09	5.85269e+09	5.68233e+09	5.9366e+09	6.67484e+09	5.73487e+09	6.67216e+09	5.75835e+09	5.81007e+09	6.53817e+09	5.99112e+09	6.09166e+09	5.34364e+09	6.1199e+09	6.11634e+09	5.37193e+09	5.28572e+09	4.77956e+09	4.68051e+09	4.61311e+09	4.69339e+09	5.21839e+09	6.27249e+09	6.33035e+09	6.33095e+09	5.73705e+09	6.30015e+09	5.84055e+09	4.27874e+09	5.70648e+09	5.03514e+09	5.11804e+09	5.48184e+09	5.12182e+09	4.43277e+09	3.83417e+09	3.84681e+09	4.32679e+09	4.17568e+09	3.78788e+09	4.88212e+09	5.06082e+09	5.11022e+09	4.9471e+09	4.97243e+09	5.00432e+09	5.26471e+09	5.5678e+09	5.84685e+09	5.35767e+09	5.20995e+09	5.19935e+09	6.24256e+09	5.91468e+09	6.25367e+09	5.85859e+09	6.47504e+09	5.89943e+09	5.98785e+09	5.97172e+09	6.09871e+09	6.22317e+09	5.05502e+09	5.52382e+09	5.65917e+09	4.8622e+09	5.37494e+09	5.56309e+09	5.56656e+09	5.67862e+09	5.98749e+09	5.6988e+09	6.11632e+09	5.86631e+09	6.46798e+09	5.59066e+09
ERR621982	6.15313e+09	6.33966e+09	6.39929e+09	6.41782e+09	6.36193e+09	6.58339e+09	6.19946e+09	5.84272e+09	6.24355e+09	5.91584e+09	6.32938e+09	5.05181e+09	5.79654e+09	5.81933e+09	6.63892e+09	6.19678e+09	6.37539e+09	6.45635e+09	6.55664e+09	6.47683e+09	6.51568e+09	6.46259e+09	6.26594e+09	6.56126e+09	7.43334e+09	6.3343e+09	7.42833e+09	6.36233e+09	6.42179e+09	7.271e+09	6.63419e+09	6.74883e+09	5.888e+09	6.78112e+09	6.77851e+09	5.91808e+09	5.83075e+09	5.24952e+09	5.13774e+09	5.06072e+09	5.15095e+09	5.75353e+09	6.95216e+09	7.02182e+09	7.02352e+09	6.32786e+09	6.98457e+09	6.44706e+09	4.66542e+09	6.29325e+09	5.52337e+09	5.61545e+09	6.03196e+09	5.62175e+09	4.90739e+09	4.21699e+09	4.23213e+09	4.78608e+09	4.60947e+09	4.16539e+09	5.38358e+09	5.58729e+09	5.64588e+09	5.4575e+09	5.48394e+09	5.52254e+09	5.80844e+09	6.16129e+09	6.48028e+09	5.92129e+09	5.75187e+09	5.74021e+09	6.91942e+09	6.53553e+09	6.93466e+09	6.47093e+09	7.19248e+09	6.51793e+09	6.62162e+09	6.60615e+09	6.75197e+09	6.89786e+09	5.54813e+09	6.08713e+09	6.23777e+09	5.32568e+09	5.90997e+09	6.12644e+09	6.13267e+09	6.26042e+09	6.62237e+09	6.28752e+09	6.77133e+09	6.48205e+09	7.18241e+09	6.16115e+09
ERR621979	5.93314e+09	6.10964e+09	6.16585e+09	6.18372e+09	6.1309e+09	6.3412e+09	5.97808e+09	5.63835e+09	6.01828e+09	5.70783e+09	6.09995e+09	4.88368e+09	5.60182e+09	5.62568e+09	6.19678e+09	6.1835e+09	6.14596e+09	6.22291e+09	6.31496e+09	6.24033e+09	6.27691e+09	6.2267e+09	6.03954e+09	6.31987e+09	7.14216e+09	6.1041e+09	7.13782e+09	6.12994e+09	6.18687e+09	6.98874e+09	6.39223e+09	6.49979e+09	5.68311e+09	6.53118e+09	6.52814e+09	5.71179e+09	5.62799e+09	5.07458e+09	4.96582e+09	4.89265e+09	4.97933e+09	5.55419e+09	6.69087e+09	6.75729e+09	6.75821e+09	6.09881e+09	6.72137e+09	6.21199e+09	4.51928e+09	6.07116e+09	5.34059e+09	5.42798e+09	5.82382e+09	5.43459e+09	4.73234e+09	4.0753e+09	4.08981e+09	4.6165e+09	4.44994e+09	4.02607e+09	5.19899e+09	5.39369e+09	5.44757e+09	5.26912e+09	5.2955e+09	5.33027e+09	5.60548e+09	5.93868e+09	6.24393e+09	5.7114e+09	5.54997e+09	5.53882e+09	6.66274e+09	6.29851e+09	6.67574e+09	6.2371e+09	6.92026e+09	6.28224e+09	6.38713e+09	6.37059e+09	6.50956e+09	6.6488e+09	5.36665e+09	5.87939e+09	6.01929e+09	5.15283e+09	5.70671e+09	5.91421e+09	5.91955e+09	6.04092e+09	6.38027e+09	6.06257e+09	6.5217e+09	6.2468e+09	6.9111e+09	5.9427e+09
ERR621983	6.10614e+09	6.28976e+09	6.34806e+09	6.36618e+09	6.3116e+09	6.53057e+09	6.14973e+09	5.79714e+09	6.1925e+09	5.8695e+09	6.27784e+09	5.01634e+09	5.75236e+09	5.77479e+09	6.37539e+09	6.14596e+09	6.53008e+09	6.40259e+09	6.50465e+09	6.42584e+09	6.4637e+09	6.41171e+09	6.21796e+09	6.50943e+09	7.36653e+09	6.2827e+09	7.36243e+09	6.30993e+09	6.36902e+09	7.20758e+09	6.57913e+09	6.6923e+09	5.84141e+09	6.72503e+09	6.72153e+09	5.87205e+09	5.78388e+09	5.21019e+09	5.09954e+09	5.0236e+09	5.11312e+09	5.70749e+09	6.89477e+09	6.96274e+09	6.96349e+09	6.27879e+09	6.92622e+09	6.39693e+09	4.63367e+09	6.24383e+09	5.48134e+09	5.57424e+09	5.986e+09	5.57907e+09	4.86186e+09	4.18242e+09	4.19695e+09	4.74241e+09	4.56885e+09	4.13119e+09	5.33855e+09	5.53999e+09	5.59799e+09	5.4121e+09	5.43869e+09	5.47594e+09	5.76046e+09	6.10889e+09	6.42412e+09	5.87068e+09	5.70334e+09	5.69132e+09	6.86304e+09	6.48452e+09	6.87758e+09	6.42077e+09	7.13147e+09	6.46738e+09	6.56659e+09	6.55068e+09	6.69561e+09	6.83893e+09	5.50528e+09	6.03834e+09	6.18986e+09	5.28642e+09	5.86669e+09	6.07986e+09	6.08552e+09	6.21227e+09	6.56998e+09	6.23962e+09	6.71698e+09	6.43128e+09	7.12162e+09	6.11556e+09
ERR621984	6.18155e+09	6.36936e+09	6.42911e+09	6.44761e+09	6.392e+09	6.61491e+09	6.22851e+09	5.86969e+09	6.27205e+09	5.94309e+09	6.35915e+09	5.07527e+09	5.82141e+09	5.84414e+09	6.45635e+09	6.22291e+09	6.40259e+09	6.69644e+09	6.58868e+09	6.50775e+09	6.54683e+09	6.4935e+09	6.29637e+09	6.59283e+09	7.469e+09	6.36243e+09	7.46436e+09	6.39018e+09	6.45047e+09	7.30643e+09	6.66533e+09	6.7812e+09	5.91386e+09	6.81425e+09	6.81112e+09	5.94453e+09	5.85504e+09	5.27142e+09	5.15903e+09	5.08207e+09	5.17264e+09	5.77758e+09	6.98773e+09	7.05692e+09	7.05846e+09	6.35909e+09	7.02036e+09	6.47973e+09	4.6853e+09	6.32287e+09	5.54647e+09	5.64083e+09	6.06001e+09	5.64591e+09	4.92285e+09	4.23225e+09	4.24665e+09	4.80161e+09	4.62506e+09	4.18002e+09	5.40508e+09	5.60978e+09	5.66839e+09	5.4796e+09	5.50676e+09	5.54457e+09	5.83381e+09	6.18764e+09	6.50873e+09	5.94535e+09	5.77503e+09	5.76281e+09	6.95508e+09	6.56908e+09	6.96953e+09	6.50414e+09	7.22881e+09	6.55171e+09	6.6514e+09	6.6342e+09	6.78223e+09	6.92873e+09	5.57054e+09	6.11262e+09	6.26739e+09	5.3484e+09	5.93821e+09	6.15563e+09	6.1608e+09	6.29034e+09	6.65586e+09	6.31865e+09	6.80601e+09	6.51462e+09	7.21903e+09	6.19277e+09
ERR637065	6.53436e+09	6.73913e+09	6.78857e+09	6.81132e+09	6.74876e+09	6.98623e+09	6.50852e+09	6.13559e+09	6.54593e+09	6.20995e+09	6.64209e+09	5.32379e+09	5.90848e+09	5.93443e+09	6.55664e+09	6.31496e+09	6.50465e+09	6.58868e+09	7.33295e+09	7.03716e+09	7.07537e+09	7.02458e+09	6.81205e+09	7.1238e+09	7.91339e+09	6.7482e+09	7.91854e+09	6.77852e+09	6.84645e+09	7.76089e+09	7.09484e+09	7.22854e+09	6.28599e+09	7.26623e+09	7.25867e+09	6.32662e+09	6.16333e+09	5.55634e+09	5.45812e+09	5.37644e+09	5.47043e+09	6.08458e+09	7.42079e+09	7.47889e+09	7.48104e+09	6.79745e+09	7.45138e+09	6.92568e+09	4.90712e+09	6.6517e+09	5.79405e+09	5.92996e+09	6.37716e+09	5.90253e+09	5.0424e+09	4.37036e+09	4.37789e+09	4.9195e+09	4.75558e+09	4.31322e+09	5.60906e+09	5.81516e+09	5.8819e+09	5.69409e+09	5.72865e+09	5.76512e+09	6.10599e+09	6.47011e+09	6.80424e+09	6.19366e+09	6.01534e+09	6.00053e+09	7.46377e+09	7.07133e+09	7.46519e+09	7.00496e+09	7.72733e+09	7.05409e+09	6.89186e+09	6.86672e+09	7.02643e+09	7.17303e+09	5.74745e+09	6.31604e+09	6.63502e+09	5.62151e+09	6.29145e+09	6.50729e+09	6.50827e+09	6.65654e+09	7.18224e+09	6.83272e+09	7.33905e+09	7.03431e+09	7.74484e+09	6.71456e+09
ERR637067	6.45107e+09	6.65052e+09	6.70121e+09	6.72325e+09	6.66206e+09	6.89371e+09	6.42387e+09	6.05727e+09	6.46178e+09	6.1302e+09	6.55549e+09	5.25666e+09	5.83907e+09	5.8643e+09	6.47683e+09	6.24033e+09	6.42584e+09	6.50775e+09	7.03716e+09	7.1338e+09	6.98236e+09	6.93211e+09	6.7197e+09	7.02576e+09	7.80088e+09	6.66609e+09	7.80378e+09	6.69628e+09	6.76249e+09	7.65036e+09	6.99703e+09	7.12581e+09	6.20491e+09	7.16337e+09	7.15557e+09	6.24229e+09	6.0812e+09	5.48279e+09	5.38473e+09	5.30457e+09	5.39713e+09	6.00358e+09	7.31624e+09	7.37479e+09	7.37681e+09	6.70752e+09	7.34578e+09	6.83095e+09	4.84584e+09	6.55984e+09	5.72082e+09	5.85122e+09	6.28985e+09	5.82753e+09	4.97476e+09	4.30918e+09	4.31781e+09	4.85421e+09	4.69103e+09	4.25384e+09	5.53234e+09	5.73477e+09	5.79961e+09	5.61428e+09	5.64819e+09	5.6842e+09	6.0205e+09	6.37811e+09	6.70757e+09	6.10964e+09	5.93511e+09	5.92038e+09	7.35383e+09	6.96928e+09	7.3572e+09	6.90429e+09	7.61219e+09	6.95224e+09	6.79959e+09	6.77622e+09	6.93159e+09	7.07667e+09	5.67763e+09	6.23548e+09	6.5429e+09	5.55115e+09	6.20453e+09	6.41796e+09	6.41977e+09	6.56402e+09	7.0772e+09	6.73539e+09	7.22766e+09	6.93305e+09	7.62486e+09	6.61794e+09
ERR637068	6.48564e+09	6.68672e+09	6.73855e+09	6.76047e+09	6.69914e+09	6.93319e+09	6.46156e+09	6.09165e+09	6.49982e+09	6.16536e+09	6.59471e+09	5.28381e+09	5.87207e+09	5.89758e+09	6.51568e+09	6.27691e+09	6.4637e+09	6.54683e+09	7.07537e+09	6.98236e+09	7.21129e+09	6.9698e+09	6.75438e+09	7.06451e+09	7.85077e+09	6.70349e+09	7.8533e+09	6.73372e+09	6.8e+09	7.69796e+09	7.03925e+09	7.16909e+09	6.24002e+09	7.20687e+09	7.19933e+09	6.2776e+09	6.11923e+09	5.51575e+09	5.4156e+09	5.33501e+09	5.42849e+09	6.04116e+09	7.35802e+09	7.41808e+09	7.4199e+09	6.74212e+09	7.38848e+09	6.86698e+09	4.8701e+09	6.59779e+09	5.75231e+09	5.88268e+09	6.32435e+09	5.85964e+09	5.01092e+09	4.33821e+09	4.34668e+09	4.88893e+09	4.72385e+09	4.28209e+09	5.56897e+09	5.7737e+09	5.83976e+09	5.65206e+09	5.68573e+09	5.72218e+09	6.05858e+09	6.41909e+09	6.75191e+09	6.14922e+09	5.97292e+09	5.95824e+09	7.39803e+09	7.00871e+09	7.40145e+09	6.94245e+09	7.65961e+09	6.99137e+09	6.84295e+09	6.81942e+09	6.97605e+09	7.12274e+09	5.71114e+09	6.27417e+09	6.57959e+09	5.58017e+09	6.23798e+09	6.45385e+09	6.45533e+09	6.60067e+09	7.11741e+09	6.77122e+09	7.26954e+09	6.97111e+09	7.67217e+09	6.65232e+09
ERR637066	6.43952e+09	6.63865e+09	6.68903e+09	6.71047e+09	6.64948e+09	6.88101e+09	6.41033e+09	6.04518e+09	6.4479e+09	6.11787e+09	6.54193e+09	5.24769e+09	5.82688e+09	5.85269e+09	6.46259e+09	6.2267e+09	6.41171e+09	6.4935e+09	7.02458e+09	6.93211e+09	6.9698e+09	7.10758e+09	6.70838e+09	7.01296e+09	7.78361e+09	6.65404e+09	7.78635e+09	6.68376e+09	6.74963e+09	7.63408e+09	6.98152e+09	7.11032e+09	6.19148e+09	7.14767e+09	7.14033e+09	6.22969e+09	6.06659e+09	5.47016e+09	5.37266e+09	5.29275e+09	5.38486e+09	5.98926e+09	7.30148e+09	7.35959e+09	7.36168e+09	6.69627e+09	7.33094e+09	6.82014e+09	4.8368e+09	6.54722e+09	5.70926e+09	5.84033e+09	6.27808e+09	5.81551e+09	4.95726e+09	4.29536e+09	4.30423e+09	4.83755e+09	4.67519e+09	4.23994e+09	5.51664e+09	5.71812e+09	5.78324e+09	5.59873e+09	5.63275e+09	5.66821e+09	6.00568e+09	6.36216e+09	6.69034e+09	6.09403e+09	5.91976e+09	5.90499e+09	7.33971e+09	6.9569e+09	7.34239e+09	6.89217e+09	7.59626e+09	6.94028e+09	6.78348e+09	6.75975e+09	6.91504e+09	7.05923e+09	5.66438e+09	6.22076e+09	6.53088e+09	5.54056e+09	6.19414e+09	6.40625e+09	6.40769e+09	6.55163e+09	7.06526e+09	6.72452e+09	7.21498e+09	6.92139e+09	7.60981e+09	6.60765e+09
ERR637063	6.25438e+09	6.44391e+09	6.49046e+09	6.51108e+09	6.45308e+09	6.67308e+09	6.21342e+09	5.86566e+09	6.24871e+09	5.93452e+09	6.33879e+09	5.10301e+09	5.65924e+09	5.68233e+09	6.26594e+09	6.03954e+09	6.21796e+09	6.29637e+09	6.81205e+09	6.7197e+09	6.75438e+09	6.70838e+09	6.69229e+09	6.80008e+09	7.52256e+09	6.45582e+09	7.5255e+09	6.48368e+09	6.54675e+09	7.3832e+09	6.75819e+09	6.8812e+09	6.00314e+09	6.91661e+09	6.90953e+09	6.04084e+09	5.87405e+09	5.30438e+09	5.21238e+09	5.13524e+09	5.22338e+09	5.8e+09	7.06929e+09	7.12367e+09	7.12561e+09	6.49962e+09	7.09765e+09	6.61762e+09	4.70533e+09	6.3464e+09	5.5418e+09	5.66951e+09	6.08985e+09	5.64355e+09	4.78442e+09	4.1542e+09	4.16182e+09	4.6704e+09	4.5157e+09	4.10068e+09	5.33677e+09	5.52826e+09	5.59205e+09	5.41561e+09	5.44798e+09	5.48284e+09	5.81268e+09	6.15285e+09	6.46617e+09	5.8948e+09	5.72763e+09	5.71417e+09	7.10043e+09	6.74007e+09	7.10422e+09	6.67894e+09	7.34264e+09	6.72404e+09	6.56245e+09	6.53963e+09	6.68812e+09	6.82344e+09	5.49136e+09	6.02473e+09	6.33125e+09	5.38031e+09	6.01118e+09	6.21132e+09	6.21295e+09	6.35126e+09	6.84191e+09	6.52058e+09	6.98452e+09	6.70637e+09	7.356e+09	6.41088e+09
ERR637064	6.52871e+09	6.73154e+09	6.78514e+09	6.80673e+09	6.7447e+09	6.98343e+09	6.50492e+09	6.13077e+09	6.54461e+09	6.20478e+09	6.63998e+09	5.31385e+09	5.91097e+09	5.9366e+09	6.56126e+09	6.31987e+09	6.50943e+09	6.59283e+09	7.1238e+09	7.02576e+09	7.06451e+09	7.01296e+09	6.80008e+09	7.30801e+09	7.91523e+09	6.7509e+09	7.91578e+09	6.78116e+09	6.84821e+09	7.75905e+09	7.0884e+09	7.21927e+09	6.2801e+09	7.25697e+09	7.24992e+09	6.31805e+09	6.16269e+09	5.55187e+09	5.44939e+09	5.36738e+09	5.46192e+09	6.08399e+09	7.41095e+09	7.47392e+09	7.47614e+09	6.78733e+09	7.44251e+09	6.91414e+09	4.89631e+09	6.64102e+09	5.7878e+09	5.91819e+09	6.36436e+09	5.89633e+09	5.05385e+09	4.3681e+09	4.37758e+09	4.93089e+09	4.76112e+09	4.31223e+09	5.61e+09	5.81684e+09	5.88368e+09	5.69305e+09	5.72582e+09	5.76368e+09	6.10238e+09	6.46834e+09	6.80331e+09	6.19637e+09	6.01794e+09	6.00301e+09	7.44927e+09	7.05288e+09	7.45529e+09	6.98593e+09	7.71708e+09	7.0354e+09	6.89089e+09	6.86774e+09	7.02508e+09	7.17394e+09	5.74678e+09	6.31526e+09	6.62135e+09	5.61479e+09	6.27626e+09	6.49484e+09	6.4974e+09	6.64288e+09	7.16574e+09	6.81523e+09	7.32042e+09	7.01807e+09	7.72916e+09	6.69382e+09
ERR608806	7.28944e+09	7.5329e+09	7.60884e+09	7.63344e+09	7.55897e+09	7.85475e+09	7.38427e+09	6.92374e+09	7.43978e+09	7.01573e+09	7.55257e+09	5.93113e+09	6.64706e+09	6.67484e+09	7.43334e+09	7.14216e+09	7.36653e+09	7.469e+09	7.91339e+09	7.80088e+09	7.85077e+09	7.78361e+09	7.52256e+09	7.91523e+09	9.4564e+09	7.66161e+09	9.1916e+09	7.69994e+09	7.78226e+09	8.97157e+09	8.08097e+09	8.23443e+09	7.10388e+09	8.27724e+09	8.27549e+09	7.14172e+09	7.05502e+09	6.31166e+09	6.17092e+09	6.07399e+09	6.18851e+09	6.95955e+09	8.38468e+09	8.47797e+09	8.48093e+09	7.56384e+09	8.42718e+09	7.72408e+09	5.45636e+09	7.51201e+09	6.51858e+09	6.64379e+09	7.17154e+09	6.64542e+09	5.95517e+09	5.07109e+09	5.08877e+09	5.79983e+09	5.5703e+09	5.00777e+09	6.50455e+09	6.7663e+09	6.84496e+09	6.60162e+09	6.63268e+09	6.68377e+09	7.0172e+09	7.47442e+09	7.88458e+09	7.16286e+09	6.94542e+09	6.92851e+09	8.46544e+09	7.94798e+09	8.48339e+09	7.86232e+09	8.83238e+09	7.92499e+09	7.91668e+09	7.89665e+09	8.08493e+09	8.27789e+09	6.5392e+09	7.22352e+09	7.46088e+09	6.29243e+09	7.03942e+09	7.31415e+09	7.3237e+09	7.48919e+09	8.07571e+09	7.62688e+09	8.27444e+09	7.88637e+09	8.82268e+09	7.46427e+09
ERR608810	6.2693e+09	6.45801e+09	6.51479e+09	6.53432e+09	6.4775e+09	6.69998e+09	6.28103e+09	5.92294e+09	6.32345e+09	5.99524e+09	6.41229e+09	5.12849e+09	5.71194e+09	5.73487e+09	6.3343e+09	6.1041e+09	6.2827e+09	6.36243e+09	6.7482e+09	6.66609e+09	6.70349e+09	6.65404e+09	6.45582e+09	6.7509e+09	7.66161e+09	6.75246e+09	7.65602e+09	6.60061e+09	6.6631e+09	7.50521e+09	6.80571e+09	6.92551e+09	6.04216e+09	6.95746e+09	6.95524e+09	6.07418e+09	5.9317e+09	5.3468e+09	5.23571e+09	5.15766e+09	5.24822e+09	5.85523e+09	7.08742e+09	7.15389e+09	7.15643e+09	6.49743e+09	7.11752e+09	6.61246e+09	4.71078e+09	6.37006e+09	5.57777e+09	5.68261e+09	6.10488e+09	5.6789e+09	4.88719e+09	4.20694e+09	4.22133e+09	4.76756e+09	4.59381e+09	4.15686e+09	5.41451e+09	5.61757e+09	5.67816e+09	5.49067e+09	5.51684e+09	5.5559e+09	5.87255e+09	6.22498e+09	6.54545e+09	5.97943e+09	5.80898e+09	5.79717e+09	7.11311e+09	6.74158e+09	7.12965e+09	6.67749e+09	7.37458e+09	6.72366e+09	6.64801e+09	6.63139e+09	6.77832e+09	6.92179e+09	5.56422e+09	6.10672e+09	6.341e+09	5.40359e+09	6.01097e+09	6.22671e+09	6.23199e+09	6.36348e+09	6.8283e+09	6.50084e+09	6.97094e+09	6.69214e+09	7.35852e+09	6.37719e+09
ERR608807	7.28969e+09	7.53353e+09	7.60756e+09	7.63266e+09	7.55764e+09	7.85278e+09	7.38114e+09	6.92245e+09	7.43566e+09	7.01394e+09	7.54869e+09	5.9333e+09	6.64411e+09	6.67216e+09	7.42833e+09	7.13782e+09	7.36243e+09	7.46436e+09	7.91854e+09	7.80378e+09	7.8533e+09	7.78635e+09	7.5255e+09	7.91578e+09	9.1916e+09	7.65602e+09	9.44487e+09	7.69452e+09	7.77714e+09	8.96719e+09	8.08149e+09	8.23607e+09	7.10456e+09	8.2791e+09	8.27615e+09	7.14483e+09	7.05394e+09	6.31329e+09	6.17533e+09	6.07863e+09	6.19266e+09	6.95844e+09	8.38674e+09	8.47675e+09	8.48004e+09	7.56565e+09	8.4292e+09	7.72666e+09	5.46071e+09	7.51427e+09	6.51905e+09	6.64735e+09	7.17605e+09	6.64613e+09	5.94992e+09	5.07478e+09	5.0916e+09	5.79498e+09	5.56867e+09	5.01072e+09	6.50358e+09	6.76539e+09	6.8439e+09	6.60242e+09	6.63468e+09	6.6854e+09	7.01868e+09	7.47512e+09	7.88406e+09	7.16042e+09	6.94308e+09	6.92589e+09	8.46941e+09	7.95519e+09	8.48399e+09	7.86937e+09	8.83433e+09	7.9325e+09	7.91305e+09	7.89292e+09	8.08177e+09	8.2724e+09	6.53749e+09	7.2206e+09	7.46494e+09	6.29261e+09	7.04462e+09	7.31718e+09	7.32587e+09	7.49259e+09	8.08028e+09	7.6325e+09	8.28158e+09	7.89167e+09	8.82747e+09	7.47253e+09
ERR608808	6.29534e+09	6.48557e+09	6.54275e+09	6.56248e+09	6.50539e+09	6.72993e+09	6.30885e+09	5.94867e+09	6.35194e+09	6.02064e+09	6.44127e+09	5.14805e+09	5.73577e+09	5.75835e+09	6.36233e+09	6.12994e+09	6.30993e+09	6.39018e+09	6.77852e+09	6.69628e+09	6.73372e+09	6.68376e+09	6.48368e+09	6.78116e+09	7.69994e+09	6.60061e+09	7.69452e+09	6.81336e+09	6.69358e+09	7.54277e+09	6.8378e+09	6.95844e+09	6.06963e+09	6.99037e+09	6.98815e+09	6.10148e+09	5.95994e+09	5.37108e+09	5.25852e+09	5.18023e+09	5.2716e+09	5.88262e+09	7.11903e+09	7.18718e+09	7.18956e+09	6.5252e+09	7.15051e+09	6.64067e+09	4.73003e+09	6.39872e+09	5.60178e+09	5.70633e+09	6.13088e+09	5.70345e+09	4.91336e+09	4.22683e+09	4.24167e+09	4.79331e+09	4.61723e+09	4.17654e+09	5.44066e+09	5.64517e+09	5.70625e+09	5.51707e+09	5.54309e+09	5.58314e+09	5.89988e+09	6.25493e+09	6.57697e+09	6.00853e+09	5.83692e+09	5.82447e+09	7.14727e+09	6.77196e+09	7.1641e+09	6.70702e+09	7.41039e+09	6.75468e+09	6.67807e+09	6.66166e+09	6.80994e+09	6.95457e+09	5.58841e+09	6.13405e+09	6.36966e+09	5.4266e+09	6.03666e+09	6.25449e+09	6.25967e+09	6.3922e+09	6.86052e+09	6.53075e+09	7.00361e+09	6.72379e+09	7.39456e+09	6.40578e+09
ERR608809	6.35559e+09	6.54842e+09	6.60623e+09	6.62618e+09	6.56741e+09	6.79572e+09	6.36996e+09	6.00457e+09	6.41315e+09	6.07746e+09	6.50366e+09	5.19501e+09	5.787e+09	5.81007e+09	6.42179e+09	6.18687e+09	6.36902e+09	6.45047e+09	6.84645e+09	6.76249e+09	6.8e+09	6.74963e+09	6.54675e+09	6.84821e+09	7.78226e+09	6.6631e+09	7.77714e+09	6.69358e+09	6.94251e+09	7.62157e+09	6.90573e+09	7.02863e+09	6.12554e+09	7.06111e+09	7.05913e+09	6.15775e+09	6.0162e+09	5.41913e+09	5.3063e+09	5.22653e+09	5.31912e+09	5.93771e+09	7.19348e+09	7.26188e+09	7.2639e+09	6.58955e+09	7.22456e+09	6.70751e+09	4.77018e+09	6.46063e+09	5.65139e+09	5.75852e+09	6.18928e+09	5.75496e+09	4.9604e+09	4.26673e+09	4.28122e+09	4.83843e+09	4.66115e+09	4.21562e+09	5.49175e+09	5.69904e+09	5.76073e+09	5.56978e+09	5.59629e+09	5.63618e+09	5.95683e+09	6.31727e+09	6.64403e+09	6.06642e+09	5.89317e+09	5.88036e+09	7.22167e+09	6.84012e+09	7.2376e+09	6.77464e+09	7.48895e+09	6.82227e+09	6.74431e+09	6.72767e+09	6.87765e+09	7.02434e+09	5.63836e+09	6.19149e+09	6.43124e+09	5.47525e+09	6.09493e+09	6.31445e+09	6.31946e+09	6.45393e+09	6.92992e+09	6.59459e+09	7.07626e+09	6.79116e+09	7.47407e+09	6.46815e+09
ERR608805	7.14992e+09	7.38592e+09	7.45696e+09	7.48128e+09	7.40873e+09	7.69383e+09	7.22574e+09	6.78204e+09	7.27762e+09	6.87054e+09	7.38771e+09	5.82193e+09	6.51145e+09	6.53817e+09	7.271e+09	6.98874e+09	7.20758e+09	7.30643e+09	7.76089e+09	7.65036e+09	7.69796e+09	7.63408e+09	7.3832e+09	7.75905e+09	8.97157e+09	7.50521e+09	8.96719e+09	7.54277e+09	7.62157e+09	9.00188e+09	7.89726e+09	8.04685e+09	6.95271e+09	8.08845e+09	8.08578e+09	6.99158e+09	6.88797e+09	6.17105e+09	6.03802e+09	5.94423e+09	6.05474e+09	6.79508e+09	8.20653e+09	8.29251e+09	8.29593e+09	7.42368e+09	8.24615e+09	7.57784e+09	5.35601e+09	7.35241e+09	6.38508e+09	6.51203e+09	7.02489e+09	6.50838e+09	5.78233e+09	4.94001e+09	4.95611e+09	5.63378e+09	5.41678e+09	4.87794e+09	6.33777e+09	6.58878e+09	6.66531e+09	6.43256e+09	6.46376e+09	6.51291e+09	6.84638e+09	7.28603e+09	7.68114e+09	6.98168e+09	6.77115e+09	6.75517e+09	8.27864e+09	7.78672e+09	8.29315e+09	7.70473e+09	8.62505e+09	7.76463e+09	7.72669e+09	7.7065e+09	7.88863e+09	8.07179e+09	6.39434e+09	7.0567e+09	7.30768e+09	6.16769e+09	6.90133e+09	7.16464e+09	7.17238e+09	7.33452e+09	7.90826e+09	7.47896e+09	8.09938e+09	7.72755e+09	8.61767e+09	7.32499e+09
ERR629698	6.49774e+09	6.70357e+09	6.76132e+09	6.78451e+09	6.722e+09	6.96862e+09	6.58859e+09	6.19398e+09	6.62869e+09	6.27038e+09	6.72911e+09	5.33767e+09	5.96464e+09	5.99112e+09	6.63419e+09	6.39223e+09	6.57913e+09	6.66533e+09	7.09484e+09	6.99703e+09	7.03925e+09	6.98152e+09	6.75819e+09	7.0884e+09	8.08097e+09	6.80571e+09	8.08149e+09	6.8378e+09	6.90573e+09	7.89726e+09	8.20733e+09	8.12419e+09	7.05024e+09	8.1667e+09	8.16287e+09	7.09123e+09	6.9501e+09	6.24361e+09	6.10825e+09	6.01534e+09	6.12714e+09	6.85998e+09	7.43043e+09	7.50571e+09	7.50598e+09	6.73013e+09	7.46388e+09	6.8724e+09	5.36752e+09	7.32739e+09	6.39319e+09	6.50833e+09	7.01345e+09	6.51686e+09	5.82126e+09	4.99468e+09	5.00788e+09	5.67122e+09	5.46544e+09	4.9319e+09	6.39867e+09	6.64319e+09	6.71734e+09	6.4892e+09	6.52497e+09	6.56707e+09	6.92904e+09	7.35777e+09	7.74059e+09	7.05577e+09	6.85195e+09	6.83559e+09	8.22567e+09	7.73927e+09	8.23358e+09	7.66011e+09	8.56412e+09	7.71931e+09	7.68819e+09	7.66799e+09	7.84371e+09	8.01832e+09	6.40429e+09	7.04708e+09	7.27615e+09	6.16345e+09	6.87628e+09	7.13882e+09	7.14558e+09	7.30252e+09	7.85265e+09	7.42678e+09	8.04896e+09	7.67252e+09	8.56936e+09	7.27111e+09
ERR629702	6.61414e+09	6.82657e+09	6.88442e+09	6.90899e+09	6.84344e+09	7.09665e+09	6.70475e+09	6.30124e+09	6.74601e+09	6.38036e+09	6.84893e+09	5.42759e+09	6.06377e+09	6.09166e+09	6.74883e+09	6.49979e+09	6.6923e+09	6.7812e+09	7.22854e+09	7.12581e+09	7.16909e+09	7.11032e+09	6.8812e+09	7.21927e+09	8.23443e+09	6.92551e+09	8.23607e+09	6.95844e+09	7.02863e+09	8.04685e+09	8.12419e+09	8.51184e+09	7.16738e+09	8.32027e+09	8.3179e+09	7.21134e+09	7.06456e+09	6.34272e+09	6.20643e+09	6.11175e+09	6.22554e+09	6.97209e+09	7.57297e+09	7.6476e+09	7.64783e+09	6.85595e+09	7.60709e+09	7.002e+09	5.45286e+09	7.45889e+09	6.49862e+09	6.61935e+09	7.13752e+09	6.62536e+09	5.91143e+09	5.07182e+09	5.08449e+09	5.75802e+09	5.54861e+09	5.00673e+09	6.49935e+09	6.75046e+09	6.82593e+09	6.59319e+09	6.63042e+09	6.67368e+09	7.04603e+09	7.48591e+09	7.87844e+09	7.17402e+09	6.96511e+09	6.94757e+09	8.38417e+09	7.88739e+09	8.39083e+09	7.80558e+09	8.73178e+09	7.86736e+09	7.82439e+09	7.80252e+09	7.98428e+09	8.16207e+09	6.50655e+09	7.1655e+09	7.409e+09	6.26429e+09	6.99886e+09	7.26634e+09	7.27318e+09	7.43586e+09	8.00245e+09	7.56562e+09	8.20553e+09	7.81787e+09	8.73872e+09	7.40794e+09
ERR629700	5.77227e+09	5.94513e+09	5.99269e+09	6.01295e+09	5.95988e+09	6.16647e+09	5.84881e+09	5.51419e+09	5.88285e+09	5.57893e+09	5.96835e+09	4.77971e+09	5.32126e+09	5.34364e+09	5.888e+09	5.68311e+09	5.84141e+09	5.91386e+09	6.28599e+09	6.20491e+09	6.24002e+09	6.19148e+09	6.00314e+09	6.2801e+09	7.10388e+09	6.04216e+09	7.10456e+09	6.06963e+09	6.12554e+09	6.95271e+09	7.05024e+09	7.16738e+09	6.47532e+09	7.20221e+09	7.19881e+09	6.31872e+09	6.18793e+09	5.59755e+09	5.48301e+09	5.40419e+09	5.49908e+09	6.11302e+09	6.55536e+09	6.61772e+09	6.61813e+09	5.96707e+09	6.5828e+09	6.08754e+09	4.84567e+09	6.50932e+09	5.72606e+09	5.82349e+09	6.24725e+09	5.83001e+09	5.18245e+09	4.48266e+09	4.49411e+09	5.05616e+09	4.88413e+09	4.42813e+09	5.70667e+09	5.91056e+09	5.97265e+09	5.78261e+09	5.8141e+09	5.8484e+09	6.16208e+09	6.51716e+09	6.83289e+09	6.264e+09	6.09406e+09	6.08112e+09	7.24966e+09	6.85154e+09	7.25602e+09	6.78659e+09	7.52375e+09	6.83535e+09	6.79895e+09	6.78175e+09	6.92675e+09	7.06851e+09	5.72945e+09	6.26761e+09	6.46402e+09	5.52747e+09	6.13009e+09	6.34988e+09	6.35533e+09	6.48591e+09	6.94591e+09	6.59531e+09	7.10623e+09	6.79841e+09	7.52872e+09	6.46565e+09
