	ERR637122	ERR637119	ERR637118	ERR637120	ERR637117	ERR637121	ERR622232	ERR622231	ERR622228	ERR622227	ERR622230	ERR622229	ERR617111	ERR617107	ERR617108	ERR617109	ERR617112	ERR617110	ERR617140	ERR617142	ERR617137	ERR617139	ERR617141	ERR617138	ERR612782	ERR612777	ERR612778	ERR612781	ERR612780	ERR612779	ERR635337	ERR635335	ERR635338	ERR635336	ERR635339	ERR635334	ERR613356	ERR613354	ERR613355	ERR613353	ERR613358	ERR613357	ERR607735	ERR607736	ERR607740	ERR607739	ERR607737	ERR607738	ERR616156	ERR616158	ERR616159	ERR616157	ERR616154	ERR616155	ERR616477	ERR616479	ERR616476	ERR616474	ERR616478	ERR616475	ERR618493	ERR618491	ERR618492	ERR618494	ERR618490	ERR618489	ERR608855	ERR608856	ERR608857	ERR608853	ERR608854	ERR608858	ERR608755	ERR608752	ERR608753	ERR608754	ERR608751	ERR608756	ERR630174	ERR630175	ERR630173	ERR630172	ERR630170	ERR630171	ERR613155	ERR613160	ERR613157	ERR613158	ERR613159	ERR613156	ERR631724	ERR631719	ERR631721	ERR631722	ERR631723	ERR631720
ERR637122	0	0.728132	0.728932	0.728831	0.736525	0.727778	1.08466	1.08616	1.05374	1.05778	1.08665	1.05225	0.940782	0.926441	0.922627	0.920641	0.939329	0.939168	0.840539	0.843803	0.82705	0.822884	0.836807	0.823333	0.931243	0.907255	0.966241	0.928496	0.930965	0.920062	0.922582	0.906736	0.931196	0.893091	0.934897	0.926261	0.978954	0.970887	0.957416	0.945888	1.00769	0.974727	0.865048	0.856808	0.844253	0.844861	0.855285	0.845834	1.12965	1.10813	1.10658	1.10885	1.12454	1.11833	1.10176	1.10104	1.11937	1.12009	1.10125	1.16067	1.07502	1.07554	1.07626	1.07486	1.08315	1.0709	1.09675	1.10124	1.10113	1.13108	1.10153	1.10066	1.09738	1.08026	1.07606	1.09935	1.10659	1.10178	1.05984	1.06362	1.05961	1.07155	1.05651	1.06762	1.05442	1.11574	1.06424	1.11989	1.11268	1.06389	1.09014	1.09017	1.08315	1.08645	1.08512	1.09843
ERR637119	0.728132	0	0.724803	0.730707	0.73268	0.729547	1.08286	1.0843	1.05128	1.05485	1.08479	1.04928	0.936276	0.922204	0.919138	0.916984	0.93494	0.935001	0.839753	0.842034	0.825656	0.822058	0.83655	0.822434	0.928846	0.904862	0.964131	0.926317	0.928761	0.917646	0.919343	0.904156	0.928664	0.891102	0.932039	0.923629	0.977168	0.968411	0.954879	0.943466	1.0056	0.972852	0.862858	0.854568	0.84088	0.84169	0.852144	0.842542	1.1285	1.10598	1.10463	1.10727	1.12284	1.117	1.09833	1.09775	1.1165	1.11729	1.09796	1.15852	1.07161	1.07201	1.07309	1.07167	1.07956	1.06756	1.0938	1.09835	1.09838	1.12752	1.09849	1.09764	1.09421	1.0769	1.07291	1.09628	1.10295	1.09872	1.05667	1.05984	1.05625	1.0685	1.05333	1.06433	1.05134	1.11284	1.06106	1.11712	1.10997	1.06052	1.08724	1.08722	1.08069	1.08357	1.08215	1.09594
ERR637118	0.728932	0.724803	0	0.730931	0.732826	0.730329	1.08197	1.08367	1.05099	1.05532	1.08393	1.04959	0.93929	0.924093	0.919836	0.918127	0.937898	0.9377	0.838894	0.843991	0.825694	0.821228	0.835563	0.821231	0.930157	0.905974	0.965651	0.927514	0.929802	0.918999	0.922277	0.905602	0.931764	0.891952	0.934448	0.926308	0.976709	0.969185	0.955537	0.943445	1.00666	0.972396	0.86356	0.854292	0.842434	0.843108	0.85331	0.843548	1.12702	1.10558	1.10419	1.10659	1.12216	1.11578	1.09948	1.09862	1.11683	1.11762	1.09884	1.15857	1.07197	1.07282	1.07345	1.07197	1.08066	1.06818	1.0939	1.09858	1.09866	1.12929	1.09902	1.09832	1.09511	1.07778	1.07326	1.09704	1.10482	1.09966	1.05748	1.0615	1.05696	1.06937	1.0543	1.06553	1.05258	1.11436	1.06258	1.11855	1.11141	1.06192	1.08777	1.08754	1.0805	1.08396	1.08255	1.09601
ERR637120	0.728831	0.730707	0.730931	0	0.73852	0.730434	1.08683	1.08853	1.05611	1.06005	1.08887	1.05467	0.942615	0.928662	0.925178	0.923212	0.941514	0.941557	0.841927	0.844853	0.828564	0.824854	0.838435	0.825541	0.932329	0.909104	0.967408	0.929957	0.932029	0.921492	0.924252	0.908828	0.933099	0.895573	0.936729	0.928424	0.980897	0.972836	0.959582	0.948197	1.00953	0.977012	0.866916	0.858623	0.846672	0.847132	0.857166	0.847676	1.13223	1.11078	1.10943	1.11156	1.12732	1.121	1.10398	1.10335	1.12172	1.12226	1.10343	1.16248	1.07762	1.07837	1.07913	1.07781	1.08579	1.07369	1.09917	1.10343	1.10369	1.13317	1.10386	1.10313	1.09968	1.08269	1.07847	1.10153	1.10863	1.10404	1.06198	1.06547	1.06154	1.07359	1.05882	1.06975	1.05602	1.11705	1.06608	1.12115	1.11401	1.06553	1.0927	1.09286	1.08615	1.08913	1.0877	1.1011
ERR637117	0.736525	0.73268	0.732826	0.73852	0	0.738506	1.08996	1.09145	1.05944	1.0632	1.09206	1.05777	0.94572	0.932079	0.928388	0.92668	0.944418	0.944161	0.845343	0.847617	0.832273	0.82917	0.842127	0.829274	0.934804	0.912208	0.969189	0.932612	0.934736	0.924002	0.926771	0.911221	0.935893	0.898655	0.938978	0.930544	0.984635	0.976596	0.963559	0.952611	1.01244	0.98081	0.870453	0.863081	0.851187	0.851641	0.861125	0.852193	1.13553	1.11392	1.11295	1.11524	1.13014	1.12448	1.10715	1.10655	1.12432	1.12515	1.10665	1.16515	1.08125	1.08144	1.08219	1.08112	1.08888	1.07709	1.10256	1.10679	1.10686	1.13535	1.10709	1.10626	1.10313	1.08619	1.0822	1.10495	1.11139	1.10736	1.06467	1.06778	1.06417	1.07611	1.06147	1.07233	1.05889	1.11887	1.06855	1.12313	1.11613	1.0681	1.0959	1.09592	1.08909	1.09237	1.09095	1.10415
ERR637121	0.727778	0.729547	0.730329	0.730434	0.738506	0	1.08626	1.08763	1.05561	1.05958	1.08816	1.05401	0.942155	0.92778	0.923964	0.922097	0.940545	0.940616	0.841332	0.84424	0.827606	0.823966	0.837495	0.824374	0.931449	0.908291	0.96673	0.929167	0.931268	0.920671	0.923128	0.907376	0.932304	0.894552	0.935957	0.927172	0.980257	0.972037	0.958853	0.947602	1.00902	0.976417	0.866353	0.857873	0.845927	0.846479	0.856276	0.846899	1.13105	1.10975	1.10823	1.11092	1.12629	1.1201	1.10334	1.10278	1.12095	1.12182	1.10287	1.16205	1.07675	1.07737	1.07808	1.07693	1.08509	1.07291	1.09868	1.10306	1.10314	1.13255	1.10319	1.10262	1.09898	1.08228	1.07786	1.10121	1.10827	1.10366	1.06129	1.06479	1.0612	1.07287	1.05816	1.06929	1.05586	1.11685	1.06582	1.12098	1.1137	1.06527	1.09207	1.09197	1.08526	1.08844	1.08712	1.10036
ERR622232	1.08466	1.08286	1.08197	1.08683	1.08996	1.08626	0	0.837879	0.807282	0.816768	0.838669	0.80862	1.09518	1.08187	1.07587	1.07414	1.095	1.0935	1.10642	1.11424	1.09716	1.08835	1.10182	1.08933	1.10246	1.0867	1.12553	1.10113	1.10277	1.09748	1.10672	1.09222	1.11192	1.08416	1.11432	1.10814	1.08543	1.08369	1.07429	1.06433	1.11101	1.0828	1.081	1.07397	1.06678	1.06754	1.07423	1.06846	0.968268	0.950043	0.947408	0.949832	0.966451	0.958131	0.947	0.945392	0.959515	0.960864	0.944615	1.00181	0.940026	0.945746	0.941534	0.939814	0.955012	0.940171	0.953778	0.960173	0.959606	1.00293	0.96141	0.959911	0.955031	0.936472	0.928479	0.956622	0.975162	0.960834	0.940799	0.949194	0.941321	0.955197	0.938905	0.951817	0.931697	1.00404	0.945659	1.00608	0.998821	0.945552	0.946396	0.945669	0.935819	0.94269	0.94129	0.952599
ERR622231	1.08616	1.0843	1.08367	1.08853	1.09145	1.08763	0.837879	0	0.809133	0.818784	0.84001	0.81082	1.09677	1.08332	1.0774	1.07578	1.09614	1.09493	1.10821	1.11576	1.09865	1.09014	1.10355	1.09081	1.10361	1.08767	1.12632	1.10188	1.10361	1.09811	1.10807	1.09375	1.11355	1.08538	1.11524	1.10942	1.08657	1.08485	1.07568	1.06578	1.11201	1.08417	1.08217	1.07519	1.06763	1.06876	1.07565	1.06936	0.969466	0.951773	0.948586	0.951192	0.967545	0.959509	0.947727	0.946595	0.960394	0.961608	0.945875	1.00251	0.941499	0.946751	0.943103	0.941433	0.956139	0.94137	0.955044	0.961454	0.961225	1.00393	0.962719	0.961622	0.955973	0.937566	0.930221	0.958093	0.976896	0.961938	0.942435	0.951051	0.942973	0.957217	0.940685	0.953399	0.932889	1.00488	0.946958	1.00749	1.00031	0.946814	0.948006	0.947013	0.937407	0.943856	0.942433	0.953768
ERR622228	1.05374	1.05128	1.05099	1.05611	1.05944	1.05561	0.807282	0.809133	0	0.772326	0.809271	0.762522	1.06831	1.05433	1.04912	1.04725	1.06757	1.06654	1.08064	1.08699	1.06929	1.0607	1.07551	1.06162	1.07754	1.05962	1.10317	1.07575	1.0773	1.07092	1.07876	1.06391	1.08442	1.05505	1.08673	1.07975	1.06249	1.05878	1.04829	1.0375	1.08908	1.05962	1.0537	1.04592	1.03697	1.03787	1.04586	1.03903	0.946222	0.921848	0.918526	0.921767	0.942139	0.932377	0.914556	0.91326	0.932724	0.933695	0.912928	0.985094	0.904616	0.909558	0.90673	0.90474	0.919682	0.903159	0.921023	0.927861	0.927674	0.97504	0.929241	0.927714	0.923208	0.900459	0.891948	0.925593	0.94358	0.929845	0.901229	0.909649	0.90145	0.918277	0.898734	0.91344	0.89222	0.976259	0.907871	0.979493	0.970656	0.907714	0.913572	0.913259	0.902385	0.90872	0.907398	0.922471
ERR622227	1.05778	1.05485	1.05532	1.06005	1.0632	1.05958	0.816768	0.818784	0.772326	0	0.819046	0.772047	1.07091	1.05714	1.05292	1.05127	1.06982	1.06894	1.08538	1.08991	1.07343	1.06608	1.08067	1.06683	1.0806	1.06338	1.10565	1.07887	1.0806	1.07377	1.08055	1.06693	1.08631	1.05813	1.08834	1.08181	1.06718	1.06295	1.05249	1.04245	1.0921	1.06414	1.05743	1.05004	1.04062	1.04175	1.04968	1.0428	0.955036	0.930059	0.92747	0.930574	0.950154	0.941546	0.920256	0.918677	0.938442	0.939336	0.918757	0.989265	0.912209	0.916019	0.914304	0.912265	0.925586	0.910143	0.9278	0.933942	0.933476	0.977279	0.93476	0.933782	0.92865	0.906098	0.899021	0.93056	0.946567	0.934879	0.907672	0.91431	0.907153	0.923604	0.904508	0.91833	0.898037	0.97872	0.912518	0.98229	0.973569	0.91255	0.920196	0.919924	0.909858	0.915793	0.914149	0.929398
ERR622230	1.08665	1.08479	1.08393	1.08887	1.09206	1.08816	0.838669	0.84001	0.809271	0.819046	0	0.811462	1.0968	1.08334	1.07751	1.0758	1.09613	1.09486	1.10852	1.1161	1.09912	1.09028	1.10405	1.09148	1.10388	1.0883	1.12667	1.10258	1.10404	1.09875	1.10835	1.09359	1.11372	1.08578	1.1156	1.10952	1.08717	1.08554	1.0762	1.06624	1.11234	1.08486	1.08264	1.07567	1.06818	1.06922	1.07586	1.07002	0.970017	0.952553	0.949405	0.951602	0.968223	0.959885	0.94886	0.947491	0.961442	0.961936	0.946547	1.00302	0.942218	0.947668	0.943933	0.942439	0.956921	0.94206	0.955003	0.96131	0.960787	1.00364	0.962406	0.961444	0.957334	0.93888	0.93081	0.958921	0.97712	0.962672	0.943071	0.951886	0.943541	0.95769	0.941378	0.953878	0.933554	1.00502	0.94726	1.00717	1.00022	0.947293	0.948515	0.947521	0.938051	0.944336	0.943424	0.954698
ERR622229	1.05225	1.04928	1.04959	1.05467	1.05777	1.05401	0.80862	0.81082	0.762522	0.772047	0.811462	0	1.06619	1.05253	1.04802	1.04598	1.0652	1.06439	1.08043	1.08504	1.06803	1.06034	1.07556	1.06116	1.07638	1.05842	1.10199	1.07455	1.07629	1.06941	1.07619	1.06234	1.0824	1.05337	1.08425	1.07759	1.06248	1.05812	1.04751	1.03712	1.08809	1.05949	1.05284	1.04536	1.03582	1.03657	1.04462	1.03778	0.948181	0.922537	0.919833	0.922723	0.943397	0.934025	0.91314	0.911734	0.932587	0.933431	0.911785	0.985633	0.904464	0.908274	0.906288	0.904122	0.918586	0.901504	0.920338	0.926844	0.926486	0.972362	0.927769	0.92642	0.921567	0.898383	0.890779	0.924085	0.940592	0.928206	0.900099	0.907488	0.899887	0.917202	0.896953	0.911474	0.89095	0.974344	0.905846	0.977826	0.968974	0.905844	0.912709	0.912176	0.902142	0.907451	0.906378	0.922293
ERR617111	0.940782	0.936276	0.93929	0.942615	0.94572	0.942155	1.09518	1.09677	1.06831	1.07091	1.0968	1.06619	0	0.839253	0.837233	0.835427	0.845798	0.846092	0.983999	0.979749	0.968433	0.964677	0.979686	0.965221	0.978607	0.960079	1.00674	0.977172	0.978581	0.969383	0.963387	0.952413	0.972155	0.942101	0.973616	0.969055	0.970717	0.962869	0.952425	0.944918	0.992324	0.967879	0.913756	0.908013	0.896311	0.897492	0.905167	0.897988	1.12632	1.10506	1.1041	1.10614	1.1204	1.11555	1.09688	1.0961	1.11374	1.11453	1.09691	1.15131	1.07848	1.07786	1.07902	1.07834	1.08406	1.0738	1.09466	1.09738	1.0973	1.12145	1.0975	1.09705	1.10211	1.08665	1.08405	1.10369	1.1078	1.10618	1.07459	1.07667	1.07443	1.08481	1.07228	1.08072	1.07162	1.12223	1.07908	1.12603	1.11959	1.07874	1.08934	1.08967	1.08433	1.08633	1.08509	1.09753
ERR617107	0.926441	0.922204	0.924093	0.928662	0.932079	0.92778	1.08187	1.08332	1.05433	1.05714	1.08334	1.05253	0.839253	0	0.816345	0.814602	0.837882	0.837282	0.970808	0.970811	0.955462	0.950702	0.966479	0.951175	0.965891	0.945341	0.994876	0.964103	0.965743	0.955949	0.954457	0.940196	0.963693	0.929074	0.964945	0.959322	0.955857	0.948616	0.937706	0.92912	0.980563	0.952951	0.897613	0.890947	0.879389	0.880539	0.888407	0.880897	1.11389	1.09307	1.09185	1.09403	1.10849	1.10336	1.08541	1.08467	1.10223	1.10294	1.08533	1.14078	1.06519	1.06523	1.06622	1.06513	1.07203	1.06097	1.08185	1.08563	1.08577	1.112	1.08547	1.0853	1.09078	1.07472	1.07139	1.0926	1.09848	1.09498	1.06209	1.06519	1.06186	1.07273	1.05962	1.06889	1.05906	1.1128	1.06722	1.11631	1.10964	1.06704	1.07668	1.07701	1.07119	1.07374	1.07256	1.08524
ERR617108	0.922627	0.919138	0.919836	0.925178	0.928388	0.923964	1.07587	1.0774	1.04912	1.05292	1.07751	1.04802	0.837233	0.816345	0	0.808341	0.836401	0.835029	0.965475	0.968691	0.951721	0.944861	0.960439	0.945325	0.962461	0.94138	0.992537	0.960394	0.96234	0.953231	0.954908	0.937606	0.963933	0.926962	0.965526	0.959234	0.949615	0.943608	0.932618	0.922206	0.976598	0.946189	0.893161	0.885659	0.874611	0.876094	0.884332	0.876366	1.10782	1.08766	1.08631	1.08856	1.1028	1.09729	1.08215	1.08155	1.09805	1.09872	1.08178	1.13648	1.06039	1.06178	1.06152	1.06053	1.06895	1.05715	1.07778	1.082	1.08194	1.11044	1.08198	1.08163	1.08774	1.07188	1.06763	1.0895	1.09724	1.09222	1.0592	1.06333	1.05945	1.07016	1.0568	1.0669	1.05616	1.11118	1.06555	1.1147	1.10813	1.06529	1.07281	1.0728	1.06615	1.06958	1.06826	1.08037
ERR617109	0.920641	0.916984	0.918127	0.923212	0.92668	0.922097	1.07414	1.07578	1.04725	1.05127	1.0758	1.04598	0.835427	0.814602	0.808341	0	0.834653	0.833214	0.963834	0.966897	0.949296	0.942164	0.958768	0.942826	0.960825	0.939967	0.991317	0.958763	0.960698	0.951235	0.952616	0.935804	0.961729	0.924485	0.963722	0.957679	0.947853	0.942467	0.931043	0.921129	0.975832	0.944574	0.891696	0.883397	0.872876	0.874327	0.882433	0.874354	1.10536	1.08528	1.08367	1.08589	1.10035	1.0949	1.07992	1.07902	1.096	1.09678	1.07929	1.1351	1.05801	1.05911	1.05915	1.05817	1.06636	1.05451	1.07553	1.07939	1.07957	1.10845	1.07965	1.07909	1.08524	1.06928	1.06497	1.08685	1.09523	1.08974	1.05703	1.06121	1.05728	1.0681	1.05471	1.06476	1.05457	1.11008	1.06361	1.11363	1.10692	1.06364	1.0703	1.06995	1.06375	1.06679	1.06576	1.07793
ERR617112	0.939329	0.93494	0.937898	0.941514	0.944418	0.940545	1.095	1.09614	1.06757	1.06982	1.09613	1.0652	0.845798	0.837882	0.836401	0.834653	0	0.844277	0.983015	0.978247	0.967438	0.964269	0.978649	0.964566	0.978202	0.959361	1.00601	0.976176	0.978005	0.968476	0.96134	0.951385	0.970602	0.940698	0.971958	0.967261	0.970936	0.962749	0.951764	0.944712	0.992065	0.967873	0.912995	0.907525	0.895323	0.896512	0.904251	0.896812	1.12625	1.10454	1.1034	1.10575	1.12023	1.11517	1.09536	1.0949	1.11294	1.11324	1.09544	1.15074	1.07729	1.07649	1.07797	1.0771	1.08233	1.07237	1.09351	1.09632	1.09633	1.1198	1.0961	1.09592	1.10101	1.08522	1.08261	1.10264	1.10604	1.10484	1.07345	1.07542	1.07325	1.08358	1.07103	1.0793	1.07016	1.12102	1.07765	1.125	1.1185	1.0775	1.08823	1.08848	1.08348	1.08523	1.08351	1.09687
ERR617110	0.939168	0.935001	0.9377	0.941557	0.944161	0.940616	1.0935	1.09493	1.06654	1.06894	1.09486	1.06439	0.846092	0.837282	0.835029	0.833214	0.844277	0	0.982371	0.978583	0.966853	0.963189	0.978015	0.963997	0.977942	0.958876	1.00578	0.975821	0.977289	0.968047	0.962119	0.95132	0.970932	0.940506	0.972537	0.967882	0.969266	0.961284	0.950858	0.943236	0.990921	0.966052	0.912154	0.906768	0.894655	0.895725	0.903326	0.89604	1.12466	1.1033	1.10241	1.10455	1.11851	1.11351	1.09474	1.09421	1.11196	1.11238	1.09469	1.14953	1.07579	1.07574	1.07687	1.07612	1.0817	1.07153	1.09232	1.09531	1.09543	1.11955	1.09503	1.09485	1.10022	1.08457	1.08194	1.10187	1.1061	1.10428	1.07261	1.07478	1.07243	1.08281	1.07026	1.0787	1.06984	1.12138	1.07744	1.12498	1.11823	1.07735	1.08715	1.08728	1.08198	1.08405	1.08286	1.0955
ERR617140	0.840539	0.839753	0.838894	0.841927	0.845343	0.841332	1.10642	1.10821	1.08064	1.08538	1.10852	1.08043	0.983999	0.970808	0.965475	0.963834	0.983015	0.982371	0	0.791529	0.773992	0.767394	0.777194	0.768376	0.969276	0.948219	1.00079	0.967121	0.969212	0.960792	0.975435	0.958471	0.983401	0.947483	0.986254	0.979229	1.01034	1.00637	0.994553	0.98399	1.03829	1.00739	0.923108	0.915342	0.906572	0.907541	0.915454	0.907473	1.13585	1.11643	1.11468	1.11699	1.13169	1.12545	1.11612	1.1151	1.13107	1.13193	1.11473	1.1697	1.09103	1.09268	1.09202	1.09096	1.10057	1.08828	1.11479	1.11891	1.11923	1.1494	1.1198	1.11872	1.11133	1.09561	1.09066	1.11281	1.12217	1.11539	1.09127	1.09586	1.09124	1.10183	1.08873	1.09876	1.09152	1.14626	1.10114	1.14956	1.14323	1.10085	1.10733	1.10714	1.1	1.10401	1.10289	1.11436
ERR617142	0.843803	0.842034	0.843991	0.844853	0.847617	0.84424	1.11424	1.11576	1.08699	1.08991	1.1161	1.08504	0.979749	0.970811	0.968691	0.966897	0.978247	0.978583	0.791529	0	0.777997	0.777123	0.787168	0.777658	0.970211	0.95062	1.00042	0.967766	0.96967	0.960235	0.969563	0.958794	0.977778	0.947653	0.980926	0.975087	1.01595	1.0084	0.996691	0.988522	1.03868	1.01277	0.92476	0.919268	0.908006	0.908335	0.916602	0.908623	1.14534	1.123	1.12164	1.12388	1.13926	1.13363	1.11752	1.11671	1.13464	1.13543	1.11687	1.17389	1.09569	1.09537	1.09698	1.09585	1.10211	1.09119	1.11897	1.12167	1.12211	1.14717	1.12239	1.12135	1.11276	1.09696	1.09387	1.11464	1.11882	1.11651	1.09341	1.09514	1.09253	1.10385	1.09067	1.09934	1.0929	1.14507	1.1008	1.14861	1.14248	1.10061	1.11137	1.11138	1.10566	1.10803	1.1066	1.11963
ERR617137	0.82705	0.825656	0.825694	0.828564	0.832273	0.827606	1.09716	1.09865	1.06929	1.07343	1.09912	1.06803	0.968433	0.955462	0.951721	0.949296	0.967438	0.966853	0.773992	0.777997	0	0.75227	0.769272	0.753275	0.955938	0.934184	0.989358	0.95391	0.956274	0.946539	0.958167	0.942655	0.966906	0.930615	0.969668	0.962242	0.998695	0.992253	0.980001	0.969212	1.02597	0.994852	0.908247	0.900324	0.889589	0.890132	0.899496	0.89057	1.12843	1.10694	1.10519	1.1077	1.12345	1.11716	1.10406	1.1031	1.12092	1.12178	1.10316	1.16164	1.079	1.08003	1.08034	1.07897	1.08733	1.07549	1.10379	1.1078	1.10806	1.13728	1.10829	1.10725	1.09943	1.08282	1.07845	1.10138	1.10899	1.10385	1.07831	1.0819	1.07816	1.08923	1.07555	1.08552	1.07812	1.13493	1.08776	1.13827	1.13173	1.0873	1.0961	1.09596	1.08885	1.09258	1.09114	1.10383
ERR617139	0.822884	0.822058	0.821228	0.824854	0.82917	0.823966	1.08835	1.09014	1.0607	1.06608	1.09028	1.06034	0.964677	0.950702	0.944861	0.942164	0.964269	0.963189	0.767394	0.777123	0.75227	0	0.762061	0.744154	0.95142	0.928187	0.986224	0.949364	0.95191	0.942158	0.955995	0.937806	0.964536	0.925483	0.967515	0.960409	0.990376	0.986282	0.973121	0.961434	1.02112	0.98727	0.902325	0.89326	0.883098	0.883822	0.893567	0.884734	1.11889	1.09829	1.09592	1.09867	1.11464	1.10752	1.09762	1.09656	1.11369	1.11496	1.09618	1.15552	1.071	1.07289	1.07219	1.07085	1.08141	1.06813	1.09651	1.10112	1.10152	1.13368	1.10221	1.10081	1.09371	1.07691	1.07157	1.09554	1.10565	1.09836	1.07176	1.07697	1.072	1.08372	1.06942	1.07985	1.07212	1.13068	1.08242	1.13444	1.1276	1.0823	1.08866	1.08823	1.08058	1.08483	1.0838	1.09586
ERR617141	0.836807	0.83655	0.835563	0.838435	0.842127	0.837495	1.10182	1.10355	1.07551	1.08067	1.10405	1.07556	0.979686	0.966479	0.960439	0.958768	0.978649	0.978015	0.777194	0.787168	0.769272	0.762061	0	0.76301	0.965428	0.943849	0.997838	0.963173	0.965819	0.956901	0.971244	0.954145	0.97951	0.942666	0.982279	0.975443	1.00542	1.00121	0.989193	0.978347	1.03395	1.00211	0.918793	0.910691	0.901789	0.902888	0.911061	0.902762	1.13148	1.11157	1.10971	1.1121	1.12741	1.12076	1.11066	1.10957	1.12593	1.12693	1.10953	1.16564	1.08565	1.08747	1.08673	1.08555	1.09504	1.08301	1.10967	1.1139	1.11417	1.14462	1.11501	1.11373	1.10606	1.08999	1.08547	1.10802	1.11731	1.1104	1.08641	1.09109	1.08651	1.09749	1.08402	1.09399	1.08668	1.14253	1.09664	1.14576	1.13951	1.09651	1.10228	1.1021	1.09488	1.09899	1.09771	1.10938
ERR617138	0.823333	0.822434	0.821231	0.825541	0.829274	0.824374	1.08933	1.09081	1.06162	1.06683	1.09148	1.06116	0.965221	0.951175	0.945325	0.942826	0.964566	0.963997	0.768376	0.777658	0.753275	0.744154	0.76301	0	0.95203	0.928509	0.986622	0.949422	0.951774	0.942585	0.955945	0.937683	0.964816	0.925334	0.967781	0.959824	0.991684	0.987112	0.974017	0.962706	1.02194	0.988242	0.902778	0.894352	0.883438	0.884532	0.894212	0.884776	1.12001	1.09923	1.0973	1.09954	1.11584	1.10898	1.09839	1.09737	1.11467	1.11561	1.09721	1.15593	1.07179	1.07347	1.07314	1.07166	1.08192	1.06885	1.09716	1.10182	1.102	1.13377	1.10273	1.10142	1.09427	1.07714	1.07228	1.09618	1.10554	1.09879	1.07236	1.07722	1.07252	1.084	1.0698	1.08037	1.07269	1.13125	1.0831	1.1347	1.12789	1.08276	1.08957	1.08911	1.08127	1.08567	1.08452	1.09677
ERR612782	0.931243	0.928846	0.930157	0.932329	0.934804	0.931449	1.10246	1.10361	1.07754	1.0806	1.10388	1.07638	0.978607	0.965891	0.962461	0.960825	0.978202	0.977942	0.969276	0.970211	0.955938	0.95142	0.965428	0.95203	0	0.762202	0.798992	0.771231	0.772175	0.768388	0.928452	0.9113	0.936097	0.901066	0.938284	0.931883	0.920163	0.914568	0.907946	0.902454	0.934189	0.918529	0.933285	0.92868	0.921265	0.922043	0.927481	0.922021	1.10555	1.08306	1.08155	1.08471	1.09768	1.09241	1.1198	1.11907	1.13283	1.13363	1.11939	1.16454	1.1032	1.10343	1.10373	1.10322	1.10953	1.09988	1.11936	1.12248	1.12253	1.14582	1.12278	1.12207	1.11895	1.10603	1.10242	1.12064	1.12647	1.12245	1.08813	1.09099	1.08773	1.09835	1.08601	1.09463	1.01034	1.0394	1.0145	1.04183	1.03747	1.01408	1.11188	1.11204	1.10647	1.10913	1.10797	1.11858
ERR612777	0.907255	0.904862	0.905974	0.909104	0.912208	0.908291	1.0867	1.08767	1.05962	1.06338	1.0883	1.05842	0.960079	0.945341	0.94138	0.939967	0.959361	0.958876	0.948219	0.95062	0.934184	0.928187	0.943849	0.928509	0.762202	0	0.790762	0.761385	0.762644	0.75051	0.908883	0.890667	0.918068	0.878575	0.920752	0.912711	0.90945	0.902945	0.89441	0.887116	0.92707	0.906673	0.914209	0.908181	0.899267	0.900064	0.90741	0.900273	1.0939	1.07063	1.06894	1.0722	1.08635	1.0803	1.10245	1.10163	1.11674	1.11724	1.10192	1.15143	1.0834	1.08404	1.0844	1.08348	1.09109	1.08038	1.1018	1.10566	1.10565	1.13171	1.10571	1.10533	1.10178	1.08748	1.08341	1.10359	1.11038	1.10566	1.07052	1.07413	1.0703	1.08134	1.06826	1.07789	0.998647	1.03526	1.00425	1.03813	1.03273	1.00398	1.09414	1.09402	1.08784	1.09084	1.08959	1.10099
ERR612778	0.966241	0.964131	0.965651	0.967408	0.969189	0.96673	1.12553	1.12632	1.10317	1.10565	1.12667	1.10199	1.00674	0.994876	0.992537	0.991317	1.00601	1.00578	1.00079	1.00042	0.989358	0.986224	0.997838	0.986622	0.798992	0.790762	0	0.799226	0.799397	0.792586	0.9581	0.943095	0.964933	0.934931	0.966985	0.961156	0.939267	0.933796	0.929917	0.926959	0.947316	0.938387	0.963048	0.959902	0.95445	0.954628	0.958547	0.954624	1.12011	1.09843	1.09709	1.1003	1.11173	1.107	1.14268	1.14212	1.1545	1.15476	1.14222	1.18207	1.12776	1.12764	1.12863	1.12795	1.13315	1.12473	1.14152	1.14428	1.14432	1.16402	1.14421	1.14406	1.1407	1.12936	1.12675	1.14208	1.1465	1.14378	1.11205	1.11401	1.11118	1.12056	1.11011	1.1176	1.02822	1.04596	1.03011	1.04825	1.04506	1.02924	1.13507	1.13524	1.13056	1.13259	1.13179	1.14093
ERR612781	0.928496	0.926317	0.927514	0.929957	0.932612	0.929167	1.10113	1.10188	1.07575	1.07887	1.10258	1.07455	0.977172	0.964103	0.960394	0.958763	0.976176	0.975821	0.967121	0.967766	0.95391	0.949364	0.963173	0.949422	0.771231	0.761385	0.799226	0	0.771789	0.767561	0.925887	0.908945	0.93405	0.898508	0.936208	0.929623	0.920035	0.913855	0.906931	0.901921	0.934124	0.917892	0.931487	0.926869	0.91872	0.919718	0.925146	0.919614	1.10439	1.08176	1.08005	1.08349	1.09631	1.09123	1.11791	1.11747	1.13127	1.13174	1.11738	1.16325	1.10098	1.10105	1.10185	1.10097	1.10733	1.09785	1.11744	1.1206	1.12082	1.1442	1.12059	1.12018	1.11708	1.1037	1.10022	1.11863	1.12411	1.12025	1.0862	1.08901	1.08595	1.0963	1.0839	1.09274	1.00968	1.03871	1.01322	1.04158	1.03715	1.01309	1.10984	1.10971	1.10457	1.1073	1.10622	1.11654
ERR612780	0.930965	0.928761	0.929802	0.932029	0.934736	0.931268	1.10277	1.10361	1.0773	1.0806	1.10404	1.07629	0.978581	0.965743	0.96234	0.960698	0.978005	0.977289	0.969212	0.96967	0.956274	0.95191	0.965819	0.951774	0.772175	0.762644	0.799397	0.771789	0	0.768908	0.927287	0.910574	0.935494	0.900156	0.937675	0.930918	0.920317	0.914321	0.907558	0.902396	0.93406	0.918476	0.933094	0.928401	0.92115	0.921682	0.927	0.921608	1.10563	1.08301	1.08154	1.08484	1.09753	1.09237	1.11988	1.11929	1.13303	1.13368	1.11943	1.16472	1.10308	1.10334	1.10381	1.10321	1.1096	1.10001	1.11943	1.12218	1.12258	1.14543	1.12247	1.12198	1.11863	1.10561	1.10211	1.12024	1.12588	1.12215	1.08764	1.09047	1.08732	1.0978	1.08535	1.09433	1.01066	1.03903	1.01425	1.04182	1.03738	1.0137	1.11189	1.1118	1.1066	1.10916	1.10807	1.11854
ERR612779	0.920062	0.917646	0.918999	0.921492	0.924002	0.920671	1.09748	1.09811	1.07092	1.07377	1.09875	1.06941	0.969383	0.955949	0.953231	0.951235	0.968476	0.968047	0.960792	0.960235	0.946539	0.942158	0.956901	0.942585	0.768388	0.75051	0.792586	0.767561	0.768908	0	0.917843	0.901421	0.926356	0.890127	0.92899	0.92145	0.915621	0.908343	0.901016	0.895195	0.929886	0.913696	0.924222	0.919672	0.911156	0.911862	0.918162	0.911798	1.10266	1.07889	1.07726	1.08082	1.09417	1.08885	1.1129	1.11209	1.12719	1.12762	1.11249	1.16013	1.09558	1.09556	1.09633	1.09545	1.10175	1.09198	1.11228	1.11541	1.11537	1.13891	1.11521	1.11506	1.11158	1.09782	1.09446	1.11348	1.11848	1.11522	1.08046	1.08289	1.07984	1.09081	1.07785	1.08711	1.0046	1.03625	1.00873	1.03936	1.03461	1.00822	1.10479	1.10499	1.09982	1.10209	1.10081	1.1119
ERR635337	0.922582	0.919343	0.922277	0.924252	0.926771	0.923128	1.10672	1.10807	1.07876	1.08055	1.10835	1.07619	0.963387	0.954457	0.954908	0.952616	0.96134	0.962119	0.975435	0.969563	0.958167	0.955995	0.971244	0.955945	0.928452	0.908883	0.9581	0.925887	0.927287	0.917843	0	0.856725	0.873685	0.845055	0.87664	0.872148	1.01299	1.00372	0.99295	0.985132	1.03271	1.00993	0.94309	0.938569	0.928527	0.928513	0.935017	0.929268	1.14854	1.12752	1.12669	1.12877	1.14242	1.13766	1.11945	1.11864	1.13591	1.13635	1.11919	1.17223	1.10018	1.09897	1.10094	1.10015	1.10422	1.09535	1.1194	1.12199	1.12201	1.14368	1.12177	1.12162	1.1171	1.10282	1.10048	1.11873	1.12121	1.12053	1.07862	1.07942	1.07738	1.08866	1.07566	1.08406	1.07343	1.12466	1.08002	1.12925	1.12213	1.0797	1.11101	1.11115	1.10694	1.10814	1.10703	1.11908
ERR635335	0.906736	0.904156	0.905602	0.908828	0.911221	0.907376	1.09222	1.09375	1.06391	1.06693	1.09359	1.06234	0.952413	0.940196	0.937606	0.935804	0.951385	0.95132	0.958471	0.958794	0.942655	0.937806	0.954145	0.937683	0.9113	0.890667	0.943095	0.908945	0.910574	0.901421	0.856725	0	0.866749	0.82443	0.868888	0.858869	0.994408	0.987359	0.975993	0.966446	1.01821	0.991872	0.925246	0.919387	0.9102	0.911028	0.917595	0.911034	1.13372	1.11377	1.11272	1.11498	1.12869	1.12335	1.10822	1.10758	1.12389	1.12462	1.10802	1.16057	1.08627	1.086	1.08678	1.08644	1.09243	1.08244	1.10627	1.10974	1.10988	1.13467	1.10932	1.10912	1.10497	1.0906	1.08723	1.10686	1.11166	1.10882	1.06623	1.06881	1.06561	1.07689	1.06338	1.07297	1.06138	1.11566	1.06953	1.11968	1.11273	1.06901	1.09845	1.09848	1.09323	1.09519	1.09416	1.10607
ERR635338	0.931196	0.928664	0.931764	0.933099	0.935893	0.932304	1.11192	1.11355	1.08442	1.08631	1.11372	1.0824	0.972155	0.963693	0.963933	0.961729	0.970602	0.970932	0.983401	0.977778	0.966906	0.964536	0.97951	0.964816	0.936097	0.918068	0.964933	0.93405	0.935494	0.926356	0.873685	0.866749	0	0.855974	0.885657	0.881605	1.02044	1.01108	1.00101	0.993395	1.03975	1.01775	0.951419	0.946698	0.937286	0.937775	0.943892	0.938045	1.15299	1.13276	1.13188	1.13391	1.14728	1.14262	1.1247	1.12393	1.1411	1.1414	1.12464	1.17626	1.10591	1.10445	1.10681	1.10607	1.11011	1.10116	1.12463	1.12718	1.12706	1.14842	1.12671	1.12683	1.12237	1.10823	1.10621	1.12413	1.12663	1.12582	1.08481	1.08576	1.08359	1.09462	1.08191	1.09011	1.07914	1.12935	1.08577	1.13377	1.12671	1.08545	1.11661	1.11694	1.11256	1.11398	1.11267	1.12473
ERR635336	0.893091	0.891102	0.891952	0.895573	0.898655	0.894552	1.08416	1.08538	1.05505	1.05813	1.08578	1.05337	0.942101	0.929074	0.926962	0.924485	0.940698	0.940506	0.947483	0.947653	0.930615	0.925483	0.942666	0.925334	0.901066	0.878575	0.934931	0.898508	0.900156	0.890127	0.845055	0.82443	0.855974	0	0.858514	0.847672	0.9847	0.977101	0.96523	0.955441	1.00972	0.981937	0.913716	0.907375	0.898053	0.898476	0.905943	0.898488	1.12623	1.10522	1.10386	1.10629	1.12051	1.11517	1.09937	1.09858	1.11573	1.11654	1.09889	1.15406	1.07667	1.07647	1.07766	1.07635	1.08347	1.07268	1.09725	1.1009	1.10127	1.12707	1.10097	1.10055	1.09647	1.08139	1.07803	1.09823	1.10387	1.10061	1.05753	1.06062	1.05674	1.06844	1.05434	1.06444	1.05309	1.10936	1.0617	1.11374	1.1065	1.06117	1.08916	1.08915	1.08339	1.08584	1.08466	1.09716
ERR635339	0.934897	0.932039	0.934448	0.936729	0.938978	0.935957	1.11432	1.11524	1.08673	1.08834	1.1156	1.08425	0.973616	0.964945	0.965526	0.963722	0.971958	0.972537	0.986254	0.980926	0.969668	0.967515	0.982279	0.967781	0.938284	0.920752	0.966985	0.936208	0.937675	0.92899	0.87664	0.868888	0.885657	0.858514	0	0.8844	1.02191	1.01293	1.00274	0.995459	1.04107	1.01949	0.953757	0.949416	0.940004	0.940058	0.946258	0.940632	1.15482	1.1345	1.1339	1.13595	1.14932	1.1444	1.12696	1.12624	1.14312	1.14344	1.12683	1.17764	1.10838	1.107	1.10902	1.10837	1.11238	1.10377	1.12653	1.12923	1.1292	1.15002	1.12881	1.12897	1.12462	1.11096	1.10869	1.12614	1.12888	1.12808	1.08684	1.08779	1.08578	1.09674	1.0839	1.09201	1.08129	1.131	1.08772	1.13502	1.12831	1.08719	1.11888	1.11908	1.11473	1.11591	1.11495	1.12659
ERR635334	0.926261	0.923629	0.926308	0.928424	0.930544	0.927172	1.10814	1.10942	1.07975	1.08181	1.10952	1.07759	0.969055	0.959322	0.959234	0.957679	0.967261	0.967882	0.979229	0.975087	0.962242	0.960409	0.975443	0.959824	0.931883	0.912711	0.961156	0.929623	0.930918	0.92145	0.872148	0.858869	0.881605	0.847672	0.8844	0	1.01656	1.00694	0.996644	0.98851	1.03627	1.01411	0.94622	0.941791	0.932261	0.93243	0.939007	0.932881	1.14975	1.12934	1.12852	1.1306	1.14341	1.1393	1.12121	1.12053	1.13785	1.13795	1.12118	1.17321	1.10169	1.10064	1.10243	1.10167	1.10597	1.097	1.12064	1.12327	1.12366	1.14517	1.12306	1.12291	1.11811	1.1041	1.10188	1.12016	1.12277	1.12176	1.07967	1.08077	1.07848	1.08997	1.07653	1.08543	1.07401	1.12566	1.08101	1.12997	1.12311	1.08064	1.11271	1.1131	1.1085	1.10964	1.1086	1.12081
ERR613356	0.978954	0.977168	0.976709	0.980897	0.984635	0.980257	1.08543	1.08657	1.06249	1.06718	1.08717	1.06248	0.970717	0.955857	0.949615	0.947853	0.970936	0.969266	1.01034	1.01595	0.998695	0.990376	1.00542	0.991684	0.920163	0.90945	0.939267	0.920035	0.920317	0.915621	1.01299	0.994408	1.02044	0.9847	1.02191	1.01656	0	0.788646	0.78031	0.772235	0.812102	0.785306	0.950826	0.943745	0.937103	0.938815	0.943931	0.938422	1.07485	1.052	1.04992	1.05335	1.06647	1.06053	1.09752	1.09698	1.11036	1.11089	1.0968	1.14442	1.07769	1.07983	1.07813	1.07792	1.08709	1.07548	1.09654	1.09999	1.10033	1.12861	1.101	1.10004	1.09358	1.08012	1.07582	1.09474	1.10405	1.09732	1.0694	1.07465	1.06993	1.07946	1.06763	1.07661	0.996806	1.02566	1.00197	1.02711	1.02378	1.00162	1.09093	1.09034	1.08432	1.08772	1.08717	1.09676
ERR613354	0.970887	0.968411	0.969185	0.972836	0.976596	0.972037	1.08369	1.08485	1.05878	1.06295	1.08554	1.05812	0.962869	0.948616	0.943608	0.942467	0.962749	0.961284	1.00637	1.0084	0.992253	0.986282	1.00121	0.987112	0.914568	0.902945	0.933796	0.913855	0.914321	0.908343	1.00372	0.987359	1.01108	0.977101	1.01293	1.00694	0.788646	0	0.771462	0.763633	0.810404	0.785754	0.944335	0.937694	0.9293	0.931175	0.936833	0.930606	1.07667	1.05215	1.05033	1.05387	1.06765	1.06162	1.09364	1.09264	1.10713	1.10842	1.09286	1.14283	1.07422	1.07521	1.07531	1.07445	1.08203	1.07096	1.09311	1.09598	1.09627	1.12287	1.09652	1.09587	1.08893	1.07492	1.07109	1.09035	1.09759	1.0927	1.06379	1.06752	1.06398	1.07375	1.0616	1.07047	0.990637	1.02155	0.995637	1.02358	1.01952	0.994962	1.08738	1.08715	1.0815	1.08441	1.08354	1.09434
ERR613355	0.957416	0.954879	0.955537	0.959582	0.963559	0.958853	1.07429	1.07568	1.04829	1.05249	1.0762	1.04751	0.952425	0.937706	0.932618	0.931043	0.951764	0.950858	0.994553	0.996691	0.980001	0.973121	0.989193	0.974017	0.907946	0.89441	0.929917	0.906931	0.907558	0.901016	0.99295	0.975993	1.00101	0.96523	1.00274	0.996644	0.78031	0.771462	0	0.751225	0.804872	0.776532	0.932794	0.925789	0.916728	0.918279	0.924892	0.91812	1.07027	1.04506	1.04318	1.0468	1.06131	1.05515	1.08355	1.08272	1.09836	1.09952	1.08291	1.13589	1.06306	1.06423	1.06417	1.06358	1.07143	1.05986	1.08363	1.08692	1.08704	1.11496	1.08725	1.0867	1.07952	1.06452	1.06066	1.08086	1.08833	1.08319	1.05329	1.05742	1.05354	1.06379	1.05068	1.05991	0.982769	1.01813	0.988149	1.02064	1.01576	0.987955	1.07731	1.07705	1.07087	1.07383	1.07302	1.08439
ERR613353	0.945888	0.943466	0.943445	0.948197	0.952611	0.947602	1.06433	1.06578	1.0375	1.04245	1.06624	1.03712	0.944918	0.92912	0.922206	0.921129	0.944712	0.943236	0.98399	0.988522	0.969212	0.961434	0.978347	0.962706	0.902454	0.887116	0.926959	0.901921	0.902396	0.895195	0.985132	0.966446	0.993395	0.955441	0.995459	0.98851	0.772235	0.763633	0.751225	0	0.80143	0.768227	0.922907	0.914871	0.905691	0.907462	0.914474	0.907432	1.06371	1.03898	1.03675	1.04045	1.05512	1.04892	1.07525	1.07433	1.08982	1.09115	1.07446	1.12853	1.05391	1.05528	1.05492	1.05406	1.0631	1.05096	1.07478	1.07858	1.07901	1.10885	1.07917	1.0784	1.07193	1.05605	1.05172	1.07344	1.08258	1.07601	1.04386	1.04888	1.04397	1.05476	1.04125	1.05139	0.975972	1.01603	0.982827	1.01873	1.01387	0.9825	1.06887	1.06833	1.06152	1.06523	1.0642	1.07575
ERR613358	1.00769	1.0056	1.00666	1.00953	1.01244	1.00902	1.11101	1.11201	1.08908	1.0921	1.11234	1.08809	0.992324	0.980563	0.976598	0.975832	0.992065	0.990921	1.03829	1.03868	1.02597	1.02112	1.03395	1.02194	0.934189	0.92707	0.947316	0.934124	0.93406	0.929886	1.03271	1.01821	1.03975	1.00972	1.04107	1.03627	0.812102	0.810404	0.804872	0.80143	0	0.810104	0.9778	0.973159	0.966202	0.967627	0.971941	0.967232	1.09443	1.07037	1.06871	1.07247	1.08467	1.07924	1.11956	1.1188	1.13188	1.13284	1.11885	1.16294	1.1032	1.10371	1.10371	1.1031	1.10974	1.10043	1.11996	1.12226	1.12261	1.14492	1.12244	1.12216	1.11461	1.10249	1.0998	1.11594	1.12114	1.1178	1.09307	1.09631	1.09316	1.10194	1.09138	1.09877	1.01294	1.03121	1.01552	1.03249	1.02977	1.01539	1.11453	1.11458	1.10946	1.11201	1.11124	1.12068
ERR613357	0.974727	0.972852	0.972396	0.977012	0.98081	0.976417	1.0828	1.08417	1.05962	1.06414	1.08486	1.05949	0.967879	0.952951	0.946189	0.944574	0.967873	0.966052	1.00739	1.01277	0.994852	0.98727	1.00211	0.988242	0.918529	0.906673	0.938387	0.917892	0.918476	0.913696	1.00993	0.991872	1.01775	0.981937	1.01949	1.01411	0.785306	0.785754	0.776532	0.768227	0.810104	0	0.947315	0.940164	0.933196	0.934928	0.940434	0.934651	1.0736	1.05031	1.04833	1.0519	1.06534	1.05914	1.09493	1.09399	1.10747	1.10862	1.09386	1.14213	1.07443	1.0769	1.07513	1.07473	1.0838	1.07231	1.09379	1.0972	1.09743	1.12592	1.09794	1.09728	1.09036	1.07687	1.07259	1.09192	1.10141	1.09443	1.06649	1.07184	1.06693	1.0766	1.0645	1.07373	0.994354	1.02488	0.999675	1.02642	1.02272	0.999457	1.08831	1.08778	1.0815	1.08512	1.08453	1.09435
ERR607735	0.865048	0.862858	0.86356	0.866916	0.870453	0.866353	1.081	1.08217	1.0537	1.05743	1.08264	1.05284	0.913756	0.897613	0.893161	0.891696	0.912995	0.912154	0.923108	0.92476	0.908247	0.902325	0.918793	0.902778	0.933285	0.914209	0.963048	0.931487	0.933094	0.924222	0.94309	0.925246	0.951419	0.913716	0.953757	0.94622	0.950826	0.944335	0.932794	0.922907	0.9778	0.947315	0	0.777007	0.769764	0.770981	0.776553	0.771026	1.12198	1.10357	1.10224	1.10443	1.11766	1.11236	1.10032	1.09933	1.11461	1.11537	1.09961	1.15074	1.07596	1.07691	1.07692	1.07615	1.08403	1.07274	1.09348	1.09764	1.09766	1.12469	1.09756	1.09719	1.09391	1.07926	1.07502	1.0959	1.10308	1.0983	1.05983	1.06347	1.05952	1.07046	1.05737	1.06722	1.05739	1.11248	1.06644	1.11598	1.1093	1.06575	1.08933	1.08911	1.08295	1.08616	1.08497	1.09623
ERR607736	0.856808	0.854568	0.854292	0.858623	0.863081	0.857873	1.07397	1.07519	1.04592	1.05004	1.07567	1.04536	0.908013	0.890947	0.885659	0.883397	0.907525	0.906768	0.915342	0.919268	0.900324	0.89326	0.910691	0.894352	0.92868	0.908181	0.959902	0.926869	0.928401	0.919672	0.938569	0.919387	0.946698	0.907375	0.949416	0.941791	0.943745	0.937694	0.925789	0.914871	0.973159	0.940164	0.777007	0	0.759913	0.76139	0.768303	0.761751	1.11459	1.09591	1.09446	1.0969	1.11067	1.10491	1.09371	1.09282	1.10796	1.10908	1.09279	1.1454	1.0677	1.06952	1.06875	1.06797	1.07656	1.06454	1.08597	1.09093	1.09088	1.11979	1.0908	1.09023	1.08773	1.07225	1.06746	1.08937	1.09788	1.0918	1.05341	1.05772	1.05322	1.06438	1.05045	1.06119	1.05099	1.10773	1.06093	1.11184	1.10503	1.05971	1.08202	1.08186	1.07507	1.07891	1.07765	1.0892
ERR607740	0.844253	0.84088	0.842434	0.846672	0.851187	0.845927	1.06678	1.06763	1.03697	1.04062	1.06818	1.03582	0.896311	0.879389	0.874611	0.872876	0.895323	0.894655	0.906572	0.908006	0.889589	0.883098	0.901789	0.883438	0.921265	0.899267	0.95445	0.91872	0.92115	0.911156	0.928527	0.9102	0.937286	0.898053	0.940004	0.932261	0.937103	0.9293	0.916728	0.905691	0.966202	0.933196	0.769764	0.759913	0	0.744686	0.758593	0.745284	1.10763	1.08738	1.08593	1.0885	1.10299	1.09718	1.0831	1.08222	1.09926	1.09959	1.08241	1.13779	1.05704	1.05805	1.05828	1.05716	1.06539	1.05324	1.0763	1.08064	1.08065	1.1096	1.08051	1.08029	1.07705	1.06103	1.05654	1.07933	1.08654	1.08156	1.04374	1.04753	1.04349	1.05529	1.04115	1.05161	1.04146	1.10006	1.05142	1.1042	1.09701	1.0504	1.07183	1.07189	1.0649	1.06846	1.06709	1.07981
ERR607739	0.844861	0.84169	0.843108	0.847132	0.851641	0.846479	1.06754	1.06876	1.03787	1.04175	1.06922	1.03657	0.897492	0.880539	0.876094	0.874327	0.896512	0.895725	0.907541	0.908335	0.890132	0.883822	0.902888	0.884532	0.922043	0.900064	0.954628	0.919718	0.921682	0.911862	0.928513	0.911028	0.937775	0.898476	0.940058	0.93243	0.938815	0.931175	0.918279	0.907462	0.967627	0.934928	0.770981	0.76139	0.744686	0	0.759571	0.746766	1.10898	1.08851	1.08718	1.08935	1.10415	1.09854	1.08381	1.08265	1.1001	1.10049	1.08315	1.13879	1.0581	1.05871	1.05906	1.05808	1.06606	1.05417	1.07734	1.08175	1.08146	1.11041	1.08169	1.08122	1.07808	1.06191	1.05763	1.08021	1.0872	1.0827	1.04458	1.04792	1.04397	1.05612	1.04173	1.05219	1.04207	1.1006	1.05174	1.1046	1.09758	1.05074	1.07278	1.07277	1.06614	1.06958	1.06794	1.08091
ERR607737	0.855285	0.852144	0.85331	0.857166	0.861125	0.856276	1.07423	1.07565	1.04586	1.04968	1.07586	1.04462	0.905167	0.888407	0.884332	0.882433	0.904251	0.903326	0.915454	0.916602	0.899496	0.893567	0.911061	0.894212	0.927481	0.90741	0.958547	0.925146	0.927	0.918162	0.935017	0.917595	0.943892	0.905943	0.946258	0.939007	0.943931	0.936833	0.924892	0.914474	0.971941	0.940434	0.776553	0.768303	0.758593	0.759571	0	0.76017	1.11555	1.09612	1.09482	1.09706	1.11118	1.10564	1.09215	1.0912	1.10737	1.108	1.09158	1.14498	1.06741	1.068	1.06844	1.06751	1.07548	1.06375	1.08545	1.0899	1.08969	1.11775	1.08961	1.08939	1.08625	1.0708	1.0666	1.08816	1.09525	1.09051	1.05225	1.05579	1.05188	1.06316	1.04965	1.05951	1.0496	1.10609	1.05892	1.11006	1.10315	1.05787	1.08124	1.08105	1.07481	1.07787	1.07669	1.08871
ERR607738	0.845834	0.842542	0.843548	0.847676	0.852193	0.846899	1.06846	1.06936	1.03903	1.0428	1.07002	1.03778	0.897988	0.880897	0.876366	0.874354	0.896812	0.89604	0.907473	0.908623	0.89057	0.884734	0.902762	0.884776	0.922021	0.900273	0.954624	0.919614	0.921608	0.911798	0.929268	0.911034	0.938045	0.898488	0.940632	0.932881	0.938422	0.930606	0.91812	0.907432	0.967232	0.934651	0.771026	0.761751	0.745284	0.746766	0.76017	0	1.11	1.08946	1.08826	1.09066	1.10517	1.09955	1.08522	1.08424	1.10096	1.10173	1.08443	1.13957	1.05963	1.06025	1.06059	1.05947	1.06797	1.05595	1.0784	1.08298	1.08288	1.1112	1.08274	1.08235	1.07919	1.06341	1.05892	1.08141	1.08842	1.08373	1.04588	1.04917	1.04547	1.05717	1.04292	1.05351	1.04334	1.10141	1.053	1.10521	1.09801	1.05192	1.07408	1.07398	1.06746	1.07085	1.06939	1.08209
