	ERR637059	ERR637060	ERR637062	ERR637057	ERR637061	ERR637058	ERR622146	ERR622144	ERR622143	ERR622148	ERR622147	ERR622145	ERR630295	ERR630292	ERR630293	ERR630290	ERR630291	ERR630294	ERR636746	ERR636747	ERR636745	ERR636749	ERR636750	ERR636748	ERR607762	ERR607759	ERR607761	ERR607760	ERR637124	ERR637123	ERR608374	ERR608375	ERR608373	ERR608376	ERR608372	ERR608371	ERR607785	ERR607781	ERR607783	ERR607784	ERR607786	ERR607782	ERR631830	ERR631828	ERR631827	ERR631825	ERR631826	ERR631829	ERR626593	ERR626592	ERR626590	ERR626594	ERR626591	ERR626595	ERR618690	ERR618687	ERR618689	ERR618688	ERR618692	ERR618691	ERR607428	ERR607432	ERR607427	ERR607429	ERR607430	ERR607431	ERR616280	ERR616279	ERR616278	ERR616281	ERR616277	ERR616282	ERR607580	ERR607583	ERR607584	ERR607582	ERR607581	ERR607579	ERR608246	ERR608247	ERR608245	ERR608248	ERR608250	ERR608249	ERR626676	ERR626679	ERR626675	ERR626677	ERR626678	ERR626674	ERR618429	ERR618431	ERR618430	ERR618433	ERR618432	ERR618434
ERR637059	0	0.237239	0.236651	0.238014	0.236973	0.236077	0.353956	0.313484	0.369174	0.363017	0.35818	0.30433	0.508029	0.557216	0.50209	0.551059	0.536238	0.509418	0.317067	0.320277	0.337106	0.311113	0.308111	0.31212	0.313891	0.274963	0.308519	0.312771	0.27854	0.274454	0.312353	0.311976	0.287108	0.311097	0.292903	0.294389	0.291158	0.290447	0.291447	0.328351	0.291368	0.317434	0.400285	0.402201	0.399107	0.400046	0.406656	0.400156	0.453405	0.444983	0.41716	0.450559	0.425341	0.455681	0.506518	0.503183	0.508691	0.509095	0.504579	0.505471	0.400717	0.390413	0.402797	0.40528	0.390203	0.39068	0.446476	0.451022	0.478519	0.437255	0.489561	0.437708	0.421321	0.400002	0.400044	0.399554	0.428592	0.425605	0.54563	0.533705	0.584909	0.548198	0.558628	0.548209	0.45626	0.432377	0.425776	0.432865	0.432475	0.415704	0.480914	0.490572	0.502421	0.492464	0.497175	0.490225
ERR637060	0.237239	0	0.232939	0.234223	0.232473	0.23684	0.345377	0.307464	0.360479	0.354163	0.349479	0.300119	0.502243	0.550604	0.496891	0.543887	0.530787	0.503545	0.302183	0.305523	0.320737	0.297617	0.294864	0.298417	0.298038	0.274515	0.293247	0.296741	0.277576	0.271272	0.299844	0.300069	0.282599	0.299497	0.287784	0.285885	0.28361	0.282971	0.283957	0.312757	0.284185	0.303758	0.392449	0.393409	0.393894	0.392391	0.397058	0.392021	0.44796	0.439972	0.415897	0.44543	0.422114	0.450132	0.509302	0.506466	0.511329	0.511816	0.507687	0.508537	0.395443	0.38895	0.397091	0.399553	0.389106	0.389282	0.442249	0.446961	0.47212	0.434001	0.482737	0.434585	0.410813	0.392868	0.392775	0.392626	0.417769	0.414747	0.544576	0.533639	0.582248	0.546161	0.556226	0.546272	0.449743	0.42762	0.421137	0.427961	0.427622	0.412193	0.483247	0.492115	0.502899	0.494145	0.498384	0.491949
ERR637062	0.236651	0.232939	0	0.235431	0.23244	0.235472	0.34793	0.309193	0.364841	0.357062	0.352268	0.300397	0.501085	0.549257	0.495299	0.543027	0.528752	0.502347	0.306651	0.310747	0.326541	0.302542	0.299496	0.30331	0.302841	0.273165	0.297732	0.301492	0.275693	0.270988	0.302881	0.302709	0.283089	0.301538	0.28733	0.28778	0.285507	0.284169	0.285253	0.318635	0.286158	0.309256	0.394549	0.395744	0.394493	0.394298	0.399471	0.394306	0.447815	0.440499	0.413958	0.44511	0.42109	0.450074	0.507128	0.504065	0.509351	0.50998	0.505188	0.506377	0.396543	0.387893	0.398365	0.400602	0.388003	0.388172	0.442058	0.44597	0.472564	0.433227	0.483633	0.433748	0.413798	0.393896	0.393821	0.393661	0.420777	0.418071	0.542109	0.530383	0.581605	0.54449	0.554858	0.544667	0.451467	0.427107	0.420928	0.427654	0.427233	0.411294	0.481267	0.490722	0.502058	0.491987	0.496516	0.489706
ERR637057	0.238014	0.234223	0.235431	0	0.234264	0.237696	0.341862	0.304744	0.355078	0.350535	0.34599	0.298271	0.503137	0.551444	0.498026	0.544293	0.53217	0.504349	0.296576	0.299523	0.313828	0.292184	0.289642	0.292985	0.293309	0.276425	0.288753	0.292393	0.279844	0.27196	0.296586	0.296955	0.282009	0.296475	0.28771	0.28346	0.281493	0.281494	0.282668	0.306861	0.282568	0.297858	0.39076	0.391507	0.393579	0.391166	0.394866	0.390568	0.44786	0.439233	0.41757	0.445622	0.422884	0.450169	0.511256	0.50868	0.513049	0.513408	0.509784	0.510552	0.394859	0.390266	0.39609	0.398818	0.390413	0.390503	0.442416	0.448074	0.471877	0.434751	0.482103	0.435268	0.408288	0.392199	0.392004	0.392123	0.41524	0.412247	0.547019	0.536979	0.5828	0.548624	0.558212	0.54866	0.448176	0.427853	0.421089	0.428356	0.427761	0.412827	0.485455	0.493587	0.503732	0.496009	0.500109	0.493797
ERR637061	0.236973	0.232473	0.23244	0.234264	0	0.236187	0.345868	0.307881	0.361649	0.354885	0.350098	0.299975	0.501318	0.549593	0.495793	0.543036	0.529567	0.502594	0.302705	0.306493	0.321821	0.298496	0.295826	0.299287	0.29888	0.274284	0.294041	0.297563	0.277289	0.271149	0.300042	0.300313	0.282443	0.299563	0.287136	0.286061	0.283926	0.282922	0.284032	0.314193	0.284629	0.304961	0.392349	0.393139	0.393453	0.392407	0.39697	0.391959	0.44729	0.439442	0.414873	0.444756	0.42123	0.449523	0.508185	0.505388	0.510321	0.510868	0.506646	0.507513	0.395335	0.388221	0.397038	0.399364	0.388412	0.388497	0.44153	0.446079	0.471615	0.433253	0.48238	0.43361	0.411044	0.392579	0.392478	0.392408	0.418066	0.415136	0.54317	0.532027	0.581514	0.545066	0.555137	0.545125	0.449677	0.426792	0.420406	0.427341	0.426911	0.411345	0.482351	0.491284	0.502246	0.493083	0.497438	0.49093
ERR637058	0.236077	0.23684	0.235472	0.237696	0.236187	0	0.35302	0.313147	0.371903	0.36223	0.35745	0.302689	0.503001	0.550352	0.496819	0.544943	0.529325	0.504193	0.314291	0.319616	0.336052	0.31058	0.307131	0.311605	0.311272	0.272952	0.305706	0.309777	0.274372	0.271762	0.308153	0.306648	0.284524	0.305601	0.287564	0.290992	0.28994	0.287312	0.288209	0.327434	0.290122	0.317132	0.39833	0.400335	0.395909	0.397795	0.403702	0.398255	0.449909	0.443638	0.413613	0.447009	0.421904	0.452358	0.505672	0.502508	0.508205	0.508998	0.503432	0.504815	0.399862	0.388079	0.402194	0.404228	0.388117	0.388586	0.443458	0.446323	0.474944	0.434005	0.486568	0.434511	0.419617	0.39685	0.396892	0.396598	0.426645	0.424191	0.542231	0.529442	0.583783	0.545842	0.556434	0.546059	0.456004	0.429306	0.423148	0.429924	0.429304	0.412661	0.4801	0.490256	0.50245	0.490904	0.495584	0.488752
ERR622146	0.353956	0.345377	0.34793	0.341862	0.345868	0.35302	0	0.275083	0.280226	0.263459	0.262161	0.285653	0.507539	0.538844	0.509429	0.528523	0.532389	0.509269	0.316386	0.318999	0.319902	0.319602	0.318214	0.3189	0.338353	0.359842	0.338136	0.338126	0.36258	0.35234	0.339502	0.342795	0.359596	0.34387	0.363147	0.349616	0.335775	0.337622	0.338314	0.339423	0.337221	0.336608	0.45837	0.457595	0.464815	0.459054	0.45793	0.457971	0.450593	0.444846	0.460238	0.450713	0.450099	0.451859	0.506333	0.50702	0.506973	0.506778	0.507185	0.506209	0.437149	0.456166	0.435394	0.435379	0.456928	0.456017	0.466277	0.476516	0.471004	0.470203	0.474169	0.469869	0.439216	0.448813	0.449183	0.450043	0.441404	0.439735	0.532953	0.531347	0.555078	0.531183	0.537223	0.53125	0.448482	0.448176	0.444896	0.448031	0.447995	0.448853	0.497223	0.497129	0.499792	0.49974	0.501186	0.498712
ERR622144	0.313484	0.307464	0.309193	0.304744	0.307881	0.313147	0.275083	0	0.291773	0.282115	0.277975	0.254217	0.507449	0.54906	0.505445	0.540725	0.534713	0.508807	0.294437	0.297244	0.304652	0.294058	0.291496	0.293722	0.317987	0.319792	0.315901	0.317294	0.323045	0.314177	0.318876	0.321384	0.325361	0.321579	0.329449	0.319691	0.302256	0.303391	0.304049	0.319286	0.303493	0.313115	0.436815	0.436933	0.440416	0.437292	0.438825	0.436488	0.456853	0.449156	0.442595	0.455023	0.441544	0.458477	0.513328	0.511823	0.51454	0.514766	0.512692	0.512641	0.42206	0.429299	0.421966	0.423164	0.429823	0.429577	0.45963	0.467087	0.478907	0.456951	0.486742	0.4571	0.430906	0.428143	0.428481	0.42878	0.435523	0.433089	0.547402	0.540169	0.578601	0.548086	0.556591	0.548099	0.458016	0.445189	0.440232	0.445495	0.44515	0.436814	0.496497	0.501147	0.508859	0.503582	0.507062	0.502049
ERR622143	0.369174	0.360479	0.364841	0.355078	0.361649	0.371903	0.280226	0.291773	0	0.279621	0.279773	0.308999	0.534842	0.571302	0.537031	0.558451	0.565737	0.536659	0.328106	0.323801	0.322322	0.325371	0.325778	0.324414	0.349842	0.381082	0.350551	0.350877	0.386859	0.372859	0.358448	0.365157	0.378507	0.366426	0.386945	0.367741	0.350179	0.356501	0.357206	0.341767	0.352905	0.33893	0.466935	0.465357	0.478791	0.469575	0.467832	0.466598	0.47259	0.45967	0.483277	0.472938	0.472434	0.473278	0.52665	0.526974	0.525383	0.523997	0.528478	0.526639	0.449382	0.473255	0.446447	0.448694	0.473701	0.473029	0.486035	0.501097	0.491233	0.491091	0.491693	0.491003	0.44773	0.463944	0.463951	0.464709	0.450631	0.446194	0.560015	0.562072	0.570282	0.554029	0.55909	0.553777	0.45565	0.469007	0.463852	0.469084	0.469097	0.469615	0.515944	0.51332	0.513284	0.520787	0.521943	0.519643
ERR622148	0.363017	0.354163	0.357062	0.350535	0.354885	0.36223	0.263459	0.282115	0.279621	0	0.263235	0.294169	0.509807	0.539034	0.512336	0.528378	0.534255	0.511343	0.323976	0.326043	0.325901	0.327289	0.326195	0.326419	0.344481	0.36877	0.344758	0.344581	0.371638	0.361225	0.346335	0.350195	0.368246	0.351096	0.371807	0.357771	0.344433	0.346404	0.346859	0.34573	0.345855	0.343324	0.46341	0.462306	0.47047	0.464268	0.462496	0.462985	0.451321	0.445421	0.465118	0.451335	0.453504	0.452159	0.506336	0.507101	0.506567	0.50615	0.507479	0.506248	0.440832	0.461998	0.439009	0.438645	0.462851	0.462005	0.469257	0.479811	0.471199	0.474249	0.473155	0.47403	0.441624	0.453695	0.45412	0.454937	0.443044	0.441626	0.531877	0.531588	0.551413	0.529425	0.534661	0.529353	0.447155	0.450207	0.447322	0.450182	0.450207	0.45247	0.498339	0.497284	0.498829	0.500303	0.501481	0.499427
ERR622147	0.35818	0.349479	0.352268	0.34599	0.350098	0.35745	0.262161	0.277975	0.279773	0.263235	0	0.289159	0.508369	0.53851	0.510548	0.528005	0.532773	0.509843	0.320231	0.322536	0.323215	0.323525	0.322242	0.322731	0.341653	0.363959	0.341573	0.341629	0.366864	0.35675	0.34254	0.346285	0.363806	0.347213	0.367318	0.353637	0.339768	0.341679	0.342168	0.34274	0.341272	0.340013	0.461026	0.46009	0.467746	0.46188	0.460286	0.460729	0.450643	0.445062	0.462267	0.450802	0.451352	0.451803	0.505913	0.506704	0.506406	0.50612	0.506866	0.505899	0.438995	0.459186	0.436999	0.436763	0.459969	0.458948	0.467541	0.47777	0.470928	0.471981	0.473523	0.471805	0.440301	0.451529	0.451909	0.452853	0.442185	0.440558	0.53198	0.530755	0.55287	0.529915	0.535312	0.529852	0.447612	0.448684	0.445981	0.448751	0.448604	0.450225	0.497398	0.496914	0.499016	0.499445	0.500971	0.49852
ERR622145	0.30433	0.300119	0.300397	0.298271	0.299975	0.302689	0.285653	0.254217	0.308999	0.294169	0.289159	0	0.506273	0.548391	0.502933	0.541765	0.531801	0.50743	0.295399	0.300579	0.310795	0.295583	0.29217	0.295453	0.319295	0.308234	0.316133	0.318056	0.310159	0.304131	0.317756	0.318359	0.317649	0.317969	0.319756	0.314762	0.297865	0.296815	0.297352	0.323684	0.298494	0.316454	0.435134	0.435922	0.435672	0.434915	0.437633	0.434989	0.459192	0.453728	0.4376	0.457143	0.440051	0.461438	0.514373	0.51251	0.516608	0.517225	0.512864	0.513719	0.42237	0.42295	0.423263	0.424272	0.423501	0.423282	0.458885	0.463904	0.48205	0.45386	0.491367	0.453989	0.434635	0.425172	0.425601	0.425734	0.439775	0.437814	0.548958	0.538906	0.585605	0.551631	0.560994	0.551795	0.465695	0.445827	0.441193	0.446543	0.44596	0.434974	0.496374	0.502974	0.513004	0.503986	0.508016	0.502133
ERR630295	0.508029	0.502243	0.501085	0.503137	0.501318	0.503001	0.507539	0.507449	0.534842	0.509807	0.508369	0.506273	0	0.271007	0.242805	0.269328	0.255775	0.242026	0.523843	0.530786	0.530663	0.533484	0.531082	0.532729	0.488385	0.491719	0.48871	0.487231	0.489136	0.489655	0.468373	0.464878	0.481676	0.46476	0.473723	0.475842	0.515148	0.511004	0.511844	0.527938	0.515297	0.526114	0.390393	0.391749	0.385502	0.387291	0.385146	0.39019	0.355334	0.363841	0.36292	0.352769	0.354139	0.355828	0.44774	0.448379	0.451472	0.452768	0.446469	0.447226	0.375106	0.3914	0.374506	0.369613	0.392832	0.390625	0.340849	0.335794	0.34483	0.343859	0.356514	0.34327	0.37923	0.379499	0.380644	0.381335	0.37694	0.382318	0.387607	0.379186	0.438488	0.396563	0.406234	0.398063	0.394279	0.366043	0.370619	0.366723	0.366298	0.370555	0.415925	0.418573	0.426116	0.411983	0.412986	0.411995
ERR630292	0.557216	0.550604	0.549257	0.551444	0.549593	0.550352	0.538844	0.54906	0.571302	0.539034	0.53851	0.548391	0.271007	0	0.278937	0.250208	0.253759	0.269528	0.568085	0.577007	0.574938	0.580014	0.577315	0.579231	0.532126	0.538032	0.532682	0.530591	0.53369	0.535575	0.509292	0.504474	0.527178	0.50405	0.51666	0.520047	0.562534	0.556523	0.557142	0.574236	0.562348	0.573214	0.445593	0.446254	0.439233	0.441852	0.436929	0.445431	0.379744	0.397564	0.411348	0.379163	0.395526	0.379704	0.465269	0.468402	0.469091	0.471086	0.464325	0.465376	0.429115	0.449467	0.428215	0.420729	0.451223	0.448787	0.378084	0.369312	0.361797	0.387433	0.368981	0.386556	0.426855	0.43428	0.435342	0.436616	0.42121	0.429145	0.390462	0.387338	0.434399	0.401204	0.406497	0.402647	0.4223	0.400268	0.40823	0.400427	0.400037	0.413731	0.445663	0.444514	0.448175	0.434774	0.433863	0.435659
ERR630293	0.50209	0.496891	0.495299	0.498026	0.495793	0.496819	0.509429	0.505445	0.537031	0.512336	0.510548	0.502933	0.242805	0.278937	0	0.280002	0.256109	0.242424	0.521181	0.528308	0.529283	0.530416	0.527844	0.529768	0.486565	0.485342	0.48654	0.485376	0.4825	0.4838	0.465707	0.462085	0.476157	0.461792	0.467742	0.471433	0.51068	0.50617	0.507047	0.526084	0.510708	0.523756	0.38588	0.387744	0.378156	0.382087	0.38193	0.385625	0.360106	0.368383	0.356774	0.356768	0.352371	0.361093	0.449869	0.449876	0.454163	0.455823	0.44787	0.449289	0.373172	0.383172	0.373747	0.369094	0.384292	0.382179	0.339657	0.332271	0.350809	0.338906	0.364943	0.338201	0.381973	0.374807	0.375804	0.376531	0.380478	0.385672	0.393373	0.381388	0.450129	0.404346	0.415538	0.405885	0.401459	0.367274	0.371359	0.368157	0.367592	0.367929	0.415049	0.420335	0.430256	0.413	0.414768	0.412665
ERR630290	0.551059	0.543887	0.543027	0.544293	0.543036	0.544943	0.528523	0.540725	0.558451	0.528378	0.528005	0.541765	0.269328	0.250208	0.280002	0	0.262483	0.268653	0.559437	0.567667	0.564869	0.571247	0.568816	0.570367	0.522669	0.533467	0.523544	0.521377	0.529957	0.530346	0.501758	0.497986	0.521969	0.497951	0.512862	0.513976	0.55504	0.54992	0.55067	0.563779	0.55516	0.563167	0.436643	0.436687	0.433932	0.433558	0.427645	0.436405	0.368739	0.384136	0.407547	0.36846	0.388363	0.368198	0.458381	0.46167	0.461335	0.462722	0.458489	0.458703	0.418465	0.444586	0.416732	0.409551	0.446371	0.443842	0.372082	0.367291	0.351258	0.383421	0.355879	0.382937	0.412712	0.425906	0.427021	0.428468	0.406459	0.414175	0.383168	0.38397	0.419717	0.390725	0.394806	0.391648	0.406342	0.391274	0.398392	0.391259	0.391116	0.406714	0.438653	0.435495	0.436804	0.427752	0.426098	0.428666
ERR630291	0.536238	0.530787	0.528752	0.53217	0.529567	0.529325	0.532389	0.534713	0.565737	0.534255	0.532773	0.531801	0.255775	0.253759	0.256109	0.262483	0	0.254215	0.552878	0.561978	0.561796	0.564183	0.561193	0.56347	0.518545	0.516659	0.518437	0.516716	0.512127	0.515375	0.494523	0.489274	0.507405	0.488607	0.496425	0.502236	0.543925	0.537715	0.538284	0.560116	0.543572	0.558229	0.425656	0.427345	0.415034	0.420861	0.419045	0.425464	0.376885	0.392852	0.386512	0.374268	0.378616	0.377253	0.462184	0.46363	0.466856	0.469387	0.459829	0.461728	0.41094	0.421726	0.411268	0.404307	0.423355	0.421162	0.363542	0.351168	0.363421	0.366227	0.375557	0.365744	0.416394	0.41249	0.413784	0.414623	0.412763	0.420108	0.393736	0.382204	0.451208	0.407636	0.416765	0.409426	0.424054	0.389326	0.39623	0.390036	0.389426	0.395358	0.435179	0.438794	0.447601	0.427878	0.428656	0.428272
ERR630294	0.509418	0.503545	0.502347	0.504349	0.502594	0.504193	0.509269	0.508807	0.536659	0.511343	0.509843	0.50743	0.242026	0.269528	0.242424	0.268653	0.254215	0	0.525077	0.532184	0.531995	0.534738	0.53227	0.534005	0.489669	0.492604	0.489843	0.488372	0.489869	0.490507	0.469047	0.465499	0.482428	0.465299	0.474278	0.476569	0.516631	0.512296	0.513156	0.529497	0.516836	0.527578	0.391656	0.392997	0.38637	0.388486	0.386415	0.391497	0.356892	0.365632	0.363858	0.354328	0.355311	0.357288	0.449001	0.449899	0.452944	0.454333	0.44786	0.448693	0.377052	0.392894	0.376687	0.371645	0.39443	0.392193	0.34154	0.335721	0.345709	0.344414	0.357668	0.343477	0.38169	0.381195	0.382224	0.383089	0.379202	0.384663	0.388937	0.380374	0.440531	0.398481	0.408144	0.399926	0.396444	0.367533	0.372001	0.368389	0.368107	0.371723	0.417267	0.420085	0.427917	0.413223	0.414158	0.413123
ERR636746	0.317067	0.302183	0.306651	0.296576	0.302705	0.314291	0.316386	0.294437	0.328106	0.323976	0.320231	0.295399	0.523843	0.568085	0.521181	0.559437	0.552878	0.525077	0	0.232245	0.236271	0.233815	0.233906	0.233209	0.280354	0.328006	0.280012	0.279859	0.330624	0.315965	0.302212	0.30518	0.321516	0.306603	0.325414	0.30889	0.293529	0.295277	0.295703	0.277747	0.295958	0.279103	0.418852	0.416368	0.430488	0.420921	0.416355	0.418529	0.479515	0.471959	0.461718	0.478222	0.462483	0.481452	0.564198	0.563116	0.565656	0.565935	0.563438	0.563848	0.430178	0.437981	0.430137	0.432446	0.438189	0.437738	0.475937	0.48241	0.497465	0.471649	0.505664	0.472044	0.421726	0.420562	0.420524	0.421335	0.427161	0.423983	0.588045	0.580849	0.61758	0.587732	0.595609	0.587818	0.476142	0.4635	0.457342	0.463726	0.463412	0.452655	0.541712	0.546688	0.553635	0.549304	0.552228	0.547401
ERR636747	0.320277	0.305523	0.310747	0.299523	0.306493	0.319616	0.318999	0.297244	0.323801	0.326043	0.322536	0.300579	0.530786	0.577007	0.528308	0.567667	0.561978	0.532184	0.232245	0	0.234074	0.232386	0.233412	0.232202	0.282606	0.333766	0.282984	0.282752	0.338169	0.321754	0.306837	0.311554	0.326152	0.313159	0.332607	0.313318	0.29629	0.300296	0.301146	0.276269	0.299083	0.277544	0.420882	0.418056	0.434463	0.42329	0.418968	0.420399	0.485216	0.475212	0.467755	0.483913	0.46805	0.486981	0.569362	0.568038	0.570165	0.570292	0.568777	0.568788	0.432502	0.44236	0.431995	0.434895	0.442593	0.44208	0.481278	0.489447	0.503042	0.477292	0.510705	0.477452	0.42309	0.42432	0.42425	0.42496	0.42872	0.424583	0.595229	0.589041	0.621598	0.59361	0.601396	0.593513	0.477454	0.468896	0.461978	0.469145	0.468863	0.458146	0.54641	0.550743	0.556907	0.554658	0.557519	0.552643
ERR636745	0.337106	0.320737	0.326541	0.313828	0.321821	0.336052	0.319902	0.304652	0.322322	0.325901	0.323215	0.310795	0.530663	0.574938	0.529283	0.564869	0.561796	0.531995	0.236271	0.234074	0	0.239485	0.241306	0.238893	0.284724	0.349669	0.286411	0.28532	0.353658	0.336123	0.311386	0.316366	0.339023	0.318367	0.344913	0.322886	0.30861	0.312942	0.313548	0.278931	0.311731	0.282282	0.425535	0.422129	0.441316	0.428397	0.421653	0.425058	0.48671	0.476871	0.474763	0.48574	0.472957	0.488473	0.576211	0.5754	0.576918	0.576896	0.57608	0.575889	0.436611	0.451473	0.435611	0.438448	0.451791	0.451171	0.484022	0.493019	0.502439	0.48165	0.509122	0.481946	0.42172	0.428906	0.428848	0.430016	0.426293	0.422536	0.598472	0.593911	0.622189	0.596323	0.603547	0.596441	0.476765	0.47157	0.465198	0.471925	0.47165	0.462968	0.553481	0.556633	0.561529	0.560715	0.563087	0.558873
ERR636749	0.311113	0.297617	0.302542	0.292184	0.298496	0.31058	0.319602	0.294058	0.325371	0.327289	0.323525	0.295583	0.533484	0.580014	0.530416	0.571247	0.564183	0.534738	0.233815	0.232386	0.239485	0	0.230308	0.23013	0.284682	0.325446	0.283777	0.284511	0.329778	0.314225	0.307008	0.310837	0.319665	0.312096	0.326585	0.309559	0.291037	0.294815	0.295321	0.277569	0.293563	0.277538	0.419644	0.4177	0.431619	0.421954	0.419112	0.419344	0.486096	0.47646	0.465645	0.48457	0.467255	0.488082	0.565896	0.564544	0.567083	0.567228	0.565162	0.565415	0.432547	0.438897	0.432576	0.435753	0.438983	0.438809	0.480571	0.488459	0.5045	0.475794	0.512509	0.476368	0.42689	0.423853	0.423835	0.424436	0.433028	0.428778	0.595337	0.588463	0.623333	0.594354	0.602343	0.594302	0.480229	0.469154	0.462166	0.469463	0.469137	0.457222	0.543133	0.548118	0.555168	0.551784	0.554857	0.549633
ERR636750	0.308111	0.294864	0.299496	0.289642	0.295826	0.307131	0.318214	0.291496	0.325778	0.326195	0.322242	0.29217	0.531082	0.577315	0.527844	0.568816	0.561193	0.53227	0.233906	0.233412	0.241306	0.230308	0	0.230186	0.284644	0.322054	0.283331	0.284401	0.325935	0.311057	0.304874	0.308297	0.316569	0.309432	0.323026	0.306933	0.28896	0.292427	0.292806	0.278499	0.291457	0.278057	0.418572	0.416731	0.429622	0.420755	0.418362	0.418344	0.483854	0.474855	0.462788	0.482272	0.464618	0.485807	0.562671	0.561344	0.563961	0.564361	0.561737	0.562053	0.431	0.43614	0.431151	0.434113	0.436357	0.436166	0.478064	0.485626	0.502358	0.473184	0.510749	0.47366	0.42665	0.422441	0.422261	0.422851	0.432608	0.428616	0.592081	0.584732	0.621116	0.591447	0.599604	0.591525	0.479298	0.466885	0.459963	0.467202	0.466889	0.454813	0.54006	0.545199	0.552637	0.548369	0.551688	0.546353
ERR636748	0.31212	0.298417	0.30331	0.292985	0.299287	0.311605	0.3189	0.293722	0.324414	0.326419	0.322731	0.295453	0.532729	0.579231	0.529768	0.570367	0.56347	0.534005	0.233209	0.232202	0.238893	0.23013	0.230186	0	0.284258	0.326547	0.283765	0.284358	0.330662	0.315043	0.30654	0.31046	0.320119	0.311722	0.326964	0.309688	0.29149	0.295322	0.295848	0.277008	0.294052	0.277142	0.419772	0.417617	0.431885	0.422243	0.41909	0.419553	0.485862	0.47628	0.465902	0.484487	0.46728	0.487842	0.566073	0.564826	0.567262	0.567407	0.56533	0.565592	0.432422	0.439037	0.432291	0.435293	0.439175	0.438848	0.480435	0.488439	0.504205	0.475866	0.51224	0.476232	0.426404	0.423981	0.423806	0.424374	0.432277	0.428212	0.595091	0.5882	0.623056	0.594017	0.602025	0.594043	0.479606	0.46886	0.461981	0.469152	0.468943	0.457125	0.543271	0.548214	0.555144	0.551937	0.554921	0.549851
ERR607762	0.313891	0.298038	0.302841	0.293309	0.29888	0.311272	0.338353	0.317987	0.349842	0.344481	0.341653	0.319295	0.488385	0.532126	0.486565	0.522669	0.518545	0.489669	0.280354	0.282606	0.284724	0.284682	0.284644	0.284258	0	0.286565	0.228074	0.22747	0.289507	0.27282	0.289562	0.292733	0.311801	0.294369	0.315396	0.298008	0.291302	0.292949	0.294198	0.274432	0.293787	0.276254	0.385166	0.38234	0.399329	0.387491	0.380857	0.384673	0.453434	0.446275	0.441346	0.452293	0.439674	0.45518	0.548791	0.548567	0.550026	0.550299	0.548463	0.548511	0.402869	0.414423	0.402251	0.404363	0.414792	0.414304	0.445943	0.453395	0.46495	0.443059	0.47252	0.443119	0.385717	0.387129	0.387151	0.388248	0.390657	0.388084	0.561753	0.556413	0.588128	0.560659	0.567865	0.560753	0.449064	0.438871	0.433067	0.438963	0.438752	0.429937	0.522248	0.525731	0.531173	0.528697	0.531135	0.526913
ERR607759	0.274963	0.274515	0.273165	0.276425	0.274284	0.272952	0.359842	0.319792	0.381082	0.36877	0.363959	0.308234	0.491719	0.538032	0.485342	0.533467	0.516659	0.492604	0.328006	0.333766	0.349669	0.325446	0.322054	0.326547	0.286565	0	0.280071	0.284117	0.235518	0.234983	0.318481	0.316474	0.296411	0.315686	0.297449	0.302974	0.291182	0.288005	0.288687	0.331236	0.290843	0.321289	0.398743	0.401015	0.394801	0.397864	0.403912	0.398588	0.454521	0.449763	0.418924	0.45147	0.427392	0.456943	0.513331	0.510703	0.516204	0.51727	0.510813	0.512417	0.404245	0.391595	0.40684	0.408578	0.39147	0.39206	0.440314	0.442224	0.472079	0.430644	0.483972	0.430923	0.419365	0.394725	0.394877	0.394616	0.426403	0.424598	0.540612	0.52727	0.583342	0.545016	0.555725	0.545096	0.463668	0.435343	0.429864	0.435891	0.435281	0.418842	0.486872	0.49666	0.509106	0.496652	0.501336	0.494506
ERR607761	0.308519	0.293247	0.297732	0.288753	0.294041	0.305706	0.338136	0.315901	0.350551	0.344758	0.341573	0.316133	0.48871	0.532682	0.48654	0.523544	0.518437	0.489843	0.280012	0.282984	0.286411	0.283777	0.283331	0.283765	0.228074	0.280071	0	0.227466	0.282609	0.266751	0.288747	0.291447	0.307775	0.292867	0.311337	0.295218	0.287732	0.289066	0.290123	0.27508	0.289881	0.275751	0.384346	0.381762	0.397115	0.386251	0.380685	0.383853	0.45316	0.446158	0.439108	0.451826	0.438033	0.454959	0.546388	0.546179	0.547751	0.548183	0.545912	0.546081	0.401921	0.411547	0.40175	0.403715	0.411896	0.411588	0.444767	0.45175	0.465006	0.441228	0.47281	0.441509	0.387153	0.386237	0.386262	0.3873	0.392404	0.389568	0.560314	0.5544	0.58798	0.559549	0.567216	0.559698	0.449791	0.438103	0.432033	0.438051	0.437882	0.428391	0.519665	0.523638	0.529653	0.526334	0.52881	0.524415
ERR607760	0.312771	0.296741	0.301492	0.292393	0.297563	0.309777	0.338126	0.317294	0.350877	0.344581	0.341629	0.318056	0.487231	0.530591	0.485376	0.521377	0.516716	0.488372	0.279859	0.282752	0.28532	0.284511	0.284401	0.284358	0.22747	0.284117	0.227466	0	0.286722	0.270684	0.288822	0.291225	0.310467	0.292856	0.313465	0.2968	0.29053	0.291811	0.292772	0.275327	0.292649	0.276838	0.385215	0.382442	0.398446	0.387248	0.380865	0.384591	0.45294	0.4462	0.440329	0.45169	0.438756	0.454859	0.548154	0.547996	0.54942	0.549763	0.547689	0.547785	0.402822	0.413511	0.402552	0.404387	0.413944	0.41356	0.445282	0.452281	0.46452	0.442182	0.47231	0.442391	0.386139	0.386677	0.386674	0.387849	0.391255	0.388474	0.560488	0.554882	0.587857	0.559624	0.567031	0.559908	0.449476	0.438173	0.432385	0.438268	0.437924	0.428918	0.521394	0.52509	0.530901	0.527788	0.530325	0.525892
ERR637124	0.27854	0.277576	0.275693	0.279844	0.277289	0.274372	0.36258	0.323045	0.386859	0.371638	0.366864	0.310159	0.489136	0.53369	0.4825	0.529957	0.512127	0.489869	0.330624	0.338169	0.353658	0.329778	0.325935	0.330662	0.289507	0.235518	0.282609	0.286722	0	0.236156	0.319947	0.316756	0.297898	0.315489	0.296585	0.304306	0.294392	0.289637	0.290095	0.335632	0.293795	0.326079	0.400367	0.402838	0.394905	0.398928	0.404837	0.400232	0.453827	0.450838	0.41728	0.450641	0.426456	0.456159	0.513045	0.510481	0.516304	0.517587	0.510264	0.512152	0.406094	0.391598	0.408893	0.409942	0.391586	0.392232	0.439334	0.439641	0.470958	0.429353	0.483275	0.429705	0.421365	0.394983	0.395228	0.394924	0.42806	0.426735	0.538505	0.524196	0.58351	0.543971	0.554809	0.544316	0.465935	0.435136	0.430045	0.435573	0.435038	0.418506	0.486714	0.497117	0.510128	0.496073	0.500942	0.493821
ERR637123	0.274454	0.271272	0.270988	0.27196	0.271149	0.271762	0.35234	0.314177	0.372859	0.361225	0.35675	0.304131	0.489655	0.535575	0.4838	0.530346	0.515375	0.490507	0.315965	0.321754	0.336123	0.314225	0.311057	0.315043	0.27282	0.234983	0.266751	0.270684	0.236156	0	0.309256	0.30756	0.29243	0.307029	0.29401	0.295997	0.284494	0.281872	0.282463	0.317779	0.284546	0.309097	0.392738	0.394412	0.391209	0.392112	0.396549	0.392492	0.451312	0.446401	0.418977	0.448593	0.425862	0.453749	0.515824	0.51363	0.518459	0.519405	0.513726	0.515085	0.400854	0.391297	0.403056	0.404658	0.391308	0.391792	0.438043	0.440775	0.468183	0.429339	0.479511	0.429587	0.41152	0.389814	0.390112	0.389817	0.418541	0.416473	0.541787	0.529662	0.582457	0.545461	0.555847	0.545661	0.459065	0.432851	0.427281	0.433327	0.432742	0.4173	0.48922	0.49813	0.509833	0.498596	0.502914	0.496354
ERR608374	0.312353	0.299844	0.302881	0.296586	0.300042	0.308153	0.339502	0.318876	0.358448	0.346335	0.34254	0.317756	0.468373	0.509292	0.465707	0.501758	0.494523	0.469047	0.302212	0.306837	0.311386	0.307008	0.304874	0.30654	0.289562	0.318481	0.288747	0.288822	0.319947	0.309256	0	0.234332	0.253202	0.234542	0.253744	0.239914	0.305061	0.304201	0.305432	0.306178	0.306299	0.304258	0.385821	0.384436	0.393277	0.386309	0.383063	0.385256	0.431327	0.42636	0.416459	0.429424	0.415461	0.433123	0.520588	0.520226	0.522386	0.523058	0.519615	0.52015	0.393781	0.402212	0.393548	0.394926	0.402964	0.401987	0.425341	0.431413	0.445705	0.422321	0.454701	0.422746	0.391138	0.388105	0.388154	0.389045	0.395498	0.393761	0.532786	0.525514	0.565898	0.534431	0.543053	0.534965	0.436509	0.419477	0.414856	0.419688	0.419642	0.410656	0.495221	0.499581	0.50727	0.500735	0.503595	0.499148
ERR608375	0.311976	0.300069	0.302709	0.296955	0.300313	0.306648	0.342795	0.321384	0.365157	0.350195	0.346285	0.318359	0.464878	0.504474	0.462085	0.497986	0.489274	0.465499	0.30518	0.311554	0.316366	0.310837	0.308297	0.31046	0.292733	0.316474	0.291447	0.291225	0.316756	0.30756	0.234332	0	0.251093	0.232214	0.249051	0.238869	0.306546	0.304205	0.30509	0.310596	0.307561	0.308682	0.385663	0.384826	0.391125	0.385914	0.382564	0.38538	0.429888	0.426971	0.413591	0.427972	0.413502	0.431856	0.519241	0.519014	0.521491	0.52245	0.518061	0.518799	0.394385	0.40009	0.394778	0.395688	0.400967	0.399996	0.422968	0.426952	0.443615	0.419585	0.453359	0.419917	0.392881	0.387239	0.387235	0.388124	0.397358	0.396308	0.530776	0.522158	0.566598	0.533703	0.542541	0.534251	0.438764	0.418418	0.414317	0.41868	0.418557	0.408887	0.493824	0.499004	0.507239	0.499036	0.502113	0.497288
ERR608373	0.287108	0.282599	0.283089	0.282009	0.282443	0.284524	0.359596	0.325361	0.378507	0.368246	0.363806	0.317649	0.481676	0.527178	0.476157	0.521969	0.507405	0.482428	0.321516	0.326152	0.339023	0.319665	0.316569	0.320119	0.311801	0.296411	0.307775	0.310467	0.297898	0.29243	0.253202	0.251093	0	0.24988	0.23565	0.236438	0.299837	0.29836	0.299118	0.32509	0.300137	0.31801	0.386924	0.388137	0.386854	0.386661	0.389919	0.386626	0.441532	0.436085	0.41038	0.438852	0.416506	0.443859	0.512307	0.510401	0.51466	0.515678	0.510302	0.511547	0.396891	0.390041	0.398691	0.400829	0.390267	0.39012	0.429293	0.433235	0.459191	0.421742	0.470536	0.422339	0.409763	0.390881	0.390733	0.390858	0.416277	0.414026	0.536167	0.524723	0.57624	0.540071	0.55034	0.540379	0.450681	0.425746	0.420108	0.426136	0.425847	0.41105	0.485679	0.493661	0.505101	0.494424	0.498638	0.492333
ERR608376	0.311097	0.299497	0.301538	0.296475	0.299563	0.305601	0.34387	0.321579	0.366426	0.351096	0.347213	0.317969	0.46476	0.50405	0.461792	0.497951	0.488607	0.465299	0.306603	0.313159	0.318367	0.312096	0.309432	0.311722	0.294369	0.315686	0.292867	0.292856	0.315489	0.307029	0.234542	0.232214	0.24988	0	0.247636	0.23836	0.306659	0.304253	0.305126	0.312508	0.30772	0.310324	0.386334	0.385614	0.391225	0.386323	0.383403	0.38597	0.430032	0.427213	0.412675	0.427967	0.413105	0.431972	0.518336	0.517972	0.520638	0.521573	0.516979	0.518012	0.394524	0.399493	0.39491	0.395872	0.400195	0.399383	0.422857	0.426691	0.444248	0.419213	0.454006	0.419639	0.393937	0.387331	0.387384	0.388183	0.398317	0.397517	0.530189	0.521344	0.566589	0.533195	0.542181	0.533837	0.439731	0.418589	0.414445	0.41871	0.418704	0.408809	0.492982	0.498434	0.506967	0.498366	0.501472	0.496604
ERR608372	0.292903	0.287784	0.28733	0.28771	0.287136	0.287564	0.363147	0.329449	0.386945	0.371807	0.367318	0.319756	0.473723	0.51666	0.467742	0.512862	0.496425	0.474278	0.325414	0.332607	0.344913	0.326585	0.323026	0.326964	0.315396	0.297449	0.311337	0.313465	0.296585	0.29401	0.253744	0.249051	0.23565	0.247636	0	0.23788	0.305199	0.301205	0.302116	0.332769	0.305159	0.326086	0.389644	0.391145	0.386941	0.388448	0.391368	0.389407	0.438857	0.436146	0.406511	0.435845	0.413652	0.441255	0.511089	0.509361	0.514234	0.515562	0.508578	0.510496	0.398709	0.389584	0.400894	0.402151	0.389873	0.389744	0.42619	0.427474	0.45581	0.418087	0.467858	0.418739	0.412	0.390834	0.390761	0.390931	0.418022	0.416662	0.530407	0.517337	0.574176	0.536185	0.546477	0.536542	0.45277	0.423575	0.418934	0.42383	0.423867	0.40891	0.484707	0.493483	0.505882	0.49245	0.496874	0.490566
ERR608371	0.294389	0.285885	0.28778	0.28346	0.286061	0.290992	0.349616	0.319691	0.367741	0.357771	0.353637	0.314762	0.475842	0.520047	0.471433	0.513976	0.502236	0.476569	0.30889	0.313318	0.322886	0.309559	0.306933	0.309688	0.298008	0.302974	0.295218	0.2968	0.304306	0.295997	0.239914	0.238869	0.236438	0.23836	0.23788	0	0.298169	0.296979	0.298109	0.312384	0.299062	0.307325	0.382959	0.383118	0.386487	0.383151	0.383325	0.382651	0.436786	0.431284	0.411821	0.434422	0.415086	0.43882	0.516279	0.515133	0.518216	0.519093	0.514585	0.515748	0.393641	0.392828	0.394549	0.39663	0.393385	0.392827	0.426389	0.431249	0.452829	0.420611	0.463136	0.421083	0.399689	0.386963	0.386712	0.387172	0.405612	0.403377	0.535895	0.52627	0.572872	0.53903	0.548513	0.539448	0.443832	0.422335	0.417007	0.422645	0.422524	0.409733	0.48963	0.496051	0.505952	0.497294	0.500947	0.495372
ERR607785	0.291158	0.28361	0.285507	0.281493	0.283926	0.28994	0.335775	0.302256	0.350179	0.344433	0.339768	0.297865	0.515148	0.562534	0.51068	0.55504	0.543925	0.516631	0.293529	0.29629	0.30861	0.291037	0.28896	0.29149	0.291302	0.291182	0.287732	0.29053	0.294392	0.284494	0.305061	0.306546	0.299837	0.306659	0.305199	0.298169	0	0.238406	0.239188	0.258555	0.238008	0.251704	0.407391	0.407233	0.412109	0.408106	0.410031	0.40708	0.470577	0.462835	0.443292	0.468601	0.447964	0.472523	0.53806	0.5361	0.540097	0.540417	0.536913	0.537376	0.417112	0.414139	0.418376	0.420788	0.414338	0.4145	0.461097	0.466557	0.488405	0.453927	0.497944	0.454281	0.41994	0.406222	0.406113	0.406155	0.426431	0.423575	0.567649	0.557778	0.60213	0.568891	0.578158	0.568958	0.4699	0.450824	0.444623	0.451167	0.450738	0.436857	0.513895	0.521209	0.53046	0.523486	0.527322	0.521328
ERR607781	0.290447	0.282971	0.284169	0.281494	0.282922	0.287312	0.337622	0.303391	0.356501	0.346404	0.341679	0.296815	0.511004	0.556523	0.50617	0.54992	0.537715	0.512296	0.295277	0.300296	0.312942	0.294815	0.292427	0.295322	0.292949	0.288005	0.289066	0.291811	0.289637	0.281872	0.304201	0.304205	0.29836	0.304253	0.301205	0.296979	0.238406	0	0.236171	0.264989	0.239582	0.256498	0.407113	0.407061	0.409602	0.40715	0.409229	0.406703	0.467681	0.461861	0.439082	0.465508	0.444467	0.469642	0.53519	0.533025	0.537624	0.538287	0.5335	0.534472	0.416506	0.411039	0.418042	0.419732	0.411284	0.411464	0.458205	0.461832	0.485584	0.450605	0.495808	0.45092	0.420171	0.40397	0.403937	0.403852	0.426554	0.424295	0.563005	0.551988	0.600481	0.565535	0.574946	0.565558	0.470437	0.447834	0.44205	0.448062	0.447623	0.433562	0.510867	0.518866	0.52901	0.520017	0.523995	0.517837
ERR607783	0.291447	0.283957	0.285253	0.282668	0.284032	0.288209	0.338314	0.304049	0.357206	0.346859	0.342168	0.297352	0.511844	0.557142	0.507047	0.55067	0.538284	0.513156	0.295703	0.301146	0.313548	0.295321	0.292806	0.295848	0.294198	0.288687	0.290123	0.292772	0.290095	0.282463	0.305432	0.30509	0.299118	0.305126	0.302116	0.298109	0.239188	0.236171	0	0.265761	0.240253	0.257558	0.40801	0.408135	0.41035	0.408127	0.410095	0.407605	0.46839	0.462948	0.439693	0.466182	0.445152	0.470386	0.535688	0.533582	0.538262	0.53889	0.533984	0.535037	0.417497	0.411886	0.419116	0.420914	0.412132	0.412331	0.458855	0.462342	0.486168	0.451269	0.496413	0.45163	0.421417	0.404871	0.404863	0.404958	0.427681	0.425542	0.563988	0.552848	0.601553	0.566466	0.576038	0.566633	0.471614	0.448827	0.443145	0.449037	0.448664	0.434465	0.511565	0.51943	0.529852	0.520557	0.524572	0.518338
ERR607784	0.328351	0.312757	0.318635	0.306861	0.314193	0.327434	0.339423	0.319286	0.341767	0.34573	0.34274	0.323684	0.527938	0.574236	0.526084	0.563779	0.560116	0.529497	0.277747	0.276269	0.278931	0.277569	0.278499	0.277008	0.274432	0.331236	0.27508	0.275327	0.335632	0.317779	0.306178	0.310596	0.32509	0.312508	0.332769	0.312384	0.258555	0.264989	0.265761	0	0.262335	0.23323	0.408524	0.40535	0.424526	0.411701	0.406271	0.40814	0.485555	0.475416	0.470725	0.484504	0.470062	0.486765	0.573859	0.573222	0.57472	0.574351	0.574124	0.573689	0.429312	0.439779	0.428584	0.431925	0.440136	0.439766	0.477979	0.486775	0.49822	0.47451	0.504685	0.474892	0.411924	0.413739	0.413627	0.414275	0.41744	0.41351	0.596014	0.591148	0.619539	0.593568	0.600646	0.593486	0.474762	0.468314	0.461376	0.468203	0.46798	0.45801	0.548506	0.551974	0.5569	0.556799	0.559265	0.554795
ERR607786	0.291368	0.284185	0.286158	0.282568	0.284629	0.290122	0.337221	0.303493	0.352905	0.345855	0.341272	0.298494	0.515297	0.562348	0.510708	0.55516	0.543572	0.516836	0.295958	0.299083	0.311731	0.293563	0.291457	0.294052	0.293787	0.290843	0.289881	0.292649	0.293795	0.284546	0.306299	0.307561	0.300137	0.30772	0.305159	0.299062	0.238008	0.239582	0.240253	0.262335	0	0.255246	0.409122	0.409167	0.412989	0.409772	0.411822	0.408879	0.471381	0.464098	0.443483	0.469365	0.44844	0.47347	0.537859	0.535883	0.539982	0.540381	0.536465	0.537181	0.418546	0.414545	0.419829	0.422223	0.414633	0.414929	0.461505	0.466622	0.489278	0.454307	0.498998	0.454607	0.421914	0.407348	0.407302	0.407392	0.428607	0.425772	0.567581	0.557273	0.602896	0.569248	0.578593	0.569402	0.471689	0.451815	0.445603	0.45199	0.451698	0.437565	0.514003	0.521408	0.53106	0.523444	0.527201	0.521145
ERR607782	0.317434	0.303758	0.309256	0.297858	0.304961	0.317132	0.336608	0.313115	0.33893	0.343324	0.340013	0.316454	0.526114	0.573214	0.523756	0.563167	0.558229	0.527578	0.279103	0.277544	0.282282	0.277538	0.278057	0.277142	0.276254	0.321289	0.275751	0.276838	0.326079	0.309097	0.304258	0.308682	0.31801	0.310324	0.326086	0.307325	0.251704	0.256498	0.257558	0.23323	0.255246	0	0.405423	0.402928	0.419553	0.408115	0.404392	0.404999	0.481481	0.470562	0.464095	0.48026	0.464307	0.482944	0.564795	0.563646	0.565624	0.565302	0.564755	0.564463	0.42399	0.432452	0.423356	0.426802	0.432607	0.432572	0.473337	0.482103	0.495265	0.469233	0.502368	0.46948	0.411017	0.410141	0.410116	0.41046	0.417067	0.412848	0.589834	0.584523	0.614416	0.58792	0.5954	0.587783	0.470876	0.463321	0.456128	0.463341	0.463166	0.452358	0.539212	0.543198	0.548655	0.548114	0.550753	0.545927
ERR631830	0.400285	0.392449	0.394549	0.39076	0.392349	0.39833	0.45837	0.436815	0.466935	0.46341	0.461026	0.435134	0.390393	0.445593	0.38588	0.436643	0.425656	0.391656	0.418852	0.420882	0.425535	0.419644	0.418572	0.419772	0.385166	0.398743	0.384346	0.385215	0.400367	0.392738	0.385821	0.385663	0.386924	0.386334	0.389644	0.382959	0.407391	0.407113	0.40801	0.408524	0.409122	0.405423	0	0.221472	0.231196	0.222966	0.224174	0.220948	0.348954	0.340934	0.324082	0.346428	0.324596	0.351158	0.452312	0.450906	0.453745	0.454289	0.451409	0.451918	0.293168	0.299047	0.294417	0.297216	0.299177	0.298369	0.32349	0.330464	0.354925	0.317311	0.368123	0.31804	0.295602	0.277502	0.277233	0.277498	0.302345	0.301212	0.451305	0.443162	0.492191	0.452954	0.463998	0.45344	0.366057	0.342025	0.336157	0.342413	0.342315	0.330237	0.400078	0.406175	0.415436	0.40937	0.412082	0.406818
ERR631828	0.402201	0.393409	0.395744	0.391507	0.393139	0.400335	0.457595	0.436933	0.465357	0.462306	0.46009	0.435922	0.391749	0.446254	0.387744	0.436687	0.427345	0.392997	0.416368	0.418056	0.422129	0.4177	0.416731	0.417617	0.38234	0.401015	0.381762	0.382442	0.402838	0.394412	0.384436	0.384826	0.388137	0.385614	0.391145	0.383118	0.407233	0.407061	0.408135	0.40535	0.409167	0.402928	0.221472	0	0.235057	0.224006	0.222715	0.221244	0.349133	0.340445	0.327855	0.34674	0.326717	0.351292	0.456553	0.455319	0.457815	0.458082	0.456213	0.456449	0.293672	0.303204	0.294301	0.29725	0.303477	0.302607	0.326341	0.333724	0.355136	0.321147	0.367652	0.32172	0.290948	0.277134	0.276867	0.277505	0.297392	0.296221	0.454057	0.446918	0.492429	0.454483	0.46492	0.454839	0.36441	0.343296	0.337337	0.343489	0.343309	0.332659	0.404829	0.410111	0.418427	0.413794	0.416276	0.411366
ERR631827	0.399107	0.393894	0.394493	0.393579	0.393453	0.395909	0.464815	0.440416	0.478791	0.47047	0.467746	0.435672	0.385502	0.439233	0.378156	0.433932	0.415034	0.38637	0.430488	0.434463	0.441316	0.431619	0.429622	0.431885	0.399329	0.394801	0.397115	0.398446	0.394905	0.391209	0.393277	0.391125	0.386854	0.391225	0.386941	0.386487	0.412109	0.409602	0.41035	0.424526	0.412989	0.419553	0.231196	0.235057	0	0.228694	0.236903	0.231575	0.349205	0.345741	0.310474	0.345435	0.317573	0.352082	0.440952	0.43867	0.44388	0.445294	0.438306	0.440256	0.297799	0.288771	0.301224	0.302675	0.288924	0.288359	0.318774	0.319557	0.357056	0.308101	0.373448	0.308752	0.314329	0.281412	0.281512	0.28108	0.321153	0.321372	0.441128	0.426874	0.493839	0.447552	0.460586	0.44831	0.37699	0.339843	0.335121	0.340432	0.340047	0.323973	0.387248	0.397452	0.411779	0.396927	0.401036	0.39439
