	ERR613986	ERR613985	ERR613989	ERR613984	ERR613987	ERR613988	ERR638303	ERR638306	ERR638307	ERR638304	ERR638305	ERR638308	ERR605614	ERR605616	ERR605611	ERR605613	ERR605615	ERR605612	ERR614003	ERR614005	ERR614004	ERR614006	ERR614007	ERR614002	ERR636926	ERR636927	ERR636925	ERR636930	ERR636928	ERR636929	ERR613329	ERR613332	ERR613333	ERR613330	ERR613334	ERR613331	ERR636894	ERR636891	ERR636890	ERR636893	ERR636889	ERR636892	ERR636802	ERR636800	ERR636804	ERR636803	ERR636801	ERR636799	ERR612074	ERR612071	ERR612073	ERR612075	ERR612072	ERR612076	ERR615447	ERR615448	ERR615449	ERR615451	ERR615446	ERR615450	ERR631325	ERR631323	ERR631328	ERR631327	ERR631326	ERR631324	ERR613562	ERR613557	ERR613559	ERR613560	ERR613561	ERR613558	ERR618351	ERR618352	ERR618355	ERR618356	ERR618354	ERR618353	ERR629966	ERR629964	ERR629965	ERR629969	ERR629968	ERR629967	ERR616181	ERR616184	ERR616182	ERR616179	ERR616180	ERR616183	ERR617330	ERR617329	ERR617326	ERR617327	ERR617325	ERR617328
ERR613986	0	0.779099	0.783121	0.772929	0.784005	0.783956	1.10123	1.10105	1.10121	1.11121	1.11305	1.1015	0.934113	0.928736	0.916662	0.928837	0.927456	0.925727	0.910914	0.903255	0.909042	0.903051	0.902112	0.92096	0.887881	0.885907	0.898459	0.87709	0.877756	0.876973	0.911047	0.935502	0.934058	0.928031	0.962854	0.917075	0.88943	0.877866	0.878921	0.890741	0.885381	0.888381	0.927477	0.89243	0.928732	0.92567	0.890935	0.895709	1.10759	1.09341	1.09833	1.09382	1.09911	1.12034	1.09387	1.07617	1.0714	1.06832	1.09858	1.06658	0.883556	0.894845	0.89697	0.896488	0.89612	0.899826	1.1143	1.0933	1.09392	1.11352	1.11386	1.09408	1.12837	1.12959	1.11949	1.11978	1.12053	1.1285	1.09184	1.09046	1.10157	1.09917	1.09979	1.09759	1.12909	1.10506	1.10709	1.12176	1.11718	1.10596	1.09141	1.09161	1.10133	1.10065	1.0996	1.09108
ERR613985	0.779099	0	0.753603	0.740126	0.754694	0.753899	1.08133	1.08116	1.08145	1.09289	1.094	1.08155	0.916998	0.914434	0.898582	0.912193	0.913346	0.909709	0.897497	0.890044	0.896451	0.889539	0.888625	0.909863	0.865953	0.865665	0.87924	0.85607	0.855631	0.855471	0.892539	0.917592	0.91644	0.912715	0.950756	0.900574	0.874167	0.858164	0.857469	0.874785	0.867544	0.87256	0.912598	0.87173	0.913467	0.91036	0.871355	0.876655	1.08822	1.0727	1.07796	1.07351	1.07944	1.10192	1.07527	1.05582	1.05208	1.04924	1.08089	1.04737	0.855797	0.868899	0.872033	0.871588	0.87124	0.874422	1.09558	1.07417	1.07481	1.09449	1.0949	1.07473	1.10834	1.10971	1.09883	1.0995	1.0997	1.1088	1.07095	1.06945	1.08215	1.08076	1.081	1.07899	1.10626	1.08181	1.08413	1.09944	1.09426	1.08276	1.06762	1.06804	1.07899	1.07827	1.07842	1.06737
ERR613989	0.783121	0.753603	0	0.743888	0.751907	0.751976	1.08275	1.08225	1.08245	1.09408	1.09512	1.08259	0.918272	0.916374	0.899809	0.91318	0.915322	0.910956	0.898323	0.891735	0.897937	0.890999	0.889955	0.910914	0.865936	0.866323	0.87947	0.856881	0.856671	0.856269	0.892974	0.917774	0.916304	0.913354	0.951806	0.901452	0.875526	0.859684	0.858534	0.876629	0.868889	0.874305	0.91258	0.872699	0.914143	0.910613	0.872411	0.877726	1.08935	1.07388	1.07908	1.07471	1.08076	1.10301	1.07516	1.05539	1.05237	1.04943	1.08061	1.04725	0.856998	0.870324	0.873174	0.872998	0.872308	0.874748	1.0963	1.07566	1.07633	1.0955	1.096	1.07624	1.10683	1.10836	1.09771	1.0983	1.09858	1.10763	1.07213	1.07053	1.08315	1.08262	1.08265	1.08073	1.105	1.08121	1.08353	1.09862	1.09322	1.08247	1.06788	1.06827	1.07915	1.07867	1.07943	1.06763
ERR613984	0.772929	0.740126	0.743888	0	0.745004	0.744494	1.07286	1.07222	1.07251	1.08452	1.08559	1.07271	0.91132	0.909101	0.89132	0.905873	0.907832	0.903318	0.892989	0.885883	0.892338	0.885409	0.884052	0.905968	0.857978	0.858573	0.872681	0.848394	0.848109	0.84738	0.88604	0.912187	0.910354	0.90724	0.946768	0.894344	0.868944	0.851436	0.849614	0.869796	0.861499	0.867043	0.907673	0.864492	0.909231	0.905479	0.864396	0.870167	1.07946	1.06355	1.069	1.06436	1.07064	1.09376	1.06786	1.04752	1.04442	1.04118	1.07347	1.03919	0.845427	0.860183	0.862994	0.862781	0.862008	0.86476	1.08723	1.06543	1.06588	1.0863	1.08678	1.06606	1.09946	1.10112	1.09012	1.09072	1.09097	1.10038	1.06156	1.06022	1.0733	1.07224	1.07264	1.07033	1.09653	1.07169	1.07409	1.08985	1.08437	1.07272	1.05759	1.05805	1.06955	1.06902	1.06921	1.05764
ERR613987	0.784005	0.754694	0.751907	0.745004	0	0.752768	1.08408	1.08347	1.08376	1.0957	1.0965	1.08404	0.919181	0.917589	0.90089	0.914338	0.916456	0.912115	0.898784	0.892004	0.898319	0.891486	0.890352	0.911413	0.86653	0.866867	0.879977	0.857097	0.857449	0.85657	0.893933	0.918643	0.916768	0.91384	0.952323	0.901726	0.876296	0.860543	0.858967	0.877094	0.869449	0.874672	0.912403	0.873095	0.9139	0.910887	0.872745	0.878435	1.09063	1.07489	1.08063	1.07576	1.0821	1.10435	1.0764	1.05652	1.05366	1.05066	1.08168	1.04853	0.857416	0.870967	0.873889	0.873664	0.873071	0.875567	1.09774	1.0771	1.07759	1.09698	1.0973	1.07767	1.10718	1.10856	1.09822	1.0986	1.09881	1.10772	1.07344	1.07191	1.0848	1.08398	1.0841	1.082	1.10569	1.08229	1.08459	1.0998	1.09426	1.0832	1.06902	1.06942	1.08063	1.0798	1.08073	1.06878
ERR613988	0.783956	0.753899	0.751976	0.744494	0.752768	0	1.08312	1.08242	1.08266	1.09463	1.09559	1.08296	0.918657	0.916929	0.900396	0.913979	0.916055	0.911337	0.898254	0.891926	0.897628	0.891047	0.889897	0.910739	0.865885	0.866455	0.879237	0.856546	0.856302	0.855819	0.893455	0.918131	0.916915	0.913635	0.952247	0.901542	0.875619	0.859892	0.858047	0.876348	0.868931	0.873883	0.912188	0.872158	0.91367	0.910477	0.872013	0.877732	1.08975	1.07415	1.07958	1.07507	1.08112	1.10323	1.07559	1.05574	1.0529	1.04978	1.08098	1.04781	0.857039	0.870129	0.872931	0.873095	0.8724	0.87462	1.09695	1.0764	1.07685	1.09596	1.09634	1.07678	1.10648	1.10789	1.09743	1.09811	1.09864	1.10707	1.07253	1.07091	1.08392	1.08283	1.08312	1.08093	1.10506	1.0812	1.08353	1.0989	1.09341	1.0826	1.06793	1.06818	1.07956	1.07894	1.07971	1.06795
ERR638303	1.10123	1.08133	1.08275	1.07286	1.08408	1.08312	0	0.798339	0.7988	0.819605	0.819459	0.798042	1.11748	1.11501	1.10242	1.11258	1.11339	1.11081	1.14181	1.13716	1.1415	1.13648	1.13482	1.14898	1.10653	1.10685	1.11655	1.10024	1.09984	1.09936	1.10807	1.12488	1.12451	1.12166	1.14583	1.11245	1.12069	1.10562	1.1048	1.12139	1.11536	1.11927	1.14723	1.11622	1.14792	1.14544	1.11531	1.12035	0.912777	0.891736	0.899004	0.892214	0.900085	0.932599	0.933566	0.912425	0.908902	0.905767	0.940937	0.904454	1.08932	1.10006	1.10262	1.10233	1.10258	1.10272	0.92625	0.898522	0.898582	0.924955	0.924914	0.89872	0.99053	0.992736	0.979197	0.980616	0.981743	0.992179	0.893661	0.891349	0.908513	0.907131	0.908065	0.906367	0.946006	0.914576	0.917332	0.934825	0.928469	0.914762	0.884638	0.885735	0.900127	0.899278	0.897294	0.885212
ERR638306	1.10105	1.08116	1.08225	1.07222	1.08347	1.08242	0.798339	0	0.793973	0.819669	0.819754	0.792906	1.11755	1.11537	1.10269	1.11266	1.11384	1.1109	1.14205	1.13733	1.14164	1.13682	1.13524	1.14901	1.10606	1.10663	1.11631	1.10023	1.09961	1.09907	1.10816	1.12463	1.12394	1.12203	1.14582	1.11259	1.12099	1.10565	1.10478	1.12132	1.11525	1.11934	1.14695	1.11604	1.14758	1.14533	1.11528	1.12019	0.910215	0.889924	0.896955	0.889971	0.898061	0.930562	0.930206	0.908938	0.905533	0.902816	0.937539	0.901112	1.08875	1.09981	1.10218	1.10188	1.10214	1.10234	0.925997	0.898644	0.899134	0.924954	0.925157	0.898833	0.987678	0.989874	0.976406	0.977596	0.97868	0.989435	0.893475	0.890604	0.908402	0.907243	0.907624	0.906273	0.94337	0.912246	0.914906	0.932602	0.926051	0.913069	0.882115	0.882681	0.897491	0.896534	0.89505	0.882488
ERR638307	1.10121	1.08145	1.08245	1.07251	1.08376	1.08266	0.7988	0.793973	0	0.820793	0.82047	0.793449	1.11769	1.11518	1.10294	1.1128	1.11377	1.1108	1.14181	1.13726	1.14163	1.13667	1.13506	1.14914	1.10633	1.1066	1.11641	1.10015	1.09995	1.09907	1.10797	1.12448	1.12405	1.1219	1.14577	1.11237	1.12109	1.10563	1.10491	1.12164	1.1156	1.11962	1.14735	1.11643	1.14795	1.1456	1.11529	1.1206	0.91128	0.890727	0.898128	0.890879	0.898963	0.931507	0.931393	0.910234	0.906709	0.903665	0.938808	0.902139	1.08899	1.09999	1.10232	1.10228	1.10228	1.10255	0.926414	0.898539	0.899107	0.925368	0.925123	0.899014	0.988404	0.990416	0.977113	0.97832	0.979412	0.990122	0.893623	0.890687	0.908069	0.907065	0.90775	0.906117	0.94396	0.9125	0.915602	0.933087	0.926739	0.913236	0.883227	0.883767	0.898244	0.897187	0.896049	0.883005
ERR638304	1.11121	1.09289	1.09408	1.08452	1.0957	1.09463	0.819605	0.819669	0.820793	0	0.838531	0.81985	1.12759	1.12464	1.11349	1.12276	1.12323	1.12061	1.15162	1.14657	1.15053	1.14595	1.14465	1.15791	1.11748	1.11737	1.12694	1.11106	1.11091	1.11034	1.11857	1.13433	1.13397	1.13143	1.15416	1.12215	1.13076	1.11627	1.11596	1.13157	1.12565	1.12952	1.15704	1.12704	1.15724	1.15505	1.12581	1.13086	0.928963	0.910099	0.916511	0.909907	0.917174	0.947293	0.948827	0.930756	0.926192	0.923381	0.955561	0.922157	1.10116	1.11129	1.11376	1.11352	1.11342	1.11408	0.942037	0.915869	0.916706	0.941019	0.940975	0.916504	1.0056	1.00749	0.994856	0.996108	0.996991	1.00698	0.911884	0.909129	0.924706	0.922926	0.923294	0.921957	0.963681	0.934226	0.936727	0.953109	0.947374	0.93434	0.905927	0.906627	0.919218	0.918447	0.916179	0.90618
ERR638305	1.11305	1.094	1.09512	1.08559	1.0965	1.09559	0.819459	0.819754	0.82047	0.838531	0	0.819093	1.1289	1.12655	1.1147	1.12409	1.125	1.12225	1.15233	1.14767	1.15194	1.14706	1.14553	1.15914	1.11834	1.11851	1.12799	1.11227	1.11215	1.1116	1.11934	1.13552	1.13474	1.13267	1.15566	1.12364	1.13203	1.11726	1.11676	1.13256	1.12679	1.13072	1.15758	1.12762	1.15794	1.15589	1.12685	1.13175	0.929507	0.910404	0.917031	0.910628	0.918153	0.947653	0.948157	0.929086	0.925926	0.923207	0.955171	0.92187	1.102	1.11212	1.11471	1.11453	1.11452	1.11488	0.942908	0.9177	0.918009	0.941994	0.941935	0.918131	1.00416	1.00603	0.993581	0.994901	0.995928	1.00547	0.912247	0.909815	0.925865	0.924491	0.925318	0.923454	0.961317	0.932405	0.934915	0.950959	0.945056	0.932757	0.904367	0.9052	0.918438	0.917744	0.916234	0.904862
ERR638308	1.1015	1.08155	1.08259	1.07271	1.08404	1.08296	0.798042	0.792906	0.793449	0.81985	0.819093	0	1.11789	1.1158	1.10334	1.11317	1.11427	1.11135	1.14242	1.13765	1.14209	1.13709	1.13551	1.1495	1.10607	1.10663	1.1165	1.10018	1.09979	1.09929	1.1085	1.12499	1.12425	1.12223	1.14607	1.11289	1.12102	1.10578	1.10493	1.12173	1.11579	1.1196	1.14726	1.1162	1.14779	1.14562	1.11535	1.12037	0.910099	0.889598	0.896702	0.889532	0.897799	0.92977	0.92983	0.908724	0.904971	0.902272	0.93752	0.900524	1.08909	1.09987	1.10226	1.102	1.10216	1.10234	0.927136	0.898915	0.899474	0.925829	0.925594	0.899468	0.986285	0.988592	0.974958	0.976001	0.977309	0.988236	0.893321	0.890918	0.908657	0.907517	0.908211	0.906341	0.942186	0.911317	0.914273	0.931451	0.925186	0.911903	0.881071	0.882251	0.896733	0.895439	0.894813	0.88138
ERR605614	0.934113	0.916998	0.918272	0.91132	0.919181	0.918657	1.11748	1.11755	1.11769	1.12759	1.1289	1.11789	0	0.776642	0.770122	0.777845	0.775834	0.776496	0.976404	0.971407	0.975701	0.970782	0.970692	0.986117	0.950427	0.95021	0.961456	0.942636	0.942199	0.941832	0.871318	0.887087	0.885558	0.882449	0.905618	0.875676	0.951624	0.938703	0.938457	0.95261	0.9479	0.950448	0.990695	0.957511	0.99095	0.987968	0.956481	0.96117	1.0533	1.04558	1.04765	1.04555	1.04856	1.06053	1.11764	1.10078	1.0969	1.09416	1.12185	1.0927	0.945849	0.956314	0.958362	0.958534	0.958137	0.960298	1.10354	1.08177	1.08243	1.10352	1.10258	1.08245	1.16386	1.16558	1.15614	1.15674	1.15731	1.16487	1.11318	1.11198	1.12264	1.12154	1.12216	1.12019	1.14306	1.12115	1.12348	1.13703	1.13235	1.1222	1.11186	1.11239	1.12139	1.12082	1.12045	1.11169
ERR605616	0.928736	0.914434	0.916374	0.909101	0.917589	0.916929	1.11501	1.11537	1.11518	1.12464	1.12655	1.1158	0.776642	0	0.766242	0.774166	0.766698	0.771426	0.974628	0.968249	0.972664	0.967413	0.967211	0.983642	0.949886	0.947832	0.96027	0.940295	0.940201	0.939699	0.870858	0.889204	0.887389	0.881119	0.904725	0.873722	0.947885	0.935521	0.936391	0.949366	0.945269	0.946652	0.990089	0.955695	0.990137	0.987237	0.953727	0.958403	1.05218	1.04466	1.04692	1.04454	1.04716	1.06002	1.11713	1.10095	1.09571	1.09269	1.12127	1.09121	0.943844	0.954307	0.957001	0.956503	0.955761	0.959611	1.10209	1.07878	1.07945	1.1021	1.10123	1.07987	1.16694	1.16824	1.15806	1.15905	1.15981	1.1677	1.11125	1.11011	1.12014	1.11787	1.11845	1.11659	1.14626	1.12282	1.12522	1.13883	1.13462	1.12359	1.11279	1.11346	1.12184	1.1211	1.11913	1.11279
ERR605611	0.916662	0.898582	0.899809	0.89132	0.90089	0.900396	1.10242	1.10269	1.10294	1.11349	1.1147	1.10334	0.770122	0.766242	0	0.762653	0.764805	0.760132	0.963025	0.957196	0.96174	0.956545	0.955773	0.973317	0.934119	0.933265	0.945921	0.925858	0.925319	0.924363	0.862305	0.881062	0.879581	0.875195	0.902379	0.866931	0.936726	0.922427	0.922207	0.937605	0.932362	0.935305	0.977942	0.94119	0.978007	0.975488	0.939897	0.945117	1.04474	1.03512	1.03822	1.03521	1.03876	1.05307	1.10423	1.08679	1.08283	1.07983	1.109	1.07815	0.926966	0.938761	0.941469	0.941364	0.940752	0.943439	1.09131	1.06834	1.06908	1.09128	1.09048	1.06917	1.15329	1.15497	1.14494	1.14566	1.1462	1.15447	1.09819	1.09682	1.10821	1.10686	1.10741	1.10536	1.1315	1.10792	1.11027	1.12433	1.11947	1.10905	1.09775	1.09797	1.10764	1.10684	1.10589	1.09754
ERR605613	0.928837	0.912193	0.91318	0.905873	0.914338	0.913979	1.11258	1.11266	1.1128	1.12276	1.12409	1.11317	0.777845	0.774166	0.762653	0	0.773056	0.769443	0.973373	0.967902	0.972152	0.966949	0.96682	0.983306	0.947027	0.946229	0.957926	0.938687	0.93834	0.937787	0.869502	0.887051	0.885641	0.880647	0.905269	0.873597	0.947369	0.934354	0.934534	0.948672	0.944109	0.946158	0.98801	0.953663	0.988158	0.985366	0.952547	0.956849	1.05058	1.04221	1.04472	1.04201	1.04506	1.05818	1.11407	1.09697	1.09302	1.08978	1.11797	1.08835	0.9416	0.952576	0.955096	0.954868	0.954182	0.957367	1.09964	1.0769	1.07766	1.09937	1.09839	1.07774	1.16203	1.16379	1.15378	1.15468	1.15536	1.16297	1.1085	1.10719	1.11784	1.11632	1.11673	1.11499	1.1408	1.11817	1.1204	1.13396	1.12947	1.11903	1.10838	1.10872	1.11798	1.11698	1.11608	1.1079
ERR605615	0.927456	0.913346	0.915322	0.907832	0.916456	0.916055	1.11339	1.11384	1.11377	1.12323	1.125	1.11427	0.775834	0.766698	0.764805	0.773056	0	0.7708	0.9743	0.967383	0.972035	0.966444	0.966696	0.983104	0.949605	0.947511	0.960193	0.939504	0.939493	0.938831	0.8706	0.889744	0.888329	0.881252	0.904965	0.873813	0.947351	0.934998	0.936498	0.948994	0.9449	0.946501	0.990144	0.955563	0.990262	0.987322	0.953118	0.958218	1.05114	1.04343	1.04561	1.04293	1.04593	1.05881	1.11622	1.09994	1.09446	1.09159	1.12029	1.08991	0.943041	0.954341	0.956441	0.956089	0.955409	0.959645	1.10081	1.07721	1.07801	1.10073	1.09998	1.07794	1.16591	1.16759	1.15747	1.15809	1.15899	1.16704	1.10963	1.10856	1.11857	1.11609	1.11634	1.11471	1.14553	1.12171	1.12391	1.13772	1.13351	1.12252	1.11175	1.1122	1.12081	1.12026	1.11776	1.11146
ERR605612	0.925727	0.909709	0.910956	0.903318	0.912115	0.911337	1.11081	1.1109	1.1108	1.12061	1.12225	1.11135	0.776496	0.771426	0.760132	0.769443	0.7708	0	0.971341	0.965488	0.969692	0.964924	0.96477	0.980807	0.944563	0.943332	0.955527	0.935837	0.93577	0.934865	0.868182	0.886129	0.884896	0.879778	0.904792	0.871959	0.945075	0.931799	0.932108	0.946161	0.941874	0.943841	0.985821	0.951288	0.986375	0.983165	0.94968	0.954776	1.04941	1.04079	1.04327	1.04075	1.04389	1.05698	1.11197	1.09492	1.09077	1.0875	1.11607	1.086	0.938831	0.95004	0.952442	0.952356	0.95165	0.954693	1.09809	1.07493	1.07586	1.09786	1.09685	1.07592	1.16053	1.16242	1.15228	1.15317	1.15387	1.1617	1.10652	1.10506	1.11596	1.11459	1.11498	1.11308	1.1393	1.11651	1.1185	1.13219	1.12769	1.11725	1.10651	1.10685	1.1162	1.11536	1.1141	1.10633
ERR614003	0.910914	0.897497	0.898323	0.892989	0.898784	0.898254	1.14181	1.14205	1.14181	1.15162	1.15233	1.14242	0.976404	0.974628	0.963025	0.973373	0.9743	0.971341	0	0.815595	0.819232	0.814627	0.814003	0.829864	0.882822	0.882288	0.892997	0.875002	0.875035	0.874968	0.947398	0.967821	0.966084	0.962343	0.993611	0.953562	0.87649	0.865506	0.864439	0.877318	0.87146	0.87502	0.886426	0.85244	0.888265	0.885165	0.852741	0.856628	1.14472	1.13215	1.13644	1.13263	1.13754	1.15578	1.13384	1.11689	1.11347	1.11076	1.13816	1.10899	0.840513	0.849668	0.852037	0.851493	0.85118	0.853912	1.15593	1.13699	1.13753	1.15521	1.15544	1.1374	1.1607	1.16184	1.15291	1.15335	1.15373	1.16098	1.13098	1.12964	1.14053	1.13918	1.13965	1.13742	1.16438	1.14379	1.1457	1.15887	1.15439	1.14469	1.13194	1.13246	1.14145	1.14086	1.14031	1.13182
ERR614005	0.903255	0.890044	0.891735	0.885883	0.892004	0.891926	1.13716	1.13733	1.13726	1.14657	1.14767	1.13765	0.971407	0.968249	0.957196	0.967902	0.967383	0.965488	0.815595	0	0.813792	0.803179	0.802507	0.825718	0.876738	0.875153	0.887712	0.866999	0.867162	0.866997	0.942355	0.964445	0.962353	0.957159	0.988991	0.948403	0.868873	0.85719	0.857081	0.869692	0.864119	0.867143	0.881469	0.845117	0.883183	0.880422	0.845127	0.848936	1.14067	1.12793	1.13204	1.12793	1.13297	1.15177	1.13058	1.11375	1.10937	1.10694	1.13487	1.10535	0.831839	0.841611	0.843927	0.843071	0.842657	0.846875	1.15163	1.13193	1.13249	1.15082	1.15124	1.13236	1.15901	1.15997	1.15087	1.15117	1.15155	1.15934	1.12613	1.12489	1.1355	1.13343	1.13392	1.13183	1.16275	1.14117	1.14315	1.15654	1.15229	1.14201	1.12852	1.12855	1.13777	1.13714	1.1362	1.12832
ERR614004	0.909042	0.896451	0.897937	0.892338	0.898319	0.897628	1.1415	1.14164	1.14163	1.15053	1.15194	1.14209	0.975701	0.972664	0.96174	0.972152	0.972035	0.969692	0.819232	0.813792	0	0.812837	0.812382	0.829073	0.883012	0.881235	0.892945	0.873722	0.874286	0.873795	0.946954	0.968261	0.966212	0.961453	0.992895	0.952751	0.875221	0.8642	0.864352	0.875896	0.870827	0.87394	0.886428	0.851965	0.88789	0.884573	0.851557	0.855356	1.14504	1.1322	1.13646	1.13267	1.13762	1.15575	1.13372	1.11714	1.11297	1.1105	1.13784	1.10852	0.840303	0.849944	0.851701	0.851097	0.85053	0.854378	1.15549	1.13639	1.1365	1.15493	1.15507	1.13684	1.16225	1.16343	1.15429	1.15463	1.15504	1.16257	1.13054	1.12893	1.13975	1.13754	1.13803	1.13638	1.16638	1.14484	1.14692	1.16008	1.1558	1.14601	1.13303	1.13283	1.14207	1.14158	1.14044	1.13279
ERR614006	0.903051	0.889539	0.890999	0.885409	0.891486	0.891047	1.13648	1.13682	1.13667	1.14595	1.14706	1.13709	0.970782	0.967413	0.956545	0.966949	0.966444	0.964924	0.814627	0.803179	0.812837	0	0.801613	0.824852	0.875566	0.873939	0.886035	0.865832	0.865796	0.865715	0.940421	0.96328	0.961376	0.955846	0.987696	0.94731	0.867604	0.855735	0.855852	0.868462	0.863014	0.866143	0.880561	0.844252	0.881899	0.879108	0.843834	0.847626	1.13979	1.12696	1.13152	1.1274	1.13257	1.15099	1.12993	1.11316	1.10888	1.10623	1.13405	1.1046	0.831036	0.841349	0.843212	0.842704	0.842199	0.846156	1.15056	1.13085	1.13132	1.14976	1.15047	1.13145	1.1587	1.15991	1.15041	1.15088	1.15151	1.15917	1.12542	1.12412	1.1347	1.1327	1.13311	1.13121	1.16245	1.14045	1.14256	1.15607	1.1518	1.14129	1.12793	1.12807	1.13702	1.13653	1.13538	1.12778
ERR614007	0.902112	0.888625	0.889955	0.884052	0.890352	0.889897	1.13482	1.13524	1.13506	1.14465	1.14553	1.13551	0.970692	0.967211	0.955773	0.96682	0.966696	0.96477	0.814003	0.802507	0.812382	0.801613	0	0.824397	0.874631	0.87282	0.885294	0.864924	0.864866	0.864568	0.940521	0.962942	0.960722	0.956308	0.987713	0.946353	0.866852	0.854971	0.854839	0.867855	0.862294	0.865386	0.880406	0.843233	0.881416	0.878679	0.842818	0.846905	1.13859	1.12594	1.1299	1.12592	1.1312	1.14994	1.12849	1.1115	1.10741	1.10484	1.13295	1.10319	0.828863	0.838825	0.841178	0.840595	0.840146	0.844054	1.14934	1.12961	1.13009	1.14877	1.14913	1.13007	1.15706	1.15826	1.14876	1.14915	1.14939	1.15734	1.12377	1.1224	1.13301	1.13118	1.13152	1.12951	1.16047	1.13864	1.1406	1.15426	1.14992	1.13943	1.12602	1.1261	1.13545	1.1348	1.13412	1.12573
ERR614002	0.92096	0.909863	0.910914	0.905968	0.911413	0.910739	1.14898	1.14901	1.14914	1.15791	1.15914	1.1495	0.986117	0.983642	0.973317	0.983306	0.983104	0.980807	0.829864	0.825718	0.829073	0.824852	0.824397	0	0.895671	0.893986	0.904441	0.887236	0.887672	0.887476	0.956721	0.976685	0.974604	0.970391	0.999822	0.962233	0.888055	0.878023	0.87745	0.88852	0.88371	0.886499	0.896076	0.865035	0.897753	0.894958	0.86524	0.868453	1.15166	1.13969	1.1438	1.1402	1.14478	1.16261	1.14107	1.1249	1.12093	1.11847	1.14529	1.11671	0.853416	0.861938	0.863469	0.862999	0.862179	0.866076	1.16216	1.14369	1.14418	1.16167	1.1622	1.14421	1.16757	1.16879	1.15999	1.16021	1.16068	1.16782	1.13831	1.13695	1.14758	1.14582	1.14606	1.14416	1.17257	1.15194	1.15391	1.16687	1.16274	1.15292	1.14048	1.14037	1.14945	1.14865	1.14829	1.14016
ERR636926	0.887881	0.865953	0.865936	0.857978	0.86653	0.865885	1.10653	1.10606	1.10633	1.11748	1.11834	1.10607	0.950427	0.949886	0.934119	0.947027	0.949605	0.944563	0.882822	0.876738	0.883012	0.875566	0.874631	0.895671	0	0.789966	0.804745	0.782356	0.781671	0.781217	0.919659	0.942145	0.940796	0.938223	0.973673	0.927879	0.852503	0.836177	0.833917	0.853539	0.845137	0.850454	0.875976	0.836116	0.876696	0.873522	0.836355	0.841934	1.11295	1.09815	1.1033	1.09922	1.1049	1.12596	1.10067	1.08191	1.07934	1.07666	1.10647	1.0747	0.836561	0.849738	0.852697	0.852486	0.852129	0.853364	1.12078	1.10111	1.1015	1.12021	1.12051	1.10142	1.12543	1.12677	1.11682	1.11706	1.1177	1.12601	1.09518	1.09371	1.10638	1.10565	1.10619	1.1036	1.12544	1.10283	1.10503	1.11989	1.11429	1.10415	1.0925	1.09284	1.10368	1.10303	1.10391	1.09254
ERR636927	0.885907	0.865665	0.866323	0.858573	0.866867	0.866455	1.10685	1.10663	1.1066	1.11737	1.11851	1.10663	0.95021	0.947832	0.933265	0.946229	0.947511	0.943332	0.882288	0.875153	0.881235	0.873939	0.87282	0.893986	0.789966	0	0.804986	0.781732	0.781492	0.780854	0.919506	0.942501	0.940668	0.936833	0.972348	0.92666	0.850521	0.834893	0.834222	0.851947	0.844349	0.84912	0.876008	0.836161	0.876343	0.873381	0.835893	0.841164	1.1131	1.09869	1.10373	1.09926	1.1049	1.12618	1.10179	1.08335	1.07988	1.07717	1.10703	1.07538	0.837008	0.850033	0.853121	0.853098	0.852492	0.854938	1.12114	1.10065	1.1013	1.12062	1.12074	1.10144	1.12857	1.1298	1.11969	1.12004	1.12053	1.12903	1.0959	1.09458	1.10659	1.10533	1.10558	1.10338	1.12901	1.10558	1.10775	1.12271	1.11749	1.10674	1.09467	1.09512	1.10546	1.1049	1.10498	1.09472
ERR636925	0.898459	0.87924	0.87947	0.872681	0.879977	0.879237	1.11655	1.11631	1.11641	1.12694	1.12799	1.1165	0.961456	0.96027	0.945921	0.957926	0.960193	0.955527	0.892997	0.887712	0.892945	0.886035	0.885294	0.904441	0.804745	0.804986	0	0.798661	0.797603	0.797158	0.929827	0.951164	0.949529	0.946813	0.980136	0.937135	0.864184	0.850047	0.848199	0.865095	0.857537	0.862727	0.885617	0.849981	0.886199	0.883364	0.850272	0.854667	1.12262	1.10892	1.11351	1.10971	1.11479	1.13509	1.11103	1.09281	1.09021	1.08744	1.11613	1.08594	0.852053	0.863972	0.866641	0.86627	0.865919	0.867595	1.13031	1.11111	1.1115	1.12983	1.12994	1.11166	1.13431	1.13551	1.12627	1.1264	1.12707	1.13479	1.1061	1.10464	1.11641	1.11554	1.11581	1.11379	1.13667	1.11459	1.11663	1.13091	1.12563	1.11581	1.10415	1.10446	1.11458	1.11403	1.11435	1.10405
ERR636930	0.87709	0.85607	0.856881	0.848394	0.857097	0.856546	1.10024	1.10023	1.10015	1.11106	1.11227	1.10018	0.942636	0.940295	0.925858	0.938687	0.939504	0.935837	0.875002	0.866999	0.873722	0.865832	0.864924	0.887236	0.782356	0.781732	0.798661	0	0.767988	0.766935	0.912698	0.93693	0.935198	0.931069	0.967404	0.920124	0.842187	0.825055	0.824154	0.843365	0.835399	0.840285	0.869564	0.826688	0.869873	0.866785	0.826316	0.831626	1.10686	1.09224	1.09739	1.09255	1.09867	1.11995	1.096	1.07723	1.07343	1.07078	1.10107	1.06896	0.826921	0.841121	0.84364	0.843791	0.843107	0.845931	1.11516	1.09393	1.09463	1.11431	1.1147	1.09465	1.1244	1.12565	1.11527	1.11545	1.11603	1.1248	1.08888	1.08753	1.09978	1.09837	1.0987	1.09638	1.12387	1.09988	1.10225	1.11735	1.11216	1.10106	1.08839	1.08876	1.0991	1.09859	1.09854	1.08813
ERR636928	0.877756	0.855631	0.856671	0.848109	0.857449	0.856302	1.09984	1.09961	1.09995	1.11091	1.11215	1.09979	0.942199	0.940201	0.925319	0.93834	0.939493	0.93577	0.875035	0.867162	0.874286	0.865796	0.864866	0.887672	0.781671	0.781492	0.797603	0.767988	0	0.766622	0.911962	0.936452	0.934464	0.930551	0.966691	0.919755	0.841993	0.824818	0.823193	0.84327	0.834925	0.839777	0.868879	0.826058	0.868952	0.866019	0.825682	0.831056	1.10638	1.0916	1.0966	1.09226	1.09803	1.11973	1.09554	1.07646	1.07325	1.07028	1.10094	1.06849	0.825705	0.839703	0.842809	0.842856	0.842295	0.8449	1.11491	1.09378	1.09433	1.11414	1.11453	1.0943	1.12361	1.12502	1.11457	1.11467	1.11552	1.12433	1.0886	1.08731	1.09975	1.09809	1.0983	1.09601	1.12328	1.09907	1.10149	1.11687	1.11151	1.10043	1.08748	1.08799	1.09861	1.09804	1.09794	1.08759
ERR636929	0.876973	0.855471	0.856269	0.84738	0.85657	0.855819	1.09936	1.09907	1.09907	1.11034	1.1116	1.09929	0.941832	0.939699	0.924363	0.937787	0.938831	0.934865	0.874968	0.866997	0.873795	0.865715	0.864568	0.887476	0.781217	0.780854	0.797158	0.766935	0.766622	0	0.911351	0.936088	0.934076	0.929833	0.966772	0.919382	0.84171	0.824594	0.823258	0.842542	0.834571	0.839296	0.868932	0.82563	0.869078	0.865952	0.825229	0.83097	1.10606	1.09119	1.09636	1.09194	1.09734	1.11921	1.09515	1.07612	1.07261	1.0698	1.10024	1.06799	0.825429	0.839978	0.842649	0.842556	0.841805	0.844477	1.11433	1.09325	1.09391	1.11348	1.11401	1.09399	1.12304	1.12426	1.1138	1.11435	1.11484	1.12354	1.08804	1.08668	1.09897	1.09742	1.09796	1.09543	1.12269	1.09871	1.10074	1.11607	1.11071	1.09966	1.08677	1.0874	1.09812	1.09736	1.09735	1.08682
ERR613329	0.911047	0.892539	0.892974	0.88604	0.893933	0.893455	1.10807	1.10816	1.10797	1.11857	1.11934	1.1085	0.871318	0.870858	0.862305	0.869502	0.8706	0.868182	0.947398	0.942355	0.946954	0.940421	0.940521	0.956721	0.919659	0.919506	0.929827	0.912698	0.911962	0.911351	0	0.80004	0.798695	0.79403	0.825822	0.785272	0.916939	0.903197	0.902568	0.918907	0.91241	0.915917	0.956625	0.924866	0.957169	0.954141	0.92475	0.92892	1.05529	1.04759	1.05007	1.04782	1.05048	1.06275	1.10352	1.08711	1.08391	1.08119	1.10813	1.07934	0.912032	0.922529	0.925632	0.925025	0.924336	0.926789	1.09503	1.07509	1.07565	1.09496	1.09412	1.07565	1.13464	1.13608	1.12638	1.12701	1.12751	1.1353	1.09936	1.0979	1.10897	1.10786	1.10851	1.10655	1.13043	1.10862	1.11098	1.12407	1.11955	1.10958	1.09798	1.09825	1.10787	1.10703	1.10721	1.09794
ERR613332	0.935502	0.917592	0.917774	0.912187	0.918643	0.918131	1.12488	1.12463	1.12448	1.13433	1.13552	1.12499	0.887087	0.889204	0.881062	0.887051	0.889744	0.886129	0.967821	0.964445	0.968261	0.96328	0.962942	0.976685	0.942145	0.942501	0.951164	0.93693	0.936452	0.936088	0.80004	0	0.807005	0.811758	0.831674	0.80496	0.940235	0.92744	0.926125	0.942106	0.9359	0.939643	0.975876	0.948862	0.975661	0.973804	0.948818	0.952895	1.06582	1.05955	1.06141	1.05977	1.06215	1.07141	1.11879	1.10313	1.10114	1.0983	1.123	1.09674	0.936764	0.945996	0.948647	0.948071	0.947771	0.949127	1.10837	1.08985	1.09025	1.10817	1.10737	1.09063	1.14593	1.14694	1.13851	1.13904	1.13936	1.14615	1.11596	1.11457	1.12527	1.12492	1.12537	1.12383	1.14213	1.12282	1.12462	1.13687	1.13245	1.12362	1.11354	1.11405	1.12346	1.12277	1.12313	1.11347
ERR613333	0.934058	0.91644	0.916304	0.910354	0.916768	0.916915	1.12451	1.12394	1.12405	1.13397	1.13474	1.12425	0.885558	0.887389	0.879581	0.885641	0.888329	0.884896	0.966084	0.962353	0.966212	0.961376	0.960722	0.974604	0.940796	0.940668	0.949529	0.935198	0.934464	0.934076	0.798695	0.807005	0	0.810608	0.83144	0.803793	0.937776	0.924814	0.924025	0.939462	0.933244	0.93682	0.973655	0.946758	0.973874	0.971909	0.946834	0.950293	1.06519	1.05885	1.06098	1.0592	1.06173	1.07079	1.11856	1.10265	1.10058	1.09791	1.12313	1.09649	0.934822	0.94339	0.946529	0.946088	0.945424	0.946822	1.10821	1.08969	1.09034	1.10837	1.1072	1.09032	1.14548	1.1468	1.13806	1.13863	1.13882	1.14608	1.1159	1.1146	1.12508	1.12464	1.125	1.12323	1.14234	1.12258	1.12443	1.13688	1.13231	1.12345	1.11306	1.11337	1.12272	1.12194	1.12264	1.11316
ERR613330	0.928031	0.912715	0.913354	0.90724	0.91384	0.913635	1.12166	1.12203	1.1219	1.13143	1.13267	1.12223	0.882449	0.881119	0.875195	0.880647	0.881252	0.879778	0.962343	0.957159	0.961453	0.955846	0.956308	0.970391	0.938223	0.936833	0.946813	0.931069	0.930551	0.929833	0.79403	0.811758	0.810608	0	0.83179	0.798064	0.933092	0.920312	0.92031	0.934933	0.929465	0.932143	0.971962	0.943037	0.972097	0.969797	0.942463	0.946369	1.06437	1.05809	1.05991	1.05794	1.06031	1.07031	1.11792	1.10257	1.09903	1.09633	1.12174	1.09481	0.932756	0.942361	0.944911	0.944607	0.943785	0.946335	1.10698	1.08733	1.08796	1.10713	1.10601	1.08803	1.14798	1.14893	1.13983	1.14042	1.14107	1.14818	1.11369	1.11245	1.12263	1.12115	1.12139	1.11984	1.14498	1.12412	1.12618	1.13889	1.13441	1.12506	1.11383	1.11386	1.12277	1.12208	1.12138	1.11358
ERR613334	0.962854	0.950756	0.951806	0.946768	0.952323	0.952247	1.14583	1.14582	1.14577	1.15416	1.15566	1.14607	0.905618	0.904725	0.902379	0.905269	0.904965	0.904792	0.993611	0.988991	0.992895	0.987696	0.987713	0.999822	0.973673	0.972348	0.980136	0.967404	0.966691	0.966772	0.825822	0.831674	0.83144	0.83179	0	0.827862	0.965724	0.955103	0.956012	0.967678	0.963644	0.965223	1.00242	0.979191	1.00226	1.00057	0.977946	0.981694	1.07852	1.0749	1.07599	1.07459	1.07581	1.08186	1.14287	1.1292	1.12572	1.12372	1.14642	1.12206	0.969628	0.976822	0.978964	0.978642	0.977617	0.980547	1.1267	1.10818	1.10883	1.12681	1.12563	1.10919	1.16759	1.16864	1.1603	1.16102	1.16146	1.16798	1.13865	1.13749	1.14625	1.1447	1.14526	1.14391	1.1671	1.1478	1.14984	1.1611	1.15762	1.14857	1.13859	1.13865	1.14685	1.14638	1.14525	1.13851
ERR613331	0.917075	0.900574	0.901452	0.894344	0.901726	0.901542	1.11245	1.11259	1.11237	1.12215	1.12364	1.11289	0.875676	0.873722	0.866931	0.873597	0.873813	0.871959	0.953562	0.948403	0.952751	0.94731	0.946353	0.962233	0.927879	0.92666	0.937135	0.920124	0.919755	0.919382	0.785272	0.80496	0.803793	0.798064	0.827862	0	0.923356	0.909653	0.910113	0.925577	0.91978	0.922689	0.963414	0.932523	0.963435	0.961057	0.932166	0.936217	1.05836	1.05108	1.05341	1.05113	1.05376	1.06526	1.10865	1.09271	1.08902	1.08639	1.11282	1.08454	0.920245	0.929877	0.933132	0.932398	0.931625	0.934491	1.09902	1.07854	1.07933	1.09891	1.09824	1.07931	1.14022	1.14153	1.1318	1.13266	1.13325	1.14081	1.10421	1.1028	1.11309	1.11172	1.11219	1.11047	1.13613	1.11399	1.11617	1.12939	1.12508	1.11509	1.10382	1.10388	1.11327	1.11271	1.11188	1.10351
ERR636894	0.88943	0.874167	0.875526	0.868944	0.876296	0.875619	1.12069	1.12099	1.12109	1.13076	1.13203	1.12102	0.951624	0.947885	0.936726	0.947369	0.947351	0.945075	0.87649	0.868873	0.875221	0.867604	0.866852	0.888055	0.852503	0.850521	0.864184	0.842187	0.841993	0.84171	0.916939	0.940235	0.937776	0.933092	0.965724	0.923356	0	0.788534	0.788803	0.8025	0.79755	0.799624	0.87946	0.840746	0.879755	0.876746	0.839601	0.844566	1.11822	1.10534	1.10995	1.10571	1.11054	1.12929	1.11196	1.09454	1.09027	1.08735	1.11665	1.08596	0.848351	0.86078	0.862603	0.862691	0.861959	0.865655	1.13146	1.111	1.11203	1.13083	1.13118	1.11172	1.13892	1.1403	1.13019	1.1305	1.13132	1.13951	1.10899	1.10783	1.11856	1.11667	1.11721	1.11495	1.14525	1.12281	1.12491	1.13883	1.13424	1.12368	1.11032	1.11057	1.12039	1.1196	1.11894	1.11039
ERR636891	0.877866	0.858164	0.859684	0.851436	0.860543	0.859892	1.10562	1.10565	1.10563	1.11627	1.11726	1.10578	0.938703	0.935521	0.922427	0.934354	0.934998	0.931799	0.865506	0.85719	0.8642	0.855735	0.854971	0.878023	0.836177	0.834893	0.850047	0.825055	0.824818	0.824594	0.903197	0.92744	0.924814	0.920312	0.955103	0.909653	0.788534	0	0.765691	0.790027	0.777927	0.786289	0.868762	0.824674	0.86904	0.866078	0.823466	0.829289	1.10234	1.08883	1.09353	1.08936	1.09458	1.11426	1.09995	1.08161	1.07735	1.07435	1.10509	1.07284	0.826273	0.83954	0.842522	0.842184	0.841737	0.845538	1.117	1.09552	1.09616	1.11635	1.11671	1.09613	1.12631	1.12766	1.11677	1.11709	1.11782	1.12658	1.09314	1.09172	1.10362	1.10189	1.10203	1.09982	1.13062	1.10677	1.10906	1.12402	1.11911	1.10788	1.09378	1.09427	1.10449	1.10377	1.10332	1.09379
ERR636890	0.878921	0.857469	0.858534	0.849614	0.858967	0.858047	1.1048	1.10478	1.10491	1.11596	1.11676	1.10493	0.938457	0.936391	0.922207	0.934534	0.936498	0.932108	0.864439	0.857081	0.864352	0.855852	0.854839	0.87745	0.833917	0.834222	0.848199	0.824154	0.823193	0.823258	0.902568	0.926125	0.924025	0.92031	0.956012	0.910113	0.788803	0.765691	0	0.789686	0.777135	0.786042	0.86713	0.822361	0.867606	0.863986	0.82227	0.828334	1.1018	1.08817	1.09283	1.08877	1.09407	1.11403	1.09784	1.07894	1.07549	1.0729	1.10308	1.07087	0.823942	0.83762	0.841237	0.840636	0.840327	0.842859	1.11639	1.0955	1.09601	1.11585	1.1161	1.09585	1.12315	1.12448	1.11388	1.11437	1.11491	1.12356	1.09211	1.09078	1.10321	1.10197	1.10221	1.09997	1.12695	1.10408	1.10596	1.12109	1.11582	1.10512	1.09138	1.09174	1.10242	1.10168	1.10211	1.09133
ERR636893	0.890741	0.874785	0.876629	0.869796	0.877094	0.876348	1.12139	1.12132	1.12164	1.13157	1.13256	1.12173	0.95261	0.949366	0.937605	0.948672	0.948994	0.946161	0.877318	0.869692	0.875896	0.868462	0.867855	0.88852	0.853539	0.851947	0.865095	0.843365	0.84327	0.842542	0.918907	0.942106	0.939462	0.934933	0.967678	0.925577	0.8025	0.790027	0.789686	0	0.79888	0.801221	0.880593	0.841914	0.88052	0.877691	0.840828	0.846196	1.11909	1.10648	1.11058	1.10671	1.11168	1.13053	1.11231	1.09493	1.09044	1.08768	1.11712	1.08615	0.849541	0.861599	0.863791	0.863545	0.862923	0.866669	1.1323	1.11208	1.11255	1.1318	1.13182	1.11268	1.13926	1.14026	1.13048	1.13086	1.13164	1.1397	1.10975	1.10832	1.11944	1.11763	1.11782	1.11572	1.14531	1.12302	1.12502	1.13926	1.13466	1.12393	1.11071	1.11089	1.12053	1.11991	1.11955	1.11057
ERR636889	0.885381	0.867544	0.868889	0.861499	0.869449	0.868931	1.11536	1.11525	1.1156	1.12565	1.12679	1.11579	0.9479	0.945269	0.932362	0.944109	0.9449	0.941874	0.87146	0.864119	0.870827	0.863014	0.862294	0.88371	0.845137	0.844349	0.857537	0.835399	0.834925	0.834571	0.91241	0.9359	0.933244	0.929465	0.963644	0.91978	0.79755	0.777927	0.777135	0.79888	0	0.795435	0.873864	0.833461	0.874277	0.871243	0.832846	0.83834	1.11364	1.10043	1.10479	1.10084	1.10591	1.12502	1.10673	1.08859	1.08462	1.08211	1.11141	1.08028	0.839034	0.851398	0.854078	0.853701	0.853817	0.85644	1.12652	1.10604	1.10679	1.12576	1.12618	1.10684	1.13255	1.13363	1.12364	1.124	1.12464	1.13303	1.10319	1.10214	1.11359	1.11206	1.11228	1.11029	1.13821	1.11575	1.11786	1.13221	1.12734	1.11678	1.10349	1.10364	1.11369	1.11294	1.11283	1.10324
ERR636892	0.888381	0.87256	0.874305	0.867043	0.874672	0.873883	1.11927	1.11934	1.11962	1.12952	1.13072	1.1196	0.950448	0.946652	0.935305	0.946158	0.946501	0.943841	0.87502	0.867143	0.87394	0.866143	0.865386	0.886499	0.850454	0.84912	0.862727	0.840285	0.839777	0.839296	0.915917	0.939643	0.93682	0.932143	0.965223	0.922689	0.799624	0.786289	0.786042	0.801221	0.795435	0	0.878021	0.839189	0.878723	0.875385	0.837917	0.842609	1.11693	1.10415	1.10853	1.10442	1.1094	1.12826	1.11074	1.09312	1.08877	1.08611	1.11514	1.08449	0.846205	0.858658	0.860681	0.860338	0.860339	0.863465	1.13022	1.10975	1.11027	1.12971	1.13011	1.11041	1.1377	1.13914	1.1289	1.12921	1.12998	1.13786	1.10743	1.10639	1.11758	1.11559	1.11583	1.11364	1.14387	1.12104	1.12318	1.13749	1.13266	1.12221	1.1085	1.10899	1.11887	1.11813	1.11743	1.10854
ERR636802	0.927477	0.912598	0.91258	0.907673	0.912403	0.912188	1.14723	1.14695	1.14735	1.15704	1.15758	1.14726	0.990695	0.990089	0.977942	0.98801	0.990144	0.985821	0.886426	0.881469	0.886428	0.880561	0.880406	0.896076	0.875976	0.876008	0.885617	0.869564	0.868879	0.868932	0.956625	0.975876	0.973655	0.971962	1.00242	0.963414	0.87946	0.868762	0.86713	0.880593	0.873864	0.878021	0	0.818079	0.849189	0.846208	0.818489	0.822364	1.15185	1.13983	1.14398	1.13989	1.14524	1.16326	1.13579	1.11884	1.11609	1.11383	1.14077	1.11184	0.863861	0.873076	0.874398	0.874473	0.874784	0.875368	1.16208	1.14437	1.14501	1.1617	1.162	1.14472	1.15207	1.15307	1.14463	1.14496	1.14552	1.15247	1.13768	1.13602	1.14693	1.14628	1.14671	1.14475	1.16232	1.14286	1.14468	1.15796	1.15326	1.14404	1.13297	1.13328	1.14259	1.14243	1.14327	1.13303
ERR636800	0.89243	0.87173	0.872699	0.864492	0.873095	0.872158	1.11622	1.11604	1.11643	1.12704	1.12762	1.1162	0.957511	0.955695	0.94119	0.953663	0.955563	0.951288	0.85244	0.845117	0.851965	0.844252	0.843233	0.865035	0.836116	0.836161	0.849981	0.826688	0.826058	0.82563	0.924866	0.948862	0.946758	0.943037	0.979191	0.932523	0.840746	0.824674	0.822361	0.841914	0.833461	0.839189	0.818079	0	0.819589	0.816079	0.767811	0.773429	1.12156	1.10725	1.11207	1.10782	1.11337	1.13426	1.10831	1.08894	1.08577	1.0835	1.11361	1.08174	0.814975	0.828668	0.831107	0.830852	0.830717	0.832723	1.13296	1.11258	1.11308	1.13237	1.13264	1.11303	1.12965	1.13124	1.12109	1.12141	1.12185	1.13041	1.10497	1.1036	1.11578	1.11457	1.11505	1.11283	1.1349	1.11243	1.11459	1.12961	1.12421	1.11378	1.10088	1.10131	1.11192	1.11116	1.11194	1.10098
ERR636804	0.928732	0.913467	0.914143	0.909231	0.9139	0.91367	1.14792	1.14758	1.14795	1.15724	1.15794	1.14779	0.99095	0.990137	0.978007	0.988158	0.990262	0.986375	0.888265	0.883183	0.88789	0.881899	0.881416	0.897753	0.876696	0.876343	0.886199	0.869873	0.868952	0.869078	0.957169	0.975661	0.973874	0.972097	1.00226	0.963435	0.879755	0.86904	0.867606	0.88052	0.874277	0.878723	0.849189	0.819589	0	0.847326	0.82027	0.823446	1.15221	1.13991	1.14418	1.14014	1.14565	1.16347	1.13663	1.1194	1.11665	1.11437	1.14138	1.11283	0.865436	0.874858	0.876826	0.876618	0.876452	0.87766	1.1626	1.14468	1.14518	1.16192	1.16203	1.14503	1.15288	1.15387	1.14561	1.14591	1.14628	1.15331	1.13806	1.13667	1.14781	1.1468	1.1472	1.14508	1.16352	1.14354	1.14509	1.15873	1.15398	1.14474	1.13368	1.13435	1.14376	1.14324	1.14408	1.13396
ERR636803	0.92567	0.91036	0.910613	0.905479	0.910887	0.910477	1.14544	1.14533	1.1456	1.15505	1.15589	1.14562	0.987968	0.987237	0.975488	0.985366	0.987322	0.983165	0.885165	0.880422	0.884573	0.879108	0.878679	0.894958	0.873522	0.873381	0.883364	0.866785	0.866019	0.865952	0.954141	0.973804	0.971909	0.969797	1.00057	0.961057	0.876746	0.866078	0.863986	0.877691	0.871243	0.875385	0.846208	0.816079	0.847326	0	0.816791	0.819519	1.15027	1.13745	1.14194	1.13779	1.14326	1.16132	1.13463	1.117	1.11443	1.11199	1.13926	1.1105	0.86185	0.87118	0.872643	0.872501	0.872682	0.873819	1.16056	1.14248	1.14304	1.15976	1.15992	1.14291	1.15097	1.15205	1.14357	1.14382	1.14439	1.1515	1.13573	1.13427	1.1453	1.14435	1.14485	1.14286	1.1612	1.14117	1.14295	1.15645	1.15165	1.14234	1.13108	1.13151	1.14132	1.14065	1.14168	1.13156
ERR636801	0.890935	0.871355	0.872411	0.864396	0.872745	0.872013	1.11531	1.11528	1.11529	1.12581	1.12685	1.11535	0.956481	0.953727	0.939897	0.952547	0.953118	0.94968	0.852741	0.845127	0.851557	0.843834	0.842818	0.86524	0.836355	0.835893	0.850272	0.826316	0.825682	0.825229	0.92475	0.948818	0.946834	0.942463	0.977946	0.932166	0.839601	0.823466	0.82227	0.840828	0.832846	0.837917	0.818489	0.767811	0.82027	0.816791	0	0.773749	1.12069	1.10652	1.11147	1.10697	1.11274	1.13348	1.10848	1.08945	1.08593	1.0834	1.1135	1.08171	0.815525	0.82878	0.831242	0.831	0.830817	0.833327	1.13242	1.1113	1.11193	1.13154	1.13186	1.1118	1.13114	1.1324	1.12218	1.12267	1.12322	1.13175	1.10429	1.10261	1.11464	1.11292	1.11331	1.1111	1.13646	1.11317	1.1154	1.13056	1.12531	1.11449	1.10129	1.1015	1.11199	1.11135	1.11147	1.10117
ERR636799	0.895709	0.876655	0.877726	0.870167	0.878435	0.877732	1.12035	1.12019	1.1206	1.13086	1.13175	1.12037	0.96117	0.958403	0.945117	0.956849	0.958218	0.954776	0.856628	0.848936	0.855356	0.847626	0.846905	0.868453	0.841934	0.841164	0.854667	0.831626	0.831056	0.83097	0.92892	0.952895	0.950293	0.946369	0.981694	0.936217	0.844566	0.829289	0.828334	0.846196	0.83834	0.842609	0.822364	0.773429	0.823446	0.819519	0.773749	0	1.12551	1.11157	1.11631	1.11203	1.11775	1.1381	1.11241	1.09371	1.09017	1.08784	1.11735	1.08594	0.82225	0.835097	0.837107	0.836747	0.836779	0.839439	1.13671	1.11646	1.11692	1.13616	1.13668	1.11693	1.13484	1.13608	1.12615	1.12665	1.12705	1.13533	1.10921	1.10784	1.11945	1.11802	1.11842	1.11615	1.14071	1.11819	1.12013	1.13484	1.12984	1.11942	1.10641	1.10674	1.11688	1.11616	1.11657	1.10612
