	ERR637038	ERR637037	ERR637036	ERR637033	ERR637034	ERR637035	ERR630047	ERR630042	ERR630044	ERR630046	ERR630045	ERR630043	ERR629807	ERR629811	ERR629809	ERR629806	ERR629810	ERR629808	ERR613041	ERR613042	ERR613046	ERR613045	ERR613043	ERR613044	ERR636741	ERR636740	ERR636742	ERR636743	ERR636739	ERR636744	ERR608852	ERR608851	ERR608848	ERR608849	ERR608847	ERR608850	ERR607805	ERR607808	ERR607806	ERR607810	ERR607809	ERR607807	ERR618694	ERR618693	ERR618695	ERR618696	ERR618698	ERR618697	ERR629692	ERR629693	ERR629696	ERR629694	ERR629697	ERR629695	ERR626703	ERR626698	ERR626699	ERR626700	ERR626701	ERR626702	ERR609228	ERR609225	ERR609227	ERR609224	ERR609226	ERR609223	ERR630250	ERR630251	ERR630253	ERR630252	ERR630248	ERR630249	ERR612958	ERR612962	ERR612961	ERR612960	ERR612959	ERR612957	ERR607399	ERR607402	ERR607401	ERR607397	ERR607400	ERR607398	ERR605600	ERR605599	ERR605602	ERR605603	ERR605604	ERR605601	ERR612856	ERR612858	ERR612859	ERR612857	ERR612860	ERR612855
ERR637038	4.75486e+08	3.37379e+08	3.35405e+08	3.19386e+08	3.41628e+08	3.42502e+08	2.78059e+08	2.79726e+08	2.65096e+08	2.62789e+08	2.25869e+08	2.43161e+08	1.50192e+08	1.96937e+08	1.94149e+08	1.81042e+08	1.9207e+08	1.50011e+08	2.69512e+08	2.43546e+08	1.45419e+08	1.49064e+08	2.43092e+08	1.40569e+08	3.13533e+08	3.10771e+08	2.94966e+08	2.96245e+08	2.88068e+08	3.00474e+08	2.98143e+08	2.95107e+08	2.83904e+08	3.12397e+08	2.09507e+08	2.96533e+08	2.6822e+08	2.34652e+08	2.94588e+08	2.4197e+08	2.39258e+08	2.98026e+08	2.40478e+08	2.58054e+08	2.42345e+08	2.52702e+08	2.61832e+08	2.55189e+08	1.9021e+08	1.57516e+08	1.99949e+08	1.58159e+08	2.02859e+08	2.00743e+08	1.795e+08	2.01378e+08	1.81776e+08	1.43745e+08	1.77957e+08	1.79449e+08	1.93095e+08	1.79965e+08	1.95081e+08	1.9213e+08	1.58104e+08	1.95896e+08	1.46328e+08	1.28427e+08	1.23015e+08	1.37168e+08	1.82655e+08	1.54292e+08	1.40704e+08	1.52625e+08	1.44765e+08	1.55348e+08	1.96288e+08	2.17944e+08	2.41261e+08	1.61017e+08	1.70437e+08	1.52161e+08	1.66636e+08	2.23843e+08	2.05878e+08	2.19187e+08	1.99807e+08	2.03708e+08	1.993e+08	1.92211e+08	1.1688e+08	1.29148e+08	1.20138e+08	1.63038e+08	1.25204e+08	1.79663e+08
ERR637037	3.37379e+08	4.65717e+08	3.31432e+08	3.15688e+08	3.37657e+08	3.38448e+08	2.74912e+08	2.76385e+08	2.62107e+08	2.59897e+08	2.23404e+08	2.40359e+08	1.48067e+08	1.94092e+08	1.91307e+08	1.78424e+08	1.89161e+08	1.47704e+08	2.66159e+08	2.40515e+08	1.43627e+08	1.47319e+08	2.40073e+08	1.38961e+08	3.09571e+08	3.06789e+08	2.9126e+08	2.92421e+08	2.84558e+08	2.96738e+08	2.9437e+08	2.91222e+08	2.80057e+08	3.08279e+08	2.06922e+08	2.92544e+08	2.64454e+08	2.31519e+08	2.90417e+08	2.3854e+08	2.35799e+08	2.93876e+08	2.37192e+08	2.54349e+08	2.39021e+08	2.49248e+08	2.57995e+08	2.51536e+08	1.8745e+08	1.55247e+08	1.97147e+08	1.55769e+08	1.99772e+08	1.97698e+08	1.76846e+08	1.98291e+08	1.79052e+08	1.41543e+08	1.75237e+08	1.76656e+08	1.90329e+08	1.77424e+08	1.92138e+08	1.89311e+08	1.55739e+08	1.93111e+08	1.44095e+08	1.26513e+08	1.21251e+08	1.35171e+08	1.79815e+08	1.5188e+08	1.38747e+08	1.50499e+08	1.42798e+08	1.53227e+08	1.93664e+08	2.14795e+08	2.37672e+08	1.58525e+08	1.67927e+08	1.49901e+08	1.64146e+08	2.20519e+08	2.0308e+08	2.16006e+08	1.96951e+08	2.0079e+08	1.96395e+08	1.89417e+08	1.15184e+08	1.27268e+08	1.18444e+08	1.60676e+08	1.23302e+08	1.77004e+08
ERR637036	3.35405e+08	3.31432e+08	4.60343e+08	3.13728e+08	3.35581e+08	3.36326e+08	2.73347e+08	2.74932e+08	2.60538e+08	2.58522e+08	2.22147e+08	2.38971e+08	1.46857e+08	1.92684e+08	1.89863e+08	1.77133e+08	1.87854e+08	1.46658e+08	2.64359e+08	2.38844e+08	1.42643e+08	1.46385e+08	2.38459e+08	1.37992e+08	3.07532e+08	3.04802e+08	2.89334e+08	2.90584e+08	2.82836e+08	2.94672e+08	2.92378e+08	2.89178e+08	2.78349e+08	3.06291e+08	2.0571e+08	2.90566e+08	2.62871e+08	2.30027e+08	2.88619e+08	2.36939e+08	2.34337e+08	2.91953e+08	2.3574e+08	2.5283e+08	2.37523e+08	2.47767e+08	2.56462e+08	2.50048e+08	1.863e+08	1.54196e+08	1.95613e+08	1.54657e+08	1.9834e+08	1.963e+08	1.75325e+08	1.96747e+08	1.77626e+08	1.40448e+08	1.73776e+08	1.7517e+08	1.88725e+08	1.76046e+08	1.90702e+08	1.87831e+08	1.54526e+08	1.91516e+08	1.43199e+08	1.25648e+08	1.20504e+08	1.34184e+08	1.78571e+08	1.50887e+08	1.3783e+08	1.49515e+08	1.41695e+08	1.52161e+08	1.92362e+08	2.13346e+08	2.35895e+08	1.57484e+08	1.66615e+08	1.4878e+08	1.62903e+08	2.18948e+08	2.01602e+08	2.14578e+08	1.95629e+08	1.99346e+08	1.95033e+08	1.88099e+08	1.14377e+08	1.26261e+08	1.17583e+08	1.59504e+08	1.22445e+08	1.75626e+08
ERR637033	3.19386e+08	3.15688e+08	3.13728e+08	4.25338e+08	3.21539e+08	3.2239e+08	2.61169e+08	2.62465e+08	2.48982e+08	2.46956e+08	2.12591e+08	2.28436e+08	1.39266e+08	1.82545e+08	1.79785e+08	1.67724e+08	1.7783e+08	1.38929e+08	2.51496e+08	2.27409e+08	1.3605e+08	1.39567e+08	2.27052e+08	1.315e+08	2.93093e+08	2.90611e+08	2.75826e+08	2.7674e+08	2.69659e+08	2.80798e+08	2.78393e+08	2.75361e+08	2.65237e+08	2.91637e+08	1.96309e+08	2.76775e+08	2.50123e+08	2.18736e+08	2.74548e+08	2.25388e+08	2.22887e+08	2.77794e+08	2.24157e+08	2.40357e+08	2.25928e+08	2.35581e+08	2.43921e+08	2.37833e+08	1.76242e+08	1.46054e+08	1.85376e+08	1.46554e+08	1.87755e+08	1.85834e+08	1.66098e+08	1.86437e+08	1.6833e+08	1.3313e+08	1.64772e+08	1.66022e+08	1.7889e+08	1.66969e+08	1.80707e+08	1.78025e+08	1.46412e+08	1.81579e+08	1.35605e+08	1.19066e+08	1.14202e+08	1.2716e+08	1.69232e+08	1.43065e+08	1.30982e+08	1.41847e+08	1.34602e+08	1.445e+08	1.82823e+08	2.02686e+08	2.2351e+08	1.4918e+08	1.57904e+08	1.4125e+08	1.54424e+08	2.0749e+08	1.91582e+08	2.03936e+08	1.85977e+08	1.89668e+08	1.85528e+08	1.78956e+08	1.08419e+08	1.19571e+08	1.11408e+08	1.51218e+08	1.15875e+08	1.66395e+08
ERR637034	3.41628e+08	3.37657e+08	3.35581e+08	3.21539e+08	4.79843e+08	3.44656e+08	2.78838e+08	2.80668e+08	2.6606e+08	2.63526e+08	2.26384e+08	2.43867e+08	1.51629e+08	1.98609e+08	1.95861e+08	1.82673e+08	1.937e+08	1.51309e+08	2.71081e+08	2.44861e+08	1.46078e+08	1.49834e+08	2.44276e+08	1.41277e+08	3.14693e+08	3.12346e+08	2.9605e+08	2.97332e+08	2.89418e+08	3.01748e+08	2.9962e+08	2.96353e+08	2.85312e+08	3.14146e+08	2.10283e+08	2.9781e+08	2.6988e+08	2.35995e+08	2.96536e+08	2.43469e+08	2.40691e+08	2.99752e+08	2.41957e+08	2.59655e+08	2.43969e+08	2.54459e+08	2.63408e+08	2.56877e+08	1.91939e+08	1.58789e+08	2.01666e+08	1.59523e+08	2.04499e+08	2.02353e+08	1.8121e+08	2.03361e+08	1.83552e+08	1.44981e+08	1.79665e+08	1.81106e+08	1.94823e+08	1.81417e+08	1.96713e+08	1.93729e+08	1.59508e+08	1.976e+08	1.47546e+08	1.29586e+08	1.24035e+08	1.38429e+08	1.8424e+08	1.55572e+08	1.41911e+08	1.53869e+08	1.46069e+08	1.56795e+08	1.98158e+08	2.19886e+08	2.43542e+08	1.62385e+08	1.72042e+08	1.53219e+08	1.68049e+08	2.25903e+08	2.07454e+08	2.20797e+08	2.01327e+08	2.05325e+08	2.0082e+08	1.9356e+08	1.18024e+08	1.304e+08	1.21418e+08	1.64624e+08	1.26316e+08	1.81293e+08
ERR637035	3.42502e+08	3.38448e+08	3.36326e+08	3.2239e+08	3.44656e+08	4.81591e+08	2.80931e+08	2.81779e+08	2.67321e+08	2.65429e+08	2.28158e+08	2.45211e+08	1.51982e+08	1.99141e+08	1.96317e+08	1.83013e+08	1.94143e+08	1.51659e+08	2.71788e+08	2.45917e+08	1.46764e+08	1.50528e+08	2.45393e+08	1.41911e+08	3.16173e+08	3.13112e+08	2.97142e+08	2.98157e+08	2.90392e+08	3.02558e+08	3.00322e+08	2.96959e+08	2.85971e+08	3.14607e+08	2.11518e+08	2.98646e+08	2.70066e+08	2.36123e+08	2.965e+08	2.43434e+08	2.40545e+08	3.00172e+08	2.42724e+08	2.60127e+08	2.44534e+08	2.54925e+08	2.6387e+08	2.57361e+08	1.92262e+08	1.59378e+08	2.02296e+08	1.59955e+08	2.05137e+08	2.02849e+08	1.81115e+08	2.03324e+08	1.8354e+08	1.45457e+08	1.79519e+08	1.80924e+08	1.95485e+08	1.82424e+08	1.97262e+08	1.94518e+08	1.5971e+08	1.98183e+08	1.48244e+08	1.30236e+08	1.24837e+08	1.3903e+08	1.85006e+08	1.56358e+08	1.42129e+08	1.54001e+08	1.46081e+08	1.56766e+08	1.98357e+08	2.19858e+08	2.43886e+08	1.62877e+08	1.72429e+08	1.54285e+08	1.68464e+08	2.26371e+08	2.08195e+08	2.21612e+08	2.01981e+08	2.0611e+08	2.01506e+08	1.94495e+08	1.18242e+08	1.30418e+08	1.2136e+08	1.64944e+08	1.2642e+08	1.81436e+08
ERR630047	2.78059e+08	2.74912e+08	2.73347e+08	2.61169e+08	2.78838e+08	2.80931e+08	3.81428e+08	2.62864e+08	2.49073e+08	2.50863e+08	2.16331e+08	2.29632e+08	1.29924e+08	1.70166e+08	1.6735e+08	1.56068e+08	1.65709e+08	1.29417e+08	2.36559e+08	2.15004e+08	1.2927e+08	1.32446e+08	2.14716e+08	1.24697e+08	2.754e+08	2.71858e+08	2.58584e+08	2.59351e+08	2.52917e+08	2.63103e+08	2.58546e+08	2.55913e+08	2.46638e+08	2.70105e+08	1.84672e+08	2.56743e+08	2.32061e+08	2.02238e+08	2.53578e+08	2.0773e+08	2.05327e+08	2.58126e+08	2.09434e+08	2.2388e+08	2.10598e+08	2.19038e+08	2.26433e+08	2.21089e+08	1.64864e+08	1.37116e+08	1.7359e+08	1.37209e+08	1.76034e+08	1.73996e+08	1.53246e+08	1.72302e+08	1.55727e+08	1.24446e+08	1.5175e+08	1.53106e+08	1.67475e+08	1.56958e+08	1.69068e+08	1.6667e+08	1.3601e+08	1.69209e+08	1.28179e+08	1.12737e+08	1.0854e+08	1.20064e+08	1.59686e+08	1.35396e+08	1.20493e+08	1.29673e+08	1.23195e+08	1.32006e+08	1.68138e+08	1.85602e+08	2.07797e+08	1.3949e+08	1.47444e+08	1.33644e+08	1.43963e+08	1.93848e+08	1.78626e+08	1.89783e+08	1.73019e+08	1.76485e+08	1.72561e+08	1.66897e+08	1.0073e+08	1.10226e+08	1.02734e+08	1.40418e+08	1.06919e+08	1.53952e+08
ERR630042	2.79726e+08	2.76385e+08	2.74932e+08	2.62465e+08	2.80668e+08	2.81779e+08	2.62864e+08	3.81298e+08	2.50462e+08	2.48453e+08	2.14087e+08	2.30188e+08	1.30688e+08	1.71297e+08	1.68516e+08	1.573e+08	1.66919e+08	1.30305e+08	2.36822e+08	2.14624e+08	1.2853e+08	1.31805e+08	2.14347e+08	1.24116e+08	2.74826e+08	2.72125e+08	2.5826e+08	2.59278e+08	2.524e+08	2.63111e+08	2.59563e+08	2.56827e+08	2.47136e+08	2.71583e+08	1.83487e+08	2.5764e+08	2.32821e+08	2.03418e+08	2.55089e+08	2.09362e+08	2.06884e+08	2.58585e+08	2.09777e+08	2.24737e+08	2.11236e+08	2.20075e+08	2.27634e+08	2.22033e+08	1.65965e+08	1.37514e+08	1.74575e+08	1.38065e+08	1.7704e+08	1.7508e+08	1.55259e+08	1.74453e+08	1.57493e+08	1.25008e+08	1.53835e+08	1.55162e+08	1.68307e+08	1.57056e+08	1.6985e+08	1.67449e+08	1.37458e+08	1.70412e+08	1.28272e+08	1.12648e+08	1.08131e+08	1.20281e+08	1.60047e+08	1.353e+08	1.21065e+08	1.30977e+08	1.24275e+08	1.33279e+08	1.69003e+08	1.87131e+08	2.09185e+08	1.39977e+08	1.48064e+08	1.32896e+08	1.44743e+08	1.94577e+08	1.78833e+08	1.90232e+08	1.73339e+08	1.76808e+08	1.72813e+08	1.66894e+08	1.01241e+08	1.11431e+08	1.0361e+08	1.41092e+08	1.0785e+08	1.55228e+08
ERR630044	2.65096e+08	2.62107e+08	2.60538e+08	2.48982e+08	2.6606e+08	2.67321e+08	2.49073e+08	2.50462e+08	3.48697e+08	2.35573e+08	2.03102e+08	2.1841e+08	1.23437e+08	1.61879e+08	1.59379e+08	1.48674e+08	1.57642e+08	1.23188e+08	2.23696e+08	2.02721e+08	1.21616e+08	1.24728e+08	2.02539e+08	1.17515e+08	2.59651e+08	2.57129e+08	2.4409e+08	2.45117e+08	2.38695e+08	2.48616e+08	2.45244e+08	2.42677e+08	2.33818e+08	2.56769e+08	1.73671e+08	2.43576e+08	2.20088e+08	1.92449e+08	2.41041e+08	1.9797e+08	1.95561e+08	2.44354e+08	1.98414e+08	2.12666e+08	1.99924e+08	2.08156e+08	2.15254e+08	2.10049e+08	1.56668e+08	1.29961e+08	1.6485e+08	1.3037e+08	1.6724e+08	1.6537e+08	1.46593e+08	1.64679e+08	1.48673e+08	1.18111e+08	1.45284e+08	1.46515e+08	1.59112e+08	1.48468e+08	1.60569e+08	1.58383e+08	1.29877e+08	1.61151e+08	1.21154e+08	1.06436e+08	1.02208e+08	1.1359e+08	1.51274e+08	1.27818e+08	1.14426e+08	1.23801e+08	1.17523e+08	1.25923e+08	1.59695e+08	1.76763e+08	1.97652e+08	1.3228e+08	1.39881e+08	1.2564e+08	1.36702e+08	1.838e+08	1.69059e+08	1.79794e+08	1.63845e+08	1.67145e+08	1.63405e+08	1.57802e+08	9.57044e+07	1.05317e+08	9.79871e+07	1.33381e+08	1.02067e+08	1.46604e+08
ERR630046	2.62789e+08	2.59897e+08	2.58522e+08	2.46956e+08	2.63526e+08	2.65429e+08	2.50863e+08	2.48453e+08	2.35573e+08	3.46107e+08	2.04708e+08	2.17288e+08	1.21879e+08	1.59493e+08	1.56827e+08	1.4622e+08	1.55269e+08	1.21281e+08	2.22585e+08	2.02266e+08	1.21858e+08	1.24864e+08	2.02046e+08	1.17589e+08	2.59549e+08	2.56105e+08	2.43677e+08	2.44477e+08	2.38226e+08	2.47899e+08	2.43683e+08	2.41003e+08	2.32526e+08	2.54427e+08	1.7431e+08	2.42054e+08	2.18526e+08	1.90533e+08	2.38634e+08	1.95589e+08	1.93343e+08	2.4296e+08	1.9706e+08	2.10623e+08	1.98282e+08	2.06048e+08	2.13151e+08	2.08021e+08	1.5448e+08	1.28358e+08	1.6249e+08	1.28534e+08	1.65037e+08	1.63044e+08	1.43593e+08	1.61445e+08	1.45927e+08	1.16565e+08	1.42141e+08	1.43433e+08	1.56872e+08	1.46999e+08	1.58452e+08	1.55973e+08	1.27413e+08	1.58356e+08	1.19917e+08	1.05465e+08	1.01708e+08	1.12365e+08	1.49484e+08	1.26866e+08	1.1307e+08	1.21607e+08	1.15521e+08	1.23791e+08	1.57669e+08	1.74176e+08	1.94862e+08	1.30835e+08	1.38295e+08	1.25426e+08	1.35054e+08	1.81722e+08	1.67545e+08	1.78066e+08	1.62236e+08	1.65664e+08	1.61914e+08	1.56592e+08	9.43911e+07	1.03332e+08	9.62512e+07	1.31419e+08	1.00095e+08	1.44135e+08
ERR630045	2.25869e+08	2.23404e+08	2.22147e+08	2.12591e+08	2.26384e+08	2.28158e+08	2.16331e+08	2.14087e+08	2.03102e+08	2.04708e+08	2.69518e+08	1.87695e+08	1.02926e+08	1.34713e+08	1.32479e+08	1.23459e+08	1.31095e+08	1.02443e+08	1.90501e+08	1.73236e+08	1.04886e+08	1.07461e+08	1.7305e+08	1.01169e+08	2.22912e+08	2.20031e+08	2.09563e+08	2.10148e+08	2.04973e+08	2.13064e+08	2.09322e+08	2.07157e+08	1.99942e+08	2.18616e+08	1.50522e+08	2.07965e+08	1.87127e+08	1.63164e+08	2.04293e+08	1.67562e+08	1.65579e+08	2.07845e+08	1.68704e+08	1.8003e+08	1.6961e+08	1.76239e+08	1.82231e+08	1.77898e+08	1.30415e+08	1.08512e+08	1.37286e+08	1.08697e+08	1.39359e+08	1.3769e+08	1.21218e+08	1.36248e+08	1.23192e+08	9.84851e+07	1.20121e+08	1.21091e+08	1.32483e+08	1.2413e+08	1.33779e+08	1.31793e+08	1.07567e+08	1.33813e+08	1.01388e+08	8.91516e+07	8.59363e+07	9.50457e+07	1.26394e+08	1.07127e+08	9.5691e+07	1.02852e+08	9.77367e+07	1.04772e+08	1.33446e+08	1.47223e+08	1.6471e+08	1.10657e+08	1.16929e+08	1.06202e+08	1.14221e+08	1.53648e+08	1.41844e+08	1.50643e+08	1.37309e+08	1.40086e+08	1.36993e+08	1.32505e+08	7.97126e+07	8.73055e+07	8.12966e+07	1.1114e+08	8.45796e+07	1.218e+08
ERR630043	2.43161e+08	2.40359e+08	2.38971e+08	2.28436e+08	2.43867e+08	2.45211e+08	2.29632e+08	2.30188e+08	2.1841e+08	2.17288e+08	1.87695e+08	3.01377e+08	1.11933e+08	1.4658e+08	1.44173e+08	1.34482e+08	1.42727e+08	1.11417e+08	2.04211e+08	1.85301e+08	1.11506e+08	1.14321e+08	1.851e+08	1.07677e+08	2.37925e+08	2.35475e+08	2.2372e+08	2.24517e+08	2.18844e+08	2.27752e+08	2.24524e+08	2.22047e+08	2.14104e+08	2.34621e+08	1.59756e+08	2.22787e+08	2.00739e+08	1.75469e+08	2.1973e+08	1.80546e+08	1.7835e+08	2.23026e+08	1.8116e+08	1.93758e+08	1.82211e+08	1.89746e+08	1.96283e+08	1.91395e+08	1.41931e+08	1.17793e+08	1.49453e+08	1.18101e+08	1.51595e+08	1.49783e+08	1.32488e+08	1.4888e+08	1.34618e+08	1.07089e+08	1.31309e+08	1.32501e+08	1.44044e+08	1.34587e+08	1.45461e+08	1.43363e+08	1.17491e+08	1.45681e+08	1.09889e+08	9.6516e+07	9.27551e+07	1.02999e+08	1.37072e+08	1.1603e+08	1.03622e+08	1.11854e+08	1.06138e+08	1.13929e+08	1.44522e+08	1.5984e+08	1.79028e+08	1.19984e+08	1.269e+08	1.14195e+08	1.24013e+08	1.66711e+08	1.53114e+08	1.62852e+08	1.48494e+08	1.51379e+08	1.48078e+08	1.43078e+08	8.66479e+07	9.53896e+07	8.86999e+07	1.20777e+08	9.22902e+07	1.32686e+08
ERR629807	1.50192e+08	1.48067e+08	1.46857e+08	1.39266e+08	1.51629e+08	1.51982e+08	1.29924e+08	1.30688e+08	1.23437e+08	1.21879e+08	1.02926e+08	1.11933e+08	3.52705e+08	3.05928e+08	3.02297e+08	2.84507e+08	2.9895e+08	2.39972e+08	1.67701e+08	1.50619e+08	8.94762e+07	9.15521e+07	1.50093e+08	8.66243e+07	1.71494e+08	1.69444e+08	1.59104e+08	1.59979e+08	1.55463e+08	1.62754e+08	1.62548e+08	1.60995e+08	1.55023e+08	1.71229e+08	1.12359e+08	1.61803e+08	1.75394e+08	1.53603e+08	1.93457e+08	1.5875e+08	1.57111e+08	1.94863e+08	1.57967e+08	1.69691e+08	1.59416e+08	1.66311e+08	1.72446e+08	1.68155e+08	2.24758e+08	1.88179e+08	2.35626e+08	1.88551e+08	2.38291e+08	2.35983e+08	2.40204e+08	2.66685e+08	2.42808e+08	1.95508e+08	2.3836e+08	2.40264e+08	2.59253e+08	2.42256e+08	2.61938e+08	2.58268e+08	2.15243e+08	2.63168e+08	1.84346e+08	1.62599e+08	1.56184e+08	1.73401e+08	2.28045e+08	1.93989e+08	1.67806e+08	1.82776e+08	1.73722e+08	1.85387e+08	2.29494e+08	2.52977e+08	2.85682e+08	1.94634e+08	2.05675e+08	1.849e+08	2.01685e+08	2.66518e+08	2.36401e+08	2.51199e+08	2.30206e+08	2.34295e+08	2.29598e+08	2.21537e+08	1.63659e+08	1.80158e+08	1.68352e+08	2.23423e+08	1.74658e+08	2.44572e+08
ERR629811	1.96937e+08	1.94092e+08	1.92684e+08	1.82545e+08	1.98609e+08	1.99141e+08	1.70166e+08	1.71297e+08	1.61879e+08	1.59493e+08	1.34713e+08	1.4658e+08	3.05928e+08	5.42232e+08	3.88855e+08	3.64454e+08	3.84283e+08	3.06099e+08	2.17637e+08	1.95127e+08	1.15311e+08	1.18025e+08	1.9456e+08	1.11585e+08	2.22852e+08	2.20401e+08	2.07028e+08	2.07969e+08	2.01823e+08	2.11649e+08	2.11443e+08	2.09255e+08	2.01197e+08	2.22719e+08	1.4529e+08	2.10501e+08	2.2796e+08	1.99519e+08	2.51751e+08	2.06157e+08	2.0404e+08	2.53501e+08	2.0534e+08	2.21008e+08	2.07217e+08	2.16377e+08	2.24413e+08	2.18704e+08	2.89389e+08	2.41797e+08	3.03812e+08	2.42416e+08	3.07264e+08	3.04425e+08	3.09834e+08	3.4442e+08	3.13164e+08	2.5097e+08	3.0746e+08	3.09947e+08	3.34994e+08	3.12765e+08	3.38537e+08	3.33552e+08	2.77539e+08	3.40052e+08	2.37912e+08	2.09695e+08	2.01211e+08	2.23756e+08	2.94939e+08	2.50585e+08	2.16061e+08	2.35516e+08	2.23796e+08	2.39113e+08	2.96884e+08	3.27643e+08	3.69637e+08	2.50556e+08	2.64903e+08	2.37458e+08	2.59574e+08	3.44286e+08	3.0672e+08	3.26013e+08	2.98575e+08	3.0398e+08	2.97587e+08	2.87075e+08	2.09918e+08	2.31584e+08	2.16134e+08	2.87838e+08	2.24341e+08	3.15704e+08
ERR629809	1.94149e+08	1.91307e+08	1.89863e+08	1.79785e+08	1.95861e+08	1.96317e+08	1.6735e+08	1.68516e+08	1.59379e+08	1.56827e+08	1.32479e+08	1.44173e+08	3.02297e+08	3.88855e+08	5.31386e+08	3.60196e+08	3.80901e+08	3.02639e+08	2.15015e+08	1.92931e+08	1.13774e+08	1.16559e+08	1.92206e+08	1.10095e+08	2.19821e+08	2.17441e+08	2.0416e+08	2.05077e+08	1.99176e+08	2.08786e+08	2.08613e+08	2.06609e+08	1.98674e+08	2.20047e+08	1.43221e+08	2.07885e+08	2.25451e+08	1.97391e+08	2.4891e+08	2.04151e+08	2.02003e+08	2.50623e+08	2.02391e+08	2.18079e+08	2.04451e+08	2.13484e+08	2.21596e+08	2.15688e+08	2.85778e+08	2.3866e+08	2.99907e+08	2.39209e+08	3.03255e+08	3.00267e+08	3.06084e+08	3.40319e+08	3.09269e+08	2.47675e+08	3.03749e+08	3.0609e+08	3.30622e+08	3.08224e+08	3.34117e+08	3.29167e+08	2.74001e+08	3.35502e+08	2.34561e+08	2.06768e+08	1.98241e+08	2.20525e+08	2.90685e+08	2.46946e+08	2.13576e+08	2.33258e+08	2.21463e+08	2.3662e+08	2.93542e+08	3.23974e+08	3.64829e+08	2.47205e+08	2.61356e+08	2.34084e+08	2.56192e+08	3.39678e+08	3.02453e+08	3.21627e+08	2.94631e+08	2.99805e+08	2.93698e+08	2.83157e+08	2.07391e+08	2.28929e+08	2.13783e+08	2.84387e+08	2.21882e+08	3.11968e+08
ERR629806	1.81042e+08	1.78424e+08	1.77133e+08	1.67724e+08	1.82673e+08	1.83013e+08	1.56068e+08	1.573e+08	1.48674e+08	1.4622e+08	1.23459e+08	1.34482e+08	2.84507e+08	3.64454e+08	3.60196e+08	4.74899e+08	3.56016e+08	2.84851e+08	2.00861e+08	1.8013e+08	1.06394e+08	1.09009e+08	1.7939e+08	1.0309e+08	2.05226e+08	2.03068e+08	1.90619e+08	1.91559e+08	1.86029e+08	1.9501e+08	1.94739e+08	1.92805e+08	1.85331e+08	2.05257e+08	1.33763e+08	1.93984e+08	2.10456e+08	1.84324e+08	2.32387e+08	1.90555e+08	1.88599e+08	2.33851e+08	1.89216e+08	2.03692e+08	1.91005e+08	1.99454e+08	2.06951e+08	2.0136e+08	2.67785e+08	2.23802e+08	2.80913e+08	2.24238e+08	2.84097e+08	2.81428e+08	2.86986e+08	3.18874e+08	2.899e+08	2.324e+08	2.84665e+08	2.87084e+08	3.09579e+08	2.88894e+08	3.12833e+08	3.08304e+08	2.56925e+08	3.14356e+08	2.19975e+08	1.93816e+08	1.85743e+08	2.06771e+08	2.72447e+08	2.31268e+08	1.99941e+08	2.18084e+08	2.07283e+08	2.21436e+08	2.7442e+08	3.02908e+08	3.41863e+08	2.31973e+08	2.45239e+08	2.19609e+08	2.40288e+08	3.18449e+08	2.83053e+08	3.00861e+08	2.75523e+08	2.8031e+08	2.74768e+08	2.65002e+08	1.94703e+08	2.14785e+08	2.00533e+08	2.6646e+08	2.08124e+08	2.92291e+08
ERR629810	1.9207e+08	1.89161e+08	1.87854e+08	1.7783e+08	1.937e+08	1.94143e+08	1.65709e+08	1.66919e+08	1.57642e+08	1.55269e+08	1.31095e+08	1.42727e+08	2.9895e+08	3.84283e+08	3.80901e+08	3.56016e+08	5.20963e+08	2.99239e+08	2.12677e+08	1.908e+08	1.12627e+08	1.15367e+08	1.90073e+08	1.09018e+08	2.17526e+08	2.15189e+08	2.01882e+08	2.02885e+08	1.96891e+08	2.06517e+08	2.06316e+08	2.04264e+08	1.96466e+08	2.17464e+08	1.41648e+08	2.05546e+08	2.22753e+08	1.9513e+08	2.4605e+08	2.01757e+08	1.99571e+08	2.47826e+08	2.00227e+08	2.15672e+08	2.02163e+08	2.11183e+08	2.19116e+08	2.13486e+08	2.82669e+08	2.36086e+08	2.96509e+08	2.36558e+08	2.99979e+08	2.96935e+08	3.02425e+08	3.3619e+08	3.05588e+08	2.44841e+08	3.0015e+08	3.02482e+08	3.26919e+08	3.04999e+08	3.30299e+08	3.25535e+08	2.70946e+08	3.31723e+08	2.3203e+08	2.04483e+08	1.96046e+08	2.18256e+08	2.87424e+08	2.44111e+08	2.1114e+08	2.3043e+08	2.18801e+08	2.33799e+08	2.89985e+08	3.20021e+08	3.60663e+08	2.44484e+08	2.58462e+08	2.31516e+08	2.53202e+08	3.35881e+08	2.99095e+08	3.17859e+08	2.91243e+08	2.96354e+08	2.90342e+08	2.79934e+08	2.05179e+08	2.26463e+08	2.11469e+08	2.81291e+08	2.19562e+08	3.08444e+08
ERR629808	1.50011e+08	1.47704e+08	1.46658e+08	1.38929e+08	1.51309e+08	1.51659e+08	1.29417e+08	1.30305e+08	1.23188e+08	1.21281e+08	1.02443e+08	1.11417e+08	2.39972e+08	3.06099e+08	3.02639e+08	2.84851e+08	2.99239e+08	3.52956e+08	1.67443e+08	1.50369e+08	8.92247e+07	9.1354e+07	1.49894e+08	8.64734e+07	1.70904e+08	1.69147e+08	1.59032e+08	1.59754e+08	1.55073e+08	1.62498e+08	1.62227e+08	1.60629e+08	1.54566e+08	1.70919e+08	1.11989e+08	1.61586e+08	1.75343e+08	1.53607e+08	1.93462e+08	1.58784e+08	1.57178e+08	1.94646e+08	1.57582e+08	1.69463e+08	1.59068e+08	1.6604e+08	1.72084e+08	1.67745e+08	2.24387e+08	1.87863e+08	2.35323e+08	1.88376e+08	2.38051e+08	2.35754e+08	2.40421e+08	2.66883e+08	2.42911e+08	1.95295e+08	2.38604e+08	2.40403e+08	2.59098e+08	2.42053e+08	2.6197e+08	2.58031e+08	2.15206e+08	2.63014e+08	1.8413e+08	1.62412e+08	1.5591e+08	1.73167e+08	2.27742e+08	1.93719e+08	1.6772e+08	1.82627e+08	1.73618e+08	1.85373e+08	2.2931e+08	2.52773e+08	2.85642e+08	1.94521e+08	2.05568e+08	1.84688e+08	2.01647e+08	2.66336e+08	2.36368e+08	2.50954e+08	2.29977e+08	2.34059e+08	2.29388e+08	2.21218e+08	1.63876e+08	1.80389e+08	1.68684e+08	2.23529e+08	1.74918e+08	2.4491e+08
ERR613041	2.69512e+08	2.66159e+08	2.64359e+08	2.51496e+08	2.71081e+08	2.71788e+08	2.36559e+08	2.36822e+08	2.23696e+08	2.22585e+08	1.90501e+08	2.04211e+08	1.67701e+08	2.17637e+08	2.15015e+08	2.00861e+08	2.12677e+08	1.67443e+08	4.97484e+08	3.25774e+08	2.05661e+08	2.10265e+08	3.25024e+08	2.00419e+08	3.04026e+08	3.01625e+08	2.85631e+08	2.86747e+08	2.79131e+08	2.91047e+08	2.8485e+08	2.81552e+08	2.71548e+08	2.98551e+08	2.0093e+08	2.8314e+08	3.13329e+08	2.77921e+08	3.41101e+08	2.8594e+08	2.83229e+08	3.44278e+08	2.53212e+08	2.71825e+08	2.55408e+08	2.66442e+08	2.75782e+08	2.6911e+08	2.07036e+08	1.72391e+08	2.17503e+08	1.72998e+08	2.20141e+08	2.18168e+08	1.98175e+08	2.21567e+08	2.00522e+08	1.59438e+08	1.96477e+08	1.98171e+08	2.17869e+08	2.03483e+08	2.20198e+08	2.16598e+08	1.7933e+08	2.21152e+08	1.58476e+08	1.39591e+08	1.33736e+08	1.48972e+08	1.96822e+08	1.66887e+08	1.59582e+08	1.7316e+08	1.64486e+08	1.76361e+08	2.21078e+08	2.44882e+08	2.70241e+08	1.82727e+08	1.93271e+08	1.73439e+08	1.89125e+08	2.51605e+08	2.57699e+08	2.72579e+08	2.5137e+08	2.55561e+08	2.50743e+08	2.43015e+08	1.61699e+08	1.75493e+08	1.65506e+08	2.13244e+08	1.70935e+08	2.32078e+08
ERR613042	2.43546e+08	2.40515e+08	2.38844e+08	2.27409e+08	2.44861e+08	2.45917e+08	2.15004e+08	2.14624e+08	2.02721e+08	2.02266e+08	1.73236e+08	1.85301e+08	1.50619e+08	1.95127e+08	1.92931e+08	1.8013e+08	1.908e+08	1.50369e+08	3.25774e+08	4.2252e+08	1.89525e+08	1.93745e+08	2.96991e+08	1.84663e+08	2.75757e+08	2.73201e+08	2.59183e+08	2.60014e+08	2.5325e+08	2.63958e+08	2.57539e+08	2.54657e+08	2.45565e+08	2.69513e+08	1.8269e+08	2.55802e+08	2.8472e+08	2.52801e+08	3.0932e+08	2.59737e+08	2.57174e+08	3.12543e+08	2.28958e+08	2.45615e+08	2.30915e+08	2.40543e+08	2.48881e+08	2.4301e+08	1.8587e+08	1.55001e+08	1.95333e+08	1.55377e+08	1.97776e+08	1.95811e+08	1.77494e+08	1.98486e+08	1.79787e+08	1.43484e+08	1.75996e+08	1.77538e+08	1.95925e+08	1.83295e+08	1.98085e+08	1.94833e+08	1.61068e+08	1.98817e+08	1.42635e+08	1.25795e+08	1.2067e+08	1.34073e+08	1.77006e+08	1.50282e+08	1.43774e+08	1.55608e+08	1.47804e+08	1.58349e+08	1.98822e+08	2.19954e+08	2.42902e+08	1.64688e+08	1.74072e+08	1.56725e+08	1.70343e+08	2.26407e+08	2.34659e+08	2.48005e+08	2.2882e+08	2.32757e+08	2.28373e+08	2.21593e+08	1.4765e+08	1.5975e+08	1.50796e+08	1.93746e+08	1.55707e+08	2.10168e+08
ERR613046	1.45419e+08	1.43627e+08	1.42643e+08	1.3605e+08	1.46078e+08	1.46764e+08	1.2927e+08	1.2853e+08	1.21616e+08	1.21858e+08	1.04886e+08	1.11506e+08	8.94762e+07	1.15311e+08	1.13774e+08	1.06394e+08	1.12627e+08	8.92247e+07	2.05661e+08	1.89525e+08	1.99995e+08	1.29902e+08	1.89316e+08	1.24588e+08	1.67485e+08	1.65882e+08	1.57766e+08	1.5829e+08	1.54396e+08	1.60588e+08	1.56303e+08	1.54574e+08	1.49437e+08	1.63039e+08	1.12941e+08	1.55224e+08	1.79743e+08	1.60979e+08	1.93975e+08	1.64937e+08	1.63434e+08	1.9611e+08	1.38272e+08	1.47714e+08	1.39236e+08	1.44883e+08	1.49754e+08	1.46386e+08	1.09435e+08	9.16704e+07	1.14882e+08	9.18479e+07	1.16336e+08	1.15208e+08	1.04567e+08	1.16665e+08	1.05869e+08	8.50679e+07	1.03661e+08	1.04539e+08	1.15728e+08	1.08565e+08	1.16981e+08	1.15052e+08	9.52103e+07	1.1721e+08	8.40198e+07	7.41422e+07	7.12566e+07	7.89816e+07	1.03936e+08	8.83864e+07	8.548e+07	9.21995e+07	8.776e+07	9.38625e+07	1.17556e+08	1.29737e+08	1.43311e+08	9.8064e+07	1.03461e+08	9.39743e+07	1.01336e+08	1.33844e+08	1.47109e+08	1.54845e+08	1.4367e+08	1.45999e+08	1.43396e+08	1.39551e+08	9.65226e+07	1.03399e+08	9.82942e+07	1.23267e+08	1.01121e+08	1.3273e+08
ERR613045	1.49064e+08	1.47319e+08	1.46385e+08	1.39567e+08	1.49834e+08	1.50528e+08	1.32446e+08	1.31805e+08	1.24728e+08	1.24864e+08	1.07461e+08	1.14321e+08	9.15521e+07	1.18025e+08	1.16559e+08	1.09009e+08	1.15367e+08	9.1354e+07	2.10265e+08	1.93745e+08	1.29902e+08	2.06819e+08	1.93429e+08	1.26983e+08	1.7159e+08	1.6996e+08	1.61582e+08	1.62091e+08	1.58165e+08	1.64539e+08	1.60037e+08	1.58338e+08	1.52999e+08	1.67103e+08	1.15538e+08	1.58994e+08	1.83797e+08	1.64585e+08	1.98488e+08	1.68682e+08	1.67026e+08	2.0055e+08	1.41766e+08	1.51571e+08	1.4293e+08	1.48744e+08	1.53625e+08	1.50127e+08	1.12373e+08	9.40297e+07	1.17876e+08	9.41968e+07	1.19355e+08	1.18225e+08	1.07311e+08	1.19688e+08	1.0863e+08	8.71476e+07	1.06358e+08	1.07219e+08	1.18858e+08	1.11247e+08	1.20018e+08	1.17917e+08	9.76819e+07	1.20262e+08	8.61844e+07	7.59883e+07	7.29914e+07	8.10032e+07	1.06569e+08	9.06406e+07	8.75464e+07	9.46099e+07	8.99557e+07	9.6293e+07	1.20555e+08	1.3306e+08	1.47036e+08	1.00519e+08	1.06121e+08	9.6215e+07	1.03843e+08	1.37295e+08	1.50199e+08	1.58134e+08	1.46794e+08	1.49179e+08	1.46569e+08	1.42472e+08	9.82973e+07	1.05457e+08	1.00191e+08	1.25916e+08	1.0309e+08	1.35545e+08
ERR613043	2.43092e+08	2.40073e+08	2.38459e+08	2.27052e+08	2.44276e+08	2.45393e+08	2.14716e+08	2.14347e+08	2.02539e+08	2.02046e+08	1.7305e+08	1.851e+08	1.50093e+08	1.9456e+08	1.92206e+08	1.7939e+08	1.90073e+08	1.49894e+08	3.25024e+08	2.96991e+08	1.89316e+08	1.93429e+08	4.20934e+08	1.84436e+08	2.75416e+08	2.72891e+08	2.587e+08	2.59479e+08	2.53046e+08	2.63617e+08	2.57384e+08	2.54601e+08	2.45469e+08	2.69299e+08	1.82815e+08	2.55763e+08	2.83696e+08	2.51963e+08	3.08106e+08	2.58704e+08	2.56289e+08	3.11514e+08	2.28263e+08	2.44533e+08	2.29997e+08	2.39655e+08	2.47978e+08	2.42088e+08	1.85327e+08	1.54543e+08	1.94697e+08	1.54938e+08	1.97117e+08	1.95219e+08	1.76809e+08	1.97757e+08	1.79023e+08	1.42911e+08	1.75295e+08	1.76795e+08	1.95432e+08	1.82754e+08	1.97449e+08	1.9425e+08	1.6056e+08	1.9807e+08	1.42198e+08	1.25413e+08	1.20275e+08	1.3369e+08	1.76539e+08	1.49829e+08	1.43241e+08	1.55106e+08	1.47339e+08	1.57768e+08	1.98153e+08	2.1916e+08	2.4142e+08	1.63693e+08	1.72992e+08	1.55994e+08	1.69305e+08	2.25136e+08	2.34107e+08	2.47365e+08	2.28383e+08	2.32158e+08	2.27792e+08	2.2097e+08	1.47168e+08	1.59338e+08	1.50449e+08	1.93241e+08	1.55255e+08	2.09595e+08
ERR613044	1.40569e+08	1.38961e+08	1.37992e+08	1.315e+08	1.41277e+08	1.41911e+08	1.24697e+08	1.24116e+08	1.17515e+08	1.17589e+08	1.01169e+08	1.07677e+08	8.66243e+07	1.11585e+08	1.10095e+08	1.0309e+08	1.09018e+08	8.64734e+07	2.00419e+08	1.84663e+08	1.24588e+08	1.26983e+08	1.84436e+08	1.91851e+08	1.62357e+08	1.6102e+08	1.53094e+08	1.53559e+08	1.49858e+08	1.5581e+08	1.5162e+08	1.4998e+08	1.44916e+08	1.58341e+08	1.09645e+08	1.50688e+08	1.74962e+08	1.56987e+08	1.88862e+08	1.60888e+08	1.59338e+08	1.90723e+08	1.3408e+08	1.43218e+08	1.35013e+08	1.40612e+08	1.45289e+08	1.42004e+08	1.05992e+08	8.87702e+07	1.11167e+08	8.89241e+07	1.12578e+08	1.11506e+08	1.01391e+08	1.12949e+08	1.02524e+08	8.22757e+07	1.00475e+08	1.01341e+08	1.1195e+08	1.04958e+08	1.13155e+08	1.11169e+08	9.22056e+07	1.13457e+08	8.12414e+07	7.16704e+07	6.8837e+07	7.64113e+07	1.00367e+08	8.54328e+07	8.29204e+07	8.95763e+07	8.52196e+07	9.12288e+07	1.14007e+08	1.25802e+08	1.38468e+08	9.48446e+07	1.00107e+08	9.07708e+07	9.80168e+07	1.29476e+08	1.42794e+08	1.50304e+08	1.39651e+08	1.41763e+08	1.39304e+08	1.35428e+08	9.42113e+07	1.0103e+08	9.60619e+07	1.20069e+08	9.88243e+07	1.29284e+08
ERR636741	3.13533e+08	3.09571e+08	3.07532e+08	2.93093e+08	3.14693e+08	3.16173e+08	2.754e+08	2.74826e+08	2.59651e+08	2.59549e+08	2.22912e+08	2.37925e+08	1.71494e+08	2.22852e+08	2.19821e+08	2.05226e+08	2.17526e+08	1.70904e+08	3.04026e+08	2.75757e+08	1.67485e+08	1.7159e+08	2.75416e+08	1.62357e+08	5.22608e+08	3.71513e+08	3.51829e+08	3.53029e+08	3.4492e+08	3.5847e+08	3.31659e+08	3.28125e+08	3.16659e+08	3.47138e+08	2.36964e+08	3.29915e+08	3.00168e+08	2.63322e+08	3.28565e+08	2.71269e+08	2.6842e+08	3.32415e+08	2.70124e+08	2.89036e+08	2.7217e+08	2.83405e+08	2.9333e+08	2.8613e+08	2.13798e+08	1.77978e+08	2.24643e+08	1.78507e+08	2.2756e+08	2.25428e+08	2.02604e+08	2.26781e+08	2.05175e+08	1.63333e+08	2.00874e+08	2.02451e+08	2.17394e+08	2.03074e+08	2.19547e+08	2.1625e+08	1.78597e+08	2.20419e+08	1.64497e+08	1.44995e+08	1.3897e+08	1.5445e+08	2.04388e+08	1.7321e+08	1.5871e+08	1.71675e+08	1.63013e+08	1.74734e+08	2.19887e+08	2.43251e+08	2.70634e+08	1.82266e+08	1.92767e+08	1.72887e+08	1.88526e+08	2.51799e+08	2.3064e+08	2.45316e+08	2.24275e+08	2.28355e+08	2.23498e+08	2.15948e+08	1.34723e+08	1.47963e+08	1.3819e+08	1.85633e+08	1.43558e+08	2.03901e+08
ERR636740	3.10771e+08	3.06789e+08	3.04802e+08	2.90611e+08	3.12346e+08	3.13112e+08	2.71858e+08	2.72125e+08	2.57129e+08	2.56105e+08	2.20031e+08	2.35475e+08	1.69444e+08	2.20401e+08	2.17441e+08	2.03068e+08	2.15189e+08	1.69147e+08	3.01625e+08	2.73201e+08	1.65882e+08	1.6996e+08	2.72891e+08	1.6102e+08	3.71513e+08	5.14878e+08	3.48814e+08	3.50059e+08	3.41802e+08	3.55479e+08	3.2885e+08	3.25272e+08	3.13956e+08	3.4445e+08	2.34208e+08	3.27106e+08	2.98097e+08	2.61836e+08	3.26837e+08	2.70087e+08	2.6716e+08	3.29869e+08	2.67737e+08	2.86579e+08	2.69884e+08	2.81397e+08	2.91398e+08	2.84209e+08	2.11508e+08	1.75892e+08	2.22174e+08	1.76404e+08	2.25066e+08	2.22872e+08	2.0106e+08	2.24817e+08	2.03363e+08	1.61475e+08	1.99212e+08	2.00969e+08	2.14665e+08	2.00422e+08	2.16815e+08	2.13491e+08	1.7671e+08	2.17952e+08	1.62493e+08	1.43039e+08	1.36798e+08	1.52548e+08	2.01789e+08	1.70879e+08	1.57202e+08	1.70259e+08	1.6176e+08	1.73323e+08	2.17761e+08	2.41135e+08	2.67767e+08	1.80141e+08	1.9058e+08	1.70402e+08	1.86367e+08	2.48789e+08	2.27989e+08	2.42615e+08	2.21762e+08	2.25823e+08	2.21008e+08	2.13331e+08	1.33437e+08	1.46798e+08	1.37092e+08	1.8383e+08	1.42379e+08	2.02047e+08
ERR636742	2.94966e+08	2.9126e+08	2.89334e+08	2.75826e+08	2.9605e+08	2.97142e+08	2.58584e+08	2.5826e+08	2.4409e+08	2.43677e+08	2.09563e+08	2.2372e+08	1.59104e+08	2.07028e+08	2.0416e+08	1.90619e+08	2.01882e+08	1.59032e+08	2.85631e+08	2.59183e+08	1.57766e+08	1.61582e+08	2.587e+08	1.53094e+08	3.51829e+08	3.48814e+08	4.67987e+08	3.33768e+08	3.23972e+08	3.38927e+08	3.12019e+08	3.08641e+08	2.97638e+08	3.26374e+08	2.22955e+08	3.10394e+08	2.81985e+08	2.47754e+08	3.08908e+08	2.55225e+08	2.52373e+08	3.12049e+08	2.53022e+08	2.70727e+08	2.54963e+08	2.65675e+08	2.74997e+08	2.68244e+08	1.98486e+08	1.65161e+08	2.08385e+08	1.65784e+08	2.11277e+08	2.09199e+08	1.88374e+08	2.10751e+08	1.90565e+08	1.51658e+08	1.86831e+08	1.88436e+08	2.01555e+08	1.88254e+08	2.03709e+08	2.00677e+08	1.65958e+08	2.04724e+08	1.5248e+08	1.34398e+08	1.28689e+08	1.43225e+08	1.89473e+08	1.60556e+08	1.48193e+08	1.60399e+08	1.5231e+08	1.63242e+08	2.05141e+08	2.2713e+08	2.51312e+08	1.69374e+08	1.78989e+08	1.60315e+08	1.75102e+08	2.33595e+08	2.1489e+08	2.28622e+08	2.08939e+08	2.1293e+08	2.08247e+08	2.01113e+08	1.25277e+08	1.37754e+08	1.28628e+08	1.72431e+08	1.33585e+08	1.89513e+08
ERR636743	2.96245e+08	2.92421e+08	2.90584e+08	2.7674e+08	2.97332e+08	2.98157e+08	2.59351e+08	2.59278e+08	2.45117e+08	2.44477e+08	2.10148e+08	2.24517e+08	1.59979e+08	2.07969e+08	2.05077e+08	1.91559e+08	2.02885e+08	1.59754e+08	2.86747e+08	2.60014e+08	1.5829e+08	1.62091e+08	2.59479e+08	1.53559e+08	3.53029e+08	3.50059e+08	3.33768e+08	4.70725e+08	3.24974e+08	3.39959e+08	3.12967e+08	3.09397e+08	2.98518e+08	3.27284e+08	2.23335e+08	3.10975e+08	2.82906e+08	2.48696e+08	3.1001e+08	2.56269e+08	2.53375e+08	3.13134e+08	2.54196e+08	2.72017e+08	2.56214e+08	2.66962e+08	2.76457e+08	2.6953e+08	1.99486e+08	1.65917e+08	2.09582e+08	1.66551e+08	2.12256e+08	2.10234e+08	1.89394e+08	2.1185e+08	1.91681e+08	1.52385e+08	1.87845e+08	1.8939e+08	2.02523e+08	1.88952e+08	2.04486e+08	2.01411e+08	1.66678e+08	2.05629e+08	1.53247e+08	1.34959e+08	1.29245e+08	1.43925e+08	1.9032e+08	1.61303e+08	1.48608e+08	1.60902e+08	1.52862e+08	1.63877e+08	2.05736e+08	2.27826e+08	2.52674e+08	1.70124e+08	1.7993e+08	1.60944e+08	1.75963e+08	2.34818e+08	2.1577e+08	2.29589e+08	2.09719e+08	2.1373e+08	2.09129e+08	2.02028e+08	1.2581e+08	1.38352e+08	1.29127e+08	1.73204e+08	1.34279e+08	1.90412e+08
ERR636739	2.88068e+08	2.84558e+08	2.82836e+08	2.69659e+08	2.89418e+08	2.90392e+08	2.52917e+08	2.524e+08	2.38695e+08	2.38226e+08	2.04973e+08	2.18844e+08	1.55463e+08	2.01823e+08	1.99176e+08	1.86029e+08	1.96891e+08	1.55073e+08	2.79131e+08	2.5325e+08	1.54396e+08	1.58165e+08	2.53046e+08	1.49858e+08	3.4492e+08	3.41802e+08	3.23972e+08	3.24974e+08	4.50412e+08	3.29902e+08	3.04724e+08	3.0143e+08	2.91134e+08	3.18707e+08	2.18165e+08	3.03123e+08	2.75355e+08	2.41975e+08	3.01385e+08	2.49372e+08	2.46423e+08	3.04662e+08	2.47248e+08	2.64415e+08	2.49066e+08	2.59639e+08	2.68784e+08	2.62095e+08	1.93722e+08	1.61239e+08	2.03353e+08	1.61818e+08	2.06038e+08	2.04056e+08	1.83762e+08	2.05598e+08	1.86e+08	1.48065e+08	1.82169e+08	1.83625e+08	1.96727e+08	1.83864e+08	1.98648e+08	1.95656e+08	1.61875e+08	1.99565e+08	1.48859e+08	1.31229e+08	1.25747e+08	1.39851e+08	1.84836e+08	1.56732e+08	1.44762e+08	1.56494e+08	1.48697e+08	1.59407e+08	2.00348e+08	2.21609e+08	2.44981e+08	1.65111e+08	1.74537e+08	1.56454e+08	1.7084e+08	2.27986e+08	2.09956e+08	2.23377e+08	2.04216e+08	2.07978e+08	2.03602e+08	1.96611e+08	1.22362e+08	1.3448e+08	1.25644e+08	1.6835e+08	1.3053e+08	1.85037e+08
ERR636744	3.00474e+08	2.96738e+08	2.94672e+08	2.80798e+08	3.01748e+08	3.02558e+08	2.63103e+08	2.63111e+08	2.48616e+08	2.47899e+08	2.13064e+08	2.27752e+08	1.62754e+08	2.11649e+08	2.08786e+08	1.9501e+08	2.06517e+08	1.62498e+08	2.91047e+08	2.63958e+08	1.60588e+08	1.64539e+08	2.63617e+08	1.5581e+08	3.5847e+08	3.55479e+08	3.38927e+08	3.39959e+08	3.29902e+08	4.83881e+08	3.18145e+08	3.14668e+08	3.03563e+08	3.3281e+08	2.27081e+08	3.16322e+08	2.87632e+08	2.52705e+08	3.15048e+08	2.60376e+08	2.57573e+08	3.18317e+08	2.58119e+08	2.76318e+08	2.60147e+08	2.71278e+08	2.80622e+08	2.73655e+08	2.03057e+08	1.69005e+08	2.13222e+08	1.69633e+08	2.16039e+08	2.14013e+08	1.92886e+08	2.15679e+08	1.95193e+08	1.55027e+08	1.91199e+08	1.9281e+08	2.06218e+08	1.92441e+08	2.08186e+08	2.0507e+08	1.69666e+08	2.09212e+08	1.55778e+08	1.37307e+08	1.31534e+08	1.46382e+08	1.93683e+08	1.64199e+08	1.51244e+08	1.63752e+08	1.55477e+08	1.66671e+08	2.09512e+08	2.31821e+08	2.57314e+08	1.73323e+08	1.83156e+08	1.63909e+08	1.79159e+08	2.39036e+08	2.19431e+08	2.33413e+08	2.133e+08	2.17261e+08	2.1259e+08	2.05257e+08	1.27956e+08	1.40794e+08	1.31459e+08	1.76344e+08	1.36635e+08	1.93722e+08
ERR608852	2.98143e+08	2.9437e+08	2.92378e+08	2.78393e+08	2.9962e+08	3.00322e+08	2.58546e+08	2.59563e+08	2.45244e+08	2.43683e+08	2.09322e+08	2.24524e+08	1.62548e+08	2.11443e+08	2.08613e+08	1.94739e+08	2.06316e+08	1.62227e+08	2.8485e+08	2.57539e+08	1.56303e+08	1.60037e+08	2.57384e+08	1.5162e+08	3.31659e+08	3.2885e+08	3.12019e+08	3.12967e+08	3.04724e+08	3.18145e+08	4.79992e+08	3.37605e+08	3.24391e+08	3.55638e+08	2.42085e+08	3.39227e+08	2.85769e+08	2.51304e+08	3.13083e+08	2.5931e+08	2.56344e+08	3.15866e+08	2.54111e+08	2.7203e+08	2.56024e+08	2.66938e+08	2.76565e+08	2.69809e+08	2.03111e+08	1.68824e+08	2.13598e+08	1.69375e+08	2.16081e+08	2.14047e+08	1.91704e+08	2.14463e+08	1.93826e+08	1.54001e+08	1.90005e+08	1.91645e+08	2.04531e+08	1.90889e+08	2.06678e+08	2.03463e+08	1.68294e+08	2.07661e+08	1.53949e+08	1.35354e+08	1.29724e+08	1.44582e+08	1.91574e+08	1.62222e+08	1.49379e+08	1.62209e+08	1.54105e+08	1.6515e+08	2.07047e+08	2.29566e+08	2.55735e+08	1.71876e+08	1.81794e+08	1.62801e+08	1.77837e+08	2.37659e+08	2.12855e+08	2.26439e+08	2.06968e+08	2.10769e+08	2.06267e+08	1.98921e+08	1.25907e+08	1.38662e+08	1.29451e+08	1.73974e+08	1.34436e+08	1.91498e+08
ERR608851	2.95107e+08	2.91222e+08	2.89178e+08	2.75361e+08	2.96353e+08	2.96959e+08	2.55913e+08	2.56827e+08	2.42677e+08	2.41003e+08	2.07157e+08	2.22047e+08	1.60995e+08	2.09255e+08	2.06609e+08	1.92805e+08	2.04264e+08	1.60629e+08	2.81552e+08	2.54657e+08	1.54574e+08	1.58338e+08	2.54601e+08	1.4998e+08	3.28125e+08	3.25272e+08	3.08641e+08	3.09397e+08	3.0143e+08	3.14668e+08	3.37605e+08	4.71534e+08	3.21176e+08	3.51996e+08	2.39665e+08	3.35813e+08	2.82567e+08	2.48633e+08	3.09515e+08	2.5645e+08	2.53493e+08	3.12367e+08	2.51689e+08	2.69212e+08	2.53594e+08	2.64397e+08	2.73556e+08	2.67043e+08	2.01108e+08	1.674e+08	2.11579e+08	1.67835e+08	2.14158e+08	2.11992e+08	1.89783e+08	2.12266e+08	1.92078e+08	1.52512e+08	1.88145e+08	1.89767e+08	2.02663e+08	1.89209e+08	2.04813e+08	2.01649e+08	1.6668e+08	2.05657e+08	1.52441e+08	1.34063e+08	1.28361e+08	1.43199e+08	1.89534e+08	1.60537e+08	1.47831e+08	1.60736e+08	1.52434e+08	1.635e+08	2.0492e+08	2.27206e+08	2.5321e+08	1.70187e+08	1.80022e+08	1.61058e+08	1.76057e+08	2.353e+08	2.10495e+08	2.2412e+08	2.04776e+08	2.08588e+08	2.041e+08	1.96846e+08	1.24685e+08	1.3735e+08	1.282e+08	1.7226e+08	1.33168e+08	1.89672e+08
ERR608848	2.83904e+08	2.80057e+08	2.78349e+08	2.65237e+08	2.85312e+08	2.85971e+08	2.46638e+08	2.47136e+08	2.33818e+08	2.32526e+08	1.99942e+08	2.14104e+08	1.55023e+08	2.01197e+08	1.98674e+08	1.85331e+08	1.96466e+08	1.54566e+08	2.71548e+08	2.45565e+08	1.49437e+08	1.52999e+08	2.45469e+08	1.44916e+08	3.16659e+08	3.13956e+08	2.97638e+08	2.98518e+08	2.91134e+08	3.03563e+08	3.24391e+08	3.21176e+08	4.43143e+08	3.405e+08	2.32688e+08	3.22803e+08	2.7262e+08	2.3995e+08	2.9872e+08	2.47513e+08	2.44649e+08	3.01502e+08	2.42504e+08	2.59446e+08	2.44526e+08	2.54813e+08	2.63744e+08	2.57375e+08	1.9325e+08	1.60962e+08	2.0327e+08	1.61274e+08	2.05652e+08	2.03841e+08	1.82434e+08	2.03952e+08	1.8455e+08	1.46492e+08	1.80805e+08	1.8229e+08	1.94581e+08	1.81725e+08	1.96591e+08	1.93462e+08	1.5998e+08	1.97523e+08	1.46364e+08	1.28809e+08	1.23522e+08	1.37612e+08	1.82116e+08	1.5435e+08	1.42275e+08	1.54447e+08	1.46752e+08	1.57297e+08	1.97198e+08	2.18687e+08	2.43424e+08	1.63664e+08	1.73158e+08	1.55229e+08	1.69308e+08	2.26479e+08	2.02346e+08	2.15242e+08	1.9675e+08	2.00374e+08	1.96229e+08	1.89319e+08	1.19953e+08	1.32078e+08	1.23243e+08	1.65656e+08	1.28023e+08	1.82274e+08
