	ERR636967	ERR636969	ERR636970	ERR636971	ERR636972	ERR636968	ERR608691	ERR608690	ERR608692	ERR608694	ERR608693	ERR608689	ERR621981	ERR621980	ERR621982	ERR621979	ERR621983	ERR621984	ERR637065	ERR637067	ERR637068	ERR637066	ERR637063	ERR637064	ERR608806	ERR608810	ERR608807	ERR608808	ERR608809	ERR608805	ERR629698	ERR629702	ERR629700	ERR629703	ERR629701	ERR629699	ERR629916	ERR629917	ERR629921	ERR629920	ERR629919	ERR629918	ERR607785	ERR607781	ERR607783	ERR607784	ERR607786	ERR607782	ERR613316	ERR613311	ERR613314	ERR613312	ERR613313	ERR613315	ERR616957	ERR616960	ERR616958	ERR616956	ERR616955	ERR616959	ERR618268	ERR618269	ERR618270	ERR618271	ERR618267	ERR618272	ERR618466	ERR618467	ERR618465	ERR618469	ERR618470	ERR618468	ERR616817	ERR616822	ERR616818	ERR616820	ERR616819	ERR616821	ERR622132	ERR622133	ERR622135	ERR622131	ERR622136	ERR622134	ERR609168	ERR609166	ERR609165	ERR609164	ERR609163	ERR609167	ERR630268	ERR630269	ERR630267	ERR630270	ERR630266	ERR630271
ERR636967	0	0.240385	0.242172	0.242605	0.242101	0.245571	0.395748	0.396009	0.395639	0.395866	0.395974	0.415327	0.326474	0.324943	0.320605	0.323182	0.318828	0.319733	0.288018	0.284878	0.285071	0.284711	0.281554	0.285214	0.34174	0.288599	0.339956	0.289739	0.289289	0.326757	0.445087	0.446018	0.444833	0.446696	0.447514	0.444164	0.497154	0.50497	0.503565	0.506195	0.504965	0.49837	0.294429	0.298174	0.298897	0.278596	0.297347	0.278993	0.486343	0.445222	0.460947	0.452525	0.44722	0.458776	0.661594	0.662616	0.663858	0.662117	0.657853	0.665419	0.562008	0.561279	0.559709	0.558967	0.556531	0.556917	0.512494	0.514891	0.51421	0.520377	0.522504	0.522511	0.442005	0.42904	0.44052	0.427957	0.455847	0.429013	0.479187	0.48095	0.481659	0.486031	0.491414	0.4825	0.442514	0.454287	0.4408	0.440923	0.441124	0.442533	0.428342	0.420098	0.435643	0.423707	0.456739	0.420795
ERR636969	0.240385	0	0.239584	0.239556	0.240277	0.240571	0.394485	0.396784	0.394353	0.395832	0.394052	0.419328	0.329436	0.327716	0.319413	0.323619	0.318336	0.318342	0.283338	0.281534	0.281447	0.281346	0.280222	0.281382	0.332249	0.287958	0.33027	0.288722	0.287876	0.317899	0.441583	0.441651	0.444742	0.442157	0.442973	0.443822	0.495849	0.505409	0.504267	0.507271	0.505658	0.497124	0.286761	0.29036	0.290975	0.276434	0.289192	0.276052	0.490608	0.443298	0.462656	0.453574	0.446678	0.459818	0.659314	0.661768	0.662959	0.660081	0.656194	0.664573	0.560853	0.559387	0.557598	0.557269	0.554938	0.555135	0.510664	0.511689	0.510258	0.518138	0.520817	0.520899	0.436204	0.424723	0.43495	0.424231	0.449076	0.425017	0.476421	0.478082	0.478313	0.482248	0.492503	0.481606	0.44045	0.456648	0.440315	0.439495	0.439776	0.440434	0.423811	0.417354	0.430399	0.419814	0.449992	0.418643
ERR636970	0.242172	0.239584	0	0.237672	0.238198	0.239858	0.39211	0.395512	0.391493	0.394598	0.391233	0.421291	0.327779	0.325944	0.315568	0.320433	0.314884	0.314557	0.285923	0.283176	0.282654	0.283102	0.283213	0.281874	0.326637	0.28569	0.325353	0.286382	0.285488	0.313397	0.440556	0.44091	0.444963	0.441451	0.442121	0.444557	0.494295	0.505432	0.505279	0.50829	0.506491	0.495715	0.285106	0.287245	0.287749	0.278722	0.287393	0.278375	0.493383	0.443928	0.463176	0.455318	0.448206	0.460524	0.654769	0.660366	0.661008	0.655647	0.652806	0.662963	0.558319	0.556473	0.554536	0.554707	0.552862	0.552744	0.50907	0.50927	0.507227	0.515064	0.517995	0.517975	0.436545	0.427281	0.434432	0.427153	0.447916	0.427721	0.474391	0.475855	0.476027	0.479471	0.491714	0.480046	0.441932	0.457992	0.443057	0.441088	0.44091	0.442049	0.425538	0.420322	0.431859	0.421935	0.449556	0.422737
ERR636971	0.242605	0.239556	0.237672	0	0.238612	0.239779	0.392821	0.396485	0.392369	0.395559	0.392148	0.422372	0.328836	0.327185	0.316367	0.321211	0.31581	0.315411	0.28529	0.282746	0.282344	0.282957	0.28316	0.281804	0.326431	0.286236	0.324955	0.286872	0.285964	0.313095	0.440008	0.440077	0.444521	0.440645	0.441457	0.444149	0.494027	0.505248	0.50487	0.507953	0.506091	0.495368	0.285037	0.287285	0.287728	0.27879	0.287271	0.278331	0.49324	0.443551	0.46315	0.455307	0.447749	0.460389	0.654847	0.660151	0.660978	0.655667	0.652723	0.66275	0.558023	0.556143	0.554299	0.554535	0.552601	0.55255	0.508736	0.509005	0.506977	0.515092	0.517934	0.518051	0.435816	0.426428	0.433756	0.426276	0.447174	0.426814	0.473978	0.475445	0.475616	0.479024	0.491595	0.479891	0.441472	0.457984	0.442624	0.440572	0.440351	0.441464	0.42469	0.41957	0.431006	0.421077	0.448773	0.421708
ERR636972	0.242101	0.240277	0.238198	0.238612	0	0.240835	0.392345	0.395381	0.391769	0.394402	0.391591	0.420263	0.326851	0.325205	0.315964	0.320314	0.314994	0.31475	0.286452	0.283636	0.283133	0.283799	0.28339	0.282736	0.329094	0.285742	0.327844	0.286388	0.286057	0.315707	0.440776	0.441412	0.444489	0.44189	0.442626	0.444123	0.494033	0.504764	0.504558	0.507473	0.505726	0.495433	0.287794	0.289938	0.290512	0.279786	0.289936	0.279506	0.492133	0.443769	0.46228	0.454716	0.447869	0.459782	0.655059	0.66019	0.660944	0.655911	0.652903	0.662728	0.558085	0.55649	0.554713	0.554769	0.552691	0.552822	0.509288	0.509691	0.508089	0.515366	0.517972	0.51817	0.437591	0.427845	0.435367	0.427621	0.449312	0.428049	0.474234	0.475581	0.475757	0.479524	0.490658	0.479361	0.441782	0.45685	0.442646	0.440614	0.440552	0.441858	0.42623	0.420566	0.432853	0.422356	0.451005	0.42277
ERR636968	0.245571	0.240571	0.239858	0.239779	0.240835	0	0.392056	0.397266	0.391296	0.39604	0.390678	0.426581	0.331516	0.329888	0.315549	0.321358	0.314919	0.314149	0.284764	0.283292	0.282247	0.283304	0.285263	0.280338	0.316457	0.286781	0.315378	0.286879	0.285745	0.304408	0.436759	0.436778	0.444494	0.437104	0.437628	0.44421	0.491657	0.505081	0.505631	0.508891	0.506772	0.493332	0.279833	0.280679	0.281301	0.28059	0.281655	0.278495	0.497922	0.442748	0.465061	0.457102	0.448316	0.461982	0.649044	0.656758	0.657424	0.650122	0.648058	0.659498	0.554614	0.552086	0.550018	0.550959	0.549069	0.548806	0.505918	0.504923	0.501936	0.51139	0.514792	0.515012	0.431814	0.425139	0.429613	0.425307	0.441621	0.425674	0.470808	0.472079	0.471973	0.474498	0.492124	0.478461	0.441098	0.460709	0.443763	0.440596	0.440438	0.441084	0.422215	0.41951	0.427775	0.419706	0.442922	0.422715
ERR608691	0.395748	0.394485	0.39211	0.392821	0.392345	0.392056	0	0.248089	0.243589	0.247931	0.244155	0.292981	0.395359	0.39412	0.386989	0.388968	0.386485	0.386127	0.389524	0.387917	0.38685	0.38856	0.391156	0.386785	0.391692	0.375826	0.391256	0.375999	0.375377	0.384722	0.481106	0.482462	0.482184	0.483099	0.483446	0.48236	0.516034	0.52395	0.525814	0.527873	0.525938	0.517428	0.395167	0.394728	0.395031	0.403362	0.396015	0.400663	0.501872	0.464349	0.474383	0.4714	0.467162	0.473159	0.65169	0.658086	0.65859	0.652421	0.650126	0.660349	0.560034	0.55861	0.557713	0.558294	0.556352	0.556869	0.523833	0.525462	0.5247	0.528098	0.529936	0.529802	0.482831	0.478822	0.480755	0.479114	0.489992	0.479314	0.472483	0.473876	0.47554	0.478217	0.482536	0.474322	0.458553	0.463963	0.458989	0.456416	0.455381	0.458319	0.478691	0.475951	0.482485	0.47602	0.493351	0.479858
ERR608690	0.396009	0.396784	0.395512	0.396485	0.395381	0.397266	0.248089	0	0.250602	0.245308	0.25265	0.272326	0.393759	0.393057	0.392001	0.392172	0.390978	0.391313	0.39389	0.391728	0.391121	0.392097	0.392199	0.391733	0.408348	0.37963	0.407397	0.380004	0.380095	0.399364	0.489483	0.49136	0.485395	0.492007	0.492424	0.485234	0.521975	0.525241	0.525806	0.527409	0.526174	0.522705	0.404546	0.405348	0.405711	0.404637	0.405812	0.403342	0.493369	0.46872	0.473326	0.469826	0.468869	0.472863	0.660522	0.662248	0.662938	0.660676	0.656991	0.664526	0.566735	0.566561	0.565893	0.565245	0.563006	0.563859	0.530564	0.534409	0.535698	0.53635	0.537308	0.537145	0.49169	0.483816	0.490052	0.483417	0.501524	0.484242	0.481306	0.482592	0.485044	0.489273	0.483152	0.479027	0.461757	0.46041	0.45867	0.458981	0.458132	0.461848	0.484909	0.478905	0.489872	0.480938	0.504542	0.481229
ERR608692	0.395639	0.394353	0.391493	0.392369	0.391769	0.391296	0.243589	0.250602	0	0.248071	0.241992	0.297995	0.394467	0.393513	0.384819	0.387728	0.384688	0.384241	0.390591	0.388625	0.387513	0.389362	0.392379	0.387019	0.388597	0.374465	0.388463	0.374449	0.373946	0.382373	0.481314	0.482546	0.482875	0.483266	0.483472	0.483151	0.515694	0.524275	0.526528	0.528566	0.526559	0.51713	0.39458	0.39377	0.393906	0.40382	0.395169	0.40145	0.504376	0.465725	0.475927	0.473531	0.469066	0.474502	0.649752	0.657744	0.658064	0.650504	0.649	0.660007	0.559055	0.557282	0.556235	0.557279	0.555507	0.555772	0.523566	0.524539	0.523784	0.527069	0.528846	0.528927	0.483729	0.48045	0.4811	0.480925	0.490087	0.481023	0.472044	0.473289	0.474673	0.477286	0.483003	0.474294	0.460417	0.466158	0.461492	0.458601	0.456965	0.460217	0.480177	0.477991	0.483773	0.477665	0.493847	0.482396
ERR608694	0.395866	0.395832	0.394598	0.395559	0.394402	0.39604	0.247931	0.245308	0.248071	0	0.249938	0.27678	0.392923	0.392096	0.389997	0.390615	0.389045	0.389327	0.392815	0.390831	0.390081	0.391241	0.392004	0.390762	0.404715	0.378296	0.403908	0.378935	0.378925	0.396176	0.488274	0.489764	0.485241	0.490429	0.490968	0.484771	0.520749	0.52486	0.525193	0.527138	0.525707	0.521879	0.402351	0.403319	0.403657	0.404604	0.403435	0.403114	0.494837	0.468195	0.473516	0.470181	0.468569	0.472834	0.657075	0.659337	0.659955	0.657535	0.653983	0.661596	0.564766	0.564325	0.563593	0.563105	0.560959	0.561685	0.528916	0.532415	0.533337	0.534502	0.535383	0.535272	0.490565	0.482869	0.488954	0.482653	0.499629	0.483252	0.479447	0.480845	0.482889	0.487227	0.482579	0.477895	0.461768	0.46206	0.459645	0.459343	0.458514	0.461695	0.484802	0.479299	0.489167	0.480934	0.503083	0.482049
ERR608693	0.395974	0.394052	0.391233	0.392148	0.391591	0.390678	0.244155	0.25265	0.241992	0.249938	0	0.302276	0.396528	0.395475	0.385534	0.388853	0.385324	0.384623	0.389092	0.387561	0.386216	0.388108	0.391524	0.385785	0.385981	0.37446	0.385747	0.37441	0.373789	0.379787	0.479316	0.480361	0.482	0.480962	0.481253	0.482327	0.514748	0.5239	0.5261	0.528348	0.526244	0.516267	0.392818	0.392009	0.392204	0.403393	0.393312	0.400662	0.505398	0.464316	0.475813	0.473108	0.46782	0.474306	0.649193	0.657523	0.657835	0.650149	0.648531	0.659854	0.558497	0.556542	0.555405	0.556448	0.554747	0.555038	0.522585	0.523243	0.522071	0.526211	0.528178	0.528267	0.481235	0.478371	0.47881	0.478904	0.487417	0.478971	0.470679	0.47193	0.472893	0.475594	0.483418	0.473648	0.458969	0.466654	0.460594	0.457269	0.456129	0.45874	0.477901	0.476239	0.481295	0.475572	0.491014	0.480594
ERR608689	0.415327	0.419328	0.421291	0.422372	0.420263	0.426581	0.292981	0.272326	0.297995	0.27678	0.302276	0	0.412564	0.412531	0.424389	0.420759	0.421765	0.423705	0.418497	0.416142	0.416691	0.415848	0.411105	0.41886	0.457945	0.409978	0.456033	0.411497	0.412183	0.445934	0.52018	0.522681	0.506473	0.523042	0.524211	0.505716	0.547518	0.541941	0.538083	0.538487	0.538833	0.547494	0.439373	0.443517	0.444002	0.424697	0.441557	0.425443	0.486836	0.49173	0.486851	0.480322	0.485953	0.48765	0.690285	0.680439	0.682243	0.689312	0.682332	0.683155	0.59307	0.595542	0.595195	0.592003	0.588874	0.590814	0.556362	0.565171	0.569615	0.566375	0.565504	0.565	0.521537	0.505929	0.5217	0.504147	0.53621	0.505822	0.515176	0.51699	0.520358	0.527309	0.501955	0.506192	0.482493	0.469052	0.471927	0.478631	0.47896	0.483103	0.509493	0.497162	0.516277	0.503271	0.537739	0.495433
ERR621981	0.326474	0.329436	0.327779	0.328836	0.326851	0.331516	0.395359	0.393759	0.394467	0.392923	0.396528	0.412564	0	0.259256	0.267366	0.262405	0.265144	0.26748	0.35997	0.354863	0.354246	0.35552	0.353111	0.354398	0.383438	0.34011	0.383033	0.34101	0.342381	0.373586	0.46391	0.467227	0.455394	0.468545	0.468631	0.456363	0.488155	0.491606	0.494307	0.496303	0.495187	0.489039	0.35642	0.356422	0.357356	0.355483	0.357759	0.355212	0.455093	0.437371	0.433925	0.436247	0.436549	0.43408	0.623327	0.625983	0.625965	0.623433	0.620285	0.628078	0.53241	0.531979	0.531943	0.531135	0.529918	0.530046	0.496837	0.500755	0.502982	0.500093	0.500748	0.500038	0.472035	0.462701	0.469201	0.462314	0.481266	0.463027	0.450272	0.45006	0.453656	0.459082	0.444494	0.443202	0.444957	0.437858	0.441443	0.440868	0.439948	0.444909	0.46711	0.461458	0.472535	0.463281	0.486549	0.465322
ERR621980	0.324943	0.327716	0.325944	0.327185	0.325205	0.329888	0.39412	0.393057	0.393513	0.392096	0.395475	0.412531	0.259256	0	0.266943	0.260762	0.264831	0.267156	0.35847	0.353528	0.352846	0.3539	0.352404	0.353023	0.382557	0.339559	0.382051	0.340676	0.341909	0.372865	0.462709	0.465734	0.454627	0.467031	0.467155	0.455244	0.488001	0.491808	0.494842	0.496701	0.495262	0.488922	0.354718	0.354578	0.355709	0.353983	0.356059	0.353653	0.454916	0.435204	0.432404	0.434169	0.434517	0.432219	0.625744	0.628353	0.62822	0.62588	0.622608	0.63034	0.533146	0.532457	0.532786	0.531818	0.530456	0.5308	0.496047	0.50076	0.502292	0.499958	0.500717	0.50029	0.470192	0.460631	0.467268	0.460335	0.479347	0.460999	0.448007	0.448327	0.451937	0.457168	0.443204	0.44169	0.442488	0.435689	0.439552	0.438148	0.437661	0.442554	0.464906	0.459173	0.470369	0.461105	0.484549	0.462984
ERR621982	0.320605	0.319413	0.315568	0.316367	0.315964	0.315549	0.386989	0.392001	0.384819	0.389997	0.385534	0.424389	0.267366	0.266943	0	0.256268	0.251892	0.25174	0.347251	0.343108	0.34152	0.344094	0.346269	0.340664	0.351709	0.328451	0.351882	0.328662	0.328912	0.344838	0.450004	0.45216	0.451608	0.45321	0.452951	0.452598	0.483183	0.494829	0.498862	0.50175	0.499593	0.485052	0.334538	0.332155	0.332956	0.347206	0.335266	0.34474	0.472179	0.430196	0.438513	0.439832	0.434213	0.437122	0.617656	0.628755	0.628253	0.618884	0.618246	0.630951	0.529444	0.526805	0.525964	0.527428	0.526497	0.525833	0.491065	0.490494	0.489244	0.491929	0.494607	0.494163	0.455816	0.452128	0.451936	0.452632	0.461199	0.452735	0.437573	0.43716	0.439258	0.442285	0.448067	0.43836	0.438675	0.444788	0.440768	0.436131	0.434824	0.438345	0.454607	0.453625	0.45836	0.452624	0.467246	0.45973
ERR621979	0.323182	0.323619	0.320433	0.321211	0.320314	0.321358	0.388968	0.392172	0.387728	0.390615	0.388853	0.420759	0.262405	0.260762	0.256268	0	0.256153	0.256666	0.352682	0.347645	0.346444	0.348576	0.349696	0.346014	0.363304	0.3327	0.363297	0.333451	0.333862	0.355721	0.453225	0.45624	0.451379	0.457193	0.457094	0.452491	0.48293	0.491911	0.496225	0.498674	0.496699	0.484556	0.342273	0.340206	0.341276	0.350802	0.343264	0.349103	0.465136	0.431031	0.434618	0.436575	0.433345	0.433642	0.618691	0.627024	0.626555	0.619591	0.617842	0.629025	0.528399	0.526369	0.526332	0.526767	0.525572	0.525674	0.491127	0.49276	0.492151	0.492924	0.494962	0.494486	0.460248	0.454913	0.456909	0.455145	0.467065	0.455298	0.438651	0.438762	0.441372	0.44481	0.443469	0.436689	0.438924	0.439609	0.439674	0.435556	0.434487	0.438672	0.457964	0.455402	0.462301	0.455459	0.472872	0.460831
ERR621983	0.318828	0.318336	0.314884	0.31581	0.314994	0.314919	0.386485	0.390978	0.384688	0.389045	0.385324	0.421765	0.265144	0.264831	0.251892	0.256153	0	0.25211	0.346428	0.342119	0.340813	0.343106	0.344699	0.339737	0.353741	0.328204	0.3536	0.328677	0.328876	0.346187	0.450142	0.452451	0.450972	0.453293	0.453301	0.451692	0.482827	0.493507	0.497453	0.500173	0.498026	0.484629	0.334609	0.332681	0.333858	0.345906	0.335615	0.343488	0.469465	0.429392	0.43722	0.43798	0.432926	0.435786	0.619039	0.628715	0.628356	0.62006	0.619013	0.630925	0.529663	0.527192	0.52638	0.527574	0.526531	0.526175	0.491117	0.490988	0.490034	0.492499	0.494976	0.494674	0.455651	0.451276	0.451938	0.451674	0.46169	0.451783	0.43774	0.437507	0.439501	0.442927	0.447039	0.437912	0.437532	0.443028	0.438889	0.434815	0.433683	0.43722	0.453969	0.452401	0.457957	0.451825	0.467694	0.458097
ERR621984	0.319733	0.318342	0.314557	0.315411	0.31475	0.314149	0.386127	0.391313	0.384241	0.389327	0.384623	0.423705	0.26748	0.267156	0.25174	0.256666	0.25211	0	0.345728	0.341874	0.340258	0.342838	0.344827	0.339316	0.350448	0.328113	0.350476	0.328505	0.328501	0.343343	0.449263	0.451222	0.451471	0.452099	0.451987	0.452306	0.483468	0.495098	0.499175	0.501929	0.49979	0.485308	0.332299	0.330237	0.331107	0.345554	0.333011	0.342711	0.472292	0.429391	0.4388	0.439428	0.433534	0.437172	0.619183	0.62965	0.629386	0.620284	0.619471	0.631974	0.529976	0.527292	0.526512	0.527873	0.526762	0.526374	0.490985	0.490574	0.489123	0.492391	0.495131	0.494844	0.454186	0.450524	0.450538	0.451033	0.459792	0.451033	0.437213	0.437317	0.438933	0.441974	0.448633	0.438638	0.4378	0.444902	0.439838	0.435218	0.434276	0.437407	0.453161	0.452388	0.456803	0.451234	0.465771	0.45816
ERR637065	0.288018	0.283338	0.285923	0.28529	0.286452	0.284764	0.389524	0.39389	0.390591	0.392815	0.389092	0.418497	0.35997	0.35847	0.347251	0.352682	0.346428	0.345728	0	0.232526	0.232468	0.23231	0.234886	0.231796	0.31528	0.286363	0.311453	0.286385	0.284428	0.299248	0.413427	0.412419	0.418979	0.412649	0.41381	0.417123	0.47251	0.48205	0.479468	0.482454	0.480816	0.473546	0.287029	0.291435	0.29221	0.281057	0.289676	0.277847	0.47068	0.418005	0.442349	0.429873	0.42161	0.439133	0.64624	0.64624	0.648034	0.646952	0.64179	0.649379	0.543305	0.542421	0.540064	0.539132	0.536288	0.536705	0.490626	0.491937	0.490916	0.500309	0.503252	0.503573	0.400663	0.389148	0.400773	0.388556	0.415843	0.389265	0.457111	0.459291	0.459015	0.463288	0.475941	0.463841	0.412998	0.435874	0.413457	0.413441	0.413966	0.4135	0.386497	0.380471	0.392568	0.382627	0.414701	0.381087
ERR637067	0.284878	0.281534	0.283176	0.282746	0.283636	0.283292	0.387917	0.391728	0.388625	0.390831	0.387561	0.416142	0.354863	0.353528	0.343108	0.347645	0.342119	0.341874	0.232526	0	0.230222	0.230134	0.234402	0.23218	0.316943	0.281207	0.313984	0.281107	0.279567	0.301088	0.41368	0.413631	0.417266	0.413733	0.414998	0.416362	0.471848	0.481237	0.479044	0.481886	0.480307	0.472859	0.288434	0.292255	0.293071	0.279521	0.291343	0.277867	0.468406	0.418312	0.440207	0.429029	0.42165	0.437113	0.645919	0.646646	0.648097	0.646455	0.641666	0.649495	0.543315	0.542664	0.540574	0.539685	0.536892	0.537291	0.491223	0.492926	0.491886	0.500119	0.502662	0.503016	0.403114	0.390972	0.402613	0.390238	0.418568	0.391106	0.456546	0.458316	0.458669	0.462821	0.473053	0.46205	0.413473	0.433434	0.413777	0.413565	0.413797	0.414006	0.388804	0.381885	0.396138	0.384399	0.418746	0.382852
ERR637068	0.285071	0.281447	0.282654	0.282344	0.283133	0.282247	0.38685	0.391121	0.387513	0.390081	0.386216	0.416691	0.354246	0.352846	0.34152	0.346444	0.340813	0.340258	0.232468	0.230222	0	0.230051	0.235454	0.231767	0.314012	0.280548	0.311174	0.280516	0.27912	0.298537	0.412322	0.412184	0.416739	0.412288	0.413466	0.415838	0.470279	0.480149	0.478461	0.481299	0.479585	0.471282	0.287464	0.290777	0.29169	0.280401	0.290047	0.278354	0.46918	0.417512	0.440027	0.429115	0.421505	0.436923	0.643658	0.645039	0.646556	0.644341	0.639721	0.648016	0.541433	0.540515	0.538203	0.537614	0.534937	0.535285	0.489603	0.491136	0.48976	0.498271	0.50101	0.501325	0.401768	0.390405	0.401254	0.389976	0.416803	0.390609	0.454668	0.456451	0.456731	0.460721	0.472145	0.46053	0.413052	0.433824	0.413835	0.413179	0.413529	0.413641	0.388176	0.382117	0.395265	0.384224	0.417036	0.383387
ERR637066	0.284711	0.281346	0.283102	0.282957	0.283799	0.283304	0.38856	0.392097	0.389362	0.391241	0.388108	0.415848	0.35552	0.3539	0.344094	0.348576	0.343106	0.342838	0.23231	0.230134	0.230051	0	0.233757	0.232109	0.318065	0.281099	0.315178	0.28121	0.279782	0.302002	0.414515	0.414372	0.417977	0.414514	0.415638	0.416755	0.472911	0.482092	0.479786	0.4826	0.481105	0.473886	0.289026	0.292982	0.293761	0.27896	0.291939	0.276975	0.468455	0.418495	0.440579	0.429075	0.42172	0.437577	0.647977	0.64832	0.649688	0.648405	0.643571	0.651232	0.544883	0.544336	0.542128	0.541158	0.538316	0.538843	0.492339	0.494107	0.493191	0.501372	0.503962	0.504339	0.403299	0.390824	0.403011	0.390038	0.419122	0.390825	0.457588	0.45947	0.45974	0.464028	0.47398	0.463056	0.413469	0.433577	0.413412	0.413531	0.413891	0.414114	0.388439	0.381334	0.39594	0.384019	0.41904	0.382162
ERR637063	0.281554	0.280222	0.283213	0.28316	0.28339	0.285263	0.391156	0.392199	0.392379	0.392004	0.391524	0.411105	0.353111	0.352404	0.346269	0.349696	0.344699	0.344827	0.234886	0.234402	0.235454	0.233757	0	0.235114	0.329797	0.281576	0.326911	0.282201	0.281204	0.312278	0.419786	0.420173	0.419696	0.420541	0.421643	0.418245	0.476925	0.483323	0.480127	0.4828	0.481739	0.477627	0.29627	0.300958	0.301756	0.277941	0.299177	0.277119	0.463583	0.420776	0.439897	0.42819	0.42245	0.437394	0.654493	0.652336	0.65397	0.654526	0.649209	0.655199	0.549615	0.550029	0.547623	0.546099	0.543449	0.543806	0.496882	0.500015	0.500213	0.506804	0.508939	0.509063	0.41016	0.394492	0.409499	0.393157	0.427411	0.394468	0.463457	0.465272	0.466035	0.471397	0.475698	0.466733	0.415545	0.432	0.413147	0.415292	0.415568	0.416221	0.393215	0.38302	0.401392	0.387512	0.427257	0.382476
ERR637064	0.285214	0.281382	0.281874	0.281804	0.282736	0.280338	0.386785	0.391733	0.387019	0.390762	0.385785	0.41886	0.354398	0.353023	0.340664	0.346014	0.339737	0.339316	0.231796	0.23218	0.231767	0.232109	0.235114	0	0.309383	0.279222	0.307283	0.27928	0.277727	0.294527	0.411661	0.411487	0.417305	0.411698	0.412712	0.41636	0.469492	0.480398	0.479279	0.482423	0.480545	0.47052	0.285771	0.288001	0.288753	0.280326	0.287974	0.277721	0.471624	0.417797	0.441072	0.430473	0.422271	0.437789	0.64135	0.644787	0.646038	0.642016	0.638227	0.647585	0.540361	0.539276	0.536879	0.536715	0.534353	0.53438	0.488628	0.489374	0.4881	0.49655	0.499526	0.499884	0.401215	0.391301	0.399908	0.390965	0.415014	0.391514	0.454039	0.455665	0.456058	0.459745	0.472972	0.46079	0.413792	0.43482	0.415034	0.413909	0.413895	0.414275	0.387922	0.382562	0.394533	0.384098	0.415413	0.384454
ERR608806	0.34174	0.332249	0.326637	0.326431	0.329094	0.316457	0.391692	0.408348	0.388597	0.404715	0.385981	0.457945	0.383438	0.382557	0.351709	0.363304	0.353741	0.350448	0.31528	0.316943	0.314012	0.318065	0.329797	0.309383	0	0.28707	0.234133	0.285388	0.281173	0.235006	0.406753	0.405407	0.429359	0.405673	0.404983	0.429955	0.457228	0.481495	0.48753	0.491805	0.48778	0.459797	0.303347	0.297191	0.29775	0.342995	0.302885	0.334058	0.508532	0.429871	0.460903	0.457294	0.4421	0.456434	0.595257	0.618992	0.618612	0.598478	0.601612	0.621568	0.508988	0.502207	0.499341	0.504837	0.504094	0.502242	0.468602	0.460019	0.452876	0.467042	0.473289	0.473583	0.403465	0.412743	0.399157	0.415298	0.401251	0.413861	0.433916	0.433904	0.432413	0.430876	0.472383	0.449939	0.434155	0.464632	0.444813	0.435454	0.433543	0.433481	0.409421	0.419996	0.409077	0.412331	0.407705	0.429337
ERR608810	0.288599	0.287958	0.28569	0.286236	0.285742	0.286781	0.375826	0.37963	0.374465	0.378296	0.37446	0.409978	0.34011	0.339559	0.328451	0.3327	0.328204	0.328113	0.286363	0.281207	0.280548	0.281099	0.281576	0.279222	0.28707	0	0.287467	0.231803	0.231665	0.273342	0.414245	0.415931	0.415314	0.417468	0.417036	0.415992	0.466964	0.476893	0.480143	0.48302	0.481246	0.468233	0.302379	0.301728	0.302262	0.294076	0.30449	0.294744	0.469918	0.422407	0.435777	0.432759	0.426758	0.433719	0.633855	0.642398	0.642118	0.634723	0.633513	0.644108	0.533888	0.531801	0.53049	0.531357	0.530565	0.529838	0.486563	0.487244	0.486485	0.489614	0.492112	0.491676	0.416118	0.404286	0.41151	0.403997	0.427699	0.404902	0.446759	0.446687	0.448567	0.452375	0.45911	0.44906	0.421941	0.432329	0.422992	0.419668	0.418665	0.421781	0.408061	0.400704	0.415797	0.402907	0.435941	0.405296
ERR608807	0.339956	0.33027	0.325353	0.324955	0.327844	0.315378	0.391256	0.407397	0.388463	0.403908	0.385747	0.456033	0.383033	0.382051	0.351882	0.363297	0.3536	0.350476	0.311453	0.313984	0.311174	0.315178	0.326911	0.307283	0.234133	0.287467	0	0.285704	0.281333	0.234499	0.405229	0.403569	0.427864	0.403778	0.403417	0.42774	0.456333	0.479895	0.485128	0.489342	0.48546	0.458918	0.300643	0.295686	0.296126	0.340655	0.300196	0.331379	0.506117	0.427942	0.459577	0.455044	0.439564	0.455023	0.595633	0.617241	0.617083	0.598787	0.601181	0.620009	0.508199	0.501379	0.498543	0.503572	0.502511	0.500753	0.46704	0.458649	0.451794	0.466528	0.472776	0.473148	0.400999	0.409365	0.397584	0.411967	0.399343	0.410403	0.433598	0.433615	0.431954	0.430988	0.471726	0.449529	0.43174	0.463402	0.442073	0.433319	0.431643	0.431252	0.40678	0.417062	0.405762	0.409475	0.405103	0.425691
ERR608808	0.289739	0.288722	0.286382	0.286872	0.286388	0.286879	0.375999	0.380004	0.374449	0.378935	0.37441	0.411497	0.34101	0.340676	0.328662	0.333451	0.328677	0.328505	0.286385	0.281107	0.280516	0.28121	0.282201	0.27928	0.285388	0.231803	0.285704	0	0.23135	0.271561	0.41377	0.41537	0.415213	0.416964	0.416527	0.416004	0.466465	0.476813	0.480405	0.483244	0.481327	0.467894	0.3025	0.301244	0.301848	0.294805	0.304066	0.295499	0.470696	0.422408	0.43618	0.433435	0.427265	0.434088	0.63278	0.642115	0.641725	0.633592	0.63276	0.643823	0.533359	0.531134	0.529768	0.530861	0.530145	0.529185	0.486285	0.48668	0.485913	0.488955	0.491559	0.491302	0.415456	0.404269	0.410772	0.40417	0.426943	0.404644	0.446714	0.446555	0.448236	0.451908	0.459404	0.449107	0.421897	0.432834	0.423475	0.419747	0.418792	0.421752	0.407567	0.400474	0.415385	0.402381	0.435117	0.40533
ERR608809	0.289289	0.287876	0.285488	0.285964	0.286057	0.285745	0.375377	0.380095	0.373946	0.378925	0.373789	0.412183	0.342381	0.341909	0.328912	0.333862	0.328876	0.328501	0.284428	0.279567	0.27912	0.279782	0.281204	0.277727	0.281173	0.231665	0.281333	0.23135	0	0.267975	0.412674	0.413945	0.415695	0.415473	0.414952	0.416464	0.466455	0.477709	0.48104	0.484137	0.48209	0.468025	0.299284	0.298213	0.299	0.293428	0.301185	0.293464	0.472463	0.421889	0.437363	0.434032	0.427074	0.434917	0.632604	0.642109	0.641859	0.633618	0.632662	0.643913	0.533428	0.53096	0.529583	0.530668	0.529883	0.529078	0.485891	0.485723	0.48454	0.488595	0.491199	0.491014	0.413322	0.402847	0.408944	0.402709	0.424475	0.403352	0.445742	0.445602	0.447222	0.450729	0.460358	0.449243	0.421397	0.433802	0.42301	0.419418	0.418537	0.421272	0.406045	0.399696	0.413332	0.401055	0.43239	0.404651
ERR608805	0.326757	0.317899	0.313397	0.313095	0.315707	0.304408	0.384722	0.399364	0.382373	0.396176	0.379787	0.445934	0.373586	0.372865	0.344838	0.355721	0.346187	0.343343	0.299248	0.301088	0.298537	0.302002	0.312278	0.294527	0.235006	0.273342	0.234499	0.271561	0.267975	0	0.40305	0.401797	0.422704	0.402134	0.401709	0.422741	0.455921	0.477619	0.48233	0.486341	0.482732	0.458407	0.293248	0.288993	0.289361	0.32628	0.293551	0.318046	0.498006	0.423148	0.453189	0.448179	0.433909	0.448915	0.601874	0.621025	0.620939	0.604494	0.606107	0.623689	0.511282	0.505597	0.502775	0.5071	0.506111	0.504438	0.468631	0.461762	0.455857	0.468926	0.474753	0.474909	0.398152	0.403464	0.394633	0.405518	0.39924	0.404486	0.43321	0.43337	0.43231	0.432104	0.468169	0.447406	0.425966	0.45568	0.434923	0.427094	0.425616	0.425533	0.401093	0.408872	0.401729	0.402688	0.405181	0.416872
ERR629698	0.445087	0.441583	0.440556	0.440008	0.440776	0.436759	0.481106	0.489483	0.481314	0.488274	0.479316	0.52018	0.46391	0.462709	0.450004	0.453225	0.450142	0.449263	0.413427	0.41368	0.412322	0.414515	0.419786	0.411661	0.406753	0.414245	0.405229	0.41377	0.412674	0.40305	0	0.236634	0.256507	0.236977	0.236786	0.255737	0.325868	0.350022	0.357129	0.362001	0.356856	0.328018	0.430181	0.428168	0.429201	0.449652	0.43106	0.443272	0.401521	0.315337	0.343703	0.341847	0.325111	0.337681	0.522742	0.539095	0.539965	0.526064	0.524217	0.542351	0.402122	0.397564	0.394811	0.398327	0.395463	0.395875	0.336025	0.332127	0.329443	0.340487	0.345393	0.345694	0.289458	0.296027	0.287054	0.297961	0.293212	0.296641	0.333811	0.334069	0.334615	0.336968	0.363414	0.342976	0.321977	0.352394	0.33228	0.321432	0.319778	0.321525	0.295726	0.306433	0.293991	0.298262	0.296882	0.318581
ERR629702	0.446018	0.441651	0.44091	0.440077	0.441412	0.436778	0.482462	0.49136	0.482546	0.489764	0.480361	0.522681	0.467227	0.465734	0.45216	0.45624	0.452451	0.451222	0.412419	0.413631	0.412184	0.414372	0.420173	0.411487	0.405407	0.415931	0.403569	0.41537	0.413945	0.401797	0.236634	0	0.262967	0.235271	0.234316	0.261046	0.331282	0.356568	0.363021	0.367924	0.362791	0.333748	0.42852	0.427079	0.428126	0.449039	0.429394	0.442319	0.407068	0.316623	0.348752	0.34541	0.327085	0.342399	0.527414	0.543651	0.544737	0.530989	0.529304	0.547285	0.408022	0.402617	0.399863	0.403643	0.400517	0.400757	0.340131	0.334817	0.331056	0.34487	0.350353	0.350998	0.286564	0.293617	0.284696	0.296038	0.289357	0.294111	0.335658	0.336386	0.335892	0.338216	0.369461	0.347201	0.322335	0.357634	0.333832	0.322937	0.321305	0.321881	0.293515	0.305478	0.290551	0.296488	0.292483	0.317303
ERR629700	0.444833	0.444742	0.444963	0.444521	0.444489	0.444494	0.482184	0.485395	0.482875	0.485241	0.482	0.506473	0.455394	0.454627	0.451608	0.451379	0.450972	0.451471	0.418979	0.417266	0.416739	0.417977	0.419696	0.417305	0.429359	0.415314	0.427864	0.415213	0.415695	0.422704	0.256507	0.262967	0	0.264635	0.264475	0.24342	0.318928	0.324037	0.328209	0.331153	0.328379	0.31855	0.444218	0.44353	0.444468	0.453279	0.445701	0.448832	0.362112	0.314941	0.32005	0.32094	0.31676	0.317034	0.518967	0.522329	0.523381	0.51993	0.514115	0.525051	0.392713	0.393689	0.392438	0.390779	0.388009	0.389731	0.332616	0.339997	0.346775	0.341905	0.341848	0.341422	0.314097	0.306543	0.312158	0.306062	0.326981	0.306461	0.346014	0.345998	0.350569	0.357441	0.344436	0.339399	0.321495	0.325686	0.321726	0.317263	0.315853	0.321741	0.308932	0.30711	0.313025	0.305973	0.330101	0.315257
ERR629703	0.446696	0.442157	0.441451	0.440645	0.44189	0.437104	0.483099	0.492007	0.483266	0.490429	0.480962	0.523042	0.468545	0.467031	0.45321	0.457193	0.453293	0.452099	0.412649	0.413733	0.412288	0.414514	0.420541	0.411698	0.405673	0.417468	0.403778	0.416964	0.415473	0.402134	0.236977	0.235271	0.264635	0	0.235132	0.262833	0.332664	0.358604	0.364475	0.369416	0.364391	0.335192	0.428413	0.426941	0.427892	0.449226	0.429294	0.442407	0.408804	0.316907	0.350612	0.346438	0.327825	0.344137	0.529404	0.545409	0.546546	0.533074	0.531032	0.549093	0.409581	0.404312	0.401316	0.40506	0.401583	0.402184	0.341085	0.335689	0.331438	0.346399	0.351947	0.352824	0.2853	0.293272	0.283873	0.295402	0.288293	0.293778	0.336174	0.337137	0.33641	0.338441	0.371284	0.348687	0.322242	0.359013	0.333799	0.322916	0.321944	0.321866	0.292849	0.30527	0.289571	0.296213	0.291087	0.316926
ERR629701	0.447514	0.442973	0.442121	0.441457	0.442626	0.437628	0.483446	0.492424	0.483472	0.490968	0.481253	0.524211	0.468631	0.467155	0.452951	0.457094	0.453301	0.451987	0.41381	0.414998	0.413466	0.415638	0.421643	0.412712	0.404983	0.417036	0.403417	0.416527	0.414952	0.401709	0.236786	0.234316	0.264475	0.235132	0	0.262694	0.331766	0.357855	0.364523	0.369572	0.364339	0.334345	0.429148	0.427414	0.428391	0.450276	0.429997	0.443571	0.409667	0.31815	0.350846	0.34775	0.329071	0.344455	0.526494	0.543751	0.544798	0.530295	0.528835	0.547344	0.407745	0.401934	0.399138	0.403201	0.400304	0.400475	0.340148	0.334347	0.330295	0.344425	0.350045	0.350817	0.286865	0.294923	0.284509	0.297354	0.288802	0.295707	0.336223	0.33663	0.335913	0.338118	0.370982	0.34808	0.324037	0.359955	0.336033	0.324708	0.323246	0.323631	0.294633	0.307088	0.291178	0.297847	0.292246	0.319256
ERR629699	0.444164	0.443822	0.444557	0.444149	0.444123	0.44421	0.48236	0.485234	0.483151	0.484771	0.482327	0.505716	0.456363	0.455244	0.452598	0.452491	0.451692	0.452306	0.417123	0.416362	0.415838	0.416755	0.418245	0.41636	0.429955	0.415992	0.42774	0.416004	0.416464	0.422741	0.255737	0.261046	0.24342	0.262833	0.262694	0	0.320976	0.325188	0.328082	0.331007	0.328135	0.320658	0.442852	0.442943	0.443923	0.452047	0.444357	0.446979	0.361466	0.313909	0.321067	0.319784	0.315071	0.317696	0.522052	0.523002	0.524329	0.523039	0.516712	0.525945	0.394516	0.395315	0.394383	0.39213	0.388625	0.390811	0.332325	0.34006	0.346739	0.343174	0.343326	0.343094	0.311645	0.301838	0.310826	0.301474	0.32489	0.30176	0.346103	0.346493	0.350432	0.357833	0.345955	0.340472	0.319366	0.326428	0.319631	0.31603	0.314686	0.319659	0.306451	0.304451	0.309251	0.303508	0.327422	0.311449
ERR629916	0.497154	0.495849	0.494295	0.494027	0.494033	0.491657	0.516034	0.521975	0.515694	0.520749	0.514748	0.547518	0.488155	0.488001	0.483183	0.48293	0.482827	0.483468	0.47251	0.471848	0.470279	0.472911	0.476925	0.469492	0.457228	0.466964	0.456333	0.466465	0.466455	0.455921	0.325868	0.331282	0.318928	0.332664	0.331766	0.320976	0	0.265496	0.278383	0.282625	0.277274	0.250036	0.487834	0.484837	0.485643	0.513943	0.488291	0.506468	0.405551	0.361405	0.362365	0.371873	0.366433	0.359953	0.454564	0.4688	0.468494	0.456328	0.453829	0.471178	0.332997	0.331275	0.330263	0.331341	0.329889	0.330527	0.319915	0.323546	0.33067	0.321222	0.321071	0.320957	0.357454	0.36657	0.354498	0.368311	0.356621	0.367231	0.342741	0.340488	0.345389	0.349415	0.344709	0.337674	0.379019	0.380358	0.384564	0.375939	0.372592	0.378667	0.374151	0.385046	0.371217	0.377261	0.367877	0.397358
ERR629917	0.50497	0.505409	0.505432	0.505248	0.504764	0.505081	0.52395	0.525241	0.524275	0.52486	0.5239	0.541941	0.491606	0.491808	0.494829	0.491911	0.493507	0.495098	0.48205	0.481237	0.480149	0.482092	0.483323	0.480398	0.481495	0.476893	0.479895	0.476813	0.477709	0.477619	0.350022	0.356568	0.324037	0.358604	0.357855	0.325188	0.265496	0	0.26047	0.262568	0.260402	0.262478	0.50394	0.502699	0.503696	0.522161	0.504872	0.515715	0.380849	0.371983	0.357167	0.366146	0.370058	0.356802	0.457938	0.454718	0.455395	0.457302	0.449523	0.456952	0.335561	0.340229	0.340596	0.335047	0.333275	0.335476	0.328793	0.34304	0.357905	0.336544	0.331517	0.331066	0.382073	0.379878	0.380773	0.38004	0.388095	0.380185	0.365911	0.364362	0.371159	0.379151	0.343024	0.349777	0.387013	0.371348	0.385033	0.382128	0.379565	0.387417	0.390126	0.39251	0.39	0.389646	0.397077	0.400891
ERR629921	0.503565	0.504267	0.505279	0.50487	0.504558	0.505631	0.525814	0.525806	0.526528	0.525193	0.5261	0.538083	0.494307	0.494842	0.498862	0.496225	0.497453	0.499175	0.479468	0.479044	0.478461	0.479786	0.480127	0.479279	0.48753	0.480143	0.485128	0.480405	0.48104	0.48233	0.357129	0.363021	0.328209	0.364475	0.364523	0.328082	0.278383	0.26047	0	0.258761	0.258052	0.275031	0.504522	0.504982	0.505839	0.520061	0.505848	0.513733	0.373289	0.374039	0.359701	0.364124	0.369937	0.35998	0.471395	0.459265	0.461342	0.469754	0.459337	0.462197	0.347143	0.35378	0.35325	0.345791	0.343239	0.345606	0.337228	0.353122	0.369438	0.349207	0.3438	0.343459	0.386017	0.380088	0.386402	0.3796	0.395063	0.380201	0.377126	0.376089	0.382265	0.391838	0.350997	0.359715	0.387352	0.371708	0.382242	0.383095	0.381372	0.387945	0.390189	0.389985	0.390471	0.388808	0.401151	0.39494
ERR629920	0.506195	0.507271	0.50829	0.507953	0.507473	0.508891	0.527873	0.527409	0.528566	0.527138	0.528348	0.538487	0.496303	0.496701	0.50175	0.498674	0.500173	0.501929	0.482454	0.481886	0.481299	0.4826	0.4828	0.482423	0.491805	0.48302	0.489342	0.483244	0.484137	0.486341	0.362001	0.367924	0.331153	0.369416	0.369572	0.331007	0.282625	0.262568	0.258761	0	0.259233	0.278983	0.508015	0.508499	0.509259	0.522712	0.509277	0.516586	0.372108	0.377242	0.360895	0.365352	0.372404	0.361216	0.473762	0.460506	0.462298	0.471659	0.461065	0.462938	0.348765	0.355965	0.356027	0.347798	0.345355	0.348126	0.340464	0.357437	0.373937	0.352531	0.346643	0.346489	0.390806	0.383983	0.391125	0.383288	0.400306	0.384173	0.380805	0.379906	0.386396	0.396107	0.352641	0.362822	0.389818	0.371803	0.384133	0.385127	0.383543	0.390524	0.394326	0.393032	0.394963	0.392535	0.406543	0.397625
ERR629919	0.504965	0.505658	0.506491	0.506091	0.505726	0.506772	0.525938	0.526174	0.526559	0.525707	0.526244	0.538833	0.495187	0.495262	0.499593	0.496699	0.498026	0.49979	0.480816	0.480307	0.479585	0.481105	0.481739	0.480545	0.48778	0.481246	0.48546	0.481327	0.48209	0.482732	0.356856	0.362791	0.328379	0.364391	0.364339	0.328135	0.277274	0.260402	0.258052	0.259233	0	0.274249	0.505475	0.505678	0.506492	0.521465	0.506588	0.515147	0.374913	0.374037	0.359999	0.364677	0.370295	0.360023	0.47101	0.460233	0.462126	0.469394	0.459253	0.463029	0.345555	0.351957	0.351524	0.344318	0.341693	0.34428	0.336264	0.35235	0.367808	0.348107	0.34267	0.342426	0.385676	0.380581	0.386112	0.38028	0.394436	0.380678	0.375806	0.374774	0.380897	0.390325	0.349933	0.358735	0.38719	0.371214	0.382606	0.382681	0.380872	0.387819	0.390585	0.39064	0.390847	0.38933	0.400977	0.396097
ERR629918	0.49837	0.497124	0.495715	0.495368	0.495433	0.493332	0.517428	0.522705	0.51713	0.521879	0.516267	0.547494	0.489039	0.488922	0.485052	0.484556	0.484629	0.485308	0.473546	0.472859	0.471282	0.473886	0.477627	0.47052	0.459797	0.468233	0.458918	0.467894	0.468025	0.458407	0.328018	0.333748	0.31855	0.335192	0.334345	0.320658	0.250036	0.262478	0.275031	0.278983	0.274249	0	0.489914	0.48705	0.487877	0.515157	0.49052	0.507824	0.402541	0.36199	0.36129	0.37071	0.366684	0.359531	0.454028	0.466545	0.466494	0.455403	0.452349	0.468998	0.331713	0.331082	0.330058	0.330443	0.329126	0.329453	0.31955	0.324729	0.332926	0.321947	0.320902	0.320802	0.359977	0.368105	0.357294	0.369608	0.360045	0.368763	0.345372	0.343457	0.348379	0.353142	0.344477	0.338968	0.379702	0.379239	0.384464	0.376312	0.372897	0.379489	0.375308	0.385231	0.372867	0.378021	0.370595	0.397338
ERR607785	0.294429	0.286761	0.285106	0.285037	0.287794	0.279833	0.395167	0.404546	0.39458	0.402351	0.392818	0.439373	0.35642	0.354718	0.334538	0.342273	0.334609	0.332299	0.287029	0.288434	0.287464	0.289026	0.29627	0.285771	0.303347	0.302379	0.300643	0.3025	0.299284	0.293248	0.430181	0.42852	0.444218	0.428413	0.429148	0.442852	0.487834	0.50394	0.504522	0.508015	0.505475	0.489914	0	0.238406	0.239188	0.258555	0.238008	0.251704	0.503224	0.439222	0.467672	0.458324	0.446417	0.463553	0.64726	0.655235	0.656051	0.648958	0.64674	0.658285	0.547402	0.543887	0.541602	0.543248	0.540419	0.540444	0.498304	0.495377	0.4908	0.503703	0.508524	0.508647	0.413829	0.411837	0.41323	0.412837	0.421429	0.412296	0.461778	0.463635	0.462019	0.463747	0.490597	0.473668	0.435564	0.463504	0.441079	0.436883	0.436585	0.435606	0.410763	0.412933	0.413688	0.410277	0.425049	0.416897
ERR607781	0.298174	0.29036	0.287245	0.287285	0.289938	0.280679	0.394728	0.405348	0.39377	0.403319	0.392009	0.443517	0.356422	0.354578	0.332155	0.340206	0.332681	0.330237	0.291435	0.292255	0.290777	0.292982	0.300958	0.288001	0.297191	0.301728	0.295686	0.301244	0.298213	0.288993	0.428168	0.427079	0.44353	0.426941	0.427414	0.442943	0.484837	0.502699	0.504982	0.508499	0.505678	0.48705	0.238406	0	0.236171	0.264989	0.239582	0.256498	0.506001	0.439238	0.467598	0.459773	0.447746	0.463457	0.640839	0.652825	0.653166	0.642747	0.641827	0.655577	0.543591	0.539609	0.537314	0.539783	0.537375	0.537217	0.495683	0.491696	0.486351	0.499307	0.504251	0.504459	0.413499	0.414073	0.411709	0.415208	0.419113	0.414383	0.458637	0.46018	0.458922	0.459558	0.489013	0.471294	0.436763	0.464214	0.443308	0.437776	0.436942	0.436496	0.411525	0.415151	0.414577	0.411738	0.4236	0.420549
ERR607783	0.298897	0.290975	0.287749	0.287728	0.290512	0.281301	0.395031	0.405711	0.393906	0.403657	0.392204	0.444002	0.357356	0.355709	0.332956	0.341276	0.333858	0.331107	0.29221	0.293071	0.29169	0.293761	0.301756	0.288753	0.29775	0.302262	0.296126	0.301848	0.299	0.289361	0.429201	0.428126	0.444468	0.427892	0.428391	0.443923	0.485643	0.503696	0.505839	0.509259	0.506492	0.487877	0.239188	0.236171	0	0.265761	0.240253	0.257558	0.507157	0.440455	0.468715	0.461048	0.44898	0.464781	0.641341	0.653638	0.653899	0.643086	0.642376	0.656398	0.544214	0.540286	0.537892	0.540338	0.538079	0.53777	0.496357	0.492249	0.486986	0.499861	0.504842	0.505134	0.414638	0.415408	0.412689	0.416736	0.420183	0.415804	0.459807	0.461114	0.459826	0.460454	0.490153	0.472268	0.437779	0.465351	0.444505	0.43904	0.438112	0.437763	0.412818	0.416492	0.415695	0.412903	0.42468	0.421668
