	ERR636852	ERR636847	ERR636848	ERR636849	ERR636851	ERR636850	ERR629940	ERR629944	ERR629945	ERR629943	ERR629942	ERR629941	ERR636926	ERR636927	ERR636925	ERR636930	ERR636928	ERR636929	ERR605645	ERR605646	ERR605641	ERR605643	ERR605644	ERR605642	ERR607308	ERR607310	ERR607305	ERR607307	ERR607309	ERR607306	ERR629858	ERR629860	ERR629856	ERR629861	ERR629859	ERR629857	ERR608742	ERR608741	ERR608743	ERR608739	ERR608744	ERR608740	ERR607656	ERR607654	ERR607655	ERR607652	ERR607653	ERR607651	ERR612681	ERR612686	ERR612685	ERR612683	ERR612684	ERR612682	ERR638269	ERR638267	ERR638268	ERR638272	ERR638271	ERR638270	ERR611515	ERR611511	ERR611512	ERR611516	ERR611513	ERR611514	ERR617001	ERR617002	ERR616998	ERR616999	ERR617000	ERR616997	ERR616477	ERR616479	ERR616476	ERR616474	ERR616478	ERR616475	ERR622045	ERR622047	ERR622046	ERR622049	ERR622050	ERR622048	ERR629887	ERR629891	ERR629889	ERR629886	ERR629890	ERR629888	ERR629758	ERR629759	ERR629763	ERR629761	ERR629760	ERR629762
ERR636852	0	0.250616	0.242658	0.240788	0.238707	0.238632	0.426456	0.42494	0.424006	0.424601	0.424959	0.421872	0.281544	0.280112	0.303478	0.269749	0.269576	0.269174	0.416102	0.419361	0.396764	0.411392	0.425773	0.410969	0.345121	0.340798	0.313756	0.296514	0.342382	0.300008	0.311966	0.338756	0.310428	0.335601	0.340058	0.331573	0.310377	0.302068	0.311513	0.395953	0.309454	0.321396	0.274616	0.271845	0.272961	0.270772	0.270978	0.273074	0.455965	0.477882	0.474136	0.460308	0.476669	0.491823	0.468731	0.464292	0.459948	0.440138	0.431101	0.431226	0.440993	0.445478	0.447297	0.441119	0.446695	0.442036	0.588855	0.585696	0.568494	0.566456	0.58572	0.571324	0.430795	0.430188	0.443853	0.44552	0.430882	0.528655	0.472599	0.488039	0.486985	0.459733	0.456153	0.46025	0.326171	0.330903	0.328832	0.298539	0.334111	0.301291	0.299189	0.32242	0.296481	0.296752	0.325076	0.297053
ERR636847	0.250616	0	0.247684	0.245706	0.251045	0.251146	0.432161	0.418495	0.41917	0.419744	0.429568	0.418396	0.266554	0.264808	0.27881	0.263957	0.264154	0.264306	0.40541	0.408247	0.391118	0.400936	0.413284	0.401069	0.316943	0.313731	0.290958	0.280681	0.314933	0.283575	0.305497	0.321135	0.30543	0.318958	0.322521	0.316084	0.284641	0.279088	0.286027	0.362913	0.284132	0.293035	0.290952	0.284773	0.286987	0.276574	0.277715	0.269382	0.458609	0.474052	0.470378	0.459976	0.473028	0.485097	0.456625	0.452983	0.449173	0.435207	0.429425	0.429347	0.432678	0.434651	0.434882	0.432478	0.438251	0.429309	0.59506	0.592683	0.577821	0.576311	0.592457	0.579897	0.431935	0.431847	0.433877	0.435295	0.432415	0.508758	0.456824	0.469608	0.468639	0.446365	0.444011	0.447129	0.299366	0.307514	0.306238	0.284838	0.309994	0.285932	0.290872	0.298443	0.294838	0.293948	0.299637	0.294238
ERR636848	0.242658	0.247684	0	0.240805	0.241998	0.242163	0.425353	0.426117	0.425345	0.425655	0.423759	0.421347	0.276502	0.277961	0.299335	0.269274	0.268602	0.268476	0.416182	0.418783	0.393691	0.408997	0.421951	0.408263	0.339623	0.333813	0.309812	0.293916	0.335473	0.294235	0.308916	0.339618	0.307208	0.336722	0.340765	0.329658	0.310624	0.301554	0.312024	0.3989	0.309769	0.322039	0.279046	0.276479	0.277447	0.270952	0.273873	0.274145	0.453927	0.475446	0.471998	0.459414	0.474323	0.489875	0.466848	0.463273	0.458906	0.441358	0.430107	0.430467	0.440192	0.442787	0.444116	0.440145	0.443591	0.44339	0.590839	0.588235	0.567785	0.565498	0.587588	0.571996	0.431362	0.430917	0.44127	0.443371	0.430928	0.52524	0.470258	0.486328	0.485159	0.458132	0.454758	0.458286	0.326965	0.334946	0.332623	0.299009	0.337994	0.301975	0.299112	0.322166	0.298086	0.297581	0.324049	0.298284
ERR636849	0.240788	0.245706	0.240805	0	0.240668	0.240653	0.42564	0.422141	0.4216	0.421987	0.424035	0.419102	0.276845	0.275674	0.297385	0.267219	0.267214	0.266879	0.412573	0.415689	0.393756	0.407931	0.421722	0.407344	0.338093	0.334161	0.307676	0.291566	0.335534	0.29489	0.308562	0.333975	0.307103	0.331326	0.335492	0.326567	0.304954	0.29686	0.305665	0.389624	0.303669	0.315365	0.276995	0.273795	0.274962	0.270227	0.270747	0.270763	0.454898	0.475501	0.471815	0.458607	0.474298	0.489203	0.4649	0.460634	0.456477	0.437474	0.429147	0.429231	0.437274	0.441221	0.442848	0.437219	0.443043	0.437813	0.588918	0.586028	0.56904	0.566911	0.585865	0.571773	0.429071	0.428549	0.440116	0.441907	0.429084	0.523489	0.468002	0.483251	0.482084	0.455707	0.452375	0.456181	0.319505	0.325791	0.323809	0.29423	0.328808	0.296977	0.295755	0.316273	0.294757	0.294698	0.318926	0.294836
ERR636851	0.238707	0.251045	0.241998	0.240668	0	0.238544	0.425792	0.42522	0.424284	0.424813	0.424334	0.421802	0.281169	0.280481	0.303845	0.269886	0.269345	0.269154	0.416789	0.419921	0.396719	0.411691	0.42578	0.411156	0.345545	0.341082	0.314279	0.296735	0.342475	0.300106	0.311958	0.339701	0.310439	0.336734	0.341076	0.332077	0.31139	0.302974	0.312672	0.397666	0.310404	0.32251	0.274214	0.27191	0.272467	0.270122	0.270788	0.273159	0.455283	0.477474	0.473753	0.459901	0.476202	0.491707	0.468875	0.464588	0.460245	0.44038	0.430691	0.430909	0.441153	0.445501	0.447345	0.441132	0.446627	0.442678	0.588823	0.585717	0.567873	0.565812	0.585694	0.570972	0.430442	0.429868	0.443678	0.445488	0.430401	0.528934	0.472688	0.488427	0.487358	0.459781	0.456198	0.460262	0.327623	0.332957	0.330801	0.299582	0.335954	0.302393	0.299535	0.323687	0.297017	0.297267	0.326165	0.297504
ERR636850	0.238632	0.251146	0.242163	0.240653	0.238544	0	0.426381	0.425582	0.424683	0.42517	0.42508	0.422278	0.281187	0.280019	0.303322	0.269319	0.269043	0.268852	0.416639	0.419971	0.396665	0.411559	0.425619	0.410932	0.34526	0.340811	0.314	0.296609	0.342201	0.29977	0.31156	0.339144	0.310035	0.336254	0.340741	0.331876	0.311158	0.30265	0.31233	0.397177	0.310065	0.322108	0.273878	0.271565	0.272342	0.269993	0.270553	0.272866	0.455977	0.478085	0.474396	0.460541	0.476886	0.49236	0.469401	0.46482	0.46062	0.440837	0.431278	0.431436	0.441536	0.445867	0.447633	0.441462	0.446884	0.442937	0.589342	0.586099	0.568407	0.566472	0.586235	0.571517	0.431085	0.430483	0.44419	0.445941	0.431128	0.529159	0.473312	0.488964	0.487839	0.46041	0.456953	0.460878	0.327218	0.33217	0.330108	0.299116	0.335345	0.302067	0.299371	0.323414	0.296808	0.296808	0.325791	0.297303
ERR629940	0.426456	0.432161	0.425353	0.42564	0.425792	0.426381	0	0.261097	0.255525	0.254692	0.228742	0.24183	0.452495	0.452659	0.46692	0.447136	0.44704	0.447208	0.49183	0.494137	0.471505	0.485495	0.497536	0.484865	0.460348	0.456479	0.437859	0.426531	0.457566	0.426617	0.4273	0.452311	0.4259	0.449612	0.453464	0.444446	0.474494	0.46856	0.473978	0.532306	0.473069	0.480877	0.43436	0.433143	0.433506	0.430677	0.432493	0.434537	0.318957	0.352001	0.347893	0.32864	0.350458	0.377338	0.353647	0.350366	0.344802	0.313779	0.293846	0.294731	0.354275	0.358741	0.361883	0.354852	0.356741	0.366206	0.498178	0.494992	0.465175	0.461406	0.49366	0.471908	0.292806	0.29196	0.317177	0.321423	0.291304	0.446186	0.375988	0.403073	0.400235	0.35824	0.352225	0.358336	0.437526	0.444027	0.441846	0.414759	0.446402	0.416565	0.398449	0.42054	0.396745	0.396404	0.421948	0.396685
ERR629944	0.42494	0.418495	0.426117	0.422141	0.42522	0.425582	0.261097	0	0.228016	0.228727	0.256875	0.233095	0.444052	0.440039	0.449407	0.439402	0.440177	0.440532	0.477641	0.480556	0.471003	0.476892	0.490019	0.478291	0.435187	0.435659	0.41594	0.408796	0.435957	0.414056	0.423304	0.428626	0.424064	0.426408	0.430117	0.429262	0.447179	0.445569	0.44667	0.486987	0.446452	0.449781	0.439772	0.434827	0.436542	0.431113	0.430244	0.425161	0.33878	0.352465	0.347931	0.333601	0.351282	0.365607	0.327714	0.322653	0.31848	0.296011	0.296601	0.295847	0.333945	0.339715	0.340004	0.334474	0.345332	0.324888	0.50534	0.501989	0.49203	0.49052	0.502279	0.490469	0.295349	0.295536	0.29953	0.300486	0.296978	0.40645	0.341681	0.361049	0.358341	0.32767	0.323654	0.328903	0.395924	0.399547	0.398126	0.389654	0.400787	0.388904	0.38206	0.384581	0.385242	0.384828	0.386219	0.384343
ERR629945	0.424006	0.41917	0.425345	0.4216	0.424284	0.424683	0.255525	0.228016	0	0.227994	0.251523	0.231002	0.444561	0.440811	0.450734	0.439396	0.440141	0.440612	0.478533	0.481334	0.470772	0.477527	0.490737	0.478635	0.437753	0.437687	0.417603	0.409936	0.438094	0.41488	0.423003	0.43023	0.423745	0.427761	0.431655	0.430067	0.449482	0.447369	0.448974	0.491123	0.448501	0.452338	0.438435	0.433721	0.435396	0.430459	0.429673	0.425382	0.335435	0.351387	0.346661	0.331272	0.350064	0.365821	0.329079	0.324082	0.319463	0.295334	0.294	0.29346	0.334594	0.3408	0.341549	0.335071	0.345446	0.32761	0.50271	0.499241	0.487753	0.486192	0.499659	0.486892	0.291957	0.292126	0.299496	0.300569	0.293538	0.410024	0.344631	0.364835	0.362095	0.329723	0.325296	0.330949	0.399508	0.403309	0.401883	0.391478	0.404795	0.391142	0.38296	0.387732	0.38547	0.38523	0.389692	0.384671
ERR629943	0.424601	0.419744	0.425655	0.421987	0.424813	0.42517	0.254692	0.228727	0.227994	0	0.250865	0.230834	0.445068	0.441402	0.451552	0.439959	0.440691	0.440993	0.478765	0.481563	0.470617	0.477574	0.490801	0.478579	0.438533	0.438508	0.418671	0.410884	0.43896	0.415488	0.423283	0.430995	0.423775	0.428558	0.432435	0.430725	0.450623	0.44842	0.450048	0.492858	0.449601	0.453759	0.438684	0.434234	0.435804	0.43088	0.430184	0.42615	0.334456	0.350428	0.346008	0.330618	0.349209	0.365572	0.329228	0.324408	0.319829	0.295306	0.293668	0.292955	0.334723	0.340604	0.341434	0.335092	0.345163	0.328295	0.502394	0.499103	0.486869	0.4849	0.499364	0.486138	0.291936	0.292085	0.29972	0.300889	0.293318	0.410784	0.34465	0.365495	0.362739	0.329961	0.325577	0.331151	0.400941	0.404918	0.403406	0.392392	0.406359	0.392148	0.383615	0.388712	0.385973	0.385653	0.390517	0.385153
ERR629942	0.424959	0.429568	0.423759	0.424035	0.424334	0.42508	0.228742	0.256875	0.251523	0.250865	0	0.238888	0.450328	0.450379	0.464041	0.445248	0.44514	0.445325	0.490329	0.49255	0.470631	0.483949	0.496123	0.483571	0.45698	0.453243	0.434804	0.423715	0.454311	0.423987	0.425396	0.44957	0.424288	0.446734	0.450542	0.44205	0.471148	0.465557	0.470711	0.527986	0.469796	0.477282	0.433873	0.432251	0.43283	0.429528	0.431168	0.432559	0.318711	0.350532	0.34656	0.327603	0.348987	0.374938	0.350436	0.346977	0.341388	0.311528	0.292317	0.293254	0.351278	0.355556	0.35832	0.351894	0.353967	0.362064	0.498516	0.495437	0.466612	0.462903	0.494165	0.473059	0.291636	0.290842	0.314192	0.318031	0.290163	0.44179	0.372013	0.398658	0.396059	0.354601	0.348537	0.354528	0.433198	0.439599	0.437485	0.411344	0.441832	0.41305	0.395664	0.416407	0.394413	0.393968	0.417787	0.394283
ERR629941	0.421872	0.418396	0.421347	0.419102	0.421802	0.422278	0.24183	0.233095	0.231002	0.230834	0.238888	0	0.442392	0.440302	0.451074	0.438448	0.438825	0.439128	0.479358	0.481818	0.466603	0.475833	0.488035	0.476183	0.438526	0.437262	0.418384	0.410049	0.437771	0.412842	0.419605	0.433361	0.419556	0.430975	0.434771	0.429766	0.453518	0.45001	0.452912	0.501475	0.45226	0.457577	0.43532	0.431472	0.432822	0.427309	0.427776	0.424695	0.325313	0.34527	0.340877	0.325316	0.343933	0.363468	0.330055	0.326194	0.32128	0.296227	0.288497	0.288416	0.334547	0.339017	0.340147	0.33498	0.34189	0.334898	0.499775	0.496709	0.478178	0.475583	0.496139	0.480292	0.287705	0.287578	0.297147	0.299666	0.288029	0.414371	0.34748	0.370551	0.367719	0.332137	0.327472	0.332785	0.406759	0.412653	0.410986	0.394193	0.414499	0.39453	0.383153	0.39299	0.385201	0.384435	0.394528	0.384331
ERR636926	0.281544	0.266554	0.276502	0.276845	0.281169	0.281187	0.452495	0.444052	0.444561	0.445068	0.450328	0.442392	0	0.245982	0.255047	0.249344	0.249331	0.249366	0.40358	0.405685	0.387881	0.397475	0.407036	0.397014	0.31746	0.313587	0.297644	0.291386	0.314731	0.290675	0.315524	0.331018	0.315271	0.32988	0.331787	0.324006	0.2884	0.28308	0.289484	0.364673	0.288503	0.296186	0.29843	0.29325	0.295035	0.283589	0.28641	0.277983	0.470683	0.48482	0.482148	0.473239	0.48408	0.495901	0.471265	0.468347	0.464928	0.454433	0.447394	0.447577	0.453881	0.454178	0.453812	0.45373	0.457293	0.453046	0.601296	0.599136	0.581183	0.579475	0.598558	0.584721	0.455004	0.454555	0.452718	0.454223	0.454812	0.521407	0.471708	0.483674	0.482997	0.462935	0.460897	0.463208	0.320034	0.329957	0.328206	0.305648	0.331989	0.307266	0.309743	0.316213	0.313396	0.312592	0.316036	0.312971
ERR636927	0.280112	0.264808	0.277961	0.275674	0.280481	0.280019	0.452659	0.440039	0.440811	0.441402	0.450379	0.440302	0.245982	0	0.253452	0.247631	0.248082	0.248426	0.400741	0.403455	0.388589	0.396838	0.407727	0.396681	0.316415	0.314295	0.295801	0.289767	0.315348	0.29162	0.315738	0.325771	0.31606	0.3246	0.326778	0.321557	0.282331	0.278412	0.282817	0.354345	0.281929	0.289078	0.297213	0.291205	0.29327	0.283532	0.284215	0.275254	0.471568	0.484971	0.482004	0.472448	0.484196	0.495482	0.469466	0.466107	0.462651	0.450394	0.446296	0.446107	0.450429	0.451952	0.451908	0.450273	0.456048	0.446741	0.599862	0.597471	0.582856	0.581241	0.597327	0.584951	0.452439	0.452238	0.451654	0.452712	0.452836	0.520111	0.469633	0.481118	0.480386	0.460781	0.458848	0.461348	0.312335	0.3203	0.318888	0.301186	0.322369	0.302353	0.30676	0.310084	0.310604	0.309741	0.31087	0.309966
ERR636925	0.303478	0.27881	0.299335	0.297385	0.303845	0.303322	0.46692	0.449407	0.450734	0.451552	0.464041	0.451074	0.255047	0.253452	0	0.265848	0.266295	0.266864	0.391371	0.39284	0.384473	0.387216	0.394649	0.387792	0.302304	0.301652	0.292499	0.295893	0.302272	0.295821	0.321685	0.32091	0.322599	0.320851	0.321442	0.318378	0.284317	0.283177	0.285095	0.339947	0.285103	0.287544	0.322587	0.315376	0.317747	0.3054	0.306373	0.293387	0.476883	0.482905	0.480384	0.47524	0.482535	0.489704	0.46401	0.461416	0.458686	0.455318	0.453858	0.453723	0.459191	0.458819	0.457418	0.458725	0.46427	0.453209	0.595386	0.593524	0.580224	0.579336	0.593024	0.581764	0.464266	0.464147	0.453069	0.453419	0.46461	0.504711	0.464625	0.472161	0.471704	0.45886	0.458325	0.459525	0.316272	0.325754	0.32493	0.312854	0.327216	0.31322	0.320749	0.314919	0.327343	0.326225	0.31428	0.326241
ERR636930	0.269749	0.263957	0.269274	0.267219	0.269886	0.269319	0.447136	0.439402	0.439396	0.439959	0.445248	0.438448	0.249344	0.247631	0.265848	0	0.242629	0.242295	0.411446	0.41441	0.396156	0.407328	0.419744	0.407005	0.331319	0.328539	0.305509	0.293514	0.329762	0.296898	0.3182	0.335118	0.317666	0.333167	0.336506	0.330096	0.289722	0.283658	0.29075	0.369574	0.289218	0.298828	0.283565	0.278962	0.280483	0.273889	0.274272	0.269861	0.471628	0.489791	0.486506	0.474409	0.488761	0.502229	0.477256	0.473202	0.469213	0.452704	0.446011	0.445948	0.451121	0.454021	0.454891	0.450993	0.456659	0.449519	0.603731	0.600845	0.584844	0.583175	0.600869	0.587458	0.449438	0.449061	0.455862	0.457131	0.449759	0.532539	0.478093	0.49127	0.490434	0.46704	0.464241	0.467637	0.318632	0.325112	0.323395	0.301101	0.327372	0.303017	0.304143	0.315304	0.305297	0.305132	0.316927	0.305225
ERR636928	0.269576	0.264154	0.268602	0.267214	0.269345	0.269043	0.44704	0.440177	0.440141	0.440691	0.44514	0.438825	0.249331	0.248082	0.266295	0.242629	0	0.242365	0.411743	0.414881	0.395785	0.407447	0.419795	0.406996	0.332079	0.328738	0.306072	0.293917	0.33015	0.296695	0.317952	0.33626	0.317498	0.334378	0.337369	0.330708	0.290866	0.28456	0.291822	0.371717	0.290369	0.300217	0.283345	0.278928	0.280345	0.27362	0.274343	0.27005	0.471332	0.489691	0.486407	0.474296	0.488712	0.50232	0.477959	0.473908	0.46997	0.453474	0.446177	0.446375	0.45187	0.454682	0.455616	0.451664	0.457087	0.450761	0.603738	0.601063	0.584386	0.582702	0.600967	0.587187	0.449755	0.449264	0.456226	0.457659	0.44997	0.533313	0.478683	0.492165	0.491166	0.46765	0.46482	0.468129	0.320248	0.326955	0.325093	0.301566	0.329142	0.303695	0.304313	0.316561	0.305175	0.304875	0.317749	0.305302
ERR636929	0.269174	0.264306	0.268476	0.266879	0.269154	0.268852	0.447208	0.440532	0.440612	0.440993	0.445325	0.439128	0.249366	0.248426	0.266864	0.242295	0.242365	0	0.412092	0.415206	0.396046	0.407779	0.420215	0.40729	0.332909	0.32949	0.306834	0.294122	0.330935	0.297177	0.318337	0.336901	0.317644	0.335099	0.338237	0.331256	0.291371	0.28534	0.292493	0.372646	0.291008	0.300972	0.283139	0.278857	0.280007	0.273737	0.274314	0.270576	0.471597	0.490158	0.486858	0.474683	0.489146	0.50289	0.478497	0.474373	0.47039	0.453832	0.446618	0.446632	0.452233	0.455167	0.455987	0.452066	0.457488	0.451458	0.603769	0.600953	0.584404	0.582486	0.600923	0.587225	0.450012	0.449493	0.456693	0.458072	0.450037	0.534132	0.479422	0.492907	0.492137	0.468235	0.465424	0.468884	0.321242	0.327941	0.326165	0.302478	0.330356	0.304669	0.304606	0.317047	0.305479	0.30509	0.318486	0.305488
ERR605645	0.416102	0.40541	0.416182	0.412573	0.416789	0.416639	0.49183	0.477641	0.478533	0.478765	0.490329	0.479358	0.40358	0.400741	0.391371	0.411446	0.411743	0.412092	0	0.266873	0.279971	0.273485	0.278903	0.273758	0.384655	0.388236	0.388194	0.395962	0.388005	0.394583	0.368162	0.353937	0.368999	0.355519	0.353417	0.353376	0.421293	0.421685	0.417295	0.441799	0.419052	0.420617	0.42667	0.422431	0.42382	0.419101	0.417762	0.414379	0.461583	0.44809	0.447064	0.450779	0.44777	0.445305	0.450725	0.450457	0.450511	0.460548	0.470687	0.469635	0.485343	0.486101	0.485146	0.485439	0.493164	0.475976	0.51298	0.51133	0.512107	0.51134	0.511506	0.507671	0.485393	0.485457	0.465812	0.465845	0.486209	0.480849	0.443518	0.443807	0.443535	0.445413	0.447236	0.445778	0.40854	0.415309	0.413099	0.403564	0.416292	0.404176	0.390489	0.389077	0.392362	0.392839	0.391313	0.39247
ERR605646	0.419361	0.408247	0.418783	0.415689	0.419921	0.419971	0.494137	0.480556	0.481334	0.481563	0.49255	0.481818	0.405685	0.403455	0.39284	0.41441	0.414881	0.415206	0.266873	0	0.28006	0.272635	0.276462	0.272844	0.384669	0.387987	0.389707	0.398461	0.387717	0.3963	0.370203	0.356365	0.371039	0.358352	0.355762	0.354941	0.424522	0.424835	0.420829	0.444886	0.422325	0.424027	0.430155	0.425939	0.427386	0.42202	0.421363	0.417499	0.461705	0.44696	0.446175	0.450943	0.447046	0.443711	0.450311	0.450465	0.450683	0.462623	0.472438	0.471487	0.487588	0.48793	0.486998	0.487728	0.49491	0.479054	0.510284	0.508963	0.508874	0.508429	0.509081	0.505131	0.48804	0.488107	0.467031	0.466881	0.488796	0.478752	0.443868	0.444032	0.443758	0.446422	0.448405	0.446758	0.412342	0.419572	0.417382	0.407016	0.42075	0.407847	0.393885	0.392198	0.395823	0.396195	0.394674	0.395996
ERR605641	0.396764	0.391118	0.393691	0.393756	0.396719	0.396665	0.471505	0.471003	0.470772	0.470617	0.470631	0.466603	0.387881	0.388589	0.384473	0.396156	0.395785	0.396046	0.279971	0.28006	0	0.270014	0.27736	0.26802	0.384117	0.382813	0.381771	0.385391	0.383265	0.379921	0.349248	0.356421	0.348294	0.357072	0.355391	0.346087	0.42031	0.417151	0.417484	0.464398	0.418218	0.423833	0.405224	0.402762	0.403525	0.398279	0.39966	0.398807	0.444232	0.439051	0.43832	0.439806	0.439014	0.442834	0.450112	0.450857	0.449784	0.456856	0.456757	0.456639	0.477051	0.475845	0.475623	0.477137	0.480166	0.47796	0.515933	0.514859	0.500038	0.498213	0.513526	0.501562	0.473084	0.472793	0.457283	0.458532	0.472746	0.49112	0.443709	0.450788	0.45009	0.442835	0.443455	0.44249	0.411953	0.422386	0.419561	0.394727	0.424512	0.396954	0.375238	0.387515	0.375365	0.37552	0.388479	0.3758
ERR605643	0.411392	0.400936	0.408997	0.407931	0.411691	0.411559	0.485495	0.476892	0.477527	0.477574	0.483949	0.475833	0.397475	0.396838	0.387216	0.407328	0.407447	0.407779	0.273485	0.272635	0.270014	0	0.270773	0.267358	0.379819	0.380504	0.383481	0.391893	0.38057	0.38737	0.360568	0.355397	0.361081	0.356852	0.354816	0.349613	0.422072	0.421053	0.419659	0.452339	0.421005	0.423425	0.4214	0.417724	0.418972	0.412838	0.413379	0.410103	0.453544	0.441262	0.440859	0.44587	0.441499	0.439913	0.447576	0.448394	0.448151	0.462144	0.466074	0.465613	0.484476	0.483098	0.481914	0.484453	0.488748	0.480772	0.512179	0.511702	0.502842	0.50184	0.510561	0.502122	0.483551	0.483404	0.461377	0.461883	0.483698	0.477882	0.441009	0.443393	0.442895	0.442589	0.44446	0.442486	0.412244	0.421792	0.419423	0.402193	0.423401	0.403462	0.386582	0.390248	0.388512	0.388559	0.391173	0.38864
ERR605644	0.425773	0.413284	0.421951	0.421722	0.42578	0.425619	0.497536	0.490019	0.490737	0.490801	0.496123	0.488035	0.407036	0.407727	0.394649	0.419744	0.419795	0.420215	0.278903	0.276462	0.27736	0.270773	0	0.271413	0.382369	0.382937	0.391783	0.402841	0.382801	0.396707	0.37092	0.364837	0.371301	0.366721	0.36376	0.357651	0.433377	0.432536	0.431186	0.46046	0.432569	0.43421	0.43584	0.432228	0.433376	0.426241	0.427552	0.423537	0.461684	0.445065	0.445236	0.453389	0.445597	0.442002	0.451889	0.453656	0.453968	0.473012	0.476533	0.476067	0.495924	0.493418	0.491865	0.495819	0.4991	0.493697	0.510886	0.511121	0.500427	0.499853	0.50923	0.50069	0.495857	0.49583	0.470009	0.470175	0.495736	0.475302	0.447844	0.448278	0.448602	0.451147	0.453516	0.450796	0.425882	0.43646	0.434214	0.416436	0.43821	0.417497	0.401077	0.403457	0.403643	0.40328	0.403595	0.403416
ERR605642	0.410969	0.401069	0.408263	0.407344	0.411156	0.410932	0.484865	0.478291	0.478635	0.478579	0.483571	0.476183	0.397014	0.396681	0.387792	0.407005	0.406996	0.40729	0.273758	0.272844	0.26802	0.267358	0.271413	0	0.381724	0.382351	0.384919	0.392355	0.382481	0.387648	0.359634	0.356289	0.35959	0.357901	0.355498	0.34919	0.423694	0.422084	0.420627	0.456046	0.421613	0.425328	0.420692	0.417149	0.418384	0.41224	0.412827	0.410239	0.453271	0.441863	0.44152	0.44577	0.441885	0.441584	0.449267	0.450325	0.449933	0.461972	0.466158	0.465661	0.484349	0.483089	0.482209	0.484564	0.488758	0.481639	0.511923	0.51113	0.50193	0.500468	0.510114	0.501093	0.482926	0.482959	0.462046	0.46293	0.483032	0.481652	0.44316	0.446308	0.445952	0.444796	0.446351	0.444506	0.414176	0.424094	0.42156	0.402811	0.425735	0.404389	0.386664	0.391824	0.388207	0.388617	0.392691	0.388586
ERR607308	0.345121	0.316943	0.339623	0.338093	0.345545	0.34526	0.460348	0.435187	0.437753	0.438533	0.45698	0.438526	0.31746	0.316415	0.302304	0.331319	0.332079	0.332909	0.384655	0.384669	0.384117	0.379819	0.382369	0.381724	0	0.255662	0.261456	0.276085	0.255959	0.273317	0.332119	0.321589	0.333908	0.322354	0.321455	0.319782	0.323892	0.325142	0.324476	0.355183	0.325138	0.323119	0.366445	0.359322	0.361909	0.34839	0.349657	0.335354	0.460034	0.453537	0.451938	0.454064	0.453783	0.454043	0.427437	0.426483	0.425421	0.435898	0.438687	0.43844	0.446858	0.444455	0.441119	0.446426	0.451864	0.437571	0.565348	0.564717	0.554789	0.554748	0.563781	0.555152	0.448802	0.449204	0.422892	0.422418	0.449248	0.446139	0.43403	0.435614	0.436001	0.433161	0.434465	0.433466	0.319572	0.331585	0.331455	0.323531	0.332701	0.323311	0.334479	0.32046	0.343426	0.341189	0.318441	0.341424
ERR607310	0.340798	0.313731	0.333813	0.334161	0.341082	0.340811	0.456479	0.435659	0.437687	0.438508	0.453243	0.437262	0.313587	0.314295	0.301652	0.328539	0.328738	0.32949	0.388236	0.387987	0.382813	0.380504	0.382937	0.382351	0.255662	0	0.258902	0.272644	0.253426	0.267105	0.327884	0.323983	0.3294	0.324897	0.323738	0.319579	0.32568	0.325387	0.327097	0.365525	0.327576	0.326692	0.362184	0.355604	0.357818	0.343744	0.346531	0.332672	0.456551	0.452568	0.451121	0.453088	0.452815	0.454471	0.429198	0.428682	0.426853	0.438135	0.436489	0.436632	0.447586	0.444072	0.440734	0.447116	0.450455	0.441499	0.567699	0.566991	0.552822	0.552578	0.565711	0.55483	0.447641	0.447951	0.421682	0.42147	0.447791	0.449737	0.435397	0.439081	0.439356	0.433846	0.435116	0.434312	0.323365	0.336521	0.336213	0.323005	0.337974	0.32312	0.332502	0.322732	0.340891	0.338706	0.320035	0.338987
ERR607305	0.313756	0.290958	0.309812	0.307676	0.314279	0.314	0.437859	0.41594	0.417603	0.418671	0.434804	0.418384	0.297644	0.295801	0.292499	0.305509	0.306072	0.306834	0.388194	0.389707	0.381771	0.383481	0.391783	0.384919	0.261456	0.258902	0	0.250594	0.26005	0.250729	0.314153	0.313842	0.315376	0.31272	0.314067	0.310902	0.306936	0.305833	0.308034	0.358328	0.307594	0.309495	0.334677	0.327988	0.330372	0.318465	0.31945	0.307093	0.448049	0.451741	0.449237	0.445122	0.451382	0.457378	0.428671	0.426211	0.423731	0.423102	0.422053	0.422042	0.430138	0.42943	0.427254	0.42981	0.435709	0.422306	0.570959	0.569399	0.5577	0.557069	0.569067	0.558636	0.428372	0.428596	0.412885	0.412739	0.429024	0.462896	0.432841	0.439727	0.439574	0.427305	0.427107	0.428026	0.300254	0.31059	0.310061	0.297477	0.31223	0.297768	0.307304	0.300686	0.314421	0.312882	0.299784	0.312756
ERR607307	0.296514	0.280681	0.293916	0.291566	0.296735	0.296609	0.426531	0.408796	0.409936	0.410884	0.423715	0.410049	0.291386	0.289767	0.295893	0.293514	0.293917	0.294122	0.395962	0.398461	0.385391	0.391893	0.402841	0.392355	0.276085	0.272644	0.250594	0	0.274053	0.246518	0.309438	0.317751	0.310046	0.316022	0.318449	0.314059	0.305387	0.302238	0.30605	0.369587	0.305605	0.310537	0.316388	0.310516	0.312496	0.302503	0.303166	0.294199	0.444243	0.45459	0.451556	0.443699	0.453885	0.463533	0.43518	0.431729	0.428788	0.419671	0.41643	0.416445	0.423848	0.424962	0.423993	0.423647	0.429964	0.417724	0.575824	0.573656	0.560715	0.559563	0.573496	0.56199	0.419015	0.418901	0.413141	0.413682	0.419502	0.479146	0.438416	0.449034	0.448242	0.430022	0.428474	0.430958	0.297684	0.306772	0.305445	0.287935	0.308573	0.288868	0.295863	0.297288	0.300621	0.299414	0.298044	0.299564
ERR607309	0.342382	0.314933	0.335473	0.335534	0.342475	0.342201	0.457566	0.435957	0.438094	0.43896	0.454311	0.437771	0.314731	0.315348	0.302272	0.329762	0.33015	0.330935	0.388005	0.387717	0.383265	0.38057	0.382801	0.382481	0.255959	0.253426	0.26005	0.274053	0	0.269057	0.329201	0.324535	0.331078	0.324989	0.323966	0.320179	0.32592	0.32603	0.327359	0.364331	0.327785	0.326795	0.363766	0.357025	0.359524	0.345378	0.347985	0.333993	0.457288	0.452743	0.451194	0.453458	0.452793	0.454058	0.429002	0.428084	0.426872	0.438501	0.437284	0.437491	0.448348	0.444737	0.441235	0.447817	0.451363	0.441835	0.567082	0.566542	0.5528	0.552652	0.565288	0.554615	0.448504	0.448704	0.422061	0.421836	0.448578	0.448511	0.435163	0.438336	0.438645	0.433932	0.435166	0.434341	0.32365	0.336383	0.336093	0.32384	0.337927	0.323885	0.333396	0.322979	0.342021	0.340019	0.32017	0.340157
ERR607306	0.300008	0.283575	0.294235	0.29489	0.300106	0.29977	0.426617	0.414056	0.41488	0.415488	0.423987	0.412842	0.290675	0.29162	0.295821	0.296898	0.296695	0.297177	0.394583	0.3963	0.379921	0.38737	0.396707	0.387648	0.273317	0.267105	0.250729	0.246518	0.269057	0	0.307533	0.321287	0.307662	0.319692	0.321434	0.313667	0.312178	0.308337	0.313407	0.379993	0.312634	0.318304	0.320235	0.314995	0.316951	0.305064	0.307892	0.299074	0.441073	0.450951	0.448363	0.442117	0.450335	0.460372	0.434077	0.431888	0.428594	0.422926	0.416566	0.416876	0.427357	0.426409	0.425139	0.427134	0.430935	0.424952	0.572879	0.571163	0.553942	0.552778	0.570265	0.557076	0.421748	0.421807	0.412445	0.413282	0.421565	0.4765	0.438166	0.449301	0.44841	0.430415	0.429067	0.43074	0.307747	0.319232	0.317841	0.294699	0.3213	0.296122	0.30063	0.305206	0.305428	0.303996	0.304244	0.304378
ERR629858	0.311966	0.305497	0.308916	0.308562	0.311958	0.31156	0.4273	0.423304	0.423003	0.423283	0.425396	0.419605	0.315524	0.315738	0.321685	0.3182	0.317952	0.318337	0.368162	0.370203	0.349248	0.360568	0.37092	0.359634	0.332119	0.327884	0.314153	0.309438	0.329201	0.307533	0	0.261295	0.236023	0.25837	0.261255	0.248022	0.337158	0.331767	0.33718	0.404547	0.336015	0.343771	0.32882	0.324786	0.326142	0.318535	0.320224	0.31679	0.43808	0.448249	0.445946	0.439041	0.447693	0.45835	0.436118	0.433702	0.430665	0.424663	0.418574	0.418675	0.435219	0.435988	0.436133	0.435188	0.439094	0.436469	0.546648	0.54461	0.526046	0.523908	0.543612	0.529091	0.428734	0.428471	0.423633	0.425448	0.428403	0.488877	0.445703	0.457606	0.456988	0.437681	0.436352	0.437841	0.338728	0.34842	0.346213	0.318017	0.351156	0.320358	0.310875	0.32513	0.312188	0.312143	0.325627	0.312569
ERR629860	0.338756	0.321135	0.339618	0.333975	0.339701	0.339144	0.452311	0.428626	0.43023	0.430995	0.44957	0.433361	0.331018	0.325771	0.32091	0.335118	0.33626	0.336901	0.353937	0.356365	0.356421	0.355397	0.364837	0.356289	0.321589	0.323983	0.313842	0.317751	0.324535	0.321287	0.261295	0	0.264474	0.242378	0.243455	0.247305	0.329414	0.330199	0.328371	0.365046	0.328798	0.329939	0.357845	0.350697	0.353118	0.345123	0.343407	0.333855	0.457278	0.456209	0.454014	0.450245	0.455887	0.458712	0.431951	0.428551	0.427147	0.427208	0.43365	0.432664	0.441894	0.444135	0.442998	0.441744	0.451325	0.430591	0.545627	0.542983	0.539015	0.538253	0.543631	0.536309	0.443978	0.444075	0.430348	0.430057	0.445076	0.471485	0.440409	0.444334	0.44421	0.435772	0.436668	0.437043	0.325908	0.331343	0.330176	0.324536	0.332793	0.324274	0.326135	0.31853	0.331294	0.331141	0.320174	0.330772
ERR629856	0.310428	0.30543	0.307208	0.307103	0.310439	0.310035	0.4259	0.424064	0.423745	0.423775	0.424288	0.419556	0.315271	0.31606	0.322599	0.317666	0.317498	0.317644	0.368999	0.371039	0.348294	0.361081	0.371301	0.35959	0.333908	0.3294	0.315376	0.310046	0.331078	0.307662	0.236023	0.264474	0	0.261531	0.264567	0.250182	0.339539	0.333517	0.339317	0.408654	0.338163	0.346445	0.326876	0.323276	0.324478	0.317101	0.319139	0.316374	0.436808	0.44792	0.445635	0.438475	0.447374	0.458858	0.437068	0.434711	0.431722	0.424921	0.418168	0.418337	0.4353	0.436167	0.436481	0.435385	0.438932	0.437665	0.54618	0.54408	0.524602	0.522289	0.543063	0.528126	0.428403	0.428095	0.424331	0.426132	0.427879	0.491162	0.447134	0.459837	0.458993	0.438792	0.437534	0.439117	0.341513	0.351528	0.349051	0.319021	0.35425	0.321702	0.31061	0.326869	0.311389	0.311123	0.327377	0.311615
ERR629861	0.335601	0.318958	0.336722	0.331326	0.336734	0.336254	0.449612	0.426408	0.427761	0.428558	0.446734	0.430975	0.32988	0.3246	0.320851	0.333167	0.334378	0.335099	0.355519	0.358352	0.357072	0.356852	0.366721	0.357901	0.322354	0.324897	0.31272	0.316022	0.324989	0.319692	0.25837	0.242378	0.261531	0	0.24312	0.246027	0.328786	0.329148	0.327845	0.366561	0.328016	0.329305	0.354958	0.348152	0.350605	0.342643	0.340994	0.331596	0.455591	0.45559	0.453208	0.448772	0.455069	0.458561	0.431934	0.428283	0.426867	0.425781	0.431562	0.430703	0.440389	0.442764	0.441988	0.440136	0.449744	0.429496	0.545958	0.543242	0.538679	0.537887	0.543836	0.536362	0.441378	0.441464	0.428788	0.42871	0.442435	0.472518	0.440049	0.444595	0.444445	0.434851	0.435562	0.436149	0.32518	0.330768	0.329474	0.322966	0.33222	0.322835	0.323939	0.317277	0.328627	0.328492	0.319333	0.328172
ERR629859	0.340058	0.322521	0.340765	0.335492	0.341076	0.340741	0.453464	0.430117	0.431655	0.432435	0.450542	0.434771	0.331787	0.326778	0.321442	0.336506	0.337369	0.338237	0.353417	0.355762	0.355391	0.354816	0.36376	0.355498	0.321455	0.323738	0.314067	0.318449	0.323966	0.321434	0.261255	0.243455	0.264567	0.24312	0	0.246863	0.331049	0.331871	0.32988	0.366541	0.330498	0.331433	0.359219	0.352517	0.354855	0.346619	0.345208	0.335632	0.45761	0.456054	0.453959	0.450526	0.455769	0.458181	0.432023	0.429004	0.427481	0.428674	0.434496	0.433838	0.443535	0.445439	0.444306	0.443264	0.452462	0.432534	0.545112	0.542674	0.538327	0.537435	0.543038	0.5356	0.445391	0.445409	0.430839	0.430764	0.446207	0.470555	0.440284	0.444343	0.443994	0.435995	0.437016	0.437249	0.327837	0.333566	0.332287	0.326456	0.33489	0.32623	0.327586	0.320074	0.332617	0.33247	0.321569	0.332227
ERR629857	0.331573	0.316084	0.329658	0.326567	0.332077	0.331876	0.444446	0.429262	0.430067	0.430725	0.44205	0.429766	0.324006	0.321557	0.318378	0.330096	0.330708	0.331256	0.353376	0.354941	0.346087	0.349613	0.357651	0.34919	0.319782	0.319579	0.310902	0.314059	0.320179	0.313667	0.248022	0.247305	0.250182	0.246027	0.246863	0	0.334106	0.332389	0.333312	0.382378	0.333304	0.336849	0.350595	0.344709	0.346665	0.337816	0.3378	0.330004	0.448745	0.449563	0.447597	0.444335	0.449254	0.454513	0.430248	0.427933	0.426082	0.426786	0.428309	0.427917	0.440595	0.441442	0.440528	0.44047	0.44713	0.435275	0.540893	0.538838	0.528121	0.52685	0.538375	0.528306	0.440086	0.439946	0.426576	0.427405	0.440311	0.47292	0.44009	0.446757	0.446423	0.435186	0.435738	0.435779	0.333341	0.342741	0.340945	0.324548	0.344516	0.325543	0.322204	0.322121	0.326305	0.325962	0.323316	0.325945
ERR608742	0.310377	0.284641	0.310624	0.304954	0.31139	0.311158	0.474494	0.447179	0.449482	0.450623	0.471148	0.453518	0.2884	0.282331	0.284317	0.289722	0.290866	0.291371	0.421293	0.424522	0.42031	0.422072	0.433377	0.423694	0.323892	0.32568	0.306936	0.305387	0.32592	0.312178	0.337158	0.329414	0.339539	0.328786	0.331049	0.334106	0	0.241462	0.240769	0.299236	0.240647	0.243203	0.327366	0.318479	0.321661	0.3099	0.308628	0.29306	0.50054	0.511497	0.508006	0.498165	0.51048	0.518419	0.487218	0.482783	0.479569	0.467842	0.468678	0.468382	0.462166	0.464554	0.463533	0.461952	0.470428	0.450391	0.634759	0.631924	0.624104	0.623557	0.632702	0.623509	0.469791	0.469944	0.466516	0.46658	0.471326	0.528407	0.478199	0.486069	0.485315	0.469792	0.468695	0.471266	0.297662	0.302225	0.302444	0.303667	0.303354	0.302525	0.318739	0.304743	0.326538	0.325541	0.305117	0.324872
ERR608741	0.302068	0.279088	0.301554	0.29686	0.302974	0.30265	0.46856	0.445569	0.447369	0.44842	0.465557	0.45001	0.28308	0.278412	0.283177	0.283658	0.28456	0.28534	0.421685	0.424835	0.417151	0.421053	0.432536	0.422084	0.325142	0.325387	0.305833	0.302238	0.32603	0.308337	0.331767	0.330199	0.333517	0.329148	0.331871	0.332389	0.241462	0	0.242752	0.308451	0.241909	0.245188	0.317975	0.309764	0.31292	0.301275	0.300497	0.28613	0.496342	0.509274	0.505908	0.495091	0.50831	0.51747	0.487036	0.482903	0.479477	0.46655	0.465201	0.464878	0.460161	0.462414	0.461718	0.459918	0.467402	0.450885	0.632625	0.629913	0.619585	0.618757	0.630281	0.619901	0.465844	0.465955	0.464849	0.465371	0.467156	0.531177	0.479129	0.488543	0.487662	0.470158	0.468673	0.471331	0.299493	0.305058	0.304671	0.300225	0.306472	0.299614	0.313921	0.305255	0.320928	0.319753	0.305326	0.319398
ERR608743	0.311513	0.286027	0.312024	0.305665	0.312672	0.31233	0.473978	0.44667	0.448974	0.450048	0.470711	0.452912	0.289484	0.282817	0.285095	0.29075	0.291822	0.292493	0.417295	0.420829	0.417484	0.419659	0.431186	0.420627	0.324476	0.327097	0.308034	0.30605	0.327359	0.313407	0.33718	0.328371	0.339317	0.327845	0.32988	0.333312	0.240769	0.242752	0	0.297603	0.24018	0.243675	0.327921	0.31896	0.322407	0.310999	0.30911	0.293696	0.500022	0.510446	0.506817	0.496783	0.509502	0.517273	0.485805	0.481527	0.478477	0.465293	0.468132	0.467571	0.460618	0.463537	0.462616	0.460437	0.469589	0.448049	0.631427	0.628567	0.622091	0.621439	0.629416	0.620905	0.468575	0.468753	0.466029	0.466153	0.470147	0.528158	0.477082	0.485094	0.484256	0.46927	0.468199	0.470711	0.297147	0.301588	0.301671	0.30375	0.302733	0.302575	0.319087	0.304707	0.326652	0.32579	0.305313	0.325396
ERR608739	0.395953	0.362913	0.3989	0.389624	0.397666	0.397177	0.532306	0.486987	0.491123	0.492858	0.527986	0.501475	0.364673	0.354345	0.339947	0.369574	0.371717	0.372646	0.441799	0.444886	0.464398	0.452339	0.46046	0.456046	0.355183	0.365525	0.358328	0.369587	0.364331	0.379993	0.404547	0.365046	0.408654	0.366561	0.366541	0.382378	0.299236	0.308451	0.297603	0	0.300255	0.286381	0.413124	0.402725	0.406486	0.395858	0.391638	0.371841	0.546252	0.541881	0.538701	0.534589	0.541318	0.537542	0.504667	0.499219	0.499106	0.498876	0.51413	0.512978	0.500909	0.504093	0.501596	0.500605	0.514121	0.475018	0.648095	0.645013	0.653885	0.654847	0.647547	0.647236	0.517591	0.518427	0.501855	0.499331	0.520671	0.519965	0.498348	0.493201	0.494263	0.496663	0.498113	0.498794	0.336221	0.333725	0.336251	0.366342	0.332892	0.362676	0.388623	0.352568	0.399004	0.398451	0.352869	0.397405
ERR608744	0.309454	0.284132	0.309769	0.303669	0.310404	0.310065	0.473069	0.446452	0.448501	0.449601	0.469796	0.45226	0.288503	0.281929	0.285103	0.289218	0.290369	0.291008	0.419052	0.422325	0.418218	0.421005	0.432569	0.421613	0.325138	0.327576	0.307594	0.305605	0.327785	0.312634	0.336015	0.328798	0.338163	0.328016	0.330498	0.333304	0.240647	0.241909	0.24018	0.300255	0	0.243708	0.325681	0.316778	0.320248	0.308624	0.306794	0.291707	0.499691	0.510678	0.507225	0.496956	0.509755	0.517935	0.486709	0.482275	0.479118	0.465757	0.467901	0.467334	0.460086	0.462968	0.462019	0.459912	0.468955	0.447936	0.632459	0.629643	0.622811	0.621893	0.630451	0.621673	0.468156	0.468284	0.466264	0.466526	0.469745	0.529419	0.477459	0.485881	0.484924	0.46934	0.468207	0.470851	0.2969	0.301257	0.301306	0.302323	0.302522	0.30117	0.317627	0.304567	0.325156	0.324346	0.30483	0.323804
ERR608740	0.321396	0.293035	0.322039	0.315365	0.32251	0.322108	0.480877	0.449781	0.452338	0.453759	0.477282	0.457577	0.296186	0.289078	0.287544	0.298828	0.300217	0.300972	0.420617	0.424027	0.423833	0.423425	0.43421	0.425328	0.323119	0.326692	0.309495	0.310537	0.326795	0.318304	0.343771	0.329939	0.346445	0.329305	0.331433	0.336849	0.243203	0.245188	0.243675	0.286381	0.243708	0	0.338542	0.329229	0.332687	0.320749	0.318654	0.301349	0.505097	0.513625	0.510206	0.50095	0.512901	0.518895	0.486525	0.481959	0.479113	0.468581	0.472376	0.47182	0.464299	0.466837	0.465402	0.463881	0.473606	0.449778	0.635337	0.632338	0.62751	0.627138	0.633421	0.625802	0.473834	0.474174	0.468041	0.467673	0.475676	0.524824	0.477664	0.483466	0.483076	0.470337	0.469614	0.471897	0.297623	0.300985	0.301554	0.308883	0.301995	0.306971	0.325381	0.306474	0.333957	0.333118	0.306391	0.332619
ERR607656	0.274616	0.290952	0.279046	0.276995	0.274214	0.273878	0.43436	0.439772	0.438435	0.438684	0.433873	0.43532	0.29843	0.297213	0.322587	0.283565	0.283345	0.283139	0.42667	0.430155	0.405224	0.4214	0.43584	0.420692	0.366445	0.362184	0.334677	0.316388	0.363766	0.320235	0.32882	0.357845	0.326876	0.354958	0.359219	0.350595	0.327366	0.317975	0.327921	0.413124	0.325681	0.338542	0	0.239088	0.238982	0.243422	0.242685	0.251576	0.470511	0.4952	0.491501	0.476095	0.493834	0.510064	0.489775	0.485125	0.480655	0.458274	0.44846	0.448632	0.454793	0.459859	0.462275	0.454486	0.459827	0.457551	0.60015	0.596741	0.578109	0.575938	0.596789	0.581563	0.446945	0.446111	0.464977	0.466962	0.447008	0.551849	0.491721	0.508234	0.506984	0.478346	0.474401	0.478914	0.341534	0.344886	0.342763	0.309693	0.347908	0.313051	0.310576	0.338146	0.304822	0.305556	0.341648	0.305834
ERR607654	0.271845	0.284773	0.276479	0.273795	0.27191	0.271565	0.433143	0.434827	0.433721	0.434234	0.432251	0.431472	0.29325	0.291205	0.315376	0.278962	0.278928	0.278857	0.422431	0.425939	0.402762	0.417724	0.432228	0.417149	0.359322	0.355604	0.327988	0.310516	0.357025	0.314995	0.324786	0.350697	0.323276	0.348152	0.352517	0.344709	0.318479	0.309764	0.31896	0.402725	0.316778	0.329229	0.239088	0	0.238349	0.240908	0.239882	0.246092	0.469811	0.493232	0.48951	0.474491	0.49195	0.507378	0.485547	0.480774	0.476315	0.454684	0.446014	0.446082	0.449976	0.455067	0.457264	0.449797	0.455537	0.451253	0.600533	0.597209	0.579849	0.577762	0.597315	0.582732	0.444644	0.443725	0.461004	0.46283	0.444738	0.546587	0.486227	0.502221	0.501059	0.473161	0.469487	0.473904	0.331352	0.334784	0.332757	0.302042	0.337777	0.304956	0.304624	0.32898	0.300211	0.300485	0.332607	0.300729
ERR607655	0.272961	0.286987	0.277447	0.274962	0.272467	0.272342	0.433506	0.436542	0.435396	0.435804	0.43283	0.432822	0.295035	0.29327	0.317747	0.280483	0.280345	0.280007	0.42382	0.427386	0.403525	0.418972	0.433376	0.418384	0.361909	0.357818	0.330372	0.312496	0.359524	0.316951	0.326142	0.353118	0.324478	0.350605	0.354855	0.346665	0.321661	0.31292	0.322407	0.406486	0.320248	0.332687	0.238982	0.238349	0	0.241887	0.240683	0.248041	0.470107	0.493821	0.490261	0.475033	0.492555	0.508395	0.486913	0.482239	0.477649	0.455856	0.446772	0.44678	0.451694	0.456854	0.459092	0.451508	0.457109	0.453477	0.600112	0.596811	0.578919	0.576872	0.596885	0.582031	0.445377	0.444558	0.462324	0.464143	0.445561	0.548325	0.488383	0.504369	0.503295	0.475041	0.471331	0.475778	0.335109	0.338451	0.33636	0.304949	0.341513	0.307932	0.306607	0.332166	0.30167	0.302318	0.335743	0.302435
