	ERR618548	ERR618543	ERR618545	ERR618544	ERR618546	ERR618547	ERR607756	ERR607753	ERR607755	ERR607758	ERR607757	ERR607754	ERR605479	ERR605480	ERR605481	ERR605482	ERR605483	ERR605484	ERR612225	ERR612224	ERR612221	ERR612223	ERR612226	ERR612222	ERR626866	ERR626861	ERR626865	ERR626864	ERR626862	ERR626863	ERR637038	ERR637037	ERR637036	ERR637033	ERR637034	ERR637035	ERR608582	ERR608584	ERR608580	ERR608583	ERR608579	ERR608581	ERR606035	ERR606030	ERR606033	ERR606034	ERR606031	ERR606032	ERR617567	ERR617565	ERR617570	ERR617568	ERR617566	ERR617569	ERR607580	ERR607583	ERR607584	ERR607582	ERR607581	ERR607579	ERR613784	ERR613782	ERR613783	ERR613785	ERR613786	ERR613787	ERR630080	ERR630081	ERR630078	ERR630082	ERR630079	ERR630083	ERR613769	ERR613766	ERR613767	ERR613765	ERR613768	ERR626740	ERR612182	ERR612183	ERR612181	ERR612180	ERR612179	ERR612184	ERR630009	ERR630006	ERR630008	ERR630007	ERR630011	ERR630010	ERR612610	ERR612607	ERR612608	ERR612612	ERR612611	ERR612609
ERR618548	5.72264e+08	3.96464e+08	3.80564e+08	3.81167e+08	4.35012e+08	4.33633e+08	2.4721e+08	2.64839e+08	2.9182e+08	2.42583e+08	2.40579e+08	2.98836e+08	3.53256e+08	3.32142e+08	3.09571e+08	3.29279e+08	3.35799e+08	3.28886e+08	1.95942e+08	2.45839e+08	3.25918e+08	3.08297e+08	2.40242e+08	3.04481e+08	3.24712e+08	3.2158e+08	2.25255e+08	2.28843e+08	2.86292e+08	2.9042e+08	2.73588e+08	2.69341e+08	2.67439e+08	2.53407e+08	2.7521e+08	2.74014e+08	2.30576e+08	2.31396e+08	2.18043e+08	2.29344e+08	1.46448e+08	2.35595e+08	2.58133e+08	2.48829e+08	2.682e+08	2.65888e+08	3.56744e+08	3.6459e+08	1.61845e+08	2.42988e+08	2.34816e+08	2.37853e+08	8.9804e+07	2.35955e+08	1.51463e+08	1.94388e+08	1.94068e+08	1.95892e+08	1.46367e+08	1.46207e+08	1.68844e+08	1.59891e+08	1.82719e+08	1.65675e+08	1.66522e+08	1.64746e+08	2.28829e+08	1.63957e+08	2.41167e+08	2.01793e+08	2.10258e+08	2.08112e+08	2.08041e+08	1.77773e+08	2.05745e+08	2.16967e+08	2.10293e+08	2.46995e+08	1.65825e+08	1.34328e+08	1.63711e+08	1.63293e+08	1.72292e+08	1.58858e+08	2.03309e+08	2.87979e+08	2.73069e+08	2.49061e+08	2.54786e+08	2.46841e+08	1.8458e+08	2.30475e+08	1.65693e+08	1.82409e+08	1.84578e+08	2.11154e+08
ERR618543	3.96464e+08	4.98083e+08	3.53785e+08	3.54212e+08	4.00475e+08	3.99036e+08	2.25831e+08	2.42227e+08	2.66484e+08	2.21804e+08	2.19749e+08	2.73493e+08	3.21471e+08	3.02134e+08	2.81617e+08	2.99647e+08	3.05415e+08	2.99415e+08	1.79121e+08	2.24633e+08	2.97837e+08	2.8139e+08	2.19601e+08	2.77874e+08	2.96458e+08	2.93554e+08	2.06179e+08	2.09415e+08	2.61349e+08	2.65024e+08	2.48757e+08	2.45045e+08	2.43221e+08	2.30543e+08	2.50351e+08	2.4907e+08	2.11026e+08	2.11613e+08	1.9963e+08	2.0972e+08	1.33546e+08	2.16001e+08	2.35958e+08	2.26665e+08	2.45066e+08	2.43014e+08	3.25907e+08	3.33194e+08	1.4865e+08	2.2373e+08	2.15263e+08	2.17878e+08	8.20867e+07	2.16155e+08	1.38744e+08	1.78412e+08	1.77986e+08	1.7971e+08	1.34178e+08	1.33904e+08	1.54531e+08	1.46374e+08	1.67332e+08	1.51738e+08	1.52553e+08	1.5095e+08	2.08536e+08	1.48845e+08	2.19531e+08	1.83159e+08	1.91306e+08	1.89005e+08	1.91155e+08	1.62841e+08	1.88955e+08	1.98976e+08	1.93161e+08	2.26712e+08	1.51953e+08	1.2321e+08	1.49948e+08	1.49493e+08	1.57945e+08	1.45551e+08	1.84363e+08	2.61895e+08	2.48246e+08	2.26399e+08	2.31171e+08	2.23931e+08	1.68919e+08	2.11085e+08	1.51545e+08	1.66836e+08	1.68806e+08	1.92999e+08
ERR618545	3.80564e+08	3.53785e+08	4.64391e+08	3.40228e+08	3.84387e+08	3.83167e+08	2.1792e+08	2.33742e+08	2.57125e+08	2.14112e+08	2.12178e+08	2.63817e+08	3.09839e+08	2.91271e+08	2.71665e+08	2.88829e+08	2.94462e+08	2.88694e+08	1.7268e+08	2.16571e+08	2.86733e+08	2.71179e+08	2.11606e+08	2.67808e+08	2.85536e+08	2.82867e+08	1.98836e+08	2.02026e+08	2.51996e+08	2.55549e+08	2.39768e+08	2.36205e+08	2.3452e+08	2.22279e+08	2.41268e+08	2.40026e+08	2.02984e+08	2.03464e+08	1.9199e+08	2.0175e+08	1.28695e+08	2.07542e+08	2.27307e+08	2.18722e+08	2.36276e+08	2.34194e+08	3.13841e+08	3.20914e+08	1.42806e+08	2.14645e+08	2.06766e+08	2.09375e+08	7.89679e+07	2.07704e+08	1.3337e+08	1.71197e+08	1.70951e+08	1.7259e+08	1.28808e+08	1.28709e+08	1.48542e+08	1.40712e+08	1.60828e+08	1.45804e+08	1.46631e+08	1.45128e+08	2.00748e+08	1.43455e+08	2.11497e+08	1.76509e+08	1.84248e+08	1.82224e+08	1.83579e+08	1.5639e+08	1.81516e+08	1.91225e+08	1.85498e+08	2.17817e+08	1.45979e+08	1.18432e+08	1.4404e+08	1.43717e+08	1.51661e+08	1.39839e+08	1.77894e+08	2.52465e+08	2.39537e+08	2.18421e+08	2.23058e+08	2.16097e+08	1.62457e+08	2.02873e+08	1.45736e+08	1.60413e+08	1.62376e+08	1.85598e+08
ERR618544	3.81167e+08	3.54212e+08	3.40228e+08	4.6542e+08	3.84929e+08	3.83643e+08	2.17724e+08	2.33557e+08	2.56877e+08	2.13898e+08	2.11976e+08	2.63515e+08	3.08932e+08	2.90427e+08	2.70664e+08	2.88091e+08	2.93525e+08	2.87724e+08	1.72484e+08	2.16209e+08	2.86393e+08	2.70912e+08	2.11317e+08	2.67469e+08	2.84919e+08	2.82338e+08	1.98319e+08	2.0155e+08	2.51426e+08	2.54881e+08	2.39266e+08	2.35714e+08	2.34002e+08	2.21804e+08	2.40751e+08	2.39609e+08	2.02641e+08	2.03149e+08	1.91537e+08	2.01397e+08	1.28373e+08	2.07173e+08	2.27178e+08	2.18462e+08	2.35955e+08	2.33939e+08	3.13651e+08	3.20447e+08	1.42459e+08	2.14505e+08	2.06452e+08	2.09044e+08	7.87895e+07	2.07367e+08	1.33116e+08	1.70847e+08	1.70686e+08	1.7228e+08	1.28587e+08	1.28472e+08	1.48268e+08	1.40471e+08	1.60546e+08	1.45599e+08	1.46281e+08	1.4486e+08	2.00577e+08	1.43384e+08	2.1115e+08	1.76482e+08	1.84121e+08	1.82004e+08	1.83396e+08	1.56198e+08	1.81271e+08	1.90926e+08	1.85274e+08	2.17575e+08	1.45821e+08	1.18139e+08	1.43875e+08	1.4356e+08	1.51498e+08	1.39618e+08	1.77753e+08	2.52221e+08	2.39106e+08	2.18139e+08	2.2253e+08	2.15827e+08	1.6218e+08	2.0259e+08	1.45547e+08	1.60228e+08	1.6209e+08	1.85207e+08
ERR618546	4.35012e+08	4.00475e+08	3.84387e+08	3.84929e+08	5.82102e+08	4.37863e+08	2.48903e+08	2.66773e+08	2.93846e+08	2.44305e+08	2.42247e+08	3.01245e+08	3.56033e+08	3.34684e+08	3.11964e+08	3.31885e+08	3.3835e+08	3.31604e+08	1.97469e+08	2.4769e+08	3.28491e+08	3.10721e+08	2.42184e+08	3.06834e+08	3.27376e+08	3.24277e+08	2.27072e+08	2.30698e+08	2.88643e+08	2.92732e+08	2.75795e+08	2.71647e+08	2.69664e+08	2.55573e+08	2.77236e+08	2.76151e+08	2.32399e+08	2.32949e+08	2.19786e+08	2.31025e+08	1.47308e+08	2.37516e+08	2.6007e+08	2.5052e+08	2.70088e+08	2.6791e+08	3.59508e+08	3.6733e+08	1.6331e+08	2.45468e+08	2.36976e+08	2.39818e+08	9.05254e+07	2.3792e+08	1.52593e+08	1.95855e+08	1.95646e+08	1.97391e+08	1.47442e+08	1.47306e+08	1.70109e+08	1.61103e+08	1.84046e+08	1.66807e+08	1.67757e+08	1.65913e+08	2.30015e+08	1.64627e+08	2.42272e+08	2.0261e+08	2.11151e+08	2.09086e+08	2.097e+08	1.78982e+08	2.07433e+08	2.18615e+08	2.11918e+08	2.48884e+08	1.67e+08	1.35358e+08	1.64992e+08	1.6454e+08	1.7354e+08	1.60072e+08	2.04466e+08	2.89949e+08	2.74796e+08	2.50675e+08	2.56346e+08	2.48412e+08	1.86074e+08	2.32411e+08	1.66927e+08	1.83842e+08	1.86073e+08	2.12973e+08
ERR618547	4.33633e+08	3.99036e+08	3.83167e+08	3.83643e+08	4.37863e+08	5.79347e+08	2.48924e+08	2.66735e+08	2.93858e+08	2.4425e+08	2.42198e+08	3.01045e+08	3.55894e+08	3.34487e+08	3.11739e+08	3.3164e+08	3.38225e+08	3.31519e+08	1.9728e+08	2.47587e+08	3.28316e+08	3.10741e+08	2.42002e+08	3.06797e+08	3.26935e+08	3.23772e+08	2.26707e+08	2.30156e+08	2.88272e+08	2.92346e+08	2.75788e+08	2.71436e+08	2.69597e+08	2.55396e+08	2.77205e+08	2.76166e+08	2.32401e+08	2.32996e+08	2.19769e+08	2.31003e+08	1.47568e+08	2.37474e+08	2.59982e+08	2.50606e+08	2.70027e+08	2.67858e+08	3.59363e+08	3.67138e+08	1.6298e+08	2.4484e+08	2.36708e+08	2.3966e+08	9.04867e+07	2.3782e+08	1.52558e+08	1.95863e+08	1.95621e+08	1.97272e+08	1.47344e+08	1.47259e+08	1.70192e+08	1.61093e+08	1.8411e+08	1.66924e+08	1.67792e+08	1.65959e+08	2.30427e+08	1.65244e+08	2.4283e+08	2.03201e+08	2.11655e+08	2.09561e+08	2.09635e+08	1.7907e+08	2.07228e+08	2.18498e+08	2.11835e+08	2.48898e+08	1.67068e+08	1.35336e+08	1.64982e+08	1.64585e+08	1.73537e+08	1.60001e+08	2.04723e+08	2.90074e+08	2.74987e+08	2.50973e+08	2.56629e+08	2.48574e+08	1.8601e+08	2.3228e+08	1.66988e+08	1.83739e+08	1.86021e+08	2.12927e+08
ERR607756	2.4721e+08	2.25831e+08	2.1792e+08	2.17724e+08	2.48903e+08	2.48924e+08	3.45448e+08	2.47726e+08	2.72329e+08	2.30799e+08	2.28806e+08	2.76563e+08	2.75578e+08	2.60296e+08	2.43937e+08	2.57401e+08	2.62721e+08	2.57246e+08	1.69874e+08	2.10793e+08	2.73829e+08	2.60971e+08	2.06055e+08	2.59288e+08	2.4407e+08	2.42449e+08	1.68133e+08	1.7077e+08	2.16345e+08	2.1831e+08	2.44691e+08	2.4163e+08	2.4009e+08	2.28953e+08	2.45623e+08	2.46392e+08	1.82147e+08	1.83234e+08	1.72836e+08	1.81461e+08	1.19169e+08	1.85519e+08	2.05253e+08	2.03416e+08	2.13146e+08	2.1161e+08	2.81856e+08	2.87795e+08	1.16751e+08	1.72341e+08	1.70712e+08	1.72661e+08	6.70913e+07	1.71544e+08	1.13515e+08	1.44336e+08	1.44207e+08	1.4568e+08	1.09306e+08	1.09852e+08	1.28151e+08	1.21222e+08	1.37828e+08	1.24992e+08	1.25662e+08	1.24164e+08	1.89867e+08	1.39167e+08	1.99762e+08	1.70853e+08	1.75528e+08	1.76417e+08	1.53975e+08	1.34015e+08	1.52222e+08	1.6163e+08	1.55429e+08	1.83222e+08	1.20976e+08	9.81056e+07	1.20233e+08	1.20736e+08	1.25934e+08	1.15839e+08	1.70864e+08	2.37853e+08	2.25256e+08	2.06709e+08	2.13641e+08	2.06841e+08	1.35445e+08	1.68742e+08	1.22418e+08	1.33524e+08	1.35446e+08	1.56458e+08
ERR607753	2.64839e+08	2.42227e+08	2.33742e+08	2.33557e+08	2.66773e+08	2.66735e+08	2.47726e+08	3.83375e+08	2.89591e+08	2.43891e+08	2.41742e+08	2.94389e+08	2.92376e+08	2.75846e+08	2.58483e+08	2.73033e+08	2.78439e+08	2.72799e+08	1.79696e+08	2.23198e+08	2.90715e+08	2.76676e+08	2.18087e+08	2.74785e+08	2.59787e+08	2.57989e+08	1.78962e+08	1.8164e+08	2.30019e+08	2.32149e+08	2.59172e+08	2.55906e+08	2.54254e+08	2.42512e+08	2.603e+08	2.60882e+08	1.94305e+08	1.95306e+08	1.84324e+08	1.93502e+08	1.26723e+08	1.97947e+08	2.18185e+08	2.15393e+08	2.26633e+08	2.24998e+08	3.00058e+08	3.06352e+08	1.25214e+08	1.85358e+08	1.83067e+08	1.85197e+08	7.17089e+07	1.83871e+08	1.21678e+08	1.54889e+08	1.54682e+08	1.56301e+08	1.17211e+08	1.1769e+08	1.37324e+08	1.2988e+08	1.4783e+08	1.3394e+08	1.34638e+08	1.33023e+08	2.02225e+08	1.4766e+08	2.12809e+08	1.81215e+08	1.86634e+08	1.87351e+08	1.65204e+08	1.43518e+08	1.63395e+08	1.73405e+08	1.66909e+08	1.96721e+08	1.29673e+08	1.04994e+08	1.28812e+08	1.29179e+08	1.35013e+08	1.24081e+08	1.8078e+08	2.52744e+08	2.39196e+08	2.19429e+08	2.26376e+08	2.19149e+08	1.45244e+08	1.80877e+08	1.31141e+08	1.43042e+08	1.45147e+08	1.6743e+08
ERR607755	2.9182e+08	2.66484e+08	2.57125e+08	2.56877e+08	2.93846e+08	2.93858e+08	2.72329e+08	2.89591e+08	4.54281e+08	2.67912e+08	2.65404e+08	3.24297e+08	3.24297e+08	3.06156e+08	2.86437e+08	3.02483e+08	3.08805e+08	3.02441e+08	1.97759e+08	2.4618e+08	3.21595e+08	3.05957e+08	2.40497e+08	3.04146e+08	2.87549e+08	2.85643e+08	1.97566e+08	2.00531e+08	2.54536e+08	2.56836e+08	2.86692e+08	2.82885e+08	2.81208e+08	2.67967e+08	2.87763e+08	2.8881e+08	2.16498e+08	2.17962e+08	2.05618e+08	2.15797e+08	1.41349e+08	2.20679e+08	2.40838e+08	2.37925e+08	2.49978e+08	2.48366e+08	3.31561e+08	3.38665e+08	1.39956e+08	2.06874e+08	2.04665e+08	2.07185e+08	8.03132e+07	2.05753e+08	1.36081e+08	1.7308e+08	1.73e+08	1.74637e+08	1.31091e+08	1.31636e+08	1.5363e+08	1.45237e+08	1.6514e+08	1.49677e+08	1.50523e+08	1.48696e+08	2.24088e+08	1.63683e+08	2.35794e+08	2.01055e+08	2.06887e+08	2.07657e+08	1.84442e+08	1.60556e+08	1.82491e+08	1.93669e+08	1.86297e+08	2.19733e+08	1.44901e+08	1.17298e+08	1.43937e+08	1.44551e+08	1.50919e+08	1.38734e+08	2.00322e+08	2.79982e+08	2.65129e+08	2.4301e+08	2.50925e+08	2.42912e+08	1.62385e+08	2.02242e+08	1.4658e+08	1.59956e+08	1.62327e+08	1.87478e+08
ERR607758	2.42583e+08	2.21804e+08	2.14112e+08	2.13898e+08	2.44305e+08	2.4425e+08	2.30799e+08	2.43891e+08	2.67912e+08	3.3596e+08	2.2518e+08	2.71964e+08	2.71031e+08	2.55853e+08	2.3996e+08	2.53192e+08	2.5816e+08	2.52888e+08	1.67116e+08	2.07297e+08	2.69254e+08	2.56506e+08	2.02587e+08	2.54839e+08	2.39859e+08	2.38243e+08	1.65077e+08	1.67624e+08	2.12518e+08	2.14322e+08	2.40363e+08	2.37371e+08	2.35987e+08	2.25117e+08	2.41367e+08	2.42221e+08	1.78766e+08	1.80015e+08	1.69766e+08	1.78004e+08	1.17034e+08	1.82196e+08	2.01977e+08	2.00118e+08	2.09639e+08	2.08223e+08	2.77113e+08	2.82888e+08	1.1445e+08	1.69054e+08	1.673e+08	1.69424e+08	6.58838e+07	1.68321e+08	1.11243e+08	1.41591e+08	1.41485e+08	1.4284e+08	1.0726e+08	1.07747e+08	1.25754e+08	1.18931e+08	1.35228e+08	1.22562e+08	1.23375e+08	1.21826e+08	1.8726e+08	1.37365e+08	1.96856e+08	1.6837e+08	1.7299e+08	1.74103e+08	1.50856e+08	1.31389e+08	1.49162e+08	1.58295e+08	1.5229e+08	1.79607e+08	1.18769e+08	9.61944e+07	1.17966e+08	1.18475e+08	1.23584e+08	1.13677e+08	1.68047e+08	2.33917e+08	2.21575e+08	2.03307e+08	2.10193e+08	2.03545e+08	1.3291e+08	1.65514e+08	1.20069e+08	1.31074e+08	1.32895e+08	1.53571e+08
ERR607757	2.40579e+08	2.19749e+08	2.12178e+08	2.11976e+08	2.42247e+08	2.42198e+08	2.28806e+08	2.41742e+08	2.65404e+08	2.2518e+08	3.30864e+08	2.69498e+08	2.68419e+08	2.53632e+08	2.37828e+08	2.50852e+08	2.55942e+08	2.50704e+08	1.65619e+08	2.05371e+08	2.66538e+08	2.54035e+08	2.00793e+08	2.52426e+08	2.37721e+08	2.36206e+08	1.63836e+08	1.66253e+08	2.10709e+08	2.12512e+08	2.38465e+08	2.35451e+08	2.34207e+08	2.2337e+08	2.39434e+08	2.40177e+08	1.7699e+08	1.7821e+08	1.68125e+08	1.76443e+08	1.15926e+08	1.80352e+08	2.00171e+08	1.98329e+08	2.0786e+08	2.06425e+08	2.74655e+08	2.8035e+08	1.13458e+08	1.67399e+08	1.65725e+08	1.67729e+08	6.51768e+07	1.66528e+08	1.10288e+08	1.40168e+08	1.40171e+08	1.41517e+08	1.06178e+08	1.06676e+08	1.2461e+08	1.17797e+08	1.33879e+08	1.21395e+08	1.22088e+08	1.20561e+08	1.85238e+08	1.35815e+08	1.94885e+08	1.66602e+08	1.71179e+08	1.72235e+08	1.49456e+08	1.3018e+08	1.47739e+08	1.56957e+08	1.50898e+08	1.77929e+08	1.17595e+08	9.5221e+07	1.16807e+08	1.17274e+08	1.22435e+08	1.12449e+08	1.66505e+08	2.31786e+08	2.19476e+08	2.01461e+08	2.08206e+08	2.01521e+08	1.31676e+08	1.63944e+08	1.1887e+08	1.29727e+08	1.31606e+08	1.51968e+08
ERR607754	2.98836e+08	2.73493e+08	2.63817e+08	2.63515e+08	3.01245e+08	3.01045e+08	2.76563e+08	2.94389e+08	3.24297e+08	2.71964e+08	2.69498e+08	4.67925e+08	3.29134e+08	3.10423e+08	2.90536e+08	3.07134e+08	3.13355e+08	3.06878e+08	2.00574e+08	2.49766e+08	3.26805e+08	3.10657e+08	2.44072e+08	3.08334e+08	2.92539e+08	2.90588e+08	2.01316e+08	2.04393e+08	2.58802e+08	2.61331e+08	2.90457e+08	2.86729e+08	2.85007e+08	2.71283e+08	2.91935e+08	2.92375e+08	2.20064e+08	2.21322e+08	2.08779e+08	2.1924e+08	1.43062e+08	2.24462e+08	2.44625e+08	2.40972e+08	2.54199e+08	2.52427e+08	3.37374e+08	3.44528e+08	1.42622e+08	2.114e+08	2.0842e+08	2.10962e+08	8.13654e+07	2.09484e+08	1.38546e+08	1.76744e+08	1.76518e+08	1.78273e+08	1.33576e+08	1.34046e+08	1.56351e+08	1.47829e+08	1.68324e+08	1.52529e+08	1.53373e+08	1.5158e+08	2.27292e+08	1.65262e+08	2.39246e+08	2.02997e+08	2.0959e+08	2.09796e+08	1.88318e+08	1.63194e+08	1.86274e+08	1.97379e+08	1.90051e+08	2.24034e+08	1.47499e+08	1.19512e+08	1.4648e+08	1.46996e+08	1.53747e+08	1.41292e+08	2.02276e+08	2.83863e+08	2.68652e+08	2.46001e+08	2.53625e+08	2.45333e+08	1.6538e+08	2.06286e+08	1.49324e+08	1.63032e+08	1.65386e+08	1.90711e+08
ERR605479	3.53256e+08	3.21471e+08	3.09839e+08	3.08932e+08	3.56033e+08	3.55894e+08	2.75578e+08	2.92376e+08	3.24297e+08	2.71031e+08	2.68419e+08	3.29134e+08	6.6872e+08	4.69535e+08	4.40706e+08	4.6325e+08	4.7193e+08	4.6302e+08	2.33203e+08	2.9264e+08	3.86097e+08	3.66617e+08	2.85612e+08	3.64977e+08	3.72756e+08	3.70861e+08	2.53947e+08	2.57905e+08	3.29943e+08	3.32965e+08	3.26619e+08	3.2243e+08	3.2022e+08	3.04765e+08	3.28501e+08	3.2949e+08	2.68731e+08	2.70152e+08	2.54803e+08	2.67432e+08	1.75562e+08	2.73126e+08	2.93019e+08	2.89325e+08	3.03904e+08	3.02198e+08	4.06345e+08	4.15597e+08	1.8316e+08	2.69294e+08	2.68709e+08	2.72861e+08	1.06707e+08	2.71266e+08	1.71153e+08	2.17327e+08	2.17284e+08	2.19448e+08	1.64985e+08	1.65831e+08	1.92675e+08	1.82121e+08	2.06907e+08	1.873e+08	1.88564e+08	1.86099e+08	2.69904e+08	1.95714e+08	2.84346e+08	2.4146e+08	2.48569e+08	2.49266e+08	2.28141e+08	1.99591e+08	2.25348e+08	2.39905e+08	2.29935e+08	2.72139e+08	1.9699e+08	1.59058e+08	1.96298e+08	1.97067e+08	2.05313e+08	1.88409e+08	2.40673e+08	3.38289e+08	3.19907e+08	2.92814e+08	3.02461e+08	2.92852e+08	2.36214e+08	2.89138e+08	2.16079e+08	2.33646e+08	2.36708e+08	2.70817e+08
ERR605480	3.32142e+08	3.02134e+08	2.91271e+08	2.90427e+08	3.34684e+08	3.34487e+08	2.60296e+08	2.75846e+08	3.06156e+08	2.55853e+08	2.53632e+08	3.10423e+08	4.69535e+08	6.05243e+08	4.17038e+08	4.38004e+08	4.46373e+08	4.37731e+08	2.20396e+08	2.76231e+08	3.64169e+08	3.45713e+08	2.69545e+08	3.44376e+08	3.5108e+08	3.49331e+08	2.39468e+08	2.42936e+08	3.1107e+08	3.13807e+08	3.0817e+08	3.04212e+08	3.02108e+08	2.87562e+08	3.098e+08	3.11e+08	2.52895e+08	2.54233e+08	2.39802e+08	2.51744e+08	1.65462e+08	2.57083e+08	2.76392e+08	2.7315e+08	2.86727e+08	2.8496e+08	3.83058e+08	3.91727e+08	1.72517e+08	2.53274e+08	2.52944e+08	2.57147e+08	1.00718e+08	2.55494e+08	1.60778e+08	2.0398e+08	2.03871e+08	2.05923e+08	1.55005e+08	1.55955e+08	1.81028e+08	1.71094e+08	1.94305e+08	1.76029e+08	1.77095e+08	1.74731e+08	2.54316e+08	1.84642e+08	2.68025e+08	2.27835e+08	2.34281e+08	2.35054e+08	2.14088e+08	1.875e+08	2.11466e+08	2.25292e+08	2.15764e+08	2.55413e+08	1.85706e+08	1.49988e+08	1.85058e+08	1.85879e+08	1.93615e+08	1.77487e+08	2.27307e+08	3.18962e+08	3.01724e+08	2.76281e+08	2.85618e+08	2.76466e+08	2.23342e+08	2.73034e+08	2.04409e+08	2.20908e+08	2.23807e+08	2.55896e+08
ERR605481	3.09571e+08	2.81617e+08	2.71665e+08	2.70664e+08	3.11964e+08	3.11739e+08	2.43937e+08	2.58483e+08	2.86437e+08	2.3996e+08	2.37828e+08	2.90536e+08	4.40706e+08	4.17038e+08	5.42154e+08	4.1156e+08	4.19268e+08	4.11306e+08	2.06421e+08	2.58723e+08	3.40342e+08	3.23546e+08	2.52474e+08	3.22176e+08	3.2795e+08	3.26369e+08	2.23727e+08	2.26819e+08	2.90687e+08	2.93279e+08	2.88148e+08	2.84397e+08	2.82392e+08	2.68976e+08	2.89645e+08	2.90811e+08	2.36125e+08	2.37463e+08	2.24111e+08	2.35003e+08	1.54784e+08	2.40089e+08	2.58408e+08	2.56049e+08	2.67936e+08	2.66387e+08	3.57873e+08	3.65956e+08	1.61124e+08	2.36262e+08	2.3613e+08	2.40037e+08	9.42833e+07	2.38609e+08	1.49678e+08	1.89735e+08	1.89751e+08	1.91538e+08	1.44222e+08	1.45245e+08	1.68452e+08	1.59186e+08	1.80722e+08	1.63694e+08	1.64789e+08	1.62709e+08	2.3762e+08	1.72942e+08	2.50451e+08	2.13307e+08	2.19201e+08	2.20244e+08	1.99293e+08	1.74568e+08	1.96877e+08	2.09555e+08	2.00954e+08	2.37574e+08	1.73357e+08	1.40078e+08	1.7282e+08	1.73543e+08	1.80815e+08	1.65856e+08	2.12662e+08	2.97803e+08	2.81952e+08	2.58233e+08	2.66985e+08	2.58539e+08	2.09468e+08	2.55932e+08	1.92059e+08	2.07344e+08	2.10023e+08	2.3984e+08
ERR605482	3.29279e+08	2.99647e+08	2.88829e+08	2.88091e+08	3.31885e+08	3.3164e+08	2.57401e+08	2.73033e+08	3.02483e+08	2.53192e+08	2.50852e+08	3.07134e+08	4.6325e+08	4.38004e+08	4.1156e+08	5.92843e+08	4.42421e+08	4.33991e+08	2.17913e+08	2.733e+08	3.59955e+08	3.41999e+08	2.6662e+08	3.40231e+08	3.4737e+08	3.45427e+08	2.37035e+08	2.4058e+08	3.07735e+08	3.10563e+08	3.04256e+08	3.0022e+08	2.98022e+08	2.83886e+08	3.05879e+08	3.06975e+08	2.49208e+08	2.50706e+08	2.36454e+08	2.48121e+08	1.62918e+08	2.53584e+08	2.73394e+08	2.69941e+08	2.83491e+08	2.8183e+08	3.78545e+08	3.87166e+08	1.70111e+08	2.50166e+08	2.49576e+08	2.53684e+08	9.92747e+07	2.5201e+08	1.58536e+08	2.01366e+08	2.01248e+08	2.03244e+08	1.52883e+08	1.53732e+08	1.78442e+08	1.685e+08	1.91618e+08	1.73574e+08	1.74628e+08	1.72369e+08	2.50971e+08	1.8189e+08	2.64327e+08	2.2456e+08	2.31031e+08	2.31795e+08	2.11246e+08	1.84673e+08	2.0871e+08	2.2209e+08	2.12915e+08	2.51886e+08	1.83147e+08	1.47935e+08	1.82412e+08	1.83197e+08	1.90753e+08	1.75013e+08	2.24317e+08	3.1474e+08	2.97816e+08	2.72695e+08	2.81664e+08	2.7274e+08	2.20406e+08	2.69592e+08	2.01695e+08	2.18095e+08	2.20937e+08	2.5237e+08
ERR605483	3.35799e+08	3.05415e+08	2.94462e+08	2.93525e+08	3.3835e+08	3.38225e+08	2.62721e+08	2.78439e+08	3.08805e+08	2.5816e+08	2.55942e+08	3.13355e+08	4.7193e+08	4.46373e+08	4.19268e+08	4.42421e+08	6.1276e+08	4.42159e+08	2.22165e+08	2.78567e+08	3.67001e+08	3.48674e+08	2.71804e+08	3.47037e+08	3.54341e+08	3.5225e+08	2.41608e+08	2.45138e+08	3.13604e+08	3.16612e+08	3.10491e+08	3.06388e+08	3.04305e+08	2.89758e+08	3.12183e+08	3.13267e+08	2.54257e+08	2.55738e+08	2.41108e+08	2.53109e+08	1.66235e+08	2.58565e+08	2.78367e+08	2.75347e+08	2.88855e+08	2.87164e+08	3.85786e+08	3.94668e+08	1.73527e+08	2.55122e+08	2.54469e+08	2.58739e+08	1.01302e+08	2.56943e+08	1.6168e+08	2.05353e+08	2.05273e+08	2.07271e+08	1.55915e+08	1.56868e+08	1.82131e+08	1.72109e+08	1.95585e+08	1.77206e+08	1.78193e+08	1.75789e+08	2.55919e+08	1.85804e+08	2.69556e+08	2.29138e+08	2.35755e+08	2.36547e+08	2.15538e+08	1.88613e+08	2.12988e+08	2.26617e+08	2.17316e+08	2.57022e+08	1.86677e+08	1.50741e+08	1.85918e+08	1.8673e+08	1.94439e+08	1.78408e+08	2.28941e+08	3.21002e+08	3.03644e+08	2.7827e+08	2.87337e+08	2.78391e+08	2.24568e+08	2.74613e+08	2.05419e+08	2.22067e+08	2.25006e+08	2.57199e+08
ERR605484	3.28886e+08	2.99415e+08	2.88694e+08	2.87724e+08	3.31604e+08	3.31519e+08	2.57246e+08	2.72799e+08	3.02441e+08	2.52888e+08	2.50704e+08	3.06878e+08	4.6302e+08	4.37731e+08	4.11306e+08	4.33991e+08	4.42159e+08	5.92385e+08	2.17523e+08	2.72839e+08	3.59349e+08	3.41325e+08	2.66304e+08	3.39731e+08	3.47055e+08	3.45149e+08	2.36816e+08	2.40405e+08	3.07269e+08	3.10176e+08	3.04156e+08	2.99987e+08	2.98024e+08	2.8385e+08	3.05807e+08	3.06813e+08	2.49031e+08	2.50601e+08	2.36375e+08	2.48059e+08	1.62967e+08	2.5339e+08	2.7287e+08	2.698e+08	2.83175e+08	2.81631e+08	3.78278e+08	3.86951e+08	1.69965e+08	2.4988e+08	2.49278e+08	2.53357e+08	9.91746e+07	2.51763e+08	1.58374e+08	2.01033e+08	2.01005e+08	2.02879e+08	1.52605e+08	1.53533e+08	1.78227e+08	1.68344e+08	1.91332e+08	1.73335e+08	1.74436e+08	1.72107e+08	2.50557e+08	1.81896e+08	2.64098e+08	2.24406e+08	2.30938e+08	2.31715e+08	2.10945e+08	1.84499e+08	2.08576e+08	2.21763e+08	2.1277e+08	2.51471e+08	1.82908e+08	1.47721e+08	1.82236e+08	1.82948e+08	1.90553e+08	1.74898e+08	2.23948e+08	3.14369e+08	2.97383e+08	2.72285e+08	2.8123e+08	2.72376e+08	2.2031e+08	2.69373e+08	2.01613e+08	2.17909e+08	2.2077e+08	2.5214e+08
ERR612225	1.95942e+08	1.79121e+08	1.7268e+08	1.72484e+08	1.97469e+08	1.9728e+08	1.69874e+08	1.79696e+08	1.97759e+08	1.67116e+08	1.65619e+08	2.00574e+08	2.33203e+08	2.20396e+08	2.06421e+08	2.17913e+08	2.22165e+08	2.17523e+08	2.73434e+08	2.17247e+08	2.80854e+08	2.67737e+08	2.12293e+08	2.66293e+08	1.98274e+08	1.97023e+08	1.35484e+08	1.37606e+08	1.75343e+08	1.77067e+08	1.9196e+08	1.89624e+08	1.88295e+08	1.79641e+08	1.92871e+08	1.93727e+08	1.72561e+08	1.73417e+08	1.63732e+08	1.71703e+08	1.13808e+08	1.7537e+08	1.63823e+08	1.6187e+08	1.70018e+08	1.69062e+08	2.26119e+08	2.30993e+08	1.1474e+08	1.68112e+08	1.6712e+08	1.68851e+08	6.7223e+07	1.67873e+08	1.08647e+08	1.37565e+08	1.37553e+08	1.38894e+08	1.04742e+08	1.05209e+08	1.21078e+08	1.14671e+08	1.30113e+08	1.18116e+08	1.18618e+08	1.17311e+08	1.60296e+08	1.16955e+08	1.68886e+08	1.4423e+08	1.47939e+08	1.48786e+08	1.45395e+08	1.2702e+08	1.4362e+08	1.52483e+08	1.4681e+08	1.72966e+08	1.17674e+08	9.54831e+07	1.16684e+08	1.17429e+08	1.22304e+08	1.12681e+08	1.30716e+08	1.83267e+08	1.73559e+08	1.58937e+08	1.64662e+08	1.59166e+08	1.34596e+08	1.66542e+08	1.21825e+08	1.32822e+08	1.34695e+08	1.55003e+08
ERR612224	2.45839e+08	2.24633e+08	2.16571e+08	2.16209e+08	2.4769e+08	2.47587e+08	2.10793e+08	2.23198e+08	2.4618e+08	2.07297e+08	2.05371e+08	2.49766e+08	2.9264e+08	2.76231e+08	2.58723e+08	2.733e+08	2.78567e+08	2.72839e+08	2.17247e+08	3.93634e+08	3.50788e+08	3.34021e+08	2.63553e+08	3.32158e+08	2.48755e+08	2.47333e+08	1.69551e+08	1.72176e+08	2.20125e+08	2.22096e+08	2.39968e+08	2.36949e+08	2.35436e+08	2.24553e+08	2.41157e+08	2.42172e+08	2.17286e+08	2.18268e+08	2.06024e+08	2.16216e+08	1.42892e+08	2.20719e+08	2.04707e+08	2.021e+08	2.1257e+08	2.11313e+08	2.83472e+08	2.8971e+08	1.44747e+08	2.12509e+08	2.10929e+08	2.1328e+08	8.44302e+07	2.1208e+08	1.37244e+08	1.7392e+08	1.7388e+08	1.75647e+08	1.32283e+08	1.32805e+08	1.53033e+08	1.44899e+08	1.64384e+08	1.4927e+08	1.49892e+08	1.48196e+08	2.01568e+08	1.46855e+08	2.1241e+08	1.81224e+08	1.85882e+08	1.87016e+08	1.83606e+08	1.60269e+08	1.81319e+08	1.9265e+08	1.85249e+08	2.18496e+08	1.48613e+08	1.2045e+08	1.47457e+08	1.4819e+08	1.54472e+08	1.42127e+08	1.6396e+08	2.30478e+08	2.17975e+08	1.99618e+08	2.06677e+08	1.99803e+08	1.69807e+08	2.10373e+08	1.5371e+08	1.67635e+08	1.69823e+08	1.95704e+08
ERR612221	3.25918e+08	2.97837e+08	2.86733e+08	2.86393e+08	3.28491e+08	3.28316e+08	2.73829e+08	2.90715e+08	3.21595e+08	2.69254e+08	2.66538e+08	3.26805e+08	3.86097e+08	3.64169e+08	3.40342e+08	3.59955e+08	3.67001e+08	3.59349e+08	2.80854e+08	3.50788e+08	6.32695e+08	4.39669e+08	3.42427e+08	4.36875e+08	3.28874e+08	3.26841e+08	2.23719e+08	2.27214e+08	2.90489e+08	2.93196e+08	3.1499e+08	3.11008e+08	3.08773e+08	2.93953e+08	3.16701e+08	3.17823e+08	2.8934e+08	2.9074e+08	2.74415e+08	2.87837e+08	1.89264e+08	2.94196e+08	2.68912e+08	2.64585e+08	2.79156e+08	2.77632e+08	3.73798e+08	3.82294e+08	1.93989e+08	2.85794e+08	2.83563e+08	2.86763e+08	1.12565e+08	2.85068e+08	1.84327e+08	2.34013e+08	2.3393e+08	2.363e+08	1.77692e+08	1.78378e+08	2.05468e+08	1.94598e+08	2.20953e+08	2.00448e+08	2.01389e+08	1.99036e+08	2.67037e+08	1.93596e+08	2.81536e+08	2.39143e+08	2.45839e+08	2.46837e+08	2.46577e+08	2.15022e+08	2.43653e+08	2.58803e+08	2.48722e+08	2.93755e+08	1.9951e+08	1.61504e+08	1.98043e+08	1.99064e+08	2.07613e+08	1.90965e+08	2.15817e+08	3.04731e+08	2.88123e+08	2.63376e+08	2.72299e+08	2.63068e+08	2.27642e+08	2.82822e+08	2.05983e+08	2.24733e+08	2.277e+08	2.62836e+08
ERR612223	3.08297e+08	2.8139e+08	2.71179e+08	2.70912e+08	3.10721e+08	3.10741e+08	2.60971e+08	2.76676e+08	3.05957e+08	2.56506e+08	2.54035e+08	3.10657e+08	3.66617e+08	3.45713e+08	3.23546e+08	3.41999e+08	3.48674e+08	3.41325e+08	2.67737e+08	3.34021e+08	4.39669e+08	5.78384e+08	3.26101e+08	4.15832e+08	3.11841e+08	3.09784e+08	2.11851e+08	2.15232e+08	2.75417e+08	2.78207e+08	2.99425e+08	2.9571e+08	2.93638e+08	2.79782e+08	3.00992e+08	3.02399e+08	2.73934e+08	2.75372e+08	2.59974e+08	2.72685e+08	1.79899e+08	2.78454e+08	2.55407e+08	2.52043e+08	2.65198e+08	2.63784e+08	3.54671e+08	3.62443e+08	1.83415e+08	2.69841e+08	2.68154e+08	2.71013e+08	1.06964e+08	2.69493e+08	1.73943e+08	2.20914e+08	2.20744e+08	2.22823e+08	1.67626e+08	1.68431e+08	1.94119e+08	1.83667e+08	2.08651e+08	1.89107e+08	1.90031e+08	1.87847e+08	2.53058e+08	1.84183e+08	2.66887e+08	2.27401e+08	2.33237e+08	2.34688e+08	2.32554e+08	2.03152e+08	2.29781e+08	2.4413e+08	2.34587e+08	2.76934e+08	1.88582e+08	1.52669e+08	1.87129e+08	1.88096e+08	1.95981e+08	1.80369e+08	2.05523e+08	2.89272e+08	2.73562e+08	2.50258e+08	2.59397e+08	2.50689e+08	2.15117e+08	2.66878e+08	1.94634e+08	2.12423e+08	2.15182e+08	2.48392e+08
ERR612226	2.40242e+08	2.19601e+08	2.11606e+08	2.11317e+08	2.42184e+08	2.42002e+08	2.06055e+08	2.18087e+08	2.40497e+08	2.02587e+08	2.00793e+08	2.44072e+08	2.85612e+08	2.69545e+08	2.52474e+08	2.6662e+08	2.71804e+08	2.66304e+08	2.12293e+08	2.63553e+08	3.42427e+08	3.26101e+08	3.78367e+08	3.2426e+08	2.42764e+08	2.41416e+08	1.65654e+08	1.68188e+08	2.14697e+08	2.16825e+08	2.34438e+08	2.31459e+08	2.29879e+08	2.19291e+08	2.35499e+08	2.36508e+08	2.11886e+08	2.12885e+08	2.00981e+08	2.10897e+08	1.39397e+08	2.15346e+08	2.00065e+08	1.97367e+08	2.07619e+08	2.06398e+08	2.76809e+08	2.82857e+08	1.41093e+08	2.07229e+08	2.05801e+08	2.08022e+08	8.23869e+07	2.06849e+08	1.33899e+08	1.69749e+08	1.69603e+08	1.71244e+08	1.2898e+08	1.2957e+08	1.49127e+08	1.41132e+08	1.60299e+08	1.45522e+08	1.46095e+08	1.4453e+08	1.96909e+08	1.43345e+08	2.07371e+08	1.76871e+08	1.81495e+08	1.82595e+08	1.79074e+08	1.56338e+08	1.76929e+08	1.87789e+08	1.80707e+08	2.13036e+08	1.45085e+08	1.1764e+08	1.43975e+08	1.44679e+08	1.50746e+08	1.38862e+08	1.59831e+08	2.24664e+08	2.12588e+08	1.94567e+08	2.01537e+08	1.94666e+08	1.65499e+08	2.05165e+08	1.49789e+08	1.63456e+08	1.65529e+08	1.90774e+08
ERR612222	3.04481e+08	2.77874e+08	2.67808e+08	2.67469e+08	3.06834e+08	3.06797e+08	2.59288e+08	2.74785e+08	3.04146e+08	2.54839e+08	2.52426e+08	3.08334e+08	3.64977e+08	3.44376e+08	3.22176e+08	3.40231e+08	3.47037e+08	3.39731e+08	2.66293e+08	3.32158e+08	4.36875e+08	4.15832e+08	3.2426e+08	5.72712e+08	3.09811e+08	3.07862e+08	2.10422e+08	2.13721e+08	2.73787e+08	2.76333e+08	2.97982e+08	2.94169e+08	2.92135e+08	2.78334e+08	2.99503e+08	3.0082e+08	2.72739e+08	2.74278e+08	2.58926e+08	2.71654e+08	1.79388e+08	2.77238e+08	2.53917e+08	2.50801e+08	2.6327e+08	2.6218e+08	3.5238e+08	3.60155e+08	1.82291e+08	2.67577e+08	2.66656e+08	2.69614e+08	1.06421e+08	2.68096e+08	1.73252e+08	2.19486e+08	2.19535e+08	2.21656e+08	1.66962e+08	1.67738e+08	1.9335e+08	1.82967e+08	2.07546e+08	1.88484e+08	1.89195e+08	1.86937e+08	2.52216e+08	1.83831e+08	2.66065e+08	2.26804e+08	2.32509e+08	2.34137e+08	2.3115e+08	2.0244e+08	2.28348e+08	2.42854e+08	2.33199e+08	2.75612e+08	1.87526e+08	1.51755e+08	1.86224e+08	1.87348e+08	1.94994e+08	1.79405e+08	2.05082e+08	2.88201e+08	2.72546e+08	2.4954e+08	2.58668e+08	2.49992e+08	2.13976e+08	2.65509e+08	1.93842e+08	2.11268e+08	2.14271e+08	2.4739e+08
ERR626866	3.24712e+08	2.96458e+08	2.85536e+08	2.84919e+08	3.27376e+08	3.26935e+08	2.4407e+08	2.59787e+08	2.87549e+08	2.39859e+08	2.37721e+08	2.92539e+08	3.72756e+08	3.5108e+08	3.2795e+08	3.4737e+08	3.54341e+08	3.47055e+08	1.98274e+08	2.48755e+08	3.28874e+08	3.11841e+08	2.42764e+08	3.09811e+08	5.02725e+08	3.52601e+08	2.44624e+08	2.48179e+08	3.1459e+08	3.17871e+08	2.86297e+08	2.8244e+08	2.80371e+08	2.66516e+08	2.87917e+08	2.88447e+08	2.32e+08	2.33224e+08	2.19809e+08	2.30923e+08	1.50497e+08	2.36244e+08	2.50587e+08	2.45252e+08	2.59918e+08	2.58334e+08	3.45939e+08	3.53479e+08	1.52679e+08	2.26106e+08	2.23952e+08	2.26621e+08	8.74649e+07	2.24969e+08	1.48911e+08	1.8971e+08	1.89638e+08	1.91547e+08	1.43522e+08	1.44259e+08	1.67776e+08	1.58644e+08	1.807e+08	1.63604e+08	1.64591e+08	1.62441e+08	2.34178e+08	1.68545e+08	2.46603e+08	2.08273e+08	2.15414e+08	2.14867e+08	1.99339e+08	1.73519e+08	1.97226e+08	2.09335e+08	2.01245e+08	2.37512e+08	1.58454e+08	1.28019e+08	1.57277e+08	1.5804e+08	1.65174e+08	1.51636e+08	2.08587e+08	2.94272e+08	2.78303e+08	2.54712e+08	2.61876e+08	2.53818e+08	1.77927e+08	2.21853e+08	1.60675e+08	1.75469e+08	1.779e+08	2.05645e+08
ERR626861	3.2158e+08	2.93554e+08	2.82867e+08	2.82338e+08	3.24277e+08	3.23772e+08	2.42449e+08	2.57989e+08	2.85643e+08	2.38243e+08	2.36206e+08	2.90588e+08	3.70861e+08	3.49331e+08	3.26369e+08	3.45427e+08	3.5225e+08	3.45149e+08	1.97023e+08	2.47333e+08	3.26841e+08	3.09784e+08	2.41416e+08	3.07862e+08	3.52601e+08	4.97247e+08	2.42884e+08	2.46351e+08	3.13272e+08	3.16452e+08	2.84517e+08	2.80717e+08	2.78462e+08	2.64741e+08	2.86047e+08	2.86484e+08	2.30771e+08	2.32027e+08	2.18685e+08	2.29648e+08	1.49572e+08	2.35052e+08	2.49079e+08	2.43719e+08	2.58359e+08	2.56914e+08	3.43982e+08	3.51386e+08	1.51673e+08	2.24592e+08	2.22481e+08	2.25235e+08	8.68153e+07	2.23599e+08	1.48103e+08	1.88579e+08	1.88476e+08	1.90493e+08	1.42769e+08	1.43331e+08	1.66827e+08	1.57601e+08	1.79652e+08	1.62713e+08	1.63604e+08	1.61451e+08	2.33417e+08	1.67922e+08	2.45792e+08	2.07441e+08	2.14622e+08	2.14081e+08	1.98215e+08	1.72487e+08	1.95918e+08	2.08235e+08	2.0001e+08	2.36371e+08	1.57651e+08	1.27345e+08	1.56411e+08	1.57182e+08	1.64185e+08	1.50813e+08	2.07272e+08	2.92719e+08	2.76741e+08	2.53127e+08	2.60197e+08	2.52012e+08	1.77053e+08	2.20673e+08	1.59794e+08	1.74681e+08	1.77101e+08	2.04518e+08
ERR626865	2.25255e+08	2.06179e+08	1.98836e+08	1.98319e+08	2.27072e+08	2.26707e+08	1.68133e+08	1.78962e+08	1.97566e+08	1.65077e+08	1.63836e+08	2.01316e+08	2.53947e+08	2.39468e+08	2.23727e+08	2.37035e+08	2.41608e+08	2.36816e+08	1.35484e+08	1.69551e+08	2.23719e+08	2.11851e+08	1.65654e+08	2.10422e+08	2.44624e+08	2.42884e+08	2.69568e+08	1.73132e+08	2.17003e+08	2.19237e+08	1.9479e+08	1.92078e+08	1.90627e+08	1.81368e+08	1.95969e+08	1.96026e+08	1.56638e+08	1.5745e+08	1.48451e+08	1.55951e+08	1.01317e+08	1.59581e+08	1.72591e+08	1.68153e+08	1.7901e+08	1.77941e+08	2.37166e+08	2.4235e+08	1.03384e+08	1.53387e+08	1.5129e+08	1.532e+08	5.8985e+07	1.52019e+08	1.00917e+08	1.28612e+08	1.28707e+08	1.29924e+08	9.74898e+07	9.77672e+07	1.13507e+08	1.07349e+08	1.22233e+08	1.10675e+08	1.11372e+08	1.10031e+08	1.5877e+08	1.13736e+08	1.67171e+08	1.40647e+08	1.46027e+08	1.45123e+08	1.35133e+08	1.17226e+08	1.33608e+08	1.41679e+08	1.36381e+08	1.60878e+08	1.07418e+08	8.68604e+07	1.06461e+08	1.06955e+08	1.11772e+08	1.02758e+08	1.42056e+08	2.00539e+08	1.89924e+08	1.7387e+08	1.7799e+08	1.7251e+08	1.20542e+08	1.50107e+08	1.08709e+08	1.18917e+08	1.20544e+08	1.38907e+08
ERR626864	2.28843e+08	2.09415e+08	2.02026e+08	2.0155e+08	2.30698e+08	2.30156e+08	1.7077e+08	1.8164e+08	2.00531e+08	1.67624e+08	1.66253e+08	2.04393e+08	2.57905e+08	2.42936e+08	2.26819e+08	2.4058e+08	2.45138e+08	2.40405e+08	1.37606e+08	1.72176e+08	2.27214e+08	2.15232e+08	1.68188e+08	2.13721e+08	2.48179e+08	2.46351e+08	1.73132e+08	2.75994e+08	2.2007e+08	2.22467e+08	1.97608e+08	1.94992e+08	1.93475e+08	1.8406e+08	1.98902e+08	1.98911e+08	1.5919e+08	1.60061e+08	1.50762e+08	1.58421e+08	1.02944e+08	1.62221e+08	1.7513e+08	1.70574e+08	1.817e+08	1.80456e+08	2.40728e+08	2.45879e+08	1.05137e+08	1.55949e+08	1.53888e+08	1.55643e+08	5.98923e+07	1.54513e+08	1.02638e+08	1.30877e+08	1.30738e+08	1.31999e+08	9.89831e+07	9.93312e+07	1.15356e+08	1.08961e+08	1.24163e+08	1.12608e+08	1.13157e+08	1.11801e+08	1.61214e+08	1.15481e+08	1.69694e+08	1.4267e+08	1.48229e+08	1.47172e+08	1.37386e+08	1.19168e+08	1.35828e+08	1.44069e+08	1.38779e+08	1.63537e+08	1.0911e+08	8.82824e+07	1.08244e+08	1.08742e+08	1.1365e+08	1.04424e+08	1.44174e+08	2.03584e+08	1.92689e+08	1.7635e+08	1.80573e+08	1.75048e+08	1.22526e+08	1.52622e+08	1.10517e+08	1.20886e+08	1.22514e+08	1.41123e+08
ERR626862	2.86292e+08	2.61349e+08	2.51996e+08	2.51426e+08	2.88643e+08	2.88272e+08	2.16345e+08	2.30019e+08	2.54536e+08	2.12518e+08	2.10709e+08	2.58802e+08	3.29943e+08	3.1107e+08	2.90687e+08	3.07735e+08	3.13604e+08	3.07269e+08	1.75343e+08	2.20125e+08	2.90489e+08	2.75417e+08	2.14697e+08	2.73787e+08	3.1459e+08	3.13272e+08	2.17003e+08	2.2007e+08	4.09131e+08	2.82357e+08	2.53254e+08	2.49699e+08	2.47904e+08	2.35867e+08	2.54637e+08	2.55092e+08	2.04535e+08	2.05838e+08	1.94016e+08	2.03758e+08	1.33005e+08	2.08285e+08	2.21978e+08	2.17452e+08	2.3019e+08	2.28879e+08	3.05922e+08	3.12572e+08	1.34451e+08	1.9881e+08	1.97194e+08	1.99658e+08	7.71683e+07	1.98295e+08	1.31213e+08	1.67098e+08	1.6693e+08	1.6853e+08	1.26587e+08	1.27149e+08	1.4787e+08	1.39754e+08	1.59054e+08	1.4411e+08	1.44998e+08	1.43059e+08	2.07178e+08	1.49492e+08	2.18282e+08	1.84541e+08	1.90788e+08	1.90388e+08	1.75457e+08	1.53055e+08	1.73492e+08	1.84422e+08	1.77079e+08	2.09046e+08	1.39657e+08	1.12949e+08	1.38557e+08	1.39421e+08	1.4556e+08	1.33569e+08	1.85015e+08	2.60532e+08	2.4653e+08	2.25756e+08	2.32261e+08	2.25014e+08	1.56947e+08	1.95434e+08	1.41779e+08	1.54717e+08	1.56992e+08	1.81468e+08
ERR626863	2.9042e+08	2.65024e+08	2.55549e+08	2.54881e+08	2.92732e+08	2.92346e+08	2.1831e+08	2.32149e+08	2.56836e+08	2.14322e+08	2.12512e+08	2.61331e+08	3.32965e+08	3.13807e+08	2.93279e+08	3.10563e+08	3.16612e+08	3.10176e+08	1.77067e+08	2.22096e+08	2.93196e+08	2.78207e+08	2.16825e+08	2.76333e+08	3.17871e+08	3.16452e+08	2.19237e+08	2.22467e+08	2.82357e+08	4.15704e+08	2.55484e+08	2.51846e+08	2.49983e+08	2.37899e+08	2.56838e+08	2.57113e+08	2.06485e+08	2.07637e+08	1.95753e+08	2.05562e+08	1.34154e+08	2.10226e+08	2.24122e+08	2.19403e+08	2.3252e+08	2.30986e+08	3.09117e+08	3.15659e+08	1.35784e+08	2.01187e+08	1.99218e+08	2.01683e+08	7.78677e+07	2.0025e+08	1.32632e+08	1.68894e+08	1.68906e+08	1.70481e+08	1.27828e+08	1.28489e+08	1.49308e+08	1.41155e+08	1.60818e+08	1.45546e+08	1.46412e+08	1.4456e+08	2.08841e+08	1.50465e+08	2.19958e+08	1.85754e+08	1.92079e+08	1.91597e+08	1.77379e+08	1.54432e+08	1.75367e+08	1.86242e+08	1.79068e+08	2.11434e+08	1.41068e+08	1.14057e+08	1.40045e+08	1.40733e+08	1.46968e+08	1.35025e+08	1.8659e+08	2.62952e+08	2.48887e+08	2.27666e+08	2.34236e+08	2.26952e+08	1.58577e+08	1.97427e+08	1.43025e+08	1.56295e+08	1.58567e+08	1.83125e+08
ERR637038	2.73588e+08	2.48757e+08	2.39768e+08	2.39266e+08	2.75795e+08	2.75788e+08	2.44691e+08	2.59172e+08	2.86692e+08	2.40363e+08	2.38465e+08	2.90457e+08	3.26619e+08	3.0817e+08	2.88148e+08	3.04256e+08	3.10491e+08	3.04156e+08	1.9196e+08	2.39968e+08	3.1499e+08	2.99425e+08	2.34438e+08	2.97982e+08	2.86297e+08	2.84517e+08	1.9479e+08	1.97608e+08	2.53254e+08	2.55484e+08	4.68522e+08	3.31635e+08	3.29749e+08	3.14039e+08	3.35739e+08	3.36938e+08	2.08946e+08	2.1032e+08	1.98175e+08	2.08083e+08	1.36311e+08	2.12568e+08	2.23958e+08	2.21549e+08	2.3242e+08	2.3117e+08	3.10446e+08	3.17134e+08	1.33439e+08	1.97673e+08	1.96807e+08	1.9914e+08	7.70805e+07	1.97878e+08	1.30719e+08	1.66316e+08	1.66247e+08	1.67947e+08	1.25935e+08	1.26714e+08	1.48328e+08	1.39998e+08	1.59192e+08	1.44077e+08	1.45084e+08	1.43125e+08	2.14176e+08	1.55859e+08	2.2569e+08	1.92121e+08	1.97355e+08	1.98427e+08	1.75667e+08	1.53478e+08	1.73574e+08	1.84837e+08	1.77256e+08	2.09643e+08	1.38305e+08	1.11604e+08	1.37692e+08	1.38515e+08	1.44395e+08	1.32406e+08	1.92768e+08	2.69821e+08	2.55128e+08	2.33723e+08	2.41868e+08	2.34229e+08	1.56394e+08	1.94819e+08	1.41311e+08	1.54004e+08	1.5634e+08	1.81266e+08
ERR637037	2.69341e+08	2.45045e+08	2.36205e+08	2.35714e+08	2.71647e+08	2.71436e+08	2.4163e+08	2.55906e+08	2.82885e+08	2.37371e+08	2.35451e+08	2.86729e+08	3.2243e+08	3.04212e+08	2.84397e+08	3.0022e+08	3.06388e+08	2.99987e+08	1.89624e+08	2.36949e+08	3.11008e+08	2.9571e+08	2.31459e+08	2.94169e+08	2.8244e+08	2.80717e+08	1.92078e+08	1.94992e+08	2.49699e+08	2.51846e+08	3.31635e+08	4.59078e+08	3.25944e+08	3.10475e+08	3.31927e+08	3.33023e+08	2.0613e+08	2.07395e+08	1.95546e+08	2.0524e+08	1.34651e+08	2.09638e+08	2.20812e+08	2.18728e+08	2.29123e+08	2.27863e+08	3.05912e+08	3.12655e+08	1.31541e+08	1.94925e+08	1.93966e+08	1.96269e+08	7.59466e+07	1.94927e+08	1.2887e+08	1.6389e+08	1.63809e+08	1.65469e+08	1.24098e+08	1.24848e+08	1.46204e+08	1.38067e+08	1.5695e+08	1.42108e+08	1.42919e+08	1.41124e+08	2.11176e+08	1.53674e+08	2.22555e+08	1.89651e+08	1.94633e+08	1.95775e+08	1.73041e+08	1.51186e+08	1.71006e+08	1.82241e+08	1.74576e+08	2.06621e+08	1.36234e+08	1.09987e+08	1.35752e+08	1.36501e+08	1.42376e+08	1.30427e+08	1.90263e+08	2.66317e+08	2.51815e+08	2.30645e+08	2.38765e+08	2.31163e+08	1.54043e+08	1.92019e+08	1.39314e+08	1.51697e+08	1.54106e+08	1.78503e+08
ERR637036	2.67439e+08	2.43221e+08	2.3452e+08	2.34002e+08	2.69664e+08	2.69597e+08	2.4009e+08	2.54254e+08	2.81208e+08	2.35987e+08	2.34207e+08	2.85007e+08	3.2022e+08	3.02108e+08	2.82392e+08	2.98022e+08	3.04305e+08	2.98024e+08	1.88295e+08	2.35436e+08	3.08773e+08	2.93638e+08	2.29879e+08	2.92135e+08	2.80371e+08	2.78462e+08	1.90627e+08	1.93475e+08	2.47904e+08	2.49983e+08	3.29749e+08	3.25944e+08	4.53955e+08	3.08588e+08	3.29939e+08	3.31005e+08	2.0466e+08	2.05982e+08	1.9401e+08	2.0378e+08	1.33776e+08	2.08129e+08	2.19386e+08	2.17543e+08	2.27687e+08	2.26474e+08	3.04066e+08	3.10747e+08	1.3046e+08	1.93286e+08	1.92514e+08	1.94804e+08	7.54196e+07	1.93475e+08	1.27823e+08	1.62637e+08	1.62575e+08	1.6407e+08	1.23124e+08	1.23837e+08	1.45117e+08	1.36962e+08	1.55896e+08	1.41048e+08	1.41868e+08	1.40062e+08	2.09934e+08	1.5272e+08	2.21096e+08	1.88498e+08	1.93431e+08	1.94737e+08	1.71805e+08	1.50165e+08	1.69668e+08	1.80744e+08	1.73198e+08	2.05076e+08	1.35231e+08	1.09155e+08	1.34703e+08	1.35493e+08	1.4135e+08	1.29363e+08	1.89108e+08	2.64588e+08	2.50029e+08	2.29133e+08	2.37461e+08	2.29817e+08	1.52818e+08	1.90445e+08	1.38106e+08	1.50529e+08	1.52877e+08	1.77119e+08
