	ERR630057	ERR630056	ERR630054	ERR630055	ERR630058	ERR630059	ERR607315	ERR607313	ERR607314	ERR607316	ERR607312	ERR607311	ERR613247	ERR613250	ERR613248	ERR613249	ERR613246	ERR613245	ERR613974	ERR613977	ERR613972	ERR613975	ERR613973	ERR613976	ERR637113	ERR637116	ERR637115	ERR637114	ERR637111	ERR637112	ERR636667	ERR636669	ERR636668	ERR636672	ERR636670	ERR636671	ERR637000	ERR636999	ERR636997	ERR636998	ERR637001	ERR637002	ERR626766	ERR626765	ERR626769	ERR626770	ERR626768	ERR626767	ERR613773	ERR613774	ERR613775	ERR613771	ERR613770	ERR613772	ERR608700	ERR608696	ERR608699	ERR608697	ERR608695	ERR608698	ERR616623	ERR616624	ERR616622	ERR616627	ERR616625	ERR616626	ERR638283	ERR638279	ERR638284	ERR638280	ERR638281	ERR638282	ERR616507	ERR616505	ERR616506	ERR616509	ERR616508	ERR616504	ERR614902	ERR614901	ERR614904	ERR614905	ERR614906	ERR614903	ERR608755	ERR608752	ERR608753	ERR608754	ERR608751	ERR608756	ERR618224	ERR618221	ERR618220	ERR618222	ERR618223	ERR618219
ERR630057	4.87229e+09	5.27941e+09	5.47356e+09	4.99876e+09	5.25824e+09	5.42158e+09	4.24749e+09	4.93839e+09	4.13994e+09	4.34395e+09	4.93084e+09	4.6523e+09	5.65022e+09	4.57005e+09	4.37425e+09	4.57608e+09	5.82097e+09	6.05193e+09	4.78059e+09	5.54948e+09	5.51203e+09	5.12755e+09	5.19675e+09	5.13035e+09	5.4743e+09	5.50757e+09	5.53432e+09	5.52496e+09	5.37856e+09	5.64338e+09	5.51469e+09	5.78498e+09	5.81737e+09	5.35078e+09	5.39516e+09	5.32982e+09	4.95032e+09	4.93365e+09	4.77289e+09	5.13451e+09	4.96131e+09	4.91095e+09	5.77635e+09	5.96097e+09	5.67429e+09	5.62541e+09	5.64308e+09	5.795e+09	5.50359e+09	5.52374e+09	5.50977e+09	5.57258e+09	5.88684e+09	4.87368e+09	5.01695e+09	5.03995e+09	5.02252e+09	5.22977e+09	3.90055e+09	5.02487e+09	5.20662e+09	4.91694e+09	5.11988e+09	5.75763e+09	5.76158e+09	5.75776e+09	6.08357e+09	5.10272e+09	5.91323e+09	5.18726e+09	5.02434e+09	6.07592e+09	6.02887e+09	3.86086e+09	5.34024e+09	5.97233e+09	6.04006e+09	5.31491e+09	5.59373e+09	5.49072e+09	6.20697e+09	6.18217e+09	6.19986e+09	5.50039e+09	5.42116e+09	6.18469e+09	6.37859e+09	5.33764e+09	5.07272e+09	5.24285e+09	4.74765e+09	4.77978e+09	4.62329e+09	4.84819e+09	4.69157e+09	4.64058e+09
ERR630056	5.27941e+09	6.2423e+09	6.26815e+09	5.67618e+09	5.95866e+09	6.158e+09	4.83397e+09	5.63633e+09	4.70114e+09	4.94919e+09	5.64335e+09	5.30053e+09	6.49794e+09	5.19724e+09	4.95607e+09	5.20142e+09	6.70585e+09	6.99592e+09	5.42867e+09	6.36519e+09	6.32153e+09	5.86737e+09	5.94061e+09	5.87077e+09	6.25737e+09	6.30487e+09	6.33613e+09	6.32584e+09	6.14296e+09	6.47213e+09	6.32163e+09	6.6455e+09	6.69741e+09	6.11356e+09	6.16889e+09	6.08989e+09	5.65502e+09	5.62661e+09	5.43745e+09	5.87888e+09	5.66677e+09	5.60853e+09	6.64759e+09	6.87475e+09	6.53401e+09	6.47753e+09	6.49591e+09	6.67244e+09	6.32127e+09	6.34568e+09	6.32611e+09	6.39559e+09	6.78131e+09	5.52701e+09	5.78019e+09	5.80271e+09	5.78691e+09	6.04457e+09	4.40676e+09	5.79182e+09	5.94071e+09	5.59958e+09	5.83523e+09	6.6007e+09	6.60502e+09	6.59867e+09	6.99056e+09	5.79605e+09	6.76342e+09	5.89995e+09	5.70959e+09	6.9789e+09	6.92313e+09	4.34756e+09	6.11288e+09	6.85676e+09	6.94356e+09	6.07757e+09	6.41261e+09	6.28473e+09	7.16268e+09	7.13193e+09	7.15505e+09	6.30966e+09	6.1931e+09	7.11341e+09	7.36325e+09	6.09373e+09	5.73053e+09	5.97615e+09	5.40882e+09	5.46212e+09	5.26822e+09	5.54115e+09	5.34683e+09	5.27735e+09
ERR630054	5.47356e+09	6.26815e+09	6.74045e+09	5.89256e+09	6.19225e+09	6.4038e+09	5.01835e+09	5.86642e+09	4.87925e+09	5.14026e+09	5.8731e+09	5.51084e+09	6.77314e+09	5.39703e+09	5.14309e+09	5.40069e+09	6.9937e+09	7.30116e+09	5.64632e+09	6.63485e+09	6.58843e+09	6.10936e+09	6.18666e+09	6.11291e+09	6.52319e+09	6.57251e+09	6.60571e+09	6.59524e+09	6.40237e+09	6.74971e+09	6.5931e+09	6.9353e+09	6.98972e+09	6.37283e+09	6.4311e+09	6.34841e+09	5.88793e+09	5.85781e+09	5.65759e+09	6.12269e+09	5.89888e+09	5.83757e+09	6.94028e+09	7.18059e+09	6.82038e+09	6.75998e+09	6.78049e+09	6.96627e+09	6.58017e+09	6.60663e+09	6.58559e+09	6.6594e+09	7.06911e+09	5.73843e+09	6.00299e+09	6.02612e+09	6.01083e+09	6.28292e+09	4.55688e+09	6.01556e+09	6.1758e+09	5.81501e+09	6.06411e+09	6.87727e+09	6.88165e+09	6.87439e+09	7.28973e+09	6.02282e+09	7.04875e+09	6.13208e+09	5.93103e+09	7.27794e+09	7.21817e+09	4.49554e+09	6.35707e+09	7.14724e+09	7.24005e+09	6.319e+09	6.67629e+09	6.54063e+09	7.47341e+09	7.44055e+09	7.46464e+09	6.56739e+09	6.44362e+09	7.42036e+09	7.68716e+09	6.33749e+09	5.95186e+09	6.21264e+09	5.6091e+09	5.66549e+09	5.46151e+09	5.74886e+09	5.54355e+09	5.47035e+09
ERR630055	4.99876e+09	5.67618e+09	5.89256e+09	5.54547e+09	5.62088e+09	5.80241e+09	4.55818e+09	5.30198e+09	4.43807e+09	4.66497e+09	5.30382e+09	4.99209e+09	6.094e+09	4.90121e+09	4.68056e+09	4.90649e+09	6.28234e+09	6.54397e+09	5.11689e+09	5.97122e+09	5.93176e+09	5.51375e+09	5.58321e+09	5.51677e+09	5.87585e+09	5.9171e+09	5.94608e+09	5.93637e+09	5.77051e+09	6.06963e+09	5.92971e+09	6.22709e+09	6.27044e+09	5.74149e+09	5.79145e+09	5.7193e+09	5.31769e+09	5.29477e+09	5.12027e+09	5.52254e+09	5.32889e+09	5.27512e+09	6.22497e+09	6.43095e+09	6.11903e+09	6.0662e+09	6.08444e+09	6.24605e+09	5.93589e+09	5.95824e+09	5.94134e+09	6.00621e+09	6.35624e+09	5.21915e+09	5.42949e+09	5.4512e+09	5.43563e+09	5.66904e+09	4.17255e+09	5.4392e+09	5.59428e+09	5.28018e+09	5.4984e+09	6.19988e+09	6.20352e+09	6.19812e+09	6.55249e+09	5.4663e+09	6.35262e+09	5.56087e+09	5.38588e+09	6.54253e+09	6.49364e+09	4.12147e+09	5.74884e+09	6.43284e+09	6.51057e+09	5.71744e+09	6.02402e+09	5.90841e+09	6.70423e+09	6.67606e+09	6.697e+09	5.92848e+09	5.82612e+09	6.66381e+09	6.88775e+09	5.73482e+09	5.41082e+09	5.62838e+09	5.09996e+09	5.1461e+09	4.96944e+09	5.21927e+09	5.04171e+09	4.98005e+09
ERR630058	5.25824e+09	5.95866e+09	6.19225e+09	5.62088e+09	6.13663e+09	6.12533e+09	4.7716e+09	5.58478e+09	4.64595e+09	4.88528e+09	5.5764e+09	5.24723e+09	6.41672e+09	5.13726e+09	4.90736e+09	5.14339e+09	6.61948e+09	6.89701e+09	5.39304e+09	6.30248e+09	6.25818e+09	5.80443e+09	5.88502e+09	5.80833e+09	6.21499e+09	6.25465e+09	6.2861e+09	6.27521e+09	6.10234e+09	6.41601e+09	6.26865e+09	6.58813e+09	6.62797e+09	6.07394e+09	6.12671e+09	6.05e+09	5.59919e+09	5.57868e+09	5.3888e+09	5.81808e+09	5.61204e+09	5.55339e+09	6.58574e+09	6.80574e+09	6.46527e+09	6.4076e+09	6.42791e+09	6.60886e+09	6.23191e+09	6.2564e+09	6.23951e+09	6.31277e+09	6.69058e+09	5.47734e+09	5.65895e+09	5.68638e+09	5.66605e+09	5.91226e+09	4.34555e+09	5.66842e+09	5.87375e+09	5.53045e+09	5.7711e+09	6.53344e+09	6.53782e+09	6.53266e+09	6.92308e+09	5.74839e+09	6.7175e+09	5.8492e+09	5.65608e+09	6.91379e+09	6.8578e+09	4.2928e+09	6.03357e+09	6.78964e+09	6.8718e+09	6.00274e+09	6.33862e+09	6.21494e+09	7.07389e+09	7.04438e+09	7.06553e+09	6.22762e+09	6.12985e+09	7.04506e+09	7.27852e+09	6.03014e+09	5.70962e+09	5.91635e+09	5.33114e+09	5.3716e+09	5.18587e+09	5.45187e+09	5.26617e+09	5.20496e+09
ERR630059	5.42158e+09	6.158e+09	6.4038e+09	5.80241e+09	6.12533e+09	6.54823e+09	4.92588e+09	5.77636e+09	4.79431e+09	5.04443e+09	5.76787e+09	5.42225e+09	6.64513e+09	5.30368e+09	5.06299e+09	5.30982e+09	6.85888e+09	7.15048e+09	5.57506e+09	6.52784e+09	6.48164e+09	6.00634e+09	6.09029e+09	6.00998e+09	6.43755e+09	6.47895e+09	6.51222e+09	6.50062e+09	6.31929e+09	6.64799e+09	6.49514e+09	6.8294e+09	6.87161e+09	6.29092e+09	6.34665e+09	6.2657e+09	5.79155e+09	5.76962e+09	5.57067e+09	6.02013e+09	5.80516e+09	5.74252e+09	6.82798e+09	7.05914e+09	6.70122e+09	6.64092e+09	6.66225e+09	6.85193e+09	6.44761e+09	6.4732e+09	6.45524e+09	6.53267e+09	6.92973e+09	5.65422e+09	5.84566e+09	5.87277e+09	5.85302e+09	6.11183e+09	4.47226e+09	5.85621e+09	6.07222e+09	5.71106e+09	5.96306e+09	6.76439e+09	6.76934e+09	6.76406e+09	7.17505e+09	5.93848e+09	6.95723e+09	6.0444e+09	5.84164e+09	7.16451e+09	7.10364e+09	4.41724e+09	6.23777e+09	7.03213e+09	7.11924e+09	6.20499e+09	6.55803e+09	6.42859e+09	7.33311e+09	7.30208e+09	7.32454e+09	6.44223e+09	6.33889e+09	7.3013e+09	7.54862e+09	6.23408e+09	5.89574e+09	6.1144e+09	5.50057e+09	5.54254e+09	5.34872e+09	5.62673e+09	5.43292e+09	5.36847e+09
ERR607315	4.24749e+09	4.83397e+09	5.01835e+09	4.55818e+09	4.7716e+09	4.92588e+09	4.72297e+09	5.22969e+09	4.43005e+09	4.65194e+09	5.24489e+09	4.94376e+09	5.72632e+09	4.65618e+09	4.45402e+09	4.6558e+09	5.8975e+09	6.1429e+09	4.90599e+09	5.70317e+09	5.66663e+09	5.30148e+09	5.35041e+09	5.30453e+09	5.59884e+09	5.64269e+09	5.66579e+09	5.65927e+09	5.50562e+09	5.77624e+09	5.71815e+09	5.97407e+09	6.02548e+09	5.53618e+09	5.5846e+09	5.51976e+09	5.14311e+09	5.11172e+09	4.95071e+09	5.32992e+09	5.1509e+09	5.1019e+09	5.9991e+09	6.18685e+09	5.91115e+09	5.86866e+09	5.88051e+09	6.02553e+09	5.23347e+09	5.25404e+09	5.23694e+09	5.287e+09	5.59404e+09	4.58817e+09	4.72901e+09	4.74699e+09	4.73521e+09	4.94386e+09	3.62521e+09	4.74091e+09	4.94014e+09	4.66894e+09	4.85326e+09	5.45701e+09	5.45923e+09	5.45448e+09	5.76359e+09	4.81999e+09	5.56829e+09	4.90057e+09	4.749e+09	5.75221e+09	5.67277e+09	3.65566e+09	5.04512e+09	5.62058e+09	5.69239e+09	5.01815e+09	5.28815e+09	5.1838e+09	5.88714e+09	5.86249e+09	5.88085e+09	5.20538e+09	5.11607e+09	5.84311e+09	6.04553e+09	5.03681e+09	4.74132e+09	4.94353e+09	4.41216e+09	4.45647e+09	4.30163e+09	4.52072e+09	4.36288e+09	4.29807e+09
ERR607313	4.93839e+09	5.63633e+09	5.86642e+09	5.30198e+09	5.58478e+09	5.77636e+09	5.22969e+09	6.31124e+09	5.08544e+09	5.35371e+09	6.10181e+09	5.73274e+09	6.71629e+09	5.38088e+09	5.13621e+09	5.38245e+09	6.92955e+09	7.22914e+09	5.71697e+09	6.69619e+09	6.64829e+09	6.18799e+09	6.25581e+09	6.19157e+09	6.5803e+09	6.6292e+09	6.65887e+09	6.64992e+09	6.4638e+09	6.79386e+09	6.71961e+09	7.04127e+09	7.09677e+09	6.50118e+09	6.56025e+09	6.47972e+09	5.99439e+09	5.96119e+09	5.7574e+09	6.22687e+09	6.00469e+09	5.94203e+09	7.07076e+09	7.30465e+09	6.95326e+09	6.89735e+09	6.91491e+09	7.1019e+09	6.11294e+09	6.13825e+09	6.1179e+09	6.18614e+09	6.56719e+09	5.3322e+09	5.45802e+09	5.48245e+09	5.46568e+09	5.71785e+09	4.14836e+09	5.47251e+09	5.7509e+09	5.41008e+09	5.64357e+09	6.40314e+09	6.40633e+09	6.40163e+09	6.79296e+09	5.61761e+09	6.56364e+09	5.71681e+09	5.52581e+09	6.77946e+09	6.67541e+09	4.17187e+09	5.87263e+09	6.60864e+09	6.69681e+09	5.84083e+09	6.1903e+09	6.06182e+09	6.93656e+09	6.90574e+09	6.92909e+09	6.08098e+09	5.97719e+09	6.89066e+09	7.13483e+09	5.87738e+09	5.53487e+09	5.76292e+09	5.0922e+09	5.13904e+09	4.95313e+09	5.21824e+09	5.03119e+09	4.95854e+09
ERR607314	4.13994e+09	4.70114e+09	4.87925e+09	4.43807e+09	4.64595e+09	4.79431e+09	4.43005e+09	5.08544e+09	4.48201e+09	4.52694e+09	5.09679e+09	4.81045e+09	5.56021e+09	4.53283e+09	4.33896e+09	4.53305e+09	5.7235e+09	5.9571e+09	4.77567e+09	5.53769e+09	5.50149e+09	5.1511e+09	5.19894e+09	5.15313e+09	5.44132e+09	5.48235e+09	5.50385e+09	5.49775e+09	5.35227e+09	5.6094e+09	5.5548e+09	5.80066e+09	5.84756e+09	5.38139e+09	5.4278e+09	5.36545e+09	5.00184e+09	4.97308e+09	4.81793e+09	5.18042e+09	5.00895e+09	4.96177e+09	5.82563e+09	6.00602e+09	5.74015e+09	5.69883e+09	5.7112e+09	5.85076e+09	5.08549e+09	5.10423e+09	5.0885e+09	5.1377e+09	5.43153e+09	4.46886e+09	4.59235e+09	4.61104e+09	4.59876e+09	4.79801e+09	3.53163e+09	4.60409e+09	4.80167e+09	4.54117e+09	4.71946e+09	5.30302e+09	5.30459e+09	5.30074e+09	5.5965e+09	4.69098e+09	5.41497e+09	4.76739e+09	4.62191e+09	5.58596e+09	5.51031e+09	3.56158e+09	4.90156e+09	5.45998e+09	5.52859e+09	4.87537e+09	5.13907e+09	5.03986e+09	5.71368e+09	5.68995e+09	5.70786e+09	5.05887e+09	4.97424e+09	5.67329e+09	5.86557e+09	4.89802e+09	4.61818e+09	4.80858e+09	4.29131e+09	4.33301e+09	4.1835e+09	4.39457e+09	4.24377e+09	4.18276e+09
ERR607316	4.34395e+09	4.94919e+09	5.14026e+09	4.66497e+09	4.88528e+09	5.04443e+09	4.65194e+09	5.35371e+09	4.52694e+09	4.93369e+09	5.36942e+09	5.05857e+09	5.87048e+09	4.76224e+09	4.55294e+09	4.76202e+09	6.04702e+09	6.30087e+09	5.02208e+09	5.84605e+09	5.80778e+09	5.43049e+09	5.4811e+09	5.43366e+09	5.73663e+09	5.78221e+09	5.80612e+09	5.79984e+09	5.64085e+09	5.92063e+09	5.86073e+09	6.12543e+09	6.17855e+09	5.67215e+09	5.72214e+09	5.6554e+09	5.26663e+09	5.23331e+09	5.06656e+09	5.45978e+09	5.27403e+09	5.2237e+09	6.14991e+09	6.344e+09	6.05873e+09	6.01484e+09	6.02726e+09	6.17705e+09	5.36244e+09	5.3833e+09	5.36562e+09	5.41742e+09	5.7355e+09	4.69531e+09	4.83889e+09	4.858e+09	4.84564e+09	5.06146e+09	3.70232e+09	4.85165e+09	5.05714e+09	4.77741e+09	4.96756e+09	5.59244e+09	5.59449e+09	5.58924e+09	5.90922e+09	4.9329e+09	5.70683e+09	5.01666e+09	4.86026e+09	5.89702e+09	5.81448e+09	3.7317e+09	5.16523e+09	5.76031e+09	5.83479e+09	5.13713e+09	5.41748e+09	5.3093e+09	6.03687e+09	6.01174e+09	6.03108e+09	5.33221e+09	5.23951e+09	5.99142e+09	6.20115e+09	5.15747e+09	4.85176e+09	5.06128e+09	4.51185e+09	4.55832e+09	4.39822e+09	4.62477e+09	4.4616e+09	4.39489e+09
ERR607312	4.93084e+09	5.64335e+09	5.8731e+09	5.30382e+09	5.5764e+09	5.76787e+09	5.24489e+09	6.10181e+09	5.09679e+09	5.36942e+09	6.33291e+09	5.74177e+09	6.73324e+09	5.39198e+09	5.14328e+09	5.39225e+09	6.9484e+09	7.25341e+09	5.7146e+09	6.70572e+09	6.6586e+09	6.19964e+09	6.26258e+09	6.20267e+09	6.57721e+09	6.63087e+09	6.6603e+09	6.65184e+09	6.46113e+09	6.7983e+09	6.7241e+09	7.04637e+09	7.10904e+09	6.49825e+09	6.55841e+09	6.47745e+09	6.00071e+09	5.96304e+09	5.76115e+09	6.23559e+09	6.0105e+09	5.94924e+09	7.07621e+09	7.31224e+09	6.96314e+09	6.90839e+09	6.92489e+09	7.10915e+09	6.12969e+09	6.15482e+09	6.13433e+09	6.19822e+09	6.5828e+09	5.33462e+09	5.4918e+09	5.5149e+09	5.49984e+09	5.75608e+09	4.16108e+09	5.50724e+09	5.76026e+09	5.4224e+09	5.65293e+09	6.4099e+09	6.41232e+09	6.40703e+09	6.79611e+09	5.61653e+09	6.55666e+09	5.71728e+09	5.52765e+09	6.78243e+09	6.68065e+09	4.18382e+09	5.88805e+09	6.61431e+09	6.70459e+09	5.85471e+09	6.19856e+09	6.06839e+09	6.94905e+09	6.91813e+09	6.94152e+09	6.09323e+09	5.98197e+09	6.89399e+09	7.14591e+09	5.8827e+09	5.52393e+09	5.76715e+09	5.10838e+09	5.16049e+09	4.9725e+09	5.23956e+09	5.04845e+09	4.97205e+09
ERR607311	4.6523e+09	5.30053e+09	5.51084e+09	4.99209e+09	5.24723e+09	5.42225e+09	4.94376e+09	5.73274e+09	4.81045e+09	5.05857e+09	5.74177e+09	5.59808e+09	6.29894e+09	5.07811e+09	4.85287e+09	5.07908e+09	6.49326e+09	6.76825e+09	5.37913e+09	6.27745e+09	6.23481e+09	5.81402e+09	5.87544e+09	5.81769e+09	6.16902e+09	6.21542e+09	6.24171e+09	6.23401e+09	6.06333e+09	6.36537e+09	6.29919e+09	6.59165e+09	6.64451e+09	6.09752e+09	6.15198e+09	6.07845e+09	5.6373e+09	5.60559e+09	5.42045e+09	5.84979e+09	5.64588e+09	5.58994e+09	6.61829e+09	6.8319e+09	6.51322e+09	6.46289e+09	6.47804e+09	6.64729e+09	5.74267e+09	5.76507e+09	5.7475e+09	5.80772e+09	6.157e+09	5.02241e+09	5.14784e+09	5.17093e+09	5.1551e+09	5.38754e+09	3.92986e+09	5.16165e+09	5.41059e+09	5.09899e+09	5.31233e+09	6.00632e+09	6.0084e+09	6.00424e+09	6.36082e+09	5.28508e+09	6.14762e+09	5.37612e+09	5.20153e+09	6.34856e+09	6.25376e+09	3.9552e+09	5.52474e+09	6.19312e+09	6.27323e+09	5.49529e+09	5.81162e+09	5.69397e+09	6.49369e+09	6.46586e+09	6.4872e+09	5.71321e+09	5.61659e+09	6.45088e+09	6.67568e+09	5.52518e+09	5.20694e+09	5.42069e+09	4.80603e+09	4.8506e+09	4.67842e+09	4.92406e+09	4.74929e+09	4.68052e+09
ERR613247	5.65022e+09	6.49794e+09	6.77314e+09	6.094e+09	6.41672e+09	6.64513e+09	5.72632e+09	6.71629e+09	5.56021e+09	5.87048e+09	6.73324e+09	6.29894e+09	8.09029e+09	6.18627e+09	5.88566e+09	6.18809e+09	8.10463e+09	8.48109e+09	6.48792e+09	7.67689e+09	7.62135e+09	7.0636e+09	7.14232e+09	7.06702e+09	7.51842e+09	7.58118e+09	7.6177e+09	7.60697e+09	7.38094e+09	7.78481e+09	7.65493e+09	8.04264e+09	8.11801e+09	7.38506e+09	7.45654e+09	7.35978e+09	6.75806e+09	6.71534e+09	6.47539e+09	7.04033e+09	6.76742e+09	6.6976e+09	8.01558e+09	8.30387e+09	7.88051e+09	7.81538e+09	7.83441e+09	8.05587e+09	7.08447e+09	7.11402e+09	7.08921e+09	7.16746e+09	7.63171e+09	6.13033e+09	6.31471e+09	6.34142e+09	6.32538e+09	6.62882e+09	4.75106e+09	6.33322e+09	6.62841e+09	6.22454e+09	6.5006e+09	7.41303e+09	7.4174e+09	7.41033e+09	7.87445e+09	6.45425e+09	7.59142e+09	6.57427e+09	6.34969e+09	7.85843e+09	7.73447e+09	4.75432e+09	6.77597e+09	7.65481e+09	7.76226e+09	6.73435e+09	7.15839e+09	7.00415e+09	8.06661e+09	8.02924e+09	8.0578e+09	7.03483e+09	6.90444e+09	8.00754e+09	8.30843e+09	6.78491e+09	6.35747e+09	6.64649e+09	5.85685e+09	5.92053e+09	5.6983e+09	6.01225e+09	5.7868e+09	5.6984e+09
ERR613250	4.57005e+09	5.19724e+09	5.39703e+09	4.90121e+09	5.13726e+09	5.30368e+09	4.65618e+09	5.38088e+09	4.53283e+09	4.76224e+09	5.39198e+09	5.07811e+09	6.18627e+09	5.19084e+09	4.7917e+09	5.01477e+09	6.37088e+09	6.63374e+09	5.2142e+09	6.0666e+09	6.02693e+09	5.63152e+09	5.68717e+09	5.6332e+09	5.95424e+09	5.99843e+09	6.02425e+09	6.01635e+09	5.855e+09	6.1422e+09	6.0483e+09	6.32347e+09	6.3739e+09	5.85634e+09	5.90756e+09	5.8381e+09	5.41002e+09	5.37934e+09	5.20611e+09	5.6113e+09	5.41681e+09	5.36608e+09	6.30091e+09	6.50267e+09	6.20451e+09	6.15877e+09	6.17219e+09	6.32933e+09	5.62963e+09	5.65139e+09	5.63368e+09	5.68865e+09	6.01876e+09	4.93936e+09	5.06395e+09	5.08512e+09	5.07146e+09	5.29207e+09	3.89257e+09	5.07754e+09	5.30473e+09	5.01072e+09	5.21267e+09	5.86709e+09	5.86956e+09	5.86473e+09	6.19159e+09	5.17648e+09	5.99086e+09	5.26291e+09	5.09937e+09	6.18016e+09	6.09787e+09	3.90892e+09	5.41169e+09	6.04115e+09	6.11669e+09	5.38238e+09	5.68624e+09	5.57591e+09	6.32886e+09	6.30202e+09	6.32216e+09	5.59604e+09	5.5058e+09	6.29082e+09	6.50164e+09	5.42077e+09	5.11076e+09	5.32011e+09	4.73276e+09	4.77791e+09	4.61339e+09	4.84667e+09	4.6796e+09	4.61272e+09
ERR613248	4.37425e+09	4.95607e+09	5.14309e+09	4.68056e+09	4.90736e+09	5.06299e+09	4.45402e+09	5.13621e+09	4.33896e+09	4.55294e+09	5.14328e+09	4.85287e+09	5.88566e+09	4.7917e+09	4.75282e+09	4.79353e+09	6.05747e+09	6.30064e+09	4.98395e+09	5.77781e+09	5.74093e+09	5.36847e+09	5.42345e+09	5.37099e+09	5.67794e+09	5.71743e+09	5.74177e+09	5.73384e+09	5.58616e+09	5.85093e+09	5.76271e+09	6.01841e+09	6.06334e+09	5.58593e+09	5.63283e+09	5.56856e+09	5.16152e+09	5.1351e+09	4.97257e+09	5.35006e+09	5.16852e+09	5.12051e+09	5.99689e+09	6.18471e+09	5.90443e+09	5.86143e+09	5.87436e+09	6.02294e+09	5.36027e+09	5.38055e+09	5.36443e+09	5.41746e+09	5.72591e+09	4.71967e+09	4.82025e+09	4.84194e+09	4.82677e+09	5.03281e+09	3.72719e+09	4.83222e+09	5.06273e+09	4.78527e+09	4.97603e+09	5.5901e+09	5.59276e+09	5.58821e+09	5.89637e+09	4.9468e+09	5.71207e+09	5.02736e+09	4.87237e+09	5.88565e+09	5.80549e+09	3.74746e+09	5.15876e+09	5.75169e+09	5.822e+09	5.13192e+09	5.41802e+09	5.31587e+09	6.01937e+09	5.9943e+09	6.01259e+09	5.33216e+09	5.25124e+09	5.98843e+09	6.18275e+09	5.17164e+09	4.89198e+09	5.07754e+09	4.51791e+09	4.55808e+09	4.40435e+09	4.62336e+09	4.46713e+09	4.40605e+09
ERR613249	4.57608e+09	5.20142e+09	5.40069e+09	4.90649e+09	5.14339e+09	5.30982e+09	4.6558e+09	5.38245e+09	4.53305e+09	4.76202e+09	5.39225e+09	5.07908e+09	6.18809e+09	5.01477e+09	4.79353e+09	5.19315e+09	6.37288e+09	6.63485e+09	5.21468e+09	6.06706e+09	6.02731e+09	5.62993e+09	5.68676e+09	5.63237e+09	5.95635e+09	5.99989e+09	6.026e+09	6.01797e+09	5.85705e+09	6.1437e+09	6.04878e+09	6.32447e+09	6.37431e+09	5.85779e+09	5.90843e+09	5.8393e+09	5.40978e+09	5.38038e+09	5.20716e+09	5.61197e+09	5.41724e+09	5.36673e+09	6.30322e+09	6.50511e+09	6.20614e+09	6.16035e+09	6.17382e+09	6.33142e+09	5.63139e+09	5.6526e+09	5.63494e+09	5.69082e+09	6.02078e+09	4.94252e+09	5.0663e+09	5.08737e+09	5.07333e+09	5.29406e+09	3.89714e+09	5.07984e+09	5.3071e+09	5.01246e+09	5.21501e+09	5.87033e+09	5.87309e+09	5.86763e+09	6.19584e+09	5.1805e+09	5.99645e+09	5.26678e+09	5.10317e+09	6.18453e+09	6.10252e+09	3.91089e+09	5.41376e+09	6.04538e+09	6.1212e+09	5.3845e+09	5.68903e+09	5.57918e+09	6.33194e+09	6.30529e+09	6.32543e+09	5.59846e+09	5.50855e+09	6.2955e+09	6.50548e+09	5.42321e+09	5.11713e+09	5.32283e+09	4.73674e+09	4.78129e+09	4.61698e+09	4.85003e+09	4.68377e+09	4.61697e+09
ERR613246	5.82097e+09	6.70585e+09	6.9937e+09	6.28234e+09	6.61948e+09	6.85888e+09	5.8975e+09	6.92955e+09	5.7235e+09	6.04702e+09	6.9484e+09	6.49326e+09	8.10463e+09	6.37088e+09	6.05747e+09	6.37288e+09	8.65142e+09	8.78806e+09	6.68766e+09	7.93825e+09	7.88067e+09	7.29252e+09	7.37515e+09	7.29639e+09	7.77156e+09	7.83862e+09	7.87717e+09	7.86583e+09	7.62735e+09	8.05297e+09	7.91502e+09	8.3243e+09	8.40547e+09	7.63135e+09	7.70718e+09	7.60499e+09	6.9722e+09	6.9263e+09	6.6744e+09	7.26732e+09	6.98161e+09	6.90793e+09	8.29497e+09	8.60067e+09	8.15316e+09	8.08515e+09	8.10459e+09	8.33763e+09	7.31673e+09	7.34851e+09	7.32111e+09	7.40371e+09	7.89357e+09	6.31592e+09	6.5186e+09	6.54637e+09	6.53013e+09	6.84927e+09	4.88661e+09	6.53782e+09	6.8396e+09	6.41675e+09	6.70466e+09	7.66114e+09	7.66594e+09	7.65836e+09	8.14915e+09	6.65638e+09	7.84789e+09	6.78195e+09	6.54585e+09	8.13211e+09	7.99895e+09	4.88836e+09	6.99524e+09	7.91485e+09	8.02847e+09	6.95141e+09	7.3953e+09	7.2327e+09	8.35247e+09	8.31283e+09	8.34312e+09	7.26474e+09	7.12711e+09	8.28654e+09	8.60732e+09	7.00135e+09	6.55313e+09	6.85655e+09	6.03845e+09	6.10537e+09	5.87301e+09	6.20109e+09	5.96531e+09	5.87314e+09
ERR613245	6.05193e+09	6.99592e+09	7.30116e+09	6.54397e+09	6.89701e+09	7.15048e+09	6.1429e+09	7.22914e+09	5.9571e+09	6.30087e+09	7.25341e+09	6.76825e+09	8.48109e+09	6.63374e+09	6.30064e+09	6.63485e+09	8.78806e+09	9.51622e+09	6.95594e+09	8.29846e+09	8.23625e+09	7.60856e+09	7.69239e+09	7.6124e+09	8.11249e+09	8.18704e+09	8.2276e+09	8.21596e+09	7.95676e+09	8.41817e+09	8.27305e+09	8.71438e+09	8.80745e+09	7.96337e+09	8.0455e+09	7.93545e+09	7.2689e+09	7.21776e+09	6.95118e+09	7.58454e+09	7.27913e+09	7.20089e+09	8.68909e+09	9.0214e+09	8.54185e+09	8.46977e+09	8.48857e+09	8.73706e+09	7.64308e+09	7.6776e+09	7.64801e+09	7.73354e+09	8.25987e+09	6.57028e+09	6.82694e+09	6.85418e+09	6.83886e+09	7.18329e+09	5.08526e+09	6.84775e+09	7.13193e+09	6.68484e+09	6.98748e+09	8.00355e+09	8.00885e+09	7.99966e+09	8.52684e+09	6.92969e+09	8.19554e+09	7.06382e+09	6.8149e+09	8.50786e+09	8.37038e+09	5.07794e+09	7.30552e+09	8.27972e+09	8.40348e+09	7.25877e+09	7.72266e+09	7.5484e+09	8.75303e+09	8.70998e+09	8.74341e+09	7.58612e+09	7.43484e+09	8.67512e+09	9.02565e+09	7.30066e+09	6.81701e+09	7.14637e+09	6.30272e+09	6.37627e+09	6.12894e+09	6.47852e+09	6.22521e+09	6.12468e+09
ERR613974	4.78059e+09	5.42867e+09	5.64632e+09	5.11689e+09	5.39304e+09	5.57506e+09	4.90599e+09	5.71697e+09	4.77567e+09	5.02208e+09	5.7146e+09	5.37913e+09	6.48792e+09	5.2142e+09	4.98395e+09	5.21468e+09	6.68766e+09	6.95594e+09	5.86172e+09	6.60539e+09	6.564e+09	6.12479e+09	6.19868e+09	6.12921e+09	6.44843e+09	6.49055e+09	6.51663e+09	6.50893e+09	6.35002e+09	6.63172e+09	6.53821e+09	6.81216e+09	6.85877e+09	6.35255e+09	6.40421e+09	6.33371e+09	5.79049e+09	5.76448e+09	5.56594e+09	6.00954e+09	5.80023e+09	5.74196e+09	6.72953e+09	6.94539e+09	6.61375e+09	6.56057e+09	6.57875e+09	6.75596e+09	5.97717e+09	6.00097e+09	5.98322e+09	6.0539e+09	6.41328e+09	5.24502e+09	5.1469e+09	5.17285e+09	5.15664e+09	5.38573e+09	3.94293e+09	5.16046e+09	5.62571e+09	5.29302e+09	5.52055e+09	6.25363e+09	6.25734e+09	6.25448e+09	6.6156e+09	5.50564e+09	6.41317e+09	5.59897e+09	5.41547e+09	6.60317e+09	6.45048e+09	4.05182e+09	5.67634e+09	6.38692e+09	6.46676e+09	5.64675e+09	6.0239e+09	5.90288e+09	6.72402e+09	6.69758e+09	6.71784e+09	5.91521e+09	5.83359e+09	6.69761e+09	6.91377e+09	5.73729e+09	5.42001e+09	5.6298e+09	4.84826e+09	4.89093e+09	4.71993e+09	4.96379e+09	4.79242e+09	4.72751e+09
ERR613977	5.54948e+09	6.36519e+09	6.63485e+09	5.97122e+09	6.30248e+09	6.52784e+09	5.70317e+09	6.69619e+09	5.53769e+09	5.84605e+09	6.70572e+09	6.27745e+09	7.67689e+09	6.0666e+09	5.77781e+09	6.06706e+09	7.93825e+09	8.29846e+09	6.60539e+09	8.027e+09	7.75044e+09	7.18194e+09	7.26727e+09	7.18756e+09	7.58611e+09	7.64652e+09	7.68035e+09	7.67091e+09	7.45556e+09	7.83586e+09	7.71452e+09	8.07908e+09	8.14931e+09	7.46181e+09	7.53093e+09	7.43712e+09	6.77075e+09	6.7311e+09	6.48479e+09	7.05012e+09	6.78167e+09	6.70922e+09	7.98585e+09	8.26919e+09	7.8447e+09	7.77968e+09	7.79941e+09	8.02341e+09	7.0302e+09	7.06089e+09	7.03594e+09	7.12082e+09	7.58379e+09	6.09092e+09	6.10213e+09	6.13024e+09	6.11385e+09	6.40655e+09	4.59505e+09	6.1195e+09	6.58018e+09	6.17087e+09	6.44866e+09	7.3659e+09	7.37127e+09	7.36588e+09	7.83455e+09	6.41717e+09	7.55741e+09	6.53606e+09	6.30885e+09	7.81781e+09	7.63587e+09	4.68001e+09	6.67549e+09	7.55574e+09	7.66074e+09	6.63764e+09	7.08746e+09	6.93233e+09	7.98958e+09	7.95422e+09	7.9811e+09	6.95579e+09	6.83986e+09	7.94033e+09	8.23272e+09	6.71888e+09	6.30719e+09	6.58422e+09	5.69578e+09	5.754e+09	5.53937e+09	5.84495e+09	5.62641e+09	5.54194e+09
ERR613972	5.51203e+09	6.32153e+09	6.58843e+09	5.93176e+09	6.25818e+09	6.48164e+09	5.66663e+09	6.64829e+09	5.50149e+09	5.80778e+09	6.6586e+09	6.23481e+09	7.62135e+09	6.02693e+09	5.74093e+09	6.02731e+09	7.88067e+09	8.23625e+09	6.564e+09	7.75044e+09	7.91436e+09	7.13458e+09	7.22073e+09	7.14025e+09	7.53109e+09	7.59188e+09	7.62486e+09	7.61581e+09	7.40282e+09	7.77908e+09	7.65856e+09	8.01746e+09	8.08816e+09	7.40874e+09	7.47698e+09	7.38496e+09	6.72524e+09	6.68541e+09	6.44112e+09	7.00125e+09	6.73589e+09	6.66438e+09	7.92246e+09	8.20346e+09	7.78422e+09	7.72001e+09	7.73983e+09	7.96077e+09	6.98404e+09	7.01405e+09	6.98966e+09	7.07328e+09	7.53165e+09	6.05243e+09	6.06063e+09	6.08849e+09	6.07242e+09	6.36309e+09	4.56614e+09	6.07814e+09	6.53995e+09	6.13445e+09	6.40884e+09	7.31701e+09	7.32207e+09	7.31653e+09	7.77944e+09	6.37734e+09	7.50306e+09	6.49487e+09	6.27e+09	7.76219e+09	7.58114e+09	4.65469e+09	6.63274e+09	7.50219e+09	7.60623e+09	6.59496e+09	7.03985e+09	6.88535e+09	7.93148e+09	7.89722e+09	7.9237e+09	6.90915e+09	6.79454e+09	7.88293e+09	8.17227e+09	6.6749e+09	6.26517e+09	6.54095e+09	5.65821e+09	5.7167e+09	5.50336e+09	5.8067e+09	5.58968e+09	5.50546e+09
ERR613975	5.12755e+09	5.86737e+09	6.10936e+09	5.51375e+09	5.80443e+09	6.00634e+09	5.30148e+09	6.18799e+09	5.1511e+09	5.43049e+09	6.19964e+09	5.81402e+09	7.0636e+09	5.63152e+09	5.36847e+09	5.62993e+09	7.29252e+09	7.60856e+09	6.12479e+09	7.18194e+09	7.13458e+09	6.8352e+09	6.71362e+09	6.64899e+09	6.97987e+09	7.03513e+09	7.06412e+09	7.05612e+09	6.86704e+09	7.19971e+09	7.0965e+09	7.40991e+09	7.47397e+09	6.87397e+09	6.93409e+09	6.85304e+09	6.26402e+09	6.2267e+09	6.0071e+09	6.51186e+09	6.27371e+09	6.20997e+09	7.32394e+09	7.57149e+09	7.20243e+09	7.14527e+09	7.16276e+09	7.35698e+09	6.49115e+09	6.51812e+09	6.49599e+09	6.56854e+09	6.97761e+09	5.64562e+09	5.62685e+09	5.6523e+09	5.63816e+09	5.90008e+09	4.26159e+09	5.64381e+09	6.08634e+09	5.7201e+09	5.96826e+09	6.78296e+09	6.78697e+09	6.78164e+09	7.18787e+09	5.93498e+09	6.93992e+09	6.04181e+09	5.83921e+09	7.17268e+09	7.0092e+09	4.36067e+09	6.16065e+09	6.93902e+09	7.03251e+09	6.12601e+09	6.53195e+09	6.3933e+09	7.32704e+09	7.29611e+09	7.32011e+09	6.41684e+09	6.31209e+09	7.2801e+09	7.53748e+09	6.2053e+09	5.82601e+09	6.08333e+09	5.26042e+09	5.31572e+09	5.12176e+09	5.39647e+09	5.19939e+09	5.12113e+09
ERR613973	5.19675e+09	5.94061e+09	6.18666e+09	5.58321e+09	5.88502e+09	6.09029e+09	5.35041e+09	6.25581e+09	5.19894e+09	5.4811e+09	6.26258e+09	5.87544e+09	7.14232e+09	5.68717e+09	5.42345e+09	5.68676e+09	7.37515e+09	7.69239e+09	6.19868e+09	7.26727e+09	7.22073e+09	6.71362e+09	6.98771e+09	6.71882e+09	7.07168e+09	7.12531e+09	7.15495e+09	7.14653e+09	6.95676e+09	7.29225e+09	7.18514e+09	7.50442e+09	7.56574e+09	6.96221e+09	7.02368e+09	6.94084e+09	6.33394e+09	6.29877e+09	6.07475e+09	6.58566e+09	6.34396e+09	6.27867e+09	7.41292e+09	7.66449e+09	7.28606e+09	7.22645e+09	7.24548e+09	7.4457e+09	6.56228e+09	6.58988e+09	6.56695e+09	6.64526e+09	7.05962e+09	5.71227e+09	5.67569e+09	5.70204e+09	5.68688e+09	5.95066e+09	4.30327e+09	5.69187e+09	6.15517e+09	5.78181e+09	6.03485e+09	6.86623e+09	6.87038e+09	6.86629e+09	7.28304e+09	6.00908e+09	7.03693e+09	6.11652e+09	5.90987e+09	7.26836e+09	7.09785e+09	4.40271e+09	6.2292e+09	7.02597e+09	7.11928e+09	6.19413e+09	6.60932e+09	6.46921e+09	7.417e+09	7.38626e+09	7.4099e+09	6.48982e+09	6.38879e+09	7.37659e+09	7.63485e+09	6.27942e+09	5.90448e+09	6.15628e+09	5.3151e+09	5.36801e+09	5.1731e+09	5.45078e+09	5.25271e+09	5.17527e+09
ERR613976	5.13035e+09	5.87077e+09	6.11291e+09	5.51677e+09	5.80833e+09	6.00998e+09	5.30453e+09	6.19157e+09	5.15313e+09	5.43366e+09	6.20267e+09	5.81769e+09	7.06702e+09	5.6332e+09	5.37099e+09	5.63237e+09	7.29639e+09	7.6124e+09	6.12921e+09	7.18756e+09	7.14025e+09	6.64899e+09	6.71882e+09	6.84594e+09	6.98516e+09	7.04019e+09	7.06986e+09	7.06108e+09	6.87197e+09	7.20427e+09	7.10154e+09	7.41524e+09	7.47905e+09	6.87933e+09	6.93921e+09	6.85846e+09	6.26781e+09	6.23063e+09	6.01083e+09	6.51539e+09	6.27757e+09	6.21375e+09	7.32766e+09	7.57667e+09	7.20705e+09	7.14998e+09	7.16712e+09	7.36203e+09	6.49476e+09	6.52206e+09	6.50012e+09	6.57329e+09	6.98233e+09	5.64903e+09	5.6293e+09	5.65448e+09	5.64027e+09	5.90241e+09	4.26329e+09	5.64601e+09	6.08995e+09	5.72345e+09	5.97155e+09	6.78757e+09	6.79175e+09	6.786e+09	7.1927e+09	5.93859e+09	6.9445e+09	6.04501e+09	5.84231e+09	7.1774e+09	7.01374e+09	4.3629e+09	6.16426e+09	6.94316e+09	7.03678e+09	6.12987e+09	6.53582e+09	6.39706e+09	7.33194e+09	7.30084e+09	7.32444e+09	6.41998e+09	6.31563e+09	7.28545e+09	7.54243e+09	6.20871e+09	5.8297e+09	6.08704e+09	5.26301e+09	5.31793e+09	5.12436e+09	5.39925e+09	5.20225e+09	5.12346e+09
ERR637113	5.4743e+09	6.25737e+09	6.52319e+09	5.87585e+09	6.21499e+09	6.43755e+09	5.59884e+09	6.5803e+09	5.44132e+09	5.73663e+09	6.57721e+09	6.16902e+09	7.51842e+09	5.95424e+09	5.67794e+09	5.95635e+09	7.77156e+09	8.11249e+09	6.44843e+09	7.58611e+09	7.53109e+09	6.97987e+09	7.07168e+09	6.98516e+09	7.80104e+09	7.64112e+09	7.67474e+09	7.66541e+09	7.46043e+09	7.82578e+09	7.61871e+09	7.97045e+09	8.03126e+09	7.38318e+09	7.44904e+09	7.35918e+09	6.64788e+09	6.61513e+09	6.37292e+09	6.91754e+09	6.65988e+09	6.58614e+09	7.84617e+09	8.12051e+09	7.70062e+09	7.63479e+09	7.65812e+09	7.88094e+09	6.89076e+09	6.92125e+09	6.89823e+09	6.9869e+09	7.43709e+09	5.99205e+09	5.92223e+09	5.95234e+09	5.93401e+09	6.2134e+09	4.48557e+09	5.93886e+09	6.46337e+09	6.05785e+09	6.33491e+09	7.2378e+09	7.24273e+09	7.2397e+09	7.70972e+09	6.32229e+09	7.45025e+09	6.43889e+09	6.21148e+09	7.69333e+09	7.48891e+09	4.59009e+09	6.53462e+09	7.40871e+09	7.50693e+09	6.49938e+09	6.96845e+09	6.8186e+09	7.84901e+09	7.81446e+09	7.84072e+09	6.83299e+09	6.72619e+09	7.80902e+09	8.0855e+09	6.60659e+09	6.22917e+09	6.47749e+09	5.55794e+09	5.60687e+09	5.40146e+09	5.69582e+09	5.48833e+09	5.41239e+09
ERR637116	5.50757e+09	6.30487e+09	6.57251e+09	5.9171e+09	6.25465e+09	6.47895e+09	5.64269e+09	6.6292e+09	5.48235e+09	5.78221e+09	6.63087e+09	6.21542e+09	7.58118e+09	5.99843e+09	5.71743e+09	5.99989e+09	7.83862e+09	8.18704e+09	6.49055e+09	7.64652e+09	7.59188e+09	7.03513e+09	7.12531e+09	7.04019e+09	7.64112e+09	7.91562e+09	7.73434e+09	7.7252e+09	7.51103e+09	7.88527e+09	7.67611e+09	8.03259e+09	8.09782e+09	7.43464e+09	7.50216e+09	7.41096e+09	6.69813e+09	6.66175e+09	6.41793e+09	6.97077e+09	6.70934e+09	6.63584e+09	7.90791e+09	8.18727e+09	7.76364e+09	7.69794e+09	7.71995e+09	7.94397e+09	6.94808e+09	6.97861e+09	6.95477e+09	7.04303e+09	7.49867e+09	6.03334e+09	5.98092e+09	6.01103e+09	5.99352e+09	6.27768e+09	4.52115e+09	5.99812e+09	6.51308e+09	6.10506e+09	6.38236e+09	7.29221e+09	7.29718e+09	7.29429e+09	7.76839e+09	6.36533e+09	7.50011e+09	6.4834e+09	6.25466e+09	7.7513e+09	7.54588e+09	4.62483e+09	6.58744e+09	7.46536e+09	7.56574e+09	6.5515e+09	7.02191e+09	6.86956e+09	7.91357e+09	7.87884e+09	7.90565e+09	6.88689e+09	6.77504e+09	7.86826e+09	8.15209e+09	6.65462e+09	6.2655e+09	6.52458e+09	5.60357e+09	5.65557e+09	5.44712e+09	5.74556e+09	5.53424e+09	5.45536e+09
ERR637115	5.53432e+09	6.33613e+09	6.60571e+09	5.94608e+09	6.2861e+09	6.51222e+09	5.66579e+09	6.65887e+09	5.50385e+09	5.80612e+09	6.6603e+09	6.24171e+09	7.6177e+09	6.02425e+09	5.74177e+09	6.026e+09	7.87717e+09	8.2276e+09	6.51663e+09	7.68035e+09	7.62486e+09	7.06412e+09	7.15495e+09	7.06986e+09	7.67474e+09	7.73434e+09	7.9868e+09	7.75943e+09	7.54306e+09	7.92058e+09	7.70967e+09	8.07006e+09	8.1349e+09	7.46602e+09	7.53463e+09	7.44209e+09	6.72674e+09	6.69062e+09	6.44553e+09	7.00152e+09	6.73863e+09	6.66443e+09	7.94739e+09	8.22838e+09	7.80098e+09	7.73493e+09	7.75772e+09	7.98332e+09	6.97873e+09	7.00953e+09	6.98599e+09	7.0742e+09	7.53314e+09	6.05893e+09	6.01165e+09	6.04193e+09	6.02389e+09	6.30993e+09	4.54312e+09	6.02888e+09	6.54102e+09	6.13075e+09	6.40973e+09	7.3255e+09	7.33097e+09	7.32787e+09	7.80508e+09	6.39303e+09	7.53496e+09	6.51152e+09	6.2813e+09	7.78817e+09	7.58388e+09	4.64495e+09	6.61887e+09	7.50254e+09	7.60345e+09	6.58269e+09	7.05482e+09	6.90169e+09	7.95298e+09	7.9175e+09	7.94459e+09	6.91908e+09	6.80583e+09	7.90674e+09	8.19248e+09	6.68523e+09	6.29353e+09	6.55317e+09	5.63301e+09	5.68448e+09	5.4749e+09	5.77492e+09	5.56238e+09	5.48303e+09
ERR637114	5.52496e+09	6.32584e+09	6.59524e+09	5.93637e+09	6.27521e+09	6.50062e+09	5.65927e+09	6.64992e+09	5.49775e+09	5.79984e+09	6.65184e+09	6.23401e+09	7.60697e+09	6.01635e+09	5.73384e+09	6.01797e+09	7.86583e+09	8.21596e+09	6.50893e+09	7.67091e+09	7.61581e+09	7.05612e+09	7.14653e+09	7.06108e+09	7.66541e+09	7.7252e+09	7.75943e+09	7.96641e+09	7.53404e+09	7.91142e+09	7.70076e+09	8.05988e+09	8.12561e+09	7.45771e+09	7.52569e+09	7.43345e+09	6.71912e+09	6.68283e+09	6.43784e+09	6.99358e+09	6.73071e+09	6.65657e+09	7.93639e+09	8.21616e+09	7.79081e+09	7.72431e+09	7.74664e+09	7.97158e+09	6.96957e+09	7.00022e+09	6.97642e+09	7.06437e+09	7.52276e+09	6.0499e+09	6.00106e+09	6.03128e+09	6.01383e+09	6.29956e+09	4.53416e+09	6.01822e+09	6.53097e+09	6.12136e+09	6.4006e+09	7.31396e+09	7.31933e+09	7.316e+09	7.79271e+09	6.38313e+09	7.52239e+09	6.50138e+09	6.27177e+09	7.77605e+09	7.57081e+09	4.63702e+09	6.60813e+09	7.48972e+09	7.59104e+09	6.57198e+09	7.04365e+09	6.89054e+09	7.94057e+09	7.90526e+09	7.93198e+09	6.90843e+09	6.79566e+09	7.89437e+09	8.17991e+09	6.67517e+09	6.28357e+09	6.54346e+09	5.62266e+09	5.67451e+09	5.46537e+09	5.76517e+09	5.55242e+09	5.47333e+09
ERR637111	5.37856e+09	6.14296e+09	6.40237e+09	5.77051e+09	6.10234e+09	6.31929e+09	5.50562e+09	6.4638e+09	5.35227e+09	5.64085e+09	6.46113e+09	6.06333e+09	7.38094e+09	5.855e+09	5.58616e+09	5.85705e+09	7.62735e+09	7.95676e+09	6.35002e+09	7.45556e+09	7.40282e+09	6.86704e+09	6.95676e+09	6.87197e+09	7.46043e+09	7.51103e+09	7.54306e+09	7.53404e+09	7.54062e+09	7.68849e+09	7.48789e+09	7.82553e+09	7.88454e+09	7.26071e+09	7.32446e+09	7.23771e+09	6.53704e+09	6.50498e+09	6.26905e+09	6.79981e+09	6.54819e+09	6.47704e+09	7.69689e+09	7.96318e+09	7.55419e+09	7.49041e+09	7.51258e+09	7.72992e+09	6.77319e+09	6.80248e+09	6.78051e+09	6.86784e+09	7.30568e+09	5.89682e+09	5.80258e+09	5.83313e+09	5.81426e+09	6.08569e+09	4.403e+09	5.81923e+09	6.35636e+09	5.96001e+09	6.23099e+09	7.11224e+09	7.11738e+09	7.11468e+09	7.57231e+09	6.22068e+09	7.32008e+09	6.33384e+09	6.11177e+09	7.55659e+09	7.34889e+09	4.51676e+09	6.41806e+09	7.27058e+09	7.36594e+09	6.38348e+09	6.84621e+09	6.69987e+09	7.70338e+09	7.67001e+09	7.69498e+09	6.71365e+09	6.61102e+09	7.66593e+09	7.93436e+09	6.49484e+09	6.12696e+09	6.36876e+09	5.45114e+09	5.49939e+09	5.29921e+09	5.586e+09	5.38366e+09	5.30983e+09
ERR637112	5.64338e+09	6.47213e+09	6.74971e+09	6.06963e+09	6.41601e+09	6.64799e+09	5.77624e+09	6.79386e+09	5.6094e+09	5.92063e+09	6.7983e+09	6.36537e+09	7.78481e+09	6.1422e+09	5.85093e+09	6.1437e+09	8.05297e+09	8.41817e+09	6.63172e+09	7.83586e+09	7.77908e+09	7.19971e+09	7.29225e+09	7.20427e+09	7.82578e+09	7.88527e+09	7.92058e+09	7.91142e+09	7.68849e+09	8.31316e+09	7.86417e+09	8.24066e+09	8.31167e+09	7.60769e+09	7.67888e+09	7.58262e+09	6.85812e+09	6.82025e+09	6.56885e+09	7.14206e+09	6.86967e+09	6.79427e+09	8.12519e+09	8.41715e+09	7.97677e+09	7.90884e+09	7.93149e+09	8.16366e+09	7.12254e+09	7.15397e+09	7.12919e+09	7.21949e+09	7.69319e+09	6.17181e+09	6.1585e+09	6.18831e+09	6.17117e+09	6.46778e+09	4.64081e+09	6.17606e+09	6.66858e+09	6.249e+09	6.53492e+09	7.47494e+09	7.48003e+09	7.47659e+09	7.96999e+09	6.51414e+09	7.68814e+09	6.6361e+09	6.40068e+09	7.95252e+09	7.74988e+09	4.73132e+09	6.75999e+09	7.66652e+09	7.77164e+09	6.72159e+09	7.20063e+09	7.0428e+09	8.12855e+09	8.09207e+09	8.11988e+09	7.06247e+09	6.94221e+09	8.07753e+09	8.37573e+09	6.81859e+09	6.41183e+09	6.68252e+09	5.75906e+09	5.81444e+09	5.59717e+09	5.90733e+09	5.68696e+09	5.60495e+09
ERR636667	5.51469e+09	6.32163e+09	6.5931e+09	5.92971e+09	6.26865e+09	6.49514e+09	5.71815e+09	6.71961e+09	5.5548e+09	5.86073e+09	6.7241e+09	6.29919e+09	7.65493e+09	6.0483e+09	5.76271e+09	6.04878e+09	7.91502e+09	8.27305e+09	6.53821e+09	7.71452e+09	7.65856e+09	7.0965e+09	7.18514e+09	7.10154e+09	7.61871e+09	7.67611e+09	7.70967e+09	7.70076e+09	7.48789e+09	7.86417e+09	8.05472e+09	8.20272e+09	8.27215e+09	7.57567e+09	7.64596e+09	7.55076e+09	6.79883e+09	6.7607e+09	6.51312e+09	7.07842e+09	6.80978e+09	6.73568e+09	8.01623e+09	8.30007e+09	7.87067e+09	7.80552e+09	7.82617e+09	8.05388e+09	6.97241e+09	7.00344e+09	6.97925e+09	7.06636e+09	7.52832e+09	6.04369e+09	6.02452e+09	6.0549e+09	6.03676e+09	6.3276e+09	4.53845e+09	6.04193e+09	6.52193e+09	6.11137e+09	6.3911e+09	7.3094e+09	7.31425e+09	7.31017e+09	7.79175e+09	6.37386e+09	7.51822e+09	6.49222e+09	6.26218e+09	7.7748e+09	7.57577e+09	4.62593e+09	6.60855e+09	7.49455e+09	7.59722e+09	6.57187e+09	7.0321e+09	6.87781e+09	7.93505e+09	7.89988e+09	7.92657e+09	6.89752e+09	6.77546e+09	7.88001e+09	8.16864e+09	6.65447e+09	6.2584e+09	6.52185e+09	5.62168e+09	5.6759e+09	5.46375e+09	5.7664e+09	5.55159e+09	5.47028e+09
ERR636669	5.78498e+09	6.6455e+09	6.9353e+09	6.22709e+09	6.58813e+09	6.8294e+09	5.97407e+09	7.04127e+09	5.80066e+09	6.12543e+09	7.04637e+09	6.59165e+09	8.04264e+09	6.32347e+09	6.01841e+09	6.32447e+09	8.3243e+09	8.71438e+09	6.81216e+09	8.07908e+09	8.01746e+09	7.40991e+09	7.50442e+09	7.41524e+09	7.97045e+09	8.03259e+09	8.07006e+09	8.05988e+09	7.82553e+09	8.24066e+09	8.20272e+09	8.86806e+09	8.69233e+09	7.92035e+09	7.99755e+09	7.89285e+09	7.10989e+09	7.06895e+09	6.80514e+09	7.40969e+09	7.12156e+09	7.04258e+09	8.43988e+09	8.74841e+09	8.28401e+09	8.21296e+09	8.23552e+09	8.48073e+09	7.30353e+09	7.33655e+09	7.31042e+09	7.40245e+09	7.89803e+09	6.31322e+09	6.36026e+09	6.39142e+09	6.3728e+09	6.68547e+09	4.77106e+09	6.37856e+09	6.82162e+09	6.38675e+09	6.68408e+09	7.66184e+09	7.66698e+09	7.66209e+09	8.18171e+09	6.6624e+09	7.88676e+09	6.7882e+09	6.54428e+09	8.16423e+09	7.97279e+09	4.83171e+09	6.93763e+09	7.88532e+09	7.99707e+09	6.89832e+09	7.37613e+09	7.21148e+09	8.34733e+09	8.30917e+09	8.3382e+09	7.23332e+09	7.09767e+09	8.28362e+09	8.59823e+09	6.96818e+09	6.54604e+09	6.82653e+09	5.91986e+09	5.97798e+09	5.75024e+09	6.07466e+09	5.84429e+09	5.75839e+09
ERR636668	5.81737e+09	6.69741e+09	6.98972e+09	6.27044e+09	6.62797e+09	6.87161e+09	6.02548e+09	7.09677e+09	5.84756e+09	6.17855e+09	7.10904e+09	6.64451e+09	8.11801e+09	6.3739e+09	6.06334e+09	6.37431e+09	8.40547e+09	8.80745e+09	6.85877e+09	8.14931e+09	8.08816e+09	7.47397e+09	7.56574e+09	7.47905e+09	8.03126e+09	8.09782e+09	8.1349e+09	8.12561e+09	7.88454e+09	8.31167e+09	8.27215e+09	8.69233e+09	9.03074e+09	7.98116e+09	8.06007e+09	7.95378e+09	7.16767e+09	7.12259e+09	6.85718e+09	7.47225e+09	7.1787e+09	7.09971e+09	8.51337e+09	8.8288e+09	8.35954e+09	8.28847e+09	8.30984e+09	8.5563e+09	7.37044e+09	7.40416e+09	7.37655e+09	7.46781e+09	7.97218e+09	6.3581e+09	6.42876e+09	6.45813e+09	6.44158e+09	6.76199e+09	4.80746e+09	6.44735e+09	6.878e+09	6.43933e+09	6.73749e+09	7.72417e+09	7.72944e+09	7.72389e+09	8.24982e+09	6.70969e+09	7.94284e+09	6.83817e+09	6.59241e+09	8.23146e+09	8.03752e+09	4.86884e+09	6.99798e+09	7.94894e+09	8.06352e+09	6.95695e+09	7.43703e+09	7.26959e+09	8.42449e+09	8.3851e+09	8.41525e+09	7.29575e+09	7.15278e+09	8.3519e+09	8.67707e+09	7.02267e+09	6.58403e+09	6.87828e+09	5.97008e+09	6.03278e+09	5.80097e+09	6.13018e+09	5.89468e+09	5.80504e+09
