	ERR636852	ERR636847	ERR636848	ERR636849	ERR636851	ERR636850	ERR629940	ERR629944	ERR629945	ERR629943	ERR629942	ERR629941	ERR636926	ERR636927	ERR636925	ERR636930	ERR636928	ERR636929	ERR605645	ERR605646	ERR605641	ERR605643	ERR605644	ERR605642	ERR607308	ERR607310	ERR607305	ERR607307	ERR607309	ERR607306	ERR629858	ERR629860	ERR629856	ERR629861	ERR629859	ERR629857	ERR608742	ERR608741	ERR608743	ERR608739	ERR608744	ERR608740	ERR607656	ERR607654	ERR607655	ERR607652	ERR607653	ERR607651	ERR612681	ERR612686	ERR612685	ERR612683	ERR612684	ERR612682	ERR638269	ERR638267	ERR638268	ERR638272	ERR638271	ERR638270	ERR611515	ERR611511	ERR611512	ERR611516	ERR611513	ERR611514	ERR617001	ERR617002	ERR616998	ERR616999	ERR617000	ERR616997	ERR616477	ERR616479	ERR616476	ERR616474	ERR616478	ERR616475	ERR622045	ERR622047	ERR622046	ERR622049	ERR622050	ERR622048	ERR629887	ERR629891	ERR629889	ERR629886	ERR629890	ERR629888	ERR629758	ERR629759	ERR629763	ERR629761	ERR629760	ERR629762
ERR636852	8.93137e+09	8.07385e+09	8.60818e+09	8.55456e+09	8.69599e+09	8.69246e+09	8.4976e+09	7.71339e+09	7.80402e+09	7.81911e+09	8.42909e+09	7.96072e+09	7.79661e+09	7.75732e+09	7.13169e+09	8.16226e+09	8.18757e+09	8.20657e+09	6.29764e+09	6.22251e+09	6.88414e+09	6.39336e+09	6.12834e+09	6.46248e+09	6.41379e+09	6.57002e+09	7.13691e+09	7.66174e+09	6.52029e+09	7.61591e+09	7.68132e+09	6.8643e+09	7.76015e+09	6.94898e+09	6.83932e+09	7.05395e+09	7.30393e+09	7.48887e+09	7.27776e+09	5.65241e+09	7.3358e+09	7.06273e+09	8.84916e+09	8.71726e+09	8.76538e+09	8.56262e+09	8.5477e+09	8.24923e+09	7.60975e+09	6.67125e+09	6.72797e+09	7.22041e+09	6.70581e+09	6.15166e+09	6.2716e+09	6.34538e+09	6.45376e+09	7.34535e+09	7.7871e+09	7.77023e+09	7.68183e+09	7.55364e+09	7.4337e+09	7.67444e+09	7.74085e+09	7.27135e+09	5.08498e+09	5.15615e+09	5.84147e+09	5.93399e+09	5.17382e+09	5.59191e+09	8.14088e+09	8.16834e+09	7.15541e+09	7.07987e+09	8.17377e+09	4.98034e+09	6.38e+09	5.91041e+09	5.96552e+09	6.74037e+09	6.88241e+09	6.75201e+09	7.24689e+09	7.25258e+09	7.29252e+09	7.84189e+09	7.20844e+09	7.77407e+09	8.07314e+09	7.39255e+09	8.2667e+09	8.24333e+09	7.33275e+09	8.23412e+09
ERR636847	8.07385e+09	7.77962e+09	8.02379e+09	7.97412e+09	8.09071e+09	8.08706e+09	7.90942e+09	7.2204e+09	7.29979e+09	7.314e+09	7.84982e+09	7.44164e+09	7.30769e+09	7.27132e+09	6.7061e+09	7.63004e+09	7.65291e+09	7.66949e+09	5.90584e+09	5.83674e+09	6.44047e+09	5.99459e+09	5.75252e+09	6.05789e+09	6.04534e+09	6.18945e+09	6.70916e+09	7.18487e+09	6.14368e+09	7.14361e+09	7.18401e+09	6.44595e+09	7.25424e+09	6.5229e+09	6.42249e+09	6.61838e+09	6.87158e+09	7.03825e+09	6.84667e+09	5.34714e+09	6.90052e+09	6.65219e+09	8.21926e+09	8.1054e+09	8.14734e+09	7.9783e+09	7.96224e+09	7.707e+09	7.09258e+09	6.23907e+09	6.29175e+09	6.73994e+09	6.27072e+09	5.76279e+09	5.8901e+09	5.95655e+09	6.05627e+09	6.87178e+09	7.27346e+09	7.25841e+09	7.19828e+09	7.08708e+09	6.98007e+09	7.19249e+09	7.25451e+09	6.82804e+09	4.72471e+09	4.78831e+09	5.41707e+09	5.50103e+09	4.80558e+09	5.18814e+09	7.59375e+09	7.61748e+09	6.71057e+09	6.64067e+09	7.62299e+09	4.70391e+09	6.00358e+09	5.57143e+09	5.62298e+09	6.33338e+09	6.46252e+09	6.34359e+09	6.8234e+09	6.82229e+09	6.85771e+09	7.34944e+09	6.78296e+09	7.2898e+09	7.554e+09	6.95362e+09	7.71922e+09	7.70015e+09	6.90106e+09	7.69158e+09
ERR636848	8.60818e+09	8.02379e+09	8.80767e+09	8.49508e+09	8.62853e+09	8.62451e+09	8.44291e+09	7.65557e+09	7.74495e+09	7.76095e+09	8.3752e+09	7.90732e+09	7.75377e+09	7.70823e+09	7.0914e+09	8.10661e+09	8.13288e+09	8.15112e+09	6.25365e+09	6.18091e+09	6.84531e+09	6.35574e+09	6.09659e+09	6.42534e+09	6.38196e+09	6.54068e+09	7.09648e+09	7.6146e+09	6.49108e+09	7.57657e+09	7.63553e+09	6.81449e+09	7.71427e+09	6.89793e+09	6.79006e+09	7.00962e+09	7.25259e+09	7.43803e+09	7.22597e+09	5.606e+09	7.28407e+09	7.01212e+09	8.77647e+09	8.64526e+09	8.6933e+09	8.50268e+09	8.48135e+09	8.18941e+09	7.56468e+09	6.63357e+09	6.68882e+09	7.17352e+09	6.66759e+09	6.11556e+09	6.23418e+09	6.30462e+09	6.41234e+09	7.28996e+09	7.73663e+09	7.71902e+09	7.63143e+09	7.5111e+09	7.39367e+09	7.62473e+09	7.69886e+09	7.21603e+09	5.04249e+09	5.11111e+09	5.80366e+09	5.89656e+09	5.13107e+09	5.5505e+09	8.08213e+09	8.10876e+09	7.1147e+09	7.03813e+09	8.11679e+09	4.95608e+09	6.34353e+09	5.87489e+09	5.93004e+09	6.69903e+09	6.83943e+09	6.71185e+09	7.19456e+09	7.19193e+09	7.23224e+09	7.78625e+09	7.14845e+09	7.71838e+09	8.01723e+09	7.34181e+09	8.20516e+09	8.18394e+09	7.28436e+09	8.17377e+09
ERR636849	8.55456e+09	7.97412e+09	8.49508e+09	8.6902e+09	8.57364e+09	8.57002e+09	8.38529e+09	7.61846e+09	7.70654e+09	7.7222e+09	8.31809e+09	7.86255e+09	7.70113e+09	7.6617e+09	7.04824e+09	8.05698e+09	8.08158e+09	8.10018e+09	6.22198e+09	6.14824e+09	6.79932e+09	6.31622e+09	6.05644e+09	6.38495e+09	6.34275e+09	6.49612e+09	7.05388e+09	7.5691e+09	6.44751e+09	7.52436e+09	7.58531e+09	6.78255e+09	7.66292e+09	6.86487e+09	6.7574e+09	6.97019e+09	7.21727e+09	7.39914e+09	7.19244e+09	5.59062e+09	7.24956e+09	6.98083e+09	8.72292e+09	8.59401e+09	8.6413e+09	8.44751e+09	8.43205e+09	8.14241e+09	7.51038e+09	6.58899e+09	6.64472e+09	7.12848e+09	6.62307e+09	6.07691e+09	6.19878e+09	6.27099e+09	6.37735e+09	7.25488e+09	7.68836e+09	7.67186e+09	7.59111e+09	7.46657e+09	7.34878e+09	7.58448e+09	7.64941e+09	7.18728e+09	5.01563e+09	5.08486e+09	5.75993e+09	5.85153e+09	5.10296e+09	5.51421e+09	8.03678e+09	8.06355e+09	7.07108e+09	6.99607e+09	8.06953e+09	4.92816e+09	6.30859e+09	5.84545e+09	5.90029e+09	6.66245e+09	6.80186e+09	6.67411e+09	7.16463e+09	7.1667e+09	7.20585e+09	7.74564e+09	7.12369e+09	7.67877e+09	7.97191e+09	7.30716e+09	8.15868e+09	8.13644e+09	7.2482e+09	8.12777e+09
ERR636851	8.69599e+09	8.09071e+09	8.62853e+09	8.57364e+09	8.9707e+09	8.71176e+09	8.51894e+09	7.72935e+09	7.82017e+09	7.83553e+09	8.45009e+09	7.97849e+09	7.81462e+09	7.77355e+09	7.14654e+09	8.1799e+09	8.20611e+09	8.22466e+09	6.30952e+09	6.23459e+09	6.89942e+09	6.40656e+09	6.1418e+09	6.47615e+09	6.42689e+09	6.5838e+09	7.15138e+09	7.67807e+09	6.53441e+09	7.63243e+09	7.69823e+09	6.87706e+09	7.77719e+09	6.96145e+09	6.85184e+09	7.06821e+09	7.31757e+09	7.50318e+09	7.29099e+09	5.66067e+09	7.34966e+09	7.07559e+09	8.86964e+09	8.73627e+09	8.78589e+09	8.58302e+09	8.56696e+09	8.26718e+09	7.62913e+09	6.68739e+09	6.74414e+09	7.2378e+09	6.72225e+09	6.16559e+09	6.28492e+09	6.35835e+09	6.46697e+09	7.36064e+09	7.80575e+09	7.7885e+09	7.69812e+09	7.57017e+09	7.44987e+09	7.69127e+09	7.75814e+09	7.28505e+09	5.09628e+09	5.16741e+09	5.85678e+09	5.94962e+09	5.18529e+09	5.60556e+09	8.16016e+09	8.18754e+09	7.17177e+09	7.09556e+09	8.19362e+09	4.99044e+09	6.39373e+09	5.92213e+09	5.97741e+09	6.75503e+09	6.89739e+09	6.76682e+09	7.25919e+09	7.2633e+09	7.30354e+09	7.85658e+09	7.21957e+09	7.78846e+09	8.09002e+09	7.40561e+09	8.28351e+09	8.26014e+09	7.34613e+09	8.25108e+09
ERR636850	8.69246e+09	8.08706e+09	8.62451e+09	8.57002e+09	8.71176e+09	8.96307e+09	8.51296e+09	7.72475e+09	7.81539e+09	7.83089e+09	8.44356e+09	7.97334e+09	7.81125e+09	7.77129e+09	7.14469e+09	8.17772e+09	8.20331e+09	8.22186e+09	6.30727e+09	6.23179e+09	6.89664e+09	6.40421e+09	6.13965e+09	6.47404e+09	6.42483e+09	6.58164e+09	7.14899e+09	7.6751e+09	6.53228e+09	7.62999e+09	7.69596e+09	6.87551e+09	7.77491e+09	6.95968e+09	6.84976e+09	7.06571e+09	7.31502e+09	7.50076e+09	7.28871e+09	5.65945e+09	7.34734e+09	7.07354e+09	8.86672e+09	8.73341e+09	8.78246e+09	8.57968e+09	8.56388e+09	8.26435e+09	7.62319e+09	6.68235e+09	6.73896e+09	7.23234e+09	6.71692e+09	6.16072e+09	6.2805e+09	6.35488e+09	6.46297e+09	7.35586e+09	7.80025e+09	7.78324e+09	7.69341e+09	7.56558e+09	7.44564e+09	7.68676e+09	7.75385e+09	7.28103e+09	5.09223e+09	5.16382e+09	5.85217e+09	5.94445e+09	5.1811e+09	5.60109e+09	8.15419e+09	8.18167e+09	7.16691e+09	7.09095e+09	8.1873e+09	4.98763e+09	6.38889e+09	5.91785e+09	5.97328e+09	6.74997e+09	6.89181e+09	6.76179e+09	7.25712e+09	7.26222e+09	7.3022e+09	7.85438e+09	7.21806e+09	7.78595e+09	8.08699e+09	7.40315e+09	8.28052e+09	8.25781e+09	7.34395e+09	8.24808e+09
ERR629940	8.4976e+09	7.90942e+09	8.44291e+09	8.38529e+09	8.51894e+09	8.51296e+09	9.78322e+09	8.57159e+09	8.68144e+09	8.70255e+09	9.44384e+09	8.87814e+09	7.62685e+09	7.58462e+09	6.97144e+09	7.97897e+09	8.0037e+09	8.02071e+09	6.34307e+09	6.26862e+09	6.9512e+09	6.44839e+09	6.18026e+09	6.51912e+09	6.38145e+09	6.53956e+09	7.10311e+09	7.62456e+09	6.49018e+09	7.58691e+09	7.67903e+09	6.84188e+09	7.75904e+09	6.92785e+09	6.81621e+09	7.04054e+09	7.12707e+09	7.31102e+09	7.10612e+09	5.5096e+09	7.16145e+09	6.89323e+09	8.71655e+09	8.58487e+09	8.63349e+09	8.43994e+09	8.41844e+09	8.12136e+09	8.43622e+09	7.39386e+09	7.45315e+09	7.99591e+09	7.4316e+09	6.80274e+09	6.91282e+09	6.9865e+09	7.10449e+09	8.09311e+09	8.59701e+09	8.57657e+09	8.34691e+09	8.21176e+09	8.07888e+09	8.33758e+09	8.4268e+09	7.86868e+09	5.63925e+09	5.71568e+09	6.50309e+09	6.6099e+09	5.73967e+09	6.2152e+09	8.98915e+09	9.01919e+09	7.8893e+09	7.80129e+09	9.02997e+09	5.456e+09	6.98545e+09	6.45168e+09	6.51613e+09	7.38192e+09	7.54087e+09	7.39636e+09	7.24399e+09	7.2386e+09	7.28099e+09	7.85129e+09	7.19422e+09	7.78372e+09	8.14311e+09	7.43959e+09	8.33745e+09	8.3158e+09	7.38131e+09	8.30628e+09
ERR629944	7.71339e+09	7.2204e+09	7.65557e+09	7.61846e+09	7.72935e+09	7.72475e+09	8.57159e+09	8.04941e+09	7.92882e+09	7.94503e+09	8.50615e+09	8.0703e+09	6.94726e+09	6.92296e+09	6.38054e+09	7.26506e+09	7.28448e+09	7.2993e+09	5.79863e+09	5.72895e+09	6.30691e+09	5.87659e+09	5.62968e+09	5.93452e+09	5.86137e+09	5.99334e+09	6.5097e+09	6.97237e+09	5.95053e+09	6.92184e+09	6.97845e+09	6.27819e+09	7.04403e+09	6.3551e+09	6.25387e+09	6.43327e+09	6.55645e+09	6.70989e+09	6.53703e+09	5.13208e+09	6.58545e+09	6.35495e+09	7.88587e+09	7.78081e+09	7.81977e+09	7.65404e+09	7.64429e+09	7.39943e+09	7.59969e+09	6.70558e+09	6.76043e+09	7.24026e+09	6.73891e+09	6.19952e+09	6.32951e+09	6.40021e+09	6.50408e+09	7.38285e+09	7.79147e+09	7.77687e+09	7.62775e+09	7.50155e+09	7.38832e+09	7.61946e+09	7.6764e+09	7.24667e+09	5.09422e+09	5.16392e+09	5.81374e+09	5.90267e+09	5.18084e+09	5.58096e+09	8.14742e+09	8.17207e+09	7.19716e+09	7.1249e+09	8.17654e+09	5.04208e+09	6.42023e+09	5.9544e+09	6.01269e+09	6.77094e+09	6.91051e+09	6.78153e+09	6.69679e+09	6.70258e+09	6.73876e+09	7.20035e+09	6.66571e+09	7.14651e+09	7.43769e+09	6.85539e+09	7.59958e+09	7.58004e+09	6.80148e+09	7.5738e+09
ERR629945	7.80402e+09	7.29979e+09	7.74495e+09	7.70654e+09	7.82017e+09	7.81539e+09	8.68144e+09	7.92882e+09	8.2325e+09	8.03626e+09	8.61444e+09	8.16564e+09	7.02406e+09	6.99862e+09	6.44841e+09	7.34724e+09	7.36699e+09	7.38156e+09	5.86138e+09	5.79129e+09	6.37901e+09	5.94102e+09	5.69107e+09	6.00052e+09	5.92032e+09	6.05518e+09	6.57832e+09	7.04762e+09	6.01162e+09	6.9975e+09	7.05836e+09	6.34437e+09	7.12475e+09	6.42288e+09	6.31997e+09	6.50355e+09	6.62299e+09	6.77972e+09	6.60338e+09	5.1782e+09	6.65314e+09	6.41857e+09	7.98024e+09	7.87297e+09	7.91257e+09	7.743e+09	7.73283e+09	7.48234e+09	7.69483e+09	6.78416e+09	6.84009e+09	7.32814e+09	6.81822e+09	6.2691e+09	6.39806e+09	6.46944e+09	6.57547e+09	7.46791e+09	7.88591e+09	7.8706e+09	7.71224e+09	7.58341e+09	7.4677e+09	7.70399e+09	7.76288e+09	7.32176e+09	5.15965e+09	5.23054e+09	5.89351e+09	5.98376e+09	5.2473e+09	5.65529e+09	8.24814e+09	8.27315e+09	7.27863e+09	7.20528e+09	8.2778e+09	5.09099e+09	6.48586e+09	6.01289e+09	6.0719e+09	6.84263e+09	6.98473e+09	6.85333e+09	6.76204e+09	6.76725e+09	6.80384e+09	7.27616e+09	6.72925e+09	7.2205e+09	7.51901e+09	6.92381e+09	7.68479e+09	7.66448e+09	6.86838e+09	7.65841e+09
ERR629943	7.81911e+09	7.314e+09	7.76095e+09	7.7222e+09	7.83553e+09	7.83089e+09	8.70255e+09	7.94503e+09	8.03626e+09	8.26894e+09	8.63496e+09	8.18402e+09	7.03783e+09	7.01206e+09	6.46001e+09	7.36146e+09	7.3813e+09	7.3965e+09	5.8736e+09	5.80337e+09	6.39364e+09	5.954e+09	5.70345e+09	6.01397e+09	5.93117e+09	6.06616e+09	6.58964e+09	7.06021e+09	6.02238e+09	7.01104e+09	7.07304e+09	6.35609e+09	7.14041e+09	6.43467e+09	6.33159e+09	6.51589e+09	6.63384e+09	6.79116e+09	6.61443e+09	5.18462e+09	6.66419e+09	6.42815e+09	7.99691e+09	7.88844e+09	7.92851e+09	7.75857e+09	7.74806e+09	7.49618e+09	7.71452e+09	6.8016e+09	6.85687e+09	7.34602e+09	6.83547e+09	6.28358e+09	6.41187e+09	6.48302e+09	6.58919e+09	7.48448e+09	7.90415e+09	7.88923e+09	7.72894e+09	7.60071e+09	7.48453e+09	7.72097e+09	7.78086e+09	7.3362e+09	5.172e+09	5.24251e+09	5.90942e+09	6.00126e+09	5.25979e+09	5.67015e+09	8.26643e+09	8.29154e+09	7.29421e+09	7.22049e+09	8.29666e+09	5.10051e+09	6.50015e+09	6.02462e+09	6.0838e+09	6.85718e+09	6.9995e+09	6.86799e+09	6.77277e+09	6.77741e+09	6.81434e+09	7.28942e+09	6.73947e+09	7.23338e+09	7.5336e+09	6.93626e+09	7.70017e+09	7.68007e+09	6.88117e+09	7.6738e+09
ERR629942	8.42909e+09	7.84982e+09	8.3752e+09	8.31809e+09	8.45009e+09	8.44356e+09	9.44384e+09	8.50615e+09	8.61444e+09	8.63496e+09	9.61262e+09	8.8068e+09	7.5683e+09	7.52682e+09	6.92079e+09	7.91649e+09	7.94108e+09	7.95789e+09	6.29279e+09	6.21927e+09	6.89352e+09	6.39735e+09	6.13105e+09	6.46662e+09	6.3365e+09	6.49294e+09	7.05128e+09	7.56774e+09	6.44401e+09	7.52972e+09	7.61858e+09	6.7913e+09	7.69689e+09	6.87704e+09	6.76647e+09	6.98711e+09	7.07725e+09	7.25841e+09	7.05614e+09	5.47592e+09	7.11107e+09	6.84617e+09	8.64223e+09	8.51332e+09	8.56065e+09	8.37059e+09	8.34999e+09	8.05786e+09	8.36304e+09	7.33314e+09	7.39151e+09	7.92874e+09	7.37056e+09	6.74972e+09	6.86055e+09	6.93403e+09	7.05104e+09	8.02818e+09	8.52571e+09	8.50532e+09	8.28315e+09	8.14975e+09	8.01912e+09	8.27378e+09	8.3618e+09	7.81238e+09	5.5888e+09	5.6642e+09	6.4413e+09	6.54694e+09	5.68779e+09	6.157e+09	8.91361e+09	8.94325e+09	7.82797e+09	7.74181e+09	8.95399e+09	5.41994e+09	6.93535e+09	6.4075e+09	6.47074e+09	7.32742e+09	7.48513e+09	7.34222e+09	7.19552e+09	7.19078e+09	7.23257e+09	7.79454e+09	7.14729e+09	7.72788e+09	8.0815e+09	7.38843e+09	8.27271e+09	8.25159e+09	7.3307e+09	8.24203e+09
ERR629941	7.96072e+09	7.44164e+09	7.90732e+09	7.86255e+09	7.97849e+09	7.97334e+09	8.87814e+09	8.0703e+09	8.16564e+09	8.18402e+09	8.8068e+09	8.54946e+09	7.16565e+09	7.13384e+09	6.57025e+09	7.49079e+09	7.51228e+09	7.52775e+09	5.97049e+09	5.90017e+09	6.51494e+09	6.05983e+09	5.80831e+09	6.12303e+09	6.03096e+09	6.17192e+09	6.70137e+09	7.18165e+09	6.12721e+09	7.13752e+09	7.20426e+09	6.45572e+09	7.27471e+09	6.53542e+09	6.4309e+09	6.62851e+09	6.7356e+09	6.8999e+09	6.71601e+09	5.24612e+09	6.76725e+09	6.5236e+09	8.14466e+09	8.03172e+09	8.07341e+09	7.9024e+09	7.88735e+09	7.62746e+09	7.86934e+09	6.92922e+09	6.98527e+09	7.48333e+09	6.96398e+09	6.39452e+09	6.51784e+09	6.58802e+09	6.69674e+09	7.60821e+09	8.04975e+09	8.03299e+09	7.85944e+09	7.73299e+09	7.61397e+09	7.85115e+09	7.9212e+09	7.44234e+09	5.2669e+09	5.33796e+09	6.03741e+09	6.13315e+09	5.35807e+09	5.784e+09	8.41624e+09	8.44252e+09	7.42286e+09	7.34476e+09	8.44977e+09	5.17792e+09	6.60261e+09	6.11375e+09	6.17409e+09	6.96722e+09	7.11258e+09	6.97951e+09	6.8691e+09	6.86768e+09	6.90568e+09	7.40635e+09	6.82788e+09	7.34759e+09	7.66178e+09	7.04018e+09	7.83221e+09	7.81321e+09	6.98499e+09	7.80555e+09
ERR636926	7.79661e+09	7.30769e+09	7.75377e+09	7.70113e+09	7.81462e+09	7.81125e+09	7.62685e+09	6.94726e+09	7.02406e+09	7.03783e+09	7.5683e+09	7.16565e+09	7.37938e+09	7.11709e+09	6.57442e+09	7.46005e+09	7.48284e+09	7.49929e+09	5.75655e+09	5.69108e+09	6.28117e+09	5.84712e+09	5.61828e+09	5.91039e+09	5.88677e+09	6.02842e+09	6.52087e+09	6.9753e+09	5.98396e+09	6.94264e+09	6.97391e+09	6.25662e+09	7.04254e+09	6.32917e+09	6.23509e+09	6.42868e+09	6.68497e+09	6.8468e+09	6.66131e+09	5.20421e+09	6.71191e+09	6.47253e+09	7.98661e+09	7.87399e+09	7.91561e+09	7.75448e+09	7.73494e+09	7.48779e+09	6.86441e+09	6.04112e+09	6.08914e+09	6.51884e+09	6.07092e+09	5.57888e+09	5.69309e+09	5.75555e+09	5.85118e+09	6.62945e+09	7.02241e+09	7.00699e+09	6.93797e+09	6.83622e+09	6.73499e+09	6.93225e+09	6.99878e+09	6.57337e+09	4.58071e+09	4.64175e+09	5.26354e+09	5.34591e+09	4.65971e+09	5.03586e+09	7.31238e+09	7.3366e+09	6.47541e+09	6.40744e+09	7.34294e+09	4.54702e+09	5.80199e+09	5.38533e+09	5.4344e+09	6.11669e+09	6.24074e+09	6.12801e+09	6.60102e+09	6.59458e+09	6.63014e+09	7.11205e+09	6.55718e+09	7.05296e+09	7.31358e+09	6.73367e+09	7.47367e+09	7.45514e+09	6.68567e+09	7.44658e+09
ERR636927	7.75732e+09	7.27132e+09	7.70823e+09	7.6617e+09	7.77355e+09	7.77129e+09	7.58462e+09	6.92296e+09	6.99862e+09	7.01206e+09	7.52682e+09	7.13384e+09	7.11709e+09	7.29908e+09	6.5413e+09	7.42261e+09	7.44441e+09	7.46018e+09	5.73226e+09	5.6656e+09	6.24504e+09	5.81682e+09	5.58592e+09	5.87898e+09	5.85669e+09	5.99413e+09	6.489e+09	6.94065e+09	5.9501e+09	6.90278e+09	6.93538e+09	6.23383e+09	7.00228e+09	6.30615e+09	6.2119e+09	6.39894e+09	6.66051e+09	6.81875e+09	6.63816e+09	5.19641e+09	6.68835e+09	6.45122e+09	7.94606e+09	7.83593e+09	7.8767e+09	7.71231e+09	7.69776e+09	7.45279e+09	6.82376e+09	6.00767e+09	6.0564e+09	6.48601e+09	6.03741e+09	5.54976e+09	5.66742e+09	5.73088e+09	5.82615e+09	6.60672e+09	6.98791e+09	6.97385e+09	6.91213e+09	6.80657e+09	6.70469e+09	6.90644e+09	6.96502e+09	6.55817e+09	4.56051e+09	4.62204e+09	5.22869e+09	5.3102e+09	4.63844e+09	5.00757e+09	7.28193e+09	7.30512e+09	6.44353e+09	6.37736e+09	7.31019e+09	4.52575e+09	5.77668e+09	5.36343e+09	5.41245e+09	6.0901e+09	6.21324e+09	6.10046e+09	6.58186e+09	6.58039e+09	6.61498e+09	7.08329e+09	6.54313e+09	7.02551e+09	7.28071e+09	6.71047e+09	7.43971e+09	7.42138e+09	6.66053e+09	7.41324e+09
ERR636925	7.13169e+09	6.7061e+09	7.0914e+09	7.04824e+09	7.14654e+09	7.14469e+09	6.97144e+09	6.38054e+09	6.44841e+09	6.46001e+09	6.92079e+09	6.57025e+09	6.57442e+09	6.5413e+09	6.25771e+09	6.83958e+09	6.85961e+09	6.87367e+09	5.32903e+09	5.27002e+09	5.79236e+09	5.40796e+09	5.20171e+09	5.46407e+09	5.44775e+09	5.57282e+09	6.0144e+09	6.41445e+09	5.53272e+09	6.38319e+09	6.40879e+09	5.78161e+09	6.4693e+09	5.84645e+09	5.76223e+09	5.93126e+09	6.16349e+09	6.30482e+09	6.14226e+09	4.83711e+09	6.18708e+09	5.97607e+09	7.29688e+09	7.1999e+09	7.23621e+09	7.09307e+09	7.07891e+09	6.86371e+09	6.30034e+09	5.56892e+09	5.61269e+09	5.99658e+09	5.59525e+09	5.15531e+09	5.2626e+09	5.31929e+09	5.40559e+09	6.10211e+09	6.44579e+09	6.43265e+09	6.37169e+09	6.28039e+09	6.19069e+09	6.36748e+09	6.42182e+09	6.05271e+09	4.23644e+09	4.29188e+09	4.85028e+09	4.92336e+09	4.30821e+09	4.64701e+09	6.70177e+09	6.72285e+09	5.96194e+09	5.90281e+09	6.72791e+09	4.22872e+09	5.36281e+09	4.99008e+09	5.03491e+09	5.64452e+09	5.7545e+09	5.65384e+09	6.08634e+09	6.0816e+09	6.11239e+09	6.53395e+09	6.04835e+09	6.48226e+09	6.7103e+09	6.2035e+09	6.84993e+09	6.83377e+09	6.16021e+09	6.82674e+09
ERR636930	8.16226e+09	7.63004e+09	8.10661e+09	8.05698e+09	8.1799e+09	8.17772e+09	7.97897e+09	7.26506e+09	7.34724e+09	7.36146e+09	7.91649e+09	7.49079e+09	7.46005e+09	7.42261e+09	6.83958e+09	8.03328e+09	7.82063e+09	7.83854e+09	5.98523e+09	5.91473e+09	6.53057e+09	6.07442e+09	5.82835e+09	6.13981e+09	6.11297e+09	6.25809e+09	6.78676e+09	7.27306e+09	6.21164e+09	7.22989e+09	7.26985e+09	6.51851e+09	7.34208e+09	6.59603e+09	6.49463e+09	6.69336e+09	6.97209e+09	7.1425e+09	6.94752e+09	5.41943e+09	7.00147e+09	6.74766e+09	8.37068e+09	8.25055e+09	8.29504e+09	8.11355e+09	8.099e+09	7.83059e+09	7.1585e+09	6.2858e+09	6.33803e+09	6.79729e+09	6.31785e+09	5.79985e+09	5.92099e+09	5.98973e+09	6.09123e+09	6.92299e+09	7.33198e+09	7.31676e+09	7.24892e+09	7.13325e+09	7.02322e+09	7.24286e+09	7.30465e+09	6.87059e+09	4.7708e+09	4.837e+09	5.4777e+09	5.56332e+09	4.85357e+09	5.24408e+09	7.65091e+09	7.67595e+09	6.74547e+09	6.67543e+09	7.6809e+09	4.712e+09	6.03295e+09	5.59531e+09	5.64683e+09	6.36831e+09	6.5001e+09	6.379e+09	6.89053e+09	6.89211e+09	6.92912e+09	7.4312e+09	6.85256e+09	7.36884e+09	7.64451e+09	7.02781e+09	7.81832e+09	7.79728e+09	6.97353e+09	7.78907e+09
ERR636928	8.18757e+09	7.65291e+09	8.13288e+09	8.08158e+09	8.20611e+09	8.20331e+09	8.0037e+09	7.28448e+09	7.36699e+09	7.3813e+09	7.94108e+09	7.51228e+09	7.48284e+09	7.44441e+09	6.85961e+09	7.82063e+09	8.0824e+09	7.86233e+09	6.00269e+09	5.93151e+09	6.55154e+09	6.09264e+09	5.846e+09	6.15857e+09	6.13e+09	6.27676e+09	6.80625e+09	7.29435e+09	6.22976e+09	7.25241e+09	7.29265e+09	6.53575e+09	7.36491e+09	6.61334e+09	6.51244e+09	6.71236e+09	6.99094e+09	7.16239e+09	6.96645e+09	5.43134e+09	7.02039e+09	6.76531e+09	8.39678e+09	8.27581e+09	8.32069e+09	8.13894e+09	8.12356e+09	7.85407e+09	7.18149e+09	6.30533e+09	6.35772e+09	6.81845e+09	6.33731e+09	5.81725e+09	5.93681e+09	6.00575e+09	6.10738e+09	6.94142e+09	7.35375e+09	7.33754e+09	7.26831e+09	7.15262e+09	7.04206e+09	7.26252e+09	7.32535e+09	6.88728e+09	4.78534e+09	4.85098e+09	5.49619e+09	5.58216e+09	4.86803e+09	5.26109e+09	7.67305e+09	7.6986e+09	6.7648e+09	6.694e+09	7.70353e+09	4.72411e+09	6.04943e+09	5.60958e+09	5.66176e+09	6.3857e+09	6.51798e+09	6.39682e+09	6.90781e+09	6.90876e+09	6.94624e+09	7.45279e+09	6.86925e+09	7.38974e+09	7.66743e+09	7.04631e+09	7.84249e+09	7.82172e+09	6.99289e+09	7.81265e+09
ERR636929	8.20657e+09	7.66949e+09	8.15112e+09	8.10018e+09	8.22466e+09	8.22186e+09	8.02071e+09	7.2993e+09	7.38156e+09	7.3965e+09	7.95789e+09	7.52775e+09	7.49929e+09	7.46018e+09	6.87367e+09	7.83854e+09	7.86233e+09	8.11812e+09	6.015e+09	5.94373e+09	6.56527e+09	6.10519e+09	5.85778e+09	6.17136e+09	6.14173e+09	6.28897e+09	6.8196e+09	7.31e+09	6.2418e+09	7.26733e+09	7.3078e+09	6.54868e+09	7.38081e+09	6.62624e+09	6.52479e+09	6.72588e+09	7.0053e+09	7.17654e+09	6.9804e+09	5.44131e+09	7.03453e+09	6.77863e+09	8.41583e+09	8.29425e+09	8.33988e+09	8.15664e+09	8.14156e+09	7.87025e+09	7.19633e+09	6.31761e+09	6.37017e+09	6.83209e+09	6.34977e+09	5.82818e+09	5.94819e+09	6.01751e+09	6.1195e+09	6.95549e+09	7.36838e+09	7.3528e+09	7.28302e+09	7.16665e+09	7.05628e+09	7.27708e+09	7.34002e+09	6.90007e+09	4.79579e+09	4.86209e+09	5.50825e+09	5.59533e+09	4.87894e+09	5.27257e+09	7.689e+09	7.71471e+09	6.77813e+09	6.70736e+09	7.72028e+09	4.73213e+09	6.06036e+09	5.61962e+09	5.67117e+09	6.39783e+09	6.53031e+09	6.40839e+09	6.92073e+09	6.92165e+09	6.959e+09	7.46709e+09	6.88151e+09	7.40375e+09	7.68364e+09	7.06072e+09	7.85903e+09	7.83845e+09	7.0066e+09	7.82943e+09
ERR605645	6.29764e+09	5.90584e+09	6.25365e+09	6.22198e+09	6.30952e+09	6.30727e+09	6.34307e+09	5.79863e+09	5.86138e+09	5.8736e+09	6.29279e+09	5.97049e+09	5.75655e+09	5.73226e+09	5.32903e+09	5.98523e+09	6.00269e+09	6.015e+09	5.32216e+09	5.07897e+09	5.54211e+09	5.18992e+09	4.99993e+09	5.24462e+09	4.87513e+09	4.97857e+09	5.3579e+09	5.70141e+09	4.9442e+09	5.67685e+09	5.81042e+09	5.26929e+09	5.86516e+09	5.32509e+09	5.25361e+09	5.40222e+09	5.39786e+09	5.51877e+09	5.39041e+09	4.27242e+09	5.42538e+09	5.24039e+09	6.45256e+09	6.36396e+09	6.39698e+09	6.25879e+09	6.25209e+09	6.04666e+09	5.85739e+09	5.23001e+09	5.26657e+09	5.6008e+09	5.25451e+09	4.86648e+09	4.88634e+09	4.933e+09	5.00587e+09	5.61248e+09	5.89291e+09	5.88376e+09	5.795e+09	5.70849e+09	5.62587e+09	5.78948e+09	5.83054e+09	5.51615e+09	4.12381e+09	4.17622e+09	4.67314e+09	4.74275e+09	4.19017e+09	4.49378e+09	6.11104e+09	6.12967e+09	5.46237e+09	5.40906e+09	6.13322e+09	3.95238e+09	4.99885e+09	4.66923e+09	4.71066e+09	5.24088e+09	5.33671e+09	5.25038e+09	5.4154e+09	5.41206e+09	5.44337e+09	5.81989e+09	5.38278e+09	5.773e+09	6.0266e+09	5.56388e+09	6.161e+09	6.14285e+09	5.51868e+09	6.13752e+09
ERR605646	6.22251e+09	5.83674e+09	6.18091e+09	6.14824e+09	6.23459e+09	6.23179e+09	6.26862e+09	5.72895e+09	5.79129e+09	5.80337e+09	6.21927e+09	5.90017e+09	5.69108e+09	5.6656e+09	5.27002e+09	5.91473e+09	5.93151e+09	5.94373e+09	5.07897e+09	5.21145e+09	5.48402e+09	5.13689e+09	4.95114e+09	5.19113e+09	4.82413e+09	4.92703e+09	5.29851e+09	5.63573e+09	4.8931e+09	5.61336e+09	5.74503e+09	5.2094e+09	5.79914e+09	5.26372e+09	5.19407e+09	5.34257e+09	5.33341e+09	5.45308e+09	5.32539e+09	4.22134e+09	5.36055e+09	5.17741e+09	6.37461e+09	6.28714e+09	6.31954e+09	6.18502e+09	6.17648e+09	5.97495e+09	5.79578e+09	5.17823e+09	5.2138e+09	5.54178e+09	5.20144e+09	4.81938e+09	4.83625e+09	4.88141e+09	4.9531e+09	5.54785e+09	5.82588e+09	5.81654e+09	5.72731e+09	5.6431e+09	5.56137e+09	5.72171e+09	5.76392e+09	5.44943e+09	4.08717e+09	4.1383e+09	4.63306e+09	4.70118e+09	4.15226e+09	4.45336e+09	6.03832e+09	6.05671e+09	5.40182e+09	5.34961e+09	6.06041e+09	3.9155e+09	4.94573e+09	4.6199e+09	4.6609e+09	5.1835e+09	5.27784e+09	5.19296e+09	5.34966e+09	5.34504e+09	5.37598e+09	5.75027e+09	5.31562e+09	5.70337e+09	5.95499e+09	5.49845e+09	6.08757e+09	6.0699e+09	5.45316e+09	6.06421e+09
ERR605641	6.88414e+09	6.44047e+09	6.84531e+09	6.79932e+09	6.89942e+09	6.89664e+09	6.9512e+09	6.30691e+09	6.37901e+09	6.39364e+09	6.89352e+09	6.51494e+09	6.28117e+09	6.24504e+09	5.79236e+09	6.53057e+09	6.55154e+09	6.56527e+09	5.54211e+09	5.48402e+09	6.25158e+09	5.63037e+09	5.42136e+09	5.69332e+09	5.28487e+09	5.408e+09	5.82244e+09	6.2069e+09	5.36914e+09	6.19048e+09	6.34319e+09	5.7055e+09	6.40734e+09	5.76794e+09	5.68963e+09	5.87086e+09	5.85287e+09	5.99375e+09	5.84164e+09	4.57792e+09	5.8823e+09	5.6711e+09	7.06194e+09	6.95875e+09	6.99703e+09	6.84659e+09	6.83096e+09	6.59879e+09	6.4041e+09	5.69357e+09	5.73247e+09	6.10318e+09	5.71943e+09	5.28073e+09	5.29746e+09	5.34534e+09	5.42735e+09	6.09435e+09	6.43315e+09	6.41999e+09	6.30905e+09	6.22149e+09	6.12896e+09	6.30308e+09	6.36467e+09	5.97205e+09	4.46158e+09	4.51677e+09	5.10037e+09	5.1794e+09	4.53591e+09	4.88761e+09	6.66746e+09	6.68905e+09	5.94628e+09	5.88459e+09	6.69587e+09	4.25943e+09	5.41726e+09	5.043e+09	5.08885e+09	5.68731e+09	5.79477e+09	5.69961e+09	5.86027e+09	5.84658e+09	5.8822e+09	6.33185e+09	5.81181e+09	6.27651e+09	6.57294e+09	6.03411e+09	6.72451e+09	6.70565e+09	5.98832e+09	6.69802e+09
ERR605643	6.39336e+09	5.99459e+09	6.35574e+09	6.31622e+09	6.40656e+09	6.40421e+09	6.44839e+09	5.87659e+09	5.94102e+09	5.954e+09	6.39735e+09	6.05983e+09	5.84712e+09	5.81682e+09	5.40796e+09	6.07442e+09	6.09264e+09	6.10519e+09	5.18992e+09	5.13689e+09	5.63037e+09	5.46184e+09	5.07689e+09	5.32255e+09	4.94855e+09	5.05969e+09	5.43843e+09	5.78579e+09	5.02414e+09	5.76845e+09	5.90365e+09	5.33504e+09	5.96006e+09	5.39178e+09	5.31929e+09	5.48037e+09	5.46626e+09	5.59236e+09	5.45476e+09	4.30552e+09	5.49117e+09	5.30181e+09	6.55276e+09	6.46093e+09	6.49493e+09	6.3585e+09	6.34624e+09	6.13731e+09	5.95818e+09	5.31608e+09	5.35156e+09	5.68772e+09	5.33951e+09	4.94298e+09	4.95783e+09	5.00247e+09	5.07711e+09	5.68096e+09	5.98424e+09	5.97307e+09	5.87335e+09	5.79245e+09	5.70931e+09	5.86813e+09	5.92113e+09	5.57361e+09	4.17954e+09	4.22974e+09	4.75968e+09	4.83119e+09	4.24715e+09	4.56701e+09	6.19697e+09	6.21658e+09	5.54635e+09	5.49088e+09	6.22176e+09	4.01034e+09	5.07025e+09	4.73107e+09	4.77357e+09	5.3166e+09	5.41372e+09	5.32746e+09	5.4769e+09	5.46633e+09	5.49847e+09	5.89931e+09	5.43514e+09	5.8501e+09	6.1152e+09	5.63364e+09	6.25148e+09	6.23421e+09	5.59095e+09	6.22761e+09
ERR605644	6.12834e+09	5.75252e+09	6.09659e+09	6.05644e+09	6.1418e+09	6.13965e+09	6.18026e+09	5.62968e+09	5.69107e+09	5.70345e+09	6.13105e+09	5.80831e+09	5.61828e+09	5.58592e+09	5.20171e+09	5.82835e+09	5.846e+09	5.85778e+09	4.99993e+09	4.95114e+09	5.42136e+09	5.07689e+09	5.08507e+09	5.12988e+09	4.76982e+09	4.87717e+09	5.22927e+09	5.55636e+09	4.8433e+09	5.54391e+09	5.67332e+09	5.12906e+09	5.72779e+09	5.18265e+09	5.11494e+09	5.27196e+09	5.24635e+09	5.36701e+09	5.23496e+09	4.13721e+09	5.26969e+09	5.08969e+09	6.27976e+09	6.192e+09	6.22473e+09	6.09755e+09	6.08354e+09	5.88564e+09	5.72514e+09	5.11986e+09	5.15258e+09	5.46744e+09	5.14167e+09	4.76458e+09	4.77347e+09	4.81411e+09	4.88458e+09	5.45034e+09	5.74222e+09	5.73156e+09	5.63112e+09	5.55721e+09	5.47868e+09	5.62638e+09	5.68009e+09	5.33964e+09	4.03588e+09	4.08264e+09	4.59895e+09	4.66688e+09	4.10125e+09	4.41029e+09	5.93861e+09	5.95701e+09	5.32756e+09	5.27519e+09	5.96325e+09	3.87492e+09	4.87578e+09	4.55395e+09	4.593e+09	5.1082e+09	5.20009e+09	5.11928e+09	5.25162e+09	5.23798e+09	5.26871e+09	5.6561e+09	5.20757e+09	5.60932e+09	5.86411e+09	5.40501e+09	5.99291e+09	5.97742e+09	5.36583e+09	5.97095e+09
ERR605642	6.46248e+09	6.05789e+09	6.42534e+09	6.38495e+09	6.47615e+09	6.47404e+09	6.51912e+09	5.93452e+09	6.00052e+09	6.01397e+09	6.46662e+09	6.12303e+09	5.91039e+09	5.87898e+09	5.46407e+09	6.13981e+09	6.15857e+09	6.17136e+09	5.24462e+09	5.19113e+09	5.69332e+09	5.32255e+09	5.12988e+09	5.57845e+09	4.99718e+09	5.10954e+09	5.4929e+09	5.84608e+09	5.0735e+09	5.82902e+09	5.96848e+09	5.38986e+09	6.02681e+09	5.44685e+09	5.37438e+09	5.53944e+09	5.52014e+09	5.64905e+09	5.51023e+09	4.34308e+09	5.54792e+09	5.35336e+09	6.62451e+09	6.53125e+09	6.56566e+09	6.42775e+09	6.41522e+09	6.2021e+09	6.02228e+09	5.37095e+09	5.40664e+09	5.7484e+09	5.39519e+09	4.9914e+09	5.00626e+09	5.05072e+09	5.12646e+09	5.7418e+09	6.04752e+09	6.03635e+09	5.93613e+09	5.85399e+09	5.76901e+09	5.93008e+09	5.98398e+09	5.63014e+09	4.22456e+09	4.27609e+09	4.81274e+09	4.88633e+09	4.29338e+09	4.61823e+09	6.26492e+09	6.28412e+09	5.60331e+09	5.54618e+09	6.29012e+09	4.04466e+09	5.11869e+09	4.77443e+09	4.817e+09	5.36722e+09	5.46609e+09	5.37869e+09	5.53023e+09	5.51847e+09	5.55138e+09	5.96035e+09	5.48687e+09	5.90981e+09	6.17993e+09	5.68966e+09	6.31868e+09	6.30026e+09	5.64668e+09	6.29389e+09
ERR607308	6.41379e+09	6.04534e+09	6.38196e+09	6.34275e+09	6.42689e+09	6.42483e+09	6.38145e+09	5.86137e+09	5.92032e+09	5.93117e+09	6.3365e+09	6.03096e+09	5.88677e+09	5.85669e+09	5.44775e+09	6.11297e+09	6.13e+09	6.14173e+09	4.87513e+09	4.82413e+09	5.28487e+09	4.94855e+09	4.76982e+09	4.99718e+09	5.20767e+09	5.15206e+09	5.53592e+09	5.88626e+09	5.1156e+09	5.86206e+09	5.82539e+09	5.27306e+09	5.87851e+09	5.3307e+09	5.25657e+09	5.40824e+09	5.55213e+09	5.6751e+09	5.53318e+09	4.38786e+09	5.5723e+09	5.3899e+09	6.55048e+09	6.46564e+09	6.4969e+09	6.37528e+09	6.36154e+09	6.1751e+09	5.79867e+09	5.15933e+09	5.19693e+09	5.53106e+09	5.18202e+09	4.79285e+09	4.88851e+09	4.93674e+09	5.01229e+09	5.6204e+09	5.92456e+09	5.91279e+09	5.84888e+09	5.77083e+09	5.69364e+09	5.84487e+09	5.89562e+09	5.56445e+09	3.94658e+09	3.99455e+09	4.50147e+09	4.56658e+09	4.01083e+09	4.31643e+09	6.16207e+09	6.17983e+09	5.51889e+09	5.46633e+09	6.18583e+09	3.98075e+09	4.96762e+09	4.63719e+09	4.67684e+09	5.21518e+09	5.31202e+09	5.22481e+09	5.54614e+09	5.53671e+09	5.56343e+09	5.93931e+09	5.50706e+09	5.89348e+09	6.09245e+09	5.64866e+09	6.21324e+09	6.20123e+09	5.61187e+09	6.19436e+09
ERR607310	6.57002e+09	6.18945e+09	6.54068e+09	6.49612e+09	6.5838e+09	6.58164e+09	6.53956e+09	5.99334e+09	6.05518e+09	6.06616e+09	6.49294e+09	6.17192e+09	6.02842e+09	5.99413e+09	5.57282e+09	6.25809e+09	6.27676e+09	6.28897e+09	4.97857e+09	4.92703e+09	5.408e+09	5.05969e+09	4.87717e+09	5.10954e+09	5.15206e+09	5.44728e+09	5.66574e+09	6.02606e+09	5.23545e+09	6.00586e+09	5.96672e+09	5.38861e+09	6.02175e+09	5.44723e+09	5.37197e+09	5.53164e+09	5.67494e+09	5.8037e+09	5.65394e+09	4.46982e+09	5.69426e+09	5.50575e+09	6.71064e+09	6.62211e+09	6.65515e+09	6.53146e+09	6.51379e+09	6.32156e+09	5.94116e+09	5.27927e+09	5.31732e+09	5.65967e+09	5.30249e+09	4.90081e+09	4.99556e+09	5.04382e+09	5.12286e+09	5.74204e+09	6.06577e+09	6.05258e+09	5.97976e+09	5.90321e+09	5.82425e+09	5.97577e+09	6.034e+09	5.68015e+09	4.02996e+09	4.07916e+09	4.60979e+09	4.67709e+09	4.09674e+09	4.41555e+09	6.30588e+09	6.32435e+09	5.6476e+09	5.59312e+09	6.33114e+09	4.06402e+09	5.07728e+09	4.73473e+09	4.77546e+09	5.33206e+09	5.43115e+09	5.3415e+09	5.66501e+09	5.65277e+09	5.68041e+09	6.0755e+09	5.62179e+09	6.02793e+09	6.23538e+09	5.7727e+09	6.36042e+09	6.34798e+09	5.73645e+09	6.34084e+09
ERR607305	7.13691e+09	6.70916e+09	7.09648e+09	7.05388e+09	7.15138e+09	7.14899e+09	7.10311e+09	6.5097e+09	6.57832e+09	6.58964e+09	7.05128e+09	6.70137e+09	6.52087e+09	6.489e+09	6.0144e+09	6.78676e+09	6.80625e+09	6.8196e+09	5.3579e+09	5.29851e+09	5.82244e+09	5.43843e+09	5.22927e+09	5.4929e+09	5.53592e+09	5.66574e+09	6.30876e+09	6.52394e+09	5.62435e+09	6.49176e+09	6.45113e+09	5.81887e+09	6.51143e+09	5.88619e+09	5.79998e+09	5.97016e+09	6.14545e+09	6.28649e+09	6.12353e+09	4.82373e+09	6.1691e+09	5.95938e+09	7.29588e+09	7.19834e+09	7.23436e+09	7.0915e+09	7.07721e+09	6.86202e+09	6.42117e+09	5.68377e+09	5.72777e+09	6.11507e+09	5.71052e+09	5.26632e+09	5.37742e+09	5.43433e+09	5.52114e+09	6.22367e+09	6.57253e+09	6.55872e+09	6.49002e+09	6.39795e+09	6.30851e+09	6.48519e+09	6.54084e+09	6.16897e+09	4.32734e+09	4.38273e+09	4.94507e+09	5.01856e+09	4.39881e+09	4.73999e+09	6.84987e+09	6.87026e+09	6.10228e+09	6.04322e+09	6.87571e+09	4.34437e+09	5.47073e+09	5.09379e+09	5.13868e+09	5.75606e+09	5.86715e+09	5.76558e+09	6.14288e+09	6.13747e+09	6.16786e+09	6.59292e+09	6.10372e+09	6.54096e+09	6.76761e+09	6.25746e+09	6.90795e+09	6.89249e+09	6.21424e+09	6.88572e+09
ERR607307	7.66174e+09	7.18487e+09	7.6146e+09	7.5691e+09	7.67807e+09	7.6751e+09	7.62456e+09	6.97237e+09	7.04762e+09	7.06021e+09	7.56774e+09	7.18165e+09	6.9753e+09	6.94065e+09	6.41445e+09	7.27306e+09	7.29435e+09	7.31e+09	5.70141e+09	5.63573e+09	6.2069e+09	5.78579e+09	5.55636e+09	5.84608e+09	5.88626e+09	6.02606e+09	6.52394e+09	7.19094e+09	5.98149e+09	6.93829e+09	6.89807e+09	6.20434e+09	6.96399e+09	6.27741e+09	6.18321e+09	6.36732e+09	6.56434e+09	6.71934e+09	6.54185e+09	5.1274e+09	6.59053e+09	6.36025e+09	7.83842e+09	7.73047e+09	7.77056e+09	7.61063e+09	7.59621e+09	7.3559e+09	6.86837e+09	6.05944e+09	6.10803e+09	6.53321e+09	6.08903e+09	5.60469e+09	5.72332e+09	5.78675e+09	5.88057e+09	6.65513e+09	7.03519e+09	7.02032e+09	6.94945e+09	6.845e+09	6.74544e+09	6.94384e+09	7.00239e+09	6.6001e+09	4.6046e+09	4.66554e+09	5.26896e+09	5.34913e+09	4.68213e+09	5.04929e+09	7.34505e+09	7.36808e+09	6.51422e+09	6.44918e+09	7.37337e+09	4.59842e+09	5.82506e+09	5.41338e+09	5.46284e+09	6.13747e+09	6.25992e+09	6.14697e+09	6.5636e+09	6.56065e+09	6.59482e+09	7.05937e+09	6.52429e+09	7.0024e+09	7.25146e+09	6.68776e+09	7.40806e+09	7.39053e+09	6.63813e+09	7.38262e+09
ERR607309	6.52029e+09	6.14368e+09	6.49108e+09	6.44751e+09	6.53441e+09	6.53228e+09	6.49018e+09	5.95053e+09	6.01162e+09	6.02238e+09	6.44401e+09	6.12721e+09	5.98396e+09	5.9501e+09	5.53272e+09	6.21164e+09	6.22976e+09	6.2418e+09	4.9442e+09	4.8931e+09	5.36914e+09	5.02414e+09	4.8433e+09	5.0735e+09	5.1156e+09	5.23545e+09	5.62435e+09	5.98149e+09	5.37129e+09	5.96058e+09	5.92224e+09	5.34988e+09	5.9761e+09	5.40893e+09	5.33395e+09	5.49181e+09	5.63475e+09	5.7618e+09	5.61386e+09	4.44061e+09	5.65399e+09	5.46702e+09	6.65957e+09	6.5722e+09	6.60425e+09	6.48186e+09	6.46472e+09	6.27438e+09	5.89736e+09	5.24185e+09	5.27991e+09	5.61901e+09	5.26544e+09	4.86752e+09	4.96105e+09	5.00992e+09	5.08696e+09	5.70083e+09	6.021e+09	6.00772e+09	5.93566e+09	5.85997e+09	5.78206e+09	5.93188e+09	5.98903e+09	5.63947e+09	4.00342e+09	4.05184e+09	4.57759e+09	4.64413e+09	4.06923e+09	4.38526e+09	6.25905e+09	6.27772e+09	5.60708e+09	5.55303e+09	6.28436e+09	4.03804e+09	5.04231e+09	4.70329e+09	4.74367e+09	5.29452e+09	5.39301e+09	5.30403e+09	5.62481e+09	5.61348e+09	5.64089e+09	6.03125e+09	5.58253e+09	5.98417e+09	6.18979e+09	5.73181e+09	6.31332e+09	6.30056e+09	5.69603e+09	6.2938e+09
ERR607306	7.61591e+09	7.14361e+09	7.57657e+09	7.52436e+09	7.63243e+09	7.62999e+09	7.58691e+09	6.92184e+09	6.9975e+09	7.01104e+09	7.52972e+09	7.13752e+09	6.94264e+09	6.90278e+09	6.38319e+09	7.22989e+09	7.25241e+09	7.26733e+09	5.67685e+09	5.61336e+09	6.19048e+09	5.76845e+09	5.54391e+09	5.82902e+09	5.86206e+09	6.00586e+09	6.49176e+09	6.93829e+09	5.96058e+09	7.12068e+09	6.86853e+09	6.16661e+09	6.93525e+09	6.239e+09	6.14674e+09	6.33696e+09	6.51782e+09	6.67339e+09	6.49425e+09	5.08094e+09	6.54331e+09	6.31287e+09	7.78999e+09	7.68129e+09	7.72111e+09	7.56718e+09	7.54757e+09	7.30881e+09	6.84538e+09	6.04085e+09	6.08784e+09	6.50627e+09	6.07005e+09	5.58637e+09	5.69831e+09	5.75798e+09	5.85231e+09	6.61258e+09	7.0003e+09	6.98457e+09	6.90407e+09	6.80687e+09	6.70882e+09	6.89858e+09	6.96489e+09	6.54586e+09	4.59134e+09	4.65063e+09	5.26664e+09	5.34675e+09	4.6695e+09	5.04097e+09	7.29988e+09	7.32218e+09	6.48436e+09	6.41876e+09	7.33029e+09	4.58244e+09	5.79724e+09	5.38616e+09	5.43563e+09	6.10627e+09	6.22752e+09	6.1175e+09	6.51064e+09	6.50181e+09	6.53594e+09	7.01036e+09	6.46502e+09	6.95268e+09	7.20523e+09	6.6384e+09	7.36053e+09	7.3437e+09	6.59271e+09	7.33529e+09
ERR629858	7.68132e+09	7.18401e+09	7.63553e+09	7.58531e+09	7.69823e+09	7.69596e+09	7.67903e+09	6.97845e+09	7.05836e+09	7.07304e+09	7.61858e+09	7.20426e+09	6.97391e+09	6.93538e+09	6.40879e+09	7.26985e+09	7.29265e+09	7.3078e+09	5.81042e+09	5.74503e+09	6.34319e+09	5.90365e+09	5.67332e+09	5.96848e+09	5.82539e+09	5.96672e+09	6.45113e+09	6.89807e+09	5.92224e+09	6.86853e+09	7.29933e+09	6.35853e+09	7.16524e+09	6.43477e+09	6.33843e+09	6.54036e+09	6.54282e+09	6.70339e+09	6.52174e+09	5.09087e+09	6.57207e+09	6.33481e+09	7.86394e+09	7.75142e+09	7.79304e+09	7.62777e+09	7.61059e+09	7.35767e+09	6.94082e+09	6.12443e+09	6.17114e+09	6.59728e+09	6.15384e+09	5.66189e+09	5.76369e+09	5.82471e+09	5.91946e+09	6.68961e+09	7.08107e+09	7.06583e+09	6.96406e+09	6.86042e+09	6.7571e+09	6.95789e+09	7.02413e+09	6.59133e+09	4.73023e+09	4.79195e+09	5.42718e+09	5.51272e+09	4.81152e+09	5.19563e+09	7.36678e+09	7.39041e+09	6.53164e+09	6.46253e+09	7.398e+09	4.6083e+09	5.84789e+09	5.43046e+09	5.47964e+09	6.16091e+09	6.28326e+09	6.17271e+09	6.52252e+09	6.51528e+09	6.55176e+09	7.04475e+09	6.47633e+09	6.98436e+09	7.27112e+09	6.67689e+09	7.43598e+09	7.41569e+09	6.62777e+09	7.40706e+09
ERR629860	6.8643e+09	6.44595e+09	6.81449e+09	6.78255e+09	6.87706e+09	6.87551e+09	6.84188e+09	6.27819e+09	6.34437e+09	6.35609e+09	6.7913e+09	6.45572e+09	6.25662e+09	6.23383e+09	5.78161e+09	6.51851e+09	6.53575e+09	6.54868e+09	5.26929e+09	5.2094e+09	5.7055e+09	5.33504e+09	5.12906e+09	5.38986e+09	5.27306e+09	5.38861e+09	5.81887e+09	6.20434e+09	5.34988e+09	6.16661e+09	6.35853e+09	5.93744e+09	6.415e+09	5.82756e+09	5.74321e+09	5.89983e+09	5.91711e+09	6.0491e+09	5.90024e+09	4.66747e+09	5.94242e+09	5.74166e+09	7.01777e+09	6.92642e+09	6.96053e+09	6.81555e+09	6.80834e+09	6.5971e+09	6.20041e+09	5.50152e+09	5.54332e+09	5.91728e+09	5.52731e+09	5.10551e+09	5.20866e+09	5.26618e+09	5.34764e+09	6.02617e+09	6.34145e+09	6.33107e+09	6.26057e+09	6.1629e+09	6.07391e+09	6.25539e+09	6.29688e+09	5.96146e+09	4.26899e+09	4.32635e+09	4.85554e+09	4.92802e+09	4.33946e+09	4.66499e+09	6.59543e+09	6.61545e+09	5.87233e+09	5.81592e+09	6.61876e+09	4.19564e+09	5.28794e+09	4.93047e+09	4.97386e+09	5.56165e+09	5.66601e+09	5.56932e+09	5.90924e+09	5.91244e+09	5.94313e+09	6.33964e+09	5.88009e+09	6.29081e+09	6.52433e+09	6.0354e+09	6.66317e+09	6.64525e+09	5.9887e+09	6.6393e+09
ERR629856	7.76015e+09	7.25424e+09	7.71427e+09	7.66292e+09	7.77719e+09	7.77491e+09	7.75904e+09	7.04403e+09	7.12475e+09	7.14041e+09	7.69689e+09	7.27471e+09	7.04254e+09	7.00228e+09	6.4693e+09	7.34208e+09	7.36491e+09	7.38081e+09	5.86516e+09	5.79914e+09	6.40734e+09	5.96006e+09	5.72779e+09	6.02681e+09	5.87851e+09	6.02175e+09	6.51143e+09	6.96399e+09	5.9761e+09	6.93525e+09	7.16524e+09	6.415e+09	7.44244e+09	6.49202e+09	6.39449e+09	6.6005e+09	6.601e+09	6.76461e+09	6.58031e+09	5.13119e+09	6.63109e+09	6.39033e+09	7.946e+09	7.83108e+09	7.87356e+09	7.70588e+09	7.68765e+09	7.43048e+09	7.01284e+09	6.18518e+09	6.2323e+09	6.66347e+09	6.21486e+09	5.71563e+09	5.81725e+09	5.87869e+09	5.97421e+09	6.75405e+09	7.15148e+09	7.13586e+09	7.03172e+09	6.92674e+09	6.82188e+09	7.0251e+09	7.09321e+09	6.65178e+09	4.77781e+09	4.84034e+09	5.48495e+09	5.57196e+09	4.86016e+09	5.24943e+09	7.43981e+09	7.46383e+09	6.59321e+09	6.52348e+09	7.47202e+09	4.64733e+09	5.90075e+09	5.47717e+09	5.52742e+09	6.21766e+09	6.34094e+09	6.22907e+09	6.57953e+09	6.57122e+09	6.60873e+09	7.11107e+09	6.5319e+09	7.04929e+09	7.34268e+09	6.73799e+09	7.51048e+09	7.49053e+09	6.68839e+09	7.48166e+09
