	ERR636852	ERR636847	ERR636848	ERR636849	ERR636851	ERR636850	ERR629940	ERR629944	ERR629945	ERR629943	ERR629942	ERR629941	ERR636926	ERR636927	ERR636925	ERR636930	ERR636928	ERR636929	ERR605645	ERR605646	ERR605641	ERR605643	ERR605644	ERR605642	ERR607308	ERR607310	ERR607305	ERR607307	ERR607309	ERR607306	ERR629858	ERR629860	ERR629856	ERR629861	ERR629859	ERR629857	ERR608742	ERR608741	ERR608743	ERR608739	ERR608744	ERR608740	ERR607656	ERR607654	ERR607655	ERR607652	ERR607653	ERR607651	ERR612681	ERR612686	ERR612685	ERR612683	ERR612684	ERR612682	ERR638269	ERR638267	ERR638268	ERR638272	ERR638271	ERR638270	ERR611515	ERR611511	ERR611512	ERR611516	ERR611513	ERR611514	ERR617001	ERR617002	ERR616998	ERR616999	ERR617000	ERR616997	ERR616477	ERR616479	ERR616476	ERR616474	ERR616478	ERR616475	ERR622045	ERR622047	ERR622046	ERR622049	ERR622050	ERR622048	ERR629887	ERR629891	ERR629889	ERR629886	ERR629890	ERR629888	ERR629758	ERR629759	ERR629763	ERR629761	ERR629760	ERR629762
ERR636852	5.76321e+08	3.54066e+08	4.01443e+08	3.97393e+08	4.15081e+08	4.15334e+08	2.55129e+08	2.04032e+08	2.09472e+08	2.10582e+08	2.50504e+08	2.16113e+08	3.34183e+08	3.31829e+08	2.93229e+08	3.62764e+08	3.64789e+08	3.66697e+08	2.35027e+08	2.31567e+08	2.66113e+08	2.38908e+08	2.2626e+08	2.42851e+08	2.39834e+08	2.47692e+08	2.75573e+08	3.07416e+08	2.4513e+08	3.04544e+08	2.87031e+08	2.44177e+08	2.92094e+08	2.48079e+08	2.43622e+08	2.52531e+08	2.86259e+08	2.96206e+08	2.83237e+08	2.03246e+08	2.86947e+08	2.70808e+08	4.15675e+08	4.00891e+08	4.06518e+08	3.81596e+08	3.82447e+08	3.52976e+08	2.37424e+08	1.93722e+08	1.95209e+08	2.16879e+08	1.9549e+08	1.7099e+08	1.61293e+08	1.64544e+08	1.68746e+08	2.05707e+08	2.25871e+08	2.25149e+08	2.28873e+08	2.20798e+08	2.14672e+08	2.28848e+08	2.31655e+08	2.0697e+08	1.56851e+08	1.60501e+08	1.88486e+08	1.92351e+08	1.6018e+08	1.77653e+08	2.36779e+08	2.38438e+08	1.86011e+08	1.83856e+08	2.38595e+08	1.11068e+08	1.73456e+08	1.54324e+08	1.55738e+08	1.89282e+08	1.95966e+08	1.90572e+08	2.50288e+08	2.54837e+08	2.56979e+08	2.8979e+08	2.5272e+08	2.84865e+08	3.03139e+08	2.57724e+08	3.21722e+08	3.18647e+08	2.53846e+08	3.1843e+08
ERR636847	3.54066e+08	4.4373e+08	3.46059e+08	3.42192e+08	3.55394e+08	3.55406e+08	2.15822e+08	1.72213e+08	1.76826e+08	1.77875e+08	2.1185e+08	1.82812e+08	2.88004e+08	2.85639e+08	2.53097e+08	3.11918e+08	3.13634e+08	3.15436e+08	2.01677e+08	1.98672e+08	2.28761e+08	2.05379e+08	1.94795e+08	2.08727e+08	2.0703e+08	2.13942e+08	2.37506e+08	2.64491e+08	2.11736e+08	2.62524e+08	2.46987e+08	2.09978e+08	2.5144e+08	2.133e+08	2.09564e+08	2.17443e+08	2.46406e+08	2.55122e+08	2.43926e+08	1.75143e+08	2.4721e+08	2.33161e+08	3.56238e+08	3.43737e+08	3.48657e+08	3.27973e+08	3.28398e+08	3.03579e+08	2.01004e+08	1.64147e+08	1.65298e+08	1.83458e+08	1.65513e+08	1.44507e+08	1.36556e+08	1.39201e+08	1.42741e+08	1.73743e+08	1.91084e+08	1.90568e+08	1.95699e+08	1.88893e+08	1.83704e+08	1.95685e+08	1.98335e+08	1.76721e+08	1.32319e+08	1.35354e+08	1.59522e+08	1.62687e+08	1.35175e+08	1.49993e+08	2.00113e+08	2.01543e+08	1.57606e+08	1.55576e+08	2.01593e+08	9.41598e+07	1.47007e+08	1.30657e+08	1.31893e+08	1.60517e+08	1.65988e+08	1.61405e+08	2.15204e+08	2.18868e+08	2.20708e+08	2.4889e+08	2.16895e+08	2.44747e+08	2.60661e+08	2.21975e+08	2.76177e+08	2.73867e+08	2.1874e+08	2.73588e+08
ERR636848	4.01443e+08	3.46059e+08	5.5325e+08	3.88159e+08	4.03138e+08	4.0329e+08	2.48736e+08	1.98017e+08	2.0341e+08	2.04623e+08	2.44305e+08	2.10408e+08	3.26576e+08	3.23569e+08	2.86574e+08	3.53606e+08	3.55621e+08	3.57502e+08	2.28717e+08	2.25528e+08	2.60035e+08	2.33316e+08	2.21275e+08	2.37106e+08	2.34266e+08	2.42466e+08	2.68957e+08	2.99736e+08	2.39733e+08	2.97731e+08	2.8002e+08	2.37228e+08	2.8488e+08	2.41038e+08	2.36598e+08	2.45858e+08	2.78279e+08	2.88188e+08	2.75352e+08	1.96832e+08	2.79087e+08	2.63135e+08	4.04408e+08	3.89995e+08	3.95718e+08	3.72242e+08	3.72523e+08	3.43893e+08	2.31399e+08	1.88746e+08	1.90014e+08	2.1074e+08	1.90379e+08	1.66292e+08	1.56908e+08	1.59992e+08	1.64228e+08	1.99499e+08	2.19863e+08	2.19255e+08	2.23057e+08	2.15552e+08	2.09672e+08	2.23142e+08	2.2651e+08	2.01149e+08	1.51742e+08	1.55233e+08	1.83408e+08	1.87228e+08	1.55096e+08	1.72522e+08	2.30041e+08	2.31673e+08	1.81147e+08	1.78889e+08	2.31838e+08	1.08294e+08	1.69314e+08	1.50533e+08	1.51954e+08	1.84857e+08	1.91286e+08	1.86197e+08	2.43292e+08	2.47267e+08	2.49458e+08	2.82267e+08	2.45124e+08	2.77426e+08	2.95615e+08	2.51112e+08	3.13356e+08	3.1058e+08	2.47563e+08	3.10373e+08
ERR636849	3.97393e+08	3.42192e+08	3.88159e+08	5.42015e+08	3.98904e+08	3.9916e+08	2.45596e+08	1.96292e+08	2.01503e+08	2.02572e+08	2.40983e+08	2.08085e+08	3.228e+08	3.20181e+08	2.83296e+08	3.4999e+08	3.51835e+08	3.53812e+08	2.26842e+08	2.23517e+08	2.57092e+08	2.30615e+08	2.18553e+08	2.34609e+08	2.31425e+08	2.39151e+08	2.65868e+08	2.96448e+08	2.36497e+08	2.93863e+08	2.76933e+08	2.35284e+08	2.81816e+08	2.38987e+08	2.34729e+08	2.43575e+08	2.75732e+08	2.8547e+08	2.72942e+08	1.95908e+08	2.76428e+08	2.60958e+08	4.00429e+08	3.86164e+08	3.91692e+08	3.6786e+08	3.68835e+08	3.40425e+08	2.28608e+08	1.86481e+08	1.87882e+08	2.08785e+08	1.88222e+08	1.6445e+08	1.55256e+08	1.58372e+08	1.62432e+08	1.9801e+08	2.17382e+08	2.16788e+08	2.20737e+08	2.12864e+08	2.06968e+08	2.20768e+08	2.23491e+08	1.99451e+08	1.50942e+08	1.5436e+08	1.8145e+08	1.85204e+08	1.54228e+08	1.71033e+08	2.27904e+08	2.29506e+08	1.79e+08	1.76996e+08	2.29608e+08	1.06958e+08	1.66977e+08	1.48538e+08	1.49942e+08	1.82293e+08	1.88659e+08	1.83427e+08	2.41256e+08	2.4549e+08	2.47669e+08	2.79407e+08	2.43482e+08	2.74656e+08	2.92446e+08	2.48821e+08	3.10285e+08	3.07393e+08	2.44976e+08	3.07306e+08
ERR636851	4.15081e+08	3.55394e+08	4.03138e+08	3.98904e+08	5.80064e+08	4.16815e+08	2.56477e+08	2.05033e+08	2.10636e+08	2.11576e+08	2.51778e+08	2.17253e+08	3.35753e+08	3.3319e+08	2.94638e+08	3.6432e+08	3.66451e+08	3.68352e+08	2.35924e+08	2.32488e+08	2.67389e+08	2.40009e+08	2.27413e+08	2.43898e+08	2.40844e+08	2.48768e+08	2.76672e+08	3.08631e+08	2.46217e+08	3.05809e+08	2.88037e+08	2.44773e+08	2.93108e+08	2.48728e+08	2.44316e+08	2.53432e+08	2.87274e+08	2.97199e+08	2.84146e+08	2.03759e+08	2.87888e+08	2.71652e+08	4.17055e+08	4.02244e+08	4.08309e+08	3.83238e+08	3.84132e+08	3.54323e+08	2.3875e+08	1.94949e+08	1.96302e+08	2.18092e+08	1.96503e+08	1.71885e+08	1.62176e+08	1.6537e+08	1.696e+08	2.06641e+08	2.27e+08	2.26387e+08	2.29934e+08	2.21724e+08	2.15651e+08	2.29964e+08	2.32844e+08	2.07753e+08	1.57601e+08	1.61189e+08	1.89472e+08	1.93316e+08	1.61014e+08	1.78458e+08	2.3799e+08	2.39685e+08	1.8707e+08	1.84791e+08	2.39812e+08	1.11721e+08	1.74396e+08	1.55094e+08	1.56599e+08	1.90441e+08	1.97108e+08	1.91598e+08	2.51035e+08	2.55577e+08	2.57745e+08	2.90775e+08	2.53339e+08	2.85837e+08	3.04423e+08	2.58653e+08	3.22892e+08	3.19971e+08	2.54852e+08	3.1982e+08
ERR636850	4.15334e+08	3.55406e+08	4.0329e+08	3.9916e+08	4.16815e+08	5.80415e+08	2.56111e+08	2.04784e+08	2.1023e+08	2.11346e+08	2.51342e+08	2.16924e+08	3.3585e+08	3.33531e+08	2.94948e+08	3.64629e+08	3.66661e+08	3.68592e+08	2.36008e+08	2.3244e+08	2.67319e+08	2.40067e+08	2.27476e+08	2.44112e+08	2.40819e+08	2.4904e+08	2.76687e+08	3.0876e+08	2.46297e+08	3.05968e+08	2.88317e+08	2.45051e+08	2.93379e+08	2.49007e+08	2.44397e+08	2.53445e+08	2.87282e+08	2.97334e+08	2.84287e+08	2.03964e+08	2.88003e+08	2.71781e+08	4.1757e+08	4.02569e+08	4.08604e+08	3.83459e+08	3.84242e+08	3.54734e+08	2.38538e+08	1.94589e+08	1.95992e+08	2.1779e+08	1.96188e+08	1.7154e+08	1.61848e+08	1.65144e+08	1.69355e+08	2.06385e+08	2.26716e+08	2.2602e+08	2.29666e+08	2.21462e+08	2.15344e+08	2.29652e+08	2.32633e+08	2.07557e+08	1.57263e+08	1.61013e+08	1.89139e+08	1.92866e+08	1.60602e+08	1.78234e+08	2.37622e+08	2.39301e+08	1.86773e+08	1.84525e+08	2.39386e+08	1.11582e+08	1.74185e+08	1.54943e+08	1.56423e+08	1.90105e+08	1.96693e+08	1.91323e+08	2.50987e+08	2.55803e+08	2.57872e+08	2.90787e+08	2.53519e+08	2.85978e+08	3.04217e+08	2.58627e+08	3.22833e+08	3.20046e+08	2.5481e+08	3.19775e+08
ERR629940	2.55129e+08	2.15822e+08	2.48736e+08	2.45596e+08	2.56477e+08	2.56111e+08	6.00198e+08	3.56099e+08	3.65759e+08	3.66924e+08	4.33428e+08	3.77455e+08	2.11308e+08	2.08718e+08	1.83214e+08	2.29556e+08	2.31086e+08	2.32339e+08	1.80093e+08	1.7724e+08	2.05707e+08	1.84361e+08	1.74116e+08	1.87028e+08	1.64065e+08	1.70004e+08	1.89881e+08	2.12958e+08	1.6843e+08	2.11335e+08	2.03029e+08	1.69383e+08	2.06444e+08	1.71942e+08	1.68857e+08	1.76477e+08	1.78935e+08	1.86486e+08	1.77759e+08	1.24052e+08	1.79953e+08	1.68706e+08	2.70061e+08	2.59647e+08	2.63803e+08	2.46355e+08	2.46415e+08	2.25183e+08	3.54382e+08	2.91522e+08	2.93892e+08	3.25254e+08	2.93845e+08	2.57534e+08	2.47475e+08	2.51329e+08	2.57591e+08	3.11452e+08	3.41848e+08	3.4065e+08	2.85323e+08	2.76199e+08	2.6808e+08	2.84971e+08	2.8961e+08	2.5557e+08	2.27012e+08	2.3138e+08	2.72436e+08	2.78037e+08	2.31602e+08	2.56937e+08	3.65378e+08	3.67037e+08	2.89544e+08	2.85829e+08	3.67811e+08	1.75071e+08	2.62668e+08	2.34349e+08	2.36956e+08	2.86318e+08	2.95839e+08	2.874e+08	1.73557e+08	1.76134e+08	1.78178e+08	2.04372e+08	1.74374e+08	2.00482e+08	2.32983e+08	1.95373e+08	2.4799e+08	2.45417e+08	1.92991e+08	2.4524e+08
ERR629944	2.04032e+08	1.72213e+08	1.98017e+08	1.96292e+08	2.05033e+08	2.04784e+08	3.56099e+08	4.18864e+08	2.99345e+08	3.00334e+08	3.50014e+08	3.06274e+08	1.68507e+08	1.66978e+08	1.46324e+08	1.83755e+08	1.84768e+08	1.86027e+08	1.4474e+08	1.42293e+08	1.64242e+08	1.47634e+08	1.389e+08	1.49517e+08	1.30796e+08	1.35105e+08	1.51699e+08	1.7043e+08	1.33793e+08	1.68369e+08	1.61953e+08	1.36091e+08	1.64681e+08	1.38154e+08	1.35699e+08	1.41186e+08	1.43628e+08	1.49307e+08	1.42682e+08	1.00587e+08	1.44505e+08	1.35531e+08	2.16415e+08	2.08197e+08	2.11508e+08	1.96681e+08	1.97462e+08	1.80267e+08	2.86664e+08	2.36529e+08	2.38339e+08	2.64227e+08	2.38345e+08	2.09268e+08	2.0135e+08	2.04658e+08	2.09782e+08	2.54093e+08	2.7718e+08	2.76459e+08	2.29781e+08	2.21782e+08	2.15233e+08	2.29669e+08	2.32158e+08	2.07319e+08	1.85216e+08	1.88879e+08	2.20402e+08	2.24822e+08	1.88901e+08	2.08622e+08	2.97437e+08	2.99039e+08	2.35293e+08	2.32458e+08	2.99387e+08	1.42684e+08	2.12818e+08	1.90338e+08	1.92437e+08	2.31952e+08	2.39587e+08	2.3279e+08	1.39527e+08	1.42272e+08	1.43898e+08	1.63879e+08	1.4099e+08	1.60753e+08	1.8731e+08	1.57744e+08	1.99726e+08	1.97626e+08	1.55577e+08	1.97385e+08
ERR629945	2.09472e+08	1.76826e+08	2.0341e+08	2.01503e+08	2.10636e+08	2.1023e+08	3.65759e+08	2.99345e+08	4.37769e+08	3.08137e+08	3.59488e+08	3.14347e+08	1.72908e+08	1.71373e+08	1.50182e+08	1.88683e+08	1.89628e+08	1.90908e+08	1.48416e+08	1.4598e+08	1.68276e+08	1.51225e+08	1.42349e+08	1.53405e+08	1.34217e+08	1.38757e+08	1.55762e+08	1.74957e+08	1.37381e+08	1.72852e+08	1.66369e+08	1.39669e+08	1.68929e+08	1.41793e+08	1.39248e+08	1.44987e+08	1.4754e+08	1.5333e+08	1.46463e+08	1.03193e+08	1.48299e+08	1.39195e+08	2.22068e+08	2.13604e+08	2.16934e+08	2.01911e+08	2.02605e+08	1.84969e+08	2.9392e+08	2.42342e+08	2.44268e+08	2.70846e+08	2.44272e+08	2.14552e+08	2.06584e+08	2.09917e+08	2.15164e+08	2.60728e+08	2.84527e+08	2.83573e+08	2.35954e+08	2.27768e+08	2.20977e+08	2.35902e+08	2.38396e+08	2.12754e+08	1.90103e+08	1.93813e+08	2.26193e+08	2.3084e+08	1.9391e+08	2.14066e+08	3.05672e+08	3.07249e+08	2.41936e+08	2.38951e+08	3.0768e+08	1.46632e+08	2.18415e+08	1.95391e+08	1.97586e+08	2.38135e+08	2.46099e+08	2.38999e+08	1.43343e+08	1.4597e+08	1.477e+08	1.68196e+08	1.44659e+08	1.65029e+08	1.92198e+08	1.61795e+08	2.04827e+08	2.02566e+08	1.59444e+08	2.02425e+08
ERR629943	2.10582e+08	1.77875e+08	2.04623e+08	2.02572e+08	2.11576e+08	2.11346e+08	3.66924e+08	3.00334e+08	3.08137e+08	4.40541e+08	3.60603e+08	3.15482e+08	1.73764e+08	1.72379e+08	1.50972e+08	1.89655e+08	1.9074e+08	1.92077e+08	1.49223e+08	1.46842e+08	1.69233e+08	1.52029e+08	1.43067e+08	1.54119e+08	1.35073e+08	1.39502e+08	1.56556e+08	1.75763e+08	1.38126e+08	1.73828e+08	1.67184e+08	1.40388e+08	1.69908e+08	1.42451e+08	1.39949e+08	1.45601e+08	1.48271e+08	1.5415e+08	1.47252e+08	1.03689e+08	1.49185e+08	1.39888e+08	2.23421e+08	2.14701e+08	2.18103e+08	2.02986e+08	2.03838e+08	1.85927e+08	2.95126e+08	2.43544e+08	2.45347e+08	2.72082e+08	2.4526e+08	2.15451e+08	2.07358e+08	2.10768e+08	2.15995e+08	2.61769e+08	2.8557e+08	2.84821e+08	2.36952e+08	2.28571e+08	2.22008e+08	2.36773e+08	2.39341e+08	2.13613e+08	1.90745e+08	1.94502e+08	2.27121e+08	2.31745e+08	1.94571e+08	2.14937e+08	3.06715e+08	3.08025e+08	2.42553e+08	2.3968e+08	3.08586e+08	1.46953e+08	2.19124e+08	1.96078e+08	1.9811e+08	2.38872e+08	2.46802e+08	2.39738e+08	1.4399e+08	1.46689e+08	1.48452e+08	1.69149e+08	1.4527e+08	1.65958e+08	1.93168e+08	1.62524e+08	2.05933e+08	2.03614e+08	1.60361e+08	2.03513e+08
ERR629942	2.50504e+08	2.1185e+08	2.44305e+08	2.40983e+08	2.51778e+08	2.51342e+08	4.33428e+08	3.50014e+08	3.59488e+08	3.60603e+08	5.81901e+08	3.70803e+08	2.07506e+08	2.04925e+08	1.79922e+08	2.25382e+08	2.26847e+08	2.28126e+08	1.76864e+08	1.74029e+08	2.02066e+08	1.81115e+08	1.7098e+08	1.8352e+08	1.6106e+08	1.66868e+08	1.86473e+08	2.09192e+08	1.65297e+08	2.07455e+08	1.99389e+08	1.66214e+08	2.02738e+08	1.68881e+08	1.65859e+08	1.73295e+08	1.75743e+08	1.83023e+08	1.74653e+08	1.21923e+08	1.76727e+08	1.65762e+08	2.65178e+08	2.54947e+08	2.58844e+08	2.41724e+08	2.419e+08	2.21e+08	3.48456e+08	2.86633e+08	2.88722e+08	3.19618e+08	2.88861e+08	2.53247e+08	2.43112e+08	2.46878e+08	2.53092e+08	3.0582e+08	3.35852e+08	3.3468e+08	2.80228e+08	2.71235e+08	2.63481e+08	2.79891e+08	2.84533e+08	2.51194e+08	2.23046e+08	2.2723e+08	2.67546e+08	2.73121e+08	2.27543e+08	2.52155e+08	3.5891e+08	3.60723e+08	2.84452e+08	2.80862e+08	3.6155e+08	1.72079e+08	2.58024e+08	2.30432e+08	2.32826e+08	2.81141e+08	2.90657e+08	2.82549e+08	1.70346e+08	1.72954e+08	1.75001e+08	2.00715e+08	1.71329e+08	1.96893e+08	2.28829e+08	1.92031e+08	2.43535e+08	2.41037e+08	1.89528e+08	2.4082e+08
ERR629941	2.16113e+08	1.82812e+08	2.10408e+08	2.08085e+08	2.17253e+08	2.16924e+08	3.77455e+08	3.06274e+08	3.14347e+08	3.15482e+08	3.70803e+08	4.58628e+08	1.78847e+08	1.76839e+08	1.55156e+08	1.94458e+08	1.95778e+08	1.96957e+08	1.53188e+08	1.50553e+08	1.74386e+08	1.56363e+08	1.47585e+08	1.58718e+08	1.38924e+08	1.43673e+08	1.61044e+08	1.80625e+08	1.42371e+08	1.7892e+08	1.71936e+08	1.43871e+08	1.74692e+08	1.45906e+08	1.43335e+08	1.49698e+08	1.51804e+08	1.58052e+08	1.50849e+08	1.05737e+08	1.52713e+08	1.43228e+08	2.29043e+08	2.20164e+08	2.23569e+08	2.08446e+08	2.08889e+08	1.90967e+08	3.0277e+08	2.49532e+08	2.51466e+08	2.7858e+08	2.51482e+08	2.20651e+08	2.12442e+08	2.15696e+08	2.21203e+08	2.67514e+08	2.92562e+08	2.91709e+08	2.43055e+08	2.35018e+08	2.282e+08	2.42997e+08	2.46211e+08	2.18528e+08	1.94892e+08	1.98745e+08	2.32888e+08	2.3758e+08	1.98821e+08	2.19991e+08	3.13771e+08	3.15198e+08	2.48532e+08	2.45422e+08	3.15666e+08	1.50568e+08	2.24919e+08	2.01044e+08	2.03229e+08	2.45237e+08	2.5318e+08	2.46084e+08	1.47541e+08	1.49952e+08	1.51685e+08	1.73462e+08	1.48449e+08	1.70226e+08	1.98054e+08	1.66452e+08	2.10875e+08	2.08759e+08	1.64244e+08	2.08543e+08
ERR636926	3.34183e+08	2.88004e+08	3.26576e+08	3.228e+08	3.35753e+08	3.3585e+08	2.11308e+08	1.68507e+08	1.72908e+08	1.73764e+08	2.07506e+08	1.78847e+08	4.35504e+08	2.96111e+08	2.62568e+08	3.22517e+08	3.24275e+08	3.2596e+08	1.98412e+08	1.9552e+08	2.25434e+08	2.02169e+08	1.91954e+08	2.05456e+08	2.03664e+08	2.10719e+08	2.33465e+08	2.59873e+08	2.08371e+08	2.58092e+08	2.37779e+08	2.01479e+08	2.42014e+08	2.04663e+08	2.00943e+08	2.08871e+08	2.41831e+08	2.50392e+08	2.39339e+08	1.7146e+08	2.42499e+08	2.28816e+08	3.54926e+08	3.42434e+08	3.47364e+08	3.27033e+08	3.27047e+08	3.02468e+08	1.96755e+08	1.60586e+08	1.61706e+08	1.79339e+08	1.61995e+08	1.41556e+08	1.33248e+08	1.3583e+08	1.39341e+08	1.69356e+08	1.86648e+08	1.85885e+08	1.90836e+08	1.84429e+08	1.79437e+08	1.9102e+08	1.93796e+08	1.72108e+08	1.2926e+08	1.32145e+08	1.56349e+08	1.59528e+08	1.32014e+08	1.46875e+08	1.94883e+08	1.96249e+08	1.53615e+08	1.51755e+08	1.96355e+08	9.20614e+07	1.44091e+08	1.28113e+08	1.29252e+08	1.57254e+08	1.62671e+08	1.58157e+08	2.10799e+08	2.14328e+08	2.16249e+08	2.44478e+08	2.12625e+08	2.40338e+08	2.56205e+08	2.17894e+08	2.7151e+08	2.69209e+08	2.14786e+08	2.69029e+08
ERR636927	3.31829e+08	2.85639e+08	3.23569e+08	3.20181e+08	3.3319e+08	3.33531e+08	2.08718e+08	1.66978e+08	1.71373e+08	1.72379e+08	2.04925e+08	1.76839e+08	2.96111e+08	4.28422e+08	2.60318e+08	3.20087e+08	3.21653e+08	3.23396e+08	1.9698e+08	1.94096e+08	2.23128e+08	2.00389e+08	1.89949e+08	2.03749e+08	2.01489e+08	2.0826e+08	2.31302e+08	2.57601e+08	2.06047e+08	2.55423e+08	2.3564e+08	2.00323e+08	2.39742e+08	2.03486e+08	1.99872e+08	2.07308e+08	2.40362e+08	2.48594e+08	2.37877e+08	1.71118e+08	2.41017e+08	2.27538e+08	3.52204e+08	3.39949e+08	3.44797e+08	3.24065e+08	3.24737e+08	3.00069e+08	1.94499e+08	1.58957e+08	1.59976e+08	1.77639e+08	1.60288e+08	1.40069e+08	1.32035e+08	1.34678e+08	1.3811e+08	1.68271e+08	1.84711e+08	1.84164e+08	1.89594e+08	1.82914e+08	1.77958e+08	1.89633e+08	1.92028e+08	1.71509e+08	1.28624e+08	1.31531e+08	1.54826e+08	1.57996e+08	1.31335e+08	1.45761e+08	1.93384e+08	1.94527e+08	1.52074e+08	1.50194e+08	1.94593e+08	9.09766e+07	1.42271e+08	1.2658e+08	1.27646e+08	1.55227e+08	1.60537e+08	1.56246e+08	2.09582e+08	2.13352e+08	2.15105e+08	2.42656e+08	2.11663e+08	2.38435e+08	2.54254e+08	2.16687e+08	2.69567e+08	2.67235e+08	2.13436e+08	2.66989e+08
ERR636925	2.93229e+08	2.53097e+08	2.86574e+08	2.83296e+08	2.94638e+08	2.94948e+08	1.83214e+08	1.46324e+08	1.50182e+08	1.50972e+08	1.79922e+08	1.55156e+08	2.62568e+08	2.60318e+08	3.48748e+08	2.83197e+08	2.84877e+08	2.86357e+08	1.74031e+08	1.71514e+08	1.97359e+08	1.7726e+08	1.68298e+08	1.80156e+08	1.79131e+08	1.85255e+08	2.05398e+08	2.28497e+08	1.83276e+08	2.26603e+08	2.08659e+08	1.77326e+08	2.12257e+08	1.80084e+08	1.76877e+08	1.83476e+08	2.13238e+08	2.20462e+08	2.10924e+08	1.51825e+08	2.13683e+08	2.01883e+08	3.11235e+08	3.00579e+08	3.0482e+08	2.86754e+08	2.87275e+08	2.65755e+08	1.70909e+08	1.39575e+08	1.40494e+08	1.55822e+08	1.40696e+08	1.23003e+08	1.15752e+08	1.18084e+08	1.21051e+08	1.47222e+08	1.62025e+08	1.61495e+08	1.66282e+08	1.60482e+08	1.56236e+08	1.6645e+08	1.68555e+08	1.50147e+08	1.12541e+08	1.15126e+08	1.35902e+08	1.38577e+08	1.14991e+08	1.2781e+08	1.69448e+08	1.70682e+08	1.33594e+08	1.31924e+08	1.70807e+08	8.00284e+07	1.25039e+08	1.11258e+08	1.12285e+08	1.36485e+08	1.412e+08	1.3728e+08	1.85487e+08	1.88565e+08	1.90144e+08	2.14683e+08	1.87134e+08	2.10889e+08	2.24701e+08	1.91495e+08	2.38082e+08	2.36084e+08	1.88681e+08	2.35985e+08
ERR636930	3.62764e+08	3.11918e+08	3.53606e+08	3.4999e+08	3.6432e+08	3.64629e+08	2.29556e+08	1.83755e+08	1.88683e+08	1.89655e+08	2.25382e+08	1.94458e+08	3.22517e+08	3.20087e+08	2.83197e+08	4.99443e+08	3.52585e+08	3.54629e+08	2.15259e+08	2.1204e+08	2.43779e+08	2.18864e+08	2.07423e+08	2.22498e+08	2.19683e+08	2.27004e+08	2.52456e+08	2.81312e+08	2.24525e+08	2.78737e+08	2.57381e+08	2.18796e+08	2.6182e+08	2.2224e+08	2.18278e+08	2.26236e+08	2.62344e+08	2.71547e+08	2.59672e+08	1.86863e+08	2.63197e+08	2.48418e+08	3.85596e+08	3.71987e+08	3.77421e+08	3.54405e+08	3.55067e+08	3.28005e+08	2.13854e+08	1.74609e+08	1.75771e+08	1.95324e+08	1.76039e+08	1.54127e+08	1.45038e+08	1.47996e+08	1.51744e+08	1.84957e+08	2.03004e+08	2.02351e+08	2.07934e+08	2.00464e+08	1.95053e+08	2.07984e+08	2.10338e+08	1.88114e+08	1.41352e+08	1.44608e+08	1.70172e+08	1.7344e+08	1.44491e+08	1.60249e+08	2.12679e+08	2.13939e+08	1.67167e+08	1.65254e+08	2.14031e+08	1.00122e+08	1.56228e+08	1.39153e+08	1.40444e+08	1.70603e+08	1.76492e+08	1.71586e+08	2.29177e+08	2.33211e+08	2.35333e+08	2.65207e+08	2.31456e+08	2.60752e+08	2.78096e+08	2.36869e+08	2.9493e+08	2.92454e+08	2.33276e+08	2.92124e+08
ERR636928	3.64789e+08	3.13634e+08	3.55621e+08	3.51835e+08	3.66451e+08	3.66661e+08	2.31086e+08	1.84768e+08	1.89628e+08	1.9074e+08	2.26847e+08	1.95778e+08	3.24275e+08	3.21653e+08	2.84877e+08	3.52585e+08	5.04091e+08	3.56409e+08	2.16733e+08	2.13358e+08	2.45455e+08	2.20219e+08	2.08804e+08	2.23786e+08	2.20982e+08	2.28586e+08	2.53896e+08	2.83047e+08	2.26063e+08	2.80485e+08	2.59068e+08	2.1999e+08	2.63474e+08	2.23548e+08	2.19524e+08	2.27647e+08	2.63821e+08	2.73034e+08	2.61142e+08	1.87478e+08	2.64504e+08	2.49623e+08	3.87769e+08	3.74063e+08	3.79552e+08	3.56483e+08	3.57048e+08	3.29784e+08	2.15081e+08	1.75837e+08	1.76961e+08	1.96555e+08	1.77237e+08	1.54947e+08	1.45886e+08	1.4889e+08	1.52639e+08	1.85905e+08	2.04412e+08	2.03745e+08	2.08993e+08	2.01635e+08	1.96034e+08	2.09082e+08	2.11649e+08	1.89014e+08	1.42147e+08	1.45379e+08	1.71108e+08	1.74545e+08	1.45186e+08	1.61225e+08	2.13852e+08	2.15449e+08	1.68285e+08	1.66301e+08	2.1542e+08	1.00752e+08	1.57316e+08	1.39992e+08	1.41271e+08	1.7174e+08	1.77599e+08	1.72875e+08	2.30271e+08	2.34373e+08	2.36509e+08	2.66789e+08	2.32524e+08	2.62081e+08	2.7993e+08	2.38279e+08	2.97063e+08	2.94478e+08	2.34797e+08	2.94208e+08
ERR636929	3.66697e+08	3.15436e+08	3.57502e+08	3.53812e+08	3.68352e+08	3.68592e+08	2.32339e+08	1.86027e+08	1.90908e+08	1.92077e+08	2.28126e+08	1.96957e+08	3.2596e+08	3.23396e+08	2.86357e+08	3.54629e+08	3.56409e+08	5.08821e+08	2.17811e+08	2.14456e+08	2.46563e+08	2.21407e+08	2.09756e+08	2.24945e+08	2.22284e+08	2.29709e+08	2.55297e+08	2.84555e+08	2.27377e+08	2.82014e+08	2.60262e+08	2.20933e+08	2.64733e+08	2.24434e+08	2.20464e+08	2.28643e+08	2.65112e+08	2.74137e+08	2.62355e+08	1.8849e+08	2.65808e+08	2.50837e+08	3.89728e+08	3.7611e+08	3.81539e+08	3.58178e+08	3.58906e+08	3.31295e+08	2.16472e+08	1.76761e+08	1.78038e+08	1.97733e+08	1.78238e+08	1.55949e+08	1.46858e+08	1.49867e+08	1.53636e+08	1.87054e+08	2.05575e+08	2.04918e+08	2.10296e+08	2.02756e+08	1.97264e+08	2.10393e+08	2.12861e+08	1.90104e+08	1.43068e+08	1.46402e+08	1.7215e+08	1.75679e+08	1.46168e+08	1.62185e+08	2.15309e+08	2.16782e+08	1.69321e+08	1.67374e+08	2.16816e+08	1.01396e+08	1.58309e+08	1.40851e+08	1.42071e+08	1.72791e+08	1.7861e+08	1.73822e+08	2.31609e+08	2.35756e+08	2.37902e+08	2.682e+08	2.33992e+08	2.63566e+08	2.81315e+08	2.39508e+08	2.98511e+08	2.96033e+08	2.35967e+08	2.95606e+08
ERR605645	2.35027e+08	2.01677e+08	2.28717e+08	2.26842e+08	2.35924e+08	2.36008e+08	1.80093e+08	1.4474e+08	1.48416e+08	1.49223e+08	1.76864e+08	1.53188e+08	1.98412e+08	1.9698e+08	1.74031e+08	2.15259e+08	2.16733e+08	2.17811e+08	3.62825e+08	2.5067e+08	2.80627e+08	2.5585e+08	2.4402e+08	2.58971e+08	1.49576e+08	1.54479e+08	1.72522e+08	1.92729e+08	1.52865e+08	1.9079e+08	1.93786e+08	1.65443e+08	1.96922e+08	1.67864e+08	1.64958e+08	1.70831e+08	1.72339e+08	1.78283e+08	1.71197e+08	1.22618e+08	1.73302e+08	1.63018e+08	2.57014e+08	2.47884e+08	2.51469e+08	2.35951e+08	2.36616e+08	2.18293e+08	1.94478e+08	1.62618e+08	1.63936e+08	1.79926e+08	1.63754e+08	1.4598e+08	1.14632e+08	1.1684e+08	1.19668e+08	1.45921e+08	1.59183e+08	1.58854e+08	1.61374e+08	1.55691e+08	1.5108e+08	1.61256e+08	1.62835e+08	1.46049e+08	1.1269e+08	1.15319e+08	1.34569e+08	1.3752e+08	1.15055e+08	1.27056e+08	1.66749e+08	1.67872e+08	1.31185e+08	1.29479e+08	1.67897e+08	7.8915e+07	1.51269e+08	1.37346e+08	1.38354e+08	1.63263e+08	1.68509e+08	1.64161e+08	1.64307e+08	1.67178e+08	1.68854e+08	1.90587e+08	1.65916e+08	1.8726e+08	2.1859e+08	1.86499e+08	2.32133e+08	2.30019e+08	1.83717e+08	2.29826e+08
ERR605646	2.31567e+08	1.98672e+08	2.25528e+08	2.23517e+08	2.32488e+08	2.3244e+08	1.7724e+08	1.42293e+08	1.4598e+08	1.46842e+08	1.74029e+08	1.50553e+08	1.9552e+08	1.94096e+08	1.71514e+08	2.1204e+08	2.13358e+08	2.14456e+08	2.5067e+08	3.53114e+08	2.76349e+08	2.5199e+08	2.40429e+08	2.55123e+08	1.47422e+08	1.52204e+08	1.69919e+08	1.89721e+08	1.50675e+08	1.87964e+08	1.90857e+08	1.62819e+08	1.9397e+08	1.65338e+08	1.62398e+08	1.68222e+08	1.69774e+08	1.75581e+08	1.68448e+08	1.20631e+08	1.70593e+08	1.60517e+08	2.52883e+08	2.43906e+08	2.47284e+08	2.3228e+08	2.32657e+08	2.14804e+08	1.91724e+08	1.60403e+08	1.61685e+08	1.77458e+08	1.61463e+08	1.43917e+08	1.12723e+08	1.14909e+08	1.17608e+08	1.43419e+08	1.56552e+08	1.56211e+08	1.58845e+08	1.53295e+08	1.48852e+08	1.58856e+08	1.60488e+08	1.43632e+08	1.10713e+08	1.13264e+08	1.32367e+08	1.35381e+08	1.13045e+08	1.24862e+08	1.64061e+08	1.65111e+08	1.29153e+08	1.27473e+08	1.65137e+08	7.7668e+07	1.49326e+08	1.35554e+08	1.3648e+08	1.60965e+08	1.66187e+08	1.61916e+08	1.61641e+08	1.64444e+08	1.66214e+08	1.87777e+08	1.63079e+08	1.84265e+08	2.15062e+08	1.83478e+08	2.28337e+08	2.26266e+08	1.80717e+08	2.26019e+08
ERR605641	2.66113e+08	2.28761e+08	2.60035e+08	2.57092e+08	2.67389e+08	2.67319e+08	2.05707e+08	1.64242e+08	1.68276e+08	1.69233e+08	2.02066e+08	1.74386e+08	2.25434e+08	2.23128e+08	1.97359e+08	2.43779e+08	2.45455e+08	2.46563e+08	2.80627e+08	2.76349e+08	4.38697e+08	2.85296e+08	2.71007e+08	2.88624e+08	1.69997e+08	1.7588e+08	1.95667e+08	2.18316e+08	1.73975e+08	2.16846e+08	2.19545e+08	1.86193e+08	2.23333e+08	1.8894e+08	1.85697e+08	1.93011e+08	1.94452e+08	2.01558e+08	1.92948e+08	1.37166e+08	1.95478e+08	1.83837e+08	2.90485e+08	2.79929e+08	2.83955e+08	2.67285e+08	2.67174e+08	2.46753e+08	2.18488e+08	1.82179e+08	1.83439e+08	2.01323e+08	1.83452e+08	1.63059e+08	1.30422e+08	1.32776e+08	1.35855e+08	1.65067e+08	1.81385e+08	1.80638e+08	1.8345e+08	1.77577e+08	1.72606e+08	1.83403e+08	1.86194e+08	1.64915e+08	1.26903e+08	1.29732e+08	1.53107e+08	1.56577e+08	1.29524e+08	1.43812e+08	1.89012e+08	1.90404e+08	1.49518e+08	1.47386e+08	1.9039e+08	9.00783e+07	1.69848e+08	1.53556e+08	1.54633e+08	1.83232e+08	1.89117e+08	1.8443e+08	1.85051e+08	1.87708e+08	1.89584e+08	2.15594e+08	1.86222e+08	2.11584e+08	2.47457e+08	2.10322e+08	2.6255e+08	2.60316e+08	2.07546e+08	2.59919e+08
ERR605643	2.38908e+08	2.05379e+08	2.33316e+08	2.30615e+08	2.40009e+08	2.40067e+08	1.84361e+08	1.47634e+08	1.51225e+08	1.52029e+08	1.81115e+08	1.56363e+08	2.02169e+08	2.00389e+08	1.7726e+08	2.18864e+08	2.20219e+08	2.21407e+08	2.5585e+08	2.5199e+08	2.85296e+08	3.71407e+08	2.46983e+08	2.62901e+08	1.52847e+08	1.58116e+08	1.75971e+08	1.96299e+08	1.56393e+08	1.94845e+08	1.97408e+08	1.6767e+08	2.00688e+08	1.70263e+08	1.67229e+08	1.73568e+08	1.7483e+08	1.81098e+08	1.73329e+08	1.23633e+08	1.7559e+08	1.65317e+08	2.60802e+08	2.51367e+08	2.5508e+08	2.39902e+08	2.40175e+08	2.21651e+08	1.98322e+08	1.6581e+08	1.66893e+08	1.82961e+08	1.6677e+08	1.48467e+08	1.17082e+08	1.19191e+08	1.221e+08	1.48206e+08	1.62637e+08	1.62124e+08	1.64629e+08	1.59276e+08	1.54704e+08	1.64554e+08	1.67006e+08	1.48208e+08	1.14018e+08	1.16667e+08	1.3734e+08	1.40345e+08	1.16422e+08	1.29059e+08	1.69838e+08	1.70951e+08	1.34322e+08	1.32425e+08	1.71082e+08	8.09898e+07	1.54626e+08	1.40111e+08	1.41076e+08	1.66701e+08	1.72051e+08	1.67915e+08	1.66256e+08	1.68743e+08	1.70486e+08	1.93413e+08	1.6742e+08	1.89972e+08	2.22372e+08	1.89308e+08	2.36003e+08	2.33891e+08	1.86853e+08	2.33586e+08
ERR605644	2.2626e+08	1.94795e+08	2.21275e+08	2.18553e+08	2.27413e+08	2.27476e+08	1.74116e+08	1.389e+08	1.42349e+08	1.43067e+08	1.7098e+08	1.47585e+08	1.91954e+08	1.89949e+08	1.68298e+08	2.07423e+08	2.08804e+08	2.09756e+08	2.4402e+08	2.40429e+08	2.71007e+08	2.46983e+08	3.40609e+08	2.49772e+08	1.45187e+08	1.50277e+08	1.66846e+08	1.86049e+08	1.48815e+08	1.84979e+08	1.87043e+08	1.58676e+08	1.90162e+08	1.61078e+08	1.58193e+08	1.64486e+08	1.65474e+08	1.71579e+08	1.64094e+08	1.16739e+08	1.66188e+08	1.56344e+08	2.47094e+08	2.38253e+08	2.41678e+08	2.27505e+08	2.27403e+08	2.10081e+08	1.88222e+08	1.57389e+08	1.58586e+08	1.73608e+08	1.58515e+08	1.41127e+08	1.10397e+08	1.12486e+08	1.1511e+08	1.3946e+08	1.53397e+08	1.52888e+08	1.5542e+08	1.50464e+08	1.46301e+08	1.55328e+08	1.57884e+08	1.39431e+08	1.07163e+08	1.09425e+08	1.29591e+08	1.32368e+08	1.09478e+08	1.21581e+08	1.59922e+08	1.60979e+08	1.26608e+08	1.24897e+08	1.61149e+08	7.65108e+07	1.47257e+08	1.33531e+08	1.34358e+08	1.58708e+08	1.63805e+08	1.59831e+08	1.57296e+08	1.59408e+08	1.61034e+08	1.83093e+08	1.58126e+08	1.79785e+08	2.10947e+08	1.79364e+08	2.23554e+08	2.21742e+08	1.77173e+08	2.21503e+08
ERR605642	2.42851e+08	2.08727e+08	2.37106e+08	2.34609e+08	2.43898e+08	2.44112e+08	1.87028e+08	1.49517e+08	1.53405e+08	1.54119e+08	1.8352e+08	1.58718e+08	2.05456e+08	2.03749e+08	1.80156e+08	2.22498e+08	2.23786e+08	2.24945e+08	2.58971e+08	2.55123e+08	2.88624e+08	2.62901e+08	2.49772e+08	3.79175e+08	1.55259e+08	1.60521e+08	1.78735e+08	1.99483e+08	1.58818e+08	1.97944e+08	2.00589e+08	1.70387e+08	2.03946e+08	1.72951e+08	1.69959e+08	1.76448e+08	1.77807e+08	1.84111e+08	1.76333e+08	1.2568e+08	1.78692e+08	1.67866e+08	2.65462e+08	2.55916e+08	2.59556e+08	2.44224e+08	2.44413e+08	2.25468e+08	2.00625e+08	1.67518e+08	1.68792e+08	1.85088e+08	1.68657e+08	1.50203e+08	1.18641e+08	1.20811e+08	1.23819e+08	1.50377e+08	1.64926e+08	1.64397e+08	1.67132e+08	1.61574e+08	1.56971e+08	1.66997e+08	1.69391e+08	1.50416e+08	1.1586e+08	1.18375e+08	1.39233e+08	1.42457e+08	1.182e+08	1.31041e+08	1.72386e+08	1.73398e+08	1.36099e+08	1.34254e+08	1.73514e+08	8.20153e+07	1.56217e+08	1.41534e+08	1.42589e+08	1.68436e+08	1.73856e+08	1.69636e+08	1.6927e+08	1.71807e+08	1.73557e+08	1.96957e+08	1.70413e+08	1.93385e+08	2.26118e+08	1.92449e+08	2.39931e+08	2.37709e+08	1.89878e+08	2.37471e+08
ERR607308	2.39834e+08	2.0703e+08	2.34266e+08	2.31425e+08	2.40844e+08	2.40819e+08	1.64065e+08	1.30796e+08	1.34217e+08	1.35073e+08	1.6106e+08	1.38924e+08	2.03664e+08	2.01489e+08	1.79131e+08	2.19683e+08	2.20982e+08	2.22284e+08	1.49576e+08	1.47422e+08	1.69997e+08	1.52847e+08	1.45187e+08	1.55259e+08	2.72755e+08	1.77429e+08	1.95273e+08	2.17228e+08	1.75551e+08	2.1571e+08	1.83169e+08	1.55722e+08	1.86187e+08	1.58286e+08	1.5546e+08	1.61427e+08	1.74692e+08	1.80788e+08	1.72765e+08	1.23846e+08	1.7499e+08	1.65476e+08	2.5534e+08	2.464e+08	2.49813e+08	2.35347e+08	2.35587e+08	2.18078e+08	1.52926e+08	1.25023e+08	1.25832e+08	1.39332e+08	1.2608e+08	1.10075e+08	1.04124e+08	1.06001e+08	1.08707e+08	1.3199e+08	1.45455e+08	1.44996e+08	1.47859e+08	1.4287e+08	1.39017e+08	1.4785e+08	1.50106e+08	1.33259e+08	9.98202e+07	1.02084e+08	1.20887e+08	1.23314e+08	1.02042e+08	1.13487e+08	1.53978e+08	1.54869e+08	1.21691e+08	1.20187e+08	1.55174e+08	7.33588e+07	1.12142e+08	9.9783e+07	1.00606e+08	1.22325e+08	1.26545e+08	1.23136e+08	1.62626e+08	1.64669e+08	1.66347e+08	1.87889e+08	1.63541e+08	1.84541e+08	1.94686e+08	1.65682e+08	2.0598e+08	2.04552e+08	1.63565e+08	2.04232e+08
ERR607310	2.47692e+08	2.13942e+08	2.42466e+08	2.39151e+08	2.48768e+08	2.4904e+08	1.70004e+08	1.35105e+08	1.38757e+08	1.39502e+08	1.66868e+08	1.43673e+08	2.10719e+08	2.0826e+08	1.85255e+08	2.27004e+08	2.28586e+08	2.29709e+08	1.54479e+08	1.52204e+08	1.7588e+08	1.58116e+08	1.50277e+08	1.60521e+08	1.77429e+08	2.88656e+08	2.02147e+08	2.2457e+08	1.8194e+08	2.23513e+08	1.89479e+08	1.60586e+08	1.92414e+08	1.63119e+08	1.60431e+08	1.66638e+08	1.80268e+08	1.86754e+08	1.78382e+08	1.27433e+08	1.80521e+08	1.70547e+08	2.63654e+08	2.54358e+08	2.58062e+08	2.43431e+08	2.4317e+08	2.25244e+08	1.58341e+08	1.29314e+08	1.30085e+08	1.43922e+08	1.30413e+08	1.13902e+08	1.07637e+08	1.09558e+08	1.12378e+08	1.36061e+08	1.50701e+08	1.50025e+08	1.52663e+08	1.47719e+08	1.43845e+08	1.52678e+08	1.55315e+08	1.37207e+08	1.02699e+08	1.04916e+08	1.24826e+08	1.27464e+08	1.05023e+08	1.17004e+08	1.59066e+08	1.59982e+08	1.25862e+08	1.24409e+08	1.6027e+08	7.59551e+07	1.16192e+08	1.03363e+08	1.04178e+08	1.26755e+08	1.3112e+08	1.27587e+08	1.675e+08	1.69583e+08	1.71168e+08	1.93926e+08	1.68313e+08	1.90537e+08	2.01147e+08	1.71145e+08	2.12926e+08	2.11365e+08	1.68788e+08	2.10973e+08
ERR607305	2.75573e+08	2.37506e+08	2.68957e+08	2.65868e+08	2.76672e+08	2.76687e+08	1.89881e+08	1.51699e+08	1.55762e+08	1.56556e+08	1.86473e+08	1.61044e+08	2.33465e+08	2.31302e+08	2.05398e+08	2.52456e+08	2.53896e+08	2.55297e+08	1.72522e+08	1.69919e+08	1.95667e+08	1.75971e+08	1.66846e+08	1.78735e+08	1.95273e+08	2.02147e+08	3.4155e+08	2.49848e+08	2.00063e+08	2.47823e+08	2.10323e+08	1.78966e+08	2.13763e+08	1.81985e+08	1.78736e+08	1.85356e+08	2.00555e+08	2.07641e+08	1.98541e+08	1.42469e+08	2.01094e+08	1.89822e+08	2.9379e+08	2.83538e+08	2.87594e+08	2.70615e+08	2.70817e+08	2.50653e+08	1.76714e+08	1.44405e+08	1.45439e+08	1.61305e+08	1.45748e+08	1.2734e+08	1.20476e+08	1.22589e+08	1.25734e+08	1.52806e+08	1.68341e+08	1.67713e+08	1.71178e+08	1.65296e+08	1.60811e+08	1.71182e+08	1.73583e+08	1.54625e+08	1.15785e+08	1.1838e+08	1.39812e+08	1.42622e+08	1.18289e+08	1.31417e+08	1.78047e+08	1.79138e+08	1.40576e+08	1.38908e+08	1.79447e+08	8.46019e+07	1.29308e+08	1.1519e+08	1.16173e+08	1.41209e+08	1.46129e+08	1.42082e+08	1.8695e+08	1.896e+08	1.91589e+08	2.16071e+08	1.88349e+08	2.12347e+08	2.24389e+08	1.91099e+08	2.37583e+08	2.35648e+08	1.88375e+08	2.35602e+08
ERR607307	3.07416e+08	2.64491e+08	2.99736e+08	2.96448e+08	3.08631e+08	3.0876e+08	2.12958e+08	1.7043e+08	1.74957e+08	1.75763e+08	2.09192e+08	1.80625e+08	2.59873e+08	2.57601e+08	2.28497e+08	2.81312e+08	2.83047e+08	2.84555e+08	1.92729e+08	1.89721e+08	2.18316e+08	1.96299e+08	1.86049e+08	1.99483e+08	2.17228e+08	2.2457e+08	2.49848e+08	4.10074e+08	2.22374e+08	2.761e+08	2.34886e+08	1.99854e+08	2.38595e+08	2.03124e+08	1.99564e+08	2.06777e+08	2.23315e+08	2.31145e+08	2.21192e+08	1.58749e+08	2.23891e+08	2.1153e+08	3.27913e+08	3.16248e+08	3.20857e+08	3.01895e+08	3.02272e+08	2.79512e+08	1.98192e+08	1.61991e+08	1.63164e+08	1.80951e+08	1.63433e+08	1.42878e+08	1.3493e+08	1.37559e+08	1.40955e+08	1.71587e+08	1.88668e+08	1.88074e+08	1.91784e+08	1.85025e+08	1.80089e+08	1.91938e+08	1.94363e+08	1.73458e+08	1.30084e+08	1.32917e+08	1.5671e+08	1.59947e+08	1.32859e+08	1.47445e+08	1.99516e+08	2.00859e+08	1.5733e+08	1.5555e+08	2.01059e+08	9.45183e+07	1.45046e+08	1.29161e+08	1.30312e+08	1.58345e+08	1.63749e+08	1.59218e+08	2.08343e+08	2.11431e+08	2.13717e+08	2.4096e+08	2.1008e+08	2.36805e+08	2.50295e+08	2.13132e+08	2.65286e+08	2.63048e+08	2.10136e+08	2.62814e+08
ERR607309	2.4513e+08	2.11736e+08	2.39733e+08	2.36497e+08	2.46217e+08	2.46297e+08	1.6843e+08	1.33793e+08	1.37381e+08	1.38126e+08	1.65297e+08	1.42371e+08	2.08371e+08	2.06047e+08	1.83276e+08	2.24525e+08	2.26063e+08	2.27377e+08	1.52865e+08	1.50675e+08	1.73975e+08	1.56393e+08	1.48815e+08	1.58818e+08	1.75551e+08	1.8194e+08	2.00063e+08	2.22374e+08	2.83782e+08	2.21108e+08	1.87417e+08	1.58937e+08	1.90521e+08	1.61488e+08	1.58705e+08	1.64798e+08	1.78352e+08	1.84678e+08	1.76347e+08	1.26146e+08	1.78648e+08	1.68725e+08	2.60805e+08	2.51797e+08	2.55377e+08	2.4075e+08	2.40724e+08	2.22922e+08	1.56774e+08	1.28079e+08	1.28836e+08	1.42637e+08	1.29216e+08	1.12891e+08	1.06544e+08	1.08513e+08	1.11158e+08	1.34665e+08	1.49133e+08	1.484e+08	1.51105e+08	1.46077e+08	1.42414e+08	1.50991e+08	1.53738e+08	1.35712e+08	1.01766e+08	1.03999e+08	1.23741e+08	1.26218e+08	1.04014e+08	1.15829e+08	1.57482e+08	1.58608e+08	1.2466e+08	1.23181e+08	1.58861e+08	7.52442e+07	1.14981e+08	1.02278e+08	1.03131e+08	1.25511e+08	1.29728e+08	1.26306e+08	1.65891e+08	1.6786e+08	1.69595e+08	1.92044e+08	1.66723e+08	1.88588e+08	1.99166e+08	1.69374e+08	2.10786e+08	2.091e+08	1.67237e+08	2.08965e+08
ERR607306	3.04544e+08	2.62524e+08	2.97731e+08	2.93863e+08	3.05809e+08	3.05968e+08	2.11335e+08	1.68369e+08	1.72852e+08	1.73828e+08	2.07455e+08	1.7892e+08	2.58092e+08	2.55423e+08	2.26603e+08	2.78737e+08	2.80485e+08	2.82014e+08	1.9079e+08	1.87964e+08	2.16846e+08	1.94845e+08	1.84979e+08	1.97944e+08	2.1571e+08	2.23513e+08	2.47823e+08	2.761e+08	2.21108e+08	4.04417e+08	2.32877e+08	1.97475e+08	2.36586e+08	2.00753e+08	1.97312e+08	2.04771e+08	2.21031e+08	2.28856e+08	2.18835e+08	1.56353e+08	2.21656e+08	2.09163e+08	3.24586e+08	3.13056e+08	3.17586e+08	2.99261e+08	2.99177e+08	2.76824e+08	1.96297e+08	1.6044e+08	1.61492e+08	1.79019e+08	1.61863e+08	1.41445e+08	1.33563e+08	1.35944e+08	1.39473e+08	1.69321e+08	1.86808e+08	1.86196e+08	1.8979e+08	1.8346e+08	1.78579e+08	1.89834e+08	1.92722e+08	1.70879e+08	1.28006e+08	1.30913e+08	1.55217e+08	1.58221e+08	1.30904e+08	1.45668e+08	1.97437e+08	1.98533e+08	1.56018e+08	1.54206e+08	1.98986e+08	9.39161e+07	1.43966e+08	1.28122e+08	1.29186e+08	1.57116e+08	1.62463e+08	1.58048e+08	2.05765e+08	2.08652e+08	2.10689e+08	2.38441e+08	2.07139e+08	2.34302e+08	2.47903e+08	2.10819e+08	2.62664e+08	2.60503e+08	2.08048e+08	2.60108e+08
ERR629858	2.87031e+08	2.46987e+08	2.8002e+08	2.76933e+08	2.88037e+08	2.88317e+08	2.03029e+08	1.61953e+08	1.66369e+08	1.67184e+08	1.99389e+08	1.71936e+08	2.37779e+08	2.3564e+08	2.08659e+08	2.57381e+08	2.59068e+08	2.60262e+08	1.93786e+08	1.90857e+08	2.19545e+08	1.97408e+08	1.87043e+08	2.00589e+08	1.83169e+08	1.89479e+08	2.10323e+08	2.34886e+08	1.87417e+08	2.32877e+08	3.8811e+08	2.25136e+08	2.69619e+08	2.28804e+08	2.24676e+08	2.336e+08	2.10749e+08	2.18153e+08	2.08629e+08	1.48989e+08	2.11613e+08	1.99484e+08	3.05071e+08	2.94244e+08	2.98633e+08	2.80957e+08	2.81233e+08	2.60021e+08	1.88263e+08	1.53791e+08	1.54847e+08	1.71606e+08	1.55128e+08	1.35731e+08	1.29313e+08	1.31788e+08	1.34917e+08	1.64008e+08	1.80336e+08	1.79671e+08	1.84361e+08	1.7836e+08	1.73322e+08	1.8442e+08	1.86984e+08	1.66242e+08	1.24664e+08	1.27537e+08	1.50399e+08	1.53704e+08	1.27354e+08	1.41521e+08	1.87769e+08	1.88906e+08	1.48131e+08	1.46235e+08	1.8916e+08	8.87306e+07	1.37886e+08	1.22489e+08	1.23506e+08	1.50211e+08	1.5563e+08	1.51254e+08	1.94348e+08	1.97402e+08	1.99289e+08	2.25426e+08	1.95878e+08	2.21669e+08	2.43002e+08	2.06892e+08	2.57823e+08	2.55382e+08	2.04242e+08	2.55079e+08
ERR629860	2.44177e+08	2.09978e+08	2.37228e+08	2.35284e+08	2.44773e+08	2.45051e+08	1.69383e+08	1.36091e+08	1.39669e+08	1.40388e+08	1.66214e+08	1.43871e+08	2.01479e+08	2.00323e+08	1.77326e+08	2.18796e+08	2.1999e+08	2.20933e+08	1.65443e+08	1.62819e+08	1.86193e+08	1.6767e+08	1.58676e+08	1.70387e+08	1.55722e+08	1.60586e+08	1.78966e+08	1.99854e+08	1.58937e+08	1.97475e+08	2.25136e+08	2.9696e+08	2.28783e+08	1.97177e+08	1.93461e+08	1.99254e+08	1.80447e+08	1.86441e+08	1.78696e+08	1.28996e+08	1.8109e+08	1.71057e+08	2.59226e+08	2.50218e+08	2.53833e+08	2.38336e+08	2.39232e+08	2.21167e+08	1.5735e+08	1.28719e+08	1.29659e+08	1.44014e+08	1.29808e+08	1.13783e+08	1.08409e+08	1.10694e+08	1.13317e+08	1.38253e+08	1.51139e+08	1.50738e+08	1.55775e+08	1.50076e+08	1.45833e+08	1.55792e+08	1.57191e+08	1.41397e+08	1.05399e+08	1.0795e+08	1.26108e+08	1.28845e+08	1.07633e+08	1.19069e+08	1.57676e+08	1.58632e+08	1.23993e+08	1.22455e+08	1.58716e+08	7.42049e+07	1.14792e+08	1.02216e+08	1.03093e+08	1.25268e+08	1.29676e+08	1.26125e+08	1.66045e+08	1.69239e+08	1.70882e+08	1.91812e+08	1.6797e+08	1.88698e+08	2.0659e+08	1.76681e+08	2.1922e+08	2.17095e+08	1.74122e+08	2.16891e+08
ERR629856	2.92094e+08	2.5144e+08	2.8488e+08	2.81816e+08	2.93108e+08	2.93379e+08	2.06444e+08	1.64681e+08	1.68929e+08	1.69908e+08	2.02738e+08	1.74692e+08	2.42014e+08	2.39742e+08	2.12257e+08	2.6182e+08	2.63474e+08	2.64733e+08	1.96922e+08	1.9397e+08	2.23333e+08	2.00688e+08	1.90162e+08	2.03946e+08	1.86187e+08	1.92414e+08	2.13763e+08	2.38595e+08	1.90521e+08	2.36586e+08	2.69619e+08	2.28783e+08	3.99366e+08	2.32584e+08	2.28421e+08	2.37498e+08	2.1439e+08	2.22057e+08	2.12367e+08	1.51722e+08	2.1528e+08	2.0286e+08	3.1013e+08	2.9909e+08	3.03387e+08	2.85653e+08	2.85832e+08	2.64261e+08	1.91439e+08	1.5642e+08	1.57404e+08	1.74468e+08	1.57754e+08	1.37885e+08	1.31412e+08	1.34002e+08	1.37184e+08	1.66667e+08	1.83405e+08	1.82754e+08	1.87697e+08	1.81525e+08	1.76477e+08	1.87702e+08	1.90476e+08	1.69298e+08	1.26645e+08	1.29612e+08	1.52814e+08	1.56208e+08	1.29478e+08	1.43822e+08	1.9086e+08	1.92046e+08	1.50646e+08	1.48708e+08	1.92255e+08	9.0216e+07	1.40117e+08	1.24556e+08	1.2567e+08	1.52699e+08	1.58039e+08	1.53837e+08	1.97429e+08	2.0035e+08	2.02348e+08	2.28875e+08	1.99018e+08	2.25157e+08	2.47087e+08	2.10469e+08	2.62275e+08	2.59883e+08	2.07738e+08	2.5944e+08
