	ERR607419	ERR607416	ERR607415	ERR607417	ERR607418	ERR607420	ERR613232	ERR613231	ERR613229	ERR613228	ERR613230	ERR613227	ERR626533	ERR626529	ERR626531	ERR626532	ERR626530	ERR626528	ERR629698	ERR629702	ERR629700	ERR629703	ERR629701	ERR629699	ERR613247	ERR613250	ERR613248	ERR613249	ERR613246	ERR613245	ERR607762	ERR607759	ERR607761	ERR607760	ERR637124	ERR637123	ERR629867	ERR629863	ERR629866	ERR629865	ERR629862	ERR629864	ERR605689	ERR605691	ERR605693	ERR605692	ERR605690	ERR605694	ERR617119	ERR617122	ERR617124	ERR617120	ERR617123	ERR617121	ERR605600	ERR605599	ERR605602	ERR605603	ERR605604	ERR605601	ERR616937	ERR616940	ERR616939	ERR616938	ERR616942	ERR616941	ERR613204	ERR613208	ERR613203	ERR613207	ERR613206	ERR613205	ERR607591	ERR607593	ERR607596	ERR607594	ERR607592	ERR607595	ERR607851	ERR607852	ERR607853	ERR607854	ERR607849	ERR607850	ERR616502	ERR616501	ERR616499	ERR616500	ERR616498	ERR616503	ERR617567	ERR617565	ERR617570	ERR617568	ERR617566	ERR617569
ERR607419	0	0.789106	0.794177	0.792744	0.751111	0.752487	1.09558	1.09455	1.07179	1.06619	1.10026	1.05915	0.909931	0.902079	0.911818	0.909934	0.926387	0.886514	0.902791	0.900183	0.92758	0.899032	0.89814	0.92621	1.04553	1.07504	1.08248	1.07418	1.04107	1.03358	1.08749	1.04988	1.08473	1.08643	1.04898	1.0549	1.0713	1.06997	1.07245	1.06997	1.05673	1.0576	1.06939	1.07858	1.10422	1.08632	1.07537	1.09968	0.942637	0.918079	0.950445	0.931974	0.915358	0.933204	0.992737	0.986838	0.996546	0.99502	0.997459	1.00218	0.894314	0.909694	0.881064	0.892992	0.909851	0.91191	0.933403	0.975006	0.923954	0.975414	0.982433	0.940274	0.86495	0.881938	0.862686	0.863433	0.880824	0.863586	0.946114	0.927772	0.927483	0.926433	0.947524	0.943473	0.904238	0.90959	1.00108	0.936112	0.93664	0.907038	0.936996	0.891644	0.890602	0.890442	1.00798	0.890956
ERR607416	0.789106	0	0.817215	0.817019	0.787403	0.78972	1.11039	1.10911	1.08789	1.08287	1.11438	1.07713	0.93612	0.927702	0.937283	0.935949	0.948944	0.913821	0.927592	0.924457	0.950188	0.923673	0.923019	0.948228	1.06393	1.09101	1.09749	1.09015	1.05967	1.05362	1.10364	1.06786	1.10131	1.1028	1.06737	1.07244	1.08749	1.08678	1.08884	1.08677	1.07509	1.07582	1.08817	1.09633	1.11907	1.10402	1.09318	1.11504	0.962014	0.941203	0.967594	0.953586	0.93809	0.954464	1.01017	1.00472	1.01389	1.01268	1.01483	1.0191	0.917982	0.93138	0.906623	0.917588	0.931611	0.933469	0.956632	0.994947	0.948867	0.9953	1.00166	0.96342	0.89069	0.906546	0.889391	0.889693	0.904822	0.890216	0.967281	0.951056	0.950911	0.94993	0.96789	0.965269	0.928064	0.932753	1.01828	0.958245	0.958577	0.930448	0.958938	0.919463	0.916714	0.916439	1.02333	0.916525
ERR607415	0.794177	0.817215	0	0.820658	0.792571	0.794362	1.11342	1.11214	1.09104	1.08651	1.11696	1.08076	0.940136	0.932193	0.941634	0.940121	0.95221	0.918118	0.930794	0.927858	0.953179	0.926393	0.926359	0.951058	1.06735	1.09427	1.10039	1.0933	1.06376	1.05776	1.1064	1.07127	1.10406	1.10581	1.07068	1.07571	1.09012	1.09005	1.09182	1.0893	1.07849	1.07965	1.09155	1.09961	1.12182	1.10735	1.09641	1.11753	0.96495	0.944754	0.969743	0.956827	0.941805	0.957977	1.0125	1.00722	1.01641	1.01519	1.01735	1.02141	0.920134	0.933211	0.909431	0.920194	0.933649	0.935638	0.960123	0.997478	0.952751	0.997432	1.00382	0.966386	0.894673	0.909888	0.893369	0.893687	0.907498	0.893769	0.970662	0.954614	0.95435	0.953301	0.971018	0.968041	0.930947	0.935489	1.02074	0.961239	0.961271	0.933141	0.961816	0.923198	0.919485	0.919703	1.02444	0.919394
ERR607417	0.792744	0.817019	0.820658	0	0.791058	0.792953	1.11214	1.11119	1.08988	1.08495	1.11627	1.07904	0.938596	0.93073	0.94026	0.938563	0.952157	0.916843	0.930686	0.927697	0.953376	0.926567	0.926551	0.951068	1.06601	1.09305	1.09976	1.09226	1.06221	1.05579	1.10528	1.07017	1.10292	1.10462	1.0694	1.07476	1.08968	1.08873	1.09086	1.08858	1.07691	1.07776	1.08909	1.09765	1.12039	1.10515	1.09417	1.11609	0.964476	0.944245	0.970736	0.956238	0.941291	0.957402	1.01255	1.00735	1.01605	1.015	1.01742	1.02132	0.920365	0.933704	0.908872	0.920251	0.934123	0.936301	0.959406	0.997415	0.9516	0.99728	1.00375	0.965612	0.89436	0.909623	0.892575	0.892987	0.907705	0.893325	0.970262	0.954282	0.953706	0.952706	0.971168	0.967983	0.931283	0.936295	1.02107	0.961366	0.961661	0.93355	0.961707	0.921787	0.919963	0.919474	1.02632	0.919499
ERR607418	0.751111	0.787403	0.792571	0.791058	0	0.750976	1.09508	1.09436	1.07149	1.06582	1.09996	1.05895	0.90932	0.900787	0.910983	0.909575	0.92512	0.88526	0.901654	0.898627	0.926513	0.897744	0.897229	0.924964	1.04566	1.07491	1.08223	1.07403	1.04085	1.03346	1.08722	1.04958	1.08458	1.08647	1.04869	1.05459	1.07093	1.06976	1.07242	1.06976	1.0566	1.0576	1.06957	1.07898	1.10428	1.08657	1.07545	1.09983	0.941531	0.917112	0.949378	0.930849	0.914224	0.932656	0.992264	0.986121	0.995979	0.994792	0.997208	1.00165	0.891657	0.907215	0.878528	0.890457	0.907503	0.909303	0.932515	0.974424	0.923135	0.97449	0.981996	0.939738	0.863305	0.880829	0.861252	0.862062	0.879356	0.862238	0.945	0.926968	0.926313	0.925109	0.946119	0.942345	0.902663	0.908161	0.999936	0.934731	0.935322	0.90527	0.93523	0.890071	0.889039	0.888806	1.00667	0.889153
ERR607420	0.752487	0.78972	0.794362	0.792953	0.750976	0	1.09534	1.0944	1.07127	1.06588	1.09986	1.05876	0.910087	0.90134	0.911328	0.90965	0.925982	0.886042	0.902968	0.899414	0.927305	0.898561	0.898169	0.926244	1.04551	1.07474	1.08209	1.07387	1.04073	1.03324	1.08711	1.04938	1.08434	1.08608	1.04827	1.05411	1.07069	1.06942	1.07207	1.06961	1.05641	1.05718	1.06927	1.07861	1.10423	1.08625	1.07534	1.09956	0.942193	0.917869	0.949973	0.931527	0.915095	0.933078	0.992084	0.98606	0.995688	0.994622	0.996949	1.00169	0.893624	0.909132	0.880298	0.892181	0.908866	0.911289	0.932935	0.974908	0.923417	0.974766	0.982047	0.939829	0.864835	0.881954	0.862527	0.863298	0.880636	0.863625	0.945563	0.926921	0.926592	0.925695	0.946885	0.943103	0.903546	0.909285	1.00065	0.93571	0.936377	0.906694	0.936059	0.891077	0.890109	0.890104	1.00759	0.890223
ERR613232	1.09558	1.11039	1.11342	1.11214	1.09508	1.09534	0	0.844372	0.816004	0.809903	0.85074	0.805089	1.11297	1.10834	1.11329	1.11184	1.12167	1.09932	1.09648	1.09418	1.10999	1.09365	1.09352	1.11031	0.870427	0.900849	0.907833	0.900843	0.866163	0.861216	0.974014	0.945142	0.971389	0.973436	0.945077	0.948215	0.942722	0.942313	0.944314	0.941686	0.931486	0.932581	0.914941	0.920865	0.946387	0.930265	0.91861	0.941799	1.07554	1.06542	1.0785	1.07122	1.06424	1.07127	1.07322	1.07096	1.07593	1.075	1.07651	1.07815	1.09603	1.10538	1.08715	1.09489	1.10463	1.10488	1.07947	1.10572	1.0765	1.1063	1.11252	1.08461	1.08036	1.0906	1.07961	1.07983	1.09044	1.07964	1.11554	1.10433	1.10416	1.10326	1.11504	1.11312	1.09089	1.09354	1.14759	1.10892	1.11005	1.09228	1.1018	1.07548	1.07451	1.07186	1.14521	1.07278
ERR613231	1.09455	1.10911	1.11214	1.11119	1.09436	1.0944	0.844372	0	0.816166	0.810015	0.850407	0.805169	1.11201	1.10752	1.11259	1.11131	1.12055	1.09862	1.09523	1.09311	1.10931	1.09236	1.09215	1.1091	0.869087	0.899539	0.906608	0.899331	0.86506	0.860086	0.972813	0.944295	0.970726	0.972395	0.943809	0.947381	0.941517	0.941471	0.94322	0.9407	0.930806	0.931427	0.914948	0.921006	0.94624	0.930381	0.919139	0.942083	1.07567	1.06531	1.07825	1.0711	1.06406	1.07119	1.0728	1.07047	1.07548	1.07482	1.076	1.07787	1.09456	1.10403	1.08612	1.09391	1.10307	1.10367	1.07881	1.10532	1.0762	1.10594	1.11214	1.08404	1.07925	1.08955	1.07885	1.07882	1.0892	1.07886	1.11447	1.10314	1.10295	1.10228	1.11392	1.11214	1.08991	1.09248	1.14683	1.10787	1.1091	1.09116	1.10087	1.07513	1.07356	1.07115	1.14459	1.07214
ERR613229	1.07179	1.08789	1.09104	1.08988	1.07149	1.07127	0.816004	0.816166	0	0.768122	0.823695	0.76105	1.0902	1.08541	1.09077	1.08906	1.0999	1.07532	1.07244	1.07015	1.08783	1.06966	1.06915	1.08806	0.834615	0.872184	0.881044	0.87211	0.829026	0.82218	0.944144	0.911181	0.941572	0.943894	0.9107	0.914766	0.912669	0.912012	0.915272	0.911938	0.898637	0.900234	0.882089	0.889866	0.920435	0.90042	0.886931	0.915092	1.05265	1.04095	1.05632	1.04747	1.03954	1.04745	1.04995	1.04745	1.05281	1.05198	1.05339	1.05566	1.07207	1.08214	1.06223	1.07057	1.08176	1.08193	1.05531	1.08476	1.05179	1.08509	1.09234	1.06081	1.05509	1.0663	1.05468	1.05462	1.06631	1.05485	1.09322	1.08096	1.08089	1.07972	1.09302	1.09085	1.06744	1.07018	1.12969	1.08692	1.08811	1.069	1.0793	1.05064	1.04958	1.04698	1.12785	1.04799
ERR613228	1.06619	1.08287	1.08651	1.08495	1.06582	1.06588	0.809903	0.810015	0.768122	0	0.818315	0.752197	1.08479	1.07991	1.08526	1.08379	1.09529	1.06973	1.06766	1.06509	1.08302	1.06445	1.06399	1.08318	0.828342	0.867528	0.87715	0.868035	0.822232	0.815137	0.938785	0.904722	0.93632	0.938404	0.903874	0.908707	0.907485	0.906239	0.909586	0.906123	0.891878	0.893548	0.874898	0.88272	0.914	0.893518	0.880339	0.909042	1.04629	1.03422	1.0505	1.04062	1.03295	1.04095	1.04376	1.04096	1.04675	1.04565	1.04727	1.04947	1.067	1.07778	1.05684	1.0654	1.07695	1.0772	1.04921	1.07976	1.04576	1.08011	1.08765	1.05536	1.04952	1.06118	1.04911	1.04896	1.06129	1.04892	1.08851	1.07577	1.07586	1.07447	1.08828	1.08638	1.06244	1.06546	1.12551	1.0821	1.08353	1.06419	1.07385	1.04393	1.04326	1.04108	1.12373	1.04164
ERR613230	1.10026	1.11438	1.11696	1.11627	1.09996	1.09986	0.85074	0.850407	0.823695	0.818315	0	0.814141	1.11787	1.1129	1.11813	1.11667	1.12554	1.1044	1.10075	1.09888	1.11441	1.09813	1.09794	1.11421	0.878033	0.906744	0.913315	0.906321	0.87383	0.869445	0.978862	0.950867	0.977118	0.978914	0.951106	0.953892	0.947174	0.947629	0.948882	0.946551	0.937181	0.938851	0.922705	0.927483	0.951639	0.936966	0.925946	0.947011	1.0794	1.06984	1.08162	1.07521	1.06877	1.07565	1.07688	1.0749	1.07965	1.07855	1.08014	1.08173	1.09971	1.10854	1.09165	1.09912	1.10805	1.10851	1.08424	1.10997	1.08196	1.11039	1.11617	1.08932	1.085	1.09499	1.08447	1.08463	1.09448	1.08452	1.11944	1.10881	1.10893	1.10781	1.11883	1.11742	1.09535	1.09747	1.15164	1.11341	1.11421	1.09654	1.106	1.08062	1.07891	1.07642	1.14751	1.07704
ERR613227	1.05915	1.07713	1.08076	1.07904	1.05895	1.05876	0.805089	0.805169	0.76105	0.752197	0.814141	0	1.07783	1.07325	1.07838	1.0766	1.09005	1.06291	1.0611	1.05907	1.07708	1.05817	1.05765	1.07779	0.818678	0.859715	0.869969	0.859968	0.811473	0.802156	0.931829	0.89668	0.929065	0.931185	0.895099	0.900891	0.900807	0.898571	0.903009	0.899437	0.882445	0.883942	0.866512	0.875947	0.91046	0.885786	0.872651	0.904819	1.04394	1.02999	1.04918	1.03745	1.02891	1.03741	1.04176	1.03863	1.04462	1.04376	1.04522	1.04769	1.06162	1.07344	1.05103	1.05934	1.07239	1.07288	1.04357	1.07505	1.03947	1.07595	1.08331	1.05005	1.04261	1.05423	1.04189	1.04184	1.0548	1.04163	1.0827	1.06941	1.06934	1.06803	1.08283	1.08055	1.05703	1.06006	1.12068	1.07616	1.07786	1.05873	1.06872	1.03715	1.03815	1.03568	1.12139	1.03635
ERR626533	0.909931	0.93612	0.940136	0.938596	0.90932	0.910087	1.11297	1.11201	1.0902	1.08479	1.11787	1.07783	0	0.851954	0.857337	0.854853	0.880201	0.836276	0.941268	0.938849	0.961504	0.93832	0.937506	0.962194	1.06565	1.09285	1.10002	1.09216	1.06061	1.05279	1.09049	1.05848	1.08766	1.0893	1.05676	1.06289	1.09091	1.08891	1.09228	1.09017	1.07591	1.07676	1.09395	1.10316	1.12814	1.10941	1.10018	1.12417	0.992933	0.968806	1.00137	0.98266	0.967199	0.983469	1.03108	1.02566	1.0341	1.03304	1.03497	1.03962	0.938598	0.953486	0.925529	0.93624	0.95355	0.954555	0.968052	1.00609	0.958402	1.00577	1.01363	0.974963	0.91809	0.93243	0.915811	0.916439	0.932474	0.916139	0.980126	0.963482	0.963452	0.962048	0.98084	0.977493	0.944915	0.948966	1.02848	0.971604	0.972603	0.947802	0.954435	0.915616	0.917688	0.917146	1.02582	0.91796
ERR626529	0.902079	0.927702	0.932193	0.93073	0.900787	0.90134	1.10834	1.10752	1.08541	1.07991	1.1129	1.07325	0.851954	0	0.853772	0.851445	0.869532	0.825229	0.932573	0.929499	0.953577	0.929011	0.928282	0.953439	1.06054	1.08813	1.09521	1.08743	1.05527	1.04797	1.08691	1.05411	1.08424	1.08609	1.05255	1.05876	1.08599	1.08383	1.08709	1.08492	1.07115	1.07177	1.08983	1.09886	1.12403	1.10575	1.09572	1.1196	0.985744	0.961746	0.993198	0.975574	0.960188	0.976468	1.02408	1.01876	1.02793	1.02632	1.02894	1.03303	0.928912	0.943743	0.915779	0.926915	0.94322	0.944793	0.960917	0.999553	0.951945	0.998788	1.00698	0.967452	0.909571	0.9244	0.907386	0.908463	0.92422	0.908037	0.97237	0.955655	0.955741	0.954385	0.973229	0.970056	0.936598	0.940315	1.02353	0.964529	0.965558	0.939072	0.948904	0.909063	0.909972	0.909239	1.01985	0.910532
ERR626531	0.911818	0.937283	0.941634	0.94026	0.910983	0.911328	1.11329	1.11259	1.09077	1.08526	1.11813	1.07838	0.857337	0.853772	0	0.856918	0.881845	0.838171	0.942673	0.939799	0.962199	0.939346	0.938404	0.962413	1.06596	1.09312	1.10047	1.09258	1.06112	1.05326	1.09087	1.05901	1.08809	1.08984	1.05757	1.06354	1.09132	1.08924	1.09263	1.09066	1.07636	1.07713	1.09408	1.10315	1.12838	1.10946	1.10005	1.12415	0.994178	0.970033	1.0024	0.983347	0.96807	0.984577	1.03167	1.02625	1.03485	1.0335	1.03576	1.04045	0.940286	0.954588	0.926823	0.936941	0.954006	0.955409	0.969223	1.00704	0.959927	1.00643	1.01434	0.9763	0.919491	0.933566	0.917141	0.917406	0.933687	0.9179	0.980792	0.963974	0.963833	0.96271	0.981753	0.978329	0.946364	0.950538	1.03016	0.973278	0.974553	0.949241	0.955741	0.916387	0.919119	0.918434	1.02664	0.919221
ERR626532	0.909934	0.935949	0.940121	0.938563	0.909575	0.90965	1.11184	1.11131	1.08906	1.08379	1.11667	1.0766	0.854853	0.851445	0.856918	0	0.879137	0.835136	0.940057	0.937657	0.960277	0.937101	0.936149	0.961105	1.06444	1.09167	1.09898	1.09126	1.05941	1.0515	1.08955	1.05775	1.08652	1.08849	1.05594	1.06196	1.09	1.08801	1.09109	1.08922	1.07489	1.07566	1.09252	1.10212	1.12723	1.10795	1.09881	1.12291	0.992446	0.968005	1.00082	0.981893	0.966454	0.98274	1.03045	1.02483	1.03355	1.03239	1.03468	1.03896	0.938591	0.95347	0.925065	0.935936	0.953003	0.953914	0.966721	1.00504	0.957339	1.00461	1.01251	0.973555	0.917534	0.931578	0.915086	0.916101	0.931838	0.915729	0.978563	0.962336	0.962142	0.960583	0.979818	0.976589	0.944226	0.948634	1.0284	0.971208	0.971886	0.946805	0.953897	0.91484	0.916918	0.916555	1.02567	0.91775
ERR626530	0.926387	0.948944	0.95221	0.952157	0.92512	0.925982	1.12167	1.12055	1.0999	1.09529	1.12554	1.09005	0.880201	0.869532	0.881845	0.879137	0	0.854981	0.952754	0.94985	0.972094	0.948884	0.948518	0.971459	1.07729	1.10272	1.10918	1.10224	1.07291	1.06693	1.1009	1.06972	1.09848	1.10034	1.06895	1.07387	1.09996	1.09948	1.1012	1.0993	1.08815	1.08898	1.10749	1.11541	1.13746	1.12272	1.11252	1.13384	1.00369	0.982859	1.00863	0.995663	0.981009	0.996124	1.03964	1.03493	1.04347	1.04194	1.04456	1.04806	0.948267	0.960754	0.93686	0.947793	0.960765	0.961748	0.98175	1.0169	0.974732	1.01621	1.02346	0.987974	0.932253	0.945452	0.930476	0.930796	0.944282	0.930715	0.991289	0.976463	0.976404	0.975423	0.991771	0.988389	0.956193	0.959983	1.03927	0.984138	0.984355	0.958479	0.969121	0.935035	0.932477	0.932055	1.0317	0.93283
ERR626528	0.886514	0.913821	0.918118	0.916843	0.88526	0.886042	1.09932	1.09862	1.07532	1.06973	1.1044	1.06291	0.836276	0.825229	0.838171	0.835136	0.854981	0	0.919405	0.916677	0.941176	0.916154	0.914988	0.941677	1.04966	1.07858	1.0859	1.07791	1.04439	1.03658	1.07815	1.04364	1.07504	1.07665	1.04196	1.04831	1.07609	1.07416	1.07741	1.0753	1.06068	1.06149	1.07995	1.08936	1.11533	1.09591	1.08591	1.11079	0.974434	0.949048	0.982968	0.963395	0.947013	0.964386	1.01441	1.00858	1.01784	1.01644	1.01897	1.02359	0.914811	0.930944	0.901074	0.912421	0.930202	0.931879	0.94867	0.988756	0.938584	0.988763	0.997103	0.956103	0.895315	0.911011	0.893228	0.893501	0.910807	0.89382	0.960825	0.943197	0.943256	0.941657	0.961726	0.958316	0.922559	0.926883	1.01305	0.95186	0.952881	0.925772	0.936046	0.893528	0.895457	0.894488	1.01107	0.896046
ERR629698	0.902791	0.927592	0.930794	0.930686	0.901654	0.902968	1.09648	1.09523	1.07244	1.06766	1.10075	1.0611	0.941268	0.932573	0.942673	0.940057	0.952754	0.919405	0	0.800727	0.830694	0.799535	0.799575	0.829112	1.04312	1.07207	1.0788	1.07059	1.03842	1.03198	1.0851	1.04788	1.08263	1.08436	1.04762	1.05323	1.07357	1.07315	1.07477	1.07239	1.06038	1.06169	1.07991	1.08941	1.11271	1.09739	1.08557	1.10864	0.960004	0.937279	0.965636	0.951286	0.934902	0.952381	1.01793	1.01254	1.02238	1.02074	1.02326	1.02728	0.900511	0.915268	0.889359	0.901138	0.91522	0.91665	0.93498	0.975495	0.927404	0.97483	0.982091	0.942093	0.896892	0.913076	0.895586	0.896259	0.911311	0.896092	0.947277	0.929856	0.930358	0.929275	0.947504	0.944174	0.913682	0.917613	1.01021	0.946225	0.946892	0.915875	0.945522	0.905322	0.901684	0.901184	1.01178	0.90208
ERR629702	0.900183	0.924457	0.927858	0.927697	0.898627	0.899414	1.09418	1.09311	1.07015	1.06509	1.09888	1.05907	0.938849	0.929499	0.939799	0.937657	0.94985	0.916677	0.800727	0	0.828437	0.794287	0.791748	0.826906	1.04055	1.06986	1.07682	1.06845	1.03602	1.02971	1.0834	1.04566	1.08068	1.08279	1.04551	1.05092	1.07113	1.07131	1.07256	1.07033	1.05851	1.0597	1.07886	1.08801	1.11126	1.09622	1.08436	1.10734	0.95684	0.933955	0.961426	0.948215	0.931467	0.949694	1.01466	1.00913	1.01943	1.01795	1.0202	1.02415	0.897072	0.911617	0.885771	0.898001	0.91181	0.913075	0.931766	0.972414	0.924031	0.971743	0.978834	0.938562	0.892621	0.909151	0.89132	0.892125	0.907089	0.892315	0.94399	0.926986	0.92688	0.926013	0.944125	0.940586	0.909215	0.912938	1.00696	0.942453	0.943047	0.911318	0.943055	0.902674	0.898242	0.897915	1.00958	0.898247
ERR629700	0.92758	0.950188	0.953179	0.953376	0.926513	0.927305	1.10999	1.10931	1.08783	1.08302	1.11441	1.07708	0.961504	0.953577	0.962199	0.960277	0.972094	0.941176	0.830694	0.828437	0	0.827922	0.82795	0.854437	1.05945	1.08654	1.09259	1.08514	1.05469	1.04925	1.099	1.06361	1.09654	1.09833	1.06362	1.06888	1.08864	1.08847	1.0901	1.08744	1.0765	1.07757	1.09562	1.10435	1.12622	1.1119	1.10085	1.12241	0.97961	0.958436	0.984366	0.971292	0.956219	0.972968	1.0348	1.03016	1.03939	1.03769	1.04018	1.04387	0.923897	0.937652	0.913644	0.924803	0.937896	0.938568	0.955586	0.993182	0.948335	0.992998	0.999477	0.962156	0.919587	0.934622	0.919067	0.919421	0.932674	0.919262	0.966181	0.950524	0.950894	0.949864	0.96665	0.963139	0.935698	0.939424	1.02585	0.966126	0.966634	0.93785	0.965864	0.92918	0.925682	0.925167	1.02751	0.925587
ERR629703	0.899032	0.923673	0.926393	0.926567	0.897744	0.898561	1.09365	1.09236	1.06966	1.06445	1.09813	1.05817	0.93832	0.929011	0.939346	0.937101	0.948884	0.916154	0.799535	0.794287	0.827922	0	0.793251	0.825375	1.03977	1.06919	1.07568	1.06776	1.03538	1.02912	1.08303	1.04481	1.08042	1.08212	1.04501	1.04997	1.07034	1.07082	1.07193	1.06929	1.05776	1.05937	1.07848	1.08777	1.11046	1.09604	1.08371	1.10653	0.95538	0.933049	0.960109	0.947056	0.930622	0.94862	1.01324	1.00811	1.01803	1.01628	1.01894	1.02273	0.895711	0.910166	0.884732	0.896441	0.910361	0.911276	0.930909	0.971347	0.92356	0.97112	0.978015	0.938041	0.891942	0.908446	0.890971	0.891485	0.906219	0.891321	0.943047	0.925644	0.925903	0.924821	0.942948	0.939597	0.908243	0.91183	1.00678	0.94167	0.942109	0.910441	0.94227	0.901687	0.897055	0.896707	1.00819	0.89708
ERR629701	0.89814	0.923019	0.926359	0.926551	0.897229	0.898169	1.09352	1.09215	1.06915	1.06399	1.09794	1.05765	0.937506	0.928282	0.938404	0.936149	0.948518	0.914988	0.799575	0.791748	0.82795	0.793251	0	0.826224	1.03929	1.06881	1.07553	1.06741	1.03488	1.02833	1.08221	1.04466	1.07996	1.0815	1.0444	1.04979	1.07057	1.07017	1.07164	1.06933	1.05734	1.05866	1.0774	1.08678	1.11033	1.0948	1.0831	1.10608	0.95573	0.932501	0.960983	0.946968	0.930284	0.948268	1.01382	1.00854	1.01853	1.01681	1.01958	1.02344	0.895812	0.910584	0.884395	0.896732	0.910518	0.911577	0.930492	0.971208	0.922527	0.970854	0.977939	0.937416	0.891614	0.908022	0.890274	0.89095	0.905751	0.890606	0.943019	0.925518	0.925636	0.924667	0.943046	0.939832	0.908279	0.912035	1.00645	0.941639	0.941819	0.910432	0.941998	0.900788	0.896782	0.896441	1.00855	0.897108
ERR629699	0.92621	0.948228	0.951058	0.951068	0.924964	0.926244	1.11031	1.1091	1.08806	1.08318	1.11421	1.07779	0.962194	0.953439	0.962413	0.961105	0.971459	0.941677	0.829112	0.826906	0.854437	0.825375	0.826224	0	1.05975	1.08655	1.09249	1.08545	1.05554	1.05007	1.09954	1.06392	1.09693	1.09888	1.06437	1.06913	1.08853	1.08881	1.08962	1.08755	1.07738	1.07818	1.09716	1.10525	1.12662	1.11353	1.1019	1.12285	0.978149	0.95809	0.981601	0.970681	0.955434	0.97226	1.0338	1.0289	1.0384	1.03644	1.03926	1.04261	0.921746	0.934613	0.912211	0.923083	0.934984	0.935594	0.955636	0.992193	0.948838	0.991735	0.998415	0.961402	0.918288	0.933141	0.917498	0.918033	0.931104	0.918203	0.96514	0.949945	0.950078	0.94884	0.965069	0.961902	0.933867	0.93736	1.02505	0.965131	0.96527	0.935716	0.965738	0.929069	0.92466	0.924256	1.0256	0.924382
ERR613247	1.04553	1.06393	1.06735	1.06601	1.04566	1.04551	0.870427	0.869087	0.834615	0.828342	0.878033	0.818678	1.06565	1.06054	1.06596	1.06444	1.07729	1.04966	1.04312	1.04055	1.05945	1.03977	1.03929	1.05975	0	0.818527	0.829264	0.818893	0.766055	0.757452	0.921483	0.886133	0.918759	0.920692	0.884652	0.890249	0.895696	0.893647	0.897602	0.89487	0.878544	0.879744	0.902436	0.915072	0.949262	0.923162	0.909599	0.942249	1.07338	1.0545	1.07926	1.06489	1.05284	1.06513	1.07276	1.06775	1.07627	1.07499	1.07668	1.08058	1.04342	1.05516	1.03278	1.04153	1.05392	1.05437	1.05018	1.0807	1.04368	1.08037	1.08699	1.05571	1.02802	1.04012	1.02729	1.02743	1.04047	1.02745	1.06686	1.05368	1.05333	1.05232	1.06672	1.06447	1.03813	1.04131	1.10502	1.05904	1.06036	1.04	1.07367	1.04195	1.04203	1.04157	1.1249	1.04215
ERR613250	1.07504	1.09101	1.09427	1.09305	1.07491	1.07474	0.900849	0.899539	0.872184	0.867528	0.906744	0.859715	1.09285	1.08813	1.09312	1.09167	1.10272	1.07858	1.07207	1.06986	1.08654	1.06919	1.06881	1.08655	0.818527	0	0.858334	0.849807	0.813726	0.807316	0.955669	0.925743	0.953346	0.955186	0.924999	0.92883	0.930413	0.929577	0.932437	0.930191	0.916893	0.918248	0.939082	0.948927	0.977989	0.956118	0.944932	0.972073	1.09841	1.08203	1.10351	1.09102	1.08029	1.09152	1.09865	1.09437	1.10205	1.10043	1.10231	1.1055	1.07234	1.08274	1.06282	1.07094	1.08127	1.08198	1.07756	1.10404	1.07191	1.10381	1.10969	1.08241	1.05879	1.0697	1.05812	1.05857	1.06989	1.05845	1.09358	1.08141	1.08129	1.08033	1.09327	1.09131	1.06739	1.06986	1.12689	1.08604	1.08698	1.06874	1.09874	1.07101	1.07099	1.07032	1.14513	1.07112
ERR613248	1.08248	1.09749	1.10039	1.09976	1.08223	1.08209	0.907833	0.906608	0.881044	0.87715	0.913315	0.869969	1.10002	1.09521	1.10047	1.09898	1.10918	1.0859	1.0788	1.07682	1.09259	1.07568	1.07553	1.09249	0.829264	0.858334	0	0.858389	0.824831	0.819592	0.964632	0.935735	0.962465	0.964341	0.935152	0.938505	0.937971	0.937986	0.940181	0.938335	0.926632	0.92792	0.949142	0.958712	0.985873	0.965203	0.954468	0.979661	1.10446	1.08866	1.10832	1.09757	1.08709	1.09807	1.10423	1.10021	1.10758	1.10616	1.10795	1.1111	1.07895	1.08815	1.06987	1.07764	1.08735	1.08798	1.08468	1.10983	1.07951	1.10943	1.11468	1.08898	1.06603	1.07659	1.06551	1.06564	1.07679	1.06574	1.09993	1.08865	1.08851	1.08752	1.09942	1.0978	1.07322	1.07553	1.13157	1.09163	1.09223	1.07408	1.10551	1.07859	1.07796	1.07751	1.14896	1.07818
ERR613249	1.07418	1.09015	1.0933	1.09226	1.07403	1.07387	0.900843	0.899331	0.87211	0.868035	0.906321	0.859968	1.09216	1.08743	1.09258	1.09126	1.10224	1.07791	1.07059	1.06845	1.08514	1.06776	1.06741	1.08545	0.818893	0.849807	0.858389	0	0.813424	0.807451	0.956373	0.926306	0.954253	0.956416	0.925296	0.929323	0.930052	0.929619	0.932081	0.929789	0.916673	0.918464	0.939441	0.949398	0.978305	0.956228	0.944895	0.972211	1.09772	1.08125	1.10214	1.09038	1.07935	1.09085	1.09789	1.09368	1.10111	1.09943	1.10148	1.10459	1.07134	1.08126	1.06177	1.06996	1.08038	1.08084	1.07667	1.10318	1.07153	1.10291	1.1083	1.08144	1.05797	1.06857	1.05707	1.05748	1.0689	1.05731	1.09249	1.08051	1.08056	1.07946	1.09231	1.09034	1.06612	1.06863	1.12601	1.08486	1.08579	1.06703	1.09808	1.07027	1.06994	1.06961	1.14405	1.07004
ERR613246	1.04107	1.05967	1.06376	1.06221	1.04085	1.04073	0.866163	0.86506	0.829026	0.822232	0.87383	0.811473	1.06061	1.05527	1.06112	1.05941	1.07291	1.04439	1.03842	1.03602	1.05469	1.03538	1.03488	1.05554	0.766055	0.813726	0.824831	0.813424	0	0.749119	0.915818	0.87968	0.913228	0.915064	0.878582	0.884017	0.889268	0.887731	0.891615	0.888319	0.871145	0.872498	0.896478	0.909289	0.945415	0.917461	0.90406	0.938201	1.0696	1.05031	1.07617	1.06082	1.04842	1.06118	1.06877	1.0637	1.07222	1.07075	1.07263	1.07678	1.03955	1.05128	1.02818	1.03719	1.05016	1.05073	1.04566	1.07692	1.03887	1.07658	1.08362	1.05143	1.0234	1.03543	1.0223	1.02229	1.03598	1.0226	1.06243	1.04876	1.04844	1.04727	1.06255	1.0602	1.03433	1.03729	1.10168	1.05528	1.05667	1.03576	1.06905	1.03659	1.03757	1.03676	1.12237	1.0375
ERR613245	1.03358	1.05362	1.05776	1.05579	1.03346	1.03324	0.861216	0.860086	0.82218	0.815137	0.869445	0.802156	1.05279	1.04797	1.05326	1.0515	1.06693	1.03658	1.03198	1.02971	1.04925	1.02912	1.02833	1.05007	0.757452	0.807316	0.819592	0.807451	0.749119	0	0.908759	0.871981	0.906128	0.90809	0.869377	0.876097	0.883541	0.880377	0.886049	0.882751	0.862051	0.863761	0.885467	0.899856	0.938728	0.907245	0.89425	0.931339	1.0644	1.04311	1.07184	1.05413	1.04138	1.05453	1.06468	1.05959	1.06804	1.06683	1.06873	1.07284	1.03359	1.04676	1.0217	1.03038	1.04532	1.04589	1.03867	1.07119	1.03094	1.07104	1.0786	1.04483	1.01559	1.02832	1.01428	1.01483	1.02946	1.01479	1.05638	1.04185	1.04143	1.04033	1.05691	1.05418	1.02829	1.03171	1.09693	1.04935	1.05082	1.03033	1.06233	1.0276	1.03034	1.02976	1.11892	1.03057
ERR607762	1.08749	1.10364	1.1064	1.10528	1.08722	1.08711	0.974014	0.972813	0.944144	0.938785	0.978862	0.931829	1.09049	1.08691	1.09087	1.08955	1.1009	1.07815	1.0851	1.0834	1.099	1.08303	1.08221	1.09954	0.921483	0.955669	0.964632	0.956373	0.915818	0.908759	0	0.789593	0.812214	0.814263	0.788937	0.792224	0.928307	0.928727	0.930141	0.927541	0.913743	0.915023	0.951087	0.962105	0.990323	0.969746	0.957166	0.984283	1.118	1.10178	1.12246	1.11034	1.10006	1.1108	1.1014	1.09689	1.10499	1.10351	1.10522	1.10807	1.08842	1.09791	1.07945	1.087	1.09694	1.09787	1.10049	1.12723	1.09498	1.12655	1.13297	1.10537	1.0713	1.08133	1.07046	1.07052	1.08184	1.07079	1.10683	1.09511	1.09491	1.09404	1.10679	1.10465	1.08523	1.08738	1.14342	1.10315	1.10418	1.08627	1.09868	1.07371	1.07446	1.0742	1.14654	1.07494
ERR607759	1.04988	1.06786	1.07127	1.07017	1.04958	1.04938	0.945142	0.944295	0.911181	0.904722	0.950867	0.89668	1.05848	1.05411	1.05901	1.05775	1.06972	1.04364	1.04788	1.04566	1.06361	1.04481	1.04466	1.06392	0.886133	0.925743	0.935735	0.926306	0.87968	0.871981	0.789593	0	0.786129	0.788888	0.740777	0.746142	0.894042	0.894864	0.896008	0.893446	0.877873	0.879256	0.917152	0.929572	0.961798	0.939592	0.92398	0.955511	1.0836	1.06586	1.08801	1.07584	1.06415	1.07669	1.07429	1.0696	1.07844	1.07671	1.07909	1.0822	1.04951	1.06093	1.0404	1.04914	1.05998	1.06079	1.06655	1.09641	1.06056	1.09556	1.1025	1.07188	1.03186	1.04352	1.03118	1.03146	1.04388	1.03139	1.0734	1.06	1.0599	1.05881	1.07291	1.07061	1.04711	1.04998	1.11507	1.0689	1.06972	1.04874	1.06796	1.03936	1.03859	1.03812	1.12019	1.03884
ERR607761	1.08473	1.10131	1.10406	1.10292	1.08458	1.08434	0.971389	0.970726	0.941572	0.93632	0.977118	0.929065	1.08766	1.08424	1.08809	1.08652	1.09848	1.07504	1.08263	1.08068	1.09654	1.08042	1.07996	1.09693	0.918759	0.953346	0.962465	0.954253	0.913228	0.906128	0.812214	0.786129	0	0.811779	0.785112	0.788733	0.926066	0.926563	0.927556	0.925318	0.911732	0.912374	0.948031	0.959521	0.988078	0.967187	0.954245	0.982156	1.11532	1.09905	1.12006	1.10773	1.09732	1.10816	1.09927	1.09466	1.10293	1.10148	1.10329	1.10621	1.08528	1.09519	1.07662	1.08421	1.0945	1.09496	1.09779	1.12483	1.09231	1.12403	1.1302	1.1026	1.0683	1.07879	1.06755	1.06778	1.07923	1.068	1.10466	1.09279	1.09283	1.09183	1.10439	1.10224	1.08219	1.08489	1.14136	1.10089	1.10177	1.08338	1.09597	1.07087	1.07164	1.07135	1.14447	1.07214
ERR607760	1.08643	1.1028	1.10581	1.10462	1.08647	1.08608	0.973436	0.972395	0.943894	0.938404	0.978914	0.931185	1.0893	1.08609	1.08984	1.08849	1.10034	1.07665	1.08436	1.08279	1.09833	1.08212	1.0815	1.09888	0.920692	0.955186	0.964341	0.956416	0.915064	0.90809	0.814263	0.788888	0.811779	0	0.787727	0.791183	0.927971	0.927993	0.929546	0.927176	0.912922	0.914234	0.949869	0.961251	0.989947	0.968873	0.956314	0.984145	1.11724	1.1008	1.12223	1.10943	1.09916	1.10999	1.10064	1.09616	1.10402	1.10269	1.10455	1.10756	1.08754	1.09776	1.07871	1.08629	1.09675	1.09728	1.09957	1.12618	1.0936	1.12569	1.13176	1.10437	1.07025	1.08076	1.06947	1.06964	1.08126	1.06973	1.10586	1.09455	1.09425	1.09311	1.10602	1.10378	1.08443	1.08688	1.14281	1.10271	1.10331	1.08572	1.09776	1.07262	1.07362	1.07346	1.14592	1.07405
ERR637124	1.04898	1.06737	1.07068	1.0694	1.04869	1.04827	0.945077	0.943809	0.9107	0.903874	0.951106	0.895099	1.05676	1.05255	1.05757	1.05594	1.06895	1.04196	1.04762	1.04551	1.06362	1.04501	1.0444	1.06437	0.884652	0.924999	0.935152	0.925296	0.878582	0.869377	0.788937	0.740777	0.785112	0.787727	0	0.74593	0.893948	0.894207	0.895761	0.892941	0.875651	0.877525	0.913955	0.926961	0.960453	0.936415	0.921218	0.953873	1.08357	1.06514	1.08899	1.07504	1.06346	1.07589	1.07473	1.0699	1.07885	1.07727	1.0794	1.08273	1.04991	1.06161	1.04013	1.04872	1.06057	1.06165	1.06518	1.09612	1.05899	1.09518	1.10198	1.07099	1.03116	1.04292	1.03042	1.03063	1.04393	1.03067	1.07277	1.05901	1.05901	1.05785	1.07241	1.07002	1.04722	1.05008	1.11457	1.06804	1.0695	1.04884	1.06676	1.03721	1.03793	1.03739	1.12033	1.03805
ERR637123	1.0549	1.07244	1.07571	1.07476	1.05459	1.05411	0.948215	0.947381	0.914766	0.908707	0.953892	0.900891	1.06289	1.05876	1.06354	1.06196	1.07387	1.04831	1.05323	1.05092	1.06888	1.04997	1.04979	1.06913	0.890249	0.92883	0.938505	0.929323	0.884017	0.876097	0.792224	0.746142	0.788733	0.791183	0.74593	0	0.898044	0.899118	0.899818	0.897165	0.881889	0.883356	0.920841	0.933332	0.964625	0.942835	0.927445	0.958414	1.08815	1.07051	1.09279	1.08001	1.06896	1.08108	1.07789	1.07311	1.08214	1.08043	1.08261	1.08553	1.0551	1.06609	1.04551	1.05433	1.06525	1.06601	1.07085	1.10072	1.06518	1.09959	1.10646	1.0763	1.037	1.04855	1.03632	1.03685	1.04922	1.03675	1.07765	1.06457	1.06443	1.06323	1.07739	1.07489	1.05246	1.0553	1.11905	1.07331	1.07453	1.05374	1.07195	1.04367	1.04358	1.04307	1.12342	1.04384
ERR629867	1.0713	1.08749	1.09012	1.08968	1.07093	1.07069	0.942722	0.941517	0.912669	0.907485	0.947174	0.900807	1.09091	1.08599	1.09132	1.09	1.09996	1.07609	1.07357	1.07113	1.08864	1.07034	1.07057	1.08853	0.895696	0.930413	0.937971	0.930052	0.889268	0.883541	0.928307	0.894042	0.926066	0.927971	0.893948	0.898044	0	0.813096	0.810755	0.80812	0.796531	0.799179	0.918339	0.928877	0.962035	0.939597	0.925239	0.95553	1.10025	1.0839	1.10386	1.09307	1.08237	1.09365	1.09245	1.08818	1.09599	1.09446	1.09639	1.09947	1.07135	1.08194	1.06255	1.07082	1.08073	1.08168	1.07986	1.10761	1.07456	1.10704	1.11319	1.08444	1.05604	1.06736	1.056	1.05603	1.06748	1.05597	1.09431	1.08183	1.08199	1.08068	1.09369	1.09167	1.06622	1.06914	1.12967	1.08643	1.08729	1.06766	1.09908	1.07085	1.06976	1.06905	1.14518	1.06966
ERR629863	1.06997	1.08678	1.09005	1.08873	1.06976	1.06942	0.942313	0.941471	0.912012	0.906239	0.947629	0.898571	1.08891	1.08383	1.08924	1.08801	1.09948	1.07416	1.07315	1.07131	1.08847	1.07082	1.07017	1.08881	0.893647	0.929577	0.937986	0.929619	0.887731	0.880377	0.928727	0.894864	0.926563	0.927993	0.894207	0.899118	0.813096	0	0.815387	0.812335	0.793013	0.795711	0.915104	0.926513	0.961426	0.935545	0.922278	0.954012	1.1003	1.08281	1.10547	1.09232	1.08137	1.09254	1.09353	1.08888	1.09667	1.09531	1.09736	1.10045	1.07204	1.08303	1.06212	1.0703	1.08185	1.08278	1.07775	1.10643	1.0721	1.10596	1.11233	1.08277	1.05522	1.06648	1.05483	1.05494	1.06704	1.05502	1.09338	1.08075	1.08048	1.0796	1.09328	1.09113	1.06664	1.06935	1.12901	1.08598	1.0869	1.06805	1.09824	1.06871	1.06897	1.06842	1.14666	1.06922
ERR629866	1.07245	1.08884	1.09182	1.09086	1.07242	1.07207	0.944314	0.94322	0.915272	0.909586	0.948882	0.903009	1.09228	1.08709	1.09263	1.09109	1.1012	1.07741	1.07477	1.07256	1.0901	1.07193	1.07164	1.08962	0.897602	0.932437	0.940181	0.932081	0.891615	0.886049	0.930141	0.896008	0.927556	0.929546	0.895761	0.899818	0.810755	0.815387	0	0.810003	0.799181	0.801288	0.920558	0.93093	0.963873	0.941379	0.927503	0.957134	1.10178	1.08575	1.10569	1.09461	1.08382	1.09527	1.09357	1.08924	1.09706	1.09555	1.0976	1.10042	1.07283	1.08313	1.0638	1.07175	1.08228	1.08278	1.08092	1.10856	1.07593	1.10839	1.1142	1.08587	1.05773	1.06903	1.05733	1.05769	1.06904	1.05773	1.09537	1.08335	1.08309	1.082	1.09489	1.0929	1.06767	1.07027	1.13076	1.08788	1.08844	1.0688	1.10024	1.07248	1.07084	1.0704	1.14614	1.07095
ERR629865	1.06997	1.08677	1.0893	1.08858	1.06976	1.06961	0.941686	0.9407	0.911938	0.906123	0.946551	0.899437	1.09017	1.08492	1.09066	1.08922	1.0993	1.0753	1.07239	1.07033	1.08744	1.06929	1.06933	1.08755	0.89487	0.930191	0.938335	0.929789	0.888319	0.882751	0.927541	0.893446	0.925318	0.927176	0.892941	0.897165	0.80812	0.812335	0.810003	0	0.795952	0.797627	0.916759	0.927471	0.960835	0.938228	0.923823	0.953873	1.09943	1.08306	1.10339	1.09205	1.08135	1.0928	1.09172	1.08737	1.09554	1.0939	1.09592	1.09885	1.07056	1.08111	1.06148	1.0698	1.08009	1.08075	1.07872	1.10672	1.07334	1.10622	1.1125	1.08346	1.05518	1.0665	1.05491	1.05509	1.06652	1.05471	1.09314	1.08073	1.0805	1.08002	1.09267	1.09071	1.06548	1.06807	1.12919	1.08545	1.08651	1.06668	1.09845	1.07005	1.06885	1.06826	1.14474	1.06888
ERR629862	1.05673	1.07509	1.07849	1.07691	1.0566	1.05641	0.931486	0.930806	0.898637	0.891878	0.937181	0.882445	1.07591	1.07115	1.07636	1.07489	1.08815	1.06068	1.06038	1.05851	1.0765	1.05776	1.05734	1.07738	0.878544	0.916893	0.926632	0.916673	0.871145	0.862051	0.913743	0.877873	0.911732	0.912922	0.875651	0.881889	0.796531	0.793013	0.799181	0.795952	0	0.774463	0.896346	0.9099	0.948556	0.919026	0.905161	0.940699	1.08932	1.07053	1.096	1.08019	1.06879	1.08093	1.0836	1.07876	1.0868	1.08558	1.08751	1.09108	1.05972	1.07173	1.0492	1.05761	1.07068	1.07148	1.06473	1.09495	1.05776	1.09464	1.10161	1.07024	1.04174	1.05315	1.04088	1.0411	1.05447	1.04115	1.0814	1.06793	1.06773	1.0668	1.0817	1.079	1.05469	1.05798	1.11989	1.07459	1.07561	1.05622	1.08571	1.05458	1.05597	1.05531	1.1385	1.05629
ERR629864	1.0576	1.07582	1.07965	1.07776	1.0576	1.05718	0.932581	0.931427	0.900234	0.893548	0.938851	0.883942	1.07676	1.07177	1.07713	1.07566	1.08898	1.06149	1.06169	1.0597	1.07757	1.05937	1.05866	1.07818	0.879744	0.918248	0.92792	0.918464	0.872498	0.863761	0.915023	0.879256	0.912374	0.914234	0.877525	0.883356	0.799179	0.795711	0.801288	0.797627	0.774463	0	0.8991	0.911923	0.950371	0.921461	0.907625	0.943008	1.09016	1.07138	1.09677	1.08127	1.06959	1.08178	1.08409	1.07937	1.0876	1.08625	1.08817	1.09158	1.06105	1.07282	1.05051	1.05866	1.0717	1.07283	1.0659	1.09596	1.05918	1.09557	1.10255	1.0715	1.04284	1.0545	1.04201	1.04235	1.0557	1.04247	1.08249	1.06942	1.06878	1.06801	1.08285	1.08042	1.0556	1.05887	1.12043	1.07527	1.07657	1.0574	1.08711	1.05581	1.05707	1.05659	1.13898	1.05746
ERR605689	1.06939	1.08817	1.09155	1.08909	1.06957	1.06927	0.914941	0.914948	0.882089	0.874898	0.922705	0.866512	1.09395	1.08983	1.09408	1.09252	1.10749	1.07995	1.07991	1.07886	1.09562	1.07848	1.0774	1.09716	0.902436	0.939082	0.949142	0.939441	0.896478	0.885467	0.951087	0.917152	0.948031	0.949869	0.913955	0.920841	0.918339	0.915104	0.920558	0.916759	0.896346	0.8991	0	0.762894	0.812892	0.774939	0.757268	0.805098	1.06101	1.04672	1.06786	1.05358	1.04579	1.05352	1.06346	1.06046	1.06573	1.06475	1.06637	1.06991	1.07939	1.09116	1.06757	1.07521	1.08946	1.0906	1.06129	1.09271	1.05566	1.0934	1.10119	1.06751	1.05955	1.07107	1.05857	1.05891	1.07324	1.05911	1.09917	1.0865	1.08606	1.08531	1.1003	1.0978	1.0774	1.08042	1.13818	1.09559	1.09662	1.07919	1.08556	1.0536	1.05651	1.05419	1.13754	1.05469
ERR605691	1.07858	1.09633	1.09961	1.09765	1.07898	1.07861	0.920865	0.921006	0.889866	0.88272	0.927483	0.875947	1.10316	1.09886	1.10315	1.10212	1.11541	1.08936	1.08941	1.08801	1.10435	1.08777	1.08678	1.10525	0.915072	0.948927	0.958712	0.949398	0.909289	0.899856	0.962105	0.929572	0.959521	0.961251	0.926961	0.933332	0.928877	0.926513	0.93093	0.927471	0.9099	0.911923	0.762894	0	0.820342	0.786659	0.770761	0.813874	1.06507	1.05204	1.07067	1.05831	1.05125	1.0581	1.06742	1.06464	1.06921	1.06875	1.06988	1.07334	1.0882	1.09927	1.07681	1.08431	1.09763	1.09874	1.06939	1.1	1.06483	1.10036	1.10785	1.07547	1.06935	1.0806	1.06859	1.06872	1.08219	1.06889	1.10795	1.09539	1.09509	1.09445	1.10851	1.10631	1.08598	1.08879	1.1449	1.1036	1.1047	1.08766	1.09253	1.06236	1.06444	1.06164	1.14222	1.06259
ERR605693	1.10422	1.11907	1.12182	1.12039	1.10428	1.10423	0.946387	0.94624	0.920435	0.914	0.951639	0.91046	1.12814	1.12403	1.12838	1.12723	1.13746	1.11533	1.11271	1.11126	1.12622	1.11046	1.11033	1.12662	0.949262	0.977989	0.985873	0.978305	0.945415	0.938728	0.990323	0.961798	0.988078	0.989947	0.960453	0.964625	0.962035	0.961426	0.963873	0.960835	0.948556	0.950371	0.812892	0.820342	0	0.827849	0.816999	0.841686	1.08534	1.07582	1.08842	1.08059	1.07499	1.0808	1.08784	1.08609	1.09024	1.08925	1.09056	1.09288	1.1107	1.11948	1.10127	1.10854	1.1184	1.11939	1.09408	1.12133	1.09148	1.12141	1.12809	1.09922	1.09487	1.10525	1.09459	1.09491	1.10595	1.09501	1.13077	1.11999	1.11959	1.11897	1.13059	1.12894	1.10835	1.11065	1.16424	1.12602	1.12673	1.10979	1.11562	1.08935	1.089	1.08633	1.15818	1.08692
ERR605692	1.08632	1.10402	1.10735	1.10515	1.08657	1.08625	0.930265	0.930381	0.90042	0.893518	0.936966	0.885786	1.10941	1.10575	1.10946	1.10795	1.12272	1.09591	1.09739	1.09622	1.1119	1.09604	1.0948	1.11353	0.923162	0.956118	0.965203	0.956228	0.917461	0.907245	0.969746	0.939592	0.967187	0.968873	0.936415	0.942835	0.939597	0.935545	0.941379	0.938228	0.919026	0.921461	0.774939	0.786659	0.827849	0	0.782525	0.820709	1.07627	1.06262	1.08309	1.06902	1.06201	1.06888	1.07947	1.07675	1.08093	1.08039	1.08188	1.08543	1.09701	1.10802	1.08537	1.09248	1.10682	1.10774	1.07765	1.10753	1.07228	1.10817	1.11544	1.08364	1.07777	1.08843	1.07657	1.0771	1.09042	1.07693	1.11553	1.10297	1.10253	1.10186	1.11639	1.11369	1.09431	1.09744	1.15085	1.11091	1.11196	1.09605	1.10056	1.07008	1.07342	1.07095	1.15022	1.0718
ERR605690	1.07537	1.09318	1.09641	1.09417	1.07545	1.07534	0.91861	0.919139	0.886931	0.880339	0.925946	0.872651	1.10018	1.09572	1.10005	1.09881	1.11252	1.08591	1.08557	1.08436	1.10085	1.08371	1.0831	1.1019	0.909599	0.944932	0.954468	0.944895	0.90406	0.89425	0.957166	0.92398	0.954245	0.956314	0.921218	0.927445	0.925239	0.922278	0.927503	0.923823	0.905161	0.907625	0.757268	0.770761	0.816999	0.782525	0	0.809917	1.06456	1.05112	1.07036	1.05769	1.05055	1.05768	1.06695	1.06421	1.06918	1.06823	1.06994	1.07334	1.08421	1.09549	1.07323	1.08066	1.0942	1.09529	1.06668	1.09751	1.06179	1.09782	1.10548	1.07257	1.06553	1.07683	1.06449	1.06502	1.07821	1.06507	1.10459	1.09202	1.09191	1.09095	1.10513	1.10285	1.08233	1.08528	1.14258	1.10023	1.10173	1.08404	1.0904	1.06006	1.0618	1.05926	1.14056	1.0601
ERR605694	1.09968	1.11504	1.11753	1.11609	1.09983	1.09956	0.941799	0.942083	0.915092	0.909042	0.947011	0.904819	1.12417	1.1196	1.12415	1.12291	1.13384	1.11079	1.10864	1.10734	1.12241	1.10653	1.10608	1.12285	0.942249	0.972073	0.979661	0.972211	0.938201	0.931339	0.984283	0.955511	0.982156	0.984145	0.953873	0.958414	0.95553	0.954012	0.957134	0.953873	0.940699	0.943008	0.805098	0.813874	0.841686	0.820709	0.809917	0	1.08328	1.07304	1.08712	1.07872	1.07241	1.07835	1.08529	1.08313	1.08732	1.0866	1.0881	1.09068	1.10652	1.11579	1.09723	1.10423	1.1148	1.11569	1.09029	1.11802	1.08717	1.11858	1.12516	1.09578	1.09069	1.10111	1.0902	1.09069	1.10182	1.09048	1.1268	1.11575	1.11536	1.11473	1.12691	1.12502	1.10444	1.10706	1.16093	1.12208	1.12306	1.10581	1.11226	1.08557	1.08526	1.08275	1.15632	1.08357
