	ERR637059	ERR637060	ERR637062	ERR637057	ERR637061	ERR637058	ERR622146	ERR622144	ERR622143	ERR622148	ERR622147	ERR622145	ERR630295	ERR630292	ERR630293	ERR630290	ERR630291	ERR630294	ERR636746	ERR636747	ERR636745	ERR636749	ERR636750	ERR636748	ERR607762	ERR607759	ERR607761	ERR607760	ERR637124	ERR637123	ERR608374	ERR608375	ERR608373	ERR608376	ERR608372	ERR608371	ERR607785	ERR607781	ERR607783	ERR607784	ERR607786	ERR607782	ERR631830	ERR631828	ERR631827	ERR631825	ERR631826	ERR631829	ERR626593	ERR626592	ERR626590	ERR626594	ERR626591	ERR626595	ERR618690	ERR618687	ERR618689	ERR618688	ERR618692	ERR618691	ERR607428	ERR607432	ERR607427	ERR607429	ERR607430	ERR607431	ERR616280	ERR616279	ERR616278	ERR616281	ERR616277	ERR616282	ERR607580	ERR607583	ERR607584	ERR607582	ERR607581	ERR607579	ERR608246	ERR608247	ERR608245	ERR608248	ERR608250	ERR608249	ERR626676	ERR626679	ERR626675	ERR626677	ERR626678	ERR626674	ERR618429	ERR618431	ERR618430	ERR618433	ERR618432	ERR618434
ERR637059	0	0.75801	0.756176	0.760279	0.758154	0.751798	0.889394	0.865499	0.894751	0.893269	0.891308	0.85728	1.10661	1.13475	1.10262	1.13128	1.11999	1.1083	0.871974	0.871909	0.882715	0.865365	0.863673	0.865704	0.865757	0.822113	0.862623	0.866105	0.82368	0.827486	0.875609	0.87529	0.850348	0.874437	0.853377	0.860627	0.850501	0.850918	0.851332	0.875919	0.849664	0.869856	1.08087	1.08332	1.0724	1.08016	1.08808	1.08049	1.07737	1.07453	1.04955	1.0747	1.05965	1.07814	1.04027	1.03602	1.04159	1.04182	1.03788	1.03882	1.05679	1.03889	1.05857	1.05908	1.0388	1.03936	1.08596	1.085	1.1053	1.07863	1.11118	1.07939	1.09216	1.07337	1.07331	1.07263	1.09598	1.09455	1.09459	1.08477	1.12065	1.09718	1.103	1.09708	1.05133	1.03613	1.03269	1.03666	1.03537	1.02371	1.06528	1.07244	1.08064	1.07123	1.07451	1.07051
ERR637060	0.75801	0	0.75818	0.7677	0.76004	0.759311	0.893256	0.870152	0.899587	0.897222	0.894867	0.862457	1.11005	1.13675	1.10607	1.13382	1.12287	1.11184	0.87449	0.87484	0.884898	0.868511	0.866748	0.868845	0.867744	0.826912	0.864806	0.867732	0.827582	0.831459	0.878549	0.878322	0.855265	0.877553	0.857427	0.864569	0.854284	0.854669	0.854521	0.878339	0.853561	0.87296	1.08607	1.08896	1.07784	1.08519	1.09318	1.08587	1.082	1.07986	1.05519	1.07965	1.0651	1.08306	1.0454	1.04178	1.04685	1.04746	1.04318	1.04431	1.06302	1.04492	1.06465	1.06538	1.04505	1.04545	1.0908	1.08919	1.10936	1.0835	1.1153	1.0842	1.09721	1.07824	1.07819	1.07764	1.10092	1.09973	1.099	1.08917	1.12503	1.10169	1.10763	1.10187	1.05522	1.03948	1.03646	1.04004	1.03897	1.02806	1.07158	1.07858	1.08688	1.07714	1.08023	1.0763
ERR637062	0.756176	0.75818	0	0.766187	0.757881	0.757486	0.891386	0.868306	0.897885	0.895698	0.893131	0.860031	1.10745	1.13408	1.10332	1.13135	1.11963	1.10892	0.872899	0.873927	0.883394	0.867397	0.865438	0.867531	0.866132	0.824496	0.863007	0.865764	0.825023	0.8288	0.87684	0.876474	0.85285	0.875227	0.855009	0.862594	0.851941	0.852354	0.852842	0.877132	0.851636	0.871545	1.084	1.08663	1.07546	1.08329	1.09084	1.08381	1.07974	1.0774	1.05252	1.0771	1.06239	1.08045	1.04352	1.03964	1.04469	1.0453	1.04099	1.04266	1.06025	1.0424	1.06228	1.06289	1.04218	1.04281	1.08848	1.08692	1.10704	1.08125	1.11335	1.08191	1.09499	1.07573	1.07596	1.07513	1.09872	1.09733	1.09624	1.08631	1.12302	1.09937	1.10548	1.09938	1.05411	1.03801	1.03468	1.03838	1.03726	1.026	1.06917	1.07633	1.08483	1.07483	1.07803	1.07376
ERR637057	0.760279	0.7677	0.766187	0	0.767656	0.761887	0.895634	0.872939	0.90089	0.899369	0.897304	0.865241	1.11294	1.13953	1.10874	1.13633	1.12571	1.11427	0.877135	0.877448	0.887379	0.871302	0.869695	0.871732	0.870737	0.830976	0.867955	0.870577	0.831679	0.834703	0.881028	0.880824	0.858184	0.879798	0.859819	0.867001	0.856707	0.857232	0.857452	0.880243	0.856143	0.874459	1.08855	1.09102	1.08001	1.08727	1.09533	1.08829	1.08434	1.08214	1.05789	1.08232	1.06746	1.08555	1.0474	1.04339	1.04855	1.04907	1.04504	1.04624	1.06507	1.0479	1.06697	1.06748	1.04773	1.04809	1.09312	1.09193	1.11165	1.08584	1.11755	1.08649	1.09955	1.08102	1.0809	1.08038	1.10283	1.10206	1.1015	1.09207	1.1272	1.10432	1.11009	1.10422	1.0567	1.04154	1.03797	1.042	1.04081	1.02966	1.07374	1.08035	1.08871	1.07926	1.08241	1.07854
ERR637061	0.758154	0.76004	0.757881	0.767656	0	0.759636	0.892746	0.870144	0.899347	0.897027	0.894826	0.861722	1.10914	1.1359	1.10541	1.13292	1.12182	1.11062	0.873909	0.874691	0.884734	0.868246	0.866712	0.86849	0.867493	0.827347	0.864685	0.867741	0.828066	0.83148	0.878299	0.877922	0.855116	0.877023	0.856601	0.864577	0.854112	0.854693	0.854651	0.878562	0.85367	0.872955	1.08577	1.08813	1.07713	1.08503	1.09247	1.08538	1.08163	1.07942	1.05467	1.07931	1.06444	1.08228	1.04499	1.04093	1.04645	1.04704	1.04278	1.04401	1.06264	1.0446	1.06442	1.06478	1.04461	1.04488	1.09009	1.08872	1.10893	1.08317	1.11499	1.0836	1.09688	1.07773	1.07763	1.07727	1.10028	1.09907	1.09812	1.08838	1.12481	1.10117	1.10718	1.10103	1.05523	1.03921	1.0361	1.04005	1.03849	1.02776	1.07111	1.07805	1.08633	1.07646	1.07976	1.07589
ERR637058	0.751798	0.759311	0.757486	0.761887	0.759636	0	0.890221	0.866703	0.897631	0.894167	0.892354	0.858673	1.10486	1.13138	1.10083	1.12876	1.11698	1.1064	0.872169	0.873446	0.883267	0.866836	0.865027	0.867364	0.865378	0.822684	0.862091	0.865092	0.822645	0.827016	0.874731	0.873633	0.850728	0.87311	0.852373	0.86064	0.850133	0.850068	0.850441	0.875853	0.849391	0.870001	1.08122	1.08393	1.07223	1.08049	1.08797	1.08106	1.07657	1.075	1.04917	1.07411	1.05916	1.07779	1.04097	1.03683	1.04238	1.04291	1.0381	1.03988	1.05769	1.03938	1.05957	1.0601	1.03922	1.03954	1.08573	1.08403	1.10445	1.07862	1.11118	1.07905	1.09227	1.07276	1.07265	1.07209	1.09601	1.09461	1.09405	1.08404	1.12111	1.09705	1.10326	1.09745	1.05224	1.03555	1.03236	1.03645	1.03498	1.02347	1.06655	1.0738	1.08225	1.07191	1.07513	1.07119
ERR622146	0.889394	0.893256	0.891386	0.895634	0.892746	0.890221	0	0.820854	0.848869	0.84054	0.838253	0.814147	1.1358	1.15915	1.132	1.15696	1.1463	1.13696	0.872591	0.873132	0.881577	0.867453	0.865747	0.867587	0.933545	0.899793	0.931079	0.933627	0.900418	0.903771	0.941759	0.941216	0.924876	0.941748	0.926214	0.931643	0.879164	0.880294	0.880748	0.898208	0.878829	0.894775	1.11927	1.12181	1.11159	1.11858	1.12539	1.1192	1.11267	1.11117	1.08879	1.1106	1.09775	1.11371	1.07492	1.07213	1.0764	1.07691	1.07259	1.07428	1.09915	1.08312	1.10065	1.10121	1.08295	1.08331	1.11943	1.11868	1.13634	1.11346	1.14175	1.11414	1.12722	1.11036	1.1105	1.1102	1.13085	1.12953	1.13105	1.12219	1.1542	1.13378	1.13908	1.13364	1.09497	1.08038	1.07761	1.08062	1.07928	1.0701	1.10606	1.1121	1.11975	1.11033	1.11324	1.10983
ERR622144	0.865499	0.870152	0.868306	0.872939	0.870144	0.866703	0.820854	0	0.825576	0.825388	0.822357	0.785726	1.12185	1.14725	1.11802	1.14453	1.1339	1.12309	0.851202	0.851677	0.861676	0.845914	0.843383	0.845785	0.911777	0.873841	0.909074	0.91191	0.874787	0.878756	0.922265	0.921897	0.902619	0.92171	0.904267	0.910252	0.856995	0.85841	0.858706	0.878855	0.857416	0.874779	1.10285	1.10507	1.09452	1.1022	1.10946	1.10246	1.09642	1.09407	1.07072	1.09413	1.0803	1.09715	1.05572	1.05275	1.05707	1.05772	1.05342	1.05503	1.08112	1.06417	1.08279	1.08357	1.06409	1.06451	1.10407	1.10326	1.12183	1.09731	1.12755	1.09814	1.11168	1.09372	1.094	1.09329	1.11516	1.11371	1.11591	1.10694	1.13991	1.11849	1.12383	1.11843	1.07644	1.06148	1.0584	1.06204	1.06041	1.05025	1.08838	1.09471	1.10277	1.09353	1.09669	1.0927
ERR622143	0.894751	0.899587	0.897885	0.90089	0.899347	0.897631	0.848869	0.825576	0	0.85266	0.850354	0.822163	1.148	1.17416	1.14441	1.17053	1.16181	1.14915	0.881186	0.879458	0.887649	0.873628	0.872549	0.873539	0.942913	0.909486	0.940642	0.943533	0.911878	0.913694	0.954043	0.95455	0.934742	0.954694	0.938317	0.942164	0.889014	0.892125	0.892563	0.90662	0.889624	0.902172	1.12592	1.12831	1.11952	1.12579	1.13285	1.12588	1.12192	1.11783	1.09825	1.12002	1.10686	1.12299	1.08102	1.07778	1.08179	1.08188	1.07923	1.08036	1.10562	1.09097	1.10676	1.10804	1.09119	1.09157	1.12823	1.129	1.14534	1.12231	1.15014	1.12289	1.13461	1.11957	1.11958	1.11912	1.13835	1.13657	1.14003	1.13209	1.15978	1.141	1.14633	1.141	1.09869	1.08781	1.0844	1.08838	1.0872	1.07773	1.11134	1.11664	1.12354	1.11692	1.11971	1.11616
ERR622148	0.893269	0.897222	0.895698	0.899369	0.897027	0.894167	0.84054	0.825388	0.85266	0	0.842183	0.81951	1.13874	1.16155	1.13493	1.15938	1.14924	1.13984	0.877583	0.877858	0.886477	0.872361	0.87094	0.872042	0.938349	0.904991	0.935804	0.938342	0.905196	0.908887	0.946978	0.946589	0.930036	0.946554	0.931773	0.93712	0.883804	0.884798	0.885258	0.902348	0.883898	0.898889	1.12222	1.12446	1.11437	1.12141	1.12815	1.12193	1.11604	1.11444	1.09215	1.11385	1.10085	1.11649	1.07845	1.07542	1.07978	1.08055	1.07637	1.07778	1.10188	1.08636	1.10387	1.10446	1.08663	1.08682	1.12297	1.12185	1.13924	1.11652	1.14457	1.11732	1.13046	1.1138	1.1136	1.11313	1.13356	1.13232	1.13391	1.12552	1.15698	1.1366	1.14178	1.13687	1.09815	1.08378	1.08155	1.08438	1.0834	1.0741	1.1093	1.11542	1.12268	1.11369	1.11664	1.11312
ERR622147	0.891308	0.894867	0.893131	0.897304	0.894826	0.892354	0.838253	0.822357	0.850354	0.842183	0	0.81686	1.13723	1.16056	1.1335	1.15826	1.14784	1.13835	0.875155	0.875227	0.884201	0.870102	0.868511	0.870107	0.935268	0.901965	0.932879	0.935763	0.902426	0.906088	0.944013	0.943378	0.927003	0.943592	0.9285	0.934185	0.88103	0.881869	0.8825	0.89976	0.880833	0.896334	1.12087	1.12336	1.11326	1.12029	1.12691	1.12085	1.11431	1.11267	1.09054	1.11207	1.0993	1.11476	1.07688	1.07409	1.07807	1.07903	1.07442	1.07602	1.10092	1.08516	1.10234	1.10294	1.08491	1.08526	1.12133	1.12017	1.13783	1.11505	1.14319	1.11574	1.12893	1.11202	1.11227	1.11194	1.13203	1.13128	1.13236	1.12368	1.15551	1.13513	1.14048	1.13529	1.09629	1.08189	1.0794	1.0821	1.08111	1.0719	1.10773	1.11391	1.12111	1.11208	1.11507	1.11152
ERR622145	0.85728	0.862457	0.860031	0.865241	0.861722	0.858673	0.814147	0.785726	0.822163	0.81951	0.81686	0	1.11459	1.13957	1.11068	1.13694	1.1261	1.11583	0.843615	0.844763	0.854907	0.837977	0.836077	0.838272	0.903934	0.864508	0.900724	0.903536	0.864323	0.868859	0.913795	0.913235	0.893597	0.91281	0.895128	0.90185	0.850599	0.851134	0.851638	0.87389	0.850502	0.869151	1.09647	1.0991	1.08781	1.09585	1.10312	1.09647	1.08923	1.08816	1.06313	1.08709	1.07301	1.09016	1.04958	1.04627	1.05118	1.05184	1.04699	1.04889	1.07442	1.05675	1.07649	1.07687	1.05688	1.05713	1.09758	1.09605	1.11532	1.09072	1.12151	1.09138	1.10556	1.08679	1.08698	1.08639	1.10917	1.10786	1.1097	1.09987	1.13515	1.11262	1.11821	1.11247	1.07135	1.0548	1.05217	1.0556	1.05415	1.04357	1.08247	1.08903	1.09736	1.08747	1.09063	1.08652
ERR630295	1.10661	1.11005	1.10745	1.11294	1.10914	1.10486	1.1358	1.12185	1.148	1.13874	1.13723	1.11459	0	0.796008	0.767742	0.802139	0.77788	0.775201	1.13459	1.13768	1.1446	1.13402	1.13255	1.13452	1.10903	1.08173	1.10694	1.10778	1.07885	1.08522	1.10778	1.10391	1.0933	1.10277	1.08951	1.09988	1.11196	1.10965	1.10915	1.13305	1.11076	1.13034	0.940549	0.944233	0.928389	0.938473	0.941984	0.940196	0.954067	0.960368	0.92703	0.951085	0.938783	0.955609	0.985785	0.98567	0.989731	0.992217	0.982141	0.985834	0.950746	0.929961	0.953103	0.953542	0.929755	0.929343	0.935932	0.926294	0.957751	0.92701	0.968415	0.927946	0.967926	0.942955	0.943208	0.94275	0.971168	0.972185	0.944807	0.9319	0.982386	0.954685	0.961947	0.956447	1.01596	0.987136	0.988773	0.987439	0.986649	0.978411	0.964226	0.97069	0.983339	0.963203	0.966087	0.962721
ERR630292	1.13475	1.13675	1.13408	1.13953	1.1359	1.13138	1.15915	1.14725	1.17416	1.16155	1.16056	1.13957	0.796008	0	0.78842	0.801463	0.774058	0.793076	1.15714	1.16132	1.16696	1.15843	1.15661	1.15851	1.12783	1.10537	1.12607	1.12631	1.10087	1.10795	1.12764	1.12217	1.11663	1.12099	1.1108	1.12177	1.13703	1.13331	1.13267	1.15575	1.13569	1.1539	0.973731	0.976994	0.960658	0.971231	0.971704	0.973761	0.98295	0.994157	0.960345	0.980493	0.971177	0.984667	1.02018	1.02118	1.02458	1.02764	1.0163	1.02043	0.99038	0.969556	0.993219	0.992118	0.969336	0.969269	0.965485	0.951034	0.982731	0.957506	0.993205	0.957617	1.00179	0.977597	0.978059	0.977918	1.00434	1.00652	0.972999	0.960034	1.01064	0.985272	0.991665	0.987246	1.04859	1.01712	1.02036	1.01781	1.01641	1.01015	1.00338	1.00959	1.02137	1.00037	1.00264	1.00008
ERR630293	1.10262	1.10607	1.10332	1.10874	1.10541	1.10083	1.132	1.11802	1.14441	1.13493	1.1335	1.11068	0.767742	0.78842	0	0.794727	0.769227	0.76628	1.13104	1.13402	1.14107	1.13035	1.12872	1.13063	1.10578	1.07803	1.10376	1.10469	1.07517	1.08155	1.10367	1.0997	1.08886	1.09861	1.0851	1.0957	1.10798	1.10551	1.1052	1.12946	1.10694	1.12651	0.93497	0.938624	0.922584	0.932719	0.936785	0.934493	0.949543	0.956218	0.921902	0.946787	0.933687	0.951312	0.980966	0.981055	0.985217	0.98785	0.977323	0.98119	0.945494	0.923666	0.948136	0.948179	0.923303	0.923442	0.929378	0.91977	0.951927	0.920253	0.96298	0.920961	0.962975	0.936996	0.937277	0.937059	0.966387	0.966961	0.940505	0.927433	0.979216	0.950893	0.958336	0.952389	1.01164	0.982268	0.983885	0.982952	0.981582	0.973075	0.958726	0.965815	0.978531	0.958469	0.961039	0.957833
ERR630290	1.13128	1.13382	1.13135	1.13633	1.13292	1.12876	1.15696	1.14453	1.17053	1.15938	1.15826	1.13694	0.802139	0.801463	0.794727	0	0.788208	0.800092	1.1547	1.15875	1.16483	1.15559	1.15404	1.15582	1.12621	1.10286	1.12427	1.12501	1.09923	1.10586	1.12719	1.12281	1.11567	1.1215	1.11068	1.12117	1.13472	1.13114	1.13081	1.15376	1.13326	1.1514	0.968962	0.972215	0.957168	0.966566	0.968252	0.968965	0.979569	0.988686	0.957105	0.976944	0.967189	0.980956	1.01525	1.0161	1.01957	1.02236	1.01174	1.01571	0.984638	0.964849	0.987152	0.986419	0.964633	0.964187	0.964884	0.952676	0.9826	0.956675	0.99269	0.95722	0.997456	0.974068	0.97451	0.974338	1.0002	1.00208	0.969225	0.957189	1.00504	0.980359	0.986741	0.98177	1.04388	1.01423	1.01675	1.015	1.01381	1.00712	0.997876	1.00379	1.01531	0.995325	0.997724	0.995333
ERR630291	1.11999	1.12287	1.11963	1.12571	1.12182	1.11698	1.1463	1.1339	1.16181	1.14924	1.14784	1.1261	0.77788	0.774058	0.769227	0.788208	0	0.775212	1.14455	1.14865	1.15485	1.14558	1.14398	1.14595	1.11688	1.0921	1.11486	1.1153	1.08791	1.09516	1.11422	1.10907	1.10234	1.10779	1.09682	1.10792	1.12303	1.11968	1.11889	1.14279	1.12171	1.14092	0.957824	0.961289	0.944191	0.95495	0.95711	0.957485	0.968083	0.978831	0.943388	0.965395	0.954849	0.969703	1.00438	1.00507	1.00879	1.01215	1.00027	1.00472	0.972085	0.950335	0.975118	0.974153	0.950052	0.949749	0.948672	0.934003	0.967771	0.93951	0.978411	0.940231	0.985563	0.959202	0.959648	0.959541	0.987588	0.990031	0.958764	0.944802	0.998949	0.970951	0.977817	0.972869	1.03336	1.00089	1.00407	1.00157	1.00013	0.992829	0.986186	0.992524	1.00569	0.9836	0.986071	0.982959
ERR630294	1.1083	1.11184	1.10892	1.11427	1.11062	1.1064	1.13696	1.12309	1.14915	1.13984	1.13835	1.11583	0.775201	0.793076	0.76628	0.800092	0.775212	0	1.13575	1.13914	1.14556	1.13534	1.13354	1.13571	1.11021	1.08281	1.10792	1.10875	1.07992	1.08644	1.10839	1.10424	1.09415	1.10332	1.09046	1.10069	1.11337	1.11082	1.1105	1.13449	1.1126	1.13171	0.941648	0.94539	0.93014	0.939931	0.943118	0.941839	0.955557	0.961751	0.928465	0.952959	0.940089	0.956798	0.986912	0.987652	0.991482	0.994086	0.983683	0.987529	0.952862	0.932168	0.955333	0.955453	0.931704	0.931279	0.936796	0.926557	0.958262	0.927898	0.968819	0.928469	0.96995	0.944957	0.945296	0.944974	0.973324	0.973886	0.946547	0.933399	0.984192	0.956523	0.963682	0.958071	1.01761	0.988678	0.990036	0.989391	0.987862	0.9795	0.966181	0.972605	0.98527	0.965477	0.968006	0.964801
ERR636746	0.871974	0.87449	0.872899	0.877135	0.873909	0.872169	0.872591	0.851202	0.881186	0.877583	0.875155	0.843615	1.13459	1.15714	1.13104	1.1547	1.14455	1.13575	0	0.814272	0.823539	0.811385	0.809396	0.810931	0.912716	0.884316	0.910731	0.912587	0.884318	0.887184	0.926232	0.926265	0.910055	0.925804	0.910431	0.916575	0.880371	0.879854	0.880246	0.897288	0.880399	0.893961	1.11842	1.12072	1.11033	1.11778	1.1242	1.11825	1.11257	1.11177	1.08886	1.11064	1.0976	1.11356	1.06889	1.06554	1.07061	1.07115	1.06658	1.06826	1.09895	1.08295	1.10062	1.10088	1.0826	1.08276	1.12081	1.11902	1.13689	1.11427	1.14267	1.11494	1.12747	1.1098	1.10988	1.10939	1.13043	1.1298	1.12936	1.12031	1.15351	1.13228	1.13789	1.1326	1.08419	1.06875	1.06603	1.06897	1.06785	1.05774	1.10761	1.11402	1.12172	1.11204	1.11474	1.11143
ERR636747	0.871909	0.87484	0.873927	0.877448	0.874691	0.873446	0.873132	0.851677	0.879458	0.877858	0.875227	0.844763	1.13768	1.16132	1.13402	1.15875	1.14865	1.13914	0.814272	0	0.824033	0.810845	0.808816	0.810618	0.915593	0.886561	0.912881	0.915293	0.887224	0.88964	0.929	0.929537	0.912435	0.928847	0.913583	0.918628	0.881476	0.882008	0.882472	0.897647	0.880946	0.894061	1.1191	1.1216	1.1118	1.1184	1.1254	1.11928	1.11437	1.1126	1.09077	1.11237	1.09941	1.11523	1.06945	1.06622	1.07057	1.07111	1.06672	1.06871	1.09932	1.08382	1.10115	1.10154	1.08378	1.08421	1.1225	1.12134	1.13903	1.11607	1.14431	1.11668	1.12813	1.11182	1.11177	1.11114	1.13156	1.13063	1.13099	1.12269	1.15406	1.13362	1.13903	1.13373	1.08433	1.07025	1.06724	1.07055	1.06947	1.05943	1.10801	1.11391	1.12173	1.11271	1.11556	1.11222
ERR636745	0.882715	0.884898	0.883394	0.887379	0.884734	0.883267	0.881577	0.861676	0.887649	0.886477	0.884201	0.854907	1.1446	1.16696	1.14107	1.16483	1.15485	1.14556	0.823539	0.824033	0	0.821168	0.819357	0.821498	0.922995	0.896956	0.920804	0.922967	0.897782	0.899741	0.936614	0.937102	0.921595	0.936476	0.922564	0.927118	0.891208	0.891994	0.892252	0.90602	0.891202	0.902659	1.12694	1.12922	1.11948	1.12627	1.13307	1.12696	1.12229	1.12073	1.09938	1.12028	1.10787	1.12323	1.07785	1.07492	1.07918	1.07988	1.07539	1.077	1.10793	1.09277	1.10978	1.11006	1.09266	1.09302	1.12994	1.12887	1.14578	1.12353	1.15087	1.12438	1.13601	1.11974	1.11964	1.11923	1.1394	1.13836	1.13848	1.13013	1.16108	1.14147	1.14625	1.1418	1.09132	1.07736	1.07467	1.07763	1.07674	1.06715	1.11661	1.12234	1.12978	1.12077	1.12356	1.12022
ERR636749	0.865365	0.868511	0.867397	0.871302	0.868246	0.866836	0.867453	0.845914	0.873628	0.872361	0.870102	0.837977	1.13402	1.15843	1.13035	1.15559	1.14558	1.13534	0.811385	0.810845	0.821168	0	0.800367	0.802272	0.911586	0.88102	0.909246	0.911626	0.881829	0.88422	0.924299	0.924757	0.906261	0.924028	0.907775	0.913697	0.876653	0.877708	0.878029	0.893751	0.876734	0.890225	1.11529	1.11773	1.10764	1.11464	1.12156	1.1151	1.1104	1.10827	1.08614	1.1083	1.0949	1.11121	1.0653	1.06205	1.06652	1.06698	1.06282	1.06462	1.09477	1.07904	1.09664	1.0974	1.07907	1.07946	1.1181	1.11739	1.13501	1.11171	1.1404	1.11258	1.12462	1.10722	1.10736	1.1069	1.12766	1.12652	1.12757	1.11903	1.15083	1.1302	1.13556	1.1304	1.08125	1.06662	1.06396	1.06699	1.0659	1.05579	1.10367	1.10974	1.11715	1.10832	1.11128	1.10786
ERR636750	0.863673	0.866748	0.865438	0.869695	0.866712	0.865027	0.865747	0.843383	0.872549	0.87094	0.868511	0.836077	1.13255	1.15661	1.12872	1.15404	1.14398	1.13354	0.809396	0.808816	0.819357	0.800367	0	0.800396	0.909894	0.878916	0.907441	0.909821	0.879531	0.882211	0.922323	0.922667	0.904134	0.922024	0.906024	0.911535	0.874991	0.875873	0.876147	0.892663	0.874729	0.889067	1.11348	1.11575	1.10605	1.11305	1.12005	1.11373	1.10876	1.10684	1.08414	1.10626	1.09303	1.10935	1.06386	1.06098	1.06542	1.06618	1.06137	1.06284	1.09376	1.07753	1.09525	1.0958	1.0774	1.07785	1.11627	1.11544	1.1331	1.11001	1.13887	1.11046	1.12311	1.10594	1.10596	1.1054	1.12643	1.12515	1.12586	1.1172	1.14944	1.12856	1.13375	1.12856	1.08047	1.06575	1.06276	1.06623	1.0652	1.05502	1.10214	1.10809	1.11593	1.10658	1.10973	1.10608
ERR636748	0.865704	0.868845	0.867531	0.871732	0.86849	0.867364	0.867587	0.845785	0.873539	0.872042	0.870107	0.838272	1.13452	1.15851	1.13063	1.15582	1.14595	1.13571	0.810931	0.810618	0.821498	0.802272	0.800396	0	0.911452	0.881321	0.909341	0.911811	0.881951	0.884332	0.924874	0.925048	0.906499	0.924283	0.908605	0.913818	0.876424	0.877473	0.877729	0.893612	0.876405	0.890006	1.11535	1.11811	1.10796	1.11535	1.12231	1.11569	1.11062	1.10905	1.08683	1.10902	1.0954	1.11162	1.06538	1.06252	1.06695	1.06737	1.06292	1.06482	1.09562	1.07986	1.09726	1.09776	1.07955	1.07992	1.11856	1.11775	1.13519	1.11231	1.14082	1.11269	1.12486	1.10786	1.10807	1.10738	1.12836	1.12716	1.12805	1.11951	1.15145	1.13055	1.13587	1.13065	1.08146	1.06691	1.06417	1.06753	1.06642	1.05635	1.10386	1.11017	1.11781	1.10897	1.11149	1.10823
ERR607762	0.865757	0.867744	0.866132	0.870737	0.867493	0.865378	0.933545	0.911777	0.942913	0.938349	0.935268	0.903934	1.10903	1.12783	1.10578	1.12621	1.11688	1.11021	0.912716	0.915593	0.922995	0.911586	0.909894	0.911452	0	0.793183	0.815464	0.817622	0.792661	0.795807	0.927543	0.926327	0.910632	0.92606	0.909754	0.91715	0.889844	0.888446	0.888994	0.909968	0.889209	0.906923	1.09642	1.09885	1.08804	1.09493	1.1002	1.0959	1.09471	1.09553	1.07406	1.09279	1.08204	1.09544	1.06118	1.05873	1.06318	1.06433	1.05861	1.05989	1.08125	1.06588	1.08284	1.08329	1.06538	1.06587	1.10876	1.10625	1.12466	1.10262	1.13055	1.10314	1.10683	1.09013	1.09019	1.08973	1.10967	1.10966	1.10828	1.09976	1.13162	1.11208	1.11693	1.11245	1.06959	1.05227	1.05024	1.05247	1.05164	1.04203	1.0975	1.10346	1.11074	1.10051	1.10334	1.10003
ERR607759	0.822113	0.826912	0.824496	0.830976	0.827347	0.822684	0.899793	0.873841	0.909486	0.904991	0.901965	0.864508	1.08173	1.10537	1.07803	1.10286	1.0921	1.08281	0.884316	0.886561	0.896956	0.88102	0.878916	0.881321	0.793183	0	0.789813	0.792646	0.744687	0.749893	0.896208	0.89453	0.872838	0.894391	0.872761	0.882395	0.852859	0.851499	0.851722	0.881481	0.851785	0.875547	1.06511	1.06785	1.05559	1.06401	1.07066	1.06476	1.06287	1.06293	1.03836	1.06109	1.04758	1.06402	1.03002	1.02689	1.03192	1.03304	1.02735	1.02866	1.04569	1.028	1.04787	1.04843	1.02797	1.0281	1.07594	1.07353	1.09462	1.06894	1.1013	1.06959	1.07677	1.0578	1.05767	1.05714	1.08038	1.07971	1.07856	1.06899	1.10483	1.0822	1.08815	1.08247	1.04388	1.02581	1.02292	1.02615	1.02488	1.0137	1.0613	1.06819	1.07631	1.06554	1.0686	1.06474
ERR607761	0.862623	0.864806	0.863007	0.867955	0.864685	0.862091	0.931079	0.909074	0.940642	0.935804	0.932879	0.900724	1.10694	1.12607	1.10376	1.12427	1.11486	1.10792	0.910731	0.912881	0.920804	0.909246	0.907441	0.909341	0.815464	0.789813	0	0.815191	0.788866	0.792316	0.924757	0.923586	0.907481	0.92334	0.907349	0.914376	0.887112	0.886233	0.886519	0.908354	0.886557	0.904854	1.09428	1.09633	1.08563	1.09284	1.09806	1.09352	1.09244	1.09328	1.0716	1.09054	1.07948	1.09315	1.05901	1.05687	1.06133	1.06228	1.05683	1.05801	1.07827	1.06287	1.08031	1.08056	1.06217	1.06285	1.10636	1.10353	1.12225	1.1	1.12836	1.10063	1.10461	1.0877	1.08729	1.08714	1.10751	1.10712	1.10622	1.09784	1.1296	1.10967	1.11496	1.11006	1.06807	1.05082	1.04857	1.05101	1.04977	1.04027	1.09492	1.10103	1.10828	1.09808	1.10075	1.09762
ERR607760	0.866105	0.867732	0.865764	0.870577	0.867741	0.865092	0.933627	0.91191	0.943533	0.938342	0.935763	0.903536	1.10778	1.12631	1.10469	1.12501	1.1153	1.10875	0.912587	0.915293	0.922967	0.911626	0.909821	0.911811	0.817622	0.792646	0.815191	0	0.791597	0.794912	0.927035	0.925061	0.909868	0.9249	0.909089	0.916276	0.889885	0.88877	0.88907	0.910497	0.889048	0.907208	1.09565	1.09806	1.08725	1.09442	1.09957	1.09512	1.09348	1.09498	1.07306	1.09183	1.08119	1.0945	1.06069	1.05827	1.06267	1.06379	1.05831	1.05948	1.08034	1.06478	1.08238	1.08238	1.06454	1.06485	1.10777	1.1051	1.12371	1.10143	1.12985	1.10219	1.10586	1.08906	1.08899	1.08878	1.1093	1.10851	1.10742	1.09929	1.13117	1.11128	1.11634	1.11164	1.069	1.05199	1.04943	1.0521	1.051	1.04129	1.09686	1.10265	1.11011	1.09965	1.10251	1.09898
ERR637124	0.82368	0.827582	0.825023	0.831679	0.828066	0.822645	0.900418	0.874787	0.911878	0.905196	0.902426	0.864323	1.07885	1.10087	1.07517	1.09923	1.08791	1.07992	0.884318	0.887224	0.897782	0.881829	0.879531	0.881951	0.792661	0.744687	0.788866	0.791597	0	0.74977	0.895308	0.893175	0.87259	0.892769	0.871756	0.882049	0.852775	0.850922	0.850883	0.881606	0.85174	0.876341	1.06462	1.06745	1.05503	1.06319	1.06957	1.06447	1.06188	1.06259	1.03692	1.05955	1.04634	1.06271	1.02967	1.02721	1.03198	1.03301	1.02713	1.02842	1.04536	1.02716	1.04764	1.04796	1.02691	1.0272	1.07491	1.0717	1.09307	1.06763	1.09991	1.06852	1.07609	1.05644	1.0564	1.05617	1.07957	1.07893	1.07727	1.06758	1.10476	1.08135	1.08747	1.08188	1.04444	1.02516	1.02229	1.02526	1.02415	1.01319	1.06125	1.0681	1.07679	1.06512	1.06835	1.06425
ERR637123	0.827486	0.831459	0.8288	0.834703	0.83148	0.827016	0.903771	0.878756	0.913694	0.908887	0.906088	0.868859	1.08522	1.10795	1.08155	1.10586	1.09516	1.08644	0.887184	0.88964	0.899741	0.88422	0.882211	0.884332	0.795807	0.749893	0.792316	0.794912	0.74977	0	0.900399	0.898506	0.877369	0.898496	0.877574	0.886547	0.856953	0.855862	0.855746	0.884318	0.855748	0.87942	1.06914	1.07171	1.0598	1.06803	1.07426	1.06882	1.06733	1.06721	1.04286	1.06488	1.05177	1.06824	1.03396	1.03108	1.03602	1.03686	1.03143	1.03286	1.05073	1.03316	1.05273	1.053	1.03281	1.03335	1.08012	1.07791	1.09821	1.07346	1.10491	1.07381	1.08074	1.06187	1.06176	1.06146	1.08422	1.08346	1.08257	1.07328	1.10862	1.08617	1.09187	1.08643	1.04738	1.02901	1.02643	1.02963	1.02819	1.01739	1.06633	1.07285	1.08111	1.07028	1.07327	1.06953
ERR608374	0.875609	0.878549	0.87684	0.881028	0.878299	0.874731	0.941759	0.922265	0.954043	0.946978	0.944013	0.913795	1.10778	1.12764	1.10367	1.12719	1.11422	1.10839	0.926232	0.929	0.936614	0.924299	0.922323	0.924874	0.927543	0.896208	0.924757	0.927035	0.895308	0.900399	0	0.808534	0.794302	0.807481	0.792079	0.800877	0.88686	0.885986	0.885897	0.905837	0.8853	0.902111	1.09712	1.09998	1.08793	1.09597	1.10257	1.09741	1.09448	1.09531	1.06937	1.09212	1.07896	1.09545	1.06342	1.06049	1.06516	1.06615	1.06054	1.06248	1.08273	1.06505	1.08462	1.08495	1.06468	1.06484	1.09404	1.09119	1.11114	1.08757	1.11795	1.08828	1.11127	1.09202	1.09207	1.09194	1.11405	1.11392	1.10721	1.09713	1.13458	1.11151	1.11721	1.11192	1.07236	1.05428	1.0523	1.05473	1.05366	1.04375	1.08955	1.09624	1.10456	1.09313	1.09605	1.09259
ERR608375	0.87529	0.878322	0.876474	0.880824	0.877922	0.873633	0.941216	0.921897	0.95455	0.946589	0.943378	0.913235	1.10391	1.12217	1.0997	1.12281	1.10907	1.10424	0.926265	0.929537	0.937102	0.924757	0.922667	0.925048	0.926327	0.89453	0.923586	0.925061	0.893175	0.898506	0.808534	0	0.792257	0.80412	0.788956	0.799074	0.885725	0.884283	0.884434	0.905318	0.884602	0.901182	1.09568	1.09838	1.08607	1.09487	1.10078	1.0958	1.0923	1.09351	1.06695	1.08979	1.07683	1.09293	1.06187	1.05906	1.06387	1.06532	1.05914	1.06109	1.0809	1.06268	1.08304	1.0832	1.06255	1.06258	1.09155	1.08758	1.10813	1.08508	1.11507	1.08553	1.10927	1.08995	1.08998	1.08931	1.11238	1.11231	1.10499	1.09449	1.13366	1.10993	1.11566	1.11025	1.07182	1.05268	1.05094	1.05307	1.05199	1.04199	1.08813	1.09528	1.10361	1.09152	1.09469	1.09105
ERR608373	0.850348	0.855265	0.85285	0.858184	0.855116	0.850728	0.924876	0.902619	0.934742	0.930036	0.927003	0.893597	1.0933	1.11663	1.08886	1.11567	1.10234	1.09415	0.910055	0.912435	0.921595	0.906261	0.904134	0.906499	0.910632	0.872838	0.907481	0.909868	0.87259	0.877369	0.794302	0.792257	0	0.791383	0.765911	0.776115	0.866925	0.866897	0.866822	0.890401	0.865872	0.884849	1.07899	1.0817	1.06951	1.07811	1.08513	1.07888	1.07644	1.07559	1.04918	1.07385	1.0595	1.07725	1.04345	1.04027	1.04509	1.04616	1.04091	1.04282	1.06183	1.04357	1.06408	1.06462	1.04333	1.04351	1.07702	1.07492	1.09583	1.06998	1.10259	1.07078	1.09316	1.07372	1.07353	1.07288	1.0969	1.09618	1.09005	1.07981	1.11825	1.09396	1.10008	1.09434	1.05624	1.03837	1.03599	1.03926	1.03795	1.0272	1.06882	1.07588	1.08479	1.07359	1.07678	1.07283
ERR608376	0.874437	0.877553	0.875227	0.879798	0.877023	0.87311	0.941748	0.92171	0.954694	0.946554	0.943592	0.91281	1.10277	1.12099	1.09861	1.1215	1.10779	1.10332	0.925804	0.928847	0.936476	0.924028	0.922024	0.924283	0.92606	0.894391	0.92334	0.9249	0.892769	0.898496	0.807481	0.80412	0.791383	0	0.788124	0.797978	0.885312	0.884218	0.88416	0.905156	0.884508	0.90163	1.09472	1.09762	1.08486	1.09329	1.09957	1.09485	1.09138	1.09284	1.06589	1.08896	1.07595	1.09225	1.06142	1.0588	1.06334	1.06462	1.05849	1.06053	1.08031	1.06191	1.08244	1.08262	1.06179	1.06186	1.09076	1.08681	1.10773	1.08417	1.11435	1.08495	1.10861	1.08881	1.08903	1.0884	1.11169	1.11173	1.10401	1.09372	1.1326	1.10871	1.11495	1.10948	1.07177	1.05193	1.05037	1.05252	1.05153	1.0417	1.08782	1.09438	1.1029	1.09105	1.09382	1.09053
ERR608372	0.853377	0.857427	0.855009	0.859819	0.856601	0.852373	0.926214	0.904267	0.938317	0.931773	0.9285	0.895128	1.08951	1.1108	1.0851	1.11068	1.09682	1.09046	0.910431	0.913583	0.922564	0.907775	0.906024	0.908605	0.909754	0.872761	0.907349	0.909089	0.871756	0.877574	0.792079	0.788956	0.765911	0.788124	0	0.775347	0.867515	0.86665	0.866749	0.890923	0.866794	0.886038	1.07941	1.08231	1.06961	1.07828	1.08531	1.07967	1.07592	1.07654	1.0489	1.07353	1.05949	1.07702	1.04529	1.04223	1.04731	1.04834	1.04239	1.04433	1.06294	1.04414	1.06553	1.06572	1.0441	1.04429	1.07662	1.07327	1.09472	1.06955	1.10176	1.07034	1.09378	1.07348	1.07333	1.07314	1.0974	1.09672	1.08922	1.07864	1.11879	1.0941	1.10028	1.09422	1.05805	1.03878	1.03658	1.03923	1.03836	1.02743	1.07083	1.07803	1.08693	1.07481	1.07813	1.07425
ERR608371	0.860627	0.864569	0.862594	0.867001	0.864577	0.86064	0.931643	0.910252	0.942164	0.93712	0.934185	0.90185	1.09988	1.12177	1.0957	1.12117	1.10792	1.10069	0.916575	0.918628	0.927118	0.913697	0.911535	0.913818	0.91715	0.882395	0.914376	0.916276	0.882049	0.886547	0.800877	0.799074	0.776115	0.797978	0.775347	0	0.874309	0.873942	0.873823	0.895701	0.873111	0.89056	1.08695	1.08997	1.07775	1.08627	1.09302	1.08723	1.08474	1.0844	1.05847	1.08242	1.06837	1.0853	1.05215	1.04914	1.05363	1.05437	1.04914	1.05112	1.07088	1.05288	1.07329	1.07387	1.05301	1.05288	1.08473	1.08221	1.10294	1.0779	1.10921	1.07861	1.10133	1.08207	1.08207	1.08148	1.10477	1.10407	1.09782	1.08772	1.12559	1.10189	1.10792	1.1026	1.06289	1.04486	1.04277	1.04562	1.04449	1.03405	1.078	1.08464	1.09327	1.08219	1.08533	1.08166
ERR607785	0.850501	0.854284	0.851941	0.856707	0.854112	0.850133	0.879164	0.856995	0.889014	0.883804	0.88103	0.850599	1.11196	1.13703	1.10798	1.13472	1.12303	1.11337	0.880371	0.881476	0.891208	0.876653	0.874991	0.876424	0.889844	0.852859	0.887112	0.889885	0.852775	0.856953	0.88686	0.885725	0.866925	0.885312	0.867515	0.874309	0	0.762881	0.762813	0.787452	0.76004	0.784392	1.09453	1.09724	1.08594	1.09379	1.10103	1.09454	1.08925	1.08838	1.06326	1.08694	1.07329	1.09033	1.04448	1.04101	1.0462	1.04665	1.04183	1.04342	1.07414	1.05645	1.07582	1.07637	1.05624	1.05635	1.09651	1.09467	1.11441	1.08961	1.12013	1.09005	1.10528	1.08672	1.08654	1.08605	1.10858	1.10771	1.10459	1.09467	1.13099	1.1081	1.11376	1.10793	1.06354	1.04658	1.04406	1.04705	1.0457	1.03503	1.08286	1.08994	1.09802	1.08758	1.09089	1.0871
ERR607781	0.850918	0.854669	0.852354	0.857232	0.854693	0.850068	0.880294	0.85841	0.892125	0.884798	0.881869	0.851134	1.10965	1.13331	1.10551	1.13114	1.11968	1.11082	0.879854	0.882008	0.891994	0.877708	0.875873	0.877473	0.888446	0.851499	0.886233	0.88877	0.850922	0.855862	0.885986	0.884283	0.866897	0.884218	0.86665	0.873942	0.762881	0	0.758955	0.790227	0.762197	0.783032	1.09387	1.09639	1.0847	1.09281	1.09987	1.09384	1.08761	1.08761	1.06167	1.08541	1.07164	1.08854	1.04414	1.04068	1.04609	1.04693	1.04105	1.04334	1.07323	1.0549	1.07518	1.07533	1.05488	1.05507	1.09528	1.0928	1.11293	1.08828	1.11913	1.08909	1.10407	1.08496	1.08492	1.08423	1.10718	1.10681	1.10326	1.09282	1.13047	1.10688	1.1129	1.10701	1.06351	1.04532	1.04271	1.04559	1.04422	1.03386	1.08268	1.08948	1.09792	1.08676	1.08988	1.08612
ERR607783	0.851332	0.854521	0.852842	0.857452	0.854651	0.850441	0.880748	0.858706	0.892563	0.885258	0.8825	0.851638	1.10915	1.13267	1.1052	1.13081	1.11889	1.1105	0.880246	0.882472	0.892252	0.878029	0.876147	0.877729	0.888994	0.851722	0.886519	0.88907	0.850883	0.855746	0.885897	0.884434	0.866822	0.88416	0.866749	0.873823	0.762813	0.758955	0	0.790067	0.762114	0.782976	1.09319	1.09584	1.08418	1.09234	1.09918	1.09314	1.08711	1.08742	1.06118	1.08482	1.07132	1.08797	1.04387	1.04033	1.04581	1.04657	1.04075	1.04276	1.07279	1.05463	1.07478	1.07502	1.05441	1.05462	1.09503	1.09214	1.11266	1.08808	1.11887	1.08869	1.10386	1.08436	1.08428	1.08389	1.10676	1.10634	1.10314	1.09268	1.13053	1.10685	1.11267	1.10703	1.06352	1.0452	1.0431	1.04554	1.04419	1.03375	1.08233	1.08902	1.09774	1.08641	1.08956	1.08589
ERR607784	0.875919	0.878339	0.877132	0.880243	0.878562	0.875853	0.898208	0.878855	0.90662	0.902348	0.89976	0.87389	1.13305	1.15575	1.12946	1.15376	1.14279	1.13449	0.897288	0.897647	0.90602	0.893751	0.892663	0.893612	0.909968	0.881481	0.908354	0.910497	0.881606	0.884318	0.905837	0.905318	0.890401	0.905156	0.890923	0.895701	0.787452	0.790227	0.790067	0	0.787175	0.804607	1.1169	1.11913	1.10911	1.11625	1.12266	1.11688	1.11265	1.11176	1.08833	1.1102	1.09737	1.11289	1.06599	1.06293	1.06775	1.06799	1.06354	1.06509	1.09851	1.08241	1.10032	1.10076	1.0821	1.08241	1.11883	1.11733	1.13532	1.11236	1.14053	1.11301	1.12697	1.10986	1.10995	1.10935	1.13016	1.12953	1.12677	1.11766	1.15112	1.13021	1.13569	1.13016	1.08012	1.06437	1.06206	1.06483	1.06369	1.05375	1.10685	1.11307	1.12069	1.11095	1.11371	1.11053
ERR607786	0.849664	0.853561	0.851636	0.856143	0.85367	0.849391	0.878829	0.857416	0.889624	0.883898	0.880833	0.850502	1.11076	1.13569	1.10694	1.13326	1.12171	1.1126	0.880399	0.880946	0.891202	0.876734	0.874729	0.876405	0.889209	0.851785	0.886557	0.889048	0.85174	0.855748	0.8853	0.884602	0.865872	0.884508	0.866794	0.873111	0.76004	0.762197	0.762114	0.787175	0	0.784668	1.09382	1.09643	1.08481	1.09293	1.09993	1.09376	1.08843	1.08744	1.06216	1.08624	1.07198	1.08915	1.04381	1.04024	1.04534	1.04597	1.04107	1.04269	1.07298	1.05549	1.07512	1.07574	1.05515	1.05548	1.09542	1.09364	1.11347	1.08831	1.11937	1.08918	1.10423	1.08554	1.08577	1.08493	1.1077	1.10696	1.10388	1.09385	1.13045	1.10743	1.11309	1.10738	1.06328	1.04605	1.04335	1.04666	1.04506	1.03457	1.0823	1.08908	1.09728	1.08698	1.08976	1.08622
ERR607782	0.869856	0.87296	0.871545	0.874459	0.872955	0.870001	0.894775	0.874779	0.902172	0.898889	0.896334	0.869151	1.13034	1.1539	1.12651	1.1514	1.14092	1.13171	0.893961	0.894061	0.902659	0.890225	0.889067	0.890006	0.906923	0.875547	0.904854	0.907208	0.876341	0.87942	0.902111	0.901182	0.884849	0.90163	0.886038	0.89056	0.784392	0.783032	0.782976	0.804607	0.784668	0	1.11222	1.11462	1.10463	1.1116	1.11838	1.11244	1.10825	1.10676	1.08399	1.10592	1.09298	1.10901	1.06198	1.05811	1.06326	1.06366	1.05929	1.06062	1.0932	1.07724	1.09473	1.09549	1.07671	1.07704	1.11459	1.1132	1.1315	1.10816	1.13666	1.10851	1.12264	1.1054	1.10578	1.10486	1.12589	1.12505	1.12282	1.1139	1.14657	1.12587	1.13132	1.12568	1.07607	1.06092	1.05809	1.06159	1.06026	1.04997	1.10152	1.10768	1.11513	1.10578	1.10864	1.10521
ERR631830	1.08087	1.08607	1.084	1.08855	1.08577	1.08122	1.11927	1.10285	1.12592	1.12222	1.12087	1.09647	0.940549	0.973731	0.93497	0.968962	0.957824	0.941648	1.11842	1.1191	1.12694	1.11529	1.11348	1.11535	1.09642	1.06511	1.09428	1.09565	1.06462	1.06914	1.09712	1.09568	1.07899	1.09472	1.07941	1.08695	1.09453	1.09387	1.09319	1.1169	1.09382	1.11222	0	0.810213	0.798497	0.808287	0.817124	0.805927	0.939458	0.938408	0.910345	0.936781	0.92054	0.940916	0.962897	0.961219	0.965419	0.966573	0.959912	0.962832	0.929055	0.909523	0.931524	0.932809	0.90827	0.909068	0.935253	0.93277	0.959756	0.926229	0.968373	0.926397	0.94885	0.925313	0.9258	0.924056	0.953154	0.952793	0.940524	0.929731	0.97144	0.945238	0.952713	0.946165	1.00292	0.980612	0.979708	0.981501	0.980295	0.970451	0.928192	0.934346	0.946114	0.93104	0.934598	0.930213
ERR631828	1.08332	1.08896	1.08663	1.09102	1.08813	1.08393	1.12181	1.10507	1.12831	1.12446	1.12336	1.0991	0.944233	0.976994	0.938624	0.972215	0.961289	0.94539	1.12072	1.1216	1.12922	1.11773	1.11575	1.11811	1.09885	1.06785	1.09633	1.09806	1.06745	1.07171	1.09998	1.09838	1.0817	1.09762	1.08231	1.08997	1.09724	1.09639	1.09584	1.11913	1.09643	1.11462	0.810213	0	0.802824	0.811971	0.820781	0.809488	0.94182	0.940765	0.913354	0.939144	0.922935	0.943548	0.965874	0.964443	0.968399	0.969603	0.962937	0.965933	0.931472	0.912166	0.934041	0.935374	0.911535	0.912226	0.938754	0.935963	0.962783	0.930062	0.971511	0.929957	0.950638	0.927955	0.928199	0.926608	0.955428	0.95503	0.943494	0.932517	0.973715	0.948125	0.955113	0.948646	1.00574	0.983955	0.982924	0.98492	0.983451	0.974028	0.931024	0.937579	0.949249	0.934054	0.938004	0.933244
ERR631827	1.0724	1.07784	1.07546	1.08001	1.07713	1.07223	1.11159	1.09452	1.11952	1.11437	1.11326	1.08781	0.928389	0.960658	0.922584	0.957168	0.944191	0.93014	1.11033	1.1118	1.11948	1.10764	1.10605	1.10796	1.08804	1.05559	1.08563	1.08725	1.05503	1.0598	1.08793	1.08607	1.06951	1.08486	1.06961	1.07775	1.08594	1.0847	1.08418	1.10911	1.08481	1.10463	0.798497	0.802824	0	0.797111	0.806594	0.798603	0.929488	0.930266	0.8989	0.926597	0.909969	0.931296	0.952628	0.951434	0.955452	0.95729	0.949269	0.952442	0.919908	0.898385	0.922898	0.923584	0.897732	0.898445	0.924745	0.920551	0.949776	0.914968	0.958963	0.915099	0.939786	0.914514	0.91507	0.91335	0.944424	0.944303	0.930611	0.91846	0.9649	0.936679	0.944578	0.937682	0.994158	0.969682	0.969161	0.970538	0.969182	0.959092	0.918855	0.926062	0.938351	0.921399	0.92565	0.92055
ERR631825	1.08016	1.08519	1.08329	1.08727	1.08503	1.08049	1.11858	1.1022	1.12579	1.12141	1.12029	1.09585	0.938473	0.971231	0.932719	0.966566	0.95495	0.939931	1.11778	1.1184	1.12627	1.11464	1.11305	1.11535	1.09493	1.06401	1.09284	1.09442	1.06319	1.06803	1.09597	1.09487	1.07811	1.09329	1.07828	1.08627	1.09379	1.09281	1.09234	1.11625	1.09293	1.1116	0.808287	0.811971	0.797111	0	0.816248	0.808375	0.938186	0.937711	0.909139	0.93532	0.919487	0.939768	0.961655	0.960135	0.964259	0.965736	0.958841	0.961902	0.928132	0.907985	0.930913	0.932147	0.907497	0.908003	0.934534	0.931284	0.958818	0.925165	0.967416	0.925395	0.94738	0.923509	0.923905	0.922427	0.951812	0.951426	0.939529	0.927736	0.971049	0.944857	0.951489	0.945218	1.00185	0.979324	0.978566	0.980426	0.979222	0.96966	0.927681	0.934496	0.946296	0.930585	0.934214	0.929546
ERR631826	1.08808	1.09318	1.09084	1.09533	1.09247	1.08797	1.12539	1.10946	1.13285	1.12815	1.12691	1.10312	0.941984	0.971704	0.936785	0.968252	0.95711	0.943118	1.1242	1.1254	1.13307	1.12156	1.12005	1.12231	1.1002	1.07066	1.09806	1.09957	1.06957	1.07426	1.10257	1.10078	1.08513	1.09957	1.08531	1.09302	1.10103	1.09987	1.09918	1.12266	1.09993	1.11838	0.817124	0.820781	0.806594	0.816248	0	0.817163	0.944573	0.944872	0.916764	0.941869	0.926422	0.945726	0.97032	0.969148	0.973123	0.974469	0.967233	0.970669	0.936346	0.917084	0.939032	0.939672	0.915873	0.916683	0.941646	0.937675	0.964369	0.932456	0.973241	0.932215	0.953548	0.930867	0.931081	0.929319	0.958118	0.957971	0.944333	0.933446	0.975752	0.95053	0.957322	0.951434	1.0103	0.987561	0.986967	0.988233	0.986873	0.977792	0.936682	0.942966	0.954752	0.939001	0.942556	0.937943
ERR631829	1.08049	1.08587	1.08381	1.08829	1.08538	1.08106	1.1192	1.10246	1.12588	1.12193	1.12085	1.09647	0.940196	0.973761	0.934493	0.968965	0.957485	0.941839	1.11825	1.11928	1.12696	1.1151	1.11373	1.11569	1.0959	1.06476	1.09352	1.09512	1.06447	1.06882	1.09741	1.0958	1.07888	1.09485	1.07967	1.08723	1.09454	1.09384	1.09314	1.11688	1.09376	1.11244	0.805927	0.809488	0.798603	0.808375	0.817163	0	0.939132	0.938361	0.910197	0.936396	0.920342	0.940355	0.962577	0.961309	0.965353	0.967049	0.959831	0.96295	0.928577	0.908788	0.930831	0.932355	0.907882	0.90874	0.93515	0.932412	0.959508	0.925867	0.968131	0.926141	0.947748	0.9243	0.924686	0.922819	0.952254	0.951612	0.940718	0.929503	0.971729	0.945524	0.952676	0.945852	1.00356	0.981204	0.980436	0.98204	0.980768	0.971384	0.928132	0.934718	0.946289	0.930813	0.934376	0.929628
