	ERR617660	ERR617657	ERR617656	ERR617659	ERR617658	ERR617655	ERR609045	ERR609050	ERR609049	ERR609047	ERR609048	ERR609046	ERR613974	ERR613977	ERR613972	ERR613975	ERR613973	ERR613976	ERR608936	ERR608932	ERR608935	ERR608934	ERR608931	ERR608933	ERR612225	ERR612224	ERR612221	ERR612223	ERR612226	ERR612222	ERR618587	ERR618589	ERR618588	ERR618586	ERR618590	ERR618585	ERR608806	ERR608810	ERR608807	ERR608808	ERR608809	ERR608805	ERR613454	ERR613449	ERR613451	ERR613450	ERR613453	ERR613452	ERR618617	ERR618620	ERR618615	ERR618616	ERR618618	ERR618619	ERR609253	ERR609257	ERR609258	ERR609255	ERR609256	ERR609254	ERR611301	ERR611302	ERR611300	ERR611299	ERR611297	ERR611298	ERR616833	ERR616831	ERR616832	ERR616829	ERR616830	ERR616834	ERR617033	ERR617037	ERR617038	ERR617036	ERR617034	ERR617035	ERR617439	ERR617441	ERR617440	ERR617444	ERR617443	ERR617442	ERR614999	ERR614998	ERR614996	ERR614995	ERR614994	ERR614997	ERR630147	ERR630150	ERR630146	ERR630148	ERR630149	ERR630151
ERR617660	5.19092e+08	2.57034e+08	1.68858e+08	3.75312e+08	3.76842e+08	3.63892e+08	1.64569e+08	2.68972e+08	2.65932e+08	2.94552e+08	2.75649e+08	2.60398e+08	2.26525e+08	2.98632e+08	2.93953e+08	2.57814e+08	2.6252e+08	2.58523e+08	2.51119e+08	3.16119e+08	2.55377e+08	2.59211e+08	2.4123e+08	3.41125e+08	1.95498e+08	2.45223e+08	3.25131e+08	3.08664e+08	2.39496e+08	3.06604e+08	3.44976e+08	3.17038e+08	3.41568e+08	3.35093e+08	3.17171e+08	3.60853e+08	3.58511e+08	2.51906e+08	3.59638e+08	2.53818e+08	2.58401e+08	3.40674e+08	2.68187e+08	3.24367e+08	3.22806e+08	3.22201e+08	2.69643e+08	2.74416e+08	1.89803e+08	1.70669e+08	2.0135e+08	1.84343e+08	1.85298e+08	1.70763e+08	2.38223e+08	2.47914e+08	2.43633e+08	2.20973e+08	1.88974e+08	2.34668e+08	1.69213e+08	1.68025e+08	1.69185e+08	2.28153e+08	2.15736e+08	2.04708e+08	1.79581e+08	2.28405e+08	1.77121e+08	2.09187e+08	2.06749e+08	1.80798e+08	1.78676e+08	1.55758e+08	1.5786e+08	1.58891e+08	1.8757e+08	1.94618e+08	1.96354e+08	2.05684e+08	2.03213e+08	2.17663e+08	2.39403e+08	2.35734e+08	2.40055e+08	2.33575e+08	1.90566e+08	1.98789e+08	1.92452e+08	2.3557e+08	2.09432e+08	1.86024e+08	2.42001e+08	2.27791e+08	1.45882e+08	1.85427e+08
ERR617657	2.57034e+08	2.85685e+08	1.20789e+08	2.61769e+08	2.62781e+08	2.56048e+08	1.14889e+08	1.86908e+08	1.84788e+08	2.04807e+08	1.92102e+08	1.81264e+08	1.60599e+08	2.10508e+08	2.07403e+08	1.82648e+08	1.85768e+08	1.82966e+08	1.75458e+08	2.19692e+08	1.78333e+08	1.80976e+08	1.68329e+08	2.36883e+08	1.36119e+08	1.70244e+08	2.24479e+08	2.13221e+08	1.66149e+08	2.11746e+08	2.39834e+08	2.21144e+08	2.37875e+08	2.32949e+08	2.21192e+08	2.5089e+08	2.51387e+08	1.78462e+08	2.51999e+08	1.79824e+08	1.82802e+08	2.39116e+08	1.86208e+08	2.24386e+08	2.23339e+08	2.22878e+08	1.87207e+08	1.90593e+08	1.29677e+08	1.16778e+08	1.37527e+08	1.2583e+08	1.26896e+08	1.16851e+08	1.62825e+08	1.69295e+08	1.6627e+08	1.50767e+08	1.29164e+08	1.60186e+08	1.16343e+08	1.15523e+08	1.16359e+08	1.56637e+08	1.48009e+08	1.40584e+08	1.21441e+08	1.54983e+08	1.19961e+08	1.41862e+08	1.40271e+08	1.22373e+08	1.21403e+08	1.05641e+08	1.06957e+08	1.07751e+08	1.27662e+08	1.3249e+08	1.34364e+08	1.41114e+08	1.39373e+08	1.49032e+08	1.6404e+08	1.61639e+08	1.62938e+08	1.58545e+08	1.29249e+08	1.34855e+08	1.30393e+08	1.59864e+08	1.42078e+08	1.26059e+08	1.64333e+08	1.54676e+08	9.8836e+07	1.25592e+08
ERR617656	1.68858e+08	1.20789e+08	1.49045e+08	1.72e+08	1.72459e+08	1.66358e+08	7.72471e+07	1.22326e+08	1.21027e+08	1.32881e+08	1.25037e+08	1.18842e+08	1.06692e+08	1.37448e+08	1.35315e+08	1.19274e+08	1.21646e+08	1.19541e+08	1.14895e+08	1.43362e+08	1.16673e+08	1.18349e+08	1.12291e+08	1.53759e+08	8.84622e+07	1.10106e+08	1.44232e+08	1.37706e+08	1.07492e+08	1.37061e+08	1.55336e+08	1.42101e+08	1.52874e+08	1.5123e+08	1.422e+08	1.62014e+08	1.62599e+08	1.1627e+08	1.63331e+08	1.16995e+08	1.19028e+08	1.55398e+08	1.21346e+08	1.46453e+08	1.45839e+08	1.45542e+08	1.21993e+08	1.24133e+08	8.21962e+07	7.34883e+07	8.70431e+07	7.99733e+07	7.98348e+07	7.3455e+07	1.01393e+08	1.05874e+08	1.04202e+08	9.50324e+07	8.02798e+07	1.00161e+08	7.27052e+07	7.21259e+07	7.26543e+07	9.72621e+07	9.23541e+07	8.72823e+07	7.80044e+07	9.8325e+07	7.70125e+07	9.05094e+07	8.90541e+07	7.84929e+07	7.64465e+07	6.72144e+07	6.8309e+07	6.85543e+07	7.98216e+07	8.27289e+07	8.47629e+07	8.80511e+07	8.70689e+07	9.3592e+07	1.02085e+08	1.00664e+08	1.0375e+08	1.01008e+08	8.23501e+07	8.62431e+07	8.35218e+07	1.01825e+08	9.07456e+07	8.133e+07	1.04437e+08	9.84454e+07	6.38962e+07	8.10711e+07
ERR617659	3.75312e+08	2.61769e+08	1.72e+08	5.36707e+08	3.83982e+08	3.70998e+08	1.67786e+08	2.74435e+08	2.71311e+08	3.00596e+08	2.8141e+08	2.65677e+08	2.31191e+08	3.04724e+08	2.99889e+08	2.62918e+08	2.67844e+08	2.63501e+08	2.55916e+08	3.22312e+08	2.60275e+08	2.64126e+08	2.45992e+08	3.47801e+08	1.99387e+08	2.50308e+08	3.31509e+08	3.14918e+08	2.44211e+08	3.12896e+08	3.51426e+08	3.22879e+08	3.48018e+08	3.41324e+08	3.22992e+08	3.67978e+08	3.655e+08	2.56845e+08	3.66701e+08	2.58738e+08	2.63444e+08	3.47276e+08	2.73675e+08	3.31154e+08	3.29446e+08	3.28791e+08	2.75154e+08	2.80119e+08	1.93729e+08	1.74184e+08	2.05452e+08	1.88266e+08	1.89343e+08	1.74359e+08	2.42971e+08	2.52923e+08	2.48505e+08	2.25513e+08	1.92743e+08	2.39474e+08	1.72341e+08	1.71151e+08	1.72307e+08	2.32434e+08	2.19696e+08	2.08518e+08	1.83173e+08	2.33094e+08	1.80735e+08	2.13612e+08	2.10938e+08	1.84516e+08	1.82002e+08	1.58879e+08	1.60912e+08	1.62088e+08	1.91258e+08	1.98553e+08	2.0029e+08	2.09713e+08	2.07281e+08	2.21995e+08	2.44011e+08	2.40413e+08	2.44948e+08	2.38195e+08	1.94399e+08	2.02916e+08	1.96226e+08	2.40249e+08	2.13728e+08	1.89942e+08	2.47004e+08	2.32565e+08	1.48826e+08	1.89376e+08
ERR617658	3.76842e+08	2.62781e+08	1.72459e+08	3.83982e+08	5.39896e+08	3.72327e+08	1.6847e+08	2.75458e+08	2.72342e+08	3.01841e+08	2.82408e+08	2.66821e+08	2.32032e+08	3.05915e+08	3.01005e+08	2.64143e+08	2.68889e+08	2.64718e+08	2.5696e+08	3.23539e+08	2.61307e+08	2.65202e+08	2.46831e+08	3.49265e+08	2.00324e+08	2.51325e+08	3.32925e+08	3.16244e+08	2.45462e+08	3.14154e+08	3.53042e+08	3.24545e+08	3.49767e+08	3.42826e+08	3.24438e+08	3.69548e+08	3.6702e+08	2.57996e+08	3.68213e+08	2.59944e+08	2.64588e+08	3.48789e+08	2.74643e+08	3.32218e+08	3.3048e+08	3.30025e+08	2.76147e+08	2.81162e+08	1.9452e+08	1.74916e+08	2.0625e+08	1.89048e+08	1.9017e+08	1.75159e+08	2.44305e+08	2.54126e+08	2.49889e+08	2.26467e+08	1.93724e+08	2.40621e+08	1.7353e+08	1.72386e+08	1.73503e+08	2.34038e+08	2.21181e+08	2.09978e+08	1.84016e+08	2.3425e+08	1.8156e+08	2.14566e+08	2.11787e+08	1.85124e+08	1.83025e+08	1.59552e+08	1.61688e+08	1.62945e+08	1.92406e+08	1.99642e+08	2.01373e+08	2.11087e+08	2.08498e+08	2.23225e+08	2.45575e+08	2.41901e+08	2.45907e+08	2.39225e+08	1.9512e+08	2.0371e+08	1.97214e+08	2.4124e+08	2.1477e+08	1.90688e+08	2.48148e+08	2.3359e+08	1.49446e+08	1.90071e+08
ERR617655	3.63892e+08	2.56048e+08	1.66358e+08	3.70998e+08	3.72327e+08	5.14808e+08	1.61724e+08	2.66199e+08	2.62981e+08	2.92346e+08	2.73546e+08	2.57624e+08	2.25016e+08	2.97861e+08	2.93542e+08	2.57891e+08	2.61869e+08	2.58301e+08	2.4925e+08	3.13344e+08	2.5364e+08	2.5727e+08	2.37755e+08	3.39038e+08	1.94054e+08	2.43463e+08	3.2299e+08	3.06143e+08	2.37709e+08	3.03654e+08	3.43214e+08	3.16738e+08	3.4119e+08	3.32596e+08	3.16859e+08	3.59053e+08	3.58305e+08	2.52252e+08	3.58677e+08	2.54102e+08	2.58431e+08	3.39907e+08	2.66004e+08	3.20907e+08	3.19136e+08	3.18705e+08	2.67524e+08	2.72206e+08	1.88419e+08	1.70225e+08	1.99951e+08	1.82717e+08	1.84769e+08	1.70303e+08	2.38712e+08	2.47758e+08	2.4331e+08	2.20028e+08	1.89529e+08	2.34572e+08	1.69832e+08	1.68663e+08	1.69829e+08	2.29548e+08	2.16418e+08	2.05972e+08	1.767e+08	2.26158e+08	1.74321e+08	2.06731e+08	2.04798e+08	1.78053e+08	1.77502e+08	1.54044e+08	1.55795e+08	1.57249e+08	1.87329e+08	1.94525e+08	1.95726e+08	2.06041e+08	2.03594e+08	2.17376e+08	2.40336e+08	2.36593e+08	2.3743e+08	2.30923e+08	1.88291e+08	1.9629e+08	1.89674e+08	2.33067e+08	2.06712e+08	1.82753e+08	2.39323e+08	2.25217e+08	1.4317e+08	1.82159e+08
ERR609045	1.64569e+08	1.14889e+08	7.72471e+07	1.67786e+08	1.6847e+08	1.61724e+08	1.85875e+08	1.69255e+08	1.67422e+08	1.83791e+08	1.72479e+08	1.64823e+08	1.14601e+08	1.48293e+08	1.4593e+08	1.27797e+08	1.30972e+08	1.28366e+08	1.34343e+08	1.68298e+08	1.36699e+08	1.38667e+08	1.31733e+08	1.80374e+08	1.06693e+08	1.32535e+08	1.72662e+08	1.65057e+08	1.29398e+08	1.64404e+08	1.77513e+08	1.61617e+08	1.7467e+08	1.72906e+08	1.61888e+08	1.85514e+08	1.74064e+08	1.23298e+08	1.75132e+08	1.24183e+08	1.26405e+08	1.66144e+08	1.42529e+08	1.72304e+08	1.71298e+08	1.7121e+08	1.43376e+08	1.45751e+08	9.84798e+07	8.79536e+07	1.04293e+08	9.59213e+07	9.54156e+07	8.787e+07	1.21177e+08	1.26608e+08	1.24477e+08	1.13526e+08	9.59206e+07	1.19711e+08	8.2399e+07	8.17398e+07	8.23574e+07	1.10404e+08	1.04958e+08	9.9115e+07	9.16152e+07	1.15513e+08	9.0511e+07	1.06285e+08	1.04457e+08	9.21706e+07	9.01891e+07	7.93608e+07	8.05616e+07	8.08959e+07	9.41305e+07	9.75939e+07	9.95408e+07	1.03301e+08	1.01995e+08	1.09898e+08	1.19814e+08	1.18002e+08	1.21876e+08	1.18578e+08	9.66932e+07	1.01121e+08	9.80188e+07	1.19511e+08	1.0688e+08	9.57691e+07	1.23104e+08	1.15919e+08	7.51501e+07	9.55138e+07
ERR609050	2.68972e+08	1.86908e+08	1.22326e+08	2.74435e+08	2.75458e+08	2.66199e+08	1.69255e+08	3.99569e+08	2.68976e+08	2.95133e+08	2.77732e+08	2.62103e+08	1.85023e+08	2.42132e+08	2.38114e+08	2.08382e+08	2.13008e+08	2.09179e+08	2.16594e+08	2.72616e+08	2.20438e+08	2.23664e+08	2.09407e+08	2.93431e+08	1.71695e+08	2.14678e+08	2.82237e+08	2.68426e+08	2.09632e+08	2.67379e+08	2.89999e+08	2.65114e+08	2.86527e+08	2.82081e+08	2.65234e+08	3.03752e+08	2.86788e+08	2.01776e+08	2.87977e+08	2.03309e+08	2.06905e+08	2.72715e+08	2.32694e+08	2.81514e+08	2.79853e+08	2.79815e+08	2.34198e+08	2.38246e+08	1.64453e+08	1.47559e+08	1.74466e+08	1.60119e+08	1.60131e+08	1.47419e+08	2.05106e+08	2.13863e+08	2.10154e+08	1.90802e+08	1.62791e+08	2.02401e+08	1.38439e+08	1.37432e+08	1.38455e+08	1.86503e+08	1.76856e+08	1.67432e+08	1.52627e+08	1.937e+08	1.50579e+08	1.77607e+08	1.75315e+08	1.53654e+08	1.51754e+08	1.32729e+08	1.34525e+08	1.35327e+08	1.59139e+08	1.65206e+08	1.66716e+08	1.74009e+08	1.71567e+08	1.84555e+08	2.01822e+08	1.98887e+08	2.03792e+08	1.98318e+08	1.61747e+08	1.68919e+08	1.63443e+08	2.00011e+08	1.78855e+08	1.5902e+08	2.06607e+08	1.94368e+08	1.24625e+08	1.58424e+08
ERR609049	2.65932e+08	1.84788e+08	1.21027e+08	2.71311e+08	2.72342e+08	2.62981e+08	1.67422e+08	2.68976e+08	3.92006e+08	2.91966e+08	2.74668e+08	2.59239e+08	1.82918e+08	2.39487e+08	2.35543e+08	2.06147e+08	2.10644e+08	2.06832e+08	2.14434e+08	2.69884e+08	2.18281e+08	2.21383e+08	2.07391e+08	2.90426e+08	1.69927e+08	2.12361e+08	2.79118e+08	2.65443e+08	2.07332e+08	2.64226e+08	2.86812e+08	2.62247e+08	2.8349e+08	2.78939e+08	2.6248e+08	3.0034e+08	2.83501e+08	1.99538e+08	2.84601e+08	2.01061e+08	2.04737e+08	2.69622e+08	2.30175e+08	2.78407e+08	2.76724e+08	2.76695e+08	2.31726e+08	2.35565e+08	1.62531e+08	1.45752e+08	1.72323e+08	1.58301e+08	1.58145e+08	1.45695e+08	2.02604e+08	2.1105e+08	2.07573e+08	1.88493e+08	1.60607e+08	1.99847e+08	1.36866e+08	1.35817e+08	1.36848e+08	1.84162e+08	1.7458e+08	1.65295e+08	1.50613e+08	1.91268e+08	1.48774e+08	1.75424e+08	1.72958e+08	1.51688e+08	1.4974e+08	1.31081e+08	1.32744e+08	1.33586e+08	1.56993e+08	1.62914e+08	1.64661e+08	1.71796e+08	1.69544e+08	1.82178e+08	1.9931e+08	1.96479e+08	2.0124e+08	1.95853e+08	1.59702e+08	1.66757e+08	1.61341e+08	1.9736e+08	1.7655e+08	1.57161e+08	2.04084e+08	1.91941e+08	1.23036e+08	1.56449e+08
ERR609047	2.94552e+08	2.04807e+08	1.32881e+08	3.00596e+08	3.01841e+08	2.92346e+08	1.83791e+08	2.95133e+08	2.91966e+08	4.64471e+08	3.02315e+08	2.86899e+08	2.02179e+08	2.6569e+08	2.61482e+08	2.28932e+08	2.33772e+08	2.29714e+08	2.36918e+08	2.9833e+08	2.41192e+08	2.44613e+08	2.2797e+08	3.21587e+08	1.87565e+08	2.3454e+08	3.09093e+08	2.93604e+08	2.29183e+08	2.92311e+08	3.18032e+08	2.91511e+08	3.15e+08	3.09053e+08	2.91797e+08	3.3303e+08	3.15441e+08	2.21821e+08	3.16654e+08	2.23637e+08	2.27499e+08	2.9967e+08	2.54707e+08	3.07854e+08	3.06054e+08	3.05934e+08	2.5636e+08	2.60727e+08	1.80742e+08	1.62414e+08	1.91592e+08	1.75688e+08	1.76277e+08	1.62307e+08	2.26182e+08	2.35512e+08	2.31403e+08	2.09882e+08	1.79614e+08	2.22854e+08	1.53062e+08	1.51808e+08	1.53127e+08	2.0642e+08	1.95299e+08	1.85244e+08	1.66934e+08	2.12788e+08	1.64838e+08	1.94965e+08	1.9263e+08	1.68004e+08	1.66885e+08	1.45636e+08	1.47285e+08	1.48454e+08	1.75506e+08	1.82225e+08	1.83596e+08	1.92029e+08	1.8958e+08	2.03255e+08	2.23143e+08	2.19801e+08	2.23541e+08	2.17474e+08	1.77315e+08	1.84973e+08	1.78935e+08	2.19254e+08	1.95922e+08	1.73688e+08	2.26664e+08	2.13158e+08	1.36174e+08	1.73313e+08
ERR609048	2.75649e+08	1.92102e+08	1.25037e+08	2.8141e+08	2.82408e+08	2.73546e+08	1.72479e+08	2.77732e+08	2.74668e+08	3.02315e+08	4.14757e+08	2.67961e+08	1.89671e+08	2.48748e+08	2.4492e+08	2.14603e+08	2.19125e+08	2.15257e+08	2.21965e+08	2.79251e+08	2.2604e+08	2.29308e+08	2.14144e+08	3.00946e+08	1.75718e+08	2.19787e+08	2.89004e+08	2.74909e+08	2.14596e+08	2.73473e+08	2.97563e+08	2.72544e+08	2.94401e+08	2.89273e+08	2.72907e+08	3.11495e+08	2.9476e+08	2.07513e+08	2.95707e+08	2.09197e+08	2.12848e+08	2.80034e+08	2.38285e+08	2.8785e+08	2.86366e+08	2.85988e+08	2.39882e+08	2.43849e+08	1.68265e+08	1.51146e+08	1.7844e+08	1.63557e+08	1.63976e+08	1.51099e+08	2.10032e+08	2.18621e+08	2.14938e+08	1.95027e+08	1.66695e+08	2.07015e+08	1.42503e+08	1.41332e+08	1.42508e+08	1.91899e+08	1.81654e+08	1.72287e+08	1.55163e+08	1.97536e+08	1.53288e+08	1.81018e+08	1.7869e+08	1.56226e+08	1.55004e+08	1.35216e+08	1.36919e+08	1.37955e+08	1.62707e+08	1.68941e+08	1.7076e+08	1.78441e+08	1.76167e+08	1.88999e+08	2.07396e+08	2.04244e+08	2.07791e+08	2.02237e+08	1.64815e+08	1.72057e+08	1.66458e+08	2.03891e+08	1.82033e+08	1.61669e+08	2.1039e+08	1.98091e+08	1.2668e+08	1.61122e+08
ERR609046	2.60398e+08	1.81264e+08	1.18842e+08	2.65677e+08	2.66821e+08	2.57624e+08	1.64823e+08	2.62103e+08	2.59239e+08	2.86899e+08	2.67961e+08	3.78168e+08	1.79336e+08	2.34641e+08	2.30946e+08	2.02045e+08	2.06668e+08	2.02813e+08	2.09746e+08	2.63865e+08	2.13464e+08	2.16549e+08	2.02977e+08	2.83969e+08	1.66096e+08	2.07602e+08	2.72687e+08	2.59534e+08	2.0271e+08	2.58457e+08	2.80713e+08	2.56719e+08	2.774e+08	2.72992e+08	2.56887e+08	2.93831e+08	2.77871e+08	1.9567e+08	2.78921e+08	1.97115e+08	2.00566e+08	2.64128e+08	2.25127e+08	2.72005e+08	2.70541e+08	2.70363e+08	2.26502e+08	2.30269e+08	1.58515e+08	1.42256e+08	1.68163e+08	1.54386e+08	1.54307e+08	1.42142e+08	1.97499e+08	2.05834e+08	2.0241e+08	1.83959e+08	1.56672e+08	1.95e+08	1.33706e+08	1.32665e+08	1.33692e+08	1.79819e+08	1.70625e+08	1.61647e+08	1.46842e+08	1.8646e+08	1.44885e+08	1.71023e+08	1.68678e+08	1.47755e+08	1.46102e+08	1.27921e+08	1.29513e+08	1.30289e+08	1.53336e+08	1.59027e+08	1.60729e+08	1.6766e+08	1.65722e+08	1.78004e+08	1.94822e+08	1.91906e+08	1.96226e+08	1.90943e+08	1.55615e+08	1.62534e+08	1.57307e+08	1.92607e+08	1.71981e+08	1.53082e+08	1.98815e+08	1.86933e+08	1.19914e+08	1.52485e+08
ERR613974	2.26525e+08	1.60599e+08	1.06692e+08	2.31191e+08	2.32032e+08	2.25016e+08	1.14601e+08	1.85023e+08	1.82918e+08	2.02179e+08	1.89671e+08	1.79336e+08	2.79693e+08	2.34877e+08	2.32321e+08	2.0417e+08	2.08596e+08	2.04534e+08	1.72205e+08	2.1554e+08	1.75126e+08	1.7769e+08	1.66058e+08	2.31856e+08	1.40684e+08	1.75302e+08	2.29091e+08	2.17963e+08	1.71081e+08	2.16799e+08	2.33048e+08	2.14272e+08	2.30839e+08	2.26586e+08	2.14396e+08	2.43702e+08	2.40996e+08	1.72296e+08	2.4171e+08	1.7364e+08	1.76699e+08	2.29593e+08	1.90729e+08	2.29901e+08	2.28506e+08	2.28296e+08	1.91939e+08	1.95388e+08	1.31428e+08	1.18287e+08	1.39232e+08	1.2778e+08	1.28386e+08	1.18397e+08	1.59142e+08	1.65616e+08	1.62829e+08	1.47689e+08	1.26327e+08	1.5684e+08	1.17678e+08	1.16661e+08	1.17499e+08	1.57729e+08	1.49562e+08	1.41876e+08	1.21324e+08	1.54488e+08	1.19649e+08	1.41253e+08	1.39677e+08	1.223e+08	1.1906e+08	1.03651e+08	1.04842e+08	1.05744e+08	1.24776e+08	1.29736e+08	1.35135e+08	1.41425e+08	1.39819e+08	1.49735e+08	1.64317e+08	1.61732e+08	1.61604e+08	1.57185e+08	1.28517e+08	1.34002e+08	1.29568e+08	1.58424e+08	1.40139e+08	1.24637e+08	1.61903e+08	1.52473e+08	9.76784e+07	1.24132e+08
ERR613977	2.98632e+08	2.10508e+08	1.37448e+08	3.04724e+08	3.05915e+08	2.97861e+08	1.48293e+08	2.42132e+08	2.39487e+08	2.6569e+08	2.48748e+08	2.34641e+08	2.34877e+08	4.41519e+08	3.04176e+08	2.67449e+08	2.72145e+08	2.68091e+08	2.25877e+08	2.83457e+08	2.2983e+08	2.33262e+08	2.16198e+08	3.05912e+08	1.8432e+08	2.30483e+08	3.02685e+08	2.87434e+08	2.24816e+08	2.85641e+08	3.08022e+08	2.83992e+08	3.05845e+08	2.98805e+08	2.84168e+08	3.22459e+08	3.18767e+08	2.26215e+08	3.19071e+08	2.28021e+08	2.32041e+08	3.02864e+08	2.503e+08	3.0183e+08	3.00236e+08	2.99718e+08	2.51908e+08	2.56408e+08	1.74571e+08	1.57668e+08	1.85124e+08	1.69515e+08	1.71041e+08	1.57678e+08	2.14033e+08	2.22432e+08	2.18702e+08	1.97772e+08	1.70223e+08	2.10626e+08	1.58028e+08	1.56693e+08	1.57787e+08	2.12812e+08	2.01138e+08	1.91347e+08	1.61759e+08	2.06937e+08	1.596e+08	1.88967e+08	1.87146e+08	1.63061e+08	1.59955e+08	1.38829e+08	1.40317e+08	1.41607e+08	1.68479e+08	1.75097e+08	1.80548e+08	1.89735e+08	1.87638e+08	2.00584e+08	2.21011e+08	2.17577e+08	2.16165e+08	2.10147e+08	1.71714e+08	1.78877e+08	1.72784e+08	2.11813e+08	1.87155e+08	1.65728e+08	2.16587e+08	2.03899e+08	1.29664e+08	1.65124e+08
ERR613972	2.93953e+08	2.07403e+08	1.35315e+08	2.99889e+08	3.01005e+08	2.93542e+08	1.4593e+08	2.38114e+08	2.35543e+08	2.61482e+08	2.4492e+08	2.30946e+08	2.32321e+08	3.04176e+08	4.31191e+08	2.63848e+08	2.69377e+08	2.64563e+08	2.22444e+08	2.79216e+08	2.26382e+08	2.29713e+08	2.12943e+08	3.01191e+08	1.81834e+08	2.27142e+08	2.98104e+08	2.83202e+08	2.21751e+08	2.81509e+08	3.03397e+08	2.79632e+08	3.01472e+08	2.94278e+08	2.79829e+08	3.1744e+08	3.14399e+08	2.23174e+08	3.14748e+08	2.24969e+08	2.29066e+08	2.98635e+08	2.46596e+08	2.97246e+08	2.95599e+08	2.9524e+08	2.48346e+08	2.52652e+08	1.71928e+08	1.55481e+08	1.82478e+08	1.6692e+08	1.68503e+08	1.55345e+08	2.10854e+08	2.18958e+08	2.15359e+08	1.94746e+08	1.67649e+08	2.07171e+08	1.55875e+08	1.54618e+08	1.55612e+08	2.10025e+08	1.98324e+08	1.88693e+08	1.59233e+08	2.03773e+08	1.57053e+08	1.85934e+08	1.84219e+08	1.60457e+08	1.57403e+08	1.36446e+08	1.37976e+08	1.39263e+08	1.65874e+08	1.72388e+08	1.77947e+08	1.8713e+08	1.84979e+08	1.97714e+08	2.18039e+08	2.14603e+08	2.12808e+08	2.06939e+08	1.69179e+08	1.76045e+08	1.70104e+08	2.08514e+08	1.84172e+08	1.63163e+08	2.13337e+08	2.00697e+08	1.27729e+08	1.62507e+08
ERR613975	2.57814e+08	1.82648e+08	1.19274e+08	2.62918e+08	2.64143e+08	2.57891e+08	1.27797e+08	2.08382e+08	2.06147e+08	2.28932e+08	2.14603e+08	2.02045e+08	2.0417e+08	2.67449e+08	2.63848e+08	3.46032e+08	2.36347e+08	2.34e+08	1.95191e+08	2.44307e+08	1.98534e+08	2.01359e+08	1.8645e+08	2.63574e+08	1.59055e+08	1.98527e+08	2.60212e+08	2.47144e+08	1.93692e+08	2.45326e+08	2.65493e+08	2.45362e+08	2.64216e+08	2.57749e+08	2.4558e+08	2.78004e+08	2.75847e+08	1.96749e+08	2.75976e+08	1.98367e+08	2.01739e+08	2.62166e+08	2.15989e+08	2.59664e+08	2.58348e+08	2.57879e+08	2.17499e+08	2.21066e+08	1.49799e+08	1.35482e+08	1.58922e+08	1.45441e+08	1.47105e+08	1.35649e+08	1.83603e+08	1.906e+08	1.87267e+08	1.6936e+08	1.46102e+08	1.80408e+08	1.36364e+08	1.35221e+08	1.36224e+08	1.83463e+08	1.73254e+08	1.65101e+08	1.37623e+08	1.76355e+08	1.35764e+08	1.60784e+08	1.59611e+08	1.38627e+08	1.36569e+08	1.18288e+08	1.19529e+08	1.20737e+08	1.44024e+08	1.49608e+08	1.54894e+08	1.63164e+08	1.61217e+08	1.72161e+08	1.90128e+08	1.87038e+08	1.84175e+08	1.79058e+08	1.46355e+08	1.52264e+08	1.47085e+08	1.80501e+08	1.59306e+08	1.40832e+08	1.84536e+08	1.73533e+08	1.10295e+08	1.40412e+08
ERR613973	2.6252e+08	1.85768e+08	1.21646e+08	2.67844e+08	2.68889e+08	2.61869e+08	1.30972e+08	2.13008e+08	2.10644e+08	2.33772e+08	2.19125e+08	2.06668e+08	2.08596e+08	2.72145e+08	2.69377e+08	2.36347e+08	3.56402e+08	2.36879e+08	1.99107e+08	2.49406e+08	2.02422e+08	2.05237e+08	1.90734e+08	2.68907e+08	1.62348e+08	2.02707e+08	2.65625e+08	2.52533e+08	1.9795e+08	2.50863e+08	2.70719e+08	2.49532e+08	2.68926e+08	2.6282e+08	2.4973e+08	2.83268e+08	2.80421e+08	1.9986e+08	2.80932e+08	2.01358e+08	2.0501e+08	2.66636e+08	2.20255e+08	2.6532e+08	2.63933e+08	2.63416e+08	2.21789e+08	2.25558e+08	1.52824e+08	1.38021e+08	1.62105e+08	1.48443e+08	1.49754e+08	1.38114e+08	1.86644e+08	1.94054e+08	1.9074e+08	1.72615e+08	1.48368e+08	1.83707e+08	1.38159e+08	1.36992e+08	1.37871e+08	1.85723e+08	1.75704e+08	1.67068e+08	1.41082e+08	1.80297e+08	1.39114e+08	1.64644e+08	1.63098e+08	1.42154e+08	1.39278e+08	1.20903e+08	1.22244e+08	1.23399e+08	1.46731e+08	1.52394e+08	1.57858e+08	1.65836e+08	1.63868e+08	1.75252e+08	1.9313e+08	1.90031e+08	1.88365e+08	1.83144e+08	1.49702e+08	1.55956e+08	1.50624e+08	1.84655e+08	1.63116e+08	1.44646e+08	1.88852e+08	1.77786e+08	1.1319e+08	1.44058e+08
ERR613976	2.58523e+08	1.82966e+08	1.19541e+08	2.63501e+08	2.64718e+08	2.58301e+08	1.28366e+08	2.09179e+08	2.06832e+08	2.29714e+08	2.15257e+08	2.02813e+08	2.04534e+08	2.68091e+08	2.64563e+08	2.34e+08	2.36879e+08	3.47553e+08	1.96014e+08	2.45461e+08	1.99416e+08	2.02203e+08	1.87186e+08	2.64743e+08	1.59684e+08	1.99364e+08	2.6108e+08	2.48118e+08	1.94465e+08	2.46319e+08	2.66728e+08	2.4659e+08	2.65461e+08	2.58731e+08	2.46722e+08	2.79123e+08	2.76762e+08	1.97413e+08	2.76824e+08	1.99017e+08	2.02395e+08	2.62915e+08	2.16351e+08	2.60144e+08	2.58891e+08	2.5844e+08	2.17849e+08	2.21553e+08	1.50265e+08	1.35934e+08	1.59317e+08	1.45831e+08	1.47488e+08	1.36116e+08	1.84134e+08	1.91081e+08	1.87892e+08	1.69839e+08	1.4644e+08	1.80886e+08	1.3667e+08	1.35601e+08	1.36535e+08	1.8399e+08	1.7374e+08	1.65477e+08	1.37916e+08	1.76708e+08	1.36119e+08	1.61195e+08	1.59871e+08	1.39035e+08	1.36806e+08	1.18573e+08	1.19736e+08	1.20951e+08	1.44358e+08	1.50043e+08	1.55334e+08	1.63518e+08	1.61717e+08	1.72746e+08	1.90641e+08	1.87519e+08	1.84609e+08	1.79471e+08	1.4667e+08	1.52681e+08	1.47403e+08	1.80912e+08	1.59627e+08	1.41189e+08	1.84883e+08	1.74043e+08	1.10593e+08	1.40734e+08
ERR608936	2.51119e+08	1.75458e+08	1.14895e+08	2.55916e+08	2.5696e+08	2.4925e+08	1.34343e+08	2.16594e+08	2.14434e+08	2.36918e+08	2.21965e+08	2.09746e+08	1.72205e+08	2.25877e+08	2.22444e+08	1.95191e+08	1.99107e+08	1.96014e+08	3.55385e+08	2.97652e+08	2.44344e+08	2.4761e+08	2.29887e+08	3.19874e+08	1.72904e+08	2.14638e+08	2.80141e+08	2.66696e+08	2.09808e+08	2.65036e+08	2.86988e+08	2.64348e+08	2.84611e+08	2.79032e+08	2.65038e+08	2.99864e+08	2.65501e+08	1.87733e+08	2.65961e+08	1.894e+08	1.92613e+08	2.5194e+08	2.1086e+08	2.53982e+08	2.52335e+08	2.5241e+08	2.12276e+08	2.15798e+08	1.44359e+08	1.30017e+08	1.53229e+08	1.40455e+08	1.40989e+08	1.30097e+08	1.82259e+08	1.89504e+08	1.8617e+08	1.68701e+08	1.44618e+08	1.79393e+08	1.28036e+08	1.27015e+08	1.28035e+08	1.72129e+08	1.62844e+08	1.54604e+08	1.34157e+08	1.71113e+08	1.3226e+08	1.56555e+08	1.54825e+08	1.35137e+08	1.32772e+08	1.15641e+08	1.16941e+08	1.17875e+08	1.3971e+08	1.45081e+08	1.46676e+08	1.53659e+08	1.5164e+08	1.62571e+08	1.78601e+08	1.75928e+08	1.79066e+08	1.74118e+08	1.42088e+08	1.48197e+08	1.43345e+08	1.75744e+08	1.54878e+08	1.37288e+08	1.79179e+08	1.68873e+08	1.0755e+08	1.36832e+08
ERR608932	3.16119e+08	2.19692e+08	1.43362e+08	3.22312e+08	3.23539e+08	3.13344e+08	1.68298e+08	2.72616e+08	2.69884e+08	2.9833e+08	2.79251e+08	2.63865e+08	2.1554e+08	2.83457e+08	2.79216e+08	2.44307e+08	2.49406e+08	2.45461e+08	2.97652e+08	5.22721e+08	3.03166e+08	3.0744e+08	2.87715e+08	4.02326e+08	2.15809e+08	2.68987e+08	3.52638e+08	3.35457e+08	2.62752e+08	3.33387e+08	3.59704e+08	3.30553e+08	3.56208e+08	3.49593e+08	3.3116e+08	3.76188e+08	3.33636e+08	2.34445e+08	3.3448e+08	2.3668e+08	2.4054e+08	3.16711e+08	2.65693e+08	3.20975e+08	3.18902e+08	3.18795e+08	2.67488e+08	2.72039e+08	1.83835e+08	1.65321e+08	1.95159e+08	1.78868e+08	1.79327e+08	1.65387e+08	2.31876e+08	2.41093e+08	2.36936e+08	2.14872e+08	1.83876e+08	2.28153e+08	1.62806e+08	1.61658e+08	1.62796e+08	2.19212e+08	2.07484e+08	1.96891e+08	1.71732e+08	2.19055e+08	1.69427e+08	2.00578e+08	1.98218e+08	1.72983e+08	1.69678e+08	1.47845e+08	1.49595e+08	1.50812e+08	1.78322e+08	1.85146e+08	1.8669e+08	1.95368e+08	1.92921e+08	2.0686e+08	2.27175e+08	2.23833e+08	2.29213e+08	2.23177e+08	1.8181e+08	1.89835e+08	1.83541e+08	2.25037e+08	1.98416e+08	1.76159e+08	2.29452e+08	2.16186e+08	1.37874e+08	1.75581e+08
ERR608935	2.55377e+08	1.78333e+08	1.16673e+08	2.60275e+08	2.61307e+08	2.5364e+08	1.36699e+08	2.20438e+08	2.18281e+08	2.41192e+08	2.2604e+08	2.13464e+08	1.75126e+08	2.2983e+08	2.26382e+08	1.98534e+08	2.02422e+08	1.99416e+08	2.44344e+08	3.03166e+08	3.66133e+08	2.52198e+08	2.34073e+08	3.25727e+08	1.76111e+08	2.18644e+08	2.85472e+08	2.71514e+08	2.13768e+08	2.70051e+08	2.92218e+08	2.6918e+08	2.89895e+08	2.8411e+08	2.69805e+08	3.05425e+08	2.70037e+08	1.9107e+08	2.70705e+08	1.92737e+08	1.95866e+08	2.56411e+08	2.14664e+08	2.58599e+08	2.56934e+08	2.57027e+08	2.16287e+08	2.19779e+08	1.4716e+08	1.32513e+08	1.56111e+08	1.43108e+08	1.43758e+08	1.3257e+08	1.85655e+08	1.93046e+08	1.89687e+08	1.71921e+08	1.4739e+08	1.82642e+08	1.30528e+08	1.29521e+08	1.30517e+08	1.7547e+08	1.6606e+08	1.57654e+08	1.36681e+08	1.74368e+08	1.34709e+08	1.59461e+08	1.57693e+08	1.3756e+08	1.3524e+08	1.17782e+08	1.19104e+08	1.20154e+08	1.42402e+08	1.47785e+08	1.49358e+08	1.56621e+08	1.54512e+08	1.65655e+08	1.81933e+08	1.79221e+08	1.82517e+08	1.77465e+08	1.44795e+08	1.51116e+08	1.45967e+08	1.79024e+08	1.57856e+08	1.39976e+08	1.82644e+08	1.72019e+08	1.09683e+08	1.39479e+08
ERR608934	2.59211e+08	1.80976e+08	1.18349e+08	2.64126e+08	2.65202e+08	2.5727e+08	1.38667e+08	2.23664e+08	2.21383e+08	2.44613e+08	2.29308e+08	2.16549e+08	1.7769e+08	2.33262e+08	2.29713e+08	2.01359e+08	2.05237e+08	2.02203e+08	2.4761e+08	3.0744e+08	2.52198e+08	3.74792e+08	2.37407e+08	3.30335e+08	1.78391e+08	2.21452e+08	2.89369e+08	2.75246e+08	2.16645e+08	2.73619e+08	2.96176e+08	2.72874e+08	2.93895e+08	2.88022e+08	2.73525e+08	3.09666e+08	2.73891e+08	1.93754e+08	2.74697e+08	1.95484e+08	1.98645e+08	2.60086e+08	2.17641e+08	2.62391e+08	2.60662e+08	2.60642e+08	2.19213e+08	2.22907e+08	1.49085e+08	1.34312e+08	1.58283e+08	1.45045e+08	1.45653e+08	1.3432e+08	1.88246e+08	1.95746e+08	1.92363e+08	1.74317e+08	1.49486e+08	1.85195e+08	1.32393e+08	1.31397e+08	1.32477e+08	1.77966e+08	1.68512e+08	1.59952e+08	1.38632e+08	1.76985e+08	1.3669e+08	1.6189e+08	1.60121e+08	1.39668e+08	1.37166e+08	1.1961e+08	1.2081e+08	1.21976e+08	1.44452e+08	1.49965e+08	1.51618e+08	1.58828e+08	1.56717e+08	1.68045e+08	1.84608e+08	1.81863e+08	1.85068e+08	1.80067e+08	1.46856e+08	1.53189e+08	1.48116e+08	1.81509e+08	1.6018e+08	1.42023e+08	1.85331e+08	1.7448e+08	1.11235e+08	1.41518e+08
ERR608931	2.4123e+08	1.68329e+08	1.12291e+08	2.45992e+08	2.46831e+08	2.37755e+08	1.31733e+08	2.09407e+08	2.07391e+08	2.2797e+08	2.14144e+08	2.02977e+08	1.66058e+08	2.16198e+08	2.12943e+08	1.8645e+08	1.90734e+08	1.87186e+08	2.29887e+08	2.87715e+08	2.34073e+08	2.37407e+08	3.34606e+08	3.08027e+08	1.66779e+08	2.06782e+08	2.69005e+08	2.56622e+08	2.02066e+08	2.55524e+08	2.74917e+08	2.51746e+08	2.71194e+08	2.67923e+08	2.5232e+08	2.87107e+08	2.52782e+08	1.78876e+08	2.54135e+08	1.80361e+08	1.83433e+08	2.40727e+08	2.02471e+08	2.44742e+08	2.43174e+08	2.43143e+08	2.03842e+08	2.07466e+08	1.38137e+08	1.2364e+08	1.46681e+08	1.34706e+08	1.34195e+08	1.23709e+08	1.71605e+08	1.78862e+08	1.75862e+08	1.60157e+08	1.35889e+08	1.69273e+08	1.21043e+08	1.20103e+08	1.21002e+08	1.62216e+08	1.53888e+08	1.45599e+08	1.29267e+08	1.63585e+08	1.27499e+08	1.50221e+08	1.47958e+08	1.30051e+08	1.26205e+08	1.10666e+08	1.12124e+08	1.1273e+08	1.32073e+08	1.3685e+08	1.39641e+08	1.45414e+08	1.43388e+08	1.54426e+08	1.68696e+08	1.66166e+08	1.71623e+08	1.6706e+08	1.36212e+08	1.42444e+08	1.37811e+08	1.68539e+08	1.48737e+08	1.3296e+08	1.71536e+08	1.61581e+08	1.04112e+08	1.32417e+08
ERR608933	3.41125e+08	2.36883e+08	1.53759e+08	3.47801e+08	3.49265e+08	3.39038e+08	1.80374e+08	2.93431e+08	2.90426e+08	3.21587e+08	3.00946e+08	2.83969e+08	2.31856e+08	3.05912e+08	3.01191e+08	2.63574e+08	2.68907e+08	2.64743e+08	3.19874e+08	4.02326e+08	3.25727e+08	3.30335e+08	3.08027e+08	5.95646e+08	2.31918e+08	2.89412e+08	3.80214e+08	3.61272e+08	2.82866e+08	3.59108e+08	3.88033e+08	3.56887e+08	3.84796e+08	3.76766e+08	3.57651e+08	4.05955e+08	3.61038e+08	2.53254e+08	3.61762e+08	2.5555e+08	2.59925e+08	3.42244e+08	2.8656e+08	3.46021e+08	3.43782e+08	3.43838e+08	2.88474e+08	2.93428e+08	1.99103e+08	1.79261e+08	2.11425e+08	1.93678e+08	1.94551e+08	1.79377e+08	2.52351e+08	2.62143e+08	2.57609e+08	2.33271e+08	2.00176e+08	2.4819e+08	1.77071e+08	1.75732e+08	1.77003e+08	2.38553e+08	2.25636e+08	2.14308e+08	1.86066e+08	2.37813e+08	1.83616e+08	2.17588e+08	2.15262e+08	1.87443e+08	1.84345e+08	1.60286e+08	1.62079e+08	1.63607e+08	1.94252e+08	2.01598e+08	2.02561e+08	2.1247e+08	2.09747e+08	2.24703e+08	2.47292e+08	2.43718e+08	2.48788e+08	2.41954e+08	1.97247e+08	2.05793e+08	1.98855e+08	2.4402e+08	2.15237e+08	1.9075e+08	2.49172e+08	2.34613e+08	1.49263e+08	1.90051e+08
ERR612225	1.95498e+08	1.36119e+08	8.84622e+07	1.99387e+08	2.00324e+08	1.94054e+08	1.06693e+08	1.71695e+08	1.69927e+08	1.87565e+08	1.75718e+08	1.66096e+08	1.40684e+08	1.8432e+08	1.81834e+08	1.59055e+08	1.62348e+08	1.59684e+08	1.72904e+08	2.15809e+08	1.76111e+08	1.78391e+08	1.66779e+08	2.31918e+08	2.69719e+08	2.14189e+08	2.77546e+08	2.64448e+08	2.09279e+08	2.63039e+08	2.24547e+08	2.06099e+08	2.22355e+08	2.18444e+08	2.06554e+08	2.34939e+08	2.10789e+08	1.49499e+08	2.1156e+08	1.50859e+08	1.53384e+08	2.00441e+08	1.73778e+08	2.09932e+08	2.08585e+08	2.08391e+08	1.7516e+08	1.78082e+08	1.31197e+08	1.17897e+08	1.39002e+08	1.27583e+08	1.28188e+08	1.18189e+08	1.65626e+08	1.72192e+08	1.69449e+08	1.53631e+08	1.31732e+08	1.63025e+08	1.16318e+08	1.15429e+08	1.16296e+08	1.55829e+08	1.47615e+08	1.40139e+08	1.25576e+08	1.59422e+08	1.23723e+08	1.46092e+08	1.44385e+08	1.26494e+08	1.23742e+08	1.07995e+08	1.09172e+08	1.10089e+08	1.29988e+08	1.34935e+08	1.37295e+08	1.43532e+08	1.41874e+08	1.52085e+08	1.6674e+08	1.64169e+08	1.6419e+08	1.59825e+08	1.30626e+08	1.36283e+08	1.31732e+08	1.61057e+08	1.42739e+08	1.26914e+08	1.64807e+08	1.5527e+08	9.95686e+07	1.2646e+08
ERR612224	2.45223e+08	1.70244e+08	1.10106e+08	2.50308e+08	2.51325e+08	2.43463e+08	1.32535e+08	2.14678e+08	2.12361e+08	2.3454e+08	2.19787e+08	2.07602e+08	1.75302e+08	2.30483e+08	2.27142e+08	1.98527e+08	2.02707e+08	1.99364e+08	2.14638e+08	2.68987e+08	2.18644e+08	2.21452e+08	2.06782e+08	2.89412e+08	2.14189e+08	3.88684e+08	3.46865e+08	3.3014e+08	2.6002e+08	3.28332e+08	2.80694e+08	2.57579e+08	2.78058e+08	2.72945e+08	2.57983e+08	2.93697e+08	2.64167e+08	1.86546e+08	2.65078e+08	1.88176e+08	1.91437e+08	2.51119e+08	2.17972e+08	2.63493e+08	2.61738e+08	2.6149e+08	2.19447e+08	2.23173e+08	1.65384e+08	1.48698e+08	1.75366e+08	1.60767e+08	1.61594e+08	1.48823e+08	2.09147e+08	2.17564e+08	2.14094e+08	1.94023e+08	1.66375e+08	2.06095e+08	1.46853e+08	1.45643e+08	1.46735e+08	1.97266e+08	1.86656e+08	1.77141e+08	1.59032e+08	2.01944e+08	1.56611e+08	1.85102e+08	1.82986e+08	1.60067e+08	1.56729e+08	1.36757e+08	1.38254e+08	1.395e+08	1.64691e+08	1.70956e+08	1.73076e+08	1.81107e+08	1.78951e+08	1.91855e+08	2.10466e+08	2.07227e+08	2.08103e+08	2.02701e+08	1.65737e+08	1.72692e+08	1.66988e+08	2.04266e+08	1.80956e+08	1.60947e+08	2.09248e+08	1.96889e+08	1.26123e+08	1.60393e+08
ERR612221	3.25131e+08	2.24479e+08	1.44232e+08	3.31509e+08	3.32925e+08	3.2299e+08	1.72662e+08	2.82237e+08	2.79118e+08	3.09093e+08	2.89004e+08	2.72687e+08	2.29091e+08	3.02685e+08	2.98104e+08	2.60212e+08	2.65625e+08	2.6108e+08	2.80141e+08	3.52638e+08	2.85472e+08	2.89369e+08	2.69005e+08	3.80214e+08	2.77546e+08	3.46865e+08	6.26506e+08	4.35391e+08	3.38598e+08	4.32661e+08	3.69944e+08	3.39462e+08	3.66769e+08	3.59546e+08	3.3997e+08	3.87532e+08	3.48781e+08	2.44228e+08	3.49958e+08	2.46353e+08	2.50574e+08	3.30915e+08	2.8724e+08	3.48048e+08	3.4579e+08	3.4564e+08	2.89439e+08	2.9434e+08	2.20459e+08	1.98222e+08	2.33895e+08	2.14334e+08	2.15357e+08	1.98472e+08	2.81212e+08	2.92321e+08	2.87629e+08	2.60426e+08	2.23566e+08	2.77025e+08	1.96808e+08	1.95381e+08	1.96709e+08	2.649e+08	2.50599e+08	2.38032e+08	2.14059e+08	2.72406e+08	2.10968e+08	2.49459e+08	2.46655e+08	2.15571e+08	2.1152e+08	1.84278e+08	1.86295e+08	1.88053e+08	2.22428e+08	2.30855e+08	2.31353e+08	2.42279e+08	2.39245e+08	2.56579e+08	2.81684e+08	2.77607e+08	2.81152e+08	2.73606e+08	2.23576e+08	2.33132e+08	2.25306e+08	2.75671e+08	2.44219e+08	2.16787e+08	2.82383e+08	2.65809e+08	1.69785e+08	2.16022e+08
ERR612223	3.08664e+08	2.13221e+08	1.37706e+08	3.14918e+08	3.16244e+08	3.06143e+08	1.65057e+08	2.68426e+08	2.65443e+08	2.93604e+08	2.74909e+08	2.59534e+08	2.17963e+08	2.87434e+08	2.83202e+08	2.47144e+08	2.52533e+08	2.48118e+08	2.66696e+08	3.35457e+08	2.71514e+08	2.75246e+08	2.56622e+08	3.61272e+08	2.64448e+08	3.3014e+08	4.35391e+08	5.72416e+08	3.223e+08	4.1167e+08	3.51165e+08	3.21974e+08	3.47822e+08	3.41172e+08	3.22482e+08	3.6774e+08	3.3066e+08	2.31858e+08	3.31993e+08	2.34018e+08	2.37856e+08	3.1404e+08	2.72511e+08	3.30279e+08	3.28165e+08	3.28028e+08	2.74534e+08	2.79196e+08	2.08788e+08	1.8754e+08	2.21183e+08	2.02967e+08	2.03729e+08	1.87721e+08	2.65029e+08	2.7579e+08	2.71287e+08	2.45931e+08	2.1077e+08	2.6128e+08	1.85759e+08	1.84242e+08	1.85494e+08	2.49759e+08	2.36444e+08	2.24395e+08	2.02388e+08	2.56975e+08	1.99426e+08	2.35551e+08	2.32799e+08	2.03839e+08	1.99735e+08	1.74238e+08	1.76206e+08	1.77761e+08	2.09592e+08	2.17605e+08	2.18946e+08	2.28907e+08	2.26207e+08	2.42784e+08	2.66133e+08	2.62157e+08	2.65475e+08	2.58415e+08	2.11105e+08	2.20182e+08	2.1283e+08	2.60324e+08	2.3053e+08	2.05287e+08	2.6649e+08	2.50781e+08	1.6072e+08	2.04509e+08
ERR612226	2.39496e+08	1.66149e+08	1.07492e+08	2.44211e+08	2.45462e+08	2.37709e+08	1.29398e+08	2.09632e+08	2.07332e+08	2.29183e+08	2.14596e+08	2.0271e+08	1.71081e+08	2.24816e+08	2.21751e+08	1.93692e+08	1.9795e+08	1.94465e+08	2.09808e+08	2.62752e+08	2.13768e+08	2.16645e+08	2.02066e+08	2.82866e+08	2.09279e+08	2.6002e+08	3.38598e+08	3.223e+08	3.73587e+08	3.20513e+08	2.74239e+08	2.51619e+08	2.71764e+08	2.66567e+08	2.52178e+08	2.86856e+08	2.5795e+08	1.82351e+08	2.58916e+08	1.83983e+08	1.87057e+08	2.45124e+08	2.12572e+08	2.56956e+08	2.55267e+08	2.55233e+08	2.14129e+08	2.17761e+08	1.61606e+08	1.45252e+08	1.71294e+08	1.57089e+08	1.57855e+08	1.45538e+08	2.0432e+08	2.12616e+08	2.09127e+08	1.89523e+08	1.62465e+08	2.01331e+08	1.43217e+08	1.42068e+08	1.42992e+08	1.92246e+08	1.81918e+08	1.7273e+08	1.549e+08	1.96803e+08	1.52558e+08	1.80228e+08	1.7825e+08	1.55943e+08	1.52886e+08	1.33344e+08	1.34717e+08	1.3601e+08	1.60668e+08	1.66731e+08	1.68983e+08	1.76894e+08	1.74711e+08	1.87291e+08	2.05343e+08	2.02367e+08	2.02953e+08	1.97631e+08	1.61433e+08	1.68352e+08	1.62811e+08	1.99137e+08	1.76322e+08	1.56801e+08	2.03873e+08	1.92e+08	1.22915e+08	1.56177e+08
ERR612222	3.06604e+08	2.11746e+08	1.37061e+08	3.12896e+08	3.14154e+08	3.03654e+08	1.64404e+08	2.67379e+08	2.64226e+08	2.92311e+08	2.73473e+08	2.58457e+08	2.16799e+08	2.85641e+08	2.81509e+08	2.45326e+08	2.50863e+08	2.46319e+08	2.65036e+08	3.33387e+08	2.70051e+08	2.73619e+08	2.55524e+08	3.59108e+08	2.63039e+08	3.28332e+08	4.32661e+08	4.1167e+08	3.20513e+08	5.66882e+08	3.48918e+08	3.19463e+08	3.45286e+08	3.39201e+08	3.19788e+08	3.65366e+08	3.28118e+08	2.30004e+08	3.2948e+08	2.32085e+08	2.35969e+08	3.11785e+08	2.71299e+08	3.29156e+08	3.26924e+08	3.26913e+08	2.73352e+08	2.78036e+08	2.07742e+08	1.86492e+08	2.20318e+08	2.02134e+08	2.02577e+08	1.86636e+08	2.63373e+08	2.74269e+08	2.69902e+08	2.44745e+08	2.09388e+08	2.59745e+08	1.8447e+08	1.82962e+08	1.84251e+08	2.47778e+08	2.34683e+08	2.22554e+08	2.01951e+08	2.56288e+08	1.99149e+08	2.35072e+08	2.32155e+08	2.03485e+08	1.98733e+08	1.73504e+08	1.75566e+08	1.76872e+08	2.08363e+08	2.16195e+08	2.17739e+08	2.27359e+08	2.24594e+08	2.41175e+08	2.64131e+08	2.60173e+08	2.64607e+08	2.57711e+08	2.10587e+08	2.19679e+08	2.12399e+08	2.59593e+08	2.3014e+08	2.05098e+08	2.66008e+08	2.50284e+08	1.60687e+08	2.04231e+08
ERR618587	3.44976e+08	2.39834e+08	1.55336e+08	3.51426e+08	3.53042e+08	3.43214e+08	1.77513e+08	2.89999e+08	2.86812e+08	3.18032e+08	2.97563e+08	2.80713e+08	2.33048e+08	3.08022e+08	3.03397e+08	2.65493e+08	2.70719e+08	2.66728e+08	2.86988e+08	3.59704e+08	2.92218e+08	2.96176e+08	2.74917e+08	3.88033e+08	2.24547e+08	2.80694e+08	3.69944e+08	3.51165e+08	2.74239e+08	3.48918e+08	5.95545e+08	3.96054e+08	4.26628e+08	4.17955e+08	3.96443e+08	4.50209e+08	3.62704e+08	2.54283e+08	3.6364e+08	2.56668e+08	2.61088e+08	3.43774e+08	2.85096e+08	3.44304e+08	3.42076e+08	3.42031e+08	2.87018e+08	2.92066e+08	2.02156e+08	1.81993e+08	2.14378e+08	1.96215e+08	1.97769e+08	1.8234e+08	2.57949e+08	2.67732e+08	2.63201e+08	2.38329e+08	2.04802e+08	2.53585e+08	1.84566e+08	1.83137e+08	1.84451e+08	2.48709e+08	2.34967e+08	2.23199e+08	1.91613e+08	2.44573e+08	1.88891e+08	2.23731e+08	2.21415e+08	1.92858e+08	1.91019e+08	1.66132e+08	1.68001e+08	1.69533e+08	2.01207e+08	2.08769e+08	2.10433e+08	2.20995e+08	2.18197e+08	2.33541e+08	2.57283e+08	2.53398e+08	2.574e+08	2.50388e+08	2.04087e+08	2.12936e+08	2.05938e+08	2.52385e+08	2.22623e+08	1.97411e+08	2.57823e+08	2.4264e+08	1.54594e+08	1.96765e+08
ERR618589	3.17038e+08	2.21144e+08	1.42101e+08	3.22879e+08	3.24545e+08	3.16738e+08	1.61617e+08	2.65114e+08	2.62247e+08	2.91511e+08	2.72544e+08	2.56719e+08	2.14272e+08	2.83992e+08	2.79632e+08	2.45362e+08	2.49532e+08	2.4659e+08	2.64348e+08	3.30553e+08	2.6918e+08	2.72874e+08	2.51746e+08	3.56887e+08	2.06099e+08	2.57579e+08	3.39462e+08	3.21974e+08	2.51619e+08	3.19463e+08	3.96054e+08	5.18476e+08	3.95661e+08	3.83993e+08	3.67891e+08	4.14119e+08	3.34548e+08	2.35203e+08	3.34991e+08	2.37425e+08	2.41545e+08	3.16815e+08	2.61511e+08	3.14937e+08	3.13012e+08	3.12955e+08	2.63358e+08	2.67862e+08	1.8476e+08	1.67087e+08	1.96096e+08	1.79206e+08	1.81394e+08	1.67431e+08	2.37643e+08	2.46347e+08	2.42083e+08	2.18666e+08	1.88884e+08	2.33327e+08	1.70482e+08	1.69216e+08	1.70505e+08	2.3015e+08	2.17024e+08	2.06764e+08	1.74229e+08	2.23469e+08	1.71889e+08	2.03976e+08	2.02346e+08	1.75588e+08	1.75084e+08	1.51777e+08	1.53262e+08	1.54918e+08	1.85079e+08	1.92306e+08	1.93027e+08	2.03458e+08	2.00999e+08	2.1459e+08	2.37243e+08	2.33631e+08	2.3485e+08	2.28268e+08	1.86285e+08	1.93932e+08	1.87382e+08	2.30412e+08	2.02753e+08	1.79116e+08	2.35228e+08	2.21276e+08	1.40219e+08	1.78546e+08
ERR618588	3.41568e+08	2.37875e+08	1.52874e+08	3.48018e+08	3.49767e+08	3.4119e+08	1.7467e+08	2.86527e+08	2.8349e+08	3.15e+08	2.94401e+08	2.774e+08	2.30839e+08	3.05845e+08	3.01472e+08	2.64216e+08	2.68926e+08	2.65461e+08	2.84611e+08	3.56208e+08	2.89895e+08	2.93895e+08	2.71194e+08	3.84796e+08	2.22355e+08	2.78058e+08	3.66769e+08	3.47822e+08	2.71764e+08	3.45286e+08	4.26628e+08	3.95661e+08	5.89421e+08	4.13853e+08	3.9598e+08	4.46167e+08	3.60639e+08	2.53149e+08	3.61068e+08	2.55477e+08	2.59722e+08	3.41485e+08	2.82204e+08	3.39993e+08	3.37992e+08	3.37717e+08	2.8403e+08	2.88935e+08	1.99974e+08	1.80659e+08	2.12156e+08	1.94046e+08	1.96329e+08	1.80896e+08	2.56802e+08	2.663e+08	2.6182e+08	2.36567e+08	2.04144e+08	2.52259e+08	1.84098e+08	1.82756e+08	1.84007e+08	2.48523e+08	2.34518e+08	2.23161e+08	1.88848e+08	2.41937e+08	1.86133e+08	2.20928e+08	2.19139e+08	1.90212e+08	1.89482e+08	1.64361e+08	1.66083e+08	1.67695e+08	2.0022e+08	2.07962e+08	2.08809e+08	2.20005e+08	2.17299e+08	2.32078e+08	2.56491e+08	2.52535e+08	2.54439e+08	2.47287e+08	2.01717e+08	2.10097e+08	2.03067e+08	2.49478e+08	2.19611e+08	1.94097e+08	2.54621e+08	2.39781e+08	1.51966e+08	1.93453e+08
