	ERR629880	ERR629881	ERR629885	ERR629882	ERR629884	ERR629883	ERR630233	ERR630231	ERR630235	ERR630232	ERR630230	ERR630234	ERR613232	ERR613231	ERR613229	ERR613228	ERR613230	ERR613227	ERR606000	ERR606004	ERR606003	ERR606005	ERR606001	ERR606002	ERR608869	ERR608870	ERR608865	ERR608866	ERR608868	ERR608867	ERR626952	ERR626951	ERR626956	ERR626955	ERR626953	ERR626954	ERR622084	ERR622088	ERR622086	ERR622087	ERR622085	ERR622083	ERR607756	ERR607753	ERR607755	ERR607758	ERR607757	ERR607754	ERR608270	ERR608273	ERR608274	ERR608269	ERR608272	ERR608271	ERR630224	ERR630226	ERR630225	ERR630227	ERR630229	ERR630228	ERR609253	ERR609257	ERR609258	ERR609255	ERR609256	ERR609254	ERR617320	ERR617323	ERR617319	ERR617324	ERR617321	ERR617322	ERR638217	ERR638218	ERR638216	ERR638214	ERR638215	ERR638213	ERR629898	ERR629903	ERR629900	ERR629902	ERR629901	ERR629899	ERR608108	ERR608106	ERR608110	ERR608109	ERR608107	ERR608105	ERR607484	ERR607483	ERR607481	ERR607482	ERR607486	ERR607485
ERR629880	0	0.241683	0.254627	0.228763	0.257848	0.256811	0.399299	0.415195	0.409569	0.417868	0.399699	0.399268	0.400621	0.399466	0.354469	0.349068	0.40999	0.350039	0.400209	0.403708	0.4007	0.407149	0.380263	0.381355	0.341122	0.342407	0.377575	0.34221	0.342708	0.347335	0.347106	0.319706	0.321893	0.320849	0.319901	0.339627	0.445036	0.435155	0.43662	0.435358	0.445478	0.446037	0.309008	0.301802	0.2972	0.310779	0.311788	0.298622	0.405093	0.402409	0.403495	0.431965	0.402594	0.403733	0.444368	0.45857	0.453311	0.443472	0.447192	0.443981	0.576211	0.574534	0.574532	0.570946	0.588426	0.574711	0.419066	0.402429	0.414677	0.401543	0.416739	0.401231	0.393994	0.398833	0.394786	0.411498	0.418796	0.414274	0.392995	0.39825	0.392091	0.4001	0.399298	0.396384	0.440513	0.450598	0.446879	0.44272	0.449938	0.469897	0.420733	0.435504	0.433441	0.430186	0.420183	0.420971
ERR629881	0.241683	0	0.231175	0.239176	0.232333	0.2318	0.390291	0.393309	0.391983	0.395554	0.388731	0.389766	0.403269	0.402072	0.373743	0.372374	0.409155	0.379828	0.397237	0.412376	0.411841	0.415341	0.404183	0.406766	0.354184	0.356451	0.363089	0.352824	0.356545	0.367746	0.318387	0.313166	0.316755	0.317964	0.314641	0.315636	0.459399	0.454805	0.456889	0.455726	0.459965	0.462546	0.292559	0.295311	0.301691	0.292575	0.293067	0.307812	0.41111	0.417583	0.419855	0.421852	0.418181	0.414679	0.46577	0.471836	0.467206	0.46336	0.46173	0.464417	0.612241	0.610393	0.610133	0.603445	0.619565	0.609919	0.41355	0.403042	0.405413	0.402322	0.411216	0.401946	0.409982	0.405136	0.410864	0.41518	0.421565	0.416529	0.405512	0.396415	0.403365	0.397734	0.398236	0.398754	0.453796	0.466539	0.458058	0.455243	0.47121	0.472439	0.430851	0.439717	0.436493	0.434489	0.430443	0.43113
ERR629885	0.254627	0.231175	0	0.250914	0.228062	0.228247	0.390864	0.390443	0.388479	0.392962	0.389599	0.390526	0.410125	0.408592	0.386498	0.385985	0.414009	0.395292	0.402472	0.424161	0.424765	0.427187	0.419592	0.422537	0.361346	0.363822	0.358297	0.358851	0.363757	0.37704	0.314049	0.317491	0.320176	0.321491	0.319315	0.313545	0.47503	0.470776	0.472952	0.471861	0.475695	0.478678	0.295153	0.302143	0.309949	0.29425	0.294719	0.318519	0.42143	0.429396	0.431633	0.424566	0.429913	0.426327	0.475704	0.48007	0.475126	0.472432	0.468184	0.473799	0.627833	0.625466	0.62504	0.617255	0.635178	0.625039	0.420352	0.411654	0.409509	0.411323	0.417925	0.410817	0.420206	0.411629	0.42102	0.422654	0.429417	0.423473	0.414375	0.399198	0.412047	0.40005	0.401322	0.404933	0.467102	0.481655	0.470923	0.468449	0.487384	0.482091	0.441534	0.448994	0.444682	0.443295	0.441169	0.441867
ERR629882	0.228763	0.239176	0.250914	0	0.253791	0.253051	0.397155	0.411973	0.406553	0.414722	0.397559	0.397365	0.400473	0.399258	0.356302	0.351309	0.409654	0.353219	0.39934	0.40465	0.40206	0.408147	0.383031	0.384262	0.342326	0.343734	0.375384	0.34296	0.343755	0.349417	0.343245	0.318018	0.320522	0.319801	0.318376	0.33618	0.446341	0.437175	0.438636	0.437496	0.446892	0.447561	0.306378	0.30041	0.297062	0.308062	0.309013	0.298798	0.404926	0.403353	0.404448	0.430215	0.403443	0.40394	0.446283	0.459283	0.454168	0.445007	0.447959	0.445571	0.580368	0.578735	0.578678	0.574627	0.592023	0.578832	0.417818	0.4015	0.412895	0.400878	0.415396	0.400565	0.394981	0.398803	0.395874	0.411112	0.418609	0.413813	0.393529	0.397144	0.392567	0.398923	0.398265	0.395883	0.441418	0.451831	0.447628	0.44348	0.451781	0.469581	0.421077	0.435394	0.433175	0.430013	0.420417	0.421249
ERR629884	0.257848	0.232333	0.228062	0.253791	0	0.228178	0.391553	0.389696	0.388294	0.392188	0.389968	0.391179	0.411841	0.410325	0.389725	0.389336	0.415516	0.399057	0.403868	0.426584	0.427273	0.429476	0.42301	0.426054	0.363307	0.366015	0.358058	0.360855	0.365679	0.379657	0.312516	0.318079	0.320813	0.322365	0.319877	0.312351	0.477743	0.473817	0.476039	0.474979	0.478347	0.481439	0.295046	0.303033	0.311966	0.294115	0.294456	0.320707	0.423293	0.431966	0.434221	0.425288	0.432504	0.428702	0.478661	0.482354	0.477626	0.475318	0.470781	0.476868	0.631918	0.62941	0.62909	0.621195	0.638999	0.629046	0.421247	0.412975	0.410045	0.412605	0.418722	0.412096	0.422671	0.413301	0.423571	0.424118	0.430969	0.424953	0.41677	0.40043	0.414291	0.401323	0.402695	0.406642	0.469257	0.484012	0.472964	0.470494	0.490148	0.483467	0.443746	0.450757	0.446305	0.444968	0.443397	0.444117
ERR629883	0.256811	0.2318	0.228247	0.253051	0.228178	0	0.391179	0.389208	0.388167	0.39151	0.389414	0.390775	0.410846	0.409287	0.388157	0.387692	0.41472	0.397469	0.40257	0.42455	0.42535	0.427425	0.42106	0.424213	0.363764	0.366431	0.35989	0.361629	0.366341	0.38003	0.313358	0.318309	0.321302	0.322984	0.320012	0.313161	0.475316	0.47161	0.473937	0.472926	0.476142	0.479258	0.29489	0.302667	0.311404	0.293887	0.294294	0.319895	0.421654	0.430317	0.432751	0.424415	0.430941	0.426818	0.477665	0.481269	0.476652	0.474368	0.469874	0.475805	0.630411	0.628096	0.627736	0.619965	0.637328	0.627639	0.419566	0.411418	0.408648	0.411062	0.417196	0.410376	0.421659	0.412593	0.422543	0.423041	0.42973	0.423852	0.415667	0.399852	0.413199	0.400591	0.40186	0.405495	0.467212	0.481907	0.470696	0.468408	0.487924	0.481897	0.442202	0.449178	0.444954	0.443579	0.441817	0.442484
ERR630233	0.399299	0.390291	0.390864	0.397155	0.391553	0.391179	0	0.255145	0.242241	0.264056	0.236124	0.234745	0.502843	0.501314	0.478489	0.476083	0.506664	0.481637	0.491341	0.506438	0.506835	0.508878	0.495778	0.497412	0.479758	0.481188	0.48355	0.478721	0.481486	0.48897	0.457536	0.45714	0.458195	0.458618	0.457881	0.458104	0.554629	0.549052	0.55108	0.5497	0.555077	0.556613	0.434232	0.436799	0.437911	0.433636	0.434516	0.44322	0.349304	0.355537	0.357236	0.360746	0.356267	0.354188	0.395433	0.403013	0.396203	0.392297	0.388224	0.394255	0.578926	0.576944	0.57606	0.566605	0.584197	0.575686	0.351736	0.337022	0.340173	0.336757	0.34801	0.336483	0.354852	0.346327	0.355419	0.36067	0.367917	0.361527	0.336476	0.324026	0.334103	0.32516	0.325995	0.328705	0.423572	0.438843	0.428105	0.424769	0.443779	0.44328	0.370555	0.381368	0.375573	0.373803	0.369894	0.371515
ERR630231	0.415195	0.393309	0.390443	0.411973	0.389696	0.389208	0.255145	0	0.242884	0.240014	0.249216	0.253209	0.501755	0.500478	0.491433	0.49213	0.502899	0.501816	0.487688	0.509706	0.511735	0.511614	0.512695	0.515317	0.49842	0.500353	0.482646	0.49605	0.500461	0.512308	0.452278	0.465748	0.468615	0.470429	0.467293	0.45613	0.559257	0.559681	0.562204	0.560898	0.559737	0.563096	0.435186	0.442969	0.450999	0.433409	0.433574	0.457623	0.364647	0.386232	0.389852	0.349551	0.387204	0.376025	0.427533	0.422018	0.418334	0.423927	0.413741	0.425972	0.614956	0.61375	0.612595	0.600588	0.613935	0.611253	0.345843	0.343259	0.330993	0.344058	0.34264	0.343476	0.385321	0.36663	0.386021	0.370421	0.374544	0.369537	0.366825	0.336636	0.363032	0.336401	0.339353	0.344619	0.437797	0.45425	0.43869	0.438078	0.465544	0.441314	0.388537	0.388818	0.382333	0.382896	0.388587	0.389151
ERR630235	0.409569	0.391983	0.388479	0.406553	0.388294	0.388167	0.242241	0.242884	0	0.251479	0.240661	0.241921	0.508319	0.50676	0.491433	0.490567	0.510157	0.498541	0.494671	0.516221	0.517803	0.518417	0.51195	0.513989	0.49012	0.492065	0.481641	0.488275	0.492164	0.502343	0.452855	0.461863	0.463182	0.464383	0.462967	0.455794	0.566888	0.563465	0.565771	0.564377	0.567472	0.569908	0.435075	0.441602	0.446045	0.433684	0.434365	0.452924	0.365285	0.377971	0.380327	0.360263	0.379049	0.373626	0.418393	0.41943	0.413337	0.414482	0.40532	0.416613	0.607483	0.605309	0.604315	0.593118	0.610486	0.603746	0.356894	0.348226	0.34142	0.34853	0.35318	0.34814	0.37584	0.360313	0.376614	0.372167	0.37864	0.371786	0.356932	0.331834	0.353673	0.332084	0.334505	0.341399	0.441236	0.458464	0.444214	0.441989	0.466507	0.452419	0.388509	0.394228	0.387348	0.386695	0.38803	0.389441
ERR630232	0.417868	0.395554	0.392962	0.414722	0.392188	0.39151	0.264056	0.240014	0.251479	0	0.25626	0.26179	0.496498	0.495478	0.489614	0.491096	0.497536	0.501034	0.483819	0.505894	0.507712	0.507525	0.51223	0.514818	0.502078	0.504009	0.483912	0.499682	0.504067	0.516177	0.454028	0.468134	0.471711	0.47366	0.469667	0.458137	0.555184	0.557861	0.560316	0.559212	0.555929	0.559311	0.436347	0.444311	0.453534	0.434639	0.43447	0.459665	0.364142	0.38972	0.393567	0.344713	0.390785	0.376807	0.428867	0.419996	0.418352	0.425462	0.415171	0.427342	0.614252	0.613628	0.612478	0.600059	0.611395	0.610793	0.340731	0.340951	0.326913	0.341989	0.338324	0.341543	0.388882	0.370205	0.38942	0.36895	0.371806	0.367596	0.371162	0.339487	0.36678	0.338845	0.341964	0.346709	0.434235	0.450261	0.43407	0.434225	0.462903	0.434729	0.387391	0.385136	0.379365	0.379687	0.387459	0.388085
ERR630230	0.399699	0.388731	0.389599	0.397559	0.389968	0.389414	0.236124	0.249216	0.240661	0.25626	0	0.235727	0.502131	0.500704	0.479513	0.477615	0.505656	0.483405	0.489957	0.505242	0.505769	0.507604	0.496689	0.498391	0.481997	0.483575	0.484022	0.480984	0.483899	0.492028	0.45496	0.456653	0.458701	0.459439	0.457558	0.456061	0.552762	0.548658	0.550728	0.549392	0.55334	0.555007	0.432267	0.435531	0.438314	0.431567	0.432097	0.443331	0.349148	0.358251	0.360316	0.357711	0.359083	0.354708	0.40053	0.405621	0.400081	0.397832	0.393274	0.399698	0.584628	0.583096	0.582266	0.572393	0.588314	0.581362	0.348089	0.334967	0.33668	0.335016	0.344686	0.334731	0.358812	0.34944	0.359345	0.361091	0.3672	0.36152	0.339506	0.325822	0.336942	0.326453	0.327775	0.330021	0.423871	0.439089	0.427821	0.425016	0.444954	0.441665	0.37141	0.380173	0.374629	0.373194	0.370772	0.372202
ERR630234	0.399268	0.389766	0.390526	0.397365	0.391179	0.390775	0.234745	0.253209	0.241921	0.26179	0.235727	0	0.502028	0.500564	0.478339	0.476299	0.505843	0.481721	0.490491	0.505442	0.505687	0.50784	0.495587	0.497076	0.48053	0.481929	0.483813	0.479308	0.48207	0.490009	0.456838	0.456935	0.458427	0.45898	0.457789	0.45745	0.552943	0.54799	0.549995	0.548651	0.553327	0.554957	0.433257	0.435775	0.437558	0.432538	0.433343	0.442677	0.347924	0.355156	0.356987	0.358954	0.356076	0.352996	0.396354	0.402902	0.396603	0.393282	0.389035	0.395234	0.579589	0.577952	0.577151	0.567664	0.584411	0.576556	0.349756	0.335188	0.33837	0.335116	0.346039	0.33479	0.355238	0.347237	0.355755	0.359949	0.366889	0.360751	0.336732	0.324027	0.334346	0.325006	0.325915	0.328534	0.422666	0.437766	0.427057	0.424007	0.442912	0.441796	0.369393	0.379768	0.374182	0.372561	0.368944	0.370483
ERR613232	0.400621	0.403269	0.410125	0.400473	0.411841	0.410846	0.502843	0.501755	0.508319	0.496498	0.502131	0.502028	0	0.267303	0.295604	0.308385	0.270336	0.326585	0.347592	0.35399	0.356184	0.353489	0.390716	0.394726	0.428218	0.429243	0.41568	0.427825	0.429887	0.439453	0.44854	0.42955	0.430446	0.429353	0.429891	0.442372	0.421129	0.435718	0.437685	0.437213	0.420672	0.427175	0.411088	0.406399	0.40578	0.412957	0.412256	0.407374	0.464962	0.486996	0.491218	0.44835	0.487862	0.474844	0.465203	0.446961	0.451018	0.463934	0.458453	0.462398	0.539026	0.540896	0.539628	0.527412	0.532765	0.53588	0.442723	0.45072	0.445284	0.451001	0.443783	0.450316	0.466484	0.456678	0.466546	0.435417	0.433576	0.434934	0.47665	0.462287	0.474014	0.462264	0.462757	0.458176	0.452942	0.456109	0.447953	0.451173	0.470735	0.43907	0.456789	0.44619	0.44576	0.447492	0.457397	0.455676
ERR613231	0.399466	0.402072	0.408592	0.399258	0.410325	0.409287	0.501314	0.500478	0.50676	0.495478	0.500704	0.500564	0.267303	0	0.294848	0.307892	0.269707	0.326127	0.3471	0.354056	0.356415	0.353628	0.390532	0.394589	0.426552	0.427622	0.413821	0.426181	0.428475	0.437919	0.446766	0.428059	0.428828	0.427658	0.428545	0.440774	0.42249	0.436554	0.438332	0.43803	0.421874	0.428141	0.409792	0.405228	0.404468	0.411705	0.411167	0.406388	0.464798	0.486713	0.490847	0.447975	0.487609	0.474848	0.464545	0.446638	0.450234	0.46325	0.457507	0.462064	0.539103	0.540818	0.539495	0.527293	0.533055	0.535631	0.442549	0.45058	0.44478	0.450752	0.443633	0.450024	0.465535	0.455467	0.465663	0.434788	0.433171	0.434063	0.475533	0.461049	0.472981	0.461046	0.461466	0.457137	0.453088	0.456572	0.448033	0.451339	0.471063	0.439195	0.456286	0.446069	0.445378	0.447382	0.457077	0.455374
ERR613229	0.354469	0.373743	0.386498	0.356302	0.389725	0.388157	0.478489	0.491433	0.491433	0.489614	0.479513	0.478339	0.295604	0.294848	0	0.25616	0.308221	0.262914	0.351024	0.341371	0.338728	0.342905	0.339778	0.341685	0.382531	0.38258	0.411234	0.384857	0.384267	0.387225	0.43423	0.398317	0.397667	0.394738	0.397921	0.424398	0.394154	0.394613	0.396114	0.395112	0.393517	0.396306	0.38771	0.375088	0.365353	0.391068	0.390992	0.363824	0.439646	0.44687	0.449659	0.454515	0.447453	0.441974	0.435993	0.439898	0.438271	0.436616	0.439636	0.435669	0.515188	0.515275	0.51501	0.50974	0.522774	0.513219	0.442361	0.435337	0.445597	0.434925	0.441721	0.434434	0.427386	0.429049	0.427774	0.424221	0.426584	0.42628	0.438527	0.442306	0.437349	0.443661	0.442015	0.434712	0.433612	0.437324	0.435777	0.434321	0.440674	0.449347	0.435946	0.440324	0.440482	0.439105	0.435358	0.434808
ERR613228	0.349068	0.372374	0.385985	0.351309	0.389336	0.387692	0.476083	0.49213	0.490567	0.491096	0.477615	0.476299	0.308385	0.307892	0.25616	0	0.322664	0.255472	0.357958	0.345821	0.342453	0.347851	0.333968	0.335305	0.376789	0.376496	0.414412	0.380036	0.377975	0.379305	0.435285	0.396082	0.394998	0.391677	0.395391	0.424929	0.393684	0.390245	0.39151	0.390319	0.393212	0.395073	0.386924	0.372935	0.36075	0.390597	0.390679	0.358302	0.438478	0.441642	0.44385	0.45989	0.442029	0.43876	0.43347	0.442069	0.43929	0.434279	0.438977	0.433454	0.512747	0.512411	0.512389	0.509033	0.523738	0.511069	0.446084	0.435993	0.448939	0.435323	0.445184	0.434977	0.42281	0.427593	0.423138	0.426143	0.429709	0.42891	0.433748	0.441468	0.433007	0.443188	0.441218	0.433671	0.433567	0.437542	0.437235	0.434806	0.438061	0.455356	0.435217	0.442992	0.44315	0.441076	0.434636	0.434545
ERR613230	0.40999	0.409155	0.414009	0.409654	0.415516	0.41472	0.506664	0.502899	0.510157	0.497536	0.505656	0.505843	0.270336	0.269707	0.308221	0.322664	0	0.342335	0.351051	0.36326	0.366474	0.362842	0.404089	0.408314	0.435897	0.437139	0.414133	0.434736	0.437817	0.448369	0.449472	0.43556	0.436187	0.435412	0.435934	0.444707	0.433206	0.449073	0.451106	0.450765	0.432742	0.439447	0.415925	0.413081	0.414133	0.417409	0.416676	0.416755	0.472567	0.496656	0.500995	0.449353	0.497612	0.483773	0.473245	0.452055	0.456366	0.471694	0.464039	0.470239	0.548301	0.549944	0.54847	0.534846	0.540518	0.544748	0.446239	0.456999	0.448004	0.457287	0.447649	0.456336	0.475152	0.463172	0.475265	0.440248	0.438473	0.439162	0.484896	0.466643	0.481988	0.466709	0.46751	0.464003	0.461916	0.46527	0.455984	0.459891	0.481847	0.442751	0.464157	0.451581	0.450466	0.453112	0.46485	0.46317
ERR613227	0.350039	0.379828	0.395292	0.353219	0.399057	0.397469	0.481637	0.501816	0.498541	0.501034	0.483405	0.481721	0.326585	0.326127	0.262914	0.255472	0.342335	0	0.372697	0.354865	0.349449	0.356915	0.330213	0.330261	0.376121	0.375418	0.42658	0.379992	0.376669	0.374703	0.44505	0.400535	0.399558	0.395761	0.399556	0.433392	0.392135	0.384383	0.385172	0.383919	0.391615	0.391612	0.393999	0.377171	0.362548	0.398172	0.398365	0.357744	0.440626	0.438394	0.440139	0.471182	0.438645	0.437806	0.435291	0.44937	0.44599	0.436906	0.445102	0.435714	0.508892	0.508807	0.509111	0.50839	0.523948	0.508302	0.455017	0.441336	0.459542	0.440501	0.454175	0.440388	0.422249	0.432708	0.422948	0.433942	0.438413	0.437538	0.434322	0.449016	0.434155	0.451013	0.448469	0.439679	0.436734	0.439093	0.442285	0.438582	0.435765	0.465391	0.438641	0.450549	0.451202	0.448135	0.437885	0.437989
ERR606000	0.400209	0.397237	0.402472	0.39934	0.403868	0.40257	0.491341	0.487688	0.494671	0.483819	0.489957	0.490491	0.347592	0.3471	0.351024	0.357958	0.351051	0.372697	0	0.278021	0.28267	0.278143	0.316957	0.322509	0.422084	0.423581	0.416224	0.422774	0.42437	0.434846	0.425847	0.412948	0.414908	0.414186	0.413854	0.420881	0.390524	0.402439	0.405096	0.404292	0.390049	0.396528	0.391707	0.389799	0.391704	0.392773	0.391286	0.394059	0.467187	0.485682	0.489624	0.45978	0.486212	0.475217	0.487842	0.478938	0.479636	0.486704	0.482419	0.486307	0.581402	0.581516	0.580652	0.572061	0.580182	0.578305	0.451004	0.453958	0.450661	0.454749	0.45119	0.453809	0.472661	0.465346	0.473441	0.453483	0.454422	0.454241	0.475153	0.460984	0.472353	0.46109	0.461349	0.458882	0.460547	0.468048	0.458743	0.460351	0.478947	0.459932	0.464277	0.459106	0.457654	0.459124	0.464146	0.463644
ERR606004	0.403708	0.412376	0.424161	0.40465	0.426584	0.42455	0.506438	0.509706	0.516221	0.505894	0.505242	0.505442	0.35399	0.354056	0.341371	0.345821	0.36326	0.354865	0.278021	0	0.258776	0.257542	0.289166	0.293288	0.425366	0.425904	0.443863	0.42899	0.428179	0.433661	0.450412	0.424321	0.426627	0.425072	0.424953	0.442167	0.363749	0.374319	0.376341	0.375736	0.362959	0.368339	0.408449	0.399348	0.397023	0.410945	0.409402	0.39515	0.464855	0.478744	0.482703	0.472949	0.479045	0.469781	0.482081	0.478386	0.479089	0.482883	0.484385	0.48171	0.55533	0.556694	0.55606	0.551167	0.555292	0.553422	0.457654	0.455909	0.461705	0.456535	0.4575	0.455873	0.469168	0.467551	0.469843	0.457191	0.457224	0.458776	0.474344	0.472527	0.472507	0.47335	0.472174	0.464706	0.448177	0.451832	0.447902	0.448414	0.458807	0.456269	0.460108	0.458255	0.459279	0.459297	0.460104	0.459288
ERR606003	0.4007	0.411841	0.424765	0.40206	0.427273	0.42535	0.506835	0.511735	0.517803	0.507712	0.505769	0.505687	0.356184	0.356415	0.338728	0.342453	0.366474	0.349449	0.28267	0.258776	0	0.25979	0.283183	0.286854	0.422188	0.422736	0.445035	0.425736	0.424416	0.429147	0.451834	0.423227	0.425693	0.424007	0.423522	0.443043	0.36002	0.369142	0.370987	0.370566	0.359328	0.363757	0.407428	0.397049	0.394084	0.410104	0.408856	0.391045	0.462704	0.475319	0.478964	0.474359	0.475471	0.466575	0.479846	0.477974	0.478823	0.48107	0.483879	0.479805	0.551502	0.55308	0.552615	0.548413	0.552472	0.550062	0.457924	0.455062	0.463115	0.45538	0.457981	0.454838	0.466258	0.467399	0.467038	0.456902	0.457203	0.458612	0.472313	0.473097	0.470577	0.473981	0.472528	0.464428	0.446504	0.449229	0.446369	0.446729	0.454981	0.457073	0.458418	0.458086	0.459272	0.459002	0.458246	0.457483
ERR606005	0.407149	0.415341	0.427187	0.408147	0.429476	0.427425	0.508878	0.511614	0.518417	0.507525	0.507604	0.50784	0.353489	0.353628	0.342905	0.347851	0.362842	0.356915	0.278143	0.257542	0.25979	0	0.291798	0.295841	0.428832	0.429564	0.446144	0.432511	0.431646	0.437332	0.45313	0.427677	0.429983	0.428539	0.428281	0.44506	0.364447	0.376001	0.378081	0.377534	0.363706	0.369201	0.4113	0.402475	0.400667	0.413641	0.412295	0.39852	0.466561	0.481229	0.485098	0.473519	0.481419	0.471586	0.483505	0.479123	0.480097	0.48436	0.48575	0.483285	0.555739	0.557156	0.556531	0.551486	0.555054	0.55387	0.458159	0.457197	0.462617	0.457857	0.458042	0.45716	0.47124	0.469537	0.472055	0.45809	0.458142	0.459443	0.476811	0.474564	0.474996	0.475161	0.474077	0.46636	0.448681	0.452197	0.448104	0.448857	0.459619	0.455586	0.461392	0.458782	0.459846	0.460125	0.461373	0.460513
ERR606001	0.380263	0.404183	0.419592	0.383031	0.42301	0.42106	0.495778	0.512695	0.51195	0.51223	0.496689	0.495587	0.390716	0.390532	0.339778	0.333968	0.404089	0.330213	0.316957	0.289166	0.283183	0.291798	0	0.249808	0.397862	0.39753	0.449588	0.403432	0.399218	0.397555	0.452587	0.41195	0.412741	0.409547	0.411706	0.441618	0.364124	0.354284	0.355082	0.353721	0.363317	0.363138	0.402699	0.386661	0.375383	0.406358	0.405751	0.369833	0.456279	0.454048	0.455971	0.489535	0.453879	0.453204	0.468418	0.482441	0.479058	0.470342	0.478764	0.469396	0.539317	0.539472	0.539711	0.54123	0.552305	0.538981	0.470237	0.456495	0.475014	0.456237	0.46891	0.455878	0.447529	0.458714	0.448627	0.460929	0.464506	0.464384	0.45394	0.468261	0.453404	0.470227	0.467527	0.458842	0.44718	0.450437	0.453109	0.449463	0.445855	0.478715	0.455441	0.466706	0.467824	0.465148	0.45448	0.454879
ERR606002	0.381355	0.406766	0.422537	0.384262	0.426054	0.424213	0.497412	0.515317	0.513989	0.514818	0.498391	0.497076	0.394726	0.394589	0.341685	0.335305	0.408314	0.330261	0.322509	0.293288	0.286854	0.295841	0.249808	0	0.398952	0.398464	0.453218	0.404683	0.399867	0.397582	0.456079	0.414248	0.414805	0.411609	0.413758	0.444818	0.365344	0.354217	0.354906	0.353598	0.364716	0.363943	0.40536	0.388832	0.37666	0.409244	0.408665	0.370497	0.457459	0.453842	0.455642	0.492425	0.453738	0.453635	0.4687	0.483857	0.480549	0.470918	0.479917	0.469956	0.537903	0.538041	0.538394	0.540482	0.551725	0.537749	0.472754	0.458127	0.477808	0.457919	0.471475	0.457619	0.447632	0.459862	0.448637	0.462561	0.466305	0.46612	0.454179	0.470185	0.45389	0.472267	0.469436	0.460472	0.448144	0.450987	0.454465	0.450337	0.445593	0.481068	0.456379	0.468462	0.46984	0.466845	0.455636	0.455871
ERR608869	0.341122	0.354184	0.361346	0.342326	0.363307	0.363764	0.479758	0.49842	0.49012	0.502078	0.481997	0.48053	0.428218	0.426552	0.382531	0.376789	0.435897	0.376121	0.422084	0.425366	0.422188	0.428832	0.397862	0.398952	0	0.239534	0.298093	0.24161	0.240694	0.244784	0.329706	0.289372	0.285543	0.281868	0.288497	0.318369	0.449708	0.434462	0.435705	0.434631	0.449788	0.449775	0.31908	0.309445	0.298307	0.32222	0.32362	0.300785	0.482334	0.472085	0.472525	0.511542	0.472197	0.478776	0.498024	0.519592	0.51199	0.496866	0.50287	0.497781	0.610893	0.606998	0.607549	0.607797	0.631669	0.609557	0.500452	0.482999	0.496564	0.481931	0.498066	0.481378	0.460941	0.468201	0.461669	0.486592	0.494825	0.489808	0.464642	0.473242	0.464127	0.475738	0.474489	0.472924	0.506958	0.516138	0.51489	0.509941	0.51142	0.539188	0.494702	0.512797	0.510079	0.506786	0.493934	0.494947
ERR608870	0.342407	0.356451	0.363822	0.343734	0.366015	0.366431	0.481188	0.500353	0.492065	0.504009	0.483575	0.481929	0.429243	0.427622	0.38258	0.376496	0.437139	0.375418	0.423581	0.425904	0.422736	0.429564	0.39753	0.398464	0.239534	0	0.300544	0.241757	0.240199	0.243821	0.332373	0.291132	0.287392	0.283491	0.290281	0.320917	0.449158	0.433443	0.434721	0.433533	0.449305	0.449106	0.321448	0.311245	0.299509	0.324615	0.32604	0.301624	0.483361	0.472564	0.472831	0.513187	0.472603	0.479365	0.498538	0.520441	0.512733	0.497397	0.503601	0.498162	0.610107	0.606172	0.606962	0.607252	0.631273	0.608838	0.50207	0.484317	0.49822	0.48319	0.499794	0.482609	0.461725	0.469484	0.462291	0.487881	0.496161	0.491125	0.465723	0.474885	0.4651	0.477547	0.476159	0.474349	0.507703	0.516596	0.515707	0.510772	0.511615	0.540457	0.495527	0.513789	0.511227	0.507928	0.494708	0.495789
ERR608865	0.377575	0.363089	0.358297	0.375384	0.358058	0.35989	0.48355	0.482646	0.481641	0.483912	0.484022	0.483813	0.41568	0.413821	0.411234	0.414412	0.414133	0.42658	0.416224	0.443863	0.445035	0.446144	0.449588	0.453218	0.298093	0.300544	0	0.290731	0.300293	0.31855	0.308048	0.309819	0.307451	0.307479	0.310493	0.306629	0.48774	0.485007	0.487305	0.486543	0.487696	0.491582	0.324106	0.331035	0.336156	0.323968	0.324539	0.3464	0.498772	0.506164	0.508469	0.492964	0.506932	0.504501	0.522627	0.525555	0.520746	0.518574	0.513545	0.519966	0.651385	0.647561	0.647258	0.639685	0.661897	0.648188	0.492839	0.488787	0.483606	0.488096	0.49152	0.487054	0.489713	0.480007	0.490028	0.488129	0.494492	0.488744	0.491215	0.473119	0.488523	0.474518	0.475853	0.480686	0.526176	0.53863	0.52904	0.527484	0.545508	0.533994	0.510706	0.516539	0.511212	0.51102	0.510562	0.510974
ERR608866	0.34221	0.352824	0.358851	0.34296	0.360855	0.361629	0.478721	0.49605	0.488275	0.499682	0.480984	0.479308	0.427825	0.426181	0.384857	0.380036	0.434736	0.379992	0.422774	0.42899	0.425736	0.432511	0.403432	0.404683	0.24161	0.241757	0.290731	0	0.24157	0.245978	0.32496	0.287983	0.284478	0.281173	0.287169	0.314435	0.453655	0.439521	0.440871	0.439785	0.453618	0.453881	0.316419	0.30798	0.298595	0.319334	0.320821	0.301522	0.483309	0.474329	0.474864	0.510143	0.47456	0.48025	0.500402	0.52102	0.513201	0.498822	0.504063	0.499801	0.615902	0.612053	0.612591	0.611811	0.636068	0.614527	0.500243	0.483434	0.496034	0.482345	0.497984	0.48178	0.462896	0.4698	0.463564	0.487231	0.495544	0.490174	0.466388	0.473128	0.465706	0.47574	0.474666	0.473583	0.510282	0.519212	0.517834	0.513152	0.515459	0.540574	0.496303	0.51385	0.511015	0.507792	0.495548	0.49663
ERR608868	0.342708	0.356545	0.363757	0.343755	0.365679	0.366341	0.481486	0.500461	0.492164	0.504067	0.483899	0.48207	0.429887	0.428475	0.384267	0.377975	0.437817	0.376669	0.42437	0.428179	0.424416	0.431646	0.399218	0.399867	0.240694	0.240199	0.300293	0.24157	0	0.243437	0.332377	0.291378	0.287756	0.284245	0.290153	0.320544	0.449146	0.433876	0.435048	0.434071	0.44917	0.449082	0.320072	0.310088	0.299203	0.323349	0.324772	0.300694	0.483333	0.47285	0.473209	0.513171	0.472922	0.479323	0.499612	0.521441	0.513857	0.498345	0.504588	0.499181	0.611526	0.607883	0.608602	0.608829	0.632611	0.610501	0.502039	0.484337	0.49872	0.483361	0.49984	0.482706	0.462274	0.471321	0.463069	0.48851	0.496971	0.491836	0.466151	0.475424	0.465648	0.478048	0.476747	0.475074	0.50887	0.517356	0.516759	0.511941	0.512189	0.541176	0.496033	0.514543	0.511939	0.508423	0.495164	0.496239
ERR608867	0.347335	0.367746	0.37704	0.349417	0.379657	0.38003	0.48897	0.512308	0.502343	0.516177	0.492028	0.490009	0.439453	0.437919	0.387225	0.379305	0.448369	0.374703	0.434846	0.433661	0.429147	0.437332	0.397555	0.397582	0.244784	0.243821	0.31855	0.245978	0.243437	0	0.350162	0.30212	0.298299	0.293856	0.300591	0.337428	0.452055	0.433723	0.434603	0.433337	0.451781	0.450773	0.33411	0.320608	0.305581	0.337996	0.339728	0.30508	0.488575	0.474068	0.473871	0.523898	0.474148	0.482451	0.500071	0.52519	0.517263	0.49951	0.507749	0.500055	0.604841	0.601176	0.602006	0.6041	0.628486	0.604379	0.510945	0.491469	0.508705	0.490169	0.508574	0.489711	0.464527	0.476746	0.465203	0.495378	0.50399	0.499075	0.469141	0.483684	0.469068	0.486304	0.484644	0.48185	0.512605	0.5199	0.521322	0.515889	0.512486	0.548467	0.500176	0.520503	0.518514	0.51455	0.499254	0.500491
ERR626952	0.347106	0.318387	0.314049	0.343245	0.312516	0.313358	0.457536	0.452278	0.452855	0.454028	0.45496	0.456838	0.44854	0.446766	0.43423	0.435285	0.449472	0.44505	0.425847	0.450412	0.451834	0.45313	0.452587	0.456079	0.329706	0.332373	0.308048	0.32496	0.332377	0.350162	0	0.253106	0.259307	0.262851	0.255549	0.232724	0.486443	0.485278	0.487577	0.486988	0.487068	0.490876	0.274985	0.28936	0.307366	0.272861	0.272549	0.317402	0.494584	0.500101	0.502682	0.499229	0.500617	0.497761	0.552461	0.559287	0.554545	0.549711	0.54733	0.551177	0.699702	0.696735	0.696823	0.691836	0.709557	0.697324	0.492317	0.484176	0.482112	0.483851	0.489908	0.482915	0.49621	0.489805	0.497198	0.501895	0.508042	0.502619	0.489018	0.476487	0.486812	0.477804	0.478777	0.481889	0.538147	0.551619	0.542539	0.540088	0.555445	0.554202	0.51756	0.526153	0.522077	0.520521	0.517098	0.517924
ERR626951	0.319706	0.313166	0.317491	0.318018	0.318079	0.318309	0.45714	0.465748	0.461863	0.468134	0.456653	0.456935	0.42955	0.428059	0.398317	0.396082	0.43556	0.400535	0.412948	0.424321	0.423227	0.427677	0.41195	0.414248	0.289372	0.291132	0.309819	0.287983	0.291378	0.30212	0.253106	0	0.236473	0.23655	0.232423	0.245412	0.45641	0.449969	0.45169	0.450783	0.456936	0.458918	0.272108	0.272857	0.277725	0.272836	0.273904	0.282579	0.479502	0.476995	0.478484	0.499886	0.477226	0.478498	0.522504	0.53597	0.530819	0.521077	0.523707	0.52215	0.654899	0.652342	0.652622	0.650473	0.668343	0.653335	0.487113	0.473219	0.480589	0.472549	0.48476	0.471832	0.471859	0.474084	0.472855	0.487738	0.494659	0.489973	0.468386	0.468954	0.467035	0.470713	0.470302	0.469916	0.514383	0.525427	0.520498	0.516829	0.524704	0.540251	0.49813	0.511734	0.509099	0.506478	0.497492	0.498517
ERR626956	0.321893	0.316755	0.320176	0.320522	0.320813	0.321302	0.458195	0.468615	0.463182	0.471711	0.458701	0.458427	0.430446	0.428828	0.397667	0.394998	0.436187	0.399558	0.414908	0.426627	0.425693	0.429983	0.412741	0.414805	0.285543	0.287392	0.307451	0.284478	0.287756	0.298299	0.259307	0.236473	0	0.235467	0.236732	0.249621	0.460379	0.451885	0.453554	0.452595	0.460691	0.462521	0.277149	0.277369	0.278841	0.278199	0.279225	0.285032	0.481863	0.478111	0.47934	0.502197	0.478325	0.480764	0.520544	0.535029	0.528973	0.518733	0.520982	0.519743	0.652114	0.64907	0.649249	0.647248	0.666821	0.650369	0.490248	0.475995	0.483272	0.475177	0.487557	0.474495	0.471324	0.472822	0.472133	0.488446	0.495857	0.490835	0.468527	0.468714	0.467341	0.470491	0.470201	0.470397	0.515706	0.527099	0.522232	0.518235	0.526243	0.54203	0.499693	0.513847	0.510702	0.508185	0.499219	0.500038
ERR626955	0.320849	0.317964	0.321491	0.319801	0.322365	0.322984	0.458618	0.470429	0.464383	0.47366	0.459439	0.45898	0.429353	0.427658	0.394738	0.391677	0.435412	0.395761	0.414186	0.425072	0.424007	0.428539	0.409547	0.411609	0.281868	0.283491	0.307479	0.281173	0.284245	0.293856	0.262851	0.23655	0.235467	0	0.236611	0.252612	0.459811	0.450264	0.451848	0.450954	0.459987	0.461616	0.27958	0.27874	0.278253	0.280782	0.281999	0.284137	0.482017	0.477237	0.478344	0.503352	0.477489	0.480672	0.51775	0.53306	0.526821	0.516111	0.518563	0.51706	0.648288	0.645008	0.645296	0.643421	0.663556	0.646467	0.49107	0.476315	0.484125	0.475694	0.488468	0.474867	0.46967	0.47141	0.47041	0.487832	0.495504	0.490313	0.467377	0.468472	0.466308	0.470201	0.469843	0.470036	0.514663	0.526117	0.521364	0.517172	0.524753	0.541914	0.498985	0.513416	0.51037	0.507808	0.498316	0.499318
ERR626953	0.319901	0.314641	0.319315	0.318376	0.319877	0.320012	0.457881	0.467293	0.462967	0.469667	0.457558	0.457789	0.429891	0.428545	0.397921	0.395391	0.435934	0.399556	0.413854	0.424953	0.423522	0.428281	0.411706	0.413758	0.288497	0.290281	0.310493	0.287169	0.290153	0.300591	0.255549	0.232423	0.236732	0.236611	0	0.247445	0.456783	0.449683	0.45143	0.450617	0.457154	0.458959	0.273565	0.273824	0.278011	0.274586	0.2754	0.282489	0.479923	0.476907	0.478401	0.500848	0.477252	0.478663	0.521926	0.535781	0.530496	0.520598	0.52332	0.521502	0.653414	0.650876	0.651183	0.64919	0.66725	0.651937	0.487924	0.47382	0.481717	0.47323	0.485699	0.472464	0.471484	0.474101	0.472423	0.487853	0.495023	0.490298	0.468197	0.469379	0.466907	0.471047	0.470715	0.470269	0.514507	0.52532	0.520672	0.516851	0.524399	0.540819	0.49831	0.512149	0.509585	0.506754	0.497611	0.498521
ERR626954	0.339627	0.315636	0.313545	0.33618	0.312351	0.313161	0.458104	0.45613	0.455794	0.458137	0.456061	0.45745	0.442372	0.440774	0.424398	0.424929	0.444707	0.433392	0.420881	0.442167	0.443043	0.44506	0.441618	0.444818	0.318369	0.320917	0.306629	0.314435	0.320544	0.337428	0.232724	0.245412	0.249621	0.252612	0.247445	0	0.476776	0.474284	0.476391	0.475863	0.477308	0.480801	0.270256	0.281821	0.297465	0.268841	0.268783	0.306163	0.490488	0.49425	0.496712	0.499489	0.494763	0.49292	0.545878	0.554239	0.549325	0.543345	0.542189	0.544727	0.689233	0.686488	0.68647	0.682358	0.699744	0.687157	0.491042	0.481283	0.481717	0.480943	0.488514	0.480047	0.490404	0.486303	0.491404	0.498291	0.504931	0.499636	0.484408	0.474856	0.482181	0.476135	0.476865	0.479156	0.53166	0.544553	0.536315	0.533577	0.547337	0.550099	0.512747	0.522584	0.519056	0.516999	0.512259	0.513126
ERR622084	0.445036	0.459399	0.47503	0.446341	0.477743	0.475316	0.554629	0.559257	0.566888	0.555184	0.552762	0.552943	0.421129	0.42249	0.394154	0.393684	0.433206	0.392135	0.390524	0.363749	0.36002	0.364447	0.364124	0.365344	0.449708	0.449158	0.48774	0.453655	0.449146	0.452055	0.486443	0.45641	0.460379	0.459811	0.456783	0.476776	0	0.259663	0.260535	0.26111	0.248131	0.248262	0.439546	0.426038	0.425586	0.442614	0.440825	0.417629	0.484852	0.492617	0.496857	0.514108	0.492768	0.483466	0.528784	0.534025	0.53419	0.531289	0.538879	0.529745	0.588642	0.591683	0.592123	0.592605	0.5938	0.589679	0.491933	0.48316	0.503024	0.483085	0.492033	0.483082	0.502518	0.513514	0.503792	0.503863	0.504504	0.507178	0.51219	0.522721	0.511267	0.524353	0.52215	0.510629	0.468237	0.464609	0.470322	0.469866	0.46369	0.488693	0.495772	0.501657	0.505007	0.502012	0.495195	0.49492
ERR622088	0.435155	0.454805	0.470776	0.437175	0.473817	0.47161	0.549052	0.559681	0.563465	0.557861	0.548658	0.54799	0.435718	0.436554	0.394613	0.390245	0.449073	0.384383	0.402439	0.374319	0.369142	0.376001	0.354284	0.354217	0.434462	0.433443	0.485007	0.439521	0.433876	0.433723	0.485278	0.449969	0.451885	0.450264	0.449683	0.474284	0.259663	0	0.244681	0.244633	0.259885	0.255115	0.436622	0.420818	0.415126	0.440273	0.438659	0.406815	0.484527	0.483366	0.486337	0.522422	0.48337	0.480125	0.523915	0.536453	0.534309	0.526212	0.535955	0.524995	0.583242	0.584936	0.585636	0.58858	0.594814	0.584693	0.500026	0.48623	0.509247	0.485865	0.499352	0.48586	0.494145	0.508228	0.49534	0.506888	0.509551	0.510858	0.504114	0.519578	0.503764	0.521719	0.518921	0.508424	0.470501	0.468479	0.475519	0.472946	0.462726	0.50073	0.496727	0.507891	0.510371	0.506822	0.495672	0.49591
ERR622086	0.43662	0.456889	0.472952	0.438636	0.476039	0.473937	0.55108	0.562204	0.565771	0.560316	0.550728	0.549995	0.437685	0.438332	0.396114	0.39151	0.451106	0.385172	0.405096	0.376341	0.370987	0.378081	0.355082	0.354906	0.435705	0.434721	0.487305	0.440871	0.435048	0.434603	0.487577	0.45169	0.453554	0.451848	0.45143	0.476391	0.260535	0.244681	0	0.244316	0.260534	0.255544	0.438565	0.422346	0.416594	0.44245	0.440762	0.408017	0.486292	0.484499	0.487545	0.524976	0.484384	0.481563	0.525178	0.538339	0.53587	0.527682	0.537615	0.52648	0.583483	0.585099	0.585981	0.589121	0.595222	0.584945	0.502329	0.488276	0.51185	0.487831	0.50172	0.488018	0.49552	0.510111	0.496721	0.509033	0.511695	0.512974	0.505751	0.521812	0.50533	0.523916	0.521308	0.510594	0.472416	0.469983	0.477441	0.47484	0.463978	0.502994	0.498335	0.510001	0.512443	0.508866	0.497369	0.497535
ERR622087	0.435358	0.455726	0.471861	0.437496	0.474979	0.472926	0.5497	0.560898	0.564377	0.559212	0.549392	0.548651	0.437213	0.43803	0.395112	0.390319	0.450765	0.383919	0.404292	0.375736	0.370566	0.377534	0.353721	0.353598	0.434631	0.433533	0.486543	0.439785	0.434071	0.433337	0.486988	0.450783	0.452595	0.450954	0.450617	0.475863	0.26111	0.244633	0.244316	0	0.261028	0.256232	0.438021	0.421751	0.41563	0.441762	0.440246	0.407273	0.485191	0.483096	0.485986	0.523945	0.483063	0.480377	0.523448	0.536806	0.534321	0.525903	0.53578	0.524669	0.582051	0.583609	0.584379	0.58753	0.594028	0.583491	0.501445	0.487173	0.510747	0.486733	0.500711	0.486914	0.493941	0.508441	0.49525	0.507599	0.510436	0.511732	0.503906	0.520119	0.503543	0.522288	0.51943	0.508863	0.471193	0.468986	0.476285	0.473648	0.462805	0.502081	0.497185	0.508934	0.511273	0.507728	0.496058	0.496411
ERR622085	0.445478	0.459965	0.475695	0.446892	0.478347	0.476142	0.555077	0.559737	0.567472	0.555929	0.55334	0.553327	0.420672	0.421874	0.393517	0.393212	0.432742	0.391615	0.390049	0.362959	0.359328	0.363706	0.363317	0.364716	0.449788	0.449305	0.487696	0.453618	0.44917	0.451781	0.487068	0.456936	0.460691	0.459987	0.457154	0.477308	0.248131	0.259885	0.260534	0.261028	0	0.248514	0.440542	0.42676	0.426034	0.443667	0.441755	0.418118	0.48547	0.49313	0.49743	0.51451	0.493425	0.48419	0.528228	0.533634	0.533573	0.530888	0.538407	0.529323	0.587762	0.590763	0.591219	0.591619	0.593003	0.588913	0.492459	0.483787	0.503418	0.483616	0.492418	0.483664	0.502327	0.513323	0.503658	0.503604	0.504479	0.506922	0.51265	0.523031	0.511479	0.52464	0.522413	0.511015	0.468096	0.46474	0.47022	0.469845	0.463798	0.488725	0.495892	0.50178	0.504975	0.502133	0.495423	0.494962
ERR622083	0.446037	0.462546	0.478678	0.447561	0.481439	0.479258	0.556613	0.563096	0.569908	0.559311	0.555007	0.554957	0.427175	0.428141	0.396306	0.395073	0.439447	0.391612	0.396528	0.368339	0.363757	0.369201	0.363138	0.363943	0.449775	0.449106	0.491582	0.453881	0.449082	0.450773	0.490876	0.458918	0.462521	0.461616	0.458959	0.480801	0.248262	0.255115	0.255544	0.256232	0.248514	0	0.443159	0.428632	0.42671	0.446614	0.444673	0.418336	0.486337	0.491977	0.495856	0.518512	0.492152	0.484059	0.528861	0.536024	0.535653	0.531723	0.540024	0.530027	0.586214	0.589206	0.589612	0.590859	0.592658	0.587602	0.495884	0.485885	0.507046	0.48557	0.495701	0.485755	0.502382	0.514959	0.503652	0.506521	0.50751	0.510023	0.512694	0.525202	0.511858	0.526806	0.524487	0.513018	0.469239	0.465528	0.472043	0.47117	0.463062	0.492608	0.497348	0.504594	0.507858	0.50465	0.496561	0.496281
ERR607756	0.309008	0.292559	0.295153	0.306378	0.295046	0.29489	0.434232	0.435186	0.435075	0.436347	0.432267	0.433257	0.411088	0.409792	0.38771	0.386924	0.415925	0.393999	0.391707	0.408449	0.407428	0.4113	0.402699	0.40536	0.31908	0.321448	0.324106	0.316419	0.320072	0.33411	0.274985	0.272108	0.277149	0.27958	0.273565	0.270256	0.439546	0.436622	0.438565	0.438021	0.440542	0.443159	0	0.23488	0.248252	0.229434	0.229317	0.254337	0.451486	0.455963	0.458655	0.464452	0.456657	0.45331	0.510385	0.518072	0.513958	0.508079	0.508169	0.509054	0.650149	0.648384	0.648403	0.644135	0.659544	0.6486	0.454232	0.444042	0.448063	0.443399	0.451971	0.442634	0.454827	0.454041	0.456245	0.462572	0.468792	0.464094	0.450182	0.443942	0.448062	0.445384	0.445788	0.445687	0.492631	0.503613	0.497034	0.494496	0.506111	0.511903	0.473974	0.484429	0.481525	0.478994	0.473411	0.473999
ERR607753	0.301802	0.295311	0.302143	0.30041	0.303033	0.302667	0.436799	0.442969	0.441602	0.444311	0.435531	0.435775	0.406399	0.405228	0.375088	0.372935	0.413081	0.377171	0.389799	0.399348	0.397049	0.402475	0.386661	0.388832	0.309445	0.311245	0.331035	0.30798	0.310088	0.320608	0.28936	0.272857	0.277369	0.27874	0.273824	0.281821	0.426038	0.420818	0.422346	0.421751	0.42676	0.428632	0.23488	0	0.238055	0.235791	0.23652	0.240998	0.445316	0.446484	0.448921	0.46522	0.446861	0.445245	0.500172	0.510537	0.506199	0.498529	0.500931	0.499243	0.632205	0.630659	0.630907	0.627711	0.642919	0.63117	0.452914	0.440348	0.448972	0.439616	0.450821	0.438862	0.446107	0.449193	0.447434	0.45814	0.464607	0.460151	0.443488	0.443412	0.441962	0.44532	0.445061	0.442945	0.483142	0.492285	0.488337	0.485449	0.492825	0.506258	0.466853	0.479475	0.477182	0.474281	0.466441	0.466839
ERR607755	0.2972	0.301691	0.309949	0.297062	0.311966	0.311404	0.437911	0.450999	0.446045	0.453534	0.438314	0.437558	0.40578	0.404468	0.365353	0.36075	0.414133	0.362548	0.391704	0.397023	0.394084	0.400667	0.375383	0.37666	0.298307	0.299509	0.336156	0.298595	0.299203	0.305581	0.307366	0.277725	0.278841	0.278253	0.278011	0.297465	0.425586	0.415126	0.416594	0.41563	0.426034	0.42671	0.248252	0.238055	0	0.250714	0.252045	0.235646	0.444542	0.440479	0.442021	0.470148	0.440793	0.442617	0.487393	0.50199	0.496504	0.486021	0.490073	0.486721	0.613505	0.611482	0.611804	0.609979	0.627541	0.612533	0.456618	0.441374	0.452936	0.440575	0.454315	0.439833	0.437604	0.443167	0.438802	0.455579	0.462866	0.458107	0.436863	0.441356	0.435716	0.443407	0.442567	0.440224	0.47838	0.487542	0.484916	0.48095	0.485491	0.506308	0.463236	0.478421	0.476178	0.472962	0.462697	0.46342
