	ERR626616	ERR626615	ERR626614	ERR626618	ERR626619	ERR626617	ERR629674	ERR629676	ERR629677	ERR629678	ERR629675	ERR629679	ERR618694	ERR618693	ERR618695	ERR618696	ERR618698	ERR618697	ERR636646	ERR636648	ERR636643	ERR636645	ERR636647	ERR636644	ERR636686	ERR636690	ERR636687	ERR636688	ERR636685	ERR636689	ERR612595	ERR612598	ERR612596	ERR612597	ERR612600	ERR612599	ERR637031	ERR637027	ERR637030	ERR637029	ERR637028	ERR637032	ERR636919	ERR636923	ERR636924	ERR636920	ERR636922	ERR636921	ERR607490	ERR607491	ERR607489	ERR607488	ERR607492	ERR607487	ERR635311	ERR635314	ERR635313	ERR635310	ERR635312	ERR635315	ERR617200	ERR617202	ERR617198	ERR617201	ERR617199	ERR617197	ERR605542	ERR605543	ERR605539	ERR605540	ERR605541	ERR605544	ERR612217	ERR612218	ERR612215	ERR612220	ERR612219	ERR612216	ERR614856	ERR614858	ERR614857	ERR614854	ERR614853	ERR614855	ERR614953	ERR614954	ERR614949	ERR614951	ERR614952	ERR614950	ERR616612	ERR616611	ERR616613	ERR616610	ERR616614	ERR616615
ERR626616	0	0.259629	0.280273	0.256582	0.256761	0.256458	0.351968	0.33756	0.360898	0.359932	0.338411	0.362755	0.43675	0.43775	0.439024	0.44079	0.442432	0.440652	0.430282	0.435851	0.435717	0.42911	0.42977	0.430618	0.296548	0.300896	0.296902	0.301542	0.296195	0.301098	0.511522	0.504792	0.503613	0.501513	0.505915	0.503357	0.459141	0.450065	0.444284	0.450841	0.442357	0.456261	0.46177	0.473758	0.473412	0.472095	0.473784	0.468925	0.329476	0.328385	0.307884	0.307076	0.32883	0.306387	0.349088	0.369019	0.367757	0.363415	0.345957	0.368031	0.364573	0.353199	0.381988	0.365916	0.386045	0.368918	0.357517	0.359076	0.362882	0.359237	0.356515	0.357431	0.340155	0.342479	0.348528	0.337879	0.321802	0.339984	0.306788	0.307049	0.306153	0.29343	0.294492	0.293554	0.323638	0.326773	0.298066	0.298824	0.325939	0.299671	0.311125	0.314246	0.320625	0.311789	0.320739	0.322087
ERR626615	0.259629	0	0.252049	0.256605	0.261242	0.258738	0.341162	0.342135	0.346552	0.346174	0.343883	0.348259	0.438597	0.434621	0.439545	0.43776	0.437178	0.437267	0.417499	0.418448	0.417907	0.426294	0.417249	0.417601	0.295727	0.300319	0.299774	0.299547	0.309167	0.299842	0.497147	0.500705	0.504298	0.492338	0.502252	0.499601	0.442628	0.434909	0.435132	0.435393	0.437451	0.440624	0.449854	0.456757	0.456875	0.454249	0.456709	0.453214	0.309199	0.308634	0.311815	0.30887	0.308763	0.311623	0.363294	0.394557	0.392763	0.383609	0.35577	0.39379	0.354112	0.355009	0.358421	0.352349	0.361386	0.351461	0.356417	0.357547	0.356476	0.358162	0.360485	0.357116	0.321729	0.322692	0.325218	0.320272	0.317621	0.3226	0.295393	0.295587	0.295947	0.304319	0.309637	0.307184	0.302119	0.303884	0.300185	0.298856	0.303346	0.297145	0.311585	0.306941	0.308535	0.307797	0.309216	0.309023
ERR626614	0.280273	0.252049	0	0.275459	0.282411	0.279085	0.338967	0.353206	0.340491	0.34055	0.354476	0.341489	0.448728	0.441604	0.449296	0.445589	0.442913	0.444723	0.412486	0.408713	0.408004	0.42669	0.41217	0.411568	0.307958	0.309324	0.312535	0.308426	0.330617	0.308466	0.49741	0.51033	0.5172	0.496316	0.512241	0.508898	0.431561	0.426073	0.430869	0.426267	0.435805	0.430378	0.445557	0.446689	0.447058	0.444459	0.446724	0.444519	0.304962	0.305462	0.328892	0.323775	0.304889	0.328661	0.377798	0.414002	0.411941	0.399986	0.36675	0.413991	0.362579	0.367513	0.352534	0.358016	0.354595	0.350602	0.364551	0.364883	0.359506	0.365057	0.371177	0.365412	0.31391	0.313491	0.313351	0.313632	0.323767	0.314627	0.295853	0.296499	0.297863	0.323015	0.330045	0.328278	0.29376	0.294375	0.31235	0.311879	0.293911	0.30637	0.325699	0.313952	0.309038	0.317284	0.309925	0.308954
ERR626618	0.256582	0.256605	0.275459	0	0.250849	0.249918	0.357619	0.346334	0.36617	0.365258	0.349551	0.368311	0.435022	0.433928	0.435974	0.435742	0.43645	0.435745	0.431389	0.436657	0.43616	0.438031	0.431105	0.433358	0.297282	0.306168	0.301974	0.306368	0.300243	0.306143	0.499852	0.494247	0.49476	0.492739	0.495072	0.493338	0.462473	0.452748	0.450355	0.453346	0.451045	0.459727	0.462845	0.474677	0.474591	0.470954	0.474584	0.470106	0.3247	0.323541	0.306156	0.306503	0.32352	0.307123	0.363569	0.389157	0.387996	0.382106	0.359412	0.387969	0.351191	0.353155	0.369337	0.352571	0.372949	0.359103	0.36163	0.363689	0.367014	0.364819	0.36329	0.361927	0.342001	0.343382	0.347595	0.338929	0.324891	0.343207	0.31032	0.3102	0.310331	0.301448	0.304164	0.299889	0.322567	0.325358	0.302266	0.299624	0.324477	0.302157	0.308391	0.312909	0.321649	0.311411	0.322119	0.32331
ERR626619	0.256761	0.261242	0.282411	0.250849	0	0.250482	0.361544	0.347584	0.370976	0.369856	0.350461	0.373142	0.436399	0.43634	0.437484	0.438061	0.439343	0.438237	0.435768	0.44203	0.441435	0.440891	0.435384	0.437943	0.298905	0.308647	0.303595	0.308636	0.299197	0.308652	0.503584	0.496133	0.495761	0.495856	0.49702	0.495354	0.467921	0.457851	0.454708	0.458562	0.454629	0.465028	0.467575	0.480104	0.479994	0.476427	0.480032	0.475344	0.330231	0.328745	0.306768	0.307702	0.328896	0.307821	0.362591	0.386407	0.385552	0.380223	0.359671	0.385154	0.353495	0.354626	0.374756	0.356102	0.37837	0.36374	0.363353	0.365378	0.369851	0.366526	0.363808	0.363261	0.347358	0.348722	0.353304	0.343853	0.327448	0.348216	0.314378	0.314447	0.314364	0.301106	0.303199	0.298713	0.328203	0.331183	0.303934	0.300962	0.33042	0.304707	0.309158	0.315375	0.325814	0.313573	0.326159	0.327701
ERR626617	0.256458	0.258738	0.279085	0.249918	0.250482	0	0.359487	0.346503	0.36828	0.367453	0.349969	0.370462	0.435138	0.434504	0.435947	0.436165	0.437222	0.436272	0.43396	0.439468	0.438996	0.439932	0.433704	0.436065	0.298298	0.307533	0.302801	0.307554	0.299201	0.307597	0.500364	0.493918	0.493838	0.492673	0.49456	0.492864	0.464886	0.455335	0.452782	0.456015	0.453157	0.462342	0.465531	0.47745	0.477418	0.473891	0.477407	0.472951	0.327408	0.325948	0.305816	0.306453	0.326098	0.306777	0.363122	0.3881	0.38679	0.381294	0.359857	0.386864	0.351229	0.352689	0.371268	0.353444	0.374907	0.360498	0.361838	0.36403	0.367988	0.365041	0.363014	0.362075	0.344392	0.345913	0.350377	0.341239	0.326145	0.34563	0.312157	0.31247	0.312163	0.300799	0.303025	0.298609	0.325448	0.328038	0.302958	0.299916	0.327171	0.303406	0.308715	0.314239	0.32373	0.312265	0.324227	0.325465
ERR629674	0.351968	0.341162	0.338967	0.357619	0.361544	0.359487	0	0.255885	0.239202	0.238518	0.255578	0.239896	0.461658	0.457207	0.463784	0.463116	0.461054	0.461715	0.413987	0.413685	0.413756	0.416616	0.41368	0.411464	0.324672	0.317539	0.32258	0.31712	0.34163	0.317481	0.527635	0.537342	0.54108	0.522662	0.539169	0.535131	0.417067	0.409152	0.406674	0.40969	0.407081	0.414608	0.432321	0.43534	0.43503	0.435935	0.435195	0.432167	0.3446	0.345231	0.361446	0.355257	0.345054	0.358115	0.344885	0.378193	0.376032	0.361436	0.333996	0.378838	0.422785	0.41449	0.417062	0.419508	0.420463	0.410993	0.387186	0.386636	0.382831	0.385768	0.389676	0.387824	0.343512	0.345633	0.348147	0.34463	0.349455	0.343294	0.328429	0.328471	0.327876	0.347246	0.352114	0.354387	0.346681	0.347209	0.355285	0.358892	0.347263	0.352046	0.362613	0.350294	0.344264	0.352647	0.344334	0.343692
ERR629676	0.33756	0.342135	0.353206	0.346334	0.347584	0.346503	0.255885	0	0.266433	0.264455	0.24494	0.267787	0.457356	0.45734	0.459993	0.462397	0.462708	0.461652	0.422154	0.429224	0.429555	0.41544	0.421707	0.42126	0.31564	0.310683	0.311221	0.31104	0.318492	0.311594	0.536942	0.535746	0.534925	0.527788	0.536964	0.533597	0.43717	0.425773	0.415984	0.426708	0.411579	0.433288	0.440632	0.45235	0.451496	0.452447	0.452158	0.447088	0.358725	0.358571	0.351331	0.347495	0.358741	0.347558	0.322635	0.344977	0.343085	0.333001	0.318425	0.345008	0.426313	0.412435	0.434695	0.426066	0.438974	0.42388	0.384147	0.384608	0.386201	0.383584	0.382251	0.3843	0.359098	0.36264	0.368494	0.358424	0.34688	0.358956	0.334937	0.334844	0.333211	0.331043	0.332893	0.335503	0.3629	0.364769	0.348423	0.35216	0.364718	0.348678	0.354142	0.349979	0.35113	0.349397	0.350911	0.35203
ERR629677	0.360898	0.346552	0.340491	0.36617	0.370976	0.36828	0.239202	0.266433	0	0.235697	0.265312	0.236942	0.464579	0.458989	0.466746	0.465353	0.462638	0.463568	0.416431	0.412894	0.412878	0.421474	0.416059	0.412755	0.334122	0.325822	0.332074	0.325196	0.353742	0.32593	0.526297	0.538954	0.544001	0.522314	0.540883	0.53678	0.41357	0.407841	0.407434	0.408092	0.409915	0.411714	0.434436	0.433451	0.433437	0.435162	0.433338	0.431159	0.345592	0.346456	0.368919	0.361763	0.346105	0.365473	0.356739	0.391582	0.389176	0.37426	0.344546	0.392407	0.424551	0.416515	0.414268	0.420079	0.417217	0.409717	0.391765	0.391122	0.386346	0.390528	0.39564	0.392568	0.343598	0.344825	0.346859	0.345386	0.355384	0.343359	0.331866	0.332135	0.331689	0.356271	0.361693	0.364018	0.34654	0.346683	0.36145	0.365288	0.346834	0.357375	0.369886	0.355516	0.346962	0.358601	0.347028	0.346086
ERR629678	0.359932	0.346174	0.34055	0.365258	0.369856	0.367453	0.238518	0.264455	0.235697	0	0.26348	0.236641	0.464313	0.459002	0.466558	0.465094	0.462741	0.463465	0.416413	0.413371	0.413356	0.420789	0.416219	0.412811	0.333487	0.324921	0.331132	0.324465	0.352397	0.324912	0.527183	0.539441	0.544422	0.523029	0.541445	0.537391	0.414099	0.408279	0.407467	0.40858	0.409502	0.412312	0.434564	0.434011	0.4338	0.435627	0.433863	0.431498	0.345774	0.346923	0.368209	0.361275	0.34654	0.364733	0.355206	0.389292	0.386986	0.372072	0.343078	0.39023	0.424854	0.416031	0.415168	0.420503	0.418127	0.41019	0.391298	0.390368	0.385798	0.389877	0.394964	0.391964	0.343975	0.34525	0.347343	0.345618	0.354823	0.343525	0.331454	0.33172	0.331176	0.354943	0.360384	0.362819	0.346638	0.346842	0.36065	0.364443	0.346955	0.3566	0.369359	0.355127	0.346628	0.358017	0.346701	0.345747
ERR629675	0.338411	0.343883	0.354476	0.349551	0.350461	0.349969	0.255578	0.24494	0.265312	0.26348	0	0.266922	0.458178	0.458632	0.46133	0.463774	0.464161	0.462908	0.423357	0.430265	0.430513	0.415449	0.422988	0.422285	0.31791	0.311892	0.312664	0.312388	0.320646	0.312428	0.53917	0.538042	0.537247	0.529295	0.539442	0.535896	0.436664	0.426187	0.415719	0.427142	0.410656	0.433151	0.441458	0.452653	0.451899	0.453384	0.452472	0.447454	0.359676	0.35935	0.353086	0.348484	0.359743	0.34883	0.322554	0.342387	0.340457	0.332423	0.317609	0.342608	0.428955	0.411656	0.435966	0.428174	0.439996	0.424785	0.384654	0.385024	0.386572	0.384055	0.382692	0.384988	0.359239	0.362879	0.369202	0.358903	0.34803	0.358736	0.335288	0.335384	0.333606	0.331759	0.333314	0.336681	0.36322	0.365308	0.348909	0.353431	0.365299	0.349627	0.356299	0.351363	0.350768	0.350417	0.350428	0.351338
ERR629679	0.362755	0.348259	0.341489	0.368311	0.373142	0.370462	0.239896	0.267787	0.236942	0.236641	0.266922	0	0.465625	0.459758	0.467632	0.466223	0.463498	0.464326	0.417995	0.413767	0.413863	0.423136	0.417751	0.414044	0.336815	0.327859	0.334538	0.327508	0.356601	0.3281	0.526926	0.540195	0.545249	0.523156	0.542195	0.537979	0.413608	0.4081	0.408347	0.40846	0.410842	0.411816	0.435977	0.434204	0.434031	0.436081	0.433991	0.432103	0.346552	0.34762	0.370875	0.363682	0.347269	0.367138	0.359099	0.39385	0.39156	0.376427	0.346746	0.394541	0.425421	0.417182	0.414282	0.420795	0.417376	0.409779	0.393146	0.392246	0.386927	0.391519	0.396974	0.39384	0.344333	0.345827	0.347426	0.346408	0.357295	0.344018	0.332607	0.332686	0.332458	0.357793	0.363179	0.365752	0.346866	0.347001	0.36261	0.366531	0.347018	0.358331	0.37207	0.357279	0.348463	0.360412	0.348208	0.347353
ERR618694	0.43675	0.438597	0.448728	0.435022	0.436399	0.435138	0.461658	0.457356	0.464579	0.464313	0.458178	0.465625	0	0.27304	0.272164	0.274421	0.277165	0.27439	0.414498	0.403445	0.4044	0.429528	0.41381	0.411943	0.451666	0.458036	0.454739	0.457183	0.451945	0.45738	0.371614	0.360021	0.36017	0.357145	0.361589	0.358001	0.394091	0.393957	0.400851	0.394583	0.408945	0.394333	0.409603	0.409968	0.409573	0.409964	0.409805	0.408172	0.452474	0.452146	0.43788	0.43911	0.451908	0.437821	0.496875	0.513207	0.512622	0.51017	0.493848	0.512545	0.434828	0.431364	0.445898	0.43536	0.4494	0.437725	0.481454	0.482891	0.484323	0.483804	0.483418	0.481467	0.476819	0.477437	0.478512	0.476405	0.473633	0.477138	0.451055	0.451403	0.451426	0.44469	0.445152	0.443199	0.457766	0.459347	0.446024	0.444742	0.458754	0.446327	0.453134	0.456466	0.460694	0.455463	0.460606	0.461174
ERR618693	0.43775	0.434621	0.441604	0.433928	0.43634	0.434504	0.457207	0.45734	0.458989	0.459002	0.458632	0.459758	0.27304	0	0.272546	0.271628	0.271384	0.271205	0.410533	0.396047	0.396917	0.43119	0.410205	0.407961	0.450215	0.456702	0.454224	0.455927	0.453875	0.456291	0.360506	0.358021	0.362213	0.350109	0.359723	0.355828	0.384546	0.386104	0.397567	0.386404	0.408389	0.385604	0.405913	0.402403	0.402412	0.40216	0.402404	0.401733	0.445288	0.445179	0.437344	0.438304	0.44466	0.43779	0.499496	0.51925	0.51834	0.514723	0.495308	0.518554	0.430464	0.431086	0.436405	0.42977	0.439299	0.430275	0.479837	0.481333	0.481171	0.48216	0.483459	0.480115	0.471013	0.471222	0.471045	0.470963	0.471442	0.471563	0.446937	0.447492	0.447615	0.446419	0.447883	0.445428	0.450639	0.451952	0.445106	0.443341	0.451393	0.444393	0.451332	0.453176	0.455935	0.45282	0.455988	0.456249
ERR618695	0.439024	0.439545	0.449296	0.435974	0.437484	0.435947	0.463784	0.459993	0.466746	0.466558	0.46133	0.467632	0.272164	0.272546	0	0.273209	0.27477	0.273537	0.415289	0.404008	0.404808	0.432638	0.414887	0.413352	0.453444	0.460258	0.45713	0.459535	0.454222	0.459864	0.367421	0.356821	0.357891	0.354252	0.357923	0.354855	0.395144	0.395378	0.403111	0.395707	0.412186	0.39568	0.410848	0.41047	0.410227	0.410396	0.410292	0.409034	0.452762	0.452695	0.439555	0.440914	0.452204	0.439717	0.50053	0.518103	0.517469	0.514678	0.497623	0.517393	0.433781	0.432143	0.44438	0.43406	0.447631	0.43675	0.483761	0.485164	0.486515	0.48629	0.486225	0.483686	0.477862	0.478511	0.479374	0.477557	0.475118	0.478762	0.452847	0.453226	0.453332	0.447455	0.44821	0.446078	0.458853	0.460266	0.448208	0.446714	0.459782	0.448368	0.453997	0.457361	0.461954	0.456474	0.461926	0.462526
ERR618696	0.44079	0.43776	0.445589	0.435742	0.438061	0.436165	0.463116	0.462397	0.465353	0.465094	0.463774	0.466223	0.274421	0.271628	0.273209	0	0.268772	0.268424	0.41361	0.400625	0.401317	0.435242	0.413305	0.412014	0.453878	0.461248	0.458532	0.46029	0.45671	0.460566	0.35926	0.354033	0.358052	0.3489	0.355523	0.352379	0.390699	0.391838	0.402481	0.392216	0.413603	0.391639	0.409083	0.406679	0.406695	0.405867	0.406704	0.405708	0.449556	0.449183	0.439887	0.441251	0.448836	0.440631	0.50466	0.524368	0.52354	0.52035	0.500838	0.523421	0.431036	0.432913	0.438571	0.430646	0.441334	0.432533	0.484067	0.485643	0.486239	0.486968	0.487795	0.484253	0.476	0.476155	0.476247	0.475518	0.475264	0.476939	0.452154	0.452443	0.452545	0.450095	0.451444	0.448828	0.455928	0.457014	0.448969	0.446796	0.45679	0.448353	0.45409	0.456588	0.460687	0.456179	0.460751	0.461249
ERR618698	0.442432	0.437178	0.442913	0.43645	0.439343	0.437222	0.461054	0.462708	0.462638	0.462741	0.464161	0.463498	0.277165	0.271384	0.27477	0.268772	0	0.268406	0.411145	0.396489	0.397046	0.435423	0.410971	0.409483	0.453886	0.460955	0.458835	0.459887	0.45848	0.460236	0.354614	0.354272	0.359972	0.346493	0.355836	0.352412	0.386424	0.388332	0.401057	0.388539	0.413624	0.387712	0.407078	0.402531	0.40284	0.401743	0.402582	0.402313	0.44636	0.446351	0.4408	0.441616	0.445844	0.441648	0.506151	0.52755	0.526628	0.522935	0.501894	0.52683	0.430373	0.43409	0.434898	0.429468	0.437474	0.430385	0.484268	0.485797	0.485605	0.487324	0.488751	0.484436	0.473291	0.473164	0.472982	0.472965	0.474582	0.474527	0.450572	0.450966	0.451307	0.451758	0.453695	0.450859	0.453277	0.454338	0.449797	0.447516	0.453783	0.448697	0.454212	0.455783	0.458844	0.455518	0.459016	0.459325
ERR618697	0.440652	0.437267	0.444723	0.435745	0.438237	0.436272	0.461715	0.461652	0.463568	0.463465	0.462908	0.464326	0.27439	0.271205	0.273537	0.268424	0.268406	0	0.412029	0.398401	0.399171	0.433663	0.411696	0.410154	0.453477	0.460406	0.45783	0.459443	0.456784	0.459857	0.358694	0.35451	0.358941	0.348435	0.356321	0.352978	0.388427	0.389764	0.400631	0.390023	0.412074	0.389247	0.407498	0.40435	0.404427	0.403797	0.40435	0.4038	0.448503	0.448226	0.439627	0.440843	0.447929	0.44043	0.504163	0.523955	0.523109	0.519777	0.499993	0.52294	0.431538	0.433292	0.438169	0.43097	0.441007	0.432475	0.48372	0.485112	0.485636	0.486533	0.487467	0.483853	0.474518	0.474679	0.47494	0.474229	0.474517	0.475525	0.451161	0.451501	0.451915	0.449933	0.451513	0.448779	0.454901	0.455953	0.448946	0.446978	0.455505	0.44819	0.45404	0.456221	0.459997	0.455789	0.459761	0.460126
ERR636646	0.430282	0.417499	0.412486	0.431389	0.435768	0.43396	0.413987	0.422154	0.416431	0.416413	0.423357	0.417995	0.414498	0.410533	0.415289	0.41361	0.411145	0.412029	0	0.245312	0.245345	0.249685	0.233099	0.236246	0.412755	0.407398	0.412593	0.406991	0.42645	0.406634	0.473219	0.479189	0.482905	0.468181	0.479848	0.476389	0.326012	0.309519	0.301679	0.311133	0.303079	0.320773	0.292183	0.301165	0.300977	0.299058	0.301256	0.297017	0.433622	0.433724	0.450505	0.445574	0.433739	0.448157	0.420399	0.447765	0.446486	0.43498	0.414068	0.447965	0.518246	0.517055	0.508719	0.514835	0.511557	0.50779	0.47115	0.47149	0.467798	0.472016	0.474934	0.472102	0.417519	0.418864	0.421347	0.417426	0.422981	0.418281	0.418162	0.417789	0.417983	0.436558	0.44089	0.443054	0.434801	0.43519	0.44893	0.450822	0.434707	0.444272	0.447245	0.436867	0.431661	0.44006	0.432061	0.43126
ERR636648	0.435851	0.418448	0.408713	0.436657	0.44203	0.439468	0.413685	0.429224	0.412894	0.413371	0.430265	0.413767	0.403445	0.396047	0.404008	0.400625	0.396489	0.398401	0.245312	0	0.235671	0.271804	0.245154	0.240808	0.422523	0.417059	0.422841	0.41605	0.440028	0.41585	0.451762	0.467435	0.475326	0.449744	0.468992	0.464448	0.307817	0.299817	0.30371	0.300343	0.312365	0.305347	0.301526	0.294555	0.294988	0.295635	0.29473	0.294402	0.426902	0.427468	0.451822	0.446105	0.427068	0.449424	0.437886	0.467683	0.466297	0.453756	0.429408	0.468129	0.506666	0.5061	0.491332	0.502157	0.493584	0.49179	0.471384	0.471158	0.465485	0.471304	0.476385	0.472307	0.414268	0.414869	0.41526	0.415466	0.428299	0.41476	0.416261	0.415973	0.416518	0.441197	0.44626	0.448395	0.426633	0.426478	0.448247	0.450461	0.426041	0.4428	0.450229	0.437498	0.429362	0.441496	0.429836	0.428617
ERR636643	0.435717	0.417907	0.408004	0.43616	0.441435	0.438996	0.413756	0.429555	0.412878	0.413356	0.430513	0.413863	0.4044	0.396917	0.404808	0.401317	0.397046	0.399171	0.245345	0.235671	0	0.271997	0.245553	0.240221	0.422212	0.41671	0.422722	0.416037	0.439888	0.415699	0.451966	0.468125	0.475942	0.450396	0.469585	0.465226	0.309018	0.300608	0.305204	0.301252	0.313663	0.306761	0.301934	0.295108	0.29539	0.295583	0.295246	0.295064	0.426302	0.426816	0.451467	0.445838	0.426491	0.449213	0.438236	0.468454	0.467106	0.45441	0.429715	0.468821	0.506184	0.506434	0.490691	0.501603	0.493052	0.491531	0.471342	0.471219	0.465643	0.471558	0.476451	0.472302	0.414081	0.414493	0.414613	0.415174	0.428061	0.414463	0.416146	0.415847	0.416427	0.441286	0.446321	0.448267	0.42644	0.426155	0.448254	0.450348	0.425859	0.442739	0.449813	0.436875	0.429094	0.441074	0.429556	0.428444
ERR636645	0.42911	0.426294	0.42669	0.438031	0.440891	0.439932	0.416616	0.41544	0.421474	0.420789	0.415449	0.423136	0.429528	0.43119	0.432638	0.435242	0.435423	0.433663	0.249685	0.271804	0.271997	0	0.249374	0.249818	0.412827	0.404003	0.40812	0.404102	0.420088	0.403241	0.509159	0.506001	0.5046	0.497837	0.506768	0.502984	0.345564	0.326595	0.305163	0.328753	0.296395	0.338538	0.302503	0.321441	0.320043	0.321973	0.32153	0.314338	0.44837	0.448304	0.456183	0.45084	0.448439	0.451774	0.400862	0.419302	0.418208	0.409007	0.397372	0.419634	0.539517	0.527869	0.534791	0.537008	0.538204	0.529611	0.472056	0.472173	0.4702	0.471637	0.472461	0.472892	0.425591	0.428536	0.433801	0.425599	0.423729	0.425055	0.422721	0.422496	0.421801	0.431829	0.434385	0.439301	0.44606	0.447133	0.450313	0.454758	0.446637	0.44766	0.453094	0.444062	0.438684	0.445731	0.438912	0.438858
ERR636647	0.42977	0.417249	0.41217	0.431105	0.435384	0.433704	0.41368	0.421707	0.416059	0.416219	0.422988	0.417751	0.41381	0.410205	0.414887	0.413305	0.410971	0.411696	0.233099	0.245154	0.245553	0.249374	0	0.236316	0.4126	0.407289	0.412157	0.40655	0.42612	0.406118	0.473097	0.478983	0.482894	0.468007	0.479907	0.476217	0.325621	0.309319	0.301363	0.310642	0.302753	0.320379	0.292292	0.300925	0.300666	0.299076	0.301255	0.297053	0.433319	0.433538	0.450078	0.445295	0.433268	0.447733	0.419761	0.447186	0.445953	0.434218	0.413288	0.447163	0.517948	0.516594	0.50854	0.514587	0.511279	0.507438	0.470668	0.470925	0.4673	0.471502	0.474441	0.471676	0.416934	0.418379	0.420896	0.416884	0.422354	0.417708	0.417823	0.417376	0.417679	0.435991	0.440431	0.44261	0.434467	0.434616	0.448343	0.450403	0.434288	0.443786	0.446905	0.436275	0.431283	0.439625	0.431759	0.430864
ERR636644	0.430618	0.417601	0.411568	0.433358	0.437943	0.436065	0.411464	0.42126	0.412755	0.412811	0.422285	0.414044	0.411943	0.407961	0.413352	0.412014	0.409483	0.410154	0.236246	0.240808	0.240221	0.249818	0.236316	0	0.414753	0.408124	0.413667	0.40768	0.429198	0.407178	0.472607	0.48021	0.484398	0.467006	0.481373	0.477347	0.318144	0.304098	0.297901	0.305457	0.300492	0.313509	0.294564	0.298268	0.297971	0.298374	0.298421	0.29528	0.431968	0.432251	0.45084	0.445266	0.432167	0.448	0.42116	0.448565	0.447262	0.435138	0.414255	0.448873	0.517256	0.514017	0.50632	0.513629	0.509289	0.505011	0.469456	0.469479	0.465212	0.469558	0.473027	0.470404	0.415012	0.41651	0.418466	0.415575	0.423226	0.415225	0.415509	0.415209	0.41544	0.435384	0.43981	0.442667	0.431433	0.431576	0.447068	0.449922	0.431132	0.442378	0.448329	0.436595	0.430149	0.440055	0.430507	0.429637
ERR636686	0.296548	0.295727	0.307958	0.297282	0.298905	0.298298	0.324672	0.31564	0.334122	0.333487	0.31791	0.336815	0.451666	0.450215	0.453444	0.453878	0.453886	0.453477	0.412755	0.422523	0.422212	0.412827	0.4126	0.414753	0	0.24242	0.240598	0.242106	0.249163	0.242179	0.524344	0.523623	0.524388	0.517636	0.524786	0.522198	0.433802	0.420073	0.412817	0.421169	0.40977	0.429903	0.431595	0.446143	0.445627	0.442622	0.445969	0.440146	0.337051	0.33654	0.32871	0.326689	0.336599	0.327815	0.310367	0.341326	0.339387	0.329396	0.305554	0.340427	0.396923	0.394183	0.407655	0.39706	0.410961	0.398908	0.362883	0.364261	0.365761	0.364566	0.364163	0.363646	0.331138	0.333928	0.33928	0.328719	0.316067	0.332278	0.307142	0.306546	0.306278	0.305024	0.309162	0.307545	0.328943	0.331444	0.316662	0.316026	0.331145	0.315475	0.320626	0.318743	0.323286	0.31882	0.323738	0.324171
ERR636690	0.300896	0.300319	0.309324	0.306168	0.308647	0.307533	0.317539	0.310683	0.325822	0.324921	0.311892	0.327859	0.458036	0.456702	0.460258	0.461248	0.460955	0.460406	0.407398	0.417059	0.41671	0.404003	0.407289	0.408124	0.24242	0	0.239635	0.236157	0.253852	0.236187	0.534654	0.535518	0.536256	0.527255	0.536855	0.533691	0.426125	0.413185	0.403785	0.414085	0.399765	0.422082	0.426824	0.439409	0.438863	0.438162	0.439325	0.434012	0.34056	0.340199	0.337811	0.333462	0.340285	0.334936	0.30206	0.332518	0.330609	0.31868	0.296145	0.332224	0.410323	0.40149	0.417407	0.409757	0.421177	0.408263	0.364008	0.364704	0.365471	0.364907	0.364279	0.364896	0.32611	0.32941	0.335565	0.324607	0.314625	0.326522	0.303823	0.303363	0.303252	0.30594	0.30998	0.3113	0.327721	0.330021	0.318838	0.320956	0.329799	0.31712	0.32757	0.321915	0.323138	0.322449	0.323086	0.323641
ERR636687	0.296902	0.299774	0.312535	0.301974	0.303595	0.302801	0.32258	0.311221	0.332074	0.331132	0.312664	0.334538	0.454739	0.454224	0.45713	0.458532	0.458835	0.45783	0.412593	0.422841	0.422722	0.40812	0.412157	0.413667	0.240598	0.239635	0	0.239875	0.247992	0.239909	0.532677	0.530831	0.531002	0.524286	0.532036	0.529275	0.432925	0.419676	0.409799	0.420718	0.405255	0.428855	0.43127	0.446016	0.445429	0.443932	0.445922	0.43997	0.342031	0.34118	0.332407	0.329298	0.341617	0.330081	0.302444	0.330011	0.32838	0.317832	0.297755	0.329422	0.40581	0.396518	0.416221	0.405972	0.419936	0.406198	0.362768	0.36389	0.365641	0.363958	0.362429	0.363122	0.331059	0.334778	0.341116	0.3294	0.315417	0.331732	0.306247	0.305852	0.305238	0.30204	0.305487	0.306103	0.331154	0.333597	0.316343	0.317699	0.333337	0.315925	0.323973	0.321118	0.32427	0.320904	0.324225	0.325316
ERR636688	0.301542	0.299547	0.308426	0.306368	0.308636	0.307554	0.31712	0.31104	0.325196	0.324465	0.312388	0.327508	0.457183	0.455927	0.459535	0.46029	0.459887	0.459443	0.406991	0.41605	0.416037	0.404102	0.40655	0.40768	0.242106	0.236157	0.239875	0	0.254363	0.236104	0.53312	0.534294	0.535412	0.525973	0.535722	0.532779	0.425199	0.412368	0.403263	0.41317	0.399463	0.421254	0.425972	0.438241	0.437822	0.436996	0.43821	0.432948	0.339583	0.339188	0.337668	0.333475	0.339277	0.335006	0.303611	0.334593	0.332836	0.320495	0.297111	0.334272	0.409085	0.400923	0.415778	0.408534	0.419502	0.407129	0.36416	0.364737	0.365482	0.365	0.364871	0.364803	0.325639	0.328756	0.334955	0.324157	0.315116	0.326158	0.303606	0.303335	0.303034	0.306723	0.311013	0.312313	0.326888	0.329242	0.318998	0.320945	0.32893	0.317359	0.327599	0.321738	0.322841	0.322462	0.322938	0.323378
ERR636685	0.296195	0.309167	0.330617	0.300243	0.299197	0.299201	0.34163	0.318492	0.353742	0.352397	0.320646	0.356601	0.451945	0.453875	0.454222	0.45671	0.45848	0.456784	0.42645	0.440028	0.439888	0.420088	0.42612	0.429198	0.249163	0.253852	0.247992	0.254363	0	0.254077	0.533551	0.524783	0.522112	0.523456	0.525539	0.523205	0.452364	0.437669	0.426137	0.438904	0.419851	0.447804	0.444989	0.463865	0.463144	0.460868	0.463706	0.457029	0.356477	0.355132	0.330116	0.330088	0.355826	0.328693	0.305146	0.32541	0.324146	0.318398	0.305361	0.32393	0.40549	0.396765	0.425491	0.407668	0.429468	0.413166	0.369505	0.37162	0.377056	0.371859	0.367365	0.369765	0.352176	0.35602	0.363128	0.349004	0.326095	0.353008	0.322381	0.322165	0.321273	0.30239	0.303485	0.302465	0.350376	0.353583	0.320701	0.32085	0.353018	0.323013	0.324123	0.329061	0.338451	0.326846	0.338548	0.340242
ERR636689	0.301098	0.299842	0.308466	0.306143	0.308652	0.307597	0.317481	0.311594	0.32593	0.324912	0.312428	0.3281	0.45738	0.456291	0.459864	0.460566	0.460236	0.459857	0.406634	0.41585	0.415699	0.403241	0.406118	0.407178	0.242179	0.236187	0.239909	0.236104	0.254077	0	0.533317	0.534361	0.535411	0.526131	0.535976	0.532804	0.42522	0.412236	0.402999	0.413184	0.399213	0.42128	0.425427	0.438227	0.437631	0.436778	0.438274	0.432833	0.339755	0.33942	0.337824	0.333337	0.339552	0.334873	0.302921	0.333627	0.331635	0.31967	0.296614	0.333517	0.41013	0.401668	0.416666	0.409269	0.420348	0.407706	0.364102	0.364774	0.365338	0.365001	0.364789	0.364728	0.325615	0.328848	0.334957	0.324198	0.314589	0.326251	0.304168	0.303756	0.303363	0.306703	0.310904	0.31225	0.327297	0.329735	0.319079	0.321396	0.329319	0.317555	0.327959	0.322296	0.322983	0.322832	0.323079	0.323724
ERR612595	0.511522	0.497147	0.49741	0.499852	0.503584	0.500364	0.527635	0.536942	0.526297	0.527183	0.53917	0.526926	0.371614	0.360506	0.367421	0.35926	0.354614	0.358694	0.473219	0.451762	0.451966	0.509159	0.473097	0.472607	0.524344	0.534654	0.532677	0.53312	0.533551	0.533317	0	0.292254	0.310081	0.271518	0.29413	0.290455	0.438231	0.445016	0.468494	0.444786	0.486022	0.441852	0.455855	0.443549	0.44454	0.439661	0.443271	0.445816	0.500038	0.500038	0.504043	0.505507	0.499401	0.507123	0.586882	0.611145	0.610119	0.606143	0.581062	0.610103	0.468938	0.484688	0.463733	0.46578	0.463533	0.466011	0.525919	0.527507	0.525112	0.529338	0.533024	0.525707	0.516717	0.515129	0.511767	0.516544	0.523966	0.519113	0.517549	0.517784	0.519374	0.526596	0.529245	0.523967	0.505732	0.50594	0.512387	0.507797	0.505311	0.510052	0.507441	0.509176	0.511227	0.509323	0.511658	0.51161
ERR612598	0.504792	0.500705	0.51033	0.494247	0.496133	0.493918	0.537342	0.535746	0.538954	0.539441	0.538042	0.540195	0.360021	0.358021	0.356821	0.354033	0.354272	0.35451	0.479189	0.467435	0.468125	0.506001	0.478983	0.48021	0.523623	0.535518	0.530831	0.534294	0.524783	0.534361	0.292254	0	0.280169	0.281489	0.274461	0.272798	0.461353	0.462677	0.476138	0.463271	0.488727	0.462655	0.461573	0.460774	0.461216	0.456669	0.460503	0.460031	0.512379	0.511817	0.498257	0.501772	0.511545	0.501242	0.581923	0.600223	0.599448	0.598446	0.578663	0.598654	0.468693	0.479871	0.479713	0.468833	0.480387	0.475821	0.526774	0.528819	0.530392	0.530931	0.5314	0.526329	0.529258	0.528602	0.527791	0.527982	0.525797	0.53152	0.524699	0.525037	0.525841	0.520009	0.520768	0.515343	0.52029	0.52153	0.511355	0.506654	0.520519	0.51141	0.504059	0.511788	0.518126	0.510019	0.518298	0.519044
ERR612596	0.503613	0.504298	0.5172	0.49476	0.495761	0.493838	0.54108	0.534925	0.544001	0.544422	0.537247	0.545249	0.36017	0.362213	0.357891	0.358052	0.359972	0.358941	0.482905	0.475326	0.475942	0.5046	0.482894	0.484398	0.524388	0.536256	0.531002	0.535412	0.522112	0.535411	0.310081	0.280169	0	0.293795	0.279493	0.278822	0.471404	0.470534	0.479735	0.471337	0.489284	0.471944	0.46513	0.468849	0.468745	0.464869	0.468524	0.467127	0.518898	0.518112	0.498038	0.502287	0.518026	0.500601	0.578773	0.594322	0.593622	0.593603	0.576738	0.592763	0.473309	0.481861	0.489914	0.474915	0.491368	0.483829	0.527987	0.530445	0.533477	0.532355	0.531254	0.52765	0.535186	0.535291	0.535212	0.533825	0.527838	0.53715	0.528898	0.529063	0.529594	0.518667	0.518317	0.513099	0.527117	0.528839	0.512154	0.507682	0.527866	0.513264	0.504832	0.514674	0.522928	0.511975	0.522902	0.524016
ERR612597	0.501513	0.492338	0.496316	0.492739	0.495856	0.492673	0.522662	0.527788	0.522314	0.523029	0.529295	0.523156	0.357145	0.350109	0.354252	0.3489	0.346493	0.348435	0.468181	0.449744	0.450396	0.497837	0.468007	0.467006	0.517636	0.527255	0.524286	0.525973	0.523456	0.526131	0.271518	0.281489	0.293795	0	0.283476	0.279372	0.436142	0.441795	0.460341	0.441992	0.475371	0.439008	0.449781	0.441406	0.441881	0.438755	0.44109	0.442387	0.498709	0.4986	0.495564	0.497384	0.498033	0.497821	0.576039	0.596812	0.595841	0.593261	0.571098	0.595747	0.4656	0.474746	0.466133	0.463561	0.466473	0.464476	0.51811	0.519513	0.518647	0.521178	0.523724	0.517655	0.513657	0.512887	0.510962	0.51362	0.517239	0.515663	0.511979	0.512438	0.51343	0.515638	0.517229	0.512679	0.50366	0.504482	0.503751	0.499973	0.503658	0.502548	0.500542	0.503884	0.506355	0.503188	0.506627	0.506831
ERR612600	0.505915	0.502252	0.512241	0.495072	0.49702	0.49456	0.539169	0.536964	0.540883	0.541445	0.539442	0.542195	0.361589	0.359723	0.357923	0.355523	0.355836	0.356321	0.479848	0.468992	0.469585	0.506768	0.479907	0.481373	0.524786	0.536855	0.532036	0.535722	0.525539	0.535976	0.29413	0.274461	0.279493	0.283476	0	0.273325	0.463871	0.464737	0.477747	0.465344	0.490109	0.464956	0.462421	0.462445	0.462694	0.458048	0.461964	0.461485	0.514001	0.513312	0.499092	0.502734	0.513033	0.502033	0.583029	0.601173	0.600397	0.599523	0.579997	0.599668	0.469798	0.481461	0.481761	0.470335	0.482541	0.477801	0.528436	0.53055	0.532396	0.532832	0.5329	0.528067	0.53128	0.530705	0.529974	0.530083	0.527423	0.533504	0.526992	0.52701	0.527907	0.521553	0.521987	0.516484	0.522487	0.523685	0.512825	0.508033	0.522726	0.513005	0.50516	0.513086	0.519957	0.511299	0.5203	0.520906
ERR612599	0.503357	0.499601	0.508898	0.493338	0.495354	0.492864	0.535131	0.533597	0.53678	0.537391	0.535896	0.537979	0.358001	0.355828	0.354855	0.352379	0.352412	0.352978	0.476389	0.464448	0.465226	0.502984	0.476217	0.477347	0.522198	0.533691	0.529275	0.532779	0.523205	0.532804	0.290455	0.272798	0.278822	0.279372	0.273325	0	0.458378	0.459674	0.473216	0.460232	0.485398	0.459673	0.458407	0.457502	0.457796	0.453535	0.45725	0.456859	0.510836	0.510302	0.496903	0.500538	0.509995	0.499832	0.579499	0.597715	0.596932	0.595976	0.576332	0.59633	0.468535	0.479114	0.479357	0.468713	0.479956	0.475336	0.525181	0.527386	0.528874	0.529422	0.529827	0.524981	0.527383	0.526876	0.525997	0.526285	0.524239	0.529506	0.523277	0.523418	0.524386	0.518703	0.519332	0.514078	0.518513	0.519821	0.509816	0.505332	0.518887	0.509984	0.502847	0.510456	0.516624	0.508761	0.516778	0.517389
ERR637031	0.459141	0.442628	0.431561	0.462473	0.467921	0.464886	0.417067	0.43717	0.41357	0.414099	0.436664	0.413608	0.394091	0.384546	0.395144	0.390699	0.386424	0.388427	0.326012	0.307817	0.309018	0.345564	0.325621	0.318144	0.433802	0.426125	0.432925	0.425199	0.452364	0.42522	0.438231	0.461353	0.471404	0.436142	0.463871	0.458378	0	0.244169	0.259258	0.244102	0.276056	0.241102	0.313416	0.294755	0.294803	0.299624	0.294451	0.296807	0.446624	0.447785	0.473076	0.467232	0.446946	0.470158	0.453366	0.482127	0.480609	0.468379	0.443485	0.482717	0.513338	0.508565	0.494162	0.507905	0.496213	0.494344	0.487123	0.486107	0.479631	0.486082	0.492112	0.487959	0.439129	0.439409	0.439008	0.441226	0.45704	0.438669	0.436211	0.43634	0.436745	0.46213	0.466912	0.469767	0.441527	0.441107	0.465148	0.468137	0.441015	0.459867	0.475392	0.461775	0.451515	0.465453	0.451863	0.450586
ERR637027	0.450065	0.434909	0.426073	0.452748	0.457851	0.455335	0.409152	0.425773	0.407841	0.408279	0.426187	0.4081	0.393957	0.386104	0.395378	0.391838	0.388332	0.389764	0.309519	0.299817	0.300608	0.326595	0.309319	0.304098	0.420073	0.413185	0.419676	0.412368	0.437669	0.412236	0.445016	0.462677	0.470534	0.441795	0.464737	0.459674	0.244169	0	0.247853	0.238122	0.259157	0.24333	0.298852	0.288362	0.288211	0.290554	0.28827	0.288016	0.443324	0.444141	0.466021	0.460623	0.443583	0.46347	0.436399	0.465746	0.464256	0.451379	0.427601	0.466139	0.514405	0.511236	0.498958	0.50986	0.501233	0.498487	0.480975	0.480235	0.474446	0.480301	0.485446	0.481846	0.433637	0.434353	0.434417	0.435257	0.447677	0.433322	0.430381	0.430371	0.43078	0.453729	0.458369	0.46099	0.439223	0.438942	0.459626	0.462084	0.438969	0.454502	0.46739	0.455088	0.446728	0.458472	0.447104	0.44582
ERR637030	0.444284	0.435132	0.430869	0.450355	0.454708	0.452782	0.406674	0.415984	0.407434	0.407467	0.415719	0.408347	0.400851	0.397567	0.403111	0.402481	0.401057	0.400631	0.301679	0.30371	0.305204	0.305163	0.301363	0.297901	0.412817	0.403785	0.409799	0.403263	0.426137	0.402999	0.468494	0.476138	0.479735	0.460341	0.477747	0.473216	0.259258	0.247853	0	0.249385	0.242407	0.254859	0.290898	0.292434	0.29137	0.295347	0.29213	0.288841	0.449852	0.45029	0.465454	0.459966	0.450095	0.461742	0.417073	0.441462	0.440187	0.428803	0.409965	0.441889	0.527062	0.518156	0.516322	0.523403	0.519394	0.513419	0.479029	0.478427	0.474565	0.478512	0.481666	0.479921	0.434789	0.436657	0.43946	0.435837	0.442356	0.43453	0.430117	0.430109	0.429933	0.446975	0.450547	0.454805	0.445322	0.445763	0.458081	0.461813	0.445533	0.454282	0.465831	0.454618	0.447212	0.457259	0.447376	0.446747
ERR637029	0.450841	0.435393	0.426267	0.453346	0.458562	0.456015	0.40969	0.426708	0.408092	0.40858	0.427142	0.40846	0.394583	0.386404	0.395707	0.392216	0.388539	0.390023	0.311133	0.300343	0.301252	0.328753	0.310642	0.305457	0.421169	0.414085	0.420718	0.41317	0.438904	0.413184	0.444786	0.463271	0.471337	0.441992	0.465344	0.460232	0.244102	0.238122	0.249385	0	0.261632	0.243137	0.300403	0.28897	0.288759	0.291254	0.288661	0.289123	0.44346	0.444237	0.466766	0.4613	0.443604	0.464059	0.438106	0.467578	0.466062	0.453036	0.429112	0.467947	0.514181	0.51129	0.498381	0.50958	0.500685	0.498093	0.481672	0.481049	0.475165	0.481162	0.486299	0.4826	0.43406	0.43471	0.434843	0.435751	0.448456	0.434022	0.430888	0.430825	0.431251	0.454494	0.459285	0.461916	0.439503	0.439153	0.460296	0.462758	0.439189	0.455319	0.468007	0.455506	0.447258	0.459132	0.447492	0.446424
ERR637028	0.442357	0.437451	0.435805	0.451045	0.454629	0.453157	0.407081	0.411579	0.409915	0.409502	0.410656	0.410842	0.408945	0.408389	0.412186	0.413603	0.413624	0.412074	0.303079	0.312365	0.313663	0.296395	0.302753	0.300492	0.40977	0.399765	0.405255	0.399463	0.419851	0.399213	0.486022	0.488727	0.489284	0.475371	0.490109	0.485398	0.276056	0.259157	0.242407	0.261632	0	0.270307	0.292082	0.301632	0.299933	0.304609	0.301466	0.295894	0.455567	0.455869	0.466503	0.461008	0.455718	0.462007	0.405021	0.425967	0.424708	0.414262	0.399589	0.426141	0.536467	0.523987	0.528786	0.533411	0.532229	0.524257	0.479368	0.478925	0.476145	0.478528	0.480501	0.47989	0.437754	0.440458	0.444563	0.438928	0.441264	0.437223	0.431634	0.431623	0.430831	0.443693	0.44671	0.451857	0.450522	0.451256	0.458242	0.46273	0.451007	0.45534	0.466254	0.455942	0.449484	0.457872	0.449404	0.449058
ERR637032	0.456261	0.440624	0.430378	0.459727	0.465028	0.462342	0.414608	0.433288	0.411714	0.412312	0.433151	0.411816	0.394333	0.385604	0.39568	0.391639	0.387712	0.389247	0.320773	0.305347	0.306761	0.338538	0.320379	0.313509	0.429903	0.422082	0.428855	0.421254	0.447804	0.42128	0.441852	0.462655	0.471944	0.439008	0.464956	0.459673	0.241102	0.24333	0.254859	0.243137	0.270307	0	0.308537	0.292611	0.292374	0.297125	0.292263	0.293905	0.446383	0.447358	0.471357	0.465577	0.44671	0.468444	0.447543	0.476069	0.474592	0.462255	0.438032	0.476681	0.514884	0.509826	0.496937	0.509638	0.499139	0.496805	0.485291	0.484523	0.478366	0.484555	0.490109	0.486238	0.437543	0.437958	0.438001	0.4395	0.453922	0.437112	0.434771	0.434785	0.435218	0.45952	0.464263	0.467191	0.441338	0.441082	0.463524	0.466679	0.440944	0.458548	0.473319	0.459997	0.450407	0.463683	0.45066	0.44952
ERR636919	0.46177	0.449854	0.445557	0.462845	0.467575	0.465531	0.432321	0.440632	0.434436	0.434564	0.441458	0.435977	0.409603	0.405913	0.410848	0.409083	0.407078	0.407498	0.292183	0.301526	0.301934	0.302503	0.292292	0.294564	0.431595	0.426824	0.43127	0.425972	0.444989	0.425427	0.455855	0.461573	0.46513	0.449781	0.462421	0.458407	0.313416	0.298852	0.290898	0.300403	0.292082	0.308537	0	0.250676	0.250215	0.247502	0.250528	0.245038	0.464764	0.465025	0.480163	0.475844	0.464854	0.477891	0.440188	0.465928	0.464839	0.454488	0.434031	0.466273	0.537894	0.536218	0.52742	0.534115	0.52979	0.52649	0.496373	0.496528	0.492739	0.497205	0.500283	0.497055	0.451526	0.452648	0.454892	0.451619	0.456684	0.452065	0.450817	0.450902	0.451112	0.467548	0.471952	0.474134	0.463251	0.463609	0.47684	0.478682	0.463379	0.472662	0.479872	0.470165	0.464926	0.473129	0.465562	0.464988
ERR636923	0.473758	0.456757	0.446689	0.474677	0.480104	0.47745	0.43534	0.45235	0.433451	0.434011	0.452653	0.434204	0.409968	0.402403	0.41047	0.406679	0.402531	0.40435	0.301165	0.294555	0.295108	0.321441	0.300925	0.298268	0.446143	0.439409	0.446016	0.438241	0.463865	0.438227	0.443549	0.460774	0.468849	0.441406	0.462445	0.457502	0.294755	0.288362	0.292434	0.28897	0.301632	0.292611	0.250676	0	0.237617	0.24079	0.237537	0.239632	0.464717	0.465556	0.489565	0.4842	0.465071	0.487144	0.460015	0.489012	0.487654	0.475676	0.451647	0.489585	0.536103	0.535187	0.518609	0.530956	0.52083	0.520076	0.502908	0.502594	0.496814	0.503164	0.50811	0.50379	0.451551	0.451882	0.452272	0.45297	0.466191	0.451952	0.454173	0.454107	0.45477	0.478529	0.483647	0.486224	0.461443	0.461091	0.483977	0.48623	0.460899	0.478475	0.489407	0.476668	0.468793	0.480712	0.469331	0.468023
ERR636924	0.473412	0.456875	0.447058	0.474591	0.479994	0.477418	0.43503	0.451496	0.433437	0.4338	0.451899	0.434031	0.409573	0.402412	0.410227	0.406695	0.40284	0.404427	0.300977	0.294988	0.29539	0.320043	0.300666	0.297971	0.445627	0.438863	0.445429	0.437822	0.463144	0.437631	0.44454	0.461216	0.468745	0.441881	0.462694	0.457796	0.294803	0.288211	0.29137	0.288759	0.299933	0.292374	0.250215	0.237617	0	0.241191	0.23753	0.239791	0.464898	0.465697	0.489372	0.483854	0.465263	0.486828	0.458828	0.487356	0.486131	0.474142	0.450353	0.4879	0.53668	0.535298	0.519683	0.531609	0.521891	0.520809	0.502633	0.502227	0.496574	0.502852	0.507603	0.503405	0.451777	0.452094	0.452608	0.453191	0.466013	0.452047	0.453857	0.45402	0.454575	0.477959	0.48294	0.485674	0.461739	0.461405	0.483553	0.486135	0.461294	0.478389	0.489408	0.476692	0.468877	0.480677	0.469384	0.468094
