	ERR618587	ERR618589	ERR618588	ERR618586	ERR618590	ERR618585	ERR618509	ERR618511	ERR618507	ERR618510	ERR618508	ERR618512	ERR607662	ERR607657	ERR607658	ERR607660	ERR607659	ERR607661	ERR613458	ERR613455	ERR613460	ERR613456	ERR613457	ERR613459	ERR622581	ERR622579	ERR622577	ERR622578	ERR622582	ERR622580	ERR612618	ERR612614	ERR612613	ERR612616	ERR612617	ERR612615	ERR606035	ERR606030	ERR606033	ERR606034	ERR606031	ERR606032	ERR630057	ERR630056	ERR630054	ERR630055	ERR630058	ERR630059	ERR613180	ERR613181	ERR613179	ERR613183	ERR613182	ERR613184	ERR614539	ERR614541	ERR614540	ERR614537	ERR614538	ERR614542	ERR616153	ERR616148	ERR616152	ERR616150	ERR616151	ERR616149	ERR626651	ERR626653	ERR626654	ERR626652	ERR626655	ERR626650	ERR612289	ERR612288	ERR612287	ERR612290	ERR612292	ERR612291	ERR618739	ERR618738	ERR618735	ERR618740	ERR618736	ERR618737	ERR617256	ERR617257	ERR617255	ERR617253	ERR617254	ERR617258	ERR608087	ERR608088	ERR608091	ERR608092	ERR608089	ERR608090
ERR618587	8.72022e+09	8.00459e+09	8.39867e+09	8.33368e+09	7.99452e+09	8.72086e+09	7.02192e+09	7.45516e+09	7.49302e+09	7.2972e+09	6.5563e+09	7.54777e+09	8.43901e+09	7.82871e+09	8.328e+09	8.46406e+09	8.26287e+09	8.4609e+09	7.36907e+09	8.12757e+09	7.27892e+09	8.10549e+09	8.09317e+09	7.30282e+09	6.89096e+09	5.75504e+09	7.95216e+09	7.6517e+09	7.03382e+09	6.83385e+09	7.85002e+09	7.51379e+09	8.72419e+09	7.89049e+09	7.89354e+09	8.41683e+09	6.96906e+09	6.84631e+09	7.12006e+09	7.11361e+09	8.45195e+09	8.54859e+09	5.69497e+09	6.56776e+09	6.85371e+09	6.14893e+09	6.48738e+09	6.72377e+09	7.70097e+09	7.39339e+09	8.05722e+09	5.8402e+09	5.5901e+09	5.82546e+09	6.0705e+09	7.68083e+09	7.65614e+09	6.18033e+09	6.29445e+09	7.37318e+09	7.46151e+09	6.26376e+09	7.34609e+09	6.0342e+09	7.31861e+09	6.67092e+09	7.31278e+09	7.19026e+09	7.26198e+09	6.51988e+09	7.25356e+09	7.82961e+09	5.25786e+09	5.31829e+09	5.9484e+09	7.4131e+09	7.70369e+09	7.38086e+09	6.0322e+09	5.97913e+09	6.05947e+09	6.15387e+09	5.76756e+09	5.80414e+09	6.72366e+09	6.73376e+09	5.81005e+09	5.5381e+09	5.83004e+09	5.53365e+09	5.52744e+09	5.62209e+09	6.06829e+09	6.12003e+09	5.53992e+09	6.05905e+09
ERR618589	8.00459e+09	7.86511e+09	7.9769e+09	7.89615e+09	7.60619e+09	8.25864e+09	6.65473e+09	7.06729e+09	7.09388e+09	6.9211e+09	6.21788e+09	7.15291e+09	7.96998e+09	7.40417e+09	7.87519e+09	7.99359e+09	7.80758e+09	7.99066e+09	6.97149e+09	7.66652e+09	6.88847e+09	7.64712e+09	7.63542e+09	6.9109e+09	6.55334e+09	5.50034e+09	7.54852e+09	7.26908e+09	6.68553e+09	6.49942e+09	7.42645e+09	7.10669e+09	8.24411e+09	7.46387e+09	7.46493e+09	7.94902e+09	6.61937e+09	6.48251e+09	6.76139e+09	6.75339e+09	7.99661e+09	8.08756e+09	5.40169e+09	6.23529e+09	6.50152e+09	5.84074e+09	6.14054e+09	6.35956e+09	7.28309e+09	6.9981e+09	7.61972e+09	5.55035e+09	5.31325e+09	5.53688e+09	5.78339e+09	7.27821e+09	7.25447e+09	5.88217e+09	5.9891e+09	6.98032e+09	7.1062e+09	5.99329e+09	6.99751e+09	5.78653e+09	6.97427e+09	6.37677e+09	6.92116e+09	6.81109e+09	6.8783e+09	6.17298e+09	6.86984e+09	7.40628e+09	5.08682e+09	5.14438e+09	5.74587e+09	7.10024e+09	7.37042e+09	7.06779e+09	5.76215e+09	5.7116e+09	5.78495e+09	5.87918e+09	5.50708e+09	5.5432e+09	6.41933e+09	6.42768e+09	5.56237e+09	5.29731e+09	5.57908e+09	5.2822e+09	5.28191e+09	5.37226e+09	5.79537e+09	5.84392e+09	5.29653e+09	5.78566e+09
ERR618588	8.39867e+09	7.9769e+09	8.63711e+09	8.28249e+09	7.96731e+09	8.67205e+09	6.96042e+09	7.39812e+09	7.42838e+09	7.24151e+09	6.4975e+09	7.48946e+09	8.37103e+09	7.76406e+09	8.26755e+09	8.39586e+09	8.19616e+09	8.39286e+09	7.30404e+09	8.05036e+09	7.21529e+09	8.02903e+09	8.01665e+09	7.23891e+09	6.84856e+09	5.72687e+09	7.91224e+09	7.61179e+09	6.98912e+09	6.79126e+09	7.78741e+09	7.44777e+09	8.66435e+09	7.82784e+09	7.82867e+09	8.34883e+09	6.92257e+09	6.78154e+09	7.07338e+09	7.06483e+09	8.39687e+09	8.4946e+09	5.64214e+09	6.52143e+09	6.80545e+09	6.10309e+09	6.42591e+09	6.65953e+09	7.63971e+09	7.33442e+09	7.99851e+09	5.79416e+09	5.54365e+09	5.77959e+09	6.03472e+09	7.62874e+09	7.60397e+09	6.14066e+09	6.25432e+09	7.31404e+09	7.43993e+09	6.25088e+09	7.32351e+09	6.0298e+09	7.2973e+09	6.65852e+09	7.25214e+09	7.13376e+09	7.20552e+09	6.45742e+09	7.19713e+09	7.76906e+09	5.29059e+09	5.35188e+09	5.98933e+09	7.43156e+09	7.72073e+09	7.39673e+09	6.01405e+09	5.96076e+09	6.03916e+09	6.13739e+09	5.74643e+09	5.78362e+09	6.70727e+09	6.71699e+09	5.79852e+09	5.52032e+09	5.81593e+09	5.50657e+09	5.5028e+09	5.59816e+09	6.0451e+09	6.09679e+09	5.5185e+09	6.0358e+09
ERR618586	8.33368e+09	7.89615e+09	8.28249e+09	8.48937e+09	7.88631e+09	8.60251e+09	6.94307e+09	7.36735e+09	7.40702e+09	7.21213e+09	6.48724e+09	7.45851e+09	8.33174e+09	7.73494e+09	8.22265e+09	8.35633e+09	8.1601e+09	8.3526e+09	7.28739e+09	8.03308e+09	7.19896e+09	8.01079e+09	7.99894e+09	7.22223e+09	6.81296e+09	5.69357e+09	7.85277e+09	7.55807e+09	6.95208e+09	6.75679e+09	7.75575e+09	7.42809e+09	8.60719e+09	7.7955e+09	7.79825e+09	8.31023e+09	6.89106e+09	6.77366e+09	7.03848e+09	7.03392e+09	8.34474e+09	8.4385e+09	5.63726e+09	6.49692e+09	6.77908e+09	6.08542e+09	6.4193e+09	6.65196e+09	7.60904e+09	7.30651e+09	7.95619e+09	5.7775e+09	5.53093e+09	5.76269e+09	6.00378e+09	7.58471e+09	7.56157e+09	6.11155e+09	6.22316e+09	7.2863e+09	7.36177e+09	6.18633e+09	7.24922e+09	5.95843e+09	7.22232e+09	6.58544e+09	7.23004e+09	7.10845e+09	7.17916e+09	6.4533e+09	7.17144e+09	7.73525e+09	5.18693e+09	5.24624e+09	5.8626e+09	7.31085e+09	7.59569e+09	7.2795e+09	5.95732e+09	5.90438e+09	5.98505e+09	6.07583e+09	5.69812e+09	5.73268e+09	6.63475e+09	6.64505e+09	5.73774e+09	5.47186e+09	5.75693e+09	5.46941e+09	5.46555e+09	5.55846e+09	5.99633e+09	6.04724e+09	5.47731e+09	5.9867e+09
ERR618590	7.99452e+09	7.60619e+09	7.96731e+09	7.88631e+09	7.84832e+09	8.24847e+09	6.64579e+09	7.05778e+09	7.0837e+09	6.91138e+09	6.20935e+09	7.14337e+09	7.95949e+09	7.39416e+09	7.86497e+09	7.98327e+09	7.79717e+09	7.97988e+09	6.9619e+09	7.65537e+09	6.87835e+09	7.63571e+09	7.62429e+09	6.90099e+09	6.54692e+09	5.49569e+09	7.54024e+09	7.26159e+09	6.67915e+09	6.49309e+09	7.41464e+09	7.09612e+09	8.23211e+09	7.45219e+09	7.45351e+09	7.93679e+09	6.6115e+09	6.4732e+09	6.75295e+09	6.7448e+09	7.98593e+09	8.07661e+09	5.39392e+09	6.2268e+09	6.49316e+09	5.83193e+09	6.13145e+09	6.34969e+09	7.27303e+09	6.98811e+09	7.60847e+09	5.54228e+09	5.30548e+09	5.52972e+09	5.77462e+09	7.26672e+09	7.24321e+09	5.87345e+09	5.98021e+09	6.96955e+09	7.09496e+09	5.9847e+09	6.98725e+09	5.77826e+09	6.96317e+09	6.36703e+09	6.90909e+09	6.79873e+09	6.8667e+09	6.1624e+09	6.85847e+09	7.39381e+09	5.0829e+09	5.14069e+09	5.74142e+09	7.0911e+09	7.36067e+09	7.05882e+09	5.75564e+09	5.70529e+09	5.7786e+09	5.87247e+09	5.5018e+09	5.5372e+09	6.41068e+09	6.42006e+09	5.55663e+09	5.29141e+09	5.57251e+09	5.2762e+09	5.27542e+09	5.36535e+09	5.78778e+09	5.83656e+09	5.29062e+09	5.77846e+09
ERR618585	8.72086e+09	8.25864e+09	8.67205e+09	8.60251e+09	8.24847e+09	9.29549e+09	7.22985e+09	7.68358e+09	7.72399e+09	7.51877e+09	6.74701e+09	7.77981e+09	8.7173e+09	8.07807e+09	8.60265e+09	8.74359e+09	8.53278e+09	8.73996e+09	7.59954e+09	8.39315e+09	7.50512e+09	8.3705e+09	8.35684e+09	7.52967e+09	7.09674e+09	5.91449e+09	8.2111e+09	7.89534e+09	7.24488e+09	7.03706e+09	8.1026e+09	7.75125e+09	9.02044e+09	8.1449e+09	8.14789e+09	8.69652e+09	7.18158e+09	7.05138e+09	7.33954e+09	7.33226e+09	8.73519e+09	8.83711e+09	5.85925e+09	6.77108e+09	7.06857e+09	6.33255e+09	6.6839e+09	6.92928e+09	7.95135e+09	7.63007e+09	8.32495e+09	6.00985e+09	5.74952e+09	5.99374e+09	6.24805e+09	7.9269e+09	7.90172e+09	6.36175e+09	6.48061e+09	7.60446e+09	7.69987e+09	6.45077e+09	7.5792e+09	6.21267e+09	7.55052e+09	6.8758e+09	7.54607e+09	7.41797e+09	7.4928e+09	6.71662e+09	7.48474e+09	8.0861e+09	5.41633e+09	5.47944e+09	6.13746e+09	7.66514e+09	7.96982e+09	7.63015e+09	6.21121e+09	6.15638e+09	6.24105e+09	6.33838e+09	5.93722e+09	5.97391e+09	6.93175e+09	6.94174e+09	5.98034e+09	5.69732e+09	6.00022e+09	5.69039e+09	5.68408e+09	5.78243e+09	6.24694e+09	6.30032e+09	5.69778e+09	6.23663e+09
ERR618509	7.02192e+09	6.65473e+09	6.96042e+09	6.94307e+09	6.64579e+09	7.22985e+09	6.30958e+09	6.44174e+09	6.48649e+09	6.31489e+09	5.73859e+09	6.51421e+09	7.16385e+09	6.72522e+09	7.07668e+09	7.17974e+09	7.03815e+09	7.1778e+09	6.35372e+09	6.93923e+09	6.28185e+09	6.92185e+09	6.91266e+09	6.29956e+09	5.86098e+09	4.94455e+09	6.66391e+09	6.43676e+09	5.97301e+09	5.81757e+09	6.73128e+09	6.48819e+09	7.35362e+09	6.76165e+09	6.76529e+09	7.1464e+09	5.98119e+09	5.9279e+09	6.10161e+09	6.09728e+09	7.12136e+09	7.18822e+09	4.90924e+09	5.59244e+09	5.82609e+09	5.26171e+09	5.55785e+09	5.75036e+09	6.53474e+09	6.29311e+09	6.803e+09	5.03419e+09	4.83314e+09	5.02144e+09	5.18258e+09	6.47616e+09	6.45955e+09	5.27667e+09	5.36683e+09	6.255e+09	6.24678e+09	5.29062e+09	6.15975e+09	5.08939e+09	6.13259e+09	5.60929e+09	6.30751e+09	6.20489e+09	6.26027e+09	5.6928e+09	6.25485e+09	6.69317e+09	4.34729e+09	4.39416e+09	4.87902e+09	6.10604e+09	6.33249e+09	6.08489e+09	5.01112e+09	4.9673e+09	5.0352e+09	5.10288e+09	4.80693e+09	4.83239e+09	5.55383e+09	5.56249e+09	4.83111e+09	4.62906e+09	4.85358e+09	4.64127e+09	4.69419e+09	4.7688e+09	5.12155e+09	5.16184e+09	4.69716e+09	5.113e+09
ERR618511	7.45516e+09	7.06729e+09	7.39812e+09	7.36735e+09	7.05778e+09	7.68358e+09	6.44174e+09	7.02672e+09	6.85134e+09	6.6753e+09	6.03728e+09	6.89096e+09	7.59505e+09	7.11676e+09	7.50522e+09	7.61288e+09	7.45778e+09	7.61078e+09	6.70878e+09	7.34183e+09	6.63187e+09	7.32291e+09	7.31288e+09	6.65078e+09	6.18953e+09	5.20513e+09	7.0697e+09	6.82111e+09	6.311e+09	6.14155e+09	7.12505e+09	6.85532e+09	7.80965e+09	7.15736e+09	7.1606e+09	7.57623e+09	6.31832e+09	6.24575e+09	6.44972e+09	6.44304e+09	7.55916e+09	7.63405e+09	5.15513e+09	5.90029e+09	6.15121e+09	5.54118e+09	5.85067e+09	6.05742e+09	6.91596e+09	6.65441e+09	7.21093e+09	5.29649e+09	5.07927e+09	5.28231e+09	5.463e+09	6.8592e+09	6.84058e+09	5.56181e+09	5.65967e+09	6.61057e+09	6.63073e+09	5.598e+09	6.53544e+09	5.38623e+09	6.50695e+09	5.94384e+09	6.66717e+09	6.55914e+09	6.61976e+09	5.99489e+09	6.61284e+09	7.08932e+09	4.62066e+09	4.67154e+09	5.19849e+09	6.51169e+09	6.75689e+09	6.4865e+09	5.30491e+09	5.25872e+09	5.32919e+09	5.40602e+09	5.08126e+09	5.11032e+09	5.88846e+09	5.89791e+09	5.11078e+09	4.88758e+09	5.13281e+09	4.89335e+09	4.94671e+09	5.02811e+09	5.41099e+09	5.45381e+09	4.95259e+09	5.40158e+09
ERR618507	7.49302e+09	7.09388e+09	7.42838e+09	7.40702e+09	7.0837e+09	7.72399e+09	6.48649e+09	6.85134e+09	7.12037e+09	6.71257e+09	6.08165e+09	6.93071e+09	7.64937e+09	7.16682e+09	7.55559e+09	7.66708e+09	7.51131e+09	7.66504e+09	6.75836e+09	7.40208e+09	6.67948e+09	7.38223e+09	7.37251e+09	6.69848e+09	6.22466e+09	5.22901e+09	7.10785e+09	6.85781e+09	6.34636e+09	6.17625e+09	7.17474e+09	6.90678e+09	7.86151e+09	7.2077e+09	7.21148e+09	7.63124e+09	6.35622e+09	6.29274e+09	6.48735e+09	6.48226e+09	7.60772e+09	7.68205e+09	5.19772e+09	5.94221e+09	6.19553e+09	5.58117e+09	5.89959e+09	6.10873e+09	6.96598e+09	6.70246e+09	7.26142e+09	5.33145e+09	5.11346e+09	5.31742e+09	5.49366e+09	6.90084e+09	6.88222e+09	5.59393e+09	5.69249e+09	6.65716e+09	6.65357e+09	5.61357e+09	6.55789e+09	5.39674e+09	6.52914e+09	5.96052e+09	6.71492e+09	6.60325e+09	6.66403e+09	6.04065e+09	6.65862e+09	7.13873e+09	4.61132e+09	4.66228e+09	5.1879e+09	6.51688e+09	6.76416e+09	6.49261e+09	5.32385e+09	5.27713e+09	5.35126e+09	5.42409e+09	5.1031e+09	5.13075e+09	5.90892e+09	5.9184e+09	5.1261e+09	4.90686e+09	5.14896e+09	4.91634e+09	4.969e+09	5.04991e+09	5.4329e+09	5.47646e+09	4.9735e+09	5.42336e+09
ERR618510	7.2972e+09	6.9211e+09	7.24151e+09	7.21213e+09	6.91138e+09	7.51877e+09	6.31489e+09	6.6753e+09	6.71257e+09	6.7502e+09	5.92126e+09	6.7513e+09	7.4331e+09	6.96938e+09	7.34604e+09	7.45064e+09	7.30067e+09	7.44851e+09	6.57209e+09	7.18626e+09	6.49779e+09	7.16829e+09	7.15841e+09	6.51599e+09	6.0679e+09	5.11017e+09	6.92128e+09	6.68065e+09	6.1854e+09	6.0213e+09	6.97776e+09	6.71601e+09	7.64068e+09	7.00939e+09	7.01211e+09	7.41437e+09	6.19393e+09	6.12266e+09	6.32159e+09	6.31589e+09	7.39801e+09	7.47047e+09	5.05662e+09	5.78307e+09	6.0277e+09	5.43323e+09	5.73422e+09	5.93558e+09	6.77059e+09	6.51704e+09	7.0577e+09	5.19522e+09	4.98346e+09	5.1816e+09	5.3587e+09	6.71633e+09	6.69764e+09	5.45463e+09	5.54953e+09	6.4744e+09	6.49513e+09	5.49156e+09	6.4024e+09	5.28524e+09	6.37554e+09	5.82825e+09	6.53071e+09	6.42482e+09	6.48369e+09	5.87682e+09	6.47806e+09	6.94015e+09	4.53689e+09	4.5865e+09	5.10023e+09	6.37817e+09	6.61655e+09	6.35371e+09	5.20093e+09	5.15495e+09	5.22413e+09	5.29894e+09	4.98249e+09	5.01088e+09	5.7706e+09	5.77931e+09	5.01351e+09	4.79548e+09	5.03496e+09	4.80044e+09	4.85552e+09	4.93437e+09	5.30768e+09	5.34954e+09	4.86072e+09	5.29843e+09
ERR618508	6.5563e+09	6.21788e+09	6.4975e+09	6.48724e+09	6.20935e+09	6.74701e+09	5.73859e+09	6.03728e+09	6.08165e+09	5.92126e+09	5.5832e+09	6.10294e+09	6.69574e+09	6.29724e+09	6.61448e+09	6.7101e+09	6.58181e+09	6.70788e+09	5.96068e+09	6.49677e+09	5.89543e+09	6.47996e+09	6.47182e+09	5.91116e+09	5.5036e+09	4.661e+09	6.2323e+09	6.02605e+09	5.60498e+09	5.46397e+09	6.30095e+09	6.08199e+09	6.8636e+09	6.3282e+09	6.33226e+09	6.67893e+09	5.6156e+09	5.57229e+09	5.7243e+09	5.7214e+09	6.65376e+09	6.71466e+09	4.63424e+09	5.25926e+09	5.47282e+09	4.95699e+09	5.23193e+09	5.40869e+09	6.12191e+09	5.90147e+09	6.36403e+09	4.74488e+09	4.5605e+09	4.73323e+09	4.87667e+09	6.06121e+09	6.04637e+09	4.96351e+09	5.04565e+09	5.86344e+09	5.84398e+09	4.96742e+09	5.7651e+09	4.77974e+09	5.73964e+09	5.25845e+09	5.9165e+09	5.82081e+09	5.87159e+09	5.35764e+09	5.86713e+09	6.26662e+09	4.07777e+09	4.1208e+09	4.56491e+09	5.70425e+09	5.91148e+09	5.68493e+09	4.7003e+09	4.65911e+09	4.72325e+09	4.78352e+09	4.51305e+09	4.53464e+09	5.20049e+09	5.20925e+09	4.53437e+09	4.35093e+09	4.55634e+09	4.36621e+09	4.42138e+09	4.48969e+09	4.81383e+09	4.84956e+09	4.42309e+09	4.80523e+09
ERR618512	7.54777e+09	7.15291e+09	7.48946e+09	7.45851e+09	7.14337e+09	7.77981e+09	6.51421e+09	6.89096e+09	6.93071e+09	6.7513e+09	6.10294e+09	7.19109e+09	7.68862e+09	7.19976e+09	7.59665e+09	7.70708e+09	7.54872e+09	7.70476e+09	6.78614e+09	7.43069e+09	6.70721e+09	7.41219e+09	7.40132e+09	6.72689e+09	6.26104e+09	5.25979e+09	7.15606e+09	6.90352e+09	6.38343e+09	6.21244e+09	7.20969e+09	6.93538e+09	7.90797e+09	7.24325e+09	7.24646e+09	7.66984e+09	6.38853e+09	6.3146e+09	6.52267e+09	6.51649e+09	7.65256e+09	7.72871e+09	5.21208e+09	5.96713e+09	6.22224e+09	5.60312e+09	5.91741e+09	6.12757e+09	6.99783e+09	6.73178e+09	7.29878e+09	5.35255e+09	5.1322e+09	5.3383e+09	5.52415e+09	6.942e+09	6.92291e+09	5.62409e+09	5.72329e+09	6.68967e+09	6.70863e+09	5.65928e+09	6.61136e+09	5.44466e+09	6.58266e+09	6.01052e+09	6.74338e+09	6.63339e+09	6.6948e+09	6.0601e+09	6.68834e+09	7.1728e+09	4.66907e+09	4.7203e+09	5.25589e+09	6.58814e+09	6.83793e+09	6.56307e+09	5.36754e+09	5.32078e+09	5.3921e+09	5.47003e+09	5.14133e+09	5.17027e+09	5.95966e+09	5.96873e+09	5.17043e+09	4.94336e+09	5.19216e+09	4.94863e+09	5.00046e+09	5.08279e+09	5.47092e+09	5.51505e+09	5.00664e+09	5.46176e+09
ERR607662	8.43901e+09	7.96998e+09	8.37103e+09	8.33174e+09	7.95949e+09	8.7173e+09	7.16385e+09	7.59505e+09	7.64937e+09	7.4331e+09	6.69574e+09	7.68862e+09	9.10407e+09	8.23434e+09	8.72906e+09	8.8743e+09	8.67019e+09	8.8706e+09	7.66107e+09	8.45192e+09	7.56478e+09	8.42697e+09	8.41547e+09	7.58785e+09	6.96672e+09	5.80203e+09	8.02082e+09	7.7179e+09	7.10994e+09	6.90832e+09	8.1589e+09	7.82729e+09	9.01334e+09	8.19899e+09	8.20439e+09	8.7249e+09	7.16515e+09	7.08676e+09	7.32371e+09	7.31433e+09	8.69221e+09	8.78512e+09	5.80474e+09	6.67291e+09	6.96664e+09	6.24868e+09	6.61923e+09	6.86469e+09	7.88123e+09	7.56406e+09	8.23705e+09	5.95766e+09	5.70523e+09	5.94136e+09	6.14577e+09	7.80139e+09	7.77708e+09	6.26281e+09	6.37891e+09	7.50233e+09	7.52393e+09	6.29675e+09	7.40815e+09	6.05135e+09	7.37336e+09	6.70532e+09	7.57031e+09	7.43707e+09	7.51035e+09	6.75821e+09	7.50256e+09	8.08946e+09	5.17268e+09	5.23135e+09	5.85038e+09	7.37387e+09	7.67082e+09	7.34407e+09	5.9871e+09	5.93342e+09	6.01683e+09	6.10599e+09	5.72982e+09	5.76307e+09	6.67574e+09	6.68533e+09	5.76077e+09	5.50131e+09	5.78564e+09	5.50915e+09	5.55092e+09	5.64543e+09	6.09124e+09	6.14314e+09	5.55771e+09	6.083e+09
ERR607657	7.82871e+09	7.40417e+09	7.76406e+09	7.73494e+09	7.39416e+09	8.07807e+09	6.72522e+09	7.11676e+09	7.16682e+09	6.96938e+09	6.29724e+09	7.19976e+09	8.23434e+09	7.93167e+09	8.13931e+09	8.25441e+09	8.08668e+09	8.25147e+09	7.18477e+09	7.88188e+09	7.09804e+09	7.86002e+09	7.8507e+09	7.11926e+09	6.49706e+09	5.43982e+09	7.44026e+09	7.1708e+09	6.62581e+09	6.44429e+09	7.64105e+09	7.3499e+09	8.37328e+09	7.67591e+09	7.67919e+09	8.12496e+09	6.72628e+09	6.6607e+09	6.87071e+09	6.86068e+09	8.08928e+09	8.17017e+09	5.42063e+09	6.21309e+09	6.48081e+09	5.82729e+09	6.16537e+09	6.38903e+09	7.33681e+09	7.05134e+09	7.65528e+09	5.58388e+09	5.35138e+09	5.56818e+09	5.74761e+09	7.25419e+09	7.23333e+09	5.85501e+09	5.95972e+09	6.98596e+09	7.01401e+09	5.89643e+09	6.91003e+09	5.6694e+09	6.87737e+09	6.26889e+09	7.11904e+09	6.99908e+09	7.06452e+09	6.38258e+09	7.0576e+09	7.57622e+09	4.82378e+09	4.87722e+09	5.43642e+09	6.83614e+09	7.10263e+09	6.80977e+09	5.53291e+09	5.48383e+09	5.55878e+09	5.63951e+09	5.29871e+09	5.32876e+09	6.162e+09	6.17116e+09	5.3368e+09	5.10207e+09	5.35991e+09	5.1075e+09	5.18111e+09	5.26783e+09	5.67408e+09	5.72182e+09	5.18679e+09	5.66614e+09
ERR607658	8.328e+09	7.87519e+09	8.26755e+09	8.22265e+09	7.86497e+09	8.60265e+09	7.07668e+09	7.50522e+09	7.55559e+09	7.34604e+09	6.61448e+09	7.59665e+09	8.72906e+09	8.13931e+09	8.86934e+09	8.75276e+09	8.55986e+09	8.74947e+09	7.56642e+09	8.33341e+09	7.47242e+09	8.30945e+09	8.2988e+09	7.49534e+09	6.87569e+09	5.73639e+09	7.91746e+09	7.61999e+09	7.01614e+09	6.81786e+09	8.0655e+09	7.73919e+09	8.89736e+09	8.10354e+09	8.10757e+09	8.61082e+09	7.08917e+09	7.00138e+09	7.24632e+09	7.23521e+09	8.58711e+09	8.67903e+09	5.71866e+09	6.58145e+09	6.87003e+09	6.16239e+09	6.51818e+09	6.75941e+09	7.77655e+09	7.46526e+09	8.12903e+09	5.88413e+09	5.63376e+09	5.86832e+09	6.07338e+09	7.6995e+09	7.67598e+09	6.18695e+09	6.30079e+09	7.40024e+09	7.44921e+09	6.242e+09	7.33471e+09	6.00358e+09	7.30146e+09	6.64657e+09	7.49313e+09	7.36394e+09	7.43607e+09	6.68908e+09	7.42848e+09	8.00157e+09	5.14791e+09	5.207e+09	5.82139e+09	7.31358e+09	7.60484e+09	7.28251e+09	5.9035e+09	5.85167e+09	5.93305e+09	6.02182e+09	5.64886e+09	5.68236e+09	6.58722e+09	6.59627e+09	5.68956e+09	5.42922e+09	5.71225e+09	5.42924e+09	5.48498e+09	5.57785e+09	6.01955e+09	6.07112e+09	5.49301e+09	6.01131e+09
ERR607660	8.46406e+09	7.99359e+09	8.39586e+09	8.35633e+09	7.98327e+09	8.74359e+09	7.17974e+09	7.61288e+09	7.66708e+09	7.45064e+09	6.7101e+09	7.70708e+09	8.8743e+09	8.25441e+09	8.75276e+09	9.15377e+09	8.69362e+09	8.89452e+09	7.67972e+09	8.47403e+09	7.58241e+09	8.44845e+09	8.43726e+09	7.60632e+09	6.98385e+09	5.81525e+09	8.04279e+09	7.73865e+09	7.12744e+09	6.92502e+09	8.17981e+09	7.84632e+09	9.03921e+09	8.22035e+09	8.22523e+09	8.74895e+09	7.18289e+09	7.10279e+09	7.34188e+09	7.3321e+09	8.71621e+09	8.81008e+09	5.8178e+09	6.68977e+09	6.98444e+09	6.2638e+09	6.63512e+09	6.88132e+09	7.90358e+09	7.58478e+09	8.26141e+09	5.97263e+09	5.71922e+09	5.95632e+09	6.16189e+09	7.82379e+09	7.79898e+09	6.27917e+09	6.39559e+09	7.52294e+09	7.54708e+09	6.31488e+09	7.43071e+09	6.06899e+09	7.39621e+09	6.72553e+09	7.58906e+09	7.45536e+09	7.52909e+09	6.77321e+09	7.52148e+09	8.11073e+09	5.1883e+09	5.24746e+09	5.86872e+09	7.39648e+09	7.69424e+09	7.36616e+09	6.00512e+09	5.95197e+09	6.03511e+09	6.12497e+09	5.74696e+09	5.78045e+09	6.69706e+09	6.70642e+09	5.77837e+09	5.51717e+09	5.80278e+09	5.52434e+09	5.56557e+09	5.66075e+09	6.10799e+09	6.16058e+09	5.57201e+09	6.09973e+09
ERR607659	8.26287e+09	7.80758e+09	8.19616e+09	8.1601e+09	7.79717e+09	8.53278e+09	7.03815e+09	7.45778e+09	7.51131e+09	7.30067e+09	6.58181e+09	7.54872e+09	8.67019e+09	8.08668e+09	8.55986e+09	8.69362e+09	8.74603e+09	8.68941e+09	7.52388e+09	8.28707e+09	7.43032e+09	8.26329e+09	8.25277e+09	7.45266e+09	6.83288e+09	5.69936e+09	7.85548e+09	7.56242e+09	6.97229e+09	6.77587e+09	8.01175e+09	7.6916e+09	8.82883e+09	8.05049e+09	8.05513e+09	8.55353e+09	7.04202e+09	6.96471e+09	7.19567e+09	7.18669e+09	8.5199e+09	8.60927e+09	5.69439e+09	6.54138e+09	6.82769e+09	6.12887e+09	6.48896e+09	6.72794e+09	7.72581e+09	7.41803e+09	8.07021e+09	5.85192e+09	5.60469e+09	5.83572e+09	6.03225e+09	7.64407e+09	7.62081e+09	6.14632e+09	6.25905e+09	7.35583e+09	7.37958e+09	6.1842e+09	7.26796e+09	5.94356e+09	7.23414e+09	6.58344e+09	7.44336e+09	7.31309e+09	7.38435e+09	6.65298e+09	7.3768e+09	7.9441e+09	5.07695e+09	5.13399e+09	5.73545e+09	7.22296e+09	7.51114e+09	7.19415e+09	5.85683e+09	5.80482e+09	5.88572e+09	5.97234e+09	5.60656e+09	5.63864e+09	6.52779e+09	6.53769e+09	5.64002e+09	5.38733e+09	5.6637e+09	5.39497e+09	5.44566e+09	5.53784e+09	5.97205e+09	6.02227e+09	5.45245e+09	5.96368e+09
ERR607661	8.4609e+09	7.99066e+09	8.39286e+09	8.3526e+09	7.97988e+09	8.73996e+09	7.1778e+09	7.61078e+09	7.66504e+09	7.44851e+09	6.70788e+09	7.70476e+09	8.8706e+09	8.25147e+09	8.74947e+09	8.89452e+09	8.68941e+09	9.14671e+09	7.67655e+09	8.46925e+09	7.57913e+09	8.44466e+09	8.43299e+09	7.60307e+09	6.98202e+09	5.81395e+09	8.03984e+09	7.7363e+09	7.1256e+09	6.92279e+09	8.1767e+09	7.84348e+09	9.03499e+09	8.2168e+09	8.22207e+09	8.74434e+09	7.18083e+09	7.10012e+09	7.33983e+09	7.33017e+09	8.7132e+09	8.80725e+09	5.81539e+09	6.6874e+09	6.982e+09	6.26168e+09	6.63187e+09	6.87822e+09	7.89964e+09	7.58125e+09	8.25748e+09	5.97053e+09	5.71667e+09	5.95446e+09	6.15959e+09	7.82001e+09	7.79553e+09	6.27693e+09	6.39332e+09	7.51906e+09	7.54523e+09	6.31413e+09	7.42898e+09	6.06875e+09	7.39452e+09	6.72456e+09	7.58643e+09	7.45327e+09	7.52627e+09	6.77097e+09	7.51905e+09	8.10774e+09	5.18945e+09	5.24855e+09	5.87001e+09	7.39734e+09	7.69555e+09	7.3671e+09	6.00399e+09	5.94997e+09	6.0333e+09	6.12349e+09	5.74514e+09	5.77894e+09	6.69492e+09	6.70457e+09	5.77698e+09	5.51558e+09	5.80132e+09	5.52249e+09	5.56427e+09	5.65894e+09	6.10661e+09	6.15911e+09	5.57084e+09	6.09817e+09
ERR613458	7.36907e+09	6.97149e+09	7.30404e+09	7.28739e+09	6.9619e+09	7.59954e+09	6.35372e+09	6.70878e+09	6.75836e+09	6.57209e+09	5.96068e+09	6.78614e+09	7.66107e+09	7.18477e+09	7.56642e+09	7.67972e+09	7.52388e+09	7.67655e+09	7.14951e+09	7.59178e+09	6.85601e+09	7.57074e+09	7.56142e+09	6.87632e+09	6.21452e+09	5.22002e+09	7.08882e+09	6.83935e+09	6.33469e+09	6.16596e+09	7.28468e+09	7.02005e+09	7.96957e+09	7.31835e+09	7.32398e+09	7.74314e+09	6.42143e+09	6.3666e+09	6.55282e+09	6.54691e+09	7.67483e+09	7.74738e+09	5.27481e+09	6.01859e+09	6.27201e+09	5.6578e+09	5.97763e+09	6.18872e+09	7.0786e+09	6.81334e+09	7.37161e+09	5.43408e+09	5.21441e+09	5.41844e+09	5.56424e+09	6.96849e+09	6.94868e+09	5.66571e+09	5.76273e+09	6.72548e+09	6.71693e+09	5.67337e+09	6.6214e+09	5.45607e+09	6.58994e+09	6.02024e+09	6.80399e+09	6.69346e+09	6.75273e+09	6.13222e+09	6.7483e+09	7.22399e+09	4.66518e+09	4.7151e+09	5.23932e+09	6.58877e+09	6.83789e+09	6.56513e+09	5.37577e+09	5.3275e+09	5.40097e+09	5.47216e+09	5.15737e+09	5.18255e+09	5.95259e+09	5.96293e+09	5.17603e+09	4.95912e+09	5.19888e+09	4.97157e+09	5.03798e+09	5.1182e+09	5.4979e+09	5.54196e+09	5.0407e+09	5.49044e+09
ERR613455	8.12757e+09	7.66652e+09	8.05036e+09	8.03308e+09	7.65537e+09	8.39315e+09	6.93923e+09	7.34183e+09	7.40208e+09	7.18626e+09	6.49677e+09	7.43069e+09	8.45192e+09	7.88188e+09	8.33341e+09	8.47403e+09	8.28707e+09	8.46925e+09	7.59178e+09	8.63179e+09	7.49563e+09	8.35202e+09	8.34101e+09	7.51949e+09	6.80477e+09	5.67276e+09	7.80828e+09	7.52e+09	6.94208e+09	6.74884e+09	8.00012e+09	7.68883e+09	8.81707e+09	8.04049e+09	8.04781e+09	8.55301e+09	7.0066e+09	6.94724e+09	7.1552e+09	7.15188e+09	8.46589e+09	8.55174e+09	5.77897e+09	6.61302e+09	6.89979e+09	6.20514e+09	6.57406e+09	6.81342e+09	7.79967e+09	7.49453e+09	8.1362e+09	5.93064e+09	5.68551e+09	5.91361e+09	6.08233e+09	7.68006e+09	7.65735e+09	6.1982e+09	6.30873e+09	7.40761e+09	7.36677e+09	6.18236e+09	7.25846e+09	5.93672e+09	7.22205e+09	6.57421e+09	7.4462e+09	7.31508e+09	7.38441e+09	6.67668e+09	7.37891e+09	7.93915e+09	5.06801e+09	5.12374e+09	5.71293e+09	7.22881e+09	7.51498e+09	7.20178e+09	5.92432e+09	5.87125e+09	5.95462e+09	6.0347e+09	5.68029e+09	5.70836e+09	6.56918e+09	6.57943e+09	5.68597e+09	5.44358e+09	5.71048e+09	5.46396e+09	5.50563e+09	5.59517e+09	6.02193e+09	6.07181e+09	5.50758e+09	6.01429e+09
ERR613460	7.27892e+09	6.88847e+09	7.21529e+09	7.19896e+09	6.87835e+09	7.50512e+09	6.28185e+09	6.63187e+09	6.67948e+09	6.49779e+09	5.89543e+09	6.70721e+09	7.56478e+09	7.09804e+09	7.47242e+09	7.58241e+09	7.43032e+09	7.57913e+09	6.85601e+09	7.49563e+09	6.9836e+09	7.4751e+09	7.46613e+09	6.7957e+09	6.1467e+09	5.16731e+09	7.00663e+09	6.7618e+09	6.26442e+09	6.09844e+09	7.19668e+09	6.93687e+09	7.86718e+09	7.2294e+09	7.23486e+09	7.64556e+09	6.35221e+09	6.29662e+09	6.48126e+09	6.47568e+09	7.58063e+09	7.65169e+09	5.21706e+09	5.95091e+09	6.19997e+09	5.59567e+09	5.91038e+09	6.11795e+09	6.99419e+09	6.73438e+09	7.28263e+09	5.37665e+09	5.15998e+09	5.36111e+09	5.50443e+09	6.88617e+09	6.86685e+09	5.60391e+09	5.69914e+09	6.64788e+09	6.64221e+09	5.61532e+09	6.54868e+09	5.40062e+09	6.51738e+09	5.95702e+09	6.72615e+09	6.61785e+09	6.67588e+09	6.06628e+09	6.67147e+09	7.13792e+09	4.62185e+09	4.67156e+09	5.18853e+09	6.51984e+09	6.76496e+09	6.49607e+09	5.31457e+09	5.26723e+09	5.33917e+09	5.40932e+09	5.09924e+09	5.12406e+09	5.88484e+09	5.89433e+09	5.11958e+09	4.90618e+09	5.14227e+09	4.91883e+09	4.9854e+09	5.0643e+09	5.43853e+09	5.48127e+09	4.9881e+09	5.43064e+09
ERR613456	8.10549e+09	7.64712e+09	8.02903e+09	8.01079e+09	7.63571e+09	8.3705e+09	6.92185e+09	7.32291e+09	7.38223e+09	7.16829e+09	6.47996e+09	7.41219e+09	8.42697e+09	7.86002e+09	8.30945e+09	8.44845e+09	8.26329e+09	8.44466e+09	7.57074e+09	8.35202e+09	7.4751e+09	8.57938e+09	8.31519e+09	7.49882e+09	6.78809e+09	5.66079e+09	7.78802e+09	7.50114e+09	6.92539e+09	6.73251e+09	7.97671e+09	7.66703e+09	8.78972e+09	8.01656e+09	8.02408e+09	8.52575e+09	6.98988e+09	6.92896e+09	7.1376e+09	7.13418e+09	8.44265e+09	8.52772e+09	5.76121e+09	6.59403e+09	6.87933e+09	6.18681e+09	6.55376e+09	6.79253e+09	7.77688e+09	7.47298e+09	8.11286e+09	5.91457e+09	5.6695e+09	5.89735e+09	6.0657e+09	7.65774e+09	7.63523e+09	6.18136e+09	6.29127e+09	7.38584e+09	7.34969e+09	6.16827e+09	7.24146e+09	5.92356e+09	7.20508e+09	6.55967e+09	7.42546e+09	7.29534e+09	7.36372e+09	6.65824e+09	7.35853e+09	7.91586e+09	5.06096e+09	5.11651e+09	5.70433e+09	7.21556e+09	7.50122e+09	7.18829e+09	5.90815e+09	5.85546e+09	5.93886e+09	6.0184e+09	5.66438e+09	5.69271e+09	6.55188e+09	6.56235e+09	5.67171e+09	5.42985e+09	5.69608e+09	5.44906e+09	5.49134e+09	5.58089e+09	6.0068e+09	6.05616e+09	5.49364e+09	5.99877e+09
ERR613457	8.09317e+09	7.63542e+09	8.01665e+09	7.99894e+09	7.62429e+09	8.35684e+09	6.91266e+09	7.31288e+09	7.37251e+09	7.15841e+09	6.47182e+09	7.40132e+09	8.41547e+09	7.8507e+09	8.2988e+09	8.43726e+09	8.25277e+09	8.43299e+09	7.56142e+09	8.34101e+09	7.46613e+09	8.31519e+09	8.55594e+09	7.48956e+09	6.77829e+09	5.65286e+09	7.77593e+09	7.49037e+09	6.9144e+09	6.72262e+09	7.96844e+09	7.65912e+09	8.77864e+09	8.00834e+09	8.01579e+09	8.51624e+09	6.98118e+09	6.92108e+09	7.12912e+09	7.12499e+09	8.42991e+09	8.51556e+09	5.75381e+09	6.58439e+09	6.86935e+09	6.17825e+09	6.54474e+09	6.7828e+09	7.76576e+09	7.4628e+09	8.10089e+09	5.90722e+09	5.66293e+09	5.89029e+09	6.05788e+09	7.64659e+09	7.62484e+09	6.17329e+09	6.28322e+09	7.37559e+09	7.33871e+09	6.15982e+09	7.23098e+09	5.91591e+09	7.19481e+09	6.55039e+09	7.41745e+09	7.28759e+09	7.35636e+09	6.65222e+09	7.35041e+09	7.90635e+09	5.05209e+09	5.10744e+09	5.69359e+09	7.20245e+09	7.48697e+09	7.17575e+09	5.89881e+09	5.84585e+09	5.92892e+09	6.00887e+09	5.65526e+09	5.68364e+09	6.54085e+09	6.55151e+09	5.66297e+09	5.42133e+09	5.68706e+09	5.44138e+09	5.4842e+09	5.57344e+09	5.99819e+09	6.04772e+09	5.48632e+09	5.99051e+09
ERR613459	7.30282e+09	6.9109e+09	7.23891e+09	7.22223e+09	6.90099e+09	7.52967e+09	6.29956e+09	6.65078e+09	6.69848e+09	6.51599e+09	5.91116e+09	6.72689e+09	7.58785e+09	7.11926e+09	7.49534e+09	7.60632e+09	7.45266e+09	7.60307e+09	6.87632e+09	7.51949e+09	6.7957e+09	7.49882e+09	7.48956e+09	7.02295e+09	6.16386e+09	5.18075e+09	7.02823e+09	6.78193e+09	6.28187e+09	6.11602e+09	7.21788e+09	6.95665e+09	7.89195e+09	7.25064e+09	7.25595e+09	7.66915e+09	6.36953e+09	6.31347e+09	6.49868e+09	6.49383e+09	7.60367e+09	7.67627e+09	5.2308e+09	5.96693e+09	6.21674e+09	5.61048e+09	5.92588e+09	6.13463e+09	7.01375e+09	6.75277e+09	7.30348e+09	5.38958e+09	5.17223e+09	5.37413e+09	5.51912e+09	6.90638e+09	6.88693e+09	5.61857e+09	5.71469e+09	6.66621e+09	6.66132e+09	5.62998e+09	6.56707e+09	5.41497e+09	6.53598e+09	5.97305e+09	6.74482e+09	6.63568e+09	6.69372e+09	6.08147e+09	6.68952e+09	7.15837e+09	4.63362e+09	4.68348e+09	5.20296e+09	6.53801e+09	6.78444e+09	6.5144e+09	5.33055e+09	5.28317e+09	5.35542e+09	5.4264e+09	5.11457e+09	5.13945e+09	5.90257e+09	5.9124e+09	5.13426e+09	4.91919e+09	5.15678e+09	4.9318e+09	4.99923e+09	5.07816e+09	5.45408e+09	5.49754e+09	5.00203e+09	5.44657e+09
ERR622581	6.89096e+09	6.55334e+09	6.84856e+09	6.81296e+09	6.54692e+09	7.09674e+09	5.86098e+09	6.18953e+09	6.22466e+09	6.0679e+09	5.5036e+09	6.26104e+09	6.96672e+09	6.49706e+09	6.87569e+09	6.98385e+09	6.83288e+09	6.98202e+09	6.21452e+09	6.80477e+09	6.1467e+09	6.78809e+09	6.77829e+09	6.16386e+09	6.18049e+09	5.05014e+09	6.79557e+09	6.5656e+09	6.08891e+09	5.93122e+09	6.56555e+09	6.30854e+09	7.22827e+09	6.59739e+09	6.60193e+09	7.00713e+09	5.92925e+09	5.8305e+09	6.04131e+09	6.04185e+09	7.05762e+09	7.1293e+09	4.90913e+09	5.6114e+09	5.83621e+09	5.28001e+09	5.54435e+09	5.73113e+09	6.4806e+09	6.2465e+09	6.74577e+09	5.024e+09	4.82124e+09	5.01334e+09	5.17917e+09	6.42312e+09	6.40519e+09	5.26602e+09	5.35427e+09	6.20385e+09	6.22829e+09	5.3042e+09	6.14515e+09	5.11528e+09	6.11916e+09	5.61853e+09	6.12303e+09	6.02424e+09	6.07837e+09	5.51472e+09	6.07415e+09	6.51954e+09	4.53827e+09	4.5839e+09	5.08226e+09	6.27114e+09	6.49625e+09	6.24674e+09	5.14771e+09	5.10147e+09	5.17015e+09	5.23899e+09	4.93781e+09	4.96205e+09	5.69579e+09	5.70589e+09	4.97439e+09	4.76114e+09	4.98922e+09	4.76967e+09	4.75725e+09	4.83201e+09	5.18207e+09	5.22179e+09	4.76553e+09	5.17454e+09
ERR622579	5.75504e+09	5.50034e+09	5.72687e+09	5.69357e+09	5.49569e+09	5.91449e+09	4.94455e+09	5.20513e+09	5.22901e+09	5.11017e+09	4.661e+09	5.25979e+09	5.80203e+09	5.43982e+09	5.73639e+09	5.81525e+09	5.69936e+09	5.81395e+09	5.22002e+09	5.67276e+09	5.16731e+09	5.66079e+09	5.65286e+09	5.18075e+09	5.05014e+09	4.49604e+09	5.69237e+09	5.51354e+09	5.13732e+09	5.01449e+09	5.49645e+09	5.29454e+09	6.01217e+09	5.52084e+09	5.52352e+09	5.83537e+09	5.00876e+09	4.91992e+09	5.09703e+09	5.09544e+09	5.88443e+09	5.94069e+09	4.17061e+09	4.74345e+09	4.92054e+09	4.47871e+09	4.67709e+09	4.82347e+09	5.42244e+09	5.23902e+09	5.63188e+09	4.27456e+09	4.10997e+09	4.26787e+09	4.41119e+09	5.38325e+09	5.3689e+09	4.4781e+09	4.54722e+09	5.20494e+09	5.24636e+09	4.52628e+09	5.18072e+09	4.3796e+09	5.16165e+09	4.77344e+09	5.1448e+09	5.06956e+09	5.11215e+09	4.66255e+09	5.10862e+09	5.45607e+09	3.93117e+09	3.96832e+09	4.37147e+09	5.30558e+09	5.48056e+09	5.28515e+09	4.375e+09	4.33701e+09	4.39187e+09	4.44862e+09	4.2021e+09	4.22213e+09	4.8244e+09	4.8323e+09	4.24779e+09	4.07009e+09	4.25954e+09	4.06923e+09	4.07595e+09	4.13727e+09	4.42041e+09	4.45177e+09	4.08508e+09	4.41389e+09
ERR622577	7.95216e+09	7.54852e+09	7.91224e+09	7.85277e+09	7.54024e+09	8.2111e+09	6.66391e+09	7.0697e+09	7.10785e+09	6.92128e+09	6.2323e+09	7.15606e+09	8.02082e+09	7.44026e+09	7.91746e+09	8.04279e+09	7.85548e+09	8.03984e+09	7.08882e+09	7.80828e+09	7.00663e+09	7.78802e+09	7.77593e+09	7.02823e+09	6.79557e+09	5.69237e+09	8.09049e+09	7.54607e+09	6.93361e+09	6.73939e+09	7.5285e+09	7.20727e+09	8.36226e+09	7.56697e+09	7.57125e+09	8.07394e+09	6.75809e+09	6.61669e+09	6.89634e+09	6.89495e+09	8.15623e+09	8.24817e+09	5.54468e+09	6.3976e+09	6.67012e+09	5.99486e+09	6.29992e+09	6.52433e+09	7.44932e+09	7.16162e+09	7.78306e+09	5.68471e+09	5.44165e+09	5.67223e+09	5.88175e+09	7.38743e+09	7.36577e+09	5.98249e+09	6.0892e+09	7.10751e+09	7.17355e+09	6.05337e+09	7.06888e+09	5.83305e+09	7.04007e+09	6.43744e+09	7.00768e+09	6.8908e+09	6.95787e+09	6.26064e+09	6.95222e+09	7.49633e+09	5.2047e+09	5.26093e+09	5.87091e+09	7.28609e+09	7.56256e+09	7.25229e+09	5.88167e+09	5.82908e+09	5.91079e+09	5.99461e+09	5.63074e+09	5.66107e+09	6.54363e+09	6.55374e+09	5.6763e+09	5.4146e+09	5.6905e+09	5.41134e+09	5.38885e+09	5.47902e+09	5.90187e+09	5.95034e+09	5.40346e+09	5.89211e+09
ERR622578	7.6517e+09	7.26908e+09	7.61179e+09	7.55807e+09	7.26159e+09	7.89534e+09	6.43676e+09	6.82111e+09	6.85781e+09	6.68065e+09	6.02605e+09	6.90352e+09	7.7179e+09	7.1708e+09	7.61999e+09	7.73865e+09	7.56242e+09	7.7363e+09	6.83935e+09	7.52e+09	6.7618e+09	7.50114e+09	7.49037e+09	6.78193e+09	6.5656e+09	5.51354e+09	7.54607e+09	7.51092e+09	6.69615e+09	6.51192e+09	7.25496e+09	6.95177e+09	8.03835e+09	7.29185e+09	7.29583e+09	7.76949e+09	6.5263e+09	6.3926e+09	6.65785e+09	6.65639e+09	7.84462e+09	7.9306e+09	5.36274e+09	6.1761e+09	6.43507e+09	5.79294e+09	6.08371e+09	6.2969e+09	7.17373e+09	6.90091e+09	7.48778e+09	5.49681e+09	5.26467e+09	5.48499e+09	5.68362e+09	7.11362e+09	7.09288e+09	5.77998e+09	5.88186e+09	6.84998e+09	6.91038e+09	5.8469e+09	6.81212e+09	5.63586e+09	6.78432e+09	6.21219e+09	6.75796e+09	6.6464e+09	6.71007e+09	6.05022e+09	6.70482e+09	7.21986e+09	5.03021e+09	5.08352e+09	5.66359e+09	7.01226e+09	7.27439e+09	6.98132e+09	5.67402e+09	5.62312e+09	5.70199e+09	5.78116e+09	5.43481e+09	5.46313e+09	6.30653e+09	6.31674e+09	5.48144e+09	5.23231e+09	5.49511e+09	5.23027e+09	5.21145e+09	5.29758e+09	5.70018e+09	5.74607e+09	5.22547e+09	5.69087e+09
ERR622582	7.03382e+09	6.68553e+09	6.98912e+09	6.95208e+09	6.67915e+09	7.24488e+09	5.97301e+09	6.311e+09	6.34636e+09	6.1854e+09	5.60498e+09	6.38343e+09	7.10994e+09	6.62581e+09	7.01614e+09	7.12744e+09	6.97229e+09	7.1256e+09	6.33469e+09	6.94208e+09	6.26442e+09	6.92539e+09	6.9144e+09	6.28187e+09	6.08891e+09	5.13732e+09	6.93361e+09	6.69615e+09	6.41441e+09	6.04191e+09	6.69606e+09	6.43078e+09	7.38028e+09	6.72874e+09	6.73396e+09	7.15114e+09	6.04082e+09	5.93903e+09	6.15631e+09	6.15627e+09	7.20385e+09	7.27784e+09	4.9944e+09	5.71387e+09	5.94518e+09	5.37434e+09	5.64528e+09	5.83694e+09	6.60803e+09	6.36663e+09	6.8808e+09	5.11126e+09	4.90377e+09	5.10048e+09	5.27089e+09	6.54956e+09	6.53157e+09	5.36035e+09	5.4504e+09	6.32335e+09	6.34867e+09	5.39834e+09	6.26317e+09	5.20452e+09	6.23664e+09	5.72129e+09	6.24047e+09	6.13892e+09	6.1948e+09	5.61508e+09	6.19034e+09	6.64842e+09	4.61645e+09	4.66376e+09	5.17506e+09	6.3952e+09	6.62758e+09	6.36997e+09	5.24105e+09	5.1939e+09	5.26409e+09	5.33507e+09	5.02642e+09	5.05135e+09	5.80429e+09	5.81361e+09	5.06374e+09	4.84465e+09	5.07871e+09	4.85339e+09	4.8385e+09	4.91562e+09	5.27423e+09	5.31549e+09	4.84722e+09	5.26666e+09
ERR622580	6.83385e+09	6.49942e+09	6.79126e+09	6.75679e+09	6.49309e+09	7.03706e+09	5.81757e+09	6.14155e+09	6.17625e+09	6.0213e+09	5.46397e+09	6.21244e+09	6.90832e+09	6.44429e+09	6.81786e+09	6.92502e+09	6.77587e+09	6.92279e+09	6.16596e+09	6.74884e+09	6.09844e+09	6.73251e+09	6.72262e+09	6.11602e+09	5.93122e+09	5.01449e+09	6.73939e+09	6.51192e+09	6.04191e+09	6.08741e+09	6.5123e+09	6.25882e+09	7.16703e+09	6.54407e+09	6.54851e+09	6.94841e+09	5.88343e+09	5.78647e+09	5.99428e+09	5.99428e+09	6.99833e+09	7.06901e+09	4.8716e+09	5.5657e+09	5.78784e+09	5.23836e+09	5.50037e+09	5.68462e+09	6.42617e+09	6.19431e+09	6.68787e+09	4.98499e+09	4.78427e+09	4.97471e+09	5.13796e+09	6.36813e+09	6.35065e+09	5.22439e+09	5.31067e+09	6.15138e+09	6.17517e+09	5.26064e+09	6.09313e+09	5.0734e+09	6.06697e+09	5.57132e+09	6.07232e+09	5.97451e+09	6.02853e+09	5.4714e+09	6.02417e+09	6.46447e+09	4.50046e+09	4.54589e+09	5.03881e+09	6.21598e+09	6.43938e+09	6.19245e+09	5.10424e+09	5.05883e+09	5.12671e+09	5.19462e+09	4.89598e+09	4.92074e+09	5.64798e+09	5.65715e+09	4.9334e+09	4.72259e+09	4.94817e+09	4.73215e+09	4.71974e+09	4.79335e+09	5.1395e+09	5.1801e+09	4.72756e+09	5.1324e+09
ERR612618	7.85002e+09	7.42645e+09	7.78741e+09	7.75575e+09	7.41464e+09	8.1026e+09	6.73128e+09	7.12505e+09	7.17474e+09	6.97776e+09	6.30095e+09	7.20969e+09	8.1589e+09	7.64105e+09	8.0655e+09	8.17981e+09	8.01175e+09	8.1767e+09	7.28468e+09	8.00012e+09	7.19668e+09	7.97671e+09	7.96844e+09	7.21788e+09	6.56555e+09	5.49645e+09	7.5285e+09	7.25496e+09	6.69606e+09	6.5123e+09	8.06705e+09	7.53688e+09	8.61063e+09	7.88103e+09	7.88546e+09	8.34891e+09	6.84173e+09	6.76432e+09	6.98832e+09	6.98029e+09	8.23451e+09	8.31749e+09	5.56508e+09	6.3742e+09	6.64644e+09	5.98216e+09	6.32031e+09	6.54725e+09	7.55377e+09	7.26408e+09	7.88068e+09	5.76556e+09	5.52682e+09	5.75033e+09	5.91435e+09	7.44284e+09	7.4212e+09	6.02395e+09	6.12954e+09	7.16903e+09	7.20456e+09	6.06956e+09	7.09922e+09	5.83987e+09	7.06719e+09	6.44866e+09	7.27652e+09	7.15622e+09	7.22237e+09	6.52747e+09	7.21632e+09	7.74317e+09	5.02969e+09	5.08516e+09	5.66185e+09	7.0872e+09	7.35832e+09	7.05912e+09	5.7235e+09	5.67274e+09	5.74958e+09	5.83146e+09	5.48405e+09	5.51513e+09	6.35862e+09	6.36854e+09	5.52011e+09	5.27803e+09	5.54247e+09	5.28146e+09	5.35033e+09	5.43796e+09	5.85344e+09	5.90055e+09	5.35648e+09	5.84529e+09
ERR612614	7.51379e+09	7.10669e+09	7.44777e+09	7.42809e+09	7.09612e+09	7.75125e+09	6.48819e+09	6.85532e+09	6.90678e+09	6.71601e+09	6.08199e+09	6.93538e+09	7.82729e+09	7.3499e+09	7.73919e+09	7.84632e+09	7.6916e+09	7.84348e+09	7.02005e+09	7.68883e+09	6.93687e+09	7.66703e+09	7.65912e+09	6.95665e+09	6.30854e+09	5.29454e+09	7.20727e+09	6.95177e+09	6.43078e+09	6.25882e+09	7.53688e+09	7.4659e+09	8.24312e+09	7.57108e+09	7.57667e+09	8.00654e+09	6.58819e+09	6.52893e+09	6.72647e+09	6.71922e+09	7.89092e+09	7.96668e+09	5.36269e+09	6.1241e+09	6.38157e+09	5.75415e+09	6.08075e+09	6.2962e+09	7.2507e+09	6.97809e+09	7.55456e+09	5.5573e+09	5.33188e+09	5.54227e+09	5.68867e+09	7.13383e+09	7.11417e+09	5.79411e+09	5.89311e+09	6.88113e+09	6.89788e+09	5.82481e+09	6.79975e+09	5.60248e+09	6.76788e+09	6.18174e+09	7.00748e+09	6.89317e+09	6.95523e+09	6.30663e+09	6.9495e+09	7.43973e+09	4.80055e+09	4.85333e+09	5.39288e+09	6.75618e+09	7.01142e+09	6.73159e+09	5.46987e+09	5.42089e+09	5.49493e+09	5.56964e+09	5.24571e+09	5.27353e+09	6.06824e+09	6.07818e+09	5.27716e+09	5.05316e+09	5.30037e+09	5.06135e+09	5.14002e+09	5.22207e+09	5.61333e+09	5.65726e+09	5.14341e+09	5.60506e+09
ERR612613	8.72419e+09	8.24411e+09	8.66435e+09	8.60719e+09	8.23211e+09	9.02044e+09	7.35362e+09	7.80965e+09	7.86151e+09	7.64068e+09	6.8636e+09	7.90797e+09	9.01334e+09	8.37328e+09	8.89736e+09	9.03921e+09	8.82883e+09	9.03499e+09	7.96957e+09	8.81707e+09	7.86718e+09	8.78972e+09	8.77864e+09	7.89195e+09	7.22827e+09	6.01217e+09	8.36226e+09	8.03835e+09	7.38028e+09	7.16703e+09	8.61063e+09	8.24312e+09	9.8521e+09	8.65617e+09	8.66241e+09	9.24331e+09	7.47775e+09	7.36874e+09	7.64624e+09	7.6367e+09	9.11678e+09	9.21963e+09	6.10998e+09	7.04249e+09	7.35264e+09	6.59039e+09	6.96718e+09	7.22631e+09	8.35511e+09	8.01771e+09	8.74369e+09	6.30954e+09	6.03923e+09	6.29275e+09	6.50116e+09	8.25294e+09	8.22564e+09	6.62374e+09	6.74636e+09	7.92398e+09	7.98072e+09	6.68008e+09	7.85646e+09	6.42775e+09	7.82216e+09	7.11771e+09	7.9518e+09	7.81416e+09	7.89213e+09	7.08152e+09	7.88422e+09	8.51199e+09	5.58364e+09	5.64762e+09	6.32263e+09	7.92541e+09	8.24261e+09	7.88994e+09	6.39315e+09	6.3365e+09	6.42384e+09	6.52158e+09	6.11657e+09	6.15364e+09	7.12179e+09	7.13218e+09	6.14985e+09	5.86508e+09	6.17236e+09	5.86339e+09	5.89565e+09	5.99633e+09	6.47376e+09	6.52803e+09	5.90513e+09	6.465e+09
