	ERR629982	ERR629983	ERR629986	ERR629984	ERR629985	ERR629987	ERR617660	ERR617657	ERR617656	ERR617659	ERR617658	ERR617655	ERR612225	ERR612224	ERR612221	ERR612223	ERR612226	ERR612222	ERR636787	ERR636789	ERR636788	ERR636790	ERR636792	ERR636791	ERR612254	ERR612251	ERR612252	ERR612253	ERR612255	ERR612256	ERR635317	ERR635320	ERR635318	ERR635319	ERR635316	ERR635321	ERR622178	ERR622176	ERR622177	ERR622175	ERR622173	ERR622174	ERR636946	ERR636947	ERR636943	ERR636948	ERR636945	ERR636944	ERR612191	ERR612192	ERR612195	ERR612194	ERR612193	ERR612196	ERR608822	ERR608821	ERR608817	ERR608819	ERR608820	ERR608818	ERR612217	ERR612218	ERR612215	ERR612220	ERR612219	ERR612216	ERR613562	ERR613557	ERR613559	ERR613560	ERR613561	ERR613558	ERR626922	ERR626925	ERR626921	ERR626924	ERR626926	ERR626923	ERR618440	ERR618437	ERR618435	ERR618436	ERR618439	ERR618438	ERR613007	ERR613006	ERR613008	ERR613005	ERR613010	ERR613009	ERR612958	ERR612962	ERR612961	ERR612960	ERR612959	ERR612957
ERR629982	7.64982e+09	6.70419e+09	6.54564e+09	7.33172e+09	6.65876e+09	6.61232e+09	6.78075e+09	5.23927e+09	3.54797e+09	6.85831e+09	6.88045e+09	6.74916e+09	5.74155e+09	6.61494e+09	7.62645e+09	7.40719e+09	6.51709e+09	7.3955e+09	6.66733e+09	6.91995e+09	6.94413e+09	7.07664e+09	7.1566e+09	7.09887e+09	6.66746e+09	6.88254e+09	6.67745e+09	6.69196e+09	5.80578e+09	6.48803e+09	7.41875e+09	7.08938e+09	7.63022e+09	7.10537e+09	7.20657e+09	7.08315e+09	6.36563e+09	6.2896e+09	6.31523e+09	7.6165e+09	7.34173e+09	7.66574e+09	7.15933e+09	7.16529e+09	6.59868e+09	7.19551e+09	6.92539e+09	6.91993e+09	7.27788e+09	7.06008e+09	6.25137e+09	7.05037e+09	7.07296e+09	6.90253e+09	5.45885e+09	5.67092e+09	5.23308e+09	7.08358e+09	5.57602e+09	6.76728e+09	7.66243e+09	7.72865e+09	7.87518e+09	7.58037e+09	6.89213e+09	7.66451e+09	6.02826e+09	7.39112e+09	7.36884e+09	6.06262e+09	6.07851e+09	7.36365e+09	5.49995e+09	6.54523e+09	6.26383e+09	5.71718e+09	6.46493e+09	6.29789e+09	7.37385e+09	7.1251e+09	7.52158e+09	6.70674e+09	7.31369e+09	7.18022e+09	7.30284e+09	7.27833e+09	5.23393e+09	7.74141e+09	5.32025e+09	5.45649e+09	5.47234e+09	5.81168e+09	5.60886e+09	5.88464e+09	6.82019e+09	7.25638e+09
ERR629983	6.70419e+09	6.30209e+09	5.96854e+09	6.63285e+09	6.06597e+09	6.02605e+09	6.14268e+09	4.79402e+09	3.27366e+09	6.20963e+09	6.22891e+09	6.10833e+09	5.23798e+09	6.0042e+09	6.87667e+09	6.69064e+09	5.91856e+09	6.68229e+09	6.02179e+09	6.241e+09	6.25845e+09	6.37677e+09	6.44509e+09	6.39496e+09	6.01934e+09	6.20264e+09	6.02867e+09	6.0395e+09	5.26984e+09	5.86326e+09	6.71803e+09	6.43995e+09	6.89892e+09	6.45414e+09	6.53859e+09	6.43411e+09	5.77851e+09	5.7128e+09	5.73458e+09	6.86577e+09	6.62912e+09	6.90463e+09	6.44621e+09	6.4513e+09	5.95972e+09	6.47656e+09	6.24474e+09	6.23554e+09	6.59426e+09	6.41005e+09	5.70557e+09	6.40093e+09	6.42053e+09	6.2726e+09	5.01338e+09	5.19965e+09	4.81563e+09	6.41909e+09	5.11668e+09	6.15243e+09	6.92269e+09	6.97847e+09	7.10057e+09	6.85193e+09	6.26182e+09	6.92636e+09	5.51173e+09	6.69496e+09	6.67566e+09	5.54129e+09	5.55575e+09	6.67116e+09	5.00487e+09	5.91541e+09	5.66786e+09	5.19494e+09	5.84589e+09	5.6978e+09	6.66018e+09	6.45273e+09	6.78936e+09	6.09536e+09	6.60919e+09	6.49478e+09	6.61358e+09	6.5923e+09	4.81633e+09	6.98315e+09	4.89417e+09	5.01435e+09	5.02241e+09	5.31835e+09	5.14106e+09	5.38232e+09	6.19726e+09	6.56781e+09
ERR629986	6.54564e+09	5.96854e+09	6.05303e+09	6.47801e+09	5.94726e+09	5.90974e+09	6.01031e+09	4.69821e+09	3.22743e+09	6.07611e+09	6.0935e+09	5.96572e+09	5.14838e+09	5.89363e+09	6.73185e+09	6.55632e+09	5.81007e+09	6.55054e+09	5.90425e+09	6.11709e+09	6.12941e+09	6.24903e+09	6.31436e+09	6.26673e+09	5.88984e+09	6.06409e+09	5.90155e+09	5.91088e+09	5.16249e+09	5.73815e+09	6.58596e+09	6.32676e+09	6.75709e+09	6.34046e+09	6.42077e+09	6.32109e+09	5.64699e+09	5.58363e+09	5.60436e+09	6.71346e+09	6.48484e+09	6.74656e+09	6.31576e+09	6.32085e+09	5.84157e+09	6.34445e+09	6.11896e+09	6.10562e+09	6.46373e+09	6.29154e+09	5.60631e+09	6.28058e+09	6.30012e+09	6.15606e+09	4.91735e+09	5.09754e+09	4.73841e+09	6.27457e+09	5.01675e+09	6.02192e+09	6.77446e+09	6.82712e+09	6.94074e+09	6.70443e+09	6.13393e+09	6.77945e+09	5.40657e+09	6.56092e+09	6.5419e+09	5.43573e+09	5.44967e+09	6.53696e+09	4.91688e+09	5.80143e+09	5.55555e+09	5.10093e+09	5.73326e+09	5.5858e+09	6.49662e+09	6.30303e+09	6.62559e+09	5.96062e+09	6.44616e+09	6.33629e+09	6.4675e+09	6.44712e+09	4.72659e+09	6.82029e+09	4.80544e+09	4.92068e+09	4.92834e+09	5.20777e+09	5.03646e+09	5.27019e+09	6.06645e+09	6.42144e+09
ERR629984	7.33172e+09	6.63285e+09	6.47801e+09	7.48e+09	6.58894e+09	6.54283e+09	6.70504e+09	5.18698e+09	3.51513e+09	6.78085e+09	6.80237e+09	6.67343e+09	5.68469e+09	6.54557e+09	7.53995e+09	7.32392e+09	6.44898e+09	7.31304e+09	6.59237e+09	6.84084e+09	6.86488e+09	6.99523e+09	7.07377e+09	7.01642e+09	6.59325e+09	6.80448e+09	6.60274e+09	6.61673e+09	5.74526e+09	6.41655e+09	7.33735e+09	7.01371e+09	7.5454e+09	7.02911e+09	7.12865e+09	7.00689e+09	6.2978e+09	6.22321e+09	6.24778e+09	7.52876e+09	7.25837e+09	7.57721e+09	7.07575e+09	7.08152e+09	6.52418e+09	7.11156e+09	6.84583e+09	6.84045e+09	7.1994e+09	6.98548e+09	6.18869e+09	6.97619e+09	6.99776e+09	6.83008e+09	5.40573e+09	5.61456e+09	5.18244e+09	7.00451e+09	5.52164e+09	6.69352e+09	7.57581e+09	7.64083e+09	7.78454e+09	7.49541e+09	6.81885e+09	7.5786e+09	5.96865e+09	7.30999e+09	7.28812e+09	6.0025e+09	6.01841e+09	7.28346e+09	5.44284e+09	6.47251e+09	6.1958e+09	5.65764e+09	6.394e+09	6.22932e+09	7.28692e+09	7.04379e+09	7.43274e+09	6.63228e+09	7.22847e+09	7.09665e+09	7.22037e+09	7.19693e+09	5.18431e+09	7.65185e+09	5.27052e+09	5.40394e+09	5.42036e+09	5.75423e+09	5.55508e+09	5.82663e+09	6.74768e+09	7.17635e+09
ERR629985	6.65876e+09	6.06597e+09	5.94726e+09	6.58894e+09	6.24495e+09	6.00376e+09	6.1094e+09	4.76847e+09	3.26979e+09	6.17719e+09	6.19514e+09	6.0666e+09	5.22944e+09	5.99093e+09	6.84906e+09	6.6688e+09	5.90503e+09	6.66222e+09	6.00379e+09	6.22131e+09	6.2351e+09	6.35659e+09	6.42349e+09	6.37444e+09	5.99073e+09	6.16971e+09	6.00285e+09	6.01259e+09	5.24717e+09	5.83568e+09	6.69621e+09	6.42926e+09	6.87232e+09	6.44328e+09	6.52613e+09	6.42347e+09	5.74044e+09	5.67514e+09	5.69646e+09	6.83098e+09	6.59662e+09	6.86519e+09	6.42508e+09	6.4306e+09	5.94056e+09	6.45557e+09	6.22434e+09	6.21183e+09	6.57292e+09	6.39554e+09	5.69474e+09	6.38459e+09	6.40416e+09	6.25713e+09	4.98835e+09	5.17313e+09	4.80414e+09	6.38003e+09	5.0905e+09	6.11985e+09	6.89117e+09	6.94558e+09	7.06299e+09	6.81965e+09	6.23496e+09	6.89611e+09	5.48936e+09	6.67165e+09	6.6522e+09	5.51967e+09	5.53352e+09	6.64671e+09	4.99461e+09	5.89947e+09	5.6492e+09	5.18297e+09	5.82971e+09	5.67946e+09	6.60891e+09	6.4091e+09	6.74059e+09	6.05692e+09	6.55693e+09	6.4442e+09	6.5765e+09	6.55578e+09	4.79308e+09	6.93939e+09	4.87299e+09	4.99068e+09	5.00012e+09	5.2877e+09	5.11181e+09	5.35077e+09	6.16617e+09	6.53045e+09
ERR629987	6.61232e+09	6.02605e+09	5.90974e+09	6.54283e+09	6.00376e+09	6.16638e+09	6.06847e+09	4.73909e+09	3.25376e+09	6.13518e+09	6.1532e+09	6.02384e+09	5.19911e+09	5.95419e+09	6.80224e+09	6.62479e+09	5.86919e+09	6.61847e+09	5.96718e+09	6.18238e+09	6.19522e+09	6.31568e+09	6.38246e+09	6.3342e+09	5.95149e+09	6.1283e+09	5.96354e+09	5.97264e+09	5.21415e+09	5.79791e+09	6.65484e+09	6.39138e+09	6.82824e+09	6.40543e+09	6.48702e+09	6.38614e+09	5.70243e+09	5.63774e+09	5.65927e+09	6.78417e+09	6.5527e+09	6.81718e+09	6.38315e+09	6.38832e+09	5.90368e+09	6.41293e+09	6.18416e+09	6.17121e+09	6.53058e+09	6.35574e+09	5.66123e+09	6.34482e+09	6.36418e+09	6.21795e+09	4.95855e+09	5.14235e+09	4.77885e+09	6.33668e+09	5.05939e+09	6.07894e+09	6.84596e+09	6.89913e+09	7.01461e+09	6.77442e+09	6.19552e+09	6.85031e+09	5.45635e+09	6.62764e+09	6.60861e+09	5.48564e+09	5.5e+09	6.60323e+09	4.96554e+09	5.86188e+09	5.61308e+09	5.15192e+09	5.79317e+09	5.64339e+09	6.56e+09	6.36358e+09	6.69025e+09	6.01521e+09	6.50939e+09	6.39754e+09	6.5316e+09	6.51091e+09	4.76683e+09	6.89025e+09	4.84547e+09	4.96256e+09	4.96959e+09	5.2532e+09	5.07939e+09	5.31593e+09	6.12456e+09	6.48499e+09
ERR617660	6.78075e+09	6.14268e+09	6.01031e+09	6.70504e+09	6.1094e+09	6.06847e+09	7.2668e+09	5.42133e+09	3.68442e+09	7.09759e+09	7.116e+09	6.97662e+09	5.68227e+09	6.55391e+09	7.57569e+09	7.36262e+09	6.45693e+09	7.3447e+09	6.8189e+09	7.09008e+09	7.11237e+09	7.26398e+09	7.3509e+09	7.29072e+09	6.87619e+09	7.092e+09	6.87976e+09	6.90091e+09	5.97913e+09	6.68808e+09	6.84606e+09	6.54582e+09	7.03678e+09	6.56237e+09	6.65263e+09	6.54281e+09	6.37863e+09	6.30455e+09	6.32858e+09	7.63125e+09	7.35362e+09	7.67386e+09	7.36919e+09	7.37471e+09	6.76784e+09	7.4075e+09	7.1143e+09	7.10212e+09	6.78678e+09	6.58877e+09	5.83889e+09	6.5799e+09	6.60313e+09	6.44203e+09	5.07178e+09	5.26449e+09	4.87789e+09	6.55338e+09	5.17733e+09	6.26948e+09	7.09715e+09	7.15704e+09	7.28772e+09	7.01947e+09	6.38214e+09	7.09845e+09	5.56623e+09	6.81666e+09	6.79622e+09	5.59756e+09	5.61296e+09	6.78993e+09	5.60121e+09	6.68932e+09	6.38694e+09	5.82963e+09	6.60543e+09	6.42206e+09	6.80865e+09	6.58086e+09	6.94715e+09	6.19144e+09	6.75088e+09	6.62811e+09	6.73821e+09	6.71599e+09	4.84491e+09	7.14377e+09	4.92416e+09	5.04794e+09	5.12968e+09	5.43887e+09	5.25157e+09	5.50673e+09	6.38035e+09	6.78613e+09
ERR617657	5.23927e+09	4.79402e+09	4.69821e+09	5.18698e+09	4.76847e+09	4.73909e+09	5.42133e+09	4.49552e+09	2.98314e+09	5.477e+09	5.4898e+09	5.40278e+09	4.4482e+09	5.07134e+09	5.78511e+09	5.63643e+09	5.00297e+09	5.62269e+09	5.25594e+09	5.4434e+09	5.4611e+09	5.56407e+09	5.62409e+09	5.58209e+09	5.30221e+09	5.45314e+09	5.30308e+09	5.31909e+09	4.67474e+09	5.17153e+09	5.25978e+09	5.04204e+09	5.39477e+09	5.05388e+09	5.12093e+09	5.04013e+09	4.97974e+09	4.92848e+09	4.9448e+09	5.83184e+09	5.64286e+09	5.8639e+09	5.63692e+09	5.64023e+09	5.22064e+09	5.66333e+09	5.46044e+09	5.45497e+09	5.2198e+09	5.07628e+09	4.54623e+09	5.07189e+09	5.0882e+09	4.97518e+09	4.03414e+09	4.17312e+09	3.88111e+09	5.07905e+09	4.11085e+09	4.88034e+09	5.44428e+09	5.48625e+09	5.57759e+09	5.39089e+09	4.94617e+09	5.44367e+09	4.37084e+09	5.24536e+09	5.23149e+09	4.39382e+09	4.40472e+09	5.22791e+09	4.38962e+09	5.16042e+09	4.95167e+09	4.55526e+09	5.10209e+09	4.97663e+09	5.26335e+09	5.10265e+09	5.35648e+09	4.82993e+09	5.22273e+09	5.13823e+09	5.2048e+09	5.18951e+09	3.86649e+09	5.48703e+09	3.92353e+09	4.01398e+09	4.06931e+09	4.29811e+09	4.16243e+09	4.34629e+09	4.95656e+09	5.24122e+09
ERR617656	3.54797e+09	3.27366e+09	3.22743e+09	3.51513e+09	3.26979e+09	3.25376e+09	3.68442e+09	2.98314e+09	2.28346e+09	3.72042e+09	3.72755e+09	3.65298e+09	3.08691e+09	3.48175e+09	3.91946e+09	3.83522e+09	3.43751e+09	3.82887e+09	3.6006e+09	3.71871e+09	3.72153e+09	3.7949e+09	3.83203e+09	3.80638e+09	3.60728e+09	3.69711e+09	3.61257e+09	3.6205e+09	3.20785e+09	3.52373e+09	3.59372e+09	3.47032e+09	3.67484e+09	3.47828e+09	3.51764e+09	3.46928e+09	3.37991e+09	3.34827e+09	3.3577e+09	3.94108e+09	3.82319e+09	3.95246e+09	3.84123e+09	3.84371e+09	3.57571e+09	3.85662e+09	3.72862e+09	3.71603e+09	3.5633e+09	3.48241e+09	3.14048e+09	3.47503e+09	3.48778e+09	3.41359e+09	2.79144e+09	2.87812e+09	2.72408e+09	3.44825e+09	2.83887e+09	3.33114e+09	3.69781e+09	3.72147e+09	3.77402e+09	3.66077e+09	3.37895e+09	3.69923e+09	3.01223e+09	3.58347e+09	3.57441e+09	3.02714e+09	3.03427e+09	3.57114e+09	3.04679e+09	3.53354e+09	3.39198e+09	3.14873e+09	3.49556e+09	3.40867e+09	3.55372e+09	3.46218e+09	3.61879e+09	3.2926e+09	3.52696e+09	3.47389e+09	3.53858e+09	3.52863e+09	2.69208e+09	3.70984e+09	2.73079e+09	2.78661e+09	2.818e+09	2.95029e+09	2.86574e+09	2.98195e+09	3.38202e+09	3.55512e+09
ERR617659	6.85831e+09	6.20963e+09	6.07611e+09	6.78085e+09	6.17719e+09	6.13518e+09	7.09759e+09	5.477e+09	3.72042e+09	7.43751e+09	7.19987e+09	7.05741e+09	5.74554e+09	6.63075e+09	7.66889e+09	7.45213e+09	6.5318e+09	7.43482e+09	6.89968e+09	7.17515e+09	7.19768e+09	7.35257e+09	7.44108e+09	7.37893e+09	6.95853e+09	7.17858e+09	6.96342e+09	6.98414e+09	6.04606e+09	6.76734e+09	6.92565e+09	6.6214e+09	7.11914e+09	6.63777e+09	6.72971e+09	6.61814e+09	6.44904e+09	6.37435e+09	6.39796e+09	7.72333e+09	7.44119e+09	7.76655e+09	7.46037e+09	7.46593e+09	6.84767e+09	7.49902e+09	7.20054e+09	7.18839e+09	6.86711e+09	6.66633e+09	5.90418e+09	6.65715e+09	6.68069e+09	6.51682e+09	5.12179e+09	5.31771e+09	4.92672e+09	6.62671e+09	5.22871e+09	6.33843e+09	7.18032e+09	7.24195e+09	7.37416e+09	7.10192e+09	6.45352e+09	7.18224e+09	5.62475e+09	6.89598e+09	6.87506e+09	5.65681e+09	5.67192e+09	6.86938e+09	5.66367e+09	6.76825e+09	6.46082e+09	5.89507e+09	6.68257e+09	6.49705e+09	6.8874e+09	6.65547e+09	7.02827e+09	6.26086e+09	6.82826e+09	6.70349e+09	6.81439e+09	6.79253e+09	4.89198e+09	7.22763e+09	4.97251e+09	5.09726e+09	5.18189e+09	5.49468e+09	5.30454e+09	5.56358e+09	6.45138e+09	6.86399e+09
ERR617658	6.88045e+09	6.22891e+09	6.0935e+09	6.80237e+09	6.19514e+09	6.1532e+09	7.116e+09	5.4898e+09	3.72755e+09	7.19987e+09	7.47538e+09	7.07628e+09	5.7584e+09	6.64602e+09	7.68877e+09	7.47068e+09	6.5472e+09	7.45305e+09	6.91417e+09	7.1916e+09	7.2139e+09	7.3687e+09	7.45802e+09	7.39562e+09	6.97447e+09	7.19483e+09	6.97856e+09	6.99939e+09	6.05968e+09	6.78232e+09	6.94452e+09	6.63904e+09	7.13965e+09	6.65542e+09	6.74763e+09	6.63547e+09	6.46655e+09	6.39147e+09	6.4153e+09	7.74453e+09	7.46114e+09	7.78892e+09	7.47665e+09	7.48268e+09	6.86267e+09	7.51633e+09	7.21661e+09	7.20421e+09	6.88637e+09	6.68429e+09	5.92007e+09	6.67517e+09	6.69862e+09	6.53384e+09	5.1367e+09	5.33334e+09	4.9397e+09	6.64755e+09	5.24368e+09	6.35727e+09	7.20157e+09	7.26263e+09	7.39616e+09	7.12225e+09	6.47208e+09	7.20238e+09	5.6408e+09	6.91535e+09	6.89493e+09	5.67304e+09	5.6887e+09	6.8883e+09	5.67456e+09	6.78294e+09	6.47465e+09	5.90683e+09	6.6963e+09	6.51062e+09	6.9099e+09	6.67633e+09	7.05154e+09	6.27958e+09	6.8508e+09	6.72522e+09	6.83538e+09	6.81288e+09	4.90674e+09	7.25022e+09	4.98701e+09	5.11254e+09	5.19687e+09	5.51099e+09	5.32095e+09	5.58056e+09	6.47107e+09	6.88491e+09
ERR617655	6.74916e+09	6.10833e+09	5.96572e+09	6.67343e+09	6.0666e+09	6.02384e+09	6.97662e+09	5.40278e+09	3.65298e+09	7.05741e+09	7.07628e+09	7.21282e+09	5.627e+09	6.4931e+09	7.51989e+09	7.30051e+09	6.39739e+09	7.27909e+09	6.75862e+09	7.02704e+09	7.05786e+09	7.20062e+09	7.28854e+09	7.22713e+09	6.8343e+09	7.05335e+09	6.83269e+09	6.85711e+09	5.94266e+09	6.64716e+09	6.77881e+09	6.46751e+09	6.97198e+09	6.48297e+09	6.57598e+09	6.46377e+09	6.363e+09	6.28856e+09	6.31261e+09	7.58543e+09	7.30975e+09	7.6378e+09	7.3067e+09	7.31152e+09	6.7108e+09	7.34558e+09	7.05247e+09	7.04981e+09	6.72374e+09	6.5186e+09	5.77851e+09	6.51423e+09	6.53533e+09	6.37714e+09	5.04577e+09	5.23829e+09	4.83581e+09	6.52316e+09	5.15124e+09	6.23369e+09	7.04303e+09	7.10453e+09	7.2385e+09	6.96855e+09	6.3343e+09	7.03975e+09	5.52434e+09	6.75152e+09	6.73225e+09	5.55568e+09	5.57073e+09	6.72715e+09	5.54777e+09	6.62893e+09	6.3359e+09	5.77674e+09	6.54646e+09	6.3712e+09	6.78753e+09	6.55111e+09	6.91735e+09	6.16058e+09	6.73021e+09	6.6083e+09	6.69392e+09	6.67274e+09	4.81864e+09	7.10587e+09	4.8942e+09	5.01817e+09	5.09947e+09	5.41612e+09	5.22888e+09	5.48282e+09	6.33977e+09	6.74938e+09
ERR612225	5.74155e+09	5.23798e+09	5.14838e+09	5.68469e+09	5.22944e+09	5.19911e+09	5.68227e+09	4.4482e+09	3.08691e+09	5.74554e+09	5.7584e+09	5.627e+09	5.47692e+09	6.01082e+09	6.71226e+09	6.57012e+09	5.93542e+09	6.56172e+09	6.03177e+09	6.21051e+09	6.22366e+09	6.32091e+09	6.37524e+09	6.33642e+09	5.99033e+09	6.14831e+09	6.00121e+09	6.00697e+09	5.27238e+09	5.84265e+09	6.11074e+09	5.91818e+09	6.23316e+09	5.92868e+09	5.98779e+09	5.9155e+09	5.46723e+09	5.40743e+09	5.42824e+09	6.50859e+09	6.29801e+09	6.52993e+09	6.37874e+09	6.38324e+09	5.95148e+09	6.40349e+09	6.20507e+09	6.19283e+09	6.08675e+09	5.95061e+09	5.35474e+09	5.94115e+09	5.95596e+09	5.83666e+09	4.36952e+09	4.52687e+09	4.23308e+09	5.5641e+09	4.45422e+09	5.34258e+09	6.24237e+09	6.28292e+09	6.37315e+09	6.18173e+09	5.68158e+09	6.24613e+09	4.96526e+09	6.02591e+09	6.01107e+09	4.99714e+09	5.00733e+09	5.99981e+09	5.03347e+09	5.90589e+09	5.66358e+09	5.21581e+09	5.84094e+09	5.693e+09	5.56997e+09	5.40738e+09	5.69579e+09	5.11482e+09	5.5262e+09	5.43059e+09	5.73463e+09	5.71722e+09	4.18024e+09	6.05528e+09	4.25505e+09	4.35133e+09	4.45502e+09	4.68585e+09	4.53456e+09	4.74284e+09	5.48081e+09	5.7981e+09
ERR612224	6.61494e+09	6.0042e+09	5.89363e+09	6.54557e+09	5.99093e+09	5.95419e+09	6.55391e+09	5.07134e+09	3.48175e+09	6.63075e+09	6.64602e+09	6.4931e+09	6.01082e+09	7.08627e+09	7.7737e+09	7.59325e+09	6.78675e+09	7.58228e+09	6.9247e+09	7.15017e+09	7.16692e+09	7.28923e+09	7.35787e+09	7.30863e+09	6.87705e+09	7.07491e+09	6.88942e+09	6.89722e+09	5.99905e+09	6.69401e+09	7.0263e+09	6.78434e+09	7.18132e+09	6.79687e+09	6.87149e+09	6.78111e+09	6.26138e+09	6.18921e+09	6.21399e+09	7.52564e+09	7.26422e+09	7.55388e+09	7.36164e+09	7.36761e+09	6.82665e+09	7.3939e+09	7.14314e+09	7.12867e+09	6.99146e+09	6.82003e+09	6.07945e+09	6.80713e+09	6.82629e+09	6.67623e+09	4.96572e+09	5.15317e+09	4.80318e+09	6.40107e+09	5.0672e+09	6.13353e+09	7.19062e+09	7.24146e+09	7.35574e+09	7.11438e+09	6.49319e+09	7.19499e+09	5.63782e+09	6.92105e+09	6.903e+09	5.67604e+09	5.68901e+09	6.88959e+09	5.7096e+09	6.77262e+09	6.47518e+09	5.9282e+09	6.69086e+09	6.51089e+09	6.45356e+09	6.25331e+09	6.60124e+09	5.89859e+09	6.3997e+09	6.2836e+09	6.5998e+09	6.57886e+09	4.74252e+09	6.98894e+09	4.82868e+09	4.94425e+09	5.05711e+09	5.33417e+09	5.1537e+09	5.4028e+09	6.28362e+09	6.66986e+09
ERR612221	7.62645e+09	6.87667e+09	6.73185e+09	7.53995e+09	6.84906e+09	6.80224e+09	7.57569e+09	5.78511e+09	3.91946e+09	7.66889e+09	7.68877e+09	7.51989e+09	6.71226e+09	7.7737e+09	9.23648e+09	8.71551e+09	7.65482e+09	8.69971e+09	7.85742e+09	8.15287e+09	8.17835e+09	8.33792e+09	8.42949e+09	8.36404e+09	7.85777e+09	8.11095e+09	7.86967e+09	7.88407e+09	6.79068e+09	7.63342e+09	7.99231e+09	7.67191e+09	8.19844e+09	7.6879e+09	7.78674e+09	7.66665e+09	7.14405e+09	7.05689e+09	7.08545e+09	8.66759e+09	8.33846e+09	8.7115e+09	8.43609e+09	8.44378e+09	7.75155e+09	8.47947e+09	8.15194e+09	8.13839e+09	7.9457e+09	7.72119e+09	6.81456e+09	7.70598e+09	7.73096e+09	7.54206e+09	5.63446e+09	5.85787e+09	5.42926e+09	7.36547e+09	5.75568e+09	7.03476e+09	8.22561e+09	8.2931e+09	8.44537e+09	8.13143e+09	7.36539e+09	8.23072e+09	6.36131e+09	7.89011e+09	7.86593e+09	6.4038e+09	6.41994e+09	7.85433e+09	6.39693e+09	7.68012e+09	7.32037e+09	6.65906e+09	7.57942e+09	7.3631e+09	7.54238e+09	7.28715e+09	7.71558e+09	6.84556e+09	7.47694e+09	7.33209e+09	7.60387e+09	7.57911e+09	5.37794e+09	8.08382e+09	5.4748e+09	5.61396e+09	5.7323e+09	6.07313e+09	5.85825e+09	6.15507e+09	7.20128e+09	7.67719e+09
ERR612223	7.40719e+09	6.69064e+09	6.55632e+09	7.32392e+09	6.6688e+09	6.62479e+09	7.36262e+09	5.63643e+09	3.83522e+09	7.45213e+09	7.47068e+09	7.30051e+09	6.57012e+09	7.59325e+09	8.71551e+09	8.74472e+09	7.47887e+09	8.47214e+09	7.67095e+09	7.95043e+09	7.97148e+09	8.12596e+09	8.21205e+09	8.15077e+09	7.65217e+09	7.89043e+09	7.66406e+09	7.67799e+09	6.6259e+09	7.43612e+09	7.79323e+09	7.49204e+09	7.98585e+09	7.50818e+09	7.60104e+09	7.48828e+09	6.95494e+09	6.87115e+09	6.89919e+09	8.42651e+09	8.11303e+09	8.46441e+09	8.21695e+09	8.22478e+09	7.56384e+09	8.25775e+09	7.9466e+09	7.92991e+09	7.74708e+09	7.53626e+09	6.66338e+09	7.52139e+09	7.54613e+09	7.36368e+09	5.49272e+09	5.70848e+09	5.3034e+09	7.15849e+09	5.60942e+09	6.84409e+09	8.00851e+09	8.07075e+09	8.2122e+09	7.91635e+09	7.18183e+09	8.01269e+09	6.2085e+09	7.68757e+09	7.66448e+09	6.25e+09	6.26574e+09	7.65219e+09	6.25975e+09	7.49602e+09	7.14683e+09	6.51194e+09	7.39936e+09	7.18876e+09	7.30376e+09	7.06426e+09	7.47234e+09	6.64192e+09	7.24073e+09	7.1033e+09	7.39024e+09	7.36584e+09	5.24529e+09	7.84795e+09	5.34003e+09	5.47431e+09	5.59071e+09	5.91552e+09	5.70824e+09	5.99462e+09	7.00885e+09	7.46305e+09
ERR612226	6.51709e+09	5.91856e+09	5.81007e+09	6.44898e+09	5.90503e+09	5.86919e+09	6.45693e+09	5.00297e+09	3.43751e+09	6.5318e+09	6.5472e+09	6.39739e+09	5.93542e+09	6.78675e+09	7.65482e+09	7.47887e+09	6.89502e+09	7.4676e+09	6.82443e+09	7.04444e+09	7.06101e+09	7.18034e+09	7.247e+09	7.19923e+09	6.78006e+09	6.97406e+09	6.79236e+09	6.80037e+09	5.92116e+09	6.60174e+09	6.92297e+09	6.6857e+09	7.07396e+09	6.69837e+09	6.77105e+09	6.68274e+09	6.17453e+09	6.10383e+09	6.12836e+09	7.4123e+09	7.15712e+09	7.44022e+09	7.25122e+09	7.25664e+09	6.72927e+09	7.28216e+09	7.03828e+09	7.02386e+09	6.89127e+09	6.72381e+09	6.00054e+09	6.71185e+09	6.73062e+09	6.58433e+09	4.89947e+09	5.08355e+09	4.73902e+09	6.30706e+09	4.99875e+09	6.04486e+09	7.08536e+09	7.13517e+09	7.24684e+09	7.01136e+09	6.40463e+09	7.08974e+09	5.5644e+09	6.82124e+09	6.80298e+09	5.60118e+09	5.61396e+09	6.79018e+09	5.63495e+09	6.67611e+09	6.38539e+09	5.85025e+09	6.5969e+09	6.4206e+09	6.3533e+09	6.15716e+09	6.49848e+09	5.80892e+09	6.30079e+09	6.18685e+09	6.50341e+09	6.48256e+09	4.68022e+09	6.88457e+09	4.76527e+09	4.8784e+09	4.99051e+09	5.26389e+09	5.0869e+09	5.33145e+09	6.19547e+09	6.57324e+09
ERR612222	7.3955e+09	6.68229e+09	6.55054e+09	7.31304e+09	6.66222e+09	6.61847e+09	7.3447e+09	5.62269e+09	3.82887e+09	7.43482e+09	7.45305e+09	7.27909e+09	6.56172e+09	7.58228e+09	8.69971e+09	8.47214e+09	7.4676e+09	8.71636e+09	7.6542e+09	7.93454e+09	7.95414e+09	8.10861e+09	8.19476e+09	8.13353e+09	7.634e+09	7.87233e+09	7.64943e+09	7.65991e+09	6.61085e+09	7.41933e+09	7.78579e+09	7.48928e+09	7.97849e+09	7.50505e+09	7.59654e+09	7.48476e+09	6.93696e+09	6.85275e+09	6.88007e+09	8.40856e+09	8.09579e+09	8.44516e+09	8.20038e+09	8.20822e+09	7.54821e+09	8.24107e+09	7.93086e+09	7.91327e+09	7.7406e+09	7.53275e+09	6.65903e+09	7.51564e+09	7.5396e+09	7.35781e+09	5.48596e+09	5.70079e+09	5.29853e+09	7.14618e+09	5.60194e+09	6.83353e+09	7.99624e+09	8.05895e+09	8.2006e+09	7.90468e+09	7.17191e+09	8.00344e+09	6.20344e+09	7.68159e+09	7.65868e+09	6.24521e+09	6.26023e+09	7.64678e+09	6.24944e+09	7.48168e+09	7.13249e+09	6.5005e+09	7.38504e+09	7.17401e+09	7.29227e+09	7.05466e+09	7.46275e+09	6.63529e+09	7.22909e+09	7.09163e+09	7.38047e+09	7.35644e+09	5.23831e+09	7.8348e+09	5.33426e+09	5.46727e+09	5.58444e+09	5.90619e+09	5.69947e+09	5.98524e+09	6.99853e+09	7.45026e+09
ERR636787	6.66733e+09	6.02179e+09	5.90425e+09	6.59237e+09	6.00379e+09	5.96718e+09	6.8189e+09	5.25594e+09	3.6006e+09	6.89968e+09	6.91417e+09	6.75862e+09	6.03177e+09	6.9247e+09	7.85742e+09	7.67095e+09	6.82443e+09	7.6542e+09	7.60185e+09	7.6452e+09	7.66483e+09	7.79907e+09	7.87725e+09	7.82447e+09	7.21777e+09	7.4309e+09	7.22801e+09	7.23963e+09	6.27722e+09	7.02154e+09	7.10996e+09	6.84786e+09	7.27195e+09	6.86183e+09	6.94149e+09	6.84513e+09	6.46328e+09	6.38997e+09	6.41519e+09	7.79631e+09	7.51781e+09	7.82624e+09	7.84018e+09	7.84763e+09	7.25078e+09	7.87809e+09	7.59791e+09	7.58384e+09	6.98601e+09	6.80355e+09	6.03123e+09	6.78929e+09	6.81135e+09	6.65215e+09	4.93794e+09	5.13088e+09	4.77646e+09	6.44049e+09	5.04195e+09	6.1585e+09	7.20507e+09	7.25872e+09	7.38239e+09	7.12312e+09	6.46863e+09	7.20988e+09	5.59112e+09	6.92834e+09	6.9086e+09	5.62989e+09	5.64229e+09	6.89514e+09	6.00553e+09	7.15446e+09	6.83391e+09	6.24045e+09	7.06546e+09	6.8714e+09	6.48643e+09	6.2747e+09	6.64104e+09	5.89749e+09	6.4291e+09	6.30728e+09	6.60326e+09	6.58095e+09	4.67325e+09	7.01489e+09	4.7594e+09	4.87838e+09	5.00644e+09	5.28815e+09	5.10351e+09	5.36108e+09	6.2797e+09	6.68584e+09
ERR636789	6.91995e+09	6.241e+09	6.11709e+09	6.84084e+09	6.22131e+09	6.18238e+09	7.09008e+09	5.4434e+09	3.71871e+09	7.17515e+09	7.1916e+09	7.02704e+09	6.21051e+09	7.15017e+09	8.15287e+09	7.95043e+09	7.04444e+09	7.93454e+09	7.6452e+09	8.14296e+09	7.93676e+09	8.0855e+09	8.1707e+09	8.11255e+09	7.47955e+09	7.70623e+09	7.49019e+09	7.50257e+09	6.48772e+09	7.27166e+09	7.35182e+09	7.07386e+09	7.52666e+09	7.08859e+09	7.17336e+09	7.0702e+09	6.68868e+09	6.61161e+09	6.63718e+09	8.09362e+09	7.79602e+09	8.12497e+09	8.13063e+09	8.13912e+09	7.4971e+09	8.1721e+09	7.86936e+09	7.85322e+09	7.22338e+09	7.03028e+09	6.21632e+09	7.01448e+09	7.03744e+09	6.8689e+09	5.10638e+09	5.30846e+09	4.93681e+09	6.6804e+09	5.21469e+09	6.38397e+09	7.46052e+09	7.51804e+09	7.65021e+09	7.37438e+09	6.68414e+09	7.46649e+09	5.77174e+09	7.17121e+09	7.15089e+09	5.81199e+09	5.82456e+09	7.13772e+09	6.1873e+09	7.39644e+09	7.05647e+09	6.43398e+09	7.30139e+09	7.09545e+09	6.76044e+09	6.53624e+09	6.92319e+09	6.13752e+09	6.69974e+09	6.57034e+09	6.85409e+09	6.83114e+09	4.83247e+09	7.28725e+09	4.92205e+09	5.04677e+09	5.17754e+09	5.47386e+09	5.2805e+09	5.54952e+09	6.51034e+09	6.93726e+09
ERR636788	6.94413e+09	6.25845e+09	6.12941e+09	6.86488e+09	6.2351e+09	6.19522e+09	7.11237e+09	5.4611e+09	3.72153e+09	7.19768e+09	7.2139e+09	7.05786e+09	6.22366e+09	7.16692e+09	8.17835e+09	7.97148e+09	7.06101e+09	7.95414e+09	7.66483e+09	7.93676e+09	8.18643e+09	8.10558e+09	8.19144e+09	8.13274e+09	7.50338e+09	7.73399e+09	7.5126e+09	7.52656e+09	6.50729e+09	7.29496e+09	7.36959e+09	7.08361e+09	7.546e+09	7.09833e+09	7.18509e+09	7.08031e+09	6.71931e+09	6.64098e+09	6.66722e+09	8.1221e+09	7.82357e+09	8.15908e+09	8.15276e+09	8.16059e+09	7.51751e+09	8.19426e+09	7.88991e+09	7.87915e+09	7.24055e+09	7.04289e+09	6.22783e+09	7.02834e+09	7.05143e+09	6.88262e+09	5.12035e+09	5.32347e+09	4.9433e+09	6.70352e+09	5.22983e+09	6.40244e+09	7.48252e+09	7.54142e+09	7.6764e+09	7.39662e+09	6.70353e+09	7.4873e+09	5.78587e+09	7.18632e+09	7.16588e+09	5.82586e+09	5.839e+09	7.15245e+09	6.19999e+09	7.41451e+09	7.07735e+09	6.4487e+09	7.32032e+09	7.11696e+09	6.7848e+09	6.55552e+09	6.9451e+09	6.15398e+09	6.72408e+09	6.59404e+09	6.87235e+09	6.85042e+09	4.84384e+09	7.31137e+09	4.93236e+09	5.0578e+09	5.19005e+09	5.49039e+09	5.2962e+09	5.56652e+09	6.52716e+09	6.95929e+09
ERR636790	7.07664e+09	6.37677e+09	6.24903e+09	6.99523e+09	6.35659e+09	6.31568e+09	7.26398e+09	5.56407e+09	3.7949e+09	7.35257e+09	7.3687e+09	7.20062e+09	6.32091e+09	7.28923e+09	8.33792e+09	8.12596e+09	7.18034e+09	8.10861e+09	7.79907e+09	8.0855e+09	8.10558e+09	8.50226e+09	8.35639e+09	8.29482e+09	7.6439e+09	7.87882e+09	7.65396e+09	7.66815e+09	6.61967e+09	7.42924e+09	7.49972e+09	7.20882e+09	7.68176e+09	7.22371e+09	7.31324e+09	7.20536e+09	6.83227e+09	6.7528e+09	6.7788e+09	8.28059e+09	7.97242e+09	8.31454e+09	8.31413e+09	8.32282e+09	7.65189e+09	8.35771e+09	8.03972e+09	8.02264e+09	7.36831e+09	7.1678e+09	6.32938e+09	7.15168e+09	7.17582e+09	7.00143e+09	5.21242e+09	5.41951e+09	5.03786e+09	6.83204e+09	5.32361e+09	6.52558e+09	7.61956e+09	7.68016e+09	7.81678e+09	7.53027e+09	6.8185e+09	7.62561e+09	5.88273e+09	7.32008e+09	7.29845e+09	5.92337e+09	5.93722e+09	7.28538e+09	6.29962e+09	7.54579e+09	7.19451e+09	6.55357e+09	7.44783e+09	7.23528e+09	6.93294e+09	6.69987e+09	7.09908e+09	6.28692e+09	6.87036e+09	6.73562e+09	7.01131e+09	6.98735e+09	4.93336e+09	7.45931e+09	5.02404e+09	5.15231e+09	5.28462e+09	5.58946e+09	5.39127e+09	5.66732e+09	6.65458e+09	7.09594e+09
ERR636792	7.1566e+09	6.44509e+09	6.31436e+09	7.07377e+09	6.42349e+09	6.38246e+09	7.3509e+09	5.62409e+09	3.83203e+09	7.44108e+09	7.45802e+09	7.28854e+09	6.37524e+09	7.35787e+09	8.42949e+09	8.21205e+09	7.247e+09	8.19476e+09	7.87725e+09	8.1707e+09	8.19144e+09	8.35639e+09	8.69147e+09	8.38598e+09	7.72971e+09	7.96886e+09	7.73915e+09	7.75365e+09	6.6884e+09	7.51062e+09	7.57253e+09	7.27459e+09	7.75926e+09	7.29007e+09	7.3817e+09	7.27044e+09	6.90469e+09	6.82376e+09	6.85022e+09	8.37491e+09	8.061e+09	8.40988e+09	8.40691e+09	8.41584e+09	7.73026e+09	8.45134e+09	8.12529e+09	8.10865e+09	7.43979e+09	7.23533e+09	6.38446e+09	7.21882e+09	7.24373e+09	7.06627e+09	5.26381e+09	5.47407e+09	5.08644e+09	6.90779e+09	5.37638e+09	6.59623e+09	7.69976e+09	7.76161e+09	7.90111e+09	7.60895e+09	6.88548e+09	7.70511e+09	5.93753e+09	7.39422e+09	7.37229e+09	5.97845e+09	5.99276e+09	7.35924e+09	6.35572e+09	7.62048e+09	7.26397e+09	6.61387e+09	7.52119e+09	7.30566e+09	7.02163e+09	6.78265e+09	7.18937e+09	6.3627e+09	6.95675e+09	6.82049e+09	7.08994e+09	7.06626e+09	4.98241e+09	7.54599e+09	5.07433e+09	5.20445e+09	5.3379e+09	5.64751e+09	5.44627e+09	5.72609e+09	6.72719e+09	7.17634e+09
ERR636791	7.09887e+09	6.39496e+09	6.26673e+09	7.01642e+09	6.37444e+09	6.3342e+09	7.29072e+09	5.58209e+09	3.80638e+09	7.37893e+09	7.39562e+09	7.22713e+09	6.33642e+09	7.30863e+09	8.36404e+09	8.15077e+09	7.19923e+09	8.13353e+09	7.82447e+09	8.11255e+09	8.13274e+09	8.29482e+09	8.38598e+09	8.56261e+09	7.67118e+09	7.90686e+09	7.68123e+09	7.69503e+09	6.64111e+09	7.45505e+09	7.52042e+09	7.22769e+09	7.70424e+09	7.24286e+09	7.33285e+09	7.22378e+09	6.85306e+09	6.77309e+09	6.79961e+09	8.3084e+09	7.99835e+09	8.34294e+09	8.34354e+09	8.3526e+09	7.67674e+09	8.38737e+09	8.06644e+09	8.05014e+09	7.3886e+09	7.18656e+09	6.34471e+09	7.17084e+09	7.19509e+09	7.0196e+09	5.22585e+09	5.43393e+09	5.05095e+09	6.85257e+09	5.33743e+09	6.54492e+09	7.64217e+09	7.70346e+09	7.84068e+09	7.55268e+09	6.83753e+09	7.64824e+09	5.89744e+09	7.3405e+09	7.31931e+09	5.938e+09	5.95207e+09	7.30586e+09	6.31703e+09	7.56857e+09	7.21567e+09	6.57237e+09	7.4707e+09	7.25647e+09	6.95775e+09	6.72311e+09	7.12495e+09	6.30841e+09	6.8946e+09	6.75975e+09	7.03324e+09	7.00959e+09	4.9463e+09	7.48333e+09	5.03766e+09	5.16629e+09	5.29908e+09	5.6053e+09	5.40587e+09	5.68312e+09	6.67475e+09	7.11885e+09
ERR612254	6.66746e+09	6.01934e+09	5.88984e+09	6.59325e+09	5.99073e+09	5.95149e+09	6.87619e+09	5.30221e+09	3.60728e+09	6.95853e+09	6.97447e+09	6.8343e+09	5.99033e+09	6.87705e+09	7.85777e+09	7.65217e+09	6.78006e+09	7.634e+09	7.21777e+09	7.47955e+09	7.50338e+09	7.6439e+09	7.72971e+09	7.67118e+09	7.61733e+09	7.59472e+09	7.37485e+09	7.39383e+09	6.40981e+09	7.17426e+09	6.96112e+09	6.67955e+09	7.13812e+09	6.69368e+09	6.77749e+09	6.67663e+09	6.46217e+09	6.38691e+09	6.4119e+09	7.76287e+09	7.48275e+09	7.80216e+09	7.74618e+09	7.75362e+09	7.14835e+09	7.7855e+09	7.49615e+09	7.48843e+09	6.96186e+09	6.76935e+09	6.009e+09	6.76148e+09	6.78186e+09	6.62533e+09	4.94052e+09	5.1348e+09	4.75642e+09	6.44326e+09	5.04597e+09	6.15408e+09	7.21352e+09	7.27363e+09	7.40024e+09	7.13741e+09	6.48623e+09	7.21637e+09	5.59804e+09	6.90979e+09	6.89097e+09	5.63494e+09	5.64976e+09	6.88168e+09	5.9025e+09	7.04064e+09	6.72677e+09	6.14182e+09	6.95335e+09	6.76323e+09	6.58039e+09	6.35244e+09	6.72692e+09	5.96759e+09	6.52427e+09	6.39812e+09	6.65771e+09	6.63515e+09	4.71859e+09	7.07574e+09	4.80248e+09	4.92399e+09	5.06489e+09	5.37054e+09	5.17968e+09	5.44133e+09	6.35312e+09	6.77066e+09
ERR612251	6.88254e+09	6.20264e+09	6.06409e+09	6.80448e+09	6.16971e+09	6.1283e+09	7.092e+09	5.45314e+09	3.69711e+09	7.17858e+09	7.19483e+09	7.05335e+09	6.14831e+09	7.07491e+09	8.11095e+09	7.89043e+09	6.97406e+09	7.87233e+09	7.4309e+09	7.70623e+09	7.73399e+09	7.87882e+09	7.96886e+09	7.90686e+09	7.59472e+09	8.09245e+09	7.60058e+09	7.61924e+09	6.58546e+09	7.38557e+09	7.17451e+09	6.87633e+09	7.36127e+09	6.89095e+09	6.98083e+09	6.87314e+09	6.65603e+09	6.57691e+09	6.60413e+09	8.01316e+09	7.71822e+09	8.05788e+09	7.98637e+09	7.99397e+09	7.35946e+09	8.02808e+09	7.72415e+09	7.71891e+09	7.17532e+09	6.97076e+09	6.17513e+09	6.96116e+09	6.98325e+09	6.81876e+09	5.08076e+09	5.28246e+09	4.88552e+09	6.64593e+09	5.19032e+09	6.34256e+09	7.43821e+09	7.50139e+09	7.63804e+09	7.35819e+09	6.67549e+09	7.44143e+09	5.75513e+09	7.12008e+09	7.10008e+09	5.79273e+09	5.80815e+09	7.09056e+09	6.06026e+09	7.24758e+09	6.92263e+09	6.30869e+09	7.15643e+09	6.96027e+09	6.80067e+09	6.56028e+09	6.95301e+09	6.15817e+09	6.74229e+09	6.61067e+09	6.86553e+09	6.84242e+09	4.84885e+09	7.30498e+09	4.93518e+09	5.06098e+09	5.20662e+09	5.52583e+09	5.32722e+09	5.59937e+09	6.54531e+09	6.98329e+09
ERR612252	6.67745e+09	6.02867e+09	5.90155e+09	6.60274e+09	6.00285e+09	5.96354e+09	6.87976e+09	5.30308e+09	3.61257e+09	6.96342e+09	6.97856e+09	6.83269e+09	6.00121e+09	6.88942e+09	7.86967e+09	7.66406e+09	6.79236e+09	7.64943e+09	7.22801e+09	7.49019e+09	7.5126e+09	7.65396e+09	7.73915e+09	7.68123e+09	7.37485e+09	7.60058e+09	7.62719e+09	7.39946e+09	6.41005e+09	7.1749e+09	6.97954e+09	6.70185e+09	7.15681e+09	6.7158e+09	6.79954e+09	6.69796e+09	6.46119e+09	6.38557e+09	6.41135e+09	7.76956e+09	7.48919e+09	7.80783e+09	7.75681e+09	7.76408e+09	7.15751e+09	7.79511e+09	7.5064e+09	7.49759e+09	6.98126e+09	6.79037e+09	6.02522e+09	6.78045e+09	6.80083e+09	6.64309e+09	4.94683e+09	5.14146e+09	4.76662e+09	6.45046e+09	5.05192e+09	6.16239e+09	7.22722e+09	7.28653e+09	7.4135e+09	7.14928e+09	6.49714e+09	7.23177e+09	5.60996e+09	6.92823e+09	6.90886e+09	5.64689e+09	5.6611e+09	6.90016e+09	5.91118e+09	7.04989e+09	6.73441e+09	6.14946e+09	6.96211e+09	6.7709e+09	6.58639e+09	6.36149e+09	6.73673e+09	5.97803e+09	6.53015e+09	6.40413e+09	6.67007e+09	6.6474e+09	4.72592e+09	7.08654e+09	4.81121e+09	4.93228e+09	5.0738e+09	5.37665e+09	5.18608e+09	5.44763e+09	6.36446e+09	6.77992e+09
ERR612253	6.69196e+09	6.0395e+09	5.91088e+09	6.61673e+09	6.01259e+09	5.97264e+09	6.90091e+09	5.31909e+09	3.6205e+09	6.98414e+09	6.99939e+09	6.85711e+09	6.00697e+09	6.89722e+09	7.88407e+09	7.67799e+09	6.80037e+09	7.65991e+09	7.23963e+09	7.50257e+09	7.52656e+09	7.66815e+09	7.75365e+09	7.69503e+09	7.39383e+09	7.61924e+09	7.39946e+09	7.66375e+09	6.42588e+09	7.1933e+09	6.98428e+09	6.70105e+09	7.16157e+09	6.71546e+09	6.80057e+09	6.69784e+09	6.48015e+09	6.40421e+09	6.43018e+09	7.78861e+09	7.50726e+09	7.82815e+09	7.77114e+09	7.77811e+09	7.17022e+09	7.80993e+09	7.5193e+09	7.51135e+09	6.98507e+09	6.79212e+09	6.02781e+09	6.78348e+09	6.80479e+09	6.64635e+09	4.95668e+09	5.1522e+09	4.77441e+09	6.46569e+09	5.06257e+09	6.17629e+09	7.23845e+09	7.29787e+09	7.42552e+09	7.16084e+09	6.50696e+09	7.24081e+09	5.61547e+09	6.93348e+09	6.91438e+09	5.65209e+09	5.66686e+09	6.90493e+09	5.91935e+09	7.06172e+09	6.74624e+09	6.15885e+09	6.97401e+09	6.783e+09	6.6051e+09	6.37727e+09	6.75324e+09	5.99043e+09	6.54852e+09	6.42217e+09	6.68325e+09	6.66057e+09	4.73582e+09	7.10231e+09	4.82034e+09	4.94247e+09	5.08242e+09	5.38863e+09	5.19691e+09	5.4594e+09	6.37681e+09	6.79552e+09
ERR612255	5.80578e+09	5.26984e+09	5.16249e+09	5.74526e+09	5.24717e+09	5.21415e+09	5.97913e+09	4.67474e+09	3.20785e+09	6.04606e+09	6.05968e+09	5.94266e+09	5.27238e+09	5.99905e+09	6.79068e+09	6.6259e+09	5.92116e+09	6.61085e+09	6.27722e+09	6.48772e+09	6.50729e+09	6.61967e+09	6.6884e+09	6.64111e+09	6.40981e+09	6.58546e+09	6.41005e+09	6.42588e+09	5.83186e+09	6.2503e+09	6.05093e+09	5.81884e+09	6.19535e+09	5.83078e+09	5.89971e+09	5.8163e+09	5.65284e+09	5.58985e+09	5.61207e+09	6.71414e+09	6.48732e+09	6.74552e+09	6.70116e+09	6.70715e+09	6.22052e+09	6.73268e+09	6.5003e+09	6.49509e+09	6.05594e+09	5.89801e+09	5.27794e+09	5.89277e+09	5.90925e+09	5.7816e+09	4.36612e+09	4.53002e+09	4.20535e+09	5.62012e+09	4.45507e+09	5.38046e+09	6.2632e+09	6.31241e+09	6.41339e+09	6.20164e+09	5.67396e+09	6.26528e+09	4.93695e+09	6.01736e+09	6.00206e+09	4.96775e+09	4.9799e+09	5.9942e+09	5.19136e+09	6.12807e+09	5.87229e+09	5.39176e+09	6.05835e+09	5.90233e+09	5.71647e+09	5.52919e+09	5.8381e+09	5.21058e+09	5.67024e+09	5.56696e+09	5.80386e+09	5.78467e+09	4.17998e+09	6.14669e+09	4.25236e+09	4.35596e+09	4.48067e+09	4.74012e+09	4.57916e+09	4.7999e+09	5.55979e+09	5.9028e+09
ERR612256	6.48803e+09	5.86326e+09	5.73815e+09	6.41655e+09	5.83568e+09	5.79791e+09	6.68808e+09	5.17153e+09	3.52373e+09	6.76734e+09	6.78232e+09	6.64716e+09	5.84265e+09	6.69401e+09	7.63342e+09	7.43612e+09	6.60174e+09	7.41933e+09	7.02154e+09	7.27166e+09	7.29496e+09	7.42924e+09	7.51062e+09	7.45505e+09	7.17426e+09	7.38557e+09	7.1749e+09	7.1933e+09	6.2503e+09	7.21904e+09	6.77095e+09	6.4999e+09	6.94117e+09	6.51357e+09	6.5946e+09	6.49678e+09	6.29358e+09	6.22078e+09	6.24564e+09	7.54272e+09	7.27376e+09	7.58048e+09	7.52657e+09	7.53334e+09	6.95532e+09	7.56437e+09	7.28725e+09	7.28132e+09	6.77322e+09	6.58732e+09	5.85884e+09	6.58033e+09	6.5999e+09	6.44986e+09	4.82049e+09	5.00896e+09	4.64139e+09	6.27125e+09	4.92327e+09	5.99231e+09	7.01628e+09	7.07356e+09	7.19493e+09	6.94316e+09	6.31903e+09	7.01825e+09	5.46232e+09	6.72463e+09	6.70642e+09	5.49772e+09	5.51186e+09	6.69762e+09	5.75564e+09	6.85047e+09	6.54917e+09	5.9867e+09	6.7673e+09	6.58422e+09	6.39822e+09	6.17871e+09	6.53942e+09	5.80799e+09	6.34427e+09	6.22298e+09	6.48044e+09	6.45796e+09	4.60731e+09	6.88227e+09	4.68842e+09	4.80672e+09	4.94445e+09	5.24084e+09	5.05637e+09	5.30931e+09	6.18913e+09	6.59101e+09
ERR635317	7.41875e+09	6.71803e+09	6.58596e+09	7.33735e+09	6.69621e+09	6.65484e+09	6.84606e+09	5.25978e+09	3.59372e+09	6.92565e+09	6.94452e+09	6.77881e+09	6.11074e+09	7.0263e+09	7.99231e+09	7.79323e+09	6.92297e+09	7.78579e+09	7.10996e+09	7.35182e+09	7.36959e+09	7.49972e+09	7.57253e+09	7.52042e+09	6.96112e+09	7.17451e+09	6.97954e+09	6.98428e+09	6.05093e+09	6.77095e+09	8.16308e+09	7.64173e+09	8.13345e+09	7.65791e+09	7.75223e+09	7.63662e+09	6.52102e+09	6.44376e+09	6.4702e+09	7.88555e+09	7.59998e+09	7.91936e+09	7.55693e+09	7.56445e+09	6.98301e+09	7.59194e+09	7.32482e+09	7.3078e+09	7.63046e+09	7.43145e+09	6.58734e+09	7.41407e+09	7.43609e+09	7.26361e+09	5.52381e+09	5.73842e+09	5.33316e+09	7.16803e+09	5.6397e+09	6.86078e+09	7.97891e+09	8.0407e+09	8.17918e+09	7.88954e+09	7.1768e+09	7.98869e+09	6.23104e+09	7.68782e+09	7.66612e+09	6.27179e+09	6.28637e+09	7.6529e+09	5.83301e+09	6.94542e+09	6.63484e+09	6.05845e+09	6.85855e+09	6.67238e+09	7.28914e+09	7.06166e+09	7.4561e+09	6.65591e+09	7.22826e+09	7.09493e+09	7.36077e+09	7.3354e+09	5.25533e+09	7.79885e+09	5.35059e+09	5.48285e+09	5.55937e+09	5.87485e+09	5.67294e+09	5.95328e+09	6.94198e+09	7.3759e+09
ERR635320	7.08938e+09	6.43995e+09	6.32676e+09	7.01371e+09	6.42926e+09	6.39138e+09	6.54582e+09	5.04204e+09	3.47032e+09	6.6214e+09	6.63904e+09	6.46751e+09	5.91818e+09	6.78434e+09	7.67191e+09	7.49204e+09	6.6857e+09	7.48928e+09	6.84786e+09	7.07386e+09	7.08361e+09	7.20882e+09	7.27459e+09	7.22769e+09	6.67955e+09	6.87633e+09	6.70185e+09	6.70105e+09	5.81884e+09	6.4999e+09	7.64173e+09	7.58971e+09	7.8163e+09	7.40448e+09	7.48078e+09	7.3836e+09	6.25072e+09	6.17706e+09	6.20239e+09	7.55652e+09	7.28697e+09	7.58021e+09	7.25878e+09	7.26635e+09	6.7212e+09	7.29029e+09	7.04422e+09	7.02107e+09	7.3474e+09	7.17056e+09	6.37217e+09	7.15006e+09	7.17093e+09	7.00901e+09	5.31107e+09	5.51308e+09	5.14493e+09	6.85355e+09	5.41919e+09	6.57134e+09	7.65702e+09	7.71315e+09	7.83779e+09	7.57193e+09	6.90287e+09	7.66982e+09	6.00462e+09	7.39135e+09	7.3707e+09	6.04351e+09	6.05646e+09	7.35728e+09	5.64096e+09	6.69348e+09	6.39376e+09	5.85367e+09	6.61062e+09	6.42905e+09	6.93245e+09	6.72766e+09	7.0958e+09	6.35215e+09	6.87445e+09	6.74981e+09	7.04192e+09	7.01779e+09	5.05361e+09	7.44524e+09	5.14812e+09	5.27169e+09	5.34732e+09	5.63611e+09	5.44616e+09	5.71061e+09	6.65137e+09	7.05124e+09
ERR635318	7.63022e+09	6.89892e+09	6.75709e+09	7.5454e+09	6.87232e+09	6.82824e+09	7.03678e+09	5.39477e+09	3.67484e+09	7.11914e+09	7.13965e+09	6.97198e+09	6.23316e+09	7.18132e+09	8.19844e+09	7.98585e+09	7.07396e+09	7.97849e+09	7.27195e+09	7.52666e+09	7.546e+09	7.68176e+09	7.75926e+09	7.70424e+09	7.13812e+09	7.36127e+09	7.15681e+09	7.16157e+09	6.19535e+09	6.94117e+09	8.13345e+09	7.8163e+09	8.57464e+09	7.83291e+09	7.93222e+09	7.81002e+09	6.68526e+09	6.60477e+09	6.63235e+09	8.09479e+09	7.79626e+09	8.13126e+09	7.74556e+09	7.75311e+09	7.14683e+09	7.78235e+09	7.50309e+09	7.48636e+09	7.81605e+09	7.6049e+09	6.72761e+09	7.58764e+09	7.61014e+09	7.43021e+09	5.65785e+09	5.88049e+09	5.456e+09	7.36772e+09	5.77832e+09	7.0451e+09	8.18797e+09	8.25417e+09	8.40094e+09	8.09544e+09	7.35117e+09	8.19798e+09	6.37524e+09	7.8834e+09	7.86056e+09	6.4163e+09	6.43166e+09	7.84779e+09	5.95472e+09	7.10656e+09	6.78541e+09	6.18831e+09	7.01659e+09	6.82425e+09	7.52282e+09	7.28181e+09	7.69516e+09	6.85662e+09	7.45901e+09	7.32005e+09	7.56933e+09	7.54285e+09	5.38228e+09	8.02615e+09	5.47984e+09	5.61743e+09	5.69421e+09	6.02489e+09	5.81517e+09	6.10595e+09	7.12879e+09	7.5815e+09
