	ERR629982	ERR629983	ERR629986	ERR629984	ERR629985	ERR629987	ERR617660	ERR617657	ERR617656	ERR617659	ERR617658	ERR617655	ERR612225	ERR612224	ERR612221	ERR612223	ERR612226	ERR612222	ERR636787	ERR636789	ERR636788	ERR636790	ERR636792	ERR636791	ERR612254	ERR612251	ERR612252	ERR612253	ERR612255	ERR612256	ERR635317	ERR635320	ERR635318	ERR635319	ERR635316	ERR635321	ERR622178	ERR622176	ERR622177	ERR622175	ERR622173	ERR622174	ERR636946	ERR636947	ERR636943	ERR636948	ERR636945	ERR636944	ERR612191	ERR612192	ERR612195	ERR612194	ERR612193	ERR612196	ERR608822	ERR608821	ERR608817	ERR608819	ERR608820	ERR608818	ERR612217	ERR612218	ERR612215	ERR612220	ERR612219	ERR612216	ERR613562	ERR613557	ERR613559	ERR613560	ERR613561	ERR613558	ERR626922	ERR626925	ERR626921	ERR626924	ERR626926	ERR626923	ERR618440	ERR618437	ERR618435	ERR618436	ERR618439	ERR618438	ERR613007	ERR613006	ERR613008	ERR613005	ERR613010	ERR613009	ERR612958	ERR612962	ERR612961	ERR612960	ERR612959	ERR612957
ERR629982	4.80584e+08	2.91634e+08	2.83715e+08	3.35565e+08	2.90256e+08	2.87147e+08	2.23187e+08	1.52513e+08	9.58893e+07	2.27727e+08	2.28984e+08	2.21967e+08	1.49377e+08	1.8908e+08	2.54799e+08	2.39994e+08	1.84432e+08	2.39166e+08	1.7303e+08	1.89238e+08	1.8961e+08	2.00882e+08	2.06386e+08	2.0275e+08	1.99159e+08	2.09602e+08	1.99021e+08	2.00801e+08	1.59571e+08	1.90416e+08	2.9465e+08	2.71095e+08	3.1252e+08	2.71876e+08	2.81161e+08	2.70119e+08	1.81808e+08	1.78468e+08	1.7941e+08	2.45308e+08	2.28688e+08	2.47476e+08	2.09625e+08	2.10739e+08	1.7595e+08	2.12309e+08	1.94363e+08	1.92706e+08	2.77688e+08	2.63484e+08	2.14395e+08	2.6265e+08	2.64181e+08	2.52975e+08	1.98067e+08	2.09307e+08	1.89803e+08	2.91806e+08	2.04784e+08	2.71683e+08	3.13631e+08	3.19623e+08	3.29815e+08	3.07141e+08	2.61062e+08	3.13612e+08	2.11106e+08	2.90557e+08	2.8854e+08	2.13028e+08	2.1407e+08	2.88899e+08	1.31603e+08	1.75723e+08	1.61355e+08	1.4068e+08	1.72285e+08	1.63316e+08	3.45823e+08	3.27971e+08	3.56762e+08	2.97438e+08	3.41638e+08	3.30897e+08	3.12894e+08	3.11876e+08	1.9292e+08	3.44847e+08	1.96847e+08	2.03687e+08	1.96588e+08	2.14406e+08	2.03366e+08	2.17945e+08	2.71552e+08	3.0011e+08
ERR629983	2.91634e+08	3.69314e+08	2.43859e+08	2.87157e+08	2.49468e+08	2.4685e+08	1.90334e+08	1.29901e+08	8.21641e+07	1.94271e+08	1.95225e+08	1.88749e+08	1.27704e+08	1.61475e+08	2.17332e+08	2.04963e+08	1.57457e+08	2.04322e+08	1.47393e+08	1.61255e+08	1.61365e+08	1.71251e+08	1.75934e+08	1.72667e+08	1.69492e+08	1.7828e+08	1.69538e+08	1.70942e+08	1.35819e+08	1.6206e+08	2.52365e+08	2.3301e+08	2.67608e+08	2.33724e+08	2.41306e+08	2.32086e+08	1.54845e+08	1.52018e+08	1.52764e+08	2.09304e+08	1.95043e+08	2.10909e+08	1.78701e+08	1.79607e+08	1.49864e+08	1.80796e+08	1.65699e+08	1.64008e+08	2.38004e+08	2.26109e+08	1.83995e+08	2.25431e+08	2.26719e+08	2.16867e+08	1.69858e+08	1.79417e+08	1.63417e+08	2.49659e+08	1.75526e+08	2.32667e+08	2.68533e+08	2.73405e+08	2.82002e+08	2.6283e+08	2.23756e+08	2.68671e+08	1.81092e+08	2.49244e+08	2.4729e+08	1.82814e+08	1.83584e+08	2.47836e+08	1.1223e+08	1.49591e+08	1.3718e+08	1.19933e+08	1.46635e+08	1.38877e+08	2.95926e+08	2.81134e+08	3.05514e+08	2.55198e+08	2.92577e+08	2.83374e+08	2.68418e+08	2.67673e+08	1.6621e+08	2.95328e+08	1.69616e+08	1.75356e+08	1.68672e+08	1.83579e+08	1.74248e+08	1.86547e+08	2.32561e+08	2.56665e+08
ERR629986	2.83715e+08	2.43859e+08	3.55905e+08	2.79539e+08	2.44943e+08	2.42378e+08	1.86222e+08	1.2696e+08	8.09932e+07	1.90002e+08	1.91047e+08	1.84129e+08	1.24938e+08	1.57944e+08	2.12307e+08	2.00482e+08	1.54037e+08	2.00059e+08	1.44188e+08	1.57917e+08	1.57548e+08	1.67611e+08	1.72112e+08	1.6897e+08	1.65527e+08	1.7402e+08	1.65789e+08	1.6709e+08	1.3269e+08	1.58294e+08	2.4665e+08	2.28352e+08	2.61435e+08	2.28976e+08	2.36328e+08	2.27296e+08	1.50573e+08	1.47783e+08	1.48501e+08	2.0423e+08	1.90433e+08	2.0556e+08	1.74905e+08	1.75898e+08	1.4656e+08	1.77115e+08	1.62093e+08	1.60133e+08	2.32186e+08	2.21129e+08	1.79878e+08	2.20201e+08	2.21477e+08	2.12092e+08	1.6614e+08	1.75453e+08	1.60678e+08	2.43635e+08	1.717e+08	2.27509e+08	2.62126e+08	2.6683e+08	2.74822e+08	2.56578e+08	2.18467e+08	2.6253e+08	1.7695e+08	2.43799e+08	2.42036e+08	1.78568e+08	1.79398e+08	2.42424e+08	1.09814e+08	1.46325e+08	1.33962e+08	1.17252e+08	1.43474e+08	1.35559e+08	2.88738e+08	2.74815e+08	2.98299e+08	2.49538e+08	2.85285e+08	2.7627e+08	2.62401e+08	2.61467e+08	1.62511e+08	2.88109e+08	1.66057e+08	1.71541e+08	1.64626e+08	1.7874e+08	1.6968e+08	1.81676e+08	2.26847e+08	2.50045e+08
ERR629984	3.35565e+08	2.87157e+08	2.79539e+08	4.67803e+08	2.85775e+08	2.82795e+08	2.19567e+08	1.49924e+08	9.42769e+07	2.23857e+08	2.25223e+08	2.1833e+08	1.4713e+08	1.86181e+08	2.50749e+08	2.3619e+08	1.8147e+08	2.35451e+08	1.7014e+08	1.86025e+08	1.8641e+08	1.97563e+08	2.02924e+08	1.99321e+08	1.95837e+08	2.06201e+08	1.95682e+08	1.97387e+08	1.56927e+08	1.87204e+08	2.90062e+08	2.67004e+08	3.07688e+08	2.67658e+08	2.76756e+08	2.65758e+08	1.79023e+08	1.75729e+08	1.76475e+08	2.41343e+08	2.25016e+08	2.43646e+08	2.06194e+08	2.07304e+08	1.72884e+08	2.08801e+08	1.91234e+08	1.89471e+08	2.73536e+08	2.59614e+08	2.11152e+08	2.58891e+08	2.60288e+08	2.49187e+08	1.95052e+08	2.06012e+08	1.86858e+08	2.8724e+08	2.01664e+08	2.67335e+08	3.08768e+08	3.14641e+08	3.24794e+08	3.02361e+08	2.57244e+08	3.0886e+08	2.07875e+08	2.86026e+08	2.84085e+08	2.098e+08	2.10824e+08	2.84684e+08	1.29474e+08	1.7274e+08	1.58748e+08	1.38471e+08	1.69517e+08	1.60733e+08	3.4051e+08	3.22939e+08	3.51349e+08	2.92878e+08	3.36455e+08	3.25908e+08	3.07941e+08	3.0714e+08	1.89983e+08	3.395e+08	1.9395e+08	2.00599e+08	1.93592e+08	2.11051e+08	2.00287e+08	2.14446e+08	2.67275e+08	2.95397e+08
ERR629985	2.90256e+08	2.49468e+08	2.44943e+08	2.85775e+08	3.69399e+08	2.47704e+08	1.90592e+08	1.30007e+08	8.27675e+07	1.94558e+08	1.95644e+08	1.88624e+08	1.27902e+08	1.61798e+08	2.17441e+08	2.05312e+08	1.57663e+08	2.04916e+08	1.47417e+08	1.61437e+08	1.6127e+08	1.71618e+08	1.76136e+08	1.73004e+08	1.69363e+08	1.78135e+08	1.69787e+08	1.70994e+08	1.3579e+08	1.6201e+08	2.51951e+08	2.33127e+08	2.67241e+08	2.33768e+08	2.41352e+08	2.32059e+08	1.54252e+08	1.51402e+08	1.52137e+08	2.0915e+08	1.95023e+08	2.10511e+08	1.79067e+08	1.7994e+08	1.50046e+08	1.81373e+08	1.66e+08	1.63989e+08	2.37819e+08	2.26288e+08	1.84084e+08	2.25414e+08	2.26702e+08	2.17073e+08	1.69759e+08	1.79343e+08	1.64087e+08	2.49393e+08	1.75491e+08	2.32636e+08	2.67979e+08	2.72925e+08	2.81086e+08	2.62369e+08	2.23454e+08	2.68246e+08	1.80925e+08	2.49375e+08	2.47686e+08	1.82633e+08	1.83381e+08	2.47926e+08	1.12378e+08	1.49827e+08	1.3716e+08	1.20111e+08	1.46842e+08	1.38856e+08	2.9545e+08	2.81104e+08	3.0522e+08	2.55324e+08	2.91952e+08	2.82824e+08	2.68276e+08	2.6739e+08	1.66102e+08	2.94578e+08	1.69668e+08	1.75351e+08	1.68506e+08	1.83111e+08	1.73699e+08	1.85937e+08	2.32322e+08	2.56038e+08
ERR629987	2.87147e+08	2.4685e+08	2.42378e+08	2.82795e+08	2.47704e+08	3.62785e+08	1.8847e+08	1.28535e+08	8.19744e+07	1.92275e+08	1.93311e+08	1.8624e+08	1.2644e+08	1.59761e+08	2.14722e+08	2.02776e+08	1.55776e+08	2.02427e+08	1.45821e+08	1.59653e+08	1.59452e+08	1.69508e+08	1.74178e+08	1.71196e+08	1.6749e+08	1.76081e+08	1.67833e+08	1.69046e+08	1.34262e+08	1.6007e+08	2.49462e+08	2.30717e+08	2.64364e+08	2.31434e+08	2.38955e+08	2.29899e+08	1.52431e+08	1.4965e+08	1.50318e+08	2.06684e+08	1.92762e+08	2.0804e+08	1.77023e+08	1.7792e+08	1.484e+08	1.79252e+08	1.64036e+08	1.62174e+08	2.34928e+08	2.23686e+08	1.81908e+08	2.22804e+08	2.24115e+08	2.14462e+08	1.68116e+08	1.77574e+08	1.62483e+08	2.46782e+08	1.73681e+08	2.30265e+08	2.65268e+08	2.70171e+08	2.78162e+08	2.59528e+08	2.21077e+08	2.65526e+08	1.79117e+08	2.46615e+08	2.44904e+08	1.80619e+08	1.81376e+08	2.4513e+08	1.11072e+08	1.48033e+08	1.35527e+08	1.18657e+08	1.45131e+08	1.37229e+08	2.92187e+08	2.78139e+08	3.01891e+08	2.52583e+08	2.88828e+08	2.79712e+08	2.65485e+08	2.64716e+08	1.64617e+08	2.91706e+08	1.68014e+08	1.73677e+08	1.66476e+08	1.80857e+08	1.71745e+08	1.83749e+08	2.29626e+08	2.53008e+08
ERR617660	2.23187e+08	1.90334e+08	1.86222e+08	2.19567e+08	1.90592e+08	1.8847e+08	5.15655e+08	2.55058e+08	1.66909e+08	3.73157e+08	3.74847e+08	3.61524e+08	1.95675e+08	2.45537e+08	3.25514e+08	3.08764e+08	2.39788e+08	3.06907e+08	2.70989e+08	2.93766e+08	2.94051e+08	3.11368e+08	3.18699e+08	3.13899e+08	3.07245e+08	3.21112e+08	3.06548e+08	3.09384e+08	2.48856e+08	2.94037e+08	2.11362e+08	1.93507e+08	2.24788e+08	1.94371e+08	2.01484e+08	1.92911e+08	2.4958e+08	2.4527e+08	2.46729e+08	3.33594e+08	3.12226e+08	3.35393e+08	3.26777e+08	3.28411e+08	2.77283e+08	3.30808e+08	3.04494e+08	3.01257e+08	2.33625e+08	2.21907e+08	1.79647e+08	2.21269e+08	2.22375e+08	2.12783e+08	1.44675e+08	1.5299e+08	1.39312e+08	2.14877e+08	1.49464e+08	2.00389e+08	2.3828e+08	2.43003e+08	2.50673e+08	2.33354e+08	1.96825e+08	2.38068e+08	1.52709e+08	2.12814e+08	2.11294e+08	1.54223e+08	1.54658e+08	2.1151e+08	2.02841e+08	2.69034e+08	2.4651e+08	2.17196e+08	2.63429e+08	2.49293e+08	2.54339e+08	2.41324e+08	2.63077e+08	2.17896e+08	2.50641e+08	2.42664e+08	2.309e+08	2.30185e+08	1.3938e+08	2.55854e+08	1.42968e+08	1.48015e+08	1.60376e+08	1.74441e+08	1.65457e+08	1.776e+08	2.2352e+08	2.47775e+08
ERR617657	1.52513e+08	1.29901e+08	1.2696e+08	1.49924e+08	1.30007e+08	1.28535e+08	2.55058e+08	2.82826e+08	1.18919e+08	2.59737e+08	2.60879e+08	2.53859e+08	1.36082e+08	1.7029e+08	2.24607e+08	2.13122e+08	1.66191e+08	2.11829e+08	1.89013e+08	2.0444e+08	2.04926e+08	2.16504e+08	2.21335e+08	2.18098e+08	2.14286e+08	2.23611e+08	2.13348e+08	2.15586e+08	1.74291e+08	2.05129e+08	1.44101e+08	1.31612e+08	1.532e+08	1.322e+08	1.37134e+08	1.31253e+08	1.75232e+08	1.72204e+08	1.73105e+08	2.32162e+08	2.17642e+08	2.33741e+08	2.27127e+08	2.28012e+08	1.9337e+08	2.29724e+08	2.11855e+08	2.09999e+08	1.59225e+08	1.51096e+08	1.22487e+08	1.50619e+08	1.51474e+08	1.44953e+08	9.86532e+07	1.0443e+08	9.48381e+07	1.46502e+08	1.01955e+08	1.36532e+08	1.62648e+08	1.65874e+08	1.71012e+08	1.59358e+08	1.34568e+08	1.62262e+08	1.04251e+08	1.44985e+08	1.43891e+08	1.05303e+08	1.05691e+08	1.44146e+08	1.40686e+08	1.86208e+08	1.70854e+08	1.50574e+08	1.82199e+08	1.72717e+08	1.73568e+08	1.6454e+08	1.79327e+08	1.48638e+08	1.70998e+08	1.65524e+08	1.57279e+08	1.56804e+08	9.53222e+07	1.74372e+08	9.76197e+07	1.01001e+08	1.09833e+08	1.19624e+08	1.13494e+08	1.21804e+08	1.52765e+08	1.69625e+08
ERR617656	9.58893e+07	8.21641e+07	8.09932e+07	9.42769e+07	8.27675e+07	8.19744e+07	1.66909e+08	1.18919e+08	1.4661e+08	1.70016e+08	1.70526e+08	1.64323e+08	8.81702e+07	1.09821e+08	1.43923e+08	1.3728e+08	1.07202e+08	1.36703e+08	1.23687e+08	1.33727e+08	1.3328e+08	1.41271e+08	1.44609e+08	1.42579e+08	1.38665e+08	1.4429e+08	1.38693e+08	1.39737e+08	1.13301e+08	1.32901e+08	9.09064e+07	8.37421e+07	9.64457e+07	8.41063e+07	8.72034e+07	8.34899e+07	1.12073e+08	1.1022e+08	1.10769e+08	1.4936e+08	1.40293e+08	1.4961e+08	1.48485e+08	1.49153e+08	1.26747e+08	1.50095e+08	1.38672e+08	1.36701e+08	1.00984e+08	9.64865e+07	7.79415e+07	9.58245e+07	9.66005e+07	9.21438e+07	6.24751e+07	6.60271e+07	6.11028e+07	9.22169e+07	6.45369e+07	8.63791e+07	1.0255e+08	1.04374e+08	1.07436e+08	1.00291e+08	8.47381e+07	1.02583e+08	6.58609e+07	9.2138e+07	9.1431e+07	6.64517e+07	6.66461e+07	9.15453e+07	9.18441e+07	1.20803e+08	1.1046e+08	9.81194e+07	1.18315e+08	1.1174e+08	1.09396e+08	1.04315e+08	1.13426e+08	9.44568e+07	1.07695e+08	1.04211e+08	9.99357e+07	9.95148e+07	6.07003e+07	1.10176e+08	6.22353e+07	6.44051e+07	6.93698e+07	7.49774e+07	7.11472e+07	7.63395e+07	9.65036e+07	1.06549e+08
ERR617659	2.27727e+08	1.94271e+08	1.90002e+08	2.23857e+08	1.94558e+08	1.92275e+08	3.73157e+08	2.59737e+08	1.70016e+08	5.33091e+08	3.81916e+08	3.68583e+08	1.99536e+08	2.50588e+08	3.31864e+08	3.1499e+08	2.4447e+08	3.13168e+08	2.76301e+08	2.99526e+08	2.99751e+08	3.17427e+08	3.25033e+08	3.19868e+08	3.12964e+08	3.27197e+08	3.12436e+08	3.15105e+08	2.53497e+08	2.99573e+08	2.15801e+08	1.97598e+08	2.29479e+08	1.98349e+08	2.05713e+08	1.96959e+08	2.54214e+08	2.49881e+08	2.51306e+08	3.3987e+08	3.18111e+08	3.41874e+08	3.33096e+08	3.34689e+08	2.82518e+08	3.37147e+08	3.10214e+08	3.0695e+08	2.38494e+08	2.26693e+08	1.83457e+08	2.25823e+08	2.27221e+08	2.17185e+08	1.47425e+08	1.56048e+08	1.42151e+08	2.19187e+08	1.52392e+08	2.04325e+08	2.43013e+08	2.47918e+08	2.555e+08	2.38115e+08	2.00836e+08	2.42759e+08	1.55727e+08	2.172e+08	2.15513e+08	1.57228e+08	1.57791e+08	2.15869e+08	2.06738e+08	2.74275e+08	2.51372e+08	2.21313e+08	2.68399e+08	2.54157e+08	2.59454e+08	2.4621e+08	2.68382e+08	2.22493e+08	2.55668e+08	2.47564e+08	2.3539e+08	2.34661e+08	1.42173e+08	2.60852e+08	1.45854e+08	1.50937e+08	1.63496e+08	1.77845e+08	1.687e+08	1.8111e+08	2.27872e+08	2.52675e+08
ERR617658	2.28984e+08	1.95225e+08	1.91047e+08	2.25223e+08	1.95644e+08	1.93311e+08	3.74847e+08	2.60879e+08	1.70526e+08	3.81916e+08	5.36568e+08	3.70052e+08	2.00581e+08	2.51739e+08	3.33442e+08	3.16448e+08	2.45832e+08	3.14563e+08	2.77286e+08	3.00842e+08	3.00866e+08	3.18756e+08	3.26442e+08	3.21318e+08	3.14345e+08	3.28521e+08	3.13659e+08	3.16448e+08	2.54433e+08	3.00827e+08	2.16862e+08	1.98572e+08	2.30618e+08	1.99341e+08	2.06688e+08	1.97861e+08	2.55702e+08	2.51382e+08	2.52687e+08	3.41633e+08	3.19767e+08	3.43862e+08	3.34632e+08	3.36109e+08	2.83849e+08	3.38479e+08	3.11642e+08	3.08253e+08	2.39814e+08	2.27923e+08	1.84395e+08	2.26935e+08	2.28319e+08	2.18389e+08	1.48285e+08	1.56887e+08	1.42862e+08	2.20263e+08	1.53134e+08	2.0541e+08	2.44484e+08	2.49144e+08	2.56881e+08	2.39363e+08	2.02042e+08	2.44019e+08	1.56695e+08	2.18289e+08	2.16621e+08	1.58166e+08	1.58723e+08	2.17043e+08	2.0772e+08	2.75588e+08	2.52558e+08	2.22397e+08	2.6971e+08	2.55308e+08	2.60721e+08	2.47391e+08	2.70015e+08	2.23498e+08	2.57161e+08	2.48873e+08	2.36694e+08	2.35808e+08	1.4291e+08	2.62172e+08	1.46555e+08	1.51704e+08	1.64585e+08	1.78975e+08	1.69819e+08	1.82274e+08	2.29351e+08	2.54199e+08
ERR617655	2.21967e+08	1.88749e+08	1.84129e+08	2.1833e+08	1.88624e+08	1.8624e+08	3.61524e+08	2.53859e+08	1.64323e+08	3.68583e+08	3.70052e+08	5.10775e+08	1.9406e+08	2.43566e+08	3.23177e+08	3.06011e+08	2.37807e+08	3.0378e+08	2.6858e+08	2.90917e+08	2.918e+08	3.08082e+08	3.15608e+08	3.10481e+08	3.0523e+08	3.19293e+08	3.0385e+08	3.07168e+08	2.47204e+08	2.92146e+08	2.09825e+08	1.91244e+08	2.23232e+08	1.91944e+08	1.99137e+08	1.90383e+08	2.5e+08	2.45659e+08	2.46955e+08	3.3179e+08	3.10546e+08	3.34597e+08	3.23273e+08	3.24542e+08	2.74491e+08	3.27053e+08	3.01123e+08	2.98766e+08	2.31277e+08	2.19138e+08	1.77654e+08	2.1879e+08	2.19744e+08	2.10418e+08	1.43423e+08	1.5179e+08	1.37116e+08	2.13506e+08	1.48296e+08	1.98638e+08	2.36843e+08	2.41623e+08	2.49351e+08	2.32257e+08	1.95956e+08	2.36062e+08	1.51438e+08	2.10442e+08	2.08846e+08	1.52819e+08	1.53473e+08	2.09211e+08	2.0083e+08	2.66621e+08	2.44876e+08	2.15174e+08	2.60981e+08	2.47668e+08	2.52498e+08	2.38847e+08	2.60667e+08	2.15432e+08	2.48965e+08	2.40895e+08	2.28297e+08	2.27646e+08	1.38063e+08	2.53806e+08	1.41257e+08	1.46342e+08	1.59097e+08	1.73708e+08	1.64791e+08	1.76872e+08	2.21695e+08	2.46466e+08
ERR612225	1.49377e+08	1.27704e+08	1.24938e+08	1.4713e+08	1.27902e+08	1.2644e+08	1.95675e+08	1.36082e+08	8.81702e+07	1.99536e+08	2.00581e+08	1.9406e+08	2.68475e+08	2.13328e+08	2.76133e+08	2.62979e+08	2.08443e+08	2.61674e+08	1.85921e+08	2.00717e+08	2.00732e+08	2.11745e+08	2.16533e+08	2.13094e+08	2.12583e+08	2.21666e+08	2.12042e+08	2.13923e+08	1.7294e+08	2.0361e+08	1.44179e+08	1.32013e+08	1.53138e+08	1.32667e+08	1.37444e+08	1.31633e+08	1.68397e+08	1.65719e+08	1.66572e+08	2.2323e+08	2.09968e+08	2.24612e+08	2.20366e+08	2.21574e+08	1.88264e+08	2.22834e+08	2.05839e+08	2.03807e+08	1.68982e+08	1.60879e+08	1.30997e+08	1.60425e+08	1.61199e+08	1.54443e+08	9.72029e+07	1.02789e+08	9.35722e+07	1.44024e+08	1.00496e+08	1.34183e+08	1.65477e+08	1.68683e+08	1.738e+08	1.62173e+08	1.37289e+08	1.65268e+08	1.05362e+08	1.46226e+08	1.45197e+08	1.06402e+08	1.06871e+08	1.4542e+08	1.4081e+08	1.84436e+08	1.69497e+08	1.5016e+08	1.80638e+08	1.71338e+08	1.72572e+08	1.63847e+08	1.78503e+08	1.48252e+08	1.70241e+08	1.649e+08	1.58067e+08	1.57541e+08	9.63385e+07	1.75028e+08	9.87048e+07	1.02132e+08	1.1287e+08	1.2246e+08	1.1644e+08	1.24782e+08	1.56583e+08	1.7321e+08
ERR612224	1.8908e+08	1.61475e+08	1.57944e+08	1.86181e+08	1.61798e+08	1.59761e+08	2.45537e+08	1.7029e+08	1.09821e+08	2.50588e+08	2.51739e+08	2.43566e+08	2.13328e+08	3.87085e+08	3.45204e+08	3.28395e+08	2.59074e+08	3.26726e+08	2.31485e+08	2.50198e+08	2.50086e+08	2.64034e+08	2.70306e+08	2.65935e+08	2.6526e+08	2.76765e+08	2.64296e+08	2.66972e+08	2.14883e+08	2.53692e+08	1.8256e+08	1.67145e+08	1.94008e+08	1.67953e+08	1.74008e+08	1.66607e+08	2.0979e+08	2.0649e+08	2.07555e+08	2.79088e+08	2.62196e+08	2.80907e+08	2.75099e+08	2.76418e+08	2.34567e+08	2.78368e+08	2.56611e+08	2.54313e+08	2.12709e+08	2.02653e+08	1.64785e+08	2.0201e+08	2.02986e+08	1.9441e+08	1.2304e+08	1.30104e+08	1.18296e+08	1.82404e+08	1.27144e+08	1.70108e+08	2.09438e+08	2.13652e+08	2.2e+08	2.05367e+08	1.73572e+08	2.09152e+08	1.33268e+08	1.85254e+08	1.83852e+08	1.3457e+08	1.3516e+08	1.84115e+08	1.75218e+08	2.3022e+08	2.11517e+08	1.86989e+08	2.25409e+08	2.13812e+08	2.1872e+08	2.07443e+08	2.26097e+08	1.87832e+08	2.15557e+08	2.08933e+08	2.00047e+08	1.99502e+08	1.21805e+08	2.21469e+08	1.24697e+08	1.29122e+08	1.422e+08	1.54074e+08	1.4647e+08	1.57029e+08	1.97249e+08	2.18387e+08
ERR612221	2.54799e+08	2.17332e+08	2.12307e+08	2.50749e+08	2.17441e+08	2.14722e+08	3.25514e+08	2.24607e+08	1.43923e+08	3.31864e+08	3.33442e+08	3.23177e+08	2.76133e+08	3.45204e+08	6.23118e+08	4.3269e+08	3.36992e+08	4.30164e+08	3.02189e+08	3.27601e+08	3.27763e+08	3.46421e+08	3.54653e+08	3.4876e+08	3.48282e+08	3.64188e+08	3.47376e+08	3.5076e+08	2.81416e+08	3.33225e+08	2.45723e+08	2.24697e+08	2.61161e+08	2.2576e+08	2.33927e+08	2.23995e+08	2.75136e+08	2.70682e+08	2.72059e+08	3.67386e+08	3.44402e+08	3.69869e+08	3.61129e+08	3.62895e+08	3.06576e+08	3.65506e+08	3.36324e+08	3.33389e+08	2.81561e+08	2.6761e+08	2.17173e+08	2.66625e+08	2.67934e+08	2.56667e+08	1.65614e+08	1.75131e+08	1.5892e+08	2.45703e+08	1.71117e+08	2.29065e+08	2.81876e+08	2.87457e+08	2.96457e+08	2.76364e+08	2.33418e+08	2.81603e+08	1.79036e+08	2.49015e+08	2.47069e+08	1.80824e+08	1.81567e+08	2.47661e+08	2.28928e+08	3.02163e+08	2.77591e+08	2.44687e+08	2.95732e+08	2.80614e+08	2.94567e+08	2.79469e+08	3.04684e+08	2.52655e+08	2.90565e+08	2.81428e+08	2.68992e+08	2.68367e+08	1.6326e+08	2.9799e+08	1.67176e+08	1.73204e+08	1.88796e+08	2.04905e+08	1.9475e+08	2.08737e+08	2.62157e+08	2.9061e+08
ERR612223	2.39994e+08	2.04963e+08	2.00482e+08	2.3619e+08	2.05312e+08	2.02776e+08	3.08764e+08	2.13122e+08	1.3728e+08	3.1499e+08	3.16448e+08	3.06011e+08	2.62979e+08	3.28395e+08	4.3269e+08	5.68757e+08	3.20614e+08	4.0905e+08	2.87545e+08	3.1152e+08	3.11494e+08	3.29332e+08	3.37098e+08	3.31637e+08	3.30763e+08	3.45505e+08	3.29921e+08	3.33247e+08	2.67574e+08	3.1641e+08	2.31772e+08	2.12142e+08	2.46209e+08	2.13205e+08	2.20948e+08	2.11503e+08	2.60736e+08	2.56483e+08	2.58006e+08	3.4824e+08	3.26727e+08	3.50472e+08	3.43357e+08	3.45143e+08	2.91594e+08	3.47354e+08	3.198e+08	3.16653e+08	2.66676e+08	2.53796e+08	2.06103e+08	2.53049e+08	2.54177e+08	2.43459e+08	1.56282e+08	1.65243e+08	1.50342e+08	2.31644e+08	1.61581e+08	2.1617e+08	2.66149e+08	2.71258e+08	2.79637e+08	2.60754e+08	2.20419e+08	2.65793e+08	1.69006e+08	2.35072e+08	2.33258e+08	1.70575e+08	1.71404e+08	2.33738e+08	2.17801e+08	2.87035e+08	2.63586e+08	2.32585e+08	2.81042e+08	2.66517e+08	2.77678e+08	2.63611e+08	2.8737e+08	2.38623e+08	2.73808e+08	2.65425e+08	2.54072e+08	2.53311e+08	1.54479e+08	2.8127e+08	1.5818e+08	1.63806e+08	1.78545e+08	1.93646e+08	1.84122e+08	1.97332e+08	2.48201e+08	2.74829e+08
ERR612226	1.84432e+08	1.57457e+08	1.54037e+08	1.8147e+08	1.57663e+08	1.55776e+08	2.39788e+08	1.66191e+08	1.07202e+08	2.4447e+08	2.45832e+08	2.37807e+08	2.08443e+08	2.59074e+08	3.36992e+08	3.20614e+08	3.72067e+08	3.18946e+08	2.26173e+08	2.44512e+08	2.44536e+08	2.57996e+08	2.64024e+08	2.59817e+08	2.59305e+08	2.70626e+08	2.58548e+08	2.60917e+08	2.10233e+08	2.48135e+08	1.7787e+08	1.62812e+08	1.88998e+08	1.63625e+08	1.6959e+08	1.62338e+08	2.05055e+08	2.01964e+08	2.02971e+08	2.72795e+08	2.56124e+08	2.74516e+08	2.68906e+08	2.70193e+08	2.2905e+08	2.71946e+08	2.5086e+08	2.48517e+08	2.0747e+08	1.97549e+08	1.60622e+08	1.96952e+08	1.979e+08	1.89516e+08	1.19972e+08	1.26878e+08	1.15401e+08	1.77849e+08	1.23937e+08	1.65708e+08	2.04009e+08	2.0817e+08	2.14339e+08	2.00036e+08	1.69141e+08	2.03826e+08	1.29854e+08	1.8047e+08	1.79042e+08	1.31149e+08	1.31724e+08	1.7928e+08	1.71263e+08	2.2505e+08	2.06898e+08	1.8293e+08	2.20339e+08	2.09115e+08	2.13077e+08	2.02201e+08	2.20266e+08	1.82899e+08	2.10107e+08	2.03503e+08	1.94917e+08	1.94374e+08	1.18604e+08	2.15862e+08	1.21488e+08	1.25779e+08	1.38766e+08	1.50583e+08	1.43157e+08	1.53466e+08	1.9261e+08	2.13249e+08
ERR612222	2.39166e+08	2.04322e+08	2.00059e+08	2.35451e+08	2.04916e+08	2.02427e+08	3.06907e+08	2.11829e+08	1.36703e+08	3.13168e+08	3.14563e+08	3.0378e+08	2.61674e+08	3.26726e+08	4.30164e+08	4.0905e+08	3.18946e+08	5.6357e+08	2.86133e+08	3.09895e+08	3.09715e+08	3.27547e+08	3.35468e+08	3.3003e+08	3.28827e+08	3.43487e+08	3.28232e+08	3.31201e+08	2.65776e+08	3.1457e+08	2.31037e+08	2.11737e+08	2.45597e+08	2.12839e+08	2.205e+08	2.11077e+08	2.58987e+08	2.54784e+08	2.56096e+08	3.46513e+08	3.25089e+08	3.48671e+08	3.41558e+08	3.43364e+08	2.90121e+08	3.45787e+08	3.18302e+08	3.15061e+08	2.6582e+08	2.53317e+08	2.05364e+08	2.52256e+08	2.53421e+08	2.425e+08	1.55736e+08	1.64759e+08	1.50259e+08	2.30927e+08	1.60994e+08	2.1545e+08	2.64996e+08	2.70137e+08	2.78339e+08	2.59599e+08	2.19373e+08	2.64869e+08	1.68598e+08	2.34677e+08	2.328e+08	1.70279e+08	1.70926e+08	2.3336e+08	2.16822e+08	2.85564e+08	2.62075e+08	2.31298e+08	2.79577e+08	2.64931e+08	2.77027e+08	2.63113e+08	2.86834e+08	2.38158e+08	2.73207e+08	2.64674e+08	2.5338e+08	2.52705e+08	1.53849e+08	2.80154e+08	1.57721e+08	1.63068e+08	1.78077e+08	1.92919e+08	1.83351e+08	1.96435e+08	2.47373e+08	2.73802e+08
ERR636787	1.7303e+08	1.47393e+08	1.44188e+08	1.7014e+08	1.47417e+08	1.45821e+08	2.70989e+08	1.89013e+08	1.23687e+08	2.76301e+08	2.77286e+08	2.6858e+08	1.85921e+08	2.31485e+08	3.02189e+08	2.87545e+08	2.26173e+08	2.86133e+08	4.09763e+08	3.0653e+08	3.06665e+08	3.2278e+08	3.30352e+08	3.2544e+08	2.99532e+08	3.12543e+08	2.98825e+08	3.01689e+08	2.43829e+08	2.87037e+08	1.67149e+08	1.5259e+08	1.77771e+08	1.53295e+08	1.59028e+08	1.52192e+08	2.262e+08	2.22642e+08	2.23849e+08	3.00187e+08	2.81996e+08	3.01979e+08	3.22044e+08	3.23383e+08	2.75333e+08	3.25624e+08	3.00967e+08	2.98032e+08	1.94513e+08	1.85057e+08	1.50293e+08	1.84398e+08	1.85332e+08	1.77549e+08	1.12752e+08	1.19289e+08	1.0852e+08	1.67837e+08	1.16522e+08	1.56361e+08	1.87982e+08	1.91664e+08	1.9769e+08	1.84096e+08	1.55389e+08	1.878e+08	1.18295e+08	1.65488e+08	1.64236e+08	1.1927e+08	1.19909e+08	1.64342e+08	1.97305e+08	2.59203e+08	2.38482e+08	2.10543e+08	2.53908e+08	2.40812e+08	1.96341e+08	1.86268e+08	2.03337e+08	1.6813e+08	1.93688e+08	1.8742e+08	1.79519e+08	1.78879e+08	1.08564e+08	1.9881e+08	1.11296e+08	1.15155e+08	1.29149e+08	1.39579e+08	1.32666e+08	1.42218e+08	1.79887e+08	1.99435e+08
ERR636789	1.89238e+08	1.61255e+08	1.57917e+08	1.86025e+08	1.61437e+08	1.59653e+08	2.93766e+08	2.0444e+08	1.33727e+08	2.99526e+08	3.00842e+08	2.90917e+08	2.00717e+08	2.50198e+08	3.27601e+08	3.1152e+08	2.44512e+08	3.09895e+08	3.0653e+08	4.6882e+08	3.31161e+08	3.49184e+08	3.57164e+08	3.51717e+08	3.23959e+08	3.38177e+08	3.23313e+08	3.26215e+08	2.63294e+08	3.10249e+08	1.82888e+08	1.67174e+08	1.94508e+08	1.68104e+08	1.74252e+08	1.66643e+08	2.44038e+08	2.40314e+08	2.41555e+08	3.24899e+08	3.04857e+08	3.26562e+08	3.48103e+08	3.49831e+08	2.97146e+08	3.52165e+08	3.24916e+08	3.21895e+08	2.11206e+08	2.00965e+08	1.6304e+08	2.00223e+08	2.01268e+08	1.92616e+08	1.2343e+08	1.30585e+08	1.18932e+08	1.83664e+08	1.27454e+08	1.71169e+08	2.05633e+08	2.09699e+08	2.16287e+08	2.01624e+08	1.70011e+08	2.0554e+08	1.29433e+08	1.81302e+08	1.79936e+08	1.30712e+08	1.31178e+08	1.80172e+08	2.13082e+08	2.8024e+08	2.57741e+08	2.27458e+08	2.74322e+08	2.60199e+08	2.14915e+08	2.0405e+08	2.22641e+08	1.84112e+08	2.11842e+08	2.05137e+08	1.96235e+08	1.9539e+08	1.18517e+08	2.17385e+08	1.21628e+08	1.2587e+08	1.40447e+08	1.5191e+08	1.44327e+08	1.54718e+08	1.95759e+08	2.17003e+08
ERR636788	1.8961e+08	1.61365e+08	1.57548e+08	1.8641e+08	1.6127e+08	1.59452e+08	2.94051e+08	2.04926e+08	1.3328e+08	2.99751e+08	3.00866e+08	2.918e+08	2.00732e+08	2.50086e+08	3.27763e+08	3.11494e+08	2.44536e+08	3.09715e+08	3.06665e+08	3.31161e+08	4.69226e+08	3.49e+08	3.57168e+08	3.51584e+08	3.24238e+08	3.38771e+08	3.23492e+08	3.26618e+08	2.63638e+08	3.10704e+08	1.83054e+08	1.66868e+08	1.94563e+08	1.6784e+08	1.74024e+08	1.66347e+08	2.45253e+08	2.41331e+08	2.42707e+08	3.25442e+08	3.0555e+08	3.27734e+08	3.48192e+08	3.49911e+08	2.97392e+08	3.52404e+08	3.25202e+08	3.22443e+08	2.11143e+08	2.00637e+08	1.62892e+08	2.00017e+08	2.01093e+08	1.92393e+08	1.23446e+08	1.30654e+08	1.18466e+08	1.83808e+08	1.27544e+08	1.71174e+08	2.05574e+08	2.0982e+08	2.16559e+08	2.01608e+08	1.70087e+08	2.05554e+08	1.29521e+08	1.80954e+08	1.79649e+08	1.3066e+08	1.31172e+08	1.79785e+08	2.13118e+08	2.80614e+08	2.58217e+08	2.27609e+08	2.74735e+08	2.60788e+08	2.15181e+08	2.0399e+08	2.22683e+08	1.8408e+08	2.12242e+08	2.05291e+08	1.95947e+08	1.95445e+08	1.18391e+08	2.17593e+08	1.21491e+08	1.25779e+08	1.40633e+08	1.52315e+08	1.44706e+08	1.55159e+08	1.95948e+08	2.17535e+08
ERR636790	2.00882e+08	1.71251e+08	1.67611e+08	1.97563e+08	1.71618e+08	1.69508e+08	3.11368e+08	2.16504e+08	1.41271e+08	3.17427e+08	3.18756e+08	3.08082e+08	2.11745e+08	2.64034e+08	3.46421e+08	3.29332e+08	2.57996e+08	3.27547e+08	3.2278e+08	3.49184e+08	3.49e+08	5.15869e+08	3.78955e+08	3.7284e+08	3.42432e+08	3.57478e+08	3.41703e+08	3.44902e+08	2.78087e+08	3.28017e+08	1.94298e+08	1.77468e+08	2.06387e+08	1.78316e+08	1.85055e+08	1.77077e+08	2.57801e+08	2.53746e+08	2.55056e+08	3.43381e+08	3.22155e+08	3.45189e+08	3.6855e+08	3.70137e+08	3.14111e+08	3.72868e+08	3.4394e+08	3.40385e+08	2.23403e+08	2.12592e+08	1.72521e+08	2.11753e+08	2.12823e+08	2.03897e+08	1.31065e+08	1.38655e+08	1.26239e+08	1.95074e+08	1.35368e+08	1.81725e+08	2.18548e+08	2.22809e+08	2.29716e+08	2.13986e+08	1.80587e+08	2.1844e+08	1.37453e+08	1.92436e+08	1.9091e+08	1.3866e+08	1.3922e+08	1.91231e+08	2.24946e+08	2.96146e+08	2.72255e+08	2.40238e+08	2.89866e+08	2.74858e+08	2.28273e+08	2.16707e+08	2.36539e+08	1.95582e+08	2.25137e+08	2.17762e+08	2.08542e+08	2.07844e+08	1.25912e+08	2.31123e+08	1.29273e+08	1.33794e+08	1.48787e+08	1.6104e+08	1.52911e+08	1.64002e+08	2.07547e+08	2.30073e+08
ERR636792	2.06386e+08	1.75934e+08	1.72112e+08	2.02924e+08	1.76136e+08	1.74178e+08	3.18699e+08	2.21335e+08	1.44609e+08	3.25033e+08	3.26442e+08	3.15608e+08	2.16533e+08	2.70306e+08	3.54653e+08	3.37098e+08	2.64024e+08	3.35468e+08	3.30352e+08	3.57164e+08	3.57168e+08	3.78955e+08	5.37845e+08	3.8185e+08	3.50796e+08	3.66276e+08	3.50085e+08	3.53228e+08	2.8494e+08	3.35871e+08	1.99501e+08	1.82336e+08	2.1208e+08	1.8319e+08	1.89999e+08	1.81633e+08	2.63935e+08	2.59669e+08	2.61097e+08	3.51513e+08	3.29893e+08	3.53554e+08	3.7734e+08	3.79096e+08	3.2161e+08	3.8185e+08	3.51949e+08	3.484e+08	2.28579e+08	2.17638e+08	1.76468e+08	2.16714e+08	2.17916e+08	2.08572e+08	1.34562e+08	1.42414e+08	1.29653e+08	2.00348e+08	1.38942e+08	1.86696e+08	2.24598e+08	2.28989e+08	2.36148e+08	2.20041e+08	1.85589e+08	2.24499e+08	1.4121e+08	1.97678e+08	1.96268e+08	1.42479e+08	1.43087e+08	1.96454e+08	2.30091e+08	3.03128e+08	2.78632e+08	2.45768e+08	2.96798e+08	2.81348e+08	2.34559e+08	2.22622e+08	2.42881e+08	2.00908e+08	2.31152e+08	2.23798e+08	2.14114e+08	2.13463e+08	1.2951e+08	2.37371e+08	1.32865e+08	1.3751e+08	1.52506e+08	1.65013e+08	1.56846e+08	1.68058e+08	2.12641e+08	2.3582e+08
ERR636791	2.0275e+08	1.72667e+08	1.6897e+08	1.99321e+08	1.73004e+08	1.71196e+08	3.13899e+08	2.18098e+08	1.42579e+08	3.19868e+08	3.21318e+08	3.10481e+08	2.13094e+08	2.65935e+08	3.4876e+08	3.31637e+08	2.59817e+08	3.3003e+08	3.2544e+08	3.51717e+08	3.51584e+08	3.7284e+08	3.8185e+08	5.2283e+08	3.45055e+08	3.60106e+08	3.44403e+08	3.47439e+08	2.80175e+08	3.3059e+08	1.96031e+08	1.79131e+08	2.08291e+08	1.80015e+08	1.86683e+08	1.78526e+08	2.59421e+08	2.55431e+08	2.56872e+08	3.45834e+08	3.24421e+08	3.47755e+08	3.7145e+08	3.73115e+08	3.1666e+08	3.75881e+08	3.46462e+08	3.43098e+08	2.25296e+08	2.14529e+08	1.74062e+08	2.1363e+08	2.14799e+08	2.05527e+08	1.32127e+08	1.39875e+08	1.27403e+08	1.96782e+08	1.36515e+08	1.83385e+08	2.20746e+08	2.25027e+08	2.31938e+08	2.16323e+08	1.8254e+08	2.20566e+08	1.38787e+08	1.94321e+08	1.92883e+08	1.39988e+08	1.40638e+08	1.93114e+08	2.26543e+08	2.98247e+08	2.7409e+08	2.41875e+08	2.91955e+08	2.76701e+08	2.30268e+08	2.18616e+08	2.38631e+08	1.97465e+08	2.27215e+08	2.19731e+08	2.10468e+08	2.09844e+08	1.2744e+08	2.33285e+08	1.30679e+08	1.35192e+08	1.49891e+08	1.62209e+08	1.54029e+08	1.65191e+08	2.09175e+08	2.31947e+08
ERR612254	1.99159e+08	1.69492e+08	1.65527e+08	1.95837e+08	1.69363e+08	1.6749e+08	3.07245e+08	2.14286e+08	1.38665e+08	3.12964e+08	3.14345e+08	3.0523e+08	2.12583e+08	2.6526e+08	3.48282e+08	3.30763e+08	2.59305e+08	3.28827e+08	2.99532e+08	3.23959e+08	3.24238e+08	3.42432e+08	3.50796e+08	3.45055e+08	5.11132e+08	3.801e+08	3.62842e+08	3.66405e+08	2.96771e+08	3.49799e+08	1.92581e+08	1.75455e+08	2.04683e+08	1.76389e+08	1.82778e+08	1.75008e+08	2.5359e+08	2.49549e+08	2.50714e+08	3.35478e+08	3.14802e+08	3.3782e+08	3.57389e+08	3.59002e+08	3.04566e+08	3.61516e+08	3.33328e+08	3.30503e+08	2.30332e+08	2.18942e+08	1.78453e+08	2.18444e+08	2.1932e+08	2.10484e+08	1.29667e+08	1.37235e+08	1.2432e+08	1.93253e+08	1.34066e+08	1.79902e+08	2.27936e+08	2.3254e+08	2.39485e+08	2.23628e+08	1.89262e+08	2.27516e+08	1.41101e+08	1.9714e+08	1.95719e+08	1.42234e+08	1.43063e+08	1.95905e+08	2.16769e+08	2.8585e+08	2.6302e+08	2.31886e+08	2.79948e+08	2.65568e+08	2.26671e+08	2.14518e+08	2.34376e+08	1.93509e+08	2.23647e+08	2.16359e+08	2.14848e+08	2.14186e+08	1.31402e+08	2.38068e+08	1.3453e+08	1.39178e+08	1.52064e+08	1.65426e+08	1.56931e+08	1.68609e+08	2.12076e+08	2.35597e+08
ERR612251	2.09602e+08	1.7828e+08	1.7402e+08	2.06201e+08	1.78135e+08	1.76081e+08	3.21112e+08	2.23611e+08	1.4429e+08	3.27197e+08	3.28521e+08	3.19293e+08	2.21666e+08	2.76765e+08	3.64188e+08	3.45505e+08	2.70626e+08	3.43487e+08	3.12543e+08	3.38177e+08	3.38771e+08	3.57478e+08	3.66276e+08	3.60106e+08	3.801e+08	5.53381e+08	3.7999e+08	3.83556e+08	3.08403e+08	3.64175e+08	2.02692e+08	1.84577e+08	2.15443e+08	1.85533e+08	1.92449e+08	1.84105e+08	2.64739e+08	2.6043e+08	2.61814e+08	3.50655e+08	3.28882e+08	3.53209e+08	3.72746e+08	3.74533e+08	3.1766e+08	3.7723e+08	3.47757e+08	3.45087e+08	2.41757e+08	2.2981e+08	1.87222e+08	2.29135e+08	2.30096e+08	2.20656e+08	1.36445e+08	1.44461e+08	1.30592e+08	2.03472e+08	1.41025e+08	1.89395e+08	2.39307e+08	2.44031e+08	2.51702e+08	2.3477e+08	1.98514e+08	2.38919e+08	1.48496e+08	2.07278e+08	2.05915e+08	1.4971e+08	1.5045e+08	2.06015e+08	2.26427e+08	2.98861e+08	2.75201e+08	2.42308e+08	2.92771e+08	2.77959e+08	2.38591e+08	2.25805e+08	2.4656e+08	2.0368e+08	2.35353e+08	2.27725e+08	2.25589e+08	2.24856e+08	1.37849e+08	2.50178e+08	1.41165e+08	1.45834e+08	1.59908e+08	1.7391e+08	1.65023e+08	1.77248e+08	2.22953e+08	2.47741e+08
ERR612252	1.99021e+08	1.69538e+08	1.65789e+08	1.95682e+08	1.69787e+08	1.67833e+08	3.06548e+08	2.13348e+08	1.38693e+08	3.12436e+08	3.13659e+08	3.0385e+08	2.12042e+08	2.64296e+08	3.47376e+08	3.29921e+08	2.58548e+08	3.28232e+08	2.98825e+08	3.23313e+08	3.23492e+08	3.41703e+08	3.50085e+08	3.44403e+08	3.62842e+08	3.7999e+08	5.09641e+08	3.66351e+08	2.9454e+08	3.47353e+08	1.92442e+08	1.75827e+08	2.04716e+08	1.76728e+08	1.83198e+08	1.75211e+08	2.52117e+08	2.4805e+08	2.49248e+08	3.34429e+08	3.13695e+08	3.36651e+08	3.56651e+08	3.58287e+08	3.03897e+08	3.60692e+08	3.32571e+08	3.2965e+08	2.31309e+08	2.20302e+08	1.79405e+08	2.1944e+08	2.20386e+08	2.11425e+08	1.29808e+08	1.37355e+08	1.24797e+08	1.93304e+08	1.34125e+08	1.80015e+08	2.28124e+08	2.3268e+08	2.39614e+08	2.23688e+08	1.8926e+08	2.27817e+08	1.4148e+08	1.97702e+08	1.96318e+08	1.42602e+08	1.43258e+08	1.9655e+08	2.16406e+08	2.85251e+08	2.62272e+08	2.31417e+08	2.79271e+08	2.64932e+08	2.26535e+08	2.15017e+08	2.3461e+08	1.93991e+08	2.2344e+08	2.16311e+08	2.15745e+08	2.15044e+08	1.32085e+08	2.38692e+08	1.35374e+08	1.39966e+08	1.52254e+08	1.65213e+08	1.56894e+08	1.68451e+08	2.12426e+08	2.35525e+08
ERR612253	2.00801e+08	1.70942e+08	1.6709e+08	1.97387e+08	1.70994e+08	1.69046e+08	3.09384e+08	2.15586e+08	1.39737e+08	3.15105e+08	3.16448e+08	3.07168e+08	2.13923e+08	2.66972e+08	3.5076e+08	3.33247e+08	2.60917e+08	3.31201e+08	3.01689e+08	3.26215e+08	3.26618e+08	3.44902e+08	3.53228e+08	3.47439e+08	3.66405e+08	3.83556e+08	3.66351e+08	5.17994e+08	2.97497e+08	3.50996e+08	1.94359e+08	1.77152e+08	2.06491e+08	1.78064e+08	1.84579e+08	1.76661e+08	2.54916e+08	2.50792e+08	2.52053e+08	3.3779e+08	3.16847e+08	3.4001e+08	3.59762e+08	3.61393e+08	3.06576e+08	3.6386e+08	3.35567e+08	3.32721e+08	2.32501e+08	2.21213e+08	1.80297e+08	2.20505e+08	2.21504e+08	2.12445e+08	1.30924e+08	1.38452e+08	1.25692e+08	1.94955e+08	1.35341e+08	1.8157e+08	2.30414e+08	2.34888e+08	2.41997e+08	2.25758e+08	1.91248e+08	2.29961e+08	1.42641e+08	1.99126e+08	1.97769e+08	1.43714e+08	1.44453e+08	1.9795e+08	2.18482e+08	2.87808e+08	2.64815e+08	2.33514e+08	2.81932e+08	2.67307e+08	2.28589e+08	2.16639e+08	2.3643e+08	1.95367e+08	2.25446e+08	2.18173e+08	2.17186e+08	2.16543e+08	1.32997e+08	2.40427e+08	1.36176e+08	1.40757e+08	1.53313e+08	1.66498e+08	1.58195e+08	1.69811e+08	2.13893e+08	2.37434e+08
ERR612255	1.59571e+08	1.35819e+08	1.3269e+08	1.56927e+08	1.3579e+08	1.34262e+08	2.48856e+08	1.74291e+08	1.13301e+08	2.53497e+08	2.54433e+08	2.47204e+08	1.7294e+08	2.14883e+08	2.81416e+08	2.67574e+08	2.10233e+08	2.65776e+08	2.43829e+08	2.63294e+08	2.63638e+08	2.78087e+08	2.8494e+08	2.80175e+08	2.96771e+08	3.08403e+08	2.9454e+08	2.97497e+08	3.58802e+08	2.8434e+08	1.54196e+08	1.40588e+08	1.63841e+08	1.41262e+08	1.46438e+08	1.40111e+08	2.0666e+08	2.03272e+08	2.04501e+08	2.72535e+08	2.55892e+08	2.74384e+08	2.89697e+08	2.90906e+08	2.47355e+08	2.93026e+08	2.70523e+08	2.68263e+08	1.84613e+08	1.75507e+08	1.43325e+08	1.75154e+08	1.75825e+08	1.68731e+08	1.03976e+08	1.09952e+08	9.97264e+07	1.54868e+08	1.07469e+08	1.44169e+08	1.82692e+08	1.86516e+08	1.92001e+08	1.79106e+08	1.51756e+08	1.8236e+08	1.13188e+08	1.57864e+08	1.56824e+08	1.14069e+08	1.14599e+08	1.56883e+08	1.76007e+08	2.3139e+08	2.13043e+08	1.8815e+08	2.26852e+08	2.15205e+08	1.81549e+08	1.71957e+08	1.87574e+08	1.54999e+08	1.79088e+08	1.73246e+08	1.72053e+08	1.71576e+08	1.05418e+08	1.90773e+08	1.0799e+08	1.11602e+08	1.22285e+08	1.32975e+08	1.26236e+08	1.35506e+08	1.70429e+08	1.89391e+08
ERR612256	1.90416e+08	1.6206e+08	1.58294e+08	1.87204e+08	1.6201e+08	1.6007e+08	2.94037e+08	2.05129e+08	1.32901e+08	2.99573e+08	3.00827e+08	2.92146e+08	2.0361e+08	2.53692e+08	3.33225e+08	3.1641e+08	2.48135e+08	3.1457e+08	2.87037e+08	3.10249e+08	3.10704e+08	3.28017e+08	3.35871e+08	3.3059e+08	3.49799e+08	3.64175e+08	3.47353e+08	3.50996e+08	2.8434e+08	4.74867e+08	1.8407e+08	1.67728e+08	1.95673e+08	1.68581e+08	1.74775e+08	1.67218e+08	2.42873e+08	2.3905e+08	2.40127e+08	3.21309e+08	3.01406e+08	3.2349e+08	3.41955e+08	3.43522e+08	2.9167e+08	3.46053e+08	3.19044e+08	3.16435e+08	2.20282e+08	2.09395e+08	1.70862e+08	2.08921e+08	2.0977e+08	2.01321e+08	1.23923e+08	1.31272e+08	1.18868e+08	1.84883e+08	1.28199e+08	1.71963e+08	2.18167e+08	2.22625e+08	2.29363e+08	2.14057e+08	1.81189e+08	2.17728e+08	1.35113e+08	1.88583e+08	1.87235e+08	1.36201e+08	1.36882e+08	1.875e+08	2.07619e+08	2.73587e+08	2.51757e+08	2.22029e+08	2.68039e+08	2.54307e+08	2.16714e+08	2.05207e+08	2.24088e+08	1.85005e+08	2.13718e+08	2.06874e+08	2.05714e+08	2.04902e+08	1.25963e+08	2.27864e+08	1.28912e+08	1.33319e+08	1.45417e+08	1.58275e+08	1.5009e+08	1.61328e+08	2.02883e+08	2.25376e+08
ERR635317	2.9465e+08	2.52365e+08	2.4665e+08	2.90062e+08	2.51951e+08	2.49462e+08	2.11362e+08	1.44101e+08	9.09064e+07	2.15801e+08	2.16862e+08	2.09825e+08	1.44179e+08	1.8256e+08	2.45723e+08	2.31772e+08	1.7787e+08	2.31037e+08	1.67149e+08	1.82888e+08	1.83054e+08	1.94298e+08	1.99501e+08	1.96031e+08	1.92581e+08	2.02692e+08	1.92442e+08	1.94359e+08	1.54196e+08	1.8407e+08	4.61559e+08	3.00271e+08	3.45526e+08	3.01124e+08	3.11767e+08	2.99039e+08	1.71813e+08	1.68815e+08	1.69541e+08	2.32825e+08	2.16861e+08	2.34626e+08	2.02491e+08	2.03569e+08	1.69645e+08	2.05092e+08	1.878e+08	1.85859e+08	2.58187e+08	2.45246e+08	1.99611e+08	2.44522e+08	2.46095e+08	2.35438e+08	1.9059e+08	2.01486e+08	1.82906e+08	2.80359e+08	1.96984e+08	2.61449e+08	3.08647e+08	3.14698e+08	3.2456e+08	3.02e+08	2.57323e+08	3.09773e+08	2.0186e+08	2.78021e+08	2.7641e+08	2.03914e+08	2.05026e+08	2.76604e+08	1.26344e+08	1.68664e+08	1.54684e+08	1.35072e+08	1.65342e+08	1.56548e+08	3.26549e+08	3.10375e+08	3.37385e+08	2.81521e+08	3.22692e+08	3.12683e+08	2.88812e+08	2.87652e+08	1.77135e+08	3.18227e+08	1.81126e+08	1.87005e+08	1.91019e+08	2.07596e+08	1.97091e+08	2.11068e+08	2.63356e+08	2.90625e+08
ERR635320	2.71095e+08	2.3301e+08	2.28352e+08	2.67004e+08	2.33127e+08	2.30717e+08	1.93507e+08	1.31612e+08	8.37421e+07	1.97598e+08	1.98572e+08	1.91244e+08	1.32013e+08	1.67145e+08	2.24697e+08	2.12142e+08	1.62812e+08	2.11737e+08	1.5259e+08	1.67174e+08	1.66868e+08	1.77468e+08	1.82336e+08	1.79131e+08	1.75455e+08	1.84577e+08	1.75827e+08	1.77152e+08	1.40588e+08	1.67728e+08	3.00271e+08	4.01428e+08	3.18161e+08	2.80536e+08	2.88234e+08	2.78503e+08	1.5635e+08	1.5354e+08	1.54184e+08	2.1276e+08	1.98175e+08	2.13903e+08	1.8509e+08	1.86144e+08	1.55014e+08	1.87298e+08	1.71633e+08	1.69544e+08	2.37421e+08	2.25902e+08	1.83731e+08	2.25045e+08	2.26484e+08	2.16702e+08	1.75961e+08	1.85898e+08	1.69641e+08	2.5805e+08	1.81674e+08	2.41187e+08	2.84609e+08	2.89921e+08	2.9886e+08	2.78224e+08	2.37311e+08	2.85854e+08	1.86337e+08	2.57012e+08	2.55517e+08	1.88135e+08	1.89111e+08	2.55615e+08	1.15581e+08	1.54211e+08	1.41124e+08	1.23493e+08	1.51037e+08	1.42712e+08	3.00291e+08	2.86005e+08	3.10661e+08	2.59889e+08	2.96621e+08	2.87343e+08	2.66055e+08	2.64735e+08	1.63277e+08	2.9222e+08	1.6723e+08	1.72561e+08	1.75637e+08	1.90298e+08	1.80653e+08	1.93374e+08	2.41864e+08	2.65949e+08
ERR635318	3.1252e+08	2.67608e+08	2.61435e+08	3.07688e+08	2.67241e+08	2.64364e+08	2.24788e+08	1.532e+08	9.64457e+07	2.29479e+08	2.30618e+08	2.23232e+08	1.53138e+08	1.94008e+08	2.61161e+08	2.46209e+08	1.88998e+08	2.45597e+08	1.77771e+08	1.94508e+08	1.94563e+08	2.06387e+08	2.1208e+08	2.08291e+08	2.04683e+08	2.15443e+08	2.04716e+08	2.06491e+08	1.63841e+08	1.95673e+08	3.45526e+08	3.18161e+08	5.10243e+08	3.19109e+08	3.30281e+08	3.16704e+08	1.8275e+08	1.79512e+08	1.80232e+08	2.47415e+08	2.30502e+08	2.49425e+08	2.15207e+08	2.16272e+08	1.80397e+08	2.17952e+08	1.99606e+08	1.97576e+08	2.74082e+08	2.60113e+08	2.11674e+08	2.59508e+08	2.61039e+08	2.49833e+08	2.01964e+08	2.13648e+08	1.93786e+08	2.97756e+08	2.08742e+08	2.77321e+08	3.27437e+08	3.33753e+08	3.44457e+08	3.20232e+08	2.72732e+08	3.28422e+08	2.14187e+08	2.94953e+08	2.93396e+08	2.16199e+08	2.17417e+08	2.93286e+08	1.34323e+08	1.79421e+08	1.64581e+08	1.43609e+08	1.75852e+08	1.66543e+08	3.46812e+08	3.2953e+08	3.58338e+08	2.98771e+08	3.42622e+08	3.32122e+08	3.06629e+08	3.0525e+08	1.87755e+08	3.37898e+08	1.92149e+08	1.98447e+08	2.02838e+08	2.20477e+08	2.09244e+08	2.23987e+08	2.79737e+08	3.08622e+08
