	ERR636926	ERR636927	ERR636925	ERR636930	ERR636928	ERR636929	ERR608374	ERR608375	ERR608373	ERR608376	ERR608372	ERR608371	ERR612170	ERR612171	ERR612169	ERR612172	ERR612168	ERR612167	ERR630047	ERR630042	ERR630044	ERR630046	ERR630045	ERR630043	ERR629940	ERR629944	ERR629945	ERR629943	ERR629942	ERR629941	ERR608027	ERR608025	ERR608026	ERR608028	ERR608029	ERR608030	ERR622183	ERR622179	ERR622180	ERR622184	ERR622181	ERR622182	ERR605656	ERR605653	ERR605658	ERR605654	ERR605657	ERR605655	ERR609283	ERR609287	ERR609286	ERR609284	ERR609288	ERR609285	ERR618578	ERR618573	ERR618576	ERR618574	ERR618575	ERR618577	ERR613697	ERR613698	ERR613699	ERR613696	ERR613695	ERR613700	ERR605600	ERR605599	ERR605602	ERR605603	ERR605604	ERR605601	ERR626557	ERR626552	ERR626555	ERR626553	ERR626556	ERR626554	ERR617497	ERR617495	ERR617496	ERR617493	ERR617494	ERR617498	ERR618397	ERR618394	ERR618395	ERR618393	ERR618398	ERR618396	ERR632075	ERR632076	ERR632077	ERR632074	ERR632078	ERR632073
ERR636926	7.37938e+09	7.11709e+09	6.57442e+09	7.46005e+09	7.48284e+09	7.49929e+09	6.93346e+09	7.01569e+09	7.58268e+09	7.04702e+09	7.63739e+09	7.32642e+09	5.979e+09	5.11891e+09	5.96041e+09	5.77139e+09	5.9868e+09	6.251e+09	6.50067e+09	6.59558e+09	6.34405e+09	6.25964e+09	5.5653e+09	5.94275e+09	7.62685e+09	6.94726e+09	7.02406e+09	7.03783e+09	7.5683e+09	7.16565e+09	6.92066e+09	4.89642e+09	6.41265e+09	6.65232e+09	6.61686e+09	6.66868e+09	4.97513e+09	5.97524e+09	6.27866e+09	5.0288e+09	6.25817e+09	4.95444e+09	5.73613e+09	6.35904e+09	5.79541e+09	6.00858e+09	5.8456e+09	5.91762e+09	7.01213e+09	7.04932e+09	6.01003e+09	6.9716e+09	6.97853e+09	6.71894e+09	5.48633e+09	5.99351e+09	5.77731e+09	5.70849e+09	5.79858e+09	5.48351e+09	6.83672e+09	6.67029e+09	6.62637e+09	7.02307e+09	7.12971e+09	5.69042e+09	6.8324e+09	7.09125e+09	6.70229e+09	6.77484e+09	6.6917e+09	6.54887e+09	5.55326e+09	5.92765e+09	5.62085e+09	6.40193e+09	5.52594e+09	5.83348e+09	5.64759e+09	6.06307e+09	5.44318e+09	5.9476e+09	6.0277e+09	5.71463e+09	5.39941e+09	4.88123e+09	5.23319e+09	5.57985e+09	5.42603e+09	5.28247e+09	7.5042e+09	6.74593e+09	6.47957e+09	7.20774e+09	6.39624e+09	6.80117e+09
ERR636927	7.11709e+09	7.29908e+09	6.5413e+09	7.42261e+09	7.44441e+09	7.46018e+09	6.89991e+09	6.97654e+09	7.54563e+09	7.00871e+09	7.59295e+09	7.29089e+09	5.94675e+09	5.093e+09	5.92969e+09	5.74001e+09	5.95702e+09	6.21406e+09	6.49172e+09	6.57535e+09	6.32449e+09	6.25196e+09	5.5601e+09	5.92891e+09	7.58462e+09	6.92296e+09	6.99862e+09	7.01206e+09	7.52682e+09	7.13384e+09	6.89005e+09	4.88909e+09	6.39031e+09	6.62625e+09	6.59236e+09	6.64416e+09	4.94003e+09	5.94073e+09	6.23573e+09	4.99385e+09	6.22076e+09	4.92051e+09	5.6989e+09	6.31738e+09	5.76593e+09	5.9718e+09	5.8178e+09	5.88145e+09	6.97155e+09	7.01125e+09	5.97396e+09	6.93314e+09	6.94157e+09	6.68771e+09	5.44627e+09	5.9532e+09	5.73571e+09	5.67371e+09	5.76088e+09	5.44359e+09	6.81246e+09	6.64159e+09	6.59725e+09	6.99767e+09	7.1005e+09	5.67121e+09	6.80115e+09	7.05749e+09	6.67087e+09	6.74304e+09	6.66049e+09	6.52047e+09	5.52926e+09	5.90422e+09	5.59593e+09	6.3719e+09	5.50251e+09	5.81304e+09	5.60833e+09	6.01993e+09	5.40601e+09	5.91106e+09	5.98534e+09	5.67797e+09	5.37331e+09	4.86263e+09	5.21169e+09	5.55529e+09	5.39978e+09	5.25676e+09	7.4704e+09	6.72716e+09	6.46271e+09	7.17802e+09	6.3796e+09	6.78171e+09
ERR636925	6.57442e+09	6.5413e+09	6.25771e+09	6.83958e+09	6.85961e+09	6.87367e+09	6.37682e+09	6.44634e+09	6.94375e+09	6.47395e+09	6.98792e+09	6.72062e+09	5.53021e+09	4.75825e+09	5.5139e+09	5.34346e+09	5.53767e+09	5.76979e+09	5.99703e+09	6.07955e+09	5.85646e+09	5.78315e+09	5.16088e+09	5.49969e+09	6.97144e+09	6.38054e+09	6.44841e+09	6.46001e+09	6.92079e+09	6.57025e+09	6.3648e+09	4.55301e+09	5.91692e+09	6.12931e+09	6.0979e+09	6.14452e+09	4.61463e+09	5.51717e+09	5.78174e+09	4.6631e+09	5.76679e+09	4.596e+09	5.2934e+09	5.84639e+09	5.35018e+09	5.53672e+09	5.39569e+09	5.45656e+09	6.4318e+09	6.46656e+09	5.5414e+09	6.3972e+09	6.40361e+09	6.17734e+09	5.0548e+09	5.51154e+09	5.31647e+09	5.25833e+09	5.33718e+09	5.05244e+09	6.28339e+09	6.13497e+09	6.09594e+09	6.44775e+09	6.54011e+09	5.26358e+09	6.27484e+09	6.50389e+09	6.1597e+09	6.22456e+09	6.15056e+09	6.02489e+09	5.13746e+09	5.47488e+09	5.19843e+09	5.89551e+09	5.1128e+09	5.39124e+09	5.20784e+09	5.5783e+09	5.0253e+09	5.47807e+09	5.54715e+09	5.26959e+09	4.99235e+09	4.52639e+09	4.84435e+09	5.15488e+09	5.01554e+09	4.88699e+09	6.86598e+09	6.20371e+09	5.96864e+09	6.60765e+09	5.89524e+09	6.25216e+09
ERR636930	7.46005e+09	7.42261e+09	6.83958e+09	8.03328e+09	7.82063e+09	7.83854e+09	7.22828e+09	7.31171e+09	7.93336e+09	7.34594e+09	7.983e+09	7.65474e+09	6.21028e+09	5.30456e+09	6.19302e+09	5.99073e+09	6.22164e+09	6.49498e+09	6.80366e+09	6.88589e+09	6.61704e+09	6.54609e+09	5.80929e+09	6.19585e+09	7.97897e+09	7.26506e+09	7.34724e+09	7.36146e+09	7.91649e+09	7.49079e+09	7.2223e+09	5.10107e+09	6.68884e+09	6.94069e+09	6.9039e+09	6.95916e+09	5.15172e+09	6.21516e+09	6.53094e+09	5.20802e+09	6.51443e+09	5.13044e+09	5.96108e+09	6.62285e+09	6.03422e+09	6.25271e+09	6.08967e+09	6.15648e+09	7.31425e+09	7.35753e+09	6.24665e+09	7.27341e+09	7.28262e+09	7.01069e+09	5.70198e+09	6.2423e+09	6.0099e+09	5.94412e+09	6.03783e+09	5.69849e+09	7.14609e+09	6.95876e+09	6.91149e+09	7.34508e+09	7.45471e+09	5.92477e+09	7.13527e+09	7.41072e+09	6.99613e+09	7.07399e+09	6.98503e+09	6.83577e+09	5.77392e+09	6.17201e+09	5.84496e+09	6.67009e+09	5.74605e+09	6.07618e+09	5.8678e+09	6.30615e+09	5.65294e+09	6.19094e+09	6.27003e+09	5.94268e+09	5.61794e+09	5.07735e+09	5.44728e+09	5.81212e+09	5.6463e+09	5.4937e+09	7.85479e+09	7.05213e+09	6.76725e+09	7.53816e+09	6.67757e+09	7.11163e+09
ERR636928	7.48284e+09	7.44441e+09	6.85961e+09	7.82063e+09	8.0824e+09	7.86233e+09	7.2488e+09	7.3336e+09	7.95747e+09	7.36753e+09	8.00852e+09	7.67685e+09	6.22853e+09	5.3187e+09	6.21107e+09	6.00781e+09	6.23912e+09	6.51476e+09	6.81909e+09	6.90374e+09	6.63403e+09	6.56039e+09	5.82186e+09	6.21075e+09	8.0037e+09	7.28448e+09	7.36699e+09	7.3813e+09	7.94108e+09	7.51228e+09	7.24398e+09	5.11254e+09	6.70753e+09	6.95982e+09	6.92321e+09	6.97876e+09	5.16738e+09	6.23382e+09	6.55196e+09	5.22379e+09	6.5351e+09	5.14615e+09	5.97975e+09	6.64528e+09	6.05196e+09	6.27292e+09	6.1079e+09	6.17605e+09	7.33747e+09	7.38067e+09	6.26595e+09	7.29592e+09	7.3052e+09	7.03159e+09	5.72137e+09	6.26337e+09	6.03013e+09	5.96363e+09	6.05793e+09	5.71813e+09	7.16575e+09	6.97868e+09	6.93124e+09	7.36586e+09	7.47673e+09	5.94004e+09	7.15687e+09	7.43284e+09	7.01619e+09	7.09509e+09	7.00552e+09	6.85548e+09	5.78919e+09	6.18815e+09	5.86049e+09	6.68884e+09	5.7611e+09	6.09194e+09	5.887e+09	6.32695e+09	5.67089e+09	6.21033e+09	6.29092e+09	5.96156e+09	5.63414e+09	5.09093e+09	5.46213e+09	5.82856e+09	5.66248e+09	5.50982e+09	7.8785e+09	7.07032e+09	6.78422e+09	7.56004e+09	6.69453e+09	7.13055e+09
ERR636929	7.49929e+09	7.46018e+09	6.87367e+09	7.83854e+09	7.86233e+09	8.11812e+09	7.26387e+09	7.34811e+09	7.97383e+09	7.38255e+09	8.0255e+09	7.69334e+09	6.24048e+09	5.32896e+09	6.22299e+09	6.01923e+09	6.25119e+09	6.52755e+09	6.83362e+09	6.91819e+09	6.64764e+09	6.5739e+09	5.83295e+09	6.2232e+09	8.02071e+09	7.2993e+09	7.38156e+09	7.3965e+09	7.95789e+09	7.52775e+09	7.25877e+09	5.12254e+09	6.72119e+09	6.97437e+09	6.93765e+09	6.99293e+09	5.17783e+09	6.24742e+09	6.56619e+09	5.23514e+09	6.54929e+09	5.15676e+09	5.99306e+09	6.65991e+09	6.06537e+09	6.2868e+09	6.12121e+09	6.18982e+09	7.35308e+09	7.39631e+09	6.27876e+09	7.31167e+09	7.32158e+09	7.04653e+09	5.73424e+09	6.27744e+09	6.04414e+09	5.97653e+09	6.07141e+09	5.73066e+09	7.17941e+09	6.99225e+09	6.94504e+09	7.38004e+09	7.49176e+09	5.9511e+09	7.17139e+09	7.44929e+09	7.03157e+09	7.10993e+09	7.02082e+09	6.86988e+09	5.79994e+09	6.19992e+09	5.87172e+09	6.70177e+09	5.77171e+09	6.10332e+09	5.89907e+09	6.34072e+09	5.68244e+09	6.2237e+09	6.30451e+09	5.97398e+09	5.64487e+09	5.10038e+09	5.47193e+09	5.84032e+09	5.67352e+09	5.52029e+09	7.89561e+09	7.08459e+09	6.79801e+09	7.57584e+09	6.70785e+09	7.14467e+09
ERR608374	6.93346e+09	6.89991e+09	6.37682e+09	7.22828e+09	7.2488e+09	7.26387e+09	7.20042e+09	7.08425e+09	7.64703e+09	7.11653e+09	7.69832e+09	7.39537e+09	5.91122e+09	5.06382e+09	5.8932e+09	5.70587e+09	5.9196e+09	6.17624e+09	6.34027e+09	6.42108e+09	6.17765e+09	6.10809e+09	5.43441e+09	5.79244e+09	7.63381e+09	6.99014e+09	7.06363e+09	7.07699e+09	7.57814e+09	7.19894e+09	6.81676e+09	4.83784e+09	6.32262e+09	6.55479e+09	6.51989e+09	6.57304e+09	4.88234e+09	5.86651e+09	6.15899e+09	4.93498e+09	6.1431e+09	4.86306e+09	5.6712e+09	6.28382e+09	5.7375e+09	5.94202e+09	5.78871e+09	5.85148e+09	7.01303e+09	7.05256e+09	6.02979e+09	6.97483e+09	6.98316e+09	6.73423e+09	5.50465e+09	6.00172e+09	5.78987e+09	5.72522e+09	5.81234e+09	5.50221e+09	6.89133e+09	6.72315e+09	6.67906e+09	7.07369e+09	7.17586e+09	5.75502e+09	6.84446e+09	7.09745e+09	6.71555e+09	6.78707e+09	6.70679e+09	6.5673e+09	5.59626e+09	5.96909e+09	5.66315e+09	6.43336e+09	5.56975e+09	5.87873e+09	5.66478e+09	6.07113e+09	5.46374e+09	5.96066e+09	6.03681e+09	5.7311e+09	5.4263e+09	4.91633e+09	5.26272e+09	5.60485e+09	5.45149e+09	5.31078e+09	7.52882e+09	6.80176e+09	6.54102e+09	7.24633e+09	6.45919e+09	6.85554e+09
ERR608375	7.01569e+09	6.97654e+09	6.44634e+09	7.31171e+09	7.3336e+09	7.34811e+09	7.08425e+09	7.36904e+09	7.7403e+09	7.20339e+09	7.79743e+09	7.48339e+09	5.97535e+09	5.11517e+09	5.95595e+09	5.7673e+09	5.98199e+09	6.24648e+09	6.39492e+09	6.48354e+09	6.23704e+09	6.15929e+09	5.47724e+09	5.8439e+09	7.73156e+09	7.06837e+09	7.14375e+09	7.15712e+09	7.67545e+09	7.28378e+09	6.89104e+09	4.87638e+09	6.38593e+09	6.62393e+09	6.58572e+09	6.63958e+09	4.94071e+09	5.93502e+09	6.23616e+09	4.99425e+09	6.21613e+09	4.92058e+09	5.73787e+09	6.36025e+09	5.79842e+09	6.01124e+09	5.84985e+09	5.91998e+09	7.10101e+09	7.13911e+09	6.10276e+09	7.06016e+09	7.06766e+09	6.81257e+09	5.57823e+09	6.08069e+09	5.86772e+09	5.79754e+09	5.88767e+09	5.57566e+09	6.96595e+09	6.7983e+09	6.75354e+09	7.151e+09	7.25743e+09	5.81277e+09	6.92386e+09	7.18149e+09	6.79382e+09	6.86599e+09	6.78455e+09	6.6421e+09	5.65756e+09	6.03273e+09	5.72428e+09	6.50707e+09	5.62969e+09	5.93938e+09	5.73895e+09	6.15094e+09	5.5343e+09	6.03471e+09	6.11732e+09	5.80248e+09	5.48874e+09	4.96787e+09	5.3199e+09	5.66788e+09	5.51418e+09	5.371e+09	7.61908e+09	6.87059e+09	6.60522e+09	7.33041e+09	6.52229e+09	6.92706e+09
ERR608373	7.58268e+09	7.54563e+09	6.94375e+09	7.93336e+09	7.95747e+09	7.97383e+09	7.64703e+09	7.7403e+09	8.66816e+09	7.7784e+09	8.48521e+09	8.1211e+09	6.43037e+09	5.48076e+09	6.41308e+09	6.20065e+09	6.44234e+09	6.73108e+09	6.93438e+09	7.01526e+09	6.7376e+09	6.66813e+09	5.90901e+09	6.30413e+09	8.43212e+09	7.67188e+09	7.7593e+09	7.77496e+09	8.36528e+09	7.91266e+09	7.469e+09	5.25327e+09	6.90914e+09	7.17156e+09	7.13289e+09	7.1927e+09	5.3072e+09	6.41886e+09	6.7537e+09	5.36608e+09	6.73595e+09	5.285e+09	6.22006e+09	6.92456e+09	6.3003e+09	6.53206e+09	6.35991e+09	6.42796e+09	7.72453e+09	7.7712e+09	6.60078e+09	7.68201e+09	7.69149e+09	7.40578e+09	6.05806e+09	6.62523e+09	6.38207e+09	6.30989e+09	6.4107e+09	6.0543e+09	7.56316e+09	7.36279e+09	7.31202e+09	7.77571e+09	7.89266e+09	6.26611e+09	7.54191e+09	7.83152e+09	7.39311e+09	7.47542e+09	7.38224e+09	7.22442e+09	6.09568e+09	6.51493e+09	6.17004e+09	7.04046e+09	6.06666e+09	6.41534e+09	6.2145e+09	6.67697e+09	5.98721e+09	6.55392e+09	6.63924e+09	6.29061e+09	5.93595e+09	5.36515e+09	5.75396e+09	6.14019e+09	5.96579e+09	5.80481e+09	8.31341e+09	7.45566e+09	7.1504e+09	7.97431e+09	7.05534e+09	7.51871e+09
ERR608376	7.04702e+09	7.00871e+09	6.47395e+09	7.34594e+09	7.36753e+09	7.38255e+09	7.11653e+09	7.20339e+09	7.7784e+09	7.43709e+09	7.83619e+09	7.51881e+09	6.00156e+09	5.13627e+09	5.9824e+09	5.79249e+09	6.00815e+09	6.2746e+09	6.42052e+09	6.51069e+09	6.26199e+09	6.18382e+09	5.49769e+09	5.86662e+09	7.76965e+09	7.09825e+09	7.1745e+09	7.18861e+09	7.71219e+09	7.31682e+09	6.92338e+09	4.89641e+09	6.41432e+09	6.65399e+09	6.61613e+09	6.67048e+09	4.96305e+09	5.96307e+09	6.26669e+09	5.01681e+09	6.24638e+09	4.94266e+09	5.76679e+09	6.39382e+09	5.82706e+09	6.04167e+09	5.87899e+09	5.94949e+09	7.13617e+09	7.17388e+09	6.13091e+09	7.09454e+09	7.1017e+09	6.84455e+09	5.60749e+09	6.11319e+09	5.89869e+09	5.82704e+09	5.91846e+09	5.60538e+09	6.99688e+09	6.82891e+09	6.78384e+09	7.18379e+09	7.29074e+09	5.83707e+09	6.9567e+09	7.21643e+09	6.8262e+09	6.89839e+09	6.81697e+09	6.67297e+09	5.68121e+09	6.05875e+09	5.74857e+09	6.53601e+09	5.65392e+09	5.96477e+09	5.76742e+09	6.18286e+09	5.56157e+09	6.06503e+09	6.14811e+09	5.83115e+09	5.51344e+09	4.98903e+09	5.34358e+09	5.69323e+09	5.53942e+09	5.39554e+09	7.65581e+09	6.9004e+09	6.63294e+09	7.36456e+09	6.54942e+09	6.95749e+09
ERR608372	7.63739e+09	7.59295e+09	6.98792e+09	7.983e+09	8.00852e+09	8.0255e+09	7.69832e+09	7.79743e+09	8.48521e+09	7.83619e+09	8.78732e+09	8.17385e+09	6.47584e+09	5.51733e+09	6.45693e+09	6.24417e+09	6.48467e+09	6.78135e+09	6.94608e+09	7.0423e+09	6.76291e+09	6.67907e+09	5.91723e+09	6.32346e+09	8.49358e+09	7.70901e+09	7.79825e+09	7.81387e+09	8.42581e+09	7.96065e+09	7.51054e+09	5.26602e+09	6.94129e+09	7.20807e+09	7.16773e+09	7.22787e+09	5.35398e+09	6.46661e+09	6.81109e+09	5.41298e+09	6.78732e+09	5.33081e+09	6.27052e+09	6.98272e+09	6.34097e+09	6.5826e+09	6.39974e+09	6.47643e+09	7.78631e+09	7.82876e+09	6.65412e+09	7.73977e+09	7.74817e+09	7.45524e+09	6.11501e+09	6.6831e+09	6.4421e+09	6.36107e+09	6.46432e+09	6.11137e+09	7.60005e+09	7.40745e+09	7.35657e+09	7.81573e+09	7.93802e+09	6.29723e+09	7.58755e+09	7.88163e+09	7.43923e+09	7.5216e+09	7.42826e+09	7.26658e+09	6.13295e+09	6.55192e+09	6.20716e+09	7.08591e+09	6.10218e+09	6.44735e+09	6.27144e+09	6.73881e+09	6.04107e+09	6.60683e+09	6.70103e+09	6.34362e+09	5.97314e+09	5.39152e+09	5.78439e+09	6.17558e+09	6.00281e+09	5.84101e+09	8.36456e+09	7.48722e+09	7.18019e+09	8.02053e+09	7.08422e+09	7.55187e+09
ERR608371	7.32642e+09	7.29089e+09	6.72062e+09	7.65474e+09	7.67685e+09	7.69334e+09	7.39537e+09	7.48339e+09	8.1211e+09	7.51881e+09	8.17385e+09	8.05242e+09	6.22278e+09	5.31427e+09	6.20565e+09	6.00279e+09	6.23397e+09	6.50938e+09	6.70189e+09	6.78093e+09	6.51712e+09	6.44929e+09	5.7238e+09	6.10272e+09	8.11235e+09	7.40384e+09	7.48513e+09	7.49953e+09	8.05091e+09	7.63035e+09	7.2106e+09	5.09068e+09	6.67741e+09	6.92744e+09	6.89007e+09	6.94639e+09	5.13386e+09	6.19484e+09	6.51223e+09	5.19001e+09	6.4949e+09	5.11304e+09	5.99424e+09	6.66056e+09	6.06901e+09	6.2889e+09	6.12585e+09	6.19138e+09	7.43677e+09	7.48094e+09	6.36998e+09	7.39648e+09	7.40536e+09	7.13624e+09	5.82912e+09	6.36823e+09	6.13743e+09	6.06906e+09	6.16414e+09	5.82609e+09	7.29815e+09	7.10954e+09	7.06163e+09	7.49788e+09	7.60788e+09	6.06446e+09	7.25934e+09	7.53464e+09	7.11886e+09	7.19664e+09	7.10886e+09	6.9591e+09	5.89687e+09	6.29797e+09	5.9675e+09	6.7984e+09	5.8685e+09	6.20159e+09	5.989e+09	6.42778e+09	5.7725e+09	6.3107e+09	6.39232e+09	6.06092e+09	5.72992e+09	5.18496e+09	5.55616e+09	5.9244e+09	5.75802e+09	5.60495e+09	7.99967e+09	7.1969e+09	6.9104e+09	7.68628e+09	6.81993e+09	7.25769e+09
ERR612170	5.979e+09	5.94675e+09	5.53021e+09	6.21028e+09	6.22853e+09	6.24048e+09	5.91122e+09	5.97535e+09	6.43037e+09	6.00156e+09	6.47584e+09	6.22278e+09	5.45068e+09	4.55726e+09	5.25642e+09	5.10218e+09	5.27451e+09	5.49199e+09	5.43836e+09	5.53113e+09	5.33289e+09	5.24939e+09	4.69831e+09	5.01398e+09	6.48906e+09	5.92795e+09	5.99186e+09	6.0045e+09	6.4393e+09	6.10967e+09	5.88031e+09	4.23107e+09	5.47664e+09	5.66898e+09	5.64182e+09	5.68355e+09	4.34585e+09	5.15894e+09	5.40395e+09	4.39079e+09	5.38729e+09	4.32767e+09	5.06708e+09	5.5758e+09	5.11264e+09	5.29029e+09	5.15306e+09	5.214e+09	6.07766e+09	6.10661e+09	5.28512e+09	6.04597e+09	6.05105e+09	5.842e+09	4.84619e+09	5.2602e+09	5.08663e+09	5.02625e+09	5.09821e+09	4.84457e+09	5.89114e+09	5.77164e+09	5.7374e+09	6.04154e+09	6.1294e+09	4.98382e+09	5.92801e+09	6.13347e+09	5.82706e+09	5.88426e+09	5.81852e+09	5.70018e+09	4.85294e+09	5.15262e+09	4.90818e+09	5.53326e+09	4.82947e+09	5.07268e+09	4.95969e+09	5.29764e+09	4.79264e+09	5.20058e+09	5.26792e+09	5.01262e+09	4.73953e+09	4.30408e+09	4.5973e+09	4.88149e+09	4.76132e+09	4.64273e+09	6.38637e+09	5.77274e+09	5.55831e+09	6.14618e+09	5.49235e+09	5.81128e+09
ERR612171	5.11891e+09	5.093e+09	4.75825e+09	5.30456e+09	5.3187e+09	5.32896e+09	5.06382e+09	5.11517e+09	5.48076e+09	5.13627e+09	5.51733e+09	5.31427e+09	4.55726e+09	4.12396e+09	4.54399e+09	4.42023e+09	4.55793e+09	4.73224e+09	4.67287e+09	4.75073e+09	4.59051e+09	4.51944e+09	4.06954e+09	4.33037e+09	5.51984e+09	5.06735e+09	5.11868e+09	5.12896e+09	5.47994e+09	5.21391e+09	5.03953e+09	3.69131e+09	4.71376e+09	4.8699e+09	4.84695e+09	4.8814e+09	3.79396e+09	4.45967e+09	4.65746e+09	3.8315e+09	4.64431e+09	3.77868e+09	4.38478e+09	4.7967e+09	4.42165e+09	4.56597e+09	4.45462e+09	4.50433e+09	5.19145e+09	5.21485e+09	4.55336e+09	5.16562e+09	5.17054e+09	5.00195e+09	4.18859e+09	4.5291e+09	4.38744e+09	4.33741e+09	4.39627e+09	4.18737e+09	5.03936e+09	4.94396e+09	4.91581e+09	5.16075e+09	5.23192e+09	4.30721e+09	5.07216e+09	5.23711e+09	4.99119e+09	5.03694e+09	4.98422e+09	4.88872e+09	4.20069e+09	4.44381e+09	4.24576e+09	4.75114e+09	4.18098e+09	4.3787e+09	4.28666e+09	4.5617e+09	4.15007e+09	4.4833e+09	4.53733e+09	4.33042e+09	4.10755e+09	3.74965e+09	3.9914e+09	4.22288e+09	4.12567e+09	4.02897e+09	5.43708e+09	4.9411e+09	4.76809e+09	5.24321e+09	4.71475e+09	4.97246e+09
ERR612169	5.96041e+09	5.92969e+09	5.5139e+09	6.19302e+09	6.21107e+09	6.22299e+09	5.8932e+09	5.95595e+09	6.41308e+09	5.9824e+09	6.45693e+09	6.20565e+09	5.25642e+09	4.54399e+09	5.42016e+09	5.08621e+09	5.26227e+09	5.47656e+09	5.43236e+09	5.52099e+09	5.32365e+09	5.24318e+09	4.69354e+09	5.00621e+09	6.46862e+09	5.91173e+09	5.9757e+09	5.9879e+09	6.41935e+09	6.09161e+09	5.86603e+09	4.22672e+09	5.46527e+09	5.65605e+09	5.62928e+09	5.67094e+09	4.33174e+09	5.14459e+09	5.38735e+09	4.37623e+09	5.37168e+09	4.31368e+09	5.05465e+09	5.56211e+09	5.10269e+09	5.27875e+09	5.1438e+09	5.20222e+09	6.05709e+09	6.08697e+09	5.26688e+09	6.0259e+09	6.03174e+09	5.82558e+09	4.82896e+09	5.24269e+09	5.06893e+09	5.01058e+09	5.08242e+09	4.82726e+09	5.87769e+09	5.75639e+09	5.72087e+09	6.02788e+09	6.11466e+09	4.97147e+09	5.91334e+09	6.11775e+09	5.81152e+09	5.86887e+09	5.80265e+09	5.68592e+09	4.83929e+09	5.13991e+09	4.89444e+09	5.51726e+09	4.81556e+09	5.0603e+09	4.94223e+09	5.27882e+09	4.77606e+09	5.1852e+09	5.24976e+09	4.99739e+09	4.72558e+09	4.29425e+09	4.58624e+09	4.86904e+09	4.74735e+09	4.62948e+09	6.3683e+09	5.75865e+09	5.54499e+09	6.1296e+09	5.47921e+09	5.79831e+09
ERR612172	5.77139e+09	5.74001e+09	5.34346e+09	5.99073e+09	6.00781e+09	6.01923e+09	5.70587e+09	5.7673e+09	6.20065e+09	5.79249e+09	6.24417e+09	6.00279e+09	5.10218e+09	4.42023e+09	5.08621e+09	5.11073e+09	5.10255e+09	5.30998e+09	5.25057e+09	5.34064e+09	5.15197e+09	5.06971e+09	4.54381e+09	4.84705e+09	6.25372e+09	5.71766e+09	5.77816e+09	5.79052e+09	6.20644e+09	5.89132e+09	5.67691e+09	4.10043e+09	5.2921e+09	5.47599e+09	5.44971e+09	5.48943e+09	4.21673e+09	4.99376e+09	5.22714e+09	4.25941e+09	5.21081e+09	4.19929e+09	4.90582e+09	5.39107e+09	4.94903e+09	5.11847e+09	4.98728e+09	5.04606e+09	5.86349e+09	5.89026e+09	5.10932e+09	5.83298e+09	5.83813e+09	5.63845e+09	4.69162e+09	5.08684e+09	4.92178e+09	4.86298e+09	4.93226e+09	4.69011e+09	5.68191e+09	5.56939e+09	5.53626e+09	5.8256e+09	5.90975e+09	4.81837e+09	5.71946e+09	5.91514e+09	5.62336e+09	5.67826e+09	5.61551e+09	5.5025e+09	4.69553e+09	4.98113e+09	4.74848e+09	5.34377e+09	4.6725e+09	4.90382e+09	4.80054e+09	5.12297e+09	4.6411e+09	5.03e+09	5.09477e+09	4.85119e+09	4.5882e+09	4.1711e+09	4.45194e+09	4.72323e+09	4.60862e+09	4.49584e+09	6.15524e+09	5.56903e+09	5.36458e+09	5.92604e+09	5.30174e+09	5.60572e+09
ERR612168	5.9868e+09	5.95702e+09	5.53767e+09	6.22164e+09	6.23912e+09	6.25119e+09	5.9196e+09	5.98199e+09	6.44234e+09	6.00815e+09	6.48467e+09	6.23397e+09	5.27451e+09	4.55793e+09	5.26227e+09	5.10255e+09	5.45989e+09	5.49637e+09	5.46745e+09	5.55425e+09	5.35551e+09	5.27729e+09	4.72286e+09	5.03667e+09	6.50185e+09	5.94658e+09	6.01035e+09	6.02282e+09	6.45219e+09	6.12524e+09	5.8942e+09	4.24661e+09	5.49141e+09	5.68357e+09	5.65814e+09	5.69924e+09	4.33918e+09	5.16025e+09	5.40333e+09	4.38465e+09	5.38807e+09	4.3214e+09	5.06841e+09	5.58017e+09	5.121e+09	5.29577e+09	5.16314e+09	5.21855e+09	6.0884e+09	6.11865e+09	5.29217e+09	6.0591e+09	6.06402e+09	5.85693e+09	4.84097e+09	5.25934e+09	5.08239e+09	5.0274e+09	5.09733e+09	4.83941e+09	5.91195e+09	5.78707e+09	5.75168e+09	6.06383e+09	6.14877e+09	4.99807e+09	5.94514e+09	6.15017e+09	5.84097e+09	5.89931e+09	5.83237e+09	5.71572e+09	4.86229e+09	5.16537e+09	4.91739e+09	5.54559e+09	4.83932e+09	5.08599e+09	4.95506e+09	5.29449e+09	4.7888e+09	5.20173e+09	5.26457e+09	5.01191e+09	4.74491e+09	4.31363e+09	4.606e+09	4.89067e+09	4.76628e+09	4.64813e+09	6.40531e+09	5.79598e+09	5.58123e+09	6.16519e+09	5.51464e+09	5.83489e+09
ERR612167	6.251e+09	6.21406e+09	5.76979e+09	6.49498e+09	6.51476e+09	6.52755e+09	6.17624e+09	6.24648e+09	6.73108e+09	6.2746e+09	6.78135e+09	6.50938e+09	5.49199e+09	4.73224e+09	5.47656e+09	5.30998e+09	5.49637e+09	5.91952e+09	5.67213e+09	5.77635e+09	5.56592e+09	5.47084e+09	4.88752e+09	5.22455e+09	6.80147e+09	6.19705e+09	6.26511e+09	6.27907e+09	6.74826e+09	6.39356e+09	6.14399e+09	4.39197e+09	5.71182e+09	5.91764e+09	5.88876e+09	5.93388e+09	4.5204e+09	5.38005e+09	5.64289e+09	4.5679e+09	5.62279e+09	4.50151e+09	5.28506e+09	5.82815e+09	5.33164e+09	5.5234e+09	5.37399e+09	5.44084e+09	6.36371e+09	6.39245e+09	5.51884e+09	6.32874e+09	6.33338e+09	6.1085e+09	5.05908e+09	5.49719e+09	5.31329e+09	5.24754e+09	5.32447e+09	5.0576e+09	6.1588e+09	6.03373e+09	5.99612e+09	6.32111e+09	6.41608e+09	5.19353e+09	6.20255e+09	6.42157e+09	6.09278e+09	6.15428e+09	6.08379e+09	5.95774e+09	5.05759e+09	5.37513e+09	5.11644e+09	5.78105e+09	5.03219e+09	5.2884e+09	5.1761e+09	5.53519e+09	4.99869e+09	5.43063e+09	5.50327e+09	5.23128e+09	4.93864e+09	4.47776e+09	4.78721e+09	5.08967e+09	4.96145e+09	4.83635e+09	6.69148e+09	6.03274e+09	5.80478e+09	6.43374e+09	5.7343e+09	6.07535e+09
ERR630047	6.50067e+09	6.49172e+09	5.99703e+09	6.80366e+09	6.81909e+09	6.83362e+09	6.34027e+09	6.39492e+09	6.93438e+09	6.42052e+09	6.94608e+09	6.70189e+09	5.43836e+09	4.67287e+09	5.43236e+09	5.25057e+09	5.46745e+09	5.67213e+09	6.47047e+09	6.28916e+09	6.05687e+09	6.05217e+09	5.39858e+09	5.70266e+09	6.95218e+09	6.41703e+09	6.48177e+09	6.49134e+09	6.90219e+09	6.57496e+09	6.3868e+09	4.62944e+09	5.95681e+09	6.15736e+09	6.13719e+09	6.18076e+09	4.469e+09	5.4126e+09	5.65514e+09	4.51677e+09	5.66127e+09	4.45389e+09	5.18792e+09	5.74898e+09	5.29884e+09	5.44865e+09	5.35398e+09	5.37098e+09	6.3569e+09	6.40803e+09	5.43928e+09	6.33542e+09	6.34595e+09	6.13689e+09	4.88457e+09	5.36966e+09	5.15143e+09	5.12887e+09	5.19967e+09	4.8817e+09	6.31262e+09	6.11686e+09	6.07542e+09	6.47576e+09	6.5504e+09	5.25361e+09	6.25565e+09	6.48218e+09	6.12667e+09	6.19571e+09	6.11727e+09	6.00342e+09	5.08751e+09	5.44712e+09	5.14797e+09	5.85422e+09	5.06667e+09	5.3783e+09	5.04144e+09	5.41163e+09	4.8616e+09	5.34404e+09	5.38144e+09	5.12475e+09	4.92416e+09	4.4908e+09	4.8005e+09	5.10992e+09	4.94895e+09	4.81861e+09	6.88604e+09	6.26561e+09	6.02499e+09	6.63205e+09	5.94974e+09	6.31472e+09
ERR630042	6.59558e+09	6.57535e+09	6.07955e+09	6.88589e+09	6.90374e+09	6.91819e+09	6.42108e+09	6.48354e+09	7.01526e+09	6.51069e+09	7.0423e+09	6.78093e+09	5.53113e+09	4.75073e+09	5.52099e+09	5.34064e+09	5.55425e+09	5.77635e+09	6.28916e+09	6.54382e+09	6.11311e+09	6.06201e+09	5.40362e+09	5.74303e+09	7.0517e+09	6.47311e+09	6.54021e+09	6.55216e+09	6.99898e+09	6.65177e+09	6.46469e+09	4.64416e+09	6.01569e+09	6.22541e+09	6.20338e+09	6.2484e+09	4.57062e+09	5.51139e+09	5.77062e+09	4.62009e+09	5.76633e+09	4.55389e+09	5.30762e+09	5.87883e+09	5.39669e+09	5.56851e+09	5.44827e+09	5.48562e+09	6.47224e+09	6.51546e+09	5.5488e+09	6.44545e+09	6.45189e+09	6.22908e+09	5.00328e+09	5.48647e+09	5.27279e+09	5.23482e+09	5.30805e+09	5.00055e+09	6.37335e+09	6.19458e+09	6.15286e+09	6.5425e+09	6.6273e+09	5.30985e+09	6.34663e+09	6.57937e+09	6.21849e+09	6.28744e+09	6.20911e+09	6.08759e+09	5.15673e+09	5.51226e+09	5.21846e+09	5.93411e+09	5.13454e+09	5.43461e+09	5.15209e+09	5.53075e+09	4.96767e+09	5.44735e+09	5.49816e+09	5.22789e+09	5.00179e+09	4.54678e+09	4.86425e+09	5.18267e+09	5.02633e+09	4.89391e+09	6.97226e+09	6.31554e+09	6.072e+09	6.70816e+09	5.99462e+09	6.36636e+09
ERR630044	6.34405e+09	6.32449e+09	5.85646e+09	6.61704e+09	6.63403e+09	6.64764e+09	6.17765e+09	6.23704e+09	6.7376e+09	6.26199e+09	6.76291e+09	6.51712e+09	5.33289e+09	4.59051e+09	5.32365e+09	5.15197e+09	5.35551e+09	5.56592e+09	6.05687e+09	6.11311e+09	6.07995e+09	5.84202e+09	5.21638e+09	5.53972e+09	6.77008e+09	6.22441e+09	6.288e+09	6.29927e+09	6.72e+09	6.3925e+09	6.21818e+09	4.48707e+09	5.79389e+09	5.99191e+09	5.97062e+09	6.01366e+09	4.41506e+09	5.31217e+09	5.55708e+09	4.46238e+09	5.55383e+09	4.39918e+09	5.11397e+09	5.65595e+09	5.19997e+09	5.36216e+09	5.2489e+09	5.28401e+09	6.22126e+09	6.263e+09	5.34546e+09	6.19564e+09	6.20223e+09	5.99191e+09	4.82039e+09	5.28147e+09	5.07756e+09	5.04218e+09	5.11199e+09	4.81791e+09	6.12993e+09	5.96061e+09	5.92157e+09	6.28997e+09	6.36979e+09	5.12092e+09	6.10394e+09	6.32429e+09	5.9821e+09	6.04787e+09	5.97412e+09	5.85914e+09	4.97555e+09	5.31488e+09	5.03501e+09	5.71461e+09	4.95427e+09	5.24066e+09	4.96619e+09	5.32558e+09	4.7908e+09	5.24706e+09	5.29493e+09	5.03837e+09	4.82417e+09	4.39076e+09	4.69359e+09	4.99686e+09	4.84742e+09	4.72218e+09	6.69408e+09	6.07531e+09	5.84495e+09	6.44562e+09	5.77242e+09	6.12362e+09
ERR630046	6.25964e+09	6.25196e+09	5.78315e+09	6.54609e+09	6.56039e+09	6.5739e+09	6.10809e+09	6.15929e+09	6.66813e+09	6.18382e+09	6.67907e+09	6.44929e+09	5.24939e+09	4.51944e+09	5.24318e+09	5.06971e+09	5.27729e+09	5.47084e+09	6.05217e+09	6.06201e+09	5.84202e+09	6.02381e+09	5.21895e+09	5.50644e+09	6.68209e+09	6.17759e+09	6.23917e+09	6.2483e+09	6.63525e+09	6.32703e+09	6.15015e+09	4.47945e+09	5.74362e+09	5.9331e+09	5.91418e+09	5.95545e+09	4.31853e+09	5.21982e+09	5.44898e+09	4.3642e+09	5.45539e+09	4.30425e+09	5.0015e+09	5.53455e+09	5.10933e+09	5.25041e+09	5.16178e+09	5.17622e+09	6.11581e+09	6.16512e+09	5.24356e+09	6.09616e+09	6.10594e+09	5.90886e+09	4.70744e+09	5.17113e+09	4.96199e+09	4.9416e+09	5.00875e+09	4.70451e+09	6.07964e+09	5.89333e+09	5.85372e+09	6.23357e+09	6.30417e+09	5.07249e+09	6.02098e+09	6.2368e+09	5.89906e+09	5.9648e+09	5.89063e+09	5.7823e+09	4.91257e+09	5.25639e+09	4.97019e+09	5.64301e+09	4.89317e+09	5.19113e+09	4.86122e+09	5.21409e+09	4.68947e+09	5.15029e+09	5.18512e+09	4.9412e+09	4.7523e+09	4.33902e+09	4.63526e+09	4.92957e+09	4.7752e+09	4.65177e+09	6.6198e+09	6.03473e+09	5.80727e+09	6.38032e+09	5.73579e+09	6.08127e+09
ERR630045	5.5653e+09	5.5601e+09	5.16088e+09	5.80929e+09	5.82186e+09	5.83295e+09	5.43441e+09	5.47724e+09	5.90901e+09	5.49769e+09	5.91723e+09	5.7238e+09	4.69831e+09	4.06954e+09	4.69354e+09	4.54381e+09	4.72286e+09	4.88752e+09	5.39858e+09	5.40362e+09	5.21638e+09	5.21895e+09	4.84871e+09	4.93228e+09	5.91486e+09	5.48981e+09	5.54156e+09	5.54928e+09	5.87492e+09	5.61472e+09	5.47086e+09	4.04002e+09	5.12586e+09	5.287e+09	5.27127e+09	5.30687e+09	3.88715e+09	4.6693e+09	4.8644e+09	3.9266e+09	4.8716e+09	3.87449e+09	4.47494e+09	4.93333e+09	4.5709e+09	4.68979e+09	4.61647e+09	4.62663e+09	5.43187e+09	5.4749e+09	4.68428e+09	5.41599e+09	5.42519e+09	5.2578e+09	4.21053e+09	4.61395e+09	4.43213e+09	4.41595e+09	4.4737e+09	4.20738e+09	5.40708e+09	5.24625e+09	5.21354e+09	5.53767e+09	5.5967e+09	4.54445e+09	5.35287e+09	5.53669e+09	5.2487e+09	5.30489e+09	5.24122e+09	5.14936e+09	4.40523e+09	4.70312e+09	4.4551e+09	5.03266e+09	4.38907e+09	4.64734e+09	4.35063e+09	4.65423e+09	4.20214e+09	4.60101e+09	4.62928e+09	4.42109e+09	4.2633e+09	3.90712e+09	4.16344e+09	4.41703e+09	4.28341e+09	4.17658e+09	5.86234e+09	5.36907e+09	5.17588e+09	5.66027e+09	5.11474e+09	5.40837e+09
ERR630043	5.94275e+09	5.92891e+09	5.49969e+09	6.19585e+09	6.21075e+09	6.2232e+09	5.79244e+09	5.8439e+09	6.30413e+09	5.86662e+09	6.32346e+09	6.10272e+09	5.01398e+09	4.33037e+09	5.00621e+09	4.84705e+09	5.03667e+09	5.22455e+09	5.70266e+09	5.74303e+09	5.53972e+09	5.50644e+09	4.93228e+09	5.3932e+09	6.32621e+09	5.83673e+09	5.89468e+09	5.90444e+09	6.28082e+09	5.98659e+09	5.83194e+09	4.24897e+09	5.44732e+09	5.62746e+09	5.60873e+09	5.64764e+09	4.15816e+09	4.99106e+09	5.21099e+09	4.20149e+09	5.21219e+09	4.14389e+09	4.80088e+09	5.29796e+09	4.88719e+09	5.02948e+09	4.93338e+09	4.95905e+09	5.82072e+09	5.86131e+09	5.01649e+09	5.79942e+09	5.80605e+09	5.61604e+09	4.52148e+09	4.94982e+09	4.75993e+09	4.7311e+09	4.79485e+09	4.51924e+09	5.75005e+09	5.5906e+09	5.55422e+09	5.895e+09	5.96554e+09	4.82223e+09	5.71854e+09	5.91896e+09	5.6076e+09	5.66714e+09	5.599e+09	5.49552e+09	4.68481e+09	5.00013e+09	4.73916e+09	5.36433e+09	4.66555e+09	4.93444e+09	4.66208e+09	4.99343e+09	4.50043e+09	4.92483e+09	4.96449e+09	4.73149e+09	4.54059e+09	4.14371e+09	4.42347e+09	4.70082e+09	4.5622e+09	4.44618e+09	6.26167e+09	5.70513e+09	5.49449e+09	6.03585e+09	5.42802e+09	5.74684e+09
ERR629940	7.62685e+09	7.58462e+09	6.97144e+09	7.97897e+09	8.0037e+09	8.02071e+09	7.63381e+09	7.73156e+09	8.43212e+09	7.76965e+09	8.49358e+09	8.11235e+09	6.48906e+09	5.51984e+09	6.46862e+09	6.25372e+09	6.50185e+09	6.80147e+09	6.95218e+09	7.0517e+09	6.77008e+09	6.68209e+09	5.91486e+09	6.32621e+09	9.78322e+09	8.57159e+09	8.68144e+09	8.70255e+09	9.44384e+09	8.87814e+09	7.54462e+09	5.27741e+09	6.96809e+09	7.23574e+09	7.20113e+09	7.2613e+09	5.35937e+09	6.49122e+09	6.84248e+09	5.42174e+09	6.82125e+09	5.33692e+09	6.33614e+09	7.06961e+09	6.41135e+09	6.66364e+09	6.46917e+09	6.55053e+09	8.56299e+09	8.60825e+09	7.30429e+09	8.51143e+09	8.51755e+09	8.18098e+09	6.78466e+09	7.42667e+09	7.1527e+09	7.06191e+09	7.17598e+09	6.77865e+09	8.26568e+09	8.06031e+09	8.00496e+09	8.52104e+09	8.66027e+09	6.82539e+09	8.29426e+09	8.62046e+09	8.12744e+09	8.22103e+09	8.11457e+09	7.93305e+09	6.70159e+09	7.1685e+09	6.78492e+09	7.76819e+09	6.66866e+09	7.04858e+09	6.89999e+09	7.43253e+09	6.64393e+09	7.28379e+09	7.38501e+09	6.98221e+09	6.54994e+09	5.89501e+09	6.33197e+09	6.77577e+09	6.58389e+09	6.39984e+09	9.24693e+09	8.2265e+09	7.87377e+09	8.84011e+09	7.76242e+09	8.29409e+09
ERR629944	6.94726e+09	6.92296e+09	6.38054e+09	7.26506e+09	7.28448e+09	7.2993e+09	6.99014e+09	7.06837e+09	7.67188e+09	7.09825e+09	7.70901e+09	7.40384e+09	5.92795e+09	5.06735e+09	5.91173e+09	5.71766e+09	5.94658e+09	6.19705e+09	6.41703e+09	6.47311e+09	6.22441e+09	6.17759e+09	5.48981e+09	5.83673e+09	8.57159e+09	8.04941e+09	7.92882e+09	7.94503e+09	8.50615e+09	8.0703e+09	6.88163e+09	4.88913e+09	6.38332e+09	6.61607e+09	6.58594e+09	6.63825e+09	4.86534e+09	5.88515e+09	6.17942e+09	4.92095e+09	6.17215e+09	4.84723e+09	5.71492e+09	6.35204e+09	5.80408e+09	6.00737e+09	5.85859e+09	5.91194e+09	7.70723e+09	7.7555e+09	6.62122e+09	7.67167e+09	7.67987e+09	7.40775e+09	6.08166e+09	6.64343e+09	6.39815e+09	6.34301e+09	6.43417e+09	6.07563e+09	7.5554e+09	7.35566e+09	7.30739e+09	7.76499e+09	7.87108e+09	6.29123e+09	7.50264e+09	7.77865e+09	7.35628e+09	7.43719e+09	7.34551e+09	7.19828e+09	6.15104e+09	6.57157e+09	6.22456e+09	7.08496e+09	6.12443e+09	6.47422e+09	6.22072e+09	6.67552e+09	6.00116e+09	6.56686e+09	6.63502e+09	6.30242e+09	5.97055e+09	5.41088e+09	5.79245e+09	6.17628e+09	6.00016e+09	5.84002e+09	8.35662e+09	7.53821e+09	7.23707e+09	8.03125e+09	7.14136e+09	7.59758e+09
ERR629945	7.02406e+09	6.99862e+09	6.44841e+09	7.34724e+09	7.36699e+09	7.38156e+09	7.06363e+09	7.14375e+09	7.7593e+09	7.1745e+09	7.79825e+09	7.48513e+09	5.99186e+09	5.11868e+09	5.9757e+09	5.77816e+09	6.01035e+09	6.26511e+09	6.48177e+09	6.54021e+09	6.288e+09	6.23917e+09	5.54156e+09	5.89468e+09	8.68144e+09	7.92882e+09	8.2325e+09	8.03626e+09	8.61444e+09	8.16564e+09	6.95827e+09	4.93693e+09	6.45194e+09	6.68815e+09	6.65785e+09	6.71102e+09	4.92036e+09	5.95436e+09	6.25413e+09	4.97647e+09	6.2455e+09	4.90149e+09	5.78463e+09	6.43212e+09	5.8736e+09	6.08116e+09	5.92892e+09	5.98391e+09	7.80623e+09	7.85543e+09	6.70044e+09	7.77011e+09	7.77825e+09	7.50081e+09	6.16156e+09	6.73316e+09	6.48386e+09	6.4262e+09	6.51977e+09	6.15577e+09	7.63957e+09	7.43777e+09	7.38793e+09	7.8535e+09	7.96263e+09	6.35412e+09	7.5938e+09	7.87559e+09	7.44537e+09	7.52825e+09	7.43478e+09	7.28379e+09	6.21505e+09	6.6419e+09	6.29007e+09	7.16425e+09	6.18779e+09	6.54262e+09	6.29937e+09	6.76268e+09	6.07528e+09	6.65125e+09	6.72191e+09	6.38199e+09	6.03869e+09	5.46881e+09	5.85724e+09	6.24711e+09	6.06895e+09	5.90596e+09	8.45984e+09	7.62069e+09	7.31349e+09	8.12623e+09	7.2158e+09	7.68029e+09
ERR629943	7.03783e+09	7.01206e+09	6.46001e+09	7.36146e+09	7.3813e+09	7.3965e+09	7.07699e+09	7.15712e+09	7.77496e+09	7.18861e+09	7.81387e+09	7.49953e+09	6.0045e+09	5.12896e+09	5.9879e+09	5.79052e+09	6.02282e+09	6.27907e+09	6.49134e+09	6.55216e+09	6.29927e+09	6.2483e+09	5.54928e+09	5.90444e+09	8.70255e+09	7.94503e+09	8.03626e+09	8.26894e+09	8.63496e+09	8.18402e+09	6.97192e+09	4.94342e+09	6.46334e+09	6.70118e+09	6.67043e+09	6.72416e+09	4.93118e+09	5.96658e+09	6.26836e+09	4.98737e+09	6.25996e+09	4.91217e+09	5.79786e+09	6.44784e+09	5.88692e+09	6.09548e+09	5.94202e+09	5.99792e+09	7.82601e+09	7.87458e+09	6.71698e+09	7.78892e+09	7.7972e+09	7.51725e+09	6.17863e+09	6.75231e+09	6.50242e+09	6.44408e+09	6.53759e+09	6.17291e+09	7.65659e+09	7.455e+09	7.40496e+09	7.87223e+09	7.98176e+09	6.36716e+09	7.61324e+09	7.89595e+09	7.46376e+09	7.54692e+09	7.45289e+09	7.30133e+09	6.2287e+09	6.65575e+09	6.3037e+09	7.18045e+09	6.20088e+09	6.55594e+09	6.31495e+09	6.77955e+09	6.09063e+09	6.66767e+09	6.73849e+09	6.39739e+09	6.05269e+09	5.47993e+09	5.86904e+09	6.26123e+09	6.08265e+09	5.91889e+09	8.48088e+09	7.6374e+09	7.32848e+09	8.14502e+09	7.23036e+09	7.6968e+09
ERR629942	7.5683e+09	7.52682e+09	6.92079e+09	7.91649e+09	7.94108e+09	7.95789e+09	7.57814e+09	7.67545e+09	8.36528e+09	7.71219e+09	8.42581e+09	8.05091e+09	6.4393e+09	5.47994e+09	6.41935e+09	6.20644e+09	6.45219e+09	6.74826e+09	6.90219e+09	6.99898e+09	6.72e+09	6.63525e+09	5.87492e+09	6.28082e+09	9.44384e+09	8.50615e+09	8.61444e+09	8.63496e+09	9.61262e+09	8.8068e+09	7.48591e+09	5.24166e+09	6.9156e+09	7.18085e+09	7.14603e+09	7.20553e+09	5.31697e+09	6.43744e+09	6.785e+09	5.37835e+09	6.76451e+09	5.29466e+09	6.28085e+09	7.0053e+09	6.35598e+09	6.60461e+09	6.41346e+09	6.49356e+09	8.48647e+09	8.53148e+09	7.24391e+09	8.43627e+09	8.44226e+09	8.11104e+09	6.72301e+09	7.35675e+09	7.08633e+09	6.99726e+09	7.11043e+09	6.71685e+09	8.20112e+09	7.99776e+09	7.94253e+09	8.45176e+09	8.58889e+09	6.77675e+09	8.22213e+09	8.54392e+09	8.05745e+09	8.14962e+09	8.04471e+09	7.86638e+09	6.65251e+09	7.11456e+09	6.73462e+09	7.70748e+09	6.62003e+09	6.99652e+09	6.84156e+09	7.36628e+09	6.58855e+09	7.22099e+09	7.3201e+09	6.92271e+09	6.49861e+09	5.85083e+09	6.28328e+09	6.72195e+09	6.53165e+09	6.34973e+09	9.16672e+09	8.16377e+09	7.81586e+09	8.76847e+09	7.70547e+09	8.23117e+09
ERR629941	7.16565e+09	7.13384e+09	6.57025e+09	7.49079e+09	7.51228e+09	7.52775e+09	7.19894e+09	7.28378e+09	7.91266e+09	7.31682e+09	7.96065e+09	7.63035e+09	6.10967e+09	5.21391e+09	6.09161e+09	5.89132e+09	6.12524e+09	6.39356e+09	6.57496e+09	6.65177e+09	6.3925e+09	6.32703e+09	5.61472e+09	5.98659e+09	8.87814e+09	8.0703e+09	8.16564e+09	8.18402e+09	8.8068e+09	8.54946e+09	7.0904e+09	5.00534e+09	6.56524e+09	6.8098e+09	6.77801e+09	6.8333e+09	5.02792e+09	6.07967e+09	6.39374e+09	5.0855e+09	6.38071e+09	5.00831e+09	5.91672e+09	6.58369e+09	5.9966e+09	6.21888e+09	6.05178e+09	6.11729e+09	7.98469e+09	8.03055e+09	6.84594e+09	7.9431e+09	7.94973e+09	7.65605e+09	6.31289e+09	6.89667e+09	6.6446e+09	6.57455e+09	6.67376e+09	6.30704e+09	7.77987e+09	7.58418e+09	7.53324e+09	8.00457e+09	8.12311e+09	6.4617e+09	7.75315e+09	8.04527e+09	7.6013e+09	7.68607e+09	7.59015e+09	7.43075e+09	6.32889e+09	6.76286e+09	6.40582e+09	7.30602e+09	6.29975e+09	6.65701e+09	6.4439e+09	6.92381e+09	6.21237e+09	6.7997e+09	6.8808e+09	6.52405e+09	6.15579e+09	5.56252e+09	5.96226e+09	6.36514e+09	6.18678e+09	6.01863e+09	8.64136e+09	7.75561e+09	7.43862e+09	8.29052e+09	7.3382e+09	7.81662e+09
ERR608027	6.92066e+09	6.89005e+09	6.3648e+09	7.2223e+09	7.24398e+09	7.25877e+09	6.81676e+09	6.89104e+09	7.469e+09	6.92338e+09	7.51054e+09	7.2106e+09	5.88031e+09	5.03953e+09	5.86603e+09	5.67691e+09	5.8942e+09	6.14399e+09	6.3868e+09	6.46469e+09	6.21818e+09	6.15015e+09	5.47086e+09	5.83194e+09	7.54462e+09	6.88163e+09	6.95827e+09	6.97192e+09	7.48591e+09	7.0904e+09	7.31958e+09	5.008e+09	6.57134e+09	6.81335e+09	6.77639e+09	6.83181e+09	5.11954e+09	6.12817e+09	6.44327e+09	5.17519e+09	6.41765e+09	5.09966e+09	5.68743e+09	6.3049e+09	5.76248e+09	5.96221e+09	5.81414e+09	5.87255e+09	6.96031e+09	7.0015e+09	5.97628e+09	6.92458e+09	6.93278e+09	6.68485e+09	5.47438e+09	5.98504e+09	5.76369e+09	5.70776e+09	5.79293e+09	5.47201e+09	6.78641e+09	6.61241e+09	6.56882e+09	6.97047e+09	7.07108e+09	5.65776e+09	6.80208e+09	7.05379e+09	6.67155e+09	6.74364e+09	6.66117e+09	6.5243e+09	5.52848e+09	5.90111e+09	5.59535e+09	6.36041e+09	5.50311e+09	5.81178e+09	5.61305e+09	6.02043e+09	5.41241e+09	5.91753e+09	5.98632e+09	5.68521e+09	5.38983e+09	4.88579e+09	5.23125e+09	5.57417e+09	5.41661e+09	5.2738e+09	7.4405e+09	6.70151e+09	6.43797e+09	7.14726e+09	6.3551e+09	6.75539e+09
ERR608025	4.89642e+09	4.88909e+09	4.55301e+09	5.10107e+09	5.11254e+09	5.12254e+09	4.83784e+09	4.87638e+09	5.25327e+09	4.89641e+09	5.26602e+09	5.09068e+09	4.23107e+09	3.69131e+09	4.22672e+09	4.10043e+09	4.24661e+09	4.39197e+09	4.62944e+09	4.64416e+09	4.48707e+09	4.47945e+09	4.04002e+09	4.24897e+09	5.27741e+09	4.88913e+09	4.93693e+09	4.94342e+09	5.24166e+09	5.00534e+09	5.008e+09	3.87483e+09	4.69993e+09	4.84266e+09	4.82375e+09	4.85631e+09	3.66919e+09	4.3446e+09	4.52644e+09	3.70618e+09	4.52294e+09	3.6567e+09	4.08611e+09	4.47868e+09	4.15869e+09	4.268e+09	4.19547e+09	4.21215e+09	4.89422e+09	4.92889e+09	4.2623e+09	4.878e+09	4.88625e+09	4.74156e+09	3.91287e+09	4.25802e+09	4.10559e+09	4.08383e+09	4.13691e+09	3.91063e+09	4.82944e+09	4.70052e+09	4.67249e+09	4.94385e+09	4.99886e+09	4.09915e+09	4.81775e+09	4.97425e+09	4.73257e+09	4.77956e+09	4.72636e+09	4.64441e+09	4.00486e+09	4.2558e+09	4.0483e+09	4.53765e+09	3.99029e+09	4.2054e+09	4.01908e+09	4.27982e+09	3.88996e+09	4.22969e+09	4.26006e+09	4.07675e+09	3.90738e+09	3.59293e+09	3.81771e+09	4.03443e+09	3.92595e+09	3.83305e+09	5.22402e+09	4.78195e+09	4.61408e+09	5.04522e+09	4.56197e+09	4.81543e+09
ERR608026	6.41265e+09	6.39031e+09	5.91692e+09	6.68884e+09	6.70753e+09	6.72119e+09	6.32262e+09	6.38593e+09	6.90914e+09	6.41432e+09	6.94129e+09	6.67741e+09	5.47664e+09	4.71376e+09	5.46527e+09	5.2921e+09	5.49141e+09	5.71182e+09	5.95681e+09	6.01569e+09	5.79389e+09	5.74362e+09	5.12586e+09	5.44732e+09	6.96809e+09	6.38332e+09	6.45194e+09	6.46334e+09	6.9156e+09	6.56524e+09	6.57134e+09	4.69993e+09	6.31823e+09	6.32563e+09	6.29463e+09	6.34378e+09	4.76008e+09	5.68457e+09	5.96134e+09	4.81109e+09	5.94366e+09	4.74262e+09	5.29382e+09	5.85029e+09	5.3718e+09	5.54486e+09	5.42011e+09	5.46418e+09	6.44031e+09	6.48067e+09	5.55137e+09	6.41066e+09	6.41896e+09	6.20103e+09	5.08717e+09	5.55486e+09	5.35105e+09	5.30602e+09	5.38219e+09	5.08422e+09	6.29839e+09	6.13508e+09	6.09619e+09	6.46336e+09	6.55025e+09	5.27601e+09	6.30695e+09	6.53251e+09	6.18869e+09	6.25428e+09	6.17981e+09	6.05835e+09	5.15545e+09	5.4983e+09	5.21681e+09	5.9088e+09	5.13299e+09	5.41926e+09	5.21816e+09	5.58668e+09	5.03658e+09	5.49944e+09	5.55664e+09	5.28792e+09	5.02717e+09	4.57211e+09	4.88713e+09	5.19693e+09	5.05183e+09	4.92132e+09	6.87959e+09	6.22422e+09	5.98682e+09	6.61839e+09	5.91229e+09	6.27196e+09
