	ERR637092	ERR637091	ERR637089	ERR637088	ERR637090	ERR637087	ERR614481	ERR614478	ERR614477	ERR614479	ERR614480	ERR614482	ERR613232	ERR613231	ERR613229	ERR613228	ERR613230	ERR613227	ERR622030	ERR622028	ERR622027	ERR622032	ERR622029	ERR622031	ERR618242	ERR618239	ERR618241	ERR618237	ERR618238	ERR618240	ERR607690	ERR607692	ERR607691	ERR607689	ERR607687	ERR607688	ERR635348	ERR635350	ERR635349	ERR635351	ERR635346	ERR635347	ERR630239	ERR630238	ERR630236	ERR630237	ERR630241	ERR630240	ERR613155	ERR613160	ERR613157	ERR613158	ERR613159	ERR613156	ERR612681	ERR612686	ERR612685	ERR612683	ERR612684	ERR612682	ERR608496	ERR608497	ERR608498	ERR608499	ERR608495	ERR608500	ERR605741	ERR605739	ERR605742	ERR605738	ERR605737	ERR605740	ERR607875	ERR607880	ERR607876	ERR607877	ERR607879	ERR607878	ERR630070	ERR630068	ERR630069	ERR630067	ERR630071	ERR630066	ERR618702	ERR618699	ERR618701	ERR618703	ERR618700	ERR618704	ERR606039	ERR606037	ERR606036	ERR606038	ERR606040	ERR606041
ERR637092	7.23724e+09	7.05027e+09	6.88968e+09	6.94624e+09	7.04776e+09	6.39739e+09	5.32143e+09	6.22386e+09	5.00392e+09	6.59106e+09	5.35507e+09	5.23826e+09	5.37703e+09	5.38944e+09	6.55726e+09	6.82902e+09	5.18372e+09	7.12909e+09	7.38449e+09	6.86384e+09	7.22476e+09	7.41093e+09	6.84952e+09	7.34418e+09	7.39876e+09	7.63635e+09	7.32823e+09	7.47194e+09	7.34707e+09	7.56671e+09	6.75859e+09	6.72832e+09	6.74752e+09	6.60821e+09	6.16331e+09	6.65627e+09	6.76519e+09	7.35383e+09	7.3433e+09	7.36053e+09	7.28246e+09	6.76804e+09	6.52864e+09	5.6586e+09	6.56109e+09	5.94306e+09	6.22182e+09	6.51926e+09	7.3236e+09	4.90997e+09	6.86946e+09	4.80853e+09	5.03483e+09	6.88033e+09	6.89725e+09	6.08295e+09	6.13256e+09	6.56297e+09	6.11312e+09	5.6271e+09	6.73032e+09	7.05372e+09	7.39636e+09	7.17657e+09	5.54048e+09	7.16557e+09	5.8902e+09	5.82422e+09	5.8103e+09	5.97362e+09	6.30053e+09	5.68778e+09	4.94227e+09	5.4868e+09	5.03461e+09	4.95077e+09	5.45758e+09	5.45574e+09	6.76231e+09	7.34069e+09	5.90465e+09	7.05354e+09	6.82009e+09	7.54179e+09	5.21672e+09	5.70323e+09	5.5173e+09	5.24551e+09	5.50558e+09	5.17953e+09	5.71813e+09	6.73233e+09	5.42516e+09	6.79927e+09	5.62865e+09	5.58397e+09
ERR637091	7.05027e+09	7.26568e+09	6.90241e+09	6.96038e+09	7.06203e+09	6.40857e+09	5.33196e+09	6.23714e+09	5.01265e+09	6.6057e+09	5.36547e+09	5.24892e+09	5.38608e+09	5.39857e+09	6.56965e+09	6.84284e+09	5.19216e+09	7.14471e+09	7.39835e+09	6.87547e+09	7.23849e+09	7.42502e+09	6.86154e+09	7.3582e+09	7.4151e+09	7.65397e+09	7.34411e+09	7.48836e+09	7.36389e+09	7.58386e+09	6.77078e+09	6.74002e+09	6.75979e+09	6.61978e+09	6.17308e+09	6.66909e+09	6.77753e+09	7.36796e+09	7.3574e+09	7.3746e+09	7.29543e+09	6.7793e+09	6.54104e+09	5.66856e+09	6.57335e+09	5.95305e+09	6.23233e+09	6.53147e+09	7.33803e+09	4.91685e+09	6.88197e+09	4.81556e+09	5.0418e+09	6.89218e+09	6.91077e+09	6.09422e+09	6.14411e+09	6.57487e+09	6.12446e+09	5.63676e+09	6.7454e+09	7.07039e+09	7.41425e+09	7.19326e+09	5.55082e+09	7.1827e+09	5.89883e+09	5.83355e+09	5.81872e+09	5.9838e+09	6.311e+09	5.69677e+09	4.95219e+09	5.49851e+09	5.04468e+09	4.96065e+09	5.46934e+09	5.46758e+09	6.77369e+09	7.35515e+09	5.9142e+09	7.06697e+09	6.83145e+09	7.55732e+09	5.22732e+09	5.71492e+09	5.52873e+09	5.25624e+09	5.51711e+09	5.19041e+09	5.73024e+09	6.74712e+09	5.43468e+09	6.81445e+09	5.64005e+09	5.59563e+09
ERR637089	6.88968e+09	6.90241e+09	6.94656e+09	6.80685e+09	6.90037e+09	6.27526e+09	5.21963e+09	6.09679e+09	4.90765e+09	6.45377e+09	5.25239e+09	5.13915e+09	5.27814e+09	5.29051e+09	6.42704e+09	6.69013e+09	5.0901e+09	6.98156e+09	7.22506e+09	6.72176e+09	7.07177e+09	7.25078e+09	6.70766e+09	7.18632e+09	7.23958e+09	7.47209e+09	7.1722e+09	7.3123e+09	7.19131e+09	7.40306e+09	6.61847e+09	6.58868e+09	6.60818e+09	6.47459e+09	6.04401e+09	6.52212e+09	6.62977e+09	7.19834e+09	7.18831e+09	7.20517e+09	7.12897e+09	6.63236e+09	6.39604e+09	5.55103e+09	6.42796e+09	5.82768e+09	6.09755e+09	6.38696e+09	7.17012e+09	4.8219e+09	6.73025e+09	4.72316e+09	4.94409e+09	6.74042e+09	6.75724e+09	5.96632e+09	6.01524e+09	6.43338e+09	5.99621e+09	5.52254e+09	6.59643e+09	6.9101e+09	7.24326e+09	7.02971e+09	5.4375e+09	7.01905e+09	5.7783e+09	5.71374e+09	5.70068e+09	5.86061e+09	6.1781e+09	5.58165e+09	4.85335e+09	5.38372e+09	4.94349e+09	4.86132e+09	5.35574e+09	5.35354e+09	6.6207e+09	7.18124e+09	5.7902e+09	6.9048e+09	6.67642e+09	7.3762e+09	5.11868e+09	5.59301e+09	5.41155e+09	5.1471e+09	5.40024e+09	5.08227e+09	5.61563e+09	6.60191e+09	5.32786e+09	6.66703e+09	5.52955e+09	5.4865e+09
ERR637088	6.94624e+09	6.96038e+09	6.80685e+09	7.06919e+09	6.95768e+09	6.32699e+09	5.267e+09	6.15253e+09	4.9388e+09	6.51804e+09	5.30011e+09	5.1853e+09	5.32428e+09	5.33593e+09	6.49217e+09	6.75998e+09	5.13128e+09	7.06095e+09	7.29989e+09	6.78515e+09	7.1441e+09	7.32523e+09	6.77115e+09	7.25854e+09	7.30685e+09	7.54754e+09	7.23969e+09	7.37805e+09	7.2616e+09	7.47769e+09	6.66602e+09	6.63548e+09	6.6559e+09	6.51999e+09	6.08622e+09	6.57405e+09	6.68092e+09	7.26101e+09	7.25142e+09	7.2685e+09	7.18958e+09	6.6801e+09	6.43885e+09	5.58745e+09	6.47409e+09	5.86387e+09	6.13206e+09	6.43191e+09	7.23396e+09	4.85371e+09	6.78425e+09	4.75576e+09	4.97767e+09	6.79457e+09	6.8274e+09	6.0252e+09	6.0732e+09	6.4922e+09	6.05473e+09	5.57321e+09	6.6669e+09	6.99021e+09	7.32402e+09	7.10766e+09	5.48029e+09	7.09579e+09	5.81839e+09	5.76068e+09	5.74101e+09	5.90904e+09	6.23276e+09	5.62969e+09	4.90831e+09	5.45083e+09	5.00026e+09	4.9193e+09	5.42237e+09	5.42039e+09	6.65489e+09	7.23775e+09	5.8153e+09	6.95248e+09	6.71152e+09	7.43746e+09	5.17187e+09	5.65118e+09	5.46629e+09	5.20008e+09	5.45357e+09	5.1362e+09	5.68744e+09	6.68977e+09	5.38264e+09	6.75742e+09	5.59724e+09	5.55387e+09
ERR637090	7.04776e+09	7.06203e+09	6.90037e+09	6.95768e+09	7.26036e+09	6.40681e+09	5.33003e+09	6.23498e+09	5.01132e+09	6.60311e+09	5.36385e+09	5.24656e+09	5.3846e+09	5.39701e+09	6.56755e+09	6.8404e+09	5.19092e+09	7.14179e+09	7.39729e+09	6.8743e+09	7.23717e+09	7.42376e+09	6.85996e+09	7.35694e+09	7.41228e+09	7.65098e+09	7.34167e+09	7.48537e+09	7.36104e+09	7.58086e+09	6.76896e+09	6.73825e+09	6.75742e+09	6.61831e+09	6.17203e+09	6.66694e+09	6.77496e+09	7.36501e+09	7.35438e+09	7.37178e+09	7.29289e+09	6.7769e+09	6.53851e+09	5.667e+09	6.57109e+09	5.95135e+09	6.2305e+09	6.52895e+09	7.33569e+09	4.9154e+09	6.87956e+09	4.81402e+09	5.04049e+09	6.88996e+09	6.90785e+09	6.09125e+09	6.14101e+09	6.57234e+09	6.12187e+09	5.63393e+09	6.74138e+09	7.06607e+09	7.40958e+09	7.18879e+09	5.5481e+09	7.17821e+09	5.89737e+09	5.83105e+09	5.81705e+09	5.98166e+09	6.30957e+09	5.69494e+09	4.95019e+09	5.4961e+09	5.04246e+09	4.95794e+09	5.46681e+09	5.46502e+09	6.77142e+09	7.35225e+09	5.91252e+09	7.06415e+09	6.82927e+09	7.5539e+09	5.225e+09	5.71238e+09	5.52589e+09	5.2531e+09	5.51369e+09	5.18765e+09	5.72741e+09	6.74385e+09	5.43244e+09	6.81101e+09	5.63775e+09	5.59276e+09
ERR637087	6.39739e+09	6.40857e+09	6.27526e+09	6.32699e+09	6.40681e+09	6.0262e+09	4.88034e+09	5.67406e+09	4.58859e+09	5.99692e+09	4.90951e+09	4.80631e+09	4.9393e+09	4.94976e+09	5.97984e+09	6.21595e+09	4.76685e+09	6.47811e+09	6.69454e+09	6.2447e+09	6.55802e+09	6.71711e+09	6.23217e+09	6.65944e+09	6.70621e+09	6.91533e+09	6.64689e+09	6.76979e+09	6.66429e+09	6.85368e+09	6.15253e+09	6.12608e+09	6.14315e+09	6.02446e+09	5.64085e+09	6.06841e+09	6.1564e+09	6.66235e+09	6.65341e+09	6.6686e+09	6.60009e+09	6.15754e+09	5.94834e+09	5.18706e+09	5.97801e+09	5.43619e+09	5.67746e+09	5.94132e+09	6.6381e+09	4.51128e+09	6.24328e+09	4.42121e+09	4.62321e+09	6.25161e+09	6.27087e+09	5.55673e+09	5.60011e+09	5.97621e+09	5.58317e+09	5.1528e+09	6.12568e+09	6.40959e+09	6.70667e+09	6.51612e+09	5.07254e+09	6.50577e+09	5.38164e+09	5.32712e+09	5.31181e+09	5.46023e+09	5.74784e+09	5.20766e+09	4.53409e+09	5.01913e+09	4.6168e+09	4.54179e+09	4.9943e+09	4.99212e+09	6.14285e+09	6.64849e+09	5.39749e+09	6.40038e+09	6.19283e+09	6.82137e+09	4.77219e+09	5.2043e+09	5.03803e+09	4.79834e+09	5.02787e+09	4.73893e+09	5.23885e+09	6.12905e+09	4.97447e+09	6.18818e+09	5.15921e+09	5.12045e+09
ERR614481	5.32143e+09	5.33196e+09	5.21963e+09	5.267e+09	5.33003e+09	4.88034e+09	4.65342e+09	5.14483e+09	4.20658e+09	5.41801e+09	4.50294e+09	4.41024e+09	4.32856e+09	4.3378e+09	5.18336e+09	5.37792e+09	4.18437e+09	5.5987e+09	5.69446e+09	5.30519e+09	5.57374e+09	5.71293e+09	5.29796e+09	5.66398e+09	5.80566e+09	5.97943e+09	5.75877e+09	5.85352e+09	5.77371e+09	5.93146e+09	5.20704e+09	5.1839e+09	5.19867e+09	5.09319e+09	4.76492e+09	5.13219e+09	5.07018e+09	5.52178e+09	5.51325e+09	5.5268e+09	5.46487e+09	5.07348e+09	5.16778e+09	4.5363e+09	5.19532e+09	4.73848e+09	4.93313e+09	5.16603e+09	5.55218e+09	3.83383e+09	5.22762e+09	3.7611e+09	3.92574e+09	5.23313e+09	5.29582e+09	4.72015e+09	4.75129e+09	5.05092e+09	4.74048e+09	4.3893e+09	5.1884e+09	5.42119e+09	5.66211e+09	5.5068e+09	4.32792e+09	5.49808e+09	4.50497e+09	4.47093e+09	4.45054e+09	4.57796e+09	4.81242e+09	4.38144e+09	3.97716e+09	4.3933e+09	4.04656e+09	3.98409e+09	4.37024e+09	4.36926e+09	5.18204e+09	5.63302e+09	4.56074e+09	5.41087e+09	5.2238e+09	5.7925e+09	4.18289e+09	4.55042e+09	4.40903e+09	4.20381e+09	4.39948e+09	4.15471e+09	4.55623e+09	5.30395e+09	4.32239e+09	5.35187e+09	4.48912e+09	4.45572e+09
ERR614478	6.22386e+09	6.23714e+09	6.09679e+09	6.15253e+09	6.23498e+09	5.67406e+09	5.14483e+09	6.21557e+09	4.83646e+09	6.32946e+09	5.17885e+09	5.06554e+09	4.9797e+09	4.99086e+09	6.038e+09	6.28171e+09	4.80509e+09	6.5563e+09	6.68615e+09	6.20197e+09	6.53597e+09	6.7102e+09	6.19318e+09	6.64865e+09	6.82503e+09	7.03941e+09	6.76505e+09	6.8866e+09	6.78159e+09	6.98031e+09	6.08137e+09	6.05298e+09	6.07144e+09	5.94001e+09	5.53557e+09	5.98626e+09	5.93242e+09	6.49081e+09	6.47925e+09	6.49684e+09	6.4217e+09	5.93709e+09	6.03731e+09	5.2533e+09	6.07074e+09	5.5044e+09	5.75089e+09	6.03311e+09	6.5256e+09	4.40424e+09	6.12121e+09	4.31448e+09	4.51375e+09	6.12788e+09	6.19546e+09	5.4773e+09	5.51726e+09	5.89334e+09	5.50279e+09	5.07067e+09	6.0574e+09	6.34649e+09	6.64933e+09	6.45462e+09	4.99827e+09	6.44415e+09	5.23282e+09	5.18442e+09	5.16534e+09	5.31638e+09	5.60428e+09	5.07122e+09	4.55954e+09	5.06152e+09	4.64236e+09	4.56767e+09	5.03272e+09	5.03231e+09	6.07442e+09	6.62716e+09	5.30608e+09	6.35193e+09	6.12684e+09	6.82587e+09	4.81567e+09	5.26456e+09	5.09245e+09	4.84063e+09	5.08124e+09	4.78153e+09	5.25994e+09	6.18615e+09	4.98081e+09	6.24603e+09	5.17857e+09	5.13733e+09
ERR614477	5.00392e+09	5.01265e+09	4.90765e+09	4.9388e+09	5.01132e+09	4.58859e+09	4.20658e+09	4.83646e+09	4.16692e+09	5.07966e+09	4.2331e+09	4.14652e+09	4.069e+09	4.07956e+09	4.84927e+09	5.02744e+09	3.94292e+09	5.222e+09	5.32556e+09	4.96965e+09	5.2124e+09	5.34507e+09	4.96453e+09	5.29996e+09	5.45099e+09	5.59968e+09	5.40419e+09	5.49901e+09	5.41323e+09	5.55852e+09	4.91006e+09	4.89003e+09	4.90256e+09	4.8041e+09	4.49672e+09	4.82928e+09	4.77707e+09	5.18838e+09	5.17972e+09	5.19137e+09	5.13808e+09	4.78485e+09	4.88227e+09	4.29249e+09	4.90313e+09	4.48625e+09	4.67804e+09	4.8757e+09	5.21682e+09	3.63283e+09	4.92232e+09	3.56213e+09	3.71558e+09	4.92779e+09	4.95363e+09	4.42083e+09	4.45185e+09	4.73954e+09	4.4405e+09	4.12095e+09	4.85135e+09	5.05891e+09	5.28774e+09	5.14379e+09	4.08495e+09	5.13809e+09	4.25288e+09	4.20649e+09	4.19977e+09	4.3045e+09	4.51715e+09	4.11563e+09	3.71809e+09	4.09213e+09	3.77963e+09	3.71736e+09	4.07047e+09	4.07038e+09	4.91988e+09	5.30759e+09	4.34394e+09	5.11011e+09	4.9589e+09	5.45186e+09	3.92273e+09	4.26668e+09	4.13897e+09	3.94224e+09	4.13181e+09	3.89511e+09	4.23009e+09	4.91655e+09	4.04356e+09	4.95772e+09	4.17156e+09	4.13972e+09
ERR614479	6.59106e+09	6.6057e+09	6.45377e+09	6.51804e+09	6.60311e+09	5.99692e+09	5.41801e+09	6.32946e+09	5.07966e+09	6.95237e+09	5.45403e+09	5.3329e+09	5.24372e+09	5.25597e+09	6.39197e+09	6.65799e+09	5.05495e+09	6.96057e+09	7.10029e+09	6.57326e+09	6.93762e+09	7.12607e+09	6.56365e+09	7.05961e+09	7.24144e+09	7.47943e+09	7.17677e+09	7.30663e+09	7.19634e+09	7.41403e+09	6.43389e+09	6.40284e+09	6.42253e+09	6.28105e+09	5.84528e+09	6.3351e+09	6.27981e+09	6.88643e+09	6.87458e+09	6.89345e+09	6.81021e+09	6.28279e+09	6.38203e+09	5.53651e+09	6.41982e+09	5.80594e+09	6.06924e+09	6.37852e+09	6.92286e+09	4.62831e+09	6.48094e+09	4.53296e+09	4.74612e+09	6.48856e+09	6.5697e+09	5.79007e+09	5.83221e+09	6.23797e+09	5.81779e+09	5.34986e+09	6.42143e+09	6.73829e+09	7.06538e+09	6.85336e+09	5.26558e+09	6.84175e+09	5.5239e+09	5.47435e+09	5.45155e+09	5.61689e+09	5.92887e+09	5.35381e+09	4.80425e+09	5.34605e+09	4.89363e+09	4.81501e+09	5.31566e+09	5.3145e+09	6.41905e+09	7.02666e+09	5.59037e+09	6.72476e+09	6.47577e+09	7.24413e+09	5.07597e+09	5.55754e+09	5.37107e+09	5.10243e+09	5.35914e+09	5.04005e+09	5.56366e+09	6.56924e+09	5.2539e+09	6.63455e+09	5.47463e+09	5.42993e+09
ERR614480	5.35507e+09	5.36547e+09	5.25239e+09	5.30011e+09	5.36385e+09	4.90951e+09	4.50294e+09	5.17885e+09	4.2331e+09	5.45403e+09	4.71075e+09	4.43717e+09	4.35346e+09	4.36241e+09	5.21598e+09	5.4124e+09	4.20829e+09	5.63511e+09	5.73189e+09	5.33828e+09	5.60996e+09	5.75099e+09	5.3316e+09	5.70135e+09	5.84563e+09	6.02072e+09	5.7984e+09	5.89396e+09	5.8126e+09	5.97243e+09	5.23924e+09	5.21633e+09	5.23136e+09	5.12437e+09	4.79297e+09	5.1641e+09	5.10157e+09	5.55756e+09	5.54916e+09	5.56297e+09	5.50025e+09	5.10473e+09	5.20057e+09	4.56284e+09	5.22801e+09	4.76696e+09	4.96392e+09	5.19807e+09	5.58759e+09	3.85482e+09	5.25946e+09	3.78135e+09	3.94706e+09	5.26522e+09	5.32853e+09	4.74811e+09	4.77921e+09	5.08212e+09	4.76923e+09	4.41445e+09	5.22069e+09	5.45529e+09	5.69863e+09	5.5414e+09	4.35365e+09	5.53311e+09	4.53087e+09	4.4963e+09	4.47592e+09	4.60443e+09	4.84066e+09	4.40693e+09	4.00071e+09	4.4201e+09	4.07002e+09	4.00737e+09	4.39627e+09	4.39564e+09	5.21407e+09	5.66956e+09	4.5873e+09	5.44546e+09	5.25633e+09	5.83148e+09	4.20888e+09	4.57963e+09	4.43697e+09	4.22991e+09	4.42707e+09	4.1807e+09	4.58258e+09	5.33678e+09	4.34688e+09	5.38471e+09	4.51569e+09	4.48134e+09
ERR614482	5.23826e+09	5.24892e+09	5.13915e+09	5.1853e+09	5.24656e+09	4.80631e+09	4.41024e+09	5.06554e+09	4.14652e+09	5.3329e+09	4.43717e+09	4.52135e+09	4.26755e+09	4.27637e+09	5.10433e+09	5.29497e+09	4.12656e+09	5.51057e+09	5.60282e+09	5.22148e+09	5.48458e+09	5.62088e+09	5.21507e+09	5.57285e+09	5.71202e+09	5.88222e+09	5.66678e+09	5.7592e+09	5.68059e+09	5.83495e+09	5.12677e+09	5.10467e+09	5.11914e+09	5.01536e+09	4.69447e+09	5.05378e+09	4.99131e+09	5.43364e+09	5.42532e+09	5.43812e+09	5.37788e+09	4.99439e+09	5.08876e+09	4.46986e+09	5.11573e+09	4.66849e+09	4.85921e+09	5.08657e+09	5.46245e+09	3.7796e+09	5.14427e+09	3.70766e+09	3.86969e+09	5.14959e+09	5.21045e+09	4.64709e+09	4.6774e+09	4.97161e+09	4.66757e+09	4.32344e+09	5.10622e+09	5.33373e+09	5.56982e+09	5.4175e+09	4.26407e+09	5.40925e+09	4.43684e+09	4.40332e+09	4.38295e+09	4.50819e+09	4.73731e+09	4.31603e+09	3.92007e+09	4.32748e+09	3.98766e+09	3.92625e+09	4.30467e+09	4.30385e+09	5.10247e+09	5.54408e+09	4.49405e+09	5.32639e+09	5.14389e+09	5.70038e+09	4.12184e+09	4.48211e+09	4.34322e+09	4.14191e+09	4.3338e+09	4.09358e+09	4.48768e+09	5.21916e+09	4.25897e+09	5.26583e+09	4.42243e+09	4.38953e+09
ERR613232	5.37703e+09	5.38608e+09	5.27814e+09	5.32428e+09	5.3846e+09	4.9393e+09	4.32856e+09	4.9797e+09	4.069e+09	5.24372e+09	4.35346e+09	4.26755e+09	4.66319e+09	4.50542e+09	5.37298e+09	5.56955e+09	4.34549e+09	5.79166e+09	5.82457e+09	5.44395e+09	5.71008e+09	5.84303e+09	5.4377e+09	5.79607e+09	5.78643e+09	5.96183e+09	5.74075e+09	5.83637e+09	5.75698e+09	5.90978e+09	5.16766e+09	5.14408e+09	5.16035e+09	5.05948e+09	4.74055e+09	5.09777e+09	5.23871e+09	5.68158e+09	5.67434e+09	5.6875e+09	5.62743e+09	5.24312e+09	5.08122e+09	4.46802e+09	5.11059e+09	4.66724e+09	4.85543e+09	5.07879e+09	5.7508e+09	4.02752e+09	5.43113e+09	3.95089e+09	4.1205e+09	5.43563e+09	5.49712e+09	4.92167e+09	4.95454e+09	5.25537e+09	4.94416e+09	4.58805e+09	5.3523e+09	5.58416e+09	5.82319e+09	5.67094e+09	4.48846e+09	5.66025e+09	4.73929e+09	4.70122e+09	4.68333e+09	4.81219e+09	5.04566e+09	4.60999e+09	4.11769e+09	4.5319e+09	4.18648e+09	4.12419e+09	4.50923e+09	4.50867e+09	5.22191e+09	5.66805e+09	4.60303e+09	5.45044e+09	5.26241e+09	5.8262e+09	4.31772e+09	4.68693e+09	4.54324e+09	4.33961e+09	4.53574e+09	4.28966e+09	4.77068e+09	5.5219e+09	4.53678e+09	5.57062e+09	4.70797e+09	4.67422e+09
ERR613231	5.38944e+09	5.39857e+09	5.29051e+09	5.33593e+09	5.39701e+09	4.94976e+09	4.3378e+09	4.99086e+09	4.07956e+09	5.25597e+09	4.36241e+09	4.27637e+09	4.50542e+09	4.68151e+09	5.38478e+09	5.58137e+09	4.35479e+09	5.80394e+09	5.83851e+09	5.45677e+09	5.72369e+09	5.85715e+09	5.45067e+09	5.81008e+09	5.80054e+09	5.97662e+09	5.75432e+09	5.85053e+09	5.77091e+09	5.9243e+09	5.18051e+09	5.15696e+09	5.17271e+09	5.07185e+09	4.75144e+09	5.10972e+09	5.25185e+09	5.69627e+09	5.68932e+09	5.70195e+09	5.6421e+09	5.25659e+09	5.09482e+09	4.47852e+09	5.12379e+09	4.67962e+09	4.86879e+09	5.09194e+09	5.76434e+09	4.03584e+09	5.44358e+09	3.95886e+09	4.12859e+09	5.44854e+09	5.50917e+09	4.93187e+09	4.96439e+09	5.26751e+09	4.95391e+09	4.5976e+09	5.36413e+09	5.59616e+09	5.83632e+09	5.68356e+09	4.49882e+09	5.6729e+09	4.75125e+09	4.7118e+09	4.69527e+09	4.82407e+09	5.05745e+09	4.6201e+09	4.12444e+09	4.53985e+09	4.19326e+09	4.13079e+09	4.51666e+09	4.51614e+09	5.23745e+09	5.68343e+09	4.6159e+09	5.46565e+09	5.27753e+09	5.84256e+09	4.32623e+09	4.69657e+09	4.55286e+09	4.34774e+09	4.54536e+09	4.29805e+09	4.77933e+09	5.53265e+09	4.54509e+09	5.58132e+09	4.71581e+09	4.68218e+09
ERR613229	6.55726e+09	6.56965e+09	6.42704e+09	6.49217e+09	6.56755e+09	5.97984e+09	5.18336e+09	6.038e+09	4.84927e+09	6.39197e+09	5.21598e+09	5.10433e+09	5.37298e+09	5.38478e+09	6.76941e+09	6.81435e+09	5.17612e+09	7.11643e+09	7.16027e+09	6.64932e+09	7.00818e+09	7.18425e+09	6.63974e+09	7.12089e+09	7.10133e+09	7.34191e+09	7.04129e+09	7.16838e+09	7.06515e+09	7.27077e+09	6.28712e+09	6.25627e+09	6.27651e+09	6.14465e+09	5.7293e+09	6.19863e+09	6.39248e+09	6.98361e+09	6.97394e+09	6.99168e+09	6.91107e+09	6.3965e+09	6.18245e+09	5.37686e+09	6.22182e+09	5.6361e+09	5.88246e+09	6.17934e+09	7.06957e+09	4.79604e+09	6.64031e+09	4.69872e+09	4.91562e+09	6.64642e+09	6.73423e+09	5.96681e+09	6.00976e+09	6.40842e+09	5.99585e+09	5.52576e+09	6.54206e+09	6.85439e+09	7.17202e+09	6.96775e+09	5.39248e+09	6.95355e+09	5.7277e+09	5.67954e+09	5.65464e+09	5.82696e+09	6.13733e+09	5.55995e+09	4.93233e+09	5.46779e+09	5.02053e+09	4.94413e+09	5.43783e+09	5.43668e+09	6.35851e+09	6.95762e+09	5.54508e+09	6.66536e+09	6.41187e+09	7.17083e+09	5.19195e+09	5.66714e+09	5.48022e+09	5.21874e+09	5.47009e+09	5.15671e+09	5.77394e+09	6.77435e+09	5.45519e+09	6.84109e+09	5.6895e+09	5.64533e+09
ERR613228	6.82902e+09	6.84284e+09	6.69013e+09	6.75998e+09	6.8404e+09	6.21595e+09	5.37792e+09	6.28171e+09	5.02744e+09	6.65799e+09	5.4124e+09	5.29497e+09	5.56955e+09	5.58137e+09	6.81435e+09	7.33287e+09	5.36146e+09	7.42148e+09	7.47048e+09	6.92585e+09	7.30909e+09	7.49555e+09	6.91412e+09	7.42872e+09	7.40708e+09	7.66271e+09	7.34307e+09	7.47863e+09	7.36796e+09	7.58759e+09	6.54465e+09	6.51184e+09	6.53365e+09	6.39398e+09	5.95393e+09	6.45184e+09	6.6586e+09	7.2866e+09	7.27652e+09	7.2952e+09	7.20905e+09	6.66218e+09	6.43431e+09	5.58326e+09	6.47577e+09	5.85639e+09	6.11755e+09	6.43159e+09	7.3775e+09	4.97203e+09	6.91991e+09	4.8697e+09	5.09735e+09	6.92803e+09	7.02035e+09	6.20582e+09	6.25139e+09	6.67274e+09	6.23636e+09	5.74021e+09	6.8168e+09	7.14977e+09	7.48697e+09	7.26973e+09	5.59953e+09	7.25458e+09	5.95338e+09	5.90132e+09	5.87618e+09	6.05717e+09	6.38573e+09	5.77581e+09	5.11769e+09	5.6828e+09	5.2111e+09	5.13119e+09	5.6505e+09	5.64965e+09	6.61949e+09	7.25564e+09	5.75979e+09	6.94426e+09	6.67558e+09	7.4823e+09	5.39331e+09	5.89325e+09	5.69648e+09	5.42095e+09	5.68578e+09	5.35585e+09	6.00009e+09	7.06168e+09	5.66243e+09	7.13227e+09	5.91004e+09	5.8635e+09
ERR613230	5.18372e+09	5.19216e+09	5.0901e+09	5.13128e+09	5.19092e+09	4.76685e+09	4.18437e+09	4.80509e+09	3.94292e+09	5.05495e+09	4.20829e+09	4.12656e+09	4.34549e+09	4.35479e+09	5.17612e+09	5.36146e+09	4.36242e+09	5.5706e+09	5.60615e+09	5.24548e+09	5.49699e+09	5.62398e+09	5.2405e+09	5.57999e+09	5.57249e+09	5.73729e+09	5.52878e+09	5.62051e+09	5.54381e+09	5.68891e+09	4.98747e+09	4.9653e+09	4.98038e+09	4.88422e+09	4.58079e+09	4.91879e+09	5.05133e+09	5.47107e+09	5.46421e+09	5.47594e+09	5.41983e+09	5.05616e+09	4.90666e+09	4.32203e+09	4.93337e+09	4.5125e+09	4.69399e+09	4.90332e+09	5.53733e+09	3.89936e+09	5.23483e+09	3.82582e+09	3.98751e+09	5.23875e+09	5.29226e+09	4.74476e+09	4.77674e+09	5.0646e+09	4.76648e+09	4.42919e+09	5.15281e+09	5.37208e+09	5.59952e+09	5.45486e+09	4.33742e+09	5.4451e+09	4.57681e+09	4.53814e+09	4.52294e+09	4.64364e+09	4.86418e+09	4.4502e+09	3.97348e+09	4.36706e+09	4.03885e+09	3.97843e+09	4.34556e+09	4.34508e+09	5.04401e+09	5.46196e+09	4.45548e+09	5.25684e+09	5.08207e+09	5.61177e+09	4.167e+09	4.51978e+09	4.38326e+09	4.18745e+09	4.37654e+09	4.13942e+09	4.59408e+09	5.30744e+09	4.37738e+09	5.3531e+09	4.53492e+09	4.50246e+09
ERR613227	7.12909e+09	7.14471e+09	6.98156e+09	7.06095e+09	7.14179e+09	6.47811e+09	5.5987e+09	6.5563e+09	5.222e+09	6.96057e+09	5.63511e+09	5.51057e+09	5.79166e+09	5.80394e+09	7.11643e+09	7.42148e+09	5.5706e+09	8.02647e+09	7.82293e+09	7.23393e+09	7.64823e+09	7.84873e+09	7.22342e+09	7.77638e+09	7.75271e+09	8.03066e+09	7.68489e+09	7.82612e+09	7.71304e+09	7.94981e+09	6.82527e+09	6.79066e+09	6.81369e+09	6.66428e+09	6.19896e+09	6.73001e+09	6.94924e+09	7.62358e+09	7.61211e+09	7.63311e+09	7.53911e+09	6.9508e+09	6.70835e+09	5.80696e+09	6.7539e+09	6.09426e+09	6.36835e+09	6.70668e+09	7.71822e+09	5.16019e+09	7.22433e+09	5.05329e+09	5.29244e+09	7.23243e+09	7.34461e+09	6.47439e+09	6.52175e+09	6.96748e+09	6.50681e+09	5.97752e+09	7.13193e+09	7.4917e+09	7.84996e+09	7.61622e+09	5.8273e+09	7.60003e+09	6.19249e+09	6.14219e+09	6.1121e+09	6.30778e+09	6.65871e+09	6.01187e+09	5.3331e+09	5.93569e+09	5.43223e+09	5.34927e+09	5.90141e+09	5.90029e+09	6.89401e+09	7.58124e+09	5.98316e+09	7.24548e+09	6.95457e+09	7.82634e+09	5.62147e+09	6.14924e+09	5.94062e+09	5.65024e+09	5.92814e+09	5.58309e+09	6.26466e+09	7.40053e+09	5.89579e+09	7.47789e+09	6.16669e+09	6.11727e+09
ERR622030	7.38449e+09	7.39835e+09	7.22506e+09	7.29989e+09	7.39729e+09	6.69454e+09	5.69446e+09	6.68615e+09	5.32556e+09	7.10029e+09	5.73189e+09	5.60282e+09	5.82457e+09	5.83851e+09	7.16027e+09	7.47048e+09	5.60615e+09	7.82293e+09	8.51377e+09	7.63113e+09	8.06584e+09	8.28454e+09	7.61806e+09	8.20617e+09	7.9488e+09	8.22988e+09	7.87358e+09	8.029e+09	7.89961e+09	8.14807e+09	7.11258e+09	7.0773e+09	7.09974e+09	6.94497e+09	6.45637e+09	7.00639e+09	7.16024e+09	7.84072e+09	7.82887e+09	7.85e+09	7.75494e+09	7.16208e+09	6.92173e+09	5.97722e+09	6.96403e+09	6.28074e+09	6.57588e+09	6.91638e+09	7.91424e+09	5.25602e+09	7.40304e+09	5.14445e+09	5.39237e+09	7.41308e+09	7.50675e+09	6.59901e+09	6.65163e+09	7.12257e+09	6.63433e+09	6.08919e+09	7.22853e+09	7.59428e+09	7.97262e+09	7.7282e+09	5.8993e+09	7.71249e+09	6.36321e+09	6.30085e+09	6.27762e+09	6.47142e+09	6.83615e+09	6.1565e+09	5.34211e+09	5.9515e+09	5.44407e+09	5.35608e+09	5.919e+09	5.915e+09	7.14815e+09	7.83102e+09	6.2038e+09	7.49458e+09	7.21194e+09	8.07345e+09	5.62563e+09	6.16079e+09	5.95276e+09	5.65506e+09	5.93758e+09	5.58644e+09	6.26274e+09	7.41778e+09	5.90789e+09	7.4962e+09	6.16293e+09	6.11305e+09
ERR622028	6.86384e+09	6.87547e+09	6.72176e+09	6.78515e+09	6.8743e+09	6.2447e+09	5.30519e+09	6.20197e+09	4.96965e+09	6.57326e+09	5.33828e+09	5.22148e+09	5.44395e+09	5.45677e+09	6.64932e+09	6.92585e+09	5.24548e+09	7.23393e+09	7.63113e+09	7.32104e+09	7.47083e+09	7.65609e+09	7.07933e+09	7.58825e+09	7.34169e+09	7.5902e+09	7.27346e+09	7.41651e+09	7.29685e+09	7.51525e+09	6.6253e+09	6.59406e+09	6.61359e+09	6.47616e+09	6.0363e+09	6.52845e+09	6.66017e+09	7.26158e+09	7.25104e+09	7.26977e+09	7.1872e+09	6.66364e+09	6.44276e+09	5.5865e+09	6.48066e+09	5.8639e+09	6.13314e+09	6.43649e+09	7.32556e+09	4.92121e+09	6.87276e+09	4.81752e+09	5.04621e+09	6.88061e+09	6.95432e+09	6.13823e+09	6.18721e+09	6.61412e+09	6.17e+09	5.67816e+09	6.69045e+09	7.01493e+09	7.35493e+09	7.13765e+09	5.496e+09	7.12396e+09	5.94739e+09	5.88761e+09	5.86852e+09	6.04245e+09	6.37082e+09	5.75274e+09	4.96666e+09	5.51564e+09	5.05961e+09	4.97762e+09	5.4876e+09	5.48322e+09	6.65782e+09	7.26119e+09	5.80462e+09	6.96501e+09	6.71506e+09	7.47421e+09	5.22326e+09	5.71044e+09	5.52126e+09	5.25077e+09	5.50982e+09	5.18588e+09	5.81234e+09	6.84665e+09	5.50054e+09	6.91642e+09	5.72395e+09	5.67924e+09
ERR622027	7.22476e+09	7.23849e+09	7.07177e+09	7.1441e+09	7.23717e+09	6.55802e+09	5.57374e+09	6.53597e+09	5.2124e+09	6.93762e+09	5.60996e+09	5.48458e+09	5.71008e+09	5.72369e+09	7.00818e+09	7.30909e+09	5.49699e+09	7.64823e+09	8.06584e+09	7.47083e+09	8.14111e+09	8.09334e+09	7.45624e+09	8.01771e+09	7.75904e+09	8.03242e+09	7.68666e+09	7.839e+09	7.71269e+09	7.95078e+09	6.96206e+09	6.92795e+09	6.9492e+09	6.80111e+09	6.32724e+09	6.86015e+09	7.0116e+09	7.66809e+09	7.65685e+09	7.6774e+09	7.58606e+09	7.01323e+09	6.77392e+09	5.8576e+09	6.81626e+09	6.15238e+09	6.43919e+09	6.76854e+09	7.73756e+09	5.15504e+09	7.24439e+09	5.04571e+09	5.28831e+09	7.25315e+09	7.34389e+09	6.46421e+09	6.51579e+09	6.97244e+09	6.49828e+09	5.96894e+09	7.0689e+09	7.42235e+09	7.78907e+09	7.55289e+09	5.77791e+09	7.53862e+09	6.24307e+09	6.18224e+09	6.15999e+09	6.34869e+09	6.70333e+09	6.04038e+09	5.23173e+09	5.82328e+09	5.33094e+09	5.2458e+09	5.79232e+09	5.78814e+09	6.99794e+09	7.65917e+09	6.08051e+09	7.33483e+09	7.05955e+09	7.89358e+09	5.50654e+09	6.02807e+09	5.82479e+09	5.53542e+09	5.81123e+09	5.46787e+09	6.13628e+09	7.25569e+09	5.79115e+09	7.33188e+09	6.04054e+09	5.99175e+09
ERR622032	7.41093e+09	7.42502e+09	7.25078e+09	7.32523e+09	7.42376e+09	6.71711e+09	5.71293e+09	6.7102e+09	5.34507e+09	7.12607e+09	5.75099e+09	5.62088e+09	5.84303e+09	5.85715e+09	7.18425e+09	7.49555e+09	5.62398e+09	7.84873e+09	8.28454e+09	7.65609e+09	8.09334e+09	8.57303e+09	7.64327e+09	8.23485e+09	7.97989e+09	8.26101e+09	7.90339e+09	8.0604e+09	7.92977e+09	8.18014e+09	7.13916e+09	7.10368e+09	7.1256e+09	6.97013e+09	6.47856e+09	7.03027e+09	7.18672e+09	7.87081e+09	7.85904e+09	7.88021e+09	7.7852e+09	7.18883e+09	6.94747e+09	5.998e+09	6.9892e+09	6.30296e+09	6.60128e+09	6.94147e+09	7.94425e+09	5.27376e+09	7.43081e+09	5.16151e+09	5.41041e+09	7.44044e+09	7.53335e+09	6.62117e+09	6.67415e+09	7.14784e+09	6.65641e+09	6.10901e+09	7.25305e+09	7.62012e+09	8.00104e+09	7.75496e+09	5.92001e+09	7.74017e+09	6.38627e+09	6.32211e+09	6.30068e+09	6.49337e+09	6.85979e+09	6.1769e+09	5.35794e+09	5.96943e+09	5.46037e+09	5.37166e+09	5.93657e+09	5.93279e+09	7.17712e+09	7.86175e+09	6.22761e+09	7.52354e+09	7.24149e+09	8.10575e+09	5.64473e+09	6.18222e+09	5.97358e+09	5.67432e+09	5.95901e+09	5.60489e+09	6.28157e+09	7.44154e+09	5.92724e+09	7.52061e+09	6.18123e+09	6.13116e+09
ERR622029	6.84952e+09	6.86154e+09	6.70766e+09	6.77115e+09	6.85996e+09	6.23217e+09	5.29796e+09	6.19318e+09	4.96453e+09	6.56365e+09	5.3316e+09	5.21507e+09	5.4377e+09	5.45067e+09	6.63974e+09	6.91412e+09	5.2405e+09	7.22342e+09	7.61806e+09	7.07933e+09	7.45624e+09	7.64327e+09	7.29423e+09	7.57554e+09	7.33219e+09	7.57965e+09	7.26437e+09	7.40535e+09	7.28761e+09	7.50647e+09	6.60963e+09	6.57823e+09	6.59783e+09	6.46093e+09	6.02223e+09	6.51342e+09	6.64291e+09	7.24188e+09	7.2319e+09	7.25026e+09	7.16779e+09	6.64562e+09	6.42793e+09	5.57397e+09	6.46529e+09	5.85048e+09	6.1188e+09	6.42209e+09	7.30864e+09	4.91248e+09	6.85668e+09	4.80993e+09	5.03746e+09	6.86434e+09	6.94043e+09	6.12629e+09	6.17526e+09	6.60057e+09	6.15806e+09	5.66719e+09	6.67896e+09	7.00224e+09	7.34106e+09	7.12395e+09	5.4872e+09	7.11011e+09	5.93183e+09	5.87286e+09	5.85327e+09	6.02717e+09	6.35488e+09	5.73948e+09	4.96001e+09	5.509e+09	5.05273e+09	4.97073e+09	5.4804e+09	5.47601e+09	6.6391e+09	7.24034e+09	5.78901e+09	6.94499e+09	6.69567e+09	7.45278e+09	5.21537e+09	5.70041e+09	5.51199e+09	5.24265e+09	5.49981e+09	5.17881e+09	5.80409e+09	6.83566e+09	5.4924e+09	6.9045e+09	5.71594e+09	5.67078e+09
ERR622031	7.34418e+09	7.3582e+09	7.18632e+09	7.25854e+09	7.35694e+09	6.65944e+09	5.66398e+09	6.64865e+09	5.29996e+09	7.05961e+09	5.70135e+09	5.57285e+09	5.79607e+09	5.81008e+09	7.12089e+09	7.42872e+09	5.57999e+09	7.77638e+09	8.20617e+09	7.58825e+09	8.01771e+09	8.23485e+09	7.57554e+09	8.41206e+09	7.90218e+09	8.17913e+09	7.82682e+09	7.98206e+09	7.85231e+09	8.09861e+09	7.07574e+09	7.04059e+09	7.06277e+09	6.90977e+09	6.42425e+09	6.96896e+09	7.12066e+09	7.79441e+09	7.78266e+09	7.80351e+09	7.70993e+09	7.12333e+09	6.88628e+09	5.94815e+09	6.92798e+09	6.25086e+09	6.54441e+09	6.88038e+09	7.86867e+09	5.2307e+09	7.36307e+09	5.11975e+09	5.36608e+09	7.37217e+09	7.46266e+09	6.5623e+09	6.61463e+09	7.08269e+09	6.59728e+09	6.05636e+09	7.18504e+09	7.54665e+09	7.92187e+09	7.67988e+09	5.86857e+09	7.66474e+09	6.3319e+09	6.26887e+09	6.24669e+09	6.43797e+09	6.79949e+09	6.1247e+09	5.31049e+09	5.91382e+09	5.41167e+09	5.32394e+09	5.88216e+09	5.87805e+09	7.11396e+09	7.78847e+09	6.17622e+09	7.45591e+09	7.17709e+09	8.02851e+09	5.59326e+09	6.12478e+09	5.91846e+09	5.62333e+09	5.90463e+09	5.554e+09	6.22553e+09	7.36971e+09	5.87593e+09	7.44759e+09	6.12664e+09	6.07737e+09
ERR618242	7.39876e+09	7.4151e+09	7.23958e+09	7.30685e+09	7.41228e+09	6.70621e+09	5.80566e+09	6.82503e+09	5.45099e+09	7.24144e+09	5.84563e+09	5.71202e+09	5.78643e+09	5.80054e+09	7.10133e+09	7.40708e+09	5.57249e+09	7.75271e+09	7.9488e+09	7.34169e+09	7.75904e+09	7.97989e+09	7.33219e+09	7.90218e+09	8.44577e+09	8.45522e+09	8.1025e+09	8.258e+09	8.1212e+09	8.38055e+09	7.13353e+09	7.09899e+09	7.12121e+09	6.96285e+09	6.46793e+09	7.01807e+09	7.13042e+09	7.81721e+09	7.80355e+09	7.82496e+09	7.73114e+09	7.13619e+09	6.99664e+09	6.03778e+09	7.03433e+09	6.34823e+09	6.65108e+09	6.98965e+09	7.85283e+09	5.20885e+09	7.34683e+09	5.09922e+09	5.34213e+09	7.35481e+09	7.41946e+09	6.51847e+09	6.57037e+09	7.04314e+09	6.55152e+09	6.01279e+09	7.25449e+09	7.61875e+09	8.00293e+09	7.75588e+09	5.9324e+09	7.74248e+09	6.23935e+09	6.17084e+09	6.15388e+09	6.33611e+09	6.69475e+09	6.0289e+09	5.35961e+09	5.97131e+09	5.46101e+09	5.37079e+09	5.93579e+09	5.93407e+09	7.19911e+09	7.87731e+09	6.24602e+09	7.53753e+09	7.26355e+09	8.12514e+09	5.67621e+09	6.2208e+09	6.01323e+09	5.70594e+09	5.99823e+09	5.63647e+09	6.21489e+09	7.36291e+09	5.87013e+09	7.43663e+09	6.11462e+09	6.06378e+09
ERR618239	7.63635e+09	7.65397e+09	7.47209e+09	7.54754e+09	7.65098e+09	6.91533e+09	5.97943e+09	7.03941e+09	5.59968e+09	7.47943e+09	6.02072e+09	5.88222e+09	5.96183e+09	5.97662e+09	7.34191e+09	7.66271e+09	5.73729e+09	8.03066e+09	8.22988e+09	7.5902e+09	8.03242e+09	8.26101e+09	7.57965e+09	8.17913e+09	8.45522e+09	9.03157e+09	8.37301e+09	8.53892e+09	8.39942e+09	8.66925e+09	7.35529e+09	7.31817e+09	7.34216e+09	7.17747e+09	6.66223e+09	7.2393e+09	7.36294e+09	8.08804e+09	8.0741e+09	8.09663e+09	7.99672e+09	7.36831e+09	7.21164e+09	6.21319e+09	7.25409e+09	6.53469e+09	6.84704e+09	7.20564e+09	8.1246e+09	5.35898e+09	7.58967e+09	5.24587e+09	5.4982e+09	7.59887e+09	7.68056e+09	6.7373e+09	6.79041e+09	7.28124e+09	6.77145e+09	6.20681e+09	7.50734e+09	7.89434e+09	8.29638e+09	8.03561e+09	6.11347e+09	8.0211e+09	6.43614e+09	6.36923e+09	6.34807e+09	6.54288e+09	6.91916e+09	6.2237e+09	5.53664e+09	6.17855e+09	5.6435e+09	5.55161e+09	6.14145e+09	6.13946e+09	7.41572e+09	8.13875e+09	6.42037e+09	7.77907e+09	7.48341e+09	8.40172e+09	5.86099e+09	6.42889e+09	6.20965e+09	5.89163e+09	6.1939e+09	5.82016e+09	6.44118e+09	7.64962e+09	6.06811e+09	7.72877e+09	6.33573e+09	6.2832e+09
ERR618241	7.32823e+09	7.34411e+09	7.1722e+09	7.23969e+09	7.34167e+09	6.64689e+09	5.75877e+09	6.76505e+09	5.40419e+09	7.17677e+09	5.7984e+09	5.66678e+09	5.74075e+09	5.75432e+09	7.04129e+09	7.34307e+09	5.52878e+09	7.68489e+09	7.87358e+09	7.27346e+09	7.68666e+09	7.90339e+09	7.26437e+09	7.82682e+09	8.1025e+09	8.37301e+09	8.28453e+09	8.17609e+09	8.04338e+09	8.29908e+09	7.06546e+09	7.03065e+09	7.05221e+09	6.89621e+09	6.40901e+09	6.95217e+09	7.06022e+09	7.73895e+09	7.72583e+09	7.74724e+09	7.6544e+09	7.06559e+09	6.93113e+09	5.98524e+09	6.96927e+09	6.2908e+09	6.58871e+09	6.92423e+09	7.77563e+09	5.16396e+09	7.27512e+09	5.05611e+09	5.29553e+09	7.28321e+09	7.35097e+09	6.4613e+09	6.51223e+09	6.97794e+09	6.49326e+09	5.96125e+09	7.18874e+09	7.54945e+09	7.92775e+09	7.68343e+09	5.88019e+09	7.67058e+09	6.18107e+09	6.1156e+09	6.09708e+09	6.27854e+09	6.6333e+09	5.97559e+09	5.31846e+09	5.92484e+09	5.41938e+09	5.33061e+09	5.8894e+09	5.88769e+09	7.12605e+09	7.79904e+09	6.18572e+09	7.46277e+09	7.18939e+09	8.04376e+09	5.62984e+09	6.16806e+09	5.96223e+09	5.65923e+09	5.94726e+09	5.59025e+09	6.1701e+09	7.30377e+09	5.82507e+09	7.37722e+09	6.07053e+09	6.0201e+09
ERR618237	7.47194e+09	7.48836e+09	7.3123e+09	7.37805e+09	7.48537e+09	6.76979e+09	5.85352e+09	6.8866e+09	5.49901e+09	7.30663e+09	5.89396e+09	5.7592e+09	5.83637e+09	5.85053e+09	7.16838e+09	7.47863e+09	5.62051e+09	7.82612e+09	8.029e+09	7.41651e+09	7.839e+09	8.0604e+09	7.40535e+09	7.98206e+09	8.258e+09	8.53892e+09	8.17609e+09	8.61074e+09	8.19978e+09	8.45735e+09	7.2065e+09	7.17119e+09	7.19328e+09	7.03427e+09	6.53196e+09	7.08811e+09	7.20774e+09	7.90287e+09	7.88896e+09	7.91025e+09	7.81679e+09	7.21431e+09	7.07029e+09	6.09923e+09	7.10949e+09	6.41367e+09	6.72301e+09	7.06232e+09	7.936e+09	5.25703e+09	7.42367e+09	5.14458e+09	5.39175e+09	7.43259e+09	7.49127e+09	6.57929e+09	6.63261e+09	7.11321e+09	6.61267e+09	6.0683e+09	7.32054e+09	7.68822e+09	8.08003e+09	7.8291e+09	5.98629e+09	7.81774e+09	6.30858e+09	6.23509e+09	6.22137e+09	6.40359e+09	6.76613e+09	6.08846e+09	5.4018e+09	6.01801e+09	5.50429e+09	5.41271e+09	5.98207e+09	5.98036e+09	7.28394e+09	7.96862e+09	6.31622e+09	7.6248e+09	7.34958e+09	8.22043e+09	5.72469e+09	6.27795e+09	6.06617e+09	5.75448e+09	6.05226e+09	5.68275e+09	6.27206e+09	7.43391e+09	5.92643e+09	7.50874e+09	6.17239e+09	6.12098e+09
ERR618238	7.34707e+09	7.36389e+09	7.19131e+09	7.2616e+09	7.36104e+09	6.66429e+09	5.77371e+09	6.78159e+09	5.41323e+09	7.19634e+09	5.8126e+09	5.68059e+09	5.75698e+09	5.77091e+09	7.06515e+09	7.36796e+09	5.54381e+09	7.71304e+09	7.89961e+09	7.29685e+09	7.71269e+09	7.92977e+09	7.28761e+09	7.85231e+09	8.1212e+09	8.39942e+09	8.04338e+09	8.19978e+09	8.33237e+09	8.32084e+09	7.0815e+09	7.04644e+09	7.06838e+09	6.91259e+09	6.4231e+09	6.97002e+09	7.08092e+09	7.76341e+09	7.75076e+09	7.77135e+09	7.6785e+09	7.08564e+09	6.94622e+09	5.99845e+09	6.98657e+09	6.30427e+09	6.60155e+09	6.94033e+09	7.80064e+09	5.17795e+09	7.29681e+09	5.06995e+09	5.31075e+09	7.30481e+09	7.37754e+09	6.48454e+09	6.5347e+09	7.00152e+09	6.51627e+09	5.98141e+09	7.21491e+09	7.57831e+09	7.95661e+09	7.7112e+09	5.89697e+09	7.69798e+09	6.20031e+09	6.13588e+09	6.11552e+09	6.29952e+09	6.65598e+09	5.9967e+09	5.33892e+09	5.94846e+09	5.44013e+09	5.35168e+09	5.91288e+09	5.91119e+09	7.14049e+09	7.82106e+09	6.19636e+09	7.48158e+09	7.20422e+09	8.06701e+09	5.64946e+09	6.18987e+09	5.98214e+09	5.6789e+09	5.96759e+09	5.60987e+09	6.19743e+09	7.33716e+09	5.8471e+09	7.41191e+09	6.09774e+09	6.04711e+09
ERR618240	7.56671e+09	7.58386e+09	7.40306e+09	7.47769e+09	7.58086e+09	6.85368e+09	5.93146e+09	6.98031e+09	5.55852e+09	7.41403e+09	5.97243e+09	5.83495e+09	5.90978e+09	5.9243e+09	7.27077e+09	7.58759e+09	5.68891e+09	7.94981e+09	8.14807e+09	7.51525e+09	7.95078e+09	8.18014e+09	7.50647e+09	8.09861e+09	8.38055e+09	8.66925e+09	8.29908e+09	8.45735e+09	8.32084e+09	8.86325e+09	7.29074e+09	7.25426e+09	7.27808e+09	7.11408e+09	6.60545e+09	7.1749e+09	7.2921e+09	8.00691e+09	7.99312e+09	8.01534e+09	7.91749e+09	7.29626e+09	7.14875e+09	6.16266e+09	7.19019e+09	6.47957e+09	6.78944e+09	7.14318e+09	8.04429e+09	5.31283e+09	7.51592e+09	5.20107e+09	5.4504e+09	7.52518e+09	7.60421e+09	6.67107e+09	6.72425e+09	7.20873e+09	6.70451e+09	6.14841e+09	7.43379e+09	7.8157e+09	8.21058e+09	7.9541e+09	6.05939e+09	7.93981e+09	6.37227e+09	6.30728e+09	6.28462e+09	6.47704e+09	6.84822e+09	6.1624e+09	5.48493e+09	6.11939e+09	5.59057e+09	5.49891e+09	6.08271e+09	6.08062e+09	7.34899e+09	8.0604e+09	6.36589e+09	7.70424e+09	7.41592e+09	8.31897e+09	5.80729e+09	6.3672e+09	6.15218e+09	5.83711e+09	6.13582e+09	5.76606e+09	6.37225e+09	7.56296e+09	6.00675e+09	7.64093e+09	6.26749e+09	6.21503e+09
ERR607690	6.75859e+09	6.77078e+09	6.61847e+09	6.66602e+09	6.76896e+09	6.15253e+09	5.20704e+09	6.08137e+09	4.91006e+09	6.43389e+09	5.23924e+09	5.12677e+09	5.16766e+09	5.18051e+09	6.28712e+09	6.54465e+09	4.98747e+09	6.82527e+09	7.11258e+09	6.6253e+09	6.96206e+09	7.13916e+09	6.60963e+09	7.07574e+09	7.13353e+09	7.35529e+09	7.06546e+09	7.2065e+09	7.0815e+09	7.29074e+09	6.87327e+09	6.66196e+09	6.67931e+09	6.54149e+09	6.10707e+09	6.58484e+09	6.4941e+09	7.04509e+09	7.03505e+09	7.05038e+09	6.97907e+09	6.49676e+09	6.45714e+09	5.60535e+09	6.48458e+09	5.88513e+09	6.163e+09	6.44552e+09	6.97575e+09	4.66984e+09	6.54355e+09	4.57201e+09	4.78833e+09	6.5548e+09	6.54376e+09	5.76617e+09	5.81587e+09	6.2302e+09	5.79573e+09	5.3355e+09	6.37484e+09	6.67942e+09	7.00822e+09	6.7988e+09	5.25348e+09	6.79061e+09	5.62174e+09	5.55409e+09	5.54357e+09	5.69496e+09	6.00668e+09	5.41803e+09	4.64618e+09	5.15779e+09	4.7338e+09	4.65238e+09	5.13137e+09	5.12905e+09	6.58975e+09	7.12435e+09	5.767e+09	6.85681e+09	6.64591e+09	7.30958e+09	4.90042e+09	5.36212e+09	5.18644e+09	4.9277e+09	5.17649e+09	4.86451e+09	5.37076e+09	6.32683e+09	5.10758e+09	6.3908e+09	5.28686e+09	5.24387e+09
ERR607692	6.72832e+09	6.74002e+09	6.58868e+09	6.63548e+09	6.73825e+09	6.12608e+09	5.1839e+09	6.05298e+09	4.89003e+09	6.40284e+09	5.21633e+09	5.10467e+09	5.14408e+09	5.15696e+09	6.25627e+09	6.51184e+09	4.9653e+09	6.79066e+09	7.0773e+09	6.59406e+09	6.92795e+09	7.10368e+09	6.57823e+09	7.04059e+09	7.09899e+09	7.31817e+09	7.03065e+09	7.17119e+09	7.04644e+09	7.25426e+09	6.66196e+09	6.8147e+09	6.65037e+09	6.5135e+09	6.08261e+09	6.55673e+09	6.46415e+09	7.01061e+09	6.99996e+09	7.01559e+09	6.94481e+09	6.46681e+09	6.42894e+09	5.58237e+09	6.45592e+09	5.86071e+09	6.13696e+09	6.41713e+09	6.94049e+09	4.64826e+09	6.51207e+09	4.55089e+09	4.76635e+09	6.52342e+09	6.51026e+09	5.73796e+09	5.78741e+09	6.19936e+09	5.76692e+09	5.30972e+09	6.34185e+09	6.64465e+09	6.97194e+09	6.7635e+09	5.22856e+09	6.75513e+09	5.5953e+09	5.5274e+09	5.51758e+09	5.66788e+09	5.97687e+09	5.39227e+09	4.62191e+09	5.12991e+09	4.70886e+09	4.62728e+09	5.10398e+09	5.1016e+09	6.56089e+09	7.09029e+09	5.74426e+09	6.82516e+09	6.61645e+09	7.27342e+09	4.87459e+09	5.33389e+09	5.15957e+09	4.90183e+09	5.14935e+09	4.83921e+09	5.34188e+09	6.29233e+09	5.08212e+09	6.35578e+09	5.25901e+09	5.21611e+09
ERR607691	6.74752e+09	6.75979e+09	6.60818e+09	6.6559e+09	6.75742e+09	6.14315e+09	5.19867e+09	6.07144e+09	4.90256e+09	6.42253e+09	5.23136e+09	5.11914e+09	5.16035e+09	5.17271e+09	6.27651e+09	6.53365e+09	4.98038e+09	6.81369e+09	7.09974e+09	6.61359e+09	6.9492e+09	7.1256e+09	6.59783e+09	7.06277e+09	7.12121e+09	7.34216e+09	7.05221e+09	7.19328e+09	7.06838e+09	7.27808e+09	6.67931e+09	6.65037e+09	6.85049e+09	6.53034e+09	6.0972e+09	6.57364e+09	6.48219e+09	7.03117e+09	7.02085e+09	7.03622e+09	6.96484e+09	6.48428e+09	6.44561e+09	5.59597e+09	6.47249e+09	5.87507e+09	6.15161e+09	6.43335e+09	6.96162e+09	4.66168e+09	6.53101e+09	4.56458e+09	4.78065e+09	6.54276e+09	6.5317e+09	5.75614e+09	5.80581e+09	6.21883e+09	5.78553e+09	5.32629e+09	6.36285e+09	6.66681e+09	6.9949e+09	6.7858e+09	5.24405e+09	6.77754e+09	5.61156e+09	5.54363e+09	5.53358e+09	5.68472e+09	5.99501e+09	5.40862e+09	4.63886e+09	5.14933e+09	4.72645e+09	4.64455e+09	5.12331e+09	5.12072e+09	6.57713e+09	7.11042e+09	5.75732e+09	6.84323e+09	6.63345e+09	7.29497e+09	4.89201e+09	5.35242e+09	5.17751e+09	4.9191e+09	5.16728e+09	4.85632e+09	5.36226e+09	6.3158e+09	5.09952e+09	6.37938e+09	5.27834e+09	5.23559e+09
