	ERR636774	ERR636771	ERR636770	ERR636772	ERR636769	ERR636773	ERR630233	ERR630231	ERR630235	ERR630232	ERR630230	ERR630234	ERR613232	ERR613231	ERR613229	ERR613228	ERR613230	ERR613227	ERR626870	ERR626867	ERR626868	ERR626872	ERR626869	ERR626871	ERR618633	ERR618635	ERR618638	ERR618636	ERR618637	ERR618634	ERR636777	ERR636779	ERR636780	ERR636778	ERR636775	ERR636776	ERR617522	ERR617518	ERR617517	ERR617521	ERR617519	ERR617520	ERR613974	ERR613977	ERR613972	ERR613975	ERR613973	ERR613976	ERR630443	ERR630444	ERR630442	ERR630445	ERR630440	ERR630441	ERR631301	ERR631297	ERR631302	ERR631298	ERR631300	ERR631299	ERR605542	ERR605543	ERR605539	ERR605540	ERR605541	ERR605544	ERR613495	ERR613494	ERR613491	ERR613492	ERR613496	ERR613493	ERR626607	ERR626603	ERR626606	ERR626602	ERR626605	ERR626604	ERR608432	ERR608431	ERR608430	ERR608427	ERR608429	ERR608428	ERR630211	ERR630208	ERR630209	ERR630210	ERR630207	ERR630206	ERR617510	ERR617507	ERR617508	ERR617509	ERR617506	ERR617505
ERR636774	0	0.781167	0.782147	0.77722	0.791545	0.776833	1.11095	1.13062	1.12131	1.13246	1.11552	1.11234	0.930497	0.929559	0.900129	0.894097	0.935357	0.887978	0.917198	0.877178	0.888571	0.878104	0.887858	0.918489	0.839157	0.843458	0.856447	0.846486	0.855719	0.846348	0.898661	0.89684	0.894496	0.89397	0.907804	0.898981	0.913281	0.907977	0.90974	0.919048	0.90827	0.925362	0.906638	0.876357	0.878595	0.894894	0.891269	0.894151	1.04269	1.04382	1.04307	1.0408	1.04043	1.04862	0.959883	0.95809	0.960205	0.96317	0.959963	0.946704	1.12805	1.12742	1.12212	1.12673	1.13285	1.12858	1.09039	1.08838	1.07502	1.07565	1.09013	1.07582	1.0965	1.09068	1.09551	1.07983	1.09712	1.10674	1.04001	1.04264	1.04282	1.086	1.05112	1.05737	1.06828	1.07761	1.06246	1.06273	1.07267	1.06167	1.0963	1.09149	1.10345	1.09925	1.09167	1.09487
ERR636771	0.781167	0	0.780769	0.781255	0.789495	0.781834	1.11106	1.13065	1.12101	1.13264	1.11593	1.11268	0.931896	0.93089	0.90181	0.895882	0.936196	0.890743	0.919497	0.8797	0.890259	0.880433	0.889804	0.920788	0.839977	0.843943	0.858225	0.848323	0.858048	0.846842	0.898855	0.896864	0.89461	0.894284	0.9082	0.899582	0.914854	0.910393	0.911166	0.920939	0.910341	0.927515	0.907176	0.877999	0.8803	0.896451	0.892543	0.895444	1.04438	1.04556	1.04462	1.04257	1.04199	1.04916	0.962238	0.960719	0.962927	0.966168	0.962138	0.948938	1.12887	1.12823	1.1229	1.12746	1.13306	1.12948	1.09148	1.0895	1.07584	1.07646	1.0915	1.0764	1.09822	1.09247	1.09769	1.08156	1.09909	1.10787	1.04218	1.0447	1.04485	1.08641	1.05329	1.05919	1.06774	1.0782	1.06266	1.0631	1.07259	1.06206	1.09747	1.09293	1.10489	1.1008	1.09336	1.09566
ERR636770	0.782147	0.780769	0	0.782995	0.790295	0.782976	1.11253	1.13212	1.12285	1.13357	1.11701	1.114	0.932348	0.931302	0.901832	0.895659	0.936953	0.889236	0.918359	0.879814	0.890458	0.880021	0.889523	0.919281	0.841752	0.845701	0.858256	0.848854	0.857877	0.849025	0.900753	0.898819	0.896419	0.895548	0.909439	0.900309	0.914769	0.910094	0.911895	0.920321	0.910174	0.926758	0.90829	0.877635	0.879869	0.895633	0.892428	0.895242	1.04466	1.04608	1.04549	1.04308	1.04282	1.05094	0.962717	0.960964	0.962826	0.965693	0.962309	0.948611	1.12978	1.12916	1.12413	1.12845	1.13406	1.13009	1.092	1.08985	1.07699	1.07742	1.09187	1.07747	1.09746	1.09198	1.09674	1.08138	1.09834	1.10843	1.04116	1.04361	1.04375	1.08686	1.05184	1.05864	1.07025	1.07996	1.06442	1.06457	1.07417	1.06375	1.09766	1.09267	1.10424	1.10006	1.09253	1.09619
ERR636772	0.77722	0.781255	0.782995	0	0.792278	0.777663	1.11161	1.13122	1.12178	1.133	1.11591	1.11302	0.931256	0.93028	0.901007	0.895269	0.935931	0.889288	0.918682	0.879041	0.88971	0.879671	0.889078	0.920142	0.83968	0.844303	0.857218	0.847441	0.856539	0.847303	0.899831	0.89783	0.895546	0.895201	0.909086	0.900139	0.914441	0.909535	0.91059	0.920228	0.909709	0.926559	0.907014	0.876829	0.879483	0.895441	0.892025	0.894652	1.04368	1.04494	1.04371	1.04177	1.04149	1.04945	0.96108	0.959251	0.961114	0.964311	0.960688	0.947456	1.1288	1.128	1.12277	1.12724	1.13295	1.12928	1.09129	1.08934	1.07573	1.07646	1.09138	1.07661	1.09714	1.09134	1.09653	1.08095	1.09798	1.10762	1.04098	1.0435	1.04351	1.08625	1.05219	1.05814	1.06869	1.07849	1.06315	1.06356	1.07324	1.06233	1.09722	1.0925	1.10429	1.10016	1.09264	1.09549
ERR636769	0.791545	0.789495	0.790295	0.792278	0	0.791863	1.11914	1.1381	1.12901	1.14027	1.12359	1.12098	0.938024	0.93674	0.908991	0.903713	0.941666	0.898149	0.926818	0.889248	0.899243	0.889885	0.898576	0.928045	0.850959	0.854619	0.86748	0.858158	0.867112	0.85755	0.907519	0.90578	0.903393	0.902761	0.915679	0.908042	0.923785	0.918978	0.919894	0.929354	0.91934	0.935723	0.912813	0.884909	0.886953	0.902558	0.898557	0.901589	1.05391	1.05473	1.05416	1.05191	1.05162	1.05884	0.969526	0.968113	0.970123	0.972776	0.969599	0.956518	1.13659	1.1357	1.13072	1.13482	1.14032	1.13694	1.09974	1.09754	1.08468	1.08513	1.09941	1.08527	1.10603	1.10018	1.10507	1.09015	1.10645	1.11546	1.04964	1.05196	1.0521	1.09258	1.06052	1.06606	1.07733	1.08729	1.07237	1.07267	1.08212	1.07185	1.10535	1.10096	1.11212	1.10821	1.10099	1.10386
ERR636773	0.776833	0.781834	0.782976	0.777663	0.791863	0	1.11155	1.13131	1.12176	1.1331	1.11591	1.11315	0.931013	0.92974	0.900722	0.89487	0.935909	0.888325	0.918449	0.878585	0.88975	0.879293	0.888993	0.919345	0.839921	0.84447	0.857249	0.847553	0.856676	0.846958	0.899758	0.897835	0.895582	0.89518	0.908979	0.900145	0.914327	0.909039	0.910261	0.919817	0.909152	0.926382	0.907134	0.877131	0.879611	0.895731	0.891682	0.894715	1.04368	1.04494	1.04425	1.04202	1.04161	1.04974	0.960805	0.959064	0.961182	0.964076	0.960694	0.947054	1.12886	1.12819	1.12298	1.12732	1.13323	1.1293	1.0914	1.08918	1.07569	1.07628	1.09124	1.07641	1.0973	1.09124	1.09641	1.08087	1.09793	1.10767	1.04074	1.04351	1.04349	1.08654	1.05223	1.05843	1.06899	1.07866	1.06333	1.06355	1.07337	1.06267	1.09734	1.09224	1.10456	1.10025	1.0926	1.09558
ERR630233	1.11095	1.11106	1.11253	1.11161	1.11914	1.11155	0	0.758968	0.746649	0.769828	0.742639	0.737202	1.14033	1.13919	1.12043	1.1158	1.14402	1.11131	1.13282	1.10683	1.11391	1.10771	1.1134	1.13369	1.1024	1.10589	1.11542	1.10947	1.11513	1.10803	1.12631	1.12488	1.12298	1.12323	1.13363	1.12708	1.11471	1.11109	1.11206	1.11834	1.11127	1.12231	1.1366	1.11654	1.11764	1.12942	1.12633	1.12964	0.999659	1.001	0.99828	0.994972	0.994991	1.00257	1.07602	1.07426	1.0765	1.07835	1.074	1.0631	1.02818	1.02665	1.02115	1.02641	1.03256	1.02776	1.00069	0.999084	0.981719	0.981371	1.00154	0.982573	1.00091	0.992636	1.0013	0.983567	1.00136	1.00885	0.962691	0.965352	0.964524	1.00935	0.976334	0.980177	0.941218	0.954371	0.93409	0.9349	0.947982	0.931917	0.935469	0.931072	0.947238	0.942394	0.93155	0.928414
ERR630231	1.13062	1.13065	1.13212	1.13122	1.1381	1.13131	0.758968	0	0.76429	0.782194	0.760209	0.759463	1.15774	1.15674	1.13938	1.13512	1.16117	1.13113	1.15159	1.12745	1.13391	1.12824	1.13316	1.15238	1.12317	1.12638	1.13549	1.12972	1.13501	1.12798	1.14476	1.14351	1.14189	1.14177	1.15148	1.14577	1.13397	1.13089	1.13132	1.13737	1.13084	1.14102	1.15384	1.13567	1.137	1.14757	1.14468	1.14806	1.02372	1.02493	1.02229	1.01896	1.01869	1.02597	1.09436	1.09284	1.09488	1.09671	1.09259	1.0823	1.04788	1.04643	1.04134	1.04648	1.05158	1.04751	1.02402	1.02278	1.00656	1.00647	1.0251	1.00767	1.02417	1.0158	1.02435	1.00826	1.02407	1.02981	0.988717	0.990661	0.990195	1.0305	1.00114	1.00425	0.966077	0.978501	0.960167	0.961303	0.97291	0.958533	0.954397	0.950753	0.965306	0.961455	0.951169	0.947213
ERR630235	1.12131	1.12101	1.12285	1.12178	1.12901	1.12176	0.746649	0.76429	0	0.775185	0.750389	0.747631	1.14989	1.14886	1.13101	1.12676	1.15304	1.12299	1.14366	1.11832	1.12486	1.11894	1.12427	1.14473	1.11337	1.11668	1.1267	1.12058	1.12632	1.11832	1.13562	1.13399	1.13255	1.13234	1.14254	1.1368	1.12528	1.12214	1.12245	1.12886	1.12206	1.1325	1.14529	1.12678	1.12811	1.13961	1.13629	1.13968	1.0127	1.01367	1.01117	1.00765	1.00728	1.01412	1.08642	1.08469	1.08681	1.08899	1.08434	1.07378	1.03918	1.03734	1.0322	1.03746	1.0427	1.03839	1.01369	1.01231	0.994717	0.994971	1.0147	0.995875	1.0147	1.00628	1.0147	0.99768	1.01501	1.02005	0.978474	0.980949	0.979982	1.02077	0.992038	0.994667	0.95314	0.967368	0.947554	0.948324	0.960806	0.946051	0.946374	0.942685	0.957948	0.953462	0.943388	0.938845
ERR630232	1.13246	1.13264	1.13357	1.133	1.14027	1.1331	0.769828	0.782194	0.775185	0	0.770186	0.770096	1.15949	1.15825	1.14098	1.13684	1.16293	1.13254	1.15275	1.12891	1.1355	1.12981	1.13502	1.15365	1.12509	1.12837	1.13708	1.13148	1.13665	1.13002	1.14688	1.14556	1.14404	1.14384	1.15364	1.14752	1.13536	1.13208	1.13264	1.13881	1.13212	1.1422	1.15565	1.1372	1.13853	1.14909	1.14635	1.14923	1.02572	1.02692	1.02461	1.02144	1.02092	1.02842	1.09673	1.09495	1.0972	1.09891	1.09473	1.08454	1.04993	1.04831	1.04325	1.04836	1.05369	1.04943	1.02562	1.02458	1.00891	1.00842	1.02673	1.00926	1.0255	1.01752	1.02569	1.00988	1.02578	1.03197	0.99001	0.992343	0.991806	1.03234	1.00279	1.00545	0.969737	0.981393	0.963418	0.964098	0.976365	0.961402	0.957342	0.953575	0.967994	0.963878	0.954097	0.950592
ERR630230	1.11552	1.11593	1.11701	1.11591	1.12359	1.11591	0.742639	0.760209	0.750389	0.770186	0	0.743418	1.14471	1.1434	1.12493	1.12039	1.14825	1.11559	1.13713	1.11155	1.11854	1.11244	1.1182	1.1379	1.10758	1.11104	1.12028	1.114	1.11983	1.11297	1.13088	1.12957	1.12774	1.12784	1.13807	1.13164	1.11942	1.11551	1.11675	1.12273	1.11578	1.12636	1.14102	1.1209	1.12223	1.13361	1.13079	1.13368	1.0057	1.00692	1.00433	1.00093	1.00055	1.0085	1.08039	1.07858	1.08069	1.08234	1.07841	1.06742	1.03291	1.03138	1.02582	1.03116	1.03729	1.03266	1.00657	1.00505	0.988206	0.98796	1.0073	0.989201	1.0067	0.998151	1.00674	0.989429	1.007	1.01438	0.968477	0.970952	0.970436	1.01496	0.98192	0.985771	0.948055	0.960237	0.940663	0.941763	0.95431	0.938461	0.939639	0.935303	0.950957	0.946314	0.935575	0.932169
ERR630234	1.11234	1.11268	1.114	1.11302	1.12098	1.11315	0.737202	0.759463	0.747631	0.770096	0.743418	0	1.14197	1.14086	1.12202	1.11761	1.1455	1.11275	1.13387	1.10815	1.11552	1.10918	1.11494	1.13493	1.10428	1.10773	1.11694	1.11085	1.11659	1.10975	1.12814	1.12661	1.12502	1.12499	1.13557	1.12902	1.11626	1.11256	1.11352	1.1194	1.11257	1.12351	1.13801	1.11783	1.11895	1.13053	1.12778	1.13067	1.00107	1.00248	1.00021	0.99634	0.996464	1.00436	1.07719	1.07511	1.07735	1.07914	1.07521	1.0643	1.02936	1.02763	1.02192	1.02769	1.03384	1.02906	1.00193	1.00045	0.983542	0.983073	1.00301	0.984526	1.00227	0.993557	1.00226	0.984751	1.00234	1.01008	0.963667	0.966015	0.96558	1.01062	0.977245	0.980863	0.94306	0.955944	0.935898	0.936622	0.949874	0.934102	0.9361	0.931297	0.947342	0.942671	0.931683	0.928694
ERR613232	0.930497	0.931896	0.932348	0.931256	0.938024	0.931013	1.14033	1.15774	1.14989	1.15949	1.14471	1.14197	0	0.850998	0.822841	0.81675	0.85744	0.811773	0.971733	0.943198	0.95149	0.943118	0.950127	0.972094	0.913629	0.91658	0.922817	0.917248	0.923039	0.918793	0.952424	0.951102	0.949323	0.948851	0.958919	0.952072	0.915716	0.91006	0.913176	0.92055	0.911196	0.926329	0.950141	0.926874	0.928528	0.939238	0.93781	0.939443	1.07431	1.07556	1.07517	1.07307	1.07329	1.08051	0.996834	0.995674	0.997496	0.999271	0.997312	0.986808	1.10408	1.10406	1.10022	1.10331	1.10716	1.10425	1.0728	1.07137	1.06416	1.06478	1.0727	1.06423	1.123	1.11841	1.1221	1.10934	1.12358	1.13257	1.07348	1.07498	1.07547	1.11303	1.08264	1.08762	1.09936	1.10768	1.09384	1.09411	1.10262	1.0936	1.1177	1.11289	1.12327	1.12003	1.11288	1.11633
ERR613231	0.929559	0.93089	0.931302	0.93028	0.93674	0.92974	1.13919	1.15674	1.14886	1.15825	1.1434	1.14086	0.850998	0	0.822999	0.816757	0.857035	0.811768	0.971155	0.942508	0.950394	0.94237	0.949827	0.971666	0.912488	0.915477	0.922472	0.916611	0.922217	0.917911	0.951451	0.949902	0.94821	0.948351	0.958498	0.95128	0.9148	0.909523	0.912404	0.919843	0.91078	0.92576	0.948985	0.926022	0.928188	0.938345	0.937549	0.938986	1.07314	1.07452	1.07423	1.07195	1.07232	1.07916	0.995758	0.994358	0.996009	0.997769	0.995712	0.985336	1.10425	1.10442	1.10071	1.10331	1.10738	1.10437	1.07294	1.07196	1.06402	1.06421	1.07268	1.06416	1.12197	1.11743	1.12144	1.10834	1.12267	1.13147	1.07227	1.0739	1.07429	1.11163	1.08161	1.08667	1.09795	1.10647	1.09264	1.09296	1.10151	1.09254	1.11679	1.11188	1.12211	1.11911	1.11215	1.11527
ERR613229	0.900129	0.90181	0.901832	0.901007	0.908991	0.900722	1.12043	1.13938	1.13101	1.14098	1.12493	1.12202	0.822841	0.822999	0	0.775044	0.830625	0.767849	0.944812	0.911652	0.921945	0.912082	0.920543	0.945706	0.88211	0.886069	0.893521	0.886859	0.893348	0.888325	0.924999	0.923643	0.921501	0.921097	0.932909	0.924151	0.885201	0.87829	0.882449	0.890162	0.879113	0.897099	0.926372	0.897939	0.900393	0.912912	0.911642	0.913463	1.04969	1.05129	1.05078	1.04847	1.04845	1.05654	0.969864	0.967982	0.970269	0.971829	0.969818	0.957499	1.08311	1.08318	1.07886	1.08234	1.08656	1.08353	1.04976	1.04799	1.03967	1.04003	1.04931	1.03975	1.10171	1.0965	1.10089	1.08664	1.10249	1.11237	1.04704	1.049	1.04908	1.09153	1.0569	1.06291	1.07607	1.08517	1.07013	1.07016	1.07986	1.06954	1.09642	1.09102	1.1025	1.09899	1.09133	1.0953
ERR613228	0.894097	0.895882	0.895659	0.895269	0.903713	0.89487	1.1158	1.13512	1.12676	1.13684	1.12039	1.11761	0.81675	0.816757	0.775044	0	0.825226	0.758909	0.939251	0.905418	0.91575	0.90594	0.914649	0.940476	0.875683	0.880097	0.887502	0.880685	0.887751	0.882497	0.919722	0.917709	0.91571	0.915143	0.92767	0.918445	0.879024	0.872158	0.876608	0.884414	0.87292	0.891258	0.922144	0.892135	0.894338	0.907443	0.906086	0.907814	1.04417	1.04561	1.04505	1.04315	1.04301	1.05141	0.964093	0.962566	0.964674	0.966441	0.96419	0.951605	1.07727	1.07722	1.07283	1.0761	1.08048	1.0775	1.04296	1.04157	1.033	1.03375	1.04281	1.03343	1.09634	1.0912	1.09533	1.0809	1.09723	1.10798	1.04134	1.04313	1.04356	1.08732	1.05141	1.0578	1.071	1.07985	1.06462	1.06485	1.07435	1.06414	1.09119	1.08598	1.09727	1.09356	1.08572	1.09021
ERR613230	0.935357	0.936196	0.936953	0.935931	0.941666	0.935909	1.14402	1.16117	1.15304	1.16293	1.14825	1.1455	0.85744	0.857035	0.830625	0.825226	0	0.820893	0.977395	0.949455	0.956996	0.948848	0.95587	0.97795	0.919093	0.921947	0.929349	0.923777	0.929142	0.923829	0.957341	0.955525	0.954	0.953537	0.963417	0.957292	0.922707	0.917731	0.920503	0.927534	0.918524	0.93365	0.954365	0.932505	0.934567	0.94459	0.94342	0.945171	1.07956	1.081	1.08022	1.07821	1.07852	1.08496	1.00182	1.00046	1.00182	1.00401	1.00173	0.991903	1.10875	1.10837	1.10471	1.1075	1.11133	1.10875	1.07764	1.07635	1.06899	1.0693	1.07734	1.06882	1.12747	1.12282	1.12688	1.11391	1.12805	1.13631	1.07821	1.08007	1.08037	1.11591	1.08728	1.09242	1.1029	1.11157	1.09784	1.09836	1.10651	1.0979	1.12233	1.11794	1.12772	1.12467	1.11765	1.12096
ERR613227	0.887978	0.890743	0.889236	0.889288	0.898149	0.888325	1.11131	1.13113	1.12299	1.13254	1.11559	1.11275	0.811773	0.811768	0.767849	0.758909	0.820893	0	0.931418	0.897325	0.908551	0.897512	0.906733	0.93272	0.867231	0.872542	0.878789	0.871315	0.879226	0.876013	0.914168	0.912805	0.910466	0.909825	0.922464	0.912402	0.870579	0.862339	0.868095	0.874757	0.863104	0.882083	0.917417	0.884724	0.887136	0.900211	0.899424	0.900476	1.03732	1.03874	1.03862	1.03642	1.03668	1.0456	0.957545	0.955302	0.957484	0.958876	0.957277	0.943968	1.0745	1.07477	1.0702	1.07394	1.07843	1.0748	1.03965	1.03827	1.03012	1.0302	1.0395	1.03026	1.08956	1.08512	1.08892	1.07431	1.09075	1.10289	1.03352	1.03564	1.03606	1.08275	1.04339	1.05055	1.06643	1.0748	1.05929	1.05927	1.06968	1.05896	1.0852	1.07918	1.09063	1.08683	1.07902	1.08432
ERR626870	0.917198	0.919497	0.918359	0.918682	0.926818	0.918449	1.13282	1.15159	1.14366	1.15275	1.13713	1.13387	0.971733	0.971155	0.944812	0.939251	0.977395	0.931418	0	0.800058	0.811308	0.799693	0.809669	0.834584	0.898186	0.90202	0.90744	0.900755	0.906873	0.905295	0.91875	0.917956	0.916085	0.915083	0.926776	0.916868	0.948168	0.941422	0.946993	0.95041	0.941515	0.955809	0.956416	0.928988	0.930435	0.940412	0.940348	0.940336	1.06262	1.06412	1.06489	1.06201	1.06305	1.07144	0.990804	0.988915	0.990661	0.991619	0.990233	0.976927	1.14534	1.14502	1.14031	1.14481	1.15036	1.14573	1.11355	1.11199	1.10169	1.10176	1.11367	1.10185	1.11523	1.11108	1.11416	1.10058	1.116	1.12764	1.06517	1.06672	1.06695	1.11119	1.07414	1.08089	1.09733	1.10434	1.09041	1.09032	1.10019	1.08977	1.11151	1.10579	1.11698	1.11283	1.10591	1.11084
ERR626867	0.877178	0.8797	0.879814	0.879041	0.889248	0.878585	1.10683	1.12745	1.11832	1.12891	1.11155	1.10815	0.943198	0.942508	0.911652	0.905418	0.949455	0.897325	0.800058	0	0.764034	0.752932	0.762234	0.801969	0.85798	0.862746	0.872092	0.863861	0.871512	0.866097	0.88156	0.880337	0.877985	0.876413	0.891271	0.880601	0.9157	0.90888	0.913267	0.919491	0.90876	0.925751	0.925536	0.893537	0.895916	0.909619	0.907742	0.908939	1.03271	1.0344	1.03437	1.03153	1.03182	1.04088	0.958077	0.956165	0.958143	0.960373	0.957573	0.942405	1.12169	1.12136	1.11578	1.1206	1.1269	1.12225	1.08814	1.08637	1.07409	1.07437	1.08799	1.07408	1.09117	1.08626	1.0902	1.07475	1.0919	1.10337	1.03619	1.03869	1.03886	1.08586	1.04741	1.05422	1.0667	1.07584	1.05998	1.06027	1.0706	1.05951	1.08681	1.08121	1.09359	1.08906	1.08142	1.0855
ERR626868	0.888571	0.890259	0.890458	0.88971	0.899243	0.88975	1.11391	1.13391	1.12486	1.1355	1.11854	1.11552	0.95149	0.950394	0.921945	0.91575	0.956996	0.908551	0.811308	0.764034	0	0.766403	0.775334	0.812748	0.868787	0.873305	0.882377	0.874707	0.881868	0.876223	0.890925	0.889551	0.887398	0.886046	0.90056	0.890106	0.925155	0.919093	0.922886	0.929512	0.919273	0.935463	0.932448	0.903253	0.905657	0.91882	0.916393	0.917591	1.04154	1.04299	1.04334	1.04048	1.04067	1.049	0.967393	0.965899	0.967859	0.969991	0.967147	0.952584	1.12812	1.12782	1.1226	1.12696	1.1329	1.12853	1.09547	1.09359	1.08143	1.08148	1.09558	1.0818	1.09916	1.09405	1.0982	1.08303	1.0997	1.11025	1.04564	1.04779	1.04798	1.09261	1.0561	1.06297	1.0746	1.08349	1.06822	1.06849	1.07853	1.06769	1.09424	1.08902	1.10107	1.09676	1.08941	1.09291
ERR626872	0.878104	0.880433	0.880021	0.879671	0.889885	0.879293	1.10771	1.12824	1.11894	1.12981	1.11244	1.10918	0.943118	0.94237	0.912082	0.90594	0.948848	0.897512	0.799693	0.752932	0.766403	0	0.764554	0.801668	0.857117	0.862292	0.871339	0.863315	0.8707	0.865654	0.881447	0.880028	0.877443	0.876235	0.891261	0.880192	0.915055	0.908184	0.912765	0.919073	0.908526	0.925202	0.925086	0.893619	0.895633	0.909379	0.907458	0.90864	1.03312	1.0347	1.03498	1.03201	1.03242	1.04148	0.957889	0.956189	0.958157	0.960017	0.957512	0.942067	1.12258	1.12236	1.11699	1.12163	1.1276	1.12329	1.08896	1.08705	1.0749	1.07508	1.08868	1.07497	1.092	1.08685	1.09105	1.07549	1.09272	1.10414	1.03712	1.03942	1.03986	1.08602	1.04802	1.05513	1.06781	1.07688	1.0609	1.0613	1.07167	1.06049	1.08712	1.08157	1.0941	1.08946	1.08188	1.08613
ERR626869	0.887858	0.889804	0.889523	0.889078	0.898576	0.888993	1.1134	1.13316	1.12427	1.13502	1.1182	1.11494	0.950127	0.949827	0.920543	0.914649	0.95587	0.906733	0.809669	0.762234	0.775334	0.764554	0	0.811238	0.867751	0.872061	0.880588	0.873235	0.880386	0.875228	0.890231	0.888984	0.886685	0.885042	0.899565	0.888818	0.92363	0.917035	0.921108	0.928051	0.917709	0.933589	0.932555	0.902272	0.904477	0.917427	0.915705	0.916928	1.04056	1.04184	1.04223	1.03934	1.03998	1.04829	0.966448	0.964532	0.966393	0.968512	0.965912	0.950954	1.12766	1.12745	1.12245	1.12667	1.13264	1.12823	1.09468	1.09288	1.08099	1.08105	1.09464	1.08086	1.09785	1.09298	1.09684	1.08167	1.09848	1.10974	1.04416	1.04622	1.04653	1.09186	1.05468	1.06155	1.07417	1.08294	1.06764	1.06781	1.07807	1.06693	1.09311	1.08748	1.09963	1.09545	1.08764	1.09212
ERR626871	0.918489	0.920788	0.919281	0.920142	0.928045	0.919345	1.13369	1.15238	1.14473	1.15365	1.1379	1.13493	0.972094	0.971666	0.945706	0.940476	0.97795	0.93272	0.834584	0.801969	0.812748	0.801668	0.811238	0	0.899561	0.903589	0.90874	0.902463	0.908334	0.906411	0.919349	0.918719	0.916857	0.91567	0.927202	0.917439	0.948855	0.942633	0.947997	0.951784	0.942961	0.956977	0.956789	0.929387	0.93101	0.941307	0.941099	0.940391	1.064	1.06558	1.06632	1.06335	1.06422	1.07245	0.991364	0.989558	0.991274	0.992681	0.991289	0.977863	1.1463	1.14621	1.14141	1.14569	1.15124	1.14693	1.11473	1.1129	1.10264	1.10288	1.11455	1.10293	1.11661	1.11235	1.11551	1.10183	1.11727	1.129	1.0659	1.06778	1.06815	1.1117	1.07519	1.0821	1.09832	1.10561	1.09169	1.09147	1.10136	1.09097	1.11275	1.10693	1.11841	1.11394	1.10703	1.11176
ERR618633	0.839157	0.839977	0.841752	0.83968	0.850959	0.839921	1.1024	1.12317	1.11337	1.12509	1.10758	1.10428	0.913629	0.912488	0.88211	0.875683	0.919093	0.867231	0.898186	0.85798	0.868787	0.857117	0.867751	0.899561	0	0.759038	0.774023	0.763729	0.774655	0.763366	0.882848	0.880751	0.878306	0.877501	0.892563	0.882851	0.884749	0.878792	0.881442	0.89078	0.878557	0.897695	0.894183	0.860197	0.863033	0.877965	0.875905	0.877835	1.02531	1.02639	1.02608	1.02349	1.02343	1.03191	0.935787	0.934448	0.936454	0.938921	0.935876	0.920952	1.12021	1.11946	1.11409	1.11855	1.12476	1.12052	1.08415	1.08212	1.06851	1.06885	1.08399	1.06895	1.0847	1.07897	1.08392	1.06754	1.08558	1.09598	1.03212	1.03434	1.03452	1.08036	1.04292	1.04995	1.05844	1.06847	1.05268	1.05325	1.06303	1.05208	1.08053	1.07502	1.08744	1.08282	1.07523	1.07876
ERR618635	0.843458	0.843943	0.845701	0.844303	0.854619	0.84447	1.10589	1.12638	1.11668	1.12837	1.11104	1.10773	0.91658	0.915477	0.886069	0.880097	0.921947	0.872542	0.90202	0.862746	0.873305	0.862292	0.872061	0.903589	0.759038	0	0.779504	0.769341	0.77994	0.769114	0.886057	0.883653	0.881831	0.880845	0.895506	0.886488	0.888305	0.882539	0.885518	0.894609	0.882829	0.901174	0.896528	0.863973	0.866751	0.881188	0.879086	0.881028	1.02965	1.03077	1.03071	1.02787	1.02811	1.03606	0.939766	0.938838	0.940233	0.943325	0.939737	0.925648	1.12355	1.12283	1.11777	1.12217	1.12809	1.12411	1.08812	1.08631	1.07274	1.07309	1.08813	1.07305	1.08869	1.0828	1.08739	1.07182	1.08937	1.0997	1.03688	1.03882	1.03923	1.08382	1.04758	1.05416	1.06213	1.07258	1.05664	1.057	1.06721	1.05628	1.084	1.07909	1.09123	1.08656	1.079	1.08265
ERR618638	0.856447	0.858225	0.858256	0.857218	0.86748	0.857249	1.11542	1.13549	1.1267	1.13708	1.12028	1.11694	0.922817	0.922472	0.893521	0.887502	0.929349	0.878789	0.90744	0.872092	0.882377	0.871339	0.880588	0.90874	0.774023	0.779504	0	0.776595	0.786005	0.78418	0.898262	0.896518	0.894446	0.893474	0.906645	0.897732	0.895305	0.88875	0.893328	0.900473	0.88855	0.906263	0.905001	0.871775	0.87456	0.887002	0.886258	0.886822	1.03918	1.04029	1.04105	1.0377	1.03854	1.04713	0.948576	0.947328	0.948916	0.950719	0.948365	0.934327	1.1313	1.13076	1.12593	1.13043	1.13626	1.13193	1.09596	1.09412	1.08212	1.08225	1.096	1.08238	1.09483	1.09	1.09393	1.07872	1.09539	1.1073	1.04429	1.04619	1.04642	1.09217	1.05418	1.06124	1.07423	1.08329	1.06795	1.06801	1.07815	1.06712	1.09093	1.08533	1.09687	1.09269	1.08517	1.08998
ERR618636	0.846486	0.848323	0.848854	0.847441	0.858158	0.847553	1.10947	1.12972	1.12058	1.13148	1.114	1.11085	0.917248	0.916611	0.886859	0.880685	0.923777	0.871315	0.900755	0.863861	0.874707	0.863315	0.873235	0.902463	0.763729	0.769341	0.776595	0	0.777329	0.774511	0.890422	0.8881	0.886239	0.884982	0.899167	0.889614	0.889054	0.882128	0.88673	0.894453	0.882431	0.900625	0.899247	0.864558	0.867323	0.880855	0.879951	0.880761	1.03201	1.03327	1.03362	1.03045	1.03098	1.03972	0.940456	0.939324	0.941144	0.943479	0.941113	0.926394	1.12547	1.12537	1.12016	1.1248	1.13052	1.12628	1.08975	1.08776	1.07537	1.07552	1.08986	1.07572	1.08904	1.08377	1.08814	1.07223	1.08951	1.10133	1.03694	1.03894	1.03927	1.08546	1.04722	1.05444	1.0668	1.07623	1.06036	1.0606	1.07107	1.06007	1.08528	1.07947	1.09147	1.08707	1.07952	1.08398
ERR618637	0.855719	0.858048	0.857877	0.856539	0.867112	0.856676	1.11513	1.13501	1.12632	1.13665	1.11983	1.11659	0.923039	0.922217	0.893348	0.887751	0.929142	0.879226	0.906873	0.871512	0.881868	0.8707	0.880386	0.908334	0.774655	0.77994	0.786005	0.777329	0	0.785028	0.897606	0.895993	0.89364	0.892823	0.905978	0.89622	0.89529	0.888182	0.893507	0.900136	0.888673	0.906199	0.905377	0.872385	0.87421	0.887222	0.886626	0.887212	1.03884	1.04032	1.04093	1.03762	1.03812	1.04669	0.948632	0.947639	0.949194	0.951112	0.948786	0.934807	1.13119	1.13067	1.12573	1.13034	1.1361	1.13167	1.09562	1.09409	1.08163	1.08196	1.09551	1.08198	1.09449	1.08954	1.09349	1.07834	1.095	1.10725	1.04398	1.04574	1.04612	1.09182	1.05368	1.06091	1.07373	1.08278	1.06752	1.06774	1.07795	1.06707	1.09075	1.0849	1.09666	1.09216	1.08487	1.08964
ERR618634	0.846348	0.846842	0.849025	0.847303	0.85755	0.846958	1.10803	1.12798	1.11832	1.13002	1.11297	1.10975	0.918793	0.917911	0.888325	0.882497	0.923829	0.876013	0.905295	0.866097	0.876223	0.865654	0.875228	0.906411	0.763366	0.769114	0.78418	0.774511	0.785028	0	0.888533	0.885902	0.883879	0.882823	0.8975	0.888718	0.891687	0.886284	0.888833	0.898135	0.886581	0.904141	0.898307	0.867396	0.869964	0.884593	0.882005	0.884344	1.03267	1.03387	1.03373	1.03077	1.03112	1.03854	0.943167	0.942212	0.94386	0.947001	0.943169	0.929521	1.12544	1.12483	1.11945	1.12401	1.12986	1.12615	1.09031	1.08826	1.075	1.07508	1.09039	1.07518	1.09168	1.08558	1.09088	1.07498	1.09199	1.10167	1.04012	1.04224	1.04264	1.08573	1.05084	1.05719	1.06441	1.07512	1.05896	1.05984	1.06933	1.05874	1.08685	1.08204	1.09407	1.08957	1.08223	1.08534
ERR636777	0.898661	0.898855	0.900753	0.899831	0.907519	0.899758	1.12631	1.14476	1.13562	1.14688	1.13088	1.12814	0.952424	0.951451	0.924999	0.919722	0.957341	0.914168	0.91875	0.88156	0.890925	0.881447	0.890231	0.919349	0.882848	0.886057	0.898262	0.890422	0.897606	0.888533	0	0.795678	0.792937	0.791854	0.806942	0.796765	0.931002	0.926576	0.927077	0.936743	0.926609	0.94245	0.925498	0.901215	0.902852	0.917146	0.912626	0.916037	1.05738	1.0583	1.05738	1.05557	1.05524	1.0621	0.980141	0.979412	0.981011	0.984843	0.980367	0.966582	1.14141	1.14069	1.13532	1.13951	1.14503	1.1416	1.11147	1.10962	1.09701	1.09705	1.11162	1.09716	1.11489	1.10942	1.11392	1.09923	1.1157	1.12311	1.06531	1.0673	1.06767	1.10592	1.07569	1.08073	1.08502	1.09522	1.08048	1.08095	1.08969	1.08	1.10966	1.10532	1.11645	1.1126	1.10563	1.1077
ERR636779	0.89684	0.896864	0.898819	0.89783	0.90578	0.897835	1.12488	1.14351	1.13399	1.14556	1.12957	1.12661	0.951102	0.949902	0.923643	0.917709	0.955525	0.912805	0.917956	0.880337	0.889551	0.880028	0.888984	0.918719	0.880751	0.883653	0.896518	0.8881	0.895993	0.885902	0.795678	0	0.78782	0.78703	0.807421	0.797022	0.928659	0.924588	0.924874	0.934752	0.924958	0.940489	0.92433	0.898888	0.901097	0.915799	0.911101	0.914618	1.05543	1.05643	1.05577	1.05345	1.05337	1.06026	0.978695	0.977662	0.97912	0.983499	0.97869	0.965025	1.14009	1.13957	1.13465	1.13854	1.14407	1.14065	1.11036	1.10842	1.09571	1.09594	1.11053	1.09571	1.11357	1.10821	1.11265	1.09793	1.11472	1.12207	1.06453	1.06668	1.06712	1.10483	1.07509	1.08009	1.08317	1.09352	1.0788	1.07937	1.08806	1.0786	1.10834	1.10427	1.11558	1.11143	1.1043	1.10614
ERR636780	0.894496	0.89461	0.896419	0.895546	0.903393	0.895582	1.12298	1.14189	1.13255	1.14404	1.12774	1.12502	0.949323	0.94821	0.921501	0.91571	0.954	0.910466	0.916085	0.877985	0.887398	0.877443	0.886685	0.916857	0.878306	0.881831	0.894446	0.886239	0.89364	0.883879	0.792937	0.78782	0	0.783873	0.804634	0.794436	0.927333	0.922904	0.923403	0.933027	0.923329	0.939043	0.922145	0.896672	0.898508	0.914036	0.908862	0.912292	1.05324	1.05426	1.05362	1.05123	1.05104	1.05822	0.976367	0.975225	0.976884	0.981045	0.976368	0.962134	1.13859	1.13771	1.13244	1.13675	1.14232	1.13879	1.10846	1.10637	1.09348	1.09385	1.10848	1.09367	1.11137	1.10587	1.11081	1.09557	1.11236	1.1203	1.06192	1.06412	1.06448	1.10257	1.07225	1.0776	1.08112	1.09162	1.07678	1.07724	1.086	1.07662	1.10629	1.10186	1.11334	1.10928	1.10218	1.10425
ERR636778	0.89397	0.894284	0.895548	0.895201	0.902761	0.89518	1.12323	1.14177	1.13234	1.14384	1.12784	1.12499	0.948851	0.948351	0.921097	0.915143	0.953537	0.909825	0.915083	0.876413	0.886046	0.876235	0.885042	0.91567	0.877501	0.880845	0.893474	0.884982	0.892823	0.882823	0.791854	0.78703	0.783873	0	0.80347	0.793456	0.926289	0.921679	0.922663	0.932269	0.922401	0.938233	0.921707	0.896242	0.898375	0.913247	0.908216	0.912021	1.05299	1.05399	1.05339	1.05117	1.05085	1.0578	0.976132	0.974951	0.976574	0.980667	0.976159	0.961956	1.13868	1.13793	1.13291	1.13676	1.14244	1.13903	1.10862	1.10665	1.09353	1.09375	1.10865	1.09386	1.11176	1.10603	1.11069	1.09569	1.1126	1.11994	1.062	1.06406	1.06446	1.10264	1.07242	1.07761	1.08125	1.0919	1.07676	1.07727	1.08606	1.07655	1.1065	1.10233	1.1136	1.10945	1.10226	1.10442
ERR636775	0.907804	0.9082	0.909439	0.909086	0.915679	0.908979	1.13363	1.15148	1.14254	1.15364	1.13807	1.13557	0.958919	0.958498	0.932909	0.92767	0.963417	0.922464	0.926776	0.891271	0.90056	0.891261	0.899565	0.927202	0.892563	0.895506	0.906645	0.899167	0.905978	0.8975	0.806942	0.807421	0.804634	0.80347	0	0.808021	0.938368	0.934024	0.934943	0.944081	0.934224	0.949011	0.9335	0.909707	0.911298	0.924772	0.920566	0.923513	1.06579	1.06694	1.06592	1.06402	1.06363	1.07094	0.989147	0.988186	0.989561	0.992822	0.988894	0.975813	1.14834	1.14783	1.14289	1.14666	1.15213	1.14855	1.11883	1.11696	1.10495	1.10516	1.119	1.10497	1.12165	1.11627	1.12079	1.10645	1.12228	1.12984	1.07342	1.07536	1.07563	1.11234	1.08327	1.08846	1.09322	1.10338	1.08909	1.08928	1.09791	1.08855	1.11682	1.11257	1.12334	1.11964	1.11288	1.11496
ERR636776	0.898981	0.899582	0.900309	0.900139	0.908042	0.900145	1.12708	1.14577	1.1368	1.14752	1.13164	1.12902	0.952072	0.95128	0.924151	0.918445	0.957292	0.912402	0.916868	0.880601	0.890106	0.880192	0.888818	0.917439	0.882851	0.886488	0.897732	0.889614	0.89622	0.888718	0.796765	0.797022	0.794436	0.793456	0.808021	0	0.930138	0.925482	0.92723	0.935856	0.925998	0.941141	0.927074	0.900737	0.902595	0.916544	0.912224	0.915376	1.05699	1.05807	1.05755	1.05551	1.05534	1.06257	0.980429	0.978717	0.980551	0.983952	0.980193	0.966064	1.14157	1.14103	1.13599	1.14006	1.14579	1.14209	1.11127	1.10963	1.09743	1.09749	1.11162	1.09751	1.11368	1.10841	1.11308	1.09816	1.11443	1.12307	1.06449	1.06637	1.06659	1.10603	1.07428	1.07984	1.08643	1.09599	1.0813	1.08166	1.09073	1.08083	1.10941	1.10475	1.11567	1.1117	1.10506	1.10749
ERR617522	0.913281	0.914854	0.914769	0.914441	0.923785	0.914327	1.11471	1.13397	1.12528	1.13536	1.11942	1.11626	0.915716	0.9148	0.885201	0.879024	0.922707	0.870579	0.948168	0.9157	0.925155	0.915055	0.92363	0.948855	0.884749	0.888305	0.895305	0.889054	0.89529	0.891687	0.931002	0.928659	0.927333	0.926289	0.938368	0.930138	0	0.814235	0.820936	0.825012	0.815718	0.832201	0.939718	0.910199	0.912414	0.92404	0.923461	0.924191	1.0424	1.04385	1.04411	1.04144	1.04164	1.04935	0.966309	0.964821	0.966171	0.968148	0.966356	0.952831	1.13003	1.12979	1.12425	1.12915	1.13438	1.13026	1.08975	1.08766	1.07597	1.07671	1.08978	1.07621	1.09142	1.08704	1.0904	1.07655	1.09192	1.1033	1.04161	1.0434	1.04351	1.08564	1.05077	1.05675	1.07049	1.0796	1.06492	1.06474	1.07452	1.06481	1.08472	1.07915	1.09031	1.08649	1.07928	1.08378
ERR617518	0.907977	0.910393	0.910094	0.909535	0.918978	0.909039	1.11109	1.13089	1.12214	1.13208	1.11551	1.11256	0.91006	0.909523	0.87829	0.872158	0.917731	0.862339	0.941422	0.90888	0.919093	0.908184	0.917035	0.942633	0.878792	0.882539	0.88875	0.882128	0.888182	0.886284	0.926576	0.924588	0.922904	0.921679	0.934024	0.925482	0.814235	0	0.809871	0.818452	0.803315	0.826367	0.936075	0.904417	0.906446	0.918673	0.918088	0.918324	1.03743	1.03899	1.03927	1.03637	1.03695	1.04519	0.959854	0.958338	0.960322	0.961692	0.960159	0.94601	1.12599	1.12566	1.12049	1.12532	1.13062	1.12633	1.0851	1.08282	1.0717	1.07205	1.08492	1.07161	1.08567	1.08119	1.08448	1.07001	1.08618	1.09866	1.03407	1.03586	1.03631	1.08086	1.04338	1.05025	1.06681	1.07537	1.06031	1.06024	1.07038	1.06014	1.07925	1.07325	1.0844	1.08056	1.07293	1.0787
ERR617517	0.90974	0.911166	0.911895	0.91059	0.919894	0.910261	1.11206	1.13132	1.12245	1.13264	1.11675	1.11352	0.913176	0.912404	0.882449	0.876608	0.920503	0.868095	0.946993	0.913267	0.922886	0.912765	0.921108	0.947997	0.881442	0.885518	0.893328	0.88673	0.893507	0.888833	0.927077	0.924874	0.923403	0.922663	0.934943	0.92723	0.820936	0.809871	0	0.826801	0.810911	0.834208	0.937838	0.908961	0.910807	0.923151	0.921855	0.923188	1.04009	1.04158	1.04147	1.03865	1.0389	1.04646	0.964157	0.962843	0.964516	0.966678	0.964268	0.951141	1.12776	1.12732	1.12191	1.12645	1.13191	1.12792	1.08759	1.08558	1.07341	1.07394	1.08711	1.07365	1.08981	1.08502	1.08883	1.07415	1.09046	1.10086	1.03924	1.041	1.04109	1.08319	1.04866	1.05449	1.0668	1.07626	1.0613	1.06133	1.07121	1.06115	1.08278	1.07765	1.08853	1.08498	1.07743	1.08132
ERR617521	0.919048	0.920939	0.920321	0.920228	0.929354	0.919817	1.11834	1.13737	1.12886	1.13881	1.12273	1.1194	0.92055	0.919843	0.890162	0.884414	0.927534	0.874757	0.95041	0.919491	0.929512	0.919073	0.928051	0.951784	0.89078	0.894609	0.900473	0.894453	0.900136	0.898135	0.936743	0.934752	0.933027	0.932269	0.944081	0.935856	0.825012	0.818452	0.826801	0	0.82	0.835562	0.944759	0.914662	0.91644	0.927631	0.927526	0.927236	1.04603	1.0477	1.04762	1.04527	1.04556	1.05382	0.969898	0.968796	0.970266	0.971132	0.970023	0.956484	1.13289	1.1326	1.12743	1.13227	1.13755	1.13318	1.09243	1.09027	1.07974	1.07994	1.0924	1.07977	1.0923	1.08824	1.09123	1.07711	1.09283	1.10545	1.04283	1.04446	1.04446	1.08863	1.05127	1.05806	1.07494	1.08325	1.06878	1.06852	1.07841	1.06854	1.08605	1.08035	1.09071	1.08707	1.08	1.08554
ERR617519	0.90827	0.910341	0.910174	0.909709	0.91934	0.909152	1.11127	1.13084	1.12206	1.13212	1.11578	1.11257	0.911196	0.91078	0.879113	0.87292	0.918524	0.863104	0.941515	0.90876	0.919273	0.908526	0.917709	0.942961	0.878557	0.882829	0.88855	0.882431	0.888673	0.886581	0.926609	0.924958	0.923329	0.922401	0.934224	0.925998	0.815718	0.803315	0.810911	0.82	0	0.827746	0.936558	0.905193	0.907101	0.919096	0.918754	0.918829	1.03743	1.03895	1.03922	1.03637	1.03701	1.0452	0.960062	0.958692	0.960426	0.96179	0.960573	0.946001	1.12598	1.1256	1.12052	1.12538	1.1309	1.12625	1.08507	1.0832	1.07117	1.07186	1.08483	1.07187	1.08599	1.08132	1.08472	1.07023	1.08635	1.09847	1.03447	1.03602	1.03643	1.08119	1.04354	1.05036	1.06692	1.07565	1.06046	1.06043	1.07065	1.0601	1.07963	1.07326	1.08489	1.08103	1.07358	1.07881
ERR617520	0.925362	0.927515	0.926758	0.926559	0.935723	0.926382	1.12231	1.14102	1.1325	1.1422	1.12636	1.12351	0.926329	0.92576	0.897099	0.891258	0.93365	0.882083	0.955809	0.925751	0.935463	0.925202	0.933589	0.956977	0.897695	0.901174	0.906263	0.900625	0.906199	0.904141	0.94245	0.940489	0.939043	0.938233	0.949011	0.941141	0.832201	0.826367	0.834208	0.835562	0.827746	0	0.950614	0.921209	0.922875	0.933933	0.933404	0.933847	1.05075	1.05214	1.05249	1.04982	1.05048	1.05809	0.975941	0.974871	0.976039	0.977307	0.976374	0.96323	1.13633	1.1365	1.13123	1.13596	1.14107	1.13686	1.09675	1.09475	1.08423	1.08444	1.09667	1.08436	1.09703	1.09262	1.09607	1.0819	1.09743	1.10953	1.04807	1.04976	1.05021	1.09269	1.0566	1.06303	1.07959	1.0882	1.07358	1.07349	1.08324	1.07336	1.09057	1.0848	1.09524	1.09154	1.08443	1.08971
ERR613974	0.906638	0.907176	0.90829	0.907014	0.912813	0.907134	1.1366	1.15384	1.14529	1.15565	1.14102	1.13801	0.950141	0.948985	0.926372	0.922144	0.954365	0.917417	0.956416	0.925536	0.932448	0.925086	0.932555	0.956789	0.894183	0.896528	0.905001	0.899247	0.905377	0.898307	0.925498	0.92433	0.922145	0.921707	0.9335	0.927074	0.939718	0.936075	0.937838	0.944759	0.936558	0.950614	0	0.818953	0.818254	0.834034	0.82857	0.834382	1.07178	1.07303	1.07246	1.07005	1.07017	1.07668	0.978317	0.97782	0.978981	0.982016	0.979206	0.967401	1.1495	1.14899	1.14407	1.14807	1.15295	1.14979	1.11922	1.11771	1.10593	1.10616	1.11959	1.10586	1.11668	1.11178	1.11628	1.10186	1.11754	1.12585	1.05532	1.05726	1.05731	1.09547	1.06486	1.07004	1.09786	1.10798	1.09365	1.09403	1.10233	1.09313	1.10466	1.10018	1.11075	1.10713	1.10012	1.10331
ERR613977	0.876357	0.877999	0.877635	0.876829	0.884909	0.877131	1.11654	1.13567	1.12678	1.1372	1.1209	1.11783	0.926874	0.926022	0.897939	0.892135	0.932505	0.884724	0.928988	0.893537	0.903253	0.893619	0.902272	0.929387	0.860197	0.863973	0.871775	0.864558	0.872385	0.867396	0.901215	0.898888	0.896672	0.896242	0.909707	0.900737	0.910199	0.904417	0.908961	0.914662	0.905193	0.921209	0.818953	0	0.783245	0.799852	0.797275	0.799607	1.04504	1.04645	1.04638	1.04352	1.04361	1.05185	0.94982	0.948784	0.950614	0.952877	0.950598	0.936885	1.1295	1.12905	1.12369	1.12856	1.13384	1.12986	1.0968	1.09508	1.08309	1.08298	1.09685	1.08298	1.09219	1.08761	1.09155	1.0765	1.09308	1.10433	1.02685	1.02895	1.029	1.07478	1.03721	1.0439	1.07529	1.08481	1.06966	1.06983	1.07974	1.06912	1.08107	1.07533	1.0867	1.0826	1.07522	1.07991
ERR613972	0.878595	0.8803	0.879869	0.879483	0.886953	0.879611	1.11764	1.137	1.12811	1.13853	1.12223	1.11895	0.928528	0.928188	0.900393	0.894338	0.934567	0.887136	0.930435	0.895916	0.905657	0.895633	0.904477	0.93101	0.863033	0.866751	0.87456	0.867323	0.87421	0.869964	0.902852	0.901097	0.898508	0.898375	0.911298	0.902595	0.912414	0.906446	0.910807	0.91644	0.907101	0.922875	0.818254	0.783245	0	0.801509	0.796053	0.800964	1.04663	1.04788	1.0479	1.04532	1.04543	1.05381	0.952303	0.951102	0.952785	0.955166	0.952726	0.9393	1.13078	1.13045	1.12505	1.12963	1.13511	1.13121	1.09813	1.09648	1.08466	1.0844	1.09834	1.08481	1.09326	1.08855	1.09248	1.0776	1.0943	1.10552	1.02843	1.03037	1.03072	1.07622	1.03839	1.0452	1.07717	1.08631	1.07128	1.07149	1.08117	1.07052	1.08225	1.0764	1.08768	1.08356	1.07645	1.08097
ERR613975	0.894894	0.896451	0.895633	0.895441	0.902558	0.895731	1.12942	1.14757	1.13961	1.14909	1.13361	1.13053	0.939238	0.938345	0.912912	0.907443	0.94459	0.900211	0.940412	0.909619	0.91882	0.909379	0.917427	0.941307	0.877965	0.881188	0.887002	0.880855	0.887222	0.884593	0.917146	0.915799	0.914036	0.913247	0.924772	0.916544	0.92404	0.918673	0.923151	0.927631	0.919096	0.933933	0.834034	0.799852	0.801509	0	0.813989	0.812104	1.0599	1.06149	1.06146	1.05898	1.0593	1.06729	0.964728	0.963688	0.965134	0.967059	0.96555	0.952666	1.14157	1.14101	1.13594	1.14052	1.14587	1.142	1.1095	1.10806	1.09706	1.09691	1.10981	1.09687	1.10386	1.09921	1.10335	1.08887	1.10473	1.11617	1.04029	1.04239	1.0424	1.08678	1.04966	1.05668	1.09089	1.0995	1.08474	1.08501	1.09434	1.08442	1.09281	1.08686	1.09772	1.09395	1.0868	1.09216
ERR613973	0.891269	0.892543	0.892428	0.892025	0.898557	0.891682	1.12633	1.14468	1.13629	1.14635	1.13079	1.12778	0.93781	0.937549	0.911642	0.906086	0.94342	0.899424	0.940348	0.907742	0.916393	0.907458	0.915705	0.941099	0.875905	0.879086	0.886258	0.879951	0.886626	0.882005	0.912626	0.911101	0.908862	0.908216	0.920566	0.912224	0.923461	0.918088	0.921855	0.927526	0.918754	0.933404	0.82857	0.797275	0.796053	0.813989	0	0.813931	1.05742	1.05875	1.05857	1.05576	1.05626	1.06405	0.963553	0.962705	0.964051	0.966424	0.964363	0.951315	1.13924	1.13881	1.13342	1.13798	1.14333	1.1397	1.10725	1.10573	1.09417	1.0942	1.10749	1.09426	1.10293	1.09842	1.10234	1.08778	1.10396	1.11451	1.03955	1.04153	1.04175	1.0847	1.04932	1.0556	1.08683	1.09633	1.08149	1.08169	1.09107	1.08103	1.09162	1.08616	1.09694	1.09318	1.08584	1.09055
ERR613976	0.894151	0.895444	0.895242	0.894652	0.901589	0.894715	1.12964	1.14806	1.13968	1.14923	1.13368	1.13067	0.939443	0.938986	0.913463	0.907814	0.945171	0.900476	0.940336	0.908939	0.917591	0.90864	0.916928	0.940391	0.877835	0.881028	0.886822	0.880761	0.887212	0.884344	0.916037	0.914618	0.912292	0.912021	0.923513	0.915376	0.924191	0.918324	0.923188	0.927236	0.918829	0.933847	0.834382	0.799607	0.800964	0.812104	0.813931	0	1.06009	1.06136	1.06161	1.05864	1.05938	1.06741	0.964986	0.963699	0.965433	0.967201	0.965403	0.952623	1.14169	1.14117	1.13616	1.14054	1.1461	1.14199	1.10952	1.108	1.09702	1.09694	1.1095	1.09728	1.10347	1.09951	1.10297	1.08895	1.10466	1.11603	1.04058	1.04244	1.0425	1.0868	1.04953	1.05643	1.09077	1.09954	1.08483	1.08503	1.09461	1.0845	1.09281	1.08727	1.09777	1.09407	1.08695	1.0921
