	ERR629704	ERR629705	ERR629708	ERR629706	ERR629707	ERR629709	ERR636983	ERR636982	ERR636980	ERR636979	ERR636984	ERR636981	ERR630047	ERR630042	ERR630044	ERR630046	ERR630045	ERR630043	ERR613638	ERR613635	ERR613637	ERR613639	ERR613640	ERR613636	ERR629880	ERR629881	ERR629885	ERR629882	ERR629884	ERR629883	ERR626870	ERR626867	ERR626868	ERR626872	ERR626869	ERR626871	ERR608871	ERR608872	ERR608875	ERR608873	ERR608876	ERR608874	ERR630691	ERR630689	ERR630693	ERR630690	ERR630692	ERR630688	ERR616786	ERR616781	ERR616782	ERR616783	ERR616785	ERR616784	ERR617439	ERR617441	ERR617440	ERR617444	ERR617443	ERR617442	ERR618232	ERR618235	ERR618236	ERR618233	ERR618231	ERR618234	ERR609283	ERR609287	ERR609286	ERR609284	ERR609288	ERR609285	ERR609168	ERR609166	ERR609165	ERR609164	ERR609163	ERR609167	ERR626598	ERR626601	ERR626600	ERR626599	ERR626596	ERR626597	ERR612533	ERR612531	ERR612532	ERR612534	ERR612530	ERR612529	ERR616444	ERR616447	ERR616449	ERR616445	ERR616448	ERR616446
ERR629704	8.35818e+09	7.31038e+09	8.31791e+09	7.29153e+09	8.33932e+09	8.41528e+09	8.29852e+09	7.28947e+09	7.00901e+09	7.9755e+09	8.18151e+09	8.0002e+09	6.85658e+09	6.94531e+09	6.67249e+09	6.59481e+09	5.8486e+09	6.2433e+09	6.7998e+09	7.56134e+09	7.18039e+09	6.75423e+09	5.74671e+09	7.42847e+09	7.944e+09	7.40423e+09	7.2623e+09	7.88466e+09	7.20936e+09	7.2098e+09	6.38226e+09	8.0371e+09	7.52911e+09	7.97594e+09	7.56355e+09	6.3227e+09	5.21437e+09	6.64864e+09	5.68542e+09	7.04788e+09	5.60367e+09	5.76108e+09	6.82964e+09	7.00285e+09	6.8715e+09	7.54865e+09	6.9509e+09	7.30184e+09	7.42481e+09	7.61445e+09	7.79906e+09	7.97827e+09	7.39496e+09	7.43477e+09	6.05055e+09	6.2285e+09	6.17514e+09	6.44253e+09	6.81673e+09	6.7597e+09	6.04171e+09	6.10522e+09	6.1675e+09	6.27757e+09	6.13698e+09	6.31348e+09	7.62048e+09	7.66444e+09	6.51968e+09	7.57869e+09	7.58688e+09	7.30561e+09	7.05471e+09	5.96737e+09	6.67085e+09	6.9185e+09	6.92296e+09	7.07978e+09	6.65826e+09	7.23119e+09	7.28482e+09	7.17461e+09	8.04697e+09	7.51226e+09	7.09783e+09	7.72391e+09	7.08806e+09	7.05015e+09	6.69247e+09	8.06034e+09	6.13221e+09	7.19201e+09	7.22531e+09	4.24185e+09	7.24563e+09	6.22748e+09
ERR629705	7.31038e+09	6.8226e+09	7.467e+09	6.60947e+09	7.48464e+09	7.54755e+09	7.43942e+09	6.58368e+09	6.34584e+09	7.16189e+09	7.34173e+09	7.18363e+09	6.23563e+09	6.30351e+09	6.06801e+09	6.00967e+09	5.35291e+09	5.69642e+09	6.15389e+09	6.81034e+09	6.49156e+09	6.11469e+09	5.24247e+09	6.70319e+09	7.15028e+09	6.70433e+09	6.58767e+09	7.10134e+09	6.54274e+09	6.54256e+09	5.78485e+09	7.2118e+09	6.78435e+09	7.16054e+09	6.81186e+09	5.73426e+09	4.76751e+09	6.01684e+09	5.17484e+09	6.35805e+09	5.10399e+09	5.2419e+09	6.20294e+09	6.34424e+09	6.23812e+09	6.80981e+09	6.30797e+09	6.60366e+09	6.71718e+09	6.87314e+09	7.02355e+09	7.17304e+09	6.69225e+09	6.72524e+09	5.44294e+09	5.58929e+09	5.54367e+09	5.77794e+09	6.09507e+09	6.04574e+09	5.45708e+09	5.51469e+09	5.57037e+09	5.66079e+09	5.54451e+09	5.69299e+09	6.84741e+09	6.88954e+09	5.89703e+09	6.8152e+09	6.82383e+09	6.58761e+09	6.3841e+09	5.4327e+09	6.05493e+09	6.26551e+09	6.2683e+09	6.40504e+09	6.03879e+09	6.52373e+09	6.56933e+09	6.47402e+09	7.21905e+09	6.76608e+09	6.40342e+09	6.94249e+09	6.39419e+09	6.36157e+09	6.05335e+09	7.22057e+09	5.54252e+09	6.46806e+09	6.4968e+09	3.86997e+09	6.51284e+09	5.62439e+09
ERR629708	8.31791e+09	7.467e+09	8.75709e+09	7.44626e+09	8.54153e+09	8.61936e+09	8.49987e+09	7.45265e+09	7.16404e+09	8.16098e+09	8.37797e+09	8.1869e+09	7.01038e+09	7.09682e+09	6.81477e+09	6.74024e+09	5.97195e+09	6.3748e+09	6.94622e+09	7.73302e+09	7.34104e+09	6.89862e+09	5.86293e+09	7.59747e+09	8.12613e+09	7.56711e+09	7.42158e+09	8.06435e+09	7.36727e+09	7.3668e+09	6.51279e+09	8.22364e+09	7.6975e+09	8.16047e+09	7.733e+09	6.45162e+09	5.32346e+09	6.79553e+09	5.80347e+09	7.20718e+09	5.7198e+09	5.88158e+09	6.97302e+09	7.14987e+09	7.01676e+09	7.71578e+09	7.09951e+09	7.46034e+09	7.59237e+09	7.7877e+09	7.97699e+09	8.16446e+09	7.56209e+09	7.60382e+09	6.18929e+09	6.37245e+09	6.31677e+09	6.59367e+09	6.98015e+09	6.92067e+09	6.17624e+09	6.24235e+09	6.30681e+09	6.41875e+09	6.27552e+09	6.45612e+09	7.79404e+09	7.84108e+09	6.65794e+09	7.75163e+09	7.76144e+09	7.47056e+09	7.21119e+09	6.08838e+09	6.81504e+09	7.06941e+09	7.07397e+09	7.2366e+09	6.8015e+09	7.39061e+09	7.44523e+09	7.33184e+09	8.23554e+09	7.6806e+09	7.25253e+09	7.90154e+09	7.24278e+09	7.20381e+09	6.835e+09	8.24867e+09	6.26755e+09	7.36392e+09	7.39878e+09	4.32616e+09	7.41878e+09	6.36475e+09
ERR629706	7.29153e+09	6.60947e+09	7.44626e+09	6.78695e+09	7.46354e+09	7.52635e+09	7.41894e+09	6.56618e+09	6.32815e+09	7.14547e+09	7.32149e+09	7.1679e+09	6.21079e+09	6.28403e+09	6.05079e+09	5.98528e+09	5.33241e+09	5.67735e+09	6.1406e+09	6.79419e+09	6.47272e+09	6.10106e+09	5.22922e+09	6.68414e+09	7.13237e+09	6.6845e+09	6.56599e+09	7.08356e+09	6.52141e+09	6.52135e+09	5.77632e+09	7.19784e+09	6.77021e+09	7.14588e+09	6.79832e+09	5.72515e+09	4.75269e+09	6.00229e+09	5.16319e+09	6.34362e+09	5.09255e+09	5.2301e+09	6.18354e+09	6.3281e+09	6.21919e+09	6.79246e+09	6.28814e+09	6.58509e+09	6.68981e+09	6.84923e+09	7.00143e+09	7.14994e+09	6.6643e+09	6.69692e+09	5.43012e+09	5.57834e+09	5.53325e+09	5.76607e+09	6.08479e+09	6.03528e+09	5.44253e+09	5.4993e+09	5.55422e+09	5.6462e+09	5.52882e+09	5.67882e+09	6.83012e+09	6.87039e+09	5.88318e+09	6.79617e+09	6.80442e+09	6.56801e+09	6.36183e+09	5.41673e+09	6.03315e+09	6.2446e+09	6.24779e+09	6.38292e+09	6.01968e+09	6.50777e+09	6.55333e+09	6.45884e+09	7.20054e+09	6.7495e+09	6.38776e+09	6.92206e+09	6.37859e+09	6.34564e+09	6.03806e+09	7.20331e+09	5.52827e+09	6.44623e+09	6.47503e+09	3.8608e+09	6.49115e+09	5.61044e+09
ERR629707	8.33932e+09	7.48464e+09	8.54153e+09	7.46354e+09	8.80316e+09	8.64195e+09	8.52254e+09	7.47186e+09	7.181e+09	8.18296e+09	8.40032e+09	8.20861e+09	7.02444e+09	7.11136e+09	6.82884e+09	6.75335e+09	5.98304e+09	6.38726e+09	6.96437e+09	7.75382e+09	7.35918e+09	6.91643e+09	5.87663e+09	7.61665e+09	8.14668e+09	7.58415e+09	7.43823e+09	8.08491e+09	7.38299e+09	7.38333e+09	6.53028e+09	8.24618e+09	7.71819e+09	8.1827e+09	7.75385e+09	6.46881e+09	5.33563e+09	6.81384e+09	5.81883e+09	7.2273e+09	5.73446e+09	5.89675e+09	6.98889e+09	7.16738e+09	7.03292e+09	7.73527e+09	7.1157e+09	7.47854e+09	7.61023e+09	7.8057e+09	7.99697e+09	8.18515e+09	7.57928e+09	7.62101e+09	6.20881e+09	6.39296e+09	6.33754e+09	6.61504e+09	7.00356e+09	6.94352e+09	6.19361e+09	6.26012e+09	6.32442e+09	6.43754e+09	6.29245e+09	6.4744e+09	7.81532e+09	7.86217e+09	6.67501e+09	7.77251e+09	7.78211e+09	7.48969e+09	7.228e+09	6.10181e+09	6.83035e+09	7.0857e+09	7.09076e+09	7.25335e+09	6.81831e+09	7.41051e+09	7.46515e+09	7.3516e+09	8.25902e+09	7.70169e+09	7.27221e+09	7.92303e+09	7.26241e+09	7.22289e+09	6.85291e+09	8.27159e+09	6.28515e+09	7.3845e+09	7.4193e+09	4.33709e+09	7.43995e+09	6.38261e+09
ERR629709	8.41528e+09	7.54755e+09	8.61936e+09	7.52635e+09	8.64195e+09	8.96932e+09	8.60325e+09	7.53681e+09	7.24257e+09	8.25847e+09	8.47954e+09	8.28449e+09	7.08662e+09	7.17394e+09	6.88786e+09	6.81194e+09	6.03303e+09	6.44085e+09	7.02273e+09	7.82369e+09	7.42346e+09	6.97431e+09	5.92273e+09	7.68529e+09	8.21957e+09	7.64791e+09	7.50095e+09	8.15636e+09	7.44473e+09	7.44507e+09	6.58418e+09	8.32396e+09	7.78764e+09	8.25989e+09	7.82396e+09	6.5216e+09	5.3787e+09	6.87193e+09	5.86538e+09	7.29021e+09	5.78009e+09	5.94445e+09	7.04437e+09	7.22439e+09	7.08847e+09	7.80028e+09	7.17267e+09	7.53992e+09	7.67526e+09	7.87502e+09	8.06782e+09	8.25922e+09	7.644e+09	7.68671e+09	6.2623e+09	6.44809e+09	6.39221e+09	6.67384e+09	7.06692e+09	7.00602e+09	6.24606e+09	6.31291e+09	6.37823e+09	6.49213e+09	6.34668e+09	6.53029e+09	7.88556e+09	7.933e+09	6.73019e+09	7.84258e+09	7.85201e+09	7.55586e+09	7.2892e+09	6.14906e+09	6.88645e+09	7.14572e+09	7.14998e+09	7.31496e+09	6.8727e+09	7.47195e+09	7.52738e+09	7.4118e+09	8.33231e+09	7.76689e+09	7.33194e+09	7.99212e+09	7.32185e+09	7.28237e+09	6.90785e+09	8.34684e+09	6.33683e+09	7.45087e+09	7.48625e+09	4.36846e+09	7.50667e+09	6.43603e+09
ERR636983	8.29852e+09	7.43942e+09	8.49987e+09	7.41894e+09	8.52254e+09	8.60325e+09	9.05063e+09	7.68641e+09	7.37782e+09	8.42465e+09	8.65045e+09	8.45064e+09	7.14595e+09	7.24942e+09	6.96018e+09	6.86712e+09	6.08031e+09	6.50513e+09	7.00985e+09	7.80983e+09	7.40326e+09	6.96287e+09	5.90669e+09	7.6685e+09	8.14496e+09	7.56503e+09	7.41359e+09	8.08178e+09	7.35741e+09	7.35822e+09	6.61029e+09	8.36105e+09	7.81838e+09	8.29667e+09	7.85625e+09	6.54666e+09	5.45821e+09	6.98259e+09	5.96431e+09	7.41014e+09	5.87714e+09	6.04375e+09	6.95186e+09	7.13638e+09	6.9978e+09	7.70625e+09	7.07957e+09	7.44724e+09	7.5735e+09	7.76938e+09	7.96722e+09	8.16004e+09	7.54242e+09	7.58483e+09	6.22939e+09	6.42031e+09	6.36173e+09	6.64597e+09	7.04624e+09	6.98479e+09	6.20322e+09	6.27034e+09	6.33434e+09	6.45204e+09	6.30173e+09	6.4902e+09	7.83032e+09	7.87383e+09	6.67354e+09	7.78392e+09	7.79269e+09	7.49036e+09	7.21608e+09	6.08591e+09	6.81094e+09	7.07295e+09	7.08e+09	7.24242e+09	6.81462e+09	7.42076e+09	7.47455e+09	7.35991e+09	8.28227e+09	7.71295e+09	7.26805e+09	7.92675e+09	7.26036e+09	7.22024e+09	6.84338e+09	8.28695e+09	6.28248e+09	7.4004e+09	7.43771e+09	4.31762e+09	7.45768e+09	6.38269e+09
ERR636982	7.28947e+09	6.58368e+09	7.45265e+09	6.56618e+09	7.47186e+09	7.53681e+09	7.68641e+09	7.022e+09	6.53944e+09	7.39921e+09	7.58236e+09	7.42016e+09	6.32949e+09	6.42313e+09	6.18099e+09	6.09592e+09	5.42559e+09	5.795e+09	6.21997e+09	6.88318e+09	6.54831e+09	6.18048e+09	5.28439e+09	6.76705e+09	7.15724e+09	6.67679e+09	6.54874e+09	7.10481e+09	6.50194e+09	6.5028e+09	5.88448e+09	7.33874e+09	6.89531e+09	7.28643e+09	6.92631e+09	5.82993e+09	4.89154e+09	6.19632e+09	5.33209e+09	6.55409e+09	5.25817e+09	5.4006e+09	6.15721e+09	6.31291e+09	6.19673e+09	6.78591e+09	6.2645e+09	6.57127e+09	6.67156e+09	6.83354e+09	6.99983e+09	7.15758e+09	6.64582e+09	6.67991e+09	5.51241e+09	5.67238e+09	5.62391e+09	5.86517e+09	6.20051e+09	6.14885e+09	5.5033e+09	5.56059e+09	5.61488e+09	5.7148e+09	5.58747e+09	5.74711e+09	6.88399e+09	6.92071e+09	5.91767e+09	6.8458e+09	6.85378e+09	6.60234e+09	6.37104e+09	5.41716e+09	6.03065e+09	6.25168e+09	6.25789e+09	6.39327e+09	6.04166e+09	6.55066e+09	6.5959e+09	6.49973e+09	7.26058e+09	6.79307e+09	6.41566e+09	6.96287e+09	6.40858e+09	6.37592e+09	6.05793e+09	7.25819e+09	5.57455e+09	6.5171e+09	6.54792e+09	3.87277e+09	6.56469e+09	5.65963e+09
ERR636980	7.00901e+09	6.34584e+09	7.16404e+09	6.32815e+09	7.181e+09	7.24257e+09	7.37782e+09	6.53944e+09	6.51344e+09	7.10825e+09	7.27995e+09	7.12924e+09	6.11237e+09	6.19756e+09	5.96734e+09	5.89104e+09	5.25186e+09	5.60168e+09	5.99377e+09	6.62183e+09	6.30772e+09	5.9562e+09	5.10745e+09	6.51445e+09	6.88599e+09	6.43613e+09	6.31692e+09	6.83736e+09	6.27201e+09	6.27258e+09	5.66811e+09	7.04561e+09	6.62899e+09	6.9972e+09	6.65751e+09	5.61763e+09	4.73563e+09	5.97279e+09	5.15e+09	6.30943e+09	5.08058e+09	5.21514e+09	5.94165e+09	6.08615e+09	5.97823e+09	6.53468e+09	6.04376e+09	6.33281e+09	6.43281e+09	6.5856e+09	6.73909e+09	6.88818e+09	6.40776e+09	6.44041e+09	5.30762e+09	5.45704e+09	5.41105e+09	5.64087e+09	5.95652e+09	5.90737e+09	5.30772e+09	5.36236e+09	5.41497e+09	5.5077e+09	5.38909e+09	5.53932e+09	6.62121e+09	6.6568e+09	5.70451e+09	6.58624e+09	6.59322e+09	6.35984e+09	6.1424e+09	5.23367e+09	5.82175e+09	6.02854e+09	6.03354e+09	6.16361e+09	5.82774e+09	6.30546e+09	6.34813e+09	6.25757e+09	6.97741e+09	6.53663e+09	6.17882e+09	6.69822e+09	6.17132e+09	6.13999e+09	5.83957e+09	6.97449e+09	5.37528e+09	6.27266e+09	6.30138e+09	3.74604e+09	6.31657e+09	5.45579e+09
ERR636979	7.9755e+09	7.16189e+09	8.16098e+09	7.14547e+09	8.18296e+09	8.25847e+09	8.42465e+09	7.39921e+09	7.10825e+09	8.35724e+09	8.30466e+09	8.1265e+09	6.86623e+09	6.97931e+09	6.7057e+09	6.60276e+09	5.8555e+09	6.26955e+09	6.7623e+09	7.51652e+09	7.12829e+09	6.71804e+09	5.70809e+09	7.37947e+09	7.83035e+09	7.27691e+09	7.12807e+09	7.76983e+09	7.07457e+09	7.07635e+09	6.3889e+09	8.04324e+09	7.52999e+09	7.98089e+09	7.56714e+09	6.32831e+09	5.26789e+09	6.72955e+09	5.76138e+09	7.13745e+09	5.6785e+09	5.8373e+09	6.69687e+09	6.87895e+09	6.74221e+09	7.41665e+09	6.81781e+09	7.1687e+09	7.27615e+09	7.46458e+09	7.65746e+09	7.83899e+09	7.24669e+09	7.28599e+09	6.00684e+09	6.19273e+09	6.13719e+09	6.40452e+09	6.78889e+09	6.73087e+09	5.98517e+09	6.04761e+09	6.10723e+09	6.22278e+09	6.07588e+09	6.25863e+09	7.53738e+09	7.57532e+09	6.44352e+09	7.4912e+09	7.49795e+09	7.20983e+09	6.94452e+09	5.8767e+09	6.55947e+09	6.8111e+09	6.81915e+09	6.97036e+09	6.5692e+09	7.15146e+09	7.2027e+09	7.09314e+09	7.96263e+09	7.42617e+09	7.00273e+09	7.62281e+09	6.99597e+09	6.95867e+09	6.59881e+09	7.96657e+09	6.06086e+09	7.11708e+09	7.15206e+09	4.18069e+09	7.17204e+09	6.15764e+09
ERR636984	8.18151e+09	7.34173e+09	8.37797e+09	7.32149e+09	8.40032e+09	8.47954e+09	8.65045e+09	7.58236e+09	7.27995e+09	8.30466e+09	8.79616e+09	8.32992e+09	7.04952e+09	7.15236e+09	6.86922e+09	6.77654e+09	6.00345e+09	6.42187e+09	6.91881e+09	7.70189e+09	7.3042e+09	6.87282e+09	5.83486e+09	7.56324e+09	8.03121e+09	7.46336e+09	7.31424e+09	7.96911e+09	7.2591e+09	7.26047e+09	6.52769e+09	8.2429e+09	7.71222e+09	8.18019e+09	7.74929e+09	6.46497e+09	5.39183e+09	6.89077e+09	5.88985e+09	7.3105e+09	5.8052e+09	5.96902e+09	6.86137e+09	7.04292e+09	6.90679e+09	7.60085e+09	6.98655e+09	7.34693e+09	7.46934e+09	7.66043e+09	7.85659e+09	8.04452e+09	7.43926e+09	7.4804e+09	6.14444e+09	6.33252e+09	6.27483e+09	6.5538e+09	6.94672e+09	6.88655e+09	6.12175e+09	6.18712e+09	6.24969e+09	6.36579e+09	6.21778e+09	6.40293e+09	7.72125e+09	7.76328e+09	6.58729e+09	7.6749e+09	7.68412e+09	7.38757e+09	7.11792e+09	6.00932e+09	6.72056e+09	6.97737e+09	6.98476e+09	7.14417e+09	6.726e+09	7.32086e+09	7.37383e+09	7.26175e+09	8.16489e+09	7.60707e+09	7.17012e+09	7.81517e+09	7.16246e+09	7.12338e+09	6.75267e+09	8.1671e+09	6.20018e+09	7.29678e+09	7.33348e+09	4.26685e+09	7.35308e+09	6.29858e+09
ERR636981	8.0002e+09	7.18363e+09	8.1869e+09	7.1679e+09	8.20861e+09	8.28449e+09	8.45064e+09	7.42016e+09	7.12924e+09	8.1265e+09	8.32992e+09	8.40901e+09	6.89036e+09	7.00143e+09	6.72669e+09	6.62611e+09	5.87567e+09	6.28905e+09	6.7794e+09	7.53543e+09	7.14739e+09	6.73462e+09	5.72162e+09	7.39922e+09	7.85575e+09	7.30078e+09	7.15229e+09	7.79526e+09	7.09862e+09	7.10048e+09	6.40432e+09	8.06598e+09	7.55118e+09	8.00367e+09	7.58773e+09	6.34345e+09	5.28269e+09	6.74907e+09	5.77698e+09	7.15912e+09	5.69394e+09	5.85262e+09	6.71577e+09	6.89815e+09	6.76123e+09	7.43853e+09	6.83735e+09	7.19033e+09	7.29792e+09	7.48773e+09	7.68061e+09	7.86244e+09	7.26847e+09	7.30807e+09	6.02e+09	6.20521e+09	6.14959e+09	6.41819e+09	6.80366e+09	6.7454e+09	5.99812e+09	6.06057e+09	6.12121e+09	6.23634e+09	6.08941e+09	6.27241e+09	7.555e+09	7.59336e+09	6.45719e+09	7.5087e+09	7.51602e+09	7.2273e+09	6.96389e+09	5.89128e+09	6.57768e+09	6.82938e+09	6.83774e+09	6.98928e+09	6.58642e+09	7.17017e+09	7.22188e+09	7.11238e+09	7.98571e+09	7.44609e+09	7.01971e+09	7.64266e+09	7.01316e+09	6.9753e+09	6.61516e+09	7.988e+09	6.07493e+09	7.13436e+09	7.17019e+09	4.18886e+09	7.18972e+09	6.17178e+09
ERR630047	6.85658e+09	6.23563e+09	7.01038e+09	6.21079e+09	7.02444e+09	7.08662e+09	7.14595e+09	6.32949e+09	6.11237e+09	6.86623e+09	7.04952e+09	6.89036e+09	6.47047e+09	6.28916e+09	6.05687e+09	6.05217e+09	5.39858e+09	5.70266e+09	5.79159e+09	6.42418e+09	6.146e+09	5.75515e+09	4.96119e+09	6.33964e+09	6.78688e+09	6.3989e+09	6.31671e+09	6.74501e+09	6.27775e+09	6.27333e+09	5.46129e+09	6.84326e+09	6.443e+09	6.79597e+09	6.46277e+09	5.41489e+09	4.6817e+09	5.84232e+09	5.02061e+09	6.15787e+09	4.95384e+09	5.08739e+09	5.85589e+09	5.95829e+09	5.88309e+09	6.407e+09	5.95968e+09	6.22101e+09	6.34243e+09	6.48804e+09	6.60304e+09	6.73787e+09	6.32139e+09	6.35321e+09	4.92137e+09	5.03599e+09	4.99422e+09	5.22738e+09	5.50799e+09	5.46288e+09	5.00331e+09	5.06484e+09	5.12064e+09	5.19115e+09	5.10467e+09	5.22602e+09	6.3569e+09	6.40803e+09	5.43928e+09	6.33542e+09	6.34595e+09	6.13689e+09	6.02084e+09	5.0902e+09	5.7181e+09	5.90211e+09	5.89731e+09	6.03852e+09	5.63181e+09	6.06244e+09	6.10316e+09	6.013e+09	6.73139e+09	6.30258e+09	5.95274e+09	6.48139e+09	5.93926e+09	5.90835e+09	5.62608e+09	6.7229e+09	5.07796e+09	5.98002e+09	6.00601e+09	3.50583e+09	6.0157e+09	5.15206e+09
ERR630042	6.94531e+09	6.30351e+09	7.09682e+09	6.28403e+09	7.11136e+09	7.17394e+09	7.24942e+09	6.42313e+09	6.19756e+09	6.97931e+09	7.15236e+09	7.00143e+09	6.28916e+09	6.54382e+09	6.11311e+09	6.06201e+09	5.40362e+09	5.74303e+09	5.89537e+09	6.53026e+09	6.23309e+09	5.85963e+09	5.0366e+09	6.43328e+09	6.86827e+09	6.45444e+09	6.35291e+09	6.823e+09	6.3124e+09	6.30999e+09	5.58438e+09	6.97628e+09	6.5651e+09	6.92422e+09	6.58712e+09	5.53591e+09	4.72213e+09	5.93034e+09	5.1029e+09	6.26023e+09	5.03429e+09	5.16992e+09	5.90779e+09	6.03194e+09	5.93915e+09	6.48287e+09	6.01051e+09	6.28819e+09	6.38804e+09	6.54005e+09	6.6733e+09	6.81435e+09	6.36583e+09	6.39776e+09	5.03794e+09	5.16837e+09	5.12416e+09	5.35458e+09	5.65247e+09	5.60587e+09	5.10058e+09	5.15765e+09	5.21165e+09	5.29563e+09	5.19368e+09	5.32738e+09	6.47224e+09	6.51546e+09	5.5488e+09	6.44545e+09	6.45189e+09	6.22908e+09	6.08087e+09	5.15438e+09	5.76569e+09	5.96541e+09	5.96464e+09	6.10036e+09	5.70455e+09	6.16044e+09	6.20235e+09	6.11112e+09	6.83456e+09	6.39832e+09	6.04576e+09	6.5742e+09	6.03469e+09	6.00395e+09	5.7122e+09	6.83199e+09	5.17172e+09	6.07374e+09	6.10083e+09	3.57498e+09	6.11368e+09	5.25099e+09
ERR630044	6.67249e+09	6.06801e+09	6.81477e+09	6.05079e+09	6.82884e+09	6.88786e+09	6.96018e+09	6.18099e+09	5.96734e+09	6.7057e+09	6.86922e+09	6.72669e+09	6.05687e+09	6.11311e+09	6.07995e+09	5.84202e+09	5.21638e+09	5.53972e+09	5.6767e+09	6.2773e+09	5.99675e+09	5.64238e+09	4.86169e+09	6.18652e+09	6.59778e+09	6.20792e+09	6.11234e+09	6.55554e+09	6.07416e+09	6.07219e+09	5.38242e+09	6.7002e+09	6.31237e+09	6.65172e+09	6.33302e+09	5.33705e+09	4.56354e+09	5.71199e+09	4.9255e+09	6.02474e+09	4.86081e+09	4.98907e+09	5.69022e+09	5.80771e+09	5.72103e+09	6.2341e+09	5.78804e+09	6.05069e+09	6.14481e+09	6.28819e+09	6.41346e+09	6.54672e+09	6.12353e+09	6.15324e+09	4.85245e+09	4.97634e+09	4.93461e+09	5.1538e+09	5.43687e+09	5.39264e+09	4.91657e+09	4.97039e+09	5.02263e+09	5.10223e+09	5.00519e+09	5.13194e+09	6.22126e+09	6.263e+09	5.34546e+09	6.19564e+09	6.20223e+09	5.99191e+09	5.85197e+09	4.97186e+09	5.55358e+09	5.74248e+09	5.74166e+09	5.87038e+09	5.4976e+09	5.92975e+09	5.96877e+09	5.88267e+09	6.56643e+09	6.15504e+09	5.81786e+09	6.31763e+09	5.80774e+09	5.77858e+09	5.5013e+09	6.56098e+09	4.98479e+09	5.8426e+09	5.86848e+09	3.45598e+09	5.88028e+09	5.06059e+09
ERR630046	6.59481e+09	6.00967e+09	6.74024e+09	5.98528e+09	6.75335e+09	6.81194e+09	6.86712e+09	6.09592e+09	5.89104e+09	6.60276e+09	6.77654e+09	6.62611e+09	6.05217e+09	6.06201e+09	5.84202e+09	6.02381e+09	5.21895e+09	5.50644e+09	5.58105e+09	6.18216e+09	5.91935e+09	5.54671e+09	4.79235e+09	6.10232e+09	6.52848e+09	6.16316e+09	6.08578e+09	6.4897e+09	6.04943e+09	6.04505e+09	5.26707e+09	6.57922e+09	6.2012e+09	6.53445e+09	6.21981e+09	5.22342e+09	4.52698e+09	5.63054e+09	4.84915e+09	5.93046e+09	4.78505e+09	4.91224e+09	5.64755e+09	5.74392e+09	5.6733e+09	6.16864e+09	5.74578e+09	5.99303e+09	6.10812e+09	6.24549e+09	6.35287e+09	6.48076e+09	6.08783e+09	6.1176e+09	4.74097e+09	4.84926e+09	4.80945e+09	5.03208e+09	5.29925e+09	5.25627e+09	4.82481e+09	4.88331e+09	4.9371e+09	5.00348e+09	4.92203e+09	5.0364e+09	6.11581e+09	6.16512e+09	5.24356e+09	6.09616e+09	6.10594e+09	5.90886e+09	5.80107e+09	4.91478e+09	5.51422e+09	5.68905e+09	5.68395e+09	5.81824e+09	5.43248e+09	5.83966e+09	5.8793e+09	5.79381e+09	6.47357e+09	6.06859e+09	5.73547e+09	6.23739e+09	5.72242e+09	5.693e+09	5.42484e+09	6.46446e+09	4.89692e+09	5.7565e+09	5.78111e+09	3.38977e+09	5.79051e+09	4.96736e+09
ERR630045	5.8486e+09	5.35291e+09	5.97195e+09	5.33241e+09	5.98304e+09	6.03303e+09	6.08031e+09	5.42559e+09	5.25186e+09	5.8555e+09	6.00345e+09	5.87567e+09	5.39858e+09	5.40362e+09	5.21638e+09	5.21895e+09	4.84871e+09	4.93228e+09	4.98126e+09	5.49598e+09	5.27338e+09	4.95237e+09	4.3068e+09	5.42903e+09	5.78962e+09	5.48153e+09	5.41701e+09	5.75658e+09	5.38641e+09	5.3822e+09	4.70979e+09	5.83218e+09	5.51165e+09	5.79529e+09	5.5272e+09	4.67212e+09	4.0796e+09	5.02519e+09	4.35388e+09	5.28103e+09	4.29965e+09	4.40861e+09	5.04121e+09	5.12123e+09	5.0631e+09	5.48306e+09	5.12568e+09	5.33484e+09	5.43269e+09	5.54875e+09	5.63902e+09	5.74647e+09	5.41572e+09	5.44118e+09	4.23672e+09	4.32803e+09	4.29421e+09	4.48803e+09	4.71782e+09	4.67972e+09	4.31904e+09	4.37032e+09	4.41756e+09	4.47323e+09	4.4049e+09	4.50259e+09	5.43187e+09	5.4749e+09	4.68428e+09	5.41599e+09	5.42519e+09	5.2578e+09	5.16866e+09	4.40584e+09	4.92453e+09	5.07211e+09	5.06745e+09	5.18281e+09	4.85372e+09	5.19969e+09	5.23289e+09	5.16017e+09	5.73875e+09	5.39494e+09	5.10882e+09	5.53771e+09	5.09759e+09	5.07273e+09	4.8428e+09	5.72989e+09	4.38347e+09	5.12474e+09	5.14523e+09	3.05903e+09	5.15312e+09	4.44474e+09
ERR630043	6.2433e+09	5.69642e+09	6.3748e+09	5.67735e+09	6.38726e+09	6.44085e+09	6.50513e+09	5.795e+09	5.60168e+09	6.26955e+09	6.42187e+09	6.28905e+09	5.70266e+09	5.74303e+09	5.53972e+09	5.50644e+09	4.93228e+09	5.3932e+09	5.32747e+09	5.8791e+09	5.62632e+09	5.29593e+09	4.58327e+09	5.79876e+09	6.17576e+09	5.82573e+09	5.74226e+09	6.13739e+09	5.70792e+09	5.70527e+09	5.05158e+09	6.25985e+09	5.90787e+09	6.21668e+09	5.92634e+09	5.00985e+09	4.31323e+09	5.36311e+09	4.63965e+09	5.6466e+09	4.57972e+09	4.69805e+09	5.3506e+09	5.45198e+09	5.37667e+09	5.84181e+09	5.43992e+09	5.67638e+09	5.76889e+09	5.89719e+09	6.00753e+09	6.12814e+09	5.75026e+09	5.77793e+09	4.55027e+09	4.66066e+09	4.6213e+09	4.8263e+09	5.08324e+09	5.04254e+09	4.61849e+09	4.67048e+09	4.71905e+09	4.78938e+09	4.70388e+09	4.81729e+09	5.82072e+09	5.86131e+09	5.01649e+09	5.79942e+09	5.80605e+09	5.61604e+09	5.49488e+09	4.68169e+09	5.22331e+09	5.39354e+09	5.3913e+09	5.51058e+09	5.16712e+09	5.55668e+09	5.59328e+09	5.5136e+09	6.13901e+09	5.76474e+09	5.45509e+09	5.91461e+09	5.44508e+09	5.41802e+09	5.16512e+09	6.13276e+09	4.68439e+09	5.47795e+09	5.50167e+09	3.26129e+09	5.512e+09	4.75351e+09
ERR613638	6.7998e+09	6.15389e+09	6.94622e+09	6.1406e+09	6.96437e+09	7.02273e+09	7.00985e+09	6.21997e+09	5.99377e+09	6.7623e+09	6.91881e+09	6.7794e+09	5.79159e+09	5.89537e+09	5.6767e+09	5.58105e+09	4.98126e+09	5.32747e+09	6.1385e+09	6.54427e+09	6.22753e+09	5.90357e+09	5.06396e+09	6.43095e+09	6.6586e+09	6.2057e+09	6.07974e+09	6.60824e+09	6.03453e+09	6.03645e+09	5.52648e+09	6.82836e+09	6.42662e+09	6.78037e+09	6.45757e+09	5.47735e+09	4.54096e+09	5.73296e+09	4.9565e+09	6.05818e+09	4.88942e+09	5.01816e+09	5.75076e+09	5.90127e+09	5.78829e+09	6.32965e+09	5.84599e+09	6.13116e+09	6.21731e+09	6.36468e+09	6.52606e+09	6.67268e+09	6.19166e+09	6.22396e+09	5.25964e+09	5.41349e+09	5.36864e+09	5.58613e+09	5.89666e+09	5.85057e+09	5.23178e+09	5.28023e+09	5.32926e+09	5.42658e+09	5.30386e+09	5.45458e+09	6.50022e+09	6.53047e+09	5.62944e+09	6.4637e+09	6.4696e+09	6.23905e+09	5.98552e+09	5.12496e+09	5.67356e+09	5.87902e+09	5.88621e+09	6.00634e+09	5.67207e+09	6.13884e+09	6.18067e+09	6.09472e+09	6.77739e+09	6.35571e+09	6.05898e+09	6.54952e+09	6.05383e+09	6.02331e+09	5.73245e+09	6.82391e+09	5.28971e+09	6.14109e+09	6.1693e+09	3.7076e+09	6.18534e+09	5.36905e+09
ERR613635	7.56134e+09	6.81034e+09	7.73302e+09	6.79419e+09	7.75382e+09	7.82369e+09	7.80983e+09	6.88318e+09	6.62183e+09	7.51652e+09	7.70189e+09	7.53543e+09	6.42418e+09	6.53026e+09	6.2773e+09	6.18216e+09	5.49598e+09	5.8791e+09	6.54427e+09	7.49369e+09	6.89233e+09	6.50094e+09	5.54234e+09	7.13265e+09	7.40344e+09	6.88428e+09	6.74539e+09	7.34464e+09	6.69398e+09	6.6957e+09	6.06645e+09	7.58519e+09	7.11647e+09	7.52833e+09	7.15091e+09	6.01012e+09	4.96961e+09	6.31899e+09	5.42538e+09	6.69169e+09	5.34885e+09	5.49586e+09	6.36621e+09	6.53217e+09	6.40833e+09	7.02884e+09	6.47628e+09	6.80095e+09	6.91175e+09	7.0832e+09	7.26158e+09	7.43094e+09	6.88289e+09	6.92083e+09	5.78246e+09	5.95346e+09	5.90184e+09	6.15293e+09	6.50669e+09	6.45356e+09	5.75051e+09	5.80668e+09	5.86335e+09	5.97166e+09	5.8365e+09	6.00393e+09	7.21564e+09	7.25373e+09	6.20171e+09	7.17585e+09	7.18304e+09	6.91635e+09	6.63878e+09	5.64331e+09	6.28214e+09	6.5159e+09	6.5213e+09	6.66301e+09	6.26427e+09	6.7968e+09	6.84485e+09	6.74435e+09	7.5412e+09	7.04968e+09	6.70922e+09	7.28192e+09	6.70215e+09	6.66657e+09	6.33369e+09	7.59523e+09	5.81592e+09	6.80321e+09	6.8363e+09	4.03717e+09	6.8531e+09	5.90551e+09
ERR613637	7.18039e+09	6.49156e+09	7.34104e+09	6.47272e+09	7.35918e+09	7.42346e+09	7.40326e+09	6.54831e+09	6.30772e+09	7.12829e+09	7.3042e+09	7.14739e+09	6.146e+09	6.23309e+09	5.99675e+09	5.91935e+09	5.27338e+09	5.62632e+09	6.22753e+09	6.89233e+09	6.77572e+09	6.18749e+09	5.29946e+09	6.77777e+09	7.03438e+09	6.56086e+09	6.43774e+09	6.98166e+09	6.39079e+09	6.39132e+09	5.77188e+09	7.18507e+09	6.7544e+09	7.13352e+09	6.78484e+09	5.71963e+09	4.76354e+09	6.02055e+09	5.18289e+09	6.36431e+09	5.11158e+09	5.24886e+09	6.07077e+09	6.21829e+09	6.10877e+09	6.6819e+09	6.17442e+09	6.47218e+09	6.5833e+09	6.74016e+09	6.90096e+09	7.05617e+09	6.5573e+09	6.59252e+09	5.48693e+09	5.6407e+09	5.59344e+09	5.83017e+09	6.15425e+09	6.10579e+09	5.46923e+09	5.52422e+09	5.57825e+09	5.67498e+09	5.55433e+09	5.70668e+09	6.84155e+09	6.87964e+09	5.89751e+09	6.80726e+09	6.81507e+09	6.57189e+09	6.32567e+09	5.39022e+09	5.99557e+09	6.21021e+09	6.21299e+09	6.34781e+09	5.96765e+09	6.45618e+09	6.5005e+09	6.40794e+09	7.1479e+09	6.69303e+09	6.37653e+09	6.91082e+09	6.36901e+09	6.33624e+09	6.02808e+09	7.19594e+09	5.53326e+09	6.45691e+09	6.48703e+09	3.8575e+09	6.50154e+09	5.6164e+09
ERR613639	6.75423e+09	6.11469e+09	6.89862e+09	6.10106e+09	6.91643e+09	6.97431e+09	6.96287e+09	6.18048e+09	5.9562e+09	6.71804e+09	6.87282e+09	6.73462e+09	5.75515e+09	5.85963e+09	5.64238e+09	5.54671e+09	4.95237e+09	5.29593e+09	5.90357e+09	6.50094e+09	6.18749e+09	6.06426e+09	5.03457e+09	6.38877e+09	6.61306e+09	6.16428e+09	6.03928e+09	6.56299e+09	5.994e+09	5.99627e+09	5.49479e+09	6.78447e+09	6.38671e+09	6.73692e+09	6.41782e+09	5.44527e+09	4.51601e+09	5.69849e+09	4.92818e+09	6.02028e+09	4.86202e+09	4.98927e+09	5.7133e+09	5.86263e+09	5.7508e+09	6.28731e+09	5.80767e+09	6.09032e+09	6.1743e+09	6.32023e+09	6.48079e+09	6.62582e+09	6.14861e+09	6.18072e+09	5.22533e+09	5.37782e+09	5.33315e+09	5.54918e+09	5.85739e+09	5.81179e+09	5.1983e+09	5.24594e+09	5.29465e+09	5.39161e+09	5.26938e+09	5.41914e+09	6.45662e+09	6.48654e+09	5.59324e+09	6.42086e+09	6.4261e+09	6.19668e+09	5.94605e+09	5.09375e+09	5.63708e+09	5.84057e+09	5.84759e+09	5.96701e+09	5.6352e+09	6.09871e+09	6.1399e+09	6.05455e+09	6.73077e+09	6.31231e+09	6.01957e+09	6.5062e+09	6.01492e+09	5.98502e+09	5.69587e+09	6.77729e+09	5.25618e+09	6.09994e+09	6.12789e+09	3.68562e+09	6.14373e+09	5.33465e+09
ERR613640	5.74671e+09	5.24247e+09	5.86293e+09	5.22922e+09	5.87663e+09	5.92273e+09	5.90669e+09	5.28439e+09	5.10745e+09	5.70809e+09	5.83486e+09	5.72162e+09	4.96119e+09	5.0366e+09	4.86169e+09	4.79235e+09	4.3068e+09	4.58327e+09	5.06396e+09	5.54234e+09	5.29946e+09	5.03457e+09	4.53482e+09	5.45784e+09	5.63149e+09	5.27904e+09	5.18432e+09	5.59234e+09	5.14819e+09	5.14914e+09	4.72212e+09	5.75529e+09	5.44182e+09	5.7186e+09	5.46467e+09	4.68289e+09	3.94302e+09	4.89725e+09	4.27506e+09	5.15096e+09	4.22123e+09	4.32425e+09	4.91247e+09	5.02612e+09	4.94139e+09	5.36734e+09	4.98941e+09	5.21191e+09	5.29011e+09	5.40491e+09	5.52731e+09	5.64208e+09	5.27033e+09	5.29576e+09	4.4918e+09	4.61001e+09	4.57524e+09	4.75291e+09	4.99779e+09	4.96136e+09	4.4834e+09	4.52435e+09	4.56448e+09	4.63928e+09	4.54548e+09	4.66336e+09	5.49738e+09	5.52486e+09	4.8048e+09	5.47137e+09	5.47634e+09	5.29691e+09	5.10262e+09	4.40926e+09	4.85601e+09	5.01702e+09	5.02085e+09	5.11842e+09	4.84767e+09	5.21165e+09	5.2444e+09	5.17634e+09	5.71755e+09	5.38431e+09	5.15066e+09	5.54161e+09	5.14525e+09	5.12196e+09	4.89145e+09	5.75264e+09	4.53151e+09	5.21559e+09	5.23808e+09	3.22127e+09	5.24978e+09	4.59489e+09
ERR613636	7.42847e+09	6.70319e+09	7.59747e+09	6.68414e+09	7.61665e+09	7.68529e+09	7.6685e+09	6.76705e+09	6.51445e+09	7.37947e+09	7.56324e+09	7.39922e+09	6.33964e+09	6.43328e+09	6.18652e+09	6.10232e+09	5.42903e+09	5.79876e+09	6.43095e+09	7.13265e+09	6.77777e+09	6.38877e+09	5.45784e+09	7.23902e+09	7.27599e+09	6.77679e+09	6.64598e+09	7.2198e+09	6.59609e+09	6.59752e+09	5.95682e+09	7.4414e+09	6.9867e+09	7.38585e+09	7.01876e+09	5.90228e+09	4.89999e+09	6.21288e+09	5.33749e+09	6.57382e+09	5.26259e+09	5.40664e+09	6.26959e+09	6.42564e+09	6.3092e+09	6.91053e+09	6.37776e+09	6.69092e+09	6.80809e+09	6.97407e+09	7.1415e+09	7.30598e+09	6.78015e+09	6.81715e+09	5.67415e+09	5.83527e+09	5.78545e+09	6.03309e+09	6.37354e+09	6.3218e+09	5.64993e+09	5.70676e+09	5.76276e+09	5.86504e+09	5.73855e+09	5.89755e+09	7.08561e+09	7.12497e+09	6.09523e+09	7.0498e+09	7.05688e+09	6.80135e+09	6.53573e+09	5.55869e+09	6.18982e+09	6.41469e+09	6.41849e+09	6.55873e+09	6.16414e+09	6.67691e+09	6.72317e+09	6.6257e+09	7.4033e+09	6.92564e+09	6.59342e+09	7.1542e+09	6.58598e+09	6.55116e+09	6.22765e+09	7.45399e+09	5.71449e+09	6.68364e+09	6.71544e+09	3.97154e+09	6.73083e+09	5.80252e+09
ERR629880	7.944e+09	7.15028e+09	8.12613e+09	7.13237e+09	8.14668e+09	8.21957e+09	8.14496e+09	7.15724e+09	6.88599e+09	7.83035e+09	8.03121e+09	7.85575e+09	6.78688e+09	6.86827e+09	6.59778e+09	6.52848e+09	5.78962e+09	6.17576e+09	6.6586e+09	7.40344e+09	7.03438e+09	6.61306e+09	5.63149e+09	7.27599e+09	8.24179e+09	7.49235e+09	7.35066e+09	7.96898e+09	7.29755e+09	7.29835e+09	6.26702e+09	7.89399e+09	7.39739e+09	7.83212e+09	7.42966e+09	6.20897e+09	5.12898e+09	6.53545e+09	5.58783e+09	6.92695e+09	5.50801e+09	5.66236e+09	6.85771e+09	7.02871e+09	6.89985e+09	7.57714e+09	6.98121e+09	7.33176e+09	7.43924e+09	7.62983e+09	7.80904e+09	7.98656e+09	7.41116e+09	7.4488e+09	5.98062e+09	6.15263e+09	6.10082e+09	6.36319e+09	6.73047e+09	6.673e+09	5.9858e+09	6.04975e+09	6.11013e+09	6.21808e+09	6.08152e+09	6.25381e+09	7.58007e+09	7.62465e+09	6.48912e+09	7.53946e+09	7.54716e+09	7.27135e+09	7.06849e+09	5.9781e+09	6.68657e+09	6.9325e+09	6.93793e+09	7.09301e+09	6.64403e+09	7.20913e+09	7.26199e+09	7.15252e+09	8.02032e+09	7.49009e+09	7.09188e+09	7.71641e+09	7.08117e+09	7.04421e+09	6.69065e+09	8.04656e+09	6.08779e+09	7.13464e+09	7.16691e+09	4.21647e+09	7.18721e+09	6.18128e+09
ERR629881	7.40423e+09	6.70433e+09	7.56711e+09	6.6845e+09	7.58415e+09	7.64791e+09	7.56503e+09	6.67679e+09	6.43613e+09	7.27691e+09	7.46336e+09	7.30078e+09	6.3989e+09	6.45444e+09	6.20792e+09	6.16316e+09	5.48153e+09	5.82573e+09	6.2057e+09	6.88428e+09	6.56086e+09	6.16428e+09	5.27904e+09	6.77679e+09	7.49235e+09	7.22702e+09	6.9238e+09	7.44361e+09	6.87774e+09	6.87747e+09	5.84011e+09	7.32037e+09	6.87891e+09	7.26465e+09	6.90461e+09	5.78886e+09	4.8198e+09	6.0903e+09	5.22401e+09	6.43966e+09	5.15167e+09	5.29331e+09	6.45566e+09	6.5975e+09	6.49052e+09	7.09208e+09	6.56843e+09	6.87768e+09	6.98229e+09	7.15005e+09	7.2989e+09	7.45253e+09	6.95897e+09	6.99174e+09	5.51114e+09	5.65627e+09	5.61002e+09	5.85024e+09	6.17083e+09	6.12016e+09	5.54682e+09	5.60814e+09	5.66458e+09	5.75576e+09	5.64089e+09	5.78886e+09	7.03566e+09	7.08171e+09	6.04373e+09	7.00395e+09	7.01213e+09	6.77133e+09	6.62915e+09	5.62405e+09	6.28672e+09	6.50431e+09	6.50587e+09	6.65085e+09	6.22393e+09	6.72186e+09	6.76934e+09	6.6706e+09	7.45324e+09	6.98103e+09	6.61852e+09	7.18565e+09	6.60617e+09	6.57355e+09	6.25576e+09	7.46966e+09	5.65398e+09	6.61072e+09	6.63822e+09	3.94037e+09	6.65515e+09	5.73738e+09
ERR629885	7.2623e+09	6.58767e+09	7.42158e+09	6.56599e+09	7.43823e+09	7.50095e+09	7.41359e+09	6.54874e+09	6.31692e+09	7.12807e+09	7.31424e+09	7.15229e+09	6.31671e+09	6.35291e+09	6.11234e+09	6.08578e+09	5.41701e+09	5.74226e+09	6.07974e+09	6.74539e+09	6.43774e+09	6.03928e+09	5.18432e+09	6.64598e+09	7.35066e+09	6.9238e+09	7.00253e+09	7.3054e+09	6.77692e+09	6.7755e+09	5.71297e+09	7.16087e+09	6.73383e+09	7.1073e+09	6.75719e+09	5.66344e+09	4.74651e+09	5.97315e+09	5.12596e+09	6.30972e+09	5.05583e+09	5.19335e+09	6.3485e+09	6.47647e+09	6.37977e+09	6.95874e+09	6.45872e+09	6.75328e+09	6.86542e+09	7.02707e+09	7.16284e+09	7.30984e+09	6.84306e+09	6.87528e+09	5.37565e+09	5.5095e+09	5.4659e+09	5.70287e+09	6.00932e+09	5.95987e+09	5.42473e+09	5.48677e+09	5.54297e+09	5.62603e+09	5.5218e+09	5.65982e+09	6.88452e+09	6.9322e+09	5.91406e+09	6.85612e+09	6.86508e+09	6.63646e+09	6.51516e+09	5.52688e+09	6.18532e+09	6.39202e+09	6.3905e+09	6.53575e+09	6.10819e+09	6.58347e+09	6.62969e+09	6.53302e+09	7.29644e+09	6.83804e+09	6.48517e+09	7.0405e+09	6.47128e+09	6.43931e+09	6.1325e+09	7.30959e+09	5.53169e+09	6.46958e+09	6.4958e+09	3.85889e+09	6.51089e+09	5.61123e+09
ERR629882	7.88466e+09	7.10134e+09	8.06435e+09	7.08356e+09	8.08491e+09	8.15636e+09	8.08178e+09	7.10481e+09	6.83736e+09	7.76983e+09	7.96911e+09	7.79526e+09	6.74501e+09	6.823e+09	6.55554e+09	6.4897e+09	5.75658e+09	6.13739e+09	6.60824e+09	7.34464e+09	6.98166e+09	6.56299e+09	5.59234e+09	7.2198e+09	7.96898e+09	7.44361e+09	7.3054e+09	8.12483e+09	7.25336e+09	7.25356e+09	6.21895e+09	7.82897e+09	7.33877e+09	7.76761e+09	7.37029e+09	6.16182e+09	5.09522e+09	6.4862e+09	5.54743e+09	6.8734e+09	5.46858e+09	5.62174e+09	6.81428e+09	6.98196e+09	6.85518e+09	7.52463e+09	6.93672e+09	7.2822e+09	7.38954e+09	7.57867e+09	7.75353e+09	7.92863e+09	7.36209e+09	7.39957e+09	5.92891e+09	6.09779e+09	6.04692e+09	6.30667e+09	6.66881e+09	6.61197e+09	5.93781e+09	6.00139e+09	6.06159e+09	6.16743e+09	6.03349e+09	6.20288e+09	7.51972e+09	7.56436e+09	6.43968e+09	7.47979e+09	7.48804e+09	7.21633e+09	7.02261e+09	5.94052e+09	6.64461e+09	6.88745e+09	6.8921e+09	7.04616e+09	6.59944e+09	7.15757e+09	7.20997e+09	7.10206e+09	7.96021e+09	7.43672e+09	7.04138e+09	7.6594e+09	7.02972e+09	6.99407e+09	6.64402e+09	7.98473e+09	6.04072e+09	7.07732e+09	7.10889e+09	4.18652e+09	7.12842e+09	6.13276e+09
ERR629884	7.20936e+09	6.54274e+09	7.36727e+09	6.52141e+09	7.38299e+09	7.44473e+09	7.35741e+09	6.50194e+09	6.27201e+09	7.07457e+09	7.2591e+09	7.09862e+09	6.27775e+09	6.3124e+09	6.07416e+09	6.04943e+09	5.38641e+09	5.70792e+09	6.03453e+09	6.69398e+09	6.39079e+09	5.994e+09	5.14819e+09	6.59609e+09	7.29755e+09	6.87774e+09	6.77692e+09	7.25336e+09	6.9135e+09	6.7324e+09	5.67236e+09	7.10737e+09	6.68462e+09	7.05427e+09	6.70709e+09	5.62341e+09	4.71548e+09	5.93034e+09	5.09015e+09	6.26283e+09	5.0206e+09	5.15733e+09	6.30713e+09	6.43272e+09	6.33828e+09	6.91025e+09	6.41661e+09	6.70733e+09	6.81944e+09	6.97918e+09	7.11239e+09	7.25692e+09	6.79739e+09	6.82872e+09	5.32923e+09	5.4611e+09	5.41802e+09	5.65284e+09	5.95591e+09	5.90678e+09	5.38182e+09	5.44334e+09	5.49928e+09	5.58089e+09	5.47834e+09	5.61443e+09	6.83025e+09	6.87871e+09	5.86949e+09	6.80262e+09	6.81229e+09	6.58561e+09	6.46958e+09	5.49034e+09	6.14344e+09	6.34776e+09	6.34626e+09	6.49007e+09	6.06527e+09	6.53569e+09	6.58113e+09	6.48535e+09	7.24164e+09	6.78829e+09	6.43733e+09	6.9873e+09	6.42298e+09	6.39158e+09	6.0888e+09	7.25259e+09	5.4889e+09	6.41834e+09	6.44466e+09	3.83113e+09	6.45901e+09	5.56771e+09
ERR629883	7.2098e+09	6.54256e+09	7.3668e+09	6.52135e+09	7.38333e+09	7.44507e+09	7.35822e+09	6.5028e+09	6.27258e+09	7.07635e+09	7.26047e+09	7.10048e+09	6.27333e+09	6.30999e+09	6.07219e+09	6.04505e+09	5.3822e+09	5.70527e+09	6.03645e+09	6.6957e+09	6.39132e+09	5.99627e+09	5.14914e+09	6.59752e+09	7.29835e+09	6.87747e+09	6.7755e+09	7.25356e+09	6.7324e+09	6.91119e+09	5.67417e+09	7.10945e+09	6.68603e+09	7.05547e+09	6.7089e+09	5.62572e+09	4.71283e+09	5.92913e+09	5.08965e+09	6.26253e+09	5.02029e+09	5.15679e+09	6.30778e+09	6.43473e+09	6.33892e+09	6.9118e+09	6.41734e+09	6.70876e+09	6.81997e+09	6.98e+09	7.11361e+09	7.25838e+09	6.79807e+09	6.82932e+09	5.33377e+09	5.46663e+09	5.4225e+09	5.6578e+09	5.96133e+09	5.91265e+09	5.3841e+09	5.44544e+09	5.50116e+09	5.58391e+09	5.48037e+09	5.61692e+09	6.83422e+09	6.88207e+09	5.87389e+09	6.80638e+09	6.81572e+09	6.58808e+09	6.47165e+09	5.49329e+09	6.1446e+09	6.35013e+09	6.349e+09	6.49243e+09	6.0679e+09	6.53961e+09	6.58493e+09	6.48924e+09	7.24517e+09	6.79154e+09	6.4413e+09	6.99072e+09	6.42757e+09	6.39629e+09	6.09301e+09	7.25705e+09	5.49157e+09	6.42078e+09	6.44726e+09	3.83382e+09	6.46179e+09	5.57047e+09
ERR626870	6.38226e+09	5.78485e+09	6.51279e+09	5.77632e+09	6.53028e+09	6.58418e+09	6.61029e+09	5.88448e+09	5.66811e+09	6.3889e+09	6.52769e+09	6.40432e+09	5.46129e+09	5.58438e+09	5.38242e+09	5.26707e+09	4.70979e+09	5.05158e+09	5.52648e+09	6.06645e+09	5.77188e+09	5.49479e+09	4.72212e+09	5.95682e+09	6.26702e+09	5.84011e+09	5.71297e+09	6.21895e+09	5.67236e+09	5.67417e+09	5.57868e+09	6.61174e+09	6.23146e+09	6.56691e+09	6.26029e+09	5.34394e+09	4.31558e+09	5.45212e+09	4.73387e+09	5.76105e+09	4.67084e+09	4.7911e+09	5.40347e+09	5.5584e+09	5.44148e+09	5.95011e+09	5.49045e+09	5.76299e+09	5.81539e+09	5.94976e+09	6.11197e+09	6.24863e+09	5.79079e+09	5.81938e+09	4.94823e+09	5.10131e+09	5.05836e+09	5.25662e+09	5.55535e+09	5.51179e+09	4.92231e+09	4.96445e+09	5.00772e+09	5.10783e+09	4.98129e+09	5.13073e+09	6.08172e+09	6.10399e+09	5.27856e+09	6.04325e+09	6.04722e+09	5.82296e+09	5.57375e+09	4.79124e+09	5.27973e+09	5.47866e+09	5.48942e+09	5.59415e+09	5.32378e+09	5.77134e+09	5.81004e+09	5.72945e+09	6.35735e+09	5.96633e+09	5.66717e+09	6.11751e+09	5.66557e+09	5.63716e+09	5.36106e+09	6.38097e+09	4.97699e+09	5.75881e+09	5.78678e+09	3.49438e+09	5.80341e+09	5.05327e+09
ERR626867	8.0371e+09	7.2118e+09	8.22364e+09	7.19784e+09	8.24618e+09	8.32396e+09	8.36105e+09	7.33874e+09	7.04561e+09	8.04324e+09	8.2429e+09	8.06598e+09	6.84326e+09	6.97628e+09	6.7002e+09	6.57922e+09	5.83218e+09	6.25985e+09	6.82836e+09	7.58519e+09	7.18507e+09	6.78447e+09	5.75529e+09	7.4414e+09	7.89399e+09	7.32037e+09	7.16087e+09	7.82897e+09	7.10737e+09	7.10945e+09	6.61174e+09	8.58522e+09	7.79068e+09	8.261e+09	7.82911e+09	6.54677e+09	5.26126e+09	6.74706e+09	5.77445e+09	7.16432e+09	5.69056e+09	5.85012e+09	6.73123e+09	6.92646e+09	6.77942e+09	7.46874e+09	6.85125e+09	7.21477e+09	7.30984e+09	7.4952e+09	7.70259e+09	7.89034e+09	7.27769e+09	7.31741e+09	6.08053e+09	6.27565e+09	6.21838e+09	6.48771e+09	6.88463e+09	6.82546e+09	6.04424e+09	6.10403e+09	6.16363e+09	6.28934e+09	6.13199e+09	6.3209e+09	7.62416e+09	7.65956e+09	6.51414e+09	7.57559e+09	7.58173e+09	7.28024e+09	6.97207e+09	5.90137e+09	6.57876e+09	6.84061e+09	6.85061e+09	6.99994e+09	6.59932e+09	7.19538e+09	7.24839e+09	7.13643e+09	8.01636e+09	7.47067e+09	7.06254e+09	7.68971e+09	7.05802e+09	7.0183e+09	6.64957e+09	8.04628e+09	6.1157e+09	7.18426e+09	7.22158e+09	4.20783e+09	7.24263e+09	6.21607e+09
ERR626868	7.52911e+09	6.78435e+09	7.6975e+09	6.77021e+09	7.71819e+09	7.78764e+09	7.81838e+09	6.89531e+09	6.62899e+09	7.52999e+09	7.71222e+09	7.55118e+09	6.443e+09	6.5651e+09	6.31237e+09	6.2012e+09	5.51165e+09	5.90787e+09	6.42662e+09	7.11647e+09	6.7544e+09	6.38671e+09	5.44182e+09	6.9867e+09	7.39739e+09	6.87891e+09	6.73383e+09	7.33877e+09	6.68462e+09	6.68603e+09	6.23146e+09	7.79068e+09	7.54219e+09	7.7316e+09	7.34311e+09	6.17192e+09	4.97894e+09	6.35142e+09	5.45539e+09	6.73181e+09	5.37804e+09	5.52561e+09	6.33718e+09	6.5139e+09	6.38107e+09	7.00618e+09	6.44675e+09	6.77679e+09	6.86408e+09	7.03091e+09	7.21843e+09	7.38779e+09	6.83485e+09	6.87078e+09	5.71403e+09	5.89167e+09	5.83912e+09	6.08771e+09	6.44796e+09	6.39403e+09	5.68986e+09	5.74491e+09	5.80039e+09	5.91467e+09	5.77176e+09	5.94485e+09	7.14275e+09	7.17629e+09	6.12908e+09	7.09952e+09	7.10516e+09	6.83209e+09	6.55132e+09	5.56761e+09	6.192e+09	6.43088e+09	6.43969e+09	6.57665e+09	6.21386e+09	6.75665e+09	6.80444e+09	6.70265e+09	7.5001e+09	7.0081e+09	6.6316e+09	7.20328e+09	6.62742e+09	6.59141e+09	6.25403e+09	7.52443e+09	5.75825e+09	6.73984e+09	6.77449e+09	3.98337e+09	6.7923e+09	5.84959e+09
