	ERR607762	ERR607759	ERR607761	ERR607760	ERR637124	ERR637123	ERR605564	ERR605568	ERR605563	ERR605566	ERR605567	ERR605565	ERR637100	ERR637099	ERR637104	ERR637101	ERR637103	ERR637102	ERR626766	ERR626765	ERR626769	ERR626770	ERR626768	ERR626767	ERR635317	ERR635320	ERR635318	ERR635319	ERR635316	ERR635321	ERR608936	ERR608932	ERR608935	ERR608934	ERR608931	ERR608933	ERR613612	ERR613613	ERR613611	ERR613614	ERR613615	ERR613616	ERR613543	ERR613542	ERR613541	ERR613540	ERR613539	ERR613544	ERR630510	ERR630507	ERR630506	ERR630511	ERR630508	ERR630509	ERR607629	ERR607630	ERR607632	ERR607627	ERR607631	ERR607628	ERR630169	ERR630164	ERR630168	ERR630167	ERR630165	ERR630166	ERR617049	ERR617048	ERR617047	ERR617045	ERR617046	ERR617050	ERR612105	ERR612101	ERR612103	ERR612104	ERR612102	ERR612106	ERR618198	ERR618196	ERR618194	ERR618195	ERR618193	ERR618197	ERR638277	ERR638273	ERR638275	ERR638278	ERR638274	ERR638276	ERR636658	ERR636656	ERR636659	ERR636657	ERR636660	ERR636655
ERR607762	2.97128e+08	2.68389e+08	1.98406e+08	1.94943e+08	2.70064e+08	2.56281e+08	2.15066e+08	2.14776e+08	2.28481e+08	2.15282e+08	2.19156e+08	2.02362e+08	2.36262e+08	2.23312e+08	1.68576e+08	2.34246e+08	1.72434e+08	1.69984e+08	2.36956e+08	2.5156e+08	2.30667e+08	2.27915e+08	2.28563e+08	2.39609e+08	1.40093e+08	1.27788e+08	1.48662e+08	1.28273e+08	1.32871e+08	1.27373e+08	1.75927e+08	2.21533e+08	1.79165e+08	1.81685e+08	1.68107e+08	2.39142e+08	2.32551e+08	2.20854e+08	2.31546e+08	2.11426e+08	2.06107e+08	1.66159e+08	1.76217e+08	1.75979e+08	2.29624e+08	2.29951e+08	2.30446e+08	1.74517e+08	1.7476e+08	1.50047e+08	1.64894e+08	1.76724e+08	1.60025e+08	1.75182e+08	1.20502e+08	1.45468e+08	1.46098e+08	1.42098e+08	1.45796e+08	1.20693e+08	1.63235e+08	1.81816e+08	1.73692e+08	1.73619e+08	1.55762e+08	1.46944e+08	1.49103e+08	1.52221e+08	1.7806e+08	1.67752e+08	1.73462e+08	1.53372e+08	1.27531e+08	1.26965e+08	1.18988e+08	1.05497e+08	1.18212e+08	9.02811e+07	1.51785e+08	1.60423e+08	1.5813e+08	1.68248e+08	1.61049e+08	1.55058e+08	1.52488e+08	1.12794e+08	1.1074e+08	1.38121e+08	1.15975e+08	1.52207e+08	2.30316e+08	2.39243e+08	2.30787e+08	2.03152e+08	2.67147e+08	2.65613e+08
ERR607759	2.68389e+08	5.3196e+08	2.74848e+08	2.69882e+08	3.81913e+08	3.61874e+08	3.0546e+08	3.04719e+08	3.24728e+08	3.05228e+08	3.1107e+08	2.8691e+08	3.34814e+08	3.1607e+08	2.35702e+08	3.32346e+08	2.41426e+08	2.37462e+08	3.37962e+08	3.59094e+08	3.28586e+08	3.24226e+08	3.25408e+08	3.41799e+08	2.03959e+08	1.8631e+08	2.166e+08	1.86936e+08	1.93908e+08	1.85617e+08	2.48318e+08	3.14151e+08	2.52847e+08	2.56408e+08	2.3769e+08	3.39685e+08	3.31063e+08	3.13975e+08	3.29302e+08	2.99688e+08	2.91917e+08	2.34657e+08	2.48335e+08	2.48032e+08	3.25662e+08	3.25815e+08	3.26848e+08	2.45842e+08	2.49046e+08	2.13464e+08	2.34916e+08	2.52187e+08	2.27531e+08	2.49743e+08	1.76083e+08	2.12568e+08	2.13686e+08	2.07662e+08	2.13167e+08	1.76384e+08	2.35743e+08	2.62151e+08	2.50586e+08	2.50194e+08	2.24425e+08	2.1167e+08	2.15421e+08	2.19926e+08	2.56966e+08	2.42556e+08	2.50442e+08	2.21604e+08	1.82144e+08	1.81124e+08	1.69719e+08	1.50379e+08	1.68634e+08	1.28687e+08	2.21637e+08	2.33914e+08	2.30666e+08	2.45358e+08	2.35468e+08	2.26204e+08	2.20452e+08	1.6262e+08	1.59375e+08	2.00054e+08	1.67203e+08	2.20086e+08	3.25315e+08	3.38929e+08	3.26107e+08	2.87173e+08	3.79541e+08	3.774e+08
ERR607761	1.98406e+08	2.74848e+08	3.08948e+08	1.99453e+08	2.76679e+08	2.62487e+08	2.20231e+08	2.19965e+08	2.33939e+08	2.2034e+08	2.24444e+08	2.07244e+08	2.41995e+08	2.28718e+08	1.7265e+08	2.39934e+08	1.7655e+08	1.73894e+08	2.42844e+08	2.58033e+08	2.3641e+08	2.33643e+08	2.34289e+08	2.45676e+08	1.43699e+08	1.31048e+08	1.52476e+08	1.31571e+08	1.36325e+08	1.30574e+08	1.80212e+08	2.26895e+08	1.83435e+08	1.85879e+08	1.72199e+08	2.45065e+08	2.38308e+08	2.26118e+08	2.3727e+08	2.16483e+08	2.11006e+08	1.70113e+08	1.80308e+08	1.8013e+08	2.35079e+08	2.35263e+08	2.35894e+08	1.78519e+08	1.79016e+08	1.53694e+08	1.68895e+08	1.8115e+08	1.63768e+08	1.79474e+08	1.23741e+08	1.49332e+08	1.50101e+08	1.45912e+08	1.49763e+08	1.23963e+08	1.67305e+08	1.86325e+08	1.78043e+08	1.77799e+08	1.59567e+08	1.50446e+08	1.52735e+08	1.55978e+08	1.8241e+08	1.71856e+08	1.77711e+08	1.57033e+08	1.3065e+08	1.30138e+08	1.21897e+08	1.08117e+08	1.21133e+08	9.26026e+07	1.55758e+08	1.64512e+08	1.62316e+08	1.7267e+08	1.6524e+08	1.59018e+08	1.56394e+08	1.1567e+08	1.13469e+08	1.41804e+08	1.18974e+08	1.56188e+08	2.35856e+08	2.45238e+08	2.3642e+08	2.08058e+08	2.73831e+08	2.72306e+08
ERR607760	1.94943e+08	2.69882e+08	1.99453e+08	3.00046e+08	2.71726e+08	2.5783e+08	2.16157e+08	2.1591e+08	2.29744e+08	2.16426e+08	2.20352e+08	2.03415e+08	2.3757e+08	2.24492e+08	1.69554e+08	2.35507e+08	1.7342e+08	1.70775e+08	2.38206e+08	2.53133e+08	2.3207e+08	2.29323e+08	2.29952e+08	2.41065e+08	1.40989e+08	1.28584e+08	1.49736e+08	1.28934e+08	1.33726e+08	1.28028e+08	1.76805e+08	2.22605e+08	1.80108e+08	1.82561e+08	1.68895e+08	2.40654e+08	2.33776e+08	2.2181e+08	2.3266e+08	2.12519e+08	2.0713e+08	1.66897e+08	1.77124e+08	1.76907e+08	2.30737e+08	2.30975e+08	2.31537e+08	1.7536e+08	1.7577e+08	1.51044e+08	1.65934e+08	1.77932e+08	1.60822e+08	1.76452e+08	1.21378e+08	1.46432e+08	1.47205e+08	1.43179e+08	1.46866e+08	1.21516e+08	1.64269e+08	1.8302e+08	1.75059e+08	1.74666e+08	1.56688e+08	1.47942e+08	1.49872e+08	1.53021e+08	1.79155e+08	1.68724e+08	1.74452e+08	1.54071e+08	1.28393e+08	1.27817e+08	1.19723e+08	1.06225e+08	1.18887e+08	9.08915e+07	1.52769e+08	1.61479e+08	1.59076e+08	1.6927e+08	1.61942e+08	1.559e+08	1.53457e+08	1.13446e+08	1.11296e+08	1.39022e+08	1.16762e+08	1.53334e+08	2.31722e+08	2.40686e+08	2.32185e+08	2.0429e+08	2.68944e+08	2.67301e+08
ERR637124	2.70064e+08	3.81913e+08	2.76679e+08	2.71726e+08	5.37647e+08	3.63966e+08	3.06984e+08	3.06234e+08	3.26393e+08	3.06922e+08	3.12683e+08	2.88299e+08	3.37234e+08	3.18151e+08	2.37402e+08	3.34119e+08	2.4304e+08	2.39089e+08	3.39191e+08	3.60863e+08	3.30252e+08	3.25951e+08	3.27004e+08	3.43275e+08	2.05228e+08	1.8712e+08	2.17981e+08	1.87794e+08	1.94775e+08	1.8633e+08	2.49681e+08	3.15741e+08	2.54175e+08	2.57793e+08	2.38185e+08	3.41543e+08	3.32549e+08	3.15332e+08	3.30961e+08	3.01165e+08	2.93484e+08	2.35708e+08	2.49917e+08	2.4957e+08	3.27413e+08	3.27657e+08	3.28508e+08	2.47521e+08	2.50432e+08	2.14288e+08	2.36003e+08	2.53404e+08	2.28824e+08	2.51077e+08	1.77212e+08	2.14003e+08	2.15248e+08	2.09166e+08	2.146e+08	1.77416e+08	2.36616e+08	2.63477e+08	2.51732e+08	2.51322e+08	2.25483e+08	2.12732e+08	2.15944e+08	2.2037e+08	2.58297e+08	2.43451e+08	2.51614e+08	2.22112e+08	1.83143e+08	1.82168e+08	1.70766e+08	1.51326e+08	1.6953e+08	1.29365e+08	2.22729e+08	2.35323e+08	2.31872e+08	2.46879e+08	2.36353e+08	2.27295e+08	2.22046e+08	1.63557e+08	1.6042e+08	2.01142e+08	1.68375e+08	2.21805e+08	3.2783e+08	3.41134e+08	3.28484e+08	2.88429e+08	3.822e+08	3.80267e+08
ERR637123	2.56281e+08	3.61874e+08	2.62487e+08	2.5783e+08	3.63966e+08	4.88743e+08	2.91013e+08	2.90308e+08	3.09172e+08	2.90874e+08	2.96239e+08	2.73364e+08	3.18812e+08	3.01246e+08	2.24906e+08	3.1629e+08	2.30305e+08	2.26677e+08	3.2158e+08	3.41616e+08	3.12643e+08	3.08765e+08	3.09724e+08	3.25178e+08	1.93346e+08	1.76542e+08	2.05381e+08	1.77217e+08	1.8385e+08	1.75872e+08	2.36599e+08	2.99019e+08	2.40785e+08	2.44239e+08	2.26455e+08	3.23237e+08	3.15311e+08	2.98921e+08	3.1364e+08	2.85342e+08	2.77954e+08	2.23624e+08	2.36803e+08	2.36408e+08	3.10146e+08	3.10291e+08	3.11197e+08	2.34424e+08	2.37066e+08	2.03224e+08	2.23647e+08	2.39913e+08	2.16742e+08	2.37703e+08	1.66838e+08	2.01488e+08	2.02525e+08	1.96885e+08	2.02111e+08	1.67162e+08	2.24027e+08	2.49203e+08	2.38118e+08	2.37824e+08	2.13296e+08	2.01174e+08	2.04488e+08	2.08722e+08	2.43907e+08	2.30145e+08	2.3772e+08	2.10343e+08	1.7326e+08	1.72299e+08	1.61381e+08	1.43038e+08	1.60333e+08	1.22407e+08	2.10144e+08	2.21983e+08	2.18862e+08	2.32756e+08	2.23151e+08	2.14593e+08	2.0931e+08	1.54313e+08	1.51356e+08	1.89886e+08	1.58751e+08	2.08939e+08	3.09856e+08	3.22848e+08	3.10671e+08	2.73548e+08	3.61494e+08	3.59327e+08
ERR605564	2.15066e+08	3.0546e+08	2.20231e+08	2.16157e+08	3.06984e+08	2.91013e+08	5.54185e+08	4.06093e+08	4.30484e+08	4.06714e+08	4.135e+08	3.856e+08	3.21584e+08	3.04572e+08	2.28735e+08	3.19686e+08	2.33919e+08	2.30591e+08	3.23999e+08	3.43612e+08	3.14085e+08	3.09881e+08	3.11165e+08	3.27387e+08	1.98536e+08	1.81922e+08	2.11054e+08	1.82489e+08	1.89648e+08	1.81045e+08	2.33738e+08	2.94849e+08	2.3791e+08	2.41168e+08	2.2507e+08	3.18044e+08	3.30427e+08	3.13893e+08	3.28154e+08	2.98329e+08	2.90782e+08	2.35297e+08	3.0386e+08	3.03511e+08	3.91258e+08	3.91232e+08	3.92364e+08	3.00885e+08	2.53261e+08	2.17378e+08	2.38073e+08	2.55984e+08	2.31083e+08	2.53454e+08	1.72387e+08	2.08116e+08	2.09179e+08	2.03689e+08	2.08722e+08	1.73159e+08	2.3102e+08	2.56595e+08	2.45016e+08	2.45146e+08	2.20044e+08	2.07077e+08	2.09577e+08	2.13644e+08	2.48833e+08	2.3565e+08	2.42307e+08	2.15738e+08	2.1177e+08	2.1022e+08	1.98903e+08	1.78989e+08	1.9791e+08	1.56529e+08	2.15507e+08	2.27497e+08	2.2445e+08	2.38805e+08	2.29767e+08	2.20295e+08	2.11163e+08	1.55138e+08	1.51901e+08	1.92802e+08	1.59648e+08	2.11082e+08	2.98291e+08	3.11403e+08	2.98942e+08	2.65317e+08	3.47885e+08	3.45774e+08
ERR605568	2.14776e+08	3.04719e+08	2.19965e+08	2.1591e+08	3.06234e+08	2.90308e+08	4.06093e+08	5.53496e+08	4.29357e+08	4.0753e+08	4.14342e+08	3.84524e+08	3.21753e+08	3.04461e+08	2.29067e+08	3.19497e+08	2.34153e+08	2.30877e+08	3.23059e+08	3.42888e+08	3.13769e+08	3.09503e+08	3.10891e+08	3.26842e+08	1.98028e+08	1.81101e+08	2.10508e+08	1.81697e+08	1.88726e+08	1.80402e+08	2.33566e+08	2.944e+08	2.37788e+08	2.41038e+08	2.24408e+08	3.17615e+08	3.29125e+08	3.13142e+08	3.27223e+08	2.97971e+08	2.90518e+08	2.34637e+08	3.04061e+08	3.03628e+08	3.90966e+08	3.90806e+08	3.9207e+08	3.00966e+08	2.53071e+08	2.1701e+08	2.37773e+08	2.55827e+08	2.30957e+08	2.53381e+08	1.71898e+08	2.07432e+08	2.08652e+08	2.03079e+08	2.08035e+08	1.72512e+08	2.29954e+08	2.55556e+08	2.44137e+08	2.44184e+08	2.19172e+08	2.06162e+08	2.08501e+08	2.12545e+08	2.48029e+08	2.34491e+08	2.41657e+08	2.14746e+08	2.11293e+08	2.09706e+08	1.98505e+08	1.78626e+08	1.97498e+08	1.56259e+08	2.14654e+08	2.26661e+08	2.23556e+08	2.37913e+08	2.28463e+08	2.1925e+08	2.10375e+08	1.54595e+08	1.51371e+08	1.91883e+08	1.592e+08	2.10511e+08	2.98608e+08	3.11417e+08	2.99426e+08	2.65187e+08	3.48065e+08	3.46007e+08
ERR605563	2.28481e+08	3.24728e+08	2.33939e+08	2.29744e+08	3.26393e+08	3.09172e+08	4.30484e+08	4.29357e+08	6.12367e+08	4.30056e+08	4.37226e+08	4.07403e+08	3.41712e+08	3.23445e+08	2.42506e+08	3.39419e+08	2.4817e+08	2.44513e+08	3.43898e+08	3.65188e+08	3.33772e+08	3.29303e+08	3.30746e+08	3.47816e+08	2.11759e+08	1.93743e+08	2.24984e+08	1.94438e+08	2.01944e+08	1.92839e+08	2.48202e+08	3.13287e+08	2.52817e+08	2.56224e+08	2.38724e+08	3.38063e+08	3.5038e+08	3.32858e+08	3.48245e+08	3.16655e+08	3.0876e+08	2.49317e+08	3.21119e+08	3.20583e+08	4.13914e+08	4.13759e+08	4.15139e+08	3.17911e+08	2.69178e+08	2.3086e+08	2.53079e+08	2.72114e+08	2.45667e+08	2.69481e+08	1.83779e+08	2.21923e+08	2.2306e+08	2.17189e+08	2.22529e+08	1.84552e+08	2.45792e+08	2.73255e+08	2.60784e+08	2.60893e+08	2.34277e+08	2.20434e+08	2.23004e+08	2.27309e+08	2.65066e+08	2.50884e+08	2.58365e+08	2.29637e+08	2.23608e+08	2.21996e+08	2.0992e+08	1.88712e+08	2.08883e+08	1.64928e+08	2.29777e+08	2.42486e+08	2.39289e+08	2.54586e+08	2.4458e+08	2.34523e+08	2.25046e+08	1.65424e+08	1.61978e+08	2.05454e+08	1.70301e+08	2.25139e+08	3.17092e+08	3.31067e+08	3.17925e+08	2.81536e+08	3.70131e+08	3.67887e+08
ERR605566	2.15282e+08	3.05228e+08	2.2034e+08	2.16426e+08	3.06922e+08	2.90874e+08	4.06714e+08	4.0753e+08	4.30056e+08	5.54773e+08	4.15013e+08	3.85174e+08	3.22232e+08	3.05062e+08	2.29342e+08	3.20255e+08	2.34522e+08	2.31186e+08	3.23925e+08	3.43677e+08	3.14493e+08	3.10194e+08	3.11681e+08	3.27599e+08	1.98268e+08	1.81329e+08	2.10726e+08	1.81984e+08	1.88869e+08	1.80661e+08	2.33813e+08	2.94871e+08	2.38078e+08	2.41338e+08	2.24752e+08	3.18016e+08	3.29571e+08	3.13447e+08	3.27623e+08	2.98414e+08	2.90863e+08	2.35144e+08	3.04447e+08	3.04109e+08	3.91761e+08	3.91576e+08	3.92703e+08	3.01471e+08	2.53485e+08	2.17439e+08	2.38176e+08	2.56126e+08	2.31267e+08	2.53658e+08	1.71959e+08	2.07646e+08	2.0871e+08	2.03159e+08	2.08152e+08	1.72633e+08	2.30174e+08	2.55858e+08	2.44403e+08	2.44544e+08	2.19419e+08	2.06379e+08	2.08673e+08	2.12803e+08	2.484e+08	2.34825e+08	2.41919e+08	2.14896e+08	2.11642e+08	2.09929e+08	1.98838e+08	1.78883e+08	1.97678e+08	1.56451e+08	2.14854e+08	2.26842e+08	2.23804e+08	2.38237e+08	2.28666e+08	2.19333e+08	2.10758e+08	1.54788e+08	1.51641e+08	1.92157e+08	1.59299e+08	2.10827e+08	2.99081e+08	3.12045e+08	2.99779e+08	2.65459e+08	3.48728e+08	3.46466e+08
ERR605567	2.19156e+08	3.1107e+08	2.24444e+08	2.20352e+08	3.12683e+08	2.96239e+08	4.135e+08	4.14342e+08	4.37226e+08	4.15013e+08	5.71279e+08	3.91571e+08	3.27878e+08	3.10509e+08	2.33245e+08	3.25817e+08	2.38498e+08	2.35138e+08	3.29714e+08	3.49903e+08	3.20059e+08	3.15726e+08	3.17117e+08	3.33461e+08	2.01947e+08	1.84972e+08	2.14696e+08	1.85509e+08	1.92673e+08	1.84086e+08	2.38132e+08	3.00267e+08	2.42351e+08	2.45699e+08	2.2894e+08	3.23927e+08	3.35615e+08	3.19251e+08	3.33598e+08	3.03823e+08	2.96134e+08	2.39325e+08	3.09384e+08	3.08962e+08	3.98303e+08	3.98383e+08	3.99446e+08	3.0632e+08	2.57974e+08	2.21358e+08	2.42367e+08	2.60757e+08	2.35332e+08	2.58228e+08	1.75202e+08	2.11635e+08	2.12623e+08	2.07142e+08	2.12222e+08	1.75897e+08	2.34726e+08	2.60849e+08	2.49085e+08	2.49181e+08	2.2367e+08	2.10242e+08	2.12689e+08	2.17081e+08	2.53e+08	2.39376e+08	2.46547e+08	2.19133e+08	2.15051e+08	2.13473e+08	2.01998e+08	1.81691e+08	2.00965e+08	1.5898e+08	2.19226e+08	2.31272e+08	2.28194e+08	2.42946e+08	2.33343e+08	2.23804e+08	2.14662e+08	1.57744e+08	1.54508e+08	1.9587e+08	1.62387e+08	2.14834e+08	3.04424e+08	3.1756e+08	3.0519e+08	2.70344e+08	3.54863e+08	3.52859e+08
ERR605565	2.02362e+08	2.8691e+08	2.07244e+08	2.03415e+08	2.88299e+08	2.73364e+08	3.856e+08	3.84524e+08	4.07403e+08	3.85174e+08	3.91571e+08	5.03258e+08	3.0309e+08	2.87192e+08	2.15993e+08	3.01269e+08	2.20896e+08	2.17642e+08	3.04848e+08	3.23324e+08	2.95745e+08	2.91662e+08	2.93067e+08	3.08294e+08	1.86135e+08	1.70475e+08	1.97689e+08	1.70957e+08	1.77574e+08	1.69698e+08	2.20105e+08	2.77409e+08	2.24118e+08	2.27068e+08	2.12048e+08	2.98991e+08	3.10668e+08	2.95851e+08	3.08719e+08	2.81024e+08	2.73801e+08	2.21699e+08	2.88055e+08	2.87576e+08	3.69868e+08	3.70183e+08	3.7116e+08	2.85151e+08	2.3864e+08	2.04957e+08	2.24297e+08	2.41234e+08	2.17855e+08	2.3877e+08	1.61521e+08	1.95055e+08	1.96011e+08	1.9091e+08	1.95523e+08	1.62376e+08	2.16973e+08	2.40759e+08	2.29933e+08	2.30011e+08	2.06485e+08	1.94299e+08	1.96405e+08	2.00368e+08	2.33116e+08	2.20955e+08	2.27248e+08	2.02331e+08	2.00826e+08	1.99308e+08	1.88769e+08	1.7003e+08	1.87853e+08	1.48963e+08	2.01962e+08	2.13225e+08	2.10357e+08	2.2383e+08	2.15133e+08	2.0624e+08	1.97842e+08	1.45384e+08	1.42407e+08	1.80545e+08	1.49697e+08	1.97845e+08	2.81054e+08	2.93302e+08	2.81696e+08	2.50161e+08	3.27551e+08	3.25713e+08
ERR637100	2.36262e+08	3.34814e+08	2.41995e+08	2.3757e+08	3.37234e+08	3.18812e+08	3.21584e+08	3.21753e+08	3.41712e+08	3.22232e+08	3.27878e+08	3.0309e+08	5.45053e+08	3.72672e+08	2.80676e+08	3.9078e+08	2.87326e+08	2.83387e+08	3.4928e+08	3.70314e+08	3.39795e+08	3.35595e+08	3.36878e+08	3.53025e+08	1.94368e+08	1.76792e+08	2.06571e+08	1.77635e+08	1.84373e+08	1.76111e+08	2.70765e+08	3.39699e+08	2.75714e+08	2.79471e+08	2.59118e+08	3.66394e+08	3.45085e+08	3.28516e+08	3.4326e+08	3.14327e+08	3.06745e+08	2.48014e+08	2.6302e+08	2.62927e+08	3.4233e+08	3.42595e+08	3.43306e+08	2.60384e+08	2.57166e+08	2.2049e+08	2.42136e+08	2.60084e+08	2.35137e+08	2.57657e+08	1.7074e+08	2.0623e+08	2.07663e+08	2.01632e+08	2.06926e+08	1.70874e+08	2.24141e+08	2.5e+08	2.38555e+08	2.38435e+08	2.13603e+08	2.01167e+08	2.02857e+08	2.06985e+08	2.43135e+08	2.29052e+08	2.36939e+08	2.0891e+08	1.74548e+08	1.73606e+08	1.62697e+08	1.4412e+08	1.61609e+08	1.231e+08	2.09984e+08	2.22048e+08	2.18679e+08	2.3309e+08	2.23209e+08	2.14456e+08	2.07821e+08	1.51856e+08	1.48902e+08	1.87818e+08	1.56416e+08	2.07338e+08	3.30432e+08	3.43611e+08	3.3118e+08	2.91519e+08	3.83971e+08	3.81722e+08
ERR637099	2.23312e+08	3.1607e+08	2.28718e+08	2.24492e+08	3.18151e+08	3.01246e+08	3.04572e+08	3.04461e+08	3.23445e+08	3.05062e+08	3.10509e+08	2.87192e+08	3.72672e+08	4.94746e+08	2.66386e+08	3.69958e+08	2.72605e+08	2.68827e+08	3.30484e+08	3.5031e+08	3.21579e+08	3.17593e+08	3.18769e+08	3.34154e+08	1.82703e+08	1.66534e+08	1.94293e+08	1.67293e+08	1.73548e+08	1.65954e+08	2.56682e+08	3.21808e+08	2.61311e+08	2.64935e+08	2.46151e+08	3.46701e+08	3.26941e+08	3.11231e+08	3.25051e+08	2.97662e+08	2.90406e+08	2.35261e+08	2.49035e+08	2.49103e+08	3.24118e+08	3.24563e+08	3.25087e+08	2.46523e+08	2.4321e+08	2.08867e+08	2.29186e+08	2.45972e+08	2.22337e+08	2.43648e+08	1.60576e+08	1.94054e+08	1.95239e+08	1.89609e+08	1.94589e+08	1.60947e+08	2.11996e+08	2.35886e+08	2.25286e+08	2.25219e+08	2.01774e+08	1.89953e+08	1.91616e+08	1.95425e+08	2.29048e+08	2.16058e+08	2.23141e+08	1.97294e+08	1.64987e+08	1.64074e+08	1.53788e+08	1.36267e+08	1.52854e+08	1.16423e+08	1.97769e+08	2.08852e+08	2.0581e+08	2.19224e+08	2.1023e+08	2.0195e+08	1.95099e+08	1.42795e+08	1.39949e+08	1.77064e+08	1.47186e+08	1.9483e+08	3.12345e+08	3.24943e+08	3.13138e+08	2.76306e+08	3.62958e+08	3.60747e+08
ERR637104	1.68576e+08	2.35702e+08	1.7265e+08	1.69554e+08	2.37402e+08	2.24906e+08	2.28735e+08	2.29067e+08	2.42506e+08	2.29342e+08	2.33245e+08	2.15993e+08	2.80676e+08	2.66386e+08	3.07293e+08	2.78578e+08	2.09814e+08	2.07112e+08	2.4611e+08	2.6088e+08	2.39822e+08	2.37134e+08	2.37898e+08	2.48928e+08	1.31792e+08	1.19869e+08	1.40196e+08	1.20454e+08	1.24905e+08	1.1952e+08	1.94553e+08	2.42286e+08	1.98001e+08	2.0076e+08	1.86169e+08	2.60703e+08	2.45295e+08	2.33921e+08	2.4418e+08	2.24759e+08	2.19268e+08	1.78361e+08	1.88823e+08	1.88919e+08	2.43886e+08	2.44117e+08	2.44553e+08	1.87132e+08	1.81122e+08	1.55837e+08	1.70695e+08	1.83138e+08	1.65683e+08	1.81553e+08	1.16214e+08	1.40399e+08	1.41402e+08	1.37278e+08	1.40946e+08	1.16265e+08	1.54258e+08	1.72052e+08	1.64218e+08	1.64127e+08	1.47166e+08	1.38542e+08	1.39012e+08	1.41758e+08	1.66611e+08	1.56848e+08	1.6227e+08	1.43047e+08	1.21845e+08	1.21193e+08	1.13538e+08	1.00603e+08	1.12901e+08	8.59658e+07	1.42097e+08	1.50262e+08	1.48044e+08	1.5786e+08	1.50819e+08	1.45096e+08	1.41259e+08	1.03293e+08	1.01209e+08	1.27686e+08	1.06344e+08	1.40799e+08	2.36084e+08	2.44821e+08	2.3661e+08	2.0884e+08	2.72537e+08	2.70933e+08
ERR637101	2.34246e+08	3.32346e+08	2.39934e+08	2.35507e+08	3.34119e+08	3.1629e+08	3.19686e+08	3.19497e+08	3.39419e+08	3.20255e+08	3.25817e+08	3.01269e+08	3.9078e+08	3.69958e+08	2.78578e+08	5.37636e+08	2.85186e+08	2.81339e+08	3.47183e+08	3.67888e+08	3.37578e+08	3.33426e+08	3.34603e+08	3.509e+08	1.92833e+08	1.75805e+08	2.0503e+08	1.76708e+08	1.83328e+08	1.75204e+08	2.6894e+08	3.37458e+08	2.73746e+08	2.77645e+08	2.57898e+08	3.63524e+08	3.431e+08	3.26587e+08	3.41067e+08	3.1232e+08	3.04698e+08	2.46517e+08	2.60871e+08	2.60911e+08	3.39961e+08	3.40258e+08	3.40996e+08	2.58442e+08	2.5537e+08	2.19284e+08	2.40511e+08	2.58268e+08	2.33273e+08	2.55809e+08	1.69468e+08	2.04667e+08	2.0597e+08	2.00037e+08	2.05216e+08	1.69683e+08	2.23384e+08	2.48556e+08	2.37174e+08	2.37181e+08	2.12606e+08	2.0006e+08	2.01846e+08	2.0594e+08	2.41259e+08	2.27573e+08	2.35134e+08	2.07803e+08	1.73492e+08	1.72516e+08	1.61601e+08	1.43265e+08	1.60631e+08	1.22366e+08	2.08685e+08	2.20517e+08	2.17302e+08	2.31432e+08	2.21936e+08	2.13198e+08	2.05966e+08	1.50685e+08	1.47717e+08	1.86824e+08	1.55205e+08	2.05562e+08	3.27442e+08	3.40789e+08	3.28335e+08	2.8959e+08	3.80858e+08	3.78663e+08
ERR637103	1.72434e+08	2.41426e+08	1.7655e+08	1.7342e+08	2.4304e+08	2.30305e+08	2.33919e+08	2.34153e+08	2.4817e+08	2.34522e+08	2.38498e+08	2.20896e+08	2.87326e+08	2.72605e+08	2.09814e+08	2.85186e+08	3.19248e+08	2.1156e+08	2.52456e+08	2.67471e+08	2.45988e+08	2.43268e+08	2.43921e+08	2.55358e+08	1.35474e+08	1.23137e+08	1.44065e+08	1.23731e+08	1.28356e+08	1.22778e+08	1.992e+08	2.48035e+08	2.02728e+08	2.05432e+08	1.90553e+08	2.66975e+08	2.50828e+08	2.39383e+08	2.4975e+08	2.2974e+08	2.24323e+08	1.82244e+08	1.92955e+08	1.93143e+08	2.4937e+08	2.49686e+08	2.49974e+08	1.91267e+08	1.85354e+08	1.59319e+08	1.74654e+08	1.87396e+08	1.69553e+08	1.85714e+08	1.19364e+08	1.44201e+08	1.45157e+08	1.41027e+08	1.44715e+08	1.19475e+08	1.5815e+08	1.76378e+08	1.68413e+08	1.68288e+08	1.50784e+08	1.42014e+08	1.42743e+08	1.45653e+08	1.7116e+08	1.61014e+08	1.66643e+08	1.46984e+08	1.2489e+08	1.24207e+08	1.16404e+08	1.03135e+08	1.15711e+08	8.82093e+07	1.46055e+08	1.54559e+08	1.52139e+08	1.62246e+08	1.5512e+08	1.49184e+08	1.45027e+08	1.06062e+08	1.04048e+08	1.31268e+08	1.093e+08	1.44708e+08	2.41586e+08	2.50614e+08	2.4223e+08	2.13758e+08	2.79108e+08	2.77447e+08
ERR637102	1.69984e+08	2.37462e+08	1.73894e+08	1.70775e+08	2.39089e+08	2.26677e+08	2.30591e+08	2.30877e+08	2.44513e+08	2.31186e+08	2.35138e+08	2.17642e+08	2.83387e+08	2.68827e+08	2.07112e+08	2.81339e+08	2.1156e+08	3.1203e+08	2.48254e+08	2.62994e+08	2.41961e+08	2.39179e+08	2.39786e+08	2.51076e+08	1.33016e+08	1.2093e+08	1.41493e+08	1.21484e+08	1.26015e+08	1.20507e+08	1.96255e+08	2.44296e+08	1.99809e+08	2.02408e+08	1.87776e+08	2.63057e+08	2.4724e+08	2.35853e+08	2.46181e+08	2.26661e+08	2.21383e+08	1.79727e+08	1.90315e+08	1.90385e+08	2.45796e+08	2.46266e+08	2.46323e+08	1.88644e+08	1.8258e+08	1.57074e+08	1.72083e+08	1.84571e+08	1.67154e+08	1.83056e+08	1.17318e+08	1.41664e+08	1.42676e+08	1.38388e+08	1.42139e+08	1.17306e+08	1.55425e+08	1.73373e+08	1.65452e+08	1.65399e+08	1.48247e+08	1.39551e+08	1.40032e+08	1.42912e+08	1.68068e+08	1.58171e+08	1.6369e+08	1.44159e+08	1.22806e+08	1.22109e+08	1.14503e+08	1.0142e+08	1.13794e+08	8.67159e+07	1.43274e+08	1.51701e+08	1.49389e+08	1.59269e+08	1.5221e+08	1.46444e+08	1.42535e+08	1.04156e+08	1.02141e+08	1.28904e+08	1.07304e+08	1.42224e+08	2.37765e+08	2.46755e+08	2.3846e+08	2.10354e+08	2.74908e+08	2.73163e+08
ERR626766	2.36956e+08	3.37962e+08	2.42844e+08	2.38206e+08	3.39191e+08	3.2158e+08	3.23999e+08	3.23059e+08	3.43898e+08	3.23925e+08	3.29714e+08	3.04848e+08	3.4928e+08	3.30484e+08	2.4611e+08	3.47183e+08	2.52456e+08	2.48254e+08	5.71611e+08	4.35129e+08	3.9736e+08	3.92472e+08	3.94023e+08	4.14856e+08	2.06232e+08	1.88817e+08	2.19177e+08	1.89662e+08	1.96712e+08	1.87906e+08	2.67199e+08	3.36348e+08	2.72179e+08	2.75778e+08	2.57429e+08	3.62327e+08	3.40952e+08	3.23447e+08	3.38425e+08	3.07429e+08	2.9998e+08	2.4147e+08	2.64063e+08	2.63767e+08	3.45345e+08	3.45568e+08	3.46801e+08	2.61482e+08	2.60353e+08	2.23575e+08	2.45828e+08	2.63908e+08	2.37999e+08	2.6098e+08	1.79942e+08	2.17208e+08	2.18404e+08	2.12649e+08	2.17956e+08	1.80803e+08	2.37386e+08	2.63487e+08	2.51577e+08	2.51586e+08	2.25446e+08	2.12186e+08	2.14798e+08	2.19013e+08	2.5499e+08	2.41555e+08	2.48464e+08	2.21318e+08	1.84655e+08	1.8358e+08	1.72181e+08	1.52961e+08	1.7134e+08	1.3117e+08	2.25165e+08	2.37595e+08	2.34333e+08	2.49119e+08	2.3992e+08	2.29957e+08	2.21257e+08	1.62643e+08	1.59206e+08	2.02056e+08	1.67389e+08	2.20898e+08	3.28977e+08	3.43717e+08	3.29891e+08	2.92335e+08	3.84704e+08	3.82049e+08
ERR626765	2.5156e+08	3.59094e+08	2.58033e+08	2.53133e+08	3.60863e+08	3.41616e+08	3.43612e+08	3.42888e+08	3.65188e+08	3.43677e+08	3.49903e+08	3.23324e+08	3.70314e+08	3.5031e+08	2.6088e+08	3.67888e+08	2.67471e+08	2.62994e+08	4.35129e+08	6.354e+08	4.21423e+08	4.15983e+08	4.17431e+08	4.3969e+08	2.19922e+08	2.01164e+08	2.33592e+08	2.01844e+08	2.09588e+08	2.00223e+08	2.83001e+08	3.56343e+08	2.88286e+08	2.91997e+08	2.72133e+08	3.84427e+08	3.61485e+08	3.43006e+08	3.58982e+08	3.26241e+08	3.18217e+08	2.55965e+08	2.80078e+08	2.7974e+08	3.66413e+08	3.6665e+08	3.67921e+08	2.77301e+08	2.76884e+08	2.3764e+08	2.61334e+08	2.80784e+08	2.53251e+08	2.77607e+08	1.91846e+08	2.31688e+08	2.32852e+08	2.26672e+08	2.32422e+08	1.92555e+08	2.52867e+08	2.80825e+08	2.68138e+08	2.67991e+08	2.40339e+08	2.26119e+08	2.28446e+08	2.32954e+08	2.71704e+08	2.57067e+08	2.64719e+08	2.35339e+08	1.96712e+08	1.95678e+08	1.83282e+08	1.62768e+08	1.8242e+08	1.39588e+08	2.39975e+08	2.53277e+08	2.496e+08	2.65552e+08	2.55557e+08	2.44903e+08	2.35919e+08	1.73451e+08	1.69811e+08	2.15378e+08	1.78384e+08	2.35606e+08	3.49676e+08	3.65162e+08	3.50685e+08	3.1011e+08	4.08781e+08	4.06063e+08
ERR626769	2.30667e+08	3.28586e+08	2.3641e+08	2.3207e+08	3.30252e+08	3.12643e+08	3.14085e+08	3.13769e+08	3.33772e+08	3.14493e+08	3.20059e+08	2.95745e+08	3.39795e+08	3.21579e+08	2.39822e+08	3.37578e+08	2.45988e+08	2.41961e+08	3.9736e+08	4.21423e+08	5.42144e+08	3.82848e+08	3.84216e+08	4.01854e+08	2.00072e+08	1.82664e+08	2.12538e+08	1.83491e+08	1.90414e+08	1.81997e+08	2.60073e+08	3.2696e+08	2.65029e+08	2.6831e+08	2.49831e+08	3.52526e+08	3.30288e+08	3.13532e+08	3.27922e+08	2.98542e+08	2.91185e+08	2.34297e+08	2.57014e+08	2.56792e+08	3.35654e+08	3.35892e+08	3.36919e+08	2.54447e+08	2.52509e+08	2.16414e+08	2.38034e+08	2.55915e+08	2.30643e+08	2.53021e+08	1.74517e+08	2.10858e+08	2.11921e+08	2.06215e+08	2.11394e+08	1.75137e+08	2.29349e+08	2.55041e+08	2.43535e+08	2.43334e+08	2.1799e+08	2.05315e+08	2.07474e+08	2.11655e+08	2.47084e+08	2.33513e+08	2.40639e+08	2.13747e+08	1.78964e+08	1.77817e+08	1.66743e+08	1.48256e+08	1.65885e+08	1.27127e+08	2.17963e+08	2.30076e+08	2.26795e+08	2.41225e+08	2.31922e+08	2.22582e+08	2.14799e+08	1.57905e+08	1.54483e+08	1.95797e+08	1.62521e+08	2.14414e+08	3.20519e+08	3.34401e+08	3.21406e+08	2.84063e+08	3.74337e+08	3.71909e+08
ERR626770	2.27915e+08	3.24226e+08	2.33643e+08	2.29323e+08	3.25951e+08	3.08765e+08	3.09881e+08	3.09503e+08	3.29303e+08	3.10194e+08	3.15726e+08	2.91662e+08	3.35595e+08	3.17593e+08	2.37134e+08	3.33426e+08	2.43268e+08	2.39179e+08	3.92472e+08	4.15983e+08	3.82848e+08	5.30825e+08	3.79691e+08	3.96893e+08	1.97443e+08	1.80251e+08	2.09713e+08	1.80928e+08	1.87884e+08	1.79405e+08	2.56891e+08	3.23009e+08	2.61736e+08	2.65218e+08	2.46506e+08	3.48243e+08	3.25797e+08	3.09318e+08	3.23706e+08	2.94803e+08	2.87666e+08	2.31284e+08	2.53719e+08	2.53331e+08	3.31036e+08	3.31328e+08	3.32312e+08	2.51003e+08	2.49448e+08	2.13653e+08	2.34919e+08	2.52597e+08	2.27833e+08	2.50055e+08	1.72337e+08	2.08102e+08	2.09314e+08	2.03543e+08	2.08691e+08	1.72925e+08	2.26144e+08	2.51472e+08	2.40303e+08	2.40056e+08	2.15058e+08	2.02473e+08	2.04493e+08	2.08579e+08	2.43686e+08	2.30336e+08	2.37521e+08	2.10625e+08	1.76325e+08	1.75287e+08	1.64356e+08	1.45975e+08	1.63476e+08	1.25191e+08	2.15011e+08	2.27126e+08	2.23812e+08	2.38192e+08	2.28814e+08	2.19628e+08	2.12042e+08	1.55628e+08	1.52411e+08	1.93082e+08	1.60207e+08	2.11669e+08	3.1679e+08	3.30298e+08	3.17705e+08	2.80521e+08	3.69822e+08	3.67274e+08
ERR626768	2.28563e+08	3.25408e+08	2.34289e+08	2.29952e+08	3.27004e+08	3.09724e+08	3.11165e+08	3.10891e+08	3.30746e+08	3.11681e+08	3.17117e+08	2.93067e+08	3.36878e+08	3.18769e+08	2.37898e+08	3.34603e+08	2.43921e+08	2.39786e+08	3.94023e+08	4.17431e+08	3.84216e+08	3.79691e+08	5.33679e+08	3.98455e+08	1.98227e+08	1.81059e+08	2.10583e+08	1.81859e+08	1.88657e+08	1.80155e+08	2.57964e+08	3.24271e+08	2.62696e+08	2.66154e+08	2.47802e+08	3.49539e+08	3.27159e+08	3.10684e+08	3.25114e+08	2.95933e+08	2.88663e+08	2.32109e+08	2.54579e+08	2.5422e+08	3.32409e+08	3.32711e+08	3.33776e+08	2.52091e+08	2.50346e+08	2.14716e+08	2.36128e+08	2.53772e+08	2.28859e+08	2.51039e+08	1.73008e+08	2.08969e+08	2.10042e+08	2.04369e+08	2.09491e+08	1.73633e+08	2.27403e+08	2.52769e+08	2.41328e+08	2.41246e+08	2.16153e+08	2.03625e+08	2.05682e+08	2.09746e+08	2.44794e+08	2.31456e+08	2.38615e+08	2.11818e+08	1.77375e+08	1.76252e+08	1.65272e+08	1.46893e+08	1.644e+08	1.25911e+08	2.16053e+08	2.28045e+08	2.24783e+08	2.39128e+08	2.2987e+08	2.20555e+08	2.12768e+08	1.56367e+08	1.53142e+08	1.94023e+08	1.60901e+08	2.12563e+08	3.1784e+08	3.3162e+08	3.18709e+08	2.81645e+08	3.71046e+08	3.68455e+08
ERR626767	2.39609e+08	3.41799e+08	2.45676e+08	2.41065e+08	3.43275e+08	3.25178e+08	3.27387e+08	3.26842e+08	3.47816e+08	3.27599e+08	3.33461e+08	3.08294e+08	3.53025e+08	3.34154e+08	2.48928e+08	3.509e+08	2.55358e+08	2.51076e+08	4.14856e+08	4.3969e+08	4.01854e+08	3.96893e+08	3.98455e+08	5.81803e+08	2.0868e+08	1.90686e+08	2.21657e+08	1.91531e+08	1.98847e+08	1.89934e+08	2.69909e+08	3.39778e+08	2.75066e+08	2.78631e+08	2.59993e+08	3.66308e+08	3.43929e+08	3.26494e+08	3.41467e+08	3.10625e+08	3.02872e+08	2.43797e+08	2.67377e+08	2.67088e+08	3.49343e+08	3.4958e+08	3.50816e+08	2.64558e+08	2.63379e+08	2.25945e+08	2.48407e+08	2.66832e+08	2.40614e+08	2.64078e+08	1.82119e+08	2.19947e+08	2.21121e+08	2.15196e+08	2.20473e+08	1.82842e+08	2.39824e+08	2.6651e+08	2.5436e+08	2.54353e+08	2.27925e+08	2.1448e+08	2.16581e+08	2.21028e+08	2.5775e+08	2.43861e+08	2.51232e+08	2.23209e+08	1.87038e+08	1.85972e+08	1.74344e+08	1.54838e+08	1.7357e+08	1.32843e+08	2.27749e+08	2.40249e+08	2.37038e+08	2.52034e+08	2.42374e+08	2.32462e+08	2.23861e+08	1.64695e+08	1.6107e+08	2.04348e+08	1.69319e+08	2.23748e+08	3.33413e+08	3.47775e+08	3.34107e+08	2.9568e+08	3.89413e+08	3.86803e+08
ERR635317	1.40093e+08	2.03959e+08	1.43699e+08	1.40989e+08	2.05228e+08	1.93346e+08	1.98536e+08	1.98028e+08	2.11759e+08	1.98268e+08	2.01947e+08	1.86135e+08	1.94368e+08	1.82703e+08	1.31792e+08	1.92833e+08	1.35474e+08	1.33016e+08	2.06232e+08	2.19922e+08	2.00072e+08	1.97443e+08	1.98227e+08	2.0868e+08	4.30092e+08	2.76705e+08	3.17936e+08	2.77455e+08	2.87398e+08	2.75455e+08	1.44321e+08	1.8446e+08	1.4694e+08	1.49067e+08	1.37457e+08	2.00436e+08	2.01058e+08	1.89801e+08	1.99606e+08	1.80036e+08	1.75318e+08	1.39274e+08	1.59561e+08	1.59047e+08	2.11711e+08	2.11451e+08	2.12325e+08	1.5776e+08	1.94995e+08	1.66192e+08	1.83455e+08	1.9742e+08	1.77053e+08	1.95248e+08	2.22671e+08	2.66564e+08	2.67713e+08	2.61274e+08	2.66944e+08	2.23873e+08	2.67255e+08	2.96319e+08	2.83308e+08	2.83817e+08	2.54297e+08	2.39937e+08	2.35349e+08	2.40481e+08	2.79577e+08	2.6497e+08	2.72816e+08	2.42212e+08	2.01395e+08	2.00393e+08	1.87698e+08	1.67678e+08	1.86286e+08	1.43632e+08	2.6997e+08	2.84996e+08	2.8109e+08	2.98868e+08	2.86711e+08	2.76036e+08	2.64561e+08	1.96531e+08	1.92765e+08	2.42285e+08	2.01921e+08	2.65031e+08	1.8709e+08	1.96409e+08	1.87793e+08	1.64495e+08	2.21404e+08	2.20507e+08
ERR635320	1.27788e+08	1.8631e+08	1.31048e+08	1.28584e+08	1.8712e+08	1.76542e+08	1.81922e+08	1.81101e+08	1.93743e+08	1.81329e+08	1.84972e+08	1.70475e+08	1.76792e+08	1.66534e+08	1.19869e+08	1.75805e+08	1.23137e+08	1.2093e+08	1.88817e+08	2.01164e+08	1.82664e+08	1.80251e+08	1.81059e+08	1.90686e+08	2.76705e+08	3.74537e+08	2.92905e+08	2.58691e+08	2.65888e+08	2.56761e+08	1.31553e+08	1.683e+08	1.3406e+08	1.35935e+08	1.2621e+08	1.82329e+08	1.84375e+08	1.74089e+08	1.82737e+08	1.64393e+08	1.60081e+08	1.27653e+08	1.45377e+08	1.45012e+08	1.93632e+08	1.93366e+08	1.94098e+08	1.43932e+08	1.78688e+08	1.52951e+08	1.68271e+08	1.81123e+08	1.62377e+08	1.78935e+08	2.05667e+08	2.4587e+08	2.4691e+08	2.41129e+08	2.4618e+08	2.07231e+08	2.46904e+08	2.72504e+08	2.60739e+08	2.61354e+08	2.34595e+08	2.20989e+08	2.17686e+08	2.22281e+08	2.56574e+08	2.43842e+08	2.50363e+08	2.24115e+08	1.85511e+08	1.84321e+08	1.72719e+08	1.54389e+08	1.71609e+08	1.32341e+08	2.49711e+08	2.63047e+08	2.59636e+08	2.75841e+08	2.65366e+08	2.55132e+08	2.43473e+08	1.81329e+08	1.77748e+08	2.24187e+08	1.86243e+08	2.44123e+08	1.70228e+08	1.78947e+08	1.70852e+08	1.50506e+08	2.01585e+08	2.00445e+08
ERR635318	1.48662e+08	2.166e+08	1.52476e+08	1.49736e+08	2.17981e+08	2.05381e+08	2.11054e+08	2.10508e+08	2.24984e+08	2.10726e+08	2.14696e+08	1.97689e+08	2.06571e+08	1.94293e+08	1.40196e+08	2.0503e+08	1.44065e+08	1.41493e+08	2.19177e+08	2.33592e+08	2.12538e+08	2.09713e+08	2.10583e+08	2.21657e+08	3.17936e+08	2.92905e+08	4.74562e+08	2.93734e+08	3.04177e+08	2.9142e+08	1.53307e+08	1.96099e+08	1.56157e+08	1.58495e+08	1.46014e+08	2.13076e+08	2.13814e+08	2.01764e+08	2.12264e+08	1.91444e+08	1.86432e+08	1.48152e+08	1.69507e+08	1.69075e+08	2.25044e+08	2.24792e+08	2.25528e+08	1.67626e+08	2.07186e+08	1.76596e+08	1.94854e+08	2.09805e+08	1.88077e+08	2.07439e+08	2.35699e+08	2.82318e+08	2.83535e+08	2.76575e+08	2.82655e+08	2.36875e+08	2.83669e+08	3.14344e+08	3.00734e+08	3.01145e+08	2.6999e+08	2.54614e+08	2.50162e+08	2.55171e+08	2.96996e+08	2.81396e+08	2.89719e+08	2.57259e+08	2.13934e+08	2.12813e+08	1.99363e+08	1.7794e+08	1.97689e+08	1.52437e+08	2.86147e+08	3.02183e+08	2.98108e+08	3.17014e+08	3.0378e+08	2.92586e+08	2.80075e+08	2.07911e+08	2.03965e+08	2.56416e+08	2.13659e+08	2.80575e+08	1.99065e+08	2.08922e+08	1.99864e+08	1.7494e+08	2.35506e+08	2.34406e+08
ERR635319	1.28273e+08	1.86936e+08	1.31571e+08	1.28934e+08	1.87794e+08	1.77217e+08	1.82489e+08	1.81697e+08	1.94438e+08	1.81984e+08	1.85509e+08	1.70957e+08	1.77635e+08	1.67293e+08	1.20454e+08	1.76708e+08	1.23731e+08	1.21484e+08	1.89662e+08	2.01844e+08	1.83491e+08	1.80928e+08	1.81859e+08	1.91531e+08	2.77455e+08	2.58691e+08	2.93734e+08	3.76546e+08	2.66514e+08	2.57398e+08	1.32055e+08	1.68944e+08	1.34628e+08	1.36542e+08	1.26698e+08	1.83191e+08	1.85056e+08	1.74753e+08	1.83415e+08	1.65032e+08	1.60661e+08	1.28054e+08	1.46086e+08	1.45566e+08	1.94243e+08	1.93946e+08	1.94831e+08	1.44389e+08	1.79208e+08	1.53381e+08	1.68699e+08	1.81668e+08	1.62943e+08	1.79367e+08	2.06382e+08	2.46652e+08	2.47749e+08	2.41805e+08	2.4711e+08	2.07945e+08	2.47399e+08	2.73178e+08	2.61434e+08	2.61788e+08	2.35139e+08	2.21459e+08	2.18761e+08	2.23255e+08	2.57845e+08	2.4512e+08	2.51531e+08	2.25216e+08	1.86016e+08	1.84777e+08	1.73274e+08	1.54778e+08	1.72063e+08	1.3271e+08	2.50428e+08	2.63922e+08	2.60382e+08	2.76718e+08	2.66343e+08	2.55992e+08	2.44404e+08	1.82017e+08	1.78428e+08	2.25002e+08	1.86938e+08	2.44891e+08	1.70872e+08	1.7962e+08	1.71472e+08	1.51046e+08	2.02375e+08	2.01383e+08
ERR635316	1.32871e+08	1.93908e+08	1.36325e+08	1.33726e+08	1.94775e+08	1.8385e+08	1.89648e+08	1.88726e+08	2.01944e+08	1.88869e+08	1.92673e+08	1.77574e+08	1.84373e+08	1.73548e+08	1.24905e+08	1.83328e+08	1.28356e+08	1.26015e+08	1.96712e+08	2.09588e+08	1.90414e+08	1.87884e+08	1.88657e+08	1.98847e+08	2.87398e+08	2.65888e+08	3.04177e+08	2.66514e+08	3.98907e+08	2.64606e+08	1.37021e+08	1.75536e+08	1.39659e+08	1.41639e+08	1.31426e+08	1.90316e+08	1.92021e+08	1.81209e+08	1.90419e+08	1.71113e+08	1.66633e+08	1.32797e+08	1.51637e+08	1.51133e+08	2.01729e+08	2.0142e+08	2.02247e+08	1.49903e+08	1.85938e+08	1.59247e+08	1.75297e+08	1.88443e+08	1.69228e+08	1.86155e+08	2.13137e+08	2.54865e+08	2.56075e+08	2.4993e+08	2.55315e+08	2.14571e+08	2.56684e+08	2.83417e+08	2.71221e+08	2.7168e+08	2.439e+08	2.29779e+08	2.25881e+08	2.30645e+08	2.6684e+08	2.53889e+08	2.60394e+08	2.32748e+08	1.92511e+08	1.9149e+08	1.79316e+08	1.6025e+08	1.7806e+08	1.37314e+08	2.5898e+08	2.72863e+08	2.69183e+08	2.86076e+08	2.75227e+08	2.6457e+08	2.52628e+08	1.88048e+08	1.844e+08	2.32415e+08	1.93133e+08	2.53264e+08	1.77302e+08	1.86531e+08	1.77931e+08	1.56764e+08	2.10193e+08	2.09042e+08
ERR635321	1.27373e+08	1.85617e+08	1.30574e+08	1.28028e+08	1.8633e+08	1.75872e+08	1.81045e+08	1.80402e+08	1.92839e+08	1.80661e+08	1.84086e+08	1.69698e+08	1.76111e+08	1.65954e+08	1.1952e+08	1.75204e+08	1.22778e+08	1.20507e+08	1.87906e+08	2.00223e+08	1.81997e+08	1.79405e+08	1.80155e+08	1.89934e+08	2.75455e+08	2.56761e+08	2.9142e+08	2.57398e+08	2.64606e+08	3.71801e+08	1.31098e+08	1.67694e+08	1.33611e+08	1.35506e+08	1.25692e+08	1.81935e+08	1.83546e+08	1.73335e+08	1.82053e+08	1.6372e+08	1.5948e+08	1.27083e+08	1.45024e+08	1.44458e+08	1.92857e+08	1.92685e+08	1.93307e+08	1.43439e+08	1.77915e+08	1.52143e+08	1.67545e+08	1.80268e+08	1.61711e+08	1.78179e+08	2.04923e+08	2.45019e+08	2.46148e+08	2.40256e+08	2.45402e+08	2.06586e+08	2.45613e+08	2.71208e+08	2.59543e+08	2.60085e+08	2.33327e+08	2.19866e+08	2.16914e+08	2.21309e+08	2.5563e+08	2.4301e+08	2.4944e+08	2.23274e+08	1.8468e+08	1.83547e+08	1.72005e+08	1.53754e+08	1.70855e+08	1.31882e+08	2.48547e+08	2.61879e+08	2.58376e+08	2.74669e+08	2.64145e+08	2.54099e+08	2.42608e+08	1.80789e+08	1.77145e+08	2.23401e+08	1.85623e+08	2.43271e+08	1.69558e+08	1.78241e+08	1.70106e+08	1.4994e+08	2.00825e+08	1.99868e+08
ERR608936	1.75927e+08	2.48318e+08	1.80212e+08	1.76805e+08	2.49681e+08	2.36599e+08	2.33738e+08	2.33566e+08	2.48202e+08	2.33813e+08	2.38132e+08	2.20105e+08	2.70765e+08	2.56682e+08	1.94553e+08	2.6894e+08	1.992e+08	1.96255e+08	2.67199e+08	2.83001e+08	2.60073e+08	2.56891e+08	2.57964e+08	2.69909e+08	1.44321e+08	1.31553e+08	1.53307e+08	1.32055e+08	1.37021e+08	1.31098e+08	3.36585e+08	2.78736e+08	2.28697e+08	2.31652e+08	2.14704e+08	2.99688e+08	2.53332e+08	2.41024e+08	2.5175e+08	2.30437e+08	2.25062e+08	1.82353e+08	1.93343e+08	1.93277e+08	2.51413e+08	2.51739e+08	2.52331e+08	1.91555e+08	1.87202e+08	1.60756e+08	1.76473e+08	1.89427e+08	1.71168e+08	1.87625e+08	1.25407e+08	1.51373e+08	1.52257e+08	1.4809e+08	1.51803e+08	1.25744e+08	1.66835e+08	1.85735e+08	1.77243e+08	1.77185e+08	1.58834e+08	1.49583e+08	1.49808e+08	1.5279e+08	1.78856e+08	1.68816e+08	1.74323e+08	1.54258e+08	1.29531e+08	1.28699e+08	1.20704e+08	1.07037e+08	1.20001e+08	9.15979e+07	1.54846e+08	1.63625e+08	1.61229e+08	1.71681e+08	1.64666e+08	1.58303e+08	1.53481e+08	1.12771e+08	1.10481e+08	1.39539e+08	1.1592e+08	1.53253e+08	2.41039e+08	2.50697e+08	2.41528e+08	2.13657e+08	2.79864e+08	2.78149e+08
ERR608932	2.21533e+08	3.14151e+08	2.26895e+08	2.22605e+08	3.15741e+08	2.99019e+08	2.94849e+08	2.944e+08	3.13287e+08	2.94871e+08	3.00267e+08	2.77409e+08	3.39699e+08	3.21808e+08	2.42286e+08	3.37458e+08	2.48035e+08	2.44296e+08	3.36348e+08	3.56343e+08	3.2696e+08	3.23009e+08	3.24271e+08	3.39778e+08	1.8446e+08	1.683e+08	1.96099e+08	1.68944e+08	1.75536e+08	1.67694e+08	2.78736e+08	4.94872e+08	2.83934e+08	2.87833e+08	2.68989e+08	3.77277e+08	3.18909e+08	3.03148e+08	3.16907e+08	2.89293e+08	2.82381e+08	2.28409e+08	2.42439e+08	2.42321e+08	3.16595e+08	3.16891e+08	3.17877e+08	2.403e+08	2.37084e+08	2.03711e+08	2.2371e+08	2.39993e+08	2.1684e+08	2.37662e+08	1.60183e+08	1.93332e+08	1.94435e+08	1.8914e+08	1.93987e+08	1.60589e+08	2.13499e+08	2.37565e+08	2.26827e+08	2.26735e+08	2.03141e+08	1.91303e+08	1.91503e+08	1.95339e+08	2.2824e+08	2.15658e+08	2.22527e+08	1.97183e+08	1.65061e+08	1.64124e+08	1.53718e+08	1.36375e+08	1.52953e+08	1.16592e+08	1.98352e+08	2.09519e+08	2.06577e+08	2.19741e+08	2.11047e+08	2.0262e+08	1.96173e+08	1.43991e+08	1.40999e+08	1.78604e+08	1.48115e+08	1.95839e+08	3.02998e+08	3.15663e+08	3.03924e+08	2.68544e+08	3.53016e+08	3.5085e+08
ERR608935	1.79165e+08	2.52847e+08	1.83435e+08	1.80108e+08	2.54175e+08	2.40785e+08	2.3791e+08	2.37788e+08	2.52817e+08	2.38078e+08	2.42351e+08	2.24118e+08	2.75714e+08	2.61311e+08	1.98001e+08	2.73746e+08	2.02728e+08	1.99809e+08	2.72179e+08	2.88286e+08	2.65029e+08	2.61736e+08	2.62696e+08	2.75066e+08	1.4694e+08	1.3406e+08	1.56157e+08	1.34628e+08	1.39659e+08	1.33611e+08	2.28697e+08	2.83934e+08	3.4682e+08	2.35984e+08	2.18632e+08	3.05215e+08	2.57707e+08	2.45335e+08	2.56244e+08	2.34449e+08	2.28937e+08	1.85527e+08	1.96977e+08	1.96815e+08	2.56017e+08	2.5629e+08	2.56917e+08	1.95114e+08	1.907e+08	1.63649e+08	1.79685e+08	1.93002e+08	1.74324e+08	1.91059e+08	1.27859e+08	1.5421e+08	1.55145e+08	1.5078e+08	1.5468e+08	1.28038e+08	1.70044e+08	1.89331e+08	1.80718e+08	1.80731e+08	1.61844e+08	1.52433e+08	1.52773e+08	1.55765e+08	1.82257e+08	1.71929e+08	1.77657e+08	1.57119e+08	1.32129e+08	1.31279e+08	1.23003e+08	1.09162e+08	1.22481e+08	9.34759e+07	1.57793e+08	1.66666e+08	1.64352e+08	1.7498e+08	1.6775e+08	1.6123e+08	1.56362e+08	1.14873e+08	1.12584e+08	1.42255e+08	1.18226e+08	1.56082e+08	2.4533e+08	2.55337e+08	2.46039e+08	2.17437e+08	2.85051e+08	2.83448e+08
