	ERR618550	ERR618553	ERR618552	ERR618554	ERR618551	ERR618549	ERR605661	ERR605660	ERR605659	ERR605663	ERR605664	ERR605662	ERR636646	ERR636648	ERR636643	ERR636645	ERR636647	ERR636644	ERR613219	ERR613217	ERR613220	ERR613215	ERR613216	ERR613218	ERR608742	ERR608741	ERR608743	ERR608739	ERR608744	ERR608740	ERR607266	ERR607264	ERR607265	ERR607268	ERR607263	ERR607267	ERR605270	ERR605267	ERR605269	ERR605268	ERR605266	ERR605265	ERR636835	ERR636838	ERR636836	ERR636839	ERR636840	ERR636837	ERR635311	ERR635314	ERR635313	ERR635310	ERR635312	ERR635315	ERR629907	ERR629906	ERR629908	ERR629905	ERR629909	ERR629904	ERR605970	ERR605975	ERR605971	ERR605974	ERR605972	ERR605973	ERR617452	ERR617451	ERR617453	ERR617456	ERR617455	ERR617454	ERR612652	ERR612653	ERR612654	ERR612651	ERR612650	ERR612649	ERR630451	ERR630447	ERR630448	ERR630449	ERR630450	ERR630446	ERR608213	ERR608210	ERR608214	ERR608209	ERR608211	ERR608212	ERR613316	ERR613311	ERR613314	ERR613312	ERR613313	ERR613315
ERR618550	3.5897e+08	2.20878e+08	2.38282e+08	2.21569e+08	2.44928e+08	2.56987e+08	2.25373e+08	2.29632e+08	2.48665e+08	2.29317e+08	2.24587e+08	2.1909e+08	2.06584e+08	2.3904e+08	2.39343e+08	1.81813e+08	2.06424e+08	2.14621e+08	1.5316e+08	1.98189e+08	1.52448e+08	2.28727e+08	2.11872e+08	1.45499e+08	2.03051e+08	2.10099e+08	2.01247e+08	1.44142e+08	2.03865e+08	1.92285e+08	2.19782e+08	2.74269e+08	2.7677e+08	2.26566e+08	2.48527e+08	2.2476e+08	2.4016e+08	1.7977e+08	2.31522e+08	2.29042e+08	2.5691e+08	2.73131e+08	2.29762e+08	2.55628e+08	2.50273e+08	2.58217e+08	2.64642e+08	2.48596e+08	1.27654e+08	1.1012e+08	1.1087e+08	1.19136e+08	1.3675e+08	1.09165e+08	1.38595e+08	1.6719e+08	1.39025e+08	1.43446e+08	1.40916e+08	1.70018e+08	1.43771e+08	1.49259e+08	2.00165e+08	1.51564e+08	2.03939e+08	1.55653e+08	1.29203e+08	1.25459e+08	1.2966e+08	1.16251e+08	1.53462e+08	1.50767e+08	1.73065e+08	1.73455e+08	1.70277e+08	1.99377e+08	1.59872e+08	2.15052e+08	1.5266e+08	1.7988e+08	1.91606e+08	1.45858e+08	1.40184e+08	1.92755e+08	1.39028e+08	1.42801e+08	1.32107e+08	1.12071e+08	1.60165e+08	1.4194e+08	1.14913e+08	1.7393e+08	1.41879e+08	1.45915e+08	1.61793e+08	1.45334e+08
ERR618553	2.20878e+08	3.19043e+08	2.2347e+08	2.07897e+08	2.27077e+08	2.38254e+08	2.08064e+08	2.11994e+08	2.29824e+08	2.10667e+08	2.06609e+08	2.02709e+08	1.94004e+08	2.23896e+08	2.24081e+08	1.69571e+08	1.93894e+08	2.00949e+08	1.42101e+08	1.84764e+08	1.41646e+08	2.14425e+08	1.9773e+08	1.34898e+08	1.88647e+08	1.95267e+08	1.86678e+08	1.32814e+08	1.88978e+08	1.78127e+08	2.05858e+08	2.56756e+08	2.58048e+08	2.12627e+08	2.31958e+08	2.10795e+08	2.20359e+08	1.64982e+08	2.12464e+08	2.09934e+08	2.36484e+08	2.51544e+08	2.13759e+08	2.37444e+08	2.33089e+08	2.39877e+08	2.46008e+08	2.31008e+08	1.18043e+08	1.01293e+08	1.02013e+08	1.09569e+08	1.26425e+08	1.00361e+08	1.28533e+08	1.55923e+08	1.28758e+08	1.33408e+08	1.30536e+08	1.58426e+08	1.31428e+08	1.375e+08	1.85205e+08	1.39678e+08	1.88556e+08	1.43616e+08	1.20914e+08	1.16889e+08	1.21352e+08	1.08654e+08	1.43831e+08	1.41219e+08	1.59796e+08	1.60057e+08	1.57177e+08	1.83794e+08	1.47298e+08	1.99067e+08	1.42047e+08	1.66841e+08	1.78164e+08	1.35896e+08	1.30602e+08	1.79044e+08	1.30143e+08	1.34247e+08	1.23704e+08	1.04743e+08	1.50748e+08	1.32897e+08	1.04473e+08	1.59415e+08	1.3013e+08	1.33253e+08	1.47821e+08	1.33329e+08
ERR618552	2.38282e+08	2.2347e+08	3.62568e+08	2.24229e+08	2.45097e+08	2.57043e+08	2.2544e+08	2.29554e+08	2.4907e+08	2.28507e+08	2.23841e+08	2.19641e+08	2.09953e+08	2.42284e+08	2.4261e+08	1.83421e+08	2.09801e+08	2.17363e+08	1.54135e+08	2.00297e+08	1.5348e+08	2.32347e+08	2.14464e+08	1.46267e+08	2.04045e+08	2.113e+08	2.02033e+08	1.43855e+08	2.0451e+08	1.92819e+08	2.22625e+08	2.77858e+08	2.79462e+08	2.29996e+08	2.51035e+08	2.28145e+08	2.38563e+08	1.78401e+08	2.30061e+08	2.27471e+08	2.55841e+08	2.7221e+08	2.31383e+08	2.5712e+08	2.52427e+08	2.59717e+08	2.66408e+08	2.50206e+08	1.27779e+08	1.09641e+08	1.10456e+08	1.18662e+08	1.36838e+08	1.08691e+08	1.39263e+08	1.68783e+08	1.39554e+08	1.44388e+08	1.41454e+08	1.71543e+08	1.42547e+08	1.48932e+08	2.00479e+08	1.51257e+08	2.04218e+08	1.55484e+08	1.30869e+08	1.26464e+08	1.31219e+08	1.17503e+08	1.55559e+08	1.52758e+08	1.73285e+08	1.73571e+08	1.70475e+08	1.99405e+08	1.59662e+08	2.15869e+08	1.53911e+08	1.8079e+08	1.92995e+08	1.47115e+08	1.4147e+08	1.94003e+08	1.40446e+08	1.44899e+08	1.33625e+08	1.13129e+08	1.62797e+08	1.43507e+08	1.13389e+08	1.72955e+08	1.41206e+08	1.44607e+08	1.60421e+08	1.44541e+08
ERR618554	2.21569e+08	2.07897e+08	2.24229e+08	3.20336e+08	2.27766e+08	2.39068e+08	2.09461e+08	2.13386e+08	2.31102e+08	2.12028e+08	2.0796e+08	2.03949e+08	1.93813e+08	2.23431e+08	2.23884e+08	1.6935e+08	1.93755e+08	2.00646e+08	1.43591e+08	1.86242e+08	1.43038e+08	2.15899e+08	1.99316e+08	1.36327e+08	1.88367e+08	1.95097e+08	1.86491e+08	1.32856e+08	1.88879e+08	1.77988e+08	2.05783e+08	2.56581e+08	2.58087e+08	2.12501e+08	2.32003e+08	2.10768e+08	2.21909e+08	1.66619e+08	2.13942e+08	2.11692e+08	2.37926e+08	2.53066e+08	2.13476e+08	2.37177e+08	2.32784e+08	2.39559e+08	2.45758e+08	2.30747e+08	1.17813e+08	1.01142e+08	1.01866e+08	1.09406e+08	1.26303e+08	1.00302e+08	1.28266e+08	1.55656e+08	1.28588e+08	1.33127e+08	1.30342e+08	1.58266e+08	1.33236e+08	1.39278e+08	1.86852e+08	1.41273e+08	1.90311e+08	1.45255e+08	1.20653e+08	1.16697e+08	1.21196e+08	1.08481e+08	1.43506e+08	1.41011e+08	1.61279e+08	1.6149e+08	1.5863e+08	1.85168e+08	1.4874e+08	2.00506e+08	1.41824e+08	1.66628e+08	1.77923e+08	1.35717e+08	1.30512e+08	1.78747e+08	1.29733e+08	1.33895e+08	1.23421e+08	1.04545e+08	1.5048e+08	1.32596e+08	1.0594e+08	1.6074e+08	1.31604e+08	1.3465e+08	1.49256e+08	1.34673e+08
ERR618551	2.44928e+08	2.27077e+08	2.45097e+08	2.27766e+08	3.75479e+08	2.63876e+08	2.31456e+08	2.35708e+08	2.55361e+08	2.35098e+08	2.30485e+08	2.25207e+08	2.12897e+08	2.46152e+08	2.46542e+08	1.8696e+08	2.12888e+08	2.21074e+08	1.57707e+08	2.04272e+08	1.57067e+08	2.36188e+08	2.18423e+08	1.49806e+08	2.08542e+08	2.15785e+08	2.06501e+08	1.47795e+08	2.09145e+08	1.97275e+08	2.26351e+08	2.82554e+08	2.8476e+08	2.33509e+08	2.55791e+08	2.31631e+08	2.45916e+08	1.83922e+08	2.37082e+08	2.34427e+08	2.63245e+08	2.79986e+08	2.36175e+08	2.627e+08	2.5749e+08	2.65525e+08	2.72184e+08	2.55655e+08	1.31188e+08	1.12886e+08	1.13759e+08	1.22149e+08	1.40463e+08	1.11991e+08	1.42811e+08	1.72661e+08	1.43181e+08	1.47861e+08	1.45087e+08	1.75401e+08	1.47602e+08	1.53434e+08	2.05971e+08	1.55837e+08	2.09722e+08	1.60113e+08	1.33357e+08	1.29442e+08	1.33893e+08	1.20111e+08	1.5857e+08	1.55598e+08	1.78241e+08	1.78594e+08	1.75417e+08	2.05349e+08	1.64598e+08	2.21659e+08	1.5733e+08	1.85299e+08	1.97462e+08	1.50421e+08	1.44591e+08	1.98621e+08	1.4328e+08	1.47405e+08	1.36234e+08	1.15467e+08	1.65292e+08	1.4636e+08	1.17955e+08	1.78724e+08	1.45848e+08	1.4987e+08	1.66076e+08	1.49386e+08
ERR618549	2.56987e+08	2.38254e+08	2.57043e+08	2.39068e+08	2.63876e+08	4.0785e+08	2.43294e+08	2.47846e+08	2.68552e+08	2.47036e+08	2.42035e+08	2.36525e+08	2.23751e+08	2.58725e+08	2.59125e+08	1.96428e+08	2.23604e+08	2.32303e+08	1.65184e+08	2.14505e+08	1.64583e+08	2.48081e+08	2.29287e+08	1.56875e+08	2.1925e+08	2.26964e+08	2.1718e+08	1.552e+08	2.19894e+08	2.07306e+08	2.38313e+08	2.97483e+08	2.99699e+08	2.45789e+08	2.69223e+08	2.4372e+08	2.58097e+08	1.93117e+08	2.4888e+08	2.46115e+08	2.76449e+08	2.94059e+08	2.48635e+08	2.76439e+08	2.71018e+08	2.79331e+08	2.86443e+08	2.69039e+08	1.38307e+08	1.18856e+08	1.19736e+08	1.28681e+08	1.48007e+08	1.1798e+08	1.50208e+08	1.81655e+08	1.50602e+08	1.556e+08	1.52634e+08	1.84743e+08	1.54833e+08	1.61204e+08	2.16396e+08	1.63694e+08	2.20462e+08	1.6801e+08	1.40376e+08	1.36187e+08	1.409e+08	1.26272e+08	1.66756e+08	1.63841e+08	1.87234e+08	1.87595e+08	1.84214e+08	2.15699e+08	1.72957e+08	2.32992e+08	1.65512e+08	1.94814e+08	2.07805e+08	1.58259e+08	1.52197e+08	2.08959e+08	1.51008e+08	1.55237e+08	1.43557e+08	1.2155e+08	1.74217e+08	1.54205e+08	1.23764e+08	1.87857e+08	1.5331e+08	1.57368e+08	1.74582e+08	1.56915e+08
ERR605661	2.25373e+08	2.08064e+08	2.2544e+08	2.09461e+08	2.31456e+08	2.43294e+08	4.54461e+08	3.25634e+08	3.51962e+08	3.23459e+08	3.17652e+08	3.1144e+08	2.30654e+08	2.67348e+08	2.67311e+08	2.02602e+08	2.30555e+08	2.39426e+08	2.04757e+08	2.61236e+08	2.0398e+08	2.98669e+08	2.78027e+08	1.95024e+08	2.12205e+08	2.19832e+08	2.10722e+08	1.49813e+08	2.13204e+08	2.00513e+08	2.43114e+08	3.03099e+08	3.05092e+08	2.50691e+08	2.74489e+08	2.48495e+08	2.75336e+08	2.07978e+08	2.65729e+08	2.63006e+08	2.93928e+08	3.12373e+08	2.56662e+08	2.8547e+08	2.79721e+08	2.8812e+08	2.95417e+08	2.77438e+08	1.37606e+08	1.18028e+08	1.18953e+08	1.2766e+08	1.47498e+08	1.16953e+08	1.50128e+08	1.82278e+08	1.50433e+08	1.55643e+08	1.52344e+08	1.85453e+08	1.95443e+08	2.01438e+08	2.67064e+08	2.04833e+08	2.71079e+08	2.09955e+08	1.37923e+08	1.33889e+08	1.38647e+08	1.24038e+08	1.63968e+08	1.61232e+08	2.08102e+08	2.08527e+08	2.04681e+08	2.38714e+08	1.92285e+08	2.57564e+08	1.65046e+08	1.94723e+08	2.07756e+08	1.57769e+08	1.51595e+08	2.09053e+08	1.48927e+08	1.53179e+08	1.41384e+08	1.19477e+08	1.72282e+08	1.52084e+08	1.42991e+08	2.12731e+08	1.75256e+08	1.796e+08	1.98271e+08	1.79326e+08
ERR605660	2.29632e+08	2.11994e+08	2.29554e+08	2.13386e+08	2.35708e+08	2.47846e+08	3.25634e+08	4.68356e+08	3.58052e+08	3.2925e+08	3.23262e+08	3.16665e+08	2.3476e+08	2.72181e+08	2.72197e+08	2.06322e+08	2.34626e+08	2.43887e+08	2.0763e+08	2.65237e+08	2.06863e+08	3.03531e+08	2.82294e+08	1.97766e+08	2.15993e+08	2.23743e+08	2.14549e+08	1.52499e+08	2.17123e+08	2.04048e+08	2.47644e+08	3.08866e+08	3.11108e+08	2.55259e+08	2.79902e+08	2.53192e+08	2.80092e+08	2.11482e+08	2.70365e+08	2.67369e+08	2.99157e+08	3.1819e+08	2.61237e+08	2.90479e+08	2.84806e+08	2.93356e+08	3.00713e+08	2.82408e+08	1.40663e+08	1.20772e+08	1.21599e+08	1.30563e+08	1.50888e+08	1.1971e+08	1.53556e+08	1.8657e+08	1.53785e+08	1.59397e+08	1.5584e+08	1.89971e+08	1.98523e+08	2.04851e+08	2.71513e+08	2.08139e+08	2.75606e+08	2.13299e+08	1.41094e+08	1.37063e+08	1.41954e+08	1.27054e+08	1.67695e+08	1.64963e+08	2.1236e+08	2.12772e+08	2.08862e+08	2.4387e+08	1.96295e+08	2.62914e+08	1.68919e+08	1.9916e+08	2.12663e+08	1.61517e+08	1.55217e+08	2.13954e+08	1.52486e+08	1.56937e+08	1.44912e+08	1.22411e+08	1.76445e+08	1.5598e+08	1.45643e+08	2.16918e+08	1.78591e+08	1.83181e+08	2.02211e+08	1.82773e+08
ERR605659	2.48665e+08	2.29824e+08	2.4907e+08	2.31102e+08	2.55361e+08	2.68552e+08	3.51962e+08	3.58052e+08	5.36983e+08	3.5544e+08	3.48717e+08	3.42151e+08	2.55849e+08	2.96726e+08	2.96692e+08	2.24416e+08	2.55842e+08	2.65601e+08	2.24102e+08	2.87092e+08	2.23144e+08	3.29139e+08	3.05939e+08	2.13174e+08	2.34982e+08	2.43403e+08	2.33251e+08	1.65441e+08	2.36081e+08	2.21942e+08	2.69747e+08	3.3647e+08	3.38513e+08	2.78217e+08	3.04584e+08	2.75701e+08	3.02191e+08	2.27768e+08	2.91543e+08	2.88403e+08	3.2313e+08	3.44082e+08	2.84072e+08	3.15881e+08	3.09742e+08	3.18863e+08	3.27217e+08	3.07295e+08	1.53101e+08	1.31365e+08	1.32219e+08	1.41998e+08	1.64273e+08	1.30206e+08	1.67475e+08	2.03642e+08	1.67621e+08	1.73686e+08	1.69789e+08	2.07269e+08	2.13428e+08	2.20502e+08	2.93199e+08	2.24188e+08	2.97923e+08	2.3e+08	1.53936e+08	1.49394e+08	1.54791e+08	1.38524e+08	1.83094e+08	1.80164e+08	2.29444e+08	2.29813e+08	2.25628e+08	2.63612e+08	2.11944e+08	2.8471e+08	1.84252e+08	2.17107e+08	2.32012e+08	1.76207e+08	1.6927e+08	2.33349e+08	1.66187e+08	1.71325e+08	1.57974e+08	1.33351e+08	1.9265e+08	1.69975e+08	1.56362e+08	2.34001e+08	1.92486e+08	1.97178e+08	2.1805e+08	1.96972e+08
ERR605663	2.29317e+08	2.10667e+08	2.28507e+08	2.12028e+08	2.35098e+08	2.47036e+08	3.23459e+08	3.2925e+08	3.5544e+08	4.65946e+08	3.24414e+08	3.15532e+08	2.32877e+08	2.70539e+08	2.70389e+08	2.05735e+08	2.32893e+08	2.42331e+08	2.06799e+08	2.63464e+08	2.05889e+08	3.00366e+08	2.80206e+08	1.97174e+08	2.15713e+08	2.23244e+08	2.14313e+08	1.53429e+08	2.16936e+08	2.04068e+08	2.45858e+08	3.06526e+08	3.09508e+08	2.53006e+08	2.78185e+08	2.50802e+08	2.81152e+08	2.11603e+08	2.71203e+08	2.68435e+08	2.9923e+08	3.18193e+08	2.60166e+08	2.89511e+08	2.82996e+08	2.92354e+08	2.99693e+08	2.81444e+08	1.40526e+08	1.21236e+08	1.22074e+08	1.3103e+08	1.50707e+08	1.20146e+08	1.53253e+08	1.85217e+08	1.53621e+08	1.58597e+08	1.5569e+08	1.88479e+08	1.99228e+08	2.04791e+08	2.7079e+08	2.08268e+08	2.74916e+08	2.13114e+08	1.40001e+08	1.36439e+08	1.40739e+08	1.26107e+08	1.66206e+08	1.63399e+08	2.10941e+08	2.11559e+08	2.07526e+08	2.4281e+08	1.95176e+08	2.61022e+08	1.67835e+08	1.98303e+08	2.11271e+08	1.60379e+08	1.54123e+08	2.12525e+08	1.51232e+08	1.55083e+08	1.43569e+08	1.21636e+08	1.74081e+08	1.54558e+08	1.46024e+08	2.16803e+08	1.78255e+08	1.83308e+08	2.02611e+08	1.82524e+08
ERR605664	2.24587e+08	2.06609e+08	2.23841e+08	2.0796e+08	2.30485e+08	2.42035e+08	3.17652e+08	3.23262e+08	3.48717e+08	3.24414e+08	4.50676e+08	3.10155e+08	2.28458e+08	2.65519e+08	2.65192e+08	2.01783e+08	2.285e+08	2.37835e+08	2.02914e+08	2.58547e+08	2.02115e+08	2.9487e+08	2.75023e+08	1.9345e+08	2.11181e+08	2.18539e+08	2.09893e+08	1.50047e+08	2.12397e+08	1.99758e+08	2.41079e+08	3.00478e+08	3.03143e+08	2.47879e+08	2.72535e+08	2.45755e+08	2.75543e+08	2.07711e+08	2.66035e+08	2.6312e+08	2.93375e+08	3.12064e+08	2.55084e+08	2.83582e+08	2.77422e+08	2.86181e+08	2.93459e+08	2.757e+08	1.37042e+08	1.18231e+08	1.19102e+08	1.27791e+08	1.47059e+08	1.1728e+08	1.49817e+08	1.81235e+08	1.50286e+08	1.54999e+08	1.5215e+08	1.84527e+08	1.95246e+08	2.0088e+08	2.65396e+08	2.04168e+08	2.69365e+08	2.09039e+08	1.36989e+08	1.33474e+08	1.37742e+08	1.234e+08	1.62669e+08	1.60134e+08	2.07024e+08	2.07541e+08	2.03652e+08	2.38195e+08	1.91551e+08	2.56174e+08	1.64347e+08	1.941e+08	2.06724e+08	1.56947e+08	1.50878e+08	2.08026e+08	1.4783e+08	1.51776e+08	1.40448e+08	1.1888e+08	1.70372e+08	1.51144e+08	1.43219e+08	2.12587e+08	1.74865e+08	1.79855e+08	1.98571e+08	1.78896e+08
ERR605662	2.1909e+08	2.02709e+08	2.19641e+08	2.03949e+08	2.25207e+08	2.36525e+08	3.1144e+08	3.16665e+08	3.42151e+08	3.15532e+08	3.10155e+08	4.34313e+08	2.24706e+08	2.60287e+08	2.60181e+08	1.9688e+08	2.24568e+08	2.33145e+08	2.00076e+08	2.55296e+08	1.99334e+08	2.92353e+08	2.71784e+08	1.90519e+08	2.05798e+08	2.13316e+08	2.04138e+08	1.44819e+08	2.06604e+08	1.94311e+08	2.3654e+08	2.94679e+08	2.96357e+08	2.43922e+08	2.66711e+08	2.41866e+08	2.67396e+08	2.02402e+08	2.58032e+08	2.55313e+08	2.85484e+08	3.03681e+08	2.49317e+08	2.76863e+08	2.71805e+08	2.79516e+08	2.86685e+08	2.69312e+08	1.32953e+08	1.13874e+08	1.1471e+08	1.23237e+08	1.42541e+08	1.12872e+08	1.452e+08	1.76765e+08	1.45409e+08	1.50673e+08	1.47243e+08	1.79839e+08	1.90028e+08	1.96324e+08	2.60029e+08	1.99448e+08	2.64034e+08	2.04687e+08	1.33784e+08	1.29749e+08	1.34562e+08	1.2029e+08	1.59278e+08	1.56601e+08	2.02448e+08	2.02801e+08	1.993e+08	2.32093e+08	1.87262e+08	2.50617e+08	1.60018e+08	1.88456e+08	2.01367e+08	1.53061e+08	1.47092e+08	2.02362e+08	1.44456e+08	1.48922e+08	1.3729e+08	1.15854e+08	1.675e+08	1.47642e+08	1.38915e+08	2.06475e+08	1.70425e+08	1.74417e+08	1.92515e+08	1.74366e+08
ERR636646	2.06584e+08	1.94004e+08	2.09953e+08	1.93813e+08	2.12897e+08	2.23751e+08	2.30654e+08	2.3476e+08	2.55849e+08	2.32877e+08	2.28458e+08	2.24706e+08	4.17343e+08	3.27358e+08	3.27865e+08	2.50316e+08	2.86187e+08	2.95112e+08	1.53925e+08	2.03634e+08	1.53617e+08	2.38112e+08	2.18674e+08	1.45182e+08	2.09285e+08	2.16735e+08	2.06921e+08	1.4659e+08	2.0927e+08	1.97283e+08	2.38058e+08	2.96485e+08	2.97315e+08	2.46364e+08	2.67838e+08	2.43885e+08	2.1458e+08	1.57127e+08	2.06155e+08	2.039e+08	2.31755e+08	2.47813e+08	2.46737e+08	2.74839e+08	2.6951e+08	2.77798e+08	2.84855e+08	2.67206e+08	1.29894e+08	1.11276e+08	1.12177e+08	1.20326e+08	1.39666e+08	1.10459e+08	1.67537e+08	2.02625e+08	1.68052e+08	1.73451e+08	1.69829e+08	2.06088e+08	1.36447e+08	1.44135e+08	1.9845e+08	1.46402e+08	2.01962e+08	1.5108e+08	1.52524e+08	1.47762e+08	1.53129e+08	1.3652e+08	1.8149e+08	1.78314e+08	1.87964e+08	1.88673e+08	1.84706e+08	2.18491e+08	1.71902e+08	2.37643e+08	1.84252e+08	2.17041e+08	2.30682e+08	1.76345e+08	1.69598e+08	2.32361e+08	1.46268e+08	1.51356e+08	1.38939e+08	1.17284e+08	1.70177e+08	1.49473e+08	1.17594e+08	1.8757e+08	1.50173e+08	1.54249e+08	1.72904e+08	1.54292e+08
ERR636648	2.3904e+08	2.23896e+08	2.42284e+08	2.23431e+08	2.46152e+08	2.58725e+08	2.67348e+08	2.72181e+08	2.96726e+08	2.70539e+08	2.65519e+08	2.60287e+08	3.27358e+08	5.3e+08	3.76747e+08	2.87123e+08	3.26996e+08	3.38732e+08	1.76936e+08	2.34445e+08	1.76572e+08	2.73982e+08	2.5193e+08	1.66963e+08	2.4193e+08	2.50488e+08	2.39466e+08	1.69697e+08	2.42145e+08	2.28131e+08	2.74971e+08	3.42681e+08	3.44388e+08	2.84159e+08	3.09652e+08	2.81354e+08	2.49334e+08	1.82164e+08	2.39489e+08	2.36828e+08	2.6903e+08	2.87795e+08	2.85271e+08	3.18131e+08	3.11769e+08	3.21626e+08	3.29942e+08	3.09207e+08	1.51659e+08	1.30076e+08	1.31199e+08	1.40657e+08	1.6296e+08	1.28997e+08	1.94439e+08	2.34665e+08	1.9493e+08	2.00966e+08	1.97113e+08	2.3877e+08	1.58351e+08	1.66835e+08	2.29753e+08	1.69498e+08	2.34007e+08	1.7476e+08	1.76762e+08	1.71437e+08	1.77451e+08	1.58316e+08	2.10254e+08	2.06651e+08	2.18034e+08	2.19001e+08	2.14294e+08	2.53715e+08	1.99588e+08	2.75553e+08	2.13544e+08	2.51831e+08	2.67657e+08	2.04243e+08	1.96524e+08	2.69582e+08	1.69975e+08	1.75647e+08	1.61531e+08	1.36318e+08	1.97256e+08	1.73597e+08	1.36935e+08	2.1804e+08	1.74508e+08	1.79593e+08	2.0121e+08	1.79222e+08
ERR636643	2.39343e+08	2.24081e+08	2.4261e+08	2.23884e+08	2.46542e+08	2.59125e+08	2.67311e+08	2.72197e+08	2.96692e+08	2.70389e+08	2.65192e+08	2.60181e+08	3.27865e+08	3.76747e+08	5.31873e+08	2.88403e+08	3.27328e+08	3.40323e+08	1.77177e+08	2.34729e+08	1.76591e+08	2.74393e+08	2.52222e+08	1.66995e+08	2.42137e+08	2.50757e+08	2.39633e+08	1.69732e+08	2.4236e+08	2.28397e+08	2.75559e+08	3.4359e+08	3.4509e+08	2.85152e+08	3.10504e+08	2.82159e+08	2.49367e+08	1.82264e+08	2.39598e+08	2.36791e+08	2.69183e+08	2.87871e+08	2.85532e+08	3.1846e+08	3.11895e+08	3.21962e+08	3.30289e+08	3.09603e+08	1.52051e+08	1.30388e+08	1.31376e+08	1.41124e+08	1.63393e+08	1.29336e+08	1.94872e+08	2.35489e+08	1.95401e+08	2.0159e+08	1.97568e+08	2.39514e+08	1.58736e+08	1.67125e+08	2.30381e+08	1.69909e+08	2.34562e+08	1.75257e+08	1.77245e+08	1.71787e+08	1.77879e+08	1.5882e+08	2.10855e+08	2.07299e+08	2.18629e+08	2.19441e+08	2.14806e+08	2.54272e+08	1.99944e+08	2.76326e+08	2.14079e+08	2.525e+08	2.68322e+08	2.04654e+08	1.96929e+08	2.7028e+08	1.70355e+08	1.76096e+08	1.61952e+08	1.36706e+08	1.97841e+08	1.74085e+08	1.37247e+08	2.18665e+08	1.74931e+08	1.80041e+08	2.01726e+08	1.79833e+08
ERR636645	1.81813e+08	1.69571e+08	1.83421e+08	1.6935e+08	1.8696e+08	1.96428e+08	2.02602e+08	2.06322e+08	2.24416e+08	2.05735e+08	2.01783e+08	1.9688e+08	2.50316e+08	2.87123e+08	2.88403e+08	3.36648e+08	2.5e+08	2.60254e+08	1.34041e+08	1.76678e+08	1.33589e+08	2.05159e+08	1.89373e+08	1.26563e+08	1.84585e+08	1.90857e+08	1.82863e+08	1.30766e+08	1.84906e+08	1.7441e+08	2.07693e+08	2.58434e+08	2.60244e+08	2.14359e+08	2.34204e+08	2.12225e+08	1.89856e+08	1.38747e+08	1.82478e+08	1.80436e+08	2.04362e+08	2.18397e+08	2.17069e+08	2.41782e+08	2.36317e+08	2.44365e+08	2.50474e+08	2.3499e+08	1.14273e+08	9.85379e+07	9.93192e+07	1.06455e+08	1.22756e+08	9.76814e+07	1.48461e+08	1.78273e+08	1.48887e+08	1.5327e+08	1.50537e+08	1.81405e+08	1.20294e+08	1.25983e+08	1.73039e+08	1.28165e+08	1.7603e+08	1.3192e+08	1.33337e+08	1.29717e+08	1.33903e+08	1.19649e+08	1.5836e+08	1.55618e+08	1.64838e+08	1.65665e+08	1.61938e+08	1.92247e+08	1.51024e+08	2.08194e+08	1.62299e+08	1.91835e+08	2.03351e+08	1.55042e+08	1.49246e+08	2.04743e+08	1.27143e+08	1.30714e+08	1.20603e+08	1.02183e+08	1.4665e+08	1.29714e+08	1.04218e+08	1.65661e+08	1.32194e+08	1.36581e+08	1.53263e+08	1.35921e+08
ERR636647	2.06424e+08	1.93894e+08	2.09801e+08	1.93755e+08	2.12888e+08	2.23604e+08	2.30555e+08	2.34626e+08	2.55842e+08	2.32893e+08	2.285e+08	2.24568e+08	2.86187e+08	3.26996e+08	3.27328e+08	2.5e+08	4.16671e+08	2.94605e+08	1.53965e+08	2.0344e+08	1.53515e+08	2.37794e+08	2.1858e+08	1.45175e+08	2.09428e+08	2.16762e+08	2.07072e+08	1.46688e+08	2.09537e+08	1.97478e+08	2.38009e+08	2.96398e+08	2.97573e+08	2.4638e+08	2.67857e+08	2.43988e+08	2.1435e+08	1.57069e+08	2.06058e+08	2.03754e+08	2.31573e+08	2.47681e+08	2.46641e+08	2.7454e+08	2.69479e+08	2.77691e+08	2.84788e+08	2.67113e+08	1.30042e+08	1.11437e+08	1.12239e+08	1.20449e+08	1.39824e+08	1.10551e+08	1.67537e+08	2.02569e+08	1.67979e+08	1.7335e+08	1.69795e+08	2.06121e+08	1.36393e+08	1.44035e+08	1.98342e+08	1.46469e+08	2.01976e+08	1.50949e+08	1.52579e+08	1.47844e+08	1.5318e+08	1.36685e+08	1.81552e+08	1.78454e+08	1.88113e+08	1.88857e+08	1.8488e+08	2.18625e+08	1.72099e+08	2.37824e+08	1.84274e+08	2.17136e+08	2.30886e+08	1.76345e+08	1.6957e+08	2.32454e+08	1.46424e+08	1.51549e+08	1.39049e+08	1.17341e+08	1.70289e+08	1.49599e+08	1.17701e+08	1.8749e+08	1.50251e+08	1.54338e+08	1.72887e+08	1.54261e+08
ERR636644	2.14621e+08	2.00949e+08	2.17363e+08	2.00646e+08	2.21074e+08	2.32303e+08	2.39426e+08	2.43887e+08	2.65601e+08	2.42331e+08	2.37835e+08	2.33145e+08	2.95112e+08	3.38732e+08	3.40323e+08	2.60254e+08	2.94605e+08	4.42803e+08	1.58905e+08	2.10123e+08	1.58479e+08	2.45051e+08	2.2558e+08	1.49889e+08	2.17524e+08	2.25024e+08	2.15075e+08	1.52763e+08	2.17527e+08	2.05113e+08	2.463e+08	3.06836e+08	3.08402e+08	2.54737e+08	2.77427e+08	2.52224e+08	2.23528e+08	1.63468e+08	2.14755e+08	2.12446e+08	2.41148e+08	2.57916e+08	2.56167e+08	2.85479e+08	2.79578e+08	2.88463e+08	2.95961e+08	2.77478e+08	1.35735e+08	1.16537e+08	1.17425e+08	1.26065e+08	1.45917e+08	1.15617e+08	1.74878e+08	2.10995e+08	1.75379e+08	1.80809e+08	1.77417e+08	2.14704e+08	1.4196e+08	1.49428e+08	2.05536e+08	1.51812e+08	2.09364e+08	1.56438e+08	1.58495e+08	1.53799e+08	1.59159e+08	1.4206e+08	1.88538e+08	1.85323e+08	1.95643e+08	1.96475e+08	1.92274e+08	2.27894e+08	1.7911e+08	2.47236e+08	1.92006e+08	2.26439e+08	2.40548e+08	1.83511e+08	1.76632e+08	2.42203e+08	1.51837e+08	1.56851e+08	1.44236e+08	1.2183e+08	1.76127e+08	1.55122e+08	1.23064e+08	1.9592e+08	1.56736e+08	1.61414e+08	1.8092e+08	1.60924e+08
ERR613219	1.5316e+08	1.42101e+08	1.54135e+08	1.43591e+08	1.57707e+08	1.65184e+08	2.04757e+08	2.0763e+08	2.24102e+08	2.06799e+08	2.02914e+08	2.00076e+08	1.53925e+08	1.76936e+08	1.77177e+08	1.34041e+08	1.53965e+08	1.58905e+08	2.85898e+08	2.4636e+08	1.96363e+08	2.7948e+08	2.6129e+08	1.88759e+08	1.3682e+08	1.41853e+08	1.35635e+08	9.55714e+07	1.37068e+08	1.29236e+08	1.59163e+08	1.97428e+08	1.97597e+08	1.64424e+08	1.78467e+08	1.62737e+08	1.94703e+08	1.4883e+08	1.88297e+08	1.86121e+08	2.06163e+08	2.19145e+08	1.72492e+08	1.91097e+08	1.87956e+08	1.9299e+08	1.98002e+08	1.86099e+08	9.21713e+07	7.87694e+07	7.91583e+07	8.49297e+07	9.85683e+07	7.80759e+07	1.04687e+08	1.27457e+08	1.04881e+08	1.08786e+08	1.06373e+08	1.29694e+08	1.60157e+08	1.63516e+08	2.13916e+08	1.66443e+08	2.16958e+08	1.70717e+08	9.77546e+07	9.42729e+07	9.81993e+07	8.79194e+07	1.15985e+08	1.14014e+08	1.56242e+08	1.56601e+08	1.54173e+08	1.77679e+08	1.44778e+08	1.91689e+08	1.12325e+08	1.31644e+08	1.40689e+08	1.07763e+08	1.03532e+08	1.41493e+08	1.01009e+08	1.04839e+08	9.59996e+07	8.14989e+07	1.17597e+08	1.03195e+08	1.10408e+08	1.60061e+08	1.33455e+08	1.36208e+08	1.49527e+08	1.36226e+08
ERR613217	1.98189e+08	1.84764e+08	2.00297e+08	1.86242e+08	2.04272e+08	2.14505e+08	2.61236e+08	2.65237e+08	2.87092e+08	2.63464e+08	2.58547e+08	2.55296e+08	2.03634e+08	2.34445e+08	2.34729e+08	1.76678e+08	2.0344e+08	2.10123e+08	2.4636e+08	4.31399e+08	2.44653e+08	3.57492e+08	3.32912e+08	2.34538e+08	1.81245e+08	1.88221e+08	1.79543e+08	1.25917e+08	1.81638e+08	1.70975e+08	2.11959e+08	2.63354e+08	2.63622e+08	2.19277e+08	2.37834e+08	2.16902e+08	2.46933e+08	1.86971e+08	2.38634e+08	2.35649e+08	2.62929e+08	2.80125e+08	2.28625e+08	2.53327e+08	2.49657e+08	2.56092e+08	2.62874e+08	2.46938e+08	1.23538e+08	1.05237e+08	1.05798e+08	1.1367e+08	1.32246e+08	1.0436e+08	1.39844e+08	1.70864e+08	1.40058e+08	1.45569e+08	1.42079e+08	1.73818e+08	1.99738e+08	2.04925e+08	2.7179e+08	2.08633e+08	2.75908e+08	2.14443e+08	1.30613e+08	1.25746e+08	1.31173e+08	1.1736e+08	1.55127e+08	1.52423e+08	2.00127e+08	2.00609e+08	1.97199e+08	2.28586e+08	1.84929e+08	2.47313e+08	1.50329e+08	1.7617e+08	1.88609e+08	1.44259e+08	1.38453e+08	1.89605e+08	1.35343e+08	1.40654e+08	1.28656e+08	1.08989e+08	1.57871e+08	1.38358e+08	1.37433e+08	2.035e+08	1.68357e+08	1.71898e+08	1.89377e+08	1.72224e+08
ERR613220	1.52448e+08	1.41646e+08	1.5348e+08	1.43038e+08	1.57067e+08	1.64583e+08	2.0398e+08	2.06863e+08	2.23144e+08	2.05889e+08	2.02115e+08	1.99334e+08	1.53617e+08	1.76572e+08	1.76591e+08	1.33589e+08	1.53515e+08	1.58479e+08	1.96363e+08	2.44653e+08	2.8318e+08	2.77857e+08	2.59647e+08	1.87588e+08	1.36255e+08	1.41345e+08	1.3497e+08	9.50515e+07	1.36502e+08	1.28716e+08	1.58534e+08	1.96546e+08	1.97038e+08	1.63969e+08	1.77837e+08	1.62288e+08	1.93448e+08	1.47891e+08	1.8707e+08	1.84789e+08	2.04973e+08	2.17738e+08	1.71748e+08	1.90169e+08	1.87243e+08	1.92218e+08	1.97158e+08	1.85425e+08	9.15923e+07	7.83143e+07	7.86731e+07	8.43936e+07	9.81838e+07	7.76197e+07	1.04067e+08	1.26852e+08	1.04238e+08	1.08213e+08	1.0578e+08	1.29065e+08	1.58997e+08	1.62448e+08	2.12609e+08	1.65358e+08	2.15595e+08	1.69633e+08	9.73411e+07	9.37156e+07	9.76986e+07	8.75017e+07	1.15493e+08	1.13503e+08	1.55347e+08	1.55699e+08	1.53255e+08	1.76717e+08	1.44006e+08	1.907e+08	1.11897e+08	1.31066e+08	1.40115e+08	1.07293e+08	1.03136e+08	1.40903e+08	1.00662e+08	1.04529e+08	9.57333e+07	8.13053e+07	1.17292e+08	1.02959e+08	1.09722e+08	1.59152e+08	1.32779e+08	1.35376e+08	1.48522e+08	1.3555e+08
ERR613215	2.28727e+08	2.14425e+08	2.32347e+08	2.15899e+08	2.36188e+08	2.48081e+08	2.98669e+08	3.03531e+08	3.29139e+08	3.00366e+08	2.9487e+08	2.92353e+08	2.38112e+08	2.73982e+08	2.74393e+08	2.05159e+08	2.37794e+08	2.45051e+08	2.7948e+08	3.57492e+08	2.77857e+08	5.5157e+08	3.8156e+08	2.65682e+08	2.11099e+08	2.19431e+08	2.0889e+08	1.45521e+08	2.11375e+08	1.9895e+08	2.48559e+08	3.09337e+08	3.08998e+08	2.57714e+08	2.7869e+08	2.54927e+08	2.81797e+08	2.12612e+08	2.71923e+08	2.68526e+08	3.01035e+08	3.2096e+08	2.66102e+08	2.95173e+08	2.91322e+08	2.98347e+08	3.06381e+08	2.8761e+08	1.44396e+08	1.22603e+08	1.2323e+08	1.32461e+08	1.54701e+08	1.21566e+08	1.63724e+08	2.00921e+08	1.63877e+08	1.70753e+08	1.66309e+08	2.0445e+08	2.26107e+08	2.32889e+08	3.11146e+08	2.37333e+08	3.1598e+08	2.44255e+08	1.53841e+08	1.47566e+08	1.54276e+08	1.37961e+08	1.82967e+08	1.79779e+08	2.30678e+08	2.31032e+08	2.27253e+08	2.63552e+08	2.1257e+08	2.86298e+08	1.76813e+08	2.06781e+08	2.21822e+08	1.69736e+08	1.62862e+08	2.22765e+08	1.59347e+08	1.66279e+08	1.51558e+08	1.28087e+08	1.86885e+08	1.63177e+08	1.55795e+08	2.3322e+08	1.92542e+08	1.95827e+08	2.16247e+08	1.9685e+08
ERR613216	2.11872e+08	1.9773e+08	2.14464e+08	1.99316e+08	2.18423e+08	2.29287e+08	2.78027e+08	2.82294e+08	3.05939e+08	2.80206e+08	2.75023e+08	2.71784e+08	2.18674e+08	2.5193e+08	2.52222e+08	1.89373e+08	2.1858e+08	2.2558e+08	2.6129e+08	3.32912e+08	2.59647e+08	3.8156e+08	4.83153e+08	2.48673e+08	1.94591e+08	2.02196e+08	1.92716e+08	1.34903e+08	1.94901e+08	1.83522e+08	2.28106e+08	2.83644e+08	2.83661e+08	2.36158e+08	2.55978e+08	2.3366e+08	2.62825e+08	1.98534e+08	2.53759e+08	2.50626e+08	2.80112e+08	2.98629e+08	2.45529e+08	2.72409e+08	2.6858e+08	2.75259e+08	2.82536e+08	2.65445e+08	1.32825e+08	1.13155e+08	1.13791e+08	1.22281e+08	1.42325e+08	1.1226e+08	1.50753e+08	1.84293e+08	1.50995e+08	1.56812e+08	1.5305e+08	1.87525e+08	2.12038e+08	2.17873e+08	2.89838e+08	2.21846e+08	2.94182e+08	2.28149e+08	1.40957e+08	1.35648e+08	1.41655e+08	1.26645e+08	1.67488e+08	1.64678e+08	2.13892e+08	2.14421e+08	2.10714e+08	2.44446e+08	1.97534e+08	2.64729e+08	1.62058e+08	1.89911e+08	2.03327e+08	1.55491e+08	1.49374e+08	2.04516e+08	1.45828e+08	1.51736e+08	1.38686e+08	1.17459e+08	1.70399e+08	1.49133e+08	1.4591e+08	2.17218e+08	1.79348e+08	1.82888e+08	2.01782e+08	1.83427e+08
ERR613218	1.45499e+08	1.34898e+08	1.46267e+08	1.36327e+08	1.49806e+08	1.56875e+08	1.95024e+08	1.97766e+08	2.13174e+08	1.97174e+08	1.9345e+08	1.90519e+08	1.45182e+08	1.66963e+08	1.66995e+08	1.26563e+08	1.45175e+08	1.49889e+08	1.88759e+08	2.34538e+08	1.87588e+08	2.65682e+08	2.48673e+08	2.63786e+08	1.29457e+08	1.342e+08	1.28237e+08	9.06398e+07	1.29679e+08	1.22332e+08	1.4994e+08	1.85709e+08	1.86204e+08	1.54837e+08	1.68154e+08	1.53252e+08	1.85845e+08	1.42335e+08	1.79838e+08	1.77791e+08	1.96495e+08	2.08657e+08	1.63e+08	1.80599e+08	1.77525e+08	1.82373e+08	1.87148e+08	1.76005e+08	8.70754e+07	7.44812e+07	7.49671e+07	8.03222e+07	9.31447e+07	7.38845e+07	9.87987e+07	1.2004e+08	9.89274e+07	1.02552e+08	1.00405e+08	1.22194e+08	1.53291e+08	1.56188e+08	2.03772e+08	1.59035e+08	2.06743e+08	1.63025e+08	9.21188e+07	8.88837e+07	9.25116e+07	8.28355e+07	1.09276e+08	1.07422e+08	1.48711e+08	1.49048e+08	1.46562e+08	1.68995e+08	1.3797e+08	1.82054e+08	1.05856e+08	1.24075e+08	1.32644e+08	1.01529e+08	9.75515e+07	1.333e+08	9.52192e+07	9.87872e+07	9.05121e+07	7.69882e+07	1.10664e+08	9.72495e+07	1.05773e+08	1.52623e+08	1.2739e+08	1.30088e+08	1.42733e+08	1.3009e+08
ERR608742	2.03051e+08	1.88647e+08	2.04045e+08	1.88367e+08	2.08542e+08	2.1925e+08	2.12205e+08	2.15993e+08	2.34982e+08	2.15713e+08	2.11181e+08	2.05798e+08	2.09285e+08	2.4193e+08	2.42137e+08	1.84585e+08	2.09428e+08	2.17524e+08	1.3682e+08	1.81245e+08	1.36255e+08	2.11099e+08	1.94591e+08	1.29457e+08	3.55103e+08	2.43892e+08	2.34676e+08	1.68982e+08	2.37687e+08	2.23698e+08	2.28817e+08	2.83704e+08	2.86359e+08	2.35405e+08	2.58052e+08	2.33906e+08	2.14702e+08	1.56848e+08	2.06447e+08	2.03783e+08	2.30503e+08	2.46253e+08	2.47963e+08	2.74781e+08	2.68726e+08	2.77505e+08	2.84274e+08	2.67362e+08	1.25802e+08	1.08389e+08	1.09302e+08	1.17419e+08	1.34568e+08	1.07438e+08	1.32094e+08	1.59544e+08	1.32425e+08	1.36649e+08	1.34223e+08	1.62288e+08	1.33906e+08	1.38911e+08	1.89607e+08	1.41125e+08	1.92989e+08	1.45151e+08	1.22732e+08	1.19324e+08	1.23197e+08	1.1028e+08	1.45915e+08	1.43449e+08	1.51553e+08	1.51959e+08	1.48783e+08	1.76949e+08	1.38878e+08	1.91763e+08	1.44697e+08	1.71002e+08	1.82008e+08	1.38149e+08	1.3273e+08	1.83247e+08	1.33378e+08	1.36784e+08	1.26764e+08	1.07256e+08	1.53475e+08	1.36334e+08	9.6034e+07	1.52859e+08	1.21754e+08	1.25795e+08	1.41173e+08	1.25077e+08
ERR608741	2.10099e+08	1.95267e+08	2.113e+08	1.95097e+08	2.15785e+08	2.26964e+08	2.19832e+08	2.23743e+08	2.43403e+08	2.23244e+08	2.18539e+08	2.13316e+08	2.16735e+08	2.50488e+08	2.50757e+08	1.90857e+08	2.16762e+08	2.25024e+08	1.41853e+08	1.88221e+08	1.41345e+08	2.19431e+08	2.02196e+08	1.342e+08	2.43892e+08	3.76082e+08	2.41346e+08	1.74843e+08	2.44467e+08	2.31753e+08	2.37009e+08	2.9394e+08	2.9654e+08	2.44209e+08	2.67294e+08	2.42254e+08	2.21898e+08	1.62225e+08	2.13417e+08	2.10476e+08	2.38452e+08	2.54888e+08	2.56481e+08	2.84011e+08	2.78232e+08	2.86923e+08	2.93987e+08	2.76566e+08	1.30615e+08	1.1252e+08	1.13415e+08	1.21802e+08	1.39904e+08	1.11527e+08	1.37132e+08	1.65977e+08	1.37604e+08	1.41881e+08	1.39358e+08	1.68684e+08	1.38577e+08	1.4388e+08	1.96605e+08	1.46243e+08	2.00452e+08	1.50582e+08	1.27643e+08	1.24037e+08	1.28036e+08	1.14611e+08	1.51764e+08	1.49112e+08	1.57653e+08	1.58031e+08	1.54794e+08	1.83894e+08	1.44533e+08	1.99528e+08	1.50434e+08	1.77703e+08	1.89318e+08	1.43645e+08	1.38099e+08	1.90401e+08	1.38734e+08	1.42284e+08	1.31786e+08	1.11378e+08	1.59822e+08	1.41629e+08	9.96698e+07	1.58699e+08	1.26465e+08	1.30662e+08	1.46605e+08	1.30049e+08
ERR608743	2.01247e+08	1.86678e+08	2.02033e+08	1.86491e+08	2.06501e+08	2.1718e+08	2.10722e+08	2.14549e+08	2.33251e+08	2.14313e+08	2.09893e+08	2.04138e+08	2.06921e+08	2.39466e+08	2.39633e+08	1.82863e+08	2.07072e+08	2.15075e+08	1.35635e+08	1.79543e+08	1.3497e+08	2.0889e+08	1.92716e+08	1.28237e+08	2.34676e+08	2.41346e+08	3.49753e+08	1.67541e+08	2.35476e+08	2.21569e+08	2.26279e+08	2.80596e+08	2.83409e+08	2.3267e+08	2.5526e+08	2.31008e+08	2.1307e+08	1.5554e+08	2.05067e+08	2.02301e+08	2.28796e+08	2.44405e+08	2.45453e+08	2.71859e+08	2.66066e+08	2.74618e+08	2.81221e+08	2.64647e+08	1.24978e+08	1.07897e+08	1.08706e+08	1.16754e+08	1.33742e+08	1.06936e+08	1.31141e+08	1.58477e+08	1.31605e+08	1.35623e+08	1.33277e+08	1.60942e+08	1.32652e+08	1.37666e+08	1.87747e+08	1.39796e+08	1.91235e+08	1.43824e+08	1.21783e+08	1.18423e+08	1.22171e+08	1.09472e+08	1.44725e+08	1.4219e+08	1.50334e+08	1.50733e+08	1.47683e+08	1.75613e+08	1.37946e+08	1.90214e+08	1.43643e+08	1.69806e+08	1.80755e+08	1.37149e+08	1.31753e+08	1.81888e+08	1.32412e+08	1.35668e+08	1.25941e+08	1.0642e+08	1.52288e+08	1.35265e+08	9.54453e+07	1.51759e+08	1.20889e+08	1.24945e+08	1.4023e+08	1.2412e+08
ERR608739	1.44142e+08	1.32814e+08	1.43855e+08	1.32856e+08	1.47795e+08	1.552e+08	1.49813e+08	1.52499e+08	1.65441e+08	1.53429e+08	1.50047e+08	1.44819e+08	1.4659e+08	1.69697e+08	1.69732e+08	1.30766e+08	1.46688e+08	1.52763e+08	9.55714e+07	1.25917e+08	9.50515e+07	1.45521e+08	1.34903e+08	9.06398e+07	1.68982e+08	1.74843e+08	1.67541e+08	2.06434e+08	1.69655e+08	1.61332e+08	1.61301e+08	1.99499e+08	2.0226e+08	1.65342e+08	1.82244e+08	1.64335e+08	1.53616e+08	1.12029e+08	1.47905e+08	1.45958e+08	1.64002e+08	1.7506e+08	1.76856e+08	1.9559e+08	1.9076e+08	1.97664e+08	2.02276e+08	1.90342e+08	8.91299e+07	7.73455e+07	7.79945e+07	8.36634e+07	9.52766e+07	7.67045e+07	9.29167e+07	1.11145e+08	9.31463e+07	9.56055e+07	9.45198e+07	1.12967e+08	9.53793e+07	9.78296e+07	1.32933e+08	9.95107e+07	1.35283e+08	1.02225e+08	8.52335e+07	8.33871e+07	8.55364e+07	7.68203e+07	1.01125e+08	9.93675e+07	1.05308e+08	1.05617e+08	1.03371e+08	1.23404e+08	9.67126e+07	1.32966e+08	1.00991e+08	1.19848e+08	1.27178e+08	9.6317e+07	9.26615e+07	1.28002e+08	9.28109e+07	9.46537e+07	8.816e+07	7.48988e+07	1.05832e+08	9.46764e+07	6.77369e+07	1.07034e+08	8.49252e+07	8.84883e+07	9.92822e+07	8.72844e+07
ERR608744	2.03865e+08	1.88978e+08	2.0451e+08	1.88879e+08	2.09145e+08	2.19894e+08	2.13204e+08	2.17123e+08	2.36081e+08	2.16936e+08	2.12397e+08	2.06604e+08	2.0927e+08	2.42145e+08	2.4236e+08	1.84906e+08	2.09537e+08	2.17527e+08	1.37068e+08	1.81638e+08	1.36502e+08	2.11375e+08	1.94901e+08	1.29679e+08	2.37687e+08	2.44467e+08	2.35476e+08	1.69655e+08	3.57359e+08	2.24433e+08	2.29439e+08	2.84378e+08	2.87123e+08	2.36007e+08	2.58719e+08	2.34264e+08	2.15651e+08	1.57474e+08	2.07483e+08	2.04888e+08	2.31641e+08	2.47501e+08	2.48933e+08	2.75597e+08	2.69789e+08	2.78447e+08	2.85294e+08	2.68312e+08	1.26825e+08	1.09372e+08	1.1023e+08	1.18488e+08	1.35706e+08	1.08419e+08	1.32713e+08	1.60313e+08	1.33134e+08	1.3724e+08	1.34874e+08	1.62978e+08	1.34483e+08	1.39485e+08	1.9037e+08	1.4174e+08	1.93797e+08	1.457e+08	1.23233e+08	1.19843e+08	1.23683e+08	1.10776e+08	1.46332e+08	1.43891e+08	1.52227e+08	1.52644e+08	1.49443e+08	1.77788e+08	1.39571e+08	1.92531e+08	1.45426e+08	1.71768e+08	1.82997e+08	1.3882e+08	1.33416e+08	1.8408e+08	1.34159e+08	1.37419e+08	1.27464e+08	1.07787e+08	1.54171e+08	1.36883e+08	9.65379e+07	1.53616e+08	1.22447e+08	1.26528e+08	1.41948e+08	1.25701e+08
ERR608740	1.92285e+08	1.78127e+08	1.92819e+08	1.77988e+08	1.97275e+08	2.07306e+08	2.00513e+08	2.04048e+08	2.21942e+08	2.04068e+08	1.99758e+08	1.94311e+08	1.97283e+08	2.28131e+08	2.28397e+08	1.7441e+08	1.97478e+08	2.05113e+08	1.29236e+08	1.70975e+08	1.28716e+08	1.9895e+08	1.83522e+08	1.22332e+08	2.23698e+08	2.31753e+08	2.21569e+08	1.61332e+08	2.24433e+08	3.24455e+08	2.16251e+08	2.67705e+08	2.70479e+08	2.22265e+08	2.43849e+08	2.20688e+08	2.03262e+08	1.48443e+08	1.95571e+08	1.92995e+08	2.18141e+08	2.32939e+08	2.3473e+08	2.59969e+08	2.54429e+08	2.62468e+08	2.69023e+08	2.5311e+08	1.19023e+08	1.02769e+08	1.03599e+08	1.1124e+08	1.27448e+08	1.01869e+08	1.24662e+08	1.50476e+08	1.25079e+08	1.28921e+08	1.26752e+08	1.52985e+08	1.26777e+08	1.31222e+08	1.78911e+08	1.33426e+08	1.82301e+08	1.3726e+08	1.15664e+08	1.12578e+08	1.16048e+08	1.03952e+08	1.37424e+08	1.35063e+08	1.42668e+08	1.43095e+08	1.4017e+08	1.66716e+08	1.30907e+08	1.80598e+08	1.36457e+08	1.61297e+08	1.71599e+08	1.3027e+08	1.25148e+08	1.72747e+08	1.2578e+08	1.28897e+08	1.1958e+08	1.01235e+08	1.44598e+08	1.28426e+08	9.07609e+07	1.44313e+08	1.14827e+08	1.1883e+08	1.33306e+08	1.17993e+08
ERR607266	2.19782e+08	2.05858e+08	2.22625e+08	2.05783e+08	2.26351e+08	2.38313e+08	2.43114e+08	2.47644e+08	2.69747e+08	2.45858e+08	2.41079e+08	2.3654e+08	2.38058e+08	2.74971e+08	2.75559e+08	2.07693e+08	2.38009e+08	2.463e+08	1.59163e+08	2.11959e+08	1.58534e+08	2.48559e+08	2.28106e+08	1.4994e+08	2.28817e+08	2.37009e+08	2.26279e+08	1.61301e+08	2.29439e+08	2.16251e+08	4.3808e+08	3.71227e+08	3.72527e+08	3.10184e+08	3.3662e+08	3.07228e+08	2.30512e+08	1.68351e+08	2.21176e+08	2.18601e+08	2.49207e+08	2.66636e+08	2.76067e+08	3.06315e+08	3.01041e+08	3.09629e+08	3.1738e+08	2.97798e+08	1.4468e+08	1.24044e+08	1.25006e+08	1.34163e+08	1.55074e+08	1.22995e+08	1.57533e+08	1.91662e+08	1.57938e+08	1.63646e+08	1.60015e+08	1.94983e+08	1.61684e+08	1.69248e+08	2.30936e+08	1.7205e+08	2.35197e+08	1.77202e+08	1.47723e+08	1.42537e+08	1.48285e+08	1.32461e+08	1.75866e+08	1.72958e+08	1.83742e+08	1.84017e+08	1.80422e+08	2.13413e+08	1.68074e+08	2.32599e+08	1.7489e+08	2.05998e+08	2.19948e+08	1.67365e+08	1.60853e+08	2.21172e+08	1.60156e+08	1.65458e+08	1.52354e+08	1.28468e+08	1.86141e+08	1.6363e+08	1.1509e+08	1.83477e+08	1.47034e+08	1.5079e+08	1.69058e+08	1.51021e+08
ERR607264	2.74269e+08	2.56756e+08	2.77858e+08	2.56581e+08	2.82554e+08	2.97483e+08	3.03099e+08	3.08866e+08	3.3647e+08	3.06526e+08	3.00478e+08	2.94679e+08	2.96485e+08	3.42681e+08	3.4359e+08	2.58434e+08	2.96398e+08	3.06836e+08	1.97428e+08	2.63354e+08	1.96546e+08	3.09337e+08	2.83644e+08	1.85709e+08	2.83704e+08	2.9394e+08	2.80596e+08	1.99499e+08	2.84378e+08	2.67705e+08	3.71227e+08	6.36343e+08	4.64618e+08	3.83978e+08	4.18856e+08	3.80299e+08	2.8787e+08	2.10322e+08	2.76412e+08	2.73018e+08	3.11513e+08	3.3334e+08	3.42056e+08	3.80179e+08	3.73623e+08	3.84176e+08	3.94058e+08	3.69591e+08	1.81969e+08	1.55899e+08	1.57081e+08	1.68691e+08	1.95102e+08	1.54477e+08	1.98689e+08	2.41731e+08	1.99195e+08	2.06295e+08	2.01821e+08	2.4596e+08	2.00088e+08	2.09543e+08	2.86809e+08	2.12973e+08	2.92244e+08	2.19382e+08	1.85943e+08	1.79568e+08	1.86622e+08	1.66761e+08	2.21458e+08	2.17734e+08	2.31448e+08	2.31833e+08	2.27358e+08	2.69049e+08	2.11806e+08	2.93097e+08	2.20348e+08	2.59656e+08	2.77106e+08	2.10828e+08	2.02641e+08	2.78693e+08	2.01183e+08	2.07877e+08	1.91467e+08	1.61433e+08	2.3385e+08	2.05671e+08	1.45014e+08	2.31339e+08	1.85476e+08	1.90002e+08	2.13145e+08	1.90298e+08
ERR607265	2.7677e+08	2.58048e+08	2.79462e+08	2.58087e+08	2.8476e+08	2.99699e+08	3.05092e+08	3.11108e+08	3.38513e+08	3.09508e+08	3.03143e+08	2.96357e+08	2.97315e+08	3.44388e+08	3.4509e+08	2.60244e+08	2.97573e+08	3.08402e+08	1.97597e+08	2.63622e+08	1.97038e+08	3.08998e+08	2.83661e+08	1.86204e+08	2.86359e+08	2.9654e+08	2.83409e+08	2.0226e+08	2.87123e+08	2.70479e+08	3.72527e+08	4.64618e+08	6.42651e+08	3.84802e+08	4.21192e+08	3.81309e+08	2.91323e+08	2.12354e+08	2.79625e+08	2.76321e+08	3.14554e+08	3.36651e+08	3.44843e+08	3.83421e+08	3.76089e+08	3.87489e+08	3.97487e+08	3.72676e+08	1.83955e+08	1.58111e+08	1.59363e+08	1.71047e+08	1.97102e+08	1.56674e+08	2.00763e+08	2.4342e+08	2.01452e+08	2.08177e+08	2.04094e+08	2.47896e+08	2.01697e+08	2.10504e+08	2.88032e+08	2.13971e+08	2.93301e+08	2.20375e+08	1.87035e+08	1.80936e+08	1.87741e+08	1.6772e+08	2.22519e+08	2.1869e+08	2.32814e+08	2.33282e+08	2.28714e+08	2.70927e+08	2.13224e+08	2.94584e+08	2.22348e+08	2.62335e+08	2.79416e+08	2.12525e+08	2.0438e+08	2.81058e+08	2.02008e+08	2.08337e+08	1.92204e+08	1.62216e+08	2.33918e+08	2.065e+08	1.46751e+08	2.33577e+08	1.86911e+08	1.92202e+08	2.15629e+08	1.92021e+08
