	ERR605689	ERR605691	ERR605693	ERR605692	ERR605690	ERR605694	ERR608871	ERR608872	ERR608875	ERR608873	ERR608876	ERR608874	ERR617026	ERR617023	ERR617022	ERR617024	ERR617025	ERR617021	ERR636667	ERR636669	ERR636668	ERR636672	ERR636670	ERR636671	ERR612254	ERR612251	ERR612252	ERR612253	ERR612255	ERR612256	ERR605270	ERR605267	ERR605269	ERR605268	ERR605266	ERR605265	ERR636729	ERR636728	ERR636730	ERR636732	ERR636727	ERR636731	ERR608837	ERR608839	ERR608836	ERR608838	ERR608840	ERR608835	ERR638175	ERR638174	ERR638173	ERR638176	ERR638172	ERR638171	ERR618521	ERR618524	ERR618523	ERR618520	ERR618519	ERR618522	ERR617330	ERR617329	ERR617326	ERR617327	ERR617325	ERR617328	ERR612191	ERR612192	ERR612195	ERR612194	ERR612193	ERR612196	ERR626676	ERR626679	ERR626675	ERR626677	ERR626678	ERR626674	ERR608823	ERR608825	ERR608828	ERR608826	ERR608827	ERR608824	ERR629896	ERR629893	ERR629897	ERR629895	ERR629892	ERR629894	ERR612992	ERR612991	ERR612988	ERR612989	ERR612987	ERR612990
ERR605689	7.55795e+09	6.79736e+09	5.433e+09	6.36781e+09	6.97712e+09	5.61808e+09	4.82407e+09	6.1688e+09	5.32033e+09	6.54346e+09	5.24617e+09	5.38693e+09	6.1428e+09	6.86751e+09	6.73803e+09	6.15682e+09	6.07782e+09	6.52734e+09	7.04965e+09	7.45217e+09	7.53927e+09	6.76349e+09	6.83707e+09	6.73897e+09	6.82049e+09	7.05414e+09	6.82188e+09	6.848e+09	5.9259e+09	6.63381e+09	6.48019e+09	5.2615e+09	6.31318e+09	6.28345e+09	6.85578e+09	7.13189e+09	6.62295e+09	6.62913e+09	6.40347e+09	6.49333e+09	6.31909e+09	6.42977e+09	7.84917e+09	6.5023e+09	7.85963e+09	6.47735e+09	6.55504e+09	7.57686e+09	6.61009e+09	6.59834e+09	5.3063e+09	6.28265e+09	5.45052e+09	5.35651e+09	5.61372e+09	5.3366e+09	5.33607e+09	5.51982e+09	5.87754e+09	5.63534e+09	6.48055e+09	6.4557e+09	5.83527e+09	5.86098e+09	5.77032e+09	6.48126e+09	6.74013e+09	6.5208e+09	5.77505e+09	6.51618e+09	6.54012e+09	6.37802e+09	5.39999e+09	6.2637e+09	6.30522e+09	6.23725e+09	6.25596e+09	6.70608e+09	4.47946e+09	6.42189e+09	6.12527e+09	6.13406e+09	6.11069e+09	6.11204e+09	6.59044e+09	6.40696e+09	6.57519e+09	6.84762e+09	5.7061e+09	5.82899e+09	6.98197e+09	7.11323e+09	6.4348e+09	6.34098e+09	6.44689e+09	7.04401e+09
ERR605691	6.79736e+09	6.56157e+09	5.11088e+09	5.95406e+09	6.49935e+09	5.27854e+09	4.54445e+09	5.77268e+09	4.9995e+09	6.11061e+09	4.93146e+09	5.06055e+09	5.75007e+09	6.39945e+09	6.28471e+09	5.7628e+09	5.69062e+09	6.09603e+09	6.57226e+09	6.93299e+09	7.00852e+09	6.31628e+09	6.38179e+09	6.29325e+09	6.35861e+09	6.56556e+09	6.35958e+09	6.38276e+09	5.54786e+09	6.18898e+09	6.06244e+09	4.94796e+09	5.91023e+09	5.88432e+09	6.39945e+09	6.64784e+09	6.18624e+09	6.19063e+09	5.98539e+09	6.0667e+09	5.90899e+09	6.00932e+09	7.28949e+09	6.07673e+09	7.29686e+09	6.05448e+09	6.12537e+09	7.04749e+09	6.17165e+09	6.1606e+09	4.98774e+09	5.87669e+09	5.12022e+09	5.03373e+09	5.26275e+09	5.00696e+09	5.00602e+09	5.17748e+09	5.50254e+09	5.28098e+09	6.0408e+09	6.01962e+09	5.45836e+09	5.48165e+09	5.40108e+09	6.04255e+09	6.29199e+09	6.09491e+09	5.41482e+09	6.09015e+09	6.11171e+09	5.96438e+09	5.07269e+09	5.85427e+09	5.89354e+09	5.83083e+09	5.84763e+09	6.25519e+09	4.22568e+09	6.00072e+09	5.73188e+09	5.74026e+09	5.71899e+09	5.72093e+09	6.14063e+09	5.96946e+09	6.12703e+09	6.37137e+09	5.33813e+09	5.44805e+09	6.48642e+09	6.60358e+09	5.99758e+09	5.91265e+09	6.00708e+09	6.54261e+09
ERR605693	5.433e+09	5.11088e+09	4.38763e+09	4.82726e+09	5.22433e+09	4.35406e+09	3.77595e+09	4.69735e+09	4.11895e+09	4.94073e+09	4.06723e+09	4.16462e+09	4.6925e+09	5.14769e+09	5.06425e+09	4.69845e+09	4.64681e+09	4.93663e+09	5.28408e+09	5.54709e+09	5.59522e+09	5.10251e+09	5.14925e+09	5.08471e+09	5.11738e+09	5.26692e+09	5.12164e+09	5.137e+09	4.51921e+09	4.99336e+09	4.92993e+09	4.08474e+09	4.8171e+09	4.79792e+09	5.17353e+09	5.35233e+09	4.99937e+09	4.99735e+09	4.84976e+09	4.90821e+09	4.79184e+09	4.86698e+09	5.80118e+09	4.91391e+09	5.80261e+09	4.89741e+09	4.94952e+09	5.62841e+09	4.98483e+09	4.97771e+09	4.10612e+09	4.7818e+09	4.20613e+09	4.14182e+09	4.29996e+09	4.09827e+09	4.09788e+09	4.23717e+09	4.48113e+09	4.30937e+09	4.86369e+09	4.84824e+09	4.43298e+09	4.45144e+09	4.39891e+09	4.86544e+09	5.07554e+09	4.9337e+09	4.42234e+09	4.92784e+09	4.94563e+09	4.83433e+09	4.17246e+09	4.74378e+09	4.77598e+09	4.72623e+09	4.73852e+09	5.03894e+09	3.51617e+09	4.8523e+09	4.65971e+09	4.66507e+09	4.64989e+09	4.65143e+09	4.93772e+09	4.79714e+09	4.92761e+09	5.10624e+09	4.33534e+09	4.41179e+09	5.18053e+09	5.26313e+09	4.82404e+09	4.76017e+09	4.82758e+09	5.22022e+09
ERR605692	6.36781e+09	5.95406e+09	4.82726e+09	5.80519e+09	6.0974e+09	4.98285e+09	4.2773e+09	5.41233e+09	4.71002e+09	5.72261e+09	4.64751e+09	4.76539e+09	5.38904e+09	5.99155e+09	5.88612e+09	5.40311e+09	5.33785e+09	5.7092e+09	6.13597e+09	6.46348e+09	6.53571e+09	5.89835e+09	5.9585e+09	5.87802e+09	5.94192e+09	6.13203e+09	5.93958e+09	5.96344e+09	5.20329e+09	5.78828e+09	5.66024e+09	4.64504e+09	5.52165e+09	5.49719e+09	5.97308e+09	6.19952e+09	5.77242e+09	5.78018e+09	5.59015e+09	5.66547e+09	5.51991e+09	5.61243e+09	6.78664e+09	5.69691e+09	6.79565e+09	5.67673e+09	5.74128e+09	6.56655e+09	5.76871e+09	5.75884e+09	4.69052e+09	5.49317e+09	4.81025e+09	4.73067e+09	4.9497e+09	4.7196e+09	4.71893e+09	4.86917e+09	5.17068e+09	4.97186e+09	5.67667e+09	5.65659e+09	5.14208e+09	5.16396e+09	5.08487e+09	5.67768e+09	5.86217e+09	5.67798e+09	5.05899e+09	5.67604e+09	5.69571e+09	5.5623e+09	4.7653e+09	5.4883e+09	5.52125e+09	5.46717e+09	5.48234e+09	5.85002e+09	3.98041e+09	5.62258e+09	5.3769e+09	5.38459e+09	5.36468e+09	5.36502e+09	5.75968e+09	5.61183e+09	5.74655e+09	5.96838e+09	5.03369e+09	5.13806e+09	6.08016e+09	6.18792e+09	5.6329e+09	5.55654e+09	5.64281e+09	6.13057e+09
ERR605690	6.97712e+09	6.49935e+09	5.22433e+09	6.0974e+09	6.89449e+09	5.39786e+09	4.64058e+09	5.90845e+09	5.10941e+09	6.25841e+09	5.0393e+09	5.17264e+09	5.88699e+09	6.56037e+09	6.43963e+09	5.89973e+09	5.82535e+09	6.24507e+09	6.73379e+09	7.10966e+09	7.18837e+09	6.46729e+09	6.53545e+09	6.44407e+09	6.51646e+09	6.73325e+09	6.51785e+09	6.54204e+09	5.67719e+09	6.34088e+09	6.2067e+09	5.05593e+09	6.04941e+09	6.02138e+09	6.5593e+09	6.81629e+09	6.3322e+09	6.3361e+09	6.12585e+09	6.20989e+09	6.04575e+09	6.15066e+09	7.47801e+09	6.21945e+09	7.48628e+09	6.19637e+09	6.27007e+09	7.22541e+09	6.32103e+09	6.31067e+09	5.09713e+09	6.01837e+09	5.23326e+09	5.14449e+09	5.38298e+09	5.11992e+09	5.11888e+09	5.29539e+09	5.6318e+09	5.40226e+09	6.19167e+09	6.16906e+09	5.58749e+09	5.61229e+09	5.52877e+09	6.19252e+09	6.44496e+09	6.23997e+09	5.5367e+09	6.23464e+09	6.25793e+09	6.10523e+09	5.18654e+09	5.99485e+09	6.03572e+09	5.97054e+09	5.98839e+09	6.41073e+09	4.31216e+09	6.14438e+09	5.86709e+09	5.8756e+09	5.85357e+09	5.85487e+09	6.29731e+09	6.12065e+09	6.28331e+09	6.53804e+09	5.46578e+09	5.57952e+09	6.66019e+09	6.78195e+09	6.15079e+09	6.06269e+09	6.16032e+09	6.71748e+09
ERR605694	5.61808e+09	5.27854e+09	4.35406e+09	4.98285e+09	5.39786e+09	4.64754e+09	3.88179e+09	4.84551e+09	4.24137e+09	5.1006e+09	4.18776e+09	4.28928e+09	4.83844e+09	5.31852e+09	5.23138e+09	4.84556e+09	4.79165e+09	5.09499e+09	5.45989e+09	5.73548e+09	5.78639e+09	5.26851e+09	5.31794e+09	5.25008e+09	5.28728e+09	5.44408e+09	5.29083e+09	5.30731e+09	4.66088e+09	5.1567e+09	5.08482e+09	4.20358e+09	4.96646e+09	4.94583e+09	5.34061e+09	5.52883e+09	5.16141e+09	5.16021e+09	5.00529e+09	5.06709e+09	4.9449e+09	5.02407e+09	6.00088e+09	5.0727e+09	6.00294e+09	5.05527e+09	5.10967e+09	5.81927e+09	5.14465e+09	5.13669e+09	4.22611e+09	4.93001e+09	4.32987e+09	4.26295e+09	4.42981e+09	4.22094e+09	4.22127e+09	4.36423e+09	4.61914e+09	4.44069e+09	5.02197e+09	5.00541e+09	4.57147e+09	4.59099e+09	4.53436e+09	5.02355e+09	5.23856e+09	5.08923e+09	4.55576e+09	5.0837e+09	5.1019e+09	4.98622e+09	4.29559e+09	4.89511e+09	4.92877e+09	4.87697e+09	4.88943e+09	5.20398e+09	3.61183e+09	5.00733e+09	4.80465e+09	4.81047e+09	4.7949e+09	4.7957e+09	5.10116e+09	4.957e+09	5.09066e+09	5.2773e+09	4.47297e+09	4.55286e+09	5.3575e+09	5.4443e+09	4.98318e+09	4.91705e+09	4.98745e+09	5.39923e+09
ERR608871	4.82407e+09	4.54445e+09	3.77595e+09	4.2773e+09	4.64058e+09	3.88179e+09	3.96235e+09	4.6618e+09	4.08311e+09	4.88851e+09	4.0343e+09	4.13083e+09	4.52783e+09	4.92372e+09	4.85162e+09	4.52626e+09	4.47715e+09	4.74526e+09	5.13256e+09	5.3606e+09	5.39217e+09	4.98436e+09	5.02576e+09	4.96942e+09	4.99873e+09	5.1275e+09	5.00489e+09	5.01534e+09	4.41757e+09	4.87669e+09	4.74544e+09	3.92186e+09	4.6375e+09	4.61975e+09	4.9407e+09	5.1067e+09	4.99069e+09	4.97972e+09	4.85475e+09	4.90303e+09	4.80643e+09	4.86663e+09	5.50129e+09	4.64063e+09	5.49438e+09	4.62692e+09	4.67345e+09	5.35238e+09	4.66127e+09	4.65586e+09	3.81593e+09	4.48514e+09	3.91976e+09	3.86153e+09	3.88282e+09	3.67471e+09	3.67506e+09	3.8285e+09	4.04526e+09	3.87391e+09	4.35844e+09	4.34347e+09	3.96427e+09	3.98005e+09	3.94991e+09	4.36153e+09	4.84017e+09	4.72558e+09	4.23777e+09	4.7156e+09	4.7326e+09	4.62821e+09	3.90193e+09	4.41188e+09	4.45444e+09	4.39576e+09	4.40724e+09	4.70613e+09	3.28472e+09	4.48849e+09	4.31149e+09	4.31615e+09	4.30157e+09	4.31005e+09	4.52106e+09	4.35144e+09	4.50789e+09	4.68119e+09	3.9252e+09	3.98134e+09	4.68121e+09	4.75606e+09	4.3561e+09	4.29057e+09	4.35167e+09	4.72395e+09
ERR608872	6.1688e+09	5.77268e+09	4.69735e+09	5.41233e+09	5.90845e+09	4.84551e+09	4.6618e+09	6.07276e+09	5.0703e+09	6.18852e+09	5.00294e+09	5.1339e+09	5.67967e+09	6.26769e+09	6.16309e+09	5.6838e+09	5.61524e+09	6.00098e+09	6.53579e+09	6.85183e+09	6.90769e+09	6.32033e+09	6.37863e+09	6.30028e+09	6.35503e+09	6.54225e+09	6.359e+09	6.3763e+09	5.55471e+09	6.18746e+09	5.97985e+09	4.87109e+09	5.83131e+09	5.80769e+09	6.26816e+09	6.49928e+09	6.31258e+09	6.30742e+09	6.12713e+09	6.19697e+09	6.05829e+09	6.14579e+09	7.05973e+09	5.88769e+09	7.05776e+09	5.86792e+09	5.93206e+09	6.84833e+09	5.89732e+09	5.88866e+09	4.73943e+09	5.63374e+09	4.87539e+09	4.79398e+09	4.86368e+09	4.60237e+09	4.60155e+09	4.78799e+09	5.08503e+09	4.86312e+09	5.54861e+09	5.52735e+09	5.01061e+09	5.03064e+09	4.97539e+09	5.55189e+09	6.13558e+09	5.96757e+09	5.30756e+09	5.95826e+09	5.97919e+09	5.83893e+09	4.85561e+09	5.57934e+09	5.63075e+09	5.5575e+09	5.57316e+09	5.9815e+09	4.02208e+09	5.68096e+09	5.42964e+09	5.43604e+09	5.41671e+09	5.42414e+09	5.77343e+09	5.56637e+09	5.75735e+09	5.99498e+09	4.9737e+09	5.06048e+09	6.0213e+09	6.12774e+09	5.57109e+09	5.48377e+09	5.57027e+09	6.0793e+09
ERR608875	5.32033e+09	4.9995e+09	4.11895e+09	4.71002e+09	5.10941e+09	4.24137e+09	4.08311e+09	5.0703e+09	4.60407e+09	5.33238e+09	4.37895e+09	4.48596e+09	4.91513e+09	5.39513e+09	5.30987e+09	4.92026e+09	4.86426e+09	5.17627e+09	5.5951e+09	5.85114e+09	5.89786e+09	5.41894e+09	5.46625e+09	5.40252e+09	5.45594e+09	5.60721e+09	5.45774e+09	5.47235e+09	4.80732e+09	5.32073e+09	5.14127e+09	4.24025e+09	5.02161e+09	5.00205e+09	5.37832e+09	5.56502e+09	5.41143e+09	5.40869e+09	5.26106e+09	5.31861e+09	5.20473e+09	5.27626e+09	6.01859e+09	5.07968e+09	6.01774e+09	5.06338e+09	5.11601e+09	5.84749e+09	5.07882e+09	5.07082e+09	4.1384e+09	4.86101e+09	4.24855e+09	4.18137e+09	4.24182e+09	4.0261e+09	4.02622e+09	4.17794e+09	4.42673e+09	4.24502e+09	4.81138e+09	4.79453e+09	4.36705e+09	4.38486e+09	4.3371e+09	4.81396e+09	5.25697e+09	5.11796e+09	4.57962e+09	5.11198e+09	5.12819e+09	5.01468e+09	4.229e+09	4.82322e+09	4.8638e+09	4.80555e+09	4.81862e+09	5.14722e+09	3.52917e+09	4.90973e+09	4.70546e+09	4.71067e+09	4.69486e+09	4.69944e+09	4.98942e+09	4.82425e+09	4.97598e+09	5.16791e+09	4.33944e+09	4.41205e+09	5.19272e+09	5.28069e+09	4.82511e+09	4.75367e+09	4.82479e+09	5.24015e+09
ERR608873	6.54346e+09	6.11061e+09	4.94073e+09	5.72261e+09	6.25841e+09	5.1006e+09	4.88851e+09	6.18852e+09	5.33238e+09	6.77365e+09	5.25966e+09	5.401e+09	5.98999e+09	6.63946e+09	6.52431e+09	5.99583e+09	5.92068e+09	6.34432e+09	6.92686e+09	7.27006e+09	7.3351e+09	6.68921e+09	6.75355e+09	6.66834e+09	6.73197e+09	6.93751e+09	6.73525e+09	6.75383e+09	5.86507e+09	6.55079e+09	6.31729e+09	5.12659e+09	6.15718e+09	6.13103e+09	6.63465e+09	6.88584e+09	6.67892e+09	6.67657e+09	6.47878e+09	6.55541e+09	6.40454e+09	6.49938e+09	7.50043e+09	6.23079e+09	7.50113e+09	6.20954e+09	6.28001e+09	7.26964e+09	6.23735e+09	6.22758e+09	4.98728e+09	5.9459e+09	5.13205e+09	5.04477e+09	5.12847e+09	4.85232e+09	4.85137e+09	5.04647e+09	5.36704e+09	5.13131e+09	5.87773e+09	5.85411e+09	5.29543e+09	5.31719e+09	5.25326e+09	5.88071e+09	6.49593e+09	6.31151e+09	5.6006e+09	6.30264e+09	6.32374e+09	6.17336e+09	5.11197e+09	5.89928e+09	5.9533e+09	5.87546e+09	5.8932e+09	6.33479e+09	4.21838e+09	6.00736e+09	5.73289e+09	5.74041e+09	5.71951e+09	5.72637e+09	6.12368e+09	5.90664e+09	6.10595e+09	6.36397e+09	5.26242e+09	5.35937e+09	6.39874e+09	6.51636e+09	5.91048e+09	5.81625e+09	5.91122e+09	6.46229e+09
ERR608876	5.24617e+09	4.93146e+09	4.06723e+09	4.64751e+09	5.0393e+09	4.18776e+09	4.0343e+09	5.00294e+09	4.37895e+09	5.25966e+09	4.49183e+09	4.43003e+09	4.84925e+09	5.31984e+09	5.2363e+09	4.8544e+09	4.79975e+09	5.10619e+09	5.51548e+09	5.76632e+09	5.81182e+09	5.34293e+09	5.38919e+09	5.3275e+09	5.37878e+09	5.5263e+09	5.38021e+09	5.39415e+09	4.74324e+09	5.24625e+09	5.06982e+09	4.18639e+09	4.9522e+09	4.93363e+09	5.30173e+09	5.48524e+09	5.33616e+09	5.33314e+09	5.18892e+09	5.24546e+09	5.1336e+09	5.20368e+09	5.92966e+09	5.01029e+09	5.92944e+09	4.99438e+09	5.0457e+09	5.76218e+09	5.0085e+09	5.00182e+09	4.0866e+09	4.79588e+09	4.19488e+09	4.12936e+09	4.18587e+09	3.97405e+09	3.97468e+09	4.12357e+09	4.3682e+09	4.19007e+09	4.74542e+09	4.72876e+09	4.30903e+09	4.32647e+09	4.2792e+09	4.74794e+09	5.18297e+09	5.04667e+09	4.51992e+09	5.04087e+09	5.05655e+09	4.94577e+09	4.17552e+09	4.75787e+09	4.79779e+09	4.74028e+09	4.7531e+09	5.07579e+09	3.48653e+09	4.84233e+09	4.6421e+09	4.64767e+09	4.63172e+09	4.6364e+09	4.9202e+09	4.75829e+09	4.90733e+09	5.09563e+09	4.28272e+09	4.35405e+09	5.11826e+09	5.20429e+09	4.75792e+09	4.68832e+09	4.75751e+09	5.16439e+09
ERR608874	5.38693e+09	5.06055e+09	4.16462e+09	4.76539e+09	5.17264e+09	4.28928e+09	4.13083e+09	5.1339e+09	4.48596e+09	5.401e+09	4.43003e+09	4.71154e+09	4.97678e+09	5.46456e+09	5.37787e+09	4.98202e+09	4.92515e+09	5.24247e+09	5.66959e+09	5.92927e+09	5.97676e+09	5.49011e+09	5.53844e+09	5.47362e+09	5.52677e+09	5.68043e+09	5.52857e+09	5.54315e+09	4.86657e+09	5.38914e+09	5.20754e+09	4.29048e+09	5.08542e+09	5.06586e+09	5.44809e+09	5.63854e+09	5.48336e+09	5.48051e+09	5.33027e+09	5.38903e+09	5.27285e+09	5.34595e+09	6.0999e+09	5.14297e+09	6.09876e+09	5.12711e+09	5.17986e+09	5.92604e+09	5.14293e+09	5.13526e+09	4.18544e+09	4.9222e+09	4.29795e+09	4.22993e+09	4.28962e+09	4.07089e+09	4.07065e+09	4.22504e+09	4.4775e+09	4.29306e+09	4.86832e+09	4.85072e+09	4.41636e+09	4.43458e+09	4.38602e+09	4.87108e+09	5.32593e+09	5.18485e+09	4.63708e+09	5.17828e+09	5.19445e+09	5.0798e+09	4.27825e+09	4.88221e+09	4.92324e+09	4.86365e+09	4.87719e+09	5.21253e+09	3.56721e+09	4.96899e+09	4.76183e+09	4.76738e+09	4.75126e+09	4.75542e+09	5.04931e+09	4.88057e+09	5.03597e+09	5.23146e+09	4.38736e+09	4.46113e+09	5.25627e+09	5.34497e+09	4.88206e+09	4.80896e+09	4.88116e+09	5.30427e+09
ERR617026	6.1428e+09	5.75007e+09	4.6925e+09	5.38904e+09	5.88699e+09	4.83844e+09	4.52783e+09	5.67967e+09	4.91513e+09	5.98999e+09	4.84925e+09	4.97678e+09	5.97179e+09	6.3166e+09	6.20953e+09	5.75631e+09	5.6868e+09	6.0553e+09	6.43196e+09	6.75359e+09	6.80222e+09	6.21966e+09	6.27706e+09	6.19854e+09	6.3204e+09	6.50421e+09	6.32794e+09	6.34359e+09	5.5261e+09	6.15435e+09	5.93664e+09	4.84007e+09	5.79064e+09	5.76729e+09	6.21824e+09	6.44601e+09	6.221e+09	6.20883e+09	6.03203e+09	6.10178e+09	5.96178e+09	6.04999e+09	6.9966e+09	5.82895e+09	6.98969e+09	5.80975e+09	5.8739e+09	6.78516e+09	5.80251e+09	5.79427e+09	4.66789e+09	5.56261e+09	4.80214e+09	4.7227e+09	4.83319e+09	4.56916e+09	4.56927e+09	4.76058e+09	5.05229e+09	4.82925e+09	5.48382e+09	5.46318e+09	4.95076e+09	4.97373e+09	4.92406e+09	5.48718e+09	6.02893e+09	5.86577e+09	5.21332e+09	5.85485e+09	5.87643e+09	5.73629e+09	4.78129e+09	5.48089e+09	5.53251e+09	5.45877e+09	5.47381e+09	5.87403e+09	3.97765e+09	5.59721e+09	5.35527e+09	5.36136e+09	5.34198e+09	5.34902e+09	5.68935e+09	5.47567e+09	5.67396e+09	5.90788e+09	4.89308e+09	4.97406e+09	5.9588e+09	6.06151e+09	5.5064e+09	5.42165e+09	5.50488e+09	6.01356e+09
ERR617023	6.86751e+09	6.39945e+09	5.14769e+09	5.99155e+09	6.56037e+09	5.31852e+09	4.92372e+09	6.26769e+09	5.39513e+09	6.63946e+09	5.31984e+09	5.46456e+09	6.3166e+09	7.2834e+09	6.90241e+09	6.32635e+09	6.2447e+09	6.69977e+09	7.1363e+09	7.51187e+09	7.58458e+09	6.87547e+09	6.94379e+09	6.8524e+09	7.01395e+09	7.23596e+09	7.01528e+09	7.03745e+09	6.09642e+09	6.82261e+09	6.52565e+09	5.29168e+09	6.35878e+09	6.33067e+09	6.86843e+09	7.1357e+09	6.86557e+09	6.86449e+09	6.64943e+09	6.73401e+09	6.56827e+09	6.67178e+09	7.80565e+09	6.46965e+09	7.80873e+09	6.44759e+09	6.52126e+09	7.55436e+09	6.41997e+09	6.40842e+09	5.11795e+09	6.11058e+09	5.26736e+09	5.17505e+09	5.33458e+09	5.05091e+09	5.05047e+09	5.24618e+09	5.58705e+09	5.3433e+09	6.13156e+09	6.10791e+09	5.51154e+09	5.53561e+09	5.46174e+09	6.13432e+09	6.65944e+09	6.45927e+09	5.71897e+09	6.45238e+09	6.47492e+09	6.31688e+09	5.23856e+09	6.06904e+09	6.12076e+09	6.04351e+09	6.06175e+09	6.51948e+09	4.32831e+09	6.20636e+09	5.91684e+09	5.92576e+09	5.90333e+09	5.90807e+09	6.35428e+09	6.13838e+09	6.33698e+09	6.60788e+09	5.45641e+09	5.56322e+09	6.68832e+09	6.81426e+09	6.16239e+09	6.06577e+09	6.16616e+09	6.75301e+09
ERR617022	6.73803e+09	6.28471e+09	5.06425e+09	5.88612e+09	6.43963e+09	5.23138e+09	4.85162e+09	6.16309e+09	5.30987e+09	6.52431e+09	5.2363e+09	5.37787e+09	6.20953e+09	6.90241e+09	7.02976e+09	6.21942e+09	6.13947e+09	6.58336e+09	7.00971e+09	7.37441e+09	7.44487e+09	6.75653e+09	6.82373e+09	6.73405e+09	6.88819e+09	7.10339e+09	6.88903e+09	6.9118e+09	5.99322e+09	6.70181e+09	6.41251e+09	5.2058e+09	6.24958e+09	6.22197e+09	6.74488e+09	7.0052e+09	6.74942e+09	6.74818e+09	6.53827e+09	6.6203e+09	6.45957e+09	6.55978e+09	7.65955e+09	6.35733e+09	7.66281e+09	6.33533e+09	6.40745e+09	7.41596e+09	6.30782e+09	6.29763e+09	5.03636e+09	6.00565e+09	5.18306e+09	5.0926e+09	5.24487e+09	4.96601e+09	4.96532e+09	5.15852e+09	5.49104e+09	5.25239e+09	6.0196e+09	5.99644e+09	5.41558e+09	5.43844e+09	5.36694e+09	6.02262e+09	6.54116e+09	6.34738e+09	5.62368e+09	6.33983e+09	6.36192e+09	6.20758e+09	5.15314e+09	5.96336e+09	6.01415e+09	5.93852e+09	5.95672e+09	6.40251e+09	4.26405e+09	6.09823e+09	5.81621e+09	5.82416e+09	5.80251e+09	5.80831e+09	6.23526e+09	6.02271e+09	6.21805e+09	6.48159e+09	5.35888e+09	5.46262e+09	6.55638e+09	6.67911e+09	6.04607e+09	5.95154e+09	6.04947e+09	6.61969e+09
ERR617024	6.15682e+09	5.7628e+09	4.69845e+09	5.40311e+09	5.89973e+09	4.84556e+09	4.52626e+09	5.6838e+09	4.92026e+09	5.99583e+09	4.8544e+09	4.98202e+09	5.75631e+09	6.32635e+09	6.21942e+09	5.97695e+09	5.68947e+09	6.06131e+09	6.43651e+09	6.75894e+09	6.81006e+09	6.22204e+09	6.27932e+09	6.20111e+09	6.3253e+09	6.51088e+09	6.33211e+09	6.34795e+09	5.53089e+09	6.15949e+09	5.93229e+09	4.83765e+09	5.78669e+09	5.76254e+09	6.21698e+09	6.44618e+09	6.22132e+09	6.21068e+09	6.03257e+09	6.10274e+09	5.96197e+09	6.05018e+09	7.00327e+09	5.83787e+09	6.99804e+09	5.81885e+09	5.88226e+09	6.79069e+09	5.80633e+09	5.79789e+09	4.67146e+09	5.56107e+09	4.80494e+09	4.72527e+09	4.84116e+09	4.57937e+09	4.57963e+09	4.76768e+09	5.06107e+09	4.83935e+09	5.50049e+09	5.48026e+09	4.96629e+09	4.98869e+09	4.93644e+09	5.50438e+09	6.02693e+09	5.86205e+09	5.20945e+09	5.85184e+09	5.87258e+09	5.73346e+09	4.78213e+09	5.48727e+09	5.53794e+09	5.46472e+09	5.48041e+09	5.88039e+09	3.97752e+09	5.60508e+09	5.36131e+09	5.36833e+09	5.34856e+09	5.35488e+09	5.70173e+09	5.49245e+09	5.68642e+09	5.92099e+09	4.90825e+09	4.99112e+09	5.97464e+09	6.07846e+09	5.52119e+09	5.43622e+09	5.52014e+09	6.02964e+09
ERR617025	6.07782e+09	5.69062e+09	4.64681e+09	5.33785e+09	5.82535e+09	4.79165e+09	4.47715e+09	5.61524e+09	4.86426e+09	5.92068e+09	4.79975e+09	4.92515e+09	5.6868e+09	6.2447e+09	6.13947e+09	5.68947e+09	5.83463e+09	5.9851e+09	6.35164e+09	6.66819e+09	6.71787e+09	6.14141e+09	6.19757e+09	6.12085e+09	6.24372e+09	6.42503e+09	6.25094e+09	6.26618e+09	5.46339e+09	6.08126e+09	5.85968e+09	4.78292e+09	5.71621e+09	5.69313e+09	6.1383e+09	6.36281e+09	6.14072e+09	6.13019e+09	5.95525e+09	6.02394e+09	5.88565e+09	5.97253e+09	6.90875e+09	5.76299e+09	6.90309e+09	5.74439e+09	5.80686e+09	6.69943e+09	5.73318e+09	5.7248e+09	4.61742e+09	5.49351e+09	4.74881e+09	4.67092e+09	4.78472e+09	4.52608e+09	4.52636e+09	4.71233e+09	5.00119e+09	4.78278e+09	5.43226e+09	5.41251e+09	4.90653e+09	4.92953e+09	4.87804e+09	5.43612e+09	5.94968e+09	5.78739e+09	5.1456e+09	5.77752e+09	5.79843e+09	5.66057e+09	4.72698e+09	5.41905e+09	5.4689e+09	5.39711e+09	5.41239e+09	5.80551e+09	3.93438e+09	5.5355e+09	5.29649e+09	5.30295e+09	5.28406e+09	5.29044e+09	5.62922e+09	5.4226e+09	5.61423e+09	5.84354e+09	4.84852e+09	4.92982e+09	5.89609e+09	5.99772e+09	5.45079e+09	5.36748e+09	5.45002e+09	5.95011e+09
ERR617021	6.52734e+09	6.09603e+09	4.93663e+09	5.7092e+09	6.24507e+09	5.09499e+09	4.74526e+09	6.00098e+09	5.17627e+09	6.34432e+09	5.10619e+09	5.24247e+09	6.0553e+09	6.69977e+09	6.58336e+09	6.06131e+09	5.9851e+09	6.64221e+09	6.81836e+09	7.16677e+09	7.22818e+09	6.58154e+09	6.64494e+09	6.55977e+09	6.69662e+09	6.90097e+09	6.70126e+09	6.72024e+09	5.83748e+09	6.51747e+09	6.26048e+09	5.08924e+09	6.10227e+09	6.07629e+09	6.57393e+09	6.82231e+09	6.57922e+09	6.57283e+09	6.37694e+09	6.4535e+09	6.29979e+09	6.39684e+09	7.43472e+09	6.17731e+09	7.4329e+09	6.1567e+09	6.22552e+09	7.20313e+09	6.13929e+09	6.13063e+09	4.91433e+09	5.86044e+09	5.05698e+09	4.97025e+09	5.10247e+09	4.82606e+09	4.82633e+09	5.02117e+09	5.33896e+09	5.10372e+09	5.82779e+09	5.8053e+09	5.24981e+09	5.27287e+09	5.21229e+09	5.83167e+09	6.37752e+09	6.19476e+09	5.49475e+09	6.18552e+09	6.20767e+09	6.05817e+09	5.03162e+09	5.80154e+09	5.8534e+09	5.77778e+09	5.79468e+09	6.22553e+09	4.17002e+09	5.92818e+09	5.65997e+09	5.66787e+09	5.6465e+09	5.65381e+09	6.04329e+09	5.82735e+09	6.02704e+09	6.28018e+09	5.19338e+09	5.28771e+09	6.34111e+09	6.45566e+09	5.85397e+09	5.76277e+09	5.85532e+09	6.40115e+09
ERR636667	7.04965e+09	6.57226e+09	5.28408e+09	6.13597e+09	6.73379e+09	5.45989e+09	5.13256e+09	6.53579e+09	5.5951e+09	6.92686e+09	5.51548e+09	5.66959e+09	6.43196e+09	7.1363e+09	7.00971e+09	6.43651e+09	6.35164e+09	6.81836e+09	8.05472e+09	8.20272e+09	8.27215e+09	7.57567e+09	7.64596e+09	7.55076e+09	7.38256e+09	7.60885e+09	7.3909e+09	7.40554e+09	6.4096e+09	7.17954e+09	6.99974e+09	5.63824e+09	6.81948e+09	6.79181e+09	7.34735e+09	7.629e+09	7.44756e+09	7.44812e+09	7.24101e+09	7.32072e+09	7.16434e+09	7.26261e+09	8.36858e+09	6.90164e+09	8.36703e+09	6.87815e+09	6.95789e+09	8.11415e+09	6.86817e+09	6.85827e+09	5.45625e+09	6.54871e+09	5.62092e+09	5.52462e+09	5.52058e+09	5.2146e+09	5.21373e+09	5.43272e+09	5.77868e+09	5.51702e+09	6.30329e+09	6.27868e+09	5.67102e+09	5.69536e+09	5.62819e+09	6.30478e+09	7.32949e+09	7.13024e+09	6.32121e+09	7.11859e+09	7.14063e+09	6.97366e+09	5.64096e+09	6.51964e+09	6.58804e+09	6.49441e+09	6.51349e+09	7.02435e+09	4.59172e+09	6.56379e+09	6.25966e+09	6.26738e+09	6.24357e+09	6.2519e+09	6.72793e+09	6.47153e+09	6.70699e+09	6.99989e+09	5.75021e+09	5.85247e+09	7.04294e+09	7.17392e+09	6.49793e+09	6.38934e+09	6.49423e+09	7.11683e+09
ERR636669	7.45217e+09	6.93299e+09	5.54709e+09	6.46348e+09	7.10966e+09	5.73548e+09	5.3606e+09	6.85183e+09	5.85114e+09	7.27006e+09	5.76632e+09	5.92927e+09	6.75359e+09	7.51187e+09	7.37441e+09	6.75894e+09	6.66819e+09	7.16677e+09	8.20272e+09	8.86806e+09	8.69233e+09	7.92035e+09	7.99755e+09	7.89285e+09	7.73764e+09	7.98304e+09	7.7472e+09	7.76233e+09	6.69449e+09	7.5188e+09	7.3252e+09	5.87573e+09	7.13221e+09	7.10126e+09	7.70064e+09	8.00643e+09	7.78155e+09	7.78013e+09	7.55372e+09	7.64057e+09	7.46902e+09	7.57641e+09	8.80827e+09	7.22035e+09	8.80562e+09	7.19572e+09	7.28127e+09	8.52659e+09	7.21636e+09	7.20505e+09	5.71232e+09	6.87623e+09	5.88756e+09	5.78478e+09	5.81652e+09	5.49036e+09	5.48986e+09	5.72283e+09	6.09238e+09	5.81267e+09	6.66558e+09	6.63856e+09	5.98532e+09	6.01159e+09	5.93895e+09	6.66729e+09	7.67015e+09	7.45465e+09	6.58638e+09	7.44108e+09	7.46531e+09	7.28463e+09	5.89599e+09	6.83163e+09	6.90223e+09	6.80385e+09	6.82422e+09	7.36768e+09	4.80529e+09	6.90126e+09	6.57496e+09	6.58434e+09	6.55802e+09	6.56742e+09	7.07096e+09	6.80088e+09	7.04922e+09	7.36274e+09	6.02971e+09	6.14063e+09	7.40969e+09	7.55134e+09	6.82183e+09	6.70638e+09	6.8199e+09	7.48906e+09
ERR636668	7.53927e+09	7.00852e+09	5.59522e+09	6.53571e+09	7.18837e+09	5.78639e+09	5.39217e+09	6.90769e+09	5.89786e+09	7.3351e+09	5.81182e+09	5.97676e+09	6.80222e+09	7.58458e+09	7.44487e+09	6.81006e+09	6.71787e+09	7.22818e+09	8.27215e+09	8.69233e+09	9.03074e+09	7.98116e+09	8.06007e+09	7.95378e+09	7.80579e+09	8.05775e+09	7.81297e+09	7.83094e+09	6.74955e+09	7.5847e+09	7.37259e+09	5.9141e+09	7.17794e+09	7.14682e+09	7.75871e+09	8.06979e+09	7.83742e+09	7.84094e+09	7.6074e+09	7.69667e+09	7.52138e+09	7.63137e+09	8.89079e+09	7.28897e+09	8.89267e+09	7.26353e+09	7.35032e+09	8.60308e+09	7.2764e+09	7.26414e+09	5.75483e+09	6.92341e+09	5.93079e+09	5.82631e+09	5.86929e+09	5.54448e+09	5.54294e+09	5.77277e+09	6.14975e+09	5.86975e+09	6.746e+09	6.7186e+09	6.05304e+09	6.0786e+09	6.00028e+09	6.74662e+09	7.72714e+09	7.50465e+09	6.62801e+09	7.4924e+09	7.51602e+09	7.33443e+09	5.93785e+09	6.8925e+09	6.96203e+09	6.86531e+09	6.88585e+09	7.43503e+09	4.83388e+09	6.96531e+09	6.63154e+09	6.64126e+09	6.61451e+09	6.62303e+09	7.15143e+09	6.88891e+09	7.12983e+09	7.44808e+09	6.1024e+09	6.21953e+09	7.50452e+09	7.65091e+09	6.90602e+09	6.78959e+09	6.90628e+09	7.58541e+09
ERR636672	6.76349e+09	6.31628e+09	5.10251e+09	5.89835e+09	6.46729e+09	5.26851e+09	4.98436e+09	6.32033e+09	5.41894e+09	6.68921e+09	5.34293e+09	5.49011e+09	6.21966e+09	6.87547e+09	6.75653e+09	6.22204e+09	6.14141e+09	6.58154e+09	7.57567e+09	7.92035e+09	7.98116e+09	7.55139e+09	7.40923e+09	7.3205e+09	7.13613e+09	7.34788e+09	7.14696e+09	7.15741e+09	6.21039e+09	6.94343e+09	6.7906e+09	5.48198e+09	6.6183e+09	6.59253e+09	7.1141e+09	7.37971e+09	7.22588e+09	7.22369e+09	7.03207e+09	7.10513e+09	6.9599e+09	7.05145e+09	8.06897e+09	6.67164e+09	8.06395e+09	6.64909e+09	6.72434e+09	7.83151e+09	6.6377e+09	6.6282e+09	5.28652e+09	6.34006e+09	5.44571e+09	5.35433e+09	5.32095e+09	5.02351e+09	5.02284e+09	5.23956e+09	5.56684e+09	5.3132e+09	6.04499e+09	6.0215e+09	5.44801e+09	5.47095e+09	5.41282e+09	6.04679e+09	7.10742e+09	6.92286e+09	6.14924e+09	6.91002e+09	6.9302e+09	6.7722e+09	5.47312e+09	6.30503e+09	6.37291e+09	6.28087e+09	6.2991e+09	6.78892e+09	4.4554e+09	6.33348e+09	6.0455e+09	6.05294e+09	6.03051e+09	6.03901e+09	6.4785e+09	6.22246e+09	6.45881e+09	6.73754e+09	5.53833e+09	5.6303e+09	6.76773e+09	6.89042e+09	6.25463e+09	6.14989e+09	6.24871e+09	6.83953e+09
ERR636670	6.83707e+09	6.38179e+09	5.14925e+09	5.9585e+09	6.53545e+09	5.31794e+09	5.02576e+09	6.37863e+09	5.46625e+09	6.75355e+09	5.38919e+09	5.53844e+09	6.27706e+09	6.94379e+09	6.82373e+09	6.27932e+09	6.19757e+09	6.64494e+09	7.64596e+09	7.99755e+09	8.06007e+09	7.40923e+09	7.68638e+09	7.38557e+09	7.20283e+09	7.41834e+09	7.21382e+09	7.22467e+09	6.26451e+09	7.00726e+09	6.84983e+09	5.5254e+09	6.67499e+09	6.64881e+09	7.17887e+09	7.44929e+09	7.29003e+09	7.28826e+09	7.09251e+09	7.16718e+09	7.01852e+09	7.11214e+09	8.14928e+09	6.73164e+09	8.14531e+09	6.70958e+09	6.78565e+09	7.90729e+09	6.69758e+09	6.68791e+09	5.33044e+09	6.39479e+09	5.49129e+09	5.39868e+09	5.37081e+09	5.07082e+09	5.06992e+09	5.28798e+09	5.62012e+09	5.36332e+09	6.10806e+09	6.08387e+09	5.50204e+09	5.52521e+09	5.46587e+09	6.10994e+09	7.16835e+09	6.9801e+09	6.19634e+09	6.96776e+09	6.9879e+09	6.82774e+09	5.51708e+09	6.36023e+09	6.42871e+09	6.33607e+09	6.35446e+09	6.84994e+09	4.49143e+09	6.39231e+09	6.10069e+09	6.108e+09	6.08536e+09	6.09426e+09	6.53897e+09	6.28196e+09	6.51869e+09	6.80144e+09	5.58909e+09	5.68316e+09	6.83373e+09	6.95825e+09	6.31242e+09	6.20681e+09	6.30732e+09	6.90628e+09
ERR636671	6.73897e+09	6.29325e+09	5.08471e+09	5.87802e+09	6.44407e+09	5.25008e+09	4.96942e+09	6.30028e+09	5.40252e+09	6.66834e+09	5.3275e+09	5.47362e+09	6.19854e+09	6.8524e+09	6.73405e+09	6.20111e+09	6.12085e+09	6.55977e+09	7.55076e+09	7.89285e+09	7.95378e+09	7.3205e+09	7.38557e+09	7.50383e+09	7.11365e+09	7.32397e+09	7.12398e+09	7.13497e+09	6.19234e+09	6.92159e+09	6.76778e+09	5.46544e+09	6.59632e+09	6.57038e+09	7.09016e+09	7.35452e+09	7.20321e+09	7.20143e+09	7.01028e+09	7.08335e+09	6.93916e+09	7.02992e+09	8.04011e+09	6.65107e+09	8.03638e+09	6.62858e+09	6.70385e+09	7.80417e+09	6.61229e+09	6.60329e+09	5.26758e+09	6.31534e+09	5.42585e+09	5.33472e+09	5.29972e+09	5.00447e+09	5.00373e+09	5.21889e+09	5.54499e+09	5.29277e+09	6.02057e+09	5.99708e+09	5.4261e+09	5.44905e+09	5.39086e+09	6.02227e+09	7.08241e+09	6.8988e+09	6.12915e+09	6.88603e+09	6.90681e+09	6.74911e+09	5.45411e+09	6.28333e+09	6.35087e+09	6.25938e+09	6.27727e+09	6.76517e+09	4.43911e+09	6.30971e+09	6.02329e+09	6.03033e+09	6.00775e+09	6.01661e+09	6.45543e+09	6.20047e+09	6.43562e+09	6.71302e+09	5.51989e+09	5.61131e+09	6.74487e+09	6.86672e+09	6.2336e+09	6.12925e+09	6.22776e+09	6.81599e+09
ERR612254	6.82049e+09	6.35861e+09	5.11738e+09	5.94192e+09	6.51646e+09	5.28728e+09	4.99873e+09	6.35503e+09	5.45594e+09	6.73197e+09	5.37878e+09	5.52677e+09	6.3204e+09	7.01395e+09	6.88819e+09	6.3253e+09	6.24372e+09	6.69662e+09	7.38256e+09	7.73764e+09	7.80579e+09	7.13613e+09	7.20283e+09	7.11365e+09	7.61733e+09	7.59472e+09	7.37485e+09	7.39383e+09	6.40981e+09	7.17426e+09	6.80157e+09	5.49769e+09	6.62947e+09	6.60116e+09	7.14035e+09	7.40886e+09	7.14979e+09	7.14894e+09	6.94475e+09	7.02421e+09	6.86763e+09	6.96609e+09	7.97235e+09	6.59686e+09	7.97324e+09	6.57393e+09	6.64947e+09	7.72667e+09	6.49375e+09	6.48207e+09	5.15388e+09	6.18576e+09	5.30855e+09	5.21791e+09	5.26347e+09	4.97344e+09	4.97171e+09	5.17944e+09	5.51476e+09	5.26593e+09	6.03945e+09	6.01537e+09	5.42578e+09	5.44769e+09	5.38179e+09	6.04175e+09	6.96186e+09	6.76935e+09	6.009e+09	6.76148e+09	6.78186e+09	6.62533e+09	5.32031e+09	6.16051e+09	6.21852e+09	6.13313e+09	6.15392e+09	6.63316e+09	4.33847e+09	6.2231e+09	5.93329e+09	5.94123e+09	5.91989e+09	5.92381e+09	6.43421e+09	6.19231e+09	6.41629e+09	6.69721e+09	5.49445e+09	5.59436e+09	6.85831e+09	6.98644e+09	6.3184e+09	6.2138e+09	6.31693e+09	6.92816e+09
ERR612251	7.05414e+09	6.56556e+09	5.26692e+09	6.13203e+09	6.73325e+09	5.44408e+09	5.1275e+09	6.54225e+09	5.60721e+09	6.93751e+09	5.5263e+09	5.68043e+09	6.50421e+09	7.23596e+09	7.10339e+09	6.51088e+09	6.42503e+09	6.90097e+09	7.60885e+09	7.98304e+09	8.05775e+09	7.34788e+09	7.41834e+09	7.32397e+09	7.59472e+09	8.09245e+09	7.60058e+09	7.61924e+09	6.58546e+09	7.38557e+09	6.9977e+09	5.64418e+09	6.81804e+09	6.78825e+09	7.35831e+09	7.64184e+09	7.35872e+09	7.35908e+09	7.14452e+09	7.22799e+09	7.06281e+09	7.16626e+09	8.23268e+09	6.7935e+09	8.23557e+09	6.77008e+09	6.84873e+09	7.97318e+09	6.69574e+09	6.68347e+09	5.30234e+09	6.37113e+09	5.46191e+09	5.36719e+09	5.42663e+09	5.12728e+09	5.12647e+09	5.33962e+09	5.68983e+09	5.43124e+09	6.24368e+09	6.21831e+09	5.60222e+09	5.62535e+09	5.55425e+09	6.24549e+09	7.17532e+09	6.97076e+09	6.17513e+09	6.96116e+09	6.98325e+09	6.81876e+09	5.47088e+09	6.34804e+09	6.40806e+09	6.32e+09	6.34095e+09	6.84082e+09	4.45594e+09	6.41875e+09	6.11463e+09	6.12331e+09	6.10073e+09	6.10455e+09	6.64103e+09	6.39453e+09	6.6222e+09	6.9163e+09	5.66514e+09	5.77215e+09	7.08513e+09	7.21967e+09	6.51919e+09	6.41002e+09	6.51855e+09	7.15725e+09
ERR612252	6.82188e+09	6.35958e+09	5.12164e+09	5.93958e+09	6.51785e+09	5.29083e+09	5.00489e+09	6.359e+09	5.45774e+09	6.73525e+09	5.38021e+09	5.52857e+09	6.32794e+09	7.01528e+09	6.88903e+09	6.33211e+09	6.25094e+09	6.70126e+09	7.3909e+09	7.7472e+09	7.81297e+09	7.14696e+09	7.21382e+09	7.12398e+09	7.37485e+09	7.60058e+09	7.62719e+09	7.39946e+09	6.41005e+09	7.1749e+09	6.81891e+09	5.5097e+09	6.64609e+09	6.61815e+09	7.15727e+09	7.42522e+09	7.16198e+09	7.15902e+09	6.95629e+09	7.03458e+09	6.87944e+09	6.9763e+09	7.98039e+09	6.59719e+09	7.97989e+09	6.57466e+09	6.65009e+09	7.73543e+09	6.50522e+09	6.49407e+09	5.16403e+09	6.20126e+09	5.31922e+09	5.22843e+09	5.26857e+09	4.97514e+09	4.97437e+09	5.18703e+09	5.52097e+09	5.26935e+09	6.03661e+09	6.01286e+09	5.42382e+09	5.44675e+09	5.38327e+09	6.03894e+09	6.98126e+09	6.79037e+09	6.02522e+09	6.78045e+09	6.80083e+09	6.64309e+09	5.33167e+09	6.16821e+09	6.2283e+09	6.14064e+09	6.16104e+09	6.64291e+09	4.3486e+09	6.23e+09	5.94061e+09	5.94874e+09	5.92711e+09	5.93224e+09	6.43077e+09	6.18294e+09	6.41313e+09	6.69448e+09	5.48701e+09	5.58478e+09	6.84929e+09	6.97615e+09	6.31099e+09	6.20632e+09	6.30804e+09	6.91872e+09
ERR612253	6.848e+09	6.38276e+09	5.137e+09	5.96344e+09	6.54204e+09	5.30731e+09	5.01534e+09	6.3763e+09	5.47235e+09	6.75383e+09	5.39415e+09	5.54315e+09	6.34359e+09	7.03745e+09	6.9118e+09	6.34795e+09	6.26618e+09	6.72024e+09	7.40554e+09	7.76233e+09	7.83094e+09	7.15741e+09	7.22467e+09	7.13497e+09	7.39383e+09	7.61924e+09	7.39946e+09	7.66375e+09	6.42588e+09	7.1933e+09	6.82307e+09	5.51402e+09	6.65102e+09	6.62289e+09	7.16377e+09	7.43355e+09	7.16896e+09	7.1673e+09	6.96283e+09	7.04191e+09	6.88538e+09	6.98343e+09	8.00016e+09	6.61603e+09	8.00044e+09	6.59269e+09	6.66848e+09	7.75333e+09	6.51819e+09	6.5068e+09	5.17239e+09	6.20975e+09	5.32807e+09	5.23632e+09	5.28379e+09	4.99102e+09	4.98987e+09	5.19918e+09	5.53552e+09	5.28528e+09	6.06127e+09	6.03715e+09	5.44462e+09	5.46736e+09	5.40137e+09	6.06352e+09	6.98507e+09	6.79212e+09	6.02781e+09	6.78348e+09	6.80479e+09	6.64635e+09	5.33816e+09	6.18034e+09	6.23963e+09	6.15305e+09	6.17336e+09	6.65515e+09	4.35573e+09	6.24533e+09	5.95407e+09	5.96281e+09	5.94066e+09	5.94547e+09	6.45069e+09	6.20607e+09	6.43193e+09	6.71464e+09	5.50651e+09	5.6063e+09	6.87626e+09	7.00355e+09	6.33345e+09	6.2286e+09	6.33192e+09	6.94484e+09
ERR612255	5.9259e+09	5.54786e+09	4.51921e+09	5.20329e+09	5.67719e+09	4.66088e+09	4.41757e+09	5.55471e+09	4.80732e+09	5.86507e+09	4.74324e+09	4.86657e+09	5.5261e+09	6.09642e+09	5.99322e+09	5.53089e+09	5.46339e+09	5.83748e+09	6.4096e+09	6.69449e+09	6.74955e+09	6.21039e+09	6.26451e+09	6.19234e+09	6.40981e+09	6.58546e+09	6.41005e+09	6.42588e+09	5.83186e+09	6.2503e+09	5.93732e+09	4.86224e+09	5.79783e+09	5.77484e+09	6.21187e+09	6.42814e+09	6.2202e+09	6.21975e+09	6.05417e+09	6.11856e+09	5.99118e+09	6.07083e+09	6.88135e+09	5.7651e+09	6.88215e+09	5.74618e+09	5.80842e+09	6.68425e+09	5.66263e+09	5.65334e+09	4.54646e+09	5.40583e+09	4.67554e+09	4.59942e+09	4.61729e+09	4.37231e+09	4.37157e+09	4.54644e+09	4.83065e+09	4.62156e+09	5.26291e+09	5.24267e+09	4.75083e+09	4.77019e+09	4.71509e+09	5.26504e+09	6.05594e+09	5.89801e+09	5.27794e+09	5.89277e+09	5.90925e+09	5.7816e+09	4.69193e+09	5.39386e+09	5.44169e+09	5.37117e+09	5.38799e+09	5.78438e+09	3.84273e+09	5.43539e+09	5.19584e+09	5.20208e+09	5.18448e+09	5.18713e+09	5.6166e+09	5.41234e+09	5.60151e+09	5.83316e+09	4.83255e+09	4.91462e+09	5.97588e+09	6.07852e+09	5.53403e+09	5.44744e+09	5.53174e+09	6.03104e+09
ERR612256	6.63381e+09	6.18898e+09	4.99336e+09	5.78828e+09	6.34088e+09	5.1567e+09	4.87669e+09	6.18746e+09	5.32073e+09	6.55079e+09	5.24625e+09	5.38914e+09	6.15435e+09	6.82261e+09	6.70181e+09	6.15949e+09	6.08126e+09	6.51747e+09	7.17954e+09	7.5188e+09	7.5847e+09	6.94343e+09	7.00726e+09	6.92159e+09	7.17426e+09	7.38557e+09	7.1749e+09	7.1933e+09	6.2503e+09	7.21904e+09	6.62145e+09	5.36677e+09	6.45718e+09	6.42982e+09	6.9469e+09	7.20374e+09	6.95521e+09	6.95465e+09	6.75883e+09	6.83525e+09	6.68476e+09	6.77922e+09	7.7433e+09	6.42478e+09	7.74452e+09	6.4026e+09	6.47535e+09	7.50862e+09	6.31995e+09	6.30901e+09	5.02744e+09	6.02214e+09	5.17664e+09	5.08912e+09	5.12835e+09	4.84775e+09	4.84642e+09	5.0472e+09	5.37155e+09	5.13146e+09	5.87728e+09	5.85407e+09	5.28511e+09	5.30693e+09	5.24293e+09	5.87963e+09	6.77322e+09	6.58732e+09	5.85884e+09	6.58033e+09	6.5999e+09	6.44986e+09	5.18992e+09	6.00155e+09	6.05732e+09	5.97475e+09	5.99462e+09	6.45668e+09	4.23517e+09	6.05875e+09	5.77858e+09	5.78682e+09	5.76595e+09	5.76977e+09	6.26552e+09	6.03109e+09	6.24744e+09	6.51844e+09	5.35822e+09	5.45463e+09	6.67909e+09	6.80075e+09	6.15931e+09	6.05854e+09	6.15701e+09	6.74536e+09
ERR605270	6.48019e+09	6.06244e+09	4.92993e+09	5.66024e+09	6.2067e+09	5.08482e+09	4.74544e+09	5.97985e+09	5.14127e+09	6.31729e+09	5.06982e+09	5.20754e+09	5.93664e+09	6.52565e+09	6.41251e+09	5.93229e+09	5.85968e+09	6.26048e+09	6.99974e+09	7.3252e+09	7.37259e+09	6.7906e+09	6.84983e+09	6.76778e+09	6.80157e+09	6.9977e+09	6.81891e+09	6.82307e+09	5.93732e+09	6.62145e+09	6.86374e+09	5.38425e+09	6.48491e+09	6.45871e+09	6.94918e+09	7.198e+09	6.75584e+09	6.74514e+09	6.5703e+09	6.63864e+09	6.50141e+09	6.58756e+09	7.58741e+09	6.2892e+09	7.57785e+09	6.26764e+09	6.33886e+09	7.36486e+09	6.29364e+09	6.28657e+09	5.04225e+09	6.03754e+09	5.19039e+09	5.10603e+09	5.12224e+09	4.83327e+09	4.83284e+09	5.05111e+09	5.35693e+09	5.11024e+09	5.76285e+09	5.74112e+09	5.20173e+09	5.22456e+09	5.18037e+09	5.76587e+09	6.77446e+09	6.60931e+09	5.89041e+09	6.59345e+09	6.61387e+09	6.46533e+09	5.21479e+09	5.97479e+09	6.03808e+09	5.95001e+09	5.96732e+09	6.42213e+09	4.2643e+09	6.00779e+09	5.74554e+09	5.75228e+09	5.73154e+09	5.74001e+09	6.12897e+09	5.87658e+09	6.11351e+09	6.37189e+09	5.24165e+09	5.32114e+09	6.49182e+09	6.60301e+09	6.00884e+09	5.91171e+09	5.99959e+09	6.55708e+09
ERR605267	5.2615e+09	4.94796e+09	4.08474e+09	4.64504e+09	5.05593e+09	4.20358e+09	3.92186e+09	4.87109e+09	4.24025e+09	5.12659e+09	4.18639e+09	4.29048e+09	4.84007e+09	5.29168e+09	5.2058e+09	4.83765e+09	4.78292e+09	5.08924e+09	5.63824e+09	5.87573e+09	5.9141e+09	5.48198e+09	5.5254e+09	5.46544e+09	5.49769e+09	5.64418e+09	5.5097e+09	5.51402e+09	4.86224e+09	5.36677e+09	5.38425e+09	4.6153e+09	5.26495e+09	5.24516e+09	5.61159e+09	5.79271e+09	5.45192e+09	5.4473e+09	5.31532e+09	5.36677e+09	5.26374e+09	5.32861e+09	6.07668e+09	5.12775e+09	6.07262e+09	5.11028e+09	5.16459e+09	5.91322e+09	5.10541e+09	5.1004e+09	4.16047e+09	4.90627e+09	4.2712e+09	4.20676e+09	4.20746e+09	3.98692e+09	3.98663e+09	4.15332e+09	4.39227e+09	4.20381e+09	4.7004e+09	4.68407e+09	4.26845e+09	4.28613e+09	4.24977e+09	4.70292e+09	5.4724e+09	5.34686e+09	4.81649e+09	5.33679e+09	5.35073e+09	5.2424e+09	4.2975e+09	4.87852e+09	4.92439e+09	4.85996e+09	4.87379e+09	5.21305e+09	3.53532e+09	4.89497e+09	4.69497e+09	4.69959e+09	4.68442e+09	4.68845e+09	5.0038e+09	4.81729e+09	4.99236e+09	5.18564e+09	4.33368e+09	4.39529e+09	5.29153e+09	5.3748e+09	4.93279e+09	4.85993e+09	4.92648e+09	5.34016e+09
ERR605269	6.31318e+09	5.91023e+09	4.8171e+09	5.52165e+09	6.04941e+09	4.96646e+09	4.6375e+09	5.83131e+09	5.02161e+09	6.15718e+09	4.9522e+09	5.08542e+09	5.79064e+09	6.35878e+09	6.24958e+09	5.78669e+09	5.71621e+09	6.10227e+09	6.81948e+09	7.13221e+09	7.17794e+09	6.6183e+09	6.67499e+09	6.59632e+09	6.62947e+09	6.81804e+09	6.64609e+09	6.65102e+09	5.79783e+09	6.45718e+09	6.48491e+09	5.26495e+09	6.53426e+09	6.30275e+09	6.77394e+09	7.01155e+09	6.58569e+09	6.57524e+09	6.40694e+09	6.47194e+09	6.34008e+09	6.42353e+09	7.38393e+09	6.1338e+09	7.3748e+09	6.11272e+09	6.18193e+09	7.16994e+09	6.13448e+09	6.12761e+09	4.92406e+09	5.88728e+09	5.06772e+09	4.98654e+09	4.99676e+09	4.71669e+09	4.71684e+09	4.92915e+09	5.22476e+09	4.98583e+09	5.61586e+09	5.59506e+09	5.07275e+09	5.09497e+09	5.05246e+09	5.61855e+09	6.60308e+09	6.44423e+09	5.7515e+09	6.42836e+09	6.44798e+09	6.30563e+09	5.09332e+09	5.82814e+09	5.88927e+09	5.80379e+09	5.82128e+09	6.26006e+09	4.16689e+09	5.85727e+09	5.60381e+09	5.60996e+09	5.59011e+09	5.598e+09	5.97568e+09	5.73086e+09	5.9612e+09	6.21036e+09	5.11703e+09	5.19409e+09	6.32843e+09	6.43504e+09	5.86288e+09	5.76885e+09	5.8535e+09	6.39119e+09
