	ERR636802	ERR636800	ERR636804	ERR636803	ERR636801	ERR636799	ERR637059	ERR637060	ERR637062	ERR637057	ERR637061	ERR637058	ERR613543	ERR613542	ERR613541	ERR613540	ERR613539	ERR613544	ERR614003	ERR614005	ERR614004	ERR614006	ERR614007	ERR614002	ERR608119	ERR608117	ERR608118	ERR608121	ERR608122	ERR608120	ERR608590	ERR608587	ERR608589	ERR608588	ERR608586	ERR608585	ERR608871	ERR608872	ERR608875	ERR608873	ERR608876	ERR608874	ERR608568	ERR608567	ERR608572	ERR608570	ERR608569	ERR608571	ERR617174	ERR617173	ERR617175	ERR617177	ERR617176	ERR617178	ERR609006	ERR609007	ERR609008	ERR609004	ERR609003	ERR609005	ERR621977	ERR621974	ERR621978	ERR621975	ERR621976	ERR621973	ERR629975	ERR629973	ERR629972	ERR629971	ERR629974	ERR629970	ERR614898	ERR614900	ERR614897	ERR614895	ERR614899	ERR614896	ERR629887	ERR629891	ERR629889	ERR629886	ERR629890	ERR629888	ERR607851	ERR607852	ERR607853	ERR607854	ERR607849	ERR607850	ERR617501	ERR617499	ERR617504	ERR617500	ERR617502	ERR617503
ERR636802	2.72667e+08	2.45163e+08	1.73686e+08	1.78101e+08	2.44614e+08	2.33226e+08	2.29309e+08	2.16306e+08	2.20792e+08	2.10612e+08	2.17041e+08	2.27419e+08	1.80417e+08	1.80748e+08	2.33273e+08	2.33491e+08	2.33924e+08	1.78843e+08	1.79273e+08	1.8982e+08	1.80526e+08	1.91328e+08	1.93152e+08	1.65099e+08	2.13028e+08	1.92432e+08	2.11684e+08	1.72921e+08	1.74752e+08	1.68789e+08	1.80348e+08	1.89834e+08	1.79006e+08	1.80185e+08	1.71029e+08	1.22774e+08	1.42804e+08	1.9227e+08	1.57307e+08	2.08095e+08	1.53937e+08	1.59873e+08	1.74915e+08	1.37857e+08	1.76235e+08	1.86653e+08	1.93456e+08	1.85474e+08	1.18943e+08	1.11157e+08	1.19139e+08	1.49544e+08	1.49416e+08	1.07109e+08	1.70978e+08	1.70106e+08	1.71461e+08	1.60366e+08	1.04332e+08	1.73101e+08	9.99996e+07	1.08558e+08	9.00591e+07	1.08691e+08	8.82186e+07	1.12747e+08	1.3554e+08	1.37047e+08	1.57164e+08	1.35132e+08	1.33751e+08	1.59698e+08	1.08929e+08	1.07856e+08	8.67103e+07	8.5798e+07	1.07844e+08	8.93395e+07	1.621e+08	1.64815e+08	1.6613e+08	1.86663e+08	1.63388e+08	1.8352e+08	9.9035e+07	1.15742e+08	1.15649e+08	1.17213e+08	9.89538e+07	1.02123e+08	1.26184e+08	1.20332e+08	9.93925e+07	1.25686e+08	1.0716e+08	1.12909e+08
ERR636800	2.45163e+08	4.96099e+08	2.4296e+08	2.49237e+08	3.49627e+08	3.32857e+08	3.30687e+08	3.11232e+08	3.17794e+08	3.02798e+08	3.12416e+08	3.27804e+08	2.57247e+08	2.57452e+08	3.35053e+08	3.35571e+08	3.3634e+08	2.55109e+08	2.53546e+08	2.69131e+08	2.55487e+08	2.71253e+08	2.7414e+08	2.32804e+08	3.05654e+08	2.75047e+08	3.03164e+08	2.46201e+08	2.48949e+08	2.40466e+08	2.56351e+08	2.69922e+08	2.5435e+08	2.55816e+08	2.42813e+08	1.72953e+08	2.04399e+08	2.76706e+08	2.25198e+08	2.99913e+08	2.20338e+08	2.28856e+08	2.47366e+08	1.9384e+08	2.49169e+08	2.64433e+08	2.74268e+08	2.62589e+08	1.76338e+08	1.64734e+08	1.76444e+08	2.21899e+08	2.21566e+08	1.58963e+08	2.51069e+08	2.49783e+08	2.51833e+08	2.35499e+08	1.53034e+08	2.54153e+08	1.45814e+08	1.58555e+08	1.31125e+08	1.5858e+08	1.28444e+08	1.64657e+08	2.01549e+08	2.04009e+08	2.33463e+08	2.0071e+08	1.99042e+08	2.37295e+08	1.61494e+08	1.60008e+08	1.28584e+08	1.27313e+08	1.5999e+08	1.32485e+08	2.31442e+08	2.35548e+08	2.37488e+08	2.6755e+08	2.33505e+08	2.6309e+08	1.47036e+08	1.71941e+08	1.71738e+08	1.74196e+08	1.46947e+08	1.51513e+08	1.86492e+08	1.78043e+08	1.46622e+08	1.85723e+08	1.58207e+08	1.66676e+08
ERR636804	1.73686e+08	2.4296e+08	2.68786e+08	1.76569e+08	2.42341e+08	2.31236e+08	2.27132e+08	2.1428e+08	2.18654e+08	2.08605e+08	2.15064e+08	2.25335e+08	1.78991e+08	1.7923e+08	2.31444e+08	2.3172e+08	2.32139e+08	1.77616e+08	1.77555e+08	1.88036e+08	1.78877e+08	1.89626e+08	1.91527e+08	1.63548e+08	2.10935e+08	1.90539e+08	2.09557e+08	1.71067e+08	1.72955e+08	1.67086e+08	1.78696e+08	1.88004e+08	1.77386e+08	1.78445e+08	1.69556e+08	1.218e+08	1.41816e+08	1.90844e+08	1.56107e+08	2.06525e+08	1.52878e+08	1.58629e+08	1.73068e+08	1.36573e+08	1.74519e+08	1.84743e+08	1.91493e+08	1.83567e+08	1.17999e+08	1.10093e+08	1.18007e+08	1.48214e+08	1.48053e+08	1.06297e+08	1.69531e+08	1.68541e+08	1.69892e+08	1.58876e+08	1.03519e+08	1.71483e+08	9.88666e+07	1.07408e+08	8.91481e+07	1.07521e+08	8.73051e+07	1.11447e+08	1.34471e+08	1.35966e+08	1.55665e+08	1.33907e+08	1.32682e+08	1.58299e+08	1.08023e+08	1.06971e+08	8.6058e+07	8.51449e+07	1.06982e+08	8.85861e+07	1.60976e+08	1.63592e+08	1.64879e+08	1.8523e+08	1.62287e+08	1.8215e+08	9.82288e+07	1.14744e+08	1.14667e+08	1.16286e+08	9.80931e+07	1.01168e+08	1.25063e+08	1.19346e+08	9.85494e+07	1.24657e+08	1.06271e+08	1.11856e+08
ERR636803	1.78101e+08	2.49237e+08	1.76569e+08	2.80463e+08	2.48573e+08	2.37349e+08	2.33332e+08	2.20145e+08	2.24783e+08	2.14418e+08	2.20919e+08	2.31443e+08	1.83748e+08	1.84022e+08	2.37617e+08	2.37958e+08	2.38332e+08	1.82272e+08	1.82189e+08	1.92835e+08	1.83602e+08	1.94476e+08	1.9641e+08	1.67753e+08	2.17017e+08	1.95972e+08	2.15542e+08	1.75964e+08	1.77764e+08	1.71888e+08	1.83487e+08	1.93011e+08	1.82119e+08	1.83257e+08	1.73991e+08	1.24886e+08	1.45614e+08	1.96075e+08	1.60252e+08	2.12036e+08	1.56922e+08	1.62941e+08	1.77896e+08	1.40232e+08	1.79209e+08	1.89754e+08	1.96627e+08	1.88575e+08	1.21323e+08	1.13458e+08	1.21381e+08	1.52512e+08	1.52435e+08	1.09399e+08	1.74216e+08	1.73247e+08	1.74758e+08	1.63413e+08	1.06505e+08	1.76429e+08	1.01694e+08	1.10539e+08	9.16346e+07	1.10564e+08	8.98254e+07	1.14686e+08	1.38347e+08	1.39891e+08	1.6034e+08	1.37875e+08	1.36665e+08	1.62927e+08	1.11139e+08	1.10218e+08	8.85077e+07	8.76241e+07	1.10141e+08	9.12472e+07	1.65261e+08	1.6794e+08	1.69327e+08	1.90225e+08	1.66591e+08	1.87012e+08	1.01083e+08	1.1811e+08	1.17896e+08	1.19639e+08	1.00876e+08	1.04099e+08	1.28585e+08	1.22733e+08	1.01338e+08	1.28088e+08	1.09173e+08	1.15019e+08
ERR636801	2.44614e+08	3.49627e+08	2.42341e+08	2.48573e+08	4.94481e+08	3.32163e+08	3.30742e+08	3.11078e+08	3.17655e+08	3.02865e+08	3.12244e+08	3.27503e+08	2.56948e+08	2.57112e+08	3.35054e+08	3.35603e+08	3.36326e+08	2.54701e+08	2.53003e+08	2.68658e+08	2.55177e+08	2.7092e+08	2.73788e+08	2.32316e+08	3.05285e+08	2.74563e+08	3.02403e+08	2.45601e+08	2.48248e+08	2.39964e+08	2.56189e+08	2.69362e+08	2.5422e+08	2.55484e+08	2.42719e+08	1.73286e+08	2.04721e+08	2.76935e+08	2.25271e+08	2.99814e+08	2.20387e+08	2.28882e+08	2.47047e+08	1.9402e+08	2.48827e+08	2.63827e+08	2.73729e+08	2.62114e+08	1.76064e+08	1.64901e+08	1.76086e+08	2.21422e+08	2.21244e+08	1.59364e+08	2.51307e+08	2.50117e+08	2.52113e+08	2.35699e+08	1.53558e+08	2.5422e+08	1.45032e+08	1.57552e+08	1.30568e+08	1.57788e+08	1.27776e+08	1.63531e+08	2.01927e+08	2.04196e+08	2.33182e+08	2.00862e+08	1.99378e+08	2.36993e+08	1.61666e+08	1.60247e+08	1.28665e+08	1.27522e+08	1.60176e+08	1.32673e+08	2.31643e+08	2.35975e+08	2.37957e+08	2.67499e+08	2.33966e+08	2.62952e+08	1.47043e+08	1.71871e+08	1.71687e+08	1.74191e+08	1.47016e+08	1.51687e+08	1.86075e+08	1.77969e+08	1.46602e+08	1.85401e+08	1.57895e+08	1.66341e+08
ERR636799	2.33226e+08	3.32857e+08	2.31236e+08	2.37349e+08	3.32163e+08	4.5355e+08	3.1403e+08	2.95501e+08	3.0173e+08	2.87758e+08	2.96631e+08	3.11024e+08	2.44484e+08	2.44657e+08	3.18306e+08	3.18664e+08	3.19304e+08	2.42171e+08	2.4108e+08	2.56037e+08	2.4317e+08	2.58211e+08	2.60848e+08	2.21547e+08	2.9006e+08	2.61083e+08	2.87559e+08	2.33583e+08	2.36109e+08	2.28383e+08	2.43752e+08	2.56389e+08	2.41904e+08	2.43312e+08	2.30972e+08	1.65137e+08	1.94677e+08	2.63051e+08	2.14148e+08	2.84647e+08	2.09445e+08	2.17455e+08	2.35078e+08	1.8465e+08	2.36843e+08	2.51029e+08	2.6036e+08	2.49357e+08	1.66221e+08	1.55605e+08	1.66287e+08	2.09089e+08	2.08857e+08	1.50458e+08	2.37484e+08	2.36279e+08	2.3832e+08	2.22826e+08	1.45253e+08	2.40394e+08	1.37219e+08	1.49042e+08	1.23469e+08	1.49221e+08	1.2092e+08	1.54735e+08	1.906e+08	1.92786e+08	2.2024e+08	1.89604e+08	1.88116e+08	2.23732e+08	1.52754e+08	1.51374e+08	1.215e+08	1.20413e+08	1.51185e+08	1.25336e+08	2.20449e+08	2.24318e+08	2.26208e+08	2.54251e+08	2.22457e+08	2.5e+08	1.38837e+08	1.62159e+08	1.6203e+08	1.64419e+08	1.3881e+08	1.43139e+08	1.75709e+08	1.68018e+08	1.38389e+08	1.75061e+08	1.49115e+08	1.57018e+08
ERR637059	2.29309e+08	3.30687e+08	2.27132e+08	2.33332e+08	3.30742e+08	3.1403e+08	5.78896e+08	3.89522e+08	3.97405e+08	3.797e+08	3.90637e+08	4.10639e+08	2.86918e+08	2.86979e+08	3.7622e+08	3.76636e+08	3.77768e+08	2.8417e+08	2.56846e+08	2.73681e+08	2.59581e+08	2.75848e+08	2.78812e+08	2.36151e+08	3.33781e+08	2.99369e+08	3.2899e+08	2.66199e+08	2.69124e+08	2.60964e+08	2.6841e+08	2.81747e+08	2.66437e+08	2.67106e+08	2.5404e+08	1.8059e+08	2.02772e+08	2.75601e+08	2.22263e+08	2.9843e+08	2.17332e+08	2.26009e+08	2.63479e+08	2.06737e+08	2.65125e+08	2.80745e+08	2.92615e+08	2.7926e+08	2.121e+08	1.9949e+08	2.12017e+08	2.65865e+08	2.65674e+08	1.94038e+08	2.97867e+08	2.96553e+08	2.99047e+08	2.79877e+08	1.83937e+08	3.01226e+08	1.65292e+08	1.79202e+08	1.48682e+08	1.79643e+08	1.45169e+08	1.86207e+08	2.42769e+08	2.45468e+08	2.78562e+08	2.40778e+08	2.39624e+08	2.83401e+08	1.92078e+08	1.9039e+08	1.53274e+08	1.52034e+08	1.90202e+08	1.57952e+08	2.56188e+08	2.61295e+08	2.63529e+08	2.96705e+08	2.59145e+08	2.9169e+08	1.77212e+08	2.06444e+08	2.06157e+08	2.09131e+08	1.77317e+08	1.82665e+08	2.18428e+08	2.09749e+08	1.72469e+08	2.17463e+08	1.85281e+08	1.94885e+08
ERR637060	2.16306e+08	3.11232e+08	2.1428e+08	2.20145e+08	3.11078e+08	2.95501e+08	3.89522e+08	5.18031e+08	3.75085e+08	3.56246e+08	3.68728e+08	3.85291e+08	2.7052e+08	2.70454e+08	3.53964e+08	3.54275e+08	3.55434e+08	2.67878e+08	2.42138e+08	2.57661e+08	2.44597e+08	2.59766e+08	2.62535e+08	2.22422e+08	3.14097e+08	2.81897e+08	3.09988e+08	2.51089e+08	2.53787e+08	2.46095e+08	2.52176e+08	2.64836e+08	2.50433e+08	2.50831e+08	2.3866e+08	1.6951e+08	1.90252e+08	2.58626e+08	2.08784e+08	2.80261e+08	2.04213e+08	2.12246e+08	2.48106e+08	1.9461e+08	2.49576e+08	2.64467e+08	2.75494e+08	2.62785e+08	1.98305e+08	1.8647e+08	1.98323e+08	2.48947e+08	2.48594e+08	1.81026e+08	2.78489e+08	2.77168e+08	2.79635e+08	2.6148e+08	1.71601e+08	2.81661e+08	1.55286e+08	1.68357e+08	1.39589e+08	1.68666e+08	1.36368e+08	1.74908e+08	2.2669e+08	2.29241e+08	2.60515e+08	2.24914e+08	2.23632e+08	2.65004e+08	1.79409e+08	1.7769e+08	1.43034e+08	1.41854e+08	1.77643e+08	1.47404e+08	2.40708e+08	2.45581e+08	2.47464e+08	2.78861e+08	2.43364e+08	2.74196e+08	1.6573e+08	1.92981e+08	1.92806e+08	1.95374e+08	1.65716e+08	1.70721e+08	2.04104e+08	1.96008e+08	1.61255e+08	2.03534e+08	1.73219e+08	1.82379e+08
ERR637062	2.20792e+08	3.17794e+08	2.18654e+08	2.24783e+08	3.17655e+08	3.0173e+08	3.97405e+08	3.75085e+08	5.37109e+08	3.63375e+08	3.76325e+08	3.93126e+08	2.76057e+08	2.75906e+08	3.61226e+08	3.61563e+08	3.62574e+08	2.73307e+08	2.47106e+08	2.62738e+08	2.49267e+08	2.64931e+08	2.67692e+08	2.26851e+08	3.20631e+08	2.8777e+08	3.16499e+08	2.56257e+08	2.58984e+08	2.51086e+08	2.57736e+08	2.70586e+08	2.55841e+08	2.56301e+08	2.43757e+08	1.73034e+08	1.94171e+08	2.64222e+08	2.13324e+08	2.86281e+08	2.08569e+08	2.16988e+08	2.5332e+08	1.98564e+08	2.54899e+08	2.70204e+08	2.81488e+08	2.68595e+08	2.03354e+08	1.91025e+08	2.03212e+08	2.55034e+08	2.54809e+08	1.85321e+08	2.84915e+08	2.83594e+08	2.85938e+08	2.67547e+08	1.75355e+08	2.88107e+08	1.59354e+08	1.72987e+08	1.43211e+08	1.73242e+08	1.40026e+08	1.79626e+08	2.31988e+08	2.34569e+08	2.66865e+08	2.30394e+08	2.28982e+08	2.71461e+08	1.83618e+08	1.81975e+08	1.46496e+08	1.45245e+08	1.81872e+08	1.50801e+08	2.45825e+08	2.50702e+08	2.5268e+08	2.84849e+08	2.48354e+08	2.80031e+08	1.69607e+08	1.97722e+08	1.97284e+08	2.00186e+08	1.69581e+08	1.74861e+08	2.09274e+08	2.00753e+08	1.65295e+08	2.08376e+08	1.77602e+08	1.86854e+08
ERR637057	2.10612e+08	3.02798e+08	2.08605e+08	2.14418e+08	3.02865e+08	2.87758e+08	3.797e+08	3.56246e+08	3.63375e+08	4.94708e+08	3.5732e+08	3.75456e+08	2.63266e+08	2.63217e+08	3.4439e+08	3.44652e+08	3.45691e+08	2.60711e+08	2.35753e+08	2.5083e+08	2.38183e+08	2.5299e+08	2.5559e+08	2.16628e+08	3.05418e+08	2.74139e+08	3.01368e+08	2.44178e+08	2.46786e+08	2.39376e+08	2.45359e+08	2.57742e+08	2.43748e+08	2.44109e+08	2.3247e+08	1.65254e+08	1.8549e+08	2.51801e+08	2.03353e+08	2.72869e+08	1.98742e+08	2.06609e+08	2.41246e+08	1.89506e+08	2.42775e+08	2.57127e+08	2.68014e+08	2.55687e+08	1.92717e+08	1.81079e+08	1.9264e+08	2.41554e+08	2.41336e+08	1.75938e+08	2.70452e+08	2.69205e+08	2.71397e+08	2.54138e+08	1.66932e+08	2.73487e+08	1.50422e+08	1.63164e+08	1.35272e+08	1.63428e+08	1.32138e+08	1.69387e+08	2.20182e+08	2.22596e+08	2.52913e+08	2.18592e+08	2.17295e+08	2.57307e+08	1.74215e+08	1.72597e+08	1.3902e+08	1.37816e+08	1.72426e+08	1.43261e+08	2.34909e+08	2.39535e+08	2.41332e+08	2.71874e+08	2.37552e+08	2.67296e+08	1.61036e+08	1.87578e+08	1.87197e+08	1.89818e+08	1.61013e+08	1.66054e+08	1.98228e+08	1.90287e+08	1.56597e+08	1.97521e+08	1.68217e+08	1.77037e+08
ERR637061	2.17041e+08	3.12416e+08	2.15064e+08	2.20919e+08	3.12244e+08	2.96631e+08	3.90637e+08	3.68728e+08	3.76325e+08	3.5732e+08	5.21095e+08	3.86319e+08	2.71337e+08	2.71144e+08	3.54816e+08	3.55219e+08	3.56384e+08	2.68583e+08	2.43075e+08	2.58687e+08	2.45329e+08	2.60726e+08	2.63438e+08	2.23166e+08	3.15138e+08	2.82763e+08	3.11056e+08	2.52e+08	2.54643e+08	2.46826e+08	2.53284e+08	2.65972e+08	2.51428e+08	2.51933e+08	2.3959e+08	1.70138e+08	1.90856e+08	2.5948e+08	2.09539e+08	2.81078e+08	2.0487e+08	2.12993e+08	2.48875e+08	1.95249e+08	2.50489e+08	2.65516e+08	2.76586e+08	2.63871e+08	1.99313e+08	1.87313e+08	1.99365e+08	2.49971e+08	2.49786e+08	1.81803e+08	2.79521e+08	2.78237e+08	2.80575e+08	2.62431e+08	1.72205e+08	2.82649e+08	1.56067e+08	1.69345e+08	1.40367e+08	1.69569e+08	1.37121e+08	1.75871e+08	2.27503e+08	2.30124e+08	2.61758e+08	2.25908e+08	2.24608e+08	2.66281e+08	1.80176e+08	1.78434e+08	1.43728e+08	1.42421e+08	1.78334e+08	1.47984e+08	2.4162e+08	2.46245e+08	2.48314e+08	2.79882e+08	2.44165e+08	2.7506e+08	1.66422e+08	1.93996e+08	1.93683e+08	1.96346e+08	1.66413e+08	1.71476e+08	2.05248e+08	1.96849e+08	1.62066e+08	2.04346e+08	1.73987e+08	1.83218e+08
ERR637058	2.27419e+08	3.27804e+08	2.25335e+08	2.31443e+08	3.27503e+08	3.11024e+08	4.10639e+08	3.85291e+08	3.93126e+08	3.75456e+08	3.86319e+08	5.67971e+08	2.84636e+08	2.84602e+08	3.72772e+08	3.73228e+08	3.74114e+08	2.82e+08	2.54272e+08	2.70453e+08	2.56535e+08	2.72642e+08	2.75668e+08	2.3347e+08	3.30396e+08	2.96365e+08	3.26312e+08	2.64088e+08	2.66952e+08	2.58605e+08	2.6558e+08	2.791e+08	2.63617e+08	2.64134e+08	2.51301e+08	1.77989e+08	2.00003e+08	2.72554e+08	2.19927e+08	2.95395e+08	2.15e+08	2.23643e+08	2.61007e+08	2.0432e+08	2.62822e+08	2.78648e+08	2.90258e+08	2.76874e+08	2.10299e+08	1.97414e+08	2.10327e+08	2.63743e+08	2.63592e+08	1.91458e+08	2.94631e+08	2.93344e+08	2.95857e+08	2.76727e+08	1.8134e+08	2.98321e+08	1.64807e+08	1.78997e+08	1.48297e+08	1.79376e+08	1.44915e+08	1.85922e+08	2.39946e+08	2.42717e+08	2.76318e+08	2.38695e+08	2.36902e+08	2.81052e+08	1.9013e+08	1.88367e+08	1.51632e+08	1.50126e+08	1.88127e+08	1.5611e+08	2.53389e+08	2.58202e+08	2.6027e+08	2.93779e+08	2.56012e+08	2.88719e+08	1.75581e+08	2.04585e+08	2.04287e+08	2.07107e+08	1.75562e+08	1.80969e+08	2.16642e+08	2.07711e+08	1.70989e+08	2.15844e+08	1.83795e+08	1.93506e+08
ERR613543	1.80417e+08	2.57247e+08	1.78991e+08	1.83748e+08	2.56948e+08	2.44484e+08	2.86918e+08	2.7052e+08	2.76057e+08	2.63266e+08	2.71337e+08	2.84636e+08	4.1525e+08	2.89072e+08	3.67995e+08	3.68184e+08	3.69258e+08	2.86672e+08	1.97936e+08	2.09958e+08	1.99166e+08	2.11503e+08	2.13813e+08	1.81564e+08	2.64214e+08	2.37639e+08	2.6163e+08	2.1296e+08	2.15304e+08	2.08646e+08	2.06968e+08	2.17728e+08	2.05149e+08	2.06175e+08	1.95814e+08	1.38404e+08	1.58463e+08	2.1605e+08	1.75315e+08	2.34204e+08	1.71446e+08	1.78171e+08	2.12464e+08	1.66664e+08	2.13888e+08	2.26625e+08	2.35417e+08	2.2523e+08	1.72995e+08	1.62401e+08	1.73277e+08	2.16195e+08	2.16272e+08	1.56804e+08	2.41369e+08	2.40237e+08	2.42186e+08	2.26585e+08	1.48379e+08	2.44264e+08	1.46154e+08	1.57879e+08	1.31499e+08	1.58304e+08	1.28894e+08	1.64271e+08	1.96438e+08	1.98447e+08	2.26366e+08	1.95518e+08	1.9389e+08	2.30085e+08	1.5615e+08	1.54637e+08	1.24806e+08	1.23582e+08	1.54375e+08	1.28374e+08	2.04272e+08	2.07439e+08	2.09414e+08	2.365e+08	2.05802e+08	2.32418e+08	1.45713e+08	1.69603e+08	1.69238e+08	1.71674e+08	1.45701e+08	1.50022e+08	1.79468e+08	1.71898e+08	1.42097e+08	1.78967e+08	1.52738e+08	1.60921e+08
ERR613542	1.80748e+08	2.57452e+08	1.7923e+08	1.84022e+08	2.57112e+08	2.44657e+08	2.86979e+08	2.70454e+08	2.75906e+08	2.63217e+08	2.71144e+08	2.84602e+08	2.89072e+08	4.14654e+08	3.67693e+08	3.67664e+08	3.6879e+08	2.86254e+08	1.98064e+08	2.09882e+08	1.99353e+08	2.11671e+08	2.13922e+08	1.81749e+08	2.64146e+08	2.3754e+08	2.6142e+08	2.12901e+08	2.15268e+08	2.08579e+08	2.06863e+08	2.17776e+08	2.05107e+08	2.0618e+08	1.95878e+08	1.38561e+08	1.58537e+08	2.16002e+08	1.75169e+08	2.34004e+08	1.71407e+08	1.78153e+08	2.1259e+08	1.66779e+08	2.1393e+08	2.26805e+08	2.35568e+08	2.25402e+08	1.72415e+08	1.61879e+08	1.7264e+08	2.15439e+08	2.15504e+08	1.56368e+08	2.40465e+08	2.39412e+08	2.41308e+08	2.25738e+08	1.47878e+08	2.43487e+08	1.45528e+08	1.57276e+08	1.30867e+08	1.57505e+08	1.28339e+08	1.63563e+08	1.95864e+08	1.98006e+08	2.25743e+08	1.94984e+08	1.93229e+08	2.29439e+08	1.55676e+08	1.54193e+08	1.24367e+08	1.23244e+08	1.53894e+08	1.28031e+08	2.0432e+08	2.07597e+08	2.09599e+08	2.36451e+08	2.05925e+08	2.32341e+08	1.45222e+08	1.68814e+08	1.68451e+08	1.70899e+08	1.45046e+08	1.49373e+08	1.78771e+08	1.71188e+08	1.41712e+08	1.78368e+08	1.52237e+08	1.6038e+08
ERR613541	2.33273e+08	3.35053e+08	2.31444e+08	2.37617e+08	3.35054e+08	3.18306e+08	3.7622e+08	3.53964e+08	3.61226e+08	3.4439e+08	3.54816e+08	3.72772e+08	3.67995e+08	3.67693e+08	6.48506e+08	4.75264e+08	4.76517e+08	3.645e+08	2.56507e+08	2.72598e+08	2.58596e+08	2.74922e+08	2.78078e+08	2.35314e+08	3.44194e+08	3.08981e+08	3.40255e+08	2.75774e+08	2.78987e+08	2.70451e+08	2.69436e+08	2.8351e+08	2.67295e+08	2.68115e+08	2.54831e+08	1.80232e+08	2.08011e+08	2.83357e+08	2.29085e+08	3.0702e+08	2.24032e+08	2.3301e+08	2.75085e+08	2.15796e+08	2.77019e+08	2.93589e+08	3.05373e+08	2.91652e+08	2.28272e+08	2.14483e+08	2.28635e+08	2.855e+08	2.85558e+08	2.07965e+08	3.18711e+08	3.17072e+08	3.1978e+08	2.9898e+08	1.96097e+08	3.22103e+08	1.89402e+08	2.04507e+08	1.70165e+08	2.05062e+08	1.66841e+08	2.12664e+08	2.60508e+08	2.63097e+08	2.99421e+08	2.58701e+08	2.57054e+08	3.04362e+08	2.06337e+08	2.04384e+08	1.64838e+08	1.63415e+08	2.04054e+08	1.69737e+08	2.66299e+08	2.70816e+08	2.73362e+08	3.0832e+08	2.68586e+08	3.03025e+08	1.92562e+08	2.23831e+08	2.23535e+08	2.26745e+08	1.92596e+08	1.98216e+08	2.3644e+08	2.26778e+08	1.87204e+08	2.35811e+08	2.00972e+08	2.11664e+08
ERR613540	2.33491e+08	3.35571e+08	2.3172e+08	2.37958e+08	3.35603e+08	3.18664e+08	3.76636e+08	3.54275e+08	3.61563e+08	3.44652e+08	3.55219e+08	3.73228e+08	3.68184e+08	3.67664e+08	4.75264e+08	6.49109e+08	4.76658e+08	3.64573e+08	2.56909e+08	2.73083e+08	2.58981e+08	2.75539e+08	2.7851e+08	2.35631e+08	3.44561e+08	3.09332e+08	3.40387e+08	2.76037e+08	2.79105e+08	2.70576e+08	2.69487e+08	2.83672e+08	2.674e+08	2.68271e+08	2.54934e+08	1.80492e+08	2.08052e+08	2.83531e+08	2.29227e+08	3.07058e+08	2.24208e+08	2.33102e+08	2.75293e+08	2.15767e+08	2.77156e+08	2.93614e+08	3.05529e+08	2.91845e+08	2.28009e+08	2.14259e+08	2.28251e+08	2.85138e+08	2.85227e+08	2.07641e+08	3.18104e+08	3.1653e+08	3.19142e+08	2.98528e+08	1.95835e+08	3.21514e+08	1.89095e+08	2.04248e+08	1.70064e+08	2.04741e+08	1.66619e+08	2.12398e+08	2.60085e+08	2.62714e+08	2.98791e+08	2.58504e+08	2.56677e+08	3.03859e+08	2.06109e+08	2.04012e+08	1.64673e+08	1.63125e+08	2.03775e+08	1.6945e+08	2.664e+08	2.70991e+08	2.73693e+08	3.08641e+08	2.68835e+08	3.03159e+08	1.92261e+08	2.23809e+08	2.23264e+08	2.26402e+08	1.92339e+08	1.98167e+08	2.36197e+08	2.2647e+08	1.86993e+08	2.35532e+08	2.00821e+08	2.11431e+08
ERR613539	2.33924e+08	3.3634e+08	2.32139e+08	2.38332e+08	3.36326e+08	3.19304e+08	3.77768e+08	3.55434e+08	3.62574e+08	3.45691e+08	3.56384e+08	3.74114e+08	3.69258e+08	3.6879e+08	4.76517e+08	4.76658e+08	6.52472e+08	3.65511e+08	2.57426e+08	2.73639e+08	2.59574e+08	2.7604e+08	2.78984e+08	2.36089e+08	3.45366e+08	3.10023e+08	3.41314e+08	2.76678e+08	2.79671e+08	2.71262e+08	2.70273e+08	2.8431e+08	2.68095e+08	2.69027e+08	2.55749e+08	1.80818e+08	2.08605e+08	2.84253e+08	2.29821e+08	3.07845e+08	2.24811e+08	2.33798e+08	2.75797e+08	2.16352e+08	2.7775e+08	2.94313e+08	3.06194e+08	2.92409e+08	2.29058e+08	2.15226e+08	2.29195e+08	2.8635e+08	2.86423e+08	2.08603e+08	3.19384e+08	3.17896e+08	3.20632e+08	2.99867e+08	1.96765e+08	3.22951e+08	1.89358e+08	2.04617e+08	1.70266e+08	2.05138e+08	1.66888e+08	2.1272e+08	2.61061e+08	2.63657e+08	3.00026e+08	2.59407e+08	2.5761e+08	3.04955e+08	2.06798e+08	2.04958e+08	1.65286e+08	1.63934e+08	2.04553e+08	1.70114e+08	2.67213e+08	2.71955e+08	2.74496e+08	3.09469e+08	2.69654e+08	3.04114e+08	1.9303e+08	2.24497e+08	2.24234e+08	2.27332e+08	1.93135e+08	1.98866e+08	2.36949e+08	2.27164e+08	1.87619e+08	2.36388e+08	2.01406e+08	2.12135e+08
ERR613544	1.78843e+08	2.55109e+08	1.77616e+08	1.82272e+08	2.54701e+08	2.42171e+08	2.8417e+08	2.67878e+08	2.73307e+08	2.60711e+08	2.68583e+08	2.82e+08	2.86672e+08	2.86254e+08	3.645e+08	3.64573e+08	3.65511e+08	4.08607e+08	1.96078e+08	2.07801e+08	1.9745e+08	2.09707e+08	2.11888e+08	1.8008e+08	2.61657e+08	2.35423e+08	2.59083e+08	2.11036e+08	2.13345e+08	2.06724e+08	2.0503e+08	2.15782e+08	2.03281e+08	2.04246e+08	1.94058e+08	1.37167e+08	1.57093e+08	2.1413e+08	1.73642e+08	2.3198e+08	1.69898e+08	1.76561e+08	2.10695e+08	1.65302e+08	2.12112e+08	2.24711e+08	2.33404e+08	2.23323e+08	1.71099e+08	1.60515e+08	1.71341e+08	2.1376e+08	2.13756e+08	1.55029e+08	2.38651e+08	2.37464e+08	2.39457e+08	2.23987e+08	1.46801e+08	2.41607e+08	1.44505e+08	1.55926e+08	1.29891e+08	1.56392e+08	1.27401e+08	1.62206e+08	1.9427e+08	1.96349e+08	2.2397e+08	1.93383e+08	1.91698e+08	2.27432e+08	1.54527e+08	1.52854e+08	1.23402e+08	1.22283e+08	1.5271e+08	1.27006e+08	2.02367e+08	2.05657e+08	2.07564e+08	2.34146e+08	2.03902e+08	2.30138e+08	1.44039e+08	1.67483e+08	1.6726e+08	1.69634e+08	1.43997e+08	1.48296e+08	1.77392e+08	1.69798e+08	1.40606e+08	1.76889e+08	1.50958e+08	1.59094e+08
ERR614003	1.79273e+08	2.53546e+08	1.77555e+08	1.82189e+08	2.53003e+08	2.4108e+08	2.56846e+08	2.42138e+08	2.47106e+08	2.35753e+08	2.43075e+08	2.54272e+08	1.97936e+08	1.98064e+08	2.56507e+08	2.56909e+08	2.57426e+08	1.96078e+08	3.18624e+08	2.23831e+08	2.13477e+08	2.25627e+08	2.27884e+08	1.95391e+08	2.37201e+08	2.1407e+08	2.3484e+08	1.91829e+08	1.93906e+08	1.87456e+08	1.9647e+08	2.06187e+08	1.95195e+08	1.95884e+08	1.86336e+08	1.34081e+08	1.55391e+08	2.09127e+08	1.70552e+08	2.26341e+08	1.66801e+08	1.73316e+08	1.92736e+08	1.526e+08	1.93959e+08	2.0523e+08	2.13163e+08	2.04083e+08	1.30598e+08	1.22274e+08	1.30667e+08	1.64168e+08	1.6388e+08	1.1842e+08	1.86184e+08	1.85332e+08	1.86831e+08	1.74739e+08	1.14262e+08	1.88329e+08	1.04624e+08	1.135e+08	9.40529e+07	1.1377e+08	9.20347e+07	1.17797e+08	1.49423e+08	1.51261e+08	1.72719e+08	1.48774e+08	1.47526e+08	1.7572e+08	1.19904e+08	1.1874e+08	9.53769e+07	9.44556e+07	1.18603e+08	9.83215e+07	1.7876e+08	1.81802e+08	1.8346e+08	2.05616e+08	1.80514e+08	2.02349e+08	1.08789e+08	1.27078e+08	1.26914e+08	1.2876e+08	1.08775e+08	1.12288e+08	1.36208e+08	1.3045e+08	1.07398e+08	1.35768e+08	1.15588e+08	1.21813e+08
ERR614005	1.8982e+08	2.69131e+08	1.88036e+08	1.92835e+08	2.68658e+08	2.56037e+08	2.73681e+08	2.57661e+08	2.62738e+08	2.5083e+08	2.58687e+08	2.70453e+08	2.09958e+08	2.09882e+08	2.72598e+08	2.73083e+08	2.73639e+08	2.07801e+08	2.23831e+08	3.52131e+08	2.25903e+08	2.40452e+08	2.42855e+08	2.06457e+08	2.52003e+08	2.27179e+08	2.49067e+08	2.03198e+08	2.05284e+08	1.98749e+08	2.08539e+08	2.18805e+08	2.0732e+08	2.07939e+08	1.98097e+08	1.4271e+08	1.65705e+08	2.22672e+08	1.81324e+08	2.40676e+08	1.77343e+08	1.84246e+08	2.0422e+08	1.62009e+08	2.05639e+08	2.17301e+08	2.25771e+08	2.16052e+08	1.39147e+08	1.30426e+08	1.39143e+08	1.74781e+08	1.74467e+08	1.26619e+08	1.98613e+08	1.97685e+08	1.99329e+08	1.86419e+08	1.22265e+08	2.00605e+08	1.10657e+08	1.20001e+08	9.95685e+07	1.20179e+08	9.74172e+07	1.24478e+08	1.59546e+08	1.61376e+08	1.83789e+08	1.58466e+08	1.57512e+08	1.86875e+08	1.27902e+08	1.26681e+08	1.01802e+08	1.00891e+08	1.26625e+08	1.05032e+08	1.89908e+08	1.93576e+08	1.95368e+08	2.18505e+08	1.92177e+08	2.14847e+08	1.16009e+08	1.35413e+08	1.35204e+08	1.37105e+08	1.16112e+08	1.19639e+08	1.4504e+08	1.39051e+08	1.14452e+08	1.44514e+08	1.22994e+08	1.29549e+08
ERR614004	1.80526e+08	2.55487e+08	1.78877e+08	1.83602e+08	2.55177e+08	2.4317e+08	2.59581e+08	2.44597e+08	2.49267e+08	2.38183e+08	2.45329e+08	2.56535e+08	1.99166e+08	1.99353e+08	2.58596e+08	2.58981e+08	2.59574e+08	1.9745e+08	2.13477e+08	2.25903e+08	3.2317e+08	2.27719e+08	2.29938e+08	1.96952e+08	2.39106e+08	2.15551e+08	2.36213e+08	1.92993e+08	1.9499e+08	1.88856e+08	1.98192e+08	2.07776e+08	1.96947e+08	1.97568e+08	1.8799e+08	1.35701e+08	1.5725e+08	2.11178e+08	1.72106e+08	2.28281e+08	1.68314e+08	1.74904e+08	1.94089e+08	1.5395e+08	1.95345e+08	2.06381e+08	2.14478e+08	2.05253e+08	1.31435e+08	1.23173e+08	1.31453e+08	1.65084e+08	1.64852e+08	1.19618e+08	1.8764e+08	1.86596e+08	1.88309e+08	1.7608e+08	1.15555e+08	1.89532e+08	1.04628e+08	1.1337e+08	9.40899e+07	1.13543e+08	9.20291e+07	1.17749e+08	1.50783e+08	1.5244e+08	1.73708e+08	1.49769e+08	1.48849e+08	1.76645e+08	1.20889e+08	1.19715e+08	9.61994e+07	9.55382e+07	1.1963e+08	9.92794e+07	1.8059e+08	1.83997e+08	1.85488e+08	2.0747e+08	1.82811e+08	2.04062e+08	1.09665e+08	1.27992e+08	1.27789e+08	1.29655e+08	1.09799e+08	1.13185e+08	1.36981e+08	1.31334e+08	1.08148e+08	1.36539e+08	1.16284e+08	1.22349e+08
ERR614006	1.91328e+08	2.71253e+08	1.89626e+08	1.94476e+08	2.7092e+08	2.58211e+08	2.75848e+08	2.59766e+08	2.64931e+08	2.5299e+08	2.60726e+08	2.72642e+08	2.11503e+08	2.11671e+08	2.74922e+08	2.75539e+08	2.7604e+08	2.09707e+08	2.25627e+08	2.40452e+08	2.27719e+08	3.57043e+08	2.44793e+08	2.08095e+08	2.54198e+08	2.29103e+08	2.51154e+08	2.04879e+08	2.07067e+08	2.00463e+08	2.10498e+08	2.20776e+08	2.09126e+08	2.0987e+08	1.99715e+08	1.43957e+08	1.67022e+08	2.24514e+08	1.82855e+08	2.42635e+08	1.78855e+08	1.85775e+08	2.05795e+08	1.63214e+08	2.07271e+08	2.19027e+08	2.277e+08	2.1781e+08	1.40297e+08	1.31644e+08	1.40256e+08	1.76433e+08	1.76168e+08	1.27927e+08	2.00202e+08	1.99208e+08	2.01031e+08	1.88117e+08	1.23518e+08	2.02346e+08	1.11482e+08	1.20781e+08	1.00258e+08	1.2098e+08	9.80488e+07	1.2549e+08	1.61122e+08	1.62866e+08	1.85473e+08	1.59894e+08	1.59018e+08	1.88543e+08	1.28992e+08	1.27796e+08	1.02765e+08	1.01814e+08	1.27773e+08	1.05859e+08	1.914e+08	1.9501e+08	1.96779e+08	2.20036e+08	1.93828e+08	2.16492e+08	1.17069e+08	1.3665e+08	1.36382e+08	1.38458e+08	1.17108e+08	1.20768e+08	1.46216e+08	1.40248e+08	1.15454e+08	1.45737e+08	1.24094e+08	1.3064e+08
ERR614007	1.93152e+08	2.7414e+08	1.91527e+08	1.9641e+08	2.73788e+08	2.60848e+08	2.78812e+08	2.62535e+08	2.67692e+08	2.5559e+08	2.63438e+08	2.75668e+08	2.13813e+08	2.13922e+08	2.78078e+08	2.7851e+08	2.78984e+08	2.11888e+08	2.27884e+08	2.42855e+08	2.29938e+08	2.44793e+08	3.63592e+08	2.10127e+08	2.5687e+08	2.31476e+08	2.53834e+08	2.0709e+08	2.09149e+08	2.02625e+08	2.12596e+08	2.23069e+08	2.11285e+08	2.11955e+08	2.01747e+08	1.45326e+08	1.68893e+08	2.27051e+08	1.84944e+08	2.45439e+08	1.80911e+08	1.87936e+08	2.07962e+08	1.64814e+08	2.09525e+08	2.21448e+08	2.30095e+08	2.20119e+08	1.42405e+08	1.3361e+08	1.4229e+08	1.79011e+08	1.78691e+08	1.29655e+08	2.03091e+08	2.02231e+08	2.03852e+08	1.906e+08	1.25095e+08	2.05261e+08	1.13192e+08	1.22723e+08	1.01729e+08	1.22904e+08	9.96013e+07	1.27354e+08	1.63383e+08	1.65089e+08	1.88083e+08	1.6223e+08	1.61267e+08	1.91297e+08	1.30946e+08	1.29698e+08	1.04222e+08	1.03302e+08	1.29536e+08	1.07401e+08	1.93248e+08	1.97061e+08	1.9887e+08	2.22571e+08	1.95711e+08	2.18747e+08	1.18709e+08	1.3864e+08	1.3846e+08	1.40452e+08	1.18894e+08	1.22596e+08	1.48478e+08	1.42289e+08	1.1708e+08	1.47863e+08	1.25827e+08	1.32572e+08
ERR614002	1.65099e+08	2.32804e+08	1.63548e+08	1.67753e+08	2.32316e+08	2.21547e+08	2.36151e+08	2.22422e+08	2.26851e+08	2.16628e+08	2.23166e+08	2.3347e+08	1.81564e+08	1.81749e+08	2.35314e+08	2.35631e+08	2.36089e+08	1.8008e+08	1.95391e+08	2.06457e+08	1.96952e+08	2.08095e+08	2.10127e+08	2.77855e+08	2.17983e+08	1.96779e+08	2.15425e+08	1.76352e+08	1.78181e+08	1.72405e+08	1.80822e+08	1.89608e+08	1.7976e+08	1.80278e+08	1.71719e+08	1.24092e+08	1.43181e+08	1.92011e+08	1.56802e+08	2.07549e+08	1.53311e+08	1.5925e+08	1.77474e+08	1.4097e+08	1.78556e+08	1.88686e+08	1.959e+08	1.87584e+08	1.19191e+08	1.11638e+08	1.19084e+08	1.49513e+08	1.49332e+08	1.08285e+08	1.70164e+08	1.69345e+08	1.70742e+08	1.59661e+08	1.04831e+08	1.71834e+08	9.48409e+07	1.0291e+08	8.54208e+07	1.03112e+08	8.35255e+07	1.06911e+08	1.364e+08	1.38021e+08	1.5725e+08	1.35483e+08	1.34664e+08	1.59847e+08	1.09383e+08	1.08317e+08	8.71301e+07	8.63128e+07	1.08211e+08	8.97864e+07	1.64144e+08	1.67265e+08	1.68552e+08	1.8851e+08	1.66025e+08	1.85463e+08	9.92706e+07	1.15834e+08	1.15622e+08	1.1743e+08	9.93328e+07	1.02392e+08	1.24128e+08	1.18904e+08	9.79225e+07	1.236e+08	1.05311e+08	1.10858e+08
ERR608119	2.13028e+08	3.05654e+08	2.10935e+08	2.17017e+08	3.05285e+08	2.9006e+08	3.33781e+08	3.14097e+08	3.20631e+08	3.05418e+08	3.15138e+08	3.30396e+08	2.64214e+08	2.64146e+08	3.44194e+08	3.44561e+08	3.45366e+08	2.61657e+08	2.37201e+08	2.52003e+08	2.39106e+08	2.54198e+08	2.5687e+08	2.17983e+08	5.053e+08	3.22066e+08	3.53942e+08	2.88213e+08	2.90789e+08	2.81901e+08	2.41256e+08	2.53793e+08	2.39751e+08	2.40488e+08	2.28432e+08	1.61661e+08	1.85208e+08	2.52209e+08	2.04216e+08	2.73506e+08	1.99796e+08	2.07676e+08	2.53525e+08	1.98991e+08	2.55362e+08	2.70773e+08	2.81485e+08	2.69088e+08	1.8698e+08	1.75352e+08	1.87118e+08	2.34471e+08	2.34254e+08	1.69832e+08	2.60963e+08	2.59662e+08	2.61818e+08	2.4467e+08	1.59609e+08	2.63938e+08	1.56478e+08	1.69857e+08	1.40874e+08	1.69939e+08	1.37992e+08	1.76268e+08	2.1256e+08	2.14888e+08	2.44872e+08	2.11353e+08	2.09863e+08	2.49137e+08	1.7027e+08	1.6861e+08	1.35803e+08	1.34615e+08	1.68462e+08	1.39851e+08	2.32401e+08	2.36874e+08	2.3914e+08	2.68974e+08	2.35082e+08	2.6458e+08	1.55648e+08	1.8139e+08	1.81143e+08	1.83747e+08	1.55657e+08	1.60423e+08	1.96104e+08	1.87648e+08	1.54897e+08	1.95424e+08	1.66715e+08	1.75598e+08
ERR608117	1.92432e+08	2.75047e+08	1.90539e+08	1.95972e+08	2.74563e+08	2.61083e+08	2.99369e+08	2.81897e+08	2.8777e+08	2.74139e+08	2.82763e+08	2.96365e+08	2.37639e+08	2.3754e+08	3.08981e+08	3.09332e+08	3.10023e+08	2.35423e+08	2.1407e+08	2.27179e+08	2.15551e+08	2.29103e+08	2.31476e+08	1.96779e+08	3.22066e+08	4.20949e+08	3.19145e+08	2.60486e+08	2.62906e+08	2.54741e+08	2.16619e+08	2.27921e+08	2.1512e+08	2.16068e+08	2.05096e+08	1.45163e+08	1.65822e+08	2.25718e+08	1.82978e+08	2.44797e+08	1.78954e+08	1.85993e+08	2.28536e+08	1.79533e+08	2.30179e+08	2.44052e+08	2.53523e+08	2.42408e+08	1.6648e+08	1.55946e+08	1.66666e+08	2.08676e+08	2.08448e+08	1.50803e+08	2.32049e+08	2.3086e+08	2.32562e+08	2.176e+08	1.41771e+08	2.34839e+08	1.40129e+08	1.52227e+08	1.26267e+08	1.52274e+08	1.23641e+08	1.57912e+08	1.88764e+08	1.90796e+08	2.17638e+08	1.87839e+08	1.8634e+08	2.21369e+08	1.51332e+08	1.49859e+08	1.20772e+08	1.19608e+08	1.49774e+08	1.24276e+08	2.08992e+08	2.12666e+08	2.148e+08	2.41617e+08	2.11171e+08	2.37586e+08	1.38384e+08	1.61232e+08	1.60963e+08	1.63289e+08	1.38319e+08	1.4264e+08	1.74734e+08	1.66986e+08	1.37927e+08	1.74137e+08	1.48599e+08	1.56452e+08
ERR608118	2.11684e+08	3.03164e+08	2.09557e+08	2.15542e+08	3.02403e+08	2.87559e+08	3.2899e+08	3.09988e+08	3.16499e+08	3.01368e+08	3.11056e+08	3.26312e+08	2.6163e+08	2.6142e+08	3.40255e+08	3.40387e+08	3.41314e+08	2.59083e+08	2.3484e+08	2.49067e+08	2.36213e+08	2.51154e+08	2.53834e+08	2.15425e+08	3.53942e+08	3.19145e+08	4.96684e+08	2.8623e+08	2.89019e+08	2.79597e+08	2.38546e+08	2.51408e+08	2.36839e+08	2.3803e+08	2.25658e+08	1.58991e+08	1.82146e+08	2.48886e+08	2.01843e+08	2.70374e+08	1.97455e+08	2.05128e+08	2.51148e+08	1.96489e+08	2.52942e+08	2.68642e+08	2.78887e+08	2.66852e+08	1.85023e+08	1.73219e+08	1.85241e+08	2.3203e+08	2.31954e+08	1.66925e+08	2.57751e+08	2.5648e+08	2.58591e+08	2.41697e+08	1.56887e+08	2.6113e+08	1.57175e+08	1.70974e+08	1.41672e+08	1.71017e+08	1.38768e+08	1.77526e+08	2.09624e+08	2.12008e+08	2.42301e+08	2.08792e+08	2.06938e+08	2.46407e+08	1.68187e+08	1.66541e+08	1.34148e+08	1.32623e+08	1.66263e+08	1.37829e+08	2.29476e+08	2.33276e+08	2.35608e+08	2.65845e+08	2.31476e+08	2.61459e+08	1.5373e+08	1.79446e+08	1.79063e+08	1.81615e+08	1.53502e+08	1.58431e+08	1.94657e+08	1.85699e+08	1.5361e+08	1.94033e+08	1.65485e+08	1.74288e+08
ERR608121	1.72921e+08	2.46201e+08	1.71067e+08	1.75964e+08	2.45601e+08	2.33583e+08	2.66199e+08	2.51089e+08	2.56257e+08	2.44178e+08	2.52e+08	2.64088e+08	2.1296e+08	2.12901e+08	2.75774e+08	2.76037e+08	2.76678e+08	2.11036e+08	1.91829e+08	2.03198e+08	1.92993e+08	2.04879e+08	2.0709e+08	1.76352e+08	2.88213e+08	2.60486e+08	2.8623e+08	3.51368e+08	2.37906e+08	2.3007e+08	1.93722e+08	2.04095e+08	1.92315e+08	1.93419e+08	1.83249e+08	1.29328e+08	1.47024e+08	2.00772e+08	1.63148e+08	2.18058e+08	1.59597e+08	1.65725e+08	2.05318e+08	1.61014e+08	2.06685e+08	2.19502e+08	2.27701e+08	2.18187e+08	1.48702e+08	1.38983e+08	1.49019e+08	1.86249e+08	1.86324e+08	1.33662e+08	2.06722e+08	2.05639e+08	2.07296e+08	1.93724e+08	1.2565e+08	2.09411e+08	1.27256e+08	1.38513e+08	1.14668e+08	1.38534e+08	1.12385e+08	1.43649e+08	1.67693e+08	1.69643e+08	1.94294e+08	1.67354e+08	1.65664e+08	1.97583e+08	1.34663e+08	1.33322e+08	1.07447e+08	1.06208e+08	1.33135e+08	1.10469e+08	1.86206e+08	1.8917e+08	1.90968e+08	2.15569e+08	1.87741e+08	2.11917e+08	1.2319e+08	1.43834e+08	1.43593e+08	1.4569e+08	1.23139e+08	1.26953e+08	1.5661e+08	1.49259e+08	1.2346e+08	1.55901e+08	1.33262e+08	1.40231e+08
ERR608122	1.74752e+08	2.48949e+08	1.72955e+08	1.77764e+08	2.48248e+08	2.36109e+08	2.69124e+08	2.53787e+08	2.58984e+08	2.46786e+08	2.54643e+08	2.66952e+08	2.15304e+08	2.15268e+08	2.78987e+08	2.79105e+08	2.79671e+08	2.13345e+08	1.93906e+08	2.05284e+08	1.9499e+08	2.07067e+08	2.09149e+08	1.78181e+08	2.90789e+08	2.62906e+08	2.89019e+08	2.37906e+08	3.5723e+08	2.32256e+08	1.95777e+08	2.06453e+08	1.94434e+08	1.95446e+08	1.8525e+08	1.3059e+08	1.48695e+08	2.03278e+08	1.65091e+08	2.20677e+08	1.61411e+08	1.67732e+08	2.07292e+08	1.62354e+08	2.08621e+08	2.21638e+08	2.29944e+08	2.20288e+08	1.50049e+08	1.40443e+08	1.50494e+08	1.88127e+08	1.88164e+08	1.35024e+08	2.08891e+08	2.07776e+08	2.09456e+08	1.95713e+08	1.2689e+08	2.11681e+08	1.28519e+08	1.39808e+08	1.15916e+08	1.39913e+08	1.13469e+08	1.45082e+08	1.69452e+08	1.71367e+08	1.96454e+08	1.69218e+08	1.67405e+08	1.9969e+08	1.36039e+08	1.34852e+08	1.08571e+08	1.07334e+08	1.34472e+08	1.11689e+08	1.88364e+08	1.91432e+08	1.93167e+08	2.18072e+08	1.89911e+08	2.14389e+08	1.24697e+08	1.45472e+08	1.45181e+08	1.47272e+08	1.24437e+08	1.28412e+08	1.58128e+08	1.5074e+08	1.24735e+08	1.57584e+08	1.34504e+08	1.41706e+08
ERR608120	1.68789e+08	2.40466e+08	1.67086e+08	1.71888e+08	2.39964e+08	2.28383e+08	2.60964e+08	2.46095e+08	2.51086e+08	2.39376e+08	2.46826e+08	2.58605e+08	2.08646e+08	2.08579e+08	2.70451e+08	2.70576e+08	2.71262e+08	2.06724e+08	1.87456e+08	1.98749e+08	1.88856e+08	2.00463e+08	2.02625e+08	1.72405e+08	2.81901e+08	2.54741e+08	2.79597e+08	2.3007e+08	2.32256e+08	3.38e+08	1.89433e+08	1.99327e+08	1.8817e+08	1.88858e+08	1.79339e+08	1.2682e+08	1.44449e+08	1.96729e+08	1.59661e+08	2.13376e+08	1.5626e+08	1.62231e+08	2.00698e+08	1.5768e+08	2.02028e+08	2.14309e+08	2.2239e+08	2.12942e+08	1.45066e+08	1.35858e+08	1.45328e+08	1.81717e+08	1.81651e+08	1.31198e+08	2.01826e+08	2.00834e+08	2.0234e+08	1.89162e+08	1.2313e+08	2.04235e+08	1.23034e+08	1.33681e+08	1.10883e+08	1.33737e+08	1.08674e+08	1.38696e+08	1.64023e+08	1.65818e+08	1.89601e+08	1.63393e+08	1.61862e+08	1.92645e+08	1.3166e+08	1.30399e+08	1.051e+08	1.03933e+08	1.30181e+08	1.08104e+08	1.8266e+08	1.85728e+08	1.8753e+08	2.11084e+08	1.84274e+08	2.07533e+08	1.20497e+08	1.40454e+08	1.4025e+08	1.42272e+08	1.20327e+08	1.24105e+08	1.5244e+08	1.45484e+08	1.20407e+08	1.51819e+08	1.29651e+08	1.36487e+08
ERR608590	1.80348e+08	2.56351e+08	1.78696e+08	1.83487e+08	2.56189e+08	2.43752e+08	2.6841e+08	2.52176e+08	2.57736e+08	2.45359e+08	2.53284e+08	2.6558e+08	2.06968e+08	2.06863e+08	2.69436e+08	2.69487e+08	2.70273e+08	2.0503e+08	1.9647e+08	2.08539e+08	1.98192e+08	2.10498e+08	2.12596e+08	1.80822e+08	2.41256e+08	2.16619e+08	2.38546e+08	1.93722e+08	1.95777e+08	1.89433e+08	3.46197e+08	2.3842e+08	2.26222e+08	2.27081e+08	2.15067e+08	1.53944e+08	1.59775e+08	2.14967e+08	1.7529e+08	2.32576e+08	1.71577e+08	1.78266e+08	2.00703e+08	1.5885e+08	2.02383e+08	2.14039e+08	2.22134e+08	2.12629e+08	1.48833e+08	1.39601e+08	1.49026e+08	1.86939e+08	1.86689e+08	1.35362e+08	2.11065e+08	2.10091e+08	2.11733e+08	1.98141e+08	1.2991e+08	2.1339e+08	1.19905e+08	1.30133e+08	1.07943e+08	1.30315e+08	1.05616e+08	1.35102e+08	1.69865e+08	1.71705e+08	1.9569e+08	1.68736e+08	1.67647e+08	1.98947e+08	1.36254e+08	1.3491e+08	1.08637e+08	1.07608e+08	1.34809e+08	1.11909e+08	1.88419e+08	1.9201e+08	1.93667e+08	2.17918e+08	1.90481e+08	2.14161e+08	1.25816e+08	1.46572e+08	1.46327e+08	1.4835e+08	1.25771e+08	1.29616e+08	1.5563e+08	1.49129e+08	1.2295e+08	1.55127e+08	1.3219e+08	1.39094e+08
ERR608587	1.89834e+08	2.69922e+08	1.88004e+08	1.93011e+08	2.69362e+08	2.56389e+08	2.81747e+08	2.64836e+08	2.70586e+08	2.57742e+08	2.65972e+08	2.791e+08	2.17728e+08	2.17776e+08	2.8351e+08	2.83672e+08	2.8431e+08	2.15782e+08	2.06187e+08	2.18805e+08	2.07776e+08	2.20776e+08	2.23069e+08	1.89608e+08	2.53793e+08	2.27921e+08	2.51408e+08	2.04095e+08	2.06453e+08	1.99327e+08	2.3842e+08	3.76014e+08	2.36138e+08	2.37504e+08	2.26275e+08	1.61429e+08	1.67337e+08	2.25869e+08	1.84064e+08	2.4456e+08	1.80091e+08	1.87095e+08	2.10951e+08	1.66308e+08	2.12447e+08	2.2509e+08	2.33542e+08	2.23473e+08	1.56905e+08	1.46902e+08	1.56884e+08	1.96772e+08	1.96678e+08	1.41861e+08	2.22331e+08	2.21213e+08	2.2291e+08	2.08684e+08	1.3639e+08	2.24959e+08	1.27123e+08	1.38032e+08	1.14546e+08	1.38378e+08	1.12071e+08	1.43412e+08	1.78758e+08	1.80668e+08	2.06344e+08	1.77868e+08	1.76393e+08	2.09846e+08	1.43281e+08	1.41968e+08	1.14247e+08	1.13155e+08	1.41817e+08	1.17698e+08	1.98042e+08	2.01615e+08	2.03361e+08	2.29361e+08	1.99962e+08	2.2522e+08	1.32396e+08	1.54383e+08	1.54106e+08	1.56465e+08	1.32241e+08	1.36471e+08	1.64232e+08	1.57181e+08	1.2965e+08	1.63623e+08	1.39568e+08	1.46898e+08
ERR608589	1.79006e+08	2.5435e+08	1.77386e+08	1.82119e+08	2.5422e+08	2.41904e+08	2.66437e+08	2.50433e+08	2.55841e+08	2.43748e+08	2.51428e+08	2.63617e+08	2.05149e+08	2.05107e+08	2.67295e+08	2.674e+08	2.68095e+08	2.03281e+08	1.95195e+08	2.0732e+08	1.96947e+08	2.09126e+08	2.11285e+08	1.7976e+08	2.39751e+08	2.1512e+08	2.36839e+08	1.92315e+08	1.94434e+08	1.8817e+08	2.26222e+08	2.36138e+08	3.41424e+08	2.25086e+08	2.13196e+08	1.52615e+08	1.58643e+08	2.13295e+08	1.73841e+08	2.30737e+08	1.70242e+08	1.76792e+08	1.99277e+08	1.57706e+08	2.00843e+08	2.124e+08	2.2043e+08	2.11022e+08	1.47368e+08	1.3835e+08	1.47493e+08	1.8502e+08	1.84824e+08	1.34096e+08	2.09022e+08	2.07967e+08	2.0967e+08	1.96307e+08	1.28654e+08	2.11342e+08	1.18644e+08	1.28709e+08	1.06817e+08	1.28956e+08	1.0452e+08	1.33653e+08	1.68398e+08	1.70128e+08	1.93873e+08	1.6746e+08	1.66201e+08	1.97085e+08	1.35005e+08	1.33748e+08	1.07715e+08	1.06675e+08	1.33649e+08	1.10919e+08	1.87022e+08	1.90776e+08	1.92445e+08	2.16485e+08	1.89149e+08	2.1256e+08	1.24577e+08	1.45232e+08	1.44978e+08	1.47112e+08	1.24499e+08	1.28563e+08	1.54194e+08	1.4778e+08	1.21887e+08	1.53645e+08	1.30942e+08	1.37745e+08
