	ERR605645	ERR605646	ERR605641	ERR605643	ERR605644	ERR605642	ERR618718	ERR618722	ERR618721	ERR618720	ERR618719	ERR618717	ERR636986	ERR636987	ERR636985	ERR636990	ERR636988	ERR636989	ERR636768	ERR636766	ERR636765	ERR636763	ERR636764	ERR636767	ERR637065	ERR637067	ERR637068	ERR637066	ERR637063	ERR637064	ERR613447	ERR613446	ERR613443	ERR613448	ERR613445	ERR613444	ERR636697	ERR636702	ERR636699	ERR636700	ERR636701	ERR636698	ERR613974	ERR613977	ERR613972	ERR613975	ERR613973	ERR613976	ERR631325	ERR631323	ERR631328	ERR631327	ERR631326	ERR631324	ERR630097	ERR630096	ERR630098	ERR630099	ERR630100	ERR630101	ERR614898	ERR614900	ERR614897	ERR614895	ERR614899	ERR614896	ERR638277	ERR638273	ERR638275	ERR638278	ERR638274	ERR638276	ERR618617	ERR618620	ERR618615	ERR618616	ERR618618	ERR618619	ERR612297	ERR612293	ERR612296	ERR612294	ERR612298	ERR612295	ERR608925	ERR608928	ERR608930	ERR608927	ERR608929	ERR608926	ERR617501	ERR617499	ERR617504	ERR617500	ERR617502	ERR617503
ERR605645	3.68739e+08	2.55942e+08	2.86221e+08	2.61235e+08	2.49166e+08	2.64262e+08	2.44489e+08	2.61572e+08	2.56371e+08	2.53905e+08	2.46306e+08	2.61624e+08	1.55879e+08	1.91816e+08	1.90434e+08	2.00767e+08	1.6784e+08	2.05848e+08	2.04956e+08	2.01246e+08	2.08855e+08	1.91181e+08	2.07323e+08	2.02512e+08	1.89722e+08	1.8448e+08	1.86759e+08	1.83602e+08	1.73149e+08	1.88143e+08	2.24213e+08	2.17516e+08	2.75414e+08	1.81151e+08	2.52173e+08	2.3094e+08	2.28143e+08	2.13082e+08	2.55283e+08	2.16867e+08	2.11161e+08	2.57838e+08	1.65262e+08	2.16364e+08	2.13009e+08	1.86508e+08	1.90323e+08	1.86853e+08	2.67212e+08	2.32882e+08	2.24889e+08	2.25382e+08	2.26949e+08	2.24287e+08	1.23128e+08	1.42919e+08	1.3531e+08	1.11588e+08	1.34142e+08	1.40959e+08	1.27647e+08	1.26112e+08	1.01578e+08	1.00701e+08	1.2616e+08	1.04577e+08	1.63355e+08	1.20529e+08	1.17818e+08	1.49668e+08	1.23728e+08	1.63339e+08	1.40664e+08	1.26485e+08	1.4936e+08	1.37168e+08	1.37117e+08	1.26446e+08	1.65642e+08	1.43545e+08	1.68987e+08	1.17696e+08	1.7866e+08	1.16642e+08	1.03622e+08	1.4313e+08	1.42528e+08	1.55382e+08	1.43067e+08	1.46043e+08	1.45523e+08	1.39472e+08	1.14764e+08	1.45001e+08	1.23191e+08	1.29854e+08
ERR605646	2.55942e+08	3.58884e+08	2.81874e+08	2.57304e+08	2.45504e+08	2.60346e+08	2.40714e+08	2.57583e+08	2.52567e+08	2.49964e+08	2.42578e+08	2.57653e+08	1.53389e+08	1.8881e+08	1.87589e+08	1.97617e+08	1.65125e+08	2.02544e+08	2.01692e+08	1.97997e+08	2.05393e+08	1.88045e+08	2.03969e+08	1.99178e+08	1.86748e+08	1.81604e+08	1.8378e+08	1.80575e+08	1.70352e+08	1.85222e+08	2.20782e+08	2.14543e+08	2.71302e+08	1.78444e+08	2.48454e+08	2.27462e+08	2.24497e+08	2.09545e+08	2.51225e+08	2.13346e+08	2.0782e+08	2.54107e+08	1.62523e+08	2.13007e+08	2.09663e+08	1.83674e+08	1.87451e+08	1.83997e+08	2.63178e+08	2.29303e+08	2.21548e+08	2.22002e+08	2.23428e+08	2.21044e+08	1.21045e+08	1.40508e+08	1.32966e+08	1.09612e+08	1.31793e+08	1.38342e+08	1.25495e+08	1.24141e+08	9.99754e+07	9.90332e+07	1.24018e+08	1.02852e+08	1.60759e+08	1.1853e+08	1.1596e+08	1.47203e+08	1.21697e+08	1.60839e+08	1.38499e+08	1.24571e+08	1.47011e+08	1.34946e+08	1.35188e+08	1.2454e+08	1.63757e+08	1.42325e+08	1.66981e+08	1.16679e+08	1.76534e+08	1.15639e+08	1.01748e+08	1.40692e+08	1.3998e+08	1.5274e+08	1.4063e+08	1.43578e+08	1.43259e+08	1.37191e+08	1.12962e+08	1.4267e+08	1.21241e+08	1.27917e+08
ERR605641	2.86221e+08	2.81874e+08	4.45177e+08	2.90929e+08	2.76358e+08	2.94151e+08	2.75326e+08	2.95687e+08	2.8956e+08	2.86614e+08	2.77799e+08	2.95323e+08	1.74741e+08	2.16157e+08	2.14684e+08	2.25944e+08	1.88504e+08	2.31493e+08	2.31251e+08	2.2704e+08	2.35159e+08	2.15337e+08	2.34183e+08	2.28432e+08	2.12878e+08	2.07205e+08	2.09764e+08	2.0623e+08	1.94199e+08	2.11578e+08	2.48993e+08	2.41802e+08	3.06492e+08	1.99773e+08	2.80108e+08	2.55909e+08	2.57916e+08	2.40177e+08	2.88526e+08	2.4476e+08	2.38204e+08	2.92399e+08	1.85815e+08	2.44501e+08	2.40764e+08	2.10915e+08	2.15005e+08	2.11443e+08	3.03011e+08	2.63938e+08	2.54754e+08	2.5516e+08	2.56842e+08	2.54547e+08	1.39381e+08	1.62219e+08	1.53501e+08	1.25568e+08	1.51123e+08	1.58794e+08	1.4492e+08	1.43313e+08	1.15262e+08	1.13953e+08	1.43206e+08	1.18519e+08	1.86119e+08	1.36944e+08	1.34148e+08	1.69392e+08	1.40743e+08	1.862e+08	1.59784e+08	1.44185e+08	1.6968e+08	1.55549e+08	1.56421e+08	1.44195e+08	1.90291e+08	1.69702e+08	1.94458e+08	1.38869e+08	2.0535e+08	1.37426e+08	1.16471e+08	1.62249e+08	1.61343e+08	1.76357e+08	1.61954e+08	1.65461e+08	1.66627e+08	1.59036e+08	1.31029e+08	1.65984e+08	1.41103e+08	1.48868e+08
ERR605643	2.61235e+08	2.57304e+08	2.90929e+08	3.77398e+08	2.52158e+08	2.6824e+08	2.47964e+08	2.65849e+08	2.60568e+08	2.57878e+08	2.49962e+08	2.65527e+08	1.57606e+08	1.94516e+08	1.93166e+08	2.03224e+08	1.69854e+08	2.08464e+08	2.07993e+08	2.04197e+08	2.117e+08	1.93843e+08	2.10719e+08	2.05558e+08	1.91753e+08	1.86817e+08	1.8897e+08	1.85841e+08	1.75162e+08	1.9058e+08	2.26597e+08	2.20056e+08	2.78295e+08	1.82445e+08	2.54573e+08	2.32998e+08	2.32074e+08	2.16285e+08	2.59431e+08	2.20305e+08	2.14449e+08	2.62859e+08	1.67333e+08	2.1986e+08	2.16574e+08	1.89918e+08	1.93413e+08	1.90179e+08	2.7223e+08	2.37086e+08	2.28941e+08	2.29337e+08	2.3086e+08	2.28726e+08	1.25237e+08	1.4551e+08	1.37698e+08	1.12943e+08	1.35842e+08	1.42736e+08	1.30241e+08	1.288e+08	1.03649e+08	1.02433e+08	1.28682e+08	1.06637e+08	1.67003e+08	1.22946e+08	1.20409e+08	1.52119e+08	1.26366e+08	1.67017e+08	1.43595e+08	1.29476e+08	1.52409e+08	1.39805e+08	1.40551e+08	1.2944e+08	1.71152e+08	1.51358e+08	1.74917e+08	1.23844e+08	1.84809e+08	1.22654e+08	1.0499e+08	1.45697e+08	1.44914e+08	1.58512e+08	1.45673e+08	1.48633e+08	1.494e+08	1.42726e+08	1.1755e+08	1.48863e+08	1.26562e+08	1.33477e+08
ERR605644	2.49166e+08	2.45504e+08	2.76358e+08	2.52158e+08	3.46056e+08	2.54832e+08	2.34604e+08	2.52254e+08	2.46961e+08	2.44456e+08	2.36758e+08	2.51596e+08	1.49031e+08	1.84249e+08	1.8292e+08	1.92431e+08	1.60822e+08	1.97158e+08	1.97189e+08	1.93544e+08	2.00456e+08	1.83767e+08	1.99817e+08	1.9477e+08	1.81292e+08	1.76665e+08	1.78885e+08	1.75807e+08	1.65665e+08	1.80383e+08	2.15982e+08	2.09867e+08	2.64562e+08	1.73875e+08	2.419e+08	2.21724e+08	2.20293e+08	2.05032e+08	2.46081e+08	2.08898e+08	2.03466e+08	2.49611e+08	1.58402e+08	2.08285e+08	2.05343e+08	1.80121e+08	1.83263e+08	1.80441e+08	2.5781e+08	2.24932e+08	2.17154e+08	2.1749e+08	2.19018e+08	2.17117e+08	1.17542e+08	1.36802e+08	1.2945e+08	1.05801e+08	1.27277e+08	1.33732e+08	1.22811e+08	1.21328e+08	9.75491e+07	9.6418e+07	1.21143e+08	1.00315e+08	1.57422e+08	1.1577e+08	1.1344e+08	1.43005e+08	1.19036e+08	1.57417e+08	1.35483e+08	1.22389e+08	1.43744e+08	1.31679e+08	1.32627e+08	1.22401e+08	1.63718e+08	1.46187e+08	1.67213e+08	1.1955e+08	1.76589e+08	1.1827e+08	9.8314e+07	1.37042e+08	1.36321e+08	1.49001e+08	1.36832e+08	1.39617e+08	1.41163e+08	1.34478e+08	1.10938e+08	1.40584e+08	1.19613e+08	1.26083e+08
ERR605642	2.64262e+08	2.60346e+08	2.94151e+08	2.6824e+08	2.54832e+08	3.84987e+08	2.52177e+08	2.70409e+08	2.64952e+08	2.62276e+08	2.54234e+08	2.70086e+08	1.60166e+08	1.97747e+08	1.96422e+08	2.06685e+08	1.72579e+08	2.1187e+08	2.11414e+08	2.07583e+08	2.15297e+08	1.96977e+08	2.1413e+08	2.08957e+08	1.94966e+08	1.89836e+08	1.92078e+08	1.88848e+08	1.78091e+08	1.93795e+08	2.30036e+08	2.23276e+08	2.8253e+08	1.84996e+08	2.5856e+08	2.36479e+08	2.35896e+08	2.19755e+08	2.63672e+08	2.2387e+08	2.17872e+08	2.67099e+08	1.69948e+08	2.2339e+08	2.19938e+08	1.9274e+08	1.96426e+08	1.9304e+08	2.76385e+08	2.40891e+08	2.3263e+08	2.32965e+08	2.34589e+08	2.32372e+08	1.2691e+08	1.47568e+08	1.39715e+08	1.14398e+08	1.37667e+08	1.44676e+08	1.31959e+08	1.30515e+08	1.0509e+08	1.03884e+08	1.30437e+08	1.0797e+08	1.69195e+08	1.24612e+08	1.22036e+08	1.54312e+08	1.28071e+08	1.69178e+08	1.4559e+08	1.31437e+08	1.5474e+08	1.4185e+08	1.42472e+08	1.31371e+08	1.73394e+08	1.53246e+08	1.77127e+08	1.25491e+08	1.87145e+08	1.24327e+08	1.06275e+08	1.47655e+08	1.46943e+08	1.60475e+08	1.47585e+08	1.50616e+08	1.5129e+08	1.44577e+08	1.19097e+08	1.5075e+08	1.28094e+08	1.35081e+08
ERR618718	2.44489e+08	2.40714e+08	2.75326e+08	2.47964e+08	2.34604e+08	2.52177e+08	5.76115e+08	4.41126e+08	4.32399e+08	4.27649e+08	4.17015e+08	4.42203e+08	2.32784e+08	2.87913e+08	2.85671e+08	3.01094e+08	2.50891e+08	3.08819e+08	3.07332e+08	3.01504e+08	3.13643e+08	2.86172e+08	3.11162e+08	3.03466e+08	2.83978e+08	2.75647e+08	2.79359e+08	2.74444e+08	2.58707e+08	2.81529e+08	2.73976e+08	2.65555e+08	3.44582e+08	2.15409e+08	3.12466e+08	2.83203e+08	3.35606e+08	3.13018e+08	3.76662e+08	3.1902e+08	3.10526e+08	3.80491e+08	2.3775e+08	3.11917e+08	3.071e+08	2.68484e+08	2.74393e+08	2.69241e+08	4.10108e+08	3.57719e+08	3.45925e+08	3.46161e+08	3.48474e+08	3.44776e+08	1.73882e+08	2.02124e+08	1.91277e+08	1.58078e+08	1.90075e+08	2.00011e+08	1.83486e+08	1.81864e+08	1.46026e+08	1.44757e+08	1.81585e+08	1.5043e+08	2.35325e+08	1.72942e+08	1.69129e+08	2.14892e+08	1.77752e+08	2.34954e+08	2.03604e+08	1.82609e+08	2.16164e+08	1.98286e+08	1.984e+08	1.826e+08	2.078e+08	1.87811e+08	2.13242e+08	1.54079e+08	2.25178e+08	1.51745e+08	1.47759e+08	2.04482e+08	2.0343e+08	2.225e+08	2.04357e+08	2.08915e+08	2.09112e+08	2.00399e+08	1.64603e+08	2.08424e+08	1.77107e+08	1.8671e+08
ERR618722	2.61572e+08	2.57583e+08	2.95687e+08	2.65849e+08	2.52254e+08	2.70409e+08	4.41126e+08	6.49893e+08	4.65743e+08	4.60703e+08	4.46316e+08	4.73138e+08	2.48555e+08	3.07958e+08	3.05721e+08	3.22133e+08	2.68209e+08	3.30258e+08	3.29048e+08	3.22572e+08	3.35358e+08	3.06135e+08	3.33367e+08	3.2493e+08	3.0294e+08	2.94374e+08	2.98283e+08	2.92975e+08	2.75944e+08	3.00788e+08	2.93567e+08	2.84531e+08	3.68951e+08	2.299e+08	3.33758e+08	3.02292e+08	3.59994e+08	3.35324e+08	4.03718e+08	3.41666e+08	3.32617e+08	4.08835e+08	2.53979e+08	3.34616e+08	3.29305e+08	2.88165e+08	2.93879e+08	2.89e+08	4.41447e+08	3.84749e+08	3.72006e+08	3.7252e+08	3.74736e+08	3.71166e+08	1.8633e+08	2.16899e+08	2.05238e+08	1.68756e+08	2.03153e+08	2.13591e+08	1.97164e+08	1.95341e+08	1.567e+08	1.54955e+08	1.94975e+08	1.61479e+08	2.53108e+08	1.85638e+08	1.81772e+08	2.30356e+08	1.91003e+08	2.52804e+08	2.18599e+08	1.9635e+08	2.3178e+08	2.12508e+08	2.1326e+08	1.96574e+08	2.2633e+08	2.08883e+08	2.32408e+08	1.70909e+08	2.45335e+08	1.68135e+08	1.5769e+08	2.19236e+08	2.18068e+08	2.38863e+08	2.19103e+08	2.2393e+08	2.25987e+08	2.16001e+08	1.77597e+08	2.25161e+08	1.9149e+08	2.02037e+08
ERR618721	2.56371e+08	2.52567e+08	2.8956e+08	2.60568e+08	2.46961e+08	2.64952e+08	4.32399e+08	4.65743e+08	6.26566e+08	4.51245e+08	4.37162e+08	4.63432e+08	2.44019e+08	3.02101e+08	2.99912e+08	3.16186e+08	2.63127e+08	3.24001e+08	3.22804e+08	3.16462e+08	3.29073e+08	3.00294e+08	3.26827e+08	3.18663e+08	2.97235e+08	2.89008e+08	2.92731e+08	2.87529e+08	2.71036e+08	2.95043e+08	2.87762e+08	2.78887e+08	3.61614e+08	2.2558e+08	3.27558e+08	2.9665e+08	3.52955e+08	3.28732e+08	3.95774e+08	3.34809e+08	3.26213e+08	4.00387e+08	2.49032e+08	3.27809e+08	3.22756e+08	2.82378e+08	2.88242e+08	2.83094e+08	4.32206e+08	3.76954e+08	3.64276e+08	3.64781e+08	3.6704e+08	3.63261e+08	1.82608e+08	2.12419e+08	2.01039e+08	1.65463e+08	1.99107e+08	2.09423e+08	1.93137e+08	1.91291e+08	1.53648e+08	1.5197e+08	1.91052e+08	1.58205e+08	2.47735e+08	1.8185e+08	1.77944e+08	2.25879e+08	1.87103e+08	2.47385e+08	2.14268e+08	1.92377e+08	2.2715e+08	2.08607e+08	2.0898e+08	1.92339e+08	2.20839e+08	2.02352e+08	2.26927e+08	1.65873e+08	2.39434e+08	1.63096e+08	1.54678e+08	2.14895e+08	2.13666e+08	2.33934e+08	2.14688e+08	2.19528e+08	2.21033e+08	2.11211e+08	1.736e+08	2.20091e+08	1.87184e+08	1.97284e+08
ERR618720	2.53905e+08	2.49964e+08	2.86614e+08	2.57878e+08	2.44456e+08	2.62276e+08	4.27649e+08	4.60703e+08	4.51245e+08	6.14408e+08	4.32208e+08	4.58162e+08	2.41354e+08	2.98758e+08	2.96535e+08	3.12588e+08	2.60289e+08	3.20584e+08	3.19245e+08	3.13096e+08	3.25481e+08	2.97063e+08	3.23353e+08	3.15236e+08	2.94076e+08	2.85823e+08	2.89619e+08	2.84434e+08	2.68117e+08	2.91906e+08	2.84862e+08	2.76015e+08	3.57917e+08	2.23257e+08	3.24058e+08	2.93651e+08	3.48943e+08	3.25226e+08	3.91349e+08	3.3126e+08	3.22607e+08	3.9611e+08	2.46291e+08	3.24169e+08	3.19158e+08	2.79268e+08	2.8504e+08	2.80068e+08	4.27534e+08	3.72869e+08	3.60272e+08	3.60804e+08	3.63144e+08	3.59506e+08	1.80375e+08	2.09846e+08	1.9864e+08	1.63611e+08	1.96854e+08	2.07036e+08	1.90695e+08	1.88981e+08	1.51473e+08	1.50036e+08	1.88717e+08	1.56185e+08	2.44733e+08	1.79577e+08	1.75715e+08	2.2295e+08	1.84742e+08	2.44429e+08	2.11635e+08	1.90142e+08	2.24479e+08	2.05976e+08	2.06419e+08	1.90161e+08	2.18169e+08	1.99996e+08	2.24007e+08	1.63729e+08	2.36518e+08	1.61173e+08	1.52808e+08	2.12178e+08	2.11087e+08	2.30967e+08	2.12058e+08	2.16658e+08	2.18341e+08	2.0879e+08	1.71431e+08	2.17394e+08	1.8493e+08	1.94975e+08
ERR618719	2.46306e+08	2.42578e+08	2.77799e+08	2.49962e+08	2.36758e+08	2.54234e+08	4.17015e+08	4.46316e+08	4.37162e+08	4.32208e+08	5.85966e+08	4.46697e+08	2.34972e+08	2.90589e+08	2.88454e+08	3.04075e+08	2.53387e+08	3.11964e+08	3.10405e+08	3.04419e+08	3.16691e+08	2.88992e+08	3.14505e+08	3.06537e+08	2.86368e+08	2.78216e+08	2.81764e+08	2.76919e+08	2.61044e+08	2.84108e+08	2.76319e+08	2.67827e+08	3.47482e+08	2.17062e+08	3.14898e+08	2.8518e+08	3.39064e+08	3.1608e+08	3.80252e+08	3.22033e+08	3.13589e+08	3.84566e+08	2.39749e+08	3.15269e+08	3.10149e+08	2.71374e+08	2.77109e+08	2.72203e+08	4.15066e+08	3.61803e+08	3.50035e+08	3.50353e+08	3.52464e+08	3.49019e+08	1.75403e+08	2.03976e+08	1.93002e+08	1.59247e+08	1.91552e+08	2.01416e+08	1.85382e+08	1.83785e+08	1.47421e+08	1.46005e+08	1.83456e+08	1.51981e+08	2.37732e+08	1.74667e+08	1.70916e+08	2.16872e+08	1.79653e+08	2.37427e+08	2.05817e+08	1.84641e+08	2.1818e+08	2.00096e+08	2.00385e+08	1.84678e+08	2.10443e+08	1.91975e+08	2.15976e+08	1.57286e+08	2.27905e+08	1.54875e+08	1.48874e+08	2.06296e+08	2.05367e+08	2.24709e+08	2.06246e+08	2.10734e+08	2.11745e+08	2.02668e+08	1.66658e+08	2.1104e+08	1.79457e+08	1.89132e+08
ERR618717	2.61624e+08	2.57653e+08	2.95323e+08	2.65527e+08	2.51596e+08	2.70086e+08	4.42203e+08	4.73138e+08	4.63432e+08	4.58162e+08	4.46697e+08	6.50683e+08	2.48969e+08	3.08278e+08	3.06039e+08	3.22567e+08	2.68553e+08	3.30792e+08	3.29244e+08	3.2281e+08	3.35692e+08	3.0616e+08	3.33437e+08	3.25189e+08	3.03313e+08	2.94721e+08	2.98827e+08	2.93367e+08	2.76475e+08	3.01081e+08	2.93532e+08	2.84327e+08	3.68951e+08	2.30091e+08	3.34362e+08	3.02808e+08	3.59672e+08	3.35185e+08	4.03437e+08	3.41555e+08	3.32566e+08	4.0812e+08	2.54202e+08	3.34252e+08	3.28883e+08	2.87587e+08	2.93709e+08	2.8848e+08	4.40406e+08	3.84031e+08	3.71118e+08	3.71612e+08	3.73837e+08	3.70238e+08	1.8707e+08	2.17608e+08	2.05859e+08	1.69662e+08	2.04079e+08	2.14661e+08	1.97445e+08	1.95643e+08	1.56942e+08	1.55472e+08	1.95355e+08	1.61718e+08	2.53104e+08	1.85907e+08	1.81969e+08	2.31029e+08	1.91166e+08	2.52916e+08	2.19042e+08	1.96738e+08	2.32595e+08	2.1335e+08	2.13758e+08	1.96771e+08	2.24922e+08	2.04689e+08	2.30892e+08	1.67737e+08	2.43643e+08	1.65234e+08	1.58479e+08	2.19851e+08	2.18625e+08	2.39386e+08	2.19825e+08	2.24508e+08	2.25588e+08	2.15863e+08	1.77258e+08	2.24613e+08	1.90982e+08	2.01353e+08
ERR636986	1.55879e+08	1.53389e+08	1.74741e+08	1.57606e+08	1.49031e+08	1.60166e+08	2.32784e+08	2.48555e+08	2.44019e+08	2.41354e+08	2.34972e+08	2.48969e+08	2.7009e+08	2.0824e+08	2.06798e+08	2.17096e+08	1.81811e+08	2.22971e+08	2.06776e+08	2.03227e+08	2.1095e+08	1.93406e+08	2.09315e+08	2.04354e+08	1.8602e+08	1.80521e+08	1.82634e+08	1.79736e+08	1.69906e+08	1.84211e+08	1.73889e+08	1.68474e+08	2.18074e+08	1.37508e+08	1.98443e+08	1.80112e+08	2.17841e+08	2.03992e+08	2.43342e+08	2.07708e+08	2.0236e+08	2.45406e+08	1.55396e+08	2.02412e+08	1.9938e+08	1.748e+08	1.78702e+08	1.75377e+08	2.65671e+08	2.32117e+08	2.24309e+08	2.2467e+08	2.26039e+08	2.23244e+08	1.06142e+08	1.232e+08	1.16586e+08	9.67464e+07	1.16355e+08	1.22428e+08	1.12129e+08	1.11127e+08	8.91603e+07	8.86017e+07	1.11048e+08	9.20506e+07	1.43497e+08	1.05574e+08	1.03243e+08	1.31658e+08	1.08502e+08	1.43394e+08	1.26466e+08	1.13042e+08	1.34125e+08	1.23271e+08	1.22833e+08	1.1302e+08	1.24703e+08	1.12951e+08	1.27963e+08	9.28211e+07	1.35109e+08	9.13841e+07	9.07334e+07	1.24995e+08	1.24469e+08	1.35978e+08	1.24973e+08	1.27905e+08	1.27714e+08	1.22615e+08	1.00612e+08	1.2727e+08	1.08253e+08	1.14006e+08
ERR636987	1.91816e+08	1.8881e+08	2.16157e+08	1.94516e+08	1.84249e+08	1.97747e+08	2.87913e+08	3.07958e+08	3.02101e+08	2.98758e+08	2.90589e+08	3.08278e+08	2.0824e+08	3.82573e+08	2.55049e+08	2.67478e+08	2.23516e+08	2.74674e+08	2.55325e+08	2.50643e+08	2.60233e+08	2.38303e+08	2.58334e+08	2.52177e+08	2.28567e+08	2.22118e+08	2.24946e+08	2.21091e+08	2.08752e+08	2.26792e+08	2.15374e+08	2.08596e+08	2.70176e+08	1.69359e+08	2.45251e+08	2.22563e+08	2.69409e+08	2.51925e+08	3.01144e+08	2.5665e+08	2.49894e+08	3.04604e+08	1.91079e+08	2.50251e+08	2.46439e+08	2.15952e+08	2.20591e+08	2.16715e+08	3.29733e+08	2.87407e+08	2.78e+08	2.78284e+08	2.79996e+08	2.76875e+08	1.32551e+08	1.54059e+08	1.45766e+08	1.20265e+08	1.44769e+08	1.52305e+08	1.40264e+08	1.39082e+08	1.11413e+08	1.1053e+08	1.38887e+08	1.14904e+08	1.79752e+08	1.31929e+08	1.29259e+08	1.64161e+08	1.35816e+08	1.79568e+08	1.57675e+08	1.41281e+08	1.67261e+08	1.53564e+08	1.53464e+08	1.41336e+08	1.58527e+08	1.45941e+08	1.62752e+08	1.19696e+08	1.71892e+08	1.17705e+08	1.12701e+08	1.56187e+08	1.55379e+08	1.70004e+08	1.56116e+08	1.59585e+08	1.60551e+08	1.53786e+08	1.26374e+08	1.59915e+08	1.36088e+08	1.4344e+08
ERR636985	1.90434e+08	1.87589e+08	2.14684e+08	1.93166e+08	1.8292e+08	1.96422e+08	2.85671e+08	3.05721e+08	2.99912e+08	2.96535e+08	2.88454e+08	3.06039e+08	2.06798e+08	2.55049e+08	3.77474e+08	2.65611e+08	2.21934e+08	2.72754e+08	2.5351e+08	2.48768e+08	2.58287e+08	2.36702e+08	2.56516e+08	2.50372e+08	2.26807e+08	2.20479e+08	2.23255e+08	2.19453e+08	2.07147e+08	2.24921e+08	2.13877e+08	2.07257e+08	2.68295e+08	1.68142e+08	2.43601e+08	2.21029e+08	2.67379e+08	2.49909e+08	2.98808e+08	2.54533e+08	2.47967e+08	3.02121e+08	1.89614e+08	2.4826e+08	2.44474e+08	2.14323e+08	2.18788e+08	2.15025e+08	3.27113e+08	2.85171e+08	2.75677e+08	2.75881e+08	2.77702e+08	2.74704e+08	1.31371e+08	1.52762e+08	1.44504e+08	1.19206e+08	1.43491e+08	1.50886e+08	1.39044e+08	1.37797e+08	1.1045e+08	1.09519e+08	1.37461e+08	1.13858e+08	1.78169e+08	1.30713e+08	1.28038e+08	1.62692e+08	1.34545e+08	1.77879e+08	1.56261e+08	1.40088e+08	1.65854e+08	1.5224e+08	1.52239e+08	1.40119e+08	1.57315e+08	1.44799e+08	1.61563e+08	1.18779e+08	1.70351e+08	1.16761e+08	1.11624e+08	1.54712e+08	1.54016e+08	1.68502e+08	1.54729e+08	1.58019e+08	1.59105e+08	1.52389e+08	1.25086e+08	1.58513e+08	1.34829e+08	1.42025e+08
ERR636990	2.00767e+08	1.97617e+08	2.25944e+08	2.03224e+08	1.92431e+08	2.06685e+08	3.01094e+08	3.22133e+08	3.16186e+08	3.12588e+08	3.04075e+08	3.22567e+08	2.17096e+08	2.67478e+08	2.65611e+08	4.12228e+08	2.34483e+08	2.88471e+08	2.66835e+08	2.61994e+08	2.72102e+08	2.49005e+08	2.70136e+08	2.63643e+08	2.39223e+08	2.32337e+08	2.35073e+08	2.31185e+08	2.18258e+08	2.37096e+08	2.2531e+08	2.18226e+08	2.82754e+08	1.77441e+08	2.57035e+08	2.33137e+08	2.81592e+08	2.63228e+08	3.14846e+08	2.68149e+08	2.6119e+08	3.17924e+08	2.00006e+08	2.61524e+08	2.57431e+08	2.25416e+08	2.30554e+08	2.26327e+08	3.44338e+08	3.00268e+08	2.90327e+08	2.90524e+08	2.92191e+08	2.88948e+08	1.38892e+08	1.61321e+08	1.52611e+08	1.26251e+08	1.51886e+08	1.59858e+08	1.46911e+08	1.45618e+08	1.16853e+08	1.15865e+08	1.45387e+08	1.20433e+08	1.88105e+08	1.38197e+08	1.35305e+08	1.72084e+08	1.42095e+08	1.87934e+08	1.64956e+08	1.47668e+08	1.74949e+08	1.60736e+08	1.6035e+08	1.47717e+08	1.65248e+08	1.51057e+08	1.69625e+08	1.24061e+08	1.7913e+08	1.21978e+08	1.18337e+08	1.63444e+08	1.62723e+08	1.77921e+08	1.63554e+08	1.6717e+08	1.67829e+08	1.60837e+08	1.32122e+08	1.67093e+08	1.42069e+08	1.49767e+08
ERR636988	1.6784e+08	1.65125e+08	1.88504e+08	1.69854e+08	1.60822e+08	1.72579e+08	2.50891e+08	2.68209e+08	2.63127e+08	2.60289e+08	2.53387e+08	2.68553e+08	1.81811e+08	2.23516e+08	2.21934e+08	2.34483e+08	3.04581e+08	2.40802e+08	2.22824e+08	2.18736e+08	2.27099e+08	2.08154e+08	2.25299e+08	2.20012e+08	1.99685e+08	1.93891e+08	1.96309e+08	1.9308e+08	1.82333e+08	1.97817e+08	1.87442e+08	1.81578e+08	2.34887e+08	1.47919e+08	2.13484e+08	1.93797e+08	2.34719e+08	2.19621e+08	2.62274e+08	2.23722e+08	2.17936e+08	2.64728e+08	1.6724e+08	2.18235e+08	2.14894e+08	1.8841e+08	1.9256e+08	1.89046e+08	2.86742e+08	2.50283e+08	2.42151e+08	2.42338e+08	2.43874e+08	2.41014e+08	1.14426e+08	1.32923e+08	1.25647e+08	1.0403e+08	1.25231e+08	1.31624e+08	1.21054e+08	1.20042e+08	9.62281e+07	9.55358e+07	1.1983e+08	9.91556e+07	1.54828e+08	1.13676e+08	1.11373e+08	1.41691e+08	1.17012e+08	1.5466e+08	1.36045e+08	1.21665e+08	1.44175e+08	1.32502e+08	1.32235e+08	1.21889e+08	1.35879e+08	1.24181e+08	1.39533e+08	1.01931e+08	1.47201e+08	1.00268e+08	9.74886e+07	1.34761e+08	1.34072e+08	1.46537e+08	1.34794e+08	1.37738e+08	1.38263e+08	1.32541e+08	1.08911e+08	1.37686e+08	1.1707e+08	1.23351e+08
ERR636989	2.05848e+08	2.02544e+08	2.31493e+08	2.08464e+08	1.97158e+08	2.1187e+08	3.08819e+08	3.30258e+08	3.24001e+08	3.20584e+08	3.11964e+08	3.30792e+08	2.22971e+08	2.74674e+08	2.72754e+08	2.88471e+08	2.40802e+08	4.30341e+08	2.73537e+08	2.6864e+08	2.79056e+08	2.55497e+08	2.76896e+08	2.70371e+08	2.45335e+08	2.38106e+08	2.40995e+08	2.36975e+08	2.23813e+08	2.42976e+08	2.30933e+08	2.23678e+08	2.89945e+08	1.81898e+08	2.63482e+08	2.3897e+08	2.88509e+08	2.69908e+08	3.22708e+08	2.75017e+08	2.67795e+08	3.25886e+08	2.04774e+08	2.67803e+08	2.63727e+08	2.30891e+08	2.36123e+08	2.31732e+08	3.5312e+08	3.07918e+08	2.97565e+08	2.97918e+08	2.99871e+08	2.96349e+08	1.42375e+08	1.65392e+08	1.56437e+08	1.29464e+08	1.55776e+08	1.63918e+08	1.507e+08	1.49224e+08	1.19727e+08	1.18775e+08	1.48918e+08	1.23448e+08	1.92916e+08	1.41671e+08	1.38632e+08	1.76493e+08	1.45683e+08	1.92615e+08	1.69292e+08	1.5154e+08	1.7956e+08	1.64943e+08	1.64662e+08	1.51696e+08	1.69103e+08	1.54271e+08	1.73638e+08	1.2678e+08	1.83256e+08	1.24721e+08	1.21407e+08	1.67896e+08	1.66996e+08	1.82425e+08	1.6774e+08	1.71432e+08	1.72069e+08	1.64982e+08	1.35468e+08	1.71404e+08	1.45667e+08	1.53482e+08
ERR636768	2.04956e+08	2.01692e+08	2.31251e+08	2.07993e+08	1.97189e+08	2.11414e+08	3.07332e+08	3.29048e+08	3.22804e+08	3.19245e+08	3.10405e+08	3.29244e+08	2.06776e+08	2.55325e+08	2.5351e+08	2.66835e+08	2.22824e+08	2.73537e+08	4.34088e+08	2.97564e+08	3.07319e+08	2.82025e+08	3.05539e+08	2.99538e+08	2.43059e+08	2.36275e+08	2.39201e+08	2.35167e+08	2.22357e+08	2.4134e+08	2.31537e+08	2.24776e+08	2.90456e+08	1.82189e+08	2.63748e+08	2.39551e+08	2.87815e+08	2.69022e+08	3.21443e+08	2.74205e+08	2.66954e+08	3.25039e+08	2.04368e+08	2.67362e+08	2.63124e+08	2.30505e+08	2.35518e+08	2.31298e+08	3.59951e+08	3.14388e+08	3.04286e+08	3.04434e+08	3.0618e+08	3.03111e+08	1.38618e+08	1.6118e+08	1.52354e+08	1.25605e+08	1.5122e+08	1.59137e+08	1.47712e+08	1.46265e+08	1.17305e+08	1.16261e+08	1.46175e+08	1.20943e+08	1.88515e+08	1.38233e+08	1.35414e+08	1.71857e+08	1.42322e+08	1.88018e+08	1.69053e+08	1.51558e+08	1.79367e+08	1.64704e+08	1.64488e+08	1.51525e+08	1.68418e+08	1.54093e+08	1.73021e+08	1.2627e+08	1.82464e+08	1.24364e+08	1.17969e+08	1.6368e+08	1.63058e+08	1.78301e+08	1.6372e+08	1.6732e+08	1.68208e+08	1.60984e+08	1.32341e+08	1.67659e+08	1.42486e+08	1.50139e+08
ERR636766	2.01246e+08	1.97997e+08	2.2704e+08	2.04197e+08	1.93544e+08	2.07583e+08	3.01504e+08	3.22572e+08	3.16462e+08	3.13096e+08	3.04419e+08	3.2281e+08	2.03227e+08	2.50643e+08	2.48768e+08	2.61994e+08	2.18736e+08	2.6864e+08	2.97564e+08	4.20645e+08	3.01873e+08	2.77017e+08	2.99826e+08	2.94187e+08	2.38555e+08	2.31922e+08	2.34929e+08	2.30856e+08	2.18352e+08	2.36711e+08	2.27331e+08	2.20519e+08	2.84882e+08	1.78974e+08	2.58866e+08	2.35094e+08	2.8223e+08	2.64011e+08	3.15337e+08	2.69156e+08	2.61904e+08	3.18659e+08	2.00666e+08	2.62244e+08	2.58325e+08	2.26132e+08	2.31252e+08	2.26971e+08	3.52913e+08	3.08175e+08	2.98376e+08	2.98606e+08	3.00328e+08	2.96914e+08	1.35695e+08	1.57573e+08	1.49179e+08	1.22963e+08	1.48134e+08	1.55956e+08	1.44605e+08	1.43308e+08	1.14889e+08	1.138e+08	1.43089e+08	1.1843e+08	1.84461e+08	1.35392e+08	1.32646e+08	1.68334e+08	1.39324e+08	1.84136e+08	1.65584e+08	1.48478e+08	1.75748e+08	1.61341e+08	1.61201e+08	1.48482e+08	1.64503e+08	1.49978e+08	1.68886e+08	1.22984e+08	1.77984e+08	1.20973e+08	1.15711e+08	1.6044e+08	1.59792e+08	1.74608e+08	1.6037e+08	1.63955e+08	1.6438e+08	1.57517e+08	1.29451e+08	1.6376e+08	1.39425e+08	1.46756e+08
ERR636765	2.08855e+08	2.05393e+08	2.35159e+08	2.117e+08	2.00456e+08	2.15297e+08	3.13643e+08	3.35358e+08	3.29073e+08	3.25481e+08	3.16691e+08	3.35692e+08	2.1095e+08	2.60233e+08	2.58287e+08	2.72102e+08	2.27099e+08	2.79056e+08	3.07319e+08	3.01873e+08	4.48665e+08	2.88132e+08	3.12087e+08	3.03914e+08	2.48243e+08	2.41029e+08	2.43982e+08	2.39927e+08	2.26924e+08	2.45987e+08	2.3611e+08	2.29069e+08	2.96247e+08	1.86025e+08	2.69282e+08	2.44599e+08	2.93057e+08	2.74193e+08	3.27514e+08	2.7945e+08	2.71993e+08	3.30822e+08	2.08463e+08	2.72228e+08	2.68008e+08	2.34415e+08	2.39891e+08	2.3524e+08	3.66539e+08	3.1989e+08	3.09649e+08	3.1005e+08	3.11899e+08	3.08176e+08	1.41916e+08	1.64787e+08	1.55867e+08	1.28836e+08	1.55187e+08	1.63163e+08	1.51059e+08	1.49544e+08	1.20016e+08	1.18916e+08	1.49541e+08	1.23713e+08	1.92589e+08	1.41476e+08	1.38398e+08	1.76001e+08	1.45523e+08	1.92235e+08	1.73039e+08	1.54755e+08	1.83379e+08	1.68444e+08	1.68018e+08	1.54742e+08	1.70367e+08	1.54272e+08	1.74908e+08	1.26581e+08	1.84549e+08	1.24576e+08	1.21267e+08	1.67685e+08	1.66948e+08	1.82564e+08	1.67674e+08	1.71454e+08	1.71295e+08	1.64325e+08	1.34857e+08	1.70674e+08	1.45193e+08	1.53028e+08
ERR636763	1.91181e+08	1.88045e+08	2.15337e+08	1.93843e+08	1.83767e+08	1.96977e+08	2.86172e+08	3.06135e+08	3.00294e+08	2.97063e+08	2.88992e+08	3.0616e+08	1.93406e+08	2.38303e+08	2.36702e+08	2.49005e+08	2.08154e+08	2.55497e+08	2.82025e+08	2.77017e+08	2.88132e+08	3.86114e+08	2.86178e+08	2.78834e+08	2.27427e+08	2.20907e+08	2.23768e+08	2.19981e+08	2.08302e+08	2.25619e+08	2.16054e+08	2.09655e+08	2.70636e+08	1.70343e+08	2.46045e+08	2.23646e+08	2.68578e+08	2.513e+08	2.99649e+08	2.56039e+08	2.49251e+08	3.02675e+08	1.91146e+08	2.4926e+08	2.45631e+08	2.15106e+08	2.20093e+08	2.15994e+08	3.3486e+08	2.92449e+08	2.83215e+08	2.83439e+08	2.85028e+08	2.81771e+08	1.28214e+08	1.48925e+08	1.40904e+08	1.16328e+08	1.40123e+08	1.47403e+08	1.36558e+08	1.35348e+08	1.08556e+08	1.07556e+08	1.35148e+08	1.11895e+08	1.74145e+08	1.27915e+08	1.25229e+08	1.59021e+08	1.31611e+08	1.73857e+08	1.57131e+08	1.40732e+08	1.66541e+08	1.52991e+08	1.5275e+08	1.40643e+08	1.54592e+08	1.40585e+08	1.58766e+08	1.15306e+08	1.67378e+08	1.13552e+08	1.09532e+08	1.51536e+08	1.5087e+08	1.65056e+08	1.51508e+08	1.54866e+08	1.55204e+08	1.48521e+08	1.22139e+08	1.54533e+08	1.31518e+08	1.38493e+08
ERR636764	2.07323e+08	2.03969e+08	2.34183e+08	2.10719e+08	1.99817e+08	2.1413e+08	3.11162e+08	3.33367e+08	3.26827e+08	3.23353e+08	3.14505e+08	3.33437e+08	2.09315e+08	2.58334e+08	2.56516e+08	2.70136e+08	2.25299e+08	2.76896e+08	3.05539e+08	2.99826e+08	3.12087e+08	2.86178e+08	4.44076e+08	3.01933e+08	2.46088e+08	2.39132e+08	2.42126e+08	2.38047e+08	2.25185e+08	2.44352e+08	2.3463e+08	2.27704e+08	2.94348e+08	1.84509e+08	2.67142e+08	2.42669e+08	2.91566e+08	2.72571e+08	3.25646e+08	2.77696e+08	2.70341e+08	3.29424e+08	2.06906e+08	2.70666e+08	2.66654e+08	2.33333e+08	2.38688e+08	2.34263e+08	3.64802e+08	3.18222e+08	3.08153e+08	3.08464e+08	3.10122e+08	3.06919e+08	1.4063e+08	1.6346e+08	1.54594e+08	1.27393e+08	1.53316e+08	1.61363e+08	1.49937e+08	1.48491e+08	1.19215e+08	1.17963e+08	1.48361e+08	1.22793e+08	1.91144e+08	1.40356e+08	1.37477e+08	1.74203e+08	1.44414e+08	1.90913e+08	1.71744e+08	1.54071e+08	1.82098e+08	1.67092e+08	1.67132e+08	1.53941e+08	1.71076e+08	1.56808e+08	1.75775e+08	1.28461e+08	1.85228e+08	1.26375e+08	1.19653e+08	1.66152e+08	1.65466e+08	1.81164e+08	1.66127e+08	1.69759e+08	1.70543e+08	1.63259e+08	1.34133e+08	1.70144e+08	1.44595e+08	1.52484e+08
ERR636767	2.02512e+08	1.99178e+08	2.28432e+08	2.05558e+08	1.9477e+08	2.08957e+08	3.03466e+08	3.2493e+08	3.18663e+08	3.15236e+08	3.06537e+08	3.25189e+08	2.04354e+08	2.52177e+08	2.50372e+08	2.63643e+08	2.20012e+08	2.70371e+08	2.99538e+08	2.94187e+08	3.03914e+08	2.78834e+08	3.01933e+08	4.25579e+08	2.40205e+08	2.33543e+08	2.36485e+08	2.32544e+08	2.1976e+08	2.38361e+08	2.28941e+08	2.22116e+08	2.86931e+08	1.80115e+08	2.60609e+08	2.36557e+08	2.84119e+08	2.65787e+08	3.17458e+08	2.70823e+08	2.63537e+08	3.20949e+08	2.0201e+08	2.63949e+08	2.60043e+08	2.2762e+08	2.32742e+08	2.28408e+08	3.55439e+08	3.10396e+08	3.00398e+08	3.00682e+08	3.02459e+08	2.98924e+08	1.36629e+08	1.58722e+08	1.50265e+08	1.23821e+08	1.48977e+08	1.56849e+08	1.45531e+08	1.44221e+08	1.15705e+08	1.14572e+08	1.43985e+08	1.19333e+08	1.85617e+08	1.36211e+08	1.33405e+08	1.69407e+08	1.40252e+08	1.85339e+08	1.66806e+08	1.49509e+08	1.7705e+08	1.62467e+08	1.62467e+08	1.49598e+08	1.65939e+08	1.51511e+08	1.70386e+08	1.24266e+08	1.79716e+08	1.2232e+08	1.16327e+08	1.6136e+08	1.6064e+08	1.75737e+08	1.61366e+08	1.64991e+08	1.65546e+08	1.5854e+08	1.30322e+08	1.65137e+08	1.40367e+08	1.4786e+08
ERR637065	1.89722e+08	1.86748e+08	2.12878e+08	1.91753e+08	1.81292e+08	1.94966e+08	2.83978e+08	3.0294e+08	2.97235e+08	2.94076e+08	2.86368e+08	3.03313e+08	1.8602e+08	2.28567e+08	2.26807e+08	2.39223e+08	1.99685e+08	2.45335e+08	2.43059e+08	2.38555e+08	2.48243e+08	2.27427e+08	2.46088e+08	2.40205e+08	3.78867e+08	2.48913e+08	2.51963e+08	2.4796e+08	2.34851e+08	2.54522e+08	2.15866e+08	2.09192e+08	2.71456e+08	1.70343e+08	2.46587e+08	2.23832e+08	2.70067e+08	2.5292e+08	3.01987e+08	2.57636e+08	2.5076e+08	3.04472e+08	1.90904e+08	2.4914e+08	2.45396e+08	2.14628e+08	2.1968e+08	2.15303e+08	3.14288e+08	2.74601e+08	2.65679e+08	2.66284e+08	2.67769e+08	2.64202e+08	1.33262e+08	1.54721e+08	1.46457e+08	1.21403e+08	1.46039e+08	1.53557e+08	1.40991e+08	1.39665e+08	1.12041e+08	1.11321e+08	1.39458e+08	1.15565e+08	1.79589e+08	1.32031e+08	1.29126e+08	1.64512e+08	1.35793e+08	1.79411e+08	1.60103e+08	1.43066e+08	1.69965e+08	1.56248e+08	1.55434e+08	1.43221e+08	1.56262e+08	1.39148e+08	1.60323e+08	1.14282e+08	1.6923e+08	1.12398e+08	1.14105e+08	1.57385e+08	1.56624e+08	1.71253e+08	1.57243e+08	1.60846e+08	1.59399e+08	1.53028e+08	1.25557e+08	1.58855e+08	1.35072e+08	1.42134e+08
ERR637067	1.8448e+08	1.81604e+08	2.07205e+08	1.86817e+08	1.76665e+08	1.89836e+08	2.75647e+08	2.94374e+08	2.89008e+08	2.85823e+08	2.78216e+08	2.94721e+08	1.80521e+08	2.22118e+08	2.20479e+08	2.32337e+08	1.93891e+08	2.38106e+08	2.36275e+08	2.31922e+08	2.41029e+08	2.20907e+08	2.39132e+08	2.33543e+08	2.48913e+08	3.60965e+08	2.46188e+08	2.42182e+08	2.27654e+08	2.4681e+08	2.09896e+08	2.0345e+08	2.63652e+08	1.65398e+08	2.39234e+08	2.17434e+08	2.63036e+08	2.46109e+08	2.93762e+08	2.50859e+08	2.4404e+08	2.96617e+08	1.85768e+08	2.42651e+08	2.39032e+08	2.09082e+08	2.1402e+08	2.09836e+08	3.05736e+08	2.66896e+08	2.58412e+08	2.58843e+08	2.60283e+08	2.57168e+08	1.28893e+08	1.49684e+08	1.41617e+08	1.17124e+08	1.40979e+08	1.483e+08	1.36551e+08	1.35371e+08	1.08581e+08	1.07606e+08	1.35181e+08	1.11841e+08	1.74059e+08	1.279e+08	1.25201e+08	1.59174e+08	1.31498e+08	1.73854e+08	1.55212e+08	1.38804e+08	1.64696e+08	1.51403e+08	1.50786e+08	1.38924e+08	1.52927e+08	1.37181e+08	1.56896e+08	1.12602e+08	1.65589e+08	1.10801e+08	1.10021e+08	1.52224e+08	1.51447e+08	1.65681e+08	1.5221e+08	1.55511e+08	1.54709e+08	1.48367e+08	1.21706e+08	1.54156e+08	1.31117e+08	1.38171e+08
ERR637068	1.86759e+08	1.8378e+08	2.09764e+08	1.8897e+08	1.78885e+08	1.92078e+08	2.79359e+08	2.98283e+08	2.92731e+08	2.89619e+08	2.81764e+08	2.98827e+08	1.82634e+08	2.24946e+08	2.23255e+08	2.35073e+08	1.96309e+08	2.40995e+08	2.39201e+08	2.34929e+08	2.43982e+08	2.23768e+08	2.42126e+08	2.36485e+08	2.51963e+08	2.46188e+08	3.68437e+08	2.45283e+08	2.3044e+08	2.49982e+08	2.12675e+08	2.06211e+08	2.67073e+08	1.67487e+08	2.42481e+08	2.20318e+08	2.66355e+08	2.49039e+08	2.97356e+08	2.53836e+08	2.46983e+08	3.00291e+08	1.87896e+08	2.45739e+08	2.41892e+08	2.11909e+08	2.16574e+08	2.12586e+08	3.09485e+08	2.70401e+08	2.61697e+08	2.6206e+08	2.63623e+08	2.60405e+08	1.30448e+08	1.5162e+08	1.43457e+08	1.18573e+08	1.42768e+08	1.50078e+08	1.38347e+08	1.37068e+08	1.09903e+08	1.09121e+08	1.36879e+08	1.13333e+08	1.76363e+08	1.2954e+08	1.26777e+08	1.613e+08	1.33252e+08	1.76099e+08	1.57203e+08	1.40728e+08	1.66838e+08	1.53272e+08	1.52796e+08	1.40771e+08	1.54966e+08	1.39372e+08	1.59159e+08	1.1446e+08	1.6802e+08	1.12532e+08	1.11455e+08	1.54182e+08	1.53473e+08	1.67795e+08	1.54103e+08	1.57554e+08	1.56798e+08	1.50349e+08	1.2338e+08	1.56261e+08	1.32811e+08	1.39917e+08
ERR637066	1.83602e+08	1.80575e+08	2.0623e+08	1.85841e+08	1.75807e+08	1.88848e+08	2.74444e+08	2.92975e+08	2.87529e+08	2.84434e+08	2.76919e+08	2.93367e+08	1.79736e+08	2.21091e+08	2.19453e+08	2.31185e+08	1.9308e+08	2.36975e+08	2.35167e+08	2.30856e+08	2.39927e+08	2.19981e+08	2.38047e+08	2.32544e+08	2.4796e+08	2.42182e+08	2.45283e+08	3.5837e+08	2.27044e+08	2.4594e+08	2.0899e+08	2.02605e+08	2.62408e+08	1.64758e+08	2.38534e+08	2.16607e+08	2.61837e+08	2.45038e+08	2.92481e+08	2.4973e+08	2.43071e+08	2.9516e+08	1.84885e+08	2.41567e+08	2.37927e+08	2.08171e+08	2.12966e+08	2.0905e+08	3.03639e+08	2.65335e+08	2.56775e+08	2.57251e+08	2.58498e+08	2.55362e+08	1.28068e+08	1.48788e+08	1.40769e+08	1.16589e+08	1.4027e+08	1.47469e+08	1.35563e+08	1.3437e+08	1.07791e+08	1.06901e+08	1.34258e+08	1.11124e+08	1.72797e+08	1.26958e+08	1.24272e+08	1.58098e+08	1.30549e+08	1.72596e+08	1.54241e+08	1.38061e+08	1.63855e+08	1.50533e+08	1.49828e+08	1.38208e+08	1.51523e+08	1.35782e+08	1.55435e+08	1.11467e+08	1.64073e+08	1.0967e+08	1.09391e+08	1.51163e+08	1.50615e+08	1.64506e+08	1.51171e+08	1.54455e+08	1.53572e+08	1.47338e+08	1.20939e+08	1.52998e+08	1.30071e+08	1.37127e+08
ERR637063	1.73149e+08	1.70352e+08	1.94199e+08	1.75162e+08	1.65665e+08	1.78091e+08	2.58707e+08	2.75944e+08	2.71036e+08	2.68117e+08	2.61044e+08	2.76475e+08	1.69906e+08	2.08752e+08	2.07147e+08	2.18258e+08	1.82333e+08	2.23813e+08	2.22357e+08	2.18352e+08	2.26924e+08	2.08302e+08	2.25185e+08	2.1976e+08	2.34851e+08	2.27654e+08	2.3044e+08	2.27044e+08	3.25193e+08	2.3289e+08	1.97232e+08	1.91184e+08	2.47616e+08	1.55699e+08	2.25021e+08	2.04477e+08	2.4696e+08	2.31223e+08	2.75744e+08	2.35633e+08	2.29326e+08	2.78172e+08	1.74795e+08	2.27814e+08	2.2454e+08	1.9654e+08	2.0112e+08	1.97308e+08	2.85984e+08	2.50091e+08	2.4192e+08	2.4257e+08	2.43798e+08	2.40904e+08	1.20363e+08	1.39798e+08	1.32243e+08	1.09566e+08	1.31811e+08	1.3867e+08	1.27508e+08	1.26287e+08	1.0138e+08	1.00578e+08	1.26119e+08	1.04447e+08	1.62412e+08	1.19398e+08	1.1687e+08	1.48764e+08	1.22749e+08	1.62387e+08	1.45295e+08	1.29929e+08	1.54161e+08	1.41785e+08	1.41013e+08	1.29924e+08	1.41811e+08	1.2667e+08	1.454e+08	1.0406e+08	1.53488e+08	1.02395e+08	1.03001e+08	1.42077e+08	1.41558e+08	1.54679e+08	1.42134e+08	1.4536e+08	1.44287e+08	1.38515e+08	1.13578e+08	1.43796e+08	1.22234e+08	1.28789e+08
ERR637064	1.88143e+08	1.85222e+08	2.11578e+08	1.9058e+08	1.80383e+08	1.93795e+08	2.81529e+08	3.00788e+08	2.95043e+08	2.91906e+08	2.84108e+08	3.01081e+08	1.84211e+08	2.26792e+08	2.24921e+08	2.37096e+08	1.97817e+08	2.42976e+08	2.4134e+08	2.36711e+08	2.45987e+08	2.25619e+08	2.44352e+08	2.38361e+08	2.54522e+08	2.4681e+08	2.49982e+08	2.4594e+08	2.3289e+08	3.73321e+08	2.14507e+08	2.07836e+08	2.69261e+08	1.68866e+08	2.44501e+08	2.2207e+08	2.68575e+08	2.5123e+08	2.99894e+08	2.55846e+08	2.4913e+08	3.03047e+08	1.8939e+08	2.4781e+08	2.44199e+08	2.13588e+08	2.18492e+08	2.14336e+08	3.1224e+08	2.72767e+08	2.63934e+08	2.64311e+08	2.65646e+08	2.62733e+08	1.31707e+08	1.53141e+08	1.44888e+08	1.19754e+08	1.44125e+08	1.51524e+08	1.39702e+08	1.38373e+08	1.11078e+08	1.10092e+08	1.38228e+08	1.14315e+08	1.7812e+08	1.3091e+08	1.28114e+08	1.62828e+08	1.34666e+08	1.78095e+08	1.58943e+08	1.42222e+08	1.68667e+08	1.54883e+08	1.5449e+08	1.4232e+08	1.56795e+08	1.41218e+08	1.60946e+08	1.15941e+08	1.69782e+08	1.13985e+08	1.12567e+08	1.55792e+08	1.54947e+08	1.69607e+08	1.55676e+08	1.59164e+08	1.58648e+08	1.52006e+08	1.24727e+08	1.5792e+08	1.34259e+08	1.41531e+08
ERR613447	2.24213e+08	2.20782e+08	2.48993e+08	2.26597e+08	2.15982e+08	2.30036e+08	2.73976e+08	2.93567e+08	2.87762e+08	2.84862e+08	2.76319e+08	2.93532e+08	1.73889e+08	2.15374e+08	2.13877e+08	2.2531e+08	1.87442e+08	2.30933e+08	2.31537e+08	2.27331e+08	2.3611e+08	2.16054e+08	2.3463e+08	2.28941e+08	2.15866e+08	2.09896e+08	2.12675e+08	2.0899e+08	1.97232e+08	2.14507e+08	3.90821e+08	2.60557e+08	3.28464e+08	2.15272e+08	3.0045e+08	2.74607e+08	2.59353e+08	2.41896e+08	2.90214e+08	2.4641e+08	2.40084e+08	2.93593e+08	1.83008e+08	2.39986e+08	2.36287e+08	2.07125e+08	2.11196e+08	2.07639e+08	3.02458e+08	2.63383e+08	2.54336e+08	2.54499e+08	2.56352e+08	2.53804e+08	1.3066e+08	1.51953e+08	1.43672e+08	1.18077e+08	1.42089e+08	1.49634e+08	1.37849e+08	1.36651e+08	1.09698e+08	1.08594e+08	1.36475e+08	1.12948e+08	1.7702e+08	1.30104e+08	1.27393e+08	1.61347e+08	1.33678e+08	1.76796e+08	1.57117e+08	1.41314e+08	1.66788e+08	1.53072e+08	1.53396e+08	1.41286e+08	1.79281e+08	1.58891e+08	1.83288e+08	1.29894e+08	1.93515e+08	1.28609e+08	1.10213e+08	1.53462e+08	1.52719e+08	1.67192e+08	1.53346e+08	1.56666e+08	1.58235e+08	1.51282e+08	1.24384e+08	1.57661e+08	1.3391e+08	1.41067e+08
ERR613446	2.17516e+08	2.14543e+08	2.41802e+08	2.20056e+08	2.09867e+08	2.23276e+08	2.65555e+08	2.84531e+08	2.78887e+08	2.76015e+08	2.67827e+08	2.84327e+08	1.68474e+08	2.08596e+08	2.07257e+08	2.18226e+08	1.81578e+08	2.23678e+08	2.24776e+08	2.20519e+08	2.29069e+08	2.09655e+08	2.27704e+08	2.22116e+08	2.09192e+08	2.0345e+08	2.06211e+08	2.02605e+08	1.91184e+08	2.07836e+08	2.60557e+08	3.71747e+08	3.18739e+08	2.09335e+08	2.91633e+08	2.66817e+08	2.5132e+08	2.3447e+08	2.81247e+08	2.39058e+08	2.32599e+08	2.84537e+08	1.77368e+08	2.32636e+08	2.29046e+08	2.00859e+08	2.04903e+08	2.01414e+08	2.93087e+08	2.55175e+08	2.46411e+08	2.46692e+08	2.48274e+08	2.45993e+08	1.26212e+08	1.46807e+08	1.38913e+08	1.14128e+08	1.37269e+08	1.44492e+08	1.33352e+08	1.32038e+08	1.06064e+08	1.04976e+08	1.31825e+08	1.09089e+08	1.7126e+08	1.25784e+08	1.23204e+08	1.56039e+08	1.29269e+08	1.71124e+08	1.51932e+08	1.36712e+08	1.61236e+08	1.47991e+08	1.48421e+08	1.36686e+08	1.74e+08	1.5415e+08	1.77587e+08	1.26138e+08	1.87719e+08	1.2484e+08	1.0648e+08	1.48176e+08	1.47607e+08	1.61577e+08	1.48328e+08	1.51438e+08	1.53042e+08	1.4624e+08	1.20317e+08	1.52348e+08	1.29594e+08	1.36546e+08
ERR613443	2.75414e+08	2.71302e+08	3.06492e+08	2.78295e+08	2.64562e+08	2.8253e+08	3.44582e+08	3.68951e+08	3.61614e+08	3.57917e+08	3.47482e+08	3.68951e+08	2.18074e+08	2.70176e+08	2.68295e+08	2.82754e+08	2.34887e+08	2.89945e+08	2.90456e+08	2.84882e+08	2.96247e+08	2.70636e+08	2.94348e+08	2.86931e+08	2.71456e+08	2.63652e+08	2.67073e+08	2.62408e+08	2.47616e+08	2.69261e+08	3.28464e+08	3.18739e+08	5.63548e+08	2.62638e+08	3.72077e+08	3.39606e+08	3.25144e+08	3.03402e+08	3.64668e+08	3.0926e+08	3.00934e+08	3.68502e+08	2.2864e+08	3.00498e+08	2.95746e+08	2.5863e+08	2.64137e+08	2.59329e+08	3.80514e+08	3.30712e+08	3.19553e+08	3.19918e+08	3.22055e+08	3.18647e+08	1.66233e+08	1.93449e+08	1.82954e+08	1.50723e+08	1.81465e+08	1.90855e+08	1.75282e+08	1.73753e+08	1.39303e+08	1.38168e+08	1.73563e+08	1.43506e+08	2.24916e+08	1.65219e+08	1.61732e+08	2.05239e+08	1.69936e+08	2.24789e+08	1.99145e+08	1.78744e+08	2.11291e+08	1.9403e+08	1.94095e+08	1.78705e+08	2.21595e+08	1.95729e+08	2.26483e+08	1.60287e+08	2.39567e+08	1.58507e+08	1.40743e+08	1.95448e+08	1.94488e+08	2.12786e+08	1.95267e+08	1.99664e+08	2.00363e+08	1.9175e+08	1.57516e+08	1.99706e+08	1.69683e+08	1.78774e+08
