	ERR608936	ERR608932	ERR608935	ERR608934	ERR608931	ERR608933	ERR608389	ERR608391	ERR608390	ERR608393	ERR608392	ERR608394	ERR609030	ERR609032	ERR609031	ERR609027	ERR609028	ERR609029	ERR606000	ERR606004	ERR606003	ERR606005	ERR606001	ERR606002	ERR607606	ERR607603	ERR607607	ERR607608	ERR607605	ERR607604	ERR617061	ERR617062	ERR617059	ERR617058	ERR617057	ERR617060	ERR617522	ERR617518	ERR617517	ERR617521	ERR617519	ERR617520	ERR613543	ERR613542	ERR613541	ERR613540	ERR613539	ERR613544	ERR613171	ERR613169	ERR613168	ERR613172	ERR613170	ERR613167	ERR617468	ERR617466	ERR617467	ERR617464	ERR617465	ERR617463	ERR626673	ERR626671	ERR626669	ERR626672	ERR626670	ERR626668	ERR617477	ERR617475	ERR617480	ERR617479	ERR617476	ERR617478	ERR615626	ERR615625	ERR615624	ERR615623	ERR615622	ERR615621	ERR606715	ERR606714	ERR606710	ERR606711	ERR606713	ERR606712	ERR618335	ERR618337	ERR618334	ERR618336	ERR618338	ERR618333	ERR616860	ERR616859	ERR616864	ERR616863	ERR616862	ERR616861
ERR608936	6.51279e+09	7.18776e+09	6.3972e+09	6.46017e+09	6.13776e+09	7.45014e+09	5.09004e+09	6.40285e+09	5.96182e+09	6.46069e+09	6.36136e+09	5.98763e+09	5.78232e+09	5.6283e+09	5.7221e+09	5.52649e+09	6.61384e+09	6.91502e+09	5.44008e+09	5.71348e+09	5.81822e+09	5.66269e+09	6.77414e+09	6.84332e+09	6.26341e+09	6.88644e+09	6.03676e+09	5.99181e+09	6.29345e+09	6.36789e+09	6.50127e+09	6.61064e+09	7.17211e+09	7.06898e+09	6.98114e+09	6.58913e+09	5.26971e+09	5.55235e+09	5.44811e+09	5.14837e+09	5.55734e+09	4.95145e+09	6.31019e+09	6.30105e+09	7.25334e+09	7.25418e+09	7.25682e+09	6.27043e+09	5.50987e+09	6.56468e+09	6.79918e+09	5.48226e+09	5.31633e+09	7.03498e+09	6.25666e+09	6.46957e+09	6.53088e+09	5.91525e+09	5.92779e+09	5.86426e+09	6.11042e+09	6.07566e+09	6.16638e+09	6.10607e+09	5.38466e+09	6.47926e+09	5.18056e+09	5.03342e+09	5.4206e+09	5.70596e+09	5.15478e+09	5.66339e+09	6.26667e+09	6.3244e+09	5.86983e+09	6.07731e+09	5.11673e+09	4.84954e+09	6.02535e+09	6.14659e+09	3.68613e+09	6.038e+09	5.34688e+09	5.84232e+09	4.2391e+09	4.86023e+09	4.10155e+09	4.48607e+09	4.86423e+09	3.65158e+09	6.37377e+09	6.34131e+09	5.99713e+09	5.98136e+09	5.94768e+09	6.61518e+09
ERR608932	7.18776e+09	8.52717e+09	7.28699e+09	7.36453e+09	6.9844e+09	8.6144e+09	5.74944e+09	7.32378e+09	6.79068e+09	7.39487e+09	7.27549e+09	6.82102e+09	6.55442e+09	6.36999e+09	6.48224e+09	6.25931e+09	7.56509e+09	7.93704e+09	6.15731e+09	6.48346e+09	6.60886e+09	6.42121e+09	7.77383e+09	7.85917e+09	7.15293e+09	7.92491e+09	6.87811e+09	6.82431e+09	7.1922e+09	7.28214e+09	7.45201e+09	7.58567e+09	8.27428e+09	8.14992e+09	8.03987e+09	7.5577e+09	5.99444e+09	6.33462e+09	6.20862e+09	5.85028e+09	6.33855e+09	5.61512e+09	7.19089e+09	7.17954e+09	8.36994e+09	8.3705e+09	8.37497e+09	7.14189e+09	6.24875e+09	7.52774e+09	7.81773e+09	6.2158e+09	6.02048e+09	8.11128e+09	7.18833e+09	7.44746e+09	7.52214e+09	6.77456e+09	6.78958e+09	6.71357e+09	6.95684e+09	6.91495e+09	7.02571e+09	6.9505e+09	6.0858e+09	7.41091e+09	5.89039e+09	5.71736e+09	6.17909e+09	6.52245e+09	5.86082e+09	6.47193e+09	7.16858e+09	7.23877e+09	6.69341e+09	6.94198e+09	5.79275e+09	5.47682e+09	6.87994e+09	7.02699e+09	4.13988e+09	6.89312e+09	6.06877e+09	6.65723e+09	4.78661e+09	5.4992e+09	4.626e+09	5.05912e+09	5.50164e+09	4.09978e+09	7.28905e+09	7.25165e+09	6.82824e+09	6.80968e+09	6.76849e+09	7.58901e+09
ERR608935	6.3972e+09	7.28699e+09	6.68051e+09	6.54503e+09	6.21553e+09	7.55475e+09	5.14977e+09	6.48461e+09	6.03677e+09	6.54488e+09	6.44408e+09	6.06425e+09	5.85347e+09	5.69728e+09	5.79256e+09	5.59332e+09	6.70179e+09	7.00884e+09	5.50612e+09	5.78464e+09	5.89123e+09	5.73233e+09	6.8648e+09	6.935e+09	6.34507e+09	6.98118e+09	6.11429e+09	6.06869e+09	6.37622e+09	6.4514e+09	6.58505e+09	6.69647e+09	7.26898e+09	7.1643e+09	7.07404e+09	6.67506e+09	5.3337e+09	5.62178e+09	5.5157e+09	5.21112e+09	5.62624e+09	5.01133e+09	6.39326e+09	6.3837e+09	7.35377e+09	7.35466e+09	7.35719e+09	6.35226e+09	5.57888e+09	6.65285e+09	6.89097e+09	5.55036e+09	5.38117e+09	7.13198e+09	6.33787e+09	6.55444e+09	6.61666e+09	5.99093e+09	6.00306e+09	5.93861e+09	6.19061e+09	6.15458e+09	6.24713e+09	6.18577e+09	5.4506e+09	6.56639e+09	5.24274e+09	5.09391e+09	5.48736e+09	5.77756e+09	5.21792e+09	5.73477e+09	6.34857e+09	6.4071e+09	5.9444e+09	6.15579e+09	5.17889e+09	4.9073e+09	6.1021e+09	6.22549e+09	3.72645e+09	6.11526e+09	5.41159e+09	5.91589e+09	4.2903e+09	4.91866e+09	4.1507e+09	4.53827e+09	4.92258e+09	3.69349e+09	6.45996e+09	6.42577e+09	6.07492e+09	6.05857e+09	6.0243e+09	6.70507e+09
ERR608934	6.46017e+09	7.36453e+09	6.54503e+09	6.81368e+09	6.27769e+09	7.63672e+09	5.19658e+09	6.55041e+09	6.09512e+09	6.61093e+09	6.50847e+09	6.12283e+09	5.909e+09	5.7505e+09	5.84796e+09	5.64629e+09	6.77047e+09	7.08145e+09	5.55794e+09	5.84045e+09	5.94847e+09	5.78779e+09	6.93673e+09	7.00798e+09	6.40761e+09	7.05411e+09	6.17302e+09	6.12697e+09	6.43936e+09	6.51656e+09	6.65251e+09	6.76648e+09	7.34765e+09	7.24106e+09	7.1492e+09	6.74424e+09	5.38377e+09	5.67634e+09	5.56818e+09	5.26009e+09	5.68082e+09	5.05689e+09	6.45578e+09	6.44594e+09	7.43243e+09	7.43294e+09	7.43577e+09	6.41462e+09	5.6307e+09	6.72057e+09	6.96296e+09	5.60219e+09	5.43152e+09	7.20729e+09	6.40208e+09	6.62224e+09	6.68518e+09	6.04987e+09	6.06263e+09	5.99689e+09	6.25058e+09	6.2143e+09	6.3081e+09	6.24526e+09	5.50031e+09	6.63207e+09	5.29189e+09	5.14046e+09	5.53934e+09	5.83387e+09	5.2657e+09	5.79004e+09	6.41157e+09	6.47136e+09	6.00239e+09	6.21655e+09	5.22536e+09	4.95097e+09	6.16228e+09	6.28813e+09	3.75776e+09	6.17516e+09	5.46239e+09	5.97322e+09	4.32945e+09	4.96235e+09	4.18835e+09	4.57756e+09	4.96612e+09	3.72585e+09	6.52405e+09	6.49042e+09	6.13404e+09	6.11812e+09	6.08339e+09	6.77348e+09
ERR608931	6.13776e+09	6.9844e+09	6.21553e+09	6.27769e+09	6.20854e+09	7.22283e+09	4.95401e+09	6.1762e+09	5.76041e+09	6.22889e+09	6.13102e+09	5.78432e+09	5.62365e+09	5.47607e+09	5.56648e+09	5.42081e+09	6.43545e+09	6.71267e+09	5.28451e+09	5.51059e+09	5.60654e+09	5.46061e+09	6.51869e+09	6.58218e+09	6.07978e+09	6.68638e+09	5.86142e+09	5.81635e+09	6.11545e+09	6.19422e+09	6.3043e+09	6.41764e+09	6.91523e+09	6.82009e+09	6.75195e+09	6.38867e+09	5.06309e+09	5.32185e+09	5.23981e+09	4.93746e+09	5.32511e+09	4.75108e+09	6.13486e+09	6.12915e+09	7.04979e+09	7.04952e+09	7.05426e+09	6.09811e+09	5.37122e+09	6.38156e+09	6.60375e+09	5.34247e+09	5.19107e+09	6.81779e+09	6.0225e+09	6.21385e+09	6.27262e+09	5.68384e+09	5.69362e+09	5.65e+09	5.92721e+09	5.89375e+09	5.98913e+09	5.92264e+09	5.24977e+09	6.28676e+09	4.98594e+09	4.86006e+09	5.22904e+09	5.4899e+09	4.96366e+09	5.44883e+09	6.05452e+09	6.10975e+09	5.67529e+09	5.85741e+09	4.94006e+09	4.68832e+09	5.87283e+09	5.9904e+09	3.62547e+09	5.87488e+09	5.21367e+09	5.68588e+09	3.95545e+09	4.7244e+09	3.82742e+09	4.369e+09	4.72402e+09	3.41311e+09	6.22289e+09	6.20354e+09	5.88265e+09	5.86812e+09	5.83653e+09	6.45106e+09
ERR608933	7.45014e+09	8.6144e+09	7.55475e+09	7.63672e+09	7.22283e+09	9.2437e+09	5.95168e+09	7.62249e+09	7.05578e+09	7.69941e+09	7.57431e+09	7.0879e+09	6.78879e+09	6.5952e+09	6.71284e+09	6.46891e+09	7.8508e+09	8.2504e+09	6.37745e+09	6.73217e+09	6.86702e+09	6.66729e+09	8.10398e+09	8.19626e+09	7.42414e+09	8.243e+09	7.13433e+09	7.07771e+09	7.46398e+09	7.55636e+09	7.74882e+09	7.88778e+09	8.63782e+09	8.50339e+09	8.37796e+09	7.86123e+09	6.24218e+09	6.60676e+09	6.4664e+09	6.09375e+09	6.61068e+09	5.84454e+09	7.45436e+09	7.44112e+09	8.71094e+09	8.71083e+09	8.7152e+09	7.40175e+09	6.46515e+09	7.81743e+09	8.12776e+09	6.43178e+09	6.22481e+09	8.4463e+09	7.50237e+09	7.78254e+09	7.86206e+09	7.0676e+09	7.08391e+09	6.99689e+09	7.21053e+09	7.16734e+09	7.28115e+09	7.20453e+09	6.28723e+09	7.69123e+09	6.1293e+09	5.9421e+09	6.4295e+09	6.79787e+09	6.09751e+09	6.7443e+09	7.45788e+09	7.53256e+09	6.95717e+09	7.22518e+09	6.01175e+09	5.67892e+09	7.13363e+09	7.28813e+09	4.26545e+09	7.15008e+09	6.28247e+09	6.90165e+09	5.01719e+09	5.69574e+09	4.847e+09	5.23342e+09	5.69942e+09	4.28687e+09	7.55069e+09	7.50796e+09	7.0559e+09	7.03602e+09	6.99306e+09	7.87261e+09
ERR608389	5.09004e+09	5.74944e+09	5.14977e+09	5.19658e+09	4.95401e+09	5.95168e+09	4.58327e+09	5.44366e+09	5.10207e+09	5.48988e+09	5.41322e+09	5.12385e+09	4.7237e+09	4.60761e+09	4.67921e+09	4.52595e+09	5.34366e+09	5.56803e+09	4.58181e+09	4.80224e+09	4.88446e+09	4.76345e+09	5.61982e+09	5.67351e+09	5.27099e+09	5.74733e+09	5.09865e+09	5.06463e+09	5.29276e+09	5.35007e+09	5.40288e+09	5.48472e+09	5.90699e+09	5.83108e+09	5.76178e+09	5.46874e+09	4.5668e+09	4.79034e+09	4.70976e+09	4.46706e+09	4.79589e+09	4.30529e+09	5.22539e+09	5.21756e+09	5.96741e+09	5.96694e+09	5.96992e+09	5.19396e+09	4.67944e+09	5.49145e+09	5.67311e+09	4.65887e+09	4.52835e+09	5.85841e+09	5.36819e+09	5.53158e+09	5.57877e+09	5.10485e+09	5.11532e+09	5.06511e+09	5.11309e+09	5.08723e+09	5.15371e+09	5.10911e+09	4.55498e+09	5.3961e+09	4.52899e+09	4.41167e+09	4.71881e+09	4.93919e+09	4.50908e+09	4.90774e+09	5.2951e+09	5.33966e+09	4.995e+09	5.15268e+09	4.41473e+09	4.20397e+09	5.08313e+09	5.17478e+09	3.21685e+09	5.09127e+09	4.5642e+09	4.94445e+09	3.73983e+09	4.20437e+09	3.62822e+09	3.90648e+09	4.20859e+09	3.25357e+09	5.29082e+09	5.26596e+09	4.99452e+09	4.98194e+09	4.95695e+09	5.48781e+09
ERR608391	6.40285e+09	7.32378e+09	6.48461e+09	6.55041e+09	6.1762e+09	7.62249e+09	5.44366e+09	7.15683e+09	6.42716e+09	6.98795e+09	6.88125e+09	6.45829e+09	5.89494e+09	5.73497e+09	5.83306e+09	5.59594e+09	6.74938e+09	7.0764e+09	5.70941e+09	6.04427e+09	6.16205e+09	5.9912e+09	7.19818e+09	7.27786e+09	6.68184e+09	7.34817e+09	6.4401e+09	6.39475e+09	6.70779e+09	6.77932e+09	6.83593e+09	6.9446e+09	7.58552e+09	7.47443e+09	7.36e+09	6.92981e+09	5.71428e+09	6.03471e+09	5.90508e+09	5.58654e+09	6.04194e+09	5.36668e+09	6.58367e+09	6.57063e+09	7.62191e+09	7.62161e+09	7.62355e+09	6.53871e+09	5.84987e+09	6.98518e+09	7.24343e+09	5.82391e+09	5.6393e+09	7.51712e+09	6.84614e+09	7.08965e+09	7.15613e+09	6.48707e+09	6.50262e+09	6.41631e+09	6.47832e+09	6.44197e+09	6.52749e+09	6.47225e+09	5.68501e+09	6.87047e+09	5.68286e+09	5.50917e+09	5.93205e+09	6.25257e+09	5.65374e+09	6.20874e+09	6.73693e+09	6.80013e+09	6.31416e+09	6.55406e+09	5.52034e+09	5.2279e+09	6.40776e+09	6.53512e+09	3.90382e+09	6.42731e+09	5.69249e+09	6.22263e+09	4.78286e+09	5.21041e+09	4.62887e+09	4.80552e+09	5.21818e+09	4.11422e+09	6.69163e+09	6.64649e+09	6.26147e+09	6.24377e+09	6.20829e+09	6.96785e+09
ERR608390	5.96182e+09	6.79068e+09	6.03677e+09	6.09512e+09	5.76041e+09	7.05578e+09	5.10207e+09	6.42716e+09	6.20056e+09	6.48747e+09	6.3922e+09	6.01685e+09	5.50393e+09	5.35848e+09	5.44776e+09	5.23333e+09	6.27564e+09	6.56742e+09	5.33204e+09	5.631e+09	5.7374e+09	5.58274e+09	6.667e+09	6.73694e+09	6.2067e+09	6.80571e+09	5.98979e+09	5.94859e+09	6.23106e+09	6.2967e+09	6.35451e+09	6.4516e+09	7.01957e+09	6.92077e+09	6.82064e+09	6.43821e+09	5.341e+09	5.62866e+09	5.51434e+09	5.22408e+09	5.6354e+09	5.02305e+09	6.12674e+09	6.11514e+09	7.059e+09	7.05887e+09	7.06093e+09	6.08613e+09	5.45632e+09	6.47965e+09	6.71149e+09	5.43246e+09	5.26467e+09	6.95493e+09	6.35364e+09	6.56963e+09	6.62928e+09	6.02987e+09	6.04363e+09	5.96807e+09	6.01868e+09	5.98617e+09	6.06424e+09	6.01392e+09	5.30423e+09	6.37224e+09	5.30486e+09	5.14833e+09	5.53231e+09	5.82003e+09	5.27889e+09	5.78024e+09	6.25575e+09	6.31269e+09	5.87617e+09	6.0889e+09	5.15778e+09	4.89244e+09	5.95836e+09	6.07411e+09	3.67085e+09	5.97579e+09	5.31251e+09	5.79164e+09	4.45343e+09	4.87728e+09	4.31394e+09	4.50686e+09	4.88387e+09	3.84545e+09	6.21633e+09	6.1768e+09	5.82892e+09	5.81274e+09	5.78083e+09	6.46503e+09
ERR608393	6.46069e+09	7.39487e+09	6.54488e+09	6.61093e+09	6.22889e+09	7.69941e+09	5.48988e+09	6.98795e+09	6.48747e+09	7.30152e+09	6.9533e+09	6.52245e+09	5.94825e+09	5.78602e+09	5.88564e+09	5.64315e+09	6.81345e+09	7.1462e+09	5.75758e+09	6.09688e+09	6.21714e+09	6.04389e+09	7.26908e+09	7.34977e+09	6.74507e+09	7.42051e+09	6.50012e+09	6.45411e+09	6.77116e+09	6.84327e+09	6.90054e+09	7.00975e+09	7.66522e+09	7.55245e+09	7.43361e+09	6.99546e+09	5.76912e+09	6.09626e+09	5.96195e+09	5.64171e+09	6.10345e+09	5.41817e+09	6.64472e+09	6.6311e+09	7.69766e+09	7.6973e+09	7.69995e+09	6.59932e+09	5.90035e+09	7.05129e+09	7.31431e+09	5.87395e+09	5.68672e+09	7.59326e+09	6.91758e+09	7.16607e+09	7.23365e+09	6.5537e+09	6.56965e+09	6.48021e+09	6.53865e+09	6.50222e+09	6.58796e+09	6.53348e+09	5.73345e+09	6.9366e+09	5.73764e+09	5.56067e+09	5.98953e+09	6.31699e+09	5.70769e+09	6.27202e+09	6.80681e+09	6.87033e+09	6.37832e+09	6.62244e+09	5.57348e+09	5.27663e+09	6.46408e+09	6.59296e+09	3.93231e+09	6.48464e+09	5.74022e+09	6.27742e+09	4.83895e+09	5.25548e+09	4.68218e+09	4.84523e+09	5.26326e+09	4.15921e+09	6.75192e+09	6.70518e+09	6.3138e+09	6.29564e+09	6.2597e+09	7.0318e+09
ERR608392	6.36136e+09	7.27549e+09	6.44408e+09	6.50847e+09	6.13102e+09	7.57431e+09	5.41322e+09	6.88125e+09	6.3922e+09	6.9533e+09	7.08272e+09	6.42623e+09	5.86034e+09	5.70128e+09	5.79849e+09	5.55821e+09	6.7059e+09	7.03225e+09	5.67346e+09	6.00822e+09	6.12654e+09	5.95592e+09	7.15506e+09	7.2341e+09	6.63574e+09	7.29633e+09	6.39658e+09	6.35177e+09	6.6614e+09	6.7313e+09	6.79219e+09	6.8987e+09	7.54179e+09	7.43137e+09	7.31391e+09	6.88542e+09	5.69135e+09	6.01216e+09	5.88009e+09	5.56703e+09	6.0195e+09	5.34763e+09	6.54053e+09	6.52716e+09	7.57063e+09	7.57032e+09	7.57203e+09	6.49624e+09	5.80952e+09	6.93534e+09	7.19283e+09	5.78376e+09	5.59976e+09	7.46662e+09	6.80999e+09	7.05404e+09	7.12044e+09	6.45578e+09	6.47167e+09	6.38322e+09	6.4339e+09	6.39838e+09	6.48188e+09	6.42861e+09	5.64373e+09	6.8232e+09	5.65609e+09	5.48141e+09	5.90194e+09	6.22374e+09	5.62765e+09	6.17947e+09	6.69904e+09	6.76224e+09	6.28082e+09	6.5206e+09	5.49388e+09	5.2023e+09	6.35841e+09	6.48469e+09	3.87561e+09	6.37979e+09	5.65106e+09	6.17669e+09	4.77836e+09	5.17966e+09	4.62509e+09	4.77641e+09	5.18772e+09	4.11039e+09	6.64016e+09	6.59378e+09	6.20943e+09	6.19136e+09	6.15653e+09	6.91452e+09
ERR608394	5.98763e+09	6.82102e+09	6.06425e+09	6.12283e+09	5.78432e+09	7.0879e+09	5.12385e+09	6.45829e+09	6.01685e+09	6.52245e+09	6.42623e+09	6.26184e+09	5.52877e+09	5.38252e+09	5.47228e+09	5.25595e+09	6.30356e+09	6.59725e+09	5.3553e+09	5.65784e+09	5.76426e+09	5.60963e+09	6.70031e+09	6.77081e+09	6.23271e+09	6.83385e+09	6.01435e+09	5.97282e+09	6.256e+09	6.32342e+09	6.3891e+09	6.48729e+09	7.05689e+09	6.95684e+09	6.85627e+09	6.47323e+09	5.3678e+09	5.65809e+09	5.54252e+09	5.2494e+09	5.66538e+09	5.04723e+09	6.15328e+09	6.14111e+09	7.09151e+09	7.09135e+09	7.09298e+09	6.11228e+09	5.47708e+09	6.50611e+09	6.73912e+09	5.45356e+09	5.28511e+09	6.98402e+09	6.38502e+09	6.60237e+09	6.66298e+09	6.05926e+09	6.07349e+09	5.99687e+09	6.04217e+09	6.00966e+09	6.08786e+09	6.03749e+09	5.32424e+09	6.39783e+09	5.32954e+09	5.17144e+09	5.55837e+09	5.84701e+09	5.30286e+09	5.807e+09	6.28314e+09	6.34059e+09	5.90176e+09	6.11438e+09	5.17788e+09	4.91122e+09	5.98256e+09	6.09826e+09	3.68246e+09	5.9999e+09	5.33305e+09	5.81489e+09	4.47667e+09	4.89525e+09	4.3359e+09	4.52314e+09	4.9024e+09	3.86409e+09	6.23813e+09	6.1983e+09	5.85036e+09	5.83403e+09	5.80211e+09	6.48901e+09
ERR609030	5.78232e+09	6.55442e+09	5.85347e+09	5.909e+09	5.62365e+09	6.78879e+09	4.7237e+09	5.89494e+09	5.50393e+09	5.94825e+09	5.86034e+09	5.52877e+09	5.56515e+09	5.24147e+09	5.32673e+09	5.14426e+09	6.12084e+09	6.39009e+09	5.02127e+09	5.26668e+09	5.36133e+09	5.22218e+09	6.21314e+09	6.27404e+09	5.74012e+09	6.29609e+09	5.5387e+09	5.49869e+09	5.76707e+09	5.83292e+09	5.98836e+09	6.08483e+09	6.58436e+09	6.49336e+09	6.41307e+09	6.06663e+09	4.89758e+09	5.15264e+09	5.05932e+09	4.78795e+09	5.15689e+09	4.60901e+09	5.79191e+09	5.78337e+09	6.63436e+09	6.63393e+09	6.6367e+09	5.75614e+09	5.06137e+09	6.0034e+09	6.21273e+09	5.03662e+09	4.88725e+09	6.42504e+09	5.76251e+09	5.95336e+09	6.00875e+09	5.45653e+09	5.46685e+09	5.40986e+09	5.58869e+09	5.55808e+09	5.63675e+09	5.5839e+09	4.94091e+09	5.91596e+09	4.79168e+09	4.65843e+09	5.00825e+09	5.26567e+09	4.76921e+09	5.22724e+09	5.75051e+09	5.8028e+09	5.39767e+09	5.58254e+09	4.72285e+09	4.48189e+09	5.52502e+09	5.63323e+09	3.40916e+09	5.53624e+09	4.91974e+09	5.36251e+09	3.92985e+09	4.49248e+09	3.80446e+09	4.15324e+09	4.49617e+09	3.39261e+09	5.81792e+09	5.7889e+09	5.4792e+09	5.46462e+09	5.43468e+09	6.03638e+09
ERR609032	5.6283e+09	6.36999e+09	5.69728e+09	5.7505e+09	5.47607e+09	6.5952e+09	4.60761e+09	5.73497e+09	5.35848e+09	5.78602e+09	5.70128e+09	5.38252e+09	5.24147e+09	5.28684e+09	5.18931e+09	5.01379e+09	5.9536e+09	6.21166e+09	4.89351e+09	5.1296e+09	5.22053e+09	5.08631e+09	6.04071e+09	6.09954e+09	5.58506e+09	6.11913e+09	5.39132e+09	5.35245e+09	5.61087e+09	5.67407e+09	5.82393e+09	5.91739e+09	6.39726e+09	6.30956e+09	6.23296e+09	5.89898e+09	4.77337e+09	5.01972e+09	4.92921e+09	4.6675e+09	5.02337e+09	4.49471e+09	5.63741e+09	5.62842e+09	6.44565e+09	6.44577e+09	6.4479e+09	5.6028e+09	4.93269e+09	5.83861e+09	6.03962e+09	4.90886e+09	4.76406e+09	6.24397e+09	5.60529e+09	5.78878e+09	5.84256e+09	5.31056e+09	5.32113e+09	5.26584e+09	5.43913e+09	5.40875e+09	5.48542e+09	5.43433e+09	4.81492e+09	5.75403e+09	4.67037e+09	4.54161e+09	4.87934e+09	5.12659e+09	4.64847e+09	5.08992e+09	5.5943e+09	5.64429e+09	5.25507e+09	5.43212e+09	4.60477e+09	4.37216e+09	5.37593e+09	5.48073e+09	3.32982e+09	5.38732e+09	4.79327e+09	5.22053e+09	3.8297e+09	4.38153e+09	3.70881e+09	4.05304e+09	4.38538e+09	3.31005e+09	5.65904e+09	5.63114e+09	5.33351e+09	5.31937e+09	5.29067e+09	5.86933e+09
ERR609031	5.7221e+09	6.48224e+09	5.79256e+09	5.84796e+09	5.56648e+09	6.71284e+09	4.67921e+09	5.83306e+09	5.44776e+09	5.88564e+09	5.79849e+09	5.47228e+09	5.32673e+09	5.18931e+09	5.45498e+09	5.09384e+09	6.05581e+09	6.32074e+09	4.972e+09	5.21364e+09	5.30663e+09	5.16931e+09	6.14629e+09	6.2064e+09	5.67915e+09	6.22651e+09	5.48081e+09	5.44141e+09	5.70509e+09	5.77035e+09	5.92352e+09	6.01898e+09	6.51075e+09	6.4213e+09	6.34213e+09	6.00056e+09	4.84778e+09	5.09933e+09	5.00703e+09	4.73963e+09	5.10358e+09	4.56372e+09	5.73293e+09	5.72392e+09	6.5603e+09	6.56076e+09	6.56279e+09	5.69729e+09	5.01125e+09	5.93943e+09	6.14511e+09	4.98681e+09	4.83965e+09	6.35413e+09	5.69934e+09	5.88768e+09	5.94256e+09	5.39734e+09	5.40799e+09	5.35136e+09	5.53081e+09	5.50015e+09	5.57809e+09	5.52588e+09	4.89186e+09	5.85323e+09	4.74184e+09	4.61065e+09	4.95626e+09	5.20993e+09	4.71982e+09	5.17202e+09	5.68854e+09	5.7397e+09	5.34052e+09	5.52331e+09	4.67587e+09	4.43826e+09	5.46625e+09	5.57348e+09	3.37798e+09	5.47748e+09	4.8695e+09	5.30599e+09	3.88921e+09	4.4484e+09	3.76577e+09	4.11277e+09	4.45181e+09	3.35885e+09	5.7564e+09	5.72779e+09	5.42247e+09	5.40826e+09	5.37862e+09	5.97163e+09
ERR609027	5.52649e+09	6.25931e+09	5.59332e+09	5.64629e+09	5.42081e+09	6.46891e+09	4.52595e+09	5.59594e+09	5.23333e+09	5.64315e+09	5.55821e+09	5.25595e+09	5.14426e+09	5.01379e+09	5.09384e+09	5.13981e+09	5.85548e+09	6.09884e+09	4.79983e+09	4.99824e+09	5.08308e+09	4.95502e+09	5.88114e+09	5.93665e+09	5.4818e+09	6.0117e+09	5.29235e+09	5.25307e+09	5.51268e+09	5.58134e+09	5.71321e+09	5.81091e+09	6.24577e+09	6.16385e+09	6.10267e+09	5.78524e+09	4.63586e+09	4.86559e+09	4.79211e+09	4.52388e+09	4.86838e+09	4.35736e+09	5.53629e+09	5.53013e+09	6.33742e+09	6.33709e+09	6.34108e+09	5.50375e+09	4.85724e+09	5.74145e+09	5.93588e+09	4.83176e+09	4.69858e+09	6.12595e+09	5.46401e+09	5.63223e+09	5.6859e+09	5.166e+09	5.17507e+09	5.1351e+09	5.33333e+09	5.30441e+09	5.38596e+09	5.32888e+09	4.74109e+09	5.64637e+09	4.54536e+09	4.43257e+09	4.76112e+09	4.99117e+09	4.52639e+09	4.95523e+09	5.46832e+09	5.51753e+09	5.13758e+09	5.29659e+09	4.49197e+09	4.26859e+09	5.2989e+09	5.40223e+09	3.3064e+09	5.30178e+09	4.72355e+09	5.13706e+09	3.61551e+09	4.30157e+09	3.5013e+09	3.98536e+09	4.30169e+09	3.12701e+09	5.58525e+09	5.56784e+09	5.28567e+09	5.27243e+09	5.24524e+09	5.78879e+09
ERR609028	6.61384e+09	7.56509e+09	6.70179e+09	6.77047e+09	6.43545e+09	7.8508e+09	5.34366e+09	6.74938e+09	6.27564e+09	6.81345e+09	6.7059e+09	6.30356e+09	6.12084e+09	5.9536e+09	6.05581e+09	5.85548e+09	7.25851e+09	7.36097e+09	5.70265e+09	5.98827e+09	6.10077e+09	5.93365e+09	7.13406e+09	7.20844e+09	6.58358e+09	7.26556e+09	6.33857e+09	6.28993e+09	6.61858e+09	6.69986e+09	6.86946e+09	6.98836e+09	7.59236e+09	7.48243e+09	7.3878e+09	6.9636e+09	5.54909e+09	5.85232e+09	5.74241e+09	5.41722e+09	5.85555e+09	5.20519e+09	6.63339e+09	6.62339e+09	7.66726e+09	7.66755e+09	7.67047e+09	6.58944e+09	5.77098e+09	6.91113e+09	7.16668e+09	5.7409e+09	5.56457e+09	7.42361e+09	6.60256e+09	6.8315e+09	6.89964e+09	6.23e+09	6.24314e+09	6.17723e+09	6.40133e+09	6.36414e+09	6.46216e+09	6.396e+09	5.62429e+09	6.80217e+09	5.43444e+09	5.2799e+09	5.69672e+09	6.00327e+09	5.40826e+09	5.95771e+09	6.589e+09	6.65204e+09	6.16275e+09	6.38332e+09	5.35105e+09	5.06605e+09	6.33316e+09	6.46514e+09	3.8444e+09	6.34461e+09	5.60327e+09	6.13344e+09	4.40683e+09	5.08924e+09	4.26099e+09	4.69016e+09	5.09201e+09	3.78413e+09	6.69329e+09	6.66141e+09	6.28701e+09	6.26954e+09	6.23401e+09	6.95794e+09
ERR609029	6.91502e+09	7.93704e+09	7.00884e+09	7.08145e+09	6.71267e+09	8.2504e+09	5.56803e+09	7.0764e+09	6.56742e+09	7.1462e+09	7.03225e+09	6.59725e+09	6.39009e+09	6.21166e+09	6.32074e+09	6.09884e+09	7.36097e+09	7.96221e+09	5.94902e+09	6.26228e+09	6.38395e+09	6.20418e+09	7.49176e+09	7.57297e+09	6.88834e+09	7.61926e+09	6.62654e+09	6.57497e+09	6.92406e+09	7.00806e+09	7.19355e+09	7.31912e+09	7.98212e+09	7.86351e+09	7.75539e+09	7.29462e+09	5.80898e+09	6.1367e+09	6.01305e+09	5.6719e+09	6.14023e+09	5.44637e+09	6.93584e+09	6.92448e+09	8.04666e+09	8.04696e+09	8.05006e+09	6.88856e+09	6.01847e+09	7.23766e+09	7.51261e+09	5.98694e+09	5.79885e+09	7.79365e+09	6.93034e+09	7.17989e+09	7.25296e+09	6.5359e+09	6.55045e+09	6.4749e+09	6.69565e+09	6.65598e+09	6.75892e+09	6.69007e+09	5.86182e+09	7.12459e+09	5.68648e+09	5.51834e+09	5.96157e+09	6.29268e+09	5.65795e+09	6.24401e+09	6.90558e+09	6.97357e+09	6.45077e+09	6.69116e+09	5.59031e+09	5.2873e+09	6.61773e+09	6.75854e+09	3.98808e+09	6.63233e+09	5.84326e+09	6.40816e+09	4.63913e+09	5.30696e+09	4.48459e+09	4.88361e+09	5.31033e+09	3.97499e+09	6.99905e+09	6.96094e+09	6.55769e+09	6.53908e+09	6.50077e+09	7.28326e+09
ERR606000	5.44008e+09	6.15731e+09	5.50612e+09	5.55794e+09	5.28451e+09	6.37745e+09	4.58181e+09	5.70941e+09	5.33204e+09	5.75758e+09	5.67346e+09	5.3553e+09	5.02127e+09	4.89351e+09	4.972e+09	4.79983e+09	5.70265e+09	5.94902e+09	5.30029e+09	5.36833e+09	5.45612e+09	5.32527e+09	6.28304e+09	6.34289e+09	5.64966e+09	6.16638e+09	5.45898e+09	5.4236e+09	5.66908e+09	5.7324e+09	5.736e+09	5.82487e+09	6.29636e+09	6.20988e+09	6.13591e+09	5.80849e+09	4.74963e+09	4.99343e+09	4.90608e+09	4.64231e+09	4.99984e+09	4.4707e+09	5.6171e+09	5.60824e+09	6.41222e+09	6.41168e+09	6.41661e+09	5.583e+09	5.08156e+09	5.96681e+09	6.16011e+09	5.05812e+09	4.91294e+09	6.35913e+09	5.69327e+09	5.87662e+09	5.92734e+09	5.40729e+09	5.41803e+09	5.36209e+09	5.49954e+09	5.4709e+09	5.54066e+09	5.49455e+09	4.88667e+09	5.80542e+09	4.77631e+09	4.64747e+09	4.98009e+09	5.22195e+09	4.75321e+09	5.18753e+09	5.66053e+09	5.70973e+09	5.32185e+09	5.50349e+09	4.68871e+09	4.45728e+09	5.51678e+09	5.61891e+09	3.46202e+09	5.5282e+09	4.93875e+09	5.36598e+09	3.9969e+09	4.46613e+09	3.87174e+09	4.14118e+09	4.47187e+09	3.46283e+09	5.69565e+09	5.66821e+09	5.37141e+09	5.35838e+09	5.33083e+09	5.90566e+09
ERR606004	5.71348e+09	6.48346e+09	5.78464e+09	5.84045e+09	5.51059e+09	6.73217e+09	4.80224e+09	6.04427e+09	5.631e+09	6.09688e+09	6.00822e+09	5.65784e+09	5.26668e+09	5.1296e+09	5.21364e+09	4.99824e+09	5.98827e+09	6.26228e+09	5.36833e+09	5.88321e+09	5.78706e+09	5.64267e+09	6.67823e+09	6.74601e+09	5.95341e+09	6.50752e+09	5.74765e+09	5.71123e+09	5.96884e+09	6.03236e+09	6.05591e+09	6.14615e+09	6.68351e+09	6.58494e+09	6.4919e+09	6.13407e+09	5.03811e+09	5.30978e+09	5.20291e+09	4.92837e+09	5.31922e+09	4.74248e+09	5.89881e+09	5.88751e+09	6.75559e+09	6.75478e+09	6.75874e+09	5.86179e+09	5.32596e+09	6.28654e+09	6.49746e+09	5.30216e+09	5.13863e+09	6.72352e+09	6.04917e+09	6.256e+09	6.31053e+09	5.74883e+09	5.7627e+09	5.68825e+09	5.79566e+09	5.76468e+09	5.83292e+09	5.78906e+09	5.11939e+09	6.12142e+09	5.06396e+09	4.91282e+09	5.27276e+09	5.54165e+09	5.03629e+09	5.50554e+09	5.99023e+09	6.04354e+09	5.6238e+09	5.83213e+09	4.9505e+09	4.6974e+09	5.79634e+09	5.90586e+09	3.58173e+09	5.81242e+09	5.17755e+09	5.63863e+09	4.35122e+09	4.68588e+09	4.21295e+09	4.3334e+09	4.69508e+09	3.75874e+09	5.9733e+09	5.93611e+09	5.61124e+09	5.59738e+09	5.56773e+09	6.20407e+09
ERR606003	5.81822e+09	6.60886e+09	5.89123e+09	5.94847e+09	5.60654e+09	6.86702e+09	4.88446e+09	6.16205e+09	5.7374e+09	6.21714e+09	6.12654e+09	5.76426e+09	5.36133e+09	5.22053e+09	5.30663e+09	5.08308e+09	6.10077e+09	6.38395e+09	5.45612e+09	5.78706e+09	6.09371e+09	5.73928e+09	6.80881e+09	6.87903e+09	6.06431e+09	6.63383e+09	5.85309e+09	5.81629e+09	6.08075e+09	6.14418e+09	6.16687e+09	6.25803e+09	6.81701e+09	6.71681e+09	6.61825e+09	6.24712e+09	5.1353e+09	5.41532e+09	5.30284e+09	5.02464e+09	5.42399e+09	4.83372e+09	6.00727e+09	5.99503e+09	6.88674e+09	6.88589e+09	6.8892e+09	5.96874e+09	5.41604e+09	6.40338e+09	6.62148e+09	5.39199e+09	5.22443e+09	6.85601e+09	6.16995e+09	6.38467e+09	6.44124e+09	5.86325e+09	5.87717e+09	5.79861e+09	5.90382e+09	5.87226e+09	5.9416e+09	5.89772e+09	5.20668e+09	6.23851e+09	5.15939e+09	5.00282e+09	5.37222e+09	5.65114e+09	5.13073e+09	5.61357e+09	6.10681e+09	6.16188e+09	5.73232e+09	5.94702e+09	5.04233e+09	4.78235e+09	5.89689e+09	6.00899e+09	3.63409e+09	5.91505e+09	5.26362e+09	5.73634e+09	4.44232e+09	4.76757e+09	4.30103e+09	4.40591e+09	4.77715e+09	3.83482e+09	6.08163e+09	6.04145e+09	5.70595e+09	5.6914e+09	5.66102e+09	6.31844e+09
ERR606005	5.66269e+09	6.42121e+09	5.73233e+09	5.78779e+09	5.46061e+09	6.66729e+09	4.76345e+09	5.9912e+09	5.58274e+09	6.04389e+09	5.95592e+09	5.60963e+09	5.22218e+09	5.08631e+09	5.16931e+09	4.95502e+09	5.93365e+09	6.20418e+09	5.32527e+09	5.64267e+09	5.73928e+09	5.78962e+09	6.61962e+09	6.68688e+09	5.90152e+09	6.44747e+09	5.69806e+09	5.66246e+09	5.91635e+09	5.97911e+09	6.00166e+09	6.09062e+09	6.62142e+09	6.52493e+09	6.43234e+09	6.07913e+09	4.99752e+09	5.26595e+09	5.15987e+09	4.88939e+09	5.27519e+09	4.70538e+09	5.84701e+09	5.83547e+09	6.69146e+09	6.69044e+09	6.69425e+09	5.81041e+09	5.28123e+09	6.22939e+09	6.43742e+09	5.25793e+09	5.09608e+09	6.66033e+09	5.99549e+09	6.20078e+09	6.25474e+09	5.69977e+09	5.71377e+09	5.63943e+09	5.74489e+09	5.71458e+09	5.78187e+09	5.73865e+09	5.07671e+09	6.06595e+09	5.02318e+09	4.87353e+09	5.22879e+09	5.49512e+09	4.99549e+09	5.45918e+09	5.9373e+09	5.98978e+09	5.57513e+09	5.78138e+09	4.91022e+09	4.66024e+09	5.74462e+09	5.85333e+09	3.55451e+09	5.76162e+09	5.13363e+09	5.58986e+09	4.32115e+09	4.64789e+09	4.18436e+09	4.29977e+09	4.65753e+09	3.73377e+09	5.91775e+09	5.88064e+09	5.56024e+09	5.54628e+09	5.51681e+09	6.14598e+09
ERR606001	6.77414e+09	7.77383e+09	6.8648e+09	6.93673e+09	6.51869e+09	8.10398e+09	5.61982e+09	7.19818e+09	6.667e+09	7.26908e+09	7.15506e+09	6.70031e+09	6.21314e+09	6.04071e+09	6.14629e+09	5.88114e+09	7.13406e+09	7.49176e+09	6.28304e+09	6.67823e+09	6.80881e+09	6.61962e+09	8.25666e+09	8.09035e+09	7.08907e+09	7.81145e+09	6.82447e+09	6.77742e+09	7.11056e+09	7.19043e+09	7.20743e+09	7.32227e+09	8.03288e+09	7.9054e+09	7.77809e+09	7.30777e+09	5.94357e+09	6.28949e+09	6.14787e+09	5.80892e+09	6.29856e+09	5.57646e+09	6.99324e+09	6.97747e+09	8.11269e+09	8.1117e+09	8.11647e+09	6.94476e+09	6.2702e+09	7.51399e+09	7.79271e+09	6.23981e+09	6.0359e+09	8.0935e+09	7.24159e+09	7.51266e+09	7.58404e+09	6.85744e+09	6.87532e+09	6.77671e+09	6.88528e+09	6.84558e+09	6.9345e+09	6.87825e+09	6.02029e+09	7.30919e+09	5.98417e+09	5.79246e+09	6.24705e+09	6.59432e+09	5.94923e+09	6.54806e+09	7.14956e+09	7.21834e+09	6.68323e+09	6.95237e+09	5.82895e+09	5.51097e+09	6.87455e+09	7.01527e+09	4.14917e+09	6.89915e+09	6.09162e+09	6.67579e+09	5.11888e+09	5.49701e+09	4.94832e+09	5.05991e+09	5.50683e+09	4.38596e+09	7.11507e+09	7.0642e+09	6.64545e+09	6.62745e+09	6.58901e+09	7.41433e+09
ERR606002	6.84332e+09	7.85917e+09	6.935e+09	7.00798e+09	6.58218e+09	8.19626e+09	5.67351e+09	7.27786e+09	6.73694e+09	7.34977e+09	7.2341e+09	6.77081e+09	6.27404e+09	6.09954e+09	6.2064e+09	5.93665e+09	7.20844e+09	7.57297e+09	6.34289e+09	6.74601e+09	6.87903e+09	6.68688e+09	8.09035e+09	8.44625e+09	7.16635e+09	7.90032e+09	6.89739e+09	6.84954e+09	7.18794e+09	7.26861e+09	7.28359e+09	7.4001e+09	8.12592e+09	7.99701e+09	7.86576e+09	7.38594e+09	6.00692e+09	6.35873e+09	6.21346e+09	5.87108e+09	6.36823e+09	5.63494e+09	7.06554e+09	7.04914e+09	8.20394e+09	8.20323e+09	8.20764e+09	7.01541e+09	6.33208e+09	7.59642e+09	7.88093e+09	6.30186e+09	6.09495e+09	8.18839e+09	7.3258e+09	7.60271e+09	7.67548e+09	6.93639e+09	6.95429e+09	6.85318e+09	6.95916e+09	6.9187e+09	7.00866e+09	6.95164e+09	6.08024e+09	7.38981e+09	6.04948e+09	5.85427e+09	6.31582e+09	6.66931e+09	6.01411e+09	6.62274e+09	7.22961e+09	7.29958e+09	6.75606e+09	7.03104e+09	5.89004e+09	5.56729e+09	6.94711e+09	7.08969e+09	4.18533e+09	6.97287e+09	6.15189e+09	6.74629e+09	5.18209e+09	5.55172e+09	5.00911e+09	5.10924e+09	5.56213e+09	4.43742e+09	7.19055e+09	7.13821e+09	6.7122e+09	6.69336e+09	6.65479e+09	7.49482e+09
ERR607606	6.26341e+09	7.15293e+09	6.34507e+09	6.40761e+09	6.07978e+09	7.42414e+09	5.27099e+09	6.68184e+09	6.2067e+09	6.74507e+09	6.63574e+09	6.23271e+09	5.74012e+09	5.58506e+09	5.67915e+09	5.4818e+09	6.58358e+09	6.88834e+09	5.64966e+09	5.95341e+09	6.06431e+09	5.90152e+09	7.08907e+09	7.16635e+09	7.53253e+09	8.04651e+09	7.05392e+09	7.00177e+09	7.3486e+09	7.43578e+09	6.67728e+09	6.78957e+09	7.39049e+09	7.28297e+09	7.18681e+09	6.76836e+09	5.53889e+09	5.84227e+09	5.73095e+09	5.4074e+09	5.84864e+09	5.19573e+09	6.53438e+09	6.52468e+09	7.55833e+09	7.5572e+09	7.56192e+09	6.49242e+09	6.33982e+09	7.56466e+09	7.83734e+09	6.3078e+09	6.1122e+09	8.11731e+09	7.33285e+09	7.58132e+09	7.64959e+09	6.94504e+09	6.96108e+09	6.88115e+09	7.00414e+09	6.96345e+09	7.06412e+09	6.99775e+09	6.1554e+09	7.43136e+09	6.08371e+09	5.90478e+09	6.35253e+09	6.6871e+09	6.0486e+09	6.63855e+09	7.19554e+09	7.26471e+09	6.7414e+09	6.99332e+09	5.88725e+09	5.57431e+09	6.9351e+09	7.07138e+09	4.21584e+09	6.94907e+09	6.15218e+09	6.72705e+09	5.01339e+09	5.58895e+09	4.85067e+09	5.15488e+09	5.5961e+09	4.31451e+09	7.29566e+09	7.25575e+09	6.84072e+09	6.82092e+09	6.78213e+09	7.59278e+09
ERR607603	6.88644e+09	7.92491e+09	6.98118e+09	7.05411e+09	6.68638e+09	8.243e+09	5.74733e+09	7.34817e+09	6.80571e+09	7.42051e+09	7.29633e+09	6.83385e+09	6.29609e+09	6.11913e+09	6.22651e+09	6.0117e+09	7.26556e+09	7.61926e+09	6.16638e+09	6.50752e+09	6.63383e+09	6.44747e+09	7.81145e+09	7.90032e+09	8.04651e+09	9.16736e+09	7.73821e+09	7.67813e+09	8.08772e+09	8.18956e+09	7.36031e+09	7.48997e+09	8.18335e+09	8.05951e+09	7.94787e+09	7.46451e+09	6.05933e+09	6.40392e+09	6.27678e+09	5.91045e+09	6.40978e+09	5.67188e+09	7.17871e+09	7.16748e+09	8.37397e+09	8.37213e+09	8.37834e+09	7.13043e+09	6.92626e+09	8.34508e+09	8.66675e+09	6.88989e+09	6.66904e+09	8.99883e+09	8.09682e+09	8.38689e+09	8.46614e+09	7.64473e+09	7.66307e+09	7.57138e+09	7.68018e+09	7.63371e+09	7.75137e+09	7.67319e+09	6.70719e+09	8.18185e+09	6.64938e+09	6.44607e+09	6.959e+09	7.34547e+09	6.6095e+09	7.29013e+09	7.91619e+09	7.99725e+09	7.39417e+09	7.68262e+09	6.4157e+09	6.06119e+09	7.61859e+09	7.7762e+09	4.56397e+09	7.6321e+09	6.72075e+09	7.37535e+09	5.4492e+09	6.08748e+09	5.26697e+09	5.59945e+09	6.09367e+09	4.66628e+09	8.02968e+09	7.98492e+09	7.5037e+09	7.48112e+09	7.43725e+09	8.37818e+09
ERR607607	6.03676e+09	6.87811e+09	6.11429e+09	6.17302e+09	5.86142e+09	7.13433e+09	5.09865e+09	6.4401e+09	5.98979e+09	6.50012e+09	6.39658e+09	6.01435e+09	5.5387e+09	5.39132e+09	5.48081e+09	5.29235e+09	6.33857e+09	6.62654e+09	5.45898e+09	5.74765e+09	5.85309e+09	5.69806e+09	6.82447e+09	6.89739e+09	7.05392e+09	7.73821e+09	7.00589e+09	6.75562e+09	7.08223e+09	7.16477e+09	6.43242e+09	6.53914e+09	7.10734e+09	7.00522e+09	6.91506e+09	6.51931e+09	5.35096e+09	5.64007e+09	5.53467e+09	5.22499e+09	5.64595e+09	5.0233e+09	6.30098e+09	6.29199e+09	7.27097e+09	7.2696e+09	7.27405e+09	6.26161e+09	6.12618e+09	7.2838e+09	7.54057e+09	6.09581e+09	5.90995e+09	7.8036e+09	7.06005e+09	7.29351e+09	7.35824e+09	6.69397e+09	6.70845e+09	6.63416e+09	6.75529e+09	6.71738e+09	6.81279e+09	6.74987e+09	5.95255e+09	7.15868e+09	5.87913e+09	5.70955e+09	6.13406e+09	6.44987e+09	5.84577e+09	6.40409e+09	6.93472e+09	7.00116e+09	6.50601e+09	6.74334e+09	5.69553e+09	5.39732e+09	6.68967e+09	6.81848e+09	4.09185e+09	6.7029e+09	5.94717e+09	6.492e+09	4.84659e+09	5.41026e+09	4.69161e+09	4.99561e+09	5.4167e+09	4.17998e+09	7.032e+09	6.9949e+09	6.60242e+09	6.5837e+09	6.54792e+09	7.3119e+09
ERR607608	5.99181e+09	6.82431e+09	6.06869e+09	6.12697e+09	5.81635e+09	7.07771e+09	5.06463e+09	6.39475e+09	5.94859e+09	6.45411e+09	6.35177e+09	5.97282e+09	5.49869e+09	5.35245e+09	5.44141e+09	5.25307e+09	6.28993e+09	6.57497e+09	5.4236e+09	5.71123e+09	5.81629e+09	5.66246e+09	6.77742e+09	6.84954e+09	7.00177e+09	7.67813e+09	6.75562e+09	6.90756e+09	7.02989e+09	7.11127e+09	6.38456e+09	6.48925e+09	7.05363e+09	6.95257e+09	6.86262e+09	6.47019e+09	5.3176e+09	5.60397e+09	5.49866e+09	5.19288e+09	5.60973e+09	4.99216e+09	6.2546e+09	6.24559e+09	7.21301e+09	7.21205e+09	7.21659e+09	6.21576e+09	6.08496e+09	7.23001e+09	7.48341e+09	6.05529e+09	5.87056e+09	7.74467e+09	7.00968e+09	7.24235e+09	7.30549e+09	6.6482e+09	6.66295e+09	6.58842e+09	6.70897e+09	6.67092e+09	6.76481e+09	6.7034e+09	5.91275e+09	7.10654e+09	5.842e+09	5.67278e+09	6.0932e+09	6.40684e+09	5.80895e+09	6.36155e+09	6.88692e+09	6.95131e+09	6.46226e+09	6.69833e+09	5.66083e+09	5.36473e+09	6.64091e+09	6.76819e+09	4.0652e+09	6.65375e+09	5.90607e+09	6.446e+09	4.82627e+09	5.37564e+09	4.67228e+09	4.96396e+09	5.38246e+09	4.16376e+09	6.97892e+09	6.94118e+09	6.55239e+09	6.53403e+09	6.49827e+09	7.2554e+09
ERR607605	6.29345e+09	7.1922e+09	6.37622e+09	6.43936e+09	6.11545e+09	7.46398e+09	5.29276e+09	6.70779e+09	6.23106e+09	6.77116e+09	6.6614e+09	6.256e+09	5.76707e+09	5.61087e+09	5.70509e+09	5.51268e+09	6.61858e+09	6.92406e+09	5.66908e+09	5.96884e+09	6.08075e+09	5.91635e+09	7.11056e+09	7.18794e+09	7.3486e+09	8.08772e+09	7.08223e+09	7.02989e+09	7.60522e+09	7.47255e+09	6.70694e+09	6.82135e+09	7.42212e+09	7.31582e+09	7.22014e+09	6.79925e+09	5.55618e+09	5.86048e+09	5.75008e+09	5.42333e+09	5.86573e+09	5.2108e+09	6.56533e+09	6.55535e+09	7.59916e+09	7.59803e+09	7.60313e+09	6.52312e+09	6.36741e+09	7.60006e+09	7.87415e+09	6.3349e+09	6.13965e+09	8.15574e+09	7.36027e+09	7.60844e+09	7.67783e+09	6.9681e+09	6.98322e+09	6.90658e+09	7.03353e+09	6.99255e+09	7.09579e+09	7.028e+09	6.18137e+09	7.46491e+09	6.10192e+09	5.92451e+09	6.37419e+09	6.71065e+09	6.06692e+09	6.66109e+09	7.22406e+09	7.29474e+09	6.76955e+09	7.02012e+09	5.90836e+09	5.59369e+09	6.96717e+09	7.10466e+09	4.23566e+09	6.97908e+09	6.17838e+09	6.75487e+09	5.00833e+09	5.61257e+09	4.84585e+09	5.17655e+09	5.61857e+09	4.31132e+09	7.33412e+09	7.29582e+09	6.87758e+09	6.85784e+09	6.8195e+09	7.63258e+09
ERR607604	6.36789e+09	7.28214e+09	6.4514e+09	6.51656e+09	6.19422e+09	7.55636e+09	5.35007e+09	6.77932e+09	6.2967e+09	6.84327e+09	6.7313e+09	6.32342e+09	5.83292e+09	5.67407e+09	5.77035e+09	5.58134e+09	6.69986e+09	7.00806e+09	5.7324e+09	6.03236e+09	6.14418e+09	5.97911e+09	7.19043e+09	7.26861e+09	7.43578e+09	8.18956e+09	7.16477e+09	7.11127e+09	7.47255e+09	7.78687e+09	6.792e+09	6.90991e+09	7.50985e+09	7.40094e+09	7.30775e+09	6.88514e+09	5.60871e+09	5.91515e+09	5.80676e+09	5.47108e+09	5.92121e+09	5.25626e+09	6.64169e+09	6.63266e+09	7.69627e+09	7.69516e+09	7.70084e+09	6.59951e+09	6.44232e+09	7.69534e+09	7.97408e+09	6.40895e+09	6.21227e+09	8.25752e+09	7.4437e+09	7.69286e+09	7.76265e+09	7.04172e+09	7.05845e+09	6.98292e+09	7.11058e+09	7.06968e+09	7.17576e+09	7.10471e+09	6.2516e+09	7.55071e+09	6.16255e+09	5.98459e+09	6.44144e+09	6.7783e+09	6.12672e+09	6.728e+09	7.30451e+09	7.37573e+09	6.84052e+09	7.09168e+09	5.96326e+09	5.64511e+09	7.05559e+09	7.19549e+09	4.28486e+09	7.06588e+09	6.252e+09	6.83804e+09	5.02911e+09	5.67082e+09	4.86556e+09	5.23014e+09	5.67623e+09	4.32711e+09	7.4251e+09	7.38892e+09	6.96947e+09	6.94932e+09	6.91056e+09	7.73035e+09
ERR617061	6.50127e+09	7.45201e+09	6.58505e+09	6.65251e+09	6.3043e+09	7.74882e+09	5.40288e+09	6.83593e+09	6.35451e+09	6.90054e+09	6.79219e+09	6.3891e+09	5.98836e+09	5.82393e+09	5.92352e+09	5.71321e+09	6.86946e+09	7.19355e+09	5.736e+09	6.05591e+09	6.16687e+09	6.00166e+09	7.20743e+09	7.28359e+09	6.67728e+09	7.36031e+09	6.43242e+09	6.38456e+09	6.70694e+09	6.792e+09	7.33925e+09	7.22232e+09	7.83799e+09	7.72271e+09	7.6194e+09	7.19853e+09	5.68951e+09	6.00135e+09	5.88722e+09	5.55065e+09	6.00913e+09	5.33187e+09	6.60755e+09	6.59485e+09	7.67039e+09	7.66958e+09	7.67428e+09	6.56448e+09	5.84132e+09	6.98823e+09	7.24765e+09	5.81302e+09	5.63144e+09	7.51426e+09	6.82699e+09	7.05996e+09	7.12694e+09	6.45305e+09	6.46902e+09	6.39735e+09	6.4598e+09	6.42283e+09	6.51711e+09	6.45297e+09	5.67789e+09	6.86187e+09	5.64373e+09	5.48105e+09	5.90733e+09	6.21529e+09	5.6135e+09	6.17234e+09	6.71481e+09	6.77904e+09	6.28776e+09	6.50974e+09	5.47495e+09	5.1839e+09	6.4613e+09	6.59175e+09	3.93286e+09	6.46982e+09	5.73054e+09	6.26189e+09	4.62298e+09	5.20051e+09	4.47319e+09	4.79513e+09	5.20393e+09	3.97476e+09	6.70582e+09	6.67464e+09	6.29862e+09	6.28287e+09	6.24743e+09	6.99025e+09
ERR617062	6.61064e+09	7.58567e+09	6.69647e+09	6.76648e+09	6.41764e+09	7.88778e+09	5.48472e+09	6.9446e+09	6.4516e+09	7.00975e+09	6.8987e+09	6.48729e+09	6.08483e+09	5.91739e+09	6.01898e+09	5.81091e+09	6.98836e+09	7.31912e+09	5.82487e+09	6.14615e+09	6.25803e+09	6.09062e+09	7.32227e+09	7.4001e+09	6.78957e+09	7.48997e+09	6.53914e+09	6.48925e+09	6.82135e+09	6.90991e+09	7.22232e+09	7.5875e+09	7.9692e+09	7.85234e+09	7.74952e+09	7.32048e+09	5.76739e+09	6.08435e+09	5.97043e+09	5.62386e+09	6.09172e+09	5.40181e+09	6.71916e+09	6.70627e+09	7.80991e+09	7.80881e+09	7.81391e+09	6.67577e+09	5.93883e+09	7.11207e+09	7.37715e+09	5.90935e+09	5.72533e+09	7.64839e+09	6.93335e+09	7.17013e+09	7.238e+09	6.54858e+09	6.56385e+09	6.49405e+09	6.56669e+09	6.52875e+09	6.62648e+09	6.56024e+09	5.77053e+09	6.97872e+09	5.72303e+09	5.55935e+09	5.99399e+09	6.30661e+09	5.6925e+09	6.26293e+09	6.8227e+09	6.88836e+09	6.38639e+09	6.60958e+09	5.55314e+09	5.2562e+09	6.5714e+09	6.7068e+09	3.99452e+09	6.57892e+09	5.82462e+09	6.36654e+09	4.66355e+09	5.27876e+09	4.51129e+09	4.86649e+09	5.28152e+09	4.00668e+09	6.82652e+09	6.796e+09	6.41399e+09	6.39802e+09	6.36176e+09	7.11657e+09
ERR617059	7.17211e+09	8.27428e+09	7.26898e+09	7.34765e+09	6.91523e+09	8.63782e+09	5.90699e+09	7.58552e+09	7.01957e+09	7.66522e+09	7.54179e+09	7.05689e+09	6.58436e+09	6.39726e+09	6.51075e+09	6.24577e+09	7.59236e+09	7.98212e+09	6.29636e+09	6.68351e+09	6.81701e+09	6.62142e+09	8.03288e+09	8.12592e+09	7.39049e+09	8.18335e+09	7.10734e+09	7.05363e+09	7.42212e+09	7.50985e+09	7.83799e+09	7.9692e+09	9.03217e+09	8.6166e+09	8.47287e+09	7.95019e+09	6.27857e+09	6.64875e+09	6.49771e+09	6.13122e+09	6.65633e+09	5.88021e+09	7.2954e+09	7.27864e+09	8.52185e+09	8.5212e+09	8.52483e+09	7.24449e+09	6.41968e+09	7.74664e+09	8.053e+09	6.38884e+09	6.17679e+09	8.37794e+09	7.59429e+09	7.88169e+09	7.9601e+09	7.17114e+09	7.18906e+09	7.08918e+09	7.15528e+09	7.11277e+09	7.21424e+09	7.14785e+09	6.23395e+09	7.61877e+09	6.23187e+09	6.0329e+09	6.52254e+09	6.89489e+09	6.19743e+09	6.84392e+09	7.45805e+09	7.53269e+09	6.9634e+09	7.23848e+09	6.03909e+09	5.70326e+09	7.11458e+09	7.2645e+09	4.2604e+09	7.13513e+09	6.28215e+09	6.89482e+09	5.19719e+09	5.70251e+09	5.02406e+09	5.23969e+09	5.70892e+09	4.44234e+09	7.41053e+09	7.36059e+09	6.91398e+09	6.89444e+09	6.85373e+09	7.73814e+09
