	ERR635337	ERR635335	ERR635338	ERR635336	ERR635339	ERR635334	ERR608707	ERR608709	ERR608711	ERR608710	ERR608712	ERR608708	ERR626919	ERR626920	ERR626915	ERR626917	ERR626918	ERR626916	ERR629880	ERR629881	ERR629885	ERR629882	ERR629884	ERR629883	ERR636926	ERR636927	ERR636925	ERR636930	ERR636928	ERR636929	ERR622183	ERR622179	ERR622180	ERR622184	ERR622181	ERR622182	ERR613247	ERR613250	ERR613248	ERR613249	ERR613246	ERR613245	ERR608119	ERR608117	ERR608118	ERR608121	ERR608122	ERR608120	ERR616815	ERR616811	ERR616812	ERR616813	ERR616814	ERR616816	ERR618440	ERR618437	ERR618435	ERR618436	ERR618439	ERR618438	ERR618617	ERR618620	ERR618615	ERR618616	ERR618618	ERR618619	ERR618744	ERR618742	ERR618741	ERR618743	ERR618745	ERR618746	ERR617200	ERR617202	ERR617198	ERR617201	ERR617199	ERR617197	ERR630510	ERR630507	ERR630506	ERR630511	ERR630508	ERR630509	ERR632075	ERR632076	ERR632077	ERR632074	ERR632078	ERR632073	ERR622546	ERR622542	ERR622543	ERR622545	ERR622541	ERR622544
ERR635337	5.48761e+09	5.83165e+09	5.08471e+09	6.11699e+09	4.99577e+09	5.29752e+09	4.39133e+09	5.58344e+09	5.39589e+09	5.42066e+09	5.2335e+09	5.20313e+09	5.21224e+09	6.44239e+09	6.44626e+09	6.14032e+09	5.25889e+09	6.10715e+09	6.29075e+09	5.95294e+09	5.87113e+09	6.25336e+09	5.8379e+09	5.83481e+09	5.97381e+09	5.96422e+09	5.52844e+09	6.22894e+09	6.24356e+09	6.25585e+09	4.16161e+09	5.00324e+09	5.22152e+09	4.20528e+09	5.22599e+09	4.14835e+09	6.12323e+09	4.92235e+09	4.71418e+09	4.92538e+09	6.31097e+09	6.55414e+09	6.38934e+09	6.11723e+09	6.36958e+09	5.748e+09	5.78047e+09	5.69301e+09	5.27132e+09	5.4225e+09	5.61177e+09	5.78938e+09	5.31959e+09	5.28832e+09	5.4607e+09	5.30475e+09	5.59367e+09	5.0101e+09	5.41452e+09	5.31909e+09	4.73671e+09	4.41011e+09	4.90912e+09	4.67314e+09	4.65626e+09	4.40544e+09	5.27792e+09	5.0108e+09	5.26221e+09	5.00645e+09	5.30476e+09	5.39737e+09	4.97677e+09	4.91006e+09	5.64655e+09	5.12787e+09	5.67591e+09	5.45553e+09	6.20278e+09	5.86775e+09	6.07564e+09	6.22814e+09	6.01289e+09	6.20898e+09	6.40546e+09	5.86513e+09	5.65435e+09	6.18518e+09	5.58703e+09	5.90151e+09	5.84981e+09	6.13096e+09	4.88259e+09	5.75236e+09	6.29735e+09	5.72964e+09
ERR635335	5.83165e+09	6.6361e+09	5.55216e+09	6.78657e+09	5.45251e+09	5.806e+09	4.81767e+09	6.20387e+09	5.99025e+09	6.02035e+09	5.79526e+09	5.76211e+09	5.81076e+09	7.22034e+09	7.22536e+09	6.87003e+09	5.86491e+09	6.82874e+09	7.01131e+09	6.59908e+09	6.49137e+09	6.96522e+09	6.45079e+09	6.4487e+09	6.65086e+09	6.62879e+09	6.12934e+09	6.93859e+09	6.95652e+09	6.97095e+09	4.61761e+09	5.55981e+09	5.82249e+09	4.66763e+09	5.817e+09	4.60166e+09	6.83771e+09	5.45228e+09	5.2092e+09	5.4541e+09	7.05772e+09	7.35059e+09	7.12213e+09	6.80266e+09	7.10925e+09	6.3822e+09	6.42105e+09	6.30797e+09	5.7964e+09	5.97871e+09	6.21241e+09	6.41813e+09	5.85186e+09	5.81745e+09	6.11348e+09	5.92514e+09	6.25848e+09	5.5835e+09	6.06163e+09	5.95207e+09	5.26735e+09	4.90561e+09	5.46718e+09	5.19053e+09	5.18491e+09	4.90103e+09	5.90102e+09	5.58699e+09	5.88048e+09	5.5861e+09	5.93112e+09	6.04183e+09	5.56398e+09	5.45172e+09	6.32903e+09	5.73555e+09	6.36488e+09	6.09944e+09	6.89711e+09	6.48872e+09	6.74415e+09	6.92528e+09	6.67039e+09	6.90606e+09	7.14263e+09	6.48057e+09	6.23402e+09	6.88189e+09	6.15663e+09	6.53195e+09	6.49098e+09	6.82915e+09	5.39103e+09	6.37734e+09	7.02621e+09	6.35086e+09
ERR635338	5.08471e+09	5.55216e+09	5.00388e+09	5.81701e+09	4.77298e+09	5.05481e+09	4.19952e+09	5.31719e+09	5.14162e+09	5.16383e+09	4.99005e+09	4.96149e+09	4.96565e+09	6.11482e+09	6.1188e+09	5.83378e+09	5.00947e+09	5.80278e+09	5.9777e+09	5.66394e+09	5.58799e+09	5.94283e+09	5.55717e+09	5.55442e+09	5.68394e+09	5.67337e+09	5.26812e+09	5.92086e+09	5.93435e+09	5.94582e+09	3.97647e+09	4.76806e+09	4.97186e+09	4.01694e+09	4.97687e+09	3.96352e+09	5.81858e+09	4.69502e+09	4.50024e+09	4.69731e+09	5.9929e+09	6.21935e+09	6.07057e+09	5.81716e+09	6.05176e+09	5.47405e+09	5.50434e+09	5.42264e+09	5.02617e+09	5.16718e+09	5.34383e+09	5.5096e+09	5.07105e+09	5.04165e+09	5.18902e+09	5.04357e+09	5.31481e+09	4.76776e+09	5.14609e+09	5.05711e+09	4.51345e+09	4.2051e+09	4.67542e+09	4.45408e+09	4.43706e+09	4.2011e+09	5.01796e+09	4.76743e+09	5.00429e+09	4.7633e+09	5.04312e+09	5.12931e+09	4.73557e+09	4.67449e+09	5.36415e+09	4.87847e+09	5.39171e+09	5.18531e+09	5.89562e+09	5.58532e+09	5.77835e+09	5.91937e+09	5.71959e+09	5.90156e+09	6.08252e+09	5.58052e+09	5.38401e+09	5.87795e+09	5.32153e+09	5.61478e+09	5.56292e+09	5.82553e+09	4.65815e+09	5.4723e+09	5.98111e+09	5.45185e+09
ERR635336	6.11699e+09	6.78657e+09	5.81701e+09	7.36193e+09	5.71004e+09	6.08759e+09	5.04791e+09	6.53887e+09	6.3094e+09	6.3426e+09	6.09821e+09	6.06167e+09	6.14031e+09	7.66454e+09	7.67099e+09	7.28308e+09	6.19917e+09	7.238e+09	7.40912e+09	6.95199e+09	6.83176e+09	7.358e+09	6.78726e+09	6.78512e+09	7.01806e+09	6.99213e+09	6.45086e+09	7.3304e+09	7.35018e+09	7.36587e+09	4.8601e+09	5.86662e+09	6.15331e+09	4.91429e+09	6.14563e+09	4.84305e+09	7.23543e+09	5.73819e+09	5.47557e+09	5.74064e+09	7.47463e+09	7.79635e+09	7.52948e+09	7.17564e+09	7.51544e+09	6.71862e+09	6.76054e+09	6.63713e+09	6.08994e+09	6.28409e+09	6.53776e+09	6.76296e+09	6.14921e+09	6.11146e+09	6.48902e+09	6.28285e+09	6.64392e+09	5.91292e+09	6.43307e+09	6.3137e+09	5.5626e+09	5.17664e+09	5.77848e+09	5.47906e+09	5.47615e+09	5.17195e+09	6.25853e+09	5.91775e+09	6.23636e+09	5.9173e+09	6.29171e+09	6.41186e+09	5.89294e+09	5.76558e+09	6.71804e+09	6.07698e+09	6.75844e+09	6.4687e+09	7.28145e+09	6.82966e+09	7.11236e+09	7.31285e+09	7.03081e+09	7.2915e+09	7.5602e+09	6.82928e+09	6.5591e+09	7.27023e+09	6.47485e+09	6.88311e+09	6.8503e+09	7.2225e+09	5.66751e+09	6.72719e+09	7.43873e+09	6.69863e+09
ERR635339	4.99577e+09	5.45251e+09	4.77298e+09	5.71004e+09	4.83644e+09	4.96688e+09	4.13153e+09	5.22291e+09	5.05083e+09	5.07282e+09	4.90329e+09	4.87546e+09	4.87941e+09	6.00147e+09	6.00426e+09	5.72729e+09	4.92231e+09	5.69645e+09	5.86553e+09	5.55919e+09	5.48487e+09	5.83163e+09	5.45485e+09	5.45234e+09	5.57918e+09	5.56932e+09	5.17397e+09	5.81051e+09	5.82286e+09	5.83441e+09	3.91191e+09	4.68568e+09	4.88519e+09	3.95223e+09	4.88997e+09	3.89943e+09	5.71225e+09	4.61592e+09	4.42599e+09	4.61776e+09	5.88202e+09	6.10244e+09	5.95684e+09	5.70997e+09	5.93878e+09	5.37592e+09	5.40493e+09	5.32526e+09	4.93742e+09	5.07594e+09	5.2487e+09	5.40914e+09	4.98141e+09	4.95261e+09	5.09736e+09	4.955e+09	5.21959e+09	4.68512e+09	5.05586e+09	4.96895e+09	4.43753e+09	4.13638e+09	4.59558e+09	4.37914e+09	4.36316e+09	4.13186e+09	4.93045e+09	4.68534e+09	4.91737e+09	4.6813e+09	4.95464e+09	5.03964e+09	4.65423e+09	4.5937e+09	5.26887e+09	4.79347e+09	5.29586e+09	5.09408e+09	5.78608e+09	5.48237e+09	5.67131e+09	5.80923e+09	5.61428e+09	5.79166e+09	5.96766e+09	5.47698e+09	5.28571e+09	5.76846e+09	5.22495e+09	5.51138e+09	5.46251e+09	5.71821e+09	4.5792e+09	5.37438e+09	5.86926e+09	5.35382e+09
ERR635334	5.29752e+09	5.806e+09	5.05481e+09	6.08759e+09	4.96688e+09	5.43684e+09	4.36993e+09	5.55774e+09	5.37112e+09	5.39547e+09	5.20769e+09	5.1783e+09	5.1788e+09	6.40068e+09	6.40495e+09	6.10105e+09	5.22593e+09	6.06711e+09	6.26578e+09	5.9291e+09	5.84708e+09	6.22893e+09	5.81448e+09	5.81159e+09	5.94703e+09	5.93488e+09	5.50338e+09	6.19891e+09	6.21353e+09	6.22536e+09	4.14036e+09	4.97455e+09	5.19314e+09	4.1835e+09	5.19604e+09	4.12689e+09	6.09095e+09	4.8965e+09	4.69017e+09	4.89929e+09	6.27782e+09	6.52081e+09	6.35927e+09	6.0898e+09	6.34055e+09	5.72522e+09	5.75701e+09	5.6679e+09	5.2437e+09	5.40161e+09	5.58931e+09	5.76461e+09	5.29116e+09	5.26104e+09	5.42807e+09	5.27302e+09	5.56111e+09	4.98019e+09	5.38256e+09	5.28776e+09	4.71182e+09	4.38694e+09	4.88354e+09	4.648e+09	4.63102e+09	4.38214e+09	5.24631e+09	4.98037e+09	5.23178e+09	4.97662e+09	5.27229e+09	5.3653e+09	4.94934e+09	4.87574e+09	5.61401e+09	5.09959e+09	5.64219e+09	5.42353e+09	6.17832e+09	5.84601e+09	6.05384e+09	6.20292e+09	5.99248e+09	6.1848e+09	6.37723e+09	5.83451e+09	5.62493e+09	6.15999e+09	5.55886e+09	5.87899e+09	5.82066e+09	6.10265e+09	4.86123e+09	5.72382e+09	6.2678e+09	5.70137e+09
ERR608707	4.39133e+09	4.81767e+09	4.19952e+09	5.04791e+09	4.13153e+09	4.36993e+09	4.07465e+09	4.91312e+09	4.76582e+09	4.78762e+09	4.62989e+09	4.60355e+09	4.50004e+09	5.46102e+09	5.46413e+09	5.22278e+09	4.53785e+09	5.19286e+09	5.33314e+09	5.02919e+09	4.95119e+09	5.29963e+09	4.92008e+09	4.91951e+09	5.08879e+09	5.07159e+09	4.73339e+09	5.28438e+09	5.29742e+09	5.30714e+09	3.73785e+09	4.4107e+09	4.59633e+09	3.77475e+09	4.59042e+09	3.7237e+09	5.3042e+09	4.34324e+09	4.16847e+09	4.34507e+09	5.45506e+09	5.66171e+09	5.34513e+09	5.11935e+09	5.33645e+09	4.83577e+09	4.86239e+09	4.78099e+09	4.51061e+09	4.63293e+09	4.79813e+09	4.93879e+09	4.5492e+09	4.52571e+09	4.83587e+09	4.69985e+09	4.9333e+09	4.45528e+09	4.79897e+09	4.72162e+09	4.21999e+09	3.96387e+09	4.3623e+09	4.16373e+09	4.16505e+09	3.96052e+09	4.67519e+09	4.45109e+09	4.6606e+09	4.45164e+09	4.69668e+09	4.7748e+09	4.43938e+09	4.35309e+09	4.98142e+09	4.5629e+09	5.00797e+09	4.81839e+09	5.24231e+09	4.94217e+09	5.12922e+09	5.26414e+09	5.07495e+09	5.24929e+09	5.43395e+09	4.96203e+09	4.7906e+09	5.24701e+09	4.7379e+09	4.9942e+09	5.01969e+09	5.25549e+09	4.25866e+09	4.94016e+09	5.39489e+09	4.92219e+09
ERR608709	5.58344e+09	6.20387e+09	5.31719e+09	6.53887e+09	5.22291e+09	5.55774e+09	4.91312e+09	6.55402e+09	6.13693e+09	6.16916e+09	5.92936e+09	5.89255e+09	5.81571e+09	7.18769e+09	7.19572e+09	6.84322e+09	5.87107e+09	6.79916e+09	6.96147e+09	6.50445e+09	6.37688e+09	6.91171e+09	6.3318e+09	6.33389e+09	6.61256e+09	6.57484e+09	6.09278e+09	6.87966e+09	6.90039e+09	6.91441e+09	4.72918e+09	5.65206e+09	5.93074e+09	4.77975e+09	5.91246e+09	4.70834e+09	6.9349e+09	5.54276e+09	5.28463e+09	5.5421e+09	7.15735e+09	7.46723e+09	6.97312e+09	6.6481e+09	6.97315e+09	6.25462e+09	6.29361e+09	6.16819e+09	5.76382e+09	5.9405e+09	6.19103e+09	6.39624e+09	5.81761e+09	5.78456e+09	6.30395e+09	6.09753e+09	6.43613e+09	5.74587e+09	6.25255e+09	6.14085e+09	5.41024e+09	5.06473e+09	5.6153e+09	5.32783e+09	5.34455e+09	5.06015e+09	6.0731e+09	5.74683e+09	6.05e+09	5.75041e+09	6.10443e+09	6.21904e+09	5.74692e+09	5.5877e+09	6.51641e+09	5.9202e+09	6.55949e+09	6.27274e+09	6.81616e+09	6.36755e+09	6.64901e+09	6.84579e+09	6.57048e+09	6.82758e+09	7.1195e+09	6.41501e+09	6.17004e+09	6.84402e+09	6.09411e+09	6.46348e+09	6.51348e+09	6.86866e+09	5.44287e+09	6.39896e+09	7.07195e+09	6.37357e+09
ERR608711	5.39589e+09	5.99025e+09	5.14162e+09	6.3094e+09	5.05083e+09	5.37112e+09	4.76582e+09	6.13693e+09	6.13831e+09	5.97335e+09	5.74261e+09	5.70515e+09	5.63422e+09	6.93818e+09	6.94546e+09	6.61074e+09	5.68769e+09	6.56824e+09	6.71398e+09	6.27682e+09	6.15383e+09	6.66644e+09	6.1106e+09	6.11268e+09	6.38788e+09	6.35117e+09	5.89324e+09	6.64062e+09	6.66016e+09	6.67371e+09	4.59549e+09	5.47546e+09	5.74226e+09	4.64358e+09	5.72415e+09	4.57558e+09	6.69529e+09	5.37028e+09	5.12206e+09	5.36994e+09	6.90737e+09	7.20308e+09	6.72826e+09	6.41939e+09	6.73013e+09	6.04677e+09	6.08479e+09	5.96351e+09	5.56982e+09	5.73777e+09	5.97861e+09	6.17335e+09	5.62029e+09	5.58992e+09	6.09275e+09	5.89389e+09	6.21654e+09	5.55793e+09	6.04342e+09	5.93742e+09	5.2402e+09	4.91123e+09	5.43629e+09	5.16059e+09	5.17946e+09	4.90696e+09	5.87083e+09	5.55912e+09	5.84807e+09	5.56294e+09	5.9013e+09	6.01056e+09	5.56187e+09	5.40475e+09	6.29594e+09	5.72753e+09	6.33705e+09	6.06163e+09	6.5737e+09	6.14375e+09	6.41336e+09	6.60208e+09	6.33795e+09	6.5851e+09	6.85913e+09	6.18598e+09	5.95323e+09	6.59703e+09	5.88133e+09	6.23191e+09	6.28543e+09	6.62399e+09	5.26652e+09	6.17605e+09	6.81704e+09	6.15149e+09
ERR608710	5.42066e+09	6.02035e+09	5.16383e+09	6.3426e+09	5.07282e+09	5.39547e+09	4.78762e+09	6.16916e+09	5.97335e+09	6.20392e+09	5.77233e+09	5.73439e+09	5.66751e+09	6.98165e+09	6.98925e+09	6.65165e+09	5.72184e+09	6.60874e+09	6.74967e+09	6.30776e+09	6.18349e+09	6.70187e+09	6.13967e+09	6.14175e+09	6.4224e+09	6.38414e+09	5.92327e+09	6.67617e+09	6.69569e+09	6.70976e+09	4.61941e+09	5.50515e+09	5.77561e+09	4.66845e+09	5.75638e+09	4.59979e+09	6.73429e+09	5.39848e+09	5.14782e+09	5.39739e+09	6.94806e+09	7.2482e+09	6.76547e+09	6.45321e+09	6.76783e+09	6.07888e+09	6.11707e+09	5.99388e+09	5.59781e+09	5.76639e+09	6.00994e+09	6.20686e+09	5.64858e+09	5.61727e+09	6.13202e+09	5.93045e+09	6.25607e+09	5.59155e+09	6.08222e+09	5.97517e+09	5.27036e+09	4.93978e+09	5.46862e+09	5.18976e+09	5.20959e+09	4.93567e+09	5.90906e+09	5.59334e+09	5.88575e+09	5.59793e+09	5.93939e+09	6.05001e+09	5.59677e+09	5.43733e+09	6.33817e+09	5.76343e+09	6.37955e+09	6.10104e+09	6.60878e+09	6.17316e+09	6.44624e+09	6.63688e+09	6.37022e+09	6.62016e+09	6.89979e+09	6.21913e+09	5.98407e+09	6.63442e+09	5.91117e+09	6.26539e+09	6.31959e+09	6.66145e+09	5.29273e+09	6.20956e+09	6.85769e+09	6.18457e+09
ERR608712	5.2335e+09	5.79526e+09	4.99005e+09	6.09821e+09	4.90329e+09	5.20769e+09	4.62989e+09	5.92936e+09	5.74261e+09	5.77233e+09	5.74502e+09	5.52106e+09	5.44088e+09	6.68206e+09	6.68864e+09	6.37173e+09	5.4913e+09	6.33183e+09	6.47737e+09	6.06694e+09	5.95397e+09	6.43242e+09	5.9131e+09	5.91412e+09	6.16575e+09	6.13406e+09	5.69733e+09	6.40916e+09	6.4277e+09	6.44073e+09	4.45032e+09	5.29649e+09	5.54708e+09	4.49674e+09	5.53302e+09	4.4317e+09	6.45818e+09	5.19999e+09	4.96536e+09	5.20012e+09	6.65786e+09	6.93542e+09	6.4923e+09	6.1982e+09	6.49017e+09	5.84046e+09	5.876e+09	5.76433e+09	5.39918e+09	5.55628e+09	5.78288e+09	5.96722e+09	5.44695e+09	5.41764e+09	5.87782e+09	5.69141e+09	5.99753e+09	5.37254e+09	5.83052e+09	5.72974e+09	5.06898e+09	4.752e+09	5.25516e+09	4.99491e+09	5.00839e+09	4.74832e+09	5.66763e+09	5.37229e+09	5.64652e+09	5.37468e+09	5.69637e+09	5.79963e+09	5.3705e+09	5.23335e+09	6.07065e+09	5.52883e+09	6.10898e+09	5.85137e+09	6.34931e+09	5.94439e+09	6.19716e+09	6.37678e+09	6.12563e+09	6.3592e+09	6.617e+09	5.98483e+09	5.76321e+09	6.36868e+09	5.69465e+09	6.02638e+09	6.07336e+09	6.39092e+09	5.098e+09	5.96975e+09	6.57465e+09	5.94628e+09
ERR608708	5.20313e+09	5.76211e+09	4.96149e+09	6.06167e+09	4.87546e+09	5.1783e+09	4.60355e+09	5.89255e+09	5.70515e+09	5.73439e+09	5.52106e+09	5.67451e+09	5.40337e+09	6.63371e+09	6.64024e+09	6.32637e+09	5.45323e+09	6.28728e+09	6.4401e+09	6.03426e+09	5.9214e+09	6.39588e+09	5.88089e+09	5.88246e+09	6.12734e+09	6.09575e+09	5.6627e+09	6.36921e+09	6.38694e+09	6.39933e+09	4.42269e+09	5.26238e+09	5.51006e+09	4.46853e+09	5.49591e+09	4.40448e+09	6.41457e+09	5.16692e+09	4.93458e+09	5.16724e+09	6.61222e+09	6.88674e+09	6.45079e+09	6.15948e+09	6.44877e+09	5.80487e+09	5.83988e+09	5.7282e+09	5.36723e+09	5.52542e+09	5.75017e+09	5.93265e+09	5.41537e+09	5.38607e+09	5.83682e+09	5.65374e+09	5.95706e+09	5.33777e+09	5.7904e+09	5.69051e+09	5.03704e+09	4.72118e+09	5.22064e+09	4.96224e+09	4.97488e+09	4.71748e+09	5.62877e+09	5.3371e+09	5.60893e+09	5.33976e+09	5.65715e+09	5.75931e+09	5.33426e+09	5.19609e+09	6.0275e+09	5.49092e+09	6.06501e+09	5.80993e+09	6.31291e+09	5.91238e+09	6.16333e+09	6.33982e+09	6.0926e+09	6.323e+09	6.57764e+09	5.94975e+09	5.72985e+09	6.33209e+09	5.66164e+09	5.99294e+09	6.03636e+09	6.35159e+09	5.07045e+09	5.93375e+09	6.53324e+09	5.91057e+09
ERR626919	5.21224e+09	5.81076e+09	4.96565e+09	6.14031e+09	4.87941e+09	5.1788e+09	4.50004e+09	5.81571e+09	5.63422e+09	5.66751e+09	5.44088e+09	5.40337e+09	5.91927e+09	7.0027e+09	7.01137e+09	6.67646e+09	5.7772e+09	6.63187e+09	6.3841e+09	5.92396e+09	5.78787e+09	6.33148e+09	5.74404e+09	5.74627e+09	6.17256e+09	6.12482e+09	5.69015e+09	6.40134e+09	6.4221e+09	6.4378e+09	4.53141e+09	5.3671e+09	5.64024e+09	4.57995e+09	5.61159e+09	4.51056e+09	6.45682e+09	5.18825e+09	4.94009e+09	5.18587e+09	6.65837e+09	6.95617e+09	6.53635e+09	6.22001e+09	6.54961e+09	5.86435e+09	5.90354e+09	5.77621e+09	5.29302e+09	5.4468e+09	5.69547e+09	5.89035e+09	5.34105e+09	5.31243e+09	5.98424e+09	5.77627e+09	6.09392e+09	5.44098e+09	5.93807e+09	5.83344e+09	5.1204e+09	4.81477e+09	5.31654e+09	5.04048e+09	5.07654e+09	4.81168e+09	5.77797e+09	5.46124e+09	5.75165e+09	5.46843e+09	5.80933e+09	5.91785e+09	5.47837e+09	5.29783e+09	6.19747e+09	5.64077e+09	6.24431e+09	5.96167e+09	6.25077e+09	5.79137e+09	6.07759e+09	6.27968e+09	5.99856e+09	6.26376e+09	6.55193e+09	5.86169e+09	5.63366e+09	6.28013e+09	5.56326e+09	5.89841e+09	5.98339e+09	6.33193e+09	5.02143e+09	5.8771e+09	6.52708e+09	5.85359e+09
ERR626920	6.44239e+09	7.22034e+09	6.11482e+09	7.66454e+09	6.00147e+09	6.40068e+09	5.46102e+09	7.18769e+09	6.93818e+09	6.98165e+09	6.68206e+09	6.63371e+09	7.0027e+09	9.09019e+09	8.82528e+09	8.34813e+09	7.07566e+09	8.28536e+09	8.01028e+09	7.39612e+09	7.22593e+09	7.93975e+09	7.16879e+09	7.17095e+09	7.68445e+09	7.62802e+09	7.02404e+09	8.01693e+09	8.04514e+09	8.06564e+09	5.4571e+09	6.57266e+09	6.93529e+09	5.51861e+09	6.90208e+09	5.43201e+09	8.07179e+09	6.33983e+09	6.02037e+09	6.33903e+09	8.35621e+09	8.77154e+09	8.20358e+09	7.76368e+09	8.2118e+09	7.26489e+09	7.31767e+09	7.15244e+09	6.54677e+09	6.75598e+09	7.07613e+09	7.34022e+09	6.61212e+09	6.57192e+09	7.44518e+09	7.16985e+09	7.60269e+09	6.71953e+09	7.37986e+09	7.23687e+09	6.27281e+09	5.85722e+09	6.53237e+09	6.16766e+09	6.20281e+09	5.85239e+09	7.16219e+09	6.74021e+09	7.12821e+09	6.74777e+09	7.20376e+09	7.35332e+09	6.74401e+09	6.52589e+09	7.72465e+09	6.96151e+09	7.78598e+09	7.40567e+09	7.83998e+09	7.23479e+09	7.61046e+09	7.88025e+09	7.50305e+09	7.85445e+09	8.26066e+09	7.33072e+09	7.02082e+09	7.88921e+09	6.92471e+09	7.38239e+09	7.47524e+09	7.94405e+09	6.1659e+09	7.33057e+09	8.21317e+09	7.29744e+09
ERR626915	6.44626e+09	7.22536e+09	6.1188e+09	7.67099e+09	6.00426e+09	6.40495e+09	5.46413e+09	7.19572e+09	6.94546e+09	6.98925e+09	6.68864e+09	6.64024e+09	7.01137e+09	8.82528e+09	9.11552e+09	8.35909e+09	7.08383e+09	8.29677e+09	8.01971e+09	7.40338e+09	7.232e+09	7.94897e+09	7.175e+09	7.17743e+09	7.69189e+09	7.63369e+09	7.02912e+09	8.02282e+09	8.05101e+09	8.07198e+09	5.46271e+09	6.57841e+09	6.94238e+09	5.52421e+09	6.9094e+09	5.43732e+09	8.08119e+09	6.34465e+09	6.02412e+09	6.34386e+09	8.36663e+09	8.783e+09	8.20858e+09	7.76862e+09	8.218e+09	7.26968e+09	7.3229e+09	7.15689e+09	6.55569e+09	6.76508e+09	7.08608e+09	7.35189e+09	6.62119e+09	6.57993e+09	7.45754e+09	7.1805e+09	7.61594e+09	6.73055e+09	7.39251e+09	7.24852e+09	6.28117e+09	5.86517e+09	6.54253e+09	6.1762e+09	6.21147e+09	5.86089e+09	7.17402e+09	6.75129e+09	7.14038e+09	6.758e+09	7.21607e+09	7.36482e+09	6.75465e+09	6.533e+09	7.73623e+09	6.97212e+09	7.79851e+09	7.4169e+09	7.84814e+09	7.2423e+09	7.61906e+09	7.88858e+09	7.51206e+09	7.86307e+09	8.27551e+09	7.34232e+09	7.03206e+09	7.90249e+09	6.93532e+09	7.3945e+09	7.49062e+09	7.96235e+09	6.17915e+09	7.34564e+09	8.23282e+09	7.31256e+09
ERR626917	6.14032e+09	6.87003e+09	5.83378e+09	7.28308e+09	5.72729e+09	6.10105e+09	5.22278e+09	6.84322e+09	6.61074e+09	6.65165e+09	6.37173e+09	6.32637e+09	6.67646e+09	8.34813e+09	8.35909e+09	8.1757e+09	6.74451e+09	7.86459e+09	7.59929e+09	7.02848e+09	6.86811e+09	7.53427e+09	6.81491e+09	6.81687e+09	7.304e+09	7.25045e+09	6.69012e+09	7.60849e+09	7.6347e+09	7.65333e+09	5.2206e+09	6.26667e+09	6.6053e+09	5.27818e+09	6.57432e+09	5.19626e+09	7.66203e+09	6.05073e+09	5.74985e+09	6.04966e+09	7.92391e+09	8.30521e+09	7.7816e+09	7.37526e+09	7.78989e+09	6.91331e+09	6.96318e+09	6.80853e+09	6.23661e+09	6.43143e+09	6.73192e+09	6.9772e+09	6.29782e+09	6.26038e+09	7.06749e+09	6.81154e+09	7.21388e+09	6.39167e+09	7.00754e+09	6.8745e+09	5.97938e+09	5.5901e+09	6.22203e+09	5.88031e+09	5.91427e+09	5.58581e+09	6.80495e+09	6.41182e+09	6.77353e+09	6.41937e+09	6.84411e+09	6.98228e+09	6.4186e+09	6.213e+09	7.33005e+09	6.62127e+09	7.38713e+09	7.03415e+09	7.43995e+09	6.87551e+09	7.22605e+09	7.47706e+09	7.12685e+09	7.45421e+09	7.82664e+09	6.96402e+09	6.67576e+09	7.48352e+09	6.58725e+09	7.01178e+09	7.09834e+09	7.53361e+09	5.87907e+09	6.96413e+09	7.78258e+09	6.93362e+09
ERR626918	5.25889e+09	5.86491e+09	5.00947e+09	6.19917e+09	4.92231e+09	5.22593e+09	4.53785e+09	5.87107e+09	5.68769e+09	5.72184e+09	5.4913e+09	5.45323e+09	5.7772e+09	7.07566e+09	7.08383e+09	6.74451e+09	6.0289e+09	6.69781e+09	6.44847e+09	5.98187e+09	5.84339e+09	6.39511e+09	5.79926e+09	5.80152e+09	6.23374e+09	6.1853e+09	5.74405e+09	6.46544e+09	6.48695e+09	6.50202e+09	4.56995e+09	5.41548e+09	5.69256e+09	4.61884e+09	5.6638e+09	4.54867e+09	6.52149e+09	5.23463e+09	4.98332e+09	5.23223e+09	6.72732e+09	7.02968e+09	6.60213e+09	6.28137e+09	6.6164e+09	5.92195e+09	5.96151e+09	5.83241e+09	5.34077e+09	5.49607e+09	5.74924e+09	5.94651e+09	5.38953e+09	5.36057e+09	6.04181e+09	5.831e+09	6.15264e+09	5.49075e+09	5.99447e+09	5.88864e+09	5.16544e+09	4.85634e+09	5.36445e+09	5.08488e+09	5.12121e+09	4.85342e+09	5.83127e+09	5.51016e+09	5.80512e+09	5.51813e+09	5.86302e+09	5.97334e+09	5.5292e+09	5.34535e+09	6.25776e+09	5.69326e+09	6.30551e+09	6.01867e+09	6.31265e+09	5.84627e+09	6.13625e+09	6.34124e+09	6.0567e+09	6.32515e+09	6.61705e+09	5.91684e+09	5.68607e+09	6.34176e+09	5.61479e+09	5.95378e+09	6.04e+09	6.39354e+09	5.06492e+09	5.93244e+09	6.59178e+09	5.90828e+09
ERR626916	6.10715e+09	6.82874e+09	5.80278e+09	7.238e+09	5.69645e+09	6.06711e+09	5.19286e+09	6.79916e+09	6.56824e+09	6.60874e+09	6.33183e+09	6.28728e+09	6.63187e+09	8.28536e+09	8.29677e+09	7.86459e+09	6.69781e+09	8.05985e+09	7.55077e+09	6.98713e+09	6.82926e+09	7.48609e+09	6.77642e+09	6.77829e+09	7.25572e+09	7.20303e+09	6.64846e+09	7.55823e+09	7.58403e+09	7.6029e+09	5.18661e+09	6.22612e+09	6.56068e+09	5.24448e+09	6.53089e+09	5.16264e+09	7.60743e+09	6.01161e+09	5.71324e+09	6.01069e+09	7.86687e+09	8.24137e+09	7.72784e+09	7.32557e+09	7.73499e+09	6.86753e+09	6.91639e+09	6.76414e+09	6.20201e+09	6.39392e+09	6.69031e+09	6.93421e+09	6.2625e+09	6.22485e+09	7.01594e+09	6.7635e+09	7.16304e+09	6.34978e+09	6.95716e+09	6.82485e+09	5.93907e+09	5.55222e+09	6.17987e+09	5.8424e+09	5.87367e+09	5.54723e+09	6.75754e+09	6.36962e+09	6.72685e+09	6.37531e+09	6.79603e+09	6.93087e+09	6.37201e+09	6.17254e+09	7.27475e+09	6.57334e+09	7.33096e+09	6.98314e+09	7.39249e+09	6.83609e+09	7.18179e+09	7.43012e+09	7.08334e+09	7.40638e+09	7.77578e+09	6.92377e+09	6.638e+09	7.43548e+09	6.55031e+09	6.97048e+09	7.05549e+09	7.48527e+09	5.84514e+09	6.92257e+09	7.7316e+09	6.89185e+09
ERR629880	6.29075e+09	7.01131e+09	5.9777e+09	7.40912e+09	5.86553e+09	6.26578e+09	5.33314e+09	6.96147e+09	6.71398e+09	6.74967e+09	6.47737e+09	6.4401e+09	6.3841e+09	8.01028e+09	8.01971e+09	7.59929e+09	6.44847e+09	7.55077e+09	8.24179e+09	7.49235e+09	7.35066e+09	7.96898e+09	7.29755e+09	7.29835e+09	7.38476e+09	7.35033e+09	6.76822e+09	7.72149e+09	7.74518e+09	7.76069e+09	5.12969e+09	6.20216e+09	6.52092e+09	5.187e+09	6.50625e+09	5.10966e+09	7.77629e+09	6.13219e+09	5.8424e+09	6.13488e+09	8.04369e+09	8.40589e+09	7.89351e+09	7.50276e+09	7.88068e+09	7.01575e+09	7.06236e+09	6.92203e+09	6.54978e+09	6.76335e+09	7.04754e+09	7.29219e+09	6.61323e+09	6.57221e+09	7.0871e+09	6.85529e+09	7.2493e+09	6.44995e+09	7.02532e+09	6.89358e+09	6.04562e+09	5.63434e+09	6.28295e+09	5.9526e+09	5.95915e+09	5.62973e+09	6.82082e+09	6.44753e+09	6.79602e+09	6.44836e+09	6.85727e+09	6.98929e+09	6.41876e+09	6.25355e+09	7.31396e+09	6.61723e+09	7.35995e+09	7.03525e+09	7.79511e+09	7.28595e+09	7.60894e+09	7.83032e+09	7.51709e+09	7.80607e+09	8.18229e+09	7.35328e+09	7.0562e+09	7.85578e+09	6.96312e+09	7.41813e+09	7.40241e+09	7.81791e+09	6.12087e+09	7.26515e+09	8.05818e+09	7.23409e+09
ERR629881	5.95294e+09	6.59908e+09	5.66394e+09	6.95199e+09	5.55919e+09	5.9291e+09	5.02919e+09	6.50445e+09	6.27682e+09	6.30776e+09	6.06694e+09	6.03426e+09	5.92396e+09	7.39612e+09	7.40338e+09	7.02848e+09	5.98187e+09	6.98713e+09	7.49235e+09	7.22702e+09	6.9238e+09	7.44361e+09	6.87774e+09	6.87747e+09	6.90155e+09	6.87828e+09	6.34719e+09	7.21199e+09	7.23135e+09	7.24533e+09	4.78207e+09	5.77232e+09	6.0517e+09	4.83492e+09	6.04573e+09	4.76473e+09	7.21924e+09	5.73461e+09	5.47635e+09	5.7381e+09	7.45659e+09	7.77087e+09	7.3698e+09	7.02703e+09	7.35256e+09	6.58205e+09	6.6225e+09	6.50196e+09	6.16554e+09	6.35984e+09	6.60818e+09	6.82727e+09	6.22406e+09	6.18587e+09	6.51704e+09	6.31714e+09	6.66921e+09	5.95743e+09	6.46166e+09	6.34395e+09	5.61047e+09	5.22918e+09	5.8221e+09	5.52944e+09	5.52372e+09	5.22458e+09	6.28009e+09	5.95067e+09	6.25922e+09	5.94867e+09	6.3122e+09	6.42827e+09	5.91879e+09	5.79407e+09	6.72383e+09	6.09795e+09	6.76281e+09	6.48085e+09	7.29616e+09	6.864e+09	7.1371e+09	7.32667e+09	7.05884e+09	7.30509e+09	7.61586e+09	6.90102e+09	6.63463e+09	7.33415e+09	6.55072e+09	6.95855e+09	6.91523e+09	7.27635e+09	5.74387e+09	6.79305e+09	7.48616e+09	6.76506e+09
ERR629885	5.87113e+09	6.49137e+09	5.58799e+09	6.83176e+09	5.48487e+09	5.84708e+09	4.95119e+09	6.37688e+09	6.15383e+09	6.18349e+09	5.95397e+09	5.9214e+09	5.78787e+09	7.22593e+09	7.232e+09	6.86811e+09	5.84339e+09	6.82926e+09	7.35066e+09	6.9238e+09	7.00253e+09	7.3054e+09	6.77692e+09	6.7755e+09	6.76982e+09	6.75237e+09	6.23281e+09	7.07906e+09	7.09743e+09	7.11084e+09	4.67848e+09	5.65352e+09	5.91908e+09	4.72983e+09	5.91818e+09	4.66231e+09	7.06758e+09	5.6251e+09	5.37711e+09	5.62917e+09	7.29811e+09	7.59825e+09	7.23351e+09	6.90006e+09	7.21013e+09	6.46072e+09	6.49965e+09	6.38617e+09	6.06502e+09	6.254e+09	6.48826e+09	6.70025e+09	6.12194e+09	6.08424e+09	6.36003e+09	6.17168e+09	6.51206e+09	5.82376e+09	6.30525e+09	6.19147e+09	5.48734e+09	5.10994e+09	5.69166e+09	5.41038e+09	5.39697e+09	5.10428e+09	6.13124e+09	5.81447e+09	6.11159e+09	5.81113e+09	6.16155e+09	6.27284e+09	5.7758e+09	5.67127e+09	6.55974e+09	5.95015e+09	6.59437e+09	6.32719e+09	7.16812e+09	6.7581e+09	7.01695e+09	7.19901e+09	6.94068e+09	7.17621e+09	7.46359e+09	6.78287e+09	6.52365e+09	7.19364e+09	6.44202e+09	6.83952e+09	6.78368e+09	7.12607e+09	5.63619e+09	6.66541e+09	7.3287e+09	6.63817e+09
ERR629882	6.25336e+09	6.96522e+09	5.94283e+09	7.358e+09	5.83163e+09	6.22893e+09	5.29963e+09	6.91171e+09	6.66644e+09	6.70187e+09	6.43242e+09	6.39588e+09	6.33148e+09	7.93975e+09	7.94897e+09	7.53427e+09	6.39511e+09	7.48609e+09	7.96898e+09	7.44361e+09	7.3054e+09	8.12483e+09	7.25336e+09	7.25356e+09	7.33231e+09	7.29888e+09	6.72274e+09	7.66631e+09	7.68944e+09	7.70481e+09	5.09172e+09	6.1554e+09	6.46992e+09	5.14839e+09	6.45566e+09	5.07166e+09	7.7143e+09	6.08839e+09	5.80243e+09	6.09155e+09	7.97848e+09	8.33468e+09	7.83637e+09	7.45138e+09	7.82272e+09	6.96838e+09	7.01415e+09	6.87576e+09	6.50861e+09	6.72084e+09	7.00077e+09	7.24261e+09	6.57174e+09	6.53106e+09	7.02417e+09	6.79579e+09	7.18534e+09	6.39574e+09	6.96306e+09	6.83305e+09	5.99845e+09	5.59033e+09	6.23299e+09	5.90694e+09	5.91176e+09	5.58513e+09	6.76057e+09	6.39225e+09	6.73647e+09	6.39279e+09	6.7964e+09	6.92645e+09	6.36424e+09	6.20341e+09	7.24912e+09	6.56057e+09	7.29409e+09	6.97457e+09	7.74231e+09	7.24123e+09	7.55848e+09	7.77664e+09	7.46883e+09	7.75257e+09	8.1208e+09	7.3041e+09	7.01025e+09	7.79927e+09	6.9185e+09	7.36853e+09	7.34964e+09	7.75838e+09	6.08033e+09	7.21416e+09	7.99521e+09	7.18318e+09
ERR629884	5.8379e+09	6.45079e+09	5.55717e+09	6.78726e+09	5.45485e+09	5.81448e+09	4.92008e+09	6.3318e+09	6.1106e+09	6.13967e+09	5.9131e+09	5.88089e+09	5.74404e+09	7.16879e+09	7.175e+09	6.81491e+09	5.79926e+09	6.77642e+09	7.29755e+09	6.87774e+09	6.77692e+09	7.25336e+09	6.9135e+09	6.7324e+09	6.72288e+09	6.70627e+09	6.19145e+09	7.02919e+09	7.04679e+09	7.06065e+09	4.64382e+09	5.61022e+09	5.87324e+09	4.69482e+09	5.87253e+09	4.6283e+09	7.01229e+09	5.58477e+09	5.33942e+09	5.58913e+09	7.24055e+09	7.53682e+09	7.18316e+09	6.85401e+09	7.15935e+09	6.41827e+09	6.45723e+09	6.34541e+09	6.02554e+09	6.21289e+09	6.44388e+09	6.6536e+09	6.08211e+09	6.04466e+09	6.30515e+09	6.11948e+09	6.45628e+09	5.77579e+09	6.25112e+09	6.13799e+09	5.44354e+09	5.0684e+09	5.6459e+09	5.36788e+09	5.35332e+09	5.06368e+09	6.07879e+09	5.76625e+09	6.05983e+09	5.76205e+09	6.10881e+09	6.21844e+09	5.7269e+09	5.62496e+09	6.5032e+09	5.90009e+09	6.53716e+09	6.2735e+09	7.11743e+09	6.71483e+09	6.96864e+09	7.1476e+09	6.89382e+09	7.12514e+09	7.40853e+09	6.73738e+09	6.48163e+09	7.14288e+09	6.40001e+09	6.79324e+09	6.7347e+09	7.07288e+09	5.59775e+09	6.61796e+09	7.27276e+09	6.59099e+09
ERR629883	5.83481e+09	6.4487e+09	5.55442e+09	6.78512e+09	5.45234e+09	5.81159e+09	4.91951e+09	6.33389e+09	6.11268e+09	6.14175e+09	5.91412e+09	5.88246e+09	5.74627e+09	7.17095e+09	7.17743e+09	6.81687e+09	5.80152e+09	6.77829e+09	7.29835e+09	6.87747e+09	6.7755e+09	7.25356e+09	6.7324e+09	6.91119e+09	6.72285e+09	6.70523e+09	6.19056e+09	7.02859e+09	7.04634e+09	7.05932e+09	4.64614e+09	5.61143e+09	5.87535e+09	4.69654e+09	5.87415e+09	4.63056e+09	7.01484e+09	5.58625e+09	5.33985e+09	5.59018e+09	7.24325e+09	7.54012e+09	7.18119e+09	6.85187e+09	7.15822e+09	6.41813e+09	6.45669e+09	6.34443e+09	6.02687e+09	6.21422e+09	6.44528e+09	6.65566e+09	6.08302e+09	6.04569e+09	6.30977e+09	6.12268e+09	6.46063e+09	5.77882e+09	6.25558e+09	6.14205e+09	5.44694e+09	5.07294e+09	5.64934e+09	5.37088e+09	5.35731e+09	5.06786e+09	6.08247e+09	5.76899e+09	6.06324e+09	5.76542e+09	6.11246e+09	6.22248e+09	5.73159e+09	5.62711e+09	6.50764e+09	5.90492e+09	6.54226e+09	6.27771e+09	7.117e+09	6.71329e+09	6.96812e+09	7.14717e+09	6.89353e+09	7.12433e+09	7.41117e+09	6.73892e+09	6.48278e+09	7.14503e+09	6.40175e+09	6.79495e+09	6.73759e+09	7.07719e+09	5.60165e+09	6.62049e+09	7.2765e+09	6.59383e+09
ERR636926	5.97381e+09	6.65086e+09	5.68394e+09	7.01806e+09	5.57918e+09	5.94703e+09	5.08879e+09	6.61256e+09	6.38788e+09	6.4224e+09	6.16575e+09	6.12734e+09	6.17256e+09	7.68445e+09	7.69189e+09	7.304e+09	6.23374e+09	7.25572e+09	7.38476e+09	6.90155e+09	6.76982e+09	7.33231e+09	6.72288e+09	6.72285e+09	7.37938e+09	7.11709e+09	6.57442e+09	7.46005e+09	7.48284e+09	7.49929e+09	4.97513e+09	5.97524e+09	6.27866e+09	5.0288e+09	6.25817e+09	4.95444e+09	7.29734e+09	5.78904e+09	5.5169e+09	5.7886e+09	7.53961e+09	7.87722e+09	7.47944e+09	7.12688e+09	7.47895e+09	6.68918e+09	6.73257e+09	6.59571e+09	6.03503e+09	6.2286e+09	6.49785e+09	6.72048e+09	6.09385e+09	6.05756e+09	6.55275e+09	6.33044e+09	6.69751e+09	5.95209e+09	6.49564e+09	6.37503e+09	5.614e+09	5.2374e+09	5.83405e+09	5.5246e+09	5.53886e+09	5.23231e+09	6.30153e+09	5.95057e+09	6.27595e+09	5.95423e+09	6.33586e+09	6.45989e+09	5.95469e+09	5.78787e+09	6.78842e+09	6.14063e+09	6.83434e+09	6.52333e+09	7.24809e+09	6.77035e+09	7.07016e+09	7.27939e+09	6.98567e+09	7.26061e+09	7.5042e+09	6.74593e+09	6.47957e+09	7.20774e+09	6.39624e+09	6.80117e+09	6.80957e+09	7.19084e+09	5.64452e+09	6.68467e+09	7.41187e+09	6.65706e+09
ERR636927	5.96422e+09	6.62879e+09	5.67337e+09	6.99213e+09	5.56932e+09	5.93488e+09	5.07159e+09	6.57484e+09	6.35117e+09	6.38414e+09	6.13406e+09	6.09575e+09	6.12482e+09	7.62802e+09	7.63369e+09	7.25045e+09	6.1853e+09	7.20303e+09	7.35033e+09	6.87828e+09	6.75237e+09	7.29888e+09	6.70627e+09	6.70523e+09	7.11709e+09	7.29908e+09	6.5413e+09	7.42261e+09	7.44441e+09	7.46018e+09	4.94003e+09	5.94073e+09	6.23573e+09	4.99385e+09	6.22076e+09	4.92051e+09	7.25322e+09	5.75859e+09	5.49126e+09	5.75939e+09	7.49282e+09	7.82144e+09	7.4415e+09	7.09119e+09	7.43536e+09	6.65214e+09	6.69492e+09	6.56296e+09	6.01918e+09	6.21056e+09	6.47241e+09	6.69334e+09	6.07788e+09	6.04101e+09	6.50822e+09	6.29254e+09	6.65547e+09	5.91905e+09	6.4516e+09	6.33241e+09	5.5812e+09	5.2029e+09	5.79817e+09	5.49287e+09	5.50238e+09	5.19788e+09	6.26153e+09	5.91565e+09	6.23608e+09	5.91824e+09	6.2951e+09	6.41716e+09	5.91228e+09	5.76098e+09	6.73911e+09	6.09614e+09	6.78259e+09	6.47988e+09	7.22073e+09	6.75315e+09	7.04549e+09	7.25258e+09	6.96201e+09	7.23286e+09	7.4704e+09	6.72716e+09	6.46271e+09	7.17802e+09	6.3796e+09	6.78171e+09	6.78029e+09	7.15357e+09	5.61834e+09	6.65575e+09	7.3708e+09	6.62873e+09
ERR636925	5.52844e+09	6.12934e+09	5.26812e+09	6.45086e+09	5.17397e+09	5.50338e+09	4.73339e+09	6.09278e+09	5.89324e+09	5.92327e+09	5.69733e+09	5.6627e+09	5.69015e+09	7.02404e+09	7.02912e+09	6.69012e+09	5.74405e+09	6.64846e+09	6.76822e+09	6.34719e+09	6.23281e+09	6.72274e+09	6.19145e+09	6.19056e+09	6.57442e+09	6.5413e+09	6.25771e+09	6.83958e+09	6.85961e+09	6.87367e+09	4.61463e+09	5.51717e+09	5.78174e+09	4.6631e+09	5.76679e+09	4.596e+09	6.69124e+09	5.35678e+09	5.11331e+09	5.35618e+09	6.90177e+09	7.19383e+09	6.85347e+09	6.5456e+09	6.85091e+09	6.15966e+09	6.19782e+09	6.07852e+09	5.57726e+09	5.74803e+09	5.98598e+09	6.1822e+09	5.62892e+09	5.59701e+09	6.00707e+09	5.81253e+09	6.13712e+09	5.47598e+09	5.95691e+09	5.84975e+09	5.17993e+09	4.83944e+09	5.37552e+09	5.10066e+09	5.11022e+09	4.83463e+09	5.78527e+09	5.4736e+09	5.76304e+09	5.47674e+09	5.81537e+09	5.9251e+09	5.4755e+09	5.33472e+09	6.21798e+09	5.6417e+09	6.25683e+09	5.98486e+09	6.65062e+09	6.231e+09	6.49369e+09	6.67826e+09	6.41946e+09	6.66144e+09	6.86598e+09	6.20371e+09	5.96864e+09	6.60765e+09	5.89524e+09	6.25216e+09	6.25472e+09	6.58779e+09	5.21642e+09	6.14428e+09	6.78104e+09	6.11981e+09
ERR636930	6.22894e+09	6.93859e+09	5.92086e+09	7.3304e+09	5.81051e+09	6.19891e+09	5.28438e+09	6.87966e+09	6.64062e+09	6.67617e+09	6.40916e+09	6.36921e+09	6.40134e+09	8.01693e+09	8.02282e+09	7.60849e+09	6.46544e+09	7.55823e+09	7.72149e+09	7.21199e+09	7.07906e+09	7.66631e+09	7.02919e+09	7.02859e+09	7.46005e+09	7.42261e+09	6.83958e+09	8.03328e+09	7.82063e+09	7.83854e+09	5.15172e+09	6.21516e+09	6.53094e+09	5.20802e+09	6.51443e+09	5.13044e+09	7.61243e+09	6.0144e+09	5.73139e+09	6.01557e+09	7.87097e+09	8.22792e+09	7.81954e+09	7.43757e+09	7.81088e+09	6.96145e+09	7.00719e+09	6.86601e+09	6.29275e+09	6.49749e+09	6.77532e+09	7.01123e+09	6.35476e+09	6.31537e+09	6.83782e+09	6.60678e+09	6.99442e+09	6.20774e+09	6.77652e+09	6.64836e+09	5.84167e+09	5.43861e+09	6.07237e+09	5.74772e+09	5.75673e+09	5.43346e+09	6.57259e+09	6.20406e+09	6.54578e+09	6.20642e+09	6.60901e+09	6.73961e+09	6.19687e+09	6.03567e+09	7.08065e+09	6.39287e+09	7.1276e+09	6.80325e+09	7.58445e+09	7.08143e+09	7.39587e+09	7.61951e+09	7.30556e+09	7.59703e+09	7.85479e+09	7.05213e+09	6.76725e+09	7.53816e+09	6.67757e+09	7.11163e+09	7.11019e+09	7.51058e+09	5.86847e+09	6.97762e+09	7.74638e+09	6.94714e+09
ERR636928	6.24356e+09	6.95652e+09	5.93435e+09	7.35018e+09	5.82286e+09	6.21353e+09	5.29742e+09	6.90039e+09	6.66016e+09	6.69569e+09	6.4277e+09	6.38694e+09	6.4221e+09	8.04514e+09	8.05101e+09	7.6347e+09	6.48695e+09	7.58403e+09	7.74518e+09	7.23135e+09	7.09743e+09	7.68944e+09	7.04679e+09	7.04634e+09	7.48284e+09	7.44441e+09	6.85961e+09	7.82063e+09	8.0824e+09	7.86233e+09	5.16738e+09	6.23382e+09	6.55196e+09	5.22379e+09	6.5351e+09	5.14615e+09	7.63771e+09	6.03162e+09	5.74763e+09	6.03258e+09	7.89754e+09	8.25764e+09	7.84304e+09	7.45909e+09	7.83554e+09	6.98169e+09	7.02763e+09	6.88558e+09	6.3084e+09	6.51386e+09	6.79308e+09	7.03094e+09	6.37038e+09	6.33073e+09	6.86125e+09	6.62954e+09	7.01867e+09	6.22811e+09	6.80007e+09	6.67113e+09	5.85966e+09	5.45573e+09	6.09188e+09	5.76488e+09	5.77502e+09	5.45035e+09	6.59475e+09	6.22412e+09	6.56812e+09	6.22656e+09	6.63088e+09	6.76275e+09	6.21764e+09	6.05416e+09	7.10615e+09	6.41509e+09	7.15267e+09	6.82633e+09	7.60592e+09	7.09893e+09	7.41597e+09	7.64095e+09	7.32481e+09	7.6184e+09	7.8785e+09	7.07032e+09	6.78422e+09	7.56004e+09	6.69453e+09	7.13055e+09	7.13055e+09	7.5334e+09	5.88383e+09	6.99635e+09	7.77026e+09	6.96646e+09
ERR636929	6.25585e+09	6.97095e+09	5.94582e+09	7.36587e+09	5.83441e+09	6.22536e+09	5.30714e+09	6.91441e+09	6.67371e+09	6.70976e+09	6.44073e+09	6.39933e+09	6.4378e+09	8.06564e+09	8.07198e+09	7.65333e+09	6.50202e+09	7.6029e+09	7.76069e+09	7.24533e+09	7.11084e+09	7.70481e+09	7.06065e+09	7.05932e+09	7.49929e+09	7.46018e+09	6.87367e+09	7.83854e+09	7.86233e+09	8.11812e+09	5.17783e+09	6.24742e+09	6.56619e+09	5.23514e+09	6.54929e+09	5.15676e+09	7.65441e+09	6.0437e+09	5.75886e+09	6.04495e+09	7.91507e+09	8.27652e+09	7.85998e+09	7.47448e+09	7.85204e+09	6.99541e+09	7.04172e+09	6.89871e+09	6.32029e+09	6.52634e+09	6.80666e+09	7.04502e+09	6.38274e+09	6.34328e+09	6.87704e+09	6.6442e+09	7.03429e+09	6.24122e+09	6.81597e+09	6.68618e+09	5.87187e+09	5.46707e+09	6.105e+09	5.77719e+09	5.7879e+09	5.46175e+09	6.6106e+09	6.23832e+09	6.58298e+09	6.24098e+09	6.64689e+09	6.77896e+09	6.23134e+09	6.0673e+09	7.12212e+09	6.42858e+09	7.16916e+09	6.84166e+09	7.62101e+09	7.11231e+09	7.43004e+09	7.65614e+09	7.33833e+09	7.63304e+09	7.89561e+09	7.08459e+09	6.79801e+09	7.57584e+09	6.70785e+09	7.14467e+09	7.14596e+09	7.55001e+09	5.89533e+09	7.01133e+09	7.78735e+09	6.98084e+09
ERR622183	4.16161e+09	4.61761e+09	3.97647e+09	4.8601e+09	3.91191e+09	4.14036e+09	3.73785e+09	4.72918e+09	4.59549e+09	4.61941e+09	4.45032e+09	4.42269e+09	4.53141e+09	5.4571e+09	5.46271e+09	5.2206e+09	4.56995e+09	5.18661e+09	5.12969e+09	4.78207e+09	4.67848e+09	5.09172e+09	4.64382e+09	4.64614e+09	4.97513e+09	4.94003e+09	4.61463e+09	5.15172e+09	5.16738e+09	5.17783e+09	4.41329e+09	4.90062e+09	5.15458e+09	4.27833e+09	5.10956e+09	4.22036e+09	5.19691e+09	4.25813e+09	4.07133e+09	4.25719e+09	5.34764e+09	5.57085e+09	5.19466e+09	4.95664e+09	5.2022e+09	4.69169e+09	4.72073e+09	4.62421e+09	4.32498e+09	4.44424e+09	4.63281e+09	4.77624e+09	4.36166e+09	4.34066e+09	4.89749e+09	4.74266e+09	4.97607e+09	4.49042e+09	4.86141e+09	4.7847e+09	4.2539e+09	4.02264e+09	4.39882e+09	4.1899e+09	4.22143e+09	4.02086e+09	4.73227e+09	4.49567e+09	4.71211e+09	4.50395e+09	4.75516e+09	4.83755e+09	4.51532e+09	4.37255e+09	5.04663e+09	4.63575e+09	5.08025e+09	4.87009e+09	5.04603e+09	4.6954e+09	4.91395e+09	5.06732e+09	4.85376e+09	5.05575e+09	5.27224e+09	4.74688e+09	4.57534e+09	5.06699e+09	4.52255e+09	4.77857e+09	4.84032e+09	5.09769e+09	4.11886e+09	4.75851e+09	5.24523e+09	4.74063e+09
ERR622179	5.00324e+09	5.55981e+09	4.76806e+09	5.86662e+09	4.68568e+09	4.97455e+09	4.4107e+09	5.65206e+09	5.47546e+09	5.50515e+09	5.29649e+09	5.26238e+09	5.3671e+09	6.57266e+09	6.57841e+09	6.26667e+09	5.41548e+09	6.22612e+09	6.20216e+09	5.77232e+09	5.65352e+09	6.1554e+09	5.61022e+09	5.61143e+09	5.97524e+09	5.94073e+09	5.51717e+09	6.21516e+09	6.23382e+09	6.24742e+09	4.90062e+09	5.98336e+09	6.07094e+09	4.9505e+09	6.02646e+09	4.8801e+09	6.25479e+09	5.04853e+09	4.81824e+09	5.0486e+09	6.4464e+09	6.7252e+09	6.2733e+09	5.9679e+09	6.27181e+09	5.61633e+09	5.65218e+09	5.53824e+09	5.19656e+09	5.34723e+09	5.57433e+09	5.75605e+09	5.24314e+09	5.21507e+09	5.85596e+09	5.66965e+09	5.96715e+09	5.35166e+09	5.80972e+09	5.7108e+09	5.03981e+09	4.73351e+09	5.2228e+09	4.96251e+09	4.98551e+09	4.73044e+09	5.64748e+09	5.35311e+09	5.62503e+09	5.35966e+09	5.67701e+09	5.78025e+09	5.35831e+09	5.20896e+09	6.04123e+09	5.51268e+09	6.08091e+09	5.82339e+09	6.10555e+09	5.67577e+09	5.94348e+09	6.13452e+09	5.86639e+09	6.11621e+09	6.39363e+09	5.7444e+09	5.52521e+09	6.13588e+09	5.45742e+09	5.78392e+09	5.83899e+09	6.1583e+09	4.90748e+09	5.73607e+09	6.34528e+09	5.71306e+09
ERR622180	5.22152e+09	5.82249e+09	4.97186e+09	6.15331e+09	4.88519e+09	5.19314e+09	4.59633e+09	5.93074e+09	5.74226e+09	5.77561e+09	5.54708e+09	5.51006e+09	5.64024e+09	6.93529e+09	6.94238e+09	6.6053e+09	5.69256e+09	6.56068e+09	6.52092e+09	6.0517e+09	5.91908e+09	6.46992e+09	5.87324e+09	5.87535e+09	6.27866e+09	6.23573e+09	5.78174e+09	6.53094e+09	6.55196e+09	6.56619e+09	5.15458e+09	6.07094e+09	6.64783e+09	5.20766e+09	6.35626e+09	5.13232e+09	6.58231e+09	5.28418e+09	5.03569e+09	5.28345e+09	6.79228e+09	7.09634e+09	6.59649e+09	6.26709e+09	6.60041e+09	5.89342e+09	5.93254e+09	5.80599e+09	5.43867e+09	5.60131e+09	5.84777e+09	6.04365e+09	5.48818e+09	5.45839e+09	6.17101e+09	5.96621e+09	6.2879e+09	5.62427e+09	6.12179e+09	6.01541e+09	5.2893e+09	4.96671e+09	5.48715e+09	5.20545e+09	5.23562e+09	4.96347e+09	5.94556e+09	5.62719e+09	5.92134e+09	5.63519e+09	5.97672e+09	6.08872e+09	5.63881e+09	5.46498e+09	6.37176e+09	5.80334e+09	6.41599e+09	6.134e+09	6.41185e+09	5.94495e+09	6.23658e+09	6.44268e+09	6.15394e+09	6.42376e+09	6.73233e+09	6.02519e+09	5.79054e+09	6.45288e+09	5.71789e+09	6.06916e+09	6.13622e+09	6.48461e+09	5.14354e+09	6.02483e+09	6.68649e+09	6.00065e+09
