	ERR608871	ERR608872	ERR608875	ERR608873	ERR608876	ERR608874	ERR629916	ERR629917	ERR629921	ERR629920	ERR629919	ERR629918	ERR622034	ERR622035	ERR622036	ERR622037	ERR622033	ERR622038	ERR617032	ERR617029	ERR617028	ERR617030	ERR617031	ERR617027	ERR613145	ERR613147	ERR613144	ERR613148	ERR613146	ERR613143	ERR637092	ERR637091	ERR637089	ERR637088	ERR637090	ERR637087	ERR636821	ERR636819	ERR636818	ERR636817	ERR636820	ERR636822	ERR626616	ERR626615	ERR626614	ERR626618	ERR626619	ERR626617	ERR626673	ERR626671	ERR626669	ERR626672	ERR626670	ERR626668	ERR629898	ERR629903	ERR629900	ERR629902	ERR629901	ERR629899	ERR613784	ERR613782	ERR613783	ERR613785	ERR613786	ERR613787	ERR629613	ERR629612	ERR629616	ERR629617	ERR629614	ERR629615	ERR618349	ERR618347	ERR618345	ERR618346	ERR618348	ERR618350	ERR618319	ERR618317	ERR618316	ERR618320	ERR618318	ERR618315	ERR618351	ERR618352	ERR618355	ERR618356	ERR618354	ERR618353	ERR617096	ERR617095	ERR617100	ERR617099	ERR617098	ERR617097
ERR608871	3.96235e+09	4.6618e+09	4.08311e+09	4.88851e+09	4.0343e+09	4.13083e+09	4.40558e+09	4.01657e+09	3.95469e+09	3.90011e+09	3.96177e+09	4.35586e+09	4.41741e+09	4.39845e+09	4.36562e+09	4.1708e+09	4.60303e+09	4.10817e+09	4.52224e+09	4.97849e+09	4.89268e+09	4.51599e+09	4.46195e+09	4.78917e+09	4.6223e+09	3.5642e+09	4.61363e+09	3.48722e+09	3.42369e+09	4.89171e+09	4.87525e+09	4.88349e+09	4.78422e+09	4.81346e+09	4.88209e+09	4.47777e+09	5.08675e+09	5.51487e+09	5.56384e+09	5.30492e+09	5.13955e+09	5.10782e+09	4.23993e+09	4.60502e+09	4.94387e+09	4.2654e+09	4.18208e+09	4.21634e+09	4.59113e+09	4.56781e+09	4.63148e+09	4.58693e+09	4.10108e+09	4.84818e+09	5.0597e+09	4.63552e+09	5.01509e+09	4.59443e+09	4.64213e+09	4.65785e+09	4.51567e+09	4.38282e+09	4.68014e+09	4.44164e+09	4.45598e+09	4.42385e+09	4.27889e+09	4.72287e+09	4.73013e+09	4.73742e+09	4.30793e+09	4.72818e+09	3.68678e+09	3.19188e+09	2.78782e+09	3.09206e+09	3.38893e+09	3.66788e+09	4.14019e+09	4.39438e+09	4.24859e+09	3.96734e+09	4.22022e+09	4.28478e+09	3.84369e+09	3.75948e+09	4.0903e+09	4.06301e+09	4.08192e+09	3.76395e+09	3.8447e+09	3.75364e+09	3.55395e+09	3.51489e+09	3.56216e+09	3.92456e+09
ERR608872	4.6618e+09	6.07276e+09	5.0703e+09	6.18852e+09	5.00294e+09	5.1339e+09	5.56115e+09	5.01653e+09	4.91651e+09	4.84305e+09	4.92823e+09	5.49129e+09	5.55949e+09	5.53133e+09	5.49304e+09	5.22691e+09	5.81922e+09	5.14125e+09	5.65858e+09	6.32996e+09	6.20697e+09	5.65563e+09	5.58072e+09	6.0487e+09	5.86759e+09	4.41111e+09	5.85647e+09	4.30651e+09	4.22438e+09	6.25261e+09	6.17548e+09	6.18824e+09	6.05187e+09	6.10636e+09	6.1855e+09	5.63484e+09	6.45938e+09	7.06491e+09	7.14569e+09	6.7737e+09	6.53423e+09	6.48788e+09	5.31881e+09	5.83456e+09	6.30389e+09	5.37352e+09	5.25879e+09	5.30565e+09	5.81841e+09	5.78639e+09	5.86774e+09	5.81237e+09	5.12824e+09	6.16854e+09	6.44407e+09	5.83225e+09	6.38189e+09	5.77636e+09	5.84471e+09	5.88185e+09	5.69522e+09	5.51501e+09	5.93004e+09	5.60093e+09	5.61967e+09	5.57644e+09	5.36945e+09	5.98852e+09	5.99858e+09	6.01102e+09	5.41493e+09	5.99751e+09	4.56838e+09	4.09662e+09	3.54678e+09	3.96189e+09	4.1731e+09	4.54548e+09	5.18439e+09	5.54106e+09	5.3357e+09	4.9448e+09	5.29738e+09	5.37443e+09	4.87003e+09	4.75454e+09	5.19898e+09	5.16138e+09	5.18766e+09	4.75925e+09	4.83529e+09	4.70386e+09	4.42387e+09	4.37791e+09	4.44138e+09	4.94451e+09
ERR608875	4.08311e+09	5.0703e+09	4.60407e+09	5.33238e+09	4.37895e+09	4.48596e+09	4.811e+09	4.36686e+09	4.28197e+09	4.22088e+09	4.2918e+09	4.75424e+09	4.79694e+09	4.7743e+09	4.74331e+09	4.52448e+09	5.01031e+09	4.45346e+09	4.88442e+09	5.43513e+09	5.33515e+09	4.88477e+09	4.82347e+09	5.20389e+09	5.07146e+09	3.87904e+09	5.06262e+09	3.79171e+09	3.72296e+09	5.3831e+09	5.30343e+09	5.31356e+09	5.20457e+09	5.2501e+09	5.3115e+09	4.86725e+09	5.5327e+09	6.02468e+09	6.09181e+09	5.78958e+09	5.59344e+09	5.55607e+09	4.60744e+09	5.02736e+09	5.40628e+09	4.65608e+09	4.56258e+09	4.60154e+09	5.00997e+09	4.98374e+09	5.04805e+09	5.00474e+09	4.44369e+09	5.29268e+09	5.51368e+09	5.01398e+09	5.46285e+09	4.96868e+09	5.02427e+09	5.0578e+09	4.90657e+09	4.76059e+09	5.09804e+09	4.83168e+09	4.84608e+09	4.8116e+09	4.64787e+09	5.14945e+09	5.15907e+09	5.16936e+09	4.6862e+09	5.15837e+09	3.99396e+09	3.60849e+09	3.14252e+09	3.49512e+09	3.65942e+09	3.97565e+09	4.49695e+09	4.78753e+09	4.62045e+09	4.30141e+09	4.59021e+09	4.64936e+09	4.2624e+09	4.16722e+09	4.53374e+09	4.50278e+09	4.52496e+09	4.17108e+09	4.21393e+09	4.10104e+09	3.86388e+09	3.82642e+09	3.88008e+09	4.3058e+09
ERR608873	4.88851e+09	6.18852e+09	5.33238e+09	6.77365e+09	5.25966e+09	5.401e+09	5.8767e+09	5.28555e+09	5.1753e+09	5.09591e+09	5.18812e+09	5.80155e+09	5.87413e+09	5.84346e+09	5.80409e+09	5.516e+09	6.15638e+09	5.42443e+09	5.96452e+09	6.70313e+09	6.56879e+09	5.9631e+09	5.88205e+09	6.39178e+09	6.20867e+09	4.63363e+09	6.19613e+09	4.52124e+09	4.43502e+09	6.63121e+09	6.53483e+09	6.54855e+09	6.40098e+09	6.46404e+09	6.54581e+09	5.95091e+09	6.84057e+09	7.50189e+09	7.59461e+09	7.18599e+09	6.92233e+09	6.87202e+09	5.61139e+09	6.17376e+09	6.68391e+09	5.67564e+09	5.55219e+09	5.60367e+09	6.15857e+09	6.12408e+09	6.21035e+09	6.15262e+09	5.40768e+09	6.53745e+09	6.83124e+09	6.16089e+09	6.76343e+09	6.1009e+09	6.1747e+09	6.21877e+09	6.0188e+09	5.8249e+09	6.27631e+09	5.91962e+09	5.93906e+09	5.89264e+09	5.66558e+09	6.33832e+09	6.34952e+09	6.36344e+09	5.71776e+09	6.34844e+09	4.80474e+09	4.34811e+09	3.754e+09	4.20274e+09	4.38271e+09	4.78153e+09	5.46673e+09	5.85347e+09	5.63061e+09	5.20783e+09	5.59009e+09	5.67017e+09	5.15078e+09	5.02614e+09	5.50392e+09	5.46291e+09	5.49227e+09	5.03016e+09	5.10279e+09	4.95884e+09	4.65557e+09	4.60761e+09	4.67606e+09	5.22058e+09
ERR608876	4.0343e+09	5.00294e+09	4.37895e+09	5.25966e+09	4.49183e+09	4.43003e+09	4.74654e+09	4.31118e+09	4.22703e+09	4.16761e+09	4.23665e+09	4.69096e+09	4.73162e+09	4.70911e+09	4.6793e+09	4.46429e+09	4.94122e+09	4.3945e+09	4.81837e+09	5.35791e+09	5.26032e+09	4.81951e+09	4.75935e+09	5.13168e+09	5.00285e+09	3.83276e+09	4.994e+09	3.74636e+09	3.67909e+09	5.30799e+09	5.22933e+09	5.2397e+09	5.13233e+09	5.1773e+09	5.23724e+09	4.80225e+09	5.45422e+09	5.93571e+09	6.00154e+09	5.70555e+09	5.51336e+09	5.47704e+09	4.54728e+09	4.95896e+09	5.3296e+09	4.59468e+09	4.50292e+09	4.54058e+09	4.94143e+09	4.91615e+09	4.9789e+09	4.93703e+09	4.38659e+09	5.2182e+09	5.43499e+09	4.94538e+09	5.38477e+09	4.90097e+09	4.95544e+09	4.98846e+09	4.84021e+09	4.69756e+09	5.02796e+09	4.76643e+09	4.78135e+09	4.7476e+09	4.58684e+09	5.07909e+09	5.08769e+09	5.09794e+09	4.62456e+09	5.08716e+09	3.94459e+09	3.56226e+09	3.10428e+09	3.45055e+09	3.61547e+09	3.92658e+09	4.43944e+09	4.72424e+09	4.55988e+09	4.24682e+09	4.53014e+09	4.58827e+09	4.20555e+09	4.11195e+09	4.47134e+09	4.44157e+09	4.46315e+09	4.11565e+09	4.15777e+09	4.04645e+09	3.81425e+09	3.77699e+09	3.82976e+09	4.24817e+09
ERR608874	4.13083e+09	5.1339e+09	4.48596e+09	5.401e+09	4.43003e+09	4.71154e+09	4.86938e+09	4.41789e+09	4.33159e+09	4.27001e+09	4.34132e+09	4.81186e+09	4.85627e+09	4.83316e+09	4.80195e+09	4.57911e+09	5.0738e+09	4.507e+09	4.94668e+09	5.50557e+09	5.404e+09	4.94641e+09	4.8842e+09	5.27104e+09	5.13512e+09	3.92223e+09	5.12586e+09	3.83321e+09	3.76335e+09	5.45208e+09	5.37248e+09	5.38308e+09	5.2713e+09	5.31788e+09	5.38087e+09	4.92815e+09	5.60557e+09	6.10562e+09	6.17366e+09	5.8665e+09	5.66727e+09	5.62956e+09	4.66337e+09	5.09088e+09	5.47656e+09	4.71203e+09	4.61702e+09	4.65604e+09	5.07351e+09	5.04692e+09	5.11222e+09	5.06804e+09	4.49734e+09	5.36063e+09	5.58646e+09	5.07837e+09	5.53489e+09	5.03246e+09	5.0889e+09	5.1224e+09	4.96864e+09	4.82054e+09	5.16334e+09	4.89234e+09	4.90729e+09	4.87232e+09	4.7049e+09	5.21565e+09	5.22563e+09	5.23595e+09	4.74411e+09	5.22486e+09	4.03918e+09	3.6445e+09	3.17271e+09	3.52959e+09	3.69973e+09	4.02064e+09	4.55097e+09	4.84691e+09	4.67657e+09	4.35192e+09	4.64542e+09	4.70661e+09	4.30795e+09	4.21075e+09	4.5834e+09	4.55214e+09	4.57436e+09	4.21489e+09	4.26191e+09	4.14793e+09	3.90799e+09	3.86948e+09	3.92386e+09	4.35544e+09
ERR629916	4.40558e+09	5.56115e+09	4.811e+09	5.8767e+09	4.74654e+09	4.86938e+09	6.56398e+09	5.73838e+09	5.6086e+09	5.52679e+09	5.62716e+09	6.28101e+09	5.52735e+09	5.49831e+09	5.46099e+09	5.19444e+09	5.79381e+09	5.10671e+09	5.58436e+09	6.27257e+09	6.14285e+09	5.58819e+09	5.51411e+09	5.98048e+09	5.93266e+09	4.44814e+09	5.92201e+09	4.34451e+09	4.26213e+09	6.32954e+09	6.14959e+09	6.16166e+09	6.0313e+09	6.09308e+09	6.15907e+09	5.61228e+09	6.28097e+09	6.89464e+09	6.9794e+09	6.59668e+09	6.35335e+09	6.30828e+09	5.87838e+09	6.4488e+09	6.95675e+09	5.95404e+09	5.83087e+09	5.88239e+09	6.42059e+09	6.38497e+09	6.46776e+09	6.414e+09	5.64757e+09	6.79954e+09	7.14041e+09	6.44293e+09	7.06837e+09	6.38391e+09	6.46188e+09	6.51782e+09	6.27629e+09	6.08396e+09	6.54257e+09	6.18173e+09	6.19925e+09	6.15189e+09	5.96732e+09	6.64571e+09	6.65733e+09	6.6725e+09	6.02199e+09	6.65834e+09	5.08541e+09	4.72889e+09	4.10064e+09	4.57826e+09	4.64401e+09	5.06347e+09	5.74571e+09	6.14672e+09	5.9198e+09	5.47839e+09	5.87421e+09	5.95161e+09	5.51995e+09	5.39115e+09	5.87116e+09	5.82978e+09	5.85847e+09	5.39641e+09	5.51171e+09	5.36017e+09	5.03809e+09	4.99145e+09	5.06237e+09	5.63653e+09
ERR629917	4.01657e+09	5.01653e+09	4.36686e+09	5.28555e+09	4.31118e+09	4.41789e+09	5.73838e+09	5.38985e+09	5.1078e+09	5.03668e+09	5.12316e+09	5.67287e+09	4.99258e+09	4.96795e+09	4.93297e+09	4.70138e+09	5.22271e+09	4.62413e+09	5.05204e+09	5.6369e+09	5.52579e+09	5.0548e+09	4.99092e+09	5.38917e+09	5.34866e+09	4.06034e+09	5.33924e+09	3.96918e+09	3.89531e+09	5.68448e+09	5.53506e+09	5.54542e+09	5.43325e+09	5.48173e+09	5.54335e+09	5.06874e+09	5.63896e+09	6.16615e+09	6.23433e+09	5.9085e+09	5.70079e+09	5.66241e+09	5.33243e+09	5.81411e+09	6.24481e+09	5.39034e+09	5.2852e+09	5.33012e+09	5.78906e+09	5.75905e+09	5.83126e+09	5.78363e+09	5.13395e+09	6.11256e+09	6.40534e+09	5.82243e+09	6.34529e+09	5.77153e+09	5.83711e+09	5.88067e+09	5.67364e+09	5.50778e+09	5.89706e+09	5.58985e+09	5.60524e+09	5.5643e+09	5.41069e+09	5.98469e+09	5.99398e+09	6.00642e+09	5.45354e+09	5.99481e+09	4.64456e+09	4.26592e+09	3.72183e+09	4.1354e+09	4.25576e+09	4.62509e+09	5.21711e+09	5.55815e+09	5.36479e+09	4.98739e+09	5.32525e+09	5.39577e+09	4.99166e+09	4.8821e+09	5.29507e+09	5.25951e+09	5.28451e+09	4.88669e+09	4.9965e+09	4.86855e+09	4.59243e+09	4.55099e+09	4.61222e+09	5.1042e+09
ERR629921	3.95469e+09	4.91651e+09	4.28197e+09	5.1753e+09	4.22703e+09	4.33159e+09	5.6086e+09	5.1078e+09	5.18641e+09	4.94579e+09	5.02871e+09	5.54533e+09	4.89544e+09	4.87173e+09	4.83629e+09	4.61159e+09	5.11678e+09	4.53692e+09	4.96511e+09	5.5189e+09	5.41334e+09	4.96472e+09	4.90259e+09	5.28606e+09	5.22533e+09	3.97731e+09	5.2167e+09	3.88937e+09	3.81608e+09	5.54823e+09	5.42721e+09	5.43705e+09	5.32659e+09	5.36841e+09	5.43493e+09	4.96887e+09	5.52915e+09	6.03664e+09	6.09766e+09	5.78598e+09	5.58876e+09	5.55216e+09	5.22619e+09	5.68695e+09	6.10446e+09	5.27318e+09	5.17267e+09	5.2155e+09	5.66169e+09	5.63244e+09	5.7053e+09	5.65658e+09	5.03615e+09	5.97701e+09	6.26792e+09	5.71682e+09	6.21033e+09	5.66761e+09	5.72983e+09	5.76312e+09	5.55888e+09	5.39673e+09	5.77137e+09	5.47405e+09	5.48992e+09	5.44991e+09	5.30245e+09	5.85549e+09	5.86432e+09	5.8751e+09	5.3413e+09	5.86504e+09	4.55916e+09	4.1155e+09	3.5954e+09	3.99025e+09	4.18277e+09	4.5381e+09	5.11408e+09	5.44062e+09	5.25567e+09	4.8923e+09	5.21746e+09	5.2913e+09	4.85388e+09	4.74862e+09	5.15081e+09	5.11613e+09	5.13965e+09	4.75394e+09	4.8806e+09	4.76192e+09	4.5006e+09	4.45817e+09	4.51677e+09	4.98299e+09
ERR629920	3.90011e+09	4.84305e+09	4.22088e+09	5.09591e+09	4.16761e+09	4.27001e+09	5.52679e+09	5.03668e+09	4.94579e+09	5.04872e+09	4.95994e+09	5.465e+09	4.8245e+09	4.80086e+09	4.76618e+09	4.54536e+09	5.04176e+09	4.47205e+09	4.89216e+09	5.43593e+09	5.3318e+09	4.89253e+09	4.8317e+09	5.2072e+09	5.148e+09	3.92355e+09	5.13935e+09	3.83773e+09	3.76527e+09	5.46441e+09	5.3453e+09	5.35447e+09	5.24669e+09	5.28741e+09	5.3525e+09	4.8959e+09	5.44319e+09	5.94063e+09	6.00028e+09	5.69426e+09	5.50144e+09	5.46561e+09	5.15355e+09	5.6036e+09	6.01188e+09	5.19914e+09	5.09966e+09	5.14159e+09	5.57883e+09	5.55081e+09	5.62176e+09	5.57394e+09	4.96679e+09	5.88725e+09	6.17262e+09	5.63341e+09	6.11603e+09	5.586e+09	5.64696e+09	5.67904e+09	5.47847e+09	5.32027e+09	5.68628e+09	5.39636e+09	5.41152e+09	5.37198e+09	5.22824e+09	5.76979e+09	5.77809e+09	5.78896e+09	5.26646e+09	5.77886e+09	4.49884e+09	4.05986e+09	3.54948e+09	3.9365e+09	4.1298e+09	4.47808e+09	5.04271e+09	5.362e+09	5.18115e+09	4.82511e+09	5.14324e+09	5.21612e+09	4.78605e+09	4.68245e+09	5.07613e+09	5.04221e+09	5.06552e+09	4.68748e+09	4.81206e+09	4.69605e+09	4.43954e+09	4.39816e+09	4.45548e+09	4.91286e+09
ERR629919	3.96177e+09	4.92823e+09	4.2918e+09	5.18812e+09	4.23665e+09	4.34132e+09	5.62716e+09	5.12316e+09	5.02871e+09	4.95994e+09	5.21746e+09	5.56315e+09	4.9078e+09	4.88408e+09	4.84857e+09	4.62325e+09	5.13085e+09	4.54783e+09	4.97554e+09	5.5338e+09	5.42678e+09	4.97643e+09	4.91334e+09	5.29849e+09	5.24053e+09	3.98694e+09	5.23186e+09	3.89881e+09	3.82493e+09	5.56498e+09	5.44003e+09	5.44969e+09	5.33917e+09	5.3819e+09	5.4473e+09	4.98083e+09	5.54163e+09	6.05187e+09	6.114e+09	5.79979e+09	5.60166e+09	5.56473e+09	5.24163e+09	5.70511e+09	6.12369e+09	5.28977e+09	5.18769e+09	5.23074e+09	5.67864e+09	5.64956e+09	5.72201e+09	5.6734e+09	5.04982e+09	5.99552e+09	6.28825e+09	5.73238e+09	6.23014e+09	5.68328e+09	5.74671e+09	5.78122e+09	5.57492e+09	5.41175e+09	5.78855e+09	5.49049e+09	5.5066e+09	5.46605e+09	5.31848e+09	5.87397e+09	5.88308e+09	5.89383e+09	5.3576e+09	5.88337e+09	4.57104e+09	4.13614e+09	3.61236e+09	4.00979e+09	4.19322e+09	4.54964e+09	5.12795e+09	5.45635e+09	5.2705e+09	4.9047e+09	5.23151e+09	5.30532e+09	4.87325e+09	4.7671e+09	5.17114e+09	5.1363e+09	5.15987e+09	4.77201e+09	4.89777e+09	4.77766e+09	4.51436e+09	4.4717e+09	4.53125e+09	5.00055e+09
ERR629918	4.35586e+09	5.49129e+09	4.75424e+09	5.80155e+09	4.69096e+09	4.81186e+09	6.28101e+09	5.67287e+09	5.54533e+09	5.465e+09	5.56315e+09	6.40437e+09	5.45677e+09	5.42843e+09	5.39089e+09	5.12906e+09	5.71876e+09	5.04254e+09	5.51461e+09	6.18984e+09	6.06274e+09	5.51792e+09	5.44469e+09	5.90349e+09	5.85582e+09	4.3975e+09	5.84576e+09	4.29578e+09	4.21444e+09	6.24548e+09	6.06911e+09	6.08151e+09	5.95253e+09	6.01312e+09	6.07895e+09	5.5413e+09	6.19703e+09	6.80031e+09	6.88343e+09	6.50744e+09	6.26833e+09	6.22456e+09	5.80847e+09	6.36822e+09	6.86548e+09	5.88277e+09	5.76187e+09	5.81267e+09	6.33946e+09	6.30549e+09	6.38635e+09	6.33319e+09	5.5815e+09	6.71168e+09	7.04646e+09	6.36322e+09	6.97599e+09	6.30549e+09	6.38147e+09	6.43612e+09	6.19967e+09	6.01059e+09	6.46067e+09	6.10627e+09	6.12371e+09	6.07684e+09	5.89617e+09	6.56152e+09	6.57186e+09	6.58675e+09	5.94971e+09	6.57311e+09	5.0293e+09	4.6703e+09	4.05321e+09	4.52245e+09	4.5947e+09	5.00803e+09	5.67927e+09	6.07224e+09	5.84917e+09	5.41619e+09	5.80497e+09	5.88056e+09	5.45259e+09	5.32688e+09	5.79701e+09	5.75657e+09	5.7853e+09	5.33121e+09	5.4475e+09	5.29864e+09	4.9812e+09	4.93619e+09	5.0054e+09	5.5696e+09
ERR622034	4.41741e+09	5.55949e+09	4.79694e+09	5.87413e+09	4.73162e+09	4.85627e+09	5.52735e+09	4.99258e+09	4.89544e+09	4.8245e+09	4.9078e+09	5.45677e+09	6.10233e+09	5.88892e+09	5.8502e+09	5.57908e+09	6.17523e+09	5.49118e+09	5.59967e+09	6.25495e+09	6.12997e+09	5.59738e+09	5.5207e+09	5.98554e+09	5.79644e+09	4.36508e+09	5.78396e+09	4.2625e+09	4.18135e+09	6.1707e+09	6.29091e+09	6.30025e+09	6.16478e+09	6.2137e+09	6.29909e+09	5.74441e+09	6.50235e+09	7.03092e+09	7.10458e+09	6.77817e+09	6.56945e+09	6.52896e+09	5.37919e+09	5.89152e+09	6.3654e+09	5.42285e+09	5.30976e+09	5.35511e+09	5.95347e+09	5.92173e+09	6.00806e+09	5.94969e+09	5.26771e+09	6.30381e+09	6.53157e+09	5.93458e+09	6.47105e+09	5.87843e+09	5.9463e+09	5.97576e+09	5.82372e+09	5.64063e+09	6.05657e+09	5.72658e+09	5.74542e+09	5.7008e+09	5.41548e+09	6.0361e+09	6.04606e+09	6.05746e+09	5.45641e+09	6.04403e+09	4.55729e+09	4.01219e+09	3.4835e+09	3.88167e+09	4.17139e+09	4.535e+09	5.19148e+09	5.54803e+09	5.34345e+09	4.95633e+09	5.30493e+09	5.39199e+09	4.77298e+09	4.66115e+09	5.08994e+09	5.05123e+09	5.07906e+09	4.66426e+09	4.67447e+09	4.55346e+09	4.28639e+09	4.24354e+09	4.30227e+09	4.77946e+09
ERR622035	4.39845e+09	5.53133e+09	4.7743e+09	5.84346e+09	4.70911e+09	4.83316e+09	5.49831e+09	4.96795e+09	4.87173e+09	4.80086e+09	4.88408e+09	5.42843e+09	5.88892e+09	6.03907e+09	5.81993e+09	5.55074e+09	6.14062e+09	5.46413e+09	5.56936e+09	6.22079e+09	6.0975e+09	5.56717e+09	5.49088e+09	5.95322e+09	5.7705e+09	4.35034e+09	5.75709e+09	4.248e+09	4.16789e+09	6.14177e+09	6.25363e+09	6.2626e+09	6.12843e+09	6.17666e+09	6.26237e+09	5.71213e+09	6.46423e+09	6.98908e+09	7.06257e+09	6.73892e+09	6.53019e+09	6.49045e+09	5.3502e+09	5.85852e+09	6.32826e+09	5.39416e+09	5.28146e+09	5.32717e+09	5.91916e+09	5.88779e+09	5.97274e+09	5.91521e+09	5.23717e+09	6.26534e+09	6.49016e+09	5.89931e+09	6.43033e+09	5.84299e+09	5.91045e+09	5.94007e+09	5.78939e+09	5.60845e+09	6.02e+09	5.69325e+09	5.71202e+09	5.66718e+09	5.38644e+09	6.00205e+09	6.0115e+09	6.0233e+09	5.42782e+09	6.0096e+09	4.53671e+09	3.99993e+09	3.473e+09	3.86977e+09	4.15204e+09	4.51474e+09	5.16583e+09	5.519e+09	5.31652e+09	4.93184e+09	5.2789e+09	5.36313e+09	4.7529e+09	4.64121e+09	5.06803e+09	5.02967e+09	5.05732e+09	4.64462e+09	4.65384e+09	4.53272e+09	4.26633e+09	4.224e+09	4.28248e+09	4.75716e+09
ERR622036	4.36562e+09	5.49304e+09	4.74331e+09	5.80409e+09	4.6793e+09	4.80195e+09	5.46099e+09	4.93297e+09	4.83629e+09	4.76618e+09	4.84857e+09	5.39089e+09	5.8502e+09	5.81993e+09	5.96172e+09	5.51851e+09	6.10082e+09	5.43263e+09	5.52519e+09	6.17649e+09	6.05466e+09	5.52417e+09	5.44856e+09	5.90904e+09	5.73051e+09	4.32183e+09	5.71759e+09	4.22001e+09	4.14107e+09	6.10058e+09	6.2123e+09	6.22083e+09	6.08787e+09	6.13792e+09	6.22036e+09	5.67619e+09	6.41908e+09	6.93825e+09	7.01295e+09	6.69118e+09	6.48429e+09	6.44461e+09	5.31327e+09	5.82002e+09	6.28541e+09	5.36062e+09	5.24852e+09	5.29378e+09	5.88096e+09	5.84967e+09	5.93319e+09	5.87735e+09	5.20221e+09	6.22342e+09	6.44393e+09	5.85488e+09	6.38445e+09	5.79912e+09	5.86602e+09	5.89665e+09	5.74973e+09	5.57057e+09	5.97976e+09	5.65558e+09	5.6742e+09	5.62999e+09	5.34846e+09	5.95966e+09	5.96998e+09	5.98097e+09	5.39037e+09	5.96722e+09	4.50561e+09	3.98898e+09	3.46446e+09	3.85963e+09	4.12391e+09	4.48386e+09	5.12939e+09	5.48083e+09	5.27915e+09	4.89719e+09	5.24206e+09	5.32458e+09	4.72912e+09	4.6178e+09	5.04039e+09	5.00235e+09	5.03024e+09	4.62109e+09	4.62191e+09	4.50041e+09	4.23328e+09	4.19174e+09	4.2503e+09	4.72461e+09
ERR622037	4.1708e+09	5.22691e+09	4.52448e+09	5.516e+09	4.46429e+09	4.57911e+09	5.19444e+09	4.70138e+09	4.61159e+09	4.54536e+09	4.62325e+09	5.12906e+09	5.57908e+09	5.55074e+09	5.51851e+09	5.43561e+09	5.80898e+09	5.19276e+09	5.2625e+09	5.867e+09	5.75326e+09	5.26092e+09	5.1902e+09	5.6192e+09	5.44279e+09	4.12666e+09	5.43079e+09	4.03172e+09	3.95693e+09	5.78579e+09	5.90939e+09	5.91769e+09	5.79388e+09	5.83913e+09	5.91692e+09	5.40997e+09	6.10055e+09	6.57773e+09	6.64558e+09	6.35043e+09	6.16052e+09	6.12431e+09	5.06465e+09	5.53625e+09	5.97045e+09	5.10662e+09	5.00163e+09	5.04397e+09	5.59747e+09	5.56851e+09	5.64672e+09	5.59445e+09	4.96557e+09	5.91666e+09	6.12039e+09	5.57358e+09	6.06497e+09	5.5218e+09	5.58404e+09	5.61154e+09	5.4758e+09	5.3087e+09	5.68929e+09	5.38797e+09	5.40493e+09	5.36379e+09	5.09596e+09	5.6666e+09	5.67602e+09	5.68675e+09	5.13434e+09	5.67406e+09	4.3e+09	3.79232e+09	3.29991e+09	3.6705e+09	3.94029e+09	4.28003e+09	4.88837e+09	5.21636e+09	5.02826e+09	4.67128e+09	4.99302e+09	5.07188e+09	4.50035e+09	4.39641e+09	4.79268e+09	4.75664e+09	4.78272e+09	4.39944e+09	4.39366e+09	4.27994e+09	4.02994e+09	3.99071e+09	4.04517e+09	4.49013e+09
ERR622033	4.60303e+09	5.81922e+09	5.01031e+09	6.15638e+09	4.94122e+09	5.0738e+09	5.79381e+09	5.22271e+09	5.11678e+09	5.04176e+09	5.13085e+09	5.71876e+09	6.17523e+09	6.14062e+09	6.10082e+09	5.80898e+09	6.64963e+09	5.71567e+09	5.85266e+09	6.55865e+09	6.42478e+09	5.85106e+09	5.76953e+09	6.26743e+09	6.08785e+09	4.55983e+09	6.07473e+09	4.45046e+09	4.36494e+09	6.49177e+09	6.57838e+09	6.58793e+09	6.44332e+09	6.49887e+09	6.58687e+09	5.99585e+09	6.80343e+09	7.37807e+09	7.46066e+09	7.10401e+09	6.87572e+09	6.83169e+09	5.62197e+09	6.16929e+09	6.67408e+09	5.6729e+09	5.55205e+09	5.6013e+09	6.22744e+09	6.19409e+09	6.28438e+09	6.22363e+09	5.49345e+09	6.60078e+09	6.84671e+09	6.20408e+09	6.7816e+09	6.14432e+09	6.21651e+09	6.25166e+09	6.08549e+09	5.89199e+09	6.33587e+09	5.98455e+09	6.00424e+09	5.95644e+09	5.66188e+09	6.32337e+09	6.33439e+09	6.34661e+09	5.707e+09	6.33239e+09	4.76114e+09	4.23207e+09	3.6674e+09	4.09332e+09	4.35337e+09	4.73833e+09	5.429e+09	5.80946e+09	5.59081e+09	5.1779e+09	5.55055e+09	5.63969e+09	5.01678e+09	4.89638e+09	5.35267e+09	5.31136e+09	5.34141e+09	4.90002e+09	4.91338e+09	4.78274e+09	4.49634e+09	4.45195e+09	4.51446e+09	5.02463e+09
ERR622038	4.10817e+09	5.14125e+09	4.45346e+09	5.42443e+09	4.3945e+09	4.507e+09	5.10671e+09	4.62413e+09	4.53692e+09	4.47205e+09	4.54783e+09	5.04254e+09	5.49118e+09	5.46413e+09	5.43263e+09	5.19276e+09	5.71567e+09	5.27511e+09	5.17654e+09	5.7674e+09	5.6567e+09	5.17531e+09	5.10597e+09	5.52566e+09	5.35125e+09	4.06372e+09	5.33967e+09	3.97048e+09	3.89728e+09	5.68679e+09	5.81175e+09	5.8194e+09	5.69838e+09	5.74211e+09	5.81858e+09	5.323e+09	5.99878e+09	6.46508e+09	6.53119e+09	6.24283e+09	6.05795e+09	6.0219e+09	4.98162e+09	5.44301e+09	5.86759e+09	5.02191e+09	4.91974e+09	4.96075e+09	5.50261e+09	5.47473e+09	5.55133e+09	5.49958e+09	4.88496e+09	5.81536e+09	6.01408e+09	5.48011e+09	5.96038e+09	5.42928e+09	5.4905e+09	5.51692e+09	5.38503e+09	5.22141e+09	5.59341e+09	5.29878e+09	5.31526e+09	5.27478e+09	5.01191e+09	5.57046e+09	5.57966e+09	5.58977e+09	5.04946e+09	5.57716e+09	4.23198e+09	3.72634e+09	3.24387e+09	3.60694e+09	3.87892e+09	4.21219e+09	4.80807e+09	5.12931e+09	4.94513e+09	4.59562e+09	4.91098e+09	4.98867e+09	4.42219e+09	4.32054e+09	4.70869e+09	4.67386e+09	4.69917e+09	4.32356e+09	4.31757e+09	4.20612e+09	3.96136e+09	3.9227e+09	3.97597e+09	4.41223e+09
ERR617032	4.52224e+09	5.65858e+09	4.88442e+09	5.96452e+09	4.81837e+09	4.94668e+09	5.58436e+09	5.05204e+09	4.96511e+09	4.89216e+09	4.97554e+09	5.51461e+09	5.59967e+09	5.56936e+09	5.52519e+09	5.2625e+09	5.85266e+09	5.17654e+09	6.0277e+09	6.43928e+09	6.3139e+09	5.80519e+09	5.73072e+09	6.17652e+09	5.87626e+09	4.42998e+09	5.86337e+09	4.3273e+09	4.24224e+09	6.24477e+09	6.19953e+09	6.21078e+09	6.07802e+09	6.11618e+09	6.20822e+09	5.65361e+09	6.43849e+09	7.02505e+09	7.08999e+09	6.73435e+09	6.50978e+09	6.46772e+09	5.35954e+09	5.85675e+09	6.32389e+09	5.38983e+09	5.27567e+09	5.3237e+09	5.84675e+09	5.81398e+09	5.90236e+09	5.84049e+09	5.1833e+09	6.19808e+09	6.50022e+09	5.9191e+09	6.43916e+09	5.86284e+09	5.92962e+09	5.95151e+09	5.74667e+09	5.56395e+09	5.97077e+09	5.64397e+09	5.6645e+09	5.61862e+09	5.41684e+09	6.02678e+09	6.03594e+09	6.04558e+09	5.45265e+09	6.03394e+09	4.60156e+09	4.00463e+09	3.47216e+09	3.87318e+09	4.2145e+09	4.57686e+09	5.21289e+09	5.56468e+09	5.36189e+09	4.97499e+09	5.32009e+09	5.41542e+09	4.82168e+09	4.70897e+09	5.15256e+09	5.11474e+09	5.13905e+09	4.71456e+09	4.83214e+09	4.71775e+09	4.463e+09	4.41311e+09	4.47364e+09	4.9412e+09
ERR617029	4.97849e+09	6.32996e+09	5.43513e+09	6.70313e+09	5.35791e+09	5.50557e+09	6.27257e+09	5.6369e+09	5.5189e+09	5.43593e+09	5.5338e+09	6.18984e+09	6.25495e+09	6.22079e+09	6.17649e+09	5.867e+09	6.55865e+09	5.7674e+09	6.43928e+09	7.49116e+09	7.09152e+09	6.43512e+09	6.34737e+09	6.90235e+09	6.62612e+09	4.9267e+09	6.61279e+09	4.80705e+09	4.71327e+09	7.07983e+09	6.94968e+09	6.96462e+09	6.80732e+09	6.87208e+09	6.96203e+09	6.31859e+09	7.22674e+09	7.93573e+09	8.03166e+09	7.5936e+09	7.31281e+09	7.26026e+09	5.98347e+09	6.58489e+09	7.13628e+09	6.04653e+09	5.91328e+09	5.96872e+09	6.57476e+09	6.53664e+09	6.63154e+09	6.56825e+09	5.77181e+09	6.98361e+09	7.31499e+09	6.5957e+09	7.24164e+09	6.53118e+09	6.61161e+09	6.65602e+09	6.4302e+09	6.22003e+09	6.70579e+09	6.32109e+09	6.34254e+09	6.29101e+09	6.04781e+09	6.77193e+09	6.78471e+09	6.79885e+09	6.1008e+09	6.78327e+09	5.11566e+09	4.62223e+09	3.98837e+09	4.46672e+09	4.66773e+09	5.09068e+09	5.82039e+09	6.23783e+09	5.99731e+09	5.54128e+09	5.95192e+09	6.04411e+09	5.47308e+09	5.33949e+09	5.85067e+09	5.80683e+09	5.83746e+09	5.34369e+09	5.43536e+09	5.28657e+09	4.96838e+09	4.91694e+09	4.98871e+09	5.5631e+09
ERR617028	4.89268e+09	6.20697e+09	5.33515e+09	6.56879e+09	5.26032e+09	5.404e+09	6.14285e+09	5.52579e+09	5.41334e+09	5.3318e+09	5.42678e+09	6.06274e+09	6.12997e+09	6.0975e+09	6.05466e+09	5.75326e+09	6.42478e+09	5.6567e+09	6.3139e+09	7.09152e+09	7.1884e+09	6.30944e+09	6.22339e+09	6.76411e+09	6.48893e+09	4.83816e+09	6.47595e+09	4.7213e+09	4.62961e+09	6.92826e+09	6.80925e+09	6.82365e+09	6.66952e+09	6.7319e+09	6.82117e+09	6.19436e+09	7.07997e+09	7.76498e+09	7.85643e+09	7.43385e+09	7.16316e+09	7.11206e+09	5.86284e+09	6.44627e+09	6.98124e+09	5.92418e+09	5.79443e+09	5.84851e+09	6.436e+09	6.39899e+09	6.49176e+09	6.42902e+09	5.65634e+09	6.83316e+09	7.15623e+09	6.46081e+09	7.08501e+09	6.39755e+09	6.47536e+09	6.51702e+09	6.29682e+09	6.09323e+09	6.56433e+09	6.19123e+09	6.21242e+09	6.162e+09	5.92751e+09	6.63004e+09	6.64182e+09	6.65523e+09	5.97871e+09	6.6405e+09	5.01996e+09	4.51724e+09	3.90164e+09	4.36592e+09	4.58197e+09	4.9956e+09	5.7054e+09	6.11031e+09	5.87788e+09	5.43461e+09	5.83353e+09	5.92294e+09	5.35665e+09	5.22678e+09	5.72263e+09	5.68035e+09	5.71006e+09	5.23119e+09	5.32498e+09	5.17976e+09	4.8685e+09	4.81797e+09	4.88813e+09	5.4475e+09
ERR617030	4.51599e+09	5.65563e+09	4.88477e+09	5.9631e+09	4.81951e+09	4.94641e+09	5.58819e+09	5.0548e+09	4.96472e+09	4.89253e+09	4.97643e+09	5.51792e+09	5.59738e+09	5.56717e+09	5.52417e+09	5.26092e+09	5.85106e+09	5.17531e+09	5.80519e+09	6.43512e+09	6.30944e+09	6.00538e+09	5.7209e+09	6.16874e+09	5.87882e+09	4.43228e+09	5.86545e+09	4.32862e+09	4.24407e+09	6.24746e+09	6.19618e+09	6.20747e+09	6.0749e+09	6.11578e+09	6.20527e+09	5.65247e+09	6.43278e+09	7.01928e+09	7.08638e+09	6.72988e+09	6.50423e+09	6.46147e+09	5.36022e+09	5.85871e+09	6.32428e+09	5.394e+09	5.2802e+09	5.32764e+09	5.84839e+09	5.81561e+09	5.90298e+09	5.84217e+09	5.18264e+09	6.19843e+09	6.49667e+09	5.91175e+09	6.43491e+09	5.85646e+09	5.92313e+09	5.94788e+09	5.74523e+09	5.56319e+09	5.97035e+09	5.644e+09	5.66445e+09	5.61864e+09	5.41669e+09	6.02614e+09	6.0358e+09	6.04549e+09	5.45276e+09	6.03378e+09	4.6037e+09	4.03146e+09	3.49678e+09	3.89951e+09	4.21513e+09	4.57895e+09	5.21364e+09	5.56611e+09	5.36271e+09	4.97585e+09	5.32136e+09	5.4141e+09	4.83782e+09	4.72463e+09	5.16747e+09	5.13007e+09	5.15454e+09	4.73e+09	4.83919e+09	4.7229e+09	4.46558e+09	4.41576e+09	4.47711e+09	4.94868e+09
ERR617031	4.46195e+09	5.58072e+09	4.82347e+09	5.88205e+09	4.75935e+09	4.8842e+09	5.51411e+09	4.99092e+09	4.90259e+09	4.8317e+09	4.91334e+09	5.44469e+09	5.5207e+09	5.49088e+09	5.44856e+09	5.1902e+09	5.76953e+09	5.10597e+09	5.73072e+09	6.34737e+09	6.22339e+09	5.7209e+09	5.85457e+09	6.08615e+09	5.80136e+09	4.38122e+09	5.78863e+09	4.27979e+09	4.19612e+09	6.16304e+09	6.11041e+09	6.12144e+09	5.99167e+09	6.03092e+09	6.11918e+09	5.57702e+09	6.34207e+09	6.91738e+09	6.98274e+09	6.63302e+09	6.41207e+09	6.37045e+09	5.29095e+09	5.7794e+09	6.23687e+09	5.32362e+09	5.21192e+09	5.25841e+09	5.76783e+09	5.73611e+09	5.82157e+09	5.76233e+09	5.1153e+09	6.11132e+09	6.40541e+09	5.83254e+09	6.34601e+09	5.77836e+09	5.84397e+09	5.8675e+09	5.66769e+09	5.48925e+09	5.88813e+09	5.5678e+09	5.58834e+09	5.54336e+09	5.34556e+09	5.94365e+09	5.95285e+09	5.96258e+09	5.38127e+09	5.95106e+09	4.54736e+09	3.97875e+09	3.45225e+09	3.84888e+09	4.16492e+09	4.52313e+09	5.14596e+09	5.49171e+09	5.29222e+09	4.9119e+09	5.25266e+09	5.34313e+09	4.77599e+09	4.66507e+09	5.10031e+09	5.06372e+09	5.08823e+09	4.67053e+09	4.77752e+09	4.66323e+09	4.4105e+09	4.36177e+09	4.42196e+09	4.88549e+09
ERR617027	4.78917e+09	6.0487e+09	5.20389e+09	6.39178e+09	5.13168e+09	5.27104e+09	5.98048e+09	5.38917e+09	5.28606e+09	5.2072e+09	5.29849e+09	5.90349e+09	5.98554e+09	5.95322e+09	5.90904e+09	5.6192e+09	6.26743e+09	5.52566e+09	6.17652e+09	6.90235e+09	6.76411e+09	6.16874e+09	6.08615e+09	6.83208e+09	6.30007e+09	4.71355e+09	6.28764e+09	4.60151e+09	4.51153e+09	6.71544e+09	6.64086e+09	6.65419e+09	6.50655e+09	6.55924e+09	6.65198e+09	6.04515e+09	6.90189e+09	7.55189e+09	7.63341e+09	7.23461e+09	6.98131e+09	6.93381e+09	5.72235e+09	6.27909e+09	6.79325e+09	5.77019e+09	5.6456e+09	5.69718e+09	6.27086e+09	6.23453e+09	6.32784e+09	6.26437e+09	5.52923e+09	6.6557e+09	6.97548e+09	6.31746e+09	6.90831e+09	6.25681e+09	6.3309e+09	6.36446e+09	6.14672e+09	5.94824e+09	6.40005e+09	6.03929e+09	6.06141e+09	6.01165e+09	5.78407e+09	6.46004e+09	6.47019e+09	6.48217e+09	5.83039e+09	6.46837e+09	4.90028e+09	4.3413e+09	3.75483e+09	4.19686e+09	4.4781e+09	4.8752e+09	5.56569e+09	5.95438e+09	5.73005e+09	5.30445e+09	5.68635e+09	5.78249e+09	5.18505e+09	5.06121e+09	5.54126e+09	5.50001e+09	5.52787e+09	5.066e+09	5.17253e+09	5.04027e+09	4.74664e+09	4.69559e+09	4.76286e+09	5.29091e+09
ERR613145	4.6223e+09	5.86759e+09	5.07146e+09	6.20867e+09	5.00285e+09	5.13512e+09	5.93266e+09	5.34866e+09	5.22533e+09	5.148e+09	5.24053e+09	5.85582e+09	5.79644e+09	5.7705e+09	5.73051e+09	5.44279e+09	6.08785e+09	5.35125e+09	5.87626e+09	6.62612e+09	6.48893e+09	5.87882e+09	5.80136e+09	6.30007e+09	6.76396e+09	4.8775e+09	6.52074e+09	4.7616e+09	4.67068e+09	6.975e+09	6.35074e+09	6.36426e+09	6.2233e+09	6.2954e+09	6.3629e+09	5.78764e+09	6.58125e+09	7.28029e+09	7.37993e+09	6.94675e+09	6.66547e+09	6.61297e+09	5.59956e+09	6.15374e+09	6.64467e+09	5.67811e+09	5.55622e+09	5.61017e+09	6.08193e+09	6.04918e+09	6.12524e+09	6.07563e+09	5.34207e+09	6.44565e+09	6.76535e+09	6.08829e+09	6.69682e+09	6.02924e+09	6.10492e+09	6.16311e+09	5.94324e+09	5.76029e+09	6.20033e+09	5.85198e+09	5.87032e+09	5.82687e+09	5.66012e+09	6.31227e+09	6.32544e+09	6.34272e+09	5.7142e+09	6.32745e+09	4.85652e+09	4.56851e+09	3.95186e+09	4.41798e+09	4.43406e+09	4.83739e+09	5.47586e+09	5.85955e+09	5.63786e+09	5.21885e+09	5.59855e+09	5.664e+09	5.30074e+09	5.17606e+09	5.6479e+09	5.60764e+09	5.63629e+09	5.18111e+09	5.26426e+09	5.11111e+09	4.80303e+09	4.75804e+09	4.82674e+09	5.38549e+09
ERR613147	3.5642e+09	4.41111e+09	3.87904e+09	4.63363e+09	3.83276e+09	3.92223e+09	4.44814e+09	4.06034e+09	3.97731e+09	3.92355e+09	3.98694e+09	4.3975e+09	4.36508e+09	4.35034e+09	4.32183e+09	4.12666e+09	4.55983e+09	4.06372e+09	4.42998e+09	4.9267e+09	4.83816e+09	4.43228e+09	4.38122e+09	4.71355e+09	4.8775e+09	3.94113e+09	4.86968e+09	3.70835e+09	3.64508e+09	5.16106e+09	4.73505e+09	4.74401e+09	4.65083e+09	4.69725e+09	4.74276e+09	4.36158e+09	4.88382e+09	5.33928e+09	5.4028e+09	5.12245e+09	4.93859e+09	4.90446e+09	4.226e+09	4.59178e+09	4.91354e+09	4.27814e+09	4.19627e+09	4.23223e+09	4.53765e+09	4.51639e+09	4.56595e+09	4.53295e+09	4.04386e+09	4.77653e+09	4.99126e+09	4.54699e+09	4.94654e+09	4.50716e+09	4.55763e+09	4.59642e+09	4.44933e+09	4.32816e+09	4.61827e+09	4.38917e+09	4.4006e+09	4.37211e+09	4.26647e+09	4.69714e+09	4.70592e+09	4.71746e+09	4.30275e+09	4.70712e+09	3.72232e+09	3.47825e+09	3.04696e+09	3.37363e+09	3.42169e+09	3.70943e+09	4.14151e+09	4.39586e+09	4.24969e+09	3.96843e+09	4.2239e+09	4.26698e+09	4.02039e+09	3.93575e+09	4.2558e+09	4.2286e+09	4.24828e+09	3.93956e+09	3.98735e+09	3.87904e+09	3.66304e+09	3.63091e+09	3.67859e+09	4.06944e+09
ERR613144	4.61363e+09	5.85647e+09	5.06262e+09	6.19613e+09	4.994e+09	5.12586e+09	5.92201e+09	5.33924e+09	5.2167e+09	5.13935e+09	5.23186e+09	5.84576e+09	5.78396e+09	5.75709e+09	5.71759e+09	5.43079e+09	6.07473e+09	5.33967e+09	5.86337e+09	6.61279e+09	6.47595e+09	5.86545e+09	5.78863e+09	6.28764e+09	6.52074e+09	4.86968e+09	6.74127e+09	4.75388e+09	4.66325e+09	6.96309e+09	6.33598e+09	6.34967e+09	6.20832e+09	6.28123e+09	6.34791e+09	5.77399e+09	6.56608e+09	7.26395e+09	7.36402e+09	6.93069e+09	6.65001e+09	6.59804e+09	5.58789e+09	6.1404e+09	6.63055e+09	5.6669e+09	5.54564e+09	5.59928e+09	6.06845e+09	6.036e+09	6.11113e+09	6.06169e+09	5.32997e+09	6.43134e+09	6.751e+09	6.07484e+09	6.6828e+09	6.01606e+09	6.09138e+09	6.14983e+09	5.92994e+09	5.74715e+09	6.18715e+09	5.83898e+09	5.85795e+09	5.81411e+09	5.64882e+09	6.29927e+09	6.31265e+09	6.32952e+09	5.70302e+09	6.31455e+09	4.84829e+09	4.56161e+09	3.94607e+09	4.4115e+09	4.42632e+09	4.82897e+09	5.46559e+09	5.84764e+09	5.62719e+09	5.20932e+09	5.58837e+09	5.65355e+09	5.29326e+09	5.16889e+09	5.63945e+09	5.59925e+09	5.62789e+09	5.17383e+09	5.25769e+09	5.10438e+09	4.79546e+09	4.75069e+09	4.81925e+09	5.3781e+09
ERR613148	3.48722e+09	4.30651e+09	3.79171e+09	4.52124e+09	3.74636e+09	3.83321e+09	4.34451e+09	3.96918e+09	3.88937e+09	3.83773e+09	3.89881e+09	4.29578e+09	4.2625e+09	4.248e+09	4.22001e+09	4.03172e+09	4.45046e+09	3.97048e+09	4.3273e+09	4.80705e+09	4.7213e+09	4.32862e+09	4.27979e+09	4.60151e+09	4.7616e+09	3.70835e+09	4.75388e+09	3.77812e+09	3.56863e+09	5.03508e+09	4.6194e+09	4.62752e+09	4.5377e+09	4.58175e+09	4.62673e+09	4.25738e+09	4.76311e+09	5.20429e+09	5.26492e+09	4.99378e+09	4.81627e+09	4.78313e+09	4.12855e+09	4.4821e+09	4.79311e+09	4.17818e+09	4.09922e+09	4.13411e+09	4.42797e+09	4.4078e+09	4.45566e+09	4.42371e+09	3.95125e+09	4.65989e+09	4.87001e+09	4.44026e+09	4.82618e+09	4.40229e+09	4.45099e+09	4.48754e+09	4.34401e+09	4.22648e+09	4.50719e+09	4.28513e+09	4.29633e+09	4.26886e+09	4.16884e+09	4.58494e+09	4.59353e+09	4.60427e+09	4.20341e+09	4.59481e+09	3.64219e+09	3.3942e+09	2.97649e+09	3.29267e+09	3.34988e+09	3.62895e+09	4.04733e+09	4.2937e+09	4.15189e+09	3.88031e+09	4.12691e+09	4.16898e+09	3.92676e+09	3.84458e+09	4.15482e+09	4.12854e+09	4.14767e+09	3.84856e+09	3.89822e+09	3.79293e+09	3.58344e+09	3.5524e+09	3.59867e+09	3.97749e+09
ERR613146	3.42369e+09	4.22438e+09	3.72296e+09	4.43502e+09	3.67909e+09	3.76335e+09	4.26213e+09	3.89531e+09	3.81608e+09	3.76527e+09	3.82493e+09	4.21444e+09	4.18135e+09	4.16789e+09	4.14107e+09	3.95693e+09	4.36494e+09	3.89728e+09	4.24224e+09	4.71327e+09	4.62961e+09	4.24407e+09	4.19612e+09	4.51153e+09	4.67068e+09	3.64508e+09	4.66325e+09	3.56863e+09	3.65473e+09	4.93853e+09	4.52998e+09	4.53845e+09	4.45064e+09	4.49484e+09	4.53781e+09	4.17793e+09	4.66996e+09	5.10002e+09	5.16031e+09	4.89604e+09	4.72157e+09	4.68909e+09	4.04978e+09	4.39623e+09	4.69933e+09	4.10004e+09	4.02304e+09	4.05738e+09	4.34403e+09	4.32402e+09	4.37033e+09	4.33958e+09	3.87631e+09	4.56936e+09	4.77208e+09	4.35128e+09	4.72951e+09	4.31373e+09	4.36084e+09	4.39812e+09	4.25953e+09	4.14573e+09	4.41959e+09	4.2034e+09	4.21401e+09	4.187e+09	4.0889e+09	4.49573e+09	4.5039e+09	4.51494e+09	4.12371e+09	4.50506e+09	3.57549e+09	3.34493e+09	2.93601e+09	3.24563e+09	3.28941e+09	3.56323e+09	3.97105e+09	4.21206e+09	4.07381e+09	3.80861e+09	4.04973e+09	4.08873e+09	3.86035e+09	3.78036e+09	4.08248e+09	4.05689e+09	4.07547e+09	3.78395e+09	3.8272e+09	3.72279e+09	3.5167e+09	3.48659e+09	3.53185e+09	3.90483e+09
ERR613143	4.89171e+09	6.25261e+09	5.3831e+09	6.63121e+09	5.30799e+09	5.45208e+09	6.32954e+09	5.68448e+09	5.54823e+09	5.46441e+09	5.56498e+09	6.24548e+09	6.1707e+09	6.14177e+09	6.10058e+09	5.78579e+09	6.49177e+09	5.68679e+09	6.24477e+09	7.07983e+09	6.92826e+09	6.24746e+09	6.16304e+09	6.71544e+09	6.975e+09	5.16106e+09	6.96309e+09	5.03508e+09	4.93853e+09	7.73453e+09	6.77778e+09	6.79339e+09	6.63692e+09	6.7211e+09	6.7915e+09	6.16076e+09	7.03316e+09	7.81076e+09	7.92802e+09	7.44139e+09	7.12637e+09	7.06809e+09	5.95609e+09	6.56985e+09	7.11437e+09	6.04938e+09	5.91562e+09	5.97519e+09	6.4954e+09	6.4594e+09	6.54081e+09	6.48804e+09	5.67661e+09	6.89549e+09	7.24229e+09	6.48814e+09	7.16599e+09	6.42473e+09	6.50742e+09	6.57375e+09	6.33425e+09	6.13388e+09	6.62027e+09	6.23669e+09	6.25687e+09	6.20908e+09	6.02433e+09	6.74433e+09	6.75893e+09	6.77842e+09	6.08636e+09	6.76163e+09	5.14988e+09	4.90081e+09	4.22346e+09	4.7361e+09	4.69323e+09	5.13023e+09	5.82549e+09	6.24746e+09	6.00335e+09	5.544e+09	5.96092e+09	6.02878e+09	5.66282e+09	5.52518e+09	6.04155e+09	5.99743e+09	6.02952e+09	5.53038e+09	5.60982e+09	5.43945e+09	5.09935e+09	5.05225e+09	5.12673e+09	5.74094e+09
ERR637092	4.87525e+09	6.17548e+09	5.30343e+09	6.53483e+09	5.22933e+09	5.37248e+09	6.14959e+09	5.53506e+09	5.42721e+09	5.3453e+09	5.44003e+09	6.06911e+09	6.29091e+09	6.25363e+09	6.2123e+09	5.90939e+09	6.57838e+09	5.81175e+09	6.19953e+09	6.94968e+09	6.80925e+09	6.19618e+09	6.11041e+09	6.64086e+09	6.35074e+09	4.73505e+09	6.33598e+09	4.6194e+09	4.52998e+09	6.77778e+09	7.23724e+09	7.05027e+09	6.88968e+09	6.94624e+09	7.04776e+09	6.39739e+09	7.22392e+09	7.83912e+09	7.92398e+09	7.54485e+09	7.30022e+09	7.25348e+09	5.94938e+09	6.53797e+09	7.08253e+09	6.00361e+09	5.87366e+09	5.92574e+09	6.6021e+09	6.56508e+09	6.66647e+09	6.59796e+09	5.81186e+09	7.00816e+09	7.27179e+09	6.58248e+09	7.20071e+09	6.5186e+09	6.59524e+09	6.6305e+09	6.45379e+09	6.24249e+09	6.72219e+09	6.34265e+09	6.36399e+09	6.31197e+09	6.00067e+09	6.7131e+09	6.7235e+09	6.73571e+09	6.05016e+09	6.72164e+09	5.03048e+09	4.44946e+09	3.85229e+09	4.30246e+09	4.59498e+09	5.00457e+09	5.74605e+09	6.15111e+09	5.91813e+09	5.47657e+09	5.87494e+09	5.97144e+09	5.29937e+09	5.17221e+09	5.65978e+09	5.61759e+09	5.64856e+09	5.17525e+09	5.21192e+09	5.0733e+09	4.77047e+09	4.72159e+09	4.78923e+09	5.32964e+09
ERR637091	4.88349e+09	6.18824e+09	5.31356e+09	6.54855e+09	5.2397e+09	5.38308e+09	6.16166e+09	5.54542e+09	5.43705e+09	5.35447e+09	5.44969e+09	6.08151e+09	6.30025e+09	6.2626e+09	6.22083e+09	5.91769e+09	6.58793e+09	5.8194e+09	6.21078e+09	6.96462e+09	6.82365e+09	6.20747e+09	6.12144e+09	6.65419e+09	6.36426e+09	4.74401e+09	6.34967e+09	4.62752e+09	4.53845e+09	6.79339e+09	7.05027e+09	7.26568e+09	6.90241e+09	6.96038e+09	7.06203e+09	6.40857e+09	7.23836e+09	7.85637e+09	7.94276e+09	7.56139e+09	7.31562e+09	7.2682e+09	5.95989e+09	6.55085e+09	7.09736e+09	6.01442e+09	5.88445e+09	5.93709e+09	6.61453e+09	6.57702e+09	6.67835e+09	6.61048e+09	5.82123e+09	7.02208e+09	7.28667e+09	6.59384e+09	7.21562e+09	6.52999e+09	6.60679e+09	6.64246e+09	6.46487e+09	6.25278e+09	6.73458e+09	6.3535e+09	6.37519e+09	6.32244e+09	6.01151e+09	6.72698e+09	6.73742e+09	6.74992e+09	6.06145e+09	6.73544e+09	5.03901e+09	4.46387e+09	3.86354e+09	4.31621e+09	4.60246e+09	5.01298e+09	5.75637e+09	6.16284e+09	5.92873e+09	5.48641e+09	5.88585e+09	5.98246e+09	5.31361e+09	5.18575e+09	5.67594e+09	5.63286e+09	5.66455e+09	5.18876e+09	5.22309e+09	5.08326e+09	4.77908e+09	4.73052e+09	4.79762e+09	5.34099e+09
ERR637089	4.78422e+09	6.05187e+09	5.20457e+09	6.40098e+09	5.13233e+09	5.2713e+09	6.0313e+09	5.43325e+09	5.32659e+09	5.24669e+09	5.33917e+09	5.95253e+09	6.16478e+09	6.12843e+09	6.08787e+09	5.79388e+09	6.44332e+09	5.69838e+09	6.07802e+09	6.80732e+09	6.66952e+09	6.0749e+09	5.99167e+09	6.50655e+09	6.2233e+09	4.65083e+09	6.20832e+09	4.5377e+09	4.45064e+09	6.63692e+09	6.88968e+09	6.90241e+09	6.94656e+09	6.80685e+09	6.90037e+09	6.27526e+09	7.06924e+09	7.66398e+09	7.74678e+09	7.37997e+09	7.14289e+09	7.09753e+09	5.83726e+09	6.40929e+09	6.93824e+09	5.88973e+09	5.76321e+09	5.814e+09	6.47374e+09	6.43787e+09	6.53547e+09	6.4699e+09	5.70576e+09	6.86617e+09	7.12134e+09	6.4514e+09	7.05181e+09	6.38929e+09	6.46422e+09	6.49977e+09	6.32871e+09	6.1241e+09	6.58968e+09	6.22026e+09	6.24144e+09	6.19112e+09	5.88776e+09	6.58055e+09	6.59064e+09	6.60244e+09	5.93562e+09	6.58934e+09	4.93733e+09	4.3781e+09	3.79362e+09	4.23435e+09	4.51143e+09	4.91271e+09	5.63762e+09	6.03297e+09	5.80548e+09	5.37472e+09	5.76321e+09	5.85738e+09	5.20771e+09	5.0834e+09	5.55931e+09	5.51727e+09	5.54822e+09	5.08634e+09	5.11298e+09	4.97803e+09	4.68278e+09	4.63518e+09	4.70065e+09	5.22824e+09
