	ERR636707	ERR636704	ERR636705	ERR636706	ERR636703	ERR636708	ERR630397	ERR630396	ERR630394	ERR630393	ERR630395	ERR630392	ERR608119	ERR608117	ERR608118	ERR608121	ERR608122	ERR608120	ERR613447	ERR613446	ERR613443	ERR613448	ERR613445	ERR613444	ERR608582	ERR608584	ERR608580	ERR608583	ERR608579	ERR608581	ERR614481	ERR614478	ERR614477	ERR614479	ERR614480	ERR614482	ERR635348	ERR635350	ERR635349	ERR635351	ERR635346	ERR635347	ERR637065	ERR637067	ERR637068	ERR637066	ERR637063	ERR637064	ERR613811	ERR613807	ERR613808	ERR613810	ERR613809	ERR613806	ERR614936	ERR614933	ERR614931	ERR614932	ERR614934	ERR614935	ERR618729	ERR618733	ERR618731	ERR618734	ERR618730	ERR618732	ERR616153	ERR616148	ERR616152	ERR616150	ERR616151	ERR616149	ERR617415	ERR617416	ERR617418	ERR617420	ERR617417	ERR617419	ERR618173	ERR618174	ERR618172	ERR618170	ERR618171	ERR618169	ERR617217	ERR617218	ERR617215	ERR617219	ERR617216	ERR617220	ERR612762	ERR612759	ERR612760	ERR612763	ERR612761	ERR612764
ERR636707	2.7196e+08	1.78639e+08	1.66569e+08	1.70382e+08	1.58603e+08	1.69357e+08	1.30751e+08	1.20659e+08	1.62385e+08	1.51297e+08	1.24807e+08	1.65774e+08	1.49691e+08	1.33094e+08	1.4816e+08	1.18677e+08	1.20034e+08	1.15824e+08	1.26974e+08	1.22882e+08	1.60411e+08	9.8453e+07	1.44719e+08	1.30438e+08	1.94678e+08	1.95423e+08	1.84515e+08	1.93414e+08	1.27672e+08	1.9738e+08	1.08954e+08	1.36926e+08	1.00576e+08	1.49385e+08	1.09835e+08	1.0651e+08	1.58545e+08	1.89955e+08	1.89667e+08	1.90856e+08	1.85678e+08	1.59069e+08	1.26154e+08	1.22374e+08	1.24049e+08	1.21489e+08	1.14191e+08	1.25392e+08	1.23802e+08	1.52044e+08	1.39028e+08	1.23131e+08	1.25446e+08	1.35748e+08	2.01608e+08	1.5599e+08	1.57064e+08	1.62298e+08	2.01989e+08	2.0005e+08	2.13183e+08	2.0988e+08	2.02285e+08	2.1472e+08	2.00171e+08	2.08032e+08	1.96718e+08	1.50989e+08	1.91789e+08	1.44236e+08	1.90988e+08	1.66269e+08	1.77269e+08	1.81376e+08	2.05342e+08	1.92836e+08	1.8184e+08	2.08628e+08	1.57657e+08	1.52153e+08	1.65939e+08	1.62124e+08	1.73593e+08	1.63445e+08	2.14741e+08	1.74454e+08	1.99984e+08	1.82242e+08	2.14639e+08	1.69003e+08	1.67722e+08	2.00427e+08	1.30864e+08	1.69906e+08	1.81356e+08	1.65222e+08
ERR636704	1.78639e+08	2.93768e+08	1.75046e+08	1.77534e+08	1.66703e+08	1.76515e+08	1.37106e+08	1.26427e+08	1.70491e+08	1.58795e+08	1.30944e+08	1.73889e+08	1.57217e+08	1.39612e+08	1.55609e+08	1.24625e+08	1.26086e+08	1.21552e+08	1.32843e+08	1.28507e+08	1.68068e+08	1.02952e+08	1.51503e+08	1.36551e+08	2.04226e+08	2.04938e+08	1.93511e+08	2.02857e+08	1.33728e+08	2.07119e+08	1.14287e+08	1.43776e+08	1.05585e+08	1.56868e+08	1.15223e+08	1.11751e+08	1.6618e+08	1.99344e+08	1.99007e+08	2.00099e+08	1.94817e+08	1.66753e+08	1.32529e+08	1.28579e+08	1.30308e+08	1.27625e+08	1.19938e+08	1.31617e+08	1.29809e+08	1.59665e+08	1.45767e+08	1.29085e+08	1.31508e+08	1.42419e+08	2.11439e+08	1.63567e+08	1.64673e+08	1.70171e+08	2.11796e+08	2.09604e+08	2.23245e+08	2.1966e+08	2.11719e+08	2.24794e+08	2.09388e+08	2.17751e+08	2.06382e+08	1.58315e+08	2.01223e+08	1.51274e+08	2.00257e+08	1.74376e+08	1.85621e+08	1.89853e+08	2.1506e+08	2.02025e+08	1.90436e+08	2.18769e+08	1.65299e+08	1.5957e+08	1.74066e+08	1.70127e+08	1.82119e+08	1.71482e+08	2.25414e+08	1.82988e+08	2.09677e+08	1.91194e+08	2.25139e+08	1.77119e+08	1.75342e+08	2.09863e+08	1.36742e+08	1.77763e+08	1.89655e+08	1.72808e+08
ERR636705	1.66569e+08	1.75046e+08	2.61821e+08	1.65512e+08	1.55603e+08	1.64535e+08	1.28056e+08	1.18056e+08	1.59007e+08	1.48312e+08	1.22152e+08	1.6222e+08	1.45836e+08	1.29414e+08	1.44166e+08	1.15433e+08	1.16728e+08	1.12687e+08	1.23699e+08	1.19594e+08	1.56237e+08	9.60715e+07	1.41058e+08	1.27207e+08	1.90274e+08	1.90929e+08	1.80379e+08	1.89017e+08	1.251e+08	1.92815e+08	1.06188e+08	1.33629e+08	9.8397e+07	1.45606e+08	1.07073e+08	1.03826e+08	1.55227e+08	1.85987e+08	1.85656e+08	1.86708e+08	1.81746e+08	1.55886e+08	1.23131e+08	1.1933e+08	1.20904e+08	1.18594e+08	1.11456e+08	1.22116e+08	1.21053e+08	1.48832e+08	1.36057e+08	1.20407e+08	1.2277e+08	1.32871e+08	1.97282e+08	1.52772e+08	1.53883e+08	1.59038e+08	1.97613e+08	1.95649e+08	2.08031e+08	2.04731e+08	1.97417e+08	2.09453e+08	1.95338e+08	2.03023e+08	1.91724e+08	1.46996e+08	1.86916e+08	1.40423e+08	1.86102e+08	1.61856e+08	1.73139e+08	1.76998e+08	2.00245e+08	1.88276e+08	1.77469e+08	2.03659e+08	1.53953e+08	1.48645e+08	1.62026e+08	1.58304e+08	1.69432e+08	1.59703e+08	2.09683e+08	1.70389e+08	1.95407e+08	1.77963e+08	2.09623e+08	1.65554e+08	1.6381e+08	1.95873e+08	1.27855e+08	1.65872e+08	1.77292e+08	1.61472e+08
ERR636706	1.70382e+08	1.77534e+08	1.65512e+08	2.69588e+08	1.57644e+08	1.68256e+08	1.30242e+08	1.20151e+08	1.61762e+08	1.50717e+08	1.24384e+08	1.65212e+08	1.49123e+08	1.3247e+08	1.47614e+08	1.18231e+08	1.1956e+08	1.15316e+08	1.26442e+08	1.22267e+08	1.5969e+08	9.79847e+07	1.44034e+08	1.29859e+08	1.93761e+08	1.94525e+08	1.83661e+08	1.92501e+08	1.2707e+08	1.96586e+08	1.08447e+08	1.36351e+08	1.00115e+08	1.48775e+08	1.09218e+08	1.0601e+08	1.57783e+08	1.89173e+08	1.88853e+08	1.9001e+08	1.84805e+08	1.58313e+08	1.25676e+08	1.21928e+08	1.23465e+08	1.21045e+08	1.13702e+08	1.24843e+08	1.23464e+08	1.51392e+08	1.38313e+08	1.22621e+08	1.24863e+08	1.35223e+08	2.00602e+08	1.55207e+08	1.56314e+08	1.61625e+08	2.01015e+08	1.99022e+08	2.12009e+08	2.08852e+08	2.01254e+08	2.13669e+08	1.991e+08	2.07092e+08	1.95848e+08	1.50124e+08	1.90843e+08	1.43528e+08	1.90016e+08	1.65439e+08	1.76304e+08	1.80412e+08	2.04216e+08	1.9181e+08	1.80902e+08	2.07734e+08	1.56867e+08	1.51616e+08	1.65274e+08	1.61634e+08	1.73028e+08	1.62788e+08	2.1391e+08	1.73698e+08	1.99125e+08	1.81492e+08	2.1368e+08	1.6821e+08	1.66734e+08	1.99523e+08	1.30148e+08	1.68923e+08	1.80334e+08	1.64291e+08
ERR636703	1.58603e+08	1.66703e+08	1.55603e+08	1.57644e+08	2.41658e+08	1.5662e+08	1.21671e+08	1.12156e+08	1.5115e+08	1.40968e+08	1.16092e+08	1.5433e+08	1.38805e+08	1.233e+08	1.37271e+08	1.09918e+08	1.11131e+08	1.07286e+08	1.17404e+08	1.1346e+08	1.48309e+08	9.10448e+07	1.33858e+08	1.20711e+08	1.80809e+08	1.81508e+08	1.7143e+08	1.79648e+08	1.19019e+08	1.83287e+08	1.01042e+08	1.27023e+08	9.36048e+07	1.3849e+08	1.01843e+08	9.88102e+07	1.47449e+08	1.76557e+08	1.76256e+08	1.77293e+08	1.72715e+08	1.47952e+08	1.17237e+08	1.13535e+08	1.1513e+08	1.12764e+08	1.06117e+08	1.16267e+08	1.15216e+08	1.41488e+08	1.29345e+08	1.14533e+08	1.16675e+08	1.26462e+08	1.87248e+08	1.44989e+08	1.46175e+08	1.51018e+08	1.87613e+08	1.85748e+08	1.97421e+08	1.94361e+08	1.87358e+08	1.98845e+08	1.85454e+08	1.92766e+08	1.82326e+08	1.39904e+08	1.7789e+08	1.3365e+08	1.76951e+08	1.5401e+08	1.64474e+08	1.68269e+08	1.90095e+08	1.78974e+08	1.68656e+08	1.93556e+08	1.46351e+08	1.41348e+08	1.53978e+08	1.50567e+08	1.61126e+08	1.51932e+08	1.99291e+08	1.61937e+08	1.85703e+08	1.69108e+08	1.99241e+08	1.57285e+08	1.55618e+08	1.8617e+08	1.21367e+08	1.57683e+08	1.68462e+08	1.53383e+08
ERR636708	1.69357e+08	1.76515e+08	1.64535e+08	1.68256e+08	1.5662e+08	2.6642e+08	1.29065e+08	1.1902e+08	1.60448e+08	1.49394e+08	1.23265e+08	1.63731e+08	1.47443e+08	1.31064e+08	1.46076e+08	1.16944e+08	1.18268e+08	1.14072e+08	1.25066e+08	1.20858e+08	1.57929e+08	9.69037e+07	1.4239e+08	1.28451e+08	1.92225e+08	1.93e+08	1.82238e+08	1.91044e+08	1.26044e+08	1.95034e+08	1.07233e+08	1.34837e+08	9.90708e+07	1.47125e+08	1.08154e+08	1.04939e+08	1.56617e+08	1.8765e+08	1.8743e+08	1.88446e+08	1.83478e+08	1.57099e+08	1.24343e+08	1.20555e+08	1.22163e+08	1.19626e+08	1.12517e+08	1.23402e+08	1.22311e+08	1.50237e+08	1.37179e+08	1.21602e+08	1.23995e+08	1.34128e+08	1.99035e+08	1.54107e+08	1.55188e+08	1.60488e+08	1.99525e+08	1.97501e+08	2.10368e+08	2.07078e+08	1.99528e+08	2.11868e+08	1.97387e+08	2.05373e+08	1.94231e+08	1.48941e+08	1.89315e+08	1.42512e+08	1.88402e+08	1.64163e+08	1.74886e+08	1.78986e+08	2.02496e+08	1.90289e+08	1.79368e+08	2.05982e+08	1.55605e+08	1.50252e+08	1.6385e+08	1.60092e+08	1.71428e+08	1.61398e+08	2.12149e+08	1.72374e+08	1.97482e+08	1.80032e+08	2.12038e+08	1.66859e+08	1.65284e+08	1.97658e+08	1.28903e+08	1.6754e+08	1.78594e+08	1.62919e+08
ERR630397	1.30751e+08	1.37106e+08	1.28056e+08	1.30242e+08	1.21671e+08	1.29065e+08	2.71341e+08	1.58803e+08	2.11148e+08	1.97588e+08	1.64098e+08	2.15611e+08	1.40125e+08	1.24254e+08	1.38262e+08	1.10336e+08	1.1153e+08	1.07959e+08	1.21111e+08	1.16957e+08	1.5389e+08	9.38345e+07	1.38854e+08	1.24969e+08	2.08834e+08	2.09709e+08	1.98134e+08	2.07612e+08	1.3847e+08	2.1129e+08	1.01698e+08	1.28674e+08	9.4597e+07	1.40182e+08	1.02508e+08	9.95193e+07	1.69195e+08	2.03504e+08	2.03045e+08	2.03991e+08	1.98774e+08	1.70427e+08	1.20961e+08	1.17172e+08	1.18715e+08	1.16391e+08	1.0938e+08	1.19841e+08	1.32624e+08	1.62874e+08	1.48833e+08	1.32078e+08	1.34463e+08	1.45426e+08	2.19701e+08	1.70357e+08	1.71655e+08	1.77321e+08	2.20099e+08	2.18064e+08	2.33472e+08	2.29554e+08	2.21211e+08	2.34809e+08	2.1927e+08	2.27603e+08	2.03321e+08	1.56815e+08	1.98412e+08	1.50002e+08	1.97453e+08	1.72386e+08	1.88068e+08	1.91927e+08	2.16805e+08	2.0431e+08	1.92427e+08	2.20418e+08	1.74188e+08	1.68129e+08	1.82867e+08	1.78987e+08	1.91389e+08	1.80892e+08	2.32163e+08	1.88241e+08	2.16524e+08	1.96915e+08	2.31782e+08	1.83777e+08	1.6741e+08	2.00094e+08	1.30816e+08	1.69519e+08	1.81267e+08	1.64967e+08
ERR630396	1.20659e+08	1.26427e+08	1.18056e+08	1.20151e+08	1.12156e+08	1.1902e+08	1.58803e+08	2.38465e+08	1.9509e+08	1.82552e+08	1.51853e+08	1.99321e+08	1.28792e+08	1.14372e+08	1.2722e+08	1.01483e+08	1.02672e+08	9.93323e+07	1.11291e+08	1.07593e+08	1.4133e+08	8.62359e+07	1.27545e+08	1.14725e+08	1.92419e+08	1.93359e+08	1.82667e+08	1.91366e+08	1.27719e+08	1.94864e+08	9.34638e+07	1.18187e+08	8.68751e+07	1.2879e+08	9.42636e+07	9.13587e+07	1.56035e+08	1.87374e+08	1.87086e+08	1.88013e+08	1.83205e+08	1.57009e+08	1.11135e+08	1.07659e+08	1.09053e+08	1.06859e+08	1.00445e+08	1.10117e+08	1.22649e+08	1.50454e+08	1.37476e+08	1.22123e+08	1.24307e+08	1.3432e+08	2.02465e+08	1.57152e+08	1.58256e+08	1.63506e+08	2.0289e+08	2.0091e+08	2.15146e+08	2.11642e+08	2.03892e+08	2.16366e+08	2.02082e+08	2.0981e+08	1.88032e+08	1.45387e+08	1.83619e+08	1.39086e+08	1.82672e+08	1.59564e+08	1.73298e+08	1.77037e+08	1.99921e+08	1.88443e+08	1.77483e+08	2.0324e+08	1.60645e+08	1.55217e+08	1.68736e+08	1.65148e+08	1.76532e+08	1.66867e+08	2.13918e+08	1.73693e+08	1.9941e+08	1.81502e+08	2.13548e+08	1.69259e+08	1.5452e+08	1.84569e+08	1.20744e+08	1.56286e+08	1.67185e+08	1.52107e+08
ERR630394	1.62385e+08	1.70491e+08	1.59007e+08	1.61762e+08	1.5115e+08	1.60448e+08	2.11148e+08	1.9509e+08	3.88854e+08	2.4445e+08	2.0165e+08	2.67339e+08	1.7528e+08	1.55303e+08	1.7288e+08	1.37985e+08	1.39444e+08	1.34873e+08	1.51414e+08	1.46289e+08	1.92536e+08	1.17297e+08	1.73704e+08	1.56261e+08	2.59372e+08	2.60623e+08	2.46049e+08	2.57884e+08	1.71268e+08	2.62755e+08	1.27425e+08	1.6126e+08	1.18532e+08	1.75683e+08	1.28541e+08	1.24506e+08	2.1018e+08	2.52812e+08	2.52241e+08	2.53619e+08	2.47153e+08	2.1152e+08	1.5147e+08	1.46675e+08	1.48677e+08	1.45804e+08	1.36937e+08	1.5018e+08	1.64257e+08	2.01832e+08	1.84354e+08	1.63521e+08	1.66462e+08	1.80208e+08	2.73143e+08	2.11574e+08	2.13037e+08	2.20015e+08	2.73507e+08	2.71049e+08	2.90314e+08	2.85287e+08	2.75024e+08	2.91856e+08	2.7251e+08	2.82971e+08	2.51554e+08	1.9364e+08	2.4541e+08	1.8514e+08	2.44323e+08	2.13002e+08	2.33172e+08	2.38122e+08	2.69093e+08	2.53593e+08	2.38693e+08	2.73607e+08	2.16196e+08	2.08714e+08	2.27115e+08	2.22224e+08	2.37595e+08	2.24633e+08	2.88578e+08	2.33859e+08	2.68962e+08	2.44595e+08	2.8819e+08	2.28024e+08	2.07867e+08	2.48693e+08	1.62015e+08	2.10274e+08	2.25041e+08	2.04596e+08
ERR630393	1.51297e+08	1.58795e+08	1.48312e+08	1.50717e+08	1.40968e+08	1.49394e+08	1.97588e+08	1.82552e+08	2.4445e+08	3.45972e+08	1.88655e+08	2.49768e+08	1.63199e+08	1.4471e+08	1.60762e+08	1.28103e+08	1.29528e+08	1.25431e+08	1.40729e+08	1.36041e+08	1.7909e+08	1.09447e+08	1.61898e+08	1.45457e+08	2.41966e+08	2.43138e+08	2.29691e+08	2.40804e+08	1.60712e+08	2.44847e+08	1.18793e+08	1.50347e+08	1.10947e+08	1.63712e+08	1.1983e+08	1.16159e+08	1.96258e+08	2.35795e+08	2.35488e+08	2.36573e+08	2.30571e+08	1.97743e+08	1.41507e+08	1.3684e+08	1.3855e+08	1.358e+08	1.27774e+08	1.39824e+08	1.53361e+08	1.88395e+08	1.72224e+08	1.52719e+08	1.55327e+08	1.683e+08	2.54716e+08	1.97485e+08	1.99089e+08	2.05544e+08	2.5522e+08	2.52857e+08	2.70701e+08	2.6602e+08	2.56428e+08	2.71927e+08	2.5439e+08	2.63848e+08	2.33929e+08	1.79928e+08	2.28219e+08	1.71907e+08	2.27063e+08	1.97757e+08	2.17847e+08	2.22039e+08	2.50859e+08	2.36787e+08	2.22577e+08	2.5507e+08	2.01847e+08	1.94957e+08	2.11888e+08	2.07413e+08	2.21828e+08	2.09849e+08	2.68868e+08	2.17896e+08	2.50986e+08	2.27954e+08	2.68448e+08	2.13399e+08	1.93959e+08	2.31824e+08	1.51351e+08	1.96314e+08	2.10017e+08	1.90885e+08
ERR630395	1.24807e+08	1.30944e+08	1.22152e+08	1.24384e+08	1.16092e+08	1.23265e+08	1.64098e+08	1.51853e+08	2.0165e+08	1.88655e+08	2.51739e+08	2.05945e+08	1.33606e+08	1.18504e+08	1.31907e+08	1.05284e+08	1.06447e+08	1.03024e+08	1.1543e+08	1.11468e+08	1.46447e+08	8.9344e+07	1.32145e+08	1.18922e+08	1.99453e+08	2.00224e+08	1.89182e+08	1.98236e+08	1.32126e+08	2.01906e+08	9.6906e+07	1.22379e+08	9.00221e+07	1.33551e+08	9.76726e+07	9.46975e+07	1.61433e+08	1.94006e+08	1.93647e+08	1.9462e+08	1.89607e+08	1.6254e+08	1.15291e+08	1.11529e+08	1.13032e+08	1.10863e+08	1.04152e+08	1.14171e+08	1.26881e+08	1.55739e+08	1.4224e+08	1.26399e+08	1.28606e+08	1.38964e+08	2.09581e+08	1.62566e+08	1.63718e+08	1.69076e+08	2.09926e+08	2.07929e+08	2.22673e+08	2.18973e+08	2.11044e+08	2.23979e+08	2.09112e+08	2.17212e+08	1.94689e+08	1.5041e+08	1.89916e+08	1.43888e+08	1.89084e+08	1.65179e+08	1.79441e+08	1.83249e+08	2.06904e+08	1.95095e+08	1.83738e+08	2.10494e+08	1.66528e+08	1.60904e+08	1.74894e+08	1.71186e+08	1.83053e+08	1.72919e+08	2.21791e+08	1.79927e+08	2.06782e+08	1.88172e+08	2.21346e+08	1.75302e+08	1.59646e+08	1.90884e+08	1.24759e+08	1.61803e+08	1.72896e+08	1.57326e+08
ERR630392	1.65774e+08	1.73889e+08	1.6222e+08	1.65212e+08	1.5433e+08	1.63731e+08	2.15611e+08	1.99321e+08	2.67339e+08	2.49768e+08	2.05945e+08	4.0268e+08	1.7928e+08	1.58984e+08	1.76813e+08	1.40997e+08	1.42522e+08	1.37955e+08	1.54811e+08	1.49642e+08	1.96859e+08	1.20102e+08	1.77701e+08	1.59834e+08	2.64955e+08	2.66249e+08	2.51321e+08	2.63391e+08	1.75032e+08	2.68203e+08	1.30454e+08	1.65019e+08	1.21585e+08	1.79715e+08	1.31565e+08	1.27486e+08	2.14658e+08	2.58069e+08	2.57642e+08	2.58976e+08	2.52334e+08	2.15948e+08	1.55171e+08	1.50139e+08	1.52133e+08	1.49198e+08	1.4025e+08	1.53609e+08	1.67519e+08	2.05921e+08	1.88143e+08	1.66911e+08	1.69781e+08	1.83719e+08	2.78893e+08	2.1596e+08	2.17632e+08	2.24794e+08	2.79346e+08	2.76798e+08	2.9675e+08	2.91388e+08	2.81073e+08	2.9817e+08	2.78525e+08	2.88996e+08	2.56606e+08	1.97401e+08	2.50338e+08	1.88727e+08	2.49146e+08	2.17176e+08	2.38483e+08	2.43367e+08	2.75097e+08	2.59334e+08	2.44119e+08	2.7973e+08	2.20787e+08	2.1315e+08	2.3194e+08	2.2699e+08	2.42848e+08	2.29542e+08	2.94754e+08	2.38837e+08	2.74786e+08	2.49819e+08	2.94264e+08	2.32912e+08	2.12023e+08	2.5367e+08	1.65357e+08	2.14614e+08	2.29754e+08	2.08707e+08
ERR608119	1.49691e+08	1.57217e+08	1.45836e+08	1.49123e+08	1.38805e+08	1.47443e+08	1.40125e+08	1.28792e+08	1.7528e+08	1.63199e+08	1.33606e+08	1.7928e+08	4.87225e+08	3.13122e+08	3.44074e+08	2.80369e+08	2.83163e+08	2.74208e+08	2.46836e+08	2.39447e+08	3.09537e+08	1.93779e+08	2.81134e+08	2.54969e+08	2.28105e+08	2.2953e+08	2.16398e+08	2.27098e+08	1.48992e+08	2.32077e+08	2.23377e+08	2.77501e+08	2.09451e+08	3.00864e+08	2.25173e+08	2.1866e+08	1.67362e+08	2.02744e+08	2.0201e+08	2.0329e+08	1.9769e+08	1.6782e+08	2.58915e+08	2.51924e+08	2.55143e+08	2.50948e+08	2.3651e+08	2.57136e+08	1.32535e+08	1.63916e+08	1.49438e+08	1.32148e+08	1.34294e+08	1.45987e+08	2.14998e+08	1.64063e+08	1.65403e+08	1.71307e+08	2.15622e+08	2.13025e+08	2.42317e+08	2.38324e+08	2.28935e+08	2.44018e+08	2.26908e+08	2.3625e+08	2.1125e+08	1.60175e+08	2.05616e+08	1.53092e+08	2.05138e+08	1.77075e+08	1.94652e+08	1.99718e+08	2.26653e+08	2.12532e+08	2.00247e+08	2.30838e+08	1.93598e+08	1.86663e+08	2.03431e+08	1.99145e+08	2.13363e+08	2.01385e+08	2.2971e+08	1.85373e+08	2.13368e+08	1.9384e+08	2.30014e+08	1.79561e+08	1.77114e+08	2.13423e+08	1.37436e+08	1.80087e+08	1.92539e+08	1.74529e+08
ERR608117	1.33094e+08	1.39612e+08	1.29414e+08	1.3247e+08	1.233e+08	1.31064e+08	1.24254e+08	1.14372e+08	1.55303e+08	1.4471e+08	1.18504e+08	1.58984e+08	3.13122e+08	4.06188e+08	3.10522e+08	2.53608e+08	2.56234e+08	2.4802e+08	2.21731e+08	2.15187e+08	2.77869e+08	1.74232e+08	2.52172e+08	2.28939e+08	2.0361e+08	2.04722e+08	1.93033e+08	2.02653e+08	1.32842e+08	2.07064e+08	2.00917e+08	2.4926e+08	1.88308e+08	2.70249e+08	2.02586e+08	1.96628e+08	1.48685e+08	1.80113e+08	1.79487e+08	1.80619e+08	1.75519e+08	1.49114e+08	2.33512e+08	2.27203e+08	2.30164e+08	2.26414e+08	2.13472e+08	2.32016e+08	1.1782e+08	1.45705e+08	1.3267e+08	1.17336e+08	1.19233e+08	1.2971e+08	1.90806e+08	1.45631e+08	1.46795e+08	1.52085e+08	1.91271e+08	1.8904e+08	2.1538e+08	2.11927e+08	2.03545e+08	2.16925e+08	2.015e+08	2.10081e+08	1.88016e+08	1.42657e+08	1.82861e+08	1.36428e+08	1.82481e+08	1.57752e+08	1.72949e+08	1.77439e+08	2.01422e+08	1.88903e+08	1.78132e+08	2.05133e+08	1.7273e+08	1.66576e+08	1.8163e+08	1.77811e+08	1.90388e+08	1.79575e+08	2.04159e+08	1.64886e+08	1.8946e+08	1.72388e+08	2.04406e+08	1.59307e+08	1.57339e+08	1.89648e+08	1.22044e+08	1.59932e+08	1.70848e+08	1.55102e+08
ERR608118	1.4816e+08	1.55609e+08	1.44166e+08	1.47614e+08	1.37271e+08	1.46076e+08	1.38262e+08	1.2722e+08	1.7288e+08	1.60762e+08	1.31907e+08	1.76813e+08	3.44074e+08	3.10522e+08	4.79429e+08	2.78654e+08	2.81646e+08	2.7218e+08	2.44813e+08	2.37416e+08	3.06403e+08	1.91508e+08	2.77846e+08	2.52194e+08	2.25423e+08	2.26571e+08	2.13767e+08	2.24396e+08	1.46493e+08	2.29578e+08	2.20902e+08	2.74099e+08	2.06167e+08	2.97599e+08	2.22628e+08	2.16226e+08	1.65599e+08	2.00577e+08	1.99933e+08	2.01331e+08	1.95476e+08	1.65793e+08	2.55699e+08	2.48827e+08	2.52095e+08	2.47884e+08	2.3345e+08	2.54295e+08	1.31337e+08	1.62318e+08	1.47571e+08	1.30733e+08	1.32881e+08	1.44294e+08	2.12504e+08	1.6209e+08	1.63169e+08	1.69046e+08	2.12976e+08	2.10508e+08	2.39146e+08	2.35375e+08	2.25887e+08	2.41051e+08	2.23612e+08	2.33398e+08	2.10356e+08	1.59747e+08	2.0477e+08	1.53115e+08	2.04337e+08	1.76781e+08	1.92357e+08	1.97747e+08	2.24574e+08	2.10194e+08	1.9844e+08	2.28756e+08	1.91093e+08	1.84075e+08	2.00885e+08	1.96601e+08	2.10665e+08	1.98338e+08	2.27689e+08	1.83799e+08	2.10914e+08	1.92232e+08	2.27899e+08	1.769e+08	1.751e+08	2.11125e+08	1.35698e+08	1.77886e+08	1.89999e+08	1.72562e+08
ERR608121	1.18677e+08	1.24625e+08	1.15433e+08	1.18231e+08	1.09918e+08	1.16944e+08	1.10336e+08	1.01483e+08	1.37985e+08	1.28103e+08	1.05284e+08	1.40997e+08	2.80369e+08	2.53608e+08	2.78654e+08	3.39177e+08	2.31951e+08	2.24099e+08	1.98501e+08	1.92601e+08	2.47876e+08	1.55373e+08	2.24773e+08	2.04163e+08	1.81004e+08	1.82025e+08	1.71651e+08	1.80258e+08	1.17532e+08	1.84395e+08	1.7998e+08	2.22468e+08	1.67776e+08	2.41523e+08	1.8132e+08	1.76095e+08	1.32318e+08	1.6033e+08	1.59897e+08	1.60926e+08	1.56139e+08	1.32403e+08	2.08207e+08	2.02976e+08	2.05713e+08	2.02237e+08	1.90646e+08	2.07276e+08	1.04987e+08	1.29686e+08	1.17939e+08	1.04547e+08	1.06159e+08	1.15272e+08	1.6948e+08	1.29452e+08	1.30215e+08	1.34979e+08	1.69991e+08	1.6797e+08	1.912e+08	1.88258e+08	1.80553e+08	1.92894e+08	1.78689e+08	1.86555e+08	1.689e+08	1.28419e+08	1.64271e+08	1.23279e+08	1.6405e+08	1.42101e+08	1.53676e+08	1.58288e+08	1.79695e+08	1.68004e+08	1.58678e+08	1.83012e+08	1.53337e+08	1.47802e+08	1.61266e+08	1.57786e+08	1.69155e+08	1.5909e+08	1.82168e+08	1.4704e+08	1.68422e+08	1.53778e+08	1.82234e+08	1.41149e+08	1.39935e+08	1.68882e+08	1.08551e+08	1.42211e+08	1.51766e+08	1.37999e+08
ERR608122	1.20034e+08	1.26086e+08	1.16728e+08	1.1956e+08	1.11131e+08	1.18268e+08	1.1153e+08	1.02672e+08	1.39444e+08	1.29528e+08	1.06447e+08	1.42522e+08	2.83163e+08	2.56234e+08	2.81646e+08	2.31951e+08	3.45288e+08	2.26441e+08	2.00934e+08	1.95032e+08	2.50973e+08	1.57259e+08	2.27624e+08	2.06733e+08	1.8328e+08	1.84207e+08	1.73545e+08	1.82401e+08	1.18948e+08	1.86614e+08	1.81853e+08	2.24916e+08	1.69522e+08	2.44267e+08	1.8334e+08	1.78011e+08	1.33781e+08	1.62111e+08	1.61695e+08	1.62655e+08	1.57874e+08	1.33868e+08	2.10419e+08	2.05221e+08	2.07749e+08	2.0431e+08	1.9261e+08	2.0951e+08	1.06136e+08	1.31156e+08	1.19263e+08	1.05707e+08	1.07513e+08	1.16568e+08	1.71461e+08	1.30936e+08	1.31652e+08	1.36481e+08	1.71972e+08	1.69995e+08	1.93507e+08	1.90456e+08	1.8274e+08	1.95209e+08	1.80821e+08	1.88849e+08	1.7083e+08	1.29771e+08	1.66001e+08	1.24699e+08	1.65825e+08	1.43659e+08	1.5548e+08	1.59973e+08	1.81708e+08	1.70004e+08	1.60516e+08	1.85174e+08	1.55159e+08	1.49668e+08	1.63385e+08	1.59705e+08	1.71223e+08	1.60995e+08	1.84196e+08	1.48584e+08	1.70281e+08	1.55475e+08	1.84226e+08	1.4255e+08	1.41753e+08	1.70886e+08	1.09825e+08	1.43961e+08	1.53666e+08	1.39716e+08
ERR608120	1.15824e+08	1.21552e+08	1.12687e+08	1.15316e+08	1.07286e+08	1.14072e+08	1.07959e+08	9.93323e+07	1.34873e+08	1.25431e+08	1.03024e+08	1.37955e+08	2.74208e+08	2.4802e+08	2.7218e+08	2.24099e+08	2.26441e+08	3.26154e+08	1.94685e+08	1.88906e+08	2.43046e+08	1.52701e+08	2.20615e+08	2.00441e+08	1.77066e+08	1.78057e+08	1.67854e+08	1.76406e+08	1.15297e+08	1.80224e+08	1.76044e+08	2.17638e+08	1.64603e+08	2.3613e+08	1.77323e+08	1.72373e+08	1.29241e+08	1.56455e+08	1.5591e+08	1.56995e+08	1.52363e+08	1.29335e+08	2.04377e+08	1.99069e+08	2.01448e+08	1.98264e+08	1.86907e+08	2.03182e+08	1.02479e+08	1.2663e+08	1.1528e+08	1.02067e+08	1.0379e+08	1.12669e+08	1.65653e+08	1.2642e+08	1.27373e+08	1.31965e+08	1.66036e+08	1.64086e+08	1.87179e+08	1.84221e+08	1.76874e+08	1.88783e+08	1.75125e+08	1.82635e+08	1.64176e+08	1.24765e+08	1.59777e+08	1.19525e+08	1.59444e+08	1.38002e+08	1.50197e+08	1.54515e+08	1.75324e+08	1.64163e+08	1.54956e+08	1.78563e+08	1.50109e+08	1.44686e+08	1.57948e+08	1.54499e+08	1.65505e+08	1.55795e+08	1.77727e+08	1.43415e+08	1.6464e+08	1.49987e+08	1.77802e+08	1.38237e+08	1.37008e+08	1.65077e+08	1.06334e+08	1.39302e+08	1.48716e+08	1.3512e+08
ERR613447	1.26974e+08	1.32843e+08	1.23699e+08	1.26442e+08	1.17404e+08	1.25066e+08	1.21111e+08	1.11291e+08	1.51414e+08	1.40729e+08	1.1543e+08	1.54811e+08	2.46836e+08	2.21731e+08	2.44813e+08	1.98501e+08	2.00934e+08	1.94685e+08	3.87571e+08	2.62332e+08	3.28987e+08	2.17355e+08	3.0155e+08	2.76121e+08	1.933e+08	1.94405e+08	1.83182e+08	1.92528e+08	1.2564e+08	1.96477e+08	1.78527e+08	2.21599e+08	1.66809e+08	2.40731e+08	1.79887e+08	1.74876e+08	1.42497e+08	1.72831e+08	1.72148e+08	1.73293e+08	1.68414e+08	1.42935e+08	2.13493e+08	2.07656e+08	2.10432e+08	2.06782e+08	1.95199e+08	2.12228e+08	1.12765e+08	1.39381e+08	1.27033e+08	1.12283e+08	1.142e+08	1.24174e+08	1.83993e+08	1.40609e+08	1.41586e+08	1.46549e+08	1.84418e+08	1.82381e+08	2.37081e+08	2.3401e+08	2.25335e+08	2.39016e+08	2.2326e+08	2.31768e+08	1.78568e+08	1.35392e+08	1.73934e+08	1.29318e+08	1.73451e+08	1.49839e+08	1.76516e+08	1.81558e+08	2.04291e+08	1.92886e+08	1.81138e+08	2.09096e+08	1.65029e+08	1.5895e+08	1.73386e+08	1.69948e+08	1.82082e+08	1.71488e+08	1.9718e+08	1.59041e+08	1.83099e+08	1.66491e+08	1.97291e+08	1.54063e+08	1.90019e+08	2.23619e+08	1.53041e+08	1.92657e+08	2.04226e+08	1.87369e+08
ERR613446	1.22882e+08	1.28507e+08	1.19594e+08	1.22267e+08	1.1346e+08	1.20858e+08	1.16957e+08	1.07593e+08	1.46289e+08	1.36041e+08	1.11468e+08	1.49642e+08	2.39447e+08	2.15187e+08	2.37416e+08	1.92601e+08	1.95032e+08	1.88906e+08	2.62332e+08	3.68926e+08	3.19467e+08	2.11523e+08	2.92925e+08	2.68467e+08	1.87069e+08	1.88146e+08	1.77281e+08	1.86245e+08	1.21499e+08	1.90127e+08	1.73092e+08	2.14781e+08	1.61634e+08	2.33235e+08	1.74473e+08	1.69487e+08	1.37749e+08	1.67098e+08	1.66505e+08	1.67541e+08	1.62753e+08	1.38252e+08	2.0702e+08	2.01412e+08	2.04148e+08	2.00568e+08	1.89332e+08	2.0574e+08	1.0909e+08	1.34837e+08	1.22914e+08	1.08638e+08	1.10351e+08	1.20006e+08	1.77931e+08	1.35882e+08	1.36872e+08	1.41662e+08	1.78417e+08	1.76322e+08	2.30091e+08	2.27083e+08	2.18579e+08	2.32016e+08	2.16671e+08	2.24927e+08	1.72812e+08	1.31121e+08	1.68167e+08	1.2507e+08	1.67723e+08	1.44999e+08	1.70918e+08	1.75877e+08	1.97952e+08	1.86781e+08	1.75499e+08	2.02733e+08	1.59726e+08	1.53771e+08	1.67875e+08	1.64469e+08	1.76317e+08	1.66013e+08	1.90671e+08	1.53814e+08	1.7703e+08	1.60986e+08	1.90789e+08	1.4896e+08	1.84511e+08	2.1696e+08	1.48698e+08	1.86972e+08	1.98244e+08	1.81928e+08
ERR613443	1.60411e+08	1.68068e+08	1.56237e+08	1.5969e+08	1.48309e+08	1.57929e+08	1.5389e+08	1.4133e+08	1.92536e+08	1.7909e+08	1.46447e+08	1.96859e+08	3.09537e+08	2.77869e+08	3.06403e+08	2.47876e+08	2.50973e+08	2.43046e+08	3.28987e+08	3.19467e+08	5.56158e+08	2.63821e+08	3.71782e+08	3.3983e+08	2.4478e+08	2.46312e+08	2.32132e+08	2.43706e+08	1.5957e+08	2.48885e+08	2.23397e+08	2.78479e+08	2.0937e+08	3.02264e+08	2.25271e+08	2.18802e+08	1.8083e+08	2.19174e+08	2.18335e+08	2.19821e+08	2.1371e+08	1.8155e+08	2.67791e+08	2.60175e+08	2.6359e+08	2.58953e+08	2.44422e+08	2.65718e+08	1.4293e+08	1.76842e+08	1.6127e+08	1.42442e+08	1.44729e+08	1.57462e+08	2.3371e+08	1.78406e+08	1.79985e+08	1.861e+08	2.34131e+08	2.31603e+08	2.94255e+08	2.89963e+08	2.79231e+08	2.96367e+08	2.76867e+08	2.8724e+08	2.25291e+08	1.70755e+08	2.19465e+08	1.62607e+08	2.18662e+08	1.88749e+08	2.20895e+08	2.26752e+08	2.55577e+08	2.41307e+08	2.26368e+08	2.61366e+08	2.08902e+08	2.01358e+08	2.19564e+08	2.15164e+08	2.30348e+08	2.17573e+08	2.49767e+08	2.01408e+08	2.32324e+08	2.10934e+08	2.49969e+08	1.95561e+08	2.33885e+08	2.7647e+08	1.87056e+08	2.37191e+08	2.52168e+08	2.30615e+08
ERR613448	9.8453e+07	1.02952e+08	9.60715e+07	9.79847e+07	9.10448e+07	9.69037e+07	9.38345e+07	8.62359e+07	1.17297e+08	1.09447e+08	8.9344e+07	1.20102e+08	1.93779e+08	1.74232e+08	1.91508e+08	1.55373e+08	1.57259e+08	1.52701e+08	2.17355e+08	2.11523e+08	2.63821e+08	2.69281e+08	2.42923e+08	2.23104e+08	1.50082e+08	1.51011e+08	1.42405e+08	1.49487e+08	9.84772e+07	1.52219e+08	1.40805e+08	1.74667e+08	1.32658e+08	1.8909e+08	1.41794e+08	1.37912e+08	1.1037e+08	1.33825e+08	1.33338e+08	1.34076e+08	1.30349e+08	1.11053e+08	1.68501e+08	1.63703e+08	1.65771e+08	1.6306e+08	1.54148e+08	1.67131e+08	8.71447e+07	1.07735e+08	9.84785e+07	8.68525e+07	8.82396e+07	9.61551e+07	1.42262e+08	1.08862e+08	1.09907e+08	1.13559e+08	1.42725e+08	1.41075e+08	1.89364e+08	1.86869e+08	1.80319e+08	1.90813e+08	1.789e+08	1.85202e+08	1.36848e+08	1.03609e+08	1.33354e+08	9.84307e+07	1.32693e+08	1.14418e+08	1.39583e+08	1.43186e+08	1.60715e+08	1.52392e+08	1.425e+08	1.64766e+08	1.28368e+08	1.2378e+08	1.34804e+08	1.32205e+08	1.41417e+08	1.33763e+08	1.52036e+08	1.22717e+08	1.41863e+08	1.28462e+08	1.52373e+08	1.20032e+08	1.53373e+08	1.79235e+08	1.2475e+08	1.55401e+08	1.64639e+08	1.51323e+08
ERR613445	1.44719e+08	1.51503e+08	1.41058e+08	1.44034e+08	1.33858e+08	1.4239e+08	1.38854e+08	1.27545e+08	1.73704e+08	1.61898e+08	1.32145e+08	1.77701e+08	2.81134e+08	2.52172e+08	2.77846e+08	2.24773e+08	2.27624e+08	2.20615e+08	3.0155e+08	2.92925e+08	3.71782e+08	2.42923e+08	4.75677e+08	3.11597e+08	2.21302e+08	2.22874e+08	2.10004e+08	2.205e+08	1.44763e+08	2.2488e+08	2.03034e+08	2.52756e+08	1.90792e+08	2.74279e+08	2.04671e+08	1.98899e+08	1.6304e+08	1.97652e+08	1.969e+08	1.98189e+08	1.92754e+08	1.63878e+08	2.43522e+08	2.36377e+08	2.39579e+08	2.35666e+08	2.22389e+08	2.41576e+08	1.28914e+08	1.59281e+08	1.45477e+08	1.285e+08	1.30444e+08	1.42047e+08	2.10618e+08	1.60976e+08	1.62477e+08	1.68028e+08	2.11239e+08	2.08715e+08	2.68368e+08	2.64562e+08	2.54755e+08	2.70173e+08	2.52682e+08	2.61956e+08	2.02634e+08	1.53443e+08	1.97403e+08	1.45881e+08	1.96497e+08	1.69505e+08	2.00556e+08	2.05692e+08	2.3153e+08	2.18872e+08	2.05271e+08	2.36811e+08	1.89242e+08	1.82511e+08	1.98699e+08	1.94745e+08	2.08584e+08	1.9722e+08	2.25055e+08	1.81549e+08	2.09838e+08	1.9014e+08	2.25341e+08	1.7719e+08	2.1369e+08	2.52033e+08	1.71459e+08	2.16646e+08	2.30304e+08	2.1074e+08
ERR613444	1.30438e+08	1.36551e+08	1.27207e+08	1.29859e+08	1.20711e+08	1.28451e+08	1.24969e+08	1.14725e+08	1.56261e+08	1.45457e+08	1.18922e+08	1.59834e+08	2.54969e+08	2.28939e+08	2.52194e+08	2.04163e+08	2.06733e+08	2.00441e+08	2.76121e+08	2.68467e+08	3.3983e+08	2.23104e+08	3.11597e+08	4.06991e+08	1.99724e+08	2.00903e+08	1.89451e+08	1.98893e+08	1.3068e+08	2.02739e+08	1.84343e+08	2.29155e+08	1.73163e+08	2.4866e+08	1.85751e+08	1.80508e+08	1.46708e+08	1.77953e+08	1.77218e+08	1.78325e+08	1.73459e+08	1.47664e+08	2.21212e+08	2.14969e+08	2.1784e+08	2.14162e+08	2.0224e+08	2.19567e+08	1.16073e+08	1.434e+08	1.31023e+08	1.15613e+08	1.17392e+08	1.27921e+08	1.89571e+08	1.44815e+08	1.46231e+08	1.51249e+08	1.89984e+08	1.87893e+08	2.44293e+08	2.40824e+08	2.32046e+08	2.45865e+08	2.30203e+08	2.3864e+08	1.82451e+08	1.38192e+08	1.77751e+08	1.31459e+08	1.76975e+08	1.52645e+08	1.81744e+08	1.86408e+08	2.09849e+08	1.9838e+08	1.8589e+08	2.1457e+08	1.70828e+08	1.64731e+08	1.79398e+08	1.75686e+08	1.88245e+08	1.7786e+08	2.02472e+08	1.63398e+08	1.88725e+08	1.70972e+08	2.02707e+08	1.59427e+08	1.95186e+08	2.29574e+08	1.57239e+08	1.97772e+08	2.10082e+08	1.92556e+08
ERR608582	1.94678e+08	2.04226e+08	1.90274e+08	1.93761e+08	1.80809e+08	1.92225e+08	2.08834e+08	1.92419e+08	2.59372e+08	2.41966e+08	1.99453e+08	2.64955e+08	2.28105e+08	2.0361e+08	2.25423e+08	1.81004e+08	1.8328e+08	1.77066e+08	1.933e+08	1.87069e+08	2.4478e+08	1.50082e+08	2.21302e+08	1.99724e+08	5.0303e+08	3.51619e+08	3.31517e+08	3.48408e+08	2.3189e+08	3.5386e+08	1.63604e+08	2.06438e+08	1.52427e+08	2.24756e+08	1.64804e+08	1.59953e+08	2.44538e+08	2.94425e+08	2.93577e+08	2.95528e+08	2.87365e+08	2.45409e+08	1.97714e+08	1.9156e+08	1.94066e+08	1.90408e+08	1.79212e+08	1.96011e+08	1.91632e+08	2.35652e+08	2.15487e+08	1.90984e+08	1.94249e+08	2.10581e+08	3.19459e+08	2.48051e+08	2.49607e+08	2.57835e+08	3.20301e+08	3.17053e+08	3.5573e+08	3.5042e+08	3.37209e+08	3.5822e+08	3.3403e+08	3.47255e+08	3.02103e+08	2.32437e+08	2.9457e+08	2.22525e+08	2.93502e+08	2.55678e+08	2.81228e+08	2.87531e+08	3.2506e+08	3.05805e+08	2.88156e+08	3.30606e+08	2.72108e+08	2.62837e+08	2.8596e+08	2.79529e+08	2.99049e+08	2.82355e+08	3.42743e+08	2.77863e+08	3.19303e+08	2.90565e+08	3.42684e+08	2.70394e+08	2.41926e+08	2.89524e+08	1.88119e+08	2.45073e+08	2.6174e+08	2.38224e+08
ERR608584	1.95423e+08	2.04938e+08	1.90929e+08	1.94525e+08	1.81508e+08	1.93e+08	2.09709e+08	1.93359e+08	2.60623e+08	2.43138e+08	2.00224e+08	2.66249e+08	2.2953e+08	2.04722e+08	2.26571e+08	1.82025e+08	1.84207e+08	1.78057e+08	1.94405e+08	1.88146e+08	2.46312e+08	1.51011e+08	2.22874e+08	2.00903e+08	3.51619e+08	5.06585e+08	3.32711e+08	3.49789e+08	2.32774e+08	3.55092e+08	1.6449e+08	2.07692e+08	1.5344e+08	2.26087e+08	1.65776e+08	1.60933e+08	2.45485e+08	2.95622e+08	2.94823e+08	2.96632e+08	2.88611e+08	2.46576e+08	1.98873e+08	1.92736e+08	1.95263e+08	1.91623e+08	1.8039e+08	1.97325e+08	1.92423e+08	2.36527e+08	2.16178e+08	1.91711e+08	1.94876e+08	2.11445e+08	3.20637e+08	2.48987e+08	2.50712e+08	2.58855e+08	3.21328e+08	3.18216e+08	3.57151e+08	3.51713e+08	3.38657e+08	3.59644e+08	3.35334e+08	3.48391e+08	3.02922e+08	2.32922e+08	2.95396e+08	2.23038e+08	2.9408e+08	2.56215e+08	2.82315e+08	2.88411e+08	3.26293e+08	3.07137e+08	2.89243e+08	3.31935e+08	2.73348e+08	2.6392e+08	2.87021e+08	2.80763e+08	3.00381e+08	2.83756e+08	3.43932e+08	2.78884e+08	3.20731e+08	2.91522e+08	3.43871e+08	2.71675e+08	2.42816e+08	2.90373e+08	1.88962e+08	2.46123e+08	2.62799e+08	2.39224e+08
ERR608580	1.84515e+08	1.93511e+08	1.80379e+08	1.83661e+08	1.7143e+08	1.82238e+08	1.98134e+08	1.82667e+08	2.46049e+08	2.29691e+08	1.89182e+08	2.51321e+08	2.16398e+08	1.93033e+08	2.13767e+08	1.71651e+08	1.73545e+08	1.67854e+08	1.83182e+08	1.77281e+08	2.32132e+08	1.42405e+08	2.10004e+08	1.89451e+08	3.31517e+08	3.32711e+08	4.59586e+08	3.29856e+08	2.21505e+08	3.37216e+08	1.55314e+08	1.95884e+08	1.44813e+08	2.13258e+08	1.56391e+08	1.5184e+08	2.31914e+08	2.78978e+08	2.78324e+08	2.80194e+08	2.72573e+08	2.32892e+08	1.87563e+08	1.81659e+08	1.84154e+08	1.80544e+08	1.70053e+08	1.8604e+08	1.81862e+08	2.23438e+08	2.04199e+08	1.81037e+08	1.8404e+08	1.99819e+08	3.03083e+08	2.35287e+08	2.37002e+08	2.44832e+08	3.03551e+08	3.00573e+08	3.37238e+08	3.32443e+08	3.19935e+08	3.39535e+08	3.16891e+08	3.2911e+08	2.86245e+08	2.20466e+08	2.79224e+08	2.10909e+08	2.78041e+08	2.42165e+08	2.66879e+08	2.72869e+08	3.08375e+08	2.90362e+08	2.7346e+08	3.13666e+08	2.58456e+08	2.49673e+08	2.71451e+08	2.65465e+08	2.8378e+08	2.68273e+08	3.24829e+08	2.6335e+08	3.02882e+08	2.75407e+08	3.24723e+08	2.56554e+08	2.29469e+08	2.74547e+08	1.78743e+08	2.32581e+08	2.4839e+08	2.26092e+08
ERR608583	1.93414e+08	2.02857e+08	1.89017e+08	1.92501e+08	1.79648e+08	1.91044e+08	2.07612e+08	1.91366e+08	2.57884e+08	2.40804e+08	1.98236e+08	2.63391e+08	2.27098e+08	2.02653e+08	2.24396e+08	1.80258e+08	1.82401e+08	1.76406e+08	1.92528e+08	1.86245e+08	2.43706e+08	1.49487e+08	2.205e+08	1.98893e+08	3.48408e+08	3.49789e+08	3.29856e+08	4.98149e+08	2.30666e+08	3.51987e+08	1.62777e+08	2.0547e+08	1.51693e+08	2.23731e+08	1.64091e+08	1.59225e+08	2.42992e+08	2.92331e+08	2.91762e+08	2.93463e+08	2.85685e+08	2.4388e+08	1.96817e+08	1.90684e+08	1.93223e+08	1.89641e+08	1.78352e+08	1.95209e+08	1.90615e+08	2.3425e+08	2.14007e+08	1.89786e+08	1.92912e+08	2.09316e+08	3.17508e+08	2.46495e+08	2.48165e+08	2.563e+08	3.1817e+08	3.15043e+08	3.53699e+08	3.48519e+08	3.35557e+08	3.56373e+08	3.32292e+08	3.45311e+08	3.0044e+08	2.31076e+08	2.92862e+08	2.21277e+08	2.9168e+08	2.54181e+08	2.79513e+08	2.85748e+08	3.23156e+08	3.04006e+08	2.86382e+08	3.28684e+08	2.70791e+08	2.6145e+08	2.84471e+08	2.77976e+08	2.97579e+08	2.81145e+08	3.40645e+08	2.76282e+08	3.17631e+08	2.88954e+08	3.40603e+08	2.68906e+08	2.40368e+08	2.87564e+08	1.87004e+08	2.43666e+08	2.6019e+08	2.36759e+08
ERR608579	1.27672e+08	1.33728e+08	1.251e+08	1.2707e+08	1.19019e+08	1.26044e+08	1.3847e+08	1.27719e+08	1.71268e+08	1.60712e+08	1.32126e+08	1.75032e+08	1.48992e+08	1.32842e+08	1.46493e+08	1.17532e+08	1.18948e+08	1.15297e+08	1.2564e+08	1.21499e+08	1.5957e+08	9.84772e+07	1.44763e+08	1.3068e+08	2.3189e+08	2.32774e+08	2.21505e+08	2.30666e+08	2.55894e+08	2.35154e+08	1.06719e+08	1.35019e+08	1.00825e+08	1.46436e+08	1.07624e+08	1.04445e+08	1.61194e+08	1.93126e+08	1.92614e+08	1.93805e+08	1.88927e+08	1.62237e+08	1.29922e+08	1.25518e+08	1.27119e+08	1.24883e+08	1.17717e+08	1.28344e+08	1.26213e+08	1.54647e+08	1.41939e+08	1.25775e+08	1.27864e+08	1.38896e+08	2.10664e+08	1.64414e+08	1.66053e+08	1.71259e+08	2.11179e+08	2.09127e+08	2.3431e+08	2.30781e+08	2.22598e+08	2.35508e+08	2.2072e+08	2.28653e+08	1.965e+08	1.51733e+08	1.9198e+08	1.44694e+08	1.9097e+08	1.66254e+08	1.85628e+08	1.8903e+08	2.13057e+08	2.0147e+08	1.89202e+08	2.16597e+08	1.80904e+08	1.75051e+08	1.89546e+08	1.85644e+08	1.97915e+08	1.88112e+08	2.23672e+08	1.82067e+08	2.0974e+08	1.90279e+08	2.24133e+08	1.79434e+08	1.59602e+08	1.90092e+08	1.24954e+08	1.61718e+08	1.72864e+08	1.57275e+08
ERR608581	1.9738e+08	2.07119e+08	1.92815e+08	1.96586e+08	1.83287e+08	1.95034e+08	2.1129e+08	1.94864e+08	2.62755e+08	2.44847e+08	2.01906e+08	2.68203e+08	2.32077e+08	2.07064e+08	2.29578e+08	1.84395e+08	1.86614e+08	1.80224e+08	1.96477e+08	1.90127e+08	2.48885e+08	1.52219e+08	2.2488e+08	2.02739e+08	3.5386e+08	3.55092e+08	3.37216e+08	3.51987e+08	2.35154e+08	5.148e+08	1.66296e+08	2.09688e+08	1.54554e+08	2.28612e+08	1.67647e+08	1.62605e+08	2.47629e+08	2.98318e+08	2.97698e+08	2.99441e+08	2.91203e+08	2.48476e+08	2.00706e+08	1.94541e+08	1.97245e+08	1.93391e+08	1.81897e+08	1.99178e+08	1.94302e+08	2.38953e+08	2.18121e+08	1.93451e+08	1.96703e+08	2.13267e+08	3.23601e+08	2.50972e+08	2.52583e+08	2.60926e+08	3.24187e+08	3.21072e+08	3.60222e+08	3.5494e+08	3.41537e+08	3.6303e+08	3.38259e+08	3.51744e+08	3.07075e+08	2.36367e+08	2.99259e+08	2.26566e+08	2.98092e+08	2.59959e+08	2.84975e+08	2.91831e+08	3.30024e+08	3.10232e+08	2.92369e+08	3.35674e+08	2.75922e+08	2.66333e+08	2.9003e+08	2.83514e+08	3.03327e+08	2.86143e+08	3.4756e+08	2.81634e+08	3.2331e+08	2.9455e+08	3.47518e+08	2.73409e+08	2.452e+08	2.93654e+08	1.90794e+08	2.48504e+08	2.6522e+08	2.41557e+08
ERR614481	1.08954e+08	1.14287e+08	1.06188e+08	1.08447e+08	1.01042e+08	1.07233e+08	1.01698e+08	9.34638e+07	1.27425e+08	1.18793e+08	9.6906e+07	1.30454e+08	2.23377e+08	2.00917e+08	2.20902e+08	1.7998e+08	1.81853e+08	1.76044e+08	1.78527e+08	1.73092e+08	2.23397e+08	1.40805e+08	2.03034e+08	1.84343e+08	1.63604e+08	1.6449e+08	1.55314e+08	1.62777e+08	1.06719e+08	1.66296e+08	3.02207e+08	2.4293e+08	1.86719e+08	2.62222e+08	2.00638e+08	1.94771e+08	1.22292e+08	1.48317e+08	1.47757e+08	1.48641e+08	1.44517e+08	1.22953e+08	1.88759e+08	1.83361e+08	1.8559e+08	1.82374e+08	1.72257e+08	1.87051e+08	9.66819e+07	1.19629e+08	1.09236e+08	9.63588e+07	9.79137e+07	1.06486e+08	1.56993e+08	1.19557e+08	1.20743e+08	1.25029e+08	1.57306e+08	1.55512e+08	1.75188e+08	1.72093e+08	1.65403e+08	1.76102e+08	1.64007e+08	1.70638e+08	1.50417e+08	1.13756e+08	1.46409e+08	1.08171e+08	1.45874e+08	1.25644e+08	1.41167e+08	1.44424e+08	1.63805e+08	1.54185e+08	1.44751e+08	1.66877e+08	1.37355e+08	1.32237e+08	1.44286e+08	1.4115e+08	1.5135e+08	1.42848e+08	1.67069e+08	1.34623e+08	1.55666e+08	1.41023e+08	1.67338e+08	1.31309e+08	1.29099e+08	1.55691e+08	1.00026e+08	1.31131e+08	1.40361e+08	1.27148e+08
ERR614478	1.36926e+08	1.43776e+08	1.33629e+08	1.36351e+08	1.27023e+08	1.34837e+08	1.28674e+08	1.18187e+08	1.6126e+08	1.50347e+08	1.22379e+08	1.65019e+08	2.77501e+08	2.4926e+08	2.74099e+08	2.22468e+08	2.24916e+08	2.17638e+08	2.21599e+08	2.14781e+08	2.78479e+08	1.74667e+08	2.52756e+08	2.29155e+08	2.06438e+08	2.07692e+08	1.95884e+08	2.0547e+08	1.35019e+08	2.09688e+08	2.4293e+08	4.33867e+08	2.30194e+08	3.25069e+08	2.45064e+08	2.37685e+08	1.54163e+08	1.86758e+08	1.86105e+08	1.8732e+08	1.82311e+08	1.54909e+08	2.34066e+08	2.27205e+08	2.30131e+08	2.25799e+08	2.13305e+08	2.31748e+08	1.21806e+08	1.50787e+08	1.37645e+08	1.21389e+08	1.23369e+08	1.34282e+08	1.9842e+08	1.51062e+08	1.52648e+08	1.58071e+08	1.98878e+08	1.96436e+08	2.21299e+08	2.17456e+08	2.08999e+08	2.22355e+08	2.07112e+08	2.15538e+08	1.88688e+08	1.4271e+08	1.83847e+08	1.35451e+08	1.8297e+08	1.57574e+08	1.77905e+08	1.81893e+08	2.06406e+08	1.94251e+08	1.8209e+08	2.10148e+08	1.73729e+08	1.67398e+08	1.82471e+08	1.78394e+08	1.91283e+08	1.80847e+08	2.10041e+08	1.69455e+08	1.9613e+08	1.77407e+08	2.10544e+08	1.65564e+08	1.62538e+08	1.95898e+08	1.2583e+08	1.64978e+08	1.7691e+08	1.60009e+08
ERR614477	1.00576e+08	1.05585e+08	9.8397e+07	1.00115e+08	9.36048e+07	9.90708e+07	9.4597e+07	8.68751e+07	1.18532e+08	1.10947e+08	9.00221e+07	1.21585e+08	2.09451e+08	1.88308e+08	2.06167e+08	1.67776e+08	1.69522e+08	1.64603e+08	1.66809e+08	1.61634e+08	2.0937e+08	1.32658e+08	1.90792e+08	1.73163e+08	1.52427e+08	1.5344e+08	1.44813e+08	1.51693e+08	1.00825e+08	1.54554e+08	1.86719e+08	2.30194e+08	2.75441e+08	2.47497e+08	1.8842e+08	1.82803e+08	1.13504e+08	1.37524e+08	1.36879e+08	1.3771e+08	1.34197e+08	1.14476e+08	1.786e+08	1.731e+08	1.75185e+08	1.722e+08	1.62965e+08	1.76454e+08	8.95409e+07	1.10877e+08	1.01449e+08	8.92619e+07	9.06208e+07	9.90226e+07	1.45479e+08	1.10889e+08	1.12244e+08	1.16108e+08	1.45749e+08	1.4428e+08	1.63217e+08	1.60162e+08	1.54194e+08	1.63642e+08	1.52956e+08	1.58646e+08	1.37256e+08	1.03571e+08	1.33826e+08	9.7894e+07	1.33074e+08	1.14275e+08	1.31347e+08	1.33811e+08	1.51624e+08	1.43217e+08	1.33951e+08	1.54334e+08	1.28375e+08	1.23795e+08	1.34589e+08	1.31826e+08	1.41138e+08	1.33903e+08	1.54117e+08	1.24362e+08	1.44521e+08	1.30191e+08	1.54419e+08	1.22898e+08	1.19829e+08	1.44422e+08	9.29982e+07	1.21777e+08	1.30779e+08	1.1808e+08
