	ERR629880	ERR629881	ERR629885	ERR629882	ERR629884	ERR629883	ERR630233	ERR630231	ERR630235	ERR630232	ERR630230	ERR630234	ERR613232	ERR613231	ERR613229	ERR613228	ERR613230	ERR613227	ERR606000	ERR606004	ERR606003	ERR606005	ERR606001	ERR606002	ERR608869	ERR608870	ERR608865	ERR608866	ERR608868	ERR608867	ERR626952	ERR626951	ERR626956	ERR626955	ERR626953	ERR626954	ERR622084	ERR622088	ERR622086	ERR622087	ERR622085	ERR622083	ERR607756	ERR607753	ERR607755	ERR607758	ERR607757	ERR607754	ERR608270	ERR608273	ERR608274	ERR608269	ERR608272	ERR608271	ERR630224	ERR630226	ERR630225	ERR630227	ERR630229	ERR630228	ERR609253	ERR609257	ERR609258	ERR609255	ERR609256	ERR609254	ERR617320	ERR617323	ERR617319	ERR617324	ERR617321	ERR617322	ERR638217	ERR638218	ERR638216	ERR638214	ERR638215	ERR638213	ERR629898	ERR629903	ERR629900	ERR629902	ERR629901	ERR629899	ERR608108	ERR608106	ERR608110	ERR608109	ERR608107	ERR608105	ERR607484	ERR607483	ERR607481	ERR607482	ERR607486	ERR607485
ERR629880	0	0.796184	0.802499	0.779944	0.804441	0.803983	1.09661	1.11621	1.10689	1.11786	1.10131	1.09826	0.928452	0.927297	0.893775	0.888498	0.934219	0.88051	0.96875	0.960635	0.957253	0.963244	0.92746	0.925395	0.92631	0.925959	0.966906	0.928961	0.926472	0.919536	0.945679	0.925607	0.923034	0.92117	0.92516	0.940759	0.9872	0.970604	0.970531	0.969009	0.986908	0.984892	0.927575	0.922288	0.91193	0.929049	0.929979	0.911601	1.07317	1.05938	1.05705	1.09514	1.05894	1.0681	1.04209	1.05762	1.05306	1.04294	1.04842	1.04295	1.03489	1.03281	1.03448	1.03811	1.05283	1.03572	1.08676	1.07615	1.08587	1.07651	1.08571	1.07576	1.04659	1.05482	1.04646	1.06779	1.07244	1.0698	1.04664	1.06058	1.0483	1.06157	1.05966	1.05865	1.05715	1.06109	1.06168	1.0582	1.05386	1.07981	1.06923	1.08021	1.07952	1.07763	1.06836	1.06896
ERR629881	0.796184	0	0.815364	0.798246	0.817225	0.817	1.10913	1.12751	1.11862	1.12935	1.11393	1.11095	0.942999	0.941902	0.911718	0.906233	0.948297	0.900538	0.980842	0.974993	0.972004	0.977746	0.94488	0.942657	0.939774	0.939577	0.975477	0.941691	0.940056	0.934161	0.954982	0.937764	0.935455	0.933713	0.938219	0.950824	1.00366	0.987829	0.987937	0.986178	1.00349	1.00166	0.93836	0.934517	0.92574	0.939908	0.940896	0.925895	1.08822	1.07565	1.07305	1.10787	1.07523	1.08388	1.05776	1.07198	1.06757	1.05825	1.06275	1.05862	1.05145	1.04886	1.05046	1.0531	1.06843	1.05188	1.10069	1.09121	1.09935	1.09104	1.10028	1.09065	1.06216	1.06852	1.06202	1.08166	1.08605	1.08379	1.06239	1.07451	1.06412	1.07522	1.07349	1.07336	1.07273	1.07704	1.07748	1.07378	1.07091	1.09338	1.08391	1.09413	1.0933	1.09173	1.08343	1.08378
ERR629885	0.802499	0.815364	0	0.804139	0.814916	0.815265	1.11198	1.12961	1.12034	1.13187	1.11664	1.11349	0.946043	0.944787	0.916306	0.911237	0.950428	0.906031	0.982773	0.979995	0.977066	0.9826	0.950831	0.948834	0.942781	0.942082	0.974741	0.944034	0.942982	0.937954	0.956814	0.94166	0.938487	0.936589	0.941872	0.953439	1.01122	0.994945	0.995154	0.993646	1.01098	1.00959	0.940267	0.937445	0.928454	0.941955	0.942941	0.93013	1.09313	1.08058	1.07824	1.11036	1.0803	1.08889	1.06114	1.07535	1.0703	1.06113	1.06467	1.06167	1.05826	1.05548	1.05681	1.05868	1.0753	1.05831	1.10479	1.0956	1.10279	1.09604	1.10439	1.09534	1.06607	1.07166	1.06565	1.08514	1.08996	1.08723	1.0667	1.07687	1.06837	1.07735	1.07596	1.07661	1.07803	1.08301	1.0823	1.07899	1.07757	1.0977	1.08858	1.09806	1.09695	1.09576	1.08801	1.08839
ERR629882	0.779944	0.798246	0.804139	0	0.805946	0.806477	1.09738	1.11694	1.10777	1.11852	1.10215	1.09919	0.930457	0.929223	0.896565	0.890666	0.936341	0.88317	0.970346	0.962667	0.95936	0.965227	0.930065	0.927863	0.928109	0.927773	0.96746	0.930609	0.928197	0.921225	0.947123	0.927004	0.924846	0.923158	0.927111	0.942574	0.989191	0.972826	0.97274	0.971135	0.989222	0.98677	0.928804	0.923741	0.913672	0.93033	0.931364	0.913579	1.07407	1.06044	1.05769	1.09591	1.05994	1.069	1.0433	1.05839	1.05401	1.04379	1.0493	1.04393	1.03689	1.03499	1.03629	1.03982	1.05451	1.03787	1.08751	1.07679	1.0867	1.07713	1.08695	1.07673	1.04756	1.05581	1.0478	1.06851	1.07338	1.07101	1.04773	1.06152	1.04969	1.06267	1.06068	1.05978	1.05789	1.06162	1.06308	1.05906	1.05487	1.08038	1.07014	1.08109	1.08056	1.07859	1.06922	1.06982
ERR629884	0.804441	0.817225	0.814916	0.805946	0	0.816982	1.11244	1.13027	1.12086	1.13258	1.11739	1.1141	0.947887	0.946707	0.918441	0.913319	0.952647	0.908438	0.984321	0.981471	0.97884	0.983741	0.952289	0.950624	0.943709	0.943467	0.976078	0.945264	0.943942	0.93911	0.957741	0.942636	0.939493	0.937729	0.942836	0.954061	1.0135	0.997446	0.997436	0.995864	1.01318	1.01164	0.941993	0.939105	0.93004	0.943542	0.944296	0.931609	1.09376	1.08147	1.07924	1.1113	1.0814	1.09017	1.06205	1.07576	1.07128	1.06197	1.06557	1.06251	1.05928	1.0563	1.05778	1.05962	1.0763	1.05932	1.10557	1.09659	1.10349	1.09649	1.10494	1.09596	1.06673	1.07194	1.06665	1.08543	1.09064	1.0878	1.06738	1.07732	1.06881	1.07812	1.07679	1.07734	1.07906	1.08388	1.08347	1.08	1.07855	1.09844	1.08932	1.09905	1.09778	1.09611	1.08868	1.08929
ERR629883	0.803983	0.817	0.815265	0.806477	0.816982	0	1.11197	1.12985	1.12047	1.13194	1.11689	1.11367	0.947361	0.946075	0.917282	0.912412	0.951894	0.907544	0.984102	0.981163	0.978089	0.983274	0.951668	0.950397	0.944134	0.943785	0.976879	0.945975	0.944193	0.939425	0.957963	0.942826	0.939854	0.93808	0.942848	0.954379	1.01223	0.996129	0.996456	0.994739	1.01209	1.01062	0.941701	0.939059	0.929791	0.943289	0.944242	0.931103	1.09337	1.08069	1.07839	1.11102	1.08054	1.0893	1.06146	1.07573	1.07096	1.06164	1.06535	1.06217	1.0589	1.05587	1.05725	1.0593	1.0759	1.05891	1.10533	1.09645	1.10343	1.09641	1.10471	1.09556	1.06631	1.07209	1.06617	1.08562	1.09025	1.08746	1.06704	1.07731	1.06846	1.07801	1.07649	1.07698	1.07818	1.08325	1.08264	1.07913	1.07784	1.09812	1.08886	1.09812	1.0974	1.09599	1.08809	1.08863
ERR630233	1.09661	1.10913	1.11198	1.09738	1.11244	1.11197	0	0.751899	0.7395	0.762653	0.735329	0.729852	1.13597	1.13486	1.11569	1.11103	1.13958	1.10653	1.14252	1.13817	1.13621	1.13951	1.11583	1.11476	1.12158	1.12086	1.14706	1.12312	1.12141	1.11591	1.15367	1.13845	1.13509	1.13324	1.13767	1.15131	1.15329	1.14094	1.14106	1.13977	1.15205	1.15118	1.14475	1.14028	1.13024	1.14633	1.14713	1.13087	0.938996	0.919974	0.918488	0.963885	0.920561	0.932749	0.908699	0.930393	0.924046	0.910607	0.916432	0.910671	1.00366	1.00179	1.00191	1.00549	1.02042	1.00324	0.934518	0.921714	0.929986	0.920105	0.930757	0.921759	0.932468	0.940307	0.932318	0.956608	0.961086	0.959665	0.917811	0.931261	0.919038	0.93311	0.931815	0.932038	0.993742	0.999782	0.999473	0.995048	0.991748	1.01752	0.958249	0.974461	0.970766	0.967741	0.958223	0.960308
ERR630231	1.11621	1.12751	1.12961	1.11694	1.13027	1.12985	0.751899	0	0.757259	0.775165	0.753104	0.752297	1.15319	1.15223	1.13443	1.13014	1.15655	1.12614	1.1595	1.15573	1.15408	1.15718	1.13528	1.13429	1.13995	1.13922	1.16346	1.14114	1.13976	1.13477	1.17	1.15599	1.15278	1.15108	1.15556	1.16764	1.17018	1.15871	1.1589	1.15773	1.16906	1.16811	1.16151	1.15734	1.14797	1.163	1.16396	1.14867	0.96	0.942896	0.941345	0.981951	0.943563	0.954766	0.935416	0.955365	0.949447	0.938011	0.942088	0.938054	1.02989	1.02831	1.02846	1.03146	1.04531	1.02918	0.952815	0.941829	0.948239	0.940112	0.949636	0.942152	0.956813	0.962824	0.956753	0.978038	0.981958	0.981243	0.942598	0.954713	0.944167	0.95645	0.95547	0.955703	1.01886	1.0247	1.02391	1.02016	1.01754	1.04008	0.981329	0.996447	0.992387	0.989744	0.981487	0.983235
ERR630235	1.10689	1.11862	1.12034	1.10777	1.12086	1.12047	0.7395	0.757259	0	0.768149	0.743258	0.740407	1.14531	1.14433	1.12607	1.12178	1.14839	1.11801	1.15129	1.14842	1.14697	1.14959	1.12742	1.12619	1.13047	1.12976	1.15407	1.13182	1.13044	1.12526	1.16165	1.14753	1.14405	1.14233	1.14713	1.15958	1.16418	1.15244	1.15266	1.15114	1.16301	1.16233	1.15346	1.14961	1.1396	1.15499	1.15593	1.14063	0.951559	0.933789	0.932119	0.972956	0.934371	0.946047	0.922768	0.942943	0.936987	0.924771	0.928606	0.925049	1.0208	1.01841	1.01864	1.02123	1.03685	1.01974	0.944972	0.933292	0.939334	0.931962	0.941213	0.93388	0.945402	0.951443	0.945444	0.968022	0.972479	0.970777	0.931123	0.942379	0.932932	0.944081	0.943217	0.944577	1.00871	1.01542	1.01418	1.01004	1.00845	1.03053	0.971706	0.986946	0.982721	0.980219	0.971588	0.973844
ERR630232	1.11786	1.12935	1.13187	1.11852	1.13258	1.13194	0.762653	0.775165	0.768149	0	0.76304	0.762822	1.15477	1.15359	1.13591	1.1317	1.15817	1.12739	1.16108	1.15711	1.15529	1.15848	1.1368	1.13541	1.14198	1.14141	1.1659	1.14334	1.14151	1.1366	1.17178	1.15769	1.15445	1.15304	1.15694	1.16933	1.17064	1.15956	1.15947	1.15827	1.1695	1.16864	1.16326	1.15879	1.14979	1.1646	1.16563	1.15019	0.962051	0.945249	0.943619	0.984688	0.945995	0.956756	0.938687	0.957582	0.952809	0.941122	0.945889	0.941197	1.03092	1.02946	1.02957	1.03298	1.04571	1.0306	0.95563	0.944814	0.951883	0.943263	0.952596	0.945006	0.959404	0.966683	0.95922	0.980642	0.984641	0.983524	0.945253	0.958078	0.946888	0.959463	0.958432	0.958819	1.01958	1.02529	1.02475	1.02077	1.01817	1.04122	0.983624	0.998325	0.995057	0.991991	0.983661	0.985717
ERR630230	1.10131	1.11393	1.11664	1.10215	1.11739	1.11689	0.735329	0.753104	0.743258	0.76304	0	0.736026	1.14039	1.13914	1.12026	1.11568	1.1439	1.11087	1.14684	1.14216	1.14033	1.14342	1.12032	1.11911	1.12621	1.12565	1.15207	1.12794	1.12605	1.12053	1.15789	1.14283	1.13976	1.13813	1.1422	1.15557	1.15697	1.14487	1.14488	1.14354	1.15559	1.15461	1.14887	1.14439	1.13471	1.15044	1.15134	1.13487	0.943152	0.924605	0.922902	0.967874	0.925179	0.937079	0.915287	0.936183	0.930436	0.917567	0.923294	0.917574	1.00891	1.00733	1.00735	1.01114	1.02549	1.0084	0.93803	0.925703	0.933765	0.923983	0.934434	0.925731	0.938501	0.946042	0.938142	0.961953	0.966185	0.965054	0.922992	0.937479	0.924648	0.938903	0.937834	0.937824	0.999284	1.00488	1.00508	1.00094	0.99722	1.02286	0.963637	0.979342	0.975687	0.97286	0.963701	0.965806
ERR630234	1.09826	1.11095	1.11349	1.09919	1.1141	1.11367	0.729852	0.752297	0.740407	0.762822	0.736026	0	1.13758	1.13654	1.1173	1.11286	1.14108	1.10801	1.14401	1.1394	1.13742	1.14094	1.11735	1.11595	1.12325	1.12247	1.14917	1.12474	1.12297	1.11745	1.15532	1.13985	1.13683	1.13487	1.13922	1.15265	1.15399	1.14167	1.14179	1.14055	1.15261	1.15178	1.14615	1.14163	1.13169	1.14779	1.14869	1.13202	0.939176	0.920193	0.918593	0.964603	0.920756	0.933018	0.910197	0.931049	0.925562	0.912287	0.917929	0.912522	1.004	1.00259	1.00281	1.00651	1.02098	1.00396	0.934657	0.921702	0.930295	0.920247	0.930931	0.922129	0.933427	0.941816	0.933092	0.957638	0.961916	0.96112	0.918567	0.932481	0.92027	0.934229	0.932795	0.933256	0.994543	1.00067	1.00023	0.996197	0.992208	1.01817	0.958902	0.975177	0.971591	0.968355	0.958944	0.96122
ERR613232	0.928452	0.942999	0.946043	0.930457	0.947887	0.947361	1.13597	1.15319	1.14531	1.15477	1.14039	1.13758	0	0.842429	0.814959	0.809	0.848763	0.804286	0.935387	0.929016	0.927072	0.930349	0.90902	0.908093	0.950179	0.949311	0.979694	0.952176	0.949466	0.94514	0.96915	0.952201	0.949051	0.947413	0.951394	0.96354	0.947114	0.93631	0.936773	0.935299	0.94674	0.946572	0.93892	0.934125	0.92697	0.939777	0.940935	0.925989	1.11633	1.10382	1.10173	1.13601	1.10332	1.11169	1.08814	1.10184	1.09753	1.08862	1.09385	1.08854	1.08233	1.08069	1.08232	1.08546	1.09756	1.08293	1.12246	1.11322	1.12296	1.11314	1.1222	1.11304	1.09401	1.10133	1.09384	1.11246	1.11632	1.11443	1.09516	1.10765	1.09637	1.10852	1.10663	1.10571	1.09647	1.09904	1.10073	1.09747	1.09323	1.11558	1.11094	1.12059	1.1203	1.11872	1.11041	1.11099
ERR613231	0.927297	0.941902	0.944787	0.929223	0.946707	0.946075	1.13486	1.15223	1.14433	1.15359	1.13914	1.13654	0.842429	0	0.815056	0.809071	0.848276	0.804267	0.936059	0.929742	0.927744	0.930886	0.909611	0.908675	0.949098	0.948115	0.978659	0.950568	0.948433	0.943744	0.96832	0.95125	0.94829	0.946359	0.950823	0.962785	0.948221	0.937114	0.937482	0.93581	0.947567	0.947286	0.938197	0.933391	0.926285	0.939518	0.940651	0.925601	1.11555	1.10325	1.10107	1.13525	1.10273	1.11114	1.08679	1.10071	1.09637	1.0872	1.09232	1.08751	1.08148	1.07988	1.08112	1.08466	1.09681	1.08219	1.12178	1.11228	1.1221	1.1123	1.12142	1.11223	1.09305	1.10023	1.09285	1.11133	1.1154	1.1131	1.09395	1.10628	1.09547	1.10723	1.10549	1.1046	1.09572	1.09807	1.1	1.09625	1.09235	1.11449	1.11027	1.11987	1.11938	1.11768	1.10972	1.11002
ERR613229	0.893775	0.911718	0.916306	0.896565	0.918441	0.917282	1.11569	1.13443	1.12607	1.13591	1.12026	1.1173	0.814959	0.815056	0	0.767582	0.822622	0.760548	0.908248	0.899844	0.896881	0.901095	0.875259	0.873673	0.920804	0.919866	0.957586	0.923366	0.920572	0.914117	0.944779	0.924202	0.921034	0.919069	0.923541	0.938411	0.920157	0.907271	0.907679	0.90591	0.919722	0.918997	0.913806	0.907416	0.898611	0.915269	0.916315	0.897135	1.09376	1.08039	1.07799	1.11599	1.07967	1.08863	1.06348	1.07855	1.07398	1.06426	1.07006	1.06442	1.05641	1.05484	1.05632	1.06053	1.07342	1.05739	1.10181	1.09132	1.10242	1.09169	1.10154	1.09133	1.07036	1.07868	1.07064	1.09064	1.09468	1.09262	1.0711	1.08539	1.07271	1.08661	1.08425	1.08286	1.07375	1.0762	1.07821	1.07485	1.06945	1.0949	1.08905	1.09945	1.09914	1.09742	1.08824	1.08861
ERR613228	0.888498	0.906233	0.911237	0.890666	0.913319	0.912412	1.11103	1.13014	1.12178	1.1317	1.11568	1.11286	0.809	0.809071	0.767582	0	0.817412	0.751733	0.901724	0.892276	0.89012	0.894201	0.867283	0.865568	0.915407	0.914371	0.953806	0.918401	0.914734	0.908566	0.939806	0.918589	0.915416	0.913565	0.917816	0.933799	0.913235	0.900176	0.900637	0.898815	0.912738	0.912041	0.908268	0.901349	0.892536	0.90964	0.910654	0.890768	1.0884	1.07474	1.07237	1.11183	1.07413	1.08313	1.05778	1.07333	1.06876	1.0586	1.06479	1.05881	1.05088	1.04958	1.05118	1.05549	1.06815	1.0523	1.09678	1.08586	1.09738	1.08618	1.09639	1.08562	1.06509	1.07397	1.06527	1.08547	1.08988	1.08788	1.06544	1.08021	1.0672	1.08159	1.07927	1.07786	1.06817	1.07058	1.07285	1.06916	1.06345	1.0902	1.08372	1.09435	1.09438	1.09235	1.0828	1.08361
ERR613230	0.934219	0.948297	0.950428	0.936341	0.952647	0.951894	1.13958	1.15655	1.14839	1.15817	1.1439	1.14108	0.848763	0.848276	0.822622	0.817412	0	0.813359	0.939433	0.935107	0.93293	0.936226	0.915925	0.914988	0.95373	0.953426	0.98186	0.955702	0.953893	0.949461	0.972217	0.956657	0.953336	0.951516	0.955959	0.967038	0.953553	0.943106	0.943624	0.94194	0.952886	0.95279	0.94313	0.938568	0.931639	0.94402	0.945092	0.931491	1.12097	1.10912	1.10699	1.13939	1.10847	1.11648	1.09224	1.106	1.10153	1.09273	1.09727	1.09291	1.08746	1.08566	1.08704	1.09	1.10289	1.08819	1.12704	1.11801	1.12728	1.11807	1.12673	1.11777	1.09837	1.10525	1.09846	1.11647	1.12049	1.11816	1.09947	1.11129	1.101	1.11216	1.11024	1.10972	1.10199	1.10483	1.1064	1.10278	1.09921	1.12008	1.11564	1.12496	1.12435	1.1227	1.11504	1.11558
ERR613227	0.88051	0.900538	0.906031	0.88317	0.908438	0.907544	1.10653	1.12614	1.11801	1.12739	1.11087	1.10801	0.804286	0.804267	0.760548	0.751733	0.813359	0	0.900307	0.888551	0.885003	0.890105	0.860251	0.858775	0.909879	0.908718	0.951744	0.912433	0.908806	0.901907	0.936179	0.913036	0.910233	0.908156	0.911995	0.929424	0.904985	0.891255	0.891572	0.889732	0.904539	0.903088	0.903453	0.89603	0.886845	0.905211	0.906381	0.88359	1.08201	1.06769	1.06521	1.10705	1.06687	1.07585	1.05244	1.06803	1.06371	1.05341	1.06036	1.05315	1.04313	1.04222	1.04385	1.04877	1.06058	1.0448	1.09059	1.07925	1.09205	1.07956	1.09017	1.07902	1.05936	1.0695	1.05966	1.08054	1.08493	1.08292	1.05982	1.07608	1.06147	1.07727	1.07493	1.07303	1.06168	1.06334	1.06659	1.06261	1.05556	1.08477	1.07728	1.08891	1.08918	1.08686	1.07655	1.07728
ERR606000	0.96875	0.980842	0.982773	0.970346	0.984321	0.984102	1.14252	1.1595	1.15129	1.16108	1.14684	1.14401	0.935387	0.936059	0.908248	0.901724	0.939433	0.900307	0	0.804052	0.803466	0.805653	0.7826	0.781573	0.95087	0.950261	0.979496	0.952956	0.950448	0.946384	0.970115	0.954122	0.951171	0.949306	0.954187	0.965233	0.911845	0.900445	0.901443	0.899929	0.910628	0.911159	0.938682	0.935329	0.926523	0.940038	0.940466	0.927138	1.12757	1.11518	1.11334	1.14648	1.11493	1.12302	1.10082	1.11427	1.10988	1.10149	1.10568	1.10158	1.09494	1.09284	1.0941	1.09754	1.10992	1.09516	1.13354	1.12406	1.1327	1.12436	1.13293	1.12388	1.10927	1.11595	1.10957	1.12733	1.13085	1.12953	1.10733	1.11796	1.10807	1.11885	1.11693	1.11685	1.1053	1.10884	1.10954	1.10651	1.10287	1.12527	1.12331	1.1328	1.13199	1.13057	1.12257	1.12358
ERR606004	0.960635	0.974993	0.979995	0.962667	0.981471	0.981163	1.13817	1.15573	1.14842	1.15711	1.14216	1.1394	0.929016	0.929742	0.899844	0.892276	0.935107	0.888551	0.804052	0	0.785514	0.788985	0.768108	0.766613	0.945902	0.944945	0.981727	0.948837	0.945953	0.940134	0.966459	0.947149	0.945231	0.94356	0.947171	0.96043	0.895676	0.884242	0.885043	0.883858	0.89474	0.89507	0.934035	0.92845	0.920049	0.935845	0.936098	0.917892	1.1189	1.10577	1.10364	1.14151	1.10541	1.11357	1.09511	1.10916	1.10524	1.09623	1.10224	1.09608	1.08196	1.08071	1.08218	1.08725	1.09718	1.08302	1.12567	1.11524	1.12638	1.1156	1.12502	1.11516	1.10281	1.11099	1.10301	1.12185	1.12509	1.12395	1.10042	1.1139	1.10163	1.11555	1.113	1.11151	1.09462	1.09684	1.09918	1.09596	1.08965	1.11683	1.11564	1.12543	1.1257	1.12392	1.1148	1.11573
ERR606003	0.957253	0.972004	0.977066	0.95936	0.97884	0.978089	1.13621	1.15408	1.14697	1.15529	1.14033	1.13742	0.927072	0.927744	0.896881	0.89012	0.93293	0.885003	0.803466	0.785514	0	0.787193	0.764577	0.762971	0.943685	0.942834	0.980337	0.946434	0.943309	0.937428	0.964584	0.944349	0.942626	0.941108	0.944242	0.958327	0.892205	0.880558	0.880942	0.880024	0.891314	0.890987	0.930548	0.924485	0.91636	0.932302	0.932956	0.913684	1.116	1.10234	1.10047	1.13934	1.10207	1.11021	1.09297	1.10709	1.10336	1.09396	1.10025	1.09378	1.07852	1.07766	1.07913	1.08427	1.09422	1.07994	1.12292	1.11224	1.12411	1.11242	1.1223	1.11205	1.10005	1.10915	1.10072	1.11955	1.12299	1.12174	1.09784	1.11196	1.09884	1.11335	1.11077	1.10913	1.09163	1.09376	1.09617	1.09321	1.08592	1.11425	1.11277	1.12318	1.12306	1.12147	1.11163	1.11275
ERR606005	0.963244	0.977746	0.9826	0.965227	0.983741	0.983274	1.13951	1.15718	1.14959	1.15848	1.14342	1.14094	0.930349	0.930886	0.901095	0.894201	0.936226	0.890105	0.805653	0.788985	0.787193	0	0.769675	0.76874	0.948898	0.947891	0.984324	0.952015	0.948567	0.942853	0.969003	0.949658	0.947784	0.946168	0.949852	0.963095	0.896787	0.885717	0.88623	0.885039	0.895561	0.89611	0.935929	0.930454	0.922255	0.937635	0.938418	0.920025	1.12005	1.10686	1.10486	1.14242	1.10654	1.1146	1.09674	1.11087	1.10672	1.09799	1.10372	1.09766	1.08323	1.0817	1.08335	1.08833	1.09851	1.08408	1.12678	1.11649	1.12769	1.11678	1.12624	1.11626	1.10402	1.11262	1.10487	1.12318	1.12651	1.1253	1.10166	1.11539	1.1029	1.11677	1.11427	1.11246	1.09595	1.09814	1.10049	1.09724	1.09083	1.11781	1.11663	1.12668	1.12675	1.12506	1.11591	1.11689
ERR606001	0.92746	0.94488	0.950831	0.930065	0.952289	0.951668	1.11583	1.13528	1.12742	1.1368	1.12032	1.11735	0.90902	0.909611	0.875259	0.867283	0.915925	0.860251	0.7826	0.768108	0.764577	0.769675	0	0.728339	0.916566	0.91549	0.95919	0.920022	0.915879	0.908836	0.942741	0.919276	0.917319	0.915397	0.919371	0.936269	0.873399	0.858611	0.858889	0.857184	0.872111	0.871378	0.906272	0.898752	0.88912	0.908314	0.909082	0.886233	1.09367	1.0792	1.07711	1.11928	1.07887	1.08743	1.06875	1.08396	1.07998	1.07003	1.07665	1.06962	1.05446	1.05346	1.05493	1.06099	1.07117	1.05579	1.10202	1.09026	1.10339	1.09064	1.1012	1.09006	1.07703	1.08726	1.07775	1.09815	1.10178	1.10078	1.07463	1.08997	1.07582	1.09148	1.08885	1.08685	1.06885	1.07083	1.07373	1.07031	1.06243	1.09325	1.09049	1.10191	1.10218	1.10011	1.08976	1.09067
ERR606002	0.925395	0.942657	0.948834	0.927863	0.950624	0.950397	1.11476	1.13429	1.12619	1.13541	1.11911	1.11595	0.908093	0.908675	0.873673	0.865568	0.914988	0.858775	0.781573	0.766613	0.762971	0.76874	0.728339	0	0.915093	0.913935	0.958513	0.918442	0.91416	0.906712	0.941562	0.917865	0.915587	0.913634	0.917589	0.934774	0.871805	0.856872	0.857131	0.855625	0.870858	0.869988	0.904164	0.897081	0.887058	0.906316	0.907382	0.883622	1.09223	1.0772	1.07532	1.11798	1.07709	1.08542	1.06718	1.08273	1.07882	1.06872	1.07521	1.06847	1.05238	1.05153	1.05292	1.05899	1.06907	1.05375	1.10053	1.0888	1.10214	1.08889	1.09967	1.08847	1.07562	1.08598	1.07605	1.09648	1.10042	1.0991	1.07267	1.08871	1.074	1.09007	1.08754	1.08539	1.06721	1.06917	1.07226	1.06881	1.06043	1.09194	1.08868	1.10021	1.10062	1.09841	1.08793	1.08906
ERR608869	0.92631	0.939774	0.942781	0.928109	0.943709	0.944134	1.12158	1.13995	1.13047	1.14198	1.12621	1.12325	0.950179	0.949098	0.920804	0.915407	0.95373	0.909879	0.95087	0.945902	0.943685	0.948898	0.916566	0.915093	0	0.732545	0.777977	0.738243	0.733348	0.729956	0.835983	0.812842	0.806761	0.804413	0.811805	0.829255	0.950835	0.931157	0.931194	0.930113	0.950364	0.948097	0.855986	0.852349	0.840924	0.85815	0.859333	0.842082	1.1068	1.09341	1.09133	1.12597	1.0934	1.1025	1.07227	1.0874	1.0828	1.07286	1.07727	1.07337	1.07288	1.0706	1.07161	1.07469	1.09014	1.07318	1.1142	1.10402	1.1126	1.10453	1.11324	1.10363	1.08472	1.09127	1.08518	1.10439	1.10899	1.10671	1.08272	1.09337	1.08329	1.09454	1.09268	1.09285	1.08845	1.09294	1.09273	1.08964	1.08643	1.10905	1.10324	1.11377	1.11287	1.11096	1.10246	1.10325
ERR608870	0.925959	0.939577	0.942082	0.927773	0.943467	0.943785	1.12086	1.13922	1.12976	1.14141	1.12565	1.12247	0.949311	0.948115	0.919866	0.914371	0.953426	0.908718	0.950261	0.944945	0.942834	0.947891	0.91549	0.913935	0.732545	0	0.777498	0.737458	0.732133	0.728751	0.835789	0.812403	0.806817	0.804007	0.811635	0.828874	0.949817	0.929868	0.92988	0.92882	0.949286	0.946984	0.855886	0.852504	0.840615	0.858192	0.859121	0.84142	1.10595	1.09229	1.09001	1.12528	1.0923	1.10135	1.0714	1.08666	1.08176	1.0719	1.07654	1.07246	1.0721	1.06943	1.07105	1.07389	1.08919	1.07246	1.11335	1.10326	1.11165	1.10342	1.11249	1.10277	1.08399	1.09053	1.08411	1.10343	1.10844	1.10595	1.08191	1.09264	1.08253	1.09396	1.09203	1.0922	1.08726	1.09178	1.09166	1.08853	1.08523	1.10823	1.10244	1.11292	1.11218	1.11028	1.10182	1.10258
ERR608865	0.966906	0.975477	0.974741	0.96746	0.976078	0.976879	1.14706	1.16346	1.15407	1.1659	1.15207	1.14917	0.979694	0.978659	0.957586	0.953806	0.98186	0.951744	0.979496	0.981727	0.980337	0.984324	0.95919	0.958513	0.777977	0.777498	0	0.775085	0.778015	0.773422	0.863697	0.849865	0.843041	0.840506	0.848711	0.859262	0.99035	0.97246	0.97288	0.971943	0.989817	0.988372	0.888298	0.887369	0.878641	0.889415	0.889952	0.882124	1.13806	1.12648	1.12459	1.15154	1.12642	1.13499	1.10383	1.11729	1.11217	1.10351	1.10603	1.10452	1.10862	1.10553	1.10633	1.10735	1.12452	1.10825	1.14351	1.135	1.14018	1.13544	1.14252	1.1347	1.11537	1.11901	1.11517	1.13234	1.13677	1.13419	1.11438	1.12071	1.11489	1.12196	1.12052	1.12228	1.12136	1.12678	1.12537	1.12236	1.1223	1.13811	1.13406	1.1427	1.14142	1.1402	1.13359	1.13449
ERR608866	0.928961	0.941691	0.944034	0.930609	0.945264	0.945975	1.12312	1.14114	1.13182	1.14334	1.12794	1.12474	0.952176	0.950568	0.923366	0.918401	0.955702	0.912433	0.952956	0.948837	0.946434	0.952015	0.920022	0.918442	0.738243	0.737458	0.775085	0	0.737528	0.729225	0.837264	0.815987	0.809557	0.806716	0.814486	0.830782	0.953914	0.934231	0.934457	0.933293	0.95316	0.951067	0.857946	0.854216	0.843094	0.859727	0.86076	0.843733	1.10878	1.09537	1.09315	1.1274	1.09544	1.10431	1.07448	1.08938	1.08413	1.07448	1.07902	1.07523	1.07524	1.07273	1.0741	1.07663	1.09233	1.0755	1.11583	1.10566	1.11415	1.10608	1.11483	1.10542	1.0867	1.09309	1.08688	1.10616	1.11082	1.10837	1.08478	1.09508	1.08536	1.09626	1.09445	1.09474	1.09067	1.09488	1.09493	1.09188	1.0889	1.11117	1.10512	1.11556	1.11459	1.11289	1.10452	1.1053
ERR608868	0.926472	0.940056	0.942982	0.928197	0.943942	0.944193	1.12141	1.13976	1.13044	1.14151	1.12605	1.12297	0.949466	0.948433	0.920572	0.914734	0.953893	0.908806	0.950448	0.945953	0.943309	0.948567	0.915879	0.91416	0.733348	0.732133	0.778015	0.737528	0	0.728299	0.836727	0.813124	0.807464	0.804569	0.811996	0.829552	0.948145	0.928622	0.928412	0.927537	0.947648	0.945248	0.855404	0.851552	0.840539	0.857844	0.858677	0.840878	1.10621	1.09243	1.09046	1.1257	1.09262	1.1013	1.07219	1.08739	1.08274	1.07276	1.07723	1.07316	1.07236	1.07009	1.07156	1.07455	1.08955	1.07293	1.11339	1.10302	1.112	1.1033	1.11241	1.10272	1.08427	1.09154	1.08462	1.10388	1.10877	1.10633	1.08228	1.09307	1.08308	1.09428	1.0925	1.09266	1.08758	1.09159	1.0919	1.08883	1.085	1.10855	1.10257	1.11313	1.11226	1.11053	1.10168	1.1027
ERR608867	0.919536	0.934161	0.937954	0.921225	0.93911	0.939425	1.11591	1.13477	1.12526	1.1366	1.12053	1.11745	0.94514	0.943744	0.914117	0.908566	0.949461	0.901907	0.946384	0.940134	0.937428	0.942853	0.908836	0.906712	0.729956	0.728751	0.773422	0.729225	0.728299	0	0.832527	0.807643	0.802224	0.799042	0.806211	0.825523	0.942346	0.922678	0.922271	0.921428	0.941826	0.939425	0.850957	0.845994	0.834053	0.852995	0.854295	0.833814	1.0997	1.08569	1.08339	1.1203	1.08573	1.09444	1.06522	1.08097	1.07625	1.06596	1.07114	1.0665	1.06474	1.06271	1.06407	1.06785	1.08231	1.06554	1.10695	1.09631	1.10623	1.09657	1.10589	1.09588	1.07799	1.08533	1.07817	1.09796	1.10267	1.10032	1.07568	1.08753	1.0763	1.08874	1.08668	1.08646	1.08082	1.08476	1.08535	1.08216	1.07759	1.10278	1.09597	1.10694	1.10655	1.1045	1.09539	1.09619
ERR626952	0.945679	0.954982	0.956814	0.947123	0.957741	0.957963	1.15367	1.17	1.16165	1.17178	1.15789	1.15532	0.96915	0.96832	0.944779	0.939806	0.972217	0.936179	0.970115	0.966459	0.964584	0.969003	0.942741	0.941562	0.835983	0.835789	0.863697	0.837264	0.836727	0.832527	0	0.805103	0.804121	0.802269	0.804482	0.818004	0.977368	0.962254	0.962016	0.96134	0.977179	0.975665	0.871992	0.870721	0.863665	0.873205	0.873199	0.865288	1.14238	1.13036	1.12878	1.15872	1.13034	1.1382	1.11231	1.12537	1.12104	1.11247	1.11629	1.11307	1.10384	1.10153	1.10311	1.10524	1.11945	1.10426	1.14727	1.13843	1.14596	1.13877	1.14678	1.13812	1.12216	1.12845	1.12263	1.1396	1.14346	1.14162	1.12114	1.13066	1.12176	1.13182	1.13015	1.13015	1.12439	1.12809	1.12852	1.12556	1.12238	1.14249	1.13998	1.14886	1.14829	1.14693	1.13948	1.14002
ERR626951	0.925607	0.937764	0.94166	0.927004	0.942636	0.942826	1.13845	1.15599	1.14753	1.15769	1.14283	1.13985	0.952201	0.95125	0.924202	0.918589	0.956657	0.913036	0.954122	0.947149	0.944349	0.949658	0.919276	0.917865	0.812842	0.812403	0.849865	0.815987	0.813124	0.807643	0.805103	0	0.781567	0.779528	0.781411	0.800481	0.954905	0.938433	0.938198	0.937155	0.95515	0.952732	0.85528	0.851904	0.843604	0.857085	0.857521	0.8433	1.1239	1.11074	1.10882	1.14346	1.1107	1.11901	1.09321	1.10764	1.1034	1.09399	1.09914	1.09443	1.0843	1.08214	1.08401	1.08735	1.10057	1.08497	1.1299	1.11985	1.12921	1.12024	1.12915	1.11948	1.10375	1.11151	1.10438	1.12242	1.12659	1.12514	1.10222	1.11393	1.10293	1.11507	1.11301	1.1125	1.10456	1.10808	1.10887	1.10579	1.10129	1.12536	1.12185	1.13172	1.13149	1.12983	1.12119	1.12196
ERR626956	0.923034	0.935455	0.938487	0.924846	0.939493	0.939854	1.13509	1.15278	1.14405	1.15445	1.13976	1.13683	0.949051	0.94829	0.921034	0.915416	0.953336	0.910233	0.951171	0.945231	0.942626	0.947784	0.917319	0.915587	0.806761	0.806817	0.843041	0.809557	0.807464	0.802224	0.804121	0.781567	0	0.771838	0.780154	0.794349	0.953781	0.936366	0.93595	0.935044	0.953687	0.951488	0.8518	0.848961	0.839569	0.853913	0.854099	0.839876	1.1211	1.10813	1.10622	1.14017	1.10794	1.11635	1.08965	1.10397	1.09923	1.08994	1.09457	1.09021	1.08226	1.08003	1.08179	1.08509	1.09908	1.08311	1.1271	1.11742	1.12628	1.11738	1.12634	1.11695	1.1005	1.10728	1.10075	1.11911	1.12347	1.12155	1.09901	1.10965	1.09954	1.11098	1.10889	1.10894	1.10147	1.10543	1.1062	1.10292	1.09912	1.12214	1.11882	1.12888	1.12825	1.12666	1.1186	1.11891
ERR626955	0.92117	0.933713	0.936589	0.923158	0.937729	0.93808	1.13324	1.15108	1.14233	1.15304	1.13813	1.13487	0.947413	0.946359	0.919069	0.913565	0.951516	0.908156	0.949306	0.94356	0.941108	0.946168	0.915397	0.913634	0.804413	0.804007	0.840506	0.806716	0.804569	0.799042	0.802269	0.779528	0.771838	0	0.77818	0.792217	0.953434	0.935276	0.934856	0.934108	0.953092	0.950846	0.850547	0.847296	0.837695	0.852328	0.852699	0.838212	1.11964	1.10641	1.10459	1.13879	1.10657	1.11504	1.08714	1.10174	1.09716	1.08744	1.09229	1.08795	1.08126	1.07868	1.08028	1.08362	1.09771	1.08158	1.12569	1.11568	1.12449	1.1161	1.12489	1.11539	1.09842	1.1052	1.09864	1.11729	1.12199	1.11973	1.09699	1.10775	1.09749	1.10903	1.10698	1.10677	1.10013	1.10416	1.10455	1.10149	1.09766	1.12096	1.11721	1.12721	1.12687	1.12504	1.11672	1.11745
ERR626953	0.92516	0.938219	0.941872	0.927111	0.942836	0.942848	1.13767	1.15556	1.14713	1.15694	1.1422	1.13922	0.951394	0.950823	0.923541	0.917816	0.955959	0.911995	0.954187	0.947171	0.944242	0.949852	0.919371	0.917589	0.811805	0.811635	0.848711	0.814486	0.811996	0.806211	0.804482	0.781411	0.780154	0.77818	0	0.799534	0.954417	0.937509	0.93726	0.9363	0.954316	0.952199	0.854762	0.851682	0.843149	0.856432	0.856951	0.8428	1.1231	1.11012	1.1082	1.14276	1.11	1.11802	1.09243	1.10703	1.10229	1.09324	1.09839	1.0936	1.08344	1.08161	1.08314	1.08672	1.09985	1.08429	1.12906	1.11904	1.12883	1.11978	1.12859	1.11882	1.10318	1.11067	1.10342	1.12162	1.12589	1.12425	1.10128	1.11303	1.102	1.11422	1.11214	1.11172	1.10402	1.10713	1.10816	1.105	1.10036	1.12456	1.12109	1.13086	1.13073	1.12881	1.12024	1.12096
ERR626954	0.940759	0.950824	0.953439	0.942574	0.954061	0.954379	1.15131	1.16764	1.15958	1.16933	1.15557	1.15265	0.96354	0.962785	0.938411	0.933799	0.967038	0.929424	0.965233	0.96043	0.958327	0.963095	0.936269	0.934774	0.829255	0.828874	0.859262	0.830782	0.829552	0.825523	0.818004	0.800481	0.794349	0.792217	0.799534	0	0.968861	0.953197	0.952748	0.952081	0.968679	0.967033	0.865077	0.863576	0.856425	0.867034	0.866888	0.857179	1.13827	1.1259	1.12452	1.15607	1.12623	1.13399	1.10873	1.12259	1.11797	1.10923	1.11372	1.10985	1.09962	1.09775	1.09895	1.10202	1.1154	1.10057	1.14363	1.1341	1.14247	1.13483	1.14309	1.13406	1.11889	1.12551	1.11929	1.13632	1.14057	1.13851	1.11762	1.1278	1.11787	1.12865	1.12686	1.12698	1.11963	1.12347	1.12367	1.12075	1.11743	1.13873	1.13639	1.14558	1.14517	1.14335	1.13587	1.13639
ERR622084	0.9872	1.00366	1.01122	0.989191	1.0135	1.01223	1.15329	1.17018	1.16418	1.17064	1.15697	1.15399	0.947114	0.948221	0.920157	0.913235	0.953553	0.904985	0.911845	0.895676	0.892205	0.896787	0.873399	0.871805	0.950835	0.949817	0.99035	0.953914	0.948145	0.942346	0.977368	0.954905	0.953781	0.953434	0.954417	0.968861	0	0.711636	0.710309	0.710199	0.721814	0.716434	0.942187	0.934082	0.929238	0.944199	0.9446	0.92316	1.11272	1.09877	1.09763	1.14208	1.09827	1.10522	1.11194	1.12509	1.12224	1.11321	1.12057	1.11278	1.09003	1.09067	1.09239	1.09893	1.10352	1.09253	1.11885	1.10666	1.12539	1.10708	1.1191	1.1074	1.11459	1.12757	1.11508	1.13402	1.13709	1.13654	1.11048	1.1271	1.11153	1.12838	1.12594	1.12251	1.08937	1.0869	1.09347	1.09116	1.07807	1.11234	1.12119	1.13227	1.13368	1.13096	1.12027	1.12112
ERR622088	0.970604	0.987829	0.994945	0.972826	0.997446	0.996129	1.14094	1.15871	1.15244	1.15956	1.14487	1.14167	0.93631	0.937114	0.907271	0.900176	0.943106	0.891255	0.900445	0.884242	0.880558	0.885717	0.858611	0.856872	0.931157	0.929868	0.97246	0.934231	0.928622	0.922678	0.962254	0.938433	0.936366	0.935276	0.937509	0.953197	0.711636	0	0.688974	0.688906	0.712449	0.70673	0.926326	0.918036	0.911058	0.928242	0.928843	0.905583	1.10029	1.08557	1.08419	1.13027	1.08537	1.09299	1.09725	1.11118	1.10803	1.09835	1.10583	1.098	1.07712	1.07757	1.079	1.08589	1.09191	1.07995	1.10712	1.09441	1.11283	1.09485	1.10712	1.09521	1.10082	1.11353	1.10137	1.12105	1.12445	1.12365	1.09707	1.11315	1.09792	1.11475	1.11211	1.10917	1.07624	1.07448	1.08055	1.0781	1.06529	1.10025	1.10855	1.12022	1.12147	1.11874	1.10782	1.10857
ERR622086	0.970531	0.987937	0.995154	0.97274	0.997436	0.996456	1.14106	1.1589	1.15266	1.15947	1.14488	1.14179	0.936773	0.937482	0.907679	0.900637	0.943624	0.891572	0.901443	0.885043	0.880942	0.88623	0.858889	0.857131	0.931194	0.92988	0.97288	0.934457	0.928412	0.922271	0.962016	0.938198	0.93595	0.934856	0.93726	0.952748	0.710309	0.688974	0	0.687781	0.71113	0.704872	0.926329	0.917976	0.911055	0.928474	0.928742	0.905161	1.10003	1.08519	1.08413	1.13023	1.08492	1.09246	1.09776	1.11168	1.10834	1.09887	1.10645	1.0984	1.07657	1.07704	1.07879	1.08542	1.09124	1.07935	1.10691	1.09431	1.11297	1.09443	1.10702	1.09496	1.10107	1.11411	1.10158	1.12144	1.12477	1.12416	1.09705	1.11378	1.09804	1.11516	1.1126	1.10955	1.07632	1.07413	1.08061	1.07802	1.06505	1.10042	1.10851	1.12024	1.12126	1.11885	1.10784	1.10847
ERR622087	0.969009	0.986178	0.993646	0.971135	0.995864	0.994739	1.13977	1.15773	1.15114	1.15827	1.14354	1.14055	0.935299	0.93581	0.90591	0.898815	0.94194	0.889732	0.899929	0.883858	0.880024	0.885039	0.857184	0.855625	0.930113	0.92882	0.971943	0.933293	0.927537	0.921428	0.96134	0.937155	0.935044	0.934108	0.9363	0.952081	0.710199	0.688906	0.687781	0	0.711073	0.705047	0.92509	0.916607	0.909855	0.92725	0.927492	0.904412	1.09891	1.08394	1.08301	1.12863	1.08368	1.09125	1.09578	1.11001	1.10653	1.09704	1.10456	1.09665	1.07554	1.07578	1.07753	1.08423	1.0903	1.07811	1.10581	1.09332	1.11169	1.09326	1.1058	1.0938	1.09956	1.11251	1.10014	1.11983	1.12339	1.12266	1.09536	1.11214	1.0964	1.11368	1.11079	1.1077	1.07508	1.07306	1.07934	1.07677	1.06396	1.09892	1.10722	1.11898	1.12005	1.11738	1.10606	1.10694
ERR622085	0.986908	1.00349	1.01098	0.989222	1.01318	1.01209	1.15205	1.16906	1.16301	1.1695	1.15559	1.15261	0.94674	0.947567	0.919722	0.912738	0.952886	0.904539	0.910628	0.89474	0.891314	0.895561	0.872111	0.870858	0.950364	0.949286	0.989817	0.95316	0.947648	0.941826	0.977179	0.95515	0.953687	0.953092	0.954316	0.968679	0.721814	0.712449	0.71113	0.711073	0	0.717782	0.942552	0.934258	0.929129	0.944435	0.944514	0.92313	1.1119	1.09756	1.09658	1.14101	1.09731	1.10418	1.11033	1.1236	1.12075	1.11192	1.11907	1.11129	1.08923	1.08968	1.09154	1.09815	1.10284	1.09177	1.1182	1.10579	1.12424	1.1059	1.11824	1.10652	1.11308	1.12608	1.11365	1.13257	1.13598	1.13508	1.10946	1.12581	1.1101	1.1273	1.1246	1.12132	1.08871	1.08624	1.09264	1.09042	1.07737	1.11161	1.12001	1.13139	1.13256	1.12986	1.11929	1.12001
ERR622083	0.984892	1.00166	1.00959	0.98677	1.01164	1.01062	1.15118	1.16811	1.16233	1.16864	1.15461	1.15178	0.946572	0.947286	0.918997	0.912041	0.95279	0.903088	0.911159	0.89507	0.890987	0.89611	0.871378	0.869988	0.948097	0.946984	0.988372	0.951067	0.945248	0.939425	0.975665	0.952732	0.951488	0.950846	0.952199	0.967033	0.716434	0.70673	0.704872	0.705047	0.717782	0	0.940346	0.932163	0.926589	0.942349	0.942554	0.92093	1.10921	1.09542	1.09425	1.13948	1.09501	1.10182	1.10925	1.12262	1.11959	1.1108	1.11804	1.11012	1.08698	1.08782	1.08921	1.0961	1.10065	1.08981	1.11613	1.1039	1.12276	1.10402	1.11617	1.10471	1.11163	1.12493	1.11238	1.13131	1.13444	1.13391	1.10798	1.12484	1.10898	1.12612	1.12359	1.12016	1.08666	1.08385	1.09062	1.08846	1.07475	1.1096	1.11831	1.12975	1.13101	1.12829	1.11738	1.11788
ERR607756	0.927575	0.93836	0.940267	0.928804	0.941993	0.941701	1.14475	1.16151	1.15346	1.16326	1.14887	1.14615	0.93892	0.938197	0.913806	0.908268	0.94313	0.903453	0.938682	0.934035	0.930548	0.935929	0.906272	0.904164	0.855986	0.855886	0.888298	0.857946	0.855404	0.850957	0.871992	0.85528	0.8518	0.850547	0.854762	0.865077	0.942187	0.926326	0.926329	0.92509	0.942552	0.940346	0	0.794155	0.786069	0.797646	0.798436	0.785703	1.12795	1.11566	1.11398	1.14786	1.1157	1.1233	1.10135	1.11494	1.11062	1.10176	1.10638	1.10202	1.08747	1.08564	1.08715	1.09041	1.10351	1.08838	1.13195	1.12236	1.13203	1.1226	1.13115	1.12197	1.11015	1.11764	1.11035	1.12842	1.13231	1.13062	1.10814	1.11935	1.10868	1.12024	1.11842	1.118	1.10598	1.10854	1.10979	1.10684	1.10203	1.12599	1.12399	1.13408	1.13345	1.13156	1.12337	1.12413
ERR607753	0.922288	0.934517	0.937445	0.923741	0.939105	0.939059	1.14028	1.15734	1.14961	1.15879	1.14439	1.14163	0.934125	0.933391	0.907416	0.901349	0.938568	0.89603	0.935329	0.92845	0.924485	0.930454	0.898752	0.897081	0.852349	0.852504	0.887369	0.854216	0.851552	0.845994	0.870721	0.851904	0.848961	0.847296	0.851682	0.863576	0.934082	0.918036	0.917976	0.916607	0.934258	0.932163	0.794155	0	0.778217	0.79544	0.796313	0.776993	1.12165	1.10875	1.10697	1.14255	1.1086	1.11648	1.09552	1.10945	1.10528	1.09616	1.10136	1.09637	1.08005	1.07851	1.0799	1.08373	1.09611	1.08122	1.12606	1.11586	1.12685	1.11612	1.12496	1.11572	1.10422	1.11232	1.10431	1.12261	1.12674	1.12523	1.10189	1.11453	1.10285	1.11572	1.11366	1.11243	1.09894	1.10108	1.1029	1.10016	1.09406	1.11949	1.11779	1.12814	1.12798	1.12614	1.11744	1.118
ERR607755	0.91193	0.92574	0.928454	0.913672	0.93004	0.929791	1.13024	1.14797	1.1396	1.14979	1.13471	1.13169	0.92697	0.926285	0.898611	0.892536	0.931639	0.886845	0.926523	0.920049	0.91636	0.922255	0.88912	0.887058	0.840924	0.840615	0.878641	0.843094	0.840539	0.834053	0.863665	0.843604	0.839569	0.837695	0.843149	0.856425	0.929238	0.911058	0.911055	0.909855	0.929129	0.926589	0.786069	0.778217	0	0.788087	0.789481	0.766386	1.11192	1.09871	1.09699	1.13303	1.09863	1.10686	1.0838	1.09821	1.09394	1.0842	1.08955	1.08453	1.07084	1.06908	1.07048	1.07421	1.08774	1.0717	1.11661	1.10652	1.11698	1.10665	1.11586	1.10614	1.09331	1.10101	1.09359	1.11222	1.11671	1.11479	1.09102	1.10314	1.09178	1.10429	1.10198	1.1014	1.08903	1.09211	1.09352	1.09016	1.08468	1.11035	1.10824	1.11887	1.11842	1.11674	1.10777	1.10849
ERR607758	0.929049	0.939908	0.941955	0.93033	0.943542	0.943289	1.14633	1.163	1.15499	1.1646	1.15044	1.14779	0.939777	0.939518	0.915269	0.90964	0.94402	0.905211	0.940038	0.935845	0.932302	0.937635	0.908314	0.906316	0.85815	0.858192	0.889415	0.859727	0.857844	0.852995	0.873205	0.857085	0.853913	0.852328	0.856432	0.867034	0.944199	0.928242	0.928474	0.92725	0.944435	0.942349	0.797646	0.79544	0.788087	0	0.799914	0.788054	1.1301	1.11775	1.11599	1.14943	1.11756	1.12528	1.1034	1.11679	1.11262	1.10344	1.10832	1.10402	1.08979	1.08759	1.08909	1.09236	1.10541	1.09039	1.1338	1.12447	1.13417	1.12468	1.13332	1.12416	1.11189	1.1194	1.11228	1.12971	1.13384	1.13218	1.10985	1.12111	1.11046	1.12211	1.1202	1.11963	1.10783	1.11066	1.11192	1.10887	1.10427	1.12748	1.126	1.13561	1.13541	1.13367	1.1253	1.12605
ERR607757	0.929979	0.940896	0.942941	0.931364	0.944296	0.944242	1.14713	1.16396	1.15593	1.16563	1.15134	1.14869	0.940935	0.940651	0.916315	0.910654	0.945092	0.906381	0.940466	0.936098	0.932956	0.938418	0.909082	0.907382	0.859333	0.859121	0.889952	0.86076	0.858677	0.854295	0.873199	0.857521	0.854099	0.852699	0.856951	0.866888	0.9446	0.928843	0.928742	0.927492	0.944514	0.942554	0.798436	0.796313	0.789481	0.799914	0	0.789285	1.13077	1.11829	1.11665	1.15025	1.11816	1.12585	1.1042	1.11766	1.11377	1.10486	1.1093	1.10498	1.08996	1.0882	1.08951	1.09298	1.10586	1.09092	1.13471	1.12519	1.13462	1.1254	1.13376	1.12489	1.113	1.12037	1.11311	1.13071	1.13494	1.13295	1.11105	1.12206	1.11159	1.12281	1.12106	1.1205	1.10882	1.11184	1.11287	1.10981	1.10503	1.12829	1.12678	1.1365	1.1363	1.13454	1.12616	1.1269
ERR607754	0.911601	0.925895	0.93013	0.913579	0.931609	0.931103	1.13087	1.14867	1.14063	1.15019	1.13487	1.13202	0.925989	0.925601	0.897135	0.890768	0.931491	0.88359	0.927138	0.917892	0.913684	0.920025	0.886233	0.883622	0.842082	0.84142	0.882124	0.843733	0.840878	0.833814	0.865288	0.8433	0.839876	0.838212	0.8428	0.857179	0.92316	0.905583	0.905161	0.904412	0.92313	0.92093	0.785703	0.776993	0.766386	0.788054	0.789285	0	1.11048	1.09667	1.095	1.13312	1.09653	1.1046	1.08387	1.0985	1.0943	1.08493	1.09025	1.08457	1.06796	1.06672	1.06823	1.07261	1.08461	1.06924	1.11556	1.1046	1.11656	1.10511	1.11445	1.10444	1.0926	1.10182	1.09293	1.11203	1.11624	1.11466	1.09021	1.10388	1.09107	1.10503	1.10278	1.10145	1.08688	1.08917	1.09138	1.08838	1.08135	1.10896	1.10684	1.1178	1.11772	1.1156	1.10611	1.10692
