	ERR629704	ERR629705	ERR629708	ERR629706	ERR629707	ERR629709	ERR605656	ERR605653	ERR605658	ERR605654	ERR605657	ERR605655	ERR608884	ERR608887	ERR608886	ERR608888	ERR608883	ERR608885	ERR613552	ERR613556	ERR613554	ERR613551	ERR613553	ERR613555	ERR631209	ERR631212	ERR631207	ERR631208	ERR631211	ERR631210	ERR613356	ERR613354	ERR613355	ERR613353	ERR613358	ERR613357	ERR636976	ERR636978	ERR636974	ERR636975	ERR636973	ERR636977	ERR608367	ERR608369	ERR608366	ERR608370	ERR608365	ERR608368	ERR607484	ERR607483	ERR607481	ERR607482	ERR607486	ERR607485	ERR614872	ERR614873	ERR614876	ERR614875	ERR614871	ERR614874	ERR616957	ERR616960	ERR616958	ERR616956	ERR616955	ERR616959	ERR616477	ERR616479	ERR616476	ERR616474	ERR616478	ERR616475	ERR616857	ERR616858	ERR616854	ERR616855	ERR616853	ERR616856	ERR630009	ERR630006	ERR630008	ERR630007	ERR630011	ERR630010	ERR608173	ERR608177	ERR608175	ERR608174	ERR608178	ERR608176	ERR605718	ERR605714	ERR605715	ERR605713	ERR605717	ERR605716
ERR629704	8.35818e+09	7.31038e+09	8.31791e+09	7.29153e+09	8.33932e+09	8.41528e+09	6.17977e+09	6.87705e+09	6.25815e+09	6.48871e+09	6.31637e+09	6.38429e+09	8.65263e+09	7.25468e+09	7.15002e+09	7.10922e+09	8.45906e+09	8.66038e+09	8.3712e+09	7.70381e+09	7.7819e+09	8.40244e+09	8.37021e+09	7.71692e+09	7.48336e+09	6.69699e+09	6.86697e+09	6.72089e+09	6.70096e+09	6.73516e+09	6.3808e+09	6.58192e+09	7.07154e+09	7.50237e+09	5.43483e+09	6.51771e+09	7.05861e+09	7.94033e+09	6.77256e+09	7.80478e+09	7.76023e+09	8.05914e+09	7.94393e+09	8.0424e+09	7.41431e+09	7.41744e+09	6.15742e+09	7.95439e+09	6.8993e+09	6.27041e+09	6.27436e+09	6.40264e+09	6.94479e+09	6.89109e+09	6.46274e+09	6.29254e+09	7.42446e+09	7.36925e+09	6.32268e+09	7.42126e+09	5.57875e+09	4.79059e+09	4.80393e+09	5.43776e+09	5.23915e+09	4.7292e+09	7.95626e+09	7.98243e+09	7.01911e+09	6.94484e+09	7.98772e+09	4.91189e+09	7.23022e+09	7.26653e+09	7.7574e+09	8.08392e+09	7.76235e+09	7.18396e+09	5.75252e+09	7.43096e+09	7.14343e+09	6.72788e+09	6.8115e+09	6.66056e+09	5.65224e+09	6.52656e+09	7.07161e+09	6.60055e+09	6.35145e+09	6.60391e+09	6.19831e+09	6.40376e+09	6.30923e+09	6.76578e+09	6.24929e+09	6.12652e+09
ERR629705	7.31038e+09	6.8226e+09	7.467e+09	6.60947e+09	7.48464e+09	7.54755e+09	5.59135e+09	6.19086e+09	5.66933e+09	5.86074e+09	5.72165e+09	5.77204e+09	7.73447e+09	6.56341e+09	6.47148e+09	6.43751e+09	7.57687e+09	7.74339e+09	7.50858e+09	6.94619e+09	7.01276e+09	7.53482e+09	7.50759e+09	6.95755e+09	6.70842e+09	6.03211e+09	6.17826e+09	6.04851e+09	6.0365e+09	6.0666e+09	5.78941e+09	5.97093e+09	6.39202e+09	6.75506e+09	4.97027e+09	5.90796e+09	6.39667e+09	7.14695e+09	6.15149e+09	7.02799e+09	6.98975e+09	7.2473e+09	7.13951e+09	7.22151e+09	6.69433e+09	6.69746e+09	5.6148e+09	7.14592e+09	6.22919e+09	5.68499e+09	5.6902e+09	5.80171e+09	6.2688e+09	6.22278e+09	5.87113e+09	5.72016e+09	6.69977e+09	6.65358e+09	5.75062e+09	6.69693e+09	4.99225e+09	4.32441e+09	4.33432e+09	4.87e+09	4.70589e+09	4.26932e+09	7.15308e+09	7.17505e+09	6.34869e+09	6.2856e+09	7.17865e+09	4.49869e+09	6.55111e+09	6.58073e+09	6.98527e+09	7.25789e+09	6.9931e+09	6.51169e+09	5.25506e+09	6.70197e+09	6.45509e+09	6.10286e+09	6.18148e+09	6.05095e+09	5.10934e+09	5.86253e+09	6.32019e+09	5.91843e+09	5.71108e+09	5.92868e+09	5.61017e+09	5.78062e+09	5.69999e+09	6.09154e+09	5.65675e+09	5.53712e+09
ERR629708	8.31791e+09	7.467e+09	8.75709e+09	7.44626e+09	8.54153e+09	8.61936e+09	6.31325e+09	7.0331e+09	6.39663e+09	6.63284e+09	6.45742e+09	6.52482e+09	8.86527e+09	7.40991e+09	7.30117e+09	7.25914e+09	8.66353e+09	8.87466e+09	8.57629e+09	7.87814e+09	7.95922e+09	8.60903e+09	8.57533e+09	7.89157e+09	7.65789e+09	6.8457e+09	7.02094e+09	6.86971e+09	6.84995e+09	6.88509e+09	6.51242e+09	6.72181e+09	7.22753e+09	7.67282e+09	5.54247e+09	6.65405e+09	7.21259e+09	8.12748e+09	6.91864e+09	7.98429e+09	7.93709e+09	8.25084e+09	8.12513e+09	8.22745e+09	7.57689e+09	7.58026e+09	6.28354e+09	8.13543e+09	7.0497e+09	6.40233e+09	6.40683e+09	6.53837e+09	7.09645e+09	7.04094e+09	6.59665e+09	6.42101e+09	7.58799e+09	7.53082e+09	6.45334e+09	7.58524e+09	5.70958e+09	4.90116e+09	4.91419e+09	5.56344e+09	5.35965e+09	4.83776e+09	8.14497e+09	8.17238e+09	7.16968e+09	7.09365e+09	8.17746e+09	5.00389e+09	7.39015e+09	7.42674e+09	7.93278e+09	8.27442e+09	7.94063e+09	7.34204e+09	5.87523e+09	7.60283e+09	7.30445e+09	6.87711e+09	6.96661e+09	6.81018e+09	5.77332e+09	6.67375e+09	7.23565e+09	6.74894e+09	6.49289e+09	6.75372e+09	6.33474e+09	6.54464e+09	6.44698e+09	6.91722e+09	6.38743e+09	6.25833e+09
ERR629706	7.29153e+09	6.60947e+09	7.44626e+09	6.78695e+09	7.46354e+09	7.52635e+09	5.57863e+09	6.17658e+09	5.65196e+09	5.84681e+09	5.70332e+09	5.75828e+09	7.71901e+09	6.55151e+09	6.46033e+09	6.42609e+09	7.56065e+09	7.72622e+09	7.48519e+09	6.9279e+09	6.99369e+09	7.51109e+09	7.4845e+09	6.93873e+09	6.69466e+09	6.01967e+09	6.16566e+09	6.03777e+09	6.0242e+09	6.05401e+09	5.77803e+09	5.95612e+09	6.37566e+09	6.7397e+09	4.95763e+09	5.89597e+09	6.37735e+09	7.12512e+09	6.1321e+09	7.00998e+09	6.97192e+09	7.22463e+09	7.12504e+09	7.20727e+09	6.68027e+09	6.68196e+09	5.59979e+09	7.13244e+09	6.21353e+09	5.66999e+09	5.6738e+09	5.78649e+09	6.25402e+09	6.20697e+09	5.85509e+09	5.70503e+09	6.6825e+09	6.63648e+09	5.73403e+09	6.67984e+09	4.98295e+09	4.30923e+09	4.3197e+09	4.86171e+09	4.69509e+09	4.2552e+09	7.12906e+09	7.15027e+09	6.33184e+09	6.26872e+09	7.1546e+09	4.48765e+09	6.52528e+09	6.55548e+09	6.9656e+09	7.23619e+09	6.97098e+09	6.48645e+09	5.23611e+09	6.68356e+09	6.43779e+09	6.08338e+09	6.15895e+09	6.02928e+09	5.09809e+09	5.85282e+09	6.31256e+09	5.90972e+09	5.70191e+09	5.9187e+09	5.59199e+09	5.76589e+09	5.68497e+09	6.07694e+09	5.63773e+09	5.52331e+09
ERR629707	8.33932e+09	7.48464e+09	8.54153e+09	7.46354e+09	8.80316e+09	8.64195e+09	6.33021e+09	7.05226e+09	6.41285e+09	6.65013e+09	6.47344e+09	6.54186e+09	8.89029e+09	7.4291e+09	7.31994e+09	7.27742e+09	8.68749e+09	8.89949e+09	8.59845e+09	7.89727e+09	7.9787e+09	8.6312e+09	8.59765e+09	7.91075e+09	7.68089e+09	6.86615e+09	7.04205e+09	6.88965e+09	6.86976e+09	6.90539e+09	6.52899e+09	6.73809e+09	7.24585e+09	7.69318e+09	5.55527e+09	6.67123e+09	7.23012e+09	8.14847e+09	6.93442e+09	8.00391e+09	7.95724e+09	8.2717e+09	8.14662e+09	8.24953e+09	7.59587e+09	7.59978e+09	6.29742e+09	8.15798e+09	7.06918e+09	6.4188e+09	6.42335e+09	6.55543e+09	7.11545e+09	7.05987e+09	6.61331e+09	6.43739e+09	7.60795e+09	7.55068e+09	6.469e+09	7.60522e+09	5.72941e+09	4.9154e+09	4.92899e+09	5.58235e+09	5.37722e+09	4.85188e+09	8.1679e+09	8.19493e+09	7.189e+09	7.11302e+09	8.2002e+09	5.01609e+09	7.4065e+09	7.4441e+09	7.95263e+09	8.29531e+09	7.95909e+09	7.35854e+09	5.8876e+09	7.62139e+09	7.32166e+09	6.89258e+09	6.98184e+09	6.82485e+09	5.79048e+09	6.69464e+09	7.25921e+09	6.77127e+09	6.51263e+09	6.77477e+09	6.35127e+09	6.56219e+09	6.46443e+09	6.93628e+09	6.40362e+09	6.27574e+09
ERR629709	8.41528e+09	7.54755e+09	8.61936e+09	7.52635e+09	8.64195e+09	8.96932e+09	6.38377e+09	7.11658e+09	6.46872e+09	6.70898e+09	6.53049e+09	6.59908e+09	8.97488e+09	7.48808e+09	7.3781e+09	7.33567e+09	8.76822e+09	8.98408e+09	8.67995e+09	7.96581e+09	8.04907e+09	8.71346e+09	8.6791e+09	7.97983e+09	7.74959e+09	6.92332e+09	7.10123e+09	6.9479e+09	6.92752e+09	6.96334e+09	6.58183e+09	6.79433e+09	7.30836e+09	7.7616e+09	5.5975e+09	6.72559e+09	7.29157e+09	8.22273e+09	6.99308e+09	8.07719e+09	8.0299e+09	8.34872e+09	8.22094e+09	8.32458e+09	7.66148e+09	7.66489e+09	6.3483e+09	8.23112e+09	7.12672e+09	6.46911e+09	6.47389e+09	6.60752e+09	7.17386e+09	7.11766e+09	6.66475e+09	6.48646e+09	7.67163e+09	7.61388e+09	6.51896e+09	7.66909e+09	5.77903e+09	4.95696e+09	4.96973e+09	5.63049e+09	5.42378e+09	4.89211e+09	8.23971e+09	8.26677e+09	7.24584e+09	7.16929e+09	8.27231e+09	5.05008e+09	7.46791e+09	7.50551e+09	8.02236e+09	8.37105e+09	8.03032e+09	7.41877e+09	5.93639e+09	7.69193e+09	7.38846e+09	6.95284e+09	7.04402e+09	6.88509e+09	5.83704e+09	6.75307e+09	7.32436e+09	6.82973e+09	6.56857e+09	6.83445e+09	6.40518e+09	6.61899e+09	6.51961e+09	6.99759e+09	6.4588e+09	6.3276e+09
ERR605656	6.17977e+09	5.59135e+09	6.31325e+09	5.57863e+09	6.33021e+09	6.38377e+09	5.37056e+09	5.69247e+09	5.21276e+09	5.40202e+09	5.25106e+09	5.32058e+09	6.60658e+09	5.58871e+09	5.51792e+09	5.49187e+09	6.45306e+09	6.61154e+09	6.44112e+09	5.93144e+09	5.98969e+09	6.4635e+09	6.44061e+09	5.94222e+09	5.97217e+09	5.41237e+09	5.53747e+09	5.44132e+09	5.41295e+09	5.43601e+09	5.20576e+09	5.32249e+09	5.6776e+09	5.9902e+09	4.47274e+09	5.30159e+09	5.47571e+09	6.09466e+09	5.26706e+09	6.00598e+09	5.97752e+09	6.17802e+09	6.11633e+09	6.18801e+09	5.73497e+09	5.74017e+09	4.81944e+09	6.12922e+09	5.43296e+09	4.98938e+09	4.98413e+09	5.07438e+09	5.46442e+09	5.42823e+09	5.04833e+09	4.94083e+09	5.71957e+09	5.68066e+09	4.9479e+09	5.7188e+09	4.8179e+09	4.15778e+09	4.17441e+09	4.70164e+09	4.53304e+09	4.10971e+09	6.07851e+09	6.09807e+09	5.42643e+09	5.37068e+09	6.10627e+09	3.93807e+09	5.50963e+09	5.5375e+09	5.92238e+09	6.18209e+09	5.91648e+09	5.47471e+09	4.58617e+09	5.83009e+09	5.62451e+09	5.3224e+09	5.34686e+09	5.2391e+09	4.71949e+09	5.38027e+09	5.80205e+09	5.45139e+09	5.25107e+09	5.43891e+09	5.08611e+09	5.25567e+09	5.18136e+09	5.52101e+09	5.11914e+09	5.06041e+09
ERR605653	6.87705e+09	6.19086e+09	7.0331e+09	6.17658e+09	7.05226e+09	7.11658e+09	5.69247e+09	6.51916e+09	5.73572e+09	5.95617e+09	5.78045e+09	5.8586e+09	7.37361e+09	6.18296e+09	6.10085e+09	6.07078e+09	7.19411e+09	7.38026e+09	7.18221e+09	6.58546e+09	6.65379e+09	7.2081e+09	7.18172e+09	6.598e+09	6.63471e+09	5.98194e+09	6.12819e+09	6.01487e+09	5.98327e+09	6.01001e+09	5.73062e+09	5.87005e+09	6.28422e+09	6.64893e+09	4.89302e+09	5.84214e+09	6.05967e+09	6.78222e+09	5.81906e+09	6.67801e+09	6.6451e+09	6.87992e+09	6.80149e+09	6.88423e+09	6.35682e+09	6.36268e+09	5.3045e+09	6.8151e+09	6.0154e+09	5.50331e+09	5.49794e+09	5.6017e+09	6.0516e+09	6.00955e+09	5.57547e+09	5.45017e+09	6.35112e+09	6.30639e+09	5.45861e+09	6.3504e+09	5.29449e+09	4.54979e+09	4.56666e+09	5.16201e+09	4.97232e+09	4.49416e+09	6.77276e+09	6.79454e+09	6.01316e+09	5.94948e+09	6.80387e+09	4.30359e+09	6.11562e+09	6.14836e+09	6.58944e+09	6.89105e+09	6.58549e+09	6.0757e+09	5.03649e+09	6.47003e+09	6.22986e+09	5.87897e+09	5.9128e+09	5.78753e+09	5.1807e+09	5.94214e+09	6.43061e+09	6.02215e+09	5.79202e+09	6.0099e+09	5.60885e+09	5.80304e+09	5.71562e+09	6.11176e+09	5.64826e+09	5.57323e+09
ERR605658	6.25815e+09	5.66933e+09	6.39663e+09	5.65196e+09	6.41285e+09	6.46872e+09	5.21276e+09	5.73572e+09	5.46459e+09	5.44592e+09	5.31479e+09	5.36214e+09	6.67415e+09	5.64013e+09	5.56673e+09	5.54172e+09	6.52335e+09	6.68417e+09	6.53167e+09	6.00795e+09	6.06829e+09	6.55491e+09	6.53131e+09	6.01864e+09	6.01878e+09	5.45014e+09	5.57722e+09	5.47418e+09	5.45281e+09	5.47594e+09	5.24698e+09	5.38069e+09	5.74179e+09	6.05194e+09	4.52099e+09	5.34508e+09	5.55277e+09	6.18258e+09	5.34453e+09	6.08441e+09	6.05595e+09	6.26817e+09	6.17813e+09	6.24701e+09	5.79484e+09	5.80099e+09	4.88405e+09	6.18613e+09	5.48876e+09	5.04031e+09	5.03958e+09	5.12913e+09	5.5205e+09	5.48324e+09	5.11354e+09	4.99927e+09	5.79241e+09	5.75381e+09	5.01351e+09	5.79136e+09	4.81564e+09	4.18217e+09	4.19359e+09	4.69925e+09	4.54252e+09	4.12981e+09	6.16814e+09	6.18787e+09	5.49311e+09	5.43847e+09	6.19341e+09	3.97442e+09	5.60464e+09	5.63232e+09	6.00281e+09	6.26516e+09	6.00752e+09	5.57032e+09	4.66334e+09	5.90829e+09	5.69886e+09	5.39831e+09	5.43986e+09	5.33e+09	4.74249e+09	5.40844e+09	5.81911e+09	5.46798e+09	5.27623e+09	5.4669e+09	5.14592e+09	5.30164e+09	5.22604e+09	5.56761e+09	5.18338e+09	5.09517e+09
ERR605654	6.48871e+09	5.86074e+09	6.63284e+09	5.84681e+09	6.65013e+09	6.70898e+09	5.40202e+09	5.95617e+09	5.44592e+09	5.85125e+09	5.48781e+09	5.5568e+09	6.93864e+09	5.84766e+09	5.7705e+09	5.74414e+09	6.77564e+09	6.94566e+09	6.77256e+09	6.22379e+09	6.28657e+09	6.79691e+09	6.77239e+09	6.23492e+09	6.26233e+09	5.66247e+09	5.79719e+09	5.69175e+09	5.66427e+09	5.68812e+09	5.43615e+09	5.56705e+09	5.94848e+09	6.28061e+09	4.66148e+09	5.53927e+09	5.7379e+09	6.40166e+09	5.5161e+09	6.30461e+09	6.27457e+09	6.4916e+09	6.41584e+09	6.4905e+09	6.00823e+09	6.01329e+09	5.03795e+09	6.42647e+09	5.69434e+09	5.22178e+09	5.21799e+09	5.31313e+09	5.72792e+09	5.68913e+09	5.28884e+09	5.17226e+09	6.00433e+09	5.96349e+09	5.18189e+09	6.00409e+09	5.0165e+09	4.32927e+09	4.34494e+09	4.89345e+09	4.72079e+09	4.27741e+09	6.39356e+09	6.41352e+09	5.692e+09	5.63329e+09	6.422e+09	4.10366e+09	5.79123e+09	5.82125e+09	6.2251e+09	6.50228e+09	6.22352e+09	5.75437e+09	4.79364e+09	6.11718e+09	5.89635e+09	5.57399e+09	5.6061e+09	5.49049e+09	4.92086e+09	5.62473e+09	6.06932e+09	5.6956e+09	5.48635e+09	5.6877e+09	5.32422e+09	5.50135e+09	5.42058e+09	5.78453e+09	5.36071e+09	5.28746e+09
ERR605657	6.31637e+09	5.72165e+09	6.45742e+09	5.70332e+09	6.47344e+09	6.53049e+09	5.25106e+09	5.78045e+09	5.31479e+09	5.48781e+09	5.55282e+09	5.40303e+09	6.73476e+09	5.68705e+09	5.61179e+09	5.58707e+09	6.58293e+09	6.74573e+09	6.59455e+09	6.06392e+09	6.1247e+09	6.61788e+09	6.59377e+09	6.07414e+09	6.06638e+09	5.49125e+09	5.61941e+09	5.5146e+09	5.49411e+09	5.51767e+09	5.28671e+09	5.42467e+09	5.79007e+09	6.10361e+09	4.55616e+09	5.38589e+09	5.60319e+09	6.24066e+09	5.39287e+09	6.14055e+09	6.11102e+09	6.32768e+09	6.23115e+09	6.30099e+09	5.84374e+09	5.8505e+09	4.92526e+09	6.23872e+09	5.53293e+09	5.08008e+09	5.08022e+09	5.17012e+09	5.56523e+09	5.5275e+09	5.15684e+09	5.0405e+09	5.84381e+09	5.80469e+09	5.05553e+09	5.84268e+09	4.84314e+09	4.20871e+09	4.21989e+09	4.72642e+09	4.56989e+09	4.15535e+09	6.22656e+09	6.24566e+09	5.53984e+09	5.48477e+09	6.25064e+09	4.00364e+09	5.65747e+09	5.68569e+09	6.05788e+09	6.32306e+09	6.06405e+09	5.62309e+09	4.70475e+09	5.9604e+09	5.74926e+09	5.44537e+09	5.49091e+09	5.3791e+09	4.77366e+09	5.44617e+09	5.85868e+09	5.50452e+09	5.31199e+09	5.50524e+09	5.18562e+09	5.34129e+09	5.26467e+09	5.60923e+09	5.22467e+09	5.13126e+09
ERR605655	6.38429e+09	5.77204e+09	6.52482e+09	5.75828e+09	6.54186e+09	6.59908e+09	5.32058e+09	5.8586e+09	5.36214e+09	5.5568e+09	5.40303e+09	5.67147e+09	6.82343e+09	5.75873e+09	5.68396e+09	5.65779e+09	6.66508e+09	6.83021e+09	6.66179e+09	6.12677e+09	6.18872e+09	6.6853e+09	6.66105e+09	6.13815e+09	6.15541e+09	5.56943e+09	5.70062e+09	5.59769e+09	5.57116e+09	5.59468e+09	5.35462e+09	5.4839e+09	5.85494e+09	6.17896e+09	4.59829e+09	5.45504e+09	5.65143e+09	6.29897e+09	5.435e+09	6.20415e+09	6.17426e+09	6.38649e+09	6.31113e+09	6.38545e+09	5.9139e+09	5.91939e+09	4.96561e+09	6.32304e+09	5.60327e+09	5.14095e+09	5.13694e+09	5.23049e+09	5.63575e+09	5.59787e+09	5.20843e+09	5.09345e+09	5.90771e+09	5.86746e+09	5.10385e+09	5.90699e+09	4.93509e+09	4.26198e+09	4.27706e+09	4.81499e+09	4.64494e+09	4.21038e+09	6.28617e+09	6.30666e+09	5.60194e+09	5.54503e+09	6.31376e+09	4.04791e+09	5.69882e+09	5.72758e+09	6.12357e+09	6.39329e+09	6.12086e+09	5.66282e+09	4.72744e+09	6.0188e+09	5.80425e+09	5.48981e+09	5.52208e+09	5.41012e+09	4.84284e+09	5.5292e+09	5.96358e+09	5.59874e+09	5.39363e+09	5.59005e+09	5.239e+09	5.41118e+09	5.33406e+09	5.68739e+09	5.27502e+09	5.20347e+09
ERR608884	8.65263e+09	7.73447e+09	8.86527e+09	7.71901e+09	8.89029e+09	8.97488e+09	6.60658e+09	7.37361e+09	6.67415e+09	6.93864e+09	6.73476e+09	6.82343e+09	9.73425e+09	7.84159e+09	7.7271e+09	7.67916e+09	9.2243e+09	9.46152e+09	9.00998e+09	8.25619e+09	8.34356e+09	9.04534e+09	9.00935e+09	8.27116e+09	8.04483e+09	7.1675e+09	7.35445e+09	7.20035e+09	7.16904e+09	7.20594e+09	6.81428e+09	7.02313e+09	7.56295e+09	8.05149e+09	5.76839e+09	6.96418e+09	7.53262e+09	8.51545e+09	7.21411e+09	8.36898e+09	8.31863e+09	8.64786e+09	8.58244e+09	8.70172e+09	7.97897e+09	7.98182e+09	6.57044e+09	8.60516e+09	7.35061e+09	6.65663e+09	6.65536e+09	6.79782e+09	7.40032e+09	7.34095e+09	6.83981e+09	6.65805e+09	7.90166e+09	7.83882e+09	6.68442e+09	7.89771e+09	6.01066e+09	5.11165e+09	5.12927e+09	5.85221e+09	5.6183e+09	5.04727e+09	8.50031e+09	8.52949e+09	7.46423e+09	7.38184e+09	8.53955e+09	5.17746e+09	7.64892e+09	7.68962e+09	8.25441e+09	8.62657e+09	8.25218e+09	7.59642e+09	6.10779e+09	7.96475e+09	7.64448e+09	7.1813e+09	7.26213e+09	7.09572e+09	6.03428e+09	7.0082e+09	7.64427e+09	7.1086e+09	6.8158e+09	7.09721e+09	6.57778e+09	6.8145e+09	6.71069e+09	7.2179e+09	6.63085e+09	6.5171e+09
ERR608887	7.25468e+09	6.56341e+09	7.40991e+09	6.55151e+09	7.4291e+09	7.48808e+09	5.58871e+09	6.18296e+09	5.64013e+09	5.84766e+09	5.68705e+09	5.75873e+09	7.84159e+09	6.86099e+09	6.57304e+09	6.53568e+09	7.67438e+09	7.84244e+09	7.50525e+09	6.95608e+09	7.02032e+09	7.52938e+09	7.50427e+09	6.96793e+09	6.70923e+09	6.02662e+09	6.17374e+09	6.05075e+09	6.02751e+09	6.05768e+09	5.79673e+09	5.95804e+09	6.38038e+09	6.75394e+09	4.95521e+09	5.91419e+09	6.3867e+09	7.13692e+09	6.13597e+09	7.02716e+09	6.9896e+09	7.23533e+09	7.20247e+09	7.2916e+09	6.74774e+09	6.75046e+09	5.63413e+09	7.21865e+09	6.21321e+09	5.66039e+09	5.65901e+09	5.77437e+09	6.25291e+09	6.20571e+09	5.83117e+09	5.68649e+09	6.66946e+09	6.62085e+09	5.70694e+09	6.66527e+09	4.99875e+09	4.28958e+09	4.30503e+09	4.87482e+09	4.69181e+09	4.2385e+09	7.1156e+09	7.13826e+09	6.32543e+09	6.26095e+09	7.14629e+09	4.47547e+09	6.4799e+09	6.51085e+09	6.93774e+09	7.21082e+09	6.93118e+09	6.43948e+09	5.22045e+09	6.69057e+09	6.44268e+09	6.08361e+09	6.14131e+09	6.01219e+09	5.10496e+09	5.87323e+09	6.36136e+09	5.94747e+09	5.72294e+09	5.94237e+09	5.55339e+09	5.73962e+09	5.65865e+09	6.0567e+09	5.59504e+09	5.50526e+09
ERR608886	7.15002e+09	6.47148e+09	7.30117e+09	6.46033e+09	7.31994e+09	7.3781e+09	5.51792e+09	6.10085e+09	5.56673e+09	5.7705e+09	5.61179e+09	5.68396e+09	7.7271e+09	6.57304e+09	6.68081e+09	6.44865e+09	7.56283e+09	7.72751e+09	7.39307e+09	6.85633e+09	6.91875e+09	7.4174e+09	7.39238e+09	6.86755e+09	6.61827e+09	5.94837e+09	6.09309e+09	5.9727e+09	5.9493e+09	5.97874e+09	5.72264e+09	5.87927e+09	6.29332e+09	6.65995e+09	4.8941e+09	5.83793e+09	6.29934e+09	7.03393e+09	6.05179e+09	6.92728e+09	6.89116e+09	7.12968e+09	7.10119e+09	7.18852e+09	6.65604e+09	6.65872e+09	5.56092e+09	7.11747e+09	6.12976e+09	5.58736e+09	5.58509e+09	5.6988e+09	6.16854e+09	6.12296e+09	5.75321e+09	5.61188e+09	6.57546e+09	6.52793e+09	5.63195e+09	6.57199e+09	4.93631e+09	4.23663e+09	4.25236e+09	4.81418e+09	4.63388e+09	4.18659e+09	7.01255e+09	7.03428e+09	6.23984e+09	6.1764e+09	7.04281e+09	4.42253e+09	6.38764e+09	6.41854e+09	6.83807e+09	7.10536e+09	6.83124e+09	6.34796e+09	5.15179e+09	6.59741e+09	6.35428e+09	6.00178e+09	6.05629e+09	5.92919e+09	5.04287e+09	5.7995e+09	6.27979e+09	5.8726e+09	5.65145e+09	5.86677e+09	5.48114e+09	5.66454e+09	5.58496e+09	5.97618e+09	5.52202e+09	5.43543e+09
ERR608888	7.10922e+09	6.43751e+09	7.25914e+09	6.42609e+09	7.27742e+09	7.33567e+09	5.49187e+09	6.07078e+09	5.54172e+09	5.74414e+09	5.58707e+09	5.65779e+09	7.67916e+09	6.53568e+09	6.44865e+09	6.60643e+09	7.5168e+09	7.67991e+09	7.351e+09	6.81725e+09	6.8801e+09	7.37473e+09	7.35062e+09	6.82902e+09	6.5837e+09	5.91904e+09	6.06225e+09	5.94333e+09	5.92041e+09	5.94921e+09	5.69592e+09	5.85203e+09	6.26364e+09	6.62643e+09	4.87393e+09	5.8105e+09	6.26555e+09	6.99401e+09	6.02121e+09	6.88803e+09	6.85172e+09	7.08921e+09	7.05955e+09	7.14553e+09	6.6189e+09	6.62172e+09	5.534e+09	7.07516e+09	6.09869e+09	5.56098e+09	5.55883e+09	5.6715e+09	6.13766e+09	6.09205e+09	5.72454e+09	5.58383e+09	6.53915e+09	6.49225e+09	5.60391e+09	6.53551e+09	4.91408e+09	4.22061e+09	4.23618e+09	4.79281e+09	4.61409e+09	4.17048e+09	6.97373e+09	6.99526e+09	6.20674e+09	6.14409e+09	7.0037e+09	4.40255e+09	6.35423e+09	6.38445e+09	6.79977e+09	7.06538e+09	6.79345e+09	6.31507e+09	5.12948e+09	6.56296e+09	6.32204e+09	5.97225e+09	6.02712e+09	5.90117e+09	5.02086e+09	5.77085e+09	6.24637e+09	5.84255e+09	5.62437e+09	5.83791e+09	5.4575e+09	5.63935e+09	5.56058e+09	5.94857e+09	5.49901e+09	5.41093e+09
ERR608883	8.45906e+09	7.57687e+09	8.66353e+09	7.56065e+09	8.68749e+09	8.76822e+09	6.45306e+09	7.19411e+09	6.52335e+09	6.77564e+09	6.58293e+09	6.66508e+09	9.2243e+09	7.67438e+09	7.56283e+09	7.5168e+09	9.26184e+09	9.22835e+09	8.80296e+09	8.08063e+09	8.16491e+09	8.83624e+09	8.80195e+09	8.09475e+09	7.83944e+09	6.99271e+09	7.17332e+09	7.02218e+09	6.99477e+09	7.03099e+09	6.66415e+09	6.87004e+09	7.39316e+09	7.86189e+09	5.65407e+09	6.80989e+09	7.37608e+09	8.32525e+09	7.06853e+09	8.18239e+09	8.13364e+09	8.45354e+09	8.38364e+09	8.49684e+09	7.80445e+09	7.80745e+09	6.44381e+09	8.40281e+09	7.1866e+09	6.51287e+09	6.51375e+09	6.65128e+09	7.23454e+09	7.17682e+09	6.70184e+09	6.52342e+09	7.73121e+09	7.67017e+09	6.5514e+09	7.72691e+09	5.84528e+09	4.9845e+09	5.00087e+09	5.69358e+09	5.47072e+09	4.9214e+09	8.30875e+09	8.33736e+09	7.30526e+09	7.22649e+09	8.34642e+09	5.07907e+09	7.49697e+09	7.53597e+09	8.07489e+09	8.43096e+09	8.07505e+09	7.44646e+09	5.99033e+09	7.78514e+09	7.47558e+09	7.02935e+09	7.11235e+09	6.95104e+09	5.88794e+09	6.82725e+09	7.43233e+09	6.9198e+09	6.64102e+09	6.91281e+09	6.42733e+09	6.65302e+09	6.55291e+09	7.04182e+09	6.47944e+09	6.36356e+09
ERR608885	8.66038e+09	7.74339e+09	8.87466e+09	7.72622e+09	8.89949e+09	8.98408e+09	6.61154e+09	7.38026e+09	6.68417e+09	6.94566e+09	6.74573e+09	6.83021e+09	9.46152e+09	7.84244e+09	7.72751e+09	7.67991e+09	9.22835e+09	9.74147e+09	9.02253e+09	8.26372e+09	8.35156e+09	9.05747e+09	9.02159e+09	8.2785e+09	8.04519e+09	7.16811e+09	7.35526e+09	7.1993e+09	7.17009e+09	7.20724e+09	6.81873e+09	7.03031e+09	7.57224e+09	8.05803e+09	5.77603e+09	6.96905e+09	7.54218e+09	8.52724e+09	7.22432e+09	8.37738e+09	8.32694e+09	8.66076e+09	8.58458e+09	8.70231e+09	7.9825e+09	7.98582e+09	6.57744e+09	8.60509e+09	7.35386e+09	6.65967e+09	6.66026e+09	6.80176e+09	7.40326e+09	7.34379e+09	6.84476e+09	6.66206e+09	7.90614e+09	7.8428e+09	6.6904e+09	7.90236e+09	6.01155e+09	5.11985e+09	5.13649e+09	5.85302e+09	5.62273e+09	5.05437e+09	8.50917e+09	8.53952e+09	7.46738e+09	7.38566e+09	8.54835e+09	5.1788e+09	7.66031e+09	7.70071e+09	8.26083e+09	8.63492e+09	8.26184e+09	7.60769e+09	6.12187e+09	7.97741e+09	7.65622e+09	7.19444e+09	7.27953e+09	7.11246e+09	6.03497e+09	7.00797e+09	7.63722e+09	7.10409e+09	6.8144e+09	7.09622e+09	6.58638e+09	6.82023e+09	6.71617e+09	7.22299e+09	6.6404e+09	6.52045e+09
ERR613552	8.3712e+09	7.50858e+09	8.57629e+09	7.48519e+09	8.59845e+09	8.67995e+09	6.44112e+09	7.18221e+09	6.53167e+09	6.77256e+09	6.59455e+09	6.66179e+09	9.00998e+09	7.50525e+09	7.39307e+09	7.351e+09	8.80296e+09	9.02253e+09	9.31311e+09	8.27346e+09	8.36394e+09	9.07728e+09	9.03921e+09	8.2898e+09	7.84094e+09	7.00223e+09	7.18364e+09	7.02462e+09	7.00924e+09	7.04323e+09	6.74864e+09	6.97281e+09	7.50299e+09	7.97035e+09	5.74319e+09	6.89666e+09	7.30258e+09	8.2401e+09	7.00408e+09	8.09085e+09	8.04289e+09	8.36889e+09	8.24958e+09	8.35433e+09	7.68622e+09	7.68947e+09	6.36835e+09	8.25935e+09	7.24402e+09	6.57601e+09	6.58136e+09	6.71671e+09	7.29309e+09	7.23445e+09	6.75076e+09	6.56949e+09	7.77492e+09	7.71476e+09	6.60374e+09	7.771e+09	5.85359e+09	5.02742e+09	5.03811e+09	5.70305e+09	5.4973e+09	4.96003e+09	8.36337e+09	8.3906e+09	7.345e+09	7.26714e+09	8.39484e+09	5.11144e+09	7.57587e+09	7.6139e+09	8.13619e+09	8.49503e+09	8.14922e+09	7.52567e+09	5.95388e+09	7.71125e+09	7.40585e+09	6.96848e+09	7.06724e+09	6.90563e+09	5.89577e+09	6.82121e+09	7.3964e+09	6.89521e+09	6.63599e+09	6.90348e+09	6.51902e+09	6.73519e+09	6.63482e+09	7.12061e+09	6.5744e+09	6.43715e+09
ERR613556	7.70381e+09	6.94619e+09	7.87814e+09	6.9279e+09	7.89727e+09	7.96581e+09	5.93144e+09	6.58546e+09	6.00795e+09	6.22379e+09	6.06392e+09	6.12677e+09	8.25619e+09	6.95608e+09	6.85633e+09	6.81725e+09	8.08063e+09	8.26372e+09	8.27346e+09	7.86239e+09	7.71597e+09	8.30381e+09	8.27294e+09	7.65332e+09	7.17315e+09	6.43122e+09	6.59083e+09	6.4501e+09	6.43663e+09	6.46772e+09	6.23735e+09	6.43593e+09	6.90391e+09	7.31568e+09	5.33238e+09	6.36957e+09	6.74933e+09	7.57535e+09	6.48229e+09	7.44807e+09	7.40541e+09	7.68746e+09	7.59511e+09	7.68696e+09	7.10018e+09	7.102e+09	5.91743e+09	7.60436e+09	6.68189e+09	6.08281e+09	6.08691e+09	6.20985e+09	6.72644e+09	6.67405e+09	6.26202e+09	6.09852e+09	7.17907e+09	7.12606e+09	6.12898e+09	7.17534e+09	5.32515e+09	4.5887e+09	4.59888e+09	5.19305e+09	5.00896e+09	4.529e+09	7.68371e+09	7.70786e+09	6.79273e+09	6.72352e+09	7.71143e+09	4.77387e+09	7.00726e+09	7.04111e+09	7.49903e+09	7.80353e+09	7.50592e+09	6.9629e+09	5.51107e+09	7.08381e+09	6.81388e+09	6.42441e+09	6.50938e+09	6.36522e+09	5.42443e+09	6.24886e+09	6.75636e+09	6.31356e+09	6.08469e+09	6.32127e+09	5.99142e+09	6.18452e+09	6.09699e+09	6.52734e+09	6.04117e+09	5.92068e+09
ERR613554	7.7819e+09	7.01276e+09	7.95922e+09	6.99369e+09	7.9787e+09	8.04907e+09	5.98969e+09	6.65379e+09	6.06829e+09	6.28657e+09	6.1247e+09	6.18872e+09	8.34356e+09	7.02032e+09	6.91875e+09	6.8801e+09	8.16491e+09	8.35156e+09	8.36394e+09	7.71597e+09	8.02121e+09	8.39415e+09	8.36263e+09	7.72948e+09	7.25188e+09	6.49921e+09	6.66058e+09	6.51835e+09	6.50457e+09	6.53565e+09	6.29759e+09	6.49916e+09	6.97413e+09	7.39239e+09	5.38049e+09	6.43179e+09	6.81422e+09	7.65285e+09	6.54382e+09	7.52327e+09	7.47991e+09	7.76655e+09	7.67115e+09	7.76468e+09	7.16841e+09	7.17035e+09	5.97024e+09	7.68057e+09	6.74908e+09	6.14193e+09	6.14636e+09	6.27053e+09	6.79404e+09	6.74097e+09	6.32118e+09	6.1554e+09	7.25067e+09	7.19645e+09	6.18667e+09	7.24706e+09	5.38514e+09	4.63839e+09	4.64842e+09	5.25109e+09	5.06483e+09	4.57787e+09	7.76436e+09	7.78848e+09	6.85903e+09	6.78928e+09	7.7931e+09	4.8154e+09	7.07552e+09	7.10967e+09	7.57562e+09	7.88583e+09	7.58272e+09	7.03019e+09	5.56265e+09	7.1558e+09	6.88195e+09	6.48716e+09	6.57313e+09	6.42838e+09	5.47932e+09	6.31508e+09	6.83009e+09	6.38065e+09	6.14846e+09	6.38827e+09	6.05359e+09	6.24986e+09	6.16086e+09	6.59711e+09	6.10388e+09	5.98229e+09
ERR613551	8.40244e+09	7.53482e+09	8.60903e+09	7.51109e+09	8.6312e+09	8.71346e+09	6.4635e+09	7.2081e+09	6.55491e+09	6.79691e+09	6.61788e+09	6.6853e+09	9.04534e+09	7.52938e+09	7.4174e+09	7.37473e+09	8.83624e+09	9.05747e+09	9.07728e+09	8.30381e+09	8.39415e+09	9.38683e+09	9.07504e+09	8.31985e+09	7.87313e+09	7.03003e+09	7.21208e+09	7.05236e+09	7.03717e+09	7.07107e+09	6.77244e+09	6.99731e+09	7.53019e+09	7.99997e+09	5.7618e+09	6.921e+09	7.32821e+09	8.27107e+09	7.02822e+09	8.12036e+09	8.07217e+09	8.40077e+09	8.28001e+09	8.38514e+09	7.71281e+09	7.71611e+09	6.38907e+09	8.28978e+09	7.27075e+09	6.59976e+09	6.60547e+09	6.74102e+09	7.32029e+09	7.26162e+09	6.77479e+09	6.59276e+09	7.80378e+09	7.74326e+09	6.62692e+09	7.80006e+09	5.87658e+09	5.04719e+09	5.05723e+09	5.72524e+09	5.51888e+09	4.97953e+09	8.39608e+09	8.42348e+09	7.3717e+09	7.29381e+09	8.42795e+09	5.12863e+09	7.60374e+09	7.64195e+09	8.16693e+09	8.52798e+09	8.18009e+09	7.55264e+09	5.97297e+09	7.73871e+09	7.43136e+09	6.99171e+09	7.09123e+09	6.92899e+09	5.91894e+09	6.84915e+09	7.42735e+09	6.92339e+09	6.66247e+09	6.93172e+09	6.54388e+09	6.76092e+09	6.66074e+09	7.14825e+09	6.5995e+09	6.46111e+09
ERR613553	8.37021e+09	7.50759e+09	8.57533e+09	7.4845e+09	8.59765e+09	8.6791e+09	6.44061e+09	7.18172e+09	6.53131e+09	6.77239e+09	6.59377e+09	6.66105e+09	9.00935e+09	7.50427e+09	7.39238e+09	7.35062e+09	8.80195e+09	9.02159e+09	9.03921e+09	8.27294e+09	8.36263e+09	9.07504e+09	9.30836e+09	8.28861e+09	7.84104e+09	7.00194e+09	7.18289e+09	7.02466e+09	7.00876e+09	7.04283e+09	6.74817e+09	6.97185e+09	7.50159e+09	7.96862e+09	5.74242e+09	6.89583e+09	7.30244e+09	8.23997e+09	7.00458e+09	8.09105e+09	8.04339e+09	8.36924e+09	8.24875e+09	8.35326e+09	7.68572e+09	7.6887e+09	6.36814e+09	8.25863e+09	7.24369e+09	6.57581e+09	6.58147e+09	6.71665e+09	7.29259e+09	7.23419e+09	6.75103e+09	6.56955e+09	7.77493e+09	7.71486e+09	6.60415e+09	7.77143e+09	5.85417e+09	5.02825e+09	5.03896e+09	5.70325e+09	5.49806e+09	4.96104e+09	8.36374e+09	8.39088e+09	7.34495e+09	7.2677e+09	8.39534e+09	5.11193e+09	7.57677e+09	7.6154e+09	8.13665e+09	8.49559e+09	8.15003e+09	7.52631e+09	5.95304e+09	7.71041e+09	7.40479e+09	6.96762e+09	7.0662e+09	6.90431e+09	5.89721e+09	6.82292e+09	7.3976e+09	6.8961e+09	6.63723e+09	6.90445e+09	6.5195e+09	6.73556e+09	6.63504e+09	7.1212e+09	6.5748e+09	6.43749e+09
ERR613555	7.71692e+09	6.95755e+09	7.89157e+09	6.93873e+09	7.91075e+09	7.97983e+09	5.94222e+09	6.598e+09	6.01864e+09	6.23492e+09	6.07414e+09	6.13815e+09	8.27116e+09	6.96793e+09	6.86755e+09	6.82902e+09	8.09475e+09	8.2785e+09	8.2898e+09	7.65332e+09	7.72948e+09	8.31985e+09	8.28861e+09	7.89179e+09	7.18804e+09	6.44343e+09	6.6032e+09	6.46276e+09	6.44883e+09	6.48003e+09	6.24867e+09	6.44755e+09	6.91688e+09	7.32961e+09	5.34131e+09	6.38093e+09	6.76047e+09	7.58889e+09	6.49303e+09	7.46161e+09	7.41851e+09	7.70084e+09	7.60852e+09	7.70126e+09	7.11253e+09	7.11424e+09	5.92647e+09	7.61839e+09	6.69471e+09	6.09421e+09	6.09805e+09	6.22103e+09	6.73923e+09	6.68703e+09	6.2722e+09	6.10847e+09	7.19202e+09	7.13815e+09	6.13924e+09	7.18824e+09	5.3366e+09	4.59794e+09	4.60827e+09	5.20472e+09	5.02003e+09	4.53823e+09	7.69689e+09	7.72093e+09	6.80416e+09	6.73489e+09	7.72558e+09	4.78177e+09	7.01837e+09	7.05256e+09	7.51257e+09	7.81797e+09	7.51903e+09	6.97394e+09	5.52005e+09	7.09704e+09	6.826e+09	6.43618e+09	6.52028e+09	6.37648e+09	5.43357e+09	6.2598e+09	6.76942e+09	6.32517e+09	6.09538e+09	6.33255e+09	6.00162e+09	6.19623e+09	6.10809e+09	6.53998e+09	6.05114e+09	5.9319e+09
ERR631209	7.48336e+09	6.70842e+09	7.65789e+09	6.69466e+09	7.68089e+09	7.74959e+09	5.97217e+09	6.63471e+09	6.01878e+09	6.26233e+09	6.06638e+09	6.15541e+09	8.04483e+09	6.70923e+09	6.61827e+09	6.5837e+09	7.83944e+09	8.04519e+09	7.84094e+09	7.17315e+09	7.25188e+09	7.87313e+09	7.84104e+09	7.18804e+09	8.31817e+09	7.21967e+09	7.40731e+09	7.26888e+09	7.21777e+09	7.25373e+09	6.16057e+09	6.31873e+09	6.78975e+09	7.20785e+09	5.22211e+09	6.28786e+09	6.52294e+09	7.32992e+09	6.2531e+09	7.21858e+09	7.18024e+09	7.43783e+09	7.40848e+09	7.50613e+09	6.90282e+09	6.90712e+09	5.71478e+09	7.42716e+09	7.14252e+09	6.4955e+09	6.48535e+09	6.61962e+09	7.18817e+09	7.13372e+09	6.51364e+09	6.36344e+09	7.4823e+09	7.42532e+09	6.3705e+09	7.48335e+09	6.07608e+09	5.16678e+09	5.18727e+09	5.91707e+09	5.67808e+09	5.10558e+09	8.10978e+09	8.13709e+09	7.16949e+09	7.08946e+09	8.15353e+09	5.03808e+09	7.18479e+09	7.22604e+09	7.7833e+09	8.15448e+09	7.76983e+09	7.13422e+09	5.33847e+09	6.92107e+09	6.65569e+09	6.26289e+09	6.3024e+09	6.16407e+09	6.07502e+09	7.02108e+09	7.64973e+09	7.13839e+09	6.83587e+09	7.11039e+09	6.53831e+09	6.78386e+09	6.67719e+09	7.16784e+09	6.58555e+09	6.50699e+09
ERR631212	6.69699e+09	6.03211e+09	6.8457e+09	6.01967e+09	6.86615e+09	6.92332e+09	5.41237e+09	5.98194e+09	5.45014e+09	5.66247e+09	5.49125e+09	5.56943e+09	7.1675e+09	6.02662e+09	5.94837e+09	5.91904e+09	6.99271e+09	7.16811e+09	7.00223e+09	6.43122e+09	6.49921e+09	7.03003e+09	7.00194e+09	6.44343e+09	7.21967e+09	6.73236e+09	6.67505e+09	6.55773e+09	6.51633e+09	6.54676e+09	5.57478e+09	5.70782e+09	6.11352e+09	6.47143e+09	4.75465e+09	5.6839e+09	5.86079e+09	6.55266e+09	5.62712e+09	6.45699e+09	6.42417e+09	6.64465e+09	6.62272e+09	6.70517e+09	6.1888e+09	6.19396e+09	5.1613e+09	6.63824e+09	6.44324e+09	5.88968e+09	5.88031e+09	5.9965e+09	6.48163e+09	6.43544e+09	5.89869e+09	5.77083e+09	6.72804e+09	6.67962e+09	5.77571e+09	6.72907e+09	5.51764e+09	4.72275e+09	4.7428e+09	5.37945e+09	5.17229e+09	4.66914e+09	7.26268e+09	7.28587e+09	6.46597e+09	6.39732e+09	7.29959e+09	4.61689e+09	6.47037e+09	6.50539e+09	6.98196e+09	7.29542e+09	6.96931e+09	6.42635e+09	4.83545e+09	6.20492e+09	5.97849e+09	5.63976e+09	5.67054e+09	5.55168e+09	5.53196e+09	6.34286e+09	6.87088e+09	6.44072e+09	6.18471e+09	6.41848e+09	5.93015e+09	6.14063e+09	6.04993e+09	6.46704e+09	5.9689e+09	5.90538e+09
ERR631207	6.86697e+09	6.17826e+09	7.02094e+09	6.16566e+09	7.04205e+09	7.10123e+09	5.53747e+09	6.12819e+09	5.57722e+09	5.79719e+09	5.61941e+09	5.70062e+09	7.35445e+09	6.17374e+09	6.09309e+09	6.06225e+09	7.17332e+09	7.35526e+09	7.18364e+09	6.59083e+09	6.66058e+09	7.21208e+09	7.18289e+09	6.6032e+09	7.40731e+09	6.67505e+09	7.06563e+09	6.71885e+09	6.67336e+09	6.70449e+09	5.70722e+09	5.84432e+09	6.26514e+09	6.63478e+09	4.85937e+09	5.81969e+09	6.00353e+09	6.71982e+09	5.76228e+09	6.62141e+09	6.58767e+09	6.81482e+09	6.7924e+09	6.87826e+09	6.34286e+09	6.34855e+09	5.28045e+09	6.80842e+09	6.59933e+09	6.02602e+09	6.01572e+09	6.13612e+09	6.63976e+09	6.59177e+09	6.03459e+09	5.90278e+09	6.89398e+09	6.84454e+09	5.90734e+09	6.89501e+09	5.64568e+09	4.82442e+09	4.84432e+09	5.50173e+09	5.28808e+09	4.76922e+09	7.44824e+09	7.47222e+09	6.62071e+09	6.54905e+09	7.4866e+09	4.70892e+09	6.6271e+09	6.6636e+09	7.15808e+09	7.48471e+09	7.14517e+09	6.58171e+09	4.9445e+09	6.3625e+09	6.12736e+09	5.77693e+09	5.80767e+09	5.68395e+09	5.65665e+09	6.49808e+09	7.0484e+09	6.60096e+09	6.33395e+09	6.57648e+09	6.07003e+09	6.28983e+09	6.1941e+09	6.62889e+09	6.1114e+09	6.04355e+09
ERR631208	6.72089e+09	6.04851e+09	6.86971e+09	6.03777e+09	6.88965e+09	6.9479e+09	5.44132e+09	6.01487e+09	5.47418e+09	5.69175e+09	5.5146e+09	5.59769e+09	7.20035e+09	6.05075e+09	5.9727e+09	5.94333e+09	7.02218e+09	7.1993e+09	7.02462e+09	6.4501e+09	6.51835e+09	7.05236e+09	7.02466e+09	6.46276e+09	7.26888e+09	6.55773e+09	6.71885e+09	6.82242e+09	6.55541e+09	6.58577e+09	5.60352e+09	5.73289e+09	6.14138e+09	6.50265e+09	4.77196e+09	5.71385e+09	5.87717e+09	6.57314e+09	5.64129e+09	6.48029e+09	6.44744e+09	6.66543e+09	6.65338e+09	6.73772e+09	6.21469e+09	6.21971e+09	5.17523e+09	6.6708e+09	6.47538e+09	5.91788e+09	5.90544e+09	6.0233e+09	6.51445e+09	6.46844e+09	5.91919e+09	5.79306e+09	6.75482e+09	6.70622e+09	5.79508e+09	6.75663e+09	5.55943e+09	4.74811e+09	4.76934e+09	5.41871e+09	5.20597e+09	4.69472e+09	7.28969e+09	7.31278e+09	6.49233e+09	6.42258e+09	7.32808e+09	4.63303e+09	6.48541e+09	6.52133e+09	7.0078e+09	7.32504e+09	6.99201e+09	6.44122e+09	4.84346e+09	6.22835e+09	6.00072e+09	5.6581e+09	5.68248e+09	5.56266e+09	5.56828e+09	6.38894e+09	6.93102e+09	6.49374e+09	6.23038e+09	6.46598e+09	5.96042e+09	6.17749e+09	6.08475e+09	6.50714e+09	5.99869e+09	5.94151e+09
ERR631211	6.70096e+09	6.0365e+09	6.84995e+09	6.0242e+09	6.86976e+09	6.92752e+09	5.41295e+09	5.98327e+09	5.45281e+09	5.66427e+09	5.49411e+09	5.57116e+09	7.16904e+09	6.02751e+09	5.9493e+09	5.92041e+09	6.99477e+09	7.17009e+09	7.00924e+09	6.43663e+09	6.50457e+09	7.03717e+09	7.00876e+09	6.44883e+09	7.21777e+09	6.51633e+09	6.67336e+09	6.55541e+09	6.72976e+09	6.54566e+09	5.577e+09	5.71198e+09	6.1176e+09	6.4746e+09	4.75819e+09	5.68628e+09	5.86581e+09	6.55735e+09	5.63226e+09	6.4615e+09	6.42833e+09	6.64948e+09	6.62421e+09	6.7066e+09	6.19151e+09	6.19612e+09	5.1649e+09	6.63902e+09	6.44333e+09	5.89063e+09	5.88153e+09	5.99765e+09	6.48223e+09	6.43632e+09	5.90188e+09	5.77261e+09	6.73056e+09	6.68274e+09	5.77838e+09	6.73138e+09	5.51382e+09	4.72257e+09	4.74133e+09	5.37604e+09	5.17033e+09	4.66861e+09	7.26485e+09	7.28771e+09	6.46659e+09	6.39858e+09	7.30114e+09	4.61688e+09	6.4744e+09	6.50969e+09	6.98428e+09	7.29774e+09	6.97299e+09	6.43064e+09	4.84066e+09	6.20934e+09	5.98257e+09	5.64488e+09	5.67689e+09	5.55726e+09	5.5291e+09	6.33927e+09	6.86461e+09	6.43581e+09	6.18131e+09	6.41456e+09	5.93202e+09	6.14167e+09	6.05131e+09	6.46769e+09	5.97176e+09	5.90521e+09
ERR631210	6.73516e+09	6.0666e+09	6.88509e+09	6.05401e+09	6.90539e+09	6.96334e+09	5.43601e+09	6.01001e+09	5.47594e+09	5.68812e+09	5.51767e+09	5.59468e+09	7.20594e+09	6.05768e+09	5.97874e+09	5.94921e+09	7.03099e+09	7.20724e+09	7.04323e+09	6.46772e+09	6.53565e+09	7.07107e+09	7.04283e+09	6.48003e+09	7.25373e+09	6.54676e+09	6.70449e+09	6.58577e+09	6.54566e+09	6.79176e+09	5.60021e+09	5.73656e+09	6.14573e+09	6.50487e+09	4.77699e+09	5.71064e+09	5.89309e+09	6.58988e+09	5.65886e+09	6.49361e+09	6.45997e+09	6.68291e+09	6.6578e+09	6.74094e+09	6.22152e+09	6.22649e+09	5.18821e+09	6.67252e+09	6.47427e+09	5.91735e+09	5.90834e+09	6.02499e+09	6.51353e+09	6.46685e+09	5.93e+09	5.80033e+09	6.7648e+09	6.71639e+09	5.80559e+09	6.7661e+09	5.53666e+09	4.74022e+09	4.75938e+09	5.39739e+09	5.19025e+09	4.68599e+09	7.30238e+09	7.32532e+09	6.49792e+09	6.42911e+09	7.33889e+09	4.63595e+09	6.50727e+09	6.54278e+09	7.02147e+09	7.3366e+09	7.00956e+09	6.46332e+09	4.86186e+09	6.23931e+09	6.01091e+09	5.67064e+09	5.70352e+09	5.58287e+09	5.55266e+09	6.36818e+09	6.89744e+09	6.465e+09	6.20877e+09	6.44435e+09	5.95767e+09	6.16842e+09	6.07711e+09	6.49638e+09	5.99769e+09	5.93006e+09
ERR613356	6.3808e+09	5.78941e+09	6.51242e+09	5.77803e+09	6.52899e+09	6.58183e+09	5.20576e+09	5.73062e+09	5.24698e+09	5.43615e+09	5.28671e+09	5.35462e+09	6.81428e+09	5.79673e+09	5.72264e+09	5.69592e+09	6.66415e+09	6.81873e+09	6.74864e+09	6.23735e+09	6.29759e+09	6.77244e+09	6.74817e+09	6.24867e+09	6.16057e+09	5.57478e+09	5.70722e+09	5.60352e+09	5.577e+09	5.60021e+09	5.65544e+09	5.59544e+09	5.97075e+09	6.29719e+09	4.69008e+09	5.56779e+09	5.63959e+09	6.27257e+09	5.42453e+09	6.18312e+09	6.15384e+09	6.35811e+09	6.32632e+09	6.40082e+09	5.93984e+09	5.94401e+09	4.99274e+09	6.33912e+09	5.65173e+09	5.18792e+09	5.18158e+09	5.27917e+09	5.6872e+09	5.64838e+09	5.25951e+09	5.14613e+09	5.95889e+09	5.91941e+09	5.15504e+09	5.95692e+09	4.81175e+09	4.15647e+09	4.17165e+09	4.69642e+09	4.52995e+09	4.108e+09	6.34257e+09	6.36217e+09	5.67417e+09	5.61754e+09	6.36962e+09	4.10091e+09	5.76787e+09	5.79569e+09	6.17804e+09	6.433e+09	6.17254e+09	5.73347e+09	4.6953e+09	5.97402e+09	5.76184e+09	5.4526e+09	5.48384e+09	5.37428e+09	4.81166e+09	5.48995e+09	5.92292e+09	5.56035e+09	5.35758e+09	5.5506e+09	5.23152e+09	5.40161e+09	5.32775e+09	5.6806e+09	5.26777e+09	5.19703e+09
ERR613354	6.58192e+09	5.97093e+09	6.72181e+09	5.95612e+09	6.73809e+09	6.79433e+09	5.32249e+09	5.87005e+09	5.38069e+09	5.56705e+09	5.42467e+09	5.4839e+09	7.02313e+09	5.95804e+09	5.87927e+09	5.85203e+09	6.87004e+09	7.03031e+09	6.97281e+09	6.43593e+09	6.49916e+09	6.99731e+09	6.97185e+09	6.44755e+09	6.31873e+09	5.70782e+09	5.84432e+09	5.73289e+09	5.71198e+09	5.73656e+09	5.59544e+09	5.94935e+09	6.13949e+09	6.47598e+09	4.80762e+09	5.70329e+09	5.81401e+09	6.475e+09	5.59225e+09	6.37621e+09	6.3447e+09	6.56439e+09	6.50959e+09	6.58524e+09	6.10908e+09	6.11354e+09	5.13751e+09	6.51994e+09	5.80653e+09	5.32413e+09	5.32227e+09	5.42202e+09	5.8433e+09	5.80285e+09	5.41338e+09	5.28985e+09	6.14097e+09	6.10039e+09	5.30582e+09	6.13867e+09	4.89462e+09	4.24031e+09	4.25238e+09	4.77661e+09	4.61444e+09	4.18755e+09	6.54792e+09	6.56834e+09	5.84178e+09	5.7835e+09	6.57368e+09	4.20147e+09	5.9612e+09	5.9897e+09	6.37634e+09	6.64068e+09	6.37796e+09	5.92545e+09	4.84127e+09	6.15551e+09	5.93504e+09	5.61625e+09	5.66398e+09	5.54884e+09	4.90863e+09	5.60732e+09	6.04491e+09	5.67121e+09	5.4693e+09	5.66933e+09	5.36544e+09	5.53306e+09	5.45713e+09	5.82034e+09	5.40656e+09	5.315e+09
ERR613355	7.07154e+09	6.39202e+09	7.22753e+09	6.37566e+09	7.24585e+09	7.30836e+09	5.6776e+09	6.28422e+09	5.74179e+09	5.94848e+09	5.79007e+09	5.85494e+09	7.56295e+09	6.38038e+09	6.29332e+09	6.26364e+09	7.39316e+09	7.57224e+09	7.50299e+09	6.90391e+09	6.97413e+09	7.53019e+09	7.50159e+09	6.91688e+09	6.78975e+09	6.11352e+09	6.26514e+09	6.14138e+09	6.1176e+09	6.14573e+09	5.97075e+09	6.13949e+09	6.79698e+09	6.95049e+09	5.10538e+09	6.0903e+09	6.22306e+09	6.95734e+09	5.97872e+09	6.84742e+09	6.81287e+09	7.0572e+09	6.9951e+09	7.07831e+09	6.54976e+09	6.55488e+09	5.4783e+09	7.0055e+09	6.22138e+09	5.6887e+09	5.68677e+09	5.79604e+09	6.26152e+09	6.21665e+09	5.78431e+09	5.64933e+09	6.59005e+09	6.54425e+09	5.66656e+09	6.58792e+09	5.23707e+09	4.52082e+09	4.53363e+09	5.10782e+09	4.92886e+09	4.46387e+09	7.04354e+09	7.06547e+09	6.25908e+09	6.19506e+09	7.07181e+09	4.45907e+09	6.39118e+09	6.42259e+09	6.85049e+09	7.14381e+09	6.85179e+09	6.35165e+09	5.15236e+09	6.60184e+09	6.35612e+09	6.00364e+09	6.05634e+09	5.92922e+09	5.23729e+09	6.00613e+09	6.49119e+09	6.07798e+09	5.85352e+09	6.07379e+09	5.7347e+09	5.92019e+09	5.83447e+09	6.23769e+09	5.77858e+09	5.67881e+09
