	ERR626813	ERR626814	ERR626815	ERR626817	ERR626818	ERR626816	ERR605682	ERR605679	ERR605680	ERR605681	ERR605677	ERR605678	ERR612555	ERR612554	ERR612553	ERR612557	ERR612558	ERR612556	ERR613458	ERR613455	ERR613460	ERR613456	ERR613457	ERR613459	ERR613041	ERR613042	ERR613046	ERR613045	ERR613043	ERR613044	ERR636774	ERR636771	ERR636770	ERR636772	ERR636769	ERR636773	ERR636894	ERR636891	ERR636890	ERR636893	ERR636889	ERR636892	ERR608919	ERR608924	ERR608921	ERR608923	ERR608920	ERR608922	ERR630510	ERR630507	ERR630506	ERR630511	ERR630508	ERR630509	ERR635311	ERR635314	ERR635313	ERR635310	ERR635312	ERR635315	ERR617174	ERR617173	ERR617175	ERR617177	ERR617176	ERR617178	ERR616722	ERR616721	ERR616720	ERR616719	ERR616723	ERR616718	ERR631724	ERR631719	ERR631721	ERR631722	ERR631723	ERR631720	ERR605648	ERR605649	ERR605652	ERR605647	ERR605651	ERR605650	ERR607780	ERR607779	ERR607776	ERR607775	ERR607778	ERR607777	ERR617378	ERR617374	ERR617376	ERR617375	ERR617377	ERR617373
ERR626813	5.81843e+08	3.7582e+08	3.81677e+08	2.90532e+08	4.3011e+08	2.94989e+08	1.84535e+08	1.84885e+08	1.81821e+08	1.88105e+08	2.06705e+08	1.88049e+08	3.09188e+08	2.45983e+08	3.34979e+08	2.42464e+08	2.34494e+08	2.39725e+08	2.90857e+08	3.45182e+08	2.8349e+08	3.43685e+08	3.42006e+08	2.8601e+08	3.09199e+08	2.78286e+08	1.65283e+08	1.69653e+08	2.77847e+08	1.60141e+08	3.21598e+08	3.17073e+08	3.15265e+08	3.20974e+08	2.89396e+08	3.20619e+08	2.81581e+08	3.35997e+08	3.42023e+08	2.79121e+08	3.02598e+08	2.86113e+08	2.3744e+08	2.58708e+08	3.56047e+08	2.63119e+08	3.281e+08	2.67679e+08	2.78322e+08	2.38391e+08	2.62494e+08	2.81796e+08	2.54364e+08	2.79027e+08	1.70187e+08	1.45867e+08	1.46973e+08	1.57782e+08	1.82411e+08	1.44506e+08	2.0627e+08	1.92545e+08	2.06639e+08	2.59353e+08	2.59133e+08	1.85286e+08	2.46644e+08	2.48708e+08	2.11514e+08	2.2962e+08	2.49971e+08	2.24435e+08	2.3798e+08	2.38345e+08	2.63464e+08	2.48614e+08	2.52273e+08	2.1875e+08	2.18208e+08	2.12481e+08	2.14624e+08	2.36821e+08	2.18687e+08	2.06874e+08	2.5697e+08	2.64649e+08	2.05425e+08	2.53448e+08	2.10991e+08	2.55677e+08	2.43409e+08	2.06361e+08	2.42679e+08	2.07657e+08	2.41202e+08	2.03514e+08
ERR626814	3.7582e+08	4.84917e+08	3.43568e+08	2.61869e+08	3.8668e+08	2.65753e+08	1.65462e+08	1.65717e+08	1.62967e+08	1.68734e+08	1.85243e+08	1.68537e+08	2.78131e+08	2.21219e+08	3.00799e+08	2.18248e+08	2.10962e+08	2.15751e+08	2.61914e+08	3.10663e+08	2.5523e+08	3.09049e+08	3.07727e+08	2.5746e+08	2.77961e+08	2.50326e+08	1.49113e+08	1.5295e+08	2.50006e+08	1.44388e+08	2.89025e+08	2.85038e+08	2.83275e+08	2.88308e+08	2.60409e+08	2.88017e+08	2.53647e+08	3.02379e+08	3.07576e+08	2.51511e+08	2.72325e+08	2.57598e+08	2.13959e+08	2.32652e+08	3.19502e+08	2.36573e+08	2.94771e+08	2.40679e+08	2.49583e+08	2.14128e+08	2.3539e+08	2.52826e+08	2.28225e+08	2.50173e+08	1.52556e+08	1.30899e+08	1.31903e+08	1.41561e+08	1.63456e+08	1.29723e+08	1.84168e+08	1.72176e+08	1.84443e+08	2.31473e+08	2.31259e+08	1.66009e+08	2.20474e+08	2.22227e+08	1.88806e+08	2.05116e+08	2.23397e+08	2.00427e+08	2.12629e+08	2.13193e+08	2.35262e+08	2.22112e+08	2.25497e+08	1.95454e+08	1.95479e+08	1.90511e+08	1.92494e+08	2.12253e+08	1.96233e+08	1.8542e+08	2.29499e+08	2.36515e+08	1.83854e+08	2.26425e+08	1.88626e+08	2.28347e+08	2.17204e+08	1.84268e+08	2.16566e+08	1.85469e+08	2.15114e+08	1.81896e+08
ERR626815	3.81677e+08	3.43568e+08	4.97965e+08	2.65989e+08	3.92983e+08	2.69916e+08	1.68151e+08	1.68479e+08	1.65891e+08	1.71507e+08	1.88534e+08	1.71443e+08	2.82038e+08	2.24241e+08	3.05451e+08	2.21277e+08	2.14028e+08	2.18852e+08	2.65823e+08	3.15006e+08	2.59069e+08	3.13657e+08	3.12176e+08	2.61301e+08	2.82106e+08	2.53957e+08	1.51277e+08	1.55129e+08	2.5354e+08	1.46586e+08	2.93011e+08	2.88914e+08	2.87187e+08	2.92414e+08	2.64013e+08	2.9212e+08	2.57345e+08	3.06685e+08	3.12302e+08	2.55105e+08	2.76508e+08	2.61361e+08	2.17001e+08	2.3613e+08	3.24544e+08	2.40129e+08	2.99425e+08	2.44319e+08	2.53248e+08	2.17109e+08	2.3879e+08	2.56443e+08	2.31539e+08	2.53769e+08	1.54618e+08	1.32612e+08	1.33574e+08	1.43293e+08	1.65682e+08	1.31368e+08	1.87321e+08	1.74997e+08	1.87724e+08	2.35565e+08	2.35422e+08	1.68453e+08	2.24028e+08	2.25961e+08	1.92047e+08	2.08626e+08	2.27109e+08	2.03839e+08	2.16258e+08	2.16607e+08	2.39254e+08	2.25807e+08	2.29082e+08	1.98755e+08	1.97919e+08	1.93028e+08	1.94881e+08	2.14865e+08	1.98576e+08	1.87828e+08	2.33285e+08	2.40276e+08	1.86597e+08	2.30094e+08	1.9159e+08	2.32066e+08	2.21001e+08	1.87364e+08	2.20365e+08	1.88686e+08	2.18835e+08	1.84856e+08
ERR626817	2.90532e+08	2.61869e+08	2.65989e+08	3.16963e+08	2.99651e+08	2.08345e+08	1.28137e+08	1.28872e+08	1.27061e+08	1.3053e+08	1.44007e+08	1.30866e+08	2.13349e+08	1.70198e+08	2.31379e+08	1.68131e+08	1.62555e+08	1.66181e+08	2.02462e+08	2.39031e+08	1.97492e+08	2.37966e+08	2.36849e+08	1.991e+08	2.13754e+08	1.9239e+08	1.15134e+08	1.18144e+08	1.92006e+08	1.11714e+08	2.22e+08	2.18619e+08	2.17685e+08	2.21343e+08	1.99988e+08	2.21446e+08	1.95969e+08	2.3322e+08	2.37689e+08	1.94356e+08	2.10643e+08	1.99053e+08	1.64166e+08	1.79448e+08	2.45678e+08	1.82535e+08	2.26585e+08	1.85553e+08	1.91082e+08	1.63518e+08	1.8013e+08	1.9356e+08	1.7462e+08	1.91719e+08	1.16069e+08	9.94109e+07	1.0007e+08	1.07312e+08	1.24359e+08	9.84598e+07	1.41263e+08	1.31808e+08	1.41617e+08	1.77617e+08	1.77477e+08	1.26322e+08	1.68317e+08	1.69951e+08	1.44741e+08	1.56982e+08	1.70608e+08	1.53353e+08	1.62485e+08	1.62919e+08	1.80164e+08	1.69824e+08	1.72314e+08	1.49914e+08	1.48771e+08	1.45026e+08	1.46162e+08	1.61585e+08	1.48899e+08	1.41397e+08	1.74945e+08	1.80256e+08	1.40006e+08	1.72831e+08	1.43805e+08	1.74304e+08	1.66644e+08	1.41336e+08	1.66264e+08	1.42405e+08	1.65212e+08	1.39035e+08
ERR626818	4.3011e+08	3.8668e+08	3.92983e+08	2.99651e+08	6.14105e+08	3.04319e+08	1.90319e+08	1.90869e+08	1.87873e+08	1.94145e+08	2.13386e+08	1.94155e+08	3.18976e+08	2.53428e+08	3.45585e+08	2.50086e+08	2.41844e+08	2.47281e+08	2.99968e+08	3.56122e+08	2.92543e+08	3.5447e+08	3.52894e+08	2.95081e+08	3.19031e+08	2.87098e+08	1.7048e+08	1.74976e+08	2.8655e+08	1.65197e+08	3.3161e+08	3.27151e+08	3.24843e+08	3.30976e+08	2.98612e+08	3.30598e+08	2.90333e+08	3.46539e+08	3.52721e+08	2.87897e+08	3.12212e+08	2.95173e+08	2.45157e+08	2.66861e+08	3.67518e+08	2.7148e+08	3.38872e+08	2.76234e+08	2.86923e+08	2.45775e+08	2.7062e+08	2.90555e+08	2.62341e+08	2.87562e+08	1.75386e+08	1.50257e+08	1.51468e+08	1.62519e+08	1.87912e+08	1.48993e+08	2.12945e+08	1.98757e+08	2.13283e+08	2.67772e+08	2.6774e+08	1.91438e+08	2.54475e+08	2.56928e+08	2.18294e+08	2.37097e+08	2.58027e+08	2.31641e+08	2.45659e+08	2.46061e+08	2.71896e+08	2.56556e+08	2.60391e+08	2.25849e+08	2.24865e+08	2.19039e+08	2.21214e+08	2.44059e+08	2.25469e+08	2.13235e+08	2.64974e+08	2.73195e+08	2.12064e+08	2.61582e+08	2.17733e+08	2.63727e+08	2.51245e+08	2.12982e+08	2.50532e+08	2.14456e+08	2.48901e+08	2.10001e+08
ERR626816	2.94989e+08	2.65753e+08	2.69916e+08	2.08345e+08	3.04319e+08	3.24792e+08	1.29942e+08	1.30859e+08	1.28912e+08	1.32294e+08	1.46176e+08	1.32763e+08	2.16734e+08	1.72858e+08	2.35071e+08	1.70682e+08	1.65152e+08	1.6874e+08	2.05465e+08	2.42669e+08	2.00363e+08	2.41445e+08	2.40352e+08	2.0211e+08	2.16992e+08	1.95192e+08	1.16868e+08	1.19892e+08	1.94819e+08	1.13412e+08	2.25535e+08	2.22121e+08	2.21145e+08	2.24922e+08	2.0328e+08	2.24721e+08	1.98952e+08	2.36801e+08	2.4144e+08	1.97318e+08	2.13934e+08	2.02148e+08	1.66588e+08	1.82108e+08	2.49416e+08	1.85232e+08	2.29955e+08	1.88389e+08	1.94046e+08	1.66128e+08	1.82914e+08	1.9644e+08	1.77442e+08	1.94629e+08	1.17907e+08	1.00697e+08	1.01537e+08	1.08862e+08	1.26304e+08	9.98623e+07	1.43371e+08	1.33555e+08	1.43717e+08	1.80075e+08	1.80087e+08	1.28084e+08	1.70894e+08	1.72394e+08	1.47031e+08	1.59369e+08	1.73082e+08	1.55662e+08	1.65149e+08	1.65565e+08	1.83008e+08	1.726e+08	1.75012e+08	1.52237e+08	1.51018e+08	1.47364e+08	1.48336e+08	1.64114e+08	1.51088e+08	1.43669e+08	1.77749e+08	1.82993e+08	1.42093e+08	1.75545e+08	1.46174e+08	1.77077e+08	1.69442e+08	1.43726e+08	1.68967e+08	1.44681e+08	1.67947e+08	1.4134e+08
ERR605682	1.84535e+08	1.65462e+08	1.68151e+08	1.28137e+08	1.90319e+08	1.29942e+08	2.55407e+08	1.63299e+08	1.62152e+08	1.66372e+08	1.79609e+08	1.6591e+08	1.85951e+08	1.47868e+08	1.99365e+08	1.45439e+08	1.40757e+08	1.44282e+08	1.74066e+08	2.07599e+08	1.70168e+08	2.06814e+08	2.05898e+08	1.714e+08	1.94756e+08	1.77296e+08	1.13723e+08	1.16355e+08	1.76826e+08	1.11069e+08	1.71281e+08	1.68539e+08	1.67729e+08	1.70883e+08	1.54049e+08	1.70808e+08	1.44219e+08	1.73928e+08	1.77227e+08	1.42731e+08	1.55721e+08	1.46662e+08	1.16149e+08	1.27423e+08	1.76666e+08	1.29562e+08	1.62197e+08	1.31832e+08	1.52497e+08	1.3011e+08	1.43199e+08	1.54204e+08	1.38973e+08	1.52821e+08	9.78759e+07	8.40536e+07	8.44117e+07	9.04621e+07	1.04764e+08	8.32549e+07	1.25366e+08	1.17533e+08	1.25732e+08	1.56627e+08	1.56743e+08	1.13339e+08	1.47931e+08	1.49371e+08	1.27473e+08	1.38053e+08	1.49966e+08	1.34892e+08	1.40475e+08	1.40677e+08	1.55162e+08	1.46514e+08	1.48531e+08	1.29381e+08	1.51596e+08	1.48373e+08	1.49695e+08	1.62601e+08	1.52072e+08	1.454e+08	1.51306e+08	1.55865e+08	1.21608e+08	1.49327e+08	1.24725e+08	1.50621e+08	1.67322e+08	1.45474e+08	1.66941e+08	1.46375e+08	1.6603e+08	1.44028e+08
ERR605679	1.84885e+08	1.65717e+08	1.68479e+08	1.28872e+08	1.90869e+08	1.30859e+08	1.63299e+08	2.58187e+08	1.63372e+08	1.65828e+08	1.81848e+08	1.67624e+08	1.8512e+08	1.47521e+08	1.99017e+08	1.45187e+08	1.4062e+08	1.44222e+08	1.73742e+08	2.0669e+08	1.69953e+08	2.06009e+08	2.04942e+08	1.71179e+08	1.94836e+08	1.76811e+08	1.13525e+08	1.15912e+08	1.76327e+08	1.10874e+08	1.71046e+08	1.68203e+08	1.67708e+08	1.7058e+08	1.53905e+08	1.705e+08	1.43958e+08	1.73529e+08	1.77261e+08	1.42579e+08	1.55607e+08	1.46474e+08	1.15002e+08	1.27022e+08	1.76098e+08	1.29093e+08	1.61556e+08	1.31339e+08	1.52152e+08	1.29511e+08	1.4276e+08	1.53802e+08	1.38615e+08	1.52484e+08	9.72514e+07	8.30713e+07	8.34341e+07	8.95437e+07	1.04094e+08	8.22544e+07	1.25384e+08	1.17121e+08	1.25882e+08	1.56721e+08	1.56819e+08	1.1229e+08	1.47666e+08	1.49045e+08	1.27644e+08	1.38225e+08	1.49509e+08	1.34984e+08	1.40118e+08	1.40484e+08	1.55214e+08	1.46188e+08	1.48272e+08	1.29456e+08	1.50809e+08	1.47766e+08	1.48409e+08	1.61968e+08	1.50646e+08	1.44994e+08	1.50693e+08	1.55104e+08	1.20984e+08	1.4897e+08	1.24227e+08	1.50288e+08	1.6765e+08	1.45632e+08	1.67195e+08	1.46576e+08	1.66276e+08	1.43656e+08
ERR605680	1.81821e+08	1.62967e+08	1.65891e+08	1.27061e+08	1.87873e+08	1.28912e+08	1.62152e+08	1.63372e+08	2.53743e+08	1.64664e+08	1.79804e+08	1.65715e+08	1.81775e+08	1.44904e+08	1.95708e+08	1.42712e+08	1.3829e+08	1.4173e+08	1.70746e+08	2.02846e+08	1.6698e+08	2.021e+08	2.01021e+08	1.68263e+08	1.91473e+08	1.73663e+08	1.11567e+08	1.13999e+08	1.73108e+08	1.09052e+08	1.67898e+08	1.64986e+08	1.64803e+08	1.67519e+08	1.51061e+08	1.67314e+08	1.41292e+08	1.70443e+08	1.74323e+08	1.39949e+08	1.52802e+08	1.43722e+08	1.1237e+08	1.24539e+08	1.72887e+08	1.26599e+08	1.58312e+08	1.2877e+08	1.49e+08	1.26492e+08	1.39658e+08	1.50482e+08	1.35614e+08	1.49497e+08	9.51958e+07	8.11726e+07	8.151e+07	8.75048e+07	1.01967e+08	8.04418e+07	1.23155e+08	1.14958e+08	1.23707e+08	1.54056e+08	1.54091e+08	1.0973e+08	1.44836e+08	1.462e+08	1.25416e+08	1.35637e+08	1.46808e+08	1.324e+08	1.37359e+08	1.37753e+08	1.52378e+08	1.43337e+08	1.45305e+08	1.27059e+08	1.48053e+08	1.45148e+08	1.45428e+08	1.59175e+08	1.47751e+08	1.426e+08	1.47646e+08	1.5193e+08	1.18521e+08	1.46098e+08	1.21695e+08	1.47322e+08	1.651e+08	1.43302e+08	1.64482e+08	1.44234e+08	1.63691e+08	1.41076e+08
ERR605681	1.88105e+08	1.68734e+08	1.71507e+08	1.3053e+08	1.94145e+08	1.32294e+08	1.66372e+08	1.65828e+08	1.64664e+08	2.63222e+08	1.82426e+08	1.68596e+08	1.89698e+08	1.50958e+08	2.03432e+08	1.4842e+08	1.43648e+08	1.47324e+08	1.77681e+08	2.11984e+08	1.73803e+08	2.11219e+08	2.1021e+08	1.75131e+08	1.98605e+08	1.80772e+08	1.1585e+08	1.18304e+08	1.8034e+08	1.13038e+08	1.75043e+08	1.72201e+08	1.71328e+08	1.74636e+08	1.5746e+08	1.74393e+08	1.47138e+08	1.77402e+08	1.80743e+08	1.45722e+08	1.5869e+08	1.49734e+08	1.18789e+08	1.3006e+08	1.80328e+08	1.32169e+08	1.65722e+08	1.34519e+08	1.56004e+08	1.33202e+08	1.46564e+08	1.57811e+08	1.42181e+08	1.56354e+08	9.97209e+07	8.56749e+07	8.6196e+07	9.23263e+07	1.06781e+08	8.48157e+07	1.27736e+08	1.19709e+08	1.28011e+08	1.59531e+08	1.59565e+08	1.15584e+08	1.50901e+08	1.52242e+08	1.29921e+08	1.40739e+08	1.52919e+08	1.37598e+08	1.43108e+08	1.43468e+08	1.58163e+08	1.49459e+08	1.51459e+08	1.31795e+08	1.5435e+08	1.51007e+08	1.52434e+08	1.65567e+08	1.54874e+08	1.47894e+08	1.54349e+08	1.58938e+08	1.24045e+08	1.52276e+08	1.27224e+08	1.53559e+08	1.70086e+08	1.4787e+08	1.69762e+08	1.48868e+08	1.68926e+08	1.46455e+08
ERR605677	2.06705e+08	1.85243e+08	1.88534e+08	1.44007e+08	2.13386e+08	1.46176e+08	1.79609e+08	1.81848e+08	1.79804e+08	1.82426e+08	3.04284e+08	1.84799e+08	2.04027e+08	1.62495e+08	2.19724e+08	1.59901e+08	1.54924e+08	1.58865e+08	1.93059e+08	2.29485e+08	1.88772e+08	2.28779e+08	2.27462e+08	1.90167e+08	2.14458e+08	1.94373e+08	1.23546e+08	1.26273e+08	1.93611e+08	1.20722e+08	1.90841e+08	1.87437e+08	1.87081e+08	1.90325e+08	1.71673e+08	1.903e+08	1.59891e+08	1.93079e+08	1.97224e+08	1.58472e+08	1.7305e+08	1.62843e+08	1.28203e+08	1.41784e+08	1.96976e+08	1.44292e+08	1.80514e+08	1.4675e+08	1.69723e+08	1.44112e+08	1.5912e+08	1.71276e+08	1.5453e+08	1.70066e+08	1.08376e+08	9.24296e+07	9.27998e+07	9.97541e+07	1.15982e+08	9.15819e+07	1.40037e+08	1.30708e+08	1.40535e+08	1.75117e+08	1.75268e+08	1.2511e+08	1.64903e+08	1.66448e+08	1.42476e+08	1.54218e+08	1.67095e+08	1.50703e+08	1.5634e+08	1.56859e+08	1.73238e+08	1.63358e+08	1.65407e+08	1.44467e+08	1.65786e+08	1.62225e+08	1.62711e+08	1.78215e+08	1.65326e+08	1.59226e+08	1.68279e+08	1.73308e+08	1.35058e+08	1.66612e+08	1.38826e+08	1.68025e+08	1.84843e+08	1.60189e+08	1.84229e+08	1.61105e+08	1.83338e+08	1.5784e+08
ERR605678	1.88049e+08	1.68537e+08	1.71443e+08	1.30866e+08	1.94155e+08	1.32763e+08	1.6591e+08	1.67624e+08	1.65715e+08	1.68596e+08	1.84799e+08	2.64431e+08	1.88276e+08	1.49914e+08	2.02377e+08	1.4756e+08	1.42902e+08	1.46653e+08	1.76651e+08	2.10304e+08	1.72827e+08	2.09465e+08	2.08451e+08	1.74103e+08	1.97882e+08	1.79688e+08	1.15123e+08	1.17668e+08	1.7915e+08	1.12456e+08	1.74169e+08	1.711e+08	1.70716e+08	1.73709e+08	1.5656e+08	1.73698e+08	1.4626e+08	1.76706e+08	1.80271e+08	1.44968e+08	1.58151e+08	1.49e+08	1.17063e+08	1.29173e+08	1.79315e+08	1.31328e+08	1.64424e+08	1.33636e+08	1.54804e+08	1.31716e+08	1.45252e+08	1.56332e+08	1.4098e+08	1.55139e+08	9.89595e+07	8.45503e+07	8.49971e+07	9.12241e+07	1.05927e+08	8.37916e+07	1.27521e+08	1.19126e+08	1.27922e+08	1.59372e+08	1.59415e+08	1.14254e+08	1.50317e+08	1.51681e+08	1.2982e+08	1.40535e+08	1.52271e+08	1.37206e+08	1.4249e+08	1.42936e+08	1.5782e+08	1.48893e+08	1.50884e+08	1.3162e+08	1.53279e+08	1.5001e+08	1.50649e+08	1.64656e+08	1.53068e+08	1.47074e+08	1.536e+08	1.57972e+08	1.23306e+08	1.51849e+08	1.26578e+08	1.53057e+08	1.70178e+08	1.4777e+08	1.69633e+08	1.48653e+08	1.68769e+08	1.45945e+08
ERR612555	3.09188e+08	2.78131e+08	2.82038e+08	2.13349e+08	3.18976e+08	2.16734e+08	1.85951e+08	1.8512e+08	1.81775e+08	1.89698e+08	2.04027e+08	1.88276e+08	4.75061e+08	2.65782e+08	3.56705e+08	2.60626e+08	2.51735e+08	2.57869e+08	2.67901e+08	3.191e+08	2.61264e+08	3.17737e+08	3.16391e+08	2.63309e+08	3.01174e+08	2.74078e+08	1.70947e+08	1.74895e+08	2.73419e+08	1.66058e+08	2.91548e+08	2.88556e+08	2.85832e+08	2.91302e+08	2.63956e+08	2.90832e+08	2.50132e+08	2.97155e+08	3.01518e+08	2.47799e+08	2.67833e+08	2.54198e+08	2.0157e+08	2.16756e+08	2.98124e+08	2.20225e+08	2.7547e+08	2.24206e+08	2.45409e+08	2.11761e+08	2.31643e+08	2.48408e+08	2.24757e+08	2.45576e+08	1.47712e+08	1.27312e+08	1.28376e+08	1.37734e+08	1.5826e+08	1.26264e+08	1.75881e+08	1.65014e+08	1.75947e+08	2.20683e+08	2.20543e+08	1.60357e+08	2.10057e+08	2.11632e+08	1.79662e+08	1.95256e+08	2.12854e+08	1.90908e+08	2.02908e+08	2.03029e+08	2.23857e+08	2.11734e+08	2.14973e+08	1.85943e+08	2.10365e+08	2.05559e+08	2.08356e+08	2.26182e+08	2.12218e+08	1.99969e+08	2.16878e+08	2.23739e+08	1.73997e+08	2.13384e+08	1.78247e+08	2.15306e+08	2.25428e+08	1.94578e+08	2.2493e+08	1.95861e+08	2.23689e+08	1.93118e+08
ERR612554	2.45983e+08	2.21219e+08	2.24241e+08	1.70198e+08	2.53428e+08	1.72858e+08	1.47868e+08	1.47521e+08	1.44904e+08	1.50958e+08	1.62495e+08	1.49914e+08	2.65782e+08	3.2432e+08	2.84466e+08	2.0865e+08	2.01718e+08	2.065e+08	2.14296e+08	2.54413e+08	2.08982e+08	2.53285e+08	2.52186e+08	2.10494e+08	2.40281e+08	2.1882e+08	1.36832e+08	1.39918e+08	2.18088e+08	1.32979e+08	2.32347e+08	2.2995e+08	2.2794e+08	2.32249e+08	2.10664e+08	2.3172e+08	2.00169e+08	2.37251e+08	2.41035e+08	1.98385e+08	2.14198e+08	2.03399e+08	1.60024e+08	1.7226e+08	2.36707e+08	1.7512e+08	2.18702e+08	1.78194e+08	1.9489e+08	1.68258e+08	1.84025e+08	1.97219e+08	1.7861e+08	1.95072e+08	1.17201e+08	1.00935e+08	1.01675e+08	1.09218e+08	1.2546e+08	1.00085e+08	1.38586e+08	1.30011e+08	1.38652e+08	1.73804e+08	1.73879e+08	1.26086e+08	1.6546e+08	1.66599e+08	1.41636e+08	1.53782e+08	1.67531e+08	1.50377e+08	1.60125e+08	1.60141e+08	1.76599e+08	1.67009e+08	1.69511e+08	1.46809e+08	1.66647e+08	1.62856e+08	1.64946e+08	1.79162e+08	1.67902e+08	1.58386e+08	1.70655e+08	1.75968e+08	1.37039e+08	1.67916e+08	1.40286e+08	1.6952e+08	1.77881e+08	1.5352e+08	1.77456e+08	1.54392e+08	1.76295e+08	1.5215e+08
ERR612553	3.34979e+08	3.00799e+08	3.05451e+08	2.31379e+08	3.45585e+08	2.35071e+08	1.99365e+08	1.99017e+08	1.95708e+08	2.03432e+08	2.19724e+08	2.02377e+08	3.56705e+08	2.84466e+08	5.37293e+08	2.79031e+08	2.69667e+08	2.76186e+08	2.88248e+08	3.42739e+08	2.81063e+08	3.41262e+08	3.3973e+08	2.83238e+08	3.22628e+08	2.92745e+08	1.81283e+08	1.85623e+08	2.91902e+08	1.76236e+08	3.14494e+08	3.11106e+08	3.08469e+08	3.14232e+08	2.84592e+08	3.13589e+08	2.68764e+08	3.19795e+08	3.25104e+08	2.664e+08	2.88159e+08	2.73291e+08	2.16416e+08	2.33845e+08	3.22213e+08	2.37757e+08	2.97337e+08	2.42001e+08	2.64608e+08	2.27816e+08	2.49633e+08	2.67724e+08	2.42308e+08	2.64916e+08	1.59223e+08	1.36827e+08	1.37863e+08	1.48179e+08	1.70611e+08	1.35594e+08	1.91381e+08	1.79021e+08	1.91343e+08	2.40106e+08	2.40091e+08	1.73186e+08	2.28162e+08	2.29804e+08	1.95362e+08	2.12409e+08	2.31069e+08	2.0756e+08	2.2045e+08	2.20575e+08	2.4343e+08	2.29913e+08	2.33459e+08	2.02308e+08	2.25053e+08	2.19951e+08	2.22463e+08	2.42271e+08	2.26554e+08	2.14185e+08	2.35368e+08	2.42571e+08	1.88513e+08	2.3185e+08	1.93297e+08	2.33789e+08	2.43728e+08	2.0974e+08	2.4312e+08	2.11098e+08	2.41588e+08	2.07693e+08
ERR612557	2.42464e+08	2.18248e+08	2.21277e+08	1.68131e+08	2.50086e+08	1.70682e+08	1.45439e+08	1.45187e+08	1.42712e+08	1.4842e+08	1.59901e+08	1.4756e+08	2.60626e+08	2.0865e+08	2.79031e+08	3.13817e+08	1.99393e+08	2.04069e+08	2.10837e+08	2.50083e+08	2.05597e+08	2.49041e+08	2.47767e+08	2.0711e+08	2.35875e+08	2.14506e+08	1.34112e+08	1.37118e+08	2.13913e+08	1.30403e+08	2.28726e+08	2.26355e+08	2.24512e+08	2.28571e+08	2.07502e+08	2.28152e+08	1.96898e+08	2.33615e+08	2.37251e+08	1.9538e+08	2.10913e+08	2.0013e+08	1.57321e+08	1.69629e+08	2.32842e+08	1.72302e+08	2.15105e+08	1.7546e+08	1.91476e+08	1.65335e+08	1.80827e+08	1.9377e+08	1.75527e+08	1.91667e+08	1.15293e+08	9.92152e+07	1.00065e+08	1.07313e+08	1.23528e+08	9.83874e+07	1.36753e+08	1.28045e+08	1.36767e+08	1.71624e+08	1.71559e+08	1.24205e+08	1.63198e+08	1.64492e+08	1.39771e+08	1.51798e+08	1.65196e+08	1.48365e+08	1.57912e+08	1.58051e+08	1.74263e+08	1.64842e+08	1.6718e+08	1.44904e+08	1.63392e+08	1.59788e+08	1.61702e+08	1.75752e+08	1.64629e+08	1.55594e+08	1.68284e+08	1.73414e+08	1.34962e+08	1.65772e+08	1.38349e+08	1.67277e+08	1.7505e+08	1.51108e+08	1.74747e+08	1.52124e+08	1.73738e+08	1.49679e+08
ERR612558	2.34494e+08	2.10962e+08	2.14028e+08	1.62555e+08	2.41844e+08	1.65152e+08	1.40757e+08	1.4062e+08	1.3829e+08	1.43648e+08	1.54924e+08	1.42902e+08	2.51735e+08	2.01718e+08	2.69667e+08	1.99393e+08	2.97212e+08	1.97438e+08	2.04024e+08	2.41777e+08	1.98903e+08	2.40892e+08	2.39746e+08	2.00318e+08	2.28239e+08	2.07632e+08	1.29715e+08	1.32726e+08	2.06977e+08	1.26184e+08	2.21387e+08	2.19016e+08	2.17224e+08	2.21241e+08	2.00708e+08	2.20918e+08	1.90472e+08	2.26002e+08	2.29631e+08	1.88903e+08	2.04071e+08	1.93631e+08	1.52047e+08	1.63954e+08	2.25114e+08	1.66621e+08	2.08111e+08	1.69741e+08	1.8498e+08	1.59503e+08	1.74564e+08	1.87155e+08	1.69489e+08	1.85172e+08	1.11221e+08	9.56436e+07	9.64447e+07	1.03503e+08	1.191e+08	9.48032e+07	1.32288e+08	1.23889e+08	1.32317e+08	1.65842e+08	1.6575e+08	1.19897e+08	1.57719e+08	1.58813e+08	1.35073e+08	1.46674e+08	1.59716e+08	1.43365e+08	1.52685e+08	1.52798e+08	1.68524e+08	1.59233e+08	1.61603e+08	1.4009e+08	1.58002e+08	1.54411e+08	1.56246e+08	1.70057e+08	1.592e+08	1.50394e+08	1.62727e+08	1.67657e+08	1.30421e+08	1.60151e+08	1.33683e+08	1.61605e+08	1.69424e+08	1.46032e+08	1.68951e+08	1.46994e+08	1.67933e+08	1.44774e+08
ERR612556	2.39725e+08	2.15751e+08	2.18852e+08	1.66181e+08	2.47281e+08	1.6874e+08	1.44282e+08	1.44222e+08	1.4173e+08	1.47324e+08	1.58865e+08	1.46653e+08	2.57869e+08	2.065e+08	2.76186e+08	2.04069e+08	1.97438e+08	3.09088e+08	2.08535e+08	2.47347e+08	2.03414e+08	2.46337e+08	2.45018e+08	2.04843e+08	2.33716e+08	2.12611e+08	1.32967e+08	1.36062e+08	2.12006e+08	1.29246e+08	2.26333e+08	2.23882e+08	2.21996e+08	2.26092e+08	2.05169e+08	2.25663e+08	1.94556e+08	2.308e+08	2.34428e+08	1.92894e+08	2.08303e+08	1.9786e+08	1.5522e+08	1.67494e+08	2.30147e+08	1.70256e+08	2.12571e+08	1.73405e+08	1.89628e+08	1.63517e+08	1.7906e+08	1.91852e+08	1.73769e+08	1.89798e+08	1.14132e+08	9.81947e+07	9.88292e+07	1.06179e+08	1.22226e+08	9.7241e+07	1.35529e+08	1.26977e+08	1.35655e+08	1.69874e+08	1.69822e+08	1.22848e+08	1.61518e+08	1.62842e+08	1.38367e+08	1.50405e+08	1.63576e+08	1.47001e+08	1.56396e+08	1.56555e+08	1.72653e+08	1.63194e+08	1.65557e+08	1.43506e+08	1.62143e+08	1.58543e+08	1.60342e+08	1.74534e+08	1.63278e+08	1.54368e+08	1.66692e+08	1.71744e+08	1.33684e+08	1.64137e+08	1.36999e+08	1.6558e+08	1.73902e+08	1.49979e+08	1.73434e+08	1.50966e+08	1.72351e+08	1.48603e+08
ERR613458	2.90857e+08	2.61914e+08	2.65823e+08	2.02462e+08	2.99968e+08	2.05465e+08	1.74066e+08	1.73742e+08	1.70746e+08	1.77681e+08	1.93059e+08	1.76651e+08	2.67901e+08	2.14296e+08	2.88248e+08	2.10837e+08	2.04024e+08	2.08535e+08	4.17039e+08	3.38068e+08	2.79235e+08	3.36616e+08	3.35002e+08	2.81592e+08	2.70685e+08	2.45348e+08	1.49956e+08	1.53579e+08	2.44774e+08	1.45361e+08	2.68488e+08	2.65307e+08	2.63459e+08	2.68168e+08	2.4327e+08	2.68001e+08	2.35005e+08	2.78409e+08	2.82657e+08	2.32875e+08	2.51543e+08	2.38647e+08	1.96621e+08	2.11673e+08	2.89672e+08	2.15356e+08	2.67838e+08	2.19191e+08	2.31677e+08	1.99753e+08	2.18617e+08	2.34348e+08	2.1224e+08	2.31992e+08	1.43207e+08	1.23151e+08	1.2404e+08	1.32995e+08	1.53202e+08	1.21947e+08	1.68534e+08	1.57987e+08	1.68825e+08	2.11277e+08	2.11225e+08	1.52683e+08	2.03517e+08	2.0516e+08	1.74182e+08	1.8957e+08	2.05957e+08	1.85077e+08	1.94245e+08	1.94518e+08	2.14453e+08	2.02923e+08	2.05787e+08	1.78285e+08	1.88254e+08	1.83674e+08	1.85916e+08	2.03482e+08	1.89373e+08	1.78522e+08	2.10786e+08	2.17445e+08	1.69213e+08	2.07693e+08	1.73442e+08	2.09579e+08	2.02562e+08	1.72506e+08	2.01741e+08	1.73774e+08	2.00545e+08	1.70957e+08
ERR613455	3.45182e+08	3.10663e+08	3.15006e+08	2.39031e+08	3.56122e+08	2.42669e+08	2.07599e+08	2.0669e+08	2.02846e+08	2.11984e+08	2.29485e+08	2.10304e+08	3.191e+08	2.54413e+08	3.42739e+08	2.50083e+08	2.41777e+08	2.47347e+08	3.38068e+08	5.6285e+08	3.29455e+08	4.00938e+08	3.99156e+08	3.32291e+08	3.21902e+08	2.91869e+08	1.7772e+08	1.82037e+08	2.91165e+08	1.72177e+08	3.18832e+08	3.15421e+08	3.12741e+08	3.18868e+08	2.8887e+08	3.18388e+08	2.78021e+08	3.30074e+08	3.34717e+08	2.75467e+08	2.97688e+08	2.8232e+08	2.33905e+08	2.51262e+08	3.44427e+08	2.55526e+08	3.18562e+08	2.60294e+08	2.76873e+08	2.38932e+08	2.61431e+08	2.80205e+08	2.53763e+08	2.77335e+08	1.7179e+08	1.48146e+08	1.49179e+08	1.60035e+08	1.8374e+08	1.46583e+08	2.02793e+08	1.90514e+08	2.02878e+08	2.54295e+08	2.5404e+08	1.84726e+08	2.45399e+08	2.47176e+08	2.09588e+08	2.27942e+08	2.48398e+08	2.22802e+08	2.33959e+08	2.34015e+08	2.58068e+08	2.44232e+08	2.47805e+08	2.14314e+08	2.26523e+08	2.20992e+08	2.24033e+08	2.44665e+08	2.28264e+08	2.14553e+08	2.54389e+08	2.62296e+08	2.04183e+08	2.50313e+08	2.09021e+08	2.52479e+08	2.43391e+08	2.07711e+08	2.42723e+08	2.09289e+08	2.41356e+08	2.06359e+08
ERR613460	2.8349e+08	2.5523e+08	2.59069e+08	1.97492e+08	2.92543e+08	2.00363e+08	1.70168e+08	1.69953e+08	1.6698e+08	1.73803e+08	1.88772e+08	1.72827e+08	2.61264e+08	2.08982e+08	2.81063e+08	2.05597e+08	1.98903e+08	2.03414e+08	2.79235e+08	3.29455e+08	3.99906e+08	3.28044e+08	3.26582e+08	2.74639e+08	2.63761e+08	2.39143e+08	1.46145e+08	1.49755e+08	2.38302e+08	1.41856e+08	2.61567e+08	2.58507e+08	2.56657e+08	2.61205e+08	2.36953e+08	2.61089e+08	2.28725e+08	2.71139e+08	2.75201e+08	2.26733e+08	2.45055e+08	2.32372e+08	1.91333e+08	2.06229e+08	2.81845e+08	2.09776e+08	2.60665e+08	2.13459e+08	2.25817e+08	1.94612e+08	2.13104e+08	2.28438e+08	2.06937e+08	2.26259e+08	1.39751e+08	1.20208e+08	1.21126e+08	1.29906e+08	1.49435e+08	1.19084e+08	1.64911e+08	1.54633e+08	1.65014e+08	2.06677e+08	2.06642e+08	1.49348e+08	1.99046e+08	2.00628e+08	1.70417e+08	1.8538e+08	2.01486e+08	1.81069e+08	1.89888e+08	1.90234e+08	2.09877e+08	1.98419e+08	2.01151e+08	1.74452e+08	1.83852e+08	1.79388e+08	1.81551e+08	1.9882e+08	1.8496e+08	1.74384e+08	2.06171e+08	2.12557e+08	1.65448e+08	2.03149e+08	1.69584e+08	2.05089e+08	1.981e+08	1.6883e+08	1.97586e+08	1.70133e+08	1.96391e+08	1.6736e+08
ERR613456	3.43685e+08	3.09049e+08	3.13657e+08	2.37966e+08	3.5447e+08	2.41445e+08	2.06814e+08	2.06009e+08	2.021e+08	2.11219e+08	2.28779e+08	2.09465e+08	3.17737e+08	2.53285e+08	3.41262e+08	2.49041e+08	2.40892e+08	2.46337e+08	3.36616e+08	4.00938e+08	3.28044e+08	5.58641e+08	3.97348e+08	3.3081e+08	3.20448e+08	2.9066e+08	1.77144e+08	1.81596e+08	2.89993e+08	1.71649e+08	3.17149e+08	3.13767e+08	3.11053e+08	3.16885e+08	2.87134e+08	3.1675e+08	2.76726e+08	3.28744e+08	3.3311e+08	2.74201e+08	2.96364e+08	2.81161e+08	2.32639e+08	2.49959e+08	3.42662e+08	2.54265e+08	3.16889e+08	2.58769e+08	2.75468e+08	2.37554e+08	2.60016e+08	2.78708e+08	2.5231e+08	2.75871e+08	1.707e+08	1.47062e+08	1.48136e+08	1.5887e+08	1.82608e+08	1.4564e+08	2.01536e+08	1.89246e+08	2.01627e+08	2.5271e+08	2.52452e+08	1.83438e+08	2.43744e+08	2.45473e+08	2.08169e+08	2.2653e+08	2.46715e+08	2.21323e+08	2.32499e+08	2.32719e+08	2.56555e+08	2.4284e+08	2.46273e+08	2.13133e+08	2.25372e+08	2.19906e+08	2.22876e+08	2.43455e+08	2.2712e+08	2.13513e+08	2.52558e+08	2.60476e+08	2.02788e+08	2.48713e+08	2.07635e+08	2.50819e+08	2.42357e+08	2.06689e+08	2.41525e+08	2.08426e+08	2.40225e+08	2.05445e+08
ERR613457	3.42006e+08	3.07727e+08	3.12176e+08	2.36849e+08	3.52894e+08	2.40352e+08	2.05898e+08	2.04942e+08	2.01021e+08	2.1021e+08	2.27462e+08	2.08451e+08	3.16391e+08	2.52186e+08	3.3973e+08	2.47767e+08	2.39746e+08	2.45018e+08	3.35002e+08	3.99156e+08	3.26582e+08	3.97348e+08	5.54092e+08	3.29392e+08	3.18918e+08	2.8918e+08	1.76282e+08	1.80545e+08	2.88429e+08	1.70791e+08	3.16318e+08	3.13036e+08	3.10179e+08	3.16186e+08	2.86467e+08	3.15749e+08	2.75679e+08	3.2761e+08	3.31947e+08	2.73362e+08	2.95339e+08	2.80195e+08	2.3203e+08	2.49159e+08	3.41641e+08	2.53407e+08	3.15967e+08	2.58135e+08	2.74397e+08	2.3672e+08	2.59096e+08	2.77627e+08	2.51449e+08	2.74721e+08	1.70024e+08	1.46627e+08	1.47819e+08	1.58517e+08	1.81852e+08	1.45242e+08	2.00696e+08	1.88506e+08	2.00765e+08	2.51645e+08	2.51491e+08	1.829e+08	2.42684e+08	2.44696e+08	2.07271e+08	2.25662e+08	2.45636e+08	2.20394e+08	2.31412e+08	2.31608e+08	2.55208e+08	2.41634e+08	2.45348e+08	2.12125e+08	2.24591e+08	2.18914e+08	2.22037e+08	2.42576e+08	2.26201e+08	2.1259e+08	2.5164e+08	2.59482e+08	2.01973e+08	2.47665e+08	2.06878e+08	2.49932e+08	2.41129e+08	2.05559e+08	2.40348e+08	2.0732e+08	2.3893e+08	2.04296e+08
ERR613459	2.8601e+08	2.5746e+08	2.61301e+08	1.991e+08	2.95081e+08	2.0211e+08	1.714e+08	1.71179e+08	1.68263e+08	1.75131e+08	1.90167e+08	1.74103e+08	2.63309e+08	2.10494e+08	2.83238e+08	2.0711e+08	2.00318e+08	2.04843e+08	2.81592e+08	3.32291e+08	2.74639e+08	3.3081e+08	3.29392e+08	4.05099e+08	2.66147e+08	2.41309e+08	1.47445e+08	1.5102e+08	2.40519e+08	1.42993e+08	2.63779e+08	2.60708e+08	2.58918e+08	2.63582e+08	2.39101e+08	2.63437e+08	2.30688e+08	2.73446e+08	2.77586e+08	2.28659e+08	2.47224e+08	2.34496e+08	1.93102e+08	2.08064e+08	2.84447e+08	2.11625e+08	2.63152e+08	2.15422e+08	2.27826e+08	1.96462e+08	2.151e+08	2.30478e+08	2.08734e+08	2.28319e+08	1.40925e+08	1.21151e+08	1.22037e+08	1.30906e+08	1.50677e+08	1.19889e+08	1.65956e+08	1.55518e+08	1.6619e+08	2.08078e+08	2.07882e+08	1.50302e+08	2.00267e+08	2.01873e+08	1.71616e+08	1.86528e+08	2.02712e+08	1.82244e+08	1.91065e+08	1.91482e+08	2.11263e+08	1.99536e+08	2.02406e+08	1.75533e+08	1.85325e+08	1.8088e+08	1.82924e+08	2.00472e+08	1.86368e+08	1.75935e+08	2.07477e+08	2.13889e+08	1.66505e+08	2.04549e+08	1.70682e+08	2.06362e+08	1.99319e+08	1.69794e+08	1.98738e+08	1.71089e+08	1.97602e+08	1.6832e+08
ERR613041	3.09199e+08	2.77961e+08	2.82106e+08	2.13754e+08	3.19031e+08	2.16992e+08	1.94756e+08	1.94836e+08	1.91473e+08	1.98605e+08	2.14458e+08	1.97882e+08	3.01174e+08	2.40281e+08	3.22628e+08	2.35875e+08	2.28239e+08	2.33716e+08	2.70685e+08	3.21902e+08	2.63761e+08	3.20448e+08	3.18918e+08	2.66147e+08	4.85584e+08	3.13066e+08	1.95941e+08	2.0043e+08	3.12228e+08	1.90671e+08	2.8266e+08	2.79462e+08	2.77087e+08	2.82596e+08	2.55689e+08	2.82078e+08	2.45527e+08	2.92565e+08	2.96946e+08	2.43326e+08	2.63061e+08	2.49566e+08	2.01641e+08	2.16965e+08	2.99235e+08	2.20766e+08	2.7642e+08	2.24867e+08	2.4677e+08	2.12653e+08	2.32714e+08	2.49634e+08	2.25785e+08	2.47009e+08	1.48519e+08	1.27788e+08	1.28753e+08	1.38204e+08	1.58994e+08	1.26587e+08	1.7436e+08	1.6336e+08	1.74359e+08	2.18632e+08	2.18559e+08	1.5811e+08	2.10412e+08	2.12141e+08	1.80239e+08	1.95755e+08	2.13183e+08	1.91558e+08	2.01867e+08	2.02005e+08	2.22824e+08	2.10784e+08	2.14053e+08	1.8525e+08	2.17955e+08	2.13113e+08	2.15555e+08	2.34092e+08	2.19446e+08	2.07606e+08	2.17369e+08	2.24056e+08	1.74362e+08	2.14083e+08	1.78506e+08	2.15816e+08	2.30187e+08	1.9909e+08	2.29756e+08	2.00319e+08	2.28325e+08	1.97438e+08
ERR613042	2.78286e+08	2.50326e+08	2.53957e+08	1.9239e+08	2.87098e+08	1.95192e+08	1.77296e+08	1.76811e+08	1.73663e+08	1.80772e+08	1.94373e+08	1.79688e+08	2.74078e+08	2.1882e+08	2.92745e+08	2.14506e+08	2.07632e+08	2.12611e+08	2.45348e+08	2.91869e+08	2.39143e+08	2.9066e+08	2.8918e+08	2.41309e+08	3.13066e+08	4.12168e+08	1.80271e+08	1.84393e+08	2.84985e+08	1.7538e+08	2.55301e+08	2.5272e+08	2.50249e+08	2.5524e+08	2.3117e+08	2.54857e+08	2.22659e+08	2.64867e+08	2.68493e+08	2.20506e+08	2.38208e+08	2.26243e+08	1.82882e+08	1.96043e+08	2.69867e+08	1.99559e+08	2.497e+08	2.03196e+08	2.22906e+08	1.925e+08	2.10461e+08	2.25577e+08	2.04235e+08	2.23178e+08	1.34209e+08	1.15622e+08	1.1667e+08	1.25163e+08	1.43589e+08	1.14613e+08	1.5643e+08	1.46795e+08	1.56432e+08	1.96055e+08	1.95754e+08	1.42568e+08	1.88662e+08	1.90236e+08	1.61393e+08	1.75292e+08	1.91142e+08	1.71453e+08	1.81049e+08	1.81153e+08	1.99586e+08	1.89068e+08	1.91897e+08	1.66039e+08	1.98413e+08	1.94071e+08	1.96585e+08	2.12762e+08	2.00119e+08	1.88908e+08	1.95249e+08	2.01293e+08	1.56726e+08	1.9218e+08	1.60449e+08	1.93607e+08	2.08047e+08	1.80262e+08	2.07663e+08	1.81469e+08	2.06324e+08	1.79253e+08
ERR613046	1.65283e+08	1.49113e+08	1.51277e+08	1.15134e+08	1.7048e+08	1.16868e+08	1.13723e+08	1.13525e+08	1.11567e+08	1.1585e+08	1.23546e+08	1.15123e+08	1.70947e+08	1.36832e+08	1.81283e+08	1.34112e+08	1.29715e+08	1.32967e+08	1.49956e+08	1.7772e+08	1.46145e+08	1.77144e+08	1.76282e+08	1.47445e+08	1.95941e+08	1.80271e+08	1.93264e+08	1.22219e+08	1.80009e+08	1.16928e+08	1.51786e+08	1.50264e+08	1.48644e+08	1.51701e+08	1.37724e+08	1.51511e+08	1.35512e+08	1.60447e+08	1.62414e+08	1.34269e+08	1.44436e+08	1.37665e+08	1.09959e+08	1.17105e+08	1.59999e+08	1.19148e+08	1.48452e+08	1.21328e+08	1.31851e+08	1.14127e+08	1.24428e+08	1.33345e+08	1.20791e+08	1.31901e+08	7.86974e+07	6.79711e+07	6.86157e+07	7.34864e+07	8.40775e+07	6.73388e+07	9.10859e+07	8.55656e+07	9.10248e+07	1.13975e+08	1.13902e+08	8.35612e+07	1.09695e+08	1.10471e+08	9.36726e+07	1.01778e+08	1.10965e+08	9.96229e+07	1.05604e+08	1.05508e+08	1.16243e+08	1.10091e+08	1.11808e+08	9.67034e+07	1.24916e+08	1.2246e+08	1.23962e+08	1.33212e+08	1.26136e+08	1.19245e+08	1.13637e+08	1.17129e+08	9.14622e+07	1.1166e+08	9.344e+07	1.12492e+08	1.29431e+08	1.13456e+08	1.2931e+08	1.14117e+08	1.28491e+08	1.13071e+08
ERR613045	1.69653e+08	1.5295e+08	1.55129e+08	1.18144e+08	1.74976e+08	1.19892e+08	1.16355e+08	1.15912e+08	1.13999e+08	1.18304e+08	1.26273e+08	1.17668e+08	1.74895e+08	1.39918e+08	1.85623e+08	1.37118e+08	1.32726e+08	1.36062e+08	1.53579e+08	1.82037e+08	1.49755e+08	1.81596e+08	1.80545e+08	1.5102e+08	2.0043e+08	1.84393e+08	1.22219e+08	1.99996e+08	1.84023e+08	1.19269e+08	1.55766e+08	1.54233e+08	1.52598e+08	1.55784e+08	1.41344e+08	1.55553e+08	1.38787e+08	1.64297e+08	1.66329e+08	1.37466e+08	1.48038e+08	1.4093e+08	1.12682e+08	1.20118e+08	1.64177e+08	1.22243e+08	1.52324e+08	1.24469e+08	1.35358e+08	1.17145e+08	1.27706e+08	1.36849e+08	1.23975e+08	1.35326e+08	8.07576e+07	6.97466e+07	7.03681e+07	7.53673e+07	8.63611e+07	6.91202e+07	9.3497e+07	8.78615e+07	9.34858e+07	1.17036e+08	1.16937e+08	8.57118e+07	1.1269e+08	1.13451e+08	9.63478e+07	1.04604e+08	1.14048e+08	1.02421e+08	1.08491e+08	1.08448e+08	1.1943e+08	1.13151e+08	1.14904e+08	9.94087e+07	1.27608e+08	1.25007e+08	1.26688e+08	1.36228e+08	1.2885e+08	1.21901e+08	1.16653e+08	1.20322e+08	9.38901e+07	1.14717e+08	9.5967e+07	1.15609e+08	1.32514e+08	1.16119e+08	1.32356e+08	1.16849e+08	1.31631e+08	1.15633e+08
ERR613043	2.77847e+08	2.50006e+08	2.5354e+08	1.92006e+08	2.8655e+08	1.94819e+08	1.76826e+08	1.76327e+08	1.73108e+08	1.8034e+08	1.93611e+08	1.7915e+08	2.73419e+08	2.18088e+08	2.91902e+08	2.13913e+08	2.06977e+08	2.12006e+08	2.44774e+08	2.91165e+08	2.38302e+08	2.89993e+08	2.88429e+08	2.40519e+08	3.12228e+08	2.84985e+08	1.80009e+08	1.84023e+08	4.1039e+08	1.75088e+08	2.54408e+08	2.51661e+08	2.49268e+08	2.54132e+08	2.30133e+08	2.53645e+08	2.22112e+08	2.64325e+08	2.67942e+08	2.20117e+08	2.37631e+08	2.25819e+08	1.82806e+08	1.95899e+08	2.69567e+08	1.99275e+08	2.49377e+08	2.02989e+08	2.21533e+08	1.91469e+08	2.09216e+08	2.24279e+08	2.03003e+08	2.21799e+08	1.3377e+08	1.15292e+08	1.1629e+08	1.24704e+08	1.43122e+08	1.1425e+08	1.55677e+08	1.46188e+08	1.55593e+08	1.95123e+08	1.94981e+08	1.42125e+08	1.87992e+08	1.89415e+08	1.6073e+08	1.74653e+08	1.90476e+08	1.70986e+08	1.80492e+08	1.80514e+08	1.98886e+08	1.88367e+08	1.91295e+08	1.65393e+08	1.98064e+08	1.93671e+08	1.96308e+08	2.12417e+08	1.99785e+08	1.88525e+08	1.94449e+08	2.00577e+08	1.56124e+08	1.91304e+08	1.59764e+08	1.92776e+08	2.07286e+08	1.79701e+08	2.06923e+08	1.80867e+08	2.05694e+08	1.78655e+08
ERR613044	1.60141e+08	1.44388e+08	1.46586e+08	1.11714e+08	1.65197e+08	1.13412e+08	1.11069e+08	1.10874e+08	1.09052e+08	1.13038e+08	1.20722e+08	1.12456e+08	1.66058e+08	1.32979e+08	1.76236e+08	1.30403e+08	1.26184e+08	1.29246e+08	1.45361e+08	1.72177e+08	1.41856e+08	1.71649e+08	1.70791e+08	1.42993e+08	1.90671e+08	1.7538e+08	1.16928e+08	1.19269e+08	1.75088e+08	1.85034e+08	1.46979e+08	1.45497e+08	1.43983e+08	1.46808e+08	1.33404e+08	1.46698e+08	1.31473e+08	1.55627e+08	1.57578e+08	1.30142e+08	1.40166e+08	1.33467e+08	1.0612e+08	1.1311e+08	1.54654e+08	1.15087e+08	1.43304e+08	1.1724e+08	1.27515e+08	1.10291e+08	1.20328e+08	1.28934e+08	1.16732e+08	1.27537e+08	7.61666e+07	6.56518e+07	6.61913e+07	7.10041e+07	8.13073e+07	6.51502e+07	8.81051e+07	8.26367e+07	8.79794e+07	1.10096e+08	1.10086e+08	8.05209e+07	1.05906e+08	1.06676e+08	9.06243e+07	9.8404e+07	1.0716e+08	9.63229e+07	1.02095e+08	1.02057e+08	1.12365e+08	1.06487e+08	1.07993e+08	9.36134e+07	1.21433e+08	1.19066e+08	1.2056e+08	1.29624e+08	1.22503e+08	1.16151e+08	1.09664e+08	1.13022e+08	8.82188e+07	1.07876e+08	9.01665e+07	1.08676e+08	1.25957e+08	1.10581e+08	1.25711e+08	1.11152e+08	1.25072e+08	1.09958e+08
ERR636774	3.21598e+08	2.89025e+08	2.93011e+08	2.22e+08	3.3161e+08	2.25535e+08	1.71281e+08	1.71046e+08	1.67898e+08	1.75043e+08	1.90841e+08	1.74169e+08	2.91548e+08	2.32347e+08	3.14494e+08	2.28726e+08	2.21387e+08	2.26333e+08	2.68488e+08	3.18832e+08	2.61567e+08	3.17149e+08	3.16318e+08	2.63779e+08	2.8266e+08	2.55301e+08	1.51786e+08	1.55766e+08	2.54408e+08	1.46979e+08	4.81939e+08	3.30562e+08	3.27983e+08	3.35481e+08	3.02464e+08	3.35121e+08	2.51469e+08	2.98819e+08	3.03793e+08	2.49732e+08	2.69897e+08	2.55467e+08	2.07715e+08	2.2424e+08	3.0928e+08	2.27959e+08	2.8544e+08	2.3223e+08	2.57478e+08	2.22072e+08	2.43205e+08	2.60692e+08	2.36e+08	2.58035e+08	1.56692e+08	1.34574e+08	1.35661e+08	1.45715e+08	1.67663e+08	1.3347e+08	1.84955e+08	1.73444e+08	1.85297e+08	2.323e+08	2.32087e+08	1.67643e+08	2.19346e+08	2.21132e+08	1.87765e+08	2.03956e+08	2.22318e+08	1.99215e+08	2.12543e+08	2.12934e+08	2.34846e+08	2.21909e+08	2.25297e+08	1.95135e+08	1.99948e+08	1.94688e+08	1.97366e+08	2.16811e+08	2.01173e+08	1.89233e+08	2.29095e+08	2.36267e+08	1.83819e+08	2.26029e+08	1.88208e+08	2.27869e+08	2.16903e+08	1.84085e+08	2.16315e+08	1.85407e+08	2.14918e+08	1.82319e+08
ERR636771	3.17073e+08	2.85038e+08	2.88914e+08	2.18619e+08	3.27151e+08	2.22121e+08	1.68539e+08	1.68203e+08	1.64986e+08	1.72201e+08	1.87437e+08	1.711e+08	2.88556e+08	2.2995e+08	3.11106e+08	2.26355e+08	2.19016e+08	2.23882e+08	2.65307e+08	3.15421e+08	2.58507e+08	3.13767e+08	3.13036e+08	2.60708e+08	2.79462e+08	2.5272e+08	1.50264e+08	1.54233e+08	2.51661e+08	1.45497e+08	3.30562e+08	4.72274e+08	3.25162e+08	3.30525e+08	3.00143e+08	3.29827e+08	2.48822e+08	2.95533e+08	3.00102e+08	2.47049e+08	2.66926e+08	2.52827e+08	2.05812e+08	2.21649e+08	3.05573e+08	2.25308e+08	2.82224e+08	2.2935e+08	2.54593e+08	2.19692e+08	2.40555e+08	2.57671e+08	2.33343e+08	2.55013e+08	1.55019e+08	1.33367e+08	1.34438e+08	1.44187e+08	1.6588e+08	1.32214e+08	1.82035e+08	1.70881e+08	1.82279e+08	2.28465e+08	2.28399e+08	1.65538e+08	2.16406e+08	2.18063e+08	1.85138e+08	2.01138e+08	2.19385e+08	1.96601e+08	2.09721e+08	2.10062e+08	2.31582e+08	2.18997e+08	2.22198e+08	1.92404e+08	1.97301e+08	1.92358e+08	1.95109e+08	2.13854e+08	1.98845e+08	1.86693e+08	2.25988e+08	2.33255e+08	1.81453e+08	2.2271e+08	1.85703e+08	2.24501e+08	2.13515e+08	1.81387e+08	2.13106e+08	1.8282e+08	2.11574e+08	1.7983e+08
ERR636770	3.15265e+08	2.83275e+08	2.87187e+08	2.17685e+08	3.24843e+08	2.21145e+08	1.67729e+08	1.67708e+08	1.64803e+08	1.71328e+08	1.87081e+08	1.70716e+08	2.85832e+08	2.2794e+08	3.08469e+08	2.24512e+08	2.17224e+08	2.21996e+08	2.63459e+08	3.12741e+08	2.56657e+08	3.11053e+08	3.10179e+08	2.58918e+08	2.77087e+08	2.50249e+08	1.48644e+08	1.52598e+08	2.49268e+08	1.43983e+08	3.27983e+08	3.25162e+08	4.65942e+08	3.27669e+08	2.97846e+08	3.27186e+08	2.46891e+08	2.93139e+08	2.9818e+08	2.45102e+08	2.6494e+08	2.50848e+08	2.03525e+08	2.19909e+08	3.03206e+08	2.23493e+08	2.79802e+08	2.27534e+08	2.524e+08	2.17563e+08	2.38429e+08	2.55401e+08	2.31291e+08	2.52928e+08	1.53839e+08	1.31938e+08	1.33001e+08	1.4285e+08	1.64584e+08	1.30853e+08	1.81008e+08	1.69473e+08	1.81167e+08	2.27261e+08	2.27157e+08	1.63642e+08	2.14797e+08	2.16461e+08	1.84143e+08	1.99896e+08	2.17536e+08	1.95324e+08	2.08219e+08	2.08464e+08	2.30063e+08	2.17392e+08	2.20593e+08	1.91209e+08	1.95958e+08	1.9111e+08	1.9334e+08	2.1249e+08	1.96908e+08	1.85568e+08	2.24191e+08	2.31101e+08	1.79789e+08	2.2111e+08	1.84224e+08	2.2303e+08	2.12563e+08	1.80422e+08	2.11961e+08	1.81774e+08	2.10559e+08	1.78444e+08
