	ERR618548	ERR618543	ERR618545	ERR618544	ERR618546	ERR618547	ERR636774	ERR636771	ERR636770	ERR636772	ERR636769	ERR636773	ERR613176	ERR613175	ERR613177	ERR613174	ERR613178	ERR613173	ERR637122	ERR637119	ERR637118	ERR637120	ERR637117	ERR637121	ERR635348	ERR635350	ERR635349	ERR635351	ERR635346	ERR635347	ERR636863	ERR636864	ERR636860	ERR636862	ERR636861	ERR636859	ERR607649	ERR607646	ERR607645	ERR607648	ERR607650	ERR607647	ERR612638	ERR612639	ERR612640	ERR612642	ERR612641	ERR612637	ERR612190	ERR612185	ERR612187	ERR612186	ERR612188	ERR612189	ERR616257	ERR616255	ERR616253	ERR616254	ERR616256	ERR616258	ERR617033	ERR617037	ERR617038	ERR617036	ERR617034	ERR617035	ERR631068	ERR631072	ERR631073	ERR631070	ERR631071	ERR631069	ERR617330	ERR617329	ERR617326	ERR617327	ERR617325	ERR617328	ERR638269	ERR638267	ERR638268	ERR638272	ERR638271	ERR638270	ERR616924	ERR616921	ERR616923	ERR616920	ERR616922	ERR616919	ERR618351	ERR618352	ERR618355	ERR618356	ERR618354	ERR618353
ERR618548	0	0.264499	0.268256	0.268886	0.257466	0.257633	0.48157	0.48923	0.482742	0.484256	0.496818	0.481979	0.504891	0.472038	0.495848	0.469847	0.49365	0.46171	0.501293	0.504827	0.498073	0.505442	0.512081	0.504168	0.562747	0.552046	0.551491	0.550965	0.555294	0.56568	0.460651	0.462061	0.442764	0.461647	0.451786	0.448746	0.472184	0.465499	0.482338	0.471583	0.473118	0.479145	0.451248	0.444878	0.437862	0.439491	0.441067	0.434472	0.548705	0.543539	0.548453	0.552274	0.546655	0.556087	0.498627	0.496923	0.496688	0.489776	0.499141	0.49403	0.599546	0.619224	0.621304	0.616916	0.59094	0.587289	0.505159	0.507402	0.503437	0.503558	0.506331	0.49693	0.510729	0.510499	0.520888	0.521683	0.527797	0.51002	0.546704	0.550063	0.548348	0.556431	0.540995	0.542455	0.544333	0.530132	0.545591	0.528659	0.546097	0.536136	0.485258	0.488183	0.475397	0.475799	0.475651	0.488339
ERR618543	0.264499	0	0.260737	0.26128	0.264874	0.265405	0.493277	0.500881	0.493618	0.495903	0.506619	0.493704	0.506545	0.480832	0.498224	0.480312	0.495845	0.47303	0.514946	0.519152	0.511741	0.51872	0.524472	0.517742	0.568714	0.560583	0.559893	0.559431	0.563384	0.572163	0.471992	0.473512	0.458049	0.473339	0.467304	0.461463	0.483766	0.477928	0.492883	0.483074	0.484248	0.490669	0.456026	0.456835	0.444918	0.445864	0.448279	0.447311	0.553583	0.549908	0.554666	0.558502	0.552415	0.557947	0.497049	0.49108	0.493335	0.488573	0.496888	0.493609	0.596759	0.616557	0.618955	0.61428	0.587926	0.585074	0.513342	0.515075	0.509257	0.511967	0.513742	0.502894	0.509825	0.509747	0.516812	0.518089	0.525136	0.509487	0.547436	0.551469	0.55012	0.563999	0.548394	0.550089	0.547213	0.536199	0.548316	0.53219	0.548741	0.540914	0.475488	0.47746	0.470141	0.470275	0.470135	0.477822
ERR618545	0.268256	0.260737	0	0.261071	0.269029	0.269054	0.492911	0.500422	0.493368	0.495386	0.505144	0.493364	0.500674	0.478906	0.492777	0.47917	0.490198	0.472967	0.515073	0.51938	0.512179	0.518474	0.524113	0.51767	0.567366	0.560722	0.559996	0.559616	0.56335	0.570776	0.470652	0.472314	0.459894	0.472508	0.468452	0.461539	0.483522	0.478287	0.491871	0.482816	0.483844	0.490027	0.452531	0.456227	0.442753	0.443426	0.44593	0.448118	0.552147	0.549482	0.553708	0.557557	0.55125	0.554798	0.495008	0.488955	0.491364	0.48777	0.494852	0.492324	0.59432	0.613029	0.615439	0.610886	0.586042	0.583452	0.515141	0.515799	0.509427	0.514272	0.514426	0.504241	0.50979	0.509519	0.514966	0.516159	0.522569	0.509319	0.544138	0.548366	0.547219	0.562733	0.548468	0.549872	0.544179	0.535721	0.545232	0.530912	0.545598	0.539406	0.474019	0.475434	0.469771	0.469731	0.469949	0.475678
ERR618544	0.268886	0.26128	0.261071	0	0.269765	0.269676	0.494774	0.50204	0.495055	0.497156	0.506831	0.495186	0.501902	0.480845	0.494088	0.481054	0.491542	0.474873	0.517194	0.521371	0.514084	0.520532	0.52605	0.519679	0.56899	0.562448	0.561675	0.561296	0.565026	0.57237	0.472399	0.47403	0.461748	0.474278	0.470354	0.463162	0.485255	0.47992	0.493577	0.484485	0.48548	0.491877	0.453969	0.458321	0.444248	0.444909	0.447559	0.45013	0.553262	0.5507	0.554991	0.558754	0.552514	0.555661	0.495911	0.489369	0.492093	0.488545	0.495704	0.493205	0.595372	0.614119	0.616705	0.612101	0.5871	0.5845	0.516393	0.517308	0.51068	0.515598	0.515928	0.505568	0.510704	0.510315	0.515627	0.517033	0.523471	0.510203	0.545263	0.549669	0.548622	0.564412	0.550067	0.551577	0.54591	0.537432	0.54701	0.532461	0.547328	0.541103	0.474162	0.475512	0.470171	0.470293	0.470417	0.475965
ERR618546	0.257466	0.264874	0.269029	0.269765	0	0.25735	0.484299	0.49214	0.48545	0.486961	0.499792	0.484722	0.5081	0.474843	0.498944	0.472461	0.496733	0.463914	0.503621	0.507065	0.500213	0.507632	0.514537	0.506533	0.565267	0.554254	0.553632	0.553115	0.557534	0.568276	0.463684	0.465225	0.444818	0.464529	0.454048	0.451489	0.474772	0.467852	0.485134	0.474129	0.475755	0.481709	0.454131	0.447607	0.440445	0.442092	0.443776	0.436633	0.551138	0.545728	0.55069	0.554548	0.549023	0.55853	0.500613	0.49881	0.498593	0.491385	0.501009	0.495905	0.601068	0.621103	0.623001	0.618648	0.592061	0.588427	0.506571	0.509161	0.505174	0.504911	0.50819	0.498312	0.511648	0.511703	0.522243	0.523136	0.529623	0.511192	0.549359	0.552591	0.550873	0.559111	0.543199	0.544693	0.546718	0.531961	0.548036	0.530855	0.548582	0.538287	0.48617	0.48908	0.476091	0.47659	0.476296	0.489437
ERR618547	0.257633	0.265405	0.269054	0.269676	0.25735	0	0.481682	0.489266	0.482914	0.48431	0.497039	0.482192	0.505548	0.472139	0.496482	0.469918	0.494343	0.461504	0.501251	0.504556	0.497928	0.505314	0.511969	0.504129	0.563011	0.551956	0.5514	0.550845	0.555302	0.565848	0.461195	0.462466	0.442744	0.461938	0.451661	0.448998	0.472461	0.465647	0.482708	0.471904	0.473378	0.479311	0.451903	0.445047	0.438401	0.439977	0.441435	0.434595	0.548804	0.54353	0.548382	0.552294	0.546718	0.556467	0.499278	0.49791	0.49742	0.490211	0.499641	0.494386	0.599698	0.619556	0.62142	0.617102	0.591004	0.587417	0.504635	0.507047	0.503143	0.503078	0.505981	0.496409	0.510921	0.510767	0.521434	0.522235	0.528386	0.510404	0.547194	0.550314	0.548511	0.556282	0.540813	0.542298	0.544126	0.529546	0.545533	0.528447	0.546125	0.535773	0.485959	0.488796	0.475528	0.476194	0.475809	0.488988
ERR636774	0.48157	0.493277	0.492911	0.494774	0.484299	0.481682	0	0.236366	0.235702	0.234704	0.240299	0.234343	0.364115	0.296141	0.352276	0.289055	0.352899	0.288586	0.31695	0.320743	0.319387	0.315674	0.314599	0.316026	0.388504	0.385502	0.385838	0.386702	0.384395	0.389163	0.302944	0.30196	0.310634	0.301216	0.305055	0.301259	0.281264	0.281662	0.281667	0.281075	0.281269	0.280505	0.363314	0.336744	0.353549	0.35626	0.35184	0.338586	0.424091	0.415748	0.417638	0.417342	0.419796	0.446836	0.475332	0.500457	0.484929	0.47551	0.478781	0.470069	0.636594	0.650416	0.648793	0.648376	0.636815	0.636296	0.447643	0.443831	0.449677	0.452084	0.445136	0.454536	0.554243	0.554331	0.563377	0.562984	0.556097	0.553037	0.443705	0.439284	0.435218	0.415874	0.411049	0.410969	0.496243	0.48258	0.496831	0.486963	0.498247	0.482932	0.605648	0.607836	0.593301	0.594606	0.595504	0.607703
ERR636771	0.48923	0.500881	0.500422	0.50204	0.49214	0.489266	0.236366	0	0.235275	0.236578	0.237537	0.236672	0.360753	0.295552	0.349384	0.28918	0.350347	0.290544	0.316878	0.319537	0.319178	0.315478	0.312794	0.315949	0.388489	0.386948	0.387386	0.388417	0.38574	0.388311	0.302837	0.301524	0.314027	0.301081	0.307016	0.302822	0.281992	0.283132	0.280755	0.281655	0.281645	0.279793	0.363513	0.338289	0.355199	0.357423	0.353317	0.341736	0.425068	0.417774	0.418579	0.417984	0.420742	0.447214	0.478913	0.505045	0.489097	0.480312	0.482416	0.473971	0.641307	0.653875	0.65197	0.651858	0.642223	0.642	0.452096	0.447494	0.453574	0.456867	0.448848	0.45939	0.56003	0.560136	0.568391	0.567947	0.560311	0.55878	0.44424	0.439131	0.435288	0.416032	0.412782	0.412509	0.497949	0.486079	0.498362	0.490424	0.499726	0.485709	0.611852	0.613754	0.599386	0.600566	0.601566	0.613455
ERR636770	0.482742	0.493618	0.493368	0.495055	0.48545	0.482914	0.235702	0.235275	0	0.236448	0.237374	0.235915	0.362168	0.295579	0.350466	0.288972	0.351238	0.288461	0.318335	0.322051	0.319434	0.316768	0.31439	0.317192	0.387309	0.385412	0.385719	0.386473	0.384323	0.388092	0.301952	0.30103	0.31054	0.30015	0.306038	0.300556	0.279098	0.279752	0.278774	0.278852	0.278738	0.27849	0.362294	0.337677	0.353287	0.355589	0.351755	0.338926	0.423319	0.415388	0.417112	0.416755	0.419143	0.44571	0.474222	0.498533	0.483541	0.47443	0.477465	0.468975	0.639662	0.653824	0.652291	0.651775	0.639465	0.639024	0.448981	0.445185	0.450797	0.45316	0.446477	0.455235	0.556032	0.55606	0.564671	0.564433	0.557959	0.554731	0.442844	0.438491	0.434401	0.417237	0.411053	0.41116	0.499138	0.485353	0.499723	0.489229	0.501154	0.485984	0.606104	0.60816	0.594207	0.595442	0.596355	0.608024
ERR636772	0.484256	0.495903	0.495386	0.497156	0.486961	0.48431	0.234704	0.236578	0.236448	0	0.240225	0.234721	0.363596	0.296357	0.351831	0.289487	0.352732	0.289359	0.31779	0.321436	0.320235	0.316424	0.315103	0.316846	0.388489	0.386092	0.38645	0.387257	0.384913	0.389074	0.303883	0.302761	0.312262	0.302138	0.306497	0.302698	0.282034	0.282835	0.28224	0.282	0.282207	0.281089	0.364001	0.337713	0.354586	0.357219	0.352848	0.340035	0.424401	0.416357	0.417879	0.417475	0.420202	0.446942	0.476349	0.501768	0.486074	0.476888	0.4799	0.471231	0.63803	0.651519	0.649803	0.649545	0.638516	0.637987	0.449045	0.445099	0.451079	0.453602	0.446361	0.456035	0.555973	0.556008	0.564891	0.564584	0.55731	0.554694	0.443934	0.43928	0.435282	0.415892	0.41157	0.411481	0.496927	0.483709	0.497396	0.488092	0.498763	0.483785	0.607583	0.609601	0.595221	0.596473	0.597376	0.60937
ERR636769	0.496818	0.506619	0.505144	0.506831	0.499792	0.497039	0.240299	0.237537	0.237374	0.240225	0	0.240358	0.347871	0.293567	0.337633	0.290923	0.338426	0.295821	0.323761	0.327825	0.326876	0.320628	0.315691	0.321489	0.382493	0.388396	0.388662	0.389665	0.385991	0.38284	0.299754	0.298672	0.322646	0.299168	0.315198	0.304083	0.281293	0.285653	0.27581	0.28115	0.27981	0.278472	0.358056	0.340581	0.352203	0.353924	0.350298	0.347158	0.41991	0.415713	0.414993	0.414386	0.416845	0.439252	0.474476	0.50051	0.484759	0.477555	0.47787	0.470552	0.652927	0.664003	0.662258	0.66235	0.654043	0.65456	0.460276	0.454594	0.459367	0.465724	0.455656	0.466557	0.57083	0.57083	0.57673	0.576451	0.568598	0.569602	0.439663	0.434758	0.431276	0.415605	0.414116	0.413803	0.50559	0.497718	0.505873	0.500026	0.507053	0.49576	0.616073	0.617567	0.605287	0.60627	0.607307	0.617384
ERR636773	0.481979	0.493704	0.493364	0.495186	0.484722	0.482192	0.234343	0.236672	0.235915	0.234721	0.240358	0	0.363762	0.295981	0.351954	0.289161	0.352665	0.288444	0.317452	0.321174	0.319813	0.316281	0.315179	0.316602	0.388219	0.385452	0.385828	0.386572	0.384252	0.388774	0.303176	0.302105	0.3109	0.30129	0.305426	0.301535	0.281719	0.282085	0.281948	0.281526	0.281772	0.280926	0.363461	0.337044	0.353797	0.356189	0.352082	0.338888	0.423897	0.415634	0.417321	0.417105	0.419599	0.44651	0.475176	0.500395	0.484795	0.475447	0.478656	0.469935	0.636678	0.650267	0.648596	0.648302	0.63704	0.636459	0.447779	0.443853	0.449752	0.452111	0.445187	0.454593	0.554325	0.554457	0.563449	0.563063	0.556029	0.553155	0.443504	0.438837	0.435014	0.415713	0.410919	0.410896	0.495999	0.482621	0.496591	0.487012	0.497988	0.482864	0.605731	0.607869	0.593316	0.594549	0.595519	0.607646
ERR613176	0.504891	0.506545	0.500674	0.501902	0.5081	0.505548	0.364115	0.360753	0.362168	0.363596	0.347871	0.363762	0	0.300445	0.260701	0.316915	0.260885	0.335557	0.417633	0.420966	0.421808	0.413641	0.407443	0.414699	0.435753	0.459613	0.459138	0.460755	0.455582	0.435473	0.372885	0.373987	0.418604	0.377932	0.410728	0.3886	0.380613	0.388332	0.370535	0.380363	0.378573	0.376212	0.336259	0.368522	0.34807	0.346127	0.346975	0.388864	0.426015	0.439578	0.430423	0.430805	0.429993	0.416766	0.475279	0.494423	0.483898	0.489003	0.477858	0.478844	0.643223	0.644926	0.643212	0.64458	0.648301	0.650749	0.506734	0.495943	0.492058	0.514955	0.49536	0.506189	0.577213	0.57636	0.571082	0.571231	0.560742	0.575727	0.443924	0.441261	0.441857	0.453801	0.465914	0.464641	0.506006	0.522859	0.505635	0.515713	0.505514	0.511691	0.602577	0.601164	0.598377	0.598317	0.599943	0.600555
ERR613175	0.472038	0.480832	0.478906	0.480845	0.474843	0.472139	0.296141	0.295552	0.295579	0.296357	0.293567	0.295981	0.300445	0	0.28801	0.247809	0.288676	0.255265	0.3553	0.357957	0.357349	0.353685	0.35144	0.354187	0.402785	0.409016	0.408856	0.410097	0.406995	0.402723	0.326586	0.326712	0.347436	0.32791	0.34179	0.330453	0.32031	0.322428	0.317738	0.319803	0.319641	0.318359	0.323131	0.314475	0.318604	0.319939	0.316813	0.324102	0.402852	0.401408	0.399554	0.399321	0.401027	0.416499	0.464241	0.487223	0.473316	0.468033	0.467656	0.461611	0.625982	0.636275	0.634555	0.634655	0.627781	0.627813	0.457554	0.451951	0.454476	0.463357	0.452451	0.461453	0.549287	0.548941	0.553489	0.553248	0.545524	0.547839	0.437413	0.434396	0.431853	0.422974	0.423584	0.422911	0.488823	0.48428	0.489085	0.48529	0.490219	0.481404	0.591227	0.5923	0.581024	0.58199	0.583052	0.591797
ERR613177	0.495848	0.498224	0.492777	0.494088	0.498944	0.496482	0.352276	0.349384	0.350466	0.351831	0.337633	0.351954	0.260701	0.28801	0	0.303339	0.257749	0.320904	0.407239	0.41078	0.411263	0.403617	0.398137	0.404808	0.428395	0.45021	0.449796	0.451273	0.446546	0.428082	0.363043	0.36409	0.406405	0.367878	0.399229	0.377587	0.369632	0.37672	0.360586	0.369554	0.367918	0.365705	0.329251	0.357912	0.338976	0.33761	0.338045	0.376789	0.419709	0.431376	0.42344	0.423731	0.422903	0.413383	0.469455	0.489027	0.477875	0.481635	0.472102	0.472123	0.637907	0.641037	0.639397	0.640463	0.642502	0.644362	0.496951	0.48701	0.483817	0.504965	0.48655	0.496721	0.570308	0.569424	0.565427	0.565504	0.555489	0.568761	0.439626	0.437225	0.437317	0.446461	0.457093	0.456019	0.500941	0.514861	0.500728	0.508862	0.50098	0.504912	0.597179	0.596014	0.592042	0.592215	0.593756	0.595462
ERR613174	0.469847	0.480312	0.47917	0.481054	0.472461	0.469918	0.289055	0.28918	0.288972	0.289487	0.290923	0.289161	0.316915	0.247809	0.303339	0	0.303625	0.247165	0.347039	0.349291	0.348179	0.346249	0.345419	0.346588	0.40347	0.404769	0.404758	0.405744	0.403388	0.403872	0.32444	0.324423	0.336877	0.324512	0.332359	0.325136	0.314333	0.314808	0.31443	0.314041	0.314368	0.313435	0.32916	0.311699	0.321791	0.323675	0.319881	0.317387	0.40682	0.40184	0.401912	0.401702	0.403737	0.424773	0.46909	0.492547	0.478133	0.470782	0.472667	0.465219	0.624712	0.637203	0.63554	0.635166	0.625545	0.625088	0.452318	0.447917	0.451839	0.457239	0.448856	0.45711	0.546352	0.546254	0.553373	0.552978	0.545724	0.544943	0.442826	0.439656	0.436473	0.423815	0.421258	0.420969	0.489832	0.480424	0.490428	0.483216	0.491619	0.479358	0.592541	0.594201	0.581045	0.58217	0.583217	0.593879
ERR613178	0.49365	0.495845	0.490198	0.491542	0.496733	0.494343	0.352899	0.350347	0.351238	0.352732	0.338426	0.352665	0.260885	0.288676	0.257749	0.303625	0	0.321274	0.407786	0.411274	0.411653	0.404145	0.398716	0.405188	0.428885	0.450785	0.45032	0.451806	0.446982	0.428747	0.363407	0.364188	0.406326	0.367977	0.39916	0.377388	0.370118	0.377044	0.361138	0.369968	0.368166	0.366194	0.328549	0.357682	0.338365	0.336466	0.337298	0.376545	0.41931	0.431159	0.423241	0.423576	0.422545	0.412737	0.468144	0.487178	0.476597	0.480246	0.470723	0.470894	0.636829	0.639921	0.638369	0.639272	0.641282	0.643233	0.496755	0.486666	0.483208	0.504562	0.486209	0.495957	0.568835	0.568122	0.563739	0.564022	0.554027	0.567393	0.438988	0.43685	0.437089	0.446863	0.457258	0.456159	0.500192	0.514337	0.499803	0.507962	0.500159	0.504272	0.59516	0.593979	0.590157	0.590325	0.591767	0.593438
ERR613173	0.46171	0.47303	0.472967	0.474873	0.463914	0.461504	0.288586	0.290544	0.288461	0.289359	0.295821	0.288444	0.335557	0.255265	0.320904	0.247165	0.321274	0	0.345059	0.347267	0.344918	0.34534	0.345983	0.345464	0.407976	0.403528	0.403678	0.404307	0.403126	0.409115	0.327475	0.327281	0.328972	0.326619	0.326642	0.323349	0.313822	0.311821	0.317246	0.313414	0.314239	0.31484	0.338474	0.313144	0.327622	0.329953	0.325926	0.312893	0.412979	0.404584	0.406787	0.407016	0.408823	0.434536	0.471857	0.493527	0.479762	0.470394	0.47506	0.466514	0.619072	0.634403	0.632926	0.632164	0.618056	0.617019	0.445684	0.443034	0.447817	0.448969	0.443965	0.450526	0.538059	0.538052	0.547635	0.547424	0.541875	0.536666	0.44876	0.445576	0.442023	0.427853	0.420575	0.42048	0.489898	0.474535	0.490784	0.478721	0.492296	0.476263	0.587992	0.590276	0.575674	0.577087	0.577913	0.590084
ERR637122	0.501293	0.514946	0.515073	0.517194	0.503621	0.501251	0.31695	0.316878	0.318335	0.31779	0.323761	0.317452	0.417633	0.3553	0.407239	0.347039	0.407786	0.345059	0	0.239285	0.239059	0.236639	0.2398	0.236422	0.45322	0.442903	0.443643	0.444005	0.443038	0.453297	0.301579	0.300482	0.298308	0.297996	0.292859	0.296716	0.294345	0.293064	0.298162	0.294211	0.295455	0.29438	0.388889	0.35742	0.378079	0.380649	0.377171	0.35646	0.48445	0.472749	0.475956	0.475607	0.478746	0.509568	0.537938	0.561995	0.547055	0.53554	0.541333	0.531574	0.685603	0.700587	0.698553	0.698421	0.684642	0.683228	0.499195	0.49788	0.505776	0.501651	0.499337	0.507545	0.599178	0.599488	0.612549	0.612069	0.606012	0.597826	0.510199	0.50564	0.501185	0.477545	0.47081	0.470793	0.547831	0.528821	0.548442	0.536283	0.550097	0.531693	0.654204	0.657086	0.639709	0.641002	0.641837	0.656663
ERR637119	0.504827	0.519152	0.51938	0.521371	0.507065	0.504556	0.320743	0.319537	0.322051	0.321436	0.327825	0.321174	0.420966	0.357957	0.41078	0.349291	0.411274	0.347267	0.239285	0	0.23928	0.240129	0.241156	0.239753	0.45693	0.445494	0.446233	0.44665	0.445767	0.456419	0.305721	0.30445	0.300855	0.301882	0.294725	0.300567	0.298977	0.297044	0.303188	0.299166	0.300589	0.298696	0.392739	0.359415	0.381625	0.384521	0.380749	0.358789	0.487838	0.475858	0.478821	0.478289	0.481802	0.513292	0.542441	0.567204	0.551817	0.54032	0.545907	0.536047	0.6841	0.698888	0.696629	0.696556	0.68354	0.682173	0.49977	0.498518	0.506675	0.502171	0.499975	0.508682	0.599116	0.599438	0.6129	0.612244	0.605712	0.597709	0.512894	0.507929	0.503566	0.478755	0.472712	0.472556	0.546281	0.526949	0.546934	0.534991	0.548629	0.529943	0.657183	0.659992	0.642234	0.64354	0.644406	0.659525
ERR637118	0.498073	0.511741	0.512179	0.514084	0.500213	0.497928	0.319387	0.319178	0.319434	0.320235	0.326876	0.319813	0.421808	0.357349	0.411263	0.348179	0.411653	0.344918	0.239059	0.23928	0	0.240087	0.241163	0.23979	0.455921	0.444098	0.444776	0.445058	0.444588	0.456202	0.303993	0.302869	0.296164	0.300101	0.292327	0.297365	0.295736	0.293225	0.300738	0.295795	0.297295	0.296696	0.390609	0.357826	0.379077	0.38174	0.378368	0.355319	0.486865	0.474381	0.478089	0.477684	0.480825	0.512461	0.538969	0.56222	0.547608	0.535825	0.542171	0.53227	0.682918	0.698979	0.697105	0.696712	0.681295	0.679825	0.497414	0.496711	0.504725	0.499238	0.49824	0.5056	0.595742	0.596061	0.609865	0.6094	0.603883	0.594273	0.511933	0.507493	0.502988	0.479848	0.47144	0.471433	0.547606	0.526478	0.548214	0.534183	0.549938	0.530355	0.652359	0.655335	0.637822	0.639103	0.6399	0.654923
ERR637120	0.505442	0.51872	0.518474	0.520532	0.507632	0.505314	0.315674	0.315478	0.316768	0.316424	0.320628	0.316281	0.413641	0.353685	0.403617	0.346249	0.404145	0.34534	0.236639	0.240129	0.240087	0	0.238213	0.236396	0.450425	0.441819	0.442405	0.443045	0.441701	0.450506	0.300046	0.299009	0.300907	0.296759	0.2951	0.297077	0.292742	0.292686	0.295307	0.292923	0.293828	0.292564	0.387371	0.357637	0.377165	0.379704	0.376172	0.357948	0.48246	0.471577	0.47415	0.473767	0.47698	0.506997	0.537225	0.561437	0.546343	0.535358	0.540491	0.531075	0.688497	0.702746	0.700744	0.700633	0.687858	0.686709	0.501044	0.499186	0.506837	0.503731	0.500579	0.509295	0.602173	0.602469	0.614859	0.614355	0.607855	0.600804	0.508259	0.503464	0.499212	0.475927	0.470165	0.469999	0.548727	0.53097	0.549327	0.538007	0.55093	0.533255	0.656274	0.659003	0.642208	0.64345	0.644234	0.658582
ERR637117	0.512081	0.524472	0.524113	0.52605	0.514537	0.511969	0.314599	0.312794	0.31439	0.315103	0.315691	0.315179	0.407443	0.35144	0.398137	0.345419	0.398716	0.345983	0.2398	0.241156	0.241163	0.238213	0	0.23893	0.447032	0.441011	0.441567	0.442411	0.440503	0.446952	0.297711	0.2967	0.304808	0.29491	0.298082	0.297078	0.29134	0.292383	0.29147	0.291348	0.291822	0.290003	0.38517	0.358199	0.376324	0.378686	0.375177	0.360244	0.480734	0.471095	0.472862	0.47225	0.475555	0.504278	0.536708	0.561589	0.54629	0.536025	0.5401	0.531125	0.693657	0.707132	0.705034	0.705064	0.693385	0.692626	0.504223	0.501797	0.509125	0.507325	0.503199	0.512526	0.607538	0.607773	0.619134	0.618688	0.611882	0.606186	0.506093	0.501069	0.496876	0.474702	0.469796	0.469628	0.551014	0.535114	0.551559	0.541439	0.552993	0.536649	0.660507	0.663016	0.646954	0.648138	0.649019	0.662636
ERR637121	0.504168	0.517742	0.51767	0.519679	0.506533	0.504129	0.316026	0.315949	0.317192	0.316846	0.321489	0.316602	0.414699	0.354187	0.404808	0.346588	0.405188	0.345464	0.236422	0.239753	0.23979	0.236396	0.23893	0	0.451483	0.442505	0.44306	0.443581	0.442354	0.451494	0.300347	0.299157	0.30016	0.296957	0.294367	0.296709	0.293149	0.292847	0.296168	0.293349	0.294146	0.29286	0.387935	0.357524	0.377409	0.380023	0.376583	0.357664	0.483427	0.472229	0.475146	0.474609	0.477837	0.508018	0.537635	0.561829	0.546748	0.535655	0.540981	0.53136	0.688071	0.702706	0.700645	0.700482	0.687543	0.686233	0.500982	0.4993	0.506979	0.503553	0.500679	0.509281	0.601891	0.602113	0.614696	0.614249	0.607892	0.600394	0.509187	0.504573	0.500279	0.476699	0.47081	0.470711	0.548938	0.530823	0.549404	0.537952	0.551117	0.533261	0.655996	0.658678	0.64178	0.643012	0.643878	0.65836
ERR635348	0.562747	0.568714	0.567366	0.56899	0.565267	0.563011	0.388504	0.388489	0.387309	0.388489	0.382493	0.388219	0.435753	0.402785	0.428395	0.40347	0.428885	0.407976	0.45322	0.45693	0.455921	0.450425	0.447032	0.451483	0	0.246298	0.246071	0.246977	0.241552	0.230999	0.435951	0.435633	0.457513	0.436777	0.453346	0.441441	0.410125	0.413188	0.405042	0.409953	0.408958	0.407542	0.441098	0.43407	0.438402	0.439581	0.436099	0.440795	0.327621	0.3269	0.324925	0.325234	0.32522	0.345187	0.356071	0.386642	0.36725	0.361584	0.359614	0.352414	0.567585	0.578046	0.576379	0.577081	0.570908	0.573203	0.357023	0.346491	0.347955	0.365605	0.346901	0.360639	0.478416	0.478055	0.479342	0.478829	0.468983	0.477347	0.316233	0.312469	0.309065	0.297179	0.298976	0.298492	0.402778	0.402556	0.402424	0.400692	0.403623	0.395497	0.532819	0.533869	0.524059	0.525096	0.526337	0.5334
ERR635350	0.552046	0.560583	0.560722	0.562448	0.554254	0.551956	0.385502	0.386948	0.385412	0.386092	0.388396	0.385452	0.459613	0.409016	0.45021	0.404769	0.450785	0.403528	0.442903	0.445494	0.444098	0.441819	0.441011	0.442505	0.246298	0	0.228365	0.228281	0.229867	0.246688	0.438072	0.43739	0.443709	0.437166	0.440908	0.437222	0.407462	0.406851	0.40733	0.407367	0.407427	0.406635	0.451596	0.431833	0.444366	0.446168	0.442002	0.432757	0.340786	0.32876	0.3328	0.333415	0.334526	0.37097	0.369995	0.400257	0.380502	0.3673	0.373948	0.361936	0.547529	0.565005	0.563161	0.56297	0.547494	0.54767	0.328509	0.323088	0.329053	0.3345	0.32412	0.33526	0.451773	0.451829	0.462713	0.46182	0.454353	0.450937	0.335672	0.33121	0.326408	0.300012	0.289758	0.289987	0.391578	0.373953	0.392043	0.378692	0.393881	0.374201	0.524205	0.526983	0.510594	0.512057	0.513033	0.526672
ERR635349	0.551491	0.559893	0.559996	0.561675	0.553632	0.5514	0.385838	0.387386	0.385719	0.38645	0.388662	0.385828	0.459138	0.408856	0.449796	0.404758	0.45032	0.403678	0.443643	0.446233	0.444776	0.442405	0.441567	0.44306	0.246071	0.228365	0	0.22848	0.229843	0.246601	0.43824	0.437576	0.444153	0.437213	0.441256	0.437439	0.407809	0.407139	0.407541	0.407726	0.407749	0.406992	0.451332	0.43204	0.444201	0.446062	0.442019	0.433121	0.340105	0.328178	0.332219	0.332728	0.333859	0.370028	0.368595	0.398963	0.379229	0.366117	0.372643	0.360498	0.547536	0.564835	0.563105	0.562871	0.547519	0.547603	0.328465	0.322894	0.328933	0.334476	0.324023	0.335254	0.451591	0.451612	0.462399	0.461453	0.454192	0.450601	0.334967	0.330871	0.325905	0.300034	0.289697	0.28978	0.391292	0.374064	0.391886	0.378581	0.393707	0.374295	0.523302	0.526259	0.509802	0.511331	0.512327	0.525832
ERR635351	0.550965	0.559431	0.559616	0.561296	0.553115	0.550845	0.386702	0.388417	0.386473	0.387257	0.389665	0.386572	0.460755	0.410097	0.451273	0.405744	0.451806	0.404307	0.444005	0.44665	0.445058	0.443045	0.442411	0.443581	0.246977	0.228281	0.22848	0	0.229944	0.247808	0.438942	0.438249	0.444212	0.437835	0.441521	0.437681	0.408461	0.40752	0.408355	0.408169	0.408286	0.407666	0.452171	0.432361	0.444743	0.446546	0.442477	0.433078	0.340903	0.32846	0.332921	0.333477	0.334673	0.371163	0.368757	0.398845	0.379188	0.365654	0.372706	0.36052	0.54665	0.564432	0.562745	0.562438	0.546465	0.546523	0.327066	0.32199	0.328088	0.332893	0.322962	0.333932	0.450204	0.450356	0.461509	0.460637	0.453527	0.449369	0.335441	0.331434	0.326655	0.300415	0.289135	0.289518	0.391686	0.373538	0.392291	0.378245	0.394187	0.374151	0.522444	0.525341	0.508761	0.510296	0.511179	0.524955
ERR635346	0.555294	0.563384	0.56335	0.565026	0.557534	0.555302	0.384395	0.38574	0.384323	0.384913	0.385991	0.384252	0.455582	0.406995	0.446546	0.403388	0.446982	0.403126	0.443038	0.445767	0.444588	0.441701	0.440503	0.442354	0.241552	0.229867	0.229843	0.229944	0	0.242217	0.43712	0.436456	0.445315	0.436387	0.442024	0.437185	0.407056	0.406954	0.406141	0.407029	0.406731	0.405743	0.449941	0.431779	0.44341	0.445207	0.44098	0.433497	0.338694	0.327825	0.331187	0.331677	0.333039	0.367517	0.369088	0.399562	0.379735	0.367633	0.372888	0.361509	0.550168	0.566702	0.564832	0.564855	0.55094	0.551389	0.332488	0.326355	0.331765	0.339016	0.32728	0.339051	0.45615	0.456147	0.465646	0.464748	0.456837	0.455155	0.332298	0.327848	0.323245	0.298153	0.290032	0.289965	0.392237	0.37734	0.39268	0.380996	0.394441	0.376305	0.527164	0.5298	0.514424	0.515927	0.516887	0.529418
ERR635347	0.56568	0.572163	0.570776	0.57237	0.568276	0.565848	0.389163	0.388311	0.388092	0.389074	0.38284	0.388774	0.435473	0.402723	0.428082	0.403872	0.428747	0.409115	0.453297	0.456419	0.456202	0.450506	0.446952	0.451494	0.230999	0.246688	0.246601	0.247808	0.242217	0	0.436831	0.43638	0.45917	0.437628	0.45383	0.442555	0.411514	0.414594	0.405947	0.411417	0.410437	0.408413	0.442167	0.43449	0.439735	0.440682	0.437258	0.442281	0.327373	0.327524	0.324694	0.324148	0.325059	0.345327	0.358744	0.391437	0.371282	0.365658	0.362454	0.355424	0.567539	0.576344	0.574395	0.575344	0.571437	0.573655	0.357657	0.346833	0.348521	0.36703	0.347275	0.362287	0.48022	0.479818	0.480937	0.480239	0.469545	0.479102	0.316079	0.311685	0.308443	0.293917	0.299064	0.29871	0.399481	0.401196	0.399135	0.399839	0.400119	0.39402	0.536189	0.536942	0.526783	0.527864	0.528979	0.536555
ERR636863	0.460651	0.471992	0.470652	0.472399	0.463684	0.461195	0.302944	0.302837	0.301952	0.303883	0.299754	0.303176	0.372885	0.326586	0.363043	0.32444	0.363407	0.327475	0.301579	0.305721	0.303993	0.300046	0.297711	0.300347	0.435951	0.438072	0.43824	0.438942	0.43712	0.436831	0	0.243841	0.268291	0.244092	0.262992	0.248539	0.275713	0.279925	0.273973	0.276007	0.27496	0.275326	0.351297	0.3362	0.343545	0.345523	0.343484	0.340287	0.464733	0.459439	0.45977	0.459995	0.461268	0.483211	0.503093	0.526084	0.511841	0.503278	0.506085	0.498229	0.673908	0.687383	0.686024	0.685432	0.673024	0.672331	0.487574	0.483849	0.48892	0.491323	0.484968	0.492908	0.586811	0.586946	0.595692	0.595509	0.589906	0.585501	0.483035	0.479307	0.475557	0.460615	0.455859	0.455907	0.5347	0.522255	0.534965	0.525995	0.5363	0.522798	0.62408	0.626053	0.611341	0.612459	0.613222	0.625876
ERR636864	0.462061	0.473512	0.472314	0.47403	0.465225	0.462466	0.30196	0.301524	0.30103	0.302761	0.298672	0.302105	0.373987	0.326712	0.36409	0.324423	0.364188	0.327281	0.300482	0.30445	0.302869	0.299009	0.2967	0.299157	0.435633	0.43739	0.437576	0.438249	0.436456	0.43638	0.243841	0	0.267326	0.243788	0.261733	0.248269	0.275177	0.279196	0.27363	0.275388	0.274546	0.274627	0.35194	0.335822	0.344066	0.345873	0.343982	0.340198	0.464784	0.459385	0.459528	0.459775	0.46117	0.483403	0.503964	0.527159	0.512798	0.504028	0.50681	0.498984	0.673841	0.687122	0.685668	0.68524	0.673059	0.672414	0.487352	0.483574	0.488749	0.491093	0.484761	0.492757	0.587172	0.587231	0.59618	0.595927	0.590021	0.585715	0.483112	0.4792	0.475611	0.459943	0.455486	0.455461	0.534107	0.521444	0.534463	0.525451	0.53581	0.522084	0.625029	0.627053	0.612165	0.613357	0.613987	0.626883
ERR636860	0.442764	0.458049	0.459894	0.461748	0.444818	0.442744	0.310634	0.314027	0.31054	0.312262	0.322646	0.3109	0.418604	0.347436	0.406405	0.336877	0.406326	0.328972	0.298308	0.300855	0.296164	0.300907	0.304808	0.30016	0.457513	0.443709	0.444153	0.444212	0.445315	0.45917	0.268291	0.267326	0	0.263292	0.244746	0.25204	0.284384	0.279464	0.293761	0.284369	0.286094	0.288712	0.377899	0.342653	0.36282	0.36594	0.362972	0.334559	0.484849	0.471873	0.476672	0.477549	0.479	0.510606	0.519999	0.540388	0.527049	0.513893	0.522733	0.512206	0.660432	0.679508	0.678483	0.676834	0.656336	0.653798	0.47799	0.479336	0.486759	0.47845	0.480654	0.484396	0.570825	0.571153	0.586969	0.586599	0.583894	0.569641	0.505151	0.501717	0.497121	0.476645	0.462995	0.463627	0.537091	0.511441	0.538043	0.519404	0.539638	0.51811	0.618573	0.62217	0.603055	0.604549	0.604972	0.621901
ERR636862	0.461647	0.473339	0.472508	0.474278	0.464529	0.461938	0.301216	0.301081	0.30015	0.302138	0.299168	0.30129	0.377932	0.32791	0.367878	0.324512	0.367977	0.326619	0.297996	0.301882	0.300101	0.296759	0.29491	0.296957	0.436777	0.437166	0.437213	0.437835	0.436387	0.437628	0.244092	0.243788	0.263292	0	0.258531	0.246604	0.273922	0.277445	0.273246	0.27412	0.273695	0.273925	0.354237	0.335758	0.345675	0.34773	0.345292	0.339169	0.466371	0.460157	0.46076	0.460892	0.462554	0.486038	0.506	0.529131	0.514736	0.505537	0.508958	0.500745	0.673782	0.68761	0.686201	0.685589	0.672813	0.671924	0.486919	0.48354	0.489006	0.490196	0.484732	0.492507	0.58666	0.586844	0.596453	0.596186	0.590571	0.585388	0.485424	0.4813	0.477512	0.461107	0.455772	0.45576	0.535127	0.521129	0.535457	0.525608	0.536925	0.522378	0.625842	0.628007	0.612752	0.613799	0.614497	0.627706
ERR636861	0.451786	0.467304	0.468452	0.470354	0.454048	0.451661	0.305055	0.307016	0.306038	0.306497	0.315198	0.305426	0.410728	0.34179	0.399229	0.332359	0.39916	0.326642	0.292859	0.294725	0.292327	0.2951	0.298082	0.294367	0.453346	0.440908	0.441256	0.441521	0.442024	0.45383	0.262992	0.261733	0.244746	0.258531	0	0.249498	0.280736	0.277198	0.288	0.280736	0.28243	0.283189	0.374718	0.34002	0.360668	0.363796	0.360365	0.335127	0.481873	0.470011	0.473662	0.47417	0.476231	0.507154	0.520705	0.543	0.528826	0.516305	0.523716	0.513472	0.662592	0.679907	0.678424	0.677283	0.659877	0.657706	0.479586	0.479736	0.487439	0.481	0.481127	0.486893	0.575346	0.575624	0.590433	0.589846	0.585726	0.57411	0.502086	0.498007	0.49372	0.471786	0.461023	0.461404	0.534365	0.51144	0.535185	0.519481	0.536859	0.516751	0.624404	0.627635	0.608751	0.610189	0.610671	0.627264
ERR636859	0.448746	0.461463	0.461539	0.463162	0.451489	0.448998	0.301259	0.302822	0.300556	0.302698	0.304083	0.301535	0.3886	0.330453	0.377587	0.325136	0.377388	0.323349	0.296716	0.300567	0.297365	0.297077	0.297078	0.296709	0.441441	0.437222	0.437439	0.437681	0.437185	0.442555	0.248539	0.248269	0.25204	0.246604	0.249498	0	0.274329	0.274644	0.2768	0.274216	0.274517	0.27588	0.358237	0.334216	0.346684	0.349289	0.34684	0.333527	0.470118	0.461764	0.463851	0.46449	0.465815	0.491734	0.506015	0.52766	0.514088	0.503421	0.508918	0.499875	0.665875	0.681658	0.680481	0.679358	0.663414	0.66196	0.480525	0.478796	0.48475	0.48282	0.480075	0.485984	0.57741	0.577743	0.589161	0.588834	0.58466	0.576145	0.488878	0.485208	0.481206	0.464134	0.455379	0.455595	0.532951	0.51511	0.533649	0.520434	0.535063	0.518298	0.618292	0.621004	0.604484	0.605732	0.606291	0.620807
ERR607649	0.472184	0.483766	0.483522	0.485255	0.474772	0.472461	0.281264	0.281992	0.279098	0.282034	0.281293	0.281719	0.380613	0.32031	0.369632	0.314333	0.370118	0.313822	0.294345	0.298977	0.295736	0.292742	0.29134	0.293149	0.410125	0.407462	0.407809	0.408461	0.407056	0.411514	0.275713	0.275177	0.284384	0.273922	0.280736	0.274329	0	0.238164	0.238241	0.235367	0.235508	0.237249	0.358862	0.334536	0.348653	0.351166	0.347933	0.334842	0.443007	0.435008	0.436978	0.437043	0.438688	0.465311	0.489343	0.512431	0.497928	0.488098	0.492234	0.48369	0.663144	0.678046	0.676869	0.676012	0.661601	0.661071	0.469353	0.466545	0.472032	0.472466	0.467549	0.47527	0.573575	0.573571	0.583123	0.58298	0.577732	0.572291	0.466509	0.462367	0.458112	0.441906	0.433423	0.433761	0.524094	0.508256	0.524515	0.512474	0.526152	0.510062	0.615789	0.617952	0.60348	0.604591	0.605366	0.617856
ERR607646	0.465499	0.477928	0.478287	0.47992	0.467852	0.465647	0.281662	0.283132	0.279752	0.282835	0.285653	0.282085	0.388332	0.322428	0.37672	0.314808	0.377044	0.311821	0.293064	0.297044	0.293225	0.292686	0.292383	0.292847	0.413188	0.406851	0.407139	0.40752	0.406954	0.414594	0.279925	0.279196	0.279464	0.277445	0.277198	0.274644	0.238164	0	0.242261	0.237953	0.238787	0.239487	0.362659	0.334421	0.351031	0.353482	0.350339	0.332007	0.445389	0.435604	0.438697	0.43896	0.440693	0.4691	0.489817	0.512308	0.498138	0.4873	0.492851	0.483684	0.655422	0.671465	0.67031	0.669248	0.653234	0.652235	0.463577	0.461757	0.467746	0.466105	0.462963	0.469695	0.565655	0.565909	0.576753	0.576557	0.571873	0.56456	0.468002	0.464053	0.459619	0.44225	0.432122	0.432632	0.519855	0.501352	0.520349	0.506395	0.52205	0.50434	0.610971	0.613429	0.597875	0.59915	0.599893	0.613249
ERR607645	0.482338	0.492883	0.491871	0.493577	0.485134	0.482708	0.281667	0.280755	0.278774	0.28224	0.27581	0.281948	0.370535	0.317738	0.360586	0.31443	0.361138	0.317246	0.298162	0.303188	0.300738	0.295307	0.29147	0.296168	0.405042	0.40733	0.407541	0.408355	0.406141	0.405947	0.273973	0.27363	0.293761	0.273246	0.288	0.2768	0.238241	0.242261	0	0.238121	0.237251	0.23633	0.355294	0.336291	0.347472	0.349532	0.346545	0.340103	0.438949	0.432993	0.433596	0.433495	0.435231	0.459181	0.487572	0.511761	0.496797	0.488235	0.490322	0.482697	0.670742	0.683759	0.682413	0.681871	0.670138	0.670075	0.475397	0.471117	0.476283	0.479258	0.472228	0.481175	0.582493	0.582562	0.590071	0.589902	0.583732	0.581389	0.462287	0.458006	0.454007	0.438858	0.433382	0.433388	0.527109	0.514946	0.527399	0.518129	0.528895	0.515137	0.621498	0.623155	0.609881	0.610882	0.611747	0.623026
ERR607648	0.471583	0.483074	0.482816	0.484485	0.474129	0.471904	0.281075	0.281655	0.278852	0.282	0.28115	0.281526	0.380363	0.319803	0.369554	0.314041	0.369968	0.313414	0.294211	0.299166	0.295795	0.292923	0.291348	0.293349	0.409953	0.407367	0.407726	0.408169	0.407029	0.411417	0.276007	0.275388	0.284369	0.27412	0.280736	0.274216	0.235367	0.237953	0.238121	0	0.235075	0.237149	0.358658	0.334455	0.34859	0.350727	0.347736	0.334546	0.442817	0.434902	0.436877	0.436959	0.438642	0.465108	0.488892	0.511774	0.497448	0.487524	0.491744	0.483224	0.662772	0.677733	0.676568	0.675687	0.66121	0.660617	0.469153	0.466281	0.471656	0.472189	0.467339	0.474915	0.573188	0.57326	0.582695	0.582597	0.577446	0.572066	0.466236	0.462195	0.457879	0.441703	0.433243	0.433362	0.524112	0.508402	0.524632	0.512465	0.526198	0.510214	0.615077	0.617257	0.602766	0.603856	0.604712	0.61708
ERR607650	0.473118	0.484248	0.483844	0.48548	0.475755	0.473378	0.281269	0.281645	0.278738	0.282207	0.27981	0.281772	0.378573	0.319641	0.367918	0.314368	0.368166	0.314239	0.295455	0.300589	0.297295	0.293828	0.291822	0.294146	0.408958	0.407427	0.407749	0.408286	0.406731	0.410437	0.27496	0.274546	0.286094	0.273695	0.28243	0.274517	0.235508	0.238787	0.237251	0.235075	0	0.237041	0.357686	0.335158	0.348124	0.350416	0.347469	0.335708	0.441701	0.433983	0.435876	0.43599	0.437552	0.46351	0.488072	0.510877	0.496655	0.486953	0.490935	0.482518	0.664991	0.679588	0.678572	0.677674	0.663443	0.663043	0.470527	0.467399	0.472606	0.473687	0.468477	0.47615	0.57505	0.575266	0.584206	0.58414	0.578881	0.573918	0.465381	0.461412	0.457231	0.441614	0.433315	0.433524	0.525253	0.510095	0.525666	0.514049	0.527305	0.511645	0.615873	0.617891	0.603772	0.604898	0.605726	0.617769
ERR607647	0.479145	0.490669	0.490027	0.491877	0.481709	0.479311	0.280505	0.279793	0.27849	0.281089	0.278472	0.280926	0.376212	0.318359	0.365705	0.313435	0.366194	0.31484	0.29438	0.298696	0.296696	0.292564	0.290003	0.29286	0.407542	0.406635	0.406992	0.407666	0.405743	0.408413	0.275326	0.274627	0.288712	0.273925	0.283189	0.27588	0.237249	0.239487	0.23633	0.237149	0.237041	0	0.358112	0.33517	0.34903	0.351205	0.348079	0.337549	0.441551	0.434453	0.435627	0.435562	0.437679	0.463208	0.489892	0.514232	0.499289	0.489845	0.493011	0.484663	0.665544	0.67917	0.677803	0.67722	0.664784	0.664434	0.471657	0.468044	0.473454	0.475469	0.469095	0.477986	0.577736	0.577764	0.586616	0.586191	0.58012	0.576474	0.464479	0.460034	0.455997	0.439011	0.432817	0.432837	0.523682	0.509763	0.523831	0.513874	0.52546	0.510658	0.620041	0.621896	0.607542	0.608686	0.609563	0.621683
ERR612638	0.451248	0.456026	0.452531	0.453969	0.454131	0.451903	0.363314	0.363513	0.362294	0.364001	0.358056	0.363461	0.336259	0.323131	0.329251	0.32916	0.328549	0.338474	0.388889	0.392739	0.390609	0.387371	0.38517	0.387935	0.441098	0.451596	0.451332	0.452171	0.449941	0.442167	0.351297	0.35194	0.377899	0.354237	0.374718	0.358237	0.358862	0.362659	0.355294	0.358658	0.357686	0.358112	0	0.276548	0.262345	0.261004	0.261358	0.291452	0.427008	0.430821	0.427655	0.428446	0.42727	0.430905	0.472932	0.490822	0.480005	0.478194	0.475477	0.472444	0.635703	0.644953	0.644515	0.643876	0.636935	0.637426	0.485965	0.479509	0.47824	0.491807	0.479575	0.485927	0.559215	0.558632	0.559613	0.559528	0.552773	0.557791	0.458817	0.457278	0.455886	0.45861	0.459305	0.459166	0.510578	0.5115	0.510643	0.50849	0.511449	0.506706	0.586137	0.586409	0.578948	0.579299	0.5806	0.586002
ERR612639	0.444878	0.456835	0.456227	0.458321	0.447607	0.445047	0.336744	0.338289	0.337677	0.337713	0.340581	0.337044	0.368522	0.314475	0.357912	0.311699	0.357682	0.313144	0.35742	0.359415	0.357826	0.357637	0.358199	0.357524	0.43407	0.431833	0.43204	0.432361	0.431779	0.43449	0.3362	0.335822	0.342653	0.335758	0.34002	0.334216	0.334536	0.334421	0.336291	0.334455	0.335158	0.33517	0.276548	0	0.264573	0.267148	0.262671	0.253817	0.428914	0.422723	0.423531	0.424154	0.425099	0.447045	0.483692	0.505649	0.492144	0.483742	0.487187	0.479315	0.635501	0.648834	0.647681	0.646758	0.635103	0.63395	0.466206	0.463211	0.46698	0.470207	0.464055	0.470544	0.553646	0.553661	0.562149	0.561711	0.555935	0.552362	0.468791	0.466202	0.463316	0.450165	0.445142	0.445164	0.509288	0.497239	0.509697	0.500199	0.511064	0.497682	0.594759	0.596859	0.582571	0.583592	0.584504	0.596473
ERR612640	0.437862	0.444918	0.442753	0.444248	0.440445	0.438401	0.353549	0.355199	0.353287	0.354586	0.352203	0.353797	0.34807	0.318604	0.338976	0.321791	0.338365	0.327622	0.378079	0.381625	0.379077	0.377165	0.376324	0.377409	0.438402	0.444366	0.444201	0.444743	0.44341	0.439735	0.343545	0.344066	0.36282	0.345675	0.360668	0.346684	0.348653	0.351031	0.347472	0.34859	0.348124	0.34903	0.262345	0.264573	0	0.255636	0.254831	0.274858	0.426122	0.426528	0.425309	0.426505	0.42514	0.435021	0.471449	0.489862	0.478671	0.473977	0.47454	0.469401	0.63277	0.644315	0.643923	0.642814	0.632682	0.632378	0.475752	0.470872	0.471084	0.480812	0.471048	0.476538	0.552249	0.551881	0.555665	0.555754	0.550153	0.551016	0.461236	0.46004	0.457724	0.455504	0.45318	0.4533	0.509282	0.50483	0.50972	0.503713	0.510768	0.502672	0.58192	0.583048	0.573039	0.573633	0.574781	0.58272
