	ERR636774	ERR636771	ERR636770	ERR636772	ERR636769	ERR636773	ERR630233	ERR630231	ERR630235	ERR630232	ERR630230	ERR630234	ERR613232	ERR613231	ERR613229	ERR613228	ERR613230	ERR613227	ERR626870	ERR626867	ERR626868	ERR626872	ERR626869	ERR626871	ERR618633	ERR618635	ERR618638	ERR618636	ERR618637	ERR618634	ERR636777	ERR636779	ERR636780	ERR636778	ERR636775	ERR636776	ERR617522	ERR617518	ERR617517	ERR617521	ERR617519	ERR617520	ERR613974	ERR613977	ERR613972	ERR613975	ERR613973	ERR613976	ERR630443	ERR630444	ERR630442	ERR630445	ERR630440	ERR630441	ERR631301	ERR631297	ERR631302	ERR631298	ERR631300	ERR631299	ERR605542	ERR605543	ERR605539	ERR605540	ERR605541	ERR605544	ERR613495	ERR613494	ERR613491	ERR613492	ERR613496	ERR613493	ERR626607	ERR626603	ERR626606	ERR626602	ERR626605	ERR626604	ERR608432	ERR608431	ERR608430	ERR608427	ERR608429	ERR608428	ERR630211	ERR630208	ERR630209	ERR630210	ERR630207	ERR630206	ERR617510	ERR617507	ERR617508	ERR617509	ERR617506	ERR617505
ERR636774	4.74809e+08	3.2672e+08	3.24086e+08	3.31487e+08	2.992e+08	3.31083e+08	1.83193e+08	1.47092e+08	1.66089e+08	1.40197e+08	1.75094e+08	1.80753e+08	2.01835e+08	2.02435e+08	2.66969e+08	2.84757e+08	1.92119e+08	3.06064e+08	2.22904e+08	3.14345e+08	2.81803e+08	3.11546e+08	2.85256e+08	2.19758e+08	3.35815e+08	3.20496e+08	2.91538e+08	3.15649e+08	2.91338e+08	3.10612e+08	2.59103e+08	2.6283e+08	2.69204e+08	2.71044e+08	2.36939e+08	2.57818e+08	2.37949e+08	2.55823e+08	2.49123e+08	2.29663e+08	2.56571e+08	2.1751e+08	2.13785e+08	2.80675e+08	2.76417e+08	2.41649e+08	2.46775e+08	2.42497e+08	2.157e+08	2.11907e+08	2.13438e+08	2.21055e+08	2.19385e+08	1.98139e+08	2.38321e+08	2.42963e+08	2.37864e+08	2.35197e+08	2.39291e+08	2.76596e+08	1.74381e+08	1.76786e+08	1.87504e+08	1.76109e+08	1.65705e+08	1.73587e+08	1.67517e+08	1.70631e+08	1.99269e+08	1.98252e+08	1.66894e+08	1.98103e+08	1.38078e+08	1.45915e+08	1.38992e+08	1.66971e+08	1.36196e+08	1.19284e+08	2.54695e+08	2.47185e+08	2.47108e+08	1.43185e+08	2.21406e+08	2.02323e+08	1.95385e+08	1.69797e+08	2.0996e+08	2.09308e+08	1.81675e+08	2.11101e+08	1.63332e+08	1.75974e+08	1.50473e+08	1.58744e+08	1.755e+08	1.71214e+08
ERR636771	3.2672e+08	4.65587e+08	3.21422e+08	3.26773e+08	2.9698e+08	3.26022e+08	1.81345e+08	1.45643e+08	1.64617e+08	1.38751e+08	1.73177e+08	1.7881e+08	1.99406e+08	2.00022e+08	2.6369e+08	2.81228e+08	1.89979e+08	3.01847e+08	2.19925e+08	3.10157e+08	2.78361e+08	3.07478e+08	2.81667e+08	2.16818e+08	3.32185e+08	3.17167e+08	2.87998e+08	3.1181e+08	2.87587e+08	3.0738e+08	2.56499e+08	2.60257e+08	2.66532e+08	2.68274e+08	2.34483e+08	2.5507e+08	2.35046e+08	2.52381e+08	2.46146e+08	2.26737e+08	2.53253e+08	2.14636e+08	2.11523e+08	2.77286e+08	2.73051e+08	2.38734e+08	2.43906e+08	2.39668e+08	2.12769e+08	2.09004e+08	2.10605e+08	2.18016e+08	2.16478e+08	1.95963e+08	2.35005e+08	2.39471e+08	2.34399e+08	2.31645e+08	2.36037e+08	2.72846e+08	1.72243e+08	1.74625e+08	1.85235e+08	1.73993e+08	1.63979e+08	1.71415e+08	1.65392e+08	1.6846e+08	1.96913e+08	1.95913e+08	1.64658e+08	1.95876e+08	1.36083e+08	1.43795e+08	1.36811e+08	1.64599e+08	1.34134e+08	1.17739e+08	2.50967e+08	2.43623e+08	2.43557e+08	1.41633e+08	2.18125e+08	1.9947e+08	1.93742e+08	1.67888e+08	2.07806e+08	2.0708e+08	1.79939e+08	2.08843e+08	1.61216e+08	1.73579e+08	1.48399e+08	1.56514e+08	1.72995e+08	1.69177e+08
ERR636770	3.24086e+08	3.21422e+08	4.59124e+08	3.23862e+08	2.94641e+08	3.23334e+08	1.79314e+08	1.43959e+08	1.62564e+08	1.37376e+08	1.71418e+08	1.76882e+08	1.9787e+08	1.98494e+08	2.61845e+08	2.79362e+08	1.88417e+08	3.00411e+08	2.18788e+08	3.07946e+08	2.7634e+08	3.05517e+08	2.7982e+08	2.15826e+08	3.2911e+08	3.14231e+08	2.8598e+08	3.0942e+08	2.8565e+08	3.04359e+08	2.53983e+08	2.57685e+08	2.6396e+08	2.65903e+08	2.32404e+08	2.53015e+08	2.3344e+08	2.50739e+08	2.44154e+08	2.2538e+08	2.51554e+08	2.13403e+08	2.09689e+08	2.75497e+08	2.71317e+08	2.37362e+08	2.42248e+08	2.38071e+08	2.11151e+08	2.07298e+08	2.0872e+08	2.16247e+08	2.14559e+08	1.93788e+08	2.33167e+08	2.37699e+08	2.32808e+08	2.3023e+08	2.34321e+08	2.71098e+08	1.70556e+08	1.72906e+08	1.8326e+08	1.72255e+08	1.62319e+08	1.69893e+08	1.64013e+08	1.6713e+08	1.94965e+08	1.94072e+08	1.63347e+08	1.9398e+08	1.35421e+08	1.4298e+08	1.36216e+08	1.63531e+08	1.33477e+08	1.16731e+08	2.49797e+08	2.42531e+08	2.42472e+08	1.40479e+08	2.17349e+08	1.98343e+08	1.91189e+08	1.65962e+08	2.05474e+08	2.04898e+08	1.77972e+08	2.06532e+08	1.60009e+08	1.7249e+08	1.47637e+08	1.55748e+08	1.72175e+08	1.67753e+08
ERR636772	3.31487e+08	3.26773e+08	3.23862e+08	4.75058e+08	2.99026e+08	3.30863e+08	1.82892e+08	1.46851e+08	1.65896e+08	1.39992e+08	1.74936e+08	1.80442e+08	2.01636e+08	2.02249e+08	2.66684e+08	2.84335e+08	1.91986e+08	3.05556e+08	2.22439e+08	3.13591e+08	2.81405e+08	3.10929e+08	2.84821e+08	2.19238e+08	3.35676e+08	3.20225e+08	2.9131e+08	3.15334e+08	2.91092e+08	3.10302e+08	2.58713e+08	2.62509e+08	2.68853e+08	2.70618e+08	2.36532e+08	2.57435e+08	2.37579e+08	2.55274e+08	2.4886e+08	2.29292e+08	2.56067e+08	2.17145e+08	2.13717e+08	2.8056e+08	2.76138e+08	2.41515e+08	2.46563e+08	2.4238e+08	2.15268e+08	2.1142e+08	2.13185e+08	2.20627e+08	2.18914e+08	1.9781e+08	2.37875e+08	2.42527e+08	2.37541e+08	2.34776e+08	2.39045e+08	2.76311e+08	1.74024e+08	1.76518e+08	1.87185e+08	1.75875e+08	1.65695e+08	1.73254e+08	1.67152e+08	1.70236e+08	1.98959e+08	1.97899e+08	1.66379e+08	1.97756e+08	1.3787e+08	1.45694e+08	1.38639e+08	1.66528e+08	1.3591e+08	1.19016e+08	2.54202e+08	2.46766e+08	2.46783e+08	1.43126e+08	2.20906e+08	2.02e+08	1.95241e+08	1.6946e+08	2.09658e+08	2.08939e+08	1.81462e+08	2.10818e+08	1.62962e+08	1.75539e+08	1.50155e+08	1.58384e+08	1.75088e+08	1.70968e+08
ERR636769	2.992e+08	2.9698e+08	2.94641e+08	2.99026e+08	3.99793e+08	2.98676e+08	1.64088e+08	1.31798e+08	1.48848e+08	1.25465e+08	1.56827e+08	1.61666e+08	1.82909e+08	1.83565e+08	2.41672e+08	2.57534e+08	1.74435e+08	2.76636e+08	2.01408e+08	2.83449e+08	2.54509e+08	2.81033e+08	2.57618e+08	1.98575e+08	3.03404e+08	2.89765e+08	2.63501e+08	2.85153e+08	2.63196e+08	2.80783e+08	2.34565e+08	2.37926e+08	2.43731e+08	2.45442e+08	2.14762e+08	2.33326e+08	2.14731e+08	2.30733e+08	2.24976e+08	2.07266e+08	2.31379e+08	1.96224e+08	1.943e+08	2.54401e+08	2.50595e+08	2.19192e+08	2.23993e+08	2.20042e+08	1.92828e+08	1.89561e+08	1.90861e+08	1.97699e+08	1.96176e+08	1.77468e+08	2.14914e+08	2.18968e+08	2.1439e+08	2.12076e+08	2.1579e+08	2.49512e+08	1.55763e+08	1.5805e+08	1.67555e+08	1.57551e+08	1.4845e+08	1.55134e+08	1.49832e+08	1.52729e+08	1.78335e+08	1.77502e+08	1.4931e+08	1.77373e+08	1.23368e+08	1.30455e+08	1.24186e+08	1.49098e+08	1.2175e+08	1.06722e+08	2.28591e+08	2.2197e+08	2.21917e+08	1.29091e+08	1.9866e+08	1.81769e+08	1.75237e+08	1.51915e+08	1.87984e+08	1.87383e+08	1.62709e+08	1.88886e+08	1.4613e+08	1.57327e+08	1.34685e+08	1.42023e+08	1.56971e+08	1.53231e+08
ERR636773	3.31083e+08	3.26022e+08	3.23334e+08	3.30863e+08	2.98676e+08	4.73493e+08	1.82617e+08	1.46571e+08	1.65634e+08	1.39717e+08	1.74646e+08	1.80075e+08	2.01384e+08	2.02094e+08	2.66359e+08	2.84035e+08	1.91676e+08	3.05484e+08	2.22154e+08	3.13279e+08	2.80924e+08	3.10585e+08	2.84387e+08	2.19155e+08	3.35017e+08	3.19627e+08	2.90818e+08	3.14767e+08	2.90558e+08	3.09931e+08	2.58315e+08	2.62074e+08	2.68395e+08	2.70181e+08	2.3618e+08	2.57008e+08	2.37229e+08	2.5505e+08	2.48577e+08	2.29064e+08	2.55866e+08	2.16849e+08	2.13325e+08	2.79976e+08	2.75632e+08	2.41012e+08	2.46282e+08	2.41957e+08	2.14912e+08	2.11072e+08	2.12568e+08	2.20134e+08	2.18492e+08	1.97351e+08	2.37599e+08	2.42207e+08	2.3712e+08	2.34488e+08	2.38648e+08	2.76046e+08	1.73704e+08	1.76119e+08	1.86756e+08	1.75542e+08	1.65274e+08	1.72957e+08	1.66829e+08	1.70032e+08	1.9865e+08	1.97659e+08	1.66168e+08	1.97529e+08	1.37584e+08	1.45494e+08	1.38454e+08	1.66291e+08	1.35703e+08	1.18804e+08	2.53922e+08	2.46356e+08	2.46386e+08	1.4278e+08	2.20525e+08	2.01526e+08	1.9477e+08	1.69106e+08	2.09224e+08	2.08599e+08	1.81103e+08	2.10295e+08	1.62636e+08	1.75374e+08	1.49794e+08	1.5808e+08	1.74815e+08	1.70646e+08
ERR630233	1.83193e+08	1.81345e+08	1.79314e+08	1.82892e+08	1.64088e+08	1.82617e+08	4.82098e+08	2.92442e+08	3.25069e+08	2.77081e+08	3.38214e+08	3.47824e+08	1.25458e+08	1.26104e+08	1.68365e+08	1.80438e+08	1.18934e+08	1.94741e+08	1.38925e+08	1.99467e+08	1.78102e+08	1.97454e+08	1.80368e+08	1.36869e+08	2.04914e+08	1.94734e+08	1.75319e+08	1.9059e+08	1.75178e+08	1.88293e+08	1.60152e+08	1.62723e+08	1.67051e+08	1.67932e+08	1.45149e+08	1.59054e+08	1.55761e+08	1.67855e+08	1.63441e+08	1.50091e+08	1.68332e+08	1.4189e+08	1.29496e+08	1.72941e+08	1.70302e+08	1.47098e+08	1.50848e+08	1.47345e+08	2.38275e+08	2.34063e+08	2.36634e+08	2.45413e+08	2.43347e+08	2.20603e+08	1.87503e+08	1.91404e+08	1.87019e+08	1.85026e+08	1.89262e+08	2.1964e+08	2.27726e+08	2.31188e+08	2.44127e+08	2.29926e+08	2.17569e+08	2.2727e+08	2.07831e+08	2.11239e+08	2.46427e+08	2.4573e+08	2.06566e+08	2.45088e+08	1.74105e+08	1.84087e+08	1.74642e+08	2.08319e+08	1.7187e+08	1.52312e+08	2.99914e+08	2.9142e+08	2.91882e+08	1.72517e+08	2.60889e+08	2.40225e+08	2.55418e+08	2.2218e+08	2.73805e+08	2.7277e+08	2.37367e+08	2.75754e+08	2.31961e+08	2.48465e+08	2.13706e+08	2.24662e+08	2.47722e+08	2.45039e+08
ERR630231	1.47092e+08	1.45643e+08	1.43959e+08	1.46851e+08	1.31798e+08	1.46571e+08	2.92442e+08	3.49948e+08	2.71838e+08	2.32851e+08	2.82902e+08	2.89564e+08	1.00777e+08	1.01277e+08	1.35195e+08	1.44874e+08	9.55332e+07	1.56279e+08	1.11282e+08	1.5984e+08	1.42756e+08	1.58241e+08	1.44696e+08	1.09641e+08	1.64303e+08	1.56145e+08	1.40442e+08	1.52805e+08	1.40424e+08	1.51157e+08	1.28629e+08	1.30665e+08	1.34077e+08	1.34941e+08	1.16609e+08	1.27624e+08	1.2512e+08	1.34718e+08	1.3137e+08	1.2055e+08	1.35194e+08	1.13974e+08	1.04178e+08	1.38913e+08	1.3666e+08	1.18176e+08	1.21197e+08	1.18262e+08	1.93132e+08	1.89734e+08	1.9186e+08	1.99089e+08	1.97533e+08	1.78983e+08	1.52199e+08	1.55312e+08	1.51779e+08	1.50119e+08	1.53576e+08	1.78269e+08	1.85607e+08	1.88432e+08	1.98948e+08	1.87285e+08	1.77496e+08	1.85221e+08	1.68695e+08	1.71366e+08	1.99946e+08	1.99287e+08	1.67564e+08	1.98731e+08	1.41334e+08	1.49649e+08	1.41828e+08	1.69033e+08	1.39677e+08	1.24121e+08	2.43432e+08	2.36779e+08	2.37015e+08	1.4052e+08	2.11857e+08	1.9526e+08	2.08352e+08	1.81189e+08	2.23059e+08	2.22064e+08	1.93441e+08	2.24493e+08	1.91344e+08	2.04771e+08	1.7637e+08	1.85163e+08	2.04171e+08	2.02302e+08
ERR630235	1.66089e+08	1.64617e+08	1.62564e+08	1.65896e+08	1.48848e+08	1.65634e+08	3.25069e+08	2.71838e+08	4.21343e+08	2.57511e+08	3.13659e+08	3.21713e+08	1.13619e+08	1.14176e+08	1.52364e+08	1.63196e+08	1.07854e+08	1.75845e+08	1.25408e+08	1.80324e+08	1.61127e+08	1.78623e+08	1.63226e+08	1.23452e+08	1.85638e+08	1.76431e+08	1.58415e+08	1.72434e+08	1.58335e+08	1.70809e+08	1.45408e+08	1.47864e+08	1.51609e+08	1.52627e+08	1.31846e+08	1.44209e+08	1.41066e+08	1.51865e+08	1.4815e+08	1.35885e+08	1.52414e+08	1.28532e+08	1.17671e+08	1.56746e+08	1.54224e+08	1.33124e+08	1.36675e+08	1.33414e+08	2.16912e+08	2.13221e+08	2.15512e+08	2.2366e+08	2.21956e+08	2.01407e+08	1.70608e+08	1.74172e+08	1.70202e+08	1.68209e+08	1.72272e+08	1.99945e+08	2.0776e+08	2.11087e+08	2.2282e+08	2.09773e+08	1.98812e+08	2.07523e+08	1.89202e+08	1.92237e+08	2.24665e+08	2.2377e+08	1.87973e+08	2.23296e+08	1.58232e+08	1.67472e+08	1.58846e+08	1.89477e+08	1.56241e+08	1.39096e+08	2.72376e+08	2.64696e+08	2.65203e+08	1.57471e+08	2.36695e+08	2.18395e+08	2.33941e+08	2.02945e+08	2.5022e+08	2.49279e+08	2.16974e+08	2.51747e+08	2.12897e+08	2.27822e+08	1.9609e+08	2.06066e+08	2.27048e+08	2.25158e+08
ERR630232	1.40197e+08	1.38751e+08	1.37376e+08	1.39992e+08	1.25465e+08	1.39717e+08	2.77081e+08	2.32851e+08	2.57511e+08	3.21607e+08	2.68292e+08	2.74419e+08	9.60168e+07	9.65753e+07	1.2893e+08	1.38122e+08	9.10102e+07	1.49152e+08	1.06258e+08	1.52537e+08	1.36163e+08	1.50958e+08	1.37898e+08	1.04648e+08	1.56588e+08	1.48771e+08	1.33951e+08	1.45682e+08	1.33912e+08	1.4399e+08	1.22443e+08	1.24413e+08	1.27624e+08	1.2848e+08	1.10961e+08	1.21634e+08	1.19415e+08	1.28662e+08	1.25415e+08	1.15028e+08	1.29083e+08	1.0884e+08	9.92454e+07	1.3252e+08	1.30366e+08	1.1271e+08	1.15542e+08	1.12928e+08	1.84346e+08	1.81105e+08	1.83015e+08	1.89853e+08	1.88472e+08	1.7067e+08	1.44962e+08	1.48036e+08	1.4458e+08	1.4304e+08	1.46373e+08	1.69898e+08	1.77083e+08	1.79854e+08	1.89889e+08	1.78758e+08	1.6931e+08	1.76773e+08	1.61162e+08	1.63645e+08	1.90759e+08	1.90286e+08	1.60069e+08	1.89893e+08	1.35102e+08	1.42943e+08	1.35571e+08	1.61502e+08	1.33408e+08	1.18425e+08	2.32782e+08	2.26245e+08	2.26503e+08	1.34164e+08	2.02424e+08	1.86731e+08	1.9841e+08	1.72753e+08	2.12595e+08	2.11817e+08	1.84257e+08	2.14114e+08	1.82484e+08	1.95341e+08	1.68254e+08	1.76736e+08	1.94732e+08	1.92809e+08
ERR630230	1.75094e+08	1.73177e+08	1.71418e+08	1.74936e+08	1.56827e+08	1.74646e+08	3.38214e+08	2.82902e+08	3.13659e+08	2.68292e+08	4.52353e+08	3.34794e+08	1.19791e+08	1.20481e+08	1.60874e+08	1.72408e+08	1.13589e+08	1.86285e+08	1.32737e+08	1.90604e+08	1.70173e+08	1.8867e+08	1.72253e+08	1.30806e+08	1.956e+08	1.85861e+08	1.67383e+08	1.82196e+08	1.67327e+08	1.79799e+08	1.52944e+08	1.55353e+08	1.59471e+08	1.60383e+08	1.38615e+08	1.51893e+08	1.48782e+08	1.60504e+08	1.5615e+08	1.43476e+08	1.60914e+08	1.35751e+08	1.23653e+08	1.65348e+08	1.62704e+08	1.40618e+08	1.44108e+08	1.40927e+08	2.28014e+08	2.24025e+08	2.26451e+08	2.34924e+08	2.3313e+08	2.11128e+08	1.79593e+08	1.83364e+08	1.79213e+08	1.7738e+08	1.81278e+08	2.10504e+08	2.18308e+08	2.21638e+08	2.34114e+08	2.20419e+08	2.08538e+08	2.17794e+08	1.98938e+08	2.02178e+08	2.3576e+08	2.35049e+08	1.97773e+08	2.34407e+08	1.66682e+08	1.76388e+08	1.67316e+08	1.9953e+08	1.6459e+08	1.45856e+08	2.8749e+08	2.79421e+08	2.7971e+08	1.65178e+08	2.50072e+08	2.30234e+08	2.44544e+08	2.12997e+08	2.62325e+08	2.61199e+08	2.27414e+08	2.64223e+08	2.2313e+08	2.39001e+08	2.05683e+08	2.16172e+08	2.38365e+08	2.35902e+08
ERR630234	1.80753e+08	1.7881e+08	1.76882e+08	1.80442e+08	1.61666e+08	1.80075e+08	3.47824e+08	2.89564e+08	3.21713e+08	2.74419e+08	3.34794e+08	4.73156e+08	1.23625e+08	1.24252e+08	1.65997e+08	1.77799e+08	1.17248e+08	1.9212e+08	1.37176e+08	1.96864e+08	1.75609e+08	1.94792e+08	1.77878e+08	1.3506e+08	2.01933e+08	1.91909e+08	1.72906e+08	1.88062e+08	1.72795e+08	1.85619e+08	1.57762e+08	1.60352e+08	1.64467e+08	1.65475e+08	1.42909e+08	1.56625e+08	1.53606e+08	1.65579e+08	1.61229e+08	1.48221e+08	1.66132e+08	1.40057e+08	1.27707e+08	1.70671e+08	1.68056e+08	1.45218e+08	1.48773e+08	1.45505e+08	2.35387e+08	2.31191e+08	2.33526e+08	2.42471e+08	2.40379e+08	2.17755e+08	1.852e+08	1.89208e+08	1.84875e+08	1.82928e+08	1.86923e+08	2.16957e+08	2.25025e+08	2.28546e+08	2.41455e+08	2.27152e+08	2.14928e+08	2.24515e+08	2.05386e+08	2.08701e+08	2.43286e+08	2.42655e+08	2.04037e+08	2.41902e+08	1.72011e+08	1.82043e+08	1.72682e+08	2.05912e+08	1.69933e+08	1.50511e+08	2.96599e+08	2.88358e+08	2.88611e+08	1.70463e+08	2.58019e+08	2.37678e+08	2.52249e+08	2.19502e+08	2.70441e+08	2.69455e+08	2.34388e+08	2.72201e+08	2.29559e+08	2.46059e+08	2.11677e+08	2.22464e+08	2.4536e+08	2.42645e+08
ERR613232	2.01835e+08	1.99406e+08	1.9787e+08	2.01636e+08	1.82909e+08	2.01384e+08	1.25458e+08	1.00777e+08	1.13619e+08	9.60168e+07	1.19791e+08	1.23625e+08	2.66792e+08	1.70431e+08	2.22517e+08	2.36979e+08	1.61892e+08	2.53953e+08	1.52234e+08	2.12619e+08	1.91034e+08	2.11033e+08	1.9363e+08	1.50293e+08	2.26368e+08	2.16248e+08	1.98159e+08	2.13601e+08	1.97758e+08	2.09639e+08	1.78012e+08	1.80494e+08	1.84792e+08	1.86062e+08	1.63196e+08	1.77324e+08	1.77684e+08	1.91146e+08	1.85744e+08	1.71743e+08	1.91453e+08	1.62789e+08	1.49264e+08	1.94836e+08	1.91976e+08	1.68853e+08	1.7192e+08	1.692e+08	1.49831e+08	1.47108e+08	1.48064e+08	1.5337e+08	1.52e+08	1.37326e+08	1.66669e+08	1.69765e+08	1.66226e+08	1.64654e+08	1.67213e+08	1.92769e+08	1.40328e+08	1.41994e+08	1.49785e+08	1.41446e+08	1.34183e+08	1.39852e+08	1.31461e+08	1.33666e+08	1.53478e+08	1.52714e+08	1.30914e+08	1.52866e+08	9.58704e+07	1.01109e+08	9.65047e+07	1.15464e+08	9.45596e+07	8.27431e+07	1.76211e+08	1.71391e+08	1.71191e+08	9.95553e+07	1.53497e+08	1.40503e+08	1.3497e+08	1.17309e+08	1.4516e+08	1.44698e+08	1.25738e+08	1.45764e+08	1.15163e+08	1.24215e+08	1.06433e+08	1.12059e+08	1.23944e+08	1.20739e+08
ERR613231	2.02435e+08	2.00022e+08	1.98494e+08	2.02249e+08	1.83565e+08	2.02094e+08	1.26104e+08	1.01277e+08	1.14176e+08	9.65753e+07	1.20481e+08	1.24252e+08	1.70431e+08	2.67557e+08	2.22792e+08	2.37317e+08	1.62213e+08	2.54319e+08	1.52614e+08	2.13173e+08	1.91672e+08	2.11604e+08	1.94008e+08	1.50627e+08	2.27098e+08	2.16935e+08	1.98553e+08	2.14122e+08	1.98303e+08	2.10234e+08	1.78569e+08	1.81129e+08	1.85413e+08	1.86489e+08	1.63552e+08	1.77823e+08	1.78196e+08	1.9158e+08	1.86235e+08	1.72183e+08	1.91852e+08	1.63173e+08	1.49777e+08	1.95385e+08	1.92358e+08	1.69349e+08	1.72241e+08	1.69573e+08	1.50491e+08	1.47709e+08	1.48634e+08	1.54027e+08	1.52591e+08	1.38003e+08	1.67264e+08	1.70449e+08	1.66956e+08	1.65384e+08	1.67984e+08	1.93591e+08	1.40462e+08	1.42056e+08	1.49796e+08	1.4165e+08	1.3429e+08	1.40005e+08	1.31603e+08	1.3366e+08	1.53754e+08	1.53144e+08	1.31108e+08	1.53113e+08	9.63081e+07	1.01549e+08	9.68373e+07	1.15964e+08	9.49558e+07	8.31504e+07	1.77006e+08	1.72106e+08	1.71953e+08	1.00108e+08	1.5413e+08	1.41059e+08	1.35692e+08	1.17885e+08	1.45843e+08	1.45362e+08	1.26311e+08	1.46396e+08	1.15641e+08	1.2476e+08	1.06961e+08	1.12532e+08	1.24386e+08	1.21294e+08
ERR613229	2.66969e+08	2.6369e+08	2.61845e+08	2.66684e+08	2.41672e+08	2.66359e+08	1.68365e+08	1.35195e+08	1.52364e+08	1.2893e+08	1.60874e+08	1.65997e+08	2.22517e+08	2.22792e+08	4.24168e+08	3.13691e+08	2.11436e+08	3.36779e+08	2.01334e+08	2.8222e+08	2.53055e+08	2.79889e+08	2.56464e+08	1.98595e+08	2.99293e+08	2.85598e+08	2.61437e+08	2.82074e+08	2.61068e+08	2.76928e+08	2.35031e+08	2.38282e+08	2.44044e+08	2.45679e+08	2.15146e+08	2.34299e+08	2.34643e+08	2.52704e+08	2.45287e+08	2.26889e+08	2.53258e+08	2.14842e+08	1.95858e+08	2.57039e+08	2.53011e+08	2.22195e+08	2.26138e+08	2.22536e+08	2.00603e+08	1.96846e+08	1.98168e+08	2.05282e+08	2.0357e+08	1.83811e+08	2.21231e+08	2.25598e+08	2.20769e+08	2.18827e+08	2.22182e+08	2.56561e+08	1.87333e+08	1.89513e+08	2.00002e+08	1.88796e+08	1.7907e+08	1.8658e+08	1.75306e+08	1.78342e+08	2.05018e+08	2.04134e+08	1.74717e+08	2.04197e+08	1.28632e+08	1.35746e+08	1.2943e+08	1.55024e+08	1.26819e+08	1.10928e+08	2.36882e+08	2.30228e+08	2.30205e+08	1.33347e+08	2.06419e+08	1.88683e+08	1.81083e+08	1.5736e+08	1.9472e+08	1.94229e+08	1.68584e+08	1.95692e+08	1.54326e+08	1.66536e+08	1.42606e+08	1.50145e+08	1.6603e+08	1.61637e+08
ERR613228	2.84757e+08	2.81228e+08	2.79362e+08	2.84335e+08	2.57534e+08	2.84035e+08	1.80438e+08	1.44874e+08	1.63196e+08	1.38122e+08	1.72408e+08	1.77799e+08	2.36979e+08	2.37317e+08	3.13691e+08	4.73915e+08	2.25016e+08	3.59426e+08	2.14826e+08	3.01202e+08	2.70131e+08	2.98675e+08	2.7363e+08	2.11791e+08	3.19282e+08	3.04503e+08	2.78809e+08	3.00839e+08	2.78242e+08	2.95211e+08	2.50545e+08	2.54267e+08	2.60343e+08	2.62151e+08	2.29375e+08	2.4993e+08	2.50244e+08	2.69445e+08	2.61453e+08	2.41851e+08	2.70065e+08	2.29076e+08	2.08442e+08	2.74059e+08	2.6988e+08	2.36868e+08	2.41096e+08	2.373e+08	2.14764e+08	2.10837e+08	2.12271e+08	2.19669e+08	2.17897e+08	1.96667e+08	2.36308e+08	2.40806e+08	2.35743e+08	2.33592e+08	2.37263e+08	2.74006e+08	2.01037e+08	2.03437e+08	2.14687e+08	2.02802e+08	1.92322e+08	2.00333e+08	1.88236e+08	1.91312e+08	2.19964e+08	2.18837e+08	1.87475e+08	2.18918e+08	1.38007e+08	1.45571e+08	1.38927e+08	1.66351e+08	1.36025e+08	1.18749e+08	2.53689e+08	2.46675e+08	2.46456e+08	1.42551e+08	2.21044e+08	2.01923e+08	1.93878e+08	1.68659e+08	2.08657e+08	2.08028e+08	1.80733e+08	2.09635e+08	1.65462e+08	1.78415e+08	1.52945e+08	1.6109e+08	1.78143e+08	1.73228e+08
ERR613230	1.92119e+08	1.89979e+08	1.88417e+08	1.91986e+08	1.74435e+08	1.91676e+08	1.18934e+08	9.55332e+07	1.07854e+08	9.10102e+07	1.13589e+08	1.17248e+08	1.61892e+08	1.62213e+08	2.11436e+08	2.25016e+08	2.45637e+08	2.40972e+08	1.44547e+08	2.01839e+08	1.81544e+08	2.00517e+08	1.83942e+08	1.4265e+08	2.15342e+08	2.05732e+08	1.88138e+08	2.02831e+08	1.87887e+08	1.99541e+08	1.69341e+08	1.71857e+08	1.75878e+08	1.77086e+08	1.55339e+08	1.68598e+08	1.68608e+08	1.81217e+08	1.76175e+08	1.62948e+08	1.816e+08	1.54339e+08	1.42174e+08	1.85236e+08	1.82387e+08	1.60559e+08	1.6341e+08	1.60785e+08	1.41846e+08	1.39193e+08	1.40242e+08	1.45249e+08	1.43917e+08	1.30245e+08	1.58342e+08	1.61353e+08	1.58129e+08	1.56493e+08	1.59038e+08	1.83152e+08	1.32869e+08	1.34588e+08	1.41921e+08	1.34117e+08	1.27214e+08	1.32482e+08	1.24594e+08	1.26648e+08	1.45521e+08	1.44902e+08	1.24143e+08	1.45028e+08	9.07382e+07	9.57376e+07	9.12577e+07	1.0933e+08	8.94932e+07	7.84554e+07	1.67051e+08	1.62318e+08	1.62205e+08	9.47227e+07	1.45493e+08	1.3309e+08	1.28235e+08	1.11306e+08	1.37767e+08	1.37233e+08	1.19326e+08	1.38225e+08	1.08977e+08	1.17425e+08	1.00739e+08	1.06025e+08	1.17268e+08	1.14263e+08
ERR613227	3.06064e+08	3.01847e+08	3.00411e+08	3.05556e+08	2.76636e+08	3.05484e+08	1.94741e+08	1.56279e+08	1.75845e+08	1.49152e+08	1.86285e+08	1.9212e+08	2.53953e+08	2.54319e+08	3.36779e+08	3.59426e+08	2.40972e+08	5.37679e+08	2.31822e+08	3.24791e+08	2.90984e+08	3.22234e+08	2.95069e+08	2.28528e+08	3.44146e+08	3.27846e+08	3.00743e+08	3.24735e+08	3.00053e+08	3.17381e+08	2.69223e+08	2.72933e+08	2.79591e+08	2.81562e+08	2.46385e+08	2.6876e+08	2.69756e+08	2.90944e+08	2.81846e+08	2.61202e+08	2.91619e+08	2.47293e+08	2.23702e+08	2.95107e+08	2.90536e+08	2.55103e+08	2.59424e+08	2.55613e+08	2.32347e+08	2.2812e+08	2.29439e+08	2.37567e+08	2.35439e+08	2.1233e+08	2.54663e+08	2.59824e+08	2.54347e+08	2.5221e+08	2.55857e+08	2.95718e+08	2.15656e+08	2.18053e+08	2.3019e+08	2.17206e+08	2.05943e+08	2.14861e+08	2.02013e+08	2.05306e+08	2.35788e+08	2.34924e+08	2.01198e+08	2.34813e+08	1.49731e+08	1.57593e+08	1.50569e+08	1.80213e+08	1.47468e+08	1.28328e+08	2.75005e+08	2.67234e+08	2.67009e+08	1.5368e+08	2.39869e+08	2.18807e+08	2.08875e+08	1.81995e+08	2.25152e+08	2.24613e+08	1.94789e+08	2.26121e+08	1.79079e+08	1.93452e+08	1.65882e+08	1.74716e+08	1.93101e+08	1.87424e+08
ERR626870	2.22904e+08	2.19925e+08	2.18788e+08	2.22439e+08	2.01408e+08	2.22154e+08	1.38925e+08	1.11282e+08	1.25408e+08	1.06258e+08	1.32737e+08	1.37176e+08	1.52234e+08	1.52614e+08	2.01334e+08	2.14826e+08	1.44547e+08	2.31822e+08	3.11746e+08	2.81484e+08	2.53118e+08	2.79467e+08	2.56459e+08	2.00718e+08	2.50573e+08	2.39094e+08	2.19454e+08	2.36871e+08	2.19279e+08	2.31441e+08	2.0352e+08	2.06144e+08	2.11027e+08	2.12639e+08	1.86307e+08	2.03214e+08	1.82069e+08	1.96385e+08	1.89953e+08	1.7665e+08	1.97017e+08	1.6742e+08	1.59591e+08	2.09888e+08	2.06874e+08	1.82165e+08	1.8505e+08	1.82626e+08	1.66743e+08	1.63638e+08	1.64224e+08	1.70406e+08	1.68546e+08	1.51925e+08	1.8231e+08	1.85951e+08	1.82116e+08	1.80694e+08	1.83282e+08	2.12318e+08	1.33666e+08	1.35391e+08	1.43494e+08	1.34675e+08	1.26776e+08	1.33104e+08	1.27192e+08	1.29452e+08	1.50362e+08	1.49808e+08	1.26589e+08	1.49722e+08	1.06073e+08	1.11682e+08	1.06821e+08	1.27955e+08	1.04567e+08	9.08328e+07	1.94474e+08	1.89148e+08	1.89056e+08	1.08196e+08	1.69596e+08	1.54589e+08	1.46723e+08	1.28018e+08	1.58375e+08	1.58028e+08	1.36847e+08	1.59204e+08	1.26778e+08	1.37049e+08	1.17246e+08	1.23747e+08	1.367e+08	1.32633e+08
ERR626867	3.14345e+08	3.10157e+08	3.07946e+08	3.13591e+08	2.83449e+08	3.13279e+08	1.99467e+08	1.5984e+08	1.80324e+08	1.52537e+08	1.90604e+08	1.96864e+08	2.12619e+08	2.13173e+08	2.8222e+08	3.01202e+08	2.01839e+08	3.24791e+08	2.81484e+08	5.4973e+08	3.54778e+08	3.90916e+08	3.59447e+08	2.77454e+08	3.52432e+08	3.36049e+08	3.06999e+08	3.31776e+08	3.06737e+08	3.25416e+08	2.85914e+08	2.89745e+08	2.9673e+08	2.99195e+08	2.61397e+08	2.85027e+08	2.55063e+08	2.74884e+08	2.66589e+08	2.46945e+08	2.75863e+08	2.33895e+08	2.23273e+08	2.94554e+08	2.89983e+08	2.54255e+08	2.59004e+08	2.55133e+08	2.37358e+08	2.32919e+08	2.34215e+08	2.42843e+08	2.4065e+08	2.17031e+08	2.57259e+08	2.62321e+08	2.56882e+08	2.54343e+08	2.58573e+08	2.99809e+08	1.91327e+08	1.93783e+08	2.0562e+08	1.93063e+08	1.81643e+08	1.90444e+08	1.81338e+08	1.84584e+08	2.1492e+08	2.14018e+08	1.80612e+08	2.14103e+08	1.50743e+08	1.58867e+08	1.51726e+08	1.82018e+08	1.4865e+08	1.29586e+08	2.7642e+08	2.68373e+08	2.6829e+08	1.54124e+08	2.40306e+08	2.19341e+08	2.11062e+08	1.83535e+08	2.2728e+08	2.26566e+08	1.96507e+08	2.28341e+08	1.80309e+08	1.94577e+08	1.66395e+08	1.75617e+08	1.94043e+08	1.88925e+08
ERR626868	2.81803e+08	2.78361e+08	2.7634e+08	2.81405e+08	2.54509e+08	2.80924e+08	1.78102e+08	1.42756e+08	1.61127e+08	1.36163e+08	1.70173e+08	1.75609e+08	1.91034e+08	1.91672e+08	2.53055e+08	2.70131e+08	1.81544e+08	2.90984e+08	2.53118e+08	3.54778e+08	4.56608e+08	3.51183e+08	3.22941e+08	2.49621e+08	3.16455e+08	3.01795e+08	2.75718e+08	2.97825e+08	2.7546e+08	2.92389e+08	2.57038e+08	2.60551e+08	2.66776e+08	2.68921e+08	2.34941e+08	2.56196e+08	2.28975e+08	2.46538e+08	2.39282e+08	2.21447e+08	2.473e+08	2.09795e+08	2.012e+08	2.64549e+08	2.60409e+08	2.28397e+08	2.32883e+08	2.29392e+08	2.12081e+08	2.08201e+08	2.09182e+08	2.16934e+08	2.15024e+08	1.94134e+08	2.30572e+08	2.34953e+08	2.30067e+08	2.27809e+08	2.31648e+08	2.68498e+08	1.70971e+08	1.73152e+08	1.83607e+08	1.72575e+08	1.62471e+08	1.70253e+08	1.62024e+08	1.64997e+08	1.92211e+08	1.91517e+08	1.61265e+08	1.91293e+08	1.34413e+08	1.41789e+08	1.35296e+08	1.62378e+08	1.32608e+08	1.15803e+08	2.46569e+08	2.39545e+08	2.39461e+08	1.37949e+08	2.14574e+08	1.95736e+08	1.88583e+08	1.63992e+08	2.02997e+08	2.02363e+08	1.75516e+08	2.03976e+08	1.61074e+08	1.73715e+08	1.48551e+08	1.56743e+08	1.73154e+08	1.68797e+08
ERR626872	3.11546e+08	3.07478e+08	3.05517e+08	3.10929e+08	2.81033e+08	3.10585e+08	1.97454e+08	1.58241e+08	1.78623e+08	1.50958e+08	1.8867e+08	1.94792e+08	2.11033e+08	2.11604e+08	2.79889e+08	2.98675e+08	2.00517e+08	3.22234e+08	2.79467e+08	3.90916e+08	3.51183e+08	5.41413e+08	3.55827e+08	2.75445e+08	3.50165e+08	3.33705e+08	3.0499e+08	3.29505e+08	3.04754e+08	3.23143e+08	2.83789e+08	2.87672e+08	2.94705e+08	2.96998e+08	2.59416e+08	2.83029e+08	2.53384e+08	2.73091e+08	2.64772e+08	2.45233e+08	2.73868e+08	2.32325e+08	2.21739e+08	2.92282e+08	2.87903e+08	2.52418e+08	2.5715e+08	2.53313e+08	2.35344e+08	2.30996e+08	2.32121e+08	2.40742e+08	2.38505e+08	2.15088e+08	2.5539e+08	2.60317e+08	2.54926e+08	2.52572e+08	2.56637e+08	2.97703e+08	1.89363e+08	1.9173e+08	2.03328e+08	1.91004e+08	1.79873e+08	1.88406e+08	1.79565e+08	1.82853e+08	2.12852e+08	2.12011e+08	1.78909e+08	2.12e+08	1.49266e+08	1.57417e+08	1.50231e+08	1.80295e+08	1.47195e+08	1.28321e+08	2.73747e+08	2.65895e+08	2.65655e+08	1.52889e+08	2.38145e+08	2.17207e+08	2.08885e+08	1.81656e+08	2.25053e+08	2.24284e+08	1.94492e+08	2.2607e+08	1.78789e+08	1.92919e+08	1.64904e+08	1.741e+08	1.9234e+08	1.8718e+08
ERR626869	2.85256e+08	2.81667e+08	2.7982e+08	2.84821e+08	2.57618e+08	2.84387e+08	1.80368e+08	1.44696e+08	1.63226e+08	1.37898e+08	1.72253e+08	1.77878e+08	1.9363e+08	1.94008e+08	2.56464e+08	2.7363e+08	1.83942e+08	2.95069e+08	2.56459e+08	3.59447e+08	3.22941e+08	3.55827e+08	4.66892e+08	2.52878e+08	3.20461e+08	3.0571e+08	2.79525e+08	3.01788e+08	2.7914e+08	2.96082e+08	2.60183e+08	2.63688e+08	2.70045e+08	2.7233e+08	2.37931e+08	2.59557e+08	2.32109e+08	2.50114e+08	2.42652e+08	2.24462e+08	2.50691e+08	2.12805e+08	2.03417e+08	2.67912e+08	2.63802e+08	2.31465e+08	2.35746e+08	2.32204e+08	2.14931e+08	2.11086e+08	2.12061e+08	2.19929e+08	2.17773e+08	1.96632e+08	2.33555e+08	2.38171e+08	2.33264e+08	2.30983e+08	2.34767e+08	2.72276e+08	1.73129e+08	1.7529e+08	1.8575e+08	1.74663e+08	1.64424e+08	1.72323e+08	1.64193e+08	1.67168e+08	1.94586e+08	1.93878e+08	1.63487e+08	1.93911e+08	1.36413e+08	1.43795e+08	1.37325e+08	1.64784e+08	1.34549e+08	1.17272e+08	2.50183e+08	2.4311e+08	2.42958e+08	1.39776e+08	2.17716e+08	1.98614e+08	1.90902e+08	1.66065e+08	2.05561e+08	2.04974e+08	1.77691e+08	2.06648e+08	1.63381e+08	1.76387e+08	1.5082e+08	1.59072e+08	1.75921e+08	1.71054e+08
ERR626871	2.19758e+08	2.16818e+08	2.15826e+08	2.19238e+08	1.98575e+08	2.19155e+08	1.36869e+08	1.09641e+08	1.23452e+08	1.04648e+08	1.30806e+08	1.3506e+08	1.50293e+08	1.50627e+08	1.98595e+08	2.11791e+08	1.4265e+08	2.28528e+08	2.00718e+08	2.77454e+08	2.49621e+08	2.75445e+08	2.52878e+08	3.04251e+08	2.47029e+08	2.35639e+08	2.16365e+08	2.334e+08	2.16139e+08	2.28251e+08	2.00867e+08	2.03404e+08	2.08221e+08	2.09873e+08	1.83926e+08	2.00575e+08	1.79654e+08	1.93612e+08	1.87332e+08	1.74098e+08	1.94158e+08	1.65055e+08	1.57557e+08	2.07214e+08	2.04179e+08	1.7969e+08	1.8258e+08	1.804e+08	1.64172e+08	1.6108e+08	1.6167e+08	1.67795e+08	1.66032e+08	1.49707e+08	1.79909e+08	1.83474e+08	1.79698e+08	1.78138e+08	1.80694e+08	2.09383e+08	1.31627e+08	1.33223e+08	1.41251e+08	1.32656e+08	1.24869e+08	1.30967e+08	1.2522e+08	1.27547e+08	1.48149e+08	1.47533e+08	1.24738e+08	1.47462e+08	1.04364e+08	1.09924e+08	1.05109e+08	1.25965e+08	1.02914e+08	8.93557e+07	1.91776e+08	1.86369e+08	1.86218e+08	1.06729e+08	1.67101e+08	1.52242e+08	1.44553e+08	1.26015e+08	1.5592e+08	1.55634e+08	1.34749e+08	1.56776e+08	1.24791e+08	1.34953e+08	1.15337e+08	1.21852e+08	1.34617e+08	1.3068e+08
ERR618633	3.35815e+08	3.32185e+08	3.2911e+08	3.35676e+08	3.03404e+08	3.35017e+08	2.04914e+08	1.64303e+08	1.85638e+08	1.56588e+08	1.956e+08	2.01933e+08	2.26368e+08	2.27098e+08	2.99293e+08	3.19282e+08	2.15342e+08	3.44146e+08	2.50573e+08	3.52432e+08	3.16455e+08	3.50165e+08	3.20461e+08	2.47029e+08	5.6579e+08	3.86587e+08	3.52016e+08	3.80341e+08	3.51183e+08	3.7435e+08	2.89522e+08	2.93772e+08	3.00895e+08	3.03064e+08	2.64681e+08	2.88224e+08	2.71177e+08	2.91648e+08	2.83703e+08	2.61804e+08	2.92731e+08	2.47908e+08	2.37814e+08	3.13367e+08	3.08399e+08	2.70389e+08	2.75449e+08	2.71088e+08	2.44732e+08	2.4049e+08	2.41976e+08	2.50714e+08	2.4864e+08	2.24645e+08	2.71171e+08	2.76189e+08	2.70505e+08	2.67787e+08	2.72274e+08	3.15092e+08	1.94969e+08	1.97717e+08	2.09641e+08	1.97071e+08	1.85491e+08	1.94221e+08	1.85921e+08	1.89366e+08	2.2112e+08	2.20163e+08	1.85183e+08	2.20033e+08	1.55592e+08	1.64274e+08	1.56517e+08	1.88033e+08	1.53377e+08	1.34194e+08	2.82977e+08	2.74929e+08	2.74843e+08	1.58629e+08	2.46324e+08	2.24774e+08	2.18485e+08	1.89691e+08	2.34636e+08	2.33748e+08	2.03126e+08	2.35792e+08	1.8596e+08	2.0057e+08	1.71624e+08	1.81132e+08	2.0002e+08	1.95066e+08
ERR618635	3.20496e+08	3.17167e+08	3.14231e+08	3.20225e+08	2.89765e+08	3.19627e+08	1.94734e+08	1.56145e+08	1.76431e+08	1.48771e+08	1.85861e+08	1.91909e+08	2.16248e+08	2.16935e+08	2.85598e+08	3.04503e+08	2.05732e+08	3.27846e+08	2.39094e+08	3.36049e+08	3.01795e+08	3.33705e+08	3.0571e+08	2.35639e+08	3.86587e+08	5.21152e+08	3.35791e+08	3.62812e+08	3.35067e+08	3.57046e+08	2.76574e+08	2.80766e+08	2.87324e+08	2.89473e+08	2.52914e+08	2.75162e+08	2.58912e+08	2.78402e+08	2.70679e+08	2.49841e+08	2.79225e+08	2.3668e+08	2.27441e+08	2.99197e+08	2.94467e+08	2.58307e+08	2.63162e+08	2.58986e+08	2.32669e+08	2.28609e+08	2.29899e+08	2.38349e+08	2.36227e+08	2.13622e+08	2.58527e+08	2.63135e+08	2.57976e+08	2.55102e+08	2.59629e+08	3.0013e+08	1.85237e+08	1.87838e+08	1.99023e+08	1.87092e+08	1.76206e+08	1.84383e+08	1.76572e+08	1.79752e+08	2.09974e+08	2.09061e+08	1.75789e+08	2.09011e+08	1.47755e+08	1.56101e+08	1.48843e+08	1.78544e+08	1.45723e+08	1.27474e+08	2.68724e+08	2.61226e+08	2.61008e+08	1.50874e+08	2.33884e+08	2.13595e+08	2.07825e+08	1.80185e+08	2.23078e+08	2.22345e+08	1.92954e+08	2.24056e+08	1.76863e+08	1.905e+08	1.63049e+08	1.72133e+08	1.9012e+08	1.8533e+08
ERR618638	2.91538e+08	2.87998e+08	2.8598e+08	2.9131e+08	2.63501e+08	2.90818e+08	1.75319e+08	1.40442e+08	1.58415e+08	1.33951e+08	1.67383e+08	1.72906e+08	1.98159e+08	1.98553e+08	2.61437e+08	2.78809e+08	1.88138e+08	3.00743e+08	2.19454e+08	3.06999e+08	2.75718e+08	3.0499e+08	2.79525e+08	2.16365e+08	3.52016e+08	3.35791e+08	4.46398e+08	3.33111e+08	3.0799e+08	3.24958e+08	2.51383e+08	2.54969e+08	2.61045e+08	2.63005e+08	2.30152e+08	2.50456e+08	2.37154e+08	2.55341e+08	2.47652e+08	2.292e+08	2.56278e+08	2.17353e+08	2.07812e+08	2.73917e+08	2.69563e+08	2.37056e+08	2.41046e+08	2.37687e+08	2.10818e+08	2.0713e+08	2.07913e+08	2.15844e+08	2.13632e+08	1.9279e+08	2.35704e+08	2.40047e+08	2.35248e+08	2.3312e+08	2.36783e+08	2.7385e+08	1.67379e+08	1.69642e+08	1.79705e+08	1.68803e+08	1.58934e+08	1.66561e+08	1.59989e+08	1.62905e+08	1.89711e+08	1.88982e+08	1.59267e+08	1.88856e+08	1.34497e+08	1.41738e+08	1.35351e+08	1.62364e+08	1.32686e+08	1.15476e+08	2.4456e+08	2.37729e+08	2.37627e+08	1.36561e+08	2.13135e+08	1.9435e+08	1.86638e+08	1.62231e+08	2.00845e+08	2.00326e+08	1.73712e+08	2.01969e+08	1.60701e+08	1.73456e+08	1.48601e+08	1.56715e+08	1.73147e+08	1.68225e+08
ERR618636	3.15649e+08	3.1181e+08	3.0942e+08	3.15334e+08	2.85153e+08	3.14767e+08	1.9059e+08	1.52805e+08	1.72434e+08	1.45682e+08	1.82196e+08	1.88062e+08	2.13601e+08	2.14122e+08	2.82074e+08	3.00839e+08	2.02831e+08	3.24735e+08	2.36871e+08	3.31776e+08	2.97825e+08	3.29505e+08	3.01788e+08	2.334e+08	3.80341e+08	3.62812e+08	3.33111e+08	5.09546e+08	3.32283e+08	3.5096e+08	2.71732e+08	2.75828e+08	2.82295e+08	2.84523e+08	2.48711e+08	2.70837e+08	2.55731e+08	2.75448e+08	2.67175e+08	2.47101e+08	2.76257e+08	2.34225e+08	2.23977e+08	2.95608e+08	2.90939e+08	2.55537e+08	2.59893e+08	2.56185e+08	2.28873e+08	2.24806e+08	2.25866e+08	2.34351e+08	2.3212e+08	2.09499e+08	2.55335e+08	2.59977e+08	2.54695e+08	2.52179e+08	2.56127e+08	2.96411e+08	1.82095e+08	1.84301e+08	1.95397e+08	1.83519e+08	1.72919e+08	1.8111e+08	1.73832e+08	1.77056e+08	2.06247e+08	2.05448e+08	1.7302e+08	2.05274e+08	1.45963e+08	1.53962e+08	1.46884e+08	1.7636e+08	1.44038e+08	1.25475e+08	2.6568e+08	2.58229e+08	2.58063e+08	1.4854e+08	2.31461e+08	2.11064e+08	2.03156e+08	1.76524e+08	2.18619e+08	2.17954e+08	1.88965e+08	2.19536e+08	1.74298e+08	1.88179e+08	1.61122e+08	1.6998e+08	1.87741e+08	1.82619e+08
ERR618637	2.91338e+08	2.87587e+08	2.8565e+08	2.91092e+08	2.63196e+08	2.90558e+08	1.75178e+08	1.40424e+08	1.58335e+08	1.33912e+08	1.67327e+08	1.72795e+08	1.97758e+08	1.98303e+08	2.61068e+08	2.78242e+08	1.87887e+08	3.00053e+08	2.19279e+08	3.06737e+08	2.7546e+08	3.04754e+08	2.7914e+08	2.16139e+08	3.51183e+08	3.35067e+08	3.0799e+08	3.32283e+08	4.44909e+08	3.24104e+08	2.5121e+08	2.54744e+08	2.60922e+08	2.62819e+08	2.30003e+08	2.50606e+08	2.36763e+08	2.55128e+08	2.47173e+08	2.28934e+08	2.55804e+08	2.17011e+08	2.07346e+08	2.73225e+08	2.69247e+08	2.36584e+08	2.40514e+08	2.37155e+08	2.10629e+08	2.0677e+08	2.0762e+08	2.15525e+08	2.13478e+08	1.92662e+08	2.35287e+08	2.39518e+08	2.34743e+08	2.32572e+08	2.36217e+08	2.73175e+08	1.67157e+08	1.69406e+08	1.79518e+08	1.6857e+08	1.58751e+08	1.66419e+08	1.59871e+08	1.62647e+08	1.89635e+08	1.88814e+08	1.59212e+08	1.88736e+08	1.34399e+08	1.41678e+08	1.35287e+08	1.62251e+08	1.32607e+08	1.15301e+08	2.44324e+08	2.3758e+08	2.37392e+08	1.3646e+08	2.13029e+08	1.94183e+08	1.86566e+08	1.62178e+08	2.00727e+08	2.00124e+08	1.73512e+08	2.01654e+08	1.6051e+08	1.73365e+08	1.4844e+08	1.56677e+08	1.72995e+08	1.68099e+08
ERR618634	3.10612e+08	3.0738e+08	3.04359e+08	3.10302e+08	2.80783e+08	3.09931e+08	1.88293e+08	1.51157e+08	1.70809e+08	1.4399e+08	1.79799e+08	1.85619e+08	2.09639e+08	2.10234e+08	2.76928e+08	2.95211e+08	1.99541e+08	3.17381e+08	2.31441e+08	3.25416e+08	2.92389e+08	3.23143e+08	2.96082e+08	2.28251e+08	3.7435e+08	3.57046e+08	3.24958e+08	3.5096e+08	3.24104e+08	4.93234e+08	2.68091e+08	2.72251e+08	2.78695e+08	2.8081e+08	2.45313e+08	2.66818e+08	2.50629e+08	2.69373e+08	2.62055e+08	2.41776e+08	2.70165e+08	2.29215e+08	2.20675e+08	2.89697e+08	2.85191e+08	2.50058e+08	2.54944e+08	2.50748e+08	2.2485e+08	2.20886e+08	2.22168e+08	2.30412e+08	2.283e+08	2.06668e+08	2.50065e+08	2.54538e+08	2.49434e+08	2.46621e+08	2.51118e+08	2.90146e+08	1.7917e+08	1.81625e+08	1.92651e+08	1.80995e+08	1.70482e+08	1.78258e+08	1.70773e+08	1.73965e+08	2.0311e+08	2.02358e+08	1.69982e+08	2.0224e+08	1.42592e+08	1.50753e+08	1.43453e+08	1.7231e+08	1.40771e+08	1.23335e+08	2.59526e+08	2.5217e+08	2.5196e+08	1.46041e+08	2.25812e+08	2.06299e+08	2.01056e+08	1.74169e+08	2.1582e+08	2.14836e+08	1.86724e+08	2.16691e+08	1.70774e+08	1.83912e+08	1.57408e+08	1.66121e+08	1.83416e+08	1.79028e+08
ERR636777	2.59103e+08	2.56499e+08	2.53983e+08	2.58713e+08	2.34565e+08	2.58315e+08	1.60152e+08	1.28629e+08	1.45408e+08	1.22443e+08	1.52944e+08	1.57762e+08	1.78012e+08	1.78569e+08	2.35031e+08	2.50545e+08	1.69341e+08	2.69223e+08	2.0352e+08	2.85914e+08	2.57038e+08	2.83789e+08	2.60183e+08	2.00867e+08	2.89522e+08	2.76574e+08	2.51383e+08	2.71732e+08	2.5121e+08	2.68091e+08	3.97773e+08	2.75015e+08	2.81591e+08	2.83649e+08	2.48765e+08	2.70297e+08	2.11687e+08	2.27356e+08	2.21826e+08	2.04233e+08	2.28111e+08	1.93528e+08	1.89935e+08	2.47684e+08	2.44099e+08	2.13742e+08	2.18652e+08	2.1463e+08	1.90752e+08	1.87474e+08	1.88923e+08	1.95494e+08	1.9401e+08	1.75626e+08	2.10184e+08	2.13891e+08	2.09557e+08	2.06797e+08	2.1098e+08	2.44442e+08	1.52956e+08	1.55131e+08	1.6472e+08	1.54796e+08	1.45793e+08	1.52415e+08	1.4455e+08	1.47234e+08	1.7207e+08	1.71453e+08	1.43854e+08	1.71342e+08	1.19939e+08	1.26758e+08	1.20748e+08	1.45079e+08	1.18222e+08	1.04038e+08	2.196e+08	2.1335e+08	2.13178e+08	1.24083e+08	1.90819e+08	1.74696e+08	1.71327e+08	1.48326e+08	1.83654e+08	1.82982e+08	1.5908e+08	1.84528e+08	1.43975e+08	1.55016e+08	1.32649e+08	1.39876e+08	1.54536e+08	1.51184e+08
ERR636779	2.6283e+08	2.60257e+08	2.57685e+08	2.62509e+08	2.37926e+08	2.62074e+08	1.62723e+08	1.30665e+08	1.47864e+08	1.24413e+08	1.55353e+08	1.60352e+08	1.80494e+08	1.81129e+08	2.38282e+08	2.54267e+08	1.71857e+08	2.72933e+08	2.06144e+08	2.89745e+08	2.60551e+08	2.87672e+08	2.63688e+08	2.03404e+08	2.93772e+08	2.80766e+08	2.54969e+08	2.75828e+08	2.54744e+08	2.72251e+08	2.75015e+08	4.07066e+08	2.86542e+08	2.88535e+08	2.5151e+08	2.73354e+08	2.14969e+08	2.30738e+08	2.25205e+08	2.07291e+08	2.31379e+08	1.96426e+08	1.92504e+08	2.51445e+08	2.47594e+08	2.16685e+08	2.21719e+08	2.17609e+08	1.9387e+08	1.90501e+08	1.91852e+08	1.98765e+08	1.97133e+08	1.7846e+08	2.13205e+08	2.17087e+08	2.12748e+08	2.09736e+08	2.14106e+08	2.47979e+08	1.554e+08	1.57506e+08	1.6699e+08	1.5709e+08	1.47958e+08	1.54665e+08	1.46699e+08	1.4946e+08	1.7469e+08	1.73974e+08	1.45984e+08	1.74024e+08	1.21802e+08	1.28677e+08	1.22603e+08	1.47295e+08	1.1994e+08	1.05579e+08	2.22574e+08	2.16161e+08	2.15943e+08	1.25911e+08	1.93331e+08	1.77018e+08	1.74166e+08	1.50745e+08	1.86597e+08	1.85866e+08	1.61632e+08	1.87346e+08	1.46202e+08	1.57283e+08	1.34534e+08	1.41985e+08	1.56922e+08	1.53624e+08
ERR636780	2.69204e+08	2.66532e+08	2.6396e+08	2.68853e+08	2.43731e+08	2.68395e+08	1.67051e+08	1.34077e+08	1.51609e+08	1.27624e+08	1.59471e+08	1.64467e+08	1.84792e+08	1.85413e+08	2.44044e+08	2.60343e+08	1.75878e+08	2.79591e+08	2.11027e+08	2.9673e+08	2.66776e+08	2.94705e+08	2.70045e+08	2.08221e+08	3.00895e+08	2.87324e+08	2.61045e+08	2.82295e+08	2.60922e+08	2.78695e+08	2.81591e+08	2.86542e+08	4.24063e+08	2.95556e+08	2.57562e+08	2.79844e+08	2.19886e+08	2.36146e+08	2.30405e+08	2.1218e+08	2.36781e+08	2.00974e+08	1.97174e+08	2.57497e+08	2.53701e+08	2.21777e+08	2.27089e+08	2.22917e+08	1.9891e+08	1.95447e+08	1.96821e+08	2.03937e+08	2.02315e+08	1.83047e+08	2.18561e+08	2.22583e+08	2.18056e+08	2.15069e+08	2.19482e+08	2.54422e+08	1.5939e+08	1.61732e+08	1.71635e+08	1.61261e+08	1.51888e+08	1.58821e+08	1.50555e+08	1.53448e+08	1.79389e+08	1.78587e+08	1.49884e+08	1.78613e+08	1.2512e+08	1.32218e+08	1.2581e+08	1.51317e+08	1.23271e+08	1.08338e+08	2.2863e+08	2.22022e+08	2.21849e+08	1.29337e+08	1.98751e+08	1.81841e+08	1.78716e+08	1.54656e+08	1.91446e+08	1.9075e+08	1.65874e+08	1.92197e+08	1.50099e+08	1.61625e+08	1.3822e+08	1.45821e+08	1.61127e+08	1.57641e+08
