	ERR608806	ERR608810	ERR608807	ERR608808	ERR608809	ERR608805	ERR607785	ERR607781	ERR607783	ERR607784	ERR607786	ERR607782	ERR605534	ERR605535	ERR605538	ERR605536	ERR605533	ERR605537	ERR622146	ERR622144	ERR622143	ERR622148	ERR622147	ERR622145	ERR617660	ERR617657	ERR617656	ERR617659	ERR617658	ERR617655	ERR636774	ERR636771	ERR636770	ERR636772	ERR636769	ERR636773	ERR636646	ERR636648	ERR636643	ERR636645	ERR636647	ERR636644	ERR613356	ERR613354	ERR613355	ERR613353	ERR613358	ERR613357	ERR612283	ERR612284	ERR612281	ERR612282	ERR612286	ERR612285	ERR626749	ERR626748	ERR626752	ERR626751	ERR626747	ERR626750	ERR616770	ERR616773	ERR616771	ERR616774	ERR616772	ERR616769	ERR626488	ERR626491	ERR626489	ERR626486	ERR626487	ERR626490	ERR616833	ERR616831	ERR616832	ERR616829	ERR616830	ERR616834	ERR616623	ERR616624	ERR616622	ERR616627	ERR616625	ERR616626	ERR611351	ERR611350	ERR611352	ERR611348	ERR611349	ERR611347	ERR612966	ERR612964	ERR612967	ERR612968	ERR612963	ERR612965
ERR608806	5.70135e+08	2.87347e+08	4.10269e+08	2.89575e+08	2.94852e+08	3.8862e+08	3.28939e+08	3.32373e+08	3.34049e+08	2.64478e+08	3.32427e+08	2.75961e+08	2.35582e+08	2.21705e+08	2.35367e+08	2.35765e+08	2.52053e+08	2.39832e+08	2.38809e+08	2.90556e+08	2.23312e+08	2.30759e+08	2.35089e+08	3.13638e+08	3.55679e+08	2.47819e+08	1.6e+08	3.62721e+08	3.64204e+08	3.54544e+08	3.39047e+08	3.35173e+08	3.33008e+08	3.38804e+08	3.06625e+08	3.38379e+08	2.77702e+08	3.20875e+08	3.21493e+08	2.42346e+08	2.77776e+08	2.87636e+08	2.47776e+08	2.59377e+08	2.87224e+08	3.17389e+08	1.99887e+08	2.55286e+08	1.88462e+08	2.52991e+08	2.3348e+08	1.91641e+08	2.6484e+08	2.46988e+08	2.44738e+08	2.41669e+08	2.32347e+08	2.35782e+08	2.55164e+08	2.34432e+08	2.31864e+08	2.0957e+08	2.47618e+08	2.06206e+08	2.1016e+08	2.12811e+08	1.97985e+08	1.98777e+08	1.526e+08	1.96685e+08	1.58535e+08	1.94971e+08	1.88638e+08	2.41447e+08	1.86083e+08	2.20773e+08	2.1868e+08	1.90032e+08	2.03654e+08	1.84359e+08	1.97253e+08	2.43866e+08	2.44547e+08	2.43335e+08	2.6059e+08	2.37829e+08	2.60884e+08	2.37376e+08	2.55769e+08	2.45732e+08	2.0898e+08	1.77069e+08	2.00703e+08	2.05333e+08	2.70557e+08	2.44139e+08
ERR608810	2.87347e+08	3.1416e+08	2.87695e+08	2.07117e+08	2.10693e+08	2.7303e+08	2.31742e+08	2.34131e+08	2.35362e+08	1.87875e+08	2.34309e+08	1.95529e+08	1.65641e+08	1.56196e+08	1.65775e+08	1.66075e+08	1.77277e+08	1.6893e+08	1.6854e+08	2.04327e+08	1.57572e+08	1.62903e+08	1.65941e+08	2.20188e+08	2.48816e+08	1.74841e+08	1.13446e+08	2.53761e+08	2.54918e+08	2.48467e+08	2.38676e+08	2.35887e+08	2.34397e+08	2.38583e+08	2.16582e+08	2.38096e+08	1.94019e+08	2.23465e+08	2.23724e+08	1.69591e+08	1.94038e+08	2.00566e+08	1.74606e+08	1.82479e+08	2.01689e+08	2.22658e+08	1.41237e+08	1.79805e+08	1.29608e+08	1.72689e+08	1.60434e+08	1.31713e+08	1.80596e+08	1.68432e+08	1.66132e+08	1.63938e+08	1.57817e+08	1.60155e+08	1.73126e+08	1.59207e+08	1.57459e+08	1.42306e+08	1.68251e+08	1.40118e+08	1.42699e+08	1.44395e+08	1.34583e+08	1.3526e+08	1.03893e+08	1.33857e+08	1.07983e+08	1.32642e+08	1.28011e+08	1.63787e+08	1.26195e+08	1.49659e+08	1.4835e+08	1.28922e+08	1.41917e+08	1.28621e+08	1.37535e+08	1.69831e+08	1.70345e+08	1.6955e+08	1.80769e+08	1.6506e+08	1.80744e+08	1.64956e+08	1.77464e+08	1.70719e+08	1.42094e+08	1.20389e+08	1.36497e+08	1.39747e+08	1.83752e+08	1.65949e+08
ERR608807	4.10269e+08	2.87695e+08	5.72139e+08	2.90016e+08	2.95276e+08	3.89448e+08	3.29856e+08	3.33266e+08	3.34937e+08	2.65275e+08	3.33529e+08	2.76749e+08	2.35933e+08	2.22349e+08	2.35731e+08	2.36131e+08	2.52431e+08	2.40215e+08	2.39594e+08	2.91845e+08	2.24853e+08	2.31801e+08	2.36003e+08	3.14798e+08	3.57036e+08	2.48579e+08	1.60803e+08	3.64141e+08	3.6564e+08	3.55143e+08	3.40152e+08	3.36298e+08	3.33956e+08	3.4008e+08	3.0771e+08	3.3946e+08	2.78178e+08	3.21591e+08	3.22143e+08	2.43321e+08	2.78194e+08	2.88311e+08	2.48385e+08	2.60452e+08	2.88169e+08	3.18409e+08	2.0079e+08	2.55775e+08	1.87188e+08	2.5277e+08	2.31597e+08	1.9032e+08	2.64513e+08	2.46751e+08	2.45859e+08	2.43013e+08	2.3344e+08	2.36898e+08	2.56397e+08	2.35416e+08	2.33323e+08	2.11433e+08	2.49216e+08	2.07916e+08	2.11766e+08	2.14464e+08	1.98756e+08	1.99911e+08	1.53477e+08	1.97507e+08	1.59478e+08	1.95945e+08	1.90096e+08	2.42862e+08	1.87651e+08	2.22273e+08	2.19935e+08	1.91637e+08	2.04281e+08	1.85006e+08	1.98025e+08	2.44994e+08	2.45644e+08	2.4452e+08	2.6166e+08	2.39299e+08	2.61849e+08	2.38199e+08	2.56426e+08	2.4654e+08	2.09881e+08	1.78045e+08	2.01584e+08	2.062e+08	2.71761e+08	2.45448e+08
ERR608808	2.89575e+08	2.07117e+08	2.90016e+08	3.18427e+08	2.12478e+08	2.75331e+08	2.33471e+08	2.3604e+08	2.37231e+08	1.89438e+08	2.36151e+08	1.97187e+08	1.66794e+08	1.57403e+08	1.66925e+08	1.67189e+08	1.78511e+08	1.70048e+08	1.69953e+08	2.0602e+08	1.58805e+08	1.64333e+08	1.67358e+08	2.22058e+08	2.50662e+08	1.76156e+08	1.14142e+08	2.55594e+08	2.56813e+08	2.50224e+08	2.40604e+08	2.37723e+08	2.36303e+08	2.403e+08	2.1836e+08	2.39951e+08	1.95485e+08	2.25031e+08	2.25409e+08	1.70627e+08	1.95409e+08	2.01986e+08	1.75976e+08	1.83764e+08	2.03128e+08	2.24389e+08	1.42186e+08	1.81119e+08	1.30934e+08	1.74156e+08	1.62133e+08	1.33034e+08	1.82091e+08	1.69841e+08	1.67351e+08	1.65109e+08	1.5911e+08	1.61375e+08	1.74323e+08	1.60406e+08	1.58545e+08	1.43304e+08	1.69429e+08	1.41113e+08	1.4369e+08	1.45407e+08	1.35683e+08	1.36214e+08	1.04633e+08	1.34875e+08	1.08622e+08	1.33652e+08	1.28832e+08	1.65022e+08	1.27127e+08	1.50661e+08	1.49356e+08	1.2983e+08	1.43022e+08	1.29705e+08	1.38663e+08	1.71294e+08	1.71807e+08	1.70886e+08	1.82142e+08	1.66379e+08	1.8225e+08	1.66435e+08	1.78882e+08	1.72168e+08	1.43244e+08	1.21277e+08	1.37474e+08	1.40732e+08	1.85248e+08	1.67033e+08
ERR608809	2.94852e+08	2.10693e+08	2.95276e+08	2.12478e+08	3.27697e+08	2.8018e+08	2.37759e+08	2.40346e+08	2.41354e+08	1.92838e+08	2.40282e+08	2.00624e+08	1.69727e+08	1.60152e+08	1.69864e+08	1.70081e+08	1.81666e+08	1.73177e+08	1.72826e+08	2.09546e+08	1.61535e+08	1.67053e+08	1.70162e+08	2.25897e+08	2.55343e+08	1.79171e+08	1.16227e+08	2.60391e+08	2.61543e+08	2.54644e+08	2.44958e+08	2.42011e+08	2.40664e+08	2.44705e+08	2.22103e+08	2.44435e+08	1.98859e+08	2.2903e+08	2.29319e+08	1.73596e+08	1.98963e+08	2.05547e+08	1.78996e+08	1.86962e+08	2.06784e+08	2.28252e+08	1.44771e+08	1.84285e+08	1.33074e+08	1.77308e+08	1.64662e+08	1.35191e+08	1.85407e+08	1.72919e+08	1.70681e+08	1.68334e+08	1.62153e+08	1.64565e+08	1.77745e+08	1.63532e+08	1.61716e+08	1.46206e+08	1.7282e+08	1.43876e+08	1.46487e+08	1.48338e+08	1.38386e+08	1.38969e+08	1.0667e+08	1.37439e+08	1.10858e+08	1.36273e+08	1.31458e+08	1.68112e+08	1.29621e+08	1.5367e+08	1.5234e+08	1.32453e+08	1.45627e+08	1.32106e+08	1.41206e+08	1.74392e+08	1.75085e+08	1.74102e+08	1.85648e+08	1.69543e+08	1.85622e+08	1.69551e+08	1.82252e+08	1.75374e+08	1.46095e+08	1.23622e+08	1.40147e+08	1.43501e+08	1.88838e+08	1.70428e+08
ERR608805	3.8862e+08	2.7303e+08	3.89448e+08	2.75331e+08	2.8018e+08	5.20347e+08	3.12478e+08	3.15741e+08	3.17478e+08	2.51819e+08	3.15895e+08	2.62745e+08	2.23529e+08	2.105e+08	2.23217e+08	2.23604e+08	2.39149e+08	2.27472e+08	2.27067e+08	2.76404e+08	2.12867e+08	2.19498e+08	2.23437e+08	2.979e+08	3.38074e+08	2.35708e+08	1.52837e+08	3.44712e+08	3.46207e+08	3.36434e+08	3.22269e+08	3.18892e+08	3.1649e+08	3.22265e+08	2.91819e+08	3.21885e+08	2.63091e+08	3.04144e+08	3.04686e+08	2.30345e+08	2.63003e+08	2.72658e+08	2.35436e+08	2.46626e+08	2.73004e+08	3.01598e+08	1.90267e+08	2.42416e+08	1.76224e+08	2.37847e+08	2.17861e+08	1.79109e+08	2.48878e+08	2.32027e+08	2.31347e+08	2.28716e+08	2.19658e+08	2.22874e+08	2.41082e+08	2.2149e+08	2.19487e+08	1.98811e+08	2.34334e+08	1.95435e+08	1.99136e+08	2.01676e+08	1.87009e+08	1.88029e+08	1.44303e+08	1.85781e+08	1.50041e+08	1.84344e+08	1.7888e+08	2.28303e+08	1.76449e+08	2.08931e+08	2.0683e+08	1.80134e+08	1.93005e+08	1.74758e+08	1.87045e+08	2.31273e+08	2.32055e+08	2.3089e+08	2.47217e+08	2.26071e+08	2.47282e+08	2.25021e+08	2.42268e+08	2.32984e+08	1.97478e+08	1.67491e+08	1.89581e+08	1.93898e+08	2.55673e+08	2.30949e+08
ERR607785	3.28939e+08	2.31742e+08	3.29856e+08	2.33471e+08	2.37759e+08	3.12478e+08	4.78108e+08	3.391e+08	3.40601e+08	2.72086e+08	3.40405e+08	2.829e+08	2.17153e+08	2.04792e+08	2.1675e+08	2.17239e+08	2.31644e+08	2.20958e+08	2.26639e+08	2.75742e+08	2.13724e+08	2.19269e+08	2.23262e+08	2.96025e+08	3.07772e+08	2.14181e+08	1.39828e+08	3.13802e+08	3.15161e+08	3.04775e+08	3.0609e+08	3.0253e+08	3.00069e+08	3.05813e+08	2.76946e+08	3.05303e+08	2.48123e+08	2.87302e+08	2.87683e+08	2.18554e+08	2.48243e+08	2.57856e+08	2.22991e+08	2.34288e+08	2.59671e+08	2.85753e+08	1.81091e+08	2.29894e+08	1.5775e+08	2.16263e+08	1.94568e+08	1.60317e+08	2.26354e+08	2.11028e+08	2.1409e+08	2.11791e+08	2.03018e+08	2.06232e+08	2.23261e+08	2.04989e+08	2.03314e+08	1.84776e+08	2.17241e+08	1.81787e+08	1.85133e+08	1.87433e+08	1.72816e+08	1.73919e+08	1.33482e+08	1.71668e+08	1.38929e+08	1.70731e+08	1.6634e+08	2.11698e+08	1.64123e+08	1.94042e+08	1.91451e+08	1.67389e+08	1.77174e+08	1.60171e+08	1.71686e+08	2.12885e+08	2.13456e+08	2.12405e+08	2.31707e+08	2.12559e+08	2.31785e+08	2.10486e+08	2.2638e+08	2.18237e+08	1.80541e+08	1.53622e+08	1.73414e+08	1.77309e+08	2.33738e+08	2.11803e+08
ERR607781	3.32373e+08	2.34131e+08	3.33266e+08	2.3604e+08	2.40346e+08	3.15741e+08	3.391e+08	4.86685e+08	3.45148e+08	2.73665e+08	3.42674e+08	2.85935e+08	2.19577e+08	2.06909e+08	2.19197e+08	2.19697e+08	2.34451e+08	2.23348e+08	2.28379e+08	2.77778e+08	2.14703e+08	2.20996e+08	2.25081e+08	2.98555e+08	3.10047e+08	2.15955e+08	1.40115e+08	3.16157e+08	3.1761e+08	3.07936e+08	3.08941e+08	3.05211e+08	3.03171e+08	3.08485e+08	2.79347e+08	3.08107e+08	2.50549e+08	2.89951e+08	2.90603e+08	2.20112e+08	2.50774e+08	2.60236e+08	2.254e+08	2.3629e+08	2.61838e+08	2.88603e+08	1.82429e+08	2.3233e+08	1.6201e+08	2.20738e+08	2.00236e+08	1.6481e+08	2.307e+08	2.15186e+08	2.16508e+08	2.1407e+08	2.05417e+08	2.08565e+08	2.26049e+08	2.07311e+08	2.05443e+08	1.86122e+08	2.19435e+08	1.83115e+08	1.86544e+08	1.88955e+08	1.74901e+08	1.75911e+08	1.34941e+08	1.73906e+08	1.40334e+08	1.72504e+08	1.67722e+08	2.14002e+08	1.65377e+08	1.95926e+08	1.93564e+08	1.68679e+08	1.7899e+08	1.61997e+08	1.73433e+08	2.14942e+08	2.15558e+08	2.14434e+08	2.34115e+08	2.14245e+08	2.3418e+08	2.13088e+08	2.29402e+08	2.20832e+08	1.82545e+08	1.55135e+08	1.75281e+08	1.79341e+08	2.36394e+08	2.13968e+08
ERR607783	3.34049e+08	2.35362e+08	3.34937e+08	2.37231e+08	2.41354e+08	3.17478e+08	3.40601e+08	3.45148e+08	4.90958e+08	2.74912e+08	3.44196e+08	2.87179e+08	2.20344e+08	2.07758e+08	2.20067e+08	2.20596e+08	2.35056e+08	2.24227e+08	2.29217e+08	2.78823e+08	2.15465e+08	2.21796e+08	2.25829e+08	2.99627e+08	3.11677e+08	2.17124e+08	1.4094e+08	3.17734e+08	3.19307e+08	3.09543e+08	3.10276e+08	3.06555e+08	3.04378e+08	3.09847e+08	2.80554e+08	3.0941e+08	2.52083e+08	2.91556e+08	2.92096e+08	2.21277e+08	2.52223e+08	2.61724e+08	2.26323e+08	2.37089e+08	2.62905e+08	2.89726e+08	1.83228e+08	2.33279e+08	1.62899e+08	2.21771e+08	2.01296e+08	1.65665e+08	2.3195e+08	2.16337e+08	2.17652e+08	2.15093e+08	2.06404e+08	2.09589e+08	2.27085e+08	2.08354e+08	2.06359e+08	1.87066e+08	2.20496e+08	1.84072e+08	1.87326e+08	1.89872e+08	1.75837e+08	1.76713e+08	1.3567e+08	1.74618e+08	1.41002e+08	1.73349e+08	1.68288e+08	2.14916e+08	1.66108e+08	1.96799e+08	1.94473e+08	1.69509e+08	1.79718e+08	1.62645e+08	1.74195e+08	2.15977e+08	2.16339e+08	2.15315e+08	2.35022e+08	2.1511e+08	2.3509e+08	2.13895e+08	2.30245e+08	2.21649e+08	1.83543e+08	1.56008e+08	1.7637e+08	1.80339e+08	2.37797e+08	2.15051e+08
ERR607784	2.64478e+08	1.87875e+08	2.65275e+08	1.89438e+08	1.92838e+08	2.51819e+08	2.72086e+08	2.73665e+08	2.74912e+08	3.31876e+08	2.74855e+08	2.29785e+08	1.74658e+08	1.64979e+08	1.74509e+08	1.74862e+08	1.86274e+08	1.77906e+08	1.83237e+08	2.22458e+08	1.72997e+08	1.77341e+08	1.80552e+08	2.38517e+08	2.4563e+08	1.71729e+08	1.12503e+08	2.50542e+08	2.51609e+08	2.43426e+08	2.4655e+08	2.43699e+08	2.41825e+08	2.46108e+08	2.23589e+08	2.45795e+08	1.97118e+08	2.2757e+08	2.27945e+08	1.73619e+08	1.97107e+08	2.04571e+08	1.79177e+08	1.88268e+08	2.08392e+08	2.29181e+08	1.45775e+08	1.84657e+08	1.2371e+08	1.69352e+08	1.52584e+08	1.25809e+08	1.77187e+08	1.65232e+08	1.67515e+08	1.65767e+08	1.58846e+08	1.61421e+08	1.74896e+08	1.60456e+08	1.59189e+08	1.44682e+08	1.70113e+08	1.42292e+08	1.44917e+08	1.46649e+08	1.35405e+08	1.36297e+08	1.04666e+08	1.34567e+08	1.08937e+08	1.33795e+08	1.30298e+08	1.65651e+08	1.28465e+08	1.51841e+08	1.50091e+08	1.31064e+08	1.41747e+08	1.2834e+08	1.37446e+08	1.70382e+08	1.70786e+08	1.69916e+08	1.85783e+08	1.70807e+08	1.85778e+08	1.69083e+08	1.81723e+08	1.75251e+08	1.41403e+08	1.20393e+08	1.35939e+08	1.38902e+08	1.83377e+08	1.65942e+08
ERR607786	3.32427e+08	2.34309e+08	3.33529e+08	2.36151e+08	2.40282e+08	3.15895e+08	3.40405e+08	3.42674e+08	3.44196e+08	2.74855e+08	4.87548e+08	2.85582e+08	2.19625e+08	2.07151e+08	2.19439e+08	2.19782e+08	2.34517e+08	2.23752e+08	2.28999e+08	2.783e+08	2.15632e+08	2.21414e+08	2.25519e+08	2.9897e+08	3.11386e+08	2.16686e+08	1.41341e+08	3.17574e+08	3.1894e+08	3.08515e+08	3.09448e+08	3.0596e+08	3.03497e+08	3.09274e+08	2.80098e+08	3.08687e+08	2.51175e+08	2.90552e+08	2.91106e+08	2.21035e+08	2.51145e+08	2.60912e+08	2.25566e+08	2.36854e+08	2.6251e+08	2.88975e+08	1.83184e+08	2.32574e+08	1.60083e+08	2.19036e+08	1.9759e+08	1.62793e+08	2.29319e+08	2.13797e+08	2.16596e+08	2.14239e+08	2.0546e+08	2.08594e+08	2.26035e+08	2.07429e+08	2.05773e+08	1.86932e+08	2.19884e+08	1.83829e+08	1.87187e+08	1.8957e+08	1.74846e+08	1.7611e+08	1.35117e+08	1.73756e+08	1.40553e+08	1.72654e+08	1.68201e+08	2.14055e+08	1.65881e+08	1.96145e+08	1.93664e+08	1.69335e+08	1.78847e+08	1.61925e+08	1.73506e+08	2.15163e+08	2.15681e+08	2.14631e+08	2.34351e+08	2.1483e+08	2.34459e+08	2.12746e+08	2.29096e+08	2.20635e+08	1.82695e+08	1.55334e+08	1.75662e+08	1.79783e+08	2.36618e+08	2.14341e+08
ERR607782	2.75961e+08	1.95529e+08	2.76749e+08	1.97187e+08	2.00624e+08	2.62745e+08	2.829e+08	2.85935e+08	2.87179e+08	2.29785e+08	2.85582e+08	3.56079e+08	1.81678e+08	1.7152e+08	1.81488e+08	1.81842e+08	1.93789e+08	1.85014e+08	1.90885e+08	2.31879e+08	1.80559e+08	1.84774e+08	1.88101e+08	2.48812e+08	2.57127e+08	1.79244e+08	1.17885e+08	2.62064e+08	2.63337e+08	2.54159e+08	2.57257e+08	2.54528e+08	2.52364e+08	2.57009e+08	2.33436e+08	2.5664e+08	2.05614e+08	2.37812e+08	2.38277e+08	1.81581e+08	2.05838e+08	2.13734e+08	1.86755e+08	1.96353e+08	2.1746e+08	2.39086e+08	1.52097e+08	1.92456e+08	1.28029e+08	1.76313e+08	1.57846e+08	1.30145e+08	1.84555e+08	1.72161e+08	1.7607e+08	1.74129e+08	1.66797e+08	1.69573e+08	1.83683e+08	1.68442e+08	1.67233e+08	1.52178e+08	1.78683e+08	1.49764e+08	1.52462e+08	1.54341e+08	1.41986e+08	1.42916e+08	1.09841e+08	1.41087e+08	1.14369e+08	1.40264e+08	1.36955e+08	1.74124e+08	1.35332e+08	1.59654e+08	1.57643e+08	1.37915e+08	1.48138e+08	1.34019e+08	1.4372e+08	1.78197e+08	1.7857e+08	1.77736e+08	1.93982e+08	1.7856e+08	1.94094e+08	1.76488e+08	1.89573e+08	1.82762e+08	1.48247e+08	1.26257e+08	1.42416e+08	1.45631e+08	1.92127e+08	1.74031e+08
ERR605534	2.35582e+08	1.65641e+08	2.35933e+08	1.66794e+08	1.69727e+08	2.23529e+08	2.17153e+08	2.19577e+08	2.20344e+08	1.74658e+08	2.19625e+08	1.81678e+08	3.73889e+08	2.52652e+08	2.67693e+08	2.68227e+08	2.82604e+08	2.71864e+08	1.61912e+08	1.95541e+08	1.51586e+08	1.56724e+08	1.59581e+08	2.10332e+08	2.23471e+08	1.56419e+08	1.01641e+08	2.27799e+08	2.28765e+08	2.22403e+08	2.12922e+08	2.09888e+08	2.087e+08	2.12768e+08	1.92125e+08	2.12485e+08	1.7913e+08	2.07121e+08	2.07128e+08	1.57136e+08	1.79283e+08	1.85646e+08	1.99997e+08	2.08094e+08	2.27943e+08	2.48394e+08	1.67025e+08	2.05596e+08	1.17253e+08	1.60314e+08	1.44814e+08	1.19181e+08	1.6781e+08	1.56486e+08	1.50634e+08	1.48576e+08	1.43011e+08	1.45048e+08	1.56876e+08	1.44147e+08	1.41214e+08	1.27558e+08	1.5109e+08	1.25473e+08	1.2775e+08	1.29403e+08	1.21123e+08	1.21596e+08	9.32429e+07	1.20458e+08	9.68258e+07	1.19275e+08	1.15195e+08	1.47734e+08	1.13666e+08	1.34745e+08	1.33738e+08	1.16038e+08	1.184e+08	1.07509e+08	1.14826e+08	1.42274e+08	1.4263e+08	1.41846e+08	1.54919e+08	1.40481e+08	1.55022e+08	1.4085e+08	1.51961e+08	1.46083e+08	1.37375e+08	1.15472e+08	1.3194e+08	1.34778e+08	1.78199e+08	1.60256e+08
ERR605535	2.21705e+08	1.56196e+08	2.22349e+08	1.57403e+08	1.60152e+08	2.105e+08	2.04792e+08	2.06909e+08	2.07758e+08	1.64979e+08	2.07151e+08	1.7152e+08	2.52652e+08	3.41351e+08	2.54264e+08	2.54918e+08	2.67976e+08	2.58206e+08	1.53016e+08	1.84649e+08	1.43445e+08	1.48177e+08	1.50727e+08	1.9854e+08	2.10409e+08	1.47358e+08	9.60094e+07	2.14394e+08	2.15397e+08	2.09243e+08	2.00305e+08	1.97851e+08	1.9655e+08	2.00161e+08	1.81059e+08	1.9995e+08	1.69091e+08	1.95092e+08	1.95272e+08	1.48156e+08	1.69037e+08	1.75155e+08	1.9002e+08	1.97579e+08	2.16288e+08	2.35669e+08	1.59146e+08	1.95314e+08	1.09426e+08	1.50002e+08	1.35369e+08	1.11299e+08	1.56882e+08	1.46327e+08	1.41361e+08	1.3942e+08	1.34147e+08	1.36186e+08	1.47288e+08	1.35301e+08	1.3262e+08	1.19858e+08	1.417e+08	1.17827e+08	1.20093e+08	1.21489e+08	1.13546e+08	1.13968e+08	8.74667e+07	1.1284e+08	9.0783e+07	1.11711e+08	1.08136e+08	1.38465e+08	1.06588e+08	1.26419e+08	1.25335e+08	1.08849e+08	1.11223e+08	1.00881e+08	1.07781e+08	1.33552e+08	1.33861e+08	1.33131e+08	1.45327e+08	1.31805e+08	1.45369e+08	1.32056e+08	1.4256e+08	1.36857e+08	1.29278e+08	1.08697e+08	1.2411e+08	1.26793e+08	1.67766e+08	1.50812e+08
ERR605538	2.35367e+08	1.65775e+08	2.35731e+08	1.66925e+08	1.69864e+08	2.23217e+08	2.1675e+08	2.19197e+08	2.20067e+08	1.74509e+08	2.19439e+08	1.81488e+08	2.67693e+08	2.54264e+08	3.78526e+08	2.71705e+08	2.84445e+08	2.75202e+08	1.61861e+08	1.95213e+08	1.51137e+08	1.56622e+08	1.59428e+08	2.10031e+08	2.2321e+08	1.56285e+08	1.01421e+08	2.27433e+08	2.28526e+08	2.2224e+08	2.12148e+08	2.09376e+08	2.08201e+08	2.11989e+08	1.91592e+08	2.11791e+08	1.7952e+08	2.07204e+08	2.07353e+08	1.57031e+08	1.79617e+08	1.85754e+08	2.00096e+08	2.07822e+08	2.27597e+08	2.48361e+08	1.66996e+08	2.05548e+08	1.17541e+08	1.59853e+08	1.45376e+08	1.19593e+08	1.67194e+08	1.56043e+08	1.49709e+08	1.47507e+08	1.42316e+08	1.44207e+08	1.5594e+08	1.43303e+08	1.40286e+08	1.2648e+08	1.49917e+08	1.2445e+08	1.26738e+08	1.28275e+08	1.20333e+08	1.20685e+08	9.25455e+07	1.19642e+08	9.61694e+07	1.18387e+08	1.14154e+08	1.46511e+08	1.12542e+08	1.33615e+08	1.32655e+08	1.15041e+08	1.17635e+08	1.0676e+08	1.14021e+08	1.41246e+08	1.41501e+08	1.40806e+08	1.53722e+08	1.39166e+08	1.53897e+08	1.39781e+08	1.51011e+08	1.44938e+08	1.37152e+08	1.15001e+08	1.3159e+08	1.34448e+08	1.77772e+08	1.59604e+08
ERR605536	2.35765e+08	1.66075e+08	2.36131e+08	1.67189e+08	1.70081e+08	2.23604e+08	2.17239e+08	2.19697e+08	2.20596e+08	1.74862e+08	2.19782e+08	1.81842e+08	2.68227e+08	2.54918e+08	2.71705e+08	3.8002e+08	2.85074e+08	2.75887e+08	1.62006e+08	1.95418e+08	1.51346e+08	1.56779e+08	1.59582e+08	2.1036e+08	2.23268e+08	1.5637e+08	1.01349e+08	2.27507e+08	2.28653e+08	2.22504e+08	2.1256e+08	2.09699e+08	2.08515e+08	2.12378e+08	1.91919e+08	2.12123e+08	1.79762e+08	2.07492e+08	2.07763e+08	1.57194e+08	1.79848e+08	1.86231e+08	2.00403e+08	2.08167e+08	2.27924e+08	2.4892e+08	1.67175e+08	2.05988e+08	1.1807e+08	1.60537e+08	1.46076e+08	1.20079e+08	1.68036e+08	1.56543e+08	1.50165e+08	1.48004e+08	1.426e+08	1.44643e+08	1.56361e+08	1.43736e+08	1.40739e+08	1.26907e+08	1.50333e+08	1.24839e+08	1.27103e+08	1.2853e+08	1.20649e+08	1.20972e+08	9.28747e+07	1.19907e+08	9.64036e+07	1.1873e+08	1.1458e+08	1.47054e+08	1.12984e+08	1.34034e+08	1.33141e+08	1.15417e+08	1.18e+08	1.07061e+08	1.14346e+08	1.4167e+08	1.41883e+08	1.41085e+08	1.54208e+08	1.39591e+08	1.54429e+08	1.40349e+08	1.5156e+08	1.45558e+08	1.3753e+08	1.15448e+08	1.32143e+08	1.35021e+08	1.78331e+08	1.60162e+08
ERR605533	2.52053e+08	1.77277e+08	2.52431e+08	1.78511e+08	1.81666e+08	2.39149e+08	2.31644e+08	2.34451e+08	2.35056e+08	1.86274e+08	2.34517e+08	1.93789e+08	2.82604e+08	2.67976e+08	2.84445e+08	2.85074e+08	4.15724e+08	2.88818e+08	1.72611e+08	2.08442e+08	1.61411e+08	1.6708e+08	1.70165e+08	2.2456e+08	2.39106e+08	1.6707e+08	1.08256e+08	2.43598e+08	2.44794e+08	2.38064e+08	2.27417e+08	2.24335e+08	2.23038e+08	2.2718e+08	2.0524e+08	2.27002e+08	1.91736e+08	2.21464e+08	2.21709e+08	1.67808e+08	1.91839e+08	1.9864e+08	2.11984e+08	2.20409e+08	2.41547e+08	2.63941e+08	1.76546e+08	2.17982e+08	1.26286e+08	1.72025e+08	1.56056e+08	1.28439e+08	1.80027e+08	1.67923e+08	1.61124e+08	1.589e+08	1.53053e+08	1.55216e+08	1.67954e+08	1.54222e+08	1.51207e+08	1.36365e+08	1.61627e+08	1.34146e+08	1.36566e+08	1.38213e+08	1.29711e+08	1.30061e+08	9.97702e+07	1.28796e+08	1.03554e+08	1.27558e+08	1.2304e+08	1.57842e+08	1.21451e+08	1.44025e+08	1.42889e+08	1.24024e+08	1.26768e+08	1.15021e+08	1.2284e+08	1.52194e+08	1.52523e+08	1.5171e+08	1.65703e+08	1.50012e+08	1.65824e+08	1.50754e+08	1.62762e+08	1.56191e+08	1.46934e+08	1.2346e+08	1.41037e+08	1.44231e+08	1.90492e+08	1.71237e+08
ERR605537	2.39832e+08	1.6893e+08	2.40215e+08	1.70048e+08	1.73177e+08	2.27472e+08	2.20958e+08	2.23348e+08	2.24227e+08	1.77906e+08	2.23752e+08	1.85014e+08	2.71864e+08	2.58206e+08	2.75202e+08	2.75887e+08	2.88818e+08	3.88936e+08	1.64796e+08	1.98932e+08	1.54091e+08	1.59443e+08	1.62349e+08	2.1398e+08	2.27505e+08	1.59261e+08	1.0333e+08	2.31736e+08	2.32881e+08	2.2652e+08	2.16498e+08	2.13694e+08	2.12366e+08	2.16171e+08	1.95473e+08	2.15932e+08	1.82824e+08	2.1112e+08	2.11206e+08	1.60035e+08	1.82917e+08	1.89305e+08	2.036e+08	2.1156e+08	2.31735e+08	2.52877e+08	1.69863e+08	2.09241e+08	1.1936e+08	1.62597e+08	1.4757e+08	1.21342e+08	1.70115e+08	1.58536e+08	1.52429e+08	1.50296e+08	1.44818e+08	1.4692e+08	1.58763e+08	1.45878e+08	1.42839e+08	1.2891e+08	1.52788e+08	1.26879e+08	1.29131e+08	1.30711e+08	1.22438e+08	1.22833e+08	9.42582e+07	1.21676e+08	9.79615e+07	1.20563e+08	1.16357e+08	1.49328e+08	1.14767e+08	1.36073e+08	1.35156e+08	1.17249e+08	1.20011e+08	1.08835e+08	1.16279e+08	1.44094e+08	1.44392e+08	1.43536e+08	1.56782e+08	1.42041e+08	1.56927e+08	1.42615e+08	1.53978e+08	1.47735e+08	1.39524e+08	1.17236e+08	1.34028e+08	1.36979e+08	1.80866e+08	1.6254e+08
ERR622146	2.38809e+08	1.6854e+08	2.39594e+08	1.69953e+08	1.72826e+08	2.27067e+08	2.26639e+08	2.28379e+08	2.29217e+08	1.83237e+08	2.28999e+08	1.90885e+08	1.61912e+08	1.53016e+08	1.61861e+08	1.62006e+08	1.72611e+08	1.64796e+08	2.92485e+08	2.25838e+08	1.76478e+08	1.81709e+08	1.8483e+08	2.42437e+08	2.27348e+08	1.58301e+08	1.04114e+08	2.31734e+08	2.32604e+08	2.24788e+08	2.17025e+08	2.14664e+08	2.12685e+08	2.16635e+08	1.96396e+08	2.16336e+08	1.86627e+08	2.15652e+08	2.15777e+08	1.64882e+08	1.86708e+08	1.93937e+08	1.62895e+08	1.71063e+08	1.89233e+08	2.08168e+08	1.32674e+08	1.67616e+08	1.12212e+08	1.56662e+08	1.38364e+08	1.14026e+08	1.64051e+08	1.52961e+08	1.57413e+08	1.55743e+08	1.49004e+08	1.51483e+08	1.64142e+08	1.50512e+08	1.48927e+08	1.35583e+08	1.59153e+08	1.33332e+08	1.35858e+08	1.37607e+08	1.26271e+08	1.27085e+08	9.76777e+07	1.25518e+08	1.01687e+08	1.24814e+08	1.23076e+08	1.5651e+08	1.21518e+08	1.43604e+08	1.41646e+08	1.23953e+08	1.28147e+08	1.15945e+08	1.24267e+08	1.53909e+08	1.54279e+08	1.53647e+08	1.65313e+08	1.51659e+08	1.65353e+08	1.49886e+08	1.61384e+08	1.55303e+08	1.32705e+08	1.13067e+08	1.27455e+08	1.30387e+08	1.72223e+08	1.55908e+08
ERR622144	2.90556e+08	2.04327e+08	2.91845e+08	2.0602e+08	2.09546e+08	2.76404e+08	2.75742e+08	2.77778e+08	2.78823e+08	2.22458e+08	2.783e+08	2.31879e+08	1.95541e+08	1.84649e+08	1.95213e+08	1.95418e+08	2.08442e+08	1.98932e+08	2.25838e+08	4.05946e+08	2.14806e+08	2.18725e+08	2.22663e+08	2.95799e+08	2.76778e+08	1.91954e+08	1.25959e+08	2.82065e+08	2.83256e+08	2.7329e+08	2.64246e+08	2.61678e+08	2.59142e+08	2.63966e+08	2.39035e+08	2.63517e+08	2.25928e+08	2.61368e+08	2.61729e+08	1.99565e+08	2.25814e+08	2.35023e+08	1.97349e+08	2.07924e+08	2.30104e+08	2.53365e+08	1.60723e+08	2.03369e+08	1.36826e+08	1.92031e+08	1.68724e+08	1.39109e+08	2.01098e+08	1.87532e+08	1.9402e+08	1.9201e+08	1.83653e+08	1.86609e+08	2.02327e+08	1.85463e+08	1.83793e+08	1.67345e+08	1.96253e+08	1.64694e+08	1.67636e+08	1.69885e+08	1.55396e+08	1.56416e+08	1.20303e+08	1.54407e+08	1.25299e+08	1.53688e+08	1.51954e+08	1.93145e+08	1.49971e+08	1.7726e+08	1.74715e+08	1.52942e+08	1.57993e+08	1.42772e+08	1.53196e+08	1.89824e+08	1.90265e+08	1.89342e+08	2.0425e+08	1.87569e+08	2.04243e+08	1.85126e+08	1.99313e+08	1.91733e+08	1.63529e+08	1.39471e+08	1.57139e+08	1.60581e+08	2.12278e+08	1.92357e+08
ERR622143	2.23312e+08	1.57572e+08	2.24853e+08	1.58805e+08	1.61535e+08	2.12867e+08	2.13724e+08	2.14703e+08	2.15465e+08	1.72997e+08	2.15632e+08	1.80559e+08	1.51586e+08	1.43445e+08	1.51137e+08	1.51346e+08	1.61411e+08	1.54091e+08	1.76478e+08	2.14806e+08	2.67994e+08	1.70995e+08	1.73965e+08	2.29666e+08	2.14324e+08	1.48943e+08	9.96504e+07	2.18574e+08	2.19352e+08	2.10412e+08	2.04789e+08	2.03249e+08	2.0063e+08	2.04552e+08	1.85646e+08	2.04165e+08	1.74237e+08	2.01839e+08	2.01814e+08	1.55308e+08	1.74265e+08	1.81672e+08	1.51979e+08	1.60733e+08	1.77736e+08	1.9499e+08	1.24978e+08	1.56458e+08	9.9523e+07	1.42448e+08	1.22246e+08	1.01118e+08	1.4942e+08	1.3935e+08	1.47583e+08	1.46378e+08	1.39428e+08	1.41791e+08	1.53823e+08	1.41003e+08	1.40405e+08	1.28325e+08	1.49778e+08	1.26291e+08	1.2869e+08	1.30258e+08	1.17963e+08	1.19045e+08	9.16085e+07	1.17265e+08	9.55377e+07	1.16942e+08	1.16586e+08	1.47192e+08	1.1516e+08	1.35576e+08	1.33123e+08	1.17316e+08	1.20814e+08	1.09108e+08	1.17148e+08	1.45254e+08	1.45631e+08	1.45007e+08	1.55909e+08	1.44198e+08	1.56163e+08	1.40878e+08	1.51558e+08	1.46129e+08	1.24084e+08	1.06279e+08	1.1921e+08	1.21817e+08	1.61292e+08	1.46549e+08
ERR622148	2.30759e+08	1.62903e+08	2.31801e+08	1.64333e+08	1.67053e+08	2.19498e+08	2.19269e+08	2.20996e+08	2.21796e+08	1.77341e+08	2.21414e+08	1.84774e+08	1.56724e+08	1.48177e+08	1.56622e+08	1.56779e+08	1.6708e+08	1.59443e+08	1.81709e+08	2.18725e+08	1.70995e+08	2.77571e+08	1.79091e+08	2.34596e+08	2.19813e+08	1.53163e+08	1.00826e+08	2.23949e+08	2.24831e+08	2.17277e+08	2.09755e+08	2.07635e+08	2.05735e+08	2.0952e+08	1.89819e+08	2.09183e+08	1.80825e+08	2.0868e+08	2.08964e+08	1.59742e+08	1.80869e+08	1.87739e+08	1.57464e+08	1.65483e+08	1.82891e+08	2.0124e+08	1.28354e+08	1.62204e+08	1.08288e+08	1.51275e+08	1.33612e+08	1.10121e+08	1.58275e+08	1.47677e+08	1.51953e+08	1.50408e+08	1.43908e+08	1.46148e+08	1.58366e+08	1.45295e+08	1.4374e+08	1.30786e+08	1.53558e+08	1.2877e+08	1.31022e+08	1.3276e+08	1.21995e+08	1.22803e+08	9.43786e+07	1.21091e+08	9.82286e+07	1.20522e+08	1.18857e+08	1.51103e+08	1.17275e+08	1.38605e+08	1.3669e+08	1.19675e+08	1.23625e+08	1.11825e+08	1.19838e+08	1.48537e+08	1.48813e+08	1.48207e+08	1.5936e+08	1.46386e+08	1.59399e+08	1.44629e+08	1.5568e+08	1.49872e+08	1.28099e+08	1.09237e+08	1.23058e+08	1.25883e+08	1.66251e+08	1.50551e+08
ERR622147	2.35089e+08	1.65941e+08	2.36003e+08	1.67358e+08	1.70162e+08	2.23437e+08	2.23262e+08	2.25081e+08	2.25829e+08	1.80552e+08	2.25519e+08	1.88101e+08	1.59581e+08	1.50727e+08	1.59428e+08	1.59582e+08	1.70165e+08	1.62349e+08	1.8483e+08	2.22663e+08	1.73965e+08	1.79091e+08	2.85394e+08	2.38707e+08	2.23781e+08	1.55954e+08	1.02613e+08	2.28067e+08	2.28971e+08	2.21316e+08	2.13599e+08	2.11446e+08	2.09599e+08	2.13222e+08	1.9338e+08	2.12966e+08	1.83814e+08	2.12335e+08	2.12529e+08	1.62435e+08	1.83863e+08	1.9105e+08	1.60212e+08	1.68324e+08	1.86185e+08	2.04804e+08	1.30507e+08	1.65029e+08	1.1044e+08	1.54271e+08	1.36301e+08	1.12274e+08	1.61497e+08	1.50591e+08	1.54758e+08	1.53138e+08	1.46586e+08	1.48941e+08	1.61379e+08	1.48021e+08	1.46411e+08	1.33188e+08	1.5634e+08	1.31061e+08	1.33406e+08	1.35067e+08	1.24137e+08	1.25092e+08	9.61308e+07	1.23541e+08	9.99769e+07	1.22738e+08	1.20955e+08	1.53799e+08	1.19349e+08	1.41085e+08	1.39255e+08	1.21839e+08	1.25946e+08	1.14022e+08	1.22215e+08	1.514e+08	1.51786e+08	1.50979e+08	1.62511e+08	1.49262e+08	1.62634e+08	1.47416e+08	1.58785e+08	1.52882e+08	1.30635e+08	1.11226e+08	1.2536e+08	1.28217e+08	1.69376e+08	1.53396e+08
ERR622145	3.13638e+08	2.20188e+08	3.14798e+08	2.22058e+08	2.25897e+08	2.979e+08	2.96025e+08	2.98555e+08	2.99627e+08	2.38517e+08	2.9897e+08	2.48812e+08	2.10332e+08	1.9854e+08	2.10031e+08	2.1036e+08	2.2456e+08	2.1398e+08	2.42437e+08	2.95799e+08	2.29666e+08	2.34596e+08	2.38707e+08	4.59386e+08	2.98184e+08	2.06571e+08	1.3492e+08	3.03994e+08	3.04989e+08	2.94812e+08	2.84547e+08	2.81556e+08	2.79127e+08	2.84058e+08	2.57241e+08	2.83748e+08	2.43839e+08	2.82185e+08	2.82583e+08	2.1489e+08	2.43882e+08	2.53468e+08	2.12702e+08	2.23692e+08	2.47919e+08	2.7311e+08	1.72738e+08	2.1924e+08	1.49816e+08	2.09162e+08	1.85044e+08	1.52401e+08	2.18936e+08	2.04163e+08	2.09706e+08	2.07318e+08	1.98573e+08	2.01768e+08	2.18663e+08	2.00549e+08	1.98662e+08	1.8047e+08	2.12011e+08	1.77439e+08	1.80813e+08	1.83225e+08	1.68145e+08	1.69135e+08	1.29917e+08	1.67125e+08	1.35171e+08	1.65989e+08	1.63829e+08	2.08656e+08	1.61585e+08	1.91317e+08	1.88749e+08	1.64938e+08	1.70386e+08	1.54148e+08	1.65269e+08	2.0468e+08	2.05199e+08	2.04324e+08	2.20032e+08	2.019e+08	2.20094e+08	1.99636e+08	2.15184e+08	2.07074e+08	1.76806e+08	1.50623e+08	1.69736e+08	1.73731e+08	2.29549e+08	2.07948e+08
ERR617660	3.55679e+08	2.48816e+08	3.57036e+08	2.50662e+08	2.55343e+08	3.38074e+08	3.07772e+08	3.10047e+08	3.11677e+08	2.4563e+08	3.11386e+08	2.57127e+08	2.23471e+08	2.10409e+08	2.2321e+08	2.23268e+08	2.39106e+08	2.27505e+08	2.27348e+08	2.76778e+08	2.14324e+08	2.19813e+08	2.23781e+08	2.98184e+08	5.18684e+08	2.53462e+08	1.6604e+08	3.72573e+08	3.7409e+08	3.60308e+08	3.2278e+08	3.19499e+08	3.1619e+08	3.22639e+08	2.9151e+08	3.22206e+08	2.68209e+08	3.10921e+08	3.11173e+08	2.36283e+08	2.68123e+08	2.78493e+08	2.33748e+08	2.45554e+08	2.72203e+08	2.99965e+08	1.89947e+08	2.40744e+08	1.677e+08	2.31434e+08	2.06639e+08	1.70481e+08	2.4244e+08	2.26152e+08	2.32456e+08	2.30156e+08	2.20114e+08	2.23636e+08	2.42302e+08	2.2239e+08	2.19468e+08	1.9969e+08	2.34317e+08	1.96382e+08	2.00052e+08	2.0259e+08	1.86554e+08	1.88005e+08	1.44356e+08	1.85326e+08	1.50315e+08	1.84327e+08	1.80639e+08	2.29358e+08	1.78141e+08	2.10352e+08	2.07633e+08	1.81836e+08	1.85464e+08	1.67693e+08	1.79893e+08	2.22784e+08	2.23211e+08	2.22189e+08	2.35046e+08	2.15283e+08	2.35337e+08	2.12563e+08	2.29042e+08	2.2032e+08	1.96316e+08	1.66995e+08	1.8846e+08	1.92697e+08	2.54443e+08	2.30355e+08
ERR617657	2.47819e+08	1.74841e+08	2.48579e+08	1.76156e+08	1.79171e+08	2.35708e+08	2.14181e+08	2.15955e+08	2.17124e+08	1.71729e+08	2.16686e+08	1.79244e+08	1.56419e+08	1.47358e+08	1.56285e+08	1.5637e+08	1.6707e+08	1.59261e+08	1.58301e+08	1.91954e+08	1.48943e+08	1.53163e+08	1.55954e+08	2.06571e+08	2.53462e+08	2.83235e+08	1.17486e+08	2.58227e+08	2.5925e+08	2.51978e+08	2.24459e+08	2.22062e+08	2.1973e+08	2.24346e+08	2.03003e+08	2.23894e+08	1.87995e+08	2.17107e+08	2.17268e+08	1.65574e+08	1.87937e+08	1.95019e+08	1.63192e+08	1.71095e+08	1.89075e+08	2.08304e+08	1.32759e+08	1.68005e+08	1.15378e+08	1.58155e+08	1.42388e+08	1.17246e+08	1.65714e+08	1.54647e+08	1.57914e+08	1.56151e+08	1.49601e+08	1.51966e+08	1.64682e+08	1.5107e+08	1.48802e+08	1.35076e+08	1.5882e+08	1.3285e+08	1.35257e+08	1.37059e+08	1.27024e+08	1.27825e+08	9.82406e+07	1.26158e+08	1.02294e+08	1.25429e+08	1.22036e+08	1.55489e+08	1.20524e+08	1.42526e+08	1.40717e+08	1.22965e+08	1.26588e+08	1.14474e+08	1.22734e+08	1.51784e+08	1.52115e+08	1.51346e+08	1.59417e+08	1.45862e+08	1.59552e+08	1.44459e+08	1.55707e+08	1.49762e+08	1.33687e+08	1.13663e+08	1.28434e+08	1.31392e+08	1.72989e+08	1.56589e+08
ERR617656	1.6e+08	1.13446e+08	1.60803e+08	1.14142e+08	1.16227e+08	1.52837e+08	1.39828e+08	1.40115e+08	1.4094e+08	1.12503e+08	1.41341e+08	1.17885e+08	1.01641e+08	9.60094e+07	1.01421e+08	1.01349e+08	1.08256e+08	1.0333e+08	1.04114e+08	1.25959e+08	9.96504e+07	1.00826e+08	1.02613e+08	1.3492e+08	1.6604e+08	1.17486e+08	1.47205e+08	1.69222e+08	1.69673e+08	1.63257e+08	1.47159e+08	1.46118e+08	1.43939e+08	1.47243e+08	1.33604e+08	1.46837e+08	1.21733e+08	1.40756e+08	1.4059e+08	1.0894e+08	1.21767e+08	1.26706e+08	1.0546e+08	1.11423e+08	1.22964e+08	1.34738e+08	8.73136e+07	1.08558e+08	6.74875e+07	9.59899e+07	8.27057e+07	6.85118e+07	1.00765e+08	9.40249e+07	1.0053e+08	9.96268e+07	9.49075e+07	9.65427e+07	1.04683e+08	9.59653e+07	9.5011e+07	8.7001e+07	1.01314e+08	8.56157e+07	8.71258e+07	8.8278e+07	8.03769e+07	8.12331e+07	6.25505e+07	7.99446e+07	6.54175e+07	7.97678e+07	7.87563e+07	9.91366e+07	7.77408e+07	9.1362e+07	8.97715e+07	7.92368e+07	8.05011e+07	7.26586e+07	7.8193e+07	9.68433e+07	9.71125e+07	9.66357e+07	1.01696e+08	9.40446e+07	1.01845e+08	9.15831e+07	9.85691e+07	9.49561e+07	8.45417e+07	7.24213e+07	8.13404e+07	8.30691e+07	1.0972e+08	9.97817e+07
ERR617659	3.62721e+08	2.53761e+08	3.64141e+08	2.55594e+08	2.60391e+08	3.44712e+08	3.13802e+08	3.16157e+08	3.17734e+08	2.50542e+08	3.17574e+08	2.62064e+08	2.27799e+08	2.14394e+08	2.27433e+08	2.27507e+08	2.43598e+08	2.31736e+08	2.31734e+08	2.82065e+08	2.18574e+08	2.23949e+08	2.28067e+08	3.03994e+08	3.72573e+08	2.58227e+08	1.69222e+08	5.36492e+08	3.8129e+08	3.67493e+08	3.29185e+08	3.26003e+08	3.22509e+08	3.29157e+08	2.97261e+08	3.28614e+08	2.73394e+08	3.1711e+08	3.17201e+08	2.40801e+08	2.73235e+08	2.84038e+08	2.38329e+08	2.50487e+08	2.7758e+08	3.06142e+08	1.93664e+08	2.45561e+08	1.70979e+08	2.36201e+08	2.10716e+08	1.73734e+08	2.47412e+08	2.30807e+08	2.37236e+08	2.34879e+08	2.2475e+08	2.28248e+08	2.4739e+08	2.27007e+08	2.2392e+08	2.0374e+08	2.39213e+08	2.00466e+08	2.04158e+08	2.06729e+08	1.90095e+08	1.91644e+08	1.47187e+08	1.88897e+08	1.53183e+08	1.88002e+08	1.84278e+08	2.34124e+08	1.81808e+08	2.14848e+08	2.11893e+08	1.85617e+08	1.89288e+08	1.71125e+08	1.83565e+08	2.27406e+08	2.27664e+08	2.26766e+08	2.39814e+08	2.19647e+08	2.39994e+08	2.16873e+08	2.33755e+08	2.24872e+08	2.0037e+08	1.70548e+08	1.92435e+08	1.96872e+08	2.59795e+08	2.35125e+08
ERR617658	3.64204e+08	2.54918e+08	3.6564e+08	2.56813e+08	2.61543e+08	3.46207e+08	3.15161e+08	3.1761e+08	3.19307e+08	2.51609e+08	3.1894e+08	2.63337e+08	2.28765e+08	2.15397e+08	2.28526e+08	2.28653e+08	2.44794e+08	2.32881e+08	2.32604e+08	2.83256e+08	2.19352e+08	2.24831e+08	2.28971e+08	3.04989e+08	3.7409e+08	2.5925e+08	1.69673e+08	3.8129e+08	5.3964e+08	3.68801e+08	3.30693e+08	3.27362e+08	3.23766e+08	3.30531e+08	2.98404e+08	3.30066e+08	2.74349e+08	3.18093e+08	3.18266e+08	2.4161e+08	2.74205e+08	2.84871e+08	2.39535e+08	2.51619e+08	2.78681e+08	3.07477e+08	1.94604e+08	2.46667e+08	1.72118e+08	2.37393e+08	2.12171e+08	1.7475e+08	2.48786e+08	2.3209e+08	2.38377e+08	2.35716e+08	2.25684e+08	2.29376e+08	2.48422e+08	2.27906e+08	2.24855e+08	2.04696e+08	2.40207e+08	2.01152e+08	2.05013e+08	2.07566e+08	1.90941e+08	1.92413e+08	1.47813e+08	1.89778e+08	1.53857e+08	1.88837e+08	1.85025e+08	2.35138e+08	1.82539e+08	2.15683e+08	2.12612e+08	1.86106e+08	1.90149e+08	1.71906e+08	1.84419e+08	2.28393e+08	2.28963e+08	2.27819e+08	2.41123e+08	2.2087e+08	2.41231e+08	2.18098e+08	2.3501e+08	2.26171e+08	2.01244e+08	1.71136e+08	1.93256e+08	1.97548e+08	2.60707e+08	2.36037e+08
ERR617655	3.54544e+08	2.48467e+08	3.55143e+08	2.50224e+08	2.54644e+08	3.36434e+08	3.04775e+08	3.07936e+08	3.09543e+08	2.43426e+08	3.08515e+08	2.54159e+08	2.22403e+08	2.09243e+08	2.2224e+08	2.22504e+08	2.38064e+08	2.2652e+08	2.24788e+08	2.7329e+08	2.10412e+08	2.17277e+08	2.21316e+08	2.94812e+08	3.60308e+08	2.51978e+08	1.63257e+08	3.67493e+08	3.68801e+08	5.12719e+08	3.1955e+08	3.15902e+08	3.13268e+08	3.19231e+08	2.8828e+08	3.18928e+08	2.67481e+08	3.09087e+08	3.09779e+08	2.33996e+08	2.67416e+08	2.77056e+08	2.32505e+08	2.43149e+08	2.69328e+08	2.97698e+08	1.87945e+08	2.39504e+08	1.72609e+08	2.33798e+08	2.13747e+08	1.75523e+08	2.4472e+08	2.28207e+08	2.30465e+08	2.27669e+08	2.18603e+08	2.21898e+08	2.40053e+08	2.2063e+08	2.16808e+08	1.96253e+08	2.31413e+08	1.93067e+08	1.96623e+08	1.99061e+08	1.85193e+08	1.86126e+08	1.4307e+08	1.83872e+08	1.48796e+08	1.8256e+08	1.77431e+08	2.26705e+08	1.75029e+08	2.07529e+08	2.05305e+08	1.78778e+08	1.83911e+08	1.66465e+08	1.7815e+08	2.20517e+08	2.20938e+08	2.19881e+08	2.32256e+08	2.11696e+08	2.32439e+08	2.10914e+08	2.27447e+08	2.18367e+08	1.95259e+08	1.65633e+08	1.8744e+08	1.91806e+08	2.53033e+08	2.28394e+08
ERR636774	3.39047e+08	2.38676e+08	3.40152e+08	2.40604e+08	2.44958e+08	3.22269e+08	3.0609e+08	3.08941e+08	3.10276e+08	2.4655e+08	3.09448e+08	2.57257e+08	2.12922e+08	2.00305e+08	2.12148e+08	2.1256e+08	2.27417e+08	2.16498e+08	2.17025e+08	2.64246e+08	2.04789e+08	2.09755e+08	2.13599e+08	2.84547e+08	3.2278e+08	2.24459e+08	1.47159e+08	3.29185e+08	3.30693e+08	3.1955e+08	4.77736e+08	3.27886e+08	3.25043e+08	3.32575e+08	2.99894e+08	3.32158e+08	2.5025e+08	2.90521e+08	2.90662e+08	2.20485e+08	2.5022e+08	2.60186e+08	2.23386e+08	2.34703e+08	2.59952e+08	2.86575e+08	1.81332e+08	2.30105e+08	1.56827e+08	2.18541e+08	1.93474e+08	1.59385e+08	2.28628e+08	2.13428e+08	2.18321e+08	2.16008e+08	2.06903e+08	2.09992e+08	2.27664e+08	2.08836e+08	2.06548e+08	1.87658e+08	2.20594e+08	1.84436e+08	1.87842e+08	1.90322e+08	1.74947e+08	1.75944e+08	1.35135e+08	1.73879e+08	1.4065e+08	1.72659e+08	1.69274e+08	2.1529e+08	1.66948e+08	1.97378e+08	1.94913e+08	1.70254e+08	1.79188e+08	1.62119e+08	1.73654e+08	2.15495e+08	2.16122e+08	2.15063e+08	2.32399e+08	2.1327e+08	2.3235e+08	2.11063e+08	2.27013e+08	2.18813e+08	1.82462e+08	1.55217e+08	1.75226e+08	1.79163e+08	2.36481e+08	2.14133e+08
ERR636771	3.35173e+08	2.35887e+08	3.36298e+08	2.37723e+08	2.42011e+08	3.18892e+08	3.0253e+08	3.05211e+08	3.06555e+08	2.43699e+08	3.0596e+08	2.54528e+08	2.09888e+08	1.97851e+08	2.09376e+08	2.09699e+08	2.24335e+08	2.13694e+08	2.14664e+08	2.61678e+08	2.03249e+08	2.07635e+08	2.11446e+08	2.81556e+08	3.19499e+08	2.22062e+08	1.46118e+08	3.26003e+08	3.27362e+08	3.15902e+08	3.27886e+08	4.68792e+08	3.22515e+08	3.27972e+08	2.9778e+08	3.27188e+08	2.47055e+08	2.86754e+08	2.8715e+08	2.1807e+08	2.46977e+08	2.57081e+08	2.20498e+08	2.32332e+08	2.57185e+08	2.8316e+08	1.79456e+08	2.27166e+08	1.52597e+08	2.13826e+08	1.87982e+08	1.55058e+08	2.23954e+08	2.08986e+08	2.15608e+08	2.13419e+08	2.04145e+08	2.07525e+08	2.24705e+08	2.06363e+08	2.04189e+08	1.85806e+08	2.18154e+08	1.82674e+08	1.86166e+08	1.88479e+08	1.7248e+08	1.7369e+08	1.33436e+08	1.71393e+08	1.38947e+08	1.70525e+08	1.67611e+08	2.12904e+08	1.65351e+08	1.95463e+08	1.92722e+08	1.68718e+08	1.77302e+08	1.6031e+08	1.71867e+08	2.13179e+08	2.13749e+08	2.1282e+08	2.29739e+08	2.11223e+08	2.29714e+08	2.08418e+08	2.24119e+08	2.15946e+08	1.80237e+08	1.53566e+08	1.73143e+08	1.76975e+08	2.33841e+08	2.11759e+08
ERR636770	3.33008e+08	2.34397e+08	3.33956e+08	2.36303e+08	2.40664e+08	3.1649e+08	3.00069e+08	3.03171e+08	3.04378e+08	2.41825e+08	3.03497e+08	2.52364e+08	2.087e+08	1.9655e+08	2.08201e+08	2.08515e+08	2.23038e+08	2.12366e+08	2.12685e+08	2.59142e+08	2.0063e+08	2.05735e+08	2.09599e+08	2.79127e+08	3.1619e+08	2.1973e+08	1.43939e+08	3.22509e+08	3.23766e+08	3.13268e+08	3.25043e+08	3.22515e+08	4.61899e+08	3.24861e+08	2.95261e+08	3.24321e+08	2.45062e+08	2.84149e+08	2.84456e+08	2.15698e+08	2.45028e+08	2.54642e+08	2.19101e+08	2.30243e+08	2.54832e+08	2.81034e+08	1.77772e+08	2.25538e+08	1.54041e+08	2.14231e+08	1.90223e+08	1.56591e+08	2.24116e+08	2.09121e+08	2.13669e+08	2.11485e+08	2.02541e+08	2.05773e+08	2.23024e+08	2.04552e+08	2.02199e+08	1.83506e+08	2.15986e+08	1.80385e+08	1.83779e+08	1.86222e+08	1.71225e+08	1.72217e+08	1.32223e+08	1.70254e+08	1.37606e+08	1.68891e+08	1.65343e+08	2.10641e+08	1.63136e+08	1.93138e+08	1.90817e+08	1.66538e+08	1.7592e+08	1.5921e+08	1.70524e+08	2.11365e+08	2.12019e+08	2.11127e+08	2.27902e+08	2.08887e+08	2.27961e+08	2.07155e+08	2.22854e+08	2.14618e+08	1.7866e+08	1.52098e+08	1.71679e+08	1.75687e+08	2.31824e+08	2.09709e+08
