	ERR636720	ERR636718	ERR636716	ERR636719	ERR636717	ERR636715	ERR621924	ERR621920	ERR621922	ERR621923	ERR621919	ERR621921	ERR626848	ERR626846	ERR626843	ERR626847	ERR626844	ERR626845	ERR636796	ERR636797	ERR636795	ERR636794	ERR636793	ERR636798	ERR613960	ERR613965	ERR613961	ERR613962	ERR613963	ERR613964	ERR607674	ERR607670	ERR607672	ERR607673	ERR607671	ERR607669	ERR608027	ERR608025	ERR608026	ERR608028	ERR608029	ERR608030	ERR622183	ERR622179	ERR622180	ERR622184	ERR622181	ERR622182	ERR617344	ERR617348	ERR617343	ERR617346	ERR617347	ERR617345	ERR608432	ERR608431	ERR608430	ERR608427	ERR608429	ERR608428	ERR612289	ERR612288	ERR612287	ERR612290	ERR612292	ERR612291	ERR629898	ERR629903	ERR629900	ERR629902	ERR629901	ERR629899	ERR626763	ERR626760	ERR626764	ERR626762	ERR626761	ERR626759	ERR608755	ERR608752	ERR608753	ERR608754	ERR608751	ERR608756	ERR612074	ERR612071	ERR612073	ERR612075	ERR612072	ERR612076	ERR607446	ERR607445	ERR607448	ERR607447	ERR607449	ERR607450
ERR636720	4.88747e+08	3.42288e+08	3.33343e+08	3.42538e+08	3.34882e+08	3.074e+08	2.50592e+08	2.7611e+08	2.74898e+08	2.54373e+08	3.04186e+08	2.75043e+08	2.64349e+08	1.83358e+08	2.5871e+08	1.81051e+08	2.31985e+08	2.35453e+08	2.87028e+08	2.88295e+08	3.02161e+08	2.99393e+08	2.77044e+08	2.92399e+08	3.4575e+08	3.47463e+08	3.10084e+08	2.63019e+08	2.99781e+08	3.0039e+08	3.37604e+08	3.48321e+08	3.31655e+08	3.33284e+08	3.51768e+08	3.23454e+08	2.65545e+08	1.71196e+08	2.39647e+08	2.51876e+08	2.50135e+08	2.53053e+08	1.96544e+08	2.49812e+08	2.6785e+08	1.99096e+08	2.67547e+08	1.95795e+08	2.04654e+08	2.42638e+08	2.01587e+08	2.41805e+08	2.40164e+08	2.06983e+08	2.50969e+08	2.43642e+08	2.43588e+08	1.41391e+08	2.18083e+08	1.99377e+08	1.39253e+08	1.40981e+08	1.71272e+08	2.2342e+08	2.38921e+08	2.20291e+08	2.13407e+08	1.79663e+08	2.09704e+08	1.77413e+08	1.81113e+08	1.80983e+08	2.42938e+08	2.30584e+08	2.49895e+08	2.40555e+08	2.32336e+08	2.48031e+08	1.7171e+08	2.23191e+08	2.40426e+08	1.67086e+08	1.53482e+08	1.61831e+08	1.67557e+08	2.0114e+08	1.88022e+08	2.00306e+08	1.85809e+08	1.432e+08	2.12041e+08	2.05249e+08	2.68076e+08	2.04806e+08	2.65605e+08	2.65787e+08
ERR636718	3.42288e+08	4.88621e+08	3.32684e+08	3.41937e+08	3.345e+08	3.06943e+08	2.50112e+08	2.75715e+08	2.74498e+08	2.53919e+08	3.03652e+08	2.74497e+08	2.64108e+08	1.83029e+08	2.58634e+08	1.80913e+08	2.31883e+08	2.35335e+08	2.86708e+08	2.87993e+08	3.01917e+08	2.98893e+08	2.76867e+08	2.92041e+08	3.45032e+08	3.46987e+08	3.09687e+08	2.62495e+08	2.99192e+08	2.99814e+08	3.37186e+08	3.47595e+08	3.31072e+08	3.32717e+08	3.51191e+08	3.22759e+08	2.65466e+08	1.71251e+08	2.39467e+08	2.51759e+08	2.49893e+08	2.52696e+08	1.96102e+08	2.49207e+08	2.67227e+08	1.98519e+08	2.67161e+08	1.95277e+08	2.0447e+08	2.42334e+08	2.01445e+08	2.41337e+08	2.39921e+08	2.06724e+08	2.50733e+08	2.43435e+08	2.43328e+08	1.41301e+08	2.17803e+08	1.99079e+08	1.38583e+08	1.40391e+08	1.70378e+08	2.22561e+08	2.38069e+08	2.19726e+08	2.13392e+08	1.7962e+08	2.09568e+08	1.77478e+08	1.81126e+08	1.81024e+08	2.42847e+08	2.30577e+08	2.49902e+08	2.40664e+08	2.32328e+08	2.48164e+08	1.71705e+08	2.22953e+08	2.40291e+08	1.66993e+08	1.53427e+08	1.61684e+08	1.67421e+08	2.00928e+08	1.87813e+08	2.00162e+08	1.85804e+08	1.43085e+08	2.1159e+08	2.05073e+08	2.67702e+08	2.04578e+08	2.65104e+08	2.6553e+08
ERR636716	3.33343e+08	3.32684e+08	4.68357e+08	3.32939e+08	3.27833e+08	3.00984e+08	2.44427e+08	2.69555e+08	2.68332e+08	2.48333e+08	2.96931e+08	2.68451e+08	2.58002e+08	1.79096e+08	2.52367e+08	1.76858e+08	2.26489e+08	2.29961e+08	2.80245e+08	2.81555e+08	2.95073e+08	2.92477e+08	2.70707e+08	2.85564e+08	3.3747e+08	3.39272e+08	3.0288e+08	2.56721e+08	2.92791e+08	2.93485e+08	3.29408e+08	3.3998e+08	3.23503e+08	3.2517e+08	3.4315e+08	3.15536e+08	2.59376e+08	1.67112e+08	2.33961e+08	2.45865e+08	2.44001e+08	2.46841e+08	1.9223e+08	2.43717e+08	2.61445e+08	1.94471e+08	2.61145e+08	1.91378e+08	1.99607e+08	2.36831e+08	1.96584e+08	2.35863e+08	2.34269e+08	2.01731e+08	2.44798e+08	2.37716e+08	2.3769e+08	1.3799e+08	2.12919e+08	1.94505e+08	1.35968e+08	1.37676e+08	1.67322e+08	2.1775e+08	2.32906e+08	2.14862e+08	2.07987e+08	1.74973e+08	2.043e+08	1.72697e+08	1.7647e+08	1.76285e+08	2.36713e+08	2.24548e+08	2.43653e+08	2.34535e+08	2.26327e+08	2.41674e+08	1.67292e+08	2.17311e+08	2.34176e+08	1.62793e+08	1.49362e+08	1.57432e+08	1.63098e+08	1.95955e+08	1.83162e+08	1.95188e+08	1.81037e+08	1.39518e+08	2.06853e+08	2.0028e+08	2.61521e+08	1.99954e+08	2.59116e+08	2.59353e+08
ERR636719	3.42538e+08	3.41937e+08	3.32939e+08	4.88457e+08	3.34621e+08	3.07138e+08	2.50179e+08	2.75962e+08	2.74666e+08	2.54114e+08	3.03917e+08	2.74875e+08	2.63933e+08	1.82993e+08	2.58223e+08	1.80768e+08	2.31684e+08	2.35158e+08	2.8687e+08	2.88093e+08	3.01783e+08	2.98953e+08	2.76937e+08	2.92128e+08	3.45285e+08	3.47108e+08	3.09765e+08	2.62557e+08	2.99419e+08	2.99939e+08	3.37049e+08	3.4785e+08	3.31178e+08	3.32794e+08	3.51227e+08	3.22936e+08	2.6553e+08	1.71206e+08	2.39536e+08	2.51762e+08	2.49976e+08	2.52912e+08	1.96261e+08	2.49131e+08	2.67284e+08	1.98552e+08	2.6717e+08	1.9532e+08	2.04333e+08	2.42362e+08	2.01271e+08	2.41317e+08	2.39724e+08	2.06476e+08	2.50616e+08	2.43293e+08	2.43282e+08	1.41269e+08	2.17693e+08	1.99147e+08	1.38804e+08	1.40617e+08	1.70795e+08	2.2285e+08	2.38469e+08	2.19884e+08	2.13205e+08	1.79507e+08	2.09271e+08	1.77078e+08	1.80931e+08	1.80799e+08	2.42767e+08	2.30268e+08	2.49522e+08	2.40269e+08	2.32048e+08	2.47877e+08	1.71501e+08	2.22853e+08	2.40026e+08	1.66816e+08	1.53311e+08	1.61671e+08	1.6738e+08	2.00829e+08	1.87872e+08	2.0006e+08	1.85601e+08	1.4302e+08	2.11673e+08	2.05048e+08	2.6767e+08	2.04517e+08	2.6512e+08	2.65473e+08
ERR636717	3.34882e+08	3.345e+08	3.27833e+08	3.34621e+08	4.72434e+08	3.02616e+08	2.45437e+08	2.70683e+08	2.69043e+08	2.4909e+08	2.9776e+08	2.69452e+08	2.58304e+08	1.79109e+08	2.52882e+08	1.76805e+08	2.27046e+08	2.30309e+08	2.81782e+08	2.83112e+08	2.97029e+08	2.93743e+08	2.72389e+08	2.87155e+08	3.38522e+08	3.40249e+08	3.03823e+08	2.5815e+08	2.93499e+08	2.94093e+08	3.3112e+08	3.41448e+08	3.25231e+08	3.26911e+08	3.45384e+08	3.17391e+08	2.60734e+08	1.68909e+08	2.35802e+08	2.47557e+08	2.45598e+08	2.48478e+08	1.92218e+08	2.4466e+08	2.62063e+08	1.94558e+08	2.6221e+08	1.91531e+08	1.99737e+08	2.36561e+08	1.96994e+08	2.35747e+08	2.34194e+08	2.01884e+08	2.45003e+08	2.38006e+08	2.37828e+08	1.38586e+08	2.12921e+08	1.94789e+08	1.33929e+08	1.35649e+08	1.64687e+08	2.1622e+08	2.3144e+08	2.13421e+08	2.08648e+08	1.76233e+08	2.05002e+08	1.73922e+08	1.77707e+08	1.77163e+08	2.38036e+08	2.26045e+08	2.44677e+08	2.35554e+08	2.27556e+08	2.43089e+08	1.68207e+08	2.18678e+08	2.35313e+08	1.6368e+08	1.50792e+08	1.58355e+08	1.63794e+08	1.96487e+08	1.83784e+08	1.96e+08	1.81764e+08	1.3997e+08	2.07946e+08	2.01515e+08	2.62881e+08	2.00972e+08	2.60249e+08	2.60564e+08
ERR636715	3.074e+08	3.06943e+08	3.00984e+08	3.07138e+08	3.02616e+08	4.06394e+08	2.25317e+08	2.48469e+08	2.47127e+08	2.28816e+08	2.73214e+08	2.47407e+08	2.35802e+08	1.63766e+08	2.30635e+08	1.61643e+08	2.07157e+08	2.10305e+08	2.59049e+08	2.60228e+08	2.72848e+08	2.70121e+08	2.50576e+08	2.63833e+08	3.10321e+08	3.11888e+08	2.78713e+08	2.37132e+08	2.69444e+08	2.70014e+08	3.03612e+08	3.1334e+08	2.98237e+08	2.99767e+08	3.16491e+08	2.91294e+08	2.39315e+08	1.55075e+08	2.16282e+08	2.27121e+08	2.25451e+08	2.27924e+08	1.76817e+08	2.24115e+08	2.40236e+08	1.7889e+08	2.40259e+08	1.7606e+08	1.81104e+08	2.14672e+08	1.78531e+08	2.13793e+08	2.12364e+08	1.82969e+08	2.23131e+08	2.16545e+08	2.16563e+08	1.26145e+08	1.9395e+08	1.77374e+08	1.22642e+08	1.24087e+08	1.50695e+08	1.97335e+08	2.11193e+08	1.94849e+08	1.89039e+08	1.59252e+08	1.85556e+08	1.57229e+08	1.6058e+08	1.60443e+08	2.15295e+08	2.04341e+08	2.21424e+08	2.13153e+08	2.05888e+08	2.19754e+08	1.52453e+08	1.98099e+08	2.13126e+08	1.48292e+08	1.36524e+08	1.43497e+08	1.4822e+08	1.78009e+08	1.66376e+08	1.77364e+08	1.64538e+08	1.26732e+08	1.90743e+08	1.84715e+08	2.40929e+08	1.84362e+08	2.38461e+08	2.38824e+08
ERR621924	2.50592e+08	2.50112e+08	2.44427e+08	2.50179e+08	2.45437e+08	2.25317e+08	3.47265e+08	2.56986e+08	2.56647e+08	2.3766e+08	2.82203e+08	2.56264e+08	2.23452e+08	1.56261e+08	2.18679e+08	1.54161e+08	1.96886e+08	1.99341e+08	2.21958e+08	2.22932e+08	2.33426e+08	2.31202e+08	2.13992e+08	2.26269e+08	2.67677e+08	2.69078e+08	2.39781e+08	2.02601e+08	2.32304e+08	2.32772e+08	2.57605e+08	2.65944e+08	2.52843e+08	2.53986e+08	2.68084e+08	2.46538e+08	2.10877e+08	1.3634e+08	1.90363e+08	2.00085e+08	1.9874e+08	2.01009e+08	1.53272e+08	1.93575e+08	2.07739e+08	1.55138e+08	2.0737e+08	1.52617e+08	1.59326e+08	1.89038e+08	1.56469e+08	1.8812e+08	1.86901e+08	1.60979e+08	1.9443e+08	1.88745e+08	1.88728e+08	1.0923e+08	1.69035e+08	1.54384e+08	1.21256e+08	1.2274e+08	1.48786e+08	1.91873e+08	2.05323e+08	1.89331e+08	1.66582e+08	1.40134e+08	1.6359e+08	1.3834e+08	1.4134e+08	1.41231e+08	1.87996e+08	1.77987e+08	1.93452e+08	1.8611e+08	1.79571e+08	1.91532e+08	1.32846e+08	1.72442e+08	1.85915e+08	1.29509e+08	1.1846e+08	1.25268e+08	1.48151e+08	1.75057e+08	1.64426e+08	1.74547e+08	1.62536e+08	1.28336e+08	1.63244e+08	1.58123e+08	2.06727e+08	1.57929e+08	2.04964e+08	2.04926e+08
ERR621920	2.7611e+08	2.75715e+08	2.69555e+08	2.75962e+08	2.70683e+08	2.48469e+08	2.56986e+08	4.10233e+08	2.8177e+08	2.60932e+08	3.12093e+08	2.82898e+08	2.46384e+08	1.71963e+08	2.41156e+08	1.69619e+08	2.17228e+08	2.19641e+08	2.44625e+08	2.45619e+08	2.57414e+08	2.54766e+08	2.35831e+08	2.49461e+08	2.95609e+08	2.97176e+08	2.64851e+08	2.2372e+08	2.56277e+08	2.56864e+08	2.84417e+08	2.93534e+08	2.7914e+08	2.80438e+08	2.96075e+08	2.72129e+08	2.32757e+08	1.50319e+08	2.10112e+08	2.20828e+08	2.19559e+08	2.21967e+08	1.6874e+08	2.13432e+08	2.29085e+08	1.70745e+08	2.28815e+08	1.67927e+08	1.76347e+08	2.09034e+08	1.73357e+08	2.08264e+08	2.06885e+08	1.78338e+08	2.15342e+08	2.0918e+08	2.09002e+08	1.211e+08	1.8731e+08	1.70962e+08	1.3378e+08	1.35419e+08	1.64098e+08	2.12394e+08	2.27193e+08	2.09616e+08	1.84711e+08	1.55347e+08	1.81345e+08	1.53356e+08	1.56764e+08	1.56637e+08	2.083e+08	1.97384e+08	2.14418e+08	2.0636e+08	1.9904e+08	2.12445e+08	1.47135e+08	1.90969e+08	2.0604e+08	1.4334e+08	1.31212e+08	1.38666e+08	1.64201e+08	1.9409e+08	1.82444e+08	1.93398e+08	1.80359e+08	1.42203e+08	1.80147e+08	1.74579e+08	2.28189e+08	1.74283e+08	2.26219e+08	2.26205e+08
ERR621922	2.74898e+08	2.74498e+08	2.68332e+08	2.74666e+08	2.69043e+08	2.47127e+08	2.56647e+08	2.8177e+08	4.066e+08	2.60494e+08	3.0999e+08	2.81238e+08	2.45737e+08	1.71761e+08	2.40562e+08	1.69324e+08	2.16375e+08	2.19312e+08	2.435e+08	2.4439e+08	2.55895e+08	2.53753e+08	2.34582e+08	2.48197e+08	2.94549e+08	2.96244e+08	2.63751e+08	2.22427e+08	2.55499e+08	2.5597e+08	2.82864e+08	2.91899e+08	2.7769e+08	2.78908e+08	2.94353e+08	2.70542e+08	2.31368e+08	1.49146e+08	2.08729e+08	2.19576e+08	2.18058e+08	2.20518e+08	1.68232e+08	2.12578e+08	2.2837e+08	1.70405e+08	2.27861e+08	1.67574e+08	1.75972e+08	2.08879e+08	1.72715e+08	2.08064e+08	2.06697e+08	1.77904e+08	2.14494e+08	2.08357e+08	2.08364e+08	1.20402e+08	1.86588e+08	1.70351e+08	1.34356e+08	1.3589e+08	1.64911e+08	2.11955e+08	2.26767e+08	2.09173e+08	1.83945e+08	1.54526e+08	1.8066e+08	1.52513e+08	1.55887e+08	1.55935e+08	2.07407e+08	1.96382e+08	2.13599e+08	2.05458e+08	1.98191e+08	2.11452e+08	1.46409e+08	1.90031e+08	2.05265e+08	1.42805e+08	1.30379e+08	1.38141e+08	1.63218e+08	1.92964e+08	1.81446e+08	1.92468e+08	1.7915e+08	1.41307e+08	1.79268e+08	1.73508e+08	2.27218e+08	1.73488e+08	2.25236e+08	2.25281e+08
ERR621923	2.54373e+08	2.53919e+08	2.48333e+08	2.54114e+08	2.4909e+08	2.28816e+08	2.3766e+08	2.60932e+08	2.60494e+08	3.56712e+08	2.86701e+08	2.60164e+08	2.27069e+08	1.58766e+08	2.22222e+08	1.56693e+08	2.00095e+08	2.0269e+08	2.25535e+08	2.26381e+08	2.37089e+08	2.34957e+08	2.1723e+08	2.30002e+08	2.72173e+08	2.73609e+08	2.43791e+08	2.05803e+08	2.36071e+08	2.366e+08	2.61982e+08	2.7043e+08	2.571e+08	2.58449e+08	2.72706e+08	2.50693e+08	2.13959e+08	1.38313e+08	1.93171e+08	2.03157e+08	2.01811e+08	2.03957e+08	1.562e+08	1.97017e+08	2.11626e+08	1.58041e+08	2.11163e+08	1.55429e+08	1.62618e+08	1.929e+08	1.59645e+08	1.92081e+08	1.90737e+08	1.64243e+08	1.97992e+08	1.92349e+08	1.92292e+08	1.11216e+08	1.72172e+08	1.572e+08	1.23477e+08	1.2505e+08	1.51684e+08	1.95145e+08	2.08925e+08	1.92713e+08	1.69953e+08	1.42937e+08	1.67013e+08	1.41052e+08	1.44156e+08	1.44176e+08	1.91742e+08	1.81673e+08	1.97432e+08	1.89981e+08	1.83129e+08	1.95559e+08	1.35482e+08	1.75765e+08	1.89628e+08	1.32022e+08	1.20653e+08	1.27666e+08	1.50482e+08	1.77921e+08	1.67208e+08	1.77372e+08	1.65275e+08	1.30246e+08	1.65981e+08	1.60728e+08	2.10126e+08	1.60459e+08	2.08315e+08	2.08298e+08
ERR621919	3.04186e+08	3.03652e+08	2.96931e+08	3.03917e+08	2.9776e+08	2.73214e+08	2.82203e+08	3.12093e+08	3.0999e+08	2.86701e+08	4.8535e+08	3.10943e+08	2.71559e+08	1.89433e+08	2.65931e+08	1.86712e+08	2.39045e+08	2.42145e+08	2.68909e+08	2.70056e+08	2.83046e+08	2.80205e+08	2.58961e+08	2.74319e+08	3.26268e+08	3.2777e+08	2.91938e+08	2.46068e+08	2.82714e+08	2.83316e+08	3.13147e+08	3.23284e+08	3.07205e+08	3.09011e+08	3.25961e+08	2.99389e+08	2.56053e+08	1.64595e+08	2.30915e+08	2.4287e+08	2.41459e+08	2.43966e+08	1.85643e+08	2.34947e+08	2.52526e+08	1.87868e+08	2.51925e+08	1.84721e+08	1.95866e+08	2.32512e+08	1.92302e+08	2.31501e+08	2.29951e+08	1.97988e+08	2.38798e+08	2.31935e+08	2.31933e+08	1.33972e+08	2.07724e+08	1.89482e+08	1.49145e+08	1.50927e+08	1.83134e+08	2.35918e+08	2.52595e+08	2.32847e+08	2.04799e+08	1.72001e+08	2.01201e+08	1.69712e+08	1.73612e+08	1.73577e+08	2.31163e+08	2.19015e+08	2.37841e+08	2.28892e+08	2.20769e+08	2.35864e+08	1.63058e+08	2.1176e+08	2.28456e+08	1.5899e+08	1.45243e+08	1.53774e+08	1.81447e+08	2.14624e+08	2.01595e+08	2.13993e+08	1.9931e+08	1.5695e+08	1.983e+08	1.92034e+08	2.51536e+08	1.91878e+08	2.4926e+08	2.49337e+08
ERR621921	2.75043e+08	2.74497e+08	2.68451e+08	2.74875e+08	2.69452e+08	2.47407e+08	2.56264e+08	2.82898e+08	2.81238e+08	2.60164e+08	3.10943e+08	4.08042e+08	2.45988e+08	1.71687e+08	2.40648e+08	1.69328e+08	2.16701e+08	2.19291e+08	2.43595e+08	2.44532e+08	2.56334e+08	2.53784e+08	2.34802e+08	2.48272e+08	2.94588e+08	2.96235e+08	2.64011e+08	2.22875e+08	2.55514e+08	2.56109e+08	2.83412e+08	2.92474e+08	2.78099e+08	2.79433e+08	2.95082e+08	2.71186e+08	2.31735e+08	1.49666e+08	2.0917e+08	2.19766e+08	2.18477e+08	2.20869e+08	1.68365e+08	2.1302e+08	2.28635e+08	1.70402e+08	2.28265e+08	1.67545e+08	1.76146e+08	2.08945e+08	1.73047e+08	2.08088e+08	2.06661e+08	1.78022e+08	2.14723e+08	2.08554e+08	2.08485e+08	1.2085e+08	1.86755e+08	1.70483e+08	1.3365e+08	1.35235e+08	1.63921e+08	2.11794e+08	2.26638e+08	2.08998e+08	1.84119e+08	1.55011e+08	1.80925e+08	1.52942e+08	1.56273e+08	1.56212e+08	2.07716e+08	1.96833e+08	2.13893e+08	2.05792e+08	1.98599e+08	2.11952e+08	1.4691e+08	1.90671e+08	2.05589e+08	1.43212e+08	1.31015e+08	1.38535e+08	1.63774e+08	1.9358e+08	1.8202e+08	1.93055e+08	1.79868e+08	1.42013e+08	1.79621e+08	1.73883e+08	2.27526e+08	1.73643e+08	2.25447e+08	2.25442e+08
ERR626848	2.64349e+08	2.64108e+08	2.58002e+08	2.63933e+08	2.58304e+08	2.35802e+08	2.23452e+08	2.46384e+08	2.45737e+08	2.27069e+08	2.71559e+08	2.45988e+08	4.61385e+08	2.24544e+08	3.15198e+08	2.21465e+08	2.83483e+08	2.87053e+08	2.31325e+08	2.33034e+08	2.44295e+08	2.42354e+08	2.22291e+08	2.3644e+08	3.11896e+08	3.13414e+08	2.77468e+08	2.32016e+08	2.68818e+08	2.69446e+08	2.76322e+08	2.8586e+08	2.70322e+08	2.71993e+08	2.88006e+08	2.63535e+08	2.44398e+08	1.56542e+08	2.20037e+08	2.32047e+08	2.30021e+08	2.32644e+08	1.72024e+08	2.18188e+08	2.35398e+08	1.74481e+08	2.34207e+08	1.7146e+08	2.10674e+08	2.50022e+08	2.07049e+08	2.49096e+08	2.47503e+08	2.1296e+08	2.40091e+08	2.33622e+08	2.3345e+08	1.34406e+08	2.09298e+08	1.90955e+08	1.4449e+08	1.46647e+08	1.77447e+08	2.25804e+08	2.42205e+08	2.23187e+08	2.25069e+08	1.89168e+08	2.21024e+08	1.86837e+08	1.90824e+08	1.90797e+08	2.50933e+08	2.37761e+08	2.5812e+08	2.48589e+08	2.39548e+08	2.55861e+08	1.75288e+08	2.27494e+08	2.45449e+08	1.70802e+08	1.55514e+08	1.6502e+08	1.8985e+08	2.24834e+08	2.11413e+08	2.24264e+08	2.08747e+08	1.63919e+08	1.8822e+08	1.82406e+08	2.38733e+08	1.81927e+08	2.36994e+08	2.36831e+08
ERR626846	1.83358e+08	1.83029e+08	1.79096e+08	1.82993e+08	1.79109e+08	1.63766e+08	1.56261e+08	1.71963e+08	1.71761e+08	1.58766e+08	1.89433e+08	1.71687e+08	2.24544e+08	2.53912e+08	2.20006e+08	1.56476e+08	1.98082e+08	2.00774e+08	1.60385e+08	1.61634e+08	1.69187e+08	1.6807e+08	1.54251e+08	1.64013e+08	2.16825e+08	2.17703e+08	1.92978e+08	1.61267e+08	1.87369e+08	1.87816e+08	1.91019e+08	1.97804e+08	1.86872e+08	1.88058e+08	1.9875e+08	1.82195e+08	1.69896e+08	1.08862e+08	1.52956e+08	1.61207e+08	1.59766e+08	1.61554e+08	1.20701e+08	1.51643e+08	1.63731e+08	1.22262e+08	1.62761e+08	1.20218e+08	1.44883e+08	1.71992e+08	1.41964e+08	1.71376e+08	1.70297e+08	1.46408e+08	1.65572e+08	1.61171e+08	1.61079e+08	9.23055e+07	1.44488e+08	1.31723e+08	1.01542e+08	1.03018e+08	1.2478e+08	1.57043e+08	1.68369e+08	1.55097e+08	1.53758e+08	1.28812e+08	1.51025e+08	1.27133e+08	1.29981e+08	1.30267e+08	1.71631e+08	1.6236e+08	1.76613e+08	1.69958e+08	1.63633e+08	1.7487e+08	1.19836e+08	1.55325e+08	1.67748e+08	1.16812e+08	1.05865e+08	1.12826e+08	1.29986e+08	1.5386e+08	1.44634e+08	1.53429e+08	1.42839e+08	1.12248e+08	1.30875e+08	1.26841e+08	1.65842e+08	1.26645e+08	1.64673e+08	1.64575e+08
ERR626843	2.5871e+08	2.58634e+08	2.52367e+08	2.58223e+08	2.52882e+08	2.30635e+08	2.18679e+08	2.41156e+08	2.40562e+08	2.22222e+08	2.65931e+08	2.40648e+08	3.15198e+08	2.20006e+08	4.45887e+08	2.16846e+08	2.7858e+08	2.81879e+08	2.26179e+08	2.27886e+08	2.38972e+08	2.37085e+08	2.17507e+08	2.31348e+08	3.05072e+08	3.06335e+08	2.71447e+08	2.26789e+08	2.62911e+08	2.6339e+08	2.70309e+08	2.79684e+08	2.64365e+08	2.66015e+08	2.81674e+08	2.57725e+08	2.39209e+08	1.52941e+08	2.15261e+08	2.26941e+08	2.25052e+08	2.27684e+08	1.68284e+08	2.13373e+08	2.3018e+08	1.70498e+08	2.28966e+08	1.67665e+08	2.06495e+08	2.44993e+08	2.0311e+08	2.44072e+08	2.42568e+08	2.0876e+08	2.35851e+08	2.29329e+08	2.29252e+08	1.31944e+08	2.05479e+08	1.87529e+08	1.41729e+08	1.43858e+08	1.74078e+08	2.22058e+08	2.38084e+08	2.19281e+08	2.20825e+08	1.85538e+08	2.16804e+08	1.83164e+08	1.87116e+08	1.87333e+08	2.46127e+08	2.33288e+08	2.53053e+08	2.43851e+08	2.34956e+08	2.51036e+08	1.71966e+08	2.23124e+08	2.4071e+08	1.67541e+08	1.52578e+08	1.61965e+08	1.8632e+08	2.20754e+08	2.07385e+08	2.19975e+08	2.04937e+08	1.60873e+08	1.84015e+08	1.78459e+08	2.33402e+08	1.77886e+08	2.31587e+08	2.31658e+08
ERR626847	1.81051e+08	1.80913e+08	1.76858e+08	1.80768e+08	1.76805e+08	1.61643e+08	1.54161e+08	1.69619e+08	1.69324e+08	1.56693e+08	1.86712e+08	1.69328e+08	2.21465e+08	1.56476e+08	2.16846e+08	2.4824e+08	1.95243e+08	1.97978e+08	1.58241e+08	1.59371e+08	1.66905e+08	1.65869e+08	1.5217e+08	1.61823e+08	2.13691e+08	2.1461e+08	1.90127e+08	1.58996e+08	1.84589e+08	1.84987e+08	1.88633e+08	1.9517e+08	1.84511e+08	1.85724e+08	1.96324e+08	1.79871e+08	1.67545e+08	1.07331e+08	1.50765e+08	1.59057e+08	1.57573e+08	1.59332e+08	1.19009e+08	1.49687e+08	1.61499e+08	1.20613e+08	1.60527e+08	1.1866e+08	1.42589e+08	1.69196e+08	1.398e+08	1.68593e+08	1.67577e+08	1.44063e+08	1.62881e+08	1.58484e+08	1.58298e+08	9.08864e+07	1.42165e+08	1.29527e+08	9.95504e+07	1.01085e+08	1.2238e+08	1.54105e+08	1.65248e+08	1.52206e+08	1.51561e+08	1.27009e+08	1.48806e+08	1.25375e+08	1.28093e+08	1.28432e+08	1.6903e+08	1.59929e+08	1.73995e+08	1.67463e+08	1.61063e+08	1.72071e+08	1.17972e+08	1.52949e+08	1.65205e+08	1.14928e+08	1.04284e+08	1.11115e+08	1.27862e+08	1.51398e+08	1.42353e+08	1.5091e+08	1.40525e+08	1.10338e+08	1.29133e+08	1.25078e+08	1.63592e+08	1.24885e+08	1.62337e+08	1.62227e+08
ERR626844	2.31985e+08	2.31883e+08	2.26489e+08	2.31684e+08	2.27046e+08	2.07157e+08	1.96886e+08	2.17228e+08	2.16375e+08	2.00095e+08	2.39045e+08	2.16701e+08	2.83483e+08	1.98082e+08	2.7858e+08	1.95243e+08	3.72221e+08	2.5379e+08	2.03067e+08	2.04594e+08	2.14533e+08	2.12866e+08	1.95238e+08	2.07497e+08	2.73112e+08	2.74334e+08	2.4303e+08	2.03597e+08	2.3531e+08	2.35828e+08	2.42138e+08	2.50572e+08	2.36982e+08	2.3841e+08	2.52591e+08	2.31039e+08	2.14783e+08	1.38002e+08	1.93534e+08	2.04024e+08	2.02225e+08	2.04582e+08	1.50813e+08	1.91348e+08	2.06258e+08	1.53024e+08	2.05267e+08	1.50417e+08	1.84446e+08	2.18775e+08	1.81496e+08	2.17874e+08	2.16534e+08	1.86407e+08	2.10286e+08	2.04668e+08	2.04512e+08	1.1797e+08	1.83319e+08	1.67323e+08	1.26204e+08	1.28029e+08	1.54833e+08	1.9824e+08	2.12545e+08	1.95987e+08	1.97486e+08	1.66041e+08	1.93843e+08	1.64115e+08	1.67587e+08	1.67586e+08	2.20053e+08	2.08732e+08	2.26379e+08	2.17985e+08	2.10086e+08	2.24506e+08	1.53802e+08	1.9945e+08	2.1512e+08	1.49856e+08	1.36593e+08	1.44807e+08	1.67419e+08	1.9822e+08	1.86466e+08	1.97666e+08	1.84267e+08	1.44835e+08	1.65233e+08	1.60112e+08	2.09292e+08	1.5961e+08	2.07676e+08	2.07595e+08
ERR626845	2.35453e+08	2.35335e+08	2.29961e+08	2.35158e+08	2.30309e+08	2.10305e+08	1.99341e+08	2.19641e+08	2.19312e+08	2.0269e+08	2.42145e+08	2.19291e+08	2.87053e+08	2.00774e+08	2.81879e+08	1.97978e+08	2.5379e+08	3.80191e+08	2.06346e+08	2.07801e+08	2.17783e+08	2.16094e+08	1.98345e+08	2.10839e+08	2.77582e+08	2.78799e+08	2.47014e+08	2.06637e+08	2.39305e+08	2.39893e+08	2.45954e+08	2.54477e+08	2.40672e+08	2.42191e+08	2.56335e+08	2.34595e+08	2.18224e+08	1.40022e+08	1.96536e+08	2.07057e+08	2.05285e+08	2.07639e+08	1.53604e+08	1.94637e+08	2.09779e+08	1.55643e+08	2.08655e+08	1.53056e+08	1.87099e+08	2.22036e+08	1.84008e+08	2.21105e+08	2.19717e+08	1.89084e+08	2.13321e+08	2.07475e+08	2.07429e+08	1.19433e+08	1.85805e+08	1.69685e+08	1.28234e+08	1.30023e+08	1.57405e+08	2.00307e+08	2.14828e+08	1.97769e+08	1.99903e+08	1.67969e+08	1.96294e+08	1.65854e+08	1.69506e+08	1.69523e+08	2.22816e+08	2.11104e+08	2.29228e+08	2.20768e+08	2.12714e+08	2.27242e+08	1.55709e+08	2.02104e+08	2.17949e+08	1.51757e+08	1.38337e+08	1.46708e+08	1.68492e+08	1.99511e+08	1.87644e+08	1.99002e+08	1.85247e+08	1.45437e+08	1.67711e+08	1.62557e+08	2.12605e+08	1.6214e+08	2.10817e+08	2.10922e+08
ERR636796	2.87028e+08	2.86708e+08	2.80245e+08	2.8687e+08	2.81782e+08	2.59049e+08	2.21958e+08	2.44625e+08	2.435e+08	2.25535e+08	2.68909e+08	2.43595e+08	2.31325e+08	1.60385e+08	2.26179e+08	1.58241e+08	2.03067e+08	2.06346e+08	4.04459e+08	2.79769e+08	2.92075e+08	2.88887e+08	2.68264e+08	2.83908e+08	3.15257e+08	3.16765e+08	2.83484e+08	2.40975e+08	2.73855e+08	2.74318e+08	3.05248e+08	3.14419e+08	2.99921e+08	3.01313e+08	3.17907e+08	2.92693e+08	2.37482e+08	1.54189e+08	2.1469e+08	2.25323e+08	2.23895e+08	2.26572e+08	1.73391e+08	2.20274e+08	2.35737e+08	1.75385e+08	2.35829e+08	1.7264e+08	1.77255e+08	2.10064e+08	1.74739e+08	2.0917e+08	2.07832e+08	1.79132e+08	2.18208e+08	2.11973e+08	2.11808e+08	1.23344e+08	1.89582e+08	1.73413e+08	1.19161e+08	1.20752e+08	1.46552e+08	1.92461e+08	2.0582e+08	1.89895e+08	1.86092e+08	1.57021e+08	1.82855e+08	1.55045e+08	1.58252e+08	1.57956e+08	2.11322e+08	2.00779e+08	2.17398e+08	2.09252e+08	2.02178e+08	2.15722e+08	1.49804e+08	1.94569e+08	2.09624e+08	1.45859e+08	1.34206e+08	1.41099e+08	1.45112e+08	1.74233e+08	1.6293e+08	1.73678e+08	1.6107e+08	1.23873e+08	1.94904e+08	1.88689e+08	2.45746e+08	1.88232e+08	2.43372e+08	2.43915e+08
ERR636797	2.88295e+08	2.87993e+08	2.81555e+08	2.88093e+08	2.83112e+08	2.60228e+08	2.22932e+08	2.45619e+08	2.4439e+08	2.26381e+08	2.70056e+08	2.44532e+08	2.33034e+08	1.61634e+08	2.27886e+08	1.59371e+08	2.04594e+08	2.07801e+08	2.79769e+08	4.06874e+08	2.93281e+08	2.89963e+08	2.69416e+08	2.84991e+08	3.16304e+08	3.17985e+08	2.84462e+08	2.41797e+08	2.74943e+08	2.75444e+08	3.06252e+08	3.15459e+08	3.00809e+08	3.02243e+08	3.18644e+08	2.93509e+08	2.3848e+08	1.54862e+08	2.15697e+08	2.26527e+08	2.24902e+08	2.2759e+08	1.74041e+08	2.20922e+08	2.36698e+08	1.76097e+08	2.36646e+08	1.73319e+08	1.77917e+08	2.10896e+08	1.75414e+08	2.10158e+08	2.08619e+08	1.79867e+08	2.19054e+08	2.12738e+08	2.12546e+08	1.23801e+08	1.90298e+08	1.74047e+08	1.19782e+08	1.21427e+08	1.47366e+08	1.93051e+08	2.06612e+08	1.90624e+08	1.86668e+08	1.57421e+08	1.8347e+08	1.55361e+08	1.58682e+08	1.58504e+08	2.12137e+08	2.0119e+08	2.18203e+08	2.10073e+08	2.02829e+08	2.16407e+08	1.50298e+08	1.95279e+08	2.10349e+08	1.46371e+08	1.34651e+08	1.41621e+08	1.4573e+08	1.74944e+08	1.63546e+08	1.74276e+08	1.61677e+08	1.24403e+08	1.95604e+08	1.89323e+08	2.46642e+08	1.88892e+08	2.44191e+08	2.44692e+08
ERR636795	3.02161e+08	3.01917e+08	2.95073e+08	3.01783e+08	2.97029e+08	2.72848e+08	2.33426e+08	2.57414e+08	2.55895e+08	2.37089e+08	2.83046e+08	2.56334e+08	2.44295e+08	1.69187e+08	2.38972e+08	1.66905e+08	2.14533e+08	2.17783e+08	2.92075e+08	2.93281e+08	4.43329e+08	3.04835e+08	2.83111e+08	2.97567e+08	3.32044e+08	3.33669e+08	2.98265e+08	2.53692e+08	2.88137e+08	2.88657e+08	3.21483e+08	3.31254e+08	3.15807e+08	3.17244e+08	3.34996e+08	3.08315e+08	2.5051e+08	1.62731e+08	2.26503e+08	2.37787e+08	2.36141e+08	2.38962e+08	1.82173e+08	2.32037e+08	2.48344e+08	1.84406e+08	2.48528e+08	1.81522e+08	1.87835e+08	2.22622e+08	1.85494e+08	2.21734e+08	2.20153e+08	1.89991e+08	2.30744e+08	2.24083e+08	2.24036e+08	1.30641e+08	2.00519e+08	1.83439e+08	1.24997e+08	1.26639e+08	1.53645e+08	2.02366e+08	2.16606e+08	1.99839e+08	1.97714e+08	1.66964e+08	1.94292e+08	1.64784e+08	1.68328e+08	1.67905e+08	2.24613e+08	2.13321e+08	2.31023e+08	2.22458e+08	2.15006e+08	2.29439e+08	1.5904e+08	2.0687e+08	2.22514e+08	1.54757e+08	1.42875e+08	1.49911e+08	1.54084e+08	1.84815e+08	1.72855e+08	1.84308e+08	1.70903e+08	1.31671e+08	2.05288e+08	1.98801e+08	2.58857e+08	1.9821e+08	2.56273e+08	2.56847e+08
ERR636794	2.99393e+08	2.98893e+08	2.92477e+08	2.98953e+08	2.93743e+08	2.70121e+08	2.31202e+08	2.54766e+08	2.53753e+08	2.34957e+08	2.80205e+08	2.53784e+08	2.42354e+08	1.6807e+08	2.37085e+08	1.65869e+08	2.12866e+08	2.16094e+08	2.88887e+08	2.89963e+08	3.04835e+08	4.35245e+08	2.80178e+08	2.94345e+08	3.29022e+08	3.30691e+08	2.9557e+08	2.51052e+08	2.85837e+08	2.86345e+08	3.18126e+08	3.27802e+08	3.12232e+08	3.1376e+08	3.31017e+08	3.0476e+08	2.47703e+08	1.60265e+08	2.23798e+08	2.35022e+08	2.33233e+08	2.36077e+08	1.80959e+08	2.29643e+08	2.46246e+08	1.83085e+08	2.46192e+08	1.80226e+08	1.86272e+08	2.20919e+08	1.83469e+08	2.20037e+08	2.18541e+08	1.88341e+08	2.28917e+08	2.22277e+08	2.2228e+08	1.29188e+08	1.99087e+08	1.82003e+08	1.25687e+08	1.27401e+08	1.54747e+08	2.02178e+08	2.16459e+08	1.99467e+08	1.9531e+08	1.64581e+08	1.92025e+08	1.62389e+08	1.6585e+08	1.65798e+08	2.21895e+08	2.10491e+08	2.28351e+08	2.19758e+08	2.12167e+08	2.26471e+08	1.57176e+08	2.04192e+08	2.20044e+08	1.52827e+08	1.4067e+08	1.48002e+08	1.52313e+08	1.82817e+08	1.70948e+08	1.82257e+08	1.69008e+08	1.30189e+08	2.0318e+08	1.9676e+08	2.5651e+08	1.96243e+08	2.53955e+08	2.54435e+08
ERR636793	2.77044e+08	2.76867e+08	2.70707e+08	2.76937e+08	2.72389e+08	2.50576e+08	2.13992e+08	2.35831e+08	2.34582e+08	2.1723e+08	2.58961e+08	2.34802e+08	2.22291e+08	1.54251e+08	2.17507e+08	1.5217e+08	1.95238e+08	1.98345e+08	2.68264e+08	2.69416e+08	2.83111e+08	2.80178e+08	3.81505e+08	2.73306e+08	3.03991e+08	3.05612e+08	2.73627e+08	2.32911e+08	2.64421e+08	2.64768e+08	2.94606e+08	3.0354e+08	2.89464e+08	2.90713e+08	3.06723e+08	2.82598e+08	2.29412e+08	1.49275e+08	2.0753e+08	2.17897e+08	2.16291e+08	2.18778e+08	1.67353e+08	2.12544e+08	2.27335e+08	1.69315e+08	2.27491e+08	1.66617e+08	1.69911e+08	2.01539e+08	1.67708e+08	2.00689e+08	1.99325e+08	1.7177e+08	2.0977e+08	2.03578e+08	2.03606e+08	1.18827e+08	1.82277e+08	1.66776e+08	1.14009e+08	1.15527e+08	1.40239e+08	1.84434e+08	1.97445e+08	1.81959e+08	1.7875e+08	1.50852e+08	1.75607e+08	1.48944e+08	1.52014e+08	1.51699e+08	2.02907e+08	1.92661e+08	2.08719e+08	2.00916e+08	1.94181e+08	2.07111e+08	1.43872e+08	1.86949e+08	2.01222e+08	1.39957e+08	1.29122e+08	1.35519e+08	1.39283e+08	1.67189e+08	1.56329e+08	1.66614e+08	1.54588e+08	1.19022e+08	1.88382e+08	1.82347e+08	2.37303e+08	1.81778e+08	2.34831e+08	2.35396e+08
ERR636798	2.92399e+08	2.92041e+08	2.85564e+08	2.92128e+08	2.87155e+08	2.63833e+08	2.26269e+08	2.49461e+08	2.48197e+08	2.30002e+08	2.74319e+08	2.48272e+08	2.3644e+08	1.64013e+08	2.31348e+08	1.61823e+08	2.07497e+08	2.10839e+08	2.83908e+08	2.84991e+08	2.97567e+08	2.94345e+08	2.73306e+08	4.17605e+08	3.21202e+08	3.2297e+08	2.88712e+08	2.45291e+08	2.79112e+08	2.79625e+08	3.11091e+08	3.20394e+08	3.05634e+08	3.0701e+08	3.23725e+08	2.98121e+08	2.41829e+08	1.5693e+08	2.18684e+08	2.297e+08	2.28121e+08	2.307e+08	1.76826e+08	2.24525e+08	2.40477e+08	1.78885e+08	2.40466e+08	1.7604e+08	1.81191e+08	2.14892e+08	1.78637e+08	2.1405e+08	2.12661e+08	1.83244e+08	2.22967e+08	2.16355e+08	2.16327e+08	1.25911e+08	1.93754e+08	1.77086e+08	1.22049e+08	1.23695e+08	1.50119e+08	1.96735e+08	2.10489e+08	1.94135e+08	1.90187e+08	1.60353e+08	1.86879e+08	1.58278e+08	1.61638e+08	1.61491e+08	2.15929e+08	2.04938e+08	2.22163e+08	2.13825e+08	2.06552e+08	2.20315e+08	1.52934e+08	1.98744e+08	2.14134e+08	1.48918e+08	1.36968e+08	1.44021e+08	1.48372e+08	1.78098e+08	1.66576e+08	1.77467e+08	1.64592e+08	1.26811e+08	1.98452e+08	1.92178e+08	2.50436e+08	1.91727e+08	2.47824e+08	2.48423e+08
ERR613960	3.4575e+08	3.45032e+08	3.3747e+08	3.45285e+08	3.38522e+08	3.10321e+08	2.67677e+08	2.95609e+08	2.94549e+08	2.72173e+08	3.26268e+08	2.94588e+08	3.11896e+08	2.16825e+08	3.05072e+08	2.13691e+08	2.73112e+08	2.77582e+08	3.15257e+08	3.16304e+08	3.32044e+08	3.29022e+08	3.03991e+08	3.21202e+08	6.45737e+08	4.76877e+08	4.26234e+08	3.579e+08	4.12197e+08	4.13276e+08	3.75423e+08	3.8762e+08	3.67823e+08	3.69844e+08	3.90529e+08	3.58704e+08	3.04571e+08	1.94248e+08	2.73925e+08	2.88718e+08	2.86012e+08	2.89505e+08	2.19289e+08	2.78121e+08	2.99661e+08	2.22129e+08	2.98749e+08	2.18423e+08	2.54351e+08	3.02396e+08	2.48826e+08	3.00812e+08	2.99037e+08	2.56881e+08	3.14973e+08	3.06223e+08	3.05881e+08	1.75717e+08	2.74358e+08	2.50189e+08	1.80938e+08	1.83438e+08	2.23208e+08	2.81708e+08	3.00943e+08	2.77702e+08	2.65164e+08	2.21564e+08	2.60076e+08	2.18877e+08	2.23548e+08	2.24122e+08	2.99281e+08	2.83299e+08	3.08254e+08	2.96327e+08	2.85716e+08	3.05361e+08	2.12417e+08	2.76029e+08	2.98085e+08	2.06837e+08	1.88206e+08	1.99952e+08	2.07366e+08	2.49143e+08	2.32896e+08	2.48068e+08	2.29883e+08	1.77152e+08	2.63899e+08	2.55396e+08	3.34636e+08	2.5491e+08	3.31723e+08	3.31814e+08
ERR613965	3.47463e+08	3.46987e+08	3.39272e+08	3.47108e+08	3.40249e+08	3.11888e+08	2.69078e+08	2.97176e+08	2.96244e+08	2.73609e+08	3.2777e+08	2.96235e+08	3.13414e+08	2.17703e+08	3.06335e+08	2.1461e+08	2.74334e+08	2.78799e+08	3.16765e+08	3.17985e+08	3.33669e+08	3.30691e+08	3.05612e+08	3.2297e+08	4.76877e+08	6.50578e+08	4.26891e+08	3.58659e+08	4.14048e+08	4.15031e+08	3.7701e+08	3.89202e+08	3.69515e+08	3.71662e+08	3.92253e+08	3.60313e+08	3.06101e+08	1.95453e+08	2.75323e+08	2.90172e+08	2.87486e+08	2.91023e+08	2.20145e+08	2.7933e+08	3.01018e+08	2.22823e+08	2.99998e+08	2.19231e+08	2.5484e+08	3.02841e+08	2.49559e+08	3.01548e+08	2.99472e+08	2.57537e+08	3.15904e+08	3.07044e+08	3.06864e+08	1.7633e+08	2.74942e+08	2.5087e+08	1.81374e+08	1.8392e+08	2.23705e+08	2.82494e+08	3.01887e+08	2.78641e+08	2.65992e+08	2.2226e+08	2.60744e+08	2.19523e+08	2.24443e+08	2.24877e+08	3.00208e+08	2.84175e+08	3.0914e+08	2.9728e+08	2.86646e+08	3.06277e+08	2.1325e+08	2.77028e+08	2.99009e+08	2.07578e+08	1.89018e+08	2.00597e+08	2.08178e+08	2.50062e+08	2.33861e+08	2.49014e+08	2.30777e+08	1.77815e+08	2.65066e+08	2.56523e+08	3.3594e+08	2.55982e+08	3.32911e+08	3.33163e+08
ERR613961	3.10084e+08	3.09687e+08	3.0288e+08	3.09765e+08	3.03823e+08	2.78713e+08	2.39781e+08	2.64851e+08	2.63751e+08	2.43791e+08	2.91938e+08	2.64011e+08	2.77468e+08	1.92978e+08	2.71447e+08	1.90127e+08	2.4303e+08	2.47014e+08	2.83484e+08	2.84462e+08	2.98265e+08	2.9557e+08	2.73627e+08	2.88712e+08	4.26234e+08	4.26891e+08	5.32061e+08	3.21589e+08	3.69352e+08	3.70316e+08	3.36795e+08	3.47509e+08	3.30121e+08	3.31864e+08	3.50333e+08	3.21929e+08	2.72967e+08	1.74819e+08	2.45982e+08	2.59029e+08	2.56513e+08	2.59704e+08	1.96296e+08	2.48964e+08	2.6798e+08	1.98851e+08	2.67222e+08	1.95591e+08	2.25007e+08	2.67281e+08	2.20304e+08	2.66066e+08	2.64382e+08	2.27439e+08	2.79796e+08	2.71986e+08	2.71733e+08	1.56496e+08	2.4351e+08	2.22272e+08	1.59884e+08	1.61932e+08	1.97004e+08	2.49544e+08	2.66779e+08	2.46043e+08	2.34921e+08	1.96541e+08	2.30409e+08	1.94092e+08	1.98285e+08	1.98636e+08	2.65289e+08	2.5122e+08	2.7307e+08	2.62735e+08	2.53332e+08	2.70511e+08	1.88607e+08	2.45065e+08	2.64264e+08	1.83628e+08	1.67389e+08	1.77476e+08	1.83785e+08	2.20705e+08	2.0637e+08	2.19796e+08	2.03816e+08	1.5698e+08	2.37065e+08	2.29514e+08	3.0049e+08	2.29139e+08	2.97674e+08	2.97763e+08
ERR613962	2.63019e+08	2.62495e+08	2.56721e+08	2.62557e+08	2.5815e+08	2.37132e+08	2.02601e+08	2.2372e+08	2.22427e+08	2.05803e+08	2.46068e+08	2.22875e+08	2.32016e+08	1.61267e+08	2.26789e+08	1.58996e+08	2.03597e+08	2.06637e+08	2.40975e+08	2.41797e+08	2.53692e+08	2.51052e+08	2.32911e+08	2.45291e+08	3.579e+08	3.58659e+08	3.21589e+08	3.97372e+08	3.10614e+08	3.11397e+08	2.85243e+08	2.94016e+08	2.80025e+08	2.81411e+08	2.97158e+08	2.73446e+08	2.31863e+08	1.4993e+08	2.09422e+08	2.20329e+08	2.18299e+08	2.20925e+08	1.65415e+08	2.10152e+08	2.25508e+08	1.67434e+08	2.25343e+08	1.64813e+08	1.85841e+08	2.2034e+08	1.82732e+08	2.19523e+08	2.18087e+08	1.87858e+08	2.32272e+08	2.25791e+08	2.25645e+08	1.308e+08	2.01936e+08	1.84771e+08	1.29923e+08	1.31451e+08	1.59421e+08	2.05177e+08	2.19554e+08	2.02628e+08	1.95111e+08	1.63939e+08	1.91171e+08	1.61809e+08	1.65291e+08	1.65263e+08	2.20566e+08	2.09148e+08	2.26775e+08	2.18357e+08	2.10751e+08	2.25129e+08	1.57177e+08	2.04185e+08	2.19862e+08	1.52983e+08	1.40438e+08	1.47865e+08	1.52719e+08	1.8331e+08	1.7136e+08	1.8258e+08	1.69486e+08	1.30486e+08	2.01223e+08	1.94888e+08	2.54007e+08	1.94347e+08	2.51705e+08	2.51821e+08
ERR613963	2.99781e+08	2.99192e+08	2.92791e+08	2.99419e+08	2.93499e+08	2.69444e+08	2.32304e+08	2.56277e+08	2.55499e+08	2.36071e+08	2.82714e+08	2.55514e+08	2.68818e+08	1.87369e+08	2.62911e+08	1.84589e+08	2.3531e+08	2.39305e+08	2.73855e+08	2.74943e+08	2.88137e+08	2.85837e+08	2.64421e+08	2.79112e+08	4.12197e+08	4.14048e+08	3.69352e+08	3.10614e+08	5.04401e+08	3.60589e+08	3.2541e+08	3.35957e+08	3.19056e+08	3.21012e+08	3.38423e+08	3.11132e+08	2.63724e+08	1.68263e+08	2.37225e+08	2.5004e+08	2.47525e+08	2.50725e+08	1.9081e+08	2.41062e+08	2.59741e+08	1.93178e+08	2.58679e+08	1.90026e+08	2.17503e+08	2.58636e+08	2.12435e+08	2.57431e+08	2.5584e+08	2.19789e+08	2.70518e+08	2.63025e+08	2.62872e+08	1.50743e+08	2.35707e+08	2.1498e+08	1.57004e+08	1.5916e+08	1.93777e+08	2.43213e+08	2.59946e+08	2.39739e+08	2.26077e+08	1.88615e+08	2.21691e+08	1.86179e+08	1.90275e+08	1.90904e+08	2.55006e+08	2.41151e+08	2.62814e+08	2.5253e+08	2.43252e+08	2.59852e+08	1.8149e+08	2.35624e+08	2.54593e+08	1.76686e+08	1.60512e+08	1.70677e+08	1.76923e+08	2.12554e+08	1.98939e+08	2.11671e+08	1.96174e+08	1.51181e+08	2.29371e+08	2.21914e+08	2.90634e+08	2.21649e+08	2.87908e+08	2.88228e+08
ERR613964	3.0039e+08	2.99814e+08	2.93485e+08	2.99939e+08	2.94093e+08	2.70014e+08	2.32772e+08	2.56864e+08	2.5597e+08	2.366e+08	2.83316e+08	2.56109e+08	2.69446e+08	1.87816e+08	2.6339e+08	1.84987e+08	2.35828e+08	2.39893e+08	2.74318e+08	2.75444e+08	2.88657e+08	2.86345e+08	2.64768e+08	2.79625e+08	4.13276e+08	4.15031e+08	3.70316e+08	3.11397e+08	3.60589e+08	5.06671e+08	3.26106e+08	3.36625e+08	3.19559e+08	3.21445e+08	3.3905e+08	3.11665e+08	2.64576e+08	1.68781e+08	2.38137e+08	2.50934e+08	2.48394e+08	2.51461e+08	1.91123e+08	2.41407e+08	2.60163e+08	1.93621e+08	2.59129e+08	1.90452e+08	2.18224e+08	2.59435e+08	2.13176e+08	2.58119e+08	2.56533e+08	2.20398e+08	2.71218e+08	2.63729e+08	2.6346e+08	1.51077e+08	2.36329e+08	2.15529e+08	1.57283e+08	1.59442e+08	1.94309e+08	2.43452e+08	2.60217e+08	2.40172e+08	2.26756e+08	1.89161e+08	2.22245e+08	1.8676e+08	1.90889e+08	1.91422e+08	2.55635e+08	2.41822e+08	2.63394e+08	2.53244e+08	2.4405e+08	2.60714e+08	1.82073e+08	2.36329e+08	2.555e+08	1.77281e+08	1.61094e+08	1.71408e+08	1.77437e+08	2.13185e+08	1.99418e+08	2.12276e+08	1.96595e+08	1.51521e+08	2.29853e+08	2.22486e+08	2.91486e+08	2.22092e+08	2.88794e+08	2.88931e+08
ERR607674	3.37604e+08	3.37186e+08	3.29408e+08	3.37049e+08	3.3112e+08	3.03612e+08	2.57605e+08	2.84417e+08	2.82864e+08	2.61982e+08	3.13147e+08	2.83412e+08	2.76322e+08	1.91019e+08	2.70309e+08	1.88633e+08	2.42138e+08	2.45954e+08	3.05248e+08	3.06252e+08	3.21483e+08	3.18126e+08	2.94606e+08	3.11091e+08	3.75423e+08	3.7701e+08	3.36795e+08	2.85243e+08	3.2541e+08	3.26106e+08	5.39219e+08	3.9691e+08	3.79446e+08	3.81267e+08	4.01081e+08	3.68571e+08	2.78154e+08	1.78845e+08	2.50644e+08	2.63654e+08	2.61731e+08	2.64889e+08	2.12272e+08	2.69838e+08	2.89609e+08	2.14778e+08	2.89264e+08	2.11117e+08	2.19634e+08	2.60365e+08	2.16472e+08	2.59254e+08	2.57695e+08	2.21943e+08	2.69181e+08	2.61406e+08	2.61235e+08	1.51632e+08	2.33861e+08	2.13702e+08	1.47411e+08	1.49266e+08	1.81297e+08	2.3782e+08	2.54452e+08	2.34581e+08	2.29321e+08	1.93156e+08	2.2526e+08	1.90703e+08	1.9485e+08	1.94516e+08	2.61632e+08	2.4825e+08	2.69129e+08	2.59078e+08	2.50163e+08	2.67235e+08	1.8305e+08	2.38075e+08	2.56664e+08	1.78226e+08	1.63578e+08	1.72416e+08	1.80131e+08	2.16351e+08	2.02218e+08	2.15386e+08	1.99717e+08	1.53823e+08	2.30786e+08	2.23305e+08	2.91382e+08	2.22816e+08	2.88854e+08	2.89089e+08
ERR607670	3.48321e+08	3.47595e+08	3.3998e+08	3.4785e+08	3.41448e+08	3.1334e+08	2.65944e+08	2.93534e+08	2.91899e+08	2.7043e+08	3.23284e+08	2.92474e+08	2.8586e+08	1.97804e+08	2.79684e+08	1.9517e+08	2.50572e+08	2.54477e+08	3.14419e+08	3.15459e+08	3.31254e+08	3.27802e+08	3.0354e+08	3.20394e+08	3.8762e+08	3.89202e+08	3.47509e+08	2.94016e+08	3.35957e+08	3.36625e+08	3.9691e+08	5.7041e+08	3.89457e+08	3.91369e+08	4.14202e+08	3.80702e+08	2.87081e+08	1.84083e+08	2.58644e+08	2.72014e+08	2.69932e+08	2.73132e+08	2.19112e+08	2.78329e+08	2.98949e+08	2.21735e+08	2.98496e+08	2.17995e+08	2.27953e+08	2.70355e+08	2.24452e+08	2.69282e+08	2.67623e+08	2.30414e+08	2.79077e+08	2.7085e+08	2.70764e+08	1.56982e+08	2.42539e+08	2.21676e+08	1.53467e+08	1.55434e+08	1.88872e+08	2.46756e+08	2.64138e+08	2.43575e+08	2.3787e+08	2.0031e+08	2.33691e+08	1.9763e+08	2.02057e+08	2.01817e+08	2.71347e+08	2.5751e+08	2.79176e+08	2.68748e+08	2.59474e+08	2.77115e+08	1.89788e+08	2.46907e+08	2.66193e+08	1.84803e+08	1.69514e+08	1.78735e+08	1.86787e+08	2.24324e+08	2.0969e+08	2.23375e+08	2.07136e+08	1.59507e+08	2.3811e+08	2.30278e+08	3.00825e+08	2.2983e+08	2.98132e+08	2.98175e+08
ERR607672	3.31655e+08	3.31072e+08	3.23503e+08	3.31178e+08	3.25231e+08	2.98237e+08	2.52843e+08	2.7914e+08	2.7769e+08	2.571e+08	3.07205e+08	2.78099e+08	2.70322e+08	1.86872e+08	2.64365e+08	1.84511e+08	2.36982e+08	2.40672e+08	2.99921e+08	3.00809e+08	3.15807e+08	3.12232e+08	2.89464e+08	3.05634e+08	3.67823e+08	3.69515e+08	3.30121e+08	2.80025e+08	3.19056e+08	3.19559e+08	3.79446e+08	3.89457e+08	5.21704e+08	3.74351e+08	3.93669e+08	3.61792e+08	2.72908e+08	1.75786e+08	2.46075e+08	2.58715e+08	2.5689e+08	2.59973e+08	2.0822e+08	2.64608e+08	2.83919e+08	2.10638e+08	2.83582e+08	2.07008e+08	2.14718e+08	2.54618e+08	2.11639e+08	2.53528e+08	2.5185e+08	2.16956e+08	2.63537e+08	2.55666e+08	2.55848e+08	1.48668e+08	2.2882e+08	2.09193e+08	1.43904e+08	1.45799e+08	1.77005e+08	2.32418e+08	2.48802e+08	2.29237e+08	2.24286e+08	1.89132e+08	2.20295e+08	1.86647e+08	1.9065e+08	1.90335e+08	2.56124e+08	2.43045e+08	2.63368e+08	2.53545e+08	2.44934e+08	2.61612e+08	1.79406e+08	2.33103e+08	2.51311e+08	1.74488e+08	1.60402e+08	1.68897e+08	1.76103e+08	2.11503e+08	1.97782e+08	2.10661e+08	1.95537e+08	1.50489e+08	2.26533e+08	2.19249e+08	2.85871e+08	2.18635e+08	2.83384e+08	2.83486e+08
