	ERR637122	ERR637119	ERR637118	ERR637120	ERR637117	ERR637121	ERR622232	ERR622231	ERR622228	ERR622227	ERR622230	ERR622229	ERR617111	ERR617107	ERR617108	ERR617109	ERR617112	ERR617110	ERR617140	ERR617142	ERR617137	ERR617139	ERR617141	ERR617138	ERR612782	ERR612777	ERR612778	ERR612781	ERR612780	ERR612779	ERR635337	ERR635335	ERR635338	ERR635336	ERR635339	ERR635334	ERR613356	ERR613354	ERR613355	ERR613353	ERR613358	ERR613357	ERR607735	ERR607736	ERR607740	ERR607739	ERR607737	ERR607738	ERR616156	ERR616158	ERR616159	ERR616157	ERR616154	ERR616155	ERR616477	ERR616479	ERR616476	ERR616474	ERR616478	ERR616475	ERR618493	ERR618491	ERR618492	ERR618494	ERR618490	ERR618489	ERR608855	ERR608856	ERR608857	ERR608853	ERR608854	ERR608858	ERR608755	ERR608752	ERR608753	ERR608754	ERR608751	ERR608756	ERR630174	ERR630175	ERR630173	ERR630172	ERR630170	ERR630171	ERR613155	ERR613160	ERR613157	ERR613158	ERR613159	ERR613156	ERR631724	ERR631719	ERR631721	ERR631722	ERR631723	ERR631720
ERR637122	5.88252e+08	4.42422e+08	4.40253e+08	4.25222e+08	4.08743e+08	4.27234e+08	1.75435e+08	1.72485e+08	2.45091e+08	2.28104e+08	1.71742e+08	2.46343e+08	2.27703e+08	2.58432e+08	2.69862e+08	2.74789e+08	2.3173e+08	2.31645e+08	3.07924e+08	2.99089e+08	3.50959e+08	3.72731e+08	3.20288e+08	3.72843e+08	2.6983e+08	3.21604e+08	2.13024e+08	2.73969e+08	2.69595e+08	2.91173e+08	2.17916e+08	2.54126e+08	2.02636e+08	2.8099e+08	1.97842e+08	2.16566e+08	2.38447e+08	2.50627e+08	2.78151e+08	3.06734e+08	1.93006e+08	2.4589e+08	3.07119e+08	3.32018e+08	3.7207e+08	3.67852e+08	3.3432e+08	3.63322e+08	1.51115e+08	1.96198e+08	2.02168e+08	1.95251e+08	1.58663e+08	1.75344e+08	2.23749e+08	2.25153e+08	1.75326e+08	1.73155e+08	2.25207e+08	1.04407e+08	2.48683e+08	2.40759e+08	2.40745e+08	2.51214e+08	2.16582e+08	2.61722e+08	1.95022e+08	1.84393e+08	1.83704e+08	1.26177e+08	1.82164e+08	1.84162e+08	1.87339e+08	2.4356e+08	2.6255e+08	1.82374e+08	1.66963e+08	1.76458e+08	2.61413e+08	2.44582e+08	2.62307e+08	2.17411e+08	2.71794e+08	2.3017e+08	2.62845e+08	1.41793e+08	2.34763e+08	1.36862e+08	1.46133e+08	2.35307e+08	2.15954e+08	2.16167e+08	2.38893e+08	2.25746e+08	2.29179e+08	1.97767e+08
ERR637119	4.42422e+08	6.16083e+08	4.52388e+08	4.34353e+08	4.19922e+08	4.36457e+08	1.80386e+08	1.77384e+08	2.52279e+08	2.35079e+08	1.76622e+08	2.53867e+08	2.34795e+08	2.66289e+08	2.77718e+08	2.82854e+08	2.38894e+08	2.38718e+08	3.15446e+08	3.06792e+08	3.59795e+08	3.81838e+08	3.27886e+08	3.81988e+08	2.77226e+08	3.30336e+08	2.18838e+08	2.81371e+08	2.76897e+08	2.99128e+08	2.2417e+08	2.611e+08	2.08236e+08	2.88409e+08	2.03427e+08	2.22575e+08	2.44841e+08	2.57652e+08	2.8593e+08	3.15206e+08	1.98365e+08	2.52515e+08	3.15251e+08	3.40811e+08	3.82452e+08	3.78019e+08	3.43584e+08	3.73426e+08	1.55204e+08	2.02023e+08	2.08045e+08	2.00725e+08	1.63217e+08	1.80156e+08	2.31183e+08	2.32534e+08	1.80966e+08	1.78693e+08	2.3259e+08	1.07663e+08	2.56704e+08	2.48606e+08	2.48366e+08	2.59171e+08	2.23725e+08	2.70087e+08	2.01201e+08	1.90229e+08	1.89444e+08	1.30567e+08	1.88007e+08	1.90051e+08	1.93392e+08	2.51425e+08	2.70849e+08	1.88232e+08	1.7264e+08	1.82131e+08	2.6957e+08	2.5261e+08	2.70619e+08	2.24202e+08	2.80263e+08	2.37475e+08	2.70954e+08	1.46348e+08	2.42128e+08	1.41225e+08	1.50732e+08	2.42793e+08	2.22722e+08	2.22969e+08	2.46055e+08	2.32789e+08	2.36374e+08	2.03784e+08
ERR637118	4.40253e+08	4.52388e+08	6.11025e+08	4.3247e+08	4.18133e+08	4.34324e+08	1.80061e+08	1.76949e+08	2.51413e+08	2.3385e+08	1.76297e+08	2.52641e+08	2.32653e+08	2.64389e+08	2.76268e+08	2.81181e+08	2.36741e+08	2.36668e+08	3.14499e+08	3.04749e+08	3.58298e+08	3.80659e+08	3.26951e+08	3.80985e+08	2.75495e+08	3.28416e+08	2.17341e+08	2.79669e+08	2.75289e+08	2.97259e+08	2.22203e+08	2.5945e+08	2.06328e+08	2.86862e+08	2.01785e+08	2.20701e+08	2.44043e+08	2.5623e+08	2.84425e+08	3.13921e+08	1.97124e+08	2.51688e+08	3.13651e+08	3.39535e+08	3.80108e+08	3.75767e+08	3.41636e+08	3.71401e+08	1.55276e+08	2.01422e+08	2.07446e+08	2.00287e+08	1.6288e+08	1.80065e+08	2.29495e+08	2.31024e+08	1.80046e+08	1.77784e+08	2.31068e+08	1.07201e+08	2.55418e+08	2.47076e+08	2.47118e+08	2.57915e+08	2.22173e+08	2.68559e+08	2.00316e+08	1.89325e+08	1.88517e+08	1.29316e+08	1.86959e+08	1.88917e+08	1.92123e+08	2.49822e+08	2.69493e+08	1.87064e+08	1.71022e+08	1.80909e+08	2.67942e+08	2.50563e+08	2.69046e+08	2.22796e+08	2.78465e+08	2.358e+08	2.69055e+08	1.45098e+08	2.40238e+08	1.40046e+08	1.49485e+08	2.40975e+08	2.21495e+08	2.21865e+08	2.45161e+08	2.3159e+08	2.35157e+08	2.02909e+08
ERR637120	4.25222e+08	4.34353e+08	4.3247e+08	5.699e+08	4.01505e+08	4.19409e+08	1.71688e+08	1.68705e+08	2.39881e+08	2.23293e+08	1.68043e+08	2.41085e+08	2.23429e+08	2.53451e+08	2.6453e+08	2.69356e+08	2.27248e+08	2.27087e+08	3.02536e+08	2.93982e+08	3.44784e+08	3.65971e+08	3.14591e+08	3.6597e+08	2.65114e+08	3.15644e+08	2.09231e+08	2.69018e+08	2.64893e+08	2.85941e+08	2.13914e+08	2.49324e+08	1.98825e+08	2.75551e+08	1.94139e+08	2.12412e+08	2.3384e+08	2.45803e+08	2.72729e+08	3.00717e+08	1.89259e+08	2.40996e+08	3.01509e+08	3.25995e+08	3.65057e+08	3.60987e+08	3.28228e+08	3.56742e+08	1.47541e+08	1.91638e+08	1.97369e+08	1.90678e+08	1.54838e+08	1.71209e+08	2.18863e+08	2.20182e+08	1.71351e+08	1.6932e+08	2.20312e+08	1.02104e+08	2.43153e+08	2.35258e+08	2.35218e+08	2.45407e+08	2.11701e+08	2.55801e+08	1.90675e+08	1.80379e+08	1.79521e+08	1.23376e+08	1.78126e+08	1.80011e+08	1.83225e+08	2.38217e+08	2.56829e+08	1.7842e+08	1.63377e+08	1.72581e+08	2.5597e+08	2.39642e+08	2.5698e+08	2.12892e+08	2.66042e+08	2.25355e+08	2.57732e+08	1.39022e+08	2.30032e+08	1.34198e+08	1.43273e+08	2.30674e+08	2.11098e+08	2.11228e+08	2.33288e+08	2.20617e+08	2.24039e+08	1.93217e+08
ERR637117	4.08743e+08	4.19922e+08	4.18133e+08	4.01505e+08	5.34764e+08	4.0299e+08	1.64928e+08	1.62146e+08	2.3052e+08	2.14649e+08	1.61392e+08	2.31815e+08	2.1529e+08	2.44141e+08	2.54913e+08	2.59462e+08	2.19049e+08	2.19005e+08	2.91753e+08	2.8374e+08	3.3242e+08	3.52592e+08	3.03281e+08	3.52849e+08	2.55761e+08	3.04286e+08	2.02022e+08	2.59458e+08	2.55451e+08	2.75871e+08	2.06372e+08	2.4062e+08	1.91708e+08	2.65689e+08	1.87352e+08	2.05048e+08	2.24913e+08	2.36448e+08	2.62315e+08	2.8908e+08	1.8223e+08	2.31789e+08	2.90629e+08	3.13866e+08	3.51512e+08	3.47593e+08	3.1624e+08	3.43499e+08	1.4143e+08	1.83945e+08	1.89242e+08	1.82729e+08	1.4868e+08	1.64107e+08	2.10102e+08	2.1136e+08	1.64676e+08	1.62578e+08	2.11472e+08	9.79586e+07	2.33336e+08	2.26088e+08	2.26048e+08	2.35696e+08	2.03391e+08	2.45649e+08	1.82966e+08	1.73075e+08	1.7234e+08	1.18686e+08	1.70972e+08	1.72835e+08	1.7578e+08	2.2864e+08	2.46385e+08	1.71175e+08	1.57006e+08	1.65608e+08	2.46325e+08	2.30817e+08	2.4734e+08	2.0491e+08	2.56061e+08	2.16886e+08	2.47948e+08	1.33938e+08	2.21464e+08	1.29218e+08	1.37924e+08	2.22035e+08	2.0271e+08	2.02908e+08	2.24217e+08	2.11852e+08	2.15141e+08	1.85564e+08
ERR637121	4.27234e+08	4.36457e+08	4.34324e+08	4.19409e+08	4.0299e+08	5.74107e+08	1.72583e+08	1.69733e+08	2.41052e+08	2.24374e+08	1.68984e+08	2.42354e+08	2.24427e+08	2.54751e+08	2.66025e+08	2.70833e+08	2.28459e+08	2.28286e+08	3.03886e+08	2.95303e+08	3.46472e+08	3.67726e+08	3.16134e+08	3.67855e+08	2.66476e+08	3.17206e+08	2.10261e+08	2.70359e+08	2.66202e+08	2.87372e+08	2.15091e+08	2.50805e+08	1.9982e+08	2.76988e+08	1.95105e+08	2.1363e+08	2.34985e+08	2.47072e+08	2.74088e+08	3.02134e+08	1.90155e+08	2.42153e+08	3.02857e+08	3.27529e+08	3.66762e+08	3.62629e+08	3.29834e+08	3.58424e+08	1.48635e+08	1.92922e+08	1.9878e+08	1.9174e+08	1.55904e+08	1.7231e+08	2.20064e+08	2.21349e+08	1.72384e+08	1.7017e+08	2.2147e+08	1.02638e+08	2.44596e+08	2.36734e+08	2.36725e+08	2.46868e+08	2.12875e+08	2.5725e+08	1.91637e+08	1.81233e+08	1.80462e+08	1.24077e+08	1.7912e+08	1.80937e+08	1.84257e+08	2.39354e+08	2.5818e+08	1.79236e+08	1.64149e+08	1.73403e+08	2.57344e+08	2.4093e+08	2.58138e+08	2.1407e+08	2.67443e+08	2.26446e+08	2.58778e+08	1.39614e+08	2.31024e+08	1.34765e+08	1.43934e+08	2.31674e+08	2.12233e+08	2.12514e+08	2.34697e+08	2.21839e+08	2.25211e+08	1.94329e+08
ERR622232	1.75435e+08	1.80386e+08	1.80061e+08	1.71688e+08	1.64928e+08	1.72583e+08	3.0859e+08	1.97683e+08	2.69037e+08	2.49928e+08	1.96887e+08	2.6903e+08	1.18422e+08	1.36002e+08	1.43347e+08	1.46144e+08	1.20282e+08	1.20699e+08	1.33769e+08	1.27566e+08	1.53802e+08	1.66422e+08	1.40285e+08	1.6613e+08	1.3536e+08	1.62113e+08	1.06081e+08	1.37329e+08	1.35061e+08	1.45449e+08	1.06498e+08	1.2612e+08	9.8929e+07	1.39571e+08	9.65031e+07	1.06034e+08	1.36262e+08	1.41738e+08	1.57304e+08	1.74307e+08	1.0871e+08	1.40376e+08	1.47758e+08	1.60825e+08	1.80458e+08	1.78219e+08	1.61501e+08	1.75847e+08	1.60641e+08	2.01989e+08	2.08159e+08	2.01507e+08	1.6657e+08	1.83377e+08	2.27423e+08	2.29019e+08	1.83476e+08	1.81161e+08	2.2951e+08	1.15412e+08	2.38148e+08	2.28633e+08	2.30686e+08	2.40559e+08	2.06418e+08	2.47975e+08	1.93201e+08	1.82883e+08	1.82329e+08	1.26068e+08	1.80419e+08	1.82443e+08	1.85503e+08	2.37814e+08	2.56963e+08	1.81069e+08	1.63594e+08	1.75073e+08	2.40768e+08	2.24111e+08	2.41246e+08	2.01064e+08	2.49127e+08	2.12034e+08	2.4262e+08	1.34899e+08	2.16759e+08	1.31283e+08	1.39236e+08	2.1711e+08	2.1283e+08	2.1332e+08	2.35276e+08	2.21697e+08	2.2481e+08	1.97235e+08
ERR622231	1.72485e+08	1.77384e+08	1.76949e+08	1.68705e+08	1.62146e+08	1.69733e+08	1.97683e+08	3.00672e+08	2.64974e+08	2.46091e+08	1.94008e+08	2.64853e+08	1.16386e+08	1.33739e+08	1.40945e+08	1.43657e+08	1.18357e+08	1.18677e+08	1.31368e+08	1.25357e+08	1.51191e+08	1.63487e+08	1.37802e+08	1.63334e+08	1.33181e+08	1.59609e+08	1.04457e+08	1.35274e+08	1.33003e+08	1.43322e+08	1.04717e+08	1.23974e+08	9.71888e+07	1.37327e+08	9.49973e+07	1.04281e+08	1.34094e+08	1.39483e+08	1.54724e+08	1.71442e+08	1.06997e+08	1.38067e+08	1.45404e+08	1.58255e+08	1.7775e+08	1.75382e+08	1.58838e+08	1.73186e+08	1.5822e+08	1.98783e+08	2.05054e+08	1.98436e+08	1.64093e+08	1.80568e+08	2.24206e+08	2.25596e+08	1.80824e+08	1.78584e+08	2.26059e+08	1.13761e+08	2.34489e+08	2.25293e+08	2.27102e+08	2.36806e+08	2.03349e+08	2.44278e+08	1.90283e+08	1.8011e+08	1.79456e+08	1.24188e+08	1.77672e+08	1.79538e+08	1.82805e+08	2.34315e+08	2.52923e+08	1.78267e+08	1.6096e+08	1.72471e+08	2.37003e+08	2.20507e+08	2.37465e+08	1.97763e+08	2.45175e+08	2.08719e+08	2.39017e+08	1.3293e+08	2.13484e+08	1.29216e+08	1.3703e+08	2.13844e+08	2.09501e+08	2.10081e+08	2.31624e+08	2.18401e+08	2.21478e+08	1.94291e+08
ERR622228	2.45091e+08	2.52279e+08	2.51413e+08	2.39881e+08	2.3052e+08	2.41052e+08	2.69037e+08	2.64974e+08	5.16097e+08	3.40339e+08	2.64133e+08	3.66636e+08	1.6427e+08	1.88354e+08	1.97891e+08	2.0174e+08	1.67071e+08	1.67393e+08	1.85566e+08	1.78017e+08	2.1398e+08	2.30902e+08	1.94639e+08	2.30586e+08	1.87171e+08	2.24528e+08	1.46513e+08	1.90057e+08	1.87038e+08	2.01716e+08	1.48579e+08	1.75438e+08	1.38059e+08	1.94131e+08	1.34796e+08	1.48159e+08	1.86779e+08	1.95146e+08	2.167e+08	2.40074e+08	1.49448e+08	1.92433e+08	2.04475e+08	2.22588e+08	2.50352e+08	2.47212e+08	2.23704e+08	2.43839e+08	2.15998e+08	2.7378e+08	2.82356e+08	2.73062e+08	2.2479e+08	2.4782e+08	3.1021e+08	3.12163e+08	2.48421e+08	2.45482e+08	3.1258e+08	1.54229e+08	3.25999e+08	3.1363e+08	3.15563e+08	3.2912e+08	2.83196e+08	3.40292e+08	2.63924e+08	2.49893e+08	2.4896e+08	1.72081e+08	2.46515e+08	2.49235e+08	2.53078e+08	3.25664e+08	3.51731e+08	2.46769e+08	2.23785e+08	2.38728e+08	3.31724e+08	3.09211e+08	3.32564e+08	2.76558e+08	3.43442e+08	2.92149e+08	3.33721e+08	1.84131e+08	2.98074e+08	1.78853e+08	1.90028e+08	2.98576e+08	2.90453e+08	2.90902e+08	3.20899e+08	3.0293e+08	3.07082e+08	2.68258e+08
ERR622227	2.28104e+08	2.35079e+08	2.3385e+08	2.23293e+08	2.14649e+08	2.24374e+08	2.49928e+08	2.46091e+08	3.40339e+08	4.55743e+08	2.45272e+08	3.40981e+08	1.53365e+08	1.75818e+08	1.84309e+08	1.87804e+08	1.5612e+08	1.56365e+08	1.72227e+08	1.65986e+08	1.98999e+08	2.14147e+08	1.80495e+08	2.13931e+08	1.74501e+08	2.0907e+08	1.36714e+08	1.77177e+08	1.74273e+08	1.88193e+08	1.38979e+08	1.63637e+08	1.29087e+08	1.81085e+08	1.26124e+08	1.38486e+08	1.73505e+08	1.81537e+08	2.01644e+08	2.23088e+08	1.393e+08	1.78851e+08	1.90451e+08	2.07179e+08	2.3333e+08	2.30275e+08	2.08357e+08	2.27186e+08	1.99896e+08	2.53873e+08	2.61544e+08	2.5296e+08	2.08357e+08	2.2934e+08	2.88888e+08	2.90846e+08	2.31233e+08	2.28521e+08	2.91046e+08	1.43771e+08	3.02768e+08	2.91757e+08	2.93065e+08	3.05698e+08	2.6361e+08	3.16356e+08	2.45315e+08	2.32494e+08	2.31733e+08	1.61033e+08	2.29556e+08	2.31886e+08	2.35731e+08	3.03409e+08	3.27049e+08	2.30021e+08	2.09223e+08	2.2248e+08	3.08666e+08	2.88462e+08	3.09799e+08	2.5768e+08	3.19918e+08	2.72426e+08	3.10888e+08	1.72235e+08	2.78088e+08	1.67184e+08	1.77615e+08	2.78475e+08	2.70097e+08	2.70499e+08	2.98108e+08	2.81538e+08	2.85552e+08	2.49271e+08
ERR622230	1.71742e+08	1.76622e+08	1.76297e+08	1.68043e+08	1.61392e+08	1.68984e+08	1.96887e+08	1.94008e+08	2.64133e+08	2.45272e+08	2.98867e+08	2.63852e+08	1.16025e+08	1.3333e+08	1.4048e+08	1.43218e+08	1.18007e+08	1.1834e+08	1.30857e+08	1.24855e+08	1.50541e+08	1.62933e+08	1.37192e+08	1.6255e+08	1.32678e+08	1.58862e+08	1.04031e+08	1.346e+08	1.32441e+08	1.42639e+08	1.04319e+08	1.23654e+08	9.68478e+07	1.36771e+08	9.4613e+07	1.03936e+08	1.3348e+08	1.38809e+08	1.54056e+08	1.70734e+08	1.06571e+08	1.37399e+08	1.4479e+08	1.57586e+08	1.76975e+08	1.74655e+08	1.58276e+08	1.72382e+08	1.57586e+08	1.97916e+08	2.04149e+08	1.97698e+08	1.63398e+08	1.79904e+08	2.23096e+08	2.24572e+08	1.79943e+08	1.77942e+08	2.2512e+08	1.13302e+08	2.33499e+08	2.24261e+08	2.261e+08	2.35692e+08	2.02458e+08	2.4326e+08	1.89725e+08	1.79614e+08	1.79056e+08	1.23887e+08	1.77237e+08	1.79055e+08	1.81818e+08	2.33097e+08	2.51919e+08	1.7747e+08	1.60409e+08	1.71727e+08	2.36035e+08	2.19525e+08	2.36523e+08	1.97003e+08	2.44151e+08	2.07917e+08	2.38036e+08	1.32493e+08	2.12732e+08	1.28911e+08	1.36644e+08	2.13026e+08	2.08688e+08	2.09266e+08	2.30679e+08	2.17567e+08	2.2044e+08	1.93391e+08
ERR622229	2.46343e+08	2.53867e+08	2.52641e+08	2.41085e+08	2.31815e+08	2.42354e+08	2.6903e+08	2.64853e+08	3.66636e+08	3.40981e+08	2.63852e+08	5.17729e+08	1.65395e+08	1.89457e+08	1.9871e+08	2.02652e+08	1.68318e+08	1.68545e+08	1.85959e+08	1.79224e+08	2.14993e+08	2.31468e+08	1.94922e+08	2.31209e+08	1.88024e+08	2.25532e+08	1.47232e+08	1.90944e+08	1.87817e+08	2.02799e+08	1.49802e+08	1.76388e+08	1.39013e+08	1.95211e+08	1.35894e+08	1.49222e+08	1.87081e+08	1.95765e+08	2.17437e+08	2.40659e+08	1.5008e+08	1.92796e+08	2.05215e+08	2.23231e+08	2.5139e+08	2.48321e+08	2.24698e+08	2.44913e+08	2.15612e+08	2.7391e+08	2.82214e+08	2.73074e+08	2.24665e+08	2.47536e+08	3.11392e+08	3.13402e+08	2.4887e+08	2.45977e+08	3.13633e+08	1.54313e+08	3.26589e+08	3.14751e+08	3.16276e+08	3.29952e+08	2.84139e+08	3.41689e+08	2.64631e+08	2.50702e+08	2.49836e+08	1.73209e+08	2.47498e+08	2.50154e+08	2.54146e+08	3.27203e+08	3.52897e+08	2.47762e+08	2.25275e+08	2.39746e+08	3.32817e+08	3.10736e+08	3.33879e+08	2.77467e+08	3.44907e+08	2.93511e+08	3.34876e+08	1.8508e+08	2.99478e+08	1.79697e+08	1.90915e+08	2.9991e+08	2.91305e+08	2.91856e+08	3.21524e+08	3.04003e+08	3.08051e+08	2.68758e+08
ERR617111	2.27703e+08	2.34795e+08	2.32653e+08	2.23429e+08	2.1529e+08	2.24427e+08	1.18422e+08	1.16386e+08	1.6427e+08	1.53365e+08	1.16025e+08	1.65395e+08	2.83622e+08	2.03643e+08	2.11897e+08	2.1558e+08	1.84943e+08	1.84753e+08	1.70545e+08	1.67705e+08	1.96686e+08	2.09223e+08	1.77988e+08	2.09197e+08	1.72399e+08	2.04594e+08	1.36835e+08	1.74727e+08	1.72179e+08	1.85847e+08	1.41177e+08	1.63734e+08	1.31021e+08	1.80515e+08	1.28359e+08	1.39696e+08	1.68122e+08	1.76579e+08	1.94838e+08	2.13339e+08	1.38201e+08	1.72901e+08	1.98492e+08	2.14084e+08	2.40167e+08	2.37213e+08	2.1607e+08	2.34417e+08	1.06019e+08	1.37432e+08	1.41372e+08	1.36631e+08	1.1156e+08	1.22762e+08	1.57486e+08	1.58494e+08	1.23788e+08	1.22235e+08	1.58272e+08	7.48999e+07	1.71153e+08	1.66185e+08	1.65984e+08	1.72889e+08	1.50027e+08	1.80406e+08	1.36193e+08	1.29415e+08	1.28922e+08	9.02505e+07	1.27912e+08	1.29162e+08	1.2838e+08	1.66308e+08	1.78569e+08	1.25104e+08	1.15532e+08	1.21012e+08	1.74997e+08	1.64367e+08	1.75571e+08	1.45896e+08	1.81557e+08	1.54596e+08	1.74996e+08	9.65599e+07	1.57033e+08	9.32752e+07	9.94155e+07	1.574e+08	1.50274e+08	1.50299e+08	1.65365e+08	1.56802e+08	1.59147e+08	1.37665e+08
ERR617107	2.58432e+08	2.66289e+08	2.64389e+08	2.53451e+08	2.44141e+08	2.54751e+08	1.36002e+08	1.33739e+08	1.88354e+08	1.75818e+08	1.3333e+08	1.89457e+08	2.03643e+08	3.48401e+08	2.41097e+08	2.4524e+08	2.07104e+08	2.07133e+08	1.93745e+08	1.88989e+08	2.23115e+08	2.37692e+08	2.02144e+08	2.37701e+08	1.95608e+08	2.32664e+08	1.55308e+08	1.98356e+08	1.95401e+08	2.11004e+08	1.58972e+08	1.85311e+08	1.47469e+08	2.04454e+08	1.44537e+08	1.57569e+08	1.91378e+08	2.00677e+08	2.21442e+08	2.42773e+08	1.56673e+08	1.968e+08	2.25516e+08	2.43473e+08	2.72869e+08	2.69545e+08	2.45574e+08	2.6643e+08	1.21976e+08	1.57472e+08	1.6208e+08	1.56632e+08	1.28055e+08	1.40932e+08	1.80029e+08	1.81147e+08	1.41807e+08	1.40074e+08	1.80978e+08	8.59826e+07	1.96153e+08	1.90133e+08	1.90008e+08	1.98098e+08	1.71509e+08	2.06418e+08	1.56197e+08	1.48059e+08	1.47409e+08	1.02871e+08	1.46448e+08	1.47761e+08	1.46792e+08	1.90129e+08	2.0446e+08	1.42979e+08	1.31453e+08	1.38382e+08	2.00086e+08	1.87502e+08	2.00771e+08	1.66821e+08	2.0761e+08	1.76579e+08	2.0005e+08	1.10066e+08	1.79349e+08	1.06456e+08	1.13457e+08	1.79686e+08	1.72167e+08	1.72204e+08	1.89578e+08	1.7955e+08	1.82186e+08	1.57723e+08
ERR617108	2.69862e+08	2.77718e+08	2.76268e+08	2.6453e+08	2.54913e+08	2.66025e+08	1.43347e+08	1.40945e+08	1.97891e+08	1.84309e+08	1.4048e+08	1.9871e+08	2.11897e+08	2.41097e+08	3.75253e+08	2.5645e+08	2.15348e+08	2.1559e+08	2.03036e+08	1.96899e+08	2.33073e+08	2.49174e+08	2.1208e+08	2.4919e+08	2.04265e+08	2.43094e+08	1.61923e+08	2.07231e+08	2.04038e+08	2.20031e+08	1.64854e+08	1.93158e+08	1.52981e+08	2.12919e+08	1.49846e+08	1.63554e+08	2.00791e+08	2.10061e+08	2.31769e+08	2.54792e+08	1.63813e+08	2.06645e+08	2.35607e+08	2.5465e+08	2.85124e+08	2.81523e+08	2.56382e+08	2.78305e+08	1.28837e+08	1.65824e+08	1.70722e+08	1.64971e+08	1.35066e+08	1.48758e+08	1.88443e+08	1.89541e+08	1.48894e+08	1.47092e+08	1.89582e+08	9.04855e+07	2.0597e+08	1.99002e+08	1.99476e+08	2.07913e+08	1.79377e+08	2.16205e+08	1.63824e+08	1.55129e+08	1.54528e+08	1.07246e+08	1.53388e+08	1.54834e+08	1.53588e+08	1.98742e+08	2.14197e+08	1.49632e+08	1.36893e+08	1.44696e+08	2.09109e+08	1.9548e+08	2.09586e+08	1.74252e+08	2.16928e+08	1.84168e+08	2.09065e+08	1.14772e+08	1.86901e+08	1.11011e+08	1.18262e+08	1.87293e+08	1.80446e+08	1.80642e+08	1.99235e+08	1.88305e+08	1.91125e+08	1.65789e+08
ERR617109	2.74789e+08	2.82854e+08	2.81181e+08	2.69356e+08	2.59462e+08	2.70833e+08	1.46144e+08	1.43657e+08	2.0174e+08	1.87804e+08	1.43218e+08	2.02652e+08	2.1558e+08	2.4524e+08	2.5645e+08	3.86611e+08	2.19074e+08	2.19337e+08	2.06697e+08	2.0051e+08	2.37571e+08	2.54079e+08	2.15907e+08	2.54012e+08	2.07941e+08	2.47335e+08	1.64747e+08	2.10955e+08	2.07712e+08	2.24114e+08	1.68002e+08	1.9665e+08	1.55894e+08	2.16986e+08	1.52593e+08	1.66469e+08	2.04428e+08	2.1363e+08	2.35862e+08	2.59066e+08	1.66512e+08	2.10329e+08	2.39667e+08	2.59326e+08	2.90118e+08	2.86469e+08	2.6095e+08	2.83293e+08	1.31695e+08	1.69379e+08	1.745e+08	1.68643e+08	1.38039e+08	1.51989e+08	1.92385e+08	1.93654e+08	1.51984e+08	1.50105e+08	1.93676e+08	9.22531e+07	2.10271e+08	2.03298e+08	2.03643e+08	2.12243e+08	1.83246e+08	2.20838e+08	1.67244e+08	1.58531e+08	1.57819e+08	1.09486e+08	1.56638e+08	1.582e+08	1.56931e+08	2.03047e+08	2.18847e+08	1.52955e+08	1.39721e+08	1.47856e+08	2.13361e+08	1.99449e+08	2.13845e+08	1.7778e+08	2.21288e+08	1.8792e+08	2.13009e+08	1.16865e+08	1.90615e+08	1.13032e+08	1.20454e+08	1.90878e+08	1.84318e+08	1.84673e+08	2.03426e+08	1.92461e+08	1.95201e+08	1.69343e+08
ERR617112	2.3173e+08	2.38894e+08	2.36741e+08	2.27248e+08	2.19049e+08	2.28459e+08	1.20282e+08	1.18357e+08	1.67071e+08	1.5612e+08	1.18007e+08	1.68318e+08	1.84943e+08	2.07104e+08	2.15348e+08	2.19074e+08	2.92308e+08	1.88009e+08	1.73462e+08	1.70735e+08	2.00038e+08	2.12559e+08	1.81046e+08	2.12627e+08	1.75153e+08	2.07969e+08	1.39119e+08	1.77713e+08	1.74985e+08	1.88984e+08	1.4385e+08	1.6652e+08	1.33392e+08	1.83693e+08	1.30709e+08	1.42284e+08	1.70609e+08	1.79301e+08	1.98027e+08	2.16657e+08	1.40372e+08	1.75531e+08	2.01749e+08	2.17502e+08	2.44178e+08	2.41173e+08	2.19661e+08	2.38401e+08	1.07653e+08	1.39726e+08	1.43804e+08	1.38863e+08	1.13315e+08	1.24769e+08	1.60548e+08	1.61431e+08	1.25965e+08	1.24564e+08	1.61328e+08	7.61855e+07	1.74287e+08	1.69303e+08	1.68963e+08	1.76076e+08	1.52999e+08	1.83814e+08	1.38698e+08	1.31767e+08	1.31231e+08	9.20774e+07	1.30358e+08	1.31533e+08	1.30734e+08	1.69475e+08	1.81965e+08	1.27384e+08	1.17879e+08	1.23321e+08	1.78171e+08	1.67399e+08	1.78772e+08	1.48594e+08	1.84897e+08	1.57525e+08	1.78311e+08	9.8389e+07	1.6001e+08	9.49916e+07	1.01255e+08	1.60302e+08	1.53011e+08	1.53069e+08	1.68253e+08	1.59647e+08	1.62237e+08	1.4001e+08
ERR617110	2.31645e+08	2.38718e+08	2.36668e+08	2.27087e+08	2.19005e+08	2.28286e+08	1.20699e+08	1.18677e+08	1.67393e+08	1.56365e+08	1.1834e+08	1.68545e+08	1.84753e+08	2.07133e+08	2.1559e+08	2.19337e+08	1.88009e+08	2.91936e+08	1.73564e+08	1.70519e+08	2.00123e+08	2.12836e+08	1.81146e+08	2.1271e+08	1.75126e+08	2.08015e+08	1.39096e+08	1.77717e+08	1.75108e+08	1.89011e+08	1.43558e+08	1.66433e+08	1.33227e+08	1.83636e+08	1.30487e+08	1.42033e+08	1.71022e+08	1.79657e+08	1.98213e+08	2.17064e+08	1.40596e+08	1.76e+08	2.01886e+08	2.17617e+08	2.44266e+08	2.41303e+08	2.19832e+08	2.38525e+08	1.08112e+08	1.40125e+08	1.44114e+08	1.39246e+08	1.13829e+08	1.25298e+08	1.60718e+08	1.61634e+08	1.26245e+08	1.248e+08	1.61552e+08	7.64504e+07	1.74847e+08	1.69522e+08	1.69332e+08	1.76405e+08	1.53155e+08	1.84082e+08	1.3906e+08	1.32049e+08	1.31472e+08	9.20876e+07	1.30656e+08	1.31834e+08	1.30938e+08	1.69658e+08	1.82168e+08	1.27579e+08	1.17783e+08	1.23438e+08	1.78437e+08	1.67564e+08	1.79031e+08	1.48797e+08	1.85135e+08	1.57666e+08	1.78338e+08	9.82189e+07	1.59994e+08	9.4938e+07	1.01272e+08	1.60262e+08	1.53354e+08	1.53461e+08	1.6881e+08	1.60043e+08	1.62412e+08	1.40448e+08
ERR617140	3.07924e+08	3.15446e+08	3.14499e+08	3.02536e+08	2.91753e+08	3.03886e+08	1.33769e+08	1.31368e+08	1.85566e+08	1.72227e+08	1.30857e+08	1.85959e+08	1.70545e+08	1.93745e+08	2.03036e+08	2.06697e+08	1.73462e+08	1.73564e+08	3.8535e+08	2.5814e+08	3.02392e+08	3.21801e+08	2.78421e+08	3.21733e+08	2.04457e+08	2.43485e+08	1.61428e+08	2.07474e+08	2.04209e+08	2.20015e+08	1.60974e+08	1.88831e+08	1.49537e+08	2.08489e+08	1.46096e+08	1.59791e+08	1.81424e+08	1.89391e+08	2.10063e+08	2.31745e+08	1.46282e+08	1.86743e+08	2.27955e+08	2.46705e+08	2.75617e+08	2.72302e+08	2.47861e+08	2.69322e+08	1.19936e+08	1.54999e+08	1.59831e+08	1.54316e+08	1.25598e+08	1.38893e+08	1.73761e+08	1.75025e+08	1.369e+08	1.35133e+08	1.75359e+08	8.17806e+07	1.9301e+08	1.86274e+08	1.86938e+08	1.94931e+08	1.67228e+08	2.02512e+08	1.49945e+08	1.41803e+08	1.41098e+08	9.62015e+07	1.39831e+08	1.41479e+08	1.45755e+08	1.89225e+08	2.04514e+08	1.42058e+08	1.29083e+08	1.37338e+08	1.95262e+08	1.82089e+08	1.9584e+08	1.6237e+08	2.02776e+08	1.71686e+08	1.93671e+08	1.0427e+08	1.72508e+08	1.0077e+08	1.07577e+08	1.72898e+08	1.66652e+08	1.6692e+08	1.84748e+08	1.74136e+08	1.7672e+08	1.52953e+08
ERR617142	2.99089e+08	3.06792e+08	3.04749e+08	2.93982e+08	2.8374e+08	2.95303e+08	1.27566e+08	1.25357e+08	1.78017e+08	1.65986e+08	1.24855e+08	1.79224e+08	1.67705e+08	1.88989e+08	1.96899e+08	2.0051e+08	1.70735e+08	1.70519e+08	2.5814e+08	3.66665e+08	2.9366e+08	3.10559e+08	2.68551e+08	3.10641e+08	1.99097e+08	2.36525e+08	1.57582e+08	2.02144e+08	1.9903e+08	2.14827e+08	1.58733e+08	1.8409e+08	1.47424e+08	2.03312e+08	1.43964e+08	1.57081e+08	1.74917e+08	1.83975e+08	2.04044e+08	2.24098e+08	1.42566e+08	1.80149e+08	2.21768e+08	2.39158e+08	2.68257e+08	2.65293e+08	2.41339e+08	2.62245e+08	1.13424e+08	1.4824e+08	1.52706e+08	1.47438e+08	1.19589e+08	1.32069e+08	1.68794e+08	1.6992e+08	1.32043e+08	1.30361e+08	1.69976e+08	7.85334e+07	1.85903e+08	1.80374e+08	1.79897e+08	1.87637e+08	1.62421e+08	1.96006e+08	1.44463e+08	1.37182e+08	1.36445e+08	9.45485e+07	1.35337e+08	1.3692e+08	1.41585e+08	1.839e+08	1.97769e+08	1.37825e+08	1.27192e+08	1.33521e+08	1.89367e+08	1.7797e+08	1.90366e+08	1.57487e+08	1.96775e+08	1.67201e+08	1.88212e+08	1.02114e+08	1.68435e+08	9.86127e+07	1.05195e+08	1.68766e+08	1.60677e+08	1.60842e+08	1.77368e+08	1.6793e+08	1.70581e+08	1.46882e+08
ERR617137	3.50959e+08	3.59795e+08	3.58298e+08	3.44784e+08	3.3242e+08	3.46472e+08	1.53802e+08	1.51191e+08	2.1398e+08	1.98999e+08	1.50541e+08	2.14993e+08	1.96686e+08	2.23115e+08	2.33073e+08	2.37571e+08	2.00038e+08	2.00123e+08	3.02392e+08	2.9366e+08	4.83623e+08	3.66378e+08	3.14646e+08	3.66306e+08	2.34594e+08	2.79317e+08	1.84965e+08	2.37969e+08	2.34144e+08	2.527e+08	1.86078e+08	2.17425e+08	1.7274e+08	2.40278e+08	1.68836e+08	1.84681e+08	2.081e+08	2.18233e+08	2.42018e+08	2.66881e+08	1.68396e+08	2.14536e+08	2.61428e+08	2.82863e+08	3.16761e+08	3.13169e+08	2.84594e+08	3.09509e+08	1.3754e+08	1.785e+08	1.84034e+08	1.77622e+08	1.4434e+08	1.59541e+08	2.01569e+08	2.02974e+08	1.58232e+08	1.56205e+08	2.03107e+08	9.43388e+07	2.23197e+08	2.15793e+08	2.16005e+08	2.25395e+08	1.94225e+08	2.3457e+08	1.73395e+08	1.64112e+08	1.63328e+08	1.12173e+08	1.62033e+08	1.63899e+08	1.68903e+08	2.19374e+08	2.366e+08	1.64429e+08	1.50349e+08	1.59067e+08	2.26349e+08	2.11752e+08	2.27088e+08	1.8829e+08	2.35118e+08	1.9935e+08	2.24766e+08	1.21212e+08	2.00447e+08	1.17189e+08	1.25063e+08	2.00981e+08	1.92665e+08	1.92941e+08	2.13363e+08	2.01352e+08	2.04489e+08	1.76632e+08
ERR617139	3.72731e+08	3.81838e+08	3.80659e+08	3.65971e+08	3.52592e+08	3.67726e+08	1.66422e+08	1.63487e+08	2.30902e+08	2.14147e+08	1.62933e+08	2.31468e+08	2.09223e+08	2.37692e+08	2.49174e+08	2.54079e+08	2.12559e+08	2.12836e+08	3.21801e+08	3.10559e+08	3.66378e+08	5.39832e+08	3.35035e+08	3.90698e+08	2.49819e+08	2.98026e+08	1.96603e+08	2.53413e+08	2.49275e+08	2.68982e+08	1.97349e+08	2.31598e+08	1.83287e+08	2.5599e+08	1.7908e+08	1.95758e+08	2.2349e+08	2.33249e+08	2.59001e+08	2.85957e+08	1.79778e+08	2.30032e+08	2.78723e+08	3.02032e+08	3.3785e+08	3.33935e+08	3.03362e+08	3.29809e+08	1.49602e+08	1.93233e+08	1.99529e+08	1.92497e+08	1.56574e+08	1.73365e+08	2.16824e+08	2.18384e+08	1.70804e+08	1.68426e+08	2.18794e+08	1.01846e+08	2.40665e+08	2.32194e+08	2.3302e+08	2.43107e+08	2.08422e+08	2.52462e+08	1.86947e+08	1.76701e+08	1.75788e+08	1.19884e+08	1.74173e+08	1.76342e+08	1.81277e+08	2.35346e+08	2.54392e+08	1.76557e+08	1.60373e+08	1.7066e+08	2.43166e+08	2.26587e+08	2.43715e+08	2.01859e+08	2.52282e+08	2.13764e+08	2.41128e+08	1.29794e+08	2.1478e+08	1.25341e+08	1.33846e+08	2.15156e+08	2.07699e+08	2.08156e+08	2.30388e+08	2.17186e+08	2.20309e+08	1.90796e+08
ERR617141	3.20288e+08	3.27886e+08	3.26951e+08	3.14591e+08	3.03281e+08	3.16134e+08	1.40285e+08	1.37802e+08	1.94639e+08	1.80495e+08	1.37192e+08	1.94922e+08	1.77988e+08	2.02144e+08	2.1208e+08	2.15907e+08	1.81046e+08	1.81146e+08	2.78421e+08	2.68551e+08	3.14646e+08	3.35035e+08	4.12911e+08	3.34981e+08	2.13128e+08	2.53935e+08	1.68088e+08	2.16302e+08	2.12694e+08	2.29325e+08	1.67927e+08	1.96962e+08	1.55937e+08	2.17598e+08	1.52382e+08	1.66582e+08	1.89701e+08	1.98105e+08	2.19732e+08	2.42463e+08	1.529e+08	1.95387e+08	2.376e+08	2.57241e+08	2.87397e+08	2.8389e+08	2.58343e+08	2.80807e+08	1.25882e+08	1.6275e+08	1.67861e+08	1.62049e+08	1.31759e+08	1.45838e+08	1.82764e+08	1.84121e+08	1.43992e+08	1.42077e+08	1.84291e+08	8.59248e+07	2.02684e+08	1.95536e+08	1.9627e+08	2.04714e+08	1.75772e+08	2.12569e+08	1.57549e+08	1.48984e+08	1.48264e+08	1.01191e+08	1.4682e+08	1.48627e+08	1.53181e+08	1.98883e+08	2.1465e+08	1.49101e+08	1.35581e+08	1.44251e+08	2.04769e+08	1.90948e+08	2.053e+08	1.70117e+08	2.12539e+08	1.80061e+08	2.03092e+08	1.09277e+08	1.80811e+08	1.05651e+08	1.12721e+08	1.81139e+08	1.74997e+08	1.7527e+08	1.93959e+08	1.82809e+08	1.85596e+08	1.6064e+08
ERR617138	3.72843e+08	3.81988e+08	3.80985e+08	3.6597e+08	3.52849e+08	3.67855e+08	1.6613e+08	1.63334e+08	2.30586e+08	2.13931e+08	1.6255e+08	2.31209e+08	2.09197e+08	2.37701e+08	2.4919e+08	2.54012e+08	2.12627e+08	2.1271e+08	3.21733e+08	3.10641e+08	3.66306e+08	3.90698e+08	3.34981e+08	5.4076e+08	2.49768e+08	2.98126e+08	1.96621e+08	2.53605e+08	2.49548e+08	2.69019e+08	1.97536e+08	2.31844e+08	1.83352e+08	2.56272e+08	1.79147e+08	1.96131e+08	2.23113e+08	2.33077e+08	2.58794e+08	2.85551e+08	1.79615e+08	2.29799e+08	2.78769e+08	3.01801e+08	3.37973e+08	3.33878e+08	3.03331e+08	3.30072e+08	1.49228e+08	1.92896e+08	1.98946e+08	1.92199e+08	1.56156e+08	1.72791e+08	2.16553e+08	2.18087e+08	1.70462e+08	1.68249e+08	2.18362e+08	1.01786e+08	2.40394e+08	2.32052e+08	2.32659e+08	2.4282e+08	2.08324e+08	2.52225e+08	1.86776e+08	1.76504e+08	1.75702e+08	1.19955e+08	1.74066e+08	1.76197e+08	1.81154e+08	2.35411e+08	2.54153e+08	1.76395e+08	1.60558e+08	1.70601e+08	2.43008e+08	2.2664e+08	2.43606e+08	2.01883e+08	2.52259e+08	2.1366e+08	2.40988e+08	1.29674e+08	2.14582e+08	1.25346e+08	1.33843e+08	2.1508e+08	2.07369e+08	2.07845e+08	2.30173e+08	2.16891e+08	2.20083e+08	1.90488e+08
ERR612782	2.6983e+08	2.77226e+08	2.75495e+08	2.65114e+08	2.55761e+08	2.66476e+08	1.3536e+08	1.33181e+08	1.87171e+08	1.74501e+08	1.32678e+08	1.88024e+08	1.72399e+08	1.95608e+08	2.04265e+08	2.07941e+08	1.75153e+08	1.75126e+08	2.04457e+08	1.99097e+08	2.34594e+08	2.49819e+08	2.13128e+08	2.49768e+08	3.85818e+08	3.14045e+08	2.20283e+08	2.73998e+08	2.70435e+08	2.88163e+08	1.74812e+08	2.04356e+08	1.62781e+08	2.24854e+08	1.59321e+08	1.73784e+08	2.13807e+08	2.23356e+08	2.44451e+08	2.66454e+08	1.78969e+08	2.19317e+08	2.24339e+08	2.4163e+08	2.69497e+08	2.66322e+08	2.4328e+08	2.63388e+08	1.31491e+08	1.70198e+08	1.7529e+08	1.68996e+08	1.38924e+08	1.52863e+08	1.71967e+08	1.73079e+08	1.36226e+08	1.34491e+08	1.73051e+08	8.33889e+07	1.86759e+08	1.8093e+08	1.81097e+08	1.88574e+08	1.63127e+08	1.96332e+08	1.48015e+08	1.40373e+08	1.39786e+08	9.7428e+07	1.38663e+08	1.40143e+08	1.42604e+08	1.8391e+08	1.98124e+08	1.3888e+08	1.27473e+08	1.34549e+08	1.97035e+08	1.84628e+08	1.9781e+08	1.64054e+08	2.04374e+08	1.7375e+08	2.34684e+08	1.39848e+08	2.12789e+08	1.35916e+08	1.43464e+08	2.13284e+08	1.64577e+08	1.64673e+08	1.81521e+08	1.71714e+08	1.74295e+08	1.51144e+08
ERR612777	3.21604e+08	3.30336e+08	3.28416e+08	3.15644e+08	3.04286e+08	3.17206e+08	1.62113e+08	1.59609e+08	2.24528e+08	2.0907e+08	1.58862e+08	2.25532e+08	2.04594e+08	2.32664e+08	2.43094e+08	2.47335e+08	2.07969e+08	2.08015e+08	2.43485e+08	2.36525e+08	2.79317e+08	2.98026e+08	2.53935e+08	2.98126e+08	3.14045e+08	5.07771e+08	2.55139e+08	3.17709e+08	3.13479e+08	3.36952e+08	2.06883e+08	2.41893e+08	1.92299e+08	2.66645e+08	1.88096e+08	2.05597e+08	2.4945e+08	2.60888e+08	2.86256e+08	3.12756e+08	2.07728e+08	2.56311e+08	2.65398e+08	2.86376e+08	3.19924e+08	3.16168e+08	2.88111e+08	3.12576e+08	1.55814e+08	2.01571e+08	2.07663e+08	2.00222e+08	1.64335e+08	1.81087e+08	2.07481e+08	2.08842e+08	1.64173e+08	1.62251e+08	2.08845e+08	1.00175e+08	2.26099e+08	2.18816e+08	2.18994e+08	2.28256e+08	1.97018e+08	2.37351e+08	1.78669e+08	1.69192e+08	1.68516e+08	1.16997e+08	1.67259e+08	1.68862e+08	1.71936e+08	2.22037e+08	2.39331e+08	1.67441e+08	1.53441e+08	1.62159e+08	2.36569e+08	2.21356e+08	2.37381e+08	1.96993e+08	2.45383e+08	2.08371e+08	2.75688e+08	1.61934e+08	2.49317e+08	1.57237e+08	1.66331e+08	2.49814e+08	1.98477e+08	1.98751e+08	2.19214e+08	2.07292e+08	2.10407e+08	1.82434e+08
ERR612778	2.13024e+08	2.18838e+08	2.17341e+08	2.09231e+08	2.02022e+08	2.10261e+08	1.06081e+08	1.04457e+08	1.46513e+08	1.36714e+08	1.04031e+08	1.47232e+08	1.36835e+08	1.55308e+08	1.61923e+08	1.64747e+08	1.39119e+08	1.39096e+08	1.61428e+08	1.57582e+08	1.84965e+08	1.96603e+08	1.68088e+08	1.96621e+08	2.20283e+08	2.55139e+08	2.71352e+08	2.22596e+08	2.19886e+08	2.35189e+08	1.39399e+08	1.62741e+08	1.29855e+08	1.78703e+08	1.27087e+08	1.38605e+08	1.73784e+08	1.81594e+08	1.97965e+08	2.15009e+08	1.46802e+08	1.78062e+08	1.78734e+08	1.92137e+08	2.13791e+08	2.1147e+08	1.93536e+08	2.09135e+08	1.05679e+08	1.36947e+08	1.41011e+08	1.3586e+08	1.11956e+08	1.23098e+08	1.34213e+08	1.35029e+08	1.06345e+08	1.05161e+08	1.35096e+08	6.54657e+07	1.45664e+08	1.41259e+08	1.41077e+08	1.47e+08	1.27381e+08	1.53131e+08	1.15804e+08	1.09863e+08	1.09403e+08	7.67077e+07	1.08646e+08	1.09626e+08	1.11733e+08	1.43878e+08	1.54674e+08	1.08876e+08	1.00246e+08	1.05469e+08	1.5458e+08	1.4513e+08	1.55417e+08	1.29036e+08	1.60342e+08	1.36479e+08	1.89487e+08	1.1554e+08	1.72589e+08	1.12312e+08	1.18255e+08	1.73164e+08	1.28603e+08	1.2867e+08	1.41657e+08	1.34169e+08	1.36074e+08	1.18206e+08
ERR612781	2.73969e+08	2.81371e+08	2.79669e+08	2.69018e+08	2.59458e+08	2.70359e+08	1.37329e+08	1.35274e+08	1.90057e+08	1.77177e+08	1.346e+08	1.90944e+08	1.74727e+08	1.98356e+08	2.07231e+08	2.10955e+08	1.77713e+08	1.77717e+08	2.07474e+08	2.02144e+08	2.37969e+08	2.53413e+08	2.16302e+08	2.53605e+08	2.73998e+08	3.17709e+08	2.22596e+08	3.9418e+08	2.73467e+08	2.91531e+08	1.77435e+08	2.07316e+08	1.65096e+08	2.28159e+08	1.61599e+08	1.7631e+08	2.16156e+08	2.26016e+08	2.47473e+08	2.69545e+08	1.80917e+08	2.21905e+08	2.2743e+08	2.44956e+08	2.7351e+08	2.70195e+08	2.46835e+08	2.67254e+08	1.33345e+08	1.72616e+08	1.77872e+08	1.71366e+08	1.40951e+08	1.55006e+08	1.7481e+08	1.75782e+08	1.38374e+08	1.36754e+08	1.75972e+08	8.46805e+07	1.89952e+08	1.84105e+08	1.84019e+08	1.91811e+08	1.65936e+08	1.99568e+08	1.5047e+08	1.42695e+08	1.42025e+08	9.90072e+07	1.41087e+08	1.42465e+08	1.44946e+08	1.87124e+08	2.015e+08	1.41225e+08	1.29783e+08	1.36906e+08	2.00183e+08	1.87613e+08	2.00891e+08	1.6676e+08	2.07731e+08	1.76532e+08	2.37535e+08	1.41579e+08	2.15658e+08	1.37457e+08	1.45113e+08	2.16031e+08	1.67336e+08	1.67575e+08	1.84471e+08	1.74483e+08	1.77056e+08	1.53702e+08
ERR612780	2.69595e+08	2.76897e+08	2.75289e+08	2.64893e+08	2.55451e+08	2.66202e+08	1.35061e+08	1.33003e+08	1.87038e+08	1.74273e+08	1.32441e+08	1.87817e+08	1.72179e+08	1.95401e+08	2.04038e+08	2.07712e+08	1.74985e+08	1.75108e+08	2.04209e+08	1.9903e+08	2.34144e+08	2.49275e+08	2.12694e+08	2.49548e+08	2.70435e+08	3.13479e+08	2.19886e+08	2.73467e+08	3.84794e+08	2.87617e+08	1.74912e+08	2.04316e+08	1.62728e+08	2.24866e+08	1.59272e+08	1.73829e+08	2.13471e+08	2.23146e+08	2.44273e+08	2.66124e+08	1.78769e+08	2.19044e+08	2.24112e+08	2.41419e+08	2.69189e+08	2.66122e+08	2.43147e+08	2.63213e+08	1.31285e+08	1.69991e+08	1.7506e+08	1.6871e+08	1.38794e+08	1.52678e+08	1.71698e+08	1.72735e+08	1.3596e+08	1.3429e+08	1.72801e+08	8.32232e+07	1.86571e+08	1.80733e+08	1.80817e+08	1.88327e+08	1.6288e+08	1.95999e+08	1.47787e+08	1.40316e+08	1.3958e+08	9.74248e+07	1.38606e+08	1.39997e+08	1.42551e+08	1.83886e+08	1.98033e+08	1.38863e+08	1.27538e+08	1.34492e+08	1.97027e+08	1.8464e+08	1.97761e+08	1.64083e+08	2.04458e+08	1.73663e+08	2.34215e+08	1.39781e+08	2.12619e+08	1.35739e+08	1.43303e+08	2.13172e+08	1.64352e+08	1.64569e+08	1.8121e+08	1.71472e+08	1.74013e+08	1.50963e+08
ERR612779	2.91173e+08	2.99128e+08	2.97259e+08	2.85941e+08	2.75871e+08	2.87372e+08	1.45449e+08	1.43322e+08	2.01716e+08	1.88193e+08	1.42639e+08	2.02799e+08	1.85847e+08	2.11004e+08	2.20031e+08	2.24114e+08	1.88984e+08	1.89011e+08	2.20015e+08	2.14827e+08	2.527e+08	2.68982e+08	2.29325e+08	2.69019e+08	2.88163e+08	3.36952e+08	2.35189e+08	2.91531e+08	2.87617e+08	4.33286e+08	1.88443e+08	2.19879e+08	1.75289e+08	2.42215e+08	1.71455e+08	1.87311e+08	2.28216e+08	2.39006e+08	2.61815e+08	2.85478e+08	1.91008e+08	2.34197e+08	2.41284e+08	2.59811e+08	2.9019e+08	2.86813e+08	2.61702e+08	2.83672e+08	1.40487e+08	1.8233e+08	1.87832e+08	1.80919e+08	1.48643e+08	1.63556e+08	1.86004e+08	1.87237e+08	1.46931e+08	1.45234e+08	1.87169e+08	8.97775e+07	2.02148e+08	1.95979e+08	1.95908e+08	2.04198e+08	1.76739e+08	2.12614e+08	1.60172e+08	1.51937e+08	1.51341e+08	1.0562e+08	1.50311e+08	1.51656e+08	1.54442e+08	1.99432e+08	2.14641e+08	1.50336e+08	1.38405e+08	1.45701e+08	2.13058e+08	1.99913e+08	2.14012e+08	1.77468e+08	2.2124e+08	1.87895e+08	2.51639e+08	1.49258e+08	2.28212e+08	1.44843e+08	1.53008e+08	2.28781e+08	1.77995e+08	1.78084e+08	1.96e+08	1.85653e+08	1.88487e+08	1.63361e+08
ERR635337	2.17916e+08	2.2417e+08	2.22203e+08	2.13914e+08	2.06372e+08	2.15091e+08	1.06498e+08	1.04717e+08	1.48579e+08	1.38979e+08	1.04319e+08	1.49802e+08	1.41177e+08	1.58972e+08	1.64854e+08	1.68002e+08	1.4385e+08	1.43558e+08	1.60974e+08	1.58733e+08	1.86078e+08	1.97349e+08	1.67927e+08	1.97536e+08	1.74812e+08	2.06883e+08	1.39399e+08	1.77435e+08	1.74912e+08	1.88443e+08	2.44655e+08	1.76159e+08	1.42654e+08	1.93795e+08	1.39548e+08	1.51566e+08	1.43768e+08	1.5172e+08	1.67906e+08	1.84252e+08	1.18017e+08	1.48024e+08	1.75734e+08	1.89291e+08	2.12101e+08	2.09868e+08	1.91342e+08	2.07294e+08	9.16627e+07	1.19423e+08	1.22828e+08	1.18634e+08	9.66829e+07	1.065e+08	1.37084e+08	1.38002e+08	1.07421e+08	1.06172e+08	1.37886e+08	6.45515e+07	1.49983e+08	1.45884e+08	1.45344e+08	1.51461e+08	1.3189e+08	1.58307e+08	1.17852e+08	1.11948e+08	1.11488e+08	7.81346e+07	1.10758e+08	1.1175e+08	1.14184e+08	1.47787e+08	1.58631e+08	1.11226e+08	1.03151e+08	1.07766e+08	1.60863e+08	1.51582e+08	1.61841e+08	1.34126e+08	1.67184e+08	1.42334e+08	1.61792e+08	8.9021e+07	1.45495e+08	8.57707e+07	9.16276e+07	1.45824e+08	1.31386e+08	1.31474e+08	1.44354e+08	1.37129e+08	1.39169e+08	1.20181e+08
ERR635335	2.54126e+08	2.611e+08	2.5945e+08	2.49324e+08	2.4062e+08	2.50805e+08	1.2612e+08	1.23974e+08	1.75438e+08	1.63637e+08	1.23654e+08	1.76388e+08	1.63734e+08	1.85311e+08	1.93158e+08	1.9665e+08	1.6652e+08	1.66433e+08	1.88831e+08	1.8409e+08	2.17425e+08	2.31598e+08	1.96962e+08	2.31844e+08	2.04356e+08	2.41893e+08	1.62741e+08	2.07316e+08	2.04316e+08	2.19879e+08	1.76159e+08	3.16541e+08	1.63848e+08	2.26338e+08	1.60475e+08	1.75598e+08	1.69793e+08	1.78241e+08	1.97275e+08	2.17004e+08	1.38516e+08	1.74582e+08	2.05892e+08	2.22169e+08	2.48402e+08	2.45466e+08	2.23885e+08	2.42751e+08	1.0944e+08	1.41584e+08	1.45695e+08	1.40693e+08	1.14909e+08	1.26694e+08	1.61151e+08	1.62137e+08	1.26866e+08	1.25284e+08	1.62064e+08	7.66159e+07	1.77169e+08	1.71876e+08	1.71822e+08	1.78821e+08	1.54997e+08	1.86394e+08	1.39296e+08	1.32034e+08	1.31448e+08	9.15137e+07	1.30701e+08	1.3189e+08	1.34538e+08	1.73852e+08	1.87066e+08	1.30984e+08	1.207e+08	1.26879e+08	1.88788e+08	1.77128e+08	1.8962e+08	1.57338e+08	1.9609e+08	1.66599e+08	1.89617e+08	1.04037e+08	1.69972e+08	1.0046e+08	1.0718e+08	1.70438e+08	1.54865e+08	1.55014e+08	1.70593e+08	1.61745e+08	1.64087e+08	1.41994e+08
ERR635338	2.02636e+08	2.08236e+08	2.06328e+08	1.98825e+08	1.91708e+08	1.9982e+08	9.8929e+07	9.71888e+07	1.38059e+08	1.29087e+08	9.68478e+07	1.39013e+08	1.31021e+08	1.47469e+08	1.52981e+08	1.55894e+08	1.33392e+08	1.33227e+08	1.49537e+08	1.47424e+08	1.7274e+08	1.83287e+08	1.55937e+08	1.83352e+08	1.62781e+08	1.92299e+08	1.29855e+08	1.65096e+08	1.62728e+08	1.75289e+08	1.42654e+08	1.63848e+08	2.17553e+08	1.80106e+08	1.29894e+08	1.41012e+08	1.3346e+08	1.40933e+08	1.55823e+08	1.70988e+08	1.09549e+08	1.37326e+08	1.6336e+08	1.76054e+08	1.97136e+08	1.94897e+08	1.77761e+08	1.92656e+08	8.51349e+07	1.10786e+08	1.13967e+08	1.10079e+08	8.97084e+07	9.88185e+07	1.27232e+08	1.28071e+08	9.96105e+07	9.84925e+07	1.27899e+08	5.995e+07	1.39168e+08	1.35471e+08	1.34804e+08	1.40463e+08	1.22292e+08	1.469e+08	1.09385e+08	1.03903e+08	1.0352e+08	7.2525e+07	1.02877e+08	1.03717e+08	1.05985e+08	1.37234e+08	1.47191e+08	1.03187e+08	9.56746e+07	9.99999e+07	1.49264e+08	1.4059e+08	1.50173e+08	1.24459e+08	1.55128e+08	1.32081e+08	1.50357e+08	8.27398e+07	1.35151e+08	7.97404e+07	8.5203e+07	1.35461e+08	1.21877e+08	1.21885e+08	1.33931e+08	1.27137e+08	1.29113e+08	1.11408e+08
