	ERR636646	ERR636648	ERR636643	ERR636645	ERR636647	ERR636644	ERR608871	ERR608872	ERR608875	ERR608873	ERR608876	ERR608874	ERR612225	ERR612224	ERR612221	ERR612223	ERR612226	ERR612222	ERR613933	ERR613931	ERR613932	ERR613928	ERR613930	ERR613929	ERR607715	ERR607716	ERR607711	ERR607712	ERR607714	ERR607713	ERR629879	ERR629876	ERR629878	ERR629875	ERR629874	ERR629877	ERR636946	ERR636947	ERR636943	ERR636948	ERR636945	ERR636944	ERR626870	ERR626867	ERR626868	ERR626872	ERR626869	ERR626871	ERR618483	ERR618484	ERR618485	ERR618486	ERR618487	ERR618488	ERR616833	ERR616831	ERR616832	ERR616829	ERR616830	ERR616834	ERR616937	ERR616940	ERR616939	ERR616938	ERR616942	ERR616941	ERR626517	ERR626516	ERR626521	ERR626519	ERR626520	ERR626518	ERR608700	ERR608696	ERR608699	ERR608697	ERR608695	ERR608698	ERR630268	ERR630269	ERR630267	ERR630270	ERR630266	ERR630271	ERR626749	ERR626748	ERR626752	ERR626751	ERR626747	ERR626750	ERR617501	ERR617499	ERR617504	ERR617500	ERR617502	ERR617503
ERR636646	7.564e+09	7.81999e+09	7.82259e+09	6.8769e+09	7.35839e+09	7.47652e+09	4.94063e+09	6.2777e+09	5.38696e+09	6.65059e+09	5.31165e+09	5.4576e+09	6.0071e+09	6.89266e+09	7.82102e+09	7.62918e+09	6.79501e+09	7.61004e+09	7.50769e+09	7.48812e+09	7.50205e+09	7.83228e+09	6.79629e+09	7.5394e+09	7.33965e+09	7.40194e+09	6.83988e+09	7.14179e+09	7.31844e+09	7.15797e+09	4.62092e+09	5.16228e+09	4.57976e+09	4.67128e+09	5.23138e+09	4.64367e+09	7.67394e+09	7.67955e+09	7.10395e+09	7.70966e+09	7.43914e+09	7.43335e+09	6.05967e+09	7.58049e+09	7.11759e+09	7.52544e+09	7.14899e+09	6.0048e+09	6.76969e+09	6.02534e+09	6.40509e+09	5.92322e+09	6.12343e+09	5.94224e+09	6.85459e+09	7.6368e+09	6.81769e+09	7.3618e+09	7.3589e+09	6.88151e+09	6.73179e+09	6.07442e+09	7.25624e+09	6.72242e+09	6.09122e+09	6.02637e+09	7.60613e+09	7.98894e+09	7.54792e+09	7.4996e+09	7.55307e+09	6.98894e+09	5.79798e+09	5.82628e+09	5.80935e+09	6.08628e+09	4.3714e+09	5.81525e+09	7.2351e+09	6.86996e+09	7.39457e+09	7.08263e+09	7.82717e+09	6.73728e+09	6.37538e+09	6.36571e+09	6.18e+09	6.2549e+09	6.56772e+09	6.2247e+09	5.82325e+09	5.6624e+09	4.93473e+09	5.8194e+09	5.20443e+09	5.39206e+09
ERR636648	7.81999e+09	8.59404e+09	8.35823e+09	7.28656e+09	7.82018e+09	7.96042e+09	5.24411e+09	6.69651e+09	5.72442e+09	7.10342e+09	5.64215e+09	5.80092e+09	6.3452e+09	7.31857e+09	8.3742e+09	8.15564e+09	7.21039e+09	8.13605e+09	8.00103e+09	7.97832e+09	7.99384e+09	8.37705e+09	7.20099e+09	8.03949e+09	7.81792e+09	7.88939e+09	7.24959e+09	7.58747e+09	7.79304e+09	7.61e+09	4.93533e+09	5.52527e+09	4.89123e+09	4.98988e+09	5.60152e+09	4.96076e+09	8.20284e+09	8.21029e+09	7.55469e+09	8.24397e+09	7.93504e+09	7.92441e+09	6.43511e+09	8.10804e+09	7.59305e+09	8.04668e+09	7.62884e+09	6.37482e+09	7.27768e+09	6.45889e+09	6.87662e+09	6.34568e+09	6.56605e+09	6.36686e+09	7.28987e+09	8.16802e+09	7.24866e+09	7.85785e+09	7.84952e+09	7.31916e+09	7.2262e+09	6.50591e+09	7.80221e+09	7.21513e+09	6.5246e+09	6.45257e+09	8.1243e+09	8.56354e+09	8.0554e+09	7.99975e+09	8.06073e+09	7.42725e+09	6.23163e+09	6.26082e+09	6.24337e+09	6.54845e+09	4.67449e+09	6.2498e+09	7.71708e+09	7.30464e+09	7.89984e+09	7.54332e+09	8.39393e+09	7.15881e+09	6.85675e+09	6.84465e+09	6.64081e+09	6.72353e+09	7.0683e+09	6.69029e+09	6.23995e+09	6.06378e+09	5.27059e+09	6.23515e+09	5.56303e+09	5.76699e+09
ERR636643	7.82259e+09	8.35823e+09	8.59989e+09	7.28864e+09	7.82206e+09	7.96429e+09	5.24269e+09	6.69694e+09	5.72487e+09	7.10487e+09	5.64224e+09	5.80117e+09	6.34526e+09	7.31931e+09	8.37649e+09	8.15641e+09	7.21082e+09	8.13731e+09	8.0025e+09	7.97981e+09	7.99557e+09	8.37896e+09	7.20066e+09	8.04096e+09	7.81825e+09	7.88955e+09	7.2501e+09	7.5894e+09	7.79334e+09	7.60988e+09	4.93699e+09	5.52891e+09	4.89266e+09	4.99199e+09	5.60518e+09	4.96227e+09	8.2036e+09	8.21082e+09	7.55468e+09	8.2446e+09	7.93526e+09	7.92642e+09	6.43648e+09	8.10933e+09	7.59386e+09	8.04779e+09	7.63004e+09	6.37592e+09	7.28107e+09	6.46165e+09	6.88013e+09	6.34902e+09	6.56988e+09	6.37012e+09	7.29039e+09	8.17158e+09	7.249e+09	7.85966e+09	7.85278e+09	7.31969e+09	7.22731e+09	6.50551e+09	7.80503e+09	7.21801e+09	6.52475e+09	6.45299e+09	8.12868e+09	8.5691e+09	8.06047e+09	8.00447e+09	8.06541e+09	7.42976e+09	6.23561e+09	6.26508e+09	6.24738e+09	6.55371e+09	4.67543e+09	6.25354e+09	7.71955e+09	7.30673e+09	7.90257e+09	7.54603e+09	8.39764e+09	7.1606e+09	6.86066e+09	6.84823e+09	6.6447e+09	6.72682e+09	7.07208e+09	6.6939e+09	6.2448e+09	6.06746e+09	5.27314e+09	6.23939e+09	5.56734e+09	5.77158e+09
ERR636645	6.8769e+09	7.28656e+09	7.28864e+09	6.66101e+09	6.87734e+09	6.99226e+09	4.66454e+09	5.87062e+09	5.05101e+09	6.20209e+09	4.98288e+09	5.11684e+09	5.68108e+09	6.48394e+09	7.29247e+09	7.13099e+09	6.39561e+09	7.11899e+09	7.01639e+09	6.99902e+09	7.01116e+09	7.29857e+09	6.41066e+09	7.04847e+09	6.88578e+09	6.93955e+09	6.44106e+09	6.70272e+09	6.86653e+09	6.72523e+09	4.31322e+09	4.78699e+09	4.27618e+09	4.34893e+09	4.84876e+09	4.33287e+09	7.16912e+09	7.17507e+09	6.66284e+09	7.19931e+09	6.96355e+09	6.94933e+09	5.653e+09	7.0446e+09	6.63267e+09	6.99407e+09	6.65652e+09	5.60412e+09	6.28448e+09	5.61566e+09	5.954e+09	5.50642e+09	5.68754e+09	5.52371e+09	6.46117e+09	7.13796e+09	6.42896e+09	6.90498e+09	6.89373e+09	6.48431e+09	6.27313e+09	5.67978e+09	6.739e+09	6.24916e+09	5.69287e+09	5.63564e+09	7.09764e+09	7.42708e+09	7.04236e+09	6.99978e+09	7.04542e+09	6.56877e+09	5.35666e+09	5.38619e+09	5.36653e+09	5.61194e+09	4.0821e+09	5.37114e+09	6.79723e+09	6.4761e+09	6.93977e+09	6.66233e+09	7.31187e+09	6.36533e+09	5.90638e+09	5.9033e+09	5.72269e+09	5.79377e+09	6.0808e+09	5.76679e+09	5.38979e+09	5.25562e+09	4.58888e+09	5.38573e+09	4.82762e+09	4.99794e+09
ERR636647	7.35839e+09	7.82018e+09	7.82206e+09	6.87734e+09	7.56376e+09	7.47628e+09	4.94214e+09	6.27923e+09	5.38802e+09	6.6517e+09	5.3128e+09	5.45889e+09	6.00927e+09	6.89564e+09	7.82338e+09	7.63168e+09	6.7979e+09	7.6128e+09	7.50846e+09	7.48855e+09	7.50272e+09	7.83267e+09	6.79706e+09	7.53963e+09	7.34032e+09	7.40313e+09	6.84049e+09	7.14203e+09	7.31896e+09	7.15833e+09	4.62183e+09	5.16291e+09	4.5812e+09	4.67248e+09	5.23207e+09	4.64467e+09	7.67438e+09	7.68051e+09	7.10414e+09	7.70997e+09	7.43993e+09	7.43372e+09	6.05942e+09	7.58105e+09	7.11784e+09	7.52569e+09	7.14959e+09	6.00437e+09	6.77093e+09	6.02642e+09	6.40632e+09	5.92385e+09	6.12461e+09	5.94286e+09	6.85551e+09	7.63793e+09	6.81855e+09	7.36255e+09	7.35995e+09	6.88237e+09	6.73284e+09	6.07508e+09	7.25736e+09	6.72378e+09	6.09175e+09	6.02754e+09	7.60716e+09	7.98967e+09	7.54851e+09	7.50019e+09	7.55381e+09	6.98977e+09	5.79912e+09	5.82755e+09	5.81027e+09	6.08778e+09	4.37319e+09	5.81629e+09	7.23647e+09	6.87148e+09	7.39592e+09	7.0845e+09	7.82871e+09	6.73918e+09	6.37617e+09	6.36628e+09	6.18108e+09	6.25571e+09	6.56845e+09	6.22569e+09	5.8242e+09	5.66365e+09	4.93588e+09	5.81984e+09	5.20519e+09	5.39272e+09
ERR636644	7.47652e+09	7.96042e+09	7.96429e+09	6.99226e+09	7.47628e+09	7.82044e+09	5.02415e+09	6.38651e+09	5.47246e+09	6.76589e+09	5.39586e+09	5.54485e+09	6.10112e+09	7.01086e+09	7.96865e+09	7.77269e+09	6.90963e+09	7.75533e+09	7.63871e+09	7.61813e+09	7.63303e+09	7.9762e+09	6.91158e+09	7.67454e+09	7.4741e+09	7.53882e+09	6.95462e+09	7.26498e+09	7.45178e+09	7.28517e+09	4.69824e+09	5.24661e+09	4.65656e+09	4.74696e+09	5.3173e+09	4.72136e+09	7.81719e+09	7.82416e+09	7.22595e+09	7.85447e+09	7.57439e+09	7.56488e+09	6.14523e+09	7.7083e+09	7.233e+09	7.65059e+09	7.26448e+09	6.0891e+09	6.89806e+09	6.13685e+09	6.52425e+09	6.02686e+09	6.23226e+09	6.04624e+09	6.98064e+09	7.7831e+09	6.9428e+09	7.50197e+09	7.4949e+09	7.00742e+09	6.86108e+09	6.1885e+09	7.39568e+09	6.84711e+09	6.20507e+09	6.13886e+09	7.74372e+09	8.13822e+09	7.68064e+09	7.63015e+09	7.68539e+09	7.11012e+09	5.89787e+09	5.92701e+09	5.90891e+09	6.19154e+09	4.44693e+09	5.91453e+09	7.37564e+09	6.99886e+09	7.54148e+09	7.21756e+09	7.98695e+09	6.86499e+09	6.49248e+09	6.48332e+09	6.28971e+09	6.36759e+09	6.68954e+09	6.33638e+09	5.91812e+09	5.75694e+09	5.01247e+09	5.9142e+09	5.28596e+09	5.47686e+09
ERR608871	4.94063e+09	5.24411e+09	5.24269e+09	4.66454e+09	4.94214e+09	5.02415e+09	3.96235e+09	4.6618e+09	4.08311e+09	4.88851e+09	4.0343e+09	4.13083e+09	4.23411e+09	4.79962e+09	5.41513e+09	5.29578e+09	4.73594e+09	5.28692e+09	5.1318e+09	5.11608e+09	5.12575e+09	5.34758e+09	4.69301e+09	5.15743e+09	5.07928e+09	5.11928e+09	4.74989e+09	4.93561e+09	5.06418e+09	4.95525e+09	3.4328e+09	3.77199e+09	3.40413e+09	3.45205e+09	3.81499e+09	3.44617e+09	5.35991e+09	5.36442e+09	4.9828e+09	5.38432e+09	5.20081e+09	5.18582e+09	4.31558e+09	5.26126e+09	4.97894e+09	5.23178e+09	4.99854e+09	4.28109e+09	4.77606e+09	4.31624e+09	4.55354e+09	4.24085e+09	4.36589e+09	4.25228e+09	4.68332e+09	5.17064e+09	4.66145e+09	4.99812e+09	4.98626e+09	4.69955e+09	4.7406e+09	4.34141e+09	5.05561e+09	4.72673e+09	4.35082e+09	4.31083e+09	5.18079e+09	5.43377e+09	5.13455e+09	5.10378e+09	5.13792e+09	4.79265e+09	4.18988e+09	4.21106e+09	4.19447e+09	4.37096e+09	3.25829e+09	4.19822e+09	4.9228e+09	4.68518e+09	5.03526e+09	4.82072e+09	5.32276e+09	4.60781e+09	4.54812e+09	4.54232e+09	4.41939e+09	4.46605e+09	4.66423e+09	4.44803e+09	4.15166e+09	4.05987e+09	3.58069e+09	4.14946e+09	3.74816e+09	3.87203e+09
ERR608872	6.2777e+09	6.69651e+09	6.69694e+09	5.87062e+09	6.27923e+09	6.38651e+09	4.6618e+09	6.07276e+09	5.0703e+09	6.18852e+09	5.00294e+09	5.1339e+09	5.28439e+09	6.05719e+09	6.92478e+09	6.74766e+09	5.97165e+09	6.73308e+09	6.5348e+09	6.51451e+09	6.52782e+09	6.83815e+09	5.90104e+09	6.56714e+09	6.43681e+09	6.49452e+09	5.98363e+09	6.25028e+09	6.41741e+09	6.26775e+09	4.24859e+09	4.72872e+09	4.21125e+09	4.29071e+09	4.78895e+09	4.26906e+09	6.83186e+09	6.83729e+09	6.31046e+09	6.8666e+09	6.61251e+09	6.60225e+09	5.45212e+09	6.74706e+09	6.35142e+09	6.70342e+09	6.38007e+09	5.40346e+09	6.07326e+09	5.43038e+09	5.76129e+09	5.34256e+09	5.51511e+09	5.35839e+09	5.89837e+09	6.59464e+09	5.86731e+09	6.34436e+09	6.33742e+09	5.92284e+09	6.00904e+09	5.44821e+09	6.45646e+09	6.00341e+09	5.46459e+09	5.40856e+09	6.61496e+09	6.9728e+09	6.55603e+09	6.512e+09	6.56097e+09	6.06056e+09	5.30132e+09	5.32498e+09	5.30864e+09	5.55497e+09	4.02366e+09	5.31444e+09	6.23495e+09	5.90337e+09	6.38816e+09	6.09389e+09	6.79753e+09	5.78702e+09	5.7674e+09	5.75734e+09	5.5974e+09	5.66008e+09	5.93269e+09	5.63516e+09	5.24306e+09	5.10384e+09	4.46557e+09	5.23912e+09	4.69785e+09	4.86294e+09
ERR608875	5.38696e+09	5.72442e+09	5.72487e+09	5.05101e+09	5.38802e+09	5.47246e+09	4.08311e+09	5.0703e+09	4.60407e+09	5.33238e+09	4.37895e+09	4.48596e+09	4.57092e+09	5.20371e+09	5.90966e+09	5.76513e+09	5.13372e+09	5.7524e+09	5.59448e+09	5.57764e+09	5.58867e+09	5.83991e+09	5.07527e+09	5.61919e+09	5.51141e+09	5.55859e+09	5.1443e+09	5.36261e+09	5.49605e+09	5.37535e+09	3.73546e+09	4.13767e+09	3.70385e+09	3.77256e+09	4.18691e+09	3.75267e+09	5.83435e+09	5.8382e+09	5.41335e+09	5.862e+09	5.65653e+09	5.65011e+09	4.73387e+09	5.77445e+09	5.45539e+09	5.73951e+09	5.47926e+09	4.69431e+09	5.22753e+09	4.70733e+09	4.9763e+09	4.63991e+09	4.77999e+09	4.65266e+09	5.06275e+09	5.63355e+09	5.03649e+09	5.42728e+09	5.42415e+09	5.0828e+09	5.17187e+09	4.71808e+09	5.53528e+09	5.17028e+09	4.73124e+09	4.6856e+09	5.6546e+09	5.94595e+09	5.60806e+09	5.57213e+09	5.61264e+09	5.20119e+09	4.60777e+09	4.62624e+09	4.61365e+09	4.81609e+09	3.53473e+09	4.61874e+09	5.33553e+09	5.06433e+09	5.46024e+09	5.22061e+09	5.79439e+09	4.96664e+09	4.98602e+09	4.97625e+09	4.84879e+09	4.89937e+09	5.11886e+09	4.87939e+09	4.56275e+09	4.44659e+09	3.91695e+09	4.55921e+09	4.11019e+09	4.24854e+09
ERR608873	6.65059e+09	7.10342e+09	7.10487e+09	6.20209e+09	6.6517e+09	6.76589e+09	4.88851e+09	6.18852e+09	5.33238e+09	6.77365e+09	5.25966e+09	5.401e+09	5.57071e+09	6.40348e+09	7.34841e+09	7.15247e+09	6.31127e+09	7.13547e+09	6.92657e+09	6.90478e+09	6.91873e+09	7.25714e+09	6.23202e+09	6.95965e+09	6.81284e+09	6.87542e+09	6.3222e+09	6.61439e+09	6.7915e+09	6.62991e+09	4.46466e+09	4.98717e+09	4.42457e+09	4.51291e+09	5.05224e+09	4.48706e+09	7.24455e+09	7.25052e+09	6.67908e+09	7.28285e+09	7.00607e+09	6.99842e+09	5.76105e+09	7.16432e+09	6.73181e+09	7.11572e+09	6.764e+09	5.70875e+09	6.43213e+09	5.73246e+09	6.09205e+09	5.64201e+09	5.82872e+09	5.65891e+09	6.23432e+09	6.99381e+09	6.1998e+09	6.71951e+09	6.71527e+09	6.26018e+09	6.35769e+09	5.74821e+09	6.84778e+09	6.35612e+09	5.76595e+09	5.70512e+09	7.01852e+09	7.40882e+09	6.95644e+09	6.90824e+09	6.96178e+09	6.41174e+09	5.60471e+09	5.62887e+09	5.61343e+09	5.88058e+09	4.22659e+09	5.62e+09	6.59979e+09	6.24024e+09	6.76451e+09	6.44706e+09	7.2121e+09	6.11182e+09	6.10352e+09	6.09133e+09	5.92093e+09	5.98841e+09	6.28332e+09	5.96146e+09	5.54213e+09	5.38823e+09	4.70386e+09	5.53728e+09	4.95522e+09	5.13251e+09
ERR608876	5.31165e+09	5.64215e+09	5.64224e+09	4.98288e+09	5.3128e+09	5.39586e+09	4.0343e+09	5.00294e+09	4.37895e+09	5.25966e+09	4.49183e+09	4.43003e+09	4.51177e+09	5.13204e+09	5.82291e+09	5.68083e+09	5.06274e+09	5.66853e+09	5.51463e+09	5.49831e+09	5.5083e+09	5.75458e+09	5.00602e+09	5.53845e+09	5.43318e+09	5.47938e+09	5.07371e+09	5.28746e+09	5.41799e+09	5.29968e+09	3.68958e+09	4.08435e+09	3.65898e+09	3.72599e+09	4.13293e+09	3.70662e+09	5.74907e+09	5.75348e+09	5.33701e+09	5.77658e+09	5.57547e+09	5.56855e+09	4.67084e+09	5.69056e+09	5.37804e+09	5.65587e+09	5.40129e+09	4.63241e+09	5.15473e+09	4.6439e+09	4.90758e+09	4.57799e+09	4.7149e+09	4.59031e+09	4.99235e+09	5.5518e+09	4.96696e+09	5.34975e+09	5.34665e+09	5.01253e+09	5.09932e+09	4.65473e+09	5.45553e+09	5.09787e+09	4.66764e+09	4.62332e+09	5.57263e+09	5.85755e+09	5.52696e+09	5.49203e+09	5.53134e+09	5.12905e+09	4.54559e+09	4.56406e+09	4.55145e+09	4.75017e+09	3.4912e+09	4.55701e+09	5.25991e+09	4.99471e+09	5.38262e+09	5.14796e+09	5.7093e+09	4.89892e+09	4.91678e+09	4.90791e+09	4.78286e+09	4.83226e+09	5.04773e+09	4.81268e+09	4.50208e+09	4.38774e+09	3.86719e+09	4.49828e+09	4.05713e+09	4.19283e+09
ERR608874	5.4576e+09	5.80092e+09	5.80117e+09	5.11684e+09	5.45889e+09	5.54485e+09	4.13083e+09	5.1339e+09	4.48596e+09	5.401e+09	4.43003e+09	4.71154e+09	4.62742e+09	5.27098e+09	5.98918e+09	5.84199e+09	5.19997e+09	5.82921e+09	5.66885e+09	5.65183e+09	5.66256e+09	5.91801e+09	5.1406e+09	5.69373e+09	5.58483e+09	5.63228e+09	5.211e+09	5.43262e+09	5.5687e+09	5.44551e+09	3.77567e+09	4.184e+09	3.74382e+09	3.81272e+09	4.23429e+09	3.79319e+09	5.91301e+09	5.91726e+09	5.48483e+09	5.94196e+09	5.73234e+09	5.72554e+09	4.7911e+09	5.85012e+09	5.52561e+09	5.81469e+09	5.55004e+09	4.7502e+09	5.29314e+09	4.76354e+09	5.0367e+09	4.69412e+09	4.83705e+09	4.7073e+09	5.1288e+09	5.70835e+09	5.10236e+09	5.49886e+09	5.49585e+09	5.14957e+09	5.23629e+09	4.77504e+09	5.60634e+09	5.23448e+09	4.78834e+09	4.74238e+09	5.72991e+09	6.02536e+09	5.68197e+09	5.64588e+09	5.68629e+09	5.26883e+09	4.66185e+09	4.68143e+09	4.66794e+09	4.87354e+09	3.5729e+09	4.67314e+09	5.4059e+09	5.13042e+09	5.53313e+09	5.28956e+09	5.87237e+09	5.03124e+09	5.04685e+09	5.03702e+09	4.90703e+09	4.95866e+09	5.18242e+09	4.93838e+09	4.61532e+09	4.49739e+09	3.95949e+09	4.61153e+09	4.15571e+09	4.29547e+09
ERR612225	6.0071e+09	6.3452e+09	6.34526e+09	5.68108e+09	6.00927e+09	6.10112e+09	4.23411e+09	5.28439e+09	4.57092e+09	5.57071e+09	4.51177e+09	4.62742e+09	5.47692e+09	6.01082e+09	6.71226e+09	6.57012e+09	5.93542e+09	6.56172e+09	6.22901e+09	6.21381e+09	6.2233e+09	6.46567e+09	5.72129e+09	6.25394e+09	6.14427e+09	6.18893e+09	5.76849e+09	5.98992e+09	6.12754e+09	6.00797e+09	3.97138e+09	4.38214e+09	3.93887e+09	3.99935e+09	4.43542e+09	3.98788e+09	6.37874e+09	6.38324e+09	5.95148e+09	6.40349e+09	6.20507e+09	6.19283e+09	5.07477e+09	6.28016e+09	5.92479e+09	6.23654e+09	5.94677e+09	5.03083e+09	5.67682e+09	5.10321e+09	5.39228e+09	5.0081e+09	5.16236e+09	5.02176e+09	5.84505e+09	6.41374e+09	5.81741e+09	6.21719e+09	6.20794e+09	5.86343e+09	5.65578e+09	5.14564e+09	6.05406e+09	5.63353e+09	5.15629e+09	5.10776e+09	6.42631e+09	6.70514e+09	6.38055e+09	6.34398e+09	6.38343e+09	5.97997e+09	4.8853e+09	4.91179e+09	4.8949e+09	5.1077e+09	3.76817e+09	4.89869e+09	6.12705e+09	5.85873e+09	6.24781e+09	6.01511e+09	6.56043e+09	5.76469e+09	5.34871e+09	5.3474e+09	5.1894e+09	5.25139e+09	5.49812e+09	5.22761e+09	4.89772e+09	4.78345e+09	4.2043e+09	4.89327e+09	4.41174e+09	4.55913e+09
ERR612224	6.89266e+09	7.31857e+09	7.31931e+09	6.48394e+09	6.89564e+09	7.01086e+09	4.79962e+09	6.05719e+09	5.20371e+09	6.40348e+09	5.13204e+09	5.27098e+09	6.01082e+09	7.08627e+09	7.7737e+09	7.59325e+09	6.78675e+09	7.58228e+09	7.16928e+09	7.14921e+09	7.16162e+09	7.46815e+09	6.5308e+09	7.20043e+09	7.06099e+09	7.11686e+09	6.59084e+09	6.86709e+09	7.03961e+09	6.88979e+09	4.5299e+09	5.02608e+09	4.49116e+09	4.56686e+09	5.09127e+09	4.55008e+09	7.36164e+09	7.36761e+09	6.82665e+09	7.3939e+09	7.14314e+09	7.12867e+09	5.79132e+09	7.24798e+09	6.81197e+09	7.19444e+09	6.83971e+09	5.73892e+09	6.56215e+09	5.86764e+09	6.21906e+09	5.75755e+09	5.94452e+09	5.77359e+09	6.69372e+09	7.40822e+09	6.65972e+09	7.16039e+09	7.14863e+09	6.71705e+09	6.52706e+09	5.91169e+09	7.01071e+09	6.50409e+09	5.92565e+09	5.86585e+09	7.42083e+09	7.77381e+09	7.36319e+09	7.31624e+09	7.36632e+09	6.85781e+09	5.63922e+09	5.66949e+09	5.65038e+09	5.90763e+09	4.30364e+09	5.65477e+09	7.0476e+09	6.71023e+09	7.19992e+09	6.90643e+09	7.59611e+09	6.59233e+09	6.18122e+09	6.17648e+09	5.99048e+09	6.06438e+09	6.36028e+09	6.03583e+09	5.63509e+09	5.49523e+09	4.80481e+09	5.63111e+09	5.05396e+09	5.22866e+09
ERR612221	7.82102e+09	8.3742e+09	8.37649e+09	7.29247e+09	7.82338e+09	7.96865e+09	5.41513e+09	6.92478e+09	5.90966e+09	7.34841e+09	5.82291e+09	5.98918e+09	6.71226e+09	7.7737e+09	9.23648e+09	8.71551e+09	7.65482e+09	8.69971e+09	8.16768e+09	8.14218e+09	8.1579e+09	8.56532e+09	7.3397e+09	8.20818e+09	8.02061e+09	8.09404e+09	7.42324e+09	7.77478e+09	7.99302e+09	7.79957e+09	5.18794e+09	5.80481e+09	5.14238e+09	5.24235e+09	5.88612e+09	5.21452e+09	8.43609e+09	8.44378e+09	7.75155e+09	8.47947e+09	8.15194e+09	8.13839e+09	6.59686e+09	8.34956e+09	7.80714e+09	8.28401e+09	7.84512e+09	6.53342e+09	7.62731e+09	6.77108e+09	7.20662e+09	6.65081e+09	6.88015e+09	6.67083e+09	7.57334e+09	8.50142e+09	7.52958e+09	8.17193e+09	8.15846e+09	7.60275e+09	7.55051e+09	6.80059e+09	8.15044e+09	7.53658e+09	6.81971e+09	6.74571e+09	8.50773e+09	8.98078e+09	8.43329e+09	8.37156e+09	8.43749e+09	7.76888e+09	6.57328e+09	6.60433e+09	6.58704e+09	6.90608e+09	4.93598e+09	6.59243e+09	8.02024e+09	7.58322e+09	8.22021e+09	7.83577e+09	8.75057e+09	7.42961e+09	7.19907e+09	7.18635e+09	6.96982e+09	7.05755e+09	7.41905e+09	7.02194e+09	6.52898e+09	6.34767e+09	5.5191e+09	6.52397e+09	5.82252e+09	6.03297e+09
ERR612223	7.62918e+09	8.15564e+09	8.15641e+09	7.13099e+09	7.63168e+09	7.77269e+09	5.29578e+09	6.74766e+09	5.76513e+09	7.15247e+09	5.68083e+09	5.84199e+09	6.57012e+09	7.59325e+09	8.71551e+09	8.74472e+09	7.47887e+09	8.47214e+09	7.96163e+09	7.93731e+09	7.95194e+09	8.33672e+09	7.17928e+09	8.00153e+09	7.82892e+09	7.89818e+09	7.25703e+09	7.59036e+09	7.80239e+09	7.61731e+09	5.04894e+09	5.63405e+09	5.00437e+09	5.09624e+09	5.71171e+09	5.07331e+09	8.21695e+09	8.22478e+09	7.56384e+09	8.25775e+09	7.9466e+09	7.92991e+09	6.4209e+09	8.10944e+09	7.59326e+09	8.0489e+09	7.62911e+09	6.36019e+09	7.39767e+09	6.57861e+09	6.99603e+09	6.45779e+09	6.67768e+09	6.47711e+09	7.39503e+09	8.27125e+09	7.35344e+09	7.96278e+09	7.94771e+09	7.42293e+09	7.33298e+09	6.61411e+09	7.90356e+09	7.31383e+09	6.63151e+09	6.56088e+09	8.27725e+09	8.72162e+09	8.20449e+09	8.14743e+09	8.20906e+09	7.58047e+09	6.36728e+09	6.39892e+09	6.38005e+09	6.68366e+09	4.80458e+09	6.38462e+09	7.82101e+09	7.40678e+09	8.01155e+09	7.64659e+09	8.50914e+09	7.26301e+09	6.97757e+09	6.96654e+09	6.75511e+09	6.83946e+09	7.18637e+09	6.80561e+09	6.33188e+09	6.16218e+09	5.36282e+09	6.32724e+09	5.65265e+09	5.85623e+09
ERR612226	6.79501e+09	7.21039e+09	7.21082e+09	6.39561e+09	6.7979e+09	6.90963e+09	4.73594e+09	5.97165e+09	5.13372e+09	6.31127e+09	5.06274e+09	5.19997e+09	5.93542e+09	6.78675e+09	7.65482e+09	7.47887e+09	6.89502e+09	7.4676e+09	7.06442e+09	7.04531e+09	7.05699e+09	7.35611e+09	6.44059e+09	7.09485e+09	6.95821e+09	7.01284e+09	6.49958e+09	6.76951e+09	6.93734e+09	6.79082e+09	4.46673e+09	4.95361e+09	4.4286e+09	4.50331e+09	5.01757e+09	4.48694e+09	7.25122e+09	7.25664e+09	6.72927e+09	7.28216e+09	7.03828e+09	7.02386e+09	5.71375e+09	7.14133e+09	6.71414e+09	7.0887e+09	6.74142e+09	5.66239e+09	6.462e+09	5.78139e+09	6.12609e+09	5.67401e+09	5.85733e+09	5.69047e+09	6.59855e+09	7.29637e+09	6.56528e+09	7.05406e+09	7.0429e+09	6.62154e+09	6.42886e+09	5.8255e+09	6.90335e+09	6.40642e+09	5.83904e+09	5.78072e+09	7.30883e+09	7.65236e+09	7.25259e+09	7.20703e+09	7.25565e+09	6.7589e+09	5.55558e+09	5.58506e+09	5.56683e+09	5.81835e+09	4.24391e+09	5.57114e+09	6.94234e+09	6.61353e+09	7.09118e+09	6.80503e+09	7.47675e+09	6.49845e+09	6.08791e+09	6.08366e+09	5.90089e+09	5.97361e+09	6.26384e+09	5.94562e+09	5.55388e+09	5.41613e+09	4.73854e+09	5.54932e+09	4.98344e+09	5.155e+09
ERR612222	7.61004e+09	8.13605e+09	8.13731e+09	7.11899e+09	7.6128e+09	7.75533e+09	5.28692e+09	6.73308e+09	5.7524e+09	7.13547e+09	5.66853e+09	5.82921e+09	6.56172e+09	7.58228e+09	8.69971e+09	8.47214e+09	7.4676e+09	8.71636e+09	7.9447e+09	7.92014e+09	7.93568e+09	8.31911e+09	7.16928e+09	7.98527e+09	7.81423e+09	7.883e+09	7.24342e+09	7.57584e+09	7.7874e+09	7.60319e+09	5.03976e+09	5.62059e+09	4.99553e+09	5.08561e+09	5.69759e+09	5.0645e+09	8.20038e+09	8.20822e+09	7.54821e+09	8.24107e+09	7.93086e+09	7.91327e+09	6.40489e+09	8.09233e+09	7.57728e+09	8.02974e+09	7.61133e+09	6.3446e+09	7.38675e+09	6.5714e+09	6.98513e+09	6.44728e+09	6.66619e+09	6.46625e+09	7.39012e+09	8.2623e+09	7.3493e+09	7.95564e+09	7.93855e+09	7.4179e+09	7.32531e+09	6.60928e+09	7.89336e+09	7.30334e+09	6.62561e+09	6.55591e+09	8.26473e+09	8.70711e+09	8.1917e+09	8.13356e+09	8.19522e+09	7.57316e+09	6.35323e+09	6.38537e+09	6.36561e+09	6.66738e+09	4.79711e+09	6.37002e+09	7.8159e+09	7.40254e+09	8.00625e+09	7.64089e+09	8.50208e+09	7.26059e+09	6.96573e+09	6.95705e+09	6.74277e+09	6.82831e+09	7.17494e+09	6.79427e+09	6.31698e+09	6.14961e+09	5.35243e+09	6.31164e+09	5.64047e+09	5.84231e+09
ERR613933	7.50769e+09	8.00103e+09	8.0025e+09	7.01639e+09	7.50846e+09	7.63871e+09	5.1318e+09	6.5348e+09	5.59448e+09	6.92657e+09	5.51463e+09	5.66885e+09	6.22901e+09	7.16928e+09	8.16768e+09	7.96163e+09	7.06442e+09	7.9447e+09	8.08664e+09	7.85002e+09	7.86511e+09	8.22717e+09	7.10291e+09	7.90635e+09	7.65646e+09	7.72282e+09	7.11487e+09	7.43725e+09	7.633e+09	7.45862e+09	4.79462e+09	5.35672e+09	4.75208e+09	4.84451e+09	5.4301e+09	4.81842e+09	8.00534e+09	8.01239e+09	7.38931e+09	8.04489e+09	7.75198e+09	7.74193e+09	6.28895e+09	7.90745e+09	7.41182e+09	7.84771e+09	7.44521e+09	6.23125e+09	6.99835e+09	6.22469e+09	6.61869e+09	6.11479e+09	6.32333e+09	6.13495e+09	7.06119e+09	7.88631e+09	7.02285e+09	7.59602e+09	7.58889e+09	7.08935e+09	6.95917e+09	6.27525e+09	7.50353e+09	6.94689e+09	6.2927e+09	6.22575e+09	7.92315e+09	8.33321e+09	7.85889e+09	7.80509e+09	7.86354e+09	7.26627e+09	6.02897e+09	6.05873e+09	6.0408e+09	6.33094e+09	4.54156e+09	6.04597e+09	7.46537e+09	7.07846e+09	7.63616e+09	7.30329e+09	8.09687e+09	6.9408e+09	6.60575e+09	6.59625e+09	6.40001e+09	6.47812e+09	6.80654e+09	6.44709e+09	5.99492e+09	5.83171e+09	5.07729e+09	5.99049e+09	5.35285e+09	5.54595e+09
ERR613931	7.48812e+09	7.97832e+09	7.97981e+09	6.99902e+09	7.48855e+09	7.61813e+09	5.11608e+09	6.51451e+09	5.57764e+09	6.90478e+09	5.49831e+09	5.65183e+09	6.21381e+09	7.14921e+09	8.14218e+09	7.93731e+09	7.04531e+09	7.92014e+09	7.85002e+09	8.04234e+09	7.84367e+09	8.20342e+09	7.08531e+09	7.88453e+09	7.63488e+09	7.70094e+09	7.09649e+09	7.41722e+09	7.61167e+09	7.43879e+09	4.7807e+09	5.34197e+09	4.7387e+09	4.83107e+09	5.41475e+09	4.8049e+09	7.98013e+09	7.98744e+09	7.36747e+09	8.01927e+09	7.72865e+09	7.71907e+09	6.27094e+09	7.88266e+09	7.38963e+09	7.82264e+09	7.42223e+09	6.21399e+09	6.97659e+09	6.2061e+09	6.59828e+09	6.09673e+09	6.30442e+09	6.11725e+09	7.0436e+09	7.86495e+09	7.00528e+09	7.57622e+09	7.56968e+09	7.07133e+09	6.93871e+09	6.25694e+09	7.48048e+09	6.92638e+09	6.27436e+09	6.20797e+09	7.90193e+09	8.30905e+09	7.83791e+09	7.78427e+09	7.84204e+09	7.24837e+09	6.00952e+09	6.0394e+09	6.0216e+09	6.3104e+09	4.52735e+09	6.02676e+09	7.44623e+09	7.06141e+09	7.61546e+09	7.28461e+09	8.07333e+09	6.92369e+09	6.58501e+09	6.57568e+09	6.38011e+09	6.45828e+09	6.78513e+09	6.42739e+09	5.97755e+09	5.81511e+09	5.06334e+09	5.97321e+09	5.33822e+09	5.53077e+09
ERR613932	7.50205e+09	7.99384e+09	7.99557e+09	7.01116e+09	7.50272e+09	7.63303e+09	5.12575e+09	6.52782e+09	5.58867e+09	6.91873e+09	5.5083e+09	5.66256e+09	6.2233e+09	7.16162e+09	8.1579e+09	7.95194e+09	7.05699e+09	7.93568e+09	7.86511e+09	7.84367e+09	8.0738e+09	8.21991e+09	7.0973e+09	7.90003e+09	7.6498e+09	7.71623e+09	7.10895e+09	7.43113e+09	7.6268e+09	7.45279e+09	4.79067e+09	5.35361e+09	4.74828e+09	4.84107e+09	5.42687e+09	4.81491e+09	7.99658e+09	8.00375e+09	7.38149e+09	8.03567e+09	7.74363e+09	7.73421e+09	6.28301e+09	7.89944e+09	7.40423e+09	7.83923e+09	7.43797e+09	6.22552e+09	6.99265e+09	6.21943e+09	6.61299e+09	6.1095e+09	6.3182e+09	6.13003e+09	7.05607e+09	7.88107e+09	7.0178e+09	7.59089e+09	7.58409e+09	7.08382e+09	6.95349e+09	6.27012e+09	7.49777e+09	6.94214e+09	6.28775e+09	6.22087e+09	7.91791e+09	8.32719e+09	7.85314e+09	7.79975e+09	7.85824e+09	7.2617e+09	6.02368e+09	6.05359e+09	6.03562e+09	6.32573e+09	4.53715e+09	6.04083e+09	7.46025e+09	7.07345e+09	7.63017e+09	7.29801e+09	8.09012e+09	6.93573e+09	6.60015e+09	6.59106e+09	6.39474e+09	6.47321e+09	6.80129e+09	6.44191e+09	5.99035e+09	5.82721e+09	5.07369e+09	5.98622e+09	5.34944e+09	5.54245e+09
ERR613928	7.83228e+09	8.37705e+09	8.37896e+09	7.29857e+09	7.83267e+09	7.9762e+09	5.34758e+09	6.83815e+09	5.83991e+09	7.25714e+09	5.75458e+09	5.91801e+09	6.46567e+09	7.46815e+09	8.56532e+09	8.33672e+09	7.35611e+09	8.31911e+09	8.22717e+09	8.20342e+09	8.21991e+09	8.86935e+09	7.39109e+09	8.27021e+09	7.99416e+09	8.06713e+09	7.40298e+09	7.75358e+09	7.96831e+09	7.77716e+09	5.02511e+09	5.62773e+09	4.9803e+09	5.08003e+09	5.70629e+09	5.05142e+09	8.38227e+09	8.3905e+09	7.70874e+09	8.42607e+09	8.10391e+09	8.09296e+09	6.56872e+09	8.29834e+09	7.76293e+09	8.23373e+09	7.80015e+09	6.50714e+09	7.37103e+09	6.54075e+09	6.96398e+09	6.42506e+09	6.64854e+09	6.44677e+09	7.363e+09	8.26352e+09	7.32148e+09	7.9445e+09	7.93504e+09	7.39347e+09	7.31818e+09	6.58644e+09	7.90326e+09	7.30799e+09	6.60597e+09	6.53371e+09	8.29596e+09	8.75123e+09	8.22373e+09	8.16464e+09	8.22891e+09	7.57608e+09	6.35361e+09	6.38377e+09	6.36633e+09	6.67888e+09	4.76286e+09	6.37185e+09	7.80154e+09	7.37851e+09	7.98958e+09	7.6224e+09	8.49894e+09	7.22893e+09	6.96276e+09	6.95068e+09	6.74274e+09	6.82573e+09	7.17779e+09	6.7927e+09	6.30446e+09	6.12805e+09	5.3255e+09	6.29931e+09	5.61932e+09	5.8248e+09
ERR613930	6.79629e+09	7.20099e+09	7.20066e+09	6.41066e+09	6.79706e+09	6.91158e+09	4.69301e+09	5.90104e+09	5.07527e+09	6.23202e+09	5.00602e+09	5.1406e+09	5.72129e+09	6.5308e+09	7.3397e+09	7.17928e+09	6.44059e+09	7.16928e+09	7.10291e+09	7.08531e+09	7.0973e+09	7.39109e+09	6.67474e+09	7.13741e+09	6.94416e+09	6.99656e+09	6.49408e+09	6.7566e+09	6.92414e+09	6.78197e+09	4.31765e+09	4.78431e+09	4.28036e+09	4.34929e+09	4.84606e+09	4.33626e+09	7.21554e+09	7.22183e+09	6.70422e+09	7.24647e+09	7.00859e+09	6.992e+09	5.67477e+09	7.08542e+09	6.66803e+09	7.03316e+09	6.69163e+09	5.62651e+09	6.24662e+09	5.5871e+09	5.91982e+09	5.47403e+09	5.65357e+09	5.49185e+09	6.44238e+09	7.10981e+09	6.41051e+09	6.88076e+09	6.86714e+09	6.46498e+09	6.24199e+09	5.65509e+09	6.7011e+09	6.21529e+09	5.6682e+09	5.61166e+09	7.13609e+09	7.46357e+09	7.07961e+09	7.03594e+09	7.0826e+09	6.61155e+09	5.35333e+09	5.38399e+09	5.36381e+09	5.60771e+09	4.08828e+09	5.3675e+09	6.77729e+09	6.45989e+09	6.91897e+09	6.64349e+09	7.28663e+09	6.35189e+09	5.88088e+09	5.88009e+09	5.69699e+09	5.7687e+09	6.05462e+09	5.741e+09	5.34475e+09	5.21577e+09	4.55505e+09	5.34066e+09	4.78905e+09	4.95621e+09
ERR613929	7.5394e+09	8.03949e+09	8.04096e+09	7.04847e+09	7.53963e+09	7.67454e+09	5.15743e+09	6.56714e+09	5.61919e+09	6.95965e+09	5.53845e+09	5.69373e+09	6.25394e+09	7.20043e+09	8.20818e+09	8.00153e+09	7.09485e+09	7.98527e+09	7.90635e+09	7.88453e+09	7.90003e+09	8.27021e+09	7.13741e+09	8.16481e+09	7.69579e+09	7.76274e+09	7.14765e+09	7.47235e+09	7.67241e+09	7.49584e+09	4.81564e+09	5.37971e+09	4.77337e+09	4.86515e+09	5.45362e+09	4.83993e+09	8.04721e+09	8.05485e+09	7.42414e+09	8.08671e+09	7.79156e+09	7.77911e+09	6.31095e+09	7.94182e+09	7.4436e+09	7.88081e+09	7.47657e+09	6.25307e+09	7.03454e+09	6.25622e+09	6.65212e+09	6.14286e+09	6.3526e+09	6.16298e+09	7.09601e+09	7.92696e+09	7.05747e+09	7.63544e+09	7.6261e+09	7.12417e+09	6.99615e+09	6.30815e+09	7.54353e+09	6.98176e+09	6.32602e+09	6.25841e+09	7.9594e+09	8.37287e+09	7.89203e+09	7.8378e+09	7.89655e+09	7.29799e+09	6.05494e+09	6.08592e+09	6.06739e+09	6.3583e+09	4.56198e+09	6.0721e+09	7.50513e+09	7.11423e+09	7.67798e+09	7.34035e+09	8.14274e+09	6.9764e+09	6.63863e+09	6.62923e+09	6.42996e+09	6.50905e+09	6.84054e+09	6.47749e+09	6.01835e+09	5.85591e+09	5.0969e+09	6.01389e+09	5.37284e+09	5.5672e+09
ERR607715	7.33965e+09	7.81792e+09	7.81825e+09	6.88578e+09	7.34032e+09	7.4741e+09	5.07928e+09	6.43681e+09	5.51141e+09	6.81284e+09	5.43318e+09	5.58483e+09	6.14427e+09	7.06099e+09	8.02061e+09	7.82892e+09	6.95821e+09	7.81423e+09	7.65646e+09	7.63488e+09	7.6498e+09	7.99416e+09	6.94416e+09	7.69579e+09	7.81996e+09	7.66755e+09	7.06396e+09	7.37518e+09	7.57918e+09	7.40345e+09	4.68891e+09	5.22003e+09	4.64765e+09	4.72778e+09	5.29017e+09	4.71158e+09	7.88649e+09	7.89445e+09	7.28403e+09	7.92413e+09	7.63872e+09	7.62117e+09	6.12326e+09	7.69718e+09	7.22285e+09	7.64114e+09	7.25305e+09	6.06911e+09	6.83538e+09	6.08784e+09	6.46814e+09	5.96913e+09	6.17089e+09	5.98871e+09	6.94655e+09	7.73165e+09	6.90911e+09	7.45981e+09	7.44572e+09	6.97191e+09	6.81071e+09	6.14807e+09	7.33109e+09	6.78816e+09	6.16356e+09	6.09964e+09	7.74972e+09	8.14016e+09	7.68185e+09	7.63169e+09	7.68656e+09	7.12691e+09	5.86139e+09	5.89357e+09	5.87266e+09	6.15101e+09	4.44014e+09	5.87703e+09	7.34524e+09	6.97192e+09	7.5111e+09	7.18731e+09	7.94924e+09	6.84519e+09	6.44007e+09	6.43466e+09	6.23622e+09	6.31411e+09	6.63354e+09	6.28383e+09	5.82462e+09	5.67532e+09	4.94096e+09	5.82056e+09	5.20483e+09	5.39133e+09
ERR607716	7.40194e+09	7.88939e+09	7.88955e+09	6.93955e+09	7.40313e+09	7.53882e+09	5.11928e+09	6.49452e+09	5.55859e+09	6.87542e+09	5.47938e+09	5.63228e+09	6.18893e+09	7.11686e+09	8.09404e+09	7.89818e+09	7.01284e+09	7.883e+09	7.72282e+09	7.70094e+09	7.71623e+09	8.06713e+09	6.99656e+09	7.76274e+09	7.66755e+09	7.95375e+09	7.11951e+09	7.43638e+09	7.64295e+09	7.46431e+09	4.73472e+09	5.27491e+09	4.69328e+09	4.7754e+09	5.34586e+09	4.75782e+09	7.95766e+09	7.96557e+09	7.34544e+09	7.99586e+09	7.7057e+09	7.68789e+09	6.17825e+09	7.7707e+09	7.28983e+09	7.71442e+09	7.32065e+09	6.12321e+09	6.90679e+09	6.14778e+09	6.53474e+09	6.0298e+09	6.23425e+09	6.0494e+09	7.00321e+09	7.8029e+09	6.96552e+09	7.5251e+09	7.51207e+09	7.0294e+09	6.87871e+09	6.20758e+09	7.4074e+09	6.85725e+09	6.22311e+09	6.15824e+09	7.8211e+09	8.21969e+09	7.75261e+09	7.70145e+09	7.75746e+09	7.18647e+09	5.92499e+09	5.95745e+09	5.93653e+09	6.21919e+09	4.48357e+09	5.94109e+09	7.40822e+09	7.02857e+09	7.57722e+09	7.24765e+09	8.02498e+09	6.89921e+09	6.50862e+09	6.50212e+09	6.30257e+09	6.38074e+09	6.70481e+09	6.35039e+09	5.88583e+09	5.73336e+09	4.99025e+09	5.88141e+09	5.2577e+09	5.44681e+09
ERR607711	6.83988e+09	7.24959e+09	7.2501e+09	6.44106e+09	6.84049e+09	6.95462e+09	4.74989e+09	5.98363e+09	5.1443e+09	6.3222e+09	5.07371e+09	5.211e+09	5.76849e+09	6.59084e+09	7.42324e+09	7.25703e+09	6.49958e+09	7.24342e+09	7.11487e+09	7.09649e+09	7.10895e+09	7.40298e+09	6.49408e+09	7.14765e+09	7.06396e+09	7.11951e+09	6.79076e+09	6.87336e+09	7.04399e+09	6.89639e+09	4.35738e+09	4.83915e+09	4.31939e+09	4.39307e+09	4.90196e+09	4.37737e+09	7.30793e+09	7.31378e+09	6.78692e+09	7.33974e+09	7.0953e+09	7.08131e+09	5.7159e+09	7.13522e+09	6.71267e+09	7.08425e+09	6.73832e+09	5.66705e+09	6.30891e+09	5.63498e+09	5.97661e+09	5.52715e+09	5.70898e+09	5.5448e+09	6.47915e+09	7.16688e+09	6.44677e+09	6.93017e+09	6.92049e+09	6.50226e+09	6.29683e+09	5.69766e+09	6.76608e+09	6.27557e+09	5.71092e+09	5.65391e+09	7.18925e+09	7.52474e+09	7.13174e+09	7.08835e+09	7.13556e+09	6.64635e+09	5.40912e+09	5.43987e+09	5.42038e+09	5.67048e+09	4.12014e+09	5.42444e+09	6.82776e+09	6.50223e+09	6.97138e+09	6.69078e+09	7.3505e+09	6.38854e+09	5.94081e+09	5.93647e+09	5.75681e+09	5.82714e+09	6.11593e+09	5.8001e+09	5.39251e+09	5.25813e+09	4.58971e+09	5.38863e+09	4.83004e+09	5.00015e+09
ERR607712	7.14179e+09	7.58747e+09	7.5894e+09	6.70272e+09	7.14203e+09	7.26498e+09	4.93561e+09	6.25028e+09	5.36261e+09	6.61439e+09	5.28746e+09	5.43262e+09	5.98992e+09	6.86709e+09	7.77478e+09	7.59036e+09	6.76951e+09	7.57584e+09	7.43725e+09	7.41722e+09	7.43113e+09	7.75358e+09	6.7566e+09	7.47235e+09	7.37518e+09	7.43638e+09	6.87336e+09	7.37457e+09	7.35329e+09	7.19283e+09	4.55444e+09	5.07302e+09	4.51492e+09	4.59637e+09	5.14043e+09	4.57668e+09	7.6458e+09	7.65232e+09	7.0806e+09	7.68119e+09	7.41483e+09	7.4034e+09	5.97116e+09	7.47923e+09	7.0248e+09	7.42371e+09	7.05373e+09	5.91869e+09	6.62017e+09	5.90081e+09	6.26658e+09	5.79137e+09	5.98537e+09	5.81044e+09	6.74871e+09	7.49958e+09	6.71316e+09	7.23919e+09	7.23043e+09	6.77399e+09	6.59804e+09	5.95903e+09	7.10055e+09	6.57981e+09	5.97395e+09	5.91235e+09	7.52347e+09	7.89175e+09	7.46217e+09	7.41397e+09	7.46625e+09	6.92945e+09	5.68322e+09	5.71346e+09	5.69438e+09	5.96293e+09	4.30593e+09	5.6993e+09	7.12732e+09	6.77319e+09	7.28198e+09	6.97805e+09	7.69799e+09	6.64858e+09	6.23872e+09	6.23305e+09	6.04513e+09	6.11945e+09	6.42596e+09	6.09062e+09	5.65707e+09	5.51029e+09	4.80299e+09	5.65263e+09	5.05977e+09	5.24011e+09
ERR607714	7.31844e+09	7.79304e+09	7.79334e+09	6.86653e+09	7.31896e+09	7.45178e+09	5.06418e+09	6.41741e+09	5.49605e+09	6.7915e+09	5.41799e+09	5.5687e+09	6.12754e+09	7.03961e+09	7.99302e+09	7.80239e+09	6.93734e+09	7.7874e+09	7.633e+09	7.61167e+09	7.6268e+09	7.96831e+09	6.92414e+09	7.67241e+09	7.57918e+09	7.64295e+09	7.04399e+09	7.35329e+09	7.77074e+09	7.38131e+09	4.6738e+09	5.20342e+09	4.63246e+09	4.71253e+09	5.27304e+09	4.69595e+09	7.862e+09	7.87e+09	7.26343e+09	7.89904e+09	7.61571e+09	7.59859e+09	6.10784e+09	7.67437e+09	7.20191e+09	7.61816e+09	7.23224e+09	6.05369e+09	6.81196e+09	6.06706e+09	6.4459e+09	5.94926e+09	6.15037e+09	5.96878e+09	6.92527e+09	7.7064e+09	6.88805e+09	7.43557e+09	7.42173e+09	6.95106e+09	6.78721e+09	6.12751e+09	7.30611e+09	6.7651e+09	6.14231e+09	6.07875e+09	7.72511e+09	8.11261e+09	7.65751e+09	7.60786e+09	7.66237e+09	7.10491e+09	5.84165e+09	5.87364e+09	5.85325e+09	6.13033e+09	4.42503e+09	5.85777e+09	7.32144e+09	6.94999e+09	7.48588e+09	7.16426e+09	7.92182e+09	6.82364e+09	6.41789e+09	6.41231e+09	6.21517e+09	6.29233e+09	6.61073e+09	6.26257e+09	5.80539e+09	5.65701e+09	4.92505e+09	5.80146e+09	5.18804e+09	5.37397e+09
ERR607713	7.15797e+09	7.61e+09	7.60988e+09	6.72523e+09	7.15833e+09	7.28517e+09	4.95525e+09	6.26775e+09	5.37535e+09	6.62991e+09	5.29968e+09	5.44551e+09	6.00797e+09	6.88979e+09	7.79957e+09	7.61731e+09	6.79082e+09	7.60319e+09	7.45862e+09	7.43879e+09	7.45279e+09	7.77716e+09	6.78197e+09	7.49584e+09	7.40345e+09	7.46431e+09	6.89639e+09	7.19283e+09	7.38131e+09	7.42461e+09	4.56617e+09	5.0798e+09	4.52693e+09	4.60508e+09	5.1475e+09	4.58884e+09	7.67217e+09	7.67898e+09	7.10158e+09	7.70731e+09	7.43933e+09	7.42269e+09	5.97652e+09	7.49278e+09	7.03821e+09	7.43777e+09	7.06599e+09	5.924e+09	6.64012e+09	5.92006e+09	6.2854e+09	5.80535e+09	5.99937e+09	5.82453e+09	6.77954e+09	7.52705e+09	6.74411e+09	7.26875e+09	7.25581e+09	6.80432e+09	6.62174e+09	5.98382e+09	7.12332e+09	6.5994e+09	5.99871e+09	5.93685e+09	7.54686e+09	7.91506e+09	7.48288e+09	7.43479e+09	7.48669e+09	6.95475e+09	5.6936e+09	5.72512e+09	5.70504e+09	5.97198e+09	4.32026e+09	5.70917e+09	7.15758e+09	6.80226e+09	7.31414e+09	7.007e+09	7.7297e+09	6.68038e+09	6.25424e+09	6.24989e+09	6.05785e+09	6.13288e+09	6.44175e+09	6.1041e+09	5.6656e+09	5.52166e+09	4.81168e+09	5.66098e+09	5.06628e+09	5.24683e+09
ERR629879	4.62092e+09	4.93533e+09	4.93699e+09	4.31322e+09	4.62183e+09	4.69824e+09	3.4328e+09	4.24859e+09	3.73546e+09	4.46466e+09	3.68958e+09	3.77567e+09	3.97138e+09	4.5299e+09	5.18794e+09	5.04894e+09	4.46673e+09	5.03976e+09	4.79462e+09	4.7807e+09	4.79067e+09	5.02511e+09	4.31765e+09	4.81564e+09	4.68891e+09	4.73472e+09	4.35738e+09	4.55444e+09	4.6738e+09	4.56617e+09	4.05916e+09	4.30598e+09	3.8764e+09	3.95017e+09	4.35427e+09	3.92426e+09	4.83766e+09	4.84144e+09	4.47615e+09	4.86043e+09	4.68558e+09	4.67971e+09	4.09625e+09	4.95257e+09	4.67997e+09	4.92201e+09	4.70621e+09	4.06234e+09	5.18551e+09	4.71364e+09	4.96115e+09	4.66388e+09	4.79222e+09	4.67219e+09	4.81166e+09	5.36878e+09	4.78447e+09	5.16382e+09	5.16306e+09	4.83055e+09	5.09835e+09	4.69522e+09	5.42475e+09	5.10886e+09	4.70857e+09	4.66454e+09	5.36171e+09	5.64993e+09	5.31756e+09	5.28364e+09	5.32212e+09	4.91866e+09	4.70404e+09	4.7175e+09	4.70843e+09	4.89323e+09	3.68071e+09	4.7128e+09	5.0718e+09	4.80547e+09	5.19792e+09	4.95906e+09	5.53292e+09	4.70215e+09	4.98812e+09	4.97356e+09	4.86821e+09	4.91051e+09	5.10307e+09	4.89158e+09	4.61591e+09	4.50294e+09	4.01271e+09	4.6129e+09	4.19814e+09	4.32546e+09
ERR629876	5.16228e+09	5.52527e+09	5.52891e+09	4.78699e+09	5.16291e+09	5.24661e+09	3.77199e+09	4.72872e+09	4.13767e+09	4.98717e+09	4.08435e+09	4.184e+09	4.38214e+09	5.02608e+09	5.80481e+09	5.63405e+09	4.95361e+09	5.62059e+09	5.35672e+09	5.34197e+09	5.35361e+09	5.62773e+09	4.78431e+09	5.37971e+09	5.22003e+09	5.27491e+09	4.83915e+09	5.07302e+09	5.20342e+09	5.0798e+09	4.30598e+09	4.9801e+09	4.27376e+09	4.37357e+09	4.85956e+09	4.33045e+09	5.41233e+09	5.41629e+09	4.99469e+09	5.44005e+09	5.23569e+09	5.23707e+09	4.57194e+09	5.562e+09	5.23961e+09	5.52477e+09	5.27218e+09	4.53245e+09	5.81517e+09	5.2518e+09	5.54729e+09	5.2064e+09	5.3579e+09	5.2158e+09	5.33894e+09	6.01394e+09	5.30656e+09	5.76339e+09	5.77097e+09	5.36162e+09	5.69994e+09	5.21746e+09	6.09433e+09	5.72457e+09	5.23452e+09	5.18196e+09	6.01417e+09	6.35804e+09	5.96512e+09	5.92401e+09	5.97077e+09	5.47361e+09	5.27078e+09	5.28315e+09	5.27658e+09	5.4997e+09	4.04933e+09	5.28256e+09	5.65136e+09	5.3328e+09	5.79633e+09	5.51699e+09	6.20148e+09	5.20237e+09	5.59071e+09	5.56993e+09	5.45446e+09	5.5012e+09	5.72853e+09	5.48002e+09	5.16465e+09	5.02186e+09	4.44988e+09	5.16147e+09	4.67314e+09	4.82289e+09
ERR629878	4.57976e+09	4.89123e+09	4.89266e+09	4.27618e+09	4.5812e+09	4.65656e+09	3.40413e+09	4.21125e+09	3.70385e+09	4.42457e+09	3.65898e+09	3.74382e+09	3.93887e+09	4.49116e+09	5.14238e+09	5.00437e+09	4.4286e+09	4.99553e+09	4.75208e+09	4.7387e+09	4.74828e+09	4.9803e+09	4.28036e+09	4.77337e+09	4.64765e+09	4.69328e+09	4.31939e+09	4.51492e+09	4.63246e+09	4.52693e+09	3.8764e+09	4.27376e+09	4.0038e+09	3.92175e+09	4.32114e+09	3.8965e+09	4.79326e+09	4.79691e+09	4.43544e+09	4.81574e+09	4.64269e+09	4.6367e+09	4.05987e+09	4.90728e+09	4.63755e+09	4.87676e+09	4.66276e+09	4.02671e+09	5.14359e+09	4.67758e+09	4.92126e+09	4.62771e+09	4.75458e+09	4.636e+09	4.77378e+09	5.32424e+09	4.74703e+09	5.12204e+09	5.12143e+09	4.79224e+09	5.05759e+09	4.659e+09	5.37992e+09	5.0678e+09	4.67222e+09	4.62877e+09	5.31709e+09	5.60176e+09	5.27362e+09	5.23972e+09	5.27809e+09	4.87883e+09	4.66742e+09	4.6808e+09	4.67185e+09	4.85458e+09	3.65502e+09	4.67615e+09	5.03178e+09	4.76869e+09	5.15663e+09	4.92045e+09	5.48738e+09	4.66662e+09	4.94798e+09	4.93372e+09	4.82913e+09	4.87067e+09	5.06194e+09	4.85232e+09	4.57914e+09	4.46766e+09	3.98271e+09	4.57601e+09	4.16621e+09	4.29217e+09
