	ERR613505	ERR613504	ERR613503	ERR613507	ERR613506	ERR613508	ERR626432	ERR626431	ERR626433	ERR626430	ERR626429	ERR626434	ERR637109	ERR637110	ERR637106	ERR637108	ERR637107	ERR637105	ERR618517	ERR618518	ERR618514	ERR618515	ERR618513	ERR618516	ERR617367	ERR617369	ERR617371	ERR617368	ERR617372	ERR617370	ERR613041	ERR613042	ERR613046	ERR613045	ERR613043	ERR613044	ERR606000	ERR606004	ERR606003	ERR606005	ERR606001	ERR606002	ERR636897	ERR636895	ERR636900	ERR636898	ERR636896	ERR636899	ERR608823	ERR608825	ERR608828	ERR608826	ERR608827	ERR608824	ERR607377	ERR607376	ERR607378	ERR607375	ERR607373	ERR607374	ERR605600	ERR605599	ERR605602	ERR605603	ERR605604	ERR605601	ERR622008	ERR622003	ERR622004	ERR622005	ERR622007	ERR622006	ERR616758	ERR616757	ERR616755	ERR616754	ERR616759	ERR616756	ERR630533	ERR630535	ERR630534	ERR630537	ERR630536	ERR630532	ERR631676	ERR631677	ERR631678	ERR631675	ERR631674	ERR631673	ERR614947	ERR614946	ERR614948	ERR614945	ERR614944	ERR614943
ERR613505	0	0.248389	0.248539	0.267285	0.263771	0.26772	0.411401	0.416648	0.410253	0.412689	0.411683	0.409322	0.340806	0.341634	0.342863	0.341273	0.340735	0.344426	0.357846	0.355616	0.372401	0.357874	0.344836	0.361612	0.365691	0.374799	0.374006	0.375586	0.373249	0.37355	0.310709	0.31629	0.419352	0.412659	0.316387	0.428521	0.373586	0.380564	0.378413	0.383553	0.360493	0.361915	0.362878	0.376372	0.353234	0.356382	0.364736	0.355295	0.488436	0.425951	0.430046	0.430171	0.430706	0.429331	0.415521	0.41597	0.41531	0.418637	0.430093	0.413996	0.399826	0.399956	0.401419	0.400984	0.401387	0.400911	0.421763	0.410342	0.411534	0.413517	0.419425	0.41546	0.420609	0.421237	0.430514	0.431789	0.419296	0.44449	0.498354	0.497574	0.489243	0.498172	0.494504	0.488609	0.391781	0.390893	0.391973	0.392905	0.397627	0.392479	0.422363	0.422578	0.421665	0.442288	0.435326	0.438384
ERR613504	0.248389	0	0.248356	0.267299	0.263574	0.268144	0.410446	0.415779	0.409238	0.411903	0.410992	0.408319	0.339422	0.340175	0.341461	0.340036	0.339461	0.343085	0.357452	0.355281	0.372367	0.35752	0.344423	0.361367	0.365446	0.374418	0.373409	0.375301	0.372736	0.373002	0.30995	0.315956	0.419719	0.413031	0.3157	0.42885	0.373659	0.380909	0.378746	0.383798	0.359945	0.361619	0.361938	0.375552	0.351948	0.355226	0.363611	0.35403	0.489331	0.426636	0.430591	0.430809	0.431218	0.429907	0.415707	0.416168	0.415578	0.418679	0.430754	0.414169	0.400553	0.400598	0.401889	0.401576	0.40208	0.401521	0.422315	0.410874	0.412013	0.414094	0.419993	0.415954	0.421454	0.422068	0.431031	0.432304	0.420197	0.445064	0.49875	0.498196	0.489542	0.498778	0.495022	0.489142	0.392098	0.391251	0.39229	0.392956	0.397974	0.392775	0.422912	0.422917	0.422121	0.442931	0.436061	0.439074
ERR613503	0.248539	0.248356	0	0.268357	0.26474	0.268862	0.411419	0.417171	0.410135	0.413202	0.411661	0.409196	0.339676	0.340596	0.341911	0.340299	0.339778	0.343853	0.358774	0.35677	0.373966	0.358835	0.345765	0.36278	0.36618	0.37534	0.373914	0.376072	0.373213	0.373563	0.310789	0.316903	0.421233	0.41457	0.31678	0.430256	0.374983	0.382164	0.380228	0.385239	0.360671	0.362019	0.363807	0.377464	0.353667	0.356904	0.365741	0.355674	0.490282	0.427288	0.43133	0.431745	0.431785	0.43061	0.416283	0.416746	0.415965	0.419213	0.431613	0.414582	0.400749	0.400652	0.402324	0.40178	0.402363	0.401823	0.423555	0.411662	0.412952	0.415015	0.421149	0.417085	0.421926	0.422683	0.431992	0.433316	0.420672	0.446087	0.499363	0.49882	0.48992	0.499401	0.495691	0.489696	0.392833	0.391765	0.392722	0.393461	0.399074	0.393475	0.423295	0.423359	0.422439	0.443476	0.436492	0.439716
ERR613507	0.267285	0.267299	0.268357	0	0.253443	0.254196	0.411726	0.406458	0.409788	0.403746	0.409613	0.410248	0.35939	0.361339	0.358291	0.359322	0.357282	0.355822	0.341859	0.34091	0.350878	0.341122	0.335022	0.343838	0.363576	0.370276	0.380987	0.370461	0.380923	0.381435	0.31773	0.315157	0.385935	0.378952	0.314969	0.393075	0.348525	0.358553	0.357868	0.360456	0.36148	0.364447	0.350564	0.357058	0.348855	0.349347	0.350044	0.349401	0.466634	0.421276	0.421663	0.421927	0.422067	0.421368	0.423414	0.423988	0.423362	0.42982	0.420057	0.422327	0.406669	0.410607	0.405062	0.406122	0.405046	0.402768	0.409204	0.41067	0.406045	0.40709	0.40794	0.408544	0.417879	0.418701	0.421701	0.421526	0.417018	0.429957	0.489753	0.486119	0.48786	0.487125	0.484197	0.484522	0.398489	0.398346	0.397209	0.402017	0.395418	0.396971	0.42662	0.427189	0.427312	0.433216	0.429613	0.430991
ERR613506	0.263771	0.263574	0.26474	0.253443	0	0.254302	0.412163	0.408079	0.410121	0.405216	0.410152	0.410522	0.356504	0.358	0.355443	0.356246	0.354381	0.353172	0.343515	0.342377	0.352939	0.342948	0.335733	0.345586	0.364083	0.371193	0.380493	0.371442	0.380467	0.380864	0.315557	0.313457	0.388476	0.381489	0.313314	0.396298	0.351173	0.360925	0.360195	0.362845	0.36092	0.363837	0.350871	0.358149	0.347824	0.348594	0.350925	0.348735	0.469528	0.422336	0.42304	0.423201	0.423431	0.422856	0.422472	0.423106	0.422416	0.428614	0.421052	0.421407	0.405593	0.408903	0.404417	0.405336	0.40423	0.402233	0.409831	0.409935	0.405699	0.406976	0.408246	0.408317	0.418365	0.418978	0.422746	0.422838	0.41727	0.431799	0.491931	0.488618	0.489154	0.489243	0.48639	0.486129	0.396272	0.396167	0.395033	0.399757	0.394132	0.395162	0.426531	0.427147	0.427087	0.434512	0.430742	0.432144
ERR613508	0.26772	0.268144	0.268862	0.254196	0.254302	0	0.412862	0.407104	0.410441	0.404396	0.410269	0.41109	0.359954	0.361851	0.358987	0.359918	0.357821	0.356119	0.342228	0.341417	0.350367	0.341386	0.33519	0.34401	0.364558	0.371363	0.382288	0.371853	0.382451	0.382843	0.3185	0.315199	0.384871	0.377832	0.315186	0.392469	0.348424	0.359079	0.358279	0.36071	0.362507	0.365432	0.350823	0.357189	0.349137	0.349544	0.350567	0.349681	0.46657	0.422238	0.422342	0.422688	0.422508	0.422025	0.424231	0.4249	0.424158	0.430927	0.42	0.423267	0.407174	0.411325	0.40577	0.406771	0.405664	0.403636	0.409646	0.411189	0.406331	0.407691	0.408125	0.408899	0.418401	0.419151	0.42253	0.422326	0.417438	0.430576	0.490895	0.48714	0.489267	0.488043	0.485019	0.485638	0.398664	0.398457	0.397282	0.402545	0.39569	0.39727	0.427358	0.428085	0.428178	0.433582	0.430313	0.431779
ERR626432	0.411401	0.410446	0.411419	0.411726	0.412163	0.412862	0	0.266352	0.25045	0.264474	0.25349	0.249974	0.377934	0.373856	0.37568	0.379171	0.381461	0.392747	0.364219	0.362729	0.397024	0.377552	0.364444	0.368143	0.351843	0.345513	0.339618	0.345926	0.340072	0.340207	0.401955	0.418755	0.501121	0.49316	0.418094	0.504652	0.43324	0.41216	0.406917	0.41416	0.388607	0.388616	0.396695	0.405122	0.392067	0.395082	0.390984	0.394555	0.544263	0.461168	0.469288	0.468749	0.470139	0.470624	0.460923	0.460821	0.460153	0.460463	0.498907	0.461661	0.49001	0.487991	0.489745	0.489658	0.490225	0.494033	0.5184	0.504204	0.510183	0.510725	0.515914	0.509659	0.480277	0.478861	0.484657	0.487319	0.477752	0.494754	0.504601	0.515912	0.495218	0.513167	0.51238	0.498132	0.501632	0.500439	0.502856	0.492828	0.503602	0.500125	0.468766	0.468444	0.467701	0.488041	0.485945	0.489824
ERR626431	0.416648	0.415779	0.417171	0.406458	0.408079	0.407104	0.266352	0	0.264129	0.256765	0.263132	0.266351	0.387675	0.385409	0.385235	0.388389	0.389079	0.395844	0.351621	0.350886	0.374697	0.360923	0.355285	0.352941	0.34837	0.344049	0.354037	0.344369	0.355036	0.354901	0.406329	0.41624	0.475311	0.46802	0.415228	0.477796	0.419692	0.404539	0.401398	0.406032	0.400817	0.402205	0.384412	0.387231	0.385412	0.386505	0.378534	0.386923	0.521388	0.457459	0.461257	0.460952	0.46185	0.462234	0.468793	0.468828	0.467842	0.472234	0.485634	0.469003	0.492558	0.494055	0.490805	0.491536	0.491268	0.493217	0.513643	0.507549	0.509319	0.50936	0.511896	0.508703	0.475488	0.474355	0.47688	0.478083	0.473738	0.482989	0.497936	0.5041	0.495434	0.502124	0.501377	0.494517	0.502878	0.502135	0.503282	0.497319	0.501678	0.500998	0.469261	0.469439	0.469713	0.477439	0.477094	0.479599
ERR626433	0.410253	0.409238	0.410135	0.409788	0.410121	0.410441	0.25045	0.264129	0	0.262603	0.253473	0.250373	0.376827	0.373102	0.374941	0.378153	0.380108	0.391057	0.362	0.360836	0.393624	0.374922	0.362378	0.365643	0.350406	0.344622	0.340837	0.345141	0.341128	0.341066	0.400575	0.416479	0.497224	0.489315	0.415693	0.500779	0.430614	0.410497	0.405531	0.412743	0.389444	0.389544	0.3936	0.401565	0.389319	0.392211	0.388026	0.391914	0.541194	0.460157	0.467703	0.467247	0.468357	0.469061	0.460836	0.460947	0.460412	0.461095	0.496446	0.461616	0.48918	0.487584	0.488823	0.488777	0.489461	0.492902	0.517024	0.503449	0.509079	0.509601	0.514615	0.50868	0.479039	0.477665	0.483274	0.485618	0.47662	0.492964	0.504158	0.514688	0.495383	0.511965	0.511175	0.497933	0.500384	0.499283	0.501393	0.492231	0.502261	0.498885	0.468237	0.468061	0.467291	0.486428	0.484412	0.488094
ERR626430	0.412689	0.411903	0.413202	0.403746	0.405216	0.404396	0.264474	0.256765	0.262603	0	0.259993	0.264469	0.3851	0.382554	0.382408	0.385666	0.386524	0.393978	0.351357	0.350726	0.374554	0.360867	0.353733	0.352986	0.347417	0.342978	0.352244	0.343992	0.35329	0.353085	0.403618	0.413727	0.476941	0.469261	0.412839	0.479853	0.41702	0.400921	0.397959	0.402416	0.39549	0.397024	0.3829	0.386784	0.383561	0.384568	0.376962	0.384964	0.522744	0.455808	0.460136	0.45967	0.460528	0.461271	0.465273	0.465575	0.46467	0.468594	0.485243	0.465953	0.488542	0.489875	0.487045	0.487875	0.487719	0.489595	0.510776	0.503703	0.505694	0.506415	0.5088	0.505704	0.473212	0.472183	0.475212	0.476495	0.471229	0.481564	0.497245	0.503888	0.494235	0.501951	0.501273	0.493649	0.500152	0.499221	0.500499	0.494552	0.499017	0.498153	0.466281	0.466627	0.466679	0.475384	0.475147	0.477559
ERR626429	0.411683	0.410992	0.411661	0.409613	0.410152	0.410269	0.25349	0.263132	0.253473	0.259993	0	0.253644	0.380804	0.377174	0.377846	0.381942	0.383582	0.394065	0.361922	0.360813	0.392573	0.37488	0.36239	0.365277	0.351666	0.345492	0.343436	0.346345	0.343847	0.344224	0.402989	0.418167	0.496685	0.488677	0.417616	0.500217	0.428702	0.407146	0.402417	0.408795	0.388412	0.388623	0.393696	0.401189	0.390689	0.393317	0.387399	0.393268	0.539653	0.45896	0.466191	0.465698	0.466944	0.467993	0.461237	0.461321	0.460528	0.461757	0.496161	0.462299	0.488608	0.487363	0.488199	0.488237	0.488882	0.492177	0.515972	0.503037	0.508276	0.509162	0.513525	0.508076	0.477947	0.476663	0.48193	0.484033	0.475529	0.490654	0.50174	0.512583	0.494225	0.509969	0.509425	0.496351	0.500993	0.499986	0.502182	0.493036	0.502249	0.499294	0.467719	0.467539	0.467011	0.484084	0.4829	0.486497
ERR626434	0.409322	0.408319	0.409196	0.410248	0.410522	0.41109	0.249974	0.266351	0.250373	0.264469	0.253644	0	0.375515	0.37154	0.37356	0.376691	0.378944	0.390331	0.363311	0.361795	0.39576	0.376204	0.363065	0.367041	0.350641	0.344752	0.338812	0.345027	0.339116	0.339111	0.399718	0.416322	0.499577	0.491595	0.41576	0.503302	0.432325	0.412077	0.406934	0.414229	0.388336	0.388315	0.394572	0.403279	0.389949	0.392963	0.389147	0.392464	0.543368	0.460927	0.468839	0.468415	0.469622	0.470111	0.460106	0.460152	0.459611	0.459907	0.497824	0.460907	0.489259	0.487294	0.488986	0.488844	0.489473	0.493345	0.517439	0.503085	0.509099	0.509592	0.514899	0.508777	0.479445	0.478169	0.484004	0.486613	0.476942	0.494356	0.505019	0.515914	0.49556	0.513174	0.512504	0.498326	0.499938	0.498737	0.50108	0.491327	0.502245	0.498489	0.468046	0.467873	0.467024	0.487695	0.485355	0.489411
ERR637109	0.340806	0.339422	0.339676	0.35939	0.356504	0.359954	0.377934	0.387675	0.376827	0.3851	0.380804	0.375515	0	0.238285	0.240422	0.237757	0.239499	0.243912	0.352072	0.349329	0.372869	0.35428	0.339486	0.356515	0.357493	0.367159	0.360582	0.366327	0.359782	0.360078	0.315798	0.32627	0.438007	0.430993	0.326331	0.44625	0.408072	0.413619	0.41037	0.417189	0.385694	0.386478	0.30675	0.326037	0.29021	0.296083	0.309133	0.293141	0.548984	0.480439	0.48714	0.486994	0.48785	0.486364	0.462422	0.4625	0.462154	0.461405	0.489281	0.460421	0.479468	0.47659	0.482098	0.480964	0.482196	0.483571	0.492892	0.476652	0.481243	0.482594	0.490563	0.484511	0.480506	0.48124	0.491635	0.493681	0.479453	0.507505	0.552663	0.555279	0.539168	0.555194	0.551162	0.541481	0.429988	0.428884	0.43055	0.42825	0.440196	0.43179	0.477793	0.477485	0.475841	0.505286	0.496978	0.501464
ERR637110	0.341634	0.340175	0.340596	0.361339	0.358	0.361851	0.373856	0.385409	0.373102	0.382554	0.377174	0.37154	0.238285	0	0.241038	0.238162	0.240435	0.246633	0.352433	0.349699	0.374884	0.35562	0.340191	0.357183	0.355601	0.364712	0.356641	0.363962	0.355604	0.355917	0.317231	0.328948	0.44268	0.435531	0.32917	0.450669	0.409775	0.41358	0.410102	0.417283	0.38337	0.38398	0.310938	0.330525	0.293888	0.300206	0.313089	0.297096	0.55037	0.479389	0.48662	0.486316	0.487293	0.485888	0.461126	0.461125	0.460744	0.459634	0.49046	0.459119	0.479231	0.475882	0.481843	0.480685	0.482124	0.48376	0.494363	0.477261	0.48232	0.483708	0.491843	0.485547	0.480429	0.481014	0.491663	0.493824	0.479298	0.507829	0.550774	0.55418	0.536669	0.553884	0.550039	0.539493	0.43211	0.431001	0.432908	0.429686	0.442699	0.433966	0.476695	0.476387	0.47471	0.505066	0.496796	0.501382
ERR637106	0.342863	0.341461	0.341911	0.358291	0.355443	0.358987	0.37568	0.385235	0.374941	0.382408	0.377846	0.37356	0.240422	0.241038	0	0.239452	0.238444	0.240288	0.350106	0.347549	0.372303	0.35402	0.338697	0.354585	0.359445	0.366688	0.360766	0.365871	0.360066	0.360575	0.314857	0.325249	0.436118	0.428954	0.325695	0.443728	0.405567	0.40835	0.404707	0.411811	0.381278	0.382172	0.302301	0.320947	0.287038	0.29289	0.303022	0.290248	0.55076	0.479738	0.486687	0.486495	0.487456	0.486484	0.461755	0.461816	0.461595	0.460555	0.490413	0.460134	0.480144	0.477283	0.482439	0.48155	0.482471	0.484086	0.489336	0.473481	0.478131	0.479627	0.486942	0.481003	0.480372	0.480958	0.490504	0.492499	0.479215	0.50562	0.551984	0.556122	0.539294	0.555652	0.552171	0.541863	0.426318	0.425601	0.427054	0.424402	0.435022	0.427694	0.479355	0.479072	0.477569	0.505582	0.498065	0.502712
ERR637108	0.341273	0.340036	0.340299	0.359322	0.356246	0.359918	0.379171	0.388389	0.378153	0.385666	0.381942	0.376691	0.237757	0.238162	0.239452	0	0.238676	0.242365	0.351979	0.349164	0.372318	0.354018	0.33973	0.356427	0.358125	0.367775	0.361998	0.367292	0.361192	0.36146	0.315738	0.325412	0.436431	0.429415	0.325515	0.444504	0.407413	0.413207	0.410171	0.416906	0.386344	0.387235	0.304585	0.32394	0.2881	0.294141	0.306978	0.291061	0.549564	0.481675	0.488249	0.488047	0.488948	0.487492	0.463542	0.463734	0.463289	0.462853	0.489744	0.461615	0.480421	0.477628	0.48288	0.481897	0.483206	0.484374	0.492824	0.47697	0.481399	0.482734	0.490473	0.484624	0.481321	0.48207	0.492407	0.494359	0.48026	0.508075	0.554018	0.556478	0.540711	0.556361	0.552464	0.542938	0.429591	0.428356	0.430033	0.428132	0.439447	0.431356	0.479081	0.478859	0.477303	0.506275	0.49783	0.502287
ERR637107	0.340735	0.339461	0.339778	0.357282	0.354381	0.357821	0.381461	0.389079	0.380108	0.386524	0.383582	0.378944	0.239499	0.240435	0.238444	0.238676	0	0.239343	0.351053	0.348525	0.370272	0.352626	0.338921	0.355125	0.359663	0.369521	0.365286	0.369029	0.364531	0.364814	0.314277	0.322622	0.431896	0.424805	0.322638	0.439995	0.405059	0.411004	0.408336	0.414641	0.386593	0.387749	0.300161	0.319034	0.284669	0.290339	0.302875	0.287621	0.547918	0.481439	0.487442	0.487513	0.488311	0.48705	0.463494	0.463666	0.463228	0.463143	0.488094	0.461605	0.479571	0.477176	0.482163	0.481121	0.482266	0.483375	0.490028	0.474963	0.478939	0.480344	0.487745	0.482277	0.480221	0.480916	0.491254	0.492998	0.479119	0.506591	0.554627	0.556739	0.542109	0.55681	0.552824	0.543914	0.425846	0.424932	0.426239	0.425253	0.43507	0.4275	0.479614	0.479385	0.478016	0.505386	0.497561	0.501748
ERR637105	0.344426	0.343085	0.343853	0.355822	0.353172	0.356119	0.392747	0.395844	0.391057	0.393978	0.394065	0.390331	0.243912	0.246633	0.240288	0.242365	0.239343	0	0.350863	0.348409	0.36682	0.351074	0.339371	0.354174	0.367741	0.377836	0.377712	0.377031	0.377013	0.377418	0.313403	0.317839	0.419415	0.41256	0.317854	0.427195	0.402645	0.411997	0.409831	0.415527	0.394034	0.395855	0.288621	0.305475	0.274906	0.279985	0.291286	0.277477	0.547769	0.487357	0.49238	0.492289	0.493206	0.491778	0.470129	0.470271	0.470023	0.470565	0.488621	0.468073	0.484832	0.483269	0.486871	0.486182	0.486855	0.487473	0.487955	0.476164	0.47836	0.479494	0.485933	0.481568	0.484314	0.485268	0.494362	0.495626	0.483513	0.508618	0.563059	0.563769	0.552358	0.564037	0.560199	0.553301	0.421297	0.420758	0.421208	0.422588	0.428427	0.422695	0.487289	0.487238	0.485978	0.510314	0.502873	0.506471
ERR618517	0.357846	0.357452	0.358774	0.341859	0.343515	0.342228	0.364219	0.351621	0.362	0.351357	0.361922	0.363311	0.352072	0.352433	0.350106	0.351979	0.351053	0.350863	0	0.25867	0.276106	0.264691	0.262866	0.259888	0.297017	0.30024	0.320772	0.299804	0.322368	0.321968	0.344842	0.346432	0.400651	0.394036	0.346576	0.404896	0.365339	0.367618	0.364954	0.368865	0.374919	0.377631	0.333133	0.33511	0.334808	0.335657	0.330921	0.335385	0.454337	0.413702	0.412753	0.41279	0.412942	0.412622	0.431852	0.43274	0.431806	0.439447	0.422451	0.430832	0.449315	0.454192	0.446315	0.447776	0.446354	0.445233	0.455415	0.458118	0.454856	0.454521	0.454575	0.454949	0.424299	0.424584	0.423821	0.423481	0.423923	0.428208	0.474915	0.472041	0.477125	0.47213	0.470446	0.472643	0.430632	0.430344	0.429492	0.431171	0.426114	0.428527	0.430529	0.431606	0.432392	0.431227	0.430054	0.430628
ERR618518	0.355616	0.355281	0.35677	0.34091	0.342377	0.341417	0.362729	0.350886	0.360836	0.350726	0.360813	0.361795	0.349329	0.349699	0.347549	0.349164	0.348525	0.348409	0.25867	0	0.276852	0.264577	0.261995	0.260179	0.296399	0.299625	0.319142	0.299268	0.320479	0.32013	0.342274	0.344479	0.401011	0.394476	0.344591	0.405219	0.36586	0.368139	0.365389	0.369715	0.374212	0.376876	0.331824	0.334079	0.332489	0.333812	0.329389	0.333526	0.455685	0.41329	0.412696	0.412823	0.413045	0.412636	0.430515	0.431315	0.430345	0.437835	0.422434	0.429435	0.448043	0.452485	0.445063	0.446713	0.44504	0.443963	0.454495	0.456671	0.453611	0.453741	0.453879	0.453915	0.423798	0.423988	0.423666	0.42322	0.423386	0.4287	0.474975	0.472338	0.476629	0.472497	0.470767	0.472616	0.4288	0.428531	0.427709	0.429333	0.424699	0.426864	0.429747	0.430612	0.431243	0.431483	0.42997	0.430931
ERR618514	0.372401	0.372367	0.373966	0.350878	0.352939	0.350367	0.397024	0.374697	0.393624	0.374554	0.392573	0.39576	0.372869	0.374884	0.372303	0.372318	0.370272	0.36682	0.276106	0.276852	0	0.268113	0.276873	0.273631	0.31887	0.328289	0.358434	0.327806	0.360245	0.359489	0.36167	0.353746	0.375384	0.37007	0.353633	0.379828	0.365869	0.381557	0.382308	0.382163	0.404085	0.407907	0.334269	0.330693	0.340615	0.339259	0.334279	0.33974	0.43886	0.429169	0.423105	0.423492	0.423308	0.422185	0.453439	0.454354	0.452846	0.463531	0.419798	0.451771	0.4605	0.468377	0.457568	0.459678	0.457708	0.453389	0.460909	0.471351	0.463729	0.463633	0.460876	0.46487	0.433833	0.434661	0.432092	0.429401	0.43435	0.432665	0.488951	0.478298	0.495687	0.4803	0.477657	0.488012	0.440151	0.440333	0.438263	0.445873	0.433873	0.43844	0.444578	0.445825	0.447237	0.435193	0.434014	0.432617
ERR618515	0.357874	0.35752	0.358835	0.341122	0.342948	0.341386	0.377552	0.360923	0.374922	0.360867	0.37488	0.376204	0.35428	0.35562	0.35402	0.354018	0.352626	0.351074	0.264691	0.264577	0.268113	0	0.263716	0.264713	0.30258	0.310301	0.334771	0.310405	0.336257	0.335623	0.345884	0.343091	0.387207	0.381078	0.342964	0.392144	0.364602	0.374911	0.374011	0.376127	0.387419	0.390598	0.328576	0.329433	0.331411	0.331419	0.328226	0.331176	0.44705	0.419484	0.416272	0.416557	0.416895	0.415622	0.43899	0.439743	0.438552	0.4476	0.418595	0.437228	0.451176	0.457092	0.448499	0.450036	0.448539	0.445831	0.456414	0.461918	0.456785	0.456618	0.45604	0.45758	0.426775	0.427365	0.426525	0.425396	0.42654	0.430814	0.482009	0.47521	0.485401	0.476394	0.473914	0.479544	0.430654	0.430304	0.428944	0.433719	0.42619	0.428983	0.434146	0.435259	0.436258	0.432465	0.43037	0.430308
ERR618513	0.344836	0.344423	0.345765	0.335022	0.335733	0.33519	0.364444	0.355285	0.362378	0.353733	0.36239	0.363065	0.339486	0.340191	0.338697	0.33973	0.338921	0.339371	0.262866	0.261995	0.276873	0.263716	0	0.264967	0.295402	0.301801	0.318148	0.301787	0.319556	0.319094	0.333428	0.335444	0.401175	0.394326	0.335459	0.406628	0.364692	0.369262	0.366912	0.370806	0.370886	0.373597	0.326443	0.331544	0.325575	0.326946	0.325482	0.326324	0.458144	0.413343	0.412964	0.413273	0.413612	0.413026	0.425997	0.426836	0.425576	0.432962	0.420177	0.424646	0.44107	0.445303	0.439577	0.440705	0.439483	0.438152	0.451661	0.451594	0.449217	0.449686	0.450605	0.450331	0.421397	0.421766	0.423604	0.42328	0.420804	0.430417	0.479274	0.47625	0.478817	0.476549	0.474291	0.474914	0.420737	0.420381	0.419712	0.422127	0.418518	0.419262	0.425778	0.42674	0.42701	0.430948	0.428008	0.429289
ERR618516	0.361612	0.361367	0.36278	0.343838	0.345586	0.34401	0.368143	0.352941	0.365643	0.352986	0.365277	0.367041	0.356515	0.357183	0.354585	0.356427	0.355125	0.354174	0.259888	0.260179	0.273631	0.264713	0.264967	0	0.299735	0.303109	0.326316	0.302681	0.327775	0.327282	0.348257	0.348798	0.396445	0.389468	0.348648	0.399975	0.365169	0.368767	0.366801	0.369923	0.379414	0.382407	0.333257	0.333721	0.33602	0.336275	0.330738	0.33646	0.451635	0.415348	0.413703	0.413588	0.413943	0.413651	0.435643	0.436547	0.43547	0.443665	0.422348	0.434643	0.452386	0.457584	0.448945	0.450519	0.448908	0.447329	0.456158	0.460353	0.456484	0.45613	0.455586	0.456421	0.425849	0.426282	0.424686	0.423738	0.425526	0.427991	0.475336	0.471642	0.478813	0.471987	0.470241	0.473953	0.433421	0.433138	0.431976	0.434431	0.428086	0.431038	0.433177	0.434253	0.435123	0.431657	0.430645	0.431088
ERR617367	0.365691	0.365446	0.36618	0.363576	0.364083	0.364558	0.351843	0.34837	0.350406	0.347417	0.351666	0.350641	0.357493	0.355601	0.359445	0.358125	0.359663	0.367741	0.297017	0.296399	0.31887	0.30258	0.295402	0.299735	0	0.26799	0.279156	0.268427	0.280032	0.27932	0.358244	0.367661	0.439901	0.433012	0.367364	0.444928	0.388853	0.385109	0.381436	0.38681	0.3759	0.377606	0.36441	0.371152	0.360899	0.363547	0.363021	0.362383	0.474286	0.418362	0.42062	0.420409	0.4211	0.420275	0.433299	0.433964	0.432928	0.438433	0.440001	0.432669	0.457696	0.460187	0.456649	0.457175	0.456985	0.457078	0.477215	0.471621	0.472567	0.472555	0.47604	0.473293	0.431001	0.430514	0.434283	0.434709	0.429943	0.442539	0.470214	0.471439	0.466879	0.470842	0.468849	0.465159	0.452847	0.451739	0.452865	0.449202	0.454242	0.451851	0.431734	0.43269	0.432557	0.441898	0.438826	0.440574
ERR617369	0.374799	0.374418	0.37534	0.370276	0.371193	0.371363	0.345513	0.344049	0.344622	0.342978	0.345492	0.344752	0.367159	0.364712	0.366688	0.367775	0.369521	0.377836	0.30024	0.299625	0.328289	0.310301	0.301801	0.303109	0.26799	0	0.273172	0.264172	0.273966	0.27377	0.366086	0.378362	0.451252	0.443867	0.378042	0.455148	0.394432	0.384043	0.379134	0.385354	0.37209	0.373237	0.374241	0.38036	0.371784	0.374474	0.370695	0.373426	0.480756	0.41666	0.420897	0.420297	0.421064	0.421023	0.432977	0.433687	0.432725	0.437211	0.446467	0.433098	0.462253	0.464194	0.460258	0.461184	0.460644	0.461676	0.480091	0.473745	0.475397	0.475534	0.478809	0.475365	0.433061	0.432483	0.434554	0.435545	0.431789	0.441697	0.465303	0.469847	0.46209	0.468494	0.467362	0.461567	0.459304	0.458384	0.459569	0.453501	0.459407	0.457459	0.433902	0.434948	0.43481	0.443477	0.441756	0.444184
ERR617371	0.374006	0.373409	0.373914	0.380987	0.380493	0.382288	0.339618	0.354037	0.340837	0.352244	0.343436	0.338812	0.360582	0.356641	0.360766	0.361998	0.365286	0.377712	0.320772	0.319142	0.358434	0.334771	0.318148	0.326316	0.279156	0.273172	0	0.272702	0.256836	0.256994	0.366372	0.385935	0.480996	0.473256	0.385928	0.485553	0.41395	0.397787	0.39111	0.400084	0.36632	0.365666	0.390652	0.401521	0.382675	0.387138	0.387281	0.385482	0.507895	0.424024	0.432617	0.431983	0.433185	0.433224	0.427719	0.428254	0.427704	0.427689	0.462946	0.428067	0.462994	0.461396	0.46278	0.462498	0.463151	0.466257	0.488847	0.473859	0.480318	0.480315	0.486697	0.480067	0.441051	0.440266	0.445958	0.448576	0.439177	0.457545	0.474446	0.485106	0.463935	0.482608	0.481425	0.467469	0.460408	0.458987	0.461507	0.451019	0.464122	0.459145	0.436586	0.43682	0.435676	0.458215	0.454378	0.458634
ERR617368	0.375586	0.375301	0.376072	0.370461	0.371442	0.371853	0.345926	0.344369	0.345141	0.343992	0.346345	0.345027	0.366327	0.363962	0.365871	0.367292	0.369029	0.377031	0.299804	0.299268	0.327806	0.310405	0.301787	0.302681	0.268427	0.264172	0.272702	0	0.273598	0.273522	0.36554	0.378036	0.450662	0.443388	0.378124	0.454364	0.394535	0.384405	0.379326	0.386046	0.372365	0.373449	0.374503	0.38017	0.371393	0.374213	0.370593	0.373503	0.480518	0.416372	0.420624	0.420159	0.421123	0.420928	0.432898	0.433419	0.432671	0.436829	0.446386	0.432652	0.462593	0.464483	0.460405	0.461343	0.460851	0.461998	0.479188	0.473007	0.474953	0.474681	0.477838	0.474533	0.433321	0.432543	0.434076	0.435111	0.43206	0.441232	0.464941	0.469748	0.461708	0.468328	0.467219	0.46142	0.458814	0.457726	0.45894	0.452487	0.458768	0.457008	0.433739	0.434731	0.434538	0.443544	0.441657	0.444244
ERR617372	0.373249	0.372736	0.373213	0.380923	0.380467	0.382451	0.340072	0.355036	0.341128	0.35329	0.343847	0.339116	0.359782	0.355604	0.360066	0.361192	0.364531	0.377013	0.322368	0.320479	0.360245	0.336257	0.319556	0.327775	0.280032	0.273966	0.256836	0.273598	0	0.256646	0.365714	0.385469	0.481896	0.474376	0.385624	0.486842	0.41482	0.398682	0.391935	0.401232	0.365816	0.365163	0.390991	0.40214	0.382357	0.387044	0.387279	0.385198	0.509846	0.424739	0.433763	0.433249	0.434583	0.434357	0.427595	0.427581	0.427351	0.427089	0.464132	0.427644	0.462817	0.460985	0.46268	0.462488	0.463137	0.46636	0.488973	0.473293	0.479893	0.48016	0.486586	0.479925	0.441606	0.440762	0.446525	0.449277	0.439607	0.458537	0.47613	0.486687	0.46488	0.48412	0.482918	0.468477	0.459643	0.458263	0.46071	0.450151	0.463626	0.45856	0.436921	0.43726	0.435832	0.459396	0.455304	0.459773
ERR617370	0.37355	0.373002	0.373563	0.381435	0.380864	0.382843	0.340207	0.354901	0.341066	0.353085	0.344224	0.339111	0.360078	0.355917	0.360575	0.36146	0.364814	0.377418	0.321968	0.32013	0.359489	0.335623	0.319094	0.327282	0.27932	0.27377	0.256994	0.273522	0.256646	0	0.365713	0.385578	0.481719	0.473898	0.385489	0.486319	0.414891	0.398838	0.391789	0.401146	0.366315	0.365632	0.390987	0.402268	0.382705	0.387204	0.38745	0.385588	0.509114	0.424783	0.433521	0.433015	0.434155	0.433989	0.427605	0.428109	0.427634	0.427532	0.463512	0.427954	0.462749	0.461115	0.462613	0.462357	0.46311	0.466175	0.489304	0.473927	0.480294	0.480526	0.48709	0.48029	0.441668	0.440708	0.446708	0.449331	0.439627	0.45871	0.476333	0.486573	0.465296	0.484261	0.482964	0.468839	0.460053	0.458762	0.461292	0.450877	0.464306	0.459112	0.436754	0.436878	0.435786	0.458814	0.454993	0.459205
ERR613041	0.310709	0.30995	0.310789	0.31773	0.315557	0.3185	0.401955	0.406329	0.400575	0.403618	0.402989	0.399718	0.315798	0.317231	0.314857	0.315738	0.314277	0.313403	0.344842	0.342274	0.36167	0.345884	0.333428	0.348257	0.358244	0.366086	0.366372	0.36554	0.365714	0.365713	0	0.252267	0.373114	0.365236	0.252445	0.381624	0.35002	0.358475	0.355372	0.361582	0.340091	0.342113	0.328783	0.34224	0.318385	0.322023	0.330405	0.320623	0.517305	0.457597	0.461937	0.461674	0.462291	0.461508	0.445999	0.446154	0.445784	0.447828	0.461002	0.444343	0.447539	0.447064	0.448043	0.44825	0.448301	0.44838	0.437972	0.428756	0.429877	0.431046	0.436236	0.432575	0.457405	0.458126	0.465041	0.466368	0.456383	0.478029	0.53379	0.533796	0.525	0.534081	0.530785	0.525136	0.410766	0.41021	0.410547	0.411831	0.415009	0.411012	0.459342	0.459337	0.458767	0.479056	0.472563	0.476074
ERR613042	0.31629	0.315956	0.316903	0.315157	0.313457	0.315199	0.418755	0.41624	0.416479	0.413727	0.418167	0.416322	0.32627	0.328948	0.325249	0.325412	0.322622	0.317839	0.346432	0.344479	0.353746	0.343091	0.335444	0.348798	0.367661	0.378362	0.385935	0.378036	0.385469	0.385578	0.252267	0	0.34618	0.339068	0.246702	0.355574	0.338924	0.356612	0.356003	0.359084	0.35397	0.357036	0.320094	0.330288	0.313709	0.315313	0.323022	0.314589	0.510046	0.466203	0.467408	0.467384	0.467697	0.466736	0.457409	0.457713	0.457391	0.461728	0.458263	0.455289	0.452536	0.4542	0.452714	0.453385	0.4528	0.451308	0.434957	0.432762	0.429543	0.430502	0.433683	0.432975	0.4616	0.462736	0.468666	0.468989	0.46092	0.479847	0.543393	0.539063	0.537681	0.540331	0.536636	0.535671	0.412563	0.412402	0.411349	0.417775	0.413869	0.41258	0.467862	0.468038	0.467773	0.481893	0.475683	0.477787
ERR613046	0.419352	0.419719	0.421233	0.385935	0.388476	0.384871	0.501121	0.475311	0.497224	0.476941	0.496685	0.499577	0.438007	0.44268	0.436118	0.436431	0.431896	0.419415	0.400651	0.401011	0.375384	0.387207	0.401175	0.396445	0.439901	0.451252	0.480996	0.450662	0.481896	0.481719	0.373114	0.34618	0	0.27	0.345433	0.272551	0.361612	0.400587	0.406211	0.40027	0.450138	0.45562	0.375909	0.363477	0.38796	0.382584	0.378531	0.385127	0.493911	0.518811	0.509248	0.509689	0.509484	0.508693	0.534994	0.535559	0.534605	0.545801	0.48369	0.532533	0.518747	0.527689	0.515029	0.517494	0.514572	0.50842	0.472833	0.500053	0.484302	0.482516	0.474866	0.485295	0.511404	0.513093	0.50892	0.50547	0.512527	0.507103	0.57921	0.562758	0.587781	0.566171	0.562915	0.578806	0.48639	0.487294	0.482919	0.49888	0.475343	0.484594	0.529098	0.530374	0.532448	0.514918	0.513984	0.510896
ERR613045	0.412659	0.413031	0.41457	0.378952	0.381489	0.377832	0.49316	0.46802	0.489315	0.469261	0.488677	0.491595	0.430993	0.435531	0.428954	0.429415	0.424805	0.41256	0.394036	0.394476	0.37007	0.381078	0.394326	0.389468	0.433012	0.443867	0.473256	0.443388	0.474376	0.473898	0.365236	0.339068	0.27	0	0.337842	0.272282	0.355502	0.393481	0.398716	0.393066	0.441965	0.447604	0.369224	0.357335	0.381123	0.376002	0.371856	0.37846	0.491757	0.513143	0.503925	0.504387	0.504198	0.503481	0.528847	0.529487	0.528287	0.539388	0.479334	0.526373	0.513206	0.52211	0.509398	0.511896	0.509045	0.50308	0.467804	0.494484	0.478984	0.477166	0.469618	0.479703	0.506008	0.50774	0.503923	0.500406	0.506938	0.502397	0.574244	0.558405	0.582435	0.561521	0.558378	0.573538	0.480751	0.481867	0.477388	0.492914	0.469918	0.478931	0.523677	0.524949	0.526942	0.510144	0.509221	0.506203
ERR613043	0.316387	0.3157	0.31678	0.314969	0.313314	0.315186	0.418094	0.415228	0.415693	0.412839	0.417616	0.41576	0.326331	0.32917	0.325695	0.325515	0.322638	0.317854	0.346576	0.344591	0.353633	0.342964	0.335459	0.348648	0.367364	0.378042	0.385928	0.378124	0.385624	0.385489	0.252445	0.246702	0.345433	0.337842	0	0.354532	0.338458	0.355905	0.3554	0.358438	0.353972	0.357229	0.319796	0.330192	0.313473	0.314961	0.323362	0.314664	0.509331	0.466282	0.467095	0.467178	0.467591	0.46659	0.457683	0.458024	0.457461	0.462281	0.457914	0.455722	0.452614	0.454294	0.452763	0.453364	0.45286	0.451356	0.435182	0.433224	0.429976	0.430833	0.433943	0.433329	0.461435	0.462492	0.468991	0.469019	0.460612	0.479854	0.543348	0.538795	0.537597	0.540011	0.536186	0.535581	0.412901	0.412715	0.411848	0.418492	0.414365	0.41306	0.467918	0.468114	0.468013	0.481653	0.475611	0.477547
ERR613044	0.428521	0.42885	0.430256	0.393075	0.396298	0.392469	0.504652	0.477796	0.500779	0.479853	0.500217	0.503302	0.44625	0.450669	0.443728	0.444504	0.439995	0.427195	0.404896	0.405219	0.379828	0.392144	0.406628	0.399975	0.444928	0.455148	0.485553	0.454364	0.486842	0.486319	0.381624	0.355574	0.272551	0.272282	0.354532	0	0.366289	0.40388	0.40924	0.403291	0.455552	0.46094	0.383274	0.369265	0.395816	0.390794	0.385154	0.393336	0.495178	0.521954	0.512061	0.512399	0.512436	0.511542	0.540281	0.540976	0.539907	0.551122	0.487649	0.537984	0.524862	0.533967	0.520351	0.523283	0.520032	0.514232	0.477276	0.50563	0.489595	0.487524	0.479344	0.490275	0.515612	0.517339	0.512083	0.508417	0.516854	0.509103	0.579742	0.563736	0.589387	0.566756	0.563869	0.580083	0.493276	0.494428	0.489862	0.505338	0.481412	0.491284	0.534021	0.535425	0.537469	0.518159	0.517877	0.514556
ERR606000	0.373586	0.373659	0.374983	0.348525	0.351173	0.348424	0.43324	0.419692	0.430614	0.41702	0.428702	0.432325	0.408072	0.409775	0.405567	0.407413	0.405059	0.402645	0.365339	0.36586	0.365869	0.364602	0.364692	0.365169	0.388853	0.394432	0.41395	0.394535	0.41482	0.414891	0.35002	0.338924	0.361612	0.355502	0.338458	0.366289	0	0.278021	0.28267	0.278143	0.316957	0.322509	0.374726	0.373796	0.380808	0.378933	0.373069	0.380149	0.491289	0.467049	0.46302	0.463166	0.463067	0.464362	0.476068	0.476807	0.475647	0.484982	0.458943	0.475604	0.462657	0.46954	0.459771	0.462319	0.459957	0.456968	0.4236	0.438498	0.428484	0.428554	0.423742	0.429231	0.46605	0.4668	0.466488	0.464551	0.465521	0.468084	0.52257	0.516599	0.526897	0.517955	0.515667	0.521476	0.462431	0.462283	0.460791	0.467118	0.45469	0.4599	0.473841	0.474554	0.475952	0.469053	0.46885	0.468031
ERR606004	0.380564	0.380909	0.382164	0.358553	0.360925	0.359079	0.41216	0.404539	0.410497	0.400921	0.407146	0.412077	0.413619	0.41358	0.40835	0.413207	0.411004	0.411997	0.367618	0.368139	0.381557	0.374911	0.369262	0.368767	0.385109	0.384043	0.397787	0.384405	0.398682	0.398838	0.358475	0.356612	0.400587	0.393481	0.355905	0.40388	0.278021	0	0.258776	0.257542	0.289166	0.293288	0.392195	0.39328	0.39746	0.396672	0.38749	0.397757	0.504767	0.458004	0.456815	0.456744	0.45672	0.45974	0.465809	0.466258	0.465589	0.473215	0.467998	0.467181	0.460548	0.465653	0.45788	0.460186	0.458043	0.45826	0.427177	0.434667	0.429468	0.429891	0.426235	0.429097	0.463	0.462829	0.464177	0.463277	0.461571	0.465519	0.507781	0.509317	0.511024	0.508639	0.508166	0.507832	0.469503	0.469287	0.469128	0.469906	0.462195	0.466379	0.468747	0.469085	0.470312	0.466642	0.468501	0.469036
ERR606003	0.378413	0.378746	0.380228	0.357868	0.360195	0.358279	0.406917	0.401398	0.405531	0.397959	0.402417	0.406934	0.41037	0.410102	0.404707	0.410171	0.408336	0.409831	0.364954	0.365389	0.382308	0.374011	0.366912	0.366801	0.381436	0.379134	0.39111	0.379326	0.391935	0.391789	0.355372	0.356003	0.406211	0.398716	0.3554	0.40924	0.28267	0.258776	0	0.25979	0.283183	0.286854	0.392781	0.394363	0.396662	0.396325	0.387156	0.397383	0.50703	0.454811	0.454911	0.454615	0.454901	0.457667	0.462171	0.462811	0.462096	0.468885	0.468592	0.46355	0.459417	0.463793	0.456553	0.458828	0.456917	0.457585	0.427435	0.432826	0.428704	0.429247	0.426236	0.427869	0.462057	0.461868	0.462665	0.462266	0.460484	0.464908	0.5051	0.508224	0.507363	0.507213	0.50691	0.504909	0.468407	0.468205	0.468095	0.467494	0.461521	0.465251	0.4663	0.46679	0.467631	0.466161	0.467886	0.469074
ERR606005	0.383553	0.383798	0.385239	0.360456	0.362845	0.36071	0.41416	0.406032	0.412743	0.402416	0.408795	0.414229	0.417189	0.417283	0.411811	0.416906	0.414641	0.415527	0.368865	0.369715	0.382163	0.376127	0.370806	0.369923	0.38681	0.385354	0.400084	0.386046	0.401232	0.401146	0.361582	0.359084	0.40027	0.393066	0.358438	0.403291	0.278143	0.257542	0.25979	0	0.291798	0.295841	0.394067	0.394791	0.399641	0.398852	0.389094	0.399939	0.504614	0.458999	0.457685	0.457435	0.457517	0.460438	0.467671	0.468159	0.467461	0.475203	0.468743	0.469085	0.462224	0.467586	0.459402	0.462078	0.459836	0.459805	0.428405	0.436301	0.43066	0.431093	0.427206	0.43029	0.464178	0.463982	0.464824	0.463779	0.462706	0.465886	0.508351	0.509734	0.511944	0.509196	0.508796	0.508589	0.472038	0.471738	0.47149	0.472406	0.464116	0.468645	0.470056	0.470347	0.471659	0.466966	0.469031	0.469661
ERR606001	0.360493	0.359945	0.360671	0.36148	0.36092	0.362507	0.388607	0.400817	0.389444	0.39549	0.388412	0.388336	0.385694	0.38337	0.381278	0.386344	0.386593	0.394034	0.374919	0.374212	0.404085	0.387419	0.370886	0.379414	0.3759	0.37209	0.36632	0.372365	0.365816	0.366315	0.340091	0.35397	0.450138	0.441965	0.353972	0.455552	0.316957	0.289166	0.283183	0.291798	0	0.249808	0.401822	0.412351	0.396972	0.399954	0.397367	0.399526	0.53233	0.451923	0.458491	0.457826	0.458521	0.460729	0.443267	0.443356	0.443289	0.444116	0.478638	0.444709	0.448176	0.447231	0.448144	0.448926	0.44864	0.451999	0.436536	0.422832	0.427488	0.429354	0.43363	0.428239	0.460412	0.459859	0.465791	0.467567	0.458244	0.474963	0.506842	0.516524	0.499032	0.5145	0.513707	0.50167	0.457956	0.456911	0.459251	0.451956	0.458455	0.45597	0.455969	0.455915	0.455337	0.472754	0.470844	0.474515
ERR606002	0.361915	0.361619	0.362019	0.364447	0.363837	0.365432	0.388616	0.402205	0.389544	0.397024	0.388623	0.388315	0.386478	0.38398	0.382172	0.387235	0.387749	0.395855	0.377631	0.376876	0.407907	0.390598	0.373597	0.382407	0.377606	0.373237	0.365666	0.373449	0.365163	0.365632	0.342113	0.357036	0.45562	0.447604	0.357229	0.46094	0.322509	0.293288	0.286854	0.295841	0.249808	0	0.405462	0.416659	0.400153	0.403301	0.400835	0.402744	0.5354	0.452484	0.459817	0.459162	0.459815	0.461991	0.443079	0.443297	0.443273	0.4436	0.481179	0.444689	0.449101	0.447745	0.449144	0.44989	0.449812	0.453319	0.43908	0.423806	0.429299	0.431272	0.436013	0.430154	0.461621	0.461113	0.467202	0.468951	0.459344	0.476588	0.506813	0.517343	0.49858	0.515148	0.514459	0.501495	0.459254	0.45818	0.460699	0.452634	0.460113	0.457266	0.456602	0.456198	0.455544	0.474291	0.472066	0.47617
ERR636897	0.362878	0.361938	0.363807	0.350564	0.350871	0.350823	0.396695	0.384412	0.3936	0.3829	0.393696	0.394572	0.30675	0.310938	0.302301	0.304585	0.300161	0.288621	0.333133	0.331824	0.334269	0.328576	0.326443	0.333257	0.36441	0.374241	0.390652	0.374503	0.390991	0.390987	0.328783	0.320094	0.375909	0.369224	0.319796	0.383274	0.374726	0.392195	0.392781	0.394067	0.401822	0.405462	0	0.251954	0.248665	0.247322	0.248294	0.248148	0.5157	0.478482	0.478135	0.478475	0.479	0.477983	0.475488	0.476134	0.475401	0.480995	0.470138	0.473762	0.484498	0.487405	0.483987	0.484764	0.484174	0.481888	0.477907	0.479429	0.475358	0.476212	0.476918	0.477788	0.476156	0.477079	0.481463	0.480962	0.475415	0.489891	0.553455	0.548594	0.550814	0.549742	0.546561	0.547806	0.43135	0.431755	0.429386	0.438441	0.42756	0.430297	0.485507	0.486002	0.485773	0.494234	0.489722	0.490664
ERR636895	0.376372	0.375552	0.377464	0.357058	0.358149	0.357189	0.405122	0.387231	0.401565	0.386784	0.401189	0.403279	0.326037	0.330525	0.320947	0.32394	0.319034	0.305475	0.33511	0.334079	0.330693	0.329433	0.331544	0.333721	0.371152	0.38036	0.401521	0.38017	0.40214	0.402268	0.34224	0.330288	0.363477	0.357335	0.330192	0.369265	0.373796	0.39328	0.394363	0.394791	0.412351	0.416659	0.251954	0	0.260338	0.25753	0.253068	0.258727	0.508696	0.481323	0.479267	0.479707	0.48016	0.479237	0.484297	0.484799	0.484183	0.491209	0.469731	0.482638	0.49215	0.496469	0.490758	0.492112	0.490673	0.487997	0.480137	0.48639	0.480267	0.480665	0.479614	0.482136	0.479882	0.480879	0.482714	0.481549	0.479437	0.488345	0.553284	0.546908	0.553588	0.548139	0.545227	0.549306	0.440895	0.44153	0.438461	0.448773	0.434106	0.439054	0.491702	0.492357	0.492587	0.494785	0.491645	0.491829
ERR636900	0.353234	0.351948	0.353667	0.348855	0.347824	0.349137	0.392067	0.385412	0.389319	0.383561	0.390689	0.389949	0.29021	0.293888	0.287038	0.2881	0.284669	0.274906	0.334808	0.332489	0.340615	0.331411	0.325575	0.33602	0.360899	0.371784	0.382675	0.371393	0.382357	0.382705	0.318385	0.313709	0.38796	0.381123	0.313473	0.395816	0.380808	0.39746	0.396662	0.399641	0.396972	0.400153	0.248665	0.260338	0	0.243516	0.251981	0.243188	0.523423	0.478373	0.479701	0.48005	0.480631	0.479495	0.470281	0.470838	0.470221	0.474209	0.472498	0.468408	0.480584	0.48218	0.480986	0.481356	0.481255	0.479675	0.478322	0.475663	0.473431	0.474441	0.47696	0.476205	0.476094	0.477151	0.482985	0.483037	0.475215	0.494003	0.555516	0.551994	0.549911	0.552768	0.549278	0.548082	0.425154	0.425237	0.423466	0.430973	0.424654	0.424882	0.482775	0.483024	0.482426	0.496979	0.490993	0.492959
