	ERR605645	ERR605646	ERR605641	ERR605643	ERR605644	ERR605642	ERR618718	ERR618722	ERR618721	ERR618720	ERR618719	ERR618717	ERR636986	ERR636987	ERR636985	ERR636990	ERR636988	ERR636989	ERR636768	ERR636766	ERR636765	ERR636763	ERR636764	ERR636767	ERR637065	ERR637067	ERR637068	ERR637066	ERR637063	ERR637064	ERR613447	ERR613446	ERR613443	ERR613448	ERR613445	ERR613444	ERR636697	ERR636702	ERR636699	ERR636700	ERR636701	ERR636698	ERR613974	ERR613977	ERR613972	ERR613975	ERR613973	ERR613976	ERR631325	ERR631323	ERR631328	ERR631327	ERR631326	ERR631324	ERR630097	ERR630096	ERR630098	ERR630099	ERR630100	ERR630101	ERR614898	ERR614900	ERR614897	ERR614895	ERR614899	ERR614896	ERR638277	ERR638273	ERR638275	ERR638278	ERR638274	ERR638276	ERR618617	ERR618620	ERR618615	ERR618616	ERR618618	ERR618619	ERR612297	ERR612293	ERR612296	ERR612294	ERR612298	ERR612295	ERR608925	ERR608928	ERR608930	ERR608927	ERR608929	ERR608926	ERR617501	ERR617499	ERR617504	ERR617500	ERR617502	ERR617503
ERR605645	0	0.266873	0.279971	0.273485	0.278903	0.273758	0.393487	0.409987	0.405124	0.403057	0.397383	0.40647	0.377436	0.38573	0.385238	0.390664	0.37787	0.392561	0.416491	0.416829	0.416832	0.419654	0.418388	0.416289	0.403223	0.401057	0.400116	0.401884	0.40162	0.402212	0.345002	0.342808	0.373968	0.348061	0.360298	0.351697	0.398766	0.394167	0.408035	0.395084	0.393274	0.413231	0.375944	0.395664	0.395003	0.382863	0.383976	0.384402	0.442554	0.421136	0.417955	0.417087	0.417323	0.420539	0.462513	0.465302	0.464753	0.468768	0.462313	0.462572	0.484174	0.485642	0.485603	0.490105	0.484813	0.489607	0.487442	0.460085	0.460995	0.471498	0.462341	0.487158	0.476233	0.48519	0.476449	0.47298	0.481792	0.485515	0.570305	0.661124	0.573935	0.654919	0.575474	0.653835	0.463898	0.453651	0.453297	0.460146	0.452401	0.454516	0.503292	0.495992	0.506814	0.503493	0.507331	0.506144
ERR605646	0.266873	0	0.28006	0.272635	0.276462	0.272844	0.39476	0.410912	0.406281	0.404123	0.398473	0.407601	0.379238	0.388528	0.387661	0.393557	0.379796	0.395885	0.419873	0.420459	0.420611	0.423192	0.421732	0.419781	0.406872	0.404591	0.403584	0.405491	0.405115	0.405443	0.346747	0.344059	0.377317	0.349678	0.36354	0.354643	0.401641	0.397293	0.411187	0.398242	0.396279	0.415843	0.377825	0.398396	0.397531	0.384437	0.38585	0.385766	0.444057	0.421759	0.418458	0.417428	0.41815	0.420307	0.460194	0.463899	0.463239	0.467227	0.46176	0.462386	0.487094	0.488261	0.487766	0.49267	0.487609	0.492105	0.489336	0.460464	0.460992	0.473475	0.462848	0.488939	0.473777	0.481774	0.474553	0.470567	0.478849	0.482243	0.565716	0.655415	0.569593	0.648616	0.571423	0.647688	0.463473	0.453533	0.453283	0.46043	0.452372	0.454684	0.500549	0.493458	0.503107	0.500696	0.503829	0.502707
ERR605641	0.279971	0.28006	0	0.270014	0.27736	0.26802	0.371264	0.381746	0.378564	0.376709	0.373693	0.379328	0.386611	0.376859	0.376387	0.382432	0.380882	0.383382	0.405831	0.407867	0.407623	0.41406	0.406282	0.406583	0.400214	0.397906	0.396063	0.399186	0.402794	0.395961	0.337908	0.337521	0.357065	0.366495	0.351006	0.349328	0.379604	0.381927	0.385094	0.381449	0.381279	0.386608	0.378713	0.37727	0.376905	0.369797	0.372402	0.371194	0.415303	0.398793	0.398186	0.397603	0.397663	0.397998	0.462794	0.456513	0.459061	0.479967	0.465606	0.4633	0.484846	0.486343	0.494393	0.501181	0.485925	0.498808	0.473326	0.459201	0.459496	0.466181	0.460087	0.473235	0.46764	0.47694	0.464777	0.466328	0.471007	0.477286	0.542264	0.632692	0.544894	0.630316	0.546051	0.62963	0.477271	0.445344	0.44571	0.44707	0.444403	0.446473	0.487675	0.485011	0.500798	0.487978	0.497132	0.494064
ERR605643	0.273485	0.272635	0.270014	0	0.270773	0.267358	0.385588	0.399578	0.395301	0.393172	0.389014	0.397159	0.381223	0.383765	0.382964	0.39007	0.379568	0.392292	0.414021	0.415145	0.41538	0.418822	0.414666	0.414228	0.404524	0.401829	0.400599	0.403001	0.403384	0.401046	0.341283	0.339205	0.37042	0.354239	0.359683	0.352452	0.39273	0.390807	0.401946	0.391465	0.390043	0.404713	0.376318	0.389484	0.388372	0.376071	0.378829	0.377491	0.433096	0.412121	0.40934	0.408783	0.409087	0.410036	0.459656	0.459784	0.459858	0.471693	0.463594	0.463155	0.485944	0.487116	0.489463	0.495738	0.486786	0.494407	0.482681	0.457956	0.45767	0.471992	0.459654	0.482759	0.468207	0.475315	0.467922	0.465793	0.471759	0.475675	0.552474	0.641225	0.555952	0.635446	0.558055	0.634616	0.467414	0.448729	0.44889	0.453584	0.447443	0.450161	0.49154	0.486718	0.497377	0.491724	0.495789	0.494315
ERR605644	0.278903	0.276462	0.27736	0.270773	0	0.271413	0.394717	0.407553	0.403874	0.401608	0.397232	0.406759	0.38781	0.393718	0.392927	0.401591	0.386605	0.404547	0.426738	0.427866	0.428904	0.430973	0.427308	0.426973	0.419079	0.415427	0.41406	0.416517	0.416249	0.41436	0.351648	0.348465	0.386171	0.361102	0.375044	0.366406	0.405327	0.403883	0.415918	0.404312	0.402589	0.417811	0.385572	0.401909	0.400249	0.384649	0.389236	0.386141	0.441701	0.417544	0.414151	0.413854	0.414215	0.413588	0.461648	0.463811	0.462815	0.474382	0.469343	0.469878	0.498023	0.499268	0.499418	0.506597	0.498983	0.505408	0.49321	0.463725	0.462677	0.482741	0.46589	0.49342	0.468327	0.471646	0.4692	0.466278	0.469962	0.47208	0.546315	0.629081	0.54981	0.621264	0.552899	0.620346	0.470626	0.454657	0.454844	0.460891	0.453615	0.457142	0.489157	0.485205	0.491953	0.489512	0.491064	0.490162
ERR605642	0.273758	0.272844	0.26802	0.267358	0.271413	0	0.383262	0.396669	0.392919	0.390662	0.386573	0.394269	0.382287	0.382869	0.382229	0.389344	0.380192	0.391329	0.414612	0.415856	0.416271	0.420392	0.415554	0.414807	0.40614	0.402996	0.401719	0.404403	0.405585	0.402589	0.341711	0.339764	0.369763	0.357343	0.359494	0.353337	0.392155	0.391382	0.400741	0.391513	0.39038	0.403284	0.37778	0.389065	0.388281	0.376474	0.379123	0.378086	0.430791	0.410005	0.40777	0.407099	0.407287	0.408126	0.460046	0.459148	0.459549	0.473519	0.464266	0.46359	0.488146	0.489458	0.492223	0.498791	0.48884	0.497344	0.482661	0.459591	0.459146	0.471585	0.461111	0.482531	0.468587	0.475762	0.467647	0.466269	0.471868	0.476277	0.549235	0.637823	0.552398	0.632302	0.554324	0.631417	0.470446	0.449072	0.449456	0.453828	0.448097	0.450764	0.490965	0.486533	0.497988	0.491358	0.496486	0.494669
ERR618718	0.393487	0.39476	0.371264	0.385588	0.394717	0.383262	0	0.26121	0.259158	0.259019	0.257501	0.258363	0.382984	0.352837	0.352795	0.35209	0.371329	0.350103	0.379921	0.384855	0.378571	0.395916	0.377551	0.382765	0.38567	0.387805	0.384687	0.389531	0.397357	0.382554	0.368979	0.371961	0.35395	0.414881	0.362672	0.373889	0.349425	0.361467	0.339553	0.358429	0.361801	0.340136	0.389981	0.358217	0.35991	0.369618	0.369217	0.370482	0.346924	0.343724	0.346054	0.345355	0.345002	0.347482	0.489448	0.473756	0.479734	0.507129	0.482704	0.47668	0.502893	0.50487	0.526212	0.531219	0.50443	0.52741	0.468666	0.478252	0.480696	0.469307	0.477017	0.469079	0.473616	0.491044	0.467604	0.475372	0.47969	0.491694	0.569136	0.661889	0.570982	0.665794	0.568693	0.665925	0.497356	0.449227	0.449882	0.444151	0.448398	0.447874	0.490355	0.489159	0.517129	0.489924	0.509326	0.50295
ERR618722	0.409987	0.410912	0.381746	0.399578	0.407553	0.396669	0.26121	0	0.25443	0.254823	0.259215	0.256977	0.400159	0.364201	0.364346	0.362976	0.386479	0.360471	0.388434	0.394153	0.387608	0.406119	0.385019	0.391592	0.39845	0.400559	0.396919	0.402331	0.411319	0.393983	0.380433	0.384309	0.360313	0.433002	0.373365	0.3876	0.354038	0.370287	0.341051	0.366356	0.370868	0.338719	0.405132	0.363667	0.365588	0.378085	0.379157	0.378934	0.340298	0.342823	0.346741	0.346015	0.345778	0.346557	0.500946	0.48197	0.489178	0.521626	0.494933	0.488267	0.5139	0.51601	0.540105	0.545587	0.515712	0.54119	0.472999	0.489122	0.49168	0.478052	0.487372	0.473349	0.480903	0.498067	0.473889	0.483996	0.485551	0.49869	0.562613	0.653243	0.563889	0.660026	0.561057	0.660303	0.512713	0.45737	0.458555	0.450273	0.456954	0.456228	0.492286	0.493877	0.523673	0.491971	0.513912	0.506608
ERR618721	0.405124	0.406281	0.378564	0.395301	0.403874	0.392919	0.259158	0.25443	0	0.254227	0.258399	0.256638	0.395916	0.361694	0.361699	0.360263	0.38273	0.358241	0.386743	0.392357	0.385763	0.404128	0.383732	0.389962	0.395657	0.39771	0.394318	0.399683	0.408374	0.391517	0.377318	0.381018	0.358423	0.428059	0.370427	0.383809	0.352936	0.368257	0.340733	0.364594	0.368549	0.339337	0.401281	0.36238	0.364051	0.375921	0.376614	0.376747	0.342046	0.342943	0.346375	0.345764	0.345292	0.346732	0.497467	0.479482	0.486239	0.517333	0.491447	0.484842	0.511014	0.513223	0.536189	0.5417	0.512811	0.537452	0.471835	0.486081	0.488486	0.47566	0.484275	0.472361	0.478387	0.495455	0.4717	0.480837	0.483184	0.495999	0.563499	0.655321	0.56487	0.661062	0.562307	0.661426	0.508304	0.454815	0.456075	0.448404	0.454445	0.453832	0.491197	0.492063	0.521279	0.490939	0.51202	0.50512
ERR618720	0.403057	0.404123	0.376709	0.393172	0.401608	0.390662	0.259019	0.254823	0.254227	0	0.258191	0.257094	0.394286	0.360639	0.360676	0.359572	0.381263	0.357491	0.386114	0.391826	0.385408	0.403348	0.383174	0.389346	0.39486	0.396729	0.393392	0.398679	0.407204	0.390594	0.376228	0.379588	0.358386	0.426294	0.370049	0.383039	0.352813	0.367691	0.341207	0.364119	0.368092	0.339567	0.399884	0.361849	0.363604	0.374789	0.375675	0.375575	0.342803	0.342815	0.346231	0.345719	0.345151	0.346335	0.495778	0.47807	0.484674	0.515525	0.489849	0.483473	0.510488	0.512533	0.535381	0.540752	0.512071	0.536556	0.471544	0.484952	0.487117	0.475215	0.483163	0.471972	0.477068	0.493787	0.470415	0.479566	0.48195	0.494445	0.562981	0.654262	0.564587	0.659855	0.561969	0.660029	0.506756	0.453882	0.454967	0.447529	0.453354	0.452721	0.490135	0.490859	0.519705	0.489807	0.510614	0.503724
ERR618719	0.397383	0.398473	0.373693	0.389014	0.397232	0.386573	0.257501	0.259215	0.258399	0.258191	0	0.258076	0.386651	0.355703	0.355691	0.354896	0.37417	0.352829	0.382535	0.387713	0.381356	0.398783	0.379912	0.385413	0.389492	0.391312	0.388243	0.393194	0.401078	0.385766	0.372542	0.375721	0.356817	0.419007	0.366765	0.378454	0.351178	0.364222	0.340818	0.361102	0.36459	0.340731	0.394014	0.360106	0.361868	0.371618	0.372039	0.372465	0.34505	0.342626	0.344685	0.344137	0.343853	0.346063	0.491623	0.475476	0.481501	0.509804	0.485235	0.479177	0.506715	0.508705	0.530734	0.535673	0.508332	0.531733	0.470279	0.480721	0.483206	0.472031	0.479258	0.470725	0.473644	0.490603	0.467692	0.475905	0.479222	0.491211	0.5675	0.658748	0.569269	0.66313	0.567051	0.663278	0.49974	0.450593	0.451503	0.445363	0.449936	0.44926	0.489089	0.488375	0.516541	0.488703	0.508111	0.501734
ERR618717	0.40647	0.407601	0.379328	0.397159	0.406759	0.394269	0.258363	0.256977	0.256638	0.257094	0.258076	0	0.396467	0.360119	0.360008	0.35847	0.382771	0.355844	0.384354	0.390074	0.383605	0.402405	0.381562	0.387528	0.392986	0.395071	0.391459	0.396959	0.406171	0.388988	0.376692	0.380599	0.355629	0.429101	0.36783	0.381943	0.350909	0.365962	0.337787	0.36235	0.36662	0.336474	0.400415	0.360235	0.362456	0.375551	0.375462	0.376295	0.341734	0.344104	0.348335	0.347559	0.347295	0.34876	0.498616	0.479508	0.486833	0.518785	0.491716	0.484764	0.507877	0.51004	0.533841	0.539172	0.509702	0.534799	0.469767	0.485955	0.488401	0.473191	0.484005	0.47021	0.4808	0.498972	0.473225	0.48308	0.486345	0.499618	0.566554	0.659382	0.567848	0.66574	0.565144	0.666092	0.509854	0.454904	0.456007	0.447689	0.45419	0.453383	0.49447	0.495084	0.525621	0.494427	0.516042	0.509104
ERR636986	0.377436	0.379238	0.386611	0.381223	0.38781	0.382287	0.382984	0.400159	0.395916	0.394286	0.386651	0.396467	0	0.269889	0.26938	0.275595	0.2567	0.278536	0.314959	0.312692	0.316542	0.309195	0.317496	0.313517	0.319085	0.31602	0.316689	0.31589	0.310464	0.317802	0.339517	0.337616	0.362789	0.338161	0.348152	0.338482	0.331107	0.316619	0.352257	0.319687	0.315453	0.360447	0.306426	0.338595	0.337826	0.323444	0.321093	0.323888	0.397376	0.376187	0.36969	0.368793	0.369403	0.378693	0.520991	0.519507	0.52092	0.523565	0.512542	0.51066	0.45308	0.453528	0.454562	0.455853	0.453115	0.454906	0.480768	0.465473	0.469787	0.467654	0.466276	0.480982	0.514878	0.53033	0.515183	0.513197	0.52413	0.53093	0.637395	0.725335	0.64082	0.720835	0.641025	0.720385	0.489723	0.476952	0.47657	0.479805	0.475845	0.475092	0.550278	0.542402	0.558974	0.549497	0.557131	0.554056
ERR636987	0.38573	0.388528	0.376859	0.383765	0.393718	0.382869	0.352837	0.364201	0.361694	0.360639	0.355703	0.360119	0.269889	0	0.244914	0.248233	0.259353	0.24797	0.287241	0.287273	0.28945	0.290449	0.287829	0.287087	0.301666	0.299381	0.298568	0.299979	0.302137	0.297479	0.327283	0.328654	0.330618	0.357499	0.325956	0.325975	0.294249	0.287938	0.309001	0.288961	0.287337	0.314013	0.307432	0.305151	0.305285	0.303112	0.30011	0.303344	0.356545	0.346231	0.343886	0.342979	0.343125	0.351844	0.526324	0.51489	0.520111	0.537002	0.5169	0.511837	0.446928	0.44775	0.460695	0.46341	0.447684	0.459898	0.461257	0.46674	0.471678	0.457186	0.46524	0.461586	0.513296	0.531888	0.509708	0.513613	0.521937	0.532612	0.621478	0.711887	0.623808	0.71294	0.622429	0.71298	0.506322	0.470266	0.470382	0.467146	0.469422	0.467856	0.543241	0.539175	0.56336	0.542786	0.55725	0.552037
ERR636985	0.385238	0.387661	0.376387	0.382964	0.392927	0.382229	0.352795	0.364346	0.361699	0.360676	0.355691	0.360008	0.26938	0.244914	0	0.248068	0.258581	0.248076	0.287146	0.287687	0.289937	0.290653	0.288299	0.287348	0.302201	0.299659	0.298862	0.300363	0.302545	0.297987	0.326569	0.327921	0.330755	0.35694	0.325864	0.325884	0.294721	0.28822	0.3099	0.289572	0.287747	0.314913	0.306768	0.305347	0.305791	0.302882	0.300331	0.303022	0.356862	0.346184	0.344031	0.342921	0.343115	0.351509	0.525577	0.514052	0.519305	0.536644	0.516567	0.51171	0.447105	0.447929	0.460381	0.463373	0.447863	0.459684	0.461387	0.466395	0.470989	0.456964	0.465055	0.461759	0.513143	0.531548	0.509439	0.513264	0.521574	0.532051	0.620557	0.71072	0.622767	0.71165	0.621671	0.711574	0.506446	0.470229	0.470224	0.467186	0.46931	0.467783	0.542836	0.538816	0.562791	0.54247	0.556749	0.551839
ERR636990	0.390664	0.393557	0.382432	0.39007	0.401591	0.389344	0.35209	0.362976	0.360263	0.359572	0.354896	0.35847	0.275595	0.248233	0.248068	0	0.262302	0.244337	0.28557	0.286134	0.286901	0.289984	0.286423	0.285626	0.299776	0.299194	0.298306	0.299706	0.302742	0.297399	0.329767	0.331819	0.32777	0.361816	0.323958	0.326159	0.292573	0.286783	0.305075	0.287384	0.286545	0.311384	0.311274	0.305086	0.305947	0.307149	0.303074	0.307401	0.355049	0.347463	0.345679	0.344156	0.344643	0.354283	0.530257	0.518425	0.524008	0.540316	0.519005	0.513534	0.447274	0.448321	0.462688	0.464919	0.448078	0.46127	0.461366	0.469927	0.475333	0.456607	0.468519	0.461715	0.517263	0.537236	0.513402	0.517471	0.5266	0.537928	0.627053	0.71917	0.629357	0.720793	0.627556	0.720749	0.509436	0.472731	0.472766	0.469115	0.471924	0.469797	0.547597	0.543393	0.568768	0.547296	0.562802	0.55756
ERR636988	0.37787	0.379796	0.380882	0.379568	0.386605	0.380192	0.371329	0.386479	0.38273	0.381263	0.37417	0.382771	0.2567	0.259353	0.258581	0.262302	0	0.265007	0.305434	0.304162	0.307442	0.302768	0.307588	0.304542	0.314007	0.311144	0.311077	0.311206	0.308219	0.311712	0.333762	0.332907	0.352324	0.342754	0.340531	0.333383	0.319122	0.306591	0.338316	0.309155	0.305519	0.345481	0.304679	0.326907	0.326363	0.314448	0.312431	0.314687	0.381277	0.36255	0.356894	0.356167	0.356688	0.365767	0.522426	0.517631	0.520419	0.528165	0.514108	0.511023	0.453217	0.453851	0.45829	0.460222	0.453652	0.458537	0.475055	0.46614	0.470763	0.46485	0.466313	0.475337	0.513235	0.529619	0.51244	0.512473	0.522218	0.53025	0.629208	0.717569	0.632279	0.714945	0.632136	0.714694	0.495823	0.474501	0.473988	0.475552	0.473311	0.472574	0.54641	0.540118	0.55903	0.546056	0.55587	0.552093
ERR636989	0.392561	0.395885	0.383382	0.392292	0.404547	0.391329	0.350103	0.360471	0.358241	0.357491	0.352829	0.355844	0.278536	0.24797	0.248076	0.244337	0.265007	0	0.283883	0.284704	0.284728	0.289059	0.284728	0.284246	0.298134	0.298229	0.297214	0.298885	0.302705	0.296269	0.330635	0.333091	0.325203	0.364962	0.322675	0.326156	0.290383	0.285569	0.301357	0.285681	0.285437	0.307637	0.313724	0.303514	0.304653	0.3082	0.303395	0.308649	0.352696	0.346745	0.345447	0.344065	0.3441	0.354336	0.531419	0.518453	0.524561	0.541679	0.519236	0.513527	0.446411	0.447665	0.463721	0.465555	0.447346	0.461661	0.459753	0.470836	0.476422	0.45534	0.469202	0.460052	0.518026	0.538748	0.513821	0.518563	0.527702	0.539388	0.628211	0.720936	0.630355	0.723134	0.628292	0.723017	0.511186	0.472754	0.472911	0.468783	0.472192	0.469678	0.5484	0.544093	0.570462	0.54801	0.564275	0.559028
ERR636768	0.416491	0.419873	0.405831	0.414021	0.426738	0.414612	0.379921	0.388434	0.386743	0.386114	0.382535	0.384354	0.314959	0.287241	0.287146	0.28557	0.305434	0.283883	0	0.232585	0.235198	0.236574	0.23434	0.232355	0.286176	0.286008	0.28529	0.286202	0.290464	0.284017	0.335992	0.338453	0.326798	0.371057	0.32514	0.328277	0.287574	0.280625	0.301644	0.280974	0.281058	0.308195	0.317672	0.303854	0.305522	0.311954	0.305839	0.312197	0.371608	0.368395	0.366621	0.365132	0.365768	0.376245	0.548298	0.535259	0.541307	0.557242	0.535622	0.529992	0.424588	0.42522	0.445185	0.446894	0.425243	0.442037	0.458805	0.472868	0.478724	0.456826	0.470412	0.459261	0.532881	0.553165	0.52902	0.533466	0.542599	0.554023	0.643565	0.738009	0.646022	0.739752	0.644278	0.739888	0.521061	0.483583	0.483522	0.478609	0.482724	0.47949	0.567368	0.563234	0.588729	0.566728	0.581748	0.576732
ERR636766	0.416829	0.420459	0.407867	0.415145	0.427866	0.415856	0.384855	0.394153	0.392357	0.391826	0.387713	0.390074	0.312692	0.287273	0.287687	0.286134	0.304162	0.284704	0.232585	0	0.235306	0.234762	0.235144	0.232393	0.285102	0.28486	0.284407	0.284859	0.288271	0.283532	0.336541	0.338818	0.329493	0.368895	0.326416	0.328209	0.290238	0.281295	0.305695	0.281905	0.281569	0.312826	0.315575	0.305841	0.307262	0.312515	0.30604	0.312771	0.376907	0.372771	0.370527	0.368969	0.369761	0.380708	0.549871	0.537476	0.543346	0.557949	0.536748	0.531321	0.423076	0.423603	0.442518	0.443929	0.423753	0.439227	0.460505	0.473276	0.479244	0.457837	0.470958	0.460907	0.535388	0.555721	0.5318	0.53586	0.545405	0.556533	0.648237	0.743008	0.650789	0.74434	0.649207	0.744498	0.521257	0.485556	0.485473	0.481042	0.484729	0.481531	0.571139	0.5665	0.59155	0.570548	0.584766	0.580057
ERR636765	0.416832	0.420611	0.407623	0.41538	0.428904	0.416271	0.378571	0.387608	0.385763	0.385408	0.381356	0.383605	0.316542	0.28945	0.289937	0.286901	0.307442	0.284728	0.235198	0.235306	0	0.237007	0.234356	0.23519	0.28516	0.287405	0.286511	0.287436	0.291019	0.284977	0.337584	0.340148	0.326074	0.371521	0.324236	0.327835	0.28923	0.281831	0.301491	0.282165	0.282475	0.309235	0.319825	0.306551	0.308043	0.316063	0.308992	0.316484	0.371816	0.369346	0.367415	0.365672	0.366342	0.377843	0.547469	0.534617	0.540746	0.555501	0.533185	0.527602	0.425408	0.425957	0.446799	0.447976	0.426173	0.443169	0.459275	0.473687	0.480027	0.456592	0.471351	0.459709	0.532768	0.554076	0.529015	0.533289	0.543265	0.554938	0.648645	0.744397	0.651148	0.746202	0.649142	0.746281	0.519469	0.48317	0.483142	0.478063	0.482258	0.478612	0.56843	0.56394	0.590133	0.568017	0.583221	0.578237
ERR636763	0.419654	0.423192	0.41406	0.418822	0.430973	0.420392	0.395916	0.406119	0.404128	0.403348	0.398783	0.402405	0.309195	0.290449	0.290653	0.289984	0.302768	0.289059	0.236574	0.234762	0.237007	0	0.237239	0.235648	0.283012	0.283247	0.283138	0.282765	0.282813	0.281908	0.338505	0.340126	0.336278	0.364123	0.330318	0.329509	0.295668	0.283796	0.314812	0.285323	0.283881	0.322886	0.311991	0.311126	0.311754	0.313894	0.307268	0.313893	0.388935	0.38316	0.379904	0.378329	0.379127	0.390649	0.553435	0.54296	0.548223	0.559552	0.539897	0.53505	0.419273	0.419313	0.435394	0.43641	0.41962	0.431936	0.463305	0.472666	0.479015	0.459075	0.470542	0.46378	0.539597	0.559664	0.537108	0.539714	0.550021	0.560573	0.657188	0.752028	0.659778	0.752334	0.658553	0.752293	0.52007	0.489385	0.489122	0.485474	0.488466	0.484965	0.577088	0.572067	0.595656	0.576548	0.589541	0.585019
ERR636764	0.418388	0.421732	0.406282	0.414666	0.427308	0.415554	0.377551	0.385019	0.383732	0.383174	0.379912	0.381562	0.317496	0.287829	0.288299	0.286423	0.307588	0.284728	0.23434	0.235144	0.234356	0.237239	0	0.234737	0.287646	0.288481	0.287662	0.288715	0.292693	0.285002	0.33699	0.339623	0.326157	0.374013	0.325804	0.329441	0.286392	0.280727	0.299734	0.280843	0.281282	0.305284	0.31968	0.303138	0.304269	0.3119	0.306004	0.312339	0.368362	0.366096	0.364403	0.362903	0.363677	0.373679	0.548171	0.534416	0.540713	0.557837	0.535499	0.529749	0.42623	0.426692	0.447865	0.449863	0.427108	0.444704	0.457977	0.473233	0.479188	0.457361	0.470689	0.458461	0.531339	0.551756	0.527377	0.532182	0.540912	0.552562	0.641745	0.735967	0.644017	0.738228	0.642281	0.738423	0.522035	0.482939	0.48299	0.47717	0.482263	0.478682	0.565379	0.561754	0.587814	0.564638	0.58016	0.574948
ERR636767	0.416289	0.419781	0.406583	0.414228	0.426973	0.414807	0.382765	0.391592	0.389962	0.389346	0.385413	0.387528	0.313517	0.287087	0.287348	0.285626	0.304542	0.284246	0.232355	0.232393	0.23519	0.235648	0.234737	0	0.285144	0.285159	0.284609	0.285187	0.289051	0.283629	0.335854	0.338241	0.328088	0.369492	0.32557	0.328038	0.288792	0.280849	0.303857	0.281245	0.281155	0.310805	0.315939	0.304613	0.305992	0.311717	0.30546	0.31193	0.374649	0.370789	0.36867	0.367073	0.367707	0.378606	0.548646	0.536017	0.541961	0.55714	0.535862	0.530373	0.42291	0.423504	0.442788	0.444406	0.423616	0.439546	0.45924	0.472373	0.478351	0.456659	0.469952	0.459571	0.533684	0.554029	0.529975	0.534178	0.543485	0.554805	0.645283	0.739832	0.647774	0.741388	0.646131	0.74147	0.520558	0.484179	0.484141	0.479559	0.483337	0.480229	0.568941	0.56443	0.589675	0.568263	0.582824	0.57793
ERR637065	0.403223	0.406872	0.400214	0.404524	0.419079	0.40614	0.38567	0.39845	0.395657	0.39486	0.389492	0.392986	0.319085	0.301666	0.302201	0.299776	0.314007	0.298134	0.286176	0.285102	0.28516	0.283012	0.287646	0.285144	0	0.232526	0.232468	0.23231	0.234886	0.231796	0.327916	0.32977	0.321519	0.354069	0.31552	0.315553	0.287927	0.27516	0.304025	0.27717	0.275828	0.313771	0.299256	0.297808	0.298074	0.303673	0.294638	0.303519	0.408995	0.403832	0.401145	0.399304	0.399472	0.411662	0.514191	0.505418	0.510203	0.518153	0.498981	0.494532	0.385271	0.385482	0.401827	0.402196	0.385749	0.398193	0.430941	0.435856	0.442849	0.422689	0.434396	0.431193	0.502838	0.52451	0.500689	0.501977	0.514877	0.525112	0.640716	0.739131	0.64376	0.738063	0.642814	0.737952	0.478243	0.450516	0.450197	0.44825	0.449541	0.446133	0.544689	0.537567	0.561391	0.544105	0.556174	0.552118
ERR637067	0.401057	0.404591	0.397906	0.401829	0.415427	0.402996	0.387805	0.400559	0.39771	0.396729	0.391312	0.395071	0.31602	0.299381	0.299659	0.299194	0.311144	0.298229	0.286008	0.28486	0.287405	0.283247	0.288481	0.285159	0.232526	0	0.230222	0.230134	0.234402	0.23218	0.326001	0.327321	0.323868	0.351407	0.317201	0.315693	0.287871	0.274788	0.306384	0.276658	0.275124	0.315203	0.294482	0.29602	0.296318	0.298766	0.290618	0.298481	0.409981	0.403498	0.400529	0.399008	0.39925	0.410567	0.513884	0.505439	0.510005	0.518424	0.500384	0.49615	0.384479	0.384568	0.398694	0.399869	0.384651	0.395847	0.431215	0.434141	0.440525	0.422948	0.432848	0.431303	0.501953	0.522212	0.499839	0.501063	0.513104	0.522867	0.635453	0.732315	0.638538	0.730778	0.637823	0.73079	0.478061	0.45052	0.450249	0.448872	0.449564	0.446649	0.543147	0.53619	0.558848	0.542637	0.55367	0.549727
ERR637068	0.400116	0.403584	0.396063	0.400599	0.41406	0.401719	0.384687	0.396919	0.394318	0.393392	0.388243	0.391459	0.316689	0.298568	0.298862	0.298306	0.311077	0.297214	0.28529	0.284407	0.286511	0.283138	0.287662	0.284609	0.232468	0.230222	0	0.230051	0.235454	0.231767	0.324434	0.325828	0.32123	0.351894	0.315147	0.31436	0.285719	0.273438	0.303645	0.275127	0.273684	0.312302	0.29482	0.294068	0.294387	0.297545	0.289878	0.297506	0.407064	0.400687	0.398245	0.396549	0.396708	0.407966	0.512843	0.503853	0.50852	0.517938	0.499277	0.495065	0.385026	0.385208	0.400318	0.401414	0.385371	0.397248	0.430014	0.43394	0.440407	0.422317	0.43244	0.430177	0.500563	0.520883	0.498252	0.499805	0.511662	0.521598	0.633187	0.730066	0.636133	0.728763	0.635348	0.728732	0.478448	0.449128	0.448931	0.447267	0.448358	0.445349	0.541245	0.534553	0.557551	0.540591	0.552181	0.548186
ERR637066	0.401884	0.405491	0.399186	0.403001	0.416517	0.404403	0.389531	0.402331	0.399683	0.398679	0.393194	0.396959	0.31589	0.299979	0.300363	0.299706	0.311206	0.298885	0.286202	0.284859	0.287436	0.282765	0.288715	0.285187	0.23231	0.230134	0.230051	0	0.233757	0.232109	0.326452	0.327689	0.324712	0.351338	0.317524	0.315623	0.288674	0.275079	0.307418	0.277333	0.275192	0.316476	0.294656	0.297076	0.297276	0.299512	0.29137	0.299299	0.411768	0.405161	0.402174	0.400611	0.400931	0.412425	0.514884	0.506554	0.511103	0.519017	0.501115	0.496958	0.383895	0.383804	0.397943	0.39886	0.384192	0.394886	0.431911	0.434535	0.441057	0.42349	0.433144	0.432054	0.503244	0.523535	0.501258	0.502364	0.514684	0.524203	0.637801	0.73478	0.64091	0.733063	0.640223	0.732951	0.478438	0.451318	0.450877	0.449697	0.450449	0.447389	0.544768	0.537721	0.560377	0.544198	0.555218	0.551224
ERR637063	0.40162	0.405115	0.402794	0.403384	0.416249	0.405585	0.397357	0.411319	0.408374	0.407204	0.401078	0.406171	0.310464	0.302137	0.302545	0.302742	0.308219	0.302705	0.290464	0.288271	0.291019	0.282813	0.292693	0.289051	0.234886	0.234402	0.235454	0.233757	0	0.235114	0.327717	0.327905	0.331945	0.344147	0.321735	0.316921	0.296578	0.280333	0.318326	0.28332	0.28028	0.327924	0.290892	0.304088	0.303564	0.301751	0.293867	0.301654	0.420308	0.411555	0.407535	0.405829	0.40623	0.417991	0.51704	0.510979	0.514656	0.518944	0.503186	0.499519	0.384129	0.384131	0.393411	0.393822	0.384353	0.390645	0.436927	0.434634	0.441496	0.427012	0.433835	0.437004	0.506699	0.526388	0.505826	0.505377	0.518404	0.527249	0.644549	0.741388	0.647848	0.738691	0.647454	0.738431	0.476127	0.4553	0.454627	0.454616	0.454298	0.451154	0.549653	0.542056	0.562947	0.549112	0.558555	0.555051
ERR637064	0.402212	0.405443	0.395961	0.401046	0.41436	0.402589	0.382554	0.393983	0.391517	0.390594	0.385766	0.388988	0.317802	0.297479	0.297987	0.297399	0.311712	0.296269	0.284017	0.283532	0.284977	0.281908	0.285002	0.283629	0.231796	0.23218	0.231767	0.232109	0.235114	0	0.3247	0.32639	0.3202	0.354467	0.315432	0.315136	0.282841	0.271805	0.300367	0.273556	0.27205	0.308088	0.295965	0.291807	0.291612	0.295772	0.288448	0.295768	0.403325	0.398031	0.395547	0.394136	0.394426	0.405006	0.513655	0.503783	0.508752	0.519737	0.50054	0.495977	0.385996	0.38613	0.402432	0.404043	0.386489	0.399552	0.428867	0.434279	0.44067	0.423057	0.432657	0.429141	0.499726	0.520141	0.497256	0.499255	0.510628	0.520713	0.631453	0.728153	0.634296	0.727269	0.633559	0.727395	0.480056	0.448992	0.448855	0.446208	0.448262	0.444993	0.5396	0.53358	0.557181	0.539021	0.55112	0.546804
ERR613447	0.345002	0.346747	0.337908	0.341283	0.351648	0.341711	0.368979	0.380433	0.377318	0.376228	0.372542	0.376692	0.339517	0.327283	0.326569	0.329767	0.333762	0.330635	0.335992	0.336541	0.337584	0.338505	0.33699	0.335854	0.327916	0.326001	0.324434	0.326452	0.327717	0.3247	0	0.250786	0.271725	0.285362	0.259746	0.255284	0.319412	0.314434	0.333621	0.315035	0.313067	0.338729	0.318763	0.324414	0.323506	0.316454	0.316103	0.317595	0.39779	0.385854	0.384339	0.383324	0.383177	0.389153	0.489538	0.482132	0.485855	0.500367	0.483773	0.480421	0.429065	0.429808	0.437953	0.441917	0.429692	0.439055	0.446844	0.440032	0.443404	0.438768	0.439804	0.446761	0.481297	0.496198	0.478943	0.480061	0.488649	0.496941	0.570701	0.673461	0.573872	0.671839	0.573697	0.67136	0.474938	0.444391	0.444273	0.444043	0.443478	0.442566	0.514356	0.509486	0.528991	0.514143	0.524437	0.521116
ERR613446	0.342808	0.344059	0.337521	0.339205	0.348465	0.339764	0.371961	0.384309	0.381018	0.379588	0.375721	0.380599	0.337616	0.328654	0.327921	0.331819	0.332907	0.333091	0.338453	0.338818	0.340148	0.340126	0.339623	0.338241	0.32977	0.327321	0.325828	0.327689	0.327905	0.32639	0.250786	0	0.277654	0.281098	0.264066	0.256975	0.323048	0.317113	0.338429	0.317915	0.315716	0.343428	0.317573	0.327144	0.326462	0.317101	0.316831	0.318143	0.402089	0.388591	0.386464	0.385477	0.385748	0.391228	0.488481	0.48236	0.48556	0.498579	0.483507	0.480694	0.429624	0.430473	0.436723	0.440645	0.430455	0.438082	0.449078	0.439514	0.442711	0.440332	0.439575	0.449072	0.481091	0.495049	0.47938	0.479775	0.488093	0.495892	0.570653	0.672479	0.574076	0.669915	0.574138	0.669407	0.472932	0.445213	0.444888	0.445669	0.444211	0.443447	0.51444	0.509149	0.527238	0.514247	0.523432	0.520175
ERR613443	0.373968	0.377317	0.357065	0.37042	0.386171	0.369763	0.35395	0.360313	0.358423	0.358386	0.356817	0.355629	0.362789	0.330618	0.330755	0.32777	0.352324	0.325203	0.326798	0.329493	0.326074	0.336278	0.326157	0.328088	0.321519	0.323868	0.32123	0.324712	0.331945	0.3202	0.271725	0.277654	0	0.330113	0.250531	0.264437	0.302201	0.30551	0.303616	0.303542	0.305715	0.308133	0.341241	0.313464	0.314742	0.327068	0.322096	0.327584	0.377193	0.379182	0.380816	0.37929	0.37866	0.386643	0.502213	0.486674	0.493645	0.515411	0.49014	0.484123	0.429457	0.430612	0.453547	0.456496	0.430549	0.451485	0.436533	0.451269	0.456278	0.434819	0.44927	0.43635	0.487904	0.5091	0.482438	0.488344	0.497255	0.509842	0.582398	0.68841	0.584733	0.691933	0.582109	0.691946	0.490535	0.445126	0.445561	0.439466	0.444787	0.441706	0.519451	0.515843	0.544368	0.518871	0.536729	0.531266
ERR613448	0.348061	0.349678	0.366495	0.354239	0.361102	0.357343	0.414881	0.433002	0.428059	0.426294	0.419007	0.429101	0.338161	0.357499	0.35694	0.361816	0.342754	0.364962	0.371057	0.368895	0.371521	0.364123	0.374013	0.369492	0.354069	0.351407	0.351894	0.351338	0.344147	0.354467	0.285362	0.281098	0.330113	0	0.305959	0.286648	0.369526	0.354612	0.390027	0.35772	0.353049	0.398554	0.330126	0.372135	0.370543	0.35241	0.351372	0.353304	0.450487	0.429595	0.423889	0.422834	0.423442	0.431346	0.497717	0.502728	0.502112	0.494796	0.490725	0.491289	0.442935	0.443275	0.435555	0.436289	0.442814	0.436991	0.480019	0.450673	0.454417	0.462374	0.452926	0.47973	0.499185	0.511166	0.501442	0.495782	0.507969	0.511895	0.608198	0.706985	0.612812	0.699414	0.613975	0.698247	0.462904	0.465696	0.465019	0.47261	0.464541	0.464132	0.539105	0.529014	0.539389	0.538516	0.540158	0.539258
ERR613445	0.360298	0.36354	0.351006	0.359683	0.375044	0.359494	0.362672	0.373365	0.370427	0.370049	0.366765	0.36783	0.348152	0.325956	0.325864	0.323958	0.340531	0.322675	0.32514	0.326416	0.324236	0.330318	0.325804	0.32557	0.31552	0.317201	0.315147	0.317524	0.321735	0.315432	0.259746	0.264066	0.250531	0.305959	0	0.251915	0.306973	0.304443	0.31441	0.303849	0.304204	0.321268	0.327016	0.316322	0.316805	0.322298	0.31711	0.323075	0.38971	0.386284	0.38616	0.384686	0.384084	0.393105	0.497829	0.486727	0.492296	0.507563	0.48594	0.481095	0.422606	0.423629	0.440016	0.442202	0.423503	0.438315	0.439808	0.445327	0.450316	0.432699	0.44404	0.439472	0.488595	0.508824	0.484662	0.487639	0.498473	0.50961	0.588984	0.695794	0.591758	0.69681	0.589929	0.696506	0.480786	0.445365	0.445367	0.442505	0.444657	0.441903	0.523776	0.518391	0.543336	0.523528	0.538035	0.533659
ERR613444	0.351697	0.354643	0.349328	0.352452	0.366406	0.353337	0.373889	0.3876	0.383809	0.383039	0.378454	0.381943	0.338482	0.325975	0.325884	0.326159	0.333383	0.326156	0.328277	0.328209	0.327835	0.329509	0.329441	0.328038	0.315553	0.315693	0.31436	0.315623	0.316921	0.315136	0.255284	0.256975	0.264437	0.286648	0.251915	0	0.315649	0.307847	0.328686	0.308879	0.30715	0.336062	0.31694	0.322595	0.322065	0.320105	0.316025	0.320834	0.403295	0.394695	0.392915	0.391653	0.391461	0.400274	0.4961	0.488847	0.492966	0.502619	0.485209	0.481796	0.42007	0.420723	0.43059	0.432625	0.420683	0.429595	0.445734	0.442002	0.446927	0.435889	0.441489	0.445597	0.490389	0.508798	0.488138	0.488596	0.500296	0.509481	0.59407	0.69958	0.597269	0.698336	0.596217	0.698052	0.474525	0.448005	0.447788	0.447615	0.447208	0.444935	0.527724	0.521007	0.542394	0.527488	0.538293	0.534912
ERR636697	0.398766	0.401641	0.379604	0.39273	0.405327	0.392155	0.349425	0.354038	0.352936	0.352813	0.351178	0.350909	0.331107	0.294249	0.294721	0.292573	0.319122	0.290383	0.287574	0.290238	0.28923	0.295668	0.286392	0.288792	0.287927	0.287871	0.285719	0.288674	0.296578	0.282841	0.319412	0.323048	0.302201	0.369526	0.306973	0.315649	0	0.241868	0.244451	0.239763	0.242018	0.24698	0.303626	0.268711	0.269777	0.282218	0.278499	0.282277	0.35542	0.355945	0.357029	0.355508	0.355515	0.363221	0.521313	0.505544	0.512566	0.535279	0.510762	0.504581	0.419594	0.420854	0.4443	0.44785	0.420797	0.442262	0.434416	0.452275	0.457361	0.436233	0.449503	0.434746	0.49778	0.517704	0.492521	0.499647	0.505982	0.518542	0.599807	0.692801	0.601787	0.696675	0.59973	0.696862	0.501827	0.4539	0.454314	0.447411	0.453554	0.450671	0.524964	0.523148	0.551027	0.524221	0.542304	0.536447
ERR636702	0.394167	0.397293	0.381927	0.390807	0.403883	0.391382	0.361467	0.370287	0.368257	0.367691	0.364222	0.365962	0.316619	0.287938	0.28822	0.286783	0.306591	0.285569	0.280625	0.281295	0.281831	0.283796	0.280727	0.280849	0.27516	0.274788	0.273438	0.275079	0.280333	0.271805	0.314434	0.317113	0.30551	0.354612	0.304443	0.307847	0.241868	0	0.256788	0.236314	0.236194	0.262754	0.288803	0.270582	0.270831	0.277576	0.272589	0.277541	0.370931	0.367555	0.366564	0.364913	0.365104	0.374949	0.522544	0.509957	0.515929	0.532678	0.510835	0.505467	0.409095	0.409834	0.428954	0.431426	0.409823	0.426593	0.43646	0.4481	0.453763	0.434521	0.445896	0.4368	0.502732	0.522681	0.498756	0.503578	0.512232	0.523432	0.614871	0.708981	0.617355	0.710698	0.615715	0.710777	0.496155	0.456387	0.456376	0.451764	0.455575	0.452811	0.535048	0.531099	0.55658	0.53434	0.549368	0.544357
ERR636699	0.408035	0.411187	0.385094	0.401946	0.415918	0.400741	0.339553	0.341051	0.340733	0.341207	0.340818	0.337787	0.352257	0.309001	0.3099	0.305075	0.338316	0.301357	0.301644	0.305695	0.301491	0.314812	0.299734	0.303857	0.304025	0.306384	0.303645	0.307418	0.318326	0.300367	0.333621	0.338429	0.303616	0.390027	0.31441	0.328686	0.244451	0.256788	0	0.252916	0.257914	0.240867	0.327752	0.27917	0.28137	0.301918	0.297378	0.302263	0.345587	0.352219	0.355212	0.3536	0.353326	0.360803	0.522695	0.504013	0.512116	0.538277	0.51074	0.503561	0.434514	0.436124	0.464767	0.468325	0.435951	0.46253	0.437542	0.462324	0.467466	0.441547	0.459151	0.437988	0.49806	0.519798	0.491396	0.500489	0.5065	0.520326	0.596697	0.690263	0.598158	0.696454	0.595239	0.696884	0.508768	0.455256	0.455855	0.446823	0.455005	0.45168	0.522072	0.52123	0.552424	0.521769	0.542698	0.536033
ERR636700	0.395084	0.398242	0.381449	0.391465	0.404312	0.391513	0.358429	0.366356	0.364594	0.364119	0.361102	0.36235	0.319687	0.288961	0.289572	0.287384	0.309155	0.285681	0.280974	0.281905	0.282165	0.285323	0.280843	0.281245	0.27717	0.276658	0.275127	0.277333	0.28332	0.273556	0.315035	0.317915	0.303542	0.35772	0.303849	0.308879	0.239763	0.236314	0.252916	0	0.236269	0.258457	0.291876	0.269442	0.270009	0.278513	0.273554	0.278414	0.366913	0.364785	0.364038	0.362521	0.362541	0.372033	0.521934	0.508596	0.514837	0.532706	0.510278	0.504661	0.410552	0.411395	0.43188	0.434604	0.411398	0.429471	0.435396	0.448787	0.454317	0.434322	0.446421	0.435853	0.501403	0.521416	0.497177	0.502413	0.510613	0.522127	0.61186	0.705852	0.61422	0.708038	0.612474	0.708131	0.49684	0.455183	0.45537	0.450238	0.454669	0.451654	0.532731	0.529085	0.555208	0.531998	0.547647	0.542481
ERR636701	0.393274	0.396279	0.381279	0.390043	0.402589	0.39038	0.361801	0.370868	0.368549	0.368092	0.36459	0.36662	0.315453	0.287337	0.287747	0.286545	0.305519	0.285437	0.281058	0.281569	0.282475	0.283881	0.281282	0.281155	0.275828	0.275124	0.273684	0.275192	0.28028	0.27205	0.313067	0.315716	0.305715	0.353049	0.304204	0.30715	0.242018	0.236194	0.257914	0.236269	0	0.263777	0.287206	0.270316	0.270515	0.276257	0.27144	0.276268	0.370846	0.367129	0.365988	0.364501	0.364676	0.374152	0.521834	0.509552	0.515451	0.532079	0.510391	0.505186	0.408144	0.409076	0.4274	0.429931	0.408978	0.42511	0.436081	0.447034	0.452524	0.43385	0.444841	0.436398	0.50195	0.521613	0.498049	0.502749	0.511111	0.522366	0.613623	0.707741	0.616144	0.709278	0.614561	0.70932	0.495208	0.455742	0.455737	0.451349	0.455181	0.45227	0.534209	0.530115	0.555306	0.533267	0.548216	0.543201
ERR636698	0.413231	0.415843	0.386608	0.404713	0.417811	0.403284	0.340136	0.338719	0.339337	0.339567	0.340731	0.336474	0.360447	0.314013	0.314913	0.311384	0.345481	0.307637	0.308195	0.312826	0.309235	0.322886	0.305284	0.310805	0.313771	0.315203	0.312302	0.316476	0.327924	0.308088	0.338729	0.343428	0.308133	0.398554	0.321268	0.336062	0.24698	0.262754	0.240867	0.258457	0.263777	0	0.334987	0.280756	0.283015	0.30397	0.300952	0.304221	0.341866	0.35039	0.354141	0.35286	0.352515	0.358058	0.525359	0.505319	0.513705	0.543347	0.515341	0.50789	0.44087	0.4427	0.472086	0.476235	0.442688	0.470235	0.439285	0.466148	0.470758	0.446138	0.462881	0.439993	0.498773	0.519386	0.491363	0.501683	0.505947	0.52002	0.587777	0.678839	0.588982	0.686323	0.58584	0.686924	0.514977	0.457484	0.458323	0.448089	0.457395	0.454422	0.519398	0.520086	0.551751	0.518795	0.540762	0.53384
ERR613974	0.375944	0.377825	0.378713	0.376318	0.385572	0.37778	0.389981	0.405132	0.401281	0.399884	0.394014	0.400415	0.306426	0.307432	0.306768	0.311274	0.304679	0.313724	0.317672	0.315575	0.319825	0.311991	0.31968	0.315939	0.299256	0.294482	0.29482	0.294656	0.290892	0.295965	0.318763	0.317573	0.341241	0.330126	0.327016	0.31694	0.303626	0.288803	0.327752	0.291876	0.287206	0.334987	0	0.272169	0.26939	0.254497	0.250826	0.25474	0.411706	0.396398	0.39153	0.390504	0.390974	0.399363	0.498772	0.495976	0.498162	0.502933	0.491085	0.48874	0.399108	0.3991	0.398954	0.401726	0.399061	0.399659	0.43878	0.424483	0.428714	0.426905	0.424769	0.439119	0.486294	0.501071	0.485967	0.484389	0.49511	0.501865	0.606534	0.699569	0.610105	0.695228	0.610703	0.694683	0.462956	0.444457	0.443649	0.445897	0.443031	0.442058	0.521833	0.515138	0.531117	0.521357	0.528331	0.525238
ERR613977	0.395664	0.398396	0.37727	0.389484	0.401909	0.389065	0.358217	0.363667	0.36238	0.361849	0.360106	0.360235	0.338595	0.305151	0.305347	0.305086	0.326907	0.303514	0.303854	0.305841	0.306551	0.311126	0.303138	0.304613	0.297808	0.29602	0.294068	0.297076	0.304088	0.291807	0.324414	0.327144	0.313464	0.372135	0.316322	0.322595	0.268711	0.270582	0.27917	0.269442	0.270316	0.280756	0.272169	0	0.234977	0.246605	0.243526	0.246613	0.368698	0.367375	0.367543	0.366484	0.366303	0.373201	0.504187	0.489312	0.495943	0.518565	0.49507	0.489393	0.40617	0.407032	0.428603	0.432748	0.407239	0.42724	0.419258	0.433849	0.438482	0.420758	0.431382	0.419926	0.480139	0.49865	0.475017	0.481604	0.487557	0.499524	0.584109	0.676896	0.586337	0.679846	0.58506	0.68004	0.484993	0.43669	0.436788	0.430634	0.436098	0.433906	0.50525	0.503648	0.530493	0.504525	0.521317	0.515448
ERR613972	0.395003	0.397531	0.376905	0.388372	0.400249	0.388281	0.35991	0.365588	0.364051	0.363604	0.361868	0.362456	0.337826	0.305285	0.305791	0.305947	0.326363	0.304653	0.305522	0.307262	0.308043	0.311754	0.304269	0.305992	0.298074	0.296318	0.294387	0.297276	0.303564	0.291612	0.323506	0.326462	0.314742	0.370543	0.316805	0.322065	0.269777	0.270831	0.28137	0.270009	0.270515	0.283015	0.26939	0.234977	0	0.244831	0.240957	0.244791	0.3704	0.368655	0.368052	0.367378	0.367289	0.373867	0.503018	0.488563	0.494954	0.517638	0.49438	0.488865	0.405011	0.405783	0.426104	0.430717	0.405954	0.425244	0.418991	0.432194	0.436655	0.420665	0.429842	0.419715	0.478782	0.496811	0.473912	0.480202	0.486146	0.497788	0.583527	0.675948	0.585761	0.678492	0.584592	0.67878	0.483495	0.435826	0.435871	0.429765	0.43506	0.432966	0.503987	0.502492	0.528774	0.503259	0.519624	0.513781
