	ERR617271	ERR617274	ERR617275	ERR617276	ERR617272	ERR617273	ERR636911	ERR636912	ERR636910	ERR636907	ERR636908	ERR636909	ERR617527	ERR617525	ERR617524	ERR617523	ERR617526	ERR617528	ERR613933	ERR613931	ERR613932	ERR613928	ERR613930	ERR613929	ERR608197	ERR608201	ERR608199	ERR608198	ERR608200	ERR608202	ERR608374	ERR608375	ERR608373	ERR608376	ERR608372	ERR608371	ERR612555	ERR612554	ERR612553	ERR612557	ERR612558	ERR612556	ERR621996	ERR621991	ERR621992	ERR621994	ERR621995	ERR621993	ERR612891	ERR612895	ERR612893	ERR612892	ERR612894	ERR612896	ERR617477	ERR617475	ERR617480	ERR617479	ERR617476	ERR617478	ERR612297	ERR612293	ERR612296	ERR612294	ERR612298	ERR612295	ERR618729	ERR618733	ERR618731	ERR618734	ERR618730	ERR618732	ERR608432	ERR608431	ERR608430	ERR608427	ERR608429	ERR608428	ERR626545	ERR626540	ERR626544	ERR626543	ERR626542	ERR626541	ERR608841	ERR608846	ERR608845	ERR608844	ERR608843	ERR608842	ERR630311	ERR630308	ERR630310	ERR630313	ERR630312	ERR630309
ERR617271	0	0.806406	0.807557	0.806646	0.822022	0.820047	0.972307	0.969012	0.972302	0.989392	0.977672	0.977407	0.926391	0.939306	0.939218	0.940098	0.927413	0.932151	0.883601	0.884556	0.883538	0.872695	0.905647	0.881764	0.940611	0.89566	0.890707	0.900446	0.894699	0.895149	0.891441	0.890184	0.869873	0.889835	0.870743	0.878663	0.90515	0.928627	0.895644	0.928122	0.931764	0.929254	0.944626	0.927375	0.934797	0.935611	0.942868	0.935579	1.06806	1.08912	1.07461	1.09659	1.08607	1.08775	1.07232	1.07424	1.06536	1.06095	1.07248	1.06143	1.11344	1.13656	1.11201	1.14163	1.10951	1.14209	1.06534	1.06642	1.06925	1.06523	1.07012	1.06694	1.05121	1.05297	1.0531	1.09111	1.06083	1.0659	1.04977	1.05582	1.04879	1.04972	1.05117	1.04707	1.10032	1.07281	1.07226	1.07241	1.06627	1.07057	0.949446	0.948185	0.965296	0.954784	0.949751	0.959112
ERR617274	0.806406	0	0.776369	0.775258	0.801548	0.800012	0.959284	0.956211	0.959525	0.977108	0.964007	0.964571	0.905291	0.920258	0.91995	0.923858	0.906306	0.913747	0.866821	0.866799	0.866032	0.854635	0.894442	0.865295	0.934767	0.882165	0.875071	0.887465	0.880511	0.881069	0.873148	0.869996	0.851957	0.869015	0.849663	0.860076	0.892308	0.917479	0.8797	0.916088	0.919436	0.917112	0.928134	0.909277	0.91879	0.917905	0.926389	0.919034	1.05256	1.07496	1.06068	1.08441	1.07117	1.07324	1.05934	1.06332	1.05355	1.04691	1.05982	1.04751	1.09429	1.11018	1.0924	1.11777	1.09012	1.11832	1.0528	1.05361	1.05711	1.05174	1.05867	1.05415	1.03419	1.03621	1.03615	1.08036	1.04341	1.05035	1.03675	1.04392	1.0358	1.03659	1.03904	1.03367	1.09337	1.06078	1.0605	1.06037	1.05346	1.05868	0.937228	0.935724	0.954076	0.944736	0.937337	0.948276
ERR617275	0.807557	0.776369	0	0.776658	0.802449	0.800916	0.960066	0.956697	0.960189	0.977557	0.964506	0.965456	0.905846	0.920861	0.920578	0.924475	0.906972	0.914672	0.867767	0.868316	0.867554	0.855811	0.895658	0.866338	0.936299	0.883895	0.876807	0.889205	0.881664	0.883099	0.87386	0.870992	0.852828	0.869867	0.85083	0.860989	0.89424	0.918498	0.881551	0.917499	0.920556	0.918335	0.928296	0.909764	0.918862	0.918485	0.926253	0.918925	1.05253	1.07484	1.06073	1.08454	1.07119	1.07317	1.05948	1.06335	1.05372	1.04696	1.05965	1.04752	1.0945	1.10993	1.09259	1.11758	1.09021	1.11808	1.05377	1.05432	1.05783	1.05253	1.05947	1.05511	1.03423	1.03614	1.03599	1.08038	1.04356	1.0505	1.03678	1.04419	1.03596	1.03657	1.03929	1.03368	1.093	1.06083	1.06067	1.06021	1.05363	1.05916	0.938302	0.936771	0.955378	0.94603	0.938413	0.949503
ERR617276	0.806646	0.775258	0.776658	0	0.801234	0.800245	0.958985	0.955833	0.959081	0.976633	0.963068	0.964269	0.904226	0.919165	0.919119	0.92325	0.905391	0.912687	0.866633	0.867156	0.866753	0.854946	0.894789	0.865871	0.935303	0.882385	0.874917	0.887819	0.880758	0.881798	0.873158	0.8699	0.851776	0.868739	0.849378	0.860286	0.892725	0.917438	0.880011	0.916341	0.919741	0.916963	0.927502	0.908541	0.918005	0.917342	0.925221	0.918066	1.05205	1.07449	1.06025	1.08402	1.07086	1.07274	1.05892	1.06288	1.05299	1.04608	1.05921	1.04686	1.0938	1.10919	1.09142	1.11691	1.08927	1.11758	1.05289	1.05359	1.05699	1.0518	1.05864	1.054	1.03363	1.03546	1.03538	1.08005	1.04307	1.04985	1.03648	1.04374	1.03553	1.03637	1.03866	1.03322	1.0929	1.06048	1.05988	1.05977	1.05311	1.05841	0.937708	0.936117	0.954474	0.945169	0.937463	0.948674
ERR617272	0.822022	0.801548	0.802449	0.801234	0	0.81656	0.973974	0.970903	0.974174	0.99068	0.978731	0.978965	0.922996	0.93644	0.936274	0.939147	0.924011	0.930094	0.882826	0.883108	0.882807	0.871865	0.907633	0.881807	0.94559	0.897567	0.891267	0.902293	0.89638	0.897184	0.888196	0.886041	0.868983	0.885502	0.867459	0.876372	0.907005	0.929769	0.895301	0.929272	0.931948	0.929689	0.94327	0.925923	0.933931	0.933606	0.941457	0.934874	1.06532	1.08622	1.07245	1.09496	1.08282	1.08435	1.07059	1.07392	1.06472	1.05874	1.07108	1.05949	1.10651	1.12339	1.10463	1.1298	1.10233	1.13045	1.06536	1.06626	1.06917	1.0645	1.07081	1.06676	1.04751	1.04917	1.04906	1.09003	1.0566	1.0624	1.04925	1.05585	1.0482	1.04926	1.05134	1.04656	1.1021	1.07222	1.0717	1.07187	1.06493	1.0698	0.952106	0.950938	0.967434	0.958907	0.952039	0.962407
ERR617273	0.820047	0.800012	0.800916	0.800245	0.81656	0	0.972382	0.969347	0.972781	0.98951	0.977118	0.977832	0.92101	0.934791	0.934895	0.9374	0.922412	0.928325	0.881796	0.882384	0.881392	0.870628	0.906281	0.880217	0.944243	0.896047	0.889756	0.900806	0.894622	0.895385	0.887718	0.885101	0.867275	0.884326	0.866629	0.875258	0.905578	0.928485	0.89404	0.92785	0.930238	0.928276	0.94198	0.924268	0.932705	0.932649	0.940211	0.933082	1.06378	1.08475	1.0709	1.0935	1.08153	1.08333	1.0695	1.07261	1.06365	1.0579	1.07001	1.05855	1.10577	1.12307	1.10395	1.12941	1.10133	1.12995	1.06363	1.06448	1.06747	1.06299	1.06879	1.06521	1.04635	1.04802	1.04818	1.0892	1.05561	1.0614	1.04785	1.0546	1.0468	1.04773	1.05004	1.0451	1.10092	1.07074	1.0707	1.07045	1.06393	1.0689	0.950625	0.949296	0.966413	0.957352	0.950694	0.960591
ERR636911	0.972307	0.959284	0.960066	0.958985	0.973974	0.972382	0	0.77941	0.78296	0.801019	0.791795	0.790618	0.876471	0.889578	0.889075	0.888647	0.877864	0.880038	0.935037	0.937369	0.936355	0.926316	0.953891	0.933468	0.953017	0.912995	0.909053	0.916858	0.912248	0.912242	0.980342	0.979857	0.958578	0.979668	0.960938	0.967707	0.955085	0.978136	0.947515	0.978016	0.981693	0.980545	0.925352	0.909527	0.91653	0.91681	0.924221	0.916743	1.10777	1.12862	1.11347	1.13482	1.12575	1.12737	1.11063	1.1112	1.10233	1.09923	1.11089	1.10005	1.14949	1.17924	1.14808	1.18469	1.14557	1.18528	1.09718	1.09868	1.10111	1.09753	1.10155	1.09902	1.09049	1.09276	1.09304	1.1272	1.10068	1.10518	1.07793	1.08352	1.07659	1.07764	1.07887	1.07517	1.12941	1.10401	1.10388	1.10432	1.09844	1.10182	0.994655	0.993258	1.00796	0.998004	0.99532	1.00244
ERR636912	0.969012	0.956211	0.956697	0.955833	0.970903	0.969347	0.77941	0	0.779894	0.79843	0.78949	0.787967	0.873156	0.886468	0.885892	0.885168	0.87385	0.876614	0.932516	0.93471	0.933612	0.923615	0.951359	0.931152	0.951006	0.909558	0.905805	0.913904	0.909239	0.908817	0.977532	0.976848	0.955399	0.976443	0.957747	0.964502	0.952395	0.975601	0.944676	0.975546	0.979182	0.978129	0.921972	0.905512	0.912699	0.913473	0.920709	0.913204	1.10566	1.127	1.11155	1.13328	1.12403	1.12561	1.10861	1.10936	1.10057	1.0975	1.10877	1.09781	1.14721	1.17692	1.14609	1.18254	1.14356	1.18301	1.09535	1.09691	1.09934	1.09566	1.09979	1.09697	1.08848	1.09066	1.09086	1.12556	1.09875	1.10322	1.0757	1.08156	1.07481	1.07553	1.07686	1.07303	1.12754	1.10212	1.10208	1.10221	1.09635	1.09985	0.991135	0.990076	1.00483	0.99519	0.992139	0.999534
ERR636910	0.972302	0.959525	0.960189	0.959081	0.974174	0.972781	0.78296	0.779894	0	0.801283	0.79313	0.791604	0.878231	0.891043	0.890413	0.889934	0.879015	0.881688	0.93588	0.938206	0.936885	0.927077	0.954157	0.934629	0.954202	0.9134	0.910098	0.917982	0.913307	0.913038	0.98035	0.97976	0.958621	0.979423	0.960942	0.967786	0.956035	0.978699	0.948392	0.978582	0.982376	0.981163	0.925776	0.909349	0.91667	0.917059	0.924599	0.916862	1.10801	1.12909	1.11379	1.13527	1.12605	1.12778	1.11097	1.11142	1.10271	1.09962	1.11099	1.10037	1.14946	1.17897	1.14817	1.18452	1.14558	1.18498	1.09735	1.0988	1.10137	1.09764	1.10173	1.09918	1.0907	1.093	1.09327	1.12757	1.10093	1.10564	1.07828	1.08355	1.07682	1.07804	1.07905	1.07547	1.12949	1.10433	1.10421	1.10448	1.09861	1.10211	0.994634	0.99328	1.00788	0.998249	0.995118	1.00247
ERR636907	0.989392	0.977108	0.977557	0.976633	0.99068	0.98951	0.801019	0.79843	0.801283	0	0.803994	0.803362	0.896465	0.907889	0.907769	0.907341	0.897806	0.899848	0.952624	0.954881	0.953856	0.944509	0.970512	0.951575	0.970009	0.932044	0.928868	0.935918	0.931807	0.931518	0.99702	0.996642	0.976943	0.99626	0.978749	0.985587	0.972632	0.994055	0.965366	0.993675	0.997495	0.996333	0.942294	0.927621	0.934067	0.934664	0.941297	0.934446	1.11985	1.13977	1.12542	1.14592	1.13683	1.13818	1.12293	1.12404	1.11561	1.11233	1.12326	1.11321	1.15831	1.18545	1.15671	1.19081	1.15441	1.19131	1.11073	1.11158	1.1145	1.11084	1.11481	1.11226	1.10332	1.10553	1.10557	1.13846	1.11309	1.11719	1.09204	1.09752	1.09101	1.09204	1.0933	1.08951	1.14133	1.11721	1.117	1.11722	1.11165	1.11486	1.01275	1.01106	1.02492	1.01609	1.0132	1.01946
ERR636908	0.977672	0.964007	0.964506	0.963068	0.978731	0.977118	0.791795	0.78949	0.79313	0.803994	0	0.794904	0.882756	0.894979	0.895256	0.89569	0.883831	0.886949	0.940886	0.942894	0.942015	0.932392	0.960434	0.939486	0.962544	0.920407	0.916256	0.924934	0.920013	0.920088	0.984935	0.983968	0.964573	0.983672	0.965743	0.97329	0.961937	0.984121	0.953418	0.983539	0.987349	0.985951	0.930157	0.913775	0.921436	0.921326	0.928928	0.921928	1.11038	1.13089	1.11626	1.13772	1.12791	1.12947	1.11374	1.11498	1.10654	1.10284	1.114	1.10368	1.14819	1.17483	1.14654	1.1807	1.14421	1.18129	1.10128	1.10244	1.10534	1.10127	1.10586	1.10281	1.09313	1.09512	1.09552	1.1309	1.10254	1.10777	1.08196	1.08767	1.08095	1.08176	1.08334	1.07904	1.13419	1.10808	1.10784	1.10818	1.10212	1.1058	1.00158	0.999597	1.01429	1.00555	1.00198	1.00889
ERR636909	0.977407	0.964571	0.965456	0.964269	0.978965	0.977832	0.790618	0.787967	0.791604	0.803362	0.794904	0	0.883743	0.895952	0.895961	0.895556	0.884878	0.887595	0.941211	0.943339	0.942104	0.932506	0.959112	0.940033	0.959224	0.919114	0.915885	0.923519	0.919095	0.91862	0.985519	0.98518	0.964202	0.984321	0.966528	0.973362	0.960636	0.983214	0.953525	0.983367	0.986889	0.985654	0.930688	0.914829	0.921847	0.922447	0.929653	0.922582	1.11097	1.13165	1.11652	1.13769	1.12874	1.13015	1.11372	1.11448	1.10595	1.10288	1.11395	1.1035	1.15102	1.18002	1.14963	1.18575	1.14733	1.18615	1.10065	1.10208	1.1045	1.10098	1.10492	1.10246	1.09372	1.09598	1.09604	1.13036	1.10393	1.10828	1.08202	1.0874	1.08064	1.08151	1.08287	1.07907	1.1326	1.10771	1.10742	1.10775	1.10207	1.10528	0.999865	0.998102	1.01276	1.00315	1.00019	1.00697
ERR617527	0.926391	0.905291	0.905846	0.904226	0.922996	0.92101	0.876471	0.873156	0.878231	0.896465	0.882756	0.883743	0	0.752342	0.751565	0.756768	0.73194	0.740605	0.896513	0.898648	0.897651	0.885807	0.925026	0.896652	0.929495	0.876509	0.868678	0.881395	0.873173	0.875313	0.933438	0.930385	0.912753	0.929739	0.911192	0.921852	0.906204	0.930055	0.89492	0.929258	0.932719	0.931281	0.896412	0.877927	0.887316	0.886121	0.895544	0.88745	1.06403	1.08635	1.07225	1.09521	1.08294	1.08513	1.0752	1.07855	1.06935	1.0628	1.07537	1.06354	1.09685	1.11589	1.09555	1.12425	1.09278	1.12421	1.05463	1.05501	1.0577	1.05323	1.05912	1.05544	1.05105	1.0531	1.05325	1.09505	1.06019	1.06691	1.05489	1.0623	1.05421	1.0548	1.05782	1.0524	1.10984	1.07922	1.07898	1.07886	1.0718	1.07725	0.981747	0.979512	0.996959	0.988227	0.981938	0.991764
ERR617525	0.939306	0.920258	0.920861	0.919165	0.93644	0.934791	0.889578	0.886468	0.891043	0.907889	0.894979	0.895952	0.752342	0	0.765426	0.769971	0.75389	0.760833	0.910121	0.911932	0.911573	0.900534	0.936822	0.910464	0.939326	0.889772	0.88324	0.894598	0.886982	0.88867	0.946057	0.943339	0.926719	0.943022	0.925609	0.935241	0.920299	0.94319	0.909977	0.941875	0.945383	0.944125	0.909748	0.892092	0.900532	0.89993	0.908311	0.900966	1.07426	1.09543	1.08197	1.10351	1.09208	1.09403	1.08457	1.08819	1.07925	1.07311	1.08497	1.07429	1.1064	1.12568	1.10556	1.13303	1.10274	1.13297	1.06594	1.06657	1.06937	1.06509	1.07059	1.06691	1.0619	1.06347	1.06376	1.10321	1.07066	1.07678	1.06575	1.07263	1.0652	1.06552	1.06835	1.06344	1.11762	1.08855	1.08855	1.08863	1.08188	1.08677	0.994787	0.992814	1.00954	1.00133	0.995071	1.00407
ERR617524	0.939218	0.91995	0.920578	0.919119	0.936274	0.934895	0.889075	0.885892	0.890413	0.907769	0.895256	0.895961	0.751565	0.765426	0	0.770105	0.753221	0.76044	0.909267	0.911226	0.910975	0.899544	0.93617	0.909509	0.938566	0.889166	0.882451	0.893913	0.886148	0.887991	0.94629	0.943505	0.926733	0.942957	0.92587	0.935427	0.91925	0.942007	0.909062	0.940731	0.944723	0.942876	0.909306	0.891618	0.900244	0.899539	0.908142	0.900644	1.07436	1.09557	1.08205	1.10353	1.09227	1.09413	1.08466	1.08788	1.07896	1.07292	1.08472	1.07377	1.10651	1.12592	1.10547	1.13353	1.10298	1.13322	1.0656	1.06616	1.06866	1.06454	1.0697	1.06634	1.062	1.06369	1.06403	1.10298	1.07043	1.07671	1.06571	1.07266	1.06504	1.06543	1.0686	1.06354	1.11739	1.08864	1.08836	1.08841	1.08176	1.08669	0.994712	0.992662	1.00942	1.00111	0.994771	1.004
ERR617523	0.940098	0.923858	0.924475	0.92325	0.939147	0.9374	0.888647	0.885168	0.889934	0.907341	0.89569	0.895556	0.756768	0.769971	0.770105	0	0.758969	0.764002	0.911587	0.913453	0.912989	0.90158	0.935449	0.9111	0.936016	0.889304	0.883738	0.893513	0.886791	0.888437	0.94912	0.947473	0.929165	0.947348	0.929522	0.937962	0.918476	0.941564	0.909619	0.940715	0.944467	0.942738	0.911363	0.894582	0.902232	0.902476	0.910769	0.903114	1.07727	1.09812	1.08417	1.10532	1.09528	1.09703	1.0863	1.08843	1.08011	1.0754	1.08669	1.07587	1.11175	1.13607	1.11098	1.14263	1.10842	1.14215	1.06552	1.06642	1.06866	1.06496	1.06964	1.06678	1.06519	1.06717	1.06756	1.1044	1.07437	1.07984	1.06723	1.07334	1.06657	1.06696	1.06914	1.06481	1.1168	1.08987	1.08954	1.08978	1.08388	1.08773	0.994242	0.992315	1.00899	0.999527	0.994623	1.00319
ERR617526	0.927413	0.906306	0.906972	0.905391	0.924011	0.922412	0.877864	0.87385	0.879015	0.897806	0.883831	0.884878	0.73194	0.75389	0.753221	0.758969	0	0.742178	0.898191	0.900071	0.89921	0.887344	0.926552	0.897985	0.930395	0.877814	0.870341	0.88269	0.874704	0.876431	0.934489	0.931155	0.913784	0.930642	0.912345	0.922807	0.907912	0.931796	0.896769	0.930645	0.934717	0.932735	0.897866	0.879146	0.888621	0.887403	0.896546	0.88881	1.06507	1.08714	1.07342	1.096	1.0838	1.08607	1.076	1.07944	1.07019	1.0638	1.07618	1.06458	1.0982	1.11772	1.097	1.12575	1.09434	1.1259	1.05553	1.05627	1.05891	1.05433	1.06001	1.05646	1.0519	1.05408	1.05413	1.09579	1.06114	1.06788	1.05587	1.06326	1.05508	1.05558	1.05874	1.0532	1.11044	1.0798	1.07989	1.0798	1.07312	1.07819	0.982864	0.980626	0.998346	0.989514	0.982858	0.992705
ERR617528	0.932151	0.913747	0.914672	0.912687	0.930094	0.928325	0.880038	0.876614	0.881688	0.899848	0.886949	0.887595	0.740605	0.760833	0.76044	0.764002	0.742178	0	0.902653	0.904759	0.904029	0.891878	0.928373	0.90232	0.930069	0.880769	0.874502	0.885511	0.877952	0.879598	0.940521	0.938335	0.919493	0.93818	0.919451	0.928965	0.910221	0.934014	0.900603	0.932793	0.936579	0.935068	0.90289	0.884893	0.893272	0.892896	0.901611	0.893547	1.07052	1.09238	1.0782	1.1001	1.08887	1.09115	1.08049	1.08327	1.07392	1.06875	1.08058	1.06954	1.1046	1.12754	1.1036	1.13459	1.10081	1.13445	1.05914	1.05984	1.06222	1.05831	1.0634	1.05999	1.0581	1.05989	1.06033	1.09895	1.06728	1.07333	1.06046	1.06717	1.05989	1.06025	1.06277	1.05811	1.11253	1.08415	1.08413	1.08417	1.07764	1.08213	0.986658	0.984442	1.00188	0.992341	0.986786	0.996188
ERR613933	0.883601	0.866821	0.867767	0.866633	0.882826	0.881796	0.935037	0.932516	0.93588	0.952624	0.940886	0.941211	0.896513	0.910121	0.909267	0.911587	0.898191	0.902653	0	0.78614	0.785515	0.776988	0.816121	0.787263	0.899787	0.853165	0.847515	0.857658	0.851851	0.851908	0.89466	0.892995	0.875093	0.892259	0.874447	0.882313	0.849727	0.875	0.838992	0.874492	0.87856	0.876522	0.915417	0.89931	0.907236	0.906495	0.914241	0.907355	1.0776	1.09865	1.08461	1.10638	1.09551	1.09746	1.08296	1.08544	1.07644	1.07152	1.08337	1.07249	1.10832	1.13502	1.10744	1.14185	1.10436	1.14208	1.06887	1.06965	1.07236	1.06796	1.07342	1.06972	1.05915	1.06119	1.06133	1.10026	1.06872	1.07421	1.0482	1.05457	1.04674	1.04766	1.04978	1.0452	1.1042	1.07507	1.07516	1.07493	1.06862	1.07288	0.951973	0.951222	0.966701	0.957897	0.952129	0.961457
ERR613931	0.884556	0.866799	0.868316	0.867156	0.883108	0.882384	0.937369	0.93471	0.938206	0.954881	0.942894	0.943339	0.898648	0.911932	0.911226	0.913453	0.900071	0.904759	0.78614	0	0.785839	0.77682	0.816372	0.787723	0.901621	0.854814	0.849657	0.859921	0.853906	0.854002	0.895184	0.89354	0.875657	0.89297	0.87517	0.883035	0.85046	0.87559	0.839371	0.874566	0.878669	0.876964	0.916921	0.901074	0.908761	0.908385	0.915354	0.908952	1.07804	1.09893	1.08529	1.10697	1.09556	1.09791	1.08391	1.08616	1.07736	1.07253	1.0845	1.07297	1.10748	1.13419	1.1064	1.14099	1.10348	1.14126	1.06904	1.06968	1.07222	1.06815	1.07353	1.07006	1.05985	1.06158	1.06195	1.10089	1.06929	1.07459	1.04884	1.05556	1.04768	1.0486	1.05097	1.04606	1.10517	1.07595	1.07555	1.07584	1.06915	1.07372	0.95318	0.952119	0.967646	0.958841	0.953022	0.962103
ERR613932	0.883538	0.866032	0.867554	0.866753	0.882807	0.881392	0.936355	0.933612	0.936885	0.953856	0.942015	0.942104	0.897651	0.911573	0.910975	0.912989	0.89921	0.904029	0.785515	0.785839	0	0.776514	0.816027	0.786767	0.90057	0.853334	0.848365	0.858469	0.852482	0.852622	0.89423	0.893028	0.874988	0.891901	0.874425	0.88225	0.850398	0.875285	0.839093	0.874938	0.878751	0.876912	0.916624	0.900539	0.908176	0.907941	0.915116	0.90824	1.07769	1.09861	1.08487	1.10659	1.09537	1.09753	1.08295	1.08576	1.07675	1.0719	1.08372	1.07236	1.1077	1.13457	1.1068	1.14147	1.10382	1.14173	1.06901	1.06939	1.07238	1.06812	1.07326	1.06995	1.05879	1.06089	1.06124	1.10042	1.06882	1.07399	1.04807	1.05461	1.04716	1.04805	1.05001	1.0452	1.10426	1.07509	1.07445	1.07471	1.06842	1.07278	0.951947	0.951091	0.966401	0.957996	0.951888	0.961441
ERR613928	0.872695	0.854635	0.855811	0.854946	0.871865	0.870628	0.926316	0.923615	0.927077	0.944509	0.932392	0.932506	0.885807	0.900534	0.899544	0.90158	0.887344	0.891878	0.776988	0.77682	0.776514	0	0.802954	0.771707	0.892611	0.842293	0.836569	0.847797	0.841427	0.841493	0.886013	0.884606	0.864331	0.883679	0.864354	0.872858	0.838299	0.864909	0.826716	0.864442	0.868793	0.866888	0.906522	0.889714	0.897894	0.897692	0.905087	0.897981	1.06851	1.09067	1.07601	1.09861	1.0872	1.08947	1.07542	1.07768	1.06854	1.06356	1.0757	1.06436	1.09958	1.12864	1.09854	1.1358	1.09575	1.13614	1.05824	1.05899	1.06192	1.05759	1.06285	1.05907	1.05043	1.05266	1.05252	1.09325	1.06053	1.06599	1.04012	1.04701	1.03889	1.03974	1.04201	1.03701	1.09811	1.06806	1.06784	1.06788	1.06137	1.06597	0.941791	0.940608	0.957263	0.94796	0.941955	0.951673
ERR613930	0.905647	0.894442	0.895658	0.894789	0.907633	0.906281	0.953891	0.951359	0.954157	0.970512	0.960434	0.959112	0.925026	0.936822	0.93617	0.935449	0.926552	0.928373	0.816121	0.816372	0.816027	0.802954	0	0.810773	0.909851	0.873798	0.871103	0.877498	0.873782	0.87356	0.916518	0.916858	0.898097	0.915865	0.899856	0.904657	0.869786	0.892974	0.863255	0.892581	0.897481	0.895417	0.937102	0.923853	0.929785	0.930608	0.936487	0.930115	1.09778	1.11702	1.10333	1.1231	1.11422	1.11609	1.09995	1.10088	1.09238	1.08962	1.10029	1.09011	1.13092	1.16373	1.13062	1.16855	1.12765	1.16847	1.08563	1.08634	1.08867	1.08569	1.08917	1.08668	1.07912	1.08137	1.08165	1.11462	1.08911	1.09283	1.06455	1.06956	1.06295	1.06412	1.06529	1.06206	1.11443	1.08991	1.08983	1.08998	1.08501	1.08796	0.969391	0.968941	0.982051	0.972875	0.969777	0.977136
ERR613929	0.881764	0.865295	0.866338	0.865871	0.881807	0.880217	0.933468	0.931152	0.934629	0.951575	0.939486	0.940033	0.896652	0.910464	0.909509	0.9111	0.897985	0.90232	0.787263	0.787723	0.786767	0.771707	0.810773	0	0.897275	0.85082	0.84579	0.855445	0.850208	0.849835	0.893714	0.892927	0.873681	0.891976	0.87357	0.881198	0.846972	0.872503	0.836315	0.871888	0.876174	0.874326	0.914605	0.898679	0.906367	0.906539	0.913632	0.906401	1.07676	1.09814	1.08377	1.10563	1.09489	1.09685	1.08195	1.08426	1.07503	1.07077	1.08218	1.07115	1.10855	1.13765	1.10772	1.14399	1.10473	1.14412	1.06616	1.06696	1.06978	1.06549	1.07053	1.06738	1.05824	1.06045	1.06066	1.09893	1.06829	1.07352	1.04693	1.05294	1.04556	1.04662	1.04829	1.04371	1.10267	1.07384	1.07383	1.07406	1.06771	1.07189	0.949431	0.948451	0.964316	0.954973	0.949588	0.95876
ERR608197	0.940611	0.934767	0.936299	0.935303	0.94559	0.944243	0.953017	0.951006	0.954202	0.970009	0.962544	0.959224	0.929495	0.939326	0.938566	0.936016	0.930395	0.930069	0.899787	0.901621	0.90057	0.892611	0.909851	0.897275	0	0.813216	0.809044	0.812776	0.813661	0.812734	0.952597	0.954093	0.932493	0.953532	0.937123	0.939813	0.918341	0.939044	0.913646	0.939446	0.943138	0.942169	0.950366	0.93944	0.943305	0.944767	0.95014	0.942884	1.11265	1.13181	1.1169	1.13607	1.12926	1.1306	1.11075	1.11048	1.10216	1.10116	1.1112	1.10174	1.16283	1.19487	1.16204	1.19818	1.15982	1.19823	1.10553	1.10689	1.10885	1.106	1.1091	1.10724	1.09517	1.09704	1.09726	1.12435	1.10511	1.10799	1.08125	1.08566	1.07986	1.08069	1.08082	1.07839	1.12286	1.10361	1.10333	1.10364	1.09898	1.10087	0.991358	0.991284	1.00344	0.993097	0.992023	0.998203
ERR608201	0.89566	0.882165	0.883895	0.882385	0.897567	0.896047	0.912995	0.909558	0.9134	0.932044	0.920407	0.919114	0.876509	0.889772	0.889166	0.889304	0.877814	0.880769	0.853165	0.854814	0.853334	0.842293	0.873798	0.85082	0.813216	0	0.750987	0.761986	0.752986	0.752008	0.907984	0.907768	0.884853	0.906974	0.887487	0.894212	0.875768	0.901042	0.866464	0.900809	0.904677	0.903354	0.905003	0.889302	0.896547	0.89692	0.904278	0.89673	1.07386	1.09608	1.08015	1.10296	1.09284	1.09486	1.07584	1.07736	1.06768	1.06414	1.07624	1.06483	1.12138	1.15109	1.12008	1.15656	1.11753	1.15698	1.06862	1.07032	1.07304	1.06898	1.07351	1.07072	1.05338	1.05585	1.05618	1.09382	1.06433	1.06927	1.0442	1.05072	1.04256	1.0438	1.04526	1.04106	1.09797	1.07046	1.0703	1.0708	1.06441	1.068	0.949999	0.948458	0.964735	0.954207	0.950249	0.958928
ERR608199	0.890707	0.875071	0.876807	0.874917	0.891267	0.889756	0.909053	0.905805	0.910098	0.928868	0.916256	0.915885	0.868678	0.88324	0.882451	0.883738	0.870341	0.874502	0.847515	0.849657	0.848365	0.836569	0.871103	0.84579	0.809044	0.750987	0	0.753935	0.749687	0.749407	0.901903	0.901376	0.879106	0.900351	0.880411	0.88807	0.871821	0.897387	0.861275	0.897001	0.900916	0.899137	0.899785	0.883149	0.890969	0.891253	0.899186	0.8916	1.06785	1.09043	1.07476	1.09809	1.0871	1.08916	1.07063	1.07236	1.0629	1.05825	1.07103	1.05934	1.11552	1.14257	1.11369	1.14866	1.1113	1.14938	1.06428	1.06559	1.06842	1.06412	1.0694	1.06591	1.0474	1.04955	1.04988	1.08962	1.05772	1.06336	1.03927	1.04593	1.03782	1.03899	1.04073	1.03619	1.09518	1.06633	1.06581	1.06596	1.05937	1.06377	0.945903	0.943954	0.960848	0.950427	0.945967	0.955285
ERR608198	0.900446	0.887465	0.889205	0.887819	0.902293	0.900806	0.916858	0.913904	0.917982	0.935918	0.924934	0.923519	0.881395	0.894598	0.893913	0.893513	0.88269	0.885511	0.857658	0.859921	0.858469	0.847797	0.877498	0.855445	0.812776	0.761986	0.753935	0	0.761436	0.761006	0.912032	0.9121	0.889518	0.911444	0.891882	0.898514	0.88	0.904903	0.871158	0.904201	0.908625	0.907046	0.909633	0.894699	0.901137	0.901851	0.909197	0.901429	1.07786	1.09985	1.08422	1.10617	1.09648	1.0985	1.07926	1.0804	1.0712	1.06767	1.07975	1.06852	1.12693	1.15579	1.1256	1.16127	1.1232	1.16164	1.07333	1.07457	1.07726	1.07313	1.07802	1.07494	1.05817	1.06052	1.06073	1.09664	1.06883	1.07352	1.04805	1.05402	1.04675	1.04778	1.04902	1.04511	1.10013	1.07352	1.0734	1.07396	1.06768	1.07123	0.954629	0.953265	0.968868	0.958389	0.954884	0.963273
ERR608200	0.894699	0.880511	0.881664	0.880758	0.89638	0.894622	0.912248	0.909239	0.913307	0.931807	0.920013	0.919095	0.873173	0.886982	0.886148	0.886791	0.874704	0.877952	0.851851	0.853906	0.852482	0.841427	0.873782	0.850208	0.813661	0.752986	0.749687	0.761436	0	0.751533	0.906315	0.905778	0.883266	0.904891	0.885538	0.892837	0.875251	0.900448	0.865411	0.900058	0.904481	0.902479	0.903965	0.888179	0.895778	0.895975	0.903607	0.896057	1.07258	1.09501	1.07933	1.10197	1.09171	1.09387	1.07468	1.07633	1.06715	1.063	1.07508	1.06369	1.12054	1.14793	1.11911	1.15363	1.11674	1.15419	1.06938	1.07037	1.07319	1.06899	1.07424	1.07094	1.05236	1.05476	1.05486	1.09326	1.06298	1.06818	1.04396	1.05065	1.04255	1.04347	1.0453	1.04101	1.09832	1.07017	1.06982	1.07011	1.06358	1.0677	0.950432	0.949104	0.965299	0.954594	0.950818	0.959805
ERR608202	0.895149	0.881069	0.883099	0.881798	0.897184	0.895385	0.912242	0.908817	0.913038	0.931518	0.920088	0.91862	0.875313	0.88867	0.887991	0.888437	0.876431	0.879598	0.851908	0.854002	0.852622	0.841493	0.87356	0.849835	0.812734	0.752008	0.749407	0.761006	0.751533	0	0.907083	0.907015	0.884082	0.906199	0.88615	0.893416	0.875062	0.900647	0.865608	0.900057	0.904224	0.902415	0.904095	0.888076	0.895603	0.896176	0.903863	0.895983	1.07308	1.0951	1.07934	1.10215	1.09185	1.09393	1.07481	1.0764	1.06682	1.0632	1.07549	1.06417	1.12055	1.1496	1.11883	1.15515	1.11648	1.1554	1.06816	1.06981	1.07236	1.06839	1.07339	1.07014	1.05268	1.05488	1.05499	1.09311	1.06355	1.06844	1.04344	1.0499	1.04205	1.04312	1.04456	1.04031	1.09762	1.06996	1.0698	1.06975	1.06374	1.06754	0.949684	0.948315	0.964496	0.953823	0.949866	0.958834
ERR608374	0.891441	0.873148	0.87386	0.873158	0.888196	0.887718	0.980342	0.977532	0.98035	0.99702	0.984935	0.985519	0.933438	0.946057	0.94629	0.94912	0.934489	0.940521	0.89466	0.895184	0.89423	0.886013	0.916518	0.893714	0.952597	0.907984	0.901903	0.912032	0.906315	0.907083	0	0.822576	0.807403	0.821586	0.805099	0.81464	0.921729	0.941862	0.910806	0.941343	0.943652	0.942187	0.949904	0.934037	0.941219	0.941519	0.947802	0.941976	1.06664	1.0875	1.07436	1.09646	1.08393	1.08592	1.0744	1.07767	1.06885	1.06268	1.07487	1.06351	1.11723	1.13183	1.11503	1.13801	1.1128	1.13877	1.07365	1.07428	1.0776	1.07254	1.07902	1.07477	1.05023	1.05193	1.05164	1.09294	1.05905	1.06528	1.04069	1.04776	1.0394	1.04025	1.04291	1.03774	1.09572	1.06441	1.06399	1.06414	1.05719	1.06205	0.964774	0.963601	0.978263	0.970796	0.964987	0.973371
ERR608375	0.890184	0.869996	0.870992	0.8699	0.886041	0.885101	0.979857	0.976848	0.97976	0.996642	0.983968	0.98518	0.930385	0.943339	0.943505	0.947473	0.931155	0.938335	0.892995	0.89354	0.893028	0.884606	0.916858	0.892927	0.954093	0.907768	0.901376	0.9121	0.905778	0.907015	0.822576	0	0.805241	0.817907	0.801836	0.812776	0.92131	0.941649	0.90983	0.940494	0.943483	0.941609	0.948277	0.932252	0.93997	0.939316	0.946479	0.940133	1.06408	1.08543	1.07208	1.0947	1.08158	1.08357	1.07237	1.07608	1.06724	1.06032	1.07279	1.06104	1.11398	1.12685	1.11185	1.13353	1.10978	1.13456	1.07231	1.07276	1.07625	1.07076	1.07785	1.07301	1.04754	1.04915	1.04932	1.09192	1.05592	1.06276	1.03883	1.04604	1.03784	1.03865	1.04161	1.03604	1.09536	1.06289	1.06263	1.06278	1.05536	1.06076	0.964387	0.963265	0.977964	0.970572	0.964191	0.972983
ERR608373	0.869873	0.851957	0.852828	0.851776	0.868983	0.867275	0.958578	0.955399	0.958621	0.976943	0.964573	0.964202	0.912753	0.926719	0.926733	0.929165	0.913784	0.919493	0.875093	0.875657	0.874988	0.864331	0.898097	0.873681	0.932493	0.884853	0.879106	0.889518	0.883266	0.884082	0.807403	0.805241	0	0.804345	0.778067	0.788986	0.900776	0.924615	0.890145	0.923929	0.92739	0.925535	0.930569	0.91255	0.9203	0.921206	0.928401	0.921495	1.05004	1.07305	1.05753	1.08167	1.06939	1.07125	1.05886	1.06166	1.05224	1.04664	1.05954	1.04721	1.10629	1.12769	1.1043	1.1338	1.10182	1.13472	1.05455	1.0557	1.05862	1.05388	1.05974	1.05592	1.03404	1.03605	1.03605	1.07847	1.0439	1.05017	1.0231	1.03019	1.02188	1.02284	1.0247	1.01967	1.08075	1.04866	1.04874	1.04875	1.04186	1.04647	0.941858	0.940749	0.957193	0.94703	0.941833	0.95122
ERR608376	0.889835	0.869015	0.869867	0.868739	0.885502	0.884326	0.979668	0.976443	0.979423	0.99626	0.983672	0.984321	0.929739	0.943022	0.942957	0.947348	0.930642	0.93818	0.892259	0.89297	0.891901	0.883679	0.915865	0.891976	0.953532	0.906974	0.900351	0.911444	0.904891	0.906199	0.821586	0.817907	0.804345	0	0.800967	0.811661	0.920887	0.940703	0.908699	0.940127	0.94249	0.940813	0.947879	0.931731	0.939328	0.938898	0.945933	0.939521	1.06354	1.08476	1.0718	1.09419	1.08112	1.08316	1.07233	1.0759	1.06729	1.06035	1.07259	1.06089	1.11335	1.12586	1.11118	1.13265	1.10911	1.13352	1.07186	1.0725	1.07587	1.07035	1.07737	1.07282	1.04715	1.04884	1.04883	1.09179	1.05568	1.06234	1.0386	1.04574	1.03746	1.03833	1.04076	1.03548	1.09495	1.06268	1.06244	1.06239	1.05528	1.06065	0.964303	0.962945	0.977398	0.97031	0.963978	0.97299
ERR608372	0.870743	0.849663	0.85083	0.849378	0.867459	0.866629	0.960938	0.957747	0.960942	0.978749	0.965743	0.966528	0.911192	0.925609	0.92587	0.929522	0.912345	0.919451	0.874447	0.87517	0.874425	0.864354	0.899856	0.87357	0.937123	0.887487	0.880411	0.891882	0.885538	0.88615	0.805099	0.801836	0.778067	0.800967	0	0.787995	0.90262	0.925539	0.890323	0.925122	0.928079	0.926078	0.930364	0.912668	0.920723	0.920588	0.928374	0.921462	1.04911	1.072	1.0572	1.0814	1.06795	1.07013	1.05903	1.06284	1.05341	1.04646	1.05958	1.04727	1.10177	1.11888	1.09959	1.12576	1.09717	1.12665	1.05584	1.05679	1.06018	1.05476	1.06177	1.05725	1.03308	1.03484	1.03488	1.07938	1.04231	1.04936	1.02389	1.03144	1.02315	1.02367	1.02621	1.02085	1.08332	1.04994	1.04957	1.04972	1.0422	1.04735	0.944709	0.943501	0.959759	0.950837	0.944594	0.954366
ERR608371	0.878663	0.860076	0.860989	0.860286	0.876372	0.875258	0.967707	0.964502	0.967786	0.985587	0.97329	0.973362	0.921852	0.935241	0.935427	0.937962	0.922807	0.928965	0.882313	0.883035	0.88225	0.872858	0.904657	0.881198	0.939813	0.894212	0.88807	0.898514	0.892837	0.893416	0.81464	0.812776	0.788986	0.811661	0.787995	0	0.909074	0.931127	0.898074	0.930692	0.933781	0.932018	0.938356	0.921814	0.929375	0.929715	0.937075	0.92973	1.05729	1.07902	1.06453	1.08807	1.07557	1.07768	1.06519	1.06804	1.05902	1.0532	1.06566	1.05394	1.11174	1.13054	1.10962	1.13669	1.10748	1.13729	1.06252	1.06347	1.06631	1.06163	1.06785	1.06378	1.04079	1.04257	1.04281	1.08416	1.05017	1.05654	1.02998	1.03712	1.02874	1.02967	1.03192	1.02703	1.08614	1.05464	1.05451	1.05471	1.04802	1.05225	0.950425	0.949514	0.964851	0.955983	0.950551	0.959333
ERR612555	0.90515	0.892308	0.89424	0.892725	0.907005	0.905578	0.955085	0.952395	0.956035	0.972632	0.961937	0.960636	0.906204	0.920299	0.91925	0.918476	0.907912	0.910221	0.849727	0.85046	0.850398	0.838299	0.869786	0.846972	0.918341	0.875768	0.871821	0.88	0.875251	0.875062	0.921729	0.92131	0.900776	0.920887	0.90262	0.909074	0	0.811362	0.773966	0.814113	0.820399	0.816524	0.912039	0.896132	0.902937	0.903927	0.910625	0.903832	1.0686	1.09098	1.07525	1.09741	1.08758	1.08964	1.08441	1.08559	1.07665	1.0737	1.08464	1.07429	1.09018	1.13048	1.09042	1.13674	1.08671	1.13544	1.04327	1.04388	1.0461	1.04339	1.04606	1.04415	1.06277	1.06445	1.06465	1.10054	1.07255	1.07716	1.05522	1.06108	1.0537	1.05494	1.05633	1.05249	1.10597	1.07991	1.07931	1.07963	1.07382	1.07727	0.964952	0.964052	0.97892	0.968898	0.965518	0.973377
ERR612554	0.928627	0.917479	0.918498	0.917438	0.929769	0.928485	0.978136	0.975601	0.978699	0.994055	0.984121	0.983214	0.930055	0.94319	0.942007	0.941564	0.931796	0.934014	0.875	0.87559	0.875285	0.864909	0.892974	0.872503	0.939044	0.901042	0.897387	0.904903	0.900448	0.900647	0.941862	0.941649	0.924615	0.940703	0.925539	0.931127	0.811362	0	0.805839	0.840348	0.845548	0.842493	0.934376	0.920294	0.926599	0.927043	0.932742	0.927068	1.08598	1.10648	1.09213	1.11252	1.10356	1.10555	1.10027	1.10155	1.09318	1.09036	1.10055	1.09099	1.10559	1.14209	1.10603	1.14757	1.10234	1.14648	1.06379	1.06436	1.06618	1.06364	1.06639	1.06444	1.08009	1.0814	1.08186	1.11529	1.08904	1.09332	1.07253	1.07782	1.07146	1.07254	1.07383	1.07011	1.11953	1.09492	1.0944	1.09494	1.08971	1.09293	0.988221	0.987562	1.00004	0.991997	0.988419	0.995378
ERR612553	0.895644	0.8797	0.881551	0.880011	0.895301	0.89404	0.947515	0.944676	0.948392	0.965366	0.953418	0.953525	0.89492	0.909977	0.909062	0.909619	0.896769	0.900603	0.838992	0.839371	0.839093	0.826716	0.863255	0.836315	0.913646	0.866464	0.861275	0.871158	0.865411	0.865608	0.910806	0.90983	0.890145	0.908699	0.890323	0.898074	0.773966	0.805839	0	0.808465	0.814326	0.810576	0.901768	0.884916	0.892802	0.8931	0.90065	0.893519	1.05975	1.08306	1.06737	1.0904	1.07965	1.08154	1.07735	1.0793	1.06986	1.06578	1.07761	1.06656	1.0813	1.11702	1.0812	1.12453	1.07779	1.12348	1.03933	1.0396	1.042	1.03882	1.0426	1.04007	1.05359	1.05564	1.05581	1.09446	1.06352	1.06871	1.04776	1.05443	1.04628	1.04739	1.04974	1.04497	1.1014	1.07302	1.07249	1.07276	1.06645	1.07068	0.958378	0.957028	0.972435	0.963431	0.958435	0.966868
ERR612557	0.928122	0.916088	0.917499	0.916341	0.929272	0.92785	0.978016	0.975546	0.978582	0.993675	0.983539	0.983367	0.929258	0.941875	0.940731	0.940715	0.930645	0.932793	0.874492	0.874566	0.874938	0.864442	0.892581	0.871888	0.939446	0.900809	0.897001	0.904201	0.900058	0.900057	0.941343	0.940494	0.923929	0.940127	0.925122	0.930692	0.814113	0.840348	0.808465	0	0.841832	0.838899	0.932654	0.918276	0.924893	0.925386	0.931231	0.925399	1.08473	1.10517	1.0909	1.11169	1.10215	1.10374	1.09967	1.10114	1.09277	1.08937	1.10005	1.09023	1.10335	1.13835	1.10371	1.14433	1.10005	1.14314	1.06442	1.06479	1.06664	1.0641	1.06706	1.065	1.07884	1.0805	1.08093	1.11475	1.08778	1.09212	1.07199	1.07786	1.07105	1.07177	1.07349	1.06978	1.11982	1.095	1.0944	1.09453	1.08928	1.09297	0.988542	0.987704	1.00074	0.992779	0.989049	0.995851
ERR612558	0.931764	0.919436	0.920556	0.919741	0.931948	0.930238	0.981693	0.979182	0.982376	0.997495	0.987349	0.986889	0.932719	0.945383	0.944723	0.944467	0.934717	0.936579	0.87856	0.878669	0.878751	0.868793	0.897481	0.876174	0.943138	0.904677	0.900916	0.908625	0.904481	0.904224	0.943652	0.943483	0.92739	0.94249	0.928079	0.933781	0.820399	0.845548	0.814326	0.841832	0	0.843511	0.936577	0.922498	0.929145	0.929435	0.935328	0.929543	1.08718	1.10731	1.09381	1.11389	1.10468	1.10591	1.10177	1.10362	1.09517	1.09201	1.10213	1.09248	1.10505	1.13851	1.10508	1.14445	1.10187	1.14352	1.06738	1.06766	1.06965	1.06711	1.07025	1.06811	1.08119	1.08273	1.08326	1.11727	1.0901	1.09467	1.07494	1.08052	1.07377	1.0747	1.07608	1.07243	1.12209	1.09697	1.09665	1.09684	1.09151	1.09499	0.991869	0.990689	1.00367	0.996262	0.992134	0.998881
ERR612556	0.929254	0.917112	0.918335	0.916963	0.929689	0.928276	0.980545	0.978129	0.981163	0.996333	0.985951	0.985654	0.931281	0.944125	0.942876	0.942738	0.932735	0.935068	0.876522	0.876964	0.876912	0.866888	0.895417	0.874326	0.942169	0.903354	0.899137	0.907046	0.902479	0.902415	0.942187	0.941609	0.925535	0.940813	0.926078	0.932018	0.816524	0.842493	0.810576	0.838899	0.843511	0	0.935291	0.921142	0.927377	0.928058	0.933663	0.927977	1.08522	1.10551	1.09171	1.1122	1.10269	1.10439	1.10028	1.10186	1.09353	1.09029	1.10066	1.09109	1.10288	1.13737	1.10319	1.14331	1.09971	1.14204	1.0649	1.06509	1.06706	1.06413	1.06739	1.06513	1.0791	1.08097	1.08115	1.11546	1.08831	1.09285	1.07293	1.07854	1.072	1.07277	1.07439	1.07072	1.12061	1.09544	1.09498	1.09522	1.08998	1.09347	0.990083	0.988886	1.00189	0.994385	0.990477	0.997223
ERR621996	0.944626	0.928134	0.928296	0.927502	0.94327	0.94198	0.925352	0.921972	0.925776	0.942294	0.930157	0.930688	0.896412	0.909748	0.909306	0.911363	0.897866	0.90289	0.915417	0.916921	0.916624	0.906522	0.937102	0.914605	0.950366	0.905003	0.899785	0.909633	0.903965	0.904095	0.949904	0.948277	0.930569	0.947879	0.930364	0.938356	0.912039	0.934376	0.901768	0.932654	0.936577	0.935291	0	0.786	0.79564	0.791812	0.800712	0.795762	1.01141	1.03449	1.01915	1.04349	1.03134	1.03288	1.03979	1.04269	1.033	1.02779	1.04047	1.02857	1.05248	1.08038	1.05028	1.08692	1.04812	1.0874	1.02843	1.02888	1.03246	1.02734	1.03368	1.02951	1.00981	1.0119	1.01202	1.05251	1.0198	1.02592	1.00651	1.01337	1.00507	1.00588	1.00908	1.00334	1.05668	1.02653	1.02633	1.02618	1.01954	1.02453	0.955003	0.953139	0.969198	0.960943	0.95531	0.963842
ERR621991	0.927375	0.909277	0.909764	0.908541	0.925923	0.924268	0.909527	0.905512	0.909349	0.927621	0.913775	0.914829	0.877927	0.892092	0.891618	0.894582	0.879146	0.884893	0.89931	0.901074	0.900539	0.889714	0.923853	0.898679	0.93944	0.889302	0.883149	0.894699	0.888179	0.888076	0.934037	0.932252	0.91255	0.931731	0.912668	0.921814	0.896132	0.920294	0.884916	0.918276	0.922498	0.921142	0.786	0	0.772235	0.773373	0.783581	0.772496	0.995298	1.01975	1.00352	1.02974	1.01594	1.01798	1.0259	1.02916	1.01903	1.0134	1.02685	1.01397	1.03702	1.0664	1.03461	1.07318	1.0321	1.07418	1.01271	1.01358	1.01735	1.01189	1.01837	1.01426	0.993804	0.996054	0.996331	1.04061	1.00457	1.01115	0.991586	0.999469	0.99064	0.991749	0.99477	0.988496	1.04644	1.01359	1.01327	1.01326	1.0064	1.01178	0.937782	0.935487	0.952984	0.944682	0.938249	0.947331
ERR621992	0.934797	0.91879	0.918862	0.918005	0.933931	0.932705	0.91653	0.912699	0.91667	0.934067	0.921436	0.921847	0.887316	0.900532	0.900244	0.902232	0.888621	0.893272	0.907236	0.908761	0.908176	0.897894	0.929785	0.906367	0.943305	0.896547	0.890969	0.901137	0.895778	0.895603	0.941219	0.93997	0.9203	0.939328	0.920723	0.929375	0.902937	0.926599	0.892802	0.924893	0.929145	0.927377	0.79564	0.772235	0	0.784586	0.793688	0.782582	1.00325	1.02713	1.0108	1.03623	1.02352	1.02542	1.03224	1.0352	1.02522	1.02006	1.03319	1.02065	1.04633	1.07707	1.04393	1.08323	1.04182	1.08388	1.0202	1.02061	1.0244	1.01946	1.02546	1.02142	1.00149	1.00372	1.00397	1.04574	1.01221	1.01797	0.99854	1.00577	0.99729	0.998301	1.00119	0.99525	1.05058	1.01929	1.01891	1.01903	1.0125	1.01733	0.944956	0.942797	0.959823	0.950776	0.945243	0.953833
ERR621994	0.935611	0.917905	0.918485	0.917342	0.933606	0.932649	0.91681	0.913473	0.917059	0.934664	0.921326	0.922447	0.886121	0.89993	0.899539	0.902476	0.887403	0.892896	0.906495	0.908385	0.907941	0.897692	0.930608	0.906539	0.944767	0.89692	0.891253	0.901851	0.895975	0.896176	0.941519	0.939316	0.921206	0.938898	0.920588	0.929715	0.903927	0.927043	0.8931	0.925386	0.929435	0.928058	0.791812	0.773373	0.784586	0	0.790273	0.783931	1.00327	1.02703	1.01139	1.03688	1.02335	1.02544	1.03288	1.0363	1.02627	1.02048	1.03381	1.02132	1.04445	1.0709	1.04223	1.07829	1.03974	1.07885	1.0211	1.02155	1.02511	1.01979	1.02656	1.02208	1.00136	1.00359	1.00372	1.0464	1.01193	1.0179	0.998981	1.00666	0.997634	0.99823	1.00145	0.995478	1.05131	1.01938	1.01902	1.01891	1.01238	1.01728	0.9462	0.944577	0.961185	0.953359	0.946734	0.955809
ERR621995	0.942868	0.926389	0.926253	0.925221	0.941457	0.940211	0.924221	0.920709	0.924599	0.941297	0.928928	0.929653	0.895544	0.908311	0.908142	0.910769	0.896546	0.901611	0.914241	0.915354	0.915116	0.905087	0.936487	0.913632	0.95014	0.904278	0.899186	0.909197	0.903607	0.903863	0.947802	0.946479	0.928401	0.945933	0.928374	0.937075	0.910625	0.932742	0.90065	0.931231	0.935328	0.933663	0.800712	0.783581	0.793688	0.790273	0	0.793426	1.01004	1.03289	1.01781	1.04243	1.02968	1.03157	1.03852	1.0419	1.03216	1.02674	1.03955	1.02725	1.051	1.07854	1.04856	1.08526	1.04647	1.08575	1.0273	1.0278	1.0314	1.02641	1.03261	1.02854	1.00782	1.01043	1.01048	1.05151	1.01851	1.02404	1.00519	1.0125	1.00406	1.00499	1.00799	1.00208	1.05611	1.02551	1.02507	1.02503	1.01863	1.02345	0.953629	0.951464	0.967759	0.959802	0.95367	0.962268
