	ERR607419	ERR607416	ERR607415	ERR607417	ERR607418	ERR607420	ERR618388	ERR618390	ERR618391	ERR618387	ERR618392	ERR618389	ERR629916	ERR629917	ERR629921	ERR629920	ERR629919	ERR629918	ERR608081	ERR608084	ERR608083	ERR608085	ERR608086	ERR608082	ERR617515	ERR617512	ERR617514	ERR617511	ERR617516	ERR617513	ERR608758	ERR608757	ERR608760	ERR608762	ERR608761	ERR608759	ERR636697	ERR636702	ERR636699	ERR636700	ERR636701	ERR636698	ERR617026	ERR617023	ERR617022	ERR617024	ERR617025	ERR617021	ERR608855	ERR608856	ERR608857	ERR608853	ERR608854	ERR608858	ERR631064	ERR631063	ERR631062	ERR631066	ERR631065	ERR631067	ERR618293	ERR618292	ERR618295	ERR618296	ERR618291	ERR618294	ERR606652	ERR606653	ERR606651	ERR606648	ERR606649	ERR606650	ERR638212	ERR638208	ERR638211	ERR638209	ERR638210	ERR638207	ERR626607	ERR626603	ERR626606	ERR626602	ERR626605	ERR626604	ERR618440	ERR618437	ERR618435	ERR618436	ERR618439	ERR618438	ERR630311	ERR630308	ERR630310	ERR630313	ERR630312	ERR630309
ERR607419	9.15362e+09	7.64901e+09	7.49404e+09	7.54505e+09	8.93217e+09	8.88797e+09	7.15486e+09	6.30237e+09	6.85432e+09	7.32242e+09	6.40703e+09	7.16551e+09	7.31172e+09	6.54336e+09	6.39016e+09	6.29208e+09	6.41222e+09	7.21407e+09	7.74348e+09	7.23133e+09	8.07399e+09	7.32447e+09	7.36032e+09	8.1173e+09	6.4036e+09	5.73308e+09	6.30481e+09	5.66791e+09	6.07109e+09	5.75366e+09	6.62089e+09	5.51227e+09	7.24718e+09	6.68157e+09	7.38468e+09	7.16699e+09	7.88322e+09	7.55852e+09	8.30453e+09	7.64169e+09	7.5251e+09	8.39431e+09	6.47589e+09	7.22008e+09	7.0848e+09	6.48277e+09	6.39642e+09	6.87851e+09	7.95992e+09	7.68419e+09	7.6637e+09	5.88723e+09	7.63536e+09	7.68778e+09	8.69289e+09	8.27724e+09	8.49424e+09	8.15377e+09	8.06603e+09	7.84281e+09	6.87707e+09	6.6319e+09	6.60205e+09	6.46031e+09	6.69824e+09	6.75814e+09	8.77084e+09	8.58311e+09	7.82348e+09	5.53662e+09	8.86657e+09	8.66784e+09	7.18268e+09	6.79295e+09	7.96009e+09	6.68367e+09	7.92105e+09	6.66781e+09	6.44986e+09	6.70259e+09	6.47799e+09	7.30895e+09	6.38226e+09	5.83083e+09	8.01474e+09	7.73107e+09	8.18435e+09	7.25824e+09	7.94555e+09	7.79347e+09	8.72551e+09	8.88699e+09	8.03134e+09	8.44509e+09	8.7389e+09	8.28014e+09
ERR607416	7.64901e+09	6.87969e+09	6.54563e+09	6.58473e+09	7.68176e+09	7.64586e+09	6.18347e+09	5.49098e+09	5.9414e+09	6.3185e+09	5.57722e+09	6.19157e+09	6.38955e+09	5.76545e+09	5.63941e+09	5.55646e+09	5.6571e+09	6.31067e+09	6.68483e+09	6.2662e+09	6.95361e+09	6.34062e+09	6.36875e+09	6.98505e+09	5.59922e+09	5.04262e+09	5.51765e+09	4.99005e+09	5.32586e+09	5.06003e+09	5.78092e+09	4.85839e+09	6.29187e+09	5.83079e+09	6.40405e+09	6.22804e+09	6.79971e+09	6.53768e+09	7.14204e+09	6.60543e+09	6.51119e+09	7.21066e+09	5.64306e+09	6.24328e+09	6.13359e+09	5.6477e+09	5.57707e+09	5.97031e+09	6.91276e+09	6.69333e+09	6.67726e+09	5.20987e+09	6.65409e+09	6.69688e+09	7.48382e+09	7.15535e+09	7.33073e+09	7.06372e+09	6.99382e+09	6.81419e+09	6.01715e+09	5.81705e+09	5.7916e+09	5.67461e+09	5.87297e+09	5.91908e+09	7.55958e+09	7.41074e+09	6.80461e+09	4.9113e+09	7.63445e+09	7.47778e+09	6.27855e+09	5.95669e+09	6.91338e+09	5.86599e+09	6.88252e+09	5.85261e+09	5.6815e+09	5.89187e+09	5.70382e+09	6.38511e+09	5.62477e+09	5.16945e+09	6.9399e+09	6.71849e+09	7.07857e+09	6.33884e+09	6.88464e+09	6.76375e+09	7.51656e+09	7.64464e+09	6.95773e+09	7.29477e+09	7.52602e+09	7.16005e+09
ERR607415	7.49404e+09	6.54563e+09	6.62961e+09	6.46264e+09	7.52599e+09	7.49164e+09	6.05745e+09	5.38435e+09	5.82321e+09	6.1887e+09	5.46855e+09	6.06551e+09	6.27261e+09	5.66654e+09	5.54431e+09	5.46396e+09	5.56192e+09	6.19559e+09	6.55353e+09	6.14554e+09	6.81532e+09	6.21693e+09	6.24415e+09	6.8447e+09	5.49676e+09	4.95584e+09	5.41831e+09	4.90601e+09	5.23295e+09	4.97268e+09	5.67624e+09	4.77815e+09	6.17228e+09	5.72496e+09	6.28091e+09	6.11067e+09	6.66663e+09	6.41262e+09	6.9998e+09	6.47819e+09	6.38632e+09	7.06522e+09	5.54105e+09	6.12142e+09	6.01481e+09	5.54542e+09	5.47665e+09	5.85723e+09	6.78226e+09	6.56863e+09	6.55316e+09	5.12647e+09	6.53161e+09	6.57327e+09	7.33192e+09	7.01236e+09	7.18435e+09	6.92645e+09	6.85857e+09	6.68371e+09	5.90744e+09	5.71318e+09	5.68841e+09	5.57501e+09	5.76882e+09	5.81201e+09	7.41236e+09	7.26788e+09	6.6791e+09	4.83486e+09	7.48403e+09	7.33183e+09	6.16964e+09	5.85386e+09	6.78496e+09	5.76565e+09	6.7549e+09	5.75298e+09	5.58182e+09	5.7868e+09	5.60354e+09	6.26606e+09	5.52685e+09	5.08514e+09	6.80374e+09	6.59023e+09	6.93988e+09	6.22288e+09	6.75096e+09	6.63296e+09	7.37015e+09	7.49381e+09	6.82649e+09	7.15534e+09	7.37889e+09	7.02391e+09
ERR607417	7.54505e+09	6.58473e+09	6.46264e+09	6.70905e+09	7.57688e+09	7.54239e+09	6.11124e+09	5.42937e+09	5.87282e+09	6.24506e+09	5.51443e+09	6.1197e+09	6.3122e+09	5.6972e+09	5.5705e+09	5.4894e+09	5.589e+09	6.23448e+09	6.58949e+09	6.17963e+09	6.85277e+09	6.25359e+09	6.28096e+09	6.88589e+09	5.533e+09	4.98629e+09	5.45281e+09	4.93228e+09	5.26313e+09	5.0034e+09	5.70726e+09	4.79754e+09	6.20966e+09	5.75712e+09	6.32002e+09	6.14749e+09	6.70416e+09	6.44502e+09	7.03969e+09	6.51143e+09	6.41866e+09	7.10869e+09	5.56697e+09	6.16106e+09	6.05223e+09	5.57233e+09	5.50312e+09	5.88968e+09	6.82021e+09	6.60466e+09	6.58812e+09	5.14268e+09	6.56511e+09	6.60836e+09	7.38621e+09	7.06445e+09	7.23538e+09	6.97201e+09	6.90355e+09	6.72785e+09	5.94696e+09	5.74953e+09	5.72301e+09	5.60798e+09	5.80256e+09	5.84996e+09	7.45349e+09	7.30782e+09	6.7145e+09	4.84942e+09	7.52858e+09	7.37461e+09	6.18941e+09	5.87648e+09	6.81678e+09	5.7888e+09	6.78644e+09	5.77396e+09	5.61778e+09	5.82387e+09	5.63981e+09	6.30758e+09	5.56208e+09	5.11177e+09	6.85281e+09	6.63365e+09	6.98834e+09	6.26099e+09	6.79924e+09	6.68019e+09	7.40547e+09	7.53256e+09	6.85737e+09	7.18511e+09	7.41531e+09	7.05545e+09
ERR607418	8.93217e+09	7.68176e+09	7.52599e+09	7.57688e+09	9.23761e+09	8.92919e+09	7.18272e+09	6.32494e+09	6.88035e+09	7.35042e+09	6.43063e+09	7.19264e+09	7.34154e+09	6.56908e+09	6.41601e+09	6.31657e+09	6.43809e+09	7.24349e+09	7.77995e+09	7.2643e+09	8.11266e+09	7.35751e+09	7.39344e+09	8.15548e+09	6.42911e+09	5.75384e+09	6.32912e+09	5.68901e+09	6.0946e+09	5.77452e+09	6.64827e+09	5.53367e+09	7.27781e+09	6.70927e+09	7.41686e+09	7.19758e+09	7.92049e+09	7.59399e+09	8.34404e+09	7.67761e+09	7.55999e+09	8.43477e+09	6.50311e+09	7.2509e+09	7.11463e+09	6.51007e+09	6.42309e+09	6.90801e+09	7.99563e+09	7.71835e+09	7.69742e+09	5.91172e+09	7.6692e+09	7.72247e+09	8.73127e+09	8.31251e+09	8.5316e+09	8.1899e+09	8.10166e+09	7.87661e+09	6.90459e+09	6.65814e+09	6.62878e+09	6.48592e+09	6.72538e+09	6.78576e+09	8.81242e+09	8.62381e+09	7.85802e+09	5.55981e+09	8.90869e+09	8.70908e+09	7.21655e+09	6.82313e+09	7.99819e+09	6.71257e+09	7.9587e+09	6.69746e+09	6.47508e+09	6.72853e+09	6.50243e+09	7.3392e+09	6.40653e+09	5.85312e+09	8.04823e+09	7.76344e+09	8.21959e+09	7.2875e+09	7.97883e+09	7.82623e+09	8.76743e+09	8.93014e+09	8.06876e+09	8.48651e+09	8.78126e+09	8.31876e+09
ERR607420	8.88797e+09	7.64586e+09	7.49164e+09	7.54239e+09	8.92919e+09	9.14698e+09	7.15178e+09	6.29856e+09	6.85069e+09	7.31896e+09	6.40337e+09	7.16175e+09	7.30982e+09	6.54207e+09	6.38918e+09	6.2903e+09	6.41117e+09	7.21214e+09	7.743e+09	7.23012e+09	8.07386e+09	7.32383e+09	7.3593e+09	8.11726e+09	6.40138e+09	5.73061e+09	6.30264e+09	5.66483e+09	6.06864e+09	5.75104e+09	6.61903e+09	5.51045e+09	7.24509e+09	6.67919e+09	7.38317e+09	7.16473e+09	7.8823e+09	7.55788e+09	8.30394e+09	7.6409e+09	7.52434e+09	8.39439e+09	6.47324e+09	7.218e+09	7.08287e+09	6.48058e+09	6.394e+09	6.87595e+09	7.95836e+09	7.68324e+09	7.66248e+09	5.88649e+09	7.63423e+09	7.68676e+09	8.68912e+09	8.27416e+09	8.49104e+09	8.15054e+09	8.0629e+09	7.8405e+09	6.87433e+09	6.62984e+09	6.59984e+09	6.45793e+09	6.69582e+09	6.7564e+09	8.76866e+09	8.58143e+09	7.8218e+09	5.53674e+09	8.8645e+09	8.66615e+09	7.18244e+09	6.79285e+09	7.95992e+09	6.68294e+09	7.92191e+09	6.66724e+09	6.44818e+09	6.70055e+09	6.47588e+09	7.30691e+09	6.38041e+09	5.82949e+09	8.01104e+09	7.72803e+09	8.18033e+09	7.25472e+09	7.94189e+09	7.79038e+09	8.72511e+09	8.88657e+09	8.03106e+09	8.44584e+09	8.73905e+09	8.27982e+09
ERR618388	7.15486e+09	6.18347e+09	6.05745e+09	6.11124e+09	7.18272e+09	7.15178e+09	7.3676e+09	6.30065e+09	6.83561e+09	7.3085e+09	6.39978e+09	7.15109e+09	5.97378e+09	5.35109e+09	5.2085e+09	5.12876e+09	5.22615e+09	5.89134e+09	7.07375e+09	6.64582e+09	7.35411e+09	6.74228e+09	6.77951e+09	7.43421e+09	5.91089e+09	5.306e+09	5.822e+09	5.22054e+09	5.58975e+09	5.32839e+09	6.05887e+09	5.03854e+09	6.62528e+09	6.11538e+09	6.74225e+09	6.54281e+09	7.1391e+09	6.8346e+09	7.4921e+09	6.90843e+09	6.80958e+09	7.59806e+09	6.00308e+09	6.73338e+09	6.60475e+09	6.02042e+09	5.94252e+09	6.38966e+09	6.51319e+09	6.29165e+09	6.27356e+09	4.8228e+09	6.24701e+09	6.29407e+09	7.1908e+09	6.86537e+09	7.01559e+09	6.7214e+09	6.65454e+09	6.48329e+09	5.58002e+09	5.37772e+09	5.34443e+09	5.22882e+09	5.40572e+09	5.4803e+09	7.09756e+09	6.95455e+09	6.36952e+09	4.51893e+09	7.18642e+09	7.0328e+09	5.82571e+09	5.56387e+09	6.46447e+09	5.48798e+09	6.42952e+09	5.46422e+09	5.36154e+09	5.55235e+09	5.3859e+09	6.04528e+09	5.30785e+09	4.83528e+09	6.48817e+09	6.23728e+09	6.60449e+09	5.85619e+09	6.43545e+09	6.31681e+09	7.33091e+09	7.46725e+09	6.78491e+09	7.08262e+09	7.34776e+09	6.97557e+09
ERR618390	6.30237e+09	5.49098e+09	5.38435e+09	5.42937e+09	6.32494e+09	6.29856e+09	6.30065e+09	5.79996e+09	6.05656e+09	6.43477e+09	5.69641e+09	6.30777e+09	5.30898e+09	4.78182e+09	4.66036e+09	4.59087e+09	4.67492e+09	5.23887e+09	6.25748e+09	5.90176e+09	6.48939e+09	5.98002e+09	6.01113e+09	6.55187e+09	5.2673e+09	4.75396e+09	5.19211e+09	4.68113e+09	4.9974e+09	4.77269e+09	5.40523e+09	4.53245e+09	5.87916e+09	5.45387e+09	5.97646e+09	5.81078e+09	6.30792e+09	6.05705e+09	6.59999e+09	6.11848e+09	6.03618e+09	6.6839e+09	5.35507e+09	5.96362e+09	5.8561e+09	5.3696e+09	5.30348e+09	5.67882e+09	5.77095e+09	5.58674e+09	5.57163e+09	4.33291e+09	5.54961e+09	5.58892e+09	6.32848e+09	6.05779e+09	6.18604e+09	5.94373e+09	5.88709e+09	5.74242e+09	4.95826e+09	4.78606e+09	4.75626e+09	4.65836e+09	4.81057e+09	4.87327e+09	6.24981e+09	6.13171e+09	5.64282e+09	4.05953e+09	6.32293e+09	6.19543e+09	5.19109e+09	4.9692e+09	5.73177e+09	4.90409e+09	5.7018e+09	4.88433e+09	4.79342e+09	4.95749e+09	4.81436e+09	5.37441e+09	4.74734e+09	4.34271e+09	5.73069e+09	5.52205e+09	5.82876e+09	5.1996e+09	5.68615e+09	5.58674e+09	6.45756e+09	6.56871e+09	6.00266e+09	6.25064e+09	6.47095e+09	6.16157e+09
ERR618391	6.85432e+09	5.9414e+09	5.82321e+09	5.87282e+09	6.88035e+09	6.85069e+09	6.83561e+09	6.05656e+09	6.76803e+09	6.98852e+09	6.15092e+09	6.84373e+09	5.74092e+09	5.15378e+09	5.02071e+09	4.94394e+09	5.03691e+09	5.66244e+09	6.79402e+09	6.39275e+09	7.05704e+09	6.48052e+09	6.51541e+09	7.1275e+09	5.68275e+09	5.11222e+09	5.59949e+09	5.03288e+09	5.38361e+09	5.13294e+09	5.83561e+09	4.86974e+09	6.36768e+09	5.88943e+09	6.47728e+09	6.29147e+09	6.85391e+09	6.57085e+09	7.18398e+09	6.64039e+09	6.54751e+09	7.27884e+09	5.78471e+09	6.46379e+09	6.34299e+09	5.79957e+09	5.72621e+09	6.14491e+09	6.25683e+09	6.05029e+09	6.03279e+09	4.66047e+09	6.00857e+09	6.05238e+09	6.88229e+09	6.57623e+09	6.72198e+09	6.44856e+09	6.38493e+09	6.22263e+09	5.35711e+09	5.16617e+09	5.1353e+09	5.02627e+09	5.19428e+09	5.26302e+09	6.8056e+09	6.6718e+09	6.12122e+09	4.36646e+09	6.88683e+09	6.74254e+09	5.61799e+09	5.36671e+09	6.21657e+09	5.29369e+09	6.18352e+09	5.27213e+09	5.16175e+09	5.3448e+09	5.18503e+09	5.81003e+09	5.11155e+09	4.66546e+09	6.21565e+09	5.98242e+09	6.32667e+09	5.62299e+09	6.16622e+09	6.05406e+09	7.03149e+09	7.15743e+09	6.51999e+09	6.80084e+09	7.04695e+09	6.69885e+09
ERR618387	7.32242e+09	6.3185e+09	6.1887e+09	6.24506e+09	7.35042e+09	7.31896e+09	7.3085e+09	6.43477e+09	6.98852e+09	7.71195e+09	6.53669e+09	7.3156e+09	6.10403e+09	5.46305e+09	5.31612e+09	5.23394e+09	5.3341e+09	6.01887e+09	7.23643e+09	6.79251e+09	7.52675e+09	6.89265e+09	6.93098e+09	7.60985e+09	6.03801e+09	5.41502e+09	5.94636e+09	5.32659e+09	5.70697e+09	5.43787e+09	6.18662e+09	5.13745e+09	6.77159e+09	6.24519e+09	6.89247e+09	6.68636e+09	7.30295e+09	6.98749e+09	7.66918e+09	7.06389e+09	6.9615e+09	7.77988e+09	6.13034e+09	6.88386e+09	6.75108e+09	6.14774e+09	6.06782e+09	6.52852e+09	6.65835e+09	6.42967e+09	6.41091e+09	4.91879e+09	6.38352e+09	6.43152e+09	7.36133e+09	7.02402e+09	7.17979e+09	6.87535e+09	6.80659e+09	6.62909e+09	5.70328e+09	5.49556e+09	5.46102e+09	5.34256e+09	5.52349e+09	5.60125e+09	7.26449e+09	7.1169e+09	6.51206e+09	4.60917e+09	7.35672e+09	7.19704e+09	5.95044e+09	5.68009e+09	6.60916e+09	5.60168e+09	6.57309e+09	5.57701e+09	5.47218e+09	5.66865e+09	5.49723e+09	6.17613e+09	5.4176e+09	4.93051e+09	6.63774e+09	6.37872e+09	6.7572e+09	5.98569e+09	6.58312e+09	6.46069e+09	7.50531e+09	7.64741e+09	6.94031e+09	7.24836e+09	7.52293e+09	7.13678e+09
ERR618392	6.40703e+09	5.57722e+09	5.46855e+09	5.51443e+09	6.43063e+09	6.40337e+09	6.39978e+09	5.69641e+09	6.15092e+09	6.53669e+09	5.97195e+09	6.40685e+09	5.3917e+09	4.85394e+09	4.73027e+09	4.65927e+09	4.74521e+09	5.32056e+09	6.35852e+09	5.99504e+09	6.59628e+09	6.07491e+09	6.10685e+09	6.65976e+09	5.34491e+09	4.82156e+09	5.26862e+09	4.74792e+09	5.07024e+09	4.84026e+09	5.48744e+09	4.59883e+09	5.972e+09	5.5376e+09	6.07111e+09	5.90277e+09	6.4106e+09	6.15428e+09	6.70875e+09	6.21728e+09	6.1335e+09	6.7946e+09	5.4358e+09	6.05614e+09	5.946e+09	5.45017e+09	5.38289e+09	5.76605e+09	5.86371e+09	5.67545e+09	5.66017e+09	4.39771e+09	5.63758e+09	5.67839e+09	6.43235e+09	6.15493e+09	6.28752e+09	6.03958e+09	5.9822e+09	5.83411e+09	5.03372e+09	4.85741e+09	4.82818e+09	4.72819e+09	4.88353e+09	4.94703e+09	6.3554e+09	6.23395e+09	5.734e+09	4.11962e+09	6.42967e+09	6.2992e+09	5.27428e+09	5.04709e+09	5.82473e+09	4.98065e+09	5.79521e+09	4.96035e+09	4.86435e+09	5.03226e+09	4.88564e+09	5.45824e+09	4.8169e+09	4.40509e+09	5.82169e+09	5.60894e+09	5.92299e+09	5.2799e+09	5.77645e+09	5.67434e+09	6.56681e+09	6.68055e+09	6.10237e+09	6.35615e+09	6.58058e+09	6.2645e+09
ERR618389	7.16551e+09	6.19157e+09	6.06551e+09	6.1197e+09	7.19264e+09	7.16175e+09	7.15109e+09	6.30777e+09	6.84373e+09	7.3156e+09	6.40685e+09	7.38401e+09	5.98258e+09	5.35901e+09	5.21581e+09	5.13584e+09	5.23357e+09	5.89978e+09	7.08503e+09	6.65573e+09	7.36554e+09	6.75257e+09	6.78954e+09	7.44523e+09	5.91836e+09	5.31285e+09	5.82924e+09	5.22742e+09	5.59724e+09	5.33473e+09	6.06842e+09	5.04584e+09	6.63501e+09	6.12496e+09	6.75224e+09	6.55359e+09	7.14998e+09	6.8454e+09	7.50423e+09	6.91971e+09	6.82034e+09	7.60962e+09	6.01283e+09	6.74274e+09	6.61328e+09	6.02957e+09	5.95138e+09	6.39941e+09	6.52227e+09	6.30085e+09	6.28226e+09	4.82954e+09	6.25631e+09	6.30245e+09	7.19996e+09	6.87431e+09	7.02575e+09	6.7308e+09	6.66415e+09	6.49193e+09	5.58732e+09	5.38522e+09	5.3514e+09	5.23619e+09	5.41278e+09	5.4875e+09	7.11016e+09	6.96639e+09	6.37921e+09	4.52579e+09	7.19873e+09	7.04493e+09	5.83561e+09	5.57252e+09	6.47494e+09	5.49708e+09	6.43987e+09	5.473e+09	5.36817e+09	5.5601e+09	5.39232e+09	6.05289e+09	5.31406e+09	4.84126e+09	6.49714e+09	6.24565e+09	6.6133e+09	5.86403e+09	6.44373e+09	6.3252e+09	7.34419e+09	7.48119e+09	6.79749e+09	7.09578e+09	7.36106e+09	6.98814e+09
ERR629916	7.31172e+09	6.38955e+09	6.27261e+09	6.3122e+09	7.34154e+09	7.30982e+09	5.97378e+09	5.30898e+09	5.74092e+09	6.10403e+09	5.3917e+09	5.98258e+09	6.56398e+09	5.73838e+09	5.6086e+09	5.52679e+09	5.62716e+09	6.28101e+09	6.43807e+09	6.03297e+09	6.70116e+09	6.10613e+09	6.1327e+09	6.73324e+09	5.46484e+09	4.92748e+09	5.38612e+09	4.87334e+09	5.19812e+09	4.9432e+09	5.59604e+09	4.7077e+09	6.08584e+09	5.64386e+09	6.1927e+09	6.0236e+09	6.56035e+09	6.30214e+09	6.89691e+09	6.36837e+09	6.27556e+09	6.96558e+09	5.47498e+09	6.05885e+09	5.9549e+09	5.48151e+09	5.41392e+09	5.79372e+09	6.68322e+09	6.47274e+09	6.45675e+09	5.04778e+09	6.43465e+09	6.47562e+09	7.27633e+09	6.96088e+09	7.12623e+09	6.8671e+09	6.80274e+09	6.6307e+09	5.92221e+09	5.7286e+09	5.70154e+09	5.58697e+09	5.77902e+09	5.82818e+09	7.3778e+09	7.23201e+09	6.64184e+09	4.79823e+09	7.4525e+09	7.29965e+09	6.00457e+09	5.70434e+09	6.62453e+09	5.61995e+09	6.59458e+09	5.60478e+09	5.52982e+09	5.72867e+09	5.55205e+09	6.20152e+09	5.47621e+09	5.032e+09	6.81885e+09	6.60082e+09	6.95018e+09	6.23165e+09	6.7658e+09	6.64881e+09	7.29986e+09	7.4282e+09	6.74794e+09	7.07752e+09	7.31023e+09	6.94558e+09
ERR629917	6.54336e+09	5.76545e+09	5.66654e+09	5.6972e+09	6.56908e+09	6.54207e+09	5.35109e+09	4.78182e+09	5.15378e+09	5.46305e+09	4.85394e+09	5.35901e+09	5.73838e+09	5.38985e+09	5.1078e+09	5.03668e+09	5.12316e+09	5.67287e+09	5.78037e+09	5.42923e+09	6.00706e+09	5.4907e+09	5.51257e+09	6.02998e+09	4.94049e+09	4.47574e+09	4.87245e+09	4.43226e+09	4.71277e+09	4.49011e+09	5.05741e+09	4.28884e+09	5.47751e+09	5.0995e+09	5.56973e+09	5.42473e+09	5.88424e+09	5.66486e+09	6.17494e+09	5.72166e+09	5.64222e+09	6.22919e+09	4.94318e+09	5.43662e+09	5.34661e+09	4.94801e+09	4.88924e+09	5.21261e+09	6.0171e+09	5.84062e+09	5.82681e+09	4.61757e+09	5.80975e+09	5.84377e+09	6.50664e+09	6.23914e+09	6.38317e+09	6.16709e+09	6.1122e+09	5.96572e+09	5.35498e+09	5.18878e+09	5.16652e+09	5.06833e+09	5.23585e+09	5.27363e+09	6.6087e+09	6.48507e+09	5.98345e+09	4.39509e+09	6.66971e+09	6.54053e+09	5.44562e+09	5.18195e+09	5.9722e+09	5.10782e+09	5.94732e+09	5.09572e+09	5.02523e+09	5.19743e+09	5.04314e+09	5.59981e+09	4.97817e+09	4.5997e+09	6.12069e+09	5.94006e+09	6.23371e+09	5.62798e+09	6.07513e+09	5.9766e+09	6.54401e+09	6.65082e+09	6.07251e+09	6.35962e+09	6.5516e+09	6.2439e+09
ERR629921	6.39016e+09	5.63941e+09	5.54431e+09	5.5705e+09	6.41601e+09	6.38918e+09	5.2085e+09	4.66036e+09	5.02071e+09	5.31612e+09	4.73027e+09	5.21581e+09	5.6086e+09	5.1078e+09	5.18641e+09	4.94579e+09	5.02871e+09	5.54533e+09	5.66293e+09	5.31849e+09	5.88401e+09	5.37571e+09	5.39675e+09	5.90067e+09	4.83018e+09	4.37925e+09	4.76446e+09	4.34212e+09	4.6128e+09	4.39176e+09	4.95415e+09	4.21549e+09	5.35927e+09	4.99544e+09	5.44942e+09	5.30909e+09	5.76262e+09	5.55442e+09	6.04616e+09	5.60886e+09	5.53177e+09	6.09372e+09	4.84879e+09	5.31447e+09	5.22986e+09	4.85067e+09	4.79369e+09	5.1043e+09	5.88937e+09	5.72055e+09	5.70756e+09	4.54823e+09	5.69242e+09	5.72398e+09	6.34608e+09	6.08536e+09	6.22925e+09	6.02543e+09	5.97099e+09	5.8281e+09	5.23116e+09	5.07238e+09	5.05301e+09	4.95939e+09	5.12387e+09	5.15407e+09	6.46847e+09	6.3491e+09	5.86196e+09	4.33174e+09	6.52304e+09	6.39722e+09	5.35687e+09	5.09296e+09	5.85553e+09	5.01777e+09	5.83232e+09	5.00987e+09	4.91496e+09	5.08345e+09	4.93256e+09	5.47171e+09	4.86932e+09	4.51107e+09	5.97331e+09	5.80404e+09	6.08704e+09	5.50306e+09	5.92855e+09	5.8328e+09	6.41536e+09	6.51549e+09	5.95902e+09	6.24407e+09	6.42125e+09	6.12619e+09
ERR629920	6.29208e+09	5.55646e+09	5.46396e+09	5.4894e+09	6.31657e+09	6.2903e+09	5.12876e+09	4.59087e+09	4.94394e+09	5.23394e+09	4.65927e+09	5.13584e+09	5.52679e+09	5.03668e+09	4.94579e+09	5.04872e+09	4.95994e+09	5.465e+09	5.57562e+09	5.23804e+09	5.79232e+09	5.29415e+09	5.31505e+09	5.80831e+09	4.76028e+09	4.31764e+09	4.69517e+09	4.28209e+09	4.54724e+09	4.33037e+09	4.88202e+09	4.15697e+09	5.27928e+09	4.92172e+09	5.36745e+09	5.2301e+09	5.67332e+09	5.4694e+09	5.95083e+09	5.52252e+09	5.44745e+09	5.9975e+09	4.77593e+09	5.2324e+09	5.1493e+09	4.77817e+09	4.72209e+09	5.02674e+09	5.80188e+09	5.63651e+09	5.62444e+09	4.4886e+09	5.60906e+09	5.64013e+09	6.24723e+09	5.99198e+09	6.13336e+09	5.93407e+09	5.88033e+09	5.74059e+09	5.15678e+09	5.00088e+09	4.98211e+09	4.88996e+09	5.0518e+09	5.0809e+09	6.36933e+09	6.25241e+09	5.77581e+09	4.27731e+09	6.42265e+09	6.30009e+09	5.28067e+09	5.02258e+09	5.76808e+09	4.94864e+09	5.74539e+09	4.94073e+09	4.84799e+09	5.01311e+09	4.86476e+09	5.39328e+09	4.80301e+09	4.45244e+09	5.88291e+09	5.71725e+09	5.99388e+09	5.42289e+09	5.83893e+09	5.74494e+09	6.31613e+09	6.41414e+09	5.86923e+09	6.14816e+09	6.32209e+09	6.03306e+09
ERR629919	6.41222e+09	5.6571e+09	5.56192e+09	5.589e+09	6.43809e+09	6.41117e+09	5.22615e+09	4.67492e+09	5.03691e+09	5.3341e+09	4.74521e+09	5.23357e+09	5.62716e+09	5.12316e+09	5.02871e+09	4.95994e+09	5.21746e+09	5.56315e+09	5.67608e+09	5.33073e+09	5.89879e+09	5.38852e+09	5.40992e+09	5.91516e+09	4.8435e+09	4.39088e+09	4.77715e+09	4.35305e+09	4.62526e+09	4.40363e+09	4.96664e+09	4.22355e+09	5.37368e+09	5.00786e+09	5.46454e+09	5.32346e+09	5.7773e+09	5.56806e+09	6.06174e+09	5.62245e+09	5.54533e+09	6.11021e+09	4.85992e+09	5.32942e+09	5.24356e+09	4.86192e+09	4.80531e+09	5.11749e+09	5.90734e+09	5.73748e+09	5.72516e+09	4.55734e+09	5.70917e+09	5.7413e+09	6.36859e+09	6.10609e+09	6.25042e+09	6.04518e+09	5.99037e+09	5.84685e+09	5.24926e+09	5.08945e+09	5.06979e+09	4.97556e+09	5.14064e+09	5.17169e+09	6.48961e+09	6.36913e+09	5.88005e+09	4.34234e+09	6.54476e+09	6.41835e+09	5.36884e+09	5.10491e+09	5.87087e+09	5.02982e+09	5.84755e+09	5.02171e+09	4.93009e+09	5.09886e+09	4.94727e+09	5.48977e+09	4.88451e+09	4.52338e+09	5.99449e+09	5.82351e+09	6.10806e+09	5.52171e+09	5.94929e+09	5.8531e+09	6.43327e+09	6.53422e+09	5.97456e+09	6.26063e+09	6.43934e+09	6.1424e+09
ERR629918	7.21407e+09	6.31067e+09	6.19559e+09	6.23448e+09	7.24349e+09	7.21214e+09	5.89134e+09	5.23887e+09	5.66244e+09	6.01887e+09	5.32056e+09	5.89978e+09	6.28101e+09	5.67287e+09	5.54533e+09	5.465e+09	5.56315e+09	6.40437e+09	6.3536e+09	5.95472e+09	6.61183e+09	6.02675e+09	6.05304e+09	6.64243e+09	5.39733e+09	4.86902e+09	5.3196e+09	4.81696e+09	5.13572e+09	4.88468e+09	5.52585e+09	4.65272e+09	6.00622e+09	5.57278e+09	6.11134e+09	5.94554e+09	6.47185e+09	6.21865e+09	6.80295e+09	6.28346e+09	6.19303e+09	6.86996e+09	5.40602e+09	5.97881e+09	5.87618e+09	5.41245e+09	5.34507e+09	5.71886e+09	6.59888e+09	6.39268e+09	6.37685e+09	4.99303e+09	6.35502e+09	6.3954e+09	7.1776e+09	6.86899e+09	7.03126e+09	6.77756e+09	6.71414e+09	6.546e+09	5.85044e+09	5.66031e+09	5.63374e+09	5.52149e+09	5.71077e+09	5.75861e+09	7.27854e+09	7.13553e+09	6.55674e+09	4.74626e+09	7.3516e+09	7.2016e+09	5.9322e+09	5.63729e+09	6.54135e+09	5.55469e+09	6.51209e+09	5.53935e+09	5.46642e+09	5.66098e+09	5.48733e+09	6.12496e+09	5.4126e+09	4.97657e+09	6.73047e+09	6.5173e+09	6.85938e+09	6.15501e+09	6.67794e+09	6.56347e+09	7.20306e+09	7.32912e+09	6.66087e+09	6.98541e+09	7.21296e+09	6.85493e+09
ERR608081	7.74348e+09	6.68483e+09	6.55353e+09	6.58949e+09	7.77995e+09	7.743e+09	7.07375e+09	6.25748e+09	6.79402e+09	7.23643e+09	6.35852e+09	7.08503e+09	6.43807e+09	5.78037e+09	5.66293e+09	5.57562e+09	5.67608e+09	6.3536e+09	8.05216e+09	7.33123e+09	8.13893e+09	7.4182e+09	7.45658e+09	8.17596e+09	6.18977e+09	5.55291e+09	6.09499e+09	5.49166e+09	5.87777e+09	5.56575e+09	6.52301e+09	5.45608e+09	7.1212e+09	6.58247e+09	7.25696e+09	7.04825e+09	7.82418e+09	7.53231e+09	8.20332e+09	7.60739e+09	7.49787e+09	8.28082e+09	6.39376e+09	7.09832e+09	6.97207e+09	6.39829e+09	6.31433e+09	6.78044e+09	7.16788e+09	6.92689e+09	6.90673e+09	5.36396e+09	6.89363e+09	6.93167e+09	7.65029e+09	7.28874e+09	7.48708e+09	7.20008e+09	7.12087e+09	6.92744e+09	5.88597e+09	5.68337e+09	5.66191e+09	5.54457e+09	5.74496e+09	5.79033e+09	7.85226e+09	7.69378e+09	7.02499e+09	5.0389e+09	7.92869e+09	7.75252e+09	6.61503e+09	6.25932e+09	7.26313e+09	6.15477e+09	7.23003e+09	6.1495e+09	5.74002e+09	5.96681e+09	5.76792e+09	6.49862e+09	5.6845e+09	5.2123e+09	6.88968e+09	6.6595e+09	7.04404e+09	6.25944e+09	6.82969e+09	6.70186e+09	8.18422e+09	8.31095e+09	7.60581e+09	7.9563e+09	8.19695e+09	7.8161e+09
ERR608084	7.23133e+09	6.2662e+09	6.14554e+09	6.17963e+09	7.2643e+09	7.23012e+09	6.64582e+09	5.90176e+09	6.39275e+09	6.79251e+09	5.99504e+09	6.65573e+09	6.03297e+09	5.42923e+09	5.31849e+09	5.23804e+09	5.33073e+09	5.95472e+09	7.33123e+09	7.08695e+09	7.59809e+09	6.9686e+09	7.00311e+09	7.63389e+09	5.80317e+09	5.22134e+09	5.71703e+09	5.16359e+09	5.51877e+09	5.23371e+09	6.1398e+09	5.15342e+09	6.68543e+09	6.19443e+09	6.80813e+09	6.61952e+09	7.32173e+09	7.0606e+09	7.65361e+09	7.12823e+09	7.03128e+09	7.72433e+09	5.99358e+09	6.63787e+09	6.52172e+09	5.99875e+09	5.92094e+09	6.34728e+09	6.72256e+09	6.5036e+09	6.48502e+09	5.05901e+09	6.47222e+09	6.50854e+09	7.1467e+09	6.81948e+09	6.99884e+09	6.73757e+09	6.66591e+09	6.48965e+09	5.49495e+09	5.3081e+09	5.28732e+09	5.17952e+09	5.36251e+09	5.40607e+09	7.32539e+09	7.1837e+09	6.57972e+09	4.7488e+09	7.395e+09	7.23706e+09	6.22481e+09	5.9041e+09	6.81166e+09	5.80872e+09	6.78136e+09	5.80312e+09	5.40731e+09	5.61633e+09	5.43254e+09	6.10493e+09	5.35595e+09	4.91755e+09	6.41971e+09	6.20841e+09	6.55976e+09	5.84408e+09	6.36538e+09	6.25017e+09	7.62369e+09	7.7364e+09	7.11412e+09	7.41794e+09	7.63577e+09	7.29861e+09
ERR608083	8.07399e+09	6.95361e+09	6.81532e+09	6.85277e+09	8.11266e+09	8.07386e+09	7.35411e+09	6.48939e+09	7.05704e+09	7.52675e+09	6.59628e+09	7.36554e+09	6.70116e+09	6.00706e+09	5.88401e+09	5.79232e+09	5.89879e+09	6.61183e+09	8.13893e+09	7.59809e+09	8.71369e+09	7.68999e+09	7.73159e+09	8.51024e+09	6.4428e+09	5.76899e+09	6.34243e+09	5.7064e+09	6.11301e+09	5.78429e+09	6.76177e+09	5.64196e+09	7.39354e+09	6.82526e+09	7.53716e+09	7.31532e+09	8.13217e+09	7.81773e+09	8.5471e+09	7.89903e+09	7.78114e+09	8.6293e+09	6.6558e+09	7.40229e+09	7.26744e+09	6.66124e+09	6.57212e+09	7.06355e+09	7.44447e+09	7.19042e+09	7.16904e+09	5.54963e+09	7.15445e+09	7.19523e+09	7.97913e+09	7.59532e+09	7.80576e+09	7.50053e+09	7.41723e+09	7.21203e+09	6.15201e+09	5.93706e+09	5.91508e+09	5.79154e+09	6.00347e+09	6.04947e+09	8.18587e+09	8.01523e+09	7.30479e+09	5.21608e+09	8.26585e+09	8.07821e+09	6.84679e+09	6.46934e+09	7.53406e+09	6.35911e+09	7.49858e+09	6.35342e+09	5.95204e+09	6.19068e+09	5.98099e+09	6.74947e+09	5.89344e+09	5.39865e+09	7.20662e+09	6.96181e+09	7.37024e+09	6.53707e+09	7.14232e+09	7.00577e+09	8.53593e+09	8.67305e+09	7.90655e+09	8.29079e+09	8.54896e+09	8.13598e+09
ERR608085	7.32447e+09	6.34062e+09	6.21693e+09	6.25359e+09	7.35751e+09	7.32383e+09	6.74228e+09	5.98002e+09	6.48052e+09	6.89265e+09	6.07491e+09	6.75257e+09	6.10613e+09	5.4907e+09	5.37571e+09	5.29415e+09	5.38852e+09	6.02675e+09	7.4182e+09	6.9686e+09	7.68999e+09	7.25143e+09	7.08748e+09	7.73109e+09	5.87806e+09	5.2848e+09	5.78991e+09	5.22192e+09	5.58458e+09	5.29728e+09	6.20824e+09	5.20227e+09	6.76637e+09	6.2629e+09	6.8909e+09	6.69701e+09	7.40861e+09	7.14006e+09	7.74683e+09	7.20856e+09	7.11007e+09	7.82316e+09	6.05338e+09	6.71853e+09	6.6012e+09	6.06037e+09	5.98128e+09	6.41911e+09	6.80225e+09	6.57686e+09	6.55759e+09	5.1063e+09	6.54458e+09	6.58141e+09	7.24396e+09	6.9114e+09	7.09032e+09	6.82242e+09	6.74918e+09	6.57115e+09	5.56631e+09	5.37638e+09	5.35377e+09	5.24393e+09	5.42798e+09	5.47654e+09	7.40833e+09	7.26392e+09	6.65103e+09	4.79266e+09	7.48258e+09	7.32173e+09	6.28024e+09	5.96114e+09	6.88548e+09	5.86521e+09	6.85393e+09	5.85788e+09	5.47311e+09	5.68399e+09	5.49927e+09	6.18115e+09	5.4214e+09	4.97147e+09	6.50634e+09	6.28867e+09	6.64625e+09	5.9168e+09	6.45094e+09	6.33343e+09	7.71231e+09	7.82817e+09	7.19118e+09	7.49915e+09	7.72499e+09	7.37883e+09
ERR608086	7.36032e+09	6.36875e+09	6.24415e+09	6.28096e+09	7.39344e+09	7.3593e+09	6.77951e+09	6.01113e+09	6.51541e+09	6.93098e+09	6.10685e+09	6.78954e+09	6.1327e+09	5.51257e+09	5.39675e+09	5.31505e+09	5.40992e+09	6.05304e+09	7.45658e+09	7.00311e+09	7.73159e+09	7.08748e+09	7.32474e+09	7.77303e+09	5.9086e+09	5.31107e+09	5.82005e+09	5.24766e+09	5.61241e+09	5.32323e+09	6.23818e+09	5.22503e+09	6.80064e+09	6.29327e+09	6.92639e+09	6.73063e+09	7.44726e+09	7.17611e+09	7.7891e+09	7.24525e+09	7.14581e+09	7.86608e+09	6.08576e+09	6.75729e+09	6.6386e+09	6.09295e+09	6.01333e+09	6.45425e+09	6.83182e+09	6.60528e+09	6.58625e+09	5.12442e+09	6.57233e+09	6.60932e+09	7.28081e+09	6.94469e+09	7.12544e+09	6.85484e+09	6.78132e+09	6.60176e+09	5.59224e+09	5.40142e+09	5.37832e+09	5.26812e+09	5.4526e+09	5.50181e+09	7.44365e+09	7.29825e+09	6.67975e+09	4.80941e+09	7.51875e+09	7.35599e+09	6.30375e+09	5.98278e+09	6.91458e+09	5.88597e+09	6.88269e+09	5.87916e+09	5.49575e+09	5.70732e+09	5.52174e+09	6.20834e+09	5.44329e+09	4.98998e+09	6.53864e+09	6.31847e+09	6.67947e+09	5.94452e+09	6.48265e+09	6.36452e+09	7.75142e+09	7.86852e+09	7.2257e+09	7.5355e+09	7.76403e+09	7.4146e+09
ERR608082	8.1173e+09	6.98505e+09	6.8447e+09	6.88589e+09	8.15548e+09	8.11726e+09	7.43421e+09	6.55187e+09	7.1275e+09	7.60985e+09	6.65976e+09	7.44523e+09	6.73324e+09	6.02998e+09	5.90067e+09	5.80831e+09	5.91516e+09	6.64243e+09	8.17596e+09	7.63389e+09	8.51024e+09	7.73109e+09	7.77303e+09	8.79774e+09	6.48239e+09	5.80098e+09	6.38061e+09	5.73241e+09	6.14394e+09	5.81755e+09	6.79268e+09	5.65842e+09	7.43428e+09	6.85618e+09	7.57875e+09	7.35293e+09	8.16927e+09	7.84739e+09	8.58428e+09	7.92973e+09	7.8107e+09	8.67548e+09	6.6746e+09	7.44139e+09	7.30533e+09	6.68221e+09	6.5926e+09	7.09227e+09	7.47461e+09	7.21691e+09	7.19464e+09	5.55733e+09	7.17878e+09	7.22118e+09	8.03351e+09	7.64675e+09	7.85394e+09	7.54116e+09	7.4581e+09	7.25281e+09	6.18342e+09	5.96576e+09	5.94125e+09	5.81569e+09	6.02687e+09	6.08032e+09	8.21016e+09	8.03947e+09	7.32514e+09	5.21978e+09	8.29574e+09	8.10665e+09	6.85457e+09	6.48357e+09	7.55648e+09	6.37493e+09	7.51996e+09	6.36683e+09	5.9849e+09	6.22259e+09	6.01463e+09	6.78773e+09	5.92643e+09	5.42014e+09	7.24741e+09	6.99441e+09	7.40741e+09	6.56509e+09	7.18329e+09	7.04598e+09	8.55681e+09	8.69784e+09	7.92478e+09	8.30263e+09	8.57145e+09	8.15282e+09
ERR617515	6.4036e+09	5.59922e+09	5.49676e+09	5.533e+09	6.42911e+09	6.40138e+09	5.91089e+09	5.2673e+09	5.68275e+09	6.03801e+09	5.34491e+09	5.91836e+09	5.46484e+09	4.94049e+09	4.83018e+09	4.76028e+09	4.8435e+09	5.39733e+09	6.18977e+09	5.80317e+09	6.4428e+09	5.87806e+09	5.9086e+09	6.48239e+09	5.65247e+09	4.91566e+09	5.36737e+09	4.85102e+09	5.17535e+09	4.93176e+09	5.42794e+09	4.56988e+09	5.89812e+09	5.47567e+09	5.99711e+09	5.8315e+09	6.34503e+09	6.08802e+09	6.66878e+09	6.15167e+09	6.06157e+09	6.74274e+09	5.39652e+09	5.98017e+09	5.8801e+09	5.40833e+09	5.34353e+09	5.71244e+09	5.8539e+09	5.66935e+09	5.65537e+09	4.44304e+09	5.63756e+09	5.67265e+09	6.40483e+09	6.12802e+09	6.26687e+09	6.03441e+09	5.9791e+09	5.83169e+09	5.19562e+09	5.02563e+09	5.0009e+09	4.90191e+09	5.06271e+09	5.11265e+09	6.39081e+09	6.26412e+09	5.75601e+09	4.1847e+09	6.46022e+09	6.32391e+09	5.25305e+09	5.00758e+09	5.80497e+09	4.93664e+09	5.77626e+09	4.92228e+09	4.87317e+09	5.04411e+09	4.89612e+09	5.45234e+09	4.83174e+09	4.43721e+09	5.95948e+09	5.76203e+09	6.06479e+09	5.43481e+09	5.91132e+09	5.81057e+09	6.62749e+09	6.74179e+09	6.12899e+09	6.41825e+09	6.6405e+09	6.30406e+09
ERR617512	5.73308e+09	5.04262e+09	4.95584e+09	4.98629e+09	5.75384e+09	5.73061e+09	5.306e+09	4.75396e+09	5.11222e+09	5.41502e+09	4.82156e+09	5.31285e+09	4.92748e+09	4.47574e+09	4.37925e+09	4.31764e+09	4.39088e+09	4.86902e+09	5.55291e+09	5.22134e+09	5.76899e+09	5.2848e+09	5.31107e+09	5.80098e+09	4.91566e+09	4.6451e+09	4.85047e+09	4.40941e+09	4.68735e+09	4.47953e+09	4.90512e+09	4.15959e+09	5.30616e+09	4.94614e+09	5.39094e+09	5.2502e+09	5.68893e+09	5.46965e+09	5.96575e+09	5.52363e+09	5.44686e+09	6.02685e+09	4.87532e+09	5.37513e+09	5.28904e+09	4.88606e+09	4.83037e+09	5.1459e+09	5.26077e+09	5.10258e+09	5.0903e+09	4.03758e+09	5.07518e+09	5.10637e+09	5.73263e+09	5.49526e+09	5.61601e+09	5.41647e+09	5.36841e+09	5.24183e+09	4.69309e+09	4.54538e+09	4.52281e+09	4.43625e+09	4.57747e+09	4.62061e+09	5.72276e+09	5.61374e+09	5.17589e+09	3.80565e+09	5.78195e+09	5.66523e+09	4.74062e+09	4.52766e+09	5.21814e+09	4.46648e+09	5.19342e+09	4.45372e+09	4.41371e+09	4.5621e+09	4.43372e+09	4.91404e+09	4.3784e+09	4.03569e+09	5.35168e+09	5.18284e+09	5.44322e+09	4.90171e+09	5.31088e+09	5.22425e+09	5.92937e+09	6.02734e+09	5.50166e+09	5.75035e+09	5.94047e+09	5.65329e+09
ERR617514	6.30481e+09	5.51765e+09	5.41831e+09	5.45281e+09	6.32912e+09	6.30264e+09	5.822e+09	5.19211e+09	5.59949e+09	5.94636e+09	5.26862e+09	5.82924e+09	5.38612e+09	4.87245e+09	4.76446e+09	4.69517e+09	4.77715e+09	5.3196e+09	6.09499e+09	5.71703e+09	6.34243e+09	5.78991e+09	5.82005e+09	6.38061e+09	5.36737e+09	4.85047e+09	5.49678e+09	4.78739e+09	5.1048e+09	4.866e+09	5.352e+09	4.51072e+09	5.81182e+09	5.39832e+09	5.90816e+09	5.74668e+09	6.24812e+09	5.99686e+09	6.56479e+09	6.0594e+09	5.97099e+09	6.63624e+09	5.3216e+09	5.89308e+09	5.79514e+09	5.33335e+09	5.26974e+09	5.63089e+09	5.76595e+09	5.58498e+09	5.5709e+09	4.38273e+09	5.55399e+09	5.58869e+09	6.30536e+09	6.03465e+09	6.17089e+09	5.94317e+09	5.88874e+09	5.74451e+09	5.12182e+09	4.95498e+09	4.93063e+09	4.83364e+09	4.99172e+09	5.04077e+09	6.29211e+09	6.16781e+09	5.67092e+09	4.12921e+09	6.35975e+09	6.22616e+09	5.17789e+09	4.93762e+09	5.71822e+09	4.86798e+09	5.69045e+09	4.85371e+09	4.80547e+09	4.97293e+09	4.82827e+09	5.37297e+09	4.76528e+09	4.37837e+09	5.87001e+09	5.67677e+09	5.97362e+09	5.35636e+09	5.82328e+09	5.72407e+09	6.52578e+09	6.63745e+09	6.03725e+09	6.32106e+09	6.53796e+09	6.20929e+09
ERR617511	5.66791e+09	4.99005e+09	4.90601e+09	4.93228e+09	5.68901e+09	5.66483e+09	5.22054e+09	4.68113e+09	5.03288e+09	5.32659e+09	4.74792e+09	5.22742e+09	4.87334e+09	4.43226e+09	4.34212e+09	4.28209e+09	4.35305e+09	4.81696e+09	5.49166e+09	5.16359e+09	5.7064e+09	5.22192e+09	5.24766e+09	5.73241e+09	4.85102e+09	4.40941e+09	4.78739e+09	4.54053e+09	4.63189e+09	4.42362e+09	4.85193e+09	4.12582e+09	5.24386e+09	4.8925e+09	5.32732e+09	5.19097e+09	5.62727e+09	5.41545e+09	5.90166e+09	5.46841e+09	5.39317e+09	5.95709e+09	4.83435e+09	5.31102e+09	5.22663e+09	4.84165e+09	4.78776e+09	5.09387e+09	5.20601e+09	5.05186e+09	5.04122e+09	4.01264e+09	5.02674e+09	5.05648e+09	5.65694e+09	5.42262e+09	5.54557e+09	5.35215e+09	5.30478e+09	5.17867e+09	4.63753e+09	4.49263e+09	4.47268e+09	4.38844e+09	4.53148e+09	4.56638e+09	5.67659e+09	5.56874e+09	5.13592e+09	3.78838e+09	5.73061e+09	5.6155e+09	4.71497e+09	4.49615e+09	5.17323e+09	4.43385e+09	5.14979e+09	4.42394e+09	4.36073e+09	4.50909e+09	4.3797e+09	4.85526e+09	4.32555e+09	3.99686e+09	5.28651e+09	5.12494e+09	5.38094e+09	4.85002e+09	5.24569e+09	5.15982e+09	5.87931e+09	5.97412e+09	5.45867e+09	5.70946e+09	5.88918e+09	5.60995e+09
ERR617516	6.07109e+09	5.32586e+09	5.23295e+09	5.26313e+09	6.0946e+09	6.06864e+09	5.58975e+09	4.9974e+09	5.38361e+09	5.70697e+09	5.07024e+09	5.59724e+09	5.19812e+09	4.71277e+09	4.6128e+09	4.54724e+09	4.62526e+09	5.13572e+09	5.87777e+09	5.51877e+09	6.11301e+09	5.58458e+09	5.61241e+09	6.14394e+09	5.17535e+09	4.68735e+09	5.1048e+09	4.63189e+09	5.12622e+09	4.70231e+09	5.17226e+09	4.37567e+09	5.60483e+09	5.21706e+09	5.69709e+09	5.54601e+09	6.02473e+09	5.79073e+09	6.32551e+09	5.84899e+09	5.76609e+09	6.38858e+09	5.1498e+09	5.67944e+09	5.58645e+09	5.15783e+09	5.09871e+09	5.4361e+09	5.56527e+09	5.395e+09	5.38282e+09	4.25592e+09	5.36747e+09	5.39979e+09	6.06353e+09	5.80555e+09	5.93901e+09	5.72595e+09	5.67411e+09	5.53604e+09	4.94237e+09	4.78441e+09	4.762e+09	4.66999e+09	4.82283e+09	4.86481e+09	6.07337e+09	5.95569e+09	5.4809e+09	4.01278e+09	6.13464e+09	6.00818e+09	5.02106e+09	4.7855e+09	5.52716e+09	4.71833e+09	5.50057e+09	4.70625e+09	4.64185e+09	4.80372e+09	4.66332e+09	5.18287e+09	4.60341e+09	4.24164e+09	5.65137e+09	5.47305e+09	5.75398e+09	5.17076e+09	5.6072e+09	5.51388e+09	6.2962e+09	6.40048e+09	5.83451e+09	6.10693e+09	6.30731e+09	5.99888e+09
ERR617513	5.75366e+09	5.06003e+09	4.97268e+09	5.0034e+09	5.77452e+09	5.75104e+09	5.32839e+09	4.77269e+09	5.13294e+09	5.43787e+09	4.84026e+09	5.33473e+09	4.9432e+09	4.49011e+09	4.39176e+09	4.33037e+09	4.40363e+09	4.88468e+09	5.56575e+09	5.23371e+09	5.78429e+09	5.29728e+09	5.32323e+09	5.81755e+09	4.93176e+09	4.47953e+09	4.866e+09	4.42362e+09	4.70231e+09	4.67662e+09	4.91677e+09	4.16806e+09	5.32096e+09	4.9589e+09	5.40597e+09	5.26453e+09	5.70367e+09	5.48249e+09	5.98279e+09	5.5372e+09	5.45999e+09	6.04523e+09	4.89177e+09	5.39455e+09	5.30675e+09	4.90274e+09	4.84665e+09	5.1636e+09	5.27482e+09	5.11529e+09	5.10395e+09	4.04544e+09	5.08784e+09	5.11956e+09	5.75381e+09	5.51517e+09	5.63599e+09	5.43505e+09	5.38742e+09	5.25979e+09	4.71272e+09	4.56296e+09	4.5407e+09	4.45366e+09	4.59543e+09	4.63898e+09	5.74068e+09	5.6311e+09	5.19135e+09	3.81385e+09	5.80089e+09	5.68388e+09	4.75111e+09	4.53774e+09	5.23177e+09	4.47627e+09	5.20654e+09	4.46302e+09	4.42776e+09	4.57682e+09	4.44776e+09	4.93044e+09	4.39231e+09	4.04791e+09	5.37321e+09	5.20241e+09	5.46454e+09	4.92026e+09	5.33251e+09	5.24513e+09	5.94529e+09	6.04393e+09	5.51462e+09	5.76465e+09	5.95602e+09	5.66764e+09
ERR608758	6.62089e+09	5.78092e+09	5.67624e+09	5.70726e+09	6.64827e+09	6.61903e+09	6.05887e+09	5.40523e+09	5.83561e+09	6.18662e+09	5.48744e+09	6.06842e+09	5.59604e+09	5.05741e+09	4.95415e+09	4.88202e+09	4.96664e+09	5.52585e+09	6.52301e+09	6.1398e+09	6.76177e+09	6.20824e+09	6.23818e+09	6.79268e+09	5.42794e+09	4.90512e+09	5.352e+09	4.85193e+09	5.17226e+09	4.91677e+09	5.88724e+09	4.8081e+09	6.18478e+09	5.74837e+09	6.29168e+09	6.12517e+09	6.65692e+09	6.41942e+09	6.96117e+09	6.47997e+09	6.39307e+09	7.0249e+09	5.54205e+09	6.1164e+09	6.01342e+09	5.54743e+09	5.47913e+09	5.85732e+09	6.13223e+09	5.94161e+09	5.9268e+09	4.66485e+09	5.91306e+09	5.94667e+09	6.56197e+09	6.27689e+09	6.43136e+09	6.20065e+09	6.13883e+09	5.98442e+09	5.16756e+09	4.99944e+09	4.9768e+09	4.87921e+09	5.04639e+09	5.08602e+09	6.69215e+09	6.56672e+09	6.04191e+09	4.40533e+09	6.75627e+09	6.61874e+09	5.63557e+09	5.3646e+09	6.16384e+09	5.28448e+09	6.13728e+09	5.27606e+09	5.01841e+09	5.2022e+09	5.04035e+09	5.63177e+09	4.97257e+09	4.57986e+09	5.984e+09	5.79352e+09	6.10709e+09	5.46771e+09	5.9355e+09	5.83372e+09	6.93278e+09	7.03763e+09	6.46623e+09	6.74309e+09	6.94354e+09	6.6347e+09
ERR608757	5.51227e+09	4.85839e+09	4.77815e+09	4.79754e+09	5.53367e+09	5.51045e+09	5.03854e+09	4.53245e+09	4.86974e+09	5.13745e+09	4.59883e+09	5.04584e+09	4.7077e+09	4.28884e+09	4.21549e+09	4.15697e+09	4.22355e+09	4.65272e+09	5.45608e+09	5.15342e+09	5.64196e+09	5.20227e+09	5.22503e+09	5.65842e+09	4.56988e+09	4.15959e+09	4.51072e+09	4.12582e+09	4.37567e+09	4.16806e+09	4.8081e+09	4.26853e+09	5.1796e+09	4.84568e+09	5.26396e+09	5.13653e+09	5.56101e+09	5.38236e+09	5.79895e+09	5.42881e+09	5.36135e+09	5.84097e+09	4.69027e+09	5.11786e+09	5.04019e+09	4.69015e+09	4.63758e+09	4.92686e+09	5.14045e+09	4.99452e+09	4.98393e+09	4.00192e+09	4.97474e+09	4.99924e+09	5.45188e+09	5.22716e+09	5.35468e+09	5.18044e+09	5.13107e+09	5.00846e+09	4.34546e+09	4.21218e+09	4.19537e+09	4.11801e+09	4.25731e+09	4.28066e+09	5.58902e+09	5.49067e+09	5.0777e+09	3.78803e+09	5.63437e+09	5.52625e+09	4.78113e+09	4.55695e+09	5.18086e+09	4.49044e+09	5.16113e+09	4.48823e+09	4.2474e+09	4.39566e+09	4.26344e+09	4.73166e+09	4.21089e+09	3.91141e+09	4.99901e+09	4.85662e+09	5.10044e+09	4.60103e+09	4.95993e+09	4.87972e+09	5.78813e+09	5.86633e+09	5.42586e+09	5.64912e+09	5.79551e+09	5.55904e+09
ERR608760	7.24718e+09	6.29187e+09	6.17228e+09	6.20966e+09	7.27781e+09	7.24509e+09	6.62528e+09	5.87916e+09	6.36768e+09	6.77159e+09	5.972e+09	6.63501e+09	6.08584e+09	5.47751e+09	5.35927e+09	5.27928e+09	5.37368e+09	6.00622e+09	7.1212e+09	6.68543e+09	7.39354e+09	6.76637e+09	6.80064e+09	7.43428e+09	5.89812e+09	5.30616e+09	5.81182e+09	5.24386e+09	5.60483e+09	5.32096e+09	6.18478e+09	5.1796e+09	6.95506e+09	6.24138e+09	6.86407e+09	6.66915e+09	7.27145e+09	6.99633e+09	7.62006e+09	7.06623e+09	6.96661e+09	7.69814e+09	6.01034e+09	6.67138e+09	6.55337e+09	6.01788e+09	5.94088e+09	6.37169e+09	6.68371e+09	6.46672e+09	6.4502e+09	5.0296e+09	6.43274e+09	6.47142e+09	7.18704e+09	6.8629e+09	7.0347e+09	6.76911e+09	6.69969e+09	6.52518e+09	5.62421e+09	5.43413e+09	5.40931e+09	5.29905e+09	5.48352e+09	5.53201e+09	7.31599e+09	7.17289e+09	6.57795e+09	4.74554e+09	7.39074e+09	7.23456e+09	6.11024e+09	5.80887e+09	6.71232e+09	5.71894e+09	6.6814e+09	5.70852e+09	5.43915e+09	5.64345e+09	5.46398e+09	6.1281e+09	5.38815e+09	4.94365e+09	6.53846e+09	6.3185e+09	6.67359e+09	5.94982e+09	6.48346e+09	6.36748e+09	7.58252e+09	7.70422e+09	7.04861e+09	7.36171e+09	7.59592e+09	7.23969e+09
