	ERR635337	ERR635335	ERR635338	ERR635336	ERR635339	ERR635334	ERR608707	ERR608709	ERR608711	ERR608710	ERR608712	ERR608708	ERR626919	ERR626920	ERR626915	ERR626917	ERR626918	ERR626916	ERR629880	ERR629881	ERR629885	ERR629882	ERR629884	ERR629883	ERR636926	ERR636927	ERR636925	ERR636930	ERR636928	ERR636929	ERR622183	ERR622179	ERR622180	ERR622184	ERR622181	ERR622182	ERR613247	ERR613250	ERR613248	ERR613249	ERR613246	ERR613245	ERR608119	ERR608117	ERR608118	ERR608121	ERR608122	ERR608120	ERR616815	ERR616811	ERR616812	ERR616813	ERR616814	ERR616816	ERR618440	ERR618437	ERR618435	ERR618436	ERR618439	ERR618438	ERR618617	ERR618620	ERR618615	ERR618616	ERR618618	ERR618619	ERR618744	ERR618742	ERR618741	ERR618743	ERR618745	ERR618746	ERR617200	ERR617202	ERR617198	ERR617201	ERR617199	ERR617197	ERR630510	ERR630507	ERR630506	ERR630511	ERR630508	ERR630509	ERR632075	ERR632076	ERR632077	ERR632074	ERR632078	ERR632073	ERR622546	ERR622542	ERR622543	ERR622545	ERR622541	ERR622544
ERR635337	0	0.867479	0.885336	0.855184	0.888386	0.883505	1.03584	0.996024	1.00264	1.00229	1.00567	1.00735	0.923511	0.884764	0.885429	0.892834	0.922727	0.893029	0.965278	0.975052	0.975983	0.966986	0.977212	0.977385	0.950412	0.947214	0.96154	0.939563	0.938877	0.93865	1.11144	1.07019	1.07317	1.11048	1.06436	1.11196	0.961659	0.991986	0.997936	0.991473	0.957691	0.954785	0.897798	0.907186	0.902566	0.924646	0.923131	0.922751	1.12685	1.12479	1.12173	1.1171	1.12632	1.12749	1.1034	1.10435	1.0995	1.11011	1.10477	1.10651	1.09295	1.10395	1.08906	1.09304	1.09867	1.10444	1.10278	1.1069	1.103	1.10736	1.10198	1.10099	1.10646	1.10303	1.0939	1.10277	1.09367	1.09549	1.00202	1.01138	1.005	1.00019	1.00754	1.0016	1.10812	1.11881	1.12384	1.11448	1.12619	1.12065	1.12483	1.1199	1.14777	1.12793	1.11535	1.12884
ERR635335	0.867479	0	0.877788	0.83482	0.880029	0.869653	1.02488	0.979727	0.986175	0.985557	0.990866	0.992481	0.902025	0.861628	0.862871	0.870613	0.900346	0.871726	0.947274	0.959018	0.961794	0.949706	0.962867	0.963205	0.930979	0.929341	0.943515	0.920907	0.920582	0.919858	1.09891	1.05782	1.05984	1.09788	1.05181	1.09933	0.941921	0.974477	0.981532	0.973943	0.937176	0.931975	0.878294	0.887532	0.880932	0.903367	0.902056	0.903404	1.118	1.11493	1.10999	1.10549	1.11736	1.11856	1.09144	1.09289	1.0878	1.09955	1.0921	1.0941	1.08128	1.09164	1.07673	1.08187	1.08608	1.0919	1.09023	1.09567	1.09092	1.09582	1.08953	1.08811	1.09241	1.09309	1.07962	1.08902	1.07926	1.08304	0.987836	0.999565	0.991643	0.9858	0.993639	0.98698	1.09657	1.11046	1.11575	1.10319	1.1176	1.11135	1.11434	1.10812	1.13745	1.1177	1.10318	1.11881
ERR635338	0.885336	0.877788	0	0.866343	0.89781	0.893403	1.04218	1.00328	1.00985	1.00974	1.01289	1.01477	0.933108	0.895573	0.896295	0.903029	0.93184	0.903493	0.974282	0.983694	0.984558	0.975746	0.985331	0.98589	0.958398	0.955609	0.969612	0.947887	0.947287	0.946945	1.11665	1.07617	1.07918	1.11562	1.07045	1.11718	0.970626	1.00007	1.00566	0.999621	0.966483	0.96387	0.907109	0.9163	0.911859	0.932861	0.93211	0.931508	1.13241	1.13007	1.12714	1.12302	1.13186	1.13297	1.10961	1.11021	1.1058	1.11584	1.11062	1.11237	1.09888	1.10972	1.09432	1.09888	1.10435	1.11025	1.10839	1.11253	1.10858	1.11306	1.10793	1.10718	1.11214	1.10882	1.09991	1.10865	1.09987	1.10189	1.00951	1.01814	1.01225	1.00775	1.01483	1.00901	1.1139	1.12459	1.12952	1.12011	1.13154	1.12616	1.13045	1.12517	1.15273	1.13323	1.12087	1.13405
ERR635336	0.855184	0.83482	0.866343	0	0.868985	0.857865	1.01668	0.969183	0.976107	0.975548	0.981109	0.982784	0.888735	0.847329	0.848113	0.855896	0.887395	0.857136	0.936095	0.948661	0.951951	0.938302	0.953186	0.953335	0.91873	0.917182	0.932051	0.90841	0.907969	0.907849	1.09141	1.04928	1.0508	1.09	1.04259	1.09191	0.92966	0.964081	0.971215	0.963564	0.924759	0.919454	0.865588	0.8763	0.868958	0.89291	0.891408	0.892767	1.11039	1.10732	1.10221	1.09744	1.10956	1.11058	1.08184	1.08376	1.07828	1.09055	1.08253	1.08474	1.0729	1.08361	1.06819	1.07392	1.07762	1.08414	1.08107	1.0867	1.08132	1.08661	1.08036	1.07891	1.0833	1.08404	1.06978	1.07984	1.06955	1.07351	0.977608	0.98976	0.981094	0.975682	0.98378	0.976864	1.08761	1.10191	1.10728	1.09428	1.10936	1.10304	1.10613	1.09926	1.12955	1.10936	1.09412	1.11011
ERR635339	0.888386	0.880029	0.89781	0.868985	0	0.896224	1.04416	1.00606	1.01237	1.01187	1.01514	1.01661	0.935321	0.898076	0.89919	0.905473	0.934152	0.905962	0.976829	0.986567	0.987356	0.978761	0.988289	0.988666	0.961753	0.958862	0.97239	0.95089	0.950816	0.95056	1.11784	1.078	1.08107	1.11712	1.07214	1.11852	0.972654	1.00211	1.00766	1.0017	0.969122	0.965984	0.910172	0.919591	0.914967	0.935862	0.934377	0.93411	1.13448	1.13226	1.12944	1.12502	1.13386	1.13504	1.11199	1.1126	1.10811	1.11822	1.11271	1.11477	1.10084	1.11158	1.09674	1.10096	1.10627	1.1119	1.11087	1.11495	1.11098	1.11576	1.11036	1.10922	1.11455	1.11113	1.10263	1.11122	1.10214	1.10428	1.01187	1.02087	1.01459	1.00989	1.01731	1.01175	1.11625	1.12686	1.13206	1.12252	1.13382	1.12853	1.13254	1.12752	1.15484	1.13525	1.12298	1.13625
ERR635334	0.883505	0.869653	0.893403	0.857865	0.896224	0	1.03929	0.999354	1.00615	1.00551	1.00961	1.01121	0.928485	0.889891	0.890588	0.897743	0.927274	0.898369	0.968407	0.977964	0.979326	0.970324	0.980158	0.980619	0.954142	0.95122	0.965526	0.942944	0.943206	0.942688	1.11396	1.07313	1.0757	1.11313	1.06724	1.11451	0.965572	0.995923	1.00156	0.995446	0.961208	0.958103	0.902175	0.911544	0.906271	0.927859	0.926766	0.926791	1.12877	1.12573	1.12309	1.11866	1.12846	1.12947	1.10504	1.10552	1.10098	1.11174	1.10584	1.10802	1.09387	1.10494	1.08962	1.09403	1.09989	1.10565	1.10411	1.10841	1.10405	1.10863	1.10338	1.10216	1.10756	1.10522	1.09558	1.10457	1.0952	1.09746	1.00464	1.01378	1.00732	1.0028	1.0096	1.0042	1.10977	1.12121	1.12618	1.11588	1.12832	1.12239	1.12678	1.12134	1.14927	1.12963	1.11653	1.13039
ERR608707	1.03584	1.02488	1.04218	1.01668	1.04416	1.03929	0	0.816637	0.819517	0.820101	0.819591	0.819852	1.02182	0.995193	0.995831	1.0007	1.02078	1.00112	0.98626	0.997725	0.998499	0.98773	1.00035	0.999716	0.971791	0.970495	0.978008	0.964742	0.964382	0.964045	1.10761	1.07582	1.07972	1.10706	1.07249	1.10838	0.945414	0.969647	0.975325	0.969554	0.942166	0.939069	0.993034	1.00008	0.99484	1.01232	1.01068	1.01207	1.14595	1.14346	1.13937	1.13583	1.14526	1.14586	1.12017	1.12171	1.11793	1.1269	1.12136	1.1227	1.11855	1.12615	1.11446	1.11913	1.12172	1.12678	1.12278	1.12689	1.12314	1.12652	1.12246	1.12101	1.12051	1.12077	1.11002	1.11753	1.10938	1.11245	1.04259	1.05329	1.04732	1.0421	1.04872	1.04255	1.12765	1.13893	1.14312	1.13319	1.14441	1.14006	1.07662	1.07659	1.09048	1.07782	1.07519	1.07886
ERR608709	0.996024	0.979727	1.00328	0.969183	1.00606	0.999354	0.816637	0	0.782226	0.781792	0.787307	0.787808	0.971229	0.939573	0.940017	0.946585	0.969313	0.947983	0.930291	0.946398	0.950318	0.932087	0.952138	0.95119	0.920958	0.922579	0.931643	0.914773	0.913888	0.913234	1.07747	1.04249	1.04444	1.07684	1.03767	1.07903	0.884315	0.917994	0.926348	0.917933	0.878811	0.871728	0.940899	0.949825	0.941185	0.961733	0.9596	0.963189	1.11676	1.11379	1.1073	1.10261	1.11593	1.11676	1.08064	1.08416	1.07884	1.091	1.08174	1.08382	1.08043	1.08782	1.07562	1.08216	1.08245	1.08844	1.08354	1.08977	1.08456	1.08892	1.08347	1.08101	1.07977	1.08505	1.06741	1.07591	1.06623	1.07166	0.997717	1.01248	1.00347	0.997467	1.00529	0.997484	1.09003	1.10582	1.11081	1.09684	1.11228	1.10704	1.05406	1.04982	1.07129	1.05592	1.04719	1.05685
ERR608711	1.00264	0.986175	1.00985	0.976107	1.01237	1.00615	0.819517	0.782226	0	0.781152	0.786529	0.791509	0.975592	0.945262	0.94572	0.951885	0.97349	0.953406	0.936852	0.952756	0.957373	0.938422	0.958914	0.957829	0.925234	0.926592	0.935759	0.919728	0.918711	0.918285	1.07936	1.0456	1.04757	1.07855	1.04101	1.08057	0.889766	0.922497	0.93109	0.922342	0.884162	0.876918	0.946553	0.955099	0.946246	0.966082	0.964098	0.968057	1.12202	1.11885	1.11188	1.10785	1.12107	1.12193	1.08596	1.08964	1.08451	1.09651	1.08709	1.08907	1.08498	1.09217	1.08063	1.0871	1.0867	1.0926	1.08944	1.0956	1.09029	1.09467	1.08928	1.0869	1.08481	1.09119	1.07288	1.08125	1.07169	1.07733	1.00372	1.01853	1.00966	1.00297	1.01134	1.00317	1.09584	1.11158	1.11619	1.1026	1.11822	1.11258	1.05771	1.0538	1.07408	1.05957	1.05132	1.06025
ERR608710	1.00229	0.985557	1.00974	0.975548	1.01187	1.00551	0.820101	0.781792	0.781152	0	0.78603	0.790803	0.973989	0.943705	0.944386	0.950456	0.972454	0.952397	0.936507	0.951954	0.956412	0.937588	0.958108	0.957491	0.92447	0.926409	0.934842	0.91909	0.91825	0.917745	1.07855	1.04489	1.04654	1.07806	1.03989	1.07986	0.888425	0.921197	0.930181	0.921574	0.883151	0.875363	0.945558	0.953923	0.94479	0.964721	0.962879	0.96665	1.1204	1.11746	1.11065	1.10603	1.11969	1.12041	1.08435	1.08809	1.08276	1.09523	1.08523	1.08718	1.08388	1.09066	1.07927	1.08597	1.0852	1.09102	1.08762	1.09395	1.08848	1.09291	1.08738	1.08487	1.08307	1.08951	1.07083	1.07933	1.06966	1.07546	1.00294	1.018	1.00909	1.00255	1.01091	1.00252	1.09395	1.10986	1.11473	1.10085	1.11666	1.11113	1.05654	1.05275	1.07302	1.05835	1.04981	1.05959
ERR608712	1.00567	0.990866	1.01289	0.981109	1.01514	1.00961	0.819591	0.787307	0.786529	0.78603	0	0.795365	0.982452	0.95246	0.953011	0.958672	0.980781	0.9604	0.944385	0.959684	0.962809	0.946094	0.964355	0.963998	0.932785	0.93317	0.941974	0.926453	0.925613	0.925195	1.08389	1.04973	1.05235	1.08323	1.04545	1.08516	0.898408	0.929226	0.936909	0.929066	0.893282	0.887165	0.952719	0.961174	0.952929	0.97285	0.970903	0.973965	1.12409	1.12132	1.11539	1.11112	1.12348	1.12425	1.09111	1.09416	1.08927	1.1006	1.09214	1.09382	1.09008	1.09731	1.08565	1.09172	1.09223	1.09786	1.09415	1.09989	1.09495	1.09939	1.09364	1.09162	1.09033	1.09449	1.07847	1.08691	1.0776	1.08238	1.00906	1.02281	1.01502	1.00834	1.01662	1.00871	1.09984	1.11473	1.11926	1.10649	1.12102	1.116	1.0597	1.05672	1.076	1.06151	1.05454	1.06228
ERR608708	1.00735	0.992481	1.01477	0.982784	1.01661	1.01121	0.819852	0.787808	0.791509	0.790803	0.795365	0	0.984087	0.954404	0.955076	0.960702	0.98268	0.962263	0.946432	0.961107	0.964909	0.947692	0.966117	0.965314	0.934855	0.935643	0.944222	0.928683	0.927678	0.927354	1.08515	1.0512	1.05374	1.08439	1.04675	1.08604	0.900866	0.932293	0.939913	0.932122	0.896392	0.889898	0.956083	0.964373	0.956248	0.975822	0.974056	0.977205	1.12521	1.12238	1.11612	1.11202	1.12455	1.12519	1.09179	1.09471	1.0897	1.10106	1.09277	1.09446	1.09062	1.09802	1.08621	1.09248	1.09308	1.09851	1.09474	1.10047	1.09552	1.09978	1.09436	1.09242	1.09121	1.09567	1.07936	1.08745	1.07822	1.08312	1.01078	1.0249	1.01658	1.01035	1.01847	1.01061	1.10083	1.11545	1.12037	1.10723	1.12196	1.11666	1.06041	1.05735	1.07633	1.06201	1.05509	1.06287
ERR626919	0.923511	0.902025	0.933108	0.888735	0.935321	0.928485	1.02182	0.971229	0.975592	0.973989	0.982452	0.984087	0	0.783241	0.784445	0.792897	0.816338	0.794813	0.966877	0.984026	0.990835	0.96894	0.992232	0.99214	0.911364	0.91376	0.924634	0.906409	0.905549	0.905373	1.08156	1.04612	1.04586	1.08009	1.03993	1.08182	0.931437	0.963657	0.972677	0.9639	0.926978	0.917838	0.886126	0.896029	0.884485	0.906627	0.905518	0.910232	1.1114	1.10881	1.09995	1.09489	1.11051	1.1119	1.08381	1.08848	1.08282	1.09669	1.08476	1.08682	1.08192	1.0886	1.07702	1.08412	1.08275	1.08876	1.08345	1.09138	1.08526	1.09034	1.08275	1.08063	1.0822	1.08976	1.06868	1.07857	1.06714	1.07445	1.00048	1.01791	1.00617	0.998792	1.00908	0.999217	1.09093	1.10847	1.11403	1.0984	1.11609	1.11005	1.10899	1.09984	1.13078	1.11205	1.09439	1.11299
ERR626920	0.884764	0.861628	0.895573	0.847329	0.898076	0.889891	0.995193	0.939573	0.945262	0.943705	0.95246	0.954404	0.783241	0	0.735162	0.745806	0.781189	0.748326	0.927408	0.946449	0.952313	0.930005	0.954398	0.953758	0.87579	0.877038	0.891375	0.86764	0.866737	0.866359	1.06322	1.02147	1.02143	1.06152	1.01459	1.06369	0.895214	0.932475	0.942232	0.932627	0.889627	0.880067	0.844521	0.857819	0.844305	0.87205	0.871136	0.874917	1.08649	1.08337	1.07458	1.06917	1.08562	1.08696	1.05452	1.0585	1.05239	1.06738	1.05554	1.05784	1.05225	1.06105	1.0469	1.05433	1.05442	1.0611	1.05356	1.06166	1.05528	1.06071	1.05309	1.05037	1.05365	1.06	1.03875	1.0497	1.03755	1.04452	0.964395	0.983441	0.970991	0.962857	0.973894	0.963422	1.06155	1.07993	1.08592	1.06938	1.0884	1.08147	1.08156	1.07232	1.10628	1.08493	1.06637	1.08591
ERR626915	0.885429	0.862871	0.896295	0.848113	0.89919	0.890588	0.995831	0.940017	0.94572	0.944386	0.953011	0.955076	0.784445	0.735162	0	0.744848	0.782368	0.747038	0.927972	0.947018	0.953465	0.930523	0.955262	0.954925	0.876951	0.878621	0.892803	0.868861	0.868466	0.867858	1.06319	1.02152	1.0214	1.06131	1.0142	1.06378	0.89613	0.933961	0.943573	0.934139	0.891076	0.881232	0.846227	0.859103	0.845723	0.873664	0.872232	0.876784	1.08594	1.0827	1.0746	1.0688	1.0851	1.08637	1.05383	1.05788	1.05159	1.06664	1.05487	1.0574	1.05215	1.06096	1.04656	1.0543	1.05443	1.06111	1.05304	1.0608	1.0544	1.06034	1.05238	1.05013	1.05337	1.05977	1.03851	1.04934	1.03715	1.0442	0.965195	0.983776	0.971386	0.963633	0.97418	0.964174	1.06112	1.07951	1.08546	1.06898	1.08813	1.08097	1.08079	1.07163	1.10557	1.08429	1.06537	1.08519
ERR626917	0.892834	0.870613	0.903029	0.855896	0.905473	0.897743	1.0007	0.946585	0.951885	0.950456	0.958672	0.960702	0.792897	0.745806	0.744848	0	0.79062	0.757157	0.936212	0.954211	0.960162	0.938304	0.961946	0.961637	0.883946	0.885593	0.899302	0.876693	0.875875	0.875494	1.06728	1.02673	1.02705	1.06578	1.02002	1.06788	0.9033	0.939666	0.948395	0.93953	0.898198	0.889219	0.854115	0.866409	0.853471	0.879971	0.878796	0.882903	1.0918	1.08881	1.08047	1.07511	1.0912	1.09211	1.06108	1.06511	1.05903	1.07354	1.0618	1.06427	1.05859	1.0673	1.05331	1.0607	1.06054	1.06752	1.06048	1.06802	1.0618	1.06749	1.05978	1.05721	1.05999	1.06646	1.04562	1.05628	1.04447	1.05136	0.972599	0.991033	0.978662	0.971019	0.981601	0.971696	1.06805	1.08597	1.0921	1.07559	1.09418	1.08765	1.08741	1.07868	1.11172	1.09099	1.07252	1.09176
ERR626918	0.922727	0.900346	0.93184	0.887395	0.934152	0.927274	1.02078	0.969313	0.97349	0.972454	0.980781	0.98268	0.816338	0.781189	0.782368	0.79062	0	0.792945	0.964317	0.981789	0.988405	0.966578	0.98999	0.989513	0.909081	0.912065	0.922745	0.904477	0.903497	0.903576	1.0802	1.04539	1.04523	1.07912	1.03902	1.08075	0.929495	0.961376	0.970662	0.962082	0.924796	0.915282	0.884353	0.89441	0.882017	0.904429	0.903336	0.908014	1.11066	1.10812	1.09906	1.09373	1.10997	1.11108	1.08288	1.08744	1.08172	1.09551	1.08361	1.08565	1.08048	1.08717	1.07529	1.08253	1.08145	1.08732	1.08242	1.09027	1.08396	1.0893	1.08159	1.0795	1.08089	1.08865	1.06747	1.07728	1.06594	1.07329	0.998703	1.01649	1.00495	0.997464	1.00751	0.997786	1.08978	1.1077	1.11294	1.0971	1.11502	1.10936	1.1078	1.09906	1.12979	1.11117	1.09339	1.11189
ERR626916	0.893029	0.871726	0.903493	0.857136	0.905962	0.898369	1.00112	0.947983	0.953406	0.952397	0.9604	0.962263	0.794813	0.748326	0.747038	0.757157	0.792945	0	0.937554	0.955618	0.961403	0.940047	0.963096	0.962847	0.88572	0.887175	0.900961	0.878078	0.877075	0.876862	1.06823	1.02771	1.02808	1.06655	1.02107	1.06896	0.90579	0.941709	0.950662	0.941599	0.900382	0.891772	0.856356	0.868534	0.85598	0.882837	0.881396	0.885313	1.09174	1.08877	1.08084	1.07532	1.09093	1.09225	1.06181	1.0657	1.05942	1.07362	1.06279	1.06492	1.0594	1.06843	1.05451	1.06142	1.06211	1.06892	1.061	1.06837	1.06236	1.06783	1.06051	1.05811	1.06131	1.06684	1.04666	1.05742	1.04551	1.05221	0.9738	0.991498	0.979536	0.971951	0.982491	0.972857	1.06863	1.0863	1.09203	1.07645	1.09423	1.0878	1.08799	1.07899	1.11244	1.09134	1.07322	1.09214
ERR629880	0.965278	0.947274	0.974282	0.936095	0.976829	0.968407	0.98626	0.930291	0.936852	0.936507	0.944385	0.946432	0.966877	0.927408	0.927972	0.936212	0.964317	0.937554	0	0.807881	0.814308	0.790758	0.816209	0.815714	0.935401	0.935234	0.949604	0.926306	0.924979	0.924588	1.10636	1.06567	1.0658	1.10493	1.05849	1.10692	0.865934	0.906589	0.91518	0.905485	0.859135	0.852884	0.919804	0.930551	0.921291	0.944453	0.942552	0.944681	1.0785	1.07504	1.06824	1.06313	1.07758	1.079	1.04066	1.04402	1.03774	1.05093	1.04194	1.04414	1.04226	1.05252	1.03684	1.04372	1.04634	1.0533	1.04253	1.04836	1.04311	1.04797	1.04159	1.03981	1.04277	1.04598	1.02879	1.03876	1.02813	1.0328	0.960535	0.973898	0.964419	0.959198	0.967043	0.959988	1.05517	1.07218	1.07774	1.0627	1.07984	1.0729	1.06832	1.05985	1.09285	1.0718	1.05433	1.07248
ERR629881	0.975052	0.959018	0.983694	0.948661	0.986567	0.977964	0.997725	0.946398	0.952756	0.951954	0.959684	0.961107	0.984026	0.946449	0.947018	0.954211	0.981789	0.955618	0.807881	0	0.828361	0.809999	0.830174	0.82988	0.950759	0.94978	0.963675	0.941145	0.940466	0.939889	1.11697	1.07724	1.07811	1.11592	1.07058	1.11773	0.885334	0.922805	0.930069	0.921704	0.87925	0.87505	0.934466	0.944386	0.93719	0.958566	0.956848	0.958292	1.09011	1.08724	1.08151	1.07683	1.08929	1.09078	1.05669	1.05886	1.05322	1.06535	1.05751	1.05983	1.05498	1.06553	1.04977	1.05602	1.05975	1.06639	1.05811	1.06348	1.05834	1.06321	1.05728	1.05569	1.0588	1.05991	1.04548	1.05491	1.04486	1.04867	0.974691	0.985638	0.978063	0.973294	0.9798	0.974027	1.0699	1.08504	1.09048	1.0774	1.09231	1.08641	1.08209	1.07487	1.10585	1.08511	1.06965	1.08628
ERR629885	0.975983	0.961794	0.984558	0.951951	0.987356	0.979326	0.998499	0.950318	0.957373	0.956412	0.962809	0.964909	0.990835	0.952313	0.953465	0.960162	0.988405	0.961403	0.814308	0.828361	0	0.816111	0.828012	0.828371	0.955786	0.953909	0.968174	0.945141	0.944067	0.943686	1.12121	1.08046	1.0822	1.12032	1.07418	1.12202	0.890562	0.926631	0.932864	0.925126	0.884473	0.881915	0.937124	0.946984	0.940507	0.962502	0.96072	0.961392	1.0924	1.08965	1.08494	1.08023	1.09164	1.09333	1.06078	1.06208	1.05726	1.06848	1.06205	1.0639	1.05875	1.07041	1.05408	1.05988	1.06441	1.07129	1.0623	1.06681	1.06244	1.06694	1.06164	1.06015	1.06363	1.06232	1.0505	1.06016	1.0506	1.05308	0.976345	0.986799	0.979602	0.975065	0.981918	0.976188	1.07395	1.08775	1.09308	1.08113	1.0949	1.0889	1.0855	1.07961	1.10985	1.08839	1.07437	1.08934
ERR629882	0.966986	0.949706	0.975746	0.938302	0.978761	0.970324	0.98773	0.932087	0.938422	0.937588	0.946094	0.947692	0.96894	0.930005	0.930523	0.938304	0.966578	0.940047	0.790758	0.809999	0.816111	0	0.817788	0.818318	0.93671	0.936825	0.95076	0.927583	0.926388	0.925801	1.10712	1.06658	1.06688	1.10609	1.05957	1.10786	0.868327	0.908238	0.916732	0.907503	0.861251	0.855712	0.921388	0.931721	0.923008	0.946151	0.943819	0.946454	1.07922	1.07568	1.06901	1.06358	1.07829	1.0797	1.04172	1.04465	1.03854	1.0519	1.04278	1.04501	1.04338	1.054	1.03807	1.04495	1.04751	1.05454	1.04333	1.04923	1.0439	1.0491	1.04267	1.04064	1.04359	1.04686	1.02943	1.03939	1.02892	1.03359	0.962272	0.975262	0.965956	0.961004	0.968386	0.961596	1.05578	1.07296	1.0786	1.06367	1.08036	1.07395	1.0692	1.06101	1.09373	1.07244	1.05537	1.07347
ERR629884	0.977212	0.962867	0.985331	0.953186	0.988289	0.980158	1.00035	0.952138	0.958914	0.958108	0.964355	0.966117	0.992232	0.954398	0.955262	0.961946	0.98999	0.963096	0.816209	0.830174	0.828012	0.817788	0	0.830038	0.957412	0.955135	0.969252	0.946733	0.945942	0.945248	1.12213	1.08179	1.08337	1.12145	1.0753	1.12279	0.893077	0.928687	0.935073	0.927308	0.88721	0.88402	0.93892	0.94905	0.942493	0.96442	0.962665	0.963097	1.09301	1.09041	1.08548	1.08075	1.09219	1.09356	1.06169	1.06312	1.05815	1.06929	1.06285	1.06496	1.05927	1.07072	1.0546	1.06013	1.06487	1.07157	1.06307	1.06713	1.06294	1.06763	1.06237	1.06082	1.0644	1.06293	1.05143	1.06039	1.05127	1.05372	0.978766	0.988387	0.981799	0.977338	0.984001	0.978285	1.07473	1.08829	1.09363	1.08157	1.09572	1.08942	1.08619	1.08021	1.11029	1.08898	1.07483	1.08981
ERR629883	0.977385	0.963205	0.98589	0.953335	0.988666	0.980619	0.999716	0.95119	0.957829	0.957491	0.963998	0.965314	0.99214	0.953758	0.954925	0.961637	0.989513	0.962847	0.815714	0.82988	0.828371	0.818318	0.830038	0	0.957512	0.955417	0.969504	0.946597	0.945587	0.945358	1.12159	1.08136	1.08294	1.12105	1.07495	1.1224	0.892119	0.927996	0.934775	0.926424	0.88643	0.883147	0.939133	0.948916	0.942671	0.964059	0.962274	0.963303	1.09291	1.09014	1.08544	1.08047	1.09205	1.09345	1.06106	1.06281	1.05762	1.06894	1.0623	1.06444	1.05925	1.07095	1.0547	1.06006	1.06489	1.07151	1.06259	1.06703	1.0627	1.06704	1.0618	1.06049	1.06409	1.06293	1.05077	1.06013	1.05077	1.05326	0.978372	0.988465	0.981512	0.976991	0.983621	0.978276	1.07412	1.08812	1.09333	1.08129	1.09541	1.08921	1.08586	1.07969	1.10988	1.08902	1.07462	1.08966
ERR636926	0.950412	0.930979	0.958398	0.91873	0.961753	0.954142	0.971791	0.920958	0.925234	0.92447	0.932785	0.934855	0.911364	0.87579	0.876951	0.883946	0.909081	0.88572	0.935401	0.950759	0.955786	0.93671	0.957412	0.957512	0	0.79237	0.806855	0.784746	0.783971	0.783538	1.04101	1.00129	1.00257	1.03992	0.995402	1.04211	0.911614	0.945644	0.953734	0.945818	0.906748	0.898376	0.906762	0.916423	0.905766	0.929443	0.927315	0.931984	1.10937	1.10657	1.09847	1.09377	1.10868	1.10982	1.07706	1.0807	1.07497	1.08883	1.07796	1.08039	1.06608	1.07438	1.06109	1.06805	1.0682	1.07458	1.0805	1.08765	1.08182	1.08671	1.07988	1.07764	1.07808	1.08483	1.06474	1.07435	1.06319	1.07027	0.982348	0.99812	0.987426	0.981064	0.989777	0.98133	1.08775	1.10491	1.11021	1.0949	1.11253	1.10583	1.10385	1.09564	1.12662	1.10721	1.09036	1.10821
ERR636927	0.947214	0.929341	0.955609	0.917182	0.958862	0.95122	0.970495	0.922579	0.926592	0.926409	0.93317	0.935643	0.91376	0.877038	0.878621	0.885593	0.912065	0.887175	0.935234	0.94978	0.953909	0.936825	0.955135	0.955417	0.79237	0	0.807348	0.784289	0.784078	0.783427	1.04233	1.00111	1.00368	1.0414	0.995205	1.04363	0.913558	0.946521	0.954256	0.946293	0.908511	0.901678	0.906616	0.916984	0.907502	0.931028	0.928849	0.933252	1.10851	1.10554	1.09815	1.09369	1.10745	1.10872	1.07783	1.08107	1.07542	1.08858	1.0787	1.081	1.06621	1.07534	1.06127	1.06825	1.06907	1.07587	1.08075	1.08756	1.08198	1.08702	1.08043	1.07846	1.07919	1.08376	1.06579	1.07556	1.06478	1.07066	0.981526	0.996132	0.986231	0.979899	0.988551	0.980545	1.08813	1.10414	1.10933	1.09515	1.11175	1.10522	1.10361	1.0964	1.12704	1.10717	1.09119	1.10815
ERR636925	0.96154	0.943515	0.969612	0.932051	0.97239	0.965526	0.978008	0.931643	0.935759	0.934842	0.941974	0.944222	0.924634	0.891375	0.892803	0.899302	0.922745	0.900961	0.949604	0.963675	0.968174	0.95076	0.969252	0.969504	0.806855	0.807348	0	0.801018	0.799907	0.799481	1.04803	1.00967	1.01223	1.04709	1.00439	1.04888	0.925078	0.955955	0.963901	0.956711	0.920662	0.913571	0.920669	0.930173	0.920634	0.942682	0.940803	0.945329	1.11784	1.11508	1.10754	1.10347	1.11696	1.11819	1.08851	1.09196	1.08682	1.09935	1.08967	1.0918	1.07697	1.0853	1.0721	1.07877	1.07927	1.08556	1.09172	1.09871	1.09312	1.09776	1.09134	1.08943	1.08987	1.09525	1.07697	1.08636	1.0756	1.08172	0.994896	1.0098	0.999933	0.993679	1.00208	0.9939	1.09911	1.11493	1.11982	1.10591	1.12227	1.11594	1.11412	1.10672	1.13625	1.11734	1.10148	1.11811
ERR636930	0.939563	0.920907	0.947887	0.90841	0.95089	0.942944	0.964742	0.914773	0.919728	0.91909	0.926453	0.928683	0.906409	0.86764	0.868861	0.876693	0.904477	0.878078	0.926306	0.941145	0.945141	0.927583	0.946733	0.946597	0.784746	0.784289	0.801018	0	0.770506	0.769484	1.03806	0.995285	0.997575	1.0372	0.989208	1.03939	0.905225	0.939675	0.947745	0.939806	0.900211	0.893001	0.897183	0.907998	0.897888	0.923073	0.920909	0.925185	1.10226	1.09934	1.09203	1.08744	1.10145	1.10305	1.07084	1.07386	1.06827	1.0815	1.07168	1.07407	1.05907	1.06873	1.05405	1.0609	1.06219	1.06922	1.07392	1.08035	1.07488	1.07999	1.07315	1.07134	1.07231	1.07686	1.05878	1.06857	1.05758	1.06368	0.973033	0.988117	0.977793	0.971466	0.980157	0.971879	1.08137	1.0975	1.1026	1.08833	1.10558	1.09849	1.09729	1.08957	1.12117	1.10053	1.0844	1.10144
ERR636928	0.938877	0.920582	0.947287	0.907969	0.950816	0.943206	0.964382	0.913888	0.918711	0.91825	0.925613	0.927678	0.905549	0.866737	0.868466	0.875875	0.903497	0.877075	0.924979	0.940466	0.944067	0.926388	0.945942	0.945587	0.783971	0.784078	0.799907	0.770506	0	0.769115	1.03761	0.994835	0.997258	1.03685	0.988615	1.03898	0.903626	0.938187	0.946342	0.93865	0.898328	0.890955	0.896288	0.907555	0.896928	0.922	0.919892	0.924364	1.10192	1.09878	1.0916	1.08702	1.10104	1.10252	1.07006	1.07296	1.06771	1.08084	1.07101	1.07337	1.05841	1.06785	1.05356	1.06057	1.06174	1.06841	1.07324	1.07996	1.07433	1.07941	1.07281	1.07062	1.07163	1.0764	1.05783	1.06772	1.05671	1.06278	0.973046	0.98831	0.978197	0.97145	0.980482	0.972218	1.08069	1.09705	1.10242	1.08779	1.10481	1.09804	1.09683	1.08917	1.12075	1.10018	1.08381	1.10122
ERR636929	0.93865	0.919858	0.946945	0.907849	0.95056	0.942688	0.964045	0.913234	0.918285	0.917745	0.925195	0.927354	0.905373	0.866359	0.867858	0.875494	0.903576	0.876862	0.924588	0.939889	0.943686	0.925801	0.945248	0.945358	0.783538	0.783427	0.799481	0.769484	0.769115	0	1.03758	0.994494	0.996803	1.03627	0.988229	1.03878	0.903381	0.938082	0.946005	0.938206	0.898232	0.890807	0.896412	0.907517	0.896854	0.922131	0.919719	0.924433	1.10177	1.0988	1.09153	1.08671	1.10098	1.10237	1.06962	1.07278	1.06731	1.08048	1.07048	1.07287	1.05823	1.06744	1.05295	1.05986	1.06117	1.06799	1.07271	1.07957	1.07401	1.07903	1.07223	1.0703	1.07149	1.07613	1.05768	1.0675	1.05648	1.06253	0.972179	0.987711	0.977282	0.970585	0.97997	0.971558	1.08009	1.09679	1.10203	1.08738	1.10464	1.09786	1.09644	1.0887	1.12062	1.09999	1.08353	1.10101
ERR622183	1.11144	1.09891	1.11665	1.09141	1.11784	1.11396	1.10761	1.07747	1.07936	1.07855	1.08389	1.08515	1.08156	1.06322	1.06319	1.06728	1.0802	1.06823	1.10636	1.11697	1.12121	1.10712	1.12213	1.12159	1.04101	1.04233	1.04803	1.03806	1.03761	1.03758	0	0.70543	0.69349	0.701472	0.700921	0.702564	1.07483	1.09402	1.09951	1.09458	1.07181	1.06606	1.08153	1.08734	1.08032	1.09336	1.09237	1.09599	1.19747	1.19536	1.18915	1.18605	1.19678	1.19748	1.17606	1.17911	1.17517	1.18473	1.17671	1.17815	1.17416	1.17858	1.17123	1.17615	1.17452	1.17871	1.1788	1.18421	1.1799	1.18325	1.17867	1.17694	1.17519	1.18153	1.16624	1.17268	1.16516	1.17072	1.12541	1.13687	1.12956	1.12464	1.13113	1.12472	1.18361	1.19564	1.19903	1.18837	1.20079	1.19633	1.19509	1.18905	1.21007	1.19761	1.18544	1.19806
ERR622179	1.07019	1.05782	1.07617	1.04928	1.078	1.07313	1.07582	1.04249	1.0456	1.04489	1.04973	1.0512	1.04612	1.02147	1.02152	1.02673	1.04539	1.02771	1.06567	1.07724	1.08046	1.06658	1.08179	1.08136	1.00129	1.00111	1.00967	0.995285	0.994835	0.994494	0.70543	0	0.678177	0.704146	0.682537	0.705768	1.03579	1.05916	1.06475	1.05935	1.03281	1.02732	1.04166	1.04929	1.04215	1.05909	1.05759	1.06047	1.16735	1.16513	1.15951	1.1562	1.16656	1.1678	1.14358	1.14605	1.14154	1.15185	1.14436	1.14613	1.14167	1.14855	1.1382	1.14348	1.14371	1.14866	1.14667	1.15161	1.14741	1.15113	1.14615	1.14466	1.14439	1.14779	1.13394	1.14146	1.13335	1.13735	1.08713	1.09873	1.09103	1.0859	1.09337	1.08626	1.15103	1.16355	1.16758	1.15634	1.16926	1.16424	1.16442	1.15839	1.18258	1.16708	1.15415	1.16768
ERR622180	1.07317	1.05984	1.07918	1.0508	1.08107	1.0757	1.07972	1.04444	1.04757	1.04654	1.05235	1.05374	1.04586	1.02143	1.0214	1.02705	1.04523	1.02808	1.0658	1.07811	1.0822	1.06688	1.08337	1.08294	1.00257	1.00368	1.01223	0.997575	0.997258	0.996803	0.69349	0.678177	0	0.692611	0.67084	0.693855	1.03632	1.06027	1.0666	1.06059	1.03286	1.02661	1.04265	1.05	1.04231	1.05894	1.05777	1.06119	1.16816	1.16561	1.15976	1.1561	1.16748	1.16859	1.14334	1.14594	1.1415	1.15209	1.14411	1.1457	1.14158	1.14806	1.13797	1.14349	1.14288	1.14811	1.1462	1.15173	1.14691	1.15094	1.14573	1.14413	1.14342	1.14844	1.13286	1.14066	1.13204	1.13699	1.08771	1.10019	1.09194	1.08675	1.09404	1.08705	1.15104	1.16414	1.16815	1.15653	1.16994	1.16483	1.16445	1.15775	1.18225	1.16712	1.15378	1.16768
ERR622184	1.11048	1.09788	1.11562	1.09	1.11712	1.11313	1.10706	1.07684	1.07855	1.07806	1.08323	1.08439	1.08009	1.06152	1.06131	1.06578	1.07912	1.06655	1.10493	1.11592	1.12032	1.10609	1.12145	1.12105	1.03992	1.0414	1.04709	1.0372	1.03685	1.03627	0.701472	0.704146	0.692611	0	0.699742	0.701759	1.07349	1.09306	1.0985	1.09335	1.07054	1.06462	1.08053	1.08625	1.07925	1.09263	1.09153	1.0951	1.19582	1.19393	1.18775	1.18457	1.19538	1.19619	1.17437	1.17756	1.17363	1.18329	1.17492	1.1766	1.17301	1.17751	1.16981	1.17468	1.17324	1.17752	1.17743	1.18255	1.17846	1.18178	1.17686	1.17539	1.17333	1.17985	1.16463	1.17116	1.16359	1.16873	1.12478	1.13612	1.12853	1.12394	1.13033	1.12383	1.18189	1.19423	1.19769	1.18651	1.19911	1.19488	1.19362	1.18745	1.2087	1.19583	1.18375	1.19651
ERR622181	1.06436	1.05181	1.07045	1.04259	1.07214	1.06724	1.07249	1.03767	1.04101	1.03989	1.04545	1.04675	1.03993	1.01459	1.0142	1.02002	1.03902	1.02107	1.05849	1.07058	1.07418	1.05957	1.0753	1.07495	0.995402	0.995205	1.00439	0.989208	0.988615	0.988229	0.700921	0.682537	0.67084	0.699742	0	0.701068	1.02945	1.05377	1.05995	1.05392	1.02627	1.02035	1.03529	1.04312	1.03553	1.05283	1.05162	1.05447	1.16278	1.16042	1.15486	1.15121	1.16197	1.16325	1.13822	1.14073	1.13611	1.14675	1.13911	1.14073	1.1365	1.14325	1.13263	1.13782	1.13814	1.14345	1.14125	1.14634	1.14212	1.14605	1.14077	1.13918	1.13911	1.14276	1.12835	1.13617	1.12741	1.13231	1.081	1.09295	1.08507	1.07962	1.08723	1.08026	1.14597	1.15877	1.1629	1.15145	1.16465	1.15931	1.15944	1.15297	1.17794	1.16224	1.14876	1.16268
ERR622182	1.11196	1.09933	1.11718	1.09191	1.11852	1.11451	1.10838	1.07903	1.08057	1.07986	1.08516	1.08604	1.08182	1.06369	1.06378	1.06788	1.08075	1.06896	1.10692	1.11773	1.12202	1.10786	1.12279	1.1224	1.04211	1.04363	1.04888	1.03939	1.03898	1.03878	0.702564	0.705768	0.693855	0.701759	0.701068	0	1.07524	1.09469	1.10007	1.09499	1.07239	1.06681	1.08238	1.08807	1.08128	1.09441	1.09308	1.09669	1.19728	1.19548	1.18911	1.18605	1.19672	1.19754	1.17622	1.17948	1.17561	1.18505	1.17695	1.17844	1.17466	1.17915	1.17138	1.17641	1.17496	1.17905	1.17912	1.18434	1.18044	1.18361	1.17885	1.17715	1.17557	1.18151	1.16666	1.17327	1.16567	1.17079	1.12648	1.13787	1.13027	1.12558	1.13213	1.12586	1.1837	1.19587	1.19927	1.18857	1.20087	1.1965	1.19536	1.1892	1.21049	1.1976	1.18572	1.19823
ERR613247	0.961659	0.941921	0.970626	0.92966	0.972654	0.965572	0.945414	0.884315	0.889766	0.888425	0.898408	0.900866	0.931437	0.895214	0.89613	0.9033	0.929495	0.90579	0.865934	0.885334	0.890562	0.868327	0.893077	0.892119	0.911614	0.913558	0.925078	0.905225	0.903626	0.903381	1.07483	1.03579	1.03632	1.07349	1.02945	1.07524	0	0.824446	0.835221	0.82457	0.771251	0.762473	0.905824	0.91635	0.905888	0.929475	0.927378	0.930904	1.07105	1.06801	1.05947	1.05406	1.0702	1.0718	1.03296	1.03698	1.03076	1.04523	1.03385	1.03616	1.04053	1.04922	1.03567	1.04285	1.04251	1.04943	1.03527	1.04258	1.0365	1.0416	1.03474	1.03205	1.02972	1.03581	1.01538	1.02551	1.01352	1.02031	0.964451	0.980769	0.9702	0.963064	0.972364	0.963166	1.0465	1.06519	1.07089	1.05455	1.07312	1.0667	1.05389	1.04414	1.07906	1.0574	1.03841	1.05843
ERR613250	0.991986	0.974477	1.00007	0.964081	1.00211	0.995923	0.969647	0.917994	0.922497	0.921197	0.929226	0.932293	0.963657	0.932475	0.933961	0.939666	0.961376	0.941709	0.906589	0.922805	0.926631	0.908238	0.928687	0.927996	0.945644	0.946521	0.955955	0.939675	0.938187	0.938082	1.09402	1.05916	1.06027	1.09306	1.05377	1.09469	0.824446	0	0.865547	0.856608	0.819379	0.812618	0.940066	0.949053	0.940488	0.960749	0.959142	0.961986	1.09306	1.09045	1.083	1.07818	1.09205	1.09324	1.06101	1.06449	1.05933	1.07184	1.06195	1.06377	1.06794	1.07614	1.06409	1.07089	1.07037	1.07677	1.06355	1.07024	1.06489	1.06904	1.06343	1.06058	1.05786	1.06298	1.04514	1.0541	1.04403	1.0496	0.996964	1.01185	1.00228	0.996263	1.00452	0.996269	1.07454	1.09075	1.09576	1.08143	1.09787	1.0922	1.07971	1.07166	1.10277	1.08297	1.06671	1.08412
ERR613248	0.997936	0.981532	1.00566	0.971215	1.00766	1.00156	0.975325	0.926348	0.93109	0.930181	0.936909	0.939913	0.972677	0.942232	0.943573	0.948395	0.970662	0.950662	0.91518	0.930069	0.932864	0.916732	0.935073	0.934775	0.953734	0.954256	0.963901	0.947745	0.946342	0.946005	1.09951	1.06475	1.0666	1.0985	1.05995	1.10007	0.835221	0.865547	0	0.865359	0.830462	0.824871	0.948191	0.956699	0.949053	0.968667	0.967214	0.969441	1.09779	1.09527	1.0883	1.08344	1.097	1.09779	1.06787	1.07116	1.0661	1.07789	1.06905	1.07055	1.07469	1.08272	1.07086	1.07713	1.07717	1.08351	1.07042	1.07646	1.07172	1.07559	1.06995	1.06779	1.06531	1.06833	1.05254	1.06136	1.05187	1.05672	1.0048	1.01867	1.00998	1.0037	1.01171	1.00407	1.08147	1.09659	1.10162	1.08775	1.10342	1.09826	1.08607	1.07886	1.10867	1.0893	1.0739	1.09008
ERR613249	0.991473	0.973943	0.999621	0.963564	1.0017	0.995446	0.969554	0.917933	0.922342	0.921574	0.929066	0.932122	0.9639	0.932627	0.934139	0.93953	0.962082	0.941599	0.905485	0.921704	0.925126	0.907503	0.927308	0.926424	0.945818	0.946293	0.956711	0.939806	0.93865	0.938206	1.09458	1.05935	1.06059	1.09335	1.05392	1.09499	0.82457	0.856608	0.865359	0	0.818843	0.812541	0.940672	0.949401	0.940935	0.961563	0.959971	0.962431	1.09162	1.08916	1.08166	1.07661	1.09072	1.09173	1.05998	1.06344	1.05822	1.07047	1.06116	1.06275	1.06755	1.07535	1.06345	1.06967	1.07025	1.07616	1.06253	1.06881	1.06381	1.06807	1.06198	1.05975	1.05699	1.06149	1.04424	1.05339	1.0432	1.04858	0.996575	1.01104	1.00228	0.995387	1.0039	0.995822	1.07319	1.08926	1.09456	1.08008	1.09632	1.09119	1.07908	1.0711	1.10177	1.08227	1.06585	1.08313
ERR613246	0.957691	0.937176	0.966483	0.924759	0.969122	0.961208	0.942166	0.878811	0.884162	0.883151	0.893282	0.896392	0.926978	0.889627	0.891076	0.898198	0.924796	0.900382	0.859135	0.87925	0.884473	0.861251	0.88721	0.88643	0.906748	0.908511	0.920662	0.900211	0.898328	0.898232	1.07181	1.03281	1.03286	1.07054	1.02627	1.07239	0.771251	0.819379	0.830462	0.818843	0	0.753999	0.899359	0.910551	0.899416	0.923175	0.92151	0.925231	1.06843	1.06513	1.05616	1.05073	1.06743	1.06868	1.02837	1.03263	1.02634	1.04111	1.02904	1.03131	1.03579	1.04488	1.03112	1.03866	1.03808	1.04517	1.03052	1.03822	1.03186	1.03725	1.03018	1.02726	1.02496	1.03213	1.01009	1.02037	1.00836	1.01577	0.957969	0.975591	0.964323	0.957295	0.966132	0.957168	1.04226	1.06182	1.06734	1.05026	1.06955	1.06272	1.05001	1.03987	1.07528	1.05365	1.03412	1.05482
ERR613245	0.954785	0.931975	0.96387	0.919454	0.965984	0.958103	0.939069	0.871728	0.876918	0.875363	0.887165	0.889898	0.917838	0.880067	0.881232	0.889219	0.915282	0.891772	0.852884	0.87505	0.881915	0.855712	0.88402	0.883147	0.898376	0.901678	0.913571	0.893001	0.890955	0.890807	1.06606	1.02732	1.02661	1.06462	1.02035	1.06681	0.762473	0.812618	0.824871	0.812541	0.753999	0	0.892415	0.903692	0.89087	0.915633	0.913939	0.918657	1.06531	1.06159	1.0517	1.04601	1.06421	1.0655	1.02168	1.0271	1.02035	1.03602	1.02263	1.02486	1.02992	1.0381	1.02491	1.03312	1.03131	1.03845	1.02436	1.03292	1.02577	1.03145	1.02378	1.02056	1.01733	1.02755	1.00236	1.01296	1.001	1.00928	0.951812	0.970853	0.958612	0.95092	0.960683	0.950832	1.03656	1.05767	1.06337	1.04485	1.06548	1.0587	1.04462	1.03392	1.07023	1.04861	1.02779	1.04981
ERR608119	0.897798	0.878294	0.907109	0.865588	0.910172	0.902175	0.993034	0.940899	0.946553	0.945558	0.952719	0.956083	0.886126	0.844521	0.846227	0.854115	0.884353	0.856356	0.919804	0.934466	0.937124	0.921388	0.93892	0.939133	0.906762	0.906616	0.920669	0.897183	0.896288	0.896412	1.08153	1.04166	1.04265	1.08053	1.03529	1.08238	0.905824	0.940066	0.948191	0.940672	0.899359	0.892415	0	0.78272	0.771609	0.80081	0.8003	0.803439	1.10657	1.10335	1.09711	1.09227	1.1061	1.10696	1.07497	1.07817	1.07271	1.08599	1.07631	1.07844	1.0644	1.07349	1.05942	1.06625	1.0671	1.07384	1.0758	1.08215	1.07705	1.08194	1.07522	1.07341	1.07465	1.07931	1.06088	1.07079	1.06021	1.06567	0.955017	0.970095	0.960793	0.953678	0.963158	0.954488	1.08466	1.10029	1.10569	1.09141	1.10797	1.10132	1.10174	1.09461	1.12516	1.1049	1.08939	1.10581
ERR608117	0.907186	0.887532	0.9163	0.8763	0.919591	0.911544	1.00008	0.949825	0.955099	0.953923	0.961174	0.964373	0.896029	0.857819	0.859103	0.866409	0.89441	0.868534	0.930551	0.944386	0.946984	0.931721	0.94905	0.948916	0.916423	0.916984	0.930173	0.907998	0.907555	0.907517	1.08734	1.04929	1.05	1.08625	1.04312	1.08807	0.91635	0.949053	0.956699	0.949401	0.910551	0.903692	0.78272	0	0.782943	0.809677	0.808838	0.81232	1.1161	1.11273	1.10662	1.10164	1.11534	1.11656	1.08553	1.08886	1.0839	1.0964	1.08679	1.08889	1.07317	1.08171	1.06831	1.07512	1.07584	1.08179	1.08648	1.09291	1.08756	1.0924	1.08571	1.08376	1.08455	1.08998	1.07119	1.08107	1.07071	1.07643	0.965384	0.979687	0.970663	0.964163	0.972989	0.964617	1.09522	1.11052	1.11598	1.10172	1.11818	1.11169	1.11159	1.10463	1.13397	1.11497	1.09946	1.11557
ERR608118	0.902566	0.880932	0.911859	0.868958	0.914967	0.906271	0.99484	0.941185	0.946246	0.94479	0.952929	0.956248	0.884485	0.844305	0.845723	0.853471	0.882017	0.85598	0.921291	0.93719	0.940507	0.923008	0.942493	0.942671	0.905766	0.907502	0.920634	0.897888	0.896928	0.896854	1.08032	1.04215	1.04231	1.07925	1.03553	1.08128	0.905888	0.940488	0.949053	0.940935	0.899416	0.89087	0.771609	0.782943	0	0.799132	0.797935	0.802904	1.10998	1.10628	1.09907	1.09397	1.1088	1.1101	1.0768	1.08058	1.07516	1.08857	1.07795	1.07999	1.06525	1.07338	1.06037	1.06772	1.06733	1.07376	1.07763	1.08478	1.079	1.08413	1.07685	1.07486	1.07477	1.08206	1.06145	1.07117	1.06037	1.06684	0.957636	0.973509	0.963756	0.956431	0.965759	0.957063	1.08671	1.10366	1.10895	1.09349	1.1109	1.10427	1.10356	1.09555	1.12617	1.10696	1.0903	1.10761
ERR608121	0.924646	0.903367	0.932861	0.89291	0.935862	0.927859	1.01232	0.961733	0.966082	0.964721	0.97285	0.975822	0.906627	0.87205	0.873664	0.879971	0.904429	0.882837	0.944453	0.958566	0.962502	0.946151	0.96442	0.964059	0.929443	0.931028	0.942682	0.923073	0.922	0.922131	1.09336	1.05909	1.05894	1.09263	1.05283	1.09441	0.929475	0.960749	0.968667	0.961563	0.923175	0.915633	0.80081	0.809677	0.799132	0	0.816791	0.821945	1.12739	1.12379	1.11642	1.11189	1.12646	1.1276	1.09596	1.10001	1.09496	1.10781	1.0969	1.09924	1.08379	1.09086	1.07922	1.08623	1.08504	1.09089	1.09679	1.10394	1.09834	1.10292	1.09642	1.09431	1.09318	1.10169	1.08085	1.0902	1.0801	1.08674	0.979222	0.994016	0.98493	0.978165	0.986672	0.97852	1.10603	1.12217	1.12707	1.11242	1.12927	1.123	1.12216	1.11452	1.1428	1.12508	1.10961	1.12625
ERR608122	0.923131	0.902056	0.93211	0.891408	0.934377	0.926766	1.01068	0.9596	0.964098	0.962879	0.970903	0.974056	0.905518	0.871136	0.872232	0.878796	0.903336	0.881396	0.942552	0.956848	0.96072	0.943819	0.962665	0.962274	0.927315	0.928849	0.940803	0.920909	0.919892	0.919719	1.09237	1.05759	1.05777	1.09153	1.05162	1.09308	0.927378	0.959142	0.967214	0.959971	0.92151	0.913939	0.8003	0.808838	0.797935	0.816791	0	0.820946	1.12603	1.12262	1.11548	1.11055	1.12569	1.12637	1.0949	1.09885	1.09384	1.10695	1.09587	1.09796	1.08269	1.08953	1.07802	1.08485	1.08377	1.08957	1.09566	1.1027	1.09719	1.10211	1.09536	1.09317	1.09263	1.10067	1.07999	1.08905	1.07877	1.08581	0.977842	0.992729	0.983787	0.976855	0.985376	0.977375	1.10502	1.12154	1.12631	1.11134	1.1283	1.12214	1.12092	1.11321	1.14171	1.12382	1.10819	1.12454
ERR608120	0.922751	0.903404	0.931508	0.892767	0.93411	0.926791	1.01207	0.963189	0.968057	0.96665	0.973965	0.977205	0.910232	0.874917	0.876784	0.882903	0.908014	0.885313	0.944681	0.958292	0.961392	0.946454	0.963097	0.963303	0.931984	0.933252	0.945329	0.925185	0.924364	0.924433	1.09599	1.06047	1.06119	1.0951	1.05447	1.09669	0.930904	0.961986	0.969441	0.962431	0.925231	0.918657	0.803439	0.81232	0.802904	0.821945	0.820946	0	1.12695	1.1238	1.11715	1.11271	1.12625	1.12729	1.09724	1.10084	1.09573	1.10854	1.09827	1.10032	1.08477	1.09231	1.08027	1.08663	1.08655	1.09231	1.098	1.10466	1.09949	1.10393	1.09737	1.09573	1.0954	1.10168	1.08308	1.09209	1.08198	1.08812	0.979121	0.993497	0.985017	0.9784	0.987113	0.978624	1.10669	1.12209	1.12682	1.11322	1.12893	1.12291	1.12221	1.11525	1.14319	1.12541	1.11022	1.12619
