	ERR630047	ERR630042	ERR630044	ERR630046	ERR630045	ERR630043	ERR636911	ERR636912	ERR636910	ERR636907	ERR636908	ERR636909	ERR612225	ERR612224	ERR612221	ERR612223	ERR612226	ERR612222	ERR612903	ERR612904	ERR612906	ERR612907	ERR612908	ERR612905	ERR608936	ERR608932	ERR608935	ERR608934	ERR608931	ERR608933	ERR608852	ERR608851	ERR608848	ERR608849	ERR608847	ERR608850	ERR629858	ERR629860	ERR629856	ERR629861	ERR629859	ERR629857	ERR636746	ERR636747	ERR636745	ERR636749	ERR636750	ERR636748	ERR622045	ERR622047	ERR622046	ERR622049	ERR622050	ERR622048	ERR630268	ERR630269	ERR630267	ERR630270	ERR630266	ERR630271	ERR626612	ERR626610	ERR626611	ERR626613	ERR626608	ERR626609	ERR631068	ERR631072	ERR631073	ERR631070	ERR631071	ERR631069	ERR608355	ERR608356	ERR608358	ERR608357	ERR608354	ERR608353	ERR608246	ERR608247	ERR608245	ERR608248	ERR608250	ERR608249	ERR629873	ERR629870	ERR629868	ERR629871	ERR629869	ERR629872	ERR626517	ERR626516	ERR626521	ERR626519	ERR626520	ERR626518
ERR630047	6.47047e+09	6.28916e+09	6.05687e+09	6.05217e+09	5.39858e+09	5.70266e+09	6.51404e+09	6.60854e+09	6.48539e+09	5.96099e+09	6.31713e+09	6.33121e+09	5.52263e+09	6.30599e+09	7.10521e+09	6.95293e+09	6.21676e+09	6.94763e+09	6.53458e+09	5.08496e+09	5.67405e+09	5.50475e+09	5.56541e+09	6.19611e+09	6.14497e+09	7.01136e+09	6.22273e+09	6.28557e+09	6.05294e+09	7.24679e+09	6.39946e+09	6.35921e+09	6.21123e+09	6.60322e+09	4.96558e+09	6.3666e+09	6.36389e+09	5.78577e+09	6.41986e+09	5.8504e+09	5.76143e+09	5.89871e+09	6.32826e+09	6.28755e+09	6.03528e+09	6.43584e+09	6.47704e+09	6.41847e+09	5.31726e+09	4.94967e+09	4.99671e+09	5.60673e+09	5.71869e+09	5.61041e+09	6.50913e+09	6.19811e+09	6.65458e+09	6.37366e+09	7.01534e+09	6.10606e+09	5.21462e+09	5.1892e+09	5.13123e+09	5.09911e+09	6.31533e+09	5.83222e+09	6.57225e+09	6.38447e+09	6.09588e+09	6.67868e+09	6.32991e+09	6.32926e+09	5.37932e+09	5.80326e+09	5.90247e+09	5.80788e+09	5.12132e+09	4.17918e+09	4.63052e+09	5.01731e+09	3.72537e+09	4.43628e+09	4.22205e+09	4.41122e+09	5.84929e+09	6.30922e+09	6.36049e+09	5.81858e+09	5.96088e+09	5.82299e+09	6.80582e+09	7.13045e+09	6.74182e+09	6.69996e+09	6.74472e+09	6.30523e+09
ERR630042	6.28916e+09	6.54382e+09	6.11311e+09	6.06201e+09	5.40362e+09	5.74303e+09	6.58492e+09	6.68171e+09	6.55612e+09	6.03414e+09	6.40377e+09	6.40523e+09	5.56869e+09	6.36493e+09	7.19549e+09	7.0283e+09	6.27514e+09	7.02114e+09	6.59818e+09	5.12094e+09	5.73029e+09	5.55756e+09	5.62042e+09	6.24558e+09	6.22519e+09	7.09848e+09	6.30524e+09	6.36872e+09	6.08983e+09	7.34854e+09	6.48191e+09	6.44043e+09	6.28478e+09	6.69388e+09	4.99308e+09	6.44809e+09	6.46743e+09	5.85092e+09	6.52645e+09	5.91587e+09	5.8286e+09	5.98487e+09	6.39509e+09	6.34086e+09	6.08615e+09	6.48909e+09	6.5328e+09	6.4717e+09	5.39101e+09	5.01039e+09	5.05992e+09	5.67949e+09	5.79259e+09	5.68561e+09	6.56362e+09	6.24038e+09	6.70961e+09	6.42422e+09	7.09111e+09	6.13452e+09	5.30678e+09	5.26305e+09	5.22109e+09	5.18952e+09	6.41865e+09	5.9291e+09	6.69336e+09	6.4937e+09	6.20521e+09	6.80788e+09	6.43921e+09	6.45831e+09	5.49743e+09	5.92534e+09	6.02409e+09	5.92917e+09	5.22787e+09	4.24265e+09	4.75527e+09	5.15911e+09	3.80788e+09	4.54573e+09	4.32614e+09	4.51979e+09	5.86165e+09	6.36233e+09	6.41696e+09	5.83188e+09	5.99051e+09	5.83427e+09	6.89628e+09	7.23346e+09	6.83514e+09	6.79074e+09	6.83828e+09	6.36727e+09
ERR630044	6.05687e+09	6.11311e+09	6.07995e+09	5.84202e+09	5.21638e+09	5.53972e+09	6.33446e+09	6.42644e+09	6.30816e+09	5.81448e+09	6.16418e+09	6.16586e+09	5.36936e+09	6.12309e+09	6.90668e+09	6.74907e+09	6.03831e+09	6.74236e+09	6.34277e+09	4.94093e+09	5.52086e+09	5.35646e+09	5.41688e+09	6.00967e+09	5.99326e+09	6.81647e+09	6.06834e+09	6.12822e+09	5.86663e+09	7.05153e+09	6.23475e+09	6.19491e+09	6.04925e+09	6.43536e+09	4.82152e+09	6.20356e+09	6.2218e+09	5.64031e+09	6.27788e+09	5.70184e+09	5.61889e+09	5.76614e+09	6.15428e+09	6.10288e+09	5.86189e+09	6.2425e+09	6.28415e+09	6.22631e+09	5.19779e+09	4.83565e+09	4.88281e+09	5.47166e+09	5.5785e+09	5.47739e+09	6.31048e+09	6.00528e+09	6.44795e+09	6.17865e+09	6.80777e+09	5.90562e+09	5.1181e+09	5.07683e+09	5.03659e+09	5.00656e+09	6.1732e+09	5.70923e+09	6.43214e+09	6.24335e+09	5.97032e+09	6.54058e+09	6.19165e+09	6.20875e+09	5.29455e+09	5.70096e+09	5.79516e+09	5.7052e+09	5.03855e+09	4.09866e+09	4.5873e+09	4.97214e+09	3.68074e+09	4.38811e+09	4.17839e+09	4.36295e+09	5.64957e+09	6.12292e+09	6.17462e+09	5.62178e+09	5.77152e+09	5.62369e+09	6.62451e+09	6.94218e+09	6.56719e+09	6.52546e+09	6.56999e+09	6.12589e+09
ERR630046	6.05217e+09	6.06201e+09	5.84202e+09	6.02381e+09	5.21895e+09	5.50644e+09	6.27373e+09	6.36275e+09	6.24577e+09	5.74997e+09	6.0859e+09	6.10078e+09	5.33207e+09	6.07553e+09	6.82883e+09	6.68566e+09	5.99115e+09	6.68106e+09	6.2904e+09	4.91359e+09	5.4742e+09	5.31349e+09	5.37052e+09	5.97097e+09	5.92257e+09	6.74178e+09	5.99692e+09	6.05645e+09	5.83851e+09	6.96324e+09	6.16269e+09	6.12422e+09	5.98451e+09	6.35439e+09	4.80008e+09	6.13129e+09	6.12794e+09	5.58186e+09	6.18047e+09	5.64321e+09	5.55818e+09	5.68735e+09	6.0976e+09	6.05992e+09	5.82144e+09	6.20001e+09	6.23869e+09	6.18366e+09	5.13149e+09	4.78138e+09	4.82645e+09	5.40745e+09	5.51356e+09	5.41033e+09	6.26535e+09	5.97161e+09	6.40281e+09	6.13763e+09	6.74231e+09	5.8853e+09	5.03259e+09	5.00871e+09	4.95309e+09	4.92275e+09	6.07982e+09	5.62122e+09	6.32062e+09	6.14301e+09	5.86855e+09	6.42117e+09	6.0911e+09	6.08955e+09	5.1837e+09	5.58735e+09	5.68091e+09	5.59181e+09	4.9381e+09	4.0392e+09	4.46799e+09	4.83606e+09	3.60127e+09	4.28293e+09	4.07734e+09	4.25867e+09	5.64586e+09	6.08075e+09	6.1288e+09	5.61651e+09	5.75103e+09	5.62062e+09	6.54484e+09	6.85043e+09	6.48454e+09	6.44487e+09	6.48704e+09	6.0733e+09
ERR630045	5.39858e+09	5.40362e+09	5.21638e+09	5.21895e+09	4.84871e+09	4.93228e+09	5.58042e+09	5.65574e+09	5.55724e+09	5.1339e+09	5.41944e+09	5.43285e+09	4.77613e+09	5.40982e+09	6.04693e+09	5.92708e+09	5.3378e+09	5.92314e+09	5.59001e+09	4.41234e+09	4.8944e+09	4.75626e+09	4.80554e+09	5.31947e+09	5.28072e+09	5.9754e+09	5.3439e+09	5.39427e+09	5.21343e+09	6.16199e+09	5.48359e+09	5.45044e+09	5.33273e+09	5.64663e+09	4.32041e+09	5.45711e+09	5.44831e+09	4.98612e+09	5.49298e+09	5.03866e+09	4.9659e+09	5.07391e+09	5.42816e+09	5.39765e+09	5.19471e+09	5.51653e+09	5.5489e+09	5.50243e+09	4.59105e+09	4.29061e+09	4.32948e+09	4.82845e+09	4.91983e+09	4.83127e+09	5.56469e+09	5.31583e+09	5.68085e+09	5.45623e+09	5.96757e+09	5.2439e+09	4.50556e+09	4.48669e+09	4.43681e+09	4.41012e+09	5.40306e+09	5.01127e+09	5.60614e+09	5.45671e+09	5.22099e+09	5.69058e+09	5.41172e+09	5.40848e+09	4.62785e+09	4.9751e+09	5.05623e+09	4.97852e+09	4.41747e+09	3.63862e+09	4.00693e+09	4.32548e+09	3.24847e+09	3.84731e+09	3.66731e+09	3.82587e+09	5.04831e+09	5.41643e+09	5.45675e+09	5.023e+09	5.13668e+09	5.02665e+09	5.80224e+09	6.06026e+09	5.75099e+09	5.71756e+09	5.75318e+09	5.40368e+09
ERR630043	5.70266e+09	5.74303e+09	5.53972e+09	5.50644e+09	4.93228e+09	5.3932e+09	5.94163e+09	6.02488e+09	5.91771e+09	5.46525e+09	5.78184e+09	5.78706e+09	5.05834e+09	5.74906e+09	6.45905e+09	6.31891e+09	5.67131e+09	6.31336e+09	5.9474e+09	4.66292e+09	5.1948e+09	5.04343e+09	5.09866e+09	5.64633e+09	5.62721e+09	6.37876e+09	5.6957e+09	5.7506e+09	5.52103e+09	6.58916e+09	5.84715e+09	5.81178e+09	5.6788e+09	6.02806e+09	4.55735e+09	5.81785e+09	5.82595e+09	5.30232e+09	5.87652e+09	5.35899e+09	5.28248e+09	5.41329e+09	5.77408e+09	5.73136e+09	5.51108e+09	5.85906e+09	5.89638e+09	5.84454e+09	4.88758e+09	4.55675e+09	4.6004e+09	5.14086e+09	5.2395e+09	5.14533e+09	5.9149e+09	5.63844e+09	6.04147e+09	5.79534e+09	6.36557e+09	5.55079e+09	4.81026e+09	4.77727e+09	4.73503e+09	4.70708e+09	5.77866e+09	5.35502e+09	6.01317e+09	5.84281e+09	5.59088e+09	6.10938e+09	5.79518e+09	5.80661e+09	4.96382e+09	5.33781e+09	5.42461e+09	5.34217e+09	4.73062e+09	3.86792e+09	4.30787e+09	4.66035e+09	3.47166e+09	4.12649e+09	3.93175e+09	4.10307e+09	5.32442e+09	5.74976e+09	5.79613e+09	5.29803e+09	5.43285e+09	5.30039e+09	6.1959e+09	6.48349e+09	6.14239e+09	6.10477e+09	6.14503e+09	5.74734e+09
ERR636911	6.51404e+09	6.58492e+09	6.33446e+09	6.27373e+09	5.58042e+09	5.94163e+09	7.20394e+09	7.09764e+09	6.96126e+09	6.39559e+09	6.79943e+09	6.79457e+09	5.84689e+09	6.70539e+09	7.62114e+09	7.43673e+09	6.6103e+09	7.42272e+09	6.96677e+09	5.36883e+09	6.03212e+09	5.84528e+09	5.91536e+09	6.57761e+09	6.57303e+09	7.51832e+09	6.65952e+09	6.72815e+09	6.40536e+09	7.79647e+09	6.85803e+09	6.81271e+09	6.64515e+09	7.09047e+09	5.24786e+09	6.82492e+09	6.84376e+09	6.16304e+09	6.909e+09	6.23384e+09	6.14044e+09	6.31688e+09	6.75268e+09	6.68683e+09	6.41259e+09	6.85263e+09	6.90297e+09	6.83325e+09	5.66021e+09	5.25621e+09	5.30415e+09	5.97178e+09	6.09298e+09	5.98048e+09	6.89587e+09	6.54262e+09	7.05586e+09	6.74612e+09	7.48021e+09	6.42273e+09	5.61042e+09	5.55019e+09	5.51785e+09	5.48267e+09	6.80127e+09	6.27351e+09	7.11503e+09	6.89692e+09	6.59132e+09	7.24317e+09	6.84008e+09	6.86749e+09	5.84344e+09	6.30189e+09	6.40624e+09	6.30649e+09	5.54888e+09	4.47836e+09	5.05597e+09	5.49332e+09	4.03093e+09	4.82182e+09	4.58699e+09	4.79353e+09	6.11421e+09	6.66802e+09	6.72872e+09	6.08025e+09	6.25711e+09	6.08254e+09	7.2908e+09	7.66543e+09	7.22737e+09	7.17926e+09	7.23156e+09	6.70135e+09
ERR636912	6.60854e+09	6.68171e+09	6.42644e+09	6.36275e+09	5.65574e+09	6.02488e+09	7.09764e+09	7.42221e+09	7.06651e+09	6.48819e+09	6.90095e+09	6.89621e+09	5.92968e+09	6.80729e+09	7.74578e+09	7.55572e+09	6.70937e+09	7.54187e+09	7.07316e+09	5.44155e+09	6.118e+09	5.92806e+09	5.99922e+09	6.67488e+09	6.67178e+09	7.63991e+09	6.7604e+09	6.8301e+09	6.49857e+09	7.92577e+09	6.96382e+09	6.91766e+09	6.74613e+09	7.20248e+09	5.31873e+09	6.93034e+09	6.9495e+09	6.25215e+09	7.01682e+09	6.32413e+09	6.22924e+09	6.41006e+09	6.85429e+09	6.78663e+09	6.50544e+09	6.95569e+09	7.00703e+09	6.93588e+09	5.73989e+09	5.32716e+09	5.37693e+09	6.05706e+09	6.18027e+09	6.06569e+09	7.00025e+09	6.63874e+09	7.16355e+09	6.84667e+09	7.59857e+09	6.5156e+09	5.6892e+09	5.62754e+09	5.59527e+09	5.55966e+09	6.90499e+09	6.36496e+09	7.22787e+09	7.00453e+09	6.69269e+09	7.35877e+09	6.94592e+09	6.97498e+09	5.93055e+09	6.39774e+09	6.50398e+09	6.40196e+09	5.62931e+09	4.53839e+09	5.12857e+09	5.57485e+09	4.08546e+09	4.88939e+09	4.65119e+09	4.86096e+09	6.20081e+09	6.76821e+09	6.83055e+09	6.16704e+09	6.34713e+09	6.16883e+09	7.40525e+09	7.78937e+09	7.34075e+09	7.29115e+09	7.34508e+09	6.80154e+09
ERR636910	6.48539e+09	6.55612e+09	6.30816e+09	6.24577e+09	5.55724e+09	5.91771e+09	6.96126e+09	7.06651e+09	7.14129e+09	6.36977e+09	6.77095e+09	6.76562e+09	5.82207e+09	6.67547e+09	7.58465e+09	7.40104e+09	6.58042e+09	7.38734e+09	6.93567e+09	5.34663e+09	6.00733e+09	5.82159e+09	5.89126e+09	6.54879e+09	6.5462e+09	7.48388e+09	6.63198e+09	6.70006e+09	6.37844e+09	7.75995e+09	6.82899e+09	6.78365e+09	6.61712e+09	7.06006e+09	5.22667e+09	6.79635e+09	6.81476e+09	6.13804e+09	6.87965e+09	6.20826e+09	6.11544e+09	6.29225e+09	6.72204e+09	6.65643e+09	6.38424e+09	6.82045e+09	6.87064e+09	6.80148e+09	5.63632e+09	5.23456e+09	5.2824e+09	5.94604e+09	6.06569e+09	5.95457e+09	6.8627e+09	6.51134e+09	7.02143e+09	6.7133e+09	7.44369e+09	6.3918e+09	5.58874e+09	5.52864e+09	5.49675e+09	5.46197e+09	6.77259e+09	6.24775e+09	7.086e+09	6.869e+09	6.56517e+09	7.21194e+09	6.81206e+09	6.83929e+09	5.82187e+09	6.27736e+09	6.38091e+09	6.28224e+09	5.52907e+09	4.46295e+09	5.04026e+09	5.47571e+09	4.01969e+09	4.80707e+09	4.57352e+09	4.77932e+09	6.08437e+09	6.63657e+09	6.6973e+09	6.05092e+09	6.22747e+09	6.05319e+09	7.25693e+09	7.62963e+09	7.19397e+09	7.14642e+09	7.19825e+09	6.67157e+09
ERR636907	5.96099e+09	6.03414e+09	5.81448e+09	5.74997e+09	5.1339e+09	5.46525e+09	6.39559e+09	6.48819e+09	6.36977e+09	6.06699e+09	6.23506e+09	6.22823e+09	5.37654e+09	6.13636e+09	6.9429e+09	6.77984e+09	6.05236e+09	6.76609e+09	6.36408e+09	4.9454e+09	5.54135e+09	5.37501e+09	5.43751e+09	6.02032e+09	6.03115e+09	6.85602e+09	6.10777e+09	6.16799e+09	5.87448e+09	7.1e+09	6.279e+09	6.23895e+09	6.09167e+09	6.48404e+09	4.84152e+09	6.24965e+09	6.26921e+09	5.66467e+09	6.32774e+09	5.72743e+09	5.64502e+09	5.8054e+09	6.18184e+09	6.12117e+09	5.88095e+09	6.26525e+09	6.31031e+09	6.24941e+09	5.21203e+09	4.85044e+09	4.89409e+09	5.48844e+09	5.5952e+09	5.49562e+09	6.29544e+09	5.98227e+09	6.43559e+09	6.16261e+09	6.81083e+09	5.87358e+09	5.17484e+09	5.1177e+09	5.09179e+09	5.06058e+09	6.2272e+09	5.76283e+09	6.50807e+09	6.31406e+09	6.0451e+09	6.62056e+09	6.26391e+09	6.2922e+09	5.38257e+09	5.78949e+09	5.88085e+09	5.79341e+09	5.1197e+09	4.1515e+09	4.68353e+09	5.07654e+09	3.74947e+09	4.46955e+09	4.25674e+09	4.44346e+09	5.60389e+09	6.10369e+09	6.15809e+09	5.57391e+09	5.73545e+09	5.57541e+09	6.65228e+09	6.98143e+09	6.59751e+09	6.55565e+09	6.60166e+09	6.1314e+09
ERR636908	6.31713e+09	6.40377e+09	6.16418e+09	6.0859e+09	5.41944e+09	5.78184e+09	6.79943e+09	6.90095e+09	6.77095e+09	6.23506e+09	6.83323e+09	6.61575e+09	5.69285e+09	6.52122e+09	7.41057e+09	7.22702e+09	6.42983e+09	7.21271e+09	6.772e+09	5.22801e+09	5.87358e+09	5.69294e+09	5.76147e+09	6.39324e+09	6.40619e+09	7.3107e+09	6.48931e+09	6.5549e+09	6.22521e+09	7.58333e+09	6.67786e+09	6.63401e+09	6.47043e+09	6.90431e+09	5.10836e+09	6.64676e+09	6.67448e+09	6.00664e+09	6.73901e+09	6.07431e+09	5.98575e+09	6.16428e+09	6.57039e+09	6.50006e+09	6.23693e+09	6.65772e+09	6.70738e+09	6.64019e+09	5.52472e+09	5.13103e+09	5.17832e+09	5.82284e+09	5.93932e+09	5.83205e+09	6.69722e+09	6.35331e+09	6.85035e+09	6.55132e+09	7.26576e+09	6.23235e+09	5.48677e+09	5.42079e+09	5.39683e+09	5.36339e+09	6.63312e+09	6.12511e+09	6.94287e+09	6.72833e+09	6.43555e+09	7.06906e+09	6.67297e+09	6.71016e+09	5.7215e+09	6.16241e+09	6.26262e+09	6.16636e+09	5.43334e+09	4.38188e+09	4.96771e+09	5.39685e+09	3.95896e+09	4.7349e+09	4.506e+09	4.70679e+09	5.93232e+09	6.48223e+09	6.54162e+09	5.90051e+09	6.07731e+09	5.90161e+09	7.09371e+09	7.45862e+09	7.03526e+09	6.98784e+09	7.03928e+09	6.51712e+09
ERR636909	6.33121e+09	6.40523e+09	6.16586e+09	6.10078e+09	5.43285e+09	5.78706e+09	6.79457e+09	6.89621e+09	6.76562e+09	6.22823e+09	6.61575e+09	6.81605e+09	5.69306e+09	6.51841e+09	7.39741e+09	7.21899e+09	6.42711e+09	7.20567e+09	6.76591e+09	5.22866e+09	5.87045e+09	5.69024e+09	5.75784e+09	6.39303e+09	6.39642e+09	7.29938e+09	6.47937e+09	6.54523e+09	6.23056e+09	7.5652e+09	6.66873e+09	6.62583e+09	6.46312e+09	6.89123e+09	5.11355e+09	6.63605e+09	6.65661e+09	6.00209e+09	6.7205e+09	6.06958e+09	5.98026e+09	6.15222e+09	6.56376e+09	6.49966e+09	6.2369e+09	6.65653e+09	6.70529e+09	6.63869e+09	5.51669e+09	5.12512e+09	5.17235e+09	5.81498e+09	5.93171e+09	5.8237e+09	6.6966e+09	6.35656e+09	6.85005e+09	6.55203e+09	7.25862e+09	6.24029e+09	5.4704e+09	5.41146e+09	5.38006e+09	5.34673e+09	6.61439e+09	6.10819e+09	6.91896e+09	6.70833e+09	6.41521e+09	7.04079e+09	6.65317e+09	6.68269e+09	5.69554e+09	6.13714e+09	6.23745e+09	6.14134e+09	5.41145e+09	4.37347e+09	4.9406e+09	5.36373e+09	3.94392e+09	4.71312e+09	4.48529e+09	4.68558e+09	5.94279e+09	6.47936e+09	6.53845e+09	5.91049e+09	6.08299e+09	5.91251e+09	7.08052e+09	7.43984e+09	7.0201e+09	6.97371e+09	7.02401e+09	6.51528e+09
ERR612225	5.52263e+09	5.56869e+09	5.36936e+09	5.33207e+09	4.77613e+09	5.05834e+09	5.84689e+09	5.92968e+09	5.82207e+09	5.37654e+09	5.69285e+09	5.69306e+09	5.47692e+09	6.01082e+09	6.71226e+09	6.57012e+09	5.93542e+09	6.56172e+09	6.08913e+09	4.80171e+09	5.35137e+09	5.19636e+09	5.25379e+09	5.78923e+09	5.61464e+09	6.35144e+09	5.68478e+09	5.7385e+09	5.49488e+09	6.55746e+09	5.79755e+09	5.76251e+09	5.63025e+09	5.98337e+09	4.51055e+09	5.77298e+09	5.87749e+09	5.33977e+09	5.92832e+09	5.39927e+09	5.3217e+09	5.45869e+09	5.80038e+09	5.74982e+09	5.53874e+09	5.87314e+09	5.9113e+09	5.85978e+09	5.16913e+09	4.82931e+09	4.87157e+09	5.4269e+09	5.52644e+09	5.43342e+09	6.12705e+09	5.85873e+09	6.24781e+09	6.01511e+09	6.56043e+09	5.76469e+09	5.06067e+09	5.01758e+09	4.98703e+09	4.95561e+09	6.03984e+09	5.60952e+09	6.23667e+09	6.06393e+09	5.81275e+09	6.33626e+09	6.01622e+09	6.03369e+09	5.17213e+09	5.54426e+09	5.63047e+09	5.54757e+09	4.93525e+09	4.04853e+09	4.51582e+09	4.87205e+09	3.66496e+09	4.3281e+09	4.13268e+09	4.30368e+09	5.39806e+09	5.82096e+09	5.86507e+09	5.37192e+09	5.50992e+09	5.3734e+09	6.42631e+09	6.70514e+09	6.38055e+09	6.34398e+09	6.38343e+09	5.97997e+09
ERR612224	6.30599e+09	6.36493e+09	6.12309e+09	6.07553e+09	5.40982e+09	5.74906e+09	6.70539e+09	6.80729e+09	6.67547e+09	6.13636e+09	6.52122e+09	6.51841e+09	6.01082e+09	7.08627e+09	7.7737e+09	7.59325e+09	6.78675e+09	7.58228e+09	6.9921e+09	5.41586e+09	6.07643e+09	5.89e+09	5.95922e+09	6.61479e+09	6.41729e+09	7.32568e+09	6.5018e+09	6.56725e+09	6.26545e+09	7.58593e+09	6.65294e+09	6.61124e+09	6.44959e+09	6.87975e+09	5.1072e+09	6.62332e+09	6.75485e+09	6.09274e+09	6.81749e+09	6.16501e+09	6.07173e+09	6.2419e+09	6.63178e+09	6.56877e+09	6.30706e+09	6.72262e+09	6.76979e+09	6.70565e+09	5.8688e+09	5.45908e+09	5.50899e+09	6.18079e+09	6.30255e+09	6.18939e+09	7.0476e+09	6.71023e+09	7.19992e+09	6.90643e+09	7.59611e+09	6.59233e+09	5.7681e+09	5.71215e+09	5.67977e+09	5.64337e+09	6.94957e+09	6.42664e+09	7.21648e+09	7.00425e+09	6.70243e+09	7.3403e+09	6.94726e+09	6.97282e+09	5.94683e+09	6.39425e+09	6.49729e+09	6.39826e+09	5.65943e+09	4.59945e+09	5.17002e+09	5.59793e+09	4.16059e+09	4.94205e+09	4.71165e+09	4.91382e+09	6.12626e+09	6.65254e+09	6.7076e+09	6.09381e+09	6.26368e+09	6.09584e+09	7.42083e+09	7.77381e+09	7.36319e+09	7.31624e+09	7.36632e+09	6.85781e+09
ERR612221	7.10521e+09	7.19549e+09	6.90668e+09	6.82883e+09	6.04693e+09	6.45905e+09	7.62114e+09	7.74578e+09	7.58465e+09	6.9429e+09	7.41057e+09	7.39741e+09	6.71226e+09	7.7737e+09	9.23648e+09	8.71551e+09	7.65482e+09	8.69971e+09	7.94137e+09	6.03381e+09	6.81983e+09	6.59915e+09	6.68119e+09	7.46391e+09	7.26802e+09	8.38893e+09	7.36877e+09	7.44832e+09	7.05602e+09	8.73362e+09	7.58918e+09	7.5383e+09	7.33875e+09	7.86667e+09	5.73497e+09	7.55292e+09	7.7154e+09	6.88663e+09	7.79617e+09	6.972e+09	6.86193e+09	7.0805e+09	7.47776e+09	7.39363e+09	7.07085e+09	7.58752e+09	7.6488e+09	7.56558e+09	6.60989e+09	6.11912e+09	6.17625e+09	6.98072e+09	7.12696e+09	6.99274e+09	8.02024e+09	7.58322e+09	8.22021e+09	7.83577e+09	8.75057e+09	7.42961e+09	6.54225e+09	6.46168e+09	6.43739e+09	6.39382e+09	7.9582e+09	7.32515e+09	8.36539e+09	8.09606e+09	7.73561e+09	8.52492e+09	8.02923e+09	8.07728e+09	6.86105e+09	7.40408e+09	7.52864e+09	7.40848e+09	6.50642e+09	5.22181e+09	5.95606e+09	6.48056e+09	4.73955e+09	5.67175e+09	5.3962e+09	5.63825e+09	6.80903e+09	7.48221e+09	7.55519e+09	6.77036e+09	6.98369e+09	6.77221e+09	8.50773e+09	8.98078e+09	8.43329e+09	8.37156e+09	8.43749e+09	7.76888e+09
ERR612223	6.95293e+09	7.0283e+09	6.74907e+09	6.68566e+09	5.92708e+09	6.31891e+09	7.43673e+09	7.55572e+09	7.40104e+09	6.77984e+09	7.22702e+09	7.21899e+09	6.57012e+09	7.59325e+09	8.71551e+09	8.74472e+09	7.47887e+09	8.47214e+09	7.74956e+09	5.91082e+09	6.66936e+09	6.45594e+09	6.53487e+09	7.29505e+09	7.09391e+09	8.17102e+09	7.19087e+09	7.2678e+09	6.90237e+09	8.49379e+09	7.39655e+09	7.34753e+09	7.15783e+09	7.66182e+09	5.61343e+09	7.36156e+09	7.5133e+09	6.72664e+09	7.58978e+09	6.80957e+09	6.70237e+09	6.90765e+09	7.30609e+09	7.22919e+09	6.91888e+09	7.4157e+09	7.47343e+09	7.39467e+09	6.45198e+09	5.98099e+09	6.03583e+09	6.812e+09	6.95314e+09	6.8231e+09	7.82101e+09	7.40678e+09	8.01155e+09	7.64659e+09	8.50914e+09	7.26301e+09	6.37467e+09	6.30256e+09	6.27356e+09	6.23087e+09	7.73978e+09	7.13171e+09	8.11544e+09	7.86123e+09	7.51346e+09	8.26534e+09	7.79599e+09	7.83495e+09	6.66051e+09	7.18271e+09	7.30241e+09	7.18717e+09	6.3219e+09	5.09198e+09	5.77921e+09	6.27922e+09	4.6134e+09	5.50858e+09	5.2435e+09	5.47687e+09	6.67976e+09	7.31655e+09	7.38498e+09	6.64146e+09	6.84389e+09	6.64395e+09	8.27725e+09	8.72162e+09	8.20449e+09	8.14743e+09	8.20906e+09	7.58047e+09
ERR612226	6.21676e+09	6.27514e+09	6.03831e+09	5.99115e+09	5.3378e+09	5.67131e+09	6.6103e+09	6.70937e+09	6.58042e+09	6.05236e+09	6.42983e+09	6.42711e+09	5.93542e+09	6.78675e+09	7.65482e+09	7.47887e+09	6.89502e+09	7.4676e+09	6.89202e+09	5.34871e+09	5.99826e+09	5.81532e+09	5.88274e+09	6.52439e+09	6.32869e+09	7.21618e+09	6.41175e+09	6.47615e+09	6.17896e+09	7.47032e+09	6.55707e+09	6.51598e+09	6.35795e+09	6.77928e+09	5.04003e+09	6.5284e+09	6.65751e+09	6.00837e+09	6.71852e+09	6.07886e+09	5.98775e+09	6.15516e+09	6.54017e+09	6.47771e+09	6.2226e+09	6.62787e+09	6.67417e+09	6.61127e+09	5.79271e+09	5.39132e+09	5.44018e+09	6.0991e+09	6.21784e+09	6.10716e+09	6.94234e+09	6.61353e+09	7.09118e+09	6.80503e+09	7.47675e+09	6.49845e+09	5.69096e+09	5.63551e+09	5.60404e+09	5.56835e+09	6.84901e+09	6.3367e+09	7.10745e+09	6.89974e+09	6.60336e+09	7.22853e+09	6.84334e+09	6.86837e+09	5.86032e+09	6.29926e+09	6.40002e+09	6.30259e+09	5.5787e+09	4.53761e+09	5.09858e+09	5.5189e+09	4.107e+09	4.87542e+09	4.64849e+09	4.84775e+09	6.04443e+09	6.55995e+09	6.6135e+09	6.01301e+09	6.17974e+09	6.01517e+09	7.30883e+09	7.65236e+09	7.25259e+09	7.20703e+09	7.25565e+09	6.7589e+09
ERR612222	6.94763e+09	7.02114e+09	6.74236e+09	6.68106e+09	5.92314e+09	6.31336e+09	7.42272e+09	7.54187e+09	7.38734e+09	6.76609e+09	7.21271e+09	7.20567e+09	6.56172e+09	7.58228e+09	8.69971e+09	8.47214e+09	7.4676e+09	8.71636e+09	7.7359e+09	5.90378e+09	6.65823e+09	6.44591e+09	6.52439e+09	7.28476e+09	7.07865e+09	8.15267e+09	7.17587e+09	7.25192e+09	6.89113e+09	8.47387e+09	7.38175e+09	7.33326e+09	7.14324e+09	7.64493e+09	5.6051e+09	7.34587e+09	7.49774e+09	6.71589e+09	7.57376e+09	6.79877e+09	6.69171e+09	6.89493e+09	7.29245e+09	7.21691e+09	6.9066e+09	7.40225e+09	7.4597e+09	7.38114e+09	6.44671e+09	5.97545e+09	6.03158e+09	6.80512e+09	6.94597e+09	6.81592e+09	7.8159e+09	7.40254e+09	8.00625e+09	7.64089e+09	8.50208e+09	7.26059e+09	6.36437e+09	6.29607e+09	6.26304e+09	6.22152e+09	7.72685e+09	7.11973e+09	8.09915e+09	7.84639e+09	7.49823e+09	8.24734e+09	7.78106e+09	7.81768e+09	6.64665e+09	7.16888e+09	7.28803e+09	7.1729e+09	6.31077e+09	5.08658e+09	5.76838e+09	6.26641e+09	4.60725e+09	5.50087e+09	5.23608e+09	5.46893e+09	6.6717e+09	7.30395e+09	7.37195e+09	6.63327e+09	6.8347e+09	6.63595e+09	8.26473e+09	8.70711e+09	8.1917e+09	8.13356e+09	8.19522e+09	7.57316e+09
ERR612903	6.53458e+09	6.59818e+09	6.34277e+09	6.2904e+09	5.59001e+09	5.9474e+09	6.96677e+09	7.07316e+09	6.93567e+09	6.36408e+09	6.772e+09	6.76591e+09	6.08913e+09	6.9921e+09	7.94137e+09	7.74956e+09	6.89202e+09	7.7359e+09	7.65268e+09	5.7066e+09	6.41915e+09	6.2188e+09	6.29178e+09	7.00923e+09	6.64544e+09	7.61745e+09	6.73371e+09	6.80329e+09	6.48039e+09	7.90264e+09	6.91633e+09	6.87216e+09	6.70342e+09	7.16039e+09	5.28849e+09	6.88724e+09	7.06141e+09	6.34916e+09	7.12823e+09	6.42469e+09	6.32508e+09	6.50905e+09	6.89435e+09	6.82419e+09	6.54353e+09	6.99432e+09	7.04626e+09	6.97622e+09	6.05817e+09	5.62789e+09	5.67891e+09	6.38848e+09	6.51759e+09	6.3974e+09	7.29495e+09	6.9273e+09	7.46023e+09	7.13868e+09	7.89833e+09	6.79997e+09	5.95658e+09	5.89191e+09	5.86311e+09	5.82437e+09	7.20271e+09	6.64983e+09	7.51856e+09	7.2898e+09	6.97306e+09	7.65366e+09	7.23084e+09	7.26091e+09	6.19344e+09	6.66544e+09	6.77556e+09	6.67066e+09	5.88536e+09	4.76239e+09	5.35725e+09	5.80953e+09	4.29276e+09	5.11449e+09	4.87216e+09	5.08539e+09	6.32689e+09	6.90332e+09	6.96432e+09	6.29121e+09	6.4764e+09	6.29476e+09	7.69407e+09	8.08274e+09	7.62826e+09	7.57831e+09	7.63246e+09	7.07642e+09
ERR612904	5.08496e+09	5.12094e+09	4.94093e+09	4.91359e+09	4.41234e+09	4.66292e+09	5.36883e+09	5.44155e+09	5.34663e+09	4.9454e+09	5.22801e+09	5.22866e+09	4.80171e+09	5.41586e+09	6.03381e+09	5.91082e+09	5.34871e+09	5.90378e+09	5.7066e+09	4.69133e+09	5.03383e+09	4.89532e+09	4.94504e+09	5.43427e+09	5.14934e+09	5.81451e+09	5.21157e+09	5.2595e+09	5.04951e+09	6.00009e+09	5.32621e+09	5.29599e+09	5.17879e+09	5.4927e+09	4.18013e+09	5.3052e+09	5.42215e+09	4.94158e+09	5.46688e+09	4.99434e+09	4.92455e+09	5.0453e+09	5.341e+09	5.29637e+09	5.10255e+09	5.41147e+09	5.44584e+09	5.39912e+09	4.75196e+09	4.44967e+09	4.48768e+09	4.98313e+09	5.07241e+09	4.98846e+09	5.60395e+09	5.35958e+09	5.71418e+09	5.50009e+09	5.99966e+09	5.27623e+09	4.64002e+09	4.60416e+09	4.57306e+09	4.54578e+09	5.51697e+09	5.13277e+09	5.70456e+09	5.55077e+09	5.32622e+09	5.79413e+09	5.50767e+09	5.52062e+09	4.75979e+09	5.09462e+09	5.172e+09	5.09781e+09	4.54768e+09	3.74875e+09	4.15067e+09	4.47109e+09	3.37881e+09	3.98199e+09	3.80545e+09	3.96035e+09	4.97023e+09	5.35552e+09	5.39572e+09	4.94539e+09	5.07116e+09	4.94791e+09	5.86594e+09	6.11945e+09	5.82147e+09	5.7884e+09	5.82343e+09	5.4606e+09
ERR612906	5.67405e+09	5.73029e+09	5.52086e+09	5.4742e+09	4.8944e+09	5.1948e+09	6.03212e+09	6.118e+09	6.00733e+09	5.54135e+09	5.87358e+09	5.87045e+09	5.35137e+09	6.07643e+09	6.81983e+09	6.66936e+09	5.99826e+09	6.65823e+09	6.41915e+09	5.03383e+09	5.80512e+09	5.46249e+09	5.52241e+09	6.09222e+09	5.77916e+09	6.55805e+09	5.85171e+09	5.90862e+09	5.64253e+09	6.78275e+09	5.98965e+09	5.95356e+09	5.81423e+09	6.18575e+09	4.64016e+09	5.96484e+09	6.1094e+09	5.53322e+09	6.16321e+09	5.59516e+09	5.51374e+09	5.66349e+09	5.98861e+09	5.93144e+09	5.70476e+09	6.06645e+09	6.10807e+09	6.05188e+09	5.31138e+09	4.95593e+09	4.9995e+09	5.58129e+09	5.68651e+09	5.58896e+09	6.29553e+09	6.00429e+09	6.42683e+09	6.17259e+09	6.77177e+09	5.90081e+09	5.20417e+09	5.15297e+09	5.12592e+09	5.09411e+09	6.22619e+09	5.77605e+09	6.46324e+09	6.27847e+09	6.01845e+09	6.57048e+09	6.22926e+09	6.25268e+09	5.36879e+09	5.75853e+09	5.84777e+09	5.76196e+09	5.11683e+09	4.18037e+09	4.6742e+09	5.04966e+09	3.77707e+09	4.47322e+09	4.269e+09	4.4479e+09	5.52912e+09	5.99624e+09	6.04541e+09	5.50054e+09	5.65334e+09	5.50264e+09	6.62378e+09	6.92892e+09	6.5726e+09	6.53375e+09	6.57592e+09	6.13453e+09
ERR612907	5.50475e+09	5.55756e+09	5.35646e+09	5.31349e+09	4.75626e+09	5.04343e+09	5.84528e+09	5.92806e+09	5.82159e+09	5.37501e+09	5.69294e+09	5.69024e+09	5.19636e+09	5.89e+09	6.59915e+09	6.45594e+09	5.81532e+09	6.44591e+09	6.2188e+09	4.89532e+09	5.46249e+09	5.47778e+09	5.3622e+09	5.90699e+09	5.60338e+09	6.34893e+09	5.67252e+09	5.72715e+09	5.4747e+09	6.56336e+09	5.8046e+09	5.77025e+09	5.63734e+09	5.99287e+09	4.51129e+09	5.78113e+09	5.91842e+09	5.36781e+09	5.97008e+09	5.42725e+09	5.34997e+09	5.49176e+09	5.80558e+09	5.75191e+09	5.53438e+09	5.88137e+09	5.92119e+09	5.86782e+09	5.15439e+09	4.81461e+09	4.85636e+09	5.41336e+09	5.51347e+09	5.42051e+09	6.09815e+09	5.82008e+09	6.22349e+09	5.98033e+09	6.55252e+09	5.72135e+09	5.04881e+09	5.00019e+09	4.97386e+09	4.9433e+09	6.028e+09	5.59659e+09	6.25336e+09	6.07708e+09	5.82777e+09	6.35617e+09	6.02997e+09	6.051e+09	5.20374e+09	5.57697e+09	5.66296e+09	5.57991e+09	4.96272e+09	4.06291e+09	4.53403e+09	4.89478e+09	3.67083e+09	4.3413e+09	4.14464e+09	4.31743e+09	5.36788e+09	5.81448e+09	5.86092e+09	5.34021e+09	5.48637e+09	5.34219e+09	6.41022e+09	6.7013e+09	6.36099e+09	6.32355e+09	6.36423e+09	5.9437e+09
ERR612908	5.56541e+09	5.62042e+09	5.41688e+09	5.37052e+09	4.80554e+09	5.09866e+09	5.91536e+09	5.99922e+09	5.89126e+09	5.43751e+09	5.76147e+09	5.75784e+09	5.25379e+09	5.95922e+09	6.68119e+09	6.53487e+09	5.88274e+09	6.52439e+09	6.29178e+09	4.94504e+09	5.52241e+09	5.3622e+09	5.59914e+09	5.97413e+09	5.67033e+09	6.42762e+09	5.74101e+09	5.79601e+09	5.53673e+09	6.64602e+09	5.87514e+09	5.83952e+09	5.70429e+09	6.06631e+09	4.55965e+09	5.85102e+09	5.99185e+09	5.43058e+09	6.04393e+09	5.49103e+09	5.4121e+09	5.5572e+09	5.87155e+09	5.81691e+09	5.59616e+09	5.94855e+09	5.98918e+09	5.93446e+09	5.21437e+09	4.86877e+09	4.91107e+09	5.47761e+09	5.57971e+09	5.48457e+09	6.17126e+09	5.88767e+09	6.29899e+09	6.05142e+09	6.63479e+09	5.78725e+09	5.10973e+09	5.06011e+09	5.03378e+09	5.00313e+09	6.10438e+09	5.66662e+09	6.33585e+09	6.15592e+09	5.90371e+09	6.44098e+09	6.10846e+09	6.13077e+09	5.27018e+09	5.64944e+09	5.73671e+09	5.65279e+09	5.02465e+09	4.10978e+09	4.5922e+09	4.95911e+09	3.71527e+09	4.39633e+09	4.19642e+09	4.3715e+09	5.42531e+09	5.88051e+09	5.92823e+09	5.39727e+09	5.54623e+09	5.3992e+09	6.49096e+09	6.78753e+09	6.44144e+09	6.40303e+09	6.44448e+09	6.0152e+09
ERR612905	6.19611e+09	6.24558e+09	6.00967e+09	5.97097e+09	5.31947e+09	5.64633e+09	6.57761e+09	6.67488e+09	6.54879e+09	6.02032e+09	6.39324e+09	6.39303e+09	5.78923e+09	6.61479e+09	7.46391e+09	7.29505e+09	6.52439e+09	7.28476e+09	7.00923e+09	5.43427e+09	6.09222e+09	5.90699e+09	5.97413e+09	6.83939e+09	6.28091e+09	7.16961e+09	6.36255e+09	6.42717e+09	6.14213e+09	7.42312e+09	6.52561e+09	6.48493e+09	6.3297e+09	6.74632e+09	5.02651e+09	6.49687e+09	6.65328e+09	6.01017e+09	6.71343e+09	6.07985e+09	5.98766e+09	6.15146e+09	6.51925e+09	6.46007e+09	6.20146e+09	6.61423e+09	6.6607e+09	6.59795e+09	5.74435e+09	5.34775e+09	5.39576e+09	6.05012e+09	6.16883e+09	6.05724e+09	6.88352e+09	6.55251e+09	7.03436e+09	6.74257e+09	7.42517e+09	6.43976e+09	5.62919e+09	5.57815e+09	5.5425e+09	5.50662e+09	6.77985e+09	6.27253e+09	7.05354e+09	6.8477e+09	6.55382e+09	7.17385e+09	6.79256e+09	6.81254e+09	5.82284e+09	6.26018e+09	6.36159e+09	6.26529e+09	5.54302e+09	4.51177e+09	5.04417e+09	5.45928e+09	4.06307e+09	4.82436e+09	4.59917e+09	4.79731e+09	6.01253e+09	6.53098e+09	6.58629e+09	5.98011e+09	6.14699e+09	5.98306e+09	7.23788e+09	7.58492e+09	7.17649e+09	7.13169e+09	7.18001e+09	6.68582e+09
ERR608936	6.14497e+09	6.22519e+09	5.99326e+09	5.92257e+09	5.28072e+09	5.62721e+09	6.57303e+09	6.67178e+09	6.5462e+09	6.03115e+09	6.40619e+09	6.39642e+09	5.61464e+09	6.41729e+09	7.26802e+09	7.09391e+09	6.32869e+09	7.07865e+09	6.64544e+09	5.14934e+09	5.77916e+09	5.60338e+09	5.67033e+09	6.28091e+09	6.51279e+09	7.18776e+09	6.3972e+09	6.46017e+09	6.13776e+09	7.45014e+09	6.54598e+09	6.50379e+09	6.34623e+09	6.76476e+09	5.02417e+09	6.51636e+09	6.54047e+09	5.89646e+09	6.60273e+09	5.96352e+09	5.87651e+09	6.04875e+09	6.42327e+09	6.35615e+09	6.10529e+09	6.50746e+09	6.55442e+09	6.49061e+09	5.4439e+09	5.06276e+09	5.1075e+09	5.73346e+09	5.84639e+09	5.74268e+09	6.56253e+09	6.23533e+09	6.70915e+09	6.42503e+09	7.10391e+09	6.11829e+09	5.39681e+09	5.33427e+09	5.31074e+09	5.27657e+09	6.50395e+09	6.01297e+09	6.80663e+09	6.60041e+09	6.31766e+09	6.92774e+09	6.54686e+09	6.58233e+09	5.61763e+09	6.04408e+09	6.13996e+09	6.04771e+09	5.33954e+09	4.32092e+09	4.8767e+09	5.29041e+09	3.89971e+09	4.65031e+09	4.42901e+09	4.62297e+09	5.83987e+09	6.36895e+09	6.42617e+09	5.80808e+09	5.98058e+09	5.80947e+09	6.95262e+09	7.29951e+09	6.8969e+09	6.85267e+09	6.90141e+09	6.40168e+09
ERR608932	7.01136e+09	7.09848e+09	6.81647e+09	6.74178e+09	5.9754e+09	6.37876e+09	7.51832e+09	7.63991e+09	7.48388e+09	6.85602e+09	7.3107e+09	7.29938e+09	6.35144e+09	7.32568e+09	8.38893e+09	8.17102e+09	7.21618e+09	8.15267e+09	7.61745e+09	5.81451e+09	6.55805e+09	6.34893e+09	6.42762e+09	7.16961e+09	7.18776e+09	8.52717e+09	7.28699e+09	7.36453e+09	6.9844e+09	8.6144e+09	7.48674e+09	7.43526e+09	7.24532e+09	7.75607e+09	5.67423e+09	7.44975e+09	7.48452e+09	6.69695e+09	7.56025e+09	6.77802e+09	6.67198e+09	6.88017e+09	7.32689e+09	7.24719e+09	6.93778e+09	7.43531e+09	7.49374e+09	7.41392e+09	6.16493e+09	5.71207e+09	5.76494e+09	6.51315e+09	6.6486e+09	6.5235e+09	7.53048e+09	7.12502e+09	7.71307e+09	7.3591e+09	8.20466e+09	6.98448e+09	6.10933e+09	6.03567e+09	6.00817e+09	5.96735e+09	7.44276e+09	6.84699e+09	7.82989e+09	7.57737e+09	7.23571e+09	7.97961e+09	7.51388e+09	7.55554e+09	6.40533e+09	6.91751e+09	7.03378e+09	6.92243e+09	6.0715e+09	4.87259e+09	5.52365e+09	6.01435e+09	4.38484e+09	5.25642e+09	4.99763e+09	5.22563e+09	6.62845e+09	7.26677e+09	7.33681e+09	6.5912e+09	6.79484e+09	6.59297e+09	7.9992e+09	8.43559e+09	7.9278e+09	7.87247e+09	7.9335e+09	7.31452e+09
ERR608935	6.22273e+09	6.30524e+09	6.06834e+09	5.99692e+09	5.3439e+09	5.6957e+09	6.65952e+09	6.7604e+09	6.63198e+09	6.10777e+09	6.48931e+09	6.47937e+09	5.68478e+09	6.5018e+09	7.36877e+09	7.19087e+09	6.41175e+09	7.17587e+09	6.73371e+09	5.21157e+09	5.85171e+09	5.67252e+09	5.74101e+09	6.36255e+09	6.3972e+09	7.28699e+09	6.68051e+09	6.54503e+09	6.21553e+09	7.55475e+09	6.63148e+09	6.58858e+09	6.42808e+09	6.85513e+09	5.08254e+09	6.60166e+09	6.62911e+09	5.97203e+09	6.69268e+09	6.03986e+09	5.95186e+09	6.12729e+09	6.50852e+09	6.44007e+09	6.18478e+09	6.59394e+09	6.64274e+09	6.57661e+09	5.51229e+09	5.12453e+09	5.17061e+09	5.80781e+09	5.92261e+09	5.81702e+09	6.65147e+09	6.31792e+09	6.80064e+09	6.5111e+09	7.20183e+09	6.19865e+09	5.46367e+09	5.39933e+09	5.37553e+09	5.34124e+09	6.59062e+09	6.09029e+09	6.89919e+09	6.68807e+09	6.40036e+09	7.02223e+09	6.63372e+09	6.67023e+09	5.68782e+09	6.12174e+09	6.21897e+09	6.125e+09	5.40542e+09	4.3699e+09	4.93487e+09	5.35511e+09	3.94356e+09	4.70467e+09	4.47985e+09	4.67705e+09	5.91532e+09	6.45371e+09	6.51223e+09	5.88315e+09	6.05849e+09	5.88467e+09	7.04892e+09	7.40167e+09	6.99146e+09	6.9466e+09	6.99638e+09	6.48777e+09
ERR608934	6.28557e+09	6.36872e+09	6.12822e+09	6.05645e+09	5.39427e+09	5.7506e+09	6.72815e+09	6.8301e+09	6.70006e+09	6.16799e+09	6.5549e+09	6.54523e+09	5.7385e+09	6.56725e+09	7.44832e+09	7.2678e+09	6.47615e+09	7.25192e+09	6.80329e+09	5.2595e+09	5.90862e+09	5.72715e+09	5.79601e+09	6.42717e+09	6.46017e+09	7.36453e+09	6.54503e+09	6.81368e+09	6.27769e+09	7.63672e+09	6.6994e+09	6.65553e+09	6.49298e+09	6.92579e+09	5.12954e+09	6.66803e+09	6.69591e+09	6.02889e+09	6.75976e+09	6.09776e+09	6.00778e+09	6.18621e+09	6.574e+09	6.50492e+09	6.2457e+09	6.66103e+09	6.71041e+09	6.6434e+09	5.5631e+09	5.16978e+09	5.21628e+09	5.8625e+09	5.97868e+09	5.87141e+09	6.7183e+09	6.37992e+09	6.86999e+09	6.57606e+09	7.27811e+09	6.25907e+09	5.51331e+09	5.44826e+09	5.42449e+09	5.38978e+09	6.65677e+09	6.149e+09	6.96971e+09	6.75601e+09	6.46437e+09	7.09464e+09	6.70132e+09	6.73776e+09	5.74225e+09	6.18216e+09	6.28104e+09	6.18613e+09	5.45579e+09	4.40754e+09	4.9791e+09	5.40452e+09	3.97662e+09	4.74643e+09	4.5189e+09	4.71837e+09	5.97236e+09	6.51786e+09	6.5777e+09	5.94001e+09	6.1173e+09	5.94105e+09	7.12147e+09	7.48047e+09	7.0633e+09	7.01789e+09	7.06821e+09	6.55177e+09
ERR608931	6.05294e+09	6.08983e+09	5.86663e+09	5.83851e+09	5.21343e+09	5.52103e+09	6.40536e+09	6.49857e+09	6.37844e+09	5.87448e+09	6.22521e+09	6.23056e+09	5.49488e+09	6.26545e+09	7.05602e+09	6.90237e+09	6.17896e+09	6.89113e+09	6.48039e+09	5.04951e+09	5.64253e+09	5.4747e+09	5.53673e+09	6.14213e+09	6.13776e+09	6.9844e+09	6.21553e+09	6.27769e+09	6.20854e+09	7.22283e+09	6.3604e+09	6.32002e+09	6.17595e+09	6.56453e+09	4.93255e+09	6.3301e+09	6.33577e+09	5.74823e+09	6.39301e+09	5.81375e+09	5.72607e+09	5.87375e+09	6.26597e+09	6.216e+09	5.97503e+09	6.36111e+09	6.40415e+09	6.34507e+09	5.29528e+09	4.93454e+09	4.97685e+09	5.58025e+09	5.68931e+09	5.58567e+09	6.4146e+09	6.10752e+09	6.55481e+09	6.28364e+09	6.91632e+09	6.00786e+09	5.22168e+09	5.1819e+09	5.14034e+09	5.10695e+09	6.29525e+09	5.82246e+09	6.56414e+09	6.37533e+09	6.09808e+09	6.67239e+09	6.32284e+09	6.33533e+09	5.40103e+09	5.81434e+09	5.90866e+09	5.81836e+09	5.14291e+09	4.19454e+09	4.67151e+09	5.05746e+09	3.7601e+09	4.46719e+09	4.25529e+09	4.44187e+09	5.75634e+09	6.23061e+09	6.28274e+09	5.72451e+09	5.87712e+09	5.72812e+09	6.75084e+09	7.07193e+09	6.69258e+09	6.65179e+09	6.69613e+09	6.24719e+09
ERR608933	7.24679e+09	7.34854e+09	7.05153e+09	6.96324e+09	6.16199e+09	6.58916e+09	7.79647e+09	7.92577e+09	7.75995e+09	7.1e+09	7.58333e+09	7.5652e+09	6.55746e+09	7.58593e+09	8.73362e+09	8.49379e+09	7.47032e+09	8.47387e+09	7.90264e+09	6.00009e+09	6.78275e+09	6.56336e+09	6.64602e+09	7.42312e+09	7.45014e+09	8.6144e+09	7.55475e+09	7.63672e+09	7.22283e+09	9.2437e+09	7.77383e+09	7.7196e+09	7.51678e+09	8.06215e+09	5.86087e+09	7.73554e+09	7.77574e+09	6.93187e+09	7.85726e+09	7.01715e+09	6.90637e+09	7.13185e+09	7.58687e+09	7.49787e+09	7.17024e+09	7.69851e+09	7.76158e+09	7.67548e+09	6.37795e+09	5.90136e+09	5.95577e+09	6.74248e+09	6.88557e+09	6.75451e+09	7.80804e+09	7.37283e+09	8.00351e+09	7.62388e+09	8.53737e+09	7.22028e+09	6.33161e+09	6.24768e+09	6.2251e+09	6.18254e+09	7.73457e+09	7.10451e+09	8.16532e+09	7.89303e+09	7.53387e+09	8.32799e+09	7.82597e+09	7.87822e+09	6.66938e+09	7.20992e+09	7.33173e+09	7.21414e+09	6.31395e+09	5.04643e+09	5.74804e+09	6.26964e+09	4.54653e+09	5.46243e+09	5.19158e+09	5.43048e+09	6.83325e+09	7.51885e+09	7.59472e+09	6.79434e+09	7.0128e+09	6.79598e+09	8.31725e+09	8.79134e+09	8.24177e+09	8.18186e+09	8.24811e+09	7.57578e+09
ERR608852	6.39946e+09	6.48191e+09	6.23475e+09	6.16269e+09	5.48359e+09	5.84715e+09	6.85803e+09	6.96382e+09	6.82899e+09	6.279e+09	6.67786e+09	6.66873e+09	5.79755e+09	6.65294e+09	7.58918e+09	7.39655e+09	6.55707e+09	7.38175e+09	6.91633e+09	5.32621e+09	5.98965e+09	5.8046e+09	5.87514e+09	6.52561e+09	6.54598e+09	7.48674e+09	6.63148e+09	6.6994e+09	6.3604e+09	7.77383e+09	7.12941e+09	6.8557e+09	6.68249e+09	7.13307e+09	5.27012e+09	6.8678e+09	6.81398e+09	6.12766e+09	6.88138e+09	6.19858e+09	6.10588e+09	6.28944e+09	6.66626e+09	6.59619e+09	6.32513e+09	6.76206e+09	6.81383e+09	6.7432e+09	5.62802e+09	5.2256e+09	5.27295e+09	5.9354e+09	6.05581e+09	5.94524e+09	6.80879e+09	6.4503e+09	6.97165e+09	6.65613e+09	7.40985e+09	6.3262e+09	5.57772e+09	5.51278e+09	5.48692e+09	5.45173e+09	6.75028e+09	6.22868e+09	7.11012e+09	6.89021e+09	6.58791e+09	7.23962e+09	6.83341e+09	6.86909e+09	5.85723e+09	6.31428e+09	6.41739e+09	6.31765e+09	5.56216e+09	4.48458e+09	5.06977e+09	5.50848e+09	4.03982e+09	4.83056e+09	4.59669e+09	4.80254e+09	6.02852e+09	6.60034e+09	6.66292e+09	5.99419e+09	6.17738e+09	5.99567e+09	7.22848e+09	7.61424e+09	7.16599e+09	7.11643e+09	7.17089e+09	6.6278e+09
ERR608851	6.35921e+09	6.44043e+09	6.19491e+09	6.12422e+09	5.45044e+09	5.81178e+09	6.81271e+09	6.91766e+09	6.78365e+09	6.23895e+09	6.63401e+09	6.62583e+09	5.76251e+09	6.61124e+09	7.5383e+09	7.34753e+09	6.51598e+09	7.33326e+09	6.87216e+09	5.29599e+09	5.95356e+09	5.77025e+09	5.83952e+09	6.48493e+09	6.50379e+09	7.43526e+09	6.58858e+09	6.65553e+09	6.32002e+09	7.7196e+09	6.8557e+09	7.03683e+09	6.63853e+09	7.08482e+09	5.23951e+09	6.82257e+09	6.76975e+09	6.08992e+09	6.83587e+09	6.16068e+09	6.06865e+09	6.25014e+09	6.62287e+09	6.55407e+09	6.28473e+09	6.71788e+09	6.76936e+09	6.69942e+09	5.59525e+09	5.19592e+09	5.24314e+09	5.90027e+09	6.01921e+09	5.90954e+09	6.7656e+09	6.41109e+09	6.92725e+09	6.61482e+09	7.3609e+09	6.28816e+09	5.54525e+09	5.48091e+09	5.45546e+09	5.42001e+09	6.707e+09	6.19031e+09	7.06335e+09	6.84507e+09	6.54627e+09	7.1916e+09	6.78914e+09	6.82508e+09	5.82227e+09	6.27523e+09	6.37733e+09	6.27819e+09	5.53e+09	4.46134e+09	5.04111e+09	5.476e+09	4.0189e+09	4.80384e+09	4.572e+09	4.7759e+09	5.99106e+09	6.55742e+09	6.61934e+09	5.95671e+09	6.13852e+09	5.95855e+09	7.18059e+09	7.5627e+09	7.11828e+09	7.0694e+09	7.12281e+09	6.58612e+09
ERR608848	6.21123e+09	6.28478e+09	6.04925e+09	5.98451e+09	5.33273e+09	5.6788e+09	6.64515e+09	6.74613e+09	6.61712e+09	6.09167e+09	6.47043e+09	6.46312e+09	5.63025e+09	6.44959e+09	7.33875e+09	7.15783e+09	6.35795e+09	7.14324e+09	6.70342e+09	5.17879e+09	5.81423e+09	5.63734e+09	5.70429e+09	6.3297e+09	6.34623e+09	7.24532e+09	6.42808e+09	6.49298e+09	6.17595e+09	7.51678e+09	6.68249e+09	6.63853e+09	6.69891e+09	6.90795e+09	5.12968e+09	6.65168e+09	6.59837e+09	5.94548e+09	6.66113e+09	6.01391e+09	5.92472e+09	6.09779e+09	6.46309e+09	6.39771e+09	6.13877e+09	6.55619e+09	6.60529e+09	6.53861e+09	5.46101e+09	5.07626e+09	5.1212e+09	5.75752e+09	5.87197e+09	5.76624e+09	6.59749e+09	6.2567e+09	6.75327e+09	6.4525e+09	7.16878e+09	6.13855e+09	5.4115e+09	5.35126e+09	5.32457e+09	5.29047e+09	6.53441e+09	6.03589e+09	6.87544e+09	6.66611e+09	6.37782e+09	6.99832e+09	6.61258e+09	6.6441e+09	5.67477e+09	6.11117e+09	6.209e+09	6.11377e+09	5.39272e+09	4.36093e+09	4.91302e+09	5.3314e+09	3.92451e+09	4.68268e+09	4.45802e+09	4.65582e+09	5.85871e+09	6.40265e+09	6.46186e+09	5.82463e+09	5.9995e+09	5.82661e+09	6.99401e+09	7.36023e+09	6.93373e+09	6.88737e+09	6.93882e+09	6.42356e+09
