	ERR608936	ERR608932	ERR608935	ERR608934	ERR608931	ERR608933	ERR608389	ERR608391	ERR608390	ERR608393	ERR608392	ERR608394	ERR609030	ERR609032	ERR609031	ERR609027	ERR609028	ERR609029	ERR606000	ERR606004	ERR606003	ERR606005	ERR606001	ERR606002	ERR607606	ERR607603	ERR607607	ERR607608	ERR607605	ERR607604	ERR617061	ERR617062	ERR617059	ERR617058	ERR617057	ERR617060	ERR617522	ERR617518	ERR617517	ERR617521	ERR617519	ERR617520	ERR613543	ERR613542	ERR613541	ERR613540	ERR613539	ERR613544	ERR613171	ERR613169	ERR613168	ERR613172	ERR613170	ERR613167	ERR617468	ERR617466	ERR617467	ERR617464	ERR617465	ERR617463	ERR626673	ERR626671	ERR626669	ERR626672	ERR626670	ERR626668	ERR617477	ERR617475	ERR617480	ERR617479	ERR617476	ERR617478	ERR615626	ERR615625	ERR615624	ERR615623	ERR615622	ERR615621	ERR606715	ERR606714	ERR606710	ERR606711	ERR606713	ERR606712	ERR618335	ERR618337	ERR618334	ERR618336	ERR618338	ERR618333	ERR616860	ERR616859	ERR616864	ERR616863	ERR616862	ERR616861
ERR608936	0	0.780734	0.797836	0.796547	0.810438	0.774916	0.949184	0.917542	0.926295	0.915721	0.918409	0.925825	0.85544	0.859853	0.859035	0.867233	0.83771	0.831045	0.968156	0.960975	0.958158	0.963297	0.931961	0.930259	1.1009	1.08995	1.10413	1.10461	1.10085	1.09894	0.90453	0.901459	0.887386	0.890155	0.892083	0.901653	0.929691	0.92515	0.927516	0.934594	0.925668	0.939695	0.935848	0.935223	0.910634	0.910039	0.910217	0.93652	1.10916	1.09032	1.08549	1.10968	1.11374	1.08095	1.09367	1.09115	1.0896	1.10074	1.10073	1.1007	1.1105	1.1111	1.10898	1.11009	1.12479	1.10251	1.08749	1.08965	1.08081	1.07659	1.08832	1.07756	1.06399	1.06315	1.07071	1.07007	1.08943	1.09622	1.12855	1.12605	1.18846	1.1288	1.14252	1.13265	1.25467	1.16142	1.25674	1.16192	1.16234	1.25771	1.10931	1.11053	1.11874	1.11915	1.11999	1.10336
ERR608932	0.780734	0	0.777736	0.775616	0.783087	0.740662	0.929209	0.894702	0.904505	0.893298	0.896	0.904306	0.836446	0.841274	0.839978	0.84684	0.813627	0.80609	0.949348	0.942237	0.93929	0.944746	0.909691	0.90755	1.08167	1.06988	1.08532	1.08585	1.08175	1.07932	0.881412	0.877427	0.862368	0.865361	0.867412	0.878268	0.910397	0.905001	0.906985	0.915374	0.905684	0.921615	0.915925	0.915402	0.886386	0.885986	0.885711	0.916378	1.09079	1.07028	1.06513	1.0909	1.09519	1.06065	1.07461	1.07201	1.07066	1.08233	1.08245	1.08211	1.09219	1.09334	1.0906	1.09232	1.1074	1.08362	1.06912	1.07112	1.06147	1.05744	1.06987	1.05814	1.04474	1.04398	1.052	1.05199	1.07242	1.07995	1.11083	1.1081	1.17447	1.11119	1.12577	1.11535	1.24825	1.14594	1.25045	1.14642	1.14718	1.25158	1.09008	1.091	1.09994	1.10059	1.1014	1.08366
ERR608935	0.797836	0.777736	0	0.793595	0.807836	0.772	0.947727	0.915751	0.924847	0.914243	0.916158	0.923861	0.854344	0.858521	0.857511	0.865799	0.835145	0.829067	0.967042	0.959075	0.956173	0.961464	0.929991	0.928026	1.09967	1.08875	1.10298	1.10349	1.09978	1.09765	0.902712	0.899434	0.885399	0.887784	0.89027	0.89946	0.928269	0.923495	0.925721	0.932976	0.923923	0.938335	0.933658	0.933328	0.908638	0.908153	0.908244	0.934438	1.10826	1.08901	1.08449	1.10852	1.11258	1.07965	1.09227	1.08996	1.08863	1.09944	1.09934	1.09945	1.10912	1.11003	1.10752	1.10909	1.12368	1.10124	1.08608	1.08825	1.0792	1.07513	1.08658	1.07585	1.06231	1.06143	1.06929	1.06874	1.08802	1.09492	1.1276	1.12503	1.18796	1.12789	1.14161	1.13148	1.25394	1.16047	1.2561	1.16092	1.16156	1.25714	1.10771	1.10903	1.11753	1.11818	1.11893	1.10221
ERR608934	0.796547	0.775616	0.793595	0	0.805683	0.769763	0.946426	0.914537	0.923642	0.912787	0.915261	0.923103	0.853015	0.857475	0.856483	0.864511	0.834001	0.827352	0.96565	0.957919	0.95522	0.960684	0.928621	0.926601	1.09846	1.08757	1.10223	1.10259	1.09832	1.09654	0.901573	0.898103	0.883538	0.886408	0.888742	0.89822	0.927169	0.922295	0.92468	0.931537	0.922729	0.936975	0.932971	0.932447	0.907179	0.906803	0.906912	0.933625	1.10729	1.08786	1.08309	1.1074	1.11145	1.07857	1.09155	1.08891	1.0875	1.09855	1.09838	1.09851	1.10813	1.10901	1.10652	1.10795	1.12291	1.10012	1.0852	1.08725	1.07837	1.07409	1.08584	1.07503	1.06131	1.06052	1.06813	1.06766	1.08701	1.09396	1.12676	1.12395	1.18705	1.12683	1.14074	1.13065	1.25343	1.15976	1.25543	1.16008	1.16063	1.25654	1.10712	1.10827	1.11625	1.11685	1.11771	1.10097
ERR608931	0.810438	0.783087	0.807836	0.805683	0	0.780517	0.950445	0.926942	0.934046	0.925695	0.929142	0.933665	0.860994	0.864696	0.864193	0.862963	0.84134	0.837004	0.972161	0.970773	0.969126	0.973598	0.944451	0.943174	1.10564	1.09439	1.10877	1.10944	1.10541	1.10202	0.90621	0.901767	0.895702	0.897876	0.896809	0.903761	0.938198	0.935652	0.934852	0.94505	0.936434	0.949907	0.941618	0.940472	0.91477	0.914176	0.91394	0.941627	1.11362	1.09554	1.09147	1.11384	1.11684	1.08846	1.09985	1.09886	1.09772	1.10765	1.10801	1.10606	1.1181	1.11916	1.11573	1.11814	1.12926	1.1101	1.09289	1.0931	1.08459	1.08272	1.09324	1.08308	1.07087	1.07038	1.07715	1.0793	1.09683	1.10315	1.13015	1.12745	1.18669	1.13128	1.14403	1.13472	1.27014	1.16494	1.27215	1.16442	1.16642	1.27271	1.11314	1.11254	1.11949	1.12009	1.12055	1.10706
ERR608933	0.774916	0.740662	0.772	0.769763	0.780517	0	0.924641	0.886748	0.897352	0.884828	0.887774	0.89749	0.831651	0.836361	0.834657	0.844222	0.807478	0.79875	0.944551	0.93576	0.932392	0.938571	0.901609	0.899272	1.07538	1.06341	1.07926	1.07964	1.07572	1.07358	0.876063	0.872389	0.853654	0.857206	0.860261	0.872588	0.903439	0.897254	0.900458	0.908391	0.898029	0.914457	0.910009	0.909508	0.880015	0.879589	0.87942	0.910756	1.08482	1.06348	1.05811	1.08512	1.08959	1.0529	1.06753	1.06458	1.06294	1.07539	1.0756	1.0758	1.08521	1.08622	1.08394	1.08524	1.10189	1.07636	1.06351	1.06601	1.05608	1.05086	1.06402	1.05188	1.03817	1.03737	1.04558	1.0448	1.06642	1.07395	1.10579	1.10299	1.17135	1.10583	1.12108	1.10999	1.24166	1.14108	1.2441	1.14183	1.14219	1.24532	1.08426	1.08543	1.09498	1.09552	1.09627	1.0774
ERR608389	0.949184	0.929209	0.947727	0.946426	0.950445	0.924641	0	0.820898	0.829551	0.820453	0.823095	0.829916	0.957133	0.960058	0.958661	0.962266	0.939089	0.933792	0.977276	0.972983	0.970007	0.975202	0.944894	0.943168	1.09406	1.08361	1.09734	1.09801	1.09421	1.09169	0.943426	0.940361	0.930089	0.932222	0.933058	0.941021	0.921569	0.918953	0.919292	0.928057	0.919124	0.933316	0.926673	0.926336	0.903273	0.90333	0.902872	0.927684	1.10419	1.08519	1.08054	1.10428	1.10788	1.07716	1.08442	1.08279	1.08167	1.09155	1.09149	1.09077	1.10187	1.10254	1.09992	1.1014	1.11468	1.09386	1.08576	1.08723	1.07895	1.07602	1.08665	1.07655	1.0669	1.06632	1.07334	1.07369	1.09138	1.09771	1.12056	1.11785	1.17935	1.1212	1.13445	1.12468	1.25478	1.15501	1.25672	1.15466	1.15638	1.25691	1.10561	1.10593	1.11307	1.11387	1.11412	1.09963
ERR608391	0.917542	0.894702	0.915751	0.914537	0.926942	0.886748	0.820898	0	0.786884	0.772049	0.774347	0.787016	0.927818	0.93116	0.929439	0.939802	0.907146	0.899035	0.949318	0.938239	0.933997	0.940659	0.903468	0.900846	1.06564	1.05403	1.06943	1.06989	1.06652	1.06452	0.912693	0.910126	0.890277	0.893276	0.897291	0.909804	0.887348	0.881039	0.885222	0.8923	0.881261	0.898242	0.895925	0.895912	0.868657	0.868875	0.868933	0.897134	1.07695	1.0546	1.04917	1.07668	1.08154	1.04361	1.05432	1.05079	1.04912	1.06112	1.06093	1.0622	1.07008	1.07097	1.06918	1.07001	1.08802	1.06137	1.05695	1.06023	1.05065	1.04502	1.0576	1.04592	1.03469	1.03424	1.04239	1.04023	1.06171	1.06887	1.09737	1.0942	1.16476	1.09711	1.11261	1.10098	1.22891	1.13286	1.23117	1.1331	1.13387	1.23202	1.07814	1.08003	1.08933	1.09031	1.091	1.07149
ERR608390	0.926295	0.904505	0.924847	0.923642	0.934046	0.897352	0.829551	0.786884	0	0.785748	0.788116	0.799095	0.935557	0.939479	0.937669	0.947087	0.916266	0.908844	0.957366	0.947585	0.943519	0.950011	0.914587	0.912483	1.07427	1.06281	1.07809	1.07869	1.07457	1.07252	0.922047	0.919097	0.901176	0.904027	0.907649	0.918728	0.896891	0.891693	0.895153	0.901931	0.891382	0.907863	0.90449	0.904397	0.879124	0.878903	0.878907	0.905812	1.08479	1.06373	1.05844	1.08472	1.0897	1.05325	1.06311	1.05959	1.05829	1.06979	1.06983	1.07081	1.07932	1.0802	1.07823	1.07913	1.0962	1.07076	1.06514	1.06815	1.0591	1.05378	1.06592	1.05462	1.04403	1.0432	1.05102	1.04925	1.06966	1.07687	1.10468	1.10146	1.16957	1.10443	1.11955	1.10827	1.23452	1.13949	1.23678	1.13969	1.1406	1.23772	1.08654	1.08788	1.09692	1.0975	1.09841	1.08
ERR608393	0.915721	0.893298	0.914243	0.912787	0.925695	0.884828	0.820453	0.772049	0.785748	0	0.767751	0.781097	0.926262	0.929582	0.927343	0.939146	0.905337	0.897006	0.947535	0.936564	0.931505	0.938714	0.901083	0.898213	1.06534	1.05383	1.06905	1.06978	1.06603	1.06429	0.911474	0.90877	0.887991	0.891038	0.895799	0.907978	0.884511	0.877813	0.882709	0.88898	0.877887	0.895369	0.893368	0.893019	0.866401	0.866504	0.866395	0.894507	1.07652	1.05442	1.0484	1.07624	1.08147	1.04283	1.05352	1.04947	1.04795	1.06017	1.05995	1.06164	1.06961	1.07025	1.06854	1.06893	1.08775	1.06072	1.05566	1.0592	1.0495	1.04335	1.05639	1.04444	1.03286	1.0322	1.04042	1.03773	1.05957	1.06733	1.09709	1.09412	1.16473	1.09675	1.1124	1.10081	1.22589	1.1324	1.22823	1.13286	1.13337	1.2293	1.07796	1.08014	1.08985	1.09057	1.09126	1.07155
ERR608392	0.918409	0.896	0.916158	0.915261	0.929142	0.887774	0.823095	0.774347	0.788116	0.767751	0	0.783274	0.928358	0.932106	0.930073	0.942286	0.908327	0.899519	0.950146	0.93886	0.933914	0.940841	0.903525	0.900673	1.06687	1.05567	1.07081	1.07125	1.06787	1.0661	0.914672	0.912044	0.890862	0.893814	0.89872	0.911239	0.886837	0.880421	0.885197	0.891174	0.880452	0.897464	0.895684	0.895418	0.869104	0.869473	0.869277	0.89695	1.07815	1.05611	1.05028	1.07783	1.08293	1.04455	1.05518	1.05105	1.04936	1.06161	1.06142	1.06304	1.07069	1.0715	1.0699	1.07039	1.08949	1.06208	1.05762	1.06098	1.05158	1.04524	1.05808	1.04636	1.0351	1.03409	1.04242	1.03956	1.06103	1.06901	1.09929	1.09619	1.16672	1.09889	1.1144	1.10289	1.226	1.13374	1.22819	1.13422	1.13459	1.22942	1.07996	1.08191	1.0917	1.09257	1.09326	1.07351
ERR608394	0.925825	0.904306	0.923861	0.923103	0.933665	0.89749	0.829916	0.787016	0.799095	0.781097	0.783274	0	0.935127	0.938705	0.936588	0.946164	0.916116	0.908344	0.956616	0.946804	0.943183	0.949177	0.913856	0.911609	1.07399	1.06321	1.07778	1.07839	1.07486	1.0727	0.920594	0.917861	0.900274	0.90319	0.906821	0.917415	0.895312	0.89028	0.893709	0.900438	0.889963	0.906707	0.903225	0.903094	0.877685	0.877916	0.877892	0.904414	1.08508	1.06373	1.05829	1.08496	1.08975	1.05352	1.06306	1.05998	1.05861	1.06981	1.06961	1.07085	1.07958	1.08029	1.07837	1.07914	1.09627	1.07096	1.06558	1.06872	1.05915	1.05433	1.06598	1.05517	1.04445	1.04365	1.05155	1.05004	1.07014	1.07759	1.10459	1.10163	1.16953	1.10452	1.11926	1.10833	1.23462	1.13954	1.23681	1.13954	1.1406	1.23755	1.08666	1.08821	1.09697	1.09783	1.09838	1.07994
ERR609030	0.85544	0.836446	0.854344	0.853015	0.860994	0.831651	0.957133	0.927818	0.935557	0.926262	0.928358	0.935127	0	0.822103	0.820046	0.831194	0.802051	0.795807	0.978114	0.972771	0.969662	0.97479	0.94448	0.942894	1.1036	1.09274	1.10684	1.10748	1.1036	1.1017	0.911675	0.908572	0.896201	0.898644	0.900763	0.909435	0.939114	0.93514	0.936671	0.944013	0.935792	0.948221	0.94992	0.949734	0.925589	0.925374	0.92551	0.950774	1.11418	1.09538	1.09075	1.1143	1.1183	1.08648	1.09822	1.09559	1.09424	1.10514	1.10528	1.10499	1.11356	1.11407	1.11203	1.11331	1.12757	1.10562	1.09436	1.09623	1.08773	1.08385	1.0951	1.08457	1.0733	1.07239	1.0799	1.07931	1.09797	1.10453	1.13147	1.12894	1.19032	1.13186	1.14517	1.1356	1.25902	1.16456	1.26113	1.16505	1.16568	1.26215	1.11398	1.11489	1.12284	1.12347	1.12406	1.10803
ERR609032	0.859853	0.841274	0.858521	0.857475	0.864696	0.836361	0.960058	0.93116	0.939479	0.929582	0.932106	0.938705	0.822103	0	0.82505	0.835725	0.807624	0.801437	0.98143	0.975724	0.973111	0.977926	0.948476	0.946918	1.1061	1.09544	1.10895	1.10992	1.10619	1.10412	0.915679	0.912576	0.89995	0.902792	0.904448	0.913341	0.942171	0.93805	0.939652	0.946854	0.938493	0.951152	0.9535	0.953503	0.929586	0.929335	0.929339	0.954055	1.11638	1.09826	1.09356	1.11667	1.12076	1.08911	1.10039	1.09808	1.09686	1.10732	1.10725	1.10704	1.11618	1.11692	1.11478	1.11615	1.13007	1.10819	1.09689	1.09844	1.08998	1.08648	1.09727	1.08715	1.07576	1.075	1.08202	1.08179	1.09997	1.10654	1.13389	1.13126	1.19204	1.13444	1.14735	1.13792	1.26008	1.16654	1.26218	1.16669	1.16752	1.2631	1.11686	1.11733	1.12538	1.12592	1.12644	1.1109
ERR609031	0.859035	0.839978	0.857511	0.856483	0.864193	0.834657	0.958661	0.929439	0.937669	0.927343	0.930073	0.936588	0.820046	0.82505	0	0.833831	0.805014	0.799006	0.979528	0.973701	0.971104	0.976038	0.946256	0.944773	1.10421	1.09373	1.10748	1.10821	1.10461	1.10241	0.914006	0.911272	0.898461	0.900889	0.902879	0.91185	0.940759	0.936828	0.938395	0.94567	0.937454	0.950131	0.951579	0.951721	0.927615	0.927279	0.92732	0.952491	1.11488	1.09627	1.09165	1.11505	1.11924	1.08751	1.09901	1.09659	1.09523	1.10594	1.10608	1.10566	1.11453	1.11518	1.11282	1.1145	1.12856	1.10631	1.09506	1.0967	1.08834	1.08429	1.09571	1.08533	1.07368	1.07287	1.08045	1.07972	1.09831	1.10486	1.13243	1.12949	1.19086	1.13257	1.1458	1.13639	1.25921	1.16499	1.26124	1.16552	1.16629	1.2623	1.11478	1.11559	1.12366	1.1244	1.12515	1.10882
ERR609027	0.867233	0.84684	0.865799	0.864511	0.862963	0.844222	0.962266	0.939802	0.947087	0.939146	0.942286	0.946164	0.831194	0.835725	0.833831	0	0.808352	0.80477	0.984703	0.984696	0.98299	0.987178	0.959696	0.958174	1.10915	1.09787	1.11225	1.11294	1.10867	1.10561	0.916699	0.912751	0.907841	0.909369	0.908152	0.914388	0.950774	0.948562	0.947301	0.957785	0.949864	0.962204	0.959354	0.959311	0.933772	0.933262	0.93287	0.960246	1.1183	1.10066	1.09659	1.11848	1.12154	1.094	1.10447	1.10414	1.10274	1.11253	1.11273	1.11066	1.12158	1.12242	1.119	1.12138	1.13227	1.1134	1.10073	1.10075	1.09247	1.09062	1.10093	1.0912	1.08124	1.08055	1.08735	1.08916	1.1063	1.11245	1.13353	1.13094	1.18867	1.13458	1.14686	1.13809	1.27409	1.16827	1.27606	1.16784	1.16979	1.27662	1.11814	1.11698	1.12395	1.12444	1.1252	1.11183
ERR609028	0.83771	0.813627	0.835145	0.834001	0.84134	0.807478	0.939089	0.907146	0.916266	0.905337	0.908327	0.916116	0.802051	0.807624	0.805014	0.808352	0	0.76779	0.96214	0.956951	0.953972	0.959564	0.926113	0.92422	1.08657	1.07471	1.08991	1.09077	1.08646	1.08394	0.890031	0.886206	0.87299	0.875684	0.877277	0.887142	0.921746	0.917311	0.918864	0.92706	0.917995	0.932457	0.932054	0.932249	0.904199	0.904081	0.903997	0.93313	1.09672	1.07702	1.07218	1.09721	1.10119	1.06792	1.08083	1.07862	1.07711	1.08833	1.08882	1.08805	1.09684	1.09787	1.09518	1.09689	1.11152	1.08841	1.0778	1.07933	1.07027	1.06611	1.07817	1.0671	1.05533	1.05463	1.06264	1.06239	1.08218	1.08928	1.11512	1.11244	1.17702	1.1158	1.12984	1.11958	1.25368	1.15025	1.25592	1.1508	1.15174	1.25698	1.09699	1.09722	1.10605	1.10655	1.1073	1.09042
ERR609029	0.831045	0.80609	0.829067	0.827352	0.837004	0.79875	0.933792	0.899035	0.908844	0.897006	0.899519	0.908344	0.795807	0.801437	0.799006	0.80477	0.76779	0	0.957082	0.95003	0.947024	0.95305	0.917854	0.915968	1.08095	1.06889	1.08437	1.08521	1.08105	1.07874	0.885063	0.881616	0.865574	0.868459	0.87091	0.881961	0.915218	0.909801	0.912226	0.92029	0.910463	0.925973	0.92582	0.925672	0.897591	0.897344	0.897284	0.926754	1.09192	1.07131	1.06618	1.09201	1.09636	1.06137	1.07499	1.07214	1.07071	1.08284	1.08249	1.08257	1.09102	1.09175	1.08906	1.09064	1.10635	1.08203	1.07165	1.07375	1.06446	1.05966	1.07234	1.06061	1.04885	1.04772	1.0561	1.05523	1.07594	1.08331	1.11082	1.10796	1.17456	1.11142	1.12586	1.11521	1.24818	1.1461	1.25026	1.14684	1.14735	1.25153	1.09162	1.09253	1.10152	1.10219	1.10306	1.08525
ERR606000	0.968156	0.949348	0.967042	0.96565	0.972161	0.944551	0.977276	0.949318	0.957366	0.947535	0.950146	0.956616	0.978114	0.98143	0.979528	0.984703	0.96214	0.957082	0	0.799756	0.799264	0.801445	0.778705	0.777684	1.11017	1.1002	1.11355	1.11428	1.11137	1.10866	0.932268	0.931062	0.924186	0.925344	0.925915	0.930921	0.988724	0.984857	0.986394	0.993381	0.984831	0.998908	0.907391	0.907946	0.89584	0.89634	0.895652	0.90845	1.10582	1.08564	1.08174	1.10554	1.10948	1.07694	1.1028	1.10029	1.09945	1.10935	1.10934	1.10914	1.12115	1.12183	1.11992	1.1212	1.13471	1.11341	1.10164	1.10354	1.09495	1.09174	1.10215	1.09211	1.08025	1.07916	1.08686	1.08606	1.10442	1.11076	1.0532	1.05184	1.08205	1.05298	1.05873	1.05446	1.25736	1.15495	1.25949	1.15379	1.15541	1.26024	1.1202	1.12057	1.12832	1.12867	1.12946	1.11398
ERR606004	0.960975	0.942237	0.959075	0.957919	0.970773	0.93576	0.972983	0.938239	0.947585	0.936564	0.93886	0.946804	0.972771	0.975724	0.973701	0.984696	0.956951	0.95003	0.799756	0	0.781556	0.785094	0.764433	0.763034	1.10337	1.09343	1.10702	1.10727	1.10495	1.103	0.929144	0.92848	0.915578	0.918198	0.920635	0.927275	0.979167	0.973467	0.977097	0.982494	0.973197	0.987982	0.903533	0.904282	0.892126	0.892573	0.892181	0.904787	1.09951	1.0781	1.07361	1.09933	1.10393	1.06757	1.09524	1.0918	1.09067	1.10111	1.10114	1.10235	1.11213	1.11288	1.11182	1.11222	1.12874	1.1047	1.09432	1.09765	1.08873	1.08414	1.09516	1.08465	1.07118	1.07002	1.07833	1.07579	1.09551	1.10252	1.05378	1.05226	1.09021	1.05323	1.06042	1.05512	1.24215	1.15073	1.24443	1.15053	1.15123	1.2456	1.11405	1.11563	1.12398	1.12454	1.12531	1.10778
ERR606003	0.958158	0.93929	0.956173	0.95522	0.969126	0.932392	0.970007	0.933997	0.943519	0.931505	0.933914	0.943183	0.969662	0.973111	0.971104	0.98299	0.953972	0.947024	0.799264	0.781556	0	0.783335	0.760839	0.759304	1.10092	1.09077	1.10484	1.10492	1.1024	1.1008	0.928084	0.927681	0.91326	0.915709	0.918972	0.926653	0.974858	0.968932	0.973168	0.977848	0.968658	0.983784	0.90153	0.902477	0.889905	0.890179	0.890116	0.902392	1.09736	1.07576	1.07101	1.09685	1.10217	1.06484	1.09234	1.08819	1.08703	1.09793	1.09799	1.09963	1.1092	1.10974	1.10856	1.10917	1.12631	1.10141	1.09182	1.09554	1.0868	1.08138	1.0928	1.08192	1.06831	1.06701	1.07522	1.07257	1.09261	1.10005	1.05253	1.05112	1.0911	1.05198	1.05958	1.05387	1.23831	1.14899	1.24066	1.14893	1.14932	1.24195	1.11192	1.11384	1.12255	1.12303	1.12375	1.10547
ERR606005	0.963297	0.944746	0.961464	0.960684	0.973598	0.938571	0.975202	0.940659	0.950011	0.938714	0.940841	0.949177	0.97479	0.977926	0.976038	0.987178	0.959564	0.95305	0.801445	0.785094	0.783335	0	0.766079	0.765237	1.10511	1.09509	1.10866	1.1089	1.10631	1.10452	0.931284	0.930776	0.918245	0.920645	0.923439	0.92972	0.98093	0.975283	0.979174	0.984566	0.975291	0.990027	0.905162	0.906093	0.894389	0.894678	0.894155	0.90622	1.10086	1.07934	1.07531	1.10039	1.10569	1.06918	1.09696	1.09334	1.09224	1.1025	1.10237	1.10392	1.11354	1.11404	1.11287	1.11349	1.1297	1.10598	1.09579	1.09917	1.09076	1.08591	1.09678	1.08634	1.07299	1.0718	1.08016	1.07764	1.09738	1.10427	1.05525	1.05364	1.09111	1.05443	1.06181	1.05632	1.2425	1.15199	1.24473	1.15163	1.15225	1.24586	1.1157	1.11739	1.12565	1.12615	1.12693	1.10919
ERR606001	0.931961	0.909691	0.929991	0.928621	0.944451	0.901609	0.944894	0.903468	0.914587	0.901083	0.903525	0.913856	0.94448	0.948476	0.946256	0.959696	0.926113	0.917854	0.778705	0.764433	0.760839	0.766079	0	0.724764	1.07836	1.06731	1.08259	1.0827	1.07992	1.07812	0.907572	0.907006	0.888703	0.89208	0.896035	0.905251	0.947224	0.940208	0.945328	0.950199	0.940022	0.956688	0.884086	0.884658	0.86697	0.867463	0.867246	0.885478	1.07416	1.05077	1.04556	1.07393	1.07977	1.03884	1.06918	1.06469	1.06326	1.07544	1.07526	1.07731	1.08697	1.08753	1.08628	1.08672	1.10558	1.07854	1.0688	1.07313	1.06342	1.05741	1.06997	1.05826	1.04359	1.04232	1.05147	1.04809	1.07038	1.07821	1.03896	1.03692	1.0874	1.03794	1.04828	1.04035	1.22726	1.13368	1.22968	1.13391	1.13412	1.23125	1.08983	1.09214	1.1017	1.10228	1.10332	1.08289
ERR606002	0.930259	0.90755	0.928026	0.926601	0.943174	0.899272	0.943168	0.900846	0.912483	0.898213	0.900673	0.911609	0.942894	0.946918	0.944773	0.958174	0.92422	0.915968	0.777684	0.763034	0.759304	0.765237	0.724764	0	1.07662	1.06566	1.08067	1.08117	1.07829	1.07655	0.906766	0.905901	0.88696	0.890038	0.894437	0.904593	0.944961	0.937859	0.943293	0.947851	0.937521	0.954521	0.882477	0.883383	0.8653	0.866103	0.865638	0.884326	1.07276	1.04889	1.04369	1.07226	1.07823	1.03665	1.06738	1.06269	1.06124	1.07348	1.07341	1.07559	1.08488	1.08554	1.0846	1.08478	1.10371	1.07639	1.06744	1.07169	1.06204	1.0556	1.06828	1.05636	1.04194	1.04055	1.05005	1.04633	1.0686	1.07678	1.03862	1.03656	1.08797	1.03731	1.04822	1.03976	1.22548	1.13249	1.22808	1.13275	1.13289	1.22967	1.08814	1.09069	1.1004	1.10082	1.1019	1.08119
ERR607606	1.1009	1.08167	1.09967	1.09846	1.10564	1.07538	1.09406	1.06564	1.07427	1.06534	1.06687	1.07399	1.1036	1.1061	1.10421	1.10915	1.08657	1.08095	1.11017	1.10337	1.10092	1.10511	1.07836	1.07662	0	0.769406	0.794074	0.795399	0.789979	0.786054	1.07807	1.07596	1.06321	1.06536	1.06768	1.07619	1.06431	1.05963	1.06204	1.06722	1.05998	1.07204	1.08257	1.08284	1.05831	1.05906	1.05855	1.08346	0.926824	0.897318	0.891238	0.926846	0.93275	0.885066	0.888025	0.884069	0.883054	0.89865	0.898856	0.899117	0.901658	0.90283	0.899925	0.902202	0.923888	0.890481	0.937205	0.941433	0.929272	0.922081	0.939025	0.923504	0.928969	0.927523	0.938791	0.936162	0.960447	0.969797	0.957307	0.954056	1.05255	0.957453	0.979511	0.96338	1.17551	1.01468	1.179	1.01384	1.01706	1.1788	0.879831	0.881106	0.893938	0.895077	0.896839	0.871054
ERR607603	1.08995	1.06988	1.08875	1.08757	1.09439	1.06341	1.08361	1.05403	1.06281	1.05383	1.05567	1.06321	1.09274	1.09544	1.09373	1.09787	1.07471	1.06889	1.1002	1.09343	1.09077	1.09509	1.06731	1.06566	0.769406	0	0.778044	0.779735	0.76826	0.763583	1.06592	1.06379	1.0506	1.05308	1.05526	1.06409	1.05308	1.04834	1.05042	1.05644	1.04864	1.06138	1.07135	1.07185	1.04599	1.04678	1.04592	1.07247	0.912161	0.881333	0.874531	0.912612	0.918458	0.867923	0.872733	0.868455	0.867478	0.883924	0.88449	0.884379	0.887517	0.889329	0.885474	0.887687	0.911357	0.875458	0.923519	0.927946	0.914878	0.907425	0.925104	0.90859	0.915268	0.91316	0.92547	0.923207	0.948757	0.959242	0.943073	0.939562	1.04241	0.943192	0.966426	0.949432	1.17185	1.0038	1.17538	1.0028	1.00621	1.17508	0.863182	0.864315	0.878276	0.879679	0.880508	0.854091
ERR607607	1.10413	1.08532	1.10298	1.10223	1.10877	1.07926	1.09734	1.06943	1.07809	1.06905	1.07081	1.07778	1.10684	1.10895	1.10748	1.11225	1.08991	1.08437	1.11355	1.10702	1.10484	1.10866	1.08259	1.08067	0.794074	0.778044	0	0.803167	0.797705	0.793806	1.082	1.07971	1.06729	1.06961	1.07152	1.07999	1.06826	1.0634	1.06571	1.07133	1.06368	1.07571	1.0857	1.08619	1.06211	1.06288	1.06255	1.08693	0.931977	0.903755	0.897684	0.932433	0.937939	0.891894	0.894727	0.89143	0.89038	0.905004	0.905053	0.905248	0.907471	0.908869	0.905602	0.908029	0.929258	0.896296	0.942901	0.946991	0.935059	0.928407	0.944841	0.929385	0.934931	0.932904	0.94405	0.942066	0.965425	0.974708	0.962193	0.959219	1.05553	0.961955	0.98383	0.968233	1.17905	1.01954	1.18236	1.01819	1.02198	1.18197	0.885844	0.8869	0.899261	0.900729	0.901602	0.877419
ERR607608	1.10461	1.08585	1.10349	1.10259	1.10944	1.07964	1.09801	1.06989	1.07869	1.06978	1.07125	1.07839	1.10748	1.10992	1.10821	1.11294	1.09077	1.08521	1.11428	1.10727	1.10492	1.1089	1.0827	1.08117	0.795399	0.779735	0.803167	0	0.79942	0.795184	1.08243	1.08073	1.06792	1.07023	1.07231	1.08069	1.06839	1.06411	1.06638	1.07167	1.06406	1.07634	1.08667	1.08699	1.063	1.06349	1.06332	1.08766	0.932957	0.904395	0.898594	0.933227	0.938465	0.89251	0.895651	0.891526	0.890694	0.905718	0.905625	0.906193	0.90784	0.909273	0.906062	0.908204	0.929966	0.896938	0.943587	0.948008	0.935974	0.929004	0.945816	0.930232	0.935391	0.934133	0.945022	0.942604	0.96597	0.975506	0.963681	0.960673	1.05695	0.963918	0.985436	0.969616	1.17798	1.01988	1.18143	1.01898	1.02242	1.1809	0.887368	0.888627	0.900548	0.902118	0.903344	0.879046
ERR607605	1.10085	1.08175	1.09978	1.09832	1.10541	1.07572	1.09421	1.06652	1.07457	1.06603	1.06787	1.07486	1.1036	1.10619	1.10461	1.10867	1.08646	1.08105	1.11137	1.10495	1.1024	1.10631	1.07992	1.07829	0.789979	0.76826	0.797705	0.79942	0	0.784479	1.0785	1.0763	1.06381	1.06584	1.06786	1.07638	1.06523	1.06065	1.06278	1.06815	1.06109	1.07291	1.08292	1.08344	1.05885	1.05949	1.05903	1.0844	0.927462	0.898293	0.89234	0.928017	0.933179	0.886203	0.88893	0.885241	0.88432	0.89975	0.900061	0.899789	0.902803	0.904382	0.900846	0.902856	0.924434	0.891185	0.938433	0.942063	0.929579	0.922851	0.93994	0.923977	0.929887	0.927869	0.939175	0.937025	0.961084	0.970659	0.957627	0.954328	1.05175	0.957699	0.979931	0.96385	1.17801	1.01468	1.1813	1.01334	1.01718	1.18096	0.879521	0.880788	0.893505	0.894899	0.895999	0.871028
ERR607604	1.09894	1.07932	1.09765	1.09654	1.10202	1.07358	1.09169	1.06452	1.07252	1.06429	1.0661	1.0727	1.1017	1.10412	1.10241	1.10561	1.08394	1.07874	1.10866	1.103	1.1008	1.10452	1.07812	1.07655	0.786054	0.763583	0.793806	0.795184	0.784479	0	1.07493	1.07257	1.06171	1.06369	1.06514	1.07308	1.06294	1.05843	1.06005	1.06648	1.05871	1.07087	1.08067	1.08097	1.05584	1.05658	1.05579	1.08166	0.923459	0.894485	0.888426	0.924011	0.9292	0.882812	0.886304	0.883194	0.882151	0.89777	0.897715	0.896924	0.900551	0.9019	0.898162	0.900639	0.921112	0.888578	0.936384	0.939713	0.927366	0.920842	0.938095	0.922565	0.928352	0.926805	0.93777	0.936633	0.960586	0.969977	0.953268	0.94993	1.04784	0.953831	0.975817	0.959657	1.18081	1.01285	1.18393	1.01114	1.01548	1.18357	0.876313	0.876776	0.888547	0.890148	0.890983	0.867185
ERR617061	0.90453	0.881412	0.902712	0.901573	0.90621	0.876063	0.943426	0.912693	0.922047	0.911474	0.914672	0.920594	0.911675	0.915679	0.914006	0.916699	0.890031	0.885063	0.932268	0.929144	0.928084	0.931284	0.907572	0.906766	1.07807	1.06592	1.082	1.08243	1.0785	1.07493	0	0.751368	0.747541	0.749729	0.749478	0.752576	0.934646	0.931174	0.930999	0.941818	0.931323	0.947037	0.897287	0.897487	0.876583	0.876537	0.875719	0.898134	1.08801	1.06647	1.06231	1.08781	1.09163	1.05824	1.07317	1.07191	1.07032	1.08154	1.08145	1.0801	1.09003	1.09082	1.08778	1.09015	1.10356	1.0808	1.07351	1.07443	1.0651	1.06254	1.07413	1.06296	1.05213	1.05155	1.05959	1.06062	1.08047	1.08735	1.05537	1.05328	1.09645	1.05666	1.06475	1.05848	1.25253	1.13108	1.25459	1.12996	1.1323	1.2554	1.08597	1.08523	1.09266	1.09325	1.09385	1.07857
ERR617062	0.901459	0.877427	0.899434	0.898103	0.901767	0.872389	0.940361	0.910126	0.919097	0.90877	0.912044	0.917861	0.908572	0.912576	0.911272	0.912751	0.886206	0.881616	0.931062	0.92848	0.927681	0.930776	0.907006	0.905901	1.07596	1.06379	1.07971	1.08073	1.0763	1.07257	0.751368	0	0.7451	0.747024	0.746154	0.748836	0.932303	0.928846	0.928292	0.939854	0.929246	0.944923	0.896234	0.896245	0.874439	0.874558	0.873651	0.896876	1.08539	1.06394	1.05982	1.08528	1.08916	1.05599	1.07097	1.06995	1.06866	1.0797	1.07978	1.07787	1.08864	1.08921	1.08603	1.0883	1.10128	1.07932	1.07147	1.072	1.06261	1.0605	1.07215	1.06087	1.05009	1.04944	1.05739	1.05908	1.07875	1.08545	1.05408	1.052	1.09615	1.05549	1.06371	1.0573	1.25336	1.12965	1.25539	1.12849	1.13067	1.25627	1.08322	1.08268	1.09006	1.09066	1.09104	1.07597
ERR617059	0.887386	0.862368	0.885399	0.883538	0.895702	0.853654	0.930089	0.890277	0.901176	0.887991	0.890862	0.900274	0.896201	0.89995	0.898461	0.907841	0.87299	0.865574	0.924186	0.915578	0.91326	0.918245	0.888703	0.88696	1.06321	1.0506	1.06729	1.06792	1.06381	1.06171	0.747541	0.7451	0	0.726487	0.730814	0.74523	0.915383	0.909561	0.912367	0.920286	0.909726	0.926609	0.885633	0.88593	0.863729	0.863597	0.863132	0.886838	1.07387	1.05083	1.04572	1.07375	1.07848	1.03966	1.05667	1.05379	1.0522	1.06468	1.06455	1.06512	1.07242	1.07314	1.07097	1.07208	1.08997	1.06295	1.05757	1.06057	1.05048	1.04525	1.05814	1.04618	1.03399	1.03288	1.04164	1.04014	1.06251	1.07031	1.05019	1.04765	1.09899	1.05015	1.06071	1.05263	1.23377	1.12087	1.2361	1.12078	1.12172	1.23757	1.07204	1.07327	1.08285	1.08348	1.08443	1.06484
ERR617058	0.890155	0.865361	0.887784	0.886408	0.897876	0.857206	0.932222	0.893276	0.904027	0.891038	0.893814	0.90319	0.898644	0.902792	0.900889	0.909369	0.875684	0.868459	0.925344	0.918198	0.915709	0.920645	0.89208	0.890038	1.06536	1.05308	1.06961	1.07023	1.06584	1.06369	0.749729	0.747024	0.726487	0	0.733218	0.747052	0.917799	0.911498	0.91485	0.922451	0.912265	0.928509	0.887266	0.887666	0.865775	0.865743	0.865179	0.888518	1.07605	1.05321	1.04817	1.07572	1.08064	1.04232	1.05898	1.05575	1.05436	1.06687	1.06689	1.0672	1.07449	1.07533	1.07323	1.0744	1.09182	1.0654	1.06047	1.0629	1.05279	1.0478	1.06084	1.04853	1.03694	1.03602	1.04458	1.04333	1.06543	1.07289	1.05067	1.04841	1.09821	1.05101	1.06115	1.05334	1.23555	1.12225	1.23801	1.12212	1.12312	1.23935	1.07389	1.07509	1.08447	1.08525	1.08584	1.06679
ERR617057	0.892083	0.867412	0.89027	0.888742	0.896809	0.860261	0.933058	0.897291	0.907649	0.895799	0.89872	0.906821	0.900763	0.904448	0.902879	0.908152	0.877277	0.87091	0.925915	0.920635	0.918972	0.923439	0.896035	0.894437	1.06768	1.05526	1.07152	1.07231	1.06786	1.06514	0.749478	0.746154	0.730814	0.733218	0	0.746884	0.921885	0.917279	0.918142	0.928173	0.917369	0.933596	0.88913	0.889157	0.866935	0.866971	0.866118	0.890241	1.07813	1.0556	1.05101	1.07792	1.0824	1.04592	1.06205	1.05982	1.05838	1.07058	1.07054	1.06974	1.07842	1.0793	1.0767	1.07857	1.09403	1.06889	1.06273	1.06407	1.05468	1.05058	1.06324	1.05147	1.04024	1.03952	1.04772	1.04759	1.06862	1.07614	1.05036	1.04821	1.096	1.0509	1.06056	1.05346	1.24316	1.12378	1.24539	1.12306	1.12487	1.24648	1.07567	1.07588	1.08489	1.08561	1.08637	1.06861
ERR617060	0.901653	0.878268	0.89946	0.89822	0.903761	0.872588	0.941021	0.909804	0.918728	0.907978	0.911239	0.917415	0.909435	0.913341	0.91185	0.914388	0.887142	0.881961	0.930921	0.927275	0.926653	0.92972	0.905251	0.904593	1.07619	1.06409	1.07999	1.08069	1.07638	1.07308	0.752576	0.748836	0.74523	0.747052	0.746884	0	0.931856	0.928134	0.928378	0.938749	0.928231	0.9439	0.895621	0.895917	0.87486	0.874657	0.874168	0.896923	1.08623	1.06436	1.06001	1.08597	1.08968	1.05602	1.07086	1.06942	1.06821	1.07937	1.07926	1.07791	1.08812	1.0887	1.08597	1.08786	1.1016	1.07908	1.07107	1.07201	1.06255	1.0599	1.07171	1.06053	1.04981	1.04906	1.05723	1.05831	1.07803	1.08494	1.05479	1.05282	1.09684	1.05624	1.06435	1.05793	1.25099	1.12977	1.25321	1.12876	1.13095	1.25393	1.08376	1.08342	1.09071	1.09141	1.09218	1.07667
ERR617522	0.929691	0.910397	0.928269	0.927169	0.938198	0.903439	0.921569	0.887348	0.896891	0.884511	0.886837	0.895312	0.939114	0.942171	0.940759	0.950774	0.921746	0.915218	0.988724	0.979167	0.974858	0.98093	0.947224	0.944961	1.06431	1.05308	1.06826	1.06839	1.06523	1.06294	0.934646	0.932303	0.915383	0.917799	0.921885	0.931856	0	0.805571	0.812157	0.816256	0.807117	0.823545	0.892488	0.892614	0.863812	0.864047	0.863617	0.894223	1.07936	1.05855	1.05314	1.07935	1.08423	1.04767	1.0481	1.04442	1.04272	1.0548	1.05488	1.05622	1.07246	1.07295	1.0708	1.07184	1.08913	1.06353	1.05475	1.05803	1.04927	1.04301	1.05527	1.04405	1.03678	1.03537	1.04327	1.04117	1.06157	1.06924	1.09763	1.09453	1.16446	1.09745	1.11269	1.1013	1.22356	1.13576	1.226	1.13637	1.1374	1.22679	1.07879	1.08022	1.08946	1.09029	1.0908	1.07194
ERR617518	0.92515	0.905001	0.923495	0.922295	0.935652	0.897254	0.918953	0.881039	0.891693	0.877813	0.880421	0.89028	0.93514	0.93805	0.936828	0.948562	0.917311	0.909801	0.984857	0.973467	0.968932	0.975283	0.940208	0.937859	1.05963	1.04834	1.0634	1.06411	1.06065	1.05843	0.931174	0.928846	0.909561	0.911498	0.917279	0.928134	0.805571	0	0.801218	0.809774	0.79473	0.817687	0.886952	0.887371	0.858317	0.858786	0.857953	0.888934	1.07465	1.05334	1.04799	1.07501	1.07971	1.04182	1.04216	1.03766	1.03597	1.04861	1.04864	1.05074	1.06625	1.06707	1.0651	1.06565	1.08481	1.05741	1.04896	1.05314	1.04411	1.03706	1.04966	1.03807	1.02972	1.02827	1.03681	1.03382	1.05491	1.06313	1.09455	1.0913	1.16295	1.09386	1.10964	1.09795	1.21562	1.13226	1.21805	1.13291	1.13359	1.21905	1.07429	1.0761	1.08626	1.08677	1.08747	1.06745
ERR617517	0.927516	0.906985	0.925721	0.92468	0.934852	0.900458	0.919292	0.885222	0.895153	0.882709	0.885197	0.893709	0.936671	0.939652	0.938395	0.947301	0.918864	0.912226	0.986394	0.977097	0.973168	0.979174	0.945328	0.943293	1.06204	1.05042	1.06571	1.06638	1.06278	1.06005	0.930999	0.928292	0.912367	0.91485	0.918142	0.928378	0.812157	0.801218	0	0.81804	0.802276	0.825544	0.88998	0.889862	0.85996	0.860321	0.859303	0.891394	1.07653	1.05576	1.0504	1.07667	1.08129	1.04556	1.04612	1.04268	1.04106	1.05302	1.0532	1.05374	1.07069	1.07108	1.069	1.07004	1.0869	1.06147	1.052	1.05498	1.04622	1.04059	1.05281	1.04154	1.03454	1.03284	1.04124	1.03946	1.06008	1.06768	1.09441	1.09128	1.16177	1.09469	1.11002	1.09863	1.22579	1.13396	1.22818	1.13438	1.13541	1.22882	1.07616	1.07681	1.08629	1.08676	1.08762	1.06913
ERR617521	0.934594	0.915374	0.932976	0.931537	0.94505	0.908391	0.928057	0.8923	0.901931	0.88898	0.891174	0.900438	0.944013	0.946854	0.94567	0.957785	0.92706	0.92029	0.993381	0.982494	0.977848	0.984566	0.950199	0.947851	1.06722	1.05644	1.07133	1.07167	1.06815	1.06648	0.941818	0.939854	0.920286	0.922451	0.928173	0.938749	0.816256	0.809774	0.81804	0	0.811359	0.826839	0.897523	0.897825	0.870597	0.871383	0.87075	0.899313	1.08247	1.06192	1.0562	1.08242	1.08775	1.05025	1.0498	1.04498	1.04355	1.05577	1.05619	1.05815	1.07418	1.07475	1.07296	1.07371	1.09227	1.06566	1.05641	1.06056	1.05165	1.04449	1.05709	1.04571	1.03749	1.0364	1.04418	1.04107	1.06179	1.06949	1.10208	1.0991	1.16867	1.10148	1.11682	1.10548	1.21843	1.13786	1.22084	1.1387	1.13926	1.22192	1.08218	1.08429	1.09399	1.0946	1.09537	1.07553
ERR617519	0.925668	0.905684	0.923923	0.922729	0.936434	0.898029	0.919124	0.881261	0.891382	0.877887	0.880452	0.889963	0.935792	0.938493	0.937454	0.949864	0.917995	0.910463	0.984831	0.973197	0.968658	0.975291	0.940022	0.937521	1.05998	1.04864	1.06368	1.06406	1.06109	1.05871	0.931323	0.929246	0.909726	0.912265	0.917369	0.928231	0.807117	0.79473	0.802276	0.811359	0	0.819116	0.887792	0.887592	0.858584	0.859474	0.858945	0.889471	1.07462	1.05312	1.04744	1.0746	1.07978	1.0416	1.04242	1.03794	1.03614	1.04868	1.04894	1.05109	1.06638	1.06721	1.06519	1.06584	1.08465	1.0575	1.04924	1.05349	1.04428	1.0371	1.05005	1.03857	1.0307	1.02912	1.03745	1.03444	1.05584	1.06372	1.09426	1.09105	1.16291	1.0939	1.10952	1.09784	1.21592	1.13196	1.21831	1.13289	1.13337	1.21912	1.07433	1.07634	1.08602	1.08687	1.08755	1.06757
ERR617520	0.939695	0.921615	0.938335	0.936975	0.949907	0.914457	0.933316	0.898242	0.907863	0.895369	0.897464	0.906707	0.948221	0.951152	0.950131	0.962204	0.932457	0.925973	0.998908	0.987982	0.983784	0.990027	0.956688	0.954521	1.07204	1.06138	1.07571	1.07634	1.07291	1.07087	0.947037	0.944923	0.926609	0.928509	0.933596	0.9439	0.823545	0.817687	0.825544	0.826839	0.819116	0	0.904061	0.904421	0.87801	0.878933	0.87801	0.905976	1.08706	1.0667	1.06103	1.08707	1.09175	1.0552	1.05506	1.05045	1.04904	1.06097	1.06097	1.06317	1.07879	1.07947	1.07798	1.07826	1.09665	1.07063	1.06114	1.06518	1.0566	1.0496	1.06179	1.05079	1.04336	1.0416	1.04952	1.04656	1.06673	1.07426	1.106	1.10301	1.17171	1.10547	1.1206	1.10933	1.2213	1.1417	1.22378	1.14227	1.14282	1.2247	1.08666	1.08849	1.098	1.09883	1.09939	1.08023
ERR613543	0.935848	0.915925	0.933658	0.932971	0.941618	0.910009	0.926673	0.895925	0.90449	0.893368	0.895684	0.903225	0.94992	0.9535	0.951579	0.959354	0.932054	0.92582	0.907391	0.903533	0.90153	0.905162	0.884086	0.882477	1.08257	1.07135	1.0857	1.08667	1.08292	1.08067	0.897287	0.896234	0.885633	0.887266	0.88913	0.895621	0.892488	0.886952	0.88998	0.897523	0.887792	0.904061	0	0.77482	0.75901	0.758938	0.758693	0.775815	1.08907	1.06795	1.06334	1.08862	1.09299	1.05782	1.07485	1.0719	1.07077	1.08188	1.08165	1.08195	1.08952	1.09011	1.08796	1.08895	1.10514	1.0812	1.0699	1.07253	1.06335	1.05907	1.07101	1.05954	1.05008	1.04868	1.05698	1.05608	1.07578	1.08323	1.05135	1.04916	1.08827	1.0509	1.05869	1.05286	1.24577	1.13468	1.24801	1.13398	1.13579	1.24864	1.09225	1.09373	1.10253	1.10322	1.10394	1.08584
ERR613542	0.935223	0.915402	0.933328	0.932447	0.940472	0.909508	0.926336	0.895912	0.904397	0.893019	0.895418	0.903094	0.949734	0.953503	0.951721	0.959311	0.932249	0.925672	0.907946	0.904282	0.902477	0.906093	0.884658	0.883383	1.08284	1.07185	1.08619	1.08699	1.08344	1.08097	0.897487	0.896245	0.88593	0.887666	0.889157	0.895917	0.892614	0.887371	0.889862	0.897825	0.887592	0.904421	0.77482	0	0.758948	0.759406	0.759028	0.776293	1.08969	1.06882	1.06401	1.08943	1.09364	1.05859	1.07579	1.07308	1.07181	1.08276	1.08269	1.08293	1.09095	1.09132	1.08878	1.09007	1.10602	1.08226	1.07057	1.07303	1.06391	1.05974	1.07135	1.06022	1.05061	1.0491	1.05732	1.05654	1.07647	1.08343	1.05246	1.05058	1.08921	1.05221	1.05987	1.05389	1.24694	1.13533	1.2491	1.13495	1.1366	1.24966	1.09306	1.09426	1.10312	1.10343	1.10446	1.08692
ERR613541	0.910634	0.886386	0.908638	0.907179	0.91477	0.880015	0.903273	0.868657	0.879124	0.866401	0.869104	0.877685	0.925589	0.929586	0.927615	0.933772	0.904199	0.897591	0.89584	0.892126	0.889905	0.894389	0.86697	0.8653	1.05831	1.04599	1.06211	1.063	1.05885	1.05584	0.876583	0.874439	0.863729	0.865775	0.866935	0.87486	0.863812	0.858317	0.85996	0.870597	0.858584	0.87801	0.75901	0.758948	0	0.727627	0.727633	0.760273	1.06576	1.04293	1.03788	1.06562	1.06999	1.03253	1.05112	1.04875	1.04757	1.05939	1.05929	1.05886	1.06749	1.06823	1.06491	1.06681	1.08319	1.05811	1.0481	1.05006	1.03998	1.03611	1.04901	1.0366	1.02741	1.02611	1.03533	1.03499	1.05645	1.06422	1.03553	1.0332	1.0816	1.03538	1.04541	1.03787	1.24094	1.11873	1.24305	1.11776	1.12003	1.24387	1.06867	1.06909	1.07848	1.07907	1.07991	1.06109
ERR613540	0.910039	0.885986	0.908153	0.906803	0.914176	0.879589	0.90333	0.868875	0.878903	0.866504	0.869473	0.877916	0.925374	0.929335	0.927279	0.933262	0.904081	0.897344	0.89634	0.892573	0.890179	0.894678	0.867463	0.866103	1.05906	1.04678	1.06288	1.06349	1.05949	1.05658	0.876537	0.874558	0.863597	0.865743	0.866971	0.874657	0.864047	0.858786	0.860321	0.871383	0.859474	0.878933	0.758938	0.759406	0.727627	0	0.727776	0.760445	1.06643	1.04361	1.03844	1.06609	1.0708	1.03325	1.05185	1.04947	1.0483	1.05958	1.05989	1.05929	1.06803	1.06866	1.06577	1.06746	1.08376	1.0586	1.04828	1.05009	1.04005	1.03623	1.04879	1.03669	1.02786	1.02654	1.03572	1.03517	1.05668	1.06416	1.0359	1.03351	1.0821	1.03588	1.04603	1.03848	1.24129	1.11932	1.24355	1.11856	1.12066	1.24428	1.06955	1.07014	1.07933	1.07992	1.08054	1.06214
ERR613539	0.910217	0.885711	0.908244	0.906912	0.91394	0.87942	0.902872	0.868933	0.878907	0.866395	0.869277	0.877892	0.92551	0.929339	0.92732	0.93287	0.903997	0.897284	0.895652	0.892181	0.890116	0.894155	0.867246	0.865638	1.05855	1.04592	1.06255	1.06332	1.05903	1.05579	0.875719	0.873651	0.863132	0.865179	0.866118	0.874168	0.863617	0.857953	0.859303	0.87075	0.858945	0.87801	0.758693	0.759028	0.727633	0.727776	0	0.760564	1.06578	1.04307	1.03782	1.06567	1.06993	1.03291	1.05145	1.04902	1.04789	1.05973	1.05954	1.05899	1.06767	1.06859	1.06567	1.06719	1.08341	1.05853	1.04797	1.04986	1.04028	1.03623	1.0489	1.03667	1.02765	1.02633	1.03541	1.03504	1.05667	1.06426	1.03552	1.03312	1.08152	1.03538	1.04536	1.03785	1.24187	1.11895	1.24405	1.11818	1.12036	1.24466	1.06899	1.06931	1.07861	1.07896	1.08	1.06166
ERR613544	0.93652	0.916378	0.934438	0.933625	0.941627	0.910756	0.927684	0.897134	0.905812	0.894507	0.89695	0.904414	0.950774	0.954055	0.952491	0.960246	0.93313	0.926754	0.90845	0.904787	0.902392	0.90622	0.885478	0.884326	1.08346	1.07247	1.08693	1.08766	1.0844	1.08166	0.898134	0.896876	0.886838	0.888518	0.890241	0.896923	0.894223	0.888934	0.891394	0.899313	0.889471	0.905976	0.775815	0.776293	0.760273	0.760445	0.760564	0	1.09021	1.06927	1.06453	1.08984	1.09414	1.05907	1.07631	1.07332	1.07236	1.08307	1.08302	1.08315	1.09074	1.09137	1.08891	1.09023	1.1064	1.08268	1.07136	1.07386	1.06458	1.06033	1.07229	1.06093	1.05104	1.04994	1.05839	1.05734	1.07722	1.08428	1.05277	1.0509	1.08935	1.05255	1.0601	1.05415	1.24692	1.13553	1.24895	1.13508	1.13678	1.2497	1.09354	1.09489	1.10392	1.10409	1.10476	1.08706
