	ERR618548	ERR618543	ERR618545	ERR618544	ERR618546	ERR618547	ERR607756	ERR607753	ERR607755	ERR607758	ERR607757	ERR607754	ERR605479	ERR605480	ERR605481	ERR605482	ERR605483	ERR605484	ERR612225	ERR612224	ERR612221	ERR612223	ERR612226	ERR612222	ERR626866	ERR626861	ERR626865	ERR626864	ERR626862	ERR626863	ERR637038	ERR637037	ERR637036	ERR637033	ERR637034	ERR637035	ERR608582	ERR608584	ERR608580	ERR608583	ERR608579	ERR608581	ERR606035	ERR606030	ERR606033	ERR606034	ERR606031	ERR606032	ERR617567	ERR617565	ERR617570	ERR617568	ERR617566	ERR617569	ERR607580	ERR607583	ERR607584	ERR607582	ERR607581	ERR607579	ERR613784	ERR613782	ERR613783	ERR613785	ERR613786	ERR613787	ERR630080	ERR630081	ERR630078	ERR630082	ERR630079	ERR630083	ERR613769	ERR613766	ERR613767	ERR613765	ERR613768	ERR626740	ERR612182	ERR612183	ERR612181	ERR612180	ERR612179	ERR612184	ERR630009	ERR630006	ERR630008	ERR630007	ERR630011	ERR630010	ERR612610	ERR612607	ERR612608	ERR612612	ERR612611	ERR612609
ERR618548	0	0.717497	0.72357	0.723083	0.701842	0.702704	0.942334	0.932286	0.924835	0.945256	0.945637	0.919247	0.926236	0.933417	0.942573	0.932393	0.930516	0.932883	1.00465	0.981864	0.957452	0.963458	0.983575	0.96762	0.888381	0.891243	0.923568	0.921061	0.903691	0.899514	0.971222	0.974181	0.974975	0.982661	0.970534	0.974297	1.06977	1.06969	1.07414	1.07003	1.11338	1.06603	0.928585	0.943496	0.923862	0.925933	0.898312	0.896422	1.09619	1.0623	1.07145	1.07047	1.1538	1.07167	1.11196	1.09131	1.0918	1.09145	1.11411	1.11544	1.10663	1.10968	1.09896	1.10534	1.10529	1.10561	1.03357	1.06639	1.02931	1.05015	1.04038	1.04808	1.08039	1.09726	1.08124	1.07921	1.07961	1.06939	1.10268	1.11832	1.10522	1.10731	1.10034	1.10558	0.980478	0.940394	0.944707	0.954793	0.958642	0.961436	1.10975	1.09138	1.12071	1.11085	1.10995	1.10152
ERR618543	0.717497	0	0.727175	0.727072	0.715896	0.717169	0.954537	0.94412	0.93785	0.956851	0.957793	0.931117	0.941257	0.948388	0.957147	0.947176	0.945691	0.947403	1.01453	0.992658	0.968963	0.975435	0.994125	0.979519	0.902836	0.905691	0.935223	0.932934	0.917663	0.913861	0.984944	0.987471	0.988435	0.995644	0.984032	0.988053	1.07734	1.07756	1.08146	1.07793	1.12106	1.073	0.940876	0.95727	0.936541	0.938394	0.912	0.909947	1.10182	1.06765	1.07834	1.07768	1.15965	1.07882	1.11817	1.0973	1.09805	1.0976	1.12001	1.12162	1.11326	1.11614	1.10556	1.11176	1.11162	1.11187	1.04396	1.07722	1.04034	1.06166	1.05123	1.05942	1.0862	1.10382	1.08721	1.08577	1.08556	1.07584	1.10899	1.12395	1.11162	1.11383	1.10656	1.11186	0.995202	0.955228	0.95957	0.969302	0.974003	0.976755	1.11633	1.09814	1.12721	1.1176	1.11675	1.10873
ERR618545	0.72357	0.727175	0	0.732364	0.722066	0.722892	0.954902	0.944494	0.938286	0.957006	0.957815	0.931726	0.94234	0.949314	0.957691	0.948193	0.946568	0.948242	1.01529	0.99344	0.970589	0.976478	0.995177	0.980516	0.904485	0.907033	0.935971	0.93348	0.918561	0.914745	0.985875	0.988364	0.989165	0.996395	0.985045	0.989072	1.07883	1.07921	1.08299	1.07937	1.12171	1.07494	0.942255	0.957639	0.937443	0.939555	0.913729	0.911573	1.10363	1.07023	1.08037	1.07954	1.1607	1.0807	1.11966	1.09956	1.09996	1.09955	1.12195	1.12312	1.11479	1.11764	1.10718	1.11342	1.11319	1.11335	1.04529	1.07795	1.04134	1.06246	1.05232	1.06005	1.08824	1.10573	1.08914	1.08755	1.08762	1.07779	1.11075	1.12543	1.1134	1.11532	1.1085	1.11357	0.995556	0.956167	0.959959	0.969769	0.974385	0.977071	1.11767	1.09982	1.12852	1.11902	1.11803	1.11015
ERR618544	0.723083	0.727072	0.732364	0	0.721755	0.722753	0.956043	0.945604	0.939519	0.958198	0.958977	0.933092	0.944716	0.951624	0.960391	0.950316	0.949063	0.950826	1.01636	0.994855	0.971835	0.977596	0.996428	0.98177	0.906615	0.90896	0.938194	0.935568	0.920677	0.917105	0.98754	0.990008	0.990872	0.998031	0.98674	0.990538	1.07991	1.08024	1.08431	1.08048	1.1229	1.07608	0.943242	0.958935	0.938913	0.940857	0.914818	0.913214	1.10488	1.07093	1.08138	1.08058	1.16164	1.08175	1.12066	1.10069	1.10091	1.1006	1.12288	1.12409	1.11579	1.11858	1.10818	1.11428	1.11438	1.11436	1.04613	1.07857	1.04254	1.06298	1.05308	1.06101	1.08902	1.10654	1.09006	1.08855	1.08849	1.07865	1.1115	1.12659	1.11416	1.11606	1.10926	1.11449	0.996518	0.957342	0.961589	0.971076	0.976253	0.978328	1.11862	1.10072	1.1293	1.11977	1.11899	1.11126
ERR618546	0.701842	0.715896	0.722066	0.721755	0	0.701432	0.943335	0.933041	0.925825	0.946102	0.94658	0.919557	0.926662	0.93396	0.943059	0.93278	0.931098	0.933059	1.00502	0.982402	0.957824	0.963841	0.983823	0.968073	0.88862	0.891358	0.92387	0.921342	0.903917	0.899906	0.971486	0.97418	0.975104	0.982667	0.97118	0.974703	1.07003	1.07042	1.07436	1.07052	1.11429	1.06619	0.929226	0.944522	0.924797	0.926518	0.898847	0.897113	1.09601	1.06163	1.0712	1.07059	1.15395	1.07176	1.11233	1.09168	1.09195	1.09178	1.11452	1.11579	1.107	1.11001	1.09942	1.10594	1.10569	1.10612	1.03508	1.06818	1.03111	1.05205	1.04226	1.04973	1.08061	1.09789	1.08137	1.07958	1.07993	1.06976	1.1032	1.11862	1.10548	1.10763	1.10081	1.1059	0.981984	0.941403	0.946005	0.955967	0.960002	0.962652	1.10991	1.09144	1.12107	1.11109	1.11011	1.1015
ERR618547	0.702704	0.717169	0.722892	0.722753	0.701432	0	0.941888	0.931689	0.924334	0.944846	0.945313	0.918484	0.92544	0.932882	0.942086	0.93179	0.929877	0.931775	1.00433	0.98137	0.956785	0.962486	0.982972	0.966834	0.887924	0.890808	0.923396	0.921329	0.903207	0.899209	0.970208	0.973318	0.97396	0.981783	0.969947	0.973395	1.06907	1.06939	1.07346	1.06961	1.11288	1.0653	0.927981	0.942927	0.923465	0.925173	0.897539	0.895878	1.09588	1.06171	1.0707	1.06991	1.15339	1.07098	1.1116	1.09079	1.09112	1.09112	1.11394	1.11509	1.106	1.10921	1.09844	1.10486	1.10478	1.10519	1.03321	1.06571	1.02898	1.0498	1.04017	1.04774	1.07981	1.09685	1.08084	1.07887	1.07916	1.06878	1.10221	1.11787	1.10466	1.10671	1.09997	1.10522	0.980065	0.939742	0.94421	0.95394	0.958044	0.960962	1.10921	1.09077	1.12017	1.11047	1.10938	1.10073
ERR607756	0.942334	0.954537	0.954902	0.956043	0.943335	0.941888	0	0.799102	0.790636	0.803139	0.804007	0.790084	0.923726	0.928159	0.934162	0.928669	0.92625	0.928801	0.945806	0.925597	0.910252	0.912318	0.927418	0.913303	0.9103	0.911062	0.947661	0.945456	0.921442	0.920771	0.885189	0.886839	0.887373	0.892829	0.885769	0.8854	1.06305	1.06198	1.06614	1.06267	1.0971	1.06054	0.914126	0.912289	0.909553	0.910791	0.887021	0.885693	1.12193	1.09746	1.09671	1.09636	1.16489	1.09691	1.12404	1.10761	1.10781	1.1072	1.12725	1.12655	1.1147	1.11802	1.10941	1.11549	1.11536	1.11609	1.00248	1.0283	0.99865	1.01108	1.00699	1.00815	1.0985	1.10799	1.09943	1.09503	1.09827	1.08736	1.12417	1.13824	1.12433	1.12408	1.12138	1.12699	0.936216	0.902217	0.907805	0.915086	0.912874	0.916463	1.12882	1.11254	1.13688	1.13062	1.12899	1.11793
ERR607753	0.932286	0.94412	0.944494	0.945604	0.933041	0.931689	0.799102	0	0.782404	0.800527	0.80155	0.78095	0.919304	0.924499	0.930625	0.924438	0.922522	0.924728	0.943389	0.922435	0.90523	0.90823	0.924541	0.909476	0.903601	0.904561	0.941603	0.939781	0.915651	0.914858	0.881453	0.883184	0.883781	0.889141	0.881664	0.881908	1.05788	1.05713	1.06113	1.05765	1.09368	1.05523	0.90834	0.908993	0.903531	0.904792	0.879776	0.878491	1.11595	1.08984	1.09017	1.08973	1.16086	1.09054	1.11829	1.10109	1.10145	1.10073	1.12145	1.12102	1.10884	1.11229	1.1031	1.10965	1.10957	1.11034	0.996991	1.025	0.992987	1.00778	1.00243	1.0042	1.09181	1.1022	1.0926	1.08828	1.09125	1.08012	1.11843	1.13331	1.11876	1.11895	1.11551	1.12154	0.933609	0.896498	0.902615	0.910207	0.909142	0.912828	1.12304	1.10653	1.13162	1.12521	1.12344	1.11261
ERR607755	0.924835	0.93785	0.938286	0.939519	0.925825	0.924334	0.790636	0.782404	0	0.79274	0.794261	0.770216	0.907326	0.912284	0.919594	0.913383	0.910717	0.913224	0.936898	0.914152	0.894583	0.897905	0.916425	0.898574	0.892517	0.893306	0.933201	0.93131	0.905082	0.904411	0.870144	0.872414	0.872652	0.878829	0.870799	0.870055	1.04801	1.04655	1.05088	1.04739	1.08457	1.04504	0.899224	0.899422	0.894792	0.895568	0.869193	0.867554	1.10685	1.08038	1.08006	1.07935	1.15271	1.0801	1.10907	1.09155	1.0916	1.09123	1.11233	1.11187	1.09916	1.1029	1.09376	1.1004	1.10016	1.10102	0.987887	1.01647	0.98382	0.998349	0.993284	0.995165	1.08229	1.09229	1.08296	1.0785	1.08181	1.07	1.1095	1.12498	1.10986	1.10956	1.10637	1.11252	0.922696	0.884642	0.890554	0.898958	0.897272	0.901083	1.1141	1.09697	1.12306	1.11628	1.11441	1.10276
ERR607758	0.945256	0.956851	0.957006	0.958198	0.946102	0.944846	0.803139	0.800527	0.79274	0	0.80573	0.792552	0.925406	0.930172	0.935675	0.930235	0.928456	0.930733	0.947234	0.927321	0.912129	0.914444	0.929285	0.915455	0.912531	0.913352	0.95022	0.948174	0.923884	0.923585	0.887873	0.889468	0.889629	0.894826	0.888198	0.887555	1.06501	1.06354	1.06776	1.06484	1.0986	1.06225	0.915502	0.913835	0.911266	0.912209	0.889098	0.887931	1.1239	1.09939	1.09898	1.09818	1.16605	1.09873	1.1261	1.10945	1.1096	1.10921	1.12885	1.1283	1.11638	1.11975	1.11118	1.11742	1.11686	1.11781	1.00243	1.02789	0.999014	1.01143	1.00731	1.0078	1.10086	1.11002	1.10172	1.09756	1.1006	1.0896	1.12563	1.14001	1.126	1.12571	1.123	1.12857	0.93783	0.904027	0.909457	0.916777	0.91437	0.917815	1.13041	1.11438	1.13857	1.13209	1.13062	1.1195
ERR607757	0.945637	0.957793	0.957815	0.958977	0.94658	0.945313	0.804007	0.80155	0.794261	0.80573	0	0.79382	0.926666	0.930827	0.936446	0.931237	0.929062	0.931361	0.948019	0.928361	0.913724	0.915738	0.930052	0.91664	0.91337	0.913954	0.950163	0.948507	0.924446	0.924104	0.888066	0.889795	0.889583	0.894926	0.888471	0.888122	1.06596	1.06453	1.06859	1.06531	1.09928	1.06329	0.916352	0.914685	0.911831	0.912866	0.889958	0.888867	1.12425	1.10017	1.09963	1.09905	1.16692	1.09983	1.12641	1.1103	1.11018	1.10979	1.12966	1.12905	1.11688	1.12039	1.112	1.11806	1.11782	1.11874	1.00402	1.02958	1.00023	1.01283	1.00871	1.00933	1.10146	1.11058	1.10241	1.09786	1.10116	1.09025	1.12638	1.14079	1.12673	1.12653	1.12356	1.12961	0.93877	0.905013	0.910663	0.917712	0.915549	0.919293	1.13095	1.11502	1.13931	1.13294	1.13129	1.12045
ERR607754	0.919247	0.931117	0.931726	0.933092	0.919557	0.918484	0.790084	0.78095	0.770216	0.792552	0.79382	0	0.907318	0.912894	0.919964	0.913086	0.910825	0.913372	0.937294	0.914365	0.893728	0.897606	0.916449	0.899318	0.890889	0.891711	0.930769	0.928698	0.903891	0.902739	0.871391	0.873334	0.873627	0.880571	0.871086	0.871856	1.04735	1.04633	1.05068	1.04695	1.08561	1.04408	0.898688	0.900791	0.893482	0.894615	0.867338	0.865849	1.10542	1.07773	1.07875	1.07808	1.15323	1.07887	1.10798	1.08926	1.08962	1.08907	1.11096	1.11072	1.09817	1.10187	1.09217	1.09894	1.09873	1.09943	0.988197	1.01894	0.983958	1.00094	0.994208	0.997463	1.07999	1.09173	1.08076	1.07687	1.07983	1.06816	1.10847	1.1237	1.10892	1.10888	1.10505	1.11133	0.925849	0.885348	0.891634	0.900653	0.899989	0.904286	1.11291	1.09515	1.12183	1.11484	1.11309	1.10194
ERR605479	0.926236	0.941257	0.94234	0.944716	0.926662	0.92544	0.923726	0.919304	0.907326	0.925406	0.926666	0.907318	0	0.72382	0.732226	0.726995	0.724925	0.727107	0.95356	0.92695	0.90158	0.906092	0.929727	0.905804	0.845115	0.844823	0.89653	0.894061	0.859313	0.858468	0.912667	0.914408	0.915213	0.921519	0.911966	0.911697	1.03804	1.03719	1.04173	1.03811	1.07553	1.03627	0.897371	0.897915	0.893439	0.893654	0.86192	0.859287	1.07897	1.0519	1.04789	1.04576	1.12469	1.04613	1.09628	1.07854	1.07849	1.07791	1.09946	1.09863	1.08696	1.09092	1.08169	1.08909	1.08843	1.08967	0.991648	1.02334	0.987001	1.00344	0.998235	1.00055	1.0748	1.08316	1.07615	1.07032	1.07517	1.06166	1.06693	1.08589	1.06607	1.06586	1.06299	1.07086	0.928752	0.887486	0.89427	0.903499	0.901593	0.905251	1.04416	1.03017	1.04997	1.04516	1.04349	1.03279
ERR605480	0.933417	0.948388	0.949314	0.951624	0.93396	0.932882	0.928159	0.924499	0.912284	0.930172	0.930827	0.912894	0.72382	0	0.737522	0.733196	0.730789	0.733431	0.957322	0.931743	0.907201	0.911802	0.9346	0.911126	0.85268	0.85232	0.902381	0.900668	0.86589	0.865318	0.917922	0.919649	0.920482	0.926624	0.917526	0.916717	1.04284	1.04199	1.04644	1.04278	1.07918	1.041	0.903021	0.902975	0.898989	0.899568	0.868536	0.866044	1.08282	1.05673	1.05242	1.04983	1.12726	1.05044	1.10085	1.08374	1.08381	1.0832	1.10393	1.10276	1.09162	1.09556	1.08662	1.09361	1.09321	1.09454	0.996542	1.02722	0.99177	1.00748	1.00289	1.00493	1.08014	1.08794	1.08146	1.07546	1.08051	1.06718	1.07059	1.08922	1.06973	1.06932	1.06657	1.07476	0.933178	0.893558	0.900032	0.908866	0.906453	0.910245	1.04683	1.03354	1.05238	1.04783	1.04618	1.03585
ERR605481	0.942573	0.957147	0.957691	0.960391	0.943059	0.942086	0.934162	0.930625	0.919594	0.935675	0.936446	0.919964	0.732226	0.737522	0	0.740349	0.73835	0.740574	0.963198	0.938029	0.915305	0.918929	0.940807	0.918498	0.862351	0.86188	0.910797	0.909543	0.874975	0.874332	0.925496	0.927298	0.928197	0.933807	0.925167	0.924281	1.04872	1.04773	1.05185	1.04875	1.08366	1.04683	0.910964	0.909228	0.907344	0.907661	0.877726	0.875324	1.08785	1.06273	1.05819	1.05568	1.13078	1.05608	1.1067	1.09027	1.09011	1.08976	1.1099	1.10842	1.09783	1.10173	1.09311	1.10001	1.09939	1.10043	1.00298	1.03198	0.998256	1.01274	1.00854	1.00984	1.08646	1.09403	1.08771	1.08219	1.08663	1.07411	1.07603	1.09415	1.07503	1.07473	1.07192	1.07972	0.940105	0.902595	0.908359	0.916864	0.914442	0.91789	1.05074	1.03786	1.05545	1.05139	1.04985	1.04019
ERR605482	0.932393	0.947176	0.948193	0.950316	0.93278	0.93179	0.928669	0.924438	0.913383	0.930235	0.931237	0.913086	0.726995	0.733196	0.740349	0	0.729325	0.731664	0.957877	0.931934	0.908037	0.912091	0.934938	0.912254	0.852886	0.852984	0.902288	0.900268	0.866198	0.865347	0.919452	0.921439	0.922523	0.928171	0.91903	0.918407	1.04473	1.04358	1.04804	1.04459	1.08117	1.04248	0.903386	0.903936	0.899652	0.900026	0.869611	0.867025	1.08422	1.05757	1.05371	1.0512	1.12857	1.05188	1.10217	1.08471	1.0848	1.08425	1.10514	1.10418	1.09311	1.09735	1.08796	1.09496	1.09456	1.09573	0.997999	1.02935	0.993582	1.00949	1.00468	1.0067	1.0813	1.08975	1.08252	1.07701	1.08164	1.06861	1.07199	1.0905	1.07134	1.07099	1.0684	1.0762	0.934922	0.895553	0.901804	0.910614	0.908778	0.91231	1.04808	1.0346	1.05365	1.04889	1.04728	1.03742
ERR605483	0.930516	0.945691	0.946568	0.949063	0.931098	0.929877	0.92625	0.922522	0.910717	0.928456	0.929062	0.910825	0.724925	0.730789	0.73835	0.729325	0	0.729534	0.95629	0.930372	0.906179	0.910288	0.933288	0.910146	0.85038	0.85071	0.900584	0.898783	0.864484	0.863341	0.917082	0.919048	0.919808	0.92574	0.916583	0.916028	1.04319	1.04211	1.04676	1.04311	1.07976	1.04119	0.902398	0.901768	0.898179	0.898551	0.867871	0.8651	1.08294	1.05628	1.05249	1.04983	1.12738	1.05067	1.10106	1.08353	1.08355	1.08307	1.10405	1.10288	1.09166	1.09565	1.08647	1.09343	1.09321	1.09459	0.996486	1.02717	0.992015	1.0077	1.00284	1.00485	1.07992	1.08803	1.08108	1.07558	1.08013	1.06714	1.07097	1.08965	1.07034	1.06996	1.06735	1.07515	0.932577	0.893421	0.899919	0.908216	0.906565	0.909752	1.04713	1.03373	1.0529	1.04824	1.04654	1.03634
ERR605484	0.932883	0.947403	0.948242	0.950826	0.933059	0.931775	0.928801	0.924728	0.913224	0.930733	0.931361	0.913372	0.727107	0.733431	0.740574	0.731664	0.729534	0	0.958669	0.932724	0.908877	0.913105	0.935419	0.912946	0.853274	0.853295	0.902642	0.900495	0.867013	0.865968	0.919415	0.921681	0.922278	0.928012	0.918935	0.918496	1.04487	1.04359	1.04802	1.04453	1.0809	1.04264	0.904387	0.904027	0.900133	0.900239	0.869839	0.867146	1.0844	1.05788	1.05405	1.05158	1.12877	1.05214	1.1024	1.08519	1.08511	1.08479	1.10565	1.1045	1.09341	1.09755	1.08838	1.09533	1.09482	1.09614	0.998634	1.02916	0.993827	1.00963	1.00469	1.00668	1.0817	1.08996	1.08262	1.07743	1.08175	1.06912	1.07235	1.09089	1.07157	1.07138	1.06867	1.07631	0.935679	0.896083	0.902505	0.911333	0.909524	0.912916	1.0481	1.03479	1.05366	1.04909	1.04744	1.03766
ERR612225	1.00465	1.01453	1.01529	1.01636	1.00502	1.00433	0.945806	0.943389	0.936898	0.947234	0.948019	0.937294	0.95356	0.957322	0.963198	0.957877	0.95629	0.958669	0	0.821964	0.805929	0.808397	0.824604	0.808799	0.964594	0.965065	1.00097	0.999087	0.975457	0.974481	0.963003	0.964149	0.964938	0.969117	0.962954	0.961927	1.03618	1.03546	1.03958	1.03631	1.07012	1.03443	0.977454	0.977522	0.973954	0.974131	0.951857	0.950468	1.08682	1.06194	1.05961	1.05965	1.12952	1.05998	1.09893	1.08246	1.08236	1.08187	1.10204	1.10145	1.09344	1.0966	1.08803	1.09423	1.09449	1.09495	1.02751	1.05338	1.02331	1.03552	1.03246	1.03323	1.07612	1.08498	1.07745	1.07272	1.07576	1.06414	1.09318	1.10879	1.09421	1.09312	1.09064	1.09634	1.01681	0.986339	0.990776	0.997613	0.994641	0.998302	1.09057	1.07443	1.09937	1.09229	1.09051	1.07916
ERR612224	0.981864	0.992658	0.99344	0.994855	0.982402	0.98137	0.925597	0.922435	0.914152	0.927321	0.928361	0.914365	0.92695	0.931743	0.938029	0.931934	0.930372	0.932724	0.821964	0	0.770828	0.774553	0.79635	0.775152	0.938945	0.939097	0.979286	0.977377	0.950243	0.949696	0.939381	0.940852	0.941324	0.945952	0.939206	0.938244	1.01382	1.01326	1.0178	1.01394	1.0514	1.01218	0.955051	0.955591	0.950986	0.951344	0.925725	0.923959	1.06727	1.03971	1.03789	1.03759	1.11442	1.03787	1.07972	1.06171	1.06166	1.06096	1.08313	1.0827	1.07361	1.0771	1.06797	1.07451	1.07483	1.07544	1.00519	1.03353	1.0006	1.01414	1.01088	1.01152	1.05539	1.06522	1.05691	1.05153	1.05532	1.04238	1.07365	1.09079	1.0745	1.07388	1.07089	1.07752	0.995005	0.96094	0.966458	0.973769	0.970929	0.974785	1.07126	1.05345	1.08065	1.07294	1.07145	1.05872
ERR612221	0.957452	0.968963	0.970589	0.971835	0.957824	0.956785	0.910252	0.90523	0.894583	0.912129	0.913724	0.893728	0.90158	0.907201	0.915305	0.908037	0.906179	0.908877	0.805929	0.770828	0	0.739175	0.77477	0.740596	0.913091	0.913552	0.957376	0.955264	0.926333	0.925525	0.918104	0.919702	0.920705	0.926746	0.917618	0.91702	0.989397	0.988633	0.993545	0.989665	1.03219	0.987123	0.934229	0.936845	0.93011	0.930211	0.900626	0.89827	1.04399	1.01249	1.0107	1.01029	1.09672	1.01074	1.05654	1.0362	1.03621	1.03547	1.06017	1.05973	1.05006	1.05372	1.04346	1.05096	1.05108	1.0519	0.982814	1.01542	0.977646	0.994383	0.989763	0.99149	1.03019	1.0413	1.03158	1.02587	1.03024	1.01555	1.05015	1.06918	1.05089	1.05014	1.04667	1.05398	0.975406	0.936608	0.942668	0.951535	0.94934	0.953817	1.04817	1.02761	1.05847	1.04998	1.0483	1.03379
ERR612223	0.963458	0.975435	0.976478	0.977596	0.963841	0.962486	0.912318	0.90823	0.897905	0.914444	0.915738	0.897606	0.906092	0.911802	0.918929	0.912091	0.910288	0.913105	0.808397	0.774553	0.739175	0	0.778347	0.744976	0.918359	0.919076	0.962785	0.960518	0.931476	0.93019	0.921743	0.923178	0.924059	0.929529	0.921386	0.920086	0.994437	0.993475	0.998196	0.994377	1.03484	0.99234	0.938221	0.939047	0.934007	0.934028	0.905642	0.90384	1.04882	1.01848	1.01598	1.01587	1.09895	1.01617	1.06197	1.04184	1.04203	1.04161	1.06567	1.06486	1.05512	1.05913	1.04884	1.05661	1.05664	1.05737	0.987461	1.01779	0.982188	0.997155	0.993732	0.994348	1.03636	1.0465	1.03775	1.03204	1.03639	1.0222	1.055	1.0737	1.05588	1.05514	1.05214	1.05909	0.977548	0.94089	0.946762	0.955091	0.951455	0.955712	1.05317	1.03359	1.06333	1.05484	1.05328	1.039
ERR612226	0.983575	0.994125	0.995177	0.996428	0.983823	0.982972	0.927418	0.924541	0.916425	0.929285	0.930052	0.916449	0.929727	0.9346	0.940807	0.934938	0.933288	0.935419	0.824604	0.79635	0.77477	0.778347	0	0.779005	0.941675	0.941727	0.981129	0.979324	0.953225	0.95214	0.941479	0.943017	0.943746	0.948244	0.941556	0.940556	1.0164	1.01575	1.02016	1.01639	1.05352	1.01451	0.956845	0.957811	0.953162	0.9535	0.928192	0.926532	1.0696	1.04208	1.04004	1.03989	1.11602	1.04017	1.0816	1.06355	1.06377	1.06327	1.08523	1.08456	1.076	1.07965	1.07013	1.07673	1.07713	1.0775	1.00696	1.03551	1.0027	1.01631	1.01286	1.01352	1.05757	1.06727	1.05888	1.05398	1.05743	1.04479	1.07532	1.0922	1.07611	1.07554	1.07273	1.07887	0.997899	0.964158	0.969339	0.976914	0.973861	0.978145	1.07361	1.05568	1.08297	1.0751	1.07376	1.0611
ERR612222	0.96762	0.979519	0.980516	0.98177	0.968073	0.966834	0.913303	0.909476	0.898574	0.915455	0.91664	0.899318	0.905804	0.911126	0.918498	0.912254	0.910146	0.912946	0.808799	0.775152	0.740596	0.744976	0.779005	0	0.919366	0.919889	0.963808	0.961702	0.932088	0.931306	0.921683	0.923363	0.924186	0.929687	0.921406	0.920279	0.994154	0.992994	0.997748	0.993798	1.0339	0.992057	0.93877	0.939055	0.935432	0.934734	0.906652	0.904758	1.04934	1.02013	1.0163	1.01599	1.09901	1.0163	1.06158	1.04252	1.04228	1.04175	1.06528	1.06453	1.05472	1.05868	1.049	1.05592	1.05643	1.05734	0.986632	1.01636	0.981215	0.995992	0.992814	0.993035	1.03687	1.04588	1.03834	1.03218	1.03684	1.02213	1.05529	1.07413	1.05584	1.05475	1.05219	1.05927	0.976058	0.940169	0.946057	0.95392	0.950238	0.954492	1.05333	1.03369	1.06298	1.05506	1.05299	1.0386
ERR626866	0.888381	0.902836	0.904485	0.906615	0.88862	0.887924	0.9103	0.903601	0.892517	0.912531	0.91337	0.890889	0.845115	0.85268	0.862351	0.852886	0.85038	0.853274	0.964594	0.938945	0.913091	0.918359	0.941675	0.919366	0	0.767813	0.819137	0.816984	0.782736	0.780596	0.905636	0.907834	0.908961	0.916138	0.904987	0.905475	1.03995	1.03911	1.04395	1.03994	1.07996	1.03735	0.906431	0.912652	0.902533	0.90306	0.875029	0.873157	1.09382	1.06525	1.06445	1.06385	1.14241	1.0648	1.09502	1.07591	1.07593	1.0753	1.09827	1.09743	1.08534	1.08919	1.0789	1.08631	1.08591	1.08717	0.9913	1.02649	0.986873	1.00599	0.998486	1.00345	1.07176	1.08214	1.07246	1.06778	1.07146	1.05895	1.09573	1.11267	1.09638	1.09586	1.09212	1.09908	0.929011	0.88525	0.892022	0.901358	0.902526	0.905504	1.09985	1.08132	1.10916	1.10174	1.10011	1.08747
ERR626861	0.891243	0.905691	0.907033	0.90896	0.891358	0.890808	0.911062	0.904561	0.893306	0.913352	0.913954	0.891711	0.844823	0.85232	0.86188	0.852984	0.85071	0.853295	0.965065	0.939097	0.913552	0.919076	0.941727	0.919889	0.767813	0	0.820481	0.818542	0.781599	0.779702	0.90613	0.908249	0.909833	0.9169	0.905664	0.906355	1.03988	1.03896	1.0438	1.03996	1.08022	1.03716	0.906792	0.913157	0.902888	0.903083	0.875167	0.873484	1.09423	1.06576	1.0649	1.06412	1.14301	1.06505	1.09501	1.07611	1.07619	1.07532	1.09819	1.09779	1.08542	1.08961	1.07903	1.0863	1.08612	1.08741	0.990157	1.02567	0.985735	1.00527	0.997582	1.00255	1.07183	1.08232	1.07293	1.06769	1.07173	1.05867	1.09558	1.1126	1.0964	1.09585	1.09231	1.09907	0.929528	0.885122	0.892123	0.901862	0.903153	0.906586	1.09965	1.08127	1.10917	1.10139	1.09976	1.08748
ERR626865	0.923568	0.935223	0.935971	0.938194	0.92387	0.923396	0.947661	0.941603	0.933201	0.95022	0.950163	0.930769	0.89653	0.902381	0.910797	0.902288	0.900584	0.902642	1.00097	0.979286	0.957376	0.962785	0.981129	0.963808	0.819137	0.820481	0	0.854707	0.832549	0.830761	0.950673	0.952879	0.954008	0.959865	0.949872	0.951196	1.07384	1.07312	1.07729	1.07372	1.11065	1.07132	0.944269	0.952499	0.940779	0.941181	0.918903	0.917198	1.12113	1.09473	1.09554	1.09475	1.1662	1.09575	1.12195	1.10457	1.1042	1.10384	1.12412	1.12411	1.11379	1.11719	1.10804	1.11469	1.11424	1.11502	1.02863	1.06204	1.02475	1.04349	1.03511	1.04116	1.10085	1.11139	1.10173	1.09785	1.10069	1.08962	1.12248	1.13754	1.12356	1.12316	1.11982	1.12563	0.970875	0.931684	0.936833	0.94497	0.948524	0.951164	1.12641	1.11014	1.13524	1.12801	1.12659	1.11624
ERR626864	0.921061	0.932934	0.93348	0.935568	0.921342	0.921329	0.945456	0.939781	0.93131	0.948174	0.948507	0.928698	0.894061	0.900668	0.909543	0.900268	0.898783	0.900495	0.999087	0.977377	0.955264	0.960518	0.979324	0.961702	0.816984	0.818542	0.854707	0	0.830774	0.828509	0.949182	0.950997	0.952263	0.958199	0.948089	0.949565	1.07211	1.07127	1.07586	1.07217	1.10921	1.06947	0.942609	0.951055	0.938915	0.939846	0.916932	0.915503	1.11946	1.09297	1.09361	1.09327	1.16524	1.0941	1.12024	1.10256	1.10282	1.1024	1.123	1.12277	1.11229	1.11614	1.10668	1.1128	1.11284	1.1136	1.02703	1.06062	1.02326	1.0424	1.03368	1.04017	1.09914	1.10979	1.10005	1.09605	1.09866	1.08789	1.1212	1.13615	1.12197	1.12158	1.11818	1.12422	0.969225	0.929679	0.935228	0.943572	0.946997	0.949532	1.12493	1.10846	1.13376	1.1265	1.12515	1.11487
ERR626862	0.903691	0.917663	0.918561	0.920677	0.903917	0.903207	0.921442	0.915651	0.905082	0.923884	0.924446	0.903891	0.859313	0.86589	0.874975	0.866198	0.864484	0.867013	0.975457	0.950243	0.926333	0.931476	0.953225	0.932088	0.782736	0.781599	0.832549	0.830774	0	0.794154	0.918213	0.920697	0.9217	0.928083	0.917711	0.918216	1.04995	1.04866	1.05332	1.04957	1.08778	1.0474	0.918095	0.923557	0.914465	0.91472	0.888837	0.887071	1.10254	1.07549	1.07416	1.07336	1.14908	1.07408	1.10349	1.08512	1.08538	1.08495	1.1063	1.10573	1.09403	1.09793	1.08827	1.09517	1.09474	1.09607	1.00116	1.03421	0.996603	1.01471	1.0076	1.01221	1.08137	1.09062	1.08228	1.07717	1.0812	1.06901	1.10409	1.12018	1.10488	1.10389	1.10063	1.10754	0.939219	0.897936	0.904129	0.912827	0.913534	0.916707	1.1078	1.09032	1.11672	1.10977	1.1079	1.09564
ERR626863	0.899514	0.913861	0.914745	0.917105	0.899906	0.899209	0.920771	0.914858	0.904411	0.923585	0.924104	0.902739	0.858468	0.865318	0.874332	0.865347	0.863341	0.865968	0.974481	0.949696	0.925525	0.93019	0.95214	0.931306	0.780596	0.779702	0.830761	0.828509	0.794154	0	0.917709	0.920325	0.921459	0.92771	0.917307	0.918263	1.0493	1.04834	1.05291	1.0492	1.08754	1.04684	0.917055	0.922957	0.913125	0.913961	0.887184	0.885798	1.10187	1.07395	1.07327	1.07252	1.14876	1.07336	1.1025	1.08409	1.08394	1.0836	1.10567	1.10485	1.0934	1.09721	1.08712	1.09446	1.09411	1.09517	1.00115	1.03488	0.996764	1.01538	1.0082	1.013	1.08024	1.09025	1.08122	1.07644	1.07997	1.06764	1.10335	1.11958	1.10392	1.1034	1.10004	1.10654	0.938917	0.897087	0.903116	0.912535	0.913216	0.916323	1.10698	1.0895	1.11646	1.10902	1.1072	1.09523
ERR637038	0.971222	0.984944	0.985875	0.98754	0.971486	0.970208	0.885189	0.881453	0.870144	0.887873	0.888066	0.871391	0.912667	0.917922	0.925496	0.919452	0.917082	0.919415	0.963003	0.939381	0.918104	0.921743	0.941479	0.921683	0.905636	0.90613	0.950673	0.949182	0.918213	0.917709	0	0.754882	0.754971	0.763744	0.757273	0.756351	1.06916	1.06788	1.07237	1.06894	1.10355	1.06718	0.953453	0.952851	0.94972	0.949768	0.923362	0.921868	1.12806	1.10293	1.10037	1.09987	1.1686	1.10035	1.1277	1.1113	1.11133	1.11072	1.13071	1.12963	1.11678	1.12081	1.11226	1.11895	1.11827	1.11954	1.01794	1.04572	1.01354	1.0276	1.02377	1.0247	1.10583	1.11377	1.10692	1.10161	1.10574	1.09392	1.13015	1.14539	1.12977	1.12895	1.12649	1.13297	0.954783	0.919097	0.92542	0.933398	0.930518	0.933788	1.13155	1.1155	1.13962	1.13369	1.13184	1.11967
ERR637037	0.974181	0.987471	0.988364	0.990008	0.97418	0.973318	0.886839	0.883184	0.872414	0.889468	0.889795	0.873334	0.914408	0.919649	0.927298	0.921439	0.919048	0.921681	0.964149	0.940852	0.919702	0.923178	0.943017	0.923363	0.907834	0.908249	0.952879	0.950997	0.920697	0.920325	0.754882	0	0.756317	0.764883	0.758435	0.757771	1.07052	1.06941	1.07363	1.07037	1.10428	1.06867	0.955716	0.954355	0.952086	0.952204	0.926166	0.92438	1.12939	1.10428	1.10193	1.10142	1.16986	1.10209	1.12901	1.11285	1.1129	1.11233	1.13214	1.13112	1.11821	1.12204	1.11363	1.12014	1.1199	1.12083	1.01979	1.04742	1.01536	1.02887	1.02549	1.02621	1.10754	1.11542	1.10857	1.10302	1.10751	1.09551	1.13172	1.14671	1.13105	1.13038	1.12775	1.13451	0.95643	0.920908	0.9272	0.935252	0.932179	0.935592	1.13313	1.11695	1.14086	1.13524	1.13317	1.12139
ERR637036	0.974975	0.988435	0.989165	0.990872	0.975104	0.97396	0.887373	0.883781	0.872652	0.889629	0.889583	0.873627	0.915213	0.920482	0.928197	0.922523	0.919808	0.922278	0.964938	0.941324	0.920705	0.924059	0.943746	0.924186	0.908961	0.909833	0.954008	0.952263	0.9217	0.921459	0.754971	0.756317	0	0.765332	0.758807	0.758208	1.07114	1.0699	1.07453	1.07098	1.1046	1.06932	0.956208	0.954253	0.952475	0.952492	0.926438	0.924698	1.13024	1.10528	1.10261	1.10209	1.17022	1.10275	1.12983	1.11355	1.11357	1.11332	1.13286	1.13192	1.11883	1.12284	1.11401	1.12076	1.12048	1.12148	1.01993	1.04769	1.01582	1.02909	1.02576	1.02608	1.10809	1.11581	1.10935	1.10396	1.10832	1.0962	1.13228	1.14731	1.13173	1.13095	1.12827	1.13532	0.956702	0.921473	0.928125	0.935833	0.932099	0.935732	1.13387	1.11783	1.14181	1.1359	1.13393	1.12211
ERR637033	0.982661	0.995644	0.996395	0.998031	0.982667	0.981783	0.892829	0.889141	0.878829	0.894826	0.894926	0.880571	0.921519	0.926624	0.933807	0.928171	0.92574	0.928012	0.969117	0.945952	0.926746	0.929529	0.948244	0.929687	0.916138	0.9169	0.959865	0.958199	0.928083	0.92771	0.763744	0.764883	0.765332	0	0.761768	0.760802	1.07571	1.07483	1.07878	1.07576	1.10821	1.07401	0.962344	0.959703	0.958579	0.958329	0.933138	0.931528	1.13496	1.1108	1.10798	1.10746	1.1736	1.10795	1.13431	1.11857	1.11859	1.11822	1.13754	1.13639	1.12365	1.12742	1.11923	1.1257	1.1254	1.12638	1.02451	1.05063	1.02018	1.03298	1.0298	1.03013	1.11354	1.1203	1.11426	1.10924	1.1133	1.10155	1.13676	1.15155	1.1361	1.13537	1.13296	1.13945	0.961912	0.928343	0.934582	0.941659	0.938333	0.941525	1.13843	1.12257	1.14633	1.14076	1.13855	1.12667
ERR637034	0.970534	0.984032	0.985045	0.98674	0.97118	0.969947	0.885769	0.881664	0.870799	0.888198	0.888471	0.871086	0.911966	0.917526	0.925167	0.91903	0.916583	0.918935	0.962954	0.939206	0.917618	0.921386	0.941556	0.921406	0.904987	0.905664	0.949872	0.948089	0.917711	0.917307	0.757273	0.758435	0.758807	0.761768	0	0.754772	1.06745	1.06675	1.07092	1.06762	1.10207	1.06583	0.953135	0.952271	0.949702	0.949883	0.922717	0.920984	1.12665	1.10094	1.099	1.09829	1.16771	1.09907	1.12601	1.10953	1.10956	1.10933	1.12911	1.12838	1.11547	1.11918	1.11045	1.11749	1.11666	1.1178	1.01674	1.04519	1.0122	1.02671	1.02245	1.02374	1.10421	1.11233	1.10514	1.09966	1.10403	1.09202	1.1287	1.1439	1.12808	1.12734	1.12479	1.13155	0.955179	0.918933	0.925162	0.933458	0.931018	0.93402	1.13029	1.11381	1.13832	1.13223	1.13075	1.11849
ERR637035	0.974297	0.988053	0.989072	0.990538	0.974703	0.973395	0.8854	0.881908	0.870055	0.887555	0.888122	0.871856	0.911697	0.916717	0.924281	0.918407	0.916028	0.918496	0.961927	0.938244	0.91702	0.920086	0.940556	0.920279	0.905475	0.906355	0.951196	0.949565	0.918216	0.918263	0.756351	0.757771	0.758208	0.760802	0.754772	0	1.06737	1.06631	1.07022	1.06716	1.10039	1.06571	0.953318	0.9509	0.950101	0.950005	0.9233	0.921808	1.12704	1.10222	1.09883	1.09835	1.1667	1.09887	1.12609	1.11022	1.11017	1.10978	1.12967	1.12838	1.11529	1.11917	1.11062	1.11745	1.11701	1.11819	1.01643	1.04289	1.01199	1.02465	1.02187	1.0216	1.10484	1.1119	1.10579	1.10019	1.10461	1.09263	1.12911	1.14435	1.12821	1.12741	1.12501	1.13185	0.951901	0.917336	0.923629	0.931347	0.927117	0.93066	1.13059	1.11415	1.13838	1.13256	1.13045	1.11815
ERR608582	1.06977	1.07734	1.07883	1.07991	1.07003	1.06907	1.06305	1.05788	1.04801	1.06501	1.06596	1.04735	1.03804	1.04284	1.04872	1.04473	1.04319	1.04487	1.03618	1.01382	0.989397	0.994437	1.0164	0.994154	1.03995	1.03988	1.07384	1.07211	1.04995	1.0493	1.06916	1.07052	1.07114	1.07571	1.06745	1.06737	0	0.76994	0.778709	0.770511	0.831275	0.771107	1.04734	1.05095	1.04489	1.0448	1.02119	1.0194	0.919647	0.882277	0.879523	0.879856	0.986652	0.879795	0.916873	0.891633	0.891149	0.890106	0.922016	0.921208	0.90284	0.909184	0.895645	0.905191	0.904633	0.905695	1.01549	1.04493	1.0114	1.02545	1.02273	1.02374	0.892923	0.906455	0.894241	0.887393	0.8927	0.875254	0.921504	0.944651	0.922723	0.922007	0.917959	0.927134	1.07291	1.04217	1.04603	1.05408	1.05286	1.05611	0.914612	0.88898	0.928114	0.915526	0.91411	0.896903
ERR608584	1.06969	1.07756	1.07921	1.08024	1.07042	1.06939	1.06198	1.05713	1.04655	1.06354	1.06453	1.04633	1.03719	1.04199	1.04773	1.04358	1.04211	1.04359	1.03546	1.01326	0.988633	0.993475	1.01575	0.992994	1.03911	1.03896	1.07312	1.07127	1.04866	1.04834	1.06788	1.06941	1.0699	1.07483	1.06675	1.06631	0.76994	0	0.778723	0.770084	0.831035	0.771181	1.04656	1.05011	1.04414	1.04413	1.0202	1.01892	0.919876	0.882784	0.879176	0.879343	0.986543	0.879731	0.916632	0.891549	0.890539	0.890038	0.921918	0.920636	0.902936	0.908594	0.895591	0.905065	0.904474	0.905674	1.01429	1.04368	1.01019	1.0242	1.02168	1.02282	0.892583	0.90519	0.894032	0.88688	0.891867	0.874899	0.921179	0.944974	0.921991	0.921398	0.917272	0.926382	1.07198	1.04083	1.04503	1.0529	1.05124	1.05476	0.915057	0.889291	0.928319	0.916151	0.914454	0.897064
ERR608580	1.07414	1.08146	1.08299	1.08431	1.07436	1.07346	1.06614	1.06113	1.05088	1.06776	1.06859	1.05068	1.04173	1.04644	1.05185	1.04804	1.04676	1.04802	1.03958	1.0178	0.993545	0.998196	1.02016	0.997748	1.04395	1.0438	1.07729	1.07586	1.05332	1.05291	1.07237	1.07363	1.07453	1.07878	1.07092	1.07022	0.778709	0.778723	0	0.778759	0.831517	0.773719	1.0513	1.05395	1.04845	1.04842	1.02497	1.0234	0.923885	0.888144	0.884276	0.884853	0.988497	0.885044	0.921041	0.89685	0.896545	0.895057	0.926501	0.925568	0.90797	0.913635	0.900671	0.909996	0.909271	0.910723	1.01941	1.04792	1.01529	1.02894	1.02645	1.027	0.898304	0.911005	0.89983	0.892709	0.897762	0.881077	0.925253	0.948185	0.926053	0.925627	0.921891	0.930647	1.07545	1.04542	1.04933	1.05689	1.05542	1.05866	0.919025	0.893949	0.932254	0.920213	0.918453	0.901326
ERR608583	1.07003	1.07793	1.07937	1.08048	1.07052	1.06961	1.06267	1.05765	1.04739	1.06484	1.06531	1.04695	1.03811	1.04278	1.04875	1.04459	1.04311	1.04453	1.03631	1.01394	0.989665	0.994377	1.01639	0.993798	1.03994	1.03996	1.07372	1.07217	1.04957	1.0492	1.06894	1.07037	1.07098	1.07576	1.06762	1.06716	0.770511	0.770084	0.778759	0	0.831421	0.771429	1.04769	1.05108	1.04477	1.04509	1.02139	1.01969	0.920442	0.883115	0.880061	0.880109	0.986839	0.880478	0.917642	0.892526	0.892458	0.891078	0.922946	0.921705	0.903854	0.909675	0.896265	0.90555	0.904828	0.906394	1.01553	1.04448	1.01085	1.02524	1.02234	1.02322	0.893143	0.906077	0.894561	0.887652	0.892718	0.875305	0.922038	0.945375	0.922843	0.92234	0.918027	0.927327	1.07309	1.04188	1.04583	1.05385	1.05258	1.05606	0.915829	0.890517	0.929179	0.916971	0.915466	0.897935
ERR608579	1.11338	1.12106	1.12171	1.1229	1.11429	1.11288	1.0971	1.09368	1.08457	1.0986	1.09928	1.08561	1.07553	1.07918	1.08366	1.08117	1.07976	1.0809	1.07012	1.0514	1.03219	1.03484	1.05352	1.0339	1.07996	1.08022	1.11065	1.10921	1.08778	1.08754	1.10355	1.10428	1.1046	1.10821	1.10207	1.10039	0.831275	0.831035	0.831517	0.831421	0	0.829358	1.08541	1.08404	1.08343	1.08334	1.06316	1.06247	0.963802	0.939454	0.931602	0.932084	1.01028	0.931929	0.96069	0.943314	0.942854	0.942171	0.96561	0.963795	0.950179	0.954838	0.946311	0.953206	0.952522	0.953603	1.05439	1.07517	1.051	1.05879	1.05938	1.05742	0.947564	0.952916	0.948581	0.941972	0.94722	0.933422	0.964854	0.983193	0.964984	0.9639	0.962965	0.969281	1.10116	1.0777	1.08114	1.08705	1.08339	1.08626	0.959528	0.940888	0.969389	0.960785	0.958711	0.943865
ERR608581	1.06603	1.073	1.07494	1.07608	1.06619	1.0653	1.06054	1.05523	1.04504	1.06225	1.06329	1.04408	1.03627	1.041	1.04683	1.04248	1.04119	1.04264	1.03443	1.01218	0.987123	0.99234	1.01451	0.992057	1.03735	1.03716	1.07132	1.06947	1.0474	1.04684	1.06718	1.06867	1.06932	1.07401	1.06583	1.06571	0.771107	0.771181	0.773719	0.771429	0.829358	0	1.04561	1.04987	1.04263	1.04308	1.01867	1.01697	0.917732	0.879447	0.877765	0.877996	0.986935	0.877857	0.915129	0.889226	0.888985	0.887997	0.920586	0.919798	0.902114	0.90794	0.89413	0.903593	0.902953	0.904454	1.01379	1.04452	1.00957	1.0249	1.02132	1.02294	0.890636	0.904895	0.8916	0.884981	0.889837	0.872426	0.920264	0.943725	0.921613	0.921517	0.91629	0.925663	1.07273	1.04072	1.04445	1.05295	1.05192	1.05513	0.91333	0.887309	0.927117	0.914423	0.913195	0.895808
ERR606035	0.928585	0.940876	0.942255	0.943242	0.929226	0.927981	0.914126	0.90834	0.899224	0.915502	0.916352	0.898688	0.897371	0.903021	0.910964	0.903386	0.902398	0.904387	0.977454	0.955051	0.934229	0.938221	0.956845	0.93877	0.906431	0.906792	0.944269	0.942609	0.918095	0.917055	0.953453	0.955716	0.956208	0.962344	0.953135	0.953318	1.04734	1.04656	1.0513	1.04769	1.08541	1.04561	0	0.82597	0.810879	0.810769	0.784269	0.782884	1.09489	1.06749	1.06628	1.0659	1.14209	1.06649	1.09974	1.08211	1.08199	1.0815	1.10296	1.10271	1.09227	1.09636	1.08662	1.09341	1.09317	1.09423	0.99392	1.02344	0.989631	1.00535	0.999583	1.00276	1.07653	1.08646	1.07761	1.07286	1.07641	1.06417	1.0831	1.09963	1.08368	1.0833	1.07994	1.08625	0.927631	0.888103	0.8942	0.902477	0.902573	0.906531	1.0899	1.07211	1.09926	1.09179	1.09015	1.07756
ERR606030	0.943496	0.95727	0.957639	0.958935	0.944522	0.942927	0.912289	0.908993	0.899422	0.913835	0.914685	0.900791	0.897915	0.902975	0.909228	0.903936	0.901768	0.904027	0.977522	0.955591	0.936845	0.939047	0.957811	0.939055	0.912652	0.913157	0.952499	0.951055	0.923557	0.922957	0.952851	0.954355	0.954253	0.959703	0.952271	0.9509	1.05095	1.05011	1.05395	1.05108	1.08404	1.04987	0.82597	0	0.822669	0.821692	0.791139	0.788982	1.10107	1.07642	1.07253	1.07182	1.14308	1.07242	1.10617	1.08983	1.08991	1.0892	1.1096	1.10822	1.09743	1.10111	1.09292	1.09901	1.09882	1.09992	0.995526	1.01965	0.991634	1.00219	0.999845	0.999842	1.08402	1.09129	1.08513	1.07991	1.08416	1.07183	1.08856	1.10493	1.08857	1.08791	1.08568	1.09179	0.921126	0.888008	0.893479	0.900291	0.896201	0.899688	1.09493	1.07799	1.10303	1.09698	1.09495	1.08202
ERR606033	0.923862	0.936541	0.937443	0.938913	0.924797	0.923465	0.909553	0.903531	0.894792	0.911266	0.911831	0.893482	0.893439	0.898989	0.907344	0.899652	0.898179	0.900133	0.973954	0.950986	0.93011	0.934007	0.953162	0.935432	0.902533	0.902888	0.940779	0.938915	0.914465	0.913125	0.94972	0.952086	0.952475	0.958579	0.949702	0.950101	1.04489	1.04414	1.04845	1.04477	1.08343	1.04263	0.810879	0.822669	0	0.807462	0.780059	0.778106	1.09264	1.0645	1.06413	1.0636	1.14108	1.06428	1.09801	1.07988	1.08006	1.07931	1.10127	1.10094	1.09042	1.09448	1.08468	1.09144	1.09126	1.09219	0.991006	1.02146	0.987042	1.00334	0.997196	1.00084	1.074	1.08462	1.07479	1.07033	1.07389	1.06172	1.0816	1.09835	1.08234	1.08209	1.0783	1.08484	0.925587	0.884863	0.890942	0.899712	0.900248	0.903888	1.08811	1.07005	1.09778	1.08992	1.08827	1.07612
ERR606034	0.925933	0.938394	0.939555	0.940857	0.926518	0.925173	0.910791	0.904792	0.895568	0.912209	0.912866	0.894615	0.893654	0.899568	0.907661	0.900026	0.898551	0.900239	0.974131	0.951344	0.930211	0.934028	0.9535	0.934734	0.90306	0.903083	0.941181	0.939846	0.91472	0.913961	0.949768	0.952204	0.952492	0.958329	0.949883	0.950005	1.0448	1.04413	1.04842	1.04509	1.08334	1.04308	0.810769	0.821692	0.807462	0	0.780412	0.777845	1.09292	1.06539	1.06404	1.06339	1.14069	1.06417	1.09789	1.08004	1.08003	1.07957	1.10113	1.10085	1.09014	1.09372	1.08437	1.09134	1.09091	1.09209	0.990911	1.02058	0.986746	1.0024	0.996708	0.999848	1.07411	1.08434	1.07513	1.07041	1.07411	1.06176	1.08104	1.09808	1.08142	1.08124	1.07772	1.08434	0.924251	0.884299	0.890049	0.899225	0.89905	0.90272	1.08785	1.0698	1.09691	1.08967	1.08761	1.07545
ERR606031	0.898312	0.912	0.913729	0.914818	0.898847	0.897539	0.887021	0.879776	0.869193	0.889098	0.889958	0.867338	0.86192	0.868536	0.877726	0.869611	0.867871	0.869839	0.951857	0.925725	0.900626	0.905642	0.928192	0.906652	0.875029	0.875167	0.918903	0.916932	0.888837	0.887184	0.923362	0.926166	0.926438	0.933138	0.922717	0.9233	1.02119	1.0202	1.02497	1.02139	1.06316	1.01867	0.784269	0.791139	0.780059	0.780412	0	0.736539	1.07147	1.04054	1.0402	1.03953	1.12394	1.04029	1.0773	1.05724	1.05726	1.05662	1.08081	1.08055	1.06899	1.07278	1.06234	1.06993	1.0698	1.07069	0.967082	1.00033	0.962331	0.980684	0.973943	0.977499	1.051	1.06271	1.05181	1.04702	1.05064	1.03732	1.05907	1.0777	1.05983	1.05972	1.0555	1.06263	0.901877	0.855937	0.862393	0.873166	0.872999	0.877392	1.06616	1.04625	1.07638	1.068	1.0664	1.05299
ERR606032	0.896422	0.909947	0.911573	0.913214	0.897113	0.895878	0.885693	0.878491	0.867554	0.887931	0.888867	0.865849	0.859287	0.866044	0.875324	0.867025	0.8651	0.867146	0.950468	0.923959	0.89827	0.90384	0.926532	0.904758	0.873157	0.873484	0.917198	0.915503	0.887071	0.885798	0.921868	0.92438	0.924698	0.931528	0.920984	0.921808	1.0194	1.01892	1.0234	1.01969	1.06247	1.01697	0.782884	0.788982	0.778106	0.777845	0.736539	0	1.06937	1.0383	1.03809	1.03728	1.12265	1.03816	1.07553	1.05534	1.05529	1.05479	1.07894	1.07897	1.06714	1.07116	1.06051	1.06852	1.06807	1.06873	0.965984	0.999923	0.961315	0.97985	0.972829	0.97696	1.04891	1.06089	1.04998	1.04502	1.04875	1.03524	1.05711	1.07599	1.05821	1.05781	1.05342	1.06081	0.901125	0.853965	0.860724	0.871622	0.871741	0.87608	1.06389	1.04402	1.07429	1.06615	1.06415	1.05089
