	ERR607785	ERR607781	ERR607783	ERR607784	ERR607786	ERR607782	ERR608153	ERR608149	ERR608151	ERR608154	ERR608152	ERR608150	ERR613347	ERR613351	ERR613350	ERR613352	ERR613349	ERR613348	ERR613454	ERR613449	ERR613451	ERR613450	ERR613453	ERR613452	ERR607987	ERR607986	ERR607988	ERR607984	ERR607983	ERR607985	ERR618694	ERR618693	ERR618695	ERR618696	ERR618698	ERR618697	ERR622146	ERR622144	ERR622143	ERR622148	ERR622147	ERR622145	ERR626797	ERR626795	ERR626799	ERR626798	ERR626796	ERR626800	ERR631724	ERR631719	ERR631721	ERR631722	ERR631723	ERR631720	ERR630443	ERR630444	ERR630442	ERR630445	ERR630440	ERR630441	ERR616444	ERR616447	ERR616449	ERR616445	ERR616448	ERR616446	ERR618579	ERR618583	ERR618582	ERR618581	ERR618580	ERR618584	ERR626775	ERR626772	ERR626774	ERR626773	ERR626771	ERR626776	ERR629975	ERR629973	ERR629972	ERR629971	ERR629974	ERR629970	ERR616181	ERR616184	ERR616182	ERR616179	ERR616180	ERR616183	ERR616860	ERR616859	ERR616864	ERR616863	ERR616862	ERR616861
ERR607785	0	0.770472	0.770438	0.795591	0.767741	0.792464	0.871276	0.915866	0.87243	0.883634	0.873077	0.885483	0.933736	0.952272	0.955904	0.975419	0.940111	0.950794	0.901327	0.883664	0.884736	0.884134	0.900931	0.899072	0.951129	0.952937	0.953866	0.90233	0.909411	0.900997	0.902406	0.895361	0.902048	0.897409	0.893972	0.896261	0.888267	0.865966	0.89836	0.892839	0.890049	0.859606	0.901745	0.89519	0.89294	0.89288	0.902748	0.888637	1.08425	1.08435	1.07713	1.08075	1.07972	1.09224	1.05397	1.05539	1.05485	1.0523	1.05251	1.06005	1.09982	1.07998	1.07922	1.14035	1.07916	1.09762	1.07273	1.08545	1.07948	1.07757	1.07897	1.08608	1.08542	1.08995	1.08641	1.08859	1.08469	1.08376	1.08485	1.08389	1.0744	1.08463	1.08595	1.07276	1.11603	1.09059	1.09285	1.10877	1.10304	1.09175	1.09897	1.1001	1.10844	1.10941	1.11001	1.09205
ERR607781	0.770472	0	0.766408	0.798262	0.769785	0.790995	0.870462	0.918108	0.871831	0.884207	0.87238	0.885314	0.930577	0.948722	0.952372	0.974431	0.93772	0.948491	0.901708	0.884384	0.88531	0.884644	0.900668	0.898981	0.951885	0.953291	0.954477	0.902691	0.910403	0.902249	0.903018	0.895677	0.902939	0.89728	0.893781	0.896063	0.889123	0.867129	0.901247	0.893649	0.890628	0.859884	0.902043	0.895206	0.892643	0.893321	0.903838	0.888701	1.08333	1.08316	1.07567	1.07969	1.07846	1.09078	1.05328	1.0548	1.05423	1.05208	1.05213	1.06021	1.09932	1.08008	1.07938	1.14	1.07932	1.09697	1.07167	1.08381	1.07816	1.07692	1.0783	1.08457	1.08428	1.08914	1.08522	1.08773	1.08358	1.08269	1.08426	1.08314	1.0721	1.08337	1.08511	1.07076	1.11257	1.08809	1.09018	1.10616	1.10005	1.08913	1.09785	1.0997	1.10878	1.10966	1.11074	1.09105
ERR607783	0.770438	0.766408	0	0.79814	0.769761	0.790986	0.870545	0.91807	0.871889	0.884109	0.872088	0.884998	0.930196	0.948086	0.951917	0.973517	0.937553	0.948199	0.901448	0.88443	0.88538	0.884803	0.900723	0.898909	0.952167	0.953839	0.955198	0.902854	0.91077	0.90244	0.903006	0.895338	0.901976	0.89712	0.893542	0.895992	0.889711	0.867602	0.901844	0.894238	0.891428	0.860526	0.90218	0.895336	0.892807	0.893184	0.903877	0.888917	1.08291	1.0827	1.07515	1.07929	1.07834	1.09032	1.05305	1.05415	1.054	1.05165	1.05188	1.05981	1.09918	1.08004	1.07891	1.13929	1.07892	1.0965	1.07139	1.08335	1.07737	1.07636	1.07796	1.08407	1.08419	1.08897	1.08506	1.08755	1.08349	1.08245	1.08409	1.0828	1.0718	1.08295	1.08477	1.07054	1.11193	1.08763	1.08989	1.1057	1.09965	1.08907	1.09788	1.09966	1.10898	1.10988	1.11057	1.09121
ERR607784	0.795591	0.798262	0.79814	0	0.795292	0.813445	0.895192	0.934395	0.896008	0.905905	0.89719	0.907509	0.95959	0.975952	0.97937	0.997117	0.965154	0.974592	0.923249	0.908359	0.909021	0.908155	0.922662	0.921193	0.964153	0.965376	0.96672	0.921158	0.92708	0.920241	0.92815	0.922116	0.927571	0.923365	0.92083	0.922594	0.907607	0.888029	0.916405	0.911694	0.909087	0.883044	0.925447	0.919597	0.917466	0.917676	0.926645	0.914004	1.10731	1.1072	1.10074	1.10415	1.10285	1.11443	1.07945	1.08069	1.0802	1.07804	1.07837	1.08521	1.12191	1.10388	1.1031	1.15914	1.10328	1.11969	1.09777	1.10891	1.10362	1.10198	1.10325	1.10924	1.1088	1.11301	1.10967	1.11182	1.10813	1.10711	1.10823	1.10727	1.09822	1.10787	1.10896	1.0969	1.13613	1.11301	1.11522	1.12998	1.12444	1.11403	1.12113	1.12229	1.13037	1.13083	1.13171	1.11495
ERR607786	0.767741	0.769785	0.769761	0.795292	0	0.792756	0.869877	0.915592	0.871352	0.882726	0.871673	0.884264	0.931854	0.950588	0.954313	0.974401	0.938623	0.949035	0.900979	0.882899	0.884111	0.883652	0.900221	0.898363	0.951014	0.952484	0.953588	0.901861	0.909045	0.900416	0.901186	0.893994	0.900519	0.895451	0.892493	0.894556	0.887889	0.866411	0.898988	0.892929	0.889865	0.85952	0.901548	0.894756	0.89227	0.892872	0.902878	0.888504	1.08343	1.08323	1.07581	1.07962	1.07869	1.0912	1.05325	1.05442	1.05405	1.05178	1.05199	1.05942	1.0993	1.07962	1.07837	1.1399	1.07862	1.09684	1.07187	1.08437	1.07826	1.07691	1.07804	1.08483	1.08466	1.08908	1.08547	1.08755	1.08384	1.0829	1.08398	1.08265	1.07297	1.08346	1.08455	1.07166	1.1144	1.08897	1.09129	1.10749	1.10184	1.0904	1.09783	1.09921	1.10811	1.10873	1.10944	1.09113
ERR607782	0.792464	0.790995	0.790986	0.813445	0.792756	0	0.890767	0.929549	0.891297	0.901278	0.892754	0.902837	0.956758	0.973609	0.977597	0.994233	0.961987	0.971558	0.918682	0.902599	0.903397	0.902987	0.918119	0.916195	0.962086	0.963866	0.964861	0.918082	0.92406	0.916669	0.921789	0.916417	0.92174	0.917968	0.915065	0.916446	0.904138	0.883955	0.911794	0.908172	0.905576	0.87832	0.920472	0.914662	0.912426	0.913279	0.921739	0.909491	1.10265	1.10246	1.09591	1.09939	1.09818	1.11007	1.07464	1.07549	1.07501	1.07282	1.07286	1.07952	1.11723	1.09836	1.09768	1.15511	1.09781	1.11502	1.09236	1.10436	1.09884	1.09688	1.09791	1.10506	1.10405	1.10796	1.10501	1.10652	1.10316	1.10262	1.10311	1.10233	1.09369	1.10332	1.10407	1.0925	1.13383	1.10967	1.11173	1.12712	1.12142	1.11073	1.11628	1.1171	1.12515	1.1257	1.12621	1.10983
ERR608153	0.871276	0.870462	0.870545	0.895192	0.869877	0.890767	0	0.850234	0.795749	0.805566	0.791292	0.810303	0.919116	0.936912	0.941072	0.962342	0.926367	0.937236	0.908529	0.891811	0.892295	0.892224	0.907451	0.9058	0.968126	0.969893	0.971216	0.917446	0.92606	0.917707	0.869374	0.861484	0.867941	0.861013	0.857285	0.860319	0.923004	0.903339	0.935504	0.92794	0.924808	0.894687	0.921988	0.915474	0.912574	0.913017	0.924618	0.908123	1.07763	1.07724	1.06948	1.07378	1.07321	1.08504	1.04607	1.04747	1.04765	1.04465	1.04532	1.05335	1.09408	1.07543	1.07468	1.13436	1.07461	1.0914	1.06967	1.08153	1.07536	1.07487	1.07649	1.08197	1.08288	1.08825	1.0838	1.08688	1.08276	1.081	1.08197	1.08037	1.0692	1.08056	1.08254	1.06787	1.10552	1.08076	1.08333	1.09989	1.09306	1.0824	1.0948	1.09658	1.10632	1.10692	1.108	1.08785
ERR608149	0.915866	0.918108	0.91807	0.934395	0.915592	0.929549	0.850234	0	0.849914	0.859178	0.852209	0.859408	0.970521	0.985865	0.989086	0.999917	0.973856	0.981489	0.953104	0.938129	0.938721	0.938805	0.953113	0.951356	1.00013	1.00181	1.00266	0.958966	0.964552	0.957527	0.910703	0.905921	0.910293	0.906277	0.903941	0.904963	0.957091	0.940835	0.961705	0.961202	0.959119	0.935852	0.962047	0.957627	0.955014	0.955411	0.963364	0.952428	1.11228	1.11285	1.10704	1.10955	1.10851	1.12028	1.08385	1.08472	1.08429	1.08185	1.08217	1.08789	1.12679	1.10849	1.10806	1.16306	1.10833	1.12502	1.10621	1.11847	1.11294	1.11026	1.11107	1.11898	1.11707	1.12059	1.11781	1.11968	1.11644	1.11604	1.11543	1.11442	1.10791	1.11625	1.11615	1.10663	1.14552	1.12193	1.12429	1.13878	1.1336	1.12275	1.127	1.12708	1.13426	1.13458	1.13513	1.12062
ERR608151	0.87243	0.871831	0.871889	0.896008	0.871352	0.891297	0.795749	0.849914	0	0.812142	0.797878	0.81091	0.923195	0.941183	0.944816	0.965017	0.930212	0.940608	0.909904	0.893653	0.893878	0.893884	0.909575	0.907533	0.970283	0.971797	0.973194	0.920141	0.928492	0.920342	0.871407	0.863886	0.870361	0.864091	0.860227	0.862425	0.924671	0.904796	0.936007	0.929251	0.92642	0.896316	0.92396	0.917617	0.914437	0.91498	0.926217	0.910728	1.0796	1.07945	1.07201	1.07584	1.07506	1.08714	1.04865	1.05003	1.04984	1.04717	1.04781	1.05537	1.09639	1.07794	1.0769	1.13671	1.07687	1.0942	1.07211	1.08407	1.07771	1.07735	1.0788	1.08459	1.08515	1.08993	1.08571	1.08866	1.08437	1.0832	1.08401	1.08247	1.0717	1.08281	1.08451	1.07044	1.10902	1.08417	1.0867	1.1028	1.09653	1.08581	1.09645	1.09823	1.10767	1.10817	1.10887	1.08974
ERR608154	0.883634	0.884207	0.884109	0.905905	0.882726	0.901278	0.805566	0.859178	0.812142	0	0.807851	0.824385	0.933961	0.950629	0.954595	0.972423	0.939941	0.948998	0.921399	0.905589	0.906222	0.906313	0.92111	0.919275	0.977297	0.978606	0.980346	0.929708	0.937762	0.929652	0.880738	0.874343	0.880188	0.873976	0.870828	0.8731	0.932345	0.9141	0.943178	0.937108	0.934672	0.906901	0.934814	0.928908	0.92598	0.926504	0.936657	0.922032	1.08953	1.08947	1.08228	1.08599	1.08516	1.09691	1.05913	1.06052	1.06035	1.05759	1.05817	1.06543	1.10535	1.08666	1.08629	1.14414	1.08606	1.10288	1.08239	1.09383	1.08794	1.0871	1.08852	1.09434	1.09476	1.09949	1.09558	1.09817	1.09411	1.09318	1.09344	1.09194	1.0824	1.09294	1.09411	1.08107	1.11913	1.09482	1.09721	1.11295	1.1067	1.09617	1.10636	1.10735	1.11594	1.11647	1.11744	1.0995
ERR608152	0.873077	0.87238	0.872088	0.89719	0.871673	0.892754	0.791292	0.852209	0.797878	0.807851	0	0.812422	0.920485	0.938054	0.941695	0.963167	0.927692	0.938206	0.910793	0.894711	0.895819	0.895698	0.910438	0.908651	0.969728	0.971043	0.972402	0.919189	0.928043	0.920104	0.871734	0.863919	0.870143	0.863541	0.859852	0.862086	0.924309	0.905278	0.937401	0.92939	0.926983	0.8965	0.924687	0.918321	0.914969	0.915282	0.926925	0.910671	1.07957	1.07915	1.07157	1.07582	1.07485	1.08678	1.0484	1.04951	1.05005	1.04711	1.04792	1.05608	1.0957	1.07787	1.07695	1.13595	1.07686	1.09368	1.07208	1.08365	1.07728	1.07731	1.07904	1.08379	1.08515	1.09063	1.0861	1.08898	1.08501	1.08321	1.08419	1.08294	1.07127	1.0829	1.08501	1.07003	1.10697	1.08268	1.08528	1.10141	1.0947	1.08432	1.09691	1.09929	1.10897	1.10939	1.11006	1.09024
ERR608150	0.885483	0.885314	0.884998	0.907509	0.884264	0.902837	0.810303	0.859408	0.81091	0.824385	0.812422	0	0.935451	0.9523	0.955994	0.973724	0.941424	0.950956	0.923458	0.907767	0.908337	0.908156	0.923187	0.921173	0.978266	0.979575	0.981177	0.930828	0.938211	0.930711	0.882975	0.876102	0.881765	0.876039	0.872608	0.875218	0.934042	0.915478	0.944731	0.938528	0.936266	0.907774	0.935078	0.929711	0.926947	0.926934	0.937669	0.922641	1.08933	1.08918	1.08207	1.08607	1.08475	1.09667	1.05879	1.05998	1.05991	1.05753	1.05802	1.06523	1.10488	1.08696	1.08599	1.14413	1.08595	1.10308	1.0822	1.09405	1.08807	1.08703	1.08827	1.09439	1.09475	1.09938	1.09541	1.098	1.09443	1.09284	1.09362	1.092	1.08204	1.09263	1.09417	1.08091	1.11888	1.0946	1.0971	1.11285	1.10647	1.09601	1.10564	1.10723	1.11592	1.11646	1.117	1.09911
ERR613347	0.933736	0.930577	0.930196	0.95959	0.931854	0.956758	0.919116	0.970521	0.923195	0.933961	0.920485	0.935451	0	0.780293	0.784146	0.820201	0.767082	0.781614	0.902985	0.888172	0.888073	0.88837	0.90069	0.899766	1.0173	1.01841	1.01939	0.970435	0.979983	0.971661	0.942479	0.933156	0.938765	0.932696	0.927275	0.9318	0.968669	0.951898	0.987706	0.972931	0.971169	0.942131	0.95947	0.954497	0.950884	0.951287	0.962972	0.94529	1.06133	1.06033	1.05167	1.05743	1.05681	1.06709	1.03326	1.03511	1.03637	1.03321	1.03434	1.04455	1.08228	1.06554	1.06495	1.12203	1.06409	1.08008	1.04797	1.05721	1.05139	1.05282	1.05614	1.05737	1.06371	1.07042	1.06415	1.06752	1.06453	1.06076	1.05983	1.05848	1.04366	1.05653	1.06064	1.04221	1.08184	1.0588	1.06086	1.07686	1.07017	1.06095	1.07512	1.07961	1.09026	1.09077	1.09212	1.06909
ERR613351	0.952272	0.948722	0.948086	0.975952	0.950588	0.973609	0.936912	0.985865	0.941183	0.950629	0.938054	0.9523	0.780293	0	0.799786	0.835002	0.792366	0.805093	0.925303	0.913403	0.912696	0.913238	0.923261	0.922451	1.03009	1.03097	1.03191	0.987264	0.9964	0.989142	0.960611	0.952107	0.956962	0.950569	0.945431	0.949898	0.985611	0.971496	1.00546	0.989305	0.987591	0.961649	0.978446	0.973979	0.970091	0.969894	0.982293	0.964448	1.07756	1.07642	1.06802	1.07376	1.07304	1.08225	1.05149	1.05349	1.055	1.05188	1.05373	1.06334	1.0975	1.08238	1.08203	1.13431	1.08105	1.09545	1.06505	1.07229	1.06713	1.06927	1.07258	1.07254	1.07937	1.08606	1.07947	1.0833	1.08026	1.07631	1.07639	1.07499	1.06001	1.07263	1.077	1.0587	1.09362	1.07266	1.07471	1.08944	1.08302	1.07478	1.09101	1.09558	1.10595	1.10663	1.10742	1.08515
ERR613350	0.955904	0.952372	0.951917	0.97937	0.954313	0.977597	0.941072	0.989086	0.944816	0.954595	0.941695	0.955994	0.784146	0.799786	0	0.837793	0.79624	0.808884	0.928674	0.917856	0.917397	0.917596	0.927186	0.926536	1.03289	1.03347	1.03442	0.990746	0.999724	0.992394	0.963921	0.95549	0.960233	0.953791	0.94935	0.95324	0.988392	0.974924	1.00869	0.992514	0.990663	0.96535	0.981992	0.977066	0.973129	0.973417	0.985305	0.96801	1.07993	1.0789	1.07057	1.07629	1.07557	1.08431	1.05372	1.05599	1.05759	1.05418	1.05583	1.06556	1.0998	1.0846	1.08414	1.13588	1.08365	1.09749	1.06763	1.07444	1.06963	1.07214	1.07557	1.07497	1.08173	1.08853	1.08179	1.08569	1.08253	1.07864	1.07863	1.07727	1.0625	1.07496	1.07936	1.06102	1.09542	1.0747	1.07661	1.09132	1.08467	1.0766	1.09334	1.09774	1.10809	1.10874	1.11009	1.08745
ERR613352	0.975419	0.974431	0.973517	0.997117	0.974401	0.994233	0.962342	0.999917	0.965017	0.972423	0.963167	0.973724	0.820201	0.835002	0.837793	0	0.827879	0.838632	0.952017	0.939877	0.939591	0.939833	0.950468	0.949541	1.04727	1.04823	1.04905	1.00843	1.01546	1.00881	0.979965	0.973193	0.976984	0.972002	0.968333	0.971615	1.0057	0.992276	1.01895	1.00892	1.00742	0.985441	1.00062	0.996928	0.993578	0.993932	1.00334	0.98932	1.0973	1.0968	1.08966	1.09422	1.09358	1.10269	1.07316	1.07496	1.07586	1.07309	1.07444	1.08215	1.11549	1.10008	1.09971	1.15014	1.09933	1.11346	1.08552	1.09368	1.0888	1.0892	1.09178	1.09394	1.09872	1.10405	1.09889	1.10167	1.0993	1.0965	1.09463	1.09362	1.08265	1.09291	1.09529	1.08144	1.11805	1.0975	1.09915	1.11308	1.1076	1.09871	1.10885	1.11168	1.12067	1.12087	1.12163	1.10338
ERR613349	0.940111	0.93772	0.937553	0.965154	0.938623	0.961987	0.926367	0.973856	0.930212	0.939941	0.927692	0.941424	0.767082	0.792366	0.79624	0.827879	0	0.79181	0.910628	0.895719	0.895731	0.896299	0.909402	0.907718	1.02232	1.02326	1.02394	0.976719	0.98545	0.977218	0.947307	0.939149	0.944623	0.93837	0.934173	0.937818	0.974583	0.95827	0.99107	0.978587	0.97675	0.949117	0.966204	0.961272	0.957896	0.957862	0.968915	0.952873	1.06766	1.06675	1.05864	1.06362	1.06289	1.07342	1.04021	1.04209	1.043	1.03993	1.04106	1.05027	1.08787	1.07047	1.06998	1.1269	1.06934	1.08534	1.05457	1.06408	1.05812	1.05913	1.06195	1.06434	1.06941	1.0754	1.06975	1.07298	1.06993	1.06696	1.06512	1.06404	1.05078	1.06284	1.06592	1.04943	1.09017	1.06683	1.069	1.08451	1.07803	1.06837	1.08041	1.08395	1.09407	1.09447	1.09547	1.07405
ERR613348	0.950794	0.948491	0.948199	0.974592	0.949035	0.971558	0.937236	0.981489	0.940608	0.948998	0.938206	0.950956	0.781614	0.805093	0.808884	0.838632	0.79181	0	0.922713	0.908503	0.908232	0.90869	0.921187	0.919623	1.02972	1.03067	1.03157	0.985666	0.994191	0.986618	0.956932	0.948717	0.953635	0.948189	0.943884	0.947442	0.983637	0.968266	0.999506	0.987203	0.985632	0.959616	0.976543	0.971493	0.96841	0.968656	0.979253	0.963955	1.07628	1.0757	1.06773	1.07275	1.07192	1.08196	1.05023	1.05177	1.05276	1.04945	1.05079	1.05982	1.0961	1.07937	1.07894	1.13384	1.07869	1.09377	1.06359	1.07271	1.0672	1.06786	1.07067	1.0729	1.07818	1.08365	1.07841	1.08155	1.07867	1.07567	1.07367	1.07287	1.05984	1.0716	1.07445	1.05861	1.09799	1.0756	1.07783	1.09283	1.08633	1.07729	1.08908	1.09196	1.10233	1.10259	1.10358	1.08273
ERR613454	0.901327	0.901708	0.901448	0.923249	0.900979	0.918682	0.908529	0.953104	0.909904	0.921399	0.910793	0.923458	0.902985	0.925303	0.928674	0.952017	0.910628	0.922713	0	0.788801	0.789855	0.789699	0.807844	0.805021	1.00005	1.0025	1.00271	0.950217	0.958	0.949906	0.930659	0.923221	0.929919	0.924945	0.921544	0.924069	0.953661	0.931799	0.963451	0.958826	0.956192	0.924416	0.939087	0.932826	0.930549	0.931291	0.940715	0.926959	1.06323	1.06314	1.05568	1.05954	1.05837	1.07135	1.0368	1.03809	1.0373	1.03505	1.03502	1.04282	1.08059	1.06014	1.05966	1.12179	1.05993	1.07861	1.0569	1.06972	1.06384	1.06172	1.06304	1.07071	1.0691	1.0727	1.06952	1.07192	1.06827	1.06736	1.0638	1.06284	1.05292	1.06353	1.06454	1.05166	1.09677	1.07002	1.07261	1.089	1.08324	1.07126	1.0776	1.07873	1.08846	1.08899	1.08967	1.07048
ERR613449	0.883664	0.884384	0.88443	0.908359	0.882899	0.902599	0.891811	0.938129	0.893653	0.905589	0.894711	0.907767	0.888172	0.913403	0.917856	0.939877	0.895719	0.908503	0.788801	0	0.760842	0.761362	0.788125	0.784823	0.988464	0.990931	0.990951	0.934595	0.94205	0.933246	0.912071	0.904352	0.911952	0.906761	0.903309	0.905511	0.937868	0.913609	0.946142	0.943111	0.940403	0.906175	0.922117	0.914952	0.913387	0.914024	0.923028	0.909536	1.0487	1.04879	1.04137	1.04465	1.04334	1.05821	1.02064	1.02189	1.02078	1.01841	1.01794	1.02602	1.06683	1.04446	1.04387	1.1112	1.04389	1.06487	1.04124	1.05605	1.04992	1.04632	1.04727	1.05688	1.05491	1.05817	1.05496	1.05754	1.05345	1.05309	1.04841	1.0475	1.03858	1.04934	1.0493	1.03728	1.08722	1.05798	1.06079	1.07822	1.07221	1.05931	1.06288	1.06326	1.07309	1.07348	1.0744	1.05529
ERR613451	0.884736	0.88531	0.88538	0.909021	0.884111	0.903397	0.892295	0.938721	0.893878	0.906222	0.895819	0.908337	0.888073	0.912696	0.917397	0.939591	0.895731	0.908232	0.789855	0.760842	0	0.762201	0.78868	0.786022	0.989492	0.991768	0.992079	0.9355	0.943216	0.934682	0.91314	0.9053	0.912709	0.907417	0.904431	0.906603	0.93961	0.915545	0.947474	0.944696	0.941902	0.90771	0.923479	0.916667	0.914782	0.915962	0.924754	0.911083	1.0495	1.04958	1.04218	1.04553	1.04461	1.05885	1.02169	1.02333	1.02207	1.01999	1.0193	1.02693	1.06777	1.04522	1.04493	1.11201	1.0446	1.06579	1.04201	1.05684	1.05055	1.04714	1.04801	1.05742	1.05546	1.05876	1.05577	1.05817	1.05424	1.05379	1.04938	1.04841	1.03932	1.05	1.05004	1.03813	1.08788	1.05863	1.06145	1.07878	1.0728	1.05992	1.06395	1.06417	1.07363	1.07433	1.07538	1.05591
ERR613450	0.884134	0.884644	0.884803	0.908155	0.883652	0.902987	0.892224	0.938805	0.893884	0.906313	0.895698	0.908156	0.88837	0.913238	0.917596	0.939833	0.896299	0.90869	0.789699	0.761362	0.762201	0	0.788859	0.785576	0.989333	0.991651	0.991856	0.935098	0.943066	0.934359	0.913154	0.905409	0.912889	0.907982	0.904504	0.906571	0.938818	0.914836	0.946845	0.944415	0.941624	0.907013	0.923218	0.916253	0.914365	0.914987	0.924031	0.910478	1.0492	1.04932	1.04206	1.04538	1.04426	1.05872	1.02164	1.02288	1.02158	1.01927	1.01904	1.0268	1.06742	1.04493	1.04443	1.11151	1.0447	1.06528	1.04184	1.05686	1.05003	1.04692	1.04782	1.05708	1.05507	1.05879	1.05524	1.05796	1.05393	1.05318	1.04935	1.04825	1.03913	1.04999	1.0499	1.03784	1.0876	1.05849	1.06146	1.07874	1.07271	1.05986	1.06386	1.06405	1.07376	1.0745	1.07525	1.05583
ERR613453	0.900931	0.900668	0.900723	0.922662	0.900221	0.918119	0.907451	0.953113	0.909575	0.92111	0.910438	0.923187	0.90069	0.923261	0.927186	0.950468	0.909402	0.921187	0.807844	0.788125	0.78868	0.788859	0	0.804191	0.999355	1.00163	1.00206	0.949622	0.957067	0.949176	0.930611	0.92276	0.929867	0.924564	0.920987	0.923333	0.952131	0.930497	0.962257	0.95703	0.954548	0.922912	0.938048	0.931755	0.929645	0.930352	0.939755	0.925802	1.06239	1.06244	1.05498	1.05849	1.05752	1.07077	1.03565	1.03741	1.03662	1.03407	1.03425	1.04202	1.08008	1.0595	1.05909	1.1215	1.05887	1.07783	1.05565	1.06913	1.06302	1.06072	1.0621	1.06963	1.06824	1.07226	1.06832	1.07134	1.06743	1.06646	1.06287	1.062	1.05215	1.06296	1.06365	1.05091	1.09623	1.06904	1.07174	1.08812	1.08213	1.0707	1.07705	1.07823	1.0879	1.08852	1.08937	1.06992
ERR613452	0.899072	0.898981	0.898909	0.921193	0.898363	0.916195	0.9058	0.951356	0.907533	0.919275	0.908651	0.921173	0.899766	0.922451	0.926536	0.949541	0.907718	0.919623	0.805021	0.784823	0.786022	0.785576	0.804191	0	0.998288	1.00032	1.00048	0.94795	0.95557	0.94717	0.928682	0.920826	0.927911	0.922509	0.919086	0.92162	0.950871	0.929318	0.961099	0.956147	0.953752	0.921169	0.93625	0.929986	0.927595	0.928317	0.9377	0.92395	1.06166	1.06145	1.05396	1.05773	1.05656	1.06963	1.03429	1.03566	1.03497	1.03277	1.03252	1.04028	1.07887	1.05871	1.05802	1.12055	1.05794	1.07693	1.05484	1.06816	1.06194	1.05954	1.06118	1.06855	1.06734	1.07139	1.06771	1.07048	1.06667	1.06573	1.06186	1.06097	1.0512	1.06204	1.06279	1.05005	1.09494	1.06814	1.07101	1.08745	1.08145	1.06975	1.07579	1.07703	1.08676	1.08746	1.08831	1.06843
ERR607987	0.951129	0.951885	0.952167	0.964153	0.951014	0.962086	0.968126	1.00013	0.970283	0.977297	0.969728	0.978266	1.0173	1.03009	1.03289	1.04727	1.02232	1.02972	1.00005	0.988464	0.989492	0.989333	0.999355	0.998288	0	0.755533	0.756683	0.743702	0.744	0.743447	0.988754	0.984462	0.988012	0.984798	0.982177	0.983916	0.979333	0.966645	0.987148	0.98249	0.980258	0.962442	0.983113	0.979193	0.976267	0.976798	0.984263	0.973729	1.15295	1.15289	1.14722	1.15045	1.14948	1.15859	1.12701	1.12785	1.12795	1.12572	1.12631	1.1323	1.1623	1.14793	1.14745	1.1929	1.14731	1.16062	1.1492	1.1586	1.15389	1.15318	1.15426	1.15876	1.16063	1.1637	1.1612	1.16266	1.16006	1.15931	1.1553	1.15455	1.14663	1.15487	1.15574	1.14555	1.17677	1.15809	1.15988	1.17204	1.16728	1.1589	1.16711	1.16812	1.17452	1.17529	1.17569	1.16171
ERR607986	0.952937	0.953291	0.953839	0.965376	0.952484	0.963866	0.969893	1.00181	0.971797	0.978606	0.971043	0.979575	1.01841	1.03097	1.03347	1.04823	1.02326	1.03067	1.0025	0.990931	0.991768	0.991651	1.00163	1.00032	0.755533	0	0.758	0.745714	0.745816	0.746075	0.990063	0.985803	0.989059	0.98548	0.983493	0.985103	0.980429	0.968088	0.988613	0.983623	0.981784	0.964001	0.984822	0.980753	0.977706	0.978294	0.985918	0.974986	1.15489	1.15482	1.14911	1.15219	1.1512	1.16053	1.12869	1.12956	1.13001	1.12758	1.1281	1.13389	1.16399	1.15021	1.14939	1.19415	1.14919	1.16223	1.15124	1.16006	1.15541	1.15499	1.1562	1.16043	1.16228	1.16563	1.16303	1.16473	1.16194	1.1609	1.15707	1.1563	1.1483	1.15659	1.15786	1.14723	1.17787	1.1596	1.1614	1.17351	1.16888	1.16043	1.1686	1.16983	1.17666	1.17726	1.17767	1.16367
ERR607988	0.953866	0.954477	0.955198	0.96672	0.953588	0.964861	0.971216	1.00266	0.973194	0.980346	0.972402	0.981177	1.01939	1.03191	1.03442	1.04905	1.02394	1.03157	1.00271	0.990951	0.992079	0.991856	1.00206	1.00048	0.756683	0.758	0	0.747684	0.747665	0.747899	0.990825	0.986738	0.990214	0.986676	0.984071	0.986046	0.981044	0.968786	0.988668	0.984272	0.982191	0.96444	0.98504	0.981042	0.977937	0.978803	0.986105	0.9756	1.15443	1.15435	1.14887	1.15171	1.15109	1.16013	1.12865	1.12965	1.12962	1.1274	1.1279	1.13371	1.16378	1.14991	1.14916	1.19449	1.1491	1.16205	1.15083	1.15986	1.15527	1.15473	1.15574	1.16015	1.16216	1.16516	1.16268	1.1642	1.16172	1.1607	1.15688	1.15606	1.14821	1.15629	1.15759	1.14731	1.17836	1.15971	1.16156	1.17365	1.16907	1.16071	1.16848	1.16965	1.17615	1.17675	1.17738	1.16326
ERR607984	0.90233	0.902691	0.902854	0.921158	0.901861	0.918082	0.917446	0.958966	0.920141	0.929708	0.919189	0.930828	0.970435	0.987264	0.990746	1.00843	0.976719	0.985666	0.950217	0.934595	0.9355	0.935098	0.949622	0.94795	0.743702	0.745714	0.747684	0	0.708213	0.705178	0.938827	0.932958	0.938611	0.934091	0.931064	0.933383	0.937422	0.919426	0.946218	0.941498	0.939277	0.91315	0.936501	0.930595	0.927849	0.929011	0.937542	0.924716	1.11504	1.11467	1.10801	1.11174	1.11094	1.12169	1.08551	1.08646	1.08622	1.08378	1.08422	1.09088	1.12646	1.10987	1.10899	1.16272	1.10901	1.12449	1.11	1.12111	1.11555	1.11436	1.11591	1.12146	1.1232	1.12703	1.12402	1.1259	1.12271	1.12177	1.11685	1.11565	1.10664	1.11646	1.11766	1.10595	1.14267	1.12111	1.1232	1.13732	1.13204	1.12212	1.13013	1.13129	1.13941	1.13993	1.14062	1.12412
ERR607983	0.909411	0.910403	0.91077	0.92708	0.909045	0.92406	0.92606	0.964552	0.928492	0.937762	0.928043	0.938211	0.979983	0.9964	0.999724	1.01546	0.98545	0.994191	0.958	0.94205	0.943216	0.943066	0.957067	0.95557	0.744	0.745816	0.747665	0.708213	0	0.707947	0.946776	0.941092	0.946158	0.942283	0.939477	0.94157	0.943559	0.926003	0.950929	0.94775	0.945448	0.920656	0.944071	0.938419	0.935664	0.936428	0.944663	0.932703	1.12166	1.12171	1.11541	1.11854	1.11759	1.12866	1.09277	1.09372	1.09339	1.09106	1.09143	1.09775	1.13273	1.1163	1.11529	1.16804	1.11546	1.13089	1.11697	1.12816	1.1226	1.12108	1.12256	1.12846	1.13006	1.13319	1.1305	1.13222	1.1291	1.12853	1.12339	1.12243	1.11442	1.12344	1.12402	1.11332	1.15058	1.12924	1.13119	1.14506	1.14001	1.13005	1.13642	1.13739	1.1448	1.14545	1.1461	1.13055
ERR607985	0.900997	0.902249	0.90244	0.920241	0.900416	0.916669	0.917707	0.957527	0.920342	0.929652	0.920104	0.930711	0.971661	0.989142	0.992394	1.00881	0.977218	0.986618	0.949906	0.933246	0.934682	0.934359	0.949176	0.94717	0.743447	0.746075	0.747899	0.705178	0.707947	0	0.93795	0.932465	0.93743	0.933467	0.93047	0.932604	0.936433	0.917825	0.943654	0.940571	0.93774	0.912133	0.93549	0.930235	0.927135	0.927923	0.936371	0.924246	1.11478	1.11482	1.10808	1.11137	1.11013	1.12188	1.08501	1.08584	1.08578	1.08343	1.08354	1.08999	1.1264	1.10917	1.10828	1.1627	1.10841	1.12444	1.10975	1.1211	1.11562	1.11387	1.11518	1.12146	1.12296	1.12633	1.12378	1.12546	1.12222	1.12164	1.11616	1.11516	1.107	1.1162	1.11674	1.10613	1.14444	1.12234	1.1244	1.1388	1.1336	1.12323	1.1299	1.13041	1.13813	1.13863	1.1394	1.1235
ERR618694	0.902406	0.903018	0.903006	0.92815	0.901186	0.921789	0.869374	0.910703	0.871407	0.880738	0.871734	0.882975	0.942479	0.960611	0.963921	0.979965	0.947307	0.956932	0.930659	0.912071	0.91314	0.913154	0.930611	0.928682	0.988754	0.990063	0.990825	0.938827	0.946776	0.93795	0	0.811275	0.818183	0.816424	0.812958	0.814885	0.937722	0.918927	0.945743	0.941897	0.93979	0.911509	0.932064	0.926002	0.924079	0.92456	0.932674	0.920548	1.07492	1.07512	1.0684	1.07141	1.0701	1.08386	1.04361	1.04467	1.04357	1.04145	1.04101	1.04856	1.09122	1.06983	1.06914	1.134	1.06937	1.08911	1.06711	1.08118	1.07502	1.07241	1.07276	1.08193	1.08012	1.08395	1.08093	1.08325	1.07925	1.07896	1.07232	1.07131	1.06274	1.07264	1.0732	1.06098	1.11287	1.08611	1.08881	1.10515	1.09957	1.08724	1.0865	1.08669	1.09608	1.09631	1.0969	1.07878
ERR618693	0.895361	0.895677	0.895338	0.922116	0.893994	0.916417	0.861484	0.905921	0.863886	0.874343	0.863919	0.876102	0.933156	0.952107	0.95549	0.973193	0.939149	0.948717	0.923221	0.904352	0.9053	0.905409	0.92276	0.920826	0.984462	0.985803	0.986738	0.932958	0.941092	0.932465	0.811275	0	0.810452	0.808029	0.803437	0.806228	0.932496	0.912663	0.941418	0.936931	0.934433	0.904885	0.925665	0.919313	0.917254	0.917711	0.926615	0.913725	1.06828	1.06859	1.06128	1.06471	1.06371	1.07719	1.03679	1.03741	1.03653	1.03439	1.03387	1.04206	1.08531	1.0639	1.06305	1.12862	1.06323	1.08327	1.06032	1.07444	1.06798	1.06569	1.06642	1.07505	1.07386	1.07781	1.07475	1.07692	1.07284	1.07226	1.06573	1.06457	1.05489	1.06593	1.06675	1.0535	1.10585	1.07868	1.08152	1.09832	1.09204	1.08004	1.08018	1.08078	1.09064	1.09101	1.09163	1.07247
ERR618695	0.902048	0.902939	0.901976	0.927571	0.900519	0.92174	0.867941	0.910293	0.870361	0.880188	0.870143	0.881765	0.938765	0.956962	0.960233	0.976984	0.944623	0.953635	0.929919	0.911952	0.912709	0.912889	0.929867	0.927911	0.988012	0.989059	0.990214	0.938611	0.946158	0.93743	0.818183	0.810452	0	0.81523	0.811138	0.813565	0.937469	0.91838	0.946142	0.941414	0.939491	0.911309	0.931257	0.925189	0.923102	0.923543	0.932078	0.919612	1.07404	1.07396	1.06699	1.07038	1.06945	1.08266	1.04232	1.04323	1.04245	1.04025	1.0399	1.04764	1.09065	1.06957	1.06878	1.1329	1.06896	1.08846	1.06627	1.07988	1.0736	1.07149	1.07241	1.08095	1.0794	1.08338	1.08007	1.08238	1.07874	1.07785	1.07149	1.07028	1.06132	1.07148	1.07214	1.05985	1.11117	1.08443	1.08715	1.10373	1.09774	1.08568	1.08578	1.08634	1.09567	1.09626	1.09688	1.07838
ERR618696	0.897409	0.89728	0.89712	0.923365	0.895451	0.917968	0.861013	0.906277	0.864091	0.873976	0.863541	0.876039	0.932696	0.950569	0.953791	0.972002	0.93837	0.948189	0.924945	0.906761	0.907417	0.907982	0.924564	0.922509	0.984798	0.98548	0.986676	0.934091	0.942283	0.933467	0.816424	0.808029	0.81523	0	0.801191	0.804071	0.933538	0.914339	0.943385	0.937501	0.9356	0.906711	0.927514	0.921376	0.918963	0.919259	0.928568	0.914774	1.07048	1.07078	1.0635	1.06714	1.06581	1.07917	1.03907	1.03997	1.03939	1.03686	1.03691	1.04461	1.08744	1.06668	1.06576	1.13021	1.06612	1.08537	1.0627	1.07625	1.06982	1.06819	1.06907	1.0771	1.07592	1.08063	1.07661	1.07938	1.07534	1.07419	1.06892	1.06729	1.05756	1.06835	1.06944	1.05592	1.10653	1.08002	1.0829	1.0993	1.09323	1.08125	1.08277	1.08382	1.09356	1.09388	1.09472	1.07543
ERR618698	0.893972	0.893781	0.893542	0.92083	0.892493	0.915065	0.857285	0.903941	0.860227	0.870828	0.859852	0.872608	0.927275	0.945431	0.94935	0.968333	0.934173	0.943884	0.921544	0.903309	0.904431	0.904504	0.920987	0.919086	0.982177	0.983493	0.984071	0.931064	0.939477	0.93047	0.812958	0.803437	0.811138	0.801191	0	0.799414	0.930537	0.911651	0.941732	0.9351	0.93267	0.903591	0.924085	0.917757	0.915512	0.915517	0.925944	0.910952	1.06751	1.06768	1.06019	1.06409	1.06268	1.07608	1.03493	1.03612	1.03563	1.03303	1.03332	1.0412	1.08498	1.06407	1.06335	1.12813	1.06341	1.08301	1.0601	1.07274	1.06648	1.06511	1.06648	1.07379	1.07324	1.07817	1.07399	1.07654	1.07266	1.07116	1.06554	1.06418	1.05391	1.06505	1.06657	1.05246	1.10292	1.07639	1.07906	1.09591	1.08955	1.0776	1.08003	1.08127	1.09093	1.09149	1.09224	1.07256
ERR618697	0.896261	0.896063	0.895992	0.922594	0.894556	0.916446	0.860319	0.904963	0.862425	0.8731	0.862086	0.875218	0.9318	0.949898	0.95324	0.971615	0.937818	0.947442	0.924069	0.905511	0.906603	0.906571	0.923333	0.92162	0.983916	0.985103	0.986046	0.933383	0.94157	0.932604	0.814885	0.806228	0.813565	0.804071	0.799414	0	0.932654	0.913326	0.942331	0.937006	0.934665	0.905965	0.927165	0.920721	0.918169	0.918663	0.928357	0.914373	1.07022	1.07018	1.06264	1.06636	1.06509	1.07847	1.03806	1.03909	1.03865	1.03611	1.03618	1.0438	1.08691	1.06602	1.06523	1.12977	1.0655	1.08488	1.06238	1.0758	1.06915	1.0674	1.06827	1.0761	1.07555	1.07976	1.07617	1.07898	1.07474	1.07363	1.06786	1.06672	1.05695	1.06796	1.06886	1.0556	1.10633	1.07942	1.08216	1.09896	1.09284	1.08077	1.08218	1.08318	1.09294	1.09335	1.09399	1.07484
ERR622146	0.888267	0.889123	0.889711	0.907607	0.887889	0.904138	0.923004	0.957091	0.924671	0.932345	0.924309	0.934042	0.968669	0.985611	0.988392	1.0057	0.974583	0.983637	0.953661	0.937868	0.93961	0.938818	0.952131	0.950871	0.979333	0.980429	0.981044	0.937422	0.943559	0.936433	0.937722	0.932496	0.937469	0.933538	0.930537	0.932654	0	0.828719	0.857583	0.848849	0.846496	0.821812	0.917448	0.913318	0.910093	0.910457	0.918841	0.906981	1.10779	1.10779	1.10132	1.1044	1.10335	1.11518	1.07367	1.07507	1.07446	1.07214	1.07223	1.079	1.1214	1.10301	1.10225	1.15868	1.10248	1.11959	1.10134	1.11321	1.10779	1.1054	1.1065	1.11377	1.1129	1.11641	1.11354	1.11548	1.11223	1.1114	1.10829	1.10738	1.09903	1.10861	1.1089	1.09796	1.14185	1.11863	1.12087	1.13551	1.13017	1.11963	1.12056	1.12155	1.12961	1.13026	1.13098	1.11449
ERR622144	0.865966	0.867129	0.867602	0.888029	0.866411	0.883955	0.903339	0.940835	0.904796	0.9141	0.905278	0.915478	0.951898	0.971496	0.974924	0.992276	0.95827	0.968266	0.931799	0.913609	0.915545	0.914836	0.930497	0.929318	0.966645	0.968088	0.968786	0.919426	0.926003	0.917825	0.918927	0.912663	0.91838	0.914339	0.911651	0.913326	0.828719	0	0.833782	0.833264	0.830099	0.793099	0.898246	0.892727	0.889731	0.890537	0.899325	0.886421	1.09077	1.09096	1.08431	1.08718	1.08602	1.09914	1.05544	1.05673	1.05551	1.05347	1.05316	1.06019	1.10544	1.0856	1.08467	1.14528	1.08478	1.10347	1.08374	1.09729	1.09114	1.08826	1.08933	1.09739	1.09633	1.10005	1.09699	1.09889	1.09533	1.09515	1.09109	1.08999	1.08178	1.09193	1.09175	1.08072	1.12848	1.10357	1.1061	1.12162	1.11605	1.10451	1.10412	1.10469	1.11324	1.11418	1.1147	1.09731
ERR622143	0.89836	0.901247	0.901844	0.916405	0.898988	0.911794	0.935504	0.961705	0.936007	0.943178	0.937401	0.944731	0.987706	1.00546	1.00869	1.01895	0.99107	0.999506	0.963451	0.946142	0.947474	0.946845	0.962257	0.961099	0.987148	0.988613	0.988668	0.946218	0.950929	0.943654	0.945743	0.941418	0.946142	0.943385	0.941732	0.942331	0.857583	0.833782	0	0.861413	0.858992	0.830187	0.925196	0.921046	0.918994	0.919705	0.925453	0.916803	1.11502	1.11539	1.10991	1.11206	1.11063	1.12338	1.08198	1.08286	1.0815	1.07948	1.07925	1.08446	1.12782	1.10843	1.10761	1.1648	1.1082	1.12606	1.10889	1.12272	1.11692	1.11287	1.11305	1.12276	1.12011	1.12255	1.12095	1.12176	1.11895	1.11937	1.11465	1.11401	1.10892	1.11666	1.11523	1.10769	1.15523	1.13084	1.13321	1.14768	1.14294	1.13153	1.1266	1.12599	1.13308	1.13367	1.13409	1.12035
ERR622148	0.892839	0.893649	0.894238	0.911694	0.892929	0.908172	0.92794	0.961202	0.929251	0.937108	0.92939	0.938528	0.972931	0.989305	0.992514	1.00892	0.978587	0.987203	0.958826	0.943111	0.944696	0.944415	0.95703	0.956147	0.98249	0.983623	0.984272	0.941498	0.94775	0.940571	0.941897	0.936931	0.941414	0.937501	0.9351	0.937006	0.848849	0.833264	0.861413	0	0.850457	0.827165	0.922161	0.917779	0.914488	0.915338	0.923287	0.911833	1.11061	1.11039	1.10431	1.10739	1.10606	1.11815	1.07732	1.07832	1.07773	1.07544	1.07585	1.08243	1.12418	1.10608	1.1052	1.16142	1.10549	1.12241	1.10484	1.11656	1.1107	1.10882	1.10995	1.11684	1.11583	1.11943	1.11639	1.11819	1.11496	1.11475	1.11144	1.1103	1.10231	1.11177	1.11212	1.10115	1.14452	1.1216	1.1235	1.13809	1.13286	1.12235	1.12356	1.12437	1.13235	1.13301	1.13372	1.11747
ERR622147	0.890049	0.890628	0.891428	0.909087	0.889865	0.905576	0.924808	0.959119	0.92642	0.934672	0.926983	0.936266	0.971169	0.987591	0.990663	1.00742	0.97675	0.985632	0.956192	0.940403	0.941902	0.941624	0.954548	0.953752	0.980258	0.981784	0.982191	0.939277	0.945448	0.93774	0.93979	0.934433	0.939491	0.9356	0.93267	0.934665	0.846496	0.830099	0.858992	0.850457	0	0.824385	0.91974	0.915258	0.912024	0.912892	0.920581	0.909405	1.10934	1.10917	1.10286	1.10595	1.10477	1.11663	1.07581	1.07702	1.07633	1.07405	1.07389	1.08077	1.12309	1.10471	1.10371	1.16005	1.10389	1.12078	1.10307	1.11491	1.10918	1.10717	1.10832	1.11536	1.11439	1.11799	1.11492	1.11691	1.11372	1.11288	1.10966	1.10864	1.10057	1.11002	1.11044	1.09961	1.14311	1.11991	1.12234	1.13669	1.13158	1.12113	1.12218	1.12304	1.13084	1.13168	1.13244	1.11596
ERR622145	0.859606	0.859884	0.860526	0.883044	0.85952	0.87832	0.894687	0.935852	0.896316	0.906901	0.8965	0.907774	0.942131	0.961649	0.96535	0.985441	0.949117	0.959616	0.924416	0.906175	0.90771	0.907013	0.922912	0.921169	0.962442	0.964001	0.96444	0.91315	0.920656	0.912133	0.911509	0.904885	0.911309	0.906711	0.903591	0.905965	0.821812	0.793099	0.830187	0.827165	0.824385	0	0.892125	0.886307	0.883307	0.883477	0.893135	0.87936	1.08465	1.08452	1.07741	1.08099	1.0795	1.09267	1.04838	1.04974	1.04887	1.04681	1.04654	1.05388	1.09954	1.0796	1.07886	1.14027	1.07902	1.09738	1.07701	1.09026	1.08394	1.08204	1.08307	1.09079	1.09013	1.09413	1.09087	1.0929	1.08932	1.08852	1.08525	1.08364	1.07443	1.08533	1.08579	1.07349	1.12103	1.09609	1.09842	1.11422	1.10839	1.09732	1.0983	1.09923	1.10831	1.10922	1.10999	1.09126
ERR626797	0.901745	0.902043	0.90218	0.925447	0.901548	0.920472	0.921988	0.962047	0.92396	0.934814	0.924687	0.935078	0.95947	0.978446	0.981992	1.00062	0.966204	0.976543	0.939087	0.922117	0.923479	0.923218	0.938048	0.93625	0.983113	0.984822	0.98504	0.936501	0.944071	0.93549	0.932064	0.925665	0.931257	0.927514	0.924085	0.927165	0.917448	0.898246	0.925196	0.922161	0.91974	0.892125	0	0.801564	0.800882	0.802595	0.809183	0.79734	1.08041	1.08025	1.07338	1.07664	1.07537	1.08852	1.04645	1.04729	1.04668	1.04414	1.04392	1.05138	1.09618	1.07642	1.07575	1.13613	1.07547	1.09422	1.07476	1.08796	1.08151	1.0795	1.08037	1.08854	1.0853	1.08907	1.08617	1.08799	1.08426	1.08371	1.08213	1.08107	1.07249	1.08232	1.083	1.07138	1.11686	1.09177	1.09423	1.10968	1.10415	1.09271	1.09282	1.09384	1.10267	1.10362	1.10372	1.086
ERR626795	0.89519	0.895206	0.895336	0.919597	0.894756	0.914662	0.915474	0.957627	0.917617	0.928908	0.918321	0.929711	0.954497	0.973979	0.977066	0.996928	0.961272	0.971493	0.932826	0.914952	0.916667	0.916253	0.931755	0.929986	0.979193	0.980753	0.981042	0.930595	0.938419	0.930235	0.926002	0.919313	0.925189	0.921376	0.917757	0.920721	0.913318	0.892727	0.921046	0.917779	0.915258	0.886307	0.801564	0	0.794098	0.795662	0.802306	0.790106	1.07564	1.07556	1.06872	1.07196	1.07085	1.08423	1.04125	1.04229	1.04188	1.0393	1.03911	1.04668	1.09215	1.07197	1.07141	1.13297	1.07136	1.0901	1.0699	1.08352	1.07737	1.0749	1.07561	1.08398	1.08088	1.08448	1.08155	1.08374	1.0797	1.07943	1.07771	1.07658	1.06767	1.07812	1.07859	1.06655	1.11253	1.08685	1.08924	1.10529	1.09943	1.08807	1.08857	1.08941	1.09872	1.09957	1.10006	1.08186
ERR626799	0.89294	0.892643	0.892807	0.917466	0.89227	0.912426	0.912574	0.955014	0.914437	0.92598	0.914969	0.926947	0.950884	0.970091	0.973129	0.993578	0.957896	0.96841	0.930549	0.913387	0.914782	0.914365	0.929645	0.927595	0.976267	0.977706	0.977937	0.927849	0.935664	0.927135	0.924079	0.917254	0.923102	0.918963	0.915512	0.918169	0.910093	0.889731	0.918994	0.914488	0.912024	0.883307	0.800882	0.794098	0	0.787979	0.802543	0.782234	1.07475	1.07459	1.06768	1.07131	1.06976	1.08304	1.04007	1.04095	1.04096	1.03835	1.03847	1.04592	1.09107	1.07128	1.07038	1.13203	1.07046	1.08913	1.06935	1.0826	1.07584	1.07401	1.07512	1.08247	1.08007	1.08413	1.08112	1.08329	1.07936	1.0785	1.07693	1.07591	1.06632	1.07693	1.07757	1.06548	1.11097	1.08544	1.08792	1.10405	1.09823	1.08681	1.08794	1.08904	1.09849	1.09913	1.0997	1.08105
ERR626798	0.89288	0.893321	0.893184	0.917676	0.892872	0.913279	0.913017	0.955411	0.91498	0.926504	0.915282	0.926934	0.951287	0.969894	0.973417	0.993932	0.957862	0.968656	0.931291	0.914024	0.915962	0.914987	0.930352	0.928317	0.976798	0.978294	0.978803	0.929011	0.936428	0.927923	0.92456	0.917711	0.923543	0.919259	0.915517	0.918663	0.910457	0.890537	0.919705	0.915338	0.912892	0.883477	0.802595	0.795662	0.787979	0	0.803811	0.78425	1.07528	1.07501	1.06787	1.07181	1.07037	1.08315	1.04048	1.04142	1.04118	1.03861	1.03873	1.0461	1.09136	1.07172	1.07091	1.13204	1.07084	1.08934	1.06929	1.08262	1.07619	1.07442	1.07552	1.08308	1.08024	1.08457	1.08099	1.08328	1.07974	1.07839	1.07726	1.07621	1.06701	1.07731	1.07793	1.06599	1.1114	1.08583	1.08813	1.10442	1.09817	1.08692	1.08829	1.08954	1.09882	1.09953	1.10008	1.08144
ERR626796	0.902748	0.903838	0.903877	0.926645	0.902878	0.921739	0.924618	0.963364	0.926217	0.936657	0.926925	0.937669	0.962972	0.982293	0.985305	1.00334	0.968915	0.979253	0.940715	0.923028	0.924754	0.924031	0.939755	0.9377	0.984263	0.985918	0.986105	0.937542	0.944663	0.936371	0.932674	0.926615	0.932078	0.928568	0.925944	0.928357	0.918841	0.899325	0.925453	0.923287	0.920581	0.893135	0.809183	0.802306	0.802543	0.803811	0	0.799016	1.08144	1.08153	1.075	1.07812	1.07659	1.09016	1.04758	1.04842	1.04787	1.04533	1.04513	1.05218	1.09747	1.07709	1.07622	1.13739	1.07633	1.09496	1.07562	1.08921	1.08314	1.08051	1.08136	1.08969	1.08633	1.08961	1.08696	1.08881	1.08501	1.08506	1.08309	1.08211	1.0737	1.08363	1.08359	1.07259	1.11916	1.09353	1.09602	1.11156	1.10621	1.09456	1.09374	1.09437	1.10321	1.10378	1.10428	1.08704
ERR626800	0.888637	0.888701	0.888917	0.914004	0.888504	0.909491	0.908123	0.952428	0.910728	0.922032	0.910671	0.922641	0.94529	0.964448	0.96801	0.98932	0.952873	0.963955	0.926959	0.909536	0.911083	0.910478	0.925802	0.92395	0.973729	0.974986	0.9756	0.924716	0.932703	0.924246	0.920548	0.913725	0.919612	0.914774	0.910952	0.914373	0.906981	0.886421	0.916803	0.911833	0.909405	0.87936	0.79734	0.790106	0.782234	0.78425	0.799016	0	1.07198	1.07169	1.06446	1.06842	1.06702	1.07993	1.03688	1.03767	1.03793	1.03493	1.0352	1.04297	1.08837	1.06861	1.06808	1.1298	1.06788	1.08667	1.06627	1.07922	1.07284	1.07111	1.0723	1.07938	1.07731	1.08187	1.07826	1.08032	1.07688	1.0755	1.07423	1.07293	1.0629	1.07392	1.07521	1.06204	1.10765	1.08193	1.08438	1.10066	1.09466	1.08321	1.08535	1.08684	1.09611	1.09713	1.0977	1.07863
