	ERR608360	ERR608361	ERR608359	ERR608363	ERR608364	ERR608362	ERR622146	ERR622144	ERR622143	ERR622148	ERR622147	ERR622145	ERR626952	ERR626951	ERR626956	ERR626955	ERR626953	ERR626954	ERR629879	ERR629876	ERR629878	ERR629875	ERR629874	ERR629877	ERR608919	ERR608924	ERR608921	ERR608923	ERR608920	ERR608922	ERR626425	ERR626424	ERR626428	ERR626427	ERR626426	ERR626423	ERR607987	ERR607986	ERR607988	ERR607984	ERR607983	ERR607985	ERR612359	ERR612363	ERR612364	ERR612361	ERR612362	ERR612360	ERR616827	ERR616828	ERR616826	ERR616824	ERR616823	ERR616825	ERR626939	ERR626942	ERR626940	ERR626943	ERR626941	ERR626944	ERR613341	ERR613345	ERR613346	ERR613343	ERR613342	ERR613344	ERR617267	ERR617269	ERR617265	ERR617270	ERR617266	ERR617268	ERR617033	ERR617037	ERR617038	ERR617036	ERR617034	ERR617035	ERR608355	ERR608356	ERR608358	ERR608357	ERR608354	ERR608353	ERR607780	ERR607779	ERR607776	ERR607775	ERR607778	ERR607777	ERR626775	ERR626772	ERR626774	ERR626773	ERR626771	ERR626776
ERR608360	0	0.257787	0.30964	0.255686	0.255776	0.255528	0.309668	0.28258	0.332049	0.317914	0.312745	0.277792	0.36155	0.319507	0.316344	0.312615	0.318645	0.350204	0.548755	0.536442	0.551963	0.552764	0.534246	0.549284	0.369429	0.357862	0.355987	0.356956	0.347192	0.355726	0.311296	0.313118	0.308113	0.361934	0.359233	0.308916	0.377951	0.379813	0.380276	0.344067	0.347451	0.344376	0.445737	0.429805	0.431131	0.448585	0.431362	0.449452	0.332981	0.330994	0.334594	0.312286	0.31676	0.311061	0.30125	0.310966	0.321234	0.300526	0.301668	0.301644	0.455542	0.463385	0.490034	0.458375	0.464006	0.465627	0.544455	0.541626	0.538484	0.541663	0.545469	0.540919	0.621949	0.636359	0.634578	0.634018	0.620632	0.620062	0.501269	0.492035	0.490143	0.490291	0.503693	0.530867	0.443789	0.443708	0.445019	0.443066	0.444852	0.443276	0.505415	0.508464	0.505885	0.508571	0.503921	0.503249
ERR608361	0.257787	0	0.337002	0.254648	0.254019	0.253697	0.329904	0.294193	0.358263	0.339129	0.333848	0.282521	0.37498	0.32498	0.322083	0.317417	0.323787	0.362001	0.561655	0.543521	0.565073	0.563681	0.540613	0.56176	0.389426	0.369797	0.350294	0.367947	0.347438	0.365959	0.318907	0.321141	0.31099	0.379876	0.376706	0.309428	0.392954	0.395243	0.39604	0.343155	0.350701	0.34498	0.450069	0.431923	0.433731	0.454593	0.433468	0.455456	0.344995	0.342588	0.347217	0.314435	0.320748	0.308435	0.301636	0.319588	0.334272	0.297515	0.301755	0.300257	0.455643	0.468901	0.504739	0.462549	0.471155	0.471997	0.543204	0.535606	0.539844	0.535396	0.544164	0.534892	0.625112	0.643094	0.641473	0.640448	0.622096	0.620333	0.504273	0.492316	0.489877	0.490509	0.510147	0.546347	0.441843	0.440874	0.450557	0.440335	0.44905	0.440257	0.509968	0.514803	0.510533	0.514638	0.508107	0.506698
ERR608359	0.30964	0.337002	0	0.322249	0.324648	0.323384	0.299246	0.311061	0.291158	0.300012	0.299309	0.325679	0.36522	0.354169	0.351862	0.350599	0.354578	0.360978	0.528947	0.537457	0.531811	0.53975	0.537874	0.531037	0.351897	0.371576	0.414557	0.373435	0.39434	0.374355	0.348316	0.347164	0.357064	0.351043	0.351808	0.362563	0.378673	0.378817	0.378129	0.393227	0.387144	0.390528	0.471978	0.464871	0.465172	0.470395	0.46662	0.471441	0.349163	0.348722	0.348831	0.359162	0.356961	0.36884	0.354288	0.341816	0.336727	0.360734	0.354975	0.358858	0.489595	0.482031	0.476467	0.481223	0.477005	0.482152	0.570396	0.580112	0.557565	0.580651	0.571523	0.579945	0.6306	0.633198	0.630747	0.63244	0.635116	0.637644	0.52057	0.52119	0.521507	0.519769	0.512954	0.504325	0.484842	0.486845	0.467455	0.486219	0.470206	0.486807	0.51808	0.514369	0.517793	0.516018	0.51646	0.518684
ERR608363	0.255686	0.254648	0.322249	0	0.251454	0.25255	0.317457	0.286833	0.343337	0.326143	0.320831	0.279386	0.368934	0.322446	0.319026	0.314483	0.321716	0.356416	0.552323	0.537707	0.555845	0.555638	0.535326	0.552707	0.379307	0.363217	0.354099	0.361716	0.347801	0.360198	0.311679	0.312925	0.306365	0.367245	0.364299	0.305758	0.384686	0.386628	0.386975	0.34443	0.349527	0.345085	0.44623	0.429149	0.430727	0.449529	0.430818	0.450556	0.337028	0.334774	0.338985	0.313269	0.317396	0.309039	0.301674	0.315157	0.327544	0.298559	0.302225	0.300499	0.455177	0.464784	0.496052	0.459349	0.466602	0.467508	0.541349	0.536853	0.536226	0.536907	0.54266	0.53609	0.620358	0.635707	0.634093	0.633429	0.618774	0.617339	0.50122	0.490274	0.488098	0.488603	0.504762	0.536022	0.441907	0.441107	0.44662	0.441067	0.445705	0.441133	0.505119	0.508402	0.50564	0.508769	0.502993	0.50263
ERR608364	0.255776	0.254019	0.324648	0.251454	0	0.252188	0.319358	0.288	0.345674	0.328094	0.322984	0.279825	0.369615	0.322912	0.319582	0.314809	0.321923	0.357188	0.554137	0.539108	0.557673	0.557317	0.536515	0.554482	0.38048	0.363946	0.353225	0.362393	0.347271	0.360666	0.313072	0.314246	0.306939	0.369328	0.366371	0.306129	0.386044	0.387872	0.388415	0.344046	0.349573	0.344608	0.446511	0.429185	0.43077	0.44988	0.430675	0.451149	0.337994	0.335652	0.340068	0.313281	0.317716	0.309031	0.300929	0.315238	0.327888	0.297762	0.301508	0.299948	0.455411	0.465585	0.497389	0.459984	0.467299	0.468245	0.541993	0.537084	0.537054	0.537037	0.543283	0.536348	0.621371	0.63711	0.635479	0.634757	0.619688	0.618123	0.501976	0.490804	0.488559	0.48907	0.505936	0.537808	0.44215	0.441344	0.447375	0.441074	0.446404	0.441332	0.506296	0.50991	0.507003	0.510083	0.504152	0.503786
ERR608362	0.255528	0.253697	0.323384	0.25255	0.252188	0	0.317442	0.286606	0.344122	0.326008	0.321147	0.278782	0.368377	0.321915	0.318637	0.314474	0.320788	0.355831	0.554141	0.539071	0.557583	0.55739	0.536688	0.554578	0.379517	0.362909	0.353268	0.361402	0.347222	0.35973	0.312996	0.314481	0.307069	0.368084	0.365479	0.306894	0.384045	0.385852	0.386602	0.342586	0.348348	0.343784	0.444174	0.427217	0.428896	0.447646	0.428865	0.448785	0.338542	0.336104	0.34037	0.312746	0.318164	0.309188	0.300902	0.3142	0.32725	0.298314	0.301261	0.300225	0.45538	0.4653	0.496349	0.460262	0.466988	0.467769	0.543013	0.537853	0.538276	0.537936	0.543895	0.53733	0.622775	0.638824	0.63733	0.636439	0.620704	0.619512	0.501538	0.490964	0.488922	0.489346	0.505496	0.537411	0.443153	0.442755	0.448036	0.442146	0.44673	0.442139	0.506408	0.510212	0.507016	0.510301	0.504684	0.503852
ERR622146	0.309668	0.329904	0.299246	0.317457	0.319358	0.317442	0	0.275083	0.280226	0.263459	0.262161	0.285653	0.343991	0.327094	0.328634	0.328563	0.327866	0.337203	0.52844	0.527622	0.531358	0.534111	0.527639	0.529607	0.356042	0.356336	0.400866	0.357492	0.381974	0.358744	0.31966	0.318614	0.328325	0.322694	0.321715	0.332475	0.350406	0.349603	0.349891	0.367938	0.363805	0.368014	0.430977	0.425967	0.4264	0.429982	0.427403	0.431407	0.330724	0.329835	0.331229	0.332651	0.335612	0.344105	0.330252	0.320202	0.317807	0.341965	0.331806	0.3395	0.472666	0.46116	0.467247	0.466086	0.461861	0.461113	0.562233	0.569883	0.554034	0.570311	0.563203	0.569557	0.630195	0.637963	0.63691	0.636918	0.631707	0.632911	0.504244	0.505134	0.505549	0.50359	0.499555	0.505127	0.466138	0.468854	0.449021	0.464869	0.450016	0.465546	0.508512	0.507279	0.508088	0.508514	0.50754	0.508586
ERR622144	0.28258	0.294193	0.311061	0.286833	0.288	0.286606	0.275083	0	0.291773	0.282115	0.277975	0.254217	0.327732	0.30039	0.299817	0.298073	0.300465	0.319028	0.550033	0.543128	0.55313	0.55571	0.541804	0.550876	0.354098	0.351812	0.369777	0.351231	0.353748	0.350673	0.309963	0.309843	0.311051	0.34961	0.347577	0.312478	0.351318	0.352519	0.352884	0.337868	0.336266	0.337379	0.440317	0.427515	0.428428	0.441724	0.429193	0.442919	0.305556	0.304211	0.30652	0.298321	0.300858	0.305697	0.296255	0.294176	0.297517	0.303598	0.297311	0.30244	0.450135	0.451195	0.470369	0.448239	0.449593	0.452925	0.563976	0.564936	0.556048	0.565069	0.56507	0.564378	0.63941	0.65084	0.649235	0.649147	0.640118	0.640574	0.506515	0.500272	0.498876	0.498418	0.506428	0.525184	0.440114	0.441617	0.431029	0.439333	0.431426	0.439579	0.51394	0.514599	0.513978	0.515608	0.511774	0.512631
ERR622143	0.332049	0.358263	0.291158	0.343337	0.345674	0.344122	0.280226	0.291773	0	0.279621	0.279773	0.308999	0.336715	0.338441	0.337915	0.338027	0.339346	0.335319	0.543797	0.55343	0.546525	0.555012	0.554005	0.545737	0.345001	0.36926	0.419638	0.370904	0.396341	0.372546	0.349577	0.347547	0.359023	0.351957	0.352477	0.364078	0.360413	0.360562	0.359154	0.385913	0.377112	0.383039	0.468223	0.461902	0.462079	0.466203	0.463788	0.467387	0.327695	0.32787	0.32679	0.346399	0.343272	0.360748	0.34786	0.329098	0.319636	0.358856	0.348986	0.355766	0.483856	0.47318	0.464953	0.473043	0.466556	0.473137	0.590754	0.599792	0.577868	0.600371	0.591999	0.599504	0.654969	0.657232	0.654652	0.656715	0.65995	0.662279	0.529303	0.529966	0.529886	0.528289	0.521894	0.512256	0.478526	0.481336	0.454916	0.479566	0.457976	0.480283	0.532368	0.527817	0.531673	0.530235	0.530325	0.533128
ERR622148	0.317914	0.339129	0.300012	0.326143	0.328094	0.326008	0.263459	0.282115	0.279621	0	0.263235	0.294169	0.34978	0.335773	0.337471	0.337345	0.336461	0.343873	0.525342	0.526363	0.527986	0.531272	0.526581	0.526531	0.359337	0.361163	0.409281	0.36263	0.390025	0.364213	0.325091	0.323937	0.334886	0.321457	0.321144	0.339601	0.353552	0.35268	0.352796	0.375899	0.371512	0.376106	0.433287	0.429644	0.429936	0.431512	0.430883	0.432989	0.337595	0.337166	0.338064	0.341468	0.344102	0.353372	0.339943	0.328785	0.32475	0.352126	0.341412	0.349368	0.477641	0.464239	0.467175	0.470118	0.464659	0.463902	0.563797	0.572531	0.555382	0.573	0.564816	0.572515	0.629524	0.636486	0.635441	0.635459	0.631428	0.632993	0.505512	0.507754	0.508377	0.506058	0.499933	0.501912	0.472144	0.474913	0.453392	0.470779	0.454571	0.47137	0.508884	0.506878	0.508427	0.508381	0.50786	0.509312
ERR622147	0.312745	0.333848	0.299309	0.320831	0.322984	0.321147	0.262161	0.277975	0.279773	0.263235	0	0.289159	0.347366	0.331565	0.3331	0.332953	0.332314	0.340989	0.526898	0.527079	0.529626	0.532873	0.526951	0.528038	0.357933	0.358388	0.405124	0.359495	0.385805	0.361436	0.321406	0.32007	0.330733	0.321228	0.320434	0.335064	0.351771	0.35075	0.35096	0.371867	0.367577	0.372018	0.430935	0.426817	0.427029	0.429575	0.428217	0.430797	0.334024	0.333577	0.33457	0.336921	0.339597	0.348559	0.334897	0.324167	0.321267	0.34687	0.336424	0.344175	0.474975	0.462308	0.466734	0.467795	0.462894	0.462326	0.562538	0.570691	0.554208	0.571096	0.563555	0.570365	0.629504	0.636877	0.63594	0.635896	0.631269	0.632598	0.504562	0.50582	0.506283	0.504362	0.499412	0.503338	0.469186	0.471894	0.451207	0.467839	0.452418	0.468361	0.508311	0.506513	0.507788	0.508129	0.507438	0.508473
ERR622145	0.277792	0.282521	0.325679	0.279386	0.279825	0.278782	0.285653	0.254217	0.308999	0.294169	0.289159	0	0.335152	0.29942	0.298793	0.296389	0.299159	0.324838	0.556385	0.544806	0.559699	0.560533	0.542937	0.556766	0.366137	0.356599	0.3616	0.355264	0.349819	0.35444	0.308869	0.30949	0.30658	0.358326	0.355884	0.306815	0.358908	0.360764	0.360929	0.331523	0.333134	0.332333	0.44007	0.42533	0.426758	0.442743	0.426849	0.444007	0.310213	0.308748	0.31186	0.293456	0.298409	0.297273	0.289754	0.295001	0.302864	0.294864	0.290775	0.294653	0.447037	0.452342	0.478792	0.448352	0.452219	0.454712	0.559892	0.557845	0.553739	0.557863	0.560949	0.557212	0.638327	0.652336	0.651002	0.650417	0.63753	0.637176	0.505401	0.497122	0.495273	0.495425	0.507586	0.533581	0.435471	0.436457	0.431924	0.434042	0.431728	0.434167	0.513925	0.515999	0.514089	0.516738	0.511783	0.511795
ERR626952	0.36155	0.37498	0.36522	0.368934	0.369615	0.368377	0.343991	0.327732	0.336715	0.34978	0.347366	0.335152	0	0.253106	0.259307	0.262851	0.255549	0.232724	0.644138	0.644508	0.646718	0.651921	0.64322	0.64532	0.345241	0.364275	0.393785	0.363593	0.37054	0.363949	0.381796	0.379937	0.383737	0.413578	0.411829	0.385395	0.352785	0.355693	0.354253	0.363595	0.35287	0.362138	0.499171	0.487907	0.489079	0.499594	0.489931	0.500421	0.296652	0.297438	0.295536	0.320961	0.318848	0.342633	0.309985	0.287508	0.277379	0.3296	0.311458	0.324345	0.48817	0.487207	0.496776	0.480431	0.477408	0.489022	0.669762	0.670734	0.659915	0.67087	0.670928	0.669999	0.754268	0.76098	0.758851	0.759895	0.756875	0.757802	0.592182	0.586096	0.584083	0.584306	0.59091	0.599976	0.472363	0.47635	0.450452	0.472464	0.452402	0.472871	0.61551	0.613748	0.61527	0.615676	0.612538	0.614774
ERR626951	0.319507	0.32498	0.354169	0.322446	0.322912	0.321915	0.327094	0.30039	0.338441	0.335773	0.331565	0.29942	0.253106	0	0.236473	0.23655	0.232423	0.245412	0.621247	0.612752	0.624108	0.625962	0.610796	0.621773	0.34979	0.349957	0.357755	0.348365	0.341704	0.347949	0.346258	0.34568	0.344148	0.39242	0.389611	0.343984	0.354115	0.357331	0.356872	0.3345	0.331369	0.334761	0.477514	0.463524	0.464911	0.479686	0.465396	0.480611	0.294011	0.293651	0.294898	0.292512	0.294634	0.30539	0.274839	0.270239	0.273472	0.288086	0.27593	0.285431	0.470859	0.47746	0.501345	0.470326	0.472444	0.480124	0.628275	0.625862	0.621109	0.625869	0.629311	0.62496	0.714154	0.726143	0.724598	0.724469	0.714424	0.714226	0.562138	0.553577	0.551059	0.551683	0.564239	0.586805	0.451557	0.453539	0.444479	0.450378	0.444261	0.450331	0.581379	0.582257	0.581602	0.583454	0.5786	0.57955
ERR626956	0.316344	0.322083	0.351862	0.319026	0.319582	0.318637	0.328634	0.299817	0.337915	0.337471	0.3331	0.298793	0.259307	0.236473	0	0.235467	0.236732	0.249621	0.620725	0.613007	0.623473	0.626175	0.610846	0.621145	0.349518	0.351158	0.356293	0.349313	0.340635	0.348865	0.347005	0.34646	0.3445	0.395919	0.39317	0.344328	0.358617	0.361909	0.361359	0.33466	0.33159	0.333903	0.481984	0.466654	0.468107	0.484315	0.468498	0.485179	0.293202	0.29259	0.294168	0.292298	0.293124	0.303013	0.274529	0.270342	0.274712	0.284327	0.275366	0.281963	0.471161	0.479487	0.503547	0.470819	0.473864	0.482575	0.625812	0.623021	0.618205	0.623044	0.627105	0.622108	0.711408	0.722658	0.720841	0.720916	0.711989	0.711584	0.562361	0.552769	0.550195	0.550879	0.564443	0.586764	0.451323	0.452989	0.446188	0.451268	0.445789	0.451177	0.579887	0.580767	0.580242	0.582018	0.577094	0.578058
ERR626955	0.312615	0.317417	0.350599	0.314483	0.314809	0.314474	0.328563	0.298073	0.338027	0.337345	0.332953	0.296389	0.262851	0.23655	0.235467	0	0.236611	0.252612	0.61909	0.611112	0.622039	0.624601	0.608786	0.619627	0.349697	0.350915	0.353188	0.349116	0.338013	0.34851	0.345042	0.344453	0.341698	0.395772	0.39315	0.341459	0.360674	0.364075	0.363743	0.333529	0.330995	0.332598	0.482204	0.466126	0.46774	0.484476	0.468155	0.485433	0.293288	0.292323	0.294245	0.290661	0.29123	0.299967	0.271923	0.269931	0.275252	0.280253	0.272846	0.278511	0.46987	0.47949	0.504417	0.470068	0.47383	0.482537	0.622381	0.61923	0.614763	0.619223	0.623709	0.618277	0.707939	0.719224	0.717338	0.717503	0.708525	0.708016	0.560693	0.550545	0.547887	0.548685	0.563019	0.586003	0.450063	0.451196	0.446221	0.450093	0.445708	0.450008	0.577311	0.578314	0.577616	0.579538	0.574381	0.575331
ERR626953	0.318645	0.323787	0.354578	0.321716	0.321923	0.320788	0.327866	0.300465	0.339346	0.336461	0.332314	0.299159	0.255549	0.232423	0.236732	0.236611	0	0.247445	0.620854	0.61195	0.623669	0.625556	0.609906	0.621313	0.350599	0.350245	0.356887	0.348827	0.341138	0.348231	0.346353	0.345984	0.344116	0.393443	0.390482	0.343957	0.355573	0.358654	0.3582	0.333988	0.331128	0.334351	0.478068	0.463802	0.465305	0.480437	0.465691	0.481161	0.295023	0.294589	0.295994	0.29249	0.294454	0.304697	0.274053	0.270552	0.274632	0.286865	0.275244	0.284337	0.470698	0.477963	0.502354	0.470479	0.472925	0.480711	0.627156	0.624483	0.620027	0.624374	0.628144	0.623603	0.712907	0.725169	0.723541	0.723422	0.713115	0.712919	0.561609	0.552847	0.550372	0.550936	0.563993	0.587039	0.451254	0.453288	0.445057	0.450145	0.444631	0.450075	0.580596	0.581691	0.580788	0.582652	0.5778	0.578646
ERR626954	0.350204	0.362001	0.360978	0.356416	0.357188	0.355831	0.337203	0.319028	0.335319	0.343873	0.340989	0.324838	0.232724	0.245412	0.249621	0.252612	0.247445	0	0.638371	0.636589	0.640857	0.645479	0.635138	0.639347	0.344489	0.358085	0.383669	0.357425	0.361868	0.3574	0.37115	0.369643	0.372476	0.405712	0.403927	0.373731	0.350174	0.353141	0.351902	0.354662	0.345382	0.353445	0.491842	0.479579	0.480861	0.492516	0.48161	0.493454	0.294095	0.294582	0.293569	0.312383	0.31166	0.33261	0.299026	0.279608	0.273276	0.31724	0.30043	0.31243	0.484301	0.484751	0.498007	0.47805	0.476356	0.486705	0.659947	0.660218	0.65087	0.660204	0.661102	0.659459	0.744763	0.752705	0.750825	0.751455	0.746603	0.747298	0.58467	0.578128	0.575828	0.576249	0.584247	0.596687	0.467058	0.470769	0.448931	0.467214	0.450094	0.467418	0.60738	0.606322	0.60724	0.608074	0.604623	0.606369
ERR629879	0.548755	0.561655	0.528947	0.552323	0.554137	0.554141	0.52844	0.550033	0.543797	0.525342	0.526898	0.556385	0.644138	0.621247	0.620725	0.61909	0.620854	0.638371	0	0.29082	0.277284	0.278826	0.293252	0.276466	0.612552	0.607104	0.637453	0.609403	0.62946	0.610812	0.531441	0.530787	0.539287	0.5065	0.506905	0.542674	0.589349	0.587846	0.587194	0.594379	0.596208	0.594816	0.568539	0.571961	0.571812	0.567433	0.572838	0.567296	0.585064	0.584147	0.586057	0.574564	0.57687	0.573064	0.604145	0.606212	0.607608	0.606053	0.604921	0.606185	0.492022	0.467717	0.460768	0.485282	0.478615	0.464402	0.407593	0.443568	0.396515	0.445202	0.407234	0.444532	0.390696	0.385899	0.386479	0.386774	0.398725	0.405371	0.401875	0.424045	0.429733	0.423268	0.384732	0.360346	0.48838	0.49014	0.474755	0.486786	0.475915	0.487822	0.367332	0.35991	0.365436	0.359883	0.370105	0.370669
ERR629876	0.536442	0.543521	0.537457	0.537707	0.539108	0.539071	0.527622	0.543128	0.55343	0.526363	0.527079	0.544806	0.644508	0.612752	0.613007	0.611112	0.61195	0.636589	0.29082	0	0.292932	0.28026	0.267368	0.289179	0.616728	0.601598	0.62194	0.603184	0.617477	0.604331	0.519124	0.519394	0.524243	0.503364	0.502598	0.526314	0.588151	0.586565	0.58666	0.581623	0.587113	0.584121	0.55519	0.557311	0.557449	0.555803	0.557822	0.555604	0.585445	0.584077	0.587056	0.564931	0.5702	0.560625	0.591291	0.599517	0.60448	0.592628	0.592206	0.59364	0.475666	0.458382	0.4727	0.476046	0.475232	0.455932	0.374523	0.403566	0.371038	0.405096	0.374013	0.404509	0.372066	0.384506	0.386299	0.383509	0.372289	0.376018	0.37678	0.3948	0.400208	0.394401	0.367267	0.379784	0.467658	0.468538	0.465874	0.463436	0.464536	0.464149	0.347179	0.346609	0.346016	0.344425	0.350047	0.347404
ERR629878	0.551963	0.565073	0.531811	0.555845	0.557673	0.557583	0.531358	0.55313	0.546525	0.527986	0.529626	0.559699	0.646718	0.624108	0.623473	0.622039	0.623669	0.640857	0.277284	0.292932	0	0.280048	0.295757	0.277282	0.615335	0.610072	0.640517	0.61222	0.632452	0.613755	0.534535	0.533739	0.542485	0.509157	0.509426	0.545813	0.591687	0.590185	0.589541	0.597296	0.599029	0.597647	0.571656	0.575015	0.574832	0.570551	0.575813	0.570358	0.587524	0.586711	0.588614	0.577395	0.579486	0.575928	0.607124	0.608984	0.61038	0.609201	0.608072	0.609348	0.494373	0.469594	0.461937	0.487188	0.480251	0.466379	0.41022	0.44678	0.399185	0.448509	0.410089	0.447816	0.391765	0.386606	0.387007	0.387508	0.400022	0.406744	0.404397	0.426693	0.432487	0.425929	0.386832	0.36129	0.490656	0.492587	0.476674	0.489182	0.477772	0.490139	0.369562	0.361768	0.367649	0.361908	0.372347	0.372985
ERR629875	0.552764	0.563681	0.53975	0.555638	0.557317	0.55739	0.534111	0.55571	0.555012	0.531272	0.532873	0.560533	0.651921	0.625962	0.626175	0.624601	0.625556	0.645479	0.278826	0.28026	0.280048	0	0.281872	0.278468	0.622104	0.611603	0.640025	0.61375	0.633275	0.615155	0.533211	0.532801	0.540613	0.507528	0.507534	0.543617	0.594018	0.592268	0.592033	0.597557	0.600526	0.598893	0.56536	0.569578	0.569432	0.564615	0.570184	0.56454	0.593532	0.592478	0.59482	0.579465	0.583338	0.577256	0.60838	0.612395	0.614776	0.610738	0.609242	0.611062	0.495641	0.470852	0.470882	0.490455	0.485218	0.467555	0.39946	0.435709	0.392318	0.43748	0.399211	0.436676	0.382041	0.382155	0.383749	0.382641	0.387132	0.392885	0.397177	0.420166	0.426343	0.419448	0.381746	0.368873	0.490579	0.492336	0.479696	0.487629	0.480209	0.48874	0.364444	0.3589	0.362452	0.357963	0.367682	0.366965
ERR629874	0.534246	0.540613	0.537874	0.535326	0.536515	0.536688	0.527639	0.541804	0.554005	0.526581	0.526951	0.542937	0.64322	0.610796	0.610846	0.608786	0.609906	0.635138	0.293252	0.267368	0.295757	0.281872	0	0.291551	0.616238	0.600283	0.619164	0.60189	0.615182	0.602857	0.516993	0.517404	0.52157	0.502908	0.502127	0.523515	0.58757	0.58605	0.586195	0.579471	0.585142	0.581854	0.554189	0.555605	0.555806	0.554909	0.556224	0.554848	0.583977	0.582663	0.585619	0.562598	0.568154	0.55805	0.588661	0.597466	0.602874	0.589681	0.589564	0.590848	0.472389	0.456236	0.473315	0.473629	0.473624	0.453988	0.371125	0.399028	0.368261	0.400362	0.37074	0.400097	0.371097	0.384797	0.386661	0.383514	0.37063	0.373898	0.37477	0.391895	0.39672	0.391238	0.366238	0.382391	0.463972	0.464686	0.463872	0.459608	0.462385	0.460439	0.345328	0.345956	0.344319	0.343464	0.348251	0.3454
ERR629877	0.549284	0.56176	0.531037	0.552707	0.554482	0.554578	0.529607	0.550876	0.545737	0.526531	0.528038	0.556766	0.64532	0.621773	0.621145	0.619627	0.621313	0.639347	0.276466	0.289179	0.277282	0.278468	0.291551	0	0.614286	0.608094	0.637643	0.610297	0.62983	0.61175	0.531883	0.531223	0.539487	0.507416	0.507705	0.54269	0.590499	0.58891	0.588324	0.594528	0.596627	0.595086	0.569036	0.57225	0.572183	0.567859	0.573019	0.56785	0.585957	0.585044	0.587046	0.574859	0.577252	0.573057	0.604231	0.606695	0.608549	0.606114	0.605039	0.606435	0.491695	0.467492	0.462165	0.485184	0.478759	0.464478	0.405618	0.441528	0.395322	0.443484	0.40539	0.442496	0.388617	0.384577	0.385437	0.385584	0.396282	0.402679	0.400724	0.42276	0.428474	0.42212	0.383637	0.361998	0.487452	0.489366	0.474814	0.485859	0.475561	0.48685	0.365945	0.358423	0.363659	0.358719	0.368554	0.368973
ERR608919	0.369429	0.389426	0.351897	0.379307	0.38048	0.379517	0.356042	0.354098	0.345001	0.359337	0.357933	0.366137	0.345241	0.34979	0.349518	0.349697	0.350599	0.344489	0.612552	0.616728	0.615335	0.622104	0.616238	0.614286	0	0.280954	0.326616	0.281916	0.303217	0.282091	0.394798	0.393706	0.400073	0.411742	0.411201	0.404316	0.392519	0.393329	0.392548	0.408506	0.400207	0.405946	0.514163	0.505018	0.505326	0.513592	0.506785	0.514728	0.355424	0.355804	0.354716	0.373727	0.371152	0.38774	0.363562	0.345696	0.337552	0.374659	0.364574	0.371233	0.518957	0.515442	0.515399	0.510926	0.507709	0.516041	0.641192	0.645122	0.629963	0.645433	0.642118	0.644643	0.71362	0.718105	0.715676	0.717124	0.716895	0.718502	0.582668	0.578585	0.577712	0.577299	0.578892	0.579575	0.510234	0.512856	0.490878	0.511517	0.493431	0.511863	0.591941	0.58938	0.591775	0.591199	0.589775	0.591582
ERR608924	0.357862	0.369797	0.371576	0.363217	0.363946	0.362909	0.356336	0.351812	0.36926	0.361163	0.358388	0.356599	0.364275	0.349957	0.351158	0.350915	0.350245	0.358085	0.607104	0.601598	0.610072	0.611603	0.600283	0.608094	0.280954	0	0.292264	0.258348	0.277017	0.258322	0.377864	0.377713	0.381321	0.398602	0.397187	0.383977	0.394678	0.394616	0.394977	0.400044	0.396714	0.400578	0.48807	0.479663	0.480034	0.488419	0.481048	0.489591	0.369015	0.368481	0.369504	0.37081	0.373569	0.380874	0.35674	0.348769	0.347879	0.367407	0.357781	0.364866	0.515023	0.51178	0.526279	0.511549	0.510873	0.512631	0.620391	0.621939	0.613728	0.622248	0.621054	0.621541	0.696458	0.706347	0.705119	0.704905	0.696503	0.69676	0.566405	0.561828	0.561106	0.560546	0.565829	0.581624	0.504614	0.506937	0.492678	0.503766	0.493064	0.504038	0.577262	0.577517	0.577078	0.578663	0.575733	0.576098
ERR608921	0.355987	0.350294	0.414557	0.354099	0.353225	0.353268	0.400866	0.369777	0.419638	0.409281	0.405124	0.3616	0.393785	0.357755	0.356293	0.353188	0.356887	0.383669	0.637453	0.62194	0.640517	0.640025	0.619164	0.637643	0.326616	0.292264	0	0.288754	0.252827	0.285371	0.396488	0.397865	0.389477	0.449428	0.446761	0.388169	0.435721	0.437926	0.438642	0.3928	0.397369	0.394101	0.516909	0.500341	0.501843	0.520905	0.501866	0.521732	0.385445	0.383877	0.387208	0.365493	0.369937	0.364456	0.350004	0.361555	0.372553	0.349887	0.350144	0.350653	0.51247	0.526856	0.559218	0.518295	0.526053	0.529941	0.620444	0.612217	0.616504	0.611991	0.6212	0.61139	0.702291	0.718412	0.716826	0.716011	0.69966	0.698152	0.578091	0.565965	0.563331	0.564519	0.583772	0.616733	0.496957	0.496447	0.503868	0.495917	0.502405	0.49573	0.587984	0.591894	0.588536	0.591967	0.585822	0.584997
ERR608923	0.356956	0.367947	0.373435	0.361716	0.362393	0.361402	0.357492	0.351231	0.370904	0.36263	0.359495	0.355264	0.363593	0.348365	0.349313	0.349116	0.348827	0.357425	0.609403	0.603184	0.61222	0.61375	0.60189	0.610297	0.281916	0.258348	0.288754	0	0.274043	0.257673	0.377899	0.377659	0.380717	0.400927	0.39911	0.382901	0.39541	0.395488	0.395752	0.398483	0.395338	0.3989	0.488701	0.479601	0.480234	0.489225	0.481161	0.49044	0.367824	0.367173	0.368444	0.368811	0.371593	0.378503	0.354775	0.347346	0.346886	0.365234	0.355955	0.362778	0.514207	0.511674	0.527291	0.510903	0.510803	0.512755	0.620885	0.621947	0.614312	0.622083	0.621757	0.621439	0.697456	0.7077	0.706501	0.706243	0.697566	0.697641	0.567187	0.561982	0.561189	0.560754	0.566858	0.583789	0.503246	0.505446	0.4921	0.502488	0.492339	0.50268	0.578086	0.578661	0.577888	0.579547	0.576544	0.576876
ERR608920	0.347192	0.347438	0.39434	0.347801	0.347271	0.347222	0.381974	0.353748	0.396341	0.390025	0.385805	0.349819	0.37054	0.341704	0.340635	0.338013	0.341138	0.361868	0.62946	0.617477	0.632452	0.633275	0.615182	0.62983	0.303217	0.277017	0.252827	0.274043	0	0.271025	0.384778	0.385822	0.380449	0.433754	0.431195	0.379947	0.415674	0.417723	0.418149	0.384344	0.385262	0.38456	0.508112	0.492564	0.493924	0.511198	0.494244	0.512112	0.365939	0.364652	0.367033	0.3539	0.356816	0.356788	0.339216	0.34374	0.351271	0.342393	0.339561	0.341902	0.505299	0.516062	0.543416	0.50811	0.513759	0.518762	0.621705	0.616244	0.615938	0.616134	0.622456	0.615462	0.70276	0.716724	0.715069	0.714584	0.701615	0.700708	0.573982	0.563132	0.560762	0.561594	0.577774	0.605635	0.490565	0.490974	0.491465	0.490238	0.490888	0.49006	0.584791	0.587379	0.585237	0.587792	0.582531	0.582248
ERR608922	0.355726	0.365959	0.374355	0.360198	0.360666	0.35973	0.358744	0.350673	0.372546	0.364213	0.361436	0.35444	0.363949	0.347949	0.348865	0.34851	0.348231	0.3574	0.610812	0.604331	0.613755	0.615155	0.602857	0.61175	0.282091	0.258322	0.285371	0.257673	0.271025	0	0.377422	0.377315	0.379747	0.403188	0.401126	0.381828	0.395943	0.396211	0.396692	0.397296	0.394424	0.397624	0.489571	0.480036	0.48069	0.49031	0.481588	0.491577	0.366999	0.366548	0.367825	0.367449	0.370338	0.376967	0.353384	0.346517	0.346698	0.363559	0.354524	0.361214	0.513353	0.511564	0.527844	0.510317	0.510705	0.512716	0.621241	0.621751	0.614692	0.621817	0.62202	0.621219	0.697994	0.708432	0.707195	0.706953	0.697962	0.697997	0.567579	0.561964	0.560968	0.560578	0.567618	0.585368	0.502162	0.504253	0.491513	0.501437	0.491826	0.50167	0.578725	0.579372	0.57856	0.580352	0.577102	0.577489
ERR626425	0.311296	0.318907	0.348316	0.311679	0.313072	0.312996	0.31966	0.309963	0.349577	0.325091	0.321406	0.308869	0.381796	0.346258	0.347005	0.345042	0.346353	0.37115	0.531441	0.519124	0.534535	0.533211	0.516993	0.531883	0.394798	0.377864	0.396488	0.377899	0.384778	0.377422	0	0.251662	0.252319	0.292981	0.290225	0.253211	0.376068	0.376376	0.376446	0.364119	0.36714	0.366795	0.417586	0.406763	0.407811	0.419335	0.408144	0.421051	0.349604	0.347642	0.351023	0.33414	0.339998	0.336793	0.328124	0.331468	0.338213	0.334607	0.329679	0.333843	0.459449	0.455515	0.480512	0.458714	0.461033	0.456724	0.535122	0.536761	0.530357	0.536847	0.536139	0.53644	0.607319	0.620591	0.620005	0.618845	0.606269	0.605304	0.488325	0.483014	0.48255	0.481302	0.488886	0.514312	0.446814	0.448329	0.441175	0.444243	0.440189	0.444993	0.49521	0.497452	0.495355	0.497772	0.493845	0.493824
ERR626424	0.313118	0.321141	0.347164	0.312925	0.314246	0.314481	0.318614	0.309843	0.347547	0.323937	0.32007	0.30949	0.379937	0.34568	0.34646	0.344453	0.345984	0.369643	0.530787	0.519394	0.533739	0.532801	0.517404	0.531223	0.393706	0.377713	0.397865	0.377659	0.385822	0.377315	0.251662	0	0.253977	0.291804	0.289331	0.254906	0.375125	0.375699	0.375329	0.365181	0.367804	0.367595	0.418573	0.408332	0.409051	0.420184	0.409715	0.421708	0.347883	0.346015	0.34911	0.33434	0.33962	0.337527	0.328551	0.33095	0.337101	0.335252	0.330317	0.334644	0.459129	0.454555	0.478774	0.457687	0.459619	0.455699	0.536545	0.53901	0.531324	0.53896	0.537795	0.538617	0.608182	0.620603	0.620045	0.618822	0.607613	0.606666	0.488636	0.483675	0.483225	0.481893	0.488905	0.512881	0.44658	0.448162	0.439833	0.444238	0.439218	0.445181	0.495585	0.497154	0.495557	0.497972	0.493838	0.494544
ERR626428	0.308113	0.31099	0.357064	0.306365	0.306939	0.307069	0.328325	0.311051	0.359023	0.334886	0.330733	0.30658	0.383737	0.344148	0.3445	0.341698	0.344116	0.372476	0.539287	0.524243	0.542485	0.540613	0.52157	0.539487	0.400073	0.381321	0.389477	0.380717	0.380449	0.379747	0.252319	0.253977	0	0.305931	0.302757	0.249213	0.381505	0.382462	0.382753	0.358675	0.363519	0.361693	0.422128	0.408515	0.409829	0.424892	0.409923	0.426352	0.349629	0.347205	0.350969	0.329107	0.335609	0.329367	0.322315	0.32969	0.33896	0.326391	0.323766	0.326446	0.455277	0.455565	0.485449	0.456725	0.461177	0.457409	0.534651	0.533675	0.530648	0.53357	0.535769	0.533253	0.609547	0.624369	0.62377	0.622343	0.607643	0.606029	0.489886	0.48213	0.48133	0.480385	0.492237	0.52269	0.441662	0.442644	0.44018	0.439127	0.438684	0.43978	0.497423	0.50076	0.497646	0.500731	0.495737	0.495535
ERR626427	0.361934	0.379876	0.351043	0.367245	0.369328	0.368084	0.322694	0.34961	0.351957	0.321457	0.321228	0.358326	0.413578	0.39242	0.395919	0.395772	0.393443	0.405712	0.5065	0.503364	0.509157	0.507528	0.502908	0.507416	0.411742	0.398602	0.449428	0.400927	0.433754	0.403188	0.292981	0.291804	0.305931	0	0.262896	0.311925	0.389241	0.386741	0.386692	0.416711	0.416042	0.419828	0.414639	0.417161	0.416876	0.412328	0.418028	0.413529	0.395743	0.394415	0.396127	0.39123	0.39754	0.400126	0.385946	0.379097	0.378298	0.398226	0.388137	0.39591	0.499474	0.478666	0.48445	0.492273	0.486847	0.477182	0.542399	0.554263	0.537378	0.554807	0.543084	0.554663	0.600838	0.608754	0.609195	0.608138	0.60093	0.601663	0.494031	0.500064	0.502386	0.498646	0.487568	0.492567	0.492624	0.49589	0.475309	0.489442	0.475532	0.490503	0.496826	0.495876	0.496122	0.496813	0.496986	0.497675
ERR626426	0.359233	0.376706	0.351808	0.364299	0.366371	0.365479	0.321715	0.347577	0.352477	0.321144	0.320434	0.355884	0.411829	0.389611	0.39317	0.39315	0.390482	0.403927	0.506905	0.502598	0.509426	0.507534	0.502127	0.507705	0.411201	0.397187	0.446761	0.39911	0.431195	0.401126	0.290225	0.289331	0.302757	0.262896	0	0.308721	0.388059	0.385607	0.385668	0.413765	0.413437	0.417135	0.413083	0.415029	0.415171	0.410962	0.415906	0.412341	0.393993	0.392732	0.394521	0.388701	0.395136	0.397131	0.382758	0.376557	0.376281	0.395011	0.384865	0.39279	0.497322	0.476785	0.484046	0.490526	0.48547	0.475487	0.541345	0.552735	0.536471	0.553248	0.541833	0.552968	0.60012	0.608537	0.60915	0.607895	0.600082	0.600544	0.492623	0.498415	0.500678	0.496954	0.48685	0.493465	0.490182	0.493483	0.473516	0.486999	0.473499	0.488122	0.495839	0.495276	0.495361	0.496092	0.496162	0.496578
ERR626423	0.308916	0.309428	0.362563	0.305758	0.306129	0.306894	0.332475	0.312478	0.364078	0.339601	0.335064	0.306815	0.385395	0.343984	0.344328	0.341459	0.343957	0.373731	0.542674	0.526314	0.545813	0.543617	0.523515	0.54269	0.404316	0.383977	0.388169	0.382901	0.379947	0.381828	0.253211	0.254906	0.249213	0.311925	0.308721	0	0.384696	0.385597	0.385688	0.35773	0.363287	0.361011	0.423606	0.409549	0.410852	0.426604	0.411059	0.428085	0.349583	0.347432	0.35144	0.327883	0.334359	0.326934	0.320987	0.330369	0.340597	0.324624	0.322576	0.32496	0.453681	0.455325	0.487673	0.455902	0.460929	0.457326	0.534403	0.532544	0.53061	0.532408	0.535563	0.532	0.610224	0.625742	0.625051	0.623552	0.608347	0.606431	0.490252	0.481807	0.480474	0.48007	0.493459	0.525885	0.439192	0.439887	0.438986	0.436292	0.437549	0.436992	0.497948	0.501464	0.498241	0.501725	0.496013	0.496007
ERR607987	0.377951	0.392954	0.378673	0.384686	0.386044	0.384045	0.350406	0.351318	0.360413	0.353552	0.351771	0.358908	0.352785	0.354115	0.358617	0.360674	0.355573	0.350174	0.589349	0.588151	0.591687	0.594018	0.58757	0.590499	0.392519	0.394678	0.435721	0.39541	0.415674	0.395943	0.376068	0.375125	0.381505	0.389241	0.388059	0.384696	0	0.240039	0.239754	0.284576	0.273049	0.285015	0.452508	0.446496	0.446729	0.45245	0.447649	0.453317	0.33244	0.332675	0.332751	0.343486	0.346628	0.361388	0.371584	0.355893	0.350331	0.387859	0.373121	0.38379	0.494092	0.481844	0.488262	0.485626	0.480375	0.481637	0.619172	0.624256	0.611785	0.624678	0.619633	0.623954	0.696155	0.703016	0.702159	0.702186	0.697669	0.698944	0.549038	0.548285	0.548143	0.546661	0.545914	0.553356	0.484173	0.488458	0.460835	0.482622	0.462259	0.483387	0.569059	0.567481	0.568263	0.569072	0.567748	0.568622
ERR607986	0.379813	0.395243	0.378817	0.386628	0.387872	0.385852	0.349603	0.352519	0.360562	0.35268	0.35075	0.360764	0.355693	0.357331	0.361909	0.364075	0.358654	0.353141	0.587846	0.586565	0.590185	0.592268	0.58605	0.58891	0.393329	0.394616	0.437926	0.395488	0.417723	0.396211	0.376376	0.375699	0.382462	0.386741	0.385607	0.385597	0.240039	0	0.239776	0.288609	0.277358	0.289332	0.450334	0.445061	0.445282	0.450062	0.446264	0.450843	0.336862	0.337021	0.336842	0.347639	0.350896	0.365372	0.374283	0.35862	0.353025	0.39106	0.376083	0.387024	0.496871	0.483574	0.489495	0.488267	0.482631	0.483133	0.618121	0.623656	0.610988	0.624019	0.618751	0.623449	0.695271	0.70222	0.701559	0.701412	0.696459	0.697761	0.548325	0.547939	0.548066	0.546501	0.544991	0.552319	0.486994	0.491391	0.463348	0.485207	0.46457	0.485963	0.568505	0.566891	0.567546	0.568471	0.567169	0.567919
ERR607988	0.380276	0.39604	0.378129	0.386975	0.388415	0.386602	0.349891	0.352884	0.359154	0.352796	0.35096	0.360929	0.354253	0.356872	0.361359	0.363743	0.3582	0.351902	0.587194	0.58666	0.589541	0.592033	0.586195	0.588324	0.392548	0.394977	0.438642	0.395752	0.418149	0.396692	0.376446	0.375329	0.382753	0.386692	0.385668	0.385688	0.239754	0.239776	0	0.289332	0.277642	0.290055	0.45153	0.446026	0.446143	0.450869	0.44716	0.451692	0.33493	0.335357	0.335207	0.347275	0.350123	0.365139	0.374415	0.358254	0.35186	0.391204	0.376246	0.387198	0.495841	0.482403	0.487351	0.486957	0.481073	0.482019	0.618815	0.624475	0.611202	0.624898	0.619356	0.624325	0.695416	0.701898	0.701223	0.70112	0.697075	0.698357	0.548526	0.548258	0.548325	0.546781	0.544939	0.551181	0.485955	0.490483	0.461643	0.484484	0.463068	0.485154	0.568546	0.566587	0.567617	0.5683	0.567285	0.568101
ERR607984	0.344067	0.343155	0.393227	0.34443	0.344046	0.342586	0.367938	0.337868	0.385913	0.375899	0.371867	0.331523	0.363595	0.3345	0.33466	0.333529	0.333988	0.354662	0.594379	0.581623	0.597296	0.597557	0.579471	0.594528	0.408506	0.400044	0.3928	0.398483	0.384344	0.397296	0.364119	0.365181	0.358675	0.416711	0.413765	0.35773	0.284576	0.288609	0.289332	0	0.23394	0.23316	0.463714	0.446835	0.448311	0.467975	0.4482	0.468439	0.319175	0.3179	0.32147	0.30052	0.305341	0.304	0.333663	0.340126	0.348709	0.338742	0.33446	0.338226	0.4655	0.474589	0.503287	0.468348	0.472807	0.477348	0.590132	0.586178	0.585061	0.586192	0.590752	0.585434	0.673458	0.687589	0.686358	0.685585	0.672488	0.671973	0.533645	0.524584	0.522503	0.522917	0.537493	0.565953	0.448697	0.44993	0.448481	0.447402	0.447493	0.447101	0.551074	0.553365	0.551337	0.553947	0.548986	0.548618
ERR607983	0.347451	0.350701	0.387144	0.349527	0.349573	0.348348	0.363805	0.336266	0.377112	0.371512	0.367577	0.333134	0.35287	0.331369	0.33159	0.330995	0.331128	0.345382	0.596208	0.587113	0.599029	0.600526	0.585142	0.596627	0.400207	0.396714	0.397369	0.395338	0.385262	0.394424	0.36714	0.367804	0.363519	0.416042	0.413437	0.363287	0.273049	0.277358	0.277642	0.23394	0	0.233645	0.468003	0.451924	0.453527	0.471564	0.453508	0.472139	0.311232	0.310279	0.312971	0.300665	0.303841	0.307826	0.335221	0.336005	0.341557	0.3419	0.335836	0.340827	0.467321	0.473847	0.497757	0.46757	0.470451	0.476384	0.599911	0.597866	0.593337	0.597983	0.600661	0.597245	0.681829	0.69369	0.692319	0.691924	0.68199	0.681924	0.539544	0.531557	0.529496	0.529767	0.541845	0.564958	0.451225	0.453071	0.446267	0.450692	0.446038	0.450698	0.557514	0.558625	0.557423	0.559493	0.555215	0.555417
ERR607985	0.344376	0.34498	0.390528	0.345085	0.344608	0.343784	0.368014	0.337379	0.383039	0.376106	0.372018	0.332333	0.362138	0.334761	0.333903	0.332598	0.334351	0.353445	0.594816	0.584121	0.597647	0.598893	0.581854	0.595086	0.405946	0.400578	0.394101	0.3989	0.38456	0.397624	0.366795	0.367595	0.361693	0.419828	0.417135	0.361011	0.285015	0.289332	0.290055	0.23316	0.233645	0	0.470181	0.452712	0.454265	0.474151	0.454319	0.474678	0.315011	0.313899	0.317008	0.299621	0.302519	0.302947	0.334374	0.339323	0.347196	0.337979	0.334951	0.337645	0.465743	0.475183	0.502125	0.467846	0.472201	0.478125	0.592742	0.589469	0.586577	0.589427	0.593637	0.588669	0.674995	0.68773	0.686357	0.685879	0.67486	0.674415	0.536445	0.527113	0.524868	0.52534	0.539501	0.565614	0.448636	0.449745	0.447886	0.448332	0.447361	0.448166	0.55282	0.554543	0.553103	0.555353	0.550522	0.550593
ERR612359	0.445737	0.450069	0.471978	0.44623	0.446511	0.444174	0.430977	0.440317	0.468223	0.433287	0.430935	0.44007	0.499171	0.477514	0.481984	0.482204	0.478068	0.491842	0.568539	0.55519	0.571656	0.56536	0.554189	0.569036	0.514163	0.48807	0.516909	0.488701	0.508112	0.489571	0.417586	0.418573	0.422128	0.414639	0.413083	0.423606	0.452508	0.450334	0.45153	0.463714	0.468003	0.470181	0	0.261993	0.261422	0.25655	0.261627	0.256499	0.471325	0.470036	0.472695	0.457106	0.466152	0.462671	0.471687	0.471161	0.474386	0.482744	0.473714	0.480908	0.509967	0.483455	0.500339	0.504219	0.498031	0.481644	0.568685	0.571997	0.571455	0.572033	0.567887	0.572483	0.646676	0.66028	0.661709	0.659112	0.643175	0.642454	0.518062	0.520901	0.522138	0.519783	0.5176	0.542809	0.52864	0.531815	0.515946	0.523738	0.514559	0.523925	0.545925	0.54857	0.545506	0.548767	0.546455	0.545236
ERR612363	0.429805	0.431923	0.464871	0.429149	0.429185	0.427217	0.425967	0.427515	0.461902	0.429644	0.426817	0.42533	0.487907	0.463524	0.466654	0.466126	0.463802	0.479579	0.571961	0.557311	0.575015	0.569578	0.555605	0.57225	0.505018	0.479663	0.500341	0.479601	0.492564	0.480036	0.406763	0.408332	0.408515	0.417161	0.415029	0.409549	0.446496	0.445061	0.446026	0.446835	0.451924	0.452712	0.261993	0	0.252599	0.265767	0.252346	0.266418	0.455283	0.453916	0.456564	0.439402	0.448161	0.442954	0.454578	0.455795	0.461199	0.463145	0.456655	0.461853	0.49637	0.475523	0.498187	0.492319	0.489042	0.474768	0.56407	0.564541	0.566723	0.564599	0.563788	0.56488	0.645264	0.659197	0.660223	0.657642	0.641648	0.64031	0.515494	0.51479	0.515053	0.513393	0.516776	0.546123	0.513744	0.516419	0.505091	0.509793	0.50333	0.510008	0.543146	0.546719	0.542877	0.54667	0.543503	0.541853
ERR612364	0.431131	0.433731	0.465172	0.430727	0.43077	0.428896	0.4264	0.428428	0.462079	0.429936	0.427029	0.426758	0.489079	0.464911	0.468107	0.46774	0.465305	0.480861	0.571812	0.557449	0.574832	0.569432	0.555806	0.572183	0.505326	0.480034	0.501843	0.480234	0.493924	0.48069	0.407811	0.409051	0.409829	0.416876	0.415171	0.410852	0.446729	0.445282	0.446143	0.448311	0.453527	0.454265	0.261422	0.252599	0	0.265001	0.252226	0.265634	0.456486	0.455024	0.457736	0.441031	0.449779	0.44477	0.456017	0.456983	0.462098	0.465003	0.458247	0.463552	0.497412	0.476068	0.49796	0.493225	0.489571	0.475214	0.564782	0.565622	0.567332	0.565539	0.56442	0.565787	0.645462	0.659301	0.660328	0.657739	0.641919	0.640691	0.516006	0.515403	0.515902	0.514077	0.517027	0.545738	0.515514	0.518188	0.506299	0.51141	0.504382	0.511636	0.543474	0.547029	0.543396	0.547098	0.54401	0.542424
