	ERR613214	ERR613210	ERR613213	ERR613212	ERR613209	ERR613211	ERR626905	ERR626906	ERR626908	ERR626907	ERR626904	ERR626903	ERR636911	ERR636912	ERR636910	ERR636907	ERR636908	ERR636909	ERR636768	ERR636766	ERR636765	ERR636763	ERR636764	ERR636767	ERR608367	ERR608369	ERR608366	ERR608370	ERR608365	ERR608368	ERR607315	ERR607313	ERR607314	ERR607316	ERR607312	ERR607311	ERR613849	ERR613851	ERR613848	ERR613852	ERR613853	ERR613850	ERR621924	ERR621920	ERR621922	ERR621923	ERR621919	ERR621921	ERR614953	ERR614954	ERR614949	ERR614951	ERR614952	ERR614950	ERR608448	ERR608447	ERR608446	ERR608449	ERR608445	ERR608450	ERR617160	ERR617157	ERR617155	ERR617158	ERR617156	ERR617159	ERR616280	ERR616279	ERR616278	ERR616281	ERR616277	ERR616282	ERR616459	ERR616456	ERR616457	ERR616461	ERR616460	ERR616458	ERR605674	ERR605676	ERR605671	ERR605672	ERR605673	ERR605675	ERR612762	ERR612759	ERR612760	ERR612763	ERR612761	ERR612764	ERR614881	ERR614877	ERR614878	ERR614879	ERR614882	ERR614880
ERR613214	2.91707e+08	2.59185e+08	1.92133e+08	1.83589e+08	2.76606e+08	2.43931e+08	1.88388e+08	1.46481e+08	2.12028e+08	1.44514e+08	1.85568e+08	2.06535e+08	1.74651e+08	1.79129e+08	1.73429e+08	1.51663e+08	1.66426e+08	1.66819e+08	1.88235e+08	1.84731e+08	1.9189e+08	1.7583e+08	1.90638e+08	1.85947e+08	2.02848e+08	2.07867e+08	1.81858e+08	1.82072e+08	1.40848e+08	2.04027e+08	1.42789e+08	1.79196e+08	1.37951e+08	1.46897e+08	1.77796e+08	1.63193e+08	2.13872e+08	2.04128e+08	2.36475e+08	2.04481e+08	2.37373e+08	1.8336e+08	1.7932e+08	1.98098e+08	1.96628e+08	1.81613e+08	2.17517e+08	1.97468e+08	1.55026e+08	1.5738e+08	1.22361e+08	1.21077e+08	1.56881e+08	1.26629e+08	2.03859e+08	1.98937e+08	1.77115e+08	2.09432e+08	1.36859e+08	1.80427e+08	1.21298e+08	1.32043e+08	1.23392e+08	1.52517e+08	1.31722e+08	1.54261e+08	1.2464e+08	1.3104e+08	1.00919e+08	1.36478e+08	9.36207e+07	1.3595e+08	1.65691e+08	1.27194e+08	7.71437e+07	1.67372e+08	1.66421e+08	1.28689e+08	1.5391e+08	1.56532e+08	1.70603e+08	1.59856e+08	1.57519e+08	1.58869e+08	1.59299e+08	1.86343e+08	1.29407e+08	1.61378e+08	1.70909e+08	1.57343e+08	1.66629e+08	1.30544e+08	1.35013e+08	1.31511e+08	1.64892e+08	1.67643e+08
ERR613210	2.59185e+08	5.05881e+08	2.6037e+08	2.48171e+08	3.84535e+08	3.36634e+08	2.68723e+08	2.08417e+08	3.02896e+08	2.05461e+08	2.64551e+08	2.95028e+08	2.49162e+08	2.5558e+08	2.47495e+08	2.1603e+08	2.37491e+08	2.37806e+08	2.66634e+08	2.61761e+08	2.72e+08	2.48758e+08	2.70269e+08	2.6343e+08	2.88789e+08	2.95966e+08	2.5835e+08	2.58514e+08	1.99052e+08	2.90392e+08	2.00894e+08	2.51876e+08	1.93615e+08	2.06745e+08	2.50402e+08	2.29448e+08	3.03654e+08	2.8962e+08	3.36268e+08	2.90349e+08	3.37592e+08	2.59456e+08	2.49071e+08	2.75374e+08	2.73525e+08	2.52631e+08	3.02912e+08	2.74426e+08	2.23322e+08	2.26716e+08	1.75912e+08	1.74283e+08	2.26036e+08	1.82185e+08	2.90415e+08	2.83234e+08	2.5159e+08	2.98313e+08	1.93283e+08	2.56343e+08	1.73723e+08	1.89783e+08	1.77115e+08	2.19399e+08	1.89346e+08	2.21806e+08	1.79337e+08	1.88957e+08	1.45241e+08	1.96564e+08	1.34643e+08	1.95844e+08	2.3777e+08	1.82506e+08	1.10616e+08	2.4011e+08	2.38879e+08	1.84815e+08	2.11418e+08	2.15198e+08	2.35824e+08	2.20059e+08	2.16826e+08	2.18551e+08	2.18876e+08	2.58171e+08	1.75758e+08	2.21889e+08	2.35689e+08	2.15991e+08	2.40196e+08	1.87934e+08	1.94517e+08	1.8945e+08	2.37902e+08	2.41858e+08
ERR613213	1.92133e+08	2.6037e+08	2.94085e+08	1.84517e+08	2.78035e+08	2.45034e+08	1.89199e+08	1.46943e+08	2.12768e+08	1.44985e+08	1.86318e+08	2.07318e+08	1.75282e+08	1.79855e+08	1.74153e+08	1.52184e+08	1.66913e+08	1.6742e+08	1.89097e+08	1.85782e+08	1.92976e+08	1.76844e+08	1.9147e+08	1.8697e+08	2.03557e+08	2.08424e+08	1.82603e+08	1.82667e+08	1.41417e+08	2.04745e+08	1.43283e+08	1.79964e+08	1.38368e+08	1.47365e+08	1.78533e+08	1.63865e+08	2.14854e+08	2.04968e+08	2.37487e+08	2.05497e+08	2.38511e+08	1.84315e+08	1.80036e+08	1.98758e+08	1.97243e+08	1.82231e+08	2.18163e+08	1.98198e+08	1.55655e+08	1.57964e+08	1.22925e+08	1.21571e+08	1.5753e+08	1.2722e+08	2.04883e+08	1.99823e+08	1.7805e+08	2.10574e+08	1.37718e+08	1.8136e+08	1.21885e+08	1.32564e+08	1.23797e+08	1.53172e+08	1.32326e+08	1.54941e+08	1.25088e+08	1.31483e+08	1.0125e+08	1.36924e+08	9.38742e+07	1.3641e+08	1.66368e+08	1.27564e+08	7.73227e+07	1.67916e+08	1.66989e+08	1.29083e+08	1.54482e+08	1.57179e+08	1.71276e+08	1.60495e+08	1.58234e+08	1.59511e+08	1.59933e+08	1.87087e+08	1.29941e+08	1.62029e+08	1.71674e+08	1.57876e+08	1.67427e+08	1.3109e+08	1.35593e+08	1.32085e+08	1.65645e+08	1.68392e+08
ERR613212	1.83589e+08	2.48171e+08	1.84517e+08	2.719e+08	2.64692e+08	2.33787e+08	1.78857e+08	1.39127e+08	2.01423e+08	1.37185e+08	1.76175e+08	1.96112e+08	1.66474e+08	1.70693e+08	1.65371e+08	1.44503e+08	1.58345e+08	1.58898e+08	1.79285e+08	1.76089e+08	1.83042e+08	1.67738e+08	1.81549e+08	1.77153e+08	1.93049e+08	1.97502e+08	1.73224e+08	1.73283e+08	1.34386e+08	1.94027e+08	1.36219e+08	1.71145e+08	1.31549e+08	1.40052e+08	1.69687e+08	1.55844e+08	2.03389e+08	1.9408e+08	2.24677e+08	1.94469e+08	2.25732e+08	1.74608e+08	1.71397e+08	1.8933e+08	1.87836e+08	1.73627e+08	2.07561e+08	1.88851e+08	1.47402e+08	1.49519e+08	1.16417e+08	1.15008e+08	1.49118e+08	1.20405e+08	1.93687e+08	1.89174e+08	1.68643e+08	1.99155e+08	1.30638e+08	1.71745e+08	1.15734e+08	1.25506e+08	1.17443e+08	1.45143e+08	1.25304e+08	1.46695e+08	1.18333e+08	1.24287e+08	9.57673e+07	1.29582e+08	8.88614e+07	1.29066e+08	1.57597e+08	1.20842e+08	7.32556e+07	1.58988e+08	1.58068e+08	1.22237e+08	1.4768e+08	1.50588e+08	1.63657e+08	1.53494e+08	1.51377e+08	1.52837e+08	1.53006e+08	1.78715e+08	1.2461e+08	1.54887e+08	1.64108e+08	1.51111e+08	1.58339e+08	1.24113e+08	1.28318e+08	1.25013e+08	1.56769e+08	1.59418e+08
ERR613209	2.76606e+08	3.84535e+08	2.78035e+08	2.64692e+08	5.71965e+08	3.60328e+08	2.90896e+08	2.25858e+08	3.27855e+08	2.22665e+08	2.86242e+08	3.19566e+08	2.67783e+08	2.74891e+08	2.66119e+08	2.32486e+08	2.55519e+08	2.55882e+08	2.86459e+08	2.81149e+08	2.92108e+08	2.66971e+08	2.90388e+08	2.82942e+08	3.11658e+08	3.19649e+08	2.78691e+08	2.78661e+08	2.13768e+08	3.13832e+08	2.16265e+08	2.70632e+08	2.08252e+08	2.22622e+08	2.69583e+08	2.46455e+08	3.27475e+08	3.12742e+08	3.62944e+08	3.13306e+08	3.64253e+08	2.79139e+08	2.67533e+08	2.95535e+08	2.93805e+08	2.71119e+08	3.25452e+08	2.94523e+08	2.41985e+08	2.45592e+08	1.90297e+08	1.88615e+08	2.4484e+08	1.97121e+08	3.13645e+08	3.05636e+08	2.7144e+08	3.22159e+08	2.07739e+08	2.76399e+08	1.87349e+08	2.05669e+08	1.91405e+08	2.37818e+08	2.05129e+08	2.4029e+08	1.94916e+08	2.05705e+08	1.57723e+08	2.13533e+08	1.46208e+08	2.12741e+08	2.56767e+08	1.97435e+08	1.1966e+08	2.59321e+08	2.58057e+08	1.99906e+08	2.27417e+08	2.30684e+08	2.53626e+08	2.3645e+08	2.32923e+08	2.34243e+08	2.35126e+08	2.7779e+08	1.88271e+08	2.38383e+08	2.53108e+08	2.3207e+08	2.60352e+08	2.0322e+08	2.10461e+08	2.05179e+08	2.579e+08	2.62096e+08
ERR613211	2.43931e+08	3.36634e+08	2.45034e+08	2.33787e+08	3.60328e+08	4.52788e+08	2.50226e+08	1.94098e+08	2.81756e+08	1.91417e+08	2.46296e+08	2.74697e+08	2.32366e+08	2.3831e+08	2.30777e+08	2.01575e+08	2.21299e+08	2.21803e+08	2.48694e+08	2.44276e+08	2.5406e+08	2.32326e+08	2.52145e+08	2.45789e+08	2.69305e+08	2.75864e+08	2.41039e+08	2.41104e+08	1.85917e+08	2.70677e+08	1.8775e+08	2.35454e+08	1.80996e+08	1.93073e+08	2.3391e+08	2.14452e+08	2.83265e+08	2.7018e+08	3.13588e+08	2.70891e+08	3.14767e+08	2.42433e+08	2.33314e+08	2.57896e+08	2.55938e+08	2.36316e+08	2.83568e+08	2.56922e+08	2.07684e+08	2.10828e+08	1.63726e+08	1.62035e+08	2.10178e+08	1.69561e+08	2.70592e+08	2.64184e+08	2.34894e+08	2.78206e+08	1.80721e+08	2.39171e+08	1.61741e+08	1.7647e+08	1.64638e+08	2.03885e+08	1.76064e+08	2.06256e+08	1.66871e+08	1.75602e+08	1.34956e+08	1.82739e+08	1.25119e+08	1.82165e+08	2.21639e+08	1.69915e+08	1.02935e+08	2.23653e+08	2.2251e+08	1.72042e+08	1.98549e+08	2.02067e+08	2.21161e+08	2.06575e+08	2.03537e+08	2.05236e+08	2.05243e+08	2.41694e+08	1.65126e+08	2.07974e+08	2.20828e+08	2.02524e+08	2.23404e+08	1.74685e+08	1.80845e+08	1.7612e+08	2.21103e+08	2.24839e+08
ERR626905	1.88388e+08	2.68723e+08	1.89199e+08	1.78857e+08	2.90896e+08	2.50226e+08	4.60884e+08	2.52049e+08	3.60853e+08	2.48285e+08	3.15864e+08	3.52507e+08	2.48524e+08	2.54928e+08	2.46672e+08	2.17126e+08	2.38295e+08	2.3773e+08	2.53511e+08	2.48226e+08	2.57281e+08	2.35411e+08	2.568e+08	2.5013e+08	3.02348e+08	3.10747e+08	2.71046e+08	2.71362e+08	2.08141e+08	3.05629e+08	2.03266e+08	2.48691e+08	1.95493e+08	2.09014e+08	2.49378e+08	2.27745e+08	2.89229e+08	2.77774e+08	3.20437e+08	2.78053e+08	3.22071e+08	2.45315e+08	2.31265e+08	2.54731e+08	2.54613e+08	2.35245e+08	2.81138e+08	2.54052e+08	2.10732e+08	2.14006e+08	1.64989e+08	1.64168e+08	2.13259e+08	1.7135e+08	2.76714e+08	2.68591e+08	2.38827e+08	2.83571e+08	1.81907e+08	2.43168e+08	1.61674e+08	1.8072e+08	1.66853e+08	2.08749e+08	1.79962e+08	2.11059e+08	1.72938e+08	1.83266e+08	1.40202e+08	1.89228e+08	1.29829e+08	1.88529e+08	2.19258e+08	1.6977e+08	1.03097e+08	2.2153e+08	2.21085e+08	1.7173e+08	1.5856e+08	1.59395e+08	1.79408e+08	1.65127e+08	1.62091e+08	1.6174e+08	1.73741e+08	2.09446e+08	1.3427e+08	1.76195e+08	1.88065e+08	1.71113e+08	2.29409e+08	1.78044e+08	1.8481e+08	1.80514e+08	2.2728e+08	2.31254e+08
ERR626906	1.46481e+08	2.08417e+08	1.46943e+08	1.39127e+08	2.25858e+08	1.94098e+08	2.52049e+08	3.0701e+08	2.82737e+08	1.96924e+08	2.47325e+08	2.7557e+08	1.92268e+08	1.97098e+08	1.90749e+08	1.68374e+08	1.84657e+08	1.84007e+08	1.97673e+08	1.9357e+08	2.00363e+08	1.83675e+08	2.00407e+08	1.95095e+08	2.36435e+08	2.4301e+08	2.12189e+08	2.12423e+08	1.62812e+08	2.39335e+08	1.59714e+08	1.94182e+08	1.53735e+08	1.64269e+08	1.95179e+08	1.78213e+08	2.26138e+08	2.17655e+08	2.50183e+08	2.17914e+08	2.51403e+08	1.9178e+08	1.80828e+08	1.98881e+08	1.98949e+08	1.8397e+08	2.19505e+08	1.98453e+08	1.62387e+08	1.64876e+08	1.27143e+08	1.26761e+08	1.64366e+08	1.3203e+08	2.16365e+08	2.09812e+08	1.86769e+08	2.21573e+08	1.42332e+08	1.90159e+08	1.24028e+08	1.39413e+08	1.28413e+08	1.61116e+08	1.38752e+08	1.6269e+08	1.33958e+08	1.42377e+08	1.08993e+08	1.46609e+08	1.00933e+08	1.46129e+08	1.68095e+08	1.30396e+08	7.95826e+07	1.69709e+08	1.69561e+08	1.32144e+08	1.22149e+08	1.22015e+08	1.37939e+08	1.26867e+08	1.24732e+08	1.23853e+08	1.34065e+08	1.61613e+08	1.03584e+08	1.3602e+08	1.44998e+08	1.32108e+08	1.76923e+08	1.37228e+08	1.42408e+08	1.39239e+08	1.75236e+08	1.78309e+08
ERR626908	2.12028e+08	3.02896e+08	2.12768e+08	2.01423e+08	3.27855e+08	2.81756e+08	3.60853e+08	2.82737e+08	5.64549e+08	2.78591e+08	3.54082e+08	3.95377e+08	2.79923e+08	2.8716e+08	2.77796e+08	2.44466e+08	2.68457e+08	2.67917e+08	2.84954e+08	2.79127e+08	2.89456e+08	2.64496e+08	2.88883e+08	2.81279e+08	3.39594e+08	3.48969e+08	3.04229e+08	3.04571e+08	2.33083e+08	3.43381e+08	2.27295e+08	2.78795e+08	2.18607e+08	2.33983e+08	2.79815e+08	2.55191e+08	3.25034e+08	3.12305e+08	3.6072e+08	3.12745e+08	3.62514e+08	2.75532e+08	2.59855e+08	2.86503e+08	2.86322e+08	2.64357e+08	3.16287e+08	2.85625e+08	2.38515e+08	2.42218e+08	1.86708e+08	1.8575e+08	2.41377e+08	1.93745e+08	3.11502e+08	3.02371e+08	2.68613e+08	3.19064e+08	2.04056e+08	2.73596e+08	1.83e+08	2.04616e+08	1.8902e+08	2.36549e+08	2.03827e+08	2.3916e+08	1.95775e+08	2.07539e+08	1.58777e+08	2.14175e+08	1.46917e+08	2.1333e+08	2.48051e+08	1.91789e+08	1.16509e+08	2.50558e+08	2.50126e+08	1.94162e+08	1.7963e+08	1.8051e+08	2.03215e+08	1.87029e+08	1.83672e+08	1.83287e+08	1.96578e+08	2.37092e+08	1.51852e+08	1.99344e+08	2.12792e+08	1.93571e+08	2.59853e+08	2.01677e+08	2.09146e+08	2.04272e+08	2.57436e+08	2.61839e+08
ERR626907	1.44514e+08	2.05461e+08	1.44985e+08	1.37185e+08	2.22665e+08	1.91417e+08	2.48285e+08	1.96924e+08	2.78591e+08	2.99508e+08	2.43732e+08	2.71567e+08	1.89404e+08	1.9412e+08	1.87982e+08	1.65938e+08	1.82003e+08	1.81474e+08	1.94764e+08	1.90829e+08	1.9739e+08	1.80966e+08	1.9745e+08	1.92184e+08	2.33032e+08	2.395e+08	2.09273e+08	2.09339e+08	1.60651e+08	2.3574e+08	1.57477e+08	1.91373e+08	1.51482e+08	1.61948e+08	1.92359e+08	1.75698e+08	2.22665e+08	2.14442e+08	2.46478e+08	2.14542e+08	2.47737e+08	1.88944e+08	1.78217e+08	1.9615e+08	1.96148e+08	1.81346e+08	2.16264e+08	1.95497e+08	1.59653e+08	1.62003e+08	1.24947e+08	1.24542e+08	1.61541e+08	1.29717e+08	2.13196e+08	2.06827e+08	1.84018e+08	2.18221e+08	1.40296e+08	1.87498e+08	1.21952e+08	1.37108e+08	1.26294e+08	1.58326e+08	1.36507e+08	1.60054e+08	1.31707e+08	1.39839e+08	1.07101e+08	1.44036e+08	9.90719e+07	1.43553e+08	1.65352e+08	1.28317e+08	7.83064e+07	1.67081e+08	1.66908e+08	1.29995e+08	1.20033e+08	1.20039e+08	1.35742e+08	1.24838e+08	1.22605e+08	1.21826e+08	1.31864e+08	1.5896e+08	1.01965e+08	1.33708e+08	1.42626e+08	1.29956e+08	1.739e+08	1.34949e+08	1.40151e+08	1.36992e+08	1.72292e+08	1.75266e+08
ERR626904	1.85568e+08	2.64551e+08	1.86318e+08	1.76175e+08	2.86242e+08	2.46296e+08	3.15864e+08	2.47325e+08	3.54082e+08	2.43732e+08	4.4707e+08	3.45918e+08	2.44676e+08	2.5091e+08	2.42835e+08	2.1382e+08	2.34507e+08	2.34133e+08	2.49453e+08	2.44391e+08	2.53168e+08	2.31841e+08	2.527e+08	2.46192e+08	2.97157e+08	3.05345e+08	2.66602e+08	2.66912e+08	2.04986e+08	3.00386e+08	1.99831e+08	2.44774e+08	1.92314e+08	2.05538e+08	2.45372e+08	2.24101e+08	2.84157e+08	2.72893e+08	3.14677e+08	2.73068e+08	3.1633e+08	2.41297e+08	2.27327e+08	2.50658e+08	2.5021e+08	2.31264e+08	2.76445e+08	2.49823e+08	2.07257e+08	2.10342e+08	1.62493e+08	1.61591e+08	2.09718e+08	1.68674e+08	2.71984e+08	2.64157e+08	2.34932e+08	2.78663e+08	1.79042e+08	2.39276e+08	1.59242e+08	1.77554e+08	1.64133e+08	2.05077e+08	1.76928e+08	2.07425e+08	1.6987e+08	1.79944e+08	1.37816e+08	1.86018e+08	1.27579e+08	1.8528e+08	2.15726e+08	1.66787e+08	1.01315e+08	2.17945e+08	2.17459e+08	1.68894e+08	1.5596e+08	1.5686e+08	1.76587e+08	1.62611e+08	1.59494e+08	1.594e+08	1.70817e+08	2.06007e+08	1.32111e+08	1.73355e+08	1.85057e+08	1.68268e+08	2.25507e+08	1.75291e+08	1.81823e+08	1.77574e+08	2.23621e+08	2.27283e+08
ERR626903	2.06535e+08	2.95028e+08	2.07318e+08	1.96112e+08	3.19566e+08	2.74697e+08	3.52507e+08	2.7557e+08	3.95377e+08	2.71567e+08	3.45918e+08	5.40363e+08	2.72502e+08	2.79566e+08	2.70543e+08	2.38095e+08	2.61542e+08	2.60733e+08	2.77798e+08	2.7204e+08	2.81922e+08	2.57928e+08	2.81465e+08	2.74113e+08	3.30945e+08	3.40111e+08	2.96243e+08	2.96738e+08	2.26968e+08	3.34455e+08	2.21828e+08	2.71763e+08	2.13218e+08	2.28155e+08	2.72792e+08	2.48672e+08	3.16803e+08	3.04254e+08	3.51487e+08	3.04703e+08	3.53147e+08	2.68473e+08	2.53217e+08	2.79191e+08	2.78825e+08	2.57463e+08	3.08451e+08	2.78274e+08	2.32496e+08	2.35996e+08	1.82001e+08	1.81149e+08	2.35335e+08	1.88939e+08	3.03677e+08	2.94758e+08	2.61845e+08	3.11077e+08	1.98867e+08	2.66558e+08	1.78397e+08	1.9931e+08	1.84238e+08	2.30473e+08	1.98669e+08	2.33118e+08	1.90735e+08	2.02446e+08	1.54796e+08	2.08897e+08	1.43271e+08	2.08071e+08	2.41853e+08	1.87096e+08	1.13584e+08	2.4441e+08	2.43912e+08	1.89498e+08	1.75181e+08	1.76048e+08	1.98314e+08	1.82461e+08	1.79203e+08	1.78721e+08	1.91643e+08	2.31108e+08	1.48027e+08	1.94433e+08	2.07494e+08	1.88689e+08	2.53264e+08	1.96575e+08	2.03999e+08	1.99253e+08	2.50907e+08	2.55166e+08
ERR636911	1.74651e+08	2.49162e+08	1.75282e+08	1.66474e+08	2.67783e+08	2.32366e+08	2.48524e+08	1.92268e+08	2.79923e+08	1.89404e+08	2.44676e+08	2.72502e+08	4.24108e+08	3.03388e+08	2.94313e+08	2.60059e+08	2.82256e+08	2.83141e+08	2.61665e+08	2.57016e+08	2.66852e+08	2.44277e+08	2.64962e+08	2.58815e+08	2.70063e+08	2.76527e+08	2.42151e+08	2.42263e+08	1.87634e+08	2.71724e+08	1.94512e+08	2.41947e+08	1.88025e+08	2.00222e+08	2.4076e+08	2.20971e+08	2.63674e+08	2.51365e+08	2.91885e+08	2.52073e+08	2.93104e+08	2.25232e+08	2.31999e+08	2.55672e+08	2.54602e+08	2.3575e+08	2.81316e+08	2.54808e+08	1.84148e+08	1.87126e+08	1.44807e+08	1.43135e+08	1.86398e+08	1.50073e+08	2.49963e+08	2.43581e+08	2.16372e+08	2.56806e+08	1.65864e+08	2.20481e+08	1.45245e+08	1.58467e+08	1.47898e+08	1.83199e+08	1.58026e+08	1.85372e+08	1.48343e+08	1.56035e+08	1.19458e+08	1.62742e+08	1.10541e+08	1.62086e+08	2.02039e+08	1.54573e+08	9.31149e+07	2.03994e+08	2.02932e+08	1.56399e+08	1.39242e+08	1.4276e+08	1.58437e+08	1.46303e+08	1.4349e+08	1.45273e+08	1.52565e+08	1.84067e+08	1.18224e+08	1.5496e+08	1.66108e+08	1.50267e+08	2.01714e+08	1.57173e+08	1.62779e+08	1.58408e+08	1.996e+08	2.03002e+08
ERR636912	1.79129e+08	2.5558e+08	1.79855e+08	1.70693e+08	2.74891e+08	2.3831e+08	2.54928e+08	1.97098e+08	2.8716e+08	1.9412e+08	2.5091e+08	2.79566e+08	3.03388e+08	4.4175e+08	3.01392e+08	2.66225e+08	2.88854e+08	2.89853e+08	2.68441e+08	2.63649e+08	2.7358e+08	2.50452e+08	2.7181e+08	2.655e+08	2.7682e+08	2.83666e+08	2.48338e+08	2.48462e+08	1.92188e+08	2.78684e+08	1.99362e+08	2.48013e+08	1.92621e+08	2.0524e+08	2.46737e+08	2.26464e+08	2.70474e+08	2.57969e+08	2.99394e+08	2.58532e+08	3.00705e+08	2.30938e+08	2.38016e+08	2.62598e+08	2.61217e+08	2.41859e+08	2.88875e+08	2.61437e+08	1.88982e+08	1.9207e+08	1.48581e+08	1.46879e+08	1.91262e+08	1.54027e+08	2.56663e+08	2.50027e+08	2.22203e+08	2.63725e+08	1.70105e+08	2.26465e+08	1.48941e+08	1.62495e+08	1.51749e+08	1.8798e+08	1.62193e+08	1.90061e+08	1.52159e+08	1.6016e+08	1.22523e+08	1.67006e+08	1.13524e+08	1.6631e+08	2.07427e+08	1.58709e+08	9.55578e+07	2.09496e+08	2.08317e+08	1.60574e+08	1.42932e+08	1.46455e+08	1.62571e+08	1.50019e+08	1.47219e+08	1.49072e+08	1.56759e+08	1.89014e+08	1.21486e+08	1.59209e+08	1.70559e+08	1.54379e+08	2.06789e+08	1.61242e+08	1.66991e+08	1.62577e+08	2.04768e+08	2.08098e+08
ERR636910	1.73429e+08	2.47495e+08	1.74153e+08	1.65371e+08	2.66119e+08	2.30777e+08	2.46672e+08	1.90749e+08	2.77796e+08	1.87982e+08	2.42835e+08	2.70543e+08	2.94313e+08	3.01392e+08	4.18865e+08	2.58419e+08	2.80123e+08	2.81113e+08	2.59778e+08	2.55171e+08	2.64813e+08	2.42566e+08	2.62819e+08	2.56846e+08	2.68063e+08	2.74575e+08	2.40317e+08	2.4048e+08	1.8613e+08	2.69793e+08	1.92941e+08	2.39973e+08	1.86477e+08	1.98667e+08	2.38788e+08	2.19115e+08	2.6184e+08	2.49722e+08	2.8993e+08	2.50322e+08	2.91071e+08	2.23713e+08	2.30313e+08	2.54047e+08	2.52876e+08	2.34172e+08	2.79508e+08	2.52967e+08	1.82911e+08	1.85775e+08	1.43733e+08	1.42099e+08	1.85028e+08	1.49025e+08	2.48299e+08	2.42133e+08	2.15061e+08	2.55221e+08	1.64837e+08	2.19009e+08	1.44252e+08	1.5719e+08	1.46889e+08	1.81904e+08	1.56817e+08	1.83951e+08	1.47296e+08	1.5495e+08	1.18594e+08	1.61547e+08	1.09784e+08	1.60904e+08	2.00819e+08	1.53658e+08	9.24142e+07	2.02666e+08	2.018e+08	1.55328e+08	1.38166e+08	1.41759e+08	1.57373e+08	1.45099e+08	1.42414e+08	1.44286e+08	1.51507e+08	1.8281e+08	1.17339e+08	1.5386e+08	1.64986e+08	1.49281e+08	2.00008e+08	1.56058e+08	1.61625e+08	1.57305e+08	1.98153e+08	2.01492e+08
ERR636907	1.51663e+08	2.1603e+08	1.52184e+08	1.44503e+08	2.32486e+08	2.01575e+08	2.17126e+08	1.68374e+08	2.44466e+08	1.65938e+08	2.1382e+08	2.38095e+08	2.60059e+08	2.66225e+08	2.58419e+08	3.41084e+08	2.49499e+08	2.50149e+08	2.28208e+08	2.24218e+08	2.32486e+08	2.13193e+08	2.31003e+08	2.25687e+08	2.35006e+08	2.40727e+08	2.1096e+08	2.11036e+08	1.63455e+08	2.36707e+08	1.70007e+08	2.107e+08	1.64326e+08	1.7494e+08	2.09679e+08	1.92759e+08	2.29793e+08	2.19089e+08	2.54156e+08	2.19621e+08	2.55062e+08	1.96288e+08	2.02901e+08	2.2352e+08	2.22503e+08	2.06155e+08	2.45796e+08	2.22665e+08	1.59418e+08	1.61936e+08	1.25273e+08	1.23962e+08	1.61256e+08	1.29843e+08	2.17959e+08	2.124e+08	1.88812e+08	2.23983e+08	1.4461e+08	1.92296e+08	1.25772e+08	1.37281e+08	1.28149e+08	1.58727e+08	1.37039e+08	1.60512e+08	1.28507e+08	1.3538e+08	1.03507e+08	1.4103e+08	9.59497e+07	1.40493e+08	1.74716e+08	1.33843e+08	8.06163e+07	1.764e+08	1.75521e+08	1.3542e+08	1.20552e+08	1.23446e+08	1.37163e+08	1.26539e+08	1.2417e+08	1.25637e+08	1.3236e+08	1.59513e+08	1.02473e+08	1.34335e+08	1.43961e+08	1.3025e+08	1.74412e+08	1.36161e+08	1.40875e+08	1.3715e+08	1.72807e+08	1.7561e+08
ERR636908	1.66426e+08	2.37491e+08	1.66913e+08	1.58345e+08	2.55519e+08	2.21299e+08	2.38295e+08	1.84657e+08	2.68457e+08	1.82003e+08	2.34507e+08	2.61542e+08	2.82256e+08	2.88854e+08	2.80123e+08	2.49499e+08	3.93085e+08	2.71279e+08	2.49547e+08	2.44938e+08	2.5398e+08	2.32772e+08	2.52548e+08	2.46636e+08	2.57803e+08	2.64314e+08	2.3118e+08	2.31083e+08	1.78366e+08	2.59827e+08	1.85727e+08	2.3024e+08	1.79361e+08	1.9122e+08	2.29502e+08	2.10509e+08	2.51843e+08	2.40389e+08	2.78936e+08	2.41115e+08	2.80042e+08	2.14788e+08	2.21793e+08	2.44529e+08	2.43446e+08	2.25484e+08	2.69255e+08	2.43501e+08	1.7567e+08	1.78556e+08	1.37934e+08	1.36517e+08	1.77706e+08	1.42944e+08	2.39233e+08	2.32944e+08	2.06907e+08	2.45675e+08	1.58077e+08	2.10655e+08	1.3809e+08	1.51248e+08	1.41114e+08	1.75007e+08	1.50955e+08	1.7706e+08	1.41762e+08	1.49574e+08	1.1428e+08	1.55602e+08	1.05815e+08	1.54949e+08	1.92179e+08	1.47348e+08	8.87522e+07	1.94169e+08	1.93261e+08	1.49101e+08	1.33015e+08	1.35873e+08	1.51242e+08	1.39545e+08	1.36842e+08	1.38243e+08	1.45579e+08	1.75709e+08	1.12778e+08	1.47836e+08	1.58302e+08	1.43404e+08	1.92458e+08	1.498e+08	1.55291e+08	1.51218e+08	1.90502e+08	1.93709e+08
ERR636909	1.66819e+08	2.37806e+08	1.6742e+08	1.58898e+08	2.55882e+08	2.21803e+08	2.3773e+08	1.84007e+08	2.67917e+08	1.81474e+08	2.34133e+08	2.60733e+08	2.83141e+08	2.89853e+08	2.81113e+08	2.50149e+08	2.71279e+08	3.94605e+08	2.5013e+08	2.45646e+08	2.54966e+08	2.33542e+08	2.53192e+08	2.47281e+08	2.57942e+08	2.64212e+08	2.3141e+08	2.31517e+08	1.79214e+08	2.59578e+08	1.86171e+08	2.31298e+08	1.79861e+08	1.91487e+08	2.29997e+08	2.1116e+08	2.51935e+08	2.40436e+08	2.78961e+08	2.40842e+08	2.80078e+08	2.1522e+08	2.21939e+08	2.448e+08	2.43578e+08	2.25522e+08	2.69156e+08	2.4363e+08	1.7619e+08	1.78953e+08	1.38618e+08	1.37e+08	1.78319e+08	1.4358e+08	2.3917e+08	2.3307e+08	2.07066e+08	2.45613e+08	1.58616e+08	2.10949e+08	1.38961e+08	1.51584e+08	1.41671e+08	1.75264e+08	1.51227e+08	1.7716e+08	1.41779e+08	1.49213e+08	1.14158e+08	1.55676e+08	1.05821e+08	1.55066e+08	1.93263e+08	1.47816e+08	8.90394e+07	1.94997e+08	1.94e+08	1.49554e+08	1.33235e+08	1.36488e+08	1.51524e+08	1.39859e+08	1.37066e+08	1.38923e+08	1.45958e+08	1.75908e+08	1.12978e+08	1.4826e+08	1.58784e+08	1.43774e+08	1.92746e+08	1.50392e+08	1.55699e+08	1.51553e+08	1.90951e+08	1.94118e+08
ERR636768	1.88235e+08	2.66634e+08	1.89097e+08	1.79285e+08	2.86459e+08	2.48694e+08	2.53511e+08	1.97673e+08	2.84954e+08	1.94764e+08	2.49453e+08	2.77798e+08	2.61665e+08	2.68441e+08	2.59778e+08	2.28208e+08	2.49547e+08	2.5013e+08	4.25041e+08	2.91517e+08	3.00761e+08	2.76357e+08	2.99232e+08	2.93472e+08	2.76416e+08	2.83404e+08	2.47852e+08	2.47978e+08	1.91631e+08	2.78556e+08	2.02602e+08	2.50459e+08	1.95644e+08	2.08306e+08	2.49337e+08	2.28996e+08	2.84614e+08	2.7227e+08	3.14557e+08	2.72852e+08	3.15614e+08	2.44111e+08	2.34962e+08	2.58873e+08	2.57657e+08	2.38762e+08	2.8452e+08	2.57803e+08	1.93359e+08	1.96218e+08	1.52172e+08	1.50959e+08	1.95623e+08	1.57803e+08	2.71766e+08	2.64853e+08	2.35782e+08	2.78979e+08	1.81712e+08	2.40481e+08	1.49902e+08	1.64719e+08	1.53415e+08	1.9026e+08	1.64332e+08	1.92562e+08	1.56721e+08	1.65217e+08	1.27001e+08	1.71696e+08	1.17789e+08	1.70988e+08	2.09753e+08	1.61196e+08	9.77554e+07	2.11649e+08	2.10591e+08	1.631e+08	1.45835e+08	1.48329e+08	1.65426e+08	1.52642e+08	1.49863e+08	1.50842e+08	1.5952e+08	1.91964e+08	1.23742e+08	1.61999e+08	1.73221e+08	1.57163e+08	2.10272e+08	1.64157e+08	1.70006e+08	1.65721e+08	2.08245e+08	2.11693e+08
ERR636766	1.84731e+08	2.61761e+08	1.85782e+08	1.76089e+08	2.81149e+08	2.44276e+08	2.48226e+08	1.9357e+08	2.79127e+08	1.90829e+08	2.44391e+08	2.7204e+08	2.57016e+08	2.63649e+08	2.55171e+08	2.24218e+08	2.44938e+08	2.45646e+08	2.91517e+08	4.12019e+08	2.95501e+08	2.71509e+08	2.93709e+08	2.88294e+08	2.71306e+08	2.78034e+08	2.43384e+08	2.43468e+08	1.88198e+08	2.73224e+08	1.9895e+08	2.45904e+08	1.92162e+08	2.04494e+08	2.44966e+08	2.24946e+08	2.79255e+08	2.67149e+08	3.08536e+08	2.67764e+08	3.09493e+08	2.39638e+08	2.30878e+08	2.54148e+08	2.5295e+08	2.34556e+08	2.79131e+08	2.53125e+08	1.89372e+08	1.92228e+08	1.49069e+08	1.47808e+08	1.91604e+08	1.54502e+08	2.66438e+08	2.59755e+08	2.31352e+08	2.73671e+08	1.78519e+08	2.36026e+08	1.46775e+08	1.61237e+08	1.50162e+08	1.86077e+08	1.60748e+08	1.88317e+08	1.53423e+08	1.61827e+08	1.24348e+08	1.68009e+08	1.15387e+08	1.674e+08	2.05436e+08	1.57834e+08	9.57858e+07	2.07349e+08	2.06255e+08	1.59755e+08	1.42801e+08	1.45215e+08	1.61894e+08	1.49352e+08	1.46738e+08	1.47608e+08	1.56239e+08	1.87827e+08	1.2111e+08	1.58539e+08	1.69585e+08	1.53729e+08	2.05954e+08	1.60944e+08	1.66626e+08	1.6235e+08	2.04025e+08	2.07272e+08
ERR636765	1.9189e+08	2.72e+08	1.92976e+08	1.83042e+08	2.92108e+08	2.5406e+08	2.57281e+08	2.00363e+08	2.89456e+08	1.9739e+08	2.53168e+08	2.81922e+08	2.66852e+08	2.7358e+08	2.64813e+08	2.32486e+08	2.5398e+08	2.54966e+08	3.00761e+08	2.95501e+08	4.38798e+08	2.82113e+08	3.05414e+08	2.97522e+08	2.81169e+08	2.88317e+08	2.52421e+08	2.52622e+08	1.9548e+08	2.8334e+08	2.06057e+08	2.55258e+08	1.98977e+08	2.11883e+08	2.5396e+08	2.33412e+08	2.89746e+08	2.76956e+08	3.20093e+08	2.7745e+08	3.21126e+08	2.48726e+08	2.3903e+08	2.63357e+08	2.61868e+08	2.42717e+08	2.892e+08	2.61995e+08	1.9745e+08	2.00568e+08	1.55635e+08	1.54186e+08	1.99934e+08	1.61404e+08	2.76314e+08	2.69463e+08	2.40144e+08	2.83798e+08	1.85377e+08	2.44864e+08	1.5344e+08	1.68178e+08	1.56668e+08	1.94048e+08	1.67622e+08	1.96234e+08	1.59958e+08	1.68267e+08	1.29486e+08	1.75043e+08	1.20138e+08	1.7441e+08	2.14639e+08	1.64793e+08	9.98887e+07	2.16552e+08	2.15418e+08	1.66701e+08	1.48867e+08	1.51736e+08	1.68931e+08	1.55864e+08	1.531e+08	1.54334e+08	1.6284e+08	1.96025e+08	1.26438e+08	1.65403e+08	1.77019e+08	1.60475e+08	2.14741e+08	1.67885e+08	1.73893e+08	1.69285e+08	2.12582e+08	2.16095e+08
ERR636763	1.7583e+08	2.48758e+08	1.76844e+08	1.67738e+08	2.66971e+08	2.32326e+08	2.35411e+08	1.83675e+08	2.64496e+08	1.80966e+08	2.31841e+08	2.57928e+08	2.44277e+08	2.50452e+08	2.42566e+08	2.13193e+08	2.32772e+08	2.33542e+08	2.76357e+08	2.71509e+08	2.82113e+08	3.78301e+08	2.80408e+08	2.73315e+08	2.57711e+08	2.64015e+08	2.31369e+08	2.31477e+08	1.79246e+08	2.59512e+08	1.8968e+08	2.34301e+08	1.8309e+08	1.9496e+08	2.33122e+08	2.14388e+08	2.65433e+08	2.53853e+08	2.9301e+08	2.54456e+08	2.94024e+08	2.2818e+08	2.19237e+08	2.41385e+08	2.40274e+08	2.22724e+08	2.65079e+08	2.4046e+08	1.78845e+08	1.81516e+08	1.40924e+08	1.39653e+08	1.80772e+08	1.45948e+08	2.53045e+08	2.46872e+08	2.20164e+08	2.59917e+08	1.70171e+08	2.24559e+08	1.38903e+08	1.52277e+08	1.41898e+08	1.75862e+08	1.51846e+08	1.77805e+08	1.45033e+08	1.527e+08	1.17573e+08	1.5863e+08	1.09015e+08	1.58205e+08	1.95022e+08	1.49814e+08	9.08975e+07	1.96696e+08	1.95742e+08	1.51592e+08	1.34816e+08	1.37205e+08	1.52883e+08	1.41053e+08	1.38506e+08	1.39527e+08	1.47483e+08	1.77578e+08	1.1454e+08	1.49838e+08	1.60354e+08	1.45386e+08	1.94508e+08	1.52083e+08	1.57453e+08	1.53368e+08	1.92622e+08	1.95754e+08
ERR636764	1.90638e+08	2.70269e+08	1.9147e+08	1.81549e+08	2.90388e+08	2.52145e+08	2.568e+08	2.00407e+08	2.88883e+08	1.9745e+08	2.527e+08	2.81465e+08	2.64962e+08	2.7181e+08	2.62819e+08	2.31003e+08	2.52548e+08	2.53192e+08	2.99232e+08	2.93709e+08	3.05414e+08	2.80408e+08	4.34765e+08	2.95789e+08	2.80159e+08	2.87263e+08	2.51327e+08	2.51362e+08	1.93877e+08	2.82357e+08	2.05505e+08	2.53731e+08	1.98158e+08	2.11183e+08	2.52884e+08	2.32112e+08	2.88392e+08	2.7597e+08	3.18823e+08	2.76518e+08	3.1975e+08	2.47214e+08	2.37991e+08	2.62147e+08	2.60923e+08	2.41874e+08	2.88088e+08	2.60977e+08	1.96194e+08	1.99116e+08	1.54371e+08	1.53052e+08	1.98477e+08	1.60018e+08	2.75516e+08	2.68409e+08	2.38973e+08	2.8282e+08	1.84157e+08	2.43729e+08	1.51927e+08	1.67206e+08	1.55605e+08	1.93033e+08	1.66764e+08	1.95293e+08	1.59277e+08	1.68043e+08	1.29031e+08	1.7445e+08	1.19766e+08	1.73754e+08	2.12757e+08	1.63687e+08	9.93727e+07	2.14744e+08	2.13631e+08	1.65712e+08	1.48085e+08	1.50316e+08	1.67819e+08	1.54813e+08	1.52081e+08	1.52765e+08	1.61785e+08	1.94805e+08	1.25417e+08	1.64221e+08	1.75672e+08	1.59323e+08	2.13369e+08	1.66644e+08	1.72515e+08	1.68189e+08	2.11428e+08	2.14792e+08
ERR636767	1.85947e+08	2.6343e+08	1.8697e+08	1.77153e+08	2.82942e+08	2.45789e+08	2.5013e+08	1.95095e+08	2.81279e+08	1.92184e+08	2.46192e+08	2.74113e+08	2.58815e+08	2.655e+08	2.56846e+08	2.25687e+08	2.46636e+08	2.47281e+08	2.93472e+08	2.88294e+08	2.97522e+08	2.73315e+08	2.95789e+08	4.16871e+08	2.73227e+08	2.80026e+08	2.4503e+08	2.45248e+08	1.89454e+08	2.75151e+08	2.00141e+08	2.4748e+08	1.9337e+08	2.05889e+08	2.46515e+08	2.26394e+08	2.81203e+08	2.69054e+08	3.10771e+08	2.697e+08	3.11977e+08	2.41341e+08	2.32373e+08	2.55882e+08	2.54673e+08	2.36011e+08	2.81171e+08	2.54897e+08	1.90577e+08	1.93434e+08	1.5011e+08	1.48758e+08	1.92771e+08	1.55447e+08	2.68389e+08	2.61544e+08	2.32878e+08	2.75561e+08	1.79676e+08	2.37666e+08	1.47665e+08	1.62349e+08	1.51266e+08	1.87568e+08	1.61864e+08	1.8964e+08	1.5449e+08	1.62827e+08	1.25132e+08	1.69177e+08	1.16105e+08	1.68506e+08	2.06879e+08	1.59053e+08	9.6519e+07	2.08905e+08	2.07922e+08	1.61012e+08	1.4403e+08	1.46424e+08	1.63238e+08	1.50643e+08	1.4785e+08	1.4874e+08	1.57233e+08	1.89277e+08	1.22041e+08	1.59727e+08	1.70769e+08	1.54897e+08	2.07341e+08	1.61951e+08	1.67685e+08	1.63452e+08	2.05278e+08	2.08678e+08
ERR608367	2.02848e+08	2.88789e+08	2.03557e+08	1.93049e+08	3.11658e+08	2.69305e+08	3.02348e+08	2.36435e+08	3.39594e+08	2.33032e+08	2.97157e+08	3.30945e+08	2.70063e+08	2.7682e+08	2.68063e+08	2.35006e+08	2.57803e+08	2.57942e+08	2.76416e+08	2.71306e+08	2.81169e+08	2.57711e+08	2.80159e+08	2.73227e+08	5.02775e+08	3.65601e+08	3.20047e+08	3.19765e+08	2.46846e+08	3.59427e+08	2.17873e+08	2.68218e+08	2.09605e+08	2.23878e+08	2.68057e+08	2.45366e+08	3.10936e+08	2.97854e+08	3.44276e+08	2.98587e+08	3.45554e+08	2.65174e+08	2.49584e+08	2.75263e+08	2.74098e+08	2.53473e+08	3.03237e+08	2.74104e+08	2.21694e+08	2.25009e+08	1.74186e+08	1.72825e+08	2.2426e+08	1.80569e+08	2.98395e+08	2.90126e+08	2.58031e+08	3.06042e+08	1.9725e+08	2.62788e+08	1.70628e+08	1.88726e+08	1.75247e+08	2.18301e+08	1.88345e+08	2.20766e+08	1.81899e+08	1.92403e+08	1.4757e+08	1.99061e+08	1.36887e+08	1.98404e+08	2.38502e+08	1.83836e+08	1.11596e+08	2.40817e+08	2.39834e+08	1.86086e+08	1.66822e+08	1.6898e+08	1.89019e+08	1.74133e+08	1.71067e+08	1.71648e+08	1.82343e+08	2.19511e+08	1.41139e+08	1.84907e+08	1.97628e+08	1.79505e+08	2.40994e+08	1.87774e+08	1.9458e+08	1.89664e+08	2.38529e+08	2.42741e+08
ERR608369	2.07867e+08	2.95966e+08	2.08424e+08	1.97502e+08	3.19649e+08	2.75864e+08	3.10747e+08	2.4301e+08	3.48969e+08	2.395e+08	3.05345e+08	3.40111e+08	2.76527e+08	2.83666e+08	2.74575e+08	2.40727e+08	2.64314e+08	2.64212e+08	2.83404e+08	2.78034e+08	2.88317e+08	2.64015e+08	2.87263e+08	2.80026e+08	3.65601e+08	5.26127e+08	3.27537e+08	3.29054e+08	2.52204e+08	3.70451e+08	2.23855e+08	2.75344e+08	2.15262e+08	2.30189e+08	2.75418e+08	2.51746e+08	3.19366e+08	3.0616e+08	3.53734e+08	3.06957e+08	3.54899e+08	2.71997e+08	2.55975e+08	2.82399e+08	2.81397e+08	2.60058e+08	3.1107e+08	2.81184e+08	2.27321e+08	2.30919e+08	1.78437e+08	1.77148e+08	2.30193e+08	1.85122e+08	3.06504e+08	2.97579e+08	2.64749e+08	3.14272e+08	2.02115e+08	2.69628e+08	1.74721e+08	1.93898e+08	1.79795e+08	2.24291e+08	1.93466e+08	2.2675e+08	1.87497e+08	1.98413e+08	1.52223e+08	2.05172e+08	1.41129e+08	2.04366e+08	2.44247e+08	1.88503e+08	1.14565e+08	2.46638e+08	2.45748e+08	1.90753e+08	1.7116e+08	1.72949e+08	1.9383e+08	1.78496e+08	1.7525e+08	1.75686e+08	1.87065e+08	2.25494e+08	1.44892e+08	1.89868e+08	2.02744e+08	1.84359e+08	2.47402e+08	1.92457e+08	1.996e+08	1.94676e+08	2.44843e+08	2.49131e+08
ERR608366	1.81858e+08	2.5835e+08	1.82603e+08	1.73224e+08	2.78691e+08	2.41039e+08	2.71046e+08	2.12189e+08	3.04229e+08	2.09273e+08	2.66602e+08	2.96243e+08	2.42151e+08	2.48338e+08	2.40317e+08	2.1096e+08	2.3118e+08	2.3141e+08	2.47852e+08	2.43384e+08	2.52421e+08	2.31369e+08	2.51327e+08	2.4503e+08	3.20047e+08	3.27537e+08	4.16854e+08	2.87063e+08	2.22379e+08	3.22269e+08	1.95959e+08	2.41202e+08	1.88683e+08	2.01382e+08	2.40803e+08	2.20593e+08	2.78469e+08	2.66821e+08	3.08004e+08	2.675e+08	3.09108e+08	2.37978e+08	2.24038e+08	2.46979e+08	2.46122e+08	2.27396e+08	2.71786e+08	2.45876e+08	1.9727e+08	2.00245e+08	1.55183e+08	1.53795e+08	1.99774e+08	1.60944e+08	2.67287e+08	2.5988e+08	2.31575e+08	2.74222e+08	1.77608e+08	2.35847e+08	1.52002e+08	1.67825e+08	1.55954e+08	1.93941e+08	1.67513e+08	1.96197e+08	1.61951e+08	1.71035e+08	1.31449e+08	1.77112e+08	1.21816e+08	1.76595e+08	2.12672e+08	1.63818e+08	9.94632e+07	2.14531e+08	2.13738e+08	1.6573e+08	1.48303e+08	1.50277e+08	1.68078e+08	1.55016e+08	1.52213e+08	1.52843e+08	1.62381e+08	1.95379e+08	1.25853e+08	1.64753e+08	1.76112e+08	1.5992e+08	2.1447e+08	1.67165e+08	1.73296e+08	1.68856e+08	2.12282e+08	2.15994e+08
ERR608370	1.82072e+08	2.58514e+08	1.82667e+08	1.73283e+08	2.78661e+08	2.41104e+08	2.71362e+08	2.12423e+08	3.04571e+08	2.09339e+08	2.66912e+08	2.96738e+08	2.42263e+08	2.48462e+08	2.4048e+08	2.11036e+08	2.31083e+08	2.31517e+08	2.47978e+08	2.43468e+08	2.52622e+08	2.31477e+08	2.51362e+08	2.45248e+08	3.19765e+08	3.29054e+08	2.87063e+08	4.17676e+08	2.224e+08	3.2346e+08	1.96461e+08	2.41649e+08	1.89113e+08	2.0185e+08	2.4124e+08	2.21088e+08	2.78571e+08	2.66966e+08	3.08112e+08	2.67524e+08	3.09184e+08	2.3801e+08	2.24151e+08	2.47155e+08	2.46124e+08	2.27448e+08	2.7179e+08	2.46028e+08	1.97144e+08	2.00039e+08	1.54966e+08	1.53709e+08	1.99515e+08	1.60684e+08	2.67138e+08	2.59665e+08	2.31378e+08	2.7399e+08	1.77591e+08	2.35711e+08	1.52215e+08	1.67829e+08	1.55953e+08	1.93896e+08	1.67372e+08	1.95985e+08	1.61908e+08	1.70839e+08	1.31226e+08	1.77062e+08	1.21749e+08	1.76417e+08	2.12518e+08	1.63591e+08	9.93846e+07	2.14583e+08	2.13713e+08	1.65593e+08	1.48244e+08	1.50274e+08	1.67839e+08	1.54849e+08	1.52074e+08	1.52738e+08	1.62278e+08	1.95279e+08	1.25683e+08	1.6464e+08	1.75962e+08	1.59881e+08	2.14343e+08	1.67257e+08	1.7319e+08	1.68848e+08	2.12174e+08	2.15909e+08
ERR608365	1.40848e+08	1.99052e+08	1.41417e+08	1.34386e+08	2.13768e+08	1.85917e+08	2.08141e+08	1.62812e+08	2.33083e+08	1.60651e+08	2.04986e+08	2.26968e+08	1.87634e+08	1.92188e+08	1.8613e+08	1.63455e+08	1.78366e+08	1.79214e+08	1.91631e+08	1.88198e+08	1.9548e+08	1.79246e+08	1.93877e+08	1.89454e+08	2.46846e+08	2.52204e+08	2.22379e+08	2.224e+08	2.7225e+08	2.48067e+08	1.51992e+08	1.87109e+08	1.46687e+08	1.56085e+08	1.86278e+08	1.71405e+08	2.14095e+08	2.04628e+08	2.36172e+08	2.05189e+08	2.37053e+08	1.8388e+08	1.731e+08	1.90735e+08	1.89599e+08	1.7562e+08	2.09226e+08	1.89788e+08	1.49585e+08	1.51808e+08	1.1807e+08	1.16696e+08	1.51474e+08	1.22309e+08	2.04762e+08	1.99599e+08	1.78268e+08	2.10005e+08	1.38326e+08	1.81597e+08	1.1618e+08	1.26896e+08	1.18352e+08	1.46561e+08	1.26633e+08	1.48271e+08	1.22186e+08	1.28408e+08	9.89528e+07	1.336e+08	9.19176e+07	1.33101e+08	1.62209e+08	1.2452e+08	7.559e+07	1.63569e+08	1.62743e+08	1.25941e+08	1.12076e+08	1.14403e+08	1.27174e+08	1.17586e+08	1.15316e+08	1.16364e+08	1.23167e+08	1.48006e+08	9.5655e+07	1.24943e+08	1.33789e+08	1.21259e+08	1.62542e+08	1.27274e+08	1.31669e+08	1.28215e+08	1.60875e+08	1.63704e+08
ERR608368	2.04027e+08	2.90392e+08	2.04745e+08	1.94027e+08	3.13832e+08	2.70677e+08	3.05629e+08	2.39335e+08	3.43381e+08	2.3574e+08	3.00386e+08	3.34455e+08	2.71724e+08	2.78684e+08	2.69793e+08	2.36707e+08	2.59827e+08	2.59578e+08	2.78556e+08	2.73224e+08	2.8334e+08	2.59512e+08	2.82357e+08	2.75151e+08	3.59427e+08	3.70451e+08	3.22269e+08	3.2346e+08	2.48067e+08	5.11014e+08	2.20233e+08	2.70657e+08	2.11742e+08	2.26388e+08	2.70723e+08	2.47654e+08	3.1369e+08	3.00858e+08	3.47405e+08	3.01681e+08	3.48688e+08	2.67033e+08	2.5174e+08	2.77597e+08	2.76757e+08	2.55595e+08	3.05909e+08	2.76546e+08	2.2293e+08	2.26475e+08	1.74779e+08	1.7372e+08	2.25642e+08	1.81485e+08	3.01134e+08	2.92279e+08	2.59927e+08	3.08817e+08	1.98415e+08	2.64897e+08	1.71223e+08	1.9015e+08	1.76203e+08	2.19915e+08	1.89715e+08	2.22371e+08	1.83761e+08	1.94724e+08	1.49152e+08	2.01226e+08	1.38335e+08	2.00401e+08	2.39666e+08	1.84952e+08	1.12414e+08	2.41937e+08	2.4109e+08	1.87337e+08	1.679e+08	1.6943e+08	1.90033e+08	1.75152e+08	1.72014e+08	1.72353e+08	1.83422e+08	2.21052e+08	1.42036e+08	1.86117e+08	1.987e+08	1.80733e+08	2.42589e+08	1.88744e+08	1.95703e+08	1.90788e+08	2.40226e+08	2.44357e+08
ERR607315	1.42789e+08	2.00894e+08	1.43283e+08	1.36219e+08	2.16265e+08	1.8775e+08	2.03266e+08	1.59714e+08	2.27295e+08	1.57477e+08	1.99831e+08	2.21828e+08	1.94512e+08	1.99362e+08	1.92941e+08	1.70007e+08	1.85727e+08	1.86171e+08	2.02602e+08	1.9895e+08	2.06057e+08	1.8968e+08	2.05505e+08	2.00141e+08	2.17873e+08	2.23855e+08	1.95959e+08	1.96461e+08	1.51992e+08	2.20233e+08	2.88699e+08	2.27281e+08	1.8117e+08	1.92954e+08	2.27623e+08	2.09279e+08	2.12848e+08	2.04169e+08	2.3498e+08	2.04597e+08	2.35808e+08	1.81867e+08	1.81218e+08	1.99025e+08	1.98491e+08	1.83845e+08	2.18622e+08	1.98177e+08	1.53518e+08	1.55714e+08	1.20717e+08	1.19912e+08	1.55216e+08	1.25197e+08	2.04417e+08	1.98512e+08	1.77106e+08	2.09504e+08	1.35641e+08	1.79957e+08	1.18107e+08	1.30528e+08	1.21189e+08	1.50794e+08	1.30214e+08	1.52467e+08	1.28808e+08	1.36056e+08	1.05002e+08	1.40615e+08	9.74316e+07	1.4002e+08	1.63925e+08	1.26731e+08	7.74268e+07	1.65449e+08	1.64887e+08	1.28244e+08	1.19291e+08	1.20696e+08	1.34581e+08	1.24353e+08	1.22381e+08	1.22485e+08	1.28137e+08	1.53688e+08	1.00181e+08	1.30111e+08	1.38701e+08	1.26456e+08	1.65496e+08	1.29164e+08	1.3383e+08	1.30513e+08	1.63945e+08	1.66757e+08
ERR607313	1.79196e+08	2.51876e+08	1.79964e+08	1.71145e+08	2.70632e+08	2.35454e+08	2.48691e+08	1.94182e+08	2.78795e+08	1.91373e+08	2.44774e+08	2.71763e+08	2.41947e+08	2.48013e+08	2.39973e+08	2.107e+08	2.3024e+08	2.31298e+08	2.50459e+08	2.45904e+08	2.55258e+08	2.34301e+08	2.53731e+08	2.4748e+08	2.68218e+08	2.75344e+08	2.41202e+08	2.41649e+08	1.87109e+08	2.70657e+08	2.27281e+08	4.07539e+08	2.19429e+08	2.33696e+08	2.79235e+08	2.56657e+08	2.62339e+08	2.50805e+08	2.90112e+08	2.51507e+08	2.90909e+08	2.24284e+08	2.23367e+08	2.46e+08	2.44796e+08	2.26738e+08	2.70087e+08	2.44761e+08	1.92763e+08	1.95687e+08	1.51894e+08	1.50477e+08	1.95172e+08	1.57336e+08	2.51726e+08	2.44929e+08	2.18314e+08	2.58298e+08	1.67524e+08	2.21904e+08	1.49444e+08	1.63705e+08	1.52563e+08	1.8913e+08	1.63305e+08	1.91142e+08	1.5998e+08	1.68566e+08	1.29884e+08	1.74976e+08	1.20626e+08	1.7418e+08	2.0681e+08	1.59223e+08	9.67359e+07	2.08726e+08	2.07907e+08	1.61057e+08	1.51012e+08	1.53722e+08	1.70436e+08	1.57852e+08	1.55196e+08	1.5627e+08	1.62013e+08	1.93789e+08	1.26931e+08	1.64446e+08	1.75447e+08	1.59793e+08	2.07931e+08	1.62558e+08	1.68212e+08	1.63852e+08	2.05905e+08	2.09403e+08
ERR607314	1.37951e+08	1.93615e+08	1.38368e+08	1.31549e+08	2.08252e+08	1.80996e+08	1.95493e+08	1.53735e+08	2.18607e+08	1.51482e+08	1.92314e+08	2.13218e+08	1.88025e+08	1.92621e+08	1.86477e+08	1.64326e+08	1.79361e+08	1.79861e+08	1.95644e+08	1.92162e+08	1.98977e+08	1.8309e+08	1.98158e+08	1.9337e+08	2.09605e+08	2.15262e+08	1.88683e+08	1.89113e+08	1.46687e+08	2.11742e+08	1.8117e+08	2.19429e+08	2.71653e+08	1.86168e+08	2.19459e+08	2.02103e+08	2.04317e+08	1.96037e+08	2.25632e+08	1.96454e+08	2.26469e+08	1.74979e+08	1.74938e+08	1.92341e+08	1.91616e+08	1.77507e+08	2.10946e+08	1.91343e+08	1.47367e+08	1.49515e+08	1.16039e+08	1.15134e+08	1.49095e+08	1.2033e+08	1.96108e+08	1.90717e+08	1.70146e+08	2.01129e+08	1.30778e+08	1.73096e+08	1.13802e+08	1.2545e+08	1.1656e+08	1.44817e+08	1.25035e+08	1.46251e+08	1.23295e+08	1.30094e+08	1.00333e+08	1.34668e+08	9.31625e+07	1.34136e+08	1.57585e+08	1.21634e+08	7.42491e+07	1.5904e+08	1.58555e+08	1.23073e+08	1.14737e+08	1.16261e+08	1.29388e+08	1.197e+08	1.17714e+08	1.18127e+08	1.23391e+08	1.47705e+08	9.65338e+07	1.25205e+08	1.33526e+08	1.21642e+08	1.59005e+08	1.2415e+08	1.28675e+08	1.25417e+08	1.5755e+08	1.60151e+08
