	ERR617184	ERR617183	ERR617182	ERR617181	ERR617179	ERR617180	ERR613347	ERR613351	ERR613350	ERR613352	ERR613349	ERR613348	ERR613620	ERR613621	ERR613618	ERR613622	ERR613619	ERR613617	ERR636976	ERR636978	ERR636974	ERR636975	ERR636973	ERR636977	ERR636863	ERR636864	ERR636860	ERR636862	ERR636861	ERR636859	ERR630005	ERR630004	ERR630001	ERR630002	ERR630000	ERR630003	ERR636951	ERR636949	ERR636954	ERR636950	ERR636953	ERR636952	ERR618509	ERR618511	ERR618507	ERR618510	ERR618508	ERR618512	ERR611356	ERR611355	ERR611358	ERR611353	ERR611354	ERR611357	ERR638312	ERR638314	ERR638313	ERR638311	ERR638309	ERR638310	ERR618412	ERR618414	ERR618416	ERR618415	ERR618413	ERR618411	ERR612283	ERR612284	ERR612281	ERR612282	ERR612286	ERR612285	ERR617488	ERR617489	ERR617492	ERR617490	ERR617487	ERR617491	ERR616852	ERR616851	ERR616849	ERR616850	ERR616848	ERR616847	ERR606652	ERR606653	ERR606651	ERR606648	ERR606649	ERR606650	ERR616507	ERR616505	ERR616506	ERR616509	ERR616508	ERR616504
ERR617184	0	0.326426	0.327005	0.316956	0.30501	0.315424	0.435376	0.418152	0.417504	0.390602	0.415868	0.403188	0.444156	0.443378	0.45671	0.445038	0.454559	0.453106	0.425015	0.450995	0.418739	0.447653	0.445503	0.453854	0.448372	0.448877	0.469957	0.451529	0.465505	0.454457	0.406879	0.405987	0.403652	0.425105	0.42675	0.407727	0.410054	0.396124	0.416771	0.413398	0.412375	0.415199	0.430311	0.438641	0.442255	0.434087	0.425026	0.440121	0.54841	0.548055	0.544613	0.547633	0.549709	0.545015	0.448677	0.448249	0.448144	0.444913	0.448548	0.445077	0.486663	0.501989	0.508273	0.506836	0.496787	0.510602	0.637306	0.602697	0.653593	0.637941	0.605341	0.598288	0.511176	0.512467	0.516662	0.531262	0.501781	0.533696	0.54417	0.544091	0.539162	0.543828	0.540192	0.540596	0.54187	0.537521	0.52174	0.516293	0.54342	0.539323	0.516154	0.478032	0.490731	0.51326	0.516879	0.489365
ERR617183	0.326426	0	0.279532	0.293109	0.307061	0.293422	0.375065	0.366176	0.367484	0.378215	0.364987	0.361015	0.434535	0.433923	0.451895	0.460168	0.451023	0.438478	0.402818	0.414873	0.405499	0.408126	0.406365	0.416841	0.416298	0.417391	0.417752	0.417971	0.419348	0.412742	0.388468	0.388736	0.375716	0.380303	0.380064	0.387866	0.376715	0.366937	0.38183	0.372369	0.380115	0.381321	0.412577	0.407828	0.415102	0.405738	0.419062	0.408062	0.540917	0.520095	0.523332	0.524013	0.526315	0.523978	0.424427	0.423225	0.423533	0.435562	0.426243	0.441337	0.462918	0.463642	0.467835	0.466692	0.464322	0.471203	0.587032	0.546753	0.596727	0.587107	0.549171	0.543405	0.468029	0.468692	0.472486	0.480817	0.464716	0.48249	0.542148	0.543379	0.513333	0.543376	0.518666	0.524418	0.514664	0.512037	0.503335	0.532767	0.512312	0.510151	0.485231	0.480286	0.460961	0.482595	0.483451	0.461395
ERR617182	0.327005	0.279532	0	0.29269	0.306738	0.293037	0.375879	0.366155	0.367349	0.377214	0.365836	0.36151	0.436307	0.435928	0.454523	0.461169	0.453233	0.441201	0.405368	0.418128	0.40791	0.411094	0.409308	0.420256	0.418932	0.420006	0.420471	0.420797	0.422352	0.415424	0.391076	0.391658	0.378262	0.383193	0.382994	0.390536	0.379292	0.368672	0.384299	0.374684	0.382803	0.384028	0.415028	0.410342	0.418001	0.407794	0.420741	0.41054	0.543134	0.522126	0.525486	0.525967	0.528002	0.526025	0.426581	0.425163	0.425721	0.437189	0.428259	0.44298	0.4647	0.465292	0.469592	0.468366	0.466119	0.473373	0.585766	0.547444	0.595635	0.585554	0.549951	0.544079	0.469158	0.469922	0.473973	0.482222	0.466122	0.484006	0.54443	0.545628	0.515661	0.545612	0.520871	0.526839	0.517844	0.515344	0.506148	0.534411	0.515401	0.513154	0.488291	0.48024	0.462956	0.485699	0.486486	0.463198
ERR617181	0.316956	0.293109	0.29269	0	0.295958	0.288397	0.398026	0.376969	0.375909	0.370907	0.382556	0.371525	0.4476	0.446927	0.468454	0.462643	0.46562	0.45784	0.423173	0.443975	0.422185	0.436388	0.434361	0.447029	0.440194	0.441491	0.450572	0.443001	0.451411	0.440329	0.409063	0.408726	0.396537	0.409603	0.410478	0.409031	0.399455	0.384635	0.406406	0.396209	0.403293	0.405497	0.429566	0.429358	0.436919	0.425452	0.431146	0.430653	0.555517	0.538625	0.541234	0.540997	0.54232	0.541786	0.443777	0.442885	0.443209	0.446593	0.44505	0.451495	0.474879	0.480679	0.486463	0.485001	0.480658	0.491683	0.590142	0.563595	0.605375	0.590527	0.567059	0.559645	0.483349	0.484109	0.491571	0.502563	0.479373	0.504834	0.55495	0.555772	0.533766	0.555761	0.536684	0.541977	0.539015	0.535395	0.521883	0.535869	0.536888	0.533602	0.508302	0.472828	0.4766	0.50513	0.506789	0.476595
ERR617179	0.30501	0.307061	0.306738	0.295958	0	0.295864	0.416531	0.395321	0.394436	0.375722	0.398638	0.385374	0.444746	0.44386	0.462506	0.45169	0.459394	0.454905	0.423895	0.44867	0.419936	0.442411	0.440061	0.451809	0.444386	0.445492	0.461477	0.447583	0.459804	0.448099	0.407873	0.407031	0.399695	0.417504	0.418896	0.408029	0.404295	0.388627	0.411108	0.40366	0.407331	0.409829	0.428744	0.433272	0.438807	0.428764	0.426068	0.434792	0.55195	0.542426	0.542574	0.543329	0.544744	0.54314	0.445173	0.444575	0.444942	0.443216	0.445695	0.446285	0.479314	0.490514	0.496857	0.495421	0.487856	0.500621	0.610075	0.581565	0.626504	0.610588	0.584946	0.577293	0.496211	0.497328	0.504007	0.516768	0.489298	0.51915	0.550205	0.55055	0.536508	0.550392	0.537952	0.540758	0.541044	0.536902	0.521385	0.523617	0.540634	0.53673	0.51357	0.47058	0.482535	0.510439	0.512938	0.482047
ERR617180	0.315424	0.293422	0.293037	0.288397	0.295864	0	0.398737	0.378633	0.377906	0.370656	0.383306	0.372399	0.445433	0.444447	0.465698	0.459596	0.462554	0.455158	0.420991	0.442235	0.419573	0.434907	0.432842	0.445304	0.438337	0.439561	0.449377	0.44109	0.449858	0.438995	0.406186	0.405912	0.394816	0.407926	0.409031	0.406154	0.398023	0.382912	0.404131	0.394826	0.400981	0.403254	0.426872	0.427321	0.43461	0.423507	0.428036	0.428466	0.553207	0.537083	0.539351	0.539326	0.540754	0.539986	0.441278	0.440314	0.440753	0.443741	0.442392	0.448545	0.473798	0.480362	0.486181	0.484605	0.479776	0.491111	0.594475	0.566442	0.60936	0.594697	0.569802	0.56239	0.483789	0.484559	0.491676	0.502704	0.479399	0.504982	0.552577	0.553404	0.53195	0.553202	0.534405	0.539615	0.5372	0.533678	0.520156	0.53203	0.535482	0.532244	0.507191	0.47143	0.475634	0.504201	0.505999	0.475255
ERR613347	0.435376	0.375065	0.375879	0.398026	0.416531	0.398737	0	0.283127	0.288143	0.342036	0.269423	0.284443	0.513462	0.513281	0.527897	0.549525	0.530303	0.510181	0.475785	0.470125	0.48358	0.465036	0.464314	0.469291	0.489935	0.490444	0.464745	0.488822	0.470272	0.475718	0.465798	0.467161	0.451147	0.439594	0.437008	0.464379	0.442227	0.438266	0.445091	0.433999	0.446225	0.445597	0.491222	0.478102	0.486264	0.478734	0.502948	0.476805	0.584801	0.552022	0.557818	0.56028	0.564315	0.558488	0.504618	0.502382	0.503062	0.526281	0.506976	0.532307	0.457617	0.445508	0.446993	0.446651	0.451133	0.451106	0.568066	0.514111	0.569155	0.5673	0.515369	0.512327	0.448655	0.448516	0.449343	0.451635	0.450282	0.452888	0.590743	0.592818	0.541663	0.593268	0.554884	0.562606	0.517554	0.517907	0.518716	0.57501	0.512312	0.51267	0.49273	0.519117	0.476103	0.491402	0.489619	0.478183
ERR613351	0.418152	0.366176	0.366155	0.376969	0.395321	0.378633	0.283127	0	0.269594	0.308042	0.276114	0.275665	0.518584	0.517863	0.538439	0.546309	0.53895	0.52192	0.486498	0.491856	0.491393	0.484525	0.483185	0.49269	0.504976	0.505812	0.490724	0.505351	0.495708	0.494472	0.476687	0.477409	0.460256	0.457529	0.45581	0.475652	0.454488	0.443836	0.459589	0.445776	0.459125	0.459693	0.500027	0.489889	0.499858	0.48873	0.507768	0.489665	0.596285	0.564891	0.570995	0.571763	0.574515	0.571844	0.514645	0.512636	0.513405	0.529648	0.51689	0.535625	0.46218	0.454934	0.459212	0.458101	0.461433	0.467331	0.553921	0.521907	0.563645	0.554033	0.525156	0.518991	0.455055	0.454836	0.462555	0.468581	0.456503	0.470789	0.6005	0.602276	0.558395	0.602516	0.568334	0.576631	0.541969	0.540628	0.533895	0.574205	0.536874	0.535164	0.514195	0.502087	0.48444	0.51173	0.511049	0.486099
ERR613350	0.417504	0.367484	0.367349	0.375909	0.394436	0.377906	0.288143	0.269594	0	0.304435	0.279531	0.277204	0.522346	0.521449	0.542886	0.548748	0.543102	0.526551	0.490455	0.497438	0.494999	0.489811	0.488469	0.498403	0.509564	0.510471	0.496568	0.510231	0.501585	0.499634	0.481128	0.481681	0.46429	0.462788	0.461397	0.48007	0.45856	0.44726	0.464065	0.45015	0.463325	0.464077	0.503442	0.493942	0.504147	0.49242	0.510756	0.493934	0.600325	0.569173	0.575316	0.575845	0.57855	0.576088	0.518743	0.516771	0.517591	0.532601	0.520916	0.538767	0.465292	0.45857	0.463347	0.462246	0.465182	0.472035	0.554016	0.525643	0.564705	0.554189	0.529307	0.522721	0.458034	0.458122	0.466629	0.473221	0.459829	0.475482	0.604435	0.606202	0.563338	0.606254	0.572725	0.580982	0.548045	0.546439	0.538764	0.576889	0.543119	0.541286	0.519815	0.501954	0.488443	0.517346	0.516692	0.490118
ERR613352	0.390602	0.378215	0.377214	0.370907	0.375722	0.370656	0.342036	0.308042	0.304435	0	0.320508	0.301342	0.518537	0.517002	0.53909	0.527417	0.536592	0.528582	0.494835	0.515089	0.493129	0.508533	0.506885	0.517405	0.521738	0.522664	0.526786	0.523873	0.527292	0.519726	0.481263	0.48046	0.470406	0.48285	0.48337	0.481211	0.470351	0.453856	0.477018	0.466825	0.474006	0.476053	0.503988	0.504674	0.512788	0.501078	0.503886	0.505826	0.600376	0.583166	0.584954	0.58635	0.588143	0.585706	0.523232	0.52187	0.522472	0.52556	0.524345	0.529272	0.475315	0.482684	0.489863	0.488176	0.483318	0.498157	0.58952	0.570557	0.609061	0.590569	0.575105	0.566398	0.485169	0.486312	0.496779	0.509541	0.481711	0.512494	0.600374	0.601438	0.577083	0.600955	0.581466	0.586517	0.567112	0.563524	0.547862	0.553482	0.565303	0.561361	0.539128	0.481312	0.500881	0.536148	0.537978	0.500999
ERR613349	0.415868	0.364987	0.365836	0.382556	0.398638	0.383306	0.269423	0.276114	0.279531	0.320508	0	0.27381	0.504915	0.504575	0.520231	0.536419	0.522086	0.504052	0.469573	0.469922	0.47532	0.464753	0.463592	0.469705	0.48813	0.488692	0.470779	0.487934	0.474474	0.476858	0.458676	0.459499	0.444442	0.438629	0.436929	0.457444	0.438175	0.431475	0.442356	0.431493	0.442349	0.442408	0.484823	0.474754	0.482452	0.474305	0.493919	0.473793	0.578816	0.55024	0.554523	0.557176	0.560856	0.555318	0.499502	0.497393	0.498065	0.51771	0.501462	0.523	0.450333	0.443766	0.446678	0.44591	0.447632	0.451131	0.568058	0.520316	0.574226	0.567905	0.52236	0.517725	0.447468	0.447521	0.45046	0.456321	0.447137	0.458125	0.583521	0.585313	0.539819	0.585609	0.551577	0.558414	0.517794	0.517262	0.514112	0.561177	0.513506	0.512619	0.49244	0.503275	0.471044	0.490565	0.490001	0.472895
ERR613348	0.403188	0.361015	0.36151	0.371525	0.385374	0.372399	0.284443	0.275665	0.277204	0.301342	0.27381	0	0.50524	0.504547	0.522348	0.530373	0.522802	0.50769	0.47282	0.480105	0.476354	0.473852	0.472681	0.480689	0.494443	0.495059	0.484701	0.495022	0.487589	0.486427	0.461461	0.461745	0.447811	0.447913	0.446996	0.460477	0.443025	0.433187	0.448259	0.43703	0.447172	0.447851	0.48662	0.480037	0.487813	0.478467	0.492739	0.479887	0.582502	0.556736	0.560634	0.562587	0.565642	0.56147	0.502727	0.500921	0.501512	0.516176	0.504404	0.521298	0.452594	0.450688	0.455303	0.454304	0.453762	0.461293	0.571077	0.532718	0.581621	0.571011	0.535646	0.529518	0.4543	0.454508	0.460286	0.468732	0.452716	0.47104	0.585931	0.587546	0.547942	0.587783	0.557296	0.563629	0.53029	0.528529	0.520867	0.555042	0.526485	0.524542	0.504067	0.491467	0.475725	0.501557	0.501735	0.476845
ERR613620	0.444156	0.434535	0.436307	0.4476	0.444746	0.445433	0.513462	0.518584	0.522346	0.518537	0.504915	0.50524	0	0.243038	0.251229	0.275881	0.247666	0.250227	0.325703	0.341454	0.324371	0.337037	0.336064	0.343943	0.333483	0.333976	0.375774	0.336915	0.368129	0.347023	0.31729	0.31612	0.317195	0.331633	0.334281	0.316794	0.35245	0.355195	0.354273	0.357661	0.351749	0.353085	0.335909	0.340889	0.33889	0.340131	0.336391	0.343325	0.401408	0.410451	0.406966	0.405679	0.404889	0.406853	0.300217	0.300983	0.300572	0.299318	0.298558	0.298676	0.515515	0.524721	0.526835	0.525046	0.517949	0.519757	0.668429	0.587146	0.674882	0.66808	0.588465	0.584145	0.554366	0.555267	0.550633	0.558862	0.545206	0.558806	0.395245	0.39499	0.412195	0.394724	0.401249	0.401327	0.433323	0.426791	0.412904	0.439679	0.435737	0.430751	0.455128	0.498549	0.455113	0.45413	0.457411	0.454104
ERR613621	0.443378	0.433923	0.435928	0.446927	0.44386	0.444447	0.513281	0.517863	0.521449	0.517002	0.504575	0.504547	0.243038	0	0.252372	0.274648	0.248275	0.251651	0.326417	0.342739	0.324833	0.338498	0.337414	0.34533	0.334287	0.334679	0.376487	0.337552	0.368903	0.347908	0.317846	0.317026	0.318074	0.332824	0.335594	0.317221	0.352859	0.355427	0.35491	0.358295	0.352079	0.353605	0.336476	0.341559	0.33976	0.340779	0.336862	0.343982	0.402447	0.411385	0.407732	0.406567	0.405655	0.407696	0.300982	0.301636	0.3014	0.299545	0.299549	0.298719	0.515778	0.525046	0.527083	0.525434	0.518293	0.5203	0.668184	0.587704	0.674892	0.66783	0.589111	0.584765	0.554435	0.555513	0.550989	0.559391	0.545351	0.559258	0.395863	0.395742	0.41317	0.395163	0.401959	0.402138	0.434718	0.42814	0.413966	0.438993	0.437164	0.432293	0.45627	0.497701	0.455491	0.455179	0.458469	0.454665
ERR613618	0.45671	0.451895	0.454523	0.468454	0.462506	0.465698	0.527897	0.538439	0.542886	0.53909	0.520231	0.522348	0.251229	0.252372	0	0.287216	0.243614	0.242488	0.327624	0.336159	0.32635	0.335059	0.334591	0.337388	0.335356	0.334799	0.374909	0.337268	0.364979	0.348617	0.31966	0.31881	0.324207	0.335315	0.337497	0.318543	0.359777	0.366875	0.360445	0.367567	0.35806	0.359003	0.340695	0.346731	0.340288	0.346973	0.34166	0.348117	0.39361	0.409198	0.402907	0.403913	0.404328	0.402705	0.301458	0.302573	0.301639	0.306181	0.299355	0.303799	0.522134	0.533187	0.53408	0.532596	0.524241	0.524697	0.690869	0.602912	0.695606	0.690296	0.603186	0.600105	0.564767	0.565953	0.558429	0.566832	0.553711	0.566604	0.388064	0.387648	0.407269	0.387512	0.397535	0.394072	0.424615	0.418769	0.409454	0.440301	0.429374	0.425169	0.453218	0.513961	0.461819	0.452726	0.456515	0.460767
ERR613622	0.445038	0.460168	0.461169	0.462643	0.45169	0.459596	0.549525	0.546309	0.548748	0.527417	0.536419	0.530373	0.275881	0.274648	0.287216	0	0.278353	0.296545	0.360769	0.392566	0.351418	0.387534	0.385926	0.39662	0.378703	0.379135	0.432811	0.383918	0.423813	0.398948	0.352785	0.350223	0.356592	0.384728	0.388713	0.353309	0.390542	0.385874	0.394663	0.398045	0.389659	0.392597	0.36597	0.381546	0.379453	0.378011	0.354611	0.385177	0.428242	0.449082	0.443281	0.441448	0.439219	0.443186	0.343454	0.344961	0.344417	0.32219	0.34105	0.318489	0.538213	0.554725	0.558332	0.556438	0.546062	0.552819	0.688668	0.621414	0.700542	0.688507	0.62405	0.617494	0.583468	0.584866	0.582738	0.59418	0.572365	0.594539	0.417236	0.415878	0.453033	0.414792	0.437819	0.435378	0.475659	0.467483	0.443704	0.425139	0.480153	0.473192	0.493993	0.493641	0.483124	0.492052	0.496836	0.481599
ERR613619	0.454559	0.451023	0.453233	0.46562	0.459394	0.462554	0.530303	0.53895	0.543102	0.536592	0.522086	0.522802	0.247666	0.248275	0.243614	0.278353	0	0.246645	0.327982	0.340979	0.326013	0.338992	0.338437	0.342933	0.33533	0.335193	0.378944	0.33821	0.369289	0.350286	0.318209	0.317098	0.323427	0.337546	0.340094	0.317656	0.359206	0.364702	0.360001	0.366986	0.357372	0.358515	0.338371	0.345751	0.340272	0.345613	0.337887	0.34759	0.395794	0.411723	0.405783	0.406288	0.405917	0.40577	0.30047	0.301445	0.300499	0.300742	0.298298	0.298504	0.524233	0.535747	0.536908	0.535584	0.526773	0.528202	0.692255	0.605768	0.697647	0.691741	0.606279	0.602732	0.567009	0.568263	0.561457	0.570077	0.556282	0.569879	0.389233	0.388907	0.410758	0.388571	0.399541	0.397028	0.43147	0.425223	0.413619	0.436741	0.435276	0.430892	0.457273	0.509356	0.462633	0.456512	0.460325	0.461414
ERR613617	0.453106	0.438478	0.441201	0.45784	0.454905	0.455158	0.510181	0.52192	0.526551	0.528582	0.504052	0.50769	0.250227	0.251651	0.242488	0.296545	0.246645	0	0.321429	0.32566	0.323033	0.323607	0.323036	0.326337	0.326411	0.326103	0.35976	0.327871	0.351148	0.336613	0.314227	0.313658	0.315848	0.321927	0.323634	0.312863	0.349743	0.357882	0.350211	0.355692	0.348485	0.349032	0.336341	0.338296	0.332966	0.339223	0.340483	0.339126	0.393159	0.401565	0.397296	0.397836	0.39841	0.397091	0.295174	0.295776	0.295313	0.305817	0.293845	0.305644	0.512429	0.520436	0.521044	0.519631	0.512884	0.51187	0.676264	0.587494	0.679912	0.675609	0.587691	0.584931	0.551481	0.552324	0.544963	0.552195	0.541628	0.551894	0.389716	0.389615	0.399504	0.389794	0.391651	0.390142	0.41641	0.411291	0.404591	0.446457	0.419766	0.416391	0.443816	0.510744	0.452774	0.443632	0.446551	0.452189
ERR636976	0.425015	0.402818	0.405368	0.423173	0.423895	0.420991	0.475785	0.486498	0.490455	0.494835	0.469573	0.47282	0.325703	0.326417	0.327624	0.360769	0.327982	0.321429	0	0.26094	0.252555	0.258401	0.257063	0.263626	0.305277	0.305094	0.334211	0.307057	0.327478	0.3128	0.308718	0.308565	0.308313	0.315447	0.316959	0.307752	0.306553	0.312004	0.307008	0.311738	0.305704	0.306347	0.319985	0.320383	0.319272	0.320674	0.32691	0.320711	0.437644	0.437421	0.43503	0.436401	0.43789	0.435042	0.30824	0.307794	0.30741	0.318658	0.308223	0.319544	0.505736	0.509726	0.510512	0.509372	0.503788	0.503577	0.670617	0.589727	0.673061	0.669703	0.589597	0.58737	0.53707	0.538199	0.530692	0.537441	0.528838	0.53724	0.433866	0.434199	0.430886	0.434254	0.4283	0.428783	0.453153	0.448929	0.443638	0.484108	0.454516	0.452107	0.452418	0.51441	0.457676	0.451838	0.453988	0.456964
ERR636978	0.450995	0.414873	0.418128	0.443975	0.44867	0.442235	0.470125	0.491856	0.497438	0.515089	0.469922	0.480105	0.341454	0.342739	0.336159	0.392566	0.340979	0.32566	0.26094	0	0.272815	0.245898	0.24601	0.242447	0.302277	0.301431	0.308307	0.30093	0.302992	0.30025	0.3179	0.319455	0.316418	0.307119	0.30617	0.315986	0.310156	0.324446	0.307733	0.313395	0.309371	0.307436	0.331662	0.323252	0.320865	0.326839	0.345902	0.321694	0.438845	0.432406	0.431037	0.433754	0.436732	0.430851	0.312654	0.311375	0.311004	0.338819	0.313231	0.340842	0.508953	0.507258	0.506004	0.505206	0.502476	0.496777	0.674765	0.583245	0.67195	0.673666	0.581566	0.581765	0.535192	0.535866	0.524893	0.528111	0.528193	0.527503	0.439032	0.440242	0.422441	0.440844	0.424892	0.426024	0.439097	0.437578	0.442512	0.505351	0.439433	0.43971	0.442842	0.537289	0.460477	0.443326	0.443998	0.460587
ERR636974	0.418739	0.405499	0.40791	0.422185	0.419936	0.419573	0.48358	0.491393	0.494999	0.493129	0.47532	0.476354	0.324371	0.324833	0.32635	0.351418	0.326013	0.323033	0.252555	0.272815	0	0.26833	0.26688	0.276109	0.312125	0.312404	0.347538	0.315008	0.33961	0.322892	0.309983	0.309799	0.311144	0.324136	0.326067	0.309956	0.311196	0.313778	0.312701	0.317865	0.310751	0.311738	0.320465	0.325131	0.32336	0.324383	0.323615	0.325906	0.438626	0.442387	0.438854	0.440224	0.441502	0.438903	0.311265	0.311373	0.310943	0.315697	0.310576	0.315575	0.507701	0.514665	0.516094	0.514895	0.507781	0.509048	0.67701	0.599225	0.681211	0.676373	0.599488	0.596603	0.542555	0.543931	0.53715	0.545068	0.53352	0.545326	0.433175	0.433227	0.435903	0.433009	0.431828	0.431316	0.459151	0.454298	0.446337	0.477533	0.461176	0.458212	0.458161	0.510343	0.460657	0.457483	0.460255	0.459808
ERR636975	0.447653	0.408126	0.411094	0.436388	0.442411	0.434907	0.465036	0.484525	0.489811	0.508533	0.464753	0.473852	0.337037	0.338498	0.335059	0.387534	0.338992	0.323607	0.258401	0.245898	0.26833	0	0.242087	0.245694	0.300102	0.299593	0.308034	0.299232	0.304037	0.298505	0.315754	0.317286	0.31204	0.303116	0.302573	0.314209	0.306905	0.319028	0.305012	0.308275	0.3062	0.304858	0.327828	0.319091	0.317547	0.322226	0.341975	0.318271	0.438279	0.4288	0.429226	0.430385	0.432815	0.429082	0.30865	0.307547	0.307182	0.3328	0.309088	0.336286	0.50551	0.503345	0.502477	0.501636	0.499217	0.493761	0.665359	0.576169	0.662834	0.664041	0.575069	0.574758	0.530511	0.531417	0.521623	0.524482	0.52423	0.523896	0.438773	0.439904	0.421351	0.440374	0.422794	0.424854	0.439595	0.437458	0.440601	0.502628	0.439418	0.438846	0.442584	0.530279	0.455993	0.443041	0.44353	0.456294
ERR636973	0.445503	0.406365	0.409308	0.434361	0.440061	0.432842	0.464314	0.483185	0.488469	0.506885	0.463592	0.472681	0.336064	0.337414	0.334591	0.385926	0.338437	0.323036	0.257063	0.24601	0.26688	0.242087	0	0.245843	0.300029	0.300096	0.309233	0.299397	0.305294	0.298934	0.315267	0.316498	0.311026	0.302993	0.302137	0.313235	0.305919	0.317994	0.304465	0.30752	0.305739	0.304491	0.327609	0.319073	0.317614	0.32226	0.341216	0.318152	0.438908	0.429454	0.429825	0.430854	0.433324	0.42978	0.308534	0.307369	0.30725	0.332027	0.308903	0.335464	0.504792	0.502939	0.501984	0.501202	0.498813	0.493522	0.663821	0.575368	0.661578	0.662568	0.574294	0.573876	0.52993	0.530564	0.521276	0.524244	0.523574	0.523756	0.439	0.44005	0.422025	0.440507	0.423355	0.425581	0.440025	0.437736	0.440616	0.501662	0.439762	0.43932	0.442912	0.529017	0.455692	0.4433	0.443747	0.455986
ERR636977	0.453854	0.416841	0.420256	0.447029	0.451809	0.445304	0.469291	0.49269	0.498403	0.517405	0.469705	0.480689	0.343943	0.34533	0.337388	0.39662	0.342933	0.326337	0.263626	0.242447	0.276109	0.245694	0.245843	0	0.303437	0.302167	0.306063	0.301243	0.300649	0.300039	0.319834	0.321357	0.318183	0.306927	0.305687	0.317901	0.311655	0.326862	0.309176	0.315229	0.310742	0.308777	0.334186	0.325043	0.32226	0.328973	0.349347	0.323334	0.439419	0.432535	0.431241	0.434193	0.437579	0.431018	0.314006	0.313145	0.312662	0.342476	0.314942	0.344644	0.509406	0.507258	0.505615	0.504937	0.50239	0.49607	0.676503	0.583513	0.673082	0.675372	0.581646	0.582224	0.535331	0.536017	0.524416	0.527181	0.528361	0.526633	0.440052	0.441211	0.421689	0.442012	0.424877	0.425849	0.437003	0.435926	0.442439	0.507848	0.43757	0.438176	0.441882	0.540435	0.461472	0.44256	0.443155	0.461527
ERR636863	0.448372	0.416298	0.418932	0.440194	0.444386	0.438337	0.489935	0.504976	0.509564	0.521738	0.48813	0.494443	0.333483	0.334287	0.335356	0.378703	0.33533	0.326411	0.305277	0.302277	0.312125	0.300102	0.300029	0.303437	0	0.243841	0.268291	0.244092	0.262992	0.248539	0.307884	0.309185	0.306554	0.304104	0.304447	0.307776	0.295026	0.305049	0.292232	0.297302	0.293142	0.292269	0.308598	0.301817	0.301575	0.303768	0.320825	0.301801	0.453843	0.448127	0.447941	0.448653	0.449996	0.44791	0.298573	0.298457	0.297653	0.316796	0.300172	0.319277	0.541139	0.539147	0.538091	0.537318	0.535228	0.530514	0.694381	0.604878	0.691491	0.69333	0.603791	0.603615	0.563081	0.563867	0.554677	0.557257	0.557211	0.556582	0.451018	0.452143	0.441705	0.452703	0.439872	0.442208	0.470532	0.468368	0.470531	0.525606	0.470131	0.469683	0.468136	0.5509	0.481219	0.468264	0.468995	0.481205
ERR636864	0.448877	0.417391	0.420006	0.441491	0.445492	0.439561	0.490444	0.505812	0.510471	0.522664	0.488692	0.495059	0.333976	0.334679	0.334799	0.379135	0.335193	0.326103	0.305094	0.301431	0.312404	0.299593	0.300096	0.302167	0.243841	0	0.267326	0.243788	0.261733	0.248269	0.307704	0.309047	0.306774	0.30397	0.304383	0.307578	0.295318	0.305676	0.292409	0.29809	0.293207	0.292425	0.308073	0.301535	0.300767	0.303652	0.320636	0.301231	0.45305	0.447679	0.447291	0.448354	0.449827	0.447266	0.298953	0.298615	0.297859	0.317507	0.300217	0.320185	0.540854	0.539029	0.537939	0.537018	0.534865	0.530075	0.695836	0.605808	0.692885	0.694768	0.604666	0.604514	0.563104	0.563867	0.554518	0.557161	0.557055	0.556425	0.450355	0.451295	0.440879	0.451923	0.439345	0.441403	0.469345	0.467333	0.469827	0.525102	0.469091	0.468779	0.467373	0.551365	0.481144	0.467592	0.468415	0.481239
ERR636860	0.469957	0.417752	0.420471	0.450572	0.461477	0.449377	0.464745	0.490724	0.496568	0.526786	0.470779	0.484701	0.375774	0.376487	0.374909	0.432811	0.378944	0.35976	0.334211	0.308307	0.347538	0.308034	0.309233	0.306063	0.268291	0.267326	0	0.263292	0.244746	0.25204	0.339262	0.341963	0.333084	0.310981	0.308619	0.338342	0.311433	0.327218	0.306672	0.30844	0.310571	0.30738	0.341624	0.323473	0.324894	0.328613	0.361505	0.321503	0.480105	0.461354	0.464319	0.466116	0.469419	0.464268	0.332529	0.331328	0.330671	0.366503	0.335264	0.371323	0.540377	0.53013	0.527076	0.526686	0.529394	0.51907	0.681112	0.586073	0.67188	0.679428	0.583726	0.586219	0.550955	0.550774	0.539603	0.537223	0.548205	0.536093	0.482644	0.484718	0.451843	0.485708	0.457701	0.462075	0.470172	0.471133	0.483323	0.558992	0.467436	0.470156	0.467817	0.573214	0.488299	0.468871	0.467396	0.489242
ERR636862	0.451529	0.417971	0.420797	0.443001	0.447583	0.44109	0.488822	0.505351	0.510231	0.523873	0.487934	0.495022	0.336915	0.337552	0.337268	0.383918	0.33821	0.327871	0.307057	0.30093	0.315008	0.299232	0.299397	0.301243	0.244092	0.243788	0.263292	0	0.258531	0.246604	0.309994	0.311431	0.308605	0.303605	0.303943	0.309829	0.296056	0.306992	0.292748	0.29823	0.293728	0.292844	0.310169	0.302396	0.301693	0.304867	0.323731	0.301992	0.454475	0.447781	0.447839	0.448842	0.450448	0.447776	0.300095	0.300081	0.29925	0.320952	0.301901	0.323523	0.541459	0.538847	0.537571	0.536831	0.534997	0.529726	0.695875	0.605256	0.69229	0.694681	0.604019	0.604225	0.563054	0.563662	0.554034	0.556234	0.557334	0.555599	0.452162	0.453298	0.440874	0.454026	0.439855	0.442176	0.46919	0.467467	0.471141	0.528378	0.468617	0.468723	0.467368	0.554079	0.482291	0.467746	0.468311	0.482239
ERR636861	0.465505	0.419348	0.422352	0.451411	0.459804	0.449858	0.470272	0.495708	0.501585	0.527292	0.474474	0.487589	0.368129	0.368903	0.364979	0.423813	0.369289	0.351148	0.327478	0.302992	0.33961	0.304037	0.305294	0.300649	0.262992	0.261733	0.244746	0.258531	0	0.249498	0.331595	0.334184	0.328002	0.308801	0.306907	0.331002	0.30693	0.323316	0.302565	0.30715	0.306115	0.302989	0.335669	0.320117	0.319881	0.324685	0.354521	0.317792	0.472873	0.458769	0.459821	0.462553	0.466101	0.459719	0.325919	0.325208	0.324436	0.359175	0.32838	0.362694	0.539727	0.531783	0.528843	0.528439	0.529658	0.520304	0.690166	0.59442	0.682399	0.688737	0.592037	0.594159	0.554214	0.554273	0.542393	0.541471	0.550191	0.540521	0.474589	0.476434	0.447587	0.477379	0.452949	0.455955	0.466704	0.467342	0.479023	0.551771	0.464801	0.467263	0.465136	0.571082	0.487162	0.466304	0.465375	0.487842
ERR636859	0.454457	0.412742	0.415424	0.440329	0.448099	0.438995	0.475718	0.494472	0.499634	0.519726	0.476858	0.486427	0.347023	0.347908	0.348617	0.398948	0.350286	0.336613	0.3128	0.30025	0.322892	0.298505	0.298934	0.300039	0.248539	0.248269	0.25204	0.246604	0.249498	0	0.316627	0.318553	0.312373	0.301379	0.300683	0.316139	0.296673	0.308828	0.293293	0.296707	0.295546	0.293683	0.317885	0.30551	0.306513	0.308809	0.334425	0.304698	0.461911	0.450189	0.451506	0.452426	0.454524	0.45139	0.307606	0.307043	0.30622	0.333336	0.309536	0.337029	0.538269	0.532468	0.530668	0.529963	0.529971	0.523229	0.68574	0.594454	0.680529	0.6845	0.592987	0.593778	0.55495	0.555373	0.545597	0.546213	0.550593	0.545482	0.461182	0.462625	0.442557	0.463223	0.443924	0.447424	0.468318	0.467237	0.473475	0.537786	0.466682	0.467487	0.464935	0.556938	0.480643	0.465559	0.465326	0.48116
ERR630005	0.406879	0.388468	0.391076	0.409063	0.407873	0.406186	0.465798	0.476687	0.481128	0.481263	0.458676	0.461461	0.31729	0.317846	0.31966	0.352785	0.318209	0.314227	0.308718	0.3179	0.309983	0.315754	0.315267	0.319834	0.307884	0.307704	0.339262	0.309994	0.331595	0.316627	0	0.249282	0.25206	0.262871	0.265584	0.249055	0.317861	0.322364	0.31789	0.323586	0.316297	0.317178	0.31072	0.312401	0.311195	0.312697	0.317195	0.31301	0.419408	0.422939	0.419164	0.42103	0.422223	0.419208	0.281951	0.28156	0.281561	0.290504	0.282121	0.29085	0.492183	0.498435	0.499517	0.498327	0.491568	0.492765	0.674834	0.589932	0.677857	0.674179	0.589814	0.586993	0.526763	0.528205	0.521044	0.528621	0.517556	0.528658	0.413576	0.414184	0.414444	0.414094	0.410363	0.41057	0.439039	0.434698	0.427267	0.462973	0.44049	0.437586	0.437013	0.494761	0.440584	0.436418	0.439122	0.439854
ERR630004	0.405987	0.388736	0.391658	0.408726	0.407031	0.405912	0.467161	0.477409	0.481681	0.48046	0.459499	0.461745	0.31612	0.317026	0.31881	0.350223	0.317098	0.313658	0.308565	0.319455	0.309799	0.317286	0.316498	0.321357	0.309185	0.309047	0.341963	0.311431	0.334184	0.318553	0.249282	0	0.252794	0.265047	0.267683	0.249425	0.318641	0.322918	0.319139	0.324573	0.317134	0.318274	0.310576	0.313106	0.311801	0.313285	0.316355	0.313667	0.419418	0.423702	0.419969	0.421598	0.422565	0.420025	0.282452	0.282082	0.282125	0.289667	0.282697	0.289753	0.492559	0.499425	0.5007	0.499595	0.492496	0.493989	0.675307	0.590925	0.67864	0.674686	0.591012	0.588145	0.528139	0.529595	0.522638	0.530315	0.518663	0.530399	0.413536	0.413944	0.415546	0.413994	0.411124	0.411167	0.440072	0.435477	0.427263	0.46107	0.441865	0.438567	0.438605	0.493666	0.441404	0.43789	0.440664	0.4406
ERR630001	0.403652	0.375716	0.378262	0.396537	0.399695	0.394816	0.451147	0.460256	0.46429	0.470406	0.444442	0.447811	0.317195	0.318074	0.324207	0.356592	0.323427	0.315848	0.308313	0.316418	0.311144	0.31204	0.311026	0.318183	0.306554	0.306774	0.333084	0.308605	0.328002	0.312373	0.25206	0.252794	0	0.255132	0.256998	0.251617	0.31332	0.316498	0.314438	0.316218	0.313371	0.313833	0.311037	0.308684	0.310132	0.309135	0.318999	0.309332	0.422522	0.419324	0.417944	0.418265	0.419182	0.417999	0.281717	0.281145	0.281473	0.292723	0.282591	0.294252	0.484713	0.48817	0.489418	0.488122	0.483388	0.483794	0.655326	0.572928	0.658222	0.654698	0.573182	0.57019	0.515238	0.516555	0.510861	0.517429	0.507651	0.517474	0.418239	0.419047	0.412841	0.419033	0.409775	0.411939	0.437111	0.43277	0.425099	0.46778	0.437326	0.434056	0.433969	0.489428	0.434038	0.433023	0.434892	0.434019
ERR630002	0.425105	0.380303	0.383193	0.409603	0.417504	0.407926	0.439594	0.457529	0.462788	0.48285	0.438629	0.447913	0.331633	0.332824	0.335315	0.384728	0.337546	0.321927	0.315447	0.307119	0.324136	0.303116	0.302993	0.306927	0.304104	0.30397	0.310981	0.303605	0.308801	0.301379	0.262871	0.265047	0.255132	0	0.242523	0.261602	0.315011	0.324114	0.313589	0.314643	0.315032	0.313971	0.320968	0.309977	0.311234	0.313142	0.335818	0.30932	0.426833	0.413919	0.415224	0.415786	0.417784	0.415351	0.286012	0.284734	0.285218	0.311192	0.28744	0.315638	0.485726	0.482612	0.482228	0.481348	0.479778	0.47557	0.651417	0.561169	0.649796	0.650409	0.560679	0.559403	0.509144	0.509987	0.50219	0.505291	0.503477	0.50477	0.426326	0.42779	0.406232	0.428423	0.40733	0.411247	0.427317	0.425029	0.42567	0.488105	0.425823	0.424822	0.426857	0.507025	0.434837	0.426967	0.427167	0.435393
ERR630000	0.42675	0.380064	0.382994	0.410478	0.418896	0.409031	0.437008	0.45581	0.461397	0.48337	0.436929	0.446996	0.334281	0.335594	0.337497	0.388713	0.340094	0.323634	0.316959	0.30617	0.326067	0.302573	0.302137	0.305687	0.304447	0.304383	0.308619	0.303943	0.306907	0.300683	0.265584	0.267683	0.256998	0.242523	0	0.26389	0.315402	0.325108	0.31405	0.314653	0.315463	0.314254	0.323736	0.311741	0.312821	0.314854	0.339282	0.310656	0.428525	0.414532	0.416172	0.41672	0.418924	0.416258	0.288558	0.287336	0.287706	0.315589	0.290241	0.320004	0.48546	0.481492	0.480863	0.479989	0.478871	0.473948	0.649968	0.559002	0.647802	0.649071	0.558174	0.557292	0.507812	0.508568	0.500509	0.503128	0.502394	0.5026	0.42851	0.42999	0.406546	0.43059	0.408292	0.412575	0.426005	0.424083	0.425837	0.491269	0.424505	0.423653	0.42624	0.509559	0.435151	0.426213	0.426208	0.435915
ERR630003	0.407727	0.387866	0.390536	0.409031	0.408029	0.406154	0.464379	0.475652	0.48007	0.481211	0.457444	0.460477	0.316794	0.317221	0.318543	0.353309	0.317656	0.312863	0.307752	0.315986	0.309956	0.314209	0.313235	0.317901	0.307776	0.307578	0.338342	0.309829	0.331002	0.316139	0.249055	0.249425	0.251617	0.261602	0.26389	0	0.317394	0.322585	0.317587	0.323008	0.31627	0.316829	0.311367	0.312198	0.310857	0.312751	0.317731	0.312746	0.418426	0.421253	0.417684	0.419424	0.420555	0.417714	0.281804	0.281413	0.281409	0.291032	0.281961	0.291506	0.490688	0.496802	0.497802	0.496626	0.489957	0.490825	0.672561	0.587378	0.675489	0.671953	0.587284	0.584489	0.525434	0.526888	0.519594	0.526952	0.516083	0.527025	0.413127	0.413715	0.41297	0.413914	0.409112	0.409364	0.43686	0.432421	0.425043	0.462757	0.438345	0.435158	0.43553	0.494445	0.439155	0.434743	0.437298	0.438608
ERR636951	0.410054	0.376715	0.379292	0.399455	0.404295	0.398023	0.442227	0.454488	0.45856	0.470351	0.438175	0.443025	0.35245	0.352859	0.359777	0.390542	0.359206	0.349743	0.306553	0.310156	0.311196	0.306905	0.305919	0.311655	0.295026	0.295318	0.311433	0.296056	0.30693	0.296673	0.317861	0.318641	0.31332	0.315011	0.315402	0.317394	0	0.261877	0.257055	0.258282	0.257244	0.257189	0.320972	0.316074	0.31793	0.316624	0.331122	0.316045	0.4757	0.466531	0.466384	0.46829	0.470557	0.466655	0.333898	0.333638	0.33295	0.347637	0.334712	0.350275	0.509041	0.507859	0.507882	0.507072	0.504457	0.502025	0.66508	0.582953	0.665218	0.664119	0.582616	0.581071	0.530125	0.53089	0.523282	0.528002	0.523931	0.528106	0.473226	0.474498	0.456616	0.474709	0.458688	0.461128	0.472238	0.469894	0.468433	0.519023	0.471643	0.470642	0.463806	0.529001	0.468189	0.46315	0.464066	0.468572
ERR636949	0.396124	0.366937	0.368672	0.384635	0.388627	0.382912	0.438266	0.443836	0.44726	0.453856	0.431475	0.433187	0.355195	0.355427	0.366875	0.385874	0.364702	0.357882	0.312004	0.324446	0.313778	0.319028	0.317994	0.326862	0.305049	0.305676	0.327218	0.306992	0.323316	0.308828	0.322364	0.322918	0.316498	0.324114	0.325108	0.322585	0.261877	0	0.264386	0.262591	0.262953	0.263855	0.3239	0.322009	0.325429	0.320994	0.33082	0.322521	0.483241	0.474015	0.474195	0.475229	0.477035	0.474454	0.340575	0.340361	0.339607	0.348165	0.341029	0.351266	0.506178	0.506517	0.507808	0.506668	0.503415	0.503594	0.658123	0.582878	0.660634	0.65726	0.583287	0.580476	0.527141	0.52833	0.523065	0.528894	0.521455	0.529212	0.47976	0.480797	0.465496	0.480805	0.465837	0.469107	0.482985	0.480001	0.474742	0.516077	0.482215	0.480321	0.471432	0.518057	0.46849	0.470508	0.471887	0.468586
ERR636954	0.416771	0.38183	0.384299	0.406406	0.411108	0.404131	0.445091	0.459589	0.464065	0.477018	0.442356	0.448259	0.354273	0.35491	0.360445	0.394663	0.360001	0.350211	0.307008	0.307733	0.312701	0.305012	0.304465	0.309176	0.292232	0.292409	0.306672	0.292748	0.302565	0.293293	0.31789	0.319139	0.314438	0.313589	0.31405	0.317587	0.257055	0.264386	0	0.258575	0.255468	0.254774	0.320994	0.315242	0.316974	0.316345	0.332503	0.314707	0.475898	0.466065	0.46614	0.468143	0.470584	0.466338	0.333171	0.332737	0.331942	0.348371	0.334101	0.351493	0.511977	0.510044	0.50964	0.509028	0.50647	0.50353	0.670733	0.586117	0.669732	0.669623	0.585563	0.584378	0.532615	0.53351	0.52498	0.529092	0.526593	0.529011	0.473624	0.474966	0.455671	0.475109	0.457935	0.460576	0.471502	0.469464	0.469422	0.522101	0.470783	0.47031	0.46308	0.533795	0.46995	0.462841	0.463493	0.469999
ERR636950	0.413398	0.372369	0.374684	0.396209	0.40366	0.394826	0.433999	0.445776	0.45015	0.466825	0.431493	0.43703	0.357661	0.358295	0.367567	0.398045	0.366986	0.355692	0.311738	0.313395	0.317865	0.308275	0.30752	0.315229	0.297302	0.29809	0.30844	0.29823	0.30715	0.296707	0.323586	0.324573	0.316218	0.314643	0.314653	0.323008	0.258282	0.262591	0.258575	0	0.259269	0.258806	0.325084	0.317485	0.320872	0.318287	0.33658	0.317354	0.480828	0.466984	0.468708	0.469626	0.47154	0.46906	0.337782	0.337173	0.336632	0.352735	0.338997	0.35702	0.507556	0.503937	0.504026	0.503194	0.501949	0.498925	0.653832	0.572722	0.653	0.652656	0.572591	0.571016	0.524669	0.525393	0.51862	0.522026	0.519806	0.522008	0.479512	0.480945	0.458531	0.481154	0.461084	0.464967	0.473852	0.471813	0.470695	0.524945	0.472449	0.471476	0.464652	0.528634	0.466836	0.464039	0.46436	0.467502
ERR636953	0.412375	0.380115	0.382803	0.403293	0.407331	0.400981	0.446225	0.459125	0.463325	0.474006	0.442349	0.447172	0.351749	0.352079	0.35806	0.389659	0.357372	0.348485	0.305704	0.309371	0.310751	0.3062	0.305739	0.310742	0.293142	0.293207	0.310571	0.293728	0.306115	0.295546	0.316297	0.317134	0.313371	0.315032	0.315463	0.31627	0.257244	0.262953	0.255468	0.259269	0	0.255072	0.319217	0.315163	0.316561	0.315744	0.32957	0.314788	0.47397	0.465674	0.465295	0.467272	0.469551	0.46552	0.331945	0.331707	0.330858	0.345728	0.332929	0.348425	0.510527	0.509771	0.509767	0.508912	0.505851	0.50356	0.670809	0.587728	0.670646	0.669749	0.587301	0.585786	0.532704	0.533702	0.525743	0.530332	0.526372	0.530257	0.471464	0.472539	0.455507	0.472683	0.457211	0.459408	0.472226	0.469918	0.46865	0.517934	0.471764	0.471008	0.4637	0.529918	0.468983	0.463312	0.464357	0.468986
ERR636952	0.415199	0.381321	0.384028	0.405497	0.409829	0.403254	0.445597	0.459693	0.464077	0.476053	0.442408	0.447851	0.353085	0.353605	0.359003	0.392597	0.358515	0.349032	0.306347	0.307436	0.311738	0.304858	0.304491	0.308777	0.292269	0.292425	0.30738	0.292844	0.302989	0.293683	0.317178	0.318274	0.313833	0.313971	0.314254	0.316829	0.257189	0.263855	0.254774	0.258806	0.255072	0	0.320034	0.314949	0.316204	0.316047	0.330752	0.314468	0.474379	0.46521	0.46502	0.467197	0.469519	0.465316	0.332297	0.332035	0.331334	0.347452	0.333342	0.350235	0.511062	0.509634	0.509304	0.508557	0.505927	0.502977	0.670854	0.586307	0.670099	0.66979	0.58576	0.58447	0.532419	0.533416	0.524942	0.529143	0.526328	0.529011	0.472	0.473256	0.454563	0.47339	0.456779	0.459276	0.470623	0.468621	0.468316	0.520127	0.470162	0.469401	0.462665	0.532551	0.469251	0.462279	0.463153	0.469208
ERR618509	0.430311	0.412577	0.415028	0.429566	0.428744	0.426872	0.491222	0.500027	0.503442	0.503988	0.484823	0.48662	0.335909	0.336476	0.340695	0.36597	0.338371	0.336341	0.319985	0.331662	0.320465	0.327828	0.327609	0.334186	0.308598	0.308073	0.341624	0.310169	0.335669	0.317885	0.31072	0.310576	0.311037	0.320968	0.323736	0.311367	0.320972	0.3239	0.320994	0.325084	0.319217	0.320034	0	0.255162	0.254014	0.254459	0.25745	0.256579	0.442387	0.443459	0.4413	0.442222	0.44298	0.441249	0.314225	0.314374	0.31377	0.317386	0.313722	0.318837	0.517051	0.52128	0.522239	0.521186	0.515328	0.515331	0.687562	0.604962	0.68977	0.686811	0.604986	0.602526	0.549675	0.550904	0.54355	0.550119	0.541553	0.549884	0.437592	0.437878	0.437595	0.438062	0.433212	0.434503	0.464472	0.460471	0.454521	0.492825	0.465624	0.463114	0.459989	0.519125	0.463813	0.45936	0.46171	0.463682
ERR618511	0.438641	0.407828	0.410342	0.429358	0.433272	0.427321	0.478102	0.489889	0.493942	0.504674	0.474754	0.480037	0.340889	0.341559	0.346731	0.381546	0.345751	0.338296	0.320383	0.323252	0.325131	0.319091	0.319073	0.325043	0.301817	0.301535	0.323473	0.302396	0.320117	0.30551	0.312401	0.313106	0.308684	0.309977	0.311741	0.312198	0.316074	0.322009	0.315242	0.317485	0.315163	0.314949	0.255162	0	0.250571	0.24799	0.268772	0.24736	0.445787	0.439221	0.439189	0.439658	0.440932	0.439401	0.312635	0.31217	0.311883	0.324776	0.313264	0.32783	0.515215	0.514214	0.514291	0.513434	0.510634	0.508096	0.67656	0.590265	0.676181	0.675835	0.589894	0.588395	0.541073	0.541958	0.53439	0.538521	0.534972	0.537967	0.443151	0.443859	0.433238	0.444412	0.431465	0.434768	0.458324	0.455295	0.453649	0.506139	0.458205	0.456554	0.454092	0.526738	0.461133	0.45397	0.455179	0.46153
ERR618507	0.442255	0.415102	0.418001	0.436919	0.438807	0.43461	0.486264	0.499858	0.504147	0.512788	0.482452	0.487813	0.33889	0.33976	0.340288	0.379453	0.340272	0.332966	0.319272	0.320865	0.32336	0.317547	0.317614	0.32226	0.301575	0.300767	0.324894	0.301693	0.319881	0.306513	0.311195	0.311801	0.310132	0.311234	0.312821	0.310857	0.31793	0.325429	0.316974	0.320872	0.316561	0.316204	0.254014	0.250571	0	0.252065	0.26624	0.250737	0.440968	0.437652	0.436398	0.437547	0.438947	0.4364	0.310759	0.310716	0.309943	0.323156	0.310701	0.325833	0.517483	0.518519	0.51869	0.517713	0.513513	0.510602	0.68661	0.597952	0.686227	0.685814	0.597524	0.596165	0.547079	0.547962	0.539368	0.543863	0.539686	0.543403	0.43814	0.438795	0.430459	0.439369	0.428544	0.430202	0.454849	0.451781	0.450819	0.502866	0.455367	0.453963	0.453751	0.530267	0.463391	0.453631	0.455351	0.463542
