	ERR614481	ERR614478	ERR614477	ERR614479	ERR614480	ERR614482	ERR638303	ERR638306	ERR638307	ERR638304	ERR638305	ERR638308	ERR631235	ERR631234	ERR631233	ERR631236	ERR631238	ERR631237	ERR607756	ERR607753	ERR607755	ERR607758	ERR607757	ERR607754	ERR613693	ERR613692	ERR613694	ERR613691	ERR613689	ERR613690	ERR636835	ERR636838	ERR636836	ERR636839	ERR636840	ERR636837	ERR607315	ERR607313	ERR607314	ERR607316	ERR607312	ERR607311	ERR609045	ERR609050	ERR609049	ERR609047	ERR609048	ERR609046	ERR617056	ERR617055	ERR617053	ERR617054	ERR617051	ERR617052	ERR616852	ERR616851	ERR616849	ERR616850	ERR616848	ERR616847	ERR608270	ERR608273	ERR608274	ERR608269	ERR608272	ERR608271	ERR618534	ERR618532	ERR618536	ERR618533	ERR618531	ERR618535	ERR616690	ERR616689	ERR616693	ERR616688	ERR616691	ERR616692	ERR613784	ERR613782	ERR613783	ERR613785	ERR613786	ERR613787	ERR617314	ERR617316	ERR617317	ERR617315	ERR617318	ERR617313	ERR626685	ERR626684	ERR626683	ERR626682	ERR626681	ERR626680
ERR614481	4.65342e+09	5.14483e+09	4.20658e+09	5.41801e+09	4.50294e+09	4.41024e+09	4.81272e+09	4.81263e+09	4.8136e+09	4.34692e+09	4.37225e+09	4.81675e+09	5.72651e+09	5.18222e+09	5.28903e+09	5.17331e+09	5.15536e+09	5.15282e+09	5.20659e+09	5.38995e+09	5.63153e+09	5.17003e+09	5.14747e+09	5.68889e+09	4.90363e+09	4.98712e+09	4.27039e+09	5.18146e+09	5.37945e+09	5.32099e+09	5.54417e+09	5.79269e+09	5.76661e+09	5.81444e+09	5.88055e+09	5.73721e+09	4.43787e+09	5.1063e+09	4.32328e+09	4.53537e+09	5.11434e+09	4.82628e+09	3.7622e+09	5.29974e+09	5.26366e+09	5.58854e+09	5.36564e+09	5.19378e+09	4.02036e+09	3.95685e+09	4.47458e+09	4.01017e+09	4.26283e+09	4.39558e+09	4.79654e+09	4.76733e+09	5.40851e+09	4.74464e+09	5.19913e+09	5.16787e+09	5.02682e+09	5.55539e+09	5.61963e+09	4.24079e+09	5.56743e+09	5.24938e+09	4.86053e+09	4.83305e+09	4.6426e+09	4.89557e+09	5.04938e+09	4.64628e+09	4.04617e+09	4.27545e+09	4.88253e+09	4.19898e+09	4.86615e+09	4.87987e+09	4.87457e+09	4.72795e+09	5.0684e+09	4.7998e+09	4.81424e+09	4.77962e+09	3.6902e+09	4.14481e+09	4.12737e+09	3.72125e+09	4.14396e+09	3.65059e+09	4.60499e+09	4.70866e+09	4.64622e+09	4.66309e+09	5.14502e+09	5.4569e+09
ERR614478	5.14483e+09	6.21557e+09	4.83646e+09	6.32946e+09	5.17885e+09	5.06554e+09	5.60071e+09	5.59957e+09	5.60141e+09	5.0274e+09	5.05697e+09	5.60413e+09	6.71918e+09	6.03248e+09	6.16861e+09	6.02498e+09	6.00171e+09	5.99928e+09	6.08438e+09	6.30846e+09	6.60991e+09	6.04001e+09	6.01235e+09	6.67914e+09	5.70468e+09	5.80844e+09	4.92989e+09	6.05849e+09	6.30117e+09	6.23134e+09	6.50241e+09	6.81452e+09	6.77853e+09	6.84236e+09	6.92363e+09	6.74427e+09	5.10581e+09	5.94231e+09	4.96681e+09	5.22599e+09	5.94825e+09	5.59176e+09	4.32241e+09	6.20034e+09	6.15676e+09	6.56028e+09	6.28154e+09	6.06926e+09	4.63099e+09	4.55313e+09	5.17006e+09	4.61684e+09	4.9191e+09	5.07534e+09	5.60695e+09	5.57192e+09	6.35249e+09	5.54393e+09	6.09466e+09	6.05986e+09	5.8674e+09	6.52425e+09	6.60539e+09	4.90362e+09	6.53954e+09	6.14389e+09	5.63926e+09	5.60894e+09	5.37284e+09	5.68617e+09	5.87421e+09	5.37746e+09	4.64175e+09	4.92125e+09	5.675e+09	4.82886e+09	5.65412e+09	5.67135e+09	5.6838e+09	5.50148e+09	5.92194e+09	5.58916e+09	5.60728e+09	5.56389e+09	4.22695e+09	4.77078e+09	4.74828e+09	4.26352e+09	4.7692e+09	4.18342e+09	5.3457e+09	5.47403e+09	5.397e+09	5.42267e+09	6.01705e+09	6.40559e+09
ERR614477	4.20658e+09	4.83646e+09	4.16692e+09	5.07966e+09	4.2331e+09	4.14652e+09	4.52089e+09	4.5186e+09	4.52084e+09	4.0961e+09	4.11446e+09	4.52163e+09	5.33955e+09	4.82825e+09	4.93501e+09	4.83185e+09	4.81378e+09	4.81307e+09	4.90947e+09	5.0685e+09	5.29224e+09	4.87786e+09	4.85614e+09	5.33413e+09	4.61475e+09	4.69194e+09	4.03878e+09	4.89157e+09	5.06432e+09	5.0184e+09	5.21559e+09	5.44771e+09	5.41114e+09	5.46776e+09	5.52581e+09	5.39401e+09	4.1615e+09	4.79746e+09	4.06209e+09	4.25133e+09	4.79068e+09	4.53562e+09	3.5987e+09	4.99583e+09	4.9645e+09	5.25185e+09	5.05071e+09	4.90105e+09	3.78212e+09	3.71801e+09	4.17279e+09	3.76658e+09	3.99177e+09	4.1038e+09	4.54969e+09	4.52371e+09	5.09036e+09	4.50274e+09	4.89964e+09	4.88134e+09	4.70956e+09	5.19772e+09	5.25818e+09	4.00661e+09	5.20841e+09	4.90926e+09	4.5057e+09	4.49571e+09	4.3031e+09	4.5516e+09	4.69042e+09	4.30602e+09	3.78679e+09	4.00331e+09	4.56974e+09	3.9347e+09	4.55383e+09	4.56767e+09	4.58792e+09	4.44999e+09	4.7594e+09	4.51126e+09	4.52635e+09	4.49304e+09	3.44084e+09	3.85572e+09	3.83875e+09	3.46923e+09	3.8542e+09	3.41701e+09	4.31781e+09	4.41462e+09	4.35686e+09	4.39052e+09	4.82533e+09	5.11234e+09
ERR614479	5.41801e+09	6.32946e+09	5.07966e+09	6.95237e+09	5.45403e+09	5.3329e+09	5.92314e+09	5.92245e+09	5.9244e+09	5.30176e+09	5.33491e+09	5.92779e+09	7.13846e+09	6.39272e+09	6.53865e+09	6.38082e+09	6.35613e+09	6.35407e+09	6.43775e+09	6.68285e+09	7.01001e+09	6.38923e+09	6.35959e+09	7.08926e+09	6.02935e+09	6.1408e+09	5.19153e+09	6.40694e+09	6.67275e+09	6.5953e+09	6.89064e+09	7.22949e+09	7.19497e+09	7.26001e+09	7.34909e+09	7.15335e+09	5.38257e+09	6.28214e+09	5.2309e+09	5.51221e+09	6.29328e+09	5.90377e+09	4.53377e+09	6.56117e+09	6.51332e+09	6.95564e+09	6.65014e+09	6.41757e+09	4.87804e+09	4.79586e+09	5.46388e+09	4.86434e+09	5.19007e+09	5.36015e+09	5.92401e+09	5.88558e+09	6.73576e+09	5.8559e+09	6.45646e+09	6.41486e+09	6.21627e+09	6.93016e+09	7.01779e+09	5.16774e+09	6.94664e+09	6.51849e+09	5.97961e+09	5.94106e+09	5.69187e+09	6.02617e+09	6.23046e+09	5.69692e+09	4.891e+09	5.1902e+09	6.00309e+09	5.09106e+09	5.9806e+09	5.99929e+09	6.01102e+09	5.81431e+09	6.27178e+09	5.91054e+09	5.92981e+09	5.88317e+09	4.45555e+09	5.03833e+09	5.01456e+09	4.49422e+09	5.03746e+09	4.40526e+09	5.65039e+09	5.78985e+09	5.7065e+09	5.7297e+09	6.3763e+09	6.79862e+09
ERR614480	4.50294e+09	5.17885e+09	4.2331e+09	5.45403e+09	4.71075e+09	4.43717e+09	4.84109e+09	4.84113e+09	4.84194e+09	4.37097e+09	4.39656e+09	4.84549e+09	5.76447e+09	5.21472e+09	5.32285e+09	5.20691e+09	5.18827e+09	5.18635e+09	5.23909e+09	5.42468e+09	5.66916e+09	5.20244e+09	5.17972e+09	5.72735e+09	4.93234e+09	5.01665e+09	4.2936e+09	5.21338e+09	5.41318e+09	5.35419e+09	5.58086e+09	5.83205e+09	5.80559e+09	5.85461e+09	5.92063e+09	5.77593e+09	4.46454e+09	5.13895e+09	4.34959e+09	4.56261e+09	5.14714e+09	4.85662e+09	3.78431e+09	5.33341e+09	5.29791e+09	5.62574e+09	5.40052e+09	5.22647e+09	4.04609e+09	3.98188e+09	4.50362e+09	4.03613e+09	4.29042e+09	4.42369e+09	4.82587e+09	4.7959e+09	5.44316e+09	4.77314e+09	5.23194e+09	5.20028e+09	5.0572e+09	5.59079e+09	5.655e+09	4.2648e+09	5.60302e+09	5.2819e+09	4.8927e+09	4.86448e+09	4.67321e+09	4.92792e+09	5.08345e+09	4.67689e+09	4.06957e+09	4.30024e+09	4.91324e+09	4.22385e+09	4.89645e+09	4.91003e+09	4.90338e+09	4.75481e+09	5.09886e+09	4.82768e+09	4.84208e+09	4.80729e+09	3.71269e+09	4.17076e+09	4.15366e+09	3.74368e+09	4.17011e+09	3.6731e+09	4.63145e+09	4.73632e+09	4.67331e+09	4.69025e+09	5.1771e+09	5.49149e+09
ERR614482	4.41024e+09	5.06554e+09	4.14652e+09	5.3329e+09	4.43717e+09	4.52135e+09	4.73755e+09	4.73854e+09	4.7398e+09	4.28211e+09	4.30672e+09	4.74198e+09	5.63463e+09	5.10178e+09	5.20649e+09	5.09366e+09	5.07592e+09	5.07321e+09	5.12705e+09	5.30609e+09	5.54301e+09	5.09098e+09	5.06896e+09	5.59839e+09	4.82872e+09	4.91101e+09	4.20883e+09	5.10151e+09	5.29504e+09	5.23785e+09	5.4572e+09	5.70022e+09	5.67442e+09	5.72187e+09	5.78569e+09	5.64566e+09	4.37283e+09	5.0272e+09	4.26094e+09	4.46848e+09	5.03501e+09	4.75348e+09	3.71038e+09	5.21756e+09	5.18325e+09	5.50096e+09	5.28215e+09	5.11374e+09	3.96166e+09	3.89926e+09	4.40691e+09	3.9523e+09	4.19953e+09	4.32948e+09	4.72397e+09	4.69519e+09	5.32291e+09	4.6729e+09	5.11789e+09	5.08697e+09	4.9484e+09	5.46535e+09	5.52819e+09	4.17889e+09	5.47787e+09	5.16637e+09	4.78403e+09	4.7574e+09	4.57047e+09	4.81854e+09	4.96919e+09	4.57371e+09	3.98844e+09	4.21275e+09	4.80746e+09	4.13785e+09	4.79105e+09	4.80428e+09	4.79957e+09	4.65563e+09	4.98872e+09	4.72623e+09	4.73998e+09	4.70654e+09	3.63706e+09	4.08297e+09	4.06572e+09	3.6673e+09	4.08199e+09	3.59798e+09	4.53511e+09	4.63624e+09	4.57533e+09	4.59212e+09	5.06382e+09	5.36912e+09
ERR638303	4.81272e+09	5.60071e+09	4.52089e+09	5.92314e+09	4.84109e+09	4.73755e+09	6.56959e+09	6.3697e+09	6.36968e+09	5.72407e+09	5.75939e+09	6.37537e+09	7.01334e+09	6.30693e+09	6.44634e+09	6.29248e+09	6.26654e+09	6.26757e+09	6.02511e+09	6.23819e+09	6.51871e+09	5.98545e+09	5.9603e+09	6.5879e+09	5.8246e+09	5.92694e+09	5.0367e+09	6.18112e+09	6.42559e+09	6.35803e+09	6.44549e+09	6.73774e+09	6.71177e+09	6.76338e+09	6.8376e+09	6.67627e+09	4.97018e+09	5.79182e+09	4.83284e+09	5.08887e+09	5.80194e+09	5.4472e+09	4.3184e+09	6.2212e+09	6.1808e+09	6.57917e+09	6.29823e+09	6.08486e+09	5.17257e+09	5.09523e+09	5.75888e+09	5.16188e+09	5.48777e+09	5.65244e+09	6.29181e+09	6.25442e+09	7.09081e+09	6.22234e+09	6.81976e+09	6.78165e+09	6.59816e+09	7.29765e+09	7.38577e+09	5.52226e+09	7.31459e+09	6.89588e+09	6.23354e+09	6.20079e+09	5.95405e+09	6.27995e+09	6.47848e+09	5.95893e+09	5.22091e+09	5.52459e+09	6.34227e+09	5.42233e+09	6.32159e+09	6.3396e+09	6.39215e+09	6.19522e+09	6.6549e+09	6.29064e+09	6.31113e+09	6.26029e+09	4.7375e+09	5.32185e+09	5.29412e+09	4.77548e+09	5.31619e+09	4.68582e+09	5.95522e+09	6.09532e+09	6.01142e+09	6.03701e+09	6.6782e+09	7.09035e+09
ERR638306	4.81263e+09	5.59957e+09	4.5186e+09	5.92245e+09	4.84113e+09	4.73854e+09	6.3697e+09	6.56674e+09	6.37129e+09	5.72244e+09	5.75758e+09	6.37706e+09	7.01585e+09	6.31036e+09	6.44796e+09	6.29525e+09	6.26916e+09	6.27049e+09	6.02242e+09	6.23637e+09	6.5167e+09	5.98326e+09	5.95831e+09	6.58671e+09	5.82247e+09	5.92478e+09	5.03462e+09	6.17853e+09	6.42222e+09	6.35496e+09	6.44258e+09	6.73471e+09	6.70958e+09	6.76048e+09	6.83438e+09	6.67349e+09	4.97052e+09	5.79109e+09	4.83276e+09	5.08909e+09	5.80196e+09	5.4462e+09	4.31337e+09	6.21715e+09	6.1771e+09	6.57534e+09	6.29488e+09	6.08064e+09	5.17312e+09	5.09635e+09	5.76056e+09	5.16284e+09	5.48822e+09	5.65456e+09	6.28712e+09	6.24916e+09	7.087e+09	6.21748e+09	6.81562e+09	6.77603e+09	6.59819e+09	7.29845e+09	7.38576e+09	5.52136e+09	7.31486e+09	6.89593e+09	6.23909e+09	6.20484e+09	5.95976e+09	6.28389e+09	6.48276e+09	5.96441e+09	5.22229e+09	5.52595e+09	6.34335e+09	5.42315e+09	6.32281e+09	6.3413e+09	6.39061e+09	6.19412e+09	6.65404e+09	6.29071e+09	6.31041e+09	6.26013e+09	4.74089e+09	5.32593e+09	5.29809e+09	4.77883e+09	5.32059e+09	4.68823e+09	5.95717e+09	6.09704e+09	6.01289e+09	6.03779e+09	6.67906e+09	7.09163e+09
ERR638307	4.8136e+09	5.60141e+09	4.52084e+09	5.9244e+09	4.84194e+09	4.7398e+09	6.36968e+09	6.37129e+09	6.56678e+09	5.7228e+09	5.7571e+09	6.37722e+09	7.01459e+09	6.3089e+09	6.44699e+09	6.2938e+09	6.26784e+09	6.26915e+09	6.03134e+09	6.24447e+09	6.52404e+09	5.99213e+09	5.96654e+09	6.59368e+09	5.82775e+09	5.93015e+09	5.03867e+09	6.18471e+09	6.42795e+09	6.36058e+09	6.44998e+09	6.74131e+09	6.71601e+09	6.76703e+09	6.84098e+09	6.68039e+09	4.97233e+09	5.79418e+09	4.8347e+09	5.09114e+09	5.80469e+09	5.44908e+09	4.31878e+09	6.22401e+09	6.18334e+09	6.58172e+09	6.3015e+09	6.08675e+09	5.16857e+09	5.09143e+09	5.75464e+09	5.1581e+09	5.48256e+09	5.64817e+09	6.29393e+09	6.25601e+09	7.09104e+09	6.22417e+09	6.82059e+09	6.7816e+09	6.59909e+09	7.29948e+09	7.38641e+09	5.52269e+09	7.3158e+09	6.89681e+09	6.22956e+09	6.1957e+09	5.95039e+09	6.27419e+09	6.47333e+09	5.95532e+09	5.21963e+09	5.52253e+09	6.33979e+09	5.4202e+09	6.31871e+09	6.33721e+09	6.39322e+09	6.19684e+09	6.65676e+09	6.29297e+09	6.31314e+09	6.26232e+09	4.73469e+09	5.31889e+09	5.2913e+09	4.7733e+09	5.31329e+09	4.68285e+09	5.9582e+09	6.09838e+09	6.01408e+09	6.03957e+09	6.681e+09	7.09269e+09
ERR638304	4.34692e+09	5.0274e+09	4.0961e+09	5.30176e+09	4.37097e+09	4.28211e+09	5.72407e+09	5.72244e+09	5.7228e+09	5.34664e+09	5.20546e+09	5.72698e+09	6.25778e+09	5.65682e+09	5.77603e+09	5.64713e+09	5.62474e+09	5.62593e+09	5.4036e+09	5.5853e+09	5.82693e+09	5.36959e+09	5.34772e+09	5.88371e+09	5.24623e+09	5.33372e+09	4.56715e+09	5.55669e+09	5.76296e+09	5.70773e+09	5.7679e+09	6.01888e+09	5.99334e+09	6.04076e+09	6.10343e+09	5.96626e+09	4.49193e+09	5.20474e+09	4.37392e+09	4.59463e+09	5.21015e+09	4.90705e+09	3.9329e+09	5.58298e+09	5.54821e+09	5.88611e+09	5.64723e+09	5.46564e+09	4.68052e+09	4.61299e+09	5.17798e+09	4.67023e+09	4.94849e+09	5.08666e+09	5.66815e+09	5.63573e+09	6.3366e+09	5.60877e+09	6.10784e+09	6.07913e+09	5.91243e+09	6.50286e+09	6.57681e+09	5.00386e+09	6.51633e+09	6.16108e+09	5.57329e+09	5.5516e+09	5.33388e+09	5.617e+09	5.7868e+09	5.33814e+09	4.73216e+09	4.99369e+09	5.69163e+09	4.90637e+09	5.67398e+09	5.6898e+09	5.74475e+09	5.57634e+09	5.96463e+09	5.65636e+09	5.67371e+09	5.63044e+09	4.28992e+09	4.79429e+09	4.77048e+09	4.32358e+09	4.78893e+09	4.24834e+09	5.36809e+09	5.48691e+09	5.41535e+09	5.44334e+09	5.98335e+09	6.33037e+09
ERR638305	4.37225e+09	5.05697e+09	4.11446e+09	5.33491e+09	4.39656e+09	4.30672e+09	5.75939e+09	5.75758e+09	5.7571e+09	5.20546e+09	5.40754e+09	5.76256e+09	6.30132e+09	5.69606e+09	5.81492e+09	5.6849e+09	5.66245e+09	5.66319e+09	5.43378e+09	5.61933e+09	5.86246e+09	5.39954e+09	5.37747e+09	5.92213e+09	5.27165e+09	5.35966e+09	4.58572e+09	5.5813e+09	5.79147e+09	5.73384e+09	5.8008e+09	6.05381e+09	6.03092e+09	6.07591e+09	6.13944e+09	6.00072e+09	4.52037e+09	5.2351e+09	4.40028e+09	4.62405e+09	5.24351e+09	4.93613e+09	3.94653e+09	5.61151e+09	5.57629e+09	5.92045e+09	5.67866e+09	5.494e+09	4.70268e+09	4.63542e+09	5.21222e+09	4.69337e+09	4.9783e+09	5.12092e+09	5.69118e+09	5.65819e+09	6.37372e+09	5.63091e+09	6.14332e+09	6.1108e+09	5.95062e+09	6.54697e+09	6.62246e+09	5.02834e+09	6.56112e+09	6.20398e+09	5.61742e+09	5.59133e+09	5.37568e+09	5.65907e+09	5.83067e+09	5.37997e+09	4.76199e+09	5.02525e+09	5.72613e+09	4.93617e+09	5.70824e+09	5.72446e+09	5.77684e+09	5.60782e+09	6.00116e+09	5.69057e+09	5.70706e+09	5.66407e+09	4.32024e+09	4.82954e+09	4.80556e+09	4.35289e+09	4.82456e+09	4.27504e+09	5.40011e+09	5.52098e+09	5.44854e+09	5.47073e+09	6.01959e+09	6.37112e+09
ERR638308	4.81675e+09	5.60413e+09	4.52163e+09	5.92779e+09	4.84549e+09	4.74198e+09	6.37537e+09	6.37706e+09	6.37722e+09	5.72698e+09	5.76256e+09	6.57987e+09	7.02222e+09	6.31594e+09	6.45419e+09	6.30006e+09	6.27461e+09	6.27574e+09	6.02925e+09	6.24336e+09	6.52375e+09	5.98968e+09	5.96458e+09	6.59401e+09	5.82823e+09	5.93133e+09	5.03882e+09	6.18434e+09	6.42838e+09	6.36072e+09	6.44936e+09	6.74184e+09	6.71704e+09	6.76801e+09	6.84234e+09	6.68096e+09	4.97528e+09	5.79654e+09	4.83706e+09	5.0943e+09	5.80839e+09	5.4514e+09	4.31666e+09	6.22244e+09	6.18218e+09	6.58162e+09	6.30095e+09	6.08587e+09	5.17616e+09	5.09967e+09	5.76554e+09	5.16631e+09	5.49277e+09	5.65875e+09	6.29357e+09	6.25517e+09	7.09441e+09	6.22362e+09	6.82332e+09	6.7835e+09	6.60646e+09	7.3072e+09	7.39468e+09	5.52651e+09	7.32349e+09	6.90495e+09	6.24402e+09	6.20953e+09	5.96478e+09	6.28902e+09	6.48823e+09	5.96975e+09	5.22735e+09	5.53053e+09	6.34897e+09	5.42814e+09	6.32852e+09	6.34633e+09	6.39712e+09	6.19995e+09	6.66149e+09	6.29709e+09	6.31672e+09	6.26667e+09	4.74417e+09	5.32991e+09	5.30269e+09	4.78261e+09	5.32503e+09	4.69117e+09	5.96277e+09	6.10324e+09	6.01863e+09	6.04241e+09	6.68609e+09	7.0989e+09
ERR631235	5.72651e+09	6.71918e+09	5.33955e+09	7.13846e+09	5.76447e+09	5.63463e+09	7.01334e+09	7.01585e+09	7.01459e+09	6.25778e+09	6.30132e+09	7.02222e+09	8.71918e+09	7.54128e+09	7.70921e+09	7.5092e+09	7.48039e+09	7.47788e+09	7.06209e+09	7.35067e+09	7.72081e+09	7.00766e+09	6.97608e+09	7.82297e+09	6.73305e+09	6.8606e+09	5.76106e+09	7.15809e+09	7.47528e+09	7.38049e+09	7.58248e+09	7.96428e+09	7.93899e+09	7.99914e+09	8.10101e+09	7.88206e+09	5.85334e+09	6.86229e+09	5.67622e+09	6.00102e+09	6.8906e+09	6.43344e+09	4.95071e+09	7.28908e+09	7.23613e+09	7.75599e+09	7.39644e+09	7.1201e+09	5.79524e+09	5.70423e+09	6.51199e+09	5.78439e+09	6.17329e+09	6.38504e+09	6.95484e+09	6.90824e+09	7.94968e+09	6.8717e+09	7.60923e+09	7.55132e+09	7.40051e+09	8.26511e+09	8.3708e+09	6.10074e+09	8.28585e+09	7.77316e+09	7.17527e+09	7.10698e+09	6.83399e+09	7.21515e+09	7.46071e+09	6.83865e+09	5.82022e+09	6.17523e+09	7.15166e+09	6.05463e+09	7.12681e+09	7.14626e+09	7.09442e+09	6.8615e+09	7.41677e+09	6.98128e+09	7.00372e+09	6.94628e+09	5.34117e+09	6.04338e+09	6.01324e+09	5.38637e+09	6.04199e+09	5.26728e+09	6.67877e+09	6.84687e+09	6.74615e+09	6.75561e+09	7.54682e+09	8.06087e+09
ERR631234	5.18222e+09	6.03248e+09	4.82825e+09	6.39272e+09	5.21472e+09	5.10178e+09	6.30693e+09	6.31036e+09	6.3089e+09	5.65682e+09	5.69606e+09	6.31594e+09	7.54128e+09	7.01096e+09	6.92273e+09	6.75166e+09	6.72821e+09	6.72524e+09	6.31376e+09	6.56783e+09	6.88568e+09	6.26648e+09	6.23943e+09	6.97553e+09	6.05212e+09	6.16182e+09	5.20597e+09	6.40704e+09	6.68343e+09	6.59903e+09	6.76857e+09	7.09253e+09	7.07436e+09	7.12231e+09	7.20906e+09	7.02316e+09	5.30411e+09	6.1676e+09	5.14765e+09	5.43247e+09	6.19714e+09	5.80096e+09	4.48067e+09	6.52209e+09	6.47709e+09	6.92302e+09	6.61701e+09	6.37687e+09	5.25348e+09	5.17615e+09	5.88742e+09	5.2468e+09	5.58908e+09	5.77625e+09	6.22828e+09	6.18729e+09	7.08962e+09	6.1561e+09	6.79888e+09	6.74548e+09	6.63881e+09	7.36882e+09	7.45703e+09	5.51682e+09	7.38592e+09	6.95492e+09	6.46132e+09	6.39884e+09	6.16857e+09	6.49098e+09	6.70235e+09	6.17286e+09	5.29434e+09	5.60148e+09	6.43527e+09	5.4958e+09	6.41491e+09	6.43099e+09	6.36954e+09	6.17189e+09	6.64668e+09	6.27617e+09	6.29422e+09	6.24609e+09	4.86862e+09	5.48478e+09	5.45883e+09	4.90851e+09	5.48382e+09	4.79908e+09	6.023e+09	6.16725e+09	6.08021e+09	6.08199e+09	6.75936e+09	7.19346e+09
ERR631233	5.28903e+09	6.16861e+09	4.93501e+09	6.53865e+09	5.32285e+09	5.20649e+09	6.44634e+09	6.44796e+09	6.44699e+09	5.77603e+09	5.81492e+09	6.45419e+09	7.70921e+09	6.92273e+09	7.30436e+09	6.89512e+09	6.86984e+09	6.86727e+09	6.46744e+09	6.72584e+09	7.05389e+09	6.41922e+09	6.3916e+09	7.14304e+09	6.19177e+09	6.30475e+09	5.32206e+09	6.56423e+09	6.8467e+09	6.76198e+09	6.93364e+09	7.26927e+09	7.24695e+09	7.29944e+09	7.3883e+09	7.19704e+09	5.40854e+09	6.30517e+09	5.25045e+09	5.54134e+09	6.33075e+09	5.92538e+09	4.5825e+09	6.68092e+09	6.63431e+09	7.09107e+09	6.77522e+09	6.53033e+09	5.35767e+09	5.27669e+09	6.001e+09	5.34916e+09	5.69816e+09	5.8872e+09	6.38254e+09	6.34039e+09	7.26241e+09	6.30829e+09	6.96283e+09	6.9111e+09	6.78321e+09	7.53764e+09	7.62908e+09	5.63314e+09	7.5555e+09	7.10765e+09	6.58148e+09	6.52313e+09	6.28039e+09	6.61704e+09	6.83407e+09	6.28502e+09	5.3907e+09	5.7072e+09	6.57039e+09	5.59905e+09	6.54888e+09	6.56613e+09	6.51337e+09	6.30842e+09	6.79726e+09	6.41399e+09	6.434e+09	6.38342e+09	4.95037e+09	5.58087e+09	5.55413e+09	4.99181e+09	5.57959e+09	4.88388e+09	6.14952e+09	6.29832e+09	6.20887e+09	6.21647e+09	6.9128e+09	7.36102e+09
ERR631236	5.17331e+09	6.02498e+09	4.83185e+09	6.38082e+09	5.20691e+09	5.09366e+09	6.29248e+09	6.29525e+09	6.2938e+09	5.64713e+09	5.6849e+09	6.30006e+09	7.5092e+09	6.75166e+09	6.89512e+09	6.95365e+09	6.70468e+09	6.70237e+09	6.32055e+09	6.56884e+09	6.88513e+09	6.27409e+09	6.24725e+09	6.97013e+09	6.04868e+09	6.15816e+09	5.20699e+09	6.41141e+09	6.68278e+09	6.6021e+09	6.76935e+09	7.09271e+09	7.06947e+09	7.12161e+09	7.20698e+09	7.02253e+09	5.29086e+09	6.15917e+09	5.13727e+09	5.41886e+09	6.18261e+09	5.79186e+09	4.49268e+09	6.52518e+09	6.48064e+09	6.92039e+09	6.6172e+09	6.38086e+09	5.23496e+09	5.15652e+09	5.85535e+09	5.22614e+09	5.56344e+09	5.74567e+09	6.23967e+09	6.19949e+09	7.08575e+09	6.16815e+09	6.79817e+09	6.74869e+09	6.6201e+09	7.34694e+09	7.43492e+09	5.51143e+09	7.36356e+09	6.93139e+09	6.41299e+09	6.35846e+09	6.12218e+09	6.44923e+09	6.65746e+09	6.12626e+09	5.27056e+09	5.57782e+09	6.41114e+09	5.47315e+09	6.39015e+09	6.40656e+09	6.36204e+09	6.16372e+09	6.63462e+09	6.26531e+09	6.28375e+09	6.23543e+09	4.83722e+09	5.44743e+09	5.42151e+09	4.87751e+09	5.44592e+09	4.77377e+09	6.00792e+09	6.15183e+09	6.06527e+09	6.07441e+09	6.7455e+09	7.17721e+09
ERR631238	5.15536e+09	6.00171e+09	4.81378e+09	6.35613e+09	5.18827e+09	5.07592e+09	6.26654e+09	6.26916e+09	6.26784e+09	5.62474e+09	5.66245e+09	6.27461e+09	7.48039e+09	6.72821e+09	6.86984e+09	6.70468e+09	6.90312e+09	6.67787e+09	6.29159e+09	6.53943e+09	6.85362e+09	6.24518e+09	6.21808e+09	6.93891e+09	6.02298e+09	6.13241e+09	5.18535e+09	6.38188e+09	6.65277e+09	6.57163e+09	6.73872e+09	7.06093e+09	7.03864e+09	7.08973e+09	7.17494e+09	6.9915e+09	5.2722e+09	6.1355e+09	5.11992e+09	5.40001e+09	6.15968e+09	5.77022e+09	4.47425e+09	6.49615e+09	6.45137e+09	6.88959e+09	6.58804e+09	6.35204e+09	5.21629e+09	5.13755e+09	5.8343e+09	5.20749e+09	5.54432e+09	5.72562e+09	6.20926e+09	6.16905e+09	7.05251e+09	6.13838e+09	6.76598e+09	6.71671e+09	6.59256e+09	7.31457e+09	7.40208e+09	5.48886e+09	7.33122e+09	6.90264e+09	6.3912e+09	6.33568e+09	6.10229e+09	6.42623e+09	6.6338e+09	6.10617e+09	5.2529e+09	5.55864e+09	6.38599e+09	5.45412e+09	6.36579e+09	6.3819e+09	6.33451e+09	6.1373e+09	6.60532e+09	6.23901e+09	6.25719e+09	6.20945e+09	4.82386e+09	5.43148e+09	5.40573e+09	4.8637e+09	5.42931e+09	4.7598e+09	5.98502e+09	6.12809e+09	6.04138e+09	6.04897e+09	6.71651e+09	7.14562e+09
ERR631237	5.15282e+09	5.99928e+09	4.81307e+09	6.35407e+09	5.18635e+09	5.07321e+09	6.26757e+09	6.27049e+09	6.26915e+09	5.62593e+09	5.66319e+09	6.27574e+09	7.47788e+09	6.72524e+09	6.86727e+09	6.70237e+09	6.67787e+09	6.89853e+09	6.29112e+09	6.53765e+09	6.85189e+09	6.24458e+09	6.21742e+09	6.93645e+09	6.02318e+09	6.13215e+09	5.18588e+09	6.38281e+09	6.65287e+09	6.57213e+09	6.73812e+09	7.0595e+09	7.03639e+09	7.08871e+09	7.17365e+09	6.99037e+09	5.27007e+09	6.13392e+09	5.11831e+09	5.3974e+09	6.15744e+09	5.76881e+09	4.47481e+09	6.49537e+09	6.45099e+09	6.88805e+09	6.58682e+09	6.35185e+09	5.2175e+09	5.1394e+09	5.83447e+09	5.2087e+09	5.54428e+09	5.72516e+09	6.21234e+09	6.17247e+09	7.05414e+09	6.14108e+09	6.76791e+09	6.71952e+09	6.59245e+09	7.31487e+09	7.40237e+09	5.49097e+09	7.33167e+09	6.90255e+09	6.38918e+09	6.33563e+09	6.10017e+09	6.42534e+09	6.63302e+09	6.10478e+09	5.25274e+09	5.55849e+09	6.38657e+09	5.45452e+09	6.36576e+09	6.38246e+09	6.33575e+09	6.13893e+09	6.60681e+09	6.24067e+09	6.25878e+09	6.21038e+09	4.82204e+09	5.42959e+09	5.4036e+09	4.8625e+09	5.4277e+09	4.75915e+09	5.98492e+09	6.12792e+09	6.04199e+09	6.05087e+09	6.71712e+09	7.14625e+09
ERR607756	5.20659e+09	6.08438e+09	4.90947e+09	6.43775e+09	5.23909e+09	5.12705e+09	6.02511e+09	6.02242e+09	6.03134e+09	5.4036e+09	5.43378e+09	6.02925e+09	7.06209e+09	6.31376e+09	6.46744e+09	6.32055e+09	6.29159e+09	6.29112e+09	6.94869e+09	6.97711e+09	7.25551e+09	6.72612e+09	6.69755e+09	7.323e+09	6.17179e+09	6.28607e+09	5.33198e+09	6.58137e+09	6.82675e+09	6.76391e+09	7.08697e+09	7.38546e+09	7.35308e+09	7.41186e+09	7.48393e+09	7.31923e+09	5.30328e+09	6.21298e+09	5.15879e+09	5.43107e+09	6.20679e+09	5.83389e+09	4.64336e+09	6.6916e+09	6.64566e+09	7.07639e+09	6.77874e+09	6.54711e+09	4.72547e+09	4.64572e+09	5.26392e+09	4.70899e+09	5.0158e+09	5.1674e+09	6.30063e+09	6.26416e+09	7.02104e+09	6.23178e+09	6.78396e+09	6.75008e+09	6.39491e+09	7.10452e+09	7.18912e+09	5.34185e+09	7.1197e+09	6.69529e+09	5.69878e+09	5.67902e+09	5.42954e+09	5.75388e+09	5.94773e+09	5.43345e+09	4.85066e+09	5.14788e+09	5.94865e+09	5.05218e+09	5.9238e+09	5.94471e+09	6.23604e+09	6.03081e+09	6.49223e+09	6.12532e+09	6.14796e+09	6.09615e+09	4.2763e+09	4.82345e+09	4.7961e+09	4.31563e+09	4.81543e+09	4.23871e+09	5.84745e+09	5.99211e+09	5.90669e+09	5.95545e+09	6.60353e+09	7.01658e+09
ERR607753	5.38995e+09	6.30846e+09	5.0685e+09	6.68285e+09	5.42468e+09	5.30609e+09	6.23819e+09	6.23637e+09	6.24447e+09	5.5853e+09	5.61933e+09	6.24336e+09	7.35067e+09	6.56783e+09	6.72584e+09	6.56884e+09	6.53943e+09	6.53765e+09	6.97711e+09	7.40875e+09	7.51101e+09	6.93466e+09	6.9038e+09	7.58735e+09	6.37467e+09	6.49521e+09	5.49212e+09	6.79589e+09	7.05959e+09	6.98902e+09	7.33021e+09	7.64772e+09	7.6186e+09	7.67651e+09	7.7552e+09	7.57773e+09	5.4894e+09	6.43523e+09	5.33591e+09	5.6241e+09	6.43608e+09	6.0398e+09	4.77343e+09	6.91929e+09	6.87043e+09	7.32943e+09	7.0132e+09	6.76755e+09	4.91626e+09	4.83484e+09	5.49127e+09	4.90106e+09	5.22516e+09	5.38862e+09	6.48857e+09	6.4492e+09	7.26375e+09	6.4155e+09	7.00791e+09	6.96856e+09	6.62356e+09	7.37095e+09	7.45994e+09	5.51364e+09	7.38794e+09	6.94129e+09	5.96504e+09	5.935e+09	5.68163e+09	6.0163e+09	6.22139e+09	5.6856e+09	5.03506e+09	5.34454e+09	6.18305e+09	5.24396e+09	6.15749e+09	6.1785e+09	6.44247e+09	6.22875e+09	6.71438e+09	6.32839e+09	6.35176e+09	6.29815e+09	4.46197e+09	5.03863e+09	5.01032e+09	4.50259e+09	5.03138e+09	4.41786e+09	6.04344e+09	6.19507e+09	6.1057e+09	6.14849e+09	6.83265e+09	7.26971e+09
ERR607755	5.63153e+09	6.60991e+09	5.29224e+09	7.01001e+09	5.66916e+09	5.54301e+09	6.51871e+09	6.5167e+09	6.52404e+09	5.82693e+09	5.86246e+09	6.52375e+09	7.72081e+09	6.88568e+09	7.05389e+09	6.88513e+09	6.85362e+09	6.85189e+09	7.25551e+09	7.51101e+09	8.06528e+09	7.20839e+09	7.1751e+09	7.92679e+09	6.64286e+09	6.77044e+09	5.70866e+09	7.08998e+09	7.37489e+09	7.2987e+09	7.64771e+09	7.99952e+09	7.96519e+09	8.03178e+09	8.11876e+09	7.92203e+09	5.72331e+09	6.72917e+09	5.561e+09	5.86575e+09	6.73013e+09	6.30698e+09	4.95688e+09	7.22506e+09	7.17339e+09	7.66341e+09	7.32369e+09	7.06282e+09	5.17515e+09	5.08762e+09	5.7854e+09	5.15825e+09	5.50138e+09	5.67466e+09	6.74646e+09	6.70465e+09	7.58758e+09	6.66811e+09	7.30472e+09	7.26492e+09	6.91345e+09	7.71336e+09	7.81007e+09	5.73789e+09	7.7314e+09	7.2517e+09	6.30027e+09	6.26702e+09	5.99654e+09	6.35447e+09	6.57352e+09	6.00069e+09	5.26658e+09	5.59387e+09	6.48826e+09	5.48812e+09	6.4618e+09	6.48401e+09	6.71148e+09	6.48515e+09	7.00091e+09	6.59107e+09	6.61561e+09	6.5587e+09	4.69402e+09	5.30736e+09	5.27792e+09	4.73734e+09	5.30076e+09	4.64792e+09	6.29099e+09	6.4508e+09	6.35634e+09	6.4005e+09	7.12683e+09	7.59611e+09
ERR607758	5.17003e+09	6.04001e+09	4.87786e+09	6.38923e+09	5.20244e+09	5.09098e+09	5.98545e+09	5.98326e+09	5.99213e+09	5.36959e+09	5.39954e+09	5.98968e+09	7.00766e+09	6.26648e+09	6.41922e+09	6.27409e+09	6.24518e+09	6.24458e+09	6.72612e+09	6.93466e+09	7.20839e+09	6.86742e+09	6.65926e+09	7.27427e+09	6.13378e+09	6.24739e+09	5.30198e+09	6.54119e+09	6.78262e+09	6.7215e+09	7.04157e+09	7.33534e+09	7.30398e+09	7.36215e+09	7.43293e+09	7.27093e+09	5.26797e+09	6.17063e+09	5.12473e+09	5.39445e+09	6.16372e+09	5.79442e+09	4.61866e+09	6.64859e+09	6.60323e+09	7.02882e+09	6.73467e+09	6.50574e+09	4.68995e+09	4.61109e+09	5.22215e+09	4.67367e+09	4.97766e+09	5.12676e+09	6.26751e+09	6.23152e+09	6.97782e+09	6.1991e+09	6.74372e+09	6.71148e+09	6.35379e+09	7.05591e+09	7.13983e+09	5.31172e+09	7.07132e+09	6.65086e+09	5.64859e+09	5.63093e+09	5.38233e+09	5.70423e+09	5.89682e+09	5.38624e+09	4.81718e+09	5.11203e+09	5.90535e+09	5.01727e+09	5.88109e+09	5.90212e+09	6.19932e+09	5.995e+09	6.45211e+09	6.08889e+09	6.11101e+09	6.05924e+09	4.24256e+09	4.7841e+09	4.75667e+09	4.28161e+09	4.77564e+09	4.20641e+09	5.81252e+09	5.95523e+09	5.87074e+09	5.92122e+09	6.56189e+09	6.96996e+09
ERR607757	5.14747e+09	6.01235e+09	4.85614e+09	6.35959e+09	5.17972e+09	5.06896e+09	5.9603e+09	5.95831e+09	5.96654e+09	5.34772e+09	5.37747e+09	5.96458e+09	6.97608e+09	6.23943e+09	6.3916e+09	6.24725e+09	6.21808e+09	6.21742e+09	6.69755e+09	6.9038e+09	7.1751e+09	6.65926e+09	6.80884e+09	7.24069e+09	6.10859e+09	6.22103e+09	5.28128e+09	6.513e+09	6.75313e+09	6.69249e+09	7.01018e+09	7.30124e+09	7.27047e+09	7.32781e+09	7.39786e+09	7.23728e+09	5.24619e+09	6.14364e+09	5.10397e+09	5.37184e+09	6.13645e+09	5.7695e+09	4.60028e+09	6.61897e+09	6.57405e+09	6.99672e+09	6.70438e+09	6.47708e+09	4.66837e+09	4.58995e+09	5.19791e+09	4.65244e+09	4.95456e+09	5.10306e+09	6.24092e+09	6.20542e+09	6.94598e+09	6.17302e+09	6.71346e+09	6.68112e+09	6.32736e+09	7.02523e+09	7.10828e+09	5.29035e+09	7.04064e+09	6.6228e+09	5.62246e+09	5.60448e+09	5.35771e+09	5.67737e+09	5.86917e+09	5.36166e+09	4.79732e+09	5.09052e+09	5.87919e+09	4.99634e+09	5.85498e+09	5.87598e+09	6.1738e+09	5.9709e+09	6.42522e+09	6.06397e+09	6.08626e+09	6.03477e+09	4.22383e+09	4.76251e+09	4.73504e+09	4.26245e+09	4.7547e+09	4.18756e+09	5.78966e+09	5.9321e+09	5.84771e+09	5.89759e+09	6.53493e+09	6.94042e+09
ERR607754	5.68889e+09	6.67914e+09	5.33413e+09	7.08926e+09	5.72735e+09	5.59839e+09	6.5879e+09	6.58671e+09	6.59368e+09	5.88371e+09	5.92213e+09	6.59401e+09	7.82297e+09	6.97553e+09	7.14304e+09	6.97013e+09	6.93891e+09	6.93645e+09	7.323e+09	7.58735e+09	7.92679e+09	7.27427e+09	7.24069e+09	8.242e+09	6.70698e+09	6.83567e+09	5.75592e+09	7.15306e+09	7.44609e+09	7.36574e+09	7.72484e+09	8.08222e+09	8.05331e+09	8.11562e+09	8.2055e+09	8.00376e+09	5.78627e+09	6.799e+09	5.61901e+09	5.93138e+09	6.80706e+09	6.37294e+09	4.98984e+09	7.29357e+09	7.24022e+09	7.74467e+09	7.39747e+09	7.1281e+09	5.23078e+09	5.14384e+09	5.86144e+09	5.21562e+09	5.56817e+09	5.74848e+09	6.79771e+09	6.75494e+09	7.66253e+09	6.7183e+09	7.37461e+09	7.32949e+09	6.99178e+09	7.80595e+09	7.9041e+09	5.79029e+09	7.82448e+09	7.33916e+09	6.39686e+09	6.35528e+09	6.0882e+09	6.44667e+09	6.66999e+09	6.09264e+09	5.32941e+09	5.66022e+09	6.56428e+09	5.552e+09	6.53756e+09	6.55943e+09	6.77763e+09	6.54933e+09	7.07574e+09	6.65908e+09	6.68333e+09	6.62635e+09	4.75851e+09	5.38328e+09	5.35356e+09	4.80196e+09	5.37674e+09	4.70594e+09	6.35877e+09	6.52095e+09	6.42503e+09	6.46162e+09	7.2047e+09	7.68342e+09
ERR613693	4.90363e+09	5.70468e+09	4.61475e+09	6.02935e+09	4.93234e+09	4.82872e+09	5.8246e+09	5.82247e+09	5.82775e+09	5.24623e+09	5.27165e+09	5.82823e+09	6.73305e+09	6.05212e+09	6.19177e+09	6.04868e+09	6.02298e+09	6.02318e+09	6.17179e+09	6.37467e+09	6.64286e+09	6.13378e+09	6.10859e+09	6.70698e+09	6.12452e+09	6.03709e+09	5.13708e+09	6.29695e+09	6.53396e+09	6.47131e+09	6.55283e+09	6.83365e+09	6.80633e+09	6.85945e+09	6.92959e+09	6.77441e+09	4.99554e+09	5.82918e+09	4.8619e+09	5.11476e+09	5.82949e+09	5.48141e+09	4.35979e+09	6.25957e+09	6.21954e+09	6.60779e+09	6.33441e+09	6.12278e+09	4.6944e+09	4.61917e+09	5.2125e+09	4.68115e+09	4.9735e+09	5.11823e+09	5.9405e+09	5.90713e+09	6.6336e+09	5.87883e+09	6.39882e+09	6.36826e+09	6.1126e+09	6.75718e+09	6.83506e+09	5.13774e+09	6.77174e+09	6.38558e+09	5.62759e+09	5.60845e+09	5.37086e+09	5.67689e+09	5.86237e+09	5.37523e+09	4.76709e+09	5.04444e+09	5.79761e+09	4.9532e+09	5.77575e+09	5.79497e+09	5.9487e+09	5.76553e+09	6.18368e+09	5.85103e+09	5.86974e+09	5.82367e+09	4.26723e+09	4.79307e+09	4.76881e+09	4.30413e+09	4.78746e+09	4.22967e+09	5.59676e+09	5.72628e+09	5.64704e+09	5.6886e+09	6.27836e+09	6.65359e+09
ERR613692	4.98712e+09	5.80844e+09	4.69194e+09	6.1408e+09	5.01665e+09	4.91101e+09	5.92694e+09	5.92478e+09	5.93015e+09	5.33372e+09	5.35966e+09	5.93133e+09	6.8606e+09	6.16182e+09	6.30475e+09	6.15816e+09	6.13241e+09	6.13215e+09	6.28607e+09	6.49521e+09	6.77044e+09	6.24739e+09	6.22103e+09	6.83567e+09	6.03709e+09	6.34095e+09	5.22126e+09	6.41219e+09	6.6558e+09	6.59021e+09	6.67688e+09	6.96575e+09	6.93707e+09	6.99182e+09	7.06402e+09	6.9042e+09	5.08014e+09	5.93375e+09	4.94338e+09	5.20258e+09	5.93478e+09	5.57803e+09	4.4292e+09	6.37461e+09	6.33302e+09	6.73256e+09	6.45104e+09	6.23388e+09	4.77484e+09	4.69846e+09	5.30455e+09	4.76135e+09	5.0599e+09	5.2083e+09	6.04827e+09	6.01418e+09	6.75975e+09	5.98458e+09	6.51915e+09	6.48729e+09	6.22387e+09	6.88669e+09	6.96618e+09	5.22427e+09	6.90158e+09	6.50405e+09	5.73082e+09	5.71085e+09	5.46834e+09	5.78193e+09	5.97097e+09	5.47287e+09	4.8462e+09	5.12992e+09	5.90119e+09	5.03661e+09	5.87989e+09	5.89913e+09	6.05463e+09	5.86634e+09	6.2966e+09	5.95416e+09	5.97388e+09	5.92629e+09	4.33864e+09	4.87595e+09	4.85167e+09	4.37633e+09	4.87029e+09	4.3002e+09	5.69379e+09	5.82708e+09	5.74589e+09	5.7885e+09	6.39414e+09	6.78003e+09
ERR613694	4.27039e+09	4.92989e+09	4.03878e+09	5.19153e+09	4.2936e+09	4.20883e+09	5.0367e+09	5.03462e+09	5.03867e+09	4.56715e+09	4.58572e+09	5.03882e+09	5.76106e+09	5.20597e+09	5.32206e+09	5.20699e+09	5.18535e+09	5.18588e+09	5.33198e+09	5.49212e+09	5.70866e+09	5.30198e+09	5.28128e+09	5.75592e+09	5.13708e+09	5.22126e+09	4.65328e+09	5.43953e+09	5.62563e+09	5.5786e+09	5.63626e+09	5.86354e+09	5.83673e+09	5.88371e+09	5.93978e+09	5.81524e+09	4.34975e+09	5.03988e+09	4.24245e+09	4.44769e+09	5.03436e+09	4.75384e+09	3.83998e+09	5.39933e+09	5.36756e+09	5.67599e+09	5.45697e+09	5.2881e+09	4.07188e+09	4.00758e+09	4.49362e+09	4.05927e+09	4.30018e+09	4.41657e+09	5.15053e+09	5.12367e+09	5.70064e+09	5.10007e+09	5.51245e+09	5.49189e+09	5.2674e+09	5.78943e+09	5.85257e+09	4.48155e+09	5.80055e+09	5.48621e+09	4.82355e+09	4.8161e+09	4.61024e+09	4.86998e+09	5.02256e+09	4.6148e+09	4.15015e+09	4.38152e+09	5.00136e+09	4.30621e+09	4.98315e+09	4.99996e+09	5.1427e+09	4.99237e+09	5.32953e+09	5.06041e+09	5.07672e+09	5.03899e+09	3.69779e+09	4.13602e+09	4.11595e+09	3.72933e+09	4.13046e+09	3.67202e+09	4.84913e+09	4.95468e+09	4.89012e+09	4.93264e+09	5.40532e+09	5.70767e+09
ERR613691	5.18146e+09	6.05849e+09	4.89157e+09	6.40694e+09	5.21338e+09	5.10151e+09	6.18112e+09	6.17853e+09	6.18471e+09	5.55669e+09	5.5813e+09	6.18434e+09	7.15809e+09	6.40704e+09	6.56423e+09	6.41141e+09	6.38188e+09	6.38281e+09	6.58137e+09	6.79589e+09	7.08998e+09	6.54119e+09	6.513e+09	7.15306e+09	6.29695e+09	6.41219e+09	5.43953e+09	6.92862e+09	6.9709e+09	6.90759e+09	6.99081e+09	7.30231e+09	7.26363e+09	7.3302e+09	7.40556e+09	7.2361e+09	5.27338e+09	6.19091e+09	5.13106e+09	5.40176e+09	6.18171e+09	5.80905e+09	4.62449e+09	6.67126e+09	6.62751e+09	7.04654e+09	6.74926e+09	6.52195e+09	4.96808e+09	4.88415e+09	5.50813e+09	4.94984e+09	5.25947e+09	5.40802e+09	6.34477e+09	6.30896e+09	7.08671e+09	6.27741e+09	6.83177e+09	6.80594e+09	6.49386e+09	7.20219e+09	7.28944e+09	5.44638e+09	7.21773e+09	6.78922e+09	5.94653e+09	5.93546e+09	5.66785e+09	6.00816e+09	6.20724e+09	5.67294e+09	5.02328e+09	5.3258e+09	6.14737e+09	5.22808e+09	6.12353e+09	6.14541e+09	6.32692e+09	6.12394e+09	6.57991e+09	6.21511e+09	6.23709e+09	6.1858e+09	4.48936e+09	5.05106e+09	5.02405e+09	4.52945e+09	5.04384e+09	4.45729e+09	5.93077e+09	6.07143e+09	5.98587e+09	6.043e+09	6.6818e+09	7.09486e+09
ERR613689	5.37945e+09	6.30117e+09	5.06432e+09	6.67275e+09	5.41318e+09	5.29504e+09	6.42559e+09	6.42222e+09	6.42795e+09	5.76296e+09	5.79147e+09	6.42838e+09	7.47528e+09	6.68343e+09	6.8467e+09	6.68278e+09	6.65277e+09	6.65287e+09	6.82675e+09	7.05959e+09	7.37489e+09	6.78262e+09	6.75313e+09	7.44609e+09	6.53396e+09	6.6558e+09	5.62563e+09	6.9709e+09	7.47352e+09	7.17858e+09	7.26795e+09	7.59982e+09	7.56327e+09	7.62979e+09	7.71188e+09	7.53001e+09	5.47358e+09	6.43407e+09	5.32325e+09	5.60956e+09	6.4305e+09	6.03296e+09	4.77292e+09	6.93259e+09	6.88626e+09	7.33372e+09	7.01523e+09	6.77234e+09	5.175e+09	5.08788e+09	5.75452e+09	5.15755e+09	5.4867e+09	5.64688e+09	6.57293e+09	6.53445e+09	7.37285e+09	6.50103e+09	7.09814e+09	7.06845e+09	6.75539e+09	7.50914e+09	7.60195e+09	5.64065e+09	7.52544e+09	7.07131e+09	6.22903e+09	6.20896e+09	5.93506e+09	6.2882e+09	6.49967e+09	5.93949e+09	5.22379e+09	5.54016e+09	6.4078e+09	5.43769e+09	6.3831e+09	6.40585e+09	6.56813e+09	6.35519e+09	6.83976e+09	6.45287e+09	6.47568e+09	6.42147e+09	4.68301e+09	5.27704e+09	5.24907e+09	4.72472e+09	5.27044e+09	4.64533e+09	6.15673e+09	6.30605e+09	6.21575e+09	6.26775e+09	6.94823e+09	7.3879e+09
ERR613690	5.32099e+09	6.23134e+09	5.0184e+09	6.5953e+09	5.35419e+09	5.23785e+09	6.35803e+09	6.35496e+09	6.36058e+09	5.70773e+09	5.73384e+09	6.36072e+09	7.38049e+09	6.59903e+09	6.76198e+09	6.6021e+09	6.57163e+09	6.57213e+09	6.76391e+09	6.98902e+09	7.2987e+09	6.7215e+09	6.69249e+09	7.36574e+09	6.47131e+09	6.59021e+09	5.5786e+09	6.90759e+09	7.17858e+09	7.33352e+09	7.19407e+09	7.52054e+09	7.48134e+09	7.54958e+09	7.62913e+09	7.45177e+09	5.41235e+09	6.36465e+09	5.26605e+09	5.54592e+09	6.35675e+09	5.96784e+09	4.73777e+09	6.86502e+09	6.81907e+09	7.25509e+09	6.94288e+09	6.70606e+09	5.11701e+09	5.02998e+09	5.67867e+09	5.09798e+09	5.41908e+09	5.57311e+09	6.52114e+09	6.4842e+09	7.29915e+09	6.45133e+09	7.02962e+09	7.00475e+09	6.6814e+09	7.42207e+09	7.51482e+09	5.58953e+09	7.4392e+09	6.98992e+09	6.13723e+09	6.12322e+09	5.84752e+09	6.19917e+09	6.40725e+09	5.85203e+09	5.16247e+09	5.47474e+09	6.33218e+09	5.37431e+09	6.30694e+09	6.32983e+09	6.50386e+09	6.29325e+09	6.76787e+09	6.38729e+09	6.41036e+09	6.35608e+09	4.62054e+09	5.20414e+09	5.17578e+09	4.6623e+09	5.1969e+09	4.58697e+09	6.09255e+09	6.23957e+09	6.14976e+09	6.2083e+09	6.87468e+09	7.30701e+09
ERR636835	5.54417e+09	6.50241e+09	5.21559e+09	6.89064e+09	5.58086e+09	5.4572e+09	6.44549e+09	6.44258e+09	6.44998e+09	5.7679e+09	5.8008e+09	6.44936e+09	7.58248e+09	6.76857e+09	6.93364e+09	6.76935e+09	6.73872e+09	6.73812e+09	7.08697e+09	7.33021e+09	7.64771e+09	7.04157e+09	7.01018e+09	7.72484e+09	6.55283e+09	6.67688e+09	5.63626e+09	6.99081e+09	7.26795e+09	7.19407e+09	7.79931e+09	7.92323e+09	7.8899e+09	7.95371e+09	8.04069e+09	7.84921e+09	5.62795e+09	6.61171e+09	5.46957e+09	5.76662e+09	6.61034e+09	6.20035e+09	4.89435e+09	7.11378e+09	7.06262e+09	7.53847e+09	7.20731e+09	6.95592e+09	5.13528e+09	5.04892e+09	5.73369e+09	5.11863e+09	5.45615e+09	5.62643e+09	6.65855e+09	6.61882e+09	7.47518e+09	6.58422e+09	7.20197e+09	7.16253e+09	6.81599e+09	7.59307e+09	7.68686e+09	5.67067e+09	7.61039e+09	7.14447e+09	6.22062e+09	6.19189e+09	5.92252e+09	6.27654e+09	6.49076e+09	5.92698e+09	5.21659e+09	5.53902e+09	6.41779e+09	5.43423e+09	6.39161e+09	6.41307e+09	6.63863e+09	6.41806e+09	6.92152e+09	6.51968e+09	6.54303e+09	6.48857e+09	4.64799e+09	5.25038e+09	5.22135e+09	4.69004e+09	5.24376e+09	4.6046e+09	6.21407e+09	6.37016e+09	6.27767e+09	6.3233e+09	7.03203e+09	7.48723e+09
ERR636838	5.79269e+09	6.81452e+09	5.44771e+09	7.22949e+09	5.83205e+09	5.70022e+09	6.73774e+09	6.73471e+09	6.74131e+09	6.01888e+09	6.05381e+09	6.74184e+09	7.96428e+09	7.09253e+09	7.26927e+09	7.09271e+09	7.06093e+09	7.0595e+09	7.38546e+09	7.64772e+09	7.99952e+09	7.33534e+09	7.30124e+09	8.08222e+09	6.83365e+09	6.96575e+09	5.86354e+09	7.30231e+09	7.59982e+09	7.52054e+09	7.92323e+09	8.55041e+09	8.26437e+09	8.34292e+09	8.43849e+09	8.22284e+09	5.8685e+09	6.91558e+09	5.70136e+09	6.01509e+09	6.91379e+09	6.47637e+09	5.08817e+09	7.43521e+09	7.38108e+09	7.89103e+09	7.53564e+09	7.26605e+09	5.39536e+09	5.30265e+09	6.0299e+09	5.37685e+09	5.73504e+09	5.9146e+09	6.93651e+09	6.89333e+09	7.8217e+09	6.85617e+09	7.52125e+09	7.48115e+09	7.11956e+09	7.95293e+09	8.05604e+09	5.90494e+09	7.97247e+09	7.46985e+09	6.55868e+09	6.52643e+09	6.23875e+09	6.61819e+09	6.84693e+09	6.24346e+09	5.45229e+09	5.79462e+09	6.73201e+09	5.68422e+09	6.70396e+09	6.72688e+09	6.924e+09	6.68907e+09	7.22589e+09	6.79804e+09	6.82338e+09	6.76431e+09	4.87907e+09	5.51892e+09	5.48857e+09	4.92318e+09	5.51281e+09	4.83322e+09	6.47313e+09	6.63839e+09	6.54091e+09	6.58796e+09	7.34231e+09	7.83364e+09
ERR636836	5.76661e+09	6.77853e+09	5.41114e+09	7.19497e+09	5.80559e+09	5.67442e+09	6.71177e+09	6.70958e+09	6.71601e+09	5.99334e+09	6.03092e+09	6.71704e+09	7.93899e+09	7.07436e+09	7.24695e+09	7.06947e+09	7.03864e+09	7.03639e+09	7.35308e+09	7.6186e+09	7.96519e+09	7.30398e+09	7.27047e+09	8.05331e+09	6.80633e+09	6.93707e+09	5.83673e+09	7.26363e+09	7.56327e+09	7.48134e+09	7.8899e+09	8.26437e+09	8.47058e+09	8.29797e+09	8.39345e+09	8.18363e+09	5.85007e+09	6.88404e+09	5.68152e+09	5.99656e+09	6.88936e+09	6.44968e+09	5.05566e+09	7.39761e+09	7.34352e+09	7.8555e+09	7.49974e+09	7.22853e+09	5.36703e+09	5.2767e+09	6.01007e+09	5.35073e+09	5.71063e+09	5.89363e+09	6.89876e+09	6.85587e+09	7.78544e+09	6.8192e+09	7.48843e+09	7.44348e+09	7.0991e+09	7.92835e+09	8.03001e+09	5.87957e+09	7.9472e+09	7.45029e+09	6.54299e+09	6.50455e+09	6.22528e+09	6.59674e+09	6.82536e+09	6.23002e+09	5.43717e+09	5.77587e+09	6.70626e+09	5.66524e+09	6.67823e+09	6.7006e+09	6.89833e+09	6.66518e+09	7.2021e+09	6.77567e+09	6.79958e+09	6.74184e+09	4.86615e+09	5.50555e+09	5.47531e+09	4.91022e+09	5.49947e+09	4.81601e+09	6.45664e+09	6.62132e+09	6.52328e+09	6.56338e+09	7.31917e+09	7.80787e+09
