	ERR607785	ERR607781	ERR607783	ERR607784	ERR607786	ERR607782	ERR608153	ERR608149	ERR608151	ERR608154	ERR608152	ERR608150	ERR613347	ERR613351	ERR613350	ERR613352	ERR613349	ERR613348	ERR613454	ERR613449	ERR613451	ERR613450	ERR613453	ERR613452	ERR607987	ERR607986	ERR607988	ERR607984	ERR607983	ERR607985	ERR618694	ERR618693	ERR618695	ERR618696	ERR618698	ERR618697	ERR622146	ERR622144	ERR622143	ERR622148	ERR622147	ERR622145	ERR626797	ERR626795	ERR626799	ERR626798	ERR626796	ERR626800	ERR631724	ERR631719	ERR631721	ERR631722	ERR631723	ERR631720	ERR630443	ERR630444	ERR630442	ERR630445	ERR630440	ERR630441	ERR616444	ERR616447	ERR616449	ERR616445	ERR616448	ERR616446	ERR618579	ERR618583	ERR618582	ERR618581	ERR618580	ERR618584	ERR626775	ERR626772	ERR626774	ERR626773	ERR626771	ERR626776	ERR629975	ERR629973	ERR629972	ERR629971	ERR629974	ERR629970	ERR616181	ERR616184	ERR616182	ERR616179	ERR616180	ERR616183	ERR616860	ERR616859	ERR616864	ERR616863	ERR616862	ERR616861
ERR607785	8.16882e+09	8.00946e+09	8.01211e+09	7.21976e+09	7.97651e+09	7.36238e+09	7.48786e+09	5.6903e+09	7.37083e+09	6.86456e+09	7.38605e+09	6.85194e+09	6.6502e+09	5.87996e+09	5.75983e+09	4.91781e+09	6.30444e+09	5.85592e+09	7.24517e+09	8.03437e+09	8.01125e+09	8.01447e+09	7.2684e+09	7.33371e+09	6.46175e+09	6.37695e+09	6.36112e+09	7.93623e+09	7.74059e+09	7.93373e+09	6.26133e+09	6.5688e+09	6.28529e+09	6.46702e+09	6.62206e+09	6.50881e+09	6.14967e+09	7.11475e+09	5.85554e+09	5.98255e+09	6.07947e+09	7.47441e+09	6.68976e+09	6.98965e+09	7.06469e+09	7.02348e+09	6.67299e+09	7.23774e+09	7.74813e+09	7.77899e+09	8.05321e+09	7.87921e+09	7.91854e+09	7.53115e+09	6.87724e+09	6.80651e+09	6.8525e+09	7.0009e+09	6.98094e+09	6.53676e+09	5.93173e+09	6.96966e+09	7.0017e+09	4.09995e+09	7.02059e+09	6.02299e+09	6.69546e+09	6.04696e+09	6.36875e+09	6.42191e+09	6.34937e+09	6.04625e+09	6.01801e+09	5.81348e+09	5.97805e+09	5.85058e+09	6.075e+09	6.12066e+09	7.23942e+09	7.27802e+09	7.84004e+09	7.22069e+09	7.18569e+09	7.91437e+09	6.1358e+09	7.43252e+09	7.29344e+09	6.36801e+09	6.74592e+09	7.32735e+09	7.26855e+09	7.23631e+09	6.82564e+09	6.80708e+09	6.76564e+09	7.55802e+09
ERR607781	8.00946e+09	8.31933e+09	8.09156e+09	7.27328e+09	8.04655e+09	7.42055e+09	7.56627e+09	5.73243e+09	7.4463e+09	6.92845e+09	7.46303e+09	6.91717e+09	6.73965e+09	5.95904e+09	5.83757e+09	4.97151e+09	6.38443e+09	5.92839e+09	7.31023e+09	8.10842e+09	8.0855e+09	8.08872e+09	7.33426e+09	7.39988e+09	6.51431e+09	6.42937e+09	6.4124e+09	8.01207e+09	7.80905e+09	8.00505e+09	6.32475e+09	6.64025e+09	6.35066e+09	6.53781e+09	6.69645e+09	6.58e+09	6.20197e+09	7.17741e+09	5.89518e+09	6.03304e+09	6.13098e+09	7.54541e+09	6.7567e+09	7.06238e+09	7.13839e+09	7.09733e+09	6.73826e+09	7.31592e+09	7.82233e+09	7.85626e+09	8.13865e+09	7.95745e+09	7.99692e+09	7.60555e+09	6.95071e+09	6.87837e+09	6.92611e+09	7.07402e+09	7.05525e+09	6.60064e+09	5.99515e+09	7.0406e+09	7.07376e+09	4.14159e+09	7.09394e+09	6.08886e+09	6.77444e+09	6.12091e+09	6.44637e+09	6.49563e+09	6.42078e+09	6.12002e+09	6.08924e+09	5.8796e+09	6.0492e+09	5.91818e+09	6.14672e+09	6.19447e+09	7.30979e+09	7.34934e+09	7.93073e+09	7.29703e+09	7.25518e+09	8.00664e+09	6.21524e+09	7.52532e+09	7.38374e+09	6.44681e+09	6.83189e+09	7.41747e+09	7.33422e+09	7.29755e+09	6.8766e+09	6.85764e+09	6.81575e+09	7.62761e+09
ERR607783	8.01211e+09	8.09156e+09	8.32805e+09	7.27554e+09	8.04942e+09	7.42235e+09	7.56823e+09	5.73345e+09	7.44764e+09	6.93043e+09	7.46547e+09	6.91866e+09	6.74239e+09	5.96098e+09	5.83942e+09	4.97345e+09	6.38639e+09	5.93008e+09	7.31145e+09	8.10944e+09	8.08697e+09	8.09009e+09	7.33574e+09	7.40157e+09	6.51661e+09	6.43177e+09	6.41465e+09	8.01564e+09	7.81251e+09	8.00887e+09	6.32585e+09	6.64159e+09	6.35259e+09	6.5396e+09	6.69771e+09	6.58135e+09	6.20368e+09	7.17966e+09	5.89668e+09	6.03519e+09	6.1331e+09	7.54811e+09	6.75831e+09	7.06383e+09	7.14052e+09	7.09892e+09	6.7396e+09	7.31788e+09	7.82334e+09	7.85724e+09	8.14062e+09	7.95833e+09	7.99795e+09	7.60628e+09	6.9524e+09	6.87967e+09	6.92684e+09	7.07583e+09	7.05616e+09	6.6014e+09	5.99618e+09	7.04191e+09	7.07485e+09	4.14201e+09	7.0954e+09	6.08976e+09	6.77604e+09	6.12201e+09	6.4483e+09	6.49728e+09	6.42163e+09	6.12137e+09	6.08952e+09	5.87976e+09	6.04962e+09	5.91823e+09	6.14712e+09	6.1951e+09	7.31036e+09	7.3505e+09	7.93212e+09	7.29783e+09	7.25613e+09	8.00806e+09	6.2168e+09	7.52707e+09	7.38587e+09	6.44813e+09	6.83311e+09	7.41861e+09	7.33397e+09	7.29739e+09	6.87576e+09	6.85671e+09	6.81493e+09	7.62777e+09
ERR607784	7.21976e+09	7.27328e+09	7.27554e+09	6.82992e+09	7.2479e+09	6.76318e+09	6.78603e+09	5.22779e+09	6.68727e+09	6.24915e+09	6.69703e+09	6.24096e+09	5.87267e+09	5.21471e+09	5.11084e+09	4.40272e+09	5.58295e+09	5.20293e+09	6.60167e+09	7.27293e+09	7.25418e+09	7.25727e+09	6.62113e+09	6.67768e+09	5.947e+09	5.87006e+09	5.857e+09	7.20844e+09	7.0519e+09	7.20758e+09	5.61456e+09	5.8748e+09	5.63205e+09	5.7852e+09	5.91676e+09	5.82167e+09	5.61581e+09	6.46953e+09	5.37081e+09	5.46774e+09	5.55298e+09	6.77709e+09	6.02904e+09	6.28571e+09	6.34993e+09	6.31372e+09	6.01492e+09	6.49681e+09	7.04431e+09	7.06931e+09	7.28775e+09	7.1489e+09	7.1807e+09	6.86794e+09	6.16506e+09	6.10484e+09	6.1471e+09	6.27431e+09	6.26055e+09	5.87859e+09	5.3379e+09	6.24755e+09	6.27373e+09	3.71628e+09	6.29029e+09	5.41662e+09	5.9739e+09	5.40439e+09	5.68595e+09	5.73854e+09	5.67748e+09	5.4053e+09	5.36872e+09	5.19576e+09	5.33563e+09	5.22542e+09	5.42027e+09	5.45701e+09	6.54248e+09	6.57503e+09	7.04707e+09	6.51691e+09	6.4967e+09	7.10848e+09	5.53043e+09	6.66862e+09	6.54786e+09	5.73921e+09	6.06531e+09	6.57879e+09	6.6489e+09	6.62465e+09	6.2736e+09	6.25709e+09	6.22053e+09	6.88757e+09
ERR607786	7.97651e+09	8.04655e+09	8.04942e+09	7.2479e+09	8.24942e+09	7.39176e+09	7.52533e+09	5.7129e+09	7.40644e+09	6.89628e+09	7.4225e+09	6.88372e+09	6.69147e+09	5.91516e+09	5.79456e+09	4.94439e+09	6.34179e+09	5.8902e+09	7.27718e+09	8.07247e+09	8.04961e+09	8.05236e+09	7.30103e+09	7.36679e+09	6.48784e+09	6.4029e+09	6.38654e+09	7.97355e+09	7.77565e+09	7.97053e+09	6.29354e+09	6.60407e+09	6.31845e+09	6.50268e+09	6.65892e+09	6.54438e+09	6.17674e+09	7.14696e+09	5.87835e+09	6.00885e+09	6.10607e+09	7.50972e+09	6.72306e+09	7.02533e+09	7.10165e+09	7.05947e+09	6.70547e+09	7.27581e+09	7.78149e+09	7.81385e+09	8.09101e+09	7.91449e+09	7.95417e+09	7.5633e+09	6.91141e+09	6.84009e+09	6.88537e+09	7.03533e+09	7.0145e+09	6.56746e+09	5.96007e+09	7.00325e+09	7.03609e+09	4.1178e+09	7.05565e+09	6.05176e+09	6.7306e+09	6.0789e+09	6.40323e+09	6.45466e+09	6.38125e+09	6.07841e+09	6.04968e+09	5.84294e+09	6.0098e+09	5.88081e+09	6.1071e+09	6.1537e+09	7.27324e+09	7.3121e+09	7.87975e+09	7.25507e+09	7.2191e+09	7.95473e+09	6.1675e+09	7.47278e+09	7.3329e+09	6.40022e+09	6.78112e+09	7.3664e+09	7.29754e+09	7.26446e+09	6.8497e+09	6.8318e+09	6.78986e+09	7.58917e+09
ERR607782	7.36238e+09	7.42055e+09	7.42235e+09	6.76318e+09	7.39176e+09	7.07681e+09	6.92137e+09	5.32277e+09	6.82012e+09	6.36952e+09	6.82993e+09	6.36124e+09	6.02065e+09	5.3403e+09	5.23334e+09	4.5044e+09	5.7222e+09	5.3293e+09	6.73127e+09	7.42664e+09	7.40705e+09	7.40985e+09	6.75105e+09	6.80977e+09	6.04797e+09	5.96899e+09	5.956e+09	7.35083e+09	7.18786e+09	7.35091e+09	5.74435e+09	6.0124e+09	5.76299e+09	5.92025e+09	6.0557e+09	5.95771e+09	5.72218e+09	6.59896e+09	5.47263e+09	5.57059e+09	5.65804e+09	6.91533e+09	6.16161e+09	6.42573e+09	6.49151e+09	6.45419e+09	6.14762e+09	6.64262e+09	7.18846e+09	7.21461e+09	7.44294e+09	7.29787e+09	7.33123e+09	7.00372e+09	6.30748e+09	6.24571e+09	6.28924e+09	6.42007e+09	6.40635e+09	6.01419e+09	5.4584e+09	6.39465e+09	6.42125e+09	3.7945e+09	6.43792e+09	5.53914e+09	6.1178e+09	5.53151e+09	5.8209e+09	5.87582e+09	5.81327e+09	5.53185e+09	5.4997e+09	5.32161e+09	5.46484e+09	5.35275e+09	5.55227e+09	5.59008e+09	6.68568e+09	6.71893e+09	7.20519e+09	6.65927e+09	6.63829e+09	7.26866e+09	5.64265e+09	6.81235e+09	6.6886e+09	5.85709e+09	6.19275e+09	6.7202e+09	6.77824e+09	6.75362e+09	6.39172e+09	6.37504e+09	6.33779e+09	7.0268e+09
ERR608153	7.48786e+09	7.56627e+09	7.56823e+09	6.78603e+09	7.52533e+09	6.92137e+09	7.56729e+09	5.56263e+09	7.2214e+09	6.72916e+09	7.24713e+09	6.71543e+09	6.62724e+09	5.87784e+09	5.76116e+09	4.9016e+09	6.27979e+09	5.83551e+09	6.98156e+09	7.7138e+09	7.69154e+09	7.69466e+09	7.0058e+09	7.06502e+09	6.21524e+09	6.13938e+09	6.12149e+09	7.60621e+09	7.40845e+09	7.59329e+09	6.17839e+09	6.48561e+09	6.20724e+09	6.39494e+09	6.54834e+09	6.43237e+09	5.93268e+09	6.83738e+09	5.61729e+09	5.77414e+09	5.86725e+09	7.18585e+09	6.50836e+09	6.80068e+09	6.87441e+09	6.83553e+09	6.48775e+09	7.04616e+09	7.45169e+09	7.48669e+09	7.76336e+09	7.58239e+09	7.61983e+09	7.24997e+09	6.7431e+09	6.67293e+09	6.71354e+09	6.85664e+09	6.83505e+09	6.39847e+09	5.85591e+09	6.83855e+09	6.87099e+09	4.06866e+09	6.89151e+09	5.94676e+09	6.61163e+09	6.00254e+09	6.31169e+09	6.34514e+09	6.27021e+09	5.99997e+09	5.95416e+09	5.74755e+09	5.91698e+09	5.78667e+09	6.00682e+09	6.05646e+09	7.04352e+09	7.08434e+09	7.64188e+09	7.04664e+09	6.99173e+09	7.71326e+09	6.10158e+09	7.33614e+09	7.20223e+09	6.31393e+09	6.68422e+09	7.23106e+09	6.97875e+09	6.93467e+09	6.5404e+09	6.52232e+09	6.48521e+09	7.25497e+09
ERR608149	5.6903e+09	5.73243e+09	5.73345e+09	5.22779e+09	5.7129e+09	5.32277e+09	5.56263e+09	4.53442e+09	5.48727e+09	5.1627e+09	5.49737e+09	5.15461e+09	5.00513e+09	4.48537e+09	4.40305e+09	3.83255e+09	4.77888e+09	4.4758e+09	5.34189e+09	5.83803e+09	5.82252e+09	5.82461e+09	5.35679e+09	5.39732e+09	4.82325e+09	4.76816e+09	4.7577e+09	5.75823e+09	5.63539e+09	5.75658e+09	4.75559e+09	4.95855e+09	4.77232e+09	4.89286e+09	4.99445e+09	4.91933e+09	4.61723e+09	5.24698e+09	4.4222e+09	4.50697e+09	4.57231e+09	5.4736e+09	4.99396e+09	5.1882e+09	5.23794e+09	5.21025e+09	4.98195e+09	5.34985e+09	5.64076e+09	5.65972e+09	5.83597e+09	5.72447e+09	5.74996e+09	5.49952e+09	5.13188e+09	5.08616e+09	5.11543e+09	5.21429e+09	5.20003e+09	4.91084e+09	4.50909e+09	5.20034e+09	5.221e+09	3.20557e+09	5.23206e+09	4.56966e+09	5.01543e+09	4.5821e+09	4.79887e+09	4.8356e+09	4.78784e+09	4.58128e+09	4.55592e+09	4.41826e+09	4.53012e+09	4.44311e+09	4.59552e+09	4.6244e+09	5.35831e+09	5.38398e+09	5.73561e+09	5.344e+09	5.32306e+09	5.78266e+09	4.64103e+09	5.49851e+09	5.40746e+09	4.79807e+09	5.0472e+09	5.43043e+09	5.32943e+09	5.30791e+09	5.04785e+09	5.03577e+09	5.0113e+09	5.5145e+09
ERR608151	7.37083e+09	7.4463e+09	7.44764e+09	6.68727e+09	7.40644e+09	6.82012e+09	7.2214e+09	5.48727e+09	7.32611e+09	6.62364e+09	7.12774e+09	6.6145e+09	6.51032e+09	5.77809e+09	5.66409e+09	4.82721e+09	6.17341e+09	5.7394e+09	6.8767e+09	7.59021e+09	7.56891e+09	7.57154e+09	6.89955e+09	6.9572e+09	6.12474e+09	6.05061e+09	6.03374e+09	7.48276e+09	7.29053e+09	7.47024e+09	6.08274e+09	6.38241e+09	6.10998e+09	6.29236e+09	6.44122e+09	6.3288e+09	5.8465e+09	6.73306e+09	5.54027e+09	5.69087e+09	5.78222e+09	7.07199e+09	6.40684e+09	6.69255e+09	6.76437e+09	6.726e+09	6.38782e+09	6.93031e+09	7.33115e+09	7.36474e+09	7.63231e+09	7.45807e+09	7.49478e+09	7.13397e+09	6.63237e+09	6.56419e+09	6.60564e+09	6.74471e+09	6.72395e+09	6.29809e+09	5.76327e+09	6.7263e+09	6.75797e+09	4.00986e+09	6.77705e+09	5.85239e+09	6.50102e+09	5.90336e+09	6.20541e+09	6.24005e+09	6.16779e+09	5.90078e+09	5.85784e+09	5.65716e+09	5.82105e+09	5.69473e+09	5.91028e+09	5.95759e+09	6.93038e+09	6.97004e+09	7.51112e+09	6.93168e+09	6.88e+09	7.58086e+09	5.99903e+09	7.20627e+09	7.07587e+09	6.20869e+09	6.57039e+09	7.10467e+09	6.87309e+09	6.83074e+09	6.44583e+09	6.42797e+09	6.39216e+09	7.14148e+09
ERR608154	6.86456e+09	6.92845e+09	6.93043e+09	6.24915e+09	6.89628e+09	6.36952e+09	6.72916e+09	5.1627e+09	6.62364e+09	6.39347e+09	6.64441e+09	6.18317e+09	6.06679e+09	5.40329e+09	5.29912e+09	4.54248e+09	5.76533e+09	5.37297e+09	6.41803e+09	7.06064e+09	7.04112e+09	7.04342e+09	6.43833e+09	6.4907e+09	5.74218e+09	5.67412e+09	5.65877e+09	6.96257e+09	6.79317e+09	6.95414e+09	5.69298e+09	5.96219e+09	5.71729e+09	5.88061e+09	6.01456e+09	5.9142e+09	5.48548e+09	6.29111e+09	5.20889e+09	5.34353e+09	5.42733e+09	6.59367e+09	5.99044e+09	6.24644e+09	6.31208e+09	6.27698e+09	5.97267e+09	6.46144e+09	6.81856e+09	6.84767e+09	7.08599e+09	6.9319e+09	6.96503e+09	6.63917e+09	6.18723e+09	6.12588e+09	6.16184e+09	6.28959e+09	6.27038e+09	5.88761e+09	5.39417e+09	6.27281e+09	6.30088e+09	3.77663e+09	6.31803e+09	5.4747e+09	6.05879e+09	5.51419e+09	5.7898e+09	5.82428e+09	5.75917e+09	5.51231e+09	5.47321e+09	5.29155e+09	5.44042e+09	5.32568e+09	5.52123e+09	5.56341e+09	6.46055e+09	6.49579e+09	6.97513e+09	6.4579e+09	6.41503e+09	7.03724e+09	5.60136e+09	6.69749e+09	6.58032e+09	5.79479e+09	6.12065e+09	6.60697e+09	6.40577e+09	6.37009e+09	6.02609e+09	6.00978e+09	5.97697e+09	6.64858e+09
ERR608152	7.38605e+09	7.46303e+09	7.46547e+09	6.69703e+09	7.4225e+09	6.82993e+09	7.24713e+09	5.49737e+09	7.12774e+09	6.64441e+09	7.37219e+09	6.63138e+09	6.54317e+09	5.80773e+09	5.69295e+09	4.84688e+09	6.20189e+09	5.76532e+09	6.89007e+09	7.60548e+09	7.58372e+09	7.58655e+09	6.91327e+09	6.97097e+09	6.13911e+09	6.0652e+09	6.04742e+09	7.50279e+09	7.30878e+09	7.48891e+09	6.10099e+09	6.40356e+09	6.13004e+09	6.31449e+09	6.46518e+09	6.35188e+09	5.86113e+09	6.74922e+09	5.54905e+09	5.70511e+09	5.7966e+09	7.09095e+09	6.42653e+09	6.7125e+09	6.78558e+09	6.74785e+09	6.40549e+09	6.95408e+09	7.34865e+09	7.38311e+09	7.65414e+09	7.47629e+09	7.51378e+09	7.15123e+09	6.65462e+09	6.58588e+09	6.62551e+09	6.76644e+09	6.74433e+09	6.3158e+09	5.78366e+09	6.74661e+09	6.77899e+09	4.02302e+09	6.79934e+09	5.87209e+09	6.52484e+09	5.92745e+09	6.23066e+09	6.26327e+09	6.18921e+09	5.92487e+09	5.87995e+09	5.67666e+09	5.84307e+09	5.7152e+09	5.93142e+09	5.98063e+09	6.94813e+09	6.98784e+09	7.5351e+09	6.95165e+09	6.89744e+09	7.60511e+09	6.02725e+09	7.23834e+09	7.10676e+09	6.23577e+09	6.59929e+09	7.13576e+09	6.88396e+09	6.83957e+09	6.45231e+09	6.43457e+09	6.39859e+09	7.15439e+09
ERR608150	6.85194e+09	6.91717e+09	6.91866e+09	6.24096e+09	6.88372e+09	6.36124e+09	6.71543e+09	5.15461e+09	6.6145e+09	6.18317e+09	6.63138e+09	6.37007e+09	6.04699e+09	5.38666e+09	5.28296e+09	4.52916e+09	5.7472e+09	5.35547e+09	6.40755e+09	7.04625e+09	7.02658e+09	7.02954e+09	6.42772e+09	6.47972e+09	5.73411e+09	5.6671e+09	5.65114e+09	6.95181e+09	6.78281e+09	6.94214e+09	5.67732e+09	5.94653e+09	5.70216e+09	5.86479e+09	5.99867e+09	5.89787e+09	5.47555e+09	6.28026e+09	5.1989e+09	5.33394e+09	5.41784e+09	6.58297e+09	5.97749e+09	6.23305e+09	6.29778e+09	6.26305e+09	5.9592e+09	6.44644e+09	6.80912e+09	6.83786e+09	7.07512e+09	6.92096e+09	6.95418e+09	6.6316e+09	6.17229e+09	6.11057e+09	6.14828e+09	6.27417e+09	6.25546e+09	5.87323e+09	5.38335e+09	6.25744e+09	6.28516e+09	3.76924e+09	6.30285e+09	5.4631e+09	6.04452e+09	5.50093e+09	5.77586e+09	5.81056e+09	5.74599e+09	5.49877e+09	5.46054e+09	5.27938e+09	5.42744e+09	5.31315e+09	5.50789e+09	5.5506e+09	6.44816e+09	6.48424e+09	6.96289e+09	6.44644e+09	6.40338e+09	7.02451e+09	5.59285e+09	6.684e+09	6.56693e+09	5.7847e+09	6.11e+09	6.59361e+09	6.39893e+09	6.36185e+09	6.01751e+09	6.00139e+09	5.96913e+09	6.63965e+09
ERR613347	6.6502e+09	6.73965e+09	6.74239e+09	5.87267e+09	6.69147e+09	6.02065e+09	6.62724e+09	5.00513e+09	6.51032e+09	6.06679e+09	6.54317e+09	6.04699e+09	7.11283e+09	6.09757e+09	5.98237e+09	5.05697e+09	6.49195e+09	6.03001e+09	6.34207e+09	7.04873e+09	7.02792e+09	7.02888e+09	6.36848e+09	6.42285e+09	5.49796e+09	5.43708e+09	5.41775e+09	6.80645e+09	6.59119e+09	6.78699e+09	5.92888e+09	6.23067e+09	5.96797e+09	6.15705e+09	6.30789e+09	6.18981e+09	5.41979e+09	6.19335e+09	5.07974e+09	5.28062e+09	5.36211e+09	6.52109e+09	6.13039e+09	6.40026e+09	6.47594e+09	6.44028e+09	6.10491e+09	6.64305e+09	6.75182e+09	6.7914e+09	7.10498e+09	6.89885e+09	6.94101e+09	6.5327e+09	6.49456e+09	6.42462e+09	6.45292e+09	6.59169e+09	6.55967e+09	6.13909e+09	5.67263e+09	6.55623e+09	6.59072e+09	3.97751e+09	6.61088e+09	5.7594e+09	6.47492e+09	5.92815e+09	6.21328e+09	6.22225e+09	6.14087e+09	5.92281e+09	5.89522e+09	5.67955e+09	5.85612e+09	5.72738e+09	5.93737e+09	5.99794e+09	6.5801e+09	6.61941e+09	7.19194e+09	6.61672e+09	6.52792e+09	7.26666e+09	5.85809e+09	6.96303e+09	6.84118e+09	6.03188e+09	6.38184e+09	6.86017e+09	6.26202e+09	6.20326e+09	5.81003e+09	5.79254e+09	5.75953e+09	6.55456e+09
ERR613351	5.87996e+09	5.95904e+09	5.96098e+09	5.21471e+09	5.91516e+09	5.3403e+09	5.87784e+09	4.48537e+09	5.77809e+09	5.40329e+09	5.80773e+09	5.38666e+09	6.09757e+09	5.67286e+09	5.37144e+09	4.56917e+09	5.78671e+09	5.39895e+09	5.62288e+09	6.20961e+09	6.19284e+09	6.19393e+09	5.64456e+09	5.69014e+09	4.9079e+09	4.85654e+09	4.8394e+09	6.01475e+09	5.83056e+09	5.99542e+09	5.29169e+09	5.54889e+09	5.32668e+09	5.49031e+09	5.61781e+09	5.51796e+09	4.84315e+09	5.49425e+09	4.53326e+09	4.72416e+09	4.79374e+09	5.77326e+09	5.45652e+09	5.68416e+09	5.74974e+09	5.72104e+09	5.43242e+09	5.8912e+09	5.95767e+09	5.99312e+09	6.25873e+09	6.08287e+09	6.1181e+09	5.7767e+09	5.76122e+09	5.70134e+09	5.72221e+09	5.83959e+09	5.81027e+09	5.4536e+09	5.06791e+09	5.80719e+09	5.83574e+09	3.5981e+09	5.85393e+09	5.14257e+09	5.74837e+09	5.2957e+09	5.53446e+09	5.5361e+09	5.46609e+09	5.29039e+09	5.26178e+09	5.07453e+09	5.2292e+09	5.11697e+09	5.29587e+09	5.35028e+09	5.81804e+09	5.85251e+09	6.34049e+09	5.85732e+09	5.77414e+09	6.40282e+09	5.24178e+09	6.16696e+09	6.06597e+09	5.38564e+09	5.68318e+09	6.07997e+09	5.54309e+09	5.48832e+09	5.15057e+09	5.13544e+09	5.10732e+09	5.79094e+09
ERR613350	5.75983e+09	5.83757e+09	5.83942e+09	5.11084e+09	5.79456e+09	5.23334e+09	5.76116e+09	4.40305e+09	5.66409e+09	5.29912e+09	5.69295e+09	5.28296e+09	5.98237e+09	5.37144e+09	5.47686e+09	4.49475e+09	5.68026e+09	5.30252e+09	5.51044e+09	6.07998e+09	6.06371e+09	6.06484e+09	5.53223e+09	5.57581e+09	4.81391e+09	4.76396e+09	4.74729e+09	5.89117e+09	5.71184e+09	5.87258e+09	5.19328e+09	5.44374e+09	5.22761e+09	5.3875e+09	5.5115e+09	5.41396e+09	4.75225e+09	5.3861e+09	4.44753e+09	4.63596e+09	4.70414e+09	5.65724e+09	5.35262e+09	5.57473e+09	5.63845e+09	5.60997e+09	5.32888e+09	5.77598e+09	5.83469e+09	5.86946e+09	6.12805e+09	5.9563e+09	5.99079e+09	5.65893e+09	5.64845e+09	5.58967e+09	5.60979e+09	5.72397e+09	5.69533e+09	5.34787e+09	4.97315e+09	5.69116e+09	5.71971e+09	3.53799e+09	5.73707e+09	5.04576e+09	5.63634e+09	5.19733e+09	5.42956e+09	5.43001e+09	5.36088e+09	5.19215e+09	5.1636e+09	4.98083e+09	5.13134e+09	5.02265e+09	5.19636e+09	5.2506e+09	5.70093e+09	5.73464e+09	6.21e+09	5.74015e+09	5.65793e+09	6.27154e+09	5.14358e+09	6.04263e+09	5.94426e+09	5.28349e+09	5.57308e+09	5.958e+09	5.43047e+09	5.37629e+09	5.04667e+09	5.03153e+09	5.00415e+09	5.67152e+09
ERR613352	4.91781e+09	4.97151e+09	4.97345e+09	4.40272e+09	4.94439e+09	4.5044e+09	4.9016e+09	3.83255e+09	4.82721e+09	4.54248e+09	4.84688e+09	4.52916e+09	5.05697e+09	4.56917e+09	4.49475e+09	4.05594e+09	4.82565e+09	4.52999e+09	4.71862e+09	5.1751e+09	5.1616e+09	5.16288e+09	4.7353e+09	4.77067e+09	4.15572e+09	4.11363e+09	4.10078e+09	5.01707e+09	4.88119e+09	5.00802e+09	4.45663e+09	4.65098e+09	4.48296e+09	4.60461e+09	4.70113e+09	4.62622e+09	4.10546e+09	4.62055e+09	3.874e+09	4.01162e+09	4.06715e+09	4.83116e+09	4.58542e+09	4.75799e+09	4.80792e+09	4.78443e+09	4.56748e+09	4.91429e+09	4.96915e+09	4.99293e+09	5.19284e+09	5.0627e+09	5.0905e+09	4.82405e+09	4.8101e+09	4.76426e+09	4.78051e+09	4.87285e+09	4.84941e+09	4.58032e+09	4.26799e+09	4.84984e+09	4.87161e+09	3.08392e+09	4.88303e+09	4.32443e+09	4.79043e+09	4.43359e+09	4.61937e+09	4.62991e+09	4.57613e+09	4.42988e+09	4.4123e+09	4.26948e+09	4.38587e+09	4.30254e+09	4.43946e+09	4.48016e+09	4.86365e+09	4.88933e+09	5.24851e+09	4.88337e+09	4.83018e+09	5.29617e+09	4.36828e+09	5.09151e+09	5.01332e+09	4.48604e+09	4.71292e+09	5.02703e+09	4.65091e+09	4.61374e+09	4.35248e+09	4.34052e+09	4.31919e+09	4.84207e+09
ERR613349	6.30444e+09	6.38443e+09	6.38639e+09	5.58295e+09	6.34179e+09	5.7222e+09	6.27979e+09	4.77888e+09	6.17341e+09	5.76533e+09	6.20189e+09	5.7472e+09	6.49195e+09	5.78671e+09	5.68026e+09	4.82565e+09	6.37998e+09	5.72859e+09	6.02053e+09	6.67447e+09	6.65471e+09	6.65597e+09	6.04429e+09	6.09467e+09	5.23353e+09	5.17655e+09	5.15899e+09	6.4446e+09	6.24835e+09	6.42964e+09	5.63891e+09	5.91628e+09	5.67334e+09	5.8478e+09	5.98504e+09	5.87821e+09	5.1605e+09	5.88011e+09	4.84537e+09	5.0311e+09	5.10719e+09	6.18118e+09	5.82352e+09	6.07288e+09	6.14258e+09	6.10964e+09	5.80045e+09	6.29456e+09	6.39537e+09	6.43121e+09	6.71729e+09	6.53073e+09	6.56968e+09	6.19142e+09	6.15839e+09	6.09367e+09	6.12e+09	6.24893e+09	6.21859e+09	5.83241e+09	5.39622e+09	6.21838e+09	6.25045e+09	3.80383e+09	6.26734e+09	5.47677e+09	6.13733e+09	5.62997e+09	5.89439e+09	5.90511e+09	5.83115e+09	5.62437e+09	5.60093e+09	5.40204e+09	5.56428e+09	5.44635e+09	5.64094e+09	5.69553e+09	6.24088e+09	6.27736e+09	6.79779e+09	6.27263e+09	6.19295e+09	6.8668e+09	5.5582e+09	6.5814e+09	6.46952e+09	5.72238e+09	6.04485e+09	6.48781e+09	5.94504e+09	5.89322e+09	5.52965e+09	5.5138e+09	5.48344e+09	6.21686e+09
ERR613348	5.85592e+09	5.92839e+09	5.93008e+09	5.20293e+09	5.8902e+09	5.3293e+09	5.83551e+09	4.4758e+09	5.7394e+09	5.37297e+09	5.76532e+09	5.35547e+09	6.03001e+09	5.39895e+09	5.30252e+09	4.52999e+09	5.72859e+09	5.55216e+09	5.60174e+09	6.18915e+09	6.17166e+09	6.17262e+09	5.62321e+09	5.66905e+09	4.88719e+09	4.83489e+09	4.819e+09	5.984e+09	5.8069e+09	5.9697e+09	5.26199e+09	5.51202e+09	5.29389e+09	5.44997e+09	5.57376e+09	5.47765e+09	4.82372e+09	5.4748e+09	4.53372e+09	4.70594e+09	4.77521e+09	5.74601e+09	5.42646e+09	5.65088e+09	5.71233e+09	5.68276e+09	5.40534e+09	5.84808e+09	5.93245e+09	5.96453e+09	6.22131e+09	6.05419e+09	6.08918e+09	5.74847e+09	5.72377e+09	5.66665e+09	5.68996e+09	5.8055e+09	5.77814e+09	5.43077e+09	5.03512e+09	5.77437e+09	5.8031e+09	3.57622e+09	5.81846e+09	5.10797e+09	5.70353e+09	5.24699e+09	5.48434e+09	5.49519e+09	5.42846e+09	5.24192e+09	5.22034e+09	5.04048e+09	5.18684e+09	5.08005e+09	5.25653e+09	5.30535e+09	5.79382e+09	5.82726e+09	6.29329e+09	5.82175e+09	5.75053e+09	6.35466e+09	5.17677e+09	6.09661e+09	5.996e+09	5.32495e+09	5.61486e+09	6.01284e+09	5.5268e+09	5.47967e+09	5.14838e+09	5.13421e+09	5.10625e+09	5.77165e+09
ERR613454	7.24517e+09	7.31023e+09	7.31145e+09	6.60167e+09	7.27718e+09	6.73127e+09	6.98156e+09	5.34189e+09	6.8767e+09	6.41803e+09	6.89007e+09	6.40755e+09	6.34207e+09	5.62288e+09	5.51044e+09	4.71862e+09	6.02053e+09	5.60174e+09	7.08522e+09	7.58092e+09	7.56075e+09	7.56256e+09	6.89187e+09	6.9519e+09	6.0123e+09	5.93547e+09	5.92096e+09	7.32538e+09	7.14947e+09	7.32113e+09	5.90053e+09	6.18347e+09	5.92303e+09	6.09142e+09	6.23249e+09	6.12742e+09	5.72807e+09	6.59939e+09	5.45194e+09	5.57605e+09	5.66433e+09	6.92189e+09	6.2602e+09	6.53369e+09	6.60191e+09	6.56391e+09	6.24414e+09	6.75837e+09	7.26584e+09	7.29427e+09	7.5446e+09	7.3856e+09	7.42161e+09	7.07039e+09	6.5238e+09	6.45892e+09	6.50271e+09	6.63701e+09	6.62044e+09	6.21289e+09	5.67035e+09	6.62132e+09	6.65075e+09	3.95267e+09	6.66709e+09	5.75476e+09	6.37777e+09	5.7838e+09	6.07966e+09	6.126e+09	6.05948e+09	5.78198e+09	5.75332e+09	5.56444e+09	5.718e+09	5.59853e+09	5.80646e+09	5.84697e+09	6.86088e+09	6.89767e+09	7.40538e+09	6.84789e+09	6.8116e+09	7.47256e+09	5.86151e+09	7.0493e+09	6.92167e+09	6.07414e+09	6.42132e+09	6.95161e+09	6.83574e+09	6.80321e+09	6.43182e+09	6.41473e+09	6.37926e+09	7.09656e+09
ERR613449	8.03437e+09	8.10842e+09	8.10944e+09	7.27293e+09	8.07247e+09	7.42664e+09	7.7138e+09	5.83803e+09	7.59021e+09	7.06064e+09	7.60548e+09	7.04625e+09	7.04873e+09	6.20961e+09	6.07998e+09	5.1751e+09	6.67447e+09	6.18915e+09	7.58092e+09	8.69751e+09	8.41574e+09	8.4172e+09	7.60628e+09	7.67797e+09	6.58416e+09	6.49708e+09	6.48078e+09	8.1256e+09	7.91775e+09	8.12443e+09	6.5206e+09	6.84673e+09	6.5455e+09	6.73969e+09	6.90226e+09	6.78196e+09	6.28482e+09	7.28459e+09	5.98085e+09	6.11328e+09	6.21231e+09	7.65784e+09	6.91451e+09	7.23104e+09	7.3094e+09	7.26542e+09	6.89827e+09	7.49078e+09	8.06649e+09	8.09932e+09	8.39716e+09	8.20961e+09	8.25364e+09	7.82912e+09	7.23876e+09	7.16412e+09	7.21442e+09	7.37067e+09	7.35053e+09	6.88105e+09	6.25285e+09	7.35203e+09	7.38648e+09	4.31658e+09	7.40457e+09	6.34895e+09	7.08036e+09	6.39201e+09	6.73245e+09	6.78949e+09	6.71299e+09	6.39045e+09	6.36722e+09	6.15137e+09	6.32567e+09	6.19036e+09	6.42897e+09	6.4746e+09	7.60067e+09	7.64173e+09	8.2346e+09	7.58211e+09	7.54296e+09	8.31422e+09	6.43779e+09	7.80763e+09	7.65895e+09	6.68197e+09	7.08132e+09	7.69421e+09	7.55563e+09	7.52261e+09	7.08947e+09	7.07019e+09	7.02816e+09	7.8677e+09
ERR613451	8.01125e+09	8.0855e+09	8.08697e+09	7.25418e+09	8.04961e+09	7.40705e+09	7.69154e+09	5.82252e+09	7.56891e+09	7.04112e+09	7.58372e+09	7.02658e+09	7.02792e+09	6.19284e+09	6.06371e+09	5.1616e+09	6.65471e+09	6.17166e+09	7.56075e+09	8.41574e+09	8.64675e+09	8.3928e+09	7.58605e+09	7.65684e+09	6.56698e+09	6.48017e+09	6.46411e+09	8.10145e+09	7.89429e+09	8.09965e+09	6.50066e+09	6.82559e+09	6.52591e+09	6.71896e+09	6.88112e+09	6.76104e+09	6.26771e+09	7.26344e+09	5.96452e+09	6.09659e+09	6.19553e+09	7.63565e+09	6.89402e+09	7.20915e+09	7.28709e+09	7.24288e+09	6.87738e+09	7.46766e+09	8.04249e+09	8.07553e+09	8.3717e+09	8.18556e+09	8.22842e+09	7.80702e+09	7.21728e+09	7.14194e+09	7.19231e+09	7.34833e+09	7.3276e+09	6.86041e+09	6.23435e+09	7.32899e+09	7.36306e+09	4.30477e+09	7.38139e+09	6.32966e+09	7.05844e+09	6.37317e+09	6.7121e+09	6.76827e+09	6.6926e+09	6.3716e+09	6.34824e+09	6.13311e+09	6.30675e+09	6.17197e+09	6.40959e+09	6.45561e+09	7.57799e+09	7.61886e+09	8.20953e+09	7.55971e+09	7.52107e+09	8.28891e+09	6.4206e+09	7.78456e+09	7.63687e+09	6.66392e+09	7.06124e+09	7.67226e+09	7.53435e+09	7.50111e+09	7.07016e+09	7.05142e+09	7.00907e+09	7.84458e+09
ERR613450	8.01447e+09	8.08872e+09	8.09009e+09	7.25727e+09	8.05236e+09	7.40985e+09	7.69466e+09	5.82461e+09	7.57154e+09	7.04342e+09	7.58655e+09	7.02954e+09	7.02888e+09	6.19393e+09	6.06484e+09	5.16288e+09	6.65597e+09	6.17262e+09	7.56256e+09	8.4172e+09	8.3928e+09	8.65066e+09	7.58763e+09	7.6584e+09	6.56973e+09	6.48306e+09	6.467e+09	8.10545e+09	7.89784e+09	8.10416e+09	6.50235e+09	6.82719e+09	6.52767e+09	6.72046e+09	6.88322e+09	6.76306e+09	6.26975e+09	7.26599e+09	5.96663e+09	6.09799e+09	6.19703e+09	7.63796e+09	6.89617e+09	7.21145e+09	7.28927e+09	7.24613e+09	6.88014e+09	7.47067e+09	8.04477e+09	8.07739e+09	8.37363e+09	8.18694e+09	8.2304e+09	7.80908e+09	7.21661e+09	7.14241e+09	7.19278e+09	7.34824e+09	7.3278e+09	6.8607e+09	6.23574e+09	7.33037e+09	7.36478e+09	4.30607e+09	7.38222e+09	6.33138e+09	7.05967e+09	6.37394e+09	6.71382e+09	6.76963e+09	6.69336e+09	6.37281e+09	6.34991e+09	6.13438e+09	6.30844e+09	6.17294e+09	6.41095e+09	6.45699e+09	7.57922e+09	7.62024e+09	8.21129e+09	7.5606e+09	7.52203e+09	8.29072e+09	6.42141e+09	7.7852e+09	7.6378e+09	6.66433e+09	7.06233e+09	7.67283e+09	7.53536e+09	7.50225e+09	7.07047e+09	7.05145e+09	7.00973e+09	7.84624e+09
ERR613453	7.2684e+09	7.33426e+09	7.33574e+09	6.62113e+09	7.30103e+09	6.75105e+09	7.0058e+09	5.35679e+09	6.89955e+09	6.43833e+09	6.91327e+09	6.42772e+09	6.36848e+09	5.64456e+09	5.53223e+09	4.7353e+09	6.04429e+09	5.62321e+09	6.89187e+09	7.60628e+09	7.58605e+09	7.58763e+09	7.12996e+09	6.97423e+09	6.03071e+09	5.95405e+09	5.93954e+09	7.35032e+09	7.17361e+09	7.34631e+09	5.92092e+09	6.20506e+09	5.94386e+09	6.11358e+09	6.25538e+09	6.14956e+09	5.74683e+09	6.62209e+09	5.4686e+09	5.59449e+09	5.68343e+09	6.94704e+09	6.28259e+09	6.55742e+09	6.62604e+09	6.58788e+09	6.26594e+09	6.78352e+09	7.28879e+09	7.31748e+09	7.56974e+09	7.40937e+09	7.44548e+09	7.09175e+09	6.54537e+09	6.48021e+09	6.52378e+09	6.65883e+09	6.64183e+09	6.2317e+09	5.6892e+09	6.64404e+09	6.67389e+09	3.96446e+09	6.68983e+09	5.77415e+09	6.40094e+09	5.80403e+09	6.10166e+09	6.14749e+09	6.08066e+09	5.80272e+09	5.77345e+09	5.5833e+09	5.73814e+09	5.61776e+09	5.82678e+09	5.86762e+09	6.88226e+09	6.91905e+09	7.43038e+09	6.86952e+09	6.83288e+09	7.49742e+09	5.8814e+09	7.07385e+09	6.94614e+09	6.09463e+09	6.444e+09	6.97527e+09	6.8557e+09	6.82229e+09	6.4488e+09	6.43156e+09	6.39528e+09	7.11796e+09
ERR613452	7.33371e+09	7.39988e+09	7.40157e+09	6.67768e+09	7.36679e+09	6.80977e+09	7.06502e+09	5.39732e+09	6.9572e+09	6.4907e+09	6.97097e+09	6.47972e+09	6.42285e+09	5.69014e+09	5.57581e+09	4.77067e+09	6.09467e+09	5.66905e+09	6.9519e+09	7.67797e+09	7.65684e+09	7.6584e+09	6.97423e+09	7.25462e+09	6.07755e+09	6.00045e+09	5.98543e+09	7.41639e+09	7.23702e+09	7.41227e+09	5.97083e+09	6.25781e+09	5.99361e+09	6.16523e+09	6.30892e+09	6.20191e+09	5.79195e+09	6.67714e+09	5.51193e+09	5.638e+09	5.72741e+09	7.00662e+09	6.3346e+09	6.61327e+09	6.68312e+09	6.64452e+09	6.31956e+09	6.84201e+09	7.35456e+09	7.38378e+09	7.63983e+09	7.47701e+09	7.51413e+09	7.15448e+09	6.60327e+09	6.53729e+09	6.58142e+09	6.71812e+09	6.70097e+09	6.28634e+09	5.73485e+09	6.70164e+09	6.73174e+09	3.99269e+09	6.74861e+09	5.82072e+09	6.4557e+09	5.85146e+09	6.15278e+09	6.19952e+09	6.13221e+09	5.85023e+09	5.8215e+09	5.62915e+09	5.78551e+09	5.66406e+09	5.87547e+09	5.91695e+09	6.94372e+09	6.98062e+09	7.4983e+09	6.93047e+09	6.89335e+09	7.56738e+09	5.92663e+09	7.13337e+09	7.00381e+09	6.14183e+09	6.49525e+09	7.03423e+09	6.91482e+09	6.88148e+09	6.50278e+09	6.48531e+09	6.44931e+09	7.18122e+09
ERR607987	6.46175e+09	6.51431e+09	6.51661e+09	5.947e+09	6.48784e+09	6.04797e+09	6.21524e+09	4.82325e+09	6.12474e+09	5.74218e+09	6.13911e+09	5.73411e+09	5.49796e+09	4.9079e+09	4.81391e+09	4.15572e+09	5.23353e+09	4.88719e+09	6.0123e+09	6.58416e+09	6.56698e+09	6.56973e+09	6.03071e+09	6.07755e+09	5.83173e+09	5.59766e+09	5.58277e+09	6.77985e+09	6.63479e+09	6.77504e+09	5.21423e+09	5.45109e+09	5.23351e+09	5.37598e+09	5.49556e+09	5.40648e+09	5.16838e+09	5.91045e+09	4.92834e+09	5.03772e+09	5.11408e+09	6.18285e+09	5.56909e+09	5.7981e+09	5.85861e+09	5.82614e+09	5.55424e+09	5.99079e+09	6.34764e+09	6.37157e+09	6.57264e+09	6.44221e+09	6.47089e+09	6.19364e+09	5.67424e+09	5.62009e+09	5.65395e+09	5.7686e+09	5.75385e+09	5.41059e+09	4.94787e+09	5.75073e+09	5.77403e+09	3.47553e+09	5.78973e+09	5.01945e+09	5.51728e+09	5.01853e+09	5.26894e+09	5.30641e+09	5.24979e+09	5.01796e+09	4.9752e+09	4.8154e+09	4.9462e+09	4.84409e+09	5.01881e+09	5.05528e+09	5.9649e+09	5.99537e+09	6.41615e+09	5.95281e+09	5.92342e+09	6.47012e+09	5.14195e+09	6.14167e+09	6.03614e+09	5.32124e+09	5.61429e+09	6.06133e+09	5.99038e+09	5.96113e+09	5.65744e+09	5.64248e+09	5.61216e+09	6.19848e+09
ERR607986	6.37695e+09	6.42937e+09	6.43177e+09	5.87006e+09	6.4029e+09	5.96899e+09	6.13938e+09	4.76816e+09	6.05061e+09	5.67412e+09	6.0652e+09	5.6671e+09	5.43708e+09	4.85654e+09	4.76396e+09	4.11363e+09	5.17655e+09	4.83489e+09	5.93547e+09	6.49708e+09	6.48017e+09	6.48306e+09	5.95405e+09	6.00045e+09	5.59766e+09	5.69647e+09	5.51762e+09	6.69269e+09	6.54931e+09	6.68736e+09	5.15504e+09	5.38831e+09	5.17416e+09	5.31528e+09	5.4322e+09	5.34468e+09	5.10962e+09	5.83888e+09	4.87057e+09	4.98059e+09	5.05636e+09	6.10637e+09	5.50405e+09	5.72973e+09	5.78892e+09	5.75705e+09	5.48904e+09	5.91979e+09	6.26397e+09	6.28774e+09	6.48602e+09	6.35762e+09	6.38563e+09	6.11288e+09	5.60601e+09	5.55315e+09	5.58618e+09	5.699e+09	5.68439e+09	5.3462e+09	4.89232e+09	5.68107e+09	5.70472e+09	3.43976e+09	5.72051e+09	4.96336e+09	5.45309e+09	4.96343e+09	5.2102e+09	5.24512e+09	5.18982e+09	4.96262e+09	4.91901e+09	4.76113e+09	4.89088e+09	4.78954e+09	4.96221e+09	4.9987e+09	5.89076e+09	5.92066e+09	6.33591e+09	5.88021e+09	5.84961e+09	6.38963e+09	5.08825e+09	6.06985e+09	5.9661e+09	5.26395e+09	5.55206e+09	5.99128e+09	5.9125e+09	5.88247e+09	5.58292e+09	5.56794e+09	5.53831e+09	6.11683e+09
ERR607988	6.36112e+09	6.4124e+09	6.41465e+09	5.857e+09	6.38654e+09	5.956e+09	6.12149e+09	4.7577e+09	6.03374e+09	5.65877e+09	6.04742e+09	5.65114e+09	5.41775e+09	4.8394e+09	4.74729e+09	4.10078e+09	5.15899e+09	4.819e+09	5.92096e+09	6.48078e+09	6.46411e+09	6.467e+09	5.93954e+09	5.98543e+09	5.58277e+09	5.51762e+09	5.66541e+09	6.67296e+09	6.5309e+09	6.66764e+09	5.14054e+09	5.37228e+09	5.15887e+09	5.29871e+09	5.41543e+09	5.32851e+09	5.09512e+09	5.82213e+09	4.85991e+09	4.96677e+09	5.04216e+09	6.08931e+09	5.48836e+09	5.71307e+09	5.77186e+09	5.74e+09	5.47368e+09	5.90156e+09	6.25051e+09	6.27375e+09	6.47019e+09	6.34335e+09	6.37059e+09	6.09975e+09	5.59056e+09	5.53717e+09	5.57134e+09	5.68367e+09	5.66949e+09	5.33305e+09	4.88022e+09	5.6669e+09	5.69041e+09	3.43235e+09	5.70529e+09	4.95103e+09	5.43785e+09	4.94978e+09	5.1947e+09	5.23126e+09	5.17567e+09	4.94883e+09	4.90545e+09	4.74911e+09	4.87729e+09	4.77701e+09	4.94827e+09	4.98443e+09	5.87643e+09	5.90713e+09	6.31905e+09	5.86559e+09	5.83641e+09	6.37174e+09	5.07309e+09	6.05247e+09	5.94921e+09	5.24907e+09	5.53613e+09	5.97386e+09	5.90069e+09	5.87164e+09	5.5743e+09	5.55976e+09	5.53001e+09	6.10417e+09
ERR607984	7.93623e+09	8.01207e+09	8.01564e+09	7.20844e+09	7.97355e+09	7.35083e+09	7.60621e+09	5.75823e+09	7.48276e+09	6.96257e+09	7.50279e+09	6.95181e+09	6.80645e+09	6.01475e+09	5.89117e+09	5.01707e+09	6.4446e+09	5.984e+09	7.32538e+09	8.1256e+09	8.10145e+09	8.10545e+09	7.35032e+09	7.41639e+09	6.77985e+09	6.69269e+09	6.67296e+09	8.5614e+09	8.12175e+09	8.32386e+09	6.36802e+09	6.68611e+09	6.39485e+09	6.58546e+09	6.7456e+09	6.62676e+09	6.2202e+09	7.19671e+09	5.91061e+09	6.05083e+09	6.1484e+09	7.56709e+09	6.79656e+09	7.1033e+09	7.18274e+09	7.13983e+09	6.7765e+09	7.36193e+09	7.81723e+09	7.85094e+09	8.13784e+09	7.95217e+09	7.99195e+09	7.59972e+09	6.97387e+09	6.90177e+09	6.94692e+09	7.09878e+09	7.07684e+09	6.62122e+09	6.02576e+09	7.07316e+09	7.10631e+09	4.16117e+09	7.12734e+09	6.119e+09	6.80016e+09	6.14594e+09	6.47345e+09	6.52069e+09	6.44344e+09	6.14499e+09	6.1006e+09	5.88955e+09	6.06073e+09	5.92877e+09	6.15693e+09	6.20683e+09	7.3154e+09	7.35488e+09	7.93768e+09	7.30308e+09	7.26031e+09	8.01257e+09	6.24772e+09	7.56294e+09	7.42013e+09	6.47719e+09	6.86466e+09	7.45286e+09	7.31557e+09	7.27724e+09	6.858e+09	6.83872e+09	6.7973e+09	7.60814e+09
ERR607983	7.74059e+09	7.80905e+09	7.81251e+09	7.0519e+09	7.77565e+09	7.18786e+09	7.40845e+09	5.63539e+09	7.29053e+09	6.79317e+09	7.30878e+09	6.78281e+09	6.59119e+09	5.83056e+09	5.71184e+09	4.88119e+09	6.24835e+09	5.8069e+09	7.14947e+09	7.91775e+09	7.89429e+09	7.89784e+09	7.17361e+09	7.23702e+09	6.63479e+09	6.54931e+09	6.5309e+09	8.12175e+09	8.14431e+09	8.11763e+09	6.19734e+09	6.50063e+09	6.2225e+09	6.4031e+09	6.55576e+09	6.44283e+09	6.07663e+09	7.02324e+09	5.78575e+09	5.91201e+09	6.00698e+09	7.37628e+09	6.61874e+09	6.91263e+09	6.98802e+09	6.94685e+09	6.60094e+09	7.15889e+09	7.61902e+09	7.64934e+09	7.9179e+09	7.74572e+09	7.78382e+09	7.40997e+09	6.78094e+09	6.71195e+09	6.75573e+09	6.90205e+09	6.88207e+09	6.44645e+09	5.86426e+09	6.8785e+09	6.91e+09	4.05879e+09	6.9293e+09	5.9531e+09	6.60199e+09	5.96809e+09	6.28396e+09	6.33481e+09	6.26147e+09	5.96766e+09	5.9251e+09	5.72446e+09	5.88773e+09	5.76146e+09	5.98077e+09	6.027e+09	7.12627e+09	7.16367e+09	7.71322e+09	7.10856e+09	7.07352e+09	7.78502e+09	6.0679e+09	7.33813e+09	7.20162e+09	6.29285e+09	6.66337e+09	7.23401e+09	7.14387e+09	7.1098e+09	6.7099e+09	6.69162e+09	6.65203e+09	7.42226e+09
ERR607985	7.93373e+09	8.00505e+09	8.00887e+09	7.20758e+09	7.97053e+09	7.35091e+09	7.59329e+09	5.75658e+09	7.47024e+09	6.95414e+09	7.48891e+09	6.94214e+09	6.78699e+09	5.99542e+09	5.87258e+09	5.00802e+09	6.42964e+09	5.9697e+09	7.32113e+09	8.12443e+09	8.09965e+09	8.10416e+09	7.34631e+09	7.41227e+09	6.77504e+09	6.68736e+09	6.66764e+09	8.32386e+09	8.11763e+09	8.55149e+09	6.36356e+09	6.67883e+09	6.38907e+09	6.57676e+09	6.73595e+09	6.61913e+09	6.21641e+09	7.1938e+09	5.91424e+09	6.04682e+09	6.14447e+09	7.56056e+09	6.79009e+09	7.09507e+09	7.17371e+09	7.13117e+09	6.77129e+09	7.35147e+09	7.8123e+09	7.84363e+09	8.12717e+09	7.94574e+09	7.9866e+09	7.59172e+09	6.9673e+09	6.8959e+09	6.94042e+09	7.09312e+09	7.07079e+09	6.61915e+09	6.01695e+09	7.06828e+09	7.10107e+09	4.15607e+09	7.12152e+09	6.10895e+09	6.78816e+09	6.13198e+09	6.45902e+09	6.51091e+09	6.43473e+09	6.13132e+09	6.09014e+09	5.8816e+09	6.05026e+09	5.91987e+09	6.14725e+09	6.19531e+09	7.31141e+09	7.35033e+09	7.92336e+09	7.29449e+09	7.25658e+09	7.99821e+09	6.22255e+09	7.53733e+09	7.3956e+09	6.45367e+09	6.839e+09	7.4289e+09	7.31242e+09	7.27754e+09	6.86202e+09	6.84289e+09	6.80123e+09	7.60521e+09
ERR618694	6.26133e+09	6.32475e+09	6.32585e+09	5.61456e+09	6.29354e+09	5.74435e+09	6.17839e+09	4.75559e+09	6.08274e+09	5.69298e+09	6.10099e+09	5.67732e+09	5.92888e+09	5.29169e+09	5.19328e+09	4.45663e+09	5.63891e+09	5.26199e+09	5.90053e+09	6.5206e+09	6.50066e+09	6.50235e+09	5.92092e+09	5.97083e+09	5.21423e+09	5.15504e+09	5.14054e+09	6.36802e+09	6.19734e+09	6.36356e+09	5.73459e+09	5.78126e+09	5.54888e+09	5.70434e+09	5.8304e+09	5.73533e+09	5.09172e+09	5.80794e+09	4.82408e+09	4.96614e+09	5.04073e+09	6.0876e+09	5.66638e+09	5.90518e+09	5.96383e+09	5.93204e+09	5.65243e+09	6.1031e+09	6.27431e+09	6.30183e+09	6.54859e+09	6.39149e+09	6.42759e+09	6.08392e+09	5.91318e+09	5.8561e+09	5.88644e+09	6.00678e+09	5.98398e+09	5.62954e+09	5.18147e+09	5.97955e+09	6.00763e+09	3.65905e+09	6.02195e+09	5.25487e+09	5.84252e+09	5.34471e+09	5.59688e+09	5.62503e+09	5.56424e+09	5.3405e+09	5.32953e+09	5.15384e+09	5.29656e+09	5.18859e+09	5.37291e+09	5.41389e+09	6.0599e+09	6.09299e+09	6.5489e+09	6.06554e+09	6.01626e+09	6.61133e+09	5.29658e+09	6.28287e+09	6.17601e+09	5.46634e+09	5.76408e+09	6.19887e+09	5.8715e+09	5.83505e+09	5.50119e+09	5.48693e+09	5.45756e+09	6.1172e+09
ERR618693	6.5688e+09	6.64025e+09	6.64159e+09	5.8748e+09	6.60407e+09	6.0124e+09	6.48561e+09	4.95855e+09	6.38241e+09	5.96219e+09	6.40356e+09	5.94653e+09	6.23067e+09	5.54889e+09	5.44374e+09	4.65098e+09	5.91628e+09	5.51202e+09	6.18347e+09	6.84673e+09	6.82559e+09	6.82719e+09	6.20506e+09	6.25781e+09	5.45109e+09	5.38831e+09	5.37228e+09	6.68611e+09	6.50063e+09	6.67883e+09	5.78126e+09	6.28837e+09	5.81e+09	5.97816e+09	6.1155e+09	6.01129e+09	5.32061e+09	6.08475e+09	5.03129e+09	5.18626e+09	5.26634e+09	6.38656e+09	5.93637e+09	6.19363e+09	6.2567e+09	6.22265e+09	5.91984e+09	6.40692e+09	6.59067e+09	6.62093e+09	6.88837e+09	6.71726e+09	6.75533e+09	6.38795e+09	6.20759e+09	6.14616e+09	6.17951e+09	6.30677e+09	6.28271e+09	5.90048e+09	5.42508e+09	6.27821e+09	6.3082e+09	3.81349e+09	6.32453e+09	5.50448e+09	6.13765e+09	5.6056e+09	5.87575e+09	5.9029e+09	5.83649e+09	5.60133e+09	5.58684e+09	5.39789e+09	5.55132e+09	5.43545e+09	5.63271e+09	5.67775e+09	6.36177e+09	6.39785e+09	6.89348e+09	6.37138e+09	6.31507e+09	6.96033e+09	5.56258e+09	6.61602e+09	6.50124e+09	5.74171e+09	6.06222e+09	6.52491e+09	6.15752e+09	6.11679e+09	5.75797e+09	5.74255e+09	5.71147e+09	6.42066e+09
ERR618695	6.28529e+09	6.35066e+09	6.35259e+09	5.63205e+09	6.31845e+09	5.76299e+09	6.20724e+09	4.77232e+09	6.10998e+09	5.71729e+09	6.13004e+09	5.70216e+09	5.96797e+09	5.32668e+09	5.22761e+09	4.48296e+09	5.67334e+09	5.29389e+09	5.92303e+09	6.5455e+09	6.52591e+09	6.52767e+09	5.94386e+09	5.99361e+09	5.23351e+09	5.17416e+09	5.15887e+09	6.39485e+09	6.2225e+09	6.38907e+09	5.54888e+09	5.81e+09	5.79013e+09	5.73387e+09	5.86259e+09	5.76443e+09	5.11112e+09	5.83201e+09	4.83945e+09	4.98515e+09	5.06072e+09	6.11378e+09	5.69405e+09	5.93268e+09	5.99349e+09	5.96145e+09	5.67739e+09	6.13407e+09	6.29986e+09	6.32805e+09	6.57854e+09	6.41862e+09	6.45423e+09	6.10909e+09	5.94143e+09	5.88378e+09	5.91341e+09	6.03452e+09	6.01048e+09	5.65335e+09	5.20601e+09	6.00755e+09	6.03535e+09	3.67585e+09	6.05019e+09	5.27992e+09	5.87345e+09	5.37391e+09	5.62804e+09	5.65497e+09	5.59187e+09	5.36968e+09	5.35731e+09	5.17947e+09	5.32412e+09	5.21543e+09	5.4002e+09	5.44379e+09	6.08564e+09	6.11914e+09	6.58127e+09	6.09255e+09	6.0414e+09	6.64334e+09	5.3262e+09	6.3168e+09	6.20927e+09	5.4947e+09	5.79564e+09	6.23109e+09	5.89219e+09	5.85376e+09	5.51653e+09	5.50166e+09	5.47258e+09	6.1391e+09
