	ERR636802	ERR636800	ERR636804	ERR636803	ERR636801	ERR636799	ERR637059	ERR637060	ERR637062	ERR637057	ERR637061	ERR637058	ERR613543	ERR613542	ERR613541	ERR613540	ERR613539	ERR613544	ERR614003	ERR614005	ERR614004	ERR614006	ERR614007	ERR614002	ERR608119	ERR608117	ERR608118	ERR608121	ERR608122	ERR608120	ERR608590	ERR608587	ERR608589	ERR608588	ERR608586	ERR608585	ERR608871	ERR608872	ERR608875	ERR608873	ERR608876	ERR608874	ERR608568	ERR608567	ERR608572	ERR608570	ERR608569	ERR608571	ERR617174	ERR617173	ERR617175	ERR617177	ERR617176	ERR617178	ERR609006	ERR609007	ERR609008	ERR609004	ERR609003	ERR609005	ERR621977	ERR621974	ERR621978	ERR621975	ERR621976	ERR621973	ERR629975	ERR629973	ERR629972	ERR629971	ERR629974	ERR629970	ERR614898	ERR614900	ERR614897	ERR614895	ERR614899	ERR614896	ERR629887	ERR629891	ERR629889	ERR629886	ERR629890	ERR629888	ERR607851	ERR607852	ERR607853	ERR607854	ERR607849	ERR607850	ERR617501	ERR617499	ERR617504	ERR617500	ERR617502	ERR617503
ERR636802	0	0.816599	0.846675	0.843755	0.817095	0.820725	0.919598	0.921371	0.91984	0.92364	0.921094	0.91881	0.963145	0.961722	0.943673	0.943395	0.943825	0.963535	0.88519	0.880232	0.885272	0.879545	0.879267	0.89463	0.923132	0.929518	0.921718	0.939508	0.938161	0.942345	0.908852	0.902371	0.909193	0.907028	0.913499	0.951987	0.969891	0.931381	0.954207	0.921927	0.957881	0.952779	0.921917	0.948042	0.920404	0.915547	0.913703	0.915462	1.13705	1.14176	1.13685	1.12262	1.12313	1.14587	1.10445	1.10436	1.10434	1.10704	1.13366	1.10343	1.1657	1.16399	1.17057	1.16365	1.17183	1.16252	1.12838	1.12748	1.11825	1.12772	1.12896	1.11761	1.14059	1.14066	1.15562	1.1563	1.14073	1.15361	0.946666	0.94615	0.946064	0.934429	0.947592	0.936192	1.14815	1.13763	1.13731	1.13661	1.14785	1.14585	1.13008	1.13345	1.14431	1.13029	1.13899	1.13589
ERR636800	0.816599	0	0.818114	0.814645	0.766935	0.772379	0.875137	0.87871	0.87676	0.881798	0.878116	0.874593	0.930832	0.929908	0.904756	0.904051	0.904243	0.931003	0.851206	0.843904	0.850798	0.843197	0.842047	0.863662	0.882633	0.892324	0.882342	0.905879	0.904036	0.908586	0.873417	0.866071	0.87405	0.872259	0.87935	0.926149	0.935909	0.889756	0.918531	0.878178	0.922679	0.916999	0.891188	0.923073	0.88972	0.883057	0.880551	0.88342	1.10581	1.11126	1.10594	1.08915	1.08997	1.1154	1.07268	1.07259	1.07248	1.07556	1.10575	1.07159	1.1432	1.14081	1.14901	1.14076	1.1504	1.13922	1.09491	1.09349	1.08378	1.09458	1.09528	1.08294	1.1098	1.10966	1.12668	1.12724	1.10974	1.12441	0.91192	0.910727	0.910472	0.895878	0.912325	0.897715	1.11785	1.10575	1.10552	1.10445	1.11745	1.11549	1.09905	1.10245	1.1157	1.09934	1.10944	1.10601
ERR636804	0.846675	0.818114	0	0.844874	0.818859	0.821856	0.921083	0.922767	0.921445	0.925132	0.922331	0.920091	0.963572	0.962432	0.944084	0.943658	0.944114	0.963378	0.88688	0.881813	0.886648	0.880777	0.880161	0.896151	0.924811	0.931178	0.923544	0.941649	0.940046	0.944093	0.910163	0.90402	0.910433	0.908668	0.914443	0.952447	0.969767	0.93155	0.954486	0.922179	0.957734	0.953147	0.924062	0.949311	0.92204	0.917519	0.915631	0.917466	1.1373	1.14251	1.13759	1.1232	1.12379	1.146	1.10491	1.10509	1.10506	1.10779	1.13387	1.10421	1.16686	1.16495	1.17138	1.16466	1.1727	1.16376	1.12862	1.12773	1.11906	1.12835	1.12924	1.11816	1.14095	1.14099	1.15573	1.15643	1.141	1.15399	0.946544	0.946313	0.946292	0.934755	0.947355	0.936389	1.14844	1.13809	1.13774	1.13685	1.14832	1.14652	1.13064	1.13379	1.14472	1.13062	1.13934	1.13658
ERR636803	0.843755	0.814645	0.844874	0	0.815495	0.817945	0.917522	0.919179	0.917437	0.921262	0.918826	0.916638	0.960802	0.959563	0.941102	0.940528	0.941127	0.960803	0.883786	0.879073	0.883346	0.877992	0.877424	0.893387	0.920352	0.926984	0.919236	0.937511	0.936371	0.939918	0.906805	0.900722	0.907159	0.905198	0.91153	0.950284	0.966935	0.928021	0.951655	0.919005	0.954984	0.949953	0.920164	0.946306	0.918747	0.914031	0.912321	0.913881	1.13527	1.13981	1.13543	1.12078	1.12118	1.14374	1.10279	1.10287	1.10259	1.10538	1.1316	1.10167	1.16495	1.16288	1.1697	1.16282	1.17077	1.1617	1.12631	1.12539	1.11626	1.12577	1.12656	1.11561	1.13875	1.13833	1.15376	1.15429	1.13859	1.15156	0.943609	0.943403	0.943153	0.931521	0.944484	0.933329	1.14624	1.13571	1.13571	1.13461	1.14632	1.14432	1.12855	1.13166	1.14271	1.12874	1.13759	1.13451
ERR636801	0.817095	0.766935	0.818859	0.815495	0	0.772791	0.873867	0.877914	0.875919	0.880511	0.877359	0.874089	0.930545	0.929719	0.903687	0.902919	0.903201	0.930984	0.851588	0.844001	0.850484	0.842885	0.841781	0.864002	0.882337	0.892411	0.882952	0.906403	0.90481	0.908882	0.872707	0.866393	0.873256	0.872019	0.878477	0.923951	0.933978	0.888079	0.917296	0.877265	0.921524	0.915892	0.890956	0.921475	0.889544	0.883514	0.88078	0.883543	1.10578	1.11034	1.10608	1.08934	1.08991	1.11399	1.07166	1.07141	1.07139	1.07459	1.10398	1.07083	1.14433	1.14225	1.14979	1.1418	1.15145	1.14083	1.09362	1.09255	1.08362	1.0937	1.09407	1.0828	1.10887	1.10857	1.12594	1.12618	1.10877	1.12341	0.910313	0.908506	0.908144	0.89491	0.91001	0.896978	1.11729	1.10532	1.10505	1.10388	1.11674	1.11455	1.09927	1.10201	1.11519	1.09938	1.10956	1.10614
ERR636799	0.820725	0.772379	0.821856	0.817945	0.772791	0	0.879937	0.883592	0.88167	0.886012	0.882992	0.880001	0.934499	0.933639	0.908939	0.908512	0.908885	0.935367	0.855363	0.847732	0.854214	0.846576	0.84576	0.867079	0.887806	0.897199	0.887848	0.910909	0.90931	0.912905	0.877336	0.870806	0.877804	0.87599	0.882931	0.927018	0.938241	0.893655	0.921962	0.883325	0.926315	0.920936	0.895304	0.925386	0.893706	0.88799	0.885526	0.888133	1.11077	1.11541	1.11097	1.09456	1.09522	1.11882	1.07692	1.07681	1.07654	1.07964	1.10833	1.07586	1.14798	1.14597	1.1535	1.14561	1.15492	1.1445	1.09891	1.09778	1.08886	1.09897	1.0995	1.08824	1.11351	1.11331	1.13049	1.13074	1.11378	1.12787	0.914363	0.913299	0.912925	0.899964	0.914645	0.901816	1.12202	1.11054	1.11018	1.10898	1.12149	1.11953	1.1043	1.10708	1.12005	1.10444	1.11437	1.11117
ERR637059	0.919598	0.875137	0.921083	0.917522	0.873867	0.879937	0	0.759868	0.758036	0.762206	0.759952	0.753474	0.910827	0.910228	0.878609	0.878162	0.87787	0.911827	0.896612	0.887506	0.894264	0.886849	0.885752	0.906844	0.87505	0.887193	0.87916	0.90528	0.903544	0.905584	0.894912	0.890068	0.895205	0.895679	0.901031	0.946519	0.983716	0.94121	0.971355	0.93171	0.975274	0.969702	0.900591	0.93092	0.899844	0.894839	0.889093	0.894055	1.06518	1.06878	1.06574	1.04758	1.0482	1.07045	1.03304	1.03261	1.0324	1.03555	1.06542	1.03225	1.12813	1.12655	1.13422	1.12575	1.13671	1.12468	1.05197	1.05078	1.04321	1.05331	1.05263	1.04183	1.07425	1.07393	1.09261	1.09259	1.07436	1.08997	0.895951	0.893262	0.892784	0.877916	0.894632	0.880008	1.07831	1.06584	1.06567	1.06438	1.07738	1.07546	1.06825	1.06973	1.08519	1.0687	1.07988	1.07668
ERR637060	0.921371	0.87871	0.922767	0.919179	0.877914	0.883592	0.759868	0	0.760153	0.769784	0.761982	0.761172	0.912945	0.912642	0.88239	0.882103	0.881631	0.914062	0.898889	0.890752	0.896881	0.889933	0.888904	0.909658	0.878727	0.890318	0.881906	0.90716	0.905591	0.907611	0.899472	0.894357	0.899467	0.900544	0.90556	0.951025	0.987984	0.945931	0.975151	0.936101	0.978869	0.973661	0.903597	0.933895	0.903065	0.897634	0.892309	0.897573	1.0699	1.07353	1.07026	1.05195	1.05285	1.07593	1.03829	1.03802	1.03759	1.04108	1.071	1.03746	1.13035	1.12877	1.13659	1.12819	1.13888	1.12698	1.05743	1.05621	1.04816	1.0586	1.05831	1.04687	1.07921	1.07919	1.09759	1.09762	1.07934	1.09498	0.900458	0.897597	0.897706	0.882427	0.899486	0.884373	1.08272	1.07062	1.07026	1.06943	1.08206	1.08016	1.07315	1.07457	1.08958	1.07295	1.08439	1.08086
ERR637062	0.91984	0.87676	0.921445	0.917437	0.875919	0.88167	0.758036	0.760153	0	0.768199	0.759823	0.759255	0.91155	0.911442	0.880846	0.880521	0.880376	0.912799	0.897408	0.889782	0.896327	0.888842	0.88797	0.908603	0.876972	0.888592	0.880029	0.905672	0.904163	0.906315	0.896997	0.89207	0.897288	0.898233	0.903566	0.949587	0.986786	0.943981	0.9733	0.934193	0.977255	0.971484	0.901817	0.932666	0.90108	0.89538	0.88998	0.895045	1.06707	1.07113	1.06775	1.04935	1.05004	1.07382	1.03618	1.03586	1.03571	1.03894	1.06958	1.03543	1.12785	1.12585	1.13423	1.12537	1.13628	1.1242	1.05533	1.05416	1.04557	1.0561	1.05598	1.04427	1.07722	1.07696	1.09546	1.0956	1.07723	1.09325	0.898501	0.895893	0.895856	0.880232	0.898018	0.882318	1.08079	1.06814	1.0683	1.06692	1.08015	1.07788	1.0704	1.07227	1.08709	1.07079	1.08175	1.07848
ERR637057	0.92364	0.881798	0.925132	0.921262	0.880511	0.886012	0.762206	0.769784	0.768199	0	0.769727	0.763797	0.915585	0.915248	0.885413	0.885211	0.884917	0.916655	0.901326	0.893341	0.899234	0.892233	0.891464	0.911818	0.882197	0.893606	0.885472	0.91031	0.908794	0.910613	0.902353	0.897109	0.902122	0.903262	0.907668	0.952401	0.989181	0.948092	0.976933	0.938312	0.981055	0.975754	0.906861	0.936031	0.906067	0.901019	0.895326	0.900454	1.07211	1.07601	1.07266	1.05495	1.05563	1.07807	1.04105	1.04072	1.04063	1.04347	1.07281	1.0403	1.13314	1.13143	1.13919	1.13091	1.14148	1.12989	1.05996	1.05887	1.05098	1.06086	1.06067	1.04964	1.08165	1.08153	1.09955	1.09972	1.08195	1.09697	0.901351	0.898853	0.899073	0.884044	0.900239	0.886058	1.08489	1.07275	1.07283	1.07175	1.08426	1.08196	1.07558	1.07715	1.09191	1.07569	1.08676	1.08342
ERR637061	0.921094	0.878116	0.922331	0.918826	0.877359	0.882992	0.759952	0.761982	0.759823	0.769727	0	0.761434	0.912901	0.912897	0.882766	0.882302	0.881824	0.914265	0.898283	0.890058	0.896853	0.88943	0.888572	0.909405	0.878474	0.890238	0.881566	0.906722	0.905318	0.907599	0.898518	0.89346	0.898794	0.899595	0.904945	0.950594	0.98787	0.945727	0.974793	0.936122	0.978728	0.973356	0.903501	0.933696	0.902604	0.896961	0.891629	0.896789	1.06905	1.07292	1.06935	1.05145	1.05207	1.07541	1.03795	1.03762	1.03741	1.04078	1.07077	1.03721	1.12968	1.12784	1.13578	1.12742	1.13809	1.12615	1.05717	1.05584	1.04738	1.05799	1.05772	1.04606	1.0787	1.07872	1.0969	1.09724	1.07898	1.09462	0.899907	0.89776	0.897388	0.881937	0.899262	0.884236	1.08225	1.0697	1.06962	1.06862	1.08158	1.0796	1.0721	1.07405	1.08881	1.07254	1.08383	1.08023
ERR637058	0.91881	0.874593	0.920091	0.916638	0.874089	0.880001	0.753474	0.761172	0.759255	0.763797	0.761434	0	0.909835	0.90945	0.878386	0.877856	0.878005	0.910634	0.896976	0.889099	0.89579	0.888326	0.886995	0.908071	0.87552	0.887574	0.878213	0.904258	0.902612	0.905292	0.895632	0.890008	0.895949	0.896791	0.901896	0.949415	0.985922	0.942151	0.97192	0.932133	0.975951	0.970246	0.900524	0.932277	0.899311	0.893476	0.888113	0.893419	1.06478	1.06915	1.06513	1.04693	1.04748	1.07199	1.03367	1.03322	1.03294	1.03636	1.06732	1.03232	1.126	1.12382	1.13203	1.12313	1.13428	1.12205	1.05289	1.05153	1.04257	1.05296	1.05343	1.0413	1.07452	1.07438	1.09307	1.09373	1.07493	1.09079	0.896926	0.894861	0.894745	0.878186	0.896396	0.880503	1.0782	1.06564	1.0655	1.06446	1.07754	1.07539	1.06772	1.06982	1.08484	1.06788	1.07931	1.07573
ERR613543	0.963145	0.930832	0.963572	0.960802	0.930545	0.934499	0.910827	0.912945	0.91155	0.915585	0.912901	0.909835	0	0.778923	0.76271	0.762664	0.762359	0.779808	0.954815	0.949666	0.955321	0.949433	0.948405	0.964859	0.919998	0.929095	0.92077	0.940722	0.939134	0.941357	0.953031	0.947622	0.95411	0.953095	0.958476	1.00045	1.02346	0.984266	1.00801	0.975271	1.01147	1.0068	0.93167	0.959785	0.930707	0.925728	0.922529	0.925545	1.0801	1.08423	1.07985	1.06462	1.06476	1.08859	1.05238	1.0521	1.05202	1.05512	1.08454	1.05133	1.11385	1.11342	1.12021	1.11251	1.12156	1.111	1.07075	1.06998	1.06077	1.0706	1.07137	1.05985	1.08994	1.08997	1.10675	1.10734	1.09064	1.10491	0.934256	0.934463	0.933452	0.918204	0.935486	0.920315	1.08957	1.07793	1.07805	1.07684	1.08893	1.08727	1.0802	1.08259	1.09545	1.08	1.09013	1.08642
ERR613542	0.961722	0.929908	0.962432	0.959563	0.929719	0.933639	0.910228	0.912642	0.911442	0.915248	0.912897	0.90945	0.778923	0	0.762805	0.76331	0.762871	0.78047	0.954035	0.949462	0.954377	0.948558	0.94769	0.963896	0.91971	0.928911	0.920822	0.94046	0.938805	0.94112	0.952908	0.947074	0.953815	0.95267	0.957885	0.999525	1.02291	0.984005	1.00807	0.975346	1.01124	1.0065	0.930871	0.958992	0.930147	0.924794	0.921683	0.92463	1.08112	1.08518	1.08099	1.06575	1.06591	1.08936	1.05366	1.05325	1.05325	1.05639	1.08555	1.05238	1.11507	1.11448	1.12157	1.11399	1.12275	1.11223	1.07162	1.07059	1.0616	1.0714	1.07244	1.06071	1.09081	1.09077	1.10774	1.10804	1.09154	1.1056	0.933681	0.933568	0.932482	0.917882	0.934696	0.920072	1.09056	1.07946	1.07958	1.07832	1.09034	1.08863	1.08142	1.0839	1.09618	1.08102	1.09108	1.08742
ERR613541	0.943673	0.904756	0.944084	0.941102	0.903687	0.908939	0.878609	0.88239	0.880846	0.885413	0.882766	0.878386	0.76271	0.762805	0	0.73141	0.731362	0.764084	0.933497	0.926881	0.932876	0.925919	0.92448	0.94409	0.893003	0.904024	0.894959	0.919002	0.916916	0.919063	0.928827	0.9229	0.929462	0.929556	0.934846	0.979239	0.999736	0.957989	0.985497	0.948564	0.98919	0.983765	0.909507	0.93928	0.908274	0.902821	0.898565	0.902919	1.05832	1.06241	1.05807	1.04128	1.0415	1.0654	1.02809	1.028	1.02772	1.03138	1.06247	1.02758	1.10117	1.10088	1.10835	1.09992	1.10966	1.09854	1.04607	1.04537	1.03638	1.04689	1.04688	1.03536	1.06835	1.06829	1.08666	1.08684	1.06899	1.08425	0.907836	0.907125	0.906117	0.890571	0.908454	0.892781	1.06792	1.05591	1.0557	1.0544	1.06712	1.06552	1.05908	1.06109	1.07547	1.05882	1.07025	1.06642
ERR613540	0.943395	0.904051	0.943658	0.940528	0.902919	0.908512	0.878162	0.882103	0.880521	0.885211	0.882302	0.877856	0.762664	0.76331	0.73141	0	0.731531	0.764328	0.932832	0.926072	0.932257	0.924821	0.923806	0.943571	0.892599	0.903584	0.89501	0.918695	0.916942	0.919065	0.928996	0.922832	0.929506	0.929486	0.934884	0.978719	0.99987	0.957905	0.985415	0.948761	0.989024	0.983803	0.90932	0.939637	0.908255	0.903071	0.898532	0.902791	1.05899	1.06303	1.05896	1.04204	1.04221	1.06622	1.02918	1.029	1.02885	1.03228	1.0632	1.02863	1.10192	1.1015	1.10871	1.10064	1.11028	1.09916	1.04698	1.0462	1.03753	1.04742	1.04771	1.03631	1.06898	1.06921	1.08721	1.08768	1.06972	1.08507	0.907891	0.907009	0.905631	0.890181	0.908154	0.892796	1.06873	1.05615	1.05641	1.05524	1.06784	1.06581	1.0597	1.06184	1.0761	1.0595	1.07074	1.06706
ERR613539	0.943825	0.904243	0.944114	0.941127	0.903201	0.908885	0.87787	0.881631	0.880376	0.884917	0.881824	0.878005	0.762359	0.762871	0.731362	0.731531	0	0.764342	0.933178	0.926413	0.932435	0.925295	0.924354	0.943948	0.892767	0.903815	0.894918	0.918861	0.917295	0.919096	0.928794	0.923042	0.929499	0.929344	0.934516	0.979132	0.999833	0.957928	0.985412	0.948776	0.988972	0.983593	0.909805	0.939562	0.908541	0.903207	0.898805	0.903219	1.05816	1.06224	1.05832	1.04131	1.04151	1.0654	1.02852	1.02821	1.0279	1.03142	1.06232	1.02777	1.10235	1.10178	1.1092	1.10087	1.11061	1.09955	1.04647	1.04577	1.03684	1.04703	1.04726	1.03585	1.06868	1.06839	1.08678	1.08679	1.06923	1.08457	0.907591	0.906379	0.905407	0.890117	0.907858	0.892419	1.06817	1.05595	1.05567	1.0546	1.06722	1.06543	1.05945	1.06164	1.0758	1.05907	1.07061	1.06676
ERR613544	0.963535	0.931003	0.963378	0.960803	0.930984	0.935367	0.911827	0.914062	0.912799	0.916655	0.914265	0.910634	0.779808	0.78047	0.764084	0.764328	0.764342	0	0.955594	0.950973	0.955654	0.9497	0.948971	0.964938	0.921039	0.929893	0.921843	0.94132	0.939774	0.94206	0.953799	0.948152	0.954726	0.953861	0.959009	1.0009	1.02375	0.984717	1.00876	0.976066	1.01196	1.0073	0.931849	0.959863	0.930872	0.925987	0.922854	0.925817	1.08124	1.08561	1.08107	1.06594	1.06624	1.08983	1.05376	1.0536	1.0534	1.05658	1.08554	1.05255	1.11497	1.11492	1.12162	1.11391	1.12274	1.11257	1.07195	1.07101	1.06182	1.07176	1.07268	1.06131	1.09083	1.09128	1.10789	1.10821	1.09168	1.10584	0.935042	0.934801	0.933941	0.919423	0.936216	0.921437	1.09087	1.07968	1.07949	1.07835	1.09031	1.08859	1.08157	1.0842	1.09636	1.08139	1.09149	1.08768
ERR614003	0.88519	0.851206	0.88688	0.883786	0.851588	0.855363	0.896612	0.898889	0.897408	0.901326	0.898283	0.896976	0.954815	0.954035	0.933497	0.932832	0.933178	0.955594	0	0.814575	0.818209	0.813699	0.812987	0.828631	0.90426	0.911565	0.905177	0.923778	0.922229	0.926047	0.903819	0.899232	0.903537	0.903336	0.908465	0.946072	0.966273	0.927617	0.952514	0.918059	0.956534	0.951138	0.909783	0.933996	0.90899	0.904602	0.901308	0.904036	1.13215	1.13638	1.1323	1.11748	1.11831	1.13902	1.10185	1.10157	1.10151	1.10424	1.12952	1.10113	1.17451	1.17304	1.17966	1.17241	1.18113	1.17183	1.12198	1.12067	1.11266	1.12174	1.12241	1.11158	1.13498	1.135	1.15056	1.15101	1.1354	1.14835	0.934844	0.934152	0.933381	0.9229	0.934686	0.924121	1.14333	1.13276	1.13259	1.13155	1.14282	1.1407	1.13054	1.13255	1.14444	1.13052	1.13966	1.13651
ERR614005	0.880232	0.843904	0.881813	0.879073	0.844001	0.847732	0.887506	0.890752	0.889782	0.893341	0.890058	0.889099	0.949666	0.949462	0.926881	0.926072	0.926413	0.950973	0.814575	0	0.812821	0.802327	0.801603	0.824576	0.897307	0.905465	0.899381	0.919045	0.917823	0.920764	0.89747	0.892953	0.896751	0.896909	0.901148	0.938772	0.958308	0.919695	0.946002	0.910796	0.950075	0.944655	0.904671	0.928008	0.903477	0.8999	0.896354	0.899432	1.12786	1.13181	1.12819	1.1132	1.11405	1.13374	1.09658	1.09633	1.09619	1.09899	1.12378	1.09639	1.1729	1.17152	1.17785	1.17113	1.17937	1.17044	1.11679	1.11573	1.10848	1.11737	1.11724	1.10758	1.13036	1.13034	1.14605	1.14629	1.13052	1.14355	0.928465	0.926371	0.925502	0.91612	0.927007	0.917907	1.13897	1.12844	1.12835	1.12745	1.13814	1.13655	1.12641	1.12812	1.1403	1.12652	1.1359	1.13288
ERR614004	0.885272	0.850798	0.886648	0.883346	0.850484	0.854214	0.894264	0.896881	0.896327	0.899234	0.896853	0.89579	0.955321	0.954377	0.932876	0.932257	0.932435	0.955654	0.818209	0.812821	0	0.81193	0.811428	0.82794	0.903662	0.911686	0.905995	0.92442	0.923166	0.925826	0.902741	0.898839	0.902322	0.902369	0.90733	0.943181	0.963607	0.92597	0.951371	0.917143	0.955428	0.949964	0.909841	0.932952	0.908965	0.905575	0.90192	0.904928	1.13237	1.13631	1.13264	1.11799	1.1187	1.1381	1.1016	1.10167	1.10123	1.10404	1.12818	1.10139	1.17636	1.17522	1.18138	1.17482	1.18295	1.17382	1.12133	1.12044	1.11313	1.12188	1.1218	1.11221	1.13463	1.13466	1.15012	1.14974	1.13492	1.14758	0.932968	0.931172	0.931007	0.921722	0.931322	0.923284	1.14304	1.13273	1.13266	1.1316	1.14212	1.14043	1.13099	1.13266	1.14448	1.13097	1.13999	1.13735
ERR614006	0.879545	0.843197	0.880777	0.877992	0.842885	0.846576	0.886849	0.889933	0.888842	0.892233	0.88943	0.888326	0.949433	0.948558	0.925919	0.924821	0.925295	0.9497	0.813699	0.802327	0.81193	0	0.800738	0.823793	0.896145	0.904482	0.89844	0.918218	0.916736	0.919725	0.895855	0.891578	0.895585	0.895362	0.90035	0.937713	0.95775	0.91887	0.945137	0.910037	0.94917	0.94387	0.904178	0.927714	0.902835	0.899248	0.895298	0.898652	1.12744	1.13105	1.12785	1.11235	1.11311	1.13268	1.0962	1.09606	1.09562	1.09822	1.12271	1.09577	1.17276	1.17164	1.17785	1.1712	1.17949	1.17013	1.11581	1.11496	1.10771	1.11668	1.11637	1.1069	1.12986	1.12975	1.14531	1.14564	1.12985	1.14328	0.927912	0.926092	0.925334	0.916083	0.926006	0.917468	1.1383	1.12774	1.12778	1.12651	1.13764	1.13578	1.12604	1.12759	1.13975	1.12603	1.13528	1.13241
ERR614007	0.879267	0.842047	0.880161	0.877424	0.841781	0.84576	0.885752	0.888904	0.88797	0.891464	0.888572	0.886995	0.948405	0.94769	0.92448	0.923806	0.924354	0.948971	0.812987	0.801603	0.811428	0.800738	0	0.823288	0.895228	0.903687	0.897425	0.917182	0.916157	0.918696	0.895298	0.890735	0.894791	0.894829	0.899665	0.937486	0.956588	0.917518	0.943804	0.908488	0.947814	0.942409	0.903269	0.927302	0.901698	0.897985	0.894376	0.897683	1.12555	1.12922	1.12613	1.11049	1.11135	1.13131	1.09429	1.09388	1.09384	1.09676	1.12152	1.09386	1.17112	1.1698	1.17642	1.1694	1.17778	1.1686	1.11417	1.11344	1.106	1.11485	1.11469	1.105	1.12795	1.12792	1.1438	1.14401	1.12837	1.14164	0.927594	0.925243	0.924418	0.914582	0.925646	0.916661	1.1368	1.126	1.12583	1.12481	1.13575	1.13392	1.12399	1.12585	1.13824	1.12427	1.13378	1.13063
ERR614002	0.89463	0.863662	0.896151	0.893387	0.864002	0.867079	0.906844	0.909658	0.908603	0.911818	0.909405	0.908071	0.964859	0.963896	0.94409	0.943571	0.943948	0.964938	0.828631	0.824576	0.82794	0.823793	0.823288	0	0.914601	0.921541	0.916634	0.933378	0.932136	0.93533	0.913218	0.909281	0.912548	0.912763	0.916925	0.951269	0.973578	0.937875	0.961349	0.929368	0.965428	0.960337	0.918722	0.940468	0.918105	0.914651	0.911701	0.914258	1.13932	1.14332	1.1399	1.12577	1.12639	1.14542	1.10941	1.10923	1.10911	1.11183	1.13513	1.10931	1.18222	1.18075	1.18671	1.18025	1.18832	1.17932	1.12938	1.12824	1.12121	1.12992	1.1298	1.12045	1.1422	1.14224	1.15693	1.15728	1.14257	1.15489	0.94485	0.943021	0.943105	0.934175	0.943739	0.935526	1.15023	1.14029	1.1403	1.13896	1.14951	1.14788	1.13821	1.1401	1.15154	1.13851	1.14712	1.14441
ERR608119	0.923132	0.882633	0.924811	0.920352	0.882337	0.887806	0.87505	0.878727	0.876972	0.882197	0.878474	0.87552	0.919998	0.91971	0.893003	0.892599	0.892767	0.921039	0.90426	0.897307	0.903662	0.896145	0.895228	0.914601	0	0.776761	0.766148	0.794981	0.794444	0.797341	0.919976	0.914065	0.919547	0.919639	0.925453	0.970616	0.995379	0.953265	0.980317	0.943208	0.983847	0.978662	0.880625	0.912325	0.879145	0.872904	0.868699	0.872742	1.08786	1.09226	1.08795	1.07145	1.0721	1.09536	1.06078	1.06063	1.06047	1.06396	1.09394	1.06	1.12384	1.12182	1.12976	1.12167	1.13127	1.12035	1.07832	1.0773	1.06872	1.07856	1.07882	1.06744	1.09422	1.09427	1.11151	1.11171	1.09463	1.10928	0.915144	0.913018	0.911919	0.89846	0.913895	0.900064	1.10132	1.08971	1.08954	1.08838	1.10065	1.09873	1.08384	1.08657	1.09976	1.0839	1.09404	1.09049
ERR608117	0.929518	0.892324	0.931178	0.926984	0.892411	0.897199	0.887193	0.890318	0.888592	0.893606	0.890238	0.887574	0.929095	0.928911	0.904024	0.903584	0.903815	0.929893	0.911565	0.905465	0.911686	0.904482	0.903687	0.921541	0.776761	0	0.777221	0.803354	0.802533	0.805798	0.930119	0.924245	0.930118	0.929401	0.935476	0.979401	1.005	0.964338	0.98998	0.954549	0.993592	0.988607	0.889184	0.919662	0.887775	0.881724	0.878122	0.881923	1.09702	1.10169	1.09697	1.08131	1.082	1.10523	1.07135	1.07126	1.07148	1.07435	1.10375	1.07036	1.13001	1.12779	1.13551	1.1277	1.13709	1.12648	1.08877	1.08785	1.07919	1.08871	1.0893	1.07806	1.1038	1.10384	1.12029	1.12078	1.10408	1.1184	0.924459	0.923404	0.922047	0.908897	0.923922	0.910685	1.11054	1.09941	1.09935	1.09821	1.11007	1.10801	1.09285	1.09596	1.10849	1.09289	1.1026	1.09931
ERR608118	0.921718	0.882342	0.923544	0.919236	0.882952	0.887848	0.87916	0.881906	0.880029	0.885472	0.881566	0.878213	0.92077	0.920822	0.894959	0.89501	0.894918	0.921843	0.905177	0.899381	0.905995	0.89844	0.897425	0.916634	0.766148	0.777221	0	0.79352	0.792289	0.797005	0.921664	0.914603	0.921814	0.920689	0.927684	0.974979	0.999448	0.955923	0.981952	0.944921	0.985515	0.980651	0.881195	0.91491	0.879789	0.872408	0.869183	0.872561	1.08858	1.0936	1.08851	1.07219	1.0726	1.09851	1.06233	1.06216	1.06204	1.06544	1.09709	1.06087	1.11953	1.11677	1.12516	1.11669	1.12671	1.11508	1.08038	1.0792	1.0695	1.07995	1.08092	1.06841	1.09557	1.09564	1.11276	1.11387	1.09629	1.11134	0.917718	0.917278	0.915922	0.900514	0.91824	0.902216	1.10267	1.09052	1.09063	1.08952	1.10256	1.10013	1.08338	1.08726	1.09966	1.08334	1.0936	1.09007
ERR608121	0.939508	0.905879	0.941649	0.937511	0.906403	0.910909	0.90528	0.90716	0.905672	0.91031	0.906722	0.904258	0.940722	0.94046	0.919002	0.918695	0.918861	0.94132	0.923778	0.919045	0.92442	0.918218	0.917182	0.933378	0.794981	0.803354	0.79352	0	0.81055	0.815346	0.942933	0.936484	0.943139	0.94166	0.948638	0.992518	1.01944	0.978889	1.0023	0.968709	1.00567	1.00132	0.90044	0.93111	0.899422	0.892447	0.889894	0.892134	1.1051	1.1104	1.1047	1.09014	1.09026	1.1157	1.08121	1.08117	1.08112	1.08436	1.11429	1.07988	1.13193	1.1291	1.13738	1.12906	1.13867	1.12788	1.09905	1.09787	1.08801	1.09796	1.0993	1.08699	1.11297	1.11309	1.12897	1.13006	1.11361	1.12742	0.939691	0.93965	0.938667	0.92392	0.940461	0.925797	1.11935	1.10786	1.10781	1.10664	1.11888	1.11697	1.09982	1.10382	1.11552	1.10027	1.10914	1.10611
ERR608122	0.938161	0.904036	0.940046	0.936371	0.90481	0.90931	0.903544	0.905591	0.904163	0.908794	0.905318	0.902612	0.939134	0.938805	0.916916	0.916942	0.917295	0.939774	0.922229	0.917823	0.923166	0.916736	0.916157	0.932136	0.794444	0.802533	0.792289	0.81055	0	0.814375	0.941588	0.934552	0.941555	0.940386	0.947134	0.991782	1.01801	0.976683	1.00053	0.966693	1.00418	0.999435	0.899581	0.931103	0.898724	0.891493	0.888855	0.891248	1.10484	1.10965	1.10414	1.08949	1.08968	1.11507	1.08038	1.08038	1.08032	1.08362	1.11377	1.07891	1.13142	1.12877	1.13659	1.12853	1.13826	1.12734	1.09827	1.0972	1.08696	1.09694	1.09852	1.08611	1.11233	1.11202	1.12829	1.12934	1.11302	1.12655	0.937753	0.937497	0.936769	0.921886	0.938544	0.92374	1.11805	1.10679	1.10685	1.10576	1.11814	1.11591	1.09933	1.10325	1.11484	1.09938	1.10879	1.10534
ERR608120	0.942345	0.908586	0.944093	0.939918	0.908882	0.912905	0.905584	0.907611	0.906315	0.910613	0.907599	0.905292	0.941357	0.94112	0.919063	0.919065	0.919096	0.94206	0.926047	0.920764	0.925826	0.919725	0.918696	0.93533	0.797341	0.805798	0.797005	0.815346	0.814375	0	0.944692	0.939018	0.944546	0.94429	0.949897	0.992616	1.01862	0.979391	1.0034	0.969972	1.00652	1.00227	0.902654	0.932041	0.901661	0.895501	0.892738	0.895451	1.10698	1.11155	1.10669	1.09209	1.09248	1.11544	1.08297	1.0828	1.08296	1.08604	1.11459	1.08205	1.13644	1.13422	1.14175	1.13409	1.14301	1.13289	1.10004	1.0991	1.0899	1.0996	1.10068	1.08921	1.11405	1.11404	1.12984	1.13079	1.11465	1.12815	0.939589	0.939036	0.937932	0.92493	0.940011	0.92673	1.12025	1.10938	1.10925	1.10816	1.12012	1.11808	1.10254	1.10602	1.11743	1.10282	1.11193	1.10879
ERR608590	0.908852	0.873417	0.910163	0.906805	0.872707	0.877336	0.894912	0.899472	0.896997	0.902353	0.898518	0.895632	0.953031	0.952908	0.928827	0.928996	0.928794	0.953799	0.903819	0.89747	0.902741	0.895855	0.895298	0.913218	0.919976	0.930119	0.921664	0.942933	0.941588	0.944692	0	0.823634	0.827041	0.826588	0.836239	0.884833	0.973737	0.936092	0.960508	0.92698	0.963983	0.958738	0.910423	0.934816	0.908332	0.904256	0.901488	0.904348	1.10216	1.10628	1.10205	1.08598	1.08675	1.10883	1.07016	1.06987	1.06992	1.07274	1.10005	1.06957	1.14793	1.14615	1.15331	1.14574	1.155	1.14469	1.09165	1.09072	1.08249	1.09224	1.09226	1.08155	1.10634	1.10643	1.12298	1.12342	1.10673	1.12075	0.92808	0.926142	0.925655	0.912421	0.927233	0.914553	1.10966	1.09854	1.09848	1.09755	1.10915	1.10731	1.09942	1.1015	1.11441	1.09939	1.10937	1.10636
ERR608587	0.902371	0.866071	0.90402	0.900722	0.866393	0.870806	0.890068	0.894357	0.89207	0.897109	0.89346	0.890008	0.947622	0.947074	0.9229	0.922832	0.923042	0.948152	0.899232	0.892953	0.898839	0.891578	0.890735	0.909281	0.914065	0.924245	0.914603	0.936484	0.934552	0.939018	0.823634	0	0.825773	0.823733	0.828789	0.880565	0.971062	0.931159	0.956258	0.921441	0.960004	0.954752	0.90492	0.932052	0.903634	0.898304	0.895667	0.898794	1.09803	1.10286	1.09843	1.08219	1.08264	1.10688	1.06586	1.06574	1.06584	1.06855	1.09739	1.06493	1.14278	1.14082	1.148	1.14006	1.14975	1.13909	1.08802	1.08714	1.07797	1.088	1.08871	1.0769	1.10317	1.10301	1.11999	1.12046	1.10343	1.11771	0.922826	0.921485	0.920972	0.906054	0.922738	0.908757	1.10629	1.09468	1.09467	1.09319	1.10606	1.10371	1.09488	1.09744	1.11038	1.09503	1.10482	1.10167
ERR608589	0.909193	0.87405	0.910433	0.907159	0.873256	0.877804	0.895205	0.899467	0.897288	0.902122	0.898794	0.895949	0.95411	0.953815	0.929462	0.929506	0.929499	0.954726	0.903537	0.896751	0.902322	0.895585	0.894791	0.912548	0.919547	0.930118	0.921814	0.943139	0.941555	0.944546	0.827041	0.825773	0	0.828084	0.837632	0.886021	0.973828	0.936611	0.96127	0.927592	0.964465	0.959503	0.910543	0.934987	0.908784	0.904745	0.901987	0.904769	1.10321	1.107	1.10326	1.08725	1.08791	1.10968	1.07128	1.07116	1.07105	1.07368	1.10104	1.07065	1.14901	1.14737	1.15434	1.1468	1.156	1.14585	1.09229	1.09157	1.0834	1.09248	1.09289	1.0825	1.10713	1.10703	1.1235	1.124	1.10733	1.1214	0.928388	0.925836	0.925277	0.912201	0.92728	0.914909	1.11068	1.09934	1.09932	1.09808	1.11027	1.10773	1.10025	1.10226	1.115	1.10035	1.11025	1.10735
ERR608588	0.907028	0.872259	0.908668	0.905198	0.872019	0.87599	0.895679	0.900544	0.898233	0.903262	0.899595	0.896791	0.953095	0.95267	0.929556	0.929486	0.929344	0.953861	0.903336	0.896909	0.902369	0.895362	0.894829	0.912763	0.919639	0.929401	0.920689	0.94166	0.940386	0.94429	0.826588	0.823733	0.828084	0	0.837267	0.886205	0.974579	0.936472	0.960954	0.927601	0.964708	0.959305	0.909612	0.934391	0.907651	0.903134	0.900806	0.903193	1.10333	1.1076	1.10344	1.08749	1.08795	1.1107	1.07132	1.07138	1.07118	1.07383	1.1016	1.07022	1.14677	1.14504	1.152	1.14439	1.15374	1.14336	1.09274	1.09215	1.08372	1.09299	1.09357	1.08271	1.10736	1.10761	1.12396	1.12457	1.10778	1.122	0.928727	0.927162	0.926465	0.912374	0.928063	0.915009	1.1111	1.09983	1.09971	1.09831	1.11095	1.10868	1.09992	1.10203	1.11468	1.09999	1.10968	1.10636
ERR608586	0.913499	0.87935	0.914443	0.91153	0.878477	0.882931	0.901031	0.90556	0.903566	0.907668	0.904945	0.901896	0.958476	0.957885	0.934846	0.934884	0.934516	0.959009	0.908465	0.901148	0.90733	0.90035	0.899665	0.916925	0.925453	0.935476	0.927684	0.948638	0.947134	0.949897	0.836239	0.828789	0.837632	0.837267	0	0.885849	0.97733	0.941192	0.965129	0.932715	0.968821	0.964265	0.915215	0.938299	0.913539	0.910106	0.907598	0.910125	1.1072	1.11135	1.10786	1.09194	1.09258	1.11321	1.07553	1.07519	1.0751	1.07762	1.10352	1.07498	1.15284	1.1513	1.15786	1.15069	1.15962	1.14988	1.09663	1.0959	1.08813	1.09727	1.09736	1.08727	1.11118	1.11121	1.12742	1.12777	1.11148	1.12496	0.932567	0.930509	0.930204	0.917572	0.931668	0.919992	1.11473	1.10399	1.10382	1.1026	1.11421	1.11236	1.1045	1.10624	1.11913	1.10476	1.11442	1.11138
ERR608585	0.951987	0.926149	0.952447	0.950284	0.923951	0.927018	0.946519	0.951025	0.949587	0.952401	0.950594	0.949415	1.00045	0.999525	0.979239	0.978719	0.979132	1.0009	0.946072	0.938772	0.943181	0.937713	0.937486	0.951269	0.970616	0.979401	0.974979	0.992518	0.991782	0.992616	0.884833	0.880565	0.886021	0.886205	0.885849	0	1.00244	0.978283	0.998304	0.972886	1.00148	0.997243	0.955492	0.968129	0.953681	0.953471	0.950745	0.952979	1.14085	1.14351	1.14174	1.12816	1.12884	1.14213	1.1113	1.11124	1.11087	1.11253	1.13157	1.11145	1.18725	1.18663	1.19133	1.18598	1.19296	1.18531	1.12963	1.12925	1.12483	1.1318	1.13003	1.12418	1.14307	1.14288	1.15706	1.15616	1.14304	1.15444	0.97177	0.96731	0.967292	0.96162	0.968264	0.963344	1.14693	1.13771	1.13799	1.13688	1.14571	1.14451	1.14058	1.14058	1.15183	1.14014	1.14909	1.14654
ERR608871	0.969891	0.935909	0.969767	0.966935	0.933978	0.938241	0.983716	0.987984	0.986786	0.989181	0.98787	0.985922	1.02346	1.02291	0.999736	0.99987	0.999833	1.02375	0.966273	0.958308	0.963607	0.95775	0.956588	0.973578	0.995379	1.005	0.999448	1.01944	1.01801	1.01862	0.973737	0.971062	0.973828	0.974579	0.97733	1.00244	0	0.818254	0.837026	0.816252	0.839209	0.835078	0.995026	1.01092	0.993261	0.991611	0.988338	0.991403	1.14662	1.1491	1.14744	1.13376	1.13474	1.14794	1.11524	1.11533	1.11474	1.11728	1.13819	1.11581	1.18681	1.18661	1.19177	1.18593	1.1931	1.18531	1.12346	1.12299	1.11923	1.12624	1.12389	1.11864	1.14073	1.14059	1.1553	1.15439	1.14087	1.1524	1.00469	1.0005	0.999862	0.993981	1.00154	0.995396	1.14738	1.13806	1.13815	1.13706	1.14622	1.14494	1.13865	1.13884	1.15047	1.13873	1.14782	1.14497
ERR608872	0.931381	0.889756	0.93155	0.928021	0.888079	0.893655	0.94121	0.945931	0.943981	0.948092	0.945727	0.942151	0.984266	0.984005	0.957989	0.957905	0.957928	0.984717	0.927617	0.919695	0.92597	0.91887	0.917518	0.937875	0.953265	0.964338	0.955923	0.978889	0.976683	0.979391	0.936092	0.931159	0.936611	0.936472	0.941192	0.978283	0.818254	0	0.808665	0.774842	0.811059	0.805775	0.957473	0.981781	0.955796	0.951326	0.947508	0.951358	1.1159	1.11998	1.11618	1.10089	1.10166	1.12157	1.08207	1.08186	1.08164	1.08511	1.11236	1.08179	1.15634	1.15543	1.1621	1.15487	1.16376	1.1537	1.09241	1.0911	1.0842	1.09347	1.09279	1.08369	1.11088	1.11101	1.12797	1.12773	1.11147	1.12546	0.96835	0.966013	0.965336	0.953731	0.967145	0.955383	1.11842	1.10689	1.10695	1.10574	1.11756	1.11577	1.10545	1.10734	1.12038	1.10577	1.11598	1.11271
ERR608875	0.954207	0.918531	0.954486	0.951655	0.917296	0.921962	0.971355	0.975151	0.9733	0.976933	0.974793	0.97192	1.00801	1.00807	0.985497	0.985415	0.985412	1.00876	0.952514	0.946002	0.951371	0.945137	0.943804	0.961349	0.980317	0.98998	0.981952	1.0023	1.00053	1.0034	0.960508	0.956258	0.96127	0.960954	0.965129	0.998304	0.837026	0.808665	0	0.803095	0.824561	0.820189	0.979855	1.00202	0.978263	0.974279	0.971387	0.97441	1.1348	1.13858	1.13524	1.12103	1.12182	1.14071	1.10403	1.10387	1.10361	1.10677	1.13276	1.10372	1.17106	1.1701	1.17637	1.16953	1.17786	1.16848	1.1135	1.11268	1.10592	1.11428	1.11412	1.10528	1.13092	1.13111	1.14637	1.1465	1.13118	1.14433	0.994544	0.992469	0.991961	0.981408	0.99345	0.983202	1.13728	1.12701	1.12709	1.12582	1.13683	1.13476	1.12532	1.12712	1.13909	1.12552	1.13504	1.13209
ERR608873	0.921927	0.878178	0.922179	0.919005	0.877265	0.883325	0.93171	0.936101	0.934193	0.938312	0.936122	0.932133	0.975271	0.975346	0.948564	0.948761	0.948776	0.976066	0.918059	0.910796	0.917143	0.910037	0.908488	0.929368	0.943208	0.954549	0.944921	0.968709	0.966693	0.969972	0.92698	0.921441	0.927592	0.927601	0.932715	0.972886	0.816252	0.774842	0.803095	0	0.806408	0.800481	0.94908	0.975621	0.947383	0.94189	0.937661	0.941721	1.10873	1.11305	1.10876	1.093	1.09376	1.11595	1.07436	1.07428	1.0739	1.07748	1.10662	1.07379	1.14911	1.14757	1.15503	1.14714	1.15669	1.14584	1.08513	1.08397	1.07608	1.08569	1.08545	1.07506	1.10427	1.10413	1.12153	1.12171	1.10491	1.11917	0.960061	0.958212	0.957774	0.944098	0.959721	0.946658	1.11178	1.09987	1.09997	1.09875	1.11123	1.109	1.09762	1.09979	1.11334	1.09787	1.10832	1.10512
ERR608876	0.957881	0.922679	0.957734	0.954984	0.921524	0.926315	0.975274	0.978869	0.977255	0.981055	0.978728	0.975951	1.01147	1.01124	0.98919	0.989024	0.988972	1.01196	0.956534	0.950075	0.955428	0.94917	0.947814	0.965428	0.983847	0.993592	0.985515	1.00567	1.00418	1.00652	0.963983	0.960004	0.964465	0.964708	0.968821	1.00148	0.839209	0.811059	0.824561	0.806408	0	0.822573	0.98374	1.00527	0.981952	0.978068	0.975292	0.978295	1.13617	1.14002	1.13653	1.12241	1.12306	1.14176	1.10558	1.10557	1.10506	1.10854	1.13404	1.10556	1.1721	1.1709	1.17733	1.17046	1.17866	1.16958	1.11514	1.11434	1.1075	1.11602	1.11575	1.10697	1.13232	1.13222	1.14762	1.14795	1.13276	1.14538	0.997383	0.995433	0.994785	0.984077	0.99662	0.986261	1.13871	1.12843	1.12807	1.12724	1.13801	1.13624	1.12626	1.1282	1.14021	1.12646	1.13602	1.13321
ERR608874	0.952779	0.916999	0.953147	0.949953	0.915892	0.920936	0.969702	0.973661	0.971484	0.975754	0.973356	0.970246	1.0068	1.0065	0.983765	0.983803	0.983593	1.0073	0.951138	0.944655	0.949964	0.94387	0.942409	0.960337	0.978662	0.988607	0.980651	1.00132	0.999435	1.00227	0.958738	0.954752	0.959503	0.959305	0.964265	0.997243	0.835078	0.805775	0.820189	0.800481	0.822573	0	0.979097	1.00086	0.977011	0.973026	0.970036	0.973392	1.13356	1.13708	1.13357	1.11945	1.12009	1.13931	1.10231	1.10198	1.10187	1.10517	1.13103	1.10211	1.16967	1.16871	1.17491	1.16818	1.17656	1.16712	1.112	1.11087	1.10427	1.11284	1.11236	1.10364	1.1294	1.12932	1.14478	1.14478	1.12935	1.14273	0.993258	0.991445	0.990593	0.979761	0.992775	0.981827	1.13587	1.12536	1.12523	1.12452	1.13527	1.13364	1.12343	1.12544	1.13733	1.12368	1.13324	1.13025
ERR608568	0.921917	0.891188	0.924062	0.920164	0.890956	0.895304	0.900591	0.903597	0.901817	0.906861	0.903501	0.900524	0.93167	0.930871	0.909507	0.90932	0.909805	0.931849	0.909783	0.904671	0.909841	0.904178	0.903269	0.918722	0.880625	0.889184	0.881195	0.90044	0.899581	0.902654	0.910423	0.90492	0.910543	0.909612	0.915215	0.955492	0.995026	0.957473	0.979855	0.94908	0.98374	0.979097	0	0.850332	0.820319	0.814328	0.809863	0.81493	1.1105	1.11564	1.11053	1.09493	1.0953	1.11958	1.08283	1.08274	1.08243	1.0856	1.11335	1.08177	1.14989	1.1478	1.15547	1.14752	1.15687	1.14672	1.10418	1.10341	1.09392	1.10378	1.10469	1.09325	1.11977	1.1199	1.13607	1.13656	1.12025	1.13398	0.916057	0.915754	0.914208	0.901299	0.916302	0.903345	1.12321	1.11199	1.11191	1.1109	1.12291	1.12072	1.10929	1.11209	1.12414	1.10913	1.11872	1.11552
ERR608567	0.948042	0.923073	0.949311	0.946306	0.921475	0.925386	0.93092	0.933895	0.932666	0.936031	0.933696	0.932277	0.959785	0.958992	0.93928	0.939637	0.939562	0.959863	0.933996	0.928008	0.932952	0.927714	0.927302	0.940468	0.912325	0.919662	0.91491	0.93111	0.931103	0.932041	0.934816	0.932052	0.934987	0.934391	0.938299	0.968129	1.01092	0.981781	1.00202	0.975621	1.00527	1.00086	0.850332	0	0.850621	0.84861	0.844057	0.849066	1.13346	1.13713	1.13409	1.11975	1.1202	1.13799	1.10655	1.10629	1.10611	1.10844	1.13038	1.10619	1.1743	1.17329	1.17919	1.17275	1.18082	1.17228	1.12669	1.12594	1.11939	1.12767	1.12725	1.11891	1.14095	1.14072	1.15522	1.15502	1.14124	1.15295	0.940717	0.938089	0.937137	0.929217	0.938934	0.930803	1.14481	1.1351	1.13528	1.13401	1.14416	1.14232	1.13404	1.13554	1.14666	1.13388	1.14278	1.14012
ERR608572	0.920404	0.88972	0.92204	0.918747	0.889544	0.893706	0.899844	0.903065	0.90108	0.906067	0.902604	0.899311	0.930707	0.930147	0.908274	0.908255	0.908541	0.930872	0.90899	0.903477	0.908965	0.902835	0.901698	0.918105	0.879145	0.887775	0.879789	0.899422	0.898724	0.901661	0.908332	0.903634	0.908784	0.907651	0.913539	0.953681	0.993261	0.955796	0.978263	0.947383	0.981952	0.977011	0.820319	0.850621	0	0.810208	0.810202	0.810522	1.10978	1.11522	1.11025	1.09457	1.09483	1.11868	1.0826	1.08221	1.08217	1.08499	1.1131	1.08134	1.14919	1.14745	1.15474	1.14679	1.1562	1.14597	1.10373	1.10267	1.09366	1.10349	1.10433	1.09278	1.11949	1.1193	1.1356	1.13629	1.11973	1.13366	0.9158	0.915338	0.914017	0.90095	0.916016	0.902618	1.12304	1.11183	1.11167	1.11042	1.12284	1.12073	1.10874	1.11166	1.12373	1.10886	1.11846	1.11542
ERR608570	0.915547	0.883057	0.917519	0.914031	0.883514	0.88799	0.894839	0.897634	0.89538	0.901019	0.896961	0.893476	0.925728	0.924794	0.902821	0.903071	0.903207	0.925987	0.904602	0.8999	0.905575	0.899248	0.897985	0.914651	0.872904	0.881724	0.872408	0.892447	0.891493	0.895501	0.904256	0.898304	0.904745	0.903134	0.910106	0.953471	0.991611	0.951326	0.974279	0.94189	0.978068	0.973026	0.814328	0.84861	0.810208	0	0.803531	0.80361	1.10394	1.10988	1.10387	1.08781	1.08819	1.11481	1.07704	1.07679	1.07653	1.07988	1.1098	1.07542	1.14167	1.13939	1.14737	1.13898	1.1489	1.13774	1.09838	1.09714	1.08676	1.09729	1.09892	1.08583	1.1143	1.11411	1.13107	1.13195	1.11471	1.12899	0.912054	0.91197	0.9107	0.89543	0.912961	0.897957	1.11764	1.10576	1.10564	1.10456	1.11759	1.11541	1.10206	1.10573	1.11774	1.10233	1.11187	1.10857
ERR608569	0.913703	0.880551	0.915631	0.912321	0.88078	0.885526	0.889093	0.892309	0.88998	0.895326	0.891629	0.888113	0.922529	0.921683	0.898565	0.898532	0.898805	0.922854	0.901308	0.896354	0.90192	0.895298	0.894376	0.911701	0.868699	0.878122	0.869183	0.889894	0.888855	0.892738	0.901488	0.895667	0.901987	0.900806	0.907598	0.950745	0.988338	0.947508	0.971387	0.937661	0.975292	0.970036	0.809863	0.844057	0.810202	0.803531	0	0.803845	1.10179	1.10706	1.10188	1.08547	1.08588	1.112	1.07454	1.07421	1.07387	1.07746	1.10714	1.07316	1.14224	1.13998	1.14823	1.13966	1.14952	1.13826	1.09551	1.09454	1.08434	1.09482	1.09625	1.08335	1.11175	1.11165	1.1283	1.12912	1.11208	1.12637	0.906806	0.906467	0.905118	0.890184	0.907715	0.892297	1.11516	1.10329	1.10332	1.10221	1.11514	1.11263	1.10043	1.10371	1.1161	1.10053	1.11041	1.10719
ERR608571	0.915462	0.88342	0.917466	0.913881	0.883543	0.888133	0.894055	0.897573	0.895045	0.900454	0.896789	0.893419	0.925545	0.92463	0.902919	0.902791	0.903219	0.925817	0.904036	0.899432	0.904928	0.898652	0.897683	0.914258	0.872742	0.881923	0.872561	0.892134	0.891248	0.895451	0.904348	0.898794	0.904769	0.903193	0.910125	0.952979	0.991403	0.951358	0.97441	0.941721	0.978295	0.973392	0.81493	0.849066	0.810522	0.80361	0.803845	0	1.10505	1.11056	1.10533	1.08918	1.08921	1.11595	1.07805	1.07781	1.07768	1.08082	1.11066	1.07668	1.14337	1.14106	1.14926	1.14076	1.15046	1.13951	1.09928	1.09818	1.08789	1.09843	1.09997	1.08726	1.11517	1.11522	1.13193	1.1327	1.11561	1.12996	0.910752	0.911175	0.909785	0.894976	0.912092	0.896895	1.11851	1.10677	1.10675	1.10555	1.11816	1.11599	1.10337	1.10672	1.11906	1.10327	1.113	1.10974
