	ERR605564	ERR605568	ERR605563	ERR605566	ERR605567	ERR605565	ERR612580	ERR612579	ERR612577	ERR612582	ERR612581	ERR612578	ERR607987	ERR607986	ERR607988	ERR607984	ERR607983	ERR607985	ERR618451	ERR618452	ERR618448	ERR618447	ERR618449	ERR618450	ERR612205	ERR612203	ERR612206	ERR612204	ERR612208	ERR612207	ERR613390	ERR613393	ERR613394	ERR613392	ERR613391	ERR613389	ERR608275	ERR608278	ERR608276	ERR608280	ERR608279	ERR608277	ERR622030	ERR622028	ERR622027	ERR622032	ERR622029	ERR622031	ERR617217	ERR617218	ERR617215	ERR617219	ERR617216	ERR617220	ERR617049	ERR617048	ERR617047	ERR617045	ERR617046	ERR617050	ERR612875	ERR612874	ERR612877	ERR612878	ERR612873	ERR612876	ERR616711	ERR616707	ERR616706	ERR616708	ERR616709	ERR616710	ERR631077	ERR631076	ERR631074	ERR631075	ERR631079	ERR631078	ERR629823	ERR629821	ERR629818	ERR629820	ERR629819	ERR629822	ERR618521	ERR618524	ERR618523	ERR618520	ERR618519	ERR618522	ERR629604	ERR629600	ERR629602	ERR629605	ERR629601	ERR629603
ERR605564	0	0.244861	0.2456	0.244874	0.244846	0.245971	0.388414	0.363736	0.361161	0.389971	0.386387	0.402756	0.395339	0.398762	0.398234	0.351659	0.354218	0.351057	0.362055	0.361895	0.369807	0.351642	0.360875	0.365175	0.400666	0.392024	0.39822	0.396285	0.406279	0.437015	0.298718	0.30919	0.329533	0.311545	0.295843	0.298861	0.439727	0.401949	0.407847	0.40724	0.398114	0.397564	0.326456	0.330196	0.326771	0.325558	0.332414	0.325519	0.49781	0.508086	0.491171	0.50417	0.494788	0.501151	0.529189	0.527938	0.524802	0.520552	0.525058	0.525945	0.50661	0.531967	0.530008	0.531529	0.507848	0.526859	0.519158	0.542526	0.544052	0.556204	0.520014	0.517569	0.603628	0.602915	0.600259	0.610346	0.609278	0.602703	0.409349	0.409056	0.404936	0.403422	0.404622	0.408491	0.524581	0.542865	0.543637	0.524529	0.517436	0.531175	0.436805	0.413875	0.42943	0.439154	0.424803	0.430802
ERR605568	0.244861	0	0.246613	0.243179	0.243104	0.246428	0.385563	0.361488	0.358083	0.387158	0.383692	0.400386	0.392988	0.39636	0.395921	0.349663	0.352407	0.349345	0.35861	0.35811	0.367752	0.349311	0.358261	0.361651	0.398473	0.389687	0.395823	0.394683	0.403757	0.434612	0.297166	0.306188	0.327715	0.308281	0.294514	0.296811	0.440178	0.401217	0.407318	0.406696	0.39742	0.397151	0.323247	0.327327	0.324285	0.322432	0.329261	0.32232	0.497263	0.507597	0.491431	0.503716	0.494231	0.501746	0.529662	0.528346	0.52434	0.520792	0.524586	0.526589	0.505297	0.530769	0.52847	0.529943	0.506275	0.525052	0.518981	0.541995	0.543683	0.555617	0.520015	0.51748	0.602174	0.601198	0.598811	0.608691	0.607745	0.601367	0.410578	0.410003	0.406056	0.404661	0.405791	0.409425	0.524374	0.541841	0.542639	0.524476	0.517318	0.530407	0.436561	0.41376	0.429161	0.438716	0.424527	0.430669
ERR605563	0.2456	0.246613	0	0.246584	0.245407	0.252001	0.397535	0.370921	0.365492	0.399403	0.395631	0.413452	0.406067	0.409554	0.409325	0.353852	0.358716	0.353691	0.361064	0.360477	0.374045	0.351009	0.362504	0.365049	0.409776	0.399828	0.406937	0.406007	0.415601	0.447901	0.302141	0.308778	0.338492	0.310957	0.293892	0.294736	0.44908	0.404344	0.412842	0.411772	0.400012	0.400085	0.326339	0.335434	0.328196	0.325122	0.337266	0.325783	0.492111	0.505679	0.487481	0.501034	0.489295	0.500936	0.52613	0.524654	0.518013	0.515389	0.518667	0.522793	0.502837	0.532603	0.528245	0.529392	0.502239	0.524343	0.520598	0.545753	0.547685	0.560156	0.521571	0.518998	0.59903	0.596258	0.594404	0.604817	0.605072	0.597886	0.407935	0.407802	0.405282	0.40931	0.410531	0.407356	0.524131	0.542341	0.54318	0.524731	0.516064	0.530183	0.442676	0.416163	0.434642	0.444988	0.430137	0.435979
ERR605566	0.244874	0.243179	0.246584	0	0.243477	0.246627	0.385971	0.362188	0.35869	0.387739	0.384291	0.400943	0.392961	0.396279	0.39589	0.349518	0.352338	0.349386	0.358583	0.35835	0.3678	0.349358	0.358276	0.36181	0.398878	0.390135	0.396283	0.395021	0.404215	0.435066	0.296915	0.306073	0.327597	0.308377	0.294393	0.296725	0.439704	0.400559	0.406796	0.405993	0.396568	0.396564	0.323814	0.328015	0.324765	0.322851	0.329978	0.322869	0.496721	0.507118	0.491019	0.503226	0.49372	0.501503	0.529215	0.527891	0.523892	0.520379	0.524152	0.5262	0.504946	0.530256	0.527972	0.529417	0.505838	0.524619	0.518932	0.541638	0.543474	0.555448	0.519789	0.517307	0.602008	0.600834	0.598429	0.608319	0.607432	0.601079	0.410324	0.409759	0.405615	0.40457	0.405442	0.409252	0.523956	0.541561	0.542464	0.524117	0.516837	0.529939	0.436168	0.413429	0.428701	0.438355	0.42415	0.430151
ERR605567	0.244846	0.243104	0.245407	0.243477	0	0.247486	0.388646	0.363733	0.35991	0.3904	0.386718	0.403781	0.396192	0.399604	0.39925	0.350385	0.353466	0.350042	0.35913	0.358816	0.369267	0.349789	0.359112	0.362477	0.401247	0.392338	0.39851	0.397262	0.406707	0.438204	0.298393	0.30736	0.330658	0.309375	0.294472	0.296588	0.44246	0.402296	0.409077	0.408236	0.398219	0.398213	0.324541	0.329974	0.325782	0.323481	0.331825	0.323586	0.49665	0.507672	0.491	0.503633	0.493585	0.50189	0.528999	0.527626	0.523336	0.519905	0.523567	0.525866	0.505404	0.5319	0.529204	0.530507	0.506138	0.525689	0.519647	0.54332	0.545173	0.557372	0.520602	0.518122	0.602083	0.600674	0.598389	0.60837	0.607656	0.601125	0.409639	0.409309	0.405731	0.405816	0.406846	0.40882	0.524628	0.542428	0.543345	0.525035	0.517438	0.530875	0.438612	0.414775	0.431013	0.440941	0.426273	0.432417
ERR605565	0.245971	0.246428	0.252001	0.246627	0.247486	0	0.379412	0.357525	0.357331	0.380908	0.377306	0.392113	0.384336	0.387761	0.386904	0.350035	0.35033	0.349271	0.362342	0.362226	0.365464	0.352445	0.359299	0.364735	0.392772	0.385159	0.390203	0.387938	0.397632	0.426463	0.297556	0.310715	0.321824	0.312852	0.30009	0.304609	0.432468	0.401317	0.40474	0.404331	0.397728	0.396724	0.327773	0.326243	0.326799	0.326825	0.328658	0.326064	0.504355	0.511216	0.496359	0.508082	0.500988	0.503231	0.533766	0.532726	0.532395	0.526836	0.531862	0.530775	0.511312	0.532267	0.532431	0.534447	0.513887	0.529953	0.519206	0.540117	0.541474	0.553148	0.520296	0.517653	0.608386	0.609314	0.606181	0.61583	0.613547	0.60769	0.41322	0.412543	0.406931	0.400552	0.40149	0.411947	0.526248	0.543988	0.544693	0.525564	0.519896	0.532953	0.43268	0.413249	0.426082	0.434872	0.421197	0.427714
ERR612580	0.388414	0.385563	0.397535	0.385971	0.388646	0.379412	0	0.262246	0.272026	0.254399	0.253406	0.260813	0.375918	0.376402	0.376234	0.389373	0.385749	0.391099	0.38101	0.381471	0.370873	0.378489	0.373989	0.378767	0.308211	0.307152	0.307491	0.308488	0.309664	0.326396	0.364664	0.374199	0.355035	0.374061	0.38318	0.390424	0.483789	0.473037	0.470839	0.470944	0.471554	0.471024	0.36119	0.340612	0.355455	0.361725	0.339978	0.35887	0.573461	0.572617	0.56626	0.571235	0.570687	0.568686	0.60333	0.602743	0.603039	0.599017	0.602349	0.602234	0.542483	0.548967	0.552806	0.554998	0.548671	0.552286	0.576342	0.586724	0.587204	0.595234	0.577152	0.57511	0.660179	0.662644	0.659611	0.666235	0.663405	0.66039	0.505028	0.503451	0.496891	0.48174	0.483749	0.502754	0.591134	0.602775	0.603471	0.591329	0.586391	0.594371	0.4902	0.488091	0.487281	0.491212	0.48558	0.489614
ERR612579	0.363736	0.361488	0.370921	0.362188	0.363733	0.357525	0.262246	0	0.251546	0.263557	0.260278	0.274838	0.376649	0.378436	0.37859	0.369384	0.367356	0.370381	0.369181	0.369218	0.365722	0.363571	0.363771	0.368854	0.311096	0.306115	0.310148	0.309549	0.315951	0.344949	0.34938	0.359684	0.353459	0.360308	0.360368	0.367052	0.488128	0.46621	0.468041	0.46756	0.463583	0.463204	0.340074	0.327648	0.336918	0.339754	0.327595	0.338032	0.565256	0.570705	0.559181	0.567932	0.562243	0.565058	0.597421	0.596532	0.594655	0.591155	0.59462	0.595299	0.540232	0.557473	0.557971	0.559864	0.543554	0.555848	0.574497	0.59105	0.592338	0.602096	0.575412	0.573205	0.660389	0.66074	0.658401	0.666463	0.664748	0.660148	0.485323	0.484095	0.478996	0.469266	0.470637	0.483532	0.590608	0.60529	0.605981	0.591055	0.584865	0.595225	0.491666	0.479496	0.48611	0.493263	0.482984	0.488665
ERR612577	0.361161	0.358083	0.365492	0.35869	0.35991	0.357331	0.272026	0.251546	0	0.273483	0.270567	0.289456	0.38365	0.385493	0.385914	0.364348	0.365919	0.366983	0.360061	0.359992	0.365677	0.355939	0.359355	0.360678	0.320872	0.311739	0.318462	0.320471	0.326158	0.359076	0.346415	0.351624	0.358905	0.351965	0.352893	0.35589	0.495269	0.462164	0.467683	0.467241	0.459264	0.459926	0.330069	0.325708	0.32922	0.329895	0.325445	0.329082	0.555726	0.564333	0.552466	0.561004	0.552993	0.564201	0.594043	0.59269	0.585455	0.584301	0.585683	0.592074	0.531117	0.553621	0.550788	0.552031	0.531746	0.547676	0.572815	0.59088	0.592827	0.602797	0.573823	0.571646	0.651881	0.649148	0.648081	0.65591	0.656436	0.651383	0.480385	0.479291	0.475322	0.470518	0.472552	0.478815	0.587425	0.601214	0.601932	0.588867	0.58072	0.590643	0.492387	0.475866	0.485796	0.493855	0.483575	0.488032
ERR612582	0.389971	0.387158	0.399403	0.387739	0.3904	0.380908	0.254399	0.263557	0.273483	0	0.2531	0.259878	0.376309	0.376354	0.376452	0.390988	0.387372	0.392622	0.382117	0.382705	0.371712	0.379744	0.375047	0.379971	0.308585	0.307639	0.308065	0.308528	0.309598	0.325235	0.366117	0.375511	0.355749	0.375532	0.38499	0.392293	0.483753	0.473708	0.47148	0.471509	0.472282	0.471802	0.362562	0.341398	0.356885	0.363115	0.340933	0.360278	0.574179	0.572933	0.567025	0.571654	0.571641	0.56911	0.604083	0.6034	0.603983	0.599588	0.6031	0.602983	0.542889	0.548643	0.552962	0.555043	0.549347	0.552364	0.57627	0.586237	0.586823	0.594518	0.577226	0.575195	0.660486	0.663103	0.659977	0.666625	0.66363	0.660736	0.506015	0.504266	0.497652	0.482006	0.483985	0.503613	0.591303	0.602683	0.603289	0.591355	0.586597	0.594312	0.489857	0.488259	0.487365	0.490957	0.485504	0.489506
ERR612581	0.386387	0.383692	0.395631	0.384291	0.386718	0.377306	0.253406	0.260278	0.270567	0.2531	0	0.259903	0.374899	0.375307	0.375175	0.388159	0.384337	0.389552	0.380576	0.38096	0.370171	0.377576	0.373468	0.378466	0.307137	0.305845	0.306587	0.306865	0.308626	0.325764	0.363428	0.373319	0.353725	0.373285	0.38164	0.389227	0.482833	0.472372	0.47015	0.470421	0.470852	0.470187	0.359822	0.339105	0.354142	0.36045	0.338473	0.357424	0.573519	0.572914	0.566188	0.57134	0.570814	0.568063	0.60298	0.602247	0.603152	0.598646	0.602298	0.60167	0.542843	0.549674	0.55368	0.555888	0.549135	0.553081	0.57583	0.586439	0.58693	0.595138	0.576727	0.574627	0.660854	0.663538	0.660349	0.667182	0.664154	0.661054	0.50373	0.502195	0.495472	0.480218	0.482043	0.50142	0.590869	0.602722	0.603465	0.591002	0.586262	0.594318	0.489639	0.487269	0.486675	0.490786	0.484671	0.488992
ERR612578	0.402756	0.400386	0.413452	0.400943	0.403781	0.392113	0.260813	0.274838	0.289456	0.259878	0.259903	0	0.379464	0.378958	0.378608	0.403279	0.397994	0.404436	0.394816	0.395653	0.37783	0.39212	0.384877	0.391715	0.312335	0.3151	0.313161	0.311923	0.312519	0.319807	0.378457	0.390217	0.360953	0.390259	0.40064	0.408871	0.480811	0.481414	0.475774	0.476505	0.480474	0.479343	0.378751	0.353231	0.371447	0.379122	0.352878	0.375924	0.583037	0.578279	0.574179	0.577552	0.58021	0.572424	0.608419	0.607987	0.611609	0.605859	0.610168	0.607592	0.551087	0.5504	0.558002	0.560662	0.559257	0.55851	0.579643	0.586126	0.585894	0.593131	0.580565	0.578689	0.665474	0.670081	0.666306	0.672523	0.668197	0.665979	0.515969	0.51437	0.506813	0.488203	0.49002	0.513566	0.593776	0.60484	0.605593	0.593113	0.590014	0.597456	0.49217	0.495827	0.490913	0.493154	0.489381	0.493314
ERR607987	0.395339	0.392988	0.406067	0.392961	0.396192	0.384336	0.375918	0.376649	0.38365	0.376309	0.374899	0.379464	0	0.240039	0.239754	0.284576	0.273049	0.285015	0.400274	0.401394	0.387347	0.397092	0.392127	0.397857	0.406344	0.405038	0.405504	0.405285	0.407827	0.420749	0.398885	0.409414	0.388833	0.40988	0.416928	0.423437	0.463247	0.460125	0.454824	0.455227	0.458859	0.457633	0.411301	0.395193	0.407265	0.41162	0.39546	0.409222	0.574514	0.569901	0.565806	0.569673	0.571625	0.563542	0.604363	0.60404	0.608666	0.602708	0.607331	0.603649	0.57467	0.576306	0.58212	0.584549	0.581504	0.582086	0.568073	0.575863	0.576024	0.583375	0.568845	0.567031	0.66101	0.666055	0.662012	0.667968	0.662945	0.661599	0.496671	0.494568	0.485431	0.462638	0.464281	0.49377	0.589202	0.599953	0.600428	0.588516	0.586154	0.593096	0.474352	0.475985	0.472359	0.475325	0.469893	0.474743
ERR607986	0.398762	0.39636	0.409554	0.396279	0.399604	0.387761	0.376402	0.378436	0.385493	0.376354	0.375307	0.378958	0.240039	0	0.239776	0.288609	0.277358	0.289332	0.40077	0.402027	0.387465	0.397966	0.392579	0.398087	0.407167	0.405615	0.406191	0.406149	0.408297	0.420203	0.400731	0.410748	0.389466	0.411174	0.419605	0.426046	0.462869	0.460718	0.454981	0.455473	0.459601	0.458309	0.413907	0.397591	0.409723	0.414405	0.397789	0.411893	0.574329	0.568988	0.565622	0.568938	0.57139	0.563567	0.60445	0.604133	0.608519	0.602573	0.607188	0.603833	0.574589	0.574775	0.5809	0.583494	0.581599	0.580962	0.567714	0.574775	0.574873	0.581814	0.568415	0.566796	0.659526	0.66468	0.660617	0.666318	0.661372	0.660278	0.499712	0.497569	0.488463	0.465282	0.467143	0.496791	0.588466	0.598545	0.599119	0.587626	0.585239	0.591871	0.473869	0.476994	0.472423	0.474696	0.470273	0.474452
ERR607988	0.398234	0.395921	0.409325	0.39589	0.39925	0.386904	0.376234	0.37859	0.385914	0.376452	0.375175	0.378608	0.239754	0.239776	0	0.289332	0.277642	0.290055	0.401375	0.402562	0.387224	0.398446	0.392833	0.398636	0.407181	0.405968	0.406316	0.40603	0.40831	0.419701	0.400383	0.411067	0.388703	0.411273	0.419371	0.426239	0.46129	0.460101	0.454259	0.454827	0.459222	0.457886	0.414247	0.39728	0.409926	0.41467	0.397761	0.412095	0.574777	0.569	0.565775	0.569159	0.571894	0.562787	0.603845	0.603664	0.608941	0.602751	0.607394	0.603426	0.574965	0.574795	0.581104	0.583892	0.5822	0.58146	0.56742	0.574371	0.574261	0.58143	0.568249	0.566542	0.660031	0.665435	0.661215	0.666982	0.661827	0.660651	0.498912	0.496785	0.487459	0.463754	0.465488	0.495995	0.588127	0.598479	0.599004	0.587194	0.585164	0.591786	0.473041	0.476582	0.471716	0.473942	0.469364	0.47375
ERR607984	0.351659	0.349663	0.353852	0.349518	0.350385	0.350035	0.389373	0.369384	0.364348	0.390988	0.388159	0.403279	0.284576	0.288609	0.289332	0	0.23394	0.23316	0.373042	0.372853	0.382522	0.366549	0.37331	0.375634	0.415945	0.407884	0.413739	0.414596	0.421099	0.45045	0.373232	0.379972	0.395041	0.381349	0.374133	0.374564	0.480462	0.443444	0.450212	0.449538	0.439709	0.440433	0.371662	0.375187	0.373265	0.370889	0.376112	0.371167	0.541996	0.551702	0.538551	0.548165	0.538958	0.550224	0.581314	0.580088	0.57372	0.571698	0.573881	0.579211	0.551238	0.574005	0.571364	0.572698	0.550668	0.568192	0.558492	0.578382	0.5804	0.591533	0.559426	0.557234	0.640026	0.637535	0.6363	0.644456	0.644475	0.6395	0.451835	0.450869	0.446806	0.443635	0.445432	0.450342	0.576929	0.592314	0.592992	0.578318	0.570667	0.581753	0.478429	0.457749	0.471035	0.480422	0.467939	0.473324
ERR607983	0.354218	0.352407	0.358716	0.352338	0.353466	0.35033	0.385749	0.367356	0.365919	0.387372	0.384337	0.397994	0.273049	0.277358	0.277642	0.23394	0	0.233645	0.379334	0.379206	0.38305	0.372157	0.376657	0.380999	0.412616	0.4064	0.410876	0.410704	0.417621	0.445341	0.376662	0.386564	0.393356	0.387833	0.380512	0.382901	0.47684	0.447113	0.451352	0.450776	0.443572	0.443794	0.37779	0.37743	0.3786	0.377096	0.378211	0.376715	0.551515	0.558751	0.546106	0.555668	0.54823	0.554118	0.587193	0.586333	0.583585	0.579806	0.583266	0.585201	0.560226	0.579611	0.578984	0.580601	0.561228	0.576387	0.561526	0.580103	0.581781	0.592711	0.562569	0.560318	0.649129	0.648687	0.646688	0.654893	0.653171	0.648646	0.456368	0.45532	0.449938	0.44233	0.4437	0.454749	0.581999	0.597533	0.598136	0.582798	0.576446	0.58759	0.47857	0.460431	0.47141	0.480452	0.468022	0.474305
ERR607985	0.351057	0.349345	0.353691	0.349386	0.350042	0.349271	0.391099	0.370381	0.366983	0.392622	0.389552	0.404436	0.285015	0.289332	0.290055	0.23316	0.233645	0	0.375726	0.375414	0.382762	0.368439	0.374486	0.378271	0.416994	0.409971	0.415111	0.415066	0.422315	0.4516	0.374875	0.383392	0.395743	0.384975	0.375739	0.376989	0.479791	0.445724	0.451518	0.450624	0.441973	0.442488	0.374747	0.377352	0.376294	0.373789	0.378411	0.373884	0.544586	0.554081	0.540139	0.550534	0.541379	0.549807	0.580746	0.579641	0.575398	0.572316	0.575516	0.578451	0.555123	0.57738	0.575494	0.576888	0.555108	0.572507	0.559025	0.579409	0.581316	0.592744	0.560061	0.557734	0.642619	0.641351	0.639572	0.648331	0.647291	0.642083	0.451866	0.451092	0.446997	0.443257	0.444534	0.450487	0.57809	0.594178	0.594716	0.579173	0.572045	0.583652	0.479945	0.45939	0.472368	0.481987	0.468774	0.475041
ERR618451	0.362055	0.35861	0.361064	0.358583	0.35913	0.362342	0.38101	0.369181	0.360061	0.382117	0.380576	0.394816	0.400274	0.40077	0.401375	0.373042	0.379334	0.375726	0	0.255484	0.273653	0.258378	0.261683	0.255742	0.416311	0.407981	0.41347	0.417216	0.419956	0.442766	0.351431	0.348341	0.362034	0.347837	0.354852	0.354588	0.443892	0.409884	0.414916	0.413785	0.408692	0.409469	0.366638	0.371758	0.368684	0.366821	0.369962	0.366623	0.475164	0.479573	0.47233	0.477006	0.473056	0.482696	0.502472	0.50103	0.493823	0.493509	0.493698	0.501534	0.486556	0.50279	0.499712	0.501139	0.490048	0.497277	0.510103	0.525621	0.527278	0.536984	0.511217	0.508873	0.553428	0.551232	0.549543	0.557779	0.558075	0.552882	0.451609	0.450827	0.449569	0.45266	0.454599	0.450475	0.503244	0.516057	0.516705	0.505931	0.496808	0.505217	0.443178	0.433193	0.438707	0.443874	0.437869	0.439377
ERR618452	0.361895	0.35811	0.360477	0.35835	0.358816	0.362226	0.381471	0.369218	0.359992	0.382705	0.38096	0.395653	0.401394	0.402027	0.402562	0.372853	0.379206	0.375414	0.255484	0	0.27525	0.258625	0.262229	0.256429	0.417199	0.408466	0.41411	0.417962	0.420631	0.443957	0.351916	0.34868	0.363439	0.348365	0.354387	0.354036	0.444951	0.410301	0.41552	0.414234	0.408822	0.409598	0.366059	0.371594	0.368219	0.366029	0.36977	0.366058	0.475139	0.479998	0.472374	0.477252	0.472945	0.483146	0.503079	0.501666	0.494128	0.493745	0.493918	0.502114	0.486863	0.503726	0.500647	0.501897	0.49	0.498029	0.510252	0.526399	0.528022	0.537936	0.511366	0.509128	0.553997	0.551684	0.549892	0.55839	0.558845	0.553479	0.450313	0.449475	0.448265	0.451701	0.453748	0.449162	0.503993	0.517128	0.517601	0.507042	0.497561	0.506206	0.443466	0.432787	0.438907	0.444262	0.438101	0.439658
ERR618448	0.369807	0.367752	0.374045	0.3678	0.369267	0.365464	0.370873	0.365722	0.365677	0.371712	0.370171	0.37783	0.387347	0.387465	0.387224	0.382522	0.38305	0.382762	0.273653	0.27525	0	0.272014	0.264355	0.271344	0.407579	0.403246	0.40598	0.40673	0.410411	0.425632	0.358245	0.36381	0.353164	0.363817	0.370284	0.375341	0.423748	0.415899	0.412072	0.411942	0.415866	0.41427	0.382591	0.37669	0.38133	0.382573	0.375401	0.381223	0.490808	0.484483	0.480955	0.48388	0.487573	0.478966	0.502723	0.502192	0.506799	0.500713	0.505066	0.502159	0.501687	0.503929	0.508955	0.511622	0.510456	0.508879	0.508148	0.517073	0.51721	0.526174	0.5093	0.506617	0.560478	0.565364	0.560789	0.569047	0.564023	0.560558	0.462334	0.461511	0.457451	0.450802	0.452353	0.460723	0.500383	0.513885	0.514461	0.500966	0.496466	0.504972	0.436869	0.439163	0.435385	0.437481	0.433995	0.436663
ERR618447	0.351642	0.349311	0.351009	0.349358	0.349789	0.352445	0.378489	0.363571	0.355939	0.379744	0.377576	0.39212	0.397092	0.397966	0.398446	0.366549	0.372157	0.368439	0.258378	0.258625	0.272014	0	0.259828	0.26006	0.413343	0.404425	0.410698	0.412771	0.417479	0.441946	0.346312	0.3464	0.359962	0.346703	0.348477	0.349264	0.441998	0.407892	0.412852	0.411925	0.406163	0.406277	0.362468	0.367271	0.36409	0.362309	0.366299	0.362122	0.477491	0.483389	0.473144	0.48037	0.474947	0.483526	0.503863	0.502406	0.496342	0.494687	0.496489	0.502161	0.490445	0.508876	0.506464	0.507955	0.493685	0.503731	0.51048	0.528377	0.529851	0.540617	0.511636	0.509088	0.561426	0.559875	0.557671	0.566867	0.566602	0.560698	0.442943	0.442421	0.440715	0.443185	0.445313	0.441808	0.507045	0.521777	0.522366	0.50914	0.499982	0.510611	0.44163	0.42882	0.436379	0.442675	0.434726	0.43736
ERR618449	0.360875	0.358261	0.362504	0.358276	0.359112	0.359299	0.373989	0.363771	0.359355	0.375047	0.373468	0.384877	0.392127	0.392579	0.392833	0.37331	0.376657	0.374486	0.261683	0.262229	0.264355	0.259828	0	0.26119	0.409794	0.403569	0.407654	0.409757	0.413398	0.433875	0.351502	0.35394	0.355679	0.353924	0.358472	0.360778	0.433179	0.410987	0.411686	0.41108	0.409983	0.409505	0.370856	0.371332	0.371907	0.370717	0.369801	0.370205	0.481639	0.481743	0.474859	0.479911	0.4788	0.479538	0.50114	0.500039	0.499061	0.49542	0.498217	0.500092	0.49384	0.504756	0.505512	0.507602	0.499634	0.504179	0.508062	0.521784	0.522793	0.532933	0.509203	0.506711	0.557703	0.559179	0.555876	0.564632	0.562055	0.55733	0.452357	0.45164	0.44917	0.447667	0.44932	0.451031	0.501758	0.516043	0.516562	0.503803	0.496608	0.505787	0.43936	0.433671	0.435537	0.440125	0.433927	0.437096
ERR618450	0.365175	0.361651	0.365049	0.36181	0.362477	0.364735	0.378767	0.368854	0.360678	0.379971	0.378466	0.391715	0.397857	0.398087	0.398636	0.375634	0.380999	0.378271	0.255742	0.256429	0.271344	0.26006	0.26119	0	0.415391	0.407198	0.412348	0.416077	0.418428	0.439781	0.352407	0.34982	0.359803	0.349091	0.357725	0.358082	0.44026	0.409856	0.413408	0.412444	0.408939	0.40948	0.369259	0.37264	0.370836	0.369531	0.370653	0.369082	0.476084	0.478376	0.472598	0.476115	0.473929	0.481279	0.501757	0.5004	0.494604	0.493714	0.494319	0.501133	0.486472	0.499811	0.49795	0.4995	0.491054	0.495928	0.508809	0.522835	0.524362	0.533594	0.509972	0.507628	0.551821	0.550681	0.548592	0.556516	0.556082	0.551515	0.454332	0.453507	0.451641	0.453026	0.4552	0.453131	0.501122	0.513175	0.513919	0.503764	0.495138	0.503058	0.44074	0.433497	0.436992	0.441452	0.43657	0.437665
ERR612205	0.400666	0.398473	0.409776	0.398878	0.401247	0.392772	0.308211	0.311096	0.320872	0.308585	0.307137	0.312335	0.406344	0.407167	0.407181	0.415945	0.412616	0.416994	0.416311	0.417199	0.407579	0.413343	0.409794	0.415391	0	0.259572	0.258579	0.258172	0.260234	0.278828	0.379954	0.390304	0.369817	0.390449	0.396379	0.40407	0.506105	0.495856	0.494078	0.49439	0.494439	0.493808	0.372837	0.351955	0.367323	0.373106	0.351408	0.370179	0.591588	0.592338	0.584604	0.590645	0.588882	0.586352	0.618296	0.617581	0.618355	0.614042	0.617749	0.616658	0.560361	0.56958	0.572943	0.574871	0.565677	0.571925	0.593313	0.605115	0.605635	0.613978	0.594255	0.592286	0.676672	0.678844	0.676064	0.683141	0.680401	0.676982	0.523299	0.521999	0.516103	0.502384	0.503937	0.521317	0.602492	0.615027	0.615887	0.602625	0.598129	0.606643	0.513763	0.510376	0.510719	0.514921	0.508301	0.513226
ERR612203	0.392024	0.389687	0.399828	0.390135	0.392338	0.385159	0.307152	0.306115	0.311739	0.307639	0.305845	0.3151	0.405038	0.405615	0.405968	0.407884	0.4064	0.409971	0.407981	0.408466	0.403246	0.404425	0.403569	0.407198	0.259572	0	0.258569	0.259879	0.262809	0.287026	0.370894	0.378707	0.367298	0.379058	0.38555	0.392001	0.50666	0.488914	0.489341	0.489489	0.487076	0.486868	0.361815	0.343723	0.355993	0.362315	0.343991	0.359541	0.582926	0.585607	0.577338	0.58353	0.58044	0.582562	0.61322	0.612398	0.610155	0.607007	0.609926	0.611845	0.551695	0.564257	0.565587	0.567202	0.555582	0.563839	0.589325	0.602322	0.603351	0.61172	0.589901	0.588127	0.670507	0.670915	0.668684	0.675642	0.674412	0.670576	0.515514	0.514369	0.508661	0.49743	0.499438	0.513572	0.598396	0.610512	0.611096	0.598595	0.592831	0.6017	0.509513	0.503138	0.505758	0.510525	0.503907	0.507606
ERR612206	0.39822	0.395823	0.406937	0.396283	0.39851	0.390203	0.307491	0.310148	0.318462	0.308065	0.306587	0.313161	0.405504	0.406191	0.406316	0.413739	0.410876	0.415111	0.41347	0.41411	0.40598	0.410698	0.407654	0.412348	0.258579	0.258569	0	0.259464	0.259044	0.279133	0.376635	0.38602	0.368344	0.386266	0.39285	0.400128	0.505793	0.49345	0.492223	0.492171	0.491765	0.491379	0.369763	0.349974	0.364279	0.370368	0.349541	0.367383	0.588807	0.589849	0.582221	0.588154	0.586202	0.584839	0.616386	0.615714	0.615687	0.611779	0.61526	0.614986	0.556962	0.566756	0.569444	0.57134	0.561884	0.568296	0.591592	0.603452	0.604176	0.612466	0.592357	0.590446	0.674148	0.67588	0.673252	0.680241	0.67783	0.674364	0.52112	0.519816	0.514001	0.500773	0.502455	0.519175	0.600549	0.61297	0.613566	0.60083	0.596013	0.604404	0.512046	0.508173	0.508976	0.513289	0.506543	0.510824
ERR612204	0.396285	0.394683	0.406007	0.395021	0.397262	0.387938	0.308488	0.309549	0.320471	0.308528	0.306865	0.311923	0.405285	0.406149	0.40603	0.414596	0.410704	0.415066	0.417216	0.417962	0.40673	0.412771	0.409757	0.416077	0.258172	0.259879	0.259464	0	0.261557	0.280333	0.376898	0.389019	0.368317	0.389509	0.393753	0.402124	0.504585	0.495473	0.493095	0.493376	0.493552	0.49284	0.372686	0.351001	0.366566	0.372941	0.351256	0.369767	0.592196	0.593177	0.584551	0.591431	0.589403	0.585582	0.617588	0.617019	0.618868	0.613843	0.618184	0.615734	0.561963	0.571701	0.575411	0.577309	0.567363	0.574349	0.59325	0.605285	0.605692	0.614373	0.594056	0.591975	0.679774	0.68225	0.679074	0.686557	0.683553	0.679915	0.520478	0.519236	0.513091	0.498858	0.500157	0.518538	0.603387	0.616495	0.617237	0.602708	0.598627	0.608026	0.512801	0.509096	0.509741	0.514131	0.506922	0.511858
ERR612208	0.406279	0.403757	0.415601	0.404215	0.406707	0.397632	0.309664	0.315951	0.326158	0.309598	0.308626	0.312519	0.407827	0.408297	0.40831	0.421099	0.417621	0.422315	0.419956	0.420631	0.410411	0.417479	0.413398	0.418428	0.260234	0.262809	0.259044	0.261557	0	0.274496	0.383671	0.393287	0.371266	0.393507	0.401464	0.409184	0.506474	0.498102	0.495587	0.495952	0.496711	0.496094	0.378174	0.356452	0.372233	0.378741	0.355745	0.375727	0.593717	0.593242	0.586816	0.591785	0.591242	0.588065	0.620277	0.61947	0.620494	0.616222	0.619734	0.618974	0.560817	0.567749	0.571606	0.573535	0.566608	0.570861	0.594217	0.604657	0.605074	0.612933	0.595181	0.593259	0.677066	0.679406	0.676644	0.683263	0.680507	0.677306	0.52792	0.526388	0.520359	0.505739	0.507269	0.525723	0.603156	0.614818	0.615556	0.603041	0.598899	0.60673	0.514056	0.512695	0.511777	0.515202	0.509664	0.513808
ERR612207	0.437015	0.434612	0.447901	0.435066	0.438204	0.426463	0.326396	0.344949	0.359076	0.325235	0.325764	0.319807	0.420749	0.420203	0.419701	0.45045	0.445341	0.4516	0.442766	0.443957	0.425632	0.441946	0.433875	0.439781	0.278828	0.287026	0.279133	0.280333	0.274496	0	0.410575	0.420945	0.386433	0.420841	0.433143	0.442066	0.508527	0.515146	0.50818	0.50892	0.514864	0.513665	0.411448	0.384154	0.403997	0.412291	0.383493	0.408587	0.609297	0.602727	0.600297	0.602559	0.606806	0.596336	0.629778	0.629563	0.634268	0.628575	0.63278	0.629209	0.574477	0.569957	0.578221	0.580548	0.583415	0.579099	0.602839	0.606718	0.60623	0.612213	0.603521	0.601818	0.683279	0.688355	0.684475	0.690373	0.685783	0.68414	0.552861	0.551169	0.543913	0.524924	0.526589	0.550442	0.608149	0.617851	0.618483	0.607501	0.605447	0.611468	0.522144	0.530715	0.522499	0.52302	0.521355	0.524624
ERR613390	0.298718	0.297166	0.302141	0.296915	0.298393	0.297556	0.364664	0.34938	0.346415	0.366117	0.363428	0.378457	0.398885	0.400731	0.400383	0.373232	0.376662	0.374875	0.351431	0.351916	0.358245	0.346312	0.351502	0.352407	0.379954	0.370894	0.376635	0.376898	0.383671	0.410575	0	0.255189	0.27274	0.256222	0.256082	0.261377	0.436935	0.404322	0.408315	0.407702	0.402067	0.402627	0.318686	0.316293	0.316661	0.318528	0.316761	0.317434	0.487532	0.493569	0.481781	0.490468	0.485	0.490163	0.517299	0.516189	0.51337	0.510375	0.513388	0.51507	0.472931	0.492721	0.491438	0.492856	0.47652	0.488752	0.516084	0.534082	0.535561	0.545406	0.51695	0.514611	0.583941	0.583767	0.581319	0.58973	0.588927	0.583596	0.437227	0.436734	0.433081	0.430221	0.431553	0.43627	0.510026	0.524394	0.525065	0.509985	0.502997	0.51368	0.43395	0.420833	0.429358	0.435542	0.425712	0.429403
ERR613393	0.30919	0.306188	0.308778	0.306073	0.30736	0.310715	0.374199	0.359684	0.351624	0.375511	0.373319	0.390217	0.409414	0.410748	0.411067	0.379972	0.386564	0.383392	0.348341	0.34868	0.36381	0.3464	0.35394	0.34982	0.390304	0.378707	0.38602	0.389019	0.393287	0.420945	0.255189	0	0.280788	0.246823	0.25634	0.258162	0.446417	0.403656	0.411101	0.410236	0.401805	0.40312	0.318918	0.321511	0.31784	0.319162	0.321205	0.318478	0.477314	0.485979	0.475522	0.482323	0.475708	0.48909	0.513672	0.512228	0.503364	0.503853	0.504211	0.512337	0.460264	0.483891	0.478268	0.479095	0.462074	0.474708	0.515671	0.534199	0.536109	0.54524	0.516506	0.514483	0.572465	0.569225	0.567853	0.575294	0.577489	0.572004	0.441585	0.440949	0.438473	0.440198	0.441966	0.440716	0.506201	0.51778	0.518584	0.507088	0.497971	0.506988	0.436556	0.421786	0.431826	0.437552	0.429573	0.430969
ERR613394	0.329533	0.327715	0.338492	0.327597	0.330658	0.321824	0.355035	0.353459	0.358905	0.355749	0.353725	0.360953	0.388833	0.389466	0.388703	0.395041	0.393356	0.395743	0.362034	0.363439	0.353164	0.359962	0.355679	0.359803	0.369817	0.367298	0.368344	0.368317	0.371266	0.386433	0.27274	0.280788	0	0.280602	0.294263	0.304867	0.419596	0.41431	0.408843	0.409311	0.414118	0.41308	0.345537	0.329334	0.340717	0.345806	0.327966	0.342973	0.503518	0.498123	0.4933	0.497484	0.500694	0.490069	0.522185	0.521871	0.528372	0.521597	0.526727	0.521237	0.483501	0.485494	0.491399	0.493922	0.493304	0.491481	0.517135	0.525986	0.525842	0.533484	0.517826	0.515783	0.586452	0.592269	0.587646	0.594549	0.589617	0.58688	0.464745	0.463652	0.457335	0.443719	0.444917	0.463014	0.507263	0.519127	0.519685	0.506087	0.503355	0.511161	0.42976	0.433424	0.428663	0.430641	0.425604	0.429457
ERR613392	0.311545	0.308281	0.310957	0.308377	0.309375	0.312852	0.374061	0.360308	0.351965	0.375532	0.373285	0.390259	0.40988	0.411174	0.411273	0.381349	0.387833	0.384975	0.347837	0.348365	0.363817	0.346703	0.353924	0.349091	0.390449	0.379058	0.386266	0.389509	0.393507	0.420841	0.256222	0.246823	0.280602	0	0.257335	0.259117	0.446668	0.40411	0.411516	0.410668	0.402154	0.403689	0.319614	0.322238	0.318938	0.320173	0.321812	0.319263	0.476939	0.4852	0.475261	0.481798	0.475244	0.489069	0.513789	0.512278	0.503147	0.503961	0.504047	0.512591	0.459338	0.482741	0.476838	0.477699	0.460961	0.473272	0.515879	0.53407	0.535913	0.545018	0.516734	0.514573	0.571702	0.568229	0.566991	0.574295	0.576628	0.571219	0.443139	0.442408	0.439943	0.441715	0.443456	0.442236	0.505739	0.51694	0.517654	0.50675	0.497322	0.506231	0.436635	0.422345	0.431903	0.437672	0.430028	0.431078
ERR613391	0.295843	0.294514	0.293892	0.294393	0.294472	0.30009	0.38318	0.360368	0.352893	0.38499	0.38164	0.40064	0.416928	0.419605	0.419371	0.374133	0.380512	0.375739	0.354852	0.354387	0.370284	0.348477	0.358472	0.357725	0.396379	0.38555	0.39285	0.393753	0.401464	0.433143	0.256082	0.25634	0.294263	0.257335	0	0.248801	0.453802	0.409012	0.417915	0.416472	0.405854	0.406845	0.316867	0.324858	0.317822	0.316272	0.325284	0.316148	0.481048	0.494261	0.478164	0.489785	0.478528	0.492112	0.51516	0.513562	0.505608	0.5049	0.506662	0.512292	0.470627	0.501206	0.495062	0.495881	0.470448	0.490892	0.520414	0.543474	0.54562	0.556795	0.521409	0.518855	0.58243	0.578929	0.577555	0.587112	0.588601	0.581532	0.429771	0.429796	0.428425	0.433847	0.434886	0.429557	0.514095	0.529986	0.530481	0.514752	0.505566	0.517735	0.445872	0.423707	0.439049	0.447507	0.435031	0.438979
ERR613389	0.298861	0.296811	0.294736	0.296725	0.296588	0.304609	0.390424	0.367052	0.35589	0.392293	0.389227	0.408871	0.423437	0.426046	0.426239	0.374564	0.382901	0.376989	0.354588	0.354036	0.375341	0.349264	0.360778	0.358082	0.40407	0.392001	0.400128	0.402124	0.409184	0.442066	0.261377	0.258162	0.304867	0.259117	0.248801	0	0.460131	0.408892	0.419956	0.418718	0.405392	0.407282	0.316247	0.328941	0.318959	0.315864	0.329267	0.316497	0.476778	0.492282	0.475971	0.487419	0.474464	0.494035	0.515526	0.513679	0.501647	0.502658	0.503009	0.512956	0.467758	0.501701	0.49348	0.493805	0.465349	0.48856	0.521236	0.545118	0.547729	0.558988	0.522167	0.519739	0.579278	0.573606	0.573244	0.582632	0.585624	0.578232	0.427749	0.427897	0.4275	0.43603	0.437504	0.427699	0.514143	0.529598	0.530344	0.51561	0.505009	0.516955	0.448504	0.423619	0.441035	0.450299	0.437946	0.441064
ERR608275	0.439727	0.440178	0.44908	0.439704	0.44246	0.432468	0.483789	0.488128	0.495269	0.483753	0.482833	0.480811	0.463247	0.462869	0.46129	0.480462	0.47684	0.479791	0.443892	0.444951	0.423748	0.441998	0.433179	0.44026	0.506105	0.50666	0.505793	0.504585	0.506474	0.508527	0.436935	0.446417	0.419596	0.446668	0.453802	0.460131	0	0.307044	0.282367	0.284703	0.310642	0.304672	0.470423	0.455406	0.465335	0.470406	0.455463	0.468081	0.435009	0.404052	0.414019	0.408774	0.431652	0.387837	0.430592	0.432111	0.457798	0.441972	0.452565	0.432455	0.447654	0.419186	0.438099	0.443297	0.467765	0.443258	0.427854	0.418747	0.416096	0.421141	0.428618	0.426349	0.483163	0.502395	0.492614	0.497966	0.482963	0.484579	0.415002	0.413265	0.402517	0.375527	0.375917	0.412272	0.407316	0.417096	0.417589	0.403084	0.409621	0.414338	0.330614	0.363027	0.336913	0.330431	0.336234	0.337844
ERR608278	0.401949	0.401217	0.404344	0.400559	0.402296	0.401317	0.473037	0.46621	0.462164	0.473708	0.472372	0.481414	0.460125	0.460718	0.460101	0.443444	0.447113	0.445724	0.409884	0.410301	0.415899	0.407892	0.410987	0.409856	0.495856	0.488914	0.49345	0.495473	0.498102	0.515146	0.404322	0.403656	0.41431	0.40411	0.409012	0.408892	0.307044	0	0.257097	0.255249	0.247805	0.249268	0.427449	0.426835	0.425777	0.427606	0.427092	0.4268	0.377568	0.374473	0.370669	0.373159	0.375333	0.380244	0.416004	0.415099	0.411665	0.407766	0.410369	0.416201	0.398367	0.411152	0.409149	0.411602	0.40591	0.407874	0.415188	0.43169	0.434156	0.444723	0.416167	0.414222	0.462605	0.464045	0.460672	0.467809	0.466736	0.462057	0.353244	0.351669	0.346146	0.343569	0.345899	0.351444	0.40481	0.418156	0.418558	0.406014	0.397352	0.40696	0.325888	0.315785	0.321183	0.32644	0.32001	0.319806
ERR608276	0.407847	0.407318	0.412842	0.406796	0.409077	0.40474	0.470839	0.468041	0.467683	0.47148	0.47015	0.475774	0.454824	0.454981	0.454259	0.450212	0.451352	0.451518	0.414916	0.41552	0.412072	0.412852	0.411686	0.413408	0.494078	0.489341	0.492223	0.493095	0.495587	0.50818	0.408315	0.411101	0.408843	0.411516	0.417915	0.419956	0.282367	0.257097	0	0.252733	0.258611	0.255793	0.436046	0.429973	0.432961	0.436181	0.430317	0.434877	0.390775	0.376898	0.378171	0.377646	0.387957	0.375112	0.414644	0.414428	0.421702	0.413213	0.418998	0.415482	0.408617	0.406591	0.411985	0.415557	0.421328	0.413078	0.412214	0.420462	0.421166	0.430349	0.41308	0.411011	0.464076	0.472061	0.466271	0.472682	0.466616	0.464369	0.367521	0.365587	0.357756	0.345197	0.346598	0.365053	0.398622	0.410632	0.411135	0.397632	0.394288	0.402195	0.316245	0.321792	0.31523	0.316607	0.31432	0.31441
ERR608280	0.40724	0.406696	0.411772	0.405993	0.408236	0.404331	0.470944	0.46756	0.467241	0.471509	0.470421	0.476505	0.455227	0.455473	0.454827	0.449538	0.450776	0.450624	0.413785	0.414234	0.411942	0.411925	0.41108	0.412444	0.49439	0.489489	0.492171	0.493376	0.495952	0.50892	0.407702	0.410236	0.409311	0.410668	0.416472	0.418718	0.284703	0.255249	0.252733	0	0.256405	0.255243	0.435251	0.429764	0.432455	0.435546	0.429926	0.434032	0.388223	0.375936	0.376171	0.376086	0.38573	0.373232	0.412306	0.411951	0.419588	0.411148	0.416699	0.413052	0.406605	0.406122	0.410557	0.413828	0.418922	0.411306	0.411546	0.421382	0.422142	0.4316	0.412268	0.410183	0.462371	0.470164	0.46418	0.471153	0.465201	0.462645	0.365783	0.363883	0.356466	0.345241	0.346271	0.363495	0.397896	0.410345	0.410868	0.397344	0.393367	0.401463	0.317858	0.321217	0.316382	0.318136	0.314665	0.315541
ERR608279	0.398114	0.39742	0.400012	0.396568	0.398219	0.397728	0.471554	0.463583	0.459264	0.472282	0.470852	0.480474	0.458859	0.459601	0.459222	0.439709	0.443572	0.441973	0.408692	0.408822	0.415866	0.406163	0.409983	0.408939	0.494439	0.487076	0.491765	0.493552	0.496711	0.514864	0.402067	0.401805	0.414118	0.402154	0.405854	0.405392	0.310642	0.247805	0.258611	0.256405	0	0.248784	0.424364	0.42446	0.422892	0.42444	0.425096	0.423821	0.378141	0.377187	0.371482	0.375295	0.375659	0.382415	0.418097	0.416889	0.412666	0.409026	0.411494	0.41792	0.399336	0.415276	0.41248	0.414518	0.405939	0.41051	0.416869	0.43508	0.437679	0.448736	0.417975	0.415883	0.466436	0.467235	0.463989	0.471722	0.471069	0.46576	0.34871	0.347051	0.341929	0.340885	0.342664	0.346946	0.408414	0.422501	0.423134	0.409603	0.400544	0.410772	0.327772	0.3137	0.32189	0.328462	0.32055	0.321259
ERR608277	0.397564	0.397151	0.400085	0.396564	0.398213	0.396724	0.471024	0.463204	0.459926	0.471802	0.470187	0.479343	0.457633	0.458309	0.457886	0.440433	0.443794	0.442488	0.409469	0.409598	0.41427	0.406277	0.409505	0.40948	0.493808	0.486868	0.491379	0.49284	0.496094	0.513665	0.402627	0.40312	0.41308	0.403689	0.406845	0.407282	0.304672	0.249268	0.255793	0.255243	0.248784	0	0.425846	0.424637	0.423904	0.425877	0.425186	0.425085	0.379483	0.37688	0.371629	0.375121	0.377056	0.380178	0.416163	0.415309	0.413299	0.40862	0.412014	0.416133	0.401821	0.41509	0.413737	0.416131	0.409535	0.412354	0.415387	0.432668	0.43493	0.445965	0.416541	0.414318	0.466597	0.468944	0.465046	0.472809	0.471037	0.466227	0.349164	0.347645	0.341852	0.338779	0.340513	0.347218	0.406439	0.42075	0.421356	0.407112	0.398627	0.409406	0.32523	0.313747	0.320151	0.325849	0.318662	0.319121
ERR622030	0.326456	0.323247	0.326339	0.323814	0.324541	0.327773	0.36119	0.340074	0.330069	0.362562	0.359822	0.378751	0.411301	0.413907	0.414247	0.371662	0.37779	0.374747	0.366638	0.366059	0.382591	0.362468	0.370856	0.369259	0.372837	0.361815	0.369763	0.372686	0.378174	0.411448	0.318686	0.318918	0.345537	0.319614	0.316867	0.316247	0.470423	0.427449	0.436046	0.435251	0.424364	0.425846	0	0.258503	0.249685	0.246144	0.258051	0.246253	0.508608	0.519263	0.507067	0.515396	0.506354	0.521849	0.547871	0.54629	0.53622	0.53668	0.536985	0.545898	0.483459	0.511442	0.505534	0.506348	0.482427	0.501503	0.536169	0.556284	0.558641	0.568614	0.537094	0.534797	0.603898	0.599501	0.599127	0.607102	0.608888	0.603333	0.444041	0.443172	0.440883	0.442458	0.444451	0.443045	0.537705	0.551009	0.551984	0.539251	0.530381	0.540321	0.4599	0.440429	0.45349	0.461293	0.451432	0.454376
ERR622028	0.330196	0.327327	0.335434	0.328015	0.329974	0.326243	0.340612	0.327648	0.325708	0.341398	0.339105	0.353231	0.395193	0.397591	0.39728	0.375187	0.37743	0.377352	0.371758	0.371594	0.37669	0.367271	0.371332	0.37264	0.351955	0.343723	0.349974	0.351001	0.356452	0.384154	0.316293	0.321511	0.329334	0.322238	0.324858	0.328941	0.455406	0.426835	0.429973	0.429764	0.42446	0.424637	0.258503	0	0.254168	0.259259	0.249961	0.2571	0.518784	0.522785	0.51381	0.520315	0.516543	0.521782	0.552336	0.551247	0.547533	0.545093	0.547486	0.550815	0.489485	0.506424	0.5059	0.507648	0.492848	0.503782	0.534459	0.550081	0.551434	0.560324	0.535401	0.533154	0.611117	0.610532	0.608423	0.615772	0.614964	0.610691	0.452184	0.450829	0.445861	0.438735	0.440541	0.450486	0.537649	0.550002	0.551032	0.537705	0.531378	0.540629	0.450882	0.440092	0.446365	0.451938	0.444282	0.447571
ERR622027	0.326771	0.324285	0.328196	0.324765	0.325782	0.326799	0.355455	0.336918	0.32922	0.356885	0.354142	0.371447	0.407265	0.409723	0.409926	0.373265	0.3786	0.376294	0.368684	0.368219	0.38133	0.36409	0.371907	0.370836	0.367323	0.355993	0.364279	0.366566	0.372233	0.403997	0.316661	0.31784	0.340717	0.318938	0.317822	0.318959	0.465335	0.425777	0.432961	0.432455	0.422892	0.423904	0.249685	0.254168	0	0.249936	0.25462	0.24959	0.509807	0.518439	0.507245	0.515049	0.507758	0.52064	0.548025	0.546571	0.537967	0.537648	0.538726	0.546119	0.48325	0.507941	0.503467	0.504596	0.483555	0.500092	0.534424	0.553444	0.555388	0.564906	0.535339	0.533145	0.604853	0.601362	0.600554	0.608179	0.609578	0.604315	0.445594	0.444526	0.441314	0.440619	0.442611	0.444385	0.536591	0.549366	0.550348	0.537528	0.529138	0.53902	0.455669	0.438642	0.449996	0.456897	0.448158	0.450793
