	ERR626813	ERR626814	ERR626815	ERR626817	ERR626818	ERR626816	ERR605682	ERR605679	ERR605680	ERR605681	ERR605677	ERR605678	ERR612555	ERR612554	ERR612553	ERR612557	ERR612558	ERR612556	ERR613458	ERR613455	ERR613460	ERR613456	ERR613457	ERR613459	ERR613041	ERR613042	ERR613046	ERR613045	ERR613043	ERR613044	ERR636774	ERR636771	ERR636770	ERR636772	ERR636769	ERR636773	ERR636894	ERR636891	ERR636890	ERR636893	ERR636889	ERR636892	ERR608919	ERR608924	ERR608921	ERR608923	ERR608920	ERR608922	ERR630510	ERR630507	ERR630506	ERR630511	ERR630508	ERR630509	ERR635311	ERR635314	ERR635313	ERR635310	ERR635312	ERR635315	ERR617174	ERR617173	ERR617175	ERR617177	ERR617176	ERR617178	ERR616722	ERR616721	ERR616720	ERR616719	ERR616723	ERR616718	ERR631724	ERR631719	ERR631721	ERR631722	ERR631723	ERR631720	ERR605648	ERR605649	ERR605652	ERR605647	ERR605651	ERR605650	ERR607780	ERR607779	ERR607776	ERR607775	ERR607778	ERR607777	ERR617378	ERR617374	ERR617376	ERR617375	ERR617377	ERR617373
ERR626813	0	0.254394	0.252896	0.306137	0.248167	0.30203	0.537511	0.538745	0.54681	0.534114	0.522772	0.536909	0.350423	0.379015	0.338456	0.377936	0.383148	0.380468	0.351671	0.348103	0.352855	0.346678	0.34736	0.352025	0.352518	0.368146	0.470841	0.462915	0.368	0.477274	0.33403	0.339354	0.3355	0.336479	0.346418	0.334702	0.360528	0.333751	0.328038	0.361411	0.344117	0.358216	0.423308	0.39907	0.386893	0.397581	0.383652	0.395927	0.379581	0.405788	0.387798	0.378847	0.391355	0.377941	0.470845	0.500134	0.498846	0.489266	0.462468	0.500586	0.575765	0.580228	0.574317	0.553833	0.554066	0.589811	0.466953	0.466748	0.482203	0.472402	0.465863	0.475193	0.449025	0.446977	0.446939	0.447837	0.447673	0.450294	0.453881	0.455709	0.459614	0.445124	0.459255	0.458393	0.439658	0.439607	0.446607	0.436583	0.444349	0.436957	0.509627	0.524638	0.508882	0.523529	0.510002	0.520371
ERR626814	0.254394	0	0.250594	0.286683	0.25753	0.2836	0.525941	0.527587	0.53589	0.522681	0.514611	0.52642	0.345319	0.363717	0.338564	0.361686	0.365804	0.363957	0.344252	0.349919	0.343862	0.348523	0.348757	0.343459	0.349693	0.359945	0.448873	0.441165	0.359646	0.455267	0.335528	0.339413	0.336306	0.337869	0.341995	0.336318	0.35216	0.334236	0.330817	0.352712	0.339775	0.350459	0.408202	0.386758	0.390881	0.385885	0.382792	0.385008	0.378182	0.398592	0.384557	0.37791	0.386778	0.376635	0.458533	0.48421	0.4831	0.475334	0.451994	0.484455	0.574646	0.577425	0.573205	0.557739	0.558064	0.585458	0.467153	0.467239	0.478843	0.47083	0.466407	0.472948	0.45013	0.448519	0.451621	0.450383	0.450583	0.449549	0.447283	0.448164	0.452057	0.441467	0.452286	0.450005	0.44239	0.443445	0.441441	0.43951	0.440092	0.440104	0.510946	0.521288	0.510134	0.520347	0.511091	0.515916
ERR626815	0.252896	0.250594	0	0.287838	0.255425	0.285118	0.527067	0.528312	0.536046	0.523817	0.514586	0.526919	0.347176	0.36676	0.338924	0.364727	0.368955	0.367128	0.346111	0.351377	0.3459	0.349791	0.350133	0.34557	0.350509	0.361671	0.452002	0.444182	0.36139	0.457813	0.336221	0.340578	0.336929	0.338566	0.343234	0.336964	0.354107	0.334819	0.330694	0.354681	0.340598	0.352153	0.410101	0.388204	0.390209	0.387251	0.3829	0.386267	0.379406	0.401041	0.386319	0.379269	0.388749	0.377619	0.461491	0.488032	0.486751	0.4787	0.454859	0.488001	0.574019	0.57738	0.572754	0.556453	0.556699	0.586011	0.466966	0.466892	0.478623	0.4704	0.465976	0.472642	0.450426	0.448749	0.451165	0.450613	0.450819	0.450044	0.44971	0.450545	0.454793	0.443445	0.454962	0.452285	0.443228	0.444112	0.44345	0.440298	0.441819	0.440818	0.509554	0.520592	0.5088	0.519608	0.509654	0.515804
ERR626817	0.306137	0.286683	0.287838	0	0.312342	0.260455	0.486127	0.48507	0.490982	0.484688	0.478381	0.48496	0.382748	0.376746	0.379972	0.371058	0.370946	0.372352	0.373535	0.397296	0.370641	0.395149	0.395237	0.371051	0.385926	0.387605	0.427671	0.420457	0.387265	0.429872	0.380892	0.384402	0.379925	0.382918	0.379885	0.381249	0.383834	0.379463	0.376075	0.384136	0.37629	0.383627	0.416108	0.39496	0.431519	0.395868	0.419043	0.397231	0.416264	0.430095	0.42001	0.41704	0.4206	0.414576	0.469939	0.488263	0.487564	0.485127	0.468486	0.487283	0.559912	0.561249	0.558419	0.555207	0.555325	0.571924	0.479298	0.479418	0.475368	0.475432	0.479161	0.475697	0.482466	0.480702	0.486656	0.484185	0.484985	0.477448	0.459797	0.458244	0.465822	0.460099	0.468543	0.45508	0.477906	0.48059	0.46604	0.474149	0.465417	0.474998	0.509154	0.508182	0.508449	0.507733	0.508575	0.504394
ERR626818	0.248167	0.25753	0.255425	0.312342	0	0.308081	0.542368	0.543424	0.551581	0.538681	0.527209	0.541748	0.351116	0.382478	0.338223	0.38152	0.387311	0.384161	0.35357	0.347369	0.354762	0.346309	0.346762	0.353855	0.352832	0.36963	0.474783	0.466908	0.3694	0.481164	0.333913	0.339039	0.33547	0.336313	0.346557	0.334682	0.361581	0.333185	0.327574	0.362279	0.344178	0.358924	0.424768	0.40146	0.385491	0.399712	0.383055	0.397872	0.380044	0.407109	0.388953	0.379269	0.392464	0.378347	0.474207	0.504188	0.502806	0.492683	0.465505	0.504347	0.578627	0.583523	0.577322	0.555487	0.555797	0.59258	0.468776	0.468258	0.485134	0.474431	0.467351	0.477487	0.449345	0.447328	0.446633	0.447952	0.447811	0.45103	0.457671	0.459579	0.46316	0.448327	0.462581	0.462459	0.440319	0.439986	0.448613	0.43744	0.446225	0.43772	0.511586	0.527574	0.510821	0.526511	0.512079	0.523536
ERR626816	0.30203	0.2836	0.285118	0.260455	0.308081	0	0.488079	0.48686	0.492922	0.48648	0.479491	0.486781	0.379736	0.374962	0.376452	0.369595	0.369301	0.37078	0.370969	0.394094	0.368432	0.391915	0.391965	0.368628	0.382803	0.384814	0.428535	0.42121	0.384637	0.430568	0.377047	0.380856	0.376106	0.379091	0.376489	0.37772	0.380969	0.37568	0.372044	0.381191	0.372753	0.380411	0.415634	0.393343	0.428357	0.394357	0.416035	0.395262	0.41324	0.427565	0.417047	0.414073	0.417745	0.411372	0.468558	0.487603	0.486683	0.483951	0.466849	0.486656	0.560271	0.561835	0.558586	0.554889	0.554864	0.572776	0.47773	0.47793	0.474522	0.474262	0.477667	0.47445	0.479738	0.477958	0.483548	0.481335	0.482273	0.474789	0.458726	0.456929	0.464728	0.458345	0.467292	0.454057	0.475432	0.478114	0.464215	0.471585	0.463315	0.472428	0.507989	0.507662	0.507221	0.507318	0.507265	0.504138
ERR605682	0.537511	0.525941	0.527067	0.486127	0.542368	0.488079	0	0.296015	0.299376	0.288016	0.299917	0.29443	0.550632	0.549534	0.546939	0.544092	0.542873	0.544745	0.532808	0.542096	0.530378	0.540865	0.540895	0.530021	0.542056	0.542911	0.533877	0.529713	0.542017	0.531188	0.554955	0.558041	0.556826	0.556184	0.562206	0.554836	0.594495	0.575343	0.573516	0.595986	0.583526	0.593099	0.588701	0.576901	0.610433	0.579007	0.603534	0.581063	0.572307	0.592409	0.57892	0.571509	0.582013	0.5713	0.603816	0.610266	0.6101	0.614101	0.604537	0.608511	0.472298	0.466456	0.471236	0.495067	0.495234	0.471837	0.524107	0.524522	0.501316	0.512926	0.525762	0.509821	0.601229	0.600082	0.600132	0.600109	0.599982	0.602827	0.532482	0.529872	0.536186	0.539029	0.541336	0.521148	0.590216	0.590598	0.585108	0.588334	0.585022	0.589151	0.503939	0.482359	0.501858	0.482185	0.502421	0.478028
ERR605679	0.538745	0.527587	0.528312	0.48507	0.543424	0.48686	0.296015	0	0.292852	0.297867	0.293035	0.290482	0.556397	0.555061	0.550284	0.549315	0.547924	0.549625	0.537575	0.547988	0.535213	0.546806	0.546825	0.53476	0.545522	0.548455	0.54224	0.538095	0.547807	0.538534	0.55914	0.562774	0.560016	0.560612	0.56646	0.559223	0.598957	0.57921	0.575699	0.600326	0.586742	0.597402	0.596714	0.580354	0.612773	0.582553	0.607049	0.584662	0.576909	0.598968	0.58412	0.576393	0.58707	0.575703	0.609504	0.620297	0.619959	0.622518	0.610318	0.618239	0.471418	0.468387	0.470066	0.494334	0.494472	0.480319	0.526622	0.527037	0.500849	0.5131	0.528393	0.51039	0.604613	0.603067	0.602029	0.603347	0.603172	0.605089	0.538276	0.535179	0.545588	0.543525	0.551276	0.525786	0.594825	0.595359	0.590844	0.591795	0.590096	0.592416	0.502719	0.481578	0.500975	0.481537	0.501495	0.480411
ERR605680	0.54681	0.53589	0.536046	0.490982	0.551581	0.492922	0.299376	0.292852	0	0.302131	0.295319	0.292544	0.566875	0.565077	0.559912	0.558758	0.55701	0.559082	0.548584	0.559836	0.546143	0.558369	0.558756	0.545791	0.555599	0.559081	0.552061	0.547731	0.558547	0.54747	0.569472	0.573437	0.570048	0.570954	0.576844	0.569527	0.608686	0.588445	0.58442	0.609861	0.595862	0.606812	0.606691	0.58799	0.62076	0.590505	0.61561	0.592561	0.588109	0.611043	0.595558	0.587803	0.598478	0.586653	0.620467	0.631962	0.631663	0.634248	0.62131	0.629764	0.475325	0.473311	0.47367	0.499131	0.499179	0.487433	0.535225	0.53553	0.508381	0.521341	0.536715	0.518644	0.61505	0.613173	0.611598	0.613538	0.613412	0.615067	0.549389	0.546326	0.557602	0.554113	0.563445	0.536068	0.605161	0.605837	0.601921	0.60187	0.600835	0.602465	0.508668	0.487307	0.507008	0.487248	0.507381	0.487833
ERR605681	0.534114	0.522681	0.523817	0.484688	0.538681	0.48648	0.288016	0.297867	0.302131	0	0.300624	0.295725	0.546731	0.546491	0.542915	0.541212	0.540248	0.541812	0.529056	0.537344	0.526439	0.536253	0.5363	0.526152	0.538234	0.539435	0.531961	0.528035	0.538402	0.529711	0.550964	0.554052	0.553088	0.552118	0.558429	0.550898	0.591377	0.571662	0.570145	0.592786	0.580437	0.589874	0.585275	0.57396	0.606831	0.576173	0.599967	0.578119	0.568625	0.588813	0.575354	0.567614	0.578462	0.567526	0.601492	0.607949	0.607617	0.611477	0.601968	0.606274	0.471225	0.465328	0.47033	0.492702	0.493095	0.46986	0.520748	0.521529	0.499058	0.510107	0.522416	0.50712	0.598076	0.596919	0.596869	0.596794	0.596578	0.600085	0.529042	0.5267	0.532386	0.535444	0.537397	0.518417	0.586642	0.586753	0.581795	0.584903	0.581768	0.585651	0.50187	0.480952	0.49973	0.480839	0.500293	0.476301
ERR605677	0.522772	0.514611	0.514586	0.478381	0.527209	0.479491	0.299917	0.293035	0.295319	0.300624	0	0.289947	0.548737	0.55339	0.539541	0.547645	0.546959	0.548245	0.530206	0.53641	0.528331	0.535101	0.53539	0.527713	0.536068	0.542764	0.551355	0.546388	0.542261	0.548073	0.547112	0.552109	0.54867	0.548869	0.557875	0.547218	0.593922	0.568678	0.564103	0.595294	0.578871	0.591665	0.596753	0.575764	0.600917	0.577726	0.597246	0.579239	0.568336	0.595606	0.577203	0.567762	0.580975	0.56685	0.610272	0.624925	0.624404	0.625401	0.609415	0.622899	0.462198	0.461701	0.460258	0.478522	0.478485	0.476404	0.513153	0.513244	0.490497	0.501326	0.514402	0.499039	0.595111	0.592965	0.589909	0.592569	0.592263	0.596835	0.531644	0.529952	0.540919	0.534457	0.54621	0.520344	0.583115	0.58303	0.584369	0.579595	0.582817	0.580218	0.488917	0.47261	0.487302	0.472422	0.487688	0.4728
ERR605678	0.536909	0.52642	0.526919	0.48496	0.541748	0.486781	0.29443	0.290482	0.292544	0.295725	0.289947	0	0.556444	0.556339	0.550133	0.5507	0.54932	0.550984	0.538234	0.547551	0.535684	0.546341	0.546454	0.53533	0.545771	0.549149	0.545253	0.540999	0.548364	0.541791	0.558104	0.562347	0.559639	0.559681	0.566527	0.558248	0.600006	0.578913	0.575571	0.601307	0.587305	0.598231	0.597981	0.581012	0.612175	0.583229	0.606796	0.58525	0.577143	0.60012	0.584447	0.576628	0.587569	0.575891	0.611585	0.622735	0.62241	0.624568	0.611929	0.620797	0.469595	0.466452	0.468034	0.491464	0.491494	0.478366	0.525262	0.52579	0.500574	0.512883	0.52686	0.510058	0.604893	0.603149	0.601902	0.603192	0.603049	0.605811	0.537781	0.535493	0.545411	0.542693	0.551038	0.526086	0.593586	0.594018	0.590711	0.590498	0.589906	0.591307	0.501257	0.480967	0.49943	0.480765	0.499892	0.479335
ERR612555	0.350423	0.345319	0.347176	0.382748	0.351116	0.379736	0.550632	0.556397	0.566875	0.546731	0.548737	0.556444	0	0.268266	0.249084	0.272005	0.279839	0.275151	0.298267	0.304239	0.298844	0.303312	0.302976	0.298472	0.290101	0.291454	0.393326	0.386273	0.291214	0.402436	0.30257	0.300849	0.302109	0.30286	0.297757	0.302455	0.309301	0.310628	0.314284	0.309787	0.307472	0.308545	0.390444	0.389666	0.395888	0.388814	0.382437	0.387869	0.340705	0.343769	0.339871	0.340647	0.340034	0.340176	0.419776	0.442198	0.440876	0.431093	0.413243	0.443179	0.613343	0.612667	0.613527	0.60071	0.601458	0.61287	0.483304	0.484129	0.49888	0.488998	0.483313	0.490776	0.425445	0.425854	0.436036	0.428882	0.429971	0.423516	0.43071	0.431262	0.429996	0.427766	0.428505	0.437746	0.428764	0.430845	0.419682	0.428593	0.420167	0.428613	0.541485	0.548864	0.540278	0.54812	0.541519	0.538555
ERR612554	0.379015	0.363717	0.36676	0.376746	0.382478	0.374962	0.549534	0.555061	0.565077	0.546491	0.55339	0.556339	0.268266	0	0.284961	0.249634	0.252413	0.251265	0.308163	0.337829	0.305675	0.336324	0.335828	0.30612	0.312029	0.298288	0.352672	0.346665	0.298507	0.360926	0.333225	0.330367	0.330586	0.332865	0.317222	0.33294	0.317102	0.339099	0.343853	0.316615	0.324778	0.318402	0.382196	0.387882	0.422432	0.388195	0.402538	0.388512	0.362346	0.351013	0.355985	0.363231	0.353439	0.362006	0.407134	0.420118	0.419498	0.413835	0.405863	0.420645	0.628347	0.625417	0.628668	0.623773	0.624335	0.625164	0.50137	0.502492	0.508976	0.503249	0.501865	0.503683	0.445279	0.446319	0.461463	0.451383	0.453272	0.438408	0.434917	0.433409	0.433068	0.437885	0.432811	0.438142	0.452131	0.456404	0.427894	0.451282	0.429868	0.451667	0.559289	0.559458	0.55837	0.559256	0.559003	0.548317
ERR612553	0.338456	0.338564	0.338924	0.379972	0.338223	0.376452	0.546939	0.550284	0.559912	0.542915	0.539541	0.550133	0.249084	0.284961	0	0.288203	0.295814	0.291052	0.303391	0.302591	0.305005	0.301743	0.301776	0.304007	0.290372	0.300393	0.413358	0.405617	0.300582	0.421159	0.29873	0.299215	0.297846	0.299442	0.299963	0.298747	0.317407	0.308096	0.307727	0.318038	0.309562	0.315742	0.403152	0.394481	0.389758	0.393143	0.380586	0.391819	0.341635	0.353753	0.343845	0.341345	0.345194	0.340638	0.432154	0.459706	0.458101	0.446744	0.424311	0.460404	0.601678	0.603343	0.601651	0.585617	0.586265	0.607461	0.474783	0.475362	0.490725	0.479988	0.474593	0.482507	0.422828	0.422364	0.428758	0.424759	0.425555	0.421865	0.432984	0.433792	0.435133	0.427204	0.433642	0.439577	0.425646	0.426931	0.423986	0.424377	0.423151	0.424183	0.528219	0.53874	0.52702	0.538021	0.528413	0.530913
ERR612557	0.377936	0.361686	0.364727	0.371058	0.38152	0.369595	0.544092	0.549315	0.558758	0.541212	0.547645	0.5507	0.272005	0.249634	0.288203	0	0.249168	0.248617	0.309558	0.341439	0.306781	0.339753	0.339301	0.307092	0.314374	0.30089	0.350124	0.343842	0.300665	0.357682	0.335617	0.333236	0.333115	0.335484	0.319689	0.335448	0.320191	0.341852	0.346329	0.319653	0.32728	0.32164	0.383405	0.387145	0.424227	0.38773	0.404195	0.387959	0.365028	0.354536	0.359318	0.36608	0.356653	0.364556	0.407478	0.420057	0.419428	0.414622	0.406383	0.420539	0.62381	0.621219	0.624151	0.619798	0.620343	0.621533	0.498724	0.499605	0.505122	0.500125	0.499217	0.500443	0.446354	0.447225	0.462282	0.45246	0.454348	0.439029	0.433691	0.432203	0.432528	0.437013	0.432556	0.436114	0.452938	0.457471	0.428238	0.451855	0.429968	0.452356	0.555171	0.554738	0.554073	0.554513	0.554728	0.544231
ERR612558	0.383148	0.365804	0.368955	0.370946	0.387311	0.369301	0.542873	0.547924	0.55701	0.540248	0.546959	0.54932	0.279839	0.252413	0.295814	0.249168	0	0.250263	0.314467	0.348725	0.311553	0.347038	0.346452	0.311944	0.320218	0.305774	0.346867	0.340521	0.305232	0.354137	0.342295	0.339995	0.339637	0.342147	0.325885	0.341877	0.324848	0.3482	0.352226	0.324494	0.332743	0.326422	0.385557	0.38884	0.4293	0.389788	0.408776	0.390327	0.371098	0.360052	0.365216	0.372495	0.36219	0.370739	0.40932	0.420941	0.420255	0.416159	0.409168	0.421178	0.625061	0.622222	0.625193	0.622002	0.622516	0.62315	0.501607	0.50272	0.506649	0.502629	0.502293	0.502583	0.451383	0.452242	0.467509	0.457722	0.459585	0.443607	0.436329	0.434394	0.435154	0.440201	0.435321	0.437791	0.45814	0.46285	0.432198	0.456917	0.43409	0.457491	0.556991	0.555692	0.556035	0.55548	0.556572	0.545314
ERR612556	0.380468	0.363957	0.367128	0.372352	0.384161	0.37078	0.544745	0.549625	0.559082	0.541812	0.548245	0.550984	0.275151	0.251265	0.291052	0.248617	0.250263	0	0.312134	0.344983	0.30922	0.343235	0.342751	0.309405	0.316822	0.303109	0.350288	0.343864	0.302705	0.357809	0.338858	0.336818	0.336501	0.338823	0.323035	0.338612	0.32342	0.345704	0.349925	0.322981	0.330752	0.324912	0.386391	0.389364	0.42702	0.389997	0.407174	0.390052	0.367751	0.357197	0.361969	0.368866	0.359193	0.367366	0.407979	0.420373	0.42007	0.415273	0.407209	0.420809	0.624663	0.622183	0.624892	0.62115	0.621585	0.622756	0.500023	0.501087	0.505967	0.501328	0.500649	0.501543	0.448396	0.449176	0.464265	0.454449	0.456431	0.440602	0.434387	0.432666	0.433226	0.437934	0.43329	0.436526	0.454942	0.459515	0.429794	0.45372	0.43158	0.45438	0.556016	0.555357	0.555148	0.555144	0.555744	0.544959
ERR613458	0.351671	0.344252	0.346111	0.373535	0.35357	0.370969	0.532808	0.537575	0.548584	0.529056	0.530206	0.538234	0.298267	0.308163	0.303391	0.309558	0.314467	0.312134	0	0.259247	0.243836	0.258237	0.257729	0.243241	0.298448	0.297814	0.389098	0.381926	0.297444	0.397774	0.302234	0.300429	0.300348	0.302295	0.295054	0.301865	0.306965	0.311316	0.315012	0.307717	0.306575	0.3064	0.375322	0.374421	0.388336	0.373528	0.373025	0.372724	0.329595	0.330957	0.3277	0.329632	0.327631	0.329238	0.398603	0.421197	0.420384	0.410582	0.393374	0.422119	0.599213	0.598208	0.599318	0.589064	0.589549	0.599355	0.469553	0.470657	0.482237	0.47366	0.469858	0.474975	0.414083	0.414535	0.425758	0.417967	0.419112	0.410931	0.417293	0.416665	0.417481	0.415387	0.416498	0.42275	0.417369	0.419716	0.404495	0.416558	0.40541	0.416671	0.532933	0.538891	0.531987	0.538266	0.533221	0.528391
ERR613455	0.348103	0.349919	0.351377	0.397296	0.347369	0.394094	0.542096	0.547988	0.559836	0.537344	0.53641	0.547551	0.304239	0.337829	0.302591	0.341439	0.348725	0.344983	0.259247	0	0.262968	0.242741	0.242544	0.261611	0.30236	0.311359	0.42657	0.419706	0.311025	0.43588	0.296386	0.294897	0.29684	0.296224	0.299926	0.296013	0.32057	0.30723	0.310411	0.322013	0.31325	0.318557	0.39456	0.392292	0.381461	0.390553	0.372316	0.388685	0.328271	0.340833	0.330688	0.327084	0.333297	0.327885	0.421575	0.447777	0.446565	0.434473	0.412636	0.449191	0.594855	0.594809	0.595086	0.577647	0.578531	0.594936	0.465187	0.46604	0.485334	0.473211	0.465063	0.475477	0.410118	0.4106	0.416874	0.411447	0.411698	0.412665	0.42579	0.426991	0.42579	0.419929	0.423743	0.434865	0.409317	0.409442	0.410567	0.41013	0.410749	0.409661	0.529724	0.541141	0.528413	0.540065	0.53008	0.530279
ERR613460	0.352855	0.343862	0.3459	0.370641	0.354762	0.368432	0.530378	0.535213	0.546143	0.526439	0.528331	0.535684	0.298844	0.305675	0.305005	0.306781	0.311553	0.30922	0.243836	0.262968	0	0.261856	0.261236	0.24346	0.299829	0.297836	0.384756	0.377729	0.297245	0.39331	0.304264	0.302475	0.302505	0.304236	0.296047	0.303931	0.307493	0.313457	0.317154	0.308204	0.307661	0.30723	0.374129	0.373674	0.390712	0.372906	0.374596	0.372016	0.331029	0.33119	0.328683	0.331151	0.32824	0.330377	0.396427	0.418307	0.417373	0.40796	0.391708	0.419092	0.598395	0.596977	0.598545	0.588886	0.589433	0.59805	0.469235	0.470346	0.481227	0.473221	0.469556	0.474136	0.41476	0.415133	0.42689	0.418769	0.420118	0.41102	0.415635	0.415151	0.415676	0.4143	0.414784	0.420944	0.417909	0.420518	0.403427	0.417052	0.404568	0.4172	0.532509	0.537579	0.531449	0.536981	0.532596	0.526953
ERR613456	0.346678	0.348523	0.349791	0.395149	0.346309	0.391915	0.540865	0.546806	0.558369	0.536253	0.535101	0.546341	0.303312	0.336324	0.301743	0.339753	0.347038	0.343235	0.258237	0.242741	0.261856	0	0.242763	0.260527	0.301501	0.310341	0.425134	0.418011	0.309984	0.434195	0.296366	0.29488	0.296731	0.296504	0.299876	0.295963	0.319691	0.306452	0.309746	0.320964	0.312555	0.317729	0.393757	0.391003	0.381014	0.389247	0.371546	0.38745	0.328221	0.340909	0.330794	0.326894	0.333232	0.327707	0.420996	0.447561	0.446261	0.43421	0.412252	0.448728	0.594341	0.594292	0.594468	0.577158	0.577999	0.594689	0.46459	0.465421	0.4845	0.472431	0.464446	0.474688	0.410249	0.410547	0.416944	0.411521	0.411817	0.412567	0.425285	0.426327	0.425417	0.419162	0.423346	0.434204	0.40941	0.409529	0.410428	0.409813	0.410328	0.40955	0.528797	0.540212	0.527496	0.539033	0.529191	0.529352
ERR613457	0.34736	0.348757	0.350133	0.395237	0.346762	0.391965	0.540895	0.546825	0.558756	0.5363	0.53539	0.546454	0.302976	0.335828	0.301776	0.339301	0.346452	0.342751	0.257729	0.242544	0.261236	0.242763	0	0.260038	0.301351	0.309958	0.424651	0.417461	0.309681	0.433624	0.295387	0.293796	0.295866	0.295458	0.298578	0.295274	0.318909	0.305957	0.309418	0.319975	0.311652	0.316692	0.392977	0.3907	0.380925	0.388942	0.371437	0.386876	0.327505	0.33987	0.329786	0.326344	0.33224	0.327137	0.419904	0.446306	0.444883	0.432862	0.411125	0.447545	0.59459	0.594484	0.594788	0.577681	0.578522	0.594747	0.46487	0.465553	0.484683	0.472664	0.464562	0.474988	0.409761	0.410218	0.416778	0.411209	0.41146	0.411947	0.424925	0.426106	0.425185	0.419045	0.423024	0.433958	0.409047	0.409246	0.409702	0.409651	0.409724	0.409441	0.529329	0.540621	0.528031	0.539524	0.529684	0.529697
ERR613459	0.352025	0.343459	0.34557	0.371051	0.353855	0.368628	0.530021	0.53476	0.545791	0.526152	0.527713	0.53533	0.298472	0.30612	0.304007	0.307092	0.311944	0.309405	0.243241	0.261611	0.24346	0.260527	0.260038	0	0.299218	0.297636	0.385989	0.378748	0.29709	0.394355	0.303702	0.302003	0.301764	0.303848	0.295886	0.303313	0.307855	0.312971	0.316618	0.308269	0.307365	0.30713	0.374643	0.373866	0.389889	0.3729	0.374016	0.372057	0.330822	0.33147	0.328742	0.330962	0.328529	0.330316	0.39737	0.419539	0.418736	0.409064	0.392425	0.420242	0.598028	0.596944	0.598197	0.588357	0.589056	0.598232	0.46902	0.470225	0.481173	0.473015	0.469312	0.474048	0.414803	0.415236	0.426702	0.418929	0.420126	0.41132	0.415932	0.415292	0.416155	0.414393	0.415267	0.421181	0.41794	0.420595	0.404041	0.417119	0.405103	0.417214	0.532094	0.537608	0.531198	0.537018	0.532227	0.526964
ERR613041	0.352518	0.349693	0.350509	0.385926	0.352832	0.382803	0.542056	0.545522	0.555599	0.538234	0.536068	0.545771	0.290101	0.312029	0.290372	0.314374	0.320218	0.316822	0.298448	0.30236	0.299829	0.301501	0.301351	0.299218	0	0.252267	0.373114	0.365236	0.252445	0.381624	0.307957	0.307267	0.30664	0.308158	0.305901	0.307886	0.322976	0.318575	0.320101	0.323846	0.318159	0.321673	0.396303	0.391502	0.393564	0.390647	0.382034	0.38956	0.337516	0.345814	0.338515	0.337515	0.339385	0.336708	0.419568	0.445059	0.443856	0.432832	0.412924	0.445817	0.602481	0.603096	0.603	0.589714	0.590413	0.605707	0.473985	0.474629	0.487881	0.47829	0.473888	0.480058	0.419955	0.420261	0.428551	0.422667	0.42354	0.418377	0.423928	0.423937	0.425067	0.419861	0.423901	0.429755	0.424917	0.426645	0.418721	0.424241	0.418855	0.424008	0.529622	0.537199	0.528712	0.536803	0.529746	0.528345
ERR613042	0.368146	0.359945	0.361671	0.387605	0.36963	0.384814	0.542911	0.548455	0.559081	0.539435	0.542764	0.549149	0.291454	0.298288	0.300393	0.30089	0.305774	0.303109	0.297814	0.311359	0.297836	0.310341	0.309958	0.297636	0.252267	0	0.34618	0.339068	0.246702	0.355574	0.31763	0.314726	0.316007	0.317244	0.308958	0.317425	0.320303	0.327344	0.331616	0.32107	0.321623	0.319906	0.38576	0.388874	0.404948	0.388375	0.38907	0.387742	0.342053	0.340442	0.339357	0.342344	0.338896	0.341705	0.408715	0.42815	0.427033	0.418149	0.404355	0.428817	0.613368	0.611651	0.614142	0.604859	0.605758	0.611114	0.484275	0.485171	0.496374	0.488343	0.484764	0.489234	0.426912	0.427985	0.44009	0.431346	0.43261	0.423594	0.42381	0.422906	0.422143	0.423354	0.4213	0.428986	0.433225	0.435909	0.418657	0.433083	0.419882	0.433359	0.542705	0.546277	0.541604	0.545816	0.542506	0.535156
ERR613046	0.470841	0.448873	0.452002	0.427671	0.474783	0.428535	0.533877	0.54224	0.552061	0.531961	0.551355	0.545253	0.393326	0.352672	0.413358	0.350124	0.346867	0.350288	0.389098	0.42657	0.384756	0.425134	0.424651	0.385989	0.373114	0.34618	0	0.27	0.345433	0.272551	0.430828	0.426833	0.42861	0.430033	0.410994	0.430477	0.405848	0.435051	0.442196	0.405464	0.418934	0.408063	0.415661	0.440776	0.501101	0.443498	0.478089	0.445617	0.441174	0.41947	0.432439	0.442348	0.428626	0.441177	0.444176	0.434805	0.435122	0.439832	0.451694	0.4338	0.644477	0.637618	0.645942	0.651673	0.652488	0.630664	0.54581	0.547631	0.540871	0.542563	0.547749	0.540197	0.510973	0.513219	0.53064	0.518623	0.520559	0.502608	0.476936	0.471805	0.470413	0.487994	0.472389	0.472905	0.52081	0.525569	0.485472	0.521024	0.489987	0.521777	0.589861	0.576805	0.588679	0.577396	0.588758	0.563526
ERR613045	0.462915	0.441165	0.444182	0.420457	0.466908	0.42121	0.529713	0.538095	0.547731	0.528035	0.546388	0.540999	0.386273	0.346665	0.405617	0.343842	0.340521	0.343864	0.381926	0.419706	0.377729	0.418011	0.417461	0.378748	0.365236	0.339068	0.27	0	0.337842	0.272282	0.423693	0.41976	0.421444	0.422917	0.404234	0.423245	0.399757	0.428019	0.434908	0.399313	0.412015	0.401708	0.411114	0.434692	0.494638	0.437605	0.471632	0.439626	0.434729	0.414053	0.426273	0.435948	0.422573	0.434821	0.439908	0.432036	0.432349	0.436339	0.447202	0.431011	0.639847	0.633367	0.641395	0.646467	0.647292	0.626986	0.539961	0.541651	0.535469	0.536901	0.541779	0.534449	0.505302	0.507522	0.52473	0.512848	0.514736	0.497041	0.471559	0.466531	0.465357	0.482296	0.467263	0.467558	0.515064	0.519712	0.480232	0.515089	0.484529	0.515802	0.584364	0.571698	0.583233	0.572346	0.583183	0.558817
ERR613043	0.368	0.359646	0.36139	0.387265	0.3694	0.384637	0.542017	0.547807	0.558547	0.538402	0.542261	0.548364	0.291214	0.298507	0.300582	0.300665	0.305232	0.302705	0.297444	0.311025	0.297245	0.309984	0.309681	0.29709	0.252445	0.246702	0.345433	0.337842	0	0.354532	0.318274	0.315712	0.317141	0.318013	0.309703	0.318052	0.320494	0.327207	0.331927	0.321072	0.321562	0.320195	0.384439	0.388048	0.404797	0.387603	0.388552	0.38711	0.34284	0.340697	0.340083	0.342859	0.339387	0.342309	0.408708	0.427558	0.426443	0.418199	0.404415	0.428137	0.613173	0.611421	0.613949	0.604758	0.605586	0.610087	0.48418	0.485312	0.49674	0.488654	0.484672	0.489361	0.427404	0.428493	0.440748	0.431954	0.433141	0.424213	0.423518	0.422718	0.421406	0.422996	0.420745	0.428771	0.433476	0.43597	0.418492	0.433489	0.419867	0.433716	0.542808	0.546171	0.541746	0.545652	0.542591	0.535096
ERR613044	0.477274	0.455267	0.457813	0.429872	0.481164	0.430568	0.531188	0.538534	0.54747	0.529711	0.548073	0.541791	0.402436	0.360926	0.421159	0.357682	0.354137	0.357809	0.397774	0.43588	0.39331	0.434195	0.433624	0.394355	0.381624	0.355574	0.272551	0.272282	0.354532	0	0.439174	0.435528	0.436782	0.438588	0.419604	0.438918	0.414474	0.44293	0.449445	0.414121	0.426675	0.416527	0.422065	0.44594	0.507737	0.449044	0.484954	0.45121	0.449565	0.428964	0.441072	0.450847	0.437382	0.449404	0.451246	0.442148	0.442963	0.447518	0.45924	0.440977	0.643756	0.637347	0.645261	0.651942	0.652759	0.631283	0.549722	0.551401	0.542762	0.545379	0.551555	0.542915	0.517799	0.519797	0.536924	0.525258	0.527329	0.509175	0.482972	0.477594	0.477403	0.494117	0.479759	0.47805	0.527937	0.532915	0.492947	0.52788	0.49716	0.528716	0.590849	0.57674	0.589658	0.577446	0.589593	0.564216
ERR636774	0.33403	0.335528	0.336221	0.380892	0.333913	0.377047	0.554955	0.55914	0.569472	0.550964	0.547112	0.558104	0.30257	0.333225	0.29873	0.335617	0.342295	0.338858	0.302234	0.296386	0.304264	0.296366	0.295387	0.303702	0.307957	0.31763	0.430828	0.423693	0.318274	0.439174	0	0.236366	0.235702	0.234704	0.240299	0.234343	0.304972	0.295057	0.296284	0.305862	0.296886	0.303032	0.394014	0.387424	0.378314	0.385625	0.369312	0.384285	0.309672	0.322739	0.311598	0.309109	0.31302	0.308423	0.407862	0.437357	0.435759	0.422247	0.399468	0.43796	0.592042	0.592723	0.591874	0.575826	0.576677	0.595895	0.464451	0.465264	0.481732	0.470828	0.464144	0.473348	0.395286	0.395127	0.402673	0.397359	0.398187	0.394967	0.424752	0.425982	0.426157	0.418196	0.424681	0.432686	0.398612	0.399643	0.398175	0.397452	0.397621	0.397349	0.523053	0.53416	0.521873	0.533533	0.523494	0.525184
ERR636771	0.339354	0.339413	0.340578	0.384402	0.339039	0.380856	0.558041	0.562774	0.573437	0.554052	0.552109	0.562347	0.300849	0.330367	0.299215	0.333236	0.339995	0.336818	0.300429	0.294897	0.302475	0.29488	0.293796	0.302003	0.307267	0.314726	0.426833	0.41976	0.315712	0.435528	0.236366	0	0.235275	0.236578	0.237537	0.236672	0.301722	0.294529	0.297341	0.30274	0.295458	0.300073	0.389272	0.386028	0.379156	0.384303	0.368674	0.383357	0.308307	0.318481	0.309517	0.307756	0.310868	0.307347	0.40534	0.433263	0.431792	0.418861	0.397348	0.434078	0.596799	0.596672	0.596796	0.581429	0.582322	0.598271	0.467844	0.468737	0.485259	0.474213	0.467629	0.476495	0.39557	0.395913	0.404522	0.398233	0.399112	0.395603	0.426382	0.427078	0.426678	0.420662	0.424984	0.434229	0.400357	0.40143	0.398027	0.399966	0.39806	0.400052	0.528386	0.538648	0.527084	0.537901	0.52883	0.528822
ERR636770	0.3355	0.336306	0.336929	0.379925	0.33547	0.376106	0.556826	0.560016	0.570048	0.553088	0.54867	0.559639	0.302109	0.330586	0.297846	0.333115	0.339637	0.336501	0.300348	0.29684	0.302505	0.296731	0.295866	0.301764	0.30664	0.316007	0.42861	0.421444	0.317141	0.436782	0.235702	0.235275	0	0.236448	0.237374	0.235915	0.302005	0.294237	0.29475	0.302592	0.294322	0.300155	0.392716	0.385738	0.378185	0.384147	0.368799	0.382927	0.308452	0.320668	0.310143	0.308475	0.311252	0.307316	0.405278	0.435441	0.433852	0.420475	0.397263	0.436023	0.594331	0.59541	0.59422	0.578734	0.579589	0.599422	0.466028	0.466717	0.481804	0.471209	0.465789	0.473726	0.394658	0.394602	0.402255	0.397171	0.397958	0.393417	0.425655	0.426193	0.427438	0.419227	0.426197	0.432783	0.399687	0.401166	0.39811	0.398333	0.397473	0.398184	0.524431	0.535133	0.523363	0.534527	0.52498	0.526683
ERR636772	0.336479	0.337869	0.338566	0.382918	0.336313	0.379091	0.556184	0.560612	0.570954	0.552118	0.548869	0.559681	0.30286	0.332865	0.299442	0.335484	0.342147	0.338823	0.302295	0.296224	0.304236	0.296504	0.295458	0.303848	0.308158	0.317244	0.430033	0.422917	0.318013	0.438588	0.234704	0.236578	0.236448	0	0.240225	0.234721	0.30514	0.29599	0.297652	0.305965	0.297617	0.303357	0.393774	0.387895	0.379459	0.386266	0.370056	0.385071	0.309314	0.321935	0.311223	0.308977	0.312553	0.308348	0.407413	0.436374	0.43478	0.421451	0.399033	0.437162	0.593504	0.594022	0.593475	0.57751	0.578456	0.596687	0.465465	0.466189	0.482739	0.471895	0.465057	0.474296	0.395478	0.39552	0.403398	0.397643	0.398453	0.395164	0.424984	0.426225	0.426172	0.418897	0.424669	0.433167	0.39915	0.400244	0.398253	0.398243	0.397794	0.398155	0.524618	0.535504	0.523402	0.53476	0.525148	0.526163
ERR636769	0.346418	0.341995	0.343234	0.379885	0.346557	0.376489	0.562206	0.56646	0.576844	0.558429	0.557875	0.566527	0.297757	0.317222	0.299963	0.319689	0.325885	0.323035	0.295054	0.299926	0.296047	0.299876	0.298578	0.295886	0.305901	0.308958	0.410994	0.404234	0.309703	0.419604	0.240299	0.237537	0.237374	0.240225	0	0.240358	0.290822	0.295526	0.299237	0.291156	0.289219	0.29001	0.379183	0.378883	0.383072	0.377595	0.368978	0.376749	0.3065	0.308453	0.304682	0.306722	0.304175	0.305411	0.391565	0.418267	0.41674	0.404038	0.38505	0.418882	0.606785	0.606188	0.606926	0.594953	0.595924	0.607516	0.47555	0.476549	0.489991	0.480419	0.475524	0.482105	0.396455	0.397085	0.408913	0.401036	0.402446	0.393148	0.425732	0.425721	0.425716	0.421736	0.42426	0.432643	0.403773	0.406316	0.393666	0.402804	0.394451	0.403198	0.537422	0.544911	0.536133	0.544435	0.537614	0.534873
ERR636773	0.334702	0.336318	0.336964	0.381249	0.334682	0.37772	0.554836	0.559223	0.569527	0.550898	0.547218	0.558248	0.302455	0.33294	0.298747	0.335448	0.341877	0.338612	0.301865	0.296013	0.303931	0.295963	0.295274	0.303313	0.307886	0.317425	0.430477	0.423245	0.318052	0.438918	0.234343	0.236672	0.235915	0.234721	0.240358	0	0.305176	0.295481	0.296991	0.306009	0.297349	0.303313	0.394122	0.387568	0.37878	0.385863	0.369559	0.384669	0.309321	0.322595	0.311443	0.309037	0.312768	0.308306	0.407523	0.43665	0.435131	0.421741	0.399059	0.437358	0.592178	0.592845	0.592062	0.576009	0.576868	0.595897	0.464334	0.464875	0.481544	0.470643	0.463948	0.473219	0.39514	0.395079	0.402843	0.397221	0.398105	0.394892	0.424409	0.425639	0.425825	0.41814	0.424318	0.432367	0.39857	0.399722	0.397933	0.397395	0.397541	0.397519	0.523102	0.53411	0.521996	0.533424	0.523576	0.524998
ERR636894	0.360528	0.35216	0.354107	0.383834	0.361581	0.380969	0.594495	0.598957	0.608686	0.591377	0.593922	0.600006	0.309301	0.317102	0.317407	0.320191	0.324848	0.32342	0.306965	0.32057	0.307493	0.319691	0.318909	0.307855	0.322976	0.320303	0.405848	0.399757	0.320494	0.414474	0.304972	0.301722	0.302005	0.30514	0.290822	0.305176	0	0.253733	0.260327	0.232368	0.238809	0.232349	0.343973	0.349308	0.364233	0.348213	0.345551	0.347717	0.340922	0.334355	0.336461	0.342055	0.33415	0.340369	0.423563	0.444949	0.444044	0.432441	0.418177	0.445867	0.659079	0.658412	0.659274	0.647144	0.647942	0.659156	0.524024	0.524873	0.538682	0.528909	0.523875	0.530854	0.439315	0.440106	0.453207	0.444571	0.446042	0.434853	0.472153	0.471749	0.470742	0.468936	0.468949	0.479296	0.446459	0.449433	0.434338	0.44618	0.434944	0.44624	0.585102	0.59229	0.584027	0.591902	0.585299	0.582575
ERR636891	0.333751	0.334236	0.334819	0.379463	0.333185	0.37568	0.575343	0.57921	0.588445	0.571662	0.568678	0.578913	0.310628	0.339099	0.308096	0.341852	0.3482	0.345704	0.311316	0.30723	0.313457	0.306452	0.305957	0.312971	0.318575	0.327344	0.435051	0.428019	0.327207	0.44293	0.295057	0.294529	0.294237	0.29599	0.295526	0.295481	0.253733	0	0.239165	0.254866	0.241308	0.250939	0.363126	0.356488	0.34573	0.35428	0.335706	0.353143	0.341232	0.352963	0.343582	0.341079	0.344906	0.340184	0.448875	0.475528	0.474338	0.462194	0.440673	0.476436	0.630686	0.632679	0.630693	0.6121	0.61289	0.635518	0.503123	0.503492	0.521531	0.509769	0.502475	0.512576	0.435655	0.435477	0.441314	0.437396	0.437897	0.436114	0.470141	0.471089	0.471123	0.462998	0.469131	0.477945	0.438263	0.438825	0.440613	0.438031	0.439813	0.437578	0.55813	0.570696	0.557093	0.570004	0.55866	0.562802
ERR636890	0.328038	0.330817	0.330694	0.376075	0.327574	0.372044	0.573516	0.575699	0.58442	0.570145	0.564103	0.575571	0.314284	0.343853	0.307727	0.346329	0.352226	0.349925	0.315012	0.310411	0.317154	0.309746	0.309418	0.316618	0.320101	0.331616	0.442196	0.434908	0.331927	0.449445	0.296284	0.297341	0.29475	0.297652	0.299237	0.296991	0.260327	0.239165	0	0.261065	0.244435	0.256999	0.371524	0.359429	0.344673	0.357204	0.337267	0.356028	0.344172	0.35958	0.34771	0.344122	0.349289	0.342923	0.453706	0.482741	0.481466	0.46888	0.445213	0.483511	0.626423	0.629613	0.626004	0.606484	0.60719	0.635089	0.500443	0.500417	0.517729	0.506191	0.499561	0.509311	0.436356	0.435459	0.439719	0.437457	0.437798	0.436271	0.471049	0.472059	0.473561	0.462966	0.4719	0.478008	0.438496	0.43918	0.443178	0.437057	0.441621	0.436746	0.552421	0.566205	0.551534	0.565524	0.553027	0.559845
ERR636893	0.361411	0.352712	0.354681	0.384136	0.362279	0.381191	0.595986	0.600326	0.609861	0.592786	0.595294	0.601307	0.309787	0.316615	0.318038	0.319653	0.324494	0.322981	0.307717	0.322013	0.308204	0.320964	0.319975	0.308269	0.323846	0.32107	0.405464	0.399313	0.321072	0.414121	0.305862	0.30274	0.302592	0.305965	0.291156	0.306009	0.232368	0.254866	0.261065	0	0.239239	0.2328	0.343967	0.34938	0.365144	0.348367	0.346206	0.347986	0.341481	0.334396	0.336643	0.342559	0.334355	0.340791	0.423118	0.444402	0.44356	0.431972	0.417792	0.445332	0.660055	0.659404	0.660209	0.648245	0.649072	0.660243	0.524677	0.525483	0.539213	0.529481	0.524443	0.531395	0.439543	0.440325	0.453657	0.444902	0.446306	0.434767	0.472789	0.472332	0.471287	0.469632	0.469581	0.479792	0.446923	0.450168	0.434664	0.446806	0.435157	0.446865	0.585845	0.592855	0.584691	0.592516	0.585959	0.583173
ERR636889	0.344117	0.339775	0.340598	0.37629	0.344178	0.372753	0.583526	0.586742	0.595862	0.580437	0.578871	0.587305	0.307472	0.324778	0.309562	0.32728	0.332743	0.330752	0.306575	0.31325	0.307661	0.312555	0.311652	0.307365	0.318159	0.321623	0.418934	0.412015	0.321562	0.426675	0.296886	0.295458	0.294322	0.297617	0.289219	0.297349	0.238809	0.241308	0.244435	0.239239	0	0.237262	0.352387	0.349371	0.35276	0.347717	0.338297	0.347	0.338897	0.341817	0.337892	0.339703	0.337104	0.337701	0.434257	0.459532	0.458389	0.446253	0.427602	0.460227	0.643804	0.644914	0.643726	0.628986	0.629697	0.647685	0.512351	0.512814	0.527793	0.517527	0.511827	0.519759	0.435398	0.43551	0.444959	0.439122	0.440044	0.432292	0.470221	0.470529	0.470697	0.464878	0.469036	0.477069	0.441299	0.443312	0.435878	0.440485	0.43569	0.44024	0.569611	0.579353	0.56857	0.578795	0.569951	0.571294
ERR636892	0.358216	0.350459	0.352153	0.383627	0.358924	0.380411	0.593099	0.597402	0.606812	0.589874	0.591665	0.598231	0.308545	0.318402	0.315742	0.32164	0.326422	0.324912	0.3064	0.318557	0.30723	0.317729	0.316692	0.30713	0.321673	0.319906	0.408063	0.401708	0.320195	0.416527	0.303032	0.300073	0.300155	0.303357	0.29001	0.303313	0.232349	0.250939	0.256999	0.2328	0.237262	0	0.345103	0.349533	0.361999	0.34827	0.343961	0.347787	0.340265	0.335323	0.336164	0.34124	0.334445	0.33952	0.425633	0.44774	0.446871	0.434982	0.419991	0.448584	0.656546	0.656238	0.656781	0.644089	0.644886	0.657208	0.521964	0.522743	0.536929	0.527003	0.521848	0.528997	0.43833	0.43908	0.451486	0.443325	0.444589	0.434304	0.472018	0.471836	0.470775	0.468332	0.469128	0.479078	0.445314	0.448083	0.434633	0.445142	0.435058	0.445128	0.582648	0.590336	0.581591	0.589977	0.582999	0.580833
ERR608919	0.423308	0.408202	0.410101	0.416108	0.424768	0.415634	0.588701	0.596714	0.606691	0.585275	0.596753	0.597981	0.390444	0.382196	0.403152	0.383405	0.385557	0.386391	0.375322	0.39456	0.374129	0.393757	0.392977	0.374643	0.396303	0.38576	0.415661	0.411114	0.384439	0.422065	0.394014	0.389272	0.392716	0.393774	0.379183	0.394122	0.343973	0.363126	0.371524	0.343967	0.352387	0.345103	0	0.280954	0.326616	0.281916	0.303217	0.282091	0.420016	0.409684	0.41568	0.420139	0.413982	0.419454	0.474596	0.48135	0.481019	0.476571	0.474561	0.481606	0.667696	0.664415	0.668841	0.661098	0.662147	0.658791	0.556857	0.558056	0.566953	0.55996	0.557327	0.560236	0.506476	0.508309	0.520559	0.511626	0.51271	0.503889	0.514536	0.513256	0.509438	0.516592	0.508847	0.51853	0.510234	0.512856	0.490878	0.511517	0.493431	0.511863	0.609879	0.610772	0.60886	0.610633	0.609702	0.598814
ERR608924	0.39907	0.386758	0.388204	0.39496	0.40146	0.393343	0.576901	0.580354	0.58799	0.57396	0.575764	0.581012	0.389666	0.387882	0.394481	0.387145	0.38884	0.389364	0.374421	0.392292	0.373674	0.391003	0.3907	0.373866	0.391502	0.388874	0.440776	0.434692	0.388048	0.44594	0.387424	0.386028	0.385738	0.387895	0.378883	0.387568	0.349308	0.356488	0.359429	0.34938	0.349371	0.349533	0.280954	0	0.292264	0.258348	0.277017	0.258322	0.419374	0.421218	0.41915	0.419819	0.418511	0.418432	0.485744	0.50131	0.500977	0.494889	0.483284	0.501501	0.649326	0.649362	0.649286	0.639754	0.640511	0.65164	0.541965	0.542622	0.550471	0.544329	0.542015	0.545163	0.503167	0.503413	0.511796	0.506358	0.507358	0.499946	0.509735	0.508878	0.50962	0.50857	0.509832	0.51212	0.504614	0.506937	0.492678	0.503766	0.493064	0.504038	0.588777	0.592687	0.588072	0.5923	0.588642	0.58504
ERR608921	0.386893	0.390881	0.390209	0.431519	0.385491	0.428357	0.610433	0.612773	0.62076	0.606831	0.600917	0.612175	0.395888	0.422432	0.389758	0.424227	0.4293	0.42702	0.388336	0.381461	0.390712	0.381014	0.380925	0.389889	0.393564	0.404948	0.501101	0.494638	0.404797	0.507737	0.378314	0.379156	0.378185	0.379459	0.383072	0.37878	0.364233	0.34573	0.344673	0.365144	0.35276	0.361999	0.326616	0.292264	0	0.288754	0.252827	0.285371	0.417732	0.433909	0.422512	0.416954	0.42475	0.416627	0.516713	0.542952	0.54205	0.53049	0.508718	0.543706	0.657955	0.661643	0.657947	0.636668	0.637373	0.666536	0.544458	0.544531	0.562368	0.550968	0.543572	0.55371	0.498677	0.498048	0.499321	0.498554	0.498501	0.500637	0.5258	0.527316	0.527978	0.517688	0.526576	0.53261	0.496957	0.496447	0.503868	0.495917	0.502405	0.49573	0.591969	0.606569	0.591148	0.605874	0.59262	0.600967
