	ERR630057	ERR630056	ERR630054	ERR630055	ERR630058	ERR630059	ERR607315	ERR607313	ERR607314	ERR607316	ERR607312	ERR607311	ERR613247	ERR613250	ERR613248	ERR613249	ERR613246	ERR613245	ERR613974	ERR613977	ERR613972	ERR613975	ERR613973	ERR613976	ERR637113	ERR637116	ERR637115	ERR637114	ERR637111	ERR637112	ERR636667	ERR636669	ERR636668	ERR636672	ERR636670	ERR636671	ERR637000	ERR636999	ERR636997	ERR636998	ERR637001	ERR637002	ERR626766	ERR626765	ERR626769	ERR626770	ERR626768	ERR626767	ERR613773	ERR613774	ERR613775	ERR613771	ERR613770	ERR613772	ERR608700	ERR608696	ERR608699	ERR608697	ERR608695	ERR608698	ERR616623	ERR616624	ERR616622	ERR616627	ERR616625	ERR616626	ERR638283	ERR638279	ERR638284	ERR638280	ERR638281	ERR638282	ERR616507	ERR616505	ERR616506	ERR616509	ERR616508	ERR616504	ERR614902	ERR614901	ERR614904	ERR614905	ERR614906	ERR614903	ERR608755	ERR608752	ERR608753	ERR608754	ERR608751	ERR608756	ERR618224	ERR618221	ERR618220	ERR618222	ERR618223	ERR618219
ERR630057	0	0.857316	0.849971	0.866701	0.850552	0.843445	1.10223	1.07481	1.10461	1.10006	1.07835	1.08491	1.03693	1.06545	1.07058	1.06436	1.03291	1.03035	1.07913	1.05955	1.06162	1.07568	1.07053	1.07564	1.04702	1.04874	1.04738	1.04724	1.05096	1.04367	1.05812	1.04806	1.05031	1.06071	1.05887	1.06117	1.10307	1.10335	1.10742	1.09835	1.10292	1.10452	1.04312	1.03986	1.04778	1.04983	1.04831	1.0435	0.989472	0.988416	0.988221	0.984363	0.976562	1.00196	0.99743	0.996108	0.997962	0.992805	1.02901	0.997958	0.977127	0.98818	0.979171	0.957312	0.956447	0.956404	0.99082	1.01852	0.992023	1.01573	1.02175	0.990645	0.957538	1.03592	0.981621	0.958464	0.95837	0.981605	0.998411	1.00025	0.98411	0.984821	0.984591	1.00232	1.00568	0.983963	0.981362	1.0079	1.01025	1.01034	0.992857	0.994681	0.998853	0.991757	0.995804	0.99552
ERR630056	0.857316	0	0.820793	0.841604	0.833134	0.825925	1.08617	1.05985	1.08976	1.08356	1.06154	1.06974	1.01593	1.04747	1.05419	1.0465	1.01139	1.0064	1.06479	1.04201	1.04387	1.05807	1.0539	1.05779	1.02901	1.02955	1.02803	1.02755	1.03289	1.02385	1.04012	1.03028	1.03057	1.04453	1.04253	1.04436	1.08795	1.08872	1.09314	1.08222	1.0877	1.0892	1.02703	1.02225	1.03045	1.03249	1.03104	1.02683	0.965509	0.964738	0.964753	0.961712	0.951969	0.984695	0.974156	0.973276	0.974626	0.967657	1.01409	0.974148	0.95596	0.9668	0.958184	0.936056	0.934813	0.935353	0.971005	1.0025	0.975412	0.998538	1.00431	0.971454	0.938113	1.01906	0.961017	0.938757	0.938158	0.961386	0.977875	0.980999	0.961488	0.962411	0.961198	0.981269	0.98804	0.965237	0.960393	0.990048	0.998499	0.993048	0.975292	0.975078	0.980607	0.972819	0.977544	0.978833
ERR630054	0.849971	0.820793	0	0.83272	0.82458	0.817101	1.08175	1.05522	1.08536	1.07943	1.05672	1.065	1.01104	1.04314	1.05016	1.04232	1.00638	1.0012	1.06074	1.03735	1.03946	1.05371	1.04957	1.05348	1.02376	1.02469	1.02285	1.02254	1.02772	1.01868	1.03494	1.0247	1.02533	1.0396	1.0377	1.03936	1.08362	1.08453	1.08896	1.07814	1.08362	1.08522	1.02172	1.01707	1.02504	1.02681	1.02572	1.02174	0.959955	0.959095	0.959028	0.955747	0.945749	0.979932	0.969014	0.967883	0.969001	0.962646	1.00985	0.968921	0.950406	0.961234	0.952428	0.929419	0.92899	0.929103	0.966071	0.997982	0.970699	0.994474	1.00009	0.966474	0.932054	1.01485	0.955665	0.933238	0.932194	0.956145	0.973087	0.975946	0.955907	0.956576	0.955875	0.976228	0.983083	0.959992	0.95461	0.985183	0.994201	0.988859	0.970077	0.970442	0.97567	0.967472	0.972094	0.973568
ERR630055	0.866701	0.841604	0.83272	0	0.842869	0.835525	1.09327	1.06664	1.09613	1.09067	1.06874	1.07652	1.02501	1.05579	1.06186	1.05479	1.02126	1.01678	1.07176	1.04991	1.05184	1.06603	1.0617	1.06584	1.03735	1.03837	1.03706	1.03635	1.04141	1.03289	1.04846	1.03868	1.03963	1.05236	1.05048	1.05228	1.09524	1.09543	1.09994	1.08982	1.09496	1.09645	1.03494	1.03084	1.0385	1.04064	1.0393	1.03515	0.976049	0.974997	0.97502	0.971377	0.96265	0.992813	0.984295	0.983047	0.984378	0.978531	1.0212	0.98463	0.964991	0.976022	0.967263	0.944935	0.944526	0.944555	0.980362	1.01018	0.983729	1.0065	1.01265	0.980912	0.947589	1.02706	0.970696	0.948361	0.947962	0.97125	0.987536	0.990177	0.971476	0.972587	0.971622	0.990572	0.99645	0.974445	0.97047	0.998617	1.00593	1.00172	0.983595	0.984207	0.989215	0.981668	0.98598	0.986945
ERR630058	0.850552	0.833134	0.82458	0.842869	0	0.818542	1.08863	1.05998	1.09124	1.08649	1.06362	1.07045	1.02037	1.0508	1.05656	1.04957	1.01652	1.01303	1.06556	1.04441	1.04661	1.06153	1.05597	1.06113	1.03073	1.03223	1.03078	1.03075	1.03483	1.02688	1.04245	1.03188	1.03381	1.04532	1.04388	1.0454	1.08958	1.08949	1.09428	1.08428	1.08926	1.09095	1.02682	1.0228	1.03142	1.03327	1.03207	1.02705	0.971441	0.970787	0.970499	0.966637	0.957589	0.985874	0.980258	0.978182	0.980169	0.974782	1.01411	0.980462	0.958576	0.97015	0.96063	0.937408	0.936745	0.936913	0.972855	1.00295	0.974141	0.999585	1.00581	0.973057	0.938087	1.02164	0.963803	0.93938	0.938942	0.963928	0.981439	0.983889	0.966004	0.966836	0.965949	0.985322	0.989756	0.966111	0.96299	0.991652	0.995285	0.994409	0.975862	0.97751	0.982338	0.974546	0.978562	0.978566
ERR630059	0.843445	0.825925	0.817101	0.835525	0.818542	0	1.08467	1.05558	1.08726	1.0821	1.0591	1.06647	1.01533	1.0464	1.05217	1.04518	1.0116	1.00797	1.06087	1.03975	1.04152	1.05664	1.05152	1.05647	1.02568	1.02733	1.02573	1.0256	1.02983	1.02193	1.03742	1.02683	1.02912	1.0406	1.03888	1.04033	1.08662	1.08651	1.09123	1.08096	1.08627	1.08788	1.02214	1.0179	1.02675	1.02875	1.02706	1.02238	0.967273	0.965949	0.96625	0.96213	0.953213	0.981911	0.975212	0.973898	0.975449	0.970047	1.01063	0.975539	0.952981	0.965273	0.955488	0.931729	0.931187	0.93091	0.968589	0.999282	0.970427	0.995883	1.00212	0.968672	0.933757	1.01851	0.959536	0.934718	0.934252	0.959691	0.977253	0.979269	0.961396	0.962156	0.961295	0.981359	0.985703	0.962035	0.958611	0.987941	0.991696	0.990872	0.971619	0.973492	0.97835	0.970565	0.974487	0.974583
ERR607315	1.10223	1.08617	1.08175	1.09327	1.08863	1.08467	0	0.817239	0.835681	0.828593	0.814911	0.823697	0.95578	0.981785	0.98795	0.982024	0.95196	0.945464	0.977929	0.953726	0.955251	0.964319	0.963634	0.963588	0.954576	0.952051	0.952618	0.952519	0.958791	0.949932	0.93414	0.928383	0.927171	0.939828	0.937702	0.940264	0.968675	0.971279	0.97406	0.964791	0.967889	0.969895	0.917961	0.916046	0.917402	0.918274	0.918557	0.916523	1.11841	1.11783	1.11828	1.1169	1.10933	1.13578	1.09661	1.09617	1.09623	1.09032	1.13008	1.09579	1.0889	1.09625	1.09139	1.07628	1.0757	1.07645	1.10918	1.13244	1.11566	1.12996	1.13446	1.10968	1.10059	1.14954	1.11247	1.10143	1.09986	1.11309	1.11257	1.11515	1.09861	1.0992	1.09838	1.11501	1.11278	1.09798	1.09305	1.11472	1.12391	1.11735	1.1215	1.1202	1.12413	1.11857	1.12243	1.12482
ERR607313	1.07481	1.05985	1.05522	1.06664	1.05998	1.05558	0.817239	0	0.821138	0.813753	0.788676	0.798097	0.931996	0.961464	0.968252	0.961747	0.928072	0.92239	0.956427	0.93145	0.933494	0.945095	0.942989	0.944317	0.930946	0.92964	0.929829	0.929711	0.935769	0.926573	0.910993	0.902557	0.90365	0.916281	0.914308	0.917007	0.949511	0.951801	0.955396	0.945565	0.948803	0.951486	0.887619	0.885153	0.888498	0.890189	0.889648	0.886377	1.09983	1.09909	1.09936	1.09747	1.0894	1.11577	1.0769	1.07581	1.0769	1.07082	1.10994	1.07605	1.06756	1.07583	1.07011	1.05276	1.05231	1.05283	1.08773	1.1126	1.09326	1.1101	1.11483	1.08849	1.07858	1.13405	1.09304	1.07944	1.07793	1.09409	1.09147	1.09419	1.07718	1.07782	1.07724	1.0943	1.09241	1.07587	1.07117	1.0948	1.10173	1.09698	1.10069	1.09988	1.10377	1.09797	1.10185	1.10345
ERR607314	1.10461	1.08976	1.08536	1.09613	1.09124	1.08726	0.835681	0.821138	0	0.832948	0.819972	0.827216	0.960645	0.985381	0.991953	0.986152	0.957069	0.951787	0.981516	0.959035	0.960632	0.969589	0.968588	0.969074	0.958785	0.956567	0.957719	0.957371	0.963201	0.955123	0.938708	0.93278	0.932391	0.943782	0.942106	0.944493	0.971242	0.974047	0.976339	0.967997	0.970662	0.972452	0.921776	0.919525	0.92183	0.922153	0.922188	0.920504	1.12227	1.12186	1.12211	1.12071	1.11324	1.13883	1.10086	1.10018	1.10045	1.09505	1.13291	1.10009	1.09357	1.1006	1.09592	1.08027	1.07989	1.0803	1.11285	1.1359	1.11853	1.13346	1.13766	1.11327	1.10436	1.15374	1.11678	1.10521	1.10335	1.11743	1.11639	1.11861	1.10242	1.10302	1.10246	1.1185	1.11591	1.10109	1.09635	1.11775	1.12596	1.11991	1.12496	1.12362	1.12744	1.1222	1.12576	1.12777
ERR607316	1.10006	1.08356	1.07943	1.09067	1.08649	1.0821	0.828593	0.813753	0.832948	0	0.811482	0.819881	0.952182	0.979256	0.985736	0.979612	0.948694	0.942358	0.975596	0.951152	0.952572	0.961909	0.961201	0.961321	0.952455	0.950139	0.950219	0.950354	0.956576	0.947517	0.931445	0.924957	0.924508	0.937104	0.935247	0.937879	0.965463	0.968447	0.971548	0.961786	0.964693	0.967063	0.914778	0.912053	0.914197	0.914734	0.915134	0.913164	1.11552	1.11499	1.11548	1.11421	1.1063	1.13334	1.09385	1.09345	1.09413	1.08754	1.12779	1.09316	1.08679	1.094	1.08942	1.07378	1.07356	1.07437	1.10639	1.13014	1.11303	1.12741	1.13204	1.10704	1.09818	1.1477	1.10986	1.09861	1.09696	1.11054	1.10985	1.11245	1.09567	1.09598	1.09557	1.11214	1.10984	1.095	1.08977	1.11219	1.12128	1.11422	1.11898	1.11755	1.12161	1.11564	1.11991	1.12203
ERR607312	1.07835	1.06154	1.05672	1.06874	1.06362	1.0591	0.814911	0.788676	0.819972	0.811482	0	0.797341	0.931066	0.96118	0.968548	0.961357	0.927005	0.920014	0.957587	0.930852	0.932834	0.944127	0.942796	0.943306	0.932024	0.929742	0.929982	0.92977	0.936354	0.926684	0.910777	0.903323	0.902603	0.917052	0.914944	0.917631	0.950104	0.952718	0.956282	0.945491	0.949236	0.951714	0.889983	0.887294	0.890628	0.891804	0.891487	0.888856	1.09846	1.09811	1.09856	1.09701	1.08836	1.11646	1.07594	1.07532	1.07573	1.06941	1.11115	1.07506	1.06755	1.07542	1.07021	1.0531	1.05302	1.05351	1.0884	1.11359	1.09473	1.11078	1.11572	1.08883	1.0794	1.13375	1.09305	1.08035	1.07842	1.09368	1.09187	1.09463	1.07686	1.07748	1.0769	1.0945	1.09306	1.07693	1.0716	1.09511	1.10425	1.09764	1.10164	1.10017	1.10429	1.0985	1.10237	1.10468
ERR607311	1.08491	1.06974	1.065	1.07652	1.07045	1.06647	0.823697	0.798097	0.827216	0.819881	0.797341	0	0.941525	0.969683	0.976074	0.970047	0.937851	0.932373	0.964631	0.940487	0.942531	0.95335	0.951793	0.95242	0.940535	0.93851	0.938838	0.938941	0.944886	0.936234	0.920186	0.91253	0.91282	0.925213	0.922889	0.925801	0.957427	0.959367	0.96271	0.953454	0.95656	0.958674	0.899492	0.897233	0.899898	0.901445	0.901054	0.898303	1.10746	1.10723	1.10749	1.10555	1.09798	1.12377	1.0851	1.08417	1.08497	1.07902	1.11785	1.08418	1.07609	1.08409	1.07859	1.06191	1.06172	1.06229	1.09642	1.12049	1.1021	1.11806	1.12288	1.09687	1.08749	1.14083	1.10144	1.08825	1.08693	1.1019	1.10038	1.10268	1.08624	1.08653	1.08596	1.10283	1.10046	1.08471	1.0801	1.10307	1.1098	1.10523	1.10886	1.10806	1.112	1.10633	1.11017	1.11202
ERR613247	1.03693	1.01593	1.01104	1.02501	1.02037	1.01533	0.95578	0.931996	0.960645	0.952182	0.931066	0.941525	0	0.818725	0.829572	0.819079	0.766422	0.75786	0.905434	0.872965	0.875524	0.889145	0.887753	0.889158	0.881731	0.880552	0.878628	0.878991	0.886107	0.874451	0.885995	0.876453	0.874725	0.893594	0.891132	0.894522	0.95972	0.962375	0.966481	0.953274	0.95947	0.960789	0.893038	0.887374	0.893241	0.893917	0.894005	0.890841	1.05756	1.0573	1.05753	1.05607	1.04708	1.07838	1.03591	1.03541	1.03575	1.02906	1.07466	1.03532	1.02649	1.03475	1.02889	1.00995	1.0097	1.01015	1.05075	1.07857	1.05763	1.07538	1.08008	1.05126	1.0369	1.09777	1.05206	1.03726	1.03578	1.05328	1.05385	1.05685	1.03701	1.03828	1.03723	1.05581	1.05297	1.0351	1.02968	1.05501	1.06613	1.05807	1.06206	1.05999	1.06478	1.05807	1.06306	1.06623
ERR613250	1.06545	1.04747	1.04314	1.05579	1.0508	1.0464	0.981785	0.961464	0.985381	0.979256	0.96118	0.969683	0.818725	0	0.85842	0.849797	0.813947	0.807497	0.933971	0.907455	0.9094	0.920813	0.919403	0.920696	0.914863	0.913918	0.912328	0.912685	0.918443	0.909049	0.920421	0.912641	0.912012	0.92727	0.924855	0.927653	0.985926	0.988215	0.991636	0.981121	0.985925	0.986868	0.929482	0.92503	0.929457	0.930271	0.930132	0.927343	1.08536	1.08479	1.08525	1.08395	1.07573	1.10378	1.06393	1.06316	1.06374	1.05806	1.09739	1.0634	1.05527	1.06293	1.05747	1.041	1.04079	1.04104	1.07888	1.10373	1.08491	1.10066	1.1056	1.07926	1.06563	1.12005	1.07966	1.06604	1.06492	1.08024	1.0814	1.08381	1.06628	1.06738	1.06652	1.08371	1.07868	1.0627	1.05822	1.08044	1.08915	1.083	1.08783	1.08594	1.09034	1.08423	1.08836	1.09163
ERR613248	1.07058	1.05419	1.05016	1.06186	1.05656	1.05217	0.98795	0.968252	0.991953	0.985736	0.968548	0.976074	0.829572	0.85842	0	0.858457	0.825114	0.819886	0.940114	0.915392	0.917407	0.928398	0.926724	0.928254	0.923147	0.922586	0.920953	0.921826	0.926519	0.918307	0.929482	0.92166	0.921614	0.935261	0.93316	0.935707	0.99282	0.994477	0.997561	0.987837	0.992325	0.993644	0.937145	0.933457	0.937908	0.938452	0.938449	0.935743	1.09266	1.09231	1.09265	1.09102	1.08325	1.1099	1.07112	1.07021	1.07107	1.06574	1.10219	1.07064	1.0618	1.06958	1.06416	1.04836	1.04769	1.04808	1.08526	1.10944	1.09061	1.10641	1.11146	1.08564	1.07237	1.12548	1.086	1.07264	1.07159	1.08667	1.08837	1.09051	1.07395	1.07523	1.07397	1.09081	1.0847	1.06908	1.06494	1.08629	1.09366	1.08883	1.0934	1.09204	1.09618	1.09043	1.09454	1.09683
ERR613249	1.06436	1.0465	1.04232	1.05479	1.04957	1.04518	0.982024	0.961747	0.986152	0.979612	0.961357	0.970047	0.819079	0.849797	0.858457	0	0.813582	0.807658	0.934273	0.907434	0.909937	0.921155	0.919762	0.921184	0.915139	0.914591	0.912912	0.913153	0.91917	0.909714	0.921142	0.913092	0.912281	0.927319	0.925527	0.927644	0.98619	0.987922	0.991345	0.981048	0.985694	0.986629	0.929391	0.924923	0.929551	0.930285	0.930312	0.927548	1.08442	1.08415	1.0844	1.083	1.07499	1.10269	1.06363	1.06297	1.06318	1.05756	1.09654	1.06265	1.05455	1.06279	1.05749	1.0406	1.04016	1.04051	1.07785	1.10291	1.08385	1.10007	1.10455	1.07806	1.06456	1.11951	1.07874	1.06515	1.06381	1.07947	1.08073	1.0831	1.06592	1.06689	1.06578	1.08291	1.07755	1.062	1.0574	1.07974	1.08798	1.08206	1.0868	1.08492	1.08914	1.08317	1.08733	1.09034
ERR613246	1.03291	1.01139	1.00638	1.02126	1.01652	1.0116	0.95196	0.928072	0.957069	0.948694	0.927005	0.937851	0.766422	0.813947	0.825114	0.813582	0	0.749479	0.900986	0.866651	0.868749	0.883489	0.88196	0.883463	0.875769	0.874399	0.872138	0.872481	0.879638	0.868112	0.880418	0.870258	0.86838	0.888244	0.885456	0.888957	0.956112	0.958889	0.963421	0.949476	0.955582	0.957219	0.887379	0.881554	0.887747	0.888254	0.888318	0.885167	1.0528	1.05278	1.05323	1.05187	1.04245	1.07517	1.03187	1.03112	1.0315	1.02444	1.07195	1.0313	1.02172	1.03038	1.02443	1.00528	1.00499	1.00513	1.04598	1.07467	1.05354	1.07122	1.07667	1.04679	1.03266	1.09411	1.04794	1.03296	1.03145	1.04888	1.04913	1.05218	1.03177	1.0332	1.03198	1.05142	1.04885	1.031	1.02475	1.05113	1.06292	1.05406	1.05826	1.05611	1.06106	1.05403	1.05923	1.06248
ERR613245	1.03035	1.0064	1.0012	1.01678	1.01303	1.00797	0.945464	0.92239	0.951787	0.942358	0.920014	0.932373	0.75786	0.807497	0.819886	0.807658	0.749479	0	0.898209	0.860848	0.862866	0.877268	0.877039	0.877379	0.870819	0.868237	0.866185	0.866597	0.875325	0.861614	0.873153	0.863385	0.859694	0.88283	0.879711	0.883472	0.950002	0.953281	0.957924	0.942797	0.949562	0.950995	0.881107	0.874441	0.880734	0.881001	0.881774	0.878454	1.04541	1.04511	1.04569	1.04477	1.03455	1.06993	1.0244	1.02392	1.02386	1.0164	1.06782	1.02347	1.01555	1.02463	1.01904	0.999383	0.999217	0.999795	1.03985	1.06962	1.04851	1.0658	1.07084	1.0406	1.02634	1.08836	1.04141	1.02693	1.02488	1.04215	1.04326	1.04627	1.02444	1.02605	1.02457	1.04487	1.0435	1.02494	1.01821	1.04555	1.0597	1.04867	1.05302	1.05021	1.05559	1.04815	1.05349	1.05784
ERR613974	1.07913	1.06479	1.06074	1.07176	1.06556	1.06087	0.977929	0.956427	0.981516	0.975596	0.957587	0.964631	0.905434	0.933971	0.940114	0.934273	0.900986	0.898209	0	0.814156	0.813428	0.82906	0.823675	0.829462	0.899589	0.899615	0.898099	0.898773	0.902745	0.896316	0.908419	0.901392	0.902527	0.912454	0.910509	0.913605	0.979726	0.98109	0.985367	0.975711	0.979	0.980888	0.920443	0.917638	0.921972	0.923266	0.92219	0.919651	1.10512	1.10491	1.10526	1.1031	1.09555	1.12049	1.09274	1.09154	1.09217	1.08707	1.12373	1.09201	1.06429	1.07249	1.06713	1.04981	1.04888	1.04913	1.09537	1.11887	1.0997	1.1167	1.12104	1.09576	1.08765	1.1411	1.10171	1.08802	1.08665	1.10273	1.09706	1.09918	1.08334	1.08426	1.08367	1.09957	1.09589	1.08036	1.07627	1.09781	1.10539	1.10048	1.10793	1.10683	1.11039	1.10502	1.10846	1.1106
ERR613977	1.05955	1.04201	1.03735	1.04991	1.04441	1.03975	0.953726	0.93145	0.959035	0.951152	0.930852	0.940487	0.872965	0.907455	0.915392	0.907434	0.866651	0.860848	0.814156	0	0.777997	0.794495	0.792114	0.794385	0.871542	0.869724	0.868361	0.868846	0.875553	0.86499	0.879009	0.870602	0.870019	0.88579	0.882937	0.886733	0.954619	0.956852	0.961897	0.949184	0.953955	0.955683	0.890884	0.886584	0.8918	0.892718	0.892086	0.889276	1.07974	1.07917	1.07997	1.07816	1.06916	1.09943	1.06809	1.06724	1.0676	1.06136	1.10487	1.06726	1.04007	1.04891	1.04327	1.02454	1.02364	1.02397	1.07063	1.09757	1.07706	1.09462	1.09918	1.0711	1.06236	1.12021	1.0769	1.06297	1.06119	1.07798	1.07254	1.07533	1.05644	1.05777	1.05671	1.07468	1.07304	1.05604	1.05018	1.0754	1.08612	1.07839	1.08517	1.08351	1.08776	1.08128	1.08564	1.08901
ERR613972	1.06162	1.04387	1.03946	1.05184	1.04661	1.04152	0.955251	0.933494	0.960632	0.952572	0.932834	0.942531	0.875524	0.9094	0.917407	0.909937	0.868749	0.862866	0.813428	0.777997	0	0.796073	0.790779	0.795644	0.873464	0.871463	0.870231	0.870736	0.877108	0.866586	0.880786	0.872578	0.871738	0.887491	0.884481	0.888387	0.956564	0.958753	0.963666	0.951227	0.955731	0.95759	0.893639	0.889493	0.894103	0.895119	0.894175	0.892075	1.08106	1.08067	1.08123	1.07984	1.07088	1.10078	1.0693	1.06851	1.06872	1.06228	1.1065	1.06863	1.04128	1.05013	1.04446	1.0258	1.02494	1.02552	1.07174	1.09871	1.07866	1.09561	1.10031	1.07251	1.06398	1.12095	1.07822	1.0644	1.0626	1.07911	1.07386	1.07701	1.05807	1.05915	1.05805	1.07649	1.07439	1.05749	1.05191	1.07666	1.08771	1.07951	1.08676	1.08475	1.08967	1.08273	1.08751	1.0908
ERR613975	1.07568	1.05807	1.05371	1.06603	1.06153	1.05664	0.964319	0.945095	0.969589	0.961909	0.944127	0.95335	0.889145	0.920813	0.928398	0.921155	0.883489	0.877268	0.82906	0.794495	0.796073	0	0.808652	0.806613	0.887975	0.886086	0.884746	0.885248	0.891299	0.881789	0.894794	0.887938	0.886713	0.901255	0.898875	0.902197	0.967213	0.970303	0.974687	0.963265	0.967016	0.968681	0.909792	0.906189	0.909134	0.910424	0.909772	0.907727	1.09243	1.09202	1.09297	1.09153	1.08287	1.11197	1.08047	1.0795	1.07992	1.07364	1.11682	1.07955	1.05379	1.06179	1.0565	1.03895	1.03839	1.03889	1.08477	1.11054	1.09182	1.10749	1.112	1.08517	1.07686	1.13039	1.08985	1.07755	1.07561	1.0909	1.08679	1.08964	1.0714	1.07237	1.07115	1.08881	1.08657	1.07063	1.06467	1.0883	1.09974	1.0912	1.09931	1.09722	1.10153	1.09518	1.09979	1.10288
ERR613973	1.07053	1.0539	1.04957	1.0617	1.05597	1.05152	0.963634	0.942989	0.968588	0.961201	0.942796	0.951793	0.887753	0.919403	0.926724	0.919762	0.88196	0.877039	0.823675	0.792114	0.790779	0.808652	0	0.808615	0.885215	0.883586	0.882437	0.883335	0.888733	0.8794	0.891966	0.884542	0.884213	0.897741	0.895354	0.898999	0.965808	0.968022	0.972279	0.961032	0.965082	0.966887	0.905415	0.901716	0.905814	0.906965	0.906291	0.904017	1.09135	1.09077	1.09181	1.08978	1.0814	1.10964	1.07919	1.07859	1.07868	1.07283	1.11432	1.0785	1.05157	1.05993	1.05443	1.03647	1.03591	1.03631	1.08233	1.10779	1.08857	1.10518	1.10966	1.08265	1.07451	1.1297	1.08824	1.07486	1.07329	1.08917	1.08425	1.08695	1.06911	1.0702	1.06908	1.0865	1.08386	1.06756	1.06229	1.08606	1.09613	1.08896	1.09628	1.09465	1.09877	1.0926	1.09672	1.09985
ERR613976	1.07564	1.05779	1.05348	1.06584	1.06113	1.05647	0.963588	0.944317	0.969074	0.961321	0.943306	0.95242	0.889158	0.920696	0.928254	0.921184	0.883463	0.877379	0.829462	0.794385	0.795644	0.806613	0.808615	0	0.887709	0.885585	0.883921	0.885215	0.890951	0.881773	0.894075	0.887116	0.88617	0.900472	0.898056	0.900975	0.966929	0.969577	0.97414	0.96283	0.966351	0.968295	0.908916	0.904769	0.908456	0.909543	0.908988	0.906789	1.09231	1.09215	1.0926	1.09139	1.08287	1.1122	1.08017	1.07949	1.07978	1.07345	1.11646	1.0793	1.05367	1.06167	1.05658	1.03906	1.03851	1.03896	1.08481	1.11064	1.09195	1.10777	1.11215	1.08547	1.0767	1.13044	1.08973	1.07725	1.07544	1.09036	1.08686	1.08974	1.07135	1.07258	1.07148	1.0889	1.08665	1.07068	1.06497	1.08854	1.09978	1.09162	1.09907	1.09702	1.10145	1.09502	1.09938	1.10269
ERR637113	1.04702	1.02901	1.02376	1.03735	1.03073	1.02568	0.954576	0.930946	0.958785	0.952455	0.932024	0.940535	0.881731	0.914863	0.923147	0.915139	0.875769	0.870819	0.899589	0.871542	0.873464	0.887975	0.885215	0.887709	0	0.775821	0.774933	0.774917	0.77988	0.768122	0.871303	0.862167	0.861901	0.877024	0.874666	0.878088	0.969857	0.971447	0.975927	0.964866	0.969163	0.97085	0.877739	0.874579	0.878965	0.880755	0.87926	0.876794	1.07066	1.07036	1.07044	1.06851	1.06031	1.08946	1.05081	1.0501	1.05032	1.0442	1.0878	1.05017	1.03084	1.03948	1.03342	1.01436	1.01333	1.01382	1.0654	1.09074	1.0715	1.08789	1.09289	1.06582	1.05099	1.10712	1.06606	1.05213	1.0507	1.06694	1.05981	1.06225	1.04521	1.04628	1.04538	1.06211	1.0621	1.0461	1.04145	1.06416	1.07344	1.06716	1.08003	1.07859	1.08291	1.07659	1.08078	1.08319
ERR637116	1.04874	1.02955	1.02469	1.03837	1.03223	1.02733	0.952051	0.92964	0.956567	0.950139	0.929742	0.93851	0.880552	0.913918	0.922586	0.914591	0.874399	0.868237	0.899615	0.869724	0.871463	0.886086	0.883586	0.885585	0.775821	0	0.769614	0.769658	0.780872	0.76829	0.869773	0.861307	0.859827	0.876227	0.873644	0.877207	0.968004	0.970312	0.974646	0.963125	0.967487	0.968829	0.877688	0.873578	0.878257	0.879437	0.878243	0.87616	1.06912	1.06892	1.06917	1.0675	1.05897	1.08929	1.04914	1.04847	1.04853	1.04234	1.08765	1.04872	1.03009	1.03874	1.03313	1.01435	1.01346	1.01383	1.0648	1.0905	1.0715	1.08734	1.09283	1.06522	1.05092	1.10604	1.06525	1.05177	1.05037	1.06603	1.05916	1.06181	1.04397	1.04467	1.04376	1.06082	1.06131	1.04507	1.03965	1.06338	1.07379	1.06585	1.07999	1.07835	1.08279	1.07635	1.08072	1.08322
ERR637115	1.04738	1.02803	1.02285	1.03706	1.03078	1.02573	0.952618	0.929829	0.957719	0.950219	0.929982	0.938838	0.878628	0.912328	0.920953	0.912912	0.872138	0.866185	0.898099	0.868361	0.870231	0.884746	0.882437	0.883921	0.774933	0.769614	0	0.768516	0.780347	0.767401	0.868399	0.859627	0.858665	0.874811	0.872256	0.875657	0.967471	0.969594	0.973922	0.962125	0.966827	0.968269	0.876956	0.87281	0.877778	0.878813	0.877901	0.875144	1.06817	1.06775	1.06788	1.06655	1.05784	1.08776	1.04862	1.04793	1.04783	1.04186	1.0869	1.04787	1.02921	1.038	1.03229	1.0131	1.0123	1.01258	1.06336	1.08933	1.07036	1.08641	1.09169	1.06385	1.04965	1.10529	1.06422	1.05068	1.04933	1.06504	1.0577	1.06034	1.04243	1.04366	1.04257	1.05989	1.06017	1.04418	1.03884	1.06213	1.07278	1.06517	1.07861	1.07714	1.08163	1.07504	1.0794	1.08212
ERR637114	1.04724	1.02755	1.02254	1.03635	1.03075	1.0256	0.952519	0.929711	0.957371	0.950354	0.92977	0.938941	0.878991	0.912685	0.921826	0.913153	0.872481	0.866597	0.898773	0.868846	0.870736	0.885248	0.883335	0.885215	0.774917	0.769658	0.768516	0	0.780379	0.767319	0.869549	0.860447	0.859585	0.876184	0.873131	0.876778	0.96791	0.969734	0.974481	0.962513	0.967092	0.968501	0.876827	0.873195	0.877786	0.879086	0.878333	0.875623	1.06777	1.06753	1.06796	1.06604	1.05747	1.08786	1.04845	1.04752	1.04748	1.04133	1.08667	1.04773	1.02884	1.03743	1.03166	1.01295	1.01191	1.0125	1.06323	1.08894	1.0703	1.08623	1.09135	1.06372	1.04936	1.10496	1.06405	1.05034	1.04863	1.06465	1.05743	1.06007	1.04207	1.04323	1.04221	1.05937	1.05977	1.04379	1.03841	1.06169	1.07249	1.06455	1.07818	1.07691	1.08107	1.07451	1.07938	1.08167
ERR637111	1.05096	1.03289	1.02772	1.04141	1.03483	1.02983	0.958791	0.935769	0.963201	0.956576	0.936354	0.944886	0.886107	0.918443	0.926519	0.91917	0.879638	0.875325	0.902745	0.875553	0.877108	0.891299	0.888733	0.890951	0.77988	0.780872	0.780347	0.780379	0	0.773406	0.875815	0.86691	0.866739	0.881588	0.879083	0.882541	0.974721	0.976372	0.980426	0.969623	0.973677	0.975173	0.883736	0.880113	0.884912	0.886359	0.885256	0.882686	1.07451	1.07437	1.07472	1.07255	1.0645	1.09308	1.0545	1.05352	1.05377	1.04814	1.09078	1.05375	1.03395	1.04245	1.03677	1.01774	1.01678	1.01744	1.06937	1.09433	1.0755	1.09172	1.09655	1.06986	1.05548	1.11041	1.07009	1.05653	1.055	1.07122	1.06411	1.0665	1.04969	1.05099	1.04968	1.06619	1.06595	1.05047	1.04555	1.06772	1.07712	1.0706	1.08417	1.08268	1.08661	1.08072	1.08475	1.087
ERR637112	1.04367	1.02385	1.01868	1.03289	1.02688	1.02193	0.949932	0.926573	0.955123	0.947517	0.926684	0.936234	0.874451	0.909049	0.918307	0.909714	0.868112	0.861614	0.896316	0.86499	0.866586	0.881789	0.8794	0.881773	0.768122	0.76829	0.767401	0.767319	0.773406	0	0.865015	0.85604	0.854459	0.872129	0.86958	0.872774	0.963584	0.965622	0.970049	0.958177	0.962891	0.964343	0.872411	0.868464	0.873346	0.874448	0.873725	0.870838	1.06327	1.06323	1.06359	1.06163	1.0529	1.08395	1.04486	1.04399	1.04404	1.03777	1.08381	1.0439	1.02572	1.03436	1.02856	1.0093	1.00842	1.00881	1.05876	1.08539	1.06602	1.08225	1.08733	1.05932	1.04505	1.10179	1.0595	1.04602	1.0445	1.06077	1.05383	1.05631	1.03807	1.03918	1.03813	1.05577	1.05606	1.03962	1.03436	1.05809	1.06915	1.06086	1.07443	1.07244	1.07713	1.07056	1.07513	1.07778
ERR636667	1.05812	1.04012	1.03494	1.04846	1.04245	1.03742	0.93414	0.910993	0.938708	0.931445	0.910777	0.920186	0.885995	0.920421	0.929482	0.921142	0.880418	0.873153	0.908419	0.879009	0.880786	0.894794	0.891966	0.894075	0.871303	0.869773	0.868399	0.869549	0.875815	0.865015	0	0.766412	0.765656	0.786579	0.783751	0.787972	0.937471	0.940116	0.944152	0.932627	0.936983	0.938863	0.883618	0.879229	0.884928	0.885896	0.885824	0.882607	1.0836	1.08318	1.08338	1.08187	1.07316	1.10263	1.06199	1.06072	1.0613	1.0547	1.09941	1.06103	1.04921	1.05751	1.05194	1.03306	1.03239	1.03298	1.07799	1.10405	1.08447	1.10124	1.10609	1.07832	1.0678	1.12632	1.08272	1.06888	1.06722	1.08365	1.08058	1.0834	1.06477	1.06569	1.06472	1.08274	1.09276	1.07582	1.07014	1.0948	1.10506	1.0977	1.09365	1.09179	1.09624	1.09024	1.0942	1.09681
ERR636669	1.04806	1.03028	1.0247	1.03868	1.03188	1.02683	0.928383	0.902557	0.93278	0.924957	0.903323	0.91253	0.876453	0.912641	0.92166	0.913092	0.870258	0.863385	0.901392	0.870602	0.872578	0.887938	0.884542	0.887116	0.862167	0.861307	0.859627	0.860447	0.86691	0.85604	0.766412	0	0.753953	0.776773	0.774251	0.778543	0.926615	0.929091	0.933596	0.9212	0.925732	0.927869	0.871932	0.866865	0.872945	0.874559	0.873951	0.870576	1.07338	1.07313	1.07332	1.07126	1.06241	1.09239	1.05326	1.05194	1.05264	1.04618	1.09099	1.05234	1.04118	1.05016	1.04395	1.02433	1.02398	1.0246	1.06689	1.09354	1.0732	1.09118	1.09602	1.06738	1.05631	1.1174	1.07221	1.0575	1.05571	1.07341	1.06942	1.07241	1.05318	1.05403	1.05314	1.07181	1.08247	1.0645	1.05905	1.0845	1.09452	1.08749	1.08255	1.08113	1.08582	1.07918	1.08372	1.08577
ERR636668	1.05031	1.03057	1.02533	1.03963	1.03381	1.02912	0.927171	0.90365	0.932391	0.924508	0.902603	0.91282	0.874725	0.912012	0.921614	0.912281	0.86838	0.859694	0.902527	0.870019	0.871738	0.886713	0.884213	0.88617	0.861901	0.859827	0.858665	0.859585	0.866739	0.854459	0.765656	0.753953	0	0.776875	0.773702	0.777987	0.926726	0.92943	0.933597	0.920755	0.92603	0.927697	0.872863	0.867583	0.873648	0.874754	0.874456	0.871437	1.07195	1.07123	1.07197	1.07034	1.06093	1.09242	1.05171	1.05058	1.05093	1.04391	1.09157	1.0506	1.04064	1.04951	1.04353	1.02433	1.02381	1.02436	1.06648	1.09385	1.07386	1.09095	1.09589	1.06696	1.05634	1.11671	1.07167	1.05784	1.05586	1.0728	1.06923	1.07233	1.05235	1.05351	1.0524	1.07106	1.08245	1.06473	1.05851	1.08428	1.09626	1.08765	1.08327	1.08106	1.08603	1.07933	1.08414	1.08663
ERR636672	1.06071	1.04453	1.0396	1.05236	1.04532	1.0406	0.939828	0.916281	0.943782	0.937104	0.917052	0.925213	0.893594	0.92727	0.935261	0.927319	0.888244	0.88283	0.912454	0.88579	0.887491	0.901255	0.897741	0.900472	0.877024	0.876227	0.874811	0.876184	0.881588	0.872129	0.786579	0.776773	0.776875	0	0.788285	0.792143	0.942786	0.944614	0.948779	0.938061	0.942233	0.944059	0.889177	0.885173	0.891058	0.892355	0.891642	0.888174	1.08968	1.08921	1.08961	1.08764	1.07947	1.10721	1.06841	1.06722	1.06781	1.06164	1.10354	1.06769	1.05414	1.06274	1.05657	1.03824	1.03771	1.03806	1.08298	1.10845	1.08868	1.10588	1.11054	1.08328	1.07311	1.13121	1.08841	1.0745	1.07277	1.08926	1.08551	1.08827	1.07035	1.07115	1.07051	1.08789	1.09741	1.08052	1.07564	1.09933	1.1088	1.10214	1.09787	1.09649	1.10102	1.09487	1.09901	1.1006
ERR636670	1.05887	1.04253	1.0377	1.05048	1.04388	1.03888	0.937702	0.914308	0.942106	0.935247	0.914944	0.922889	0.891132	0.924855	0.93316	0.925527	0.885456	0.879711	0.910509	0.882937	0.884481	0.898875	0.895354	0.898056	0.874666	0.873644	0.872256	0.873131	0.879083	0.86958	0.783751	0.774251	0.773702	0.788285	0	0.789546	0.941297	0.943457	0.94729	0.936209	0.940741	0.942277	0.887186	0.882942	0.888787	0.889942	0.889661	0.886311	1.08842	1.08787	1.08829	1.08627	1.07784	1.10605	1.06643	1.06545	1.06567	1.05973	1.10234	1.06546	1.05239	1.06103	1.0549	1.03629	1.03564	1.0361	1.08164	1.10721	1.08771	1.10455	1.109	1.08199	1.07167	1.12997	1.08696	1.07317	1.07132	1.08794	1.08441	1.08719	1.06915	1.06972	1.06893	1.08693	1.09634	1.07946	1.07414	1.09801	1.10758	1.10104	1.0965	1.09532	1.09987	1.09361	1.09766	1.09961
ERR636671	1.06117	1.04436	1.03936	1.05228	1.0454	1.04033	0.940264	0.917007	0.944493	0.937879	0.917631	0.925801	0.894522	0.927653	0.935707	0.927644	0.888957	0.883472	0.913605	0.886733	0.888387	0.902197	0.898999	0.900975	0.878088	0.877207	0.875657	0.876778	0.882541	0.872774	0.787972	0.778543	0.777987	0.792143	0.789546	0	0.943816	0.94609	0.949879	0.939005	0.943325	0.94505	0.89024	0.886217	0.89201	0.893297	0.892603	0.889284	1.09012	1.08942	1.09007	1.08801	1.07978	1.10761	1.06857	1.06756	1.06785	1.06182	1.10401	1.06772	1.05411	1.0627	1.05667	1.03802	1.03731	1.03814	1.08337	1.10871	1.08913	1.10592	1.11096	1.08384	1.07405	1.13151	1.089	1.07492	1.07355	1.08979	1.08594	1.0889	1.07096	1.07153	1.07102	1.08854	1.09776	1.08114	1.07597	1.09977	1.1092	1.1029	1.09846	1.09712	1.10132	1.09527	1.09934	1.10119
ERR637000	1.10307	1.08795	1.08362	1.09524	1.08958	1.08662	0.968675	0.949511	0.971242	0.965463	0.950104	0.957427	0.95972	0.985926	0.99282	0.98619	0.956112	0.950002	0.979726	0.954619	0.956564	0.967213	0.965808	0.966929	0.969857	0.968004	0.967471	0.96791	0.974721	0.963584	0.937471	0.926615	0.926726	0.942786	0.941297	0.943816	0	0.821581	0.826853	0.814004	0.815431	0.817915	0.931522	0.927922	0.932363	0.933798	0.933105	0.930052	1.06452	1.06393	1.06436	1.06175	1.05339	1.08143	1.09531	1.09494	1.09562	1.09018	1.12858	1.09543	1.1081	1.11632	1.11077	1.09478	1.09557	1.09506	1.05052	1.07605	1.05481	1.0746	1.07894	1.05066	1.0572	1.11927	1.07434	1.05791	1.05674	1.07493	1.06034	1.06286	1.04429	1.04556	1.04447	1.06304	1.06258	1.04519	1.04051	1.06461	1.07359	1.06774	1.07577	1.07559	1.08007	1.07393	1.07765	1.07879
ERR636999	1.10335	1.08872	1.08453	1.09543	1.08949	1.08651	0.971279	0.951801	0.974047	0.968447	0.952718	0.959367	0.962375	0.988215	0.994477	0.987922	0.958889	0.953281	0.98109	0.956852	0.958753	0.970303	0.968022	0.969577	0.971447	0.970312	0.969594	0.969734	0.976372	0.965622	0.940116	0.929091	0.92943	0.944614	0.943457	0.94609	0.821581	0	0.825591	0.813155	0.820751	0.822743	0.93315	0.929818	0.934065	0.935583	0.934784	0.932239	1.06625	1.06599	1.06632	1.06336	1.05543	1.08211	1.09743	1.0968	1.09791	1.09242	1.12907	1.09761	1.10967	1.11785	1.1122	1.09567	1.09634	1.09647	1.05121	1.07647	1.05473	1.07482	1.07937	1.05125	1.05787	1.12041	1.07553	1.05872	1.05732	1.07616	1.06138	1.06384	1.04581	1.04702	1.04618	1.06409	1.06391	1.04592	1.04172	1.06562	1.07313	1.06832	1.07639	1.07624	1.08082	1.07461	1.07831	1.07914
ERR636997	1.10742	1.09314	1.08896	1.09994	1.09428	1.09123	0.97406	0.955396	0.976339	0.971548	0.956282	0.96271	0.966481	0.991636	0.997561	0.991345	0.963421	0.957924	0.985367	0.961897	0.963666	0.974687	0.972279	0.97414	0.975927	0.974646	0.973922	0.974481	0.980426	0.970049	0.944152	0.933596	0.933597	0.948779	0.94729	0.949879	0.826853	0.825591	0	0.819335	0.826638	0.828338	0.938058	0.934798	0.939108	0.940518	0.939662	0.936972	1.0711	1.07067	1.07088	1.06826	1.06038	1.08668	1.10148	1.10068	1.10149	1.09642	1.13261	1.10137	1.11388	1.12182	1.11647	1.1003	1.10103	1.10073	1.05679	1.08151	1.06005	1.07969	1.08425	1.05686	1.06315	1.12463	1.08056	1.06393	1.06261	1.08101	1.0664	1.06873	1.05068	1.05203	1.0511	1.06907	1.06877	1.05096	1.04715	1.07032	1.078	1.07303	1.08144	1.08099	1.08527	1.07945	1.08296	1.0839
ERR636998	1.09835	1.08222	1.07814	1.08982	1.08428	1.08096	0.964791	0.945565	0.967997	0.961786	0.945491	0.953454	0.953274	0.981121	0.987837	0.981048	0.949476	0.942797	0.975711	0.949184	0.951227	0.963265	0.961032	0.96283	0.964866	0.963125	0.962125	0.962513	0.969623	0.958177	0.932627	0.9212	0.920755	0.938061	0.936209	0.939005	0.814004	0.813155	0.819335	0	0.813288	0.815301	0.925224	0.921231	0.926317	0.927242	0.92678	0.92387	1.05903	1.05858	1.05917	1.05659	1.04778	1.07679	1.09026	1.08991	1.09076	1.08484	1.12411	1.09035	1.10318	1.11152	1.10617	1.08981	1.0903	1.09	1.04537	1.07128	1.04982	1.06967	1.07388	1.04573	1.05189	1.1148	1.06933	1.05265	1.05124	1.06984	1.05483	1.05755	1.03848	1.03994	1.0388	1.05755	1.05744	1.03957	1.03484	1.0598	1.06856	1.06239	1.07136	1.0704	1.07553	1.06902	1.07271	1.07422
ERR637001	1.10292	1.0877	1.08362	1.09496	1.08926	1.08627	0.967889	0.948803	0.970662	0.964693	0.949236	0.95656	0.95947	0.985925	0.992325	0.985694	0.955582	0.949562	0.979	0.953955	0.955731	0.967016	0.965082	0.966351	0.969163	0.967487	0.966827	0.967092	0.973677	0.962891	0.936983	0.925732	0.92603	0.942233	0.940741	0.943325	0.815431	0.820751	0.826638	0.813288	0	0.817178	0.930711	0.927145	0.931485	0.932519	0.932092	0.929371	1.06539	1.06452	1.06497	1.06234	1.05426	1.08184	1.09567	1.09508	1.096	1.09052	1.12834	1.09549	1.10821	1.11634	1.11091	1.09502	1.09539	1.09513	1.05117	1.07664	1.05535	1.07502	1.07927	1.05134	1.05744	1.11962	1.07477	1.05834	1.05689	1.07517	1.06096	1.06342	1.04501	1.04615	1.04526	1.06367	1.06296	1.04534	1.04054	1.06516	1.07336	1.06766	1.07638	1.07607	1.0807	1.07441	1.07806	1.07929
ERR637002	1.10452	1.0892	1.08522	1.09645	1.09095	1.08788	0.969895	0.951486	0.972452	0.967063	0.951714	0.958674	0.960789	0.986868	0.993644	0.986629	0.957219	0.950995	0.980888	0.955683	0.95759	0.968681	0.966887	0.968295	0.97085	0.968829	0.968269	0.968501	0.975173	0.964343	0.938863	0.927869	0.927697	0.944059	0.942277	0.94505	0.817915	0.822743	0.828338	0.815301	0.817178	0	0.932651	0.928897	0.933372	0.934423	0.933822	0.931353	1.06604	1.06545	1.06571	1.0633	1.05499	1.083	1.09635	1.09609	1.09678	1.09128	1.12925	1.09642	1.10897	1.11714	1.11178	1.09587	1.09629	1.09624	1.05222	1.07778	1.05665	1.0759	1.08024	1.05232	1.05861	1.12028	1.07573	1.05945	1.05816	1.07636	1.06155	1.06416	1.04535	1.04684	1.0459	1.06429	1.06392	1.04628	1.04179	1.06594	1.07472	1.06859	1.07739	1.07681	1.08158	1.07499	1.07921	1.08033
ERR626766	1.04312	1.02703	1.02172	1.03494	1.02682	1.02214	0.917961	0.887619	0.921776	0.914778	0.889983	0.899492	0.893038	0.929482	0.937145	0.929391	0.887379	0.881107	0.920443	0.890884	0.893639	0.909792	0.905415	0.908916	0.877739	0.877688	0.876956	0.876827	0.883736	0.872411	0.883618	0.871932	0.872863	0.889177	0.887186	0.89024	0.931522	0.93315	0.938058	0.925224	0.930711	0.932651	0	0.736702	0.747398	0.749134	0.747794	0.740053	1.07595	1.07558	1.07593	1.07275	1.06506	1.09122	1.05606	1.05515	1.05575	1.05013	1.09014	1.05585	1.0448	1.05422	1.04755	1.02787	1.02732	1.0279	1.06109	1.08747	1.06576	1.08458	1.09002	1.06157	1.05596	1.11838	1.07387	1.05698	1.05611	1.07443	1.06348	1.06592	1.04869	1.04904	1.04833	1.06669	1.06845	1.05056	1.04598	1.07062	1.07723	1.07324	1.07591	1.07536	1.07983	1.07382	1.07737	1.07827
ERR626765	1.03986	1.02225	1.01707	1.03084	1.0228	1.0179	0.916046	0.885153	0.919525	0.912053	0.887294	0.897233	0.887374	0.92503	0.933457	0.924923	0.881554	0.874441	0.917638	0.886584	0.889493	0.906189	0.901716	0.904769	0.874579	0.873578	0.87281	0.873195	0.880113	0.868464	0.879229	0.866865	0.867583	0.885173	0.882942	0.886217	0.927922	0.929818	0.934798	0.921231	0.927145	0.928897	0.736702	0	0.742001	0.744299	0.743479	0.735196	1.07115	1.07077	1.07119	1.06796	1.0598	1.08759	1.05115	1.05035	1.05083	1.04493	1.08684	1.0507	1.04037	1.05012	1.04323	1.02347	1.02278	1.0233	1.05656	1.08334	1.06162	1.08056	1.08598	1.05698	1.05139	1.11443	1.06893	1.05224	1.05138	1.06979	1.05851	1.06141	1.04318	1.04388	1.04307	1.06171	1.06438	1.04609	1.04083	1.06613	1.07406	1.06892	1.07178	1.07106	1.07573	1.06939	1.07295	1.07415
ERR626769	1.04778	1.03045	1.02504	1.0385	1.03142	1.02675	0.917402	0.888498	0.92183	0.914197	0.890628	0.899898	0.893241	0.929457	0.937908	0.929551	0.887747	0.880734	0.921972	0.8918	0.894103	0.909134	0.905814	0.908456	0.878965	0.878257	0.877778	0.877786	0.884912	0.873346	0.884928	0.872945	0.873648	0.891058	0.888787	0.89201	0.932363	0.934065	0.939108	0.926317	0.931485	0.933372	0.747398	0.742001	0	0.747623	0.746724	0.745175	1.07682	1.07615	1.07662	1.07405	1.06581	1.09336	1.05706	1.05621	1.05644	1.05064	1.09222	1.05638	1.04657	1.05603	1.04947	1.03003	1.02979	1.03035	1.06309	1.08948	1.06834	1.08659	1.09174	1.0634	1.05822	1.11888	1.07494	1.05902	1.05781	1.07578	1.06488	1.06749	1.04976	1.05045	1.04949	1.06802	1.07098	1.05276	1.04801	1.07258	1.08041	1.07525	1.07791	1.07743	1.08165	1.07576	1.07955	1.08095
ERR626770	1.04983	1.03249	1.02681	1.04064	1.03327	1.02875	0.918274	0.890189	0.922153	0.914734	0.891804	0.901445	0.893917	0.930271	0.938452	0.930285	0.888254	0.881001	0.923266	0.892718	0.895119	0.910424	0.906965	0.909543	0.880755	0.879437	0.878813	0.879086	0.886359	0.874448	0.885896	0.874559	0.874754	0.892355	0.889942	0.893297	0.933798	0.935583	0.940518	0.927242	0.932519	0.934423	0.749134	0.744299	0.747623	0	0.747865	0.746867	1.07749	1.07704	1.07746	1.07502	1.06699	1.09479	1.05788	1.05707	1.05744	1.05156	1.0931	1.0573	1.04748	1.05676	1.0503	1.03104	1.03077	1.03145	1.06418	1.09052	1.06966	1.08751	1.09292	1.0646	1.05928	1.11977	1.07582	1.06006	1.05915	1.07662	1.06636	1.06886	1.05078	1.05128	1.05054	1.06902	1.07177	1.05402	1.04899	1.07359	1.08184	1.07628	1.07912	1.07837	1.08257	1.07664	1.08056	1.08176
ERR626768	1.04831	1.03104	1.02572	1.0393	1.03207	1.02706	0.918557	0.889648	0.922188	0.915134	0.891487	0.901054	0.894005	0.930132	0.938449	0.930312	0.888318	0.881774	0.92219	0.892086	0.894175	0.909772	0.906291	0.908988	0.87926	0.878243	0.877901	0.878333	0.885256	0.873725	0.885824	0.873951	0.874456	0.891642	0.889661	0.892603	0.933105	0.934784	0.939662	0.92678	0.932092	0.933822	0.747794	0.743479	0.746724	0.747865	0	0.745614	1.07735	1.07687	1.07726	1.07486	1.06646	1.09411	1.0576	1.05687	1.05729	1.05151	1.0928	1.05733	1.04709	1.05629	1.04979	1.03026	1.03009	1.03069	1.06365	1.09014	1.06899	1.0871	1.09234	1.06422	1.05889	1.11962	1.07541	1.05988	1.05863	1.07634	1.06569	1.06814	1.05032	1.05095	1.05009	1.06846	1.07101	1.05306	1.04807	1.07311	1.08071	1.07567	1.07853	1.0777	1.08218	1.07641	1.07966	1.0815
ERR626767	1.0435	1.02683	1.02174	1.03515	1.02705	1.02238	0.916523	0.886377	0.920504	0.913164	0.888856	0.898303	0.890841	0.927343	0.935743	0.927548	0.885167	0.878454	0.919651	0.889276	0.892075	0.907727	0.904017	0.906789	0.876794	0.87616	0.875144	0.875623	0.882686	0.870838	0.882607	0.870576	0.871437	0.888174	0.886311	0.889284	0.930052	0.932239	0.936972	0.92387	0.929371	0.931353	0.740053	0.735196	0.745175	0.746867	0.745614	0	1.07448	1.07404	1.07431	1.07149	1.0635	1.0905	1.05474	1.05368	1.05417	1.04837	1.08931	1.05447	1.04362	1.05343	1.04665	1.02705	1.02661	1.0272	1.06017	1.0865	1.06482	1.0836	1.08924	1.06028	1.05532	1.11687	1.07234	1.05599	1.05506	1.07345	1.06216	1.065	1.04697	1.04753	1.04705	1.06544	1.06746	1.04941	1.04473	1.06954	1.0769	1.0721	1.0751	1.07439	1.07886	1.07277	1.07643	1.07755
