	ERR630239	ERR630238	ERR630236	ERR630237	ERR630241	ERR630240	ERR608403	ERR608401	ERR608405	ERR608404	ERR608406	ERR608402	ERR613041	ERR613042	ERR613046	ERR613045	ERR613043	ERR613044	ERR607419	ERR607416	ERR607415	ERR607417	ERR607418	ERR607420	ERR613543	ERR613542	ERR613541	ERR613540	ERR613539	ERR613544	ERR617232	ERR617231	ERR617230	ERR617229	ERR617228	ERR617227	ERR608950	ERR608951	ERR608952	ERR608954	ERR608949	ERR608953	ERR636894	ERR636891	ERR636890	ERR636893	ERR636889	ERR636892	ERR638157	ERR638156	ERR638158	ERR638155	ERR638154	ERR638153	ERR632057	ERR632055	ERR632060	ERR632059	ERR632058	ERR632056	ERR616857	ERR616858	ERR616854	ERR616855	ERR616853	ERR616856	ERR618526	ERR618525	ERR618528	ERR618527	ERR618530	ERR618529	ERR618268	ERR618269	ERR618270	ERR618271	ERR618267	ERR618272	ERR609006	ERR609007	ERR609008	ERR609004	ERR609003	ERR609005	ERR608706	ERR608703	ERR608704	ERR608702	ERR608705	ERR608701	ERR618690	ERR618687	ERR618689	ERR618688	ERR618692	ERR618691
ERR630239	3.94407e+08	2.27983e+08	2.74552e+08	2.41691e+08	2.58537e+08	2.75094e+08	2.08185e+08	1.50944e+08	2.12976e+08	2.08424e+08	1.90925e+08	1.87521e+08	2.33821e+08	2.11671e+08	1.26929e+08	1.30103e+08	2.11311e+08	1.22661e+08	1.88407e+08	1.48578e+08	1.43747e+08	1.44779e+08	1.90298e+08	1.88631e+08	2.09113e+08	2.08999e+08	2.73267e+08	2.73555e+08	2.74261e+08	2.07041e+08	1.65381e+08	1.7683e+08	1.68603e+08	2.12527e+08	2.11181e+08	1.94086e+08	2.55663e+08	2.74476e+08	2.11542e+08	2.04112e+08	1.99244e+08	2.07976e+08	2.27945e+08	2.70538e+08	2.74312e+08	2.25835e+08	2.43992e+08	2.31726e+08	2.03175e+08	2.02561e+08	2.03649e+08	1.47828e+08	1.62727e+08	1.58009e+08	2.50278e+08	2.27145e+08	2.16674e+08	2.17898e+08	2.1816e+08	2.39269e+08	1.3793e+08	1.39187e+08	1.59122e+08	1.76158e+08	1.60373e+08	1.36313e+08	1.26469e+08	1.36711e+08	1.28059e+08	1.29267e+08	1.1852e+08	1.18521e+08	1.593e+08	1.68389e+08	1.71678e+08	1.63322e+08	1.6448e+08	1.66784e+08	2.02648e+08	2.01588e+08	2.0351e+08	1.90026e+08	1.23599e+08	2.04838e+08	1.58996e+08	1.74151e+08	1.59719e+08	1.62842e+08	1.59259e+08	1.13618e+08	1.62997e+08	1.69095e+08	1.59668e+08	1.5799e+08	1.688e+08	1.64578e+08
ERR630238	2.27983e+08	2.8713e+08	2.28486e+08	2.01751e+08	2.14813e+08	2.27501e+08	1.69585e+08	1.23231e+08	1.73366e+08	1.69669e+08	1.55517e+08	1.52897e+08	1.90265e+08	1.72382e+08	1.03955e+08	1.06525e+08	1.7199e+08	1.00483e+08	1.52025e+08	1.19955e+08	1.16088e+08	1.1695e+08	1.53495e+08	1.52177e+08	1.7039e+08	1.70309e+08	2.22119e+08	2.22347e+08	2.23018e+08	1.68677e+08	1.34891e+08	1.44282e+08	1.37665e+08	1.73185e+08	1.72044e+08	1.58192e+08	2.08787e+08	2.23802e+08	1.72982e+08	1.67037e+08	1.62944e+08	1.70195e+08	1.86118e+08	2.20523e+08	2.23528e+08	1.84546e+08	1.9915e+08	1.89106e+08	1.64557e+08	1.6413e+08	1.64956e+08	1.20033e+08	1.32149e+08	1.28254e+08	2.0353e+08	1.84841e+08	1.76273e+08	1.77258e+08	1.77389e+08	1.94563e+08	1.1142e+08	1.12264e+08	1.28488e+08	1.42309e+08	1.29374e+08	1.09949e+08	1.02174e+08	1.10616e+08	1.03535e+08	1.04406e+08	9.5778e+07	9.57664e+07	1.28752e+08	1.36233e+08	1.39068e+08	1.32249e+08	1.33089e+08	1.34958e+08	1.63594e+08	1.62917e+08	1.64282e+08	1.53478e+08	9.97645e+07	1.65374e+08	1.28578e+08	1.40692e+08	1.29173e+08	1.31713e+08	1.28707e+08	9.18443e+07	1.31748e+08	1.36724e+08	1.2898e+08	1.27742e+08	1.36363e+08	1.33006e+08
ERR630236	2.74552e+08	2.28486e+08	3.94919e+08	2.42045e+08	2.58141e+08	2.74192e+08	2.08717e+08	1.51236e+08	2.13555e+08	2.08909e+08	1.91268e+08	1.88057e+08	2.34154e+08	2.11924e+08	1.26961e+08	1.30212e+08	2.11609e+08	1.22846e+08	1.89429e+08	1.49402e+08	1.44534e+08	1.45576e+08	1.91208e+08	1.89583e+08	2.09568e+08	2.09482e+08	2.73828e+08	2.74121e+08	2.75023e+08	2.07451e+08	1.65612e+08	1.77433e+08	1.69192e+08	2.13101e+08	2.11535e+08	1.94478e+08	2.56321e+08	2.75065e+08	2.1186e+08	2.04442e+08	1.99452e+08	2.08279e+08	2.28253e+08	2.70971e+08	2.74666e+08	2.26201e+08	2.44493e+08	2.32001e+08	2.03996e+08	2.03342e+08	2.0456e+08	1.48548e+08	1.63453e+08	1.58589e+08	2.5076e+08	2.27477e+08	2.16932e+08	2.18133e+08	2.18476e+08	2.39564e+08	1.3871e+08	1.39864e+08	1.60192e+08	1.77318e+08	1.61313e+08	1.36963e+08	1.27104e+08	1.37349e+08	1.28745e+08	1.2985e+08	1.1911e+08	1.19036e+08	1.60091e+08	1.69393e+08	1.72734e+08	1.64289e+08	1.65422e+08	1.67724e+08	2.03753e+08	2.02705e+08	2.04479e+08	1.91021e+08	1.24086e+08	2.05869e+08	1.59984e+08	1.7517e+08	1.60721e+08	1.63833e+08	1.60205e+08	1.14141e+08	1.63505e+08	1.69732e+08	1.60267e+08	1.58566e+08	1.69304e+08	1.65195e+08
ERR630237	2.41691e+08	2.01751e+08	2.42045e+08	3.1644e+08	2.27706e+08	2.4108e+08	1.80687e+08	1.31366e+08	1.84734e+08	1.80728e+08	1.6584e+08	1.6293e+08	2.02897e+08	1.83808e+08	1.10694e+08	1.13386e+08	1.83545e+08	1.07025e+08	1.62482e+08	1.28308e+08	1.24216e+08	1.25039e+08	1.64066e+08	1.62722e+08	1.81526e+08	1.81538e+08	2.37044e+08	2.37276e+08	2.37891e+08	1.79705e+08	1.43903e+08	1.53604e+08	1.4653e+08	1.84331e+08	1.83195e+08	1.68615e+08	2.22568e+08	2.38645e+08	1.84348e+08	1.77937e+08	1.73871e+08	1.81233e+08	1.98399e+08	2.35101e+08	2.38114e+08	1.96651e+08	2.12185e+08	2.01673e+08	1.76066e+08	1.75637e+08	1.76533e+08	1.2827e+08	1.4112e+08	1.3707e+08	2.17183e+08	1.97431e+08	1.88432e+08	1.8945e+08	1.89712e+08	2.07693e+08	1.19198e+08	1.20262e+08	1.37292e+08	1.51983e+08	1.38416e+08	1.17802e+08	1.09168e+08	1.18076e+08	1.1046e+08	1.11505e+08	1.02218e+08	1.02178e+08	1.37647e+08	1.4556e+08	1.48382e+08	1.41241e+08	1.42298e+08	1.44239e+08	1.74887e+08	1.74173e+08	1.75713e+08	1.6413e+08	1.06856e+08	1.76742e+08	1.37383e+08	1.50326e+08	1.37962e+08	1.40742e+08	1.37544e+08	9.83316e+07	1.40748e+08	1.46138e+08	1.38005e+08	1.36619e+08	1.45668e+08	1.42188e+08
ERR630241	2.58537e+08	2.14813e+08	2.58141e+08	2.27706e+08	3.54869e+08	2.57891e+08	1.93884e+08	1.41217e+08	1.98309e+08	1.94048e+08	1.78014e+08	1.74917e+08	2.18316e+08	1.979e+08	1.19106e+08	1.22024e+08	1.97741e+08	1.14925e+08	1.74896e+08	1.38225e+08	1.33792e+08	1.34642e+08	1.76546e+08	1.75054e+08	1.94779e+08	1.94783e+08	2.54828e+08	2.55119e+08	2.55862e+08	1.92919e+08	1.54736e+08	1.64758e+08	1.57175e+08	1.97706e+08	1.96598e+08	1.81071e+08	2.39347e+08	2.565e+08	1.97948e+08	1.91005e+08	1.87078e+08	1.94655e+08	2.12988e+08	2.52661e+08	2.55773e+08	2.11251e+08	2.2785e+08	2.1649e+08	1.89311e+08	1.88717e+08	1.89812e+08	1.37637e+08	1.51654e+08	1.47226e+08	2.33884e+08	2.12797e+08	2.03016e+08	2.04369e+08	2.0446e+08	2.2364e+08	1.2849e+08	1.29628e+08	1.47797e+08	1.63647e+08	1.49106e+08	1.26911e+08	1.17585e+08	1.27152e+08	1.18902e+08	1.20211e+08	1.09948e+08	1.09892e+08	1.48184e+08	1.56562e+08	1.5973e+08	1.52033e+08	1.53295e+08	1.55322e+08	1.88413e+08	1.87531e+08	1.89158e+08	1.76714e+08	1.15418e+08	1.90254e+08	1.4808e+08	1.61897e+08	1.4869e+08	1.51738e+08	1.48202e+08	1.06302e+08	1.51646e+08	1.57455e+08	1.48756e+08	1.47311e+08	1.56926e+08	1.53196e+08
ERR630240	2.75094e+08	2.27501e+08	2.74192e+08	2.4108e+08	2.57891e+08	3.93332e+08	2.07549e+08	1.50424e+08	2.1256e+08	2.07854e+08	1.90372e+08	1.87041e+08	2.33255e+08	2.11123e+08	1.26506e+08	1.29632e+08	2.10801e+08	1.22388e+08	1.88225e+08	1.48448e+08	1.43657e+08	1.44755e+08	1.90095e+08	1.88529e+08	2.08708e+08	2.08595e+08	2.72468e+08	2.72883e+08	2.73515e+08	2.06516e+08	1.6484e+08	1.76561e+08	1.68412e+08	2.12149e+08	2.10754e+08	1.9372e+08	2.55168e+08	2.74044e+08	2.11197e+08	2.03804e+08	1.98616e+08	2.07605e+08	2.27619e+08	2.70255e+08	2.73826e+08	2.2555e+08	2.43745e+08	2.31287e+08	2.02857e+08	2.02374e+08	2.0357e+08	1.47723e+08	1.62628e+08	1.57898e+08	2.49644e+08	2.26491e+08	2.16011e+08	2.17165e+08	2.17482e+08	2.38468e+08	1.37837e+08	1.39064e+08	1.59106e+08	1.76152e+08	1.60216e+08	1.36061e+08	1.26264e+08	1.36651e+08	1.28048e+08	1.29118e+08	1.18393e+08	1.18368e+08	1.5899e+08	1.68207e+08	1.71568e+08	1.63103e+08	1.64295e+08	1.66501e+08	2.02553e+08	2.01621e+08	2.03359e+08	1.89941e+08	1.2334e+08	2.04688e+08	1.58925e+08	1.7422e+08	1.59711e+08	1.62746e+08	1.59174e+08	1.1345e+08	1.62697e+08	1.68865e+08	1.59422e+08	1.57671e+08	1.68386e+08	1.64357e+08
ERR608403	2.08185e+08	1.69585e+08	2.08717e+08	1.80687e+08	1.93884e+08	2.07549e+08	3.96341e+08	1.98713e+08	2.76165e+08	2.71102e+08	2.48663e+08	2.45088e+08	2.61732e+08	2.37277e+08	1.4582e+08	1.49382e+08	2.35918e+08	1.41688e+08	2.13628e+08	1.68606e+08	1.63085e+08	1.64626e+08	2.15659e+08	2.13568e+08	2.42164e+08	2.42189e+08	3.10598e+08	3.10557e+08	3.114e+08	2.39933e+08	1.79368e+08	1.94017e+08	1.8511e+08	2.31593e+08	2.29895e+08	2.10845e+08	2.43415e+08	2.61664e+08	2.01466e+08	1.94583e+08	1.87502e+08	1.98241e+08	2.24749e+08	2.6642e+08	2.7081e+08	2.22749e+08	2.40979e+08	2.28239e+08	2.25431e+08	2.2495e+08	2.26027e+08	1.65816e+08	1.81833e+08	1.76314e+08	2.73924e+08	2.48087e+08	2.36348e+08	2.37894e+08	2.38412e+08	2.62025e+08	1.53448e+08	1.54933e+08	1.78016e+08	1.96627e+08	1.78459e+08	1.5152e+08	1.43905e+08	1.55747e+08	1.46582e+08	1.47249e+08	1.3616e+08	1.36053e+08	1.7527e+08	1.85619e+08	1.89172e+08	1.79758e+08	1.80382e+08	1.83178e+08	2.32441e+08	2.31307e+08	2.33163e+08	2.18255e+08	1.42583e+08	2.35667e+08	1.78194e+08	1.95378e+08	1.79045e+08	1.82374e+08	1.78517e+08	1.26873e+08	1.76539e+08	1.83e+08	1.73037e+08	1.70897e+08	1.82937e+08	1.78519e+08
ERR608401	1.50944e+08	1.23231e+08	1.51236e+08	1.31366e+08	1.41217e+08	1.50424e+08	1.98713e+08	2.36692e+08	2.02003e+08	1.98396e+08	1.83091e+08	1.80359e+08	1.91597e+08	1.74632e+08	1.08915e+08	1.11475e+08	1.73667e+08	1.05759e+08	1.51812e+08	1.2057e+08	1.16735e+08	1.17491e+08	1.53242e+08	1.51875e+08	1.77642e+08	1.77762e+08	2.27346e+08	2.27199e+08	2.2786e+08	1.76135e+08	1.32205e+08	1.40952e+08	1.34744e+08	1.67642e+08	1.66554e+08	1.53606e+08	1.7773e+08	1.90415e+08	1.47471e+08	1.42431e+08	1.38567e+08	1.45019e+08	1.64449e+08	1.93869e+08	1.96361e+08	1.62972e+08	1.75581e+08	1.67001e+08	1.61967e+08	1.61656e+08	1.624e+08	1.19188e+08	1.30802e+08	1.26981e+08	2.01003e+08	1.833e+08	1.74905e+08	1.7607e+08	1.76462e+08	1.92501e+08	1.10269e+08	1.11221e+08	1.26807e+08	1.39997e+08	1.27728e+08	1.08927e+08	1.03318e+08	1.11414e+08	1.04523e+08	1.05471e+08	9.70822e+07	9.70277e+07	1.25481e+08	1.32587e+08	1.35229e+08	1.28665e+08	1.29452e+08	1.31266e+08	1.66661e+08	1.6584e+08	1.67314e+08	1.56931e+08	1.04181e+08	1.68464e+08	1.27551e+08	1.39344e+08	1.28106e+08	1.30631e+08	1.27773e+08	9.20698e+07	1.26611e+08	1.31288e+08	1.24256e+08	1.22852e+08	1.30864e+08	1.28078e+08
ERR608405	2.12976e+08	1.73366e+08	2.13555e+08	1.84734e+08	1.98309e+08	2.1256e+08	2.76165e+08	2.02003e+08	4.10698e+08	2.77961e+08	2.54929e+08	2.4961e+08	2.66899e+08	2.41795e+08	1.48232e+08	1.51939e+08	2.40322e+08	1.43974e+08	2.18534e+08	1.72299e+08	1.66723e+08	1.68238e+08	2.20401e+08	2.18502e+08	2.4705e+08	2.46961e+08	3.16895e+08	3.16918e+08	3.17727e+08	2.44827e+08	1.83077e+08	1.9825e+08	1.89345e+08	2.37015e+08	2.35228e+08	2.1547e+08	2.48892e+08	2.67517e+08	2.06004e+08	1.98987e+08	1.91525e+08	2.02692e+08	2.29729e+08	2.7232e+08	2.76999e+08	2.27885e+08	2.46287e+08	2.33402e+08	2.31095e+08	2.30523e+08	2.31574e+08	1.69807e+08	1.8635e+08	1.80756e+08	2.80055e+08	2.53442e+08	2.41444e+08	2.43031e+08	2.43663e+08	2.67767e+08	1.56698e+08	1.58144e+08	1.8187e+08	2.00896e+08	1.82288e+08	1.54644e+08	1.46931e+08	1.59191e+08	1.49898e+08	1.50484e+08	1.39161e+08	1.39241e+08	1.79227e+08	1.89689e+08	1.93486e+08	1.83734e+08	1.84367e+08	1.87204e+08	2.37566e+08	2.36472e+08	2.38373e+08	2.2318e+08	1.45575e+08	2.40972e+08	1.82236e+08	1.998e+08	1.83236e+08	1.86552e+08	1.82505e+08	1.29599e+08	1.8061e+08	1.86972e+08	1.76867e+08	1.74572e+08	1.86899e+08	1.82588e+08
ERR608404	2.08424e+08	1.69669e+08	2.08909e+08	1.80728e+08	1.94048e+08	2.07854e+08	2.71102e+08	1.98396e+08	2.77961e+08	3.97878e+08	2.50279e+08	2.45039e+08	2.61708e+08	2.37109e+08	1.45548e+08	1.49191e+08	2.35819e+08	1.41527e+08	2.14167e+08	1.68925e+08	1.63288e+08	1.64837e+08	2.16068e+08	2.14186e+08	2.42591e+08	2.42589e+08	3.10934e+08	3.11036e+08	3.11726e+08	2.40324e+08	1.796e+08	1.94493e+08	1.85876e+08	2.32532e+08	2.30871e+08	2.1133e+08	2.43802e+08	2.62283e+08	2.01992e+08	1.95053e+08	1.87579e+08	1.9872e+08	2.25233e+08	2.66746e+08	2.71609e+08	2.23406e+08	2.41616e+08	2.28692e+08	2.26102e+08	2.25644e+08	2.26733e+08	1.66334e+08	1.82444e+08	1.7702e+08	2.74426e+08	2.4813e+08	2.3654e+08	2.38006e+08	2.38497e+08	2.62224e+08	1.53625e+08	1.55046e+08	1.78292e+08	1.96917e+08	1.78661e+08	1.51627e+08	1.44184e+08	1.56143e+08	1.47077e+08	1.47515e+08	1.36565e+08	1.36577e+08	1.7551e+08	1.8585e+08	1.89539e+08	1.79894e+08	1.80513e+08	1.83342e+08	2.33037e+08	2.31958e+08	2.33657e+08	2.18798e+08	1.42605e+08	2.36362e+08	1.78642e+08	1.95806e+08	1.79504e+08	1.82856e+08	1.78882e+08	1.26894e+08	1.76984e+08	1.83187e+08	1.73403e+08	1.71179e+08	1.83227e+08	1.78941e+08
ERR608406	1.90925e+08	1.55517e+08	1.91268e+08	1.6584e+08	1.78014e+08	1.90372e+08	2.48663e+08	1.83091e+08	2.54929e+08	2.50279e+08	3.43197e+08	2.25193e+08	2.4049e+08	2.18313e+08	1.34834e+08	1.3805e+08	2.17016e+08	1.3096e+08	1.94201e+08	1.53565e+08	1.4859e+08	1.49908e+08	1.95839e+08	1.94272e+08	2.22974e+08	2.23043e+08	2.85723e+08	2.85686e+08	2.86425e+08	2.2106e+08	1.65078e+08	1.78017e+08	1.69963e+08	2.12377e+08	2.10891e+08	1.93714e+08	2.23461e+08	2.40107e+08	1.85223e+08	1.78962e+08	1.72618e+08	1.82244e+08	2.06624e+08	2.44542e+08	2.48473e+08	2.0499e+08	2.21261e+08	2.09892e+08	2.06033e+08	2.05544e+08	2.06617e+08	1.51546e+08	1.66289e+08	1.61372e+08	2.51942e+08	2.28556e+08	2.17889e+08	2.1921e+08	2.19763e+08	2.41022e+08	1.40035e+08	1.41344e+08	1.61942e+08	1.78988e+08	1.62475e+08	1.38268e+08	1.31099e+08	1.41922e+08	1.33508e+08	1.34235e+08	1.23978e+08	1.23927e+08	1.59633e+08	1.69118e+08	1.72383e+08	1.63796e+08	1.64443e+08	1.66982e+08	2.12032e+08	2.11038e+08	2.12665e+08	1.99118e+08	1.30623e+08	2.14722e+08	1.62511e+08	1.77936e+08	1.63258e+08	1.66279e+08	1.62804e+08	1.16037e+08	1.61097e+08	1.66877e+08	1.57775e+08	1.55861e+08	1.66754e+08	1.62823e+08
ERR608402	1.87521e+08	1.52897e+08	1.88057e+08	1.6293e+08	1.74917e+08	1.87041e+08	2.45088e+08	1.80359e+08	2.4961e+08	2.45039e+08	2.25193e+08	3.33711e+08	2.36043e+08	2.1432e+08	1.32133e+08	1.35342e+08	2.13146e+08	1.28453e+08	1.91233e+08	1.51091e+08	1.46242e+08	1.47454e+08	1.92825e+08	1.9117e+08	2.18934e+08	2.18866e+08	2.80316e+08	2.8032e+08	2.8108e+08	2.16911e+08	1.62361e+08	1.75269e+08	1.67312e+08	2.08975e+08	2.07511e+08	1.90512e+08	2.20046e+08	2.36289e+08	1.8226e+08	1.75947e+08	1.69863e+08	1.79243e+08	2.0348e+08	2.406e+08	2.44533e+08	2.01685e+08	2.17861e+08	2.06492e+08	2.02653e+08	2.02249e+08	2.03277e+08	1.49137e+08	1.63724e+08	1.58647e+08	2.47763e+08	2.24656e+08	2.14229e+08	2.1565e+08	2.16119e+08	2.37053e+08	1.37538e+08	1.38907e+08	1.59419e+08	1.76013e+08	1.59958e+08	1.35968e+08	1.29028e+08	1.39629e+08	1.31304e+08	1.32026e+08	1.21902e+08	1.21954e+08	1.57243e+08	1.6639e+08	1.69618e+08	1.61245e+08	1.61867e+08	1.64384e+08	2.0888e+08	2.0782e+08	2.09466e+08	1.96267e+08	1.28721e+08	2.11542e+08	1.5989e+08	1.75063e+08	1.60578e+08	1.63641e+08	1.60083e+08	1.14117e+08	1.5858e+08	1.64167e+08	1.55365e+08	1.53489e+08	1.64141e+08	1.60324e+08
ERR613041	2.33821e+08	1.90265e+08	2.34154e+08	2.02897e+08	2.18316e+08	2.33255e+08	2.61732e+08	1.91597e+08	2.66899e+08	2.61708e+08	2.4049e+08	2.36043e+08	4.87343e+08	3.16568e+08	1.99555e+08	2.04045e+08	3.15622e+08	1.94342e+08	2.32115e+08	1.83635e+08	1.77707e+08	1.79083e+08	2.34157e+08	2.32252e+08	2.71712e+08	2.71454e+08	3.46975e+08	3.47303e+08	3.48048e+08	2.69358e+08	1.86515e+08	2.0153e+08	1.91947e+08	2.41419e+08	2.3969e+08	2.19659e+08	2.69977e+08	2.90239e+08	2.23042e+08	2.15236e+08	2.08925e+08	2.19483e+08	2.48476e+08	2.95419e+08	2.9982e+08	2.46239e+08	2.66052e+08	2.52543e+08	2.39204e+08	2.38539e+08	2.39969e+08	1.74776e+08	1.9216e+08	1.86424e+08	2.91429e+08	2.64359e+08	2.51633e+08	2.5315e+08	2.53542e+08	2.78435e+08	1.6778e+08	1.69162e+08	1.93746e+08	2.14095e+08	1.94606e+08	1.65717e+08	1.58892e+08	1.71749e+08	1.61406e+08	1.62826e+08	1.50052e+08	1.49851e+08	1.93326e+08	2.04533e+08	2.08705e+08	1.98291e+08	1.99261e+08	2.02414e+08	2.5063e+08	2.49268e+08	2.51315e+08	2.35368e+08	1.54493e+08	2.53713e+08	1.95094e+08	2.13302e+08	1.96073e+08	1.9963e+08	1.9525e+08	1.40156e+08	1.98392e+08	2.05531e+08	1.94433e+08	1.92291e+08	2.05276e+08	2.00504e+08
ERR613042	2.11671e+08	1.72382e+08	2.11924e+08	1.83808e+08	1.979e+08	2.11123e+08	2.37277e+08	1.74632e+08	2.41795e+08	2.37109e+08	2.18313e+08	2.1432e+08	3.16568e+08	4.14368e+08	1.83958e+08	1.88089e+08	2.88515e+08	1.79123e+08	2.08008e+08	1.65051e+08	1.59655e+08	1.6102e+08	2.09855e+08	2.08035e+08	2.47397e+08	2.4711e+08	3.15383e+08	3.15643e+08	3.16359e+08	2.45216e+08	1.6886e+08	1.81411e+08	1.72911e+08	2.172e+08	2.1577e+08	1.9826e+08	2.44641e+08	2.62557e+08	2.02251e+08	1.95179e+08	1.90042e+08	1.99006e+08	2.25642e+08	2.67762e+08	2.71408e+08	2.23455e+08	2.41216e+08	2.29251e+08	2.15332e+08	2.14627e+08	2.15859e+08	1.57198e+08	1.72932e+08	1.67793e+08	2.63864e+08	2.39985e+08	2.28362e+08	2.29979e+08	2.30171e+08	2.5218e+08	1.51061e+08	1.5235e+08	1.73901e+08	1.92106e+08	1.75052e+08	1.49184e+08	1.43026e+08	1.54332e+08	1.44794e+08	1.46325e+08	1.34525e+08	1.34321e+08	1.73769e+08	1.83776e+08	1.87398e+08	1.78245e+08	1.79373e+08	1.81925e+08	2.25406e+08	2.24174e+08	2.26103e+08	2.1178e+08	1.39623e+08	2.27728e+08	1.7522e+08	1.91272e+08	1.75924e+08	1.79358e+08	1.75307e+08	1.26449e+08	1.78798e+08	1.85339e+08	1.75165e+08	1.73519e+08	1.84828e+08	1.80777e+08
ERR613046	1.26929e+08	1.03955e+08	1.26961e+08	1.10694e+08	1.19106e+08	1.26506e+08	1.4582e+08	1.08915e+08	1.48232e+08	1.45548e+08	1.34834e+08	1.32133e+08	1.99555e+08	1.83958e+08	1.96155e+08	1.25943e+08	1.83649e+08	1.20682e+08	1.21719e+08	9.70355e+07	9.39961e+07	9.45398e+07	1.22859e+08	1.21752e+08	1.57174e+08	1.57057e+08	1.97013e+08	1.971e+08	1.97544e+08	1.55988e+08	1.01681e+08	1.08463e+08	1.03599e+08	1.29322e+08	1.28614e+08	1.1837e+08	1.47936e+08	1.58484e+08	1.2293e+08	1.18812e+08	1.16081e+08	1.21123e+08	1.38643e+08	1.63543e+08	1.65509e+08	1.37357e+08	1.47592e+08	1.40799e+08	1.26439e+08	1.26101e+08	1.26833e+08	9.26658e+07	1.01848e+08	9.89406e+07	1.57845e+08	1.44078e+08	1.3745e+08	1.38312e+08	1.3846e+08	1.51091e+08	8.87173e+07	8.94371e+07	1.01805e+08	1.12303e+08	1.02535e+08	8.77089e+07	8.50457e+07	9.17057e+07	8.58984e+07	8.70778e+07	7.99976e+07	7.97274e+07	1.02629e+08	1.08423e+08	1.10479e+08	1.0524e+08	1.05865e+08	1.07453e+08	1.32996e+08	1.32311e+08	1.33438e+08	1.25162e+08	8.36507e+07	1.34245e+08	1.03291e+08	1.12506e+08	1.03717e+08	1.05726e+08	1.0334e+08	7.52919e+07	1.0537e+08	1.08985e+08	1.03331e+08	1.02312e+08	1.08908e+08	1.06467e+08
ERR613045	1.30103e+08	1.06525e+08	1.30212e+08	1.13386e+08	1.22024e+08	1.29632e+08	1.49382e+08	1.11475e+08	1.51939e+08	1.49191e+08	1.3805e+08	1.35342e+08	2.04045e+08	1.88089e+08	1.25943e+08	2.02878e+08	1.87658e+08	1.23042e+08	1.24951e+08	9.94452e+07	9.63401e+07	9.69179e+07	1.25979e+08	1.24919e+08	1.60674e+08	1.60701e+08	2.01469e+08	2.01665e+08	2.02108e+08	1.59528e+08	1.04148e+08	1.11164e+08	1.06225e+08	1.32684e+08	1.31836e+08	1.21444e+08	1.51606e+08	1.62357e+08	1.25976e+08	1.21744e+08	1.18796e+08	1.24023e+08	1.4189e+08	1.67358e+08	1.69388e+08	1.40533e+08	1.51161e+08	1.44045e+08	1.29836e+08	1.29401e+08	1.30059e+08	9.50989e+07	1.04367e+08	1.0146e+08	1.62085e+08	1.4781e+08	1.40896e+08	1.41866e+08	1.41967e+08	1.55097e+08	9.11382e+07	9.18266e+07	1.04596e+08	1.15377e+08	1.05322e+08	9.00441e+07	8.70268e+07	9.389e+07	8.80084e+07	8.91778e+07	8.19344e+07	8.17085e+07	1.05196e+08	1.11123e+08	1.13164e+08	1.07833e+08	1.08558e+08	1.10055e+08	1.36526e+08	1.35743e+08	1.36983e+08	1.28512e+08	8.56914e+07	1.37798e+08	1.05824e+08	1.15295e+08	1.06285e+08	1.08312e+08	1.05847e+08	7.70881e+07	1.08051e+08	1.11802e+08	1.06006e+08	1.04876e+08	1.11695e+08	1.09228e+08
ERR613043	2.11311e+08	1.7199e+08	2.11609e+08	1.83545e+08	1.97741e+08	2.10801e+08	2.35918e+08	1.73667e+08	2.40322e+08	2.35819e+08	2.17016e+08	2.13146e+08	3.15622e+08	2.88515e+08	1.83649e+08	1.87658e+08	4.12408e+08	1.78787e+08	2.07079e+08	1.64239e+08	1.59113e+08	1.60315e+08	2.09133e+08	2.07161e+08	2.46537e+08	2.46339e+08	3.14282e+08	3.14593e+08	3.15467e+08	2.44564e+08	1.68707e+08	1.8107e+08	1.72596e+08	2.16716e+08	2.15173e+08	1.97715e+08	2.44217e+08	2.62183e+08	2.01963e+08	1.94906e+08	1.89882e+08	1.98742e+08	2.25018e+08	2.67131e+08	2.70771e+08	2.22997e+08	2.40564e+08	2.28754e+08	2.14491e+08	2.13875e+08	2.15119e+08	1.56563e+08	1.72127e+08	1.66997e+08	2.62835e+08	2.39034e+08	2.2775e+08	2.29206e+08	2.29408e+08	2.51429e+08	1.50622e+08	1.51973e+08	1.73327e+08	1.91463e+08	1.74448e+08	1.48826e+08	1.4246e+08	1.5376e+08	1.44263e+08	1.45796e+08	1.34065e+08	1.33747e+08	1.73441e+08	1.83438e+08	1.8683e+08	1.77696e+08	1.78976e+08	1.81428e+08	2.24489e+08	2.23356e+08	2.25255e+08	2.10971e+08	1.39212e+08	2.26913e+08	1.74649e+08	1.90695e+08	1.75465e+08	1.78852e+08	1.74921e+08	1.26166e+08	1.78083e+08	1.84542e+08	1.74675e+08	1.72911e+08	1.84194e+08	1.80059e+08
ERR613044	1.22661e+08	1.00483e+08	1.22846e+08	1.07025e+08	1.14925e+08	1.22388e+08	1.41688e+08	1.05759e+08	1.43974e+08	1.41527e+08	1.3096e+08	1.28453e+08	1.94342e+08	1.79123e+08	1.20682e+08	1.23042e+08	1.78787e+08	1.88019e+08	1.17724e+08	9.37652e+07	9.08959e+07	9.14817e+07	1.18835e+08	1.17782e+08	1.53083e+08	1.53022e+08	1.91485e+08	1.91533e+08	1.91996e+08	1.51957e+08	9.83856e+07	1.0524e+08	1.0044e+08	1.25402e+08	1.24626e+08	1.14694e+08	1.43185e+08	1.53441e+08	1.19152e+08	1.15267e+08	1.12339e+08	1.1733e+08	1.34634e+08	1.5876e+08	1.60707e+08	1.33268e+08	1.43354e+08	1.36636e+08	1.22425e+08	1.22142e+08	1.22712e+08	8.99282e+07	9.86317e+07	9.5855e+07	1.5278e+08	1.39369e+08	1.32833e+08	1.33759e+08	1.3392e+08	1.46348e+08	8.57787e+07	8.64582e+07	9.84444e+07	1.08522e+08	9.90789e+07	8.46899e+07	8.23249e+07	8.87988e+07	8.32488e+07	8.43489e+07	7.75805e+07	7.73583e+07	9.93924e+07	1.04967e+08	1.06959e+08	1.01901e+08	1.02393e+08	1.0402e+08	1.28853e+08	1.28221e+08	1.29213e+08	1.21275e+08	8.10246e+07	1.30085e+08	9.99421e+07	1.08933e+08	1.00296e+08	1.02295e+08	1.00031e+08	7.28582e+07	1.01984e+08	1.05478e+08	1.00002e+08	9.89629e+07	1.05375e+08	1.03042e+08
ERR607419	1.88407e+08	1.52025e+08	1.89429e+08	1.62482e+08	1.74896e+08	1.88225e+08	2.13628e+08	1.51812e+08	2.18534e+08	2.14167e+08	1.94201e+08	1.91233e+08	2.32115e+08	2.08008e+08	1.21719e+08	1.24951e+08	2.07079e+08	1.17724e+08	6.37192e+08	3.77897e+08	3.66508e+08	3.69549e+08	4.8119e+08	4.76432e+08	2.15668e+08	2.15073e+08	2.84068e+08	2.83713e+08	2.84751e+08	2.13269e+08	1.65911e+08	1.81525e+08	1.72915e+08	2.18204e+08	2.16811e+08	1.97686e+08	2.17062e+08	2.34957e+08	1.77158e+08	1.71046e+08	1.64426e+08	1.74521e+08	1.95036e+08	2.3624e+08	2.40814e+08	1.93427e+08	2.10748e+08	1.98535e+08	3.61902e+08	3.61586e+08	3.62796e+08	2.67751e+08	2.92992e+08	2.84354e+08	2.43558e+08	2.17875e+08	2.0671e+08	2.07941e+08	2.0831e+08	2.31253e+08	2.94634e+08	2.97936e+08	3.39709e+08	3.74057e+08	3.40467e+08	2.9146e+08	2.69217e+08	2.90355e+08	2.74585e+08	2.75175e+08	2.55631e+08	2.55289e+08	3.03354e+08	3.21292e+08	3.28074e+08	3.11525e+08	3.11801e+08	3.16959e+08	4.20588e+08	4.17486e+08	4.21401e+08	3.93719e+08	2.57326e+08	4.25737e+08	3.37617e+08	3.69044e+08	3.38997e+08	3.44831e+08	3.38135e+08	2.42588e+08	2.99958e+08	3.10203e+08	2.93534e+08	2.90241e+08	3.10156e+08	3.02187e+08
ERR607416	1.48578e+08	1.19955e+08	1.49402e+08	1.28308e+08	1.38225e+08	1.48448e+08	1.68606e+08	1.2057e+08	1.72299e+08	1.68925e+08	1.53565e+08	1.51091e+08	1.83635e+08	1.65051e+08	9.70355e+07	9.94452e+07	1.64239e+08	9.37652e+07	3.77897e+08	4.29315e+08	2.94384e+08	2.96405e+08	3.81631e+08	3.77479e+08	1.7079e+08	1.70383e+08	2.24811e+08	2.24656e+08	2.25404e+08	1.68809e+08	1.31829e+08	1.43495e+08	1.36651e+08	1.72194e+08	1.71128e+08	1.56461e+08	1.71619e+08	1.85564e+08	1.40154e+08	1.35322e+08	1.30536e+08	1.3802e+08	1.54315e+08	1.86531e+08	1.89885e+08	1.5294e+08	1.665e+08	1.57131e+08	2.88089e+08	2.87894e+08	2.88929e+08	2.14086e+08	2.33953e+08	2.27108e+08	1.92586e+08	1.72684e+08	1.63972e+08	1.64979e+08	1.65288e+08	1.83045e+08	2.34703e+08	2.37129e+08	2.69359e+08	2.96421e+08	2.70393e+08	2.32101e+08	2.15641e+08	2.31908e+08	2.19172e+08	2.20141e+08	2.04277e+08	2.04086e+08	2.42166e+08	2.56204e+08	2.61625e+08	2.48763e+08	2.49133e+08	2.53257e+08	3.33174e+08	3.3082e+08	3.33746e+08	3.12175e+08	2.05407e+08	3.36891e+08	2.69228e+08	2.93637e+08	2.70393e+08	2.75242e+08	2.69667e+08	1.95277e+08	2.38574e+08	2.46767e+08	2.33627e+08	2.31133e+08	2.46723e+08	2.40334e+08
ERR607415	1.43747e+08	1.16088e+08	1.44534e+08	1.24216e+08	1.33792e+08	1.43657e+08	1.63085e+08	1.16735e+08	1.66723e+08	1.63288e+08	1.4859e+08	1.46242e+08	1.77707e+08	1.59655e+08	9.39961e+07	9.63401e+07	1.59113e+08	9.08959e+07	3.66508e+08	2.94384e+08	4.08166e+08	2.8794e+08	3.70118e+08	3.6629e+08	1.65185e+08	1.64626e+08	2.17452e+08	2.17249e+08	2.18052e+08	1.63326e+08	1.27921e+08	1.38764e+08	1.32234e+08	1.66586e+08	1.65532e+08	1.51463e+08	1.66157e+08	1.79396e+08	1.35554e+08	1.30857e+08	1.26499e+08	1.33546e+08	1.49289e+08	1.80656e+08	1.83533e+08	1.47957e+08	1.61061e+08	1.51844e+08	2.79713e+08	2.79443e+08	2.80316e+08	2.07659e+08	2.26983e+08	2.20494e+08	1.86413e+08	1.67366e+08	1.58939e+08	1.59961e+08	1.60241e+08	1.77221e+08	2.27964e+08	2.30458e+08	2.6148e+08	2.87669e+08	2.62528e+08	2.25629e+08	2.09337e+08	2.25118e+08	2.1262e+08	2.13511e+08	1.98042e+08	1.97905e+08	2.34982e+08	2.48662e+08	2.53895e+08	2.41311e+08	2.4198e+08	2.45772e+08	3.23408e+08	3.20887e+08	3.2391e+08	3.03022e+08	1.9968e+08	3.26774e+08	2.61441e+08	2.85016e+08	2.62463e+08	2.67209e+08	2.61736e+08	1.8992e+08	2.315e+08	2.39462e+08	2.269e+08	2.24516e+08	2.39255e+08	2.33328e+08
ERR607417	1.44779e+08	1.1695e+08	1.45576e+08	1.25039e+08	1.34642e+08	1.44755e+08	1.64626e+08	1.17491e+08	1.68238e+08	1.64837e+08	1.49908e+08	1.47454e+08	1.79083e+08	1.6102e+08	9.45398e+07	9.69179e+07	1.60315e+08	9.14817e+07	3.69549e+08	2.96405e+08	2.8794e+08	4.13416e+08	3.7318e+08	3.69317e+08	1.66761e+08	1.6632e+08	2.19395e+08	2.19319e+08	2.20096e+08	1.64875e+08	1.28633e+08	1.40059e+08	1.33408e+08	1.6812e+08	1.66991e+08	1.5257e+08	1.67287e+08	1.80888e+08	1.36569e+08	1.31934e+08	1.27109e+08	1.34498e+08	1.50454e+08	1.82003e+08	1.85222e+08	1.49132e+08	1.62488e+08	1.53134e+08	2.81558e+08	2.81251e+08	2.82186e+08	2.0922e+08	2.28505e+08	2.21916e+08	1.87988e+08	1.68404e+08	1.59909e+08	1.60934e+08	1.61227e+08	1.78587e+08	2.29292e+08	2.31704e+08	2.63458e+08	2.89738e+08	2.64164e+08	2.26867e+08	2.10758e+08	2.26744e+08	2.14281e+08	2.15195e+08	1.99721e+08	1.99478e+08	2.36867e+08	2.50781e+08	2.55897e+08	2.43182e+08	2.43722e+08	2.47573e+08	3.25359e+08	3.2313e+08	3.2616e+08	3.05004e+08	2.0043e+08	3.29104e+08	2.6316e+08	2.87041e+08	2.64265e+08	2.68906e+08	2.63588e+08	1.907e+08	2.33301e+08	2.41245e+08	2.28569e+08	2.26078e+08	2.41145e+08	2.34989e+08
ERR607418	1.90298e+08	1.53495e+08	1.91208e+08	1.64066e+08	1.76546e+08	1.90095e+08	2.15659e+08	1.53242e+08	2.20401e+08	2.16068e+08	1.95839e+08	1.92825e+08	2.34157e+08	2.09855e+08	1.22859e+08	1.25979e+08	2.09133e+08	1.18835e+08	4.8119e+08	3.81631e+08	3.70118e+08	3.7318e+08	6.4787e+08	4.81018e+08	2.17695e+08	2.16945e+08	2.86554e+08	2.86212e+08	2.87355e+08	2.15101e+08	1.67444e+08	1.83102e+08	1.74408e+08	2.20087e+08	2.18825e+08	1.99367e+08	2.19086e+08	2.36988e+08	1.78723e+08	1.72744e+08	1.66056e+08	1.76098e+08	1.96824e+08	2.38336e+08	2.4279e+08	1.95136e+08	2.12661e+08	2.00224e+08	3.65476e+08	3.65039e+08	3.66359e+08	2.70331e+08	2.95779e+08	2.87076e+08	2.45711e+08	2.1986e+08	2.08715e+08	2.09877e+08	2.10288e+08	2.33244e+08	2.97397e+08	3.00477e+08	3.42667e+08	3.77311e+08	3.43456e+08	2.94044e+08	2.71751e+08	2.93224e+08	2.77052e+08	2.77934e+08	2.581e+08	2.57754e+08	3.0624e+08	3.24473e+08	3.3146e+08	3.14551e+08	3.15022e+08	3.20317e+08	4.24856e+08	4.21674e+08	4.25709e+08	3.9781e+08	2.59984e+08	4.30154e+08	3.40682e+08	3.72349e+08	3.4192e+08	3.48197e+08	3.41244e+08	2.44952e+08	3.02662e+08	3.12964e+08	2.96328e+08	2.92789e+08	3.13273e+08	3.05012e+08
ERR607420	1.88631e+08	1.52177e+08	1.89583e+08	1.62722e+08	1.75054e+08	1.88529e+08	2.13568e+08	1.51875e+08	2.18502e+08	2.14186e+08	1.94272e+08	1.9117e+08	2.32252e+08	2.08035e+08	1.21752e+08	1.24919e+08	2.07161e+08	1.17782e+08	4.76432e+08	3.77479e+08	3.6629e+08	3.69317e+08	4.81018e+08	6.36733e+08	2.15813e+08	2.15176e+08	2.84157e+08	2.83964e+08	2.84947e+08	2.13464e+08	1.66038e+08	1.8158e+08	1.72981e+08	2.18188e+08	2.16916e+08	1.97778e+08	2.17224e+08	2.3495e+08	1.77236e+08	1.71133e+08	1.6455e+08	1.74577e+08	1.95049e+08	2.36343e+08	2.40757e+08	1.93439e+08	2.10743e+08	1.98642e+08	3.62428e+08	3.62041e+08	3.63296e+08	2.6825e+08	2.93381e+08	2.84746e+08	2.43702e+08	2.18052e+08	2.06939e+08	2.08062e+08	2.08437e+08	2.31411e+08	2.94621e+08	2.97855e+08	3.3971e+08	3.73883e+08	3.40236e+08	2.9132e+08	2.69189e+08	2.903e+08	2.7453e+08	2.75057e+08	2.55387e+08	2.55334e+08	3.03592e+08	3.2152e+08	3.28193e+08	3.11622e+08	3.12082e+08	3.17194e+08	4.20666e+08	4.17633e+08	4.21377e+08	3.9379e+08	2.57373e+08	4.25709e+08	3.3733e+08	3.68907e+08	3.3902e+08	3.44931e+08	3.3814e+08	2.42637e+08	3.00288e+08	3.10482e+08	2.93875e+08	2.90579e+08	3.10805e+08	3.02585e+08
ERR613543	2.09113e+08	1.7039e+08	2.09568e+08	1.81526e+08	1.94779e+08	2.08708e+08	2.42164e+08	1.77642e+08	2.4705e+08	2.42591e+08	2.22974e+08	2.18934e+08	2.71712e+08	2.47397e+08	1.57174e+08	1.60674e+08	2.46537e+08	1.53083e+08	2.15668e+08	1.7079e+08	1.65185e+08	1.66761e+08	2.17695e+08	2.15813e+08	4.07299e+08	2.83815e+08	3.59414e+08	3.59549e+08	3.60602e+08	2.81551e+08	1.72692e+08	1.86685e+08	1.78395e+08	2.2292e+08	2.21319e+08	2.0293e+08	2.39929e+08	2.57933e+08	1.98908e+08	1.92175e+08	1.84827e+08	1.9563e+08	2.23219e+08	2.64799e+08	2.6927e+08	2.21342e+08	2.39269e+08	2.26871e+08	2.27602e+08	2.27066e+08	2.28265e+08	1.67741e+08	1.83907e+08	1.78479e+08	2.64893e+08	2.39562e+08	2.28521e+08	2.29865e+08	2.30373e+08	2.53324e+08	1.57848e+08	1.59385e+08	1.82773e+08	2.01685e+08	1.83108e+08	1.55919e+08	1.46202e+08	1.58147e+08	1.49099e+08	1.49849e+08	1.3867e+08	1.384e+08	1.80856e+08	1.91182e+08	1.94853e+08	1.85267e+08	1.85824e+08	1.88904e+08	2.35252e+08	2.34167e+08	2.35963e+08	2.20895e+08	1.44731e+08	2.38191e+08	1.82879e+08	2.00036e+08	1.83677e+08	1.86962e+08	1.83213e+08	1.3106e+08	1.86338e+08	1.92354e+08	1.82181e+08	1.79971e+08	1.92697e+08	1.88269e+08
ERR613542	2.08999e+08	1.70309e+08	2.09482e+08	1.81538e+08	1.94783e+08	2.08595e+08	2.42189e+08	1.77762e+08	2.46961e+08	2.42589e+08	2.23043e+08	2.18866e+08	2.71454e+08	2.4711e+08	1.57057e+08	1.60701e+08	2.46339e+08	1.53022e+08	2.15073e+08	1.70383e+08	1.64626e+08	1.6632e+08	2.16945e+08	2.15176e+08	2.83815e+08	4.06636e+08	3.59075e+08	3.59015e+08	3.60111e+08	2.81099e+08	1.72529e+08	1.86565e+08	1.78098e+08	2.22594e+08	2.20994e+08	2.02718e+08	2.39768e+08	2.57927e+08	1.98734e+08	1.91918e+08	1.84844e+08	1.95388e+08	2.23319e+08	2.64847e+08	2.69187e+08	2.2139e+08	2.39395e+08	2.26995e+08	2.27436e+08	2.2697e+08	2.2814e+08	1.67616e+08	1.83729e+08	1.78348e+08	2.64814e+08	2.39626e+08	2.28513e+08	2.29971e+08	2.30402e+08	2.53334e+08	1.57385e+08	1.58863e+08	1.82105e+08	2.00958e+08	1.82556e+08	1.55489e+08	1.45826e+08	1.57727e+08	1.48508e+08	1.49438e+08	1.38241e+08	1.37947e+08	1.80366e+08	1.90716e+08	1.9436e+08	1.84755e+08	1.85443e+08	1.88449e+08	2.34416e+08	2.33403e+08	2.35185e+08	2.20106e+08	1.44281e+08	2.37463e+08	1.82399e+08	1.99554e+08	1.83279e+08	1.8646e+08	1.82659e+08	1.3073e+08	1.85722e+08	1.91985e+08	1.81781e+08	1.79605e+08	1.92185e+08	1.87635e+08
ERR613541	2.73267e+08	2.22119e+08	2.73828e+08	2.37044e+08	2.54828e+08	2.72468e+08	3.10598e+08	2.27346e+08	3.16895e+08	3.10934e+08	2.85723e+08	2.80316e+08	3.46975e+08	3.15383e+08	1.97013e+08	2.01469e+08	3.14282e+08	1.91485e+08	2.84068e+08	2.24811e+08	2.17452e+08	2.19395e+08	2.86554e+08	2.84157e+08	3.59414e+08	3.59075e+08	6.31496e+08	4.62053e+08	4.63289e+08	3.56077e+08	2.2413e+08	2.41589e+08	2.30488e+08	2.89104e+08	2.87107e+08	2.63428e+08	3.12184e+08	3.35841e+08	2.58026e+08	2.49114e+08	2.40704e+08	2.53758e+08	2.88172e+08	3.42733e+08	3.48048e+08	2.85582e+08	3.08868e+08	2.92764e+08	2.98312e+08	2.97592e+08	2.99319e+08	2.18617e+08	2.4009e+08	2.32916e+08	3.44085e+08	3.1157e+08	2.96918e+08	2.98738e+08	2.9944e+08	3.28936e+08	2.085e+08	2.10451e+08	2.4068e+08	2.6602e+08	2.4179e+08	2.05961e+08	1.91845e+08	2.07379e+08	1.94954e+08	1.96322e+08	1.81152e+08	1.80769e+08	2.37364e+08	2.50878e+08	2.55698e+08	2.43159e+08	2.44325e+08	2.47975e+08	3.08955e+08	3.07362e+08	3.09909e+08	2.89815e+08	1.89902e+08	3.1237e+08	2.4056e+08	2.63204e+08	2.41725e+08	2.46194e+08	2.41088e+08	1.7264e+08	2.443e+08	2.52698e+08	2.39145e+08	2.36274e+08	2.52549e+08	2.46728e+08
ERR613540	2.73555e+08	2.22347e+08	2.74121e+08	2.37276e+08	2.55119e+08	2.72883e+08	3.10557e+08	2.27199e+08	3.16918e+08	3.11036e+08	2.85686e+08	2.8032e+08	3.47303e+08	3.15643e+08	1.971e+08	2.01665e+08	3.14593e+08	1.91533e+08	2.83713e+08	2.24656e+08	2.17249e+08	2.19319e+08	2.86212e+08	2.83964e+08	3.59549e+08	3.59015e+08	4.62053e+08	6.31911e+08	4.63354e+08	3.56089e+08	2.24123e+08	2.41523e+08	2.30407e+08	2.89065e+08	2.86965e+08	2.63383e+08	3.12426e+08	3.36222e+08	2.58362e+08	2.49309e+08	2.41079e+08	2.53998e+08	2.8847e+08	3.43005e+08	3.48464e+08	2.85841e+08	3.09282e+08	2.93143e+08	2.98363e+08	2.97542e+08	2.99108e+08	2.18736e+08	2.40115e+08	2.33053e+08	3.44252e+08	3.11764e+08	2.9703e+08	2.98807e+08	2.99495e+08	3.29031e+08	2.08388e+08	2.10274e+08	2.40457e+08	2.65692e+08	2.4153e+08	2.0573e+08	1.917e+08	2.07306e+08	1.94848e+08	1.96214e+08	1.81003e+08	1.80678e+08	2.372e+08	2.50792e+08	2.55732e+08	2.43146e+08	2.44251e+08	2.47952e+08	3.08411e+08	3.06878e+08	3.09345e+08	2.89418e+08	1.89673e+08	3.11867e+08	2.40308e+08	2.62954e+08	2.41341e+08	2.45871e+08	2.40674e+08	1.72416e+08	2.44215e+08	2.5288e+08	2.38995e+08	2.36281e+08	2.52661e+08	2.46712e+08
ERR613539	2.74261e+08	2.23018e+08	2.75023e+08	2.37891e+08	2.55862e+08	2.73515e+08	3.114e+08	2.2786e+08	3.17727e+08	3.11726e+08	2.86425e+08	2.8108e+08	3.48048e+08	3.16359e+08	1.97544e+08	2.02108e+08	3.15467e+08	1.91996e+08	2.84751e+08	2.25404e+08	2.18052e+08	2.20096e+08	2.87355e+08	2.84947e+08	3.60602e+08	3.60111e+08	4.63289e+08	4.63354e+08	6.35216e+08	3.57018e+08	2.2508e+08	2.42415e+08	2.31204e+08	2.89992e+08	2.88184e+08	2.64447e+08	3.13374e+08	3.36936e+08	2.58879e+08	2.49942e+08	2.41674e+08	2.54576e+08	2.89149e+08	3.4395e+08	3.49228e+08	2.86594e+08	3.1001e+08	2.93934e+08	2.99084e+08	2.98364e+08	2.99829e+08	2.19255e+08	2.40637e+08	2.33452e+08	3.4535e+08	3.12602e+08	2.98097e+08	2.99832e+08	3.00631e+08	3.29958e+08	2.09188e+08	2.11063e+08	2.41235e+08	2.66702e+08	2.42393e+08	2.06444e+08	1.92377e+08	2.07924e+08	1.95506e+08	1.96784e+08	1.81437e+08	1.81371e+08	2.38065e+08	2.51558e+08	2.56448e+08	2.43905e+08	2.4501e+08	2.48799e+08	3.09573e+08	3.08132e+08	3.10695e+08	2.90624e+08	1.90523e+08	3.1314e+08	2.41297e+08	2.63952e+08	2.42338e+08	2.46902e+08	2.41679e+08	1.73186e+08	2.45059e+08	2.53587e+08	2.39763e+08	2.37096e+08	2.53293e+08	2.47557e+08
ERR613544	2.07041e+08	1.68677e+08	2.07451e+08	1.79705e+08	1.92919e+08	2.06516e+08	2.39933e+08	1.76135e+08	2.44827e+08	2.40324e+08	2.2106e+08	2.16911e+08	2.69358e+08	2.45216e+08	1.55988e+08	1.59528e+08	2.44564e+08	1.51957e+08	2.13269e+08	1.68809e+08	1.63326e+08	1.64875e+08	2.15101e+08	2.13464e+08	2.81551e+08	2.81099e+08	3.56077e+08	3.56089e+08	3.57018e+08	4.00905e+08	1.71133e+08	1.85063e+08	1.76566e+08	2.20828e+08	2.19184e+08	2.0108e+08	2.37655e+08	2.55632e+08	1.97087e+08	1.90306e+08	1.83217e+08	1.93786e+08	2.21399e+08	2.62504e+08	2.66875e+08	2.1936e+08	2.3726e+08	2.24969e+08	2.25436e+08	2.24958e+08	2.26035e+08	1.66151e+08	1.82121e+08	1.76757e+08	2.6232e+08	2.37156e+08	2.26309e+08	2.27786e+08	2.28143e+08	2.50904e+08	1.56136e+08	1.57623e+08	1.80583e+08	1.99281e+08	1.80984e+08	1.54249e+08	1.44746e+08	1.56538e+08	1.47453e+08	1.48254e+08	1.37169e+08	1.36953e+08	1.79028e+08	1.89209e+08	1.92912e+08	1.83299e+08	1.83886e+08	1.86922e+08	2.32707e+08	2.31549e+08	2.33427e+08	2.18459e+08	1.43282e+08	2.35708e+08	1.80841e+08	1.97972e+08	1.8164e+08	1.84869e+08	1.81199e+08	1.29637e+08	1.84111e+08	1.90446e+08	1.80203e+08	1.77982e+08	1.90495e+08	1.86105e+08
ERR617232	1.65381e+08	1.34891e+08	1.65612e+08	1.43903e+08	1.54736e+08	1.6484e+08	1.79368e+08	1.32205e+08	1.83077e+08	1.796e+08	1.65078e+08	1.62361e+08	1.86515e+08	1.6886e+08	1.01681e+08	1.04148e+08	1.68707e+08	9.83856e+07	1.65911e+08	1.31829e+08	1.27921e+08	1.28633e+08	1.67444e+08	1.66038e+08	1.72692e+08	1.72529e+08	2.2413e+08	2.24123e+08	2.2508e+08	1.71133e+08	2.6738e+08	1.79789e+08	1.72077e+08	2.13235e+08	2.11932e+08	1.95978e+08	1.99081e+08	2.13138e+08	1.6535e+08	1.59865e+08	1.55768e+08	1.62827e+08	1.73626e+08	2.0647e+08	2.09038e+08	1.72266e+08	1.86041e+08	1.76388e+08	1.74666e+08	1.74307e+08	1.75138e+08	1.28497e+08	1.40771e+08	1.36669e+08	2.1892e+08	1.99151e+08	1.90407e+08	1.91352e+08	1.92055e+08	2.0919e+08	1.21433e+08	1.22453e+08	1.38981e+08	1.5369e+08	1.4018e+08	1.20022e+08	1.13366e+08	1.22169e+08	1.14639e+08	1.15724e+08	1.0655e+08	1.06515e+08	1.36873e+08	1.4458e+08	1.47493e+08	1.40387e+08	1.41456e+08	1.4332e+08	1.81031e+08	1.79954e+08	1.81597e+08	1.70033e+08	1.12486e+08	1.82593e+08	1.39036e+08	1.51586e+08	1.39551e+08	1.42289e+08	1.39147e+08	1.00796e+08	1.38256e+08	1.43161e+08	1.3567e+08	1.34152e+08	1.4295e+08	1.39733e+08
ERR617231	1.7683e+08	1.44282e+08	1.77433e+08	1.53604e+08	1.64758e+08	1.76561e+08	1.94017e+08	1.40952e+08	1.9825e+08	1.94493e+08	1.78017e+08	1.75269e+08	2.0153e+08	1.81411e+08	1.08463e+08	1.11164e+08	1.8107e+08	1.0524e+08	1.81525e+08	1.43495e+08	1.38764e+08	1.40059e+08	1.83102e+08	1.8158e+08	1.86685e+08	1.86565e+08	2.41589e+08	2.41523e+08	2.42415e+08	1.85063e+08	1.79789e+08	3.01995e+08	1.86466e+08	2.31393e+08	2.29803e+08	2.10941e+08	2.13356e+08	2.29473e+08	1.77517e+08	1.71445e+08	1.64815e+08	1.74563e+08	1.86936e+08	2.22712e+08	2.26711e+08	1.85425e+08	2.00911e+08	1.89936e+08	1.89163e+08	1.88854e+08	1.89625e+08	1.39902e+08	1.5306e+08	1.48473e+08	2.34582e+08	2.11916e+08	2.0208e+08	2.0296e+08	2.03639e+08	2.24077e+08	1.30794e+08	1.31954e+08	1.51659e+08	1.67304e+08	1.51924e+08	1.29157e+08	1.23054e+08	1.33192e+08	1.25626e+08	1.25897e+08	1.16783e+08	1.16719e+08	1.48625e+08	1.5727e+08	1.60362e+08	1.52359e+08	1.52966e+08	1.5534e+08	1.9717e+08	1.9626e+08	1.97751e+08	1.85113e+08	1.2072e+08	1.99834e+08	1.50952e+08	1.65239e+08	1.51779e+08	1.54371e+08	1.51209e+08	1.07916e+08	1.50019e+08	1.55128e+08	1.46957e+08	1.45024e+08	1.55273e+08	1.51579e+08
ERR617230	1.68603e+08	1.37665e+08	1.69192e+08	1.4653e+08	1.57175e+08	1.68412e+08	1.8511e+08	1.34744e+08	1.89345e+08	1.85876e+08	1.69963e+08	1.67312e+08	1.91947e+08	1.72911e+08	1.03599e+08	1.06225e+08	1.72596e+08	1.0044e+08	1.72915e+08	1.36651e+08	1.32234e+08	1.33408e+08	1.74408e+08	1.72981e+08	1.78395e+08	1.78098e+08	2.30488e+08	2.30407e+08	2.31204e+08	1.76566e+08	1.72077e+08	1.86466e+08	2.80468e+08	2.21277e+08	2.1978e+08	2.01762e+08	2.03825e+08	2.19175e+08	1.69605e+08	1.6386e+08	1.57457e+08	1.66991e+08	1.78188e+08	2.12203e+08	2.16044e+08	1.76856e+08	1.9161e+08	1.81065e+08	1.79881e+08	1.79772e+08	1.80495e+08	1.33066e+08	1.45704e+08	1.4126e+08	2.24052e+08	2.02323e+08	1.92985e+08	1.93834e+08	1.94533e+08	2.13943e+08	1.24551e+08	1.25763e+08	1.44408e+08	1.59296e+08	1.44873e+08	1.2309e+08	1.17174e+08	1.26674e+08	1.19649e+08	1.19946e+08	1.11229e+08	1.11227e+08	1.41599e+08	1.49813e+08	1.52793e+08	1.45254e+08	1.45745e+08	1.47922e+08	1.8787e+08	1.86758e+08	1.88334e+08	1.76216e+08	1.1496e+08	1.90146e+08	1.43756e+08	1.57257e+08	1.44399e+08	1.47093e+08	1.44005e+08	1.02834e+08	1.42863e+08	1.47673e+08	1.39918e+08	1.37971e+08	1.47829e+08	1.44313e+08
