	ERR617660	ERR617657	ERR617656	ERR617659	ERR617658	ERR617655	ERR609045	ERR609050	ERR609049	ERR609047	ERR609048	ERR609046	ERR613974	ERR613977	ERR613972	ERR613975	ERR613973	ERR613976	ERR608936	ERR608932	ERR608935	ERR608934	ERR608931	ERR608933	ERR612225	ERR612224	ERR612221	ERR612223	ERR612226	ERR612222	ERR618587	ERR618589	ERR618588	ERR618586	ERR618590	ERR618585	ERR608806	ERR608810	ERR608807	ERR608808	ERR608809	ERR608805	ERR613454	ERR613449	ERR613451	ERR613450	ERR613453	ERR613452	ERR618617	ERR618620	ERR618615	ERR618616	ERR618618	ERR618619	ERR609253	ERR609257	ERR609258	ERR609255	ERR609256	ERR609254	ERR611301	ERR611302	ERR611300	ERR611299	ERR611297	ERR611298	ERR616833	ERR616831	ERR616832	ERR616829	ERR616830	ERR616834	ERR617033	ERR617037	ERR617038	ERR617036	ERR617034	ERR617035	ERR617439	ERR617441	ERR617440	ERR617444	ERR617443	ERR617442	ERR614999	ERR614998	ERR614996	ERR614995	ERR614994	ERR614997	ERR630147	ERR630150	ERR630146	ERR630148	ERR630149	ERR630151
ERR617660	0	0.320888	0.437072	0.262905	0.262717	0.269613	0.440236	0.355861	0.356653	0.350013	0.352671	0.357943	0.381609	0.352887	0.354074	0.360528	0.361633	0.361431	0.378455	0.371566	0.378358	0.377565	0.404424	0.369636	0.445635	0.416382	0.388089	0.390876	0.419064	0.392788	0.336361	0.336268	0.338947	0.334954	0.336665	0.340952	0.338326	0.37432	0.336298	0.373602	0.371948	0.339536	0.364562	0.360601	0.360976	0.360896	0.363489	0.363302	0.445144	0.460638	0.441082	0.447323	0.450763	0.461099	0.498881	0.497682	0.497888	0.493405	0.511265	0.49714	0.444704	0.444564	0.444438	0.435282	0.434517	0.436521	0.472551	0.455014	0.473174	0.460996	0.458235	0.470497	0.545813	0.560495	0.559268	0.55803	0.544656	0.543733	0.479133	0.482234	0.482763	0.474309	0.476484	0.476706	0.4296	0.428527	0.436545	0.432932	0.435178	0.428748	0.4522	0.460909	0.451375	0.451769	0.487442	0.460939
ERR617657	0.320888	0	0.371272	0.324983	0.325577	0.32	0.412702	0.397939	0.397059	0.405453	0.396891	0.3942	0.393822	0.404602	0.403685	0.390346	0.394736	0.391334	0.407202	0.431796	0.409632	0.411344	0.429332	0.438065	0.455082	0.450528	0.452157	0.449529	0.450317	0.451159	0.403625	0.388437	0.402823	0.399754	0.388493	0.414115	0.413138	0.402381	0.412189	0.402607	0.403765	0.408873	0.404178	0.425843	0.425442	0.425548	0.403885	0.406028	0.445485	0.446627	0.449328	0.444831	0.447331	0.446844	0.521932	0.524718	0.523542	0.510763	0.51306	0.519297	0.448959	0.448102	0.44859	0.475342	0.46924	0.464444	0.50902	0.507996	0.508422	0.507544	0.504288	0.507281	0.538992	0.544642	0.544441	0.543794	0.54125	0.543619	0.48115	0.488571	0.48741	0.487214	0.498228	0.496835	0.472619	0.468193	0.450701	0.453194	0.451157	0.469256	0.479303	0.474747	0.494013	0.487239	0.473341	0.474458
ERR617656	0.437072	0.371272	0	0.440955	0.442234	0.446954	0.410684	0.477563	0.475433	0.496384	0.481737	0.470158	0.461922	0.500117	0.499477	0.483019	0.483565	0.48355	0.484986	0.518507	0.488707	0.49121	0.47942	0.531103	0.504206	0.518558	0.541394	0.532423	0.517066	0.532476	0.509378	0.500593	0.514343	0.504238	0.500751	0.521445	0.518465	0.487386	0.515321	0.489	0.490038	0.509408	0.485358	0.510952	0.510525	0.510586	0.485827	0.487977	0.522437	0.522856	0.531351	0.518877	0.528492	0.523085	0.611272	0.612203	0.610265	0.592006	0.596451	0.606859	0.523384	0.522162	0.522906	0.564881	0.555026	0.55139	0.563907	0.583797	0.5624	0.575532	0.576007	0.56348	0.6038	0.590297	0.588239	0.591466	0.613536	0.619062	0.558878	0.574392	0.571906	0.571901	0.590104	0.588362	0.558175	0.552835	0.528284	0.529672	0.524423	0.554987	0.553462	0.532444	0.576017	0.566627	0.511355	0.531602
ERR617659	0.262905	0.324983	0.440955	0	0.262324	0.26996	0.443127	0.355995	0.357	0.349297	0.352557	0.358442	0.382768	0.352241	0.353738	0.36134	0.362027	0.36208	0.379054	0.370401	0.37856	0.377741	0.404658	0.367872	0.446721	0.416281	0.386618	0.389756	0.419242	0.391411	0.335294	0.335806	0.337716	0.333956	0.336657	0.338826	0.337128	0.375399	0.334933	0.37482	0.37295	0.338667	0.364489	0.358922	0.359606	0.35945	0.363293	0.362982	0.447625	0.463504	0.442958	0.44965	0.453092	0.463886	0.499495	0.498054	0.498188	0.494253	0.513122	0.497654	0.447087	0.446906	0.446676	0.435916	0.435404	0.4379	0.473245	0.454419	0.473605	0.460653	0.458236	0.47094	0.548395	0.563299	0.562142	0.560872	0.546794	0.545858	0.481382	0.484213	0.484863	0.476166	0.477692	0.477905	0.429414	0.428696	0.438167	0.434029	0.436571	0.42892	0.452742	0.462014	0.450886	0.451732	0.489697	0.462085
ERR617658	0.262717	0.325577	0.442234	0.262324	0	0.269489	0.444488	0.356557	0.357579	0.349485	0.352922	0.359062	0.383616	0.352352	0.353864	0.361444	0.362485	0.362233	0.379726	0.370748	0.37938	0.378454	0.406153	0.367824	0.447331	0.416805	0.386496	0.389878	0.419641	0.391623	0.334555	0.334817	0.336734	0.333481	0.335845	0.338137	0.336429	0.375729	0.334136	0.375051	0.373168	0.338226	0.365164	0.359281	0.359921	0.359844	0.363999	0.36361	0.446609	0.462385	0.441904	0.44863	0.451872	0.462745	0.497312	0.49604	0.496133	0.492457	0.511126	0.495774	0.446306	0.446288	0.445906	0.434855	0.434607	0.436737	0.472861	0.45359	0.473414	0.460195	0.457636	0.470788	0.546577	0.561875	0.560663	0.559379	0.544962	0.543823	0.47965	0.482235	0.482924	0.474308	0.47569	0.475921	0.428356	0.427608	0.437099	0.433174	0.435707	0.427776	0.451623	0.461346	0.449688	0.450428	0.489192	0.461392
ERR617655	0.269613	0.32	0.446954	0.26996	0.269489	0	0.456403	0.37034	0.371349	0.360539	0.36454	0.372296	0.392615	0.358678	0.359283	0.364064	0.368357	0.365175	0.387312	0.381392	0.386805	0.38631	0.42166	0.376279	0.457656	0.42844	0.396712	0.401901	0.430911	0.404893	0.338246	0.331264	0.335413	0.338646	0.331914	0.342167	0.341141	0.37976	0.341178	0.378802	0.377812	0.345223	0.37655	0.375038	0.375527	0.375321	0.375135	0.375416	0.4451	0.456733	0.440481	0.448366	0.447318	0.457186	0.491368	0.492213	0.492495	0.489742	0.502581	0.491114	0.446605	0.446325	0.446261	0.435442	0.436583	0.436538	0.487716	0.464713	0.488492	0.473188	0.468455	0.485291	0.540207	0.558452	0.55829	0.555896	0.536092	0.534741	0.474754	0.474266	0.475048	0.46877	0.467692	0.468007	0.433979	0.433293	0.440037	0.438117	0.440879	0.433116	0.458484	0.470854	0.456478	0.456666	0.496192	0.47108
ERR609045	0.440236	0.412702	0.410684	0.443127	0.444488	0.456403	0	0.347066	0.344174	0.372483	0.353896	0.336662	0.366827	0.416526	0.415482	0.399751	0.395349	0.400191	0.387489	0.424972	0.390739	0.392935	0.364131	0.445459	0.385913	0.407235	0.455823	0.440313	0.405119	0.439822	0.458867	0.460534	0.470388	0.452304	0.461243	0.470053	0.447341	0.390729	0.443365	0.392892	0.393772	0.432055	0.386483	0.418353	0.417288	0.417232	0.387581	0.39007	0.510401	0.521673	0.516816	0.506934	0.521847	0.522547	0.633532	0.632122	0.63088	0.616016	0.629465	0.629294	0.465005	0.464459	0.464835	0.502722	0.490856	0.49099	0.461862	0.499728	0.459731	0.483585	0.484896	0.462191	0.658903	0.654262	0.651537	0.654706	0.666416	0.670126	0.577649	0.592577	0.591118	0.58597	0.600338	0.599438	0.523041	0.51944	0.505102	0.50205	0.498369	0.521732	0.52334	0.50188	0.541944	0.534808	0.495335	0.500879
ERR609050	0.355861	0.397939	0.477563	0.355995	0.356557	0.37034	0.347066	0	0.245686	0.251066	0.247158	0.249067	0.31314	0.308078	0.309245	0.311582	0.306218	0.312023	0.314581	0.318028	0.313912	0.312945	0.319237	0.33005	0.353777	0.331628	0.345538	0.33763	0.333554	0.3378	0.351939	0.362422	0.36305	0.346507	0.363666	0.355746	0.32138	0.305721	0.318051	0.306033	0.304731	0.310483	0.296917	0.305992	0.30551	0.305219	0.296553	0.297327	0.474864	0.494871	0.471884	0.474528	0.485192	0.495707	0.573018	0.570645	0.570545	0.564541	0.583279	0.570505	0.423129	0.423522	0.422898	0.417902	0.412749	0.418672	0.399889	0.409306	0.39948	0.402517	0.401759	0.398658	0.622911	0.631836	0.629948	0.63034	0.625192	0.625732	0.537552	0.544801	0.545564	0.53609	0.541244	0.541084	0.448313	0.447713	0.458151	0.451487	0.453743	0.448942	0.467955	0.46942	0.468094	0.468395	0.496739	0.469314
ERR609049	0.356653	0.397059	0.475433	0.357	0.357579	0.371349	0.344174	0.245686	0	0.252667	0.247754	0.248766	0.311876	0.309017	0.310052	0.311694	0.30624	0.312277	0.314663	0.319803	0.314059	0.31346	0.318654	0.332301	0.3522	0.331669	0.34713	0.338878	0.333431	0.338816	0.353392	0.363842	0.36478	0.348273	0.364911	0.358011	0.323255	0.305698	0.319858	0.305995	0.304497	0.312024	0.296642	0.306832	0.306469	0.306157	0.296237	0.297065	0.474089	0.49397	0.471413	0.473441	0.484545	0.494842	0.573714	0.57123	0.571031	0.564882	0.583479	0.571113	0.422142	0.422375	0.421874	0.41836	0.412884	0.418454	0.399233	0.409847	0.398637	0.402607	0.402104	0.397997	0.622911	0.631214	0.629367	0.62982	0.625364	0.626035	0.537239	0.544751	0.545443	0.536117	0.541531	0.541466	0.448981	0.448192	0.457712	0.451099	0.453234	0.449495	0.467448	0.467988	0.468177	0.468375	0.494743	0.468061
ERR609047	0.350013	0.405453	0.496384	0.349297	0.349485	0.360539	0.372483	0.251066	0.252667	0	0.246984	0.254127	0.323398	0.299511	0.300719	0.30992	0.305143	0.310231	0.318242	0.308903	0.31595	0.314916	0.331326	0.315431	0.366611	0.334886	0.334538	0.33022	0.337782	0.331255	0.338756	0.350077	0.348272	0.335072	0.351217	0.340411	0.302492	0.305532	0.30021	0.304889	0.302986	0.294855	0.298198	0.298132	0.297992	0.297594	0.297274	0.297041	0.474979	0.495765	0.470462	0.476222	0.484461	0.496559	0.564125	0.561859	0.562204	0.558768	0.577936	0.562507	0.427479	0.427949	0.427472	0.410707	0.408622	0.415383	0.404949	0.402102	0.404985	0.399883	0.397477	0.403367	0.619572	0.632825	0.63155	0.63091	0.61933	0.619072	0.534638	0.539154	0.540146	0.530431	0.531959	0.532297	0.442715	0.443268	0.459156	0.452207	0.455929	0.444111	0.468237	0.475403	0.463401	0.46558	0.507645	0.475348
ERR609048	0.352671	0.396891	0.481737	0.352557	0.352922	0.36454	0.353896	0.247158	0.247754	0.246984	0	0.249453	0.31356	0.302733	0.303406	0.306837	0.302277	0.307262	0.313217	0.314319	0.312018	0.311382	0.322185	0.324771	0.355774	0.331285	0.341908	0.334891	0.333307	0.335688	0.346343	0.356199	0.356823	0.341796	0.35736	0.350296	0.313896	0.301964	0.311326	0.30184	0.300656	0.304042	0.296173	0.304146	0.303871	0.303474	0.29535	0.296018	0.472959	0.492526	0.469734	0.473354	0.482796	0.493461	0.570403	0.568524	0.568532	0.563202	0.581285	0.568563	0.420983	0.421499	0.421013	0.413356	0.409189	0.414694	0.403066	0.407907	0.402585	0.402844	0.400823	0.401712	0.621668	0.632726	0.631162	0.631053	0.622705	0.623208	0.53547	0.541443	0.542143	0.533135	0.536882	0.537018	0.446983	0.446676	0.458326	0.4517	0.454478	0.447591	0.469382	0.472314	0.468373	0.46899	0.500446	0.472221
ERR609046	0.357943	0.3942	0.470158	0.358442	0.359062	0.372296	0.336662	0.249067	0.248766	0.254127	0.249453	0	0.311326	0.311756	0.312145	0.312542	0.307315	0.312764	0.314505	0.321726	0.313981	0.313788	0.316346	0.335119	0.352099	0.333355	0.35136	0.342164	0.335078	0.342598	0.355851	0.365711	0.367462	0.350936	0.366874	0.36138	0.326888	0.305845	0.323459	0.306168	0.305203	0.315143	0.298673	0.311125	0.310622	0.310407	0.29836	0.299364	0.473638	0.493353	0.471832	0.473405	0.484429	0.494198	0.576086	0.573906	0.573713	0.56665	0.585222	0.573556	0.42199	0.422364	0.421763	0.420581	0.414767	0.420019	0.402314	0.41357	0.401701	0.406166	0.405057	0.401278	0.623914	0.632323	0.630418	0.630924	0.626022	0.627092	0.538139	0.545956	0.546061	0.537221	0.542903	0.542882	0.451633	0.450848	0.459441	0.452962	0.454716	0.452111	0.470813	0.470202	0.4723	0.47203	0.495263	0.469957
ERR613974	0.381609	0.393822	0.461922	0.382768	0.383616	0.392615	0.366827	0.31314	0.311876	0.323398	0.31356	0.311326	0	0.272169	0.26939	0.254497	0.250826	0.25474	0.321284	0.349424	0.32221	0.323009	0.324382	0.367986	0.323902	0.324614	0.36898	0.356668	0.32366	0.356573	0.381848	0.384794	0.390953	0.375411	0.38579	0.388538	0.34372	0.284842	0.342405	0.286145	0.287031	0.328914	0.305089	0.335808	0.335109	0.33483	0.305318	0.307489	0.486294	0.501071	0.485967	0.484389	0.49511	0.501865	0.605404	0.604506	0.604082	0.596223	0.607841	0.602881	0.40075	0.401002	0.400963	0.414384	0.405708	0.407473	0.403024	0.427661	0.401702	0.4158	0.41332	0.402049	0.650663	0.656636	0.655664	0.655861	0.653617	0.654912	0.554888	0.562316	0.562263	0.556144	0.56299	0.562592	0.474576	0.472901	0.474105	0.469387	0.470421	0.474506	0.489844	0.486708	0.495729	0.493562	0.503422	0.486384
ERR613977	0.352887	0.404602	0.500117	0.352241	0.352352	0.358678	0.416526	0.308078	0.309017	0.299511	0.302733	0.311756	0.272169	0	0.234977	0.246605	0.243526	0.246613	0.32589	0.319248	0.323771	0.322356	0.343817	0.326103	0.357362	0.325774	0.330091	0.326225	0.328726	0.328018	0.340448	0.348318	0.347536	0.337431	0.349327	0.341401	0.288517	0.28578	0.288904	0.284993	0.283039	0.281357	0.301346	0.3047	0.304659	0.304559	0.300426	0.300723	0.480139	0.49865	0.475017	0.481604	0.487557	0.499524	0.574088	0.57283	0.573098	0.570949	0.585897	0.573185	0.412713	0.413161	0.413115	0.393075	0.392095	0.398336	0.404411	0.401219	0.404713	0.399273	0.39531	0.402532	0.630276	0.644958	0.644195	0.643003	0.628996	0.628337	0.537693	0.539958	0.540782	0.532316	0.531991	0.532432	0.44879	0.449704	0.465253	0.45897	0.463278	0.450485	0.479458	0.488163	0.474124	0.476078	0.519561	0.488226
ERR613972	0.354074	0.403685	0.499477	0.353738	0.353864	0.359283	0.415482	0.309245	0.310052	0.300719	0.303406	0.312145	0.26939	0.234977	0	0.244831	0.240957	0.244791	0.325812	0.321107	0.323775	0.322551	0.34415	0.328532	0.355472	0.325225	0.33209	0.328003	0.32807	0.329495	0.341983	0.349328	0.348697	0.338952	0.350239	0.34328	0.290276	0.284049	0.290803	0.283224	0.28158	0.28291	0.300945	0.306281	0.306132	0.305946	0.30002	0.300382	0.478782	0.496811	0.473912	0.480202	0.486146	0.497788	0.574577	0.57357	0.573817	0.57135	0.585592	0.573655	0.409941	0.410227	0.410311	0.391578	0.390479	0.396127	0.404026	0.401684	0.404264	0.399599	0.395171	0.402275	0.630304	0.645163	0.644386	0.64308	0.629043	0.628407	0.537189	0.539446	0.540245	0.532066	0.531895	0.532375	0.449281	0.450065	0.464668	0.45865	0.462877	0.450828	0.479277	0.48781	0.474289	0.476269	0.518596	0.487957
ERR613975	0.360528	0.390346	0.483019	0.36134	0.361444	0.364064	0.399751	0.311582	0.311694	0.30992	0.306837	0.312542	0.254497	0.246605	0.244831	0	0.239023	0.236672	0.319226	0.333331	0.318375	0.318334	0.339264	0.345093	0.342206	0.326839	0.349803	0.342952	0.327266	0.344864	0.354458	0.354868	0.359318	0.350086	0.355983	0.358439	0.311614	0.276455	0.312499	0.276427	0.276637	0.301711	0.301893	0.323481	0.323016	0.322919	0.301222	0.303197	0.476802	0.49096	0.473834	0.477432	0.482524	0.491741	0.581907	0.581843	0.581957	0.577583	0.587668	0.580921	0.398248	0.398638	0.398563	0.39456	0.390588	0.392772	0.409241	0.41613	0.408762	0.411214	0.405779	0.407396	0.633418	0.645989	0.645744	0.644418	0.632466	0.632801	0.538486	0.541368	0.541801	0.535754	0.537804	0.537787	0.459078	0.458731	0.466176	0.462082	0.465083	0.459593	0.483555	0.489415	0.483223	0.483273	0.513422	0.489482
ERR613973	0.361633	0.394736	0.483565	0.362027	0.362485	0.368357	0.395349	0.306218	0.30624	0.305143	0.302277	0.307315	0.250826	0.243526	0.240957	0.239023	0	0.239061	0.318392	0.329245	0.317394	0.317117	0.333466	0.341611	0.338548	0.321109	0.344523	0.336849	0.321889	0.338018	0.35489	0.359029	0.362117	0.350278	0.360119	0.358765	0.308968	0.276166	0.30894	0.276311	0.275753	0.298089	0.2974	0.315987	0.315483	0.315277	0.296772	0.298412	0.478415	0.494577	0.475554	0.478698	0.486022	0.495406	0.585152	0.584461	0.58448	0.579729	0.591857	0.583683	0.400923	0.401087	0.401311	0.395879	0.391647	0.395347	0.401623	0.410352	0.401384	0.404169	0.4	0.400171	0.636328	0.648195	0.647529	0.646564	0.636352	0.636787	0.541766	0.545563	0.546174	0.539124	0.541848	0.541778	0.457507	0.457283	0.465828	0.460908	0.463846	0.45839	0.481839	0.486363	0.481227	0.481328	0.51153	0.486423
ERR613976	0.361431	0.391334	0.48355	0.36208	0.362233	0.365175	0.400191	0.312023	0.312277	0.310231	0.307262	0.312764	0.25474	0.246613	0.244791	0.236672	0.239061	0	0.319887	0.333656	0.319069	0.318983	0.339681	0.34533	0.342559	0.326748	0.350133	0.34319	0.327692	0.345121	0.3547	0.355418	0.359774	0.350595	0.356538	0.358829	0.311934	0.276935	0.313009	0.276845	0.276934	0.302084	0.302576	0.324106	0.323426	0.323387	0.30188	0.303832	0.477121	0.491313	0.474257	0.477723	0.483032	0.492094	0.582692	0.582681	0.582603	0.578364	0.588573	0.581734	0.398786	0.399125	0.398962	0.394759	0.390962	0.393265	0.409185	0.416113	0.408763	0.411044	0.405758	0.407408	0.634138	0.646732	0.64649	0.645247	0.633304	0.633543	0.53922	0.541962	0.542351	0.536316	0.538351	0.538408	0.4594	0.459107	0.466634	0.462443	0.465609	0.459979	0.484001	0.489685	0.483512	0.483356	0.513825	0.489656
ERR608936	0.378455	0.407202	0.484986	0.379054	0.379726	0.387312	0.387489	0.314581	0.314663	0.318242	0.313217	0.314505	0.321284	0.32589	0.325812	0.319226	0.318392	0.319887	0	0.266414	0.245584	0.245878	0.263699	0.282163	0.346146	0.332793	0.354724	0.346403	0.333425	0.347832	0.344502	0.348164	0.352641	0.33945	0.348849	0.350769	0.342551	0.309814	0.341291	0.310994	0.310305	0.332115	0.323072	0.341956	0.341614	0.341066	0.322598	0.323933	0.525378	0.54168	0.522642	0.525442	0.533053	0.542737	0.615232	0.613665	0.613819	0.609991	0.625368	0.613665	0.456583	0.456932	0.456372	0.45288	0.449259	0.452568	0.451216	0.45845	0.450856	0.453635	0.450645	0.449913	0.670943	0.682184	0.681148	0.680655	0.670821	0.670584	0.583247	0.587602	0.588708	0.58059	0.583437	0.583438	0.498195	0.49802	0.507751	0.502377	0.504591	0.498863	0.518673	0.522915	0.516935	0.517821	0.548416	0.522799
ERR608932	0.371566	0.431796	0.518507	0.370401	0.370748	0.381392	0.424972	0.318028	0.319803	0.308903	0.314319	0.321726	0.349424	0.319248	0.321107	0.333331	0.329245	0.333656	0.266414	0	0.262772	0.260129	0.283147	0.243777	0.375772	0.339402	0.330881	0.327905	0.343209	0.329699	0.324963	0.338667	0.334917	0.322082	0.339679	0.325621	0.314552	0.326492	0.312687	0.326446	0.323315	0.308594	0.328859	0.322513	0.322954	0.322311	0.327733	0.326773	0.53515	0.556381	0.52944	0.536819	0.543939	0.557041	0.606674	0.60371	0.60437	0.604121	0.625788	0.605788	0.478912	0.479135	0.478738	0.453759	0.454373	0.46208	0.455276	0.445913	0.455528	0.446352	0.444417	0.453721	0.670646	0.686052	0.684467	0.683688	0.668971	0.667594	0.586518	0.58907	0.590475	0.579749	0.578193	0.57901	0.490326	0.491949	0.513302	0.505508	0.509769	0.49248	0.519981	0.529903	0.510311	0.514575	0.565507	0.529921
ERR608935	0.378358	0.409632	0.488707	0.37856	0.37938	0.386805	0.390739	0.313912	0.314059	0.31595	0.312018	0.313981	0.32221	0.323771	0.323775	0.318375	0.317394	0.319069	0.245584	0.262772	0	0.244545	0.264144	0.27794	0.346953	0.331739	0.351928	0.344054	0.332498	0.345319	0.343056	0.346888	0.350899	0.337824	0.347946	0.348568	0.339119	0.308697	0.338035	0.309611	0.30883	0.328865	0.321978	0.339535	0.339322	0.338801	0.321301	0.32267	0.526157	0.542931	0.523218	0.526471	0.533904	0.543663	0.615212	0.613498	0.613708	0.610162	0.625866	0.613736	0.45761	0.457967	0.457358	0.451914	0.448431	0.45233	0.450553	0.456523	0.450172	0.452054	0.448989	0.449344	0.671719	0.683367	0.682334	0.681714	0.671293	0.671014	0.584043	0.588182	0.589149	0.581042	0.583369	0.583483	0.497701	0.49757	0.508323	0.502824	0.505328	0.498541	0.518644	0.523598	0.516304	0.517578	0.550204	0.523626
ERR608934	0.377565	0.411344	0.49121	0.377741	0.378454	0.38631	0.392935	0.312945	0.31346	0.314916	0.311382	0.313788	0.323009	0.322356	0.322551	0.318334	0.317117	0.318983	0.245878	0.260129	0.244545	0	0.263844	0.274731	0.348206	0.331321	0.349604	0.341934	0.332142	0.34348	0.3413	0.345813	0.349278	0.33625	0.346903	0.346451	0.336871	0.308619	0.335582	0.309548	0.308603	0.326831	0.321762	0.33756	0.337334	0.336694	0.321112	0.322373	0.527533	0.544617	0.524296	0.527857	0.535216	0.545321	0.61501	0.613199	0.613309	0.610213	0.626333	0.613604	0.459125	0.459382	0.458929	0.451702	0.448491	0.452555	0.450641	0.455687	0.45023	0.451373	0.448404	0.449272	0.672169	0.684071	0.683011	0.682395	0.67166	0.671255	0.584465	0.588478	0.589594	0.581153	0.583149	0.583317	0.497352	0.497353	0.508994	0.503409	0.506106	0.498353	0.519196	0.524617	0.516253	0.517753	0.551926	0.52473
ERR608931	0.404424	0.429332	0.47942	0.404658	0.406153	0.42166	0.364131	0.319237	0.318654	0.331326	0.322185	0.316346	0.324382	0.343817	0.34415	0.339264	0.333466	0.339681	0.263699	0.283147	0.264144	0.263844	0	0.305179	0.339667	0.33286	0.369386	0.355628	0.333488	0.355641	0.375338	0.386286	0.389467	0.368842	0.387342	0.382249	0.366688	0.324884	0.362853	0.326809	0.325363	0.351892	0.331964	0.349877	0.349541	0.349113	0.331995	0.333139	0.54394	0.564042	0.542745	0.542957	0.555412	0.564629	0.645311	0.642039	0.642121	0.635426	0.655641	0.642626	0.470874	0.471176	0.470774	0.472292	0.466259	0.471857	0.445602	0.46571	0.444376	0.455006	0.455369	0.445208	0.69665	0.702819	0.700523	0.701685	0.699658	0.700681	0.607248	0.615898	0.616148	0.606566	0.612406	0.612491	0.515581	0.514953	0.524305	0.516938	0.518052	0.516497	0.533	0.528713	0.534342	0.534568	0.551757	0.528599
ERR608933	0.369636	0.438065	0.531103	0.367872	0.367824	0.376279	0.445459	0.33005	0.332301	0.315431	0.324771	0.335119	0.367986	0.326103	0.328532	0.345093	0.341611	0.34533	0.282163	0.243777	0.27794	0.274731	0.305179	0	0.395967	0.354126	0.331096	0.332489	0.358534	0.334538	0.31961	0.333336	0.327149	0.318575	0.33438	0.317507	0.310233	0.34078	0.3095	0.340426	0.336672	0.308449	0.340388	0.326923	0.327667	0.326869	0.339113	0.337866	0.537588	0.558839	0.530601	0.540007	0.545347	0.559356	0.597784	0.594721	0.595689	0.597737	0.619808	0.59748	0.488589	0.488846	0.48858	0.456895	0.459667	0.467667	0.467109	0.449053	0.467674	0.453118	0.450662	0.465215	0.665629	0.683615	0.682207	0.680951	0.662453	0.660372	0.584194	0.584724	0.586472	0.575444	0.571414	0.57242	0.488931	0.491299	0.5158	0.507971	0.513028	0.491461	0.521754	0.535118	0.508783	0.514223	0.57326	0.535239
ERR612225	0.445635	0.455082	0.504206	0.446721	0.447331	0.457656	0.385913	0.353777	0.3522	0.366611	0.355774	0.352099	0.323902	0.357362	0.355472	0.342206	0.338548	0.342559	0.346146	0.375772	0.346953	0.348206	0.339667	0.395967	0	0.265164	0.33547	0.318238	0.261292	0.317204	0.427842	0.433126	0.438259	0.421008	0.434025	0.434002	0.395168	0.330543	0.393358	0.331701	0.332988	0.379619	0.337822	0.371553	0.370544	0.370417	0.338115	0.340985	0.511989	0.525922	0.513378	0.50943	0.521353	0.526485	0.635517	0.634645	0.634001	0.624823	0.636087	0.632855	0.416579	0.416879	0.41654	0.437057	0.426962	0.428766	0.402026	0.438012	0.400455	0.421832	0.42025	0.402239	0.678604	0.68179	0.680522	0.681532	0.682811	0.684974	0.581098	0.590528	0.590374	0.584572	0.593206	0.592602	0.500284	0.498489	0.497394	0.49279	0.493041	0.500464	0.510094	0.502477	0.518176	0.515184	0.513821	0.501657
ERR612224	0.416382	0.450528	0.518558	0.416281	0.416805	0.42844	0.407235	0.331628	0.331669	0.334886	0.331285	0.333355	0.324614	0.325774	0.325225	0.326839	0.321109	0.326748	0.332793	0.339402	0.331739	0.331321	0.33286	0.354126	0.265164	0	0.279743	0.266094	0.241148	0.265444	0.391487	0.401778	0.402505	0.385835	0.40298	0.394591	0.350813	0.317833	0.34875	0.318373	0.317213	0.337705	0.317303	0.33176	0.331232	0.330898	0.316996	0.318129	0.497815	0.516201	0.496036	0.496828	0.507659	0.516718	0.606911	0.605329	0.60508	0.59842	0.613697	0.604746	0.415659	0.416117	0.415734	0.413285	0.407742	0.413404	0.386192	0.404854	0.38539	0.393876	0.392523	0.385603	0.655828	0.663621	0.662181	0.662458	0.65869	0.659737	0.560776	0.568358	0.568717	0.560869	0.56613	0.565968	0.470561	0.470035	0.478434	0.472261	0.47445	0.471622	0.48897	0.487987	0.49029	0.490035	0.511515	0.487553
ERR612221	0.388089	0.452157	0.541394	0.386618	0.386496	0.396712	0.455823	0.345538	0.34713	0.334538	0.341908	0.35136	0.36898	0.330091	0.33209	0.349803	0.344523	0.350133	0.354724	0.330881	0.351928	0.349604	0.369386	0.331096	0.33547	0.279743	0	0.245904	0.28562	0.246653	0.359051	0.372793	0.367313	0.356778	0.373824	0.356941	0.325071	0.351671	0.323491	0.351136	0.348016	0.321734	0.335804	0.321764	0.322198	0.321803	0.334809	0.333496	0.484998	0.506783	0.478481	0.486502	0.493705	0.507173	0.557684	0.555301	0.555587	0.554465	0.574844	0.556554	0.43697	0.437453	0.437028	0.408399	0.409388	0.417745	0.407179	0.392989	0.408008	0.394717	0.393385	0.405727	0.617338	0.633018	0.631591	0.630806	0.6167	0.615611	0.531796	0.534724	0.536317	0.5257	0.524861	0.525396	0.439496	0.441195	0.461893	0.454656	0.459424	0.441847	0.468595	0.479392	0.459924	0.463524	0.516466	0.479442
ERR612223	0.390876	0.449529	0.532423	0.389756	0.389878	0.401901	0.440313	0.33763	0.338878	0.33022	0.334891	0.342164	0.356668	0.326225	0.328003	0.342952	0.336849	0.34319	0.346403	0.327905	0.344054	0.341934	0.355628	0.332489	0.318238	0.266094	0.245904	0	0.271467	0.243292	0.363876	0.378208	0.374128	0.361018	0.379224	0.363648	0.328323	0.342256	0.32589	0.341761	0.338965	0.321659	0.32808	0.318883	0.3191	0.318717	0.327056	0.3261	0.486696	0.50873	0.481711	0.487776	0.496414	0.509075	0.569695	0.56711	0.567233	0.564068	0.584677	0.568129	0.432208	0.432746	0.432321	0.409443	0.408644	0.416986	0.399136	0.393204	0.399627	0.391364	0.390596	0.397906	0.625565	0.638808	0.637256	0.636883	0.626299	0.625943	0.537705	0.542421	0.543596	0.533048	0.534284	0.534851	0.445119	0.446151	0.464537	0.456864	0.460982	0.447128	0.471867	0.478591	0.466041	0.468612	0.513087	0.478639
ERR612226	0.419064	0.450317	0.517066	0.419242	0.419641	0.430911	0.405119	0.333554	0.333431	0.337782	0.333307	0.335078	0.32366	0.328726	0.32807	0.327266	0.321889	0.327692	0.333425	0.343209	0.332498	0.332142	0.333488	0.358534	0.261292	0.241148	0.28562	0.271467	0	0.271055	0.394856	0.40435	0.405551	0.389033	0.405441	0.398236	0.355198	0.317739	0.353102	0.318046	0.317367	0.341999	0.318737	0.336195	0.335608	0.335139	0.318648	0.319899	0.49889	0.516617	0.497404	0.49786	0.508576	0.517006	0.609875	0.608395	0.608104	0.601292	0.615989	0.607678	0.414869	0.415549	0.415278	0.415277	0.409164	0.414234	0.387721	0.408313	0.386836	0.396864	0.395381	0.387136	0.658212	0.66571	0.664262	0.664569	0.661098	0.662378	0.562577	0.570221	0.570638	0.562993	0.568695	0.568499	0.473677	0.47307	0.480451	0.474522	0.476499	0.474698	0.491521	0.489854	0.493352	0.492836	0.512125	0.489454
ERR612222	0.392788	0.451159	0.532476	0.391411	0.391623	0.404893	0.439822	0.3378	0.338816	0.331255	0.335688	0.342598	0.356573	0.328018	0.329495	0.344864	0.338018	0.345121	0.347832	0.329699	0.345319	0.34348	0.355641	0.334538	0.317204	0.265444	0.246653	0.243292	0.271055	0	0.36641	0.38138	0.377046	0.362653	0.382403	0.36581	0.330771	0.344412	0.328094	0.344236	0.341313	0.324048	0.327853	0.318225	0.318376	0.317901	0.327071	0.325884	0.486983	0.509265	0.481704	0.48731	0.497014	0.509685	0.570172	0.567263	0.567408	0.564002	0.584917	0.568201	0.432222	0.432711	0.432198	0.410363	0.409316	0.417706	0.396915	0.391931	0.397175	0.389644	0.389481	0.395707	0.626003	0.638561	0.63672	0.636662	0.627245	0.626913	0.538227	0.543616	0.544845	0.534119	0.536088	0.536377	0.444236	0.445055	0.463125	0.455326	0.459295	0.446265	0.469659	0.47585	0.464017	0.466629	0.510275	0.475781
ERR618587	0.336361	0.403625	0.509378	0.335294	0.334555	0.338246	0.458867	0.351939	0.353392	0.338756	0.346343	0.355851	0.381848	0.340448	0.341983	0.354458	0.35489	0.3547	0.344502	0.324963	0.343056	0.3413	0.375338	0.31961	0.427842	0.391487	0.359051	0.363876	0.394856	0.36641	0	0.258663	0.253975	0.25068	0.259375	0.250467	0.328177	0.367278	0.32774	0.366686	0.363999	0.331017	0.362883	0.353985	0.354664	0.354292	0.361161	0.360879	0.495165	0.513664	0.487962	0.498402	0.50052	0.514208	0.537274	0.535202	0.536349	0.537951	0.558636	0.537466	0.471525	0.471842	0.471549	0.445044	0.447392	0.452579	0.480192	0.45779	0.481246	0.465466	0.461976	0.478073	0.602013	0.621232	0.620342	0.618504	0.597978	0.595249	0.528883	0.528349	0.529987	0.519605	0.515355	0.516369	0.452933	0.454357	0.475271	0.46941	0.474195	0.454171	0.486867	0.501988	0.476278	0.48036	0.538819	0.502582
ERR618589	0.336268	0.388437	0.500593	0.335806	0.334817	0.331264	0.460534	0.362422	0.363842	0.350077	0.356199	0.365711	0.384794	0.348318	0.349328	0.354868	0.359029	0.355418	0.348164	0.338667	0.346888	0.345813	0.386286	0.333336	0.433126	0.401778	0.372793	0.378208	0.40435	0.38138	0.258663	0	0.253669	0.2595	0.252532	0.261255	0.339289	0.369598	0.340644	0.369152	0.367391	0.342569	0.371042	0.370215	0.370695	0.370387	0.369309	0.369706	0.487689	0.501332	0.481165	0.491045	0.489828	0.501762	0.528991	0.528694	0.529656	0.530869	0.545454	0.52963	0.466409	0.4664	0.466275	0.446244	0.448407	0.450388	0.491849	0.469269	0.492729	0.477706	0.472358	0.489381	0.590153	0.609813	0.609928	0.607274	0.584822	0.582048	0.519052	0.516752	0.518268	0.510599	0.506128	0.506997	0.456404	0.457029	0.471672	0.468325	0.47279	0.456451	0.487323	0.503266	0.479378	0.48205	0.535426	0.503943
ERR618588	0.338947	0.402823	0.514343	0.337716	0.336734	0.335413	0.470388	0.36305	0.36478	0.348272	0.356823	0.367462	0.390953	0.347536	0.348697	0.359318	0.362117	0.359774	0.352641	0.334917	0.350899	0.349278	0.389467	0.327149	0.438259	0.402505	0.367313	0.374128	0.405551	0.377046	0.253975	0.253669	0	0.255924	0.254179	0.253633	0.332931	0.373642	0.334235	0.372858	0.37073	0.33795	0.372606	0.365691	0.366166	0.36605	0.370686	0.370739	0.49524	0.511123	0.487634	0.498802	0.498259	0.51156	0.531509	0.530408	0.531453	0.534416	0.551833	0.532333	0.4738	0.473758	0.473877	0.446912	0.450061	0.453823	0.491076	0.465507	0.492192	0.474977	0.470068	0.488773	0.597028	0.617831	0.617563	0.615067	0.591513	0.588231	0.525663	0.522933	0.524663	0.515681	0.509745	0.510752	0.456238	0.457678	0.477286	0.472693	0.47785	0.457251	0.490166	0.507672	0.479102	0.483213	0.543495	0.508476
ERR618586	0.334954	0.399754	0.504238	0.333956	0.333481	0.338646	0.452304	0.346507	0.348273	0.335072	0.341796	0.350936	0.375411	0.337431	0.338952	0.350086	0.350278	0.350595	0.33945	0.322082	0.337824	0.33625	0.368842	0.318575	0.421008	0.385835	0.356778	0.361018	0.389033	0.362653	0.25068	0.2595	0.255924	0	0.260167	0.251425	0.328155	0.362566	0.327755	0.362358	0.359723	0.329884	0.357471	0.349982	0.350902	0.350433	0.355775	0.355764	0.492756	0.511276	0.485577	0.495192	0.498457	0.511751	0.538258	0.536048	0.536985	0.53785	0.558275	0.537858	0.467637	0.468001	0.467683	0.443676	0.445299	0.450116	0.47506	0.454733	0.475807	0.461427	0.458088	0.472768	0.601554	0.619767	0.618871	0.61718	0.598235	0.59574	0.528176	0.528437	0.52994	0.519959	0.51663	0.517505	0.451099	0.452192	0.47156	0.465866	0.470646	0.452276	0.483238	0.497505	0.473597	0.477321	0.533663	0.498117
ERR618590	0.336665	0.388493	0.500751	0.336657	0.335845	0.331914	0.461243	0.363666	0.364911	0.351217	0.35736	0.366874	0.38579	0.349327	0.350239	0.355983	0.360119	0.356538	0.348849	0.339679	0.347946	0.346903	0.387342	0.33438	0.434025	0.40298	0.373824	0.379224	0.405441	0.382403	0.259375	0.252532	0.254179	0.260167	0	0.261862	0.340264	0.370555	0.341682	0.37024	0.368442	0.343694	0.372118	0.371455	0.371918	0.371624	0.370255	0.371002	0.488286	0.501841	0.481809	0.491586	0.490368	0.502078	0.528706	0.528487	0.529334	0.530538	0.544992	0.529327	0.467522	0.467502	0.467358	0.447434	0.449696	0.451793	0.493116	0.470367	0.493942	0.478826	0.473596	0.490622	0.589892	0.609549	0.609675	0.607031	0.584609	0.581954	0.519182	0.517008	0.518484	0.510856	0.50637	0.507285	0.457273	0.457754	0.472317	0.469082	0.473521	0.457407	0.487657	0.503758	0.479973	0.482335	0.535732	0.504407
ERR618585	0.340952	0.414115	0.521445	0.338826	0.338137	0.342167	0.470053	0.355746	0.358011	0.340411	0.350296	0.36138	0.388538	0.341401	0.34328	0.358439	0.358765	0.358829	0.350769	0.325621	0.348568	0.346451	0.382249	0.317507	0.434002	0.394591	0.356941	0.363648	0.398236	0.36581	0.250467	0.261255	0.253633	0.251425	0.261862	0	0.324963	0.371646	0.325166	0.371129	0.368119	0.329576	0.366088	0.35305	0.353919	0.353619	0.36421	0.363578	0.500651	0.519855	0.492231	0.503981	0.505856	0.520309	0.53794	0.535543	0.536798	0.540157	0.561512	0.538253	0.476989	0.477666	0.477297	0.446046	0.449241	0.455235	0.482025	0.456068	0.483135	0.464943	0.461519	0.479703	0.606024	0.626533	0.625705	0.623667	0.601469	0.598159	0.533279	0.531714	0.533603	0.522873	0.516975	0.518146	0.453763	0.455659	0.479433	0.473231	0.478656	0.455401	0.489419	0.50678	0.476263	0.481403	0.545791	0.507243
ERR608806	0.338326	0.413138	0.518465	0.337128	0.336429	0.341141	0.447341	0.32138	0.323255	0.302492	0.313896	0.326888	0.34372	0.288517	0.290276	0.311614	0.308968	0.311934	0.342551	0.314552	0.339119	0.336871	0.366688	0.310233	0.395168	0.350813	0.325071	0.328323	0.355198	0.330771	0.328177	0.339289	0.332931	0.328155	0.340264	0.324963	0	0.28707	0.234133	0.285388	0.281173	0.235006	0.3234	0.308454	0.30893	0.308443	0.322287	0.32117	0.483939	0.504341	0.476612	0.487177	0.490601	0.50503	0.553994	0.55248	0.553211	0.554585	0.573069	0.55418	0.439166	0.43934	0.439147	0.404398	0.407877	0.415318	0.421524	0.4003	0.422442	0.405442	0.401532	0.419568	0.618949	0.638168	0.63719	0.635541	0.61522	0.613245	0.531496	0.530746	0.532122	0.522438	0.517583	0.518739	0.441779	0.443852	0.467178	0.46031	0.465907	0.444007	0.477144	0.492118	0.465349	0.469968	0.530282	0.492439
ERR608810	0.37432	0.402381	0.487386	0.375399	0.375729	0.37976	0.390729	0.305721	0.305698	0.305532	0.301964	0.305845	0.284842	0.28578	0.284049	0.276455	0.276166	0.276935	0.309814	0.326492	0.308697	0.308619	0.324884	0.34078	0.330543	0.317833	0.351671	0.342256	0.317739	0.344412	0.367278	0.369598	0.373642	0.362566	0.370555	0.371646	0.28707	0	0.287467	0.231803	0.231665	0.273342	0.302983	0.3274	0.326743	0.326143	0.302968	0.305278	0.493466	0.507801	0.491779	0.494128	0.500107	0.508673	0.604366	0.604171	0.604129	0.599395	0.609933	0.603333	0.4094	0.40943	0.409548	0.407099	0.402726	0.40546	0.403171	0.41734	0.402624	0.409553	0.404145	0.40188	0.655689	0.666638	0.666215	0.665098	0.655257	0.655725	0.558313	0.56218	0.562682	0.556683	0.559685	0.559785	0.475183	0.47478	0.48213	0.478042	0.48054	0.475731	0.497333	0.501425	0.497383	0.497547	0.524685	0.501405
ERR608807	0.336298	0.412189	0.515321	0.334933	0.334136	0.341178	0.443365	0.318051	0.319858	0.30021	0.311326	0.323459	0.342405	0.288904	0.290803	0.312499	0.30894	0.313009	0.341291	0.312687	0.338035	0.335582	0.362853	0.3095	0.393358	0.34875	0.323491	0.32589	0.353102	0.328094	0.32774	0.340644	0.334235	0.327755	0.341682	0.325166	0.234133	0.287467	0	0.285704	0.281333	0.234499	0.321266	0.304958	0.30557	0.304981	0.320188	0.31862	0.48305	0.504341	0.475961	0.486011	0.490533	0.504959	0.554235	0.552177	0.55288	0.553843	0.573723	0.554107	0.4391	0.439368	0.439113	0.405325	0.408166	0.416242	0.418276	0.398605	0.41908	0.402879	0.399836	0.416286	0.618466	0.636584	0.635354	0.633891	0.615375	0.613417	0.530999	0.53114	0.532621	0.522395	0.518445	0.519608	0.440219	0.442272	0.465736	0.458367	0.4639	0.442597	0.475025	0.488973	0.463918	0.468451	0.527296	0.489224
ERR608808	0.373602	0.402607	0.489	0.37482	0.375051	0.378802	0.392892	0.306033	0.305995	0.304889	0.30184	0.306168	0.286145	0.284993	0.283224	0.276427	0.276311	0.276845	0.310994	0.326446	0.309611	0.309548	0.326809	0.340426	0.331701	0.318373	0.351136	0.341761	0.318046	0.344236	0.366686	0.369152	0.372858	0.362358	0.37024	0.371129	0.285388	0.231803	0.285704	0	0.23135	0.271561	0.303278	0.327034	0.326089	0.325665	0.302799	0.305116	0.492688	0.507273	0.490934	0.493483	0.499274	0.508024	0.603626	0.603537	0.603511	0.598882	0.609329	0.602761	0.409475	0.409203	0.40944	0.406267	0.401987	0.404909	0.403305	0.416591	0.402644	0.409006	0.403473	0.402154	0.655111	0.666288	0.665941	0.664783	0.654465	0.654798	0.557729	0.561311	0.561699	0.555859	0.558644	0.558703	0.47476	0.474515	0.482254	0.47802	0.480549	0.475294	0.497338	0.501824	0.49717	0.497256	0.525276	0.501674
ERR608809	0.371948	0.403765	0.490038	0.37295	0.373168	0.377812	0.393772	0.304731	0.304497	0.302986	0.300656	0.305203	0.287031	0.283039	0.28158	0.276637	0.275753	0.276934	0.310305	0.323315	0.30883	0.308603	0.325363	0.336672	0.332988	0.317213	0.348016	0.338965	0.317367	0.341313	0.363999	0.367391	0.37073	0.359723	0.368442	0.368119	0.281173	0.231665	0.281333	0.23135	0	0.267975	0.302205	0.324086	0.323149	0.322659	0.302037	0.304207	0.493415	0.508364	0.491217	0.49418	0.500149	0.509149	0.602467	0.602099	0.60213	0.597706	0.608916	0.601507	0.411462	0.411279	0.411557	0.406249	0.40221	0.405797	0.40214	0.414354	0.401647	0.407046	0.401818	0.40085	0.654731	0.666225	0.665657	0.664575	0.654166	0.654396	0.557694	0.561159	0.561592	0.555339	0.557952	0.558092	0.473211	0.47292	0.481655	0.477215	0.480009	0.473985	0.496556	0.501439	0.495799	0.496267	0.52608	0.501411
ERR608805	0.339536	0.408873	0.509408	0.338667	0.338226	0.345223	0.432055	0.310483	0.312024	0.294855	0.304042	0.315143	0.328914	0.281357	0.28291	0.301711	0.298089	0.302084	0.332115	0.308594	0.328865	0.326831	0.351892	0.308449	0.379619	0.337705	0.321734	0.321659	0.341999	0.324048	0.331017	0.342569	0.33795	0.329884	0.343694	0.329576	0.235006	0.273342	0.234499	0.271561	0.267975	0	0.312436	0.301716	0.302168	0.301663	0.311796	0.310579	0.483265	0.503839	0.476772	0.485726	0.490792	0.504435	0.562266	0.560655	0.561095	0.560678	0.579321	0.562025	0.432375	0.432393	0.432374	0.402501	0.404348	0.41185	0.411065	0.396655	0.411693	0.398887	0.395274	0.409288	0.624242	0.641197	0.640098	0.638718	0.621605	0.620164	0.534749	0.535774	0.536951	0.527365	0.5248	0.525724	0.443652	0.445298	0.466348	0.45933	0.464383	0.445784	0.476569	0.488675	0.467241	0.471157	0.525109	0.488791
ERR613454	0.364562	0.404178	0.485358	0.364489	0.365164	0.37655	0.386483	0.296917	0.296642	0.298198	0.296173	0.298673	0.305089	0.301346	0.300945	0.301893	0.2974	0.302576	0.323072	0.328859	0.321978	0.321762	0.331964	0.340388	0.337822	0.317303	0.335804	0.32808	0.318737	0.327853	0.362883	0.371042	0.372606	0.357471	0.372118	0.366088	0.3234	0.302983	0.321266	0.303278	0.302205	0.312436	0	0.261869	0.260898	0.26085	0.246356	0.246334	0.472479	0.491333	0.469704	0.472091	0.482108	0.492172	0.56993	0.568343	0.568246	0.562047	0.578836	0.567692	0.407221	0.407922	0.40709	0.403355	0.397756	0.402616	0.391147	0.399616	0.390742	0.39322	0.391121	0.390077	0.622322	0.632465	0.630919	0.631091	0.62412	0.624564	0.535091	0.541647	0.542358	0.533865	0.538617	0.5384	0.444799	0.444422	0.453551	0.447729	0.449875	0.445833	0.460522	0.463599	0.460318	0.460756	0.490355	0.463289
ERR613449	0.360601	0.425843	0.510952	0.358922	0.359281	0.375038	0.418353	0.305992	0.306832	0.298132	0.304146	0.311125	0.335808	0.3047	0.306281	0.323481	0.315987	0.324106	0.341956	0.322513	0.339535	0.33756	0.349877	0.326923	0.371553	0.33176	0.321764	0.318883	0.336195	0.318225	0.353985	0.370215	0.365691	0.349982	0.371455	0.35305	0.308454	0.3274	0.304958	0.327034	0.324086	0.301716	0.261869	0	0.243148	0.243361	0.26116	0.258502	0.480795	0.504359	0.475019	0.48125	0.491747	0.505065	0.560303	0.557005	0.55713	0.554232	0.577308	0.558199	0.43171	0.432362	0.431521	0.409172	0.407308	0.416485	0.397016	0.390357	0.397302	0.388915	0.388692	0.395746	0.618877	0.631891	0.629719	0.629853	0.620022	0.619225	0.53599	0.541509	0.542908	0.531213	0.533188	0.533544	0.436132	0.437245	0.456824	0.448437	0.45234	0.438431	0.459244	0.466834	0.452417	0.455857	0.503284	0.466781
ERR613451	0.360976	0.425442	0.510525	0.359606	0.359921	0.375527	0.417288	0.30551	0.306469	0.297992	0.303871	0.310622	0.335109	0.304659	0.306132	0.323016	0.315483	0.323426	0.341614	0.322954	0.339322	0.337334	0.349541	0.327667	0.370544	0.331232	0.322198	0.3191	0.335608	0.318376	0.354664	0.370695	0.366166	0.350902	0.371918	0.353919	0.30893	0.326743	0.30557	0.326089	0.323149	0.302168	0.260898	0.243148	0	0.243265	0.260185	0.257858	0.480862	0.504106	0.475174	0.481356	0.49159	0.504759	0.560902	0.55766	0.557909	0.55495	0.577791	0.558828	0.431003	0.431736	0.430885	0.409096	0.407163	0.416143	0.396698	0.390656	0.397188	0.389091	0.388786	0.395478	0.619411	0.632402	0.630308	0.630377	0.620481	0.619826	0.536343	0.541827	0.54319	0.531714	0.533656	0.533855	0.436751	0.437923	0.456944	0.448846	0.452766	0.438943	0.459832	0.467328	0.453221	0.456317	0.503426	0.467189
