	ERR636646	ERR636648	ERR636643	ERR636645	ERR636647	ERR636644	ERR613390	ERR613393	ERR613394	ERR613392	ERR613391	ERR613389	ERR608919	ERR608924	ERR608921	ERR608923	ERR608920	ERR608922	ERR612254	ERR612251	ERR612252	ERR612253	ERR612255	ERR612256	ERR612604	ERR612602	ERR612601	ERR612603	ERR612606	ERR612605	ERR626866	ERR626861	ERR626865	ERR626864	ERR626862	ERR626863	ERR631830	ERR631828	ERR631827	ERR631825	ERR631826	ERR631829	ERR636919	ERR636923	ERR636924	ERR636920	ERR636922	ERR636921	ERR626937	ERR626934	ERR626938	ERR626936	ERR626935	ERR626933	ERR616153	ERR616148	ERR616152	ERR616150	ERR616151	ERR616149	ERR630460	ERR630458	ERR630462	ERR630461	ERR630463	ERR630459	ERR618542	ERR618537	ERR618538	ERR618539	ERR618540	ERR618541	ERR618714	ERR618711	ERR618713	ERR618712	ERR618715	ERR618716	ERR626696	ERR626693	ERR626697	ERR626692	ERR626695	ERR626694	ERR626749	ERR626748	ERR626752	ERR626751	ERR626747	ERR626750	ERR613341	ERR613345	ERR613346	ERR613343	ERR613342	ERR613344
ERR636646	0	0.245312	0.245345	0.249685	0.233099	0.236246	0.356409	0.363004	0.370372	0.363936	0.36401	0.365852	0.394595	0.384575	0.392444	0.383629	0.380243	0.383183	0.356506	0.358677	0.356471	0.357285	0.369989	0.35764	0.345685	0.356141	0.344743	0.342316	0.345767	0.344813	0.3393	0.3401	0.373658	0.371033	0.339185	0.338935	0.391849	0.391029	0.396992	0.391892	0.389989	0.391327	0.292183	0.301165	0.300977	0.299058	0.301256	0.297017	0.314372	0.314206	0.316589	0.318711	0.313688	0.313951	0.457202	0.479855	0.456188	0.496337	0.459033	0.473986	0.304657	0.306853	0.306571	0.308523	0.309666	0.306375	0.551288	0.538093	0.538277	0.538967	0.546091	0.551944	0.554377	0.552597	0.558779	0.558182	0.552626	0.553362	0.415339	0.407887	0.417431	0.424092	0.416886	0.41597	0.521344	0.518656	0.525803	0.523026	0.518335	0.523253	0.427867	0.430435	0.459455	0.427963	0.430462	0.432952
ERR636648	0.245312	0	0.235671	0.271804	0.245154	0.240808	0.352029	0.356576	0.376957	0.357868	0.351345	0.350806	0.407941	0.395591	0.385021	0.394002	0.378189	0.393064	0.356042	0.354258	0.355194	0.35586	0.380926	0.359803	0.354162	0.370435	0.33944	0.343007	0.354604	0.353522	0.332156	0.33313	0.386229	0.383516	0.33987	0.339229	0.394607	0.395746	0.393843	0.393807	0.397033	0.394097	0.301526	0.294555	0.294988	0.295635	0.29473	0.294402	0.306994	0.322622	0.307933	0.328623	0.307224	0.30775	0.453639	0.484332	0.453606	0.501766	0.456649	0.475697	0.303143	0.3025	0.302301	0.301973	0.302585	0.309873	0.53754	0.520477	0.52283	0.522577	0.53052	0.53833	0.544032	0.541455	0.549212	0.548703	0.542038	0.542279	0.427912	0.418692	0.430622	0.438202	0.42963	0.428872	0.506215	0.503852	0.512333	0.50889	0.501934	0.509323	0.422581	0.434373	0.470381	0.427381	0.434351	0.438003
ERR636643	0.245345	0.235671	0	0.271997	0.245553	0.240221	0.353025	0.357481	0.378515	0.358847	0.352451	0.351601	0.409107	0.396348	0.385628	0.394663	0.379079	0.393627	0.356818	0.355137	0.356272	0.356827	0.381731	0.3606	0.355367	0.371405	0.340339	0.344288	0.355681	0.354591	0.332741	0.333661	0.386498	0.38374	0.340471	0.339739	0.394305	0.395612	0.393121	0.393304	0.396614	0.39381	0.301934	0.295108	0.29539	0.295583	0.295246	0.295064	0.308023	0.323602	0.308756	0.329551	0.307689	0.308128	0.45295	0.483608	0.452962	0.500773	0.45594	0.474878	0.303899	0.303465	0.303143	0.303129	0.30359	0.310833	0.536979	0.519984	0.522374	0.522052	0.529941	0.537608	0.543779	0.541193	0.548832	0.548523	0.541676	0.541891	0.42773	0.418496	0.430321	0.438149	0.429385	0.428783	0.505818	0.503535	0.511916	0.508635	0.501594	0.508984	0.422305	0.43443	0.470867	0.427584	0.434312	0.437993
ERR636645	0.249685	0.271804	0.271997	0	0.249374	0.249818	0.366511	0.381906	0.368508	0.383262	0.381028	0.387697	0.376592	0.381625	0.407644	0.381378	0.388183	0.381533	0.369799	0.376187	0.367031	0.37003	0.371642	0.368628	0.349767	0.351412	0.362885	0.34934	0.349923	0.34757	0.363643	0.364368	0.383457	0.381866	0.355069	0.357188	0.393709	0.391008	0.408148	0.396184	0.39105	0.393091	0.302503	0.321441	0.320043	0.321973	0.32153	0.314338	0.331218	0.314448	0.335032	0.31973	0.33316	0.333788	0.48095	0.49689	0.478676	0.515328	0.482075	0.494949	0.316249	0.319989	0.322207	0.326521	0.326295	0.308126	0.576313	0.562924	0.560146	0.562588	0.572256	0.57717	0.571461	0.569308	0.573553	0.57171	0.569859	0.572198	0.406751	0.402145	0.408861	0.412165	0.408464	0.405198	0.542085	0.537955	0.54705	0.543953	0.540211	0.543898	0.433289	0.430041	0.445304	0.426414	0.42439	0.431934
ERR636647	0.233099	0.245154	0.245553	0.249374	0	0.236316	0.355717	0.362614	0.369712	0.363586	0.3634	0.365264	0.394282	0.384268	0.392324	0.383392	0.379979	0.382924	0.356059	0.358309	0.355896	0.356734	0.369465	0.357176	0.345519	0.356061	0.3446	0.342009	0.345729	0.344666	0.339312	0.340362	0.3737	0.371167	0.339253	0.339202	0.39128	0.390497	0.396583	0.391417	0.389614	0.390792	0.292292	0.300925	0.300666	0.299076	0.301255	0.297053	0.314226	0.31399	0.316325	0.318593	0.313562	0.313927	0.457302	0.479848	0.45624	0.496361	0.459254	0.474041	0.30416	0.306311	0.306209	0.308347	0.309293	0.305838	0.551012	0.537763	0.537981	0.538664	0.545808	0.551754	0.554075	0.552191	0.558345	0.557873	0.55228	0.553055	0.414958	0.407431	0.417009	0.423665	0.416458	0.41568	0.521113	0.518482	0.525491	0.522787	0.518122	0.522965	0.427461	0.430079	0.458809	0.427381	0.429921	0.43252
ERR636644	0.236246	0.240808	0.240221	0.249818	0.236316	0	0.355069	0.363286	0.372026	0.364466	0.360752	0.36252	0.393749	0.386154	0.38914	0.385014	0.377521	0.384414	0.357204	0.358497	0.356179	0.357412	0.373545	0.359018	0.347711	0.359089	0.343681	0.341224	0.34804	0.346501	0.34015	0.341112	0.380809	0.378213	0.341613	0.341787	0.388733	0.388507	0.393659	0.389135	0.388874	0.388256	0.294564	0.298268	0.297971	0.298374	0.298421	0.29528	0.311344	0.31475	0.313213	0.320252	0.311421	0.311832	0.460799	0.485722	0.459954	0.503102	0.463085	0.479542	0.301697	0.302966	0.303705	0.305579	0.305815	0.303579	0.550824	0.535647	0.53612	0.536728	0.54518	0.551634	0.553243	0.550864	0.557393	0.556629	0.551333	0.552281	0.41666	0.408781	0.419089	0.425717	0.41845	0.417041	0.5188	0.515917	0.524283	0.521064	0.515471	0.521413	0.423419	0.429615	0.459377	0.424297	0.427815	0.432559
ERR613390	0.356409	0.352029	0.353025	0.366511	0.355717	0.355069	0	0.255189	0.27274	0.256222	0.256082	0.261377	0.421114	0.407328	0.412361	0.406464	0.403176	0.405854	0.342991	0.34282	0.340147	0.342675	0.358476	0.344757	0.332052	0.344139	0.328304	0.326146	0.332604	0.33187	0.342254	0.341483	0.376503	0.374282	0.341097	0.342814	0.4364	0.437045	0.435554	0.435209	0.438837	0.43596	0.344199	0.346239	0.345949	0.345241	0.346221	0.343078	0.343188	0.347417	0.345207	0.349804	0.344351	0.343803	0.459222	0.477212	0.457404	0.493875	0.460294	0.472744	0.338724	0.339612	0.340667	0.340432	0.339644	0.342175	0.518289	0.504788	0.503568	0.505928	0.51346	0.519155	0.514794	0.511202	0.518714	0.516914	0.513103	0.514419	0.436031	0.429831	0.437785	0.442788	0.436821	0.437513	0.488027	0.484319	0.492393	0.489329	0.484565	0.489238	0.419584	0.419994	0.450054	0.419545	0.422975	0.421455
ERR613393	0.363004	0.356576	0.357481	0.381906	0.362614	0.363286	0.255189	0	0.280788	0.246823	0.25634	0.258162	0.437943	0.415325	0.415773	0.414383	0.409995	0.41363	0.345463	0.342638	0.344671	0.345428	0.363841	0.347676	0.338684	0.355088	0.329676	0.333885	0.339387	0.339474	0.336596	0.335783	0.372249	0.369431	0.338689	0.338908	0.445019	0.446336	0.439944	0.442583	0.446664	0.444542	0.350487	0.350726	0.351146	0.347013	0.350725	0.347863	0.347252	0.356561	0.348787	0.357666	0.347028	0.345723	0.449817	0.469174	0.448669	0.483926	0.45114	0.462783	0.345806	0.346224	0.345687	0.343957	0.344631	0.353592	0.507554	0.495937	0.496366	0.497647	0.502695	0.508304	0.508535	0.505314	0.513988	0.51307	0.506851	0.506994	0.445059	0.438059	0.446739	0.452944	0.445682	0.447856	0.481416	0.478879	0.48458	0.481976	0.477268	0.481805	0.426686	0.426709	0.463731	0.429836	0.435361	0.428021
ERR613394	0.370372	0.376957	0.378515	0.368508	0.369712	0.372026	0.27274	0.280788	0	0.280602	0.294263	0.304867	0.409667	0.404461	0.436342	0.405252	0.420773	0.405402	0.357747	0.364142	0.355847	0.357412	0.349322	0.354292	0.335365	0.33619	0.352415	0.340714	0.335759	0.33494	0.363555	0.363507	0.361496	0.36032	0.350691	0.352127	0.451298	0.450785	0.456475	0.451582	0.451453	0.451022	0.357136	0.372517	0.371773	0.371069	0.372529	0.36659	0.368018	0.350428	0.371365	0.349272	0.369541	0.368672	0.471736	0.47343	0.468427	0.488103	0.470711	0.475099	0.358211	0.361616	0.362424	0.364235	0.364009	0.353268	0.526683	0.519989	0.514672	0.518345	0.525412	0.5275	0.514191	0.512133	0.515964	0.514228	0.513154	0.515336	0.430186	0.428592	0.431354	0.432221	0.430738	0.430548	0.498607	0.494741	0.500329	0.498695	0.498183	0.497972	0.439164	0.424443	0.43345	0.431018	0.427334	0.423708
ERR613392	0.363936	0.357868	0.358847	0.383262	0.363586	0.364466	0.256222	0.246823	0.280602	0	0.257335	0.259117	0.438904	0.416033	0.416869	0.415036	0.411315	0.414214	0.345755	0.342766	0.345127	0.345744	0.363602	0.347797	0.339182	0.35542	0.330588	0.33488	0.340087	0.340237	0.336712	0.335943	0.370797	0.368307	0.338866	0.338859	0.446354	0.447702	0.441186	0.443846	0.448029	0.446034	0.351071	0.351813	0.352241	0.347728	0.351911	0.3491	0.348404	0.35752	0.349936	0.358008	0.347868	0.346855	0.449079	0.468098	0.448087	0.482737	0.450425	0.461736	0.347077	0.347565	0.346706	0.34505	0.345694	0.354819	0.506745	0.495857	0.495957	0.497285	0.502102	0.507508	0.50796	0.505087	0.513686	0.512695	0.506399	0.506348	0.44576	0.438684	0.447343	0.453663	0.44644	0.448729	0.481147	0.478774	0.483991	0.481699	0.477235	0.4814	0.427902	0.427185	0.464288	0.430842	0.436299	0.428464
ERR613391	0.36401	0.351345	0.352451	0.381028	0.3634	0.360752	0.256082	0.25634	0.294263	0.257335	0	0.248801	0.435767	0.41978	0.408589	0.418207	0.403737	0.416657	0.346783	0.342551	0.343989	0.346004	0.37475	0.351617	0.345179	0.363756	0.327563	0.331714	0.345831	0.345102	0.341173	0.340487	0.39433	0.392041	0.348419	0.348885	0.439316	0.441274	0.434119	0.437344	0.443769	0.439064	0.351545	0.344014	0.344285	0.343972	0.344006	0.342885	0.341955	0.358853	0.342851	0.363512	0.343605	0.342919	0.458594	0.486151	0.457776	0.503776	0.460924	0.478254	0.341976	0.340705	0.341428	0.339363	0.338785	0.349577	0.5156	0.498385	0.499649	0.5009	0.508718	0.516522	0.517088	0.513137	0.522112	0.520596	0.51528	0.515543	0.450713	0.442647	0.452857	0.459437	0.451749	0.4524	0.484689	0.481761	0.490703	0.487105	0.48009	0.487217	0.418717	0.428318	0.467023	0.423627	0.432389	0.430933
ERR613389	0.365852	0.350806	0.351601	0.387697	0.365264	0.36252	0.261377	0.258162	0.304867	0.259117	0.248801	0	0.444085	0.424953	0.407784	0.423287	0.405496	0.42162	0.349269	0.343401	0.347538	0.348644	0.380994	0.354835	0.350507	0.371162	0.327394	0.33612	0.351067	0.350673	0.340383	0.339978	0.398799	0.396219	0.351117	0.350738	0.440535	0.442901	0.432879	0.438106	0.444982	0.440455	0.354557	0.343447	0.344119	0.342762	0.343653	0.343724	0.342749	0.364559	0.343066	0.369047	0.343074	0.342848	0.45593	0.485874	0.455786	0.50271	0.458601	0.476652	0.343514	0.341839	0.341847	0.339177	0.338917	0.353916	0.511752	0.494203	0.496805	0.497125	0.504246	0.512567	0.516235	0.512247	0.521965	0.521009	0.514158	0.514065	0.455466	0.446563	0.457351	0.465001	0.456375	0.457757	0.481822	0.479581	0.487742	0.484459	0.476685	0.484488	0.419484	0.432099	0.4747	0.427216	0.437072	0.434953
ERR608919	0.394595	0.407941	0.409107	0.376592	0.394282	0.393749	0.421114	0.437943	0.409667	0.438904	0.435767	0.444085	0	0.280954	0.326616	0.281916	0.303217	0.282091	0.391253	0.400996	0.38879	0.390773	0.383691	0.388969	0.404224	0.399109	0.420155	0.404341	0.403637	0.401372	0.419477	0.422009	0.421082	0.420761	0.407337	0.409538	0.496833	0.495463	0.508309	0.49958	0.497748	0.496808	0.359049	0.376569	0.374597	0.38046	0.376596	0.370616	0.380807	0.353469	0.384377	0.357461	0.384246	0.384415	0.563876	0.572615	0.560821	0.5889	0.564056	0.573693	0.387384	0.39063	0.393028	0.397275	0.396537	0.375093	0.625431	0.612971	0.608791	0.611504	0.622125	0.626227	0.613121	0.611222	0.613758	0.611745	0.611976	0.614223	0.494956	0.494057	0.496811	0.495553	0.496204	0.492558	0.58868	0.585025	0.593193	0.591198	0.588789	0.590738	0.518957	0.515442	0.515399	0.510926	0.507709	0.516041
ERR608924	0.384575	0.395591	0.396348	0.381625	0.384268	0.386154	0.407328	0.415325	0.404461	0.416033	0.41978	0.424953	0.280954	0	0.292264	0.258348	0.277017	0.258322	0.376921	0.382963	0.376543	0.377361	0.376051	0.37549	0.394919	0.39678	0.404899	0.396498	0.39441	0.393778	0.39522	0.396778	0.400069	0.398825	0.385975	0.38715	0.495831	0.495123	0.501633	0.496596	0.495745	0.495662	0.347615	0.363372	0.362202	0.362781	0.363379	0.357864	0.366933	0.349717	0.369588	0.35092	0.367732	0.3674	0.541784	0.55246	0.539648	0.566328	0.542157	0.550919	0.378619	0.381784	0.382303	0.385265	0.385633	0.373722	0.605053	0.594369	0.592272	0.59398	0.60152	0.605944	0.599222	0.597472	0.602112	0.600968	0.597903	0.599085	0.495456	0.492446	0.497206	0.499472	0.496405	0.49562	0.5732	0.57027	0.576591	0.574802	0.571807	0.574408	0.515023	0.51178	0.526279	0.511549	0.510873	0.512631
ERR608921	0.392444	0.385021	0.385628	0.407644	0.392324	0.38914	0.412361	0.415773	0.436342	0.416869	0.408589	0.407784	0.326616	0.292264	0	0.288754	0.252827	0.285371	0.379835	0.377289	0.378932	0.379539	0.408144	0.384623	0.41299	0.427538	0.39678	0.400741	0.413084	0.412246	0.390408	0.392063	0.442656	0.440315	0.399298	0.398975	0.499342	0.501112	0.49649	0.49859	0.503189	0.499327	0.35869	0.349276	0.349151	0.351076	0.349549	0.34974	0.357089	0.373466	0.356983	0.380206	0.357428	0.357655	0.546716	0.576468	0.546841	0.592072	0.549644	0.568027	0.377421	0.3761	0.376479	0.37584	0.376025	0.383326	0.608755	0.590366	0.593408	0.592962	0.600913	0.609713	0.613023	0.609933	0.617976	0.617514	0.611203	0.610968	0.526677	0.518589	0.529192	0.535411	0.528081	0.527771	0.575286	0.573186	0.581572	0.57867	0.570627	0.578817	0.51247	0.526856	0.559218	0.518295	0.526053	0.529941
ERR608923	0.383629	0.394002	0.394663	0.381378	0.383392	0.385014	0.406464	0.414383	0.405252	0.415036	0.418207	0.423287	0.281916	0.258348	0.288754	0	0.274043	0.257673	0.375912	0.381324	0.37541	0.376466	0.376537	0.374766	0.39448	0.396899	0.403441	0.395588	0.394111	0.39343	0.394114	0.395546	0.40184	0.400543	0.385736	0.386827	0.49505	0.494443	0.500426	0.49561	0.495044	0.494755	0.346997	0.361697	0.360335	0.360987	0.361701	0.35633	0.364985	0.349313	0.367788	0.350843	0.36574	0.365379	0.541505	0.553394	0.539445	0.567528	0.542181	0.551706	0.377431	0.380604	0.381309	0.383833	0.38419	0.373046	0.60565	0.594419	0.592666	0.594293	0.601872	0.606545	0.600617	0.598741	0.60358	0.602301	0.599122	0.600481	0.496284	0.492896	0.498234	0.500724	0.497317	0.496402	0.573682	0.570774	0.577251	0.575134	0.571886	0.574949	0.514207	0.511674	0.527291	0.510903	0.510803	0.512755
ERR608920	0.380243	0.378189	0.379079	0.388183	0.379979	0.377521	0.403176	0.409995	0.420773	0.411315	0.403737	0.405496	0.303217	0.277017	0.252827	0.274043	0	0.271025	0.370359	0.370888	0.369248	0.369958	0.392509	0.373825	0.399898	0.410948	0.391117	0.390073	0.39993	0.398606	0.385398	0.387194	0.429399	0.42712	0.389453	0.389857	0.48939	0.49034	0.48997	0.489419	0.492414	0.489284	0.344643	0.342327	0.34154	0.344515	0.34245	0.340656	0.348915	0.356495	0.349871	0.362752	0.350147	0.350495	0.54311	0.569389	0.542527	0.585719	0.545413	0.562682	0.366753	0.366501	0.367709	0.368301	0.368165	0.368595	0.608599	0.591061	0.59252	0.592808	0.601574	0.609537	0.609548	0.606593	0.613576	0.612725	0.607631	0.608049	0.511787	0.504859	0.514209	0.519496	0.513308	0.512174	0.573872	0.571294	0.579996	0.577094	0.570111	0.577197	0.505299	0.516062	0.543416	0.50811	0.513759	0.518762
ERR608922	0.383183	0.393064	0.393627	0.381533	0.382924	0.384414	0.405854	0.41363	0.405402	0.414214	0.416657	0.42162	0.282091	0.258322	0.285371	0.257673	0.271025	0	0.374727	0.380087	0.37426	0.375061	0.376754	0.373845	0.39453	0.397478	0.402345	0.394703	0.394308	0.393155	0.392869	0.394272	0.403493	0.401851	0.385019	0.386228	0.494497	0.494001	0.499723	0.495163	0.494653	0.494313	0.346051	0.360181	0.358781	0.359525	0.36018	0.354763	0.363615	0.349229	0.366395	0.351015	0.36449	0.364204	0.54109	0.554193	0.539165	0.568608	0.541814	0.552003	0.376171	0.379017	0.379811	0.382234	0.382538	0.372085	0.606095	0.594284	0.592768	0.594351	0.602005	0.606982	0.601228	0.599253	0.604319	0.603175	0.599819	0.600964	0.496868	0.493126	0.498743	0.501579	0.498165	0.497263	0.573807	0.570923	0.577451	0.57533	0.571824	0.575093	0.513353	0.511564	0.527844	0.510317	0.510705	0.512716
ERR612254	0.356506	0.356042	0.356818	0.369799	0.356059	0.357204	0.342991	0.345463	0.357747	0.345755	0.346783	0.349269	0.391253	0.376921	0.379835	0.375912	0.370359	0.374727	0	0.255657	0.254788	0.254106	0.276762	0.255079	0.324658	0.337552	0.321776	0.320795	0.324526	0.324671	0.34458	0.346124	0.379551	0.376983	0.346164	0.346275	0.484826	0.486008	0.482936	0.484096	0.487011	0.484725	0.307254	0.308697	0.30839	0.307671	0.308511	0.307016	0.324384	0.328996	0.325817	0.330934	0.324503	0.324479	0.50895	0.532299	0.508488	0.547548	0.510728	0.526109	0.348062	0.349199	0.347828	0.34804	0.34863	0.351386	0.578747	0.564246	0.565621	0.565669	0.572469	0.579336	0.582426	0.580017	0.587267	0.586972	0.580913	0.581064	0.496064	0.489661	0.497728	0.503563	0.496982	0.497713	0.549003	0.546584	0.553406	0.550783	0.545227	0.550671	0.47142	0.474015	0.504237	0.47273	0.476834	0.476193
ERR612251	0.358677	0.354258	0.355137	0.376187	0.358309	0.358497	0.34282	0.342638	0.364142	0.342766	0.342551	0.343401	0.400996	0.382963	0.377289	0.381324	0.370888	0.380087	0.255657	0	0.255186	0.254951	0.287708	0.259684	0.329403	0.34558	0.319352	0.322562	0.329314	0.329423	0.341011	0.341627	0.383834	0.380947	0.345924	0.345546	0.485546	0.486959	0.481465	0.484073	0.488054	0.485292	0.310113	0.307367	0.307334	0.30532	0.307012	0.306324	0.32226	0.333793	0.323308	0.336247	0.321794	0.321368	0.506224	0.53238	0.506253	0.547569	0.508471	0.524891	0.348072	0.348678	0.347906	0.34712	0.347874	0.354826	0.575347	0.559692	0.562225	0.56189	0.568413	0.576078	0.581526	0.578621	0.586883	0.586565	0.579986	0.579915	0.499953	0.49256	0.501909	0.508303	0.500905	0.502	0.545806	0.543642	0.550708	0.547939	0.541163	0.548146	0.470404	0.476328	0.511406	0.474103	0.480181	0.479065
ERR612252	0.356471	0.355194	0.356272	0.367031	0.355896	0.356179	0.340147	0.344671	0.355847	0.345127	0.343989	0.347538	0.38879	0.376543	0.378932	0.37541	0.369248	0.37426	0.254788	0.255186	0	0.25367	0.278872	0.257189	0.323779	0.33581	0.321091	0.318612	0.32346	0.323018	0.34508	0.34614	0.381385	0.378868	0.345915	0.346548	0.482249	0.483287	0.481038	0.481567	0.484623	0.482056	0.307256	0.308405	0.308101	0.308132	0.308163	0.306419	0.323015	0.326962	0.32445	0.32993	0.323477	0.323514	0.510269	0.533864	0.509558	0.549866	0.51214	0.527862	0.346431	0.347408	0.347336	0.347688	0.347734	0.349148	0.57954	0.5642	0.56509	0.565714	0.573174	0.580221	0.582527	0.579714	0.586955	0.586211	0.581101	0.581537	0.493154	0.486792	0.495226	0.500441	0.494369	0.494441	0.548397	0.545559	0.553445	0.550472	0.544392	0.550569	0.46771	0.470945	0.500948	0.468615	0.472755	0.473632
ERR612253	0.357285	0.35586	0.356827	0.37003	0.356734	0.357412	0.342675	0.345428	0.357412	0.345744	0.346004	0.348644	0.390773	0.377361	0.379539	0.376466	0.369958	0.375061	0.254106	0.254951	0.25367	0	0.278609	0.256544	0.325249	0.338007	0.321548	0.320425	0.324972	0.324842	0.344286	0.345963	0.380689	0.378158	0.346388	0.346019	0.484638	0.485913	0.482698	0.483833	0.487035	0.484524	0.308214	0.309101	0.308795	0.308488	0.308868	0.307247	0.32396	0.328862	0.325128	0.331236	0.324254	0.324011	0.509	0.53279	0.508517	0.548233	0.510806	0.526525	0.347921	0.348853	0.347964	0.348008	0.348563	0.351357	0.578005	0.563297	0.5645	0.564483	0.571897	0.578825	0.581652	0.579136	0.586232	0.585999	0.580207	0.580329	0.496083	0.489597	0.497995	0.503497	0.497174	0.49748	0.54773	0.545447	0.5525	0.549976	0.544078	0.550051	0.470756	0.473975	0.503839	0.472075	0.476611	0.476299
ERR612255	0.369989	0.380926	0.381731	0.371642	0.369465	0.373545	0.358476	0.363841	0.349322	0.363602	0.37475	0.380994	0.383691	0.376051	0.408144	0.376537	0.392509	0.376754	0.276762	0.287708	0.278872	0.278609	0	0.270956	0.328569	0.327271	0.349273	0.338988	0.327959	0.328159	0.367461	0.368694	0.364487	0.362617	0.356891	0.357626	0.495078	0.494761	0.498339	0.495257	0.494729	0.494829	0.322687	0.340575	0.339724	0.337778	0.340383	0.335244	0.352554	0.334941	0.355384	0.332558	0.352386	0.35196	0.517171	0.524593	0.514919	0.537548	0.516828	0.524047	0.368168	0.371819	0.371151	0.373336	0.374016	0.36487	0.583149	0.57498	0.572447	0.574117	0.580296	0.583643	0.580057	0.578668	0.583368	0.582863	0.578986	0.580196	0.48765	0.484912	0.488888	0.491413	0.488195	0.488575	0.555758	0.552854	0.557797	0.556098	0.554226	0.555771	0.486161	0.473777	0.487564	0.480516	0.477078	0.473962
ERR612256	0.35764	0.359803	0.3606	0.368628	0.357176	0.359018	0.344757	0.347676	0.354292	0.347797	0.351617	0.354835	0.388969	0.37549	0.384623	0.374766	0.373825	0.373845	0.255079	0.259684	0.257189	0.256544	0.270956	0	0.323496	0.333462	0.325922	0.322986	0.322978	0.323323	0.347949	0.349302	0.375106	0.37251	0.346902	0.346826	0.4858	0.486499	0.48491	0.485136	0.4873	0.485674	0.308579	0.314044	0.31363	0.312558	0.313898	0.311392	0.328851	0.32872	0.330725	0.329652	0.328934	0.328805	0.509298	0.529614	0.508492	0.544236	0.510611	0.524433	0.351017	0.352802	0.351558	0.352221	0.352944	0.35309	0.579076	0.565914	0.566598	0.566896	0.573558	0.579794	0.581625	0.579418	0.586251	0.585957	0.580355	0.580622	0.493256	0.487546	0.495009	0.500108	0.494146	0.494834	0.549828	0.547383	0.553729	0.551355	0.546608	0.551365	0.473558	0.472575	0.500063	0.473259	0.475827	0.474716
ERR612604	0.345685	0.354162	0.355367	0.349767	0.345519	0.347711	0.332052	0.338684	0.335365	0.339182	0.345179	0.350507	0.404224	0.394919	0.41299	0.39448	0.399898	0.39453	0.324658	0.329403	0.323779	0.325249	0.328569	0.323496	0	0.257987	0.266985	0.255778	0.249256	0.247929	0.364399	0.364149	0.382331	0.379845	0.359234	0.359699	0.448222	0.447134	0.452952	0.448344	0.446838	0.447736	0.324977	0.338	0.33748	0.335765	0.33825	0.332444	0.342154	0.33468	0.345283	0.336527	0.342046	0.34203	0.491082	0.503594	0.489211	0.51792	0.49147	0.501225	0.343567	0.346415	0.347108	0.348476	0.349019	0.343445	0.56582	0.556033	0.554011	0.555656	0.56236	0.566325	0.561006	0.558738	0.56411	0.563286	0.559814	0.560947	0.452145	0.447365	0.453428	0.457134	0.452874	0.452837	0.536552	0.533205	0.539666	0.537213	0.534206	0.537256	0.435252	0.425848	0.446762	0.42982	0.427825	0.426787
ERR612602	0.356141	0.370435	0.371405	0.351412	0.356061	0.359089	0.344139	0.355088	0.33619	0.35542	0.363756	0.371162	0.399109	0.39678	0.427538	0.396899	0.410948	0.397478	0.337552	0.34558	0.33581	0.338007	0.327271	0.333462	0.257987	0	0.289325	0.270919	0.257849	0.256187	0.38182	0.381586	0.383814	0.382058	0.370971	0.372326	0.455732	0.45376	0.464032	0.456795	0.453324	0.45514	0.33529	0.355144	0.354259	0.352912	0.355424	0.348438	0.358649	0.340075	0.362506	0.340547	0.358663	0.358772	0.504025	0.509287	0.501411	0.523039	0.503662	0.509831	0.35654	0.360496	0.36224	0.364749	0.364809	0.352121	0.576763	0.568655	0.564893	0.56749	0.574382	0.577164	0.567609	0.565674	0.569703	0.568341	0.566643	0.568469	0.450857	0.448151	0.451773	0.4537	0.451504	0.451017	0.547524	0.543573	0.549997	0.547644	0.546148	0.547478	0.444872	0.428401	0.437626	0.435274	0.428193	0.428043
ERR612601	0.344743	0.33944	0.340339	0.362885	0.3446	0.343681	0.328304	0.329676	0.352415	0.330588	0.327563	0.327394	0.420155	0.404899	0.39678	0.403441	0.391117	0.402345	0.321776	0.319352	0.321091	0.321548	0.349273	0.325922	0.266985	0.289325	0	0.251805	0.267585	0.266351	0.350743	0.350834	0.397901	0.394911	0.357619	0.356344	0.445458	0.446377	0.442753	0.444207	0.447107	0.445205	0.325254	0.32158	0.321821	0.320348	0.321918	0.320309	0.32805	0.341428	0.328851	0.345824	0.327202	0.327218	0.483282	0.50838	0.483055	0.523501	0.485333	0.501163	0.334945	0.334583	0.334717	0.333846	0.334372	0.34251	0.554127	0.539697	0.541293	0.54104	0.547812	0.554743	0.556106	0.553321	0.560857	0.560554	0.554638	0.554593	0.46595	0.458061	0.467732	0.473936	0.466968	0.467675	0.523945	0.521516	0.528771	0.525948	0.520044	0.526303	0.427944	0.435548	0.471413	0.432115	0.43829	0.438445
ERR612603	0.342316	0.343007	0.344288	0.34934	0.342009	0.341224	0.326146	0.333885	0.340714	0.33488	0.331714	0.33612	0.404341	0.396498	0.400741	0.395588	0.390073	0.394703	0.320795	0.322562	0.318612	0.320425	0.338988	0.322986	0.255778	0.270919	0.251805	0	0.256208	0.254165	0.356846	0.357003	0.393752	0.391247	0.357523	0.357792	0.442343	0.442068	0.444858	0.442237	0.443358	0.441859	0.32145	0.325128	0.324868	0.325526	0.325239	0.321716	0.329886	0.332592	0.332221	0.337367	0.330913	0.330913	0.490867	0.511506	0.489539	0.527668	0.492229	0.506615	0.333612	0.334413	0.335662	0.336222	0.336168	0.335447	0.563772	0.549859	0.549181	0.55037	0.55836	0.564351	0.560552	0.557686	0.563934	0.56287	0.559082	0.559974	0.45631	0.450097	0.45814	0.462834	0.457604	0.45688	0.531247	0.52783	0.536161	0.533158	0.528115	0.533303	0.426037	0.427825	0.455016	0.424601	0.427591	0.430015
ERR612606	0.345767	0.354604	0.355681	0.349923	0.345729	0.34804	0.332604	0.339387	0.335759	0.340087	0.345831	0.351067	0.403637	0.39441	0.413084	0.394111	0.39993	0.394308	0.324526	0.329314	0.32346	0.324972	0.327959	0.322978	0.249256	0.257849	0.267585	0.256208	0	0.248086	0.36486	0.364648	0.382394	0.379901	0.359802	0.360099	0.44876	0.447682	0.453575	0.448895	0.447412	0.448167	0.32492	0.338233	0.337659	0.335741	0.338476	0.332757	0.342742	0.334957	0.345768	0.336516	0.34238	0.342506	0.491529	0.504037	0.489816	0.51808	0.492099	0.501536	0.344076	0.346886	0.347529	0.349159	0.349712	0.343789	0.566345	0.556592	0.554692	0.556226	0.562832	0.566876	0.56133	0.559378	0.564578	0.563708	0.560378	0.561365	0.452343	0.447779	0.453639	0.457477	0.453424	0.453191	0.537221	0.533765	0.540412	0.537919	0.534876	0.53788	0.435966	0.426463	0.447265	0.430526	0.428465	0.427372
ERR612605	0.344813	0.353522	0.354591	0.34757	0.344666	0.346501	0.33187	0.339474	0.33494	0.340237	0.345102	0.350673	0.401372	0.393778	0.412246	0.39343	0.398606	0.393155	0.324671	0.329423	0.323018	0.324842	0.328159	0.323323	0.247929	0.256187	0.266351	0.254165	0.248086	0	0.365155	0.365144	0.383591	0.381191	0.359902	0.360477	0.446878	0.445903	0.452258	0.44724	0.445713	0.446565	0.323866	0.336895	0.336588	0.335034	0.337365	0.331677	0.341637	0.333109	0.344777	0.33554	0.34174	0.341572	0.492937	0.505611	0.491026	0.520175	0.49341	0.503299	0.342521	0.345264	0.346133	0.347906	0.348271	0.341861	0.567901	0.55787	0.555667	0.557328	0.564313	0.568382	0.562474	0.560263	0.565434	0.564474	0.56137	0.562508	0.45147	0.446775	0.452781	0.456353	0.452375	0.452104	0.538076	0.534412	0.54128	0.538817	0.535733	0.538737	0.434367	0.425385	0.44557	0.428531	0.42667	0.426192
ERR626866	0.3393	0.332156	0.332741	0.363643	0.339312	0.34015	0.342254	0.336596	0.363555	0.336712	0.341173	0.340383	0.419477	0.39522	0.390408	0.394114	0.385398	0.392869	0.34458	0.341011	0.34508	0.344286	0.367461	0.347949	0.364399	0.38182	0.350743	0.356846	0.36486	0.365155	0	0.245168	0.305029	0.301835	0.253327	0.251769	0.453173	0.454931	0.446588	0.450525	0.455411	0.452894	0.323573	0.321461	0.321821	0.317017	0.321111	0.319488	0.30684	0.321364	0.308091	0.322645	0.305946	0.304907	0.453535	0.477924	0.453055	0.493605	0.45495	0.469698	0.295483	0.295095	0.292722	0.290381	0.291816	0.305304	0.522359	0.508795	0.510659	0.510751	0.516217	0.522936	0.524539	0.522001	0.530756	0.530416	0.522791	0.522661	0.455306	0.447458	0.457441	0.464207	0.45642	0.457955	0.491531	0.489571	0.495368	0.493239	0.487121	0.493103	0.458194	0.462505	0.49916	0.462838	0.469818	0.464797
ERR626861	0.3401	0.33313	0.333661	0.364368	0.340362	0.341112	0.341483	0.335783	0.363507	0.335943	0.340487	0.339978	0.422009	0.396778	0.392063	0.395546	0.387194	0.394272	0.346124	0.341627	0.34614	0.345963	0.368694	0.349302	0.364149	0.381586	0.350834	0.357003	0.364648	0.365144	0.245168	0	0.304715	0.302034	0.252497	0.251623	0.452565	0.45412	0.446106	0.449747	0.45455	0.452034	0.325188	0.32337	0.323742	0.318404	0.3229	0.320886	0.307331	0.322271	0.308716	0.32331	0.306269	0.30516	0.452658	0.476651	0.4521	0.492093	0.45396	0.468302	0.296583	0.296462	0.294673	0.292295	0.293442	0.306912	0.521666	0.508075	0.50979	0.51023	0.515584	0.522355	0.524023	0.521122	0.530277	0.529628	0.522082	0.522326	0.453593	0.445886	0.455864	0.462725	0.454717	0.456252	0.491158	0.488775	0.494851	0.492473	0.48608	0.492382	0.457265	0.461118	0.498433	0.461602	0.468614	0.463524
ERR626865	0.373658	0.386229	0.386498	0.383457	0.3737	0.380809	0.376503	0.372249	0.361496	0.370797	0.39433	0.398799	0.421082	0.400069	0.442656	0.40184	0.429399	0.403493	0.379551	0.383834	0.381385	0.380689	0.364487	0.375106	0.382331	0.383814	0.397901	0.393752	0.382394	0.383591	0.305029	0.304715	0	0.257478	0.283394	0.28347	0.483996	0.483591	0.484756	0.482424	0.481363	0.483762	0.357729	0.379513	0.379103	0.371639	0.379239	0.372426	0.364425	0.341326	0.367989	0.33239	0.362526	0.360491	0.469346	0.457198	0.465849	0.46524	0.466399	0.460862	0.348248	0.353308	0.35153	0.353046	0.35505	0.346723	0.520823	0.522437	0.517408	0.520059	0.522108	0.520948	0.511018	0.510917	0.514877	0.514491	0.509694	0.511526	0.449535	0.449067	0.450008	0.451488	0.449451	0.452298	0.49988	0.49767	0.497335	0.497516	0.500223	0.496496	0.494057	0.47527	0.489264	0.489254	0.486003	0.474186
ERR626864	0.371033	0.383516	0.38374	0.381866	0.371167	0.378213	0.374282	0.369431	0.36032	0.368307	0.392041	0.396219	0.420761	0.398825	0.440315	0.400543	0.42712	0.401851	0.376983	0.380947	0.378868	0.378158	0.362617	0.37251	0.379845	0.382058	0.394911	0.391247	0.379901	0.381191	0.301835	0.302034	0.257478	0	0.280929	0.280755	0.482938	0.482612	0.483297	0.481227	0.480293	0.482461	0.355014	0.376688	0.376305	0.368701	0.376353	0.369664	0.361621	0.338954	0.365431	0.330203	0.359525	0.357615	0.467362	0.456161	0.46382	0.464492	0.464486	0.459559	0.345377	0.350458	0.348515	0.349894	0.352009	0.344618	0.520033	0.521321	0.516638	0.519075	0.521169	0.520071	0.510588	0.510795	0.514794	0.51463	0.50958	0.511165	0.449171	0.448447	0.449715	0.451361	0.44945	0.452057	0.499153	0.496991	0.496554	0.496778	0.499171	0.495837	0.492633	0.474149	0.489235	0.488217	0.485102	0.473163
ERR626862	0.339185	0.33987	0.340471	0.355069	0.339253	0.341613	0.341097	0.338689	0.350691	0.338866	0.348419	0.351117	0.407337	0.385975	0.399298	0.385736	0.389453	0.385019	0.346164	0.345924	0.345915	0.346388	0.356891	0.346902	0.359234	0.370971	0.357619	0.357523	0.359802	0.359902	0.253327	0.252497	0.283394	0.280929	0	0.248262	0.453704	0.454467	0.451335	0.45189	0.45458	0.453304	0.32266	0.330454	0.330105	0.325502	0.330058	0.325875	0.314006	0.312956	0.316719	0.311853	0.313647	0.312407	0.454731	0.469187	0.45324	0.484166	0.454889	0.464513	0.299924	0.302047	0.300713	0.300653	0.301433	0.303801	0.522604	0.512302	0.511376	0.512946	0.518597	0.523075	0.519755	0.517419	0.524975	0.523816	0.518199	0.519286	0.443067	0.437372	0.444898	0.449782	0.443981	0.445091	0.492533	0.489698	0.495093	0.493239	0.489108	0.492921	0.46075	0.457352	0.486545	0.460997	0.464221	0.458638
ERR626863	0.338935	0.339229	0.339739	0.357188	0.339202	0.341787	0.342814	0.338908	0.352127	0.338859	0.348885	0.350738	0.409538	0.38715	0.398975	0.386827	0.389857	0.386228	0.346275	0.345546	0.346548	0.346019	0.357626	0.346826	0.359699	0.372326	0.356344	0.357792	0.360099	0.360477	0.251769	0.251623	0.28347	0.280755	0.248262	0	0.454783	0.455804	0.451492	0.452857	0.455859	0.454421	0.323231	0.330029	0.329952	0.325036	0.329655	0.325765	0.313969	0.314401	0.316236	0.313147	0.313415	0.31203	0.45325	0.468122	0.451637	0.48267	0.453319	0.463097	0.300057	0.301945	0.299961	0.299295	0.3008	0.305024	0.520397	0.510543	0.510086	0.511144	0.516555	0.520926	0.51841	0.516449	0.523797	0.523204	0.516881	0.517565	0.445356	0.439493	0.447075	0.452168	0.446164	0.44751	0.491172	0.488844	0.493496	0.492051	0.488124	0.491541	0.461843	0.458934	0.488466	0.46278	0.466543	0.460333
ERR631830	0.391849	0.394607	0.394305	0.393709	0.39128	0.388733	0.4364	0.445019	0.451298	0.446354	0.439316	0.440535	0.496833	0.495831	0.499342	0.49505	0.48939	0.494497	0.484826	0.485546	0.482249	0.484638	0.495078	0.4858	0.448222	0.455732	0.445458	0.442343	0.44876	0.446878	0.453173	0.452565	0.483996	0.482938	0.453704	0.454783	0	0.221472	0.231196	0.222966	0.224174	0.220948	0.436378	0.440231	0.440353	0.440763	0.440693	0.437061	0.439732	0.442497	0.441212	0.448156	0.440793	0.44102	0.380707	0.403094	0.378453	0.424138	0.381975	0.397858	0.406223	0.4072	0.410243	0.411922	0.410428	0.406805	0.455488	0.442222	0.439505	0.441255	0.451386	0.456228	0.453176	0.450125	0.456629	0.454741	0.451173	0.453558	0.310569	0.300722	0.313361	0.322503	0.31226	0.311131	0.426884	0.423301	0.43259	0.429225	0.426121	0.429406	0.31842	0.323939	0.361979	0.317364	0.321914	0.327269
ERR631828	0.391029	0.395746	0.395612	0.391008	0.390497	0.388507	0.437045	0.446336	0.450785	0.447702	0.441274	0.442901	0.495463	0.495123	0.501112	0.494443	0.49034	0.494001	0.486008	0.486959	0.483287	0.485913	0.494761	0.486499	0.447134	0.45376	0.446377	0.442068	0.447682	0.445903	0.454931	0.45412	0.483591	0.482612	0.454467	0.455804	0.221472	0	0.235057	0.224006	0.222715	0.221244	0.436177	0.441722	0.441656	0.442	0.442056	0.437861	0.440912	0.441878	0.442603	0.447277	0.441883	0.44196	0.384889	0.404759	0.382299	0.425542	0.385892	0.400181	0.40669	0.407959	0.411295	0.413215	0.41159	0.406552	0.46172	0.449492	0.446182	0.448214	0.458298	0.462528	0.457918	0.454662	0.460849	0.458507	0.455967	0.458588	0.306642	0.297419	0.309141	0.317916	0.308271	0.306996	0.433106	0.429025	0.438271	0.434833	0.432231	0.435075	0.320508	0.323033	0.358125	0.31742	0.32009	0.325755
ERR631827	0.396992	0.393843	0.393121	0.408148	0.396583	0.393659	0.435554	0.439944	0.456475	0.441186	0.434119	0.432879	0.508309	0.501633	0.49649	0.500426	0.48997	0.499723	0.482936	0.481465	0.481038	0.482698	0.498339	0.48491	0.452952	0.464032	0.442753	0.444858	0.453575	0.452258	0.446588	0.446106	0.484756	0.483297	0.451335	0.451492	0.231196	0.235057	0	0.228694	0.236903	0.231575	0.43961	0.438321	0.438853	0.438053	0.438661	0.436637	0.437955	0.447492	0.438672	0.453055	0.438045	0.438203	0.364172	0.396071	0.363363	0.416249	0.366607	0.386234	0.408243	0.408383	0.410643	0.411002	0.410075	0.412926	0.433559	0.417837	0.418461	0.418201	0.427112	0.434216	0.440212	0.436628	0.446086	0.444909	0.437844	0.438602	0.327914	0.315623	0.330837	0.342206	0.329585	0.330272	0.407933	0.405427	0.41428	0.410756	0.405404	0.411284	0.316774	0.331152	0.381056	0.323268	0.333436	0.335277
ERR631825	0.391892	0.393807	0.393304	0.396184	0.391417	0.389135	0.435209	0.442583	0.451582	0.443846	0.437344	0.438106	0.49958	0.496596	0.49859	0.49561	0.489419	0.495163	0.484096	0.484073	0.481567	0.483833	0.495257	0.485136	0.448344	0.456795	0.444207	0.442237	0.448895	0.44724	0.450525	0.449747	0.482424	0.481227	0.45189	0.452857	0.222966	0.224006	0.228694	0	0.225094	0.222885	0.436265	0.439433	0.439649	0.439455	0.439832	0.43635	0.438877	0.442871	0.440119	0.448532	0.4394	0.439621	0.375213	0.399327	0.373163	0.420227	0.376607	0.392944	0.406106	0.406835	0.409957	0.411297	0.409927	0.40777	0.449575	0.436205	0.434274	0.435653	0.445132	0.450417	0.4496	0.446274	0.453715	0.451787	0.447447	0.449547	0.312913	0.30226	0.3155	0.325519	0.314453	0.314165	0.422023	0.41865	0.427731	0.424166	0.42068	0.424535	0.317428	0.324075	0.365564	0.317797	0.32347	0.327476
ERR631826	0.389989	0.397033	0.396614	0.39105	0.389614	0.388874	0.438837	0.446664	0.451453	0.448029	0.443769	0.444982	0.497748	0.495745	0.503189	0.495044	0.492414	0.494653	0.487011	0.488054	0.484623	0.487035	0.494729	0.4873	0.446838	0.453324	0.447107	0.443358	0.447412	0.445713	0.455411	0.45455	0.481363	0.480293	0.45458	0.455859	0.224174	0.222715	0.236903	0.225094	0	0.224154	0.43588	0.44327	0.443344	0.442214	0.443678	0.438948	0.442923	0.44302	0.444743	0.44816	0.44323	0.44342	0.381417	0.398683	0.378992	0.418491	0.382214	0.394692	0.408363	0.410074	0.412999	0.41499	0.413703	0.408562	0.461953	0.451834	0.44859	0.450556	0.459024	0.462662	0.459209	0.45674	0.462565	0.46063	0.457476	0.459912	0.304578	0.295726	0.307018	0.316111	0.30621	0.305566	0.435773	0.432165	0.439927	0.437061	0.435272	0.437163	0.324685	0.323692	0.358776	0.321171	0.322909	0.325926
ERR631829	0.391327	0.394097	0.39381	0.393091	0.390792	0.388256	0.43596	0.444542	0.451022	0.446034	0.439064	0.440455	0.496808	0.495662	0.499327	0.494755	0.489284	0.494313	0.484725	0.485292	0.482056	0.484524	0.494829	0.485674	0.447736	0.45514	0.445205	0.441859	0.448167	0.446565	0.452894	0.452034	0.483762	0.482461	0.453304	0.454421	0.220948	0.221244	0.231575	0.222885	0.224154	0	0.436169	0.440189	0.440149	0.440539	0.440562	0.436821	0.439555	0.442039	0.441048	0.447615	0.440547	0.440674	0.380552	0.402959	0.378332	0.423894	0.381909	0.397372	0.405897	0.406903	0.410209	0.411791	0.410317	0.406531	0.455803	0.442568	0.439865	0.441565	0.451685	0.456541	0.453474	0.450219	0.457021	0.454931	0.451644	0.453953	0.310034	0.300022	0.312733	0.322014	0.311689	0.310628	0.427261	0.423402	0.432774	0.429351	0.426102	0.429549	0.318376	0.323775	0.361612	0.31712	0.321467	0.326981
ERR636919	0.292183	0.301526	0.301934	0.302503	0.292292	0.294564	0.344199	0.350487	0.357136	0.351071	0.351545	0.354557	0.359049	0.347615	0.35869	0.346997	0.344643	0.346051	0.307254	0.310113	0.307256	0.308214	0.322687	0.308579	0.324977	0.33529	0.325254	0.32145	0.32492	0.323866	0.323573	0.325188	0.357729	0.355014	0.32266	0.323231	0.436378	0.436177	0.43961	0.436265	0.43588	0.436169	0	0.250676	0.250215	0.247502	0.250528	0.245038	0.286577	0.284926	0.289013	0.289194	0.2858	0.28608	0.487334	0.508871	0.486379	0.525027	0.489152	0.503464	0.297383	0.299511	0.299523	0.301393	0.302061	0.298641	0.570842	0.557071	0.557413	0.55804	0.565193	0.571549	0.571137	0.568938	0.575648	0.574947	0.569409	0.569944	0.451437	0.444429	0.453391	0.459102	0.452583	0.452166	0.538111	0.535386	0.542532	0.540091	0.534744	0.540004	0.458707	0.46134	0.488635	0.458843	0.46185	0.463388
ERR636923	0.301165	0.294555	0.295108	0.321441	0.300925	0.298268	0.346239	0.350726	0.372517	0.351813	0.344014	0.343447	0.376569	0.363372	0.349276	0.361697	0.342327	0.360181	0.308697	0.307367	0.308405	0.309101	0.340575	0.314044	0.338	0.355144	0.32158	0.325128	0.338233	0.336895	0.321461	0.32337	0.379513	0.376688	0.330454	0.330029	0.440231	0.441722	0.438321	0.439433	0.44327	0.440189	0.250676	0	0.237617	0.24079	0.237537	0.239632	0.279644	0.298415	0.279935	0.304988	0.280127	0.280631	0.490326	0.521073	0.490413	0.538022	0.493258	0.512534	0.297552	0.296447	0.295439	0.295267	0.295768	0.303922	0.566747	0.548762	0.551592	0.550998	0.558908	0.567468	0.57111	0.568374	0.576371	0.575979	0.568997	0.569001	0.468579	0.459945	0.471071	0.478142	0.470074	0.469795	0.532533	0.530181	0.538579	0.535458	0.528046	0.535661	0.457407	0.47041	0.505013	0.462831	0.470056	0.473742
ERR636924	0.300977	0.294988	0.29539	0.320043	0.300666	0.297971	0.345949	0.351146	0.371773	0.352241	0.344285	0.344119	0.374597	0.362202	0.349151	0.360335	0.34154	0.358781	0.30839	0.307334	0.308101	0.308795	0.339724	0.31363	0.33748	0.354259	0.321821	0.324868	0.337659	0.336588	0.321821	0.323742	0.379103	0.376305	0.330105	0.329952	0.440353	0.441656	0.438853	0.439649	0.443344	0.440149	0.250215	0.237617	0	0.241191	0.23753	0.239791	0.279377	0.297046	0.279825	0.303811	0.279746	0.280504	0.491311	0.521693	0.491309	0.538728	0.494261	0.513398	0.296792	0.295832	0.295035	0.295225	0.295545	0.302818	0.567649	0.549572	0.552227	0.551774	0.559862	0.568349	0.571518	0.5687	0.576702	0.576086	0.569488	0.569638	0.467803	0.459344	0.47029	0.477328	0.46941	0.468915	0.533236	0.530878	0.539376	0.536135	0.528769	0.536403	0.457313	0.470115	0.504056	0.462428	0.469382	0.473343
