	ERR608374	ERR608375	ERR608373	ERR608376	ERR608372	ERR608371	ERR630233	ERR630231	ERR630235	ERR630232	ERR630230	ERR630234	ERR608758	ERR608757	ERR608760	ERR608762	ERR608761	ERR608759	ERR608647	ERR608650	ERR608652	ERR608651	ERR608648	ERR608649	ERR618662	ERR618658	ERR618657	ERR618659	ERR618660	ERR618661	ERR631209	ERR631212	ERR631207	ERR631208	ERR631211	ERR631210	ERR608102	ERR608099	ERR608104	ERR608100	ERR608101	ERR608103	ERR607649	ERR607646	ERR607645	ERR607648	ERR607650	ERR607647	ERR617256	ERR617257	ERR617255	ERR617253	ERR617254	ERR617258	ERR616222	ERR616226	ERR616223	ERR616225	ERR616227	ERR616224	ERR613798	ERR613799	ERR613795	ERR613797	ERR613796	ERR613794	ERR618232	ERR618235	ERR618236	ERR618233	ERR618231	ERR618234	ERR618542	ERR618537	ERR618538	ERR618539	ERR618540	ERR618541	ERR626688	ERR626691	ERR626687	ERR626690	ERR626689	ERR626686	ERR607129	ERR607127	ERR607126	ERR607128	ERR607130	ERR607125	ERR618440	ERR618437	ERR618435	ERR618436	ERR618439	ERR618438
ERR608374	0	0.234332	0.253202	0.234542	0.253744	0.239914	0.430102	0.433398	0.435457	0.433773	0.428727	0.428871	0.304008	0.347145	0.297893	0.303302	0.296843	0.296168	0.288176	0.286971	0.279513	0.285908	0.278448	0.293191	0.395072	0.381176	0.382788	0.38221	0.392234	0.394102	0.469815	0.472994	0.473381	0.479372	0.471993	0.471091	0.301707	0.303643	0.304746	0.317572	0.316168	0.303839	0.302234	0.30662	0.296903	0.301438	0.299919	0.3007	0.548115	0.547227	0.561549	0.562245	0.557606	0.562129	0.44767	0.445995	0.450147	0.447368	0.450221	0.458583	0.401703	0.402142	0.40098	0.40174	0.405179	0.409766	0.509953	0.506057	0.504073	0.504127	0.504961	0.50314	0.54005	0.529967	0.52805	0.529302	0.536248	0.540985	0.395677	0.390978	0.392796	0.391537	0.391129	0.400879	0.508392	0.504739	0.50267	0.503648	0.505031	0.506248	0.520866	0.518013	0.517413	0.519817	0.520974	0.520553
ERR608375	0.234332	0	0.251093	0.232214	0.249051	0.238869	0.432509	0.43775	0.439225	0.437685	0.431154	0.431171	0.305923	0.352575	0.296505	0.304932	0.294891	0.295772	0.294767	0.284441	0.279644	0.283552	0.278431	0.290718	0.391731	0.379201	0.379494	0.379938	0.388298	0.390805	0.46561	0.469997	0.470091	0.475646	0.469309	0.468192	0.300588	0.300861	0.301111	0.312724	0.312992	0.300726	0.301172	0.30485	0.297289	0.300324	0.298885	0.300833	0.544799	0.543915	0.559055	0.561086	0.555342	0.562929	0.443686	0.441592	0.445448	0.442496	0.445451	0.453916	0.400513	0.40079	0.400052	0.400481	0.407596	0.4077	0.509111	0.505344	0.503526	0.502894	0.504982	0.501799	0.535801	0.526116	0.524861	0.525661	0.53194	0.536816	0.399186	0.390803	0.392691	0.391164	0.390692	0.399658	0.503589	0.500626	0.498479	0.498945	0.500806	0.501509	0.517919	0.516071	0.514925	0.518568	0.518165	0.517677
ERR608373	0.253202	0.251093	0	0.24988	0.23565	0.236438	0.430737	0.448298	0.441432	0.451555	0.432633	0.430953	0.325423	0.378302	0.308065	0.323269	0.303644	0.30823	0.315205	0.280116	0.279862	0.279773	0.280747	0.280359	0.388164	0.367922	0.363869	0.367812	0.379284	0.387256	0.458149	0.469723	0.468299	0.475928	0.468453	0.467377	0.314071	0.299226	0.313779	0.302937	0.298289	0.314136	0.297225	0.296168	0.29932	0.296535	0.297129	0.29696	0.533954	0.533093	0.555401	0.557534	0.551515	0.556213	0.45302	0.439867	0.45091	0.441502	0.442286	0.466618	0.402862	0.403033	0.399907	0.403097	0.41751	0.401056	0.506443	0.501493	0.498917	0.498719	0.499978	0.49694	0.528476	0.512273	0.512975	0.513187	0.521776	0.529356	0.410906	0.393166	0.39276	0.393678	0.393403	0.394022	0.513578	0.516518	0.513617	0.509791	0.511247	0.516951	0.503027	0.501718	0.497846	0.507457	0.50393	0.505207
ERR608376	0.234542	0.232214	0.24988	0	0.247636	0.23836	0.433289	0.43922	0.440548	0.43948	0.431994	0.431993	0.306088	0.354195	0.29591	0.30533	0.29429	0.295339	0.296118	0.28335	0.279013	0.282559	0.27811	0.289622	0.389983	0.377631	0.377436	0.377919	0.386333	0.389108	0.464459	0.469422	0.469451	0.474888	0.468607	0.467678	0.300936	0.300718	0.30122	0.311598	0.312158	0.300964	0.300702	0.304177	0.297771	0.300064	0.298896	0.30102	0.543199	0.542442	0.558091	0.560209	0.554352	0.562249	0.442827	0.440349	0.444326	0.441344	0.444076	0.453119	0.400521	0.400806	0.400065	0.400579	0.408446	0.4072	0.508541	0.504741	0.50306	0.50226	0.504499	0.501023	0.53442	0.524564	0.523463	0.524308	0.530421	0.535473	0.400848	0.391256	0.393068	0.391635	0.391354	0.39956	0.502624	0.500226	0.498047	0.498206	0.49992	0.501205	0.51633	0.514894	0.513402	0.517574	0.516733	0.516312
ERR608372	0.253744	0.249051	0.23565	0.247636	0	0.23788	0.437545	0.45568	0.449972	0.458112	0.438724	0.437265	0.325155	0.382591	0.304544	0.322953	0.300247	0.305931	0.321893	0.277658	0.280583	0.277638	0.281436	0.278329	0.382179	0.365512	0.359459	0.364178	0.373209	0.381377	0.452282	0.464896	0.463209	0.469895	0.464025	0.462943	0.312449	0.297797	0.30994	0.29795	0.297366	0.310587	0.298581	0.296165	0.302406	0.297827	0.298407	0.300446	0.5291	0.528445	0.551343	0.555383	0.547857	0.556653	0.444471	0.43142	0.441583	0.432722	0.433438	0.457077	0.402082	0.402371	0.400045	0.402414	0.421149	0.400104	0.505044	0.500799	0.498514	0.496894	0.50022	0.495412	0.522631	0.507558	0.5095	0.508859	0.5159	0.523488	0.416812	0.394778	0.395076	0.395165	0.395106	0.394846	0.503169	0.5074	0.504342	0.500024	0.501341	0.507145	0.499766	0.500262	0.495583	0.506827	0.500606	0.501839
ERR608371	0.239914	0.238869	0.236438	0.23836	0.23788	0	0.427102	0.438872	0.435359	0.440974	0.427408	0.426655	0.314607	0.3637	0.301412	0.312869	0.298169	0.300757	0.299395	0.278658	0.274882	0.277941	0.274773	0.281503	0.391407	0.373313	0.371924	0.373665	0.384952	0.390546	0.462894	0.471162	0.470554	0.477581	0.470171	0.469129	0.306616	0.29761	0.307431	0.306158	0.302743	0.307475	0.295075	0.296482	0.293444	0.294283	0.293683	0.294108	0.540963	0.540098	0.559206	0.560539	0.555099	0.559649	0.450543	0.441851	0.450369	0.443469	0.444948	0.463211	0.400182	0.400451	0.398168	0.40047	0.410219	0.402595	0.508143	0.503589	0.501226	0.501317	0.502284	0.499793	0.534107	0.520279	0.519923	0.520462	0.528558	0.535046	0.400722	0.388882	0.389414	0.389348	0.389067	0.394146	0.511714	0.51177	0.509182	0.50749	0.508964	0.512563	0.511031	0.50889	0.506531	0.512973	0.511742	0.512084
ERR630233	0.430102	0.432509	0.430737	0.433289	0.437545	0.427102	0	0.255145	0.242241	0.264056	0.236124	0.234745	0.456244	0.475342	0.454508	0.457068	0.452004	0.450366	0.421177	0.431015	0.423562	0.428594	0.422646	0.431545	0.536544	0.515	0.515935	0.518493	0.531472	0.535814	0.452341	0.453397	0.454057	0.462767	0.451298	0.450424	0.465216	0.458732	0.469011	0.468021	0.461237	0.468912	0.439949	0.443174	0.43436	0.44019	0.439064	0.436265	0.514236	0.513301	0.527739	0.520983	0.521935	0.513944	0.431456	0.426199	0.435384	0.430178	0.431495	0.447916	0.336712	0.337655	0.333061	0.33729	0.3299	0.343119	0.446624	0.440568	0.437766	0.442219	0.435109	0.439723	0.502395	0.485758	0.481378	0.485224	0.498475	0.503717	0.315153	0.320599	0.319993	0.321231	0.320558	0.330981	0.497874	0.491107	0.489127	0.491215	0.493111	0.494481	0.466585	0.457521	0.458916	0.455238	0.466803	0.46624
ERR630231	0.433398	0.43775	0.448298	0.43922	0.45568	0.438872	0.255145	0	0.242884	0.240014	0.249216	0.253209	0.456374	0.462174	0.46226	0.458209	0.461227	0.45693	0.414095	0.448138	0.436393	0.44535	0.434609	0.451496	0.555004	0.534544	0.538952	0.539109	0.552475	0.554296	0.484001	0.477202	0.479711	0.486973	0.474852	0.474516	0.471965	0.472866	0.477979	0.487795	0.481432	0.477102	0.455546	0.461667	0.445658	0.455506	0.453779	0.450468	0.54686	0.545512	0.551525	0.540873	0.545374	0.532717	0.449359	0.454995	0.458055	0.458719	0.462003	0.46298	0.358306	0.359395	0.356813	0.358695	0.330014	0.375029	0.467327	0.461617	0.459564	0.465991	0.456158	0.46419	0.534055	0.52249	0.515051	0.520143	0.532666	0.53513	0.308294	0.339336	0.340511	0.340277	0.338922	0.360019	0.514895	0.500213	0.499131	0.506786	0.509116	0.504922	0.503698	0.492157	0.497169	0.485158	0.503257	0.501487
ERR630235	0.435457	0.439225	0.441432	0.440548	0.449972	0.435359	0.242241	0.242884	0	0.251479	0.240661	0.241921	0.462361	0.472577	0.464806	0.463588	0.462758	0.45984	0.418464	0.44365	0.433191	0.440909	0.431744	0.445404	0.554342	0.531438	0.534311	0.535621	0.550177	0.553506	0.478294	0.476071	0.477685	0.486261	0.473681	0.473088	0.474024	0.469546	0.479371	0.482459	0.474389	0.478776	0.449839	0.454839	0.441554	0.449942	0.448447	0.444656	0.540909	0.539677	0.550347	0.540248	0.543868	0.530518	0.452645	0.450755	0.45877	0.454811	0.456772	0.468534	0.354396	0.355293	0.350935	0.35501	0.334131	0.364915	0.465604	0.459145	0.456602	0.46334	0.453077	0.460779	0.529159	0.513562	0.507561	0.512158	0.525992	0.530492	0.311348	0.334162	0.333964	0.335133	0.333953	0.349959	0.518333	0.508001	0.506184	0.510847	0.512925	0.511959	0.494228	0.482967	0.486289	0.478206	0.494301	0.493301
ERR630232	0.433773	0.437685	0.451555	0.43948	0.458112	0.440974	0.264056	0.240014	0.251479	0	0.25626	0.26179	0.453252	0.456728	0.460398	0.455425	0.460184	0.455047	0.413912	0.450353	0.438661	0.447553	0.436357	0.454023	0.552831	0.533731	0.53858	0.538351	0.551231	0.551955	0.484392	0.475205	0.478216	0.4848	0.473171	0.472683	0.471215	0.474315	0.477035	0.489797	0.484199	0.47593	0.458021	0.464524	0.447933	0.458133	0.456037	0.453217	0.545387	0.544412	0.548131	0.537553	0.541967	0.530797	0.446416	0.456222	0.456575	0.459917	0.463639	0.458371	0.360059	0.360868	0.359382	0.360483	0.328885	0.379229	0.464765	0.459839	0.45795	0.464333	0.454385	0.462266	0.532587	0.522772	0.515112	0.520334	0.532068	0.533891	0.310955	0.34285	0.344621	0.343836	0.342387	0.364559	0.512376	0.495541	0.494713	0.504158	0.506291	0.500569	0.504562	0.492989	0.498658	0.485047	0.50401	0.501851
ERR630230	0.428727	0.431154	0.432633	0.431994	0.438724	0.427408	0.236124	0.249216	0.240661	0.25626	0	0.235727	0.454598	0.47261	0.453779	0.455742	0.451808	0.449444	0.418607	0.431457	0.42377	0.429113	0.422438	0.432702	0.539038	0.5179	0.519241	0.521627	0.534302	0.538179	0.456648	0.456394	0.456992	0.465306	0.454303	0.453431	0.464697	0.459616	0.468615	0.469622	0.463465	0.468358	0.440714	0.444463	0.434291	0.440751	0.439588	0.436956	0.519167	0.518316	0.530964	0.523828	0.525244	0.517904	0.431522	0.428731	0.436175	0.432639	0.434379	0.446996	0.337624	0.338471	0.334483	0.338219	0.327803	0.346144	0.449441	0.443704	0.441468	0.445617	0.438464	0.443449	0.507128	0.491598	0.486855	0.491037	0.503674	0.508383	0.311083	0.320635	0.320461	0.321419	0.320482	0.333315	0.498369	0.489961	0.4881	0.491621	0.493359	0.493409	0.4726	0.463356	0.465204	0.460221	0.472572	0.471928
ERR630234	0.428871	0.431171	0.430953	0.431993	0.437265	0.426655	0.234745	0.253209	0.241921	0.26179	0.235727	0	0.454887	0.474038	0.45335	0.455862	0.450987	0.449456	0.420104	0.430723	0.423264	0.428415	0.422149	0.431707	0.536326	0.515325	0.516512	0.518809	0.531455	0.535554	0.452483	0.452877	0.453665	0.462049	0.450925	0.45004	0.464256	0.458454	0.468042	0.468027	0.461552	0.467827	0.43973	0.443225	0.433887	0.439799	0.438719	0.436006	0.514927	0.513817	0.527483	0.520974	0.521827	0.514608	0.430192	0.425811	0.434227	0.429781	0.43125	0.44604	0.335797	0.336785	0.332591	0.336444	0.328599	0.34318	0.446573	0.440535	0.437974	0.442231	0.43543	0.439809	0.502542	0.486637	0.482088	0.485962	0.498601	0.503721	0.313809	0.319841	0.319533	0.32069	0.319616	0.331057	0.496414	0.489133	0.487319	0.489768	0.491669	0.492468	0.467517	0.458604	0.46021	0.456201	0.467702	0.467155
ERR608758	0.304008	0.305923	0.325423	0.306088	0.325155	0.314607	0.456244	0.456374	0.462361	0.453252	0.454598	0.454887	0	0.285895	0.258705	0.252961	0.261211	0.255457	0.309433	0.316818	0.309879	0.315343	0.308134	0.321786	0.353433	0.344166	0.351781	0.347183	0.355201	0.35269	0.459381	0.453922	0.45544	0.459257	0.452685	0.452625	0.300378	0.313793	0.304183	0.329872	0.330997	0.303302	0.323926	0.327813	0.320184	0.323865	0.322467	0.32348	0.51821	0.517176	0.525702	0.52514	0.522033	0.526145	0.441091	0.452988	0.448979	0.454121	0.458334	0.448639	0.417063	0.416957	0.417809	0.416357	0.411224	0.428385	0.478239	0.475462	0.474308	0.47447	0.474577	0.474094	0.514453	0.509193	0.504709	0.507435	0.513476	0.514938	0.431883	0.425801	0.427214	0.426253	0.426359	0.432834	0.502251	0.491735	0.490443	0.497192	0.498016	0.49431	0.49938	0.49512	0.497732	0.493084	0.498926	0.496817
ERR608757	0.347145	0.352575	0.378302	0.354195	0.382591	0.3637	0.475342	0.462174	0.472577	0.456728	0.47261	0.474038	0.285895	0	0.314267	0.288765	0.319224	0.307537	0.325986	0.374546	0.360719	0.372462	0.358675	0.380407	0.393043	0.384703	0.400834	0.391042	0.401217	0.392769	0.499971	0.483338	0.487724	0.490852	0.481662	0.482183	0.346235	0.367347	0.354856	0.390396	0.388093	0.352807	0.373291	0.380741	0.363322	0.373265	0.371136	0.369406	0.546351	0.545359	0.544184	0.537144	0.539391	0.532245	0.480267	0.50045	0.493515	0.501973	0.50705	0.485791	0.453887	0.45371	0.454307	0.452983	0.427037	0.470209	0.492642	0.48974	0.488613	0.493817	0.487602	0.49272	0.543153	0.54215	0.533148	0.537852	0.54525	0.543518	0.445852	0.458019	0.45968	0.45871	0.458486	0.470631	0.540947	0.522335	0.522225	0.53438	0.535021	0.527068	0.531494	0.521896	0.530419	0.513593	0.530605	0.527042
ERR608760	0.297893	0.296505	0.308065	0.29591	0.304544	0.301412	0.454508	0.46226	0.464806	0.460398	0.453779	0.45335	0.258705	0.314267	0	0.256964	0.247001	0.248755	0.31761	0.297744	0.296359	0.296824	0.295735	0.301557	0.346331	0.336392	0.337582	0.337118	0.343324	0.345567	0.446826	0.44918	0.448759	0.453224	0.44829	0.447654	0.293669	0.298482	0.29371	0.307128	0.310011	0.293198	0.309655	0.310328	0.31065	0.309185	0.308928	0.31156	0.511498	0.510552	0.525571	0.528577	0.522355	0.531473	0.431642	0.435802	0.43537	0.436834	0.439636	0.440522	0.407761	0.407737	0.408409	0.407416	0.414353	0.414912	0.480997	0.478298	0.476805	0.474861	0.477782	0.474391	0.507614	0.499303	0.497903	0.499082	0.50421	0.50811	0.434239	0.418196	0.419575	0.418633	0.418816	0.4212	0.490756	0.486248	0.484455	0.4863	0.487486	0.487613	0.490027	0.489048	0.488169	0.491014	0.490117	0.48932
ERR608762	0.303302	0.304932	0.323269	0.30533	0.322953	0.312869	0.457068	0.458209	0.463588	0.455425	0.455742	0.455862	0.252961	0.288765	0.256964	0	0.259283	0.255573	0.310342	0.315659	0.308195	0.314196	0.307682	0.320578	0.351869	0.342646	0.349944	0.345772	0.353381	0.351312	0.45831	0.45356	0.454674	0.458817	0.452293	0.452172	0.299657	0.312345	0.303531	0.327727	0.328517	0.302826	0.322573	0.326117	0.319171	0.32218	0.321102	0.322025	0.517234	0.516174	0.525286	0.525085	0.521802	0.525445	0.441215	0.451737	0.4485	0.452921	0.456913	0.448828	0.416863	0.416815	0.417651	0.41628	0.411854	0.427862	0.478918	0.47616	0.474683	0.474728	0.475033	0.474419	0.513593	0.508193	0.503809	0.506292	0.512148	0.514102	0.432689	0.425542	0.427006	0.426161	0.426165	0.43216	0.501362	0.491741	0.490516	0.496174	0.497037	0.494386	0.498315	0.494373	0.49679	0.492708	0.49783	0.495992
ERR608761	0.296843	0.294891	0.303644	0.29429	0.300247	0.298169	0.452004	0.461227	0.462758	0.460184	0.451808	0.450987	0.261211	0.319224	0.247001	0.259283	0	0.248602	0.31701	0.293894	0.292945	0.292958	0.292315	0.297119	0.347811	0.336497	0.336264	0.336907	0.343738	0.347054	0.446741	0.45071	0.450016	0.454993	0.44973	0.449128	0.29288	0.29534	0.292964	0.302656	0.305163	0.292712	0.30574	0.305808	0.307264	0.305169	0.305099	0.307633	0.512558	0.511836	0.52822	0.531296	0.525079	0.533942	0.432876	0.434312	0.435306	0.435288	0.437877	0.442441	0.406097	0.406023	0.406457	0.405619	0.414496	0.411975	0.482976	0.480159	0.478418	0.476512	0.479598	0.475772	0.50886	0.499297	0.498331	0.499362	0.504757	0.509454	0.433098	0.416101	0.417306	0.416575	0.416752	0.418594	0.491311	0.488247	0.486256	0.487189	0.488347	0.489362	0.489788	0.489178	0.487475	0.491708	0.490024	0.489529
ERR608759	0.296168	0.295772	0.30823	0.295339	0.305931	0.300757	0.450366	0.45693	0.45984	0.455047	0.449444	0.449456	0.255457	0.307537	0.248755	0.255573	0.248602	0	0.311558	0.298137	0.294941	0.297093	0.293834	0.30165	0.349945	0.338272	0.340612	0.340073	0.347572	0.348993	0.449619	0.450786	0.450801	0.455515	0.449784	0.449249	0.293323	0.299251	0.294683	0.309896	0.311728	0.29434	0.308258	0.309938	0.307842	0.307838	0.307642	0.309252	0.513869	0.512934	0.526991	0.528886	0.52358	0.530941	0.433897	0.438657	0.438046	0.439906	0.443031	0.443117	0.406422	0.406339	0.406714	0.405977	0.410173	0.414254	0.480959	0.478144	0.476556	0.475096	0.477124	0.474721	0.510638	0.502089	0.500042	0.501661	0.507578	0.511334	0.429015	0.415634	0.416994	0.41621	0.416261	0.419828	0.494114	0.488497	0.486648	0.489511	0.490468	0.490212	0.492184	0.490175	0.489715	0.491428	0.492216	0.491305
ERR608647	0.288176	0.294767	0.315205	0.296118	0.321893	0.299395	0.421177	0.414095	0.418464	0.413912	0.418607	0.420104	0.309433	0.325986	0.31761	0.310342	0.31701	0.311558	0	0.285632	0.267715	0.2828	0.265164	0.291789	0.419446	0.399834	0.407191	0.40389	0.418988	0.419265	0.497302	0.496534	0.497587	0.504868	0.494728	0.494097	0.313411	0.319636	0.321738	0.342036	0.336493	0.319974	0.307865	0.317053	0.295957	0.307862	0.305619	0.302781	0.573729	0.572697	0.583701	0.578994	0.578841	0.573023	0.474	0.475916	0.479828	0.47819	0.481495	0.486863	0.413578	0.413988	0.411396	0.413498	0.398904	0.425485	0.522	0.51725	0.514892	0.518599	0.513939	0.517181	0.568519	0.55692	0.552459	0.555397	0.565464	0.569453	0.38948	0.403855	0.405526	0.404837	0.404126	0.41878	0.536893	0.528224	0.526142	0.530829	0.53216	0.531339	0.54313	0.536207	0.537808	0.534141	0.543219	0.54204
ERR608650	0.286971	0.284441	0.280116	0.28335	0.277658	0.278658	0.431015	0.448138	0.44365	0.450353	0.431457	0.430723	0.316818	0.374546	0.297744	0.315659	0.293894	0.298137	0.285632	0	0.237606	0.234528	0.239174	0.237136	0.373423	0.357023	0.35198	0.356461	0.36535	0.372609	0.455156	0.467027	0.464966	0.471772	0.46603	0.465032	0.299152	0.286319	0.297585	0.287751	0.287755	0.298115	0.279981	0.279013	0.283526	0.279556	0.280116	0.282465	0.532154	0.531429	0.553578	0.557387	0.550356	0.558983	0.44595	0.434514	0.443564	0.435974	0.436783	0.458775	0.398508	0.399021	0.396712	0.399036	0.416859	0.397876	0.504401	0.500554	0.498287	0.496183	0.499433	0.495195	0.526915	0.511977	0.513779	0.513663	0.520495	0.527656	0.416429	0.396185	0.397016	0.396594	0.396547	0.39753	0.506346	0.509933	0.506965	0.502998	0.50442	0.509915	0.500657	0.501163	0.496394	0.507126	0.501355	0.502347
ERR608652	0.279513	0.279644	0.279862	0.279013	0.280583	0.274882	0.423562	0.436393	0.433191	0.438661	0.42377	0.423264	0.309879	0.360719	0.296359	0.308195	0.292945	0.294941	0.267715	0.237606	0	0.236899	0.235352	0.24138	0.380264	0.361781	0.360116	0.36273	0.373667	0.379528	0.461972	0.470882	0.469404	0.476731	0.469677	0.46865	0.29549	0.286529	0.296815	0.294122	0.291353	0.296883	0.278764	0.280341	0.278326	0.27852	0.278219	0.278807	0.539317	0.538429	0.557929	0.559728	0.554485	0.558764	0.449828	0.44072	0.449497	0.442542	0.443862	0.463439	0.397026	0.39749	0.394921	0.397371	0.408243	0.399231	0.505555	0.501502	0.49902	0.498221	0.499488	0.497223	0.534141	0.519681	0.519751	0.520535	0.528539	0.535001	0.405059	0.392568	0.393563	0.393189	0.39313	0.397292	0.511353	0.512472	0.509779	0.507375	0.508669	0.51331	0.507483	0.506017	0.50286	0.509977	0.507998	0.508561
ERR608651	0.285908	0.283552	0.279773	0.282559	0.277638	0.277941	0.428594	0.44535	0.440909	0.447553	0.429113	0.428415	0.315343	0.372462	0.296824	0.314196	0.292958	0.297093	0.2828	0.234528	0.236899	0	0.238052	0.23706	0.374336	0.357341	0.35268	0.357177	0.366486	0.373716	0.455182	0.466617	0.464719	0.471542	0.465669	0.464589	0.298275	0.286295	0.297029	0.288498	0.288208	0.297853	0.279114	0.278397	0.282269	0.278631	0.279	0.281162	0.532517	0.53173	0.553473	0.556977	0.550124	0.558238	0.445724	0.434802	0.44371	0.436329	0.437165	0.458655	0.396916	0.397512	0.395062	0.397479	0.41437	0.396678	0.503543	0.499713	0.497509	0.495392	0.498406	0.494523	0.527375	0.512326	0.513758	0.513962	0.521121	0.527962	0.413663	0.394449	0.395281	0.394879	0.395072	0.396383	0.506441	0.509542	0.50663	0.503004	0.504533	0.509588	0.500844	0.501032	0.49652	0.506542	0.501534	0.502497
ERR608648	0.278448	0.278431	0.280747	0.27811	0.281436	0.274773	0.422646	0.434609	0.431744	0.436357	0.422438	0.422149	0.308134	0.358675	0.295735	0.307682	0.292315	0.293834	0.265164	0.239174	0.235352	0.238052	0	0.241695	0.381763	0.363649	0.362295	0.364583	0.375828	0.38121	0.46279	0.471239	0.470076	0.477301	0.470033	0.469084	0.295154	0.28715	0.296309	0.295223	0.293181	0.296618	0.278345	0.280514	0.277204	0.277979	0.27784	0.278429	0.540528	0.539721	0.558841	0.560483	0.555278	0.560041	0.4497	0.441635	0.449655	0.443309	0.444806	0.462986	0.396233	0.396665	0.394039	0.396463	0.406786	0.398879	0.505968	0.501854	0.49953	0.498969	0.500009	0.497757	0.5355	0.521191	0.52107	0.521882	0.530023	0.53624	0.40309	0.391609	0.392579	0.392164	0.392087	0.396802	0.511529	0.511818	0.509021	0.507351	0.50868	0.512605	0.509003	0.507405	0.50446	0.511065	0.509651	0.510031
ERR608649	0.293191	0.290718	0.280359	0.289622	0.278329	0.281503	0.431545	0.451496	0.445404	0.454023	0.432702	0.431707	0.321786	0.380407	0.301557	0.320578	0.297119	0.30165	0.291789	0.237136	0.24138	0.23706	0.241695	0	0.373181	0.354877	0.348631	0.354218	0.363782	0.372457	0.453292	0.466886	0.464148	0.471664	0.465649	0.464656	0.303339	0.287838	0.301741	0.287115	0.286649	0.302668	0.281286	0.278793	0.286073	0.280846	0.281886	0.283792	0.529036	0.528281	0.551965	0.555904	0.54863	0.556786	0.448347	0.434756	0.445194	0.436408	0.436678	0.461973	0.399691	0.400084	0.39723	0.400124	0.419359	0.397175	0.502968	0.499108	0.496801	0.49454	0.49755	0.493373	0.524882	0.508375	0.51047	0.51038	0.517897	0.525563	0.419998	0.397624	0.398002	0.398206	0.398211	0.397177	0.508806	0.513518	0.510332	0.505635	0.506839	0.513358	0.496651	0.497329	0.491831	0.503824	0.497546	0.498827
ERR618662	0.395072	0.391731	0.388164	0.389983	0.382179	0.391407	0.536544	0.555004	0.554342	0.552831	0.539038	0.536326	0.353433	0.393043	0.346331	0.351869	0.347811	0.349945	0.419446	0.373423	0.380264	0.374336	0.381763	0.373181	0	0.275607	0.278004	0.274134	0.269242	0.267547	0.44354	0.439163	0.439801	0.440391	0.439133	0.439139	0.358009	0.362399	0.355727	0.360765	0.366178	0.355899	0.393159	0.38703	0.402299	0.392871	0.394799	0.397908	0.463183	0.462888	0.474426	0.481813	0.472982	0.487966	0.45613	0.463838	0.459647	0.46384	0.46641	0.458564	0.470659	0.470109	0.472102	0.470213	0.48476	0.472101	0.455308	0.454519	0.454117	0.449838	0.456767	0.449799	0.463306	0.463456	0.461454	0.461376	0.462728	0.463253	0.533424	0.499106	0.498714	0.499388	0.499884	0.490564	0.514312	0.512603	0.51154	0.512672	0.512501	0.512964	0.459282	0.459973	0.462689	0.462609	0.458797	0.457207
ERR618658	0.381176	0.379201	0.367922	0.377631	0.365512	0.373313	0.515	0.534544	0.531438	0.533731	0.5179	0.515325	0.344166	0.384703	0.336392	0.342646	0.336497	0.338272	0.399834	0.357023	0.361781	0.357341	0.363649	0.354877	0.275607	0	0.268247	0.266841	0.27201	0.275067	0.438516	0.438494	0.43827	0.441692	0.43759	0.437637	0.34732	0.345787	0.346654	0.345064	0.346611	0.347136	0.374474	0.368277	0.383272	0.374502	0.376605	0.37789	0.465018	0.464258	0.480504	0.485231	0.478345	0.486641	0.455404	0.457949	0.457983	0.458677	0.460507	0.461644	0.456169	0.455808	0.45592	0.455925	0.468217	0.455802	0.453699	0.451214	0.450093	0.447738	0.451369	0.447042	0.467745	0.460968	0.459066	0.45992	0.465035	0.468305	0.514156	0.482974	0.481718	0.483578	0.483919	0.473907	0.51654	0.515415	0.513786	0.514172	0.514123	0.516328	0.454142	0.453093	0.454307	0.456178	0.454251	0.453406
ERR618657	0.382788	0.379494	0.363869	0.377436	0.359459	0.371924	0.515935	0.538952	0.534311	0.53858	0.519241	0.516512	0.351781	0.400834	0.337582	0.349944	0.336264	0.340612	0.407191	0.35198	0.360116	0.35268	0.362295	0.348631	0.278004	0.268247	0	0.265982	0.269847	0.277541	0.434057	0.439672	0.438063	0.441874	0.438871	0.43878	0.349936	0.343287	0.347068	0.337394	0.34029	0.347902	0.372045	0.363798	0.383083	0.371917	0.374499	0.376591	0.465554	0.465038	0.486188	0.492836	0.484231	0.49578	0.452565	0.450182	0.452469	0.450791	0.451941	0.459722	0.454326	0.453853	0.45399	0.454205	0.472707	0.450998	0.460175	0.457679	0.456329	0.452548	0.457942	0.451729	0.46811	0.458516	0.459329	0.458814	0.463577	0.468641	0.517451	0.481845	0.48042	0.482394	0.482801	0.470487	0.512181	0.514818	0.512903	0.510588	0.51046	0.514931	0.451966	0.453621	0.451556	0.459715	0.452505	0.452662
ERR618659	0.38221	0.379938	0.367812	0.377919	0.364178	0.373665	0.518493	0.539109	0.535621	0.538351	0.521627	0.518809	0.347183	0.391042	0.337118	0.345772	0.336907	0.340073	0.40389	0.356461	0.36273	0.357177	0.364583	0.354218	0.274134	0.266841	0.265982	0	0.26953	0.274156	0.437981	0.439754	0.439176	0.442436	0.438783	0.43895	0.348409	0.34535	0.346609	0.342708	0.344866	0.347098	0.3751	0.368188	0.384783	0.375004	0.377277	0.379032	0.46595	0.465481	0.483454	0.489035	0.481043	0.49117	0.455321	0.456483	0.45724	0.456789	0.45881	0.461673	0.457756	0.457369	0.457817	0.457585	0.472721	0.456576	0.45688	0.454587	0.453221	0.450499	0.45513	0.449477	0.468238	0.461212	0.460403	0.460302	0.46501	0.46868	0.518535	0.485287	0.484101	0.485804	0.486374	0.475482	0.5154	0.515769	0.514093	0.513634	0.513309	0.516283	0.454799	0.454813	0.455225	0.459282	0.454986	0.454459
ERR618660	0.392234	0.388298	0.379284	0.386333	0.373209	0.384952	0.531472	0.552475	0.550177	0.551231	0.534302	0.531455	0.355201	0.401217	0.343324	0.353381	0.343738	0.347572	0.418988	0.36535	0.373667	0.366486	0.375828	0.363782	0.269242	0.27201	0.269847	0.26953	0	0.269436	0.438022	0.438967	0.438342	0.440258	0.438917	0.438777	0.355218	0.354449	0.35173	0.349642	0.354716	0.352517	0.38619	0.378653	0.397127	0.385832	0.388375	0.39142	0.463074	0.462703	0.479413	0.487322	0.47787	0.492715	0.453702	0.456367	0.45511	0.456376	0.458251	0.457747	0.465341	0.464713	0.466183	0.464987	0.48297	0.464441	0.458464	0.456897	0.456117	0.451629	0.458927	0.451268	0.463875	0.460133	0.459831	0.459402	0.461251	0.464098	0.53073	0.494128	0.493519	0.494555	0.495102	0.483861	0.51088	0.511986	0.510474	0.50957	0.509359	0.511989	0.455197	0.457322	0.457382	0.462057	0.455179	0.454587
ERR618661	0.394102	0.390805	0.387256	0.389108	0.381377	0.390546	0.535814	0.554296	0.553506	0.551955	0.538179	0.535554	0.35269	0.392769	0.345567	0.351312	0.347054	0.348993	0.419265	0.372609	0.379528	0.373716	0.38121	0.372457	0.267547	0.275067	0.277541	0.274156	0.269436	0	0.442317	0.437934	0.438488	0.439283	0.437712	0.437979	0.357605	0.361817	0.355071	0.360059	0.365652	0.355419	0.392835	0.386599	0.401864	0.392431	0.394404	0.397481	0.462379	0.462036	0.473629	0.480952	0.472263	0.487091	0.455202	0.462732	0.458722	0.462605	0.46527	0.457447	0.469641	0.469077	0.471108	0.4692	0.483868	0.471078	0.454446	0.453419	0.453235	0.449013	0.455873	0.449071	0.462393	0.462589	0.460644	0.460768	0.46197	0.462596	0.532294	0.49802	0.497733	0.498421	0.498779	0.489603	0.512945	0.511295	0.510178	0.511251	0.511131	0.511705	0.458188	0.459253	0.461752	0.461565	0.457884	0.456304
ERR631209	0.469815	0.46561	0.458149	0.464459	0.452282	0.462894	0.452341	0.484001	0.478294	0.484392	0.456648	0.452483	0.459381	0.499971	0.446826	0.45831	0.446741	0.449619	0.497302	0.455156	0.461972	0.455182	0.46279	0.453292	0.44354	0.438516	0.434057	0.437981	0.438022	0.442317	0	0.265478	0.259968	0.264935	0.265731	0.264332	0.467325	0.463956	0.464169	0.458094	0.462293	0.465296	0.489701	0.483606	0.496517	0.489315	0.490758	0.492605	0.343539	0.34299	0.37456	0.387748	0.372444	0.396291	0.334669	0.333146	0.332499	0.333695	0.335118	0.341722	0.360429	0.359133	0.362061	0.359404	0.392774	0.355352	0.362221	0.361071	0.359631	0.350657	0.363165	0.351012	0.340564	0.330501	0.333858	0.331764	0.333497	0.340353	0.446142	0.391872	0.390698	0.39207	0.393052	0.373376	0.391142	0.397729	0.395412	0.390308	0.389913	0.397103	0.332623	0.338667	0.334201	0.348179	0.332627	0.333725
ERR631212	0.472994	0.469997	0.469723	0.469422	0.464896	0.471162	0.453397	0.477202	0.476071	0.475205	0.456394	0.452877	0.453922	0.483338	0.44918	0.45356	0.45071	0.450786	0.496534	0.467027	0.470882	0.466617	0.471239	0.466886	0.439163	0.438494	0.439672	0.439754	0.438967	0.437934	0.265478	0	0.253685	0.254517	0.252593	0.252308	0.470882	0.474295	0.4694	0.47304	0.477162	0.46992	0.500988	0.496858	0.505489	0.500735	0.501515	0.503107	0.335642	0.334997	0.346934	0.356308	0.34495	0.365924	0.333606	0.351896	0.341275	0.352421	0.35656	0.335829	0.36517	0.363784	0.368457	0.363952	0.382212	0.369709	0.337608	0.337559	0.337442	0.330494	0.340778	0.331852	0.331407	0.335273	0.330631	0.331607	0.33256	0.330944	0.439468	0.394394	0.39438	0.394736	0.395345	0.383289	0.395859	0.390574	0.38964	0.392783	0.392479	0.391994	0.337477	0.336699	0.342501	0.336189	0.335769	0.333368
ERR631207	0.473381	0.470091	0.468299	0.469451	0.463209	0.470554	0.454057	0.479711	0.477685	0.478216	0.456992	0.453665	0.45544	0.487724	0.448759	0.454674	0.450016	0.450801	0.497587	0.464966	0.469404	0.464719	0.470076	0.464148	0.439801	0.43827	0.438063	0.439176	0.438342	0.438488	0.259968	0.253685	0	0.254082	0.253914	0.253655	0.470732	0.472813	0.468845	0.470769	0.474878	0.469687	0.499747	0.49503	0.504621	0.499371	0.500323	0.501927	0.334685	0.334098	0.350724	0.361228	0.349078	0.370945	0.33168	0.346079	0.3372	0.346727	0.350367	0.335219	0.363904	0.36265	0.366782	0.362791	0.384368	0.366279	0.341759	0.341581	0.341341	0.33332	0.344468	0.334895	0.331424	0.332098	0.329297	0.329862	0.330746	0.330974	0.441535	0.394002	0.393676	0.39435	0.395065	0.38088	0.393884	0.391163	0.389931	0.391277	0.39084	0.392131	0.334218	0.335147	0.338339	0.336902	0.332913	0.330985
ERR631208	0.479372	0.475646	0.475928	0.474888	0.469895	0.477581	0.462767	0.486973	0.486261	0.4848	0.465306	0.462049	0.459257	0.490852	0.453224	0.458817	0.454993	0.455515	0.504868	0.471772	0.476731	0.471542	0.477301	0.471664	0.440391	0.441692	0.441874	0.442436	0.440258	0.439283	0.264935	0.254517	0.254082	0	0.255128	0.254995	0.475435	0.479305	0.473216	0.476937	0.482019	0.473983	0.506853	0.502196	0.511934	0.506561	0.507374	0.509723	0.334181	0.333969	0.34667	0.358065	0.345575	0.370525	0.331862	0.350733	0.338678	0.350746	0.354906	0.332391	0.370754	0.369383	0.374775	0.369393	0.39068	0.374721	0.341448	0.342276	0.34248	0.333637	0.345937	0.335575	0.329278	0.334459	0.330879	0.331493	0.330346	0.32931	0.448828	0.401327	0.401383	0.401461	0.402103	0.389201	0.392193	0.387249	0.386667	0.389814	0.389433	0.38872	0.337696	0.339079	0.343341	0.339719	0.335781	0.333906
ERR631211	0.471993	0.469309	0.468453	0.468607	0.464025	0.470171	0.451298	0.474852	0.473681	0.473171	0.454303	0.450925	0.452685	0.481662	0.44829	0.452293	0.44973	0.449784	0.494728	0.46603	0.469677	0.465669	0.470033	0.465649	0.439133	0.43759	0.438871	0.438783	0.438917	0.437712	0.265731	0.252593	0.253914	0.255128	0	0.252211	0.470209	0.473412	0.468859	0.472324	0.47613	0.469412	0.499705	0.495661	0.504209	0.499478	0.500306	0.501765	0.336229	0.335686	0.347415	0.355981	0.34545	0.365018	0.334442	0.35226	0.342076	0.352926	0.357139	0.337058	0.364204	0.362948	0.367298	0.363099	0.380425	0.368797	0.33721	0.336933	0.336854	0.33022	0.339778	0.331619	0.332234	0.335375	0.330359	0.33177	0.333181	0.331805	0.43779	0.393602	0.393243	0.393928	0.394407	0.382287	0.397312	0.39188	0.390972	0.394371	0.3941	0.39351	0.337315	0.33605	0.341668	0.335431	0.335467	0.333226
ERR631210	0.471091	0.468192	0.467377	0.467678	0.462943	0.469129	0.450424	0.474516	0.473088	0.472683	0.453431	0.45004	0.452625	0.482183	0.447654	0.452172	0.449128	0.449249	0.494097	0.465032	0.46865	0.464589	0.469084	0.464656	0.439139	0.437637	0.43878	0.43895	0.438777	0.437979	0.264332	0.252308	0.253655	0.254995	0.252211	0	0.469769	0.472654	0.468247	0.471639	0.475353	0.46891	0.498949	0.494735	0.503297	0.498586	0.499457	0.500985	0.336327	0.336052	0.348697	0.357248	0.346497	0.366294	0.333635	0.350843	0.341032	0.351502	0.355648	0.336589	0.363136	0.361748	0.366062	0.361783	0.379742	0.367252	0.337875	0.337973	0.337491	0.330818	0.340354	0.332127	0.332306	0.335025	0.330537	0.331489	0.33295	0.332069	0.436617	0.391999	0.391695	0.392191	0.392811	0.380498	0.396734	0.391827	0.390769	0.393711	0.393478	0.393238	0.336991	0.335978	0.341387	0.335665	0.335337	0.333111
ERR608102	0.301707	0.300588	0.314071	0.300936	0.312449	0.306616	0.465216	0.471965	0.474024	0.471215	0.464697	0.464256	0.300378	0.346235	0.293669	0.299657	0.29288	0.293323	0.313411	0.299152	0.29549	0.298275	0.295154	0.303339	0.358009	0.34732	0.349936	0.348409	0.355218	0.357605	0.467325	0.470882	0.470732	0.475435	0.470209	0.469769	0	0.254463	0.24755	0.268215	0.270679	0.247135	0.300681	0.302896	0.300205	0.300111	0.299959	0.30183	0.53566	0.53473	0.550331	0.552957	0.54711	0.554034	0.452504	0.453634	0.4549	0.454215	0.457358	0.461372	0.425212	0.425379	0.425699	0.424848	0.431108	0.432498	0.503639	0.500242	0.498741	0.49711	0.499691	0.496526	0.530495	0.521245	0.520032	0.52088	0.526577	0.531059	0.448258	0.435553	0.436627	0.436062	0.435984	0.439433	0.506843	0.50397	0.5019	0.502881	0.504078	0.504919	0.512789	0.512048	0.510741	0.514571	0.513038	0.512633
ERR608099	0.303643	0.300861	0.299226	0.300718	0.297797	0.29761	0.458732	0.472866	0.469546	0.474315	0.459616	0.458454	0.313793	0.367347	0.298482	0.312345	0.29534	0.299251	0.319636	0.286319	0.286529	0.286295	0.28715	0.287838	0.362399	0.345787	0.343287	0.34535	0.354449	0.361817	0.463956	0.474295	0.472813	0.479305	0.473412	0.472654	0.254463	0	0.252565	0.24796	0.248245	0.25332	0.28942	0.288353	0.292398	0.288851	0.289586	0.291202	0.535378	0.534576	0.556181	0.559264	0.55256	0.559422	0.457458	0.448525	0.456109	0.449545	0.451004	0.46923	0.42138	0.421839	0.420265	0.421554	0.435203	0.422777	0.508392	0.504263	0.502162	0.500765	0.503129	0.499465	0.530932	0.516629	0.517471	0.517559	0.524725	0.53165	0.448064	0.430402	0.430575	0.430882	0.430934	0.430646	0.512495	0.514744	0.511861	0.509198	0.510416	0.514868	0.507845	0.508064	0.504242	0.513361	0.508726	0.509365
ERR608104	0.304746	0.301111	0.313779	0.30122	0.30994	0.307431	0.469011	0.477979	0.479371	0.477035	0.468615	0.468042	0.304183	0.354856	0.29371	0.303531	0.292964	0.294683	0.321738	0.297585	0.296815	0.297029	0.296309	0.301741	0.355727	0.346654	0.347068	0.346609	0.35173	0.355071	0.464169	0.4694	0.468845	0.473216	0.468859	0.468247	0.24755	0.252565	0	0.262358	0.267283	0.245264	0.300968	0.301709	0.302417	0.300327	0.300289	0.303375	0.533306	0.532451	0.549365	0.553315	0.546212	0.55641	0.449448	0.449854	0.451017	0.45022	0.453024	0.457936	0.425571	0.425938	0.426362	0.425195	0.435637	0.43162	0.504527	0.501297	0.499967	0.497671	0.501495	0.496805	0.527333	0.518361	0.517834	0.518241	0.523178	0.527865	0.45314	0.436728	0.437895	0.437034	0.437037	0.439496	0.50289	0.501105	0.498966	0.499413	0.500787	0.501522	0.510896	0.511486	0.509074	0.514772	0.511152	0.510901
ERR608100	0.317572	0.312724	0.302937	0.311598	0.29795	0.306158	0.468021	0.487795	0.482459	0.489797	0.469622	0.468027	0.329872	0.390396	0.307128	0.327727	0.302656	0.309896	0.342036	0.287751	0.294122	0.288498	0.295223	0.287115	0.360765	0.345064	0.337394	0.342708	0.349642	0.360059	0.458094	0.47304	0.470769	0.476937	0.472324	0.471639	0.268215	0.24796	0.262358	0	0.244567	0.263992	0.295903	0.291164	0.303837	0.295348	0.29694	0.300008	0.529505	0.528855	0.554256	0.559782	0.551207	0.561439	0.455902	0.441758	0.451638	0.442518	0.442707	0.467779	0.425304	0.425715	0.424052	0.425616	0.447218	0.422273	0.510535	0.506635	0.504391	0.501617	0.506065	0.500154	0.525095	0.509366	0.512553	0.511359	0.51767	0.525804	0.462055	0.436445	0.43643	0.436823	0.436878	0.432617	0.507977	0.514668	0.511484	0.505785	0.506763	0.513729	0.50172	0.50431	0.498177	0.512352	0.502821	0.504252
ERR608101	0.316168	0.312992	0.298289	0.312158	0.297366	0.302743	0.461237	0.481432	0.474389	0.484199	0.463465	0.461552	0.330997	0.388093	0.310011	0.328517	0.305163	0.311728	0.336493	0.287755	0.291353	0.288208	0.293181	0.286649	0.366178	0.346611	0.34029	0.344866	0.354716	0.365652	0.462293	0.477162	0.474878	0.482019	0.47613	0.475353	0.270679	0.248245	0.267283	0.244567	0	0.268824	0.292416	0.288547	0.299295	0.291973	0.293767	0.295067	0.533161	0.532407	0.558115	0.561984	0.554691	0.561267	0.463433	0.447774	0.459558	0.449066	0.449061	0.476645	0.424958	0.425338	0.422593	0.425213	0.444321	0.421092	0.511485	0.507031	0.504441	0.502842	0.50545	0.501153	0.529696	0.512169	0.51475	0.514117	0.5219	0.530446	0.456454	0.433827	0.433198	0.434357	0.43432	0.430228	0.517169	0.523329	0.520176	0.514638	0.51555	0.523004	0.503256	0.504469	0.498668	0.512058	0.504504	0.506075
ERR608103	0.303839	0.300726	0.314136	0.300964	0.310587	0.307475	0.468912	0.477102	0.478776	0.47593	0.468358	0.467827	0.303302	0.352807	0.293198	0.302826	0.292712	0.29434	0.319974	0.298115	0.296883	0.297853	0.296618	0.302668	0.355899	0.347136	0.347902	0.347098	0.352517	0.355419	0.465296	0.46992	0.469687	0.473983	0.469412	0.46891	0.247135	0.25332	0.245264	0.263992	0.268824	0	0.301259	0.302581	0.302227	0.300431	0.300444	0.303555	0.534094	0.533343	0.549972	0.553539	0.546628	0.556522	0.450203	0.45099	0.451965	0.451337	0.45451	0.45844	0.425617	0.426017	0.426515	0.42544	0.43489	0.432129	0.50471	0.501436	0.500232	0.497859	0.501503	0.497174	0.528149	0.519352	0.518705	0.519115	0.524123	0.528715	0.4527	0.436917	0.438285	0.437477	0.437351	0.440016	0.503738	0.501527	0.499396	0.500032	0.501408	0.501996	0.511597	0.511944	0.510008	0.515219	0.511987	0.511665
ERR607649	0.302234	0.301172	0.297225	0.300702	0.298581	0.295075	0.439949	0.455546	0.449839	0.458021	0.440714	0.43973	0.323926	0.373291	0.309655	0.322573	0.30574	0.308258	0.307865	0.279981	0.278764	0.279114	0.278345	0.281286	0.393159	0.374474	0.372045	0.3751	0.38619	0.392835	0.489701	0.500988	0.499747	0.506853	0.499705	0.498949	0.300681	0.28942	0.300968	0.295903	0.292416	0.301259	0	0.238164	0.238241	0.235367	0.235508	0.237249	0.564883	0.564245	0.585904	0.58809	0.58224	0.587886	0.481174	0.46897	0.479162	0.470852	0.471349	0.494274	0.42178	0.422466	0.419127	0.422387	0.43619	0.420808	0.532572	0.528218	0.525907	0.52509	0.526476	0.523535	0.55888	0.542595	0.543759	0.5442	0.552327	0.559605	0.430546	0.416537	0.416702	0.416898	0.416652	0.419371	0.537631	0.539934	0.537135	0.53383	0.535455	0.540361	0.530615	0.529849	0.525394	0.535181	0.531474	0.532536
ERR607646	0.30662	0.30485	0.296168	0.304177	0.296165	0.296482	0.443174	0.461667	0.454839	0.464524	0.444463	0.443225	0.327813	0.380741	0.310328	0.326117	0.305808	0.309938	0.317053	0.279013	0.280341	0.278397	0.280514	0.278793	0.38703	0.368277	0.363798	0.368188	0.378653	0.386599	0.483606	0.496858	0.49503	0.502196	0.495661	0.494735	0.302896	0.288353	0.301709	0.291164	0.288547	0.302581	0.238164	0	0.242261	0.237953	0.238787	0.239487	0.557411	0.556785	0.58015	0.583309	0.576655	0.583569	0.478311	0.464314	0.475237	0.46618	0.466182	0.491542	0.421534	0.422299	0.418675	0.422172	0.439425	0.418803	0.528843	0.524476	0.522121	0.520665	0.522855	0.519259	0.552119	0.535052	0.536993	0.537041	0.544947	0.552794	0.436666	0.41827	0.418052	0.418692	0.418557	0.418625	0.53466	0.538697	0.535641	0.531301	0.53275	0.538731	0.523065	0.523194	0.517885	0.529719	0.524044	0.525482
ERR607645	0.296903	0.297289	0.29932	0.297771	0.302406	0.293444	0.43436	0.445658	0.441554	0.447933	0.434291	0.433887	0.320184	0.363322	0.31065	0.319171	0.307264	0.307842	0.295957	0.283526	0.278326	0.282269	0.277204	0.286073	0.402299	0.383272	0.383083	0.384783	0.397127	0.401864	0.496517	0.505489	0.504621	0.511934	0.504209	0.503297	0.300205	0.292398	0.302417	0.303837	0.299295	0.302227	0.238241	0.242261	0	0.238121	0.237251	0.23633	0.572892	0.572119	0.591554	0.592342	0.587659	0.590993	0.484184	0.474284	0.483717	0.476485	0.477326	0.497449	0.420658	0.421506	0.417883	0.421219	0.42984	0.422152	0.535722	0.531204	0.52891	0.529019	0.529013	0.527578	0.566415	0.551012	0.550863	0.552022	0.560495	0.5673	0.420842	0.413024	0.41355	0.413577	0.413306	0.41902	0.541645	0.541752	0.539072	0.537251	0.538869	0.542692	0.538374	0.536179	0.533047	0.540061	0.539115	0.539668
